Artocarpus altilis SDM files/Last interglacial/results (with bias file)/Artalt_5.asc
ncols         1201
nrows         481
xllcorner     119.99986351115
yllcorner     -15.00013864885
cellsize      0.041666667
NODATA_value  -9999
[rows 416 to 447 of 481, columns 216 to 287 of 1201]
-9999 -9999 -9999 -9999 -9999 -9999 -9999 -9999 -9999 -9999 -9999 -9999 -9999 -9999 -9999 -9999 -9999 -9999 -9999 -9999 -9999 -9999 -9999 -9999 -9999 -9999 -9999 -9999 -9999 -9999 -9999 -9999 -9999 -9999 -9999 -9999 -9999 -9999 -9999 -9999 -9999 -9999 -9999 -9999 -9999 -9999 -9999 -9999 3.83995E-1 3.69693E-1 3.54039E-1 3.40512E-1 3.40479E-1 3.30643E-1 3.37962E-1 3.27781E-1 3.19532E-1 3.20196E-1 3.12165E-1 3.19753E-1 3.09351E-1 3.13601E-1 3.12009E-1 3.14457E-1 3.14037E-1 3.14109E-1 3.10513E-1 3.00774E-1 3.01177E-1 2.98429E-1 2.98552E-1 2.93187E-1
-9999 -9999 -9999 -9999 -9999 -9999 -9999 -9999 -9999 -9999 -9999 -9999 -9999 -9999 -9999 -9999 -9999 -9999 -9999 -9999 -9999 -9999 -9999 -9999 -9999 -9999 -9999 -9999 -9999 -9999 -9999 -9999 -9999 -9999 -9999 -9999 -9999 -9999 -9999 -9999 -9999 -9999 -9999 -9999 4.06556E-1 3.92923E-1 3.89592E-1 3.6747E-1 3.60826E-1 3.68577E-1 3.44145E-1 3.33265E-1 3.29962E-1 3.26502E-1 3.21572E-1 3.1166E-1 3.14004E-1 3.15205E-1 3.07242E-1 3.06757E-1 3.04976E-1 2.97543E-1 2.97882E-1 2.97063E-1 2.94221E-1 2.97203E-1 2.95835E-1 2.91294E-1 2.82639E-1 2.80711E-1 2.87339E-1 2.85179E-1
-9999 -9999 -9999 -9999 -9999 -9999 -9999 -9999 -9999 -9999 -9999 -9999 -9999 -9999 -9999 -9999 -9999 -9999 -9999 -9999 -9999 -9999 -9999 -9999 -9999 -9999 -9999 -9999 -9999 -9999 -9999 -9999 -9999 -9999 -9999 -9999 -9999 5.2805E-1 5.02218E-1 4.73612E-1 4.67957E-1 -9999 -9999 4.01521E-1 3.94794E-1 3.74907E-1 3.65901E-1 3.562E-1 3.55467E-1 3.44497E-1 3.35705E-1 3.20012E-1 3.09012E-1 3.07379E-1 3.14231E-1 3.0655E-1 3.00692E-1 3.01718E-1 2.99984E-1 2.82391E-1 2.90072E-1 2.91188E-1 2.89731E-1 2.9383E-1 2.91079E-1 2.82356E-1 2.78145E-1 2.73325E-1 2.80727E-1 2.76194E-1 2.68615E-1 2.6788E-1
-9999 -9999 -9999 -9999 -9999 -9999 -9999 -9999 -9999 -9999 -9999 -9999 -9999 -9999 -9999 -9999 -9999 -9999 -9999 -9999 -9999 -9999 -9999 -9999 -9999 -9999 -9999 -9999 -9999 -9999 -9999 -9999 -9999 -9999 -9999 -9999 -9999 5.17284E-1 4.93036E-1 4.63928E-1 4.47481E-1 4.27031E-1 4.01915E-1 3.97602E-1 3.75102E-1 3.61267E-1 3.38678E-1 3.36479E-1 3.20007E-1 3.26387E-1 3.13423E-1 2.98097E-1 2.98148E-1 3.06318E-1 2.98091E-1 2.92101E-1 2.93431E-1 2.89601E-1 2.85834E-1 2.79983E-1 2.81633E-1 2.76804E-1 2.77873E-1 2.74241E-1 2.74191E-1 2.7351E-1 2.73049E-1 2.6022E-1 2.62148E-1 2.57913E-1 2.60787E-1 2.57521E-1
-9999 -9999 -9999 -9999 -9999 -9999 -9999 -9999 -9999 -9999 -9999 -9999 -9999 -9999 -9999 -9999 -9999 -9999 -9999 -9999 -9999 -9999 -9999 -9999 -9999 -9999 -9999 -9999 -9999 -9999 -9999 -9999 -9999 -9999 -9999 -9999 -9999 -9999 4.62149E-1 4.51433E-1 4.31148E-1 4.04349E-1 3.99382E-1 3.83936E-1 3.68673E-1 3.54349E-1 3.45202E-1 3.24297E-1 3.12234E-1 3.1453E-1 3.05198E-1 2.88633E-1 2.91315E-1 2.91791E-1 2.84221E-1 2.86755E-1 2.75925E-1 2.80575E-1 2.78677E-1 2.65695E-1 2.62704E-1 2.67142E-1 2.57877E-1 2.58325E-1 2.61809E-1 2.61404E-1 2.61845E-1 2.45649E-1 2.48651E-1 2.53693E-1 2.41941E-1 2.42799E-1
-9999 -9999 -9999 -9999 -9999 -9999 -9999 -9999 -9999 -9999 -9999 -9999 -9999 -9999 -9999 -9999 -9999 -9999 -9999 -9999 -9999 -9999 -9999 -9999 -9999 -9999 -9999 -9999 -9999 -9999 -9999 -9999 -9999 -9999 5.48058E-1 -9999 -9999 4.53095E-1 4.37295E-1 4.21476E-1 4.05777E-1 4.00596E-1 3.78523E-1 -9999 3.52472E-1 3.30562E-1 3.30552E-1 3.17907E-1 3.12945E-1 2.94181E-1 2.88286E-1 2.83839E-1 2.81179E-1 2.79879E-1 2.75514E-1 2.76453E-1 2.72174E-1 2.71499E-1 2.63091E-1 2.61206E-1 2.53355E-1 2.48373E-1 2.50965E-1 2.56106E-1 2.5436E-1 2.55565E-1 2.3949E-1 2.38202E-1 2.42749E-1 2.27845E-1 2.34735E-1 2.35539E-1
-9999 -9999 -9999 -9999 -9999 -9999 -9999 -9999 -9999 -9999 -9999 -9999 -9999 -9999 -9999 -9999 -9999 -9999 -9999 -9999 -9999 -9999 -9999 -9999 -9999 -9999 -9999 -9999 -9999 -9999 -9999 -9999 -9999 5.30034E-1 5.15774E-1 -9999 4.80279E-1 4.34866E-1 4.14839E-1 3.92665E-1 3.8851E-1 3.83208E-1 3.74715E-1 3.50365E-1 3.37602E-1 3.28254E-1 3.15477E-1 3.0124E-1 2.97503E-1 2.81603E-1 2.74288E-1 2.7058E-1 2.72326E-1 2.65143E-1 2.66166E-1 2.60695E-1 2.64248E-1 2.63166E-1 2.5888E-1 2.44313E-1 2.37631E-1 2.41995E-1 2.49771E-1 2.51415E-1 2.44923E-1 2.46367E-1 2.37694E-1 2.33956E-1 2.34669E-1 2.2196E-1 2.31984E-1 2.27851E-1
-9999 -9999 -9999 -9999 -9999 -9999 -9999 -9999 -9999 -9999 -9999 -9999 -9999 -9999 -9999 -9999 -9999 -9999 -9999 -9999 -9999 -9999 -9999 -9999 -9999 -9999 -9999 -9999 -9999 -9999 -9999 -9999 -9999 5.16304E-1 5.15351E-1 4.792E-1 4.67989E-1 4.37267E-1 4.14902E-1 3.88376E-1 3.66285E-1 3.75115E-1 3.55102E-1 3.37904E-1 3.25619E-1 3.13782E-1 3.0563E-1 2.96298E-1 2.84006E-1 2.8413E-1 2.67218E-1 2.57474E-1 2.57019E-1 2.56462E-1 2.50953E-1 2.54974E-1 2.58063E-1 2.51589E-1 2.48369E-1 2.33394E-1 2.31225E-1 2.32829E-1 2.40229E-1 2.49412E-1 2.37305E-1 2.35471E-1 2.21219E-1 2.20948E-1 2.20198E-1 2.19528E-1 2.21105E-1 2.20237E-1
-9999 -9999 -9999 -9999 -9999 -9999 -9999 -9999 -9999 -9999 -9999 -9999 -9999 -9999 -9999 -9999 -9999 -9999 -9999 -9999 -9999 -9999 -9999 -9999 -9999 -9999 -9999 -9999 -9999 -9999 -9999 -9999 5.27678E-1 5.01463E-1 4.78005E-1 4.52446E-1 4.41491E-1 4.17897E-1 3.96955E-1 3.85055E-1 3.57841E-1 3.38795E-1 3.36781E-1 3.16214E-1 3.11727E-1 3.00367E-1 2.89951E-1 2.7912E-1 2.68367E-1 2.64031E-1 2.59782E-1 2.40144E-1 2.57637E-1 2.53693E-1 2.62145E-1 2.52939E-1 2.53604E-1 2.44708E-1 2.4458E-1 2.38037E-1 2.25474E-1 2.28116E-1 2.36884E-1 2.28355E-1 2.32312E-1 2.25405E-1 2.14931E-1 2.13856E-1 2.16721E-1 2.12685E-1 2.10345E-1 2.11896E-1
-9999 -9999 -9999 -9999 -9999 -9999 -9999 -9999 -9999 -9999 -9999 -9999 -9999 -9999 -9999 -9999 -9999 -9999 -9999 -9999 -9999 -9999 -9999 -9999 -9999 -9999 -9999 -9999 -9999 -9999 -9999 -9999 5.11124E-1 4.90835E-1 4.52641E-1 4.37989E-1 4.18346E-1 4.0315E-1 3.89004E-1 3.65534E-1 3.57751E-1 3.40788E-1 3.19382E-1 2.99363E-1 2.98115E-1 2.89137E-1 2.80638E-1 2.72774E-1 2.66946E-1 2.56398E-1 2.45283E-1 2.38302E-1 2.54415E-1 2.51018E-1 2.47669E-1 2.45735E-1 2.38454E-1 2.34424E-1 2.27948E-1 2.30596E-1 2.16277E-1 2.18331E-1 2.26869E-1 2.2824E-1 2.13671E-1 2.15215E-1 2.12723E-1 2.04412E-1 2.0488E-1 2.00116E-1 2.05047E-1 2.02708E-1
-9999 -9999 -9999 -9999 -9999 -9999 -9999 -9999 -9999 -9999 -9999 -9999 -9999 -9999 -9999 -9999 -9999 -9999 -9999 -9999 -9999 -9999 -9999 -9999 -9999 -9999 -9999 -9999 -9999 -9999 -9999 -9999 4.98366E-1 4.77082E-1 4.41659E-1 4.19416E-1 4.12428E-1 3.8453E-1 3.62067E-1 3.52547E-1 3.41299E-1 3.2145E-1 3.12503E-1 2.97063E-1 2.8247E-1 2.76216E-1 2.74946E-1 2.64306E-1 2.62497E-1 2.48686E-1 2.34709E-1 2.32924E-1 2.47534E-1 2.44864E-1 2.40664E-1 2.33172E-1 2.31862E-1 2.23412E-1 2.22288E-1 2.23781E-1 2.15778E-1 2.2231E-1 2.19259E-1 2.23876E-1 2.11332E-1 2.1071E-1 2.08204E-1 2.00338E-1 1.942E-1 1.94945E-1 1.99404E-1 2.06858E-1
-9999 -9999 -9999 -9999 -9999 -9999 -9999 -9999 -9999 -9999 -9999 -9999 -9999 -9999 -9999 -9999 -9999 -9999 -9999 -9999 -9999 -9999 -9999 -9999 -9999 -9999 -9999 -9999 -9999 -9999 -9999 -9999 4.70735E-1 4.57663E-1 4.22752E-1 3.98295E-1 3.82933E-1 3.65647E-1 3.57042E-1 3.31754E-1 3.25175E-1 3.07685E-1 2.95327E-1 2.88186E-1 2.6402E-1 2.68472E-1 2.67885E-1 2.57508E-1 2.42777E-1 2.34807E-1 2.31808E-1 2.38815E-1 2.32935E-1 2.41663E-1 2.37418E-1 2.32515E-1 2.27536E-1 2.20324E-1 2.16031E-1 2.11907E-1 2.1188E-1 2.09561E-1 2.14328E-1 2.1434E-1 2.11661E-1 2.04919E-1 2.02036E-1 1.96171E-1 2.00306E-1 1.98158E-1 2.03171E-1 2.0186E-1
-9999 -9999 -9999 -9999 -9999 -9999 -9999 -9999 -9999 -9999 -9999 -9999 -9999 -9999 -9999 -9999 -9999 -9999 -9999 -9999 -9999 -9999 -9999 -9999 -9999 -9999 -9999 -9999 -9999 -9999 -9999 -9999 4.56645E-1 4.39018E-1 4.00284E-1 3.88872E-1 3.751E-1 3.60562E-1 3.37239E-1 3.22758E-1 3.04072E-1 2.90321E-1 2.7563E-1 2.78069E-1 2.63131E-1 2.69909E-1 2.54149E-1 2.36128E-1 2.21965E-1 2.24203E-1 2.21179E-1 2.32429E-1 2.27793E-1 2.32379E-1 2.25734E-1 2.22252E-1 2.19801E-1 2.21913E-1 2.03397E-1 2.05968E-1 2.04112E-1 2.0597E-1 2.1084E-1 2.11941E-1 2.01686E-1 1.9104E-1 1.99449E-1 1.91622E-1 1.9423E-1 1.95257E-1 1.92893E-1 1.92756E-1
-9999 -9999 -9999 -9999 -9999 -9999 -9999 -9999 -9999 -9999 -9999 -9999 -9999 -9999 -9999 -9999 -9999 -9999 -9999 -9999 -9999 -9999 -9999 -9999 -9999 -9999 -9999 -9999 -9999 -9999 -9999 -9999 4.50692E-1 4.28102E-1 3.98884E-1 3.85494E-1 3.67536E-1 3.58271E-1 3.28156E-1 3.10087E-1 3.08203E-1 2.74896E-1 2.68443E-1 2.56113E-1 2.58579E-1 2.51021E-1 2.38249E-1 2.32837E-1 2.29132E-1 2.25076E-1 2.2591E-1 2.26374E-1 2.19372E-1 2.1895E-1 2.15861E-1 2.08135E-1 2.13049E-1 2.13824E-1 2.02546E-1 1.95746E-1 1.96942E-1 1.99745E-1 1.9235E-1 2.04703E-1 1.95321E-1 1.94687E-1 1.88599E-1 1.83027E-1 1.87046E-1 1.94537E-1 1.91825E-1 1.94683E-1
-9999 -9999 -9999 -9999 -9999 -9999 -9999 -9999 -9999 -9999 -9999 -9999 -9999 -9999 -9999 -9999 -9999 -9999 -9999 -9999 -9999 -9999 -9999 -9999 -9999 -9999 -9999 -9999 -9999 -9999 -9999 4.59205E-1 4.3787E-1 4.16271E-1 3.96762E-1 3.78935E-1 3.57175E-1 3.38723E-1 3.2169E-1 3.12694E-1 2.90585E-1 2.71528E-1 2.65794E-1 2.52689E-1 2.39752E-1 2.37431E-1 2.29832E-1 2.33233E-1 2.24151E-1 2.24421E-1 2.19592E-1 2.10684E-1 2.14369E-1 2.23069E-1 2.11564E-1 2.14632E-1 2.06029E-1 2.03627E-1 1.99935E-1 1.92177E-1 1.95588E-1 1.86587E-1 1.89895E-1 1.98679E-1 1.99256E-1 1.8529E-1 1.93566E-1 1.90235E-1 1.80619E-1 1.88122E-1 1.91702E-1 1.94955E-1
-9999 -9999 -9999 -9999 -9999 -9999 -9999 -9999 -9999 -9999 -9999 -9999 -9999 -9999 -9999 -9999 -9999 -9999 -9999 -9999 -9999 -9999 -9999 -9999 -9999 -9999 -9999 5.71456E-1 5.33542E-1 5.13688E-1 4.79226E-1 4.51983E-1 4.34081E-1 3.98042E-1 3.87162E-1 3.68996E-1 3.37127E-1 3.1982E-1 3.12704E-1 2.93925E-1 2.71231E-1 2.69899E-1 2.61122E-1 2.53657E-1 2.40385E-1 2.35552E-1 2.29748E-1 2.20367E-1 2.21634E-1 2.1342E-1 2.00806E-1 1.98321E-1 2.11439E-1 2.16431E-1 2.1095E-1 2.12729E-1 2.03092E-1 1.98693E-1 2.01615E-1 1.88467E-1 1.90884E-1 1.84683E-1 1.87203E-1 1.94947E-1 1.94169E-1 1.90149E-1 1.97859E-1 1.88631E-1 1.76536E-1 1.89432E-1 1.80439E-1 1.84997E-1
-9999 -9999 -9999 -9999 -9999 -9999 -9999 -9999 -9999 -9999 -9999 -9999 -9999 -9999 -9999 -9999 -9999 -9999 -9999 -9999 -9999 -9999 -9999 -9999 -9999 -9999 -9999 5.59448E-1 5.29641E-1 5.08156E-1 4.75925E-1 4.42516E-1 4.15294E-1 3.86748E-1 3.62711E-1 3.43023E-1 3.21916E-1 3.10094E-1 2.91014E-1 2.85088E-1 2.65287E-1 2.51366E-1 2.55876E-1 2.41292E-1 2.25263E-1 2.27873E-1 2.20735E-1 2.14497E-1 2.1301E-1 2.02917E-1 2.03333E-1 2.00301E-1 2.08803E-1 2.08872E-1 2.10847E-1 2.06353E-1 2.04531E-1 1.99128E-1 1.97021E-1 1.98509E-1 1.8594E-1 1.88561E-1 1.88005E-1 1.9451E-1 1.903E-1 1.95397E-1 1.93674E-1 1.84454E-1 1.7493E-1 1.81385E-1 1.87733E-1 1.78407E-1
-9999 -9999 -9999 -9999 -9999 -9999 -9999 -9999 -9999 -9999 -9999 -9999 -9999 -9999 -9999 -9999 -9999 -9999 -9999 -9999 -9999 -9999 -9999 -9999 -9999 -9999 -9999 5.43631E-1 4.97549E-1 4.85542E-1 4.55398E-1 4.30149E-1 4.06829E-1 3.88843E-1 3.67981E-1 3.34786E-1 3.18095E-1 2.97602E-1 2.81696E-1 2.73884E-1 2.42473E-1 2.47847E-1 2.48844E-1 2.32655E-1 2.18153E-1 2.15876E-1 2.15168E-1 2.07513E-1 2.03579E-1 1.97623E-1 2.04647E-1 2.06029E-1 2.09344E-1 2.04107E-1 2.02064E-1 1.98185E-1 1.98926E-1 1.96167E-1 1.94111E-1 1.90701E-1 1.93094E-1 1.85002E-1 1.81535E-1 1.90046E-1 1.90275E-1 1.90318E-1 1.89343E-1 1.8815E-1 1.9118E-1 1.77049E-1 1.71976E-1 1.75437E-1
-9999 -9999 -9999 -9999 -9999 -9999 -9999 -9999 -9999 -9999 -9999 -9999 -9999 -9999 -9999 -9999 -9999 -9999 -9999 -9999 -9999 -9999 -9999 -9999 -9999 -9999 5.52987E-1 5.26825E-1 4.84839E-1 4.69432E-1 4.49263E-1 4.20278E-1 3.97312E-1 3.48808E-1 3.46268E-1 3.19235E-1 3.05921E-1 2.88266E-1 2.76788E-1 2.64013E-1 2.23549E-1 2.2508E-1 2.26674E-1 2.28045E-1 2.16526E-1 2.06418E-1 2.17138E-1 2.11067E-1 1.97595E-1 1.91444E-1 1.98657E-1 2.04684E-1 2.0544E-1 2.03623E-1 1.95877E-1 1.97404E-1 1.93249E-1 1.90585E-1 1.91079E-1 1.8505E-1 1.82221E-1 1.87246E-1 1.90885E-1 1.85876E-1 1.86748E-1 1.84979E-1 1.87298E-1 1.86974E-1 1.8157E-1 1.73743E-1 1.64016E-1 1.6977E-1
-9999 -9999 -9999 -9999 -9999 -9999 -9999 -9999 -9999 -9999 -9999 -9999 -9999 -9999 -9999 -9999 -9999 -9999 -9999 -9999 -9999 -9999 -9999 -9999 6.45366E-1 -9999 5.55531E-1 5.10636E-1 4.87171E-1 4.76895E-1 4.48305E-1 4.09471E-1 3.81615E-1 3.417E-1 3.42754E-1 3.0926E-1 2.98709E-1 2.85611E-1 2.67572E-1 2.45138E-1 2.04624E-1 1.92509E-1 2.10633E-1 2.06495E-1 2.11222E-1 2.0042E-1 2.11336E-1 2.04322E-1 1.91853E-1 1.86218E-1 2.03582E-1 2.01766E-1 1.9993E-1 1.96943E-1 1.93748E-1 1.9522E-1 1.94378E-1 1.85491E-1 1.81713E-1 1.87958E-1 1.84176E-1 1.89558E-1 1.87867E-1 1.86795E-1 1.88048E-1 1.89133E-1 1.86436E-1 1.79986E-1 1.77022E-1 1.69993E-1 1.71276E-1 1.73997E-1
-9999 -9999 -9999 -9999 -9999 -9999 -9999 -9999 -9999 -9999 -9999 -9999 -9999 -9999 -9999 -9999 -9999 -9999 -9999 -9999 -9999 -9999 -9999 -9999 6.27762E-1 5.81967E-1 5.31728E-1 5.00584E-1 4.96437E-1 4.61426E-1 4.24561E-1 4.0225E-1 3.69929E-1 3.53557E-1 3.27496E-1 3.11449E-1 2.9882E-1 2.78469E-1 2.67995E-1 2.51473E-1 2.08206E-1 1.90985E-1 1.84077E-1 1.92935E-1 2.09371E-1 2.00964E-1 2.0354E-1 1.98828E-1 1.89038E-1 1.96865E-1 1.96248E-1 1.93812E-1 1.98552E-1 1.97817E-1 1.90758E-1 1.90944E-1 1.84436E-1 1.87851E-1 1.88153E-1 1.77786E-1 1.77103E-1 1.81338E-1 1.86077E-1 1.85058E-1 1.8322E-1 1.81052E-1 1.78802E-1 1.79698E-1 1.74023E-1 1.7859E-1 1.77273E-1 1.74673E-1
-9999 -9999 -9999 -9999 -9999 -9999 -9999 -9999 -9999 -9999 -9999 -9999 -9999 -9999 -9999 -9999 -9999 -9999 -9999 -9999 -9999 -9999 -9999 -9999 6.17198E-1 5.80923E-1 5.48577E-1 5.10211E-1 4.76586E-1 4.51266E-1 4.24971E-1 3.93666E-1 3.62076E-1 3.40033E-1 3.26801E-1 3.06243E-1 2.91559E-1 2.7126E-1 2.58071E-1 2.51599E-1 2.23626E-1 1.92847E-1 1.77533E-1 1.79165E-1 1.83139E-1 1.93752E-1 1.96777E-1 1.90659E-1 1.93879E-1 1.91782E-1 1.88832E-1 1.90069E-1 1.91587E-1 1.92991E-1 1.91925E-1 1.87434E-1 1.87071E-1 1.78727E-1 1.82636E-1 1.79429E-1 1.81747E-1 1.8097E-1 1.78643E-1 1.79956E-1 1.79595E-1 1.78847E-1 1.69843E-1 1.72048E-1 1.66628E-1 1.68846E-1 1.6318E-1 1.65751E-1
-9999 -9999 -9999 -9999 -9999 -9999 -9999 -9999 -9999 -9999 -9999 -9999 -9999 -9999 -9999 -9999 -9999 -9999 -9999 -9999 -9999 -9999 -9999 -9999 -9999 5.68005E-1 5.51643E-1 -9999 4.60995E-1 4.39344E-1 4.11631E-1 3.78137E-1 3.59381E-1 3.3329E-1 3.13056E-1 2.96035E-1 2.80348E-1 2.5604E-1 2.50479E-1 2.45638E-1 2.35549E-1 2.05657E-1 1.83089E-1 1.80995E-1 1.98796E-1 1.97987E-1 1.87255E-1 1.9431E-1 1.87835E-1 1.88292E-1 1.95794E-1 1.94035E-1 1.87411E-1 1.89803E-1 1.85682E-1 1.86126E-1 1.77159E-1 1.78118E-1 1.79658E-1 1.81231E-1 1.76285E-1 1.74365E-1 1.73865E-1 1.74971E-1 1.80819E-1 1.68921E-1 1.54854E-1 1.69448E-1 1.66566E-1 1.72214E-1 1.70744E-1 1.72152E-1
-9999 -9999 -9999 -9999 -9999 -9999 -9999 -9999 -9999 -9999 -9999 -9999 -9999 -9999 -9999 -9999 -9999 -9999 -9999 -9999 -9999 -9999 -9999 -9999 -9999 -9999 -9999 -9999 -9999 4.21267E-1 3.97502E-1 3.71773E-1 3.54215E-1 3.24304E-1 3.06963E-1 2.88119E-1 2.67299E-1 2.45983E-1 2.44891E-1 2.36843E-1 2.32965E-1 2.19571E-1 2.04368E-1 2.00778E-1 1.99479E-1 1.7654E-1 1.72945E-1 1.86969E-1 1.8748E-1 1.85222E-1 1.82107E-1 1.8831E-1 1.85018E-1 1.82809E-1 1.83194E-1 1.81607E-1 1.72176E-1 1.78039E-1 1.73135E-1 1.73604E-1 1.73489E-1 1.69647E-1 1.65737E-1 1.74019E-1 1.73758E-1 1.69584E-1 1.6653E-1 1.64334E-1 1.59603E-1 1.69339E-1 1.74331E-1 1.70741E-1
-9999 -9999 -9999 -9999 -9999 -9999 -9999 -9999 -9999 -9999 -9999 -9999 -9999 -9999 -9999 -9999 -9999 -9999 -9999 -9999 -9999 -9999 -9999 -9999 -9999 -9999 -9999 -9999 -9999 -9999 3.87683E-1 3.6229E-1 3.44676E-1 3.1299E-1 2.93335E-1 2.81817E-1 2.62283E-1 2.43344E-1 2.32083E-1 2.19518E-1 2.19027E-1 2.12381E-1 2.08687E-1 1.88412E-1 1.85733E-1 1.76464E-1 1.77656E-1 1.80862E-1 1.92269E-1 1.78663E-1 1.69286E-1 1.83331E-1 1.82566E-1 1.82805E-1 1.84431E-1 1.79852E-1 1.71158E-1 1.7037E-1 1.69656E-1 1.70171E-1 1.6729E-1 1.68625E-1 1.67803E-1 1.76261E-1 1.74359E-1 1.76441E-1 1.62814E-1 1.58014E-1 1.58891E-1 1.61758E-1 1.71513E-1 1.62104E-1
-9999 -9999 -9999 -9999 -9999 -9999 -9999 -9999 -9999 -9999 -9999 -9999 -9999 -9999 -9999 -9999 -9999 -9999 -9999 -9999 -9999 -9999 -9999 -9999 -9999 -9999 -9999 -9999 -9999 4.05195E-1 3.74259E-1 3.5405E-1 3.36061E-1 3.04943E-1 2.88168E-1 2.7065E-1 2.4556E-1 2.34256E-1 2.24308E-1 2.08033E-1 2.11093E-1 2.17642E-1 2.15324E-1 1.93081E-1 1.77335E-1 1.70744E-1 1.77342E-1 1.84159E-1 1.84537E-1 1.74458E-1 1.50142E-1 1.70168E-1 1.74139E-1 1.79511E-1 1.73847E-1 1.75206E-1 1.79548E-1 1.7491E-1 1.64056E-1 1.60636E-1 1.63691E-1 1.69589E-1 1.68708E-1 1.70618E-1 1.74217E-1 1.75074E-1 1.68927E-1 1.55714E-1 1.55547E-1 1.69201E-1 1.719E-1 1.68597E-1
-9999 -9999 -9999 -9999 -9999 -9999 -9999 -9999 -9999 -9999 -9999 -9999 -9999 -9999 -9999 -9999 -9999 -9999 -9999 -9999 -9999 -9999 -9999 -9999 -9999 -9999 -9999 -9999 4.04852E-1 3.96499E-1 3.67061E-1 3.49384E-1 3.21128E-1 3.0584E-1 2.89449E-1 2.70729E-1 2.44796E-1 2.33212E-1 2.23141E-1 2.10251E-1 2.08502E-1 2.09987E-1 2.06594E-1 1.68241E-1 1.58434E-1 1.60554E-1 1.72496E-1 1.81588E-1 1.68258E-1 1.80048E-1 1.46178E-1 1.59898E-1 1.74906E-1 1.73107E-1 1.732E-1 1.78416E-1 1.78593E-1 1.70166E-1 1.61359E-1 1.5888E-1 1.70716E-1 1.74463E-1 1.67283E-1 1.67009E-1 1.67853E-1 1.72233E-1 1.67115E-1 1.57429E-1 1.57732E-1 1.65968E-1 1.69913E-1 1.72825E-1
-9999 -9999 -9999 -9999 -9999 -9999 -9999 -9999 -9999 -9999 -9999 -9999 -9999 -9999 -9999 -9999 -9999 -9999 -9999 -9999 -9999 6.69436E-1 -9999 -9999 -9999 -9999 -9999 4.529E-1 4.09008E-1 3.81641E-1 3.62691E-1 3.41609E-1 3.15167E-1 2.99424E-1 2.81635E-1 2.61981E-1 2.37921E-1 2.28188E-1 2.29349E-1 2.20906E-1 2.15555E-1 2.01394E-1 1.98447E-1 1.78568E-1 1.60618E-1 1.645E-1 1.77739E-1 1.74288E-1 1.69532E-1 1.66931E-1 1.57307E-1 1.53529E-1 1.58761E-1 1.60304E-1 1.67385E-1 1.76164E-1 1.7079E-1 1.64522E-1 1.59896E-1 1.65155E-1 1.69745E-1 1.71271E-1 1.65588E-1 1.58167E-1 1.62289E-1 1.71484E-1 1.66973E-1 1.57954E-1 1.62801E-1 1.67285E-1 1.6318E-1 1.67588E-1
-9999 -9999 -9999 -9999 -9999 -9999 -9999 -9999 -9999 -9999 -9999 -9999 -9999 -9999 -9999 -9999 -9999 -9999 -9999 -9999 6.91261E-1 6.54688E-1 -9999 -9999 -9999 4.98034E-1 4.68108E-1 4.2723E-1 3.99228E-1 3.83156E-1 3.55066E-1 3.35417E-1 3.15273E-1 3.01675E-1 2.74598E-1 2.55616E-1 2.43746E-1 2.34781E-1 2.16856E-1 2.20335E-1 2.16298E-1 1.99513E-1 1.92086E-1 1.90149E-1 1.70782E-1 1.68141E-1 1.74782E-1 1.70539E-1 1.64196E-1 1.59356E-1 1.59511E-1 1.59751E-1 1.58993E-1 1.50823E-1 1.66011E-1 1.69053E-1 1.6984E-1 1.71493E-1 1.72698E-1 1.62865E-1 1.66026E-1 1.64932E-1 1.58133E-1 1.61841E-1 1.63207E-1 1.69212E-1 1.69276E-1 1.58989E-1 1.63331E-1 1.61962E-1 1.53864E-1 1.54555E-1
-9999 -9999 -9999 -9999 -9999 -9999 -9999 -9999 -9999 -9999 -9999 -9999 -9999 -9999 -9999 -9999 -9999 -9999 -9999 7.31668E-1 6.83967E-1 6.37532E-1 5.88049E-1 5.59066E-1 5.31427E-1 4.84985E-1 4.55537E-1 4.13929E-1 3.7457E-1 3.76269E-1 3.51178E-1 3.26213E-1 3.09961E-1 2.80228E-1 2.68677E-1 2.50206E-1 2.49623E-1 2.30111E-1 2.16211E-1 2.2115E-1 2.12569E-1 2.00711E-1 1.93396E-1 1.87259E-1 1.76654E-1 1.74212E-1 1.75227E-1 1.66695E-1 1.6465E-1 1.52862E-1 1.61073E-1 1.52507E-1 1.72395E-1 1.54724E-1 1.56641E-1 1.65157E-1 1.62509E-1 1.65882E-1 1.57568E-1 1.53908E-1 1.59824E-1 1.58955E-1 1.57785E-1 1.58391E-1 1.6215E-1 1.64784E-1 1.68992E-1 1.47968E-1 1.5176E-1 1.51677E-1 1.59436E-1 1.58166E-1
-9999 -9999 -9999 -9999 -9999 -9999 -9999 -9999 -9999 -9999 -9999 -9999 -9999 -9999 -9999 -9999 -9999 -9999 -9999 7.03212E-1 6.62452E-1 5.85078E-1 5.83095E-1 5.5966E-1 5.21112E-1 4.75159E-1 4.5488E-1 4.15866E-1 3.63242E-1 3.54709E-1 3.32125E-1 3.19854E-1 3.05971E-1 2.85695E-1 2.70091E-1 2.54252E-1 2.42567E-1 2.31665E-1 2.24291E-1 2.16515E-1 2.1262E-1 2.02965E-1 1.88005E-1 1.70673E-1 1.71728E-1 1.74804E-1 1.69619E-1 1.6792E-1 1.68427E-1 1.71114E-1 1.70688E-1 1.52671E-1 1.65121E-1 1.64218E-1 1.56247E-1 1.65249E-1 1.63097E-1 1.60953E-1 1.60185E-1 1.52243E-1 1.53061E-1 1.4724E-1 1.49625E-1 1.49294E-1 1.56057E-1 1.63844E-1 1.51392E-1 1.52485E-1 1.4665E-1 1.43785E-1 1.41875E-1 1.5171E-1
-9999 -9999 -9999 -9999 -9999 -9999 -9999 -9999 -9999 -9999 -9999 -9999 -9999 -9999 -9999 -9999 -9999 -9999 -9999 6.99839E-1 6.31869E-1 5.68589E-1 5.6518E-1 5.38991E-1 4.99946E-1 4.72003E-1 4.33715E-1 4.05243E-1 3.666E-1 3.44964E-1 3.28669E-1 3.16025E-1 2.99076E-1 2.81186E-1 2.64142E-1 2.49548E-1 2.36325E-1 2.29487E-1 2.21467E-1 2.17236E-1 2.0603E-1 1.97383E-1 1.74395E-1 1.66835E-1 1.74185E-1 1.70835E-1 1.71413E-1 1.65541E-1 1.74831E-1 1.75984E-1 1.69745E-1 1.71377E-1 1.7493E-1 1.63824E-1 1.57312E-1 1.65481E-1 1.69014E-1 1.69175E-1 1.68191E-1 1.49813E-1 1.43792E-1 1.47642E-1 1.43882E-1 1.41154E-1 1.50351E-1 1.56278E-1 1.51298E-1 1.57172E-1 1.42421E-1 1.45929E-1 1.49176E-1 1.55007E-1
