Artocarpus altilis SDM files/Last interglacial/results (with bias file)/Artalt_9.asc
ncols         1201
nrows         481
xllcorner     119.99986351115
yllcorner     -15.00013864885
cellsize      0.041666667
NODATA_value  -9999
[rows 320 to 351 of 481, columns 648 to 719 of 1201]
1.05558E-1 1.32835E-1 1.31702E-1 1.09187E-1 8.65124E-2 6.57723E-2 6.42775E-2 7.74185E-2 6.28573E-2 6.12147E-2 8.59576E-2 1.04541E-1 1.94533E-1 2.42873E-1 2.7353E-1 2.76965E-1 2.69181E-1 3.02048E-1 3.33322E-1 3.65931E-1 3.71885E-1 4.18872E-1 4.4221E-1 4.60514E-1 4.59201E-1 4.87288E-1 4.97604E-1 5.00065E-1 4.97912E-1 -9999 -9999 -9999 -9999 -9999 -9999 -9999 -9999 -9999 -9999 -9999 -9999 -9999 -9999 -9999 -9999 -9999 -9999 -9999 -9999 -9999 -9999 -9999 -9999 -9999 -9999 -9999 -9999 -9999 -9999 -9999 -9999 -9999 -9999 -9999 -9999 -9999 -9999 -9999 -9999 -9999 -9999 -9999
1.46233E-1 1.00111E-1 8.49215E-2 7.87107E-2 6.71019E-2 6.26362E-2 6.24861E-2 7.0637E-2 5.80968E-2 5.79662E-2 7.27333E-2 7.50167E-2 1.71495E-1 2.40304E-1 2.29762E-1 2.33887E-1 2.78441E-1 3.18548E-1 3.35721E-1 3.63116E-1 3.99256E-1 4.06366E-1 4.26066E-1 4.35877E-1 4.472E-1 4.65493E-1 4.7696E-1 5.02014E-1 5.02559E-1 -9999 -9999 -9999 -9999 -9999 -9999 -9999 -9999 -9999 -9999 -9999 -9999 -9999 -9999 -9999 -9999 -9999 -9999 -9999 -9999 -9999 -9999 -9999 -9999 -9999 -9999 -9999 -9999 -9999 -9999 -9999 -9999 -9999 -9999 -9999 -9999 -9999 -9999 -9999 -9999 -9999 -9999 -9999
1.61294E-1 1.54772E-1 1.05309E-1 8.39328E-2 7.55745E-2 7.06888E-2 6.88889E-2 6.25929E-2 5.6965E-2 5.67361E-2 5.65403E-2 7.03747E-2 1.31656E-1 1.88333E-1 2.04837E-1 1.40888E-1 1.86546E-1 2.64705E-1 3.06906E-1 3.45292E-1 3.89077E-1 3.90776E-1 4.09493E-1 4.21098E-1 4.35027E-1 4.5346E-1 4.65733E-1 4.75526E-1 4.84831E-1 -9999 -9999 -9999 -9999 -9999 -9999 -9999 -9999 -9999 -9999 -9999 -9999 -9999 -9999 -9999 -9999 -9999 -9999 -9999 -9999 -9999 -9999 -9999 -9999 -9999 -9999 -9999 -9999 -9999 -9999 -9999 -9999 -9999 -9999 -9999 -9999 -9999 -9999 -9999 -9999 -9999 -9999 -9999
1.11875E-1 9.64085E-2 8.55968E-2 8.14281E-2 8.64958E-2 9.09539E-2 6.92683E-2 6.2419E-2 5.71919E-2 5.88485E-2 5.85655E-2 7.13693E-2 1.12275E-1 1.62239E-1 1.69575E-1 9.66013E-2 1.41012E-1 2.19357E-1 2.87834E-1 3.52758E-1 3.63312E-1 3.75957E-1 3.95524E-1 4.07481E-1 4.20442E-1 4.36838E-1 4.53795E-1 4.611E-1 4.77364E-1 4.91259E-1 -9999 -9999 -9999 -9999 -9999 -9999 -9999 -9999 -9999 -9999 -9999 -9999 -9999 -9999 -9999 -9999 -9999 -9999 -9999 -9999 -9999 -9999 -9999 -9999 -9999 -9999 -9999 -9999 -9999 -9999 -9999 -9999 -9999 -9999 -9999 -9999 -9999 -9999 -9999 -9999 -9999 -9999
1.8568E-1 1.35774E-1 1.09653E-1 9.23887E-2 8.14484E-2 9.53927E-2 7.09151E-2 6.19851E-2 5.97246E-2 7.13963E-2 7.1635E-2 6.22728E-2 9.78051E-2 1.33305E-1 1.34732E-1 8.09211E-2 1.48419E-1 1.7541E-1 2.7749E-1 3.29776E-1 3.49949E-1 3.89515E-1 3.77635E-1 3.92378E-1 4.10127E-1 4.28664E-1 4.42299E-1 4.52604E-1 4.68284E-1 4.76519E-1 -9999 -9999 -9999 -9999 -9999 -9999 -9999 -9999 -9999 -9999 -9999 -9999 -9999 -9999 -9999 -9999 -9999 -9999 -9999 -9999 -9999 -9999 -9999 -9999 -9999 -9999 -9999 -9999 -9999 -9999 -9999 -9999 -9999 -9999 -9999 -9999 -9999 -9999 -9999 -9999 -9999 -9999
1.35536E-1 1.67379E-1 1.46983E-1 1.19046E-1 8.41388E-2 9.54467E-2 9.11827E-2 6.53974E-2 6.08315E-2 6.31144E-2 8.12046E-2 9.52853E-2 1.18048E-1 1.91613E-1 1.14351E-1 8.54652E-2 1.20746E-1 2.00125E-1 2.78214E-1 2.83283E-1 3.76529E-1 3.5864E-1 3.65726E-1 3.96466E-1 4.12177E-1 4.21429E-1 4.22214E-1 4.37381E-1 4.51713E-1 4.72122E-1 -9999 -9999 -9999 -9999 -9999 -9999 -9999 -9999 -9999 -9999 -9999 -9999 -9999 -9999 -9999 -9999 -9999 -9999 -9999 -9999 -9999 -9999 -9999 -9999 -9999 -9999 -9999 -9999 -9999 -9999 -9999 -9999 -9999 -9999 -9999 -9999 -9999 -9999 -9999 -9999 -9999 -9999
1.35564E-1 1.09732E-1 1.2953E-1 1.11802E-1 9.0674E-2 8.97856E-2 1.06307E-1 6.72644E-2 6.54542E-2 5.92781E-2 6.78593E-2 7.67252E-2 1.2589E-1 1.96004E-1 1.80421E-1 1.00525E-1 1.25043E-1 1.86006E-1 2.78365E-1 2.38877E-1 3.23166E-1 3.63168E-1 3.59628E-1 4.15008E-1 4.06942E-1 3.86849E-1 4.15783E-1 4.16898E-1 4.30513E-1 4.51634E-1 -9999 -9999 -9999 -9999 -9999 -9999 -9999 -9999 -9999 -9999 -9999 -9999 -9999 -9999 -9999 -9999 -9999 -9999 -9999 -9999 -9999 -9999 -9999 -9999 -9999 -9999 -9999 -9999 -9999 -9999 -9999 -9999 -9999 -9999 -9999 -9999 -9999 -9999 -9999 -9999 -9999 -9999
1.85597E-1 1.18277E-1 9.51108E-2 8.5341E-2 7.99714E-2 9.52471E-2 1.10794E-1 6.94017E-2 7.87988E-2 6.03126E-2 6.11578E-2 7.67486E-2 1.09655E-1 1.94769E-1 2.72573E-1 1.73675E-1 2.09263E-1 2.32575E-1 2.31103E-1 2.18027E-1 3.12526E-1 3.33752E-1 4.00287E-1 3.65706E-1 4.00751E-1 4.19855E-1 4.36074E-1 3.97142E-1 4.40756E-1 4.3176E-1 4.43911E-1 -9999 -9999 -9999 -9999 -9999 -9999 -9999 -9999 -9999 -9999 -9999 -9999 -9999 -9999 -9999 -9999 -9999 -9999 -9999 -9999 -9999 -9999 -9999 -9999 -9999 -9999 -9999 -9999 -9999 -9999 -9999 -9999 -9999 -9999 -9999 -9999 -9999 -9999 -9999 -9999 -9999
2.16533E-1 1.69623E-1 1.40844E-1 8.80383E-2 8.53534E-2 9.04794E-2 1.20037E-1 8.69207E-2 9.32352E-2 5.83629E-2 5.7487E-2 6.4059E-2 1.06708E-1 1.39726E-1 2.02913E-1 3.04208E-1 1.84035E-1 1.31144E-1 1.701E-1 2.33465E-1 2.60132E-1 3.38686E-1 3.70417E-1 4.11129E-1 4.24802E-1 4.30598E-1 4.06112E-1 3.91103E-1 4.2407E-1 4.04674E-1 4.21472E-1 4.5754E-1 4.5322E-1 4.69901E-1 -9999 -9999 -9999 -9999 -9999 -9999 -9999 -9999 -9999 -9999 -9999 -9999 -9999 -9999 -9999 -9999 -9999 -9999 -9999 -9999 -9999 -9999 -9999 -9999 -9999 -9999 -9999 -9999 -9999 -9999 -9999 -9999 -9999 -9999 -9999 -9999 -9999 -9999
2.22551E-1 1.72366E-1 1.3531E-1 1.27458E-1 9.9211E-2 9.5021E-2 1.30128E-1 1.1416E-1 9.64545E-2 6.09763E-2 5.71946E-2 6.67423E-2 9.55322E-2 8.81253E-2 1.51881E-1 2.79076E-1 1.95643E-1 1.19629E-1 9.7362E-2 1.41661E-1 2.05036E-1 2.79844E-1 3.1835E-1 4.0138E-1 4.08601E-1 4.11995E-1 4.26413E-1 4.06009E-1 4.25101E-1 4.38684E-1 4.01176E-1 4.28625E-1 4.32864E-1 4.48569E-1 4.60683E-1 -9999 -9999 -9999 -9999 -9999 -9999 -9999 -9999 -9999 -9999 -9999 -9999 -9999 -9999 -9999 -9999 -9999 -9999 -9999 -9999 -9999 -9999 -9999 -9999 -9999 -9999 -9999 -9999 -9999 -9999 -9999 -9999 -9999 -9999 -9999 -9999 -9999
2.03477E-1 1.5294E-1 2.02131E-1 1.66071E-1 1.09699E-1 9.83379E-2 1.26778E-1 1.03113E-1 6.72856E-2 5.6743E-2 5.67202E-2 5.53195E-2 5.68385E-2 6.97786E-2 1.20573E-1 2.48661E-1 2.27247E-1 1.12807E-1 8.87714E-2 1.23168E-1 1.40984E-1 2.21154E-1 2.9116E-1 4.04446E-1 4.05282E-1 3.74264E-1 3.75399E-1 3.92643E-1 3.73699E-1 3.84216E-1 4.06746E-1 4.25196E-1 4.68355E-1 4.54422E-1 4.44739E-1 4.79694E-1 -9999 -9999 -9999 -9999 -9999 -9999 -9999 -9999 -9999 -9999 -9999 -9999 -9999 -9999 -9999 -9999 -9999 -9999 -9999 -9999 -9999 -9999 -9999 -9999 -9999 -9999 -9999 -9999 -9999 -9999 -9999 -9999 -9999 -9999 -9999 -9999
2.12317E-1 2.08009E-1 2.25955E-1 1.48196E-1 1.19999E-1 1.15593E-1 1.49835E-1 8.39663E-2 9.52021E-2 6.7286E-2 5.72033E-2 5.50099E-2 5.3789E-2 7.36658E-2 1.32179E-1 2.52234E-1 2.34526E-1 1.39636E-1 1.36281E-1 1.04127E-1 1.41607E-1 2.36804E-1 3.53801E-1 4.22259E-1 3.87629E-1 3.79423E-1 3.49961E-1 3.75591E-1 3.95317E-1 4.1754E-1 4.40905E-1 4.34021E-1 4.13782E-1 4.59519E-1 4.80416E-1 4.48727E-1 -9999 -9999 -9999 -9999 -9999 -9999 -9999 -9999 -9999 -9999 -9999 -9999 -9999 -9999 -9999 -9999 -9999 -9999 -9999 -9999 -9999 -9999 -9999 -9999 -9999 -9999 -9999 -9999 -9999 -9999 -9999 -9999 -9999 -9999 -9999 -9999
2.26224E-1 2.5141E-1 2.62737E-1 1.73449E-1 1.09145E-1 1.11194E-1 1.58658E-1 1.24342E-1 1.29943E-1 7.40557E-2 5.76803E-2 6.34825E-2 5.76725E-2 8.03894E-2 1.35104E-1 1.87131E-1 2.6541E-1 2.10007E-1 2.08191E-1 1.81533E-1 1.67879E-1 2.03131E-1 2.77584E-1 4.01674E-1 4.10047E-1 3.77691E-1 3.39648E-1 3.32828E-1 3.432E-1 3.40928E-1 4.1158E-1 4.17058E-1 4.28809E-1 4.52109E-1 4.32936E-1 4.41052E-1 -9999 -9999 -9999 -9999 -9999 -9999 -9999 -9999 -9999 -9999 -9999 -9999 -9999 -9999 -9999 -9999 -9999 -9999 -9999 -9999 -9999 -9999 -9999 -9999 -9999 -9999 -9999 -9999 -9999 -9999 -9999 -9999 -9999 -9999 -9999 -9999
3.06439E-1 2.6311E-1 2.00407E-1 1.83063E-1 1.16255E-1 1.17831E-1 1.548E-1 1.70005E-1 1.91285E-1 1.19602E-1 6.53819E-2 6.92329E-2 5.67186E-2 6.95642E-2 7.2571E-2 1.32789E-1 2.32091E-1 3.22358E-1 2.35186E-1 2.20048E-1 1.48208E-1 1.75852E-1 2.42252E-1 3.80042E-1 3.83603E-1 3.42371E-1 2.92646E-1 2.81513E-1 2.7978E-1 3.47788E-1 3.49208E-1 3.50504E-1 3.9151E-1 4.36447E-1 4.38935E-1 5.32419E-1 -9999 -9999 -9999 -9999 -9999 -9999 -9999 -9999 -9999 -9999 -9999 -9999 -9999 -9999 -9999 -9999 -9999 -9999 -9999 -9999 -9999 -9999 -9999 -9999 -9999 -9999 -9999 -9999 -9999 -9999 -9999 -9999 -9999 -9999 -9999 -9999
3.69721E-1 2.9126E-1 2.55181E-1 2.0917E-1 1.39715E-1 1.44153E-1 1.58282E-1 2.10913E-1 2.44567E-1 1.81487E-1 1.06239E-1 7.9011E-2 5.56763E-2 5.26688E-2 8.02568E-2 8.88048E-2 1.5284E-1 2.93616E-1 3.1454E-1 2.46564E-1 2.00539E-1 2.22502E-1 2.74089E-1 3.67763E-1 3.27702E-1 3.19877E-1 2.50414E-1 1.93727E-1 2.00361E-1 3.11491E-1 3.15631E-1 2.80917E-1 3.21312E-1 3.62525E-1 4.09867E-1 4.6219E-1 4.84971E-1 -9999 -9999 -9999 -9999 -9999 -9999 -9999 -9999 -9999 -9999 -9999 -9999 -9999 -9999 -9999 -9999 -9999 -9999 -9999 -9999 -9999 -9999 -9999 -9999 -9999 -9999 -9999 -9999 -9999 -9999 -9999 -9999 -9999 -9999 -9999
3.76978E-1 3.32082E-1 2.86136E-1 2.48188E-1 1.95886E-1 2.04568E-1 2.50828E-1 2.89517E-1 2.42209E-1 1.43183E-1 9.42473E-2 7.22827E-2 6.13927E-2 5.45189E-2 5.76096E-2 7.47143E-2 1.04995E-1 1.68867E-1 2.43874E-1 2.32702E-1 2.59153E-1 3.00425E-1 3.15003E-1 3.29371E-1 3.21248E-1 2.76577E-1 2.23482E-1 1.37214E-1 1.83173E-1 2.52548E-1 2.40384E-1 2.07761E-1 2.22331E-1 2.8064E-1 3.32125E-1 3.8687E-1 4.3263E-1 -9999 -9999 -9999 -9999 -9999 -9999 -9999 -9999 -9999 -9999 -9999 -9999 -9999 -9999 -9999 -9999 -9999 -9999 -9999 -9999 -9999 -9999 -9999 -9999 -9999 -9999 -9999 -9999 -9999 -9999 -9999 -9999 -9999 -9999 -9999
4.26082E-1 4.03475E-1 3.5682E-1 2.91063E-1 2.55789E-1 2.97194E-1 2.88901E-1 3.12226E-1 2.78396E-1 1.5916E-1 1.21958E-1 9.88391E-2 7.90891E-2 6.5751E-2 8.19492E-2 6.65696E-2 9.83644E-2 1.22467E-1 1.05937E-1 1.06746E-1 1.3986E-1 1.32862E-1 1.77823E-1 2.61412E-1 3.27138E-1 2.8659E-1 2.43805E-1 2.06088E-1 1.98086E-1 2.44579E-1 1.83154E-1 1.15032E-1 1.2855E-1 1.9786E-1 2.27797E-1 3.26914E-1 3.76779E-1 -9999 -9999 -9999 -9999 -9999 -9999 -9999 -9999 -9999 -9999 -9999 -9999 -9999 -9999 -9999 -9999 -9999 -9999 -9999 -9999 -9999 -9999 -9999 -9999 -9999 -9999 -9999 -9999 -9999 -9999 -9999 -9999 -9999 -9999 -9999
5.04551E-1 4.86656E-1 4.47169E-1 3.85153E-1 3.56808E-1 3.84113E-1 3.76661E-1 3.43069E-1 2.70612E-1 2.08421E-1 1.93824E-1 1.2963E-1 9.48789E-2 1.03619E-1 1.33515E-1 8.51154E-2 6.18034E-2 9.74393E-2 8.09886E-2 6.9048E-2 7.92149E-2 6.23153E-2 7.43448E-2 1.55289E-1 2.69506E-1 2.12773E-1 2.24734E-1 2.4895E-1 2.24647E-1 2.29848E-1 1.6202E-1 1.28113E-1 1.3606E-1 1.42364E-1 1.92701E-1 3.30971E-1 4.14255E-1 4.61383E-1 -9999 -9999 -9999 -9999 -9999 -9999 -9999 -9999 -9999 -9999 -9999 5.2084E-1 5.39544E-1 5.447E-1 5.44626E-1 5.46088E-1 5.88632E-1 6.04044E-1 -9999 -9999 -9999 -9999 -9999 -9999 -9999 -9999 -9999 -9999 -9999 -9999 -9999 -9999 -9999 -9999
5.44059E-1 5.33868E-1 5.07718E-1 4.56703E-1 4.55402E-1 4.18077E-1 3.552E-1 2.91795E-1 2.78019E-1 2.12419E-1 1.57312E-1 1.45558E-1 1.7536E-1 2.16107E-1 1.80388E-1 1.48321E-1 8.56991E-2 8.56999E-2 7.35556E-2 5.96094E-2 6.93509E-2 5.87531E-2 9.43097E-2 1.14849E-1 1.93438E-1 1.80817E-1 1.52399E-1 1.40939E-1 1.73762E-1 1.58823E-1 1.51118E-1 1.47719E-1 1.92887E-1 1.88412E-1 2.2869E-1 3.05166E-1 4.08084E-1 4.54245E-1 -9999 -9999 -9999 -9999 -9999 -9999 -9999 5.44608E-1 5.19498E-1 6.03949E-1 5.48787E-1 5.18484E-1 4.49622E-1 4.89341E-1 4.80949E-1 4.7191E-1 4.90311E-1 6.05841E-1 -9999 -9999 -9999 -9999 -9999 -9999 -9999 -9999 -9999 -9999 -9999 -9999 -9999 -9999 -9999 -9999
5.62279E-1 5.42815E-1 5.23931E-1 5.07715E-1 4.7964E-1 4.65719E-1 3.78891E-1 3.01709E-1 2.93971E-1 2.26498E-1 1.93828E-1 1.63695E-1 2.22431E-1 2.29796E-1 1.66042E-1 1.24211E-1 1.12948E-1 7.90101E-2 7.3472E-2 6.34967E-2 6.35905E-2 6.49879E-2 7.07962E-2 8.33452E-2 1.28119E-1 1.64353E-1 1.00384E-1 9.658E-2 1.29572E-1 1.55429E-1 1.51165E-1 1.86515E-1 2.55865E-1 2.39096E-1 2.28889E-1 2.70094E-1 3.25324E-1 4.32359E-1 4.80367E-1 4.49347E-1 4.5932E-1 4.70159E-1 5.48788E-1 5.51625E-1 5.02701E-1 5.13023E-1 5.38631E-1 5.12742E-1 5.30731E-1 4.76403E-1 4.25314E-1 3.01254E-1 3.61762E-1 4.00767E-1 4.95859E-1 6.02752E-1 -9999 -9999 -9999 -9999 -9999 -9999 -9999 -9999 -9999 -9999 -9999 -9999 -9999 -9999 -9999 -9999
5.80644E-1 5.62343E-1 5.41717E-1 5.23926E-1 5.13676E-1 4.67391E-1 4.23535E-1 3.64394E-1 3.61619E-1 3.15335E-1 2.59901E-1 2.63564E-1 1.89993E-1 2.42436E-1 1.85868E-1 1.84424E-1 1.26302E-1 8.47045E-2 8.2582E-2 5.79122E-2 5.1746E-2 6.79597E-2 7.27636E-2 8.58039E-2 1.2042E-1 1.79186E-1 1.4701E-1 1.15009E-1 1.13124E-1 1.57522E-1 1.97667E-1 1.77613E-1 2.6226E-1 2.20155E-1 1.82477E-1 2.28222E-1 2.67085E-1 4.10406E-1 4.34592E-1 4.48122E-1 4.44968E-1 4.6208E-1 4.73061E-1 4.89346E-1 4.99247E-1 5.25001E-1 5.58713E-1 4.86068E-1 4.60107E-1 4.73244E-1 3.84371E-1 1.71688E-1 2.55495E-1 4.08534E-1 5.03458E-1 5.94577E-1 -9999 -9999 -9999 -9999 -9999 -9999 -9999 -9999 -9999 -9999 -9999 -9999 -9999 -9999 -9999 -9999
5.98775E-1 5.78345E-1 5.5836E-1 5.42148E-1 5.30501E-1 5.05807E-1 4.76684E-1 4.22576E-1 4.0617E-1 3.70934E-1 3.46606E-1 2.66528E-1 1.99344E-1 2.36985E-1 2.19731E-1 1.54827E-1 1.19417E-1 9.07071E-2 7.80431E-2 6.96839E-2 5.23472E-2 7.37005E-2 7.99189E-2 8.57657E-2 9.10096E-2 1.29908E-1 1.42921E-1 1.18763E-1 1.07277E-1 1.65805E-1 1.9545E-1 2.19982E-1 2.54366E-1 2.72019E-1 2.53105E-1 2.83518E-1 3.77946E-1 4.08856E-1 4.59422E-1 4.45018E-1 4.48342E-1 4.47415E-1 4.60489E-1 5.14327E-1 4.87004E-1 5.1782E-1 4.97014E-1 4.78726E-1 3.50664E-1 1.87056E-1 2.71703E-1 2.99762E-1 3.08248E-1 4.97867E-1 5.98336E-1 6.19341E-1 -9999 -9999 -9999 -9999 -9999 -9999 -9999 -9999 -9999 -9999 -9999 -9999 -9999 -9999 -9999 -9999
6.26254E-1 6.0729E-1 5.79065E-1 5.59605E-1 5.49263E-1 5.23177E-1 4.60957E-1 4.22213E-1 3.95945E-1 3.41118E-1 3.06499E-1 2.29763E-1 2.25142E-1 2.1817E-1 2.2548E-1 2.02498E-1 1.07308E-1 9.34715E-2 7.71318E-2 6.99253E-2 6.49927E-2 6.59783E-2 8.4663E-2 5.63132E-2 8.53419E-2 8.20324E-2 1.19362E-1 1.23863E-1 1.44554E-1 1.6793E-1 2.09527E-1 2.44295E-1 2.73999E-1 2.69764E-1 2.27545E-1 3.11269E-1 4.04585E-1 3.88114E-1 4.30158E-1 4.34587E-1 4.34816E-1 4.31707E-1 4.54432E-1 5.14405E-1 4.7083E-1 5.55735E-1 5.35197E-1 4.79441E-1 3.0186E-1 2.08196E-1 3.34263E-1 4.71212E-1 4.87156E-1 5.46859E-1 -9999 -9999 -9999 -9999 -9999 -9999 -9999 -9999 -9999 -9999 -9999 -9999 -9999 -9999 -9999 -9999 -9999 -9999
6.46747E-1 6.27909E-1 6.0756E-1 5.85651E-1 5.68131E-1 5.39398E-1 4.39479E-1 3.71118E-1 4.23737E-1 3.55267E-1 3.80427E-1 3.45336E-1 3.17284E-1 2.42264E-1 2.07035E-1 2.26508E-1 1.54389E-1 9.97852E-2 7.00375E-2 7.7796E-2 6.60648E-2 7.14265E-2 7.8799E-2 5.81158E-2 6.81119E-2 8.24933E-2 1.15752E-1 1.69109E-1 1.55021E-1 2.06857E-1 2.38476E-1 2.32602E-1 2.22668E-1 1.75954E-1 2.44504E-1 3.05669E-1 2.75211E-1 2.67145E-1 4.11518E-1 4.36903E-1 4.36709E-1 4.79336E-1 4.88572E-1 4.88228E-1 5.1071E-1 5.49455E-1 5.51704E-1 4.95696E-1 3.86221E-1 3.84081E-1 4.66103E-1 5.41807E-1 5.48475E-1 6.41737E-1 -9999 -9999 -9999 -9999 -9999 -9999 -9999 -9999 -9999 -9999 -9999 -9999 -9999 -9999 -9999 -9999 -9999 -9999
6.57242E-1 6.0861E-1 5.99149E-1 6.13712E-1 5.76564E-1 5.40132E-1 5.04284E-1 4.6091E-1 4.65548E-1 4.17559E-1 3.63204E-1 2.80432E-1 3.3201E-1 2.44996E-1 1.69426E-1 1.60027E-1 1.34527E-1 1.19857E-1 1.21466E-1 1.18175E-1 1.01957E-1 7.27292E-2 7.1593E-2 7.0157E-2 7.38197E-2 1.01465E-1 9.44261E-2 1.51879E-1 1.5791E-1 2.45543E-1 1.92308E-1 1.35143E-1 1.02173E-1 1.10545E-1 1.4412E-1 1.70916E-1 2.36248E-1 2.33692E-1 3.89437E-1 3.93221E-1 4.6443E-1 4.362E-1 4.76826E-1 4.45147E-1 5.27197E-1 4.96157E-1 5.45516E-1 4.69985E-1 5.0416E-1 5.00604E-1 5.21975E-1 5.88557E-1 5.993E-1 6.22578E-1 -9999 -9999 -9999 -9999 -9999 -9999 -9999 -9999 -9999 -9999 -9999 -9999 -9999 -9999 -9999 -9999 -9999 -9999
6.8173E-1 6.09415E-1 5.71658E-1 6.06896E-1 6.08612E-1 5.64809E-1 5.46481E-1 5.00334E-1 4.40624E-1 3.96843E-1 2.86575E-1 2.91885E-1 2.8615E-1 2.59873E-1 1.99037E-1 2.02976E-1 1.73175E-1 1.66589E-1 2.2714E-1 1.74466E-1 1.2579E-1 1.09953E-1 1.07304E-1 7.29529E-2 8.50954E-2 1.02974E-1 9.18009E-2 1.27649E-1 2.00533E-1 2.48816E-1 1.62923E-1 1.08943E-1 8.10935E-2 1.11538E-1 1.36742E-1 1.72648E-1 2.18769E-1 2.59399E-1 3.57774E-1 4.28703E-1 4.64738E-1 4.24823E-1 5.01534E-1 4.5763E-1 5.04235E-1 5.57099E-1 5.16028E-1 5.83487E-1 6.00076E-1 5.49281E-1 5.44651E-1 6.30057E-1 6.0048E-1 -9999 -9999 -9999 -9999 -9999 -9999 -9999 -9999 -9999 -9999 -9999 -9999 -9999 -9999 -9999 -9999 -9999 -9999 -9999
6.97232E-1 6.4864E-1 6.15602E-1 6.07733E-1 6.2574E-1 5.98918E-1 5.78009E-1 5.16264E-1 3.8286E-1 3.40175E-1 3.34134E-1 3.07951E-1 2.85291E-1 2.79221E-1 2.98743E-1 2.88578E-1 2.37826E-1 2.27549E-1 2.55049E-1 1.95372E-1 1.78138E-1 1.58325E-1 1.10292E-1 1.19872E-1 9.74462E-2 7.19159E-2 1.34417E-1 1.83716E-1 1.22814E-1 1.36074E-1 1.04289E-1 1.0867E-1 1.18614E-1 1.40817E-1 1.55873E-1 1.96931E-1 2.18588E-1 3.11562E-1 3.15172E-1 3.44693E-1 4.10725E-1 4.33654E-1 5.001E-1 4.90755E-1 4.93338E-1 5.11444E-1 5.30314E-1 5.25741E-1 5.51565E-1 5.69361E-1 5.88726E-1 5.31464E-1 6.15618E-1 -9999 -9999 -9999 -9999 -9999 -9999 -9999 -9999 -9999 -9999 -9999 -9999 -9999 -9999 -9999 -9999 -9999 -9999 -9999
7.23149E-1 6.93461E-1 6.87551E-1 6.51859E-1 6.14607E-1 6.11073E-1 5.74228E-1 5.04133E-1 3.60421E-1 3.28143E-1 3.48372E-1 3.2594E-1 2.66836E-1 2.89497E-1 3.76232E-1 2.64205E-1 3.72384E-1 2.58573E-1 2.86924E-1 2.0419E-1 2.60789E-1 2.41928E-1 2.05339E-1 2.01883E-1 1.37987E-1 8.48407E-2 7.38678E-2 7.70854E-2 1.14992E-1 1.36946E-1 1.85069E-1 1.67005E-1 1.49316E-1 1.38596E-1 1.51999E-1 2.02318E-1 2.16562E-1 2.96853E-1 2.9486E-1 3.13509E-1 3.91541E-1 4.31289E-1 5.22272E-1 4.91847E-1 4.94626E-1 5.01831E-1 4.65716E-1 4.78494E-1 5.18363E-1 5.58833E-1 5.83844E-1 5.15045E-1 5.80082E-1 -9999 -9999 -9999 -9999 -9999 -9999 -9999 -9999 -9999 -9999 -9999 -9999 -9999 -9999 -9999 -9999 -9999 -9999 -9999
7.39391E-1 7.20046E-1 7.00481E-1 6.81471E-1 6.45017E-1 6.17188E-1 6.10083E-1 5.87702E-1 4.62375E-1 2.74408E-1 3.24334E-1 3.3553E-1 2.97278E-1 3.102E-1 3.93385E-1 3.52552E-1 4.14905E-1 3.16163E-1 2.71952E-1 3.34056E-1 3.1569E-1 3.1931E-1 2.16687E-1 1.31195E-1 1.03959E-1 6.17009E-2 7.36773E-2 8.25508E-2 1.08486E-1 1.19725E-1 1.46357E-1 2.20234E-1 2.0266E-1 1.95761E-1 2.06651E-1 1.90571E-1 2.04148E-1 2.91706E-1 3.03732E-1 3.48755E-1 3.71336E-1 4.46162E-1 4.46932E-1 4.18705E-1 4.3694E-1 4.01691E-1 4.78382E-1 4.90804E-1 5.26887E-1 4.95241E-1 5.02755E-1 5.63732E-1 6.07315E-1 5.56432E-1 -9999 -9999 -9999 -9999 -9999 -9999 -9999 -9999 -9999 -9999 -9999 -9999 -9999 -9999 -9999 -9999 -9999 -9999
7.59637E-1 7.52973E-1 7.42844E-1 -9999 6.90845E-1 6.49987E-1 6.44953E-1 6.16049E-1 5.58624E-1 4.09515E-1 2.89281E-1 3.36278E-1 3.08833E-1 3.12948E-1 4.44499E-1 4.35043E-1 3.93895E-1 3.44413E-1 2.86714E-1 3.14412E-1 3.80083E-1 2.59858E-1 1.96105E-1 1.39925E-1 9.65898E-2 7.3795E-2 9.79511E-2 1.24677E-1 1.71043E-1 1.29089E-1 1.48162E-1 1.80741E-1 1.91684E-1 2.324E-1 2.48472E-1 2.85046E-1 2.36323E-1 2.33777E-1 3.32019E-1 3.09355E-1 3.69394E-1 3.08539E-1 2.97587E-1 2.35899E-1 2.24403E-1 1.94622E-1 3.40788E-1 4.21297E-1 4.39607E-1 4.52996E-1 4.53301E-1 5.06254E-1 5.92087E-1 5.84976E-1 6.28091E-1 6.0618E-1 6.22002E-1 -9999 -9999 -9999 -9999 -9999 -9999 -9999 -9999 -9999 -9999 -9999 -9999 -9999 -9999 -9999
-9999 -9999 -9999 -9999 -9999 6.76243E-1 6.60795E-1 6.41517E-1 6.14129E-1 5.47104E-1 4.43579E-1 2.92629E-1 3.54852E-1 3.8179E-1 3.952E-1 4.25245E-1 3.92394E-1 4.22272E-1 4.43268E-1 3.854E-1 3.76214E-1 2.78704E-1 2.61647E-1 2.03468E-1 1.27808E-1 7.91985E-2 1.36551E-1 1.4784E-1 1.45146E-1 1.6394E-1 1.63389E-1 1.29099E-1 1.46967E-1 2.3006E-1 2.52405E-1 2.99207E-1 2.73524E-1 2.92614E-1 2.84876E-1 3.07982E-1 2.75194E-1 2.52261E-1 2.70609E-1 3.66609E-1 2.83756E-1 2.35235E-1 2.54055E-1 1.69086E-1 1.81118E-1 2.69545E-1 3.90172E-1 4.32659E-1 5.40918E-1 6.40516E-1 5.96478E-1 6.41446E-1 6.66993E-1 6.86233E-1 6.62004E-1 -9999 -9999 -9999 -9999 -9999 -9999 -9999 -9999 -9999 -9999 -9999 -9999 -9999
-9999 -9999 -9999 -9999 -9999 -9999 -9999 -9999 6.33076E-1 6.06644E-1 5.59545E-1 3.88874E-1 4.17999E-1 4.42595E-1 3.85647E-1 4.41454E-1 4.09255E-1 4.18914E-1 4.72255E-1 4.56879E-1 3.70541E-1 3.79101E-1 3.27089E-1 2.25932E-1 2.19271E-1 1.46704E-1 1.00359E-1 1.45265E-1 1.50645E-1 1.38111E-1 1.9358E-1 2.6621E-1 2.45292E-1 1.41659E-1 2.16148E-1 2.86451E-1 3.06355E-1 3.15102E-1 3.30419E-1 3.08046E-1 3.51072E-1 4.00468E-1 4.3507E-1 3.99497E-1 3.19906E-1 2.52047E-1 1.63666E-1 1.1538E-1 9.20349E-2 1.33611E-1 2.19168E-1 3.73825E-1 5.10849E-1 5.79536E-1 5.65836E-1 6.31852E-1 6.29568E-1 6.04841E-1 6.69422E-1 6.39688E-1 6.14221E-1 6.68452E-1 -9999 7.17764E-1 7.33254E-1 7.51005E-1 7.89743E-1 -9999 -9999 -9999 -9999 -9999
