Artocarpus altilis SDM files/Last interglacial/results (with bias file)/Artalt_8.asc
ncols         1201
nrows         481
xllcorner     119.99986351115
yllcorner     -15.00013864885
cellsize      0.041666667
NODATA_value  -9999
[rows 416 to 447 of 481, columns 504 to 575 of 1201]
-9999 -9999 -9999 -9999 -9999 -9999 -9999 -9999 -9999 -9999 -9999 -9999 -9999 -9999 -9999 -9999 6.21846E-1 5.99722E-1 5.6887E-1 5.4945E-1 5.16778E-1 4.9492E-1 5.02599E-1 4.67333E-1 4.28668E-1 4.07508E-1 3.93047E-1 3.73076E-1 3.40436E-1 3.10253E-1 2.97221E-1 2.97729E-1 2.81636E-1 2.90861E-1 2.64878E-1 2.7075E-1 2.65771E-1 2.51605E-1 2.47515E-1 2.64154E-1 2.66134E-1 2.59871E-1 2.88673E-1 2.89265E-1 3.19776E-1 3.11902E-1 3.4124E-1 3.77634E-1 3.83205E-1 4.31963E-1 -9999 -9999 -9999 -9999 -9999 -9999 -9999 6.51795E-1 -9999 -9999 -9999 -9999 -9999 -9999 -9999 -9999 -9999 -9999 -9999 -9999 -9999 -9999
-9999 -9999 -9999 -9999 -9999 -9999 -9999 -9999 -9999 -9999 -9999 -9999 -9999 -9999 -9999 -9999 6.09407E-1 5.96505E-1 5.71445E-1 5.45078E-1 5.19752E-1 4.80553E-1 4.70862E-1 4.56594E-1 4.12771E-1 3.74712E-1 3.72271E-1 3.5855E-1 3.37123E-1 3.16156E-1 3.11645E-1 2.96528E-1 2.94585E-1 2.79957E-1 2.63585E-1 2.6059E-1 2.52865E-1 2.39404E-1 2.44173E-1 2.54204E-1 2.54267E-1 2.54807E-1 2.66825E-1 2.82034E-1 3.07206E-1 2.91687E-1 3.02678E-1 3.44928E-1 3.70354E-1 3.96142E-1 4.35583E-1 4.66909E-1 4.56103E-1 4.68375E-1 -9999 -9999 -9999 -9999 -9999 -9999 -9999 -9999 -9999 -9999 -9999 -9999 -9999 -9999 -9999 -9999 -9999 -9999
-9999 -9999 -9999 -9999 -9999 -9999 -9999 -9999 -9999 -9999 -9999 -9999 -9999 -9999 -9999 6.1938E-1 5.96743E-1 5.79896E-1 5.55322E-1 5.37339E-1 5.05269E-1 4.8317E-1 4.34843E-1 4.11793E-1 3.81805E-1 3.70794E-1 3.60525E-1 3.41818E-1 3.27913E-1 3.05463E-1 2.8975E-1 2.8045E-1 2.69275E-1 2.51878E-1 2.5068E-1 2.49056E-1 2.38172E-1 2.35973E-1 2.32843E-1 2.27445E-1 2.38907E-1 2.50087E-1 2.44909E-1 2.64891E-1 2.7762E-1 2.77474E-1 2.63533E-1 3.24653E-1 3.58405E-1 3.57225E-1 4.09473E-1 4.26773E-1 3.93091E-1 4.6389E-1 4.57096E-1 -9999 -9999 -9999 -9999 -9999 -9999 -9999 -9999 -9999 -9999 -9999 -9999 -9999 -9999 -9999 -9999 -9999
-9999 -9999 -9999 -9999 -9999 -9999 -9999 -9999 -9999 -9999 -9999 -9999 -9999 -9999 -9999 6.04864E-1 5.889E-1 5.53894E-1 5.397E-1 5.28329E-1 4.80618E-1 4.58748E-1 4.26368E-1 4.01297E-1 3.73469E-1 3.72723E-1 3.55311E-1 3.21296E-1 3.1571E-1 2.90443E-1 2.67098E-1 2.70675E-1 2.52014E-1 2.50538E-1 2.36614E-1 2.31494E-1 2.16899E-1 2.27374E-1 2.24472E-1 2.28058E-1 2.36314E-1 2.36253E-1 2.29305E-1 2.38147E-1 2.51708E-1 2.45702E-1 2.46748E-1 2.76296E-1 3.15954E-1 3.528E-1 3.78312E-1 3.99516E-1 4.23467E-1 3.83572E-1 4.07386E-1 -9999 -9999 -9999 -9999 -9999 -9999 -9999 -9999 -9999 -9999 -9999 -9999 -9999 -9999 -9999 -9999 -9999
-9999 -9999 -9999 -9999 -9999 -9999 -9999 -9999 -9999 -9999 -9999 -9999 -9999 -9999 6.10581E-1 6.09033E-1 5.80323E-1 5.59704E-1 5.40073E-1 5.01783E-1 4.87214E-1 4.61342E-1 4.30889E-1 3.97513E-1 3.64922E-1 3.67457E-1 3.54895E-1 3.1442E-1 2.95844E-1 2.77679E-1 2.50051E-1 2.48172E-1 2.3567E-1 2.31341E-1 2.29025E-1 2.21022E-1 2.20523E-1 2.03241E-1 2.17132E-1 2.12841E-1 2.26172E-1 2.14599E-1 2.12218E-1 2.30232E-1 2.34501E-1 2.20736E-1 2.52982E-1 2.84235E-1 3.01416E-1 3.12886E-1 3.45896E-1 3.71243E-1 3.77777E-1 3.45533E-1 4.19596E-1 -9999 -9999 -9999 -9999 -9999 -9999 -9999 -9999 -9999 -9999 -9999 -9999 -9999 -9999 -9999 -9999 -9999
-9999 -9999 -9999 -9999 -9999 -9999 -9999 -9999 -9999 -9999 -9999 -9999 -9999 -9999 6.04617E-1 5.90262E-1 5.75428E-1 5.50979E-1 5.26696E-1 4.94678E-1 4.77177E-1 4.49833E-1 4.02826E-1 3.87497E-1 3.57627E-1 3.57422E-1 3.39333E-1 3.20255E-1 2.9228E-1 2.81066E-1 2.35573E-1 2.21091E-1 2.22378E-1 2.2853E-1 2.1917E-1 2.15722E-1 1.977E-1 1.95305E-1 2.01911E-1 1.94396E-1 2.01517E-1 2.05575E-1 2.16656E-1 2.26356E-1 2.21387E-1 2.16799E-1 2.24456E-1 2.54604E-1 2.93907E-1 3.03348E-1 3.27401E-1 3.27777E-1 3.54728E-1 3.92254E-1 4.34725E-1 -9999 -9999 -9999 -9999 -9999 -9999 -9999 -9999 -9999 -9999 -9999 -9999 -9999 -9999 -9999 -9999 -9999
-9999 -9999 -9999 -9999 -9999 -9999 -9999 -9999 -9999 -9999 -9999 -9999 -9999 -9999 6.06338E-1 5.72698E-1 5.68891E-1 -9999 5.16922E-1 4.70593E-1 4.61533E-1 4.27265E-1 4.25168E-1 3.8014E-1 3.75416E-1 3.42021E-1 3.30762E-1 3.01515E-1 2.93891E-1 2.65636E-1 2.47777E-1 2.23175E-1 2.12768E-1 2.06527E-1 2.03856E-1 1.88228E-1 1.93311E-1 1.82972E-1 1.78239E-1 1.77366E-1 1.86253E-1 2.01094E-1 2.0824E-1 2.02897E-1 2.04354E-1 2.03649E-1 2.02593E-1 2.2117E-1 2.54792E-1 2.95467E-1 3.12957E-1 3.46949E-1 3.50527E-1 3.66428E-1 4.05127E-1 4.30541E-1 4.59435E-1 -9999 -9999 -9999 -9999 -9999 -9999 -9999 -9999 -9999 -9999 -9999 -9999 -9999 -9999 -9999
-9999 -9999 -9999 -9999 -9999 -9999 -9999 -9999 -9999 -9999 -9999 -9999 -9999 -9999 -9999 -9999 -9999 -9999 -9999 4.85784E-1 4.57418E-1 4.18681E-1 4.06397E-1 3.6033E-1 3.64491E-1 3.20752E-1 3.02658E-1 2.75893E-1 2.52522E-1 2.53572E-1 2.37293E-1 2.22509E-1 2.21772E-1 1.90258E-1 2.00562E-1 1.81745E-1 1.7482E-1 1.71523E-1 1.68528E-1 1.75797E-1 1.77283E-1 1.87912E-1 1.83998E-1 1.83953E-1 1.90476E-1 1.87082E-1 1.84836E-1 1.84143E-1 2.32489E-1 2.66397E-1 3.0441E-1 3.01154E-1 2.7788E-1 3.08295E-1 3.67274E-1 3.98197E-1 3.86126E-1 4.78447E-1 5.03789E-1 -9999 -9999 -9999 -9999 -9999 -9999 -9999 -9999 -9999 -9999 -9999 -9999 -9999
-9999 -9999 -9999 -9999 -9999 -9999 -9999 -9999 -9999 -9999 -9999 -9999 -9999 -9999 -9999 -9999 -9999 -9999 -9999 4.51751E-1 4.37093E-1 4.07039E-1 3.79655E-1 3.39273E-1 3.28302E-1 3.00563E-1 2.76532E-1 2.65737E-1 2.46987E-1 2.19803E-1 2.23326E-1 2.10213E-1 1.96447E-1 1.8984E-1 1.86007E-1 1.70305E-1 1.63127E-1 1.60823E-1 1.56774E-1 1.54904E-1 1.65446E-1 1.79027E-1 1.74403E-1 1.84388E-1 1.81259E-1 1.85682E-1 1.87983E-1 1.82883E-1 2.30041E-1 2.63624E-1 2.65912E-1 2.62284E-1 2.38765E-1 2.45288E-1 3.39179E-1 3.70765E-1 4.01066E-1 4.61214E-1 5.09234E-1 -9999 -9999 -9999 -9999 -9999 -9999 -9999 -9999 -9999 -9999 -9999 -9999 -9999
-9999 -9999 -9999 -9999 -9999 -9999 -9999 -9999 -9999 -9999 -9999 -9999 -9999 -9999 -9999 -9999 -9999 -9999 -9999 4.52686E-1 4.42627E-1 4.05957E-1 3.65076E-1 3.35043E-1 3.18743E-1 2.99821E-1 2.86335E-1 2.67063E-1 2.23793E-1 2.12924E-1 2.0877E-1 2.0077E-1 1.85434E-1 1.76908E-1 1.72899E-1 1.73327E-1 1.57738E-1 1.46759E-1 1.43381E-1 1.5757E-1 1.54498E-1 1.67064E-1 1.65984E-1 1.72939E-1 1.73599E-1 1.64247E-1 1.66371E-1 1.89349E-1 2.19188E-1 2.35498E-1 2.31961E-1 2.30862E-1 2.52167E-1 2.6939E-1 3.53943E-1 3.68632E-1 4.02823E-1 4.49066E-1 -9999 -9999 -9999 -9999 -9999 -9999 -9999 -9999 -9999 -9999 -9999 -9999 -9999 -9999
-9999 -9999 -9999 -9999 -9999 -9999 -9999 -9999 -9999 -9999 -9999 -9999 -9999 -9999 -9999 -9999 -9999 -9999 -9999 4.34021E-1 4.26188E-1 4.00617E-1 3.62465E-1 3.3166E-1 3.22402E-1 3.06E-1 2.81027E-1 2.54103E-1 2.20638E-1 2.03706E-1 2.0487E-1 2.04227E-1 1.7381E-1 1.73512E-1 1.67348E-1 1.50349E-1 1.44763E-1 1.41907E-1 1.27516E-1 1.36067E-1 1.42406E-1 1.46293E-1 1.56443E-1 1.66033E-1 1.54841E-1 1.65742E-1 1.61318E-1 1.99739E-1 2.13078E-1 2.33858E-1 2.37266E-1 2.26213E-1 2.39506E-1 2.63957E-1 3.43911E-1 3.44811E-1 3.77479E-1 4.23062E-1 -9999 -9999 -9999 -9999 -9999 -9999 -9999 -9999 -9999 -9999 -9999 -9999 -9999 -9999
-9999 -9999 -9999 -9999 -9999 -9999 -9999 -9999 -9999 -9999 -9999 -9999 -9999 -9999 -9999 -9999 -9999 -9999 4.52009E-1 4.23913E-1 4.03011E-1 3.75234E-1 3.48163E-1 2.98753E-1 2.87672E-1 2.75146E-1 2.6411E-1 2.49687E-1 2.29153E-1 2.0232E-1 1.9433E-1 1.82458E-1 1.80882E-1 1.65792E-1 1.54437E-1 1.42841E-1 1.39206E-1 1.37626E-1 1.23421E-1 1.22231E-1 1.33345E-1 1.37741E-1 1.4549E-1 1.54609E-1 1.64033E-1 1.61209E-1 1.69085E-1 1.72839E-1 1.99224E-1 1.9349E-1 2.15216E-1 1.89305E-1 1.84864E-1 2.3475E-1 3.0765E-1 3.24634E-1 3.73068E-1 4.1845E-1 -9999 -9999 -9999 -9999 -9999 -9999 -9999 -9999 -9999 -9999 -9999 -9999 -9999 -9999
-9999 -9999 -9999 -9999 -9999 -9999 -9999 -9999 -9999 -9999 -9999 -9999 -9999 -9999 -9999 -9999 -9999 -9999 4.55625E-1 4.09244E-1 3.687E-1 3.61306E-1 3.36676E-1 2.9453E-1 2.62339E-1 2.63884E-1 2.36088E-1 2.37536E-1 2.31649E-1 2.14004E-1 1.78835E-1 1.71868E-1 1.62224E-1 1.6309E-1 1.49271E-1 1.43478E-1 1.30876E-1 1.28528E-1 1.29772E-1 1.14702E-1 1.26523E-1 1.30205E-1 1.42043E-1 1.36918E-1 1.43401E-1 1.49158E-1 1.57642E-1 1.52115E-1 1.85528E-1 1.76733E-1 1.66282E-1 1.71721E-1 1.78393E-1 2.21505E-1 3.05021E-1 3.43883E-1 3.64153E-1 -9999 -9999 -9999 -9999 -9999 -9999 -9999 -9999 -9999 -9999 -9999 -9999 -9999 -9999 -9999
-9999 -9999 -9999 -9999 -9999 -9999 -9999 -9999 -9999 -9999 -9999 -9999 -9999 -9999 -9999 -9999 -9999 4.55294E-1 4.08064E-1 3.89615E-1 3.45797E-1 3.38019E-1 3.37895E-1 2.97842E-1 2.78787E-1 2.60885E-1 2.22214E-1 2.23308E-1 2.05585E-1 1.90396E-1 1.71814E-1 1.71312E-1 1.64059E-1 1.4977E-1 1.41246E-1 1.38909E-1 1.24391E-1 1.18386E-1 1.17812E-1 1.16789E-1 1.25428E-1 1.22759E-1 1.3157E-1 1.27246E-1 1.30631E-1 1.38255E-1 1.40448E-1 1.5822E-1 1.68709E-1 1.47818E-1 1.61089E-1 1.56785E-1 1.7974E-1 2.11548E-1 2.6237E-1 3.18465E-1 3.48714E-1 -9999 4.024E-1 4.43143E-1 4.71098E-1 -9999 -9999 -9999 -9999 -9999 -9999 -9999 -9999 -9999 -9999 -9999
-9999 -9999 -9999 -9999 -9999 -9999 -9999 -9999 -9999 -9999 -9999 -9999 -9999 -9999 -9999 -9999 4.49853E-1 4.16837E-1 3.71679E-1 3.48485E-1 3.526E-1 3.3159E-1 3.07447E-1 2.89012E-1 2.75061E-1 2.59633E-1 2.28921E-1 2.13153E-1 1.92154E-1 1.78283E-1 1.74818E-1 1.52078E-1 1.52652E-1 1.38866E-1 1.32505E-1 1.28189E-1 1.19767E-1 1.18038E-1 1.04982E-1 1.16154E-1 1.18637E-1 1.20512E-1 1.25311E-1 1.26541E-1 1.21332E-1 1.29948E-1 1.30781E-1 1.48571E-1 1.63913E-1 1.59382E-1 1.65998E-1 1.69329E-1 1.82741E-1 1.8832E-1 2.37408E-1 3.01078E-1 3.38129E-1 3.68207E-1 3.93477E-1 4.12538E-1 4.50936E-1 -9999 -9999 -9999 -9999 -9999 -9999 -9999 -9999 -9999 -9999 -9999
-9999 -9999 -9999 -9999 -9999 -9999 -9999 -9999 -9999 -9999 -9999 -9999 -9999 -9999 5.03484E-1 4.67016E-1 4.27481E-1 4.05788E-1 3.57795E-1 3.33045E-1 3.20058E-1 3.17881E-1 3.0322E-1 2.79021E-1 2.60947E-1 2.33169E-1 2.08837E-1 1.96868E-1 1.792E-1 1.74567E-1 1.67499E-1 1.55614E-1 1.43049E-1 1.28314E-1 1.23262E-1 1.20006E-1 1.16868E-1 1.06865E-1 1.10694E-1 1.10037E-1 1.09613E-1 1.0975E-1 1.16785E-1 1.16386E-1 1.25565E-1 1.36785E-1 1.31137E-1 1.43111E-1 1.44934E-1 1.30946E-1 1.47908E-1 1.6434E-1 1.81844E-1 1.86801E-1 2.12011E-1 2.7125E-1 3.19944E-1 3.53265E-1 3.62666E-1 3.9751E-1 4.52032E-1 -9999 -9999 -9999 -9999 -9999 -9999 -9999 -9999 -9999 -9999 -9999
-9999 -9999 -9999 -9999 -9999 -9999 -9999 -9999 -9999 -9999 -9999 -9999 -9999 -9999 4.88186E-1 4.62747E-1 4.28381E-1 4.05774E-1 3.57839E-1 3.44314E-1 2.96543E-1 2.9172E-1 2.87327E-1 2.63195E-1 2.46387E-1 2.11932E-1 1.89107E-1 1.85383E-1 1.71305E-1 1.66151E-1 1.47531E-1 1.45825E-1 1.36329E-1 1.23827E-1 1.12203E-1 1.11363E-1 1.07371E-1 1.07373E-1 1.0604E-1 1.03169E-1 1.02647E-1 1.03538E-1 1.1083E-1 1.08821E-1 1.18202E-1 1.17992E-1 1.29192E-1 1.29641E-1 1.26995E-1 1.15411E-1 1.36704E-1 1.58155E-1 1.73541E-1 1.84481E-1 1.85542E-1 2.35447E-1 3.15381E-1 3.39997E-1 3.36241E-1 3.83232E-1 4.3924E-1 -9999 -9999 -9999 -9999 -9999 -9999 -9999 -9999 -9999 -9999 -9999
-9999 -9999 -9999 -9999 -9999 -9999 -9999 -9999 -9999 -9999 -9999 -9999 -9999 -9999 4.89478E-1 4.64769E-1 4.24341E-1 3.83266E-1 3.56529E-1 3.28235E-1 2.84951E-1 2.59811E-1 2.50501E-1 2.42179E-1 2.21749E-1 2.00856E-1 1.7238E-1 1.76606E-1 1.61926E-1 1.60298E-1 1.50902E-1 1.42916E-1 1.33577E-1 1.17801E-1 1.06813E-1 1.01869E-1 9.93148E-2 9.96254E-2 1.00402E-1 9.52265E-2 9.48818E-2 1.01058E-1 1.02413E-1 1.02531E-1 1.10712E-1 1.18659E-1 1.20967E-1 1.3093E-1 1.3058E-1 1.19665E-1 1.20694E-1 1.37436E-1 1.54214E-1 1.62075E-1 1.74828E-1 2.2237E-1 2.89042E-1 3.29526E-1 3.39637E-1 3.42469E-1 4.06851E-1 -9999 -9999 -9999 -9999 -9999 -9999 -9999 -9999 -9999 -9999 -9999
-9999 -9999 -9999 -9999 -9999 -9999 -9999 -9999 -9999 -9999 -9999 -9999 -9999 -9999 4.74177E-1 4.31322E-1 3.85544E-1 3.60867E-1 3.54699E-1 3.15258E-1 2.85172E-1 2.59502E-1 2.22482E-1 2.30359E-1 2.07392E-1 1.98008E-1 1.76533E-1 1.72226E-1 1.57955E-1 1.46422E-1 1.37125E-1 1.35199E-1 1.27869E-1 1.13407E-1 1.09101E-1 1.00379E-1 9.62459E-2 9.49775E-2 9.21989E-2 8.98543E-2 8.86649E-2 9.61098E-2 1.00869E-1 9.70368E-2 1.0565E-1 1.10346E-1 1.1335E-1 1.16435E-1 1.25598E-1 1.26369E-1 1.15766E-1 1.4033E-1 1.41884E-1 1.2611E-1 1.79687E-1 2.17602E-1 2.93841E-1 3.24772E-1 3.27604E-1 3.48421E-1 4.05668E-1 -9999 -9999 -9999 -9999 -9999 -9999 -9999 -9999 -9999 -9999 -9999
-9999 -9999 -9999 -9999 -9999 -9999 -9999 -9999 -9999 -9999 -9999 -9999 -9999 -9999 4.55889E-1 4.21092E-1 3.78919E-1 3.47248E-1 3.24398E-1 3.03797E-1 2.54429E-1 2.47508E-1 2.33777E-1 2.28133E-1 2.07929E-1 1.95952E-1 1.72279E-1 1.65909E-1 1.48084E-1 1.43253E-1 1.29633E-1 1.25187E-1 1.15763E-1 1.07754E-1 1.03189E-1 1.00714E-1 8.86442E-2 8.94602E-2 9.04401E-2 8.66678E-2 8.92431E-2 9.52717E-2 9.60949E-2 9.78777E-2 1.05367E-1 9.89002E-2 1.06706E-1 1.11033E-1 1.29721E-1 1.3225E-1 1.24605E-1 1.31121E-1 1.53988E-1 1.58551E-1 1.74146E-1 2.2127E-1 2.68909E-1 3.12831E-1 3.2516E-1 3.34531E-1 4.14702E-1 -9999 -9999 -9999 -9999 -9999 -9999 -9999 -9999 -9999 -9999 -9999
-9999 -9999 -9999 -9999 -9999 -9999 -9999 -9999 -9999 -9999 -9999 -9999 -9999 -9999 4.44854E-1 4.0857E-1 3.59832E-1 3.41325E-1 3.21496E-1 2.87532E-1 2.54327E-1 2.24118E-1 2.33979E-1 2.12264E-1 1.97831E-1 1.89241E-1 1.72609E-1 1.60684E-1 1.44593E-1 1.35912E-1 1.20755E-1 1.15762E-1 1.11332E-1 1.08449E-1 9.67285E-2 9.45645E-2 9.04301E-2 9.11754E-2 9.02107E-2 9.06267E-2 8.47679E-2 9.35211E-2 8.95886E-2 9.37953E-2 9.38313E-2 9.9741E-2 9.55381E-2 1.11024E-1 1.15079E-1 1.27374E-1 1.36969E-1 1.38947E-1 1.57392E-1 1.61655E-1 1.70716E-1 1.57427E-1 2.20826E-1 2.97415E-1 3.21837E-1 3.07072E-1 3.85646E-1 -9999 -9999 -9999 -9999 -9999 -9999 -9999 -9999 -9999 -9999 -9999
-9999 -9999 -9999 -9999 -9999 -9999 -9999 -9999 -9999 -9999 -9999 -9999 -9999 -9999 -9999 3.93499E-1 3.45606E-1 3.38374E-1 3.07815E-1 2.65599E-1 2.42855E-1 2.29526E-1 2.21856E-1 1.94814E-1 1.92877E-1 1.72768E-1 1.57982E-1 1.40965E-1 1.37523E-1 1.3269E-1 1.22945E-1 1.08952E-1 9.94882E-2 9.82216E-2 9.32478E-2 8.69353E-2 8.47495E-2 8.59163E-2 8.68795E-2 8.41573E-2 9.05578E-2 8.86188E-2 9.10513E-2 8.97353E-2 8.67102E-2 9.25987E-2 9.33127E-2 9.66041E-2 1.02901E-1 1.17817E-1 1.22505E-1 1.30108E-1 1.45516E-1 1.57097E-1 1.50818E-1 1.59159E-1 1.89485E-1 2.74346E-1 2.91194E-1 3.36452E-1 3.87288E-1 4.44827E-1 -9999 -9999 -9999 -9999 -9999 -9999 -9999 -9999 -9999 -9999
-9999 -9999 -9999 -9999 -9999 -9999 -9999 -9999 -9999 -9999 -9999 -9999 -9999 -9999 -9999 3.86653E-1 3.43477E-1 3.26661E-1 2.92602E-1 2.66197E-1 2.33297E-1 2.29624E-1 2.21637E-1 2.06753E-1 1.68421E-1 1.53683E-1 1.43258E-1 1.35917E-1 1.28762E-1 1.24007E-1 1.15325E-1 1.0368E-1 9.83336E-2 8.63293E-2 8.3771E-2 8.15419E-2 8.43988E-2 8.24755E-2 8.10832E-2 8.27265E-2 8.21091E-2 8.37426E-2 8.7027E-2 8.98086E-2 8.41936E-2 8.25258E-2 8.54845E-2 8.50708E-2 8.79202E-2 1.10826E-1 1.22237E-1 1.20824E-1 1.362E-1 1.56659E-1 1.72162E-1 1.66394E-1 2.11106E-1 2.76048E-1 3.01074E-1 3.10712E-1 3.69969E-1 -9999 -9999 -9999 -9999 -9999 -9999 -9999 -9999 -9999 -9999 -9999
-9999 -9999 -9999 -9999 -9999 -9999 -9999 -9999 -9999 -9999 -9999 -9999 -9999 -9999 -9999 -9999 3.21834E-1 3.20246E-1 2.8206E-1 2.41854E-1 2.32206E-1 2.19808E-1 1.94038E-1 1.66143E-1 1.51381E-1 1.50242E-1 1.4497E-1 1.30643E-1 1.19045E-1 1.15886E-1 1.05414E-1 1.01735E-1 8.64182E-2 8.51025E-2 7.95712E-2 7.63461E-2 7.67888E-2 8.3317E-2 8.26501E-2 7.81053E-2 8.00291E-2 8.24418E-2 8.17886E-2 8.40574E-2 8.5759E-2 8.71823E-2 8.52803E-2 8.78558E-2 9.4654E-2 1.0198E-1 1.16177E-1 1.28047E-1 1.45528E-1 1.55347E-1 1.55999E-1 1.66558E-1 1.87568E-1 2.59521E-1 2.96384E-1 3.04589E-1 3.70461E-1 -9999 -9999 -9999 -9999 -9999 -9999 -9999 -9999 -9999 -9999 -9999
-9999 -9999 -9999 -9999 -9999 -9999 -9999 -9999 -9999 -9999 -9999 -9999 -9999 -9999 -9999 3.41246E-1 3.18584E-1 3.04989E-1 2.71968E-1 2.36274E-1 2.21384E-1 2.04882E-1 1.82631E-1 1.64254E-1 1.55024E-1 1.41335E-1 1.30987E-1 1.21392E-1 1.12816E-1 1.08441E-1 9.68416E-2 9.3428E-2 8.5997E-2 8.8949E-2 8.07534E-2 7.75121E-2 7.94527E-2 7.98014E-2 7.76229E-2 8.07239E-2 8.11706E-2 8.03477E-2 8.05497E-2 7.88336E-2 8.07378E-2 8.51572E-2 8.08957E-2 9.15182E-2 9.13351E-2 8.87714E-2 1.16958E-1 1.28345E-1 1.43458E-1 1.52663E-1 1.45145E-1 1.65781E-1 1.98243E-1 2.19278E-1 2.73392E-1 2.77227E-1 3.47908E-1 -9999 -9999 -9999 -9999 -9999 -9999 -9999 -9999 -9999 -9999 -9999
-9999 -9999 -9999 -9999 -9999 -9999 -9999 -9999 -9999 -9999 -9999 -9999 -9999 -9999 -9999 3.27747E-1 3.08617E-1 2.88045E-1 2.58107E-1 2.2996E-1 2.26783E-1 1.93423E-1 1.81208E-1 1.61417E-1 1.39258E-1 1.36587E-1 1.29602E-1 1.14455E-1 1.12546E-1 1.05684E-1 1.00241E-1 9.40835E-2 9.34657E-2 8.42177E-2 8.51753E-2 8.47486E-2 7.60998E-2 7.97886E-2 7.85297E-2 7.73865E-2 7.6074E-2 8.15932E-2 7.71378E-2 8.11131E-2 8.24607E-2 8.06102E-2 7.49034E-2 9.65874E-2 9.08478E-2 9.75129E-2 1.13969E-1 1.31053E-1 1.38379E-1 1.51442E-1 1.54756E-1 1.79965E-1 1.88033E-1 2.05915E-1 2.44594E-1 2.84765E-1 3.56496E-1 3.81939E-1 -9999 -9999 -9999 -9999 -9999 -9999 -9999 -9999 -9999 -9999
-9999 -9999 -9999 -9999 -9999 -9999 -9999 -9999 -9999 -9999 -9999 -9999 -9999 -9999 3.33913E-1 3.20034E-1 2.9645E-1 2.80251E-1 2.61381E-1 2.26138E-1 2.01574E-1 1.84052E-1 1.76762E-1 1.48038E-1 1.41859E-1 1.32636E-1 1.19503E-1 1.13835E-1 1.07291E-1 1.06068E-1 9.80292E-2 9.7098E-2 9.04759E-2 8.40407E-2 8.1432E-2 8.01378E-2 7.76955E-2 7.52429E-2 7.48503E-2 7.81003E-2 7.72998E-2 7.5727E-2 7.83856E-2 7.35618E-2 8.01868E-2 8.62689E-2 8.76748E-2 9.18516E-2 9.32751E-2 1.01408E-1 1.11552E-1 1.16505E-1 1.34161E-1 1.38418E-1 1.5188E-1 1.66839E-1 1.64099E-1 2.11138E-1 2.65856E-1 2.7509E-1 2.93418E-1 3.83115E-1 3.97117E-1 -9999 -9999 -9999 -9999 -9999 -9999 -9999 -9999 -9999
-9999 -9999 -9999 -9999 -9999 -9999 -9999 -9999 -9999 -9999 -9999 -9999 -9999 -9999 3.35202E-1 3.0982E-1 2.99938E-1 2.73704E-1 2.47344E-1 2.1479E-1 1.90256E-1 1.78361E-1 1.57312E-1 1.41562E-1 1.21875E-1 1.13418E-1 1.08062E-1 1.09798E-1 1.10919E-1 1.01709E-1 1.01807E-1 9.4751E-2 8.3789E-2 8.15887E-2 7.96933E-2 7.24585E-2 7.2643E-2 7.69238E-2 7.66306E-2 7.18507E-2 7.11567E-2 7.44206E-2 7.40058E-2 7.74859E-2 8.07102E-2 7.8214E-2 8.36128E-2 8.8925E-2 9.53648E-2 1.01291E-1 1.13746E-1 1.15253E-1 1.32865E-1 1.40696E-1 1.22381E-1 1.25987E-1 1.72526E-1 2.33412E-1 2.7548E-1 2.63931E-1 2.65246E-1 3.53787E-1 3.99746E-1 -9999 -9999 -9999 -9999 -9999 -9999 -9999 -9999 -9999
-9999 -9999 -9999 -9999 -9999 -9999 -9999 -9999 -9999 -9999 -9999 -9999 -9999 3.57213E-1 3.41604E-1 2.98191E-1 2.89021E-1 2.60786E-1 2.31315E-1 2.0903E-1 1.94895E-1 1.63363E-1 1.55038E-1 1.4634E-1 1.23472E-1 1.16692E-1 1.07189E-1 1.1159E-1 1.02274E-1 9.0564E-2 9.25808E-2 8.54739E-2 8.56245E-2 7.82501E-2 7.31003E-2 7.34575E-2 7.1205E-2 6.88275E-2 6.95835E-2 6.68971E-2 6.90123E-2 6.94811E-2 7.27983E-2 7.24915E-2 7.52855E-2 7.4757E-2 7.12865E-2 8.75555E-2 8.88965E-2 1.00422E-1 1.02631E-1 1.00021E-1 1.2326E-1 1.34043E-1 1.32498E-1 1.29892E-1 1.72695E-1 2.18577E-1 2.67728E-1 2.43202E-1 2.90936E-1 3.54433E-1 3.90106E-1 -9999 -9999 -9999 -9999 -9999 -9999 -9999 -9999 -9999
-9999 -9999 -9999 -9999 -9999 -9999 -9999 -9999 -9999 -9999 -9999 -9999 3.81911E-1 3.53683E-1 3.30703E-1 2.95478E-1 2.79847E-1 2.52268E-1 2.17251E-1 2.0052E-1 1.84617E-1 1.70065E-1 1.45384E-1 1.2744E-1 1.22239E-1 1.09778E-1 1.07357E-1 1.04945E-1 1.06962E-1 9.84521E-2 8.70143E-2 8.32053E-2 8.02364E-2 7.71247E-2 7.18314E-2 6.95105E-2 7.10464E-2 7.08615E-2 6.62917E-2 6.73759E-2 6.42746E-2 6.17872E-2 6.60144E-2 7.18145E-2 7.47006E-2 7.83238E-2 7.37697E-2 7.8304E-2 8.54311E-2 9.63063E-2 9.76963E-2 9.09481E-2 1.10805E-1 1.30394E-1 1.32567E-1 1.26915E-1 1.52584E-1 1.97124E-1 2.55004E-1 2.87209E-1 3.0874E-1 3.38582E-1 3.6278E-1 -9999 -9999 -9999 -9999 -9999 -9999 -9999 -9999 -9999
-9999 -9999 -9999 -9999 -9999 -9999 -9999 -9999 -9999 -9999 -9999 -9999 3.76039E-1 3.50872E-1 3.18908E-1 2.86175E-1 2.68655E-1 2.38838E-1 2.21591E-1 1.88917E-1 1.72848E-1 1.57887E-1 1.51416E-1 1.31647E-1 1.18369E-1 1.06149E-1 9.83169E-2 1.07829E-1 1.01924E-1 9.21586E-2 8.43191E-2 7.92694E-2 7.38539E-2 6.78284E-2 6.64837E-2 6.65444E-2 7.09487E-2 7.05949E-2 6.35037E-2 5.83417E-2 6.63243E-2 6.44309E-2 6.63271E-2 6.77985E-2 6.84899E-2 7.38924E-2 6.44689E-2 7.0167E-2 8.14659E-2 9.12787E-2 9.85698E-2 9.41815E-2 1.05222E-1 1.16479E-1 1.23651E-1 1.15692E-1 1.2887E-1 1.67517E-1 2.36181E-1 2.66306E-1 2.77102E-1 3.27829E-1 -9999 -9999 -9999 -9999 -9999 -9999 -9999 -9999 -9999 -9999
-9999 -9999 -9999 -9999 -9999 -9999 -9999 -9999 -9999 -9999 -9999 -9999 3.76091E-1 3.50685E-1 3.25837E-1 2.94218E-1 2.65884E-1 2.45897E-1 2.09295E-1 1.87605E-1 1.61533E-1 1.51786E-1 1.4334E-1 1.37127E-1 1.11229E-1 1.12175E-1 1.05425E-1 1.04737E-1 9.80512E-2 8.29068E-2 8.05925E-2 7.93695E-2 7.183E-2 6.91557E-2 6.69629E-2 6.88525E-2 6.78188E-2 6.76489E-2 6.68946E-2 6.13759E-2 5.92927E-2 6.69099E-2 6.54787E-2 6.75694E-2 6.21984E-2 6.68655E-2 6.7203E-2 6.60336E-2 7.58533E-2 8.99828E-2 9.38152E-2 1.00732E-1 1.06193E-1 1.18471E-1 1.27349E-1 1.06366E-1 1.27361E-1 1.86691E-1 2.08682E-1 2.46422E-1 2.73306E-1 3.16316E-1 -9999 -9999 -9999 -9999 -9999 -9999 -9999 -9999 -9999 -9999
