Artocarpus altilis SDM files/Last interglacial/results (with bias file)/Artalt_min.asc
ncols         1201
nrows         481
xllcorner     119.99986351115
yllcorner     -15.00013864885
cellsize      0.041666667
NODATA_value  -9999
[rows 320 to 351 of 481, columns 648 to 719 of 1201]
6.03579E-2 7.73007E-2 7.5228E-2 6.21644E-2 4.64651E-2 2.6154E-2 2.35857E-2 3.48754E-2 2.31387E-2 2.4746E-2 4.98342E-2 6.74933E-2 1.35674E-1 1.7666E-1 2.0043E-1 2.11896E-1 2.16006E-1 2.391E-1 2.59721E-1 2.81915E-1 2.86195E-1 3.14443E-1 3.19476E-1 3.38607E-1 3.38014E-1 3.64429E-1 3.80991E-1 3.94207E-1 3.98655E-1 -9999 -9999 -9999 -9999 -9999 -9999 -9999 -9999 -9999 -9999 -9999 -9999 -9999 -9999 -9999 -9999 -9999 -9999 -9999 -9999 -9999 -9999 -9999 -9999 -9999 -9999 -9999 -9999 -9999 -9999 -9999 -9999 -9999 -9999 -9999 -9999 -9999 -9999 -9999 -9999 -9999 -9999 -9999
8.75634E-2 5.69374E-2 4.56485E-2 4.09212E-2 2.91506E-2 2.36335E-2 2.1674E-2 2.83878E-2 1.63805E-2 1.99794E-2 3.53246E-2 4.28747E-2 1.17694E-1 1.6356E-1 1.64908E-1 1.67302E-1 2.10144E-1 2.37823E-1 2.5357E-1 2.69093E-1 2.93629E-1 2.93858E-1 3.04962E-1 3.12377E-1 3.23982E-1 3.38252E-1 3.53743E-1 3.78726E-1 3.88948E-1 -9999 -9999 -9999 -9999 -9999 -9999 -9999 -9999 -9999 -9999 -9999 -9999 -9999 -9999 -9999 -9999 -9999 -9999 -9999 -9999 -9999 -9999 -9999 -9999 -9999 -9999 -9999 -9999 -9999 -9999 -9999 -9999 -9999 -9999 -9999 -9999 -9999 -9999 -9999 -9999 -9999 -9999 -9999
9.77406E-2 9.32988E-2 6.03898E-2 4.50618E-2 3.61962E-2 3.03172E-2 2.86354E-2 2.33031E-2 1.59319E-2 1.48796E-2 1.99047E-2 3.73928E-2 8.55884E-2 1.24688E-1 1.40841E-1 9.53553E-2 1.33186E-1 1.94798E-1 2.29753E-1 2.55865E-1 2.81664E-1 2.78817E-1 2.92145E-1 3.04775E-1 3.10355E-1 3.25854E-1 3.39639E-1 3.52001E-1 3.64635E-1 -9999 -9999 -9999 -9999 -9999 -9999 -9999 -9999 -9999 -9999 -9999 -9999 -9999 -9999 -9999 -9999 -9999 -9999 -9999 -9999 -9999 -9999 -9999 -9999 -9999 -9999 -9999 -9999 -9999 -9999 -9999 -9999 -9999 -9999 -9999 -9999 -9999 -9999 -9999 -9999 -9999 -9999 -9999
6.74092E-2 5.52289E-2 4.69421E-2 4.28994E-2 4.51483E-2 4.7128E-2 3.14437E-2 2.3534E-2 1.63177E-2 2.04698E-2 2.20797E-2 3.7238E-2 7.03133E-2 1.02135E-1 1.11063E-1 6.1782E-2 9.92704E-2 1.61057E-1 2.13546E-1 2.68654E-1 2.61376E-1 2.66311E-1 2.79845E-1 2.93817E-1 3.04648E-1 3.12438E-1 3.26395E-1 3.39034E-1 3.53305E-1 3.64528E-1 -9999 -9999 -9999 -9999 -9999 -9999 -9999 -9999 -9999 -9999 -9999 -9999 -9999 -9999 -9999 -9999 -9999 -9999 -9999 -9999 -9999 -9999 -9999 -9999 -9999 -9999 -9999 -9999 -9999 -9999 -9999 -9999 -9999 -9999 -9999 -9999 -9999 -9999 -9999 -9999 -9999 -9999
1.17519E-1 8.05939E-2 6.44239E-2 5.06642E-2 4.23426E-2 5.06986E-2 3.39278E-2 2.34095E-2 2.14442E-2 3.38833E-2 3.32782E-2 2.95275E-2 5.78336E-2 8.04574E-2 8.11468E-2 4.9855E-2 9.69034E-2 1.21037E-1 1.97139E-1 2.43466E-1 2.51236E-1 2.90935E-1 2.72297E-1 2.82054E-1 2.90603E-1 3.11109E-1 3.22821E-1 3.28901E-1 3.42911E-1 3.51302E-1 -9999 -9999 -9999 -9999 -9999 -9999 -9999 -9999 -9999 -9999 -9999 -9999 -9999 -9999 -9999 -9999 -9999 -9999 -9999 -9999 -9999 -9999 -9999 -9999 -9999 -9999 -9999 -9999 -9999 -9999 -9999 -9999 -9999 -9999 -9999 -9999 -9999 -9999 -9999 -9999 -9999 -9999
8.29238E-2 1.0197E-1 9.01772E-2 6.99799E-2 4.58591E-2 5.24439E-2 4.90196E-2 2.80794E-2 2.24828E-2 2.67673E-2 4.25864E-2 5.60085E-2 7.01964E-2 1.08142E-1 6.8115E-2 5.0094E-2 7.60555E-2 1.33965E-1 1.85386E-1 2.00573E-1 2.64056E-1 2.56939E-1 2.62471E-1 2.97208E-1 3.10606E-1 3.1567E-1 3.04236E-1 3.15389E-1 3.27732E-1 3.44204E-1 -9999 -9999 -9999 -9999 -9999 -9999 -9999 -9999 -9999 -9999 -9999 -9999 -9999 -9999 -9999 -9999 -9999 -9999 -9999 -9999 -9999 -9999 -9999 -9999 -9999 -9999 -9999 -9999 -9999 -9999 -9999 -9999 -9999 -9999 -9999 -9999 -9999 -9999 -9999 -9999 -9999 -9999
8.4051E-2 6.45922E-2 7.61425E-2 6.63919E-2 5.03102E-2 4.88292E-2 5.73032E-2 3.22423E-2 2.65577E-2 2.25382E-2 3.1982E-2 3.98397E-2 6.88442E-2 1.2354E-1 1.0286E-1 5.8505E-2 7.39731E-2 1.14342E-1 1.78308E-1 1.66118E-1 2.32703E-1 2.65519E-1 2.57582E-1 3.01234E-1 2.93687E-1 2.77678E-1 3.12124E-1 3.01996E-1 3.06658E-1 3.23833E-1 -9999 -9999 -9999 -9999 -9999 -9999 -9999 -9999 -9999 -9999 -9999 -9999 -9999 -9999 -9999 -9999 -9999 -9999 -9999 -9999 -9999 -9999 -9999 -9999 -9999 -9999 -9999 -9999 -9999 -9999 -9999 -9999 -9999 -9999 -9999 -9999 -9999 -9999 -9999 -9999 -9999 -9999
1.19913E-1 7.15534E-2 5.37928E-2 4.73568E-2 4.20403E-2 5.22757E-2 6.05806E-2 3.38246E-2 3.60126E-2 2.44539E-2 2.56436E-2 3.96905E-2 5.77904E-2 1.03646E-1 1.5658E-1 1.07046E-1 1.23428E-1 1.45804E-1 1.33109E-1 1.40701E-1 2.15854E-1 2.37775E-1 2.7798E-1 2.66807E-1 2.80933E-1 3.01449E-1 3.20914E-1 2.88516E-1 3.33514E-1 3.11096E-1 3.17535E-1 -9999 -9999 -9999 -9999 -9999 -9999 -9999 -9999 -9999 -9999 -9999 -9999 -9999 -9999 -9999 -9999 -9999 -9999 -9999 -9999 -9999 -9999 -9999 -9999 -9999 -9999 -9999 -9999 -9999 -9999 -9999 -9999 -9999 -9999 -9999 -9999 -9999 -9999 -9999 -9999 -9999
1.43011E-1 1.09616E-1 8.58736E-2 4.92119E-2 4.53711E-2 4.89257E-2 6.69597E-2 4.69826E-2 4.98327E-2 2.37217E-2 1.87162E-2 3.03344E-2 5.94174E-2 7.61552E-2 1.17814E-1 1.66429E-1 1.12695E-1 7.41348E-2 9.28811E-2 1.44588E-1 1.64034E-1 2.22938E-1 2.49561E-1 2.64218E-1 2.79739E-1 2.89556E-1 2.9264E-1 2.9516E-1 3.20611E-1 2.94209E-1 3.06834E-1 3.3624E-1 3.27385E-1 3.40429E-1 -9999 -9999 -9999 -9999 -9999 -9999 -9999 -9999 -9999 -9999 -9999 -9999 -9999 -9999 -9999 -9999 -9999 -9999 -9999 -9999 -9999 -9999 -9999 -9999 -9999 -9999 -9999 -9999 -9999 -9999 -9999 -9999 -9999 -9999 -9999 -9999 -9999 -9999
1.5138E-1 1.13615E-1 8.33778E-2 7.67455E-2 5.6464E-2 5.39133E-2 7.53911E-2 6.36717E-2 5.0634E-2 2.6841E-2 1.92231E-2 2.82304E-2 4.65448E-2 4.49707E-2 8.58217E-2 1.61621E-1 1.02693E-1 6.44638E-2 5.72468E-2 8.17171E-2 1.23046E-1 1.77437E-1 2.09455E-1 2.57285E-1 2.60286E-1 2.6879E-1 2.85652E-1 2.83658E-1 3.04222E-1 3.20795E-1 2.91409E-1 3.10547E-1 3.18072E-1 3.29633E-1 3.38417E-1 -9999 -9999 -9999 -9999 -9999 -9999 -9999 -9999 -9999 -9999 -9999 -9999 -9999 -9999 -9999 -9999 -9999 -9999 -9999 -9999 -9999 -9999 -9999 -9999 -9999 -9999 -9999 -9999 -9999 -9999 -9999 -9999 -9999 -9999 -9999 -9999 -9999
1.39705E-1 9.7517E-2 1.28224E-1 1.02738E-1 6.71543E-2 5.58345E-2 7.30058E-2 5.79919E-2 3.30286E-2 2.07755E-2 1.6544E-2 1.61044E-2 2.02789E-2 3.17945E-2 6.45824E-2 1.44899E-1 1.21124E-1 6.535E-2 4.68572E-2 6.29868E-2 8.22404E-2 1.27094E-1 1.74894E-1 2.51366E-1 2.50631E-1 2.49654E-1 2.56204E-1 2.74307E-1 2.74174E-1 2.86215E-1 3.06431E-1 3.22374E-1 3.54593E-1 3.46069E-1 3.23358E-1 3.66747E-1 -9999 -9999 -9999 -9999 -9999 -9999 -9999 -9999 -9999 -9999 -9999 -9999 -9999 -9999 -9999 -9999 -9999 -9999 -9999 -9999 -9999 -9999 -9999 -9999 -9999 -9999 -9999 -9999 -9999 -9999 -9999 -9999 -9999 -9999 -9999 -9999
1.46436E-1 1.39176E-1 1.45866E-1 9.24832E-2 7.29463E-2 6.74474E-2 8.93569E-2 4.67125E-2 5.18774E-2 2.96997E-2 1.7896E-2 1.50144E-2 1.731E-2 3.40363E-2 7.02981E-2 1.36708E-1 1.30242E-1 7.21588E-2 7.56897E-2 5.60162E-2 7.50802E-2 1.35188E-1 2.07359E-1 2.43298E-1 2.31798E-1 2.33552E-1 2.31661E-1 2.3554E-1 2.54586E-1 2.75008E-1 2.9886E-1 3.12746E-1 3.10745E-1 3.41235E-1 3.63217E-1 3.39219E-1 -9999 -9999 -9999 -9999 -9999 -9999 -9999 -9999 -9999 -9999 -9999 -9999 -9999 -9999 -9999 -9999 -9999 -9999 -9999 -9999 -9999 -9999 -9999 -9999 -9999 -9999 -9999 -9999 -9999 -9999 -9999 -9999 -9999 -9999 -9999 -9999
1.60934E-1 1.72321E-1 1.76611E-1 1.10741E-1 6.54205E-2 6.61511E-2 9.67003E-2 7.1726E-2 7.56737E-2 3.65164E-2 1.8878E-2 1.82996E-2 2.02559E-2 4.11085E-2 7.13002E-2 9.84036E-2 1.51666E-1 1.09515E-1 1.07831E-1 9.6848E-2 8.31006E-2 1.11009E-1 1.61064E-1 2.24184E-1 2.33786E-1 2.13463E-1 2.05918E-1 1.99711E-1 2.1326E-1 2.25932E-1 2.68169E-1 2.92429E-1 3.01156E-1 3.26825E-1 3.2615E-1 3.3156E-1 -9999 -9999 -9999 -9999 -9999 -9999 -9999 -9999 -9999 -9999 -9999 -9999 -9999 -9999 -9999 -9999 -9999 -9999 -9999 -9999 -9999 -9999 -9999 -9999 -9999 -9999 -9999 -9999 -9999 -9999 -9999 -9999 -9999 -9999 -9999 -9999
2.24283E-1 1.86415E-1 1.32582E-1 1.16409E-1 7.15295E-2 7.0579E-2 9.40226E-2 1.04951E-1 1.13074E-1 6.14952E-2 2.85739E-2 2.84135E-2 1.79055E-2 3.21592E-2 3.73868E-2 7.09374E-2 1.32504E-1 1.65092E-1 1.24589E-1 1.14423E-1 7.60748E-2 9.51076E-2 1.42453E-1 2.04499E-1 2.10596E-1 1.85086E-1 1.67492E-1 1.64541E-1 1.62501E-1 2.00686E-1 2.28124E-1 2.28942E-1 2.53375E-1 2.90349E-1 3.09245E-1 3.52891E-1 -9999 -9999 -9999 -9999 -9999 -9999 -9999 -9999 -9999 -9999 -9999 -9999 -9999 -9999 -9999 -9999 -9999 -9999 -9999 -9999 -9999 -9999 -9999 -9999 -9999 -9999 -9999 -9999 -9999 -9999 -9999 -9999 -9999 -9999 -9999 -9999
2.77692E-1 2.08944E-1 1.78468E-1 1.38661E-1 9.00524E-2 9.05518E-2 9.99597E-2 1.34908E-1 1.50823E-1 1.08572E-1 6.11754E-2 3.92014E-2 1.72318E-2 1.67949E-2 3.72248E-2 4.77419E-2 7.80104E-2 1.48295E-1 1.59012E-1 1.30064E-1 1.14978E-1 1.2733E-1 1.5274E-1 2.05144E-1 1.82382E-1 1.6975E-1 1.36126E-1 1.12586E-1 1.16829E-1 1.70441E-1 1.81224E-1 1.73879E-1 1.80659E-1 2.29079E-1 2.64015E-1 3.11173E-1 3.26214E-1 -9999 -9999 -9999 -9999 -9999 -9999 -9999 -9999 -9999 -9999 -9999 -9999 -9999 -9999 -9999 -9999 -9999 -9999 -9999 -9999 -9999 -9999 -9999 -9999 -9999 -9999 -9999 -9999 -9999 -9999 -9999 -9999 -9999 -9999 -9999
2.84583E-1 2.43686E-1 2.03393E-1 1.71301E-1 1.29348E-1 1.35372E-1 1.68784E-1 1.92607E-1 1.51789E-1 8.56358E-2 5.15998E-2 3.60346E-2 2.43199E-2 1.81988E-2 2.25106E-2 3.73725E-2 5.31031E-2 8.50725E-2 1.23304E-1 1.21291E-1 1.33062E-1 1.60175E-1 1.68658E-1 1.77454E-1 1.75198E-1 1.48503E-1 1.16931E-1 7.50707E-2 9.12012E-2 1.36572E-1 1.38412E-1 1.13211E-1 1.2601E-1 1.64347E-1 2.03231E-1 2.48488E-1 2.98424E-1 -9999 -9999 -9999 -9999 -9999 -9999 -9999 -9999 -9999 -9999 -9999 -9999 -9999 -9999 -9999 -9999 -9999 -9999 -9999 -9999 -9999 -9999 -9999 -9999 -9999 -9999 -9999 -9999 -9999 -9999 -9999 -9999 -9999 -9999 -9999
3.32031E-1 3.01891E-1 2.62687E-1 2.09016E-1 1.78769E-1 2.03364E-1 1.96308E-1 2.11353E-1 1.80351E-1 9.64078E-2 6.95279E-2 5.39742E-2 3.99341E-2 3.07425E-2 3.72845E-2 2.69741E-2 4.37535E-2 5.73898E-2 5.03969E-2 5.14295E-2 6.5345E-2 6.66664E-2 8.9254E-2 1.28516E-1 1.61132E-1 1.40515E-1 1.27573E-1 1.05509E-1 1.03703E-1 1.2078E-1 1.01548E-1 6.09697E-2 6.6303E-2 1.14863E-1 1.38788E-1 2.12589E-1 2.65839E-1 -9999 -9999 -9999 -9999 -9999 -9999 -9999 -9999 -9999 -9999 -9999 -9999 -9999 -9999 -9999 -9999 -9999 -9999 -9999 -9999 -9999 -9999 -9999 -9999 -9999 -9999 -9999 -9999 -9999 -9999 -9999 -9999 -9999 -9999 -9999
3.79611E-1 3.52995E-1 3.35984E-1 2.87823E-1 2.59309E-1 2.72916E-1 2.61299E-1 2.36806E-1 1.8098E-1 1.28964E-1 1.18474E-1 7.49045E-2 5.20684E-2 5.7201E-2 6.3221E-2 3.89789E-2 2.79748E-2 4.59597E-2 3.54251E-2 2.93706E-2 3.78018E-2 2.87549E-2 3.45855E-2 7.43361E-2 1.27956E-1 1.059E-1 1.11283E-1 1.1859E-1 1.12266E-1 1.08953E-1 8.81802E-2 6.76208E-2 7.53353E-2 7.75116E-2 1.11607E-1 1.98451E-1 2.68202E-1 2.86774E-1 -9999 -9999 -9999 -9999 -9999 -9999 -9999 -9999 -9999 -9999 -9999 3.87519E-1 4.25155E-1 4.09121E-1 4.14275E-1 4.1864E-1 4.52581E-1 4.59812E-1 -9999 -9999 -9999 -9999 -9999 -9999 -9999 -9999 -9999 -9999 -9999 -9999 -9999 -9999 -9999 -9999
3.99379E-1 3.83745E-1 3.7355E-1 3.38746E-1 3.27052E-1 3.06716E-1 2.57823E-1 2.06331E-1 1.88924E-1 1.34363E-1 9.43272E-2 8.79549E-2 9.60954E-2 1.12213E-1 9.02573E-2 7.64263E-2 3.94908E-2 3.81386E-2 3.16156E-2 2.40201E-2 2.69185E-2 2.52948E-2 4.01472E-2 5.38214E-2 9.34189E-2 8.1298E-2 7.59342E-2 6.60794E-2 9.21267E-2 8.77216E-2 8.40659E-2 8.97729E-2 1.03376E-1 1.04405E-1 1.32942E-1 1.75219E-1 2.44432E-1 2.79831E-1 -9999 -9999 -9999 -9999 -9999 -9999 -9999 3.90329E-1 3.94034E-1 4.3335E-1 4.30309E-1 4.08427E-1 3.65333E-1 3.90751E-1 3.7543E-1 3.68961E-1 3.79929E-1 4.59151E-1 -9999 -9999 -9999 -9999 -9999 -9999 -9999 -9999 -9999 -9999 -9999 -9999 -9999 -9999 -9999 -9999
4.12433E-1 3.99822E-1 3.87364E-1 3.72806E-1 3.44886E-1 3.40394E-1 2.77976E-1 2.13986E-1 2.04053E-1 1.47022E-1 1.20758E-1 1.01443E-1 1.36439E-1 1.27854E-1 8.32431E-2 6.37872E-2 5.07245E-2 3.44834E-2 2.5979E-2 2.05275E-2 1.83473E-2 2.102E-2 2.61932E-2 3.49885E-2 6.38363E-2 7.42557E-2 4.81081E-2 4.71485E-2 6.60167E-2 8.34632E-2 9.07625E-2 1.04481E-1 1.32979E-1 1.23362E-1 1.2679E-1 1.57068E-1 1.82818E-1 2.59263E-1 2.77163E-1 2.779E-1 2.91357E-1 3.05102E-1 3.31696E-1 3.63435E-1 3.44098E-1 3.57622E-1 3.8257E-1 3.86342E-1 3.89719E-1 3.74714E-1 3.17938E-1 2.40573E-1 2.77475E-1 3.10127E-1 3.79559E-1 4.50664E-1 -9999 -9999 -9999 -9999 -9999 -9999 -9999 -9999 -9999 -9999 -9999 -9999 -9999 -9999 -9999 -9999
4.23744E-1 4.12974E-1 4.05431E-1 3.86596E-1 3.74847E-1 3.40174E-1 3.13225E-1 2.65281E-1 2.57697E-1 2.19057E-1 1.74547E-1 1.66877E-1 1.16088E-1 1.35103E-1 9.51915E-2 8.47917E-2 5.9409E-2 3.77219E-2 3.23155E-2 1.66315E-2 1.67097E-2 2.20626E-2 2.62613E-2 3.47534E-2 5.32296E-2 8.26509E-2 6.61442E-2 5.54582E-2 5.86997E-2 7.89239E-2 1.04223E-1 9.53333E-2 1.32761E-1 1.11741E-1 9.94428E-2 1.21026E-1 1.4815E-1 2.39134E-1 2.599E-1 2.76294E-1 2.7336E-1 2.92277E-1 3.0666E-1 3.26322E-1 3.32996E-1 3.57568E-1 3.73427E-1 3.40064E-1 3.22972E-1 3.07716E-1 2.73863E-1 1.2107E-1 1.79488E-1 3.13459E-1 3.7757E-1 4.35495E-1 -9999 -9999 -9999 -9999 -9999 -9999 -9999 -9999 -9999 -9999 -9999 -9999 -9999 -9999 -9999 -9999
4.35085E-1 4.26183E-1 4.13682E-1 3.9582E-1 3.87588E-1 3.70044E-1 3.47921E-1 3.07953E-1 2.9601E-1 2.6262E-1 2.35488E-1 1.72606E-1 1.24222E-1 1.27763E-1 1.14592E-1 8.33245E-2 5.5233E-2 3.85429E-2 3.29349E-2 2.49221E-2 1.7503E-2 2.48413E-2 2.94602E-2 3.33049E-2 3.76729E-2 5.843E-2 6.33296E-2 5.24612E-2 5.31092E-2 8.0188E-2 9.97081E-2 1.13761E-1 1.3051E-1 1.38491E-1 1.29148E-1 1.50145E-1 2.03219E-1 2.39359E-1 2.56206E-1 2.65313E-1 2.74715E-1 2.75589E-1 2.91397E-1 3.20965E-1 3.16579E-1 3.43626E-1 3.35081E-1 3.09294E-1 2.31078E-1 1.24301E-1 1.81113E-1 1.9956E-1 2.2172E-1 3.7373E-1 4.50335E-1 4.57234E-1 -9999 -9999 -9999 -9999 -9999 -9999 -9999 -9999 -9999 -9999 -9999 -9999 -9999 -9999 -9999 -9999
4.66682E-1 4.42073E-1 4.22533E-1 4.08326E-1 3.952E-1 3.87596E-1 3.48099E-1 3.1707E-1 2.92249E-1 2.46043E-1 2.16041E-1 1.50419E-1 1.33555E-1 1.17965E-1 1.19605E-1 9.66755E-2 5.36984E-2 4.28681E-2 3.2177E-2 2.95732E-2 2.09785E-2 2.27008E-2 3.01295E-2 2.01371E-2 3.33874E-2 3.4741E-2 5.56348E-2 5.6816E-2 6.80345E-2 7.88759E-2 1.01708E-1 1.18063E-1 1.33734E-1 1.32085E-1 1.08177E-1 1.62704E-1 2.10865E-1 2.05828E-1 2.4995E-1 2.51563E-1 2.58689E-1 2.58214E-1 2.79852E-1 3.1262E-1 3.04203E-1 3.54524E-1 3.4579E-1 3.0259E-1 1.93169E-1 1.32794E-1 2.08607E-1 3.12971E-1 3.4992E-1 4.18187E-1 -9999 -9999 -9999 -9999 -9999 -9999 -9999 -9999 -9999 -9999 -9999 -9999 -9999 -9999 -9999 -9999 -9999 -9999
4.81473E-1 4.61555E-1 4.41863E-1 4.17621E-1 4.06331E-1 3.98281E-1 3.38425E-1 2.79722E-1 3.05492E-1 2.56518E-1 2.53648E-1 2.22411E-1 1.97278E-1 1.35999E-1 1.1017E-1 1.16934E-1 7.50214E-2 5.18905E-2 3.37803E-2 3.39117E-2 2.61502E-2 2.27952E-2 2.48775E-2 1.71215E-2 2.23769E-2 3.22554E-2 5.0909E-2 7.42816E-2 7.37753E-2 9.14409E-2 1.03082E-1 1.01093E-1 9.97676E-2 7.7283E-2 1.16539E-1 1.55681E-1 1.40903E-1 1.52705E-1 2.31064E-1 2.52447E-1 2.59636E-1 2.7497E-1 2.88269E-1 2.87945E-1 3.09893E-1 3.41551E-1 3.50431E-1 3.15864E-1 2.55047E-1 2.34224E-1 2.83719E-1 3.53954E-1 4.07602E-1 4.50901E-1 -9999 -9999 -9999 -9999 -9999 -9999 -9999 -9999 -9999 -9999 -9999 -9999 -9999 -9999 -9999 -9999 -9999 -9999
5.01296E-1 4.89431E-1 4.47031E-1 4.27938E-1 4.09547E-1 4.05059E-1 3.80637E-1 3.39195E-1 3.1918E-1 3.11163E-1 2.63456E-1 1.88274E-1 2.12239E-1 1.37223E-1 9.06042E-2 8.2547E-2 7.12297E-2 6.29188E-2 5.64008E-2 5.22497E-2 4.26792E-2 2.97627E-2 2.99239E-2 2.2142E-2 2.98988E-2 3.89302E-2 4.06722E-2 6.62711E-2 7.34281E-2 1.08725E-1 8.19563E-2 5.47628E-2 4.32883E-2 4.90955E-2 7.48958E-2 8.6825E-2 1.1984E-1 1.3535E-1 2.20394E-1 2.3588E-1 2.57559E-1 2.59106E-1 2.73529E-1 2.72752E-1 3.19033E-1 3.1868E-1 3.4598E-1 3.07986E-1 3.17865E-1 3.069E-1 3.41964E-1 3.88427E-1 4.21958E-1 4.37855E-1 -9999 -9999 -9999 -9999 -9999 -9999 -9999 -9999 -9999 -9999 -9999 -9999 -9999 -9999 -9999 -9999 -9999 -9999
5.2275E-1 4.95964E-1 4.60389E-1 4.17392E-1 4.17588E-1 4.08742E-1 3.72033E-1 3.74033E-1 3.31889E-1 2.9752E-1 2.09434E-1 2.03952E-1 1.79551E-1 1.4929E-1 1.09764E-1 1.09033E-1 9.12828E-2 8.42474E-2 1.06841E-1 7.89403E-2 5.72796E-2 4.86117E-2 4.35674E-2 2.82146E-2 3.29259E-2 4.2683E-2 3.92064E-2 5.79089E-2 9.07673E-2 1.10272E-1 6.8074E-2 4.71336E-2 3.72429E-2 5.03064E-2 6.81211E-2 8.52757E-2 1.21456E-1 1.38882E-1 1.96583E-1 2.29149E-1 2.56385E-1 2.45078E-1 2.75258E-1 2.79186E-1 3.02693E-1 3.24094E-1 3.17721E-1 3.56986E-1 3.64276E-1 3.61463E-1 3.78078E-1 4.12194E-1 4.14327E-1 -9999 -9999 -9999 -9999 -9999 -9999 -9999 -9999 -9999 -9999 -9999 -9999 -9999 -9999 -9999 -9999 -9999 -9999 -9999
5.32734E-1 5.05332E-1 4.59266E-1 4.19675E-1 4.15825E-1 4.13581E-1 4.07806E-1 3.85852E-1 2.90158E-1 2.55377E-1 2.35744E-1 2.18972E-1 1.84583E-1 1.77326E-1 1.83831E-1 1.64316E-1 1.28513E-1 1.23518E-1 1.33307E-1 8.9905E-2 8.13199E-2 7.41296E-2 4.85921E-2 4.78496E-2 3.87988E-2 3.05876E-2 5.45756E-2 7.83898E-2 5.60079E-2 6.00063E-2 4.35341E-2 4.73804E-2 5.32124E-2 6.37332E-2 7.34285E-2 9.19576E-2 1.11089E-1 1.63276E-1 1.71968E-1 1.97566E-1 2.37658E-1 2.55539E-1 2.736E-1 2.85727E-1 2.88112E-1 3.07059E-1 3.26781E-1 3.3086E-1 3.47933E-1 3.68378E-1 3.83475E-1 3.88919E-1 4.14508E-1 -9999 -9999 -9999 -9999 -9999 -9999 -9999 -9999 -9999 -9999 -9999 -9999 -9999 -9999 -9999 -9999 -9999 -9999 -9999
5.29996E-1 5.12933E-1 4.81441E-1 4.73533E-1 4.23477E-1 4.18049E-1 4.15153E-1 3.86433E-1 2.7406E-1 2.465E-1 2.58641E-1 2.3924E-1 1.82912E-1 1.88766E-1 2.3975E-1 1.65397E-1 2.03764E-1 1.40328E-1 1.56107E-1 1.04257E-1 1.19776E-1 1.13153E-1 9.30751E-2 8.67946E-2 5.55833E-2 3.18286E-2 3.21413E-2 3.41115E-2 5.24994E-2 6.29952E-2 8.78721E-2 7.52143E-2 6.60808E-2 6.10972E-2 7.13541E-2 1.01076E-1 1.06389E-1 1.57101E-1 1.59508E-1 1.71873E-1 2.22464E-1 2.45812E-1 2.83587E-1 2.78231E-1 2.87724E-1 2.99946E-1 2.96098E-1 3.04754E-1 3.38525E-1 3.60193E-1 3.81259E-1 3.7538E-1 4.1099E-1 -9999 -9999 -9999 -9999 -9999 -9999 -9999 -9999 -9999 -9999 -9999 -9999 -9999 -9999 -9999 -9999 -9999 -9999 -9999
5.45189E-1 5.26589E-1 5.01801E-1 4.87055E-1 4.63314E-1 4.27706E-1 4.13324E-1 4.00409E-1 3.59866E-1 2.05228E-1 2.42913E-1 2.47297E-1 2.14442E-1 2.22033E-1 2.5866E-1 2.26176E-1 2.33628E-1 1.67316E-1 1.43591E-1 1.63785E-1 1.60296E-1 1.47935E-1 9.79184E-2 5.86536E-2 4.19056E-2 2.50362E-2 3.2358E-2 3.49444E-2 4.82472E-2 5.37756E-2 6.76602E-2 1.06735E-1 8.69982E-2 8.73393E-2 1.00277E-1 8.95238E-2 9.74212E-2 1.4658E-1 1.55936E-1 1.78464E-1 2.05997E-1 2.40694E-1 2.48101E-1 2.30159E-1 2.47104E-1 2.438E-1 2.8865E-1 2.96863E-1 3.27968E-1 3.28832E-1 3.41146E-1 3.64004E-1 3.99848E-1 4.17375E-1 -9999 -9999 -9999 -9999 -9999 -9999 -9999 -9999 -9999 -9999 -9999 -9999 -9999 -9999 -9999 -9999 -9999 -9999
5.57691E-1 5.51139E-1 5.34719E-1 -9999 4.84531E-1 4.5931E-1 4.28962E-1 4.21884E-1 3.99692E-1 3.17894E-1 2.15955E-1 2.50285E-1 2.30212E-1 2.26109E-1 3.05096E-1 2.73544E-1 2.55185E-1 2.0579E-1 1.63658E-1 1.56067E-1 1.86305E-1 1.27953E-1 8.99996E-2 5.81614E-2 3.69492E-2 3.27524E-2 4.26396E-2 5.50019E-2 7.78378E-2 5.88304E-2 6.97263E-2 8.26684E-2 9.34053E-2 1.06244E-1 1.16527E-1 1.41339E-1 1.1866E-1 1.07291E-1 1.7226E-1 1.69347E-1 1.93123E-1 1.62401E-1 1.64904E-1 1.2674E-1 1.21373E-1 1.05574E-1 2.01844E-1 2.45184E-1 2.63409E-1 2.93681E-1 3.01936E-1 3.45928E-1 3.87661E-1 4.15489E-1 4.35269E-1 4.46658E-1 4.62453E-1 -9999 -9999 -9999 -9999 -9999 -9999 -9999 -9999 -9999 -9999 -9999 -9999 -9999 -9999 -9999
-9999 -9999 -9999 -9999 -9999 4.65427E-1 4.47168E-1 4.36692E-1 4.23341E-1 3.97175E-1 3.35527E-1 2.21648E-1 2.69649E-1 2.8895E-1 2.74372E-1 3.05063E-1 2.56706E-1 2.79102E-1 2.56975E-1 2.12576E-1 2.00661E-1 1.42416E-1 1.28E-1 9.90467E-2 5.68453E-2 3.6021E-2 5.73592E-2 7.02086E-2 6.93556E-2 7.84525E-2 6.98337E-2 5.99094E-2 7.04124E-2 1.11146E-1 1.22402E-1 1.50273E-1 1.32976E-1 1.33384E-1 1.30421E-1 1.58236E-1 1.51067E-1 1.30878E-1 1.41687E-1 1.97135E-1 1.56228E-1 1.28735E-1 1.41957E-1 9.57489E-2 1.06403E-1 1.60619E-1 2.44916E-1 2.86838E-1 3.46429E-1 4.08289E-1 4.25208E-1 4.44276E-1 4.67927E-1 4.8775E-1 5.01823E-1 -9999 -9999 -9999 -9999 -9999 -9999 -9999 -9999 -9999 -9999 -9999 -9999 -9999
-9999 -9999 -9999 -9999 -9999 -9999 -9999 -9999 4.39913E-1 4.23246E-1 4.01797E-1 3.01858E-1 3.19712E-1 3.1014E-1 2.93197E-1 3.22087E-1 2.80479E-1 2.80356E-1 2.95307E-1 2.49468E-1 2.02688E-1 1.93941E-1 1.67781E-1 1.09204E-1 1.04205E-1 7.05358E-2 4.53719E-2 6.24568E-2 6.91548E-2 6.71577E-2 8.95954E-2 1.23948E-1 1.20119E-1 6.27015E-2 1.03793E-1 1.48459E-1 1.49663E-1 1.53124E-1 1.73415E-1 1.66501E-1 1.8588E-1 2.11406E-1 2.45011E-1 2.19236E-1 1.82549E-1 1.38905E-1 8.49139E-2 5.79977E-2 4.74063E-2 7.8796E-2 1.29404E-1 2.40373E-1 3.13566E-1 3.67632E-1 4.06509E-1 4.41862E-1 4.61164E-1 4.62523E-1 5.05239E-1 5.0615E-1 4.76514E-1 5.11283E-1 -9999 5.67409E-1 5.84768E-1 5.99298E-1 6.35059E-1 -9999 -9999 -9999 -9999 -9999
