Artocarpus altilis SDM files/Last interglacial/results (with bias file)/Artalt_stddev.asc
ncols         1201
nrows         481
xllcorner     119.99986351115
yllcorner     -15.00013864885
cellsize      0.041666667
NODATA_value  -9999
[rows 128 to 159 of 481, columns 288 to 359 of 1201]
-9999 -9999 -9999 -9999 -9999 -9999 -9999 -9999 -9999 -9999 -9999 -9999 -9999 -9999 -9999 -9999 -9999 -9999 -9999 -9999 -9999 -9999 -9999 -9999 -9999 -9999 -9999 -9999 -9999 -9999 -9999 -9999 -9999 -9999 -9999 -9999 -9999 -9999 -9999 -9999 -9999 -9999 -9999 -9999 -9999 -9999 -9999 -9999 -9999 -9999 -9999 -9999 -9999 -9999 -9999 -9999 -9999 -9999 -9999 -9999 -9999 -9999 -9999 -9999 -9999 -9999 -9999 -9999 -9999 -9999 -9999 -9999
-9999 -9999 -9999 2.72457E-2 2.57196E-2 -9999 -9999 -9999 3.69437E-2 3.55567E-2 3.41903E-2 3.49453E-2 3.58989E-2 3.6378E-2 3.47338E-2 3.63464E-2 3.70087E-2 -9999 -9999 -9999 -9999 -9999 -9999 -9999 -9999 -9999 -9999 -9999 -9999 -9999 -9999 -9999 -9999 -9999 -9999 -9999 -9999 -9999 -9999 -9999 -9999 -9999 -9999 -9999 -9999 -9999 -9999 -9999 -9999 -9999 -9999 -9999 -9999 -9999 -9999 -9999 -9999 -9999 -9999 -9999 -9999 -9999 -9999 -9999 -9999 -9999 -9999 -9999 -9999 -9999 -9999 -9999
-9999 -9999 -9999 -9999 3.21916E-2 3.90918E-2 3.24026E-2 2.40941E-2 2.13863E-2 2.06214E-2 1.92558E-2 2.1129E-2 2.69335E-2 2.80645E-2 2.74454E-2 2.57512E-2 2.75092E-2 2.8752E-2 3.72164E-2 -9999 -9999 -9999 -9999 -9999 -9999 -9999 -9999 -9999 -9999 -9999 -9999 -9999 -9999 -9999 -9999 -9999 -9999 -9999 -9999 -9999 -9999 -9999 -9999 -9999 -9999 -9999 -9999 -9999 -9999 -9999 -9999 -9999 -9999 -9999 -9999 -9999 -9999 -9999 -9999 -9999 -9999 -9999 -9999 -9999 -9999 -9999 -9999 -9999 -9999 -9999 -9999 -9999
-9999 -9999 -9999 3.34881E-2 3.32753E-2 2.61322E-2 2.48419E-2 3.04251E-2 3.00649E-2 2.74924E-2 2.93865E-2 2.73807E-2 1.81228E-2 2.15107E-2 2.321E-2 2.44651E-2 2.31819E-2 2.4091E-2 1.93014E-2 3.86243E-2 3.87548E-2 3.95986E-2 3.9654E-2 4.01398E-2 -9999 -9999 -9999 -9999 -9999 -9999 -9999 -9999 -9999 -9999 -9999 -9999 -9999 -9999 -9999 -9999 -9999 -9999 -9999 -9999 -9999 -9999 -9999 -9999 -9999 -9999 -9999 -9999 -9999 -9999 -9999 -9999 -9999 -9999 -9999 -9999 -9999 -9999 -9999 -9999 -9999 -9999 -9999 -9999 -9999 -9999 -9999 -9999
-9999 3.22624E-2 3.78621E-2 3.71403E-2 3.06168E-2 3.50722E-2 3.58109E-2 3.00525E-2 2.55992E-2 2.70287E-2 3.13752E-2 2.55239E-2 1.84655E-2 1.95678E-2 1.60207E-2 1.43132E-2 1.32136E-2 1.46783E-2 2.50381E-2 3.29867E-2 2.75729E-2 2.74338E-2 3.56942E-2 3.94724E-2 3.98132E-2 -9999 -9999 -9999 -9999 -9999 -9999 -9999 -9999 -9999 -9999 -9999 -9999 -9999 -9999 -9999 -9999 -9999 -9999 -9999 -9999 -9999 -9999 -9999 -9999 -9999 -9999 -9999 -9999 -9999 -9999 -9999 -9999 -9999 -9999 -9999 -9999 -9999 -9999 -9999 -9999 -9999 -9999 -9999 -9999 -9999 -9999 -9999
-9999 3.09536E-2 2.65539E-2 2.22029E-2 2.76668E-2 2.95046E-2 2.68228E-2 2.41787E-2 2.3244E-2 2.30967E-2 2.41192E-2 2.40388E-2 1.80532E-2 2.38155E-2 2.399E-2 2.30018E-2 2.13297E-2 2.29915E-2 2.35548E-2 2.47747E-2 2.28489E-2 2.62192E-2 2.35726E-2 2.38161E-2 3.62833E-2 3.80962E-2 3.85401E-2 -9999 -9999 -9999 -9999 -9999 -9999 -9999 -9999 -9999 -9999 -9999 -9999 -9999 -9999 -9999 -9999 -9999 -9999 -9999 -9999 -9999 -9999 -9999 -9999 -9999 -9999 -9999 -9999 -9999 -9999 -9999 -9999 -9999 -9999 -9999 -9999 -9999 -9999 -9999 -9999 -9999 -9999 -9999 -9999 -9999
2.46682E-2 2.62053E-2 1.9001E-2 1.44122E-2 2.36155E-2 2.2863E-2 2.15809E-2 2.15564E-2 2.11049E-2 2.057E-2 2.13272E-2 2.17048E-2 2.16605E-2 2.18165E-2 2.19652E-2 1.27231E-2 2.09504E-2 1.93361E-2 2.09945E-2 2.04076E-2 2.09176E-2 2.04217E-2 2.11625E-2 2.23403E-2 2.38917E-2 2.72117E-2 3.43307E-2 3.8183E-2 4.04137E-2 -9999 -9999 -9999 -9999 -9999 -9999 -9999 -9999 -9999 -9999 -9999 -9999 -9999 -9999 -9999 -9999 -9999 -9999 -9999 -9999 -9999 -9999 -9999 -9999 -9999 -9999 -9999 -9999 -9999 -9999 -9999 -9999 -9999 -9999 -9999 -9999 -9999 -9999 -9999 -9999 -9999 -9999 -9999
2.29393E-2 1.72182E-2 1.59301E-2 1.80781E-2 1.41626E-2 1.23748E-2 1.24859E-2 1.99658E-2 1.19407E-2 1.2961E-2 1.5221E-2 1.18731E-2 1.57566E-2 1.98512E-2 1.10614E-2 1.76598E-2 2.01967E-2 1.92359E-2 1.76274E-2 1.74569E-2 1.88852E-2 1.79892E-2 1.8118E-2 1.99667E-2 2.0785E-2 2.31487E-2 2.62678E-2 3.36697E-2 3.51184E-2 3.9391E-2 4.16202E-2 -9999 -9999 -9999 -9999 -9999 -9999 -9999 -9999 -9999 -9999 -9999 -9999 -9999 -9999 -9999 -9999 -9999 -9999 -9999 -9999 -9999 -9999 -9999 -9999 -9999 -9999 -9999 -9999 -9999 -9999 -9999 -9999 -9999 -9999 -9999 -9999 -9999 -9999 -9999 -9999 -9999
2.48274E-2 1.97039E-2 2.2187E-2 1.77633E-2 1.72715E-2 1.29812E-2 1.16885E-2 9.61518E-3 9.80216E-3 1.13022E-2 1.17958E-2 1.13832E-2 1.22015E-2 1.30409E-2 1.253E-2 1.98742E-2 1.93958E-2 1.78599E-2 1.61218E-2 1.47049E-2 1.48638E-2 1.25356E-2 1.14151E-2 1.6474E-2 1.33393E-2 1.86537E-2 2.33787E-2 2.5132E-2 2.85463E-2 3.23739E-2 3.78184E-2 4.09686E-2 -9999 -9999 -9999 -9999 -9999 -9999 -9999 -9999 -9999 -9999 -9999 -9999 -9999 -9999 -9999 -9999 -9999 -9999 -9999 -9999 -9999 -9999 -9999 -9999 -9999 -9999 -9999 -9999 -9999 -9999 -9999 -9999 -9999 -9999 -9999 -9999 -9999 -9999 -9999 -9999
3.057E-2 1.55146E-2 1.44871E-2 1.59305E-2 1.53859E-2 1.13155E-2 1.3313E-2 1.02436E-2 1.18553E-2 1.05287E-2 1.00607E-2 1.11431E-2 1.18203E-2 1.08127E-2 1.03654E-2 1.33972E-2 9.49687E-3 8.92938E-3 9.16456E-3 1.07553E-2 1.11087E-2 1.12135E-2 1.0227E-2 1.02015E-2 1.33294E-2 1.81854E-2 1.95863E-2 2.21999E-2 2.20342E-2 2.41362E-2 2.8633E-2 3.99194E-2 4.04416E-2 -9999 -9999 -9999 -9999 -9999 -9999 -9999 -9999 -9999 -9999 -9999 -9999 -9999 -9999 -9999 -9999 -9999 -9999 -9999 -9999 -9999 -9999 -9999 -9999 -9999 -9999 -9999 -9999 -9999 -9999 -9999 -9999 -9999 -9999 -9999 -9999 -9999 -9999 -9999
3.01553E-2 2.47733E-2 2.77477E-2 2.71531E-2 2.36356E-2 1.99346E-2 1.80489E-2 1.27128E-2 1.22065E-2 1.55706E-2 1.23622E-2 1.1926E-2 1.50681E-2 1.36598E-2 1.37137E-2 1.25998E-2 1.23635E-2 1.05959E-2 9.94533E-3 1.27684E-2 1.41925E-2 1.38925E-2 1.1285E-2 1.02758E-2 9.71863E-3 1.06797E-2 1.36125E-2 1.66311E-2 1.74807E-2 2.30387E-2 2.43335E-2 2.9221E-2 3.64711E-2 3.88097E-2 3.5781E-2 3.59701E-2 3.68488E-2 3.70446E-2 3.43132E-2 3.50942E-2 3.67153E-2 -9999 3.48142E-2 3.57931E-2 3.20055E-2 3.12769E-2 3.16335E-2 3.2224E-2 -9999 -9999 -9999 -9999 -9999 -9999 -9999 -9999 -9999 -9999 -9999 -9999 -9999 -9999 -9999 -9999 -9999 -9999 -9999 -9999 -9999 -9999 -9999 -9999
2.61937E-2 2.71927E-2 2.54996E-2 2.28977E-2 2.10499E-2 2.11134E-2 1.65702E-2 1.25836E-2 1.26594E-2 1.20002E-2 1.19309E-2 1.74959E-2 1.07873E-2 1.20257E-2 9.29988E-3 1.036E-2 1.20996E-2 9.68427E-3 1.05617E-2 1.19939E-2 1.35717E-2 1.41418E-2 1.59169E-2 1.46029E-2 1.40167E-2 1.47566E-2 1.27921E-2 1.16549E-2 1.17772E-2 1.31717E-2 1.93723E-2 1.98036E-2 2.65152E-2 2.94603E-2 3.52429E-2 3.49577E-2 3.59884E-2 3.68029E-2 3.42223E-2 3.46983E-2 3.41849E-2 3.53598E-2 3.53743E-2 3.2102E-2 3.18421E-2 3.00978E-2 3.21041E-2 3.17129E-2 3.50625E-2 -9999 -9999 -9999 -9999 -9999 -9999 -9999 -9999 -9999 -9999 -9999 -9999 -9999 -9999 -9999 -9999 -9999 -9999 -9999 -9999 -9999 -9999 -9999
2.34328E-2 2.01463E-2 1.62699E-2 1.37063E-2 1.6622E-2 1.84142E-2 1.70582E-2 1.39251E-2 1.05931E-2 1.36592E-2 1.57055E-2 1.63743E-2 1.63154E-2 1.31121E-2 1.23267E-2 1.38875E-2 1.14062E-2 1.05844E-2 9.23879E-3 1.2185E-2 9.73273E-3 1.28543E-2 1.37186E-2 1.51789E-2 1.69043E-2 1.74216E-2 1.63716E-2 1.67195E-2 1.38069E-2 1.23651E-2 1.22999E-2 2.50082E-2 2.25138E-2 2.32041E-2 2.77053E-2 2.9893E-2 3.46909E-2 3.38548E-2 3.43578E-2 3.48164E-2 3.47302E-2 3.48934E-2 3.27734E-2 3.1415E-2 3.16727E-2 3.04876E-2 3.23273E-2 3.25774E-2 3.25734E-2 3.36877E-2 3.33774E-2 -9999 -9999 -9999 -9999 -9999 -9999 -9999 -9999 -9999 -9999 -9999 -9999 -9999 -9999 -9999 -9999 -9999 -9999 -9999 -9999 -9999
1.15516E-2 1.33884E-2 1.19852E-2 1.35294E-2 1.48666E-2 1.26061E-2 1.25628E-2 1.13655E-2 1.16976E-2 1.12682E-2 1.52367E-2 1.48465E-2 1.33309E-2 1.55616E-2 1.6463E-2 1.32698E-2 1.21414E-2 1.86883E-2 1.1516E-2 1.43344E-2 1.33168E-2 1.3759E-2 2.00659E-2 1.9316E-2 1.62862E-2 1.67651E-2 1.75039E-2 1.84132E-2 2.00985E-2 2.19675E-2 2.26199E-2 2.11545E-2 2.03135E-2 2.0952E-2 2.16205E-2 2.18775E-2 2.28238E-2 2.28756E-2 2.39923E-2 2.58771E-2 3.14254E-2 3.41112E-2 3.42851E-2 3.35313E-2 3.23396E-2 3.1502E-2 3.30946E-2 3.11073E-2 3.27195E-2 3.31136E-2 3.42379E-2 4.27617E-2 -9999 -9999 -9999 -9999 -9999 -9999 -9999 -9999 -9999 -9999 -9999 -9999 -9999 -9999 -9999 -9999 -9999 -9999 -9999 -9999
2.3294E-2 2.37538E-2 1.26752E-2 1.89497E-2 2.37205E-2 2.09991E-2 1.83569E-2 2.03672E-2 1.64773E-2 1.54996E-2 1.66672E-2 1.45447E-2 1.57718E-2 1.54825E-2 1.31237E-2 2.26764E-2 2.12378E-2 1.21915E-2 1.80067E-2 1.79109E-2 1.9175E-2 1.94397E-2 1.88092E-2 1.87162E-2 1.61213E-2 1.61868E-2 1.8634E-2 1.59526E-2 1.7999E-2 1.82813E-2 1.7974E-2 1.8739E-2 1.84037E-2 1.92754E-2 1.98992E-2 2.07981E-2 2.18427E-2 2.23247E-2 2.24452E-2 2.40687E-2 2.3595E-2 2.4742E-2 2.92424E-2 3.28995E-2 3.3894E-2 3.29261E-2 3.03376E-2 3.26756E-2 3.44191E-2 3.77502E-2 3.94728E-2 3.91067E-2 -9999 -9999 -9999 -9999 -9999 -9999 -9999 -9999 -9999 -9999 -9999 -9999 -9999 -9999 -9999 -9999 -9999 -9999 -9999 -9999
3.17441E-2 2.43782E-2 2.07184E-2 1.8973E-2 1.96073E-2 1.72053E-2 2.28863E-2 2.16861E-2 1.93254E-2 1.72832E-2 1.5757E-2 1.45428E-2 2.1085E-2 2.06539E-2 1.67266E-2 1.34126E-2 1.3157E-2 2.58101E-2 1.76796E-2 1.59791E-2 2.13907E-2 1.26022E-2 1.34789E-2 1.84037E-2 1.14655E-2 9.89999E-3 1.21351E-2 1.0012E-2 1.67066E-2 1.6816E-2 1.66727E-2 1.67906E-2 1.70622E-2 1.98483E-2 1.91878E-2 1.85378E-2 2.18302E-2 2.13643E-2 2.1215E-2 2.39218E-2 2.30654E-2 2.48987E-2 2.40203E-2 2.50966E-2 2.81411E-2 3.09837E-2 3.08661E-2 3.37393E-2 3.56427E-2 4.22395E-2 4.31253E-2 -9999 -9999 -9999 -9999 -9999 -9999 -9999 -9999 -9999 -9999 -9999 -9999 -9999 -9999 -9999 -9999 2.45575E-2 2.47211E-2 2.3094E-2 2.57043E-2 -9999
2.16896E-2 2.32045E-2 1.91898E-2 2.07872E-2 2.05995E-2 2.22926E-2 1.9163E-2 1.78981E-2 1.81038E-2 1.92638E-2 2.10738E-2 1.90198E-2 1.35004E-2 2.89521E-2 1.80728E-2 1.82804E-2 2.37751E-2 2.50247E-2 3.46192E-2 1.73534E-2 1.16184E-2 1.23895E-2 2.03447E-2 1.35457E-2 1.7811E-2 1.95874E-2 1.7344E-2 1.86053E-2 1.62513E-2 1.60128E-2 1.61421E-2 1.66625E-2 1.52322E-2 1.70284E-2 1.83239E-2 1.61207E-2 2.05728E-2 1.76589E-2 1.89286E-2 2.20582E-2 2.41411E-2 2.42251E-2 2.47081E-2 2.52076E-2 2.44039E-2 2.54941E-2 2.9946E-2 3.12967E-2 3.41754E-2 3.99573E-2 -9999 -9999 -9999 -9999 -9999 -9999 -9999 -9999 -9999 -9999 -9999 -9999 -9999 -9999 -9999 -9999 2.2999E-2 2.5406E-2 2.76277E-2 2.67065E-2 2.42596E-2 -9999
1.9121E-2 1.84379E-2 1.8662E-2 1.75446E-2 1.55919E-2 2.60948E-2 2.17401E-2 2.18908E-2 2.19597E-2 2.27272E-2 2.18868E-2 2.18017E-2 1.88853E-2 2.60807E-2 2.02744E-2 1.54708E-2 1.50994E-2 2.57406E-2 1.1058E-2 1.43608E-2 1.92379E-2 1.12672E-2 1.87792E-2 1.58259E-2 1.85545E-2 1.51009E-2 1.80944E-2 1.88735E-2 1.51449E-2 1.60305E-2 1.62218E-2 1.52308E-2 1.36489E-2 1.51061E-2 1.82328E-2 1.46424E-2 1.88374E-2 1.64404E-2 1.697E-2 2.34892E-2 2.33724E-2 2.24147E-2 2.4008E-2 2.38311E-2 2.62528E-2 2.50356E-2 2.50412E-2 2.46367E-2 2.79127E-2 3.37693E-2 -9999 -9999 -9999 -9999 -9999 -9999 -9999 -9999 -9999 -9999 -9999 -9999 -9999 -9999 -9999 -9999 2.52038E-2 2.80465E-2 3.21187E-2 2.744E-2 2.44988E-2 2.46722E-2
2.17315E-2 2.22791E-2 2.43089E-2 2.1666E-2 2.41158E-2 2.52827E-2 2.38194E-2 2.14508E-2 2.75343E-2 2.81099E-2 2.21886E-2 2.23388E-2 2.09826E-2 2.86386E-2 2.70495E-2 2.24229E-2 2.16019E-2 9.58061E-3 1.19394E-2 2.09968E-2 2.35575E-2 2.20924E-2 2.46149E-2 1.71555E-2 1.69736E-2 1.74237E-2 1.81675E-2 1.84065E-2 1.52399E-2 1.5565E-2 1.46371E-2 1.44499E-2 1.21053E-2 1.44758E-2 1.43092E-2 1.43545E-2 1.56661E-2 1.53323E-2 2.08449E-2 2.23335E-2 2.03681E-2 2.29331E-2 2.25202E-2 2.15353E-2 2.25671E-2 2.6317E-2 2.68853E-2 2.77747E-2 2.82682E-2 3.11293E-2 -9999 -9999 -9999 -9999 -9999 -9999 -9999 -9999 -9999 -9999 -9999 -9999 -9999 -9999 -9999 -9999 -9999 2.60803E-2 2.88686E-2 2.69507E-2 2.64986E-2 2.70242E-2
2.31317E-2 2.29344E-2 2.0831E-2 2.63037E-2 2.61688E-2 2.41833E-2 2.89649E-2 2.206E-2 2.02709E-2 2.67717E-2 1.97263E-2 2.80682E-2 2.68141E-2 3.01547E-2 2.58584E-2 1.80475E-2 1.46562E-2 1.25008E-2 1.95259E-2 2.68792E-2 2.3E-2 1.49221E-2 2.41857E-2 1.93311E-2 1.52085E-2 1.64506E-2 1.76145E-2 1.63521E-2 1.66221E-2 1.33732E-2 1.19166E-2 1.23901E-2 1.17801E-2 1.42961E-2 1.48924E-2 1.30231E-2 1.36179E-2 1.46058E-2 1.82319E-2 1.8511E-2 1.75565E-2 2.20687E-2 2.28506E-2 2.25164E-2 2.18352E-2 2.2437E-2 2.56061E-2 2.23904E-2 2.92153E-2 2.77728E-2 3.57812E-2 -9999 -9999 -9999 -9999 -9999 -9999 -9999 -9999 -9999 -9999 -9999 -9999 -9999 -9999 -9999 2.9087E-2 2.88275E-2 3.08244E-2 2.90775E-2 2.8466E-2 2.82427E-2
2.51654E-2 2.35195E-2 2.46675E-2 2.28962E-2 2.39517E-2 2.3496E-2 2.24039E-2 2.69559E-2 3.2898E-2 2.53971E-2 1.96354E-2 2.6052E-2 2.41365E-2 2.94415E-2 2.93221E-2 2.89048E-2 2.11045E-2 2.01689E-2 2.59101E-2 2.48414E-2 2.45074E-2 2.24075E-2 2.08619E-2 1.90122E-2 1.1649E-2 1.91602E-2 1.67328E-2 1.24773E-2 1.36822E-2 8.57752E-3 8.78908E-3 1.04111E-2 1.40386E-2 1.60508E-2 1.65374E-2 1.32613E-2 1.39762E-2 1.35725E-2 1.58807E-2 1.72408E-2 1.6797E-2 2.00312E-2 2.28183E-2 2.3783E-2 2.26327E-2 1.86642E-2 2.09303E-2 1.87662E-2 2.51951E-2 2.98377E-2 3.07186E-2 3.67385E-2 -9999 -9999 -9999 -9999 -9999 -9999 -9999 -9999 -9999 -9999 -9999 -9999 -9999 -9999 -9999 -9999 2.65286E-2 3.13177E-2 2.81695E-2 -9999
2.03646E-2 1.92285E-2 2.30433E-2 1.74076E-2 1.63172E-2 1.21963E-2 1.39015E-2 2.00036E-2 1.50966E-2 1.74355E-2 2.50268E-2 2.50081E-2 2.58672E-2 3.29971E-2 3.37388E-2 2.63657E-2 2.2303E-2 1.88365E-2 1.99213E-2 2.65583E-2 3.38367E-2 1.71994E-2 1.0462E-2 1.46098E-2 1.15224E-2 1.7441E-2 1.47448E-2 1.29493E-2 1.15602E-2 1.8967E-2 2.42769E-2 1.4E-2 1.37818E-2 1.61256E-2 1.68211E-2 1.48866E-2 1.35369E-2 1.5471E-2 1.41456E-2 1.69204E-2 1.84861E-2 2.06822E-2 2.18433E-2 2.12548E-2 2.08694E-2 1.90478E-2 1.65928E-2 1.79809E-2 2.58287E-2 2.84919E-2 2.67356E-2 3.51504E-2 3.52784E-2 -9999 -9999 -9999 -9999 -9999 -9999 -9999 -9999 -9999 -9999 -9999 -9999 -9999 -9999 -9999 -9999 -9999 -9999 -9999
2.00907E-2 1.32605E-2 1.42787E-2 2.20246E-2 1.7445E-2 2.45939E-2 2.22228E-2 1.91835E-2 1.26528E-2 2.00881E-2 1.56647E-2 1.81091E-2 1.88929E-2 3.7785E-2 3.02479E-2 2.05984E-2 2.02518E-2 1.97636E-2 2.32971E-2 2.36696E-2 3.02791E-2 1.68954E-2 1.92736E-2 1.88711E-2 2.25339E-2 1.95756E-2 1.81992E-2 1.67725E-2 2.04366E-2 2.03333E-2 2.51129E-2 2.2816E-2 1.80918E-2 1.72588E-2 1.68725E-2 1.49179E-2 1.3493E-2 1.56796E-2 1.44636E-2 1.99982E-2 1.8291E-2 1.82469E-2 1.82738E-2 1.81193E-2 1.81489E-2 1.83009E-2 1.80366E-2 2.09819E-2 2.2132E-2 2.44131E-2 2.95978E-2 2.71757E-2 3.32994E-2 3.89151E-2 -9999 -9999 -9999 -9999 -9999 -9999 -9999 -9999 -9999 -9999 -9999 -9999 -9999 -9999 -9999 -9999 -9999 -9999
1.85303E-2 1.71928E-2 2.17316E-2 1.58352E-2 2.05524E-2 2.15039E-2 2.27326E-2 2.35282E-2 2.19562E-2 2.74458E-2 2.39896E-2 2.6134E-2 3.67037E-2 2.76759E-2 2.54684E-2 2.05746E-2 2.40751E-2 1.86413E-2 1.603E-2 2.14147E-2 9.43987E-3 1.18069E-2 2.69082E-2 2.37627E-2 3.39444E-2 2.76722E-2 2.65702E-2 2.06276E-2 1.85363E-2 1.62815E-2 2.72782E-2 2.64783E-2 2.3754E-2 1.61194E-2 1.13001E-2 1.45527E-2 1.37904E-2 1.64173E-2 1.61816E-2 1.69972E-2 1.74284E-2 1.58489E-2 1.57353E-2 1.63589E-2 1.81456E-2 1.72833E-2 1.56721E-2 1.92678E-2 2.57624E-2 2.51571E-2 2.84286E-2 2.83652E-2 3.20462E-2 3.75407E-2 -9999 -9999 -9999 -9999 -9999 -9999 -9999 -9999 -9999 -9999 -9999 -9999 -9999 -9999 -9999 -9999 -9999 -9999
1.64218E-2 2.53722E-2 2.33023E-2 2.14758E-2 1.82963E-2 2.72519E-2 2.11957E-2 2.0096E-2 1.99092E-2 2.9157E-2 3.49814E-2 2.72772E-2 2.76466E-2 3.91233E-2 3.96467E-2 3.86439E-2 2.85635E-2 2.24412E-2 1.54843E-2 1.81319E-2 1.63688E-2 1.22764E-2 1.67005E-2 1.67167E-2 2.09438E-2 3.10345E-2 2.59337E-2 3.4463E-2 3.33523E-2 3.1391E-2 2.80875E-2 2.39798E-2 2.60915E-2 1.90401E-2 1.74621E-2 1.53829E-2 1.48898E-2 1.63642E-2 1.53817E-2 1.55653E-2 1.55201E-2 1.51023E-2 1.64684E-2 1.45936E-2 1.69988E-2 1.82531E-2 1.73963E-2 1.72043E-2 2.66551E-2 2.43136E-2 2.60418E-2 2.7367E-2 3.26415E-2 3.78227E-2 3.90784E-2 -9999 -9999 -9999 -9999 -9999 -9999 -9999 -9999 -9999 -9999 -9999 -9999 -9999 -9999 -9999 -9999 -9999
2.70935E-2 2.62467E-2 2.48044E-2 2.45757E-2 3.6503E-2 2.82175E-2 2.33849E-2 2.64435E-2 3.70572E-2 2.80036E-2 3.77335E-2 3.81126E-2 3.80612E-2 3.01816E-2 3.07745E-2 2.50176E-2 4.26852E-2 3.08202E-2 2.71655E-2 1.80362E-2 1.69608E-2 2.01714E-2 1.66978E-2 2.64389E-2 4.83896E-2 2.62116E-2 2.39345E-2 1.77265E-2 2.60602E-2 2.5138E-2 2.48862E-2 2.51878E-2 2.28533E-2 1.75299E-2 2.59602E-2 2.57382E-2 1.73018E-2 1.69833E-2 1.54772E-2 1.28629E-2 1.33526E-2 1.61368E-2 1.59636E-2 1.42838E-2 1.48246E-2 1.88861E-2 1.63479E-2 1.88074E-2 2.50364E-2 2.60463E-2 2.25763E-2 2.83803E-2 3.02324E-2 3.83802E-2 3.87525E-2 -9999 -9999 -9999 -9999 -9999 -9999 -9999 -9999 -9999 -9999 -9999 -9999 -9999 -9999 -9999 -9999 -9999
2.79053E-2 2.74345E-2 2.64885E-2 2.62668E-2 2.44096E-2 2.45587E-2 2.81445E-2 2.79362E-2 3.74928E-2 3.77014E-2 3.89489E-2 3.90485E-2 5.19801E-2 3.96294E-2 3.82514E-2 3.21157E-2 3.2491E-2 3.13283E-2 2.85286E-2 2.57001E-2 1.54563E-2 1.86095E-2 1.82132E-2 2.50016E-2 2.17427E-2 2.06735E-2 2.20985E-2 2.82773E-2 3.15325E-2 3.09424E-2 2.37789E-2 2.35614E-2 1.73467E-2 1.61849E-2 2.73278E-2 2.43782E-2 2.04371E-2 2.00329E-2 1.64438E-2 1.41333E-2 1.3515E-2 1.72117E-2 1.54278E-2 1.53884E-2 1.40671E-2 1.6968E-2 1.8262E-2 2.04946E-2 2.45311E-2 2.70849E-2 2.5935E-2 2.83837E-2 3.1259E-2 3.96361E-2 -9999 -9999 -9999 -9999 -9999 -9999 -9999 -9999 -9999 -9999 -9999 -9999 -9999 -9999 -9999 -9999 -9999 -9999
2.8388E-2 2.93782E-2 2.81417E-2 2.83452E-2 2.89496E-2 2.61598E-2 3.863E-2 2.90798E-2 2.8918E-2 3.89399E-2 2.9743E-2 3.98205E-2 3.83956E-2 3.81156E-2 3.37241E-2 3.13428E-2 3.26038E-2 3.10394E-2 2.94499E-2 2.87555E-2 2.58346E-2 2.15857E-2 2.44962E-2 2.65068E-2 2.11752E-2 2.35951E-2 1.94186E-2 2.28742E-2 1.74169E-2 2.57744E-2 2.47032E-2 1.7748E-2 2.07227E-2 2.05357E-2 1.12838E-2 1.71626E-2 2.14763E-2 2.49062E-2 1.51694E-2 1.53231E-2 1.37977E-2 1.33128E-2 1.23937E-2 1.3671E-2 1.5405E-2 1.6042E-2 1.73843E-2 1.88372E-2 2.46153E-2 2.64514E-2 2.90368E-2 2.87652E-2 3.80888E-2 4.20803E-2 -9999 -9999 -9999 -9999 -9999 -9999 -9999 -9999 -9999 -9999 -9999 -9999 -9999 -9999 -9999 -9999 -9999 -9999
2.71511E-2 3.44483E-2 3.28791E-2 3.16346E-2 3.02617E-2 2.44006E-2 2.22136E-2 3.04738E-2 3.04431E-2 3.9666E-2 4.04788E-2 3.86251E-2 3.09675E-2 2.99958E-2 3.33878E-2 3.15748E-2 4.01153E-2 2.87137E-2 2.74187E-2 4.16771E-2 2.84334E-2 2.57737E-2 2.46298E-2 2.30424E-2 3.78115E-2 3.50247E-2 3.39394E-2 4.06045E-2 4.66717E-2 3.54651E-2 3.04775E-2 1.892E-2 2.00815E-2 2.17569E-2 1.79568E-2 2.54484E-2 1.47153E-2 1.6093E-2 1.74137E-2 1.60164E-2 1.20845E-2 1.48887E-2 1.63302E-2 1.34946E-2 1.6051E-2 1.65897E-2 1.75273E-2 2.27394E-2 2.32398E-2 2.42934E-2 3.18577E-2 3.95478E-2 4.11962E-2 4.28203E-2 -9999 -9999 -9999 -9999 -9999 -9999 -9999 -9999 -9999 -9999 -9999 -9999 -9999 -9999 -9999 -9999 -9999 -9999
2.79011E-2 3.55194E-2 3.09808E-2 2.92667E-2 2.65778E-2 2.11036E-2 2.0404E-2 2.10376E-2 3.93781E-2 3.12026E-2 3.15878E-2 3.49394E-2 3.07063E-2 3.12455E-2 3.07566E-2 3.32355E-2 3.05253E-2 3.73735E-2 2.88133E-2 4.11749E-2 3.84919E-2 3.89153E-2 3.43305E-2 3.38429E-2 2.86031E-2 3.88436E-2 3.86825E-2 3.30776E-2 4.43562E-2 4.61614E-2 4.40871E-2 2.96588E-2 3.99352E-2 3.08204E-2 3.22911E-2 1.93063E-2 3.304E-2 2.29594E-2 1.50584E-2 1.55829E-2 1.67657E-2 1.69295E-2 1.5448E-2 1.49001E-2 1.65148E-2 1.85184E-2 1.68056E-2 2.03444E-2 2.12791E-2 2.47222E-2 3.49066E-2 3.94173E-2 4.13793E-2 4.12557E-2 -9999 -9999 -9999 -9999 -9999 -9999 -9999 -9999 -9999 -9999 -9999 -9999 -9999 -9999 -9999 -9999 -9999 -9999
2.53575E-2 3.58768E-2 2.38132E-2 2.52663E-2 2.15812E-2 2.26168E-2 2.79957E-2 2.09871E-2 2.75978E-2 3.08912E-2 5.2032E-2 3.25627E-2 3.40987E-2 3.895E-2 3.32478E-2 4.60551E-2 3.20257E-2 3.76979E-2 4.24553E-2 3.15681E-2 2.88369E-2 4.27909E-2 3.73301E-2 3.5514E-2 3.89796E-2 3.78687E-2 3.98272E-2 4.31529E-2 4.65352E-2 3.29783E-2 3.49715E-2 5.3844E-2 3.82299E-2 4.99294E-2 3.26367E-2 3.50661E-2 4.35564E-2 3.11011E-2 2.57493E-2 2.07034E-2 2.51234E-2 2.61603E-2 1.79678E-2 1.99576E-2 1.58385E-2 1.86801E-2 1.93856E-2 2.02198E-2 1.63657E-2 2.90432E-2 4.05311E-2 4.38962E-2 4.18512E-2 4.32754E-2 -9999 -9999 -9999 -9999 -9999 -9999 -9999 -9999 -9999 -9999 -9999 -9999 -9999 -9999 -9999 -9999 -9999 -9999
3.65227E-2 3.77141E-2 2.82057E-2 2.55494E-2 2.28717E-2 2.35218E-2 2.26328E-2 2.17312E-2 1.94503E-2 2.39185E-2 2.47316E-2 2.92498E-2 3.31362E-2 2.31866E-2 3.14214E-2 3.57546E-2 2.76632E-2 3.03509E-2 4.22445E-2 3.07963E-2 3.82908E-2 5.74048E-2 3.11278E-2 2.93417E-2 4.16226E-2 5.51878E-2 2.84437E-2 3.93808E-2 3.10809E-2 6.32474E-2 5.51797E-2 5.53977E-2 5.47493E-2 4.09803E-2 5.39031E-2 3.96217E-2 3.89668E-2 2.82334E-2 3.76682E-2 5.35443E-2 5.3205E-2 4.15093E-2 2.54091E-2 2.27401E-2 2.28042E-2 2.60281E-2 1.70025E-2 2.09051E-2 2.46456E-2 3.29406E-2 4.11506E-2 4.39186E-2 4.32848E-2 -9999 -9999 -9999 -9999 -9999 -9999 -9999 -9999 -9999 -9999 -9999 -9999 -9999 -9999 -9999 -9999 -9999 -9999 -9999
