Artocarpus altilis SDM files/Last interglacial/results (with bias file)/Artalt_3.asc
ncols         1201
nrows         481
xllcorner     119.99986351115
yllcorner     -15.00013864885
cellsize      0.041666667
NODATA_value  -9999
[rows 320 to 351 of 481, columns 648 to 719 of 1201]
8.42872E-2 1.11575E-1 1.10461E-1 8.99612E-2 6.43479E-2 3.52985E-2 3.27571E-2 4.87878E-2 3.15824E-2 3.49744E-2 6.94757E-2 9.56294E-2 1.89865E-1 2.34583E-1 2.59982E-1 2.73702E-1 2.69775E-1 3.01526E-1 3.30651E-1 3.60155E-1 3.66142E-1 4.12099E-1 4.20752E-1 4.43176E-1 4.45157E-1 4.74394E-1 4.93376E-1 4.94063E-1 4.99122E-1 -9999 -9999 -9999 -9999 -9999 -9999 -9999 -9999 -9999 -9999 -9999 -9999 -9999 -9999 -9999 -9999 -9999 -9999 -9999 -9999 -9999 -9999 -9999 -9999 -9999 -9999 -9999 -9999 -9999 -9999 -9999 -9999 -9999 -9999 -9999 -9999 -9999 -9999 -9999 -9999 -9999 -9999 -9999
1.27544E-1 8.17123E-2 6.27686E-2 5.47883E-2 3.94979E-2 3.19847E-2 2.97128E-2 3.86051E-2 2.15466E-2 2.76936E-2 4.98856E-2 6.02601E-2 1.63873E-1 2.25266E-1 2.19544E-1 2.25323E-1 2.69818E-1 3.10213E-1 3.29555E-1 3.56229E-1 3.81231E-1 3.87759E-1 4.03429E-1 4.13733E-1 4.28298E-1 4.45181E-1 4.6332E-1 4.91043E-1 5.01802E-1 -9999 -9999 -9999 -9999 -9999 -9999 -9999 -9999 -9999 -9999 -9999 -9999 -9999 -9999 -9999 -9999 -9999 -9999 -9999 -9999 -9999 -9999 -9999 -9999 -9999 -9999 -9999 -9999 -9999 -9999 -9999 -9999 -9999 -9999 -9999 -9999 -9999 -9999 -9999 -9999 -9999 -9999 -9999
1.44854E-1 1.37716E-1 8.7278E-2 6.12907E-2 4.98694E-2 4.19516E-2 3.885E-2 3.10766E-2 2.0877E-2 1.95634E-2 2.77685E-2 5.26281E-2 1.23411E-1 1.76694E-1 1.93968E-1 1.35398E-1 1.82247E-1 2.54915E-1 2.98434E-1 3.3335E-1 3.66595E-1 3.69964E-1 3.87928E-1 3.97601E-1 4.11843E-1 4.29882E-1 4.46445E-1 4.5912E-1 4.74551E-1 -9999 -9999 -9999 -9999 -9999 -9999 -9999 -9999 -9999 -9999 -9999 -9999 -9999 -9999 -9999 -9999 -9999 -9999 -9999 -9999 -9999 -9999 -9999 -9999 -9999 -9999 -9999 -9999 -9999 -9999 -9999 -9999 -9999 -9999 -9999 -9999 -9999 -9999 -9999 -9999 -9999 -9999 -9999
9.55957E-2 7.84186E-2 6.49011E-2 5.93383E-2 6.25089E-2 6.59332E-2 4.23096E-2 3.16049E-2 2.17769E-2 2.84442E-2 3.0989E-2 5.22579E-2 1.01888E-1 1.46836E-1 1.58661E-1 8.89945E-2 1.39998E-1 2.1484E-1 2.7547E-1 3.30884E-1 3.42279E-1 3.54852E-1 3.72784E-1 3.83837E-1 3.97461E-1 4.13822E-1 4.30386E-1 4.43606E-1 4.60345E-1 4.74231E-1 -9999 -9999 -9999 -9999 -9999 -9999 -9999 -9999 -9999 -9999 -9999 -9999 -9999 -9999 -9999 -9999 -9999 -9999 -9999 -9999 -9999 -9999 -9999 -9999 -9999 -9999 -9999 -9999 -9999 -9999 -9999 -9999 -9999 -9999 -9999 -9999 -9999 -9999 -9999 -9999 -9999 -9999
1.68624E-1 1.19282E-1 9.15034E-2 7.24207E-2 5.82597E-2 7.10442E-2 4.5614E-2 3.18769E-2 2.97914E-2 4.77389E-2 4.78052E-2 4.16656E-2 8.57281E-2 1.17997E-1 1.2094E-1 7.11338E-2 1.40045E-1 1.70674E-1 2.60822E-1 3.06773E-1 3.29638E-1 3.5659E-1 3.55039E-1 3.69512E-1 3.86514E-1 4.03408E-1 4.17846E-1 4.3053E-1 4.46992E-1 4.58499E-1 -9999 -9999 -9999 -9999 -9999 -9999 -9999 -9999 -9999 -9999 -9999 -9999 -9999 -9999 -9999 -9999 -9999 -9999 -9999 -9999 -9999 -9999 -9999 -9999 -9999 -9999 -9999 -9999 -9999 -9999 -9999 -9999 -9999 -9999 -9999 -9999 -9999 -9999 -9999 -9999 -9999 -9999
1.21236E-1 1.50293E-1 1.31048E-1 1.01544E-1 6.40639E-2 7.31874E-2 6.90872E-2 3.81639E-2 3.10698E-2 3.75462E-2 6.07412E-2 8.25205E-2 1.0567E-1 1.62795E-1 1.01326E-1 7.33444E-2 1.12484E-1 1.88916E-1 2.5161E-1 2.6441E-1 3.33853E-1 3.3498E-1 3.42726E-1 3.65022E-1 3.80246E-1 3.86929E-1 4.00397E-1 4.14262E-1 4.2944E-1 4.48262E-1 -9999 -9999 -9999 -9999 -9999 -9999 -9999 -9999 -9999 -9999 -9999 -9999 -9999 -9999 -9999 -9999 -9999 -9999 -9999 -9999 -9999 -9999 -9999 -9999 -9999 -9999 -9999 -9999 -9999 -9999 -9999 -9999 -9999 -9999 -9999 -9999 -9999 -9999 -9999 -9999 -9999 -9999
1.21928E-1 9.13255E-2 1.1112E-1 9.49179E-2 7.2334E-2 6.80191E-2 8.4793E-2 4.33169E-2 3.67285E-2 3.10853E-2 4.51368E-2 5.72244E-2 1.06283E-1 1.84018E-1 1.56137E-1 8.87626E-2 1.10798E-1 1.68789E-1 2.47405E-1 2.26993E-1 2.99135E-1 3.30856E-1 3.35418E-1 3.66563E-1 3.59628E-1 3.62172E-1 3.81688E-1 3.91421E-1 4.04912E-1 4.2448E-1 -9999 -9999 -9999 -9999 -9999 -9999 -9999 -9999 -9999 -9999 -9999 -9999 -9999 -9999 -9999 -9999 -9999 -9999 -9999 -9999 -9999 -9999 -9999 -9999 -9999 -9999 -9999 -9999 -9999 -9999 -9999 -9999 -9999 -9999 -9999 -9999 -9999 -9999 -9999 -9999 -9999 -9999
1.6883E-1 1.02689E-1 7.59938E-2 6.43771E-2 5.77448E-2 7.39107E-2 8.88339E-2 4.61025E-2 5.03247E-2 3.33673E-2 3.61033E-2 5.64881E-2 8.90525E-2 1.62787E-1 2.31974E-1 1.59675E-1 1.84176E-1 2.12051E-1 1.98214E-1 1.99848E-1 2.8587E-1 3.0537E-1 3.49589E-1 3.33113E-1 3.51494E-1 3.68684E-1 3.84384E-1 3.73506E-1 4.04107E-1 4.06541E-1 4.14811E-1 -9999 -9999 -9999 -9999 -9999 -9999 -9999 -9999 -9999 -9999 -9999 -9999 -9999 -9999 -9999 -9999 -9999 -9999 -9999 -9999 -9999 -9999 -9999 -9999 -9999 -9999 -9999 -9999 -9999 -9999 -9999 -9999 -9999 -9999 -9999 -9999 -9999 -9999 -9999 -9999 -9999
1.99412E-1 1.54797E-1 1.25277E-1 6.80698E-2 6.24206E-2 6.93401E-2 9.79073E-2 6.64128E-2 7.18963E-2 3.17565E-2 2.60249E-2 4.27507E-2 9.01501E-2 1.18491E-1 1.80673E-1 2.48974E-1 1.69906E-1 1.15205E-1 1.44501E-1 2.09114E-1 2.32796E-1 2.97738E-1 3.23943E-1 3.44934E-1 3.58073E-1 3.64822E-1 3.58795E-1 3.59514E-1 3.87113E-1 3.78721E-1 3.93721E-1 4.27281E-1 4.24946E-1 4.40692E-1 -9999 -9999 -9999 -9999 -9999 -9999 -9999 -9999 -9999 -9999 -9999 -9999 -9999 -9999 -9999 -9999 -9999 -9999 -9999 -9999 -9999 -9999 -9999 -9999 -9999 -9999 -9999 -9999 -9999 -9999 -9999 -9999 -9999 -9999 -9999 -9999 -9999 -9999
2.09004E-1 1.59592E-1 1.20058E-1 1.08347E-1 8.09211E-2 7.39528E-2 1.0878E-1 9.42916E-2 7.58661E-2 3.55944E-2 2.62943E-2 4.01899E-2 6.92421E-2 6.80058E-2 1.33252E-1 2.3804E-1 1.64199E-1 1.03203E-1 8.69468E-2 1.25468E-1 1.83883E-1 2.48797E-1 2.82999E-1 3.37183E-1 3.42323E-1 3.47762E-1 3.61185E-1 3.54683E-1 3.72059E-1 3.85196E-1 3.74319E-1 3.97227E-1 4.05276E-1 4.19254E-1 4.29502E-1 -9999 -9999 -9999 -9999 -9999 -9999 -9999 -9999 -9999 -9999 -9999 -9999 -9999 -9999 -9999 -9999 -9999 -9999 -9999 -9999 -9999 -9999 -9999 -9999 -9999 -9999 -9999 -9999 -9999 -9999 -9999 -9999 -9999 -9999 -9999 -9999 -9999
1.91579E-1 1.38256E-1 1.75539E-1 1.49649E-1 9.46536E-2 7.94082E-2 1.05938E-1 8.52278E-2 4.41098E-2 2.75104E-2 2.21404E-2 2.19918E-2 2.87252E-2 4.65046E-2 1.03023E-1 2.18133E-1 1.89505E-1 1.01934E-1 7.29434E-2 1.00883E-1 1.26444E-1 1.91931E-1 2.49704E-1 3.35631E-1 3.36283E-1 3.2614E-1 3.2958E-1 3.4507E-1 3.39731E-1 3.49522E-1 3.6955E-1 3.86645E-1 4.12239E-1 4.14274E-1 4.12569E-1 4.37965E-1 -9999 -9999 -9999 -9999 -9999 -9999 -9999 -9999 -9999 -9999 -9999 -9999 -9999 -9999 -9999 -9999 -9999 -9999 -9999 -9999 -9999 -9999 -9999 -9999 -9999 -9999 -9999 -9999 -9999 -9999 -9999 -9999 -9999 -9999 -9999 -9999
2.01639E-1 1.91569E-1 2.01165E-1 1.33582E-1 1.05561E-1 9.75026E-2 1.29198E-1 6.58934E-2 7.41824E-2 4.02625E-2 2.39679E-2 2.05353E-2 2.42943E-2 4.97335E-2 1.12697E-1 2.12923E-1 2.01485E-1 1.1525E-1 1.1974E-1 8.87158E-2 1.19705E-1 2.03339E-1 2.93803E-1 3.36271E-1 3.20251E-1 3.17896E-1 3.07461E-1 3.16933E-1 3.33778E-1 3.52292E-1 3.72911E-1 3.79007E-1 3.73419E-1 4.02008E-1 4.20859E-1 4.07094E-1 -9999 -9999 -9999 -9999 -9999 -9999 -9999 -9999 -9999 -9999 -9999 -9999 -9999 -9999 -9999 -9999 -9999 -9999 -9999 -9999 -9999 -9999 -9999 -9999 -9999 -9999 -9999 -9999 -9999 -9999 -9999 -9999 -9999 -9999 -9999 -9999
2.16243E-1 2.26879E-1 2.33481E-1 1.60691E-1 9.41164E-2 9.3247E-2 1.39001E-1 1.05956E-1 1.12388E-1 5.06127E-2 2.58575E-2 2.62619E-2 2.8729E-2 6.16934E-2 1.13273E-1 1.59202E-1 2.30073E-1 1.74838E-1 1.7233E-1 1.52877E-1 1.33975E-1 1.73532E-1 2.36976E-1 3.18589E-1 3.26981E-1 3.0436E-1 2.87226E-1 2.80914E-1 2.91512E-1 2.995E-1 3.46403E-1 3.62855E-1 3.71685E-1 3.92359E-1 3.9042E-1 3.9728E-1 -9999 -9999 -9999 -9999 -9999 -9999 -9999 -9999 -9999 -9999 -9999 -9999 -9999 -9999 -9999 -9999 -9999 -9999 -9999 -9999 -9999 -9999 -9999 -9999 -9999 -9999 -9999 -9999 -9999 -9999 -9999 -9999 -9999 -9999 -9999 -9999
2.88664E-1 2.48522E-1 1.86943E-1 1.69438E-1 1.01766E-1 9.97805E-2 1.36631E-1 1.51604E-1 1.67133E-1 9.50885E-2 3.96032E-2 3.97077E-2 2.50092E-2 4.58114E-2 5.53158E-2 1.13633E-1 2.02438E-1 2.53576E-1 1.95674E-1 1.82313E-1 1.23751E-1 1.50838E-1 2.1389E-1 2.99902E-1 3.04573E-1 2.75357E-1 2.46868E-1 2.38888E-1 2.36698E-1 2.82358E-1 3.03318E-1 3.05318E-1 3.31078E-1 3.66874E-1 3.79173E-1 4.30065E-1 -9999 -9999 -9999 -9999 -9999 -9999 -9999 -9999 -9999 -9999 -9999 -9999 -9999 -9999 -9999 -9999 -9999 -9999 -9999 -9999 -9999 -9999 -9999 -9999 -9999 -9999 -9999 -9999 -9999 -9999 -9999 -9999 -9999 -9999 -9999 -9999
3.48454E-1 2.7591E-1 2.39053E-1 1.95755E-1 1.25931E-1 1.2752E-1 1.42295E-1 1.90825E-1 2.10362E-1 1.61882E-1 9.18602E-2 5.66945E-2 2.3673E-2 2.35614E-2 5.51895E-2 7.35859E-2 1.26066E-1 2.31552E-1 2.46075E-1 2.04143E-1 1.80284E-1 1.96506E-1 2.30652E-1 2.9759E-1 2.70501E-1 2.56884E-1 2.10353E-1 1.70787E-1 1.76192E-1 2.49676E-1 2.61473E-1 2.46003E-1 2.60417E-1 3.05793E-1 3.43158E-1 3.86168E-1 4.01367E-1 -9999 -9999 -9999 -9999 -9999 -9999 -9999 -9999 -9999 -9999 -9999 -9999 -9999 -9999 -9999 -9999 -9999 -9999 -9999 -9999 -9999 -9999 -9999 -9999 -9999 -9999 -9999 -9999 -9999 -9999 -9999 -9999 -9999 -9999 -9999
3.55848E-1 3.12568E-1 2.69438E-1 2.32471E-1 1.81204E-1 1.87146E-1 2.29404E-1 2.4912E-1 2.16778E-1 1.27804E-1 7.6778E-2 4.97248E-2 3.40434E-2 2.57341E-2 3.21983E-2 5.53064E-2 8.40112E-2 1.3737E-1 1.98595E-1 1.92403E-1 2.12815E-1 2.45596E-1 2.56729E-1 2.67406E-1 2.63002E-1 2.29632E-1 1.86233E-1 1.176E-1 1.46018E-1 2.07152E-1 2.07041E-1 1.73551E-1 1.86438E-1 2.35549E-1 2.79232E-1 3.25397E-1 3.70858E-1 -9999 -9999 -9999 -9999 -9999 -9999 -9999 -9999 -9999 -9999 -9999 -9999 -9999 -9999 -9999 -9999 -9999 -9999 -9999 -9999 -9999 -9999 -9999 -9999 -9999 -9999 -9999 -9999 -9999 -9999 -9999 -9999 -9999 -9999 -9999
3.98439E-1 3.60398E-1 3.31526E-1 2.73057E-1 2.3717E-1 2.64956E-1 2.60549E-1 2.68785E-1 2.49233E-1 1.43247E-1 1.05155E-1 7.96866E-2 5.63253E-2 4.42015E-2 5.44828E-2 3.96883E-2 6.83883E-2 9.2437E-2 8.25638E-2 8.46855E-2 1.09819E-1 1.111E-1 1.46214E-1 2.07088E-1 2.53238E-1 2.25211E-1 2.0034E-1 1.68562E-1 1.64649E-1 1.90269E-1 1.57097E-1 9.40592E-2 1.00413E-1 1.70285E-1 1.99366E-1 2.85578E-1 3.36131E-1 -9999 -9999 -9999 -9999 -9999 -9999 -9999 -9999 -9999 -9999 -9999 -9999 -9999 -9999 -9999 -9999 -9999 -9999 -9999 -9999 -9999 -9999 -9999 -9999 -9999 -9999 -9999 -9999 -9999 -9999 -9999 -9999 -9999 -9999 -9999
4.4079E-1 4.09554E-1 3.91239E-1 3.46741E-1 3.1687E-1 3.20364E-1 3.10311E-1 3.02802E-1 2.4997E-1 1.88351E-1 1.74066E-1 1.13344E-1 7.63802E-2 8.63476E-2 1.00007E-1 5.92232E-2 3.99835E-2 7.15241E-2 5.51993E-2 4.27058E-2 5.86686E-2 4.30086E-2 5.52718E-2 1.25888E-1 2.08105E-1 1.72875E-1 1.81989E-1 1.92175E-1 1.80448E-1 1.77933E-1 1.37876E-1 1.056E-1 1.17427E-1 1.1939E-1 1.66799E-1 2.76522E-1 3.48838E-1 3.73698E-1 -9999 -9999 -9999 -9999 -9999 -9999 -9999 -9999 -9999 -9999 -9999 4.78992E-1 4.80717E-1 4.90283E-1 4.95197E-1 5.08055E-1 5.40573E-1 5.49028E-1 -9999 -9999 -9999 -9999 -9999 -9999 -9999 -9999 -9999 -9999 -9999 -9999 -9999 -9999 -9999 -9999
4.58948E-1 4.44623E-1 4.30002E-1 3.98619E-1 3.79973E-1 3.64761E-1 3.27702E-1 2.70925E-1 2.57119E-1 1.93378E-1 1.40565E-1 1.285E-1 1.47079E-1 1.74327E-1 1.42822E-1 1.20465E-1 6.07191E-2 5.75483E-2 4.54181E-2 3.41227E-2 3.94419E-2 3.63593E-2 6.57586E-2 8.93313E-2 1.57391E-1 1.37378E-1 1.26132E-1 1.10518E-1 1.4586E-1 1.38845E-1 1.28599E-1 1.32086E-1 1.61574E-1 1.6514E-1 1.9936E-1 2.52785E-1 3.32065E-1 3.6776E-1 -9999 -9999 -9999 -9999 -9999 -9999 -9999 4.48075E-1 4.43654E-1 4.89975E-1 4.72244E-1 4.60382E-1 4.08463E-1 4.39174E-1 4.43523E-1 4.39307E-1 4.59005E-1 5.47729E-1 -9999 -9999 -9999 -9999 -9999 -9999 -9999 -9999 -9999 -9999 -9999 -9999 -9999 -9999 -9999 -9999
4.73744E-1 4.5894E-1 4.45047E-1 4.29762E-1 4.0358E-1 4.04115E-1 3.49777E-1 2.7813E-1 2.68373E-1 2.05856E-1 1.73704E-1 1.46058E-1 1.96378E-1 1.92315E-1 1.33078E-1 1.00437E-1 8.21625E-2 5.09105E-2 3.8105E-2 2.98068E-2 2.75919E-2 3.18983E-2 3.98587E-2 5.67363E-2 1.08576E-1 1.27364E-1 7.8009E-2 7.68003E-2 1.1071E-1 1.35233E-1 1.35345E-1 1.57948E-1 2.04908E-1 1.9253E-1 1.93808E-1 2.29819E-1 2.66114E-1 3.48853E-1 3.71368E-1 3.65243E-1 3.72899E-1 3.87553E-1 4.19753E-1 4.3326E-1 4.14957E-1 4.26066E-1 4.46242E-1 4.40926E-1 4.49197E-1 4.2736E-1 3.70053E-1 2.88073E-1 3.31591E-1 3.72676E-1 4.5448E-1 5.3737E-1 -9999 -9999 -9999 -9999 -9999 -9999 -9999 -9999 -9999 -9999 -9999 -9999 -9999 -9999 -9999 -9999
4.86433E-1 4.73042E-1 4.63148E-1 4.44798E-1 4.34119E-1 4.1024E-1 3.85206E-1 3.32437E-1 3.1527E-1 2.85518E-1 2.37594E-1 2.32469E-1 1.69675E-1 2.0272E-1 1.49511E-1 1.38469E-1 9.57248E-2 5.80839E-2 4.77468E-2 2.41092E-2 2.36693E-2 3.3388E-2 3.9957E-2 5.53966E-2 9.03446E-2 1.40576E-1 1.12495E-1 9.46958E-2 9.48687E-2 1.30101E-1 1.65389E-1 1.47261E-1 2.08616E-1 1.7882E-1 1.55752E-1 1.89418E-1 2.23459E-1 3.31029E-1 3.50413E-1 3.63832E-1 3.6223E-1 3.74901E-1 3.89055E-1 4.01831E-1 4.04619E-1 4.2412E-1 4.46562E-1 4.08141E-1 3.84574E-1 3.76903E-1 3.30171E-1 1.64786E-1 2.33339E-1 3.74994E-1 4.53859E-1 5.22174E-1 -9999 -9999 -9999 -9999 -9999 -9999 -9999 -9999 -9999 -9999 -9999 -9999 -9999 -9999 -9999 -9999
4.99568E-1 4.88075E-1 4.7374E-1 4.55743E-1 4.46413E-1 4.2693E-1 4.14018E-1 3.75186E-1 3.54819E-1 3.32157E-1 3.06839E-1 2.39707E-1 1.79524E-1 1.91984E-1 1.77035E-1 1.29846E-1 8.90849E-2 5.77099E-2 4.81991E-2 3.66066E-2 2.50173E-2 3.76435E-2 4.47466E-2 5.227E-2 6.21566E-2 1.00992E-1 1.07963E-1 8.88987E-2 8.8687E-2 1.3633E-1 1.62077E-1 1.82316E-1 2.05837E-1 2.16822E-1 2.03795E-1 2.28623E-1 3.02472E-1 3.32631E-1 3.54964E-1 3.56878E-1 3.63732E-1 3.61049E-1 3.74482E-1 4.03315E-1 3.90931E-1 4.12347E-1 4.06876E-1 3.82805E-1 2.93326E-1 1.67304E-1 2.36638E-1 2.5967E-1 2.78238E-1 4.31435E-1 5.1467E-1 5.42903E-1 -9999 -9999 -9999 -9999 -9999 -9999 -9999 -9999 -9999 -9999 -9999 -9999 -9999 -9999 -9999 -9999
5.30548E-1 5.07691E-1 4.85118E-1 4.69791E-1 4.56805E-1 4.47906E-1 4.21017E-1 3.85657E-1 3.60328E-1 3.14369E-1 2.82667E-1 2.08699E-1 1.92206E-1 1.77167E-1 1.80874E-1 1.54931E-1 8.28111E-2 6.53364E-2 4.71822E-2 4.21831E-2 3.06813E-2 3.35641E-2 4.55927E-2 2.90512E-2 5.29808E-2 5.56221E-2 9.12696E-2 9.4065E-2 1.15792E-1 1.36888E-1 1.68566E-1 1.91728E-1 2.1381E-1 2.13445E-1 1.76942E-1 2.4898E-1 3.097E-1 3.01889E-1 3.43649E-1 3.44513E-1 3.50941E-1 3.48647E-1 3.6283E-1 3.93151E-1 3.85033E-1 4.27689E-1 4.18414E-1 3.73311E-1 2.58009E-1 1.79442E-1 2.74122E-1 3.83412E-1 4.10708E-1 4.76441E-1 -9999 -9999 -9999 -9999 -9999 -9999 -9999 -9999 -9999 -9999 -9999 -9999 -9999 -9999 -9999 -9999 -9999 -9999
5.45103E-1 5.25621E-1 5.07142E-1 4.83184E-1 4.69697E-1 4.56355E-1 4.06045E-1 3.42863E-1 3.56831E-1 3.22414E-1 3.24542E-1 2.93353E-1 2.6867E-1 1.99468E-1 1.65834E-1 1.79384E-1 1.19792E-1 7.80456E-2 4.88751E-2 5.04768E-2 3.76902E-2 3.47761E-2 3.76844E-2 2.51975E-2 3.42566E-2 5.12031E-2 8.79969E-2 1.24025E-1 1.21075E-1 1.59895E-1 1.76522E-1 1.74919E-1 1.69614E-1 1.3263E-1 1.90129E-1 2.41535E-1 2.2171E-1 2.27621E-1 3.26724E-1 3.45324E-1 3.51816E-1 3.64575E-1 3.76632E-1 3.76692E-1 3.92418E-1 4.15259E-1 4.23558E-1 3.87458E-1 3.21885E-1 3.03743E-1 3.62991E-1 4.29371E-1 4.60725E-1 5.17285E-1 -9999 -9999 -9999 -9999 -9999 -9999 -9999 -9999 -9999 -9999 -9999 -9999 -9999 -9999 -9999 -9999 -9999 -9999
5.61025E-1 5.43736E-1 5.09487E-1 4.99215E-1 4.74757E-1 4.62362E-1 4.44567E-1 3.92683E-1 3.76057E-1 3.60285E-1 3.26959E-1 2.51609E-1 2.82675E-1 2.01822E-1 1.34995E-1 1.24994E-1 1.08175E-1 9.92822E-2 9.26098E-2 8.3128E-2 6.78534E-2 4.21187E-2 4.28698E-2 3.3919E-2 4.45856E-2 6.55969E-2 6.68724E-2 1.14468E-1 1.21088E-1 1.80838E-1 1.4373E-1 9.62208E-2 7.1156E-2 8.28971E-2 1.18668E-1 1.43654E-1 1.92537E-1 2.04132E-1 3.15702E-1 3.23858E-1 3.51682E-1 3.46607E-1 3.6348E-1 3.57242E-1 3.98068E-1 3.93134E-1 4.2137E-1 3.84675E-1 3.88675E-1 3.83611E-1 4.11585E-1 4.60239E-1 4.82591E-1 5.01011E-1 -9999 -9999 -9999 -9999 -9999 -9999 -9999 -9999 -9999 -9999 -9999 -9999 -9999 -9999 -9999 -9999 -9999 -9999
5.85483E-1 5.4858E-1 5.14275E-1 4.90838E-1 4.89132E-1 4.7374E-1 4.37895E-1 4.27912E-1 3.84685E-1 3.61473E-1 2.66116E-1 2.62872E-1 2.4424E-1 2.13243E-1 1.62762E-1 1.64227E-1 1.38662E-1 1.31115E-1 1.70606E-1 1.26627E-1 9.23304E-2 7.84237E-2 6.95852E-2 4.21286E-2 5.03499E-2 6.89393E-2 6.28543E-2 9.87987E-2 1.49546E-1 1.83099E-1 1.19344E-1 8.16751E-2 5.98147E-2 8.24241E-2 1.09689E-1 1.33952E-1 1.8249E-1 2.14776E-1 2.86862E-1 3.2951E-1 3.51499E-1 3.39405E-1 3.70668E-1 3.61684E-1 3.89896E-1 4.12036E-1 4.04597E-1 4.37015E-1 4.44085E-1 4.28236E-1 4.37057E-1 4.85788E-1 4.76225E-1 -9999 -9999 -9999 -9999 -9999 -9999 -9999 -9999 -9999 -9999 -9999 -9999 -9999 -9999 -9999 -9999 -9999 -9999 -9999
5.9881E-1 5.6823E-1 5.25885E-1 4.92481E-1 4.92979E-1 4.83686E-1 4.73942E-1 4.40968E-1 3.52913E-1 3.14474E-1 2.9393E-1 2.74876E-1 2.46928E-1 2.41587E-1 2.53617E-1 2.35181E-1 1.92123E-1 1.8422E-1 2.02011E-1 1.45019E-1 1.32462E-1 1.20986E-1 7.89463E-2 7.88763E-2 5.90774E-2 4.47559E-2 9.22267E-2 1.33928E-1 9.21169E-2 1.00796E-1 7.49433E-2 7.90675E-2 8.77103E-2 1.05183E-1 1.1962E-1 1.45296E-1 1.69736E-1 2.46977E-1 2.61072E-1 2.83871E-1 3.28241E-1 3.43375E-1 3.7129E-1 3.75696E-1 3.76978E-1 3.92187E-1 4.03953E-1 4.09342E-1 4.20977E-1 4.36311E-1 4.5189E-1 4.37441E-1 4.81907E-1 -9999 -9999 -9999 -9999 -9999 -9999 -9999 -9999 -9999 -9999 -9999 -9999 -9999 -9999 -9999 -9999 -9999 -9999 -9999
6.05586E-1 5.86167E-1 5.60815E-1 5.43908E-1 4.98353E-1 4.93473E-1 4.81373E-1 4.38245E-1 3.3465E-1 3.03953E-1 3.01748E-1 2.93781E-1 2.40752E-1 2.52214E-1 3.05288E-1 2.27791E-1 2.82334E-1 2.08757E-1 2.27561E-1 1.61509E-1 1.89675E-1 1.7834E-1 1.50499E-1 1.41486E-1 9.15654E-2 4.88914E-2 4.66724E-2 5.22048E-2 8.41748E-2 1.02873E-1 1.38959E-1 1.16969E-1 1.05344E-1 1.00607E-1 1.14085E-1 1.55747E-1 1.57026E-1 2.3788E-1 2.45155E-1 2.60538E-1 3.11531E-1 3.28262E-1 3.72861E-1 3.66819E-1 3.78995E-1 3.87129E-1 3.75975E-1 3.83072E-1 4.04496E-1 4.30761E-1 4.48328E-1 4.29837E-1 4.67286E-1 -9999 -9999 -9999 -9999 -9999 -9999 -9999 -9999 -9999 -9999 -9999 -9999 -9999 -9999 -9999 -9999 -9999 -9999 -9999
6.2205E-1 6.03937E-1 5.81302E-1 5.6509E-1 5.38482E-1 5.04707E-1 4.90428E-1 4.72659E-1 4.07424E-1 2.56621E-1 2.94749E-1 2.90882E-1 2.70107E-1 2.81818E-1 3.26601E-1 2.98887E-1 3.08541E-1 2.45825E-1 2.12059E-1 2.44465E-1 2.29303E-1 2.19846E-1 1.60547E-1 9.39444E-2 6.60464E-2 3.50921E-2 4.71046E-2 5.36954E-2 7.76898E-2 8.80814E-2 1.10616E-1 1.61073E-1 1.30673E-1 1.35311E-1 1.49913E-1 1.3086E-1 1.42198E-1 2.09561E-1 2.40788E-1 2.68269E-1 2.9031E-1 3.31379E-1 3.41375E-1 3.21299E-1 3.3511E-1 3.27011E-1 3.74161E-1 3.81293E-1 4.05509E-1 3.98127E-1 4.0642E-1 4.35819E-1 4.71569E-1 4.64051E-1 -9999 -9999 -9999 -9999 -9999 -9999 -9999 -9999 -9999 -9999 -9999 -9999 -9999 -9999 -9999 -9999 -9999 -9999
6.39023E-1 6.32347E-1 6.17962E-1 -9999 5.66314E-1 5.38633E-1 5.11584E-1 4.98688E-1 4.64814E-1 3.66908E-1 2.6945E-1 2.98778E-1 2.85509E-1 2.84557E-1 3.58883E-1 3.40327E-1 3.1716E-1 2.80347E-1 2.32984E-1 2.33702E-1 2.56733E-1 1.96953E-1 1.43436E-1 9.34669E-2 5.61773E-2 4.43665E-2 6.52524E-2 9.16848E-2 1.24747E-1 9.49666E-2 1.1141E-1 1.32735E-1 1.44084E-1 1.54152E-1 1.69397E-1 1.97174E-1 1.64985E-1 1.48005E-1 2.39663E-1 2.50472E-1 2.81129E-1 2.43137E-1 2.39709E-1 1.91257E-1 1.80635E-1 1.57918E-1 2.73476E-1 3.28581E-1 3.41557E-1 3.5964E-1 3.67487E-1 4.06454E-1 4.60024E-1 4.73359E-1 5.00688E-1 5.00757E-1 5.16809E-1 -9999 -9999 -9999 -9999 -9999 -9999 -9999 -9999 -9999 -9999 -9999 -9999 -9999 -9999 -9999
-9999 -9999 -9999 -9999 -9999 5.4993E-1 5.30974E-1 5.176E-1 4.99941E-1 4.61997E-1 3.84431E-1 2.72668E-1 3.26383E-1 3.34482E-1 3.40735E-1 3.43787E-1 3.21303E-1 3.32361E-1 3.24256E-1 2.85885E-1 2.66099E-1 2.12673E-1 1.89485E-1 1.54637E-1 8.74179E-2 5.07085E-2 9.40562E-2 1.12568E-1 1.08485E-1 1.17178E-1 1.06233E-1 9.5354E-2 1.10542E-1 1.67083E-1 1.76461E-1 2.08112E-1 1.84937E-1 1.84861E-1 1.76166E-1 2.14136E-1 2.11067E-1 1.85275E-1 2.00008E-1 2.75373E-1 2.26892E-1 1.90153E-1 2.01672E-1 1.40106E-1 1.51786E-1 2.17543E-1 3.0974E-1 3.50622E-1 4.21744E-1 4.90217E-1 4.84558E-1 5.12406E-1 5.35867E-1 5.54743E-1 5.54676E-1 -9999 -9999 -9999 -9999 -9999 -9999 -9999 -9999 -9999 -9999 -9999 -9999 -9999
-9999 -9999 -9999 -9999 -9999 -9999 -9999 -9999 5.17831E-1 4.97887E-1 4.67475E-1 3.5263E-1 3.69962E-1 3.65701E-1 3.46798E-1 3.60371E-1 3.40028E-1 3.40654E-1 3.42545E-1 3.2395E-1 2.74448E-1 2.65249E-1 2.29673E-1 1.6969E-1 1.57018E-1 1.09531E-1 6.66037E-2 1.01083E-1 1.0417E-1 1.03191E-1 1.35832E-1 1.71906E-1 1.85747E-1 1.0105E-1 1.52016E-1 2.11504E-1 2.13959E-1 2.13813E-1 2.31419E-1 2.10598E-1 2.28868E-1 2.72396E-1 3.20722E-1 3.04613E-1 2.53249E-1 2.04206E-1 1.26436E-1 8.28008E-2 6.74438E-2 1.09642E-1 1.78374E-1 3.04239E-1 3.93266E-1 4.48018E-1 4.63848E-1 5.07307E-1 5.17786E-1 5.16815E-1 5.58419E-1 5.59507E-1 5.5565E-1 5.89285E-1 -9999 6.44657E-1 6.62551E-1 6.79647E-1 7.1683E-1 -9999 -9999 -9999 -9999 -9999
