Artocarpus altilis SDM files/Last interglacial/results (with bias file)/Artalt_6.asc
ncols         1201
nrows         481
xllcorner     119.99986351115
yllcorner     -15.00013864885
cellsize      0.041666667
NODATA_value  -9999
[rows 160 to 191 of 481, columns 360 to 431 of 1201]
-9999 -9999 -9999 -9999 -9999 -9999 -9999 -9999 -9999 -9999 7.14178E-1 7.50448E-1 7.14003E-1 6.71381E-1 6.35119E-1 6.94821E-1 7.22471E-1 7.14696E-1 7.42876E-1 7.61193E-1 7.11488E-1 7.32292E-1 7.3981E-1 7.25885E-1 7.45551E-1 7.18579E-1 7.27407E-1 7.3435E-1 7.30927E-1 -9999 -9999 -9999 -9999 -9999 -9999 -9999 -9999 -9999 -9999 -9999 -9999 -9999 -9999 -9999 -9999 -9999 -9999 -9999 -9999 -9999 -9999 -9999 -9999 -9999 -9999 -9999 -9999 -9999 5.63916E-1 5.32698E-1 5.33141E-1 5.30723E-1 5.02794E-1 4.71256E-1 4.69793E-1 4.69123E-1 4.33282E-1 4.3703E-1 4.42937E-1 4.41641E-1 4.41694E-1 4.41371E-1
-9999 -9999 -9999 -9999 -9999 -9999 -9999 -9999 -9999 -9999 -9999 7.1334E-1 6.85234E-1 6.42091E-1 6.45369E-1 6.02951E-1 5.67327E-1 5.67228E-1 6.10441E-1 6.26391E-1 6.53159E-1 5.26745E-1 6.11205E-1 5.75492E-1 6.00304E-1 5.6759E-1 5.82294E-1 4.88583E-1 5.79459E-1 6.22929E-1 6.63392E-1 6.7537E-1 -9999 -9999 -9999 -9999 -9999 -9999 -9999 -9999 -9999 -9999 -9999 -9999 -9999 -9999 -9999 -9999 -9999 -9999 -9999 -9999 -9999 -9999 -9999 -9999 5.47759E-1 5.14631E-1 5.29361E-1 5.32518E-1 4.99874E-1 5.02963E-1 4.73085E-1 4.7474E-1 4.70111E-1 4.39181E-1 4.38972E-1 4.3182E-1 4.12154E-1 4.2661E-1 4.29436E-1 4.26182E-1
-9999 -9999 -9999 -9999 -9999 -9999 -9999 -9999 -9999 -9999 -9999 -9999 -9999 -9999 -9999 6.69833E-1 6.1093E-1 6.47772E-1 6.24627E-1 6.04412E-1 6.64582E-1 5.064E-1 3.86873E-1 3.35913E-1 4.41636E-1 2.5486E-1 2.52565E-1 3.94688E-1 3.61153E-1 4.84483E-1 4.07511E-1 3.93632E-1 4.98095E-1 6.6213E-1 6.43166E-1 6.03222E-1 6.06442E-1 6.45577E-1 7.11734E-1 7.04499E-1 6.64447E-1 6.1503E-1 6.46032E-1 -9999 -9999 -9999 -9999 -9999 -9999 -9999 -9999 -9999 -9999 -9999 5.43527E-1 5.1357E-1 5.16373E-1 4.76799E-1 4.78051E-1 4.78693E-1 4.46904E-1 4.4614E-1 4.46819E-1 4.17417E-1 4.17347E-1 4.23314E-1 3.99303E-1 4.33487E-1 4.29711E-1 4.58867E-1 4.14512E-1 4.30885E-1
-9999 -9999 -9999 -9999 -9999 -9999 -9999 -9999 -9999 -9999 -9999 -9999 -9999 -9999 -9999 -9999 -9999 -9999 6.50269E-1 6.58942E-1 6.46054E-1 6.06899E-1 5.81731E-1 4.12476E-1 3.35917E-1 4.15827E-1 3.21791E-1 4.4027E-1 2.80972E-1 1.61734E-1 2.43651E-1 3.30608E-1 3.13014E-1 2.75442E-1 1.40185E-1 2.24253E-1 2.79749E-1 2.57498E-1 3.02176E-1 4.00676E-1 4.06836E-1 3.63141E-1 4.28974E-1 4.31335E-1 4.46175E-1 4.65012E-1 -9999 -9999 -9999 -9999 -9999 5.3294E-1 5.29285E-1 4.98732E-1 4.96248E-1 5.00249E-1 4.70272E-1 4.29683E-1 4.29516E-1 4.28601E-1 4.11369E-1 4.12174E-1 4.12174E-1 3.83779E-1 3.80814E-1 3.86605E-1 3.80581E-1 3.87927E-1 4.12189E-1 4.07713E-1 4.08894E-1 4.28559E-1
-9999 -9999 -9999 -9999 -9999 -9999 -9999 -9999 -9999 -9999 -9999 -9999 -9999 -9999 -9999 -9999 -9999 -9999 -9999 6.00734E-1 -9999 6.43503E-1 6.023E-1 5.74659E-1 4.91523E-1 5.32751E-1 4.73111E-1 3.99202E-1 2.85181E-1 1.94114E-1 2.48802E-1 4.59188E-1 4.38754E-1 3.26123E-1 2.2492E-1 2.74367E-1 2.27029E-1 3.48153E-1 2.02461E-1 2.36717E-1 3.12939E-1 4.51775E-1 4.45774E-1 4.10033E-1 4.05716E-1 4.01396E-1 -9999 -9999 -9999 -9999 4.98009E-1 4.66141E-1 5.31778E-1 4.58763E-1 4.73935E-1 4.2665E-1 4.29742E-1 4.12795E-1 4.37852E-1 4.38504E-1 4.23383E-1 3.97345E-1 3.93088E-1 3.96173E-1 3.9843E-1 3.87869E-1 3.92063E-1 3.65301E-1 3.78154E-1 3.7044E-1 3.70374E-1 4.53982E-1
-9999 -9999 -9999 -9999 -9999 -9999 -9999 -9999 -9999 -9999 -9999 -9999 -9999 -9999 -9999 -9999 -9999 -9999 -9999 -9999 -9999 -9999 -9999 -9999 5.40647E-1 5.17684E-1 5.00655E-1 4.9693E-1 5.05995E-1 4.15049E-1 3.18565E-1 5.28706E-1 3.89066E-1 4.32485E-1 4.33962E-1 4.29242E-1 4.505E-1 4.43734E-1 3.41393E-1 4.28871E-1 4.74765E-1 4.62197E-1 -9999 -9999 -9999 -9999 -9999 4.6266E-1 4.24221E-1 4.12516E-1 4.33012E-1 4.69843E-1 4.51577E-1 4.45705E-1 3.83636E-1 4.00065E-1 4.2661E-1 4.20216E-1 4.52556E-1 4.48175E-1 4.76461E-1 4.78739E-1 4.81963E-1 4.57944E-1 4.53731E-1 4.52255E-1 3.99834E-1 3.94742E-1 3.79274E-1 3.83068E-1 3.82771E-1 4.14443E-1
-9999 -9999 -9999 -9999 -9999 -9999 -9999 -9999 -9999 -9999 -9999 -9999 -9999 -9999 -9999 -9999 -9999 -9999 -9999 -9999 -9999 -9999 -9999 -9999 -9999 -9999 -9999 -9999 4.82927E-1 4.74822E-1 4.58207E-1 4.46518E-1 4.38851E-1 4.36861E-1 4.461E-1 4.00394E-1 4.01908E-1 3.99597E-1 -9999 4.17659E-1 -9999 -9999 -9999 -9999 -9999 -9999 -9999 -9999 -9999 4.16882E-1 4.20972E-1 4.07627E-1 4.05991E-1 4.07005E-1 4.08276E-1 3.82038E-1 3.76885E-1 4.06581E-1 4.0072E-1 4.29875E-1 3.73761E-1 3.28055E-1 3.30911E-1 3.42283E-1 3.10043E-1 3.08147E-1 3.52926E-1 3.51947E-1 3.76318E-1 4.24949E-1 4.4342E-1 4.24122E-1
-9999 -9999 -9999 -9999 -9999 -9999 -9999 -9999 -9999 -9999 -9999 -9999 -9999 -9999 -9999 -9999 -9999 -9999 -9999 -9999 -9999 -9999 -9999 -9999 -9999 -9999 -9999 -9999 -9999 -9999 4.51624E-1 4.56205E-1 4.17611E-1 4.12264E-1 -9999 -9999 -9999 -9999 -9999 -9999 -9999 -9999 -9999 -9999 -9999 -9999 -9999 -9999 -9999 -9999 -9999 4.08502E-1 3.96318E-1 4.00156E-1 3.97876E-1 3.97127E-1 3.9871E-1 4.00133E-1 3.91715E-1 3.63948E-1 3.28636E-1 3.12972E-1 3.41229E-1 3.14715E-1 3.14715E-1 3.47775E-1 3.47093E-1 3.46133E-1 3.96262E-1 4.69918E-1 4.85201E-1 5.20633E-1
-9999 -9999 -9999 -9999 -9999 -9999 -9999 -9999 -9999 -9999 -9999 -9999 -9999 -9999 -9999 -9999 -9999 -9999 -9999 -9999 -9999 -9999 -9999 -9999 -9999 -9999 -9999 -9999 -9999 -9999 -9999 -9999 4.24025E-1 -9999 -9999 -9999 -9999 -9999 -9999 -9999 -9999 -9999 -9999 -9999 -9999 -9999 -9999 -9999 -9999 -9999 -9999 -9999 4.02099E-1 4.06128E-1 3.79513E-1 3.81223E-1 3.73762E-1 3.57875E-1 3.49374E-1 3.51106E-1 3.50379E-1 3.51517E-1 3.52223E-1 3.25805E-1 3.26336E-1 3.2708E-1 3.28657E-1 3.605E-1 3.98418E-1 4.22217E-1 4.11615E-1 4.04417E-1
-9999 -9999 -9999 -9999 -9999 -9999 -9999 -9999 -9999 -9999 -9999 -9999 -9999 -9999 -9999 -9999 -9999 -9999 -9999 -9999 -9999 -9999 -9999 -9999 -9999 -9999 -9999 -9999 -9999 -9999 -9999 -9999 -9999 -9999 -9999 -9999 -9999 -9999 -9999 -9999 -9999 -9999 -9999 -9999 -9999 -9999 -9999 -9999 -9999 -9999 -9999 -9999 3.76691E-1 3.6708E-1 3.69258E-1 3.42411E-1 3.39659E-1 3.47045E-1 3.67693E-1 3.93023E-1 3.85568E-1 3.66226E-1 3.67901E-1 3.40841E-1 3.41116E-1 3.1549E-1 3.14589E-1 3.38803E-1 3.85134E-1 4.36867E-1 3.57866E-1 3.5086E-1
-9999 -9999 -9999 -9999 -9999 -9999 -9999 -9999 -9999 -9999 -9999 -9999 -9999 -9999 -9999 -9999 -9999 -9999 -9999 -9999 -9999 -9999 -9999 -9999 -9999 -9999 -9999 -9999 -9999 -9999 -9999 -9999 -9999 -9999 -9999 -9999 -9999 -9999 -9999 -9999 -9999 -9999 -9999 -9999 -9999 -9999 -9999 -9999 -9999 -9999 -9999 -9999 3.90686E-1 3.56905E-1 3.49222E-1 3.26569E-1 3.26869E-1 3.53642E-1 3.94556E-1 3.86472E-1 3.31445E-1 3.20042E-1 3.47999E-1 3.4399E-1 3.18437E-1 3.03968E-1 3.2984E-1 3.29676E-1 4.0145E-1 3.90586E-1 3.64541E-1 3.26487E-1
-9999 -9999 -9999 -9999 -9999 -9999 -9999 -9999 -9999 -9999 -9999 -9999 -9999 -9999 -9999 -9999 -9999 -9999 -9999 -9999 -9999 -9999 -9999 -9999 -9999 -9999 -9999 -9999 -9999 -9999 -9999 -9999 -9999 -9999 -9999 -9999 -9999 -9999 -9999 -9999 -9999 -9999 -9999 -9999 -9999 -9999 3.50782E-1 -9999 3.8252E-1 3.69054E-1 3.46751E-1 3.48147E-1 3.49836E-1 3.3984E-1 3.38194E-1 3.14989E-1 3.1723E-1 3.13491E-1 3.05028E-1 2.98526E-1 2.9282E-1 2.73248E-1 2.83237E-1 3.13934E-1 3.1194E-1 3.4025E-1 3.42214E-1 3.42422E-1 4.14892E-1 4.20042E-1 3.22755E-1 3.18537E-1
-9999 -9999 -9999 -9999 -9999 -9999 -9999 -9999 -9999 -9999 -9999 -9999 -9999 -9999 -9999 -9999 -9999 -9999 -9999 -9999 -9999 -9999 -9999 -9999 -9999 -9999 -9999 -9999 -9999 -9999 -9999 -9999 -9999 -9999 -9999 -9999 -9999 -9999 -9999 -9999 -9999 -9999 -9999 -9999 -9999 -9999 3.66154E-1 3.35487E-1 3.37877E-1 3.07355E-1 3.10899E-1 3.14153E-1 3.06596E-1 3.2454E-1 3.01285E-1 3.02629E-1 3.04542E-1 3.06789E-1 3.29833E-1 3.77073E-1 3.92583E-1 3.36071E-1 3.36504E-1 3.67811E-1 3.71945E-1 3.89941E-1 3.62319E-1 3.08598E-1 3.41668E-1 3.01299E-1 2.65853E-1 2.75613E-1
-9999 -9999 -9999 -9999 -9999 -9999 -9999 -9999 -9999 -9999 -9999 -9999 -9999 -9999 -9999 -9999 -9999 -9999 -9999 -9999 -9999 -9999 -9999 -9999 -9999 -9999 -9999 -9999 -9999 -9999 -9999 -9999 -9999 -9999 -9999 3.87289E-1 3.59558E-1 -9999 -9999 -9999 -9999 -9999 -9999 3.49807E-1 3.31673E-1 3.30115E-1 3.26746E-1 3.31277E-1 3.02197E-1 2.99854E-1 3.24386E-1 3.25116E-1 3.12818E-1 3.14264E-1 3.14843E-1 3.14879E-1 3.43619E-1 3.63027E-1 3.95243E-1 4.06947E-1 4.26712E-1 3.77566E-1 3.03337E-1 2.77704E-1 2.96798E-1 3.35558E-1 3.10126E-1 2.62416E-1 2.50333E-1 2.3669E-1 2.48961E-1 2.43537E-1
-9999 -9999 -9999 -9999 -9999 -9999 -9999 -9999 -9999 -9999 -9999 -9999 -9999 -9999 -9999 -9999 -9999 -9999 -9999 -9999 -9999 -9999 -9999 -9999 -9999 -9999 -9999 -9999 -9999 3.5489E-1 3.56701E-1 -9999 3.90492E-1 3.50222E-1 3.34785E-1 3.31782E-1 3.25126E-1 2.98294E-1 -9999 -9999 3.58796E-1 3.28454E-1 3.50171E-1 3.50105E-1 3.13174E-1 3.15589E-1 3.1779E-1 3.18161E-1 3.38144E-1 3.33612E-1 3.50254E-1 3.54907E-1 3.65237E-1 3.68274E-1 3.68897E-1 3.44692E-1 3.80449E-1 3.78609E-1 3.79253E-1 3.48382E-1 2.65427E-1 2.09085E-1 2.44434E-1 3.02398E-1 3.26968E-1 3.49153E-1 2.05925E-1 2.35544E-1 2.53908E-1 2.33714E-1 2.63573E-1 3.22621E-1
-9999 -9999 -9999 -9999 -9999 -9999 -9999 -9999 -9999 -9999 -9999 -9999 -9999 -9999 -9999 -9999 -9999 -9999 -9999 -9999 -9999 -9999 -9999 -9999 -9999 -9999 -9999 -9999 -9999 -9999 -9999 3.68224E-1 3.53462E-1 3.24928E-1 3.24663E-1 3.23333E-1 2.92526E-1 3.138E-1 3.1314E-1 3.30357E-1 3.47901E-1 3.48722E-1 3.46312E-1 3.62764E-1 3.49887E-1 3.31107E-1 3.19642E-1 3.26639E-1 3.57128E-1 3.08952E-1 2.79803E-1 2.65681E-1 2.64933E-1 2.81439E-1 2.17167E-1 2.44847E-1 2.40279E-1 2.53164E-1 1.71783E-1 1.88679E-1 2.14045E-1 3.10464E-1 3.57704E-1 4.25358E-1 4.06047E-1 3.01896E-1 1.98222E-1 2.86431E-1 3.03128E-1 2.52099E-1 2.5646E-1 2.12417E-1
-9999 -9999 -9999 -9999 -9999 -9999 -9999 -9999 -9999 -9999 -9999 -9999 -9999 -9999 -9999 -9999 -9999 -9999 -9999 -9999 -9999 -9999 -9999 -9999 -9999 -9999 -9999 -9999 -9999 -9999 -9999 3.60171E-1 3.41466E-1 3.12169E-1 3.11202E-1 3.09316E-1 3.04584E-1 3.09727E-1 3.17361E-1 3.52934E-1 3.66757E-1 3.07603E-1 3.06431E-1 3.49473E-1 2.83622E-1 3.09191E-1 2.67558E-1 2.73048E-1 3.00663E-1 2.61392E-1 2.7517E-1 3.00124E-1 2.91492E-1 2.56226E-1 2.64602E-1 2.77506E-1 3.16186E-1 2.82738E-1 2.50816E-1 2.51304E-1 3.0149E-1 3.40232E-1 3.41327E-1 2.80513E-1 2.43989E-1 2.55234E-1 2.19958E-1 3.0116E-1 2.41838E-1 2.11335E-1 2.63689E-1 2.6778E-1
-9999 -9999 -9999 -9999 -9999 -9999 -9999 -9999 -9999 -9999 -9999 -9999 -9999 -9999 -9999 -9999 -9999 -9999 -9999 -9999 -9999 -9999 -9999 -9999 -9999 -9999 -9999 -9999 -9999 -9999 -9999 -9999 3.30887E-1 2.99585E-1 3.02914E-1 3.16789E-1 3.07171E-1 3.21307E-1 3.23486E-1 3.41984E-1 3.44686E-1 3.62486E-1 2.33467E-1 2.55213E-1 3.08456E-1 2.55357E-1 3.0794E-1 3.2033E-1 3.44783E-1 3.33601E-1 3.3786E-1 3.74864E-1 2.62656E-1 2.91563E-1 3.14313E-1 2.45583E-1 2.35963E-1 1.97922E-1 2.20135E-1 2.04432E-1 2.26282E-1 2.72198E-1 2.85029E-1 1.68453E-1 1.96012E-1 1.7878E-1 1.67481E-1 1.98827E-1 1.86771E-1 1.77825E-1 2.47342E-1 2.7783E-1
-9999 -9999 -9999 -9999 -9999 -9999 -9999 -9999 -9999 -9999 -9999 -9999 -9999 -9999 -9999 -9999 -9999 -9999 -9999 -9999 -9999 -9999 -9999 -9999 -9999 -9999 -9999 -9999 -9999 -9999 -9999 3.18627E-1 2.94696E-1 2.92009E-1 3.10165E-1 3.40961E-1 2.97758E-1 3.4919E-1 3.20168E-1 3.69907E-1 2.62275E-1 3.38232E-1 3.1721E-1 3.24577E-1 3.64157E-1 1.69858E-1 2.25131E-1 1.83551E-1 1.1656E-1 1.55755E-1 1.81181E-1 1.92132E-1 1.57969E-1 2.23565E-1 1.97295E-1 2.15547E-1 2.49227E-1 2.36624E-1 2.16834E-1 2.31465E-1 3.02403E-1 2.85927E-1 2.97568E-1 3.06453E-1 2.9488E-1 1.8243E-1 2.33908E-1 2.59436E-1 1.6968E-1 1.589E-1 1.65238E-1 2.28926E-1
-9999 -9999 -9999 -9999 -9999 -9999 -9999 -9999 -9999 -9999 -9999 -9999 -9999 -9999 -9999 -9999 -9999 -9999 -9999 -9999 -9999 -9999 -9999 -9999 -9999 -9999 -9999 -9999 -9999 -9999 2.97792E-1 2.83057E-1 2.885E-1 3.02473E-1 3.45906E-1 3.71894E-1 2.45037E-1 3.10236E-1 3.05313E-1 3.30196E-1 3.13056E-1 3.57947E-1 3.03432E-1 3.15169E-1 2.25332E-1 1.03312E-1 1.79904E-1 2.45576E-1 1.7379E-1 2.92347E-1 1.65121E-1 2.1679E-1 1.94519E-1 1.75865E-1 1.80487E-1 2.05628E-1 2.54965E-1 2.83158E-1 2.81186E-1 2.61937E-1 3.2296E-1 3.1862E-1 3.35063E-1 2.86275E-1 2.92417E-1 2.83989E-1 1.93752E-1 1.42837E-1 1.11993E-1 1.23423E-1 1.40428E-1 1.39178E-1
-9999 -9999 -9999 -9999 -9999 -9999 -9999 -9999 -9999 -9999 -9999 -9999 -9999 -9999 -9999 -9999 -9999 -9999 -9999 -9999 -9999 -9999 -9999 -9999 -9999 -9999 -9999 -9999 -9999 -9999 2.82852E-1 2.70309E-1 2.91136E-1 3.39154E-1 3.03157E-1 3.09453E-1 3.09218E-1 3.23644E-1 3.33826E-1 3.26784E-1 2.43794E-1 1.61594E-1 1.31626E-1 1.59628E-1 1.46695E-1 1.18745E-1 1.11975E-1 1.95846E-1 1.56469E-1 2.14159E-1 2.54028E-1 2.08726E-1 9.99943E-2 1.23428E-1 1.62856E-1 1.89307E-1 2.14319E-1 1.62546E-1 1.74704E-1 1.67264E-1 2.61851E-1 2.89099E-1 2.53245E-1 1.7669E-1 2.53279E-1 1.93955E-1 1.55166E-1 1.32252E-1 1.29372E-1 1.09039E-1 1.35162E-1 1.35198E-1
-9999 -9999 -9999 -9999 -9999 -9999 -9999 -9999 -9999 -9999 -9999 -9999 -9999 -9999 -9999 -9999 -9999 -9999 -9999 -9999 -9999 -9999 -9999 -9999 -9999 -9999 -9999 -9999 -9999 -9999 2.69991E-1 2.88977E-1 2.74603E-1 2.23031E-1 2.48634E-1 3.01298E-1 3.13003E-1 2.84377E-1 2.411E-1 1.56356E-1 1.50966E-1 1.75475E-1 2.52036E-1 1.80715E-1 1.10273E-1 1.40731E-1 1.36389E-1 1.16707E-1 9.48162E-2 1.41067E-1 1.49456E-1 1.41028E-1 7.59106E-2 1.07605E-1 1.19932E-1 1.37313E-1 1.89789E-1 1.7369E-1 1.14466E-1 1.73709E-1 2.1695E-1 2.07965E-1 1.45804E-1 1.06313E-1 1.0946E-1 1.02859E-1 9.35242E-2 1.26857E-1 1.09985E-1 1.19704E-1 1.18011E-1 1.26392E-1
-9999 -9999 -9999 -9999 -9999 -9999 -9999 -9999 -9999 -9999 -9999 -9999 -9999 -9999 -9999 -9999 -9999 -9999 -9999 -9999 -9999 -9999 -9999 -9999 -9999 -9999 -9999 -9999 -9999 2.65834E-1 2.55955E-1 2.45084E-1 2.29955E-1 2.33589E-1 1.97939E-1 2.30069E-1 2.20997E-1 1.70148E-1 2.23167E-1 2.2315E-1 1.65286E-1 1.34054E-1 1.81049E-1 1.54464E-1 1.00731E-1 1.12787E-1 1.34105E-1 1.45977E-1 1.69409E-1 8.52473E-2 1.44986E-1 1.14036E-1 9.83551E-2 1.08473E-1 9.44132E-2 1.01065E-1 1.05677E-1 8.64502E-2 1.05046E-1 1.48678E-1 1.77736E-1 1.9426E-1 1.03916E-1 1.03042E-1 9.83201E-2 1.02298E-1 9.45723E-2 1.08353E-1 9.35481E-2 9.49502E-2 9.61042E-2 1.15963E-1
-9999 -9999 -9999 -9999 -9999 -9999 -9999 -9999 -9999 -9999 -9999 -9999 -9999 -9999 -9999 -9999 -9999 -9999 -9999 -9999 -9999 -9999 -9999 -9999 -9999 -9999 -9999 -9999 -9999 2.45106E-1 2.40811E-1 2.23911E-1 2.3179E-1 2.18099E-1 2.25186E-1 1.79621E-1 1.10413E-1 1.71258E-1 1.65107E-1 1.78427E-1 1.34518E-1 1.28372E-1 1.93109E-1 1.44142E-1 1.40939E-1 1.1576E-1 1.07414E-1 1.30804E-1 1.45885E-1 8.81845E-2 1.31122E-1 7.81144E-2 5.49199E-2 1.38275E-1 1.10712E-1 1.07462E-1 8.36691E-2 8.25139E-2 9.24069E-2 1.1304E-1 1.15256E-1 8.71606E-2 9.22013E-2 9.49923E-2 1.15301E-1 8.39554E-2 1.18975E-1 1.29942E-1 8.69784E-2 1.17435E-1 9.90354E-2 9.04351E-2
-9999 -9999 -9999 -9999 -9999 -9999 -9999 -9999 -9999 -9999 -9999 -9999 -9999 -9999 -9999 -9999 -9999 -9999 -9999 -9999 -9999 -9999 -9999 -9999 -9999 -9999 -9999 2.47398E-1 2.14054E-1 1.99854E-1 1.93495E-1 1.97473E-1 2.15708E-1 2.42024E-1 1.92589E-1 1.60583E-1 1.36351E-1 1.20835E-1 1.52025E-1 1.17946E-1 1.1074E-1 1.07484E-1 1.10749E-1 1.0417E-1 1.31414E-1 7.87105E-2 1.03966E-1 1.13004E-1 9.31135E-2 6.59076E-2 6.16556E-2 6.79907E-2 6.69333E-2 7.01881E-2 1.10792E-1 8.30452E-2 1.0455E-1 9.01356E-2 8.08944E-2 1.07465E-1 8.79893E-2 8.1297E-2 1.10923E-1 8.70398E-2 8.98651E-2 1.24964E-1 1.0158E-1 1.31054E-1 1.03895E-1 1.28643E-1 1.25216E-1 1.06909E-1
-9999 -9999 -9999 -9999 -9999 -9999 -9999 -9999 -9999 -9999 -9999 -9999 -9999 -9999 -9999 -9999 -9999 -9999 -9999 -9999 -9999 -9999 -9999 -9999 2.10698E-1 2.28106E-1 2.20638E-1 1.97767E-1 1.78938E-1 2.31774E-1 2.11008E-1 1.83299E-1 1.83864E-1 1.93779E-1 1.90604E-1 1.67111E-1 1.28205E-1 1.17764E-1 1.42059E-1 1.08558E-1 8.84723E-2 1.1133E-1 8.27552E-2 1.0512E-1 1.00476E-1 5.01003E-2 7.47095E-2 7.44017E-2 7.24741E-2 7.35729E-2 1.21531E-1 9.81208E-2 1.27274E-1 1.07157E-1 1.30481E-1 1.01596E-1 1.14454E-1 1.0471E-1 9.38976E-2 1.06897E-1 9.6885E-2 9.22861E-2 1.24092E-1 1.08449E-1 9.76973E-2 1.09328E-1 1.0268E-1 1.31202E-1 1.32285E-1 1.31621E-1 1.04598E-1 1.32663E-1
-9999 -9999 -9999 -9999 -9999 -9999 -9999 -9999 -9999 -9999 -9999 -9999 -9999 -9999 -9999 -9999 -9999 -9999 -9999 -9999 -9999 -9999 -9999 2.15218E-1 1.961E-1 1.8909E-1 1.79857E-1 1.90867E-1 1.95565E-1 2.00611E-1 1.9412E-1 1.81612E-1 1.70699E-1 1.87855E-1 1.79317E-1 1.51998E-1 1.17116E-1 1.44723E-1 1.50691E-1 1.28232E-1 8.8603E-2 1.34638E-1 1.35264E-1 1.04997E-1 7.22114E-2 8.01734E-2 8.02014E-2 6.2298E-2 6.06101E-2 1.42724E-1 1.56084E-1 1.05108E-1 8.07563E-2 1.10824E-1 1.46624E-1 9.83425E-2 1.11659E-1 1.17844E-1 9.71835E-2 1.14858E-1 1.07999E-1 1.15612E-1 1.17477E-1 1.07338E-1 1.12278E-1 1.01637E-1 1.37749E-1 1.4688E-1 1.33032E-1 1.54383E-1 1.28941E-1 1.12916E-1
-9999 -9999 -9999 -9999 -9999 -9999 -9999 -9999 -9999 -9999 -9999 -9999 -9999 -9999 -9999 -9999 -9999 -9999 -9999 -9999 -9999 -9999 2.04355E-1 2.05259E-1 2.02419E-1 1.79567E-1 1.97705E-1 1.96625E-1 1.98993E-1 1.83286E-1 1.7808E-1 1.72228E-1 1.83352E-1 1.6572E-1 1.39096E-1 1.45805E-1 1.46202E-1 1.18291E-1 1.43649E-1 1.44048E-1 1.32712E-1 1.26101E-1 1.38941E-1 7.97075E-2 9.08465E-2 7.43353E-2 8.71555E-2 6.01045E-2 9.09061E-2 1.20605E-1 1.61166E-1 1.8002E-1 1.39399E-1 1.22289E-1 1.42698E-1 1.42872E-1 1.54608E-1 1.16735E-1 1.3966E-1 1.31128E-1 1.4261E-1 1.2948E-1 1.02011E-1 1.27098E-1 1.03541E-1 9.5699E-2 8.4741E-2 1.0011E-1 1.31273E-1 1.37595E-1 1.2711E-1 1.23691E-1
-9999 -9999 -9999 -9999 -9999 -9999 -9999 -9999 -9999 -9999 -9999 -9999 -9999 -9999 -9999 -9999 -9999 -9999 -9999 -9999 -9999 -9999 1.97834E-1 1.90128E-1 1.8171E-1 1.89301E-1 2.10056E-1 1.91968E-1 1.75072E-1 1.73759E-1 1.81623E-1 1.62767E-1 1.7897E-1 1.671E-1 1.32791E-1 1.41202E-1 1.59338E-1 1.46844E-1 1.80141E-1 1.32872E-1 1.33665E-1 1.28818E-1 1.34612E-1 1.26533E-1 9.7496E-2 9.27463E-2 9.19821E-2 7.65302E-2 1.32573E-1 1.63548E-1 8.76643E-2 1.83184E-1 1.74821E-1 1.2363E-1 1.15942E-1 1.251E-1 1.08921E-1 9.72096E-2 1.17506E-1 1.02328E-1 1.09463E-1 1.10064E-1 1.06923E-1 1.36727E-1 1.33585E-1 1.27065E-1 1.08199E-1 1.20086E-1 1.42783E-1 1.67474E-1 1.5481E-1 1.32822E-1
-9999 -9999 -9999 -9999 -9999 -9999 -9999 -9999 -9999 -9999 -9999 -9999 -9999 -9999 -9999 -9999 -9999 -9999 -9999 -9999 -9999 -9999 1.838E-1 1.95635E-1 1.87035E-1 1.83852E-1 1.98347E-1 1.75958E-1 1.68575E-1 1.65484E-1 1.68708E-1 1.70523E-1 1.63134E-1 1.62958E-1 1.69764E-1 1.77665E-1 2.29465E-1 1.55871E-1 1.33789E-1 1.56145E-1 1.47676E-1 1.66983E-1 1.54872E-1 1.36693E-1 1.40372E-1 1.51456E-1 1.63987E-1 8.31934E-2 1.23826E-1 1.67266E-1 1.61998E-1 1.28827E-1 1.40775E-1 1.60855E-1 1.2552E-1 1.29606E-1 1.30394E-1 1.10635E-1 1.15261E-1 1.26648E-1 1.23091E-1 1.24404E-1 1.11414E-1 1.15536E-1 1.21358E-1 1.27756E-1 1.53164E-1 1.65292E-1 1.57547E-1 1.46804E-1 1.53372E-1 1.40228E-1
-9999 -9999 -9999 -9999 -9999 -9999 -9999 -9999 -9999 -9999 -9999 -9999 -9999 -9999 -9999 -9999 -9999 -9999 -9999 -9999 -9999 1.96195E-1 1.94779E-1 1.88978E-1 1.84588E-1 2.02501E-1 1.90324E-1 1.83554E-1 1.64859E-1 1.64539E-1 1.6275E-1 1.61381E-1 1.64082E-1 1.66752E-1 1.80956E-1 1.94565E-1 1.84333E-1 9.00622E-2 1.33804E-1 1.68565E-1 1.22863E-1 1.39756E-1 1.35181E-1 1.45171E-1 1.24263E-1 1.47213E-1 1.40958E-1 8.77876E-2 1.35526E-1 1.6672E-1 1.92578E-1 1.60417E-1 1.73038E-1 1.84362E-1 1.71775E-1 1.45427E-1 1.38435E-1 1.33194E-1 1.54905E-1 1.43287E-1 1.49877E-1 1.46932E-1 1.44192E-1 1.47218E-1 1.39661E-1 1.41385E-1 1.51659E-1 1.61312E-1 1.62367E-1 1.57483E-1 1.5701E-1 1.56479E-1
-9999 -9999 -9999 -9999 -9999 -9999 -9999 -9999 -9999 -9999 -9999 -9999 -9999 -9999 -9999 -9999 2.08238E-1 2.07168E-1 1.92068E-1 2.2005E-1 -9999 -9999 1.97531E-1 1.86202E-1 1.87711E-1 1.90258E-1 1.81137E-1 1.62828E-1 1.63142E-1 1.63012E-1 1.67543E-1 1.60301E-1 1.68961E-1 1.73578E-1 1.88773E-1 2.30776E-1 2.68145E-1 1.82012E-1 1.51981E-1 1.53492E-1 1.35737E-1 1.15191E-1 1.4209E-1 1.21632E-1 1.29525E-1 1.21275E-1 9.67811E-2 1.05082E-1 1.15431E-1 2.02758E-1 2.07669E-1 2.04489E-1 1.80279E-1 1.73045E-1 1.65101E-1 1.6972E-1 1.61957E-1 1.43432E-1 1.41245E-1 1.45592E-1 1.51211E-1 1.45408E-1 1.49318E-1 1.57206E-1 1.57732E-1 1.4309E-1 1.42902E-1 1.61124E-1 1.64108E-1 1.68608E-1 1.75342E-1 1.70562E-1
