Artocarpus altilis SDM files/Last interglacial/results (with bias file)/Artalt_stddev.asc
ncols         1201
nrows         481
xllcorner     119.99986351115
yllcorner     -15.00013864885
cellsize      0.041666667
NODATA_value  -9999
[rows 160 to 191 of 481, columns 0 to 71 of 1201]
2.22188E-2 2.06313E-2 1.50328E-2 1.29865E-2 1.53789E-2 1.7253E-2 1.68976E-2 1.75523E-2 1.48699E-2 1.23646E-2 1.0626E-2 1.08216E-2 1.29774E-2 1.76429E-2 2.14235E-2 2.17345E-2 1.73284E-2 1.88215E-2 1.48965E-2 1.38332E-2 1.2352E-2 1.09087E-2 1.06336E-2 1.04911E-2 1.01521E-2 9.9414E-3 1.17093E-2 1.44713E-2 1.40588E-2 1.66379E-2 3.15547E-2 1.93365E-2 1.33524E-2 1.15206E-2 1.4087E-2 1.38437E-2 1.27117E-2 1.44242E-2 1.64887E-2 1.71368E-2 1.60949E-2 1.50804E-2 1.88759E-2 1.64099E-2 1.87321E-2 2.63813E-2 3.20445E-2 3.46596E-2 3.54533E-2 3.4873E-2 3.47178E-2 -9999 3.21853E-2 -9999 -9999 -9999 -9999 -9999 -9999 -9999 -9999 -9999 -9999 -9999 -9999 -9999 -9999 -9999 -9999 -9999 -9999 -9999
2.00524E-2 2.0389E-2 1.52723E-2 1.15915E-2 1.53009E-2 1.736E-2 1.43102E-2 1.63067E-2 1.39111E-2 1.03692E-2 9.90153E-3 1.07571E-2 1.31926E-2 1.57102E-2 1.97397E-2 1.79798E-2 1.55855E-2 1.66446E-2 1.37591E-2 1.2505E-2 1.16248E-2 1.07962E-2 9.76269E-3 9.27616E-3 9.32538E-3 9.9159E-3 1.30467E-2 1.7848E-2 1.31766E-2 1.82703E-2 2.27152E-2 2.71266E-2 1.46793E-2 1.28675E-2 1.43199E-2 1.46871E-2 1.3689E-2 1.48035E-2 1.54325E-2 1.5382E-2 1.57948E-2 1.49597E-2 2.83843E-2 2.14155E-2 3.1808E-2 3.18482E-2 3.53563E-2 3.52091E-2 -9999 -9999 -9999 -9999 -9999 -9999 -9999 -9999 -9999 -9999 -9999 -9999 -9999 -9999 -9999 -9999 -9999 -9999 -9999 -9999 -9999 -9999 -9999 -9999
1.39406E-2 1.93921E-2 1.52866E-2 1.08582E-2 1.45758E-2 1.61945E-2 1.37398E-2 1.42015E-2 1.28626E-2 1.03491E-2 1.00357E-2 1.29139E-2 1.4262E-2 1.55056E-2 1.60519E-2 1.85217E-2 1.40206E-2 1.32017E-2 1.34821E-2 1.17182E-2 1.20773E-2 1.17928E-2 9.06515E-3 8.76417E-3 9.41218E-3 1.24181E-2 1.59277E-2 1.64673E-2 1.36051E-2 1.24576E-2 1.65489E-2 3.39312E-2 1.94105E-2 1.43683E-2 1.39451E-2 1.48712E-2 1.41889E-2 1.46306E-2 1.48023E-2 1.77621E-2 2.14249E-2 2.28177E-2 3.00346E-2 2.97202E-2 3.53208E-2 3.51836E-2 -9999 -9999 -9999 -9999 -9999 -9999 -9999 -9999 -9999 -9999 -9999 -9999 -9999 -9999 -9999 -9999 -9999 -9999 -9999 -9999 -9999 -9999 -9999 -9999 -9999 -9999
1.44291E-2 2.04169E-2 1.73277E-2 1.18248E-2 1.06063E-2 1.04392E-2 1.12796E-2 1.48676E-2 1.19026E-2 9.77354E-3 1.01437E-2 1.19489E-2 1.39465E-2 1.88697E-2 1.98717E-2 1.73762E-2 1.30246E-2 1.31335E-2 1.27979E-2 1.1671E-2 1.33416E-2 1.22285E-2 9.50704E-3 9.64326E-3 1.22041E-2 1.4699E-2 1.55777E-2 1.46818E-2 1.39933E-2 1.1782E-2 1.33823E-2 3.23326E-2 2.0573E-2 1.58247E-2 1.48371E-2 1.49391E-2 1.99595E-2 2.22527E-2 2.48672E-2 2.66016E-2 3.34522E-2 3.42148E-2 3.42086E-2 -9999 -9999 -9999 -9999 -9999 -9999 -9999 -9999 -9999 -9999 -9999 -9999 -9999 -9999 -9999 -9999 -9999 -9999 -9999 -9999 -9999 -9999 -9999 -9999 -9999 -9999 -9999 -9999 -9999
1.77167E-2 1.39512E-2 1.97728E-2 1.29279E-2 1.01282E-2 1.07139E-2 1.17385E-2 1.51353E-2 1.20654E-2 1.01937E-2 9.50941E-3 1.28435E-2 1.74176E-2 1.97767E-2 1.9767E-2 1.39398E-2 1.299E-2 1.22581E-2 1.30622E-2 1.23208E-2 1.33842E-2 1.25324E-2 1.12475E-2 1.19119E-2 1.46639E-2 1.75409E-2 1.65384E-2 1.41503E-2 1.43966E-2 1.41976E-2 1.35311E-2 3.0799E-2 3.32812E-2 2.67442E-2 2.68264E-2 2.17585E-2 2.94354E-2 2.8193E-2 3.13731E-2 2.75847E-2 3.34193E-2 3.47806E-2 3.50436E-2 -9999 -9999 -9999 -9999 -9999 -9999 -9999 -9999 -9999 -9999 -9999 -9999 -9999 -9999 -9999 -9999 -9999 -9999 -9999 -9999 -9999 -9999 -9999 -9999 -9999 -9999 -9999 -9999 -9999
1.15828E-2 1.16876E-2 1.54412E-2 1.39694E-2 1.24902E-2 1.61111E-2 1.869E-2 1.55317E-2 1.22928E-2 8.96656E-3 1.09843E-2 1.51912E-2 2.05121E-2 2.02601E-2 1.87028E-2 1.56903E-2 1.29436E-2 1.16899E-2 1.30469E-2 1.41513E-2 1.39369E-2 1.52523E-2 1.37196E-2 1.45935E-2 1.80039E-2 1.83643E-2 1.94641E-2 1.58335E-2 1.52344E-2 1.81861E-2 1.91519E-2 2.90629E-2 3.35806E-2 3.62039E-2 3.25352E-2 2.94272E-2 3.29462E-2 3.274E-2 3.24568E-2 3.37209E-2 3.38177E-2 3.35514E-2 -9999 -9999 -9999 -9999 -9999 -9999 -9999 -9999 -9999 -9999 -9999 -9999 -9999 -9999 -9999 -9999 -9999 -9999 -9999 -9999 -9999 -9999 -9999 -9999 -9999 -9999 -9999 -9999 -9999 -9999
1.01711E-2 1.07468E-2 1.20847E-2 1.7499E-2 1.63374E-2 1.69875E-2 1.75421E-2 1.3737E-2 1.05783E-2 9.69145E-3 1.20894E-2 1.68545E-2 1.94023E-2 1.98693E-2 1.8886E-2 1.86967E-2 1.28944E-2 1.20654E-2 1.43071E-2 1.93615E-2 1.60598E-2 2.07765E-2 1.7871E-2 1.88463E-2 1.90772E-2 2.03741E-2 2.27614E-2 1.96882E-2 1.89614E-2 2.24282E-2 1.65711E-2 1.95521E-2 3.51934E-2 3.22788E-2 3.51377E-2 3.41165E-2 3.38401E-2 3.26913E-2 3.42327E-2 3.17752E-2 3.23321E-2 3.51035E-2 -9999 -9999 -9999 -9999 -9999 -9999 -9999 -9999 -9999 -9999 -9999 -9999 -9999 -9999 -9999 -9999 -9999 -9999 -9999 -9999 -9999 -9999 -9999 -9999 -9999 -9999 -9999 -9999 -9999 -9999
1.07957E-2 1.201E-2 1.1394E-2 1.60701E-2 1.492E-2 1.55505E-2 1.54018E-2 1.3273E-2 1.04843E-2 1.15054E-2 1.22043E-2 1.35519E-2 1.50676E-2 1.6921E-2 1.86167E-2 1.85362E-2 1.38134E-2 1.26883E-2 1.52555E-2 1.94002E-2 1.87021E-2 1.71793E-2 2.23649E-2 2.26326E-2 2.17038E-2 2.26887E-2 2.30112E-2 2.0704E-2 1.55855E-2 2.63106E-2 2.27374E-2 2.51577E-2 3.51387E-2 2.27839E-2 3.38726E-2 3.46028E-2 3.61306E-2 3.40846E-2 3.13093E-2 3.04007E-2 3.58108E-2 -9999 -9999 -9999 -9999 -9999 -9999 -9999 -9999 -9999 -9999 -9999 -9999 -9999 -9999 -9999 -9999 -9999 -9999 -9999 -9999 -9999 -9999 -9999 -9999 -9999 -9999 -9999 -9999 -9999 -9999 -9999
9.77768E-3 1.01152E-2 9.74E-3 1.25557E-2 1.49832E-2 1.21756E-2 1.27594E-2 1.14612E-2 9.34913E-3 1.03481E-2 1.20085E-2 1.04475E-2 1.09E-2 1.49913E-2 1.8292E-2 1.83617E-2 1.6218E-2 1.35698E-2 1.63875E-2 1.71362E-2 2.00399E-2 1.68493E-2 1.89128E-2 2.31542E-2 2.20954E-2 2.27118E-2 2.19333E-2 1.78665E-2 1.62499E-2 3.22816E-2 3.08398E-2 2.08419E-2 3.07327E-2 2.14825E-2 2.95401E-2 -9999 -9999 3.14898E-2 -9999 3.23869E-2 -9999 -9999 -9999 -9999 -9999 -9999 -9999 -9999 -9999 -9999 -9999 -9999 -9999 -9999 -9999 -9999 -9999 -9999 -9999 -9999 -9999 -9999 -9999 -9999 -9999 -9999 -9999 -9999 -9999 -9999 -9999 -9999
9.49174E-3 9.08859E-3 8.48373E-3 9.65439E-3 1.29646E-2 1.12564E-2 9.87317E-3 9.47432E-3 9.10557E-3 9.32689E-3 1.13448E-2 1.16198E-2 1.02052E-2 1.31982E-2 1.79865E-2 1.75838E-2 1.69903E-2 1.5849E-2 1.53336E-2 1.95186E-2 2.04088E-2 1.9047E-2 1.81574E-2 2.06381E-2 2.24231E-2 1.99827E-2 2.07435E-2 1.52437E-2 1.61642E-2 3.26743E-2 3.42079E-2 2.51824E-2 2.71871E-2 2.94295E-2 3.24404E-2 3.26737E-2 -9999 -9999 -9999 -9999 -9999 -9999 -9999 -9999 -9999 -9999 -9999 -9999 -9999 -9999 -9999 -9999 -9999 -9999 -9999 -9999 -9999 -9999 -9999 -9999 -9999 -9999 -9999 -9999 -9999 -9999 -9999 -9999 -9999 -9999 -9999 -9999
9.46852E-3 8.91633E-3 8.21258E-3 9.54588E-3 1.13823E-2 1.21752E-2 1.09216E-2 9.48181E-3 8.68022E-3 8.76451E-3 1.09896E-2 1.21462E-2 1.06477E-2 1.24934E-2 1.33148E-2 1.6554E-2 1.78718E-2 1.74362E-2 1.44967E-2 1.60933E-2 1.83003E-2 1.95982E-2 1.81091E-2 1.81293E-2 1.8682E-2 1.6717E-2 1.90929E-2 1.53405E-2 1.69136E-2 3.33669E-2 3.00417E-2 2.6886E-2 3.19967E-2 3.4532E-2 3.56936E-2 3.5918E-2 3.63298E-2 -9999 -9999 -9999 -9999 -9999 -9999 -9999 -9999 -9999 -9999 -9999 -9999 -9999 -9999 -9999 -9999 -9999 -9999 -9999 -9999 -9999 -9999 -9999 -9999 -9999 -9999 -9999 -9999 -9999 -9999 -9999 -9999 -9999 -9999 -9999
9.65258E-3 8.73547E-3 9.60757E-3 1.15951E-2 1.14481E-2 1.06026E-2 1.38287E-2 1.13836E-2 9.65086E-3 8.72579E-3 9.42401E-3 1.03842E-2 1.00597E-2 1.3219E-2 1.15754E-2 1.29138E-2 1.76577E-2 1.79554E-2 1.53494E-2 1.40487E-2 1.48876E-2 1.60108E-2 1.74147E-2 1.53219E-2 1.75925E-2 1.71642E-2 1.60327E-2 1.67488E-2 1.80822E-2 2.01147E-2 2.39169E-2 2.28801E-2 2.79158E-2 2.31075E-2 2.32402E-2 3.5508E-2 3.6519E-2 -9999 -9999 -9999 -9999 -9999 -9999 -9999 -9999 -9999 -9999 -9999 -9999 -9999 -9999 -9999 -9999 -9999 -9999 -9999 -9999 -9999 -9999 -9999 -9999 -9999 -9999 -9999 -9999 -9999 -9999 -9999 -9999 -9999 -9999 -9999
9.59779E-3 8.71532E-3 1.18121E-2 1.03548E-2 9.6867E-3 1.09014E-2 1.23912E-2 1.33901E-2 1.04915E-2 8.83727E-3 9.18097E-3 1.00154E-2 9.61687E-3 1.14195E-2 1.18788E-2 1.1415E-2 1.37135E-2 1.70604E-2 1.71438E-2 1.38128E-2 1.31095E-2 1.42912E-2 1.68314E-2 1.42274E-2 1.46472E-2 1.652E-2 1.49213E-2 1.523E-2 2.21172E-2 2.90015E-2 3.07797E-2 2.80195E-2 2.54852E-2 3.10182E-2 2.51468E-2 3.07745E-2 3.61997E-2 -9999 -9999 -9999 -9999 -9999 -9999 -9999 -9999 -9999 -9999 -9999 -9999 -9999 -9999 -9999 -9999 -9999 -9999 -9999 -9999 -9999 -9999 -9999 -9999 -9999 -9999 -9999 -9999 -9999 -9999 -9999 -9999 -9999 -9999 -9999
9.96274E-3 8.43448E-3 9.70507E-3 7.75839E-3 9.07917E-3 9.98236E-3 1.1141E-2 1.20175E-2 1.2328E-2 9.83489E-3 9.19104E-3 1.06869E-2 1.1874E-2 1.15123E-2 1.22569E-2 1.18342E-2 1.02292E-2 1.26436E-2 1.536E-2 1.36234E-2 1.25559E-2 1.34076E-2 1.33235E-2 1.35652E-2 1.3497E-2 1.43797E-2 1.44127E-2 1.55388E-2 1.92846E-2 2.9107E-2 3.06404E-2 3.11901E-2 2.89329E-2 2.09744E-2 2.59757E-2 2.60507E-2 3.20454E-2 3.70463E-2 3.74108E-2 3.84231E-2 3.8961E-2 4.02738E-2 -9999 -9999 -9999 -9999 -9999 -9999 -9999 -9999 -9999 -9999 -9999 -9999 -9999 -9999 -9999 -9999 -9999 -9999 -9999 -9999 -9999 -9999 -9999 -9999 -9999 -9999 -9999 -9999 -9999 -9999
1.12121E-2 8.16117E-3 8.43329E-3 8.15172E-3 7.75582E-3 8.70221E-3 9.60199E-3 1.06399E-2 1.08228E-2 9.71422E-3 1.01155E-2 9.91014E-3 1.178E-2 1.29894E-2 1.31449E-2 1.342E-2 1.05995E-2 9.44954E-3 1.18303E-2 1.22722E-2 1.16935E-2 1.14959E-2 1.10034E-2 1.15143E-2 1.14327E-2 1.21801E-2 1.24093E-2 1.51612E-2 1.93066E-2 2.27055E-2 2.87679E-2 3.04835E-2 2.97352E-2 2.29861E-2 1.90371E-2 2.20898E-2 2.28641E-2 3.29156E-2 3.80941E-2 3.84765E-2 3.9374E-2 4.03605E-2 -9999 -9999 -9999 -9999 -9999 -9999 -9999 -9999 -9999 -9999 -9999 -9999 -9999 -9999 -9999 -9999 -9999 -9999 -9999 -9999 -9999 -9999 -9999 -9999 -9999 -9999 -9999 -9999 -9999 -9999
9.49797E-3 8.29603E-3 9.38092E-3 8.97538E-3 8.2118E-3 8.84919E-3 9.96503E-3 9.76893E-3 9.54845E-3 9.80077E-3 1.24668E-2 9.66077E-3 1.0298E-2 1.18772E-2 1.14557E-2 1.15097E-2 1.29065E-2 1.16435E-2 1.16648E-2 1.13355E-2 1.10977E-2 1.09034E-2 1.06241E-2 1.04444E-2 1.17829E-2 1.08906E-2 1.09671E-2 1.40361E-2 2.0314E-2 1.80515E-2 3.02821E-2 2.99357E-2 2.94922E-2 2.37271E-2 1.83384E-2 1.88458E-2 1.96715E-2 3.00532E-2 3.60204E-2 3.61202E-2 3.57747E-2 3.83758E-2 4.10945E-2 -9999 -9999 -9999 -9999 -9999 -9999 -9999 -9999 -9999 -9999 -9999 -9999 -9999 -9999 -9999 -9999 -9999 -9999 -9999 -9999 -9999 -9999 -9999 -9999 -9999 -9999 -9999 -9999 -9999
9.16019E-3 7.70934E-3 8.73222E-3 9.9578E-3 9.6754E-3 9.17093E-3 9.42676E-3 1.21013E-2 1.11513E-2 1.00851E-2 1.29248E-2 1.13432E-2 9.27826E-3 1.1171E-2 1.07706E-2 1.01687E-2 1.00088E-2 1.37873E-2 1.3751E-2 1.22388E-2 1.15355E-2 1.14499E-2 1.09337E-2 1.0782E-2 1.16604E-2 1.25056E-2 1.16977E-2 1.58671E-2 1.92349E-2 2.042E-2 2.33126E-2 2.87577E-2 2.14576E-2 1.91039E-2 1.76148E-2 1.80257E-2 1.78503E-2 2.46755E-2 3.20492E-2 3.39689E-2 2.77329E-2 3.28513E-2 2.90969E-2 3.8376E-2 -9999 -9999 -9999 -9999 -9999 -9999 -9999 -9999 -9999 -9999 -9999 -9999 -9999 -9999 -9999 -9999 -9999 -9999 -9999 -9999 -9999 -9999 -9999 -9999 -9999 -9999 -9999 -9999
1.00633E-2 7.7162E-3 7.79238E-3 8.60342E-3 8.68548E-3 9.3855E-3 1.1558E-2 1.29053E-2 1.27933E-2 1.2762E-2 1.54565E-2 1.05324E-2 7.65815E-3 8.86816E-3 9.36264E-3 8.98123E-3 9.38085E-3 1.10884E-2 1.72654E-2 1.71893E-2 1.51742E-2 1.36845E-2 1.28475E-2 1.31798E-2 1.34665E-2 1.3836E-2 1.31504E-2 1.52755E-2 1.44441E-2 1.43644E-2 1.66868E-2 2.3941E-2 1.67699E-2 1.54714E-2 1.86542E-2 1.66832E-2 1.63624E-2 1.81616E-2 2.45852E-2 2.70157E-2 2.60188E-2 2.71478E-2 2.57883E-2 3.63948E-2 4.13471E-2 -9999 -9999 -9999 -9999 -9999 -9999 -9999 -9999 -9999 -9999 -9999 -9999 -9999 -9999 -9999 -9999 -9999 -9999 -9999 -9999 -9999 -9999 -9999 -9999 -9999 -9999 -9999
9.62941E-3 9.18949E-3 8.39541E-3 8.7978E-3 1.00301E-2 9.98156E-3 1.15508E-2 1.42181E-2 1.61286E-2 1.67032E-2 1.61316E-2 1.17093E-2 7.49595E-3 7.20759E-3 7.61568E-3 1.09653E-2 1.06455E-2 1.28361E-2 2.12442E-2 2.78378E-2 2.50386E-2 2.01209E-2 1.74649E-2 1.78815E-2 1.77999E-2 1.58662E-2 1.47968E-2 1.4587E-2 1.46062E-2 1.58047E-2 1.58859E-2 1.9352E-2 1.70054E-2 1.57609E-2 1.65477E-2 1.57732E-2 1.65998E-2 1.62306E-2 1.96419E-2 2.10322E-2 2.34795E-2 2.30601E-2 3.02399E-2 3.40243E-2 3.85748E-2 -9999 -9999 -9999 -9999 -9999 -9999 -9999 -9999 -9999 -9999 -9999 -9999 -9999 -9999 -9999 -9999 -9999 -9999 -9999 -9999 -9999 -9999 -9999 -9999 -9999 -9999 -9999
8.62851E-3 1.18619E-2 1.19906E-2 1.05209E-2 1.1802E-2 1.15712E-2 1.3425E-2 1.41389E-2 1.75514E-2 2.22594E-2 1.51862E-2 1.23473E-2 8.11535E-3 7.30222E-3 8.84411E-3 1.27107E-2 1.3856E-2 1.52054E-2 2.59345E-2 2.99408E-2 3.11634E-2 3.02719E-2 2.6125E-2 2.26266E-2 2.74918E-2 2.11231E-2 2.03522E-2 1.76951E-2 1.611E-2 2.07517E-2 2.00913E-2 1.84469E-2 1.82142E-2 1.60988E-2 1.59319E-2 1.55604E-2 1.60513E-2 1.60535E-2 1.73493E-2 1.79235E-2 2.10246E-2 2.35154E-2 2.3736E-2 2.755E-2 3.53729E-2 4.20325E-2 -9999 -9999 -9999 -9999 -9999 -9999 -9999 -9999 -9999 -9999 -9999 -9999 -9999 -9999 -9999 -9999 -9999 -9999 -9999 -9999 -9999 -9999 -9999 -9999 -9999 -9999
1.03185E-2 1.2224E-2 1.51312E-2 1.29251E-2 1.35629E-2 1.28605E-2 1.53485E-2 2.05541E-2 2.34993E-2 2.44382E-2 1.65677E-2 1.48217E-2 1.29921E-2 1.04696E-2 1.04318E-2 1.27916E-2 1.68665E-2 2.09071E-2 2.73559E-2 2.99183E-2 3.20413E-2 3.23581E-2 2.9797E-2 2.17586E-2 2.54138E-2 2.73787E-2 2.29049E-2 1.87594E-2 1.60502E-2 1.58246E-2 1.68609E-2 2.03918E-2 2.14471E-2 2.05597E-2 1.74393E-2 1.5935E-2 1.61316E-2 1.64167E-2 1.62814E-2 1.74567E-2 1.9884E-2 2.16262E-2 2.24508E-2 2.26035E-2 2.50574E-2 3.47408E-2 4.22117E-2 -9999 -9999 -9999 -9999 -9999 -9999 -9999 -9999 -9999 -9999 -9999 -9999 -9999 -9999 -9999 -9999 -9999 -9999 -9999 -9999 -9999 -9999 -9999 -9999 -9999
1.21699E-2 1.29862E-2 1.34335E-2 1.64731E-2 1.40964E-2 1.72743E-2 2.19846E-2 2.5941E-2 2.74483E-2 2.57139E-2 2.22737E-2 1.89182E-2 1.5788E-2 1.30931E-2 1.56107E-2 1.61675E-2 2.10628E-2 2.51473E-2 2.88911E-2 3.01068E-2 3.12431E-2 3.08395E-2 3.05242E-2 2.75801E-2 2.57608E-2 1.90473E-2 2.24056E-2 1.8469E-2 1.64559E-2 1.5405E-2 1.53469E-2 1.60981E-2 2.0746E-2 2.08432E-2 2.07563E-2 1.88644E-2 1.72884E-2 1.73905E-2 1.77331E-2 1.71418E-2 1.88435E-2 1.89125E-2 1.98189E-2 2.28612E-2 2.18688E-2 2.68759E-2 3.77853E-2 -9999 -9999 -9999 -9999 -9999 -9999 -9999 -9999 -9999 -9999 -9999 -9999 -9999 -9999 -9999 -9999 -9999 -9999 -9999 -9999 -9999 -9999 -9999 -9999 -9999
1.2958E-2 1.21622E-2 1.22091E-2 1.44705E-2 2.07443E-2 2.39891E-2 2.80563E-2 2.99214E-2 2.94361E-2 3.02234E-2 2.84157E-2 2.43544E-2 2.32698E-2 1.98954E-2 2.17308E-2 2.21846E-2 2.6742E-2 2.80428E-2 3.12636E-2 3.13318E-2 3.1943E-2 3.11364E-2 2.99153E-2 3.08541E-2 2.74233E-2 2.27229E-2 2.39521E-2 1.64246E-2 1.64391E-2 1.83527E-2 2.20044E-2 1.57475E-2 1.69957E-2 1.8603E-2 1.9865E-2 1.92517E-2 2.08347E-2 2.09237E-2 2.07147E-2 1.94079E-2 1.80619E-2 1.84229E-2 1.82305E-2 2.00132E-2 2.01862E-2 2.75698E-2 2.78797E-2 3.87326E-2 -9999 -9999 -9999 -9999 -9999 -9999 -9999 -9999 -9999 -9999 -9999 -9999 -9999 -9999 -9999 -9999 -9999 -9999 -9999 -9999 -9999 -9999 -9999 -9999
1.18895E-2 1.56746E-2 1.55334E-2 1.84929E-2 2.40019E-2 2.82685E-2 3.04679E-2 3.07459E-2 3.1039E-2 3.10214E-2 3.07649E-2 3.05565E-2 3.14108E-2 3.05312E-2 2.96004E-2 2.89992E-2 3.10034E-2 3.17062E-2 3.27607E-2 3.202E-2 3.18872E-2 3.19543E-2 3.10794E-2 3.36295E-2 3.37935E-2 3.30633E-2 3.04896E-2 2.03381E-2 1.68274E-2 1.73847E-2 2.16597E-2 1.83137E-2 1.78642E-2 1.89087E-2 2.01354E-2 2.24544E-2 2.40782E-2 2.32307E-2 2.24661E-2 2.26139E-2 2.20102E-2 1.88161E-2 1.89113E-2 1.92478E-2 1.99047E-2 2.25685E-2 2.45316E-2 2.90251E-2 4.18932E-2 -9999 -9999 -9999 -9999 -9999 -9999 -9999 -9999 -9999 -9999 -9999 -9999 -9999 -9999 -9999 -9999 -9999 -9999 -9999 -9999 -9999 -9999 -9999
1.23963E-2 1.52634E-2 1.44377E-2 1.67566E-2 2.28468E-2 3.0563E-2 3.04779E-2 3.11193E-2 3.09848E-2 3.15509E-2 3.13101E-2 3.13701E-2 3.22379E-2 3.20329E-2 3.20527E-2 3.19829E-2 3.29541E-2 3.26958E-2 3.27196E-2 3.2785E-2 3.29165E-2 3.3105E-2 3.28025E-2 3.2881E-2 3.32244E-2 3.36551E-2 3.40821E-2 2.27532E-2 2.00727E-2 2.28861E-2 1.85674E-2 1.76358E-2 2.15946E-2 2.15748E-2 2.15082E-2 2.03728E-2 2.20307E-2 2.08133E-2 1.94958E-2 2.00644E-2 2.0299E-2 2.01399E-2 2.00104E-2 2.0212E-2 2.28525E-2 2.1485E-2 2.16198E-2 2.31864E-2 3.55812E-2 -9999 -9999 -9999 -9999 -9999 -9999 -9999 -9999 -9999 -9999 -9999 -9999 -9999 -9999 -9999 -9999 -9999 -9999 -9999 -9999 -9999 -9999 -9999
1.05526E-2 1.19279E-2 1.45863E-2 1.7563E-2 2.71998E-2 3.16617E-2 3.13213E-2 3.16728E-2 3.15956E-2 3.12986E-2 3.21631E-2 3.21149E-2 3.19745E-2 3.2974E-2 3.28384E-2 3.28475E-2 -9999 -9999 -9999 -9999 -9999 3.36817E-2 3.38597E-2 3.30769E-2 3.34734E-2 3.50852E-2 3.43097E-2 3.39163E-2 2.20531E-2 1.80444E-2 1.90948E-2 1.84117E-2 1.7049E-2 2.00089E-2 2.30651E-2 2.39212E-2 2.38327E-2 2.47151E-2 2.41594E-2 2.61136E-2 2.40216E-2 1.83121E-2 1.83334E-2 1.9642E-2 2.28109E-2 2.80236E-2 3.29981E-2 3.63634E-2 3.86254E-2 -9999 -9999 -9999 -9999 -9999 -9999 -9999 -9999 -9999 -9999 -9999 -9999 -9999 -9999 -9999 -9999 -9999 -9999 -9999 -9999 -9999 -9999 -9999
1.10845E-2 1.34941E-2 1.56013E-2 2.63977E-2 3.20327E-2 3.15868E-2 3.18366E-2 3.1638E-2 3.22054E-2 3.22659E-2 3.21138E-2 3.29559E-2 3.28467E-2 3.18577E-2 -9999 -9999 -9999 -9999 -9999 -9999 -9999 -9999 -9999 -9999 -9999 3.38272E-2 3.1669E-2 2.01747E-2 2.33501E-2 1.7854E-2 1.58828E-2 1.93103E-2 1.84514E-2 1.70996E-2 1.97321E-2 2.44169E-2 2.48233E-2 2.4617E-2 2.51472E-2 2.33109E-2 2.24764E-2 1.90055E-2 1.8146E-2 1.82194E-2 1.94594E-2 2.10071E-2 2.32066E-2 3.55536E-2 4.31962E-2 4.29391E-2 -9999 -9999 -9999 -9999 -9999 -9999 -9999 -9999 -9999 -9999 -9999 -9999 -9999 -9999 -9999 -9999 -9999 -9999 -9999 -9999 -9999 -9999
1.44459E-2 1.52937E-2 1.98976E-2 3.11979E-2 3.24695E-2 3.20757E-2 3.18212E-2 3.23299E-2 3.22405E-2 3.10376E-2 3.20191E-2 3.19564E-2 3.19948E-2 -9999 -9999 -9999 -9999 -9999 -9999 -9999 -9999 -9999 -9999 -9999 2.96319E-2 2.38858E-2 1.8613E-2 2.20526E-2 2.36405E-2 2.10474E-2 1.71689E-2 1.65739E-2 2.05609E-2 1.95858E-2 1.97571E-2 2.39125E-2 2.3234E-2 2.2596E-2 2.4714E-2 1.97731E-2 1.91308E-2 1.87399E-2 1.86356E-2 1.84804E-2 1.92891E-2 2.16533E-2 2.14777E-2 2.53911E-2 3.70293E-2 4.09035E-2 -9999 -9999 -9999 -9999 -9999 -9999 -9999 -9999 -9999 -9999 -9999 -9999 -9999 -9999 -9999 -9999 -9999 -9999 -9999 -9999 -9999 -9999
1.59256E-2 1.52898E-2 2.08207E-2 3.07192E-2 3.18225E-2 3.13886E-2 3.12558E-2 3.10736E-2 3.19704E-2 3.1723E-2 3.18914E-2 3.28043E-2 -9999 -9999 -9999 -9999 -9999 -9999 -9999 -9999 -9999 -9999 -9999 3.15314E-2 2.75626E-2 2.50592E-2 1.85654E-2 1.85817E-2 2.106E-2 2.19833E-2 1.76396E-2 1.68373E-2 1.8487E-2 1.9779E-2 2.2591E-2 2.42061E-2 2.51289E-2 2.51904E-2 2.19123E-2 1.81846E-2 1.7923E-2 1.86521E-2 1.93877E-2 1.92851E-2 2.01353E-2 2.01311E-2 2.36183E-2 2.94218E-2 2.58334E-2 3.31071E-2 4.14205E-2 4.31148E-2 4.24228E-2 -9999 -9999 -9999 -9999 -9999 -9999 -9999 -9999 -9999 -9999 -9999 -9999 -9999 -9999 -9999 -9999 -9999 -9999 -9999
1.50491E-2 1.89245E-2 2.26989E-2 2.96008E-2 3.19489E-2 3.13263E-2 3.20379E-2 3.19673E-2 3.16564E-2 3.18628E-2 3.26466E-2 -9999 -9999 -9999 -9999 -9999 -9999 -9999 -9999 -9999 -9999 -9999 -9999 3.31765E-2 3.23069E-2 3.22617E-2 1.83762E-2 1.95063E-2 2.47857E-2 2.6776E-2 1.86233E-2 1.81621E-2 1.8567E-2 1.82738E-2 2.36556E-2 2.56454E-2 2.50199E-2 2.28069E-2 2.21119E-2 1.83064E-2 1.89257E-2 1.92551E-2 1.91771E-2 1.97938E-2 2.09624E-2 2.08597E-2 2.27891E-2 2.41226E-2 2.38398E-2 3.00692E-2 3.5728E-2 3.62243E-2 4.07564E-2 -9999 -9999 -9999 -9999 -9999 -9999 -9999 -9999 -9999 -9999 -9999 -9999 -9999 -9999 -9999 -9999 -9999 -9999 -9999
1.25185E-2 1.38067E-2 1.741E-2 2.92777E-2 3.19157E-2 3.09674E-2 3.19618E-2 3.15592E-2 3.16634E-2 -9999 -9999 -9999 -9999 -9999 -9999 -9999 -9999 -9999 -9999 -9999 -9999 -9999 -9999 -9999 -9999 3.44293E-2 2.11875E-2 1.83378E-2 2.16992E-2 2.3773E-2 2.02513E-2 1.70982E-2 1.69708E-2 2.26291E-2 2.58658E-2 2.53675E-2 2.259E-2 1.88392E-2 1.88935E-2 1.80578E-2 1.82879E-2 2.02323E-2 2.37142E-2 2.30919E-2 2.35447E-2 2.23622E-2 2.13619E-2 2.19313E-2 2.86524E-2 3.20226E-2 2.67613E-2 3.14123E-2 4.13882E-2 3.7737E-2 3.3654E-2 3.89082E-2 -9999 -9999 -9999 -9999 -9999 -9999 -9999 -9999 -9999 -9999 -9999 -9999 -9999 -9999 -9999 -9999
1.24856E-2 1.32175E-2 1.52968E-2 2.11959E-2 3.13628E-2 3.19782E-2 3.13833E-2 -9999 -9999 -9999 -9999 -9999 -9999 -9999 -9999 -9999 -9999 -9999 -9999 -9999 -9999 -9999 -9999 -9999 -9999 3.60084E-2 2.55781E-2 1.78138E-2 1.93582E-2 2.44712E-2 2.0023E-2 1.995E-2 1.9937E-2 2.4753E-2 2.3649E-2 2.22557E-2 2.13095E-2 2.15263E-2 2.29718E-2 2.22318E-2 2.07874E-2 2.264E-2 2.52142E-2 2.20736E-2 2.30731E-2 2.13695E-2 2.19415E-2 2.46938E-2 2.76998E-2 2.38224E-2 2.52054E-2 2.88986E-2 2.69488E-2 2.80896E-2 2.81355E-2 3.46898E-2 -9999 -9999 -9999 -9999 -9999 -9999 -9999 -9999 -9999 -9999 -9999 -9999 -9999 -9999 -9999 -9999
