Artocarpus altilis SDM files/Last interglacial/results (with bias file)/Artalt_7.asc
ncols         1201
nrows         481
xllcorner     119.99986351115
yllcorner     -15.00013864885
cellsize      0.041666667
NODATA_value  -9999
[rows 224 to 255 of 481, columns 576 to 647 of 1201]
5.85694E-1 5.76613E-1 5.78936E-1 5.96323E-1 5.91209E-1 6.04973E-1 6.00718E-1 6.05097E-1 6.19762E-1 6.10855E-1 6.28436E-1 6.29821E-1 6.44966E-1 6.47078E-1 6.54615E-1 6.7095E-1 6.56962E-1 6.59276E-1 6.80588E-1 6.57773E-1 6.66309E-1 7.08263E-1 7.22593E-1 7.6325E-1 -9999 -9999 -9999 -9999 -9999 -9999 -9999 -9999 -9999 -9999 -9999 -9999 -9999 -9999 -9999 -9999 -9999 -9999 -9999 -9999 -9999 -9999 -9999 -9999 -9999 -9999 -9999 -9999 -9999 -9999 -9999 -9999 -9999 -9999 -9999 -9999 -9999 -9999 -9999 -9999 -9999 -9999 -9999 -9999 -9999 -9999 -9999 -9999
5.75717E-1 5.74962E-1 5.74653E-1 5.81131E-1 5.82432E-1 5.88681E-1 5.86986E-1 6.02937E-1 5.95672E-1 6.04757E-1 6.16805E-1 6.08976E-1 6.31593E-1 6.29366E-1 6.34906E-1 6.49354E-1 6.45841E-1 6.40075E-1 6.54773E-1 6.52314E-1 6.51866E-1 6.67579E-1 6.97161E-1 7.17191E-1 7.59359E-1 7.64826E-1 -9999 -9999 -9999 -9999 -9999 -9999 -9999 -9999 -9999 -9999 -9999 -9999 -9999 -9999 -9999 -9999 -9999 -9999 -9999 -9999 -9999 -9999 -9999 -9999 -9999 -9999 -9999 -9999 -9999 -9999 -9999 -9999 -9999 -9999 -9999 -9999 -9999 -9999 -9999 -9999 -9999 -9999 -9999 -9999 -9999 -9999
5.63377E-1 5.60583E-1 5.60882E-1 5.68574E-1 5.68725E-1 5.71116E-1 5.84357E-1 5.84946E-1 5.88542E-1 5.8657E-1 6.02513E-1 6.07577E-1 6.08343E-1 6.16961E-1 6.14394E-1 6.36596E-1 6.27679E-1 5.97269E-1 6.49206E-1 6.42709E-1 6.07517E-1 6.14284E-1 7.0294E-1 7.18112E-1 6.98238E-1 7.04673E-1 7.16227E-1 8.14697E-1 8.37166E-1 8.41242E-1 8.57481E-1 8.5059E-1 7.78318E-1 -9999 -9999 -9999 -9999 -9999 -9999 -9999 -9999 -9999 -9999 -9999 -9999 -9999 -9999 -9999 -9999 -9999 -9999 -9999 -9999 -9999 -9999 -9999 -9999 -9999 -9999 -9999 -9999 -9999 -9999 -9999 -9999 -9999 -9999 -9999 -9999 -9999 -9999 -9999
5.4603E-1 5.55285E-1 5.51067E-1 5.62582E-1 5.62076E-1 5.66179E-1 5.64225E-1 5.7176E-1 5.63918E-1 5.70848E-1 5.81959E-1 5.80954E-1 5.85216E-1 5.9243E-1 5.94281E-1 6.22916E-1 6.15629E-1 6.18215E-1 6.35548E-1 6.36771E-1 6.09864E-1 5.81943E-1 6.45331E-1 7.10784E-1 6.93402E-1 6.26161E-1 6.24625E-1 6.9586E-1 7.47319E-1 8.23517E-1 8.49011E-1 8.23172E-1 7.32745E-1 8.346E-1 -9999 -9999 -9999 -9999 -9999 -9999 -9999 -9999 -9999 -9999 -9999 -9999 -9999 -9999 -9999 -9999 -9999 -9999 -9999 -9999 -9999 -9999 -9999 -9999 -9999 -9999 -9999 -9999 -9999 -9999 -9999 -9999 -9999 -9999 -9999 -9999 -9999 -9999
5.38729E-1 5.48701E-1 5.45686E-1 5.55216E-1 5.3962E-1 5.502E-1 5.53795E-1 5.47778E-1 5.62855E-1 5.55483E-1 5.60802E-1 5.76082E-1 5.63292E-1 5.68593E-1 5.82397E-1 5.96939E-1 6.0914E-1 6.07125E-1 6.17433E-1 6.11588E-1 6.10363E-1 5.9296E-1 5.90046E-1 6.94485E-1 6.94658E-1 6.46177E-1 5.98561E-1 6.96446E-1 7.85299E-1 7.83039E-1 8.28578E-1 8.42035E-1 8.62365E-1 8.47016E-1 7.88001E-1 -9999 -9999 -9999 -9999 -9999 -9999 -9999 -9999 -9999 -9999 -9999 -9999 -9999 -9999 -9999 -9999 -9999 -9999 -9999 -9999 -9999 -9999 -9999 -9999 -9999 -9999 -9999 -9999 -9999 -9999 -9999 -9999 -9999 -9999 -9999 -9999 -9999
5.36974E-1 5.369E-1 5.32097E-1 5.48872E-1 5.31261E-1 5.29778E-1 5.32749E-1 5.44266E-1 5.5307E-1 5.46546E-1 5.55224E-1 5.57662E-1 5.67943E-1 5.63208E-1 5.81689E-1 5.91071E-1 5.8405E-1 5.93772E-1 6.05376E-1 6.08282E-1 6.20864E-1 6.21974E-1 6.25419E-1 6.67625E-1 7.11456E-1 6.65937E-1 6.68857E-1 7.03497E-1 6.67318E-1 7.30257E-1 7.15448E-1 6.62994E-1 6.68038E-1 8.09555E-1 7.08669E-1 5.46183E-1 -9999 -9999 -9999 -9999 -9999 -9999 -9999 -9999 -9999 -9999 9.58759E-1 9.43592E-1 6.72823E-1 -9999 -9999 -9999 -9999 -9999 -9999 -9999 -9999 -9999 -9999 -9999 -9999 -9999 -9999 -9999 -9999 -9999 -9999 -9999 -9999 -9999 -9999 -9999
5.2223E-1 5.30672E-1 5.12417E-1 5.31013E-1 5.27836E-1 5.35641E-1 5.37859E-1 5.34372E-1 5.27452E-1 5.38514E-1 5.36138E-1 5.3371E-1 5.44724E-1 5.44833E-1 5.6141E-1 5.58668E-1 5.79103E-1 5.91075E-1 5.83544E-1 5.9706E-1 5.88865E-1 5.87675E-1 6.49004E-1 6.69566E-1 6.61127E-1 5.99313E-1 6.68444E-1 6.79081E-1 6.33107E-1 6.25569E-1 5.58821E-1 6.57013E-1 7.76969E-1 8.5742E-1 8.35282E-1 5.85521E-1 6.17605E-1 -9999 -9999 -9999 -9999 -9999 -9999 -9999 -9999 9.56629E-1 9.45159E-1 9.02098E-1 5.27548E-1 5.4516E-1 -9999 -9999 -9999 -9999 -9999 -9999 -9999 -9999 -9999 -9999 -9999 -9999 -9999 -9999 -9999 -9999 -9999 -9999 -9999 -9999 -9999 -9999
5.18691E-1 5.26805E-1 5.08779E-1 5.17016E-1 5.24456E-1 5.26245E-1 5.31893E-1 5.36536E-1 5.09697E-1 5.35263E-1 5.31468E-1 5.39198E-1 5.2579E-1 5.37232E-1 5.44058E-1 5.5204E-1 5.51382E-1 5.80582E-1 5.70544E-1 5.96283E-1 6.07235E-1 6.12516E-1 6.38829E-1 6.54218E-1 5.56479E-1 5.08758E-1 5.28212E-1 5.50146E-1 5.33782E-1 5.54067E-1 7.40078E-1 7.35196E-1 7.84013E-1 7.85736E-1 8.29076E-1 6.41803E-1 5.73061E-1 5.52975E-1 -9999 -9999 -9999 -9999 -9999 -9999 -9999 9.45436E-1 8.61486E-1 6.59773E-1 4.36294E-1 5.70897E-1 -9999 -9999 -9999 -9999 -9999 -9999 -9999 -9999 -9999 -9999 -9999 -9999 -9999 -9999 -9999 -9999 -9999 -9999 -9999 -9999 -9999 -9999
5.20003E-1 5.15712E-1 5.14468E-1 5.17434E-1 5.15568E-1 5.19025E-1 5.14311E-1 5.14971E-1 5.10029E-1 5.0746E-1 5.01436E-1 5.08089E-1 5.07264E-1 5.28673E-1 5.2736E-1 5.41995E-1 5.47647E-1 5.46101E-1 5.61498E-1 5.67617E-1 5.95083E-1 6.13547E-1 6.26322E-1 6.06697E-1 6.00314E-1 5.75927E-1 4.70963E-1 4.13788E-1 4.61123E-1 5.05647E-1 4.35315E-1 4.97688E-1 6.54589E-1 7.49122E-1 7.35596E-1 8.13518E-1 4.69503E-1 4.68555E-1 -9999 -9999 -9999 -9999 -9999 -9999 -9999 9.28385E-1 7.27702E-1 4.69962E-1 4.00491E-1 5.72933E-1 -9999 -9999 -9999 -9999 -9999 -9999 -9999 -9999 -9999 -9999 -9999 -9999 -9999 -9999 -9999 -9999 -9999 -9999 -9999 -9999 -9999 -9999
5.0653E-1 5.24601E-1 5.262E-1 5.10463E-1 5.20178E-1 5.16547E-1 5.16273E-1 5.22228E-1 5.11658E-1 5.12971E-1 5.11291E-1 4.99311E-1 5.06571E-1 5.04151E-1 5.17212E-1 5.18578E-1 5.37062E-1 5.32741E-1 5.42866E-1 5.47685E-1 5.59844E-1 5.79186E-1 5.91958E-1 5.94891E-1 6.13288E-1 6.04602E-1 4.80872E-1 5.14662E-1 4.6174E-1 3.7243E-1 3.86005E-1 2.47167E-1 2.43897E-1 4.24547E-1 4.65488E-1 4.98626E-1 3.65919E-1 5.11225E-1 4.96819E-1 -9999 -9999 -9999 -9999 -9999 -9999 9.15197E-1 8.08195E-1 3.77476E-1 5.61168E-1 5.82958E-1 -9999 -9999 -9999 -9999 -9999 -9999 -9999 -9999 -9999 -9999 -9999 -9999 -9999 -9999 -9999 -9999 -9999 -9999 -9999 -9999 -9999 -9999
5.08412E-1 5.23771E-1 5.1577E-1 5.11109E-1 4.97504E-1 5.21593E-1 5.08393E-1 5.04105E-1 4.92187E-1 5.1454E-1 5.08185E-1 4.96472E-1 4.93427E-1 5.08028E-1 5.11328E-1 5.039E-1 5.23618E-1 5.3418E-1 5.34421E-1 5.53549E-1 5.50506E-1 5.59889E-1 5.75058E-1 5.80033E-1 6.1628E-1 6.2553E-1 5.65407E-1 5.06283E-1 4.50329E-1 4.02347E-1 3.56192E-1 1.98295E-1 2.50858E-1 3.40198E-1 4.88686E-1 5.97524E-1 5.44464E-1 5.39821E-1 5.15272E-1 5.97347E-1 -9999 -9999 -9999 -9999 -9999 9.36415E-1 6.71323E-1 4.88343E-1 6.02475E-1 6.46965E-1 -9999 -9999 -9999 -9999 -9999 -9999 -9999 -9999 -9999 -9999 -9999 -9999 -9999 -9999 -9999 -9999 -9999 -9999 -9999 -9999 -9999 -9999
5.21051E-1 5.30507E-1 5.28091E-1 4.92445E-1 5.07105E-1 5.13971E-1 4.93988E-1 5.03988E-1 4.968E-1 4.86334E-1 4.77587E-1 4.74648E-1 4.85943E-1 4.79062E-1 4.78798E-1 4.94321E-1 5.03787E-1 5.16054E-1 5.26333E-1 5.28254E-1 5.47515E-1 5.47833E-1 5.54219E-1 5.84534E-1 6.05312E-1 6.35026E-1 5.97321E-1 5.28434E-1 5.88301E-1 5.43323E-1 4.223E-1 3.66031E-1 3.83695E-1 4.95314E-1 6.02017E-1 5.54413E-1 5.87271E-1 4.03215E-1 6.62006E-1 7.51896E-1 7.37887E-1 -9999 -9999 -9999 -9999 9.05239E-1 7.46856E-1 6.56494E-1 -9999 -9999 -9999 -9999 9.64146E-1 9.33631E-1 -9999 -9999 -9999 -9999 -9999 -9999 -9999 -9999 -9999 -9999 -9999 -9999 -9999 -9999 -9999 -9999 -9999 -9999
5.16147E-1 5.18899E-1 5.09796E-1 4.89817E-1 4.99717E-1 4.92501E-1 5.03561E-1 5.09878E-1 4.95005E-1 4.79999E-1 4.64629E-1 4.61226E-1 4.66821E-1 5.0257E-1 4.73383E-1 4.72123E-1 5.02139E-1 4.97929E-1 5.12184E-1 5.18286E-1 5.30178E-1 5.53126E-1 5.61239E-1 5.67988E-1 5.97263E-1 5.84283E-1 6.35786E-1 6.16445E-1 6.06621E-1 5.53591E-1 4.96421E-1 4.55368E-1 4.02754E-1 3.36236E-1 4.81596E-1 5.31331E-1 4.19736E-1 3.7316E-1 7.34178E-1 5.67118E-1 6.26049E-1 7.19932E-1 7.08686E-1 -9999 -9999 -9999 -9999 -9999 -9999 -9999 -9999 -9999 9.57728E-1 9.09707E-1 7.60514E-1 -9999 -9999 -9999 -9999 -9999 -9999 -9999 -9999 -9999 -9999 -9999 -9999 -9999 -9999 -9999 -9999 -9999
4.81747E-1 4.96476E-1 4.78123E-1 4.78317E-1 4.34047E-1 4.28878E-1 4.08268E-1 4.72099E-1 5E-1 4.78068E-1 4.64204E-1 4.71731E-1 4.64371E-1 4.779E-1 4.83973E-1 4.83011E-1 4.88055E-1 4.91416E-1 4.9339E-1 5.01691E-1 5.20791E-1 5.40766E-1 5.68622E-1 5.56602E-1 5.69939E-1 5.98466E-1 6.26336E-1 6.23291E-1 6.32138E-1 5.76033E-1 5.24671E-1 5.22263E-1 5.03868E-1 5.59897E-1 4.24984E-1 3.24563E-1 2.64464E-1 3.74887E-1 4.90199E-1 4.49982E-1 5.24783E-1 6.01801E-1 6.27008E-1 6.58429E-1 -9999 -9999 -9999 -9999 -9999 -9999 -9999 -9999 -9999 -9999 -9999 -9999 -9999 -9999 -9999 -9999 -9999 -9999 -9999 -9999 -9999 -9999 -9999 -9999 -9999 -9999 -9999 -9999
4.46658E-1 3.57223E-1 4.52292E-1 4.29886E-1 4.01099E-1 3.55301E-1 2.91168E-1 3.66283E-1 4.48099E-1 4.91088E-1 4.70165E-1 4.78766E-1 4.81341E-1 4.65895E-1 5.08473E-1 4.99921E-1 4.89811E-1 4.86672E-1 4.84222E-1 4.95432E-1 5.0272E-1 5.25028E-1 5.20051E-1 5.48568E-1 5.53354E-1 5.85572E-1 5.95425E-1 6.22772E-1 6.4003E-1 5.91737E-1 6.17751E-1 5.74234E-1 5.42428E-1 5.85679E-1 5.24399E-1 4.44829E-1 2.7284E-1 3.18865E-1 4.63358E-1 4.76891E-1 5.18471E-1 6.18742E-1 6.34287E-1 6.64279E-1 -9999 -9999 -9999 -9999 -9999 -9999 -9999 -9999 -9999 -9999 -9999 -9999 -9999 -9999 -9999 -9999 -9999 -9999 -9999 -9999 -9999 -9999 -9999 -9999 -9999 -9999 -9999 -9999
3.16369E-1 3.08946E-1 3.2675E-1 4.17746E-1 3.40212E-1 2.46843E-1 3.05721E-1 3.83279E-1 3.98696E-1 4.48283E-1 4.60599E-1 4.92439E-1 5.0315E-1 4.88874E-1 4.93086E-1 4.81944E-1 4.91675E-1 4.76664E-1 4.86149E-1 4.75917E-1 4.91442E-1 5.22561E-1 5.14937E-1 5.24413E-1 5.5517E-1 5.83168E-1 5.94089E-1 6.04423E-1 6.30655E-1 6.40311E-1 6.51956E-1 5.96976E-1 5.59346E-1 5.28568E-1 4.93051E-1 4.58257E-1 4.49028E-1 4.6737E-1 6.87316E-1 4.82379E-1 4.87333E-1 6.22301E-1 6.73383E-1 -9999 -9999 -9999 -9999 -9999 -9999 -9999 -9999 -9999 -9999 -9999 -9999 -9999 -9999 -9999 -9999 -9999 -9999 -9999 -9999 -9999 -9999 -9999 -9999 -9999 -9999 -9999 -9999 -9999
2.29964E-1 1.86571E-1 2.23119E-1 2.75681E-1 3.52947E-1 2.2415E-1 2.05698E-1 2.34362E-1 2.84613E-1 3.96843E-1 3.49729E-1 4.48331E-1 4.88027E-1 4.83542E-1 4.76511E-1 4.76092E-1 4.76768E-1 4.64622E-1 4.69493E-1 4.59981E-1 4.94042E-1 5.00051E-1 5.27576E-1 5.30015E-1 5.2937E-1 5.5684E-1 5.88016E-1 5.93714E-1 6.19274E-1 6.40074E-1 6.20413E-1 6.39862E-1 6.43627E-1 6.04255E-1 5.87162E-1 5.63625E-1 4.53794E-1 4.40917E-1 4.9115E-1 4.31195E-1 4.93852E-1 5.94449E-1 7.00835E-1 -9999 -9999 -9999 -9999 -9999 -9999 -9999 -9999 -9999 -9999 -9999 -9999 -9999 -9999 -9999 -9999 -9999 -9999 -9999 -9999 -9999 -9999 -9999 -9999 -9999 -9999 -9999 -9999 -9999
3.61504E-1 2.15709E-1 1.78322E-1 1.43114E-1 1.74007E-1 1.89767E-1 1.33917E-1 1.51888E-1 1.90963E-1 2.87928E-1 2.63775E-1 3.30952E-1 3.9048E-1 4.47305E-1 4.77669E-1 4.78805E-1 4.71957E-1 4.59408E-1 4.5242E-1 4.60433E-1 4.70619E-1 5.0043E-1 5.08938E-1 5.11285E-1 5.15776E-1 5.46917E-1 5.55911E-1 5.83582E-1 6.10474E-1 6.09834E-1 6.089E-1 6.43944E-1 6.56083E-1 6.54315E-1 5.67823E-1 5.53458E-1 5.55237E-1 5.24735E-1 4.51186E-1 4.66286E-1 4.91758E-1 6.27874E-1 6.77377E-1 8.01111E-1 -9999 -9999 -9999 -9999 -9999 -9999 -9999 -9999 -9999 -9999 -9999 -9999 -9999 -9999 -9999 -9999 -9999 -9999 -9999 -9999 -9999 -9999 -9999 -9999 -9999 -9999 -9999 -9999
4.70739E-1 4.19635E-1 3.75472E-1 1.902E-1 1.62166E-1 1.35148E-1 1.15545E-1 1.33768E-1 1.52934E-1 2.42569E-1 1.4713E-1 2.48655E-1 2.98632E-1 3.30103E-1 4.06091E-1 4.64668E-1 4.75299E-1 4.88258E-1 4.45661E-1 4.24302E-1 4.4331E-1 4.75646E-1 5.15509E-1 5.01177E-1 5.15635E-1 5.33384E-1 5.4284E-1 5.8144E-1 5.80051E-1 5.91032E-1 5.93581E-1 6.17377E-1 6.22673E-1 6.667E-1 6.52789E-1 5.03013E-1 4.90811E-1 6.29515E-1 5.29413E-1 5.06057E-1 4.88118E-1 6.37704E-1 7.17717E-1 8.57312E-1 -9999 -9999 -9999 -9999 -9999 -9999 -9999 -9999 -9999 -9999 -9999 -9999 -9999 -9999 -9999 -9999 -9999 -9999 -9999 -9999 -9999 -9999 -9999 -9999 -9999 -9999 -9999 -9999
3.61309E-1 3.39103E-1 4.00496E-1 3.70059E-1 2.64474E-1 1.36547E-1 1.60178E-1 1.53289E-1 1.29537E-1 1.23202E-1 1.5151E-1 1.44802E-1 1.70411E-1 2.50608E-1 3.70532E-1 3.88994E-1 4.94407E-1 4.75485E-1 4.75156E-1 4.54559E-1 4.3319E-1 4.87318E-1 4.95997E-1 5.04864E-1 5.10707E-1 5.47708E-1 5.32674E-1 5.65181E-1 5.69775E-1 5.76724E-1 5.79744E-1 6.26452E-1 6.35131E-1 6.52224E-1 6.74129E-1 6.58129E-1 6.20257E-1 6.62037E-1 6.41432E-1 6.33347E-1 5.17296E-1 6.2406E-1 7.56117E-1 8.48326E-1 -9999 -9999 -9999 -9999 -9999 -9999 -9999 -9999 -9999 -9999 -9999 -9999 -9999 -9999 -9999 -9999 -9999 -9999 -9999 -9999 -9999 -9999 -9999 -9999 -9999 -9999 9.04679E-1 9.51729E-1
3.54263E-1 3.52215E-1 4.23954E-1 3.75074E-1 2.30075E-1 2.40109E-1 2.80733E-1 1.53831E-1 1.23889E-1 1.15492E-1 1.40588E-1 1.04222E-1 1.01783E-1 1.83919E-1 2.26845E-1 2.24675E-1 3.9221E-1 4.84631E-1 4.5706E-1 4.63045E-1 4.53124E-1 4.48465E-1 4.66847E-1 4.93273E-1 4.85406E-1 5.38278E-1 5.18205E-1 5.24858E-1 5.66003E-1 5.6889E-1 5.64428E-1 5.90424E-1 6.05719E-1 6.09067E-1 6.27077E-1 6.7529E-1 6.75066E-1 6.11402E-1 5.38039E-1 5.53405E-1 5.94701E-1 6.60748E-1 7.62996E-1 8.27532E-1 -9999 -9999 -9999 -9999 -9999 -9999 -9999 -9999 -9999 -9999 -9999 -9999 -9999 -9999 -9999 -9999 -9999 -9999 -9999 -9999 -9999 -9999 -9999 -9999 -9999 -9999 9.39282E-1 9.63425E-1
4.06914E-1 4.57913E-1 3.951E-1 4.8289E-1 4.42011E-1 4.35947E-1 2.96242E-1 2.07856E-1 1.74321E-1 1.7564E-1 1.63792E-1 9.66591E-2 1.00536E-1 1.13022E-1 1.33487E-1 1.46059E-1 2.92546E-1 4.50676E-1 4.79265E-1 4.74784E-1 4.73955E-1 4.69594E-1 4.52815E-1 4.68753E-1 4.91364E-1 5.01736E-1 4.70523E-1 4.96849E-1 5.30884E-1 5.38954E-1 5.5045E-1 5.42567E-1 5.56092E-1 6.09756E-1 6.39173E-1 6.68713E-1 6.97186E-1 6.8989E-1 5.74296E-1 6.17424E-1 6.22316E-1 6.62019E-1 7.59552E-1 8.25523E-1 -9999 -9999 -9999 -9999 -9999 -9999 -9999 -9999 -9999 -9999 -9999 -9999 -9999 -9999 -9999 -9999 -9999 -9999 -9999 -9999 -9999 -9999 -9999 -9999 -9999 -9999 -9999 -9999
3.3353E-1 3.96346E-1 3.17192E-1 3.87798E-1 4.69288E-1 4.94711E-1 4.61664E-1 3.00773E-1 3.14555E-1 2.38743E-1 1.76799E-1 1.30346E-1 9.50368E-2 1.03406E-1 1.96689E-1 2.7074E-1 2.96206E-1 3.45877E-1 4.56559E-1 4.86726E-1 4.87005E-1 4.873E-1 4.97427E-1 4.48483E-1 4.54881E-1 5.00245E-1 4.76895E-1 4.71987E-1 5.23098E-1 5.3657E-1 5.48958E-1 5.31709E-1 5.95084E-1 5.85739E-1 6.2435E-1 6.51947E-1 6.3398E-1 6.87315E-1 6.87969E-1 6.0418E-1 6.16826E-1 7.32741E-1 7.88586E-1 8.111E-1 -9999 -9999 -9999 -9999 -9999 -9999 -9999 -9999 -9999 -9999 -9999 -9999 -9999 -9999 -9999 -9999 -9999 -9999 -9999 -9999 -9999 -9999 -9999 -9999 -9999 -9999 -9999 -9999
2.24612E-1 2.52222E-1 2.29843E-1 2.58486E-1 3.72284E-1 4.80052E-1 4.77027E-1 4.62608E-1 3.50465E-1 2.5698E-1 1.75407E-1 1.38546E-1 1.36186E-1 1.44046E-1 1.58456E-1 1.94505E-1 2.1974E-1 2.32319E-1 3.54506E-1 4.1632E-1 5.00458E-1 4.88779E-1 4.93552E-1 4.83483E-1 4.59763E-1 4.58039E-1 4.70311E-1 4.8008E-1 5.10123E-1 5.37751E-1 5.34222E-1 5.07653E-1 5.2653E-1 5.34319E-1 5.36452E-1 5.74339E-1 6.19476E-1 6.5045E-1 6.81957E-1 6.97209E-1 6.86418E-1 7.3253E-1 7.77968E-1 -9999 -9999 -9999 -9999 -9999 -9999 -9999 -9999 -9999 -9999 -9999 -9999 -9999 -9999 -9999 -9999 -9999 -9999 -9999 -9999 -9999 -9999 -9999 -9999 -9999 -9999 -9999 -9999 9.40879E-1
2.67644E-1 2.83586E-1 2.60708E-1 2.81381E-1 2.92389E-1 4.29578E-1 4.61115E-1 4.11919E-1 4.81462E-1 4.24432E-1 3.08584E-1 2.03207E-1 1.34983E-1 1.65602E-1 2.24483E-1 2.09502E-1 1.80417E-1 2.59727E-1 3.17393E-1 3.8348E-1 4.51637E-1 5.00226E-1 4.96577E-1 5.01307E-1 5.00487E-1 4.7248E-1 4.51252E-1 4.6572E-1 5.03721E-1 5.16576E-1 5.25377E-1 5.26451E-1 5.04903E-1 4.64601E-1 5.0418E-1 5.71141E-1 6.0387E-1 6.4816E-1 6.80609E-1 6.89149E-1 6.62002E-1 7.25209E-1 7.64676E-1 -9999 -9999 -9999 -9999 -9999 -9999 -9999 -9999 -9999 -9999 -9999 -9999 -9999 -9999 -9999 -9999 -9999 -9999 -9999 -9999 -9999 -9999 -9999 -9999 -9999 -9999 -9999 -9999 9.3634E-1
3.52983E-1 3.56664E-1 3.86694E-1 4.42436E-1 4.44048E-1 4.62716E-1 4.69223E-1 4.84849E-1 4.94008E-1 4.99996E-1 4.66686E-1 3.15861E-1 2.22247E-1 1.44453E-1 1.7443E-1 3.0647E-1 2.79041E-1 3.2732E-1 2.78457E-1 4.27844E-1 4.16194E-1 4.09741E-1 4.93659E-1 4.83494E-1 4.96033E-1 5.04614E-1 4.97612E-1 4.60095E-1 4.65788E-1 4.82875E-1 4.75883E-1 5.04896E-1 4.72313E-1 4.5284E-1 4.97458E-1 5.24437E-1 5.05492E-1 5.19509E-1 5.73234E-1 6.59905E-1 6.82512E-1 7.21408E-1 7.42797E-1 -9999 -9999 -9999 -9999 -9999 -9999 -9999 -9999 -9999 -9999 -9999 -9999 -9999 -9999 -9999 -9999 -9999 -9999 -9999 -9999 -9999 -9999 -9999 -9999 -9999 -9999 -9999 -9999 9.16835E-1
3.01994E-1 3.93789E-1 4.22884E-1 3.82132E-1 4.24932E-1 4.66674E-1 3.88147E-1 3.98212E-1 4.57591E-1 4.9454E-1 5.0758E-1 4.29328E-1 2.70861E-1 1.73172E-1 1.21079E-1 1.8433E-1 3.033E-1 3.7723E-1 3.80662E-1 4.0373E-1 3.05393E-1 2.51213E-1 4.00813E-1 4.44453E-1 4.77703E-1 4.74497E-1 4.99768E-1 4.99909E-1 4.36856E-1 4.44471E-1 4.26427E-1 4.48692E-1 4.50498E-1 4.39934E-1 4.26633E-1 4.50034E-1 4.53713E-1 5.75992E-1 6.09408E-1 6.46082E-1 6.93197E-1 6.92959E-1 -9999 -9999 -9999 -9999 -9999 -9999 -9999 -9999 -9999 -9999 -9999 -9999 -9999 -9999 -9999 -9999 -9999 -9999 -9999 -9999 -9999 -9999 -9999 -9999 -9999 -9999 -9999 -9999 -9999 -9999
3.35374E-1 3.92004E-1 3.38035E-1 2.42076E-1 2.72235E-1 3.84316E-1 3.70377E-1 2.59E-1 3.31265E-1 4.47993E-1 4.5469E-1 4.79641E-1 4.07555E-1 2.34635E-1 1.6845E-1 1.95821E-1 1.51776E-1 2.37139E-1 2.95785E-1 3.2007E-1 3.32902E-1 2.60038E-1 3.00141E-1 3.99767E-1 4.74192E-1 4.70808E-1 4.93126E-1 5.10857E-1 5.08502E-1 4.79386E-1 4.24853E-1 4.00373E-1 4.10232E-1 3.94435E-1 4.00579E-1 3.90975E-1 5.18454E-1 5.52659E-1 4.7542E-1 5.63514E-1 6.67491E-1 6.92998E-1 -9999 -9999 -9999 -9999 -9999 -9999 -9999 -9999 -9999 -9999 -9999 -9999 -9999 -9999 -9999 -9999 -9999 -9999 -9999 -9999 -9999 -9999 -9999 -9999 -9999 -9999 -9999 -9999 -9999 -9999
3.61762E-1 3.41491E-1 3.03986E-1 2.93732E-1 2.494E-1 2.7739E-1 2.66518E-1 2.37804E-1 3.60408E-1 4.42045E-1 4.03469E-1 4.4421E-1 4.54078E-1 4.08143E-1 3.20375E-1 2.58813E-1 2.43285E-1 1.96715E-1 1.60517E-1 2.37498E-1 3.14942E-1 3.64622E-1 3.11403E-1 3.26286E-1 4.36103E-1 4.61391E-1 4.97481E-1 5.04321E-1 4.76885E-1 4.90697E-1 4.89017E-1 4.40057E-1 4.67997E-1 4.73941E-1 4.50117E-1 4.33719E-1 4.84687E-1 4.12867E-1 4.06699E-1 5.80237E-1 6.56077E-1 6.77288E-1 6.93074E-1 6.92403E-1 7.07232E-1 7.23837E-1 7.30434E-1 7.20856E-1 -9999 -9999 -9999 -9999 -9999 -9999 -9999 -9999 -9999 -9999 -9999 -9999 -9999 -9999 -9999 -9999 -9999 -9999 -9999 -9999 -9999 -9999 -9999 -9999
2.77986E-1 3.0308E-1 2.94451E-1 3.52267E-1 3.37605E-1 2.53162E-1 1.76501E-1 3.21306E-1 3.84119E-1 3.28788E-1 4.14541E-1 3.87934E-1 4.58295E-1 4.42311E-1 3.35086E-1 3.35509E-1 3.21111E-1 2.2497E-1 1.889E-1 2.95872E-1 3.43855E-1 3.903E-1 3.54996E-1 4.36571E-1 4.04475E-1 3.74209E-1 4.29314E-1 4.40981E-1 4.75435E-1 4.97631E-1 4.88784E-1 4.89809E-1 4.7997E-1 4.76296E-1 3.71241E-1 3.29029E-1 3.9726E-1 3.71511E-1 3.79808E-1 5.25269E-1 5.7025E-1 5.66669E-1 6.0147E-1 6.38992E-1 6.61622E-1 6.90709E-1 6.67687E-1 6.25339E-1 7.08516E-1 7.41572E-1 7.55932E-1 -9999 -9999 -9999 -9999 -9999 -9999 -9999 -9999 -9999 -9999 -9999 -9999 -9999 -9999 -9999 -9999 -9999 -9999 -9999 -9999 -9999
2.73464E-1 2.94373E-1 2.48049E-1 3.10264E-1 3.51361E-1 3.02688E-1 1.75385E-1 2.32548E-1 2.79313E-1 2.81833E-1 3.22856E-1 2.98025E-1 3.77547E-1 4.2874E-1 4.07744E-1 2.68715E-1 3.2476E-1 2.46672E-1 1.6611E-1 2.18366E-1 2.94711E-1 3.40918E-1 3.23164E-1 2.85742E-1 3.49811E-1 2.69869E-1 3.15832E-1 3.46428E-1 3.45184E-1 4.05299E-1 5.04864E-1 4.92797E-1 4.93405E-1 4.72778E-1 4.3632E-1 3.97258E-1 3.79464E-1 3.03581E-1 3.64186E-1 4.54789E-1 5.62716E-1 5.18365E-1 5.56964E-1 5.38694E-1 5.67874E-1 5.81846E-1 5.75193E-1 5.61814E-1 6.16154E-1 6.23711E-1 6.39716E-1 7.13683E-1 7.60823E-1 7.53829E-1 7.80307E-1 7.73339E-1 7.722E-1 -9999 -9999 -9999 -9999 -9999 -9999 -9999 -9999 -9999 -9999 -9999 -9999 -9999 -9999 -9999
2.34382E-1 2.44479E-1 2.33926E-1 2.3699E-1 3.32385E-1 3.1081E-1 2.76912E-1 1.8456E-1 1.94971E-1 1.97528E-1 2.79316E-1 2.49016E-1 3.27786E-1 3.8257E-1 3.68503E-1 2.88626E-1 2.41435E-1 2.85831E-1 1.55848E-1 2.13799E-1 2.55084E-1 2.31927E-1 3.23567E-1 2.02075E-1 2.38027E-1 2.71238E-1 2.73424E-1 2.6346E-1 3.08869E-1 3.94891E-1 4.87539E-1 5.04888E-1 4.97334E-1 4.78543E-1 4.79077E-1 4.05529E-1 3.65721E-1 3.86398E-1 3.25507E-1 5.00973E-1 5.10326E-1 4.44101E-1 5.12937E-1 4.30699E-1 4.58568E-1 4.69961E-1 4.47672E-1 4.73155E-1 4.69937E-1 4.86678E-1 4.05085E-1 6.08826E-1 6.4558E-1 6.9586E-1 7.1711E-1 7.04504E-1 7.46064E-1 7.53252E-1 7.55862E-1 7.55367E-1 -9999 -9999 -9999 -9999 -9999 -9999 -9999 -9999 -9999 -9999 -9999 -9999
