Artocarpus altilis SDM files/Last interglacial/results (with bias file)/Artalt_avg.asc
ncols         1201
nrows         481
xllcorner     119.99986351115
yllcorner     -15.00013864885
cellsize      0.041666667
NODATA_value  -9999
[rows 160 to 191 of 481, columns 360 to 431 of 1201]
-9999 -9999 -9999 -9999 -9999 -9999 -9999 -9999 -9999 -9999 7.64242E-1 7.89757E-1 7.3385E-1 6.94915E-1 6.75086E-1 7.29066E-1 7.53934E-1 7.50304E-1 7.65597E-1 7.82211E-1 7.66142E-1 7.79841E-1 7.77804E-1 7.83244E-1 7.68213E-1 7.75013E-1 7.73109E-1 7.70715E-1 7.76094E-1 -9999 -9999 -9999 -9999 -9999 -9999 -9999 -9999 -9999 -9999 -9999 -9999 -9999 -9999 -9999 -9999 -9999 -9999 -9999 -9999 -9999 -9999 -9999 -9999 -9999 -9999 -9999 -9999 -9999 5.56491E-1 5.20714E-1 5.20897E-1 5.18976E-1 4.85675E-1 4.50194E-1 4.48745E-1 4.47975E-1 4.09672E-1 4.12061E-1 4.16779E-1 4.1602E-1 4.16085E-1 4.15905E-1
-9999 -9999 -9999 -9999 -9999 -9999 -9999 -9999 -9999 -9999 -9999 7.61568E-1 7.04249E-1 6.53289E-1 6.51111E-1 5.75052E-1 5.31374E-1 5.44487E-1 6.06378E-1 6.13762E-1 6.95731E-1 6.02723E-1 6.6691E-1 6.40716E-1 6.55303E-1 6.30562E-1 6.41913E-1 5.63145E-1 6.05276E-1 6.66139E-1 6.82417E-1 6.65775E-1 -9999 -9999 -9999 -9999 -9999 -9999 -9999 -9999 -9999 -9999 -9999 -9999 -9999 -9999 -9999 -9999 -9999 -9999 -9999 -9999 -9999 -9999 -9999 -9999 5.40461E-1 5.02432E-1 5.03533E-1 5.06173E-1 4.69514E-1 4.72074E-1 4.38324E-1 4.39872E-1 4.3614E-1 4.02329E-1 4.0149E-1 4.04761E-1 3.87029E-1 4.01442E-1 4.03667E-1 4.00865E-1
-9999 -9999 -9999 -9999 -9999 -9999 -9999 -9999 -9999 -9999 -9999 -9999 -9999 -9999 -9999 6.84273E-1 6.16519E-1 6.58714E-1 6.52043E-1 6.28257E-1 6.56736E-1 5.22373E-1 4.13284E-1 3.80395E-1 4.75607E-1 2.88523E-1 2.67949E-1 3.96445E-1 4.04268E-1 5.44126E-1 4.3855E-1 4.40335E-1 5.08495E-1 6.8077E-1 6.75266E-1 6.41488E-1 6.42358E-1 6.62033E-1 7.16476E-1 7.12642E-1 6.77426E-1 5.90441E-1 6.52254E-1 -9999 -9999 -9999 -9999 -9999 -9999 -9999 -9999 -9999 -9999 -9999 5.23613E-1 4.87988E-1 4.90127E-1 4.44857E-1 4.49185E-1 4.45859E-1 4.11436E-1 4.10669E-1 4.11088E-1 3.79723E-1 3.79414E-1 3.86936E-1 3.60094E-1 3.93952E-1 3.91187E-1 4.2351E-1 3.77541E-1 3.92824E-1
-9999 -9999 -9999 -9999 -9999 -9999 -9999 -9999 -9999 -9999 -9999 -9999 -9999 -9999 -9999 -9999 -9999 -9999 6.8724E-1 6.98575E-1 6.73836E-1 6.41015E-1 5.63846E-1 4.08589E-1 3.38697E-1 4.03939E-1 3.2276E-1 4.44571E-1 3.42743E-1 1.9701E-1 2.50311E-1 3.29333E-1 3.25456E-1 3.28945E-1 1.65836E-1 2.37257E-1 3.01426E-1 2.72606E-1 3.01309E-1 3.87401E-1 3.90708E-1 3.38298E-1 3.85901E-1 3.84808E-1 3.99798E-1 4.29583E-1 -9999 -9999 -9999 -9999 -9999 5.12334E-1 5.09049E-1 4.73448E-1 4.67354E-1 4.73568E-1 4.27059E-1 3.95605E-1 3.95503E-1 3.94452E-1 3.63402E-1 3.63883E-1 3.63883E-1 3.34643E-1 3.40438E-1 3.4515E-1 3.40795E-1 3.48758E-1 3.7209E-1 3.69722E-1 3.70241E-1 3.94078E-1
-9999 -9999 -9999 -9999 -9999 -9999 -9999 -9999 -9999 -9999 -9999 -9999 -9999 -9999 -9999 -9999 -9999 -9999 -9999 6.22043E-1 -9999 6.27378E-1 6.23983E-1 5.90558E-1 4.66538E-1 4.94817E-1 4.46209E-1 3.90798E-1 2.97939E-1 2.06175E-1 2.57079E-1 4.61206E-1 4.1182E-1 3.14613E-1 2.27573E-1 2.78494E-1 2.2648E-1 3.32742E-1 1.99233E-1 2.25568E-1 2.96654E-1 4.10083E-1 4.05851E-1 3.59715E-1 3.57999E-1 3.62057E-1 -9999 -9999 -9999 -9999 4.61168E-1 4.34212E-1 4.96708E-1 4.19254E-1 4.29495E-1 3.81565E-1 3.83475E-1 3.61489E-1 3.8904E-1 3.89122E-1 3.86728E-1 3.58267E-1 3.54553E-1 3.56936E-1 3.58856E-1 3.479E-1 3.54435E-1 3.26668E-1 3.35631E-1 3.30082E-1 3.29907E-1 4.11029E-1
-9999 -9999 -9999 -9999 -9999 -9999 -9999 -9999 -9999 -9999 -9999 -9999 -9999 -9999 -9999 -9999 -9999 -9999 -9999 -9999 -9999 -9999 -9999 -9999 5.25246E-1 5.35687E-1 5.01524E-1 4.68438E-1 4.68823E-1 3.8664E-1 3.05717E-1 5.03645E-1 3.55018E-1 3.96727E-1 3.94242E-1 3.87276E-1 4.05977E-1 3.96754E-1 3.11762E-1 3.94198E-1 4.34938E-1 4.27475E-1 -9999 -9999 -9999 -9999 -9999 4.19913E-1 3.81636E-1 3.62004E-1 3.87941E-1 4.23443E-1 4.07495E-1 3.99322E-1 3.34326E-1 3.49409E-1 3.77528E-1 3.69832E-1 4.06761E-1 4.00268E-1 4.31343E-1 4.32885E-1 4.35388E-1 4.25282E-1 4.07365E-1 4.06058E-1 3.62569E-1 3.45367E-1 3.38606E-1 3.41755E-1 3.41576E-1 3.69855E-1
-9999 -9999 -9999 -9999 -9999 -9999 -9999 -9999 -9999 -9999 -9999 -9999 -9999 -9999 -9999 -9999 -9999 -9999 -9999 -9999 -9999 -9999 -9999 -9999 -9999 -9999 -9999 -9999 4.81273E-1 4.66264E-1 4.1979E-1 4.25504E-1 4.20142E-1 4.14879E-1 4.12573E-1 3.77044E-1 3.55282E-1 3.72616E-1 -9999 3.71417E-1 -9999 -9999 -9999 -9999 -9999 -9999 -9999 -9999 -9999 3.68097E-1 3.74856E-1 3.62159E-1 3.60321E-1 3.60731E-1 3.62106E-1 3.33803E-1 3.2697E-1 3.57034E-1 3.48845E-1 3.7966E-1 3.30303E-1 2.80851E-1 2.82858E-1 2.9068E-1 2.61014E-1 2.59997E-1 2.97596E-1 3.00252E-1 3.25434E-1 3.87539E-1 3.95819E-1 3.87223E-1
-9999 -9999 -9999 -9999 -9999 -9999 -9999 -9999 -9999 -9999 -9999 -9999 -9999 -9999 -9999 -9999 -9999 -9999 -9999 -9999 -9999 -9999 -9999 -9999 -9999 -9999 -9999 -9999 -9999 -9999 4.51072E-1 4.45941E-1 3.93608E-1 4.05223E-1 -9999 -9999 -9999 -9999 -9999 -9999 -9999 -9999 -9999 -9999 -9999 -9999 -9999 -9999 -9999 -9999 -9999 3.62599E-1 3.50943E-1 3.49196E-1 3.44617E-1 3.43423E-1 3.44838E-1 3.45674E-1 3.39568E-1 3.1121E-1 2.76158E-1 2.6029E-1 2.86684E-1 2.61515E-1 2.61515E-1 2.91368E-1 2.90975E-1 2.90423E-1 3.41723E-1 4.25211E-1 4.48264E-1 4.86905E-1
-9999 -9999 -9999 -9999 -9999 -9999 -9999 -9999 -9999 -9999 -9999 -9999 -9999 -9999 -9999 -9999 -9999 -9999 -9999 -9999 -9999 -9999 -9999 -9999 -9999 -9999 -9999 -9999 -9999 -9999 -9999 -9999 4.22114E-1 -9999 -9999 -9999 -9999 -9999 -9999 -9999 -9999 -9999 -9999 -9999 -9999 -9999 -9999 -9999 -9999 -9999 -9999 -9999 3.57634E-1 3.5606E-1 3.2816E-1 3.29341E-1 3.20829E-1 3.04368E-1 2.95383E-1 2.96555E-1 2.95879E-1 2.96534E-1 2.96941E-1 2.7118E-1 2.71482E-1 2.72317E-1 2.72921E-1 3.04863E-1 3.46345E-1 3.76265E-1 3.68618E-1 3.6316E-1
-9999 -9999 -9999 -9999 -9999 -9999 -9999 -9999 -9999 -9999 -9999 -9999 -9999 -9999 -9999 -9999 -9999 -9999 -9999 -9999 -9999 -9999 -9999 -9999 -9999 -9999 -9999 -9999 -9999 -9999 -9999 -9999 -9999 -9999 -9999 -9999 -9999 -9999 -9999 -9999 -9999 -9999 -9999 -9999 -9999 -9999 -9999 -9999 -9999 -9999 -9999 -9999 3.30712E-1 3.17308E-1 3.1856E-1 2.91311E-1 2.88885E-1 2.93965E-1 3.13713E-1 3.39996E-1 3.34677E-1 3.12107E-1 3.1345E-1 2.86512E-1 2.86817E-1 2.61898E-1 2.60268E-1 2.84131E-1 3.34058E-1 3.93869E-1 3.15322E-1 3.03846E-1
-9999 -9999 -9999 -9999 -9999 -9999 -9999 -9999 -9999 -9999 -9999 -9999 -9999 -9999 -9999 -9999 -9999 -9999 -9999 -9999 -9999 -9999 -9999 -9999 -9999 -9999 -9999 -9999 -9999 -9999 -9999 -9999 -9999 -9999 -9999 -9999 -9999 -9999 -9999 -9999 -9999 -9999 -9999 -9999 -9999 -9999 -9999 -9999 -9999 -9999 -9999 -9999 3.40088E-1 3.0731E-1 2.98712E-1 2.75099E-1 2.74795E-1 3.03853E-1 3.47581E-1 3.42283E-1 2.85813E-1 2.69228E-1 2.9616E-1 2.93579E-1 2.67621E-1 2.50879E-1 2.75511E-1 2.75257E-1 3.51452E-1 3.43749E-1 3.24753E-1 2.8088E-1
-9999 -9999 -9999 -9999 -9999 -9999 -9999 -9999 -9999 -9999 -9999 -9999 -9999 -9999 -9999 -9999 -9999 -9999 -9999 -9999 -9999 -9999 -9999 -9999 -9999 -9999 -9999 -9999 -9999 -9999 -9999 -9999 -9999 -9999 -9999 -9999 -9999 -9999 -9999 -9999 -9999 -9999 -9999 -9999 -9999 -9999 3.07549E-1 -9999 3.34566E-1 3.2191E-1 2.97588E-1 2.98492E-1 2.99455E-1 2.89347E-1 2.88031E-1 2.64847E-1 2.65729E-1 2.62875E-1 2.57411E-1 2.52415E-1 2.48629E-1 2.28177E-1 2.34498E-1 2.61909E-1 2.60654E-1 2.87421E-1 2.88661E-1 2.88678E-1 3.67401E-1 3.81505E-1 2.84115E-1 2.74758E-1
-9999 -9999 -9999 -9999 -9999 -9999 -9999 -9999 -9999 -9999 -9999 -9999 -9999 -9999 -9999 -9999 -9999 -9999 -9999 -9999 -9999 -9999 -9999 -9999 -9999 -9999 -9999 -9999 -9999 -9999 -9999 -9999 -9999 -9999 -9999 -9999 -9999 -9999 -9999 -9999 -9999 -9999 -9999 -9999 -9999 -9999 3.20952E-1 2.90349E-1 2.91736E-1 2.6006E-1 2.62297E-1 2.64638E-1 2.56158E-1 2.75895E-1 2.52377E-1 2.5313E-1 2.54085E-1 2.5565E-1 2.78513E-1 3.28866E-1 3.49171E-1 2.90748E-1 2.89811E-1 3.21275E-1 3.23131E-1 3.45738E-1 3.16898E-1 2.65039E-1 2.93273E-1 2.58267E-1 2.26711E-1 2.33216E-1
-9999 -9999 -9999 -9999 -9999 -9999 -9999 -9999 -9999 -9999 -9999 -9999 -9999 -9999 -9999 -9999 -9999 -9999 -9999 -9999 -9999 -9999 -9999 -9999 -9999 -9999 -9999 -9999 -9999 -9999 -9999 -9999 -9999 -9999 -9999 3.54338E-1 3.24957E-1 -9999 -9999 -9999 -9999 -9999 -9999 3.10455E-1 2.88559E-1 2.86626E-1 2.81518E-1 2.84634E-1 2.56607E-1 2.52385E-1 2.76076E-1 2.76489E-1 2.64975E-1 2.65984E-1 2.66408E-1 2.65946E-1 2.93301E-1 3.15132E-1 3.47489E-1 3.64988E-1 3.90572E-1 3.44376E-1 2.64647E-1 2.39476E-1 2.517E-1 2.95382E-1 2.6808E-1 2.21829E-1 2.08876E-1 1.92248E-1 2.0614E-1 2.02646E-1
-9999 -9999 -9999 -9999 -9999 -9999 -9999 -9999 -9999 -9999 -9999 -9999 -9999 -9999 -9999 -9999 -9999 -9999 -9999 -9999 -9999 -9999 -9999 -9999 -9999 -9999 -9999 -9999 -9999 3.34093E-1 3.28238E-1 -9999 3.65149E-1 3.20122E-1 2.98836E-1 2.93266E-1 2.85648E-1 2.56492E-1 -9999 -9999 3.19804E-1 2.86971E-1 3.10374E-1 3.09826E-1 2.72803E-1 2.71267E-1 2.72226E-1 2.72066E-1 2.9405E-1 2.87961E-1 3.07462E-1 3.10597E-1 3.23236E-1 3.25947E-1 3.25933E-1 2.9918E-1 3.4315E-1 3.42344E-1 3.41583E-1 3.09662E-1 2.28302E-1 1.74124E-1 2.01323E-1 2.59733E-1 2.84548E-1 3.28015E-1 1.75544E-1 1.95557E-1 2.07168E-1 1.88672E-1 2.15323E-1 2.84905E-1
-9999 -9999 -9999 -9999 -9999 -9999 -9999 -9999 -9999 -9999 -9999 -9999 -9999 -9999 -9999 -9999 -9999 -9999 -9999 -9999 -9999 -9999 -9999 -9999 -9999 -9999 -9999 -9999 -9999 -9999 -9999 3.36092E-1 3.22801E-1 2.90025E-1 2.89046E-1 2.84568E-1 2.5296E-1 2.72293E-1 2.71783E-1 2.8782E-1 3.09243E-1 3.09039E-1 3.03963E-1 3.24177E-1 3.12215E-1 2.89791E-1 2.78283E-1 2.8274E-1 3.19927E-1 2.7612E-1 2.40223E-1 2.21062E-1 2.20649E-1 2.45488E-1 1.848E-1 2.00117E-1 1.9746E-1 2.19121E-1 1.44371E-1 1.54593E-1 1.71997E-1 2.65023E-1 3.14831E-1 3.99572E-1 3.84501E-1 2.81278E-1 1.67327E-1 2.37979E-1 2.59439E-1 2.09539E-1 2.10653E-1 1.74811E-1
-9999 -9999 -9999 -9999 -9999 -9999 -9999 -9999 -9999 -9999 -9999 -9999 -9999 -9999 -9999 -9999 -9999 -9999 -9999 -9999 -9999 -9999 -9999 -9999 -9999 -9999 -9999 -9999 -9999 -9999 -9999 3.29927E-1 3.10851E-1 2.7782E-1 2.76433E-1 2.72437E-1 2.66208E-1 2.75235E-1 2.79588E-1 3.18967E-1 3.38391E-1 2.87175E-1 2.72772E-1 3.10549E-1 2.54635E-1 2.70293E-1 2.33057E-1 2.27757E-1 2.59226E-1 2.25092E-1 2.33902E-1 2.57844E-1 2.48776E-1 2.13039E-1 2.25478E-1 2.32012E-1 2.74921E-1 2.4402E-1 2.15405E-1 2.07351E-1 2.56467E-1 3.16543E-1 3.23089E-1 2.70677E-1 2.3293E-1 2.34324E-1 1.91216E-1 2.68796E-1 2.19985E-1 1.80785E-1 2.14135E-1 2.21373E-1
-9999 -9999 -9999 -9999 -9999 -9999 -9999 -9999 -9999 -9999 -9999 -9999 -9999 -9999 -9999 -9999 -9999 -9999 -9999 -9999 -9999 -9999 -9999 -9999 -9999 -9999 -9999 -9999 -9999 -9999 -9999 -9999 3.00433E-1 2.66768E-1 2.68597E-1 2.83442E-1 2.73466E-1 2.88424E-1 2.89065E-1 3.10607E-1 3.0911E-1 3.41549E-1 2.13427E-1 2.18745E-1 2.84978E-1 2.23596E-1 2.70723E-1 2.88111E-1 3.13726E-1 3.0263E-1 2.96112E-1 3.53051E-1 2.30562E-1 2.49359E-1 2.82241E-1 2.09749E-1 2.02992E-1 1.66576E-1 1.86365E-1 1.6916E-1 1.82811E-1 2.31948E-1 2.72978E-1 1.45377E-1 1.73451E-1 1.60737E-1 1.47526E-1 1.84938E-1 1.6539E-1 1.56501E-1 2.09938E-1 2.31511E-1
-9999 -9999 -9999 -9999 -9999 -9999 -9999 -9999 -9999 -9999 -9999 -9999 -9999 -9999 -9999 -9999 -9999 -9999 -9999 -9999 -9999 -9999 -9999 -9999 -9999 -9999 -9999 -9999 -9999 -9999 -9999 2.90023E-1 2.64196E-1 2.59045E-1 2.75871E-1 3.15691E-1 2.73263E-1 3.23405E-1 2.92588E-1 3.54504E-1 2.40093E-1 3.0874E-1 3.0085E-1 3.03623E-1 3.6374E-1 1.59886E-1 1.91989E-1 1.67963E-1 1.03081E-1 1.37023E-1 1.57565E-1 1.71573E-1 1.36913E-1 1.97519E-1 1.69611E-1 1.80081E-1 2.1113E-1 2.00421E-1 1.81726E-1 1.908E-1 2.66348E-1 2.5491E-1 2.79731E-1 2.91607E-1 2.89119E-1 1.71343E-1 2.23058E-1 2.49088E-1 1.58048E-1 1.40711E-1 1.45082E-1 2.06291E-1
-9999 -9999 -9999 -9999 -9999 -9999 -9999 -9999 -9999 -9999 -9999 -9999 -9999 -9999 -9999 -9999 -9999 -9999 -9999 -9999 -9999 -9999 -9999 -9999 -9999 -9999 -9999 -9999 -9999 -9999 2.66695E-1 2.54279E-1 2.56393E-1 2.71138E-1 3.15744E-1 3.54998E-1 2.25711E-1 2.82459E-1 2.88594E-1 3.14063E-1 2.98269E-1 3.56262E-1 2.95064E-1 3.12409E-1 2.3138E-1 9.42695E-2 1.53552E-1 2.13302E-1 1.52399E-1 2.85122E-1 1.60666E-1 1.93053E-1 1.79341E-1 1.60939E-1 1.55728E-1 1.78113E-1 2.24682E-1 2.51845E-1 2.50822E-1 2.34721E-1 2.96457E-1 3.02449E-1 3.12647E-1 2.68903E-1 2.95974E-1 2.87759E-1 1.90648E-1 1.36514E-1 1.02784E-1 1.16604E-1 1.22322E-1 1.27763E-1
-9999 -9999 -9999 -9999 -9999 -9999 -9999 -9999 -9999 -9999 -9999 -9999 -9999 -9999 -9999 -9999 -9999 -9999 -9999 -9999 -9999 -9999 -9999 -9999 -9999 -9999 -9999 -9999 -9999 -9999 2.53402E-1 2.42291E-1 2.60704E-1 3.2268E-1 2.83349E-1 2.93762E-1 2.91028E-1 3.07133E-1 3.35767E-1 3.22452E-1 2.34564E-1 1.5586E-1 1.18279E-1 1.45206E-1 1.34405E-1 1.1393E-1 1.02E-1 1.69367E-1 1.42617E-1 1.94572E-1 2.51E-1 2.14775E-1 9.90785E-2 1.14073E-1 1.40191E-1 1.68611E-1 1.92581E-1 1.55923E-1 1.54312E-1 1.48634E-1 2.3981E-1 2.9645E-1 2.54098E-1 1.69617E-1 2.53249E-1 1.8815E-1 1.40502E-1 1.19127E-1 1.18677E-1 9.76884E-2 1.18406E-1 1.18908E-1
-9999 -9999 -9999 -9999 -9999 -9999 -9999 -9999 -9999 -9999 -9999 -9999 -9999 -9999 -9999 -9999 -9999 -9999 -9999 -9999 -9999 -9999 -9999 -9999 -9999 -9999 -9999 -9999 -9999 -9999 2.42359E-1 2.63238E-1 2.59355E-1 2.04537E-1 2.24849E-1 2.86426E-1 3.00282E-1 2.68896E-1 2.35365E-1 1.51598E-1 1.3257E-1 1.58104E-1 2.42056E-1 1.81631E-1 1.03406E-1 1.24067E-1 1.2412E-1 1.13141E-1 8.88792E-2 1.28037E-1 1.39041E-1 1.37534E-1 7.28104E-2 9.98052E-2 1.1515E-1 1.22442E-1 1.68448E-1 1.62884E-1 1.12192E-1 1.60237E-1 2.03166E-1 2.0705E-1 1.41948E-1 9.78334E-2 9.62608E-2 9.18465E-2 8.56228E-2 1.11657E-1 1.0022E-1 1.08833E-1 1.05826E-1 1.13403E-1
-9999 -9999 -9999 -9999 -9999 -9999 -9999 -9999 -9999 -9999 -9999 -9999 -9999 -9999 -9999 -9999 -9999 -9999 -9999 -9999 -9999 -9999 -9999 -9999 -9999 -9999 -9999 -9999 -9999 2.36895E-1 2.30395E-1 2.20088E-1 2.06925E-1 2.16354E-1 1.81704E-1 2.15482E-1 2.15196E-1 1.57048E-1 2.04365E-1 2.17116E-1 1.60392E-1 1.26908E-1 1.67436E-1 1.59001E-1 9.28552E-2 1.03715E-1 1.16422E-1 1.3271E-1 1.7035E-1 8.13187E-2 1.33945E-1 1.14622E-1 9.27286E-2 9.74565E-2 8.72799E-2 8.64544E-2 9.90397E-2 8.21409E-2 9.56089E-2 1.3785E-1 1.53713E-1 1.99056E-1 9.50763E-2 9.13503E-2 8.91564E-2 9.07189E-2 8.75856E-2 9.3371E-2 8.81692E-2 8.83688E-2 8.94002E-2 1.0707E-1
-9999 -9999 -9999 -9999 -9999 -9999 -9999 -9999 -9999 -9999 -9999 -9999 -9999 -9999 -9999 -9999 -9999 -9999 -9999 -9999 -9999 -9999 -9999 -9999 -9999 -9999 -9999 -9999 -9999 2.20425E-1 2.16957E-1 1.96297E-1 2.04999E-1 1.95972E-1 2.11054E-1 1.75651E-1 1.02612E-1 1.4892E-1 1.55908E-1 1.81559E-1 1.30827E-1 1.16597E-1 1.8694E-1 1.38115E-1 1.39969E-1 1.08278E-1 9.74056E-2 1.2476E-1 1.44365E-1 8.26531E-2 1.27011E-1 7.92007E-2 5.46375E-2 1.37935E-1 9.57398E-2 9.10528E-2 7.49475E-2 7.4614E-2 8.13784E-2 1.03118E-1 1.02621E-1 8.08792E-2 8.13312E-2 8.58515E-2 9.95228E-2 7.589E-2 1.06097E-1 1.0986E-1 7.85116E-2 1.08801E-1 8.97727E-2 7.97324E-2
-9999 -9999 -9999 -9999 -9999 -9999 -9999 -9999 -9999 -9999 -9999 -9999 -9999 -9999 -9999 -9999 -9999 -9999 -9999 -9999 -9999 -9999 -9999 -9999 -9999 -9999 -9999 2.2455E-1 1.93843E-1 1.768E-1 1.70732E-1 1.70421E-1 1.85386E-1 2.15811E-1 1.81968E-1 1.52332E-1 1.27781E-1 1.15264E-1 1.38755E-1 1.15008E-1 1.03792E-1 1.07803E-1 1.09231E-1 1.03758E-1 1.34147E-1 7.64321E-2 9.38308E-2 1.07034E-1 9.24775E-2 6.40256E-2 5.80208E-2 6.73587E-2 6.27782E-2 7.10452E-2 9.54757E-2 7.41837E-2 9.49334E-2 7.69137E-2 7.43921E-2 9.18666E-2 7.91831E-2 7.45574E-2 9.91082E-2 8.25833E-2 7.72602E-2 1.12191E-1 9.07783E-2 1.1476E-1 9.0736E-2 1.1005E-1 1.09925E-1 8.8225E-2
-9999 -9999 -9999 -9999 -9999 -9999 -9999 -9999 -9999 -9999 -9999 -9999 -9999 -9999 -9999 -9999 -9999 -9999 -9999 -9999 -9999 -9999 -9999 -9999 1.90613E-1 2.04831E-1 1.9982E-1 1.75886E-1 1.62864E-1 2.09635E-1 1.86909E-1 1.60053E-1 1.63525E-1 1.69879E-1 1.71369E-1 1.5844E-1 1.24936E-1 1.1703E-1 1.22788E-1 1.00403E-1 8.26819E-2 1.02644E-1 7.63902E-2 1.05287E-1 1.02808E-1 5.04619E-2 6.74686E-2 6.88228E-2 6.74805E-2 7.15952E-2 1.2565E-1 9.63873E-2 1.18125E-1 1.00527E-1 1.15975E-1 8.70515E-2 1.02649E-1 8.96384E-2 8.02304E-2 8.82854E-2 8.1782E-2 7.88625E-2 1.0621E-1 9.60921E-2 9.14866E-2 1.04996E-1 9.40159E-2 1.25475E-1 1.12416E-1 1.12737E-1 8.89534E-2 1.15434E-1
-9999 -9999 -9999 -9999 -9999 -9999 -9999 -9999 -9999 -9999 -9999 -9999 -9999 -9999 -9999 -9999 -9999 -9999 -9999 -9999 -9999 -9999 -9999 1.89979E-1 1.79149E-1 1.72245E-1 1.64245E-1 1.77673E-1 1.77781E-1 1.7716E-1 1.67218E-1 1.57077E-1 1.48758E-1 1.64569E-1 1.61498E-1 1.38576E-1 1.08885E-1 1.41952E-1 1.31481E-1 1.16256E-1 8.96064E-2 1.23856E-1 1.27332E-1 9.97562E-2 7.23394E-2 8.06017E-2 7.17714E-2 5.75316E-2 6.06812E-2 1.48365E-1 1.5896E-1 9.6105E-2 7.61407E-2 1.00892E-1 1.28965E-1 8.64148E-2 9.51108E-2 9.85681E-2 8.26908E-2 9.68443E-2 8.93095E-2 9.70911E-2 9.8504E-2 8.8844E-2 1.02386E-1 9.37198E-2 1.21905E-1 1.21913E-1 1.15698E-1 1.34074E-1 1.0814E-1 9.50163E-2
-9999 -9999 -9999 -9999 -9999 -9999 -9999 -9999 -9999 -9999 -9999 -9999 -9999 -9999 -9999 -9999 -9999 -9999 -9999 -9999 -9999 -9999 1.8402E-1 1.84344E-1 1.80024E-1 1.63553E-1 1.80043E-1 1.78095E-1 1.76999E-1 1.5965E-1 1.56512E-1 1.49133E-1 1.60168E-1 1.48772E-1 1.28162E-1 1.38763E-1 1.3835E-1 1.07674E-1 1.27688E-1 1.25177E-1 1.23611E-1 1.18376E-1 1.24678E-1 7.56141E-2 8.36069E-2 7.4957E-2 7.90825E-2 6.03481E-2 9.14411E-2 1.20938E-1 1.61692E-1 1.71885E-1 1.24817E-1 1.09633E-1 1.21166E-1 1.14783E-1 1.38622E-1 1.01432E-1 1.15824E-1 1.14294E-1 1.21732E-1 1.124E-1 8.8674E-2 1.04603E-1 8.71016E-2 7.92727E-2 7.56363E-2 8.8756E-2 1.16394E-1 1.23162E-1 1.07157E-1 1.07335E-1
-9999 -9999 -9999 -9999 -9999 -9999 -9999 -9999 -9999 -9999 -9999 -9999 -9999 -9999 -9999 -9999 -9999 -9999 -9999 -9999 -9999 -9999 1.77817E-1 1.73222E-1 1.63101E-1 1.73707E-1 1.92309E-1 1.72566E-1 1.53521E-1 1.51562E-1 1.61729E-1 1.4282E-1 1.61165E-1 1.48361E-1 1.19683E-1 1.28182E-1 1.37951E-1 1.28268E-1 1.61017E-1 1.2296E-1 1.22999E-1 1.19111E-1 1.22522E-1 1.1654E-1 9.25977E-2 8.45682E-2 8.33784E-2 7.07468E-2 1.3163E-1 1.5827E-1 8.11264E-2 1.79502E-1 1.55831E-1 1.0508E-1 9.61421E-2 1.04061E-1 9.38612E-2 8.218E-2 1.02541E-1 8.90881E-2 9.40448E-2 9.12127E-2 9.28205E-2 1.15189E-1 1.09657E-1 1.03658E-1 9.11817E-2 1.03333E-1 1.25858E-1 1.41966E-1 1.25483E-1 1.08788E-1
-9999 -9999 -9999 -9999 -9999 -9999 -9999 -9999 -9999 -9999 -9999 -9999 -9999 -9999 -9999 -9999 -9999 -9999 -9999 -9999 -9999 -9999 1.66946E-1 1.80637E-1 1.72458E-1 1.69612E-1 1.75894E-1 1.54016E-1 1.48473E-1 1.44727E-1 1.46217E-1 1.50109E-1 1.43103E-1 1.42929E-1 1.46126E-1 1.53578E-1 2.22969E-1 1.53883E-1 1.27424E-1 1.31229E-1 1.29941E-1 1.53541E-1 1.43493E-1 1.21097E-1 1.23226E-1 1.40248E-1 1.56598E-1 7.78213E-2 1.2047E-1 1.68453E-1 1.48616E-1 1.17357E-1 1.30189E-1 1.43503E-1 1.07585E-1 1.14139E-1 1.09661E-1 9.15227E-2 9.90569E-2 1.06073E-1 1.07172E-1 1.0443E-1 9.64368E-2 9.6041E-2 1.02942E-1 1.06347E-1 1.2716E-1 1.3921E-1 1.25971E-1 1.16963E-1 1.25052E-1 1.09681E-1
-9999 -9999 -9999 -9999 -9999 -9999 -9999 -9999 -9999 -9999 -9999 -9999 -9999 -9999 -9999 -9999 -9999 -9999 -9999 -9999 -9999 1.81397E-1 1.77907E-1 1.72985E-1 1.68336E-1 1.85262E-1 1.74144E-1 1.63606E-1 1.44102E-1 1.46307E-1 1.45334E-1 1.42085E-1 1.43531E-1 1.42837E-1 1.63551E-1 1.75744E-1 1.80491E-1 8.84909E-2 1.2098E-1 1.55333E-1 1.17167E-1 1.21985E-1 1.18952E-1 1.38174E-1 1.17232E-1 1.29751E-1 1.37255E-1 8.08544E-2 1.32675E-1 1.67042E-1 1.82047E-1 1.49331E-1 1.58117E-1 1.65957E-1 1.46302E-1 1.20921E-1 1.12665E-1 1.08418E-1 1.28074E-1 1.16983E-1 1.24666E-1 1.1926E-1 1.21355E-1 1.1981E-1 1.11216E-1 1.12101E-1 1.22257E-1 1.29784E-1 1.2897E-1 1.27712E-1 1.27431E-1 1.23153E-1
-9999 -9999 -9999 -9999 -9999 -9999 -9999 -9999 -9999 -9999 -9999 -9999 -9999 -9999 -9999 -9999 1.96649E-1 1.92396E-1 1.80605E-1 2.02946E-1 -9999 -9999 1.7797E-1 1.68355E-1 1.68689E-1 1.68019E-1 1.60253E-1 1.40588E-1 1.45598E-1 1.45306E-1 1.52837E-1 1.39132E-1 1.50721E-1 1.51336E-1 1.64121E-1 2.20488E-1 2.7183E-1 1.77485E-1 1.38235E-1 1.46248E-1 1.2959E-1 1.05644E-1 1.28923E-1 1.15319E-1 1.20422E-1 1.08866E-1 9.43625E-2 1.02856E-1 1.10797E-1 2.01874E-1 2.05333E-1 1.89386E-1 1.57562E-1 1.47916E-1 1.37845E-1 1.4054E-1 1.31031E-1 1.15756E-1 1.14974E-1 1.18518E-1 1.22384E-1 1.18613E-1 1.21439E-1 1.26027E-1 1.26299E-1 1.13517E-1 1.1351E-1 1.28262E-1 1.31658E-1 1.34488E-1 1.43201E-1 1.34717E-1
