Artocarpus altilis SDM files/Last interglacial/results (with bias file)/Artalt_6.asc
ncols         1201
nrows         481
xllcorner     119.99986351115
yllcorner     -15.00013864885
cellsize      0.041666667
NODATA_value  -9999
[rows 256 to 287 of 481, columns 432 to 503 of 1201]
5.32053E-1 5.14158E-1 4.90459E-1 4.69148E-1 4.35604E-1 4.31431E-1 4.00364E-1 3.99678E-1 3.73218E-1 3.46626E-1 3.48332E-1 3.02145E-1 3.18127E-1 2.99852E-1 2.82459E-1 2.76128E-1 2.72242E-1 2.73529E-1 2.44657E-1 2.38604E-1 2.59476E-1 2.35475E-1 2.33023E-1 2.13157E-1 2.14662E-1 2.06719E-1 2.11061E-1 2.00529E-1 1.90708E-1 2.12811E-1 1.78565E-1 1.73684E-1 1.72049E-1 1.714E-1 1.76248E-1 1.5731E-1 1.57047E-1 1.60384E-1 1.53765E-1 1.26557E-1 1.54941E-1 1.46775E-1 1.24534E-1 1.30883E-1 1.51708E-1 1.43501E-1 1.29812E-1 1.23306E-1 1.19166E-1 1.25384E-1 1.6515E-1 1.7383E-1 1.57446E-1 1.47666E-1 1.44743E-1 1.42696E-1 1.35054E-1 1.44274E-1 1.45693E-1 1.37168E-1 1.41032E-1 1.52454E-1 1.47911E-1 1.49283E-1 1.46159E-1 1.69802E-1 1.63858E-1 1.49309E-1 1.47023E-1 1.61364E-1 1.5806E-1 1.48475E-1
5.70107E-1 4.705E-1 5.0861E-1 4.82716E-1 4.61795E-1 4.62917E-1 4.17219E-1 3.66039E-1 3.37774E-1 3.61981E-1 3.2677E-1 3.0804E-1 2.82262E-1 2.68922E-1 2.87577E-1 2.64288E-1 2.63555E-1 2.51128E-1 2.59266E-1 2.47658E-1 2.30851E-1 2.27447E-1 2.23665E-1 2.07271E-1 2.01851E-1 2.0936E-1 2.0017E-1 1.83624E-1 1.76367E-1 1.97096E-1 1.80371E-1 1.76378E-1 1.79629E-1 1.7793E-1 1.76068E-1 1.80385E-1 1.61135E-1 1.66994E-1 1.53146E-1 1.47473E-1 1.56428E-1 1.65128E-1 1.40957E-1 1.39982E-1 1.45124E-1 1.45314E-1 1.4839E-1 1.41443E-1 1.35693E-1 1.30876E-1 1.43999E-1 1.51752E-1 1.45617E-1 1.48422E-1 1.47774E-1 1.48921E-1 1.48503E-1 1.4126E-1 1.42116E-1 1.50336E-1 1.415E-1 1.38701E-1 1.54782E-1 1.51212E-1 1.47152E-1 1.65786E-1 1.43944E-1 1.36242E-1 1.58295E-1 1.72554E-1 1.72458E-1 1.56978E-1
-9999 5.08682E-1 5.14235E-1 5.28857E-1 4.51585E-1 3.8651E-1 3.44932E-1 3.73519E-1 3.83354E-1 3.67665E-1 2.95428E-1 3.03993E-1 2.95773E-1 2.75858E-1 2.96854E-1 2.56582E-1 2.47059E-1 2.46302E-1 2.40501E-1 2.22792E-1 2.13269E-1 2.17515E-1 2.0702E-1 2.0626E-1 2.08131E-1 2.01514E-1 1.89142E-1 1.73225E-1 1.64689E-1 1.79894E-1 1.80647E-1 1.82049E-1 1.65045E-1 1.60807E-1 1.63807E-1 1.70619E-1 1.63847E-1 1.5588E-1 1.48344E-1 1.31838E-1 1.3903E-1 1.61091E-1 1.48184E-1 1.40638E-1 1.48061E-1 1.38129E-1 1.32546E-1 1.42119E-1 1.18401E-1 1.40521E-1 1.45138E-1 1.50494E-1 1.63408E-1 1.53854E-1 1.39387E-1 1.29308E-1 1.47739E-1 1.53125E-1 1.54432E-1 1.5058E-1 1.47595E-1 1.42122E-1 1.60048E-1 1.59332E-1 1.58256E-1 1.62554E-1 1.38834E-1 1.42542E-1 1.7517E-1 1.59947E-1 1.64496E-1 1.50256E-1
-9999 -9999 -9999 4.53897E-1 4.29866E-1 3.89789E-1 3.60217E-1 3.45277E-1 3.4686E-1 3.61814E-1 2.9756E-1 2.87731E-1 2.79326E-1 2.75098E-1 2.5111E-1 2.42691E-1 2.31346E-1 2.5104E-1 2.2398E-1 2.22619E-1 2.15438E-1 2.1738E-1 2.19547E-1 2.13962E-1 1.97505E-1 1.91343E-1 1.88238E-1 1.7233E-1 1.66E-1 1.66838E-1 1.60712E-1 1.81632E-1 1.69863E-1 1.65145E-1 1.51323E-1 1.62982E-1 1.52262E-1 1.60489E-1 1.44073E-1 1.34318E-1 1.28097E-1 1.38559E-1 1.65963E-1 1.53568E-1 1.38793E-1 1.29831E-1 1.29615E-1 1.28774E-1 1.21002E-1 1.39771E-1 1.50358E-1 1.49347E-1 1.78503E-1 1.54753E-1 1.4251E-1 1.57104E-1 1.51557E-1 1.32751E-1 1.30435E-1 1.49849E-1 1.43763E-1 1.41499E-1 1.48825E-1 1.53413E-1 1.64189E-1 1.50886E-1 1.55825E-1 1.52478E-1 1.69581E-1 1.74089E-1 1.63901E-1 1.58379E-1
-9999 -9999 -9999 4.24938E-1 4.22383E-1 3.7632E-1 3.96763E-1 3.68245E-1 3.37351E-1 3.46366E-1 2.79794E-1 2.69498E-1 2.67115E-1 2.58396E-1 2.4723E-1 2.4689E-1 2.37313E-1 2.36184E-1 2.3387E-1 2.28446E-1 2.28121E-1 2.02479E-1 2.02142E-1 2.03166E-1 1.96671E-1 1.77991E-1 1.76997E-1 1.74721E-1 1.72052E-1 1.71298E-1 1.56488E-1 1.67217E-1 1.69248E-1 1.65585E-1 1.58746E-1 1.55179E-1 1.57169E-1 1.45902E-1 1.50822E-1 1.43132E-1 1.2699E-1 1.2641E-1 1.5246E-1 1.42345E-1 1.5741E-1 1.3636E-1 1.43939E-1 1.48772E-1 1.3656E-1 1.305E-1 1.4781E-1 1.51436E-1 1.46757E-1 1.61451E-1 1.61736E-1 1.54478E-1 1.51164E-1 1.48306E-1 1.48269E-1 1.49042E-1 1.49932E-1 1.51362E-1 1.51731E-1 1.4283E-1 1.60913E-1 1.52982E-1 1.52057E-1 1.4725E-1 1.60921E-1 1.66873E-1 1.70012E-1 1.50065E-1
-9999 -9999 -9999 -9999 -9999 3.82778E-1 3.69863E-1 3.51118E-1 3.32746E-1 2.81451E-1 2.86083E-1 2.77677E-1 2.66864E-1 2.60996E-1 2.59426E-1 2.52229E-1 2.28941E-1 2.2395E-1 2.19539E-1 2.14224E-1 2.12663E-1 2.14113E-1 2.07143E-1 2.11044E-1 1.9624E-1 1.80126E-1 1.81214E-1 1.74957E-1 1.73076E-1 1.7481E-1 1.61342E-1 1.54684E-1 1.50213E-1 1.68119E-1 1.61035E-1 1.60547E-1 1.61915E-1 1.53878E-1 1.43905E-1 1.39784E-1 1.31719E-1 1.3227E-1 1.37261E-1 1.32444E-1 1.53406E-1 1.4247E-1 1.53162E-1 1.56865E-1 1.4853E-1 1.27338E-1 1.28416E-1 1.28031E-1 1.49951E-1 1.56109E-1 1.62411E-1 1.58673E-1 1.368E-1 1.55578E-1 1.54543E-1 1.4968E-1 1.52124E-1 1.62046E-1 1.51225E-1 1.46051E-1 1.84471E-1 1.63955E-1 1.4748E-1 1.48388E-1 1.65022E-1 1.64739E-1 1.63436E-1 1.54567E-1
-9999 -9999 -9999 -9999 -9999 3.91248E-1 3.60597E-1 3.21179E-1 2.99744E-1 2.85872E-1 2.6945E-1 2.6858E-1 2.57188E-1 2.73174E-1 2.46428E-1 2.39076E-1 2.28016E-1 2.25567E-1 2.28495E-1 2.28177E-1 2.16045E-1 2.18281E-1 1.95249E-1 1.92973E-1 1.85497E-1 1.83253E-1 1.83668E-1 1.62751E-1 1.76865E-1 1.81476E-1 1.62336E-1 1.59865E-1 1.49246E-1 1.74409E-1 1.61482E-1 1.48709E-1 1.5328E-1 1.65312E-1 1.40739E-1 1.38309E-1 1.35416E-1 1.37652E-1 1.37747E-1 1.39853E-1 1.51338E-1 1.6104E-1 1.61687E-1 1.48408E-1 1.54589E-1 1.39753E-1 1.37559E-1 1.3742E-1 1.3747E-1 1.38635E-1 1.54007E-1 1.68413E-1 1.57933E-1 1.59336E-1 1.5529E-1 1.59259E-1 1.63988E-1 1.67628E-1 1.54827E-1 1.56274E-1 1.70779E-1 1.58596E-1 1.33461E-1 1.52026E-1 1.57542E-1 1.51905E-1 1.60841E-1 1.52939E-1
-9999 -9999 -9999 -9999 -9999 3.83488E-1 3.56871E-1 3.17137E-1 3.0138E-1 2.95732E-1 2.79253E-1 2.73818E-1 2.65762E-1 2.6188E-1 2.53624E-1 2.29978E-1 2.20996E-1 2.32051E-1 2.12614E-1 2.09393E-1 2.11505E-1 2.02566E-1 1.94867E-1 1.89023E-1 1.71605E-1 1.90278E-1 1.70691E-1 1.71102E-1 1.68322E-1 1.63037E-1 1.66947E-1 1.50936E-1 1.43326E-1 1.78414E-1 1.66876E-1 1.53468E-1 1.54104E-1 1.43384E-1 1.41424E-1 1.44421E-1 1.40622E-1 1.38913E-1 1.40612E-1 1.44693E-1 1.35844E-1 1.59465E-1 1.49569E-1 1.56335E-1 1.53741E-1 1.50684E-1 1.38767E-1 1.32283E-1 1.27637E-1 1.44702E-1 1.58082E-1 1.70773E-1 1.64229E-1 1.57861E-1 1.42851E-1 1.62931E-1 1.72304E-1 1.59582E-1 1.39036E-1 1.66665E-1 1.65833E-1 1.61223E-1 1.40576E-1 1.36022E-1 1.58659E-1 1.5805E-1 1.62049E-1 1.57356E-1
-9999 -9999 -9999 -9999 -9999 -9999 3.63294E-1 3.38873E-1 3.17949E-1 3.02476E-1 2.93351E-1 2.80295E-1 2.73393E-1 2.64626E-1 2.37951E-1 2.29179E-1 2.29019E-1 2.22382E-1 2.20229E-1 2.17313E-1 2.15579E-1 2.11604E-1 2.08533E-1 1.93237E-1 1.93135E-1 1.94111E-1 1.72267E-1 1.71889E-1 1.71602E-1 1.62806E-1 1.79006E-1 1.5212E-1 1.46305E-1 1.65097E-1 1.60406E-1 1.57077E-1 1.60294E-1 1.4192E-1 1.51336E-1 1.45203E-1 1.43787E-1 1.42487E-1 1.45768E-1 1.49345E-1 1.39486E-1 1.40744E-1 1.50742E-1 1.61746E-1 1.61735E-1 1.61126E-1 1.52315E-1 1.52691E-1 1.63182E-1 1.66632E-1 1.82924E-1 1.75055E-1 1.61286E-1 1.44406E-1 1.49437E-1 1.74286E-1 1.71305E-1 1.54002E-1 1.4094E-1 1.62646E-1 1.73303E-1 1.60087E-1 1.39029E-1 1.41576E-1 1.42508E-1 1.68423E-1 1.60211E-1 1.56152E-1
-9999 -9999 -9999 -9999 -9999 -9999 -9999 3.76229E-1 3.40073E-1 3.04403E-1 2.90159E-1 2.80689E-1 2.73198E-1 2.44731E-1 2.47121E-1 2.35525E-1 2.31758E-1 2.31727E-1 2.2105E-1 2.23378E-1 2.15525E-1 1.92837E-1 1.89909E-1 1.90502E-1 1.80824E-1 1.83276E-1 1.78263E-1 1.73263E-1 1.77178E-1 1.71074E-1 1.77562E-1 1.52235E-1 1.49389E-1 1.70451E-1 1.60017E-1 1.60651E-1 1.63578E-1 1.49539E-1 1.53428E-1 1.42006E-1 1.50126E-1 1.46142E-1 1.46214E-1 1.51696E-1 1.45726E-1 1.4405E-1 1.50592E-1 1.7055E-1 1.62639E-1 1.63157E-1 1.39937E-1 1.53913E-1 1.79122E-1 1.75831E-1 1.72803E-1 1.7134E-1 1.64241E-1 1.47867E-1 1.68201E-1 1.71629E-1 1.63121E-1 1.44413E-1 1.50898E-1 1.66581E-1 1.77701E-1 1.63076E-1 1.42468E-1 1.45903E-1 1.48258E-1 1.73574E-1 1.66412E-1 1.55568E-1
-9999 -9999 -9999 -9999 -9999 -9999 -9999 3.80219E-1 3.66193E-1 3.3806E-1 3.32807E-1 2.86216E-1 2.87565E-1 2.5641E-1 2.5379E-1 2.49042E-1 2.3554E-1 2.34398E-1 2.28952E-1 2.22575E-1 2.17077E-1 2.1116E-1 1.90765E-1 1.92062E-1 1.835E-1 1.84948E-1 1.8481E-1 1.78405E-1 1.79097E-1 1.73935E-1 1.7689E-1 1.69856E-1 1.55028E-1 1.6015E-1 1.6529E-1 1.80043E-1 1.68802E-1 1.52961E-1 1.52202E-1 1.52659E-1 1.55281E-1 1.48665E-1 1.48843E-1 1.51499E-1 1.50206E-1 1.4797E-1 1.59178E-1 1.72969E-1 1.76199E-1 1.58881E-1 1.38979E-1 1.59718E-1 1.70801E-1 1.66568E-1 1.7998E-1 1.7383E-1 1.64932E-1 1.50812E-1 1.62305E-1 1.75243E-1 1.68959E-1 1.52233E-1 1.5008E-1 1.58631E-1 1.7757E-1 1.66523E-1 1.44413E-1 1.53196E-1 1.57501E-1 1.75064E-1 1.7883E-1 1.57083E-1
-9999 -9999 -9999 -9999 -9999 -9999 -9999 -9999 3.81949E-1 3.70399E-1 3.38364E-1 3.26407E-1 2.95757E-1 2.85764E-1 2.8697E-1 2.79866E-1 2.61427E-1 2.37813E-1 2.32726E-1 2.31807E-1 2.3262E-1 2.19324E-1 1.97163E-1 1.96724E-1 1.88396E-1 1.83602E-1 1.84964E-1 1.87072E-1 1.84054E-1 1.83058E-1 1.84285E-1 1.73649E-1 1.73081E-1 1.60159E-1 1.64088E-1 1.82347E-1 1.8286E-1 1.57789E-1 1.67518E-1 1.49057E-1 1.73026E-1 1.51494E-1 1.46911E-1 1.54842E-1 1.52819E-1 1.52191E-1 1.65672E-1 1.81455E-1 1.77251E-1 1.61E-1 1.50712E-1 1.58445E-1 1.59579E-1 1.55535E-1 1.65184E-1 1.79707E-1 1.6647E-1 1.5507E-1 1.85755E-1 1.91408E-1 1.71702E-1 1.76394E-1 1.53418E-1 1.62668E-1 1.7569E-1 1.57299E-1 1.50852E-1 1.77097E-1 1.75966E-1 1.8902E-1 1.7544E-1 1.62344E-1
-9999 -9999 -9999 -9999 -9999 -9999 -9999 -9999 4.33857E-1 4.07962E-1 3.53829E-1 3.20897E-1 2.97826E-1 2.9649E-1 2.80096E-1 2.74111E-1 2.41486E-1 2.47418E-1 2.35557E-1 2.3864E-1 2.27955E-1 2.26599E-1 2.28115E-1 2.17905E-1 2.13625E-1 1.91905E-1 1.86725E-1 2.08231E-1 1.98057E-1 2.00927E-1 1.95909E-1 1.77128E-1 1.771E-1 1.78087E-1 1.6712E-1 1.84534E-1 1.92558E-1 1.55837E-1 1.67833E-1 1.578E-1 1.72615E-1 1.57405E-1 1.51951E-1 1.55377E-1 1.71581E-1 1.58291E-1 1.7948E-1 1.84479E-1 1.81025E-1 1.64519E-1 1.47513E-1 1.51199E-1 1.518E-1 1.61432E-1 1.85346E-1 1.91712E-1 1.67581E-1 1.63078E-1 1.835E-1 1.7465E-1 1.83421E-1 1.924E-1 1.54398E-1 1.62498E-1 1.64533E-1 1.78244E-1 1.55085E-1 1.9584E-1 1.85854E-1 1.78924E-1 1.63705E-1 1.65302E-1
-9999 -9999 -9999 -9999 -9999 -9999 -9999 -9999 4.74053E-1 4.59267E-1 3.71976E-1 3.6466E-1 3.30235E-1 2.93923E-1 2.9399E-1 2.92313E-1 2.75034E-1 2.759E-1 2.72286E-1 2.64386E-1 2.45912E-1 2.30584E-1 2.3001E-1 2.23419E-1 2.18652E-1 2.15781E-1 1.93849E-1 2.08689E-1 2.0939E-1 2.01278E-1 1.85939E-1 1.84248E-1 1.97384E-1 1.97758E-1 1.7437E-1 1.92304E-1 2.17462E-1 1.86005E-1 1.73347E-1 1.60751E-1 1.7949E-1 1.75536E-1 1.66282E-1 1.53692E-1 1.67759E-1 1.8556E-1 2.05371E-1 2.04108E-1 2.03396E-1 1.7986E-1 1.63861E-1 1.57874E-1 1.58908E-1 1.61479E-1 1.8446E-1 1.93936E-1 1.61399E-1 1.89516E-1 1.97341E-1 2.00854E-1 2.19132E-1 1.8953E-1 1.73422E-1 1.56885E-1 1.66359E-1 1.80592E-1 1.99587E-1 2.03475E-1 1.99705E-1 1.65474E-1 1.71807E-1 1.71161E-1
-9999 -9999 -9999 -9999 -9999 -9999 -9999 -9999 4.82445E-1 4.71871E-1 4.37179E-1 3.91632E-1 3.69279E-1 3.62361E-1 3.52664E-1 3.41025E-1 3.01408E-1 2.79708E-1 3.19134E-1 2.85565E-1 2.56367E-1 2.59586E-1 2.62872E-1 2.52345E-1 2.36355E-1 2.36737E-1 2.19775E-1 2.21225E-1 2.51157E-1 2.20431E-1 2.06965E-1 2.0984E-1 2.30002E-1 2.1326E-1 1.81998E-1 1.88178E-1 2.09851E-1 2.09296E-1 1.71102E-1 2.07007E-1 2.26003E-1 2.05718E-1 1.88136E-1 1.60274E-1 1.87973E-1 2.28833E-1 2.16152E-1 2.0187E-1 2.00554E-1 1.82654E-1 1.69075E-1 1.57072E-1 1.58445E-1 1.59517E-1 1.6964E-1 2.02981E-1 1.81354E-1 2.21185E-1 2.14449E-1 2.34935E-1 2.26498E-1 1.82516E-1 1.78136E-1 1.61941E-1 1.68982E-1 1.80172E-1 2.16298E-1 2.06764E-1 2.00514E-1 1.66813E-1 1.77329E-1 1.7186E-1
-9999 -9999 -9999 -9999 -9999 -9999 -9999 -9999 4.97119E-1 4.87322E-1 4.58863E-1 4.05281E-1 3.66593E-1 3.59668E-1 3.49195E-1 3.09387E-1 3.0664E-1 3.04617E-1 3.34809E-1 2.92174E-1 2.67621E-1 2.95026E-1 2.76372E-1 2.78859E-1 2.74919E-1 2.6129E-1 2.43917E-1 2.84988E-1 2.73136E-1 2.67618E-1 2.42374E-1 2.10264E-1 2.53528E-1 2.4332E-1 2.1314E-1 1.84807E-1 2.10795E-1 2.44098E-1 1.90488E-1 2.27959E-1 2.10249E-1 2.12639E-1 1.86574E-1 1.7506E-1 2.06199E-1 2.3162E-1 2.27395E-1 2.05004E-1 1.89764E-1 1.91898E-1 2.06935E-1 1.79465E-1 1.77085E-1 1.79515E-1 1.86453E-1 2.2251E-1 1.99429E-1 2.38373E-1 2.3202E-1 2.23099E-1 1.87391E-1 1.76789E-1 1.81306E-1 1.81906E-1 1.81064E-1 2.06573E-1 2.15295E-1 2.3897E-1 2.07466E-1 1.72245E-1 1.82962E-1 1.97422E-1
-9999 -9999 -9999 -9999 -9999 -9999 -9999 -9999 -9999 4.93665E-1 4.71898E-1 4.62908E-1 4.41435E-1 4.03407E-1 3.60503E-1 3.52967E-1 3.35501E-1 3.49708E-1 3.6593E-1 3.39209E-1 3.21466E-1 3.20931E-1 3.21767E-1 3.08191E-1 2.68806E-1 2.69781E-1 2.7432E-1 3.05674E-1 2.78894E-1 2.75063E-1 2.67172E-1 2.25431E-1 2.62045E-1 2.8613E-1 2.37791E-1 1.99296E-1 2.1576E-1 2.47777E-1 2.19598E-1 2.84863E-1 2.84943E-1 2.34641E-1 1.91508E-1 1.85246E-1 2.28197E-1 2.67918E-1 2.46298E-1 2.48823E-1 2.09825E-1 2.12382E-1 2.34349E-1 2.22984E-1 1.72151E-1 1.75051E-1 1.83523E-1 2.30031E-1 2.61548E-1 2.48801E-1 2.29723E-1 2.10532E-1 1.8457E-1 2.05705E-1 1.80293E-1 2.04084E-1 2.06959E-1 2.44447E-1 2.55729E-1 2.26382E-1 1.92076E-1 1.94256E-1 1.97565E-1 2.30347E-1
-9999 -9999 -9999 -9999 -9999 -9999 -9999 -9999 -9999 5.10579E-1 4.88519E-1 4.64892E-1 4.5223E-1 4.4725E-1 4.2383E-1 4.20911E-1 4.13146E-1 4.00106E-1 3.98368E-1 3.67048E-1 3.3432E-1 3.16656E-1 3.38619E-1 3.26593E-1 3.03399E-1 3.02708E-1 3.25537E-1 3.17547E-1 3.30136E-1 2.75665E-1 3.01913E-1 2.47622E-1 2.67087E-1 2.8735E-1 2.43239E-1 2.20648E-1 2.17835E-1 2.76459E-1 2.74042E-1 3.14071E-1 2.89755E-1 2.36417E-1 2.04185E-1 1.99699E-1 2.81188E-1 2.84452E-1 2.50983E-1 2.42943E-1 2.29792E-1 2.33276E-1 2.302E-1 2.06911E-1 1.95696E-1 1.98708E-1 1.96077E-1 2.12872E-1 2.83033E-1 2.36455E-1 2.8581E-1 2.29767E-1 2.04771E-1 2.18714E-1 1.97604E-1 2.04813E-1 2.3113E-1 2.77142E-1 2.4935E-1 2.52861E-1 2.1559E-1 2.04657E-1 2.24381E-1 2.69697E-1
-9999 -9999 -9999 -9999 -9999 -9999 -9999 -9999 -9999 -9999 4.95967E-1 4.73002E-1 4.69816E-1 4.61826E-1 4.39393E-1 4.34942E-1 4.25981E-1 4.16735E-1 4.09047E-1 3.81541E-1 3.51651E-1 3.50993E-1 3.54229E-1 3.38048E-1 3.30627E-1 3.64022E-1 3.51766E-1 3.46105E-1 3.44668E-1 3.00935E-1 2.83667E-1 2.86167E-1 2.83368E-1 3.37349E-1 2.83625E-1 2.46548E-1 2.36287E-1 2.85612E-1 3.36809E-1 3.17365E-1 2.85458E-1 2.31162E-1 2.14339E-1 2.24504E-1 3.01925E-1 2.85157E-1 2.78292E-1 2.70957E-1 2.29684E-1 2.16289E-1 2.38988E-1 2.38186E-1 2.30197E-1 1.95492E-1 1.86251E-1 2.1026E-1 2.76862E-1 3.18866E-1 3.02304E-1 2.15752E-1 2.05751E-1 2.47776E-1 2.21666E-1 2.32455E-1 2.95624E-1 3.04728E-1 2.9498E-1 2.4906E-1 2.16114E-1 2.17948E-1 2.46181E-1 2.95741E-1
-9999 -9999 -9999 -9999 -9999 -9999 -9999 -9999 -9999 -9999 -9999 4.84943E-1 4.73807E-1 4.66006E-1 4.63178E-1 4.33859E-1 4.29178E-1 4.16232E-1 4.12514E-1 4.0483E-1 4.1261E-1 3.99943E-1 3.8797E-1 3.80189E-1 3.77173E-1 3.68104E-1 3.55606E-1 3.54673E-1 3.49354E-1 3.35205E-1 3.2122E-1 2.92195E-1 3.42718E-1 3.38617E-1 2.84135E-1 2.64713E-1 2.8992E-1 3.49498E-1 3.27279E-1 3.05387E-1 2.74917E-1 2.19997E-1 2.48173E-1 2.96591E-1 3.16056E-1 3.01325E-1 3.15288E-1 2.95149E-1 2.75021E-1 2.40475E-1 2.68087E-1 2.9849E-1 2.55413E-1 2.35494E-1 2.24881E-1 2.33326E-1 3.04551E-1 3.18314E-1 2.91409E-1 2.17248E-1 2.32892E-1 2.54466E-1 2.54771E-1 3.2522E-1 3.17735E-1 3.17029E-1 2.70924E-1 2.41135E-1 2.5736E-1 2.22476E-1 2.75388E-1 3.29047E-1
-9999 -9999 -9999 -9999 -9999 -9999 -9999 -9999 -9999 -9999 -9999 -9999 4.94936E-1 4.76191E-1 4.64566E-1 4.39269E-1 4.45519E-1 4.35221E-1 4.38144E-1 4.16809E-1 4.06242E-1 4.03447E-1 3.94594E-1 3.85571E-1 3.74672E-1 3.68517E-1 3.72956E-1 3.71506E-1 3.526E-1 3.3727E-1 2.94408E-1 3.0242E-1 3.68605E-1 3.23795E-1 2.85149E-1 3.42875E-1 3.56885E-1 3.48983E-1 3.16608E-1 3.02572E-1 2.63167E-1 2.42706E-1 3.02659E-1 3.27538E-1 3.13767E-1 3.23295E-1 3.05927E-1 3.15593E-1 3.02072E-1 2.79608E-1 2.61179E-1 3.07148E-1 2.76548E-1 2.81746E-1 2.35871E-1 2.43754E-1 3.01E-1 3.1564E-1 2.81071E-1 2.40822E-1 2.56722E-1 3.3725E-1 3.41892E-1 3.23334E-1 3.17287E-1 3.0519E-1 2.70794E-1 2.48763E-1 2.62397E-1 2.51041E-1 3.09223E-1 3.38706E-1
-9999 -9999 -9999 -9999 -9999 -9999 -9999 -9999 -9999 -9999 -9999 -9999 -9999 4.91984E-1 4.7479E-1 4.56359E-1 4.43576E-1 4.43663E-1 4.33479E-1 4.3429E-1 4.26887E-1 4.21021E-1 4.01383E-1 3.98123E-1 3.85608E-1 3.75293E-1 3.79052E-1 3.77078E-1 3.55834E-1 3.5083E-1 3.60168E-1 3.71224E-1 3.66127E-1 3.53452E-1 3.53087E-1 3.56741E-1 3.58717E-1 3.26535E-1 3.08604E-1 3.10788E-1 2.72623E-1 3.27334E-1 3.38757E-1 3.24223E-1 3.04284E-1 3.21086E-1 3.10974E-1 3.24905E-1 3.18818E-1 3.02887E-1 3.06542E-1 2.90437E-1 3.2488E-1 3.11293E-1 2.52072E-1 2.46868E-1 3.09795E-1 3.29912E-1 3.25452E-1 3.27428E-1 3.51013E-1 3.33294E-1 3.21475E-1 3.09174E-1 3.06254E-1 2.98759E-1 2.82761E-1 2.89081E-1 3.30108E-1 3.28768E-1 3.5312E-1 3.44292E-1
-9999 -9999 -9999 -9999 -9999 -9999 -9999 -9999 -9999 -9999 -9999 -9999 -9999 -9999 4.86036E-1 4.79889E-1 4.63984E-1 4.51171E-1 4.54648E-1 4.37556E-1 4.23455E-1 4.21332E-1 4.04362E-1 4.02261E-1 3.89153E-1 3.95636E-1 3.92843E-1 3.82634E-1 3.81645E-1 3.5648E-1 3.64206E-1 3.688E-1 3.71987E-1 3.73101E-1 3.5268E-1 3.60355E-1 3.43228E-1 3.22995E-1 3.26278E-1 3.35571E-1 3.43495E-1 3.41943E-1 3.36727E-1 3.21315E-1 3.05297E-1 3.21128E-1 3.29674E-1 3.36343E-1 3.21316E-1 3.17966E-1 2.94964E-1 3.27388E-1 3.2714E-1 3.11507E-1 3.09396E-1 2.75756E-1 3.52157E-1 3.4821E-1 3.37229E-1 3.41096E-1 3.20129E-1 3.37451E-1 3.17203E-1 3.12956E-1 3.03352E-1 3.13902E-1 2.88695E-1 2.9252E-1 3.05358E-1 3.5608E-1 3.48892E-1 3.34078E-1
-9999 -9999 -9999 -9999 -9999 -9999 -9999 -9999 -9999 -9999 -9999 -9999 -9999 -9999 -9999 4.94777E-1 4.71098E-1 4.67445E-1 4.60996E-1 4.43209E-1 4.36505E-1 4.32056E-1 4.19545E-1 4.00924E-1 4.02721E-1 4.06643E-1 4.04294E-1 3.97538E-1 3.73728E-1 3.65705E-1 3.76989E-1 3.82439E-1 3.89198E-1 3.77406E-1 3.60284E-1 3.69831E-1 3.40145E-1 3.30681E-1 3.59378E-1 3.56977E-1 3.50598E-1 3.44573E-1 3.38199E-1 3.15843E-1 3.27435E-1 3.32166E-1 3.31768E-1 3.35159E-1 3.19143E-1 3.24114E-1 3.14954E-1 3.47919E-1 3.13144E-1 3.29218E-1 3.28838E-1 2.95457E-1 3.48861E-1 3.44855E-1 3.35174E-1 3.28987E-1 3.22651E-1 3.42195E-1 3.42018E-1 3.17223E-1 3.17154E-1 3.31651E-1 3.39987E-1 3.38196E-1 3.57226E-1 3.61215E-1 3.51481E-1 3.27349E-1
-9999 -9999 -9999 -9999 -9999 -9999 -9999 -9999 -9999 -9999 -9999 -9999 -9999 -9999 5.05578E-1 4.99914E-1 4.67559E-1 4.69706E-1 4.61614E-1 4.46021E-1 4.4252E-1 4.32594E-1 4.26878E-1 4.20491E-1 4.30344E-1 4.20596E-1 4.06422E-1 3.97447E-1 3.78309E-1 3.81431E-1 3.77629E-1 3.91171E-1 3.87337E-1 3.74555E-1 3.88261E-1 3.60195E-1 3.50301E-1 3.74515E-1 3.6833E-1 3.53056E-1 3.51338E-1 3.32273E-1 3.29962E-1 3.16689E-1 3.22291E-1 3.33743E-1 3.60292E-1 3.36317E-1 3.42342E-1 3.25564E-1 3.36992E-1 3.52843E-1 3.36558E-1 3.28729E-1 3.33719E-1 3.53802E-1 3.61201E-1 3.55361E-1 3.39271E-1 3.24493E-1 3.28906E-1 3.55598E-1 3.35882E-1 3.25471E-1 3.36909E-1 3.47577E-1 3.47357E-1 3.45968E-1 3.61066E-1 3.62128E-1 3.47602E-1 3.22796E-1
-9999 -9999 -9999 -9999 -9999 -9999 -9999 -9999 -9999 -9999 -9999 -9999 -9999 -9999 -9999 5.07656E-1 4.86025E-1 4.7223E-1 4.58221E-1 4.62502E-1 4.51724E-1 4.36897E-1 4.39869E-1 4.32565E-1 4.21392E-1 4.18665E-1 4.07538E-1 3.97336E-1 3.84602E-1 3.92149E-1 3.8127E-1 3.9146E-1 3.94248E-1 3.80979E-1 3.77968E-1 3.66416E-1 3.67726E-1 3.59235E-1 3.66321E-1 3.53466E-1 3.43431E-1 3.29225E-1 3.2828E-1 3.30893E-1 3.43787E-1 3.47527E-1 3.70556E-1 3.40653E-1 3.21982E-1 3.1741E-1 3.25965E-1 3.3824E-1 3.53402E-1 3.24544E-1 3.56046E-1 3.5887E-1 3.60667E-1 3.50161E-1 3.34525E-1 3.26856E-1 3.35363E-1 3.56869E-1 3.3505E-1 3.31863E-1 3.47459E-1 3.63685E-1 3.6628E-1 3.47462E-1 3.66132E-1 3.60717E-1 3.48662E-1 3.25317E-1
-9999 -9999 -9999 -9999 -9999 -9999 -9999 -9999 -9999 -9999 -9999 -9999 -9999 -9999 5.33757E-1 5.16781E-1 4.95818E-1 4.97076E-1 4.90342E-1 4.60586E-1 4.66099E-1 4.49875E-1 4.47369E-1 4.36248E-1 4.35882E-1 4.16067E-1 3.97623E-1 3.98487E-1 3.85584E-1 4.16936E-1 3.8681E-1 4.10829E-1 3.91822E-1 3.9401E-1 3.97945E-1 3.73936E-1 3.7514E-1 3.69724E-1 3.73885E-1 3.48384E-1 3.34332E-1 3.36854E-1 3.46295E-1 3.41953E-1 3.43994E-1 3.46125E-1 3.66877E-1 3.46536E-1 3.39366E-1 3.2915E-1 3.51277E-1 3.4631E-1 3.55227E-1 3.41422E-1 3.72923E-1 3.59677E-1 3.59181E-1 3.43185E-1 3.34955E-1 3.33811E-1 3.60879E-1 3.58997E-1 3.53718E-1 3.44967E-1 3.60122E-1 3.65463E-1 3.58669E-1 3.6291E-1 3.67429E-1 3.75518E-1 3.57328E-1 3.33899E-1
-9999 -9999 -9999 -9999 -9999 -9999 -9999 -9999 -9999 -9999 -9999 -9999 -9999 5.53621E-1 5.38422E-1 5.20559E-1 5.10668E-1 4.92671E-1 4.95249E-1 4.72522E-1 4.74054E-1 4.69238E-1 4.50181E-1 4.46897E-1 4.32215E-1 4.23693E-1 4.02331E-1 4.07986E-1 4.05464E-1 4.22685E-1 3.99685E-1 4.06783E-1 4.00176E-1 4.13768E-1 3.89468E-1 3.73446E-1 3.89401E-1 3.68875E-1 3.64031E-1 3.5068E-1 3.47099E-1 3.55433E-1 3.55152E-1 3.40332E-1 3.56199E-1 3.59696E-1 3.79901E-1 3.41708E-1 3.45033E-1 3.38168E-1 3.44736E-1 3.64857E-1 3.68782E-1 3.63624E-1 3.74651E-1 3.6705E-1 3.59877E-1 3.49834E-1 3.38732E-1 3.52475E-1 3.61026E-1 3.56478E-1 3.5763E-1 3.49439E-1 3.60301E-1 3.51971E-1 3.5489E-1 3.43484E-1 3.70542E-1 3.73782E-1 3.67997E-1 3.43942E-1
-9999 -9999 -9999 -9999 -9999 -9999 -9999 -9999 -9999 -9999 -9999 -9999 -9999 -9999 5.55435E-1 5.2965E-1 5.08983E-1 5.00331E-1 5.01968E-1 4.93832E-1 4.76524E-1 4.73202E-1 4.60058E-1 4.58204E-1 4.50093E-1 4.34784E-1 4.09542E-1 4.32912E-1 4.22675E-1 4.22387E-1 4.06745E-1 4.16796E-1 4.21588E-1 4.12317E-1 3.95913E-1 3.90938E-1 3.94935E-1 3.77773E-1 3.78245E-1 3.60364E-1 3.61889E-1 3.58994E-1 3.66559E-1 3.56537E-1 3.70902E-1 3.83068E-1 3.75339E-1 3.58797E-1 3.46813E-1 3.54387E-1 3.48636E-1 3.76232E-1 3.85997E-1 3.74097E-1 3.73785E-1 3.64985E-1 3.61958E-1 3.56394E-1 3.48988E-1 3.54308E-1 3.56085E-1 3.72794E-1 3.56199E-1 3.56807E-1 3.70639E-1 3.58817E-1 3.59156E-1 3.48722E-1 3.69793E-1 3.78364E-1 3.72543E-1 3.61201E-1
-9999 -9999 -9999 -9999 -9999 -9999 -9999 -9999 -9999 -9999 -9999 -9999 -9999 -9999 -9999 5.50604E-1 5.12477E-1 5.20272E-1 5.12932E-1 5.01037E-1 5.03119E-1 4.75534E-1 4.80642E-1 4.68093E-1 4.64833E-1 4.44889E-1 4.38946E-1 4.34177E-1 4.3519E-1 4.30054E-1 4.262E-1 4.29653E-1 4.21727E-1 4.12261E-1 4.15221E-1 3.92183E-1 3.86603E-1 3.78669E-1 3.87025E-1 3.64814E-1 3.69058E-1 3.65883E-1 3.69805E-1 3.81874E-1 3.87427E-1 3.87272E-1 3.69176E-1 3.54536E-1 3.48357E-1 3.65844E-1 3.72502E-1 3.84314E-1 3.92832E-1 3.79662E-1 3.70636E-1 3.68332E-1 3.59049E-1 3.58647E-1 3.59162E-1 3.62207E-1 3.64E-1 3.81219E-1 3.63596E-1 3.7371E-1 3.72016E-1 3.6176E-1 3.54966E-1 3.52156E-1 3.75068E-1 3.86939E-1 3.81438E-1 3.81203E-1
-9999 -9999 -9999 -9999 -9999 -9999 -9999 -9999 -9999 -9999 -9999 -9999 5.84755E-1 5.75229E-1 5.60926E-1 5.43289E-1 5.40618E-1 5.30491E-1 5.1645E-1 5.14511E-1 5.00793E-1 4.92071E-1 4.88139E-1 4.68789E-1 4.75105E-1 4.56788E-1 4.47072E-1 4.46364E-1 4.41511E-1 4.31603E-1 4.22371E-1 4.31368E-1 4.21371E-1 4.24771E-1 4.02048E-1 3.94757E-1 3.99095E-1 3.87211E-1 3.92466E-1 3.86728E-1 3.85691E-1 3.63715E-1 3.75003E-1 3.73201E-1 3.89385E-1 3.76584E-1 3.78477E-1 3.65441E-1 3.6243E-1 3.80437E-1 3.7868E-1 3.86326E-1 3.91673E-1 3.77692E-1 3.62044E-1 3.58626E-1 3.5983E-1 3.53629E-1 3.62651E-1 3.55663E-1 3.64677E-1 3.84589E-1 3.76656E-1 3.72864E-1 3.66442E-1 3.70135E-1 3.67246E-1 3.62848E-1 3.72474E-1 3.85461E-1 3.90879E-1 3.88004E-1
-9999 -9999 -9999 -9999 -9999 -9999 -9999 -9999 -9999 -9999 -9999 -9999 5.99269E-1 5.84725E-1 5.7319E-1 5.55396E-1 5.46484E-1 5.33811E-1 5.2714E-1 5.1841E-1 5.11351E-1 5.00627E-1 4.96276E-1 4.82887E-1 4.74686E-1 4.75232E-1 4.59053E-1 4.60567E-1 4.51876E-1 4.47621E-1 4.4002E-1 4.43421E-1 4.34554E-1 4.30118E-1 3.95707E-1 4.03097E-1 4.08871E-1 4.04848E-1 3.95133E-1 4.05029E-1 3.79026E-1 3.79394E-1 3.96076E-1 4.04928E-1 3.99923E-1 3.85221E-1 3.93453E-1 3.65307E-1 3.64949E-1 3.72775E-1 3.8567E-1 3.89359E-1 3.94757E-1 3.98404E-1 3.7297E-1 3.63888E-1 3.64544E-1 3.65925E-1 3.71473E-1 3.57803E-1 3.7007E-1 3.89011E-1 3.87341E-1 3.75518E-1 3.80644E-1 3.76671E-1 3.65134E-1 3.68428E-1 3.74186E-1 3.77645E-1 3.69161E-1 3.75542E-1
