Artocarpus altilis SDM files/Last interglacial/results (with bias file)/Artalt_2.asc
ncols         1201
nrows         481
xllcorner     119.99986351115
yllcorner     -15.00013864885
cellsize      0.041666667
NODATA_value  -9999
[rows 288 to 319 of 481, columns 432 to 503 of 1201]
-9999 -9999 -9999 -9999 -9999 -9999 -9999 -9999 -9999 -9999 -9999 -9999 6.42496E-1 6.45367E-1 6.25911E-1 6.23328E-1 6.02557E-1 5.87759E-1 5.73479E-1 5.63017E-1 5.57073E-1 5.4687E-1 5.35987E-1 5.24789E-1 5.15413E-1 5.10255E-1 5.00994E-1 4.93731E-1 4.87967E-1 4.82056E-1 4.7838E-1 4.81428E-1 4.71282E-1 4.3879E-1 4.51847E-1 4.47436E-1 4.37529E-1 4.40784E-1 4.19506E-1 4.25052E-1 4.13355E-1 4.06759E-1 4.0711E-1 4.18511E-1 4.23526E-1 4.02083E-1 3.99923E-1 3.83423E-1 3.85051E-1 4.02644E-1 4.12813E-1 4.08443E-1 4.05944E-1 4.03363E-1 3.98253E-1 3.78758E-1 3.87244E-1 3.75536E-1 3.8684E-1 3.80501E-1 3.91491E-1 3.90294E-1 3.82335E-1 3.85784E-1 3.89104E-1 3.8737E-1 3.8116E-1 3.89165E-1 3.93669E-1 3.89029E-1 3.88373E-1 3.93423E-1
-9999 -9999 -9999 -9999 -9999 -9999 -9999 -9999 -9999 -9999 -9999 -9999 -9999 -9999 6.16759E-1 6.04748E-1 6.1299E-1 6.00461E-1 5.77852E-1 5.81062E-1 5.62847E-1 5.53275E-1 5.44855E-1 5.30116E-1 5.16691E-1 5.06245E-1 5.06903E-1 5.10381E-1 4.92537E-1 4.90156E-1 4.83401E-1 4.87376E-1 4.67653E-1 4.50377E-1 4.51548E-1 4.53379E-1 4.47755E-1 4.42619E-1 4.36854E-1 4.26459E-1 4.17948E-1 4.20213E-1 4.2149E-1 4.13574E-1 4.09728E-1 3.98257E-1 3.92664E-1 4.10613E-1 4.02544E-1 3.94728E-1 4.15229E-1 4.21602E-1 4.18687E-1 4.12416E-1 3.98916E-1 3.89545E-1 3.83618E-1 3.87025E-1 4.00479E-1 3.92861E-1 3.96839E-1 3.90602E-1 4.01312E-1 3.9657E-1 4.07334E-1 4.04922E-1 3.95366E-1 3.95032E-1 4.01442E-1 3.94594E-1 3.95916E-1 3.97544E-1
-9999 -9999 -9999 -9999 -9999 -9999 -9999 -9999 -9999 -9999 -9999 -9999 -9999 -9999 -9999 6.20079E-1 6.15609E-1 6.01138E-1 5.97503E-1 5.87587E-1 5.77511E-1 5.63638E-1 5.58128E-1 5.43772E-1 5.24766E-1 5.35095E-1 5.25425E-1 5.06291E-1 4.96886E-1 4.97512E-1 4.90673E-1 4.89365E-1 4.71709E-1 4.66512E-1 4.56906E-1 4.53552E-1 4.51326E-1 4.45234E-1 4.42413E-1 4.40756E-1 4.27808E-1 4.28092E-1 4.27641E-1 4.26301E-1 4.13816E-1 3.94373E-1 4.0926E-1 4.10929E-1 4.06336E-1 4.21997E-1 4.24556E-1 4.20671E-1 4.25846E-1 4.15143E-1 4.02656E-1 3.91766E-1 3.92218E-1 3.90209E-1 4.0419E-1 3.86327E-1 4.12507E-1 4.09616E-1 4.07304E-1 3.99235E-1 4.08667E-1 4.03493E-1 3.99306E-1 4.00167E-1 3.91029E-1 3.98324E-1 4.00112E-1 3.95804E-1
-9999 -9999 -9999 -9999 -9999 -9999 -9999 -9999 -9999 -9999 -9999 -9999 -9999 -9999 -9999 -9999 6.15338E-1 6.08318E-1 5.92554E-1 5.88888E-1 5.80106E-1 5.72972E-1 5.52989E-1 5.44742E-1 5.47976E-1 5.42079E-1 5.31627E-1 5.1368E-1 5.13186E-1 5.05381E-1 5.0733E-1 4.93596E-1 4.83592E-1 4.71865E-1 4.66014E-1 4.62663E-1 4.43903E-1 4.55261E-1 4.43217E-1 4.46E-1 4.29322E-1 4.34051E-1 4.33247E-1 4.34146E-1 4.29654E-1 4.1874E-1 4.19786E-1 4.24204E-1 4.25023E-1 4.36837E-1 4.22411E-1 4.2517E-1 4.21349E-1 4.12285E-1 4.02912E-1 3.91885E-1 3.94647E-1 3.96129E-1 3.90757E-1 3.91578E-1 4.01813E-1 4.11228E-1 4.02082E-1 3.94482E-1 3.87104E-1 3.97736E-1 4.00198E-1 4.02506E-1 3.96043E-1 3.96089E-1 3.95185E-1 4.05994E-1
-9999 -9999 -9999 -9999 -9999 -9999 -9999 -9999 -9999 -9999 -9999 -9999 -9999 -9999 -9999 -9999 -9999 6.08301E-1 6.0277E-1 5.95611E-1 5.82271E-1 5.75035E-1 5.65724E-1 5.54299E-1 5.42074E-1 5.46139E-1 5.38019E-1 5.24557E-1 5.12702E-1 5.12778E-1 5.11806E-1 4.98394E-1 4.92857E-1 4.86008E-1 4.76849E-1 4.71042E-1 4.48764E-1 4.53634E-1 4.559E-1 4.56642E-1 4.48196E-1 4.48989E-1 4.39384E-1 4.36478E-1 4.40342E-1 4.3202E-1 4.2501E-1 4.32274E-1 4.30747E-1 4.33996E-1 4.20113E-1 4.14103E-1 4.08998E-1 4.03324E-1 4.06379E-1 4.01928E-1 4.08128E-1 3.9263E-1 3.95562E-1 3.86887E-1 4.06956E-1 4.18158E-1 4.06589E-1 3.99141E-1 3.94554E-1 4.06833E-1 4.03452E-1 3.95904E-1 3.96671E-1 3.88896E-1 3.94415E-1 4.08288E-1
-9999 -9999 -9999 -9999 -9999 -9999 -9999 -9999 -9999 -9999 -9999 -9999 -9999 -9999 -9999 -9999 6.22995E-1 6.25343E-1 -9999 6.13577E-1 5.9419E-1 5.84375E-1 5.86406E-1 5.75354E-1 5.62264E-1 5.52104E-1 5.46297E-1 5.26775E-1 5.26868E-1 5.18759E-1 5.14027E-1 5.00749E-1 4.90553E-1 4.89492E-1 4.85113E-1 4.74912E-1 4.67135E-1 4.56288E-1 4.72863E-1 4.62275E-1 4.53727E-1 4.45505E-1 4.40902E-1 4.38079E-1 4.40287E-1 4.37237E-1 4.41825E-1 4.32535E-1 4.3254E-1 4.33223E-1 4.28507E-1 4.16104E-1 4.13124E-1 4.01447E-1 4.10018E-1 4.10137E-1 4.11275E-1 4.05279E-1 4.04825E-1 4.01842E-1 4.10982E-1 4.23616E-1 4.20566E-1 4.08183E-1 4.07632E-1 4.04667E-1 4.04164E-1 4.01353E-1 4.00757E-1 3.99293E-1 3.92558E-1 4.08456E-1
-9999 -9999 -9999 -9999 -9999 -9999 -9999 -9999 -9999 -9999 -9999 -9999 -9999 -9999 -9999 6.50166E-1 6.45609E-1 6.27243E-1 6.17579E-1 6.07248E-1 6.06274E-1 5.88071E-1 5.73759E-1 5.6537E-1 5.74913E-1 5.61683E-1 5.55146E-1 5.37768E-1 5.35287E-1 5.30653E-1 5.15552E-1 5.0873E-1 4.96859E-1 5.02237E-1 4.79229E-1 4.83469E-1 4.78828E-1 4.71627E-1 4.70521E-1 4.59525E-1 4.57837E-1 4.62011E-1 4.54086E-1 4.41613E-1 4.426E-1 4.38874E-1 4.42937E-1 4.34223E-1 4.26809E-1 4.1997E-1 4.14873E-1 4.15938E-1 4.13887E-1 4.04776E-1 4.16436E-1 4.12388E-1 4.18368E-1 4.11589E-1 4.08427E-1 4.09516E-1 4.17932E-1 4.33076E-1 4.18156E-1 4.2257E-1 4.15054E-1 4.05233E-1 4.02217E-1 4.07163E-1 4.07287E-1 4.0013E-1 4.0515E-1 3.91978E-1
-9999 -9999 -9999 -9999 -9999 -9999 -9999 -9999 -9999 -9999 -9999 -9999 -9999 -9999 -9999 -9999 6.53763E-1 6.44689E-1 6.27453E-1 6.14901E-1 6.00916E-1 6.01619E-1 5.95629E-1 5.92628E-1 5.76543E-1 5.69111E-1 5.56821E-1 5.57801E-1 5.41446E-1 5.34921E-1 5.25631E-1 5.18305E-1 5.20988E-1 5.08439E-1 4.92888E-1 4.88408E-1 4.88412E-1 4.79108E-1 4.77492E-1 4.81676E-1 4.69012E-1 4.6814E-1 4.53611E-1 4.31199E-1 4.51877E-1 4.3982E-1 4.35053E-1 4.31079E-1 4.38749E-1 4.34746E-1 4.24835E-1 4.21219E-1 4.18292E-1 4.14226E-1 4.10916E-1 4.23586E-1 4.25004E-1 4.11799E-1 4.09109E-1 4.16844E-1 4.23124E-1 4.10661E-1 4.09862E-1 4.08778E-1 4.08968E-1 4.10961E-1 4.09727E-1 4.12308E-1 4.06674E-1 4.09446E-1 4.09485E-1 4.06601E-1
-9999 -9999 -9999 -9999 -9999 -9999 -9999 -9999 -9999 -9999 -9999 -9999 -9999 -9999 -9999 -9999 -9999 -9999 6.37016E-1 6.21519E-1 6.11093E-1 6.07062E-1 5.97877E-1 5.87493E-1 5.8077E-1 5.77401E-1 5.59056E-1 5.60528E-1 5.46313E-1 5.37564E-1 5.26881E-1 5.26261E-1 5.27986E-1 5.10889E-1 5.01527E-1 4.987E-1 4.96206E-1 4.78361E-1 4.81319E-1 4.87752E-1 4.76742E-1 4.67898E-1 4.56899E-1 4.43074E-1 4.5304E-1 4.40964E-1 4.37923E-1 4.40972E-1 4.3175E-1 4.27229E-1 4.28769E-1 4.22894E-1 4.19916E-1 4.13803E-1 4.19779E-1 4.26167E-1 4.21007E-1 4.13553E-1 4.30095E-1 4.30382E-1 4.31973E-1 4.23897E-1 4.1977E-1 4.20258E-1 4.15095E-1 4.11769E-1 4.11849E-1 4.06059E-1 4.18224E-1 4.02278E-1 4.10298E-1 4.08327E-1
-9999 -9999 -9999 -9999 -9999 -9999 -9999 -9999 -9999 -9999 -9999 -9999 -9999 -9999 -9999 -9999 -9999 -9999 -9999 -9999 6.27665E-1 6.05367E-1 6.04635E-1 5.86265E-1 5.80311E-1 5.68986E-1 5.61459E-1 5.60572E-1 5.45991E-1 5.38787E-1 5.41544E-1 5.22728E-1 5.3131E-1 5.15379E-1 5.14549E-1 5.05945E-1 5.0328E-1 4.90249E-1 4.72798E-1 4.71529E-1 4.64246E-1 4.54606E-1 4.60248E-1 4.48964E-1 4.46392E-1 4.45093E-1 4.39805E-1 4.36776E-1 4.34393E-1 4.34168E-1 4.299E-1 4.30093E-1 4.17228E-1 4.17518E-1 4.22901E-1 4.29577E-1 4.3458E-1 4.35584E-1 4.46202E-1 4.36129E-1 4.23386E-1 4.18602E-1 4.16651E-1 4.16526E-1 4.21108E-1 4.24962E-1 4.13941E-1 4.13978E-1 4.22583E-1 4.12848E-1 4.12787E-1 4.13433E-1
-9999 -9999 -9999 -9999 -9999 -9999 -9999 -9999 -9999 -9999 7.23642E-1 7.07372E-1 7.00519E-1 6.84869E-1 6.79475E-1 6.79445E-1 6.6414E-1 6.50622E-1 6.38535E-1 6.35434E-1 -9999 6.16353E-1 6.01917E-1 5.94163E-1 5.85573E-1 5.83882E-1 5.63858E-1 5.69191E-1 5.61791E-1 5.4889E-1 5.43869E-1 5.31671E-1 5.29688E-1 5.23878E-1 5.15943E-1 5.00449E-1 4.92456E-1 4.92746E-1 4.72891E-1 4.74708E-1 4.71441E-1 4.78608E-1 4.63361E-1 4.58413E-1 4.51026E-1 4.49248E-1 4.48108E-1 4.39332E-1 4.43148E-1 4.39922E-1 4.35089E-1 4.33735E-1 4.29946E-1 4.29711E-1 4.28721E-1 4.37457E-1 4.33307E-1 4.4362E-1 4.30543E-1 4.33383E-1 4.2342E-1 4.22298E-1 4.24257E-1 4.19733E-1 4.16661E-1 4.22544E-1 4.14146E-1 4.12956E-1 4.20142E-1 4.19176E-1 4.22905E-1 4.14503E-1
-9999 -9999 -9999 -9999 -9999 -9999 -9999 7.40732E-1 7.30813E-1 7.15475E-1 7.14064E-1 7.13825E-1 7.094E-1 6.93913E-1 6.85704E-1 6.73091E-1 6.75384E-1 6.56709E-1 6.43165E-1 6.27755E-1 6.25874E-1 -9999 6.15135E-1 5.95437E-1 5.85628E-1 5.84007E-1 5.81502E-1 5.72972E-1 5.64538E-1 5.55107E-1 5.40039E-1 5.38692E-1 5.26004E-1 5.21373E-1 5.16835E-1 5.21428E-1 4.97412E-1 4.93396E-1 4.77712E-1 4.79527E-1 4.75737E-1 4.75114E-1 4.80286E-1 4.74778E-1 4.5496E-1 4.54704E-1 4.54032E-1 4.53418E-1 4.50122E-1 4.50352E-1 4.51386E-1 4.37531E-1 4.37947E-1 4.40729E-1 4.4092E-1 4.40683E-1 4.30325E-1 4.35679E-1 4.27335E-1 4.28755E-1 4.28754E-1 4.29193E-1 4.21255E-1 4.22497E-1 4.17769E-1 4.27783E-1 4.26029E-1 4.21754E-1 4.22646E-1 4.23292E-1 4.21049E-1 4.01761E-1
-9999 -9999 -9999 -9999 -9999 7.33804E-1 7.50479E-1 7.36854E-1 7.22797E-1 7.18038E-1 7.07477E-1 7.00714E-1 7.11744E-1 6.9825E-1 6.81243E-1 6.78504E-1 6.76847E-1 6.61077E-1 6.42944E-1 6.37321E-1 6.35001E-1 6.34153E-1 6.10665E-1 6.01931E-1 5.97055E-1 5.91527E-1 5.86157E-1 5.71154E-1 5.56875E-1 5.61902E-1 5.38376E-1 5.40951E-1 5.29482E-1 5.32456E-1 5.21065E-1 5.12641E-1 5.02678E-1 5.00569E-1 4.97689E-1 4.83086E-1 4.80517E-1 4.75669E-1 4.69911E-1 4.71369E-1 4.75114E-1 4.56845E-1 4.57992E-1 4.5668E-1 4.52728E-1 4.57847E-1 4.49089E-1 4.40898E-1 4.36999E-1 4.33996E-1 4.44162E-1 4.4339E-1 4.44121E-1 4.51348E-1 4.30839E-1 4.29614E-1 4.28733E-1 4.24671E-1 4.26054E-1 4.23386E-1 4.21113E-1 4.20029E-1 4.20748E-1 4.27405E-1 4.31211E-1 4.20725E-1 4.23711E-1 4.14002E-1
-9999 -9999 -9999 7.46528E-1 7.49437E-1 7.40982E-1 7.34421E-1 7.37578E-1 7.30024E-1 7.16631E-1 7.14408E-1 6.97787E-1 6.95677E-1 6.98764E-1 6.90987E-1 6.74991E-1 6.72656E-1 6.62173E-1 6.52444E-1 6.43362E-1 6.40865E-1 6.29375E-1 6.34683E-1 6.17088E-1 5.94593E-1 5.94109E-1 5.88199E-1 5.68604E-1 5.66453E-1 5.61704E-1 5.58146E-1 5.49138E-1 5.28597E-1 5.29837E-1 5.26331E-1 5.17345E-1 5.11328E-1 5.00632E-1 5.02233E-1 4.90918E-1 4.79462E-1 4.77457E-1 4.76318E-1 4.79953E-1 4.69348E-1 4.62437E-1 4.59703E-1 4.67238E-1 4.55398E-1 4.50095E-1 4.46398E-1 4.49597E-1 4.4254E-1 4.51325E-1 4.49441E-1 4.52168E-1 4.48822E-1 4.48114E-1 4.43481E-1 4.31755E-1 4.27099E-1 4.32219E-1 4.25828E-1 4.22018E-1 4.21005E-1 4.18777E-1 4.20895E-1 4.17245E-1 4.32651E-1 4.21503E-1 4.20072E-1 4.07719E-1
-9999 -9999 7.57365E-1 7.51112E-1 7.54282E-1 7.35476E-1 7.4355E-1 7.40718E-1 7.33451E-1 7.18826E-1 7.1843E-1 7.02537E-1 6.90824E-1 7.08686E-1 6.83972E-1 6.72027E-1 6.63803E-1 6.64014E-1 6.56829E-1 6.50412E-1 6.36104E-1 6.2981E-1 6.17886E-1 6.15703E-1 6.01453E-1 5.97904E-1 5.9164E-1 5.8003E-1 5.76274E-1 5.61455E-1 5.6116E-1 5.49582E-1 5.52095E-1 5.26851E-1 5.31866E-1 5.27631E-1 5.15829E-1 5.13951E-1 5.06849E-1 5.02869E-1 4.85394E-1 4.80106E-1 4.84269E-1 4.75495E-1 4.66588E-1 4.60377E-1 4.57967E-1 4.61354E-1 4.70513E-1 4.57335E-1 4.53231E-1 4.51711E-1 4.4503E-1 4.5311E-1 4.52749E-1 4.5846E-1 4.5428E-1 4.49185E-1 4.35829E-1 4.31798E-1 4.33004E-1 4.32548E-1 4.31037E-1 4.2626E-1 4.27915E-1 4.24925E-1 4.25258E-1 4.20487E-1 4.2949E-1 4.25118E-1 4.20454E-1 4.08492E-1
-9999 7.55358E-1 7.56985E-1 7.50602E-1 7.49124E-1 7.40229E-1 7.47975E-1 7.39184E-1 7.39E-1 7.1449E-1 7.00957E-1 7.0904E-1 6.95726E-1 6.83305E-1 6.86409E-1 6.78181E-1 6.64431E-1 6.65972E-1 6.50895E-1 6.49684E-1 6.39556E-1 6.36991E-1 6.32504E-1 6.24139E-1 6.01758E-1 6.05921E-1 5.96876E-1 5.81558E-1 5.85514E-1 5.79898E-1 5.67472E-1 5.62231E-1 5.45501E-1 5.43362E-1 5.3261E-1 5.3114E-1 5.26753E-1 5.19187E-1 5.07999E-1 5.1319E-1 5.00928E-1 5.00723E-1 4.89518E-1 4.91672E-1 4.76552E-1 4.71716E-1 4.74409E-1 4.58466E-1 4.65401E-1 4.59434E-1 4.552E-1 4.57222E-1 4.52193E-1 4.52254E-1 4.50619E-1 4.60083E-1 4.54939E-1 4.49576E-1 4.54695E-1 4.39987E-1 4.34396E-1 4.35904E-1 4.32861E-1 4.29415E-1 4.26825E-1 4.21799E-1 4.27294E-1 4.21794E-1 4.21628E-1 4.27093E-1 4.21653E-1 4.18779E-1
7.6969E-1 7.66048E-1 7.56175E-1 7.54476E-1 7.50853E-1 7.45917E-1 7.49779E-1 7.37419E-1 7.25875E-1 7.22198E-1 7.03285E-1 6.97676E-1 6.90897E-1 6.88513E-1 6.9254E-1 6.83729E-1 6.67989E-1 6.68266E-1 6.62244E-1 6.57714E-1 6.45716E-1 6.41806E-1 6.3038E-1 6.228E-1 6.03078E-1 6.09628E-1 5.93142E-1 5.98035E-1 5.8813E-1 5.86067E-1 5.85366E-1 5.65801E-1 5.55131E-1 5.47297E-1 5.52787E-1 5.33151E-1 5.36706E-1 5.33611E-1 5.32254E-1 5.19083E-1 5.1417E-1 5.01452E-1 4.93855E-1 4.9404E-1 4.88389E-1 4.69241E-1 4.78003E-1 4.76422E-1 4.69381E-1 4.59554E-1 4.63783E-1 4.57685E-1 4.47424E-1 4.58584E-1 4.58752E-1 4.59843E-1 4.59397E-1 4.51467E-1 4.4518E-1 4.54059E-1 4.36793E-1 4.32252E-1 4.39185E-1 4.33435E-1 4.25308E-1 4.24339E-1 4.22459E-1 4.16335E-1 4.24386E-1 4.28296E-1 4.22798E-1 4.24458E-1
7.72394E-1 7.64503E-1 7.56136E-1 7.50415E-1 7.43762E-1 7.33494E-1 7.34491E-1 7.40351E-1 7.27917E-1 7.26125E-1 7.13164E-1 6.98587E-1 6.93337E-1 6.92115E-1 6.9635E-1 6.8944E-1 6.7092E-1 6.66519E-1 6.52101E-1 6.63749E-1 6.56152E-1 6.42697E-1 6.31202E-1 6.21631E-1 6.09955E-1 6.12343E-1 5.97093E-1 5.96017E-1 5.9222E-1 5.98157E-1 5.84163E-1 5.72874E-1 5.55465E-1 5.54484E-1 5.46137E-1 5.51657E-1 5.4651E-1 5.37817E-1 5.28215E-1 5.30124E-1 5.22638E-1 5.11531E-1 4.94127E-1 4.93831E-1 4.88542E-1 4.86741E-1 4.70707E-1 4.73479E-1 4.79746E-1 4.6804E-1 4.58481E-1 4.58014E-1 4.56728E-1 4.60754E-1 4.6096E-1 4.62769E-1 4.4945E-1 4.46823E-1 4.41758E-1 4.40178E-1 4.50805E-1 4.39281E-1 4.4467E-1 4.35982E-1 4.28244E-1 4.27254E-1 4.23399E-1 4.21205E-1 4.28338E-1 4.15252E-1 4.26169E-1 4.21249E-1
7.65412E-1 7.645E-1 7.60029E-1 7.513E-1 7.47683E-1 7.38747E-1 7.25381E-1 7.19441E-1 7.25054E-1 7.11905E-1 7.19326E-1 7.05937E-1 6.99826E-1 6.86772E-1 6.97627E-1 6.9133E-1 6.7405E-1 6.66033E-1 6.61531E-1 6.61531E-1 6.5795E-1 6.39364E-1 6.29775E-1 6.24393E-1 6.31085E-1 6.06034E-1 6.14663E-1 5.97693E-1 5.97247E-1 5.98415E-1 5.83631E-1 5.83359E-1 5.65619E-1 5.68062E-1 5.62755E-1 5.50883E-1 5.50543E-1 5.50619E-1 5.41716E-1 5.29005E-1 5.32274E-1 5.10448E-1 5.09408E-1 5.02195E-1 4.90999E-1 4.82756E-1 4.8791E-1 4.86486E-1 4.89226E-1 4.82428E-1 4.76713E-1 4.53541E-1 4.55011E-1 4.71532E-1 4.64799E-1 4.64975E-1 4.4384E-1 4.44526E-1 4.44343E-1 4.44288E-1 4.50734E-1 4.37158E-1 4.31617E-1 4.25573E-1 4.23007E-1 4.27089E-1 4.27352E-1 4.27767E-1 4.25143E-1 4.31307E-1 4.21714E-1 4.19966E-1
7.65453E-1 7.6148E-1 7.51872E-1 7.47616E-1 7.49331E-1 7.41195E-1 7.31055E-1 7.16505E-1 7.2653E-1 7.18141E-1 7.03902E-1 6.94963E-1 6.9182E-1 6.8725E-1 6.7807E-1 7.00611E-1 6.8455E-1 6.70368E-1 6.63154E-1 6.48511E-1 6.53618E-1 6.44272E-1 6.37365E-1 6.21362E-1 6.24657E-1 6.04762E-1 6.13181E-1 6.06559E-1 6.04971E-1 6.06517E-1 6.03504E-1 5.76452E-1 5.82082E-1 5.65139E-1 5.64632E-1 5.55783E-1 5.68657E-1 5.46726E-1 5.48817E-1 5.54641E-1 5.31178E-1 5.18916E-1 5.14981E-1 5.12455E-1 5.02134E-1 4.98302E-1 4.97936E-1 4.9286E-1 4.94278E-1 4.93196E-1 4.72766E-1 4.75692E-1 4.76951E-1 4.71478E-1 4.72484E-1 4.57579E-1 4.52512E-1 4.52259E-1 4.44756E-1 4.38067E-1 4.41941E-1 4.46809E-1 4.35199E-1 4.29675E-1 4.25185E-1 4.30475E-1 4.32389E-1 4.2145E-1 4.21291E-1 4.27341E-1 4.21374E-1 4.23146E-1
7.70837E-1 7.4617E-1 7.54656E-1 7.44771E-1 7.38427E-1 7.31421E-1 7.32356E-1 7.21392E-1 7.29743E-1 7.19681E-1 7.08588E-1 7.03183E-1 6.98605E-1 6.90257E-1 7.00328E-1 6.69734E-1 6.87417E-1 6.76557E-1 6.69797E-1 6.59924E-1 6.46034E-1 6.42957E-1 6.38831E-1 6.26005E-1 6.34154E-1 6.16451E-1 6.10356E-1 6.08782E-1 5.99654E-1 6.11259E-1 6.09129E-1 5.97707E-1 5.85091E-1 5.65465E-1 5.72184E-1 5.72746E-1 5.70291E-1 5.57545E-1 5.4461E-1 5.49433E-1 5.51573E-1 5.34586E-1 5.17461E-1 5.28359E-1 5.07946E-1 5.04785E-1 5.16676E-1 5.07881E-1 4.90094E-1 4.89328E-1 4.78605E-1 4.7878E-1 4.8139E-1 4.66691E-1 4.57433E-1 4.57363E-1 4.61123E-1 4.61662E-1 4.52403E-1 4.4309E-1 4.51549E-1 4.49771E-1 4.29269E-1 4.28745E-1 4.3923E-1 4.33343E-1 4.27972E-1 4.27022E-1 4.27568E-1 4.27053E-1 4.22344E-1 4.23103E-1
7.56154E-1 7.50919E-1 7.42869E-1 7.51737E-1 7.44667E-1 7.34441E-1 7.27855E-1 7.15226E-1 7.02826E-1 7.24778E-1 7.15244E-1 7.02641E-1 6.94363E-1 6.79539E-1 7.03754E-1 6.6657E-1 6.93634E-1 6.81722E-1 6.70943E-1 6.60299E-1 6.44825E-1 6.52274E-1 6.39547E-1 6.46471E-1 6.32774E-1 6.25989E-1 6.28426E-1 6.15403E-1 6.07326E-1 6.10628E-1 6.07215E-1 5.92647E-1 5.85785E-1 5.81682E-1 5.76232E-1 5.79089E-1 5.74191E-1 5.66986E-1 5.59228E-1 5.67184E-1 5.42668E-1 5.36223E-1 5.32264E-1 5.32792E-1 5.10752E-1 5.11018E-1 5.20431E-1 5.21586E-1 4.99661E-1 4.89987E-1 4.885E-1 4.81156E-1 4.84558E-1 4.79246E-1 4.68761E-1 4.61719E-1 4.60324E-1 4.56943E-1 4.49044E-1 4.53402E-1 4.5132E-1 4.52392E-1 4.3445E-1 4.28772E-1 4.28541E-1 4.28704E-1 4.225E-1 4.28725E-1 4.27429E-1 4.31002E-1 4.30957E-1 4.29253E-1
7.51452E-1 7.47442E-1 7.34199E-1 7.54198E-1 7.46724E-1 7.39038E-1 7.24277E-1 7.18361E-1 7.24197E-1 7.17942E-1 7.14586E-1 7.03293E-1 6.93376E-1 6.80641E-1 6.87001E-1 6.86329E-1 6.85068E-1 6.79221E-1 6.68957E-1 6.55673E-1 6.55492E-1 6.53459E-1 6.39901E-1 6.49116E-1 6.35213E-1 6.29334E-1 6.24897E-1 6.27829E-1 6.13373E-1 6.24592E-1 6.09704E-1 6.07936E-1 6.01798E-1 5.986E-1 5.95497E-1 5.82512E-1 5.83694E-1 5.64052E-1 5.6594E-1 5.65693E-1 5.60393E-1 5.51071E-1 5.37219E-1 5.39088E-1 5.2208E-1 5.19301E-1 5.17148E-1 5.19243E-1 5.07586E-1 4.9681E-1 4.95547E-1 4.93183E-1 4.77704E-1 4.83331E-1 4.79304E-1 4.73591E-1 4.56495E-1 4.52145E-1 4.48233E-1 4.59953E-1 4.52322E-1 4.4836E-1 4.43293E-1 4.36897E-1 4.27691E-1 4.2442E-1 4.17059E-1 4.30333E-1 4.23068E-1 4.25956E-1 4.29054E-1 4.21604E-1
7.54976E-1 7.46534E-1 7.42945E-1 7.49891E-1 7.37887E-1 7.4091E-1 7.30544E-1 7.33236E-1 7.14694E-1 7.14951E-1 7.084E-1 7.04635E-1 6.98974E-1 6.83381E-1 6.90273E-1 6.88789E-1 6.84865E-1 6.82688E-1 6.66342E-1 6.69377E-1 6.6137E-1 6.53008E-1 6.50631E-1 6.38341E-1 6.40547E-1 6.50929E-1 6.29093E-1 6.33512E-1 6.31015E-1 6.23918E-1 6.20824E-1 6.16671E-1 6.07986E-1 6.07033E-1 6.07593E-1 5.96265E-1 5.8335E-1 5.80135E-1 5.82331E-1 5.61457E-1 5.64075E-1 5.51367E-1 5.51901E-1 5.44296E-1 5.38406E-1 5.26759E-1 5.30614E-1 5.23856E-1 5.05206E-1 5.11896E-1 4.94762E-1 4.95387E-1 4.90457E-1 4.78014E-1 4.75512E-1 4.71681E-1 4.55522E-1 4.57175E-1 4.57146E-1 4.57005E-1 4.453E-1 4.42193E-1 4.45108E-1 4.4039E-1 4.32103E-1 4.27873E-1 4.21249E-1 4.32241E-1 4.30068E-1 4.29794E-1 4.30009E-1 4.23096E-1
7.59145E-1 7.67333E-1 7.61631E-1 7.53602E-1 7.39056E-1 7.33368E-1 7.30222E-1 7.18093E-1 7.14354E-1 7.20079E-1 7.10883E-1 7.08587E-1 6.98991E-1 6.8914E-1 6.91813E-1 6.75166E-1 6.95631E-1 6.86931E-1 6.69943E-1 6.69445E-1 6.49136E-1 6.50134E-1 6.5561E-1 6.53544E-1 6.55034E-1 6.32407E-1 6.35526E-1 6.40194E-1 6.37041E-1 6.24616E-1 6.23234E-1 6.22891E-1 6.0785E-1 6.10715E-1 6.06943E-1 6.05214E-1 6.00124E-1 6.00206E-1 5.7991E-1 5.81014E-1 5.72299E-1 5.63483E-1 5.6457E-1 5.61152E-1 5.51206E-1 5.43077E-1 5.36992E-1 5.23037E-1 5.07229E-1 5.07558E-1 5.13148E-1 4.94016E-1 4.93707E-1 4.86636E-1 4.72727E-1 4.62961E-1 4.6427E-1 4.62243E-1 4.60809E-1 4.56247E-1 4.51522E-1 4.4479E-1 4.51842E-1 4.4344E-1 4.3615E-1 4.30434E-1 4.29323E-1 4.29656E-1 4.3245E-1 4.25884E-1 4.28918E-1 4.26322E-1
7.68502E-1 7.71496E-1 7.61576E-1 7.52715E-1 7.39303E-1 7.30749E-1 7.30736E-1 7.18332E-1 7.3297E-1 7.21757E-1 7.16306E-1 7.07481E-1 7.05419E-1 6.92068E-1 6.94738E-1 6.77226E-1 6.79119E-1 6.86383E-1 6.53238E-1 6.7037E-1 6.63022E-1 6.57788E-1 6.64928E-1 6.4743E-1 6.46572E-1 6.53028E-1 6.46241E-1 6.41234E-1 6.36985E-1 6.32397E-1 6.25334E-1 6.30529E-1 6.27733E-1 6.25806E-1 6.29227E-1 6.03984E-1 6.10804E-1 6.08105E-1 5.95739E-1 5.83722E-1 5.86309E-1 5.76104E-1 5.59409E-1 5.66622E-1 5.54768E-1 5.54452E-1 5.46293E-1 5.20327E-1 5.24796E-1 5.25831E-1 5.24537E-1 5.06174E-1 4.85427E-1 4.85045E-1 4.84186E-1 4.85354E-1 4.70828E-1 4.67752E-1 4.67819E-1 4.67611E-1 4.56988E-1 4.52647E-1 4.52742E-1 4.43177E-1 4.43219E-1 4.36533E-1 4.27175E-1 4.25583E-1 4.24952E-1 4.15296E-1 4.2479E-1 4.19999E-1
7.7024E-1 7.72403E-1 7.61623E-1 7.51352E-1 7.44772E-1 7.30189E-1 7.34511E-1 7.19677E-1 7.19152E-1 7.21563E-1 7.20146E-1 7.05466E-1 7.10031E-1 6.91778E-1 6.95619E-1 6.77342E-1 6.82915E-1 6.68741E-1 6.81764E-1 6.642E-1 6.59779E-1 6.56905E-1 6.68036E-1 6.67098E-1 6.56926E-1 6.4849E-1 6.46903E-1 6.43711E-1 6.45695E-1 6.47009E-1 6.48443E-1 6.44181E-1 6.43972E-1 6.43713E-1 6.2189E-1 6.21946E-1 6.26484E-1 6.20381E-1 6.0255E-1 6.02435E-1 5.91242E-1 5.827E-1 5.85856E-1 5.71476E-1 5.6245E-1 5.59391E-1 5.51478E-1 5.40852E-1 5.40117E-1 5.31545E-1 5.28958E-1 5.22229E-1 5.02581E-1 4.96997E-1 4.95236E-1 4.90148E-1 4.71782E-1 4.6674E-1 4.62551E-1 4.70315E-1 4.58094E-1 4.6283E-1 4.53699E-1 4.58213E-1 4.46246E-1 4.36126E-1 4.27385E-1 4.29474E-1 4.28366E-1 4.20449E-1 4.23586E-1 4.26538E-1
7.7205E-1 7.65206E-1 7.64452E-1 7.49634E-1 7.45785E-1 7.31595E-1 7.25029E-1 7.13532E-1 7.19053E-1 7.26117E-1 7.21183E-1 7.10122E-1 7.06718E-1 6.91258E-1 6.98712E-1 6.99676E-1 6.95734E-1 6.72059E-1 6.8034E-1 6.80724E-1 6.64283E-1 6.63028E-1 6.57521E-1 6.64123E-1 6.59931E-1 6.54718E-1 6.4943E-1 6.50477E-1 6.48221E-1 6.52099E-1 6.55911E-1 6.57829E-1 6.40247E-1 6.44547E-1 6.44326E-1 6.37015E-1 6.38453E-1 6.17509E-1 6.15387E-1 -9999 -9999 5.89688E-1 5.82889E-1 5.75664E-1 5.76498E-1 5.70623E-1 5.6063E-1 5.59559E-1 5.4417E-1 5.46451E-1 5.24443E-1 5.24262E-1 5.04419E-1 5.00444E-1 4.99441E-1 4.89704E-1 4.83228E-1 4.69455E-1 4.65749E-1 4.74528E-1 4.66214E-1 4.65223E-1 4.6199E-1 4.57607E-1 4.41564E-1 4.37463E-1 4.39087E-1 4.31859E-1 4.36919E-1 4.31114E-1 4.22012E-1 4.23919E-1
7.7573E-1 7.69045E-1 7.49644E-1 7.44659E-1 7.50815E-1 7.33701E-1 7.26532E-1 7.23526E-1 7.14813E-1 7.02098E-1 7.17036E-1 7.14058E-1 7.1211E-1 7.05038E-1 6.95204E-1 6.78935E-1 6.76332E-1 6.96015E-1 6.80563E-1 6.829E-1 6.73661E-1 6.74335E-1 6.67288E-1 6.61961E-1 6.51035E-1 6.57777E-1 6.49273E-1 -9999 -9999 -9999 6.48506E-1 6.51057E-1 6.49237E-1 6.53973E-1 6.51745E-1 6.47936E-1 6.42068E-1 -9999 -9999 -9999 -9999 -9999 -9999 -9999 5.773E-1 -9999 5.70858E-1 5.66936E-1 5.59182E-1 5.52374E-1 5.3951E-1 5.22565E-1 5.14878E-1 5.14287E-1 5.09512E-1 5.0127E-1 4.9511E-1 4.84766E-1 4.85855E-1 4.74773E-1 4.6875E-1 4.65978E-1 4.60119E-1 4.59931E-1 4.48844E-1 4.50426E-1 4.51824E-1 4.47648E-1 4.29798E-1 4.31619E-1 4.31291E-1 4.2569E-1
7.68863E-1 7.78903E-1 7.50629E-1 7.62841E-1 7.53396E-1 7.40052E-1 7.28938E-1 7.28324E-1 7.18054E-1 7.14709E-1 7.13652E-1 7.14113E-1 7.07484E-1 7.04901E-1 7.01798E-1 6.85348E-1 6.7776E-1 6.93647E-1 6.98664E-1 6.80566E-1 6.80729E-1 6.71452E-1 6.61777E-1 6.62669E-1 6.6774E-1 6.55187E-1 -9999 -9999 -9999 -9999 -9999 -9999 6.57459E-1 6.43333E-1 6.43718E-1 -9999 -9999 -9999 -9999 -9999 -9999 -9999 -9999 -9999 -9999 -9999 5.82719E-1 5.79781E-1 5.7341E-1 5.58024E-1 5.41467E-1 5.36898E-1 5.38293E-1 5.2057E-1 5.07831E-1 5.03173E-1 5.05678E-1 4.93891E-1 4.95403E-1 4.84323E-1 4.64533E-1 4.66296E-1 4.61323E-1 4.56389E-1 4.51422E-1 4.53777E-1 4.492E-1 4.49592E-1 4.43879E-1 4.3376E-1 4.32103E-1 4.28489E-1
7.6951E-1 7.63115E-1 7.52791E-1 7.62599E-1 7.52097E-1 7.34828E-1 7.37426E-1 7.28421E-1 7.18869E-1 7.17479E-1 7.06191E-1 7.25161E-1 7.16318E-1 7.06447E-1 7.00124E-1 6.95467E-1 6.86199E-1 6.87517E-1 6.96563E-1 6.94006E-1 6.8129E-1 6.87129E-1 6.73551E-1 6.73697E-1 -9999 -9999 -9999 -9999 -9999 -9999 -9999 -9999 -9999 -9999 -9999 -9999 -9999 -9999 -9999 -9999 -9999 -9999 -9999 -9999 -9999 -9999 -9999 5.85766E-1 5.79466E-1 5.64556E-1 5.53945E-1 5.48341E-1 5.44368E-1 5.39189E-1 5.24239E-1 5.05502E-1 5.00848E-1 5.07856E-1 4.90888E-1 4.87166E-1 4.78734E-1 4.75559E-1 4.72781E-1 4.5746E-1 4.51571E-1 4.48851E-1 4.47736E-1 4.43901E-1 4.43294E-1 4.26735E-1 4.23542E-1 4.23245E-1
7.86317E-1 7.6659E-1 7.51652E-1 7.65275E-1 7.51752E-1 7.5671E-1 7.38941E-1 7.53849E-1 7.50315E-1 7.18987E-1 7.21544E-1 7.21198E-1 7.09861E-1 7.1058E-1 7.00084E-1 6.99362E-1 7.01158E-1 6.91203E-1 6.89954E-1 7.02271E-1 6.96219E-1 6.95192E-1 6.95566E-1 6.88155E-1 -9999 -9999 -9999 -9999 -9999 -9999 -9999 -9999 -9999 -9999 -9999 -9999 -9999 -9999 -9999 -9999 -9999 -9999 -9999 -9999 -9999 -9999 -9999 -9999 5.81311E-1 5.8564E-1 5.67938E-1 5.5233E-1 5.57184E-1 5.43881E-1 5.29924E-1 5.21585E-1 5.17374E-1 5.03031E-1 5.02039E-1 5.04015E-1 4.85036E-1 4.8255E-1 4.73881E-1 4.72864E-1 4.55197E-1 4.58571E-1 4.51327E-1 4.44091E-1 4.40103E-1 4.38753E-1 4.29554E-1 4.32661E-1
