Artocarpus altilis SDM files/Last interglacial/results (with bias file)/Artalt_0.asc
ncols         1201
nrows         481
xllcorner     119.99986351115
yllcorner     -15.00013864885
cellsize      0.041666667
NODATA_value  -9999
[rows 192 to 223 of 481, columns 504 to 575 of 1201]
3.61805E-1 3.58806E-1 3.62434E-1 3.54865E-1 3.5627E-1 3.65165E-1 3.76823E-1 3.79409E-1 3.88535E-1 3.97314E-1 3.79409E-1 3.90266E-1 3.86315E-1 3.72482E-1 3.65575E-1 3.47816E-1 2.42176E-1 1.87076E-1 2.14082E-1 2.5993E-1 3.12483E-1 4.30726E-1 4.83129E-1 5.08863E-1 5.23678E-1 -9999 -9999 -9999 -9999 -9999 -9999 -9999 -9999 -9999 -9999 -9999 -9999 -9999 -9999 -9999 -9999 -9999 -9999 -9999 -9999 -9999 -9999 -9999 -9999 -9999 -9999 -9999 -9999 -9999 -9999 -9999 -9999 -9999 -9999 -9999 -9999 -9999 -9999 -9999 -9999 -9999 -9999 -9999 -9999 -9999 -9999 -9999
3.37654E-1 3.38868E-1 3.47124E-1 3.39817E-1 3.36483E-1 3.47568E-1 3.66284E-1 3.72174E-1 3.66638E-1 3.65359E-1 3.65231E-1 3.65676E-1 3.61114E-1 3.73531E-1 3.68968E-1 3.79329E-1 2.8275E-1 2.35116E-1 2.52463E-1 2.54288E-1 2.66652E-1 2.91493E-1 2.57362E-1 4.43638E-1 5.02024E-1 5.17591E-1 5.27682E-1 -9999 -9999 -9999 -9999 -9999 -9999 -9999 -9999 -9999 -9999 -9999 -9999 -9999 -9999 -9999 -9999 -9999 -9999 -9999 -9999 -9999 -9999 -9999 -9999 -9999 -9999 -9999 -9999 -9999 -9999 -9999 -9999 -9999 -9999 -9999 -9999 -9999 -9999 -9999 -9999 -9999 -9999 -9999 -9999 -9999
3.10106E-1 3.12273E-1 3.23629E-1 3.27934E-1 3.37598E-1 3.30719E-1 3.45568E-1 3.5397E-1 3.5179E-1 3.51695E-1 3.45185E-1 3.5391E-1 3.43958E-1 3.67358E-1 3.71505E-1 3.70744E-1 3.65307E-1 3.74778E-1 4.08907E-1 4.02927E-1 4.25693E-1 4.28386E-1 4.46414E-1 4.64806E-1 4.73339E-1 4.89144E-1 5.08665E-1 5.26438E-1 -9999 -9999 -9999 -9999 -9999 -9999 -9999 -9999 -9999 -9999 -9999 -9999 -9999 -9999 -9999 -9999 -9999 -9999 -9999 -9999 -9999 -9999 -9999 -9999 -9999 -9999 -9999 -9999 -9999 -9999 -9999 -9999 -9999 -9999 -9999 -9999 -9999 -9999 -9999 -9999 -9999 -9999 -9999 -9999
2.35437E-1 2.55945E-1 2.68865E-1 2.83438E-1 2.6412E-1 2.98021E-1 3.25962E-1 3.18141E-1 3.24617E-1 3.16701E-1 3.279E-1 3.23127E-1 3.28224E-1 3.26852E-1 3.41584E-1 3.46643E-1 3.47284E-1 3.80612E-1 3.81915E-1 3.90717E-1 4.09762E-1 4.37396E-1 4.57056E-1 4.52042E-1 4.87441E-1 4.82836E-1 4.96922E-1 5.11734E-1 5.28483E-1 5.41179E-1 5.42939E-1 -9999 -9999 5.87863E-1 -9999 -9999 -9999 -9999 -9999 -9999 -9999 -9999 -9999 -9999 -9999 -9999 -9999 -9999 -9999 -9999 -9999 -9999 -9999 -9999 -9999 -9999 -9999 -9999 -9999 -9999 -9999 -9999 -9999 -9999 -9999 -9999 -9999 -9999 -9999 -9999 -9999 -9999
1.41429E-1 1.7891E-1 1.8206E-1 2.6496E-1 2.64112E-1 2.60568E-1 2.44251E-1 2.37752E-1 2.3554E-1 2.46516E-1 2.38156E-1 2.30421E-1 2.34757E-1 2.4629E-1 2.49124E-1 2.57507E-1 2.72402E-1 3.15813E-1 3.50522E-1 3.25672E-1 3.83415E-1 4.09749E-1 4.22365E-1 3.96495E-1 4.27622E-1 4.68834E-1 4.85065E-1 4.87751E-1 5.10829E-1 5.29371E-1 5.28107E-1 5.52834E-1 5.57264E-1 5.72274E-1 5.903E-1 -9999 -9999 -9999 -9999 -9999 -9999 -9999 -9999 -9999 -9999 -9999 -9999 -9999 -9999 -9999 -9999 -9999 -9999 -9999 -9999 -9999 -9999 -9999 -9999 -9999 -9999 -9999 -9999 -9999 -9999 -9999 -9999 -9999 -9999 -9999 -9999 -9999
1.64159E-1 1.27651E-1 1.46966E-1 1.8573E-1 1.87579E-1 1.81385E-1 1.90187E-1 2.48872E-1 2.24925E-1 2.32992E-1 1.76218E-1 2.64676E-1 2.50368E-1 1.88793E-1 1.80225E-1 1.96973E-1 2.23308E-1 3.07613E-1 3.22154E-1 3.06803E-1 3.2137E-1 3.47923E-1 3.7237E-1 4.07964E-1 3.8082E-1 4.43709E-1 4.63136E-1 4.65024E-1 4.89641E-1 5.10192E-1 5.16058E-1 5.29519E-1 5.4791E-1 5.63517E-1 5.82326E-1 5.79001E-1 -9999 -9999 -9999 -9999 -9999 -9999 -9999 -9999 -9999 -9999 -9999 -9999 -9999 -9999 -9999 -9999 -9999 6.50644E-1 6.14577E-1 -9999 -9999 -9999 -9999 -9999 -9999 -9999 -9999 -9999 -9999 -9999 -9999 -9999 -9999 -9999 -9999 -9999
1.95288E-1 1.86412E-1 1.68112E-1 1.26575E-1 1.32377E-1 1.47627E-1 1.22024E-1 1.35707E-1 1.80793E-1 2.67385E-1 2.47955E-1 2.70093E-1 2.40998E-1 2.28622E-1 2.30657E-1 1.67835E-1 1.87599E-1 2.92846E-1 2.64426E-1 2.60533E-1 3.25027E-1 3.42073E-1 3.8654E-1 3.89017E-1 4.0401E-1 4.15785E-1 3.93282E-1 4.28645E-1 4.51549E-1 4.45269E-1 4.67234E-1 5.05337E-1 5.18261E-1 5.42744E-1 5.54472E-1 5.68971E-1 5.81888E-1 5.88976E-1 -9999 -9999 -9999 -9999 -9999 -9999 -9999 -9999 -9999 -9999 -9999 -9999 -9999 -9999 -9999 6.27189E-1 6.02111E-1 4.97484E-1 -9999 -9999 -9999 -9999 -9999 -9999 -9999 -9999 -9999 -9999 -9999 -9999 -9999 -9999 -9999 -9999
2.16686E-1 1.95304E-1 1.71463E-1 1.76658E-1 1.59217E-1 1.57683E-1 1.65618E-1 1.83828E-1 2.02741E-1 2.68161E-1 2.46027E-1 2.69081E-1 2.41035E-1 2.54697E-1 2.33699E-1 1.64975E-1 1.64042E-1 1.89954E-1 2.40202E-1 2.33677E-1 2.37812E-1 2.75662E-1 3.4898E-1 3.56976E-1 3.64714E-1 3.85175E-1 3.86147E-1 4.10715E-1 4.29345E-1 4.44111E-1 4.70594E-1 4.86063E-1 4.94521E-1 5.282E-1 5.48346E-1 5.57043E-1 5.69252E-1 5.66101E-1 5.78053E-1 5.86548E-1 5.93491E-1 -9999 -9999 -9999 -9999 -9999 -9999 -9999 -9999 -9999 -9999 -9999 -9999 -9999 -9999 5.4301E-1 -9999 -9999 -9999 -9999 -9999 -9999 -9999 -9999 -9999 -9999 -9999 -9999 -9999 -9999 -9999 -9999
2.08154E-1 2.3464E-1 2.46182E-1 2.47515E-1 2.53094E-1 2.53553E-1 2.72E-1 2.70882E-1 2.71311E-1 2.75634E-1 2.53489E-1 2.53994E-1 2.57202E-1 2.58587E-1 2.06666E-1 2.06637E-1 2.03601E-1 1.49576E-1 1.40876E-1 2.08496E-1 2.29576E-1 2.24216E-1 3.25007E-1 3.34506E-1 2.6992E-1 2.82314E-1 2.98866E-1 3.59885E-1 4.04539E-1 4.40381E-1 4.65272E-1 4.70402E-1 4.95123E-1 5.0258E-1 5.16113E-1 5.32746E-1 5.23326E-1 5.28723E-1 5.2322E-1 5.26862E-1 5.53743E-1 5.89533E-1 5.94085E-1 5.945E-1 6.0218E-1 -9999 -9999 -9999 -9999 -9999 -9999 -9999 -9999 -9999 -9999 -9999 -9999 -9999 -9999 -9999 6.14508E-1 3.85401E-1 -9999 -9999 -9999 -9999 -9999 -9999 -9999 -9999 -9999 -9999
2.21449E-1 2.33945E-1 2.19316E-1 2.42581E-1 2.57272E-1 2.59592E-1 2.72277E-1 2.80076E-1 2.76216E-1 2.74927E-1 2.73495E-1 2.80263E-1 2.68659E-1 2.65842E-1 2.4808E-1 2.57905E-1 2.39428E-1 2.07842E-1 2.01636E-1 1.88623E-1 1.67472E-1 2.48146E-1 2.84818E-1 3.14082E-1 2.41356E-1 2.07228E-1 2.13952E-1 2.76095E-1 3.29942E-1 3.58572E-1 3.36102E-1 3.89872E-1 3.85299E-1 3.9628E-1 4.4765E-1 4.10822E-1 3.45947E-1 3.55804E-1 4.13944E-1 3.56444E-1 4.1511E-1 4.70591E-1 5.22843E-1 5.19117E-1 5.36594E-1 5.6845E-1 5.81505E-1 5.58647E-1 5.81856E-1 6.09559E-1 6.13864E-1 6.31019E-1 6.36281E-1 -9999 -9999 -9999 -9999 -9999 -9999 4.79095E-1 4.54523E-1 3.24192E-1 4.56652E-1 -9999 -9999 -9999 -9999 -9999 -9999 -9999 -9999 -9999
2.27764E-1 2.25733E-1 2.37821E-1 2.48629E-1 2.66889E-1 2.69116E-1 2.67985E-1 2.68647E-1 2.71108E-1 2.70411E-1 2.81581E-1 2.80109E-1 2.77681E-1 2.75178E-1 2.72572E-1 2.74172E-1 2.54576E-1 2.39709E-1 2.28452E-1 1.69673E-1 2.3738E-1 2.23164E-1 2.70556E-1 2.30874E-1 2.43148E-1 2.15022E-1 2.09362E-1 1.91052E-1 2.09822E-1 2.54709E-1 2.19564E-1 2.38917E-1 2.52554E-1 2.93728E-1 3.37374E-1 3.23031E-1 3.19278E-1 2.8831E-1 3.57823E-1 3.94877E-1 3.90592E-1 3.46956E-1 3.64639E-1 3.79028E-1 3.6656E-1 4.22783E-1 5.0981E-1 5.38467E-1 5.42601E-1 5.25287E-1 5.78237E-1 5.85075E-1 5.828E-1 5.76626E-1 5.91313E-1 6.2658E-1 -9999 6.38524E-1 4.83887E-1 -9999 5.09153E-1 4.42524E-1 3.88931E-1 -9999 -9999 -9999 -9999 -9999 -9999 -9999 -9999 -9999
2.37449E-1 2.35472E-1 2.26784E-1 2.10445E-1 2.12012E-1 2.50766E-1 2.68163E-1 2.73607E-1 2.75887E-1 2.752E-1 2.75033E-1 2.83478E-1 2.81855E-1 2.76781E-1 2.77585E-1 2.71554E-1 2.72944E-1 2.68024E-1 2.64745E-1 2.66353E-1 2.69267E-1 2.72675E-1 2.59749E-1 2.54012E-1 2.14923E-1 1.90719E-1 2.4867E-1 2.38472E-1 2.06454E-1 1.61166E-1 2.32343E-1 2.56893E-1 2.05994E-1 2.5611E-1 3.26249E-1 3.74162E-1 3.63E-1 3.78748E-1 3.27908E-1 3.43739E-1 3.30792E-1 3.5903E-1 3.23072E-1 3.70086E-1 3.09774E-1 3.32915E-1 4.25405E-1 4.76508E-1 4.48507E-1 4.04215E-1 4.57984E-1 4.29802E-1 4.55835E-1 4.68294E-1 4.7266E-1 5.13586E-1 4.47038E-1 5.0608E-1 3.62803E-1 3.84794E-1 3.90703E-1 3.94726E-1 3.76167E-1 -9999 -9999 -9999 -9999 -9999 -9999 -9999 -9999 -9999
2.34555E-1 2.31141E-1 2.27281E-1 2.14694E-1 2.33516E-1 2.64736E-1 2.73052E-1 2.67678E-1 2.71035E-1 2.72292E-1 2.78848E-1 2.79239E-1 2.78116E-1 2.80327E-1 2.82461E-1 2.80036E-1 2.74301E-1 2.75575E-1 2.8991E-1 2.70733E-1 2.87017E-1 2.76614E-1 2.81874E-1 2.91757E-1 2.6974E-1 2.27359E-1 2.5692E-1 2.63713E-1 2.45184E-1 2.00125E-1 2.33219E-1 2.07102E-1 2.19691E-1 2.40168E-1 3.086E-1 3.83267E-1 3.7027E-1 3.68278E-1 3.84803E-1 3.77488E-1 3.44966E-1 2.60871E-1 3.0012E-1 3.77587E-1 3.55726E-1 4.14552E-1 4.19198E-1 4.44449E-1 4.01933E-1 4.20044E-1 4.53572E-1 4.38197E-1 3.79524E-1 3.39015E-1 2.30518E-1 3.18096E-1 3.21072E-1 3.1492E-1 3.17905E-1 4.13425E-1 3.87296E-1 3.96057E-1 -9999 -9999 -9999 -9999 -9999 -9999 -9999 -9999 -9999 -9999
2.30724E-1 2.19206E-1 2.18431E-1 2.14613E-1 2.31202E-1 2.63427E-1 2.52093E-1 2.58336E-1 2.78323E-1 2.76642E-1 2.75283E-1 2.74499E-1 2.81434E-1 2.75541E-1 2.79324E-1 2.86333E-1 2.79932E-1 2.78767E-1 2.88231E-1 2.65034E-1 2.87981E-1 2.75644E-1 2.86592E-1 2.92627E-1 2.82569E-1 2.83487E-1 2.97645E-1 2.86265E-1 2.87499E-1 2.9162E-1 2.59737E-1 3.25562E-1 3.64207E-1 3.4573E-1 3.57794E-1 3.71474E-1 3.73892E-1 3.88127E-1 3.91783E-1 4.06654E-1 3.89938E-1 3.68235E-1 3.82994E-1 3.9354E-1 4.11576E-1 4.12303E-1 3.92943E-1 3.60008E-1 3.77414E-1 3.94471E-1 3.99789E-1 4.4066E-1 4.06396E-1 3.14411E-1 3.37818E-1 3.68885E-1 3.89341E-1 3.81516E-1 4.27665E-1 3.99547E-1 4.20972E-1 4.00581E-1 -9999 -9999 -9999 -9999 -9999 -9999 -9999 -9999 -9999 -9999
2.08248E-1 2.0036E-1 2.03013E-1 2.10048E-1 2.28296E-1 2.39382E-1 2.39094E-1 2.61679E-1 2.71278E-1 2.71355E-1 2.78948E-1 2.77819E-1 2.77511E-1 2.8221E-1 2.83236E-1 2.79344E-1 2.87373E-1 2.87999E-1 2.82033E-1 2.76362E-1 2.81117E-1 2.87465E-1 2.95621E-1 2.91627E-1 2.85632E-1 2.88459E-1 2.99202E-1 3.10899E-1 3.05725E-1 3.20372E-1 3.24347E-1 3.39837E-1 3.48464E-1 3.51084E-1 3.40938E-1 3.61184E-1 3.6049E-1 3.65808E-1 4.00335E-1 3.71599E-1 4.06285E-1 3.77222E-1 3.69206E-1 3.51651E-1 3.41384E-1 3.81017E-1 4.43375E-1 4.16178E-1 3.6202E-1 3.94266E-1 3.82385E-1 4.1606E-1 3.82004E-1 3.78839E-1 4.42852E-1 4.39646E-1 4.23159E-1 3.7552E-1 4.92878E-1 4.86517E-1 4.28028E-1 4.80816E-1 4.91599E-1 4.95466E-1 4.44282E-1 -9999 -9999 -9999 -9999 -9999 -9999 -9999
1.92276E-1 2.07744E-1 2.02682E-1 2.04549E-1 2.13194E-1 2.20955E-1 2.31757E-1 2.60374E-1 2.70903E-1 2.7139E-1 2.55218E-1 2.66212E-1 2.76215E-1 2.82264E-1 2.86623E-1 2.85897E-1 2.84847E-1 2.94568E-1 2.83731E-1 2.74985E-1 2.86969E-1 2.92975E-1 2.98848E-1 2.78883E-1 2.84166E-1 2.9652E-1 3.02884E-1 3.24206E-1 2.99388E-1 2.69082E-1 3.15788E-1 3.08476E-1 3.22285E-1 3.53158E-1 3.56354E-1 3.52292E-1 3.54898E-1 3.61622E-1 3.80439E-1 3.66865E-1 3.85291E-1 3.98921E-1 3.9277E-1 4.06797E-1 4.20769E-1 4.27599E-1 4.33333E-1 4.36072E-1 4.41024E-1 4.25071E-1 3.9735E-1 3.05811E-1 3.02015E-1 2.72729E-1 3.06398E-1 3.88704E-1 2.66396E-1 2.79794E-1 3.63507E-1 3.56156E-1 3.73115E-1 5.04249E-1 5.40612E-1 4.28563E-1 4.4805E-1 5.78507E-1 -9999 -9999 -9999 -9999 -9999 -9999
2.1531E-1 2.22265E-1 2.31486E-1 1.98084E-1 1.96477E-1 2.22021E-1 2.28922E-1 2.61477E-1 2.69698E-1 2.67037E-1 2.55277E-1 2.65793E-1 2.77725E-1 2.79114E-1 2.77167E-1 2.85318E-1 2.89226E-1 2.80357E-1 2.79168E-1 2.67964E-1 2.77814E-1 2.92393E-1 2.80467E-1 2.90009E-1 2.93035E-1 3.00058E-1 3.04249E-1 3.11253E-1 2.92276E-1 2.91627E-1 3.05024E-1 3.04722E-1 3.19499E-1 3.24367E-1 3.33735E-1 3.52353E-1 3.58713E-1 3.73494E-1 3.93869E-1 3.80775E-1 3.78876E-1 3.74405E-1 3.92826E-1 4.00739E-1 4.0447E-1 4.19991E-1 4.26497E-1 4.40764E-1 4.36984E-1 4.36046E-1 4.366E-1 3.89385E-1 3.31379E-1 3.22333E-1 3.48667E-1 3.24896E-1 2.77269E-1 2.68112E-1 3.15489E-1 3.27578E-1 2.9638E-1 3.25023E-1 4.30817E-1 3.29342E-1 4.59359E-1 5.0048E-1 4.55567E-1 4.82266E-1 -9999 -9999 -9999 -9999
1.34962E-1 1.97118E-1 2.32228E-1 2.28705E-1 2.28783E-1 2.40431E-1 2.42417E-1 2.42891E-1 2.72313E-1 2.7283E-1 2.7628E-1 2.71939E-1 2.73587E-1 2.82449E-1 2.81463E-1 2.79925E-1 2.80823E-1 2.74762E-1 2.75531E-1 2.79161E-1 2.85213E-1 2.80858E-1 2.81202E-1 2.76978E-1 2.97525E-1 3.05291E-1 3.03686E-1 3.04896E-1 3.08001E-1 3.0451E-1 3.14909E-1 3.23954E-1 3.24408E-1 3.26626E-1 3.45259E-1 3.39917E-1 3.58919E-1 3.75678E-1 3.78713E-1 3.72034E-1 3.81104E-1 3.83018E-1 3.97528E-1 3.92166E-1 3.92478E-1 4.23424E-1 4.24763E-1 4.2327E-1 4.37328E-1 4.35881E-1 4.27279E-1 4.39974E-1 3.925E-1 3.80212E-1 3.71286E-1 3.5971E-1 3.54417E-1 3.08505E-1 3.14185E-1 3.16289E-1 3.28299E-1 3.17045E-1 3.2118E-1 3.05211E-1 3.27601E-1 3.68855E-1 4.57649E-1 5.30396E-1 5.49168E-1 5.52121E-1 -9999 -9999
1.47756E-1 1.66021E-1 2.03641E-1 2.44829E-1 2.41945E-1 2.43317E-1 2.3959E-1 2.56374E-1 2.71853E-1 2.75147E-1 2.70944E-1 2.75736E-1 2.74029E-1 2.75093E-1 2.72773E-1 2.82262E-1 2.81302E-1 2.80601E-1 2.88637E-1 2.85867E-1 2.83621E-1 2.92319E-1 2.93131E-1 2.85829E-1 2.95484E-1 3.05689E-1 3.11691E-1 3.02152E-1 3.00481E-1 3.05375E-1 3.18898E-1 3.14007E-1 3.26161E-1 3.32522E-1 3.4455E-1 3.41708E-1 3.55443E-1 3.662E-1 3.6975E-1 3.7199E-1 3.81785E-1 3.93448E-1 3.90947E-1 3.95402E-1 3.96687E-1 4.1663E-1 4.2517E-1 4.26047E-1 4.36283E-1 4.45783E-1 4.26391E-1 4.44588E-1 4.40029E-1 4.38394E-1 4.45057E-1 4.5003E-1 4.16149E-1 3.64736E-1 3.49152E-1 3.2337E-1 3.37033E-1 3.49266E-1 3.2178E-1 3.2738E-1 4.13013E-1 3.67484E-1 3.74161E-1 3.81339E-1 4.03969E-1 4.44561E-1 5.26166E-1 -9999
2.14577E-1 1.59115E-1 1.88601E-1 2.33272E-1 2.49584E-1 2.53729E-1 2.63134E-1 2.65557E-1 2.73093E-1 2.72196E-1 2.74556E-1 2.74938E-1 2.77374E-1 2.76476E-1 2.85938E-1 2.78244E-1 2.79814E-1 2.82905E-1 2.82599E-1 2.88855E-1 2.89283E-1 3.03472E-1 3.01778E-1 2.97939E-1 2.97978E-1 3.05434E-1 3.19275E-1 3.06175E-1 3.08931E-1 3.07262E-1 3.12619E-1 3.17963E-1 3.29554E-1 3.47857E-1 3.47726E-1 3.43213E-1 3.59206E-1 3.52937E-1 3.62482E-1 3.71657E-1 3.76157E-1 3.75486E-1 3.88076E-1 3.81664E-1 3.89318E-1 3.99324E-1 4.09086E-1 4.24304E-1 4.28971E-1 4.22078E-1 4.32894E-1 4.41247E-1 4.3902E-1 4.51629E-1 4.55142E-1 4.66943E-1 4.3476E-1 3.65248E-1 3.7492E-1 3.4842E-1 3.36749E-1 3.51833E-1 3.5718E-1 4.23447E-1 4.25842E-1 4.52485E-1 4.20622E-1 4.33328E-1 5.00986E-1 4.83656E-1 5.24084E-1 -9999
2.50683E-1 2.22878E-1 2.03484E-1 2.19753E-1 2.5334E-1 2.63271E-1 2.67822E-1 2.66817E-1 2.70042E-1 2.72501E-1 2.65821E-1 2.72799E-1 2.79544E-1 2.80327E-1 2.73311E-1 2.78338E-1 2.84005E-1 2.87414E-1 2.86744E-1 2.84181E-1 2.90708E-1 3.05583E-1 3.04334E-1 3.0027E-1 3.00045E-1 3.1229E-1 3.1276E-1 3.14205E-1 3.11802E-1 3.09965E-1 3.31245E-1 3.22163E-1 3.30468E-1 3.37981E-1 3.38379E-1 3.53315E-1 3.55268E-1 3.59433E-1 3.62021E-1 3.64023E-1 3.61869E-1 3.62772E-1 3.77899E-1 3.81752E-1 3.85906E-1 4.05852E-1 4.03377E-1 4.24271E-1 4.16723E-1 4.09821E-1 4.25915E-1 4.29321E-1 4.50367E-1 4.46456E-1 4.57697E-1 4.54018E-1 4.56669E-1 3.90092E-1 3.99983E-1 4.03099E-1 3.87346E-1 3.97637E-1 4.16434E-1 4.79331E-1 4.42323E-1 4.88091E-1 4.93098E-1 4.96766E-1 5.31528E-1 5.40765E-1 5.43361E-1 5.16055E-1
2.61997E-1 2.55022E-1 2.52561E-1 2.56765E-1 2.64494E-1 2.65545E-1 2.64635E-1 2.6733E-1 2.66782E-1 2.66394E-1 2.66331E-1 2.69854E-1 2.77333E-1 2.8056E-1 2.76546E-1 2.7597E-1 2.83811E-1 2.8578E-1 2.84973E-1 2.98527E-1 2.95581E-1 2.95402E-1 2.95247E-1 3.0862E-1 3.04687E-1 3.16999E-1 3.13793E-1 3.08575E-1 3.15141E-1 3.16477E-1 3.22891E-1 3.32091E-1 3.29659E-1 3.30733E-1 3.3972E-1 3.4288E-1 3.49842E-1 3.48173E-1 3.57349E-1 3.58216E-1 3.71433E-1 3.74113E-1 3.77184E-1 3.93427E-1 3.91655E-1 3.99989E-1 4.03469E-1 4.06636E-1 4.01568E-1 4.14757E-1 4.23287E-1 4.18518E-1 4.3423E-1 4.32038E-1 4.42068E-1 4.43294E-1 4.52592E-1 4.39352E-1 4.23718E-1 4.35479E-1 4.40386E-1 4.49535E-1 4.6662E-1 5.00458E-1 5.12715E-1 5.23202E-1 5.47381E-1 5.58009E-1 5.69138E-1 5.63485E-1 5.7203E-1 5.57243E-1
2.56601E-1 2.61111E-1 2.59557E-1 2.55722E-1 2.658E-1 2.67928E-1 2.65885E-1 2.69094E-1 2.70077E-1 2.69984E-1 2.71958E-1 2.81478E-1 2.74891E-1 2.76702E-1 2.81982E-1 2.89847E-1 2.84744E-1 2.86853E-1 2.79193E-1 2.96637E-1 2.88237E-1 2.92675E-1 3.06723E-1 3.06501E-1 3.10172E-1 3.07598E-1 3.12183E-1 3.05671E-1 3.2026E-1 3.20072E-1 3.25891E-1 3.28271E-1 3.27906E-1 3.41305E-1 3.41079E-1 3.51347E-1 3.51716E-1 3.47542E-1 3.48913E-1 3.61617E-1 3.66087E-1 3.65592E-1 3.7647E-1 3.84088E-1 3.8058E-1 3.82665E-1 3.86781E-1 3.99547E-1 4.00375E-1 4.10571E-1 4.1448E-1 4.25172E-1 4.19634E-1 4.38097E-1 4.31878E-1 4.28824E-1 4.48637E-1 4.55761E-1 4.53727E-1 4.70183E-1 4.79966E-1 4.89912E-1 5.0325E-1 5.06618E-1 5.18584E-1 5.26013E-1 5.4012E-1 5.4659E-1 5.65997E-1 5.60107E-1 5.78234E-1 5.95694E-1
2.59927E-1 2.63549E-1 2.68803E-1 2.70274E-1 2.69534E-1 2.7341E-1 2.73953E-1 2.78803E-1 2.8048E-1 2.73161E-1 2.75397E-1 2.83855E-1 2.824E-1 2.83384E-1 2.83058E-1 2.94872E-1 2.95208E-1 2.9342E-1 2.89192E-1 2.94842E-1 2.93063E-1 2.98593E-1 2.95528E-1 3.14106E-1 3.10368E-1 3.11307E-1 3.0679E-1 3.13988E-1 3.1304E-1 3.15351E-1 3.30427E-1 3.27138E-1 3.25739E-1 3.34833E-1 3.42637E-1 3.45934E-1 3.41545E-1 3.54952E-1 3.58757E-1 3.59717E-1 3.60428E-1 3.61535E-1 3.66961E-1 3.70582E-1 3.72252E-1 3.82116E-1 3.88564E-1 3.91597E-1 4.03197E-1 4.01951E-1 4.02418E-1 4.21678E-1 4.1738E-1 4.35559E-1 4.31045E-1 4.46817E-1 4.5074E-1 4.60543E-1 4.59157E-1 4.74374E-1 4.86929E-1 4.87607E-1 4.91451E-1 5.01887E-1 5.20268E-1 5.24048E-1 5.31395E-1 5.49937E-1 5.42817E-1 5.59317E-1 5.71503E-1 5.86051E-1
2.54984E-1 2.68195E-1 2.66287E-1 2.66782E-1 2.66906E-1 2.71102E-1 2.72278E-1 2.70212E-1 2.72141E-1 2.86078E-1 2.86542E-1 2.88278E-1 2.82988E-1 2.87918E-1 2.88522E-1 2.94274E-1 2.89906E-1 2.94088E-1 2.90514E-1 2.96083E-1 2.95864E-1 2.96445E-1 2.93329E-1 3.081E-1 3.08017E-1 3.07877E-1 3.13176E-1 3.10582E-1 3.10529E-1 3.14415E-1 3.28252E-1 3.26906E-1 3.23008E-1 3.30765E-1 3.41907E-1 3.45207E-1 3.43989E-1 3.47097E-1 3.63845E-1 3.65981E-1 3.62248E-1 3.74478E-1 3.70589E-1 3.76555E-1 3.77853E-1 3.92471E-1 3.94203E-1 4.00869E-1 3.96278E-1 4.10919E-1 4.09843E-1 4.14666E-1 4.23237E-1 4.24755E-1 4.32847E-1 4.39096E-1 4.4786E-1 4.53963E-1 4.69094E-1 4.68954E-1 4.76622E-1 4.85032E-1 4.98018E-1 4.97692E-1 5.10093E-1 5.21484E-1 5.30687E-1 5.41967E-1 5.57467E-1 5.5755E-1 5.65463E-1 5.7511E-1
2.6398E-1 2.71294E-1 2.70633E-1 2.71826E-1 2.73731E-1 2.65516E-1 2.52725E-1 2.42373E-1 2.56456E-1 2.90637E-1 2.89956E-1 2.90366E-1 2.849E-1 2.73833E-1 2.60066E-1 2.55936E-1 2.49041E-1 2.9507E-1 2.93929E-1 2.9654E-1 2.97174E-1 2.97221E-1 2.97681E-1 3.0639E-1 3.10741E-1 3.02451E-1 3.12018E-1 3.11696E-1 3.14952E-1 3.17E-1 3.26691E-1 3.26111E-1 3.24138E-1 3.30982E-1 3.42151E-1 3.46423E-1 3.48511E-1 3.48454E-1 3.52959E-1 3.70684E-1 3.60809E-1 3.6319E-1 3.61533E-1 3.74794E-1 3.81639E-1 3.8367E-1 3.82452E-1 3.86872E-1 3.95818E-1 4.00154E-1 4.12861E-1 4.14063E-1 4.0878E-1 4.24874E-1 4.23562E-1 4.40767E-1 4.4235E-1 4.46534E-1 4.59566E-1 4.67914E-1 4.70167E-1 4.74519E-1 4.87547E-1 4.98629E-1 5.00909E-1 5.09765E-1 5.27196E-1 5.31659E-1 5.39463E-1 5.49027E-1 5.62809E-1 5.6786E-1
2.75227E-1 2.74065E-1 2.67907E-1 2.69216E-1 2.70133E-1 2.71702E-1 2.24303E-1 2.27516E-1 2.61081E-1 2.75305E-1 2.77152E-1 2.65849E-1 2.80834E-1 2.81333E-1 2.32903E-1 1.93954E-1 2.2981E-1 2.72986E-1 2.99965E-1 2.95734E-1 3.01939E-1 3.01168E-1 2.98976E-1 2.99704E-1 3.0363E-1 3.06773E-1 3.06954E-1 3.11006E-1 3.11885E-1 3.16284E-1 3.1844E-1 3.31777E-1 3.28511E-1 3.35822E-1 3.37435E-1 3.46551E-1 3.49804E-1 3.48082E-1 3.54298E-1 3.65739E-1 3.70219E-1 3.62839E-1 3.6383E-1 3.67659E-1 3.67808E-1 3.76109E-1 3.83044E-1 3.92042E-1 4.03215E-1 4.08129E-1 3.99361E-1 3.97374E-1 4.12857E-1 4.16228E-1 4.28636E-1 4.34723E-1 4.31854E-1 4.44451E-1 4.5708E-1 4.61259E-1 4.70387E-1 4.74715E-1 4.7736E-1 4.95161E-1 4.97987E-1 5.06657E-1 5.19513E-1 5.38946E-1 5.38481E-1 5.47861E-1 5.62413E-1 5.79658E-1
2.73596E-1 2.69731E-1 2.72044E-1 2.67758E-1 2.73246E-1 2.69527E-1 2.61825E-1 2.04919E-1 2.3025E-1 2.11833E-1 2.22045E-1 2.27226E-1 2.00748E-1 2.4282E-1 2.23392E-1 2.72586E-1 2.90072E-1 2.77279E-1 2.91915E-1 3.03541E-1 2.98967E-1 2.97402E-1 2.98647E-1 3.09271E-1 3.05061E-1 3.08663E-1 3.10925E-1 3.12208E-1 3.20338E-1 3.25273E-1 3.19507E-1 3.24671E-1 3.32454E-1 3.36513E-1 3.38935E-1 3.40197E-1 3.51612E-1 3.52159E-1 3.59224E-1 3.65184E-1 3.69752E-1 3.71286E-1 3.76798E-1 3.73314E-1 3.72144E-1 3.85063E-1 3.83161E-1 3.91549E-1 3.89811E-1 3.92224E-1 4.05456E-1 4.03417E-1 4.17833E-1 4.17649E-1 4.17862E-1 4.32277E-1 4.35618E-1 4.36909E-1 4.5364E-1 4.60813E-1 4.6574E-1 4.65445E-1 4.74378E-1 4.93792E-1 4.95051E-1 5.11296E-1 5.20049E-1 5.35152E-1 5.4317E-1 5.59732E-1 5.58247E-1 5.75124E-1
2.76565E-1 2.72626E-1 2.74517E-1 2.69695E-1 2.75322E-1 2.7287E-1 2.68844E-1 2.03853E-1 2.02989E-1 1.35062E-1 1.19689E-1 1.77957E-1 1.76323E-1 1.829E-1 2.23915E-1 2.81796E-1 2.9771E-1 2.88593E-1 2.97484E-1 3.00912E-1 3.02555E-1 2.99231E-1 3.11461E-1 3.06915E-1 3.09894E-1 3.08956E-1 3.11562E-1 3.1434E-1 3.22547E-1 3.24653E-1 3.20743E-1 3.34599E-1 3.42717E-1 3.3811E-1 3.43818E-1 3.46453E-1 3.47619E-1 3.57164E-1 3.68208E-1 3.68943E-1 3.66064E-1 3.38028E-1 3.8143E-1 3.8225E-1 3.80895E-1 3.83505E-1 3.83288E-1 3.9272E-1 3.92418E-1 3.95369E-1 3.93299E-1 4.09515E-1 4.06778E-1 4.23245E-1 4.19575E-1 4.20297E-1 4.42592E-1 4.42772E-1 4.52158E-1 4.58869E-1 4.50458E-1 4.68942E-1 4.73001E-1 4.85488E-1 4.85567E-1 5.00517E-1 5.07806E-1 5.25101E-1 5.26529E-1 5.30362E-1 5.45727E-1 5.68665E-1
2.71919E-1 2.68534E-1 2.69741E-1 2.6261E-1 2.6588E-1 2.38601E-1 2.65683E-1 2.4388E-1 1.68525E-1 1.15959E-1 1.11204E-1 1.62061E-1 1.95532E-1 2.17062E-1 2.75716E-1 2.9812E-1 2.96937E-1 2.94141E-1 2.96518E-1 2.98173E-1 3.00603E-1 3.13041E-1 3.12622E-1 3.10924E-1 3.12954E-1 3.16815E-1 3.19619E-1 3.27654E-1 3.27558E-1 3.29869E-1 3.24402E-1 3.29286E-1 3.4033E-1 3.43554E-1 3.43948E-1 3.46185E-1 3.47346E-1 3.51464E-1 3.60044E-1 3.66172E-1 3.609E-1 3.27866E-1 3.58656E-1 3.54967E-1 3.84721E-1 3.84591E-1 3.78601E-1 3.79044E-1 3.76852E-1 3.94479E-1 3.98463E-1 4.02605E-1 4.11846E-1 4.17177E-1 4.08714E-1 4.29787E-1 4.29196E-1 4.28149E-1 4.44554E-1 4.61339E-1 4.55797E-1 4.58168E-1 4.78852E-1 4.81426E-1 4.80855E-1 4.89416E-1 5.02322E-1 5.05181E-1 5.1721E-1 5.33289E-1 5.28605E-1 5.3782E-1
2.6841E-1 2.68864E-1 2.6883E-1 2.28547E-1 1.90723E-1 2.16911E-1 2.59712E-1 2.45113E-1 2.24401E-1 1.55736E-1 1.68944E-1 2.02077E-1 2.59041E-1 2.41456E-1 2.89809E-1 2.99009E-1 3.0129E-1 3.04335E-1 3.06335E-1 2.98329E-1 3.07737E-1 3.05094E-1 3.1088E-1 3.14046E-1 3.19529E-1 3.2464E-1 3.31064E-1 3.27896E-1 3.33486E-1 3.31633E-1 3.27288E-1 3.31167E-1 3.32731E-1 3.41609E-1 3.51636E-1 3.49923E-1 3.47933E-1 3.5789E-1 3.5784E-1 3.49367E-1 3.62682E-1 3.63656E-1 3.31129E-1 3.67888E-1 3.84717E-1 3.72699E-1 3.62297E-1 3.81706E-1 3.83837E-1 4.01567E-1 4.04399E-1 4.18178E-1 4.17273E-1 4.18523E-1 4.19876E-1 4.29503E-1 4.33475E-1 4.27614E-1 4.31041E-1 4.4526E-1 4.48188E-1 4.65139E-1 4.66109E-1 4.70407E-1 4.87335E-1 4.80208E-1 5.01375E-1 5.04676E-1 5.10269E-1 5.16587E-1 5.16874E-1 5.32832E-1
2.6619E-1 2.74E-1 2.68404E-1 2.00757E-1 1.75063E-1 1.61508E-1 2.34102E-1 1.95402E-1 1.70517E-1 1.47275E-1 1.90075E-1 2.0941E-1 2.19577E-1 3.02443E-1 2.97368E-1 3.02886E-1 2.9314E-1 2.64081E-1 3.08211E-1 3.08209E-1 3.15441E-1 3.19958E-1 3.15891E-1 3.15082E-1 3.17799E-1 3.24005E-1 3.33394E-1 3.3379E-1 3.31753E-1 3.35074E-1 3.32816E-1 3.36289E-1 3.47965E-1 3.49355E-1 3.50239E-1 3.53367E-1 3.5785E-1 3.5749E-1 3.5849E-1 3.66949E-1 3.68718E-1 3.67588E-1 3.8368E-1 3.92511E-1 3.8669E-1 3.80893E-1 3.60697E-1 3.71949E-1 3.86579E-1 4.05826E-1 4.06137E-1 3.97709E-1 4.09356E-1 4.18867E-1 4.22075E-1 4.20815E-1 4.30842E-1 4.28602E-1 4.32057E-1 4.43095E-1 4.48675E-1 4.43695E-1 4.53644E-1 4.69922E-1 4.81652E-1 4.84813E-1 4.86572E-1 4.98281E-1 5.08182E-1 5.08633E-1 5.15813E-1 5.25579E-1
