Artocarpus altilis SDM files/Last interglacial/results (with bias file)/Artalt_min.asc
ncols         1201
nrows         481
xllcorner     119.99986351115
yllcorner     -15.00013864885
cellsize      0.041666667
NODATA_value  -9999
[rows 128 to 159 of 481, columns 0 to 71 of 1201]
8.74491E-1 -9999 -9999 -9999 -9999 -9999 -9999 -9999 -9999 -9999 -9999 -9999 -9999 -9999 -9999 -9999 -9999 -9999 -9999 -9999 -9999 -9999 -9999 -9999 -9999 -9999 -9999 -9999 -9999 -9999 -9999 -9999 -9999 -9999 -9999 -9999 -9999 -9999 -9999 -9999 -9999 -9999 -9999 -9999 -9999 8.32464E-1 8.39722E-1 8.39779E-1 8.50272E-1 8.52816E-1 8.5236E-1 -9999 -9999 8.5283E-1 8.35518E-1 8.47799E-1 8.19259E-1 -9999 -9999 -9999 -9999 -9999 -9999 -9999 -9999 -9999 -9999 -9999 -9999 -9999 -9999 -9999
8.4443E-1 -9999 -9999 -9999 -9999 -9999 -9999 -9999 -9999 -9999 -9999 -9999 -9999 -9999 -9999 -9999 -9999 -9999 -9999 -9999 -9999 -9999 -9999 -9999 -9999 -9999 -9999 -9999 -9999 -9999 -9999 -9999 -9999 -9999 -9999 -9999 -9999 -9999 -9999 -9999 -9999 -9999 -9999 8.42574E-1 8.32746E-1 8.43509E-1 8.46423E-1 8.53534E-1 8.53184E-1 8.56138E-1 8.45736E-1 8.56572E-1 -9999 -9999 -9999 -9999 8.10126E-1 8.19099E-1 -9999 -9999 -9999 -9999 -9999 -9999 -9999 -9999 -9999 -9999 -9999 -9999 -9999 -9999
8.20998E-1 8.37807E-1 -9999 -9999 -9999 -9999 -9999 -9999 -9999 -9999 -9999 -9999 -9999 -9999 -9999 -9999 -9999 -9999 -9999 -9999 -9999 -9999 -9999 -9999 -9999 -9999 -9999 -9999 -9999 -9999 -9999 -9999 -9999 -9999 -9999 -9999 -9999 -9999 -9999 -9999 -9999 -9999 8.31057E-1 8.43756E-1 8.43098E-1 8.24031E-1 8.20343E-1 8.19941E-1 8.31725E-1 8.39913E-1 8.39573E-1 8.33676E-1 -9999 -9999 -9999 -9999 8.12224E-1 8.22984E-1 -9999 -9999 -9999 -9999 -9999 -9999 -9999 -9999 -9999 -9999 -9999 -9999 -9999 -9999
8.00581E-1 8.31142E-1 -9999 -9999 -9999 -9999 -9999 -9999 -9999 -9999 -9999 -9999 -9999 -9999 -9999 -9999 -9999 -9999 -9999 -9999 -9999 -9999 -9999 -9999 -9999 -9999 -9999 -9999 -9999 -9999 -9999 -9999 -9999 -9999 -9999 -9999 -9999 -9999 -9999 -9999 -9999 8.4998E-1 8.30681E-1 8.43257E-1 8.13962E-1 8.34532E-1 8.28977E-1 8.39162E-1 8.43145E-1 8.46417E-1 8.39644E-1 -9999 -9999 -9999 -9999 -9999 -9999 -9999 -9999 -9999 -9999 -9999 -9999 -9999 -9999 -9999 -9999 -9999 -9999 -9999 -9999 -9999
7.98103E-1 8.21158E-1 -9999 -9999 -9999 -9999 -9999 -9999 -9999 -9999 -9999 -9999 -9999 -9999 -9999 -9999 -9999 -9999 -9999 -9999 -9999 -9999 -9999 -9999 -9999 -9999 -9999 -9999 -9999 -9999 -9999 -9999 -9999 -9999 -9999 -9999 -9999 -9999 -9999 -9999 8.40183E-1 8.33348E-1 8.088E-1 8.28382E-1 8.02772E-1 8.16983E-1 -9999 -9999 -9999 -9999 -9999 -9999 -9999 -9999 -9999 -9999 -9999 -9999 -9999 -9999 7.89445E-1 7.65222E-1 7.67432E-1 -9999 -9999 -9999 -9999 -9999 -9999 -9999 -9999 -9999
7.50572E-1 8.20458E-1 -9999 -9999 -9999 -9999 -9999 -9999 -9999 -9999 -9999 -9999 -9999 -9999 -9999 -9999 -9999 -9999 -9999 -9999 -9999 -9999 -9999 -9999 -9999 -9999 -9999 -9999 -9999 -9999 -9999 -9999 -9999 -9999 -9999 -9999 -9999 -9999 -9999 8.46285E-1 8.28264E-1 8.0336E-1 8.15751E-1 8.36468E-1 8.23762E-1 8.14582E-1 -9999 -9999 -9999 -9999 -9999 -9999 -9999 -9999 -9999 -9999 -9999 -9999 -9999 -9999 7.80788E-1 7.51824E-1 7.70447E-1 7.72542E-1 -9999 -9999 -9999 -9999 -9999 -9999 -9999 -9999
6.84209E-1 8.12093E-1 -9999 -9999 -9999 -9999 -9999 -9999 -9999 -9999 -9999 -9999 -9999 -9999 -9999 -9999 -9999 -9999 -9999 -9999 -9999 -9999 -9999 -9999 -9999 -9999 -9999 -9999 -9999 -9999 -9999 -9999 -9999 -9999 -9999 -9999 -9999 -9999 -9999 8.23399E-1 8.1404E-1 -9999 -9999 -9999 -9999 -9999 -9999 -9999 -9999 -9999 -9999 -9999 -9999 -9999 -9999 -9999 -9999 -9999 -9999 -9999 -9999 -9999 -9999 -9999 -9999 -9999 -9999 -9999 -9999 -9999 -9999 -9999
5.28746E-1 8.02265E-1 -9999 -9999 -9999 -9999 -9999 -9999 -9999 -9999 -9999 -9999 -9999 -9999 -9999 -9999 -9999 -9999 -9999 -9999 -9999 -9999 -9999 -9999 -9999 -9999 -9999 -9999 -9999 -9999 -9999 -9999 -9999 -9999 -9999 -9999 -9999 -9999 8.18265E-1 -9999 -9999 -9999 -9999 -9999 -9999 -9999 -9999 -9999 -9999 -9999 -9999 -9999 -9999 -9999 -9999 -9999 -9999 -9999 -9999 -9999 -9999 -9999 -9999 -9999 -9999 -9999 -9999 -9999 6.93576E-1 6.90341E-1 6.8313E-1 6.87232E-1
4.52308E-1 7.31658E-1 -9999 -9999 -9999 -9999 -9999 -9999 -9999 -9999 -9999 -9999 -9999 -9999 -9999 -9999 -9999 -9999 -9999 -9999 -9999 -9999 -9999 -9999 -9999 -9999 -9999 -9999 -9999 -9999 -9999 -9999 -9999 -9999 -9999 -9999 -9999 -9999 -9999 -9999 -9999 -9999 -9999 -9999 -9999 -9999 -9999 -9999 -9999 -9999 -9999 -9999 -9999 -9999 -9999 -9999 -9999 -9999 -9999 -9999 -9999 -9999 -9999 -9999 -9999 7.09525E-1 6.91528E-1 6.70833E-1 6.83837E-1 6.79624E-1 6.79646E-1 6.63113E-1
4.58151E-1 6.85393E-1 7.97724E-1 -9999 -9999 -9999 -9999 -9999 -9999 -9999 -9999 -9999 -9999 -9999 -9999 -9999 -9999 -9999 -9999 -9999 -9999 -9999 -9999 -9999 -9999 -9999 -9999 -9999 -9999 -9999 -9999 -9999 -9999 -9999 -9999 -9999 -9999 -9999 -9999 -9999 -9999 -9999 -9999 -9999 -9999 -9999 -9999 -9999 -9999 -9999 -9999 -9999 -9999 -9999 -9999 -9999 -9999 -9999 -9999 -9999 -9999 -9999 -9999 -9999 -9999 7.09587E-1 6.9201E-1 6.42483E-1 6.27623E-1 6.07885E-1 6.29645E-1 5.66909E-1
4.59823E-1 6.58491E-1 7.58709E-1 -9999 -9999 -9999 -9999 -9999 -9999 -9999 -9999 -9999 -9999 -9999 -9999 -9999 -9999 -9999 -9999 -9999 -9999 -9999 -9999 -9999 -9999 -9999 -9999 -9999 -9999 -9999 -9999 -9999 -9999 -9999 -9999 -9999 -9999 -9999 -9999 -9999 -9999 7.62147E-1 7.8612E-1 -9999 -9999 -9999 -9999 -9999 -9999 -9999 -9999 -9999 -9999 -9999 -9999 -9999 -9999 -9999 -9999 -9999 -9999 -9999 -9999 -9999 -9999 -9999 6.4574E-1 6.26995E-1 6.75044E-1 6.18195E-1 6.2015E-1 6.29902E-1
3.85694E-1 5.59025E-1 7.21603E-1 7.46145E-1 -9999 -9999 -9999 -9999 -9999 -9999 -9999 -9999 -9999 -9999 -9999 -9999 -9999 -9999 -9999 -9999 -9999 -9999 -9999 -9999 -9999 -9999 -9999 -9999 -9999 -9999 -9999 -9999 -9999 -9999 -9999 -9999 -9999 -9999 -9999 -9999 -9999 -9999 7.70247E-1 -9999 -9999 -9999 -9999 -9999 -9999 -9999 -9999 -9999 7.77547E-1 7.73307E-1 7.5826E-1 7.53245E-1 7.42949E-1 7.18656E-1 6.88748E-1 6.8245E-1 7.05883E-1 6.86513E-1 6.69619E-1 6.8269E-1 -9999 -9999 6.61182E-1 6.43727E-1 6.47247E-1 6.04019E-1 5.8139E-1 6.09074E-1
3.46615E-1 4.53914E-1 6.22899E-1 7.19019E-1 7.41753E-1 -9999 -9999 -9999 -9999 -9999 -9999 -9999 -9999 -9999 -9999 -9999 -9999 -9999 -9999 -9999 -9999 -9999 -9999 -9999 -9999 -9999 -9999 -9999 -9999 -9999 -9999 -9999 -9999 -9999 -9999 -9999 -9999 7.69539E-1 7.66975E-1 7.14939E-1 -9999 -9999 -9999 -9999 -9999 -9999 -9999 -9999 -9999 -9999 -9999 7.68622E-1 7.4552E-1 6.84055E-1 6.70168E-1 6.65484E-1 6.75327E-1 6.67455E-1 6.32051E-1 6.7777E-1 6.4077E-1 6.15487E-1 6.2535E-1 6.40393E-1 6.36497E-1 6.3236E-1 5.33259E-1 4.62292E-1 5.01019E-1 4.62723E-1 4.73621E-1 5.51255E-1
3.49015E-1 3.99363E-1 5.46681E-1 6.7231E-1 7.27025E-1 7.39246E-1 -9999 -9999 -9999 -9999 -9999 -9999 -9999 -9999 -9999 -9999 -9999 -9999 -9999 -9999 -9999 -9999 -9999 -9999 -9999 -9999 -9999 -9999 -9999 -9999 -9999 -9999 -9999 -9999 -9999 -9999 7.71674E-1 7.61199E-1 7.58985E-1 7.12738E-1 -9999 -9999 -9999 -9999 -9999 -9999 -9999 -9999 -9999 -9999 -9999 7.69674E-1 7.51625E-1 7.40051E-1 7.11453E-1 6.29728E-1 6.10513E-1 6.40063E-1 5.83145E-1 5.46826E-1 5.61987E-1 4.99084E-1 5.12993E-1 5.04502E-1 4.75336E-1 3.99281E-1 3.0776E-1 3.72951E-1 5.42102E-1 5.78203E-1 6.14614E-1 6.62091E-1
3.40982E-1 3.07472E-1 4.87857E-1 5.77827E-1 6.83986E-1 7.18724E-1 7.20711E-1 -9999 -9999 -9999 -9999 -9999 -9999 -9999 -9999 -9999 -9999 -9999 -9999 -9999 -9999 -9999 -9999 -9999 -9999 -9999 -9999 -9999 -9999 -9999 -9999 -9999 -9999 -9999 7.40392E-1 7.3987E-1 7.01344E-1 7.51402E-1 7.31891E-1 7.36114E-1 -9999 -9999 -9999 -9999 -9999 -9999 -9999 -9999 -9999 -9999 -9999 7.52022E-1 7.53005E-1 7.33931E-1 7.16753E-1 6.31227E-1 5.49177E-1 4.90795E-1 4.11617E-1 4.46207E-1 5.00781E-1 3.54049E-1 3.04787E-1 3.04637E-1 3.15318E-1 3.18305E-1 3.75873E-1 5.37006E-1 6.28168E-1 6.43557E-1 6.46973E-1 6.77864E-1
3.86202E-1 2.86453E-1 4.32035E-1 5.00217E-1 5.56719E-1 6.71999E-1 7.07176E-1 7.06227E-1 7.10287E-1 7.11021E-1 7.13116E-1 -9999 -9999 -9999 -9999 -9999 -9999 -9999 -9999 -9999 -9999 -9999 -9999 -9999 -9999 -9999 -9999 -9999 -9999 -9999 -9999 -9999 -9999 -9999 7.4345E-1 6.71438E-1 6.22638E-1 6.30638E-1 6.06263E-1 5.80462E-1 6.92889E-1 7.53348E-1 -9999 -9999 -9999 -9999 -9999 7.50075E-1 7.41712E-1 7.39635E-1 7.52985E-1 7.48595E-1 7.28281E-1 7.14684E-1 6.71129E-1 5.61214E-1 4.36813E-1 3.9011E-1 3.88103E-1 3.90177E-1 3.27789E-1 2.37066E-1 2.40809E-1 2.48513E-1 2.95623E-1 4.2874E-1 5.7439E-1 6.46254E-1 6.91104E-1 6.91078E-1 -9999 -9999
3.74404E-1 2.75121E-1 3.21467E-1 3.94861E-1 4.68554E-1 5.47066E-1 6.54499E-1 6.98683E-1 6.95077E-1 6.80285E-1 6.54185E-1 7.06457E-1 -9999 -9999 -9999 -9999 -9999 -9999 -9999 -9999 -9999 -9999 -9999 -9999 -9999 -9999 -9999 -9999 -9999 -9999 -9999 -9999 -9999 7.13187E-1 6.92958E-1 6.26413E-1 5.22711E-1 4.38366E-1 4.01799E-1 3.5612E-1 6.19618E-1 7.06116E-1 7.15448E-1 7.04948E-1 6.96796E-1 6.98973E-1 7.27293E-1 7.11822E-1 6.83961E-1 6.02022E-1 6.81315E-1 7.04929E-1 6.77034E-1 5.40788E-1 4.29387E-1 4.73852E-1 3.51466E-1 2.62157E-1 3.18173E-1 2.63474E-1 2.41439E-1 2.19924E-1 2.57975E-1 3.02349E-1 3.84171E-1 4.88819E-1 6.21775E-1 -9999 -9999 -9999 -9999 -9999
3.90545E-1 2.78307E-1 2.05738E-1 2.81254E-1 3.03776E-1 4.01031E-1 4.8831E-1 5.89553E-1 6.55734E-1 6.79948E-1 6.54962E-1 6.63261E-1 6.9111E-1 -9999 -9999 -9999 -9999 -9999 -9999 -9999 -9999 -9999 -9999 -9999 -9999 -9999 -9999 -9999 -9999 -9999 -9999 -9999 6.99078E-1 6.67729E-1 6.38954E-1 5.47389E-1 5.58867E-1 3.9447E-1 2.28567E-1 3.05311E-1 5.59475E-1 6.16629E-1 6.43085E-1 6.34894E-1 6.3825E-1 5.21646E-1 5.02224E-1 6.06628E-1 5.47147E-1 6.4535E-1 5.21476E-1 4.28386E-1 3.43518E-1 3.37302E-1 3.2895E-1 3.15816E-1 2.47949E-1 1.96567E-1 2.15876E-1 2.42304E-1 2.7287E-1 2.51702E-1 3.08897E-1 4.05664E-1 4.28357E-1 5.45109E-1 6.26798E-1 -9999 -9999 -9999 -9999 -9999
3.80307E-1 3.11024E-1 2.96194E-1 2.0076E-1 1.95723E-1 2.48631E-1 3.55164E-1 4.14105E-1 4.48966E-1 5.64469E-1 6.29605E-1 6.55127E-1 6.3076E-1 6.66467E-1 -9999 -9999 -9999 -9999 -9999 -9999 -9999 -9999 -9999 -9999 -9999 -9999 -9999 -9999 -9999 -9999 -9999 6.76189E-1 5.36813E-1 4.74746E-1 6.57685E-1 6.6858E-1 6.06268E-1 4.42888E-1 2.15942E-1 2.09477E-1 4.63151E-1 5.78953E-1 6.19053E-1 6.03697E-1 6.27687E-1 5.91363E-1 4.36384E-1 4.95666E-1 5.15297E-1 5.94872E-1 4.51869E-1 2.14771E-1 1.34084E-1 2.05244E-1 1.9835E-1 1.90098E-1 1.87455E-1 2.30521E-1 2.71401E-1 2.75494E-1 3.45146E-1 3.0781E-1 4.83096E-1 6.08252E-1 5.63529E-1 6.38896E-1 6.82425E-1 -9999 -9999 -9999 -9999 -9999
4.03058E-1 3.75683E-1 3.45634E-1 2.79921E-1 2.84478E-1 2.65268E-1 3.02487E-1 3.32201E-1 4.18951E-1 4.45742E-1 5.37136E-1 5.48741E-1 5.74164E-1 6.20276E-1 -9999 -9999 -9999 -9999 -9999 -9999 -9999 -9999 -9999 -9999 -9999 -9999 -9999 -9999 -9999 -9999 6.60227E-1 5.59359E-1 3.8743E-1 5.00816E-1 5.41664E-1 6.20682E-1 5.52467E-1 4.72216E-1 2.20497E-1 1.94233E-1 2.7329E-1 4.66614E-1 5.6239E-1 5.46639E-1 5.5173E-1 5.81746E-1 5.98612E-1 5.09562E-1 4.85789E-1 5.01262E-1 4.87437E-1 3.33202E-1 2.71907E-1 2.6037E-1 2.71828E-1 2.41786E-1 2.4651E-1 3.0522E-1 3.05822E-1 3.91512E-1 4.85306E-1 4.85102E-1 6.30852E-1 5.88144E-1 6.45307E-1 7.01172E-1 -9999 -9999 -9999 -9999 -9999 -9999
3.919E-1 4.26506E-1 4.03828E-1 3.773E-1 2.93841E-1 2.56486E-1 2.99415E-1 4.2159E-1 4.91365E-1 4.99568E-1 4.95434E-1 4.71275E-1 5.1288E-1 5.99125E-1 -9999 -9999 -9999 -9999 -9999 -9999 -9999 -9999 -9999 -9999 -9999 -9999 -9999 -9999 -9999 -9999 6.12815E-1 5.03889E-1 3.90439E-1 3.34554E-1 4.10165E-1 4.80334E-1 5.55251E-1 5.64536E-1 4.36989E-1 2.69843E-1 1.63013E-1 2.85759E-1 3.66918E-1 3.86937E-1 4.13236E-1 4.64018E-1 5.99035E-1 5.96941E-1 5.81481E-1 4.76568E-1 4.21953E-1 2.92978E-1 2.88519E-1 3.26206E-1 3.03161E-1 2.62991E-1 3.40231E-1 3.79581E-1 4.44449E-1 4.92621E-1 6.00808E-1 6.03129E-1 5.7863E-1 6.73602E-1 7.0207E-1 6.98191E-1 -9999 -9999 -9999 -9999 -9999 -9999
3.3274E-1 3.55373E-1 3.68744E-1 3.71257E-1 3.04904E-1 2.7883E-1 2.62547E-1 3.28207E-1 4.0924E-1 4.52271E-1 4.68929E-1 4.9017E-1 5.26642E-1 5.97133E-1 -9999 -9999 -9999 -9999 -9999 -9999 -9999 -9999 -9999 -9999 -9999 -9999 -9999 -9999 -9999 5.91737E-1 4.456E-1 4.65E-1 4.0511E-1 2.60921E-1 1.95575E-1 2.6165E-1 3.93656E-1 5.6563E-1 5.18355E-1 4.34758E-1 2.85541E-1 2.25399E-1 1.6146E-1 1.72102E-1 2.42578E-1 3.53883E-1 4.56039E-1 5.61863E-1 5.36963E-1 4.81394E-1 4.31574E-1 3.08851E-1 1.9502E-1 2.81185E-1 2.57716E-1 3.61726E-1 4.35184E-1 4.65997E-1 5.35355E-1 6.17258E-1 6.64871E-1 6.08986E-1 6.45117E-1 7.0333E-1 -9999 -9999 -9999 -9999 -9999 6.14221E-1 5.9929E-1 6.40037E-1
2.44274E-1 2.30632E-1 2.61749E-1 2.01081E-1 2.58504E-1 2.28737E-1 1.42781E-1 1.28117E-1 1.6279E-1 2.78586E-1 3.79669E-1 4.53027E-1 4.74867E-1 5.59904E-1 -9999 -9999 -9999 -9999 -9999 -9999 -9999 -9999 -9999 -9999 -9999 -9999 -9999 -9999 5.84141E-1 5.16898E-1 4.48652E-1 3.56726E-1 2.3911E-1 1.28785E-1 1.02297E-1 2.34175E-1 3.48162E-1 4.53129E-1 5.34407E-1 5.37456E-1 5.08445E-1 3.8082E-1 2.46532E-1 2.21878E-1 2.1919E-1 2.52477E-1 2.6323E-1 3.25555E-1 4.66401E-1 3.29519E-1 4.09665E-1 3.28686E-1 2.57847E-1 4.09112E-1 3.44621E-1 4.33872E-1 5.54699E-1 6.16973E-1 6.79578E-1 6.914E-1 6.65663E-1 6.36028E-1 6.68046E-1 6.9912E-1 -9999 -9999 -9999 -9999 6.66714E-1 5.69594E-1 5.31795E-1 5.791E-1
2.80772E-1 2.43919E-1 2.64364E-1 1.76726E-1 1.47344E-1 2.40608E-1 1.53222E-1 8.96319E-2 1.14036E-1 1.3847E-1 2.09385E-1 2.20268E-1 3.52658E-1 5.20735E-1 5.58988E-1 -9999 -9999 -9999 -9999 -9999 -9999 -9999 -9999 -9999 -9999 -9999 -9999 -9999 5.62952E-1 4.84899E-1 3.86673E-1 3.16457E-1 2.03971E-1 1.24592E-1 8.05863E-2 1.41434E-1 1.26166E-1 2.17476E-1 3.86974E-1 4.21466E-1 4.52551E-1 4.42184E-1 4.82309E-1 4.7153E-1 4.43354E-1 3.9802E-1 4.33001E-1 4.68925E-1 4.79108E-1 4.03045E-1 3.97372E-1 3.82235E-1 4.17771E-1 4.33795E-1 4.33548E-1 5.10681E-1 5.90702E-1 6.35335E-1 6.5515E-1 6.66221E-1 6.73367E-1 6.92872E-1 7.05402E-1 -9999 -9999 -9999 -9999 6.76901E-1 6.13229E-1 4.57443E-1 4.51775E-1 4.79072E-1
2.47171E-1 2.68824E-1 2.77962E-1 2.47452E-1 1.7905E-1 1.30177E-1 1.51022E-1 1.19655E-1 1.76261E-1 1.57726E-1 1.46316E-1 1.29668E-1 1.94653E-1 3.67808E-1 5.12398E-1 5.11199E-1 -9999 -9999 -9999 -9999 -9999 -9999 -9999 -9999 -9999 -9999 -9999 5.3793E-1 5.14046E-1 4.84658E-1 3.45745E-1 3.11614E-1 1.75094E-1 1.40571E-1 1.31168E-1 9.3361E-2 8.82664E-2 1.31249E-1 2.45874E-1 3.90322E-1 3.98671E-1 2.78444E-1 3.35854E-1 5.22778E-1 5.18043E-1 4.829E-1 4.62804E-1 4.91597E-1 4.83905E-1 4.52396E-1 3.43378E-1 3.17466E-1 4.70399E-1 5.49353E-1 5.72328E-1 6.00485E-1 6.6817E-1 6.6743E-1 6.53684E-1 6.62082E-1 6.94951E-1 7.03308E-1 -9999 -9999 -9999 -9999 -9999 6.57269E-1 5.45919E-1 3.81691E-1 4.0909E-1 4.1182E-1
2.46936E-1 2.6739E-1 2.74538E-1 2.63836E-1 1.88411E-1 1.35199E-1 1.15578E-1 1.71566E-1 1.74227E-1 1.1177E-1 1.11595E-1 1.01102E-1 1.18839E-1 2.37702E-1 4.3437E-1 5.0011E-1 -9999 5.30206E-1 5.1844E-1 4.81994E-1 5.1153E-1 -9999 -9999 -9999 -9999 -9999 -9999 5.18657E-1 4.63566E-1 3.18707E-1 3.6178E-1 3.47151E-1 2.48874E-1 2.4516E-1 1.95101E-1 1.33125E-1 1.92296E-1 2.73787E-1 3.59036E-1 3.1593E-1 2.59779E-1 2.96522E-1 3.33895E-1 4.42813E-1 3.43279E-1 3.71235E-1 4.33965E-1 4.2458E-1 3.8548E-1 2.43604E-1 2.46544E-1 3.55946E-1 4.95743E-1 5.57822E-1 6.07541E-1 6.28414E-1 6.4825E-1 6.62755E-1 6.86752E-1 6.93973E-1 6.96829E-1 -9999 -9999 -9999 -9999 -9999 -9999 5.99536E-1 4.11014E-1 3.6385E-1 3.97609E-1 3.88519E-1
1.99885E-1 2.07279E-1 2.39557E-1 2.45571E-1 2.10343E-1 1.63926E-1 1.47309E-1 2.07736E-1 1.72578E-1 1.08867E-1 1.19117E-1 9.7373E-2 8.47219E-2 1.84119E-1 4.41496E-1 5.07687E-1 5.03965E-1 4.87737E-1 4.74406E-1 4.67348E-1 5.04396E-1 5.0706E-1 4.93646E-1 4.74611E-1 4.88984E-1 -9999 4.88921E-1 4.70283E-1 3.62216E-1 3.28984E-1 3.24746E-1 3.51857E-1 1.9839E-1 1.62476E-1 1.29336E-1 1.16707E-1 2.29074E-1 3.12063E-1 2.93983E-1 2.27318E-1 3.4338E-1 4.20109E-1 4.41038E-1 3.99472E-1 3.25477E-1 4.17194E-1 3.67988E-1 3.67983E-1 2.62279E-1 2.69746E-1 3.60148E-1 4.59149E-1 5.2208E-1 6.02541E-1 6.42535E-1 6.53332E-1 6.67442E-1 6.71424E-1 6.86681E-1 6.88096E-1 -9999 -9999 -9999 -9999 -9999 -9999 6.61677E-1 5.77753E-1 4.34739E-1 4.14715E-1 4.30249E-1 4.34695E-1
1.67837E-1 1.57443E-1 2.08663E-1 1.91194E-1 1.30054E-1 1.17266E-1 1.4156E-1 2.04017E-1 2.12215E-1 1.74659E-1 1.48211E-1 8.01155E-2 8.01865E-2 1.8619E-1 4.41371E-1 4.83591E-1 4.58638E-1 4.42424E-1 4.76498E-1 4.33128E-1 3.9195E-1 4.11343E-1 3.93475E-1 3.45848E-1 4.11354E-1 4.70326E-1 4.77252E-1 3.92432E-1 4.1265E-1 3.03949E-1 2.07302E-1 1.72505E-1 2.22797E-1 1.30189E-1 1.0627E-1 1.19573E-1 1.54902E-1 1.97725E-1 3.06713E-1 2.45129E-1 2.85429E-1 2.92942E-1 3.71487E-1 3.31192E-1 3.62258E-1 3.03462E-1 3.10358E-1 2.45369E-1 2.61988E-1 2.78809E-1 4.37754E-1 4.9701E-1 5.51556E-1 6.19228E-1 6.61715E-1 6.64246E-1 6.75409E-1 6.88762E-1 6.85315E-1 -9999 -9999 -9999 -9999 -9999 -9999 -9999 6.97552E-1 6.05222E-1 5.33396E-1 4.84136E-1 4.36331E-1 5.06555E-1
2.33201E-1 1.99611E-1 1.26147E-1 1.26175E-1 1.24834E-1 1.12692E-1 1.215E-1 1.76902E-1 2.18665E-1 2.08915E-1 1.61915E-1 9.8306E-2 1.20439E-1 2.14394E-1 4.21781E-1 4.32067E-1 3.81666E-1 4.29068E-1 4.292E-1 3.76081E-1 3.07033E-1 2.48045E-1 2.28812E-1 2.0796E-1 2.54295E-1 3.29907E-1 3.65457E-1 2.96411E-1 3.09584E-1 3.09772E-1 1.70243E-1 1.06471E-1 1.19401E-1 9.20384E-2 1.02873E-1 1.22941E-1 1.63984E-1 2.00988E-1 2.53164E-1 2.26293E-1 1.56068E-1 1.84615E-1 2.47656E-1 2.78984E-1 3.74058E-1 4.64025E-1 3.98703E-1 2.49966E-1 2.99066E-1 4.11664E-1 4.37344E-1 5.41705E-1 5.91211E-1 6.4796E-1 6.43858E-1 6.69702E-1 6.79259E-1 6.8336E-1 -9999 -9999 -9999 -9999 -9999 -9999 -9999 -9999 7.09792E-1 6.85231E-1 6.09036E-1 5.32915E-1 4.57884E-1 5.67095E-1
2.79607E-1 2.37046E-1 1.33788E-1 1.32776E-1 1.50629E-1 1.16291E-1 1.25391E-1 1.66173E-1 1.99167E-1 1.92032E-1 1.51316E-1 8.61595E-2 9.68476E-2 2.03959E-1 3.42117E-1 3.84677E-1 3.75739E-1 4.30618E-1 3.56432E-1 3.50791E-1 2.58279E-1 1.48899E-1 1.42201E-1 1.41038E-1 1.58588E-1 1.85604E-1 2.16444E-1 2.14822E-1 2.59728E-1 2.12008E-1 1.74325E-1 1.60718E-1 1.54453E-1 1.43105E-1 1.33348E-1 1.31528E-1 1.57271E-1 1.73E-1 2.28E-1 1.80982E-1 1.93164E-1 2.87502E-1 3.38839E-1 3.51642E-1 4.15148E-1 4.45242E-1 3.92336E-1 4.03874E-1 3.71979E-1 4.73108E-1 5.09665E-1 5.45595E-1 6.12643E-1 6.61756E-1 6.69077E-1 6.78433E-1 6.75623E-1 6.83729E-1 -9999 -9999 -9999 -9999 -9999 -9999 -9999 -9999 7.20301E-1 7.16914E-1 6.86707E-1 5.9745E-1 5.53205E-1 7.00117E-1
2.86126E-1 2.43787E-1 1.3884E-1 1.28495E-1 1.54314E-1 1.69001E-1 1.66851E-1 1.75754E-1 1.80396E-1 1.74149E-1 1.49677E-1 9.12037E-2 1.03513E-1 1.9145E-1 3.27044E-1 3.52113E-1 3.48445E-1 3.80075E-1 3.16793E-1 3.18285E-1 1.84944E-1 1.0435E-1 9.5448E-2 1.06103E-1 9.82779E-2 1.08937E-1 1.39277E-1 1.77934E-1 2.55021E-1 2.0435E-1 2.63312E-1 2.21054E-1 2.20963E-1 1.49226E-1 1.17968E-1 1.76049E-1 1.10233E-1 8.20209E-2 1.50056E-1 1.53017E-1 2.46973E-1 2.89226E-1 3.71185E-1 4.00584E-1 3.3955E-1 3.25392E-1 4.42457E-1 4.84696E-1 4.85228E-1 4.94463E-1 5.43849E-1 5.98684E-1 6.41523E-1 6.615E-1 6.61692E-1 6.78553E-1 -9999 -9999 -9999 -9999 -9999 -9999 -9999 -9999 -9999 -9999 6.96766E-1 -9999 6.75428E-1 6.11459E-1 7.06093E-1 7.39535E-1
2.93435E-1 2.92752E-1 1.87657E-1 1.15741E-1 1.47731E-1 1.69645E-1 1.70865E-1 1.79678E-1 1.72968E-1 1.43122E-1 9.80412E-2 9.92123E-2 1.09608E-1 1.84361E-1 3.26288E-1 3.25262E-1 3.24836E-1 3.21137E-1 2.99057E-1 2.60645E-1 1.45194E-1 8.74941E-2 7.71057E-2 7.94374E-2 6.90372E-2 8.0831E-2 1.12044E-1 1.98581E-1 2.58246E-1 2.53402E-1 3.69773E-1 2.9042E-1 1.75081E-1 8.92665E-2 1.14213E-1 1.66291E-1 8.69865E-2 1.38712E-1 2.06146E-1 1.85784E-1 1.79248E-1 2.80456E-1 3.38149E-1 2.90918E-1 3.5785E-1 4.2348E-1 5.00084E-1 5.38473E-1 5.52569E-1 5.54608E-1 6.13601E-1 6.32815E-1 6.47893E-1 6.64936E-1 -9999 -9999 -9999 -9999 -9999 -9999 -9999 -9999 -9999 -9999 -9999 -9999 -9999 7.08868E-1 7.2028E-1 7.06542E-1 7.37582E-1 -9999
