Artocarpus altilis SDM files/Last interglacial/results (with bias file)/Artalt_0.asc
ncols         1201
nrows         481
xllcorner     119.99986351115
yllcorner     -15.00013864885
cellsize      0.041666667
NODATA_value  -9999
[rows 192 to 223 of 481, columns 288 to 359 of 1201]
-9999 7.12928E-1 6.98599E-1 6.95028E-1 6.78802E-1 6.60459E-1 6.44089E-1 6.4709E-1 6.19485E-1 5.23651E-1 4.02792E-1 2.267E-1 1.59322E-1 1.76669E-1 3.04808E-1 3.99628E-1 4.55501E-1 4.63053E-1 4.8099E-1 3.69284E-1 2.2097E-1 1.76017E-1 1.69902E-1 1.81983E-1 1.89139E-1 2.02173E-1 2.05873E-1 2.15293E-1 2.25076E-1 1.72009E-1 1.8322E-1 1.7395E-1 2.06989E-1 2.22901E-1 2.62674E-1 2.46786E-1 3.24949E-1 3.63937E-1 2.92086E-1 2.3497E-1 2.25141E-1 2.22038E-1 2.84629E-1 2.44503E-1 3.41735E-1 2.494E-1 1.92128E-1 2.53603E-1 3.11795E-1 2.60724E-1 2.04559E-1 1.56508E-1 1.44666E-1 2.46853E-1 2.66016E-1 2.18091E-1 1.64912E-1 2.01736E-1 1.55286E-1 2.45889E-1 2.75293E-1 3.27011E-1 2.03999E-1 2.96669E-1 3.66538E-1 3.69872E-1 3.40869E-1 2.73057E-1 3.01647E-1 -9999 -9999 -9999
-9999 -9999 -9999 -9999 -9999 -9999 6.47883E-1 6.21037E-1 6.18697E-1 6.27602E-1 5.97897E-1 4.76887E-1 3.65367E-1 2.3255E-1 2.57075E-1 3.81309E-1 4.19512E-1 4.57224E-1 4.96147E-1 3.56638E-1 2.27948E-1 2.01945E-1 1.76221E-1 1.49882E-1 1.58738E-1 1.84105E-1 2.11558E-1 1.68106E-1 1.32445E-1 1.60951E-1 1.87169E-1 2.13476E-1 2.53729E-1 2.31777E-1 2.7446E-1 2.81863E-1 3.31756E-1 3.64644E-1 2.72672E-1 2.41182E-1 1.87759E-1 2.07848E-1 2.2055E-1 3.14919E-1 3.18145E-1 2.30004E-1 1.92716E-1 2.49486E-1 3.07842E-1 2.97998E-1 2.52471E-1 1.73875E-1 1.2661E-1 1.68965E-1 2.55651E-1 2.03085E-1 1.20391E-1 9.95894E-2 2.05649E-1 2.52387E-1 2.47189E-1 2.93542E-1 2.15948E-1 2.68396E-1 3.50734E-1 3.56902E-1 2.85629E-1 3.31287E-1 2.9595E-1 -9999 -9999 -9999
-9999 -9999 -9999 -9999 -9999 -9999 -9999 -9999 -9999 -9999 -9999 5.85246E-1 4.26334E-1 2.53745E-1 2.99606E-1 3.00424E-1 4.08683E-1 4.72148E-1 4.90606E-1 3.83254E-1 2.75871E-1 2.22271E-1 1.78209E-1 1.78097E-1 2.01578E-1 1.51799E-1 1.48658E-1 1.42367E-1 1.54615E-1 1.45819E-1 1.43881E-1 2.02479E-1 2.26877E-1 2.37141E-1 2.47664E-1 3.22696E-1 3.4859E-1 2.94248E-1 2.26903E-1 2.14285E-1 1.97617E-1 2.12726E-1 3.12155E-1 3.36134E-1 2.62028E-1 2.54312E-1 2.88263E-1 2.88026E-1 2.39843E-1 3.07852E-1 2.68482E-1 1.70935E-1 1.22586E-1 1.44472E-1 1.75164E-1 1.35441E-1 1.5161E-1 1.58927E-1 1.84529E-1 2.1089E-1 3.1484E-1 2.7502E-1 1.95762E-1 2.12339E-1 3.27579E-1 3.325E-1 2.60617E-1 3.20437E-1 3.11703E-1 -9999 -9999 -9999
-9999 -9999 -9999 -9999 -9999 -9999 -9999 -9999 -9999 -9999 4.36143E-1 4.11131E-1 5.03988E-1 3.29094E-1 2.50955E-1 3.50734E-1 3.51661E-1 4.26733E-1 4.75E-1 3.95314E-1 2.58404E-1 2.12304E-1 1.88174E-1 1.76913E-1 2.03342E-1 1.61682E-1 1.86885E-1 1.94655E-1 1.7071E-1 1.54011E-1 1.63273E-1 1.46086E-1 1.65071E-1 1.71077E-1 1.66963E-1 2.21092E-1 2.73182E-1 2.83868E-1 2.35994E-1 2.52961E-1 2.00773E-1 -9999 3.31793E-1 3.26949E-1 2.5317E-1 2.65264E-1 3.15094E-1 2.66901E-1 2.55688E-1 2.46333E-1 2.5242E-1 1.73835E-1 1.42908E-1 1.01325E-1 9.71377E-2 1.48792E-1 1.63624E-1 2.00366E-1 1.67625E-1 2.83964E-1 3.16995E-1 2.48219E-1 1.82959E-1 2.06015E-1 3.00872E-1 2.81768E-1 1.75602E-1 2.25496E-1 3.02312E-1 -9999 -9999 -9999
-9999 -9999 -9999 -9999 -9999 -9999 -9999 -9999 -9999 -9999 5.23279E-1 6.02957E-1 6.04743E-1 3.67391E-1 3.55696E-1 4.6752E-1 4.45665E-1 4.29119E-1 4.75913E-1 4.97924E-1 3.15255E-1 2.22237E-1 1.92503E-1 1.8343E-1 1.78863E-1 1.87179E-1 1.81637E-1 1.72361E-1 1.7067E-1 1.74036E-1 1.71336E-1 1.66176E-1 1.58324E-1 1.68769E-1 1.76259E-1 1.67846E-1 2.02748E-1 2.41606E-1 1.95821E-1 2.66285E-1 3.24412E-1 -9999 3.79055E-1 2.88137E-1 2.91521E-1 3.05219E-1 3.38733E-1 2.31754E-1 2.32609E-1 2.20733E-1 2.42777E-1 1.82948E-1 1.20186E-1 7.51518E-2 1.11271E-1 2.16253E-1 2.57181E-1 1.556E-1 1.57682E-1 2.5544E-1 2.95042E-1 2.66071E-1 1.51307E-1 1.52369E-1 2.56513E-1 3.17896E-1 1.81621E-1 2.31294E-1 3.70407E-1 -9999 -9999 -9999
-9999 -9999 -9999 -9999 -9999 -9999 -9999 -9999 -9999 -9999 -9999 -9999 -9999 3.99754E-1 3.34398E-1 2.96371E-1 2.08388E-1 4.30599E-1 4.92986E-1 5.24464E-1 3.00715E-1 2.25341E-1 1.97918E-1 2.08936E-1 1.84387E-1 1.77921E-1 1.83598E-1 1.76315E-1 1.73294E-1 1.84325E-1 1.80622E-1 1.69985E-1 1.82495E-1 1.76407E-1 1.72191E-1 1.949E-1 2.02988E-1 1.93672E-1 2.16485E-1 2.63612E-1 3.69628E-1 3.85842E-1 3.40012E-1 2.30883E-1 3.11645E-1 2.63479E-1 2.3514E-1 2.42779E-1 1.9187E-1 1.82025E-1 1.99422E-1 1.76771E-1 7.5021E-2 1.0019E-1 1.6018E-1 2.19373E-1 2.68204E-1 2.30369E-1 1.71515E-1 2.35854E-1 2.40938E-1 2.0606E-1 1.99574E-1 1.31356E-1 1.7343E-1 2.93179E-1 2.41202E-1 3.17024E-1 3.41127E-1 -9999 -9999 -9999
-9999 -9999 -9999 -9999 -9999 -9999 -9999 -9999 -9999 -9999 -9999 -9999 -9999 3.64426E-1 2.56477E-1 2.05304E-1 2.02576E-1 4.59187E-1 5.23445E-1 4.91825E-1 3.06754E-1 2.32792E-1 2.06141E-1 2.18456E-1 1.92711E-1 1.88974E-1 1.8949E-1 2.08172E-1 2.01496E-1 2.12197E-1 1.84256E-1 1.82076E-1 1.9344E-1 1.82445E-1 2.16201E-1 2.10466E-1 2.02405E-1 2.10107E-1 1.89205E-1 2.93738E-1 3.55945E-1 3.36284E-1 3.4632E-1 2.56939E-1 2.25917E-1 3.00134E-1 1.86214E-1 2.19545E-1 1.95093E-1 2.32345E-1 1.53387E-1 1.06051E-1 9.6249E-2 9.85017E-2 1.23288E-1 1.5968E-1 1.81546E-1 1.85145E-1 2.35843E-1 2.6483E-1 2.45919E-1 1.6386E-1 2.08134E-1 1.88234E-1 1.77216E-1 2.52621E-1 3.14191E-1 3.11108E-1 3.24892E-1 -9999 3.45586E-1 3.4201E-1
-9999 -9999 -9999 -9999 -9999 -9999 -9999 -9999 -9999 -9999 -9999 -9999 -9999 -9999 3.49261E-1 2.42863E-1 1.90144E-1 5.21924E-1 5.72107E-1 3.50455E-1 2.91678E-1 2.61215E-1 2.3523E-1 2.05864E-1 2.07318E-1 1.94978E-1 2.45348E-1 2.18589E-1 2.0992E-1 2.05781E-1 1.90756E-1 2.04116E-1 2.12695E-1 1.99964E-1 2.01862E-1 2.0626E-1 2.14175E-1 2.36359E-1 2.32535E-1 2.71633E-1 2.58128E-1 2.40164E-1 1.90746E-1 2.32249E-1 1.94693E-1 2.68714E-1 1.52841E-1 1.83299E-1 1.93819E-1 1.72628E-1 1.158E-1 1.08866E-1 1.36285E-1 1.12988E-1 1.5602E-1 1.87292E-1 1.17958E-1 1.68067E-1 2.60332E-1 2.24867E-1 2.03866E-1 2.1364E-1 2.67141E-1 1.6351E-1 1.51867E-1 2.08607E-1 2.90452E-1 2.98073E-1 2.71179E-1 3.31071E-1 3.30052E-1 3.29785E-1
-9999 -9999 -9999 -9999 -9999 -9999 -9999 -9999 -9999 -9999 -9999 -9999 -9999 -9999 -9999 2.8935E-1 3.1706E-1 5.04983E-1 4.43699E-1 2.76522E-1 2.15602E-1 2.3216E-1 2.2375E-1 2.1628E-1 2.35291E-1 2.20369E-1 2.33645E-1 2.28545E-1 2.17882E-1 2.12885E-1 2.21801E-1 2.20682E-1 2.29297E-1 2.26538E-1 2.17465E-1 2.31365E-1 2.61614E-1 2.29432E-1 2.37326E-1 2.37362E-1 2.68864E-1 1.65287E-1 2.46281E-1 2.81809E-1 1.81228E-1 2.1712E-1 1.55901E-1 1.12934E-1 2.00693E-1 1.40862E-1 1.07607E-1 1.28403E-1 1.27294E-1 2.16761E-1 2.22738E-1 1.91179E-1 1.17836E-1 1.32922E-1 2.29747E-1 1.84365E-1 1.72071E-1 1.98689E-1 1.215E-1 1.2517E-1 1.31805E-1 1.47999E-1 2.40426E-1 2.97301E-1 2.25143E-1 2.77757E-1 2.77229E-1 3.52635E-1
-9999 -9999 -9999 -9999 -9999 -9999 -9999 -9999 -9999 -9999 -9999 -9999 -9999 -9999 -9999 -9999 5.02672E-1 6.16176E-1 3.54752E-1 2.36247E-1 2.19192E-1 2.39321E-1 2.2902E-1 2.45355E-1 2.37879E-1 2.2855E-1 2.44525E-1 2.39728E-1 2.28568E-1 2.2913E-1 2.42112E-1 2.50799E-1 2.39429E-1 2.33131E-1 2.30712E-1 2.21424E-1 2.29728E-1 2.7737E-1 2.44486E-1 2.41739E-1 3.02639E-1 2.09693E-1 2.4138E-1 3.55357E-1 1.57888E-1 1.21211E-1 1.36814E-1 1.59183E-1 1.13239E-1 1.05714E-1 1.26395E-1 1.75116E-1 2.88858E-1 2.60914E-1 2.10011E-1 2.2301E-1 1.91466E-1 2.60103E-1 2.75345E-1 1.60873E-1 1.01056E-1 9.56327E-2 1.30003E-1 1.09001E-1 1.407E-1 1.28773E-1 1.49286E-1 2.1562E-1 2.22561E-1 1.77969E-1 1.34294E-1 2.22418E-1
-9999 -9999 -9999 -9999 -9999 -9999 -9999 -9999 -9999 -9999 -9999 -9999 -9999 -9999 3.10404E-1 2.50572E-1 -9999 2.77561E-1 3.78435E-1 2.45361E-1 2.29392E-1 2.49724E-1 2.40271E-1 2.52366E-1 2.16658E-1 2.598E-1 2.51574E-1 2.45107E-1 2.44639E-1 2.34051E-1 2.45539E-1 2.59323E-1 2.4337E-1 2.64952E-1 2.40529E-1 2.44721E-1 2.37277E-1 2.22705E-1 2.46845E-1 2.32512E-1 3.47035E-1 2.16367E-1 1.7013E-1 2.6734E-1 2.05435E-1 1.23881E-1 1.04764E-1 9.51396E-2 1.27326E-1 1.05498E-1 1.50259E-1 2.62801E-1 2.27598E-1 1.83131E-1 2.08897E-1 2.19235E-1 1.75866E-1 1.99065E-1 2.07148E-1 1.50185E-1 9.91648E-2 1.26461E-1 1.43672E-1 1.35589E-1 1.65963E-1 1.52566E-1 8.79789E-2 1.5505E-1 1.36506E-1 1.99565E-1 2.257E-1 2.24729E-1
-9999 -9999 -9999 -9999 -9999 -9999 -9999 -9999 -9999 -9999 -9999 -9999 -9999 -9999 3.15093E-1 2.76821E-1 3.60088E-1 3.66207E-1 -9999 2.53494E-1 2.4118E-1 2.52733E-1 2.69735E-1 2.68952E-1 2.61501E-1 2.74305E-1 2.41976E-1 2.62076E-1 2.49414E-1 2.63987E-1 2.54993E-1 2.49184E-1 2.54174E-1 2.56292E-1 2.74251E-1 2.66694E-1 2.80748E-1 2.42573E-1 2.5381E-1 4.22674E-1 4.55861E-1 2.46647E-1 1.32375E-1 1.66213E-1 1.78122E-1 1.07551E-1 1.28366E-1 9.50877E-2 1.77773E-1 1.59267E-1 2.30015E-1 2.46537E-1 2.19219E-1 1.99326E-1 1.51823E-1 1.51674E-1 1.50711E-1 1.4982E-1 1.34755E-1 1.06782E-1 1.16614E-1 1.54361E-1 1.74982E-1 1.59661E-1 2.23107E-1 1.71949E-1 7.2177E-2 1.51883E-1 1.508E-1 1.77113E-1 1.91952E-1 2.15636E-1
-9999 -9999 -9999 -9999 -9999 -9999 -9999 -9999 -9999 -9999 -9999 -9999 -9999 -9999 -9999 3.18464E-1 2.62356E-1 4.88766E-1 -9999 3.08464E-1 3.51517E-1 2.77504E-1 2.77944E-1 2.97615E-1 3.14397E-1 3.04207E-1 2.7506E-1 2.66055E-1 3.06565E-1 2.76121E-1 2.74796E-1 2.91212E-1 2.75851E-1 2.62605E-1 2.79622E-1 2.69018E-1 2.8682E-1 2.84465E-1 -9999 3.89916E-1 3.40804E-1 3.59124E-1 1.458E-1 1.48826E-1 1.89535E-1 1.42799E-1 2.32298E-1 1.8912E-1 2.18594E-1 2.68918E-1 1.89307E-1 2.80998E-1 2.03974E-1 1.34049E-1 8.12885E-2 7.35227E-2 7.78434E-2 5.69832E-2 7.9953E-2 1.23418E-1 1.49011E-1 1.17855E-1 1.32581E-1 1.93311E-1 2.4847E-1 1.87574E-1 9.93638E-2 1.26205E-1 1.6247E-1 1.12065E-1 1.19062E-1 1.83344E-1
-9999 -9999 -9999 -9999 -9999 -9999 -9999 -9999 -9999 -9999 -9999 -9999 -9999 -9999 -9999 2.77634E-1 3.85404E-1 5.45229E-1 -9999 -9999 2.9195E-1 2.88495E-1 2.7606E-1 2.95378E-1 3.60798E-1 3.65897E-1 3.25768E-1 2.79084E-1 3.22639E-1 3.2382E-1 3.10007E-1 3.2413E-1 2.93695E-1 3.10265E-1 2.95755E-1 2.836E-1 2.71569E-1 2.85167E-1 2.83297E-1 3.97337E-1 3.2475E-1 1.76874E-1 2.10188E-1 1.50742E-1 2.32782E-1 2.03837E-1 2.42247E-1 2.35618E-1 3.06856E-1 3.1746E-1 2.20519E-1 2.11322E-1 9.55118E-2 9.01571E-2 7.69196E-2 8.88825E-2 1.03384E-1 9.02942E-2 9.60545E-2 1.05103E-1 1.53286E-1 1.5337E-1 1.58604E-1 2.60093E-1 2.72195E-1 2.20164E-1 6.33383E-2 1.14988E-1 1.71706E-1 1.44829E-1 1.16096E-1 1.761E-1
-9999 -9999 -9999 -9999 -9999 -9999 -9999 -9999 -9999 -9999 -9999 -9999 -9999 -9999 -9999 -9999 -9999 -9999 -9999 -9999 -9999 4.10925E-1 3.94565E-1 3.26274E-1 3.19867E-1 3.11622E-1 3.36689E-1 3.26269E-1 3.22378E-1 3.3249E-1 3.26634E-1 3.1728E-1 3.30144E-1 3.22826E-1 3.16304E-1 3.2403E-1 3.12473E-1 3.02861E-1 2.98595E-1 -9999 4.01219E-1 1.86741E-1 2.34105E-1 2.23049E-1 2.02097E-1 3.39118E-1 1.96404E-1 1.87233E-1 2.53161E-1 2.62194E-1 2.49759E-1 2.31667E-1 1.24263E-1 1.45812E-1 9.10249E-2 1.23491E-1 1.57347E-1 1.18133E-1 1.02999E-1 1.02291E-1 1.41803E-1 2.49296E-1 2.39225E-1 2.78841E-1 1.62794E-1 1.44502E-1 8.00689E-2 1.31713E-1 1.20079E-1 1.3853E-1 1.87997E-1 1.55993E-1
-9999 -9999 -9999 -9999 -9999 -9999 -9999 -9999 -9999 -9999 -9999 -9999 -9999 -9999 -9999 -9999 -9999 -9999 -9999 -9999 5.03315E-1 5.11909E-1 3.9323E-1 3.3927E-1 3.26257E-1 3.19935E-1 3.48111E-1 3.50252E-1 3.36045E-1 3.53217E-1 3.65659E-1 3.17898E-1 3.51601E-1 3.40662E-1 3.27764E-1 3.38399E-1 3.28085E-1 3.23067E-1 -9999 -9999 3.52115E-1 3.18822E-1 2.33382E-1 2.60384E-1 2.36441E-1 2.22852E-1 2.77527E-1 2.32112E-1 2.78453E-1 2.08763E-1 1.71575E-1 2.05896E-1 1.21701E-1 1.82922E-1 1.45177E-1 1.3747E-1 2.12523E-1 1.71893E-1 1.60409E-1 1.25583E-1 8.87044E-2 1.67306E-1 1.55028E-1 2.17234E-1 1.57626E-1 1.73098E-1 1.20806E-1 2.19648E-1 1.56507E-1 1.17913E-1 1.7758E-1 1.45537E-1
-9999 -9999 -9999 -9999 -9999 -9999 -9999 -9999 -9999 -9999 -9999 -9999 -9999 -9999 -9999 -9999 -9999 6.81354E-1 6.11221E-1 6.72535E-1 6.66996E-1 6.70518E-1 5.98269E-1 3.84307E-1 3.46034E-1 3.75195E-1 3.65205E-1 3.58815E-1 3.79437E-1 4.22541E-1 3.67788E-1 3.68618E-1 3.64587E-1 3.49998E-1 3.38446E-1 3.58055E-1 -9999 -9999 -9999 -9999 3.15227E-1 3.02981E-1 2.47141E-1 2.86885E-1 2.19243E-1 1.87163E-1 2.83729E-1 2.81532E-1 2.52736E-1 2.65775E-1 1.52218E-1 1.19015E-1 1.02253E-1 1.57466E-1 1.79351E-1 2.05488E-1 1.98382E-1 1.49473E-1 1.03842E-1 1.0733E-1 9.29008E-2 1.25132E-1 7.5602E-2 8.59057E-2 1.44569E-1 1.22201E-1 1.05017E-1 1.88772E-1 1.7178E-1 1.90572E-1 1.73515E-1 2.47481E-1
-9999 -9999 -9999 -9999 -9999 -9999 -9999 -9999 -9999 -9999 -9999 -9999 -9999 -9999 -9999 -9999 -9999 6.77214E-1 3.05685E-1 5.13116E-1 6.35826E-1 6.28836E-1 5.97277E-1 6.18744E-1 4.40916E-1 4.03974E-1 3.97606E-1 4.01899E-1 3.86532E-1 3.99616E-1 3.83658E-1 3.83583E-1 3.73666E-1 3.96854E-1 3.8045E-1 3.75598E-1 -9999 -9999 -9999 -9999 3.30186E-1 3.00057E-1 3.17065E-1 2.66999E-1 -9999 2.72317E-1 2.60872E-1 1.60702E-1 2.61429E-1 2.56615E-1 1.62923E-1 1.04389E-1 1.7927E-1 1.40833E-1 2.01853E-1 2.54737E-1 2.43993E-1 1.70025E-1 9.28016E-2 1.16134E-1 1.11331E-1 1.01229E-1 8.73332E-2 1.04011E-1 8.08141E-2 9.2278E-2 1.14903E-1 1.64261E-1 2.42847E-1 2.64146E-1 3.32843E-1 3.86457E-1
-9999 -9999 -9999 -9999 -9999 -9999 -9999 -9999 -9999 -9999 -9999 -9999 -9999 -9999 -9999 -9999 -9999 6.56063E-1 4.96844E-1 3.54444E-1 5.81704E-1 5.86953E-1 5.32425E-1 5.40042E-1 4.16254E-1 4.94299E-1 4.14208E-1 4.04104E-1 3.9966E-1 3.89311E-1 4.14008E-1 3.92922E-1 4.1665E-1 4.38399E-1 -9999 -9999 -9999 -9999 -9999 -9999 -9999 -9999 -9999 2.87506E-1 4.13745E-1 3.94507E-1 3.77483E-1 3.16845E-1 2.07231E-1 1.27072E-1 1.67067E-1 1.41473E-1 1.71148E-1 2.0393E-1 2.4199E-1 2.08702E-1 1.81216E-1 1.7305E-1 1.4241E-1 1.52479E-1 1.12383E-1 7.82191E-2 1.10576E-1 1.32818E-1 1.6322E-1 1.40497E-1 1.26087E-1 1.37404E-1 2.18435E-1 1.92726E-1 1.91095E-1 2.70616E-1
-9999 -9999 -9999 -9999 -9999 -9999 -9999 -9999 -9999 -9999 -9999 -9999 -9999 -9999 -9999 -9999 -9999 6.18998E-1 6.88164E-1 5.29647E-1 5.07496E-1 5.13974E-1 4.9533E-1 5.11523E-1 4.04896E-1 3.98223E-1 4.50762E-1 4.14696E-1 4.11065E-1 4.00221E-1 4.19457E-1 4.06937E-1 4.29992E-1 4.28226E-1 -9999 -9999 -9999 -9999 -9999 -9999 -9999 -9999 -9999 -9999 4.29669E-1 3.30274E-1 3.59581E-1 3.09426E-1 1.68838E-1 1.75559E-1 2.49798E-1 2.3103E-1 2.39036E-1 3.07641E-1 3.01796E-1 2.27628E-1 1.91813E-1 1.82325E-1 1.52772E-1 1.1837E-1 8.58973E-2 1.15587E-1 1.179E-1 1.31478E-1 1.75681E-1 1.7208E-1 1.28661E-1 2.11634E-1 3.11431E-1 2.25478E-1 2.01269E-1 1.65024E-1
-9999 -9999 -9999 -9999 -9999 -9999 -9999 -9999 -9999 -9999 -9999 -9999 -9999 -9999 -9999 -9999 -9999 -9999 7.52594E-1 5.73961E-1 4.58635E-1 4.53138E-1 4.2925E-1 3.6807E-1 3.81082E-1 3.36451E-1 4.24902E-1 5.57797E-1 4.81615E-1 4.53851E-1 4.46213E-1 4.42451E-1 4.42744E-1 4.41164E-1 4.37965E-1 -9999 -9999 -9999 -9999 -9999 -9999 -9999 -9999 -9999 -9999 3.04789E-1 2.61211E-1 2.02255E-1 2.49122E-1 2.40584E-1 2.40791E-1 -9999 3.23322E-1 2.52541E-1 1.67136E-1 9.63873E-2 1.04354E-1 7.81428E-2 1.25305E-1 1.61172E-1 1.55902E-1 1.3595E-1 1.1418E-1 1.31971E-1 9.26342E-2 1.42801E-1 2.01683E-1 3.03554E-1 2.93722E-1 2.22277E-1 1.82957E-1 1.83131E-1
-9999 -9999 -9999 -9999 -9999 -9999 -9999 -9999 -9999 -9999 -9999 -9999 -9999 -9999 -9999 -9999 -9999 -9999 6.5143E-1 6.59889E-1 4.49314E-1 3.93247E-1 3.62099E-1 2.50389E-1 2.84294E-1 3.5048E-1 4.81241E-1 5.92304E-1 4.84036E-1 4.80051E-1 4.77399E-1 4.58804E-1 4.93268E-1 4.70926E-1 4.85712E-1 -9999 -9999 -9999 -9999 -9999 -9999 -9999 -9999 -9999 -9999 2.95155E-1 2.79463E-1 2.75982E-1 2.59904E-1 2.65074E-1 -9999 3.61053E-1 2.64329E-1 1.11696E-1 1.2355E-1 1.55012E-1 1.83951E-1 2.94586E-1 1.76141E-1 1.49177E-1 1.58249E-1 1.60306E-1 1.47129E-1 2.09262E-1 1.69251E-1 1.11604E-1 9.74903E-2 2.20267E-1 2.12196E-1 2.02008E-1 1.0989E-1 2.18843E-1
-9999 -9999 -9999 -9999 -9999 -9999 -9999 -9999 -9999 -9999 -9999 -9999 -9999 -9999 -9999 -9999 -9999 -9999 5.61164E-1 7.63547E-1 5.3813E-1 2.26801E-1 2.34517E-1 2.47731E-1 2.26728E-1 3.0304E-1 3.36452E-1 4.62294E-1 5.56128E-1 5.08523E-1 4.60744E-1 4.99277E-1 4.91789E-1 4.83818E-1 5.26643E-1 -9999 -9999 -9999 -9999 -9999 -9999 -9999 -9999 -9999 -9999 -9999 3.02264E-1 -9999 -9999 -9999 3.17527E-1 2.267E-1 2.79851E-1 1.17609E-1 1.47812E-1 2.36984E-1 2.32279E-1 2.40301E-1 2.18721E-1 2.67124E-1 2.63201E-1 2.0485E-1 1.91798E-1 1.59144E-1 7.31222E-2 1.82826E-1 1.68987E-1 8.80798E-2 7.34312E-2 6.03711E-2 7.92711E-2 9.37072E-2
-9999 -9999 -9999 -9999 -9999 -9999 -9999 -9999 -9999 -9999 -9999 -9999 -9999 -9999 -9999 -9999 -9999 -9999 5.4614E-1 6.95356E-1 6.96566E-1 5.58945E-1 3.8892E-1 3.13997E-1 2.26049E-1 3.46332E-1 3.42341E-1 4.19386E-1 5.00538E-1 5.82564E-1 5.21597E-1 5.2496E-1 5.18793E-1 4.87744E-1 -9999 -9999 -9999 -9999 -9999 -9999 -9999 -9999 -9999 -9999 -9999 -9999 -9999 -9999 -9999 3.94491E-1 3.04548E-1 2.40274E-1 1.75117E-1 1.63926E-1 2.39387E-1 2.32455E-1 2.57393E-1 1.83286E-1 2.24789E-1 3.81841E-1 2.4381E-1 8.44518E-2 1.29933E-1 1.50527E-1 1.88557E-1 1.91196E-1 1.7037E-1 1.53933E-1 1.24756E-1 1.77017E-1 1.50096E-1 1.58726E-1
-9999 -9999 -9999 -9999 -9999 -9999 -9999 -9999 -9999 -9999 -9999 -9999 -9999 -9999 -9999 -9999 -9999 -9999 5.2575E-1 6.12433E-1 7.19032E-1 5.73245E-1 3.29021E-1 2.64586E-1 2.82707E-1 2.56223E-1 2.94641E-1 3.05559E-1 5.36328E-1 6.80389E-1 5.78893E-1 5.46561E-1 5.62171E-1 -9999 -9999 -9999 5.86914E-1 -9999 -9999 -9999 -9999 -9999 -9999 -9999 -9999 -9999 -9999 -9999 -9999 -9999 2.22309E-1 2.75808E-1 2.65916E-1 2.18276E-1 1.75148E-1 2.49377E-1 2.23109E-1 2.64394E-1 2.23667E-1 3.10398E-1 1.94779E-1 1.42451E-1 2.19685E-1 1.96198E-1 2.06823E-1 1.8559E-1 1.75714E-1 1.79348E-1 2.06757E-1 2.85932E-1 1.76239E-1 1.45881E-1
-9999 -9999 -9999 -9999 -9999 -9999 -9999 -9999 -9999 -9999 -9999 -9999 -9999 -9999 -9999 -9999 -9999 -9999 -9999 5.57017E-1 5.2896E-1 4.3582E-1 3.58283E-1 4.7726E-1 5.76141E-1 5.54272E-1 3.75742E-1 3.91761E-1 5.11385E-1 6.78981E-1 7.05733E-1 6.05734E-1 -9999 -9999 6.12374E-1 5.98828E-1 5.83317E-1 -9999 -9999 -9999 -9999 -9999 -9999 -9999 -9999 -9999 -9999 -9999 -9999 -9999 -9999 -9999 2.66783E-1 2.57226E-1 2.54669E-1 1.86376E-1 2.30409E-1 2.42343E-1 2.1023E-1 2.8177E-1 2.02729E-1 1.50022E-1 1.83093E-1 2.02929E-1 1.92264E-1 1.92618E-1 2.09468E-1 2.07424E-1 2.56246E-1 1.57454E-1 1.73498E-1 2.3121E-1
-9999 -9999 -9999 -9999 -9999 -9999 -9999 -9999 -9999 -9999 -9999 -9999 -9999 -9999 -9999 -9999 -9999 -9999 -9999 -9999 -9999 6.99881E-1 6.10357E-1 4.82583E-1 7.22735E-1 7.58171E-1 7.30621E-1 6.69519E-1 6.6039E-1 7.22096E-1 7.34628E-1 -9999 -9999 -9999 -9999 -9999 -9999 -9999 -9999 -9999 -9999 -9999 -9999 -9999 -9999 -9999 -9999 -9999 -9999 -9999 -9999 -9999 -9999 -9999 -9999 -9999 -9999 -9999 -9999 -9999 -9999 -9999 2.27047E-1 2.50091E-1 2.54233E-1 2.71847E-1 2.37794E-1 2.14485E-1 2.08996E-1 2.23951E-1 2.75739E-1 2.45743E-1
-9999 -9999 -9999 -9999 -9999 -9999 -9999 -9999 -9999 -9999 -9999 -9999 -9999 -9999 -9999 -9999 -9999 -9999 -9999 -9999 -9999 6.22971E-1 5.82346E-1 5.79332E-1 6.49299E-1 -9999 -9999 -9999 -9999 -9999 -9999 7.02656E-1 6.8498E-1 -9999 -9999 -9999 -9999 -9999 -9999 -9999 -9999 -9999 -9999 -9999 -9999 -9999 -9999 -9999 -9999 -9999 -9999 -9999 -9999 -9999 -9999 -9999 -9999 -9999 -9999 -9999 -9999 -9999 2.76946E-1 2.89779E-1 2.62238E-1 2.62049E-1 2.75371E-1 2.73821E-1 2.97048E-1 3.25397E-1 4.60439E-1 4.13835E-1
-9999 -9999 -9999 -9999 -9999 -9999 -9999 -9999 -9999 -9999 -9999 -9999 -9999 -9999 -9999 -9999 -9999 -9999 -9999 -9999 -9999 -9999 -9999 -9999 -9999 -9999 -9999 -9999 -9999 -9999 -9999 7.02685E-1 6.89754E-1 7.33783E-1 -9999 -9999 -9999 -9999 -9999 -9999 -9999 -9999 -9999 -9999 -9999 -9999 -9999 -9999 -9999 -9999 -9999 -9999 -9999 -9999 -9999 -9999 -9999 -9999 -9999 -9999 -9999 -9999 -9999 2.62008E-1 2.87879E-1 3.14675E-1 3.1999E-1 3.32188E-1 3.88422E-1 4.60922E-1 5.3533E-1 4.6203E-1
-9999 -9999 -9999 -9999 -9999 -9999 -9999 -9999 -9999 -9999 -9999 -9999 -9999 -9999 -9999 -9999 -9999 -9999 -9999 -9999 -9999 -9999 -9999 -9999 -9999 -9999 -9999 -9999 -9999 -9999 -9999 7.20916E-1 6.84286E-1 6.90593E-1 7.35828E-1 7.58446E-1 -9999 -9999 -9999 -9999 -9999 -9999 -9999 -9999 -9999 -9999 -9999 -9999 -9999 -9999 -9999 -9999 -9999 -9999 -9999 -9999 -9999 -9999 -9999 -9999 -9999 -9999 -9999 -9999 -9999 3.21976E-1 3.09487E-1 3.86802E-1 5.11278E-1 5.57105E-1 4.99151E-1 5.10178E-1
-9999 -9999 -9999 -9999 -9999 -9999 -9999 -9999 -9999 -9999 -9999 -9999 -9999 -9999 -9999 -9999 -9999 -9999 -9999 -9999 -9999 -9999 -9999 -9999 -9999 -9999 -9999 -9999 -9999 -9999 -9999 -9999 -9999 7.28161E-1 7.26152E-1 6.74094E-1 5.97567E-1 6.313E-1 -9999 -9999 -9999 -9999 -9999 -9999 -9999 -9999 -9999 -9999 -9999 -9999 -9999 -9999 -9999 -9999 -9999 -9999 -9999 -9999 -9999 -9999 -9999 -9999 -9999 -9999 -9999 3.15075E-1 3.33943E-1 4.141E-1 3.01532E-1 2.06291E-1 1.4636E-1 1.58945E-1
-9999 -9999 -9999 -9999 -9999 -9999 -9999 -9999 -9999 -9999 -9999 -9999 -9999 -9999 -9999 -9999 -9999 -9999 -9999 -9999 -9999 -9999 -9999 -9999 -9999 -9999 -9999 -9999 -9999 -9999 -9999 -9999 -9999 -9999 7.26877E-1 6.76692E-1 6.37477E-1 6.72642E-1 6.7543E-1 -9999 -9999 -9999 -9999 -9999 -9999 -9999 -9999 -9999 -9999 -9999 -9999 -9999 -9999 -9999 -9999 -9999 -9999 -9999 -9999 -9999 -9999 -9999 -9999 -9999 -9999 -9999 -9999 3.4532E-1 4.05171E-1 4.4316E-1 4.90836E-1 5.44087E-1
