Artocarpus altilis SDM files/Last interglacial/results (with bias file)/Artalt_6.asc
ncols         1201
nrows         481
xllcorner     119.99986351115
yllcorner     -15.00013864885
cellsize      0.041666667
NODATA_value  -9999
[rows 416 to 447 of 481, columns 504 to 575 of 1201]
-9999 -9999 -9999 -9999 -9999 -9999 -9999 -9999 -9999 -9999 -9999 -9999 -9999 -9999 -9999 -9999 6.7778E-1 6.57757E-1 6.56245E-1 6.4035E-1 6.17466E-1 6.16534E-1 6.32924E-1 6.09234E-1 5.91192E-1 5.82688E-1 5.66922E-1 5.83103E-1 5.66665E-1 5.37961E-1 5.22164E-1 5.40204E-1 5.21705E-1 5.42371E-1 5.08982E-1 5.20088E-1 5.16467E-1 4.88316E-1 4.801E-1 5.00131E-1 4.87394E-1 4.71336E-1 4.94786E-1 4.92257E-1 5.35187E-1 4.87188E-1 5.30243E-1 5.73704E-1 5.5106E-1 5.98326E-1 -9999 -9999 -9999 -9999 -9999 -9999 -9999 7.68906E-1 -9999 -9999 -9999 -9999 -9999 -9999 -9999 -9999 -9999 -9999 -9999 -9999 -9999 -9999
-9999 -9999 -9999 -9999 -9999 -9999 -9999 -9999 -9999 -9999 -9999 -9999 -9999 -9999 -9999 -9999 6.63038E-1 6.55503E-1 6.54881E-1 6.35228E-1 6.36214E-1 6.0368E-1 5.99845E-1 5.98186E-1 5.73206E-1 5.54972E-1 5.53262E-1 5.54663E-1 5.50205E-1 5.4687E-1 5.52168E-1 5.42244E-1 5.40603E-1 5.27761E-1 5.21194E-1 5.15669E-1 5.05478E-1 4.73336E-1 4.88198E-1 4.94943E-1 4.91262E-1 4.78614E-1 4.8129E-1 4.95516E-1 5.28498E-1 4.85454E-1 4.70345E-1 5.34664E-1 5.53947E-1 5.69839E-1 6.20969E-1 6.45696E-1 6.22677E-1 6.19335E-1 -9999 -9999 -9999 -9999 -9999 -9999 -9999 -9999 -9999 -9999 -9999 -9999 -9999 -9999 -9999 -9999 -9999 -9999
-9999 -9999 -9999 -9999 -9999 -9999 -9999 -9999 -9999 -9999 -9999 -9999 -9999 -9999 -9999 6.51235E-1 6.48322E-1 6.45561E-1 6.23052E-1 6.31397E-1 6.13848E-1 6.10298E-1 5.8025E-1 5.73798E-1 5.61244E-1 5.49178E-1 5.4646E-1 5.41983E-1 5.28624E-1 5.26017E-1 5.14628E-1 5.26143E-1 5.1793E-1 5.00924E-1 5.12211E-1 5.06259E-1 4.88131E-1 4.84554E-1 4.83544E-1 4.66915E-1 4.79191E-1 4.8346E-1 4.5949E-1 4.80975E-1 4.93952E-1 4.78889E-1 4.34734E-1 5.11179E-1 5.50625E-1 5.39652E-1 5.92646E-1 6.18492E-1 5.434E-1 6.15061E-1 5.92811E-1 -9999 -9999 -9999 -9999 -9999 -9999 -9999 -9999 -9999 -9999 -9999 -9999 -9999 -9999 -9999 -9999 -9999
-9999 -9999 -9999 -9999 -9999 -9999 -9999 -9999 -9999 -9999 -9999 -9999 -9999 -9999 -9999 6.37047E-1 6.45305E-1 6.20955E-1 6.09033E-1 6.23246E-1 6.0452E-1 6.00183E-1 5.7835E-1 5.70341E-1 5.52645E-1 5.62271E-1 5.55263E-1 5.28328E-1 5.37669E-1 5.13083E-1 5.00126E-1 5.17051E-1 5.01162E-1 5.0475E-1 4.91047E-1 4.84695E-1 4.70464E-1 4.80964E-1 4.79092E-1 4.83949E-1 4.87393E-1 4.7661E-1 4.54079E-1 4.53717E-1 4.71766E-1 4.4344E-1 4.1857E-1 4.5304E-1 5.07184E-1 5.43237E-1 5.61129E-1 5.86735E-1 5.97899E-1 5.30806E-1 5.31214E-1 -9999 -9999 -9999 -9999 -9999 -9999 -9999 -9999 -9999 -9999 -9999 -9999 -9999 -9999 -9999 -9999 -9999
-9999 -9999 -9999 -9999 -9999 -9999 -9999 -9999 -9999 -9999 -9999 -9999 -9999 -9999 6.41966E-1 6.3247E-1 6.21676E-1 6.25727E-1 6.24899E-1 5.97456E-1 5.99739E-1 5.9272E-1 5.78744E-1 5.57066E-1 5.37448E-1 5.37885E-1 5.51272E-1 5.31546E-1 5.24446E-1 5.19643E-1 4.8081E-1 4.88268E-1 4.84231E-1 4.86389E-1 4.90659E-1 4.78316E-1 4.79E-1 4.6222E-1 4.7412E-1 4.6654E-1 4.8132E-1 4.58511E-1 4.34572E-1 4.61009E-1 4.57049E-1 4.07313E-1 4.50844E-1 4.83165E-1 4.97908E-1 5.0271E-1 5.42282E-1 5.58475E-1 5.57086E-1 4.75699E-1 5.68734E-1 -9999 -9999 -9999 -9999 -9999 -9999 -9999 -9999 -9999 -9999 -9999 -9999 -9999 -9999 -9999 -9999 -9999
-9999 -9999 -9999 -9999 -9999 -9999 -9999 -9999 -9999 -9999 -9999 -9999 -9999 -9999 6.26501E-1 6.12957E-1 6.1415E-1 6.17456E-1 5.98914E-1 5.91647E-1 5.86198E-1 5.87842E-1 5.41728E-1 5.38806E-1 5.27187E-1 5.32289E-1 5.19805E-1 5.21808E-1 5.22341E-1 5.25065E-1 4.77156E-1 4.57446E-1 4.72882E-1 4.84834E-1 4.85583E-1 4.79134E-1 4.60355E-1 4.54931E-1 4.60446E-1 4.43052E-1 4.56676E-1 4.49305E-1 4.58998E-1 4.67541E-1 4.46826E-1 4.09477E-1 4.13956E-1 4.52038E-1 5.00333E-1 4.96327E-1 5.21911E-1 5.07779E-1 5.20114E-1 5.68888E-1 6.0487E-1 -9999 -9999 -9999 -9999 -9999 -9999 -9999 -9999 -9999 -9999 -9999 -9999 -9999 -9999 -9999 -9999 -9999
-9999 -9999 -9999 -9999 -9999 -9999 -9999 -9999 -9999 -9999 -9999 -9999 -9999 -9999 6.27473E-1 6.01204E-1 6.00482E-1 -9999 5.95516E-1 5.55868E-1 5.70358E-1 5.50095E-1 5.55799E-1 5.35352E-1 5.39054E-1 5.21846E-1 5.13806E-1 5.04496E-1 5.03051E-1 5.01379E-1 4.97456E-1 4.74672E-1 4.70285E-1 4.64076E-1 4.71136E-1 4.52087E-1 4.60766E-1 4.45695E-1 4.38582E-1 4.31912E-1 4.34861E-1 4.54533E-1 4.56729E-1 4.49456E-1 4.36914E-1 4.12265E-1 3.86879E-1 3.99417E-1 4.54039E-1 4.98551E-1 5.26103E-1 5.47704E-1 5.46445E-1 5.48142E-1 5.79228E-1 6.04219E-1 6.21305E-1 -9999 -9999 -9999 -9999 -9999 -9999 -9999 -9999 -9999 -9999 -9999 -9999 -9999 -9999 -9999
-9999 -9999 -9999 -9999 -9999 -9999 -9999 -9999 -9999 -9999 -9999 -9999 -9999 -9999 -9999 -9999 -9999 -9999 -9999 5.71457E-1 5.55115E-1 5.4816E-1 5.34945E-1 5.1365E-1 5.32866E-1 5.09592E-1 4.97319E-1 4.93408E-1 4.67583E-1 4.90142E-1 4.79419E-1 4.84597E-1 4.80805E-1 4.5644E-1 4.70071E-1 4.5025E-1 4.41357E-1 4.33352E-1 4.24033E-1 4.30099E-1 4.31335E-1 4.3909E-1 4.32804E-1 4.23832E-1 4.1565E-1 4.024E-1 3.73884E-1 3.52387E-1 4.23235E-1 4.7558E-1 5.22243E-1 5.12695E-1 4.47156E-1 4.61341E-1 5.40355E-1 5.63881E-1 5.24287E-1 6.22072E-1 6.48935E-1 -9999 -9999 -9999 -9999 -9999 -9999 -9999 -9999 -9999 -9999 -9999 -9999 -9999
-9999 -9999 -9999 -9999 -9999 -9999 -9999 -9999 -9999 -9999 -9999 -9999 -9999 -9999 -9999 -9999 -9999 -9999 -9999 5.48757E-1 5.51189E-1 5.23537E-1 5.25134E-1 5.12928E-1 5.03765E-1 5.0618E-1 4.9767E-1 4.98026E-1 4.84905E-1 4.58278E-1 4.62288E-1 4.71824E-1 4.59596E-1 4.61366E-1 4.55092E-1 4.35603E-1 4.27449E-1 4.19628E-1 4.08331E-1 4.06882E-1 4.15422E-1 4.33083E-1 4.20255E-1 4.35577E-1 4.17921E-1 4.06733E-1 4.01267E-1 3.61311E-1 4.3381E-1 4.88944E-1 4.83399E-1 4.55611E-1 3.88553E-1 3.83797E-1 5.06647E-1 5.29841E-1 5.55369E-1 6.13782E-1 6.5762E-1 -9999 -9999 -9999 -9999 -9999 -9999 -9999 -9999 -9999 -9999 -9999 -9999 -9999
-9999 -9999 -9999 -9999 -9999 -9999 -9999 -9999 -9999 -9999 -9999 -9999 -9999 -9999 -9999 -9999 -9999 -9999 -9999 5.379E-1 5.36777E-1 5.36058E-1 5.18916E-1 4.95917E-1 4.98172E-1 5.04146E-1 5.00193E-1 4.9885E-1 4.6631E-1 4.52039E-1 4.67542E-1 4.60649E-1 4.43104E-1 4.47108E-1 4.41395E-1 4.36187E-1 4.24927E-1 4.05626E-1 3.85537E-1 4.09083E-1 4.02809E-1 4.12627E-1 4.18265E-1 4.24263E-1 4.07399E-1 3.69733E-1 3.55673E-1 3.9077E-1 4.38727E-1 4.54553E-1 4.32748E-1 4.02794E-1 4.30201E-1 4.2915E-1 5.39651E-1 5.41096E-1 5.62938E-1 6.0715E-1 -9999 -9999 -9999 -9999 -9999 -9999 -9999 -9999 -9999 -9999 -9999 -9999 -9999 -9999
-9999 -9999 -9999 -9999 -9999 -9999 -9999 -9999 -9999 -9999 -9999 -9999 -9999 -9999 -9999 -9999 -9999 -9999 -9999 5.24616E-1 5.35261E-1 5.29834E-1 5.09105E-1 5.04637E-1 5.01484E-1 4.87873E-1 4.8328E-1 4.77647E-1 4.53292E-1 4.56109E-1 4.63766E-1 4.64507E-1 4.35744E-1 4.39572E-1 4.39645E-1 4.1756E-1 4.09455E-1 4.03013E-1 3.55611E-1 3.76971E-1 3.82781E-1 3.91628E-1 4.05426E-1 4.14023E-1 3.84796E-1 3.84092E-1 3.70564E-1 4.22625E-1 4.45498E-1 4.58379E-1 4.59124E-1 4.28853E-1 4.19974E-1 4.34246E-1 5.39867E-1 5.15983E-1 5.49905E-1 5.92337E-1 -9999 -9999 -9999 -9999 -9999 -9999 -9999 -9999 -9999 -9999 -9999 -9999 -9999 -9999
-9999 -9999 -9999 -9999 -9999 -9999 -9999 -9999 -9999 -9999 -9999 -9999 -9999 -9999 -9999 -9999 -9999 -9999 5.42843E-1 5.21394E-1 5.17027E-1 5.10255E-1 5.15983E-1 4.7695E-1 4.69185E-1 4.76413E-1 4.81766E-1 4.74168E-1 4.81442E-1 4.56253E-1 4.5572E-1 4.44005E-1 4.51129E-1 4.3395E-1 4.2455E-1 4.11683E-1 4.03263E-1 4.04051E-1 3.62339E-1 3.37482E-1 3.71846E-1 3.81552E-1 3.87112E-1 4.00388E-1 4.10738E-1 4.00788E-1 4.09612E-1 3.97973E-1 4.30552E-1 4.09483E-1 4.32672E-1 3.68958E-1 3.3173E-1 3.92407E-1 5.06977E-1 5.0429E-1 5.5261E-1 5.95058E-1 -9999 -9999 -9999 -9999 -9999 -9999 -9999 -9999 -9999 -9999 -9999 -9999 -9999 -9999
-9999 -9999 -9999 -9999 -9999 -9999 -9999 -9999 -9999 -9999 -9999 -9999 -9999 -9999 -9999 -9999 -9999 -9999 5.48782E-1 5.32719E-1 5.0452E-1 5.1248E-1 5.148E-1 4.91287E-1 4.70102E-1 4.83447E-1 4.536E-1 4.58642E-1 4.64552E-1 4.62575E-1 4.44817E-1 4.36E-1 4.35008E-1 4.35209E-1 4.23016E-1 4.09626E-1 3.93955E-1 3.9054E-1 3.95572E-1 3.30972E-1 3.66194E-1 3.76545E-1 3.94371E-1 3.84143E-1 3.8556E-1 3.71657E-1 3.96625E-1 3.62111E-1 4.15254E-1 3.94106E-1 3.41678E-1 3.38524E-1 3.25498E-1 3.81267E-1 4.96975E-1 5.37323E-1 5.50962E-1 -9999 -9999 -9999 -9999 -9999 -9999 -9999 -9999 -9999 -9999 -9999 -9999 -9999 -9999 -9999
-9999 -9999 -9999 -9999 -9999 -9999 -9999 -9999 -9999 -9999 -9999 -9999 -9999 -9999 -9999 -9999 -9999 5.42703E-1 5.19984E-1 5.23356E-1 4.84145E-1 4.86312E-1 5.06935E-1 4.91449E-1 4.88161E-1 4.91655E-1 4.58823E-1 4.60068E-1 4.4286E-1 4.42675E-1 4.40523E-1 4.34415E-1 4.35076E-1 4.15766E-1 4.11656E-1 4.09924E-1 3.92735E-1 3.72589E-1 3.72033E-1 3.5207E-1 3.73708E-1 3.70873E-1 3.87159E-1 3.72429E-1 3.68011E-1 3.74707E-1 3.62583E-1 3.92287E-1 3.93876E-1 3.35745E-1 3.41359E-1 3.18689E-1 3.40652E-1 3.75987E-1 4.54728E-1 5.19146E-1 5.43667E-1 -9999 5.80535E-1 6.19793E-1 6.30149E-1 -9999 -9999 -9999 -9999 -9999 -9999 -9999 -9999 -9999 -9999 -9999
-9999 -9999 -9999 -9999 -9999 -9999 -9999 -9999 -9999 -9999 -9999 -9999 -9999 -9999 -9999 -9999 5.51604E-1 5.3125E-1 5.06933E-1 4.87195E-1 5.05663E-1 4.92811E-1 4.82977E-1 4.69241E-1 4.79364E-1 4.83923E-1 4.56369E-1 4.54815E-1 4.29773E-1 4.33604E-1 4.40516E-1 4.17885E-1 4.22391E-1 3.99852E-1 4.00218E-1 3.96339E-1 3.86331E-1 3.69137E-1 3.39209E-1 3.62605E-1 3.71509E-1 3.76443E-1 3.77532E-1 3.69935E-1 3.49999E-1 3.65525E-1 3.50104E-1 3.80638E-1 3.98089E-1 3.72138E-1 3.79382E-1 3.63182E-1 3.6053E-1 3.59497E-1 4.20752E-1 5.09099E-1 5.41693E-1 5.68539E-1 5.8486E-1 5.80369E-1 6.13094E-1 -9999 -9999 -9999 -9999 -9999 -9999 -9999 -9999 -9999 -9999 -9999
-9999 -9999 -9999 -9999 -9999 -9999 -9999 -9999 -9999 -9999 -9999 -9999 -9999 -9999 5.59461E-1 5.58549E-1 5.54563E-1 5.521E-1 5.25409E-1 5.04126E-1 4.84744E-1 4.80035E-1 4.75271E-1 4.63756E-1 4.6539E-1 4.57588E-1 4.44326E-1 4.31964E-1 4.28729E-1 4.32863E-1 4.37571E-1 4.3052E-1 4.08659E-1 3.83507E-1 3.87778E-1 3.84772E-1 3.79262E-1 3.66787E-1 3.61801E-1 3.61349E-1 3.56569E-1 3.59874E-1 3.70713E-1 3.51406E-1 3.60852E-1 3.841E-1 3.58341E-1 3.74524E-1 3.69316E-1 3.15458E-1 3.48068E-1 3.65019E-1 3.78105E-1 3.68512E-1 3.87327E-1 4.69886E-1 5.31731E-1 5.58969E-1 5.47629E-1 5.67537E-1 6.27141E-1 -9999 -9999 -9999 -9999 -9999 -9999 -9999 -9999 -9999 -9999 -9999
-9999 -9999 -9999 -9999 -9999 -9999 -9999 -9999 -9999 -9999 -9999 -9999 -9999 -9999 5.57347E-1 5.51286E-1 5.56758E-1 5.55074E-1 5.40892E-1 5.31091E-1 4.7549E-1 4.67117E-1 4.76772E-1 4.67147E-1 4.71318E-1 4.49174E-1 4.29776E-1 4.30783E-1 4.35867E-1 4.26049E-1 4.22512E-1 4.20976E-1 4.06291E-1 3.90872E-1 3.72171E-1 3.72418E-1 3.62694E-1 3.67465E-1 3.59606E-1 3.49949E-1 3.5056E-1 3.54453E-1 3.64883E-1 3.42863E-1 3.57487E-1 3.59685E-1 3.64232E-1 3.49818E-1 3.4027E-1 2.87691E-1 3.17287E-1 3.585E-1 3.72839E-1 3.67764E-1 3.53232E-1 4.18952E-1 5.22263E-1 5.52696E-1 5.18138E-1 5.54468E-1 6.14635E-1 -9999 -9999 -9999 -9999 -9999 -9999 -9999 -9999 -9999 -9999 -9999
-9999 -9999 -9999 -9999 -9999 -9999 -9999 -9999 -9999 -9999 -9999 -9999 -9999 -9999 5.78235E-1 5.68028E-1 5.50523E-1 5.29271E-1 5.32579E-1 5.19893E-1 4.96822E-1 4.71689E-1 4.48469E-1 4.61773E-1 4.4758E-1 4.51327E-1 4.1864E-1 4.29113E-1 4.29795E-1 4.27418E-1 4.20951E-1 4.22056E-1 4.12575E-1 3.90467E-1 3.69956E-1 3.56375E-1 3.49207E-1 3.55833E-1 3.53374E-1 3.37138E-1 3.36979E-1 3.46096E-1 3.53316E-1 3.34753E-1 3.47853E-1 3.61559E-1 3.49896E-1 3.7159E-1 3.62411E-1 3.09089E-1 2.92649E-1 3.24828E-1 3.45515E-1 3.32249E-1 3.42297E-1 4.05654E-1 5.0611E-1 5.50449E-1 5.35654E-1 5.01494E-1 5.91279E-1 -9999 -9999 -9999 -9999 -9999 -9999 -9999 -9999 -9999 -9999 -9999
-9999 -9999 -9999 -9999 -9999 -9999 -9999 -9999 -9999 -9999 -9999 -9999 -9999 -9999 5.61514E-1 5.525E-1 5.18708E-1 5.32063E-1 5.28035E-1 5.10387E-1 5.11917E-1 4.87664E-1 4.55904E-1 4.60442E-1 4.42408E-1 4.44389E-1 4.26362E-1 4.35395E-1 4.19013E-1 4.19925E-1 4.12126E-1 4.14307E-1 4.07086E-1 3.87544E-1 3.77429E-1 3.6575E-1 3.54265E-1 3.48368E-1 3.40531E-1 3.31967E-1 3.25429E-1 3.413E-1 3.47586E-1 3.30791E-1 3.5027E-1 3.49074E-1 3.46389E-1 3.40389E-1 3.59984E-1 3.36991E-1 2.92433E-1 3.46758E-1 3.28706E-1 2.66494E-1 3.52556E-1 3.99656E-1 5.12215E-1 5.44597E-1 5.28661E-1 5.22453E-1 5.92027E-1 -9999 -9999 -9999 -9999 -9999 -9999 -9999 -9999 -9999 -9999 -9999
-9999 -9999 -9999 -9999 -9999 -9999 -9999 -9999 -9999 -9999 -9999 -9999 -9999 -9999 5.49854E-1 5.49175E-1 5.27716E-1 5.05373E-1 5.14551E-1 5.0961E-1 4.78452E-1 4.78983E-1 4.67228E-1 4.58991E-1 4.495E-1 4.36359E-1 4.19315E-1 4.23231E-1 4.23611E-1 4.09625E-1 4.0841E-1 4.01696E-1 3.9135E-1 3.83887E-1 3.74844E-1 3.65768E-1 3.41407E-1 3.36565E-1 3.43176E-1 3.38715E-1 3.31597E-1 3.42219E-1 3.44046E-1 3.36866E-1 3.44511E-1 3.28105E-1 3.38778E-1 3.38781E-1 3.67761E-1 3.61579E-1 3.31595E-1 3.18437E-1 3.68409E-1 3.53223E-1 3.56951E-1 4.23833E-1 4.83185E-1 5.37949E-1 5.36262E-1 5.17964E-1 6.0854E-1 -9999 -9999 -9999 -9999 -9999 -9999 -9999 -9999 -9999 -9999 -9999
-9999 -9999 -9999 -9999 -9999 -9999 -9999 -9999 -9999 -9999 -9999 -9999 -9999 -9999 5.49373E-1 5.24946E-1 5.13037E-1 4.96156E-1 5.00378E-1 4.93628E-1 4.77409E-1 4.50374E-1 4.53085E-1 4.5236E-1 4.35385E-1 4.37555E-1 4.1861E-1 4.21795E-1 4.16163E-1 4.14073E-1 4.0122E-1 3.8702E-1 3.88925E-1 3.84182E-1 3.62775E-1 3.5793E-1 3.41192E-1 3.42547E-1 3.43999E-1 3.48788E-1 3.34784E-1 3.48867E-1 3.3786E-1 3.40874E-1 3.2563E-1 3.33416E-1 3.12679E-1 3.41513E-1 3.40182E-1 3.61169E-1 3.58324E-1 3.53907E-1 3.77913E-1 3.78986E-1 3.75328E-1 3.16536E-1 4.09755E-1 5.24275E-1 5.39788E-1 4.85646E-1 5.91716E-1 -9999 -9999 -9999 -9999 -9999 -9999 -9999 -9999 -9999 -9999 -9999
-9999 -9999 -9999 -9999 -9999 -9999 -9999 -9999 -9999 -9999 -9999 -9999 -9999 -9999 -9999 5.29394E-1 4.98978E-1 5.03509E-1 4.91224E-1 4.81218E-1 4.66622E-1 4.52952E-1 4.49105E-1 4.28552E-1 4.45265E-1 4.17449E-1 4.14017E-1 4.02813E-1 3.97453E-1 4.11364E-1 4.04983E-1 3.82661E-1 3.6847E-1 3.71164E-1 3.528E-1 3.4262E-1 3.31284E-1 3.42121E-1 3.47295E-1 3.43483E-1 3.49911E-1 3.45293E-1 3.43162E-1 3.41724E-1 3.18708E-1 3.25543E-1 3.11823E-1 3.10633E-1 3.14385E-1 3.49415E-1 3.37333E-1 3.44781E-1 3.64529E-1 3.69879E-1 3.4403E-1 3.25975E-1 3.66713E-1 4.96212E-1 5.0507E-1 5.27187E-1 5.96596E-1 6.43833E-1 -9999 -9999 -9999 -9999 -9999 -9999 -9999 -9999 -9999 -9999
-9999 -9999 -9999 -9999 -9999 -9999 -9999 -9999 -9999 -9999 -9999 -9999 -9999 -9999 -9999 5.15842E-1 4.95227E-1 4.90876E-1 4.8417E-1 4.67788E-1 4.43512E-1 4.54506E-1 4.54038E-1 4.55457E-1 4.19398E-1 4.12688E-1 4.01254E-1 3.97173E-1 4.0153E-1 4.07424E-1 4.01802E-1 3.8246E-1 3.65955E-1 3.38992E-1 3.21927E-1 3.1553E-1 3.43661E-1 3.43665E-1 3.43793E-1 3.34827E-1 3.34233E-1 3.41363E-1 3.41288E-1 3.38902E-1 3.24418E-1 3.06476E-1 3.05338E-1 2.90968E-1 2.69373E-1 3.28271E-1 3.47858E-1 3.35192E-1 3.49414E-1 3.77232E-1 3.88253E-1 3.55501E-1 4.04645E-1 4.98788E-1 5.20604E-1 5.04798E-1 5.84043E-1 -9999 -9999 -9999 -9999 -9999 -9999 -9999 -9999 -9999 -9999 -9999
-9999 -9999 -9999 -9999 -9999 -9999 -9999 -9999 -9999 -9999 -9999 -9999 -9999 -9999 -9999 -9999 4.8011E-1 4.89244E-1 4.77906E-1 4.59516E-1 4.46311E-1 4.56521E-1 4.43854E-1 4.3041E-1 4.13441E-1 4.20815E-1 4.22834E-1 4.06516E-1 3.94283E-1 3.99617E-1 3.85386E-1 3.77576E-1 3.35517E-1 3.4297E-1 3.23589E-1 3.10911E-1 3.27934E-1 3.47386E-1 3.47784E-1 3.29657E-1 3.25571E-1 3.35396E-1 3.35349E-1 3.33095E-1 3.26581E-1 3.23315E-1 3.02535E-1 2.93723E-1 3.03121E-1 3.09205E-1 3.42025E-1 3.51049E-1 3.73785E-1 3.91789E-1 3.6655E-1 3.54322E-1 3.81575E-1 4.84104E-1 5.21182E-1 5.02682E-1 5.84193E-1 -9999 -9999 -9999 -9999 -9999 -9999 -9999 -9999 -9999 -9999 -9999
-9999 -9999 -9999 -9999 -9999 -9999 -9999 -9999 -9999 -9999 -9999 -9999 -9999 -9999 -9999 4.8368E-1 4.79832E-1 4.79058E-1 4.6776E-1 4.44067E-1 4.40256E-1 4.38076E-1 4.35383E-1 4.35457E-1 4.29413E-1 4.16117E-1 4.08018E-1 3.92024E-1 3.8452E-1 3.91381E-1 3.74213E-1 3.53E-1 3.45212E-1 3.58608E-1 3.43035E-1 3.30996E-1 3.3996E-1 3.44608E-1 3.41854E-1 3.34164E-1 3.3791E-1 3.39405E-1 3.33502E-1 3.29115E-1 3.23937E-1 3.25778E-1 2.91172E-1 3.23196E-1 3.08233E-1 2.77807E-1 3.42109E-1 3.63465E-1 3.82154E-1 3.82895E-1 3.45992E-1 3.67215E-1 4.10836E-1 4.20226E-1 4.9607E-1 4.7396E-1 5.62302E-1 -9999 -9999 -9999 -9999 -9999 -9999 -9999 -9999 -9999 -9999 -9999
-9999 -9999 -9999 -9999 -9999 -9999 -9999 -9999 -9999 -9999 -9999 -9999 -9999 -9999 -9999 4.65876E-1 4.63942E-1 4.63301E-1 4.53258E-1 4.52455E-1 4.49611E-1 4.41659E-1 4.35078E-1 4.3014E-1 4.07949E-1 4.15871E-1 4.10764E-1 3.86362E-1 3.96248E-1 3.87487E-1 3.80922E-1 3.7022E-1 3.70357E-1 3.49451E-1 3.59965E-1 3.5949E-1 3.4413E-1 3.45687E-1 3.39723E-1 3.34908E-1 3.33656E-1 3.4301E-1 3.32302E-1 3.35701E-1 3.28176E-1 3.22849E-1 2.83494E-1 3.35567E-1 3.04592E-1 3.11144E-1 3.45172E-1 3.72776E-1 3.78585E-1 3.87509E-1 3.81359E-1 4.14603E-1 4.04494E-1 4.11568E-1 4.58678E-1 5.00559E-1 5.71086E-1 5.99821E-1 -9999 -9999 -9999 -9999 -9999 -9999 -9999 -9999 -9999 -9999
-9999 -9999 -9999 -9999 -9999 -9999 -9999 -9999 -9999 -9999 -9999 -9999 -9999 -9999 4.73585E-1 4.6487E-1 4.70259E-1 4.64203E-1 4.53804E-1 4.42185E-1 4.39564E-1 4.23257E-1 4.32121E-1 4.16184E-1 4.22968E-1 4.01817E-1 3.93121E-1 3.91986E-1 3.90838E-1 3.89882E-1 3.82426E-1 3.81633E-1 3.73331E-1 3.63864E-1 3.58111E-1 3.5446E-1 3.45719E-1 3.40853E-1 3.3962E-1 3.40931E-1 3.38999E-1 3.35652E-1 3.35091E-1 3.1648E-1 3.30085E-1 3.38164E-1 3.27727E-1 3.31145E-1 3.22226E-1 3.33758E-1 3.52429E-1 3.59021E-1 3.80005E-1 3.84943E-1 3.89854E-1 3.85065E-1 3.59149E-1 4.30178E-1 5.11377E-1 4.92801E-1 4.85914E-1 5.97828E-1 6.09727E-1 -9999 -9999 -9999 -9999 -9999 -9999 -9999 -9999 -9999
-9999 -9999 -9999 -9999 -9999 -9999 -9999 -9999 -9999 -9999 -9999 -9999 -9999 -9999 4.70834E-1 4.77861E-1 4.76932E-1 4.63597E-1 4.59025E-1 4.33515E-1 4.29871E-1 4.34995E-1 4.22556E-1 4.18228E-1 3.90246E-1 3.78261E-1 3.6962E-1 3.91794E-1 3.84211E-1 3.8769E-1 3.84483E-1 3.85147E-1 3.65431E-1 3.56827E-1 3.50432E-1 3.38926E-1 3.41319E-1 3.4621E-1 3.44381E-1 3.275E-1 3.26365E-1 3.29481E-1 3.32094E-1 3.31596E-1 3.34699E-1 3.19601E-1 3.29919E-1 3.34141E-1 3.4051E-1 3.48596E-1 3.59606E-1 3.53587E-1 3.78536E-1 3.91057E-1 3.22918E-1 2.96354E-1 3.73057E-1 4.71735E-1 5.32458E-1 4.91252E-1 4.57022E-1 5.67044E-1 6.12867E-1 -9999 -9999 -9999 -9999 -9999 -9999 -9999 -9999 -9999
-9999 -9999 -9999 -9999 -9999 -9999 -9999 -9999 -9999 -9999 -9999 -9999 -9999 4.90548E-1 4.76326E-1 4.70522E-1 4.72617E-1 4.49048E-1 4.42804E-1 4.349E-1 4.39538E-1 4.1867E-1 4.3208E-1 4.38189E-1 4.14853E-1 3.90776E-1 3.81192E-1 3.83249E-1 3.7598E-1 3.69495E-1 3.72179E-1 3.6892E-1 3.7003E-1 3.58391E-1 3.41879E-1 3.3912E-1 3.36311E-1 3.25758E-1 3.30884E-1 3.23534E-1 3.18606E-1 3.24016E-1 3.26525E-1 3.28333E-1 3.25519E-1 3.10773E-1 2.9126E-1 3.26989E-1 3.3229E-1 3.48217E-1 3.45882E-1 3.17546E-1 3.67889E-1 3.73885E-1 3.59235E-1 3.19474E-1 3.84298E-1 4.68468E-1 5.2347E-1 4.77228E-1 5.04655E-1 5.76094E-1 6.15884E-1 -9999 -9999 -9999 -9999 -9999 -9999 -9999 -9999 -9999
-9999 -9999 -9999 -9999 -9999 -9999 -9999 -9999 -9999 -9999 -9999 -9999 5.11396E-1 4.87736E-1 4.93137E-1 4.65119E-1 4.64861E-1 4.53843E-1 4.32271E-1 4.21384E-1 4.30328E-1 4.21625E-1 4.2368E-1 4.17969E-1 4.08812E-1 3.73973E-1 3.79623E-1 3.77839E-1 3.84657E-1 3.85865E-1 3.69448E-1 3.71818E-1 3.59325E-1 3.54749E-1 3.48581E-1 3.41774E-1 3.34641E-1 3.31686E-1 3.14938E-1 3.23007E-1 3.16949E-1 3.013E-1 3.09791E-1 3.25025E-1 3.24821E-1 3.24391E-1 3.03564E-1 3.05034E-1 3.26399E-1 3.48542E-1 3.45851E-1 2.86435E-1 3.4318E-1 3.75768E-1 3.72002E-1 3.22288E-1 3.55681E-1 4.25865E-1 5.1296E-1 5.42304E-1 5.49167E-1 5.7201E-1 5.95654E-1 -9999 -9999 -9999 -9999 -9999 -9999 -9999 -9999 -9999
-9999 -9999 -9999 -9999 -9999 -9999 -9999 -9999 -9999 -9999 -9999 -9999 5.01293E-1 4.92109E-1 4.88712E-1 4.65395E-1 4.63571E-1 4.43852E-1 4.43513E-1 4.26783E-1 4.16827E-1 4.18955E-1 4.3558E-1 4.25566E-1 4.07174E-1 3.80582E-1 3.68597E-1 3.84198E-1 3.81089E-1 3.81893E-1 3.6884E-1 3.59145E-1 3.41156E-1 3.28273E-1 3.23317E-1 3.23573E-1 3.45483E-1 3.44985E-1 3.19454E-1 2.94583E-1 3.17606E-1 3.16568E-1 3.10178E-1 3.19698E-1 3.13823E-1 3.21513E-1 2.79046E-1 2.86546E-1 3.1946E-1 3.41391E-1 3.46745E-1 3.13599E-1 3.36109E-1 3.50909E-1 3.58928E-1 3.06026E-1 3.11418E-1 3.75099E-1 4.88421E-1 5.21837E-1 5.0879E-1 5.63098E-1 -9999 -9999 -9999 -9999 -9999 -9999 -9999 -9999 -9999 -9999
-9999 -9999 -9999 -9999 -9999 -9999 -9999 -9999 -9999 -9999 -9999 -9999 5.04315E-1 4.8986E-1 4.96512E-1 4.71472E-1 4.55403E-1 4.55646E-1 4.35614E-1 4.31808E-1 4.21647E-1 4.13277E-1 4.2474E-1 4.20357E-1 3.93781E-1 4.01584E-1 3.84669E-1 3.86523E-1 3.82419E-1 3.66953E-1 3.64455E-1 3.59417E-1 3.4531E-1 3.35581E-1 3.23278E-1 3.27769E-1 3.32875E-1 3.35484E-1 3.34657E-1 3.12326E-1 3.00975E-1 3.19994E-1 3.18485E-1 3.18591E-1 2.98224E-1 3.07399E-1 2.9148E-1 2.81388E-1 3.11216E-1 3.34312E-1 3.37733E-1 3.45572E-1 3.5551E-1 3.65035E-1 3.67131E-1 2.92445E-1 3.21018E-1 4.31258E-1 4.48266E-1 4.94778E-1 5.11418E-1 5.56275E-1 -9999 -9999 -9999 -9999 -9999 -9999 -9999 -9999 -9999 -9999
