Artocarpus altilis SDM files/Last interglacial/results (with bias file)/Artalt_1.asc
ncols         1201
nrows         481
xllcorner     119.99986351115
yllcorner     -15.00013864885
cellsize      0.041666667
NODATA_value  -9999
[rows 256 to 287 of 481, columns 432 to 503 of 1201]
5.06215E-1 4.97469E-1 4.90105E-1 4.69812E-1 4.43817E-1 4.56294E-1 4.11732E-1 4.11641E-1 3.86675E-1 3.6381E-1 3.78085E-1 3.32728E-1 3.78733E-1 3.26448E-1 3.16546E-1 2.97689E-1 3.05248E-1 2.92511E-1 2.66529E-1 2.5117E-1 2.82746E-1 2.5799E-1 2.42974E-1 2.24314E-1 2.28136E-1 2.10384E-1 2.12702E-1 1.92585E-1 1.88289E-1 2.14482E-1 1.66833E-1 1.65874E-1 1.64871E-1 1.63283E-1 1.6907E-1 1.46649E-1 1.46539E-1 1.47662E-1 1.36299E-1 1.14536E-1 1.46428E-1 1.32288E-1 1.11964E-1 1.23874E-1 1.44677E-1 1.29696E-1 1.15716E-1 1.12855E-1 1.10201E-1 1.22516E-1 1.66948E-1 1.7162E-1 1.51653E-1 1.36803E-1 1.36006E-1 1.35571E-1 1.31515E-1 1.38387E-1 1.3977E-1 1.33056E-1 1.34727E-1 1.54177E-1 1.52244E-1 1.52873E-1 1.62973E-1 1.89837E-1 1.73729E-1 1.53997E-1 1.68819E-1 1.89889E-1 1.87426E-1 1.67917E-1
5.37405E-1 4.46957E-1 5.06598E-1 4.83481E-1 4.64367E-1 4.76178E-1 4.13274E-1 3.55765E-1 3.35054E-1 3.65854E-1 3.3796E-1 3.2594E-1 3.04351E-1 2.79608E-1 3.10027E-1 2.71567E-1 2.85036E-1 2.61988E-1 2.66642E-1 2.69465E-1 2.29709E-1 2.37004E-1 2.34585E-1 2.09174E-1 2.06799E-1 2.12201E-1 1.9194E-1 1.70715E-1 1.67955E-1 1.9151E-1 1.68568E-1 1.67027E-1 1.68484E-1 1.66935E-1 1.66294E-1 1.71937E-1 1.48941E-1 1.53417E-1 1.36192E-1 1.3451E-1 1.49638E-1 1.51368E-1 1.28976E-1 1.30202E-1 1.32074E-1 1.30174E-1 1.3374E-1 1.29852E-1 1.28335E-1 1.24897E-1 1.43482E-1 1.46923E-1 1.34618E-1 1.3719E-1 1.37795E-1 1.38276E-1 1.39359E-1 1.35968E-1 1.36928E-1 1.41284E-1 1.37307E-1 1.35744E-1 1.54671E-1 1.5315E-1 1.50829E-1 1.60854E-1 1.38918E-1 1.46636E-1 1.87604E-1 1.96755E-1 1.82377E-1 1.74687E-1
-9999 4.8044E-1 5.14777E-1 5.16404E-1 4.25265E-1 3.59477E-1 3.28701E-1 3.62757E-1 3.85635E-1 3.6868E-1 2.84085E-1 3.17256E-1 3.01945E-1 2.86638E-1 3.15842E-1 2.53806E-1 2.45847E-1 2.57604E-1 2.38718E-1 2.41777E-1 2.1612E-1 2.37598E-1 2.09821E-1 2.08979E-1 2.10001E-1 1.93766E-1 1.75169E-1 1.54704E-1 1.50569E-1 1.69613E-1 1.70714E-1 1.69427E-1 1.4932E-1 1.47149E-1 1.49155E-1 1.55438E-1 1.49797E-1 1.37418E-1 1.23599E-1 1.15132E-1 1.2978E-1 1.49311E-1 1.32787E-1 1.28458E-1 1.3128E-1 1.1919E-1 1.16594E-1 1.30503E-1 1.09413E-1 1.30236E-1 1.41793E-1 1.46013E-1 1.54241E-1 1.38997E-1 1.25112E-1 1.18517E-1 1.38589E-1 1.41526E-1 1.42379E-1 1.41343E-1 1.39275E-1 1.36548E-1 1.57446E-1 1.57629E-1 1.56953E-1 1.59351E-1 1.37957E-1 1.5289E-1 1.97588E-1 1.74177E-1 1.64558E-1 1.58687E-1
-9999 -9999 -9999 4.12894E-1 3.97712E-1 3.65628E-1 3.42479E-1 3.28421E-1 3.4329E-1 3.50462E-1 2.90213E-1 2.82763E-1 2.87864E-1 2.68761E-1 2.37797E-1 2.30915E-1 2.21532E-1 2.48938E-1 2.14518E-1 2.24811E-1 2.07735E-1 2.18601E-1 2.3905E-1 2.33996E-1 1.89689E-1 1.77571E-1 1.75191E-1 1.54064E-1 1.51179E-1 1.51175E-1 1.46237E-1 1.71292E-1 1.52127E-1 1.49775E-1 1.35033E-1 1.49899E-1 1.3438E-1 1.39645E-1 1.20953E-1 1.17591E-1 1.14582E-1 1.27173E-1 1.51631E-1 1.34746E-1 1.20118E-1 1.14635E-1 1.1552E-1 1.13945E-1 1.1102E-1 1.29093E-1 1.44343E-1 1.44669E-1 1.73675E-1 1.38536E-1 1.32707E-1 1.43097E-1 1.39967E-1 1.20515E-1 1.19982E-1 1.39608E-1 1.3706E-1 1.35787E-1 1.39287E-1 1.53582E-1 1.59194E-1 1.43561E-1 1.56703E-1 1.5643E-1 1.78332E-1 1.82199E-1 1.64101E-1 1.62362E-1
-9999 -9999 -9999 3.78157E-1 3.95051E-1 3.57505E-1 3.70971E-1 3.47207E-1 3.22674E-1 3.25684E-1 2.61682E-1 2.67868E-1 2.65704E-1 2.57378E-1 2.35954E-1 2.36325E-1 2.24879E-1 2.24751E-1 2.23109E-1 2.277E-1 2.28295E-1 1.95972E-1 1.95991E-1 2.12349E-1 1.89982E-1 1.67913E-1 1.57817E-1 1.56526E-1 1.5515E-1 1.5313E-1 1.36258E-1 1.5268E-1 1.51462E-1 1.49899E-1 1.38877E-1 1.37065E-1 1.36393E-1 1.23383E-1 1.25518E-1 1.21763E-1 1.11851E-1 1.1196E-1 1.35543E-1 1.22003E-1 1.38102E-1 1.18277E-1 1.31278E-1 1.33182E-1 1.17817E-1 1.14788E-1 1.32592E-1 1.35654E-1 1.33451E-1 1.43388E-1 1.44091E-1 1.40252E-1 1.38871E-1 1.3884E-1 1.37849E-1 1.38695E-1 1.41976E-1 1.40087E-1 1.40352E-1 1.38914E-1 1.47981E-1 1.4441E-1 1.43859E-1 1.42078E-1 1.6109E-1 1.63825E-1 1.66458E-1 1.45737E-1
-9999 -9999 -9999 -9999 -9999 3.44401E-1 3.36001E-1 3.20673E-1 3.04303E-1 2.54184E-1 2.71513E-1 2.64085E-1 2.5475E-1 2.60344E-1 2.47018E-1 2.40012E-1 2.19305E-1 2.06786E-1 2.11455E-1 1.96673E-1 2.05174E-1 2.23032E-1 1.9841E-1 2.19349E-1 1.80498E-1 1.60481E-1 1.61068E-1 1.55979E-1 1.55217E-1 1.56375E-1 1.38236E-1 1.35555E-1 1.32213E-1 1.53491E-1 1.39111E-1 1.394E-1 1.40976E-1 1.27246E-1 1.20118E-1 1.1969E-1 1.16633E-1 1.16419E-1 1.18474E-1 1.16515E-1 1.36381E-1 1.21198E-1 1.35465E-1 1.37084E-1 1.33085E-1 1.13545E-1 1.14273E-1 1.149E-1 1.35397E-1 1.40482E-1 1.44563E-1 1.42182E-1 1.22292E-1 1.41177E-1 1.4045E-1 1.39113E-1 1.4067E-1 1.45507E-1 1.42447E-1 1.39883E-1 1.71235E-1 1.49238E-1 1.41383E-1 1.41853E-1 1.62916E-1 1.6279E-1 1.51191E-1 1.47512E-1
-9999 -9999 -9999 -9999 -9999 3.54426E-1 3.32792E-1 2.86903E-1 2.69604E-1 2.60056E-1 2.47558E-1 2.46902E-1 2.37105E-1 2.58599E-1 2.24741E-1 2.18387E-1 2.1865E-1 2.07632E-1 2.20069E-1 2.36987E-1 1.98114E-1 2.10128E-1 1.80129E-1 1.78856E-1 1.72972E-1 1.62875E-1 1.62583E-1 1.39955E-1 1.65678E-1 1.68088E-1 1.39293E-1 1.37595E-1 1.32142E-1 1.56364E-1 1.3748E-1 1.23786E-1 1.26326E-1 1.41544E-1 1.21128E-1 1.19944E-1 1.18292E-1 1.19107E-1 1.18954E-1 1.1973E-1 1.35182E-1 1.39484E-1 1.3941E-1 1.3317E-1 1.35858E-1 1.18425E-1 1.19783E-1 1.16692E-1 1.194E-1 1.21759E-1 1.39377E-1 1.47669E-1 1.41495E-1 1.42555E-1 1.40681E-1 1.4447E-1 1.45507E-1 1.4948E-1 1.4357E-1 1.44684E-1 1.51766E-1 1.46215E-1 1.23475E-1 1.43375E-1 1.4641E-1 1.43595E-1 1.49479E-1 1.45343E-1
-9999 -9999 -9999 -9999 -9999 3.49497E-1 3.30782E-1 2.87968E-1 2.73517E-1 2.65984E-1 2.55372E-1 2.50188E-1 2.44622E-1 2.39926E-1 2.32583E-1 2.02651E-1 2.0538E-1 2.2241E-1 1.87932E-1 2.10823E-1 2.12127E-1 1.87452E-1 1.7153E-1 1.67926E-1 1.54961E-1 1.76041E-1 1.46152E-1 1.46743E-1 1.43356E-1 1.40238E-1 1.41423E-1 1.25189E-1 1.22362E-1 1.58773E-1 1.40672E-1 1.26013E-1 1.27551E-1 1.22027E-1 1.21143E-1 1.22538E-1 1.20442E-1 1.19191E-1 1.20223E-1 1.21591E-1 1.18144E-1 1.38398E-1 1.23945E-1 1.37112E-1 1.3552E-1 1.33047E-1 1.18106E-1 1.16104E-1 1.1352E-1 1.3101E-1 1.40113E-1 1.46693E-1 1.44174E-1 1.4192E-1 1.24843E-1 1.45578E-1 1.51193E-1 1.45227E-1 1.25605E-1 1.49656E-1 1.48394E-1 1.47028E-1 1.26401E-1 1.24012E-1 1.46274E-1 1.46346E-1 1.50327E-1 1.50277E-1
-9999 -9999 -9999 -9999 -9999 -9999 3.36139E-1 3.21601E-1 2.86078E-1 2.74763E-1 2.67547E-1 2.57733E-1 2.51595E-1 2.42273E-1 2.10138E-1 2.13002E-1 2.02514E-1 1.96965E-1 2.03227E-1 1.9192E-1 2.15136E-1 1.95733E-1 2.0902E-1 1.80218E-1 1.70842E-1 1.78059E-1 1.47197E-1 1.47195E-1 1.46649E-1 1.40496E-1 1.56963E-1 1.2589E-1 1.30352E-1 1.42342E-1 1.29833E-1 1.28266E-1 1.39693E-1 1.21142E-1 1.25909E-1 1.22708E-1 1.21643E-1 1.21471E-1 1.2251E-1 1.24037E-1 1.19125E-1 1.20616E-1 1.24703E-1 1.38816E-1 1.39529E-1 1.38814E-1 1.34736E-1 1.36217E-1 1.50487E-1 1.51961E-1 1.63509E-1 1.48431E-1 1.43113E-1 1.25797E-1 1.29138E-1 1.50504E-1 1.49881E-1 1.41587E-1 1.25469E-1 1.46516E-1 1.51997E-1 1.4662E-1 1.25915E-1 1.28322E-1 1.27789E-1 1.53367E-1 1.48501E-1 1.48055E-1
-9999 -9999 -9999 -9999 -9999 -9999 -9999 3.65541E-1 3.19877E-1 2.79437E-1 2.66216E-1 2.60108E-1 2.5289E-1 2.17736E-1 2.18434E-1 2.09415E-1 2.04819E-1 2.04287E-1 1.94675E-1 2.05169E-1 1.98539E-1 1.73019E-1 1.7014E-1 1.69948E-1 1.54389E-1 1.61864E-1 1.59045E-1 1.48078E-1 1.50061E-1 1.45283E-1 1.56228E-1 1.26912E-1 1.32063E-1 1.45907E-1 1.30604E-1 1.30469E-1 1.41277E-1 1.25629E-1 1.27308E-1 1.19486E-1 1.25138E-1 1.23076E-1 1.22903E-1 1.25013E-1 1.23013E-1 1.21661E-1 1.25101E-1 1.43121E-1 1.40174E-1 1.3939E-1 1.18825E-1 1.3678E-1 1.60422E-1 1.59471E-1 1.46573E-1 1.46084E-1 1.43911E-1 1.2657E-1 1.45591E-1 1.46698E-1 1.45237E-1 1.27593E-1 1.307E-1 1.47791E-1 1.54069E-1 1.49041E-1 1.27312E-1 1.29083E-1 1.31536E-1 1.5594E-1 1.51971E-1 1.47382E-1
-9999 -9999 -9999 -9999 -9999 -9999 -9999 3.67912E-1 3.57404E-1 3.21426E-1 3.12404E-1 2.66463E-1 2.63277E-1 2.2758E-1 2.22837E-1 2.19208E-1 2.17331E-1 2.16436E-1 2.01377E-1 2.05382E-1 1.99276E-1 1.96003E-1 1.70731E-1 1.70829E-1 1.55349E-1 1.65864E-1 1.57428E-1 1.5214E-1 1.52567E-1 1.47507E-1 1.55801E-1 1.45907E-1 1.28505E-1 1.31119E-1 1.33193E-1 1.50176E-1 1.44991E-1 1.27131E-1 1.26683E-1 1.27177E-1 1.27604E-1 1.24652E-1 1.24826E-1 1.2523E-1 1.24544E-1 1.23241E-1 1.28654E-1 1.44483E-1 1.56554E-1 1.3777E-1 1.18953E-1 1.37697E-1 1.46372E-1 1.42192E-1 1.50588E-1 1.47123E-1 1.4346E-1 1.26923E-1 1.32725E-1 1.51764E-1 1.47797E-1 1.29996E-1 1.29739E-1 1.33298E-1 1.54018E-1 1.5062E-1 1.27593E-1 1.32675E-1 1.35975E-1 1.56105E-1 1.7069E-1 1.47523E-1
-9999 -9999 -9999 -9999 -9999 -9999 -9999 -9999 3.7718E-1 3.65452E-1 3.20697E-1 3.10354E-1 2.72676E-1 2.61724E-1 2.59543E-1 2.53387E-1 2.40059E-1 2.09801E-1 2.05595E-1 2.04203E-1 2.30006E-1 2.01418E-1 1.77387E-1 1.73905E-1 1.6672E-1 1.56164E-1 1.63703E-1 1.64974E-1 1.54801E-1 1.62268E-1 1.53043E-1 1.48249E-1 1.4835E-1 1.31621E-1 1.33477E-1 1.51456E-1 1.62973E-1 1.29572E-1 1.43928E-1 1.23739E-1 1.46026E-1 1.26075E-1 1.22186E-1 1.2793E-1 1.2468E-1 1.2603E-1 1.32069E-1 1.59468E-1 1.57946E-1 1.38558E-1 1.25728E-1 1.29154E-1 1.30815E-1 1.27127E-1 1.33687E-1 1.50405E-1 1.44293E-1 1.29333E-1 1.56077E-1 1.69996E-1 1.49198E-1 1.52343E-1 1.30793E-1 1.35442E-1 1.52534E-1 1.34929E-1 1.29849E-1 1.5405E-1 1.53767E-1 1.74815E-1 1.66665E-1 1.49729E-1
-9999 -9999 -9999 -9999 -9999 -9999 -9999 -9999 4.3093E-1 4.11349E-1 3.50704E-1 3.07416E-1 2.74155E-1 2.69915E-1 2.57732E-1 2.51008E-1 2.14893E-1 2.15124E-1 2.09095E-1 2.09127E-1 2.09813E-1 2.00304E-1 2.07409E-1 1.98151E-1 1.86588E-1 1.70242E-1 1.64493E-1 1.88365E-1 1.73678E-1 1.85007E-1 1.72819E-1 1.51785E-1 1.50435E-1 1.51449E-1 1.35727E-1 1.53029E-1 1.68482E-1 1.29479E-1 1.43814E-1 1.30011E-1 1.4692E-1 1.2932E-1 1.26248E-1 1.2757E-1 1.45629E-1 1.28445E-1 1.48896E-1 1.61761E-1 1.595E-1 1.40522E-1 1.22021E-1 1.25514E-1 1.26953E-1 1.31827E-1 1.53344E-1 1.67819E-1 1.45618E-1 1.33491E-1 1.54519E-1 1.50919E-1 1.55283E-1 1.71027E-1 1.31048E-1 1.36377E-1 1.36811E-1 1.55419E-1 1.3149E-1 1.76155E-1 1.7115E-1 1.69547E-1 1.5035E-1 1.50416E-1
-9999 -9999 -9999 -9999 -9999 -9999 -9999 -9999 4.80053E-1 4.84478E-1 3.66412E-1 3.5619E-1 3.10881E-1 2.68738E-1 2.65302E-1 2.64428E-1 2.48508E-1 2.48983E-1 2.55602E-1 2.48479E-1 2.34844E-1 2.12716E-1 2.10375E-1 2.04803E-1 1.91076E-1 1.90773E-1 1.72267E-1 1.89645E-1 1.89832E-1 1.7731E-1 1.66171E-1 1.61731E-1 1.71592E-1 1.73267E-1 1.57305E-1 1.66818E-1 1.95383E-1 1.65852E-1 1.47152E-1 1.29861E-1 1.49013E-1 1.46674E-1 1.42627E-1 1.28427E-1 1.34919E-1 1.52216E-1 1.85637E-1 1.83754E-1 1.8472E-1 1.58029E-1 1.39113E-1 1.29662E-1 1.29345E-1 1.31472E-1 1.53866E-1 1.69015E-1 1.34424E-1 1.5732E-1 1.7086E-1 1.74264E-1 1.97216E-1 1.7028E-1 1.51737E-1 1.32076E-1 1.39553E-1 1.54526E-1 1.77485E-1 1.89434E-1 1.88879E-1 1.49785E-1 1.53097E-1 1.53668E-1
-9999 -9999 -9999 -9999 -9999 -9999 -9999 -9999 4.91395E-1 4.93698E-1 4.54134E-1 3.97259E-1 3.5872E-1 3.49791E-1 3.41662E-1 3.3137E-1 2.86627E-1 2.52192E-1 3.05728E-1 2.69575E-1 2.35139E-1 2.42925E-1 2.67271E-1 2.2707E-1 2.14916E-1 2.15231E-1 1.90906E-1 1.90393E-1 2.31479E-1 2.00124E-1 1.80462E-1 1.90314E-1 2.15757E-1 2.03149E-1 1.62467E-1 1.57018E-1 1.88611E-1 1.90486E-1 1.472E-1 1.75933E-1 2.10428E-1 1.88279E-1 1.66615E-1 1.30939E-1 1.54002E-1 2.11998E-1 2.04108E-1 1.83118E-1 1.81989E-1 1.59894E-1 1.41779E-1 1.28306E-1 1.29555E-1 1.31031E-1 1.35805E-1 1.73771E-1 1.51804E-1 1.95588E-1 1.92548E-1 2.19469E-1 2.14571E-1 1.6498E-1 1.52739E-1 1.34743E-1 1.40832E-1 1.53481E-1 1.9989E-1 1.94454E-1 1.91124E-1 1.49836E-1 1.55564E-1 1.53604E-1
-9999 -9999 -9999 -9999 -9999 -9999 -9999 -9999 5.11482E-1 5.05361E-1 4.86479E-1 4.11308E-1 3.58468E-1 3.49805E-1 3.40436E-1 2.92961E-1 2.89169E-1 2.84008E-1 3.20097E-1 2.8746E-1 2.41166E-1 2.84239E-1 2.71339E-1 2.56514E-1 2.55186E-1 2.43819E-1 2.17472E-1 2.71681E-1 2.60996E-1 2.70357E-1 2.26827E-1 1.92072E-1 2.44051E-1 2.27417E-1 2.04216E-1 1.64352E-1 1.89206E-1 2.23866E-1 1.68749E-1 2.00021E-1 1.88882E-1 1.92634E-1 1.64294E-1 1.48739E-1 1.75225E-1 2.13164E-1 2.11735E-1 1.8485E-1 1.64817E-1 1.65385E-1 1.83909E-1 1.49847E-1 1.48879E-1 1.50322E-1 1.54583E-1 1.96541E-1 1.71544E-1 2.19291E-1 2.18125E-1 2.1138E-1 1.6781E-1 1.50926E-1 1.5397E-1 1.54072E-1 1.54566E-1 1.78607E-1 1.98641E-1 2.26419E-1 1.94815E-1 1.51943E-1 1.58137E-1 1.78585E-1
-9999 -9999 -9999 -9999 -9999 -9999 -9999 -9999 -9999 5.10217E-1 4.96438E-1 4.83941E-1 4.55032E-1 4.02483E-1 3.48424E-1 3.40438E-1 3.0991E-1 3.33927E-1 3.59934E-1 3.41427E-1 3.06121E-1 3.06536E-1 3.38E-1 2.94574E-1 2.53589E-1 2.51181E-1 2.52621E-1 3.04764E-1 2.69321E-1 2.6364E-1 2.57928E-1 2.14752E-1 2.39623E-1 2.87579E-1 2.2351E-1 1.75768E-1 1.9273E-1 2.26699E-1 1.96981E-1 2.78369E-1 2.93865E-1 2.30765E-1 1.67407E-1 1.54166E-1 1.98619E-1 2.65951E-1 2.38674E-1 2.38138E-1 1.8862E-1 1.88926E-1 2.15005E-1 2.09575E-1 1.46283E-1 1.47603E-1 1.5256E-1 2.01126E-1 2.47318E-1 2.41538E-1 2.14537E-1 1.92341E-1 1.54892E-1 1.77161E-1 1.53578E-1 1.76904E-1 1.79011E-1 2.25852E-1 2.50752E-1 2.20067E-1 1.74157E-1 1.74381E-1 1.77433E-1 2.09111E-1
-9999 -9999 -9999 -9999 -9999 -9999 -9999 -9999 -9999 5.26575E-1 5.09933E-1 4.87519E-1 4.74695E-1 4.66716E-1 4.36256E-1 4.29627E-1 4.2077E-1 4.08495E-1 4.14753E-1 3.81875E-1 3.33691E-1 3.05649E-1 3.37153E-1 3.26612E-1 2.92413E-1 2.91478E-1 3.19726E-1 3.24794E-1 3.39866E-1 2.66495E-1 2.98386E-1 2.33814E-1 2.42994E-1 2.98144E-1 2.28541E-1 2.1073E-1 1.94906E-1 2.73588E-1 2.58216E-1 3.28216E-1 3.03146E-1 2.32328E-1 1.86523E-1 1.71073E-1 2.72603E-1 2.96374E-1 2.4151E-1 2.36296E-1 2.12809E-1 2.14204E-1 2.11703E-1 1.85015E-1 1.69524E-1 1.70246E-1 1.70663E-1 1.79759E-1 2.77355E-1 2.19134E-1 2.78864E-1 2.17577E-1 1.76664E-1 1.96849E-1 1.72832E-1 1.78656E-1 2.03574E-1 2.77422E-1 2.44139E-1 2.48134E-1 1.99634E-1 1.80453E-1 2.04671E-1 2.60623E-1
-9999 -9999 -9999 -9999 -9999 -9999 -9999 -9999 -9999 -9999 5.13956E-1 4.9993E-1 4.92637E-1 4.79448E-1 4.6072E-1 4.5386E-1 4.44694E-1 4.35982E-1 4.28552E-1 3.95236E-1 3.49162E-1 3.46454E-1 3.49592E-1 3.36252E-1 3.25761E-1 3.69637E-1 3.67904E-1 3.62633E-1 3.61697E-1 3.01036E-1 2.71373E-1 2.73059E-1 2.71527E-1 3.39258E-1 2.88185E-1 2.29469E-1 2.187E-1 2.66987E-1 3.43558E-1 3.32184E-1 3.00173E-1 2.16319E-1 1.92095E-1 1.95724E-1 3.03158E-1 2.97105E-1 2.74841E-1 2.68545E-1 2.12882E-1 1.92485E-1 2.17594E-1 2.1654E-1 2.13885E-1 1.68971E-1 1.55127E-1 1.78303E-1 2.58173E-1 3.28086E-1 3.18104E-1 1.95968E-1 1.77993E-1 2.26784E-1 1.99153E-1 2.05284E-1 2.8619E-1 3.12021E-1 3.04845E-1 2.46037E-1 1.98401E-1 1.99207E-1 2.29363E-1 2.92219E-1
-9999 -9999 -9999 -9999 -9999 -9999 -9999 -9999 -9999 -9999 -9999 5.04724E-1 4.98106E-1 4.87802E-1 4.81336E-1 4.55874E-1 4.51497E-1 4.24952E-1 4.1708E-1 4.22311E-1 4.22677E-1 4.15612E-1 4.04569E-1 3.95836E-1 3.92828E-1 3.85261E-1 3.7308E-1 3.70948E-1 3.66864E-1 3.47663E-1 3.34433E-1 2.78145E-1 3.45477E-1 3.54404E-1 2.9091E-1 2.41782E-1 2.72204E-1 3.52261E-1 3.42648E-1 3.27945E-1 2.93183E-1 1.98083E-1 2.24831E-1 2.83917E-1 3.28329E-1 3.07803E-1 3.25898E-1 3.02659E-1 2.72483E-1 2.2031E-1 2.50313E-1 3.03116E-1 2.45227E-1 2.16693E-1 1.98211E-1 2.03399E-1 2.91094E-1 3.29013E-1 3.03118E-1 1.95606E-1 2.05074E-1 2.3178E-1 2.30709E-1 3.23508E-1 3.30758E-1 3.296E-1 2.73991E-1 2.26252E-1 2.51814E-1 2.03168E-1 2.61933E-1 3.41514E-1
-9999 -9999 -9999 -9999 -9999 -9999 -9999 -9999 -9999 -9999 -9999 -9999 5.11987E-1 4.97081E-1 4.84925E-1 4.63384E-1 4.63673E-1 4.52908E-1 4.48894E-1 4.3275E-1 4.21605E-1 4.21409E-1 4.10795E-1 4.04937E-1 3.90373E-1 3.8734E-1 3.89995E-1 3.84703E-1 3.70672E-1 3.48982E-1 2.83784E-1 2.8537E-1 3.74203E-1 3.48234E-1 2.75557E-1 3.40943E-1 3.62204E-1 3.57253E-1 3.37387E-1 3.26672E-1 2.52015E-1 2.24221E-1 2.8868E-1 3.32844E-1 3.29557E-1 3.32894E-1 3.21996E-1 3.26659E-1 3.08975E-1 2.76345E-1 2.47688E-1 3.08324E-1 2.71486E-1 2.77908E-1 2.17691E-1 2.23429E-1 2.89238E-1 3.28118E-1 2.78524E-1 2.22009E-1 2.30341E-1 3.29918E-1 3.44986E-1 3.34039E-1 3.30587E-1 3.24423E-1 2.73753E-1 2.27369E-1 2.5173E-1 2.32336E-1 3.00117E-1 3.47499E-1
-9999 -9999 -9999 -9999 -9999 -9999 -9999 -9999 -9999 -9999 -9999 -9999 -9999 5.08303E-1 4.95681E-1 4.76526E-1 4.63454E-1 4.5991E-1 4.4986E-1 4.48047E-1 4.40367E-1 4.33602E-1 4.17599E-1 4.15149E-1 4.01608E-1 3.92018E-1 3.95334E-1 3.90608E-1 3.74156E-1 3.68801E-1 3.65085E-1 3.78668E-1 3.77191E-1 3.67944E-1 3.60588E-1 3.66079E-1 3.63553E-1 3.46774E-1 3.34166E-1 3.3213E-1 2.57966E-1 3.24958E-1 3.44843E-1 3.33977E-1 3.22795E-1 3.3242E-1 3.23492E-1 3.329E-1 3.2964E-1 3.09006E-1 3.10664E-1 2.82113E-1 3.29974E-1 3.22299E-1 2.43776E-1 2.25351E-1 2.96006E-1 3.36797E-1 3.22958E-1 3.23328E-1 3.51015E-1 3.4037E-1 3.3621E-1 3.26397E-1 3.23261E-1 3.07927E-1 2.803E-1 2.83849E-1 3.31038E-1 3.31279E-1 3.55768E-1 3.51612E-1
-9999 -9999 -9999 -9999 -9999 -9999 -9999 -9999 -9999 -9999 -9999 -9999 -9999 -9999 5.02649E-1 5.00158E-1 4.85528E-1 4.66569E-1 4.68621E-1 4.53877E-1 4.41562E-1 4.35748E-1 4.20838E-1 4.19632E-1 4.08155E-1 4.129E-1 4.04062E-1 3.97713E-1 3.96019E-1 3.77264E-1 3.81281E-1 3.84864E-1 3.82154E-1 3.82914E-1 3.67371E-1 3.67736E-1 3.58156E-1 3.48393E-1 3.42531E-1 3.48574E-1 3.48655E-1 3.47257E-1 3.45264E-1 3.36353E-1 3.23599E-1 3.31169E-1 3.38332E-1 3.42482E-1 3.33184E-1 3.29904E-1 2.8592E-1 3.23161E-1 3.33804E-1 3.23959E-1 3.15533E-1 2.58542E-1 3.49863E-1 3.50893E-1 3.43715E-1 3.505E-1 3.33123E-1 3.45294E-1 3.33044E-1 3.28894E-1 3.11976E-1 3.17435E-1 2.83842E-1 2.87033E-1 2.9729E-1 3.58326E-1 3.54416E-1 3.47823E-1
-9999 -9999 -9999 -9999 -9999 -9999 -9999 -9999 -9999 -9999 -9999 -9999 -9999 -9999 -9999 5.09943E-1 4.90148E-1 4.85966E-1 4.75891E-1 4.60353E-1 4.50958E-1 4.45987E-1 4.38469E-1 4.23923E-1 4.15827E-1 4.21354E-1 4.16669E-1 4.13464E-1 3.9706E-1 3.89278E-1 3.9162E-1 3.91595E-1 3.99393E-1 3.90648E-1 3.75031E-1 3.83219E-1 3.66031E-1 3.49123E-1 3.64293E-1 3.65346E-1 3.53011E-1 3.55001E-1 3.49616E-1 3.35075E-1 3.42792E-1 3.37163E-1 3.38561E-1 3.44674E-1 3.29115E-1 3.35428E-1 3.17706E-1 3.47541E-1 3.27585E-1 3.39646E-1 3.39103E-1 2.87131E-1 3.47658E-1 3.48181E-1 3.45389E-1 3.39122E-1 3.38235E-1 3.47273E-1 3.47788E-1 3.32188E-1 3.19407E-1 3.29436E-1 3.46364E-1 3.43564E-1 3.55125E-1 3.63386E-1 3.57673E-1 3.42628E-1
-9999 -9999 -9999 -9999 -9999 -9999 -9999 -9999 -9999 -9999 -9999 -9999 -9999 -9999 5.20844E-1 5.14325E-1 4.90895E-1 4.87916E-1 4.77535E-1 4.65106E-1 4.55132E-1 4.47698E-1 4.44943E-1 4.36699E-1 4.41406E-1 4.33659E-1 4.20348E-1 4.18771E-1 3.99617E-1 4.02197E-1 3.9732E-1 4.03405E-1 3.95934E-1 3.90578E-1 3.97958E-1 3.77403E-1 3.66026E-1 3.79901E-1 3.76518E-1 3.63747E-1 3.60907E-1 3.49553E-1 3.46947E-1 3.34898E-1 3.36502E-1 3.40374E-1 3.62276E-1 3.42402E-1 3.50564E-1 3.37894E-1 3.41656E-1 3.52794E-1 3.44252E-1 3.3752E-1 3.38667E-1 3.53409E-1 3.58157E-1 3.54544E-1 3.4827E-1 3.39375E-1 3.4386E-1 3.57571E-1 3.47012E-1 3.3984E-1 3.43246E-1 3.49425E-1 3.517E-1 3.4924E-1 3.59046E-1 3.65091E-1 3.56533E-1 3.41384E-1
-9999 -9999 -9999 -9999 -9999 -9999 -9999 -9999 -9999 -9999 -9999 -9999 -9999 -9999 -9999 5.19292E-1 5.04195E-1 4.88685E-1 4.76338E-1 4.77808E-1 4.68677E-1 4.51727E-1 4.54854E-1 4.45307E-1 4.37026E-1 4.33915E-1 4.26472E-1 4.20218E-1 4.05729E-1 4.1187E-1 4.00994E-1 4.04904E-1 4.03722E-1 3.96337E-1 3.87421E-1 3.82006E-1 3.81954E-1 3.73405E-1 3.76468E-1 3.64684E-1 3.60816E-1 3.49301E-1 3.4543E-1 3.46376E-1 3.5247E-1 3.49842E-1 3.7143E-1 3.54039E-1 3.36269E-1 3.30129E-1 3.33196E-1 3.43375E-1 3.5485E-1 3.37403E-1 3.544E-1 3.55726E-1 3.60695E-1 3.5582E-1 3.46633E-1 3.40815E-1 3.43118E-1 3.58079E-1 3.44083E-1 3.4248E-1 3.49415E-1 3.6034E-1 3.6354E-1 3.51177E-1 3.64109E-1 3.6071E-1 3.54229E-1 3.42136E-1
-9999 -9999 -9999 -9999 -9999 -9999 -9999 -9999 -9999 -9999 -9999 -9999 -9999 -9999 5.49821E-1 5.27524E-1 5.12174E-1 5.1296E-1 5.04192E-1 4.77172E-1 4.80401E-1 4.65052E-1 4.6127E-1 4.50484E-1 4.49124E-1 4.35347E-1 4.18878E-1 4.19919E-1 4.08976E-1 4.27444E-1 4.06093E-1 4.18641E-1 4.08705E-1 4.0472E-1 4.08534E-1 3.89105E-1 3.88854E-1 3.8099E-1 3.8459E-1 3.64862E-1 3.53613E-1 3.52671E-1 3.56887E-1 3.53233E-1 3.55288E-1 3.53999E-1 3.66555E-1 3.52763E-1 3.51313E-1 3.3918E-1 3.53869E-1 3.47751E-1 3.57059E-1 3.49511E-1 3.67282E-1 3.59364E-1 3.64195E-1 3.52129E-1 3.45793E-1 3.43668E-1 3.60067E-1 3.60683E-1 3.58472E-1 3.50687E-1 3.58442E-1 3.61733E-1 3.61402E-1 3.62826E-1 3.65819E-1 3.75491E-1 3.59114E-1 3.47351E-1
-9999 -9999 -9999 -9999 -9999 -9999 -9999 -9999 -9999 -9999 -9999 -9999 -9999 5.65294E-1 5.53441E-1 5.37372E-1 5.25716E-1 5.11633E-1 5.0751E-1 4.90026E-1 4.88944E-1 4.85156E-1 4.64066E-1 4.56851E-1 4.46218E-1 4.4107E-1 4.23849E-1 4.26966E-1 4.18265E-1 4.34273E-1 4.1529E-1 4.17831E-1 4.09783E-1 4.18972E-1 4.0483E-1 3.8978E-1 3.98219E-1 3.86615E-1 3.81738E-1 3.69576E-1 3.6402E-1 3.65187E-1 3.63778E-1 3.53189E-1 3.61906E-1 3.62487E-1 3.75848E-1 3.56336E-1 3.57595E-1 3.46607E-1 3.46064E-1 3.64847E-1 3.64976E-1 3.62233E-1 3.69115E-1 3.66688E-1 3.6646E-1 3.57403E-1 3.50135E-1 3.53716E-1 3.59701E-1 3.57471E-1 3.57921E-1 3.55059E-1 3.60294E-1 3.53429E-1 3.57578E-1 3.51657E-1 3.65785E-1 3.71106E-1 3.65188E-1 3.50209E-1
-9999 -9999 -9999 -9999 -9999 -9999 -9999 -9999 -9999 -9999 -9999 -9999 -9999 -9999 5.64651E-1 5.44922E-1 5.28574E-1 5.16263E-1 5.13313E-1 5.0616E-1 4.88247E-1 4.87144E-1 4.71212E-1 4.70351E-1 4.64415E-1 4.51656E-1 4.30961E-1 4.43996E-1 4.32081E-1 4.37064E-1 4.22456E-1 4.29275E-1 4.28022E-1 4.22946E-1 4.13113E-1 4.03136E-1 4.06029E-1 3.92701E-1 3.92877E-1 3.78699E-1 3.75186E-1 3.71572E-1 3.72783E-1 3.66212E-1 3.73472E-1 3.80661E-1 3.77886E-1 3.67741E-1 3.58137E-1 3.59648E-1 3.50865E-1 3.7235E-1 3.80842E-1 3.72961E-1 3.71944E-1 3.67433E-1 3.6607E-1 3.60976E-1 3.5719E-1 3.57333E-1 3.56424E-1 3.69257E-1 3.59735E-1 3.57168E-1 3.67774E-1 3.5879E-1 3.59006E-1 3.5347E-1 3.64689E-1 3.72751E-1 3.69755E-1 3.61221E-1
-9999 -9999 -9999 -9999 -9999 -9999 -9999 -9999 -9999 -9999 -9999 -9999 -9999 -9999 -9999 5.58382E-1 5.33578E-1 5.32081E-1 5.22504E-1 5.13219E-1 5.15293E-1 4.86841E-1 4.92574E-1 4.78577E-1 4.73688E-1 4.58107E-1 4.49073E-1 4.46312E-1 4.4334E-1 4.4074E-1 4.39927E-1 4.36496E-1 4.30058E-1 4.24986E-1 4.27224E-1 4.08158E-1 3.99764E-1 3.966E-1 4.00288E-1 3.77769E-1 3.78497E-1 3.77353E-1 3.77855E-1 3.83381E-1 3.85539E-1 3.85629E-1 3.76902E-1 3.67096E-1 3.60582E-1 3.66228E-1 3.72725E-1 3.79471E-1 3.86391E-1 3.77291E-1 3.75139E-1 3.6929E-1 3.65036E-1 3.6179E-1 3.64252E-1 3.62452E-1 3.60733E-1 3.74022E-1 3.64182E-1 3.67995E-1 3.69284E-1 3.61398E-1 3.57345E-1 3.54606E-1 3.67002E-1 3.76143E-1 3.7448E-1 3.74965E-1
-9999 -9999 -9999 -9999 -9999 -9999 -9999 -9999 -9999 -9999 -9999 -9999 5.91442E-1 5.83206E-1 5.74357E-1 5.52756E-1 5.47782E-1 5.42683E-1 5.28446E-1 5.2049E-1 5.07379E-1 5.0182E-1 4.95983E-1 4.7719E-1 4.8202E-1 4.68449E-1 4.61393E-1 4.58165E-1 4.52506E-1 4.45739E-1 4.35077E-1 4.41275E-1 4.32509E-1 4.32142E-1 4.16786E-1 4.12162E-1 4.10607E-1 4.00252E-1 4.04859E-1 3.94751E-1 3.92334E-1 3.76508E-1 3.83006E-1 3.78488E-1 3.88274E-1 3.84136E-1 3.83733E-1 3.7467E-1 3.73056E-1 3.77104E-1 3.75087E-1 3.79914E-1 3.86743E-1 3.80431E-1 3.70053E-1 3.62594E-1 3.63894E-1 3.58372E-1 3.61475E-1 3.55323E-1 3.62173E-1 3.75103E-1 3.70156E-1 3.70805E-1 3.64489E-1 3.65604E-1 3.65981E-1 3.6043E-1 3.65976E-1 3.74384E-1 3.80088E-1 3.80014E-1
-9999 -9999 -9999 -9999 -9999 -9999 -9999 -9999 -9999 -9999 -9999 -9999 6.03388E-1 5.95936E-1 5.81724E-1 5.61476E-1 5.52335E-1 5.419E-1 5.34409E-1 5.24229E-1 5.15276E-1 5.07253E-1 5.06315E-1 4.92453E-1 4.81842E-1 4.83748E-1 4.69688E-1 4.67734E-1 4.64386E-1 4.60096E-1 4.49275E-1 4.47473E-1 4.37253E-1 4.37958E-1 4.12785E-1 4.15159E-1 4.18534E-1 4.11612E-1 4.03782E-1 4.04923E-1 3.92602E-1 3.90063E-1 3.97155E-1 4.02912E-1 3.98495E-1 3.85574E-1 3.97176E-1 3.75955E-1 3.72857E-1 3.74371E-1 3.83528E-1 3.83987E-1 3.90666E-1 3.91421E-1 3.73082E-1 3.67584E-1 3.65876E-1 3.64966E-1 3.66675E-1 3.56711E-1 3.64899E-1 3.76237E-1 3.8085E-1 3.71832E-1 3.73962E-1 3.70483E-1 3.61583E-1 3.60352E-1 3.68511E-1 3.71515E-1 3.67349E-1 3.71532E-1
