Artocarpus altilis SDM files/Last interglacial/results (with bias file)/Artalt_0.asc
ncols         1201
nrows         481
xllcorner     119.99986351115
yllcorner     -15.00013864885
cellsize      0.041666667
NODATA_value  -9999
[rows 416 to 447 of 481, columns 216 to 287 of 1201]
-9999 -9999 -9999 -9999 -9999 -9999 -9999 -9999 -9999 -9999 -9999 -9999 -9999 -9999 -9999 -9999 -9999 -9999 -9999 -9999 -9999 -9999 -9999 -9999 -9999 -9999 -9999 -9999 -9999 -9999 -9999 -9999 -9999 -9999 -9999 -9999 -9999 -9999 -9999 -9999 -9999 -9999 -9999 -9999 -9999 -9999 -9999 -9999 3.56994E-1 3.40388E-1 3.26763E-1 3.15786E-1 3.15299E-1 3.0765E-1 3.14287E-1 3.01539E-1 2.96443E-1 2.97101E-1 2.89311E-1 2.96304E-1 2.82109E-1 2.86733E-1 2.84495E-1 2.88122E-1 2.87573E-1 2.86338E-1 2.80953E-1 2.70754E-1 2.71271E-1 2.67989E-1 2.66966E-1 2.61371E-1
-9999 -9999 -9999 -9999 -9999 -9999 -9999 -9999 -9999 -9999 -9999 -9999 -9999 -9999 -9999 -9999 -9999 -9999 -9999 -9999 -9999 -9999 -9999 -9999 -9999 -9999 -9999 -9999 -9999 -9999 -9999 -9999 -9999 -9999 -9999 -9999 -9999 -9999 -9999 -9999 -9999 -9999 -9999 -9999 3.7668E-1 3.62565E-1 3.59858E-1 3.38947E-1 3.35028E-1 3.44074E-1 3.1999E-1 3.08871E-1 3.11765E-1 3.03259E-1 3.00116E-1 2.91373E-1 2.94866E-1 2.96506E-1 2.84266E-1 2.83788E-1 2.81066E-1 2.7297E-1 2.7357E-1 2.72366E-1 2.68144E-1 2.71248E-1 2.69389E-1 2.63951E-1 2.54218E-1 2.51882E-1 2.59996E-1 2.5585E-1
-9999 -9999 -9999 -9999 -9999 -9999 -9999 -9999 -9999 -9999 -9999 -9999 -9999 -9999 -9999 -9999 -9999 -9999 -9999 -9999 -9999 -9999 -9999 -9999 -9999 -9999 -9999 -9999 -9999 -9999 -9999 -9999 -9999 -9999 -9999 -9999 -9999 4.87659E-1 4.65486E-1 4.35333E-1 4.32946E-1 -9999 -9999 3.68419E-1 3.64021E-1 3.48258E-1 3.41606E-1 3.33676E-1 3.35776E-1 3.21799E-1 3.15777E-1 2.99828E-1 2.90786E-1 2.87646E-1 2.95584E-1 2.87304E-1 2.82196E-1 2.82325E-1 2.80036E-1 2.6129E-1 2.68197E-1 2.69701E-1 2.67595E-1 2.74087E-1 2.69862E-1 2.59268E-1 2.53376E-1 2.50829E-1 2.57159E-1 2.54132E-1 2.42209E-1 2.40022E-1
-9999 -9999 -9999 -9999 -9999 -9999 -9999 -9999 -9999 -9999 -9999 -9999 -9999 -9999 -9999 -9999 -9999 -9999 -9999 -9999 -9999 -9999 -9999 -9999 -9999 -9999 -9999 -9999 -9999 -9999 -9999 -9999 -9999 -9999 -9999 -9999 -9999 4.81502E-1 4.57565E-1 4.27635E-1 4.13039E-1 3.96329E-1 3.70981E-1 3.68502E-1 3.46845E-1 3.37148E-1 3.16441E-1 3.16667E-1 2.99211E-1 3.06536E-1 2.94169E-1 2.78787E-1 2.79805E-1 2.9013E-1 2.80709E-1 2.76004E-1 2.77907E-1 2.7143E-1 2.65508E-1 2.60902E-1 2.62584E-1 2.57908E-1 2.5963E-1 2.54328E-1 2.54407E-1 2.52149E-1 2.52079E-1 2.40986E-1 2.41996E-1 2.36151E-1 2.39313E-1 2.35012E-1
-9999 -9999 -9999 -9999 -9999 -9999 -9999 -9999 -9999 -9999 -9999 -9999 -9999 -9999 -9999 -9999 -9999 -9999 -9999 -9999 -9999 -9999 -9999 -9999 -9999 -9999 -9999 -9999 -9999 -9999 -9999 -9999 -9999 -9999 -9999 -9999 -9999 -9999 4.26063E-1 4.17391E-1 4.01618E-1 3.74301E-1 3.73755E-1 3.55677E-1 3.43355E-1 3.28895E-1 3.22463E-1 3.04605E-1 2.94035E-1 2.98649E-1 2.87953E-1 2.70579E-1 2.76027E-1 2.75876E-1 2.70174E-1 2.74435E-1 2.58661E-1 2.63803E-1 2.60831E-1 2.47378E-1 2.4735E-1 2.51345E-1 2.40872E-1 2.39907E-1 2.44996E-1 2.43792E-1 2.4474E-1 2.27972E-1 2.30434E-1 2.3538E-1 2.2176E-1 2.21636E-1
-9999 -9999 -9999 -9999 -9999 -9999 -9999 -9999 -9999 -9999 -9999 -9999 -9999 -9999 -9999 -9999 -9999 -9999 -9999 -9999 -9999 -9999 -9999 -9999 -9999 -9999 -9999 -9999 -9999 -9999 -9999 -9999 -9999 -9999 5.1163E-1 -9999 -9999 4.15339E-1 4.03926E-1 3.9298E-1 3.82088E-1 3.77003E-1 3.56223E-1 -9999 3.31504E-1 3.10405E-1 3.12326E-1 3.00553E-1 2.96442E-1 2.79716E-1 2.72999E-1 2.69298E-1 2.68049E-1 2.67681E-1 2.64836E-1 2.61569E-1 2.58662E-1 2.56334E-1 2.46785E-1 2.46762E-1 2.3963E-1 2.35314E-1 2.35359E-1 2.41468E-1 2.39337E-1 2.40508E-1 2.246E-1 2.21296E-1 2.27579E-1 2.111E-1 2.18015E-1 2.17056E-1
-9999 -9999 -9999 -9999 -9999 -9999 -9999 -9999 -9999 -9999 -9999 -9999 -9999 -9999 -9999 -9999 -9999 -9999 -9999 -9999 -9999 -9999 -9999 -9999 -9999 -9999 -9999 -9999 -9999 -9999 -9999 -9999 -9999 4.89456E-1 4.78516E-1 -9999 4.45713E-1 4.02881E-1 3.83503E-1 3.65848E-1 3.63825E-1 3.61625E-1 3.52209E-1 3.29632E-1 3.17153E-1 3.10368E-1 2.9861E-1 2.83602E-1 2.82339E-1 2.65959E-1 2.60866E-1 2.5892E-1 2.63472E-1 2.55218E-1 2.53642E-1 2.47347E-1 2.52259E-1 2.49281E-1 2.46325E-1 2.31378E-1 2.24362E-1 2.31599E-1 2.38807E-1 2.4087E-1 2.33673E-1 2.35239E-1 2.24772E-1 2.19859E-1 2.21285E-1 2.07206E-1 2.17938E-1 2.12328E-1
-9999 -9999 -9999 -9999 -9999 -9999 -9999 -9999 -9999 -9999 -9999 -9999 -9999 -9999 -9999 -9999 -9999 -9999 -9999 -9999 -9999 -9999 -9999 -9999 -9999 -9999 -9999 -9999 -9999 -9999 -9999 -9999 -9999 4.78787E-1 4.76958E-1 4.45762E-1 4.36033E-1 4.07569E-1 3.86468E-1 3.62783E-1 3.42098E-1 3.56603E-1 3.35311E-1 3.19824E-1 3.10973E-1 2.95882E-1 2.88971E-1 2.83064E-1 2.69464E-1 2.70958E-1 2.55267E-1 2.48408E-1 2.49149E-1 2.48347E-1 2.38951E-1 2.4497E-1 2.48098E-1 2.40627E-1 2.36591E-1 2.23437E-1 2.20156E-1 2.22265E-1 2.3221E-1 2.39532E-1 2.27552E-1 2.24802E-1 2.09565E-1 2.0883E-1 2.07396E-1 2.05827E-1 2.07733E-1 2.07321E-1
-9999 -9999 -9999 -9999 -9999 -9999 -9999 -9999 -9999 -9999 -9999 -9999 -9999 -9999 -9999 -9999 -9999 -9999 -9999 -9999 -9999 -9999 -9999 -9999 -9999 -9999 -9999 -9999 -9999 -9999 -9999 -9999 4.89481E-1 4.66231E-1 4.436E-1 4.19045E-1 4.09924E-1 3.89253E-1 3.71772E-1 3.61055E-1 3.36154E-1 3.19005E-1 3.19268E-1 3.01623E-1 2.96922E-1 2.8576E-1 2.771E-1 2.65535E-1 2.55474E-1 2.55061E-1 2.50064E-1 2.31504E-1 2.47936E-1 2.45026E-1 2.53769E-1 2.43336E-1 2.44805E-1 2.36977E-1 2.35791E-1 2.30963E-1 2.16544E-1 2.2224E-1 2.32349E-1 2.21434E-1 2.25418E-1 2.1494E-1 2.04662E-1 2.02789E-1 2.07156E-1 2.0307E-1 1.99819E-1 2.00617E-1
-9999 -9999 -9999 -9999 -9999 -9999 -9999 -9999 -9999 -9999 -9999 -9999 -9999 -9999 -9999 -9999 -9999 -9999 -9999 -9999 -9999 -9999 -9999 -9999 -9999 -9999 -9999 -9999 -9999 -9999 -9999 -9999 4.70372E-1 4.54505E-1 4.19767E-1 4.06121E-1 3.89176E-1 3.78593E-1 3.6513E-1 3.42178E-1 3.3758E-1 3.23216E-1 3.04467E-1 2.87629E-1 2.87492E-1 2.75572E-1 2.68753E-1 2.62238E-1 2.57872E-1 2.484E-1 2.36946E-1 2.30511E-1 2.48604E-1 2.43811E-1 2.40687E-1 2.38295E-1 2.31142E-1 2.27656E-1 2.20208E-1 2.23402E-1 2.10226E-1 2.13059E-1 2.22414E-1 2.2208E-1 2.0551E-1 2.07783E-1 2.03387E-1 1.96074E-1 1.97557E-1 1.92682E-1 1.97953E-1 1.93864E-1
-9999 -9999 -9999 -9999 -9999 -9999 -9999 -9999 -9999 -9999 -9999 -9999 -9999 -9999 -9999 -9999 -9999 -9999 -9999 -9999 -9999 -9999 -9999 -9999 -9999 -9999 -9999 -9999 -9999 -9999 -9999 -9999 4.60797E-1 4.42841E-1 4.05906E-1 3.91748E-1 3.86301E-1 3.59195E-1 3.39113E-1 3.31295E-1 3.23022E-1 3.06214E-1 2.99869E-1 2.8615E-1 2.7193E-1 2.65737E-1 2.64573E-1 2.54782E-1 2.5474E-1 2.41866E-1 2.27603E-1 2.2369E-1 2.40908E-1 2.39943E-1 2.35654E-1 2.27838E-1 2.24704E-1 2.17695E-1 2.1728E-1 2.1858E-1 2.10845E-1 2.20509E-1 2.12689E-1 2.19389E-1 2.06441E-1 2.05328E-1 2.01237E-1 1.9483E-1 1.89145E-1 1.88904E-1 1.92191E-1 2.00055E-1
-9999 -9999 -9999 -9999 -9999 -9999 -9999 -9999 -9999 -9999 -9999 -9999 -9999 -9999 -9999 -9999 -9999 -9999 -9999 -9999 -9999 -9999 -9999 -9999 -9999 -9999 -9999 -9999 -9999 -9999 -9999 -9999 4.3434E-1 4.24655E-1 3.92893E-1 3.73996E-1 3.5939E-1 3.40989E-1 3.38369E-1 3.11597E-1 3.09703E-1 2.93672E-1 2.84266E-1 2.78035E-1 2.53872E-1 2.59429E-1 2.59523E-1 2.49101E-1 2.36362E-1 2.25835E-1 2.24765E-1 2.31866E-1 2.27013E-1 2.3777E-1 2.33682E-1 2.29344E-1 2.24237E-1 2.15318E-1 2.13425E-1 2.09211E-1 2.10353E-1 2.0756E-1 2.10533E-1 2.0981E-1 2.0915E-1 2.02666E-1 1.96431E-1 1.90046E-1 1.95068E-1 1.9131E-1 1.96918E-1 1.9567E-1
-9999 -9999 -9999 -9999 -9999 -9999 -9999 -9999 -9999 -9999 -9999 -9999 -9999 -9999 -9999 -9999 -9999 -9999 -9999 -9999 -9999 -9999 -9999 -9999 -9999 -9999 -9999 -9999 -9999 -9999 -9999 -9999 4.22899E-1 4.08465E-1 3.71694E-1 3.635E-1 3.50181E-1 3.38676E-1 3.18104E-1 3.0421E-1 2.87392E-1 2.78507E-1 2.66629E-1 2.68494E-1 2.53875E-1 2.63275E-1 2.47593E-1 2.28795E-1 2.13914E-1 2.19156E-1 2.15011E-1 2.29425E-1 2.2428E-1 2.2755E-1 2.21476E-1 2.1884E-1 2.18369E-1 2.19825E-1 2.00963E-1 2.05063E-1 2.01473E-1 2.04011E-1 2.09029E-1 2.10301E-1 1.99246E-1 1.88176E-1 1.97679E-1 1.88554E-1 1.89429E-1 1.91153E-1 1.87933E-1 1.88017E-1
-9999 -9999 -9999 -9999 -9999 -9999 -9999 -9999 -9999 -9999 -9999 -9999 -9999 -9999 -9999 -9999 -9999 -9999 -9999 -9999 -9999 -9999 -9999 -9999 -9999 -9999 -9999 -9999 -9999 -9999 -9999 -9999 4.17938E-1 3.96312E-1 3.72178E-1 3.60712E-1 3.45519E-1 3.41299E-1 3.09999E-1 2.95911E-1 2.94573E-1 2.64506E-1 2.57888E-1 2.46385E-1 2.51393E-1 2.44097E-1 2.32354E-1 2.28303E-1 2.23376E-1 2.20037E-1 2.2294E-1 2.23919E-1 2.16327E-1 2.1525E-1 2.11182E-1 2.06184E-1 2.12938E-1 2.12771E-1 2.00492E-1 1.96128E-1 1.96849E-1 2.01825E-1 1.91764E-1 2.04362E-1 1.94353E-1 1.92434E-1 1.85804E-1 1.79638E-1 1.84621E-1 1.94282E-1 1.89327E-1 1.92206E-1
-9999 -9999 -9999 -9999 -9999 -9999 -9999 -9999 -9999 -9999 -9999 -9999 -9999 -9999 -9999 -9999 -9999 -9999 -9999 -9999 -9999 -9999 -9999 -9999 -9999 -9999 -9999 -9999 -9999 -9999 -9999 4.23749E-1 4.05507E-1 3.86457E-1 3.70435E-1 3.5527E-1 3.35827E-1 3.22644E-1 3.05359E-1 2.99601E-1 2.78684E-1 2.60191E-1 2.54777E-1 2.45527E-1 2.33831E-1 2.32491E-1 2.26064E-1 2.29421E-1 2.18797E-1 2.21268E-1 2.16058E-1 2.05356E-1 2.09758E-1 2.23593E-1 2.09418E-1 2.13872E-1 2.05461E-1 2.01747E-1 1.98544E-1 1.91526E-1 1.96174E-1 1.86159E-1 1.9135E-1 2.00011E-1 2.00393E-1 1.84277E-1 1.93711E-1 1.89156E-1 1.79207E-1 1.87375E-1 1.92069E-1 1.94767E-1
-9999 -9999 -9999 -9999 -9999 -9999 -9999 -9999 -9999 -9999 -9999 -9999 -9999 -9999 -9999 -9999 -9999 -9999 -9999 -9999 -9999 -9999 -9999 -9999 -9999 -9999 -9999 5.30908E-1 4.96672E-1 4.74582E-1 4.43187E-1 4.17915E-1 4.03941E-1 3.72022E-1 3.62991E-1 3.48793E-1 3.17971E-1 3.0165E-1 2.98686E-1 2.80268E-1 2.60462E-1 2.5962E-1 2.50599E-1 2.47023E-1 2.31683E-1 2.29291E-1 2.25858E-1 2.17773E-1 2.19314E-1 2.09737E-1 1.96012E-1 1.97366E-1 2.10352E-1 2.15992E-1 2.10268E-1 2.13127E-1 2.01761E-1 1.98586E-1 2.0347E-1 1.87481E-1 1.91279E-1 1.84522E-1 1.88129E-1 1.99039E-1 1.96411E-1 1.89517E-1 1.98235E-1 1.89435E-1 1.77477E-1 1.91306E-1 1.8006E-1 1.85052E-1
-9999 -9999 -9999 -9999 -9999 -9999 -9999 -9999 -9999 -9999 -9999 -9999 -9999 -9999 -9999 -9999 -9999 -9999 -9999 -9999 -9999 -9999 -9999 -9999 -9999 -9999 -9999 5.21941E-1 4.93014E-1 4.70798E-1 4.41082E-1 4.10392E-1 3.83731E-1 3.6137E-1 3.38432E-1 3.21824E-1 3.01533E-1 2.94704E-1 2.79878E-1 2.72544E-1 2.53809E-1 2.41451E-1 2.46742E-1 2.32993E-1 2.17422E-1 2.22415E-1 2.16658E-1 2.099E-1 2.10574E-1 2.00628E-1 2.0145E-1 2.00091E-1 2.08024E-1 2.11366E-1 2.12353E-1 2.08129E-1 2.05126E-1 2.00396E-1 1.991E-1 2.01467E-1 1.87286E-1 1.91266E-1 1.91334E-1 1.98308E-1 1.93138E-1 1.98389E-1 1.95413E-1 1.85203E-1 1.75895E-1 1.84173E-1 1.91092E-1 1.78654E-1
-9999 -9999 -9999 -9999 -9999 -9999 -9999 -9999 -9999 -9999 -9999 -9999 -9999 -9999 -9999 -9999 -9999 -9999 -9999 -9999 -9999 -9999 -9999 -9999 -9999 -9999 -9999 5.04713E-1 4.5698E-1 4.49988E-1 4.23432E-1 3.99481E-1 3.77464E-1 3.6516E-1 3.48349E-1 3.14901E-1 3.00581E-1 2.82691E-1 2.70452E-1 2.6409E-1 2.35482E-1 2.40045E-1 2.4184E-1 2.25591E-1 2.11956E-1 2.11575E-1 2.10464E-1 2.03036E-1 2.00528E-1 1.95187E-1 2.04447E-1 2.06666E-1 2.11967E-1 2.05761E-1 2.03295E-1 2.00019E-1 2.01172E-1 1.99733E-1 1.97352E-1 1.92784E-1 1.98794E-1 1.8838E-1 1.82552E-1 1.95027E-1 1.9309E-1 1.93013E-1 1.91614E-1 1.915E-1 1.9483E-1 1.79405E-1 1.72077E-1 1.7692E-1
-9999 -9999 -9999 -9999 -9999 -9999 -9999 -9999 -9999 -9999 -9999 -9999 -9999 -9999 -9999 -9999 -9999 -9999 -9999 -9999 -9999 -9999 -9999 -9999 -9999 -9999 5.11515E-1 4.88024E-1 4.49375E-1 4.37482E-1 4.20111E-1 3.92242E-1 3.71026E-1 3.25637E-1 3.26335E-1 3.00142E-1 2.90117E-1 2.73491E-1 2.64942E-1 2.54362E-1 2.16605E-1 2.18968E-1 2.18094E-1 2.23143E-1 2.12262E-1 2.03703E-1 2.14613E-1 2.09735E-1 1.9658E-1 1.9016E-1 1.99535E-1 2.04456E-1 2.07763E-1 2.0376E-1 1.97171E-1 2.00782E-1 1.97058E-1 1.92528E-1 1.93398E-1 1.88374E-1 1.84648E-1 1.92114E-1 1.9636E-1 1.90873E-1 1.90194E-1 1.89159E-1 1.93202E-1 1.91451E-1 1.85626E-1 1.75364E-1 1.66095E-1 1.71834E-1
-9999 -9999 -9999 -9999 -9999 -9999 -9999 -9999 -9999 -9999 -9999 -9999 -9999 -9999 -9999 -9999 -9999 -9999 -9999 -9999 -9999 -9999 -9999 -9999 6.09186E-1 -9999 5.14238E-1 4.71584E-1 4.55856E-1 4.45182E-1 4.16544E-1 3.82243E-1 3.54702E-1 3.21193E-1 3.2619E-1 2.95673E-1 2.8658E-1 2.7423E-1 2.57803E-1 2.35994E-1 1.96025E-1 1.86384E-1 2.05869E-1 2.02563E-1 2.07074E-1 1.98559E-1 2.08189E-1 2.03232E-1 1.8938E-1 1.84863E-1 2.05624E-1 2.03947E-1 2.01866E-1 1.97902E-1 1.9375E-1 1.9931E-1 1.99011E-1 1.89071E-1 1.85767E-1 1.93224E-1 1.89846E-1 1.96116E-1 1.94321E-1 1.93445E-1 1.95393E-1 1.96173E-1 1.91558E-1 1.83867E-1 1.80484E-1 1.71451E-1 1.7335E-1 1.77574E-1
-9999 -9999 -9999 -9999 -9999 -9999 -9999 -9999 -9999 -9999 -9999 -9999 -9999 -9999 -9999 -9999 -9999 -9999 -9999 -9999 -9999 -9999 -9999 -9999 5.86955E-1 5.43846E-1 4.94117E-1 4.67263E-1 4.65728E-1 4.30388E-1 3.93901E-1 3.7392E-1 3.47039E-1 3.33523E-1 3.07472E-1 2.95741E-1 2.83803E-1 2.67124E-1 2.59312E-1 2.39498E-1 2.00481E-1 1.85044E-1 1.80434E-1 1.91194E-1 2.04598E-1 1.976E-1 2.02072E-1 1.97556E-1 1.87832E-1 1.97676E-1 1.95585E-1 1.93818E-1 2.02697E-1 2.01455E-1 1.93774E-1 1.9427E-1 1.87451E-1 1.92111E-1 1.94607E-1 1.83251E-1 1.82771E-1 1.88279E-1 1.94243E-1 1.92361E-1 1.89175E-1 1.8552E-1 1.83642E-1 1.85186E-1 1.76952E-1 1.84247E-1 1.82021E-1 1.7864E-1
-9999 -9999 -9999 -9999 -9999 -9999 -9999 -9999 -9999 -9999 -9999 -9999 -9999 -9999 -9999 -9999 -9999 -9999 -9999 -9999 -9999 -9999 -9999 -9999 5.80678E-1 5.44785E-1 5.12137E-1 4.72324E-1 4.43475E-1 4.19221E-1 3.9819E-1 3.69437E-1 3.38347E-1 3.2121E-1 3.11757E-1 2.90652E-1 2.79463E-1 2.57483E-1 2.46808E-1 2.41845E-1 2.15419E-1 1.86085E-1 1.73508E-1 1.76089E-1 1.79962E-1 1.90022E-1 1.96219E-1 1.90758E-1 1.93472E-1 1.89882E-1 1.88658E-1 1.91683E-1 1.93243E-1 1.98476E-1 1.97735E-1 1.93433E-1 1.92628E-1 1.82754E-1 1.88404E-1 1.84847E-1 1.88721E-1 1.88405E-1 1.86317E-1 1.87668E-1 1.85177E-1 1.83835E-1 1.75342E-1 1.77315E-1 1.70568E-1 1.73202E-1 1.68073E-1 1.71533E-1
-9999 -9999 -9999 -9999 -9999 -9999 -9999 -9999 -9999 -9999 -9999 -9999 -9999 -9999 -9999 -9999 -9999 -9999 -9999 -9999 -9999 -9999 -9999 -9999 -9999 5.29485E-1 5.14352E-1 -9999 4.30325E-1 4.10775E-1 3.8785E-1 3.54059E-1 3.37561E-1 3.13326E-1 2.9781E-1 2.82063E-1 2.6831E-1 2.45865E-1 2.41917E-1 2.38552E-1 2.27981E-1 1.98587E-1 1.7638E-1 1.75263E-1 1.95182E-1 1.97383E-1 1.87593E-1 1.94852E-1 1.86967E-1 1.88884E-1 1.98922E-1 1.97096E-1 1.90142E-1 1.94393E-1 1.91394E-1 1.9022E-1 1.82927E-1 1.82676E-1 1.85299E-1 1.8782E-1 1.82458E-1 1.80138E-1 1.79185E-1 1.82284E-1 1.89334E-1 1.73704E-1 1.57432E-1 1.75624E-1 1.73057E-1 1.79439E-1 1.75702E-1 1.79202E-1
-9999 -9999 -9999 -9999 -9999 -9999 -9999 -9999 -9999 -9999 -9999 -9999 -9999 -9999 -9999 -9999 -9999 -9999 -9999 -9999 -9999 -9999 -9999 -9999 -9999 -9999 -9999 -9999 -9999 3.91811E-1 3.70382E-1 3.50591E-1 3.35535E-1 3.06731E-1 2.90919E-1 2.76435E-1 2.55601E-1 2.37005E-1 2.37998E-1 2.3148E-1 2.2901E-1 2.14208E-1 1.97932E-1 1.95296E-1 1.971E-1 1.75655E-1 1.7129E-1 1.87156E-1 1.87251E-1 1.85288E-1 1.85284E-1 1.90638E-1 1.87978E-1 1.87288E-1 1.89195E-1 1.86544E-1 1.75969E-1 1.84417E-1 1.79017E-1 1.81416E-1 1.80549E-1 1.74009E-1 1.70143E-1 1.81728E-1 1.81111E-1 1.74629E-1 1.72203E-1 1.70709E-1 1.66417E-1 1.77338E-1 1.81843E-1 1.7879E-1
-9999 -9999 -9999 -9999 -9999 -9999 -9999 -9999 -9999 -9999 -9999 -9999 -9999 -9999 -9999 -9999 -9999 -9999 -9999 -9999 -9999 -9999 -9999 -9999 -9999 -9999 -9999 -9999 -9999 -9999 3.65379E-1 3.38918E-1 3.28127E-1 2.94677E-1 2.77177E-1 2.68916E-1 2.52003E-1 2.35934E-1 2.24176E-1 2.12176E-1 2.13371E-1 2.06381E-1 2.03627E-1 1.85007E-1 1.84162E-1 1.74432E-1 1.75386E-1 1.80341E-1 1.93825E-1 1.8005E-1 1.72724E-1 1.86362E-1 1.87837E-1 1.89318E-1 1.92185E-1 1.85309E-1 1.75337E-1 1.76735E-1 1.76565E-1 1.77384E-1 1.71934E-1 1.74132E-1 1.74465E-1 1.85576E-1 1.82134E-1 1.84692E-1 1.68946E-1 1.64347E-1 1.65416E-1 1.69874E-1 1.82872E-1 1.6902E-1
-9999 -9999 -9999 -9999 -9999 -9999 -9999 -9999 -9999 -9999 -9999 -9999 -9999 -9999 -9999 -9999 -9999 -9999 -9999 -9999 -9999 -9999 -9999 -9999 -9999 -9999 -9999 -9999 -9999 3.7988E-1 3.52879E-1 3.33198E-1 3.17187E-1 2.89963E-1 2.77508E-1 2.60032E-1 2.36253E-1 2.27262E-1 2.16817E-1 2.03414E-1 2.07945E-1 2.16137E-1 2.13915E-1 1.92095E-1 1.76006E-1 1.68978E-1 1.76071E-1 1.84336E-1 1.8585E-1 1.76184E-1 1.50785E-1 1.72646E-1 1.78399E-1 1.85666E-1 1.78927E-1 1.81258E-1 1.87745E-1 1.82511E-1 1.69659E-1 1.64899E-1 1.69236E-1 1.76915E-1 1.76034E-1 1.80388E-1 1.83866E-1 1.84191E-1 1.76151E-1 1.62594E-1 1.64148E-1 1.82114E-1 1.83756E-1 1.78753E-1
-9999 -9999 -9999 -9999 -9999 -9999 -9999 -9999 -9999 -9999 -9999 -9999 -9999 -9999 -9999 -9999 -9999 -9999 -9999 -9999 -9999 -9999 -9999 -9999 -9999 -9999 -9999 -9999 3.81783E-1 3.73883E-1 3.4445E-1 3.32996E-1 3.04915E-1 2.91404E-1 2.75665E-1 2.60217E-1 2.34242E-1 2.2558E-1 2.17235E-1 2.07479E-1 2.05674E-1 2.0689E-1 2.05356E-1 1.65256E-1 1.5569E-1 1.58868E-1 1.72367E-1 1.82828E-1 1.69528E-1 1.84112E-1 1.47781E-1 1.63047E-1 1.80634E-1 1.79562E-1 1.81535E-1 1.87528E-1 1.87822E-1 1.76288E-1 1.67013E-1 1.64177E-1 1.78642E-1 1.8599E-1 1.74344E-1 1.74928E-1 1.75588E-1 1.82216E-1 1.7569E-1 1.65476E-1 1.67017E-1 1.78137E-1 1.82071E-1 1.86025E-1
-9999 -9999 -9999 -9999 -9999 -9999 -9999 -9999 -9999 -9999 -9999 -9999 -9999 -9999 -9999 -9999 -9999 -9999 -9999 -9999 -9999 6.34992E-1 -9999 -9999 -9999 -9999 -9999 4.31081E-1 3.86607E-1 3.6015E-1 3.41914E-1 3.23829E-1 3.01887E-1 2.8782E-1 2.70112E-1 2.52575E-1 2.29823E-1 2.21875E-1 2.25548E-1 2.1877E-1 2.10666E-1 1.97702E-1 1.95055E-1 1.76948E-1 1.57816E-1 1.64496E-1 1.78105E-1 1.75402E-1 1.72111E-1 1.70138E-1 1.60015E-1 1.5675E-1 1.63027E-1 1.66487E-1 1.75012E-1 1.85583E-1 1.79235E-1 1.71464E-1 1.66616E-1 1.72406E-1 1.78857E-1 1.80417E-1 1.73168E-1 1.64246E-1 1.7136E-1 1.82947E-1 1.75458E-1 1.68041E-1 1.73372E-1 1.79512E-1 1.7464E-1 1.80704E-1
-9999 -9999 -9999 -9999 -9999 -9999 -9999 -9999 -9999 -9999 -9999 -9999 -9999 -9999 -9999 -9999 -9999 -9999 -9999 -9999 6.64074E-1 6.22661E-1 -9999 -9999 -9999 4.69621E-1 4.43224E-1 4.06759E-1 3.7804E-1 3.61552E-1 3.35961E-1 3.19557E-1 3.02596E-1 2.93645E-1 2.65274E-1 2.45725E-1 2.38676E-1 2.2757E-1 2.11837E-1 2.16072E-1 2.11229E-1 1.96517E-1 1.9044E-1 1.90542E-1 1.68478E-1 1.68076E-1 1.76044E-1 1.71937E-1 1.67309E-1 1.61771E-1 1.63555E-1 1.64672E-1 1.64902E-1 1.55446E-1 1.73443E-1 1.78162E-1 1.79385E-1 1.79476E-1 1.81535E-1 1.70182E-1 1.76718E-1 1.73972E-1 1.64816E-1 1.71311E-1 1.72031E-1 1.81626E-1 1.81362E-1 1.69315E-1 1.7575E-1 1.74374E-1 1.64998E-1 1.65079E-1
-9999 -9999 -9999 -9999 -9999 -9999 -9999 -9999 -9999 -9999 -9999 -9999 -9999 -9999 -9999 -9999 -9999 -9999 -9999 7.07231E-1 6.57041E-1 6.11422E-1 5.57305E-1 5.30338E-1 5.05009E-1 4.59359E-1 4.3036E-1 3.93734E-1 3.56305E-1 3.58669E-1 3.35117E-1 3.12548E-1 2.97375E-1 2.6879E-1 2.60363E-1 2.42485E-1 2.44724E-1 2.25276E-1 2.12188E-1 2.18518E-1 2.09392E-1 1.99183E-1 1.93901E-1 1.87589E-1 1.76003E-1 1.7578E-1 1.75802E-1 1.68614E-1 1.65407E-1 1.56509E-1 1.67054E-1 1.57891E-1 1.79823E-1 1.58105E-1 1.61614E-1 1.74889E-1 1.71024E-1 1.75236E-1 1.63911E-1 1.60786E-1 1.68482E-1 1.66962E-1 1.65847E-1 1.66893E-1 1.7188E-1 1.76628E-1 1.81031E-1 1.56039E-1 1.61561E-1 1.63985E-1 1.71633E-1 1.70579E-1
-9999 -9999 -9999 -9999 -9999 -9999 -9999 -9999 -9999 -9999 -9999 -9999 -9999 -9999 -9999 -9999 -9999 -9999 -9999 6.77546E-1 6.36084E-1 5.57032E-1 5.55292E-1 5.32858E-1 4.95654E-1 4.49272E-1 4.32146E-1 3.96666E-1 3.45774E-1 3.41103E-1 3.21813E-1 3.07377E-1 2.9756E-1 2.76695E-1 2.61655E-1 2.46335E-1 2.38438E-1 2.28512E-1 2.18996E-1 2.12897E-1 2.11946E-1 2.03208E-1 1.87709E-1 1.71058E-1 1.72945E-1 1.75584E-1 1.71278E-1 1.71504E-1 1.72672E-1 1.7713E-1 1.78247E-1 1.56013E-1 1.70294E-1 1.69523E-1 1.62918E-1 1.75848E-1 1.71368E-1 1.67814E-1 1.69589E-1 1.61106E-1 1.6167E-1 1.54299E-1 1.57305E-1 1.58227E-1 1.67975E-1 1.76633E-1 1.61913E-1 1.62558E-1 1.56907E-1 1.5392E-1 1.51348E-1 1.64878E-1
-9999 -9999 -9999 -9999 -9999 -9999 -9999 -9999 -9999 -9999 -9999 -9999 -9999 -9999 -9999 -9999 -9999 -9999 -9999 6.78693E-1 6.07379E-1 5.41629E-1 5.41795E-1 5.14768E-1 4.75839E-1 4.48978E-1 4.1329E-1 3.88923E-1 3.51794E-1 3.32559E-1 3.15466E-1 3.05882E-1 2.92685E-1 2.75209E-1 2.58119E-1 2.44368E-1 2.32486E-1 2.2455E-1 2.16157E-1 2.14023E-1 2.06444E-1 1.99568E-1 1.75581E-1 1.67181E-1 1.74395E-1 1.72793E-1 1.74054E-1 1.68629E-1 1.80857E-1 1.8285E-1 1.75033E-1 1.77015E-1 1.83288E-1 1.7058E-1 1.64307E-1 1.75453E-1 1.79954E-1 1.78581E-1 1.78341E-1 1.58622E-1 1.5117E-1 1.5605E-1 1.52223E-1 1.50805E-1 1.61594E-1 1.68953E-1 1.63099E-1 1.70964E-1 1.52732E-1 1.5872E-1 1.62937E-1 1.7036E-1
