Artocarpus altilis SDM files/Last interglacial/results (with bias file)/Artalt_stddev.asc
ncols         1201
nrows         481
xllcorner     119.99986351115
yllcorner     -15.00013864885
cellsize      0.041666667
NODATA_value  -9999
[rows 416 to 447 of 481, columns 504 to 575 of 1201]
-9999 -9999 -9999 -9999 -9999 -9999 -9999 -9999 -9999 -9999 -9999 -9999 -9999 -9999 -9999 -9999 3.29936E-2 3.35827E-2 3.47853E-2 3.52743E-2 3.69021E-2 3.8879E-2 3.95802E-2 4.19408E-2 4.54555E-2 4.7746E-2 4.74441E-2 5.42369E-2 5.77005E-2 5.80586E-2 5.71634E-2 6.06971E-2 6.00643E-2 6.25716E-2 6.07641E-2 6.15855E-2 6.19049E-2 5.85312E-2 5.75897E-2 5.81019E-2 5.47173E-2 5.26507E-2 5.15983E-2 5.14396E-2 5.4507E-2 4.53838E-2 4.91732E-2 5.16749E-2 4.56325E-2 4.62671E-2 -9999 -9999 -9999 -9999 -9999 -9999 -9999 3.83672E-2 -9999 -9999 -9999 -9999 -9999 -9999 -9999 -9999 -9999 -9999 -9999 -9999 -9999 -9999
-9999 -9999 -9999 -9999 -9999 -9999 -9999 -9999 -9999 -9999 -9999 -9999 -9999 -9999 -9999 -9999 3.31429E-2 3.32892E-2 3.41153E-2 3.50956E-2 3.76614E-2 3.92411E-2 3.95292E-2 4.18025E-2 4.50044E-2 4.92142E-2 4.83052E-2 5.14972E-2 5.45067E-2 5.82068E-2 6.01346E-2 6.09515E-2 6.10052E-2 6.11534E-2 6.34729E-2 6.29336E-2 6.21519E-2 5.80437E-2 5.98724E-2 5.9108E-2 5.83774E-2 5.53114E-2 5.31632E-2 5.32174E-2 5.54121E-2 4.88954E-2 4.34952E-2 4.92403E-2 4.88946E-2 4.71001E-2 5.05321E-2 4.92872E-2 4.60228E-2 4.38123E-2 -9999 -9999 -9999 -9999 -9999 -9999 -9999 -9999 -9999 -9999 -9999 -9999 -9999 -9999 -9999 -9999 -9999 -9999
-9999 -9999 -9999 -9999 -9999 -9999 -9999 -9999 -9999 -9999 -9999 -9999 -9999 -9999 -9999 3.49427E-2 3.33449E-2 3.44659E-2 3.45967E-2 3.54708E-2 3.78461E-2 3.98817E-2 4.30092E-2 4.52242E-2 4.92114E-2 4.84476E-2 4.9026E-2 5.21392E-2 5.20764E-2 5.58653E-2 5.65588E-2 6.13021E-2 6.17079E-2 6.16143E-2 6.44648E-2 6.32605E-2 6.14116E-2 6.0952E-2 6.14371E-2 5.88452E-2 5.88283E-2 5.73418E-2 5.2899E-2 5.35832E-2 5.36013E-2 5.02558E-2 4.36297E-2 4.80083E-2 5.0193E-2 4.81801E-2 4.91473E-2 5.11134E-2 4.10653E-2 4.28451E-2 3.91197E-2 -9999 -9999 -9999 -9999 -9999 -9999 -9999 -9999 -9999 -9999 -9999 -9999 -9999 -9999 -9999 -9999 -9999
-9999 -9999 -9999 -9999 -9999 -9999 -9999 -9999 -9999 -9999 -9999 -9999 -9999 -9999 -9999 3.54685E-2 3.3763E-2 3.52921E-2 3.52785E-2 3.58824E-2 3.97268E-2 4.24773E-2 4.36319E-2 4.67982E-2 4.85515E-2 5.01946E-2 5.2024E-2 5.36991E-2 5.65352E-2 5.66112E-2 5.89118E-2 6.14112E-2 6.17353E-2 6.29003E-2 6.2902E-2 6.23009E-2 6.23348E-2 6.20605E-2 6.22615E-2 6.24506E-2 6.113E-2 5.86607E-2 5.5169E-2 5.30844E-2 5.41795E-2 4.91754E-2 4.33758E-2 4.46428E-2 4.89828E-2 4.92396E-2 4.78304E-2 4.95881E-2 4.66167E-2 3.96102E-2 3.52185E-2 -9999 -9999 -9999 -9999 -9999 -9999 -9999 -9999 -9999 -9999 -9999 -9999 -9999 -9999 -9999 -9999 -9999
-9999 -9999 -9999 -9999 -9999 -9999 -9999 -9999 -9999 -9999 -9999 -9999 -9999 -9999 3.52364E-2 3.46627E-2 3.55838E-2 3.48673E-2 3.46352E-2 3.65313E-2 3.75292E-2 4.02133E-2 4.31087E-2 4.4695E-2 4.68657E-2 4.64772E-2 5.1201E-2 5.5578E-2 5.76371E-2 6.1056E-2 5.86437E-2 6.00727E-2 6.14511E-2 6.2805E-2 6.42179E-2 6.31315E-2 6.30544E-2 6.31711E-2 6.26155E-2 6.19298E-2 6.21101E-2 5.93032E-2 5.45998E-2 5.62443E-2 5.43744E-2 4.65492E-2 4.91905E-2 4.96829E-2 4.99187E-2 4.87566E-2 5.04622E-2 4.87129E-2 4.71282E-2 3.58655E-2 4.18297E-2 -9999 -9999 -9999 -9999 -9999 -9999 -9999 -9999 -9999 -9999 -9999 -9999 -9999 -9999 -9999 -9999 -9999
-9999 -9999 -9999 -9999 -9999 -9999 -9999 -9999 -9999 -9999 -9999 -9999 -9999 -9999 3.51454E-2 3.50489E-2 3.57625E-2 3.46625E-2 3.55009E-2 3.67236E-2 3.80303E-2 4.17664E-2 4.18662E-2 4.36907E-2 4.66097E-2 4.75253E-2 4.86769E-2 5.22861E-2 5.80868E-2 6.09833E-2 6.03325E-2 5.90045E-2 6.19827E-2 6.28031E-2 6.52761E-2 6.42934E-2 6.4028E-2 6.31423E-2 6.27928E-2 6.04898E-2 6.19718E-2 5.93169E-2 5.88181E-2 5.84645E-2 5.4844E-2 4.7549E-2 4.69759E-2 4.93871E-2 5.18656E-2 4.90235E-2 4.94899E-2 4.66579E-2 4.3916E-2 4.73478E-2 4.67488E-2 -9999 -9999 -9999 -9999 -9999 -9999 -9999 -9999 -9999 -9999 -9999 -9999 -9999 -9999 -9999 -9999 -9999
-9999 -9999 -9999 -9999 -9999 -9999 -9999 -9999 -9999 -9999 -9999 -9999 -9999 -9999 3.50226E-2 3.55599E-2 3.49368E-2 -9999 3.63121E-2 3.76349E-2 3.81506E-2 4.0626E-2 4.09725E-2 4.45966E-2 4.54549E-2 4.88885E-2 4.95694E-2 5.27168E-2 5.37789E-2 5.88884E-2 6.20516E-2 6.22802E-2 6.32454E-2 6.29022E-2 6.52138E-2 6.42463E-2 6.49399E-2 6.36869E-2 6.31149E-2 6.17288E-2 6.02657E-2 6.13551E-2 6.02009E-2 5.96519E-2 5.62298E-2 5.07804E-2 4.5472E-2 4.44484E-2 4.96873E-2 5.11231E-2 5.38297E-2 5.13737E-2 5.02708E-2 4.71615E-2 4.61909E-2 4.66919E-2 4.43958E-2 -9999 -9999 -9999 -9999 -9999 -9999 -9999 -9999 -9999 -9999 -9999 -9999 -9999 -9999 -9999
-9999 -9999 -9999 -9999 -9999 -9999 -9999 -9999 -9999 -9999 -9999 -9999 -9999 -9999 -9999 -9999 -9999 -9999 -9999 3.68057E-2 3.84032E-2 4.17481E-2 4.19402E-2 4.4894E-2 4.71126E-2 5.0741E-2 5.16978E-2 5.66937E-2 5.54188E-2 5.9308E-2 6.00511E-2 6.45158E-2 6.37258E-2 6.48043E-2 6.56656E-2 6.52234E-2 6.46119E-2 6.34127E-2 6.19493E-2 6.1596E-2 6.14321E-2 6.05474E-2 5.99496E-2 5.79598E-2 5.45012E-2 5.20433E-2 4.63856E-2 4.19738E-2 4.7295E-2 5.19017E-2 5.45484E-2 5.29033E-2 4.27438E-2 3.99739E-2 4.55215E-2 4.40586E-2 3.81606E-2 4.15182E-2 4.18126E-2 -9999 -9999 -9999 -9999 -9999 -9999 -9999 -9999 -9999 -9999 -9999 -9999 -9999
-9999 -9999 -9999 -9999 -9999 -9999 -9999 -9999 -9999 -9999 -9999 -9999 -9999 -9999 -9999 -9999 -9999 -9999 -9999 3.94267E-2 4.0026E-2 4.03462E-2 4.37525E-2 4.84099E-2 4.85158E-2 5.43913E-2 5.74646E-2 5.89328E-2 6.02073E-2 6.00325E-2 5.93047E-2 6.41226E-2 6.45032E-2 6.6153E-2 6.54495E-2 6.43442E-2 6.39869E-2 6.25795E-2 6.08205E-2 6.08025E-2 6.02908E-2 6.12168E-2 5.92143E-2 6.04218E-2 5.69424E-2 5.33733E-2 5.17212E-2 4.39235E-2 4.9949E-2 5.5329E-2 5.38251E-2 4.80055E-2 3.81053E-2 3.61243E-2 4.33505E-2 4.21062E-2 4.15785E-2 4.25535E-2 4.3011E-2 -9999 -9999 -9999 -9999 -9999 -9999 -9999 -9999 -9999 -9999 -9999 -9999 -9999
-9999 -9999 -9999 -9999 -9999 -9999 -9999 -9999 -9999 -9999 -9999 -9999 -9999 -9999 -9999 -9999 -9999 -9999 -9999 3.8079E-2 3.86784E-2 4.19316E-2 4.51679E-2 4.60047E-2 4.84785E-2 5.30159E-2 5.47811E-2 5.82542E-2 6.12349E-2 5.95756E-2 6.34916E-2 6.37611E-2 6.33848E-2 6.56921E-2 6.52117E-2 6.37611E-2 6.43798E-2 6.23367E-2 5.86546E-2 6.06188E-2 5.98026E-2 5.91047E-2 6.05861E-2 6.03332E-2 5.62745E-2 5.00198E-2 4.63828E-2 4.91353E-2 5.35783E-2 5.33869E-2 4.94612E-2 4.28096E-2 4.41993E-2 4.06447E-2 4.76051E-2 4.51971E-2 4.34151E-2 4.31485E-2 -9999 -9999 -9999 -9999 -9999 -9999 -9999 -9999 -9999 -9999 -9999 -9999 -9999 -9999
-9999 -9999 -9999 -9999 -9999 -9999 -9999 -9999 -9999 -9999 -9999 -9999 -9999 -9999 -9999 -9999 -9999 -9999 -9999 3.91275E-2 3.95401E-2 4.22353E-2 4.49328E-2 4.82765E-2 4.90523E-2 4.94591E-2 5.31466E-2 5.67283E-2 5.89537E-2 6.24014E-2 6.34835E-2 6.35902E-2 6.40902E-2 6.45954E-2 6.5826E-2 6.4387E-2 6.35218E-2 6.26234E-2 5.5289E-2 5.8015E-2 5.78766E-2 5.89156E-2 5.97817E-2 5.94245E-2 5.53429E-2 5.27053E-2 5.08063E-2 5.39033E-2 5.63705E-2 5.44827E-2 5.39638E-2 4.95658E-2 4.49343E-2 4.31371E-2 4.98049E-2 4.43276E-2 4.54004E-2 4.58173E-2 -9999 -9999 -9999 -9999 -9999 -9999 -9999 -9999 -9999 -9999 -9999 -9999 -9999 -9999
-9999 -9999 -9999 -9999 -9999 -9999 -9999 -9999 -9999 -9999 -9999 -9999 -9999 -9999 -9999 -9999 -9999 -9999 3.89267E-2 3.97706E-2 4.04536E-2 4.33217E-2 4.81263E-2 4.97193E-2 4.98479E-2 5.33295E-2 5.61212E-2 5.70679E-2 6.25736E-2 6.26527E-2 6.40883E-2 6.38363E-2 6.57382E-2 6.49171E-2 6.5188E-2 6.46779E-2 6.33778E-2 6.3666E-2 5.73503E-2 5.21859E-2 5.71863E-2 5.84192E-2 5.79166E-2 5.88243E-2 5.91206E-2 5.74127E-2 5.77002E-2 5.42319E-2 5.57534E-2 5.21961E-2 5.28329E-2 4.4069E-2 3.71276E-2 3.95403E-2 5.04154E-2 4.6304E-2 4.74562E-2 4.74808E-2 -9999 -9999 -9999 -9999 -9999 -9999 -9999 -9999 -9999 -9999 -9999 -9999 -9999 -9999
-9999 -9999 -9999 -9999 -9999 -9999 -9999 -9999 -9999 -9999 -9999 -9999 -9999 -9999 -9999 -9999 -9999 -9999 3.92435E-2 4.20946E-2 4.32118E-2 4.48103E-2 4.97138E-2 5.34916E-2 5.53949E-2 5.71336E-2 5.60673E-2 5.64164E-2 5.86482E-2 6.15373E-2 6.52343E-2 6.46564E-2 6.62865E-2 6.59941E-2 6.59575E-2 6.40111E-2 6.31281E-2 6.26613E-2 6.3349E-2 5.22357E-2 5.72556E-2 5.88087E-2 6.01274E-2 5.90844E-2 5.79511E-2 5.3595E-2 5.71255E-2 5.07019E-2 5.50707E-2 5.22731E-2 4.26675E-2 4.10152E-2 3.68765E-2 3.98605E-2 4.85036E-2 4.95675E-2 4.84728E-2 -9999 -9999 -9999 -9999 -9999 -9999 -9999 -9999 -9999 -9999 -9999 -9999 -9999 -9999 -9999
-9999 -9999 -9999 -9999 -9999 -9999 -9999 -9999 -9999 -9999 -9999 -9999 -9999 -9999 -9999 -9999 -9999 3.90421E-2 4.12806E-2 4.31683E-2 4.37789E-2 4.53032E-2 4.85259E-2 5.20674E-2 5.40467E-2 5.82204E-2 5.97504E-2 5.94269E-2 5.94715E-2 6.22834E-2 6.58259E-2 6.43867E-2 6.58401E-2 6.45705E-2 6.51528E-2 6.50472E-2 6.42091E-2 6.08464E-2 6.07662E-2 5.63902E-2 5.92354E-2 5.91537E-2 6.08541E-2 5.85604E-2 5.68241E-2 5.65429E-2 5.33519E-2 5.59861E-2 5.39037E-2 4.5535E-2 4.35912E-2 3.98242E-2 3.94144E-2 4.06534E-2 4.80361E-2 5.09428E-2 4.98132E-2 -9999 4.67404E-2 4.68809E-2 4.36441E-2 -9999 -9999 -9999 -9999 -9999 -9999 -9999 -9999 -9999 -9999 -9999
-9999 -9999 -9999 -9999 -9999 -9999 -9999 -9999 -9999 -9999 -9999 -9999 -9999 -9999 -9999 -9999 4.04478E-2 4.12101E-2 4.43627E-2 4.38484E-2 4.53801E-2 4.71457E-2 4.9966E-2 5.05383E-2 5.38769E-2 5.71375E-2 5.77705E-2 6.02745E-2 5.94932E-2 6.28676E-2 6.48154E-2 6.46524E-2 6.53839E-2 6.32352E-2 6.44169E-2 6.42573E-2 6.37499E-2 6.00765E-2 5.631E-2 5.88183E-2 6.02446E-2 6.08967E-2 6.00535E-2 5.80165E-2 5.4807E-2 5.6202E-2 5.25269E-2 5.54407E-2 5.60115E-2 5.11503E-2 5.10442E-2 4.66024E-2 4.30973E-2 4.19277E-2 4.56267E-2 5.21309E-2 5.1813E-2 5.10796E-2 4.95129E-2 4.46269E-2 4.39225E-2 -9999 -9999 -9999 -9999 -9999 -9999 -9999 -9999 -9999 -9999 -9999
-9999 -9999 -9999 -9999 -9999 -9999 -9999 -9999 -9999 -9999 -9999 -9999 -9999 -9999 3.85301E-2 3.86894E-2 4.23908E-2 4.52667E-2 4.8961E-2 5.00105E-2 4.72317E-2 4.76734E-2 4.94013E-2 5.16871E-2 5.44756E-2 5.79817E-2 5.9871E-2 5.91314E-2 6.17978E-2 6.34863E-2 6.56064E-2 6.67049E-2 6.4395E-2 6.18341E-2 6.36192E-2 6.33805E-2 6.26255E-2 6.18811E-2 5.99063E-2 5.98717E-2 5.89369E-2 5.95198E-2 6.03403E-2 5.61813E-2 5.60837E-2 5.86804E-2 5.41878E-2 5.50644E-2 5.34703E-2 4.46759E-2 4.81273E-2 4.82517E-2 4.73531E-2 4.42567E-2 4.3281E-2 4.95214E-2 5.31516E-2 5.20358E-2 4.73187E-2 4.46868E-2 4.64736E-2 -9999 -9999 -9999 -9999 -9999 -9999 -9999 -9999 -9999 -9999 -9999
-9999 -9999 -9999 -9999 -9999 -9999 -9999 -9999 -9999 -9999 -9999 -9999 -9999 -9999 3.78038E-2 3.8625E-2 4.23027E-2 4.5218E-2 5.16505E-2 5.11264E-2 4.9775E-2 4.96683E-2 5.20189E-2 5.46035E-2 5.83689E-2 6.04987E-2 6.12297E-2 6.1441E-2 6.52065E-2 6.37638E-2 6.6829E-2 6.65782E-2 6.51264E-2 6.41156E-2 6.24225E-2 6.25374E-2 6.10266E-2 6.19361E-2 6.03858E-2 5.88466E-2 5.90463E-2 5.95981E-2 6.0265E-2 5.58434E-2 5.69269E-2 5.74507E-2 5.58191E-2 5.23194E-2 5.06748E-2 4.17031E-2 4.36878E-2 4.80388E-2 4.78729E-2 4.44543E-2 4.13266E-2 4.53757E-2 5.14082E-2 5.3203E-2 4.57663E-2 4.40559E-2 4.63274E-2 -9999 -9999 -9999 -9999 -9999 -9999 -9999 -9999 -9999 -9999 -9999
-9999 -9999 -9999 -9999 -9999 -9999 -9999 -9999 -9999 -9999 -9999 -9999 -9999 -9999 3.86302E-2 4.05735E-2 4.27741E-2 4.50881E-2 4.96482E-2 5.2166E-2 5.63916E-2 5.65959E-2 5.35158E-2 5.72695E-2 5.84449E-2 6.30561E-2 6.13566E-2 6.22405E-2 6.54655E-2 6.50661E-2 6.54911E-2 6.73405E-2 6.70421E-2 6.5262E-2 6.29591E-2 6.07897E-2 5.97775E-2 6.0992E-2 6.02412E-2 5.76694E-2 5.76934E-2 5.82116E-2 5.94617E-2 5.53636E-2 5.63711E-2 5.75555E-2 5.44353E-2 5.70879E-2 5.49502E-2 4.53379E-2 4.15514E-2 4.4939E-2 4.58171E-2 4.14245E-2 4.12182E-2 4.4965E-2 5.34301E-2 5.50075E-2 4.8619E-2 4.07493E-2 4.72146E-2 -9999 -9999 -9999 -9999 -9999 -9999 -9999 -9999 -9999 -9999 -9999
-9999 -9999 -9999 -9999 -9999 -9999 -9999 -9999 -9999 -9999 -9999 -9999 -9999 -9999 4.12802E-2 4.28099E-2 4.38389E-2 4.93931E-2 4.89444E-2 5.29122E-2 5.90523E-2 5.94939E-2 6.03259E-2 5.87944E-2 5.98618E-2 6.144E-2 6.19023E-2 6.45833E-2 6.39398E-2 6.6425E-2 6.65362E-2 6.73081E-2 6.71109E-2 6.55747E-2 6.39988E-2 6.31381E-2 6.13561E-2 6.03353E-2 5.9049E-2 5.7546E-2 5.63204E-2 5.81579E-2 5.84439E-2 5.55153E-2 5.78838E-2 5.66121E-2 5.533E-2 5.33232E-2 5.5506E-2 5.00329E-2 4.25324E-2 4.91876E-2 4.47095E-2 3.47721E-2 4.21754E-2 4.45698E-2 5.37453E-2 5.40238E-2 4.97734E-2 4.39382E-2 4.78943E-2 -9999 -9999 -9999 -9999 -9999 -9999 -9999 -9999 -9999 -9999 -9999
-9999 -9999 -9999 -9999 -9999 -9999 -9999 -9999 -9999 -9999 -9999 -9999 -9999 -9999 4.22863E-2 4.39203E-2 4.58699E-2 4.69956E-2 5.2207E-2 5.51063E-2 5.93192E-2 5.98724E-2 5.95474E-2 5.86161E-2 6.08553E-2 6.04507E-2 6.15035E-2 6.3325E-2 6.7271E-2 6.49148E-2 6.76676E-2 6.66705E-2 6.61513E-2 6.60409E-2 6.4748E-2 6.3166E-2 6.01762E-2 5.89389E-2 5.99595E-2 5.96766E-2 5.74643E-2 5.84402E-2 5.85796E-2 5.6604E-2 5.66216E-2 5.43926E-2 5.50315E-2 5.41273E-2 5.63901E-2 5.4356E-2 4.92718E-2 4.49567E-2 5.11001E-2 4.65691E-2 4.4065E-2 4.89775E-2 5.24782E-2 5.5325E-2 5.18938E-2 4.60817E-2 4.98394E-2 -9999 -9999 -9999 -9999 -9999 -9999 -9999 -9999 -9999 -9999 -9999
-9999 -9999 -9999 -9999 -9999 -9999 -9999 -9999 -9999 -9999 -9999 -9999 -9999 -9999 4.39796E-2 4.34039E-2 4.71025E-2 4.71883E-2 5.13523E-2 5.50965E-2 5.8407E-2 5.80485E-2 5.69093E-2 6.1086E-2 6.04663E-2 6.23344E-2 6.15348E-2 6.41655E-2 6.61865E-2 6.739E-2 6.77369E-2 6.54504E-2 6.66653E-2 6.59606E-2 6.34384E-2 6.26507E-2 5.98641E-2 5.97406E-2 6.01512E-2 6.10775E-2 5.91515E-2 6.02631E-2 5.86671E-2 5.83308E-2 5.48834E-2 5.52594E-2 5.16914E-2 5.46442E-2 5.34358E-2 5.53599E-2 5.24884E-2 5.10982E-2 5.23434E-2 5.16837E-2 4.8769E-2 3.89591E-2 4.62395E-2 5.55683E-2 5.38643E-2 4.44765E-2 5.21611E-2 -9999 -9999 -9999 -9999 -9999 -9999 -9999 -9999 -9999 -9999 -9999
-9999 -9999 -9999 -9999 -9999 -9999 -9999 -9999 -9999 -9999 -9999 -9999 -9999 -9999 -9999 4.60565E-2 4.79513E-2 4.87224E-2 5.2286E-2 5.72463E-2 5.86637E-2 5.80026E-2 5.88645E-2 5.98601E-2 6.35681E-2 6.17157E-2 6.34821E-2 6.45281E-2 6.33764E-2 6.74411E-2 6.80598E-2 6.58628E-2 6.45315E-2 6.52242E-2 6.20227E-2 6.10042E-2 5.88067E-2 6.07819E-2 6.16586E-2 6.13312E-2 6.13092E-2 6.0612E-2 5.94923E-2 5.93827E-2 5.48489E-2 5.49793E-2 5.17058E-2 5.08212E-2 5.04091E-2 5.47989E-2 5.09695E-2 5.09832E-2 5.19817E-2 5.05968E-2 4.6191E-2 4.04804E-2 4.30167E-2 5.40646E-2 5.23159E-2 4.76163E-2 5.28652E-2 5.15202E-2 -9999 -9999 -9999 -9999 -9999 -9999 -9999 -9999 -9999 -9999
-9999 -9999 -9999 -9999 -9999 -9999 -9999 -9999 -9999 -9999 -9999 -9999 -9999 -9999 -9999 4.72263E-2 4.87604E-2 4.99669E-2 5.39945E-2 5.53122E-2 5.57773E-2 5.86449E-2 6.00964E-2 6.31162E-2 6.32968E-2 6.47487E-2 6.40039E-2 6.44882E-2 6.62393E-2 6.8498E-2 6.89361E-2 6.68584E-2 6.41693E-2 6.05471E-2 5.72447E-2 5.61898E-2 6.16441E-2 6.18673E-2 6.21682E-2 5.97352E-2 5.97016E-2 6.08728E-2 5.996E-2 5.86963E-2 5.65737E-2 5.28697E-2 5.18804E-2 4.87979E-2 4.35822E-2 5.16216E-2 5.33843E-2 5.08843E-2 5.06582E-2 5.23485E-2 5.13004E-2 4.53602E-2 4.66216E-2 5.3978E-2 5.34288E-2 4.79698E-2 5.36087E-2 -9999 -9999 -9999 -9999 -9999 -9999 -9999 -9999 -9999 -9999 -9999
-9999 -9999 -9999 -9999 -9999 -9999 -9999 -9999 -9999 -9999 -9999 -9999 -9999 -9999 -9999 -9999 5.02447E-2 5.15543E-2 5.51251E-2 5.8276E-2 5.68492E-2 6.12732E-2 6.37501E-2 6.63557E-2 6.54493E-2 6.66025E-2 6.78459E-2 6.72473E-2 6.69001E-2 6.86432E-2 6.73317E-2 6.61159E-2 5.98607E-2 6.14808E-2 5.82411E-2 5.60832E-2 5.97207E-2 6.24849E-2 6.26931E-2 5.95924E-2 5.81818E-2 5.9771E-2 5.9822E-2 5.86732E-2 5.67476E-2 5.55078E-2 5.12639E-2 4.86988E-2 4.92737E-2 4.9224E-2 5.34285E-2 5.27701E-2 5.40621E-2 5.59975E-2 5.00395E-2 4.4983E-2 4.6631E-2 5.42591E-2 5.46087E-2 4.88878E-2 5.32117E-2 -9999 -9999 -9999 -9999 -9999 -9999 -9999 -9999 -9999 -9999 -9999
-9999 -9999 -9999 -9999 -9999 -9999 -9999 -9999 -9999 -9999 -9999 -9999 -9999 -9999 -9999 5.02693E-2 5.08596E-2 5.2525E-2 5.5522E-2 5.68757E-2 5.89183E-2 6.09057E-2 6.39948E-2 6.77202E-2 6.76259E-2 6.73315E-2 6.79081E-2 6.62073E-2 6.58649E-2 6.8131E-2 6.65124E-2 6.25777E-2 6.19789E-2 6.40993E-2 6.21746E-2 6.01187E-2 6.17267E-2 6.26366E-2 6.2458E-2 6.00401E-2 6.06576E-2 6.11056E-2 5.95991E-2 5.89156E-2 5.72569E-2 5.65194E-2 4.97492E-2 5.44676E-2 5.11578E-2 4.50946E-2 5.32775E-2 5.56252E-2 5.63559E-2 5.4376E-2 4.77851E-2 4.79815E-2 5.06161E-2 4.83836E-2 5.38173E-2 4.78947E-2 5.31966E-2 -9999 -9999 -9999 -9999 -9999 -9999 -9999 -9999 -9999 -9999 -9999
-9999 -9999 -9999 -9999 -9999 -9999 -9999 -9999 -9999 -9999 -9999 -9999 -9999 -9999 -9999 4.93802E-2 5.19395E-2 5.31646E-2 5.55102E-2 5.91251E-2 5.97129E-2 6.35984E-2 6.4102E-2 6.68393E-2 6.62617E-2 6.81283E-2 6.85425E-2 6.61162E-2 6.84901E-2 6.76019E-2 6.73427E-2 6.59965E-2 6.59938E-2 6.32357E-2 6.51542E-2 6.51076E-2 6.34514E-2 6.28997E-2 6.18458E-2 6.08931E-2 6.08074E-2 6.16514E-2 6.00822E-2 5.99595E-2 5.78348E-2 5.69029E-2 4.94471E-2 5.61476E-2 5.05097E-2 5.05827E-2 5.462E-2 5.705E-2 5.66839E-2 5.57391E-2 5.36556E-2 5.55173E-2 5.14179E-2 4.93254E-2 5.15219E-2 5.2284E-2 5.33349E-2 5.45125E-2 -9999 -9999 -9999 -9999 -9999 -9999 -9999 -9999 -9999 -9999
-9999 -9999 -9999 -9999 -9999 -9999 -9999 -9999 -9999 -9999 -9999 -9999 -9999 -9999 4.9693E-2 5.06319E-2 5.31125E-2 5.46094E-2 5.6586E-2 5.92477E-2 6.2298E-2 6.19979E-2 6.49509E-2 6.6632E-2 6.93909E-2 6.61944E-2 6.67251E-2 6.73567E-2 6.82527E-2 6.81621E-2 6.80987E-2 6.79425E-2 6.7452E-2 6.65743E-2 6.57789E-2 6.51694E-2 6.36156E-2 6.29209E-2 6.26817E-2 6.21796E-2 6.18E-2 6.13362E-2 6.05097E-2 5.73455E-2 5.88261E-2 5.91877E-2 5.65127E-2 5.63073E-2 5.40017E-2 5.48031E-2 5.68285E-2 5.71796E-2 5.79532E-2 5.80997E-2 5.6191E-2 5.17344E-2 4.68004E-2 5.22659E-2 5.88812E-2 5.21644E-2 4.69595E-2 5.36157E-2 5.33404E-2 -9999 -9999 -9999 -9999 -9999 -9999 -9999 -9999 -9999
-9999 -9999 -9999 -9999 -9999 -9999 -9999 -9999 -9999 -9999 -9999 -9999 -9999 -9999 4.92562E-2 5.25872E-2 5.41287E-2 5.65187E-2 5.8964E-2 6.00074E-2 6.2787E-2 6.53926E-2 6.63923E-2 6.87237E-2 6.63282E-2 6.54789E-2 6.44211E-2 6.83426E-2 6.62373E-2 6.88705E-2 6.81057E-2 6.95736E-2 6.71621E-2 6.55721E-2 6.45267E-2 6.33414E-2 6.37749E-2 6.3856E-2 6.3422E-2 6.05165E-2 6.03145E-2 6.01896E-2 6.08015E-2 5.98201E-2 5.97502E-2 5.69814E-2 5.80284E-2 5.77108E-2 5.76414E-2 5.81804E-2 5.78614E-2 5.61974E-2 5.78306E-2 5.88735E-2 4.7555E-2 4.10965E-2 4.79152E-2 5.705E-2 6.20861E-2 5.43311E-2 4.66515E-2 5.28679E-2 5.3198E-2 -9999 -9999 -9999 -9999 -9999 -9999 -9999 -9999 -9999
-9999 -9999 -9999 -9999 -9999 -9999 -9999 -9999 -9999 -9999 -9999 -9999 -9999 4.8881E-2 4.97429E-2 5.33378E-2 5.53992E-2 5.6267E-2 5.90164E-2 6.13287E-2 6.38406E-2 6.49425E-2 6.86819E-2 7.17605E-2 7.11825E-2 6.71559E-2 6.69909E-2 6.6025E-2 6.63064E-2 6.73603E-2 6.74512E-2 6.77731E-2 6.78224E-2 6.66658E-2 6.39158E-2 6.32937E-2 6.29151E-2 6.10884E-2 6.19023E-2 6.0642E-2 5.90022E-2 6.00932E-2 5.97631E-2 6.02046E-2 5.88585E-2 5.56558E-2 5.21059E-2 5.64573E-2 5.72431E-2 5.82555E-2 5.72517E-2 5.15184E-2 5.75461E-2 5.64765E-2 5.33987E-2 4.51295E-2 5.03928E-2 5.97499E-2 6.15273E-2 5.59252E-2 5.17808E-2 5.47645E-2 5.61823E-2 -9999 -9999 -9999 -9999 -9999 -9999 -9999 -9999 -9999
-9999 -9999 -9999 -9999 -9999 -9999 -9999 -9999 -9999 -9999 -9999 -9999 4.85591E-2 4.93303E-2 5.16098E-2 5.31141E-2 5.594E-2 5.88215E-2 5.95791E-2 6.02066E-2 6.3971E-2 6.44424E-2 6.91702E-2 7.1498E-2 7.03734E-2 6.51986E-2 6.61851E-2 6.63643E-2 6.7518E-2 6.92846E-2 6.76945E-2 6.91688E-2 6.6806E-2 6.61826E-2 6.57218E-2 6.45055E-2 6.25276E-2 6.18031E-2 5.89764E-2 6.03982E-2 5.95861E-2 5.66336E-2 5.75283E-2 5.95614E-2 5.88004E-2 5.78026E-2 5.41621E-2 5.35609E-2 5.66963E-2 5.92214E-2 5.82655E-2 4.64127E-2 5.47427E-2 5.76717E-2 5.62652E-2 4.64449E-2 4.84127E-2 5.47665E-2 6.19558E-2 6.15204E-2 5.84524E-2 5.73558E-2 5.76835E-2 -9999 -9999 -9999 -9999 -9999 -9999 -9999 -9999 -9999
-9999 -9999 -9999 -9999 -9999 -9999 -9999 -9999 -9999 -9999 -9999 -9999 4.73949E-2 5.00221E-2 5.29662E-2 5.48005E-2 5.76228E-2 5.95091E-2 6.09437E-2 6.2678E-2 6.36832E-2 6.61798E-2 7.04511E-2 7.22799E-2 7.09402E-2 6.7053E-2 6.59276E-2 6.73119E-2 6.77762E-2 6.96558E-2 6.84179E-2 6.70478E-2 6.39391E-2 6.22896E-2 6.12311E-2 6.12052E-2 6.49823E-2 6.47791E-2 6.03862E-2 5.59376E-2 5.93185E-2 5.93593E-2 5.74812E-2 5.92262E-2 5.76425E-2 5.813E-2 5.07443E-2 5.11584E-2 5.60025E-2 5.86805E-2 5.82121E-2 5.16227E-2 5.42061E-2 5.50575E-2 5.52367E-2 4.52763E-2 4.37171E-2 4.96045E-2 6.04116E-2 6.14024E-2 5.62453E-2 5.76401E-2 -9999 -9999 -9999 -9999 -9999 -9999 -9999 -9999 -9999 -9999
-9999 -9999 -9999 -9999 -9999 -9999 -9999 -9999 -9999 -9999 -9999 -9999 4.81324E-2 5.03151E-2 5.32778E-2 5.46358E-2 5.66186E-2 6.02897E-2 6.15187E-2 6.4151E-2 6.63714E-2 6.6395E-2 7.00286E-2 7.0139E-2 6.90425E-2 7.02269E-2 6.78574E-2 6.84716E-2 6.90799E-2 6.83102E-2 6.81103E-2 6.69224E-2 6.50287E-2 6.32871E-2 6.10479E-2 6.17143E-2 6.28595E-2 6.33019E-2 6.30749E-2 5.91613E-2 5.70784E-2 5.96431E-2 5.95427E-2 5.89527E-2 5.55094E-2 5.64206E-2 5.27684E-2 5.08264E-2 5.53496E-2 5.7321E-2 5.72608E-2 5.74556E-2 5.84985E-2 5.78422E-2 5.61746E-2 4.42489E-2 4.61789E-2 5.80381E-2 5.7318E-2 5.97817E-2 5.77526E-2 5.87034E-2 -9999 -9999 -9999 -9999 -9999 -9999 -9999 -9999 -9999 -9999
