Artocarpus altilis SDM files/Last interglacial/results (with bias file)/Artalt_avg.asc
ncols         1201
nrows         481
xllcorner     119.99986351115
yllcorner     -15.00013864885
cellsize      0.041666667
NODATA_value  -9999
[rows 448 to 479 of 481, columns 216 to 287 of 1201]
-9999 -9999 -9999 -9999 -9999 -9999 -9999 -9999 -9999 -9999 -9999 -9999 -9999 -9999 -9999 -9999 -9999 -9999 6.67398E-1 6.25187E-1 5.79244E-1 5.14061E-1 5.14611E-1 4.94173E-1 4.66193E-1 4.27519E-1 3.93822E-1 3.77852E-1 3.4247E-1 3.20907E-1 3.18792E-1 3.07517E-1 2.81832E-1 2.63082E-1 2.52709E-1 2.39342E-1 2.24058E-1 2.19071E-1 2.1353E-1 2.05265E-1 2.07422E-1 1.93657E-1 1.69452E-1 1.83642E-1 1.84302E-1 1.78869E-1 1.77313E-1 1.83072E-1 1.79382E-1 1.82971E-1 1.79488E-1 1.86657E-1 1.78267E-1 1.77353E-1 1.8149E-1 1.80054E-1 1.80584E-1 1.84649E-1 1.77532E-1 1.7817E-1 1.64085E-1 1.67128E-1 1.66018E-1 1.67184E-1 1.68155E-1 1.73042E-1 1.77912E-1 1.69507E-1 1.77262E-1 1.75936E-1 1.75094E-1 1.74812E-1
-9999 -9999 -9999 -9999 -9999 -9999 -9999 -9999 -9999 -9999 -9999 -9999 -9999 -9999 -9999 -9999 -9999 -9999 6.40352E-1 5.96668E-1 5.56886E-1 5.36542E-1 5.10463E-1 4.81909E-1 4.52981E-1 4.08682E-1 3.82013E-1 3.80209E-1 3.27557E-1 3.11866E-1 3.13505E-1 2.93628E-1 2.83902E-1 2.54556E-1 2.41123E-1 2.30719E-1 2.24642E-1 2.13784E-1 2.1284E-1 2.04213E-1 2.02266E-1 1.86107E-1 1.6765E-1 1.91609E-1 1.86966E-1 1.78564E-1 1.78484E-1 1.80443E-1 1.84147E-1 1.86324E-1 1.81261E-1 1.77781E-1 1.78156E-1 1.8086E-1 1.80088E-1 1.86174E-1 1.90607E-1 1.80415E-1 1.79278E-1 1.81061E-1 1.77007E-1 1.6412E-1 1.67295E-1 1.68233E-1 1.66782E-1 1.70106E-1 1.73975E-1 1.73443E-1 1.75525E-1 1.73644E-1 1.77463E-1 1.81407E-1
-9999 -9999 -9999 -9999 -9999 -9999 -9999 -9999 -9999 -9999 -9999 -9999 -9999 -9999 -9999 -9999 -9999 -9999 6.29208E-1 5.91394E-1 5.64172E-1 5.37789E-1 5.10736E-1 4.77097E-1 4.38126E-1 3.85498E-1 3.78836E-1 3.66672E-1 3.3066E-1 3.09093E-1 3.01982E-1 2.78181E-1 2.6744E-1 2.54992E-1 2.44984E-1 2.36755E-1 2.22978E-1 2.15402E-1 2.16562E-1 2.02317E-1 1.96558E-1 1.89311E-1 1.77557E-1 1.96727E-1 1.88012E-1 1.83676E-1 1.74266E-1 1.75984E-1 1.79158E-1 1.8931E-1 1.8006E-1 1.79255E-1 1.83048E-1 1.81618E-1 1.83277E-1 1.79242E-1 1.83112E-1 1.8573E-1 1.87838E-1 1.8092E-1 1.79498E-1 1.76803E-1 1.74204E-1 1.75852E-1 1.71105E-1 1.74263E-1 1.74443E-1 1.71565E-1 1.71376E-1 1.70481E-1 1.798E-1 1.75566E-1
-9999 -9999 -9999 -9999 -9999 -9999 -9999 -9999 -9999 -9999 -9999 -9999 -9999 -9999 -9999 -9999 -9999 -9999 6.07135E-1 5.68862E-1 5.56076E-1 5.18675E-1 4.82619E-1 4.63469E-1 4.1296E-1 3.79856E-1 3.59182E-1 3.44206E-1 3.32714E-1 3.00434E-1 2.81977E-1 2.73459E-1 2.589E-1 2.48929E-1 2.47245E-1 2.31418E-1 2.21261E-1 2.17344E-1 2.03779E-1 1.95718E-1 2.00259E-1 1.88238E-1 1.96831E-1 1.94926E-1 1.80548E-1 1.79425E-1 1.73558E-1 1.81101E-1 1.85265E-1 1.83823E-1 1.85474E-1 1.8372E-1 1.85398E-1 1.80847E-1 1.86504E-1 1.87995E-1 1.88189E-1 1.84783E-1 1.83686E-1 1.81779E-1 1.80747E-1 1.84117E-1 1.66864E-1 1.75404E-1 1.7499E-1 1.74347E-1 1.66474E-1 1.61967E-1 1.69003E-1 1.68805E-1 1.70795E-1 1.7367E-1
-9999 -9999 -9999 -9999 -9999 -9999 -9999 -9999 -9999 -9999 -9999 -9999 -9999 -9999 -9999 -9999 -9999 6.2801E-1 5.85312E-1 5.49612E-1 5.34061E-1 4.88885E-1 4.56486E-1 4.3459E-1 4.02947E-1 3.74442E-1 3.41548E-1 3.39014E-1 3.23822E-1 3.00744E-1 2.70997E-1 2.6593E-1 2.46921E-1 2.45761E-1 2.3527E-1 2.29379E-1 2.2063E-1 2.10584E-1 2.05376E-1 2.03215E-1 1.93579E-1 1.94851E-1 1.93722E-1 1.86526E-1 1.79827E-1 1.69889E-1 1.83879E-1 1.84566E-1 1.86965E-1 1.8756E-1 1.82023E-1 1.89513E-1 1.86403E-1 1.86163E-1 1.85312E-1 1.88954E-1 1.86053E-1 1.81859E-1 1.79969E-1 1.81241E-1 1.84058E-1 1.86759E-1 1.74686E-1 1.66783E-1 1.6896E-1 1.68016E-1 1.58186E-1 1.62929E-1 1.68117E-1 1.74148E-1 1.73045E-1 1.79775E-1
-9999 -9999 -9999 -9999 -9999 -9999 -9999 -9999 -9999 -9999 -9999 -9999 -9999 -9999 -9999 -9999 -9999 6.15131E-1 5.50616E-1 5.25736E-1 5.22691E-1 4.87036E-1 4.47324E-1 4.24832E-1 3.93856E-1 3.58459E-1 3.33698E-1 3.09972E-1 2.93549E-1 2.8377E-1 2.68484E-1 2.5201E-1 2.57195E-1 2.54544E-1 2.41298E-1 2.20871E-1 2.13656E-1 2.06423E-1 2.04721E-1 1.87515E-1 1.9354E-1 1.89557E-1 1.94799E-1 1.88854E-1 1.77899E-1 1.69343E-1 1.89725E-1 1.90995E-1 1.83111E-1 1.90833E-1 1.83643E-1 1.83134E-1 1.84918E-1 1.85212E-1 1.84863E-1 1.81594E-1 1.76063E-1 1.83719E-1 1.79108E-1 1.76792E-1 1.76824E-1 1.7622E-1 1.75867E-1 1.67596E-1 1.81878E-1 1.70733E-1 1.63061E-1 1.71134E-1 1.74343E-1 1.81404E-1 1.78146E-1 1.8182E-1
-9999 -9999 -9999 -9999 -9999 -9999 -9999 -9999 -9999 -9999 -9999 -9999 -9999 -9999 -9999 -9999 -9999 5.88988E-1 5.54458E-1 5.3011E-1 5.06125E-1 4.72883E-1 4.49875E-1 4.16606E-1 3.78635E-1 3.41642E-1 3.44048E-1 3.11628E-1 2.86816E-1 2.57648E-1 2.49821E-1 2.6034E-1 2.55387E-1 2.49651E-1 2.31022E-1 2.18612E-1 2.14174E-1 2.0311E-1 2.07896E-1 1.95545E-1 1.82829E-1 1.8992E-1 1.90408E-1 1.89247E-1 1.92685E-1 1.91492E-1 1.89461E-1 1.82158E-1 1.86029E-1 1.86065E-1 1.82606E-1 1.81699E-1 1.83494E-1 1.86121E-1 1.83668E-1 1.81532E-1 1.8077E-1 1.74907E-1 1.75942E-1 1.75506E-1 1.79454E-1 1.76143E-1 1.8488E-1 1.80549E-1 1.78209E-1 1.72986E-1 1.76575E-1 1.79629E-1 1.78927E-1 1.77478E-1 1.7726E-1 1.77737E-1
-9999 -9999 -9999 -9999 -9999 -9999 -9999 -9999 -9999 -9999 -9999 -9999 -9999 -9999 -9999 -9999 -9999 5.76208E-1 5.31782E-1 5.03097E-1 4.68361E-1 4.61148E-1 4.37761E-1 3.98856E-1 3.72576E-1 3.56679E-1 3.37115E-1 3.15779E-1 2.94426E-1 2.49407E-1 2.7106E-1 2.69022E-1 2.51707E-1 2.40506E-1 2.29142E-1 2.21266E-1 2.08126E-1 2.07311E-1 2.02722E-1 2.00285E-1 1.83007E-1 1.83492E-1 1.90295E-1 1.84628E-1 1.86643E-1 1.84338E-1 1.8995E-1 1.90704E-1 1.83928E-1 1.88264E-1 1.83086E-1 1.82582E-1 1.84904E-1 1.80917E-1 1.80871E-1 1.80248E-1 1.76438E-1 1.76689E-1 1.79238E-1 1.7692E-1 1.7917E-1 1.81256E-1 1.87386E-1 1.81596E-1 1.69546E-1 1.73339E-1 1.72511E-1 1.7771E-1 1.75472E-1 1.8327E-1 1.76362E-1 1.87068E-1
-9999 -9999 -9999 -9999 -9999 -9999 -9999 -9999 -9999 -9999 -9999 -9999 -9999 -9999 -9999 -9999 -9999 5.48061E-1 5.33184E-1 4.84738E-1 4.50124E-1 4.43949E-1 4.17201E-1 3.82595E-1 3.51746E-1 3.4045E-1 3.20698E-1 3.02073E-1 2.75765E-1 2.5772E-1 2.7626E-1 2.5799E-1 2.46109E-1 2.38673E-1 2.35154E-1 2.17912E-1 2.12046E-1 2.04766E-1 2.02987E-1 1.92778E-1 1.83212E-1 1.70714E-1 1.82848E-1 1.85837E-1 1.90242E-1 1.92897E-1 1.873E-1 1.84133E-1 1.78699E-1 1.82536E-1 1.76195E-1 1.78402E-1 1.89674E-1 1.89402E-1 1.91254E-1 1.85813E-1 1.82926E-1 1.73438E-1 1.86467E-1 1.81538E-1 1.77754E-1 1.86868E-1 1.89278E-1 1.93833E-1 1.79864E-1 1.68044E-1 1.73369E-1 1.809E-1 1.80637E-1 1.828E-1 1.83826E-1 1.88039E-1
-9999 -9999 -9999 -9999 -9999 -9999 -9999 -9999 -9999 -9999 -9999 -9999 -9999 -9999 6.35686E-1 -9999 5.39453E-1 5.33568E-1 5.1372E-1 4.83677E-1 4.55803E-1 4.34385E-1 3.97629E-1 3.63717E-1 3.51233E-1 3.45043E-1 3.19247E-1 2.87932E-1 2.72483E-1 2.72723E-1 2.70029E-1 2.5814E-1 2.49337E-1 2.36704E-1 2.27776E-1 2.12612E-1 2.06489E-1 2.06474E-1 2.04643E-1 1.90125E-1 1.85487E-1 1.80751E-1 1.81126E-1 1.82626E-1 1.94208E-1 1.90812E-1 1.87868E-1 1.76423E-1 1.78708E-1 1.77806E-1 1.78413E-1 1.80935E-1 1.86397E-1 1.94988E-1 1.93724E-1 1.86848E-1 1.8247E-1 1.82826E-1 1.83103E-1 1.85406E-1 1.91489E-1 1.84357E-1 1.8422E-1 1.88973E-1 1.85722E-1 1.68316E-1 1.75671E-1 1.85177E-1 1.81549E-1 1.82725E-1 1.90675E-1 1.85848E-1
-9999 -9999 -9999 -9999 -9999 -9999 -9999 -9999 -9999 -9999 -9999 7.07117E-1 6.83138E-1 -9999 6.16543E-1 5.70991E-1 5.23217E-1 5.09649E-1 4.95936E-1 4.62391E-1 4.42239E-1 4.16933E-1 3.97094E-1 3.82101E-1 3.54576E-1 3.33282E-1 3.16391E-1 2.83122E-1 2.63829E-1 2.65758E-1 2.62967E-1 2.54069E-1 2.38438E-1 2.31959E-1 2.2267E-1 2.09804E-1 2.04515E-1 2.01528E-1 2.03297E-1 1.89347E-1 1.96235E-1 1.92292E-1 1.73875E-1 1.83045E-1 1.95296E-1 1.86614E-1 1.81888E-1 1.78898E-1 1.80105E-1 1.82611E-1 1.78768E-1 1.89892E-1 1.91083E-1 1.91851E-1 1.9195E-1 1.85424E-1 1.81525E-1 1.81253E-1 1.88446E-1 1.96313E-1 1.86224E-1 1.88055E-1 1.84119E-1 1.83902E-1 1.83368E-1 1.77366E-1 1.79085E-1 1.87335E-1 1.91213E-1 1.87014E-1 1.90906E-1 1.96194E-1
-9999 -9999 -9999 -9999 -9999 -9999 -9999 -9999 -9999 -9999 -9999 6.82207E-1 6.65729E-1 6.2123E-1 5.88445E-1 5.3733E-1 4.91276E-1 4.99985E-1 4.85841E-1 4.59543E-1 4.3164E-1 3.95926E-1 3.77288E-1 3.60818E-1 3.48404E-1 3.29478E-1 3.19837E-1 2.88231E-1 2.52891E-1 2.67155E-1 2.48397E-1 2.37316E-1 2.26014E-1 2.28109E-1 2.20629E-1 2.16985E-1 2.07068E-1 1.91628E-1 1.90597E-1 1.73289E-1 1.85959E-1 1.78144E-1 1.76374E-1 1.87207E-1 1.89038E-1 1.83103E-1 1.83275E-1 1.80818E-1 1.85583E-1 1.87587E-1 1.85392E-1 1.88115E-1 1.86812E-1 1.89273E-1 1.89747E-1 1.90989E-1 1.91296E-1 1.90196E-1 1.95712E-1 1.8832E-1 1.79419E-1 1.82966E-1 1.83976E-1 1.78608E-1 1.87961E-1 1.86033E-1 1.88435E-1 1.97564E-1 1.93224E-1 1.93917E-1 1.97432E-1 1.96041E-1
-9999 -9999 -9999 -9999 -9999 -9999 -9999 -9999 -9999 -9999 -9999 6.61972E-1 6.38471E-1 6.06089E-1 5.77217E-1 5.33777E-1 4.81079E-1 4.79264E-1 4.61203E-1 4.45635E-1 4.1242E-1 3.86452E-1 3.68927E-1 3.62589E-1 3.40197E-1 3.20329E-1 2.99816E-1 2.72489E-1 2.54576E-1 2.61753E-1 2.4478E-1 2.36997E-1 2.25308E-1 2.22309E-1 2.21319E-1 2.09836E-1 1.94559E-1 1.84133E-1 1.6927E-1 1.68613E-1 1.6821E-1 1.71651E-1 1.73818E-1 1.71165E-1 1.82641E-1 1.83576E-1 1.86122E-1 1.79782E-1 1.8541E-1 1.8129E-1 1.79819E-1 1.8236E-1 1.86058E-1 1.92877E-1 1.95482E-1 1.94806E-1 1.93583E-1 1.92581E-1 1.92655E-1 1.90219E-1 1.82537E-1 1.90362E-1 1.88153E-1 1.89029E-1 1.83754E-1 1.93038E-1 1.8795E-1 1.97265E-1 1.9567E-1 2.08759E-1 2.02235E-1 1.95847E-1
-9999 -9999 -9999 -9999 -9999 -9999 -9999 -9999 -9999 -9999 6.57724E-1 6.31071E-1 6.1112E-1 5.87296E-1 5.46425E-1 5.04835E-1 4.72667E-1 4.481E-1 4.53899E-1 4.31974E-1 4.05642E-1 3.72176E-1 3.63238E-1 3.45555E-1 3.36318E-1 3.17894E-1 2.88149E-1 2.65701E-1 2.53556E-1 2.29914E-1 2.26851E-1 2.29593E-1 2.03394E-1 1.92673E-1 2.10666E-1 2.03555E-1 1.81783E-1 1.73576E-1 1.67394E-1 1.62334E-1 1.65676E-1 1.73596E-1 1.64452E-1 1.69744E-1 1.77469E-1 1.89295E-1 1.90062E-1 1.81814E-1 1.82601E-1 1.84714E-1 1.83204E-1 1.83659E-1 1.90828E-1 1.91154E-1 1.95777E-1 1.92049E-1 1.91639E-1 1.99941E-1 1.99862E-1 1.9254E-1 1.99021E-1 1.95385E-1 1.91634E-1 1.89426E-1 1.88793E-1 1.92225E-1 1.92692E-1 2.05293E-1 2.00687E-1 2.04565E-1 1.99446E-1 2.01505E-1
-9999 -9999 -9999 -9999 -9999 -9999 -9999 -9999 -9999 6.5622E-1 6.37278E-1 5.95804E-1 5.94479E-1 5.59093E-1 5.33432E-1 4.87789E-1 4.4843E-1 4.43972E-1 4.47962E-1 4.08629E-1 3.87546E-1 3.67191E-1 3.60097E-1 3.35732E-1 3.16605E-1 2.91924E-1 2.61266E-1 2.40463E-1 2.27588E-1 2.15956E-1 2.02055E-1 1.9373E-1 1.88015E-1 1.92484E-1 1.9778E-1 1.80706E-1 1.77597E-1 1.73396E-1 1.65176E-1 1.64481E-1 1.70646E-1 1.71479E-1 1.67111E-1 1.78793E-1 1.83849E-1 1.88422E-1 1.8366E-1 1.84169E-1 1.84231E-1 1.85321E-1 1.89038E-1 1.83434E-1 1.82561E-1 1.84985E-1 1.90054E-1 1.92391E-1 1.95001E-1 1.92705E-1 2.00168E-1 1.9616E-1 1.91537E-1 1.97424E-1 1.97262E-1 1.96154E-1 1.9402E-1 1.93377E-1 1.99493E-1 2.00918E-1 2.00878E-1 2.12756E-1 2.10242E-1 2.0361E-1
-9999 -9999 -9999 -9999 -9999 -9999 -9999 -9999 -9999 6.504E-1 6.0719E-1 5.76095E-1 5.5058E-1 5.12666E-1 5.0986E-1 4.69751E-1 4.2473E-1 4.34965E-1 4.17285E-1 3.84673E-1 3.73449E-1 3.5774E-1 3.37357E-1 3.13377E-1 3.16806E-1 2.90414E-1 2.57047E-1 2.33294E-1 2.2524E-1 2.17588E-1 2.04892E-1 2.02249E-1 1.9745E-1 1.91115E-1 1.80532E-1 1.73636E-1 1.74707E-1 1.73729E-1 1.72136E-1 1.71465E-1 1.71767E-1 1.77761E-1 1.72453E-1 1.85977E-1 1.85613E-1 1.78939E-1 1.78616E-1 1.86932E-1 1.8365E-1 1.79061E-1 1.81359E-1 1.83345E-1 1.81241E-1 1.81368E-1 1.88743E-1 1.85179E-1 1.94122E-1 1.9482E-1 1.97847E-1 2.03223E-1 1.98547E-1 1.9739E-1 1.97744E-1 2.00229E-1 2.07844E-1 2.05719E-1 2.03705E-1 2.02133E-1 2.07341E-1 2.11478E-1 2.01332E-1 2.01888E-1
-9999 -9999 -9999 -9999 -9999 -9999 -9999 -9999 -9999 6.11271E-1 5.82261E-1 5.5871E-1 5.26807E-1 5.10296E-1 4.95165E-1 4.43199E-1 4.17895E-1 4.19064E-1 3.97463E-1 3.67513E-1 3.74033E-1 3.54785E-1 3.37323E-1 3.1923E-1 2.88029E-1 2.70141E-1 2.5539E-1 2.36278E-1 2.26358E-1 2.17811E-1 2.09716E-1 1.98628E-1 1.97005E-1 1.84922E-1 1.78205E-1 1.66108E-1 1.71063E-1 1.76916E-1 1.75946E-1 1.78264E-1 1.79285E-1 1.74671E-1 1.86048E-1 1.82213E-1 1.82301E-1 1.88463E-1 1.7005E-1 1.72662E-1 1.80977E-1 1.77654E-1 1.79825E-1 1.80976E-1 1.68931E-1 1.80273E-1 1.82491E-1 1.83936E-1 1.91083E-1 1.95487E-1 1.98788E-1 2.06429E-1 2.11221E-1 2.12585E-1 2.03493E-1 2.09669E-1 2.09774E-1 2.10022E-1 2.0495E-1 2.09931E-1 2.05206E-1 2.02397E-1 2.05266E-1 2.07304E-1
-9999 -9999 -9999 -9999 -9999 -9999 -9999 -9999 6.21426E-1 5.88704E-1 5.56473E-1 5.41987E-1 5.00702E-1 4.92608E-1 4.82195E-1 4.45915E-1 4.06733E-1 4.12858E-1 3.81271E-1 3.7509E-1 3.74387E-1 3.52574E-1 3.3494E-1 3.16041E-1 2.88725E-1 2.60955E-1 2.40835E-1 2.20182E-1 2.19335E-1 2.14129E-1 2.10433E-1 1.96169E-1 1.90257E-1 1.7903E-1 1.69586E-1 1.75332E-1 1.82697E-1 1.81474E-1 1.75305E-1 1.77992E-1 1.70779E-1 1.84034E-1 1.81821E-1 1.81679E-1 1.78978E-1 1.89269E-1 1.81414E-1 1.68542E-1 1.67739E-1 1.80454E-1 1.76401E-1 1.773E-1 1.72773E-1 1.78963E-1 1.85355E-1 1.87133E-1 1.97852E-1 2.00275E-1 2.00888E-1 2.00122E-1 2.01971E-1 2.09619E-1 2.05775E-1 2.09137E-1 2.10429E-1 2.11853E-1 2.07447E-1 2.14095E-1 2.13104E-1 2.05457E-1 2.04122E-1 2.04262E-1
-9999 -9999 -9999 -9999 -9999 -9999 -9999 -9999 5.83702E-1 5.64385E-1 5.44744E-1 5.15952E-1 4.77116E-1 4.776E-1 4.63799E-1 4.34923E-1 4.07411E-1 4.00729E-1 3.91506E-1 3.72941E-1 3.61385E-1 3.3646E-1 3.22168E-1 2.87988E-1 2.77227E-1 2.47688E-1 2.29195E-1 2.27454E-1 2.20357E-1 2.1028E-1 2.01144E-1 2.01506E-1 1.91231E-1 1.88374E-1 1.80109E-1 1.78792E-1 1.79443E-1 1.77955E-1 1.80702E-1 1.72597E-1 1.70635E-1 1.71407E-1 1.71942E-1 1.76918E-1 1.74825E-1 1.76199E-1 1.82534E-1 1.75868E-1 1.67688E-1 1.70277E-1 1.67021E-1 1.77164E-1 1.76499E-1 1.83959E-1 1.78385E-1 1.8756E-1 1.91375E-1 1.87441E-1 2.02589E-1 2.01102E-1 2.01579E-1 2.12508E-1 2.14866E-1 2.13224E-1 2.17886E-1 2.11846E-1 2.14025E-1 2.12462E-1 2.07284E-1 2.09353E-1 1.99925E-1 2.02946E-1
-9999 -9999 -9999 -9999 -9999 -9999 -9999 -9999 5.78662E-1 5.5885E-1 5.3302E-1 5.07436E-1 4.91068E-1 4.72161E-1 4.45077E-1 4.28584E-1 4.032E-1 3.78211E-1 3.70258E-1 3.61139E-1 3.46053E-1 3.19784E-1 3.02491E-1 2.75955E-1 2.57491E-1 2.44011E-1 2.28282E-1 2.23781E-1 2.14449E-1 2.08389E-1 2.08701E-1 1.98834E-1 1.88578E-1 1.85386E-1 1.82052E-1 1.83032E-1 1.83486E-1 1.77513E-1 1.79688E-1 1.78106E-1 1.76182E-1 1.80312E-1 1.68577E-1 1.73937E-1 1.74849E-1 1.74834E-1 1.7944E-1 1.71515E-1 1.75355E-1 1.76174E-1 1.78914E-1 1.72897E-1 1.7952E-1 1.86121E-1 1.91209E-1 1.9436E-1 1.99454E-1 2.09216E-1 2.10317E-1 2.0921E-1 2.05575E-1 2.09657E-1 2.10499E-1 2.20595E-1 2.16574E-1 2.21659E-1 2.16238E-1 2.1558E-1 2.12818E-1 2.12864E-1 2.06153E-1 2.0571E-1
-9999 -9999 -9999 -9999 -9999 -9999 -9999 -9999 -9999 -9999 5.13909E-1 4.91203E-1 4.58869E-1 4.53871E-1 4.50951E-1 4.18265E-1 4.08458E-1 3.82398E-1 3.60942E-1 3.5544E-1 3.30968E-1 3.08869E-1 2.77449E-1 2.54665E-1 2.4567E-1 2.32282E-1 2.25506E-1 2.10507E-1 2.13405E-1 2.12364E-1 2.09444E-1 1.9835E-1 1.9019E-1 1.8461E-1 1.88635E-1 1.85695E-1 1.81403E-1 1.83253E-1 1.78492E-1 1.79546E-1 1.78901E-1 1.76536E-1 1.72027E-1 1.74332E-1 1.74363E-1 1.85452E-1 1.71498E-1 1.74808E-1 1.73634E-1 1.76583E-1 1.85105E-1 1.74798E-1 1.80717E-1 1.92975E-1 2.00023E-1 2.04752E-1 2.02948E-1 2.09606E-1 2.03747E-1 2.0034E-1 1.95452E-1 1.96984E-1 2.04473E-1 2.04301E-1 2.18769E-1 2.19537E-1 2.15292E-1 2.21866E-1 2.11668E-1 2.16336E-1 2.06361E-1 2.13479E-1
-9999 -9999 -9999 -9999 -9999 -9999 -9999 -9999 -9999 -9999 5.01765E-1 4.77784E-1 4.46168E-1 4.32577E-1 4.20739E-1 4.02881E-1 3.8984E-1 3.62594E-1 3.64806E-1 3.47056E-1 3.31299E-1 2.91121E-1 2.75574E-1 2.66151E-1 2.34712E-1 2.29596E-1 2.27646E-1 2.2004E-1 2.14728E-1 2.08541E-1 1.96719E-1 1.96119E-1 1.94883E-1 1.87462E-1 1.89175E-1 1.90159E-1 1.82004E-1 1.84622E-1 1.89546E-1 1.9175E-1 1.83044E-1 1.87228E-1 1.77462E-1 1.80497E-1 1.7864E-1 1.72361E-1 1.74284E-1 1.84035E-1 1.83079E-1 1.766E-1 1.86009E-1 1.76782E-1 1.79447E-1 1.90093E-1 1.94468E-1 1.99048E-1 2.01881E-1 1.99809E-1 2.03343E-1 2.00545E-1 2.03448E-1 2.09472E-1 2.0734E-1 2.15494E-1 2.31645E-1 2.24702E-1 2.21644E-1 2.19326E-1 2.16152E-1 2.11493E-1 2.18544E-1 2.20133E-1
-9999 -9999 -9999 -9999 -9999 -9999 -9999 -9999 -9999 -9999 -9999 -9999 4.30528E-1 4.24572E-1 4.14877E-1 3.90776E-1 3.83788E-1 3.67702E-1 3.5243E-1 3.36564E-1 2.95705E-1 2.74868E-1 2.75486E-1 2.56888E-1 2.3626E-1 2.58875E-1 2.60305E-1 2.44175E-1 2.24541E-1 2.16017E-1 2.01357E-1 2.05186E-1 1.98428E-1 1.92831E-1 1.83942E-1 1.9071E-1 1.95784E-1 1.87051E-1 1.88053E-1 1.97134E-1 1.9345E-1 1.86043E-1 1.8078E-1 1.7683E-1 1.78752E-1 1.76161E-1 1.75422E-1 1.80528E-1 1.77598E-1 1.81327E-1 1.87206E-1 1.83983E-1 1.93436E-1 2.02908E-1 2.0192E-1 2.07706E-1 2.03548E-1 1.99272E-1 1.9942E-1 2.00837E-1 2.03123E-1 2.08108E-1 2.20336E-1 2.15052E-1 2.20653E-1 2.21373E-1 2.25102E-1 2.26619E-1 2.16602E-1 2.19824E-1 2.17264E-1 2.35067E-1
-9999 -9999 -9999 -9999 -9999 -9999 -9999 -9999 -9999 -9999 -9999 -9999 -9999 -9999 3.95368E-1 3.74509E-1 3.68293E-1 3.60651E-1 3.34408E-1 3.05943E-1 2.86934E-1 2.85228E-1 2.76241E-1 2.7732E-1 2.75367E-1 2.7452E-1 2.61342E-1 2.33683E-1 2.29798E-1 2.14892E-1 2.10219E-1 2.26994E-1 1.99729E-1 1.99148E-1 1.91822E-1 1.85496E-1 1.90468E-1 2.02318E-1 2.03491E-1 1.96855E-1 1.83863E-1 1.78526E-1 1.76113E-1 1.74671E-1 1.85297E-1 1.81072E-1 1.84795E-1 1.86497E-1 1.88839E-1 1.85983E-1 1.91948E-1 1.97854E-1 1.89431E-1 1.91525E-1 2.0873E-1 2.12203E-1 1.99115E-1 1.87642E-1 2.02149E-1 2.01959E-1 2.09257E-1 2.14577E-1 2.17072E-1 2.18469E-1 2.28449E-1 2.26562E-1 2.19824E-1 2.31288E-1 2.27575E-1 2.25974E-1 2.31212E-1 2.28399E-1
-9999 -9999 -9999 -9999 -9999 -9999 -9999 -9999 -9999 -9999 -9999 -9999 -9999 3.8307E-1 3.70938E-1 3.59823E-1 3.52701E-1 3.44586E-1 2.86863E-1 2.89407E-1 2.82158E-1 2.94566E-1 2.80546E-1 2.85664E-1 2.78079E-1 2.68423E-1 2.59959E-1 2.3204E-1 2.32534E-1 2.2136E-1 2.34115E-1 2.21441E-1 2.16279E-1 2.08062E-1 1.97343E-1 2.00509E-1 2.04285E-1 2.06852E-1 2.03101E-1 1.85274E-1 1.80261E-1 1.80003E-1 1.72886E-1 1.8277E-1 1.85834E-1 1.87125E-1 1.93813E-1 1.95756E-1 1.95606E-1 1.95214E-1 1.94477E-1 1.99565E-1 1.97911E-1 2.08288E-1 2.16705E-1 1.93672E-1 1.94064E-1 2.0594E-1 1.94325E-1 1.98149E-1 1.92318E-1 2.08958E-1 2.20039E-1 2.21902E-1 2.27774E-1 2.33163E-1 2.32068E-1 2.3439E-1 2.31316E-1 2.37792E-1 2.35962E-1 2.37867E-1
-9999 -9999 -9999 -9999 -9999 -9999 -9999 -9999 -9999 -9999 -9999 -9999 -9999 -9999 3.71533E-1 3.54979E-1 3.48497E-1 3.09666E-1 2.86057E-1 2.95379E-1 2.82312E-1 2.94258E-1 2.87659E-1 2.76046E-1 2.80529E-1 2.65179E-1 2.52691E-1 2.19614E-1 2.28159E-1 2.46336E-1 2.26476E-1 2.26605E-1 2.16778E-1 1.99804E-1 2.01762E-1 2.13851E-1 2.11899E-1 2.13161E-1 1.92486E-1 1.83823E-1 1.80788E-1 1.82723E-1 1.84023E-1 1.90218E-1 1.80956E-1 1.93784E-1 1.99047E-1 2.00168E-1 1.90154E-1 1.92504E-1 1.97391E-1 2.09062E-1 2.11983E-1 2.10336E-1 2.09731E-1 2.0803E-1 2.11562E-1 2.05823E-1 2.12682E-1 1.94209E-1 2.01983E-1 2.2063E-1 2.23266E-1 2.28358E-1 2.32418E-1 2.36597E-1 2.36924E-1 2.39369E-1 2.37569E-1 2.41173E-1 2.45211E-1 2.47971E-1
-9999 -9999 -9999 -9999 -9999 -9999 -9999 -9999 -9999 -9999 -9999 -9999 -9999 -9999 -9999 3.56313E-1 3.3329E-1 2.98194E-1 3.00582E-1 3.01144E-1 2.80458E-1 2.95603E-1 2.81273E-1 2.77657E-1 2.60139E-1 2.47232E-1 2.41713E-1 2.23798E-1 2.48764E-1 2.38116E-1 2.21497E-1 2.3163E-1 2.16131E-1 2.07399E-1 2.12541E-1 2.10514E-1 2.17167E-1 2.12064E-1 1.99635E-1 1.7653E-1 1.93798E-1 1.93433E-1 1.96972E-1 2.00473E-1 1.93725E-1 2.01934E-1 2.09271E-1 2.09306E-1 2.02012E-1 2.08479E-1 2.11884E-1 2.10742E-1 2.15633E-1 2.25121E-1 2.26997E-1 2.17752E-1 2.16881E-1 2.15582E-1 2.27891E-1 2.24696E-1 2.18735E-1 2.27546E-1 2.38128E-1 2.43141E-1 2.34617E-1 2.34341E-1 2.29341E-1 2.33013E-1 2.41754E-1 2.42255E-1 2.4363E-1 2.39318E-1
-9999 -9999 -9999 -9999 -9999 -9999 -9999 -9999 -9999 -9999 -9999 3.67759E-1 3.72187E-1 -9999 -9999 3.4755E-1 3.31496E-1 3.15583E-1 3.1933E-1 3.03982E-1 3.02398E-1 2.89468E-1 2.83961E-1 2.67137E-1 2.43272E-1 2.39487E-1 2.53067E-1 2.48613E-1 2.58661E-1 2.21029E-1 2.39796E-1 2.23418E-1 2.19084E-1 2.15639E-1 2.0777E-1 2.08726E-1 2.15766E-1 2.15962E-1 1.96052E-1 1.98431E-1 2.0165E-1 1.95847E-1 1.98706E-1 2.08626E-1 2.20858E-1 2.23149E-1 2.25558E-1 2.19218E-1 2.12315E-1 2.10324E-1 2.1497E-1 2.12344E-1 2.09118E-1 2.12218E-1 2.22768E-1 2.19504E-1 2.24887E-1 2.25372E-1 2.30905E-1 2.43176E-1 2.41151E-1 2.3807E-1 2.42482E-1 2.27516E-1 2.33305E-1 2.31505E-1 2.28132E-1 2.36591E-1 2.42495E-1 2.35919E-1 2.44619E-1 2.47144E-1
-9999 -9999 -9999 -9999 -9999 -9999 -9999 -9999 -9999 -9999 -9999 -9999 3.73263E-1 3.46558E-1 3.43663E-1 -9999 3.26793E-1 3.17654E-1 3.04436E-1 3.01501E-1 2.95498E-1 2.83259E-1 2.80415E-1 2.62878E-1 2.57529E-1 2.52184E-1 2.54325E-1 2.54515E-1 2.38372E-1 2.31909E-1 2.38869E-1 2.29512E-1 2.28447E-1 2.38884E-1 2.30085E-1 2.30876E-1 2.12239E-1 2.00976E-1 2.03502E-1 2.12632E-1 2.23325E-1 2.20925E-1 2.22703E-1 2.30721E-1 2.30324E-1 2.2851E-1 2.22085E-1 2.07044E-1 2.07863E-1 2.04248E-1 2.13353E-1 2.06086E-1 2.08222E-1 2.12362E-1 2.08725E-1 2.211E-1 2.32377E-1 2.35639E-1 2.45866E-1 2.42441E-1 2.44811E-1 2.3709E-1 2.30793E-1 2.31692E-1 2.29549E-1 2.34727E-1 2.41402E-1 2.52561E-1 2.51602E-1 2.51543E-1 2.53473E-1 2.4619E-1
-9999 -9999 -9999 -9999 -9999 4.17967E-1 4.04126E-1 4.03882E-1 -9999 -9999 -9999 -9999 3.49233E-1 3.43387E-1 3.33603E-1 3.27975E-1 3.16859E-1 3.01415E-1 2.93201E-1 2.92983E-1 2.94484E-1 2.72466E-1 2.75935E-1 2.50407E-1 2.41145E-1 2.4524E-1 2.48246E-1 2.54815E-1 2.35329E-1 2.46896E-1 2.4791E-1 2.332E-1 2.36817E-1 2.35636E-1 2.27531E-1 2.25781E-1 2.14847E-1 2.02967E-1 2.00402E-1 2.02994E-1 2.15067E-1 2.25195E-1 2.26852E-1 2.21392E-1 2.252E-1 2.22357E-1 2.16462E-1 2.17399E-1 2.0715E-1 2.02644E-1 2.17284E-1 2.07076E-1 2.08787E-1 2.14389E-1 2.30045E-1 2.41044E-1 2.36551E-1 2.35275E-1 2.36836E-1 2.33923E-1 2.46712E-1 2.39186E-1 2.38698E-1 2.23012E-1 2.30547E-1 2.37379E-1 2.52427E-1 2.5956E-1 2.51276E-1 2.45677E-1 2.43518E-1 2.52255E-1
4.41465E-1 4.29899E-1 4.26769E-1 -9999 -9999 4.03212E-1 4.03705E-1 3.91806E-1 3.83048E-1 -9999 -9999 -9999 -9999 3.40119E-1 3.28217E-1 3.23735E-1 3.09862E-1 2.86847E-1 2.9454E-1 2.81849E-1 2.81931E-1 2.68459E-1 2.75424E-1 2.42043E-1 2.52815E-1 2.4172E-1 2.58123E-1 2.52196E-1 2.38114E-1 2.46447E-1 2.43621E-1 2.46764E-1 2.34632E-1 2.32039E-1 2.19089E-1 2.16698E-1 2.05665E-1 2.08576E-1 2.1601E-1 2.1789E-1 2.03999E-1 2.09286E-1 2.21247E-1 2.17848E-1 2.16011E-1 2.12422E-1 2.09862E-1 2.06265E-1 2.21433E-1 2.16516E-1 2.10112E-1 2.06755E-1 2.16027E-1 2.22751E-1 2.23881E-1 2.37671E-1 2.31162E-1 2.26475E-1 2.29273E-1 2.41672E-1 2.48963E-1 2.58266E-1 2.45872E-1 2.41547E-1 2.39502E-1 2.45657E-1 2.39446E-1 2.53376E-1 2.52632E-1 2.49073E-1 2.486E-1 2.493E-1
4.31024E-1 4.21305E-1 4.16841E-1 -9999 -9999 3.95252E-1 3.88628E-1 3.76342E-1 3.68067E-1 3.50734E-1 3.582E-1 3.36452E-1 -9999 3.38955E-1 3.19228E-1 3.11635E-1 3.13339E-1 3.01425E-1 2.95809E-1 2.89644E-1 2.77829E-1 2.61983E-1 2.54225E-1 2.53096E-1 2.60087E-1 2.52652E-1 2.63568E-1 2.46722E-1 2.36105E-1 2.49159E-1 2.36935E-1 2.46984E-1 2.27014E-1 2.39794E-1 2.28563E-1 2.20886E-1 2.134E-1 2.09661E-1 2.11735E-1 2.29636E-1 2.44659E-1 2.24439E-1 2.30546E-1 2.43245E-1 2.29251E-1 2.23115E-1 2.173E-1 2.05035E-1 2.09337E-1 2.11046E-1 2.21946E-1 2.20746E-1 2.14849E-1 2.36349E-1 2.43188E-1 2.4948E-1 2.49027E-1 2.29418E-1 2.34951E-1 2.55119E-1 2.52952E-1 2.68617E-1 2.67245E-1 2.56202E-1 2.59665E-1 2.44636E-1 2.39566E-1 2.42883E-1 2.51276E-1 2.54978E-1 2.57922E-1 2.56113E-1
