Artocarpus altilis SDM files/Last interglacial/results (with bias file)/Artalt_4.asc
ncols         1201
nrows         481
xllcorner     119.99986351115
yllcorner     -15.00013864885
cellsize      0.041666667
NODATA_value  -9999
[rows 160 to 191 of 481, columns 360 to 431 of 1201]
-9999 -9999 -9999 -9999 -9999 -9999 -9999 -9999 -9999 -9999 7.4838E-1 7.64507E-1 7.03544E-1 6.64709E-1 6.50896E-1 7.03524E-1 7.25131E-1 7.20115E-1 7.37662E-1 7.55006E-1 7.53515E-1 7.54169E-1 7.49505E-1 7.6333E-1 7.34526E-1 7.53177E-1 7.48013E-1 7.42084E-1 7.51925E-1 -9999 -9999 -9999 -9999 -9999 -9999 -9999 -9999 -9999 -9999 -9999 -9999 -9999 -9999 -9999 -9999 -9999 -9999 -9999 -9999 -9999 -9999 -9999 -9999 -9999 -9999 -9999 -9999 -9999 5.39106E-1 5.10428E-1 5.10558E-1 5.07819E-1 4.81044E-1 4.51297E-1 4.49606E-1 4.48672E-1 4.14919E-1 4.17929E-1 4.20385E-1 4.20336E-1 4.19753E-1 4.20905E-1
-9999 -9999 -9999 -9999 -9999 -9999 -9999 -9999 -9999 -9999 -9999 7.47002E-1 6.884E-1 6.45117E-1 6.4181E-1 5.69129E-1 5.3131E-1 5.47313E-1 5.87732E-1 5.94438E-1 6.72263E-1 5.85397E-1 6.44151E-1 6.21371E-1 6.33729E-1 6.11544E-1 6.21836E-1 5.48674E-1 5.82559E-1 6.44337E-1 6.57835E-1 6.32733E-1 -9999 -9999 -9999 -9999 -9999 -9999 -9999 -9999 -9999 -9999 -9999 -9999 -9999 -9999 -9999 -9999 -9999 -9999 -9999 -9999 -9999 -9999 -9999 -9999 5.23448E-1 4.91939E-1 4.88548E-1 4.9141E-1 4.61034E-1 4.63825E-1 4.35918E-1 4.37694E-1 4.33623E-1 4.04826E-1 4.03612E-1 4.08842E-1 3.92111E-1 4.0557E-1 4.08003E-1 4.04835E-1
-9999 -9999 -9999 -9999 -9999 -9999 -9999 -9999 -9999 -9999 -9999 -9999 -9999 -9999 -9999 6.74378E-1 6.15419E-1 6.50644E-1 6.45387E-1 6.27464E-1 6.29289E-1 5.14104E-1 4.22329E-1 3.8616E-1 4.73067E-1 3.06845E-1 2.93541E-1 4.08849E-1 4.07733E-1 5.38506E-1 4.36594E-1 4.35408E-1 4.96878E-1 6.58612E-1 6.47596E-1 6.16017E-1 6.1802E-1 6.39229E-1 6.84303E-1 6.79172E-1 6.44771E-1 5.6194E-1 6.23666E-1 -9999 -9999 -9999 -9999 -9999 -9999 -9999 -9999 -9999 -9999 -9999 5.03142E-1 4.7472E-1 4.76283E-1 4.36845E-1 4.4261E-1 4.37716E-1 4.08918E-1 4.0736E-1 4.07762E-1 3.81624E-1 3.80523E-1 3.89025E-1 3.66999E-1 3.94915E-1 3.91985E-1 4.19362E-1 3.79912E-1 3.94089E-1
-9999 -9999 -9999 -9999 -9999 -9999 -9999 -9999 -9999 -9999 -9999 -9999 -9999 -9999 -9999 -9999 -9999 -9999 6.74331E-1 6.84468E-1 6.67567E-1 6.39828E-1 5.52038E-1 4.19534E-1 3.58878E-1 4.16249E-1 3.43494E-1 4.49463E-1 3.44831E-1 2.15079E-1 2.73971E-1 3.47218E-1 3.41055E-1 3.31591E-1 1.85906E-1 2.57648E-1 3.14082E-1 2.8764E-1 3.1664E-1 3.93577E-1 3.93395E-1 3.50034E-1 3.92043E-1 3.88443E-1 4.02741E-1 4.28544E-1 -9999 -9999 -9999 -9999 -9999 4.93383E-1 4.89757E-1 4.59294E-1 4.5363E-1 4.59008E-1 4.1697E-1 3.95205E-1 3.95107E-1 3.93822E-1 3.64326E-1 3.6479E-1 3.6479E-1 3.39894E-1 3.47243E-1 3.52575E-1 3.47893E-1 3.5678E-1 3.72714E-1 3.69963E-1 3.71013E-1 3.91278E-1
-9999 -9999 -9999 -9999 -9999 -9999 -9999 -9999 -9999 -9999 -9999 -9999 -9999 -9999 -9999 -9999 -9999 -9999 -9999 6.0847E-1 -9999 6.07161E-1 6.22609E-1 5.8732E-1 4.67627E-1 4.94782E-1 4.49511E-1 4.00154E-1 3.13496E-1 2.29768E-1 2.79006E-1 4.55475E-1 4.18492E-1 3.3104E-1 2.50811E-1 2.95102E-1 2.4789E-1 3.43718E-1 2.21627E-1 2.47553E-1 3.10569E-1 4.11038E-1 4.05952E-1 3.67548E-1 3.66828E-1 3.72488E-1 -9999 -9999 -9999 -9999 4.46435E-1 4.26998E-1 4.74666E-1 4.10474E-1 4.18726E-1 3.77386E-1 3.7989E-1 3.61291E-1 3.83624E-1 3.83523E-1 3.84282E-1 3.60816E-1 3.57189E-1 3.59787E-1 3.61335E-1 3.49782E-1 3.57377E-1 3.33365E-1 3.4164E-1 3.3507E-1 3.34819E-1 3.98187E-1
-9999 -9999 -9999 -9999 -9999 -9999 -9999 -9999 -9999 -9999 -9999 -9999 -9999 -9999 -9999 -9999 -9999 -9999 -9999 -9999 -9999 -9999 -9999 -9999 5.20781E-1 5.39991E-1 5.09224E-1 4.68647E-1 4.67658E-1 3.9494E-1 3.23027E-1 4.97143E-1 3.67129E-1 4.0281E-1 3.98725E-1 3.91243E-1 4.0978E-1 4.01034E-1 3.24272E-1 3.9574E-1 4.28083E-1 4.2697E-1 -9999 -9999 -9999 -9999 -9999 4.10254E-1 3.78632E-1 3.62186E-1 3.83506E-1 4.1213E-1 3.98161E-1 3.89453E-1 3.35753E-1 3.49984E-1 3.72352E-1 3.64573E-1 3.96109E-1 3.89648E-1 4.13779E-1 4.15989E-1 4.18619E-1 4.1104E-1 3.97284E-1 3.95821E-1 3.59722E-1 3.45587E-1 3.3886E-1 3.4303E-1 3.42858E-1 3.64788E-1
-9999 -9999 -9999 -9999 -9999 -9999 -9999 -9999 -9999 -9999 -9999 -9999 -9999 -9999 -9999 -9999 -9999 -9999 -9999 -9999 -9999 -9999 -9999 -9999 -9999 -9999 -9999 -9999 4.86364E-1 4.6895E-1 4.22728E-1 4.32136E-1 4.28625E-1 4.22261E-1 4.17786E-1 3.89518E-1 3.61985E-1 3.83219E-1 -9999 3.74189E-1 -9999 -9999 -9999 -9999 -9999 -9999 -9999 -9999 -9999 3.62895E-1 3.70184E-1 3.58419E-1 3.56196E-1 3.55849E-1 3.57498E-1 3.33757E-1 3.26036E-1 3.5147E-1 3.43856E-1 3.68941E-1 3.25785E-1 2.84956E-1 2.87133E-1 2.94426E-1 2.6906E-1 2.68092E-1 3.00485E-1 3.03435E-1 3.24458E-1 3.78168E-1 3.83917E-1 3.7865E-1
-9999 -9999 -9999 -9999 -9999 -9999 -9999 -9999 -9999 -9999 -9999 -9999 -9999 -9999 -9999 -9999 -9999 -9999 -9999 -9999 -9999 -9999 -9999 -9999 -9999 -9999 -9999 -9999 -9999 -9999 4.55815E-1 4.49215E-1 3.99447E-1 4.15054E-1 -9999 -9999 -9999 -9999 -9999 -9999 -9999 -9999 -9999 -9999 -9999 -9999 -9999 -9999 -9999 -9999 -9999 3.58802E-1 3.48163E-1 3.44556E-1 3.39484E-1 3.37932E-1 3.38922E-1 3.39717E-1 3.35089E-1 3.11098E-1 2.78338E-1 2.66271E-1 2.90065E-1 2.68161E-1 2.68161E-1 2.93504E-1 2.93129E-1 2.926E-1 3.35017E-1 4.02744E-1 4.2021E-1 4.51767E-1
-9999 -9999 -9999 -9999 -9999 -9999 -9999 -9999 -9999 -9999 -9999 -9999 -9999 -9999 -9999 -9999 -9999 -9999 -9999 -9999 -9999 -9999 -9999 -9999 -9999 -9999 -9999 -9999 -9999 -9999 -9999 -9999 4.25531E-1 -9999 -9999 -9999 -9999 -9999 -9999 -9999 -9999 -9999 -9999 -9999 -9999 -9999 -9999 -9999 -9999 -9999 -9999 -9999 3.49677E-1 3.46276E-1 3.2292E-1 3.23534E-1 3.14827E-1 3.03055E-1 2.93724E-1 2.94355E-1 2.93558E-1 2.94181E-1 2.94567E-1 2.72508E-1 2.72797E-1 2.73857E-1 2.74245E-1 3.03494E-1 3.34835E-1 3.59963E-1 3.53354E-1 3.4887E-1
-9999 -9999 -9999 -9999 -9999 -9999 -9999 -9999 -9999 -9999 -9999 -9999 -9999 -9999 -9999 -9999 -9999 -9999 -9999 -9999 -9999 -9999 -9999 -9999 -9999 -9999 -9999 -9999 -9999 -9999 -9999 -9999 -9999 -9999 -9999 -9999 -9999 -9999 -9999 -9999 -9999 -9999 -9999 -9999 -9999 -9999 -9999 -9999 -9999 -9999 -9999 -9999 3.27411E-1 3.1399E-1 3.13999E-1 2.90853E-1 2.89696E-1 2.9341E-1 3.09499E-1 3.29461E-1 3.25734E-1 3.06343E-1 3.08432E-1 2.85049E-1 2.86006E-1 2.64069E-1 2.6233E-1 2.82607E-1 3.2316E-1 3.72707E-1 3.07383E-1 3.00006E-1
-9999 -9999 -9999 -9999 -9999 -9999 -9999 -9999 -9999 -9999 -9999 -9999 -9999 -9999 -9999 -9999 -9999 -9999 -9999 -9999 -9999 -9999 -9999 -9999 -9999 -9999 -9999 -9999 -9999 -9999 -9999 -9999 -9999 -9999 -9999 -9999 -9999 -9999 -9999 -9999 -9999 -9999 -9999 -9999 -9999 -9999 -9999 -9999 -9999 -9999 -9999 -9999 3.30302E-1 3.03809E-1 2.94978E-1 2.75439E-1 2.74319E-1 3.00773E-1 3.34473E-1 3.29763E-1 2.83309E-1 2.69012E-1 2.92604E-1 2.90001E-1 2.67601E-1 2.5373E-1 2.74402E-1 2.74616E-1 3.36811E-1 3.29492E-1 3.12656E-1 2.77956E-1
-9999 -9999 -9999 -9999 -9999 -9999 -9999 -9999 -9999 -9999 -9999 -9999 -9999 -9999 -9999 -9999 -9999 -9999 -9999 -9999 -9999 -9999 -9999 -9999 -9999 -9999 -9999 -9999 -9999 -9999 -9999 -9999 -9999 -9999 -9999 -9999 -9999 -9999 -9999 -9999 -9999 -9999 -9999 -9999 -9999 -9999 3.05289E-1 -9999 3.24635E-1 3.13626E-1 2.94034E-1 2.9438E-1 2.9531E-1 2.86014E-1 2.85116E-1 2.65507E-1 2.66148E-1 2.62971E-1 2.58291E-1 2.54206E-1 2.51168E-1 2.33554E-1 2.39261E-1 2.61738E-1 2.60475E-1 2.82948E-1 2.83603E-1 2.84127E-1 3.46814E-1 3.57407E-1 2.78557E-1 2.72265E-1
-9999 -9999 -9999 -9999 -9999 -9999 -9999 -9999 -9999 -9999 -9999 -9999 -9999 -9999 -9999 -9999 -9999 -9999 -9999 -9999 -9999 -9999 -9999 -9999 -9999 -9999 -9999 -9999 -9999 -9999 -9999 -9999 -9999 -9999 -9999 -9999 -9999 -9999 -9999 -9999 -9999 -9999 -9999 -9999 -9999 -9999 3.13003E-1 2.8826E-1 2.89071E-1 2.60561E-1 2.62884E-1 2.65441E-1 2.56447E-1 2.73234E-1 2.53321E-1 2.54052E-1 2.54906E-1 2.5659E-1 2.75528E-1 3.17778E-1 3.3336E-1 2.84383E-1 2.82857E-1 3.1003E-1 3.10932E-1 3.28603E-1 3.05311E-1 2.59826E-1 2.85897E-1 2.56387E-1 2.29741E-1 2.35284E-1
-9999 -9999 -9999 -9999 -9999 -9999 -9999 -9999 -9999 -9999 -9999 -9999 -9999 -9999 -9999 -9999 -9999 -9999 -9999 -9999 -9999 -9999 -9999 -9999 -9999 -9999 -9999 -9999 -9999 -9999 -9999 -9999 -9999 -9999 -9999 3.4587E-1 3.21417E-1 -9999 -9999 -9999 -9999 -9999 -9999 3.04011E-1 2.86653E-1 2.83735E-1 2.78205E-1 2.81511E-1 2.58433E-1 2.53755E-1 2.73546E-1 2.73946E-1 2.63054E-1 2.64132E-1 2.64053E-1 2.63888E-1 2.87037E-1 3.0315E-1 3.30185E-1 3.42816E-1 3.6254E-1 3.25584E-1 2.61829E-1 2.39663E-1 2.51803E-1 2.86898E-1 2.63371E-1 2.24274E-1 2.1138E-1 1.99062E-1 2.1091E-1 2.08003E-1
-9999 -9999 -9999 -9999 -9999 -9999 -9999 -9999 -9999 -9999 -9999 -9999 -9999 -9999 -9999 -9999 -9999 -9999 -9999 -9999 -9999 -9999 -9999 -9999 -9999 -9999 -9999 -9999 -9999 3.37104E-1 3.29187E-1 -9999 3.58163E-1 3.16754E-1 2.99865E-1 2.93506E-1 2.8736E-1 2.60485E-1 -9999 -9999 3.12188E-1 2.83467E-1 3.03245E-1 3.01923E-1 2.70228E-1 2.68911E-1 2.6973E-1 2.68853E-1 2.88062E-1 2.81556E-1 2.97419E-1 3.00632E-1 3.07124E-1 3.11859E-1 3.11089E-1 2.89856E-1 3.23108E-1 3.23642E-1 3.2243E-1 2.95944E-1 2.26355E-1 1.80173E-1 2.07343E-1 2.5585E-1 2.76307E-1 3.08149E-1 1.83533E-1 2.01938E-1 2.11795E-1 1.95669E-1 2.16789E-1 2.73451E-1
-9999 -9999 -9999 -9999 -9999 -9999 -9999 -9999 -9999 -9999 -9999 -9999 -9999 -9999 -9999 -9999 -9999 -9999 -9999 -9999 -9999 -9999 -9999 -9999 -9999 -9999 -9999 -9999 -9999 -9999 -9999 3.32118E-1 3.19741E-1 2.90408E-1 2.90323E-1 2.85126E-1 2.58336E-1 2.73245E-1 2.72675E-1 2.84225E-1 3.02184E-1 3.01149E-1 2.96178E-1 3.11457E-1 3.0135E-1 2.83232E-1 2.72993E-1 2.77552E-1 3.05665E-1 2.68568E-1 2.39726E-1 2.24114E-1 2.23708E-1 2.42427E-1 1.89392E-1 2.05917E-1 2.03214E-1 2.20951E-1 1.53134E-1 1.6301E-1 1.80135E-1 2.58383E-1 2.98456E-1 3.71418E-1 3.5834E-1 2.70083E-1 1.75559E-1 2.37421E-1 2.53296E-1 2.12225E-1 2.12692E-1 1.79987E-1
-9999 -9999 -9999 -9999 -9999 -9999 -9999 -9999 -9999 -9999 -9999 -9999 -9999 -9999 -9999 -9999 -9999 -9999 -9999 -9999 -9999 -9999 -9999 -9999 -9999 -9999 -9999 -9999 -9999 -9999 -9999 3.27295E-1 3.06653E-1 2.78075E-1 2.7807E-1 2.73098E-1 2.68897E-1 2.74034E-1 2.78458E-1 3.09471E-1 3.23601E-1 2.79939E-1 2.69587E-1 2.99755E-1 2.5087E-1 2.65852E-1 2.33376E-1 2.30238E-1 2.55223E-1 2.24832E-1 2.34089E-1 2.54363E-1 2.45052E-1 2.1317E-1 2.22965E-1 2.32048E-1 2.64186E-1 2.38257E-1 2.2232E-1 2.10517E-1 2.5008E-1 2.9803E-1 3.0412E-1 2.65671E-1 2.24592E-1 2.3155E-1 1.94311E-1 2.58641E-1 2.16675E-1 1.84512E-1 2.15723E-1 2.20735E-1
-9999 -9999 -9999 -9999 -9999 -9999 -9999 -9999 -9999 -9999 -9999 -9999 -9999 -9999 -9999 -9999 -9999 -9999 -9999 -9999 -9999 -9999 -9999 -9999 -9999 -9999 -9999 -9999 -9999 -9999 -9999 -9999 2.97174E-1 2.67756E-1 2.71285E-1 2.80813E-1 2.71587E-1 2.83679E-1 2.83578E-1 3.01106E-1 2.99428E-1 3.23336E-1 2.15537E-1 2.23052E-1 2.74645E-1 2.25541E-1 2.63335E-1 2.77847E-1 2.97865E-1 2.881E-1 2.84048E-1 3.25533E-1 2.26968E-1 2.44413E-1 2.69236E-1 2.09883E-1 2.0255E-1 1.71714E-1 1.89503E-1 1.76228E-1 1.88696E-1 2.30008E-1 2.66338E-1 1.52656E-1 1.77151E-1 1.65487E-1 1.54637E-1 1.92727E-1 1.70241E-1 1.63165E-1 2.10456E-1 2.28673E-1
-9999 -9999 -9999 -9999 -9999 -9999 -9999 -9999 -9999 -9999 -9999 -9999 -9999 -9999 -9999 -9999 -9999 -9999 -9999 -9999 -9999 -9999 -9999 -9999 -9999 -9999 -9999 -9999 -9999 -9999 -9999 2.86148E-1 2.65147E-1 2.60967E-1 2.73142E-1 3.05343E-1 2.69448E-1 3.0936E-1 2.85039E-1 3.31384E-1 2.3879E-1 2.97186E-1 2.87642E-1 2.89389E-1 3.4675E-1 1.66408E-1 1.96063E-1 1.74063E-1 1.14488E-1 1.45054E-1 1.65355E-1 1.75388E-1 1.46301E-1 2.00117E-1 1.74881E-1 1.83956E-1 2.11674E-1 2.00683E-1 1.84682E-1 1.92638E-1 2.54258E-1 2.44414E-1 2.62215E-1 2.72707E-1 2.75814E-1 1.72689E-1 2.25111E-1 2.38416E-1 1.62592E-1 1.48282E-1 1.52059E-1 2.12454E-1
-9999 -9999 -9999 -9999 -9999 -9999 -9999 -9999 -9999 -9999 -9999 -9999 -9999 -9999 -9999 -9999 -9999 -9999 -9999 -9999 -9999 -9999 -9999 -9999 -9999 -9999 -9999 -9999 -9999 -9999 2.6629E-1 2.54468E-1 2.58005E-1 2.69312E-1 3.04126E-1 3.34125E-1 2.27052E-1 2.75938E-1 2.77369E-1 2.98706E-1 2.85023E-1 3.37222E-1 2.7995E-1 2.92192E-1 2.23263E-1 1.05636E-1 1.63546E-1 2.15041E-1 1.60113E-1 2.68549E-1 1.62075E-1 1.94909E-1 1.82305E-1 1.66122E-1 1.61577E-1 1.8788E-1 2.21006E-1 2.42654E-1 2.41741E-1 2.26431E-1 2.87051E-1 2.90154E-1 2.9113E-1 2.54147E-1 2.82311E-1 2.82507E-1 1.94581E-1 1.46566E-1 1.15851E-1 1.40348E-1 1.31126E-1 1.52332E-1
-9999 -9999 -9999 -9999 -9999 -9999 -9999 -9999 -9999 -9999 -9999 -9999 -9999 -9999 -9999 -9999 -9999 -9999 -9999 -9999 -9999 -9999 -9999 -9999 -9999 -9999 -9999 -9999 -9999 -9999 2.53343E-1 2.42813E-1 2.58609E-1 3.07925E-1 2.74143E-1 2.8153E-1 2.7875E-1 2.90629E-1 3.09865E-1 3.01997E-1 2.29344E-1 1.62249E-1 1.28965E-1 1.53657E-1 1.43322E-1 1.22786E-1 1.12128E-1 1.75307E-1 1.50417E-1 1.94635E-1 2.38593E-1 2.07119E-1 1.0579E-1 1.22068E-1 1.47229E-1 1.77877E-1 1.98781E-1 1.63957E-1 1.59164E-1 1.58994E-1 2.38773E-1 2.92057E-1 2.47167E-1 1.75996E-1 2.46893E-1 1.92176E-1 1.46653E-1 1.31698E-1 1.31397E-1 1.11255E-1 1.32002E-1 1.32393E-1
-9999 -9999 -9999 -9999 -9999 -9999 -9999 -9999 -9999 -9999 -9999 -9999 -9999 -9999 -9999 -9999 -9999 -9999 -9999 -9999 -9999 -9999 -9999 -9999 -9999 -9999 -9999 -9999 -9999 -9999 2.42446E-1 2.61092E-1 2.54892E-1 2.07102E-1 2.24567E-1 2.75747E-1 2.84756E-1 2.60016E-1 2.29793E-1 1.56846E-1 1.415E-1 1.7041E-1 2.32419E-1 1.79828E-1 1.12121E-1 1.32812E-1 1.33419E-1 1.21524E-1 9.85532E-2 1.36548E-1 1.44603E-1 1.41477E-1 8.18348E-2 1.09181E-1 1.37782E-1 1.30187E-1 1.77435E-1 1.65059E-1 1.33976E-1 1.8397E-1 2.24547E-1 1.99766E-1 1.50357E-1 1.06626E-1 1.06088E-1 1.04974E-1 9.85427E-2 1.24937E-1 1.13075E-1 1.32284E-1 1.19002E-1 1.26627E-1
-9999 -9999 -9999 -9999 -9999 -9999 -9999 -9999 -9999 -9999 -9999 -9999 -9999 -9999 -9999 -9999 -9999 -9999 -9999 -9999 -9999 -9999 -9999 -9999 -9999 -9999 -9999 -9999 -9999 2.3748E-1 2.31431E-1 2.21067E-1 2.08438E-1 2.17074E-1 1.85866E-1 2.12541E-1 2.10344E-1 1.61791E-1 2.03577E-1 2.1378E-1 1.62905E-1 1.38924E-1 1.76574E-1 1.65105E-1 1.02278E-1 1.14011E-1 1.2712E-1 1.40818E-1 1.6889E-1 9.08512E-2 1.41177E-1 1.19282E-1 1.00641E-1 1.06246E-1 9.68637E-2 9.66651E-2 1.06923E-1 9.37019E-2 1.04257E-1 1.4796E-1 1.64262E-1 2.16795E-1 1.07235E-1 1.04487E-1 1.0226E-1 1.03651E-1 1.0887E-1 1.07304E-1 1.09862E-1 1.09738E-1 1.10812E-1 1.30025E-1
-9999 -9999 -9999 -9999 -9999 -9999 -9999 -9999 -9999 -9999 -9999 -9999 -9999 -9999 -9999 -9999 -9999 -9999 -9999 -9999 -9999 -9999 -9999 -9999 -9999 -9999 -9999 -9999 -9999 2.20991E-1 2.17579E-1 2.00824E-1 2.06643E-1 1.98513E-1 2.0926E-1 1.76457E-1 1.117E-1 1.5542E-1 1.59529E-1 1.85884E-1 1.36026E-1 1.29731E-1 1.9245E-1 1.47908E-1 1.485E-1 1.15992E-1 1.06444E-1 1.30074E-1 1.46392E-1 9.12738E-2 1.31527E-1 8.68347E-2 6.23098E-2 1.40574E-1 1.06375E-1 1.01216E-1 8.53977E-2 8.39755E-2 9.0893E-2 1.25817E-1 1.10861E-1 9.31949E-2 9.45341E-2 9.84811E-2 1.12711E-1 8.84772E-2 1.18689E-1 1.23157E-1 9.09705E-2 1.32118E-1 1.12028E-1 9.29061E-2
-9999 -9999 -9999 -9999 -9999 -9999 -9999 -9999 -9999 -9999 -9999 -9999 -9999 -9999 -9999 -9999 -9999 -9999 -9999 -9999 -9999 -9999 -9999 -9999 -9999 -9999 -9999 2.25011E-1 1.97133E-1 1.82872E-1 1.77704E-1 1.77166E-1 1.89773E-1 2.1589E-1 1.81673E-1 1.5621E-1 1.34438E-1 1.26967E-1 1.50121E-1 1.25915E-1 1.11543E-1 1.1799E-1 1.19928E-1 1.14899E-1 1.41781E-1 8.45372E-2 1.02918E-1 1.18655E-1 1.03377E-1 7.264E-2 6.67317E-2 7.50524E-2 7.18233E-2 7.80369E-2 1.04814E-1 8.34479E-2 1.02875E-1 8.6466E-2 8.64867E-2 1.01816E-1 9.18073E-2 8.66535E-2 1.21992E-1 1.03107E-1 8.71291E-2 1.35525E-1 1.03585E-1 1.27343E-1 1.03842E-1 1.23026E-1 1.33241E-1 9.86009E-2
-9999 -9999 -9999 -9999 -9999 -9999 -9999 -9999 -9999 -9999 -9999 -9999 -9999 -9999 -9999 -9999 -9999 -9999 -9999 -9999 -9999 -9999 -9999 -9999 1.95429E-1 2.08676E-1 2.03589E-1 1.8235E-1 1.6877E-1 2.11701E-1 1.90756E-1 1.66862E-1 1.68491E-1 1.73367E-1 1.73021E-1 1.66373E-1 1.35117E-1 1.26712E-1 1.30999E-1 1.08792E-1 9.17011E-2 1.14731E-1 8.57053E-2 1.25919E-1 1.12378E-1 5.79929E-2 7.68821E-2 7.84756E-2 7.70811E-2 8.02714E-2 1.27192E-1 1.06604E-1 1.24061E-1 1.11675E-1 1.24163E-1 9.73906E-2 1.10146E-1 1.02518E-1 8.98035E-2 9.81907E-2 9.15103E-2 8.83706E-2 1.19423E-1 1.09152E-1 1.03515E-1 1.2662E-1 1.16092E-1 1.47598E-1 1.25328E-1 1.25587E-1 1.02335E-1 1.38987E-1
-9999 -9999 -9999 -9999 -9999 -9999 -9999 -9999 -9999 -9999 -9999 -9999 -9999 -9999 -9999 -9999 -9999 -9999 -9999 -9999 -9999 -9999 -9999 1.95293E-1 1.83958E-1 1.77448E-1 1.69696E-1 1.80323E-1 1.81196E-1 1.80223E-1 1.73072E-1 1.6357E-1 1.5346E-1 1.68077E-1 1.70245E-1 1.44039E-1 1.16059E-1 1.63213E-1 1.43071E-1 1.27815E-1 1.09079E-1 1.46387E-1 1.37945E-1 1.06763E-1 8.31063E-2 9.09082E-2 8.12412E-2 6.6537E-2 6.83082E-2 1.46842E-1 1.6276E-1 1.04105E-1 8.45278E-2 1.08747E-1 1.35441E-1 9.54641E-2 1.04621E-1 1.08035E-1 9.21681E-2 1.06096E-1 9.91732E-2 1.06713E-1 1.08041E-1 9.85957E-2 1.14561E-1 1.15462E-1 1.4576E-1 1.29817E-1 1.39333E-1 1.58626E-1 1.21343E-1 1.08369E-1
-9999 -9999 -9999 -9999 -9999 -9999 -9999 -9999 -9999 -9999 -9999 -9999 -9999 -9999 -9999 -9999 -9999 -9999 -9999 -9999 -9999 -9999 1.88866E-1 1.88335E-1 1.85576E-1 1.68819E-1 1.8263E-1 1.81472E-1 1.80241E-1 1.63247E-1 1.60546E-1 1.54997E-1 1.63028E-1 1.52489E-1 1.38334E-1 1.60501E-1 1.60474E-1 1.19286E-1 1.38896E-1 1.36517E-1 1.453E-1 1.40149E-1 1.35859E-1 8.67542E-2 9.58796E-2 9.30042E-2 9.12583E-2 7.02761E-2 9.69858E-2 1.28438E-1 1.6469E-1 1.71428E-1 1.30947E-1 1.16968E-1 1.27893E-1 1.23677E-1 1.48538E-1 1.09661E-1 1.24195E-1 1.2196E-1 1.34166E-1 1.21146E-1 9.77203E-2 1.13785E-1 9.64221E-2 8.9197E-2 8.82924E-2 1.01623E-1 1.28387E-1 1.46348E-1 1.20259E-1 1.3027E-1
-9999 -9999 -9999 -9999 -9999 -9999 -9999 -9999 -9999 -9999 -9999 -9999 -9999 -9999 -9999 -9999 -9999 -9999 -9999 -9999 -9999 -9999 1.81592E-1 1.77373E-1 1.6763E-1 1.76653E-1 1.92262E-1 1.75339E-1 1.58961E-1 1.55382E-1 1.70648E-1 1.47447E-1 1.68558E-1 1.5192E-1 1.25048E-1 1.37622E-1 1.48405E-1 1.38806E-1 1.83575E-1 1.32858E-1 1.44456E-1 1.40491E-1 1.44606E-1 1.37972E-1 1.12612E-1 9.6495E-2 9.55475E-2 7.94846E-2 1.33223E-1 1.63302E-1 8.91663E-2 1.8082E-1 1.63337E-1 1.17175E-1 1.06086E-1 1.13034E-1 1.02909E-1 9.12667E-2 1.14841E-1 1.01486E-1 1.03064E-1 1.00896E-1 1.01763E-1 1.23019E-1 1.18169E-1 1.13297E-1 1.04109E-1 1.16457E-1 1.37501E-1 1.47762E-1 1.33257E-1 1.22163E-1
-9999 -9999 -9999 -9999 -9999 -9999 -9999 -9999 -9999 -9999 -9999 -9999 -9999 -9999 -9999 -9999 -9999 -9999 -9999 -9999 -9999 -9999 1.70777E-1 1.83151E-1 1.74915E-1 1.70356E-1 1.76756E-1 1.57639E-1 1.51981E-1 1.48941E-1 1.50477E-1 1.58848E-1 1.51837E-1 1.52314E-1 1.56338E-1 1.62268E-1 2.38542E-1 1.59021E-1 1.47931E-1 1.42694E-1 1.40494E-1 1.74714E-1 1.64297E-1 1.31836E-1 1.34206E-1 1.61886E-1 1.61914E-1 8.91171E-2 1.25157E-1 1.70726E-1 1.50975E-1 1.2314E-1 1.34125E-1 1.46641E-1 1.14945E-1 1.24949E-1 1.18079E-1 1.003E-1 1.07664E-1 1.1485E-1 1.18826E-1 1.12845E-1 1.08856E-1 1.05469E-1 1.11275E-1 1.16098E-1 1.33991E-1 1.49906E-1 1.33691E-1 1.2562E-1 1.37698E-1 1.18596E-1
-9999 -9999 -9999 -9999 -9999 -9999 -9999 -9999 -9999 -9999 -9999 -9999 -9999 -9999 -9999 -9999 -9999 -9999 -9999 -9999 -9999 1.83202E-1 1.79368E-1 1.73269E-1 1.70741E-1 1.83682E-1 1.80179E-1 1.65156E-1 1.48186E-1 1.54496E-1 1.54132E-1 1.50694E-1 1.52974E-1 1.52423E-1 1.8431E-1 1.80137E-1 1.97157E-1 1.071E-1 1.31212E-1 1.77157E-1 1.37409E-1 1.32848E-1 1.29821E-1 1.72303E-1 1.3774E-1 1.39978E-1 1.56862E-1 8.86194E-2 1.3885E-1 1.68577E-1 1.77959E-1 1.50301E-1 1.58724E-1 1.65986E-1 1.50215E-1 1.27889E-1 1.20482E-1 1.17321E-1 1.34952E-1 1.2507E-1 1.36357E-1 1.27683E-1 1.33193E-1 1.27922E-1 1.19856E-1 1.20789E-1 1.30015E-1 1.37663E-1 1.36508E-1 1.40253E-1 1.39932E-1 1.31118E-1
-9999 -9999 -9999 -9999 -9999 -9999 -9999 -9999 -9999 -9999 -9999 -9999 -9999 -9999 -9999 -9999 1.99154E-1 1.93865E-1 1.82235E-1 2.01809E-1 -9999 -9999 1.78643E-1 1.69333E-1 1.69573E-1 1.69263E-1 1.61974E-1 1.44566E-1 1.53728E-1 1.54051E-1 1.73673E-1 1.48275E-1 1.71948E-1 1.72952E-1 1.70926E-1 2.35207E-1 2.78563E-1 1.78662E-1 1.46764E-1 1.66697E-1 1.4999E-1 1.16068E-1 1.51071E-1 1.35825E-1 1.41605E-1 1.19624E-1 1.13676E-1 1.11448E-1 1.14996E-1 1.91522E-1 2.01555E-1 1.91008E-1 1.5927E-1 1.51616E-1 1.42964E-1 1.45888E-1 1.37501E-1 1.2349E-1 1.22837E-1 1.26322E-1 1.30342E-1 1.26521E-1 1.29359E-1 1.33881E-1 1.34165E-1 1.22071E-1 1.22115E-1 1.35736E-1 1.39248E-1 1.41845E-1 1.54755E-1 1.43022E-1
