Artocarpus altilis SDM files/Last interglacial/results (with bias file)/Artalt_1.asc
ncols         1201
nrows         481
xllcorner     119.99986351115
yllcorner     -15.00013864885
cellsize      0.041666667
NODATA_value  -9999
[rows 416 to 447 of 481, columns 504 to 575 of 1201]
-9999 -9999 -9999 -9999 -9999 -9999 -9999 -9999 -9999 -9999 -9999 -9999 -9999 -9999 -9999 -9999 7.24695E-1 7.05232E-1 6.82488E-1 6.65183E-1 6.39554E-1 6.21506E-1 6.26999E-1 6.01086E-1 5.71394E-1 5.54956E-1 5.46269E-1 5.2753E-1 4.97066E-1 4.65907E-1 4.52922E-1 4.55493E-1 4.41713E-1 4.50868E-1 4.27445E-1 4.32072E-1 4.25725E-1 4.07463E-1 3.98276E-1 4.12269E-1 4.07114E-1 3.9321E-1 4.14266E-1 4.12764E-1 4.41824E-1 4.20927E-1 4.50767E-1 4.84339E-1 4.78631E-1 5.19427E-1 -9999 -9999 -9999 -9999 -9999 -9999 -9999 7.00988E-1 -9999 -9999 -9999 -9999 -9999 -9999 -9999 -9999 -9999 -9999 -9999 -9999 -9999 -9999
-9999 -9999 -9999 -9999 -9999 -9999 -9999 -9999 -9999 -9999 -9999 -9999 -9999 -9999 -9999 -9999 7.13108E-1 7.02502E-1 6.81358E-1 6.60273E-1 6.43003E-1 6.11696E-1 6.01498E-1 5.93574E-1 5.55955E-1 5.22932E-1 5.22908E-1 5.17881E-1 4.97719E-1 4.74187E-1 4.73496E-1 4.61962E-1 4.60095E-1 4.45825E-1 4.33033E-1 4.27116E-1 4.16356E-1 3.94432E-1 3.98818E-1 4.05231E-1 4.02286E-1 3.95875E-1 4.00436E-1 4.0933E-1 4.33995E-1 4.11104E-1 4.07564E-1 4.53081E-1 4.71401E-1 4.89336E-1 5.28151E-1 5.54512E-1 5.45566E-1 5.48032E-1 -9999 -9999 -9999 -9999 -9999 -9999 -9999 -9999 -9999 -9999 -9999 -9999 -9999 -9999 -9999 -9999 -9999 -9999
-9999 -9999 -9999 -9999 -9999 -9999 -9999 -9999 -9999 -9999 -9999 -9999 -9999 -9999 -9999 7.21965E-1 7.0333E-1 6.91663E-1 6.69035E-1 6.57538E-1 6.34462E-1 6.15626E-1 5.75652E-1 5.56826E-1 5.3139E-1 5.19522E-1 5.16338E-1 5.0647E-1 4.93016E-1 4.70405E-1 4.5797E-1 4.49118E-1 4.40849E-1 4.25604E-1 4.24878E-1 4.19152E-1 4.04712E-1 3.97809E-1 3.95734E-1 3.84182E-1 3.91929E-1 3.96642E-1 3.82876E-1 3.96252E-1 4.07538E-1 4.01563E-1 3.74927E-1 4.32428E-1 4.63578E-1 4.61529E-1 5.05787E-1 5.25658E-1 4.8249E-1 5.39364E-1 5.34736E-1 -9999 -9999 -9999 -9999 -9999 -9999 -9999 -9999 -9999 -9999 -9999 -9999 -9999 -9999 -9999 -9999 -9999
-9999 -9999 -9999 -9999 -9999 -9999 -9999 -9999 -9999 -9999 -9999 -9999 -9999 -9999 -9999 7.11637E-1 6.98783E-1 6.71556E-1 6.58216E-1 6.50531E-1 6.15639E-1 5.95522E-1 5.69301E-1 5.42291E-1 5.22047E-1 5.2347E-1 5.1216E-1 4.87652E-1 4.87801E-1 4.64037E-1 4.37353E-1 4.43E-1 4.26777E-1 4.23772E-1 4.09321E-1 4.02686E-1 3.8716E-1 3.92947E-1 3.89937E-1 3.9061E-1 3.95153E-1 3.90189E-1 3.75616E-1 3.74999E-1 3.86003E-1 3.7074E-1 3.61591E-1 3.88225E-1 4.26788E-1 4.59046E-1 4.79238E-1 4.99079E-1 5.16339E-1 4.70843E-1 4.84043E-1 -9999 -9999 -9999 -9999 -9999 -9999 -9999 -9999 -9999 -9999 -9999 -9999 -9999 -9999 -9999 -9999 -9999
-9999 -9999 -9999 -9999 -9999 -9999 -9999 -9999 -9999 -9999 -9999 -9999 -9999 -9999 7.18242E-1 7.13595E-1 6.89916E-1 6.75942E-1 6.59482E-1 6.29682E-1 6.144E-1 5.97479E-1 5.77655E-1 5.44213E-1 5.19089E-1 5.24099E-1 5.16951E-1 4.8476E-1 4.71705E-1 4.55038E-1 4.18343E-1 4.21458E-1 4.13465E-1 4.11154E-1 4.07414E-1 3.94621E-1 3.93317E-1 3.75444E-1 3.86023E-1 3.78441E-1 3.89495E-1 3.73635E-1 3.5819E-1 3.74578E-1 3.74143E-1 3.45903E-1 3.76561E-1 4.03227E-1 4.14389E-1 4.2483E-1 4.56459E-1 4.77524E-1 4.79958E-1 4.30812E-1 5.02234E-1 -9999 -9999 -9999 -9999 -9999 -9999 -9999 -9999 -9999 -9999 -9999 -9999 -9999 -9999 -9999 -9999 -9999
-9999 -9999 -9999 -9999 -9999 -9999 -9999 -9999 -9999 -9999 -9999 -9999 -9999 -9999 7.1117E-1 6.96362E-1 6.88204E-1 6.69229E-1 6.49924E-1 6.2467E-1 6.11681E-1 5.92218E-1 5.49575E-1 5.39436E-1 5.12372E-1 5.18705E-1 5.05982E-1 4.90671E-1 4.69467E-1 4.56703E-1 4.08513E-1 3.92773E-1 3.97571E-1 4.09671E-1 4.01104E-1 3.93526E-1 3.73479E-1 3.69409E-1 3.72985E-1 3.61236E-1 3.67901E-1 3.66342E-1 3.70502E-1 3.76248E-1 3.64202E-1 3.44285E-1 3.48323E-1 3.77084E-1 4.1517E-1 4.19272E-1 4.38616E-1 4.35537E-1 4.51678E-1 4.89725E-1 5.21672E-1 -9999 -9999 -9999 -9999 -9999 -9999 -9999 -9999 -9999 -9999 -9999 -9999 -9999 -9999 -9999 -9999 -9999
-9999 -9999 -9999 -9999 -9999 -9999 -9999 -9999 -9999 -9999 -9999 -9999 -9999 -9999 7.12362E-1 6.84698E-1 6.78323E-1 -9999 6.44641E-1 6.06492E-1 5.99537E-1 5.76021E-1 5.70459E-1 5.36271E-1 5.32894E-1 5.09502E-1 5.0275E-1 4.76121E-1 4.6948E-1 4.47538E-1 4.28705E-1 3.99565E-1 3.93094E-1 3.88806E-1 3.86858E-1 3.68842E-1 3.7309E-1 3.61483E-1 3.53168E-1 3.50511E-1 3.53791E-1 3.66334E-1 3.66669E-1 3.61451E-1 3.53654E-1 3.39749E-1 3.27279E-1 3.39482E-1 3.79946E-1 4.15166E-1 4.3438E-1 4.57836E-1 4.60479E-1 4.69377E-1 4.9832E-1 5.21471E-1 5.45333E-1 -9999 -9999 -9999 -9999 -9999 -9999 -9999 -9999 -9999 -9999 -9999 -9999 -9999 -9999 -9999
-9999 -9999 -9999 -9999 -9999 -9999 -9999 -9999 -9999 -9999 -9999 -9999 -9999 -9999 -9999 -9999 -9999 -9999 -9999 6.17962E-1 5.98186E-1 5.70742E-1 5.62569E-1 5.22078E-1 5.30199E-1 4.92559E-1 4.78186E-1 4.48725E-1 4.31779E-1 4.38856E-1 4.22645E-1 4.06692E-1 4.03477E-1 3.7386E-1 3.86578E-1 3.68051E-1 3.56962E-1 3.51382E-1 3.41502E-1 3.47674E-1 3.47674E-1 3.53894E-1 3.472E-1 3.41844E-1 3.38152E-1 3.28099E-1 3.12689E-1 3.03034E-1 3.54737E-1 3.92508E-1 4.28459E-1 4.26412E-1 3.87295E-1 4.07767E-1 4.65174E-1 4.90206E-1 4.73204E-1 5.52833E-1 5.76159E-1 -9999 -9999 -9999 -9999 -9999 -9999 -9999 -9999 -9999 -9999 -9999 -9999 -9999
-9999 -9999 -9999 -9999 -9999 -9999 -9999 -9999 -9999 -9999 -9999 -9999 -9999 -9999 -9999 -9999 -9999 -9999 -9999 5.99348E-1 5.86625E-1 5.58569E-1 5.39218E-1 5.06047E-1 4.95534E-1 4.76284E-1 4.52341E-1 4.43395E-1 4.23635E-1 3.98714E-1 4.08797E-1 3.98857E-1 3.81799E-1 3.78303E-1 3.73368E-1 3.54482E-1 3.45165E-1 3.38491E-1 3.30657E-1 3.27432E-1 3.3577E-1 3.47622E-1 3.38412E-1 3.45712E-1 3.34882E-1 3.29695E-1 3.26207E-1 3.0597E-1 3.57047E-1 3.96066E-1 3.95494E-1 3.83707E-1 3.43702E-1 3.43457E-1 4.39089E-1 4.64685E-1 4.93408E-1 5.43139E-1 5.8217E-1 -9999 -9999 -9999 -9999 -9999 -9999 -9999 -9999 -9999 -9999 -9999 -9999 -9999
-9999 -9999 -9999 -9999 -9999 -9999 -9999 -9999 -9999 -9999 -9999 -9999 -9999 -9999 -9999 -9999 -9999 -9999 -9999 5.95768E-1 5.88679E-1 5.61267E-1 5.2907E-1 5.02656E-1 4.84886E-1 4.76111E-1 4.67774E-1 4.50952E-1 4.06698E-1 3.92838E-1 3.97148E-1 3.90858E-1 3.71135E-1 3.65624E-1 3.61317E-1 3.57147E-1 3.39759E-1 3.26319E-1 3.1507E-1 3.32166E-1 3.24809E-1 3.33389E-1 3.32846E-1 3.3601E-1 3.27859E-1 3.05595E-1 2.98768E-1 3.22782E-1 3.55268E-1 3.70585E-1 3.58262E-1 3.4571E-1 3.66902E-1 3.73792E-1 4.58906E-1 4.67833E-1 4.93275E-1 5.34407E-1 -9999 -9999 -9999 -9999 -9999 -9999 -9999 -9999 -9999 -9999 -9999 -9999 -9999 -9999
-9999 -9999 -9999 -9999 -9999 -9999 -9999 -9999 -9999 -9999 -9999 -9999 -9999 -9999 -9999 -9999 -9999 -9999 -9999 5.81648E-1 5.75288E-1 5.59286E-1 5.31355E-1 5.04639E-1 4.96601E-1 4.8251E-1 4.67036E-1 4.43473E-1 3.98901E-1 3.87376E-1 3.93639E-1 3.93137E-1 3.62879E-1 3.59947E-1 3.57321E-1 3.36817E-1 3.2685E-1 3.21297E-1 2.93125E-1 3.04971E-1 3.10323E-1 3.14425E-1 3.23593E-1 3.28536E-1 3.10795E-1 3.1077E-1 3.01904E-1 3.41065E-1 3.55732E-1 3.71966E-1 3.71824E-1 3.55576E-1 3.56147E-1 3.74392E-1 4.54005E-1 4.48124E-1 4.79116E-1 5.15321E-1 -9999 -9999 -9999 -9999 -9999 -9999 -9999 -9999 -9999 -9999 -9999 -9999 -9999 -9999
-9999 -9999 -9999 -9999 -9999 -9999 -9999 -9999 -9999 -9999 -9999 -9999 -9999 -9999 -9999 -9999 -9999 -9999 5.99645E-1 5.75383E-1 5.58759E-1 5.39246E-1 5.21631E-1 4.75403E-1 4.63803E-1 4.52069E-1 4.53193E-1 4.39422E-1 4.24803E-1 3.90917E-1 3.85755E-1 3.72478E-1 3.71973E-1 3.53857E-1 3.44833E-1 3.31146E-1 3.20437E-1 3.18605E-1 2.92722E-1 2.80291E-1 2.98596E-1 3.04006E-1 3.10087E-1 3.18404E-1 3.25058E-1 3.19056E-1 3.24068E-1 3.19938E-1 3.44238E-1 3.32655E-1 3.51287E-1 3.10299E-1 2.92668E-1 3.4293E-1 4.26132E-1 4.33566E-1 4.75897E-1 5.11792E-1 -9999 -9999 -9999 -9999 -9999 -9999 -9999 -9999 -9999 -9999 -9999 -9999 -9999 -9999
-9999 -9999 -9999 -9999 -9999 -9999 -9999 -9999 -9999 -9999 -9999 -9999 -9999 -9999 -9999 -9999 -9999 -9999 6.04233E-1 5.69173E-1 5.30769E-1 5.24664E-1 5.14661E-1 4.72626E-1 4.38402E-1 4.39981E-1 4.202E-1 4.27804E-1 4.27283E-1 4.08036E-1 3.70627E-1 3.61978E-1 3.55081E-1 3.55304E-1 3.40632E-1 3.28745E-1 3.14098E-1 3.09805E-1 3.10076E-1 2.72691E-1 2.91723E-1 2.98468E-1 3.10093E-1 3.02082E-1 3.05336E-1 3.01137E-1 3.14638E-1 2.95296E-1 3.30718E-1 3.17522E-1 2.86887E-1 2.88589E-1 2.86116E-1 3.3104E-1 4.20727E-1 4.56198E-1 4.71606E-1 -9999 -9999 -9999 -9999 -9999 -9999 -9999 -9999 -9999 -9999 -9999 -9999 -9999 -9999 -9999
-9999 -9999 -9999 -9999 -9999 -9999 -9999 -9999 -9999 -9999 -9999 -9999 -9999 -9999 -9999 -9999 -9999 6.04238E-1 5.675E-1 5.49796E-1 5.11928E-1 5.1094E-1 5.17307E-1 4.83522E-1 4.6121E-1 4.46191E-1 4.07627E-1 4.14025E-1 4.04611E-1 3.88287E-1 3.66562E-1 3.62481E-1 3.56432E-1 3.40301E-1 3.31879E-1 3.26565E-1 3.09614E-1 2.95354E-1 2.93705E-1 2.82705E-1 2.94075E-1 2.9021E-1 3.01063E-1 2.92535E-1 2.90746E-1 2.96287E-1 2.92099E-1 3.09328E-1 3.13093E-1 2.7669E-1 2.82262E-1 2.71196E-1 2.92026E-1 3.23516E-1 3.84466E-1 4.3616E-1 4.60688E-1 -9999 5.01256E-1 5.36201E-1 5.53296E-1 -9999 -9999 -9999 -9999 -9999 -9999 -9999 -9999 -9999 -9999 -9999
-9999 -9999 -9999 -9999 -9999 -9999 -9999 -9999 -9999 -9999 -9999 -9999 -9999 -9999 -9999 -9999 6.04001E-1 5.71344E-1 5.3371E-1 5.10189E-1 5.20489E-1 5.07842E-1 4.94022E-1 4.7654E-1 4.65205E-1 4.51533E-1 4.24761E-1 4.06436E-1 3.90575E-1 3.7939E-1 3.70171E-1 3.43433E-1 3.44734E-1 3.27349E-1 3.21905E-1 3.14422E-1 3.04125E-1 2.93735E-1 2.72651E-1 2.86431E-1 2.89703E-1 2.92867E-1 2.93976E-1 2.9062E-1 2.79923E-1 2.87347E-1 2.8205E-1 3.00088E-1 3.14204E-1 2.97348E-1 3.02425E-1 2.97213E-1 3.01643E-1 3.05881E-1 3.56758E-1 4.26595E-1 4.53571E-1 4.81852E-1 4.98794E-1 5.07459E-1 5.37676E-1 -9999 -9999 -9999 -9999 -9999 -9999 -9999 -9999 -9999 -9999 -9999
-9999 -9999 -9999 -9999 -9999 -9999 -9999 -9999 -9999 -9999 -9999 -9999 -9999 -9999 6.43483E-1 6.1331E-1 5.83922E-1 5.64288E-1 5.22907E-1 4.92819E-1 4.90001E-1 4.98434E-1 4.89299E-1 4.72106E-1 4.56632E-1 4.33212E-1 4.06733E-1 3.9063E-1 3.78815E-1 3.76492E-1 3.64987E-1 3.52478E-1 3.34739E-1 3.14196E-1 3.11551E-1 3.04644E-1 2.98811E-1 2.86454E-1 2.84423E-1 2.82663E-1 2.79559E-1 2.79415E-1 2.87926E-1 2.7826E-1 2.85228E-1 2.98897E-1 2.85058E-1 2.94796E-1 2.92199E-1 2.61126E-1 2.82686E-1 2.96972E-1 3.0825E-1 3.07956E-1 3.30561E-1 3.94764E-1 4.43675E-1 4.68349E-1 4.69896E-1 4.94876E-1 5.42175E-1 -9999 -9999 -9999 -9999 -9999 -9999 -9999 -9999 -9999 -9999 -9999
-9999 -9999 -9999 -9999 -9999 -9999 -9999 -9999 -9999 -9999 -9999 -9999 -9999 -9999 6.30436E-1 6.09752E-1 5.86648E-1 5.70529E-1 5.28407E-1 5.11584E-1 4.66603E-1 4.77063E-1 4.77288E-1 4.60029E-1 4.4815E-1 4.12693E-1 3.79711E-1 3.78436E-1 3.72269E-1 3.61843E-1 3.45972E-1 3.42791E-1 3.28606E-1 3.12735E-1 2.97611E-1 2.95277E-1 2.8669E-1 2.87294E-1 2.81767E-1 2.74794E-1 2.74094E-1 2.74042E-1 2.82418E-1 2.7016E-1 2.78007E-1 2.78753E-1 2.85209E-1 2.76159E-1 2.69162E-1 2.38341E-1 2.6114E-1 2.88943E-1 3.0418E-1 3.08629E-1 3.03244E-1 3.57176E-1 4.36846E-1 4.60227E-1 4.4551E-1 4.83397E-1 5.30805E-1 -9999 -9999 -9999 -9999 -9999 -9999 -9999 -9999 -9999 -9999 -9999
-9999 -9999 -9999 -9999 -9999 -9999 -9999 -9999 -9999 -9999 -9999 -9999 -9999 -9999 6.3441E-1 6.18816E-1 5.8574E-1 5.5046E-1 5.2983E-1 5.08868E-1 4.63435E-1 4.41514E-1 4.42335E-1 4.41655E-1 4.18132E-1 3.98644E-1 3.65719E-1 3.76862E-1 3.6229E-1 3.59164E-1 3.49287E-1 3.40045E-1 3.29614E-1 3.08797E-1 2.93163E-1 2.81345E-1 2.76502E-1 2.77816E-1 2.76945E-1 2.65516E-1 2.63063E-1 2.68675E-1 2.7232E-1 2.63571E-1 2.71207E-1 2.80401E-1 2.76621E-1 2.86656E-1 2.80276E-1 2.48057E-1 2.41958E-1 2.63019E-1 2.81578E-1 2.81709E-1 2.92445E-1 3.43873E-1 4.19588E-1 4.55774E-1 4.55168E-1 4.43856E-1 5.11262E-1 -9999 -9999 -9999 -9999 -9999 -9999 -9999 -9999 -9999 -9999 -9999
-9999 -9999 -9999 -9999 -9999 -9999 -9999 -9999 -9999 -9999 -9999 -9999 -9999 -9999 6.29128E-1 5.94131E-1 5.50549E-1 5.34259E-1 5.3132E-1 4.99423E-1 4.78106E-1 4.46513E-1 4.10709E-1 4.24527E-1 4.06572E-1 3.97212E-1 3.77334E-1 3.78363E-1 3.62887E-1 3.4824E-1 3.39049E-1 3.34084E-1 3.25155E-1 3.05988E-1 2.96775E-1 2.84735E-1 2.76094E-1 2.7342E-1 2.6544E-1 2.59253E-1 2.54053E-1 2.64154E-1 2.68668E-1 2.5769E-1 2.70397E-1 2.71681E-1 2.69601E-1 2.65755E-1 2.78773E-1 2.65096E-1 2.39147E-1 2.72696E-1 2.66144E-1 2.3133E-1 2.96432E-1 3.38931E-1 4.22815E-1 4.52897E-1 4.47526E-1 4.54368E-1 5.07372E-1 -9999 -9999 -9999 -9999 -9999 -9999 -9999 -9999 -9999 -9999 -9999
-9999 -9999 -9999 -9999 -9999 -9999 -9999 -9999 -9999 -9999 -9999 -9999 -9999 -9999 6.16398E-1 5.88071E-1 5.4899E-1 5.22012E-1 5.12384E-1 4.94664E-1 4.44929E-1 4.36191E-1 4.30177E-1 4.28205E-1 4.14032E-1 4.00801E-1 3.7932E-1 3.70179E-1 3.54783E-1 3.42845E-1 3.32299E-1 3.23579E-1 3.10678E-1 3.01775E-1 2.92849E-1 2.86029E-1 2.66633E-1 2.64154E-1 2.65147E-1 2.59068E-1 2.56808E-1 2.62257E-1 2.63844E-1 2.62321E-1 2.67514E-1 2.56226E-1 2.63979E-1 2.615E-1 2.82783E-1 2.79924E-1 2.6159E-1 2.58265E-1 2.89068E-1 2.85447E-1 2.96694E-1 3.50978E-1 4.00604E-1 4.44042E-1 4.50368E-1 4.47787E-1 5.18292E-1 -9999 -9999 -9999 -9999 -9999 -9999 -9999 -9999 -9999 -9999 -9999
-9999 -9999 -9999 -9999 -9999 -9999 -9999 -9999 -9999 -9999 -9999 -9999 -9999 -9999 6.12926E-1 5.77574E-1 5.3906E-1 5.22424E-1 5.14356E-1 4.80069E-1 4.50189E-1 4.18195E-1 4.36186E-1 4.2102E-1 4.05981E-1 4.00722E-1 3.81887E-1 3.67631E-1 3.48441E-1 3.36742E-1 3.22902E-1 3.12172E-1 3.08687E-1 3.02967E-1 2.83186E-1 2.78396E-1 2.68855E-1 2.6627E-1 2.64872E-1 2.66868E-1 2.54695E-1 2.66511E-1 2.57776E-1 2.61413E-1 2.53484E-1 2.58918E-1 2.46318E-1 2.65234E-1 2.64065E-1 2.79164E-1 2.81564E-1 2.79489E-1 2.96735E-1 2.98837E-1 3.02671E-1 2.7183E-1 3.45706E-1 4.30391E-1 4.47944E-1 4.22781E-1 5.00021E-1 -9999 -9999 -9999 -9999 -9999 -9999 -9999 -9999 -9999 -9999 -9999
-9999 -9999 -9999 -9999 -9999 -9999 -9999 -9999 -9999 -9999 -9999 -9999 -9999 -9999 -9999 5.71226E-1 5.30749E-1 5.22468E-1 5.04447E-1 4.6547E-1 4.40993E-1 4.31775E-1 4.31483E-1 4.0274E-1 4.09152E-1 3.84759E-1 3.66282E-1 3.51811E-1 3.40529E-1 3.37932E-1 3.25805E-1 3.06285E-1 2.92876E-1 2.91937E-1 2.78168E-1 2.68418E-1 2.60462E-1 2.63716E-1 2.65999E-1 2.61568E-1 2.66893E-1 2.63217E-1 2.60778E-1 2.59286E-1 2.46274E-1 2.50621E-1 2.42464E-1 2.44748E-1 2.48863E-1 2.68755E-1 2.65356E-1 2.72343E-1 2.8711E-1 2.94995E-1 2.80622E-1 2.7742E-1 3.10475E-1 4.08875E-1 4.19894E-1 4.51493E-1 5.04118E-1 5.50482E-1 -9999 -9999 -9999 -9999 -9999 -9999 -9999 -9999 -9999 -9999
-9999 -9999 -9999 -9999 -9999 -9999 -9999 -9999 -9999 -9999 -9999 -9999 -9999 -9999 -9999 5.70242E-1 5.33783E-1 5.18665E-1 4.95501E-1 4.70292E-1 4.31689E-1 4.39145E-1 4.34407E-1 4.21607E-1 3.79601E-1 3.60483E-1 3.46538E-1 3.40561E-1 3.333E-1 3.285E-1 3.20011E-1 3.02986E-1 2.90462E-1 2.6952E-1 2.59208E-1 2.54128E-1 2.65877E-1 2.62487E-1 2.61447E-1 2.5707E-1 2.55922E-1 2.59633E-1 2.59099E-1 2.58452E-1 2.45868E-1 2.35862E-1 2.36088E-1 2.27813E-1 2.19486E-1 2.58351E-1 2.7175E-1 2.64174E-1 2.77362E-1 2.98694E-1 3.10504E-1 2.94248E-1 3.38614E-1 4.10709E-1 4.29954E-1 4.31332E-1 4.92319E-1 -9999 -9999 -9999 -9999 -9999 -9999 -9999 -9999 -9999 -9999 -9999
-9999 -9999 -9999 -9999 -9999 -9999 -9999 -9999 -9999 -9999 -9999 -9999 -9999 -9999 -9999 -9999 5.18849E-1 5.19425E-1 4.89544E-1 4.48928E-1 4.39215E-1 4.37295E-1 4.0708E-1 3.77134E-1 3.55795E-1 3.58553E-1 3.53955E-1 3.34808E-1 3.22413E-1 3.22651E-1 3.06931E-1 2.99337E-1 2.69626E-1 2.68989E-1 2.55109E-1 2.47409E-1 2.53554E-1 2.64432E-1 2.64831E-1 2.52791E-1 2.50618E-1 2.56037E-1 2.5384E-1 2.5252E-1 2.487E-1 2.44612E-1 2.3309E-1 2.29813E-1 2.36567E-1 2.44014E-1 2.64373E-1 2.74944E-1 2.91682E-1 3.04896E-1 2.95069E-1 2.95153E-1 3.18907E-1 3.98018E-1 4.30281E-1 4.26412E-1 4.92745E-1 -9999 -9999 -9999 -9999 -9999 -9999 -9999 -9999 -9999 -9999 -9999
-9999 -9999 -9999 -9999 -9999 -9999 -9999 -9999 -9999 -9999 -9999 -9999 -9999 -9999 -9999 5.40216E-1 5.1769E-1 5.0807E-1 4.8223E-1 4.47078E-1 4.40222E-1 4.23745E-1 3.95929E-1 3.77709E-1 3.65816E-1 3.51307E-1 3.39246E-1 3.248E-1 3.12419E-1 3.12785E-1 2.95801E-1 2.84466E-1 2.72505E-1 2.77438E-1 2.62657E-1 2.54659E-1 2.59918E-1 2.61834E-1 2.58907E-1 2.56645E-1 2.57193E-1 2.56615E-1 2.50765E-1 2.4732E-1 2.45185E-1 2.45679E-1 2.2732E-1 2.45375E-1 2.38634E-1 2.23493E-1 2.6539E-1 2.79895E-1 2.95565E-1 3.01796E-1 2.80563E-1 3.01871E-1 3.3548E-1 3.51562E-1 4.10182E-1 4.05026E-1 4.75566E-1 -9999 -9999 -9999 -9999 -9999 -9999 -9999 -9999 -9999 -9999 -9999
-9999 -9999 -9999 -9999 -9999 -9999 -9999 -9999 -9999 -9999 -9999 -9999 -9999 -9999 -9999 5.24133E-1 5.13897E-1 4.95205E-1 4.69535E-1 4.44632E-1 4.46941E-1 4.13297E-1 4.00488E-1 3.79777E-1 3.48304E-1 3.46927E-1 3.42012E-1 3.16355E-1 3.18135E-1 3.10401E-1 3.01794E-1 2.90265E-1 2.8846E-1 2.72184E-1 2.75104E-1 2.74282E-1 2.61366E-1 2.62657E-1 2.59711E-1 2.54575E-1 2.52001E-1 2.59269E-1 2.50073E-1 2.53853E-1 2.48633E-1 2.42548E-1 2.21877E-1 2.53988E-1 2.37461E-1 2.42744E-1 2.67553E-1 2.87142E-1 2.9291E-1 3.02455E-1 3.02217E-1 3.27569E-1 3.28953E-1 3.41299E-1 3.80959E-1 4.19624E-1 4.81717E-1 5.06672E-1 -9999 -9999 -9999 -9999 -9999 -9999 -9999 -9999 -9999 -9999
-9999 -9999 -9999 -9999 -9999 -9999 -9999 -9999 -9999 -9999 -9999 -9999 -9999 -9999 5.31513E-1 5.21663E-1 5.03658E-1 4.91731E-1 4.79945E-1 4.48558E-1 4.25351E-1 4.06259E-1 4.00012E-1 3.66802E-1 3.58945E-1 3.4804E-1 3.27355E-1 3.21272E-1 3.15253E-1 3.13265E-1 2.99923E-1 2.97471E-1 2.89487E-1 2.79268E-1 2.74489E-1 2.71718E-1 2.64275E-1 2.59017E-1 2.58209E-1 2.59776E-1 2.56312E-1 2.52983E-1 2.53363E-1 2.41033E-1 2.48442E-1 2.53667E-1 2.492E-1 2.52095E-1 2.46732E-1 2.5603E-1 2.68569E-1 2.74735E-1 2.92636E-1 2.97353E-1 3.0485E-1 3.10466E-1 2.9943E-1 3.5405E-1 4.14877E-1 4.08354E-1 4.18027E-1 5.07287E-1 5.2028E-1 -9999 -9999 -9999 -9999 -9999 -9999 -9999 -9999 -9999
-9999 -9999 -9999 -9999 -9999 -9999 -9999 -9999 -9999 -9999 -9999 -9999 -9999 -9999 5.3104E-1 5.15623E-1 5.10271E-1 4.92775E-1 4.68566E-1 4.40401E-1 4.16388E-1 4.02934E-1 3.76448E-1 3.54532E-1 3.29042E-1 3.19069E-1 3.09446E-1 3.20189E-1 3.21766E-1 3.11917E-1 3.10126E-1 3.00682E-1 2.82324E-1 2.75461E-1 2.7112E-1 2.59998E-1 2.60659E-1 2.64723E-1 2.6219E-1 2.49318E-1 2.47149E-1 2.49199E-1 2.4942E-1 2.48894E-1 2.51285E-1 2.43453E-1 2.50005E-1 2.5257E-1 2.57417E-1 2.63724E-1 2.75195E-1 2.72499E-1 2.91741E-1 3.02555E-1 2.59051E-1 2.50409E-1 3.09003E-1 3.82131E-1 4.28946E-1 4.05211E-1 3.92953E-1 4.82896E-1 5.22669E-1 -9999 -9999 -9999 -9999 -9999 -9999 -9999 -9999 -9999
-9999 -9999 -9999 -9999 -9999 -9999 -9999 -9999 -9999 -9999 -9999 -9999 -9999 5.5006E-1 5.38508E-1 5.06633E-1 5.03438E-1 4.79723E-1 4.54033E-1 4.37524E-1 4.23106E-1 3.87845E-1 3.78164E-1 3.68049E-1 3.39698E-1 3.24024E-1 3.13063E-1 3.23094E-1 3.14065E-1 2.94899E-1 2.96441E-1 2.86632E-1 2.85205E-1 2.74382E-1 2.62351E-1 2.62104E-1 2.57269E-1 2.5127E-1 2.51643E-1 2.44711E-1 2.42112E-1 2.44264E-1 2.45884E-1 2.46197E-1 2.45049E-1 2.37482E-1 2.26033E-1 2.50292E-1 2.51304E-1 2.63936E-1 2.63529E-1 2.48701E-1 2.82336E-1 2.89643E-1 2.80204E-1 2.6256E-1 3.1471E-1 3.7706E-1 4.22105E-1 3.91619E-1 4.2633E-1 4.87548E-1 5.1986E-1 -9999 -9999 -9999 -9999 -9999 -9999 -9999 -9999 -9999
-9999 -9999 -9999 -9999 -9999 -9999 -9999 -9999 -9999 -9999 -9999 -9999 5.71118E-1 5.48224E-1 5.31266E-1 5.03468E-1 4.96475E-1 4.78558E-1 4.41867E-1 4.262E-1 4.13231E-1 3.97893E-1 3.71752E-1 3.50527E-1 3.38041E-1 3.13621E-1 3.13263E-1 3.17898E-1 3.22941E-1 3.09987E-1 2.93042E-1 2.88873E-1 2.79063E-1 2.73624E-1 2.64895E-1 2.58689E-1 2.56146E-1 2.53015E-1 2.41857E-1 2.43953E-1 2.38604E-1 2.29366E-1 2.34537E-1 2.42818E-1 2.43893E-1 2.448E-1 2.3198E-1 2.35245E-1 2.46778E-1 2.61954E-1 2.6112E-1 2.29098E-1 2.65446E-1 2.88442E-1 2.86948E-1 2.64107E-1 2.92605E-1 3.48131E-1 4.1418E-1 4.4326E-1 4.55016E-1 4.80039E-1 4.99823E-1 -9999 -9999 -9999 -9999 -9999 -9999 -9999 -9999 -9999
-9999 -9999 -9999 -9999 -9999 -9999 -9999 -9999 -9999 -9999 -9999 -9999 5.61372E-1 5.47044E-1 5.2396E-1 4.99764E-1 4.90734E-1 4.67712E-1 4.49198E-1 4.15734E-1 4.01577E-1 3.85327E-1 3.79336E-1 3.55874E-1 3.35653E-1 3.12249E-1 3.01412E-1 3.23825E-1 3.18001E-1 3.03969E-1 2.93357E-1 2.7984E-1 2.66311E-1 2.5603E-1 2.50234E-1 2.49706E-1 2.6067E-1 2.58162E-1 2.39596E-1 2.25383E-1 2.3993E-1 2.36593E-1 2.34657E-1 2.3828E-1 2.34652E-1 2.41551E-1 2.16508E-1 2.21665E-1 2.42244E-1 2.56183E-1 2.61111E-1 2.42941E-1 2.58122E-1 2.7026E-1 2.77463E-1 2.50108E-1 2.59206E-1 3.11142E-1 3.9574E-1 4.2267E-1 4.28258E-1 4.7252E-1 -9999 -9999 -9999 -9999 -9999 -9999 -9999 -9999 -9999 -9999
-9999 -9999 -9999 -9999 -9999 -9999 -9999 -9999 -9999 -9999 -9999 -9999 5.64406E-1 5.47946E-1 5.30975E-1 5.05725E-1 4.84752E-1 4.75519E-1 4.38001E-1 4.17939E-1 3.90384E-1 3.80117E-1 3.71818E-1 3.64195E-1 3.26559E-1 3.23576E-1 3.15364E-1 3.22593E-1 3.17908E-1 2.91881E-1 2.84864E-1 2.78564E-1 2.63872E-1 2.56599E-1 2.49958E-1 2.53722E-1 2.53502E-1 2.52771E-1 2.4942E-1 2.34623E-1 2.28223E-1 2.40841E-1 2.38417E-1 2.37138E-1 2.24143E-1 2.29658E-1 2.22589E-1 2.16266E-1 2.35185E-1 2.51993E-1 2.53689E-1 2.60868E-1 2.68894E-1 2.77642E-1 2.82378E-1 2.38728E-1 2.64352E-1 3.44897E-1 3.6503E-1 4.04107E-1 4.23738E-1 4.63098E-1 -9999 -9999 -9999 -9999 -9999 -9999 -9999 -9999 -9999 -9999
