Artocarpus altilis SDM files/Last interglacial/results (with bias file)/Artalt_median.asc
ncols         1201
nrows         481
xllcorner     119.99986351115
yllcorner     -15.00013864885
cellsize      0.041666667
NODATA_value  -9999
[rows 288 to 319 of 481, columns 576 to 647 of 1201]
2.63442E-1 2.86662E-1 2.64234E-1 2.4969E-1 2.4783E-1 1.74427E-1 3.3526E-1 3.56299E-1 3.09378E-1 2.15138E-1 1.4849E-1 1.16412E-1 7.7286E-2 5.3153E-2 1.02674E-1 6.17473E-2 5.5486E-2 1.42097E-1 1.7129E-1 1.53893E-1 1.55392E-1 1.57872E-1 1.95756E-1 1.92241E-1 1.87423E-1 2.32758E-1 2.66934E-1 2.38649E-1 1.91715E-1 2.08811E-1 1.36034E-1 2.31148E-1 2.25585E-1 2.23445E-1 2.7861E-1 1.95798E-1 1.42011E-1 1.55336E-1 2.09717E-1 1.78876E-1 1.28268E-1 1.06172E-1 9.86095E-2 1.15249E-1 1.1564E-1 1.06629E-1 8.19574E-2 8.92713E-2 1.10109E-1 1.07216E-1 1.32803E-1 1.50339E-1 2.19743E-1 2.59516E-1 2.51753E-1 2.71906E-1 2.64832E-1 2.33632E-1 2.0188E-1 2.34304E-1 1.41415E-1 8.39514E-2 1.64733E-1 1.78554E-1 1.47536E-1 9.66732E-2 4.08614E-2 6.3283E-2 1.56738E-1 2.42696E-1 3.4405E-1 3.7735E-1
2.90965E-1 3.08763E-1 2.99534E-1 2.49203E-1 2.53817E-1 2.33456E-1 2.52719E-1 3.67543E-1 2.20283E-1 1.75436E-1 1.50801E-1 1.13938E-1 1.19812E-1 1.00313E-1 1.46977E-1 1.14584E-1 1.27209E-1 2.29059E-1 2.18137E-1 1.65848E-1 1.74205E-1 1.78466E-1 2.04266E-1 2.07855E-1 2.3612E-1 2.30301E-1 2.39429E-1 2.50479E-1 2.29446E-1 1.93886E-1 1.61154E-1 1.66738E-1 2.63808E-1 3.38337E-1 2.28071E-1 1.69991E-1 1.77446E-1 2.3688E-1 2.38428E-1 1.95787E-1 1.36966E-1 1.1996E-1 1.38396E-1 1.44411E-1 9.73977E-2 9.47719E-2 8.67936E-2 1.13765E-1 1.1631E-1 1.31214E-1 1.31405E-1 1.21594E-1 2.01285E-1 2.30784E-1 2.51278E-1 2.56345E-1 2.02023E-1 1.87058E-1 1.73772E-1 2.12184E-1 1.51261E-1 1.06082E-1 1.75837E-1 1.8482E-1 1.60168E-1 1.16019E-1 4.27945E-2 5.40727E-2 1.26994E-1 1.64871E-1 2.0809E-1 3.36665E-1
3.09901E-1 3.19764E-1 3.22392E-1 2.93627E-1 2.58836E-1 2.53578E-1 2.42341E-1 3.38014E-1 3.0817E-1 3.08375E-1 2.22312E-1 1.45301E-1 1.41203E-1 1.49167E-1 1.88369E-1 2.36177E-1 2.57669E-1 2.8396E-1 1.8895E-1 1.86626E-1 1.98854E-1 1.69659E-1 1.65352E-1 1.68998E-1 1.7572E-1 1.62553E-1 2.10137E-1 2.57575E-1 2.53688E-1 2.69463E-1 2.61819E-1 2.58581E-1 3.55818E-1 1.49119E-1 1.33595E-1 2.70895E-1 2.57542E-1 3.06869E-1 2.76517E-1 1.98155E-1 1.29051E-1 1.69398E-1 1.36573E-1 1.15142E-1 8.18006E-2 8.58393E-2 1.00311E-1 1.32039E-1 1.21152E-1 1.26288E-1 1.47735E-1 1.55967E-1 1.82334E-1 2.18168E-1 2.10824E-1 2.07525E-1 1.60744E-1 1.3771E-1 1.41072E-1 1.96848E-1 1.76127E-1 1.80765E-1 2.03112E-1 2.01092E-1 1.52921E-1 1.11817E-1 4.40416E-2 1.14799E-1 1.38749E-1 2.27225E-1 2.42427E-1 2.73087E-1
3.28001E-1 3.25388E-1 3.21546E-1 3.27784E-1 2.95568E-1 2.58286E-1 2.31881E-1 2.9516E-1 3.20795E-1 3.13427E-1 2.88968E-1 1.91295E-1 1.70425E-1 2.15071E-1 1.82308E-1 2.80902E-1 2.17856E-1 2.93479E-1 3.23612E-1 2.03992E-1 1.64381E-1 1.74129E-1 2.26199E-1 1.97003E-1 1.74257E-1 2.0051E-1 2.24202E-1 2.32057E-1 2.18475E-1 2.27274E-1 2.10663E-1 2.36064E-1 1.83593E-1 1.80171E-1 1.84121E-1 2.52078E-1 2.06428E-1 2.91877E-1 2.71182E-1 1.96173E-1 1.37501E-1 1.81417E-1 1.27769E-1 1.09291E-1 8.77982E-2 7.87523E-2 8.87679E-2 1.06273E-1 1.39831E-1 1.49637E-1 1.50076E-1 1.50754E-1 1.47491E-1 1.2277E-1 1.48859E-1 1.93452E-1 1.59395E-1 1.35283E-1 1.19065E-1 1.50128E-1 1.46638E-1 1.68149E-1 2.13196E-1 2.05541E-1 1.54955E-1 1.06575E-1 4.9274E-2 9.98946E-2 1.79265E-1 2.39677E-1 3.07398E-1 3.6755E-1
3.22115E-1 3.22236E-1 3.21748E-1 3.27045E-1 3.09478E-1 2.45177E-1 2.07261E-1 2.69801E-1 2.6991E-1 2.89383E-1 2.39286E-1 2.2358E-1 1.88173E-1 1.67743E-1 2.30621E-1 2.67577E-1 3.05923E-1 3.05304E-1 3.56011E-1 3.08725E-1 2.58312E-1 2.35695E-1 2.16865E-1 1.72234E-1 1.70939E-1 1.87281E-1 2.05445E-1 1.86174E-1 1.87836E-1 2.1686E-1 2.18466E-1 2.19873E-1 1.51509E-1 2.00262E-1 1.981E-1 2.05779E-1 1.72421E-1 2.27132E-1 2.80962E-1 2.55765E-1 2.12152E-1 1.99194E-1 1.74881E-1 1.42879E-1 9.74762E-2 9.22176E-2 9.53167E-2 9.83551E-2 1.32782E-1 1.43144E-1 1.3561E-1 1.47966E-1 1.20473E-1 1.40667E-1 1.62553E-1 1.34496E-1 1.22395E-1 1.2334E-1 1.18486E-1 1.02099E-1 1.04502E-1 1.76012E-1 2.0661E-1 2.01407E-1 1.61649E-1 1.20245E-1 9.1664E-2 1.19077E-1 1.84414E-1 1.79039E-1 1.95203E-1 1.87571E-1
3.08101E-1 3.14059E-1 3.10445E-1 3.12189E-1 3.14362E-1 2.73887E-1 2.23795E-1 2.0523E-1 2.23671E-1 3.21567E-1 2.65556E-1 3.1515E-1 1.98541E-1 1.88329E-1 2.11708E-1 2.66609E-1 3.33879E-1 2.88068E-1 3.55372E-1 2.74499E-1 2.30877E-1 2.27432E-1 2.38761E-1 2.21445E-1 1.92473E-1 1.7558E-1 1.96708E-1 2.06222E-1 2.00491E-1 1.97043E-1 2.2049E-1 2.21084E-1 1.81355E-1 1.84263E-1 2.3676E-1 2.23955E-1 2.08273E-1 1.67776E-1 1.88465E-1 2.12116E-1 1.82446E-1 1.3585E-1 1.28811E-1 1.16351E-1 1.0387E-1 9.53799E-2 1.1942E-1 1.27873E-1 1.47067E-1 1.31666E-1 1.31308E-1 1.25858E-1 1.22142E-1 1.34237E-1 1.32684E-1 9.86561E-2 1.09901E-1 1.17228E-1 1.08924E-1 9.11783E-2 1.41281E-1 1.78279E-1 1.90686E-1 2.07385E-1 1.75693E-1 1.27968E-1 1.00678E-1 7.23137E-2 9.50383E-2 7.02362E-2 1.45966E-1 2.09084E-1
2.80305E-1 2.78002E-1 3.07978E-1 3.10346E-1 3.13415E-1 3.03557E-1 2.079E-1 2.54118E-1 2.32748E-1 2.50928E-1 2.6227E-1 3.2033E-1 2.89911E-1 2.94509E-1 3.08405E-1 2.88633E-1 3.47565E-1 3.52665E-1 3.16133E-1 2.71107E-1 2.29657E-1 2.16525E-1 2.22159E-1 2.23204E-1 2.16349E-1 2.12229E-1 1.83973E-1 1.72402E-1 1.93168E-1 2.08389E-1 2.1635E-1 2.65557E-1 1.89337E-1 3.18474E-1 2.64508E-1 2.47933E-1 2.00015E-1 1.86961E-1 1.604E-1 1.20079E-1 1.07231E-1 8.12334E-2 7.60155E-2 8.0291E-2 8.72528E-2 8.87354E-2 9.70289E-2 1.18677E-1 1.55723E-1 1.41871E-1 1.39994E-1 9.59708E-2 1.13667E-1 1.14207E-1 1.04653E-1 9.49706E-2 1.01752E-1 1.09635E-1 1.13822E-1 1.42903E-1 1.80191E-1 1.73891E-1 1.64459E-1 2.00846E-1 1.80996E-1 1.42196E-1 1.0588E-1 5.7541E-2 8.22476E-2 1.15376E-1 1.49248E-1 2.38559E-1
2.42135E-1 2.56839E-1 2.93968E-1 3.13126E-1 3.15589E-1 2.87267E-1 2.5198E-1 2.4902E-1 2.63176E-1 2.90246E-1 3.09307E-1 2.89549E-1 3.34861E-1 3.32341E-1 3.40307E-1 3.12748E-1 3.47073E-1 3.41962E-1 2.96727E-1 2.5445E-1 2.36776E-1 2.20907E-1 2.4367E-1 2.25729E-1 2.44831E-1 2.45808E-1 2.43822E-1 1.91944E-1 2.29852E-1 2.29619E-1 2.37228E-1 2.66721E-1 2.03625E-1 3.27308E-1 3.44122E-1 1.94923E-1 1.92065E-1 1.66589E-1 1.80821E-1 2.17152E-1 1.99065E-1 1.60893E-1 1.23566E-1 1.2913E-1 7.24356E-2 8.37234E-2 1.01619E-1 1.51407E-1 1.15838E-1 1.3389E-1 1.09908E-1 9.38555E-2 1.10948E-1 9.8928E-2 1.09426E-1 1.06006E-1 9.63624E-2 1.15371E-1 1.2076E-1 1.52551E-1 1.78864E-1 1.66762E-1 1.34482E-1 1.45255E-1 1.66892E-1 1.55091E-1 1.31146E-1 9.06461E-2 1.11947E-1 1.42563E-1 1.68695E-1 2.30846E-1
2.2087E-1 2.25957E-1 2.62132E-1 2.96979E-1 3.00342E-1 2.8648E-1 2.74168E-1 2.94072E-1 3.08114E-1 3.17468E-1 3.32152E-1 3.34734E-1 3.15823E-1 3.34286E-1 3.56014E-1 3.32599E-1 3.53682E-1 3.45088E-1 2.95318E-1 2.49318E-1 2.55067E-1 2.38947E-1 2.42132E-1 2.43148E-1 2.6565E-1 2.65832E-1 2.69693E-1 2.24854E-1 2.28213E-1 3.21746E-1 2.44774E-1 3.00268E-1 3.28652E-1 3.24341E-1 2.92608E-1 2.17598E-1 2.09792E-1 1.5491E-1 1.54955E-1 1.92573E-1 2.07368E-1 1.14933E-1 1.11477E-1 1.03823E-1 5.16671E-2 1.04024E-1 1.18015E-1 1.17456E-1 1.03396E-1 1.11418E-1 8.96932E-2 8.3407E-2 1.0121E-1 1.04934E-1 1.29666E-1 1.29385E-1 9.53114E-2 9.81304E-2 9.40598E-2 1.14822E-1 1.48557E-1 1.48338E-1 1.36154E-1 1.06942E-1 1.40136E-1 1.72558E-1 1.49782E-1 1.01457E-1 8.82356E-2 8.21379E-2 1.38933E-1 1.76677E-1
2.78197E-1 2.63077E-1 2.74638E-1 2.82377E-1 3.12528E-1 3.05952E-1 3.16237E-1 3.1593E-1 3.02474E-1 3.19777E-1 3.33396E-1 3.39319E-1 3.41963E-1 3.57184E-1 3.56802E-1 3.5202E-1 3.36188E-1 3.26057E-1 3.02075E-1 2.8428E-1 2.87432E-1 2.65048E-1 2.66509E-1 2.70949E-1 3.05304E-1 2.78E-1 2.804E-1 2.3848E-1 2.49884E-1 2.30362E-1 2.42902E-1 3.77616E-1 3.5764E-1 2.98163E-1 2.74198E-1 2.4672E-1 2.62303E-1 2.03736E-1 1.38542E-1 1.14563E-1 1.11611E-1 5.40863E-2 4.33736E-2 4.71787E-2 6.60826E-2 1.16006E-1 8.58433E-2 9.25402E-2 6.29067E-2 8.51627E-2 7.31211E-2 8.13151E-2 1.32634E-1 1.18998E-1 1.42157E-1 1.45083E-1 1.11966E-1 1.11104E-1 9.08315E-2 7.85025E-2 9.58353E-2 1.05057E-1 1.17812E-1 8.96192E-2 1.01276E-1 1.5248E-1 1.53613E-1 1.23856E-1 1.06239E-1 1.01399E-1 1.17269E-1 1.27207E-1
2.99586E-1 2.89027E-1 2.76678E-1 2.97137E-1 3.0531E-1 2.99485E-1 3.12597E-1 3.01908E-1 3.22329E-1 3.24677E-1 3.32899E-1 3.4889E-1 3.54403E-1 3.65011E-1 3.55474E-1 3.61335E-1 3.67137E-1 3.498E-1 3.0636E-1 3.08984E-1 3.17634E-1 3.01352E-1 3.03657E-1 3.1074E-1 3.14037E-1 3.11295E-1 3.31967E-1 2.639E-1 2.57584E-1 2.07616E-1 2.45556E-1 4.04387E-1 3.84878E-1 3.25202E-1 3.80313E-1 2.65321E-1 3.01845E-1 2.70041E-1 1.48631E-1 1.08833E-1 8.13869E-2 6.96334E-2 1.0275E-1 7.5789E-2 5.67583E-2 9.26226E-2 1.03954E-1 7.42086E-2 6.52291E-2 7.22259E-2 6.90039E-2 1.03047E-1 1.49109E-1 1.48998E-1 1.41509E-1 1.59328E-1 1.63143E-1 1.36997E-1 1.19497E-1 1.09076E-1 7.39487E-2 6.93329E-2 8.06173E-2 9.13309E-2 1.00961E-1 1.07922E-1 1.35619E-1 1.36109E-1 9.73543E-2 9.48391E-2 1.10448E-1 9.41475E-2
2.94864E-1 2.92396E-1 2.74833E-1 2.53196E-1 2.6549E-1 3.10539E-1 3.18241E-1 3.25633E-1 3.05512E-1 3.35749E-1 3.40908E-1 3.60764E-1 3.75338E-1 3.80443E-1 3.70344E-1 3.71725E-1 3.72003E-1 3.83508E-1 3.38289E-1 3.43314E-1 3.51989E-1 3.26181E-1 3.25523E-1 3.60205E-1 3.29399E-1 3.57381E-1 3.72173E-1 3.14752E-1 2.50597E-1 2.61952E-1 2.48767E-1 4.24096E-1 4.14096E-1 4.11787E-1 4.2366E-1 3.09798E-1 3.10079E-1 3.05333E-1 1.89456E-1 1.29181E-1 1.24069E-1 1.81174E-1 1.20719E-1 9.92453E-2 4.23343E-2 6.02363E-2 1.45889E-1 1.11013E-1 6.18427E-2 8.6724E-2 6.42395E-2 1.0872E-1 1.6243E-1 1.57001E-1 1.71628E-1 1.73914E-1 1.60381E-1 1.56183E-1 1.43065E-1 1.13502E-1 7.55185E-2 6.35862E-2 6.55208E-2 7.79199E-2 7.56452E-2 9.40214E-2 1.21811E-1 1.1565E-1 8.95493E-2 1.01055E-1 1.12024E-1 8.03079E-2
3.07045E-1 3.04042E-1 3.01206E-1 2.95044E-1 2.99121E-1 3.02441E-1 3.31466E-1 3.33863E-1 3.41503E-1 3.47493E-1 3.53567E-1 3.55692E-1 3.71235E-1 3.8061E-1 3.89728E-1 3.95044E-1 3.98362E-1 3.92007E-1 3.95436E-1 4.05033E-1 3.71015E-1 3.60261E-1 4.0423E-1 3.96547E-1 3.9774E-1 4.36396E-1 4.3171E-1 4.05018E-1 3.15054E-1 2.73786E-1 2.59833E-1 4.09439E-1 4.33022E-1 4.37938E-1 4.31876E-1 3.87005E-1 2.60621E-1 2.77104E-1 2.38965E-1 1.75591E-1 2.06932E-1 2.96046E-1 8.10073E-2 4.8099E-2 3.84738E-2 1.12202E-1 1.92413E-1 6.9402E-2 8.98323E-2 9.65341E-2 6.60267E-2 1.42453E-1 1.59852E-1 1.901E-1 1.3121E-1 1.57674E-1 1.77584E-1 1.30148E-1 1.51178E-1 1.42756E-1 1.10777E-1 1.07646E-1 7.31659E-2 6.12241E-2 6.93434E-2 9.29425E-2 9.24719E-2 9.92133E-2 8.29269E-2 9.3825E-2 1.0731E-1 9.84201E-2
3.142E-1 3.25933E-1 3.21187E-1 3.15116E-1 3.26113E-1 3.26691E-1 3.36525E-1 3.48041E-1 3.48985E-1 3.57613E-1 3.72655E-1 3.78977E-1 3.8531E-1 3.9148E-1 3.95858E-1 4.03523E-1 4.14468E-1 4.08746E-1 4.19371E-1 4.2325E-1 4.08626E-1 4.26089E-1 4.23227E-1 4.26558E-1 4.24395E-1 4.32725E-1 4.38608E-1 4.38799E-1 4.28842E-1 3.46624E-1 3.64997E-1 3.78112E-1 4.38636E-1 4.53196E-1 4.44749E-1 4.23656E-1 3.43662E-1 2.8792E-1 2.86075E-1 2.80551E-1 3.15257E-1 2.39028E-1 1.03681E-1 5.98927E-2 4.4168E-2 7.87332E-2 2.1274E-1 8.0923E-2 1.20442E-1 6.4932E-2 7.18732E-2 1.52132E-1 1.71073E-1 1.2318E-1 1.32782E-1 1.50057E-1 1.44622E-1 1.45431E-1 1.76595E-1 1.5586E-1 1.22437E-1 9.11709E-2 9.14983E-2 7.87563E-2 6.53961E-2 8.65107E-2 9.66296E-2 8.73957E-2 7.13153E-2 7.5867E-2 9.83534E-2 9.30103E-2
3.38918E-1 3.31938E-1 3.34922E-1 3.40453E-1 3.42898E-1 3.46179E-1 3.54023E-1 3.64627E-1 3.66502E-1 3.90879E-1 3.89219E-1 3.96423E-1 3.99169E-1 4.08554E-1 4.09345E-1 4.10452E-1 4.36256E-1 4.41406E-1 4.45768E-1 4.47874E-1 4.51665E-1 4.39981E-1 4.50577E-1 4.52036E-1 4.54466E-1 4.51955E-1 4.5128E-1 4.5148E-1 4.55837E-1 4.20676E-1 4.02715E-1 4.18155E-1 4.05205E-1 4.54071E-1 4.62176E-1 4.50653E-1 3.54316E-1 2.46549E-1 3.45915E-1 2.9755E-1 2.56381E-1 1.70788E-1 1.21564E-1 6.93467E-2 5.44929E-2 1.16575E-1 2.10414E-1 1.54142E-1 9.79934E-2 8.21919E-2 7.5708E-2 1.34958E-1 9.15744E-2 1.18578E-1 1.50529E-1 1.51699E-1 1.94435E-1 2.13036E-1 2.20846E-1 1.80559E-1 1.53964E-1 1.1721E-1 1.33655E-1 1.11249E-1 7.11267E-2 8.05704E-2 8.95846E-2 8.00096E-2 6.43581E-2 6.76133E-2 9.31376E-2 9.94445E-2
3.34498E-1 3.49594E-1 3.49508E-1 3.56243E-1 3.57634E-1 3.62822E-1 3.72058E-1 3.75674E-1 3.82738E-1 3.95313E-1 4.02819E-1 4.09776E-1 4.06822E-1 4.14146E-1 4.25366E-1 4.38559E-1 4.39602E-1 4.47581E-1 4.58243E-1 4.67498E-1 4.75358E-1 4.67516E-1 4.5967E-1 4.71609E-1 4.79046E-1 4.66061E-1 4.68426E-1 4.7221E-1 4.6959E-1 4.64926E-1 4.30285E-1 4.34604E-1 4.00217E-1 4.2862E-1 4.48715E-1 4.63541E-1 3.58473E-1 3.19995E-1 4.03247E-1 3.52964E-1 2.61719E-1 1.84902E-1 1.45645E-1 9.64583E-2 5.22987E-2 6.48287E-2 1.78068E-1 2.63167E-1 1.49247E-1 1.44211E-1 1.05893E-1 9.2024E-2 9.88817E-2 9.4424E-2 2.03545E-1 1.49583E-1 2.05954E-1 1.83969E-1 1.93817E-1 1.78214E-1 1.84743E-1 1.63181E-1 1.17131E-1 7.43801E-2 7.14543E-2 9.09984E-2 8.13432E-2 8.01239E-2 7.10609E-2 7.1418E-2 9.50813E-2 1.18279E-1
3.57816E-1 3.65351E-1 3.64091E-1 3.81449E-1 3.81754E-1 3.75107E-1 3.82313E-1 3.91421E-1 4.07034E-1 4.12531E-1 4.23727E-1 4.30579E-1 4.40385E-1 4.4534E-1 4.4444E-1 4.54123E-1 -9999 4.82634E-1 4.69933E-1 4.76948E-1 5.01287E-1 4.91639E-1 4.93353E-1 4.96422E-1 4.98979E-1 5.00523E-1 5.07141E-1 5.05204E-1 4.9465E-1 4.8929E-1 4.48188E-1 4.55988E-1 4.50445E-1 4.38148E-1 4.65155E-1 4.62884E-1 4.30799E-1 3.13308E-1 4.20631E-1 2.85493E-1 2.48577E-1 2.06376E-1 1.47399E-1 8.70299E-2 5.89365E-2 8.12851E-2 1.8335E-1 2.50484E-1 2.74593E-1 2.37389E-1 1.48423E-1 1.04135E-1 8.00053E-2 1.31675E-1 2.07881E-1 1.6402E-1 1.88697E-1 1.83528E-1 2.25668E-1 1.83997E-1 2.19381E-1 1.91933E-1 1.24589E-1 8.06268E-2 9.38123E-2 8.20409E-2 8.46545E-2 9.19975E-2 9.74517E-2 6.49301E-2 8.42742E-2 1.31854E-1
3.70751E-1 3.79291E-1 3.84792E-1 3.94021E-1 3.94563E-1 4.12165E-1 4.05535E-1 4.20553E-1 4.26369E-1 4.35191E-1 4.44274E-1 4.36842E-1 4.52981E-1 -9999 -9999 -9999 -9999 4.99114E-1 4.90588E-1 4.945E-1 5.00397E-1 4.95658E-1 5.08243E-1 5.06509E-1 5.11068E-1 5.09291E-1 5.18448E-1 5.19876E-1 5.17152E-1 5.20706E-1 4.71661E-1 4.7284E-1 4.79261E-1 4.64998E-1 4.9861E-1 4.8474E-1 4.42682E-1 3.66067E-1 3.96133E-1 3.26284E-1 2.97832E-1 3.09305E-1 1.74012E-1 1.77278E-1 9.83876E-2 9.0231E-2 1.70781E-1 2.42006E-1 2.78423E-1 1.9231E-1 1.86741E-1 1.1216E-1 1.96833E-1 2.37139E-1 2.51246E-1 2.23673E-1 1.68183E-1 1.88805E-1 2.39281E-1 1.77592E-1 2.45613E-1 2.00889E-1 9.47767E-2 8.89986E-2 9.11648E-2 9.41593E-2 1.18501E-1 1.1714E-1 9.47665E-2 6.25171E-2 8.50687E-2 1.44795E-1
3.97984E-1 4.04487E-1 4.09575E-1 4.20864E-1 4.26127E-1 4.20606E-1 4.19728E-1 4.36692E-1 4.47036E-1 4.33479E-1 4.49947E-1 -9999 -9999 -9999 -9999 -9999 -9999 -9999 -9999 5.32075E-1 5.27497E-1 5.08502E-1 5.26001E-1 5.34962E-1 5.22716E-1 5.18356E-1 5.21758E-1 5.25834E-1 5.24363E-1 5.3359E-1 5.07167E-1 4.85483E-1 4.98986E-1 4.97748E-1 5.02287E-1 4.94175E-1 4.65224E-1 4.00299E-1 3.85842E-1 3.74E-1 3.56859E-1 3.25533E-1 3.29373E-1 1.98867E-1 1.20321E-1 1.15535E-1 1.77192E-1 2.39404E-1 3.14288E-1 3.2153E-1 2.80168E-1 1.61975E-1 2.92156E-1 2.31524E-1 2.28153E-1 2.52973E-1 1.85952E-1 1.80387E-1 1.98022E-1 1.88459E-1 2.63657E-1 1.50695E-1 1.02804E-1 1.23544E-1 1.42578E-1 1.33631E-1 1.16254E-1 9.8289E-2 7.22265E-2 8.12012E-2 1.16211E-1 1.19932E-1
4.17028E-1 4.26919E-1 4.28739E-1 4.34615E-1 4.46257E-1 4.45114E-1 4.49113E-1 -9999 4.6373E-1 4.69942E-1 4.94359E-1 4.99761E-1 -9999 -9999 -9999 -9999 -9999 -9999 -9999 5.37996E-1 5.37932E-1 5.416E-1 5.42072E-1 5.411E-1 5.46363E-1 5.52293E-1 5.55502E-1 5.52998E-1 5.37189E-1 5.41367E-1 5.39095E-1 5.48791E-1 5.20736E-1 5.16732E-1 5.24608E-1 5.21111E-1 4.87442E-1 4.65914E-1 4.31514E-1 3.78335E-1 3.75701E-1 3.43151E-1 3.42833E-1 2.69669E-1 2.23579E-1 2.37007E-1 1.31795E-1 2.21622E-1 2.92319E-1 3.48836E-1 3.53131E-1 3.59634E-1 2.09484E-1 1.54006E-1 2.15909E-1 2.66903E-1 2.22347E-1 2.34593E-1 2.39189E-1 2.82028E-1 3.11461E-1 2.05701E-1 1.66422E-1 2.1283E-1 1.77952E-1 1.52995E-1 1.19503E-1 8.8078E-2 8.13881E-2 9.85614E-2 8.21043E-2 7.96096E-2
-9999 -9999 4.73887E-1 4.66012E-1 4.66574E-1 4.67264E-1 4.82052E-1 -9999 -9999 -9999 4.99789E-1 5.16862E-1 5.24327E-1 -9999 -9999 -9999 -9999 -9999 -9999 -9999 -9999 5.18045E-1 5.67421E-1 5.66411E-1 5.64427E-1 5.66657E-1 5.70295E-1 5.69777E-1 5.66157E-1 5.60397E-1 5.6367E-1 5.43099E-1 5.40904E-1 5.27606E-1 5.29E-1 5.34659E-1 5.25608E-1 5.08482E-1 5.01324E-1 3.82082E-1 4.0132E-1 4.12557E-1 3.76597E-1 3.43721E-1 2.73664E-1 2.97828E-1 2.4038E-1 2.06629E-1 2.56556E-1 3.1898E-1 3.13717E-1 2.89437E-1 1.52937E-1 1.73662E-1 2.22168E-1 2.52323E-1 2.21418E-1 2.26869E-1 2.36904E-1 2.864E-1 3.31942E-1 2.97665E-1 2.3776E-1 1.76016E-1 1.66092E-1 1.18776E-1 9.05391E-2 8.94644E-2 8.42282E-2 7.10339E-2 7.27981E-2 1.09169E-1
-9999 -9999 -9999 -9999 -9999 -9999 -9999 -9999 -9999 -9999 -9999 -9999 -9999 -9999 -9999 -9999 -9999 -9999 -9999 -9999 -9999 -9999 -9999 -9999 5.84008E-1 -9999 -9999 5.86035E-1 5.82169E-1 5.78812E-1 5.71841E-1 5.67741E-1 5.46394E-1 5.45829E-1 5.7105E-1 5.44027E-1 5.32712E-1 5.32113E-1 4.96839E-1 4.16748E-1 4.3875E-1 4.36442E-1 4.56166E-1 4.0872E-1 3.73652E-1 3.21224E-1 3.00504E-1 3.25837E-1 2.61319E-1 3.24613E-1 1.93357E-1 3.65843E-1 2.09617E-1 1.72979E-1 2.83501E-1 2.07369E-1 2.3532E-1 2.24855E-1 2.47342E-1 2.54458E-1 3.35629E-1 3.37968E-1 2.64844E-1 1.64732E-1 1.10467E-1 7.52891E-2 7.33765E-2 6.89438E-2 6.45444E-2 7.5597E-2 8.70992E-2 9.10442E-2
-9999 -9999 -9999 -9999 -9999 -9999 -9999 -9999 -9999 -9999 -9999 -9999 -9999 -9999 -9999 -9999 -9999 -9999 -9999 -9999 -9999 -9999 -9999 -9999 -9999 -9999 -9999 -9999 -9999 -9999 -9999 -9999 5.91023E-1 5.77663E-1 5.83862E-1 5.65235E-1 5.54382E-1 5.35313E-1 5.35681E-1 4.67664E-1 5.12258E-1 5.1036E-1 4.90499E-1 5.07197E-1 4.48739E-1 3.73702E-1 3.23768E-1 3.8584E-1 3.66804E-1 3.73938E-1 3.17651E-1 3.92269E-1 2.36838E-1 2.21097E-1 2.451E-1 1.94913E-1 2.58195E-1 2.33974E-1 2.25935E-1 2.66646E-1 3.3599E-1 3.45496E-1 2.65775E-1 2.02685E-1 1.07687E-1 6.73073E-2 7.18154E-2 7.36584E-2 7.32784E-2 6.03702E-2 6.3306E-2 6.21152E-2
-9999 -9999 -9999 -9999 -9999 -9999 -9999 -9999 -9999 -9999 -9999 -9999 -9999 -9999 -9999 -9999 -9999 -9999 -9999 -9999 -9999 -9999 -9999 -9999 -9999 -9999 -9999 -9999 -9999 -9999 -9999 -9999 6.27186E-1 6.24788E-1 6.06019E-1 5.94999E-1 5.92145E-1 5.69574E-1 5.53396E-1 5.3238E-1 5.39958E-1 5.28772E-1 5.26153E-1 5.17801E-1 5.09882E-1 4.57445E-1 4.28934E-1 4.47825E-1 4.42303E-1 4.30849E-1 3.97053E-1 2.37632E-1 3.22369E-1 2.39048E-1 2.0956E-1 1.85541E-1 2.57802E-1 2.80646E-1 2.24568E-1 2.69507E-1 3.4842E-1 3.49877E-1 2.92426E-1 2.31427E-1 1.51909E-1 7.10785E-2 6.49005E-2 6.39343E-2 6.38779E-2 5.03484E-2 5.34126E-2 4.87932E-2
-9999 -9999 -9999 -9999 -9999 -9999 -9999 -9999 -9999 -9999 -9999 -9999 -9999 -9999 -9999 -9999 -9999 -9999 -9999 -9999 -9999 -9999 -9999 -9999 -9999 -9999 -9999 -9999 -9999 -9999 -9999 -9999 -9999 -9999 -9999 -9999 -9999 -9999 -9999 5.65205E-1 5.616E-1 5.49895E-1 5.24673E-1 5.1553E-1 4.93349E-1 4.90846E-1 4.86215E-1 4.59746E-1 4.48996E-1 4.58668E-1 3.49284E-1 2.77537E-1 2.48086E-1 2.22776E-1 1.86784E-1 1.9235E-1 2.6453E-1 3.51873E-1 2.20982E-1 3.01773E-1 3.51565E-1 3.50332E-1 3.15177E-1 2.64618E-1 1.38777E-1 7.91108E-2 9.04908E-2 5.5627E-2 4.79414E-2 5.58396E-2 4.38126E-2 4.76673E-2
-9999 -9999 -9999 -9999 -9999 -9999 -9999 -9999 -9999 -9999 -9999 -9999 -9999 -9999 -9999 -9999 -9999 -9999 -9999 -9999 -9999 -9999 -9999 -9999 -9999 -9999 -9999 -9999 -9999 -9999 -9999 -9999 -9999 -9999 -9999 -9999 -9999 -9999 -9999 -9999 -9999 -9999 4.84375E-1 5.08116E-1 5.07276E-1 5.07329E-1 5.01269E-1 4.97197E-1 4.73528E-1 3.41445E-1 2.75645E-1 2.65558E-1 2.18544E-1 1.95162E-1 1.86507E-1 1.92732E-1 2.92905E-1 3.75177E-1 2.82838E-1 3.03004E-1 3.57207E-1 3.19858E-1 2.59202E-1 2.50297E-1 1.45077E-1 1.06186E-1 8.70492E-2 7.96774E-2 6.23652E-2 7.84224E-2 4.80213E-2 5.28356E-2
-9999 -9999 -9999 -9999 -9999 -9999 -9999 -9999 -9999 -9999 -9999 -9999 -9999 -9999 -9999 -9999 -9999 -9999 -9999 -9999 -9999 -9999 -9999 -9999 -9999 -9999 -9999 -9999 -9999 -9999 -9999 -9999 -9999 -9999 -9999 -9999 -9999 -9999 -9999 -9999 -9999 -9999 -9999 4.93828E-1 5.44512E-1 5.33481E-1 5.32025E-1 5.08758E-1 4.28829E-1 2.9715E-1 2.61351E-1 2.4558E-1 2.11347E-1 2.00813E-1 1.9236E-1 1.99968E-1 3.3188E-1 3.78771E-1 3.48312E-1 3.5822E-1 3.59517E-1 2.64059E-1 2.16921E-1 2.3963E-1 2.07157E-1 1.66015E-1 1.53611E-1 8.75858E-2 7.50071E-2 8.78581E-2 5.31477E-2 4.68936E-2
-9999 -9999 -9999 -9999 -9999 -9999 -9999 -9999 -9999 -9999 -9999 -9999 -9999 -9999 -9999 -9999 -9999 -9999 -9999 -9999 -9999 -9999 -9999 -9999 -9999 -9999 -9999 -9999 -9999 -9999 -9999 -9999 -9999 -9999 -9999 -9999 -9999 -9999 -9999 -9999 -9999 -9999 -9999 -9999 -9999 -9999 -9999 -9999 3.92652E-1 2.73454E-1 2.39967E-1 2.38022E-1 2.09077E-1 2.04154E-1 2.10614E-1 2.05946E-1 2.9077E-1 2.96095E-1 3.76852E-1 3.12746E-1 3.26715E-1 2.45493E-1 1.59944E-1 2.07546E-1 1.81782E-1 1.16463E-1 1.51656E-1 9.99925E-2 1.1382E-1 9.33957E-2 6.2566E-2 3.91774E-2
-9999 -9999 -9999 -9999 -9999 -9999 -9999 -9999 -9999 -9999 -9999 -9999 -9999 -9999 -9999 -9999 -9999 -9999 -9999 -9999 -9999 -9999 -9999 -9999 -9999 -9999 -9999 -9999 -9999 -9999 -9999 -9999 -9999 -9999 -9999 -9999 -9999 -9999 -9999 -9999 -9999 -9999 -9999 -9999 -9999 -9999 -9999 -9999 -9999 2.82435E-1 2.47797E-1 2.43802E-1 2.32933E-1 2.24956E-1 2.31338E-1 2.47979E-1 2.9509E-1 3.81103E-1 3.9542E-1 2.9631E-1 2.87737E-1 2.24943E-1 1.6691E-1 1.63444E-1 1.78364E-1 1.23224E-1 1.06564E-1 1.20748E-1 1.00289E-1 7.45693E-2 5.71749E-2 4.72663E-2
-9999 -9999 -9999 -9999 -9999 -9999 -9999 -9999 -9999 -9999 -9999 -9999 -9999 -9999 -9999 -9999 -9999 -9999 -9999 -9999 -9999 -9999 -9999 -9999 -9999 -9999 -9999 -9999 -9999 -9999 -9999 -9999 -9999 -9999 -9999 -9999 -9999 -9999 -9999 -9999 -9999 -9999 -9999 -9999 -9999 -9999 -9999 -9999 -9999 -9999 2.60447E-1 2.47875E-1 2.42819E-1 2.44778E-1 2.88752E-1 2.81786E-1 3.17387E-1 4.04541E-1 4.1637E-1 3.34575E-1 2.9737E-1 2.49933E-1 2.0323E-1 2.09443E-1 2.19574E-1 1.54056E-1 8.7106E-2 7.9631E-2 7.73426E-2 6.31112E-2 7.65024E-2 5.95238E-2
-9999 -9999 -9999 -9999 -9999 -9999 -9999 -9999 -9999 -9999 -9999 -9999 -9999 -9999 -9999 -9999 -9999 -9999 -9999 -9999 -9999 -9999 -9999 -9999 -9999 -9999 -9999 -9999 -9999 -9999 -9999 -9999 -9999 -9999 -9999 -9999 -9999 -9999 -9999 -9999 -9999 -9999 -9999 -9999 -9999 -9999 -9999 -9999 -9999 -9999 2.65482E-1 2.55396E-1 2.68294E-1 2.83046E-1 3.54659E-1 3.38215E-1 3.69106E-1 4.15679E-1 4.29431E-1 3.64761E-1 3.21941E-1 2.67311E-1 2.7798E-1 2.94974E-1 2.17827E-1 1.20911E-1 7.37444E-2 1.08282E-1 9.18252E-2 6.62496E-2 9.9237E-2 7.48459E-2
-9999 -9999 -9999 -9999 -9999 -9999 -9999 -9999 -9999 -9999 -9999 -9999 -9999 -9999 -9999 -9999 -9999 -9999 -9999 -9999 -9999 -9999 -9999 -9999 -9999 -9999 -9999 -9999 -9999 -9999 -9999 -9999 -9999 -9999 -9999 -9999 -9999 -9999 -9999 -9999 -9999 -9999 -9999 -9999 -9999 -9999 -9999 -9999 -9999 -9999 -9999 -9999 2.96347E-1 3.4353E-1 4.39294E-1 3.71632E-1 4.08379E-1 4.51564E-1 4.39985E-1 4.10487E-1 3.6492E-1 3.2856E-1 3.2162E-1 2.97157E-1 2.33686E-1 1.47115E-1 1.15663E-1 1.54365E-1 1.21327E-1 8.17922E-2 1.13153E-1 1.0186E-1
