Artocarpus altilis SDM files/Last interglacial/results (with bias file)/Artalt_2.asc
ncols         1201
nrows         481
xllcorner     119.99986351115
yllcorner     -15.00013864885
cellsize      0.041666667
NODATA_value  -9999
[rows 416 to 447 of 481, columns 216 to 287 of 1201]
-9999 -9999 -9999 -9999 -9999 -9999 -9999 -9999 -9999 -9999 -9999 -9999 -9999 -9999 -9999 -9999 -9999 -9999 -9999 -9999 -9999 -9999 -9999 -9999 -9999 -9999 -9999 -9999 -9999 -9999 -9999 -9999 -9999 -9999 -9999 -9999 -9999 -9999 -9999 -9999 -9999 -9999 -9999 -9999 -9999 -9999 -9999 -9999 2.58949E-1 2.56725E-1 2.45275E-1 2.4622E-1 2.36886E-1 2.30246E-1 2.26189E-1 2.17991E-1 2.13346E-1 2.14003E-1 2.08902E-1 2.16148E-1 2.05459E-1 2.09067E-1 2.0741E-1 2.09894E-1 2.09499E-1 2.08778E-1 2.04944E-1 1.98199E-1 1.98571E-1 2.05878E-1 1.95445E-1 1.92205E-1
-9999 -9999 -9999 -9999 -9999 -9999 -9999 -9999 -9999 -9999 -9999 -9999 -9999 -9999 -9999 -9999 -9999 -9999 -9999 -9999 -9999 -9999 -9999 -9999 -9999 -9999 -9999 -9999 -9999 -9999 -9999 -9999 -9999 -9999 -9999 -9999 -9999 -9999 -9999 -9999 -9999 -9999 -9999 -9999 2.73088E-1 2.75398E-1 2.61202E-1 2.46193E-1 2.4208E-1 2.48903E-1 2.41938E-1 2.31788E-1 2.32347E-1 2.17041E-1 2.1568E-1 2.08917E-1 2.11507E-1 2.12685E-1 2.06403E-1 2.06355E-1 2.04292E-1 1.9886E-1 1.99336E-1 1.98435E-1 1.9526E-1 1.97784E-1 1.96429E-1 1.929E-1 1.95155E-1 1.93451E-1 1.90294E-1 1.87431E-1
-9999 -9999 -9999 -9999 -9999 -9999 -9999 -9999 -9999 -9999 -9999 -9999 -9999 -9999 -9999 -9999 -9999 -9999 -9999 -9999 -9999 -9999 -9999 -9999 -9999 -9999 -9999 -9999 -9999 -9999 -9999 -9999 -9999 -9999 -9999 -9999 -9999 3.60223E-1 3.5401E-1 3.31597E-1 3.14523E-1 -9999 -9999 2.68927E-1 2.7659E-1 2.61794E-1 2.57569E-1 2.5066E-1 2.41642E-1 2.31943E-1 2.27076E-1 2.25032E-1 2.16444E-1 2.15465E-1 2.11828E-1 2.06948E-1 1.94466E-1 2.04253E-1 2.02623E-1 1.88376E-1 1.94666E-1 1.95513E-1 1.94192E-1 1.98903E-1 1.95952E-1 1.80359E-1 1.84709E-1 1.90728E-1 1.87534E-1 1.93039E-1 1.77185E-1 1.75741E-1
-9999 -9999 -9999 -9999 -9999 -9999 -9999 -9999 -9999 -9999 -9999 -9999 -9999 -9999 -9999 -9999 -9999 -9999 -9999 -9999 -9999 -9999 -9999 -9999 -9999 -9999 -9999 -9999 -9999 -9999 -9999 -9999 -9999 -9999 -9999 -9999 -9999 3.54392E-1 3.4866E-1 3.24942E-1 3.11827E-1 2.99005E-1 2.78346E-1 2.66735E-1 2.51383E-1 2.52721E-1 2.36743E-1 2.3741E-1 2.23061E-1 2.20369E-1 2.11139E-1 2.08851E-1 2.09463E-1 2.06853E-1 2.01319E-1 1.9882E-1 1.9108E-1 1.88946E-1 1.84615E-1 1.89024E-1 1.89568E-1 1.86905E-1 1.79574E-1 1.76035E-1 1.76129E-1 1.74687E-1 1.83454E-1 1.83404E-1 1.83694E-1 1.79513E-1 1.81672E-1 1.78968E-1
-9999 -9999 -9999 -9999 -9999 -9999 -9999 -9999 -9999 -9999 -9999 -9999 -9999 -9999 -9999 -9999 -9999 -9999 -9999 -9999 -9999 -9999 -9999 -9999 -9999 -9999 -9999 -9999 -9999 -9999 -9999 -9999 -9999 -9999 -9999 -9999 -9999 -9999 3.23979E-1 3.15662E-1 3.02978E-1 2.81899E-1 2.6722E-1 2.47673E-1 2.46941E-1 2.38539E-1 2.32951E-1 2.28397E-1 2.29472E-1 2.221E-1 2.15503E-1 2.02083E-1 2.05727E-1 1.89233E-1 1.84969E-1 1.88095E-1 1.79093E-1 1.82809E-1 1.80651E-1 1.79253E-1 1.77743E-1 1.81677E-1 1.7467E-1 1.74013E-1 1.69546E-1 1.77194E-1 1.77972E-1 1.73701E-1 1.75073E-1 1.78328E-1 1.68713E-1 1.68712E-1
-9999 -9999 -9999 -9999 -9999 -9999 -9999 -9999 -9999 -9999 -9999 -9999 -9999 -9999 -9999 -9999 -9999 -9999 -9999 -9999 -9999 -9999 -9999 -9999 -9999 -9999 -9999 -9999 -9999 -9999 -9999 -9999 -9999 -9999 3.74777E-1 -9999 -9999 3.0346E-1 3.0381E-1 2.94624E-1 2.85602E-1 2.70064E-1 2.54665E-1 -9999 2.27876E-1 2.13051E-1 2.15634E-1 2.16371E-1 2.21882E-1 2.06413E-1 2.03818E-1 2.00427E-1 1.99025E-1 1.83596E-1 1.89752E-1 1.79524E-1 1.78219E-1 1.76941E-1 1.70788E-1 1.78099E-1 1.80224E-1 1.68972E-1 1.69851E-1 1.66343E-1 1.64953E-1 1.74143E-1 1.70677E-1 1.6777E-1 1.72466E-1 1.66896E-1 1.65626E-1 1.57102E-1
-9999 -9999 -9999 -9999 -9999 -9999 -9999 -9999 -9999 -9999 -9999 -9999 -9999 -9999 -9999 -9999 -9999 -9999 -9999 -9999 -9999 -9999 -9999 -9999 -9999 -9999 -9999 -9999 -9999 -9999 -9999 -9999 -9999 3.59056E-1 3.48725E-1 -9999 3.24297E-1 3.04384E-1 3.01128E-1 2.83861E-1 2.70695E-1 2.67353E-1 2.52278E-1 2.36447E-1 2.2689E-1 2.14029E-1 2.14795E-1 2.02966E-1 2.01427E-1 1.98424E-1 1.93174E-1 1.92258E-1 1.95865E-1 1.81681E-1 1.81891E-1 1.699E-1 1.73048E-1 1.71086E-1 1.69947E-1 1.66975E-1 1.68684E-1 1.73903E-1 1.71772E-1 1.65154E-1 1.61052E-1 1.62449E-1 1.62199E-1 1.66059E-1 1.67244E-1 1.63582E-1 1.64745E-1 1.53101E-1
-9999 -9999 -9999 -9999 -9999 -9999 -9999 -9999 -9999 -9999 -9999 -9999 -9999 -9999 -9999 -9999 -9999 -9999 -9999 -9999 -9999 -9999 -9999 -9999 -9999 -9999 -9999 -9999 -9999 -9999 -9999 -9999 -9999 3.49637E-1 3.47217E-1 3.24802E-1 3.15722E-1 2.95286E-1 2.79172E-1 2.71039E-1 2.54658E-1 2.53904E-1 2.40058E-1 2.28859E-1 2.11943E-1 2.02552E-1 1.97237E-1 2.02075E-1 1.91163E-1 1.93224E-1 1.88894E-1 1.9129E-1 1.83555E-1 1.75797E-1 1.7111E-1 1.6717E-1 1.69444E-1 1.65308E-1 1.62665E-1 1.59728E-1 1.65026E-1 1.66092E-1 1.66899E-1 1.64961E-1 1.56245E-1 1.62313E-1 1.51137E-1 1.579E-1 1.56724E-1 1.5538E-1 1.56715E-1 1.56632E-1
-9999 -9999 -9999 -9999 -9999 -9999 -9999 -9999 -9999 -9999 -9999 -9999 -9999 -9999 -9999 -9999 -9999 -9999 -9999 -9999 -9999 -9999 -9999 -9999 -9999 -9999 -9999 -9999 -9999 -9999 -9999 -9999 3.57295E-1 3.39127E-1 3.23792E-1 3.04438E-1 2.96107E-1 2.8053E-1 2.67527E-1 2.58702E-1 2.49771E-1 2.35621E-1 2.26061E-1 2.13955E-1 2.1092E-1 1.9549E-1 1.88931E-1 1.89053E-1 1.81688E-1 1.89105E-1 1.86318E-1 1.78727E-1 1.75425E-1 1.73977E-1 1.73298E-1 1.66926E-1 1.67864E-1 1.62088E-1 1.61458E-1 1.57947E-1 1.61782E-1 1.58232E-1 1.58704E-1 1.51903E-1 1.54303E-1 1.54833E-1 1.54235E-1 1.52745E-1 1.56076E-1 1.51887E-1 1.56844E-1 1.51076E-1
-9999 -9999 -9999 -9999 -9999 -9999 -9999 -9999 -9999 -9999 -9999 -9999 -9999 -9999 -9999 -9999 -9999 -9999 -9999 -9999 -9999 -9999 -9999 -9999 -9999 -9999 -9999 -9999 -9999 -9999 -9999 -9999 3.43905E-1 3.31767E-1 3.16555E-1 2.93557E-1 2.79964E-1 2.60226E-1 2.49566E-1 2.44365E-1 2.40112E-1 2.29644E-1 2.16122E-1 2.11984E-1 2.01852E-1 1.96239E-1 1.91131E-1 1.77103E-1 1.82544E-1 1.84038E-1 1.74391E-1 1.78322E-1 1.75349E-1 1.65655E-1 1.64291E-1 1.55356E-1 1.58779E-1 1.55314E-1 1.50595E-1 1.53039E-1 1.57109E-1 1.5873E-1 1.58767E-1 1.52137E-1 1.40845E-1 1.49244E-1 1.46482E-1 1.46371E-1 1.5452E-1 1.49767E-1 1.54869E-1 1.53184E-1
-9999 -9999 -9999 -9999 -9999 -9999 -9999 -9999 -9999 -9999 -9999 -9999 -9999 -9999 -9999 -9999 -9999 -9999 -9999 -9999 -9999 -9999 -9999 -9999 -9999 -9999 -9999 -9999 -9999 -9999 -9999 -9999 3.36237E-1 3.21939E-1 3.07181E-1 2.92586E-1 2.77366E-1 2.57012E-1 2.31249E-1 2.25314E-1 2.20757E-1 2.17882E-1 2.12674E-1 2.02026E-1 1.91115E-1 1.87353E-1 1.87095E-1 1.80046E-1 1.80804E-1 1.78487E-1 1.75397E-1 1.65418E-1 1.62482E-1 1.62454E-1 1.52833E-1 1.55836E-1 1.53798E-1 1.48616E-1 1.55515E-1 1.489E-1 1.50436E-1 1.4956E-1 1.45136E-1 1.49923E-1 1.40789E-1 1.3998E-1 1.44444E-1 1.52227E-1 1.53633E-1 1.54934E-1 1.50864E-1 1.5077E-1
-9999 -9999 -9999 -9999 -9999 -9999 -9999 -9999 -9999 -9999 -9999 -9999 -9999 -9999 -9999 -9999 -9999 -9999 -9999 -9999 -9999 -9999 -9999 -9999 -9999 -9999 -9999 -9999 -9999 -9999 -9999 -9999 3.15998E-1 3.07378E-1 2.93991E-1 2.88938E-1 2.55514E-1 2.42579E-1 2.40558E-1 2.21539E-1 2.19179E-1 2.0816E-1 2.00844E-1 1.95517E-1 1.85666E-1 1.82109E-1 1.82807E-1 1.75132E-1 1.66595E-1 1.59756E-1 1.65458E-1 1.63529E-1 1.60947E-1 1.61694E-1 1.52106E-1 1.55651E-1 1.52803E-1 1.47415E-1 1.52436E-1 1.47957E-1 1.49363E-1 1.4715E-1 1.43296E-1 1.36092E-1 1.43085E-1 1.44881E-1 1.40501E-1 1.4179E-1 1.52368E-1 1.43846E-1 1.48914E-1 1.41375E-1
-9999 -9999 -9999 -9999 -9999 -9999 -9999 -9999 -9999 -9999 -9999 -9999 -9999 -9999 -9999 -9999 -9999 -9999 -9999 -9999 -9999 -9999 -9999 -9999 -9999 -9999 -9999 -9999 -9999 -9999 -9999 -9999 3.06716E-1 2.9473E-1 2.77571E-1 2.69851E-1 2.50099E-1 2.40211E-1 2.25913E-1 2.15484E-1 2.03577E-1 2.04877E-1 1.95825E-1 1.96967E-1 1.85907E-1 1.84251E-1 1.7484E-1 1.68172E-1 1.6444E-1 1.67263E-1 1.65335E-1 1.6135E-1 1.5848E-1 1.54224E-1 1.50888E-1 1.48139E-1 1.4809E-1 1.49477E-1 1.49048E-1 1.51917E-1 1.43427E-1 1.4517E-1 1.42599E-1 1.43665E-1 1.3613E-1 1.39974E-1 1.47676E-1 1.40123E-1 1.41611E-1 1.4276E-1 1.41986E-1 1.40768E-1
-9999 -9999 -9999 -9999 -9999 -9999 -9999 -9999 -9999 -9999 -9999 -9999 -9999 -9999 -9999 -9999 -9999 -9999 -9999 -9999 -9999 -9999 -9999 -9999 -9999 -9999 -9999 -9999 -9999 -9999 -9999 -9999 3.03856E-1 2.86401E-1 2.66798E-1 2.56789E-1 2.45641E-1 2.31007E-1 2.09593E-1 1.99951E-1 1.99809E-1 1.95018E-1 1.88467E-1 1.88389E-1 1.83179E-1 1.70837E-1 1.70442E-1 1.66669E-1 1.63546E-1 1.68154E-1 1.70243E-1 1.64703E-1 1.51882E-1 1.4591E-1 1.43262E-1 1.39478E-1 1.43913E-1 1.43867E-1 1.42374E-1 1.50818E-1 1.45347E-1 1.42186E-1 1.41705E-1 1.39006E-1 1.32051E-1 1.3737E-1 1.38443E-1 1.39665E-1 1.44477E-1 1.44597E-1 1.41958E-1 1.43935E-1
-9999 -9999 -9999 -9999 -9999 -9999 -9999 -9999 -9999 -9999 -9999 -9999 -9999 -9999 -9999 -9999 -9999 -9999 -9999 -9999 -9999 -9999 -9999 -9999 -9999 -9999 -9999 -9999 -9999 -9999 -9999 2.93538E-1 2.80292E-1 2.78194E-1 2.54151E-1 2.43215E-1 2.29165E-1 2.1843E-1 2.07462E-1 2.03034E-1 1.8709E-1 1.83063E-1 1.78671E-1 1.78743E-1 1.77896E-1 1.69143E-1 1.64375E-1 1.66363E-1 1.6101E-1 1.61707E-1 1.58307E-1 1.50796E-1 1.40999E-1 1.50573E-1 1.41597E-1 1.44589E-1 1.38409E-1 1.42597E-1 1.40993E-1 1.47812E-1 1.43733E-1 1.37418E-1 1.40707E-1 1.35366E-1 1.36186E-1 1.3773E-1 1.44018E-1 1.41433E-1 1.39889E-1 1.39895E-1 1.43391E-1 1.39414E-1
-9999 -9999 -9999 -9999 -9999 -9999 -9999 -9999 -9999 -9999 -9999 -9999 -9999 -9999 -9999 -9999 -9999 -9999 -9999 -9999 -9999 -9999 -9999 -9999 -9999 -9999 -9999 3.91025E-1 3.61603E-1 3.455E-1 3.09458E-1 2.9039E-1 2.80426E-1 2.55892E-1 2.4839E-1 2.3802E-1 2.16844E-1 2.05156E-1 2.02937E-1 1.90086E-1 1.83442E-1 1.83232E-1 1.76277E-1 1.7191E-1 1.61964E-1 1.67493E-1 1.64534E-1 1.66372E-1 1.66988E-1 1.6034E-1 1.56521E-1 1.57089E-1 1.46184E-1 1.45778E-1 1.35727E-1 1.37674E-1 1.36349E-1 1.39877E-1 1.43432E-1 1.38369E-1 1.40809E-1 1.41847E-1 1.38869E-1 1.34307E-1 1.32825E-1 1.34768E-1 1.3525E-1 1.40908E-1 1.45079E-1 1.41686E-1 1.33919E-1 1.38691E-1
-9999 -9999 -9999 -9999 -9999 -9999 -9999 -9999 -9999 -9999 -9999 -9999 -9999 -9999 -9999 -9999 -9999 -9999 -9999 -9999 -9999 -9999 -9999 -9999 -9999 -9999 -9999 3.82463E-1 3.7475E-1 3.44055E-1 3.05084E-1 2.84426E-1 2.64483E-1 2.47325E-1 2.30919E-1 2.19031E-1 2.04918E-1 1.99873E-1 1.88567E-1 1.83734E-1 1.77827E-1 1.68841E-1 1.72591E-1 1.63329E-1 1.58461E-1 1.62489E-1 1.57619E-1 1.60946E-1 1.60179E-1 1.59408E-1 1.52517E-1 1.5202E-1 1.45259E-1 1.41177E-1 1.36141E-1 1.33953E-1 1.38527E-1 1.35014E-1 1.39843E-1 1.41512E-1 1.37656E-1 1.40245E-1 1.33786E-1 1.33805E-1 1.30997E-1 1.34247E-1 1.3378E-1 1.38398E-1 1.4242E-1 1.42622E-1 1.4204E-1 1.33379E-1
-9999 -9999 -9999 -9999 -9999 -9999 -9999 -9999 -9999 -9999 -9999 -9999 -9999 -9999 -9999 -9999 -9999 -9999 -9999 -9999 -9999 -9999 -9999 -9999 -9999 -9999 -9999 3.67465E-1 3.45811E-1 3.25138E-1 3.0529E-1 2.75251E-1 2.59325E-1 2.50533E-1 2.36445E-1 2.13615E-1 2.03693E-1 1.91423E-1 1.9031E-1 1.85024E-1 1.79717E-1 1.75054E-1 1.68643E-1 1.57689E-1 1.61628E-1 1.60399E-1 1.53731E-1 1.55389E-1 1.59893E-1 1.54575E-1 1.55357E-1 1.43803E-1 1.47721E-1 1.37883E-1 1.36249E-1 1.34553E-1 1.35415E-1 1.34934E-1 1.32461E-1 1.35636E-1 1.39001E-1 1.32047E-1 1.28155E-1 1.31209E-1 1.30969E-1 1.31077E-1 1.30149E-1 1.37406E-1 1.45176E-1 1.39922E-1 1.34017E-1 1.31115E-1
-9999 -9999 -9999 -9999 -9999 -9999 -9999 -9999 -9999 -9999 -9999 -9999 -9999 -9999 -9999 -9999 -9999 -9999 -9999 -9999 -9999 -9999 -9999 -9999 -9999 -9999 3.60375E-1 3.71808E-1 3.39383E-1 3.28961E-1 3.01866E-1 2.68614E-1 2.5381E-1 2.40018E-1 2.20407E-1 2.02955E-1 1.95489E-1 1.93419E-1 1.85356E-1 1.77841E-1 1.79256E-1 1.80587E-1 1.58335E-1 1.61402E-1 1.61284E-1 1.54462E-1 1.63088E-1 1.5925E-1 1.62971E-1 1.5757E-1 1.51123E-1 1.42419E-1 1.38457E-1 1.36697E-1 1.31897E-1 1.34196E-1 1.32092E-1 1.29102E-1 1.29641E-1 1.32119E-1 1.29589E-1 1.34887E-1 1.32171E-1 1.28988E-1 1.29506E-1 1.28068E-1 1.30919E-1 1.29787E-1 1.31381E-1 1.36076E-1 1.34727E-1 1.3321E-1
-9999 -9999 -9999 -9999 -9999 -9999 -9999 -9999 -9999 -9999 -9999 -9999 -9999 -9999 -9999 -9999 -9999 -9999 -9999 -9999 -9999 -9999 -9999 -9999 4.50953E-1 -9999 3.62569E-1 3.57721E-1 3.42387E-1 3.20982E-1 2.99602E-1 2.72835E-1 2.41697E-1 2.36213E-1 2.19747E-1 2.07482E-1 2.00283E-1 1.8418E-1 1.80304E-1 1.72166E-1 1.84889E-1 1.89544E-1 1.75104E-1 1.58835E-1 1.56573E-1 1.63724E-1 1.57552E-1 1.53651E-1 1.57383E-1 1.52773E-1 1.55856E-1 1.41699E-1 1.35121E-1 1.32403E-1 1.29556E-1 1.33709E-1 1.33374E-1 1.26361E-1 1.29297E-1 1.35751E-1 1.32226E-1 1.31144E-1 1.313E-1 1.30667E-1 1.32149E-1 1.32963E-1 1.29729E-1 1.25114E-1 1.28275E-1 1.33451E-1 1.34523E-1 1.31178E-1
-9999 -9999 -9999 -9999 -9999 -9999 -9999 -9999 -9999 -9999 -9999 -9999 -9999 -9999 -9999 -9999 -9999 -9999 -9999 -9999 -9999 -9999 -9999 -9999 4.35381E-1 3.98387E-1 3.62146E-1 3.52835E-1 3.35258E-1 3.0925E-1 2.69987E-1 2.56096E-1 2.35934E-1 2.26373E-1 2.07991E-1 1.98277E-1 1.9092E-1 1.78624E-1 1.73327E-1 1.67343E-1 1.80386E-1 1.87632E-1 1.89213E-1 1.84323E-1 1.68567E-1 1.62735E-1 1.58918E-1 1.56188E-1 1.55852E-1 1.55485E-1 1.4191E-1 1.35178E-1 1.41214E-1 1.33721E-1 1.29177E-1 1.2935E-1 1.25139E-1 1.28412E-1 1.29245E-1 1.27443E-1 1.33205E-1 1.31409E-1 1.30332E-1 1.29167E-1 1.28493E-1 1.25986E-1 1.23907E-1 1.31385E-1 1.24769E-1 1.36231E-1 1.34469E-1 1.32042E-1
-9999 -9999 -9999 -9999 -9999 -9999 -9999 -9999 -9999 -9999 -9999 -9999 -9999 -9999 -9999 -9999 -9999 -9999 -9999 -9999 -9999 -9999 -9999 -9999 4.28883E-1 4.00813E-1 3.59578E-1 3.44305E-1 3.07406E-1 2.89508E-1 2.71965E-1 2.52203E-1 2.30959E-1 2.17151E-1 2.10594E-1 1.86859E-1 1.87912E-1 1.64815E-1 1.65663E-1 1.61578E-1 1.63674E-1 1.81984E-1 1.914E-1 1.93488E-1 1.73514E-1 1.56136E-1 1.541E-1 1.57753E-1 1.5249E-1 1.4386E-1 1.43298E-1 1.33359E-1 1.28854E-1 1.31572E-1 1.37322E-1 1.28423E-1 1.34406E-1 1.27857E-1 1.25474E-1 1.28395E-1 1.31327E-1 1.31019E-1 1.30983E-1 1.31915E-1 1.24757E-1 1.24069E-1 1.35463E-1 1.29938E-1 1.25853E-1 1.27921E-1 1.29326E-1 1.32168E-1
-9999 -9999 -9999 -9999 -9999 -9999 -9999 -9999 -9999 -9999 -9999 -9999 -9999 -9999 -9999 -9999 -9999 -9999 -9999 -9999 -9999 -9999 -9999 -9999 -9999 3.7424E-1 3.61511E-1 -9999 2.9669E-1 2.82622E-1 2.64299E-1 2.40382E-1 2.28786E-1 2.1257E-1 2.00177E-1 1.8064E-1 1.71712E-1 1.63714E-1 1.61609E-1 1.5892E-1 1.51558E-1 1.64069E-1 1.7975E-1 1.85576E-1 1.7369E-1 1.61249E-1 1.60651E-1 1.5996E-1 1.4679E-1 1.42716E-1 1.43841E-1 1.37379E-1 1.32899E-1 1.34449E-1 1.32431E-1 1.32624E-1 1.32752E-1 1.27006E-1 1.28665E-1 1.30545E-1 1.27361E-1 1.31933E-1 1.31338E-1 1.26987E-1 1.26654E-1 1.33187E-1 1.3165E-1 1.29159E-1 1.3303E-1 1.32018E-1 1.296E-1 1.31946E-1
-9999 -9999 -9999 -9999 -9999 -9999 -9999 -9999 -9999 -9999 -9999 -9999 -9999 -9999 -9999 -9999 -9999 -9999 -9999 -9999 -9999 -9999 -9999 -9999 -9999 -9999 -9999 -9999 -9999 2.68041E-1 2.5241E-1 2.3718E-1 2.26885E-1 1.97874E-1 1.87354E-1 1.84886E-1 1.70973E-1 1.65289E-1 1.64829E-1 1.53457E-1 1.51343E-1 1.41776E-1 1.56638E-1 1.60053E-1 1.61405E-1 1.64376E-1 1.52695E-1 1.53096E-1 1.40585E-1 1.40573E-1 1.39686E-1 1.31814E-1 1.30617E-1 1.29192E-1 1.31646E-1 1.29759E-1 1.33331E-1 1.33554E-1 1.23917E-1 1.31192E-1 1.31324E-1 1.28194E-1 1.30572E-1 1.27195E-1 1.26858E-1 1.34375E-1 1.31536E-1 1.30255E-1 1.32532E-1 1.29495E-1 1.34081E-1 1.37534E-1
-9999 -9999 -9999 -9999 -9999 -9999 -9999 -9999 -9999 -9999 -9999 -9999 -9999 -9999 -9999 -9999 -9999 -9999 -9999 -9999 -9999 -9999 -9999 -9999 -9999 -9999 -9999 -9999 -9999 -9999 2.48817E-1 2.30215E-1 2.2091E-1 1.98303E-1 1.86447E-1 1.80538E-1 1.68037E-1 1.63893E-1 1.55152E-1 1.46271E-1 1.47473E-1 1.3674E-1 1.41491E-1 1.53105E-1 1.58727E-1 1.63346E-1 1.4886E-1 1.47146E-1 1.45487E-1 1.41889E-1 1.47785E-1 1.34861E-1 1.35104E-1 1.30888E-1 1.32993E-1 1.28173E-1 1.26952E-1 1.33382E-1 1.33072E-1 1.33926E-1 1.30575E-1 1.27226E-1 1.26678E-1 1.29925E-1 1.27752E-1 1.29507E-1 1.34918E-1 1.36571E-1 1.37353E-1 1.29705E-1 1.34258E-1 1.36149E-1
-9999 -9999 -9999 -9999 -9999 -9999 -9999 -9999 -9999 -9999 -9999 -9999 -9999 -9999 -9999 -9999 -9999 -9999 -9999 -9999 -9999 -9999 -9999 -9999 -9999 -9999 -9999 -9999 -9999 2.59487E-1 2.39351E-1 2.2529E-1 2.14128E-1 1.9464E-1 1.84947E-1 1.73013E-1 1.63926E-1 1.57275E-1 1.56731E-1 1.53344E-1 1.4928E-1 1.49283E-1 1.48532E-1 1.51289E-1 1.57621E-1 1.50379E-1 1.50065E-1 1.44861E-1 1.3919E-1 1.45337E-1 1.54023E-1 1.35517E-1 1.34091E-1 1.33978E-1 1.23467E-1 1.25065E-1 1.29629E-1 1.31416E-1 1.3406E-1 1.30462E-1 1.34525E-1 1.28318E-1 1.278E-1 1.30803E-1 1.27901E-1 1.28324E-1 1.3403E-1 1.4045E-1 1.35547E-1 1.32282E-1 1.34776E-1 1.30392E-1
-9999 -9999 -9999 -9999 -9999 -9999 -9999 -9999 -9999 -9999 -9999 -9999 -9999 -9999 -9999 -9999 -9999 -9999 -9999 -9999 -9999 -9999 -9999 -9999 -9999 -9999 -9999 -9999 2.71081E-1 2.54154E-1 2.2335E-1 2.14323E-1 1.96221E-1 1.87125E-1 1.7676E-1 1.65477E-1 1.62619E-1 1.62474E-1 1.56319E-1 1.48478E-1 1.47281E-1 1.42253E-1 1.42144E-1 1.5477E-1 1.59126E-1 1.54115E-1 1.46512E-1 1.42759E-1 1.39006E-1 1.44269E-1 1.49852E-1 1.51722E-1 1.34893E-1 1.29178E-1 1.36524E-1 1.35144E-1 1.35366E-1 1.27509E-1 1.31298E-1 1.35616E-1 1.3539E-1 1.40951E-1 1.32171E-1 1.32427E-1 1.27498E-1 1.2758E-1 1.33998E-1 1.4418E-1 1.44816E-1 1.34979E-1 1.32698E-1 1.35812E-1
-9999 -9999 -9999 -9999 -9999 -9999 -9999 -9999 -9999 -9999 -9999 -9999 -9999 -9999 -9999 -9999 -9999 -9999 -9999 -9999 -9999 4.71101E-1 -9999 -9999 -9999 -9999 -9999 2.95926E-1 2.62426E-1 2.41827E-1 2.20724E-1 2.08573E-1 1.93436E-1 1.84102E-1 1.7237E-1 1.5994E-1 1.51586E-1 1.53466E-1 1.55251E-1 1.49959E-1 1.44632E-1 1.42594E-1 1.3437E-1 1.45359E-1 1.53581E-1 1.58667E-1 1.51383E-1 1.43358E-1 1.47046E-1 1.38625E-1 1.4871E-1 1.5776E-1 1.44996E-1 1.41915E-1 1.36268E-1 1.39402E-1 1.28731E-1 1.34975E-1 1.36895E-1 1.4224E-1 1.34628E-1 1.3673E-1 1.36937E-1 1.30533E-1 1.29504E-1 1.33487E-1 1.33981E-1 1.45494E-1 1.37294E-1 1.36289E-1 1.38603E-1 1.37302E-1
-9999 -9999 -9999 -9999 -9999 -9999 -9999 -9999 -9999 -9999 -9999 -9999 -9999 -9999 -9999 -9999 -9999 -9999 -9999 -9999 4.76941E-1 4.59212E-1 -9999 -9999 -9999 3.24208E-1 3.02745E-1 2.88154E-1 2.66655E-1 2.4315E-1 2.16153E-1 2.05152E-1 1.92546E-1 1.86623E-1 1.68629E-1 1.56169E-1 1.58078E-1 1.49904E-1 1.46439E-1 1.42417E-1 1.39922E-1 1.3572E-1 1.30968E-1 1.37225E-1 1.43977E-1 1.55982E-1 1.43155E-1 1.46973E-1 1.48303E-1 1.43575E-1 1.46052E-1 1.53064E-1 1.59775E-1 1.57127E-1 1.47745E-1 1.33356E-1 1.34375E-1 1.35582E-1 1.43935E-1 1.34488E-1 1.39436E-1 1.38093E-1 1.3671E-1 1.34998E-1 1.30093E-1 1.38188E-1 1.37295E-1 1.46456E-1 1.45358E-1 1.37262E-1 1.36314E-1 1.30331E-1
-9999 -9999 -9999 -9999 -9999 -9999 -9999 -9999 -9999 -9999 -9999 -9999 -9999 -9999 -9999 -9999 -9999 -9999 -9999 5.12488E-1 4.85341E-1 4.4572E-1 4.0442E-1 3.69228E-1 3.506E-1 3.14845E-1 2.94573E-1 2.77225E-1 2.60471E-1 2.40379E-1 2.24021E-1 2.09314E-1 1.89608E-1 1.70359E-1 1.64951E-1 1.53469E-1 1.54372E-1 1.48973E-1 1.45934E-1 1.44631E-1 1.32359E-1 1.37782E-1 1.32596E-1 1.35101E-1 1.38463E-1 1.43623E-1 1.43204E-1 1.36894E-1 1.41141E-1 1.44955E-1 1.47859E-1 1.5241E-1 1.46303E-1 1.46764E-1 1.50595E-1 1.35666E-1 1.39387E-1 1.43812E-1 1.40712E-1 1.38364E-1 1.3867E-1 1.37577E-1 1.36649E-1 1.37498E-1 1.35594E-1 1.39046E-1 1.37094E-1 1.408E-1 1.51951E-1 1.47204E-1 1.47868E-1 1.41362E-1
-9999 -9999 -9999 -9999 -9999 -9999 -9999 -9999 -9999 -9999 -9999 -9999 -9999 -9999 -9999 -9999 -9999 -9999 -9999 4.88471E-1 4.69209E-1 4.34286E-1 4.01406E-1 3.67703E-1 3.41213E-1 3.05746E-1 2.93632E-1 2.67935E-1 2.52427E-1 2.36726E-1 2.13235E-1 1.95242E-1 1.89122E-1 1.75493E-1 1.65801E-1 1.55885E-1 1.50782E-1 1.44551E-1 1.38842E-1 1.3479E-1 1.33835E-1 1.34345E-1 1.28891E-1 1.34082E-1 1.35494E-1 1.31009E-1 1.33591E-1 1.3949E-1 1.40648E-1 1.44344E-1 1.4422E-1 1.44891E-1 1.39072E-1 1.38448E-1 1.51139E-1 1.42337E-1 1.395E-1 1.38295E-1 1.45007E-1 1.49787E-1 1.51043E-1 1.43604E-1 1.47219E-1 1.48123E-1 1.50043E-1 1.45057E-1 1.45687E-1 1.46207E-1 1.53566E-1 1.50465E-1 1.47799E-1 1.47742E-1
-9999 -9999 -9999 -9999 -9999 -9999 -9999 -9999 -9999 -9999 -9999 -9999 -9999 -9999 -9999 -9999 -9999 -9999 -9999 4.87174E-1 4.57648E-1 4.21084E-1 4.02602E-1 3.53905E-1 3.26186E-1 3.06954E-1 2.80324E-1 2.60976E-1 2.45596E-1 2.40941E-1 2.1732E-1 1.93661E-1 1.85162E-1 1.73848E-1 1.62752E-1 1.54085E-1 1.46515E-1 1.4184E-1 1.30933E-1 1.29106E-1 1.3087E-1 1.31478E-1 1.32047E-1 1.42232E-1 1.29901E-1 1.34409E-1 1.35735E-1 1.37672E-1 1.34791E-1 1.36088E-1 1.30807E-1 1.32435E-1 1.37044E-1 1.3339E-1 1.39828E-1 1.36905E-1 1.41265E-1 1.34535E-1 1.40276E-1 1.54263E-1 1.52979E-1 1.58731E-1 1.61438E-1 1.60687E-1 1.51131E-1 1.45164E-1 1.45509E-1 1.46289E-1 1.5503E-1 1.53563E-1 1.58547E-1 1.52268E-1
