Artocarpus altilis SDM files/Last interglacial/results (with bias file)/Artalt_5.asc
ncols         1201
nrows         481
xllcorner     119.99986351115
yllcorner     -15.00013864885
cellsize      0.041666667
NODATA_value  -9999
[rows 128 to 159 of 481, columns 288 to 359 of 1201]
-9999 -9999 -9999 -9999 -9999 -9999 -9999 -9999 -9999 -9999 -9999 -9999 -9999 -9999 -9999 -9999 -9999 -9999 -9999 -9999 -9999 -9999 -9999 -9999 -9999 -9999 -9999 -9999 -9999 -9999 -9999 -9999 -9999 -9999 -9999 -9999 -9999 -9999 -9999 -9999 -9999 -9999 -9999 -9999 -9999 -9999 -9999 -9999 -9999 -9999 -9999 -9999 -9999 -9999 -9999 -9999 -9999 -9999 -9999 -9999 -9999 -9999 -9999 -9999 -9999 -9999 -9999 -9999 -9999 -9999 -9999 -9999
-9999 -9999 -9999 5.44908E-1 5.75331E-1 -9999 -9999 -9999 6.35289E-1 6.19516E-1 5.96488E-1 6.0625E-1 6.16388E-1 6.26909E-1 6.1756E-1 6.33444E-1 6.38895E-1 -9999 -9999 -9999 -9999 -9999 -9999 -9999 -9999 -9999 -9999 -9999 -9999 -9999 -9999 -9999 -9999 -9999 -9999 -9999 -9999 -9999 -9999 -9999 -9999 -9999 -9999 -9999 -9999 -9999 -9999 -9999 -9999 -9999 -9999 -9999 -9999 -9999 -9999 -9999 -9999 -9999 -9999 -9999 -9999 -9999 -9999 -9999 -9999 -9999 -9999 -9999 -9999 -9999 -9999 -9999
-9999 -9999 -9999 -9999 6.329E-1 6.27849E-1 5.65425E-1 5.47796E-1 5.19935E-1 4.07424E-1 3.83827E-1 4.37341E-1 4.96035E-1 5.27037E-1 5.16593E-1 5.01009E-1 5.26651E-1 5.14255E-1 5.88977E-1 -9999 -9999 -9999 -9999 -9999 -9999 -9999 -9999 -9999 -9999 -9999 -9999 -9999 -9999 -9999 -9999 -9999 -9999 -9999 -9999 -9999 -9999 -9999 -9999 -9999 -9999 -9999 -9999 -9999 -9999 -9999 -9999 -9999 -9999 -9999 -9999 -9999 -9999 -9999 -9999 -9999 -9999 -9999 -9999 -9999 -9999 -9999 -9999 -9999 -9999 -9999 -9999 -9999
-9999 -9999 -9999 6.14412E-1 6.04958E-1 4.49678E-1 3.98326E-1 4.33087E-1 4.50776E-1 4.37021E-1 4.45853E-1 4.80655E-1 2.56659E-1 3.26188E-1 2.95259E-1 3.38656E-1 3.37944E-1 2.98366E-1 4.64021E-1 5.85438E-1 6.06241E-1 6.28767E-1 6.30935E-1 6.30386E-1 -9999 -9999 -9999 -9999 -9999 -9999 -9999 -9999 -9999 -9999 -9999 -9999 -9999 -9999 -9999 -9999 -9999 -9999 -9999 -9999 -9999 -9999 -9999 -9999 -9999 -9999 -9999 -9999 -9999 -9999 -9999 -9999 -9999 -9999 -9999 -9999 -9999 -9999 -9999 -9999 -9999 -9999 -9999 -9999 -9999 -9999 -9999 -9999
-9999 5.34409E-1 6.15473E-1 5.84276E-1 5.79472E-1 5.71276E-1 5.57201E-1 5.00228E-1 4.45527E-1 4.47452E-1 5.1973E-1 4.44055E-1 2.13906E-1 1.78545E-1 1.62414E-1 1.56582E-1 1.27578E-1 2.15772E-1 4.89103E-1 5.24089E-1 4.80497E-1 4.74263E-1 5.55131E-1 6.09672E-1 6.16255E-1 -9999 -9999 -9999 -9999 -9999 -9999 -9999 -9999 -9999 -9999 -9999 -9999 -9999 -9999 -9999 -9999 -9999 -9999 -9999 -9999 -9999 -9999 -9999 -9999 -9999 -9999 -9999 -9999 -9999 -9999 -9999 -9999 -9999 -9999 -9999 -9999 -9999 -9999 -9999 -9999 -9999 -9999 -9999 -9999 -9999 -9999 -9999
-9999 5.87881E-1 5.12039E-1 4.50337E-1 4.76077E-1 4.86054E-1 4.60549E-1 4.11712E-1 3.61727E-1 3.45011E-1 4.03198E-1 4.02001E-1 4.08478E-1 3.99932E-1 3.76989E-1 3.40463E-1 2.71255E-1 2.90086E-1 3.34449E-1 4.15589E-1 3.5103E-1 4.54403E-1 4.40212E-1 4.15086E-1 5.68386E-1 6.0646E-1 6.28266E-1 -9999 -9999 -9999 -9999 -9999 -9999 -9999 -9999 -9999 -9999 -9999 -9999 -9999 -9999 -9999 -9999 -9999 -9999 -9999 -9999 -9999 -9999 -9999 -9999 -9999 -9999 -9999 -9999 -9999 -9999 -9999 -9999 -9999 -9999 -9999 -9999 -9999 -9999 -9999 -9999 -9999 -9999 -9999 -9999 -9999
5.17944E-1 5.25233E-1 3.72778E-1 2.78105E-1 3.31521E-1 3.27756E-1 2.96457E-1 2.6044E-1 2.35353E-1 2.48542E-1 3.06838E-1 3.03467E-1 3.30025E-1 3.15628E-1 3.20869E-1 2.45652E-1 2.66085E-1 2.04107E-1 2.54309E-1 2.44022E-1 2.43548E-1 3.02645E-1 2.83547E-1 2.62043E-1 3.87775E-1 4.68535E-1 5.42594E-1 6.00577E-1 6.32732E-1 -9999 -9999 -9999 -9999 -9999 -9999 -9999 -9999 -9999 -9999 -9999 -9999 -9999 -9999 -9999 -9999 -9999 -9999 -9999 -9999 -9999 -9999 -9999 -9999 -9999 -9999 -9999 -9999 -9999 -9999 -9999 -9999 -9999 -9999 -9999 -9999 -9999 -9999 -9999 -9999 -9999 -9999 -9999
2.7274E-1 3.43906E-1 3.26769E-1 2.02037E-1 1.27871E-1 1.38045E-1 1.41916E-1 2.05725E-1 1.34643E-1 1.66965E-1 2.32228E-1 1.92693E-1 2.73555E-1 2.46967E-1 1.80086E-1 3.11002E-1 2.44576E-1 2.09167E-1 1.65862E-1 1.61734E-1 1.88221E-1 1.76889E-1 1.67754E-1 1.91192E-1 2.16858E-1 2.94857E-1 4.17752E-1 5.30573E-1 5.54175E-1 6.2297E-1 6.33273E-1 -9999 -9999 -9999 -9999 -9999 -9999 -9999 -9999 -9999 -9999 -9999 -9999 -9999 -9999 -9999 -9999 -9999 -9999 -9999 -9999 -9999 -9999 -9999 -9999 -9999 -9999 -9999 -9999 -9999 -9999 -9999 -9999 -9999 -9999 -9999 -9999 -9999 -9999 -9999 -9999 -9999
2.3642E-1 1.81922E-1 2.05188E-1 1.55451E-1 1.25579E-1 8.46935E-2 7.34995E-2 6.79442E-2 7.65075E-2 1.19727E-1 1.29297E-1 1.63781E-1 2.01271E-1 1.87449E-1 2.09564E-1 2.56544E-1 2.46219E-1 2.00163E-1 1.49718E-1 1.27243E-1 1.27065E-1 1.06782E-1 1.15052E-1 1.43969E-1 1.25218E-1 2.21715E-1 3.1772E-1 3.87972E-1 4.75193E-1 5.36239E-1 6.01251E-1 6.29187E-1 -9999 -9999 -9999 -9999 -9999 -9999 -9999 -9999 -9999 -9999 -9999 -9999 -9999 -9999 -9999 -9999 -9999 -9999 -9999 -9999 -9999 -9999 -9999 -9999 -9999 -9999 -9999 -9999 -9999 -9999 -9999 -9999 -9999 -9999 -9999 -9999 -9999 -9999 -9999 -9999
2.67675E-1 2.30752E-1 2.59762E-1 1.75152E-1 1.31413E-1 1.73146E-1 9.01909E-2 7.87678E-2 1.28683E-1 1.35945E-1 1.22757E-1 9.35549E-2 1.00956E-1 9.00899E-2 1.4208E-1 1.57537E-1 1.08505E-1 9.29986E-2 6.49247E-2 1.02731E-1 8.76402E-2 7.55662E-2 8.16463E-2 8.97835E-2 1.33503E-1 1.67581E-1 2.21908E-1 3.07754E-1 3.31766E-1 4.00757E-1 4.74723E-1 5.95094E-1 6.21164E-1 -9999 -9999 -9999 -9999 -9999 -9999 -9999 -9999 -9999 -9999 -9999 -9999 -9999 -9999 -9999 -9999 -9999 -9999 -9999 -9999 -9999 -9999 -9999 -9999 -9999 -9999 -9999 -9999 -9999 -9999 -9999 -9999 -9999 -9999 -9999 -9999 -9999 -9999 -9999
2.96159E-1 3.03787E-1 2.72478E-1 2.34785E-1 1.7869E-1 1.49073E-1 1.31869E-1 1.2108E-1 1.89287E-1 2.382E-1 2.3021E-1 1.81149E-1 1.29905E-1 9.68812E-2 9.28215E-2 8.33856E-2 9.5534E-2 7.50703E-2 1.04827E-1 1.90624E-1 1.31101E-1 1.07735E-1 9.49791E-2 8.71183E-2 7.83527E-2 8.60455E-2 1.35314E-1 1.45176E-1 1.68646E-1 3.01285E-1 3.92108E-1 4.88544E-1 5.70944E-1 6.24768E-1 6.37723E-1 6.42566E-1 6.60105E-1 6.73334E-1 6.90337E-1 6.85193E-1 7.06227E-1 -9999 6.91035E-1 7.41064E-1 7.11237E-1 7.30938E-1 7.26168E-1 7.69522E-1 -9999 -9999 -9999 -9999 -9999 -9999 -9999 -9999 -9999 -9999 -9999 -9999 -9999 -9999 -9999 -9999 -9999 -9999 -9999 -9999 -9999 -9999 -9999 -9999
3.45611E-1 3.34387E-1 3.18196E-1 3.2588E-1 2.50731E-1 1.58908E-1 1.2212E-1 1.25625E-1 2.2689E-1 2.22393E-1 1.78118E-1 1.43686E-1 1.35733E-1 1.44874E-1 1.3789E-1 1.49414E-1 1.65778E-1 1.4333E-1 1.45317E-1 1.8377E-1 1.75244E-1 1.70242E-1 1.60205E-1 1.41958E-1 1.31106E-1 1.38104E-1 1.3464E-1 1.22894E-1 1.2002E-1 1.7721E-1 2.50821E-1 3.08689E-1 4.18947E-1 5.14559E-1 5.91131E-1 6.0114E-1 6.28936E-1 6.39566E-1 6.62988E-1 6.6784E-1 6.9758E-1 7.05412E-1 6.98642E-1 7.2802E-1 6.62814E-1 6.40669E-1 6.81683E-1 7.41146E-1 7.72702E-1 -9999 -9999 -9999 -9999 -9999 -9999 -9999 -9999 -9999 -9999 -9999 -9999 -9999 -9999 -9999 -9999 -9999 -9999 -9999 -9999 -9999 -9999 -9999
3.8344E-1 3.45393E-1 2.81304E-1 2.52963E-1 1.77466E-1 1.58784E-1 1.47053E-1 1.17486E-1 1.36647E-1 1.6426E-1 1.82381E-1 1.39856E-1 1.15291E-1 9.72588E-2 8.79809E-2 1.02027E-1 7.72786E-2 6.96417E-2 7.41265E-2 1.18777E-1 1.62896E-1 2.04346E-1 2.58042E-1 2.78354E-1 3.10999E-1 3.13877E-1 2.92361E-1 2.7466E-1 2.1982E-1 1.60517E-1 2.12422E-1 3.68776E-1 3.90438E-1 4.11709E-1 5.02445E-1 5.41898E-1 5.96791E-1 6.26562E-1 6.18774E-1 6.49086E-1 6.64655E-1 6.92084E-1 7.06789E-1 7.13765E-1 7.01027E-1 6.13209E-1 6.84097E-1 7.0688E-1 7.20194E-1 7.74457E-1 7.80366E-1 -9999 -9999 -9999 -9999 -9999 -9999 -9999 -9999 -9999 -9999 -9999 -9999 -9999 -9999 -9999 -9999 -9999 -9999 -9999 -9999 -9999
2.31324E-1 1.79024E-1 2.33603E-1 2.44577E-1 2.73349E-1 2.03834E-1 2.19534E-1 2.05836E-1 1.46486E-1 1.4089E-1 1.52496E-1 1.47334E-1 1.37867E-1 1.50937E-1 1.59408E-1 8.7163E-2 9.87155E-2 1.20442E-1 1.32155E-1 1.56341E-1 2.07217E-1 2.42455E-1 2.99191E-1 2.89742E-1 2.70996E-1 2.79935E-1 2.70698E-1 2.69273E-1 2.95642E-1 3.2634E-1 3.31537E-1 3.50338E-1 3.12855E-1 2.74706E-1 3.02499E-1 4.05043E-1 4.07098E-1 4.71713E-1 4.96479E-1 5.41608E-1 6.16389E-1 6.7502E-1 6.88004E-1 6.95579E-1 6.84142E-1 6.41041E-1 7.054E-1 6.89603E-1 6.82309E-1 7.3261E-1 7.41514E-1 7.82576E-1 -9999 -9999 -9999 -9999 -9999 -9999 -9999 -9999 -9999 -9999 -9999 -9999 -9999 -9999 -9999 -9999 -9999 -9999 -9999 -9999
3.09337E-1 3.04323E-1 2.12889E-1 2.67495E-1 3.08412E-1 3.07008E-1 2.94892E-1 1.64714E-1 1.43398E-1 1.50077E-1 1.19722E-1 1.42246E-1 1.50523E-1 1.47488E-1 1.94248E-1 2.18329E-1 1.8881E-1 1.60691E-1 2.00602E-1 1.98467E-1 2.20506E-1 2.28034E-1 2.51123E-1 2.35145E-1 1.86974E-1 1.75261E-1 1.77743E-1 1.65182E-1 2.01575E-1 2.30398E-1 2.33195E-1 2.55624E-1 2.77733E-1 2.87278E-1 2.13128E-1 2.41958E-1 3.11138E-1 3.26529E-1 3.89633E-1 4.33788E-1 4.37514E-1 5.28437E-1 6.11048E-1 6.5797E-1 6.92631E-1 6.86758E-1 6.68216E-1 6.68195E-1 6.88405E-1 7.51887E-1 7.71618E-1 7.75843E-1 -9999 -9999 -9999 -9999 -9999 -9999 -9999 -9999 -9999 -9999 -9999 -9999 -9999 -9999 -9999 -9999 -9999 -9999 -9999 -9999
4.03374E-1 3.5347E-1 2.91398E-1 3.16967E-1 2.87994E-1 2.61704E-1 1.87694E-1 1.54755E-1 1.23827E-1 1.28012E-1 1.12514E-1 1.16833E-1 1.55127E-1 1.50968E-1 1.18723E-1 1.83298E-1 1.75395E-1 2.08821E-1 1.89424E-1 1.64548E-1 1.43854E-1 1.42457E-1 1.81944E-1 2.03764E-1 1.72094E-1 1.64889E-1 1.70331E-1 1.61544E-1 1.98444E-1 1.79294E-1 1.65731E-1 1.69864E-1 1.70883E-1 2.48097E-1 2.05013E-1 1.70287E-1 2.50076E-1 2.77112E-1 2.12413E-1 3.8672E-1 3.98274E-1 3.58132E-1 4.64075E-1 5.62006E-1 6.18003E-1 6.60578E-1 6.27614E-1 6.9439E-1 7.2886E-1 7.56583E-1 7.72653E-1 -9999 -9999 -9999 -9999 -9999 -9999 -9999 -9999 -9999 -9999 -9999 -9999 -9999 -9999 -9999 -9999 7.28742E-1 7.42382E-1 7.23017E-1 7.23689E-1 -9999
3.20444E-1 2.34355E-1 2.35218E-1 2.08882E-1 1.81832E-1 2.09964E-1 1.68227E-1 1.82896E-1 1.53292E-1 1.57952E-1 1.27137E-1 1.24368E-1 1.05223E-1 1.69189E-1 1.11648E-1 1.42547E-1 1.73864E-1 1.86329E-1 1.90189E-1 1.6379E-1 1.36782E-1 1.3124E-1 1.51359E-1 1.5889E-1 2.10845E-1 2.16247E-1 2.11635E-1 2.02572E-1 1.87291E-1 1.66755E-1 1.55428E-1 1.69202E-1 1.35165E-1 1.6211E-1 1.85119E-1 1.41763E-1 2.32843E-1 1.6207E-1 1.68808E-1 2.18751E-1 3.81854E-1 3.27789E-1 3.4096E-1 3.56679E-1 4.09996E-1 5.6653E-1 6.41066E-1 6.54495E-1 7.18382E-1 7.50937E-1 -9999 -9999 -9999 -9999 -9999 -9999 -9999 -9999 -9999 -9999 -9999 -9999 -9999 -9999 -9999 -9999 7.12068E-1 7.53989E-1 7.91655E-1 7.63095E-1 7.19197E-1 -9999
3.17179E-1 2.76738E-1 2.94286E-1 2.32487E-1 2.08279E-1 1.90119E-1 1.38263E-1 1.53322E-1 1.34683E-1 1.55497E-1 1.46317E-1 1.45101E-1 1.21633E-1 1.3865E-1 1.27012E-1 9.49255E-2 9.45418E-2 1.18782E-1 1.01644E-1 8.83023E-2 8.68341E-2 1.0229E-1 1.32177E-1 1.67682E-1 1.94801E-1 1.70183E-1 1.71981E-1 1.85302E-1 1.54248E-1 1.68933E-1 1.70805E-1 1.47836E-1 1.13693E-1 1.32377E-1 1.77978E-1 1.20046E-1 1.70346E-1 1.41349E-1 1.35425E-1 2.44384E-1 3.57541E-1 3.96682E-1 2.58011E-1 2.23996E-1 3.16044E-1 4.0955E-1 4.20972E-1 4.81283E-1 6.10376E-1 7.25709E-1 -9999 -9999 -9999 -9999 -9999 -9999 -9999 -9999 -9999 -9999 -9999 -9999 -9999 -9999 -9999 -9999 7.27354E-1 7.73392E-1 7.80758E-1 7.82521E-1 7.2512E-1 7.18152E-1
2.83587E-1 2.53138E-1 2.54242E-1 2.15978E-1 1.70009E-1 1.60907E-1 1.68274E-1 1.48049E-1 1.57588E-1 1.60024E-1 1.65571E-1 1.47217E-1 1.34935E-1 1.70913E-1 1.36288E-1 1.03934E-1 1.01051E-1 6.19749E-2 6.37394E-2 1.36708E-1 1.12473E-1 1.48458E-1 1.74655E-1 1.64434E-1 1.5665E-1 1.66536E-1 1.79989E-1 1.84565E-1 1.64216E-1 1.74199E-1 1.38491E-1 1.27373E-1 1.11707E-1 1.22375E-1 1.21198E-1 1.16351E-1 1.27951E-1 1.20839E-1 1.91055E-1 2.61357E-1 2.09644E-1 3.27647E-1 2.25738E-1 1.88867E-1 2.01365E-1 2.85118E-1 2.95256E-1 2.67428E-1 4.31327E-1 6.55687E-1 -9999 -9999 -9999 -9999 -9999 -9999 -9999 -9999 -9999 -9999 -9999 -9999 -9999 -9999 -9999 -9999 -9999 7.53628E-1 7.86911E-1 7.84661E-1 7.40715E-1 7.34849E-1
2.24212E-1 1.99164E-1 2.10739E-1 2.26452E-1 1.9041E-1 1.51717E-1 1.45828E-1 1.20522E-1 1.20132E-1 1.49626E-1 1.58044E-1 1.65543E-1 1.44964E-1 1.79568E-1 1.28966E-1 9.88104E-2 8.05436E-2 6.08301E-2 9.09149E-2 1.40743E-1 1.1118E-1 9.48703E-2 1.08777E-1 1.21115E-1 1.21701E-1 1.45907E-1 1.67501E-1 1.43118E-1 1.43367E-1 1.24411E-1 1.23162E-1 1.43177E-1 1.29446E-1 1.25986E-1 1.27387E-1 1.01771E-1 1.02952E-1 1.11577E-1 1.53652E-1 1.80951E-1 1.54029E-1 2.40383E-1 2.92866E-1 2.16167E-1 1.93078E-1 1.98565E-1 2.62487E-1 1.84143E-1 3.0268E-1 4.55545E-1 6.9733E-1 -9999 -9999 -9999 -9999 -9999 -9999 -9999 -9999 -9999 -9999 -9999 -9999 -9999 -9999 -9999 7.34821E-1 7.45566E-1 7.80045E-1 7.88126E-1 7.63408E-1 7.3398E-1
2.06582E-1 1.69614E-1 1.82452E-1 1.91928E-1 1.72372E-1 1.45469E-1 1.38E-1 1.2104E-1 1.263E-1 1.278E-1 1.38648E-1 1.38428E-1 1.19059E-1 1.87684E-1 1.74169E-1 1.04265E-1 9.01593E-2 9.25556E-2 9.23333E-2 1.24011E-1 1.24832E-1 1.49986E-1 1.31387E-1 1.13784E-1 9.13263E-2 8.65697E-2 1.07735E-1 1.24784E-1 1.22032E-1 9.71769E-2 1.01271E-1 1.37601E-1 1.51378E-1 1.57556E-1 1.58868E-1 1.03779E-1 1.11914E-1 1.01114E-1 1.27311E-1 1.44049E-1 1.35357E-1 1.8077E-1 2.62304E-1 2.84707E-1 2.34075E-1 1.52201E-1 1.77126E-1 1.43923E-1 2.1065E-1 3.27151E-1 6.27221E-1 7.32809E-1 -9999 -9999 -9999 -9999 -9999 -9999 -9999 -9999 -9999 -9999 -9999 -9999 -9999 -9999 -9999 -9999 7.3859E-1 7.52101E-1 7.3597E-1 -9999
1.78247E-1 1.68647E-1 1.95708E-1 1.71189E-1 1.67463E-1 1.77988E-1 1.62516E-1 1.34676E-1 1.04976E-1 1.35528E-1 1.42294E-1 1.32147E-1 1.54063E-1 1.97468E-1 2.32813E-1 1.326E-1 9.83988E-2 8.1737E-2 9.31216E-2 1.38166E-1 1.34129E-1 1.01657E-1 5.37266E-2 8.71668E-2 6.03696E-2 1.12505E-1 8.67525E-2 1.36126E-1 9.81443E-2 1.34146E-1 1.78016E-1 1.79399E-1 1.55341E-1 1.8223E-1 1.75689E-1 1.35203E-1 1.06899E-1 1.26511E-1 1.2558E-1 1.56959E-1 1.60224E-1 1.88211E-1 2.25544E-1 2.36352E-1 1.93659E-1 1.6412E-1 1.24766E-1 1.32381E-1 2.15762E-1 3.30487E-1 5.33996E-1 6.9052E-1 7.25088E-1 -9999 -9999 -9999 -9999 -9999 -9999 -9999 -9999 -9999 -9999 -9999 -9999 -9999 -9999 -9999 -9999 -9999 -9999 -9999
1.4949E-1 1.72682E-1 2.2047E-1 2.53368E-1 2.50874E-1 2.77033E-1 2.35722E-1 1.97084E-1 1.70933E-1 1.81365E-1 1.93406E-1 1.56397E-1 2.03964E-1 2.57661E-1 1.9503E-1 1.28284E-1 1.24487E-1 8.80756E-2 1.11534E-1 1.21774E-1 1.59967E-1 7.43739E-2 8.87804E-2 1.29345E-1 1.09483E-1 1.45682E-1 8.19451E-2 1.10476E-1 1.65807E-1 1.62984E-1 1.87021E-1 1.4926E-1 1.67682E-1 1.5067E-1 1.3977E-1 1.43085E-1 1.10009E-1 1.36399E-1 1.38513E-1 1.98029E-1 1.80971E-1 1.78132E-1 1.72102E-1 1.6096E-1 1.54584E-1 1.49989E-1 1.44026E-1 1.59611E-1 1.71131E-1 2.05321E-1 3.68527E-1 5.47646E-1 6.53721E-1 7.45874E-1 -9999 -9999 -9999 -9999 -9999 -9999 -9999 -9999 -9999 -9999 -9999 -9999 -9999 -9999 -9999 -9999 -9999 -9999
1.88214E-1 2.43564E-1 2.59445E-1 2.63102E-1 2.32461E-1 2.17822E-1 1.95967E-1 1.79232E-1 1.63562E-1 1.79384E-1 2.18276E-1 2.26261E-1 2.40433E-1 2.37238E-1 2.45782E-1 1.87984E-1 1.09609E-1 8.15859E-2 1.03201E-1 9.5858E-2 6.57486E-2 6.23807E-2 1.37562E-1 1.18668E-1 1.83077E-1 1.53768E-1 1.41593E-1 1.65464E-1 1.35254E-1 1.76899E-1 2.22111E-1 2.05079E-1 1.6363E-1 1.33656E-1 1.26474E-1 1.41499E-1 1.2288E-1 1.56394E-1 1.4783E-1 1.64934E-1 1.7194E-1 1.38661E-1 1.33476E-1 1.39737E-1 1.51548E-1 1.40708E-1 1.1547E-1 1.4796E-1 2.15471E-1 2.15016E-1 2.96308E-1 5.09116E-1 6.0629E-1 6.80737E-1 -9999 -9999 -9999 -9999 -9999 -9999 -9999 -9999 -9999 -9999 -9999 -9999 -9999 -9999 -9999 -9999 -9999 -9999
3.0689E-1 3.1524E-1 2.82358E-1 2.63687E-1 1.80005E-1 1.61164E-1 1.42214E-1 1.51813E-1 1.84855E-1 2.02118E-1 2.499E-1 2.36126E-1 2.42438E-1 2.86879E-1 2.93649E-1 2.85905E-1 1.85408E-1 1.06286E-1 1.01251E-1 1.14875E-1 9.16098E-2 6.61424E-2 1.05045E-1 1.1187E-1 1.70159E-1 1.88194E-1 2.06932E-1 2.01012E-1 1.93868E-1 1.65533E-1 1.52751E-1 1.69331E-1 1.98732E-1 1.94944E-1 1.52483E-1 1.55559E-1 1.3924E-1 1.69269E-1 1.42164E-1 1.48741E-1 1.48361E-1 1.32165E-1 1.45163E-1 1.15714E-1 1.37524E-1 1.46893E-1 1.36939E-1 1.29344E-1 2.65928E-1 2.16154E-1 2.36282E-1 4.23827E-1 6.24683E-1 6.96213E-1 7.17828E-1 -9999 -9999 -9999 -9999 -9999 -9999 -9999 -9999 -9999 -9999 -9999 -9999 -9999 -9999 -9999 -9999 -9999
3.08478E-1 2.85378E-1 2.98557E-1 2.79536E-1 2.7647E-1 1.98593E-1 2.08019E-1 2.36097E-1 2.47844E-1 2.54589E-1 2.63081E-1 2.69109E-1 2.69507E-1 2.79218E-1 3.0461E-1 2.30222E-1 2.21687E-1 1.62738E-1 1.39421E-1 1.18902E-1 1.05623E-1 9.28346E-2 7.24617E-2 1.42094E-1 2.16257E-1 2.01007E-1 1.70193E-1 1.31597E-1 1.4234E-1 1.97784E-1 1.8706E-1 1.86369E-1 1.51681E-1 1.59318E-1 1.9119E-1 1.8897E-1 1.53339E-1 1.85085E-1 1.51433E-1 1.07264E-1 1.1129E-1 1.36839E-1 1.4015E-1 1.14465E-1 1.13933E-1 1.52781E-1 1.27818E-1 1.43594E-1 2.37702E-1 3.07233E-1 1.87351E-1 3.25744E-1 5.47506E-1 6.80241E-1 7.0785E-1 -9999 -9999 -9999 -9999 -9999 -9999 -9999 -9999 -9999 -9999 -9999 -9999 -9999 -9999 -9999 -9999 -9999
3.30576E-1 2.92212E-1 2.88592E-1 3.22853E-1 2.78292E-1 2.44838E-1 2.43887E-1 2.47953E-1 2.60763E-1 2.63663E-1 2.95095E-1 2.85365E-1 2.98935E-1 2.97407E-1 2.99136E-1 2.17902E-1 2.04299E-1 1.66163E-1 1.50095E-1 1.30287E-1 8.80322E-2 8.42922E-2 1.31336E-1 1.34411E-1 1.08192E-1 1.00636E-1 1.10454E-1 1.60177E-1 1.7033E-1 1.64648E-1 1.73226E-1 1.67129E-1 1.5422E-1 1.32083E-1 1.31982E-1 1.66238E-1 1.22954E-1 1.96393E-1 1.34271E-1 1.00086E-1 1.04715E-1 1.52244E-1 1.37148E-1 1.2925E-1 1.06382E-1 1.34732E-1 1.43834E-1 1.63875E-1 2.21607E-1 3.98847E-1 2.97099E-1 3.03411E-1 4.87036E-1 6.67379E-1 -9999 -9999 -9999 -9999 -9999 -9999 -9999 -9999 -9999 -9999 -9999 -9999 -9999 -9999 -9999 -9999 -9999 -9999
3.60779E-1 3.19284E-1 3.29974E-1 3.40886E-1 3.45466E-1 2.88468E-1 2.80141E-1 2.8506E-1 2.74858E-1 2.93327E-1 2.86076E-1 3.21412E-1 3.01936E-1 2.80392E-1 2.40988E-1 1.98433E-1 1.72514E-1 1.80051E-1 1.55623E-1 1.50229E-1 1.30829E-1 1.05536E-1 1.28077E-1 9.7513E-2 1.02818E-1 1.2192E-1 1.46813E-1 1.15347E-1 1.23491E-1 1.39246E-1 1.32807E-1 1.34405E-1 1.42109E-1 1.37428E-1 1.09735E-1 1.17105E-1 1.41802E-1 1.72255E-1 1.13458E-1 1.16959E-1 1.32108E-1 1.09488E-1 9.06947E-2 1.03086E-1 1.21502E-1 1.33645E-1 1.36474E-1 1.67823E-1 2.51258E-1 3.73107E-1 4.64865E-1 4.30989E-1 5.84933E-1 6.5973E-1 -9999 -9999 -9999 -9999 -9999 -9999 -9999 -9999 -9999 -9999 -9999 -9999 -9999 -9999 -9999 -9999 -9999 -9999
3.51873E-1 3.73293E-1 3.52012E-1 3.43418E-1 3.67902E-1 3.60272E-1 3.12542E-1 3.08207E-1 3.06101E-1 3.12448E-1 3.21291E-1 3.20306E-1 2.25102E-1 1.79755E-1 2.46481E-1 2.07637E-1 1.74931E-1 1.53061E-1 1.44255E-1 2.02329E-1 1.48347E-1 1.40463E-1 1.2797E-1 1.19562E-1 1.61791E-1 2.06997E-1 1.95056E-1 1.82188E-1 2.09782E-1 2.13329E-1 1.92138E-1 1.54173E-1 1.68958E-1 1.59603E-1 1.34958E-1 1.34612E-1 1.56019E-1 1.72933E-1 1.56757E-1 1.44531E-1 1.47515E-1 1.30289E-1 1.21022E-1 1.02581E-1 1.49273E-1 1.68082E-1 1.48167E-1 2.27398E-1 2.94161E-1 3.08708E-1 4.81083E-1 5.63006E-1 6.0573E-1 6.4594E-1 -9999 -9999 -9999 -9999 -9999 -9999 -9999 -9999 -9999 -9999 -9999 -9999 -9999 -9999 -9999 -9999 -9999 -9999
3.4592E-1 3.75866E-1 3.75163E-1 3.83591E-1 3.25953E-1 2.54116E-1 2.63261E-1 3.16564E-1 3.29616E-1 3.09926E-1 3.26442E-1 2.76642E-1 2.08425E-1 1.58888E-1 2.24144E-1 2.32944E-1 1.51748E-1 1.5266E-1 1.80719E-1 1.88975E-1 1.64557E-1 1.76861E-1 1.48233E-1 1.45448E-1 1.77237E-1 1.79702E-1 1.76192E-1 2.13439E-1 2.18637E-1 2.34792E-1 2.23304E-1 1.95184E-1 1.93901E-1 1.98546E-1 1.84708E-1 1.64885E-1 1.88709E-1 1.79181E-1 1.7509E-1 1.90357E-1 2.0554E-1 1.80056E-1 1.43269E-1 1.48826E-1 1.75333E-1 1.77974E-1 1.45513E-1 1.96339E-1 2.16074E-1 3.1822E-1 4.90129E-1 5.54476E-1 6.16192E-1 6.39802E-1 -9999 -9999 -9999 -9999 -9999 -9999 -9999 -9999 -9999 -9999 -9999 -9999 -9999 -9999 -9999 -9999 -9999 -9999
3.73506E-1 3.81245E-1 3.87376E-1 3.00058E-1 2.45973E-1 2.67483E-1 3.2482E-1 2.68293E-1 3.05228E-1 3.37584E-1 3.5973E-1 2.47439E-1 1.945E-1 1.63419E-1 2.56774E-1 2.6834E-1 1.58875E-1 1.65996E-1 2.24773E-1 1.70275E-1 1.66284E-1 2.0962E-1 1.69282E-1 1.56214E-1 1.87492E-1 1.78231E-1 1.91792E-1 2.0925E-1 2.4076E-1 2.23681E-1 2.4216E-1 2.92596E-1 2.6683E-1 2.6018E-1 2.27197E-1 2.29304E-1 2.15327E-1 2.03717E-1 2.14203E-1 1.86275E-1 2.36822E-1 2.76779E-1 2.2107E-1 2.13377E-1 2.40093E-1 2.06217E-1 2.28999E-1 2.17552E-1 2.69482E-1 4.20055E-1 5.42696E-1 5.77672E-1 6.09689E-1 6.22739E-1 -9999 -9999 -9999 -9999 -9999 -9999 -9999 -9999 -9999 -9999 -9999 -9999 -9999 -9999 -9999 -9999 -9999 -9999
3.98884E-1 4.0861E-1 3.60105E-1 2.70882E-1 2.80836E-1 3.47315E-1 2.52189E-1 2.38567E-1 2.40581E-1 3.49896E-1 2.55387E-1 1.7986E-1 1.55976E-1 1.84109E-1 2.48572E-1 2.81995E-1 1.62909E-1 1.69306E-1 2.14061E-1 1.67677E-1 1.78813E-1 2.37603E-1 1.79687E-1 1.68262E-1 2.10664E-1 2.21315E-1 1.72891E-1 1.88707E-1 2.01725E-1 2.71304E-1 3.14902E-1 3.25878E-1 3.20875E-1 3.13353E-1 3.14436E-1 3.07229E-1 3.02826E-1 3.04534E-1 3.11001E-1 3.03104E-1 3.24011E-1 3.57003E-1 3.61624E-1 3.55547E-1 3.61994E-1 3.31478E-1 1.56436E-1 2.85535E-1 3.81612E-1 4.7427E-1 5.36731E-1 5.81732E-1 5.97782E-1 -9999 -9999 -9999 -9999 -9999 -9999 -9999 -9999 -9999 -9999 -9999 -9999 -9999 -9999 -9999 -9999 -9999 -9999 -9999
