Artocarpus altilis SDM files/Last interglacial/results (with bias file)/Artalt_max.asc
ncols         1201
nrows         481
xllcorner     119.99986351115
yllcorner     -15.00013864885
cellsize      0.041666667
NODATA_value  -9999
[rows 192 to 223 of 481, columns 288 to 359 of 1201]
-9999 8.23678E-1 8.11459E-1 8.12188E-1 7.95837E-1 7.78214E-1 7.63123E-1 7.63856E-1 7.3726E-1 6.27559E-1 4.37726E-1 2.28373E-1 1.59322E-1 1.76669E-1 3.37578E-1 4.66993E-1 5.52246E-1 5.67867E-1 5.82457E-1 4.5576E-1 3.05499E-1 2.51928E-1 2.43179E-1 2.58314E-1 2.64973E-1 2.723E-1 2.65312E-1 2.73851E-1 2.8136E-1 2.34999E-1 2.40709E-1 2.29322E-1 2.59569E-1 2.73042E-1 3.02654E-1 2.95142E-1 3.63366E-1 3.95233E-1 3.25382E-1 2.74683E-1 2.6555E-1 2.59315E-1 3.1082E-1 2.86949E-1 3.98748E-1 2.81971E-1 2.02629E-1 2.7777E-1 3.39265E-1 2.75946E-1 2.21588E-1 1.65538E-1 1.57464E-1 2.72526E-1 3.11801E-1 2.43629E-1 1.74613E-1 2.05843E-1 1.82721E-1 2.79018E-1 3.48157E-1 4.23004E-1 2.25532E-1 3.68548E-1 4.66544E-1 4.71295E-1 4.34324E-1 3.01807E-1 3.63744E-1 -9999 -9999 -9999
-9999 -9999 -9999 -9999 -9999 -9999 7.5822E-1 7.29806E-1 7.16498E-1 7.29635E-1 7.11986E-1 5.66894E-1 4.21166E-1 2.35931E-1 2.79342E-1 4.35952E-1 4.98148E-1 5.56848E-1 6.12336E-1 4.43791E-1 3.11049E-1 2.82595E-1 2.50996E-1 2.1547E-1 2.25731E-1 2.54662E-1 2.71277E-1 2.21963E-1 1.8563E-1 2.20823E-1 2.45362E-1 2.69999E-1 3.02961E-1 2.87283E-1 3.19844E-1 3.29857E-1 3.92412E-1 4.10648E-1 3.0524E-1 2.75495E-1 2.34199E-1 2.51115E-1 2.56945E-1 3.91364E-1 3.82581E-1 2.51527E-1 2.09561E-1 2.70549E-1 3.57324E-1 3.44358E-1 3.06926E-1 1.83375E-1 1.28026E-1 1.92243E-1 2.91523E-1 2.45458E-1 1.29469E-1 1.12861E-1 2.24761E-1 2.90368E-1 3.0453E-1 3.81609E-1 2.64205E-1 3.31789E-1 4.36313E-1 4.41272E-1 3.4815E-1 4.04181E-1 3.72232E-1 -9999 -9999 -9999
-9999 -9999 -9999 -9999 -9999 -9999 -9999 -9999 -9999 -9999 -9999 6.8436E-1 4.65678E-1 2.66529E-1 3.35415E-1 3.3442E-1 4.73488E-1 5.65678E-1 6.02826E-1 4.68682E-1 3.61596E-1 3.08281E-1 2.55807E-1 2.48022E-1 2.68894E-1 2.15356E-1 2.10454E-1 2.01822E-1 2.14304E-1 2.0026E-1 1.99225E-1 2.59388E-1 2.81191E-1 2.88515E-1 3.00072E-1 3.58522E-1 3.88887E-1 3.70129E-1 2.64991E-1 2.51371E-1 2.457E-1 2.59162E-1 3.58574E-1 4.05065E-1 2.95724E-1 2.88727E-1 3.6259E-1 3.6032E-1 2.90564E-1 3.67597E-1 3.34912E-1 1.93663E-1 1.25177E-1 1.50417E-1 2.04383E-1 1.50867E-1 1.78956E-1 1.8565E-1 1.94602E-1 2.54178E-1 3.6193E-1 3.33148E-1 2.3738E-1 2.49422E-1 4.16997E-1 4.24942E-1 3.26654E-1 3.90878E-1 3.88078E-1 -9999 -9999 -9999
-9999 -9999 -9999 -9999 -9999 -9999 -9999 -9999 -9999 -9999 5.25687E-1 4.67219E-1 5.77467E-1 3.67748E-1 2.57436E-1 3.99707E-1 4.01172E-1 5.02699E-1 5.80499E-1 4.79409E-1 3.42952E-1 2.96847E-1 2.6911E-1 2.52101E-1 2.80602E-1 2.29815E-1 2.56231E-1 2.60865E-1 2.37789E-1 2.13469E-1 2.23365E-1 2.03587E-1 2.22746E-1 2.20946E-1 2.18001E-1 2.65227E-1 3.11323E-1 3.20382E-1 2.65526E-1 2.96999E-1 2.52076E-1 -9999 4.21565E-1 4.13901E-1 2.5317E-1 3.00999E-1 3.75595E-1 3.21233E-1 3.11126E-1 2.96214E-1 3.07729E-1 1.97312E-1 1.46E-1 1.01325E-1 1.0068E-1 1.641E-1 1.96862E-1 2.18134E-1 1.91582E-1 3.20411E-1 3.65978E-1 3.15879E-1 2.20544E-1 2.20078E-1 3.80225E-1 3.48941E-1 2.0321E-1 2.85459E-1 3.80937E-1 -9999 -9999 -9999
-9999 -9999 -9999 -9999 -9999 -9999 -9999 -9999 -9999 -9999 6.09445E-1 6.85423E-1 7.05836E-1 4.60534E-1 4.149E-1 5.52076E-1 4.91238E-1 5.0367E-1 5.71379E-1 5.85253E-1 4.04324E-1 3.10657E-1 2.73751E-1 2.58574E-1 2.56052E-1 2.6452E-1 2.56626E-1 2.45705E-1 2.41397E-1 2.40494E-1 2.38521E-1 2.27364E-1 2.16937E-1 2.29601E-1 2.29563E-1 2.18754E-1 2.49618E-1 2.76538E-1 2.3186E-1 3.13203E-1 3.76546E-1 -9999 4.60887E-1 3.49894E-1 3.22602E-1 3.81743E-1 4.06891E-1 2.7468E-1 2.77736E-1 2.40524E-1 2.88645E-1 1.95507E-1 1.20186E-1 8.11082E-2 1.22426E-1 2.24381E-1 2.76255E-1 1.77784E-1 1.84549E-1 2.89189E-1 3.77535E-1 3.28367E-1 1.62954E-1 1.59254E-1 3.13901E-1 3.86587E-1 2.21919E-1 3.00889E-1 4.48101E-1 -9999 -9999 -9999
-9999 -9999 -9999 -9999 -9999 -9999 -9999 -9999 -9999 -9999 -9999 -9999 -9999 5.02462E-1 4.34658E-1 3.89716E-1 2.60252E-1 5.05581E-1 5.88471E-1 5.97359E-1 3.88605E-1 3.10446E-1 2.77304E-1 2.8804E-1 2.60325E-1 2.52695E-1 2.57547E-1 2.48184E-1 2.41557E-1 2.55586E-1 2.53376E-1 2.36364E-1 2.47515E-1 2.39517E-1 2.35846E-1 2.51176E-1 2.57282E-1 2.42871E-1 2.61319E-1 3.1685E-1 4.45301E-1 4.69475E-1 4.28872E-1 2.61904E-1 3.30493E-1 3.11759E-1 2.74904E-1 2.87825E-1 2.20356E-1 2.06522E-1 2.27676E-1 1.76771E-1 8.44475E-2 1.1431E-1 1.68696E-1 2.5071E-1 2.88311E-1 2.5058E-1 1.9331E-1 2.74622E-1 2.97184E-1 2.55931E-1 2.26541E-1 1.37812E-1 1.97675E-1 3.38428E-1 3.08182E-1 3.95189E-1 4.39554E-1 -9999 -9999 -9999
-9999 -9999 -9999 -9999 -9999 -9999 -9999 -9999 -9999 -9999 -9999 -9999 -9999 4.49904E-1 3.34326E-1 2.64153E-1 2.38749E-1 5.43989E-1 6.38755E-1 5.781E-1 3.95173E-1 3.15921E-1 2.85575E-1 3.00606E-1 2.721E-1 2.66405E-1 2.61997E-1 2.82909E-1 2.77398E-1 2.87574E-1 2.56543E-1 2.50397E-1 2.63905E-1 2.54012E-1 2.75588E-1 2.71157E-1 2.68206E-1 2.65865E-1 2.46188E-1 3.45325E-1 4.40337E-1 4.14132E-1 3.89255E-1 2.75083E-1 2.37105E-1 3.68949E-1 2.06464E-1 2.54457E-1 2.21759E-1 2.50531E-1 1.56787E-1 1.14116E-1 1.08672E-1 1.11531E-1 1.30451E-1 1.6996E-1 2.02835E-1 2.06406E-1 2.65401E-1 3.29072E-1 3.00598E-1 1.70994E-1 2.42129E-1 2.01754E-1 1.84405E-1 2.80741E-1 3.86212E-1 3.86694E-1 3.70651E-1 -9999 4.44225E-1 4.32655E-1
-9999 -9999 -9999 -9999 -9999 -9999 -9999 -9999 -9999 -9999 -9999 -9999 -9999 -9999 4.51634E-1 3.11898E-1 2.35846E-1 6.19275E-1 6.91529E-1 4.41115E-1 3.76673E-1 3.48765E-1 3.19853E-1 2.87159E-1 2.8983E-1 2.70503E-1 3.26204E-1 3.01345E-1 2.87946E-1 2.85759E-1 2.64632E-1 2.7987E-1 2.87847E-1 2.77065E-1 2.73128E-1 2.78003E-1 2.85455E-1 2.95226E-1 2.92716E-1 3.33011E-1 3.08698E-1 2.57109E-1 2.48831E-1 2.61569E-1 2.15114E-1 3.20954E-1 1.66223E-1 1.96893E-1 1.95989E-1 1.89073E-1 1.1828E-1 1.12006E-1 1.46512E-1 1.32102E-1 1.74648E-1 1.94945E-1 1.17958E-1 1.886E-1 2.88318E-1 2.70541E-1 2.56834E-1 2.37777E-1 2.94436E-1 1.7676E-1 1.5548E-1 2.45836E-1 3.49069E-1 3.67945E-1 3.34037E-1 4.31501E-1 4.31144E-1 4.17257E-1
-9999 -9999 -9999 -9999 -9999 -9999 -9999 -9999 -9999 -9999 -9999 -9999 -9999 -9999 -9999 3.80947E-1 3.60258E-1 5.94361E-1 5.11773E-1 3.7977E-1 3.02136E-1 3.21227E-1 3.11632E-1 3.002E-1 3.24019E-1 3.01119E-1 3.1752E-1 3.13178E-1 2.99476E-1 2.93756E-1 3.02606E-1 3.02613E-1 3.10365E-1 3.0805E-1 2.90055E-1 2.99884E-1 3.28029E-1 2.97582E-1 3.03797E-1 3.00715E-1 3.22765E-1 1.8255E-1 3.10006E-1 3.50477E-1 1.86726E-1 2.36724E-1 1.62315E-1 1.13112E-1 2.00693E-1 1.4271E-1 1.09914E-1 1.43018E-1 1.46438E-1 2.38172E-1 2.59805E-1 2.01785E-1 1.2071E-1 1.58547E-1 2.52486E-1 2.15702E-1 1.98969E-1 2.10981E-1 1.46273E-1 1.46407E-1 1.38432E-1 1.64197E-1 2.78577E-1 3.58228E-1 2.65205E-1 3.5491E-1 3.31833E-1 4.35654E-1
-9999 -9999 -9999 -9999 -9999 -9999 -9999 -9999 -9999 -9999 -9999 -9999 -9999 -9999 -9999 -9999 5.95391E-1 7.13583E-1 4.47966E-1 3.31864E-1 3.03396E-1 3.27551E-1 3.14701E-1 3.34692E-1 3.2002E-1 3.07985E-1 3.31454E-1 3.27274E-1 3.1404E-1 3.13474E-1 3.29539E-1 3.37946E-1 3.22626E-1 3.17585E-1 3.10726E-1 2.97329E-1 3.05518E-1 3.38568E-1 3.04537E-1 3.02935E-1 3.69672E-1 2.35099E-1 2.85203E-1 4.31813E-1 1.61233E-1 1.23345E-1 1.38978E-1 1.61566E-1 1.13239E-1 1.14252E-1 1.42834E-1 2.00716E-1 3.05876E-1 2.91922E-1 2.40236E-1 2.54156E-1 2.1962E-1 2.72606E-1 3.26797E-1 1.85172E-1 1.08105E-1 1.09707E-1 1.55752E-1 1.34999E-1 1.47443E-1 1.30938E-1 1.64482E-1 2.48823E-1 2.62219E-1 1.95755E-1 1.47927E-1 2.55338E-1
-9999 -9999 -9999 -9999 -9999 -9999 -9999 -9999 -9999 -9999 -9999 -9999 -9999 -9999 4.26282E-1 3.30248E-1 -9999 3.70881E-1 4.81467E-1 3.42593E-1 3.16455E-1 3.41287E-1 3.3047E-1 3.40568E-1 2.96618E-1 3.4228E-1 3.36759E-1 3.31884E-1 3.30983E-1 3.19179E-1 3.32573E-1 3.48589E-1 3.25509E-1 3.5405E-1 3.27264E-1 3.29771E-1 3.22987E-1 2.93014E-1 3.19216E-1 2.99185E-1 4.41082E-1 2.42523E-1 1.91162E-1 2.99963E-1 2.34728E-1 1.25881E-1 1.05591E-1 9.78738E-2 1.27326E-1 1.18282E-1 1.7815E-1 2.78316E-1 2.63907E-1 2.17277E-1 2.35054E-1 2.3257E-1 2.04945E-1 2.21158E-1 2.3276E-1 1.53281E-1 1.08177E-1 1.53053E-1 1.68884E-1 1.64259E-1 1.85914E-1 1.5753E-1 9.23716E-2 1.8568E-1 1.6696E-1 2.25752E-1 2.76576E-1 2.53069E-1
-9999 -9999 -9999 -9999 -9999 -9999 -9999 -9999 -9999 -9999 -9999 -9999 -9999 -9999 4.29393E-1 3.52708E-1 4.48652E-1 4.70254E-1 -9999 3.52714E-1 3.28658E-1 3.37721E-1 3.58898E-1 3.59131E-1 3.52551E-1 3.63754E-1 3.29483E-1 3.51094E-1 3.34576E-1 3.51865E-1 3.43187E-1 3.4005E-1 3.38647E-1 3.42469E-1 3.66062E-1 3.58271E-1 3.73799E-1 3.26722E-1 3.33458E-1 4.97743E-1 5.49875E-1 2.93534E-1 1.38575E-1 1.78372E-1 1.83827E-1 1.07551E-1 1.3466E-1 9.7052E-2 1.82856E-1 1.88854E-1 2.64081E-1 2.55703E-1 2.37941E-1 2.21979E-1 1.63391E-1 1.55224E-1 1.54002E-1 1.53242E-1 1.34755E-1 1.14699E-1 1.32945E-1 1.75286E-1 2.01845E-1 1.93299E-1 2.44279E-1 1.93117E-1 7.41031E-2 1.69558E-1 1.98198E-1 1.93243E-1 2.02171E-1 2.64842E-1
-9999 -9999 -9999 -9999 -9999 -9999 -9999 -9999 -9999 -9999 -9999 -9999 -9999 -9999 -9999 4.3602E-1 3.47931E-1 5.71995E-1 -9999 4.19142E-1 4.50136E-1 3.76532E-1 3.67566E-1 3.86837E-1 4.05747E-1 3.97473E-1 3.69628E-1 3.52329E-1 3.9631E-1 3.66376E-1 3.6461E-1 3.84885E-1 3.6601E-1 3.50111E-1 3.68168E-1 3.54821E-1 3.77871E-1 3.71217E-1 -9999 4.96881E-1 4.41884E-1 4.03149E-1 1.5348E-1 1.64933E-1 1.96442E-1 1.55806E-1 2.51487E-1 2.27305E-1 2.66932E-1 3.27463E-1 2.0978E-1 3.36216E-1 2.22886E-1 1.34049E-1 8.71314E-2 7.79568E-2 7.87833E-2 6.36964E-2 8.5077E-2 1.31897E-1 1.74705E-1 1.30847E-1 1.54223E-1 2.22493E-1 2.84747E-1 2.20973E-1 9.93638E-2 1.32184E-1 2.05075E-1 1.39301E-1 1.29957E-1 1.90455E-1
-9999 -9999 -9999 -9999 -9999 -9999 -9999 -9999 -9999 -9999 -9999 -9999 -9999 -9999 -9999 3.66823E-1 4.89328E-1 6.31696E-1 -9999 -9999 3.96961E-1 3.95056E-1 3.7659E-1 3.94161E-1 4.56954E-1 4.6821E-1 4.26378E-1 3.71656E-1 4.1739E-1 4.19921E-1 4.04015E-1 4.20196E-1 3.90643E-1 4.02616E-1 3.90969E-1 3.7534E-1 3.61085E-1 3.75294E-1 3.79712E-1 4.75188E-1 4.14559E-1 2.04958E-1 2.32992E-1 1.65749E-1 2.82177E-1 2.29329E-1 2.80736E-1 2.81319E-1 3.58552E-1 3.75291E-1 2.32685E-1 2.38213E-1 1.00975E-1 1.00114E-1 8.71798E-2 9.94985E-2 1.10527E-1 9.75437E-2 1.02117E-1 1.1417E-1 1.67677E-1 1.81586E-1 1.79246E-1 2.77514E-1 3.23591E-1 2.37985E-1 7.08721E-2 1.29569E-1 2.12016E-1 1.85565E-1 1.40025E-1 1.88127E-1
-9999 -9999 -9999 -9999 -9999 -9999 -9999 -9999 -9999 -9999 -9999 -9999 -9999 -9999 -9999 -9999 -9999 -9999 -9999 -9999 -9999 5.19419E-1 5.0083E-1 4.22801E-1 4.20146E-1 4.13566E-1 4.38758E-1 4.30776E-1 4.22263E-1 4.37025E-1 4.27257E-1 4.23891E-1 4.29112E-1 4.19149E-1 4.12477E-1 4.20893E-1 4.02618E-1 3.97137E-1 3.9231E-1 -9999 4.81228E-1 2.10273E-1 2.92995E-1 2.65351E-1 2.52794E-1 3.94177E-1 2.28293E-1 2.45964E-1 2.9972E-1 2.94472E-1 3.0308E-1 2.58794E-1 1.26121E-1 1.60879E-1 1.05828E-1 1.41985E-1 1.63924E-1 1.25005E-1 1.15033E-1 1.04577E-1 1.50434E-1 2.85893E-1 2.75667E-1 3.10521E-1 1.7512E-1 1.53602E-1 9.31902E-2 1.53981E-1 1.48632E-1 1.75589E-1 2.21745E-1 1.63972E-1
-9999 -9999 -9999 -9999 -9999 -9999 -9999 -9999 -9999 -9999 -9999 -9999 -9999 -9999 -9999 -9999 -9999 -9999 -9999 -9999 5.91235E-1 6.12226E-1 4.8843E-1 4.41822E-1 4.22685E-1 4.19594E-1 4.55092E-1 4.55578E-1 4.37641E-1 4.65482E-1 4.77706E-1 4.22495E-1 4.50734E-1 4.4599E-1 4.24879E-1 4.32136E-1 4.33958E-1 4.20748E-1 -9999 -9999 4.43145E-1 3.70507E-1 2.81948E-1 3.48332E-1 2.76208E-1 2.69121E-1 3.06901E-1 2.86756E-1 3.15579E-1 2.34862E-1 1.89852E-1 2.18636E-1 1.23624E-1 1.96942E-1 1.73521E-1 1.61644E-1 2.25051E-1 1.79578E-1 1.63835E-1 1.25583E-1 9.8749E-2 1.67306E-1 1.55028E-1 2.20509E-1 1.69546E-1 1.84072E-1 1.36874E-1 2.43552E-1 1.85683E-1 1.51661E-1 2.16814E-1 1.68319E-1
-9999 -9999 -9999 -9999 -9999 -9999 -9999 -9999 -9999 -9999 -9999 -9999 -9999 -9999 -9999 -9999 -9999 7.50633E-1 6.69678E-1 7.43614E-1 7.52376E-1 7.81753E-1 6.83035E-1 4.91152E-1 4.51616E-1 4.80383E-1 4.73389E-1 4.68515E-1 4.84067E-1 5.21895E-1 4.68507E-1 4.68664E-1 4.74205E-1 4.60769E-1 4.50145E-1 4.57773E-1 -9999 -9999 -9999 -9999 4.16608E-1 3.87988E-1 2.98553E-1 3.68456E-1 2.75584E-1 2.37622E-1 3.51107E-1 3.28923E-1 3.15356E-1 2.81457E-1 1.53932E-1 1.24442E-1 1.08283E-1 1.74513E-1 2.07028E-1 2.37249E-1 2.20698E-1 1.49473E-1 1.09616E-1 1.13817E-1 9.94918E-2 1.27568E-1 8.66513E-2 9.15058E-2 1.53037E-1 1.29274E-1 1.1519E-1 2.32022E-1 2.16071E-1 2.35751E-1 2.29164E-1 2.839E-1
-9999 -9999 -9999 -9999 -9999 -9999 -9999 -9999 -9999 -9999 -9999 -9999 -9999 -9999 -9999 -9999 -9999 7.43002E-1 3.21057E-1 5.52288E-1 7.23093E-1 7.21409E-1 6.79291E-1 6.83948E-1 5.46839E-1 5.12058E-1 4.95934E-1 5.11033E-1 4.89382E-1 4.95804E-1 4.87989E-1 4.83458E-1 4.76882E-1 5.06504E-1 4.91263E-1 4.91711E-1 -9999 -9999 -9999 -9999 4.24072E-1 3.79393E-1 3.80298E-1 3.25634E-1 -9999 3.36268E-1 3.16955E-1 1.74818E-1 2.85307E-1 3.1066E-1 1.67129E-1 1.10172E-1 2.0063E-1 1.61616E-1 2.27986E-1 2.92377E-1 2.62508E-1 1.86909E-1 1.03118E-1 1.26088E-1 1.18052E-1 1.10455E-1 9.61629E-2 1.17843E-1 9.36958E-2 1.0186E-1 1.3755E-1 1.93055E-1 2.87103E-1 3.07347E-1 3.71775E-1 4.30212E-1
-9999 -9999 -9999 -9999 -9999 -9999 -9999 -9999 -9999 -9999 -9999 -9999 -9999 -9999 -9999 -9999 -9999 7.40043E-1 5.11755E-1 3.70358E-1 6.46635E-1 6.56389E-1 5.93111E-1 5.93535E-1 4.98409E-1 5.87227E-1 5.18555E-1 5.1176E-1 5.09261E-1 5.06529E-1 5.26956E-1 4.90359E-1 5.25501E-1 5.45309E-1 -9999 -9999 -9999 -9999 -9999 -9999 -9999 -9999 -9999 3.63029E-1 5.4031E-1 4.74999E-1 4.49819E-1 3.60933E-1 2.07231E-1 1.38152E-1 2.00307E-1 1.71112E-1 2.12964E-1 2.29151E-1 2.50733E-1 2.13132E-1 1.98222E-1 1.95526E-1 1.58792E-1 1.73985E-1 1.29346E-1 9.59399E-2 1.1756E-1 1.4701E-1 1.76455E-1 1.56941E-1 1.47607E-1 1.67978E-1 2.66414E-1 2.32701E-1 2.29058E-1 3.15174E-1
-9999 -9999 -9999 -9999 -9999 -9999 -9999 -9999 -9999 -9999 -9999 -9999 -9999 -9999 -9999 -9999 -9999 7.00092E-1 7.69976E-1 5.81874E-1 5.58452E-1 5.6662E-1 5.43296E-1 5.66014E-1 4.27086E-1 4.46913E-1 5.47817E-1 5.19887E-1 5.20336E-1 5.13769E-1 5.3679E-1 5.09962E-1 5.38303E-1 5.3386E-1 -9999 -9999 -9999 -9999 -9999 -9999 -9999 -9999 -9999 -9999 5.42818E-1 4.09904E-1 4.44742E-1 3.47888E-1 2.0372E-1 1.96495E-1 3.03625E-1 2.92241E-1 2.84065E-1 3.53143E-1 3.47166E-1 2.45931E-1 1.97873E-1 1.91763E-1 1.7871E-1 1.30201E-1 9.91097E-2 1.32852E-1 1.35956E-1 1.44122E-1 1.91855E-1 1.94885E-1 1.58417E-1 2.35825E-1 3.36605E-1 2.49151E-1 2.50071E-1 1.90019E-1
-9999 -9999 -9999 -9999 -9999 -9999 -9999 -9999 -9999 -9999 -9999 -9999 -9999 -9999 -9999 -9999 -9999 -9999 8.27013E-1 6.31002E-1 5.00357E-1 4.94615E-1 4.68757E-1 3.74518E-1 3.81082E-1 3.62987E-1 4.81645E-1 6.43141E-1 5.93789E-1 5.6945E-1 5.62397E-1 5.53487E-1 5.52262E-1 5.52437E-1 5.47405E-1 -9999 -9999 -9999 -9999 -9999 -9999 -9999 -9999 -9999 -9999 3.68795E-1 3.19043E-1 2.52209E-1 3.24721E-1 3.07692E-1 3.13383E-1 -9999 4.01843E-1 3.08232E-1 1.80419E-1 1.04187E-1 1.17788E-1 9.29345E-2 1.37601E-1 1.98362E-1 1.82221E-1 1.55743E-1 1.34995E-1 1.55782E-1 1.0851E-1 1.51578E-1 2.27773E-1 3.2217E-1 3.47013E-1 2.65483E-1 2.03569E-1 2.43589E-1
-9999 -9999 -9999 -9999 -9999 -9999 -9999 -9999 -9999 -9999 -9999 -9999 -9999 -9999 -9999 -9999 -9999 -9999 7.56906E-1 7.42996E-1 4.89147E-1 4.21352E-1 3.89524E-1 2.50389E-1 2.84294E-1 3.5048E-1 5.04807E-1 6.66723E-1 5.91561E-1 5.968E-1 5.93672E-1 5.76397E-1 6.0181E-1 5.78957E-1 5.94232E-1 -9999 -9999 -9999 -9999 -9999 -9999 -9999 -9999 -9999 -9999 3.64819E-1 3.72776E-1 3.60301E-1 3.37888E-1 3.58656E-1 -9999 4.85961E-1 3.2224E-1 1.22643E-1 1.45021E-1 1.89118E-1 2.08009E-1 3.11722E-1 2.17317E-1 1.78109E-1 2.00514E-1 2.03571E-1 1.90976E-1 2.3417E-1 1.80827E-1 1.30889E-1 1.10732E-1 2.41017E-1 2.49019E-1 2.31521E-1 1.28921E-1 2.77398E-1
-9999 -9999 -9999 -9999 -9999 -9999 -9999 -9999 -9999 -9999 -9999 -9999 -9999 -9999 -9999 -9999 -9999 -9999 6.59193E-1 8.5301E-1 5.87669E-1 2.26801E-1 2.34517E-1 2.47731E-1 2.26728E-1 3.04154E-1 3.4732E-1 5.0206E-1 6.32216E-1 6.20085E-1 5.75626E-1 6.11156E-1 6.05409E-1 5.9884E-1 6.41565E-1 -9999 -9999 -9999 -9999 -9999 -9999 -9999 -9999 -9999 -9999 -9999 4.05117E-1 -9999 -9999 -9999 4.0749E-1 2.93778E-1 3.32883E-1 1.36305E-1 1.69631E-1 2.86013E-1 2.84748E-1 2.96547E-1 2.81347E-1 3.26236E-1 3.21664E-1 2.44851E-1 2.30708E-1 1.72092E-1 8.7108E-2 2.19393E-1 2.16743E-1 1.02477E-1 8.01342E-2 6.9401E-2 9.77193E-2 1.12601E-1
-9999 -9999 -9999 -9999 -9999 -9999 -9999 -9999 -9999 -9999 -9999 -9999 -9999 -9999 -9999 -9999 -9999 -9999 6.58647E-1 7.77953E-1 7.83099E-1 5.87226E-1 3.93846E-1 3.13997E-1 2.26049E-1 3.46332E-1 3.42341E-1 4.30627E-1 5.50004E-1 6.7415E-1 6.33247E-1 6.35174E-1 6.29093E-1 6.0092E-1 -9999 -9999 -9999 -9999 -9999 -9999 -9999 -9999 -9999 -9999 -9999 -9999 -9999 -9999 -9999 5.21567E-1 3.71327E-1 3.36293E-1 2.09564E-1 2.00162E-1 3.05533E-1 2.83176E-1 3.41976E-1 2.55832E-1 3.05024E-1 4.52189E-1 2.97988E-1 1.03762E-1 1.64173E-1 1.95192E-1 2.5711E-1 2.67014E-1 2.51483E-1 2.16822E-1 1.68387E-1 2.28144E-1 1.99626E-1 2.00299E-1
-9999 -9999 -9999 -9999 -9999 -9999 -9999 -9999 -9999 -9999 -9999 -9999 -9999 -9999 -9999 -9999 -9999 -9999 6.1252E-1 7.13774E-1 7.86945E-1 6.21155E-1 3.29021E-1 2.64586E-1 2.82707E-1 2.56223E-1 2.94641E-1 3.05559E-1 5.67949E-1 7.36906E-1 6.80467E-1 6.56229E-1 6.70561E-1 -9999 -9999 -9999 6.92582E-1 -9999 -9999 -9999 -9999 -9999 -9999 -9999 -9999 -9999 -9999 -9999 -9999 -9999 2.7747E-1 3.57522E-1 3.66659E-1 2.96833E-1 2.27287E-1 3.36891E-1 3.17131E-1 3.56349E-1 3.17954E-1 3.84547E-1 2.35454E-1 1.85368E-1 2.85818E-1 2.84122E-1 2.84605E-1 2.6593E-1 2.58955E-1 2.54921E-1 2.93243E-1 3.51706E-1 2.46904E-1 1.84344E-1
-9999 -9999 -9999 -9999 -9999 -9999 -9999 -9999 -9999 -9999 -9999 -9999 -9999 -9999 -9999 -9999 -9999 -9999 -9999 6.61655E-1 6.43272E-1 4.87805E-1 3.60713E-1 4.7726E-1 5.93404E-1 5.65978E-1 3.75742E-1 4.0343E-1 5.55747E-1 7.38332E-1 7.77707E-1 7.08792E-1 -9999 -9999 7.16015E-1 7.0128E-1 6.90079E-1 -9999 -9999 -9999 -9999 -9999 -9999 -9999 -9999 -9999 -9999 -9999 -9999 -9999 -9999 -9999 3.70735E-1 3.55835E-1 3.46005E-1 2.45626E-1 3.30593E-1 3.13122E-1 2.97027E-1 3.63646E-1 2.58928E-1 1.97325E-1 2.53659E-1 2.93795E-1 2.76627E-1 2.77409E-1 2.95872E-1 2.93776E-1 3.40369E-1 2.24618E-1 2.48016E-1 3.07754E-1
-9999 -9999 -9999 -9999 -9999 -9999 -9999 -9999 -9999 -9999 -9999 -9999 -9999 -9999 -9999 -9999 -9999 -9999 -9999 -9999 -9999 7.81496E-1 6.74381E-1 5.10816E-1 7.71961E-1 8.15262E-1 7.74912E-1 7.1446E-1 7.02511E-1 7.81976E-1 8.08626E-1 -9999 -9999 -9999 -9999 -9999 -9999 -9999 -9999 -9999 -9999 -9999 -9999 -9999 -9999 -9999 -9999 -9999 -9999 -9999 -9999 -9999 -9999 -9999 -9999 -9999 -9999 -9999 -9999 -9999 -9999 -9999 3.22127E-1 3.48093E-1 3.48404E-1 3.60265E-1 3.25553E-1 3.01125E-1 2.9483E-1 3.06981E-1 3.62989E-1 3.09505E-1
-9999 -9999 -9999 -9999 -9999 -9999 -9999 -9999 -9999 -9999 -9999 -9999 -9999 -9999 -9999 -9999 -9999 -9999 -9999 -9999 -9999 7.04969E-1 6.90801E-1 6.78867E-1 7.31326E-1 -9999 -9999 -9999 -9999 -9999 -9999 7.90591E-1 7.56009E-1 -9999 -9999 -9999 -9999 -9999 -9999 -9999 -9999 -9999 -9999 -9999 -9999 -9999 -9999 -9999 -9999 -9999 -9999 -9999 -9999 -9999 -9999 -9999 -9999 -9999 -9999 -9999 -9999 -9999 3.78383E-1 3.84514E-1 3.55988E-1 3.56729E-1 3.64701E-1 3.64719E-1 3.94376E-1 4.1854E-1 5.36849E-1 4.8228E-1
-9999 -9999 -9999 -9999 -9999 -9999 -9999 -9999 -9999 -9999 -9999 -9999 -9999 -9999 -9999 -9999 -9999 -9999 -9999 -9999 -9999 -9999 -9999 -9999 -9999 -9999 -9999 -9999 -9999 -9999 -9999 7.88038E-1 7.72008E-1 8.08042E-1 -9999 -9999 -9999 -9999 -9999 -9999 -9999 -9999 -9999 -9999 -9999 -9999 -9999 -9999 -9999 -9999 -9999 -9999 -9999 -9999 -9999 -9999 -9999 -9999 -9999 -9999 -9999 -9999 -9999 3.55808E-1 3.81223E-1 4.1172E-1 4.1734E-1 4.29977E-1 4.89741E-1 5.50276E-1 6.03719E-1 5.37419E-1
-9999 -9999 -9999 -9999 -9999 -9999 -9999 -9999 -9999 -9999 -9999 -9999 -9999 -9999 -9999 -9999 -9999 -9999 -9999 -9999 -9999 -9999 -9999 -9999 -9999 -9999 -9999 -9999 -9999 -9999 -9999 8.09361E-1 7.76823E-1 7.73562E-1 8.08556E-1 8.30541E-1 -9999 -9999 -9999 -9999 -9999 -9999 -9999 -9999 -9999 -9999 -9999 -9999 -9999 -9999 -9999 -9999 -9999 -9999 -9999 -9999 -9999 -9999 -9999 -9999 -9999 -9999 -9999 -9999 -9999 4.2104E-1 4.06006E-1 4.88432E-1 5.95472E-1 6.64942E-1 5.93026E-1 6.01042E-1
-9999 -9999 -9999 -9999 -9999 -9999 -9999 -9999 -9999 -9999 -9999 -9999 -9999 -9999 -9999 -9999 -9999 -9999 -9999 -9999 -9999 -9999 -9999 -9999 -9999 -9999 -9999 -9999 -9999 -9999 -9999 -9999 -9999 8.13968E-1 8.07372E-1 7.50965E-1 6.95458E-1 7.33056E-1 -9999 -9999 -9999 -9999 -9999 -9999 -9999 -9999 -9999 -9999 -9999 -9999 -9999 -9999 -9999 -9999 -9999 -9999 -9999 -9999 -9999 -9999 -9999 -9999 -9999 -9999 -9999 4.2032E-1 4.33272E-1 5.02E-1 3.52258E-1 2.24591E-1 1.54363E-1 1.67225E-1
-9999 -9999 -9999 -9999 -9999 -9999 -9999 -9999 -9999 -9999 -9999 -9999 -9999 -9999 -9999 -9999 -9999 -9999 -9999 -9999 -9999 -9999 -9999 -9999 -9999 -9999 -9999 -9999 -9999 -9999 -9999 -9999 -9999 -9999 8.12297E-1 7.69979E-1 7.4254E-1 7.6472E-1 7.70003E-1 -9999 -9999 -9999 -9999 -9999 -9999 -9999 -9999 -9999 -9999 -9999 -9999 -9999 -9999 -9999 -9999 -9999 -9999 -9999 -9999 -9999 -9999 -9999 -9999 -9999 -9999 -9999 -9999 4.49009E-1 5.02563E-1 5.34097E-1 5.54271E-1 5.86055E-1
