Artocarpus altilis SDM files/Last interglacial/results (with bias file)/Artalt_9.asc
ncols         1201
nrows         481
xllcorner     119.99986351115
yllcorner     -15.00013864885
cellsize      0.041666667
NODATA_value  -9999
[rows 160 to 191 of 481, columns 432 to 503 of 1201]
5.03426E-1 5.31125E-1 5.29782E-1 5.29184E-1 5.02432E-1 5.21796E-1 -9999 -9999 -9999 -9999 -9999 -9999 -9999 -9999 -9999 -9999 4.85461E-1 5.13278E-1 -9999 -9999 -9999 -9999 -9999 -9999 -9999 -9999 -9999 -9999 -9999 -9999 -9999 -9999 -9999 -9999 -9999 -9999 -9999 -9999 -9999 -9999 -9999 -9999 -9999 -9999 -9999 -9999 -9999 -9999 -9999 -9999 -9999 -9999 -9999 -9999 -9999 -9999 -9999 -9999 -9999 -9999 -9999 -9999 -9999 -9999 -9999 -9999 -9999 -9999 -9999 -9999 -9999 -9999
4.88873E-1 4.88755E-1 4.87271E-1 4.85388E-1 4.86989E-1 4.88168E-1 5.05507E-1 5.07404E-1 -9999 -9999 -9999 -9999 -9999 -9999 -9999 -9999 -9999 -9999 6.24631E-1 5.28369E-1 -9999 -9999 -9999 -9999 -9999 -9999 -9999 -9999 -9999 -9999 -9999 -9999 -9999 -9999 -9999 -9999 -9999 -9999 -9999 -9999 -9999 -9999 -9999 -9999 -9999 -9999 -9999 -9999 -9999 -9999 -9999 -9999 -9999 -9999 -9999 -9999 -9999 -9999 -9999 -9999 -9999 -9999 -9999 -9999 -9999 -9999 -9999 -9999 -9999 -9999 -9999 -9999
4.76465E-1 4.75054E-1 4.74256E-1 5.0039E-1 4.7196E-1 5.00643E-1 4.71995E-1 4.83156E-1 5.17986E-1 5.16845E-1 5.56161E-1 -9999 -9999 -9999 -9999 -9999 -9999 -9999 5.11543E-1 5.14498E-1 -9999 -9999 -9999 -9999 -9999 -9999 -9999 -9999 -9999 -9999 -9999 -9999 -9999 -9999 -9999 -9999 -9999 -9999 -9999 -9999 -9999 -9999 -9999 -9999 -9999 -9999 -9999 -9999 -9999 -9999 -9999 -9999 -9999 -9999 -9999 -9999 -9999 -9999 -9999 -9999 -9999 -9999 -9999 -9999 -9999 -9999 -9999 -9999 -9999 -9999 -9999 -9999
4.42637E-1 4.61702E-1 4.86723E-1 4.85899E-1 4.87181E-1 5.10889E-1 4.83844E-1 4.86634E-1 4.94605E-1 5.0056E-1 5.01715E-1 5.25153E-1 5.08676E-1 5.08053E-1 5.42075E-1 -9999 -9999 -9999 -9999 -9999 -9999 -9999 -9999 -9999 -9999 -9999 -9999 -9999 -9999 -9999 -9999 -9999 -9999 -9999 -9999 -9999 -9999 -9999 -9999 -9999 -9999 -9999 -9999 -9999 -9999 -9999 -9999 -9999 -9999 -9999 -9999 -9999 -9999 -9999 -9999 -9999 -9999 -9999 -9999 -9999 -9999 -9999 -9999 -9999 -9999 -9999 -9999 -9999 -9999 -9999 -9999 -9999
4.41549E-1 4.31612E-1 4.57603E-1 4.55799E-1 5.2726E-1 5.42158E-1 5.44627E-1 5.71081E-1 5.43162E-1 5.51969E-1 5.32816E-1 5.40279E-1 5.11784E-1 5.02913E-1 4.91785E-1 4.71287E-1 4.83043E-1 -9999 -9999 -9999 -9999 -9999 -9999 -9999 -9999 -9999 -9999 -9999 -9999 -9999 -9999 -9999 -9999 -9999 -9999 -9999 -9999 -9999 -9999 -9999 -9999 -9999 -9999 -9999 -9999 -9999 -9999 -9999 -9999 -9999 -9999 -9999 -9999 -9999 -9999 -9999 -9999 -9999 -9999 -9999 -9999 -9999 -9999 -9999 -9999 -9999 -9999 -9999 -9999 -9999 -9999 -9999
3.4934E-1 3.64429E-1 3.87526E-1 4.44588E-1 5.46869E-1 5.74365E-1 5.62156E-1 5.4079E-1 5.97113E-1 4.7417E-1 4.52738E-1 4.86464E-1 4.51457E-1 4.35278E-1 4.54664E-1 4.61333E-1 4.69863E-1 4.77934E-1 4.96324E-1 -9999 -9999 -9999 -9999 -9999 -9999 -9999 -9999 -9999 -9999 -9999 -9999 -9999 -9999 -9999 -9999 -9999 -9999 -9999 -9999 -9999 -9999 -9999 -9999 -9999 -9999 -9999 -9999 -9999 -9999 -9999 -9999 -9999 -9999 -9999 -9999 -9999 -9999 -9999 -9999 -9999 -9999 -9999 -9999 -9999 -9999 -9999 -9999 -9999 -9999 -9999 -9999 -9999
4.7174E-1 4.46857E-1 4.44587E-1 4.48753E-1 5.11715E-1 5.47669E-1 5.25184E-1 5.69644E-1 4.67309E-1 3.30051E-1 4.40092E-1 3.48138E-1 3.9154E-1 4.06014E-1 4.1078E-1 4.50263E-1 4.54719E-1 4.54152E-1 4.59866E-1 -9999 -9999 -9999 -9999 -9999 -9999 -9999 -9999 -9999 -9999 -9999 -9999 -9999 -9999 -9999 -9999 -9999 -9999 -9999 -9999 -9999 -9999 -9999 -9999 -9999 -9999 -9999 -9999 -9999 -9999 -9999 -9999 -9999 -9999 -9999 -9999 -9999 -9999 -9999 -9999 -9999 -9999 -9999 -9999 -9999 -9999 -9999 -9999 -9999 -9999 -9999 -9999 -9999
5.18746E-1 5.03544E-1 4.92578E-1 4.66987E-1 4.46682E-1 4.6635E-1 4.80264E-1 4.16648E-1 2.80098E-1 3.28983E-1 3.71756E-1 3.02928E-1 3.75915E-1 4.22472E-1 4.07798E-1 4.09377E-1 4.3435E-1 4.64609E-1 4.71761E-1 5.08291E-1 -9999 -9999 -9999 -9999 5.52818E-1 -9999 -9999 -9999 -9999 -9999 -9999 -9999 -9999 -9999 -9999 -9999 -9999 -9999 -9999 -9999 -9999 -9999 -9999 -9999 -9999 -9999 -9999 -9999 -9999 -9999 -9999 -9999 -9999 -9999 -9999 -9999 -9999 -9999 -9999 -9999 -9999 -9999 -9999 -9999 -9999 -9999 -9999 -9999 -9999 -9999 -9999 -9999
3.89169E-1 4.07618E-1 4.18236E-1 3.98835E-1 3.61283E-1 3.33467E-1 4.2766E-1 4.33194E-1 3.01991E-1 2.67416E-1 3.03119E-1 3.42889E-1 3.49341E-1 4.162E-1 3.36403E-1 3.62542E-1 3.98617E-1 4.7406E-1 5.63458E-1 6.39118E-1 5.02166E-1 5.25426E-1 5.48859E-1 5.39746E-1 5.51798E-1 -9999 -9999 -9999 -9999 -9999 -9999 -9999 -9999 -9999 -9999 -9999 -9999 -9999 -9999 -9999 -9999 -9999 -9999 -9999 -9999 -9999 -9999 -9999 -9999 -9999 -9999 -9999 -9999 -9999 -9999 -9999 -9999 -9999 -9999 -9999 -9999 -9999 -9999 -9999 -9999 -9999 -9999 -9999 -9999 -9999 -9999 -9999
3.80869E-1 3.36146E-1 3.5859E-1 2.59429E-1 3.42392E-1 3.14932E-1 4.02989E-1 4.20374E-1 4.45818E-1 2.31331E-1 2.64177E-1 3.05843E-1 3.46327E-1 4.2127E-1 3.59192E-1 3.24095E-1 3.81422E-1 4.28502E-1 5.77675E-1 5.18445E-1 2.91232E-1 4.03161E-1 4.89625E-1 4.75374E-1 5.39006E-1 5.45886E-1 5.91356E-1 -9999 -9999 6.62478E-1 -9999 -9999 -9999 -9999 -9999 -9999 -9999 -9999 -9999 -9999 -9999 -9999 -9999 -9999 -9999 -9999 -9999 -9999 -9999 -9999 -9999 -9999 -9999 -9999 -9999 -9999 -9999 -9999 -9999 -9999 -9999 -9999 -9999 -9999 -9999 -9999 -9999 -9999 -9999 -9999 -9999 -9999
3.7265E-1 3.9375E-1 4.49875E-1 3.75882E-1 2.55888E-1 3.21537E-1 3.43881E-1 3.71599E-1 4.40766E-1 3.94195E-1 2.6176E-1 2.7639E-1 3.58571E-1 4.02558E-1 3.52581E-1 3.22148E-1 3.19696E-1 3.87173E-1 5.69598E-1 2.87955E-1 3.54714E-1 3.99854E-1 4.52511E-1 4.26602E-1 5.12552E-1 5.85595E-1 5.62467E-1 5.71587E-1 5.92626E-1 -9999 -9999 -9999 -9999 -9999 -9999 -9999 -9999 -9999 -9999 -9999 -9999 -9999 -9999 -9999 -9999 -9999 -9999 -9999 -9999 -9999 -9999 -9999 -9999 -9999 -9999 -9999 -9999 -9999 -9999 -9999 -9999 -9999 -9999 -9999 -9999 -9999 -9999 -9999 -9999 -9999 -9999 -9999
3.40705E-1 3.59056E-1 3.89067E-1 3.97875E-1 2.50493E-1 1.99594E-1 3.21287E-1 3.34906E-1 4.12331E-1 4.05389E-1 2.20986E-1 1.9956E-1 3.01996E-1 2.61961E-1 3.12088E-1 4.45302E-1 3.20364E-1 3.5026E-1 4.34217E-1 2.68009E-1 3.3791E-1 3.90405E-1 4.60508E-1 4.32332E-1 4.80119E-1 5.7125E-1 5.71881E-1 5.56736E-1 5.74009E-1 5.84148E-1 6.61826E-1 -9999 -9999 -9999 -9999 -9999 -9999 -9999 -9999 -9999 -9999 -9999 -9999 -9999 -9999 -9999 -9999 -9999 -9999 -9999 -9999 -9999 -9999 -9999 -9999 -9999 -9999 -9999 -9999 -9999 -9999 -9999 -9999 -9999 -9999 -9999 -9999 -9999 -9999 -9999 -9999 -9999
3.13375E-1 3.29044E-1 2.67718E-1 3.58878E-1 3.50383E-1 2.75349E-1 1.95648E-1 3.04747E-1 3.20277E-1 3.19731E-1 2.56388E-1 1.99137E-1 2.15999E-1 2.34006E-1 2.21962E-1 2.95731E-1 2.81156E-1 3.28331E-1 3.66245E-1 3.45213E-1 3.84033E-1 4.21851E-1 4.94819E-1 4.73211E-1 5.3577E-1 5.83234E-1 6.41707E-1 5.85707E-1 5.45422E-1 5.67713E-1 6.34075E-1 6.75377E-1 6.96509E-1 7.29773E-1 -9999 -9999 7.50732E-1 -9999 -9999 -9999 -9999 -9999 -9999 -9999 -9999 -9999 -9999 -9999 -9999 -9999 -9999 -9999 -9999 -9999 -9999 -9999 -9999 -9999 -9999 -9999 -9999 -9999 -9999 -9999 -9999 -9999 -9999 -9999 -9999 -9999 -9999 -9999
2.83161E-1 2.91589E-1 3.14099E-1 2.56213E-1 3.12824E-1 1.75139E-1 1.87034E-1 1.70857E-1 2.83273E-1 2.95936E-1 3.07959E-1 3.06354E-1 2.22507E-1 2.72253E-1 2.88904E-1 2.16269E-1 2.57823E-1 3.17172E-1 3.3934E-1 3.63948E-1 3.63165E-1 5.38747E-1 6.20401E-1 6.18356E-1 6.52836E-1 6.57212E-1 6.8063E-1 6.63564E-1 5.68304E-1 5.52978E-1 6.46023E-1 6.2446E-1 7.11336E-1 7.2378E-1 7.23029E-1 7.31263E-1 -9999 -9999 -9999 -9999 -9999 -9999 -9999 -9999 -9999 -9999 -9999 -9999 -9999 -9999 -9999 -9999 -9999 -9999 -9999 -9999 -9999 -9999 -9999 -9999 -9999 -9999 -9999 -9999 -9999 -9999 -9999 -9999 -9999 -9999 -9999 -9999
2.62159E-1 2.56577E-1 3.3951E-1 3.44379E-1 3.05437E-1 2.53074E-1 2.28883E-1 2.32364E-1 2.57924E-1 2.87879E-1 2.87604E-1 3.57151E-1 3.9373E-1 2.88118E-1 3.335E-1 2.37342E-1 2.04434E-1 2.51522E-1 2.49077E-1 2.26748E-1 3.34372E-1 5.59555E-1 5.90312E-1 5.53075E-1 5.27587E-1 5.45169E-1 5.26996E-1 5.01129E-1 3.39533E-1 4.90977E-1 6.07645E-1 6.10269E-1 7.29794E-1 7.32019E-1 7.38867E-1 7.39732E-1 7.26261E-1 -9999 -9999 -9999 -9999 -9999 -9999 -9999 -9999 -9999 -9999 -9999 -9999 -9999 -9999 -9999 -9999 -9999 -9999 -9999 -9999 -9999 -9999 -9999 -9999 -9999 -9999 -9999 -9999 -9999 -9999 -9999 -9999 -9999 -9999 -9999
2.26662E-1 2.33717E-1 3.37365E-1 3.28195E-1 2.2458E-1 2.31188E-1 2.35721E-1 2.17115E-1 2.73891E-1 2.90064E-1 3.16117E-1 3.52702E-1 3.89467E-1 4.3571E-1 4.1244E-1 2.34985E-1 2.45654E-1 2.62218E-1 2.56054E-1 2.61094E-1 3.19569E-1 4.30886E-1 3.43449E-1 2.92159E-1 2.05863E-1 2.07782E-1 2.60889E-1 2.70286E-1 2.86694E-1 3.71407E-1 3.55673E-1 4.54655E-1 6.84733E-1 7.09148E-1 6.67955E-1 5.92015E-1 6.37908E-1 7.10224E-1 7.54707E-1 7.85775E-1 -9999 -9999 -9999 -9999 -9999 -9999 -9999 -9999 -9999 -9999 -9999 -9999 -9999 -9999 -9999 -9999 -9999 -9999 -9999 -9999 -9999 -9999 -9999 -9999 -9999 -9999 -9999 -9999 -9999 -9999 -9999 -9999
3.06459E-1 4.03139E-1 2.48162E-1 2.71946E-1 2.4146E-1 2.60523E-1 3.38307E-1 1.88815E-1 3.09085E-1 3.10981E-1 2.9281E-1 4.03314E-1 4.13709E-1 4.847E-1 4.39255E-1 2.30255E-1 2.37658E-1 2.92189E-1 3.21147E-1 3.53619E-1 4.0565E-1 4.16838E-1 3.41079E-1 3.28169E-1 2.64998E-1 2.78048E-1 3.24222E-1 3.88633E-1 4.17997E-1 4.43852E-1 3.89039E-1 5.15723E-1 6.01109E-1 6.87076E-1 6.73672E-1 6.73302E-1 5.58355E-1 5.31448E-1 7.30506E-1 7.67119E-1 7.7168E-1 -9999 -9999 -9999 -9999 -9999 -9999 -9999 -9999 8.07177E-1 8.05805E-1 8.05029E-1 -9999 -9999 -9999 -9999 -9999 -9999 -9999 -9999 -9999 -9999 -9999 -9999 -9999 -9999 -9999 -9999 -9999 -9999 -9999 -9999
3.43758E-1 4.37941E-1 2.87071E-1 3.05184E-1 2.50752E-1 2.34684E-1 3.08332E-1 2.33653E-1 2.79974E-1 2.53243E-1 3.21483E-1 2.99745E-1 3.2335E-1 4.28149E-1 3.76426E-1 2.13492E-1 2.35628E-1 3.14715E-1 4.52624E-1 5.22959E-1 5.09181E-1 5.09964E-1 5.28711E-1 4.40518E-1 4.35048E-1 4.95229E-1 5.66218E-1 6.11707E-1 6.05079E-1 6.22514E-1 5.98146E-1 6.54253E-1 5.89912E-1 6.87773E-1 6.84951E-1 6.62457E-1 5.74593E-1 5.16926E-1 7.31099E-1 7.4287E-1 7.4729E-1 7.56864E-1 7.5892E-1 -9999 -9999 7.72679E-1 7.72684E-1 7.7155E-1 7.82087E-1 7.73901E-1 6.95895E-1 7.42351E-1 -9999 -9999 -9999 -9999 -9999 -9999 -9999 -9999 -9999 -9999 -9999 -9999 -9999 -9999 -9999 -9999 -9999 -9999 -9999 -9999
2.93704E-1 3.15069E-1 2.21162E-1 2.40654E-1 2.52261E-1 3.59214E-1 2.95117E-1 3.03526E-1 2.59258E-1 2.64998E-1 2.44115E-1 3.22841E-1 3.45751E-1 3.73662E-1 3.47586E-1 3.6272E-1 3.44921E-1 4.05075E-1 4.63382E-1 4.81956E-1 2.80189E-1 3.58206E-1 4.34968E-1 3.51695E-1 4.4196E-1 5.46334E-1 5.79359E-1 5.67221E-1 5.76526E-1 5.42548E-1 5.30716E-1 6.22844E-1 5.72235E-1 6.0741E-1 6.57377E-1 6.49437E-1 6.53363E-1 6.79825E-1 7.15058E-1 7.18052E-1 6.8822E-1 7.04584E-1 7.37222E-1 7.4041E-1 7.45633E-1 7.51926E-1 7.53728E-1 7.55697E-1 7.58984E-1 7.04937E-1 5.45103E-1 5.87419E-1 6.47765E-1 7.80221E-1 7.75019E-1 -9999 7.71757E-1 7.44143E-1 -9999 -9999 -9999 -9999 -9999 -9999 -9999 -9999 -9999 -9999 -9999 -9999 -9999 -9999
1.82707E-1 2.04495E-1 1.9188E-1 1.79393E-1 2.14789E-1 2.79282E-1 2.91613E-1 3.03405E-1 1.95753E-1 1.22156E-1 2.64915E-1 1.91956E-1 2.53782E-1 2.0675E-1 1.17055E-1 1.98157E-1 2.52167E-1 3.1057E-1 4.13217E-1 4.15055E-1 4.20534E-1 4.40154E-1 3.39608E-1 4.3059E-1 4.20338E-1 4.96725E-1 5.48382E-1 5.30947E-1 5.2261E-1 5.34597E-1 5.54797E-1 5.57981E-1 5.25985E-1 5.79983E-1 6.54055E-1 6.35375E-1 6.43356E-1 6.26698E-1 6.47784E-1 6.87249E-1 6.41441E-1 6.59202E-1 6.95049E-1 7.12493E-1 7.17983E-1 7.22299E-1 7.31117E-1 7.32329E-1 7.35364E-1 7.10491E-1 5.92227E-1 6.28709E-1 5.85643E-1 6.24754E-1 6.59315E-1 7.04464E-1 7.72068E-1 5.82725E-1 5.23047E-1 6.82579E-1 7.06553E-1 7.44626E-1 7.62791E-1 -9999 -9999 -9999 -9999 -9999 -9999 -9999 -9999 -9999
2.02707E-1 1.99968E-1 2.00796E-1 1.9679E-1 2.04367E-1 2.02057E-1 1.8604E-1 1.46232E-1 9.61177E-2 1.18397E-1 1.11647E-1 1.85791E-1 1.81049E-1 1.61358E-1 1.26188E-1 2.20006E-1 1.78464E-1 2.33764E-1 2.70834E-1 2.24159E-1 2.91012E-1 2.65093E-1 3.72126E-1 4.05796E-1 4.30476E-1 4.92121E-1 4.84964E-1 4.59154E-1 5.41052E-1 4.86034E-1 4.57866E-1 4.40421E-1 4.70103E-1 5.97475E-1 6.19991E-1 5.87024E-1 5.81532E-1 6.08556E-1 6.10875E-1 6.67358E-1 6.53949E-1 6.48445E-1 6.74288E-1 6.63853E-1 7.00215E-1 7.04506E-1 7.00299E-1 7.11592E-1 7.00088E-1 7.08893E-1 6.6728E-1 6.53965E-1 5.75599E-1 5.2327E-1 5.36674E-1 6.10327E-1 6.9025E-1 5.81869E-1 4.19193E-1 3.942E-1 3.81363E-1 4.00187E-1 4.41334E-1 6.04927E-1 6.48422E-1 7.52408E-1 -9999 -9999 -9999 -9999 -9999 -9999
1.61264E-1 1.19791E-1 1.46606E-1 1.76455E-1 1.51746E-1 2.09933E-1 1.9217E-1 1.80194E-1 1.25812E-1 1.32723E-1 9.60676E-2 1.18517E-1 1.66229E-1 1.25625E-1 1.13875E-1 1.50084E-1 1.01257E-1 1.31903E-1 1.40397E-1 1.61583E-1 2.09166E-1 2.41885E-1 2.26345E-1 2.38757E-1 3.81378E-1 3.64964E-1 3.6136E-1 3.29077E-1 4.75843E-1 4.6107E-1 3.51127E-1 3.22094E-1 3.71453E-1 5.2754E-1 5.60212E-1 5.37951E-1 5.12009E-1 5.58573E-1 6.38199E-1 6.17232E-1 5.73263E-1 6.39146E-1 6.44418E-1 6.20317E-1 6.50288E-1 6.74808E-1 6.70077E-1 6.87547E-1 6.8643E-1 6.86186E-1 7.08233E-1 7.01344E-1 6.51933E-1 5.46999E-1 4.52162E-1 5.29757E-1 5.85873E-1 6.56538E-1 6.34533E-1 4.53875E-1 3.02864E-1 3.78897E-1 2.95117E-1 3.9836E-1 5.02484E-1 7.16851E-1 -9999 -9999 -9999 -9999 -9999 -9999
1.28031E-1 1.55536E-1 1.46021E-1 1.08304E-1 1.18104E-1 1.46536E-1 1.82261E-1 2.18049E-1 1.61148E-1 1.70328E-1 1.48923E-1 1.49501E-1 1.60262E-1 1.33461E-1 1.14466E-1 1.07933E-1 4.16085E-2 5.98661E-2 5.02291E-2 6.24378E-2 8.96085E-2 1.24682E-1 1.6777E-1 1.90193E-1 1.78647E-1 1.54819E-1 1.64224E-1 1.8776E-1 4.64024E-1 4.49843E-1 5.00721E-1 4.9414E-1 5.09165E-1 4.40012E-1 4.20071E-1 5.52505E-1 5.22866E-1 5.80752E-1 6.30092E-1 5.47112E-1 5.26264E-1 5.89923E-1 6.17982E-1 5.80671E-1 6.16569E-1 5.49748E-1 5.19546E-1 6.36783E-1 6.72618E-1 6.54061E-1 6.75295E-1 6.73592E-1 6.64355E-1 6.25067E-1 5.435E-1 5.30182E-1 5.01706E-1 6.25226E-1 6.70124E-1 6.80727E-1 6.62114E-1 5.87984E-1 4.92382E-1 4.73074E-1 6.14114E-1 7.42902E-1 7.17638E-1 -9999 -9999 -9999 -9999 -9999
1.27722E-1 1.31193E-1 1.52481E-1 1.26489E-1 1.26427E-1 1.14503E-1 1.31608E-1 1.74476E-1 1.98013E-1 1.69812E-1 1.80888E-1 2.25026E-1 2.24099E-1 1.80371E-1 2.61008E-1 1.52395E-1 4.7454E-2 6.59944E-2 6.0447E-2 6.78999E-2 9.27829E-2 1.47399E-1 9.05986E-2 5.19378E-2 6.23938E-2 6.10631E-2 9.02482E-2 1.54909E-1 3.79458E-1 3.70211E-1 3.50387E-1 4.27093E-1 3.95029E-1 4.91317E-1 5.46271E-1 5.82036E-1 5.45947E-1 5.81557E-1 5.67082E-1 5.66424E-1 5.09565E-1 5.07849E-1 5.75732E-1 5.6844E-1 4.91998E-1 5.19351E-1 4.6677E-1 4.77032E-1 5.79306E-1 6.11432E-1 5.95284E-1 5.80129E-1 6.11931E-1 6.55328E-1 6.23094E-1 5.79721E-1 5.51384E-1 6.3431E-1 6.75995E-1 6.81116E-1 6.83398E-1 6.83948E-1 6.71033E-1 6.40412E-1 7.03007E-1 7.24309E-1 6.95834E-1 6.61266E-1 7.03299E-1 -9999 6.57926E-1 6.16426E-1
1.52713E-1 1.58224E-1 1.9199E-1 1.95358E-1 2.57286E-1 2.56712E-1 1.82326E-1 1.41666E-1 1.90029E-1 1.96178E-1 2.19158E-1 2.7656E-1 2.6423E-1 2.23696E-1 1.97973E-1 8.63847E-2 7.96139E-2 9.92634E-2 6.77177E-2 9.9785E-2 1.15135E-1 1.76026E-1 8.37017E-2 6.51025E-2 7.41559E-2 9.18931E-2 1.04936E-1 1.31052E-1 1.37962E-1 1.40468E-1 1.86894E-1 3.75979E-1 2.20061E-1 3.49867E-1 3.40199E-1 5.0294E-1 5.11659E-1 5.36936E-1 5.30117E-1 5.09009E-1 4.83193E-1 4.73452E-1 5.48154E-1 5.0509E-1 4.82884E-1 4.16146E-1 3.73193E-1 4.13298E-1 4.93527E-1 4.39193E-1 4.27258E-1 3.88716E-1 4.64531E-1 5.6959E-1 6.08087E-1 6.31409E-1 6.15957E-1 6.05115E-1 6.23093E-1 6.28323E-1 6.44745E-1 6.33362E-1 6.17758E-1 5.25208E-1 5.67715E-1 6.35147E-1 7.00053E-1 6.7651E-1 6.54713E-1 6.76605E-1 6.397E-1 5.03109E-1
1.69956E-1 1.57089E-1 1.63167E-1 1.59313E-1 1.47642E-1 1.31107E-1 1.27595E-1 1.39317E-1 1.16979E-1 1.58543E-1 2.31327E-1 2.83601E-1 3.2028E-1 2.11804E-1 1.6341E-1 1.41399E-1 1.41837E-1 1.49613E-1 8.86762E-2 1.42875E-1 1.23287E-1 1.97141E-1 1.28305E-1 1.001E-1 1.23706E-1 1.26681E-1 1.34525E-1 1.28198E-1 1.41734E-1 1.72838E-1 2.02117E-1 1.83799E-1 1.81462E-1 2.29037E-1 3.03787E-1 4.57997E-1 5.21341E-1 4.77644E-1 4.40473E-1 4.63122E-1 4.65663E-1 4.39744E-1 4.6372E-1 4.39011E-1 4.4197E-1 4.12684E-1 3.88665E-1 3.9197E-1 4.3666E-1 4.61796E-1 4.61532E-1 4.06746E-1 3.78986E-1 4.35422E-1 4.86499E-1 5.70193E-1 5.55183E-1 4.95081E-1 5.01451E-1 5.02667E-1 5.50291E-1 5.95887E-1 6.13006E-1 5.66809E-1 5.81796E-1 5.56832E-1 6.43133E-1 6.60005E-1 6.57567E-1 6.63602E-1 6.48986E-1 6.24949E-1
1.47165E-1 1.49316E-1 1.59721E-1 1.54184E-1 1.5496E-1 1.64111E-1 1.45411E-1 1.43409E-1 1.47057E-1 1.85557E-1 2.02206E-1 2.82848E-1 3.76263E-1 3.37801E-1 2.84368E-1 3.34149E-1 3.1242E-1 1.85615E-1 1.24147E-1 1.61027E-1 1.27254E-1 1.42687E-1 8.95319E-2 1.11684E-1 1.19247E-1 1.25265E-1 1.54238E-1 1.65462E-1 1.94096E-1 2.47763E-1 3.32045E-1 3.03764E-1 3.07714E-1 3.14591E-1 2.47074E-1 2.55121E-1 4.31039E-1 4.69149E-1 3.96476E-1 3.77055E-1 4.14412E-1 4.53856E-1 4.02197E-1 4.48258E-1 4.16819E-1 4.00506E-1 3.88092E-1 3.61872E-1 3.99301E-1 4.29841E-1 4.14968E-1 4.04258E-1 4.37878E-1 3.64479E-1 3.89133E-1 4.68713E-1 5.43076E-1 5.2423E-1 5.17687E-1 5.36826E-1 5.53055E-1 5.57556E-1 5.91529E-1 6.13175E-1 6.0131E-1 5.81564E-1 6.08037E-1 6.23157E-1 6.13252E-1 5.71446E-1 5.17987E-1 4.98657E-1
1.70758E-1 1.77469E-1 1.94422E-1 1.85529E-1 1.72908E-1 1.72947E-1 1.72897E-1 1.64613E-1 1.75342E-1 2.11443E-1 2.3181E-1 1.80937E-1 2.05483E-1 2.48405E-1 2.64747E-1 3.09799E-1 3.12795E-1 2.04161E-1 1.8918E-1 2.05195E-1 1.6804E-1 1.54055E-1 1.38926E-1 1.36613E-1 1.45575E-1 1.66801E-1 1.89278E-1 2.48589E-1 4.45576E-1 4.53656E-1 4.36294E-1 4.51146E-1 4.56409E-1 4.58566E-1 4.47332E-1 4.96481E-1 5.17156E-1 4.81018E-1 3.77254E-1 4.16738E-1 4.58716E-1 4.3736E-1 4.09376E-1 4.38985E-1 4.14572E-1 4.1954E-1 3.90032E-1 3.97518E-1 3.99425E-1 4.27012E-1 4.21818E-1 3.817E-1 3.9983E-1 4.07014E-1 3.86074E-1 3.88126E-1 4.45835E-1 4.69642E-1 5.14109E-1 5.57794E-1 5.82915E-1 5.89714E-1 6.04202E-1 6.10854E-1 6.17085E-1 6.08685E-1 6.27556E-1 5.90863E-1 5.59941E-1 4.15398E-1 3.72092E-1 4.69238E-1
1.65698E-1 1.74649E-1 1.88409E-1 1.96409E-1 2.057E-1 2.1923E-1 1.92729E-1 2.01294E-1 1.9749E-1 2.4456E-1 2.76463E-1 2.47261E-1 2.35124E-1 1.9891E-1 1.94071E-1 2.38288E-1 2.3986E-1 1.91502E-1 2.08284E-1 2.34616E-1 1.89426E-1 2.15154E-1 2.10879E-1 1.96277E-1 2.0279E-1 2.44282E-1 2.6459E-1 3.23425E-1 4.15066E-1 3.5011E-1 4.09759E-1 3.78872E-1 4.28161E-1 4.22684E-1 4.13227E-1 4.59697E-1 4.64865E-1 4.71775E-1 4.21106E-1 3.94647E-1 3.66292E-1 3.88721E-1 3.79881E-1 4.1095E-1 4.36008E-1 4.15875E-1 3.96098E-1 3.6691E-1 3.86337E-1 4.06433E-1 4.3929E-1 4.46145E-1 3.72976E-1 3.49556E-1 3.89222E-1 3.44822E-1 3.23084E-1 3.55793E-1 4.42319E-1 4.6748E-1 4.65159E-1 5.03227E-1 5.44875E-1 5.80729E-1 5.83973E-1 5.81125E-1 5.82981E-1 5.76779E-1 5.53737E-1 4.39995E-1 4.01373E-1 3.74951E-1
1.68201E-1 1.80682E-1 1.79799E-1 1.92628E-1 1.97568E-1 2.11321E-1 2.20723E-1 2.35696E-1 2.37277E-1 2.76506E-1 3.22021E-1 2.91524E-1 2.89428E-1 3.02345E-1 2.97911E-1 2.49549E-1 2.34511E-1 2.29872E-1 2.07057E-1 2.46504E-1 2.61407E-1 3.07061E-1 3.8459E-1 2.91234E-1 2.47929E-1 2.82172E-1 3.24138E-1 4.21476E-1 3.47337E-1 3.85431E-1 4.31177E-1 3.95189E-1 4.48166E-1 4.10177E-1 4.05491E-1 4.40193E-1 4.46208E-1 4.42545E-1 3.95681E-1 3.62842E-1 3.09258E-1 3.23891E-1 3.59425E-1 4.17134E-1 4.4164E-1 4.35516E-1 3.78493E-1 3.64625E-1 3.39876E-1 3.96476E-1 3.76738E-1 4.26507E-1 3.99257E-1 3.43723E-1 3.27388E-1 3.75309E-1 3.69852E-1 3.15649E-1 3.32521E-1 4.54057E-1 4.71163E-1 4.77014E-1 5.2253E-1 5.53923E-1 5.5467E-1 5.50451E-1 5.45274E-1 5.37661E-1 5.3043E-1 4.98453E-1 4.31825E-1 3.79803E-1
1.87377E-1 1.9919E-1 1.84158E-1 2.10821E-1 2.11416E-1 2.31607E-1 2.37641E-1 2.54093E-1 2.94041E-1 2.8077E-1 3.02296E-1 3.09029E-1 3.1198E-1 3.03831E-1 2.90866E-1 3.02081E-1 2.99884E-1 2.58121E-1 2.1947E-1 2.3648E-1 2.38559E-1 3.42097E-1 3.68773E-1 3.63407E-1 3.44214E-1 3.85099E-1 4.05582E-1 4.31621E-1 4.22313E-1 4.54601E-1 4.40522E-1 4.08338E-1 4.31691E-1 3.93976E-1 4.1653E-1 4.33206E-1 4.2486E-1 4.26823E-1 3.7261E-1 3.27507E-1 2.72665E-1 2.73996E-1 3.41055E-1 3.4247E-1 3.91252E-1 4.33958E-1 3.91368E-1 3.74438E-1 3.60754E-1 3.52968E-1 3.1306E-1 3.7941E-1 4.20336E-1 3.96054E-1 3.64481E-1 3.36152E-1 3.45674E-1 3.37846E-1 3.60134E-1 4.03185E-1 3.68421E-1 4.3772E-1 5.19915E-1 4.90694E-1 5.00602E-1 5.32456E-1 5.36357E-1 5.22335E-1 5.14232E-1 5.13832E-1 5.17741E-1 5.06916E-1
2.02555E-1 2.16016E-1 2.11592E-1 2.18432E-1 2.17978E-1 2.33737E-1 2.54157E-1 2.70985E-1 2.69821E-1 2.71293E-1 3.11151E-1 3.11076E-1 3.17342E-1 3.13588E-1 3.27432E-1 3.12724E-1 3.10355E-1 2.89746E-1 2.94672E-1 2.20804E-1 2.27705E-1 2.93026E-1 2.69242E-1 2.87528E-1 2.81942E-1 2.89403E-1 3.00783E-1 3.45559E-1 3.56548E-1 4.21003E-1 4.04247E-1 3.9739E-1 4.27501E-1 4.4689E-1 4.48949E-1 4.16705E-1 3.82124E-1 4.14991E-1 4.25834E-1 3.13218E-1 2.55102E-1 2.69785E-1 2.81248E-1 2.7378E-1 3.5597E-1 4.26903E-1 4.2711E-1 4.01684E-1 3.78725E-1 3.71522E-1 3.70572E-1 3.8155E-1 4.01492E-1 3.59497E-1 3.50476E-1 3.45672E-1 3.30553E-1 2.93508E-1 2.9708E-1 3.45806E-1 3.94252E-1 4.2465E-1 4.33966E-1 4.11954E-1 4.62412E-1 4.88238E-1 5.11805E-1 5.14573E-1 4.97745E-1 4.97851E-1 4.90476E-1 4.83877E-1
