Artocarpus altilis SDM files/Last interglacial/results (with bias file)/Artalt_stddev.asc
ncols         1201
nrows         481
xllcorner     119.99986351115
yllcorner     -15.00013864885
cellsize      0.041666667
NODATA_value  -9999
[rows 448 to 479 of 481, columns 144 to 215 of 1201]
-9999 -9999 -9999 -9999 -9999 -9999 -9999 -9999 -9999 -9999 -9999 -9999 -9999 -9999 -9999 -9999 -9999 -9999 -9999 -9999 -9999 -9999 -9999 -9999 -9999 -9999 -9999 -9999 -9999 -9999 -9999 -9999 -9999 -9999 -9999 -9999 -9999 -9999 -9999 -9999 -9999 -9999 -9999 -9999 -9999 -9999 -9999 -9999 -9999 -9999 -9999 -9999 -9999 -9999 -9999 -9999 -9999 -9999 -9999 -9999 -9999 -9999 -9999 -9999 -9999 -9999 -9999 -9999 -9999 -9999 -9999 -9999
-9999 -9999 -9999 -9999 -9999 -9999 -9999 -9999 -9999 -9999 -9999 -9999 -9999 -9999 -9999 -9999 -9999 -9999 -9999 -9999 -9999 -9999 -9999 -9999 -9999 -9999 -9999 -9999 -9999 -9999 -9999 -9999 -9999 -9999 -9999 -9999 -9999 -9999 -9999 -9999 -9999 -9999 -9999 -9999 -9999 -9999 -9999 -9999 -9999 -9999 -9999 -9999 -9999 -9999 -9999 -9999 -9999 -9999 -9999 -9999 -9999 -9999 -9999 -9999 -9999 -9999 -9999 -9999 -9999 -9999 -9999 -9999
-9999 -9999 -9999 -9999 -9999 -9999 -9999 -9999 -9999 -9999 -9999 -9999 -9999 -9999 -9999 -9999 -9999 -9999 -9999 -9999 -9999 -9999 7.15849E-2 -9999 -9999 -9999 -9999 -9999 -9999 -9999 -9999 -9999 -9999 -9999 -9999 -9999 -9999 -9999 -9999 -9999 -9999 -9999 -9999 -9999 -9999 -9999 -9999 -9999 -9999 -9999 -9999 -9999 -9999 -9999 -9999 -9999 -9999 -9999 -9999 -9999 -9999 -9999 -9999 -9999 -9999 -9999 -9999 -9999 -9999 -9999 -9999 -9999
-9999 -9999 -9999 -9999 -9999 -9999 -9999 -9999 -9999 -9999 -9999 -9999 -9999 -9999 -9999 -9999 -9999 -9999 7.49769E-2 6.89895E-2 7.02623E-2 7.08835E-2 6.99714E-2 6.97534E-2 -9999 -9999 -9999 -9999 -9999 -9999 -9999 -9999 -9999 -9999 -9999 -9999 -9999 -9999 -9999 -9999 -9999 -9999 -9999 -9999 -9999 -9999 -9999 -9999 -9999 -9999 -9999 -9999 -9999 -9999 -9999 -9999 -9999 -9999 -9999 -9999 -9999 -9999 -9999 -9999 -9999 -9999 -9999 -9999 -9999 -9999 -9999 -9999
-9999 -9999 -9999 -9999 -9999 -9999 -9999 -9999 -9999 -9999 -9999 -9999 -9999 -9999 -9999 -9999 -9999 7.4831E-2 7.43988E-2 6.9834E-2 7.46179E-2 6.97439E-2 7.01181E-2 7.45378E-2 7.27367E-2 7.94637E-2 -9999 -9999 -9999 -9999 -9999 -9999 -9999 -9999 -9999 -9999 -9999 -9999 -9999 -9999 -9999 -9999 -9999 -9999 -9999 -9999 -9999 -9999 -9999 -9999 -9999 -9999 -9999 -9999 -9999 -9999 -9999 -9999 -9999 -9999 -9999 -9999 -9999 -9999 -9999 -9999 -9999 -9999 -9999 -9999 -9999 -9999
-9999 -9999 -9999 -9999 -9999 -9999 -9999 -9999 -9999 -9999 -9999 -9999 -9999 -9999 7.98698E-2 -9999 -9999 -9999 7.74465E-2 7.44484E-2 7.40656E-2 6.93296E-2 6.90924E-2 7.32204E-2 7.41221E-2 7.27595E-2 -9999 -9999 -9999 -9999 -9999 -9999 -9999 -9999 -9999 -9999 -9999 -9999 -9999 -9999 -9999 -9999 -9999 -9999 -9999 -9999 -9999 -9999 -9999 -9999 -9999 -9999 -9999 -9999 -9999 -9999 -9999 -9999 -9999 -9999 -9999 -9999 -9999 -9999 -9999 -9999 -9999 -9999 -9999 -9999 -9999 -9999
-9999 4.29694E-2 4.14193E-2 -9999 -9999 -9999 -9999 6.03154E-2 -9999 -9999 -9999 -9999 7.44887E-2 7.38582E-2 7.67516E-2 -9999 -9999 -9999 8.47687E-2 8.15747E-2 7.23975E-2 6.90211E-2 7.10857E-2 7.57868E-2 7.42315E-2 7.65643E-2 8.05685E-2 8.42194E-2 8.63444E-2 8.36096E-2 8.28181E-2 -9999 -9999 -9999 -9999 -9999 -9999 -9999 -9999 -9999 -9999 -9999 -9999 -9999 -9999 -9999 -9999 -9999 -9999 -9999 -9999 -9999 -9999 -9999 -9999 -9999 -9999 -9999 -9999 -9999 -9999 -9999 -9999 -9999 -9999 -9999 -9999 -9999 -9999 -9999 -9999 -9999
4.15967E-2 4.12644E-2 4.55972E-2 4.72128E-2 4.97767E-2 -9999 6.33289E-2 7.14978E-2 -9999 -9999 -9999 -9999 8.42932E-2 8.50513E-2 8.58148E-2 -9999 -9999 -9999 -9999 8.8174E-2 8.40064E-2 7.52119E-2 7.7301E-2 8.01261E-2 7.18952E-2 7.46857E-2 7.74338E-2 8.3515E-2 7.84789E-2 7.55987E-2 7.08151E-2 7.99024E-2 7.42441E-2 7.47906E-2 8.2514E-2 -9999 -9999 -9999 -9999 -9999 -9999 -9999 -9999 -9999 -9999 -9999 -9999 -9999 -9999 -9999 -9999 -9999 -9999 -9999 -9999 -9999 -9999 -9999 -9999 -9999 -9999 -9999 -9999 -9999 -9999 -9999 -9999 -9999 -9999 -9999 -9999 -9999
4.56506E-2 4.45622E-2 4.78567E-2 5.08369E-2 5.58078E-2 6.44855E-2 -9999 7.28468E-2 7.95977E-2 8.19125E-2 8.3613E-2 8.52995E-2 8.71403E-2 -9999 -9999 -9999 8.87596E-2 8.8991E-2 9.00215E-2 8.93288E-2 8.53397E-2 8.98945E-2 8.89557E-2 8.18343E-2 7.06827E-2 7.35084E-2 7.32256E-2 7.63188E-2 6.99221E-2 6.93109E-2 6.59739E-2 6.53771E-2 7.267E-2 6.96051E-2 7.51693E-2 -9999 -9999 -9999 -9999 -9999 -9999 -9999 -9999 -9999 -9999 -9999 -9999 -9999 -9999 -9999 -9999 -9999 -9999 -9999 -9999 -9999 -9999 -9999 -9999 -9999 -9999 -9999 -9999 -9999 -9999 -9999 -9999 -9999 -9999 -9999 -9999 -9999
4.96882E-2 5.07099E-2 5.55332E-2 5.67829E-2 5.08344E-2 5.87984E-2 -9999 -9999 8.10355E-2 8.52377E-2 8.09266E-2 8.07026E-2 -9999 -9999 -9999 -9999 9.01722E-2 9.02822E-2 9.12681E-2 8.6927E-2 7.81519E-2 8.2611E-2 8.54759E-2 8.63363E-2 7.95556E-2 7.58808E-2 6.93402E-2 6.66804E-2 6.82734E-2 6.56013E-2 6.4869E-2 6.36526E-2 6.75912E-2 6.54505E-2 6.6089E-2 -9999 -9999 -9999 -9999 -9999 -9999 -9999 -9999 -9999 -9999 -9999 -9999 -9999 -9999 -9999 -9999 -9999 -9999 -9999 -9999 -9999 -9999 -9999 -9999 -9999 -9999 -9999 -9999 -9999 -9999 -9999 -9999 -9999 -9999 -9999 -9999 -9999
5.28585E-2 4.80927E-2 5.38788E-2 5.19394E-2 6.49634E-2 -9999 -9999 -9999 8.05772E-2 7.68645E-2 7.72734E-2 8.58715E-2 -9999 -9999 -9999 9.15705E-2 -9999 9.1651E-2 8.75964E-2 8.32298E-2 8.01476E-2 8.10063E-2 8.09863E-2 8.46993E-2 7.86525E-2 7.8944E-2 7.17757E-2 6.98732E-2 6.96367E-2 6.85877E-2 6.67012E-2 6.88558E-2 6.52222E-2 6.52473E-2 6.88063E-2 8.2375E-2 9.094E-2 -9999 -9999 -9999 -9999 -9999 -9999 -9999 -9999 -9999 -9999 -9999 -9999 -9999 -9999 -9999 -9999 -9999 -9999 -9999 -9999 -9999 -9999 -9999 -9999 -9999 -9999 -9999 -9999 -9999 -9999 -9999 -9999 -9999 -9999 -9999
6.15673E-2 6.66144E-2 7.12395E-2 6.21683E-2 6.3037E-2 -9999 -9999 8.58201E-2 8.25954E-2 7.39345E-2 8.27641E-2 8.77726E-2 8.87343E-2 -9999 -9999 9.18419E-2 9.27288E-2 9.25239E-2 8.05603E-2 8.68225E-2 8.22863E-2 8.37821E-2 8.30227E-2 8.05125E-2 7.72768E-2 7.80045E-2 7.7117E-2 7.62652E-2 7.16218E-2 7.21499E-2 7.21671E-2 7.49258E-2 7.14058E-2 7.07834E-2 6.77494E-2 6.76911E-2 8.42526E-2 8.77981E-2 -9999 -9999 -9999 -9999 -9999 -9999 -9999 -9999 -9999 -9999 -9999 -9999 -9999 -9999 -9999 -9999 -9999 -9999 -9999 -9999 -9999 -9999 -9999 -9999 -9999 -9999 -9999 -9999 -9999 -9999 -9999 -9999 -9999 -9999
-9999 -9999 -9999 7.93195E-2 7.91584E-2 8.53782E-2 -9999 8.82557E-2 7.95404E-2 7.54046E-2 8.11684E-2 8.45439E-2 8.9448E-2 9.03701E-2 -9999 9.33838E-2 9.30892E-2 9.3403E-2 8.29069E-2 8.37133E-2 8.37956E-2 7.88958E-2 8.16613E-2 8.4898E-2 8.27345E-2 8.08686E-2 8.03263E-2 7.67077E-2 7.32809E-2 7.37365E-2 7.69061E-2 7.56257E-2 7.4557E-2 7.32956E-2 7.02648E-2 6.86668E-2 6.96274E-2 7.68717E-2 8.45589E-2 -9999 -9999 -9999 -9999 -9999 -9999 -9999 -9999 -9999 -9999 -9999 -9999 -9999 -9999 -9999 -9999 -9999 -9999 -9999 -9999 -9999 -9999 -9999 -9999 -9999 -9999 -9999 -9999 -9999 -9999 -9999 -9999 -9999
-9999 -9999 -9999 8.04951E-2 7.59552E-2 8.55183E-2 8.65271E-2 8.87012E-2 8.98505E-2 8.137E-2 6.98819E-2 7.81271E-2 7.57774E-2 8.35431E-2 9.17612E-2 9.37387E-2 9.06453E-2 9.06739E-2 8.50414E-2 7.98383E-2 8.3533E-2 8.20096E-2 8.33055E-2 8.93242E-2 8.85065E-2 8.78576E-2 8.55484E-2 7.89418E-2 7.83642E-2 7.80635E-2 8.05873E-2 8.00379E-2 8.08632E-2 7.87354E-2 7.45196E-2 7.19586E-2 7.06879E-2 7.27504E-2 7.89087E-2 8.92098E-2 -9999 -9999 -9999 -9999 -9999 -9999 -9999 -9999 -9999 -9999 -9999 -9999 -9999 -9999 -9999 -9999 -9999 -9999 -9999 -9999 -9999 -9999 -9999 -9999 -9999 -9999 -9999 -9999 -9999 -9999 -9999 -9999
8.00076E-2 8.54908E-2 8.12764E-2 7.83207E-2 7.67913E-2 8.71122E-2 8.85778E-2 9.03544E-2 8.61967E-2 8.27149E-2 7.6428E-2 7.15451E-2 6.77957E-2 8.36691E-2 9.20061E-2 8.61069E-2 8.82785E-2 8.59936E-2 7.8401E-2 7.91557E-2 8.32512E-2 8.80141E-2 8.9045E-2 9.02084E-2 9.19909E-2 8.67872E-2 8.29021E-2 8.1527E-2 8.33254E-2 8.25411E-2 8.22528E-2 8.17048E-2 8.33915E-2 8.16446E-2 7.72453E-2 7.77998E-2 7.60038E-2 7.56299E-2 7.85079E-2 8.2459E-2 9.46947E-2 -9999 -9999 -9999 -9999 -9999 -9999 -9999 -9999 -9999 -9999 -9999 -9999 -9999 -9999 -9999 -9999 -9999 -9999 -9999 -9999 -9999 -9999 -9999 -9999 -9999 -9999 -9999 -9999 -9999 -9999 -9999
-9999 7.779E-2 6.9062E-2 7.48486E-2 8.24811E-2 8.42228E-2 8.11595E-2 8.51864E-2 8.30443E-2 6.99148E-2 6.91974E-2 6.65828E-2 7.32649E-2 8.58563E-2 8.97633E-2 8.55684E-2 8.23456E-2 7.53638E-2 7.69128E-2 7.97561E-2 8.52489E-2 9.15263E-2 9.24245E-2 9.37145E-2 8.85524E-2 8.86204E-2 8.45493E-2 8.56115E-2 8.80259E-2 8.61019E-2 8.76184E-2 8.72946E-2 8.42656E-2 8.22658E-2 8.14293E-2 8.18682E-2 7.96265E-2 7.74403E-2 7.7841E-2 8.13044E-2 8.16203E-2 9.47694E-2 -9999 -9999 -9999 -9999 -9999 -9999 -9999 -9999 -9999 -9999 -9999 -9999 -9999 -9999 -9999 -9999 -9999 -9999 -9999 -9999 -9999 -9999 -9999 -9999 -9999 -9999 -9999 -9999 -9999 -9999
6.82191E-2 8.82048E-2 6.57845E-2 6.36903E-2 7.16649E-2 7.77429E-2 7.40708E-2 8.2106E-2 7.30178E-2 6.41223E-2 6.75428E-2 7.58929E-2 8.07369E-2 8.02632E-2 8.58463E-2 9.17075E-2 7.98185E-2 7.70986E-2 8.1593E-2 8.31865E-2 8.71084E-2 9.49639E-2 9.53153E-2 9.58347E-2 8.74769E-2 8.55286E-2 8.82526E-2 8.83402E-2 9.01612E-2 9.09594E-2 8.8855E-2 8.84017E-2 8.81466E-2 8.7724E-2 8.56862E-2 8.33437E-2 8.49755E-2 8.17367E-2 8.14944E-2 7.81741E-2 7.90124E-2 8.87269E-2 9.45065E-2 -9999 -9999 -9999 -9999 -9999 -9999 -9999 -9999 -9999 -9999 -9999 -9999 -9999 -9999 -9999 -9999 -9999 -9999 -9999 -9999 -9999 -9999 -9999 -9999 -9999 -9999 -9999 -9999 -9999
8.3549E-2 8.95403E-2 8.06615E-2 6.51971E-2 6.41386E-2 7.13838E-2 7.31347E-2 7.73847E-2 6.8439E-2 6.99433E-2 7.21356E-2 7.64891E-2 7.64614E-2 7.53798E-2 8.7685E-2 8.977E-2 8.50939E-2 8.01825E-2 8.21057E-2 8.6021E-2 9.44178E-2 9.59312E-2 9.6943E-2 9.56631E-2 8.89143E-2 9.05998E-2 9.26767E-2 9.28646E-2 9.24183E-2 9.19492E-2 9.23217E-2 9.23991E-2 9.44201E-2 9.25722E-2 9.23553E-2 8.87963E-2 8.64842E-2 8.83337E-2 8.63917E-2 8.49733E-2 8.60814E-2 9.43484E-2 9.98495E-2 1.00004E-1 -9999 -9999 -9999 -9999 -9999 -9999 -9999 -9999 -9999 -9999 -9999 -9999 -9999 -9999 -9999 -9999 -9999 -9999 -9999 -9999 -9999 -9999 -9999 -9999 -9999 -9999 -9999 -9999
7.55776E-2 7.20316E-2 6.97547E-2 6.19151E-2 6.12532E-2 6.7195E-2 7.31169E-2 7.11731E-2 7.02437E-2 7.0135E-2 7.39939E-2 7.68599E-2 8.18461E-2 8.6064E-2 9.12258E-2 9.48844E-2 8.83227E-2 8.57249E-2 8.45734E-2 8.9641E-2 9.76244E-2 9.70386E-2 9.76286E-2 9.63926E-2 9.07953E-2 9.47823E-2 9.50204E-2 9.72422E-2 9.62749E-2 9.49305E-2 9.57742E-2 9.65524E-2 9.33939E-2 9.3785E-2 9.24212E-2 9.07225E-2 9.19646E-2 9.03185E-2 9.13554E-2 8.88412E-2 9.24336E-2 9.60573E-2 9.13018E-2 9.39441E-2 -9999 -9999 -9999 -9999 -9999 -9999 -9999 -9999 -9999 -9999 -9999 -9999 -9999 -9999 -9999 -9999 -9999 -9999 -9999 -9999 -9999 -9999 -9999 -9999 -9999 -9999 -9999 -9999
8.497E-2 6.60042E-2 6.48062E-2 6.18779E-2 6.55758E-2 6.65399E-2 7.28549E-2 7.01E-2 7.27953E-2 7.46371E-2 7.74006E-2 7.82205E-2 8.38719E-2 8.67547E-2 9.24774E-2 9.58662E-2 8.67526E-2 8.55274E-2 9.1667E-2 9.61787E-2 9.98788E-2 1.00384E-1 9.85013E-2 9.26594E-2 9.31559E-2 9.59679E-2 9.75408E-2 9.762E-2 9.83454E-2 9.71026E-2 9.86639E-2 9.71225E-2 9.77579E-2 9.69876E-2 9.8693E-2 9.51769E-2 9.5466E-2 9.16705E-2 9.62712E-2 9.28394E-2 9.29459E-2 8.64599E-2 8.89742E-2 9.07248E-2 9.92634E-2 -9999 -9999 -9999 -9999 -9999 -9999 -9999 -9999 -9999 -9999 -9999 -9999 -9999 -9999 -9999 -9999 -9999 -9999 -9999 -9999 -9999 -9999 -9999 -9999 -9999 -9999 -9999
9.50512E-2 7.38658E-2 6.28873E-2 6.48625E-2 6.75246E-2 7.00865E-2 7.18249E-2 7.385E-2 7.70725E-2 8.00178E-2 8.31411E-2 7.96853E-2 8.59906E-2 9.19674E-2 9.59612E-2 8.97087E-2 9.85163E-2 9.95035E-2 1.02022E-1 9.93443E-2 1.00304E-1 1.0106E-1 9.45853E-2 9.22185E-2 9.63261E-2 9.725E-2 1.01297E-1 1.00063E-1 1.00199E-1 9.95777E-2 1.00232E-1 1.00275E-1 9.90516E-2 9.94815E-2 9.9285E-2 1.00285E-1 1.0244E-1 9.63376E-2 9.44353E-2 1.03983E-1 9.64686E-2 8.82101E-2 9.48013E-2 9.57669E-2 1.00154E-1 1.03638E-1 -9999 -9999 -9999 -9999 -9999 -9999 -9999 -9999 -9999 -9999 -9999 -9999 -9999 -9999 -9999 -9999 -9999 -9999 -9999 -9999 -9999 -9999 -9999 -9999 -9999 -9999
9.55529E-2 8.20519E-2 6.49607E-2 6.68475E-2 7.07253E-2 7.4327E-2 7.63794E-2 7.92125E-2 8.0165E-2 8.02588E-2 8.5725E-2 9.17226E-2 9.28781E-2 9.48494E-2 8.45613E-2 8.58769E-2 9.43178E-2 9.69269E-2 1.00791E-1 9.94319E-2 1.00517E-1 1.03626E-1 9.8796E-2 9.40223E-2 9.93962E-2 9.88163E-2 9.8001E-2 9.99377E-2 1.01644E-1 1.04176E-1 1.01234E-1 1.0305E-1 1.0111E-1 1.00282E-1 1.025E-1 1.02402E-1 1.0364E-1 1.03818E-1 1.08027E-1 1.08109E-1 1.00981E-1 9.26792E-2 9.21617E-2 9.52468E-2 9.15919E-2 9.86094E-2 1.04106E-1 -9999 -9999 -9999 -9999 -9999 -9999 -9999 -9999 -9999 -9999 -9999 -9999 -9999 -9999 -9999 -9999 -9999 -9999 -9999 -9999 -9999 -9999 -9999 -9999 -9999
9.21598E-2 9.20942E-2 7.13312E-2 6.93804E-2 7.36392E-2 7.72673E-2 8.01793E-2 8.00689E-2 7.78692E-2 8.37701E-2 8.7899E-2 8.76416E-2 9.31507E-2 8.97327E-2 8.60262E-2 8.74396E-2 8.70624E-2 9.33789E-2 9.92005E-2 9.77201E-2 1.00826E-1 1.03434E-1 1.00847E-1 9.79812E-2 9.9124E-2 1.01393E-1 1.0102E-1 1.03872E-1 1.02677E-1 1.04842E-1 1.03937E-1 1.0312E-1 1.00614E-1 1.02094E-1 1.03957E-1 1.02425E-1 1.024E-1 1.06768E-1 1.10237E-1 1.04777E-1 1.01625E-1 9.51966E-2 9.51849E-2 9.2392E-2 9.05673E-2 9.51301E-2 1.07006E-1 1.08622E-1 1.08109E-1 -9999 -9999 -9999 -9999 -9999 -9999 -9999 -9999 -9999 -9999 -9999 -9999 -9999 -9999 -9999 -9999 -9999 -9999 -9999 -9999 -9999 -9999 -9999
8.34935E-2 7.82033E-2 7.47786E-2 6.99998E-2 7.63463E-2 8.13114E-2 7.71894E-2 8.11495E-2 8.27778E-2 8.41888E-2 8.22022E-2 8.80482E-2 9.01861E-2 8.80468E-2 8.74089E-2 8.73857E-2 9.36486E-2 9.72733E-2 9.94131E-2 9.5415E-2 1.0315E-1 1.053E-1 1.02262E-1 9.95231E-2 1.02954E-1 1.02151E-1 1.0366E-1 1.04567E-1 1.06385E-1 1.07139E-1 1.03332E-1 1.0383E-1 1.05354E-1 1.04586E-1 1.11624E-1 1.07333E-1 1.06576E-1 1.07799E-1 1.07984E-1 1.03915E-1 1.05374E-1 9.98753E-2 9.83541E-2 9.73816E-2 9.68619E-2 9.42447E-2 1.02148E-1 1.11166E-1 1.03175E-1 9.9861E-2 -9999 -9999 -9999 -9999 -9999 -9999 -9999 -9999 -9999 -9999 -9999 -9999 -9999 -9999 -9999 -9999 -9999 -9999 -9999 -9999 -9999 -9999
7.70658E-2 7.00339E-2 7.13388E-2 7.25454E-2 7.93297E-2 7.75861E-2 7.91934E-2 8.24764E-2 8.47586E-2 8.62701E-2 8.45184E-2 8.82227E-2 8.80971E-2 8.64472E-2 9.10436E-2 8.8613E-2 9.68172E-2 1.02474E-1 1.04476E-1 1.03244E-1 9.99094E-2 9.99446E-2 9.98672E-2 1.03605E-1 1.02503E-1 1.03326E-1 1.02758E-1 1.03234E-1 1.04155E-1 1.02691E-1 1.0563E-1 1.07018E-1 1.06467E-1 1.05964E-1 1.06932E-1 1.10932E-1 1.06655E-1 1.07149E-1 1.08705E-1 1.14343E-1 1.08972E-1 1.02843E-1 1.01628E-1 1.05864E-1 1.04789E-1 1.03745E-1 1.06108E-1 1.15047E-1 1.06249E-1 1.02987E-1 1.08681E-1 -9999 -9999 -9999 -9999 -9999 -9999 -9999 -9999 -9999 -9999 -9999 -9999 -9999 -9999 -9999 -9999 -9999 -9999 -9999 -9999 -9999
7.90035E-2 7.447E-2 7.1639E-2 7.56463E-2 7.91129E-2 7.66419E-2 8.14001E-2 8.32159E-2 8.62322E-2 8.83353E-2 8.37937E-2 8.6284E-2 9.08756E-2 8.86228E-2 8.95391E-2 9.33546E-2 9.97526E-2 1.03232E-1 1.02517E-1 1.03057E-1 9.39509E-2 9.4998E-2 1.01468E-1 1.06565E-1 1.06068E-1 1.00734E-1 1.02603E-1 1.041E-1 1.06255E-1 1.06041E-1 1.07897E-1 1.06751E-1 1.06895E-1 1.05742E-1 1.06096E-1 1.08207E-1 1.07952E-1 1.16365E-1 1.16858E-1 1.17846E-1 1.12884E-1 1.11814E-1 1.07903E-1 1.12419E-1 1.08132E-1 1.00845E-1 1.0478E-1 1.14421E-1 1.12551E-1 1.02872E-1 1.00294E-1 1.13989E-1 -9999 -9999 -9999 -9999 -9999 -9999 -9999 -9999 -9999 -9999 -9999 -9999 -9999 -9999 -9999 -9999 -9999 -9999 -9999 -9999
8.03504E-2 7.19273E-2 7.28623E-2 7.59315E-2 8.12055E-2 7.99775E-2 8.50826E-2 8.79532E-2 9.01897E-2 8.54353E-2 8.65707E-2 9.20747E-2 9.19515E-2 9.23447E-2 9.3568E-2 9.4266E-2 9.52179E-2 1.04631E-1 1.04834E-1 9.60484E-2 9.6644E-2 1.02903E-1 1.05516E-1 1.01363E-1 1.0406E-1 1.06148E-1 1.0284E-1 1.04369E-1 1.0655E-1 1.05478E-1 1.08127E-1 1.10208E-1 1.10412E-1 1.10627E-1 1.0978E-1 1.13767E-1 1.17536E-1 1.19331E-1 1.22171E-1 1.16511E-1 1.1274E-1 1.11777E-1 1.09793E-1 1.14266E-1 1.08666E-1 1.03299E-1 1.01746E-1 1.03205E-1 1.0401E-1 1.12282E-1 1.1074E-1 1.21281E-1 1.15512E-1 1.21004E-1 -9999 1.18266E-1 -9999 -9999 -9999 -9999 -9999 -9999 -9999 -9999 -9999 -9999 -9999 -9999 -9999 -9999 -9999 -9999
7.43247E-2 7.50593E-2 7.49424E-2 7.87544E-2 8.43913E-2 8.23864E-2 8.29635E-2 8.73361E-2 9.08659E-2 8.84151E-2 8.9533E-2 9.34256E-2 9.21737E-2 9.36462E-2 9.71263E-2 9.42724E-2 9.92809E-2 1.06714E-1 1.07304E-1 1.0229E-1 9.78239E-2 1.0228E-1 1.05234E-1 1.03319E-1 1.00328E-1 1.05943E-1 1.03289E-1 1.07262E-1 1.0481E-1 1.10289E-1 1.09398E-1 1.1267E-1 1.12843E-1 1.1525E-1 1.13871E-1 1.14309E-1 1.19254E-1 1.13846E-1 1.20891E-1 1.15827E-1 1.10818E-1 1.09877E-1 1.18876E-1 1.12952E-1 1.11784E-1 1.14269E-1 1.06284E-1 1.05867E-1 1.07738E-1 1.05834E-1 1.08912E-1 1.1754E-1 1.28828E-1 -9999 -9999 1.1631E-1 -9999 -9999 -9999 1.22432E-1 1.2197E-1 1.21084E-1 1.2222E-1 1.22183E-1 -9999 -9999 -9999 -9999 -9999 -9999 -9999 -9999
7.5522E-2 7.72366E-2 7.88042E-2 8.21979E-2 8.45459E-2 8.14064E-2 8.41022E-2 9.00055E-2 9.07084E-2 9.09595E-2 9.18327E-2 9.15701E-2 9.34155E-2 9.5893E-2 1.0068E-1 1.02708E-1 1.05914E-1 1.06909E-1 1.07901E-1 1.05684E-1 9.54809E-2 1.02268E-1 1.04154E-1 1.02003E-1 1.04027E-1 1.01702E-1 1.05039E-1 1.06959E-1 1.11346E-1 1.1108E-1 1.12679E-1 1.12936E-1 1.17861E-1 1.16459E-1 1.17635E-1 1.15395E-1 1.17217E-1 1.16468E-1 1.17031E-1 1.15798E-1 1.11739E-1 1.15067E-1 1.12837E-1 1.18611E-1 1.11758E-1 1.16418E-1 1.17099E-1 1.0765E-1 1.17148E-1 1.21293E-1 1.21089E-1 1.21149E-1 1.29364E-1 -9999 -9999 -9999 -9999 1.25011E-1 1.25195E-1 1.2336E-1 1.23877E-1 1.24193E-1 1.23934E-1 1.23526E-1 1.2313E-1 1.2301E-1 1.18995E-1 -9999 -9999 -9999 -9999 -9999
7.74376E-2 8.1595E-2 8.45197E-2 8.6477E-2 8.50857E-2 8.59563E-2 8.49362E-2 9.0295E-2 9.05886E-2 9.11218E-2 8.68841E-2 9.21408E-2 9.10095E-2 9.78783E-2 9.88328E-2 1.01696E-1 1.0145E-1 1.06861E-1 1.06997E-1 9.89186E-2 9.74087E-2 1.01989E-1 1.06852E-1 1.02814E-1 1.05331E-1 1.07265E-1 1.09307E-1 1.11665E-1 1.11139E-1 1.12911E-1 1.12927E-1 1.14168E-1 1.13921E-1 1.18258E-1 1.18957E-1 1.1688E-1 1.1584E-1 1.15908E-1 1.14322E-1 1.1835E-1 1.13916E-1 1.16492E-1 1.1174E-1 1.21729E-1 1.11976E-1 1.13478E-1 1.18637E-1 1.16001E-1 1.25633E-1 1.28664E-1 1.36531E-1 1.38262E-1 1.3343E-1 -9999 -9999 -9999 -9999 1.32468E-1 1.31671E-1 1.26814E-1 1.26576E-1 1.26783E-1 1.25995E-1 1.26293E-1 1.24887E-1 1.25068E-1 1.25309E-1 1.25386E-1 1.23314E-1 1.2338E-1 1.24554E-1 1.25493E-1
8.00536E-2 8.00819E-2 8.80357E-2 8.81613E-2 8.69936E-2 8.69119E-2 8.6898E-2 9.09764E-2 9.07199E-2 9.07984E-2 9.12401E-2 9.49147E-2 9.11345E-2 9.38408E-2 9.55141E-2 9.99572E-2 9.94439E-2 9.93691E-2 1.05052E-1 1.00504E-1 9.92813E-2 1.01111E-1 1.06081E-1 1.05289E-1 1.08285E-1 1.08412E-1 1.1177E-1 1.1386E-1 1.13664E-1 1.14417E-1 1.1473E-1 1.19796E-1 1.1843E-1 1.212E-1 1.16525E-1 1.12511E-1 1.16302E-1 1.1895E-1 1.21925E-1 1.24158E-1 1.17227E-1 1.17139E-1 1.25408E-1 1.21646E-1 1.13225E-1 1.1833E-1 1.14759E-1 1.21633E-1 1.2517E-1 1.33247E-1 1.38142E-1 1.40469E-1 -9999 -9999 -9999 -9999 1.36872E-1 1.32353E-1 1.32595E-1 1.32561E-1 1.31556E-1 1.28855E-1 1.27687E-1 1.26795E-1 1.26028E-1 1.26067E-1 1.26538E-1 1.26091E-1 1.27318E-1 1.27806E-1 1.27661E-1 1.23779E-1
8.13237E-2 8.56913E-2 9.09055E-2 8.70166E-2 8.77206E-2 8.72142E-2 8.64765E-2 9.20774E-2 9.45831E-2 9.15274E-2 9.40014E-2 9.24936E-2 9.25808E-2 9.38663E-2 9.76819E-2 9.74844E-2 9.60442E-2 9.93476E-2 1.01764E-1 1.05735E-1 1.03817E-1 1.05362E-1 1.11196E-1 1.08617E-1 1.10642E-1 1.10124E-1 1.16484E-1 1.14993E-1 1.17221E-1 1.16028E-1 1.17318E-1 1.19666E-1 1.19621E-1 1.23194E-1 1.21738E-1 1.19558E-1 1.18619E-1 1.2626E-1 1.25918E-1 1.19616E-1 1.19019E-1 1.15823E-1 1.15981E-1 1.15155E-1 1.16892E-1 1.1798E-1 1.18341E-1 1.16139E-1 1.2445E-1 1.33415E-1 1.43843E-1 -9999 -9999 -9999 -9999 1.38968E-1 1.39981E-1 1.39075E-1 1.38862E-1 1.39636E-1 1.35351E-1 1.29611E-1 1.27109E-1 1.25444E-1 1.22915E-1 1.25606E-1 1.27789E-1 1.27784E-1 1.29906E-1 1.2807E-1 1.26085E-1 1.26219E-1
