Artocarpus altilis SDM files/Last interglacial/results (with bias file)/Artalt_7.asc
ncols         1201
nrows         481
xllcorner     119.99986351115
yllcorner     -15.00013864885
cellsize      0.041666667
NODATA_value  -9999
[rows 192 to 223 of 481, columns 0 to 71 of 1201]
1.83842E-1 1.38411E-1 2.07283E-1 2.84583E-1 4.0317E-1 4.19811E-1 -9999 -9999 -9999 -9999 -9999 -9999 -9999 -9999 -9999 -9999 -9999 -9999 -9999 -9999 -9999 -9999 -9999 -9999 -9999 4.4224E-1 3.55155E-1 2.55204E-1 2.84701E-1 3.2251E-1 2.93736E-1 2.67019E-1 3.14787E-1 2.94582E-1 2.76808E-1 2.62863E-1 2.50161E-1 2.70135E-1 3.18995E-1 2.65548E-1 2.56062E-1 2.55778E-1 3.32514E-1 3.90853E-1 3.83112E-1 3.90942E-1 3.31078E-1 3.18863E-1 3.41378E-1 3.03307E-1 3.35117E-1 4.37936E-1 5.66065E-1 5.46057E-1 5.73623E-1 6.65525E-1 -9999 -9999 -9999 -9999 -9999 -9999 -9999 -9999 -9999 -9999 -9999 -9999 -9999 -9999 -9999 -9999
1.73909E-1 1.78738E-1 1.88323E-1 3.19025E-1 4.15111E-1 4.31439E-1 -9999 -9999 -9999 -9999 -9999 -9999 -9999 -9999 -9999 -9999 -9999 -9999 -9999 -9999 -9999 -9999 -9999 -9999 -9999 4.28143E-1 4.00128E-1 2.94487E-1 2.8844E-1 2.88784E-1 3.31908E-1 2.78432E-1 2.30963E-1 2.10573E-1 2.07924E-1 2.16106E-1 2.66819E-1 3.29469E-1 2.79376E-1 2.8834E-1 3.55726E-1 3.39966E-1 3.32747E-1 3.45216E-1 3.45494E-1 3.68639E-1 3.82176E-1 3.64638E-1 3.46773E-1 3.52349E-1 3.37283E-1 3.58185E-1 4.51E-1 6.01254E-1 6.31816E-1 6.69218E-1 6.65822E-1 6.79771E-1 -9999 -9999 -9999 -9999 -9999 -9999 -9999 -9999 -9999 -9999 -9999 -9999 -9999 -9999
3.02263E-1 2.65393E-1 2.18425E-1 3.23785E-1 3.79338E-1 4.2487E-1 -9999 -9999 -9999 -9999 -9999 -9999 -9999 -9999 -9999 -9999 -9999 -9999 -9999 -9999 -9999 -9999 -9999 -9999 4.54204E-1 4.45651E-1 4.47002E-1 3.03781E-1 2.71817E-1 2.27727E-1 2.40473E-1 3.24759E-1 1.78961E-1 1.64721E-1 2.0428E-1 2.44715E-1 2.54625E-1 2.85514E-1 2.66576E-1 2.81924E-1 2.6079E-1 2.83941E-1 3.60726E-1 4.0231E-1 3.73167E-1 3.78941E-1 4.31866E-1 4.12207E-1 3.7872E-1 3.88691E-1 3.72693E-1 3.53719E-1 3.42526E-1 4.18168E-1 5.08562E-1 5.85462E-1 6.62739E-1 6.76023E-1 6.86679E-1 7.03889E-1 7.12231E-1 -9999 -9999 -9999 -9999 -9999 -9999 -9999 -9999 -9999 -9999 -9999
3.01073E-1 2.9686E-1 2.3564E-1 2.97021E-1 3.48766E-1 4.2286E-1 -9999 -9999 -9999 -9999 -9999 -9999 -9999 -9999 -9999 -9999 -9999 -9999 -9999 -9999 -9999 -9999 -9999 -9999 -9999 4.72726E-1 4.5165E-1 3.51036E-1 2.30524E-1 1.67723E-1 2.30478E-1 2.84413E-1 2.48155E-1 1.646E-1 2.10672E-1 2.71003E-1 2.87392E-1 3.00849E-1 3.11822E-1 3.18842E-1 2.45338E-1 2.31349E-1 2.32042E-1 3.20778E-1 4.62908E-1 4.40605E-1 4.55807E-1 4.74474E-1 4.4465E-1 4.31272E-1 4.09801E-1 4.42912E-1 3.99676E-1 4.08093E-1 4.02616E-1 4.85811E-1 6.53494E-1 -9999 -9999 6.91896E-1 7.05066E-1 7.23391E-1 -9999 -9999 -9999 -9999 -9999 -9999 -9999 -9999 -9999 -9999
3.09723E-1 3.46011E-1 2.50578E-1 2.06176E-1 3.14629E-1 3.683E-1 -9999 -9999 -9999 -9999 -9999 -9999 -9999 -9999 -9999 -9999 -9999 -9999 -9999 -9999 -9999 -9999 -9999 -9999 -9999 4.92308E-1 3.96098E-1 2.83629E-1 2.7041E-1 1.42583E-1 1.56259E-1 2.17444E-1 2.88034E-1 2.45325E-1 1.9464E-1 2.17069E-1 2.83578E-1 3.43978E-1 3.89834E-1 3.8649E-1 3.21235E-1 2.62522E-1 2.64008E-1 2.88886E-1 2.99668E-1 3.09465E-1 3.68614E-1 4.48231E-1 4.72832E-1 4.64839E-1 4.72272E-1 4.61525E-1 4.87129E-1 4.23147E-1 3.58349E-1 4.34422E-1 4.98777E-1 6.13116E-1 6.55222E-1 -9999 -9999 -9999 7.35837E-1 -9999 -9999 -9999 -9999 -9999 -9999 -9999 -9999 -9999
2.54864E-1 3.5336E-1 3.09046E-1 2.11918E-1 2.61E-1 4.09217E-1 4.82759E-1 4.91021E-1 4.81321E-1 -9999 -9999 -9999 -9999 -9999 -9999 -9999 -9999 -9999 -9999 -9999 -9999 -9999 -9999 -9999 -9999 4.90638E-1 3.40502E-1 1.80039E-1 2.4964E-1 1.33403E-1 1.43412E-1 2.2028E-1 2.80758E-1 2.99921E-1 2.49277E-1 2.29691E-1 3.17454E-1 3.81386E-1 3.15441E-1 3.28779E-1 3.33941E-1 3.48895E-1 3.3481E-1 2.69672E-1 2.80821E-1 2.70317E-1 2.58823E-1 3.19401E-1 3.94546E-1 5.19455E-1 5.11571E-1 4.94115E-1 5.43973E-1 4.33637E-1 4.61189E-1 4.92183E-1 4.50598E-1 4.76302E-1 6.28684E-1 6.63535E-1 -9999 -9999 -9999 -9999 -9999 -9999 -9999 -9999 -9999 -9999 -9999 -9999
1.76137E-1 3.34332E-1 3.18116E-1 3.09318E-1 3.07052E-1 4.33703E-1 4.75875E-1 4.84696E-1 4.94415E-1 -9999 -9999 -9999 -9999 -9999 -9999 -9999 -9999 -9999 -9999 -9999 -9999 -9999 -9999 -9999 5.01335E-1 4.47329E-1 2.71879E-1 1.82508E-1 1.18593E-1 1.16258E-1 1.31974E-1 1.8315E-1 2.40909E-1 2.85719E-1 3.34676E-1 2.85661E-1 3.50953E-1 3.04365E-1 3.5104E-1 4.04284E-1 4.30051E-1 3.8871E-1 3.86048E-1 3.8678E-1 3.9677E-1 3.02194E-1 2.30109E-1 2.32701E-1 2.42914E-1 4.01182E-1 5.18982E-1 5.34801E-1 5.29597E-1 4.71896E-1 4.69207E-1 4.96756E-1 5.4088E-1 5.13603E-1 5.96461E-1 -9999 -9999 -9999 -9999 -9999 -9999 -9999 -9999 -9999 -9999 -9999 -9999 -9999
1.27201E-1 2.361E-1 3.88551E-1 3.99202E-1 3.92157E-1 4.69606E-1 4.96478E-1 4.95942E-1 4.95049E-1 5.0262E-1 -9999 -9999 -9999 -9999 -9999 -9999 -9999 -9999 -9999 -9999 -9999 -9999 5.22339E-1 5.18259E-1 5.22424E-1 4.00382E-1 1.91139E-1 1.50946E-1 1.31436E-1 1.45296E-1 1.52689E-1 1.56556E-1 1.88663E-1 2.24855E-1 2.97679E-1 3.36036E-1 2.51011E-1 2.37053E-1 3.57475E-1 4.12435E-1 4.24595E-1 4.21971E-1 3.90545E-1 2.82756E-1 2.77051E-1 4.03182E-1 3.54986E-1 2.63482E-1 2.06761E-1 2.67527E-1 4.32299E-1 5.44384E-1 5.41304E-1 4.99715E-1 4.98729E-1 5.24327E-1 6.05173E-1 6.03861E-1 6.12516E-1 -9999 -9999 -9999 -9999 -9999 -9999 -9999 -9999 -9999 -9999 -9999 -9999 -9999
1.29412E-1 1.47515E-1 2.55164E-1 3.34352E-1 3.62357E-1 4.60315E-1 4.73002E-1 5.20281E-1 5.11904E-1 5.14157E-1 -9999 -9999 -9999 -9999 -9999 -9999 -9999 -9999 -9999 -9999 -9999 -9999 5.474E-1 5.21277E-1 4.57391E-1 3.37536E-1 1.76968E-1 1.82484E-1 1.77426E-1 1.92366E-1 2.00522E-1 1.51003E-1 1.69731E-1 2.13263E-1 2.136E-1 2.8957E-1 2.73198E-1 1.64594E-1 2.32927E-1 3.72572E-1 4.1377E-1 3.97669E-1 2.85348E-1 2.53131E-1 3.70926E-1 4.13085E-1 2.8811E-1 2.96523E-1 3.38704E-1 3.91871E-1 4.85148E-1 5.33044E-1 5.04457E-1 5.1561E-1 5.47119E-1 -9999 6.1509E-1 6.05048E-1 -9999 -9999 -9999 -9999 -9999 -9999 -9999 -9999 -9999 -9999 -9999 -9999 -9999 -9999
1.06641E-1 1.03895E-1 2.14585E-1 3.03101E-1 3.67808E-1 4.35229E-1 4.60356E-1 5.03253E-1 5.17154E-1 5.32255E-1 -9999 -9999 -9999 -9999 -9999 -9999 -9999 -9999 -9999 -9999 -9999 5.44583E-1 5.11751E-1 4.13813E-1 3.06404E-1 3.28635E-1 2.2878E-1 2.32129E-1 1.80951E-1 2.2532E-1 2.15816E-1 1.33205E-1 1.38048E-1 1.92384E-1 1.98724E-1 2.08621E-1 1.95478E-1 1.59745E-1 1.48584E-1 2.92807E-1 3.70135E-1 3.731E-1 2.37691E-1 2.75425E-1 3.82473E-1 4.40921E-1 3.90039E-1 2.34235E-1 3.62018E-1 4.97002E-1 4.85783E-1 4.73904E-1 3.70572E-1 4.62785E-1 5.11479E-1 5.61865E-1 -9999 -9999 -9999 -9999 -9999 -9999 -9999 -9999 -9999 -9999 -9999 -9999 -9999 -9999 -9999 -9999
8.23331E-2 1.02729E-1 1.82383E-1 3.05641E-1 3.15344E-1 3.86053E-1 4.40125E-1 5.10352E-1 5.24791E-1 5.53794E-1 -9999 -9999 -9999 -9999 -9999 -9999 -9999 -9999 -9999 -9999 -9999 5.40217E-1 4.25142E-1 2.80281E-1 2.28275E-1 3.12576E-1 2.45218E-1 2.68676E-1 1.68338E-1 1.61052E-1 2.62397E-1 1.96592E-1 1.79855E-1 2.01712E-1 1.70384E-1 2.04131E-1 1.28358E-1 1.17837E-1 1.79808E-1 2.81945E-1 2.57034E-1 3.13267E-1 2.80618E-1 2.09908E-1 3.71413E-1 3.48701E-1 2.87857E-1 3.43497E-1 2.7819E-1 4.70068E-1 4.36314E-1 3.82246E-1 3.30918E-1 4.70708E-1 5.18241E-1 5.56723E-1 5.254E-1 5.72207E-1 -9999 -9999 -9999 -9999 -9999 -9999 -9999 -9999 -9999 -9999 -9999 -9999 -9999 -9999
1.00481E-1 9.1555E-2 1.30536E-1 2.60787E-1 2.82333E-1 3.98894E-1 4.96796E-1 4.67408E-1 5.45524E-1 5.5545E-1 -9999 -9999 -9999 -9999 -9999 -9999 -9999 -9999 -9999 -9999 5.44749E-1 4.17693E-1 2.58277E-1 2.03277E-1 1.59333E-1 1.91087E-1 2.51234E-1 2.55631E-1 1.7075E-1 1.64221E-1 1.91506E-1 3.01747E-1 3.28691E-1 2.54415E-1 2.54533E-1 2.40968E-1 1.59569E-1 1.89499E-1 2.56481E-1 2.37617E-1 2.21194E-1 2.90687E-1 2.48682E-1 3.38644E-1 3.87696E-1 3.77207E-1 2.61789E-1 3.38267E-1 3.36188E-1 3.80842E-1 4.3351E-1 3.8203E-1 4.16991E-1 4.14972E-1 4.86018E-1 5.46634E-1 5.30799E-1 5.4412E-1 5.17106E-1 -9999 -9999 -9999 -9999 -9999 -9999 -9999 -9999 -9999 -9999 -9999 -9999 -9999
1.44218E-1 1.22698E-1 8.44766E-2 1.73848E-1 2.18627E-1 3.49179E-1 4.6175E-1 5.35653E-1 5.49791E-1 5.73496E-1 -9999 -9999 -9999 -9999 -9999 -9999 -9999 -9999 -9999 -9999 5.59933E-1 4.72686E-1 2.98966E-1 3.18554E-1 1.87882E-1 1.80428E-1 2.06125E-1 2.23289E-1 2.01589E-1 2.19836E-1 2.35041E-1 2.29843E-1 3.12946E-1 3.50123E-1 3.6186E-1 3.08768E-1 2.80628E-1 3.18289E-1 2.64003E-1 2.60561E-1 2.19768E-1 1.89967E-1 1.99416E-1 2.49535E-1 3.39373E-1 3.36707E-1 3.50559E-1 4.20192E-1 4.34834E-1 4.53198E-1 4.79231E-1 4.92941E-1 4.9412E-1 5.06929E-1 5.05769E-1 -9999 5.25202E-1 5.45109E-1 4.81748E-1 -9999 -9999 -9999 -9999 -9999 -9999 -9999 -9999 -9999 -9999 -9999 -9999 -9999
1.97996E-1 1.07479E-1 1.07269E-1 1.83543E-1 1.73116E-1 3.03391E-1 4.63803E-1 5.3454E-1 5.47355E-1 5.83802E-1 -9999 -9999 -9999 -9999 -9999 -9999 -9999 -9999 -9999 -9999 5.49374E-1 5.35872E-1 4.69033E-1 3.23803E-1 2.66809E-1 2.3662E-1 1.78897E-1 1.74872E-1 1.71161E-1 1.79926E-1 2.5485E-1 2.29386E-1 2.80637E-1 3.02476E-1 3.611E-1 3.59635E-1 3.36116E-1 3.45711E-1 3.04292E-1 2.9176E-1 2.26385E-1 2.3512E-1 2.54282E-1 2.84591E-1 2.79692E-1 2.5061E-1 3.20069E-1 3.23839E-1 3.9684E-1 4.15829E-1 4.55523E-1 4.83261E-1 4.76418E-1 5.03304E-1 5.23806E-1 5.05272E-1 -9999 -9999 5.33063E-1 -9999 -9999 -9999 -9999 -9999 -9999 -9999 -9999 -9999 -9999 -9999 -9999 -9999
1.58085E-1 1.72524E-1 2.05445E-1 2.18415E-1 2.15775E-1 3.45927E-1 4.7556E-1 5.2592E-1 5.42883E-1 5.64549E-1 -9999 -9999 -9999 -9999 -9999 -9999 -9999 -9999 -9999 -9999 -9999 5.38337E-1 4.64691E-1 3.66421E-1 2.72578E-1 2.51738E-1 2.17214E-1 1.80448E-1 1.21293E-1 1.8072E-1 1.91937E-1 2.35072E-1 2.72288E-1 3.28248E-1 3.32013E-1 3.34006E-1 3.8459E-1 3.36768E-1 3.37222E-1 3.15138E-1 2.55051E-1 2.84191E-1 2.42417E-1 2.67389E-1 2.51227E-1 2.7792E-1 2.45881E-1 2.67577E-1 3.10625E-1 3.76204E-1 4.2077E-1 4.02216E-1 4.27771E-1 4.98329E-1 5.13931E-1 4.40709E-1 5.24147E-1 -9999 -9999 -9999 -9999 -9999 -9999 -9999 -9999 -9999 -9999 -9999 -9999 -9999 -9999 -9999
3.0675E-1 2.98224E-1 2.63515E-1 2.98745E-1 3.38992E-1 3.67179E-1 4.65552E-1 4.9801E-1 5.52257E-1 5.93053E-1 -9999 -9999 -9999 -9999 -9999 -9999 -9999 -9999 -9999 -9999 -9999 5.30278E-1 5.16726E-1 4.81856E-1 3.915E-1 3.69575E-1 3.584E-1 2.41314E-1 1.57839E-1 1.44608E-1 1.78418E-1 2.29324E-1 2.15199E-1 1.99375E-1 2.24577E-1 3.11828E-1 3.55249E-1 3.32403E-1 3.71825E-1 3.39811E-1 2.85826E-1 3.0861E-1 3.09562E-1 2.8929E-1 3.20068E-1 3.1958E-1 3.01878E-1 2.5226E-1 3.02012E-1 3.1599E-1 3.24256E-1 4.25563E-1 4.75675E-1 -9999 5.11383E-1 -9999 -9999 -9999 -9999 -9999 -9999 -9999 -9999 -9999 -9999 -9999 -9999 -9999 -9999 -9999 -9999 -9999
4.87495E-1 4.51865E-1 3.21066E-1 4.31045E-1 3.83103E-1 4.79149E-1 4.99205E-1 5.39504E-1 5.90101E-1 6.11643E-1 -9999 -9999 -9999 -9999 -9999 -9999 -9999 -9999 -9999 -9999 -9999 -9999 5.43545E-1 5.67084E-1 5.27122E-1 5.07623E-1 4.25659E-1 3.01524E-1 1.9179E-1 1.11241E-1 1.33055E-1 1.79781E-1 1.76754E-1 1.83935E-1 2.12406E-1 2.98518E-1 3.7087E-1 3.42464E-1 3.57606E-1 3.65021E-1 3.30053E-1 3.35547E-1 3.57133E-1 3.48702E-1 3.50192E-1 3.87543E-1 3.68765E-1 3.57957E-1 3.3099E-1 2.85493E-1 3.11961E-1 3.49665E-1 3.5219E-1 4.71806E-1 -9999 -9999 -9999 -9999 -9999 -9999 -9999 -9999 -9999 -9999 -9999 -9999 -9999 -9999 -9999 -9999 -9999 -9999
5.57952E-1 5.60677E-1 4.22208E-1 5.11708E-1 4.92521E-1 4.40857E-1 4.82869E-1 5.80695E-1 6.25705E-1 6.15782E-1 6.2865E-1 -9999 -9999 -9999 -9999 -9999 -9999 -9999 -9999 -9999 -9999 -9999 -9999 5.58452E-1 5.7979E-1 5.24746E-1 4.17276E-1 2.88547E-1 1.7823E-1 1.2927E-1 1.37663E-1 1.60681E-1 1.88839E-1 2.50357E-1 1.95515E-1 2.7718E-1 3.72442E-1 3.56638E-1 2.87278E-1 3.32012E-1 3.73247E-1 3.42329E-1 3.6432E-1 4.04921E-1 3.86182E-1 4.28082E-1 4.03908E-1 3.98032E-1 3.78842E-1 3.26557E-1 3.52988E-1 3.45372E-1 3.69232E-1 4.55557E-1 4.88805E-1 5.18037E-1 -9999 -9999 -9999 -9999 -9999 -9999 -9999 -9999 -9999 -9999 -9999 -9999 -9999 -9999 -9999 -9999
5.79793E-1 5.9828E-1 5.51619E-1 5.5559E-1 5.5934E-1 5.17719E-1 5.66435E-1 6.29064E-1 6.31341E-1 6.28036E-1 6.21622E-1 -9999 -9999 -9999 -9999 -9999 -9999 -9999 -9999 -9999 -9999 -9999 -9999 -9999 -9999 5.65443E-1 5.31454E-1 4.28941E-1 2.95703E-1 2.21554E-1 2.36238E-1 2.61784E-1 2.84326E-1 2.44124E-1 1.83174E-1 2.4892E-1 2.69221E-1 3.83466E-1 3.90206E-1 3.97158E-1 3.85337E-1 3.45724E-1 3.72685E-1 3.96671E-1 3.95077E-1 4.22058E-1 4.26307E-1 4.00758E-1 3.80687E-1 3.6303E-1 3.56921E-1 3.09061E-1 3.47824E-1 3.8364E-1 4.04538E-1 4.89154E-1 5.36641E-1 5.44008E-1 -9999 -9999 -9999 -9999 -9999 -9999 -9999 -9999 -9999 -9999 -9999 -9999 -9999 -9999
6.53832E-1 6.47513E-1 6.25464E-1 6.01535E-1 5.63615E-1 5.9891E-1 6.21007E-1 6.28238E-1 6.29495E-1 6.30208E-1 6.4518E-1 -9999 -9999 -9999 -9999 -9999 -9999 -9999 -9999 -9999 -9999 -9999 -9999 -9999 -9999 -9999 5.62264E-1 5.22042E-1 4.93709E-1 4.17505E-1 4.27896E-1 4.00362E-1 2.957E-1 2.26919E-1 1.79501E-1 2.83068E-1 2.26251E-1 2.46522E-1 3.27273E-1 3.66458E-1 4.09708E-1 3.92435E-1 3.77346E-1 3.12768E-1 3.47008E-1 3.71624E-1 3.90741E-1 4.2785E-1 4.26562E-1 4.15333E-1 4.10557E-1 3.77674E-1 3.8782E-1 3.73854E-1 3.3059E-1 4.37379E-1 5.1904E-1 5.24256E-1 5.42588E-1 -9999 -9999 -9999 -9999 -9999 -9999 -9999 -9999 -9999 -9999 -9999 -9999 -9999
6.84067E-1 6.7085E-1 6.48329E-1 6.19583E-1 6.03382E-1 5.99697E-1 6.26204E-1 6.41825E-1 6.48577E-1 6.54226E-1 -9999 -9999 -9999 -9999 -9999 -9999 -9999 -9999 -9999 -9999 -9999 -9999 -9999 -9999 -9999 -9999 -9999 5.45736E-1 5.18216E-1 4.47291E-1 4.99758E-1 4.47567E-1 3.12187E-1 2.82464E-1 2.18518E-1 2.91476E-1 2.28957E-1 1.63643E-1 1.50614E-1 2.56882E-1 3.64396E-1 3.28882E-1 3.04504E-1 2.73943E-1 3.18661E-1 3.11169E-1 3.55754E-1 3.84225E-1 4.32553E-1 4.28094E-1 4.30149E-1 4.17343E-1 4.51133E-1 4.41579E-1 4.11049E-1 4.02922E-1 4.39834E-1 4.73879E-1 5.26601E-1 5.73975E-1 -9999 -9999 -9999 -9999 -9999 -9999 -9999 -9999 -9999 -9999 -9999 -9999
6.94487E-1 6.77792E-1 6.70074E-1 6.42735E-1 6.38542E-1 6.30841E-1 6.51153E-1 6.59722E-1 6.63229E-1 -9999 -9999 -9999 -9999 -9999 -9999 -9999 -9999 -9999 -9999 -9999 -9999 -9999 -9999 -9999 -9999 -9999 -9999 -9999 5.36251E-1 5.63494E-1 5.0346E-1 4.81236E-1 3.36654E-1 2.84329E-1 2.64883E-1 2.54834E-1 1.85916E-1 2.13637E-1 1.56554E-1 2.7739E-1 2.7546E-1 2.24982E-1 3.09347E-1 3.41821E-1 3.33544E-1 3.26435E-1 3.26272E-1 3.82313E-1 4.04366E-1 4.30421E-1 4.29067E-1 4.43579E-1 4.59584E-1 4.69965E-1 4.40641E-1 3.8699E-1 4.06294E-1 5.14271E-1 5.5921E-1 5.89266E-1 5.9847E-1 -9999 -9999 -9999 -9999 -9999 -9999 -9999 -9999 -9999 -9999 -9999
6.99268E-1 6.82178E-1 6.52258E-1 6.60819E-1 6.54036E-1 6.23166E-1 6.5332E-1 6.61743E-1 6.70752E-1 -9999 -9999 -9999 -9999 -9999 -9999 -9999 -9999 -9999 -9999 -9999 -9999 -9999 -9999 -9999 -9999 -9999 -9999 -9999 5.35304E-1 5.52975E-1 5.01139E-1 5.40744E-1 4.25847E-1 3.33625E-1 2.54207E-1 2.44866E-1 2.21073E-1 1.61087E-1 1.48117E-1 1.88669E-1 2.18934E-1 2.75332E-1 3.19632E-1 3.1541E-1 2.84541E-1 2.95458E-1 2.93876E-1 3.4648E-1 3.92162E-1 4.23195E-1 4.23541E-1 4.41029E-1 4.44074E-1 4.50722E-1 4.22416E-1 4.07778E-1 4.45871E-1 5.3108E-1 5.48015E-1 5.66754E-1 5.75172E-1 6.00738E-1 6.19734E-1 6.40942E-1 -9999 -9999 -9999 7.64243E-1 -9999 -9999 -9999 -9999
7.1558E-1 6.92494E-1 6.60375E-1 6.66238E-1 6.65056E-1 6.57342E-1 6.55655E-1 6.84049E-1 6.88306E-1 -9999 -9999 -9999 -9999 -9999 -9999 -9999 -9999 -9999 -9999 -9999 -9999 -9999 -9999 -9999 -9999 -9999 -9999 -9999 -9999 5.3868E-1 -9999 5.37899E-1 4.97189E-1 3.73277E-1 4.16466E-1 3.80821E-1 3.19045E-1 2.60675E-1 2.49889E-1 2.25684E-1 2.64754E-1 3.38145E-1 3.47978E-1 3.12643E-1 2.6258E-1 2.60606E-1 2.8691E-1 3.23302E-1 3.76397E-1 4.21668E-1 4.31181E-1 4.34539E-1 4.44132E-1 4.56019E-1 4.5271E-1 4.60079E-1 4.75584E-1 4.74599E-1 5.56358E-1 5.62547E-1 5.35476E-1 5.03695E-1 5.74373E-1 6.33466E-1 -9999 -9999 -9999 -9999 -9999 -9999 -9999 -9999
7.22911E-1 7.06183E-1 6.62808E-1 6.78151E-1 6.72005E-1 6.79895E-1 6.7723E-1 6.73203E-1 6.85674E-1 -9999 -9999 -9999 -9999 -9999 -9999 -9999 -9999 -9999 -9999 -9999 -9999 -9999 -9999 -9999 -9999 -9999 -9999 -9999 -9999 -9999 -9999 5.27115E-1 5.15686E-1 4.70829E-1 4.34762E-1 3.99553E-1 3.8706E-1 4.40632E-1 3.15167E-1 2.71425E-1 3.42489E-1 3.72752E-1 3.6263E-1 3.50365E-1 3.27943E-1 3.29796E-1 3.04571E-1 2.78997E-1 3.59952E-1 4.12609E-1 4.33976E-1 4.3962E-1 4.47933E-1 4.59966E-1 4.72128E-1 4.65292E-1 4.63143E-1 5.03772E-1 5.18033E-1 5.51269E-1 5.94612E-1 6.13841E-1 6.39743E-1 -9999 -9999 -9999 -9999 -9999 -9999 -9999 -9999 8.05275E-1
7.24787E-1 6.93064E-1 6.65359E-1 6.67896E-1 6.81371E-1 6.86551E-1 6.74709E-1 6.79998E-1 6.82621E-1 -9999 -9999 -9999 -9999 -9999 -9999 -9999 -9999 -9999 -9999 -9999 -9999 -9999 -9999 -9999 -9999 -9999 -9999 -9999 -9999 -9999 -9999 -9999 5.10275E-1 4.87696E-1 4.89093E-1 4.72277E-1 4.62629E-1 4.48804E-1 4.00649E-1 3.30625E-1 3.42221E-1 3.40498E-1 3.37365E-1 3.23944E-1 3.56176E-1 3.89594E-1 4.03639E-1 3.95061E-1 4.12251E-1 3.86126E-1 4.10933E-1 4.37538E-1 4.5132E-1 4.6577E-1 4.71814E-1 4.8368E-1 4.89495E-1 4.71137E-1 4.92518E-1 5.5961E-1 5.98844E-1 6.04745E-1 5.94467E-1 6.38141E-1 -9999 7.20293E-1 7.50476E-1 -9999 -9999 -9999 -9999 8.40103E-1
7.3001E-1 6.81635E-1 6.85392E-1 6.86289E-1 6.76508E-1 6.69561E-1 6.85438E-1 6.91475E-1 6.84627E-1 -9999 -9999 -9999 -9999 -9999 -9999 -9999 -9999 -9999 -9999 -9999 -9999 -9999 -9999 -9999 -9999 -9999 -9999 -9999 -9999 -9999 -9999 5.48565E-1 5.4173E-1 -9999 -9999 -9999 -9999 4.70906E-1 4.61091E-1 4.29982E-1 3.82921E-1 3.2413E-1 2.71162E-1 3.02173E-1 3.67199E-1 4.12968E-1 4.1491E-1 3.68261E-1 3.37227E-1 3.70209E-1 4.23221E-1 4.35517E-1 4.52079E-1 4.60362E-1 4.61374E-1 4.77222E-1 4.89387E-1 5.07865E-1 5.34103E-1 5.7478E-1 5.86743E-1 5.48702E-1 5.14463E-1 6.3476E-1 -9999 -9999 6.87822E-1 6.78872E-1 7.2094E-1 -9999 8.32086E-1 8.29869E-1
7.22025E-1 6.95315E-1 7.04357E-1 7.0317E-1 6.89784E-1 6.83994E-1 6.82639E-1 6.95007E-1 6.96541E-1 -9999 -9999 -9999 -9999 -9999 -9999 -9999 -9999 -9999 -9999 -9999 -9999 -9999 -9999 -9999 -9999 -9999 -9999 -9999 -9999 -9999 -9999 5.43112E-1 5.16377E-1 4.96122E-1 4.59865E-1 4.91438E-1 -9999 -9999 4.66482E-1 4.66787E-1 4.05413E-1 3.15051E-1 2.85412E-1 3.18807E-1 3.5455E-1 4.12349E-1 4.19604E-1 3.93386E-1 4.10007E-1 4.34852E-1 4.40993E-1 4.52738E-1 4.53347E-1 4.53977E-1 4.53061E-1 4.43344E-1 4.40725E-1 4.92438E-1 5.41631E-1 5.82855E-1 5.97419E-1 5.88757E-1 5.8499E-1 5.9252E-1 -9999 -9999 7.18136E-1 7.36582E-1 6.65994E-1 -9999 8.33571E-1 8.21022E-1
7.29279E-1 7.18344E-1 7.14937E-1 7.11383E-1 6.94974E-1 6.8534E-1 6.93197E-1 6.95129E-1 7.06643E-1 -9999 -9999 -9999 -9999 -9999 -9999 -9999 -9999 -9999 -9999 -9999 -9999 -9999 -9999 -9999 -9999 -9999 -9999 -9999 -9999 -9999 -9999 -9999 -9999 4.65612E-1 4.6305E-1 5.05104E-1 -9999 -9999 4.80982E-1 4.62147E-1 4.42351E-1 3.47845E-1 2.96995E-1 3.37228E-1 3.64288E-1 3.97749E-1 4.25552E-1 4.34164E-1 4.35852E-1 4.38654E-1 4.36333E-1 4.51648E-1 4.49548E-1 4.42381E-1 4.17823E-1 3.64781E-1 3.68568E-1 3.96786E-1 4.49345E-1 4.85708E-1 5.54629E-1 5.48011E-1 6.04258E-1 6.6766E-1 7.15431E-1 7.00848E-1 7.52151E-1 7.47555E-1 6.96075E-1 7.34421E-1 8.30459E-1 8.43107E-1
7.20754E-1 7.17486E-1 7.01525E-1 7.09903E-1 6.99492E-1 6.84274E-1 6.82892E-1 6.86542E-1 6.92395E-1 -9999 -9999 -9999 -9999 -9999 -9999 -9999 -9999 -9999 -9999 -9999 -9999 -9999 -9999 -9999 -9999 -9999 -9999 -9999 -9999 -9999 -9999 -9999 -9999 5.30924E-1 5.14177E-1 4.91274E-1 -9999 4.98062E-1 4.7521E-1 4.60471E-1 4.24219E-1 3.52074E-1 2.8547E-1 3.36391E-1 3.81875E-1 3.99296E-1 4.16965E-1 4.37807E-1 4.34206E-1 4.39124E-1 4.33932E-1 4.14482E-1 4.11522E-1 4.11095E-1 4.02765E-1 3.83997E-1 3.5994E-1 3.99722E-1 4.24683E-1 4.96609E-1 5.23551E-1 5.56673E-1 6.22439E-1 6.56251E-1 6.66617E-1 6.38828E-1 6.38836E-1 6.02548E-1 7.53208E-1 7.63973E-1 -9999 8.42612E-1
7.14694E-1 7.06362E-1 7.06206E-1 7.0464E-1 6.96064E-1 7.00501E-1 6.94653E-1 6.76333E-1 6.9447E-1 -9999 -9999 -9999 -9999 -9999 -9999 -9999 -9999 -9999 -9999 -9999 -9999 -9999 -9999 -9999 -9999 -9999 -9999 -9999 -9999 -9999 -9999 -9999 -9999 -9999 -9999 5.00464E-1 4.95629E-1 5.10636E-1 4.47633E-1 4.01665E-1 3.67501E-1 3.02013E-1 3.08898E-1 3.66705E-1 4.02853E-1 4.28768E-1 4.27647E-1 4.32632E-1 4.46165E-1 4.47339E-1 4.41319E-1 4.13447E-1 4.3151E-1 4.35846E-1 4.37638E-1 4.37146E-1 4.21019E-1 4.26665E-1 4.24581E-1 5.28288E-1 5.69977E-1 5.91623E-1 6.08064E-1 6.1689E-1 6.57325E-1 6.85618E-1 5.97838E-1 5.67073E-1 6.64759E-1 7.44312E-1 -9999 8.14033E-1
7.12327E-1 7.02779E-1 6.97852E-1 6.99775E-1 7.10974E-1 7.05758E-1 7.00993E-1 6.83811E-1 6.95455E-1 -9999 -9999 -9999 -9999 -9999 -9999 -9999 -9999 -9999 -9999 -9999 -9999 -9999 -9999 -9999 -9999 -9999 -9999 -9999 -9999 -9999 -9999 -9999 -9999 -9999 -9999 -9999 4.89187E-1 4.96945E-1 4.4888E-1 4.11592E-1 3.35045E-1 2.90118E-1 2.93002E-1 3.66076E-1 4.11431E-1 4.36244E-1 4.26357E-1 4.41523E-1 4.44631E-1 4.46051E-1 4.349E-1 4.48255E-1 4.44212E-1 4.51387E-1 4.52299E-1 4.54628E-1 4.7398E-1 4.79239E-1 4.78193E-1 5.36176E-1 5.61004E-1 5.75584E-1 5.66969E-1 6.08291E-1 6.55356E-1 7.00093E-1 6.13764E-1 5.95717E-1 5.87203E-1 7.62233E-1 -9999 -9999
