Artocarpus altilis SDM files/Last interglacial/results (with bias file)/Artalt_max.asc
ncols         1201
nrows         481
xllcorner     119.99986351115
yllcorner     -15.00013864885
cellsize      0.041666667
NODATA_value  -9999
[rows 160 to 191 of 481, columns 288 to 359 of 1201]
5.11295E-1 4.67268E-1 4.26686E-1 4.02385E-1 4.10776E-1 3.57822E-1 3.76969E-1 3.38944E-1 3.7596E-1 4.35192E-1 3.1372E-1 2.83641E-1 2.76729E-1 3.54582E-1 3.43014E-1 4.22432E-1 2.88457E-1 3.02595E-1 2.98093E-1 2.35661E-1 2.90147E-1 3.57324E-1 3.30429E-1 3.15642E-1 2.81606E-1 3.0617E-1 3.11597E-1 2.85698E-1 3.2718E-1 3.98412E-1 4.31246E-1 4.4905E-1 4.3096E-1 4.23002E-1 3.91397E-1 4.17774E-1 4.66023E-1 4.17022E-1 4.08775E-1 4.44747E-1 4.2014E-1 4.29352E-1 4.60756E-1 5.52026E-1 5.33246E-1 4.98668E-1 3.76036E-1 2.21877E-1 3.19163E-1 5.40183E-1 6.53593E-1 6.74744E-1 -9999 -9999 -9999 -9999 -9999 -9999 -9999 -9999 -9999 -9999 -9999 -9999 -9999 -9999 -9999 -9999 -9999 -9999 -9999 -9999
4.97294E-1 4.79835E-1 4.38307E-1 4.44084E-1 4.15938E-1 3.69244E-1 4.14182E-1 3.9804E-1 3.98296E-1 4.11701E-1 2.97464E-1 3.22453E-1 3.20673E-1 3.67898E-1 3.77082E-1 3.69392E-1 3.12179E-1 2.95345E-1 3.24807E-1 2.51276E-1 2.71297E-1 3.66498E-1 3.70433E-1 3.05481E-1 3.30622E-1 2.91763E-1 3.07431E-1 2.77897E-1 2.67525E-1 2.5915E-1 3.4224E-1 4.07682E-1 3.72538E-1 3.61853E-1 3.92365E-1 4.2156E-1 4.36154E-1 4.80754E-1 4.33496E-1 3.90359E-1 3.41934E-1 3.83881E-1 4.0555E-1 5.39551E-1 5.35095E-1 5.15559E-1 5.26485E-1 4.49058E-1 3.64478E-1 4.53605E-1 6.38259E-1 -9999 -9999 -9999 -9999 -9999 -9999 -9999 -9999 -9999 -9999 -9999 -9999 -9999 -9999 -9999 -9999 -9999 -9999 -9999 -9999 -9999
4.76824E-1 4.88165E-1 4.50474E-1 4.61679E-1 4.28505E-1 4.11896E-1 4.52689E-1 4.40847E-1 4.17546E-1 4.48955E-1 3.02253E-1 2.97013E-1 3.03251E-1 3.96134E-1 4.2089E-1 3.51462E-1 2.94658E-1 3.33604E-1 3.11884E-1 2.96682E-1 3.26114E-1 3.07006E-1 3.05164E-1 3.05543E-1 3.42351E-1 3.63894E-1 3.18999E-1 3.23207E-1 3.39763E-1 2.85333E-1 3.15299E-1 2.98384E-1 3.36171E-1 3.68841E-1 4.188E-1 4.65169E-1 4.73888E-1 4.25096E-1 4.12432E-1 4.38614E-1 4.0511E-1 3.75431E-1 3.62954E-1 4.71552E-1 4.99411E-1 5.73491E-1 5.52563E-1 5.09601E-1 4.22027E-1 3.98352E-1 5.72467E-1 -9999 -9999 -9999 -9999 -9999 -9999 -9999 -9999 -9999 -9999 -9999 -9999 -9999 -9999 -9999 -9999 -9999 -9999 -9999 -9999 -9999
5.06796E-1 5.06604E-1 4.8759E-1 4.80856E-1 4.49263E-1 4.65715E-1 4.53441E-1 4.52744E-1 4.36293E-1 4.12799E-1 3.21823E-1 3.23386E-1 3.28411E-1 3.57996E-1 3.80149E-1 3.46621E-1 2.84319E-1 3.50175E-1 3.01753E-1 3.18894E-1 3.57626E-1 3.19534E-1 3.25037E-1 3.55938E-1 3.33961E-1 3.62078E-1 3.31311E-1 3.82094E-1 4.05714E-1 3.6445E-1 3.74185E-1 2.73951E-1 3.19912E-1 4.17317E-1 4.32662E-1 4.61497E-1 3.85083E-1 4.36538E-1 4.15215E-1 3.86109E-1 4.12521E-1 3.84325E-1 3.57709E-1 4.19908E-1 4.94987E-1 4.76139E-1 5.03722E-1 5.45874E-1 4.37767E-1 4.04373E-1 5.73772E-1 -9999 6.27399E-1 5.9561E-1 -9999 -9999 -9999 -9999 -9999 -9999 -9999 -9999 -9999 -9999 -9999 -9999 -9999 -9999 -9999 -9999 -9999 -9999
5.26329E-1 5.19363E-1 5.05244E-1 4.93788E-1 4.87692E-1 4.78053E-1 4.4813E-1 4.41728E-1 3.90352E-1 4.0365E-1 3.5316E-1 3.59313E-1 4.05429E-1 3.4201E-1 4.21158E-1 3.81947E-1 3.13673E-1 3.65254E-1 3.1298E-1 3.23112E-1 3.46919E-1 2.87819E-1 3.24377E-1 3.44184E-1 3.40292E-1 3.74337E-1 3.59959E-1 3.85396E-1 3.73321E-1 3.71648E-1 3.34525E-1 3.29309E-1 3.35921E-1 3.95023E-1 4.35352E-1 4.2029E-1 4.17555E-1 3.79481E-1 4.06866E-1 4.22324E-1 3.74622E-1 3.84121E-1 4.64301E-1 4.3713E-1 4.42875E-1 4.87207E-1 3.97175E-1 3.94917E-1 4.44161E-1 4.31425E-1 5.65712E-1 -9999 6.2021E-1 6.21383E-1 -9999 -9999 -9999 -9999 -9999 -9999 -9999 -9999 -9999 -9999 -9999 -9999 -9999 -9999 -9999 -9999 -9999 -9999
5.47893E-1 5.37123E-1 5.25271E-1 5.14792E-1 5.07809E-1 4.91263E-1 4.24826E-1 3.94998E-1 3.88609E-1 4.06484E-1 3.93919E-1 3.61644E-1 4.21038E-1 3.65097E-1 3.62916E-1 3.54146E-1 3.13829E-1 3.02306E-1 2.99303E-1 3.35259E-1 3.36721E-1 3.54288E-1 3.42743E-1 3.20363E-1 3.39024E-1 2.96884E-1 3.16725E-1 3.09504E-1 3.1899E-1 3.48582E-1 3.43413E-1 3.67591E-1 4.57819E-1 4.07412E-1 3.22907E-1 3.54654E-1 3.02551E-1 3.69889E-1 3.62093E-1 3.41981E-1 3.71392E-1 3.99936E-1 3.80748E-1 3.37017E-1 4.36928E-1 4.18811E-1 3.55766E-1 4.39675E-1 3.93542E-1 4.01533E-1 5.40461E-1 5.87665E-1 5.91712E-1 6.10644E-1 -9999 -9999 -9999 -9999 -9999 -9999 -9999 -9999 -9999 -9999 -9999 -9999 -9999 -9999 -9999 -9999 -9999 -9999
5.52454E-1 5.63939E-1 5.40369E-1 5.32255E-1 5.25439E-1 4.81505E-1 4.83271E-1 4.03507E-1 4.16602E-1 4.2272E-1 3.95972E-1 3.67358E-1 3.55265E-1 3.55462E-1 3.36105E-1 3.71206E-1 3.26028E-1 3.1439E-1 3.31578E-1 3.51939E-1 3.79475E-1 3.33675E-1 2.96879E-1 3.09372E-1 3.28415E-1 3.22152E-1 2.96011E-1 3.08018E-1 3.27745E-1 3.12819E-1 3.87559E-1 4.18651E-1 4.17189E-1 4.08374E-1 4.11293E-1 3.73423E-1 3.065E-1 3.70123E-1 3.60166E-1 4.28077E-1 3.61532E-1 2.74675E-1 3.00082E-1 4.53087E-1 5.43526E-1 4.06326E-1 4.2945E-1 4.6892E-1 4.06866E-1 3.43761E-1 4.6966E-1 5.84842E-1 5.79417E-1 6.12247E-1 -9999 -9999 -9999 -9999 -9999 -9999 -9999 -9999 -9999 -9999 -9999 -9999 -9999 -9999 -9999 -9999 -9999 -9999
5.70531E-1 5.94226E-1 5.47944E-1 5.42536E-1 5.31142E-1 5.2879E-1 4.92179E-1 4.28438E-1 4.7664E-1 4.20152E-1 3.96591E-1 3.50766E-1 3.56566E-1 3.03746E-1 3.20203E-1 3.42908E-1 3.30185E-1 3.26771E-1 2.9439E-1 3.40921E-1 3.60756E-1 3.41381E-1 3.24106E-1 2.87609E-1 3.29231E-1 2.9859E-1 3.36224E-1 3.30657E-1 3.0523E-1 3.7414E-1 3.61735E-1 3.41428E-1 3.16788E-1 3.03334E-1 3.21675E-1 4.5294E-1 4.87839E-1 4.13082E-1 4.13945E-1 3.2352E-1 2.86965E-1 3.34572E-1 3.4324E-1 5.06737E-1 4.10263E-1 3.78926E-1 4.37157E-1 4.98775E-1 4.07388E-1 3.76152E-1 4.24937E-1 5.63207E-1 5.7632E-1 -9999 -9999 -9999 -9999 -9999 -9999 -9999 -9999 -9999 -9999 -9999 -9999 -9999 -9999 -9999 -9999 -9999 -9999 -9999
6.06983E-1 5.94013E-1 5.75856E-1 5.59779E-1 5.53552E-1 5.08804E-1 5.06826E-1 4.5091E-1 4.46327E-1 4.80018E-1 3.92905E-1 3.58447E-1 3.24944E-1 3.25399E-1 3.3701E-1 3.32138E-1 3.25604E-1 3.22597E-1 3.02767E-1 3.11531E-1 2.80408E-1 3.08251E-1 3.10172E-1 2.73134E-1 2.88691E-1 3.1266E-1 3.24314E-1 3.12911E-1 3.32421E-1 3.72675E-1 3.37995E-1 2.96445E-1 3.01382E-1 3.33259E-1 3.81264E-1 3.67236E-1 4.82903E-1 4.7555E-1 4.4556E-1 3.70405E-1 3.38854E-1 4.1032E-1 4.31742E-1 3.54755E-1 4.35554E-1 3.64696E-1 4.47522E-1 4.77008E-1 4.37844E-1 3.79173E-1 5.09287E-1 5.25327E-1 5.67203E-1 -9999 -9999 -9999 -9999 -9999 -9999 -9999 -9999 -9999 -9999 -9999 7.50354E-1 -9999 -9999 -9999 -9999 -9999 -9999 -9999
6.19969E-1 6.12375E-1 5.90328E-1 5.78751E-1 5.7369E-1 5.23725E-1 5.21944E-1 4.65502E-1 4.35881E-1 4.04899E-1 3.91163E-1 3.92503E-1 3.5894E-1 3.55103E-1 3.49193E-1 3.37544E-1 3.40453E-1 3.16326E-1 3.02788E-1 3.10665E-1 2.74375E-1 2.71929E-1 2.8913E-1 2.77744E-1 2.74511E-1 2.63693E-1 2.79878E-1 3.38382E-1 3.32246E-1 3.23811E-1 3.74718E-1 4.1003E-1 3.60938E-1 3.97426E-1 4.663E-1 4.12151E-1 3.71127E-1 3.5465E-1 3.93507E-1 3.91614E-1 4.15811E-1 4.05814E-1 4.25236E-1 3.58631E-1 3.70478E-1 4.61871E-1 3.92309E-1 4.27788E-1 4.34575E-1 3.30172E-1 4.52168E-1 5.26337E-1 -9999 -9999 -9999 -9999 5.26048E-1 5.44381E-1 5.53227E-1 -9999 -9999 -9999 -9999 -9999 -9999 7.3542E-1 -9999 -9999 -9999 -9999 -9999 -9999
6.30186E-1 6.08303E-1 5.94359E-1 5.9726E-1 5.82288E-1 5.52636E-1 5.39462E-1 4.9078E-1 4.47141E-1 4.33975E-1 4.63164E-1 4.0521E-1 3.58704E-1 3.45931E-1 3.6239E-1 3.51063E-1 3.54392E-1 3.04084E-1 2.95151E-1 2.85918E-1 2.74044E-1 2.78761E-1 2.72755E-1 2.89091E-1 2.7896E-1 2.92277E-1 2.86732E-1 2.75022E-1 3.10051E-1 2.80082E-1 3.20054E-1 3.35591E-1 3.6658E-1 3.24643E-1 3.34011E-1 3.38894E-1 3.06759E-1 3.02055E-1 3.13915E-1 2.70619E-1 3.62933E-1 3.85871E-1 4.13221E-1 4.20549E-1 4.98903E-1 4.8594E-1 4.84697E-1 4.54984E-1 4.27516E-1 3.55791E-1 4.96247E-1 5.4082E-1 -9999 -9999 -9999 5.15437E-1 4.7007E-1 5.20153E-1 5.01737E-1 -9999 -9999 -9999 -9999 -9999 -9999 7.31844E-1 7.39265E-1 -9999 -9999 -9999 -9999 -9999
6.55504E-1 6.45698E-1 6.54641E-1 6.41141E-1 6.1033E-1 5.10856E-1 5.01892E-1 4.98293E-1 5.3595E-1 5.22268E-1 4.58216E-1 3.89453E-1 4.01486E-1 3.94467E-1 3.67897E-1 3.86799E-1 3.33617E-1 3.13245E-1 3.02532E-1 3.09167E-1 2.87203E-1 2.85639E-1 2.77727E-1 2.74801E-1 2.62823E-1 2.79442E-1 2.64073E-1 3.02861E-1 2.89706E-1 3.10464E-1 3.18759E-1 2.96475E-1 3.34965E-1 3.35355E-1 3.52072E-1 3.30432E-1 3.09171E-1 2.92405E-1 3.97554E-1 3.55388E-1 3.78581E-1 4.78624E-1 4.68238E-1 4.81685E-1 4.98782E-1 4.81074E-1 5.11117E-1 4.25777E-1 4.06885E-1 3.67835E-1 4.12974E-1 5.32247E-1 -9999 -9999 -9999 5.45171E-1 4.46775E-1 5.65452E-1 -9999 -9999 -9999 -9999 -9999 -9999 -9999 7.31048E-1 -9999 -9999 -9999 -9999 -9999 -9999
-9999 6.49558E-1 6.64074E-1 6.63974E-1 6.34139E-1 5.80776E-1 5.65665E-1 5.53904E-1 5.79606E-1 4.96174E-1 4.36979E-1 4.25981E-1 4.36085E-1 4.26192E-1 3.72177E-1 3.70663E-1 3.44128E-1 3.33349E-1 3.14679E-1 3.04927E-1 2.74316E-1 2.79927E-1 2.86542E-1 2.74156E-1 2.90017E-1 2.57483E-1 3.01289E-1 2.62568E-1 2.73379E-1 2.91575E-1 2.78563E-1 2.99043E-1 3.1288E-1 3.6195E-1 2.99508E-1 3.50271E-1 4.04306E-1 3.93821E-1 3.93021E-1 4.37278E-1 4.64294E-1 4.67266E-1 4.50825E-1 4.93364E-1 5.21415E-1 5.23005E-1 5.41104E-1 4.64959E-1 4.20554E-1 3.97028E-1 3.43425E-1 4.88801E-1 -9999 -9999 -9999 -9999 5.00218E-1 5.60826E-1 -9999 -9999 -9999 -9999 -9999 -9999 -9999 -9999 -9999 -9999 -9999 -9999 -9999 -9999
-9999 -9999 -9999 -9999 6.34242E-1 6.2559E-1 5.78587E-1 5.9962E-1 5.99758E-1 4.79915E-1 4.90408E-1 5.20513E-1 5.52083E-1 5.21292E-1 4.19931E-1 3.84981E-1 3.53468E-1 3.2512E-1 3.0981E-1 3.01428E-1 2.91736E-1 2.86261E-1 2.86706E-1 2.75667E-1 2.69292E-1 2.63212E-1 2.99493E-1 2.67821E-1 2.8223E-1 2.70617E-1 2.92333E-1 2.76663E-1 2.92266E-1 3.1087E-1 2.9937E-1 3.21914E-1 3.34397E-1 3.34089E-1 3.54251E-1 3.61234E-1 4.21997E-1 4.88548E-1 4.94406E-1 4.59289E-1 5.04212E-1 5.05231E-1 4.7305E-1 4.0901E-1 3.59991E-1 4.14091E-1 3.64241E-1 4.8116E-1 -9999 -9999 -9999 -9999 5.4813E-1 -9999 -9999 -9999 -9999 -9999 -9999 -9999 -9999 -9999 -9999 -9999 -9999 -9999 -9999 -9999
-9999 -9999 -9999 -9999 -9999 6.362E-1 5.96112E-1 6.08188E-1 6.11404E-1 5.96482E-1 5.86122E-1 5.82051E-1 5.56416E-1 -9999 3.53538E-1 3.66244E-1 3.63036E-1 3.4364E-1 3.51377E-1 3.53176E-1 3.20893E-1 2.93283E-1 2.98782E-1 2.8663E-1 3.03328E-1 2.91065E-1 2.80172E-1 3.24483E-1 2.64488E-1 2.78921E-1 2.81361E-1 2.85805E-1 2.79609E-1 2.74308E-1 2.59853E-1 2.94384E-1 3.12832E-1 3.15746E-1 3.07878E-1 3.36316E-1 4.18767E-1 4.53351E-1 4.77274E-1 5.0484E-1 4.80785E-1 4.83145E-1 5.08213E-1 4.57764E-1 4.1951E-1 3.63509E-1 3.15095E-1 4.84585E-1 -9999 -9999 -9999 -9999 -9999 -9999 -9999 -9999 -9999 -9999 -9999 -9999 -9999 -9999 -9999 -9999 -9999 -9999 -9999 -9999
-9999 -9999 -9999 -9999 -9999 -9999 6.0687E-1 6.29055E-1 6.4959E-1 6.37754E-1 6.1998E-1 -9999 -9999 -9999 4.11771E-1 3.71022E-1 3.81576E-1 3.99649E-1 3.90992E-1 3.75481E-1 3.08557E-1 2.94279E-1 2.85828E-1 2.86732E-1 3.04838E-1 -9999 -9999 -9999 -9999 -9999 -9999 -9999 -9999 -9999 -9999 -9999 -9999 -9999 -9999 -9999 3.78707E-1 3.77126E-1 4.51309E-1 4.70787E-1 4.88895E-1 5.05475E-1 4.90738E-1 4.09567E-1 4.38809E-1 3.77885E-1 3.02015E-1 4.52736E-1 -9999 -9999 -9999 -9999 -9999 -9999 -9999 -9999 -9999 5.81038E-1 -9999 -9999 -9999 -9999 -9999 -9999 -9999 -9999 -9999 -9999
-9999 -9999 -9999 -9999 -9999 -9999 5.45247E-1 5.99797E-1 -9999 -9999 -9999 -9999 -9999 -9999 4.11535E-1 4.07309E-1 3.93124E-1 4.18879E-1 -9999 -9999 -9999 2.93522E-1 2.95299E-1 3.05758E-1 -9999 -9999 -9999 -9999 -9999 -9999 -9999 -9999 -9999 -9999 -9999 -9999 -9999 -9999 -9999 -9999 -9999 -9999 -9999 4.40837E-1 4.51054E-1 5.11576E-1 4.56679E-1 4.30685E-1 4.289E-1 4.04567E-1 2.86191E-1 4.62149E-1 4.82591E-1 -9999 -9999 -9999 -9999 -9999 -9999 -9999 5.64101E-1 5.55854E-1 -9999 -9999 -9999 -9999 -9999 -9999 -9999 -9999 -9999 -9999
-9999 -9999 -9999 -9999 -9999 -9999 -9999 -9999 -9999 -9999 -9999 -9999 -9999 -9999 -9999 -9999 -9999 -9999 -9999 -9999 -9999 -9999 -9999 -9999 -9999 -9999 -9999 -9999 -9999 -9999 -9999 -9999 -9999 -9999 -9999 -9999 -9999 -9999 -9999 -9999 -9999 -9999 -9999 4.02705E-1 4.1811E-1 4.52334E-1 4.26153E-1 4.33934E-1 4.61124E-1 4.66514E-1 3.16627E-1 3.56547E-1 4.40375E-1 -9999 -9999 -9999 -9999 -9999 -9999 -9999 5.23609E-1 5.50555E-1 -9999 -9999 -9999 -9999 -9999 -9999 -9999 -9999 -9999 -9999
-9999 -9999 -9999 -9999 -9999 -9999 -9999 -9999 -9999 -9999 -9999 -9999 -9999 -9999 -9999 -9999 -9999 -9999 -9999 -9999 -9999 -9999 -9999 -9999 -9999 -9999 -9999 -9999 -9999 -9999 -9999 -9999 -9999 -9999 -9999 -9999 -9999 -9999 -9999 -9999 -9999 -9999 -9999 -9999 4.50399E-1 4.06916E-1 4.36731E-1 4.60108E-1 4.18433E-1 4.15961E-1 3.51884E-1 3.47053E-1 4.65591E-1 4.98055E-1 -9999 -9999 -9999 -9999 -9999 -9999 5.18232E-1 5.08798E-1 5.67792E-1 -9999 -9999 -9999 -9999 -9999 -9999 -9999 -9999 -9999
-9999 -9999 -9999 -9999 -9999 -9999 -9999 -9999 -9999 -9999 -9999 -9999 -9999 -9999 -9999 -9999 -9999 -9999 -9999 -9999 -9999 -9999 -9999 -9999 -9999 -9999 2.92802E-1 2.55457E-1 2.90347E-1 2.98E-1 3.08573E-1 2.89605E-1 3.05767E-1 -9999 -9999 3.1429E-1 3.31047E-1 3.48511E-1 -9999 -9999 -9999 3.9968E-1 3.98447E-1 4.22772E-1 4.78024E-1 4.12502E-1 4.35163E-1 4.36122E-1 4.10653E-1 2.9126E-1 3.50262E-1 3.5961E-1 3.61435E-1 4.77834E-1 4.78665E-1 -9999 -9999 -9999 -9999 -9999 5.39075E-1 5.37333E-1 -9999 -9999 -9999 -9999 -9999 -9999 -9999 -9999 -9999 -9999
-9999 -9999 -9999 -9999 -9999 -9999 -9999 -9999 -9999 -9999 -9999 -9999 -9999 -9999 -9999 -9999 -9999 -9999 -9999 -9999 -9999 -9999 -9999 -9999 2.60587E-1 2.6674E-1 2.6789E-1 2.56949E-1 2.14153E-1 2.61012E-1 2.6931E-1 2.48706E-1 2.58798E-1 3.098E-1 3.32056E-1 -9999 2.64542E-1 3.04421E-1 3.24995E-1 -9999 -9999 3.90787E-1 3.84118E-1 4.27571E-1 4.47284E-1 4.85136E-1 4.62738E-1 4.25221E-1 4.22784E-1 2.5367E-1 3.71955E-1 3.44145E-1 3.22388E-1 3.08143E-1 4.20667E-1 5.10608E-1 -9999 -9999 -9999 -9999 4.92682E-1 5.22393E-1 5.53863E-1 5.68572E-1 -9999 -9999 -9999 -9999 -9999 -9999 -9999 -9999
-9999 -9999 -9999 -9999 -9999 -9999 -9999 -9999 -9999 -9999 -9999 -9999 -9999 -9999 -9999 -9999 -9999 -9999 -9999 -9999 -9999 -9999 -9999 -9999 2.78964E-1 2.42375E-1 2.50411E-1 2.41006E-1 2.58129E-1 2.2947E-1 2.36876E-1 2.88777E-1 2.55458E-1 2.67717E-1 3.19096E-1 2.90705E-1 -9999 3.26807E-1 3.70656E-1 4.0004E-1 3.58881E-1 3.75553E-1 4.10203E-1 4.20332E-1 4.01405E-1 4.39826E-1 3.90983E-1 4.62199E-1 4.48812E-1 2.76377E-1 2.5528E-1 4.21017E-1 3.45342E-1 2.84053E-1 3.94174E-1 4.72999E-1 -9999 4.66391E-1 -9999 4.7292E-1 4.0568E-1 4.213E-1 3.91996E-1 4.66556E-1 -9999 -9999 -9999 -9999 -9999 -9999 -9999 -9999
-9999 -9999 -9999 -9999 -9999 -9999 -9999 -9999 -9999 -9999 -9999 -9999 -9999 -9999 -9999 -9999 -9999 -9999 -9999 -9999 -9999 -9999 -9999 2.57343E-1 2.25491E-1 2.25559E-1 2.51947E-1 2.4371E-1 2.80061E-1 2.86613E-1 3.11002E-1 2.39663E-1 2.55681E-1 2.73957E-1 2.56466E-1 2.92603E-1 2.90162E-1 3.7352E-1 3.65448E-1 3.90024E-1 3.57353E-1 3.87663E-1 3.81829E-1 3.90699E-1 2.84385E-1 3.45818E-1 3.56771E-1 3.9008E-1 4.42103E-1 3.3797E-1 2.81055E-1 3.93364E-1 3.54271E-1 3.2098E-1 3.64832E-1 4.41513E-1 4.53629E-1 4.775E-1 -9999 4.35368E-1 3.68123E-1 3.29463E-1 2.51187E-1 4.7467E-1 -9999 -9999 -9999 -9999 -9999 -9999 -9999 -9999
-9999 -9999 -9999 -9999 -9999 -9999 -9999 -9999 -9999 -9999 -9999 -9999 -9999 -9999 -9999 -9999 -9999 -9999 -9999 -9999 -9999 -9999 2.59065E-1 2.5663E-1 2.32246E-1 2.39452E-1 2.28471E-1 2.37315E-1 2.70932E-1 2.75829E-1 2.45019E-1 2.18852E-1 2.23405E-1 2.72056E-1 2.84822E-1 2.73342E-1 3.4088E-1 3.42697E-1 3.56957E-1 3.10995E-1 3.59052E-1 4.02142E-1 4.03403E-1 3.88904E-1 3.01537E-1 3.24394E-1 3.379E-1 3.38468E-1 4.08788E-1 3.29388E-1 3.00541E-1 3.64662E-1 3.49358E-1 3.71724E-1 3.23575E-1 3.84248E-1 4.47709E-1 4.21236E-1 -9999 4.19533E-1 3.74037E-1 3.28672E-1 2.23694E-1 4.21199E-1 -9999 -9999 -9999 -9999 -9999 -9999 -9999 -9999
-9999 -9999 -9999 -9999 -9999 -9999 -9999 -9999 -9999 -9999 4.76104E-1 3.80962E-1 4.8838E-1 -9999 -9999 -9999 -9999 -9999 -9999 -9999 -9999 2.69846E-1 2.51181E-1 2.40209E-1 2.32048E-1 2.22151E-1 2.16632E-1 2.3877E-1 2.09891E-1 2.1735E-1 2.31143E-1 2.11533E-1 2.06991E-1 2.59231E-1 2.64012E-1 2.96448E-1 3.04838E-1 3.68748E-1 3.84359E-1 2.89873E-1 3.7023E-1 3.98842E-1 3.93948E-1 3.99574E-1 4.25302E-1 3.76127E-1 3.46538E-1 3.02209E-1 3.5174E-1 4.12005E-1 3.50492E-1 3.70493E-1 4.1858E-1 3.17079E-1 3.19588E-1 3.4202E-1 4.02785E-1 4.2141E-1 -9999 4.40742E-1 3.32582E-1 2.24438E-1 1.55687E-1 3.71366E-1 -9999 -9999 -9999 -9999 -9999 -9999 -9999 -9999
-9999 -9999 5.61302E-1 5.03931E-1 4.3565E-1 3.61861E-1 3.66713E-1 4.19585E-1 3.65229E-1 4.64576E-1 4.72385E-1 3.80001E-1 3.2679E-1 2.98747E-1 -9999 -9999 -9999 -9999 -9999 -9999 2.78118E-1 2.44645E-1 2.43934E-1 2.41774E-1 2.34269E-1 2.29432E-1 2.01324E-1 2.01992E-1 2.0043E-1 2.19393E-1 2.34365E-1 2.54208E-1 2.65012E-1 2.78111E-1 3.05398E-1 3.10474E-1 3.76194E-1 4.10352E-1 2.82095E-1 2.93173E-1 3.48245E-1 4.00792E-1 4.10514E-1 4.18587E-1 4.59374E-1 3.99577E-1 3.34013E-1 3.69056E-1 2.87459E-1 3.46378E-1 3.70089E-1 3.53643E-1 3.42348E-1 3.53554E-1 3.19755E-1 3.23696E-1 3.56974E-1 4.11556E-1 -9999 4.55637E-1 3.06106E-1 1.624E-1 1.84589E-1 4.31817E-1 -9999 -9999 -9999 5.4197E-1 5.56501E-1 -9999 -9999 -9999
-9999 5.36431E-1 5.31209E-1 4.56913E-1 4.04388E-1 3.67298E-1 3.1327E-1 5.68931E-1 6.38542E-1 6.28713E-1 5.0848E-1 4.02451E-1 3.4903E-1 3.1861E-1 3.95183E-1 -9999 -9999 -9999 -9999 2.94326E-1 2.759E-1 2.4051E-1 2.49583E-1 2.43452E-1 2.3478E-1 2.60428E-1 2.19716E-1 2.52293E-1 2.01031E-1 2.21147E-1 2.81248E-1 3.03691E-1 2.95756E-1 2.75502E-1 3.19424E-1 3.5178E-1 3.86438E-1 3.06283E-1 2.626E-1 2.97368E-1 3.76859E-1 4.26787E-1 4.38073E-1 3.97332E-1 2.96157E-1 3.92758E-1 3.2502E-1 3.52685E-1 3.32138E-1 2.78052E-1 3.1502E-1 2.82863E-1 2.60181E-1 3.80466E-1 3.39112E-1 3.25953E-1 3.17486E-1 3.91003E-1 -9999 4.46882E-1 3.15616E-1 1.47432E-1 1.78739E-1 4.70439E-1 -9999 -9999 -9999 5.5923E-1 4.80403E-1 -9999 -9999 -9999
7.30606E-1 4.63414E-1 3.77333E-1 2.79169E-1 2.48367E-1 2.28444E-1 2.24826E-1 2.8858E-1 3.38522E-1 3.50674E-1 3.09282E-1 3.66094E-1 3.35086E-1 3.27358E-1 5.53364E-1 5.83014E-1 -9999 3.596E-1 3.23725E-1 2.84956E-1 2.91912E-1 2.56852E-1 2.47564E-1 2.38676E-1 2.25402E-1 2.34654E-1 2.33041E-1 2.50738E-1 2.39841E-1 2.47537E-1 2.27655E-1 2.27753E-1 2.35026E-1 2.5431E-1 3.27594E-1 3.02374E-1 3.136E-1 2.75462E-1 2.4192E-1 3.40661E-1 4.09062E-1 4.18387E-1 3.98799E-1 3.04036E-1 2.11209E-1 2.77855E-1 2.18707E-1 2.78848E-1 2.08853E-1 2.86907E-1 3.32258E-1 3.06538E-1 2.88554E-1 2.94073E-1 3.93483E-1 3.24849E-1 3.41337E-1 4.15497E-1 4.3929E-1 -9999 3.32163E-1 1.40322E-1 1.50487E-1 4.53845E-1 -9999 -9999 -9999 -9999 -9999 -9999 -9999 -9999
5.14869E-1 4.00247E-1 3.8025E-1 5.14017E-1 4.64679E-1 4.22464E-1 3.83065E-1 3.9415E-1 2.33999E-1 2.58834E-1 2.57652E-1 2.76677E-1 3.06564E-1 3.80069E-1 5.55287E-1 5.64857E-1 4.17243E-1 3.31655E-1 3.58324E-1 3.23365E-1 3.10941E-1 2.80432E-1 2.89683E-1 2.6279E-1 2.31964E-1 2.17497E-1 2.24913E-1 2.3405E-1 2.50617E-1 2.78055E-1 2.32307E-1 2.66721E-1 2.52734E-1 2.49509E-1 3.03573E-1 2.8845E-1 2.98708E-1 2.81488E-1 2.67729E-1 3.54913E-1 3.63948E-1 4.08912E-1 3.63199E-1 2.17416E-1 1.85582E-1 1.43972E-1 1.46472E-1 1.39973E-1 2.88895E-1 3.38029E-1 3.39574E-1 3.61514E-1 3.46305E-1 2.50155E-1 3.44671E-1 3.31897E-1 3.57258E-1 3.75256E-1 4.29733E-1 -9999 4.01169E-1 1.82026E-1 1.49364E-1 3.73624E-1 -9999 -9999 -9999 -9999 -9999 -9999 -9999 -9999
5.95404E-1 6.57918E-1 6.0359E-1 5.89248E-1 5.67856E-1 5.57982E-1 4.97365E-1 4.45896E-1 4.11998E-1 2.22229E-1 1.37352E-1 1.53209E-1 2.31544E-1 3.69594E-1 4.47677E-1 5.05426E-1 5.87216E-1 4.24305E-1 5.33778E-1 3.4419E-1 2.93679E-1 3.07737E-1 2.79867E-1 2.51438E-1 2.27961E-1 2.15774E-1 2.05884E-1 2.27251E-1 1.96004E-1 1.80643E-1 2.13443E-1 2.1242E-1 2.15238E-1 2.55944E-1 2.97165E-1 2.72241E-1 3.0686E-1 3.00878E-1 2.59908E-1 3.43064E-1 3.72265E-1 3.24457E-1 3.04929E-1 2.18292E-1 2.8832E-1 2.55409E-1 1.76853E-1 1.6241E-1 2.93078E-1 3.00212E-1 2.93991E-1 3.49634E-1 3.09876E-1 3.29585E-1 2.42398E-1 2.40048E-1 3.29248E-1 3.47327E-1 4.10905E-1 4.46904E-1 4.33119E-1 2.36698E-1 1.19615E-1 3.08115E-1 -9999 -9999 -9999 -9999 -9999 -9999 -9999 -9999
7.76301E-1 7.515E-1 6.92827E-1 6.52251E-1 6.67592E-1 6.6852E-1 6.18664E-1 5.96138E-1 5.49862E-1 4.23844E-1 1.70078E-1 1.21862E-1 1.27667E-1 3.48241E-1 5.09079E-1 5.22596E-1 5.43946E-1 5.71982E-1 5.33238E-1 4.01104E-1 2.95644E-1 2.9222E-1 2.64407E-1 2.56756E-1 2.47369E-1 2.37387E-1 2.38049E-1 1.92574E-1 2.24578E-1 1.93247E-1 2.22006E-1 1.88969E-1 2.09613E-1 2.38718E-1 2.44479E-1 2.63963E-1 2.96672E-1 3.01996E-1 2.70986E-1 3.13041E-1 3.16935E-1 2.83577E-1 2.30063E-1 2.36929E-1 2.9129E-1 2.65696E-1 2.61768E-1 1.86316E-1 2.10557E-1 2.79251E-1 2.55314E-1 3.06547E-1 3.26002E-1 3.70974E-1 3.27042E-1 1.93591E-1 2.95088E-1 2.96727E-1 3.49299E-1 4.34039E-1 4.01554E-1 2.73047E-1 1.84716E-1 4.07677E-1 5.09249E-1 -9999 -9999 5.2558E-1 5.2208E-1 -9999 -9999 -9999
8.19408E-1 8.07909E-1 7.68689E-1 7.74302E-1 7.82062E-1 7.67806E-1 7.45028E-1 7.36794E-1 6.87897E-1 3.99399E-1 2.21988E-1 1.6396E-1 1.20487E-1 2.40706E-1 4.65907E-1 4.8278E-1 5.14394E-1 5.60587E-1 4.64629E-1 3.76458E-1 2.80902E-1 2.56167E-1 2.67997E-1 2.5765E-1 2.46784E-1 2.72289E-1 2.66738E-1 2.58136E-1 2.59423E-1 2.26441E-1 2.09171E-1 2.08234E-1 2.20014E-1 2.26931E-1 2.32924E-1 2.45583E-1 3.00066E-1 3.06752E-1 3.34022E-1 3.05038E-1 2.76744E-1 2.44477E-1 2.50108E-1 2.55936E-1 3.21668E-1 2.53063E-1 2.73012E-1 2.10809E-1 2.23807E-1 2.32106E-1 1.9293E-1 1.95813E-1 2.352E-1 3.19083E-1 3.19178E-1 2.32676E-1 1.88727E-1 2.70973E-1 2.95663E-1 4.0874E-1 4.01647E-1 3.58549E-1 1.96103E-1 3.71414E-1 4.83717E-1 -9999 4.59496E-1 4.51923E-1 4.96462E-1 -9999 -9999 -9999
