Artocarpus altilis SDM files/Last interglacial/results (with bias file)/Artalt_2.asc
ncols         1201
nrows         481
xllcorner     119.99986351115
yllcorner     -15.00013864885
cellsize      0.041666667
NODATA_value  -9999
[rows 160 to 191 of 481, columns 0 to 71 of 1201]
3.15357E-1 2.93321E-1 1.59402E-1 1.16341E-1 1.52574E-1 1.6971E-1 1.72505E-1 1.84324E-1 1.45449E-1 9.27535E-2 7.03267E-2 8.10074E-2 1.32597E-1 2.63445E-1 3.2907E-1 3.49316E-1 3.01344E-1 3.14216E-1 2.73325E-1 2.1125E-1 1.3804E-1 8.6774E-2 6.62113E-2 5.64216E-2 5.40332E-2 5.7728E-2 1.11693E-1 2.47855E-1 2.20563E-1 3.27893E-1 4.71717E-1 3.65683E-1 1.67547E-1 9.04544E-2 1.93223E-1 1.48764E-1 9.29799E-2 1.49465E-1 2.90785E-1 3.69685E-1 1.82339E-1 3.44331E-1 4.64581E-1 3.56032E-1 4.77587E-1 5.86274E-1 6.49484E-1 6.88591E-1 7.0426E-1 7.29477E-1 7.31119E-1 -9999 7.38532E-1 -9999 -9999 -9999 -9999 -9999 -9999 -9999 -9999 -9999 -9999 -9999 -9999 -9999 -9999 -9999 -9999 -9999 -9999 -9999
2.83129E-1 2.84153E-1 1.64348E-1 9.25901E-2 1.45215E-1 1.72154E-1 1.43082E-1 1.69992E-1 1.28285E-1 6.97283E-2 6.58004E-2 7.93003E-2 1.43349E-1 2.31197E-1 3.08521E-1 2.90938E-1 2.51523E-1 2.51948E-1 2.14723E-1 1.61898E-1 1.3109E-1 9.85252E-2 5.91933E-2 4.48669E-2 4.43172E-2 6.55374E-2 1.90943E-1 2.86523E-1 1.96307E-1 3.06656E-1 3.82401E-1 4.16892E-1 2.65104E-1 1.2587E-1 2.41422E-1 2.33836E-1 1.26366E-1 1.84354E-1 1.9052E-1 3.41323E-1 2.8438E-1 3.22609E-1 5.46506E-1 4.83324E-1 6.08516E-1 6.28208E-1 6.59733E-1 6.82442E-1 -9999 -9999 -9999 -9999 -9999 -9999 -9999 -9999 -9999 -9999 -9999 -9999 -9999 -9999 -9999 -9999 -9999 -9999 -9999 -9999 -9999 -9999 -9999 -9999
1.60214E-1 2.66775E-1 1.83447E-1 8.27476E-2 1.23746E-1 1.51968E-1 1.32604E-1 1.42023E-1 1.1308E-1 7.16516E-2 6.89427E-2 1.22277E-1 1.72959E-1 2.28175E-1 2.45102E-1 2.84958E-1 2.18524E-1 1.96717E-1 1.81471E-1 1.29982E-1 1.46166E-1 1.20834E-1 5.82614E-2 4.5594E-2 5.61266E-2 1.36187E-1 2.49498E-1 2.70247E-1 2.21004E-1 1.40859E-1 2.90786E-1 4.75383E-1 3.24491E-1 2.23557E-1 2.02942E-1 2.79644E-1 2.38106E-1 2.67542E-1 2.93143E-1 3.91113E-1 4.49902E-1 4.71455E-1 5.61508E-1 5.55839E-1 6.34942E-1 6.3063E-1 -9999 -9999 -9999 -9999 -9999 -9999 -9999 -9999 -9999 -9999 -9999 -9999 -9999 -9999 -9999 -9999 -9999 -9999 -9999 -9999 -9999 -9999 -9999 -9999 -9999 -9999
1.75257E-1 2.80379E-1 2.36778E-1 1.10793E-1 8.00309E-2 7.55032E-2 9.92285E-2 1.49628E-1 1.02477E-1 7.38249E-2 7.39059E-2 1.08162E-1 1.90149E-1 2.90136E-1 2.91794E-1 2.52275E-1 1.77019E-1 1.80565E-1 1.72536E-1 1.2286E-1 1.67224E-1 1.32966E-1 7.30322E-2 6.87901E-2 1.34885E-1 2.37809E-1 2.41878E-1 2.28225E-1 2.29873E-1 1.12958E-1 1.9949E-1 4.60534E-1 3.37067E-1 2.59993E-1 2.36927E-1 2.85604E-1 3.72547E-1 4.01395E-1 4.42553E-1 4.6842E-1 5.34776E-1 5.68114E-1 5.81603E-1 -9999 -9999 -9999 -9999 -9999 -9999 -9999 -9999 -9999 -9999 -9999 -9999 -9999 -9999 -9999 -9999 -9999 -9999 -9999 -9999 -9999 -9999 -9999 -9999 -9999 -9999 -9999 -9999 -9999
2.20209E-1 1.62756E-1 2.6172E-1 1.46127E-1 9.14556E-2 9.20457E-2 1.05868E-1 1.58079E-1 1.11806E-1 7.88222E-2 7.40576E-2 1.37596E-1 2.41826E-1 2.9414E-1 2.91199E-1 1.94482E-1 1.70846E-1 1.35795E-1 1.57628E-1 1.60521E-1 1.93807E-1 1.40167E-1 9.90699E-2 1.26991E-1 2.17893E-1 2.78029E-1 2.60483E-1 2.07382E-1 2.24938E-1 1.97633E-1 1.81716E-1 4.32212E-1 4.52341E-1 4.10281E-1 4.07171E-1 3.66243E-1 4.54566E-1 4.50899E-1 4.81182E-1 4.58506E-1 5.31144E-1 5.58441E-1 5.6654E-1 -9999 -9999 -9999 -9999 -9999 -9999 -9999 -9999 -9999 -9999 -9999 -9999 -9999 -9999 -9999 -9999 -9999 -9999 -9999 -9999 -9999 -9999 -9999 -9999 -9999 -9999 -9999 -9999 -9999
1.06203E-1 1.09411E-1 1.87453E-1 1.84557E-1 1.34666E-1 1.86108E-1 2.17E-1 1.64105E-1 1.12983E-1 6.57651E-2 1.00992E-1 2.01837E-1 2.78985E-1 2.80381E-1 2.82725E-1 2.37964E-1 1.61708E-1 1.20753E-1 1.62322E-1 2.12503E-1 2.03415E-1 2.18549E-1 1.69434E-1 2.03245E-1 2.7059E-1 2.83378E-1 2.92183E-1 2.40034E-1 2.36256E-1 2.81508E-1 2.96749E-1 4.07655E-1 4.35938E-1 4.62361E-1 4.41365E-1 4.29256E-1 4.70464E-1 4.71979E-1 4.8431E-1 4.9995E-1 5.19712E-1 5.34832E-1 -9999 -9999 -9999 -9999 -9999 -9999 -9999 -9999 -9999 -9999 -9999 -9999 -9999 -9999 -9999 -9999 -9999 -9999 -9999 -9999 -9999 -9999 -9999 -9999 -9999 -9999 -9999 -9999 -9999 -9999
8.34765E-2 9.57373E-2 1.22067E-1 2.19238E-1 1.94436E-1 2.08792E-1 2.0474E-1 1.49261E-1 9.19654E-2 7.59978E-2 1.11122E-1 2.3401E-1 2.76048E-1 2.73158E-1 2.65307E-1 2.63219E-1 1.6751E-1 1.29493E-1 1.93847E-1 2.76965E-1 2.24466E-1 2.91659E-1 2.60564E-1 2.65963E-1 2.71523E-1 3.02889E-1 3.21329E-1 3.01905E-1 2.85496E-1 3.24285E-1 2.52818E-1 2.90662E-1 4.4408E-1 4.24331E-1 4.60293E-1 4.65948E-1 4.68363E-1 4.60534E-1 4.83965E-1 4.70466E-1 4.95233E-1 5.39946E-1 -9999 -9999 -9999 -9999 -9999 -9999 -9999 -9999 -9999 -9999 -9999 -9999 -9999 -9999 -9999 -9999 -9999 -9999 -9999 -9999 -9999 -9999 -9999 -9999 -9999 -9999 -9999 -9999 -9999 -9999
8.45044E-2 9.97896E-2 1.04138E-1 1.8464E-1 1.76137E-1 1.85787E-1 1.81952E-1 1.4057E-1 9.18343E-2 1.04646E-1 1.13827E-1 1.62036E-1 2.06915E-1 2.47652E-1 2.5964E-1 2.60788E-1 1.91055E-1 1.4129E-1 2.17233E-1 2.7439E-1 2.65984E-1 2.54566E-1 3.15582E-1 3.0389E-1 2.98765E-1 3.18133E-1 3.19979E-1 2.92174E-1 2.15545E-1 3.56289E-1 3.38168E-1 3.49404E-1 4.43831E-1 3.35267E-1 4.39318E-1 4.62804E-1 4.60116E-1 4.58003E-1 4.43963E-1 4.65177E-1 5.29254E-1 -9999 -9999 -9999 -9999 -9999 -9999 -9999 -9999 -9999 -9999 -9999 -9999 -9999 -9999 -9999 -9999 -9999 -9999 -9999 -9999 -9999 -9999 -9999 -9999 -9999 -9999 -9999 -9999 -9999 -9999 -9999
6.50203E-2 6.91924E-2 6.78846E-2 1.18085E-1 1.73769E-1 1.18937E-1 1.26901E-1 1.00751E-1 7.20748E-2 8.69959E-2 1.10799E-1 9.44749E-2 1.05013E-1 2.0585E-1 2.56645E-1 2.51481E-1 2.19436E-1 1.71454E-1 2.22782E-1 2.38164E-1 2.70704E-1 2.40963E-1 2.68311E-1 3.07612E-1 3.12283E-1 3.13738E-1 3.04407E-1 2.51467E-1 2.21121E-1 4.06145E-1 3.99297E-1 2.97988E-1 3.99994E-1 3.17002E-1 3.96813E-1 -9999 -9999 4.35103E-1 -9999 4.76633E-1 -9999 -9999 -9999 -9999 -9999 -9999 -9999 -9999 -9999 -9999 -9999 -9999 -9999 -9999 -9999 -9999 -9999 -9999 -9999 -9999 -9999 -9999 -9999 -9999 -9999 -9999 -9999 -9999 -9999 -9999 -9999 -9999
6.61425E-2 5.56407E-2 4.93458E-2 7.21087E-2 1.33576E-1 1.10288E-1 7.92117E-2 7.21042E-2 6.80757E-2 6.94351E-2 1.07285E-1 1.14587E-1 8.5716E-2 1.53033E-1 2.36448E-1 2.56902E-1 2.47202E-1 2.21188E-1 2.03098E-1 2.52446E-1 2.66438E-1 2.67363E-1 2.47164E-1 2.8233E-1 2.98562E-1 2.84948E-1 2.87372E-1 1.91492E-1 2.16133E-1 4.04105E-1 4.2473E-1 3.52723E-1 3.71647E-1 3.80033E-1 4.16186E-1 4.24409E-1 -9999 -9999 -9999 -9999 -9999 -9999 -9999 -9999 -9999 -9999 -9999 -9999 -9999 -9999 -9999 -9999 -9999 -9999 -9999 -9999 -9999 -9999 -9999 -9999 -9999 -9999 -9999 -9999 -9999 -9999 -9999 -9999 -9999 -9999 -9999 -9999
6.84436E-2 5.72393E-2 5.00598E-2 7.45067E-2 1.04837E-1 1.30899E-1 1.09176E-1 7.26895E-2 6.19537E-2 6.1187E-2 9.29351E-2 1.15501E-1 9.16607E-2 1.26826E-1 1.53019E-1 2.39516E-1 2.45286E-1 2.39604E-1 1.7332E-1 1.9526E-1 2.30902E-1 2.59681E-1 2.43954E-1 2.33416E-1 2.64123E-1 2.25544E-1 2.49365E-1 1.63272E-1 2.22501E-1 4.00166E-1 3.85001E-1 3.571E-1 3.98375E-1 4.16846E-1 4.31833E-1 4.44915E-1 4.55047E-1 -9999 -9999 -9999 -9999 -9999 -9999 -9999 -9999 -9999 -9999 -9999 -9999 -9999 -9999 -9999 -9999 -9999 -9999 -9999 -9999 -9999 -9999 -9999 -9999 -9999 -9999 -9999 -9999 -9999 -9999 -9999 -9999 -9999 -9999 -9999
7.0674E-2 5.89965E-2 7.53111E-2 1.06156E-1 1.10594E-1 1.03102E-1 1.57337E-1 1.10112E-1 7.39538E-2 5.96045E-2 6.8246E-2 8.64767E-2 7.8022E-2 1.40025E-1 1.1012E-1 1.46651E-1 2.33054E-1 2.34427E-1 1.93256E-1 1.49704E-1 1.90636E-1 2.09451E-1 2.30816E-1 1.81423E-1 2.29731E-1 2.19492E-1 1.99142E-1 2.1166E-1 2.38132E-1 2.65096E-1 3.24901E-1 3.05426E-1 3.65702E-1 3.20408E-1 3.21338E-1 4.3719E-1 4.50978E-1 -9999 -9999 -9999 -9999 -9999 -9999 -9999 -9999 -9999 -9999 -9999 -9999 -9999 -9999 -9999 -9999 -9999 -9999 -9999 -9999 -9999 -9999 -9999 -9999 -9999 -9999 -9999 -9999 -9999 -9999 -9999 -9999 -9999 -9999 -9999
7.02766E-2 5.95388E-2 1.00002E-1 8.65593E-2 8.19245E-2 1.04902E-1 1.25561E-1 1.57422E-1 9.58178E-2 5.91533E-2 6.39165E-2 7.97654E-2 6.8955E-2 1.03991E-1 1.12314E-1 9.64293E-2 1.56429E-1 2.21242E-1 2.10261E-1 1.57286E-1 1.36403E-1 1.67084E-1 2.15945E-1 1.6738E-1 1.71271E-1 2.00101E-1 1.71E-1 1.68874E-1 2.92645E-1 3.59911E-1 3.87911E-1 3.54746E-1 3.40263E-1 3.98395E-1 3.44039E-1 3.99277E-1 4.53213E-1 -9999 -9999 -9999 -9999 -9999 -9999 -9999 -9999 -9999 -9999 -9999 -9999 -9999 -9999 -9999 -9999 -9999 -9999 -9999 -9999 -9999 -9999 -9999 -9999 -9999 -9999 -9999 -9999 -9999 -9999 -9999 -9999 -9999 -9999 -9999
8.35295E-2 5.44561E-2 7.2069E-2 4.45455E-2 6.50042E-2 8.57999E-2 1.03919E-1 1.25334E-1 1.34013E-1 7.61221E-2 6.3316E-2 9.08099E-2 1.20004E-1 1.10164E-1 1.20592E-1 1.06048E-1 7.04655E-2 1.31407E-1 1.92175E-1 1.49564E-1 1.17921E-1 1.32918E-1 1.39758E-1 1.46954E-1 1.39459E-1 1.65617E-1 1.60119E-1 1.87126E-1 2.52314E-1 3.50962E-1 3.75428E-1 3.79876E-1 3.68913E-1 2.94614E-1 3.59061E-1 3.5125E-1 4.10741E-1 4.63845E-1 4.74339E-1 4.83067E-1 5.11696E-1 5.27322E-1 -9999 -9999 -9999 -9999 -9999 -9999 -9999 -9999 -9999 -9999 -9999 -9999 -9999 -9999 -9999 -9999 -9999 -9999 -9999 -9999 -9999 -9999 -9999 -9999 -9999 -9999 -9999 -9999 -9999 -9999
9.99536E-2 5.11832E-2 5.80548E-2 5.2175E-2 4.55192E-2 6.28823E-2 7.53215E-2 9.90856E-2 9.93237E-2 7.14931E-2 7.93872E-2 7.69173E-2 1.16502E-1 1.38055E-1 1.5421E-1 1.46384E-1 7.37688E-2 5.57864E-2 1.02681E-1 1.1106E-1 9.58101E-2 9.78534E-2 7.6594E-2 8.79181E-2 8.53075E-2 1.03265E-1 1.08677E-1 1.78702E-1 2.53167E-1 2.95378E-1 3.61528E-1 3.88508E-1 3.76648E-1 3.17024E-1 2.65511E-1 3.14968E-1 3.23251E-1 4.2741E-1 4.7642E-1 4.96852E-1 5.13315E-1 5.31374E-1 -9999 -9999 -9999 -9999 -9999 -9999 -9999 -9999 -9999 -9999 -9999 -9999 -9999 -9999 -9999 -9999 -9999 -9999 -9999 -9999 -9999 -9999 -9999 -9999 -9999 -9999 -9999 -9999 -9999 -9999
7.49663E-2 5.36481E-2 7.06309E-2 6.36355E-2 5.31995E-2 6.54125E-2 8.2594E-2 7.5407E-2 6.93678E-2 7.10612E-2 1.33505E-1 6.83277E-2 8.18503E-2 1.10612E-1 9.46605E-2 9.62861E-2 1.34772E-1 9.01194E-2 9.27607E-2 8.94846E-2 7.75237E-2 7.60276E-2 7.12086E-2 7.0714E-2 9.38991E-2 7.14821E-2 7.40832E-2 1.44425E-1 2.63954E-1 2.30599E-1 3.68949E-1 3.70752E-1 3.70819E-1 3.30556E-1 2.57611E-1 2.62322E-1 2.86958E-1 4.0639E-1 4.70966E-1 4.89065E-1 4.97484E-1 5.12899E-1 5.36434E-1 -9999 -9999 -9999 -9999 -9999 -9999 -9999 -9999 -9999 -9999 -9999 -9999 -9999 -9999 -9999 -9999 -9999 -9999 -9999 -9999 -9999 -9999 -9999 -9999 -9999 -9999 -9999 -9999 -9999
6.29676E-2 4.26705E-2 6.10444E-2 7.83244E-2 7.65097E-2 6.95095E-2 7.04018E-2 1.24972E-1 9.96359E-2 7.3692E-2 1.54572E-1 1.06449E-1 6.28891E-2 9.54127E-2 8.51653E-2 6.99101E-2 6.46273E-2 1.48902E-1 1.26448E-1 8.95882E-2 8.11627E-2 8.36301E-2 6.69405E-2 7.06946E-2 9.01917E-2 1.10214E-1 8.29458E-2 2.09755E-1 2.61405E-1 2.68719E-1 3.14153E-1 3.58911E-1 3.04797E-1 2.75436E-1 2.31587E-1 2.63418E-1 2.32228E-1 3.49543E-1 4.28261E-1 4.60234E-1 4.23826E-1 4.66139E-1 4.35772E-1 5.36565E-1 -9999 -9999 -9999 -9999 -9999 -9999 -9999 -9999 -9999 -9999 -9999 -9999 -9999 -9999 -9999 -9999 -9999 -9999 -9999 -9999 -9999 -9999 -9999 -9999 -9999 -9999 -9999 -9999
8.2739E-2 4.1995E-2 4.34336E-2 6.10397E-2 5.99109E-2 7.15191E-2 1.15581E-1 1.45438E-1 1.41023E-1 1.28694E-1 2.04068E-1 8.12281E-2 3.86233E-2 5.50497E-2 6.04882E-2 5.08827E-2 5.39958E-2 7.75562E-2 2.2892E-1 2.0207E-1 1.48788E-1 1.15247E-1 1.02942E-1 1.09392E-1 1.17152E-1 1.2988E-1 1.11404E-1 1.83852E-1 1.42314E-1 1.41214E-1 2.11918E-1 3.18789E-1 2.34643E-1 1.54184E-1 2.49064E-1 2.10201E-1 1.93559E-1 2.47079E-1 3.63298E-1 3.95346E-1 3.89125E-1 4.05955E-1 3.95207E-1 5.35339E-1 5.83413E-1 -9999 -9999 -9999 -9999 -9999 -9999 -9999 -9999 -9999 -9999 -9999 -9999 -9999 -9999 -9999 -9999 -9999 -9999 -9999 -9999 -9999 -9999 -9999 -9999 -9999 -9999 -9999
7.80739E-2 7.09209E-2 5.82622E-2 6.39631E-2 8.50668E-2 7.91823E-2 1.08677E-1 1.75405E-1 2.25164E-1 2.38055E-1 2.33973E-1 1.02009E-1 3.60847E-2 3.11507E-2 3.65184E-2 8.0576E-2 7.18508E-2 1.05348E-1 2.76891E-1 3.54016E-1 3.27618E-1 2.50056E-1 1.98407E-1 2.27092E-1 2.30466E-1 1.61913E-1 1.37197E-1 1.4588E-1 1.41026E-1 1.70783E-1 1.84165E-1 2.58131E-1 2.29683E-1 1.69657E-1 2.17145E-1 1.78457E-1 2.12599E-1 1.99107E-1 2.71598E-1 3.25243E-1 3.67016E-1 3.57818E-1 4.49506E-1 5.01269E-1 5.54586E-1 -9999 -9999 -9999 -9999 -9999 -9999 -9999 -9999 -9999 -9999 -9999 -9999 -9999 -9999 -9999 -9999 -9999 -9999 -9999 -9999 -9999 -9999 -9999 -9999 -9999 -9999 -9999
6.00805E-2 1.29009E-1 1.36098E-1 9.59067E-2 1.3477E-1 1.08612E-1 1.49289E-1 1.5734E-1 2.36692E-1 3.1762E-1 1.98379E-1 1.059E-1 4.29631E-2 3.1765E-2 5.15029E-2 1.05322E-1 1.28281E-1 1.39977E-1 3.28214E-1 3.82136E-1 3.93149E-1 3.77893E-1 3.38151E-1 3.00211E-1 3.53327E-1 2.75208E-1 2.73548E-1 2.41297E-1 1.9911E-1 2.73322E-1 2.6841E-1 2.45292E-1 2.38504E-1 1.68374E-1 1.8365E-1 1.6318E-1 2.04525E-1 1.92074E-1 2.04728E-1 2.46878E-1 3.17457E-1 3.57671E-1 3.6004E-1 4.28061E-1 5.19603E-1 5.90566E-1 -9999 -9999 -9999 -9999 -9999 -9999 -9999 -9999 -9999 -9999 -9999 -9999 -9999 -9999 -9999 -9999 -9999 -9999 -9999 -9999 -9999 -9999 -9999 -9999 -9999 -9999
9.35771E-2 1.36803E-1 2.13525E-1 1.5945E-1 1.68698E-1 1.26737E-1 1.87008E-1 2.68995E-1 3.1853E-1 3.31546E-1 1.83145E-1 1.49916E-1 1.13617E-1 6.37935E-2 6.64223E-2 9.57377E-2 1.91771E-1 2.65819E-1 3.53092E-1 3.83179E-1 3.97757E-1 3.98914E-1 3.85011E-1 2.63256E-1 3.46658E-1 3.65919E-1 3.16182E-1 2.58183E-1 1.9513E-1 2.02123E-1 2.33827E-1 2.84904E-1 2.89949E-1 2.8277E-1 2.03994E-1 1.71479E-1 1.90238E-1 1.76201E-1 1.64514E-1 2.32002E-1 2.84796E-1 3.29484E-1 3.44268E-1 3.37869E-1 3.82144E-1 5.22321E-1 6.09373E-1 -9999 -9999 -9999 -9999 -9999 -9999 -9999 -9999 -9999 -9999 -9999 -9999 -9999 -9999 -9999 -9999 -9999 -9999 -9999 -9999 -9999 -9999 -9999 -9999 -9999
1.45217E-1 1.64298E-1 1.79148E-1 2.46578E-1 1.59362E-1 2.24853E-1 2.97657E-1 3.33995E-1 3.5189E-1 3.37849E-1 2.85249E-1 2.39088E-1 1.52468E-1 9.46715E-2 1.56075E-1 1.54567E-1 2.64182E-1 3.2163E-1 3.66965E-1 3.97275E-1 4.08103E-1 3.8622E-1 3.89512E-1 3.51273E-1 3.42506E-1 2.26996E-1 3.09225E-1 2.38153E-1 1.81181E-1 1.47691E-1 1.58626E-1 1.95706E-1 2.90046E-1 2.88072E-1 2.99197E-1 2.47534E-1 1.94155E-1 2.21247E-1 2.31436E-1 1.92703E-1 2.50722E-1 2.59102E-1 2.5371E-1 3.31579E-1 2.95743E-1 4.49407E-1 5.69606E-1 -9999 -9999 -9999 -9999 -9999 -9999 -9999 -9999 -9999 -9999 -9999 -9999 -9999 -9999 -9999 -9999 -9999 -9999 -9999 -9999 -9999 -9999 -9999 -9999 -9999
1.78423E-1 1.4088E-1 1.22314E-1 1.88689E-1 2.82779E-1 3.24208E-1 3.55813E-1 3.69164E-1 3.74602E-1 3.76014E-1 3.56879E-1 2.95476E-1 2.86088E-1 2.19447E-1 2.6184E-1 2.59004E-1 3.47909E-1 3.59365E-1 3.97002E-1 3.92209E-1 4.07259E-1 4.02655E-1 3.66231E-1 3.79664E-1 3.57193E-1 2.84683E-1 3.3454E-1 1.93352E-1 1.9788E-1 2.45744E-1 2.96283E-1 1.60899E-1 2.11276E-1 2.44881E-1 2.84027E-1 2.57884E-1 3.04808E-1 3.08464E-1 3.08991E-1 2.79559E-1 2.36772E-1 1.98778E-1 1.74336E-1 2.48525E-1 2.47181E-1 4.435E-1 4.39279E-1 5.88242E-1 -9999 -9999 -9999 -9999 -9999 -9999 -9999 -9999 -9999 -9999 -9999 -9999 -9999 -9999 -9999 -9999 -9999 -9999 -9999 -9999 -9999 -9999 -9999 -9999
1.30534E-1 2.30814E-1 2.33113E-1 2.77359E-1 3.28223E-1 3.64421E-1 3.94227E-1 3.75297E-1 3.82571E-1 3.80611E-1 3.78155E-1 3.83188E-1 3.88647E-1 3.80099E-1 3.77219E-1 3.63381E-1 3.90626E-1 4.11109E-1 4.17674E-1 4.04501E-1 4.06125E-1 4.06494E-1 3.99018E-1 4.15342E-1 4.20813E-1 4.11554E-1 3.90618E-1 2.7328E-1 1.76389E-1 2.12939E-1 3.08967E-1 2.31894E-1 2.20351E-1 2.61213E-1 2.81572E-1 3.26925E-1 3.34909E-1 3.34306E-1 3.28361E-1 3.36044E-1 3.33127E-1 2.51236E-1 2.01029E-1 2.14471E-1 2.62996E-1 3.33939E-1 3.63795E-1 4.92162E-1 6.44445E-1 -9999 -9999 -9999 -9999 -9999 -9999 -9999 -9999 -9999 -9999 -9999 -9999 -9999 -9999 -9999 -9999 -9999 -9999 -9999 -9999 -9999 -9999 -9999
1.50462E-1 2.25634E-1 2.02486E-1 2.43677E-1 3.1332E-1 3.99915E-1 3.85648E-1 3.85325E-1 3.82167E-1 3.90877E-1 3.94535E-1 3.95211E-1 3.93199E-1 4.07424E-1 3.95365E-1 3.97459E-1 4.09683E-1 4.1775E-1 4.18822E-1 4.14468E-1 4.1149E-1 4.11973E-1 4.22297E-1 4.22972E-1 4.26209E-1 4.28443E-1 4.34867E-1 3.21828E-1 2.86123E-1 3.2606E-1 2.56704E-1 2.50066E-1 3.01883E-1 3.05601E-1 3.16882E-1 2.92786E-1 3.17249E-1 2.98436E-1 2.62028E-1 3.04464E-1 3.0695E-1 2.99048E-1 2.61162E-1 2.66186E-1 3.55628E-1 3.03708E-1 2.60565E-1 3.55339E-1 5.81346E-1 -9999 -9999 -9999 -9999 -9999 -9999 -9999 -9999 -9999 -9999 -9999 -9999 -9999 -9999 -9999 -9999 -9999 -9999 -9999 -9999 -9999 -9999 -9999
9.57066E-2 1.30258E-1 1.91685E-1 2.46427E-1 3.69355E-1 4.06026E-1 3.92823E-1 3.98684E-1 3.91713E-1 3.97537E-1 4.00643E-1 4.0481E-1 4.02334E-1 4.06896E-1 4.08849E-1 4.09492E-1 -9999 -9999 -9999 -9999 -9999 4.29869E-1 4.26873E-1 4.24113E-1 4.31093E-1 4.39924E-1 4.34555E-1 4.30487E-1 3.34076E-1 2.56905E-1 2.71386E-1 2.69022E-1 2.0479E-1 2.92514E-1 3.37618E-1 3.4241E-1 3.46749E-1 3.53924E-1 3.51238E-1 3.81389E-1 3.60574E-1 2.41282E-1 1.89351E-1 1.99444E-1 2.97681E-1 4.37722E-1 5.08873E-1 5.63526E-1 6.20454E-1 -9999 -9999 -9999 -9999 -9999 -9999 -9999 -9999 -9999 -9999 -9999 -9999 -9999 -9999 -9999 -9999 -9999 -9999 -9999 -9999 -9999 -9999 -9999
1.06111E-1 1.70943E-1 2.38396E-1 3.67295E-1 4.09899E-1 4.06844E-1 4.06433E-1 3.95779E-1 4.04231E-1 3.99463E-1 4.05051E-1 4.07749E-1 4.13012E-1 4.113E-1 -9999 -9999 -9999 -9999 -9999 -9999 -9999 -9999 -9999 -9999 -9999 4.49866E-1 4.37313E-1 2.90595E-1 3.47227E-1 2.62443E-1 1.7763E-1 2.7605E-1 2.49217E-1 2.03789E-1 2.90453E-1 3.42536E-1 3.53879E-1 3.63376E-1 3.65558E-1 3.56203E-1 3.50439E-1 2.5642E-1 1.88599E-1 1.76865E-1 2.0079E-1 2.46146E-1 3.45412E-1 5.36813E-1 6.30682E-1 6.42739E-1 -9999 -9999 -9999 -9999 -9999 -9999 -9999 -9999 -9999 -9999 -9999 -9999 -9999 -9999 -9999 -9999 -9999 -9999 -9999 -9999 -9999 -9999
2.11215E-1 2.47225E-1 3.0657E-1 4.10287E-1 4.27231E-1 4.15536E-1 4.09726E-1 4.08558E-1 4.05179E-1 4.04166E-1 4.06645E-1 4.10556E-1 4.08971E-1 -9999 -9999 -9999 -9999 -9999 -9999 -9999 -9999 -9999 -9999 -9999 4.36888E-1 3.72908E-1 2.76259E-1 3.24347E-1 3.5573E-1 3.14012E-1 2.11468E-1 1.94586E-1 2.97982E-1 2.88263E-1 2.75966E-1 3.47969E-1 3.39347E-1 3.2559E-1 3.62623E-1 3.07058E-1 2.88802E-1 2.33691E-1 2.30344E-1 1.78733E-1 2.17348E-1 3.06526E-1 3.16082E-1 4.18262E-1 5.62811E-1 6.05968E-1 -9999 -9999 -9999 -9999 -9999 -9999 -9999 -9999 -9999 -9999 -9999 -9999 -9999 -9999 -9999 -9999 -9999 -9999 -9999 -9999 -9999 -9999
2.65505E-1 2.35438E-1 3.34276E-1 4.21746E-1 4.35211E-1 4.22481E-1 4.10456E-1 4.12456E-1 4.14044E-1 4.1887E-1 4.15356E-1 4.1877E-1 -9999 -9999 -9999 -9999 -9999 -9999 -9999 -9999 -9999 -9999 -9999 4.36745E-1 3.92682E-1 3.73509E-1 2.4915E-1 2.49598E-1 3.21025E-1 3.34276E-1 2.5605E-1 2.07454E-1 2.62166E-1 2.83519E-1 3.26219E-1 3.53859E-1 3.59866E-1 3.68517E-1 3.3885E-1 2.65647E-1 2.01086E-1 2.18566E-1 2.53849E-1 2.45126E-1 2.61955E-1 2.19722E-1 3.57773E-1 4.46879E-1 3.90568E-1 5.156E-1 6.15723E-1 6.46078E-1 6.66138E-1 -9999 -9999 -9999 -9999 -9999 -9999 -9999 -9999 -9999 -9999 -9999 -9999 -9999 -9999 -9999 -9999 -9999 -9999 -9999
2.65918E-1 3.20008E-1 3.50759E-1 4.1505E-1 4.37992E-1 4.23958E-1 4.26483E-1 4.19555E-1 4.26934E-1 4.19131E-1 4.34508E-1 -9999 -9999 -9999 -9999 -9999 -9999 -9999 -9999 -9999 -9999 -9999 -9999 4.5561E-1 4.51631E-1 4.56909E-1 2.59528E-1 2.85068E-1 3.62623E-1 3.84617E-1 2.65538E-1 2.55931E-1 2.53693E-1 2.59918E-1 3.47914E-1 3.57656E-1 3.55825E-1 3.40571E-1 3.19364E-1 2.49142E-1 2.36301E-1 2.63784E-1 2.48187E-1 3.02609E-1 2.90683E-1 2.71058E-1 3.16927E-1 3.30623E-1 3.37E-1 4.8177E-1 5.49245E-1 5.84982E-1 6.51061E-1 -9999 -9999 -9999 -9999 -9999 -9999 -9999 -9999 -9999 -9999 -9999 -9999 -9999 -9999 -9999 -9999 -9999 -9999 -9999
1.65305E-1 1.97862E-1 2.90534E-1 4.24444E-1 4.34369E-1 4.3231E-1 4.2711E-1 4.31514E-1 4.30194E-1 -9999 -9999 -9999 -9999 -9999 -9999 -9999 -9999 -9999 -9999 -9999 -9999 -9999 -9999 -9999 -9999 4.71297E-1 3.43173E-1 2.61481E-1 3.43085E-1 3.6593E-1 3.05052E-1 2.02862E-1 1.81707E-1 3.47864E-1 3.65832E-1 3.58786E-1 3.43243E-1 2.66042E-1 2.62344E-1 2.12225E-1 2.09487E-1 2.97353E-1 3.55897E-1 3.52302E-1 3.66091E-1 3.14747E-1 2.71326E-1 2.91505E-1 4.34242E-1 4.78136E-1 3.85784E-1 5.173E-1 6.38133E-1 6.09351E-1 5.60551E-1 6.60974E-1 -9999 -9999 -9999 -9999 -9999 -9999 -9999 -9999 -9999 -9999 -9999 -9999 -9999 -9999 -9999 -9999
1.73419E-1 1.59735E-1 2.55112E-1 3.55997E-1 4.45038E-1 4.4361E-1 4.49316E-1 -9999 -9999 -9999 -9999 -9999 -9999 -9999 -9999 -9999 -9999 -9999 -9999 -9999 -9999 -9999 -9999 -9999 -9999 5.0478E-1 3.93142E-1 2.36001E-1 2.97842E-1 3.7238E-1 3.05225E-1 3.00868E-1 2.94865E-1 3.51496E-1 3.4409E-1 3.31431E-1 3.07812E-1 3.20393E-1 3.28012E-1 3.24436E-1 2.95685E-1 3.29072E-1 3.72079E-1 3.2332E-1 3.53885E-1 2.94857E-1 2.97308E-1 3.49892E-1 3.92805E-1 2.88426E-1 3.22515E-1 4.60436E-1 4.43127E-1 4.77312E-1 4.97834E-1 6.2988E-1 -9999 -9999 -9999 -9999 -9999 -9999 -9999 -9999 -9999 -9999 -9999 -9999 -9999 -9999 -9999 -9999
