Artocarpus altilis SDM files/Last interglacial/results (with bias file)/Artalt_2.asc
ncols         1201
nrows         481
xllcorner     119.99986351115
yllcorner     -15.00013864885
cellsize      0.041666667
NODATA_value  -9999
[rows 192 to 223 of 481, columns 0 to 71 of 1201]
1.59648E-1 1.12767E-1 1.89153E-1 2.93598E-1 4.52868E-1 4.49807E-1 -9999 -9999 -9999 -9999 -9999 -9999 -9999 -9999 -9999 -9999 -9999 -9999 -9999 -9999 -9999 -9999 -9999 -9999 -9999 4.84258E-1 3.63122E-1 2.38627E-1 2.68241E-1 3.1172E-1 2.78921E-1 2.45129E-1 2.97992E-1 2.74463E-1 2.55375E-1 2.40911E-1 2.28338E-1 2.48121E-1 2.98558E-1 2.40183E-1 2.29819E-1 2.27613E-1 3.15374E-1 3.72054E-1 3.64829E-1 3.71314E-1 2.98822E-1 2.84249E-1 3.01369E-1 2.59931E-1 2.86965E-1 3.94077E-1 5.63416E-1 5.47256E-1 5.88815E-1 6.88246E-1 -9999 -9999 -9999 -9999 -9999 -9999 -9999 -9999 -9999 -9999 -9999 -9999 -9999 -9999 -9999 -9999
1.49247E-1 1.51185E-1 1.64628E-1 3.36399E-1 4.65757E-1 4.77308E-1 -9999 -9999 -9999 -9999 -9999 -9999 -9999 -9999 -9999 -9999 -9999 -9999 -9999 -9999 -9999 -9999 -9999 -9999 -9999 4.6201E-1 4.19963E-1 2.79131E-1 2.68176E-1 2.68101E-1 3.1628E-1 2.5469E-1 1.99723E-1 1.78909E-1 1.7829E-1 1.88612E-1 2.45025E-1 3.06865E-1 2.54103E-1 2.62445E-1 3.32641E-1 3.20643E-1 3.12009E-1 3.25132E-1 3.24575E-1 3.51951E-1 3.71796E-1 3.45353E-1 3.16661E-1 3.19234E-1 2.93509E-1 3.06887E-1 4.07605E-1 5.97541E-1 6.42605E-1 6.84934E-1 6.81699E-1 6.95643E-1 -9999 -9999 -9999 -9999 -9999 -9999 -9999 -9999 -9999 -9999 -9999 -9999 -9999 -9999
2.87711E-1 2.44819E-1 1.9773E-1 3.36041E-1 4.17022E-1 4.74993E-1 -9999 -9999 -9999 -9999 -9999 -9999 -9999 -9999 -9999 -9999 -9999 -9999 -9999 -9999 -9999 -9999 -9999 -9999 4.93613E-1 4.83533E-1 4.75786E-1 2.9071E-1 2.44925E-1 1.95985E-1 2.11799E-1 3.01022E-1 1.45702E-1 1.31522E-1 1.72532E-1 2.20453E-1 2.31181E-1 2.63962E-1 2.43424E-1 2.54484E-1 2.28032E-1 2.50768E-1 3.35784E-1 3.95109E-1 3.61552E-1 3.67201E-1 4.34221E-1 4.11562E-1 3.62245E-1 3.69744E-1 3.42413E-1 3.15391E-1 2.95539E-1 3.67677E-1 4.71699E-1 5.77315E-1 6.74056E-1 6.92109E-1 7.02168E-1 7.15447E-1 7.27618E-1 -9999 -9999 -9999 -9999 -9999 -9999 -9999 -9999 -9999 -9999 -9999
2.85598E-1 2.8121E-1 2.15475E-1 2.90624E-1 3.68078E-1 4.74899E-1 -9999 -9999 -9999 -9999 -9999 -9999 -9999 -9999 -9999 -9999 -9999 -9999 -9999 -9999 -9999 -9999 -9999 -9999 -9999 5.11389E-1 4.82116E-1 3.4141E-1 1.95484E-1 1.30563E-1 1.95341E-1 2.52834E-1 2.1526E-1 1.31628E-1 1.78266E-1 2.44444E-1 2.65362E-1 2.90384E-1 3.01075E-1 3.05508E-1 2.15036E-1 1.97571E-1 1.97299E-1 2.86743E-1 4.54656E-1 4.29404E-1 4.45845E-1 4.74203E-1 4.50816E-1 4.32626E-1 3.98207E-1 4.32919E-1 3.70922E-1 3.70223E-1 3.55735E-1 4.54026E-1 6.56562E-1 -9999 -9999 7.09382E-1 7.03721E-1 7.01544E-1 -9999 -9999 -9999 -9999 -9999 -9999 -9999 -9999 -9999 -9999
2.97962E-1 3.33335E-1 2.28674E-1 1.82354E-1 3.10911E-1 3.95239E-1 -9999 -9999 -9999 -9999 -9999 -9999 -9999 -9999 -9999 -9999 -9999 -9999 -9999 -9999 -9999 -9999 -9999 -9999 -9999 5.27826E-1 4.02576E-1 2.52993E-1 2.33938E-1 1.0412E-1 1.19693E-1 1.84141E-1 2.61647E-1 2.12614E-1 1.61892E-1 1.86933E-1 2.68105E-1 3.39592E-1 3.88975E-1 3.81437E-1 3.05449E-1 2.36616E-1 2.32361E-1 2.52818E-1 2.60985E-1 2.67667E-1 3.34868E-1 4.33416E-1 4.71257E-1 4.78313E-1 4.80091E-1 4.60047E-1 4.78925E-1 3.87858E-1 3.14873E-1 4.02254E-1 4.67251E-1 6.12053E-1 6.74682E-1 -9999 -9999 -9999 7.11334E-1 -9999 -9999 -9999 -9999 -9999 -9999 -9999 -9999 -9999
2.3332E-1 3.45568E-1 2.92076E-1 1.86787E-1 2.47133E-1 4.45753E-1 5.27048E-1 5.33311E-1 5.26284E-1 -9999 -9999 -9999 -9999 -9999 -9999 -9999 -9999 -9999 -9999 -9999 -9999 -9999 -9999 -9999 -9999 5.22487E-1 3.18397E-1 1.37215E-1 2.04473E-1 9.31071E-2 1.0626E-1 1.82826E-1 2.52813E-1 2.7684E-1 2.22853E-1 2.00462E-1 3.0316E-1 3.73576E-1 3.04034E-1 3.2552E-1 3.26127E-1 3.34033E-1 3.17071E-1 2.4129E-1 2.47568E-1 2.27959E-1 2.11134E-1 2.73029E-1 3.65758E-1 5.33441E-1 5.31941E-1 5.12203E-1 5.47062E-1 4.14561E-1 4.51298E-1 4.87208E-1 4.29112E-1 4.52339E-1 6.53853E-1 6.88415E-1 -9999 -9999 -9999 -9999 -9999 -9999 -9999 -9999 -9999 -9999 -9999 -9999
1.414E-1 3.25493E-1 3.06445E-1 3.01755E-1 3.03457E-1 4.75734E-1 5.22867E-1 5.27512E-1 5.37933E-1 -9999 -9999 -9999 -9999 -9999 -9999 -9999 -9999 -9999 -9999 -9999 -9999 -9999 -9999 -9999 5.36694E-1 4.61417E-1 2.32129E-1 1.37652E-1 8.01533E-2 7.93898E-2 9.38437E-2 1.41317E-1 2.00852E-1 2.55079E-1 3.08955E-1 2.56421E-1 3.2984E-1 2.82221E-1 3.50496E-1 4.10503E-1 4.33367E-1 3.85167E-1 3.7857E-1 3.73784E-1 3.82624E-1 2.72051E-1 1.88216E-1 1.83944E-1 1.9361E-1 3.7763E-1 5.3042E-1 5.50286E-1 5.40559E-1 4.63729E-1 4.63222E-1 5.0435E-1 5.55225E-1 5.11319E-1 6.15958E-1 -9999 -9999 -9999 -9999 -9999 -9999 -9999 -9999 -9999 -9999 -9999 -9999 -9999
9.17905E-2 2.05477E-1 3.88913E-1 4.07776E-1 4.08962E-1 5.1704E-1 5.45872E-1 5.37571E-1 5.39177E-1 5.43697E-1 -9999 -9999 -9999 -9999 -9999 -9999 -9999 -9999 -9999 -9999 -9999 -9999 5.50389E-1 5.54723E-1 5.54628E-1 3.93461E-1 1.45471E-1 1.09382E-1 9.28017E-2 1.05057E-1 1.11842E-1 1.17179E-1 1.48953E-1 1.83922E-1 2.6335E-1 3.05261E-1 2.12144E-1 1.99638E-1 3.46943E-1 4.09708E-1 4.23345E-1 4.20769E-1 3.79814E-1 2.51625E-1 2.47403E-1 3.90022E-1 3.29405E-1 2.25396E-1 1.62161E-1 2.27149E-1 4.29858E-1 5.55465E-1 5.51473E-1 5.08909E-1 5.10503E-1 5.46264E-1 6.33698E-1 6.28248E-1 6.37289E-1 -9999 -9999 -9999 -9999 -9999 -9999 -9999 -9999 -9999 -9999 -9999 -9999 -9999
9.01165E-2 1.09522E-1 2.28124E-1 3.2107E-1 3.68754E-1 4.90165E-1 5.12467E-1 5.62957E-1 5.53264E-1 5.38875E-1 -9999 -9999 -9999 -9999 -9999 -9999 -9999 -9999 -9999 -9999 -9999 -9999 5.81582E-1 5.48994E-1 4.65221E-1 3.04721E-1 1.33058E-1 1.38988E-1 1.36676E-1 1.48153E-1 1.50617E-1 1.08559E-1 1.28388E-1 1.67041E-1 1.68823E-1 2.47084E-1 2.31198E-1 1.23071E-1 1.9562E-1 3.55052E-1 4.05633E-1 3.89773E-1 2.55128E-1 2.22221E-1 3.62396E-1 4.07274E-1 2.52034E-1 2.62217E-1 3.19499E-1 3.82221E-1 4.93168E-1 5.41804E-1 5.05267E-1 5.27758E-1 5.64284E-1 -9999 6.29772E-1 6.27558E-1 -9999 -9999 -9999 -9999 -9999 -9999 -9999 -9999 -9999 -9999 -9999 -9999 -9999 -9999
6.82197E-2 6.78114E-2 1.7627E-1 2.82268E-1 3.62799E-1 4.61221E-1 4.93402E-1 5.52324E-1 5.6203E-1 5.57538E-1 -9999 -9999 -9999 -9999 -9999 -9999 -9999 -9999 -9999 -9999 -9999 5.67192E-1 5.3383E-1 3.99406E-1 2.70782E-1 2.88761E-1 1.81721E-1 1.81483E-1 1.3719E-1 1.81947E-1 1.67217E-1 9.29588E-2 9.9133E-2 1.48552E-1 1.52403E-1 1.60137E-1 1.50087E-1 1.17362E-1 1.09316E-1 2.627E-1 3.49889E-1 3.56411E-1 2.01596E-1 2.40325E-1 3.72039E-1 4.36702E-1 3.76257E-1 1.95145E-1 3.48472E-1 5.1157E-1 4.90974E-1 4.71593E-1 3.44412E-1 4.67104E-1 5.28677E-1 5.77491E-1 -9999 -9999 -9999 -9999 -9999 -9999 -9999 -9999 -9999 -9999 -9999 -9999 -9999 -9999 -9999 -9999
4.87515E-2 6.50425E-2 1.39684E-1 2.7377E-1 2.87471E-1 3.85712E-1 4.61148E-1 5.55726E-1 5.75933E-1 5.77736E-1 -9999 -9999 -9999 -9999 -9999 -9999 -9999 -9999 -9999 -9999 -9999 5.63564E-1 4.07173E-1 2.32183E-1 1.80619E-1 2.64717E-1 1.97746E-1 2.1634E-1 1.22138E-1 1.20042E-1 2.24307E-1 1.57598E-1 1.41167E-1 1.59538E-1 1.32014E-1 1.57719E-1 8.8681E-2 8.05871E-2 1.38423E-1 2.39821E-1 2.17203E-1 2.80139E-1 2.47658E-1 1.74774E-1 3.60021E-1 3.24128E-1 2.54227E-1 3.25015E-1 2.45551E-1 4.84067E-1 4.30636E-1 3.62116E-1 3.02462E-1 4.71611E-1 5.40596E-1 5.75078E-1 5.29958E-1 5.80037E-1 -9999 -9999 -9999 -9999 -9999 -9999 -9999 -9999 -9999 -9999 -9999 -9999 -9999 -9999
6.1171E-2 5.51071E-2 8.73411E-2 2.17774E-1 2.51239E-1 3.98645E-1 5.28074E-1 4.99767E-1 5.96769E-1 5.78716E-1 -9999 -9999 -9999 -9999 -9999 -9999 -9999 -9999 -9999 -9999 5.70937E-1 3.9633E-1 2.07183E-1 1.4946E-1 1.12009E-1 1.43499E-1 1.98165E-1 2.00855E-1 1.27716E-1 1.24187E-1 1.51051E-1 2.74011E-1 3.08309E-1 2.24659E-1 2.2338E-1 2.02338E-1 1.20811E-1 1.50697E-1 2.1665E-1 1.94466E-1 1.7973E-1 2.48535E-1 2.11317E-1 3.11871E-1 3.69772E-1 3.60556E-1 2.27738E-1 3.21754E-1 3.21629E-1 3.79072E-1 4.39069E-1 3.7862E-1 4.15531E-1 4.10024E-1 4.9372E-1 5.72169E-1 5.46044E-1 5.48988E-1 5.1335E-1 -9999 -9999 -9999 -9999 -9999 -9999 -9999 -9999 -9999 -9999 -9999 -9999 -9999
9.31297E-2 7.55343E-2 5.02077E-2 1.23451E-1 1.73201E-1 3.28932E-1 4.79451E-1 5.7602E-1 5.90948E-1 5.96852E-1 -9999 -9999 -9999 -9999 -9999 -9999 -9999 -9999 -9999 -9999 5.85686E-1 4.68185E-1 2.55119E-1 2.64938E-1 1.37063E-1 1.30542E-1 1.54167E-1 1.66607E-1 1.53302E-1 1.76964E-1 1.93437E-1 1.91371E-1 2.79722E-1 3.27973E-1 3.40482E-1 2.82444E-1 2.5438E-1 2.89221E-1 2.2968E-1 2.23008E-1 1.79011E-1 1.5049E-1 1.59929E-1 2.09398E-1 3.09045E-1 3.06283E-1 3.27535E-1 4.12334E-1 4.37177E-1 4.57556E-1 4.9253E-1 5.07997E-1 5.13763E-1 5.28274E-1 5.24845E-1 -9999 5.39658E-1 5.55553E-1 4.8142E-1 -9999 -9999 -9999 -9999 -9999 -9999 -9999 -9999 -9999 -9999 -9999 -9999 -9999
1.37083E-1 6.47218E-2 6.64104E-2 1.29391E-1 1.2445E-1 2.68388E-1 4.81818E-1 5.70517E-1 5.94738E-1 6.06162E-1 -9999 -9999 -9999 -9999 -9999 -9999 -9999 -9999 -9999 -9999 5.67515E-1 5.4785E-1 4.60706E-1 2.77041E-1 2.17475E-1 1.79401E-1 1.25533E-1 1.20282E-1 1.23489E-1 1.35829E-1 2.04088E-1 1.86885E-1 2.45702E-1 2.75359E-1 3.41176E-1 3.43733E-1 3.13134E-1 3.2126E-1 2.77071E-1 2.56689E-1 1.89625E-1 1.98324E-1 2.17885E-1 2.51216E-1 2.42558E-1 2.14072E-1 2.85446E-1 2.92173E-1 3.80008E-1 4.12203E-1 4.63636E-1 4.89464E-1 4.88672E-1 5.21618E-1 5.38555E-1 5.18284E-1 -9999 -9999 5.50695E-1 -9999 -9999 -9999 -9999 -9999 -9999 -9999 -9999 -9999 -9999 -9999 -9999 -9999
1.06449E-1 1.19552E-1 1.48922E-1 1.65143E-1 1.65303E-1 3.20951E-1 4.91484E-1 5.54111E-1 5.80837E-1 6.10954E-1 -9999 -9999 -9999 -9999 -9999 -9999 -9999 -9999 -9999 -9999 -9999 5.51711E-1 4.59205E-1 3.27775E-1 2.21804E-1 2.00706E-1 1.64197E-1 1.23666E-1 7.90786E-2 1.32057E-1 1.44291E-1 1.89683E-1 2.26292E-1 2.87781E-1 2.96468E-1 3.0733E-1 3.66673E-1 3.17529E-1 3.15338E-1 2.88263E-1 2.23253E-1 2.57802E-1 2.10225E-1 2.36425E-1 2.18227E-1 2.46644E-1 2.09141E-1 2.283E-1 2.81188E-1 3.50079E-1 4.0735E-1 3.94646E-1 4.38986E-1 5.21967E-1 5.30478E-1 4.46002E-1 5.48027E-1 -9999 -9999 -9999 -9999 -9999 -9999 -9999 -9999 -9999 -9999 -9999 -9999 -9999 -9999 -9999
2.54177E-1 2.43796E-1 2.14445E-1 2.5601E-1 3.01295E-1 3.43057E-1 4.70681E-1 5.19202E-1 5.97767E-1 6.36769E-1 -9999 -9999 -9999 -9999 -9999 -9999 -9999 -9999 -9999 -9999 -9999 5.43575E-1 5.351E-1 4.84429E-1 3.74894E-1 3.41369E-1 3.09776E-1 1.82395E-1 1.06232E-1 9.58085E-2 1.28591E-1 1.7592E-1 1.6232E-1 1.52586E-1 1.87853E-1 2.88235E-1 3.34763E-1 3.10184E-1 3.56454E-1 3.17053E-1 2.60487E-1 2.89666E-1 2.89801E-1 2.68506E-1 3.08518E-1 3.0288E-1 2.80081E-1 2.20431E-1 2.70394E-1 2.84003E-1 2.96542E-1 4.15294E-1 4.87104E-1 -9999 5.34205E-1 -9999 -9999 -9999 -9999 -9999 -9999 -9999 -9999 -9999 -9999 -9999 -9999 -9999 -9999 -9999 -9999 -9999
4.66659E-1 4.15726E-1 2.78319E-1 4.07641E-1 3.58858E-1 4.83141E-1 5.12389E-1 5.77384E-1 6.41536E-1 6.5456E-1 -9999 -9999 -9999 -9999 -9999 -9999 -9999 -9999 -9999 -9999 -9999 -9999 5.60721E-1 5.92951E-1 5.41842E-1 5.03847E-1 3.96733E-1 2.46514E-1 1.34348E-1 6.77032E-2 8.92802E-2 1.30818E-1 1.28711E-1 1.39338E-1 1.72168E-1 2.68357E-1 3.54914E-1 3.18235E-1 3.41977E-1 3.50951E-1 3.1099E-1 3.21299E-1 3.51712E-1 3.42869E-1 3.50324E-1 3.96471E-1 3.68939E-1 3.52088E-1 3.12703E-1 2.58255E-1 2.86032E-1 3.24116E-1 3.29391E-1 4.84005E-1 -9999 -9999 -9999 -9999 -9999 -9999 -9999 -9999 -9999 -9999 -9999 -9999 -9999 -9999 -9999 -9999 -9999 -9999
5.65264E-1 5.5291E-1 4.02006E-1 5.09449E-1 4.82077E-1 4.31273E-1 4.97219E-1 6.23793E-1 6.67282E-1 6.41114E-1 6.34677E-1 -9999 -9999 -9999 -9999 -9999 -9999 -9999 -9999 -9999 -9999 -9999 -9999 5.85541E-1 6.1003E-1 5.31668E-1 3.92202E-1 2.37039E-1 1.23732E-1 8.59604E-2 9.38802E-2 1.14713E-1 1.42267E-1 1.96879E-1 1.5116E-1 2.41425E-1 3.59404E-1 3.3548E-1 2.63081E-1 3.13866E-1 3.6125E-1 3.24923E-1 3.6267E-1 4.04388E-1 3.9635E-1 4.38442E-1 4.10343E-1 4.02324E-1 3.72532E-1 3.13284E-1 3.31867E-1 3.24125E-1 3.52877E-1 4.50356E-1 4.95058E-1 5.32434E-1 -9999 -9999 -9999 -9999 -9999 -9999 -9999 -9999 -9999 -9999 -9999 -9999 -9999 -9999 -9999 -9999
5.98427E-1 6.13548E-1 5.65177E-1 5.72373E-1 5.81503E-1 5.35682E-1 6.03952E-1 6.73356E-1 6.53315E-1 6.50798E-1 6.27539E-1 -9999 -9999 -9999 -9999 -9999 -9999 -9999 -9999 -9999 -9999 -9999 -9999 -9999 -9999 5.84998E-1 5.48396E-1 4.12581E-1 2.52421E-1 1.78276E-1 1.91909E-1 2.16536E-1 2.34872E-1 1.91289E-1 1.39818E-1 1.99644E-1 2.2929E-1 3.66003E-1 3.81774E-1 3.93701E-1 3.76228E-1 3.31768E-1 3.59702E-1 3.89781E-1 3.92255E-1 4.2706E-1 4.34042E-1 4.13855E-1 3.85148E-1 3.65159E-1 3.52941E-1 2.86764E-1 3.29654E-1 3.6092E-1 3.90934E-1 4.98472E-1 5.45833E-1 5.57383E-1 -9999 -9999 -9999 -9999 -9999 -9999 -9999 -9999 -9999 -9999 -9999 -9999 -9999 -9999
6.82299E-1 6.71644E-1 6.45967E-1 6.25075E-1 5.88827E-1 6.38561E-1 6.67483E-1 6.66095E-1 6.53398E-1 6.3529E-1 6.50566E-1 -9999 -9999 -9999 -9999 -9999 -9999 -9999 -9999 -9999 -9999 -9999 -9999 -9999 -9999 -9999 5.87428E-1 5.35885E-1 5.02557E-1 4.07666E-1 4.09488E-1 3.68431E-1 2.47018E-1 1.769E-1 1.34287E-1 2.33501E-1 1.76178E-1 1.98019E-1 2.95022E-1 3.47714E-1 4.01905E-1 3.82253E-1 3.63034E-1 2.90844E-1 3.3087E-1 3.63969E-1 3.92428E-1 4.41972E-1 4.39437E-1 4.30599E-1 4.16138E-1 3.84488E-1 3.89894E-1 3.62142E-1 3.06912E-1 4.35006E-1 5.27565E-1 5.34918E-1 5.63108E-1 -9999 -9999 -9999 -9999 -9999 -9999 -9999 -9999 -9999 -9999 -9999 -9999 -9999
6.66072E-1 6.88086E-1 6.76273E-1 6.50992E-1 6.36014E-1 6.42176E-1 6.75955E-1 6.83771E-1 6.71494E-1 6.59086E-1 -9999 -9999 -9999 -9999 -9999 -9999 -9999 -9999 -9999 -9999 -9999 -9999 -9999 -9999 -9999 -9999 -9999 5.77024E-1 5.43713E-1 4.55511E-1 5.09421E-1 4.31346E-1 2.68756E-1 2.34813E-1 1.70291E-1 2.37801E-1 1.76357E-1 1.16695E-1 1.07182E-1 2.18155E-1 3.42324E-1 3.03365E-1 2.75982E-1 2.45708E-1 2.93603E-1 2.89275E-1 3.51595E-1 3.91664E-1 4.43711E-1 4.41024E-1 4.42469E-1 4.31652E-1 4.60216E-1 4.43843E-1 4.00685E-1 3.89718E-1 4.37126E-1 4.86815E-1 5.43345E-1 5.90694E-1 -9999 -9999 -9999 -9999 -9999 -9999 -9999 -9999 -9999 -9999 -9999 -9999
6.7472E-1 6.79243E-1 6.89825E-1 6.76332E-1 6.73286E-1 6.75788E-1 6.71533E-1 6.6142E-1 6.67115E-1 -9999 -9999 -9999 -9999 -9999 -9999 -9999 -9999 -9999 -9999 -9999 -9999 -9999 -9999 -9999 -9999 -9999 -9999 -9999 5.58639E-1 5.88968E-1 5.1588E-1 4.81974E-1 2.99271E-1 2.37313E-1 2.16414E-1 2.03011E-1 1.38639E-1 1.60362E-1 1.13417E-1 2.37621E-1 2.35808E-1 1.88132E-1 2.84164E-1 3.1681E-1 3.06946E-1 3.02773E-1 3.13845E-1 3.88584E-1 4.17346E-1 4.44972E-1 4.43514E-1 4.58038E-1 4.69319E-1 4.77912E-1 4.3967E-1 3.78824E-1 4.03125E-1 5.32188E-1 5.691E-1 5.96295E-1 6.02654E-1 -9999 -9999 -9999 -9999 -9999 -9999 -9999 -9999 -9999 -9999 -9999
6.81729E-1 6.82016E-1 6.84602E-1 6.88479E-1 6.86738E-1 6.64063E-1 6.93586E-1 6.84698E-1 6.75551E-1 -9999 -9999 -9999 -9999 -9999 -9999 -9999 -9999 -9999 -9999 -9999 -9999 -9999 -9999 -9999 -9999 -9999 -9999 -9999 5.56934E-1 5.82742E-1 5.25072E-1 5.55307E-1 4.1676E-1 2.97936E-1 2.1131E-1 2.01033E-1 1.71791E-1 1.16168E-1 1.04694E-1 1.44321E-1 1.82793E-1 2.46404E-1 2.91065E-1 2.83542E-1 2.54386E-1 2.66295E-1 2.69421E-1 3.42856E-1 4.03045E-1 4.35742E-1 4.37308E-1 4.5482E-1 4.55601E-1 4.6091E-1 4.24731E-1 4.10206E-1 4.50256E-1 5.42392E-1 5.5844E-1 5.76667E-1 5.84568E-1 6.11742E-1 6.3026E-1 6.58527E-1 -9999 -9999 -9999 7.14264E-1 -9999 -9999 -9999 -9999
6.77849E-1 6.72564E-1 6.89743E-1 6.9686E-1 6.77144E-1 6.92267E-1 6.95703E-1 6.87575E-1 6.7332E-1 -9999 -9999 -9999 -9999 -9999 -9999 -9999 -9999 -9999 -9999 -9999 -9999 -9999 -9999 -9999 -9999 -9999 -9999 -9999 -9999 5.56832E-1 -9999 5.58507E-1 5.07315E-1 3.58828E-1 4.11616E-1 3.58586E-1 2.91132E-1 2.24419E-1 2.08805E-1 1.87753E-1 2.34147E-1 3.22345E-1 3.32326E-1 2.89155E-1 2.33283E-1 2.29917E-1 2.61607E-1 3.08101E-1 3.83904E-1 4.34423E-1 4.44133E-1 4.49919E-1 4.55464E-1 4.65948E-1 4.61974E-1 4.63102E-1 4.76569E-1 4.80417E-1 5.61344E-1 5.71798E-1 5.39387E-1 4.9642E-1 5.84506E-1 6.52335E-1 -9999 -9999 -9999 -9999 -9999 -9999 -9999 -9999
6.83093E-1 6.85956E-1 6.9634E-1 6.88358E-1 6.84794E-1 6.77092E-1 6.78615E-1 6.5604E-1 6.69315E-1 -9999 -9999 -9999 -9999 -9999 -9999 -9999 -9999 -9999 -9999 -9999 -9999 -9999 -9999 -9999 -9999 -9999 -9999 -9999 -9999 -9999 -9999 5.5114E-1 5.38678E-1 4.86822E-1 4.43433E-1 3.98347E-1 3.84185E-1 4.39396E-1 2.87157E-1 2.40063E-1 3.22249E-1 3.56029E-1 3.45202E-1 3.35526E-1 3.15647E-1 3.18642E-1 2.83149E-1 2.57545E-1 3.61117E-1 4.2662E-1 4.45847E-1 4.53479E-1 4.58699E-1 4.71476E-1 4.81479E-1 4.71533E-1 4.66208E-1 5.08769E-1 5.24063E-1 5.6317E-1 6.04573E-1 6.20587E-1 6.49004E-1 -9999 -9999 -9999 -9999 -9999 -9999 -9999 -9999 7.92556E-1
6.85009E-1 6.92211E-1 6.95277E-1 6.96101E-1 6.96091E-1 6.829E-1 6.75667E-1 6.82463E-1 6.66607E-1 -9999 -9999 -9999 -9999 -9999 -9999 -9999 -9999 -9999 -9999 -9999 -9999 -9999 -9999 -9999 -9999 -9999 -9999 -9999 -9999 -9999 -9999 -9999 5.28603E-1 5.03903E-1 5.15535E-1 4.98296E-1 4.83234E-1 4.60386E-1 3.96736E-1 3.1286E-1 3.21527E-1 3.18781E-1 3.16239E-1 3.06831E-1 3.5492E-1 3.94231E-1 4.08386E-1 3.98408E-1 4.14048E-1 3.86855E-1 4.19186E-1 4.47169E-1 4.60463E-1 4.72276E-1 4.77506E-1 4.90638E-1 4.95073E-1 4.78396E-1 5.029E-1 5.67838E-1 6.03578E-1 6.13426E-1 5.97772E-1 6.50491E-1 -9999 6.82335E-1 7.11386E-1 -9999 -9999 -9999 -9999 7.73162E-1
6.91355E-1 7.01747E-1 6.89437E-1 6.92838E-1 6.87546E-1 6.86739E-1 6.86439E-1 6.92594E-1 6.69428E-1 -9999 -9999 -9999 -9999 -9999 -9999 -9999 -9999 -9999 -9999 -9999 -9999 -9999 -9999 -9999 -9999 -9999 -9999 -9999 -9999 -9999 -9999 5.71497E-1 5.65118E-1 -9999 -9999 -9999 -9999 4.93801E-1 4.76099E-1 4.33293E-1 3.72191E-1 3.00923E-1 2.4469E-1 2.85749E-1 3.70791E-1 4.22088E-1 4.17547E-1 3.67347E-1 3.29442E-1 3.78008E-1 4.35951E-1 4.439E-1 4.58387E-1 4.64494E-1 4.64443E-1 4.7933E-1 4.92411E-1 5.08903E-1 5.43246E-1 5.80138E-1 5.90738E-1 5.47707E-1 5.00776E-1 6.45229E-1 -9999 -9999 6.82966E-1 6.63928E-1 7.11313E-1 -9999 7.62987E-1 8.0572E-1
6.84891E-1 6.81627E-1 6.72858E-1 6.7193E-1 6.77512E-1 6.9863E-1 6.81057E-1 6.95819E-1 6.80811E-1 -9999 -9999 -9999 -9999 -9999 -9999 -9999 -9999 -9999 -9999 -9999 -9999 -9999 -9999 -9999 -9999 -9999 -9999 -9999 -9999 -9999 -9999 5.65786E-1 5.3472E-1 5.10128E-1 4.77513E-1 5.17931E-1 -9999 -9999 4.84036E-1 4.81851E-1 4.0588E-1 2.9437E-1 2.60566E-1 3.07165E-1 3.54188E-1 4.26346E-1 4.29097E-1 4.04118E-1 4.19481E-1 4.42338E-1 4.47904E-1 4.57068E-1 4.57686E-1 4.59806E-1 4.5882E-1 4.41081E-1 4.32875E-1 4.81569E-1 5.35235E-1 5.82942E-1 6.02792E-1 5.90693E-1 5.83834E-1 5.85246E-1 -9999 -9999 7.20988E-1 7.34175E-1 6.37819E-1 -9999 7.63154E-1 8.18133E-1
6.92292E-1 6.83836E-1 6.79889E-1 6.80455E-1 6.81944E-1 6.97795E-1 6.91753E-1 6.77981E-1 6.88589E-1 -9999 -9999 -9999 -9999 -9999 -9999 -9999 -9999 -9999 -9999 -9999 -9999 -9999 -9999 -9999 -9999 -9999 -9999 -9999 -9999 -9999 -9999 -9999 -9999 4.78825E-1 4.83282E-1 5.30585E-1 -9999 -9999 4.97089E-1 4.76711E-1 4.49433E-1 3.32458E-1 2.75138E-1 3.26345E-1 3.61866E-1 4.11319E-1 4.38636E-1 4.43582E-1 4.45774E-1 4.45732E-1 4.42092E-1 4.57319E-1 4.53416E-1 4.47222E-1 4.13373E-1 3.38642E-1 3.35334E-1 3.64433E-1 4.24563E-1 4.71796E-1 5.45976E-1 5.34132E-1 6.02078E-1 6.67793E-1 7.04886E-1 7.0215E-1 7.43804E-1 7.45941E-1 6.79E-1 7.34124E-1 7.37791E-1 7.89278E-1
6.99975E-1 6.8161E-1 6.69144E-1 6.79942E-1 6.66977E-1 6.74431E-1 6.80068E-1 6.8736E-1 6.94227E-1 -9999 -9999 -9999 -9999 -9999 -9999 -9999 -9999 -9999 -9999 -9999 -9999 -9999 -9999 -9999 -9999 -9999 -9999 -9999 -9999 -9999 -9999 -9999 -9999 5.57432E-1 5.43803E-1 5.14508E-1 -9999 5.15092E-1 4.91034E-1 4.68961E-1 4.24069E-1 3.34401E-1 2.64424E-1 3.29005E-1 3.84701E-1 4.10331E-1 4.29599E-1 4.49349E-1 4.44723E-1 4.48353E-1 4.37628E-1 4.16783E-1 4.09126E-1 4.07159E-1 3.92723E-1 3.61016E-1 3.31115E-1 3.72146E-1 4.0597E-1 4.88707E-1 5.14032E-1 5.51859E-1 6.17198E-1 6.4873E-1 6.60056E-1 6.22935E-1 6.07012E-1 5.5803E-1 7.48371E-1 7.68696E-1 -9999 7.6854E-1
7.10888E-1 6.88261E-1 6.90464E-1 6.71981E-1 6.66212E-1 6.8976E-1 6.88126E-1 6.75472E-1 6.96721E-1 -9999 -9999 -9999 -9999 -9999 -9999 -9999 -9999 -9999 -9999 -9999 -9999 -9999 -9999 -9999 -9999 -9999 -9999 -9999 -9999 -9999 -9999 -9999 -9999 -9999 -9999 5.25663E-1 5.12368E-1 5.2668E-1 4.5147E-1 3.91681E-1 3.45975E-1 2.7571E-1 2.88568E-1 3.60664E-1 4.13901E-1 4.40117E-1 4.37308E-1 4.42457E-1 4.54735E-1 4.54852E-1 4.48569E-1 4.17268E-1 4.32009E-1 4.3283E-1 4.31922E-1 4.30997E-1 4.0867E-1 4.09545E-1 4.07899E-1 5.16774E-1 5.53986E-1 5.77743E-1 5.97625E-1 6.05599E-1 6.44908E-1 6.74268E-1 5.55744E-1 5.06835E-1 6.32861E-1 7.42814E-1 -9999 8.12017E-1
7.27555E-1 6.98981E-1 6.95863E-1 6.84794E-1 6.99109E-1 6.77865E-1 6.75835E-1 6.79934E-1 6.96432E-1 -9999 -9999 -9999 -9999 -9999 -9999 -9999 -9999 -9999 -9999 -9999 -9999 -9999 -9999 -9999 -9999 -9999 -9999 -9999 -9999 -9999 -9999 -9999 -9999 -9999 -9999 -9999 5.07906E-1 5.12285E-1 4.54554E-1 3.99995E-1 3.0659E-1 2.59462E-1 2.65622E-1 3.5743E-1 4.20419E-1 4.47373E-1 4.37725E-1 4.50565E-1 4.54383E-1 4.54995E-1 4.41962E-1 4.5297E-1 4.45043E-1 4.51435E-1 4.49266E-1 4.54163E-1 4.77518E-1 4.81458E-1 4.70229E-1 5.24105E-1 5.43158E-1 5.5761E-1 5.55322E-1 6.07079E-1 6.5229E-1 6.89062E-1 5.75402E-1 5.36294E-1 5.32705E-1 7.68202E-1 -9999 -9999
