Artocarpus altilis SDM files/Last interglacial/results (with bias file)/Artalt_avg.asc
ncols         1201
nrows         481
xllcorner     119.99986351115
yllcorner     -15.00013864885
cellsize      0.041666667
NODATA_value  -9999
[rows 288 to 319 of 481, columns 432 to 503 of 1201]
-9999 -9999 -9999 -9999 -9999 -9999 -9999 -9999 -9999 -9999 -9999 -9999 6.07013E-1 6.09165E-1 5.89279E-1 5.87295E-1 5.66018E-1 5.51524E-1 5.37507E-1 5.27136E-1 5.21374E-1 5.10858E-1 5.0083E-1 4.89812E-1 4.80566E-1 4.77337E-1 4.68141E-1 4.603E-1 4.54769E-1 4.49588E-1 4.45725E-1 4.48643E-1 4.38071E-1 4.06153E-1 4.21253E-1 4.16639E-1 4.06905E-1 4.12659E-1 3.9103E-1 3.97898E-1 3.85184E-1 3.82065E-1 3.82375E-1 3.93936E-1 3.96689E-1 3.75286E-1 3.75139E-1 3.57852E-1 3.61708E-1 3.81844E-1 3.90872E-1 3.85948E-1 3.83559E-1 3.79975E-1 3.75452E-1 3.57186E-1 3.6786E-1 3.577E-1 3.70438E-1 3.63591E-1 3.75104E-1 3.74155E-1 3.64988E-1 3.69655E-1 3.73582E-1 3.72201E-1 3.67256E-1 3.7648E-1 3.81167E-1 3.76138E-1 3.76226E-1 3.81527E-1
-9999 -9999 -9999 -9999 -9999 -9999 -9999 -9999 -9999 -9999 -9999 -9999 -9999 -9999 5.78869E-1 5.67844E-1 5.76678E-1 5.65296E-1 5.42599E-1 5.45515E-1 5.26988E-1 5.18607E-1 5.09903E-1 4.95391E-1 4.82136E-1 4.72445E-1 4.73989E-1 4.77222E-1 4.5891E-1 4.56392E-1 4.50003E-1 4.53924E-1 4.32216E-1 4.17748E-1 4.20571E-1 4.22055E-1 4.17533E-1 4.13734E-1 4.08249E-1 3.96745E-1 3.91136E-1 3.95389E-1 3.96707E-1 3.87905E-1 3.83017E-1 3.70525E-1 3.69044E-1 3.8725E-1 3.79684E-1 3.73202E-1 3.92598E-1 3.982E-1 3.94218E-1 3.87836E-1 3.75785E-1 3.67915E-1 3.6353E-1 3.68811E-1 3.82887E-1 3.75586E-1 3.8053E-1 3.73715E-1 3.83479E-1 3.80328E-1 3.91484E-1 3.89384E-1 3.8114E-1 3.80593E-1 3.88566E-1 3.82052E-1 3.83471E-1 3.85123E-1
-9999 -9999 -9999 -9999 -9999 -9999 -9999 -9999 -9999 -9999 -9999 -9999 -9999 -9999 -9999 5.83223E-1 5.78509E-1 5.64776E-1 5.62682E-1 5.51527E-1 5.41074E-1 5.28011E-1 5.23728E-1 5.08774E-1 4.90933E-1 5.01735E-1 4.91417E-1 4.73258E-1 4.6356E-1 4.64051E-1 4.57022E-1 4.55818E-1 4.37946E-1 4.3413E-1 4.24384E-1 4.23705E-1 4.18756E-1 4.13926E-1 4.11804E-1 4.09673E-1 3.99008E-1 4.01496E-1 4.00021E-1 4.00226E-1 3.86721E-1 3.68071E-1 3.85449E-1 3.85742E-1 3.82693E-1 3.99832E-1 4.00586E-1 3.9617E-1 4.01264E-1 3.89425E-1 3.77737E-1 3.70112E-1 3.7227E-1 3.70856E-1 3.86091E-1 3.67875E-1 3.94974E-1 3.90111E-1 3.87759E-1 3.80356E-1 3.9014E-1 3.85491E-1 3.83234E-1 3.84742E-1 3.75501E-1 3.8287E-1 3.85255E-1 3.83377E-1
-9999 -9999 -9999 -9999 -9999 -9999 -9999 -9999 -9999 -9999 -9999 -9999 -9999 -9999 -9999 -9999 5.78619E-1 5.71557E-1 5.56378E-1 5.53521E-1 5.4418E-1 5.36652E-1 5.16959E-1 5.09263E-1 5.12935E-1 5.06795E-1 4.96372E-1 4.79913E-1 4.79137E-1 4.71404E-1 4.73124E-1 4.60051E-1 4.48919E-1 4.3931E-1 4.34303E-1 4.31409E-1 4.10521E-1 4.24562E-1 4.12367E-1 4.16683E-1 3.99475E-1 4.06989E-1 4.05824E-1 4.05159E-1 4.01223E-1 3.92336E-1 3.94616E-1 3.9939E-1 3.9987E-1 4.12343E-1 3.96716E-1 4.00572E-1 3.95097E-1 3.86421E-1 3.78085E-1 3.70574E-1 3.75723E-1 3.76248E-1 3.7241E-1 3.73573E-1 3.8566E-1 3.91899E-1 3.82761E-1 3.75675E-1 3.68995E-1 3.81699E-1 3.83507E-1 3.86989E-1 3.80572E-1 3.82185E-1 3.82585E-1 3.94019E-1
-9999 -9999 -9999 -9999 -9999 -9999 -9999 -9999 -9999 -9999 -9999 -9999 -9999 -9999 -9999 -9999 -9999 5.70567E-1 5.66393E-1 5.59996E-1 5.46894E-1 5.38913E-1 5.29375E-1 5.18497E-1 5.06744E-1 5.10456E-1 5.02211E-1 4.88778E-1 4.76889E-1 4.78026E-1 4.77247E-1 4.64441E-1 4.57672E-1 4.51903E-1 4.43394E-1 4.38064E-1 4.16973E-1 4.22334E-1 4.25871E-1 4.25476E-1 4.19494E-1 4.21136E-1 4.11313E-1 4.0721E-1 4.11291E-1 4.03482E-1 3.97984E-1 4.05458E-1 4.03483E-1 4.06697E-1 3.92048E-1 3.86435E-1 3.81796E-1 3.78918E-1 3.83643E-1 3.81315E-1 3.88205E-1 3.73119E-1 3.7734E-1 3.68311E-1 3.89966E-1 3.99784E-1 3.88125E-1 3.79993E-1 3.78246E-1 3.91239E-1 3.86929E-1 3.80814E-1 3.81769E-1 3.74649E-1 3.81373E-1 3.95284E-1
-9999 -9999 -9999 -9999 -9999 -9999 -9999 -9999 -9999 -9999 -9999 -9999 -9999 -9999 -9999 -9999 5.82815E-1 5.86122E-1 -9999 5.74223E-1 5.55408E-1 5.45416E-1 5.48885E-1 5.38394E-1 5.26098E-1 5.15532E-1 5.09959E-1 4.91239E-1 4.92174E-1 4.82388E-1 4.79426E-1 4.66231E-1 4.56231E-1 4.5575E-1 4.51176E-1 4.40923E-1 4.34106E-1 4.25194E-1 4.40889E-1 4.30799E-1 4.21389E-1 4.15033E-1 4.11493E-1 4.09745E-1 4.11676E-1 4.08457E-1 4.13938E-1 4.05433E-1 4.05461E-1 4.05165E-1 3.99274E-1 3.88441E-1 3.87678E-1 3.78788E-1 3.89001E-1 3.90123E-1 3.91151E-1 3.85282E-1 3.85598E-1 3.81981E-1 3.93869E-1 4.05728E-1 4.01849E-1 3.89685E-1 3.90763E-1 3.86795E-1 3.88098E-1 3.86327E-1 3.87429E-1 3.84924E-1 3.79314E-1 3.9483E-1
-9999 -9999 -9999 -9999 -9999 -9999 -9999 -9999 -9999 -9999 -9999 -9999 -9999 -9999 -9999 6.11984E-1 6.06648E-1 5.89644E-1 5.79483E-1 5.70038E-1 5.70003E-1 5.50257E-1 5.3668E-1 5.28145E-1 5.37419E-1 5.24881E-1 5.16749E-1 5.00478E-1 4.99754E-1 4.94232E-1 4.8021E-1 4.73654E-1 4.62314E-1 4.67658E-1 4.44445E-1 4.49347E-1 4.46363E-1 4.39304E-1 4.37517E-1 4.26993E-1 4.25289E-1 4.30069E-1 4.23181E-1 4.1115E-1 4.11903E-1 4.09342E-1 4.13779E-1 4.05106E-1 3.97461E-1 3.91551E-1 3.87429E-1 3.89341E-1 3.88681E-1 3.81279E-1 3.94373E-1 3.91793E-1 3.98592E-1 3.90783E-1 3.89579E-1 3.89944E-1 3.99756E-1 4.13143E-1 3.97456E-1 4.0248E-1 3.94547E-1 3.87136E-1 3.84855E-1 3.91489E-1 3.92863E-1 3.86922E-1 3.91456E-1 3.79347E-1
-9999 -9999 -9999 -9999 -9999 -9999 -9999 -9999 -9999 -9999 -9999 -9999 -9999 -9999 -9999 -9999 6.165E-1 6.07516E-1 5.90812E-1 5.77642E-1 5.64375E-1 5.65601E-1 5.59515E-1 5.55488E-1 5.39563E-1 5.32152E-1 5.19126E-1 5.20089E-1 5.05369E-1 4.98234E-1 4.90915E-1 4.82762E-1 4.85636E-1 4.73041E-1 4.58281E-1 4.5509E-1 4.55274E-1 4.45634E-1 4.43598E-1 4.4858E-1 4.36822E-1 4.35281E-1 4.19774E-1 4.00116E-1 4.22411E-1 4.10115E-1 4.05752E-1 4.03068E-1 4.11809E-1 4.08315E-1 3.98361E-1 3.95942E-1 3.94452E-1 3.90602E-1 3.89842E-1 4.03237E-1 4.04737E-1 3.90812E-1 3.90451E-1 3.96683E-1 4.04387E-1 3.8976E-1 3.89992E-1 3.89612E-1 3.90102E-1 3.92968E-1 3.92206E-1 3.96251E-1 3.9237E-1 3.95499E-1 3.94918E-1 3.92421E-1
-9999 -9999 -9999 -9999 -9999 -9999 -9999 -9999 -9999 -9999 -9999 -9999 -9999 -9999 -9999 -9999 -9999 -9999 5.99E-1 5.83827E-1 5.73552E-1 5.71434E-1 5.6227E-1 5.50771E-1 5.43831E-1 5.39151E-1 5.2161E-1 5.2361E-1 5.10048E-1 5.01499E-1 4.90341E-1 4.90293E-1 4.9252E-1 4.7591E-1 4.67365E-1 4.64943E-1 4.62239E-1 4.43772E-1 4.48782E-1 4.54018E-1 4.42935E-1 4.32503E-1 4.21495E-1 4.13265E-1 4.23805E-1 4.11011E-1 4.08597E-1 4.12426E-1 4.04307E-1 4.0018E-1 4.02537E-1 3.98761E-1 3.95982E-1 3.91073E-1 3.98824E-1 4.04398E-1 3.98706E-1 3.92869E-1 4.10673E-1 4.10505E-1 4.11152E-1 4.02122E-1 3.99617E-1 4.02451E-1 3.9741E-1 3.94201E-1 3.94928E-1 3.89729E-1 4.02666E-1 3.87666E-1 3.96532E-1 3.94581E-1
-9999 -9999 -9999 -9999 -9999 -9999 -9999 -9999 -9999 -9999 -9999 -9999 -9999 -9999 -9999 -9999 -9999 -9999 -9999 -9999 5.88613E-1 5.66488E-1 5.66953E-1 5.49302E-1 5.43081E-1 5.31519E-1 5.23752E-1 5.23965E-1 5.10236E-1 5.0332E-1 5.05716E-1 4.8811E-1 4.95939E-1 4.80583E-1 4.79872E-1 4.71108E-1 4.68523E-1 4.55772E-1 4.38014E-1 4.36269E-1 4.30868E-1 4.21492E-1 4.26859E-1 4.18651E-1 4.18146E-1 4.16963E-1 4.118E-1 4.10645E-1 4.08547E-1 4.08538E-1 4.0485E-1 4.05977E-1 3.93923E-1 3.95279E-1 4.00913E-1 4.0747E-1 4.1132E-1 4.15366E-1 4.23875E-1 4.13394E-1 4.01127E-1 3.96827E-1 3.95526E-1 3.97438E-1 4.03077E-1 4.0744E-1 3.96852E-1 3.97698E-1 4.07362E-1 3.98471E-1 3.99655E-1 3.99143E-1
-9999 -9999 -9999 -9999 -9999 -9999 -9999 -9999 -9999 -9999 6.92046E-1 6.77279E-1 6.70231E-1 6.54996E-1 6.49317E-1 6.40855E-1 6.25143E-1 6.12073E-1 6.01104E-1 5.97733E-1 -9999 5.74887E-1 5.63587E-1 5.574E-1 5.48507E-1 5.4742E-1 5.27151E-1 5.32245E-1 5.24589E-1 5.12954E-1 5.07906E-1 4.9604E-1 4.93589E-1 4.87843E-1 4.80949E-1 4.65842E-1 4.56901E-1 4.57912E-1 4.37833E-1 4.42333E-1 4.40358E-1 4.47097E-1 4.32809E-1 4.29293E-1 4.22619E-1 4.21637E-1 4.21175E-1 4.13298E-1 4.17459E-1 4.14958E-1 4.10448E-1 4.09996E-1 4.06299E-1 4.0738E-1 4.0705E-1 4.14852E-1 4.09524E-1 4.21089E-1 4.0716E-1 4.10755E-1 4.01559E-1 4.02293E-1 4.04047E-1 4.00339E-1 3.97579E-1 4.05414E-1 3.9737E-1 3.97231E-1 4.03957E-1 4.03985E-1 4.08314E-1 4.00276E-1
-9999 -9999 -9999 -9999 -9999 -9999 -9999 7.25884E-1 7.16257E-1 7.01244E-1 6.99201E-1 6.84519E-1 6.79552E-1 6.64324E-1 6.56315E-1 6.43526E-1 6.3763E-1 6.18331E-1 6.06097E-1 5.90358E-1 5.89066E-1 -9999 5.75247E-1 5.57393E-1 5.49405E-1 5.47833E-1 5.45028E-1 5.36373E-1 5.27013E-1 5.18543E-1 5.03774E-1 5.01976E-1 4.90201E-1 4.87091E-1 4.81789E-1 4.8574E-1 4.60611E-1 4.59369E-1 4.44689E-1 4.48143E-1 4.44468E-1 4.44484E-1 4.49587E-1 4.44715E-1 4.2644E-1 4.26777E-1 4.27249E-1 4.26913E-1 4.24863E-1 4.24944E-1 4.25431E-1 4.12048E-1 4.13845E-1 4.16888E-1 4.17457E-1 4.17156E-1 4.06352E-1 4.12621E-1 4.04157E-1 4.06698E-1 4.07405E-1 4.08556E-1 4.01999E-1 4.03068E-1 3.98991E-1 4.10484E-1 4.08684E-1 4.04962E-1 4.0666E-1 4.06235E-1 4.0562E-1 3.86504E-1
-9999 -9999 -9999 -9999 -9999 7.35843E-1 7.37161E-1 7.22202E-1 7.0829E-1 7.02897E-1 6.92043E-1 6.86255E-1 6.82089E-1 6.68416E-1 6.51086E-1 6.48884E-1 6.39131E-1 6.2189E-1 6.05222E-1 5.99801E-1 5.99074E-1 5.98472E-1 5.69869E-1 5.64054E-1 5.5909E-1 5.56119E-1 5.49718E-1 5.34205E-1 5.19187E-1 5.24437E-1 5.02574E-1 5.05602E-1 4.94663E-1 4.96916E-1 4.84874E-1 4.7832E-1 4.66891E-1 4.67068E-1 4.66224E-1 4.52046E-1 4.49003E-1 4.4522E-1 4.40194E-1 4.42769E-1 4.46264E-1 4.2862E-1 4.30691E-1 4.29835E-1 4.27218E-1 4.30617E-1 4.22356E-1 4.15703E-1 4.12557E-1 4.10653E-1 4.20454E-1 4.19511E-1 4.20834E-1 4.28634E-1 4.06711E-1 4.08507E-1 4.07805E-1 4.04808E-1 4.06614E-1 4.04137E-1 4.02025E-1 4.01947E-1 4.02444E-1 4.10441E-1 4.1459E-1 4.03416E-1 4.07968E-1 3.99354E-1
-9999 -9999 -9999 7.58812E-1 7.56461E-1 7.43306E-1 7.36379E-1 7.22776E-1 7.15582E-1 7.0225E-1 6.98954E-1 6.82344E-1 6.80875E-1 6.69413E-1 6.61911E-1 6.44386E-1 6.33723E-1 6.23801E-1 6.14878E-1 6.05692E-1 6.04342E-1 5.91958E-1 5.97236E-1 5.78466E-1 5.58145E-1 5.58623E-1 5.51422E-1 5.31001E-1 5.29961E-1 5.24783E-1 5.2191E-1 5.14191E-1 4.94157E-1 4.95119E-1 4.92089E-1 4.83282E-1 4.79427E-1 4.69722E-1 4.69466E-1 4.60288E-1 4.47319E-1 4.47032E-1 4.46716E-1 4.50505E-1 4.41248E-1 4.36127E-1 4.32874E-1 4.4E-1 4.28316E-1 4.23497E-1 4.21313E-1 4.24864E-1 4.17864E-1 4.27864E-1 4.26382E-1 4.28451E-1 4.24413E-1 4.24323E-1 4.19481E-1 4.11184E-1 4.06887E-1 4.13016E-1 4.06214E-1 4.03033E-1 4.02283E-1 4.00694E-1 4.03266E-1 3.99769E-1 4.15533E-1 4.0416E-1 4.03052E-1 3.92202E-1
-9999 -9999 7.69557E-1 7.58571E-1 7.61468E-1 7.37091E-1 7.28176E-1 7.26538E-1 7.19077E-1 7.04502E-1 7.02862E-1 6.87252E-1 6.75582E-1 6.78543E-1 6.53951E-1 6.42069E-1 6.33761E-1 6.25256E-1 6.19536E-1 6.12942E-1 5.99181E-1 5.92311E-1 5.80678E-1 5.77596E-1 5.62216E-1 5.60353E-1 5.53529E-1 5.43672E-1 5.40033E-1 5.2547E-1 5.26387E-1 5.15645E-1 5.17446E-1 4.9257E-1 4.98363E-1 4.95443E-1 4.83286E-1 4.81693E-1 4.75195E-1 4.70587E-1 4.55126E-1 4.50313E-1 4.53808E-1 4.4658E-1 4.38551E-1 4.34133E-1 4.31413E-1 4.35371E-1 4.42467E-1 4.30326E-1 4.27759E-1 4.25761E-1 4.20752E-1 4.29334E-1 4.28512E-1 4.32979E-1 4.2936E-1 4.2421E-1 4.11513E-1 4.10198E-1 4.11847E-1 4.13153E-1 4.11367E-1 4.07116E-1 4.09092E-1 4.06977E-1 4.07717E-1 4.03418E-1 4.13213E-1 4.08336E-1 4.03755E-1 3.93508E-1
-9999 7.66604E-1 7.63863E-1 7.58455E-1 7.51797E-1 7.42155E-1 7.31924E-1 7.2447E-1 7.25414E-1 6.99487E-1 6.85908E-1 6.93692E-1 6.80635E-1 6.68424E-1 6.56568E-1 6.48217E-1 6.34572E-1 6.28173E-1 6.12886E-1 6.12468E-1 6.02901E-1 5.99689E-1 5.95602E-1 5.86712E-1 5.6389E-1 5.70046E-1 5.58981E-1 5.44853E-1 5.50114E-1 5.43569E-1 5.31389E-1 5.27144E-1 5.10732E-1 5.09995E-1 4.99588E-1 4.97924E-1 4.95223E-1 4.87055E-1 4.76763E-1 4.8289E-1 4.69869E-1 4.70584E-1 4.59411E-1 4.62615E-1 4.48162E-1 4.43947E-1 4.48354E-1 4.32608E-1 4.38524E-1 4.3226E-1 4.29981E-1 4.3169E-1 4.27571E-1 4.2857E-1 4.27072E-1 4.34596E-1 4.30189E-1 4.2443E-1 4.30317E-1 4.17838E-1 4.13376E-1 4.16103E-1 4.13793E-1 4.11094E-1 4.08425E-1 4.04264E-1 4.10021E-1 4.04571E-1 4.04328E-1 4.09931E-1 4.04916E-1 4.03991E-1
7.8106E-1 7.73067E-1 7.6397E-1 7.57706E-1 7.54211E-1 7.48136E-1 7.34067E-1 7.23157E-1 7.12197E-1 7.07497E-1 6.88858E-1 6.82649E-1 6.74843E-1 6.73586E-1 6.62746E-1 6.53863E-1 6.38384E-1 6.37549E-1 6.24122E-1 6.20629E-1 6.08677E-1 6.04299E-1 5.93697E-1 5.84997E-1 5.66309E-1 5.7423E-1 5.5526E-1 5.60601E-1 5.52705E-1 5.51024E-1 5.49684E-1 5.30171E-1 5.21598E-1 5.13661E-1 5.19043E-1 5.0026E-1 5.04526E-1 5.01877E-1 5.01067E-1 4.88321E-1 4.83467E-1 4.70545E-1 4.64256E-1 4.65422E-1 4.60203E-1 4.417E-1 4.51191E-1 4.49378E-1 4.41787E-1 4.32516E-1 4.37186E-1 4.31604E-1 4.23011E-1 4.34372E-1 4.34051E-1 4.34037E-1 4.34412E-1 4.26509E-1 4.20797E-1 4.31204E-1 4.15775E-1 4.1085E-1 4.19802E-1 4.14577E-1 4.06683E-1 4.06519E-1 4.04879E-1 3.99548E-1 4.07436E-1 4.12007E-1 4.07417E-1 4.09042E-1
7.84531E-1 7.71034E-1 7.63401E-1 7.53484E-1 7.46441E-1 7.34243E-1 7.34708E-1 7.2624E-1 7.13827E-1 7.11332E-1 6.98359E-1 6.83929E-1 6.77935E-1 6.77336E-1 6.66594E-1 6.59464E-1 6.41283E-1 6.36133E-1 6.21856E-1 6.2663E-1 6.17887E-1 6.04729E-1 5.94015E-1 5.83938E-1 5.73984E-1 5.76211E-1 5.60107E-1 5.58875E-1 5.56289E-1 5.63925E-1 5.48697E-1 5.37203E-1 5.22014E-1 5.21799E-1 5.14226E-1 5.18809E-1 5.15097E-1 5.06647E-1 4.97776E-1 4.99999E-1 4.91207E-1 4.80484E-1 4.63684E-1 4.64242E-1 4.60389E-1 4.59109E-1 4.43248E-1 4.46275E-1 4.53544E-1 4.42045E-1 4.33314E-1 4.32204E-1 4.32466E-1 4.36139E-1 4.3613E-1 4.37042E-1 4.24827E-1 4.21772E-1 4.17825E-1 4.17943E-1 4.29377E-1 4.18333E-1 4.24135E-1 4.1621E-1 4.09752E-1 4.09521E-1 4.06056E-1 4.04949E-1 4.11504E-1 3.9841E-1 4.11194E-1 4.05919E-1
7.77153E-1 7.72423E-1 7.63775E-1 7.55068E-1 7.50764E-1 7.39377E-1 7.26038E-1 7.19118E-1 7.09951E-1 6.97124E-1 7.04031E-1 6.91142E-1 6.84153E-1 6.71359E-1 6.68095E-1 6.614E-1 6.44539E-1 6.36677E-1 6.31349E-1 6.31349E-1 6.19976E-1 6.01271E-1 5.92897E-1 5.87564E-1 5.95617E-1 5.68995E-1 5.78254E-1 5.61286E-1 5.6192E-1 5.64383E-1 5.49072E-1 5.46983E-1 5.32904E-1 5.35988E-1 5.31271E-1 5.1888E-1 5.19296E-1 5.18788E-1 5.11401E-1 4.98797E-1 5.01578E-1 4.79589E-1 4.79947E-1 4.73818E-1 4.62631E-1 4.55952E-1 4.61831E-1 4.60739E-1 4.64293E-1 4.55665E-1 4.50838E-1 4.27709E-1 4.31257E-1 4.45684E-1 4.39992E-1 4.3898E-1 4.19529E-1 4.21433E-1 4.2167E-1 4.22131E-1 4.28144E-1 4.15538E-1 4.10735E-1 4.06152E-1 4.0423E-1 4.09598E-1 4.10532E-1 4.11053E-1 4.08271E-1 4.14597E-1 4.05268E-1 4.03637E-1
7.73053E-1 7.68889E-1 7.54532E-1 7.50313E-1 7.5057E-1 7.41476E-1 7.3175E-1 7.17485E-1 7.11922E-1 7.0321E-1 6.89275E-1 6.79793E-1 6.7763E-1 6.72328E-1 6.62558E-1 6.70096E-1 6.55023E-1 6.4107E-1 6.3294E-1 6.18581E-1 6.2355E-1 6.06614E-1 5.99726E-1 5.85271E-1 5.88354E-1 5.68952E-1 5.77224E-1 5.70764E-1 5.70506E-1 5.7143E-1 5.68849E-1 5.40695E-1 5.48845E-1 5.33762E-1 5.34078E-1 5.25088E-1 5.36618E-1 5.15402E-1 5.17704E-1 5.24685E-1 4.99917E-1 4.894E-1 4.84809E-1 4.84008E-1 4.74909E-1 4.7234E-1 4.71027E-1 4.65348E-1 4.68526E-1 4.66749E-1 4.47403E-1 4.49567E-1 4.52771E-1 4.45621E-1 4.46057E-1 4.31344E-1 4.28309E-1 4.29192E-1 4.22587E-1 4.16758E-1 4.21506E-1 4.25228E-1 4.14837E-1 4.09688E-1 4.06283E-1 4.13225E-1 4.15045E-1 4.05025E-1 4.05588E-1 4.10194E-1 4.04469E-1 4.06807E-1
7.78735E-1 7.68827E-1 7.57304E-1 7.45996E-1 7.39345E-1 7.32641E-1 7.3302E-1 7.22185E-1 7.15122E-1 7.0508E-1 6.93981E-1 6.87663E-1 6.84199E-1 6.75316E-1 6.69892E-1 6.54694E-1 6.57956E-1 6.47061E-1 6.39349E-1 6.31021E-1 6.16676E-1 6.05628E-1 6.01181E-1 5.89572E-1 5.98313E-1 5.79866E-1 5.74737E-1 5.73173E-1 5.64567E-1 5.77481E-1 5.73444E-1 5.6216E-1 5.50836E-1 5.33831E-1 5.41351E-1 5.41639E-1 5.40224E-1 5.26535E-1 5.13586E-1 5.1917E-1 5.20541E-1 5.04835E-1 4.89029E-1 5.00858E-1 4.79303E-1 4.78031E-1 4.89452E-1 4.81194E-1 4.64872E-1 4.63012E-1 4.52493E-1 4.52823E-1 4.55984E-1 4.41252E-1 4.32258E-1 4.33097E-1 4.37398E-1 4.38326E-1 4.2894E-1 4.21697E-1 4.30256E-1 4.27505E-1 4.09499E-1 4.09371E-1 4.21085E-1 4.16106E-1 4.10613E-1 4.10323E-1 4.11662E-1 4.10903E-1 4.07163E-1 4.06413E-1
7.79002E-1 7.73334E-1 7.6066E-1 7.52749E-1 7.45292E-1 7.35602E-1 7.28098E-1 7.15535E-1 7.03491E-1 7.10166E-1 7.00445E-1 6.87469E-1 6.78961E-1 6.64553E-1 6.73535E-1 6.52053E-1 6.63391E-1 6.5144E-1 6.40501E-1 6.31424E-1 6.1558E-1 6.15386E-1 6.03022E-1 6.10296E-1 5.959E-1 5.90175E-1 5.93237E-1 5.80873E-1 5.72836E-1 5.77095E-1 5.72818E-1 5.57684E-1 5.52118E-1 5.49387E-1 5.45989E-1 5.49422E-1 5.43094E-1 5.3712E-1 5.28923E-1 5.36157E-1 5.12071E-1 5.06883E-1 5.03295E-1 5.04188E-1 4.83211E-1 4.8352E-1 4.9265E-1 4.93352E-1 4.71953E-1 4.6401E-1 4.63494E-1 4.55541E-1 4.58981E-1 4.5406E-1 4.4429E-1 4.37658E-1 4.36637E-1 4.33139E-1 4.26177E-1 4.31978E-1 4.29866E-1 4.29909E-1 4.13621E-1 4.10295E-1 4.09957E-1 4.12233E-1 4.04984E-1 4.12327E-1 4.11538E-1 4.14924E-1 4.14735E-1 4.12663E-1
7.74103E-1 7.64763E-1 7.5163E-1 7.55418E-1 7.47314E-1 7.39577E-1 7.2527E-1 7.18696E-1 7.09858E-1 7.02713E-1 7.00262E-1 6.89024E-1 6.78507E-1 6.65867E-1 6.72118E-1 6.56568E-1 6.54087E-1 6.49415E-1 6.39044E-1 6.26071E-1 6.18196E-1 6.18188E-1 6.11475E-1 6.11683E-1 5.99655E-1 5.93501E-1 5.89609E-1 5.93502E-1 5.79569E-1 5.91048E-1 5.75182E-1 5.74073E-1 5.6903E-1 5.66955E-1 5.65233E-1 5.51979E-1 5.53686E-1 5.33907E-1 5.35952E-1 5.36439E-1 5.30625E-1 5.22981E-1 5.08514E-1 5.11311E-1 4.93824E-1 4.92616E-1 4.90785E-1 4.91195E-1 4.79589E-1 4.69752E-1 4.69508E-1 4.67401E-1 4.52626E-1 4.57611E-1 4.53726E-1 4.48333E-1 4.3224E-1 4.29583E-1 4.27086E-1 4.38162E-1 4.2991E-1 4.25999E-1 4.22709E-1 4.17405E-1 4.09369E-1 4.06744E-1 4.00632E-1 4.13627E-1 4.07293E-1 4.10112E-1 4.12433E-1 4.04885E-1
7.77201E-1 7.64393E-1 7.5982E-1 7.50435E-1 7.38074E-1 7.41658E-1 7.3141E-1 7.19322E-1 7.15057E-1 7.00709E-1 6.93546E-1 6.90599E-1 6.84009E-1 6.68627E-1 6.75409E-1 6.59106E-1 6.54215E-1 6.53076E-1 6.37011E-1 6.40009E-1 6.24275E-1 6.24569E-1 6.14425E-1 6.02459E-1 6.0572E-1 6.15769E-1 5.94149E-1 5.98447E-1 5.95998E-1 5.89119E-1 5.86347E-1 5.8422E-1 5.74697E-1 5.74241E-1 5.7567E-1 5.66267E-1 5.53159E-1 5.50135E-1 5.52405E-1 5.31596E-1 5.35065E-1 5.22451E-1 5.23515E-1 5.1611E-1 5.10215E-1 4.99171E-1 5.03188E-1 4.9594E-1 4.77532E-1 4.85148E-1 4.68968E-1 4.69634E-1 4.652E-1 4.51737E-1 4.50403E-1 4.47114E-1 4.31656E-1 4.34311E-1 4.3478E-1 4.34334E-1 4.23356E-1 4.2121E-1 4.24808E-1 4.19928E-1 4.13362E-1 4.10074E-1 4.04179E-1 4.15856E-1 4.14121E-1 4.14206E-1 4.14069E-1 4.06868E-1
7.76809E-1 7.70817E-1 7.64351E-1 7.54369E-1 7.39978E-1 7.33571E-1 7.31105E-1 7.19279E-1 7.15185E-1 7.05925E-1 6.9607E-1 6.94721E-1 6.84272E-1 6.74391E-1 6.76937E-1 6.6068E-1 6.66138E-1 6.57377E-1 6.40627E-1 6.40495E-1 6.20015E-1 6.2175E-1 6.19131E-1 6.18592E-1 6.21006E-1 6.05675E-1 6.01539E-1 6.05976E-1 6.03247E-1 5.90355E-1 5.89504E-1 5.89687E-1 5.76458E-1 5.79309E-1 5.76571E-1 5.73796E-1 5.69151E-1 5.69754E-1 5.50025E-1 5.51636E-1 5.44721E-1 5.35152E-1 5.3613E-1 5.32533E-1 5.23958E-1 5.15158E-1 5.09718E-1 4.9505E-1 4.80291E-1 4.8177E-1 4.87061E-1 4.67832E-1 4.68097E-1 4.62071E-1 4.48365E-1 4.40434E-1 4.423E-1 4.40437E-1 4.38416E-1 4.34235E-1 4.2962E-1 4.23677E-1 4.30772E-1 4.22959E-1 4.17351E-1 4.12207E-1 4.11888E-1 4.11864E-1 4.15626E-1 4.1028E-1 4.125E-1 4.10763E-1
7.71457E-1 7.74784E-1 7.63102E-1 7.5342E-1 7.40681E-1 7.31682E-1 7.31967E-1 7.20125E-1 7.18822E-1 7.08083E-1 7.01542E-1 6.92575E-1 6.90446E-1 6.77398E-1 6.79941E-1 6.6306E-1 6.65198E-1 6.56541E-1 6.38849E-1 6.41588E-1 6.3474E-1 6.30781E-1 6.29057E-1 6.19846E-1 6.20156E-1 6.18805E-1 6.12449E-1 6.07194E-1 6.03226E-1 5.99144E-1 5.93313E-1 5.98336E-1 5.96572E-1 5.94866E-1 5.98469E-1 5.73443E-1 5.80839E-1 5.78697E-1 5.65935E-1 5.55452E-1 5.587E-1 5.47918E-1 5.31145E-1 5.37847E-1 5.26739E-1 5.26839E-1 5.17091E-1 4.92798E-1 4.98136E-1 4.9983E-1 4.98555E-1 4.79692E-1 4.60039E-1 4.60693E-1 4.59607E-1 4.62154E-1 4.48003E-1 4.45605E-1 4.4546E-1 4.4557E-1 4.34863E-1 4.31211E-1 4.31515E-1 4.22292E-1 4.22917E-1 4.17803E-1 4.09693E-1 4.08212E-1 4.07763E-1 3.99052E-1 4.08945E-1 4.04958E-1
7.74097E-1 7.74776E-1 7.63511E-1 7.53221E-1 7.45963E-1 7.31685E-1 7.36062E-1 7.21541E-1 7.19924E-1 7.07904E-1 7.05152E-1 6.90965E-1 6.95264E-1 6.774E-1 6.81197E-1 6.63351E-1 6.68823E-1 6.54374E-1 6.53116E-1 6.35518E-1 6.31812E-1 6.30561E-1 6.33161E-1 6.32715E-1 6.30717E-1 6.13965E-1 6.14437E-1 6.1839E-1 6.13194E-1 6.14099E-1 6.16425E-1 6.12502E-1 6.12764E-1 6.12887E-1 5.91308E-1 5.9173E-1 5.96867E-1 5.91096E-1 5.73618E-1 5.74066E-1 5.62916E-1 5.55422E-1 5.58878E-1 5.44325E-1 5.35526E-1 5.31567E-1 5.24265E-1 5.13303E-1 5.13493E-1 5.04373E-1 5.01594E-1 4.96633E-1 4.77615E-1 4.7435E-1 4.70758E-1 4.66203E-1 4.48737E-1 4.44725E-1 4.41319E-1 4.47642E-1 4.3525E-1 4.41304E-1 4.31242E-1 4.37365E-1 4.2553E-1 4.16703E-1 4.08937E-1 4.10646E-1 4.10011E-1 4.03423E-1 4.07694E-1 4.09786E-1
7.79615E-1 7.68307E-1 7.66411E-1 7.52165E-1 7.47349E-1 7.33883E-1 7.26421E-1 7.14683E-1 7.20133E-1 7.12409E-1 7.06486E-1 6.97019E-1 6.92478E-1 6.77353E-1 6.84659E-1 6.70134E-1 6.67039E-1 6.57539E-1 6.51175E-1 6.52771E-1 6.36154E-1 6.35302E-1 6.30879E-1 6.29685E-1 6.26459E-1 6.21555E-1 6.24694E-1 6.25653E-1 6.14927E-1 6.2732E-1 6.31558E-1 6.2624E-1 6.0925E-1 6.13601E-1 6.13192E-1 6.06828E-1 6.08537E-1 5.88489E-1 5.86889E-1 -9999 -9999 5.61459E-1 5.56036E-1 5.48621E-1 5.4955E-1 5.42726E-1 5.3265E-1 5.31757E-1 5.16661E-1 5.19492E-1 4.97314E-1 4.9843E-1 4.78553E-1 4.76395E-1 4.76308E-1 4.65391E-1 4.6066E-1 4.46936E-1 4.43887E-1 4.50673E-1 4.43845E-1 4.43337E-1 4.40246E-1 4.36535E-1 4.20969E-1 4.17631E-1 4.1837E-1 4.12594E-1 4.1869E-1 4.13759E-1 4.03713E-1 4.07285E-1
7.83289E-1 7.72126E-1 7.65986E-1 7.6044E-1 7.52067E-1 7.35565E-1 7.27811E-1 7.25602E-1 7.16287E-1 7.03989E-1 7.02763E-1 7.00747E-1 6.97933E-1 6.9172E-1 6.81046E-1 6.65146E-1 6.63414E-1 6.67276E-1 6.52211E-1 6.55084E-1 6.46474E-1 6.47591E-1 6.40449E-1 6.36869E-1 6.2561E-1 6.34413E-1 6.25376E-1 -9999 -9999 -9999 6.24481E-1 6.26993E-1 6.25661E-1 6.23168E-1 6.21132E-1 6.17709E-1 6.13272E-1 -9999 -9999 -9999 -9999 -9999 -9999 -9999 5.50318E-1 -9999 5.43549E-1 5.3988E-1 5.3203E-1 5.25957E-1 5.12183E-1 4.96713E-1 4.89921E-1 4.90821E-1 4.84289E-1 4.77543E-1 4.70173E-1 4.60813E-1 4.62134E-1 4.50409E-1 4.4551E-1 4.43681E-1 4.38694E-1 4.38214E-1 4.28982E-1 4.2958E-1 4.3036E-1 4.275E-1 4.10393E-1 4.13921E-1 4.13521E-1 4.09006E-1
7.90637E-1 7.8256E-1 7.67214E-1 7.64181E-1 7.54822E-1 7.40749E-1 7.30257E-1 7.30237E-1 7.19272E-1 7.17097E-1 6.999E-1 7.00989E-1 6.93595E-1 6.91514E-1 6.89128E-1 6.73008E-1 6.63991E-1 6.6512E-1 6.70687E-1 6.67708E-1 6.53184E-1 6.45655E-1 6.35491E-1 6.37652E-1 6.43163E-1 6.45599E-1 -9999 -9999 -9999 -9999 -9999 -9999 6.34494E-1 6.20432E-1 6.21292E-1 -9999 -9999 -9999 -9999 -9999 -9999 -9999 -9999 -9999 -9999 -9999 5.5534E-1 5.53206E-1 5.45622E-1 5.30332E-1 5.1452E-1 5.11305E-1 5.12366E-1 4.94843E-1 4.82393E-1 4.78403E-1 4.80452E-1 4.68481E-1 4.69784E-1 4.60895E-1 4.41629E-1 4.43286E-1 4.39032E-1 4.3469E-1 4.30125E-1 4.3259E-1 4.27839E-1 4.28381E-1 4.23671E-1 4.15983E-1 4.14107E-1 4.10982E-1
7.91773E-1 7.81226E-1 7.69224E-1 7.63867E-1 7.5352E-1 7.36894E-1 7.39763E-1 7.29846E-1 7.20309E-1 7.19279E-1 7.08069E-1 7.12166E-1 7.03084E-1 6.92924E-1 6.87466E-1 6.82739E-1 6.73851E-1 6.75908E-1 6.68477E-1 6.66532E-1 6.54432E-1 6.60836E-1 6.48505E-1 6.49445E-1 -9999 -9999 -9999 -9999 -9999 -9999 -9999 -9999 -9999 -9999 -9999 -9999 -9999 -9999 -9999 -9999 -9999 -9999 -9999 -9999 -9999 -9999 -9999 5.58535E-1 5.53164E-1 5.383E-1 5.27714E-1 5.23315E-1 5.16635E-1 5.12556E-1 4.98042E-1 4.80311E-1 4.76021E-1 4.81804E-1 4.65927E-1 4.62855E-1 4.55505E-1 4.5247E-1 4.49957E-1 4.34684E-1 4.30209E-1 4.27416E-1 4.26289E-1 4.22932E-1 4.22436E-1 4.06844E-1 4.05991E-1 4.05714E-1
7.94296E-1 7.88564E-1 7.68337E-1 7.66633E-1 7.53478E-1 7.58161E-1 7.41205E-1 7.41693E-1 7.37604E-1 7.2087E-1 7.08971E-1 7.08968E-1 6.97319E-1 6.98495E-1 6.87362E-1 6.87208E-1 6.89152E-1 6.78941E-1 6.78063E-1 6.7579E-1 6.69571E-1 6.70716E-1 6.70447E-1 6.63378E-1 -9999 -9999 -9999 -9999 -9999 -9999 -9999 -9999 -9999 -9999 -9999 -9999 -9999 -9999 -9999 -9999 -9999 -9999 -9999 -9999 -9999 -9999 -9999 -9999 5.54456E-1 5.58179E-1 5.4087E-1 5.25786E-1 5.2983E-1 5.15895E-1 5.02454E-1 4.95437E-1 4.91309E-1 4.77122E-1 4.76788E-1 4.77999E-1 4.60196E-1 4.58113E-1 4.50716E-1 4.49542E-1 4.32373E-1 4.34916E-1 4.28395E-1 4.2293E-1 4.19377E-1 4.18343E-1 4.10867E-1 4.13253E-1
