Artocarpus altilis SDM files/Last interglacial/results (with bias file)/Artalt_6.asc
ncols         1201
nrows         481
xllcorner     119.99986351115
yllcorner     -15.00013864885
cellsize      0.041666667
NODATA_value  -9999
[rows 128 to 159 of 481, columns 0 to 71 of 1201]
9.14447E-1 -9999 -9999 -9999 -9999 -9999 -9999 -9999 -9999 -9999 -9999 -9999 -9999 -9999 -9999 -9999 -9999 -9999 -9999 -9999 -9999 -9999 -9999 -9999 -9999 -9999 -9999 -9999 -9999 -9999 -9999 -9999 -9999 -9999 -9999 -9999 -9999 -9999 -9999 -9999 -9999 -9999 -9999 -9999 -9999 8.32464E-1 8.39722E-1 8.39779E-1 8.50272E-1 8.52816E-1 8.58484E-1 -9999 -9999 8.5283E-1 8.76657E-1 8.52145E-1 8.5883E-1 -9999 -9999 -9999 -9999 -9999 -9999 -9999 -9999 -9999 -9999 -9999 -9999 -9999 -9999 -9999
9.0761E-1 -9999 -9999 -9999 -9999 -9999 -9999 -9999 -9999 -9999 -9999 -9999 -9999 -9999 -9999 -9999 -9999 -9999 -9999 -9999 -9999 -9999 -9999 -9999 -9999 -9999 -9999 -9999 -9999 -9999 -9999 -9999 -9999 -9999 -9999 -9999 -9999 -9999 -9999 -9999 -9999 -9999 -9999 8.42574E-1 8.32746E-1 8.43509E-1 8.46423E-1 8.53534E-1 8.53184E-1 8.56138E-1 8.56469E-1 8.56572E-1 -9999 -9999 -9999 -9999 8.58528E-1 8.54748E-1 -9999 -9999 -9999 -9999 -9999 -9999 -9999 -9999 -9999 -9999 -9999 -9999 -9999 -9999
9.08838E-1 8.98243E-1 -9999 -9999 -9999 -9999 -9999 -9999 -9999 -9999 -9999 -9999 -9999 -9999 -9999 -9999 -9999 -9999 -9999 -9999 -9999 -9999 -9999 -9999 -9999 -9999 -9999 -9999 -9999 -9999 -9999 -9999 -9999 -9999 -9999 -9999 -9999 -9999 -9999 -9999 -9999 -9999 8.31057E-1 8.43756E-1 8.43098E-1 8.24031E-1 8.20343E-1 8.21025E-1 8.31725E-1 8.40535E-1 8.40152E-1 8.45919E-1 -9999 -9999 -9999 -9999 8.43553E-1 8.3307E-1 -9999 -9999 -9999 -9999 -9999 -9999 -9999 -9999 -9999 -9999 -9999 -9999 -9999 -9999
9.02472E-1 8.94627E-1 -9999 -9999 -9999 -9999 -9999 -9999 -9999 -9999 -9999 -9999 -9999 -9999 -9999 -9999 -9999 -9999 -9999 -9999 -9999 -9999 -9999 -9999 -9999 -9999 -9999 -9999 -9999 -9999 -9999 -9999 -9999 -9999 -9999 -9999 -9999 -9999 -9999 -9999 -9999 8.4998E-1 8.30681E-1 8.50219E-1 8.23321E-1 8.34532E-1 8.28977E-1 8.39162E-1 8.43145E-1 8.46417E-1 8.39644E-1 -9999 -9999 -9999 -9999 -9999 -9999 -9999 -9999 -9999 -9999 -9999 -9999 -9999 -9999 -9999 -9999 -9999 -9999 -9999 -9999 -9999
9.05139E-1 8.99441E-1 -9999 -9999 -9999 -9999 -9999 -9999 -9999 -9999 -9999 -9999 -9999 -9999 -9999 -9999 -9999 -9999 -9999 -9999 -9999 -9999 -9999 -9999 -9999 -9999 -9999 -9999 -9999 -9999 -9999 -9999 -9999 -9999 -9999 -9999 -9999 -9999 -9999 -9999 8.40183E-1 8.33348E-1 8.088E-1 8.36239E-1 8.02772E-1 8.29595E-1 -9999 -9999 -9999 -9999 -9999 -9999 -9999 -9999 -9999 -9999 -9999 -9999 -9999 -9999 8.35549E-1 8.28099E-1 8.31322E-1 -9999 -9999 -9999 -9999 -9999 -9999 -9999 -9999 -9999
8.57293E-1 8.91353E-1 -9999 -9999 -9999 -9999 -9999 -9999 -9999 -9999 -9999 -9999 -9999 -9999 -9999 -9999 -9999 -9999 -9999 -9999 -9999 -9999 -9999 -9999 -9999 -9999 -9999 -9999 -9999 -9999 -9999 -9999 -9999 -9999 -9999 -9999 -9999 -9999 -9999 8.46285E-1 8.28264E-1 8.0336E-1 8.15751E-1 8.39019E-1 8.23762E-1 8.28853E-1 -9999 -9999 -9999 -9999 -9999 -9999 -9999 -9999 -9999 -9999 -9999 -9999 -9999 -9999 8.37477E-1 8.26888E-1 8.23904E-1 8.16008E-1 -9999 -9999 -9999 -9999 -9999 -9999 -9999 -9999
7.89383E-1 8.99528E-1 -9999 -9999 -9999 -9999 -9999 -9999 -9999 -9999 -9999 -9999 -9999 -9999 -9999 -9999 -9999 -9999 -9999 -9999 -9999 -9999 -9999 -9999 -9999 -9999 -9999 -9999 -9999 -9999 -9999 -9999 -9999 -9999 -9999 -9999 -9999 -9999 -9999 8.23399E-1 8.16558E-1 -9999 -9999 -9999 -9999 -9999 -9999 -9999 -9999 -9999 -9999 -9999 -9999 -9999 -9999 -9999 -9999 -9999 -9999 -9999 -9999 -9999 -9999 -9999 -9999 -9999 -9999 -9999 -9999 -9999 -9999 -9999
6.09636E-1 9.11482E-1 -9999 -9999 -9999 -9999 -9999 -9999 -9999 -9999 -9999 -9999 -9999 -9999 -9999 -9999 -9999 -9999 -9999 -9999 -9999 -9999 -9999 -9999 -9999 -9999 -9999 -9999 -9999 -9999 -9999 -9999 -9999 -9999 -9999 -9999 -9999 -9999 8.18265E-1 -9999 -9999 -9999 -9999 -9999 -9999 -9999 -9999 -9999 -9999 -9999 -9999 -9999 -9999 -9999 -9999 -9999 -9999 -9999 -9999 -9999 -9999 -9999 -9999 -9999 -9999 -9999 -9999 -9999 8.03828E-1 8.03165E-1 8.13219E-1 8.04951E-1
5.18481E-1 8.52995E-1 -9999 -9999 -9999 -9999 -9999 -9999 -9999 -9999 -9999 -9999 -9999 -9999 -9999 -9999 -9999 -9999 -9999 -9999 -9999 -9999 -9999 -9999 -9999 -9999 -9999 -9999 -9999 -9999 -9999 -9999 -9999 -9999 -9999 -9999 -9999 -9999 -9999 -9999 -9999 -9999 -9999 -9999 -9999 -9999 -9999 -9999 -9999 -9999 -9999 -9999 -9999 -9999 -9999 -9999 -9999 -9999 -9999 -9999 -9999 -9999 -9999 -9999 -9999 8.11075E-1 7.92854E-1 8.00539E-1 8.1652E-1 8.25528E-1 8.22821E-1 8.01384E-1
5.2725E-1 8.06657E-1 8.96419E-1 -9999 -9999 -9999 -9999 -9999 -9999 -9999 -9999 -9999 -9999 -9999 -9999 -9999 -9999 -9999 -9999 -9999 -9999 -9999 -9999 -9999 -9999 -9999 -9999 -9999 -9999 -9999 -9999 -9999 -9999 -9999 -9999 -9999 -9999 -9999 -9999 -9999 -9999 -9999 -9999 -9999 -9999 -9999 -9999 -9999 -9999 -9999 -9999 -9999 -9999 -9999 -9999 -9999 -9999 -9999 -9999 -9999 -9999 -9999 -9999 -9999 -9999 8.17095E-1 8.06684E-1 7.44072E-1 7.24827E-1 6.88884E-1 7.37783E-1 6.21051E-1
5.31663E-1 7.83302E-1 8.90761E-1 -9999 -9999 -9999 -9999 -9999 -9999 -9999 -9999 -9999 -9999 -9999 -9999 -9999 -9999 -9999 -9999 -9999 -9999 -9999 -9999 -9999 -9999 -9999 -9999 -9999 -9999 -9999 -9999 -9999 -9999 -9999 -9999 -9999 -9999 -9999 -9999 -9999 -9999 8.02538E-1 8.16287E-1 -9999 -9999 -9999 -9999 -9999 -9999 -9999 -9999 -9999 -9999 -9999 -9999 -9999 -9999 -9999 -9999 -9999 -9999 -9999 -9999 -9999 -9999 -9999 7.70633E-1 7.45573E-1 8.10095E-1 7.3175E-1 7.39651E-1 7.513E-1
4.38311E-1 6.73775E-1 8.61061E-1 8.63405E-1 -9999 -9999 -9999 -9999 -9999 -9999 -9999 -9999 -9999 -9999 -9999 -9999 -9999 -9999 -9999 -9999 -9999 -9999 -9999 -9999 -9999 -9999 -9999 -9999 -9999 -9999 -9999 -9999 -9999 -9999 -9999 -9999 -9999 -9999 -9999 -9999 -9999 -9999 8.30117E-1 -9999 -9999 -9999 -9999 -9999 -9999 -9999 -9999 -9999 8.21945E-1 8.33358E-1 8.24185E-1 8.2738E-1 8.34429E-1 8.18317E-1 7.72565E-1 7.66776E-1 8.27732E-1 8.13418E-1 8.05186E-1 8.06224E-1 -9999 -9999 8.06621E-1 7.82201E-1 7.95322E-1 7.28025E-1 6.96023E-1 7.40928E-1
3.91541E-1 5.42737E-1 7.56405E-1 8.61423E-1 8.57387E-1 -9999 -9999 -9999 -9999 -9999 -9999 -9999 -9999 -9999 -9999 -9999 -9999 -9999 -9999 -9999 -9999 -9999 -9999 -9999 -9999 -9999 -9999 -9999 -9999 -9999 -9999 -9999 -9999 -9999 -9999 -9999 -9999 8.18931E-1 8.2587E-1 7.50603E-1 -9999 -9999 -9999 -9999 -9999 -9999 -9999 -9999 -9999 -9999 -9999 8.16091E-1 8.17837E-1 7.3136E-1 7.09786E-1 7.06751E-1 7.40385E-1 7.1959E-1 6.80732E-1 7.8902E-1 7.36717E-1 7.10588E-1 7.47942E-1 7.70876E-1 7.67659E-1 7.60231E-1 6.06615E-1 4.96254E-1 5.47537E-1 4.96233E-1 5.07612E-1 6.12841E-1
3.99396E-1 4.72045E-1 6.69389E-1 8.30401E-1 8.5966E-1 8.52097E-1 -9999 -9999 -9999 -9999 -9999 -9999 -9999 -9999 -9999 -9999 -9999 -9999 -9999 -9999 -9999 -9999 -9999 -9999 -9999 -9999 -9999 -9999 -9999 -9999 -9999 -9999 -9999 -9999 -9999 -9999 8.17177E-1 8.06878E-1 8.20008E-1 7.57325E-1 -9999 -9999 -9999 -9999 -9999 -9999 -9999 -9999 -9999 -9999 -9999 8.34682E-1 8.24281E-1 8.22542E-1 7.80202E-1 6.65681E-1 6.50509E-1 7.25811E-1 6.50909E-1 6.02777E-1 6.4127E-1 5.48723E-1 5.80227E-1 5.69939E-1 5.24526E-1 4.22712E-1 3.25741E-1 3.93191E-1 5.87196E-1 6.30387E-1 6.93435E-1 7.79331E-1
3.93593E-1 3.57865E-1 5.97705E-1 7.24479E-1 8.4635E-1 8.41362E-1 8.37712E-1 -9999 -9999 -9999 -9999 -9999 -9999 -9999 -9999 -9999 -9999 -9999 -9999 -9999 -9999 -9999 -9999 -9999 -9999 -9999 -9999 -9999 -9999 -9999 -9999 -9999 -9999 -9999 8.03138E-1 8.14974E-1 7.64825E-1 8.26057E-1 7.99447E-1 8.09529E-1 -9999 -9999 -9999 -9999 -9999 -9999 -9999 -9999 -9999 -9999 -9999 8.19537E-1 8.27853E-1 8.20129E-1 7.84014E-1 6.72518E-1 5.85843E-1 5.20026E-1 4.29007E-1 4.73025E-1 5.53944E-1 3.70623E-1 3.25686E-1 3.25867E-1 3.34034E-1 3.31916E-1 4.02324E-1 5.83757E-1 6.95694E-1 7.2298E-1 7.33297E-1 8.02291E-1
4.65352E-1 3.38561E-1 5.38632E-1 6.27554E-1 6.94066E-1 8.35302E-1 8.31563E-1 8.13779E-1 8.11524E-1 8.22034E-1 8.25813E-1 -9999 -9999 -9999 -9999 -9999 -9999 -9999 -9999 -9999 -9999 -9999 -9999 -9999 -9999 -9999 -9999 -9999 -9999 -9999 -9999 -9999 -9999 -9999 7.95371E-1 7.34198E-1 6.70341E-1 6.76218E-1 6.44632E-1 6.0649E-1 7.59844E-1 8.19255E-1 -9999 -9999 -9999 -9999 -9999 8.20031E-1 8.24237E-1 8.22862E-1 8.22179E-1 8.32449E-1 8.104E-1 7.9272E-1 7.39458E-1 5.96521E-1 4.56493E-1 4.04942E-1 4.01599E-1 4.11542E-1 3.45824E-1 2.6011E-1 2.60923E-1 2.66619E-1 3.11311E-1 4.65954E-1 6.31773E-1 7.24675E-1 8.00003E-1 8.13461E-1 -9999 -9999
4.53115E-1 3.27568E-1 3.97704E-1 4.96485E-1 5.93675E-1 6.89984E-1 8.25975E-1 8.23903E-1 8.16433E-1 8.15849E-1 8.00194E-1 8.16598E-1 -9999 -9999 -9999 -9999 -9999 -9999 -9999 -9999 -9999 -9999 -9999 -9999 -9999 -9999 -9999 -9999 -9999 -9999 -9999 -9999 -9999 7.71095E-1 7.69719E-1 6.83277E-1 5.33854E-1 4.38366E-1 4.01799E-1 3.5612E-1 6.48936E-1 7.84114E-1 7.98888E-1 7.75798E-1 7.66238E-1 7.69547E-1 7.95318E-1 7.85997E-1 7.45136E-1 6.24686E-1 7.38225E-1 7.77045E-1 7.31289E-1 5.69963E-1 4.43547E-1 4.97026E-1 3.63942E-1 2.79795E-1 3.36116E-1 2.79568E-1 2.56221E-1 2.37384E-1 2.76696E-1 3.30078E-1 4.19767E-1 5.31972E-1 6.83542E-1 -9999 -9999 -9999 -9999 -9999
4.81572E-1 3.28466E-1 2.5643E-1 3.41747E-1 3.70493E-1 5.02411E-1 6.105E-1 7.49073E-1 8.18234E-1 8.16618E-1 8.08753E-1 8.10295E-1 8.03378E-1 -9999 -9999 -9999 -9999 -9999 -9999 -9999 -9999 -9999 -9999 -9999 -9999 -9999 -9999 -9999 -9999 -9999 -9999 -9999 7.57194E-1 7.52806E-1 7.01467E-1 5.66759E-1 5.89993E-1 3.9447E-1 2.36325E-1 3.05311E-1 5.7722E-1 6.57172E-1 7.00925E-1 6.77413E-1 6.8823E-1 5.21646E-1 5.02224E-1 6.34477E-1 5.58618E-1 6.87026E-1 5.40632E-1 4.4097E-1 3.53201E-1 3.47048E-1 3.41177E-1 3.30869E-1 2.67242E-1 2.16895E-1 2.32472E-1 2.56195E-1 2.86836E-1 2.65043E-1 3.35256E-1 4.36645E-1 4.64153E-1 5.90219E-1 6.96708E-1 -9999 -9999 -9999 -9999 -9999
4.71143E-1 3.64957E-1 3.48106E-1 2.49771E-1 2.46634E-1 3.0064E-1 4.26341E-1 5.04134E-1 5.4798E-1 7.12307E-1 7.87332E-1 8.1044E-1 7.79379E-1 7.77552E-1 -9999 -9999 -9999 -9999 -9999 -9999 -9999 -9999 -9999 -9999 -9999 -9999 -9999 -9999 -9999 -9999 -9999 7.53858E-1 5.88076E-1 4.89446E-1 7.39345E-1 7.58461E-1 6.66732E-1 4.42888E-1 2.21111E-1 2.17529E-1 4.74824E-1 6.02382E-1 6.6596E-1 6.42798E-1 6.7588E-1 6.20164E-1 4.36384E-1 4.95666E-1 5.27827E-1 6.26377E-1 4.58599E-1 2.27674E-1 1.59028E-1 2.19751E-1 2.10936E-1 2.06E-1 2.02773E-1 2.45897E-1 2.90023E-1 2.91733E-1 3.61837E-1 3.28063E-1 5.25716E-1 6.66819E-1 6.11861E-1 7.23248E-1 7.87244E-1 -9999 -9999 -9999 -9999 -9999
5.01627E-1 4.62771E-1 4.20417E-1 3.29923E-1 3.3809E-1 3.17311E-1 3.52553E-1 3.9032E-1 5.05214E-1 5.42752E-1 6.74207E-1 6.90683E-1 7.11196E-1 7.65285E-1 -9999 -9999 -9999 -9999 -9999 -9999 -9999 -9999 -9999 -9999 -9999 -9999 -9999 -9999 -9999 -9999 7.29099E-1 6.32947E-1 3.8943E-1 5.40187E-1 5.98159E-1 6.99404E-1 5.97668E-1 4.76867E-1 2.20497E-1 1.98658E-1 2.87079E-1 4.84596E-1 5.93915E-1 5.76237E-1 5.80324E-1 6.18279E-1 6.37407E-1 5.09562E-1 4.85789E-1 5.14082E-1 5.03065E-1 3.33622E-1 2.80151E-1 2.71304E-1 2.87522E-1 2.50772E-1 2.57928E-1 3.19341E-1 3.21486E-1 4.19312E-1 5.24268E-1 5.21123E-1 7.07653E-1 6.37006E-1 7.33061E-1 8.12257E-1 -9999 -9999 -9999 -9999 -9999 -9999
4.98036E-1 5.65452E-1 5.16972E-1 4.74832E-1 3.5309E-1 3.04263E-1 3.56678E-1 5.27743E-1 6.24801E-1 6.26759E-1 6.20915E-1 5.8066E-1 6.29457E-1 7.4045E-1 -9999 -9999 -9999 -9999 -9999 -9999 -9999 -9999 -9999 -9999 -9999 -9999 -9999 -9999 -9999 -9999 7.1175E-1 5.55778E-1 4.00505E-1 3.43942E-1 4.23767E-1 5.15805E-1 6.14078E-1 6.16484E-1 4.36989E-1 2.69843E-1 1.70428E-1 2.90255E-1 3.77161E-1 3.93551E-1 4.25314E-1 4.75924E-1 6.54049E-1 6.40977E-1 6.22005E-1 4.8304E-1 4.25586E-1 2.95402E-1 2.99614E-1 3.38575E-1 3.1918E-1 2.63268E-1 3.54491E-1 3.9788E-1 4.83214E-1 5.28813E-1 6.54118E-1 6.5972E-1 6.26366E-1 7.68012E-1 8.12652E-1 8.12721E-1 -9999 -9999 -9999 -9999 -9999 -9999
4.16683E-1 4.61604E-1 4.83116E-1 4.91594E-1 3.81129E-1 3.47438E-1 3.18246E-1 4.07475E-1 5.1926E-1 5.80199E-1 5.94371E-1 6.15854E-1 6.56002E-1 7.47007E-1 -9999 -9999 -9999 -9999 -9999 -9999 -9999 -9999 -9999 -9999 -9999 -9999 -9999 -9999 -9999 6.98284E-1 4.87364E-1 5.18766E-1 4.30748E-1 2.73696E-1 2.13823E-1 2.70959E-1 3.9668E-1 6.32334E-1 5.58506E-1 4.34758E-1 2.85541E-1 2.25399E-1 1.7311E-1 1.84617E-1 2.45904E-1 3.5419E-1 4.72268E-1 6.0007E-1 5.66932E-1 5.05556E-1 4.39933E-1 3.08851E-1 1.9502E-1 2.81185E-1 2.57716E-1 3.75532E-1 4.55418E-1 4.93017E-1 5.7197E-1 6.70698E-1 7.49523E-1 6.58451E-1 7.24669E-1 8.19096E-1 -9999 -9999 -9999 -9999 -9999 7.31304E-1 7.11459E-1 7.83363E-1
2.89418E-1 2.76808E-1 3.13453E-1 2.50221E-1 3.17536E-1 2.77356E-1 1.90554E-1 1.76281E-1 2.10023E-1 3.29254E-1 4.74339E-1 5.79364E-1 5.97526E-1 7.06447E-1 -9999 -9999 -9999 -9999 -9999 -9999 -9999 -9999 -9999 -9999 -9999 -9999 -9999 -9999 6.75608E-1 6.019E-1 5.07826E-1 3.75684E-1 2.5142E-1 1.50606E-1 1.28113E-1 2.52266E-1 3.64086E-1 4.81779E-1 5.98779E-1 5.96335E-1 5.42794E-1 3.8082E-1 2.46532E-1 2.21878E-1 2.1919E-1 2.52477E-1 2.6323E-1 3.25555E-1 4.78826E-1 3.29519E-1 4.11661E-1 3.28686E-1 2.57847E-1 4.31262E-1 3.47264E-1 4.56623E-1 6.00087E-1 6.84244E-1 7.73205E-1 7.92914E-1 7.5564E-1 7.08441E-1 7.62629E-1 8.09503E-1 -9999 -9999 -9999 -9999 7.90758E-1 6.61926E-1 5.94662E-1 6.75139E-1
3.42018E-1 2.88965E-1 3.17998E-1 2.20558E-1 1.93264E-1 3.00108E-1 1.98755E-1 1.33376E-1 1.58214E-1 1.81888E-1 2.53712E-1 2.59851E-1 4.29298E-1 6.64995E-1 6.91609E-1 -9999 -9999 -9999 -9999 -9999 -9999 -9999 -9999 -9999 -9999 -9999 -9999 -9999 6.71968E-1 5.63026E-1 4.23801E-1 3.25698E-1 2.16891E-1 1.43654E-1 1.04793E-1 1.66846E-1 1.50045E-1 2.33919E-1 4.03997E-1 4.3914E-1 4.72423E-1 4.65374E-1 5.07037E-1 4.83376E-1 4.47003E-1 4.04141E-1 4.43031E-1 4.85829E-1 5.01819E-1 4.07769E-1 4.0473E-1 3.92577E-1 4.26335E-1 4.50499E-1 4.46898E-1 5.35628E-1 6.44588E-1 7.19695E-1 7.51009E-1 7.59259E-1 7.72591E-1 8.028E-1 8.13806E-1 -9999 -9999 -9999 -9999 7.99269E-1 7.13218E-1 4.91304E-1 4.84963E-1 5.17056E-1
2.95446E-1 3.2502E-1 3.46554E-1 2.99555E-1 2.24237E-1 1.73545E-1 1.96803E-1 1.60441E-1 2.2396E-1 2.02753E-1 1.87934E-1 1.67203E-1 2.31274E-1 4.48492E-1 6.52098E-1 6.45895E-1 -9999 -9999 -9999 -9999 -9999 -9999 -9999 -9999 -9999 -9999 -9999 6.37513E-1 6.18843E-1 5.70004E-1 3.69466E-1 3.2516E-1 1.82105E-1 1.51053E-1 1.47882E-1 1.14951E-1 1.09877E-1 1.42114E-1 2.4694E-1 4.05993E-1 4.17275E-1 2.78444E-1 3.35854E-1 5.78153E-1 5.63788E-1 5.13945E-1 4.88941E-1 5.24825E-1 5.14386E-1 4.74936E-1 3.43856E-1 3.17466E-1 4.895E-1 5.82635E-1 6.09736E-1 6.59905E-1 7.72252E-1 7.73035E-1 7.37727E-1 7.55373E-1 8.07813E-1 8.12095E-1 -9999 -9999 -9999 -9999 -9999 7.76515E-1 6.00615E-1 3.9757E-1 4.30211E-1 4.27622E-1
2.98689E-1 3.29365E-1 3.44193E-1 3.24808E-1 2.31346E-1 1.75015E-1 1.553E-1 2.15412E-1 2.18348E-1 1.50215E-1 1.49584E-1 1.37737E-1 1.53528E-1 2.63142E-1 5.38812E-1 6.33756E-1 -9999 6.27109E-1 6.2948E-1 6.02572E-1 6.37741E-1 -9999 -9999 -9999 -9999 -9999 -9999 6.30861E-1 5.44616E-1 3.39876E-1 3.99072E-1 3.75131E-1 2.61973E-1 2.6251E-1 2.14216E-1 1.48058E-1 1.99672E-1 2.83316E-1 3.77578E-1 3.27543E-1 2.59779E-1 2.96522E-1 3.3396E-1 4.65471E-1 3.43279E-1 3.71235E-1 4.55727E-1 4.46995E-1 3.9949E-1 2.43604E-1 2.46544E-1 3.55946E-1 5.15657E-1 5.98586E-1 6.72771E-1 7.11364E-1 7.4308E-1 7.65704E-1 7.93313E-1 8.06289E-1 8.09138E-1 -9999 -9999 -9999 -9999 -9999 -9999 6.53604E-1 4.2223E-1 3.6385E-1 4.04233E-1 3.89996E-1
2.40667E-1 2.51994E-1 2.9133E-1 3.01227E-1 2.56758E-1 2.06549E-1 1.8648E-1 2.55443E-1 2.09787E-1 1.42474E-1 1.55357E-1 1.32607E-1 1.16182E-1 2.07876E-1 5.53017E-1 6.44794E-1 6.22008E-1 6.19744E-1 5.98622E-1 5.8831E-1 6.24513E-1 6.10327E-1 5.98671E-1 5.95089E-1 5.91683E-1 -9999 6.08118E-1 5.71831E-1 4.08712E-1 3.58363E-1 3.54422E-1 3.92767E-1 2.10769E-1 1.79628E-1 1.49129E-1 1.32874E-1 2.47797E-1 3.34067E-1 3.02854E-1 2.32792E-1 3.58723E-1 4.4976E-1 4.75075E-1 4.1698E-1 3.25477E-1 4.33065E-1 3.76255E-1 3.79995E-1 2.62279E-1 2.69746E-1 3.60148E-1 4.69401E-1 5.41131E-1 6.67905E-1 7.33669E-1 7.53301E-1 7.63435E-1 7.72673E-1 7.97971E-1 7.99143E-1 -9999 -9999 -9999 -9999 -9999 -9999 7.49979E-1 6.11588E-1 4.38853E-1 4.1836E-1 4.45619E-1 4.53013E-1
2.03266E-1 1.96429E-1 2.5522E-1 2.36204E-1 1.6902E-1 1.554E-1 1.80739E-1 2.56088E-1 2.61814E-1 2.0952E-1 1.84649E-1 1.11647E-1 1.10087E-1 2.11517E-1 5.62567E-1 6.28843E-1 5.82784E-1 5.57502E-1 6.09138E-1 5.36754E-1 4.74464E-1 5.02846E-1 4.75674E-1 3.98453E-1 4.96074E-1 5.89193E-1 5.97526E-1 4.60206E-1 4.84493E-1 3.31954E-1 2.17985E-1 1.87047E-1 2.38316E-1 1.48793E-1 1.20867E-1 1.34945E-1 1.70417E-1 2.09875E-1 3.27759E-1 2.57223E-1 2.99271E-1 3.01517E-1 3.89476E-1 3.31192E-1 3.63304E-1 3.03462E-1 3.10358E-1 2.45369E-1 2.61988E-1 2.78809E-1 4.49615E-1 5.15885E-1 5.92836E-1 7.105E-1 7.65944E-1 7.70216E-1 7.81024E-1 7.97775E-1 7.96304E-1 -9999 -9999 -9999 -9999 -9999 -9999 -9999 7.89567E-1 6.46887E-1 5.47765E-1 4.96927E-1 4.46679E-1 5.34149E-1
2.75156E-1 2.39288E-1 1.62876E-1 1.64065E-1 1.61052E-1 1.48634E-1 1.57593E-1 2.24738E-1 2.70093E-1 2.54939E-1 1.9603E-1 1.26976E-1 1.48433E-1 2.4245E-1 5.41915E-1 5.59118E-1 4.77718E-1 5.4247E-1 5.35887E-1 4.561E-1 3.5247E-1 2.73667E-1 2.55113E-1 2.30638E-1 2.77944E-1 3.81551E-1 4.26913E-1 3.25602E-1 3.4037E-1 3.40825E-1 1.75174E-1 1.13837E-1 1.3133E-1 1.04481E-1 1.16168E-1 1.36724E-1 1.7989E-1 2.13874E-1 2.75564E-1 2.39175E-1 1.58285E-1 1.84615E-1 2.47656E-1 2.78984E-1 3.82065E-1 4.98291E-1 3.98703E-1 2.49966E-1 2.99066E-1 4.17928E-1 4.4022E-1 5.87469E-1 6.6088E-1 7.47581E-1 7.4384E-1 7.73368E-1 7.88541E-1 7.92541E-1 -9999 -9999 -9999 -9999 -9999 -9999 -9999 -9999 8.07931E-1 7.78831E-1 6.40535E-1 5.51721E-1 4.63288E-1 5.99328E-1
3.46884E-1 2.85583E-1 1.67831E-1 1.68982E-1 1.87079E-1 1.47827E-1 1.5805E-1 2.15657E-1 2.50634E-1 2.37745E-1 1.8587E-1 1.12168E-1 1.2103E-1 2.36412E-1 4.25975E-1 4.85748E-1 4.68051E-1 5.51778E-1 4.37219E-1 4.23601E-1 2.9014E-1 1.66391E-1 1.60578E-1 1.61648E-1 1.77315E-1 2.0849E-1 2.33944E-1 2.25043E-1 2.81682E-1 2.15209E-1 1.74325E-1 1.60718E-1 1.62966E-1 1.55279E-1 1.44878E-1 1.45537E-1 1.77392E-1 1.92165E-1 2.45123E-1 1.91366E-1 1.93164E-1 2.95043E-1 3.53399E-1 3.63148E-1 4.39455E-1 4.69842E-1 3.92336E-1 4.03874E-1 3.71979E-1 4.83791E-1 5.45355E-1 5.94361E-1 7.00026E-1 7.67471E-1 7.73432E-1 7.88278E-1 7.83871E-1 7.87905E-1 -9999 -9999 -9999 -9999 -9999 -9999 -9999 -9999 8.13865E-1 8.11638E-1 7.70323E-1 6.27976E-1 5.70337E-1 7.81744E-1
3.58649E-1 2.95969E-1 1.71405E-1 1.62315E-1 1.98543E-1 2.11391E-1 2.09088E-1 2.24527E-1 2.34494E-1 2.19501E-1 1.80941E-1 1.13236E-1 1.25054E-1 2.29072E-1 4.00207E-1 4.40458E-1 4.33683E-1 4.80213E-1 3.7579E-1 3.79452E-1 2.1358E-1 1.21862E-1 1.15605E-1 1.26648E-1 1.18131E-1 1.24414E-1 1.48246E-1 1.92159E-1 2.75667E-1 2.06916E-1 2.80165E-1 2.37413E-1 2.45824E-1 1.64537E-1 1.28407E-1 1.92694E-1 1.28575E-1 9.78017E-2 1.56782E-1 1.59203E-1 2.58148E-1 3.03203E-1 4.03343E-1 4.24621E-1 3.3955E-1 3.25392E-1 4.59464E-1 5.31519E-1 5.1113E-1 5.28528E-1 6.0637E-1 6.88898E-1 7.50401E-1 7.70556E-1 7.75632E-1 7.82285E-1 -9999 -9999 -9999 -9999 -9999 -9999 -9999 -9999 -9999 -9999 7.8537E-1 -9999 7.52328E-1 6.34022E-1 7.94862E-1 8.2522E-1
3.7022E-1 3.77068E-1 2.27451E-1 1.43902E-1 1.89592E-1 2.17537E-1 2.24069E-1 2.36438E-1 2.19899E-1 1.80834E-1 1.25191E-1 1.21886E-1 1.33914E-1 2.20133E-1 4.06086E-1 4.04717E-1 4.02312E-1 3.88439E-1 3.55569E-1 3.06671E-1 1.69936E-1 1.04355E-1 9.84125E-2 1.0222E-1 8.94198E-2 9.8312E-2 1.22458E-1 2.22991E-1 2.89989E-1 2.82334E-1 4.47046E-1 3.13935E-1 1.87613E-1 1.02262E-1 1.20634E-1 1.81119E-1 1.03594E-1 1.44559E-1 2.17585E-1 1.89144E-1 1.79846E-1 2.80456E-1 3.4628E-1 2.90918E-1 3.58682E-1 4.45572E-1 5.68294E-1 6.28712E-1 6.42338E-1 6.35192E-1 7.23791E-1 7.45279E-1 7.61711E-1 7.77586E-1 -9999 -9999 -9999 -9999 -9999 -9999 -9999 -9999 -9999 -9999 -9999 -9999 -9999 7.94573E-1 8.0753E-1 7.95085E-1 8.20137E-1 -9999
