Artocarpus altilis SDM files/Last interglacial/results (with bias file)/Artalt_5.asc
ncols         1201
nrows         481
xllcorner     119.99986351115
yllcorner     -15.00013864885
cellsize      0.041666667
NODATA_value  -9999
[rows 416 to 447 of 481, columns 504 to 575 of 1201]
-9999 -9999 -9999 -9999 -9999 -9999 -9999 -9999 -9999 -9999 -9999 -9999 -9999 -9999 -9999 -9999 7.16977E-1 6.974E-1 6.71287E-1 6.53845E-1 6.25884E-1 6.06167E-1 6.08576E-1 5.81018E-1 5.51357E-1 5.32166E-1 5.25997E-1 5.06994E-1 4.78435E-1 4.49081E-1 4.32484E-1 4.35969E-1 4.19549E-1 4.31203E-1 4.07215E-1 4.1177E-1 4.09942E-1 3.92933E-1 3.86777E-1 4.02573E-1 3.99316E-1 3.87623E-1 4.11084E-1 4.10326E-1 4.41255E-1 4.22649E-1 4.53717E-1 4.87284E-1 4.84303E-1 5.25828E-1 -9999 -9999 -9999 -9999 -9999 -9999 -9999 7.21642E-1 -9999 -9999 -9999 -9999 -9999 -9999 -9999 -9999 -9999 -9999 -9999 -9999 -9999 -9999
-9999 -9999 -9999 -9999 -9999 -9999 -9999 -9999 -9999 -9999 -9999 -9999 -9999 -9999 -9999 -9999 7.01866E-1 6.89251E-1 6.701E-1 6.44245E-1 6.25624E-1 5.91933E-1 5.80973E-1 5.7364E-1 5.33158E-1 4.97843E-1 4.98789E-1 4.95041E-1 4.73588E-1 4.52342E-1 4.48971E-1 4.36886E-1 4.35952E-1 4.22068E-1 4.08218E-1 4.0483E-1 3.98544E-1 3.78902E-1 3.85299E-1 3.93948E-1 3.91615E-1 3.88343E-1 3.93028E-1 4.05739E-1 4.31722E-1 4.11188E-1 4.10168E-1 4.55494E-1 4.739E-1 4.94665E-1 5.33988E-1 5.63161E-1 5.54705E-1 5.58161E-1 -9999 -9999 -9999 -9999 -9999 -9999 -9999 -9999 -9999 -9999 -9999 -9999 -9999 -9999 -9999 -9999 -9999 -9999
-9999 -9999 -9999 -9999 -9999 -9999 -9999 -9999 -9999 -9999 -9999 -9999 -9999 -9999 -9999 7.1211E-1 6.91592E-1 6.77078E-1 6.54507E-1 6.40752E-1 6.16717E-1 5.96645E-1 5.52449E-1 5.3316E-1 5.0923E-1 4.93076E-1 4.87641E-1 4.80515E-1 4.65674E-1 4.46369E-1 4.33423E-1 4.23697E-1 4.12936E-1 3.97576E-1 3.98893E-1 3.94372E-1 3.83127E-1 3.7948E-1 3.79495E-1 3.68865E-1 3.79553E-1 3.86486E-1 3.76183E-1 3.92321E-1 4.05795E-1 4.01875E-1 3.77622E-1 4.34272E-1 4.65143E-1 4.651E-1 5.09337E-1 5.33253E-1 4.95946E-1 5.52712E-1 5.45639E-1 -9999 -9999 -9999 -9999 -9999 -9999 -9999 -9999 -9999 -9999 -9999 -9999 -9999 -9999 -9999 -9999 -9999
-9999 -9999 -9999 -9999 -9999 -9999 -9999 -9999 -9999 -9999 -9999 -9999 -9999 -9999 -9999 6.97716E-1 6.83656E-1 6.54928E-1 6.39901E-1 6.30077E-1 5.93718E-1 5.72503E-1 5.4329E-1 5.1912E-1 4.95093E-1 4.93296E-1 4.82944E-1 4.5588E-1 4.5539E-1 4.35229E-1 4.10461E-1 4.13234E-1 3.9838E-1 3.9479E-1 3.81423E-1 3.77056E-1 3.63637E-1 3.7263E-1 3.71572E-1 3.73053E-1 3.79496E-1 3.78476E-1 3.64118E-1 3.6655E-1 3.81283E-1 3.6948E-1 3.63101E-1 3.87237E-1 4.25955E-1 4.59646E-1 4.82748E-1 5.06143E-1 5.25088E-1 4.85582E-1 4.96428E-1 -9999 -9999 -9999 -9999 -9999 -9999 -9999 -9999 -9999 -9999 -9999 -9999 -9999 -9999 -9999 -9999 -9999
-9999 -9999 -9999 -9999 -9999 -9999 -9999 -9999 -9999 -9999 -9999 -9999 -9999 -9999 7.01135E-1 6.93712E-1 6.72976E-1 6.57859E-1 6.37892E-1 6.07115E-1 5.89061E-1 5.70343E-1 5.48453E-1 5.15568E-1 4.89555E-1 4.93682E-1 4.85344E-1 4.51324E-1 4.41225E-1 4.23588E-1 3.88767E-1 3.91644E-1 3.83064E-1 3.78814E-1 3.75662E-1 3.6813E-1 3.67491E-1 3.53505E-1 3.63866E-1 3.59511E-1 3.72E-1 3.58275E-1 3.48312E-1 3.65724E-1 3.69057E-1 3.42618E-1 3.71771E-1 4.00408E-1 4.14616E-1 4.24181E-1 4.59389E-1 4.82316E-1 4.87328E-1 4.43594E-1 5.10527E-1 -9999 -9999 -9999 -9999 -9999 -9999 -9999 -9999 -9999 -9999 -9999 -9999 -9999 -9999 -9999 -9999 -9999
-9999 -9999 -9999 -9999 -9999 -9999 -9999 -9999 -9999 -9999 -9999 -9999 -9999 -9999 6.90982E-1 6.74731E-1 6.68591E-1 6.45603E-1 6.26083E-1 5.96733E-1 5.85067E-1 5.62094E-1 5.1824E-1 5.09243E-1 4.77629E-1 4.84684E-1 4.71295E-1 4.55706E-1 4.34339E-1 4.248E-1 3.80319E-1 3.62867E-1 3.65924E-1 3.77368E-1 3.68089E-1 3.63401E-1 3.47894E-1 3.4424E-1 3.51648E-1 3.41276E-1 3.4813E-1 3.4822E-1 3.56284E-1 3.64857E-1 3.58428E-1 3.39043E-1 3.44958E-1 3.72116E-1 4.11746E-1 4.15039E-1 4.40583E-1 4.39E-1 4.56877E-1 4.93512E-1 5.27744E-1 -9999 -9999 -9999 -9999 -9999 -9999 -9999 -9999 -9999 -9999 -9999 -9999 -9999 -9999 -9999 -9999 -9999
-9999 -9999 -9999 -9999 -9999 -9999 -9999 -9999 -9999 -9999 -9999 -9999 -9999 -9999 6.91587E-1 6.59872E-1 6.52382E-1 -9999 6.17802E-1 5.78438E-1 5.68303E-1 5.42619E-1 5.375E-1 5.01418E-1 4.95089E-1 4.73628E-1 4.6303E-1 4.40021E-1 4.32613E-1 4.09412E-1 3.91591E-1 3.67487E-1 3.5913E-1 3.54945E-1 3.54858E-1 3.39194E-1 3.43195E-1 3.34972E-1 3.30925E-1 3.26799E-1 3.31105E-1 3.46151E-1 3.50934E-1 3.47445E-1 3.43487E-1 3.36863E-1 3.24355E-1 3.35426E-1 3.73603E-1 4.10186E-1 4.32907E-1 4.56468E-1 4.61792E-1 4.73896E-1 5.04908E-1 5.27388E-1 5.52061E-1 -9999 -9999 -9999 -9999 -9999 -9999 -9999 -9999 -9999 -9999 -9999 -9999 -9999 -9999 -9999
-9999 -9999 -9999 -9999 -9999 -9999 -9999 -9999 -9999 -9999 -9999 -9999 -9999 -9999 -9999 -9999 -9999 -9999 -9999 5.87204E-1 5.62986E-1 5.35756E-1 5.21659E-1 4.83351E-1 4.88003E-1 4.51275E-1 4.37621E-1 4.08803E-1 3.91988E-1 3.98201E-1 3.85787E-1 3.67858E-1 3.64685E-1 3.41784E-1 3.48817E-1 3.33803E-1 3.28835E-1 3.23982E-1 3.18032E-1 3.25263E-1 3.24752E-1 3.32524E-1 3.28124E-1 3.28506E-1 3.25982E-1 3.21755E-1 3.07993E-1 2.98569E-1 3.49097E-1 3.85409E-1 4.25297E-1 4.26854E-1 3.94385E-1 4.12556E-1 4.68441E-1 4.95066E-1 4.82141E-1 5.58056E-1 5.81832E-1 -9999 -9999 -9999 -9999 -9999 -9999 -9999 -9999 -9999 -9999 -9999 -9999 -9999
-9999 -9999 -9999 -9999 -9999 -9999 -9999 -9999 -9999 -9999 -9999 -9999 -9999 -9999 -9999 -9999 -9999 -9999 -9999 5.61982E-1 5.45956E-1 5.20819E-1 4.97271E-1 4.66744E-1 4.54389E-1 4.33817E-1 4.11486E-1 4.0389E-1 3.85809E-1 3.59714E-1 3.70175E-1 3.61215E-1 3.44207E-1 3.39779E-1 3.36315E-1 3.20825E-1 3.16616E-1 3.11575E-1 3.04639E-1 3.03301E-1 3.11323E-1 3.24985E-1 3.16613E-1 3.29067E-1 3.22859E-1 3.19352E-1 3.19776E-1 2.9907E-1 3.49874E-1 3.87963E-1 3.92265E-1 3.85551E-1 3.50524E-1 3.51176E-1 4.40594E-1 4.66929E-1 4.96312E-1 5.46274E-1 5.88186E-1 -9999 -9999 -9999 -9999 -9999 -9999 -9999 -9999 -9999 -9999 -9999 -9999 -9999
-9999 -9999 -9999 -9999 -9999 -9999 -9999 -9999 -9999 -9999 -9999 -9999 -9999 -9999 -9999 -9999 -9999 -9999 -9999 5.55206E-1 5.46425E-1 5.215E-1 4.86945E-1 4.5873E-1 4.4173E-1 4.33164E-1 4.25082E-1 4.0826E-1 3.65797E-1 3.54819E-1 3.58185E-1 3.49903E-1 3.30578E-1 3.27244E-1 3.24655E-1 3.20383E-1 3.09853E-1 3.0009E-1 2.88247E-1 3.04014E-1 2.99982E-1 3.08284E-1 3.11168E-1 3.18629E-1 3.13159E-1 2.95068E-1 2.89145E-1 3.12354E-1 3.43906E-1 3.63799E-1 3.55793E-1 3.45712E-1 3.6647E-1 3.74996E-1 4.557E-1 4.68644E-1 4.95067E-1 5.35147E-1 -9999 -9999 -9999 -9999 -9999 -9999 -9999 -9999 -9999 -9999 -9999 -9999 -9999 -9999
-9999 -9999 -9999 -9999 -9999 -9999 -9999 -9999 -9999 -9999 -9999 -9999 -9999 -9999 -9999 -9999 -9999 -9999 -9999 5.41328E-1 5.29377E-1 5.12089E-1 4.85567E-1 4.58464E-1 4.49559E-1 4.34518E-1 4.19839E-1 4.01251E-1 3.56963E-1 3.46809E-1 3.50365E-1 3.50392E-1 3.21829E-1 3.22654E-1 3.17958E-1 3.01413E-1 2.96742E-1 2.93528E-1 2.67369E-1 2.77219E-1 2.8451E-1 2.8802E-1 2.99826E-1 3.07373E-1 2.91392E-1 2.97365E-1 2.89012E-1 3.25376E-1 3.43793E-1 3.6043E-1 3.65532E-1 3.52876E-1 3.56236E-1 3.74371E-1 4.50129E-1 4.47387E-1 4.7534E-1 5.14009E-1 -9999 -9999 -9999 -9999 -9999 -9999 -9999 -9999 -9999 -9999 -9999 -9999 -9999 -9999
-9999 -9999 -9999 -9999 -9999 -9999 -9999 -9999 -9999 -9999 -9999 -9999 -9999 -9999 -9999 -9999 -9999 -9999 5.53027E-1 5.32178E-1 5.10574E-1 4.93315E-1 4.74805E-1 4.27563E-1 4.15683E-1 4.02815E-1 4.0448E-1 3.93624E-1 3.76794E-1 3.47219E-1 3.41602E-1 3.29861E-1 3.28834E-1 3.14654E-1 3.05212E-1 2.94142E-1 2.88845E-1 2.8885E-1 2.66415E-1 2.55649E-1 2.72906E-1 2.7802E-1 2.84729E-1 2.95461E-1 3.05167E-1 2.98968E-1 3.07209E-1 3.04637E-1 3.30973E-1 3.24079E-1 3.47007E-1 3.12002E-1 2.96118E-1 3.41925E-1 4.19983E-1 4.2944E-1 4.71051E-1 5.09161E-1 -9999 -9999 -9999 -9999 -9999 -9999 -9999 -9999 -9999 -9999 -9999 -9999 -9999 -9999
-9999 -9999 -9999 -9999 -9999 -9999 -9999 -9999 -9999 -9999 -9999 -9999 -9999 -9999 -9999 -9999 -9999 -9999 5.57396E-1 5.22512E-1 4.79711E-1 4.76505E-1 4.67223E-1 4.20203E-1 3.90666E-1 3.90362E-1 3.72962E-1 3.78681E-1 3.76461E-1 3.60454E-1 3.27234E-1 3.16771E-1 3.11755E-1 3.11043E-1 2.99924E-1 2.92338E-1 2.79964E-1 2.77509E-1 2.79495E-1 2.48063E-1 2.65081E-1 2.70731E-1 2.83578E-1 2.79323E-1 2.83536E-1 2.83552E-1 2.96561E-1 2.8071E-1 3.17013E-1 3.11038E-1 2.86501E-1 2.88039E-1 2.86737E-1 3.29682E-1 4.12918E-1 4.49611E-1 4.64067E-1 -9999 -9999 -9999 -9999 -9999 -9999 -9999 -9999 -9999 -9999 -9999 -9999 -9999 -9999 -9999
-9999 -9999 -9999 -9999 -9999 -9999 -9999 -9999 -9999 -9999 -9999 -9999 -9999 -9999 -9999 -9999 -9999 5.5427E-1 5.15925E-1 4.99273E-1 4.60881E-1 4.57679E-1 4.6487E-1 4.32162E-1 4.11661E-1 3.98024E-1 3.59394E-1 3.64237E-1 3.53637E-1 3.39823E-1 3.20414E-1 3.15521E-1 3.11031E-1 2.96649E-1 2.89129E-1 2.87867E-1 2.75358E-1 2.64151E-1 2.63368E-1 2.55372E-1 2.65259E-1 2.63836E-1 2.76539E-1 2.6953E-1 2.70296E-1 2.76937E-1 2.73803E-1 2.91997E-1 3.01533E-1 2.72166E-1 2.80701E-1 2.70828E-1 2.90786E-1 3.21384E-1 3.77256E-1 4.27097E-1 4.53164E-1 -9999 5.00397E-1 5.37818E-1 5.56646E-1 -9999 -9999 -9999 -9999 -9999 -9999 -9999 -9999 -9999 -9999 -9999
-9999 -9999 -9999 -9999 -9999 -9999 -9999 -9999 -9999 -9999 -9999 -9999 -9999 -9999 -9999 -9999 5.51063E-1 5.1876E-1 4.79314E-1 4.57912E-1 4.65588E-1 4.55318E-1 4.38171E-1 4.23332E-1 4.12509E-1 3.98518E-1 3.71931E-1 3.55713E-1 3.4169E-1 3.30057E-1 3.23734E-1 2.97737E-1 2.9982E-1 2.8342E-1 2.78463E-1 2.76668E-1 2.6753E-1 2.61844E-1 2.42166E-1 2.56361E-1 2.60859E-1 2.63153E-1 2.67623E-1 2.676E-1 2.56995E-1 2.67346E-1 2.62851E-1 2.81487E-1 3.00007E-1 2.88223E-1 2.94927E-1 2.93203E-1 2.98729E-1 3.03109E-1 3.5089E-1 4.16245E-1 4.46676E-1 4.75662E-1 4.97618E-1 5.07067E-1 5.39336E-1 -9999 -9999 -9999 -9999 -9999 -9999 -9999 -9999 -9999 -9999 -9999
-9999 -9999 -9999 -9999 -9999 -9999 -9999 -9999 -9999 -9999 -9999 -9999 -9999 -9999 5.91389E-1 5.6068E-1 5.32124E-1 5.12249E-1 4.71055E-1 4.39357E-1 4.36057E-1 4.42125E-1 4.3343E-1 4.1529E-1 4.00639E-1 3.75335E-1 3.53202E-1 3.38984E-1 3.27159E-1 3.24355E-1 3.16992E-1 3.04598E-1 2.88151E-1 2.70528E-1 2.68036E-1 2.66187E-1 2.62828E-1 2.52563E-1 2.53218E-1 2.52496E-1 2.50042E-1 2.51023E-1 2.60645E-1 2.54383E-1 2.6118E-1 2.76695E-1 2.67696E-1 2.78894E-1 2.80698E-1 2.53255E-1 2.74607E-1 2.91333E-1 3.05691E-1 3.04595E-1 3.25342E-1 3.86395E-1 4.35657E-1 4.62969E-1 4.68413E-1 4.91956E-1 5.41442E-1 -9999 -9999 -9999 -9999 -9999 -9999 -9999 -9999 -9999 -9999 -9999
-9999 -9999 -9999 -9999 -9999 -9999 -9999 -9999 -9999 -9999 -9999 -9999 -9999 -9999 5.77354E-1 5.57196E-1 5.3655E-1 5.17172E-1 4.74126E-1 4.58413E-1 4.1419E-1 4.18826E-1 4.19124E-1 4.02343E-1 3.8941E-1 3.56712E-1 3.26034E-1 3.24174E-1 3.17619E-1 3.11556E-1 2.96613E-1 2.95011E-1 2.81902E-1 2.69429E-1 2.5629E-1 2.56512E-1 2.50813E-1 2.52891E-1 2.4835E-1 2.43021E-1 2.43254E-1 2.44685E-1 2.53527E-1 2.45995E-1 2.55911E-1 2.57371E-1 2.66363E-1 2.60964E-1 2.59885E-1 2.32442E-1 2.55484E-1 2.83008E-1 2.99536E-1 3.04781E-1 3.00337E-1 3.50004E-1 4.28409E-1 4.53443E-1 4.42976E-1 4.82555E-1 5.27343E-1 -9999 -9999 -9999 -9999 -9999 -9999 -9999 -9999 -9999 -9999 -9999
-9999 -9999 -9999 -9999 -9999 -9999 -9999 -9999 -9999 -9999 -9999 -9999 -9999 -9999 5.82008E-1 5.61564E-1 5.26749E-1 4.95422E-1 4.72232E-1 4.52067E-1 4.10864E-1 3.86014E-1 3.81118E-1 3.83631E-1 3.60856E-1 3.41484E-1 3.12799E-1 3.20422E-1 3.08285E-1 3.06267E-1 2.98524E-1 2.90064E-1 2.80284E-1 2.65333E-1 2.50866E-1 2.4368E-1 2.40419E-1 2.43299E-1 2.41747E-1 2.33256E-1 2.33083E-1 2.40197E-1 2.43885E-1 2.38019E-1 2.46913E-1 2.57367E-1 2.54492E-1 2.6905E-1 2.68076E-1 2.44625E-1 2.37348E-1 2.58941E-1 2.79296E-1 2.79362E-1 2.89679E-1 3.36615E-1 4.08553E-1 4.47304E-1 4.54426E-1 4.43456E-1 5.07089E-1 -9999 -9999 -9999 -9999 -9999 -9999 -9999 -9999 -9999 -9999 -9999
-9999 -9999 -9999 -9999 -9999 -9999 -9999 -9999 -9999 -9999 -9999 -9999 -9999 -9999 5.71555E-1 5.37047E-1 4.89548E-1 4.72849E-1 4.73429E-1 4.40152E-1 4.19407E-1 3.88395E-1 3.54947E-1 3.65149E-1 3.45305E-1 3.3989E-1 3.19693E-1 3.19634E-1 3.06354E-1 2.93948E-1 2.85346E-1 2.81476E-1 2.73134E-1 2.59558E-1 2.53736E-1 2.44298E-1 2.38452E-1 2.3563E-1 2.31349E-1 2.26427E-1 2.22822E-1 2.33897E-1 2.406E-1 2.31596E-1 2.44428E-1 2.47669E-1 2.49685E-1 2.49247E-1 2.62971E-1 2.56349E-1 2.33728E-1 2.67032E-1 2.64856E-1 2.33482E-1 2.94732E-1 3.33062E-1 4.12113E-1 4.43101E-1 4.44938E-1 4.5078E-1 5.00822E-1 -9999 -9999 -9999 -9999 -9999 -9999 -9999 -9999 -9999 -9999 -9999
-9999 -9999 -9999 -9999 -9999 -9999 -9999 -9999 -9999 -9999 -9999 -9999 -9999 -9999 5.5716E-1 5.27907E-1 4.88102E-1 4.60651E-1 4.53888E-1 4.34508E-1 3.8524E-1 3.77149E-1 3.68449E-1 3.66466E-1 3.52071E-1 3.39374E-1 3.20054E-1 3.1389E-1 2.97143E-1 2.88871E-1 2.75949E-1 2.71487E-1 2.62076E-1 2.5421E-1 2.4936E-1 2.44797E-1 2.29088E-1 2.25925E-1 2.27885E-1 2.26193E-1 2.25348E-1 2.33783E-1 2.34393E-1 2.34831E-1 2.41335E-1 2.33484E-1 2.41705E-1 2.4438E-1 2.66598E-1 2.66271E-1 2.5324E-1 2.5205E-1 2.83764E-1 2.82503E-1 2.92879E-1 3.43204E-1 3.89982E-1 4.34204E-1 4.44343E-1 4.44021E-1 5.12121E-1 -9999 -9999 -9999 -9999 -9999 -9999 -9999 -9999 -9999 -9999 -9999
-9999 -9999 -9999 -9999 -9999 -9999 -9999 -9999 -9999 -9999 -9999 -9999 -9999 -9999 5.49998E-1 5.15276E-1 4.77541E-1 4.58098E-1 4.50168E-1 4.1855E-1 3.8782E-1 3.5959E-1 3.73866E-1 3.54934E-1 3.39973E-1 3.35437E-1 3.19813E-1 3.08077E-1 2.92778E-1 2.82468E-1 2.67949E-1 2.60292E-1 2.5706E-1 2.54139E-1 2.39537E-1 2.36671E-1 2.28678E-1 2.27673E-1 2.28214E-1 2.3069E-1 2.23969E-1 2.33398E-1 2.28614E-1 2.33558E-1 2.28548E-1 2.36105E-1 2.2502E-1 2.46645E-1 2.48835E-1 2.63258E-1 2.68362E-1 2.68852E-1 2.89053E-1 2.94526E-1 3.00629E-1 2.73536E-1 3.40459E-1 4.2057E-1 4.41667E-1 4.18098E-1 4.90325E-1 -9999 -9999 -9999 -9999 -9999 -9999 -9999 -9999 -9999 -9999 -9999
-9999 -9999 -9999 -9999 -9999 -9999 -9999 -9999 -9999 -9999 -9999 -9999 -9999 -9999 -9999 5.05604E-1 4.6313E-1 4.56316E-1 4.3837E-1 4.01522E-1 3.76144E-1 3.654E-1 3.6743E-1 3.36781E-1 3.40333E-1 3.21007E-1 3.05228E-1 2.90543E-1 2.86148E-1 2.80773E-1 2.68938E-1 2.54325E-1 2.43185E-1 2.44701E-1 2.35181E-1 2.26379E-1 2.19551E-1 2.24346E-1 2.26553E-1 2.2522E-1 2.31154E-1 2.28866E-1 2.30963E-1 2.30485E-1 2.22191E-1 2.28343E-1 2.23619E-1 2.27274E-1 2.32071E-1 2.53169E-1 2.53808E-1 2.60788E-1 2.79429E-1 2.90014E-1 2.79019E-1 2.75E-1 3.08245E-1 3.98204E-1 4.14743E-1 4.43994E-1 4.94562E-1 5.43717E-1 -9999 -9999 -9999 -9999 -9999 -9999 -9999 -9999 -9999 -9999
-9999 -9999 -9999 -9999 -9999 -9999 -9999 -9999 -9999 -9999 -9999 -9999 -9999 -9999 -9999 5.01985E-1 4.644E-1 4.5378E-1 4.29536E-1 4.03063E-1 3.66604E-1 3.69878E-1 3.64966E-1 3.51787E-1 3.15152E-1 2.98076E-1 2.86771E-1 2.79285E-1 2.76296E-1 2.70557E-1 2.64085E-1 2.50283E-1 2.42448E-1 2.25332E-1 2.16001E-1 2.1218E-1 2.21832E-1 2.21694E-1 2.22509E-1 2.21451E-1 2.21159E-1 2.24238E-1 2.26998E-1 2.28626E-1 2.21559E-1 2.15443E-1 2.17496E-1 2.13142E-1 2.0705E-1 2.4256E-1 2.55773E-1 2.52579E-1 2.67351E-1 2.89937E-1 3.04415E-1 2.89263E-1 3.31608E-1 3.99258E-1 4.2321E-1 4.25275E-1 4.81254E-1 -9999 -9999 -9999 -9999 -9999 -9999 -9999 -9999 -9999 -9999 -9999
-9999 -9999 -9999 -9999 -9999 -9999 -9999 -9999 -9999 -9999 -9999 -9999 -9999 -9999 -9999 -9999 4.50228E-1 4.48845E-1 4.20337E-1 3.78169E-1 3.71434E-1 3.67819E-1 3.38332E-1 3.13413E-1 2.93959E-1 2.95255E-1 2.91156E-1 2.74485E-1 2.65435E-1 2.63263E-1 2.52105E-1 2.47867E-1 2.23077E-1 2.21452E-1 2.12613E-1 2.05977E-1 2.10865E-1 2.23274E-1 2.24041E-1 2.1577E-1 2.16758E-1 2.21019E-1 2.2109E-1 2.22695E-1 2.22591E-1 2.22823E-1 2.15534E-1 2.12887E-1 2.20293E-1 2.28011E-1 2.48541E-1 2.60556E-1 2.80298E-1 2.93761E-1 2.89153E-1 2.88953E-1 3.09475E-1 3.85948E-1 4.1895E-1 4.18359E-1 4.80989E-1 -9999 -9999 -9999 -9999 -9999 -9999 -9999 -9999 -9999 -9999 -9999
-9999 -9999 -9999 -9999 -9999 -9999 -9999 -9999 -9999 -9999 -9999 -9999 -9999 -9999 -9999 4.64231E-1 4.44291E-1 4.36393E-1 4.08482E-1 3.73038E-1 3.67593E-1 3.52721E-1 3.2797E-1 3.0963E-1 2.99381E-1 2.88578E-1 2.7652E-1 2.6385E-1 2.55356E-1 2.54156E-1 2.42839E-1 2.31507E-1 2.22931E-1 2.28534E-1 2.17249E-1 2.11533E-1 2.15917E-1 2.18237E-1 2.17815E-1 2.16967E-1 2.18104E-1 2.1908E-1 2.19802E-1 2.1764E-1 2.17961E-1 2.20693E-1 2.06314E-1 2.24601E-1 2.2103E-1 2.07802E-1 2.48625E-1 2.63856E-1 2.80661E-1 2.9046E-1 2.72945E-1 2.92579E-1 3.26483E-1 3.42534E-1 3.98789E-1 3.9575E-1 4.62648E-1 -9999 -9999 -9999 -9999 -9999 -9999 -9999 -9999 -9999 -9999 -9999
-9999 -9999 -9999 -9999 -9999 -9999 -9999 -9999 -9999 -9999 -9999 -9999 -9999 -9999 -9999 4.51804E-1 4.37792E-1 4.21655E-1 3.9363E-1 3.71177E-1 3.73555E-1 3.40739E-1 3.30592E-1 3.09761E-1 2.85348E-1 2.8358E-1 2.76287E-1 2.55821E-1 2.55475E-1 2.50807E-1 2.4474E-1 2.34347E-1 2.33907E-1 2.2079E-1 2.25295E-1 2.25074E-1 2.1509E-1 2.19097E-1 2.16386E-1 2.13656E-1 2.13051E-1 2.20642E-1 2.15724E-1 2.2083E-1 2.19867E-1 2.16563E-1 2.00017E-1 2.30915E-1 2.19388E-1 2.2536E-1 2.468E-1 2.68751E-1 2.75456E-1 2.8862E-1 2.89033E-1 3.15346E-1 3.18991E-1 3.32947E-1 3.70825E-1 4.06935E-1 4.67899E-1 4.92489E-1 -9999 -9999 -9999 -9999 -9999 -9999 -9999 -9999 -9999 -9999
-9999 -9999 -9999 -9999 -9999 -9999 -9999 -9999 -9999 -9999 -9999 -9999 -9999 -9999 4.57499E-1 4.45714E-1 4.26133E-1 4.16136E-1 3.97918E-1 3.70732E-1 3.48901E-1 3.34149E-1 3.24482E-1 2.98969E-1 2.88403E-1 2.79757E-1 2.63417E-1 2.57638E-1 2.52854E-1 2.52137E-1 2.40716E-1 2.39869E-1 2.32203E-1 2.24156E-1 2.22117E-1 2.20354E-1 2.16411E-1 2.14283E-1 2.1355E-1 2.17265E-1 2.16141E-1 2.14668E-1 2.17383E-1 2.08335E-1 2.17292E-1 2.23384E-1 2.21479E-1 2.26277E-1 2.24877E-1 2.33773E-1 2.47312E-1 2.54685E-1 2.72577E-1 2.79537E-1 2.90815E-1 3.00018E-1 2.89788E-1 3.388E-1 3.95996E-1 4.01091E-1 4.08248E-1 4.9108E-1 5.05276E-1 -9999 -9999 -9999 -9999 -9999 -9999 -9999 -9999 -9999
-9999 -9999 -9999 -9999 -9999 -9999 -9999 -9999 -9999 -9999 -9999 -9999 -9999 -9999 4.54895E-1 4.37063E-1 4.30002E-1 4.10669E-1 3.85698E-1 3.60895E-1 3.38919E-1 3.27626E-1 3.07455E-1 2.87959E-1 2.64178E-1 2.54313E-1 2.44754E-1 2.53895E-1 2.572E-1 2.48078E-1 2.4558E-1 2.38832E-1 2.25919E-1 2.21835E-1 2.19147E-1 2.10466E-1 2.11424E-1 2.16614E-1 2.15585E-1 2.07986E-1 2.07068E-1 2.11445E-1 2.12885E-1 2.15176E-1 2.20094E-1 2.13137E-1 2.20467E-1 2.24927E-1 2.30628E-1 2.38136E-1 2.51232E-1 2.52057E-1 2.72375E-1 2.83507E-1 2.53022E-1 2.4424E-1 2.96747E-1 3.64183E-1 4.07906E-1 3.96078E-1 3.85789E-1 4.66515E-1 5.06717E-1 -9999 -9999 -9999 -9999 -9999 -9999 -9999 -9999 -9999
-9999 -9999 -9999 -9999 -9999 -9999 -9999 -9999 -9999 -9999 -9999 -9999 -9999 4.7407E-1 4.57587E-1 4.25721E-1 4.21129E-1 3.96022E-1 3.70962E-1 3.55297E-1 3.43909E-1 3.13892E-1 3.06621E-1 2.95635E-1 2.71532E-1 2.58876E-1 2.45299E-1 2.55923E-1 2.49825E-1 2.33205E-1 2.33075E-1 2.2787E-1 2.28034E-1 2.19207E-1 2.12096E-1 2.10413E-1 2.09127E-1 2.04557E-1 2.06584E-1 2.02851E-1 2.03584E-1 2.064E-1 2.09914E-1 2.11035E-1 2.12517E-1 2.08647E-1 1.98913E-1 2.22024E-1 2.24056E-1 2.39047E-1 2.419E-1 2.30276E-1 2.63314E-1 2.74417E-1 2.69151E-1 2.5315E-1 2.991E-1 3.54138E-1 3.98944E-1 3.78494E-1 4.0964E-1 4.65969E-1 5.03558E-1 -9999 -9999 -9999 -9999 -9999 -9999 -9999 -9999 -9999
-9999 -9999 -9999 -9999 -9999 -9999 -9999 -9999 -9999 -9999 -9999 -9999 4.92699E-1 4.71679E-1 4.51471E-1 4.22318E-1 4.09877E-1 3.92835E-1 3.59422E-1 3.4773E-1 3.33108E-1 3.22515E-1 2.98425E-1 2.78495E-1 2.6914E-1 2.4693E-1 2.47223E-1 2.50309E-1 2.53805E-1 2.42651E-1 2.31791E-1 2.26001E-1 2.20153E-1 2.17753E-1 2.11315E-1 2.07867E-1 2.07839E-1 2.05985E-1 1.988E-1 2.02414E-1 1.99822E-1 1.92543E-1 1.99199E-1 2.09362E-1 2.12186E-1 2.1416E-1 2.04262E-1 2.07859E-1 2.21625E-1 2.35145E-1 2.38536E-1 2.12467E-1 2.46665E-1 2.70325E-1 2.72508E-1 2.51863E-1 2.79137E-1 3.29736E-1 3.90186E-1 4.18253E-1 4.3314E-1 4.59344E-1 4.7969E-1 -9999 -9999 -9999 -9999 -9999 -9999 -9999 -9999 -9999
-9999 -9999 -9999 -9999 -9999 -9999 -9999 -9999 -9999 -9999 -9999 -9999 4.85532E-1 4.675E-1 4.42306E-1 4.17097E-1 4.03839E-1 3.81267E-1 3.66017E-1 3.36797E-1 3.20922E-1 3.08875E-1 3.03791E-1 2.80971E-1 2.63427E-1 2.45217E-1 2.3562E-1 2.52281E-1 2.47438E-1 2.37165E-1 2.28026E-1 2.20504E-1 2.12348E-1 2.02934E-1 2.00227E-1 1.99936E-1 2.08599E-1 2.07897E-1 1.97353E-1 1.85896E-1 1.992E-1 1.99026E-1 1.98787E-1 2.03447E-1 2.03733E-1 2.09934E-1 1.89463E-1 1.95473E-1 2.14362E-1 2.27432E-1 2.37484E-1 2.22927E-1 2.37564E-1 2.53617E-1 2.61627E-1 2.39342E-1 2.49348E-1 2.95055E-1 3.70587E-1 4.00613E-1 4.04834E-1 4.47865E-1 -9999 -9999 -9999 -9999 -9999 -9999 -9999 -9999 -9999 -9999
-9999 -9999 -9999 -9999 -9999 -9999 -9999 -9999 -9999 -9999 -9999 -9999 4.87704E-1 4.65562E-1 4.46843E-1 4.18968E-1 3.97677E-1 3.871E-1 3.55364E-1 3.34574E-1 3.10325E-1 3.0057E-1 2.93028E-1 2.85292E-1 2.55611E-1 2.5402E-1 2.45184E-1 2.49407E-1 2.44913E-1 2.28276E-1 2.22971E-1 2.19758E-1 2.09425E-1 2.04824E-1 1.99261E-1 2.00765E-1 2.03664E-1 2.04259E-1 2.03364E-1 1.93679E-1 1.88488E-1 1.99595E-1 1.99277E-1 2.02383E-1 1.93363E-1 1.99791E-1 1.94463E-1 1.89364E-1 2.06996E-1 2.23535E-1 2.29053E-1 2.35973E-1 2.43026E-1 2.54927E-1 2.64429E-1 2.27797E-1 2.51526E-1 3.22532E-1 3.43266E-1 3.80462E-1 4.00528E-1 4.38175E-1 -9999 -9999 -9999 -9999 -9999 -9999 -9999 -9999 -9999 -9999
