Artocarpus altilis SDM files/Last interglacial/results (with bias file)/Artalt_9.asc
ncols         1201
nrows         481
xllcorner     119.99986351115
yllcorner     -15.00013864885
cellsize      0.041666667
NODATA_value  -9999
[rows 448 to 479 of 481, columns 144 to 215 of 1201]
-9999 -9999 -9999 -9999 -9999 -9999 -9999 -9999 -9999 -9999 -9999 -9999 -9999 -9999 -9999 -9999 -9999 -9999 -9999 -9999 -9999 -9999 -9999 -9999 -9999 -9999 -9999 -9999 -9999 -9999 -9999 -9999 -9999 -9999 -9999 -9999 -9999 -9999 -9999 -9999 -9999 -9999 -9999 -9999 -9999 -9999 -9999 -9999 -9999 -9999 -9999 -9999 -9999 -9999 -9999 -9999 -9999 -9999 -9999 -9999 -9999 -9999 -9999 -9999 -9999 -9999 -9999 -9999 -9999 -9999 -9999 -9999
-9999 -9999 -9999 -9999 -9999 -9999 -9999 -9999 -9999 -9999 -9999 -9999 -9999 -9999 -9999 -9999 -9999 -9999 -9999 -9999 -9999 -9999 -9999 -9999 -9999 -9999 -9999 -9999 -9999 -9999 -9999 -9999 -9999 -9999 -9999 -9999 -9999 -9999 -9999 -9999 -9999 -9999 -9999 -9999 -9999 -9999 -9999 -9999 -9999 -9999 -9999 -9999 -9999 -9999 -9999 -9999 -9999 -9999 -9999 -9999 -9999 -9999 -9999 -9999 -9999 -9999 -9999 -9999 -9999 -9999 -9999 -9999
-9999 -9999 -9999 -9999 -9999 -9999 -9999 -9999 -9999 -9999 -9999 -9999 -9999 -9999 -9999 -9999 -9999 -9999 -9999 -9999 -9999 -9999 8.51385E-1 -9999 -9999 -9999 -9999 -9999 -9999 -9999 -9999 -9999 -9999 -9999 -9999 -9999 -9999 -9999 -9999 -9999 -9999 -9999 -9999 -9999 -9999 -9999 -9999 -9999 -9999 -9999 -9999 -9999 -9999 -9999 -9999 -9999 -9999 -9999 -9999 -9999 -9999 -9999 -9999 -9999 -9999 -9999 -9999 -9999 -9999 -9999 -9999 -9999
-9999 -9999 -9999 -9999 -9999 -9999 -9999 -9999 -9999 -9999 -9999 -9999 -9999 -9999 -9999 -9999 -9999 -9999 8.29684E-1 8.29197E-1 8.21274E-1 8.18979E-1 8.22397E-1 8.23886E-1 -9999 -9999 -9999 -9999 -9999 -9999 -9999 -9999 -9999 -9999 -9999 -9999 -9999 -9999 -9999 -9999 -9999 -9999 -9999 -9999 -9999 -9999 -9999 -9999 -9999 -9999 -9999 -9999 -9999 -9999 -9999 -9999 -9999 -9999 -9999 -9999 -9999 -9999 -9999 -9999 -9999 -9999 -9999 -9999 -9999 -9999 -9999 -9999
-9999 -9999 -9999 -9999 -9999 -9999 -9999 -9999 -9999 -9999 -9999 -9999 -9999 -9999 -9999 -9999 -9999 8.30182E-1 7.91961E-1 7.85086E-1 7.92472E-1 7.81344E-1 7.79227E-1 7.8852E-1 7.95917E-1 7.88239E-1 -9999 -9999 -9999 -9999 -9999 -9999 -9999 -9999 -9999 -9999 -9999 -9999 -9999 -9999 -9999 -9999 -9999 -9999 -9999 -9999 -9999 -9999 -9999 -9999 -9999 -9999 -9999 -9999 -9999 -9999 -9999 -9999 -9999 -9999 -9999 -9999 -9999 -9999 -9999 -9999 -9999 -9999 -9999 -9999 -9999 -9999
-9999 -9999 -9999 -9999 -9999 -9999 -9999 -9999 -9999 -9999 -9999 -9999 -9999 -9999 7.99622E-1 -9999 -9999 -9999 7.59766E-1 7.37585E-1 7.41816E-1 7.31923E-1 7.30782E-1 7.36459E-1 7.32455E-1 7.38904E-1 -9999 -9999 -9999 -9999 -9999 -9999 -9999 -9999 -9999 -9999 -9999 -9999 -9999 -9999 -9999 -9999 -9999 -9999 -9999 -9999 -9999 -9999 -9999 -9999 -9999 -9999 -9999 -9999 -9999 -9999 -9999 -9999 -9999 -9999 -9999 -9999 -9999 -9999 -9999 -9999 -9999 -9999 -9999 -9999 -9999 -9999
-9999 9.44486E-1 9.47712E-1 -9999 -9999 -9999 -9999 8.78374E-1 -9999 -9999 -9999 -9999 7.89877E-1 7.9058E-1 7.72236E-1 -9999 -9999 -9999 7.41145E-1 7.08912E-1 6.79126E-1 6.66529E-1 6.94593E-1 6.93261E-1 6.70737E-1 6.94012E-1 7.03773E-1 7.30298E-1 7.11484E-1 6.9356E-1 6.98259E-1 -9999 -9999 -9999 -9999 -9999 -9999 -9999 -9999 -9999 -9999 -9999 -9999 -9999 -9999 -9999 -9999 -9999 -9999 -9999 -9999 -9999 -9999 -9999 -9999 -9999 -9999 -9999 -9999 -9999 -9999 -9999 -9999 -9999 -9999 -9999 -9999 -9999 -9999 -9999 -9999 -9999
9.47942E-1 9.34696E-1 9.20218E-1 9.12305E-1 9.01992E-1 -9999 8.65101E-1 8.49423E-1 -9999 -9999 -9999 -9999 7.53256E-1 7.34456E-1 7.31729E-1 -9999 -9999 -9999 -9999 6.74544E-1 6.66297E-1 6.40444E-1 6.73011E-1 6.4771E-1 6.21831E-1 6.45926E-1 6.61638E-1 6.69532E-1 6.70857E-1 6.59452E-1 6.51163E-1 7.10063E-1 6.86811E-1 7.17044E-1 7.403E-1 -9999 -9999 -9999 -9999 -9999 -9999 -9999 -9999 -9999 -9999 -9999 -9999 -9999 -9999 -9999 -9999 -9999 -9999 -9999 -9999 -9999 -9999 -9999 -9999 -9999 -9999 -9999 -9999 -9999 -9999 -9999 -9999 -9999 -9999 -9999 -9999 -9999
9.33263E-1 9.21155E-1 8.95085E-1 8.95511E-1 8.7304E-1 8.57214E-1 -9999 8.39534E-1 7.96847E-1 7.80906E-1 7.53687E-1 7.31598E-1 7.20927E-1 -9999 -9999 -9999 6.69013E-1 6.46313E-1 6.43716E-1 6.4149E-1 6.34648E-1 6.24812E-1 6.32575E-1 6.05091E-1 5.81907E-1 5.99008E-1 5.99835E-1 6.11195E-1 5.91838E-1 6.06286E-1 5.99275E-1 6.44595E-1 6.59871E-1 6.5157E-1 6.95468E-1 -9999 -9999 -9999 -9999 -9999 -9999 -9999 -9999 -9999 -9999 -9999 -9999 -9999 -9999 -9999 -9999 -9999 -9999 -9999 -9999 -9999 -9999 -9999 -9999 -9999 -9999 -9999 -9999 -9999 -9999 -9999 -9999 -9999 -9999 -9999 -9999 -9999
9.20294E-1 8.98676E-1 8.77892E-1 8.45631E-1 8.14552E-1 8.22022E-1 -9999 -9999 7.74817E-1 7.38913E-1 7.202E-1 7.12729E-1 -9999 -9999 -9999 -9999 6.39841E-1 6.20533E-1 6.05503E-1 6.05889E-1 5.662E-1 5.7626E-1 5.92177E-1 5.91108E-1 5.61177E-1 5.56317E-1 5.37161E-1 5.46791E-1 5.66824E-1 5.6466E-1 5.65578E-1 5.95509E-1 6.05899E-1 5.93706E-1 6.34125E-1 -9999 -9999 -9999 -9999 -9999 -9999 -9999 -9999 -9999 -9999 -9999 -9999 -9999 -9999 -9999 -9999 -9999 -9999 -9999 -9999 -9999 -9999 -9999 -9999 -9999 -9999 -9999 -9999 -9999 -9999 -9999 -9999 -9999 -9999 -9999 -9999 -9999
8.71375E-1 8.42031E-1 8.32664E-1 8.09711E-1 8.15481E-1 -9999 -9999 -9999 7.20686E-1 6.98272E-1 6.73044E-1 6.83667E-1 -9999 -9999 -9999 5.88748E-1 -9999 5.86511E-1 5.52673E-1 5.42196E-1 5.28108E-1 5.33729E-1 5.37492E-1 5.4626E-1 5.19271E-1 5.26234E-1 5.158E-1 5.11745E-1 5.18042E-1 5.24406E-1 5.22663E-1 5.6597E-1 5.4825E-1 5.75134E-1 6.13382E-1 6.56399E-1 6.70362E-1 -9999 -9999 -9999 -9999 -9999 -9999 -9999 -9999 -9999 -9999 -9999 -9999 -9999 -9999 -9999 -9999 -9999 -9999 -9999 -9999 -9999 -9999 -9999 -9999 -9999 -9999 -9999 -9999 -9999 -9999 -9999 -9999 -9999 -9999 -9999
8.58427E-1 8.5467E-1 8.24703E-1 7.62715E-1 7.55825E-1 -9999 -9999 7.12006E-1 6.8403E-1 6.37869E-1 6.56002E-1 6.46454E-1 6.45344E-1 -9999 -9999 5.62795E-1 5.60727E-1 5.39212E-1 4.97904E-1 5.15372E-1 4.97075E-1 4.93634E-1 5.01797E-1 4.85415E-1 4.93079E-1 4.80657E-1 5.01751E-1 4.86598E-1 4.72008E-1 4.96062E-1 5.17711E-1 5.38764E-1 5.44283E-1 5.46118E-1 5.5376E-1 5.70596E-1 6.38699E-1 6.67772E-1 -9999 -9999 -9999 -9999 -9999 -9999 -9999 -9999 -9999 -9999 -9999 -9999 -9999 -9999 -9999 -9999 -9999 -9999 -9999 -9999 -9999 -9999 -9999 -9999 -9999 -9999 -9999 -9999 -9999 -9999 -9999 -9999 -9999 -9999
-9999 -9999 -9999 7.52299E-1 7.48457E-1 7.24882E-1 -9999 6.77359E-1 6.42687E-1 6.08432E-1 6.04166E-1 5.97441E-1 5.91973E-1 5.73188E-1 -9999 5.24267E-1 5.25007E-1 5.04538E-1 4.69177E-1 4.80439E-1 4.74762E-1 4.4917E-1 4.67479E-1 4.86692E-1 4.61107E-1 4.58425E-1 4.63521E-1 4.39023E-1 4.27717E-1 4.60779E-1 4.87757E-1 4.98442E-1 5.13881E-1 5.07636E-1 5.06415E-1 5.17964E-1 5.59845E-1 6.06932E-1 6.37859E-1 -9999 -9999 -9999 -9999 -9999 -9999 -9999 -9999 -9999 -9999 -9999 -9999 -9999 -9999 -9999 -9999 -9999 -9999 -9999 -9999 -9999 -9999 -9999 -9999 -9999 -9999 -9999 -9999 -9999 -9999 -9999 -9999 -9999
-9999 -9999 -9999 7.23787E-1 7.05212E-1 7.02911E-1 6.88737E-1 6.50846E-1 6.31007E-1 5.86115E-1 5.32159E-1 5.52404E-1 5.21626E-1 5.34359E-1 5.32523E-1 5.09249E-1 4.88529E-1 4.81726E-1 4.3765E-1 4.36888E-1 4.32459E-1 4.21049E-1 4.35087E-1 4.60932E-1 4.29041E-1 4.43543E-1 4.36712E-1 4.02359E-1 3.89772E-1 4.29078E-1 4.61575E-1 4.78001E-1 4.88226E-1 4.91949E-1 4.51498E-1 4.73201E-1 5.11348E-1 5.65298E-1 6.05657E-1 6.44978E-1 -9999 -9999 -9999 -9999 -9999 -9999 -9999 -9999 -9999 -9999 -9999 -9999 -9999 -9999 -9999 -9999 -9999 -9999 -9999 -9999 -9999 -9999 -9999 -9999 -9999 -9999 -9999 -9999 -9999 -9999 -9999 -9999
7.47243E-1 7.4136E-1 7.07294E-1 6.72051E-1 6.72806E-1 6.74636E-1 6.46996E-1 6.20575E-1 5.81462E-1 5.53778E-1 5.17282E-1 4.80245E-1 4.40711E-1 5.15887E-1 5.02706E-1 4.56362E-1 4.57397E-1 4.23956E-1 3.98389E-1 3.83985E-1 3.97451E-1 4.19643E-1 4.1991E-1 4.21714E-1 4.22008E-1 4.00728E-1 3.77141E-1 3.68802E-1 3.81401E-1 3.98819E-1 4.11297E-1 4.22713E-1 4.58737E-1 4.61908E-1 4.2657E-1 4.57979E-1 4.9963E-1 5.26674E-1 5.61276E-1 5.9605E-1 6.31709E-1 -9999 -9999 -9999 -9999 -9999 -9999 -9999 -9999 -9999 -9999 -9999 -9999 -9999 -9999 -9999 -9999 -9999 -9999 -9999 -9999 -9999 -9999 -9999 -9999 -9999 -9999 -9999 -9999 -9999 -9999 -9999
-9999 6.80377E-1 6.36179E-1 6.45109E-1 6.57805E-1 6.26523E-1 5.88618E-1 5.88963E-1 5.44542E-1 4.85133E-1 4.62319E-1 4.21869E-1 4.47835E-1 4.74152E-1 4.74932E-1 4.2154E-1 3.97205E-1 3.55283E-1 3.5408E-1 3.57714E-1 3.81731E-1 4.00227E-1 3.95057E-1 3.88347E-1 3.66224E-1 3.69168E-1 3.38788E-1 3.53759E-1 3.8966E-1 3.8965E-1 4.04425E-1 4.13978E-1 4.182E-1 4.08083E-1 4.27997E-1 4.52315E-1 4.58051E-1 4.61744E-1 5.04255E-1 5.4591E-1 5.82848E-1 6.30171E-1 -9999 -9999 -9999 -9999 -9999 -9999 -9999 -9999 -9999 -9999 -9999 -9999 -9999 -9999 -9999 -9999 -9999 -9999 -9999 -9999 -9999 -9999 -9999 -9999 -9999 -9999 -9999 -9999 -9999 -9999
6.66404E-1 6.80457E-1 6.02598E-1 5.80532E-1 5.97545E-1 5.80476E-1 5.44038E-1 5.54664E-1 4.8313E-1 4.1726E-1 4.31817E-1 4.38642E-1 4.47017E-1 4.07705E-1 4.27064E-1 4.26703E-1 3.52449E-1 3.17247E-1 3.23707E-1 3.3228E-1 3.60034E-1 3.86414E-1 3.81768E-1 3.69238E-1 3.23182E-1 3.17936E-1 3.26722E-1 3.43117E-1 3.51245E-1 3.71691E-1 3.63442E-1 3.79493E-1 3.85417E-1 3.86359E-1 4.0309E-1 4.26881E-1 4.57627E-1 4.51827E-1 4.91635E-1 5.04962E-1 5.359E-1 5.94917E-1 6.22803E-1 -9999 -9999 -9999 -9999 -9999 -9999 -9999 -9999 -9999 -9999 -9999 -9999 -9999 -9999 -9999 -9999 -9999 -9999 -9999 -9999 -9999 -9999 -9999 -9999 -9999 -9999 -9999 -9999 -9999
6.6049E-1 6.4448E-1 5.94406E-1 5.30946E-1 5.24385E-1 5.33852E-1 5.12093E-1 5.03323E-1 4.25464E-1 3.79441E-1 4.03825E-1 4.17604E-1 3.75199E-1 3.61574E-1 4.03921E-1 3.81793E-1 3.50303E-1 3.09876E-1 3.0294E-1 3.19013E-1 3.71447E-1 3.66412E-1 3.59066E-1 3.38162E-1 3.02574E-1 3.01214E-1 3.0961E-1 3.39902E-1 3.43101E-1 3.48987E-1 3.36772E-1 3.67673E-1 3.84004E-1 3.77681E-1 3.66717E-1 3.95642E-1 4.30103E-1 4.71251E-1 4.80555E-1 4.93673E-1 5.30561E-1 5.68988E-1 6.069E-1 6.22736E-1 -9999 -9999 -9999 -9999 -9999 -9999 -9999 -9999 -9999 -9999 -9999 -9999 -9999 -9999 -9999 -9999 -9999 -9999 -9999 -9999 -9999 -9999 -9999 -9999 -9999 -9999 -9999 -9999
5.89172E-1 5.62766E-1 5.37E-1 4.89882E-1 4.71216E-1 4.71097E-1 4.81846E-1 4.46793E-1 4.07503E-1 3.60144E-1 3.63153E-1 3.79094E-1 3.91562E-1 3.96193E-1 3.93003E-1 3.84486E-1 3.33922E-1 3.12432E-1 3.02326E-1 3.16502E-1 3.48959E-1 3.38556E-1 3.33013E-1 3.20309E-1 2.80286E-1 2.99318E-1 3.03176E-1 3.355E-1 3.29606E-1 3.07845E-1 3.34836E-1 3.58961E-1 3.44806E-1 3.61818E-1 3.4436E-1 3.64648E-1 4.05131E-1 4.30346E-1 4.61958E-1 4.75805E-1 5.12366E-1 5.52798E-1 5.3938E-1 5.67787E-1 -9999 -9999 -9999 -9999 -9999 -9999 -9999 -9999 -9999 -9999 -9999 -9999 -9999 -9999 -9999 -9999 -9999 -9999 -9999 -9999 -9999 -9999 -9999 -9999 -9999 -9999 -9999 -9999
5.68201E-1 5.10353E-1 4.87983E-1 4.41441E-1 4.38614E-1 4.32934E-1 4.46775E-1 3.88741E-1 3.85747E-1 3.72031E-1 3.60861E-1 3.3159E-1 3.72299E-1 3.59333E-1 3.71454E-1 3.5407E-1 3.04913E-1 2.85809E-1 3.16454E-1 3.27776E-1 3.33514E-1 3.13962E-1 3.10404E-1 2.77328E-1 2.77956E-1 2.9482E-1 3.05838E-1 3.01051E-1 3.10053E-1 2.9876E-1 3.25425E-1 3.39381E-1 3.38832E-1 3.28815E-1 3.19186E-1 3.6478E-1 3.83383E-1 3.97428E-1 4.46939E-1 4.67758E-1 4.85917E-1 4.63978E-1 5.03944E-1 5.31925E-1 5.74014E-1 -9999 -9999 -9999 -9999 -9999 -9999 -9999 -9999 -9999 -9999 -9999 -9999 -9999 -9999 -9999 -9999 -9999 -9999 -9999 -9999 -9999 -9999 -9999 -9999 -9999 -9999 -9999
5.66817E-1 4.97458E-1 4.40127E-1 4.12058E-1 4.10533E-1 3.96797E-1 3.82434E-1 3.69973E-1 3.76626E-1 3.70402E-1 3.61089E-1 3.27264E-1 3.44403E-1 3.57952E-1 3.47206E-1 3.08589E-1 3.34666E-1 3.2383E-1 3.255E-1 3.08742E-1 3.11372E-1 2.9974E-1 2.76734E-1 2.58079E-1 2.75817E-1 2.75077E-1 2.93294E-1 2.80233E-1 2.81523E-1 2.8754E-1 3.08743E-1 3.27023E-1 3.17288E-1 3.19662E-1 3.15213E-1 3.61614E-1 3.88972E-1 3.76558E-1 4.03273E-1 4.64116E-1 4.66141E-1 4.26612E-1 5.05635E-1 5.21701E-1 5.45969E-1 5.68327E-1 -9999 -9999 -9999 -9999 -9999 -9999 -9999 -9999 -9999 -9999 -9999 -9999 -9999 -9999 -9999 -9999 -9999 -9999 -9999 -9999 -9999 -9999 -9999 -9999 -9999 -9999
5.35552E-1 4.85515E-1 3.99234E-1 3.67847E-1 3.75539E-1 3.92582E-1 3.74728E-1 3.78076E-1 3.58555E-1 3.43646E-1 3.51775E-1 3.53403E-1 3.49165E-1 3.32946E-1 2.85257E-1 2.71873E-1 3.02684E-1 3.03452E-1 3.09134E-1 2.89273E-1 2.93633E-1 2.94411E-1 2.75844E-1 2.48928E-1 2.6381E-1 2.66542E-1 2.64746E-1 2.72512E-1 2.64195E-1 2.82485E-1 2.97397E-1 3.17374E-1 3.06826E-1 2.93846E-1 3.34036E-1 3.56657E-1 3.76661E-1 4.05195E-1 4.36505E-1 4.56261E-1 4.45483E-1 4.0191E-1 4.36513E-1 4.89191E-1 4.83202E-1 5.45767E-1 5.78671E-1 -9999 -9999 -9999 -9999 -9999 -9999 -9999 -9999 -9999 -9999 -9999 -9999 -9999 -9999 -9999 -9999 -9999 -9999 -9999 -9999 -9999 -9999 -9999 -9999 -9999
5.04563E-1 4.82105E-1 4.01514E-1 3.30983E-1 3.55906E-1 3.84182E-1 3.68822E-1 3.45111E-1 3.17399E-1 3.29108E-1 3.31789E-1 3.1491E-1 3.24557E-1 2.9764E-1 2.57041E-1 2.49545E-1 2.44003E-1 2.76906E-1 2.89218E-1 2.75192E-1 2.81394E-1 2.85974E-1 2.74172E-1 2.52625E-1 2.43015E-1 2.45871E-1 2.43628E-1 2.52983E-1 2.60046E-1 2.83006E-1 2.88557E-1 2.98118E-1 2.87868E-1 2.83695E-1 3.20238E-1 3.30118E-1 3.3992E-1 3.89274E-1 4.07584E-1 4.14389E-1 4.15819E-1 3.8378E-1 3.97204E-1 4.03638E-1 4.44464E-1 4.89016E-1 5.53627E-1 5.57384E-1 5.44629E-1 -9999 -9999 -9999 -9999 -9999 -9999 -9999 -9999 -9999 -9999 -9999 -9999 -9999 -9999 -9999 -9999 -9999 -9999 -9999 -9999 -9999 -9999 -9999
4.37458E-1 4.07106E-1 3.85993E-1 3.13994E-1 3.49511E-1 3.5968E-1 3.13801E-1 3.23288E-1 3.18622E-1 3.04946E-1 2.78145E-1 2.94297E-1 2.90052E-1 2.65445E-1 2.55963E-1 2.22166E-1 2.37662E-1 2.77164E-1 2.72918E-1 2.53253E-1 2.83549E-1 2.8257E-1 2.6224E-1 2.4865E-1 2.62891E-1 2.37312E-1 2.3731E-1 2.55663E-1 2.67646E-1 2.78054E-1 2.75476E-1 2.73239E-1 2.81646E-1 2.82478E-1 3.27037E-1 3.07005E-1 3.26153E-1 3.67031E-1 3.81837E-1 3.67776E-1 3.95828E-1 3.62318E-1 3.68033E-1 3.80554E-1 4.12631E-1 4.44765E-1 5.07387E-1 5.42635E-1 5.16395E-1 5.0837E-1 -9999 -9999 -9999 -9999 -9999 -9999 -9999 -9999 -9999 -9999 -9999 -9999 -9999 -9999 -9999 -9999 -9999 -9999 -9999 -9999 -9999 -9999
3.79134E-1 3.49841E-1 3.16418E-1 3.13289E-1 3.32987E-1 3.09307E-1 2.95701E-1 2.93814E-1 2.90933E-1 2.86E-1 2.6502E-1 2.67898E-1 2.59988E-1 2.33289E-1 2.50317E-1 2.26412E-1 2.71869E-1 2.81386E-1 2.77619E-1 2.64426E-1 2.5485E-1 2.59951E-1 2.50059E-1 2.60806E-1 2.54002E-1 2.32531E-1 2.30878E-1 2.4722E-1 2.59789E-1 2.4947E-1 2.54438E-1 2.51842E-1 2.71588E-1 2.70309E-1 2.99392E-1 3.27016E-1 3.20634E-1 3.34581E-1 3.51745E-1 3.94713E-1 3.81701E-1 3.53876E-1 3.553E-1 4.22E-1 4.38531E-1 4.46379E-1 4.67305E-1 5.20496E-1 5.03642E-1 4.89251E-1 5.18391E-1 -9999 -9999 -9999 -9999 -9999 -9999 -9999 -9999 -9999 -9999 -9999 -9999 -9999 -9999 -9999 -9999 -9999 -9999 -9999 -9999 -9999
3.71405E-1 3.36546E-1 3.02653E-1 2.87119E-1 3.07953E-1 2.63921E-1 2.74107E-1 2.73556E-1 2.80132E-1 2.77582E-1 2.41398E-1 2.35561E-1 2.5409E-1 2.25775E-1 2.23872E-1 2.39726E-1 2.65319E-1 2.74668E-1 2.57913E-1 2.52741E-1 2.23872E-1 2.23071E-1 2.42954E-1 2.64023E-1 2.54301E-1 2.17253E-1 2.25429E-1 2.29438E-1 2.4559E-1 2.42107E-1 2.52347E-1 2.46024E-1 2.59583E-1 2.51234E-1 2.72292E-1 2.86226E-1 2.99198E-1 3.49145E-1 3.64706E-1 3.83681E-1 3.7387E-1 3.79981E-1 3.8164E-1 4.14744E-1 4.05656E-1 3.98846E-1 4.38612E-1 4.88059E-1 4.83689E-1 4.52863E-1 4.66864E-1 5.29831E-1 -9999 -9999 -9999 -9999 -9999 -9999 -9999 -9999 -9999 -9999 -9999 -9999 -9999 -9999 -9999 -9999 -9999 -9999 -9999 -9999
3.45072E-1 2.94822E-1 2.69748E-1 2.73001E-1 2.82604E-1 2.58981E-1 2.35261E-1 2.52064E-1 2.58053E-1 2.39806E-1 2.16215E-1 2.23361E-1 2.24169E-1 2.06114E-1 2.10558E-1 2.1425E-1 2.34912E-1 2.73228E-1 2.61347E-1 2.18909E-1 2.12325E-1 2.35167E-1 2.55377E-1 2.28348E-1 2.43116E-1 2.37415E-1 2.10707E-1 2.18075E-1 2.36579E-1 2.36963E-1 2.37959E-1 2.44545E-1 2.52834E-1 2.52097E-1 2.52554E-1 2.83472E-1 3.22094E-1 3.42861E-1 3.63705E-1 3.59161E-1 3.48068E-1 3.53609E-1 3.5361E-1 3.98122E-1 3.84582E-1 3.54194E-1 3.6101E-1 4.02193E-1 4.15467E-1 4.59436E-1 4.68096E-1 5.17723E-1 5.03801E-1 5.26534E-1 -9999 5.05696E-1 -9999 -9999 -9999 -9999 -9999 -9999 -9999 -9999 -9999 -9999 -9999 -9999 -9999 -9999 -9999 -9999
2.94675E-1 2.79185E-1 2.54306E-1 2.5735E-1 2.66082E-1 2.4528E-1 2.2507E-1 2.17466E-1 2.31959E-1 2.23296E-1 2.12802E-1 2.22117E-1 2.36193E-1 2.29625E-1 2.38452E-1 2.08386E-1 2.25753E-1 2.5711E-1 2.6457E-1 2.26065E-1 2.07669E-1 2.23974E-1 2.4191E-1 2.24606E-1 2.11913E-1 2.30267E-1 2.19364E-1 2.11537E-1 2.21789E-1 2.21513E-1 2.3954E-1 2.51793E-1 2.66921E-1 2.69436E-1 2.67798E-1 2.84259E-1 3.19482E-1 3.01829E-1 3.44234E-1 3.33427E-1 3.11664E-1 3.25234E-1 3.7347E-1 3.65811E-1 3.70118E-1 3.89931E-1 3.50199E-1 3.5329E-1 3.95478E-1 3.996E-1 4.18578E-1 4.59559E-1 5.06964E-1 -9999 -9999 5.01219E-1 -9999 -9999 -9999 4.93582E-1 4.90301E-1 5.01444E-1 5.00237E-1 4.97742E-1 -9999 -9999 -9999 -9999 -9999 -9999 -9999 -9999
2.69996E-1 2.449E-1 2.3577E-1 2.39589E-1 2.4121E-1 2.31641E-1 2.1835E-1 2.23903E-1 2.3546E-1 2.40429E-1 2.35546E-1 2.2984E-1 2.25621E-1 2.42043E-1 2.48907E-1 2.47609E-1 2.53139E-1 2.53867E-1 2.46724E-1 2.33631E-1 1.93613E-1 2.25132E-1 2.32809E-1 2.14319E-1 2.08942E-1 2.03385E-1 2.07206E-1 2.25153E-1 2.19743E-1 2.12299E-1 2.34204E-1 2.466E-1 2.62704E-1 2.67799E-1 2.8258E-1 2.82632E-1 2.9655E-1 2.99388E-1 3.09037E-1 3.13868E-1 2.95486E-1 3.23956E-1 3.29382E-1 3.59264E-1 3.41999E-1 3.72684E-1 3.84161E-1 3.3106E-1 3.91477E-1 4.2997E-1 4.35926E-1 4.40974E-1 4.69514E-1 -9999 -9999 -9999 -9999 4.77396E-1 4.70061E-1 4.74441E-1 4.75591E-1 4.79548E-1 4.8579E-1 4.8098E-1 4.77265E-1 4.59895E-1 4.61726E-1 -9999 -9999 -9999 -9999 -9999
2.3379E-1 2.20979E-1 2.23129E-1 2.31555E-1 2.35657E-1 2.22958E-1 2.11763E-1 2.28211E-1 2.24099E-1 2.26504E-1 1.96453E-1 2.14552E-1 2.08389E-1 2.28948E-1 2.30292E-1 2.39719E-1 2.3302E-1 2.39309E-1 2.41876E-1 2.13049E-1 1.99891E-1 2.17254E-1 2.34322E-1 1.99903E-1 1.96091E-1 2.03505E-1 1.96841E-1 2.18221E-1 2.19678E-1 2.10542E-1 2.13854E-1 2.36367E-1 2.43455E-1 2.60088E-1 2.74529E-1 2.71936E-1 2.75404E-1 2.79669E-1 2.81649E-1 3.01039E-1 2.84586E-1 3.01053E-1 2.97366E-1 3.44762E-1 3.10916E-1 3.22666E-1 3.5792E-1 3.50937E-1 4.06385E-1 4.26298E-1 4.49485E-1 4.54943E-1 4.6658E-1 -9999 -9999 -9999 -9999 4.60664E-1 4.66073E-1 4.53241E-1 4.51958E-1 4.54703E-1 4.58985E-1 4.58802E-1 4.50072E-1 4.46688E-1 4.41184E-1 4.31434E-1 4.18383E-1 4.1696E-1 4.1078E-1 4.13125E-1
2.14095E-1 1.98199E-1 2.08827E-1 2.1809E-1 2.23487E-1 2.08442E-1 1.92792E-1 2.14456E-1 2.15984E-1 2.02639E-1 1.87468E-1 2.01714E-1 1.90134E-1 2.10313E-1 2.13148E-1 2.29132E-1 2.18745E-1 2.18654E-1 2.33111E-1 2.05729E-1 2.01899E-1 1.9911E-1 2.2445E-1 1.93138E-1 1.89507E-1 2.01725E-1 1.95778E-1 2.12699E-1 2.02295E-1 2.05415E-1 2.24777E-1 2.39588E-1 2.43129E-1 2.62415E-1 2.57795E-1 2.46729E-1 2.54119E-1 2.70207E-1 2.88342E-1 3.06647E-1 2.88699E-1 2.9218E-1 3.23593E-1 3.23874E-1 2.90306E-1 3.17732E-1 3.09024E-1 3.50386E-1 3.72933E-1 4.03501E-1 4.27588E-1 4.39268E-1 -9999 -9999 -9999 -9999 4.3235E-1 4.29209E-1 4.38846E-1 4.35236E-1 4.2393E-1 4.22574E-1 4.28223E-1 4.20096E-1 4.16764E-1 4.16941E-1 4.19774E-1 4.11382E-1 4.14397E-1 4.14948E-1 4.00062E-1 3.9367E-1
1.95864E-1 2.02983E-1 2.16409E-1 2.17293E-1 2.07427E-1 1.96246E-1 1.80448E-1 2.05059E-1 2.10774E-1 1.96927E-1 1.94646E-1 1.9354E-1 1.82157E-1 1.86096E-1 2.06577E-1 2.11993E-1 1.97827E-1 2.01889E-1 2.11007E-1 2.14282E-1 1.9142E-1 1.95818E-1 2.26591E-1 2.08498E-1 1.89527E-1 1.95478E-1 2.03073E-1 2.0811E-1 1.97324E-1 1.8719E-1 2.0651E-1 2.40199E-1 2.45885E-1 2.63147E-1 2.64927E-1 2.57996E-1 2.63731E-1 2.83976E-1 2.8863E-1 2.80499E-1 2.70205E-1 2.62079E-1 2.82179E-1 2.83473E-1 2.85151E-1 2.90425E-1 2.98824E-1 2.91964E-1 3.42354E-1 3.74068E-1 4.1913E-1 -9999 -9999 -9999 -9999 4.13202E-1 4.1346E-1 4.1882E-1 4.18012E-1 4.29408E-1 4.20877E-1 3.98763E-1 3.90883E-1 3.82999E-1 3.75664E-1 3.80297E-1 3.86268E-1 3.94224E-1 3.92152E-1 3.84819E-1 3.70845E-1 3.66149E-1
