Artocarpus altilis SDM files/Last interglacial/results (with bias file)/Artalt_4.asc
ncols         1201
nrows         481
xllcorner     119.99986351115
yllcorner     -15.00013864885
cellsize      0.041666667
NODATA_value  -9999
[rows 416 to 447 of 481, columns 504 to 575 of 1201]
-9999 -9999 -9999 -9999 -9999 -9999 -9999 -9999 -9999 -9999 -9999 -9999 -9999 -9999 -9999 -9999 6.87073E-1 6.67039E-1 6.43673E-1 6.26609E-1 5.99915E-1 5.82046E-1 5.89442E-1 5.62306E-1 5.3321E-1 5.16615E-1 5.11584E-1 4.92997E-1 4.64472E-1 4.34292E-1 4.21874E-1 4.26041E-1 4.11882E-1 4.21989E-1 3.98275E-1 4.04932E-1 3.99135E-1 3.82036E-1 3.73855E-1 3.89952E-1 3.85865E-1 3.72775E-1 3.94845E-1 3.91473E-1 4.21439E-1 4.00968E-1 4.30386E-1 4.62248E-1 4.56724E-1 4.97122E-1 -9999 -9999 -9999 -9999 -9999 -9999 -9999 6.82204E-1 -9999 -9999 -9999 -9999 -9999 -9999 -9999 -9999 -9999 -9999 -9999 -9999 -9999 -9999
-9999 -9999 -9999 -9999 -9999 -9999 -9999 -9999 -9999 -9999 -9999 -9999 -9999 -9999 -9999 -9999 6.72265E-1 6.6303E-1 6.42248E-1 6.1971E-1 6.04845E-1 5.71362E-1 5.63522E-1 5.55868E-1 5.17306E-1 4.82862E-1 4.86918E-1 4.81853E-1 4.63969E-1 4.42784E-1 4.4275E-1 4.32407E-1 4.30664E-1 4.17475E-1 4.04628E-1 3.98898E-1 3.89833E-1 3.68084E-1 3.75456E-1 3.82793E-1 3.79609E-1 3.74651E-1 3.80425E-1 3.902E-1 4.14195E-1 3.92104E-1 3.89277E-1 4.3349E-1 4.49485E-1 4.68333E-1 5.06421E-1 5.333E-1 5.244E-1 5.25186E-1 -9999 -9999 -9999 -9999 -9999 -9999 -9999 -9999 -9999 -9999 -9999 -9999 -9999 -9999 -9999 -9999 -9999 -9999
-9999 -9999 -9999 -9999 -9999 -9999 -9999 -9999 -9999 -9999 -9999 -9999 -9999 -9999 -9999 6.82514E-1 6.63299E-1 6.50469E-1 6.29656E-1 6.19367E-1 5.95848E-1 5.75838E-1 5.34379E-1 5.1858E-1 4.91569E-1 4.81099E-1 4.81274E-1 4.7118E-1 4.58255E-1 4.37432E-1 4.26062E-1 4.17213E-1 4.09675E-1 3.94998E-1 3.95206E-1 3.91005E-1 3.78003E-1 3.7263E-1 3.70689E-1 3.59881E-1 3.69742E-1 3.75066E-1 3.63333E-1 3.77239E-1 3.89208E-1 3.83639E-1 3.58351E-1 4.14264E-1 4.43402E-1 4.40487E-1 4.84779E-1 5.05437E-1 4.65344E-1 5.21403E-1 5.15484E-1 -9999 -9999 -9999 -9999 -9999 -9999 -9999 -9999 -9999 -9999 -9999 -9999 -9999 -9999 -9999 -9999 -9999
-9999 -9999 -9999 -9999 -9999 -9999 -9999 -9999 -9999 -9999 -9999 -9999 -9999 -9999 -9999 6.69E-1 6.57419E-1 6.28922E-1 6.15982E-1 6.09756E-1 5.74312E-1 5.53589E-1 5.30067E-1 5.0383E-1 4.83853E-1 4.86792E-1 4.77006E-1 4.51133E-1 4.52555E-1 4.29207E-1 4.03342E-1 4.10663E-1 3.95612E-1 3.93717E-1 3.79144E-1 3.7436E-1 3.5903E-1 3.67254E-1 3.64698E-1 3.66476E-1 3.72745E-1 3.68746E-1 3.54455E-1 3.55557E-1 3.6792E-1 3.5323E-1 3.45658E-1 3.72135E-1 4.08223E-1 4.4031E-1 4.60749E-1 4.79586E-1 4.98093E-1 4.57133E-1 4.69181E-1 -9999 -9999 -9999 -9999 -9999 -9999 -9999 -9999 -9999 -9999 -9999 -9999 -9999 -9999 -9999 -9999 -9999
-9999 -9999 -9999 -9999 -9999 -9999 -9999 -9999 -9999 -9999 -9999 -9999 -9999 -9999 6.75531E-1 6.71717E-1 6.47768E-1 6.3355E-1 6.18504E-1 5.87491E-1 5.72421E-1 5.57518E-1 5.38285E-1 5.05554E-1 4.81874E-1 4.89031E-1 4.81435E-1 4.49014E-1 4.38101E-1 4.20159E-1 3.84309E-1 3.88545E-1 3.82757E-1 3.80459E-1 3.78231E-1 3.6633E-1 3.66989E-1 3.49201E-1 3.60785E-1 3.53463E-1 3.65925E-1 3.51786E-1 3.37203E-1 3.56232E-1 3.56404E-1 3.28555E-1 3.59299E-1 3.86731E-1 3.96857E-1 4.05386E-1 4.38415E-1 4.58714E-1 4.61439E-1 4.16664E-1 4.82712E-1 -9999 -9999 -9999 -9999 -9999 -9999 -9999 -9999 -9999 -9999 -9999 -9999 -9999 -9999 -9999 -9999 -9999
-9999 -9999 -9999 -9999 -9999 -9999 -9999 -9999 -9999 -9999 -9999 -9999 -9999 -9999 6.67831E-1 6.51673E-1 6.46268E-1 6.26692E-1 6.07939E-1 5.80905E-1 5.70783E-1 5.50525E-1 5.08151E-1 5.00619E-1 4.72694E-1 4.82272E-1 4.69926E-1 4.55286E-1 4.34546E-1 4.24619E-1 3.77344E-1 3.62198E-1 3.6712E-1 3.80636E-1 3.715E-1 3.65856E-1 3.46362E-1 3.43512E-1 3.48378E-1 3.37417E-1 3.4423E-1 3.436E-1 3.50279E-1 3.57753E-1 3.46799E-1 3.2752E-1 3.32421E-1 3.59131E-1 3.96763E-1 3.99791E-1 4.21714E-1 4.16734E-1 4.33059E-1 4.69306E-1 5.01658E-1 -9999 -9999 -9999 -9999 -9999 -9999 -9999 -9999 -9999 -9999 -9999 -9999 -9999 -9999 -9999 -9999 -9999
-9999 -9999 -9999 -9999 -9999 -9999 -9999 -9999 -9999 -9999 -9999 -9999 -9999 -9999 6.69001E-1 6.40602E-1 6.33748E-1 -9999 6.01526E-1 5.63035E-1 5.5786E-1 5.34109E-1 5.30641E-1 4.95991E-1 4.95723E-1 4.71213E-1 4.64352E-1 4.40421E-1 4.34266E-1 4.14667E-1 3.96219E-1 3.68703E-1 3.63857E-1 3.60236E-1 3.58349E-1 3.41336E-1 3.46266E-1 3.35966E-1 3.28335E-1 3.26077E-1 3.30714E-1 3.43895E-1 3.45771E-1 3.41121E-1 3.35846E-1 3.24704E-1 3.12684E-1 3.23708E-1 3.61827E-1 3.96545E-1 4.15752E-1 4.39351E-1 4.42392E-1 4.52325E-1 4.81199E-1 5.03088E-1 5.26042E-1 -9999 -9999 -9999 -9999 -9999 -9999 -9999 -9999 -9999 -9999 -9999 -9999 -9999 -9999 -9999
-9999 -9999 -9999 -9999 -9999 -9999 -9999 -9999 -9999 -9999 -9999 -9999 -9999 -9999 -9999 -9999 -9999 -9999 -9999 5.76235E-1 5.56476E-1 5.27862E-1 5.18342E-1 4.79597E-1 4.89791E-1 4.52294E-1 4.39275E-1 4.10255E-1 3.94375E-1 4.04464E-1 3.90622E-1 3.76398E-1 3.73702E-1 3.46025E-1 3.58194E-1 3.40549E-1 3.30588E-1 3.26007E-1 3.16855E-1 3.23904E-1 3.24659E-1 3.32679E-1 3.26933E-1 3.22311E-1 3.20334E-1 3.13208E-1 2.97946E-1 2.8827E-1 3.38786E-1 3.75127E-1 4.10148E-1 4.08324E-1 3.74364E-1 3.92687E-1 4.47282E-1 4.72864E-1 4.56076E-1 5.31634E-1 5.55988E-1 -9999 -9999 -9999 -9999 -9999 -9999 -9999 -9999 -9999 -9999 -9999 -9999 -9999
-9999 -9999 -9999 -9999 -9999 -9999 -9999 -9999 -9999 -9999 -9999 -9999 -9999 -9999 -9999 -9999 -9999 -9999 -9999 5.54653E-1 5.41024E-1 5.13561E-1 4.96183E-1 4.63384E-1 4.53702E-1 4.35372E-1 4.14067E-1 4.08881E-1 3.8967E-1 3.65316E-1 3.77136E-1 3.68563E-1 3.52015E-1 3.49305E-1 3.45405E-1 3.27736E-1 3.19356E-1 3.13895E-1 3.07118E-1 3.0477E-1 3.1372E-1 3.25879E-1 3.17958E-1 3.26435E-1 3.17827E-1 3.13783E-1 3.11371E-1 2.91695E-1 3.42081E-1 3.79715E-1 3.77839E-1 3.68592E-1 3.3321E-1 3.32611E-1 4.23028E-1 4.47501E-1 4.74837E-1 5.22894E-1 5.60871E-1 -9999 -9999 -9999 -9999 -9999 -9999 -9999 -9999 -9999 -9999 -9999 -9999 -9999
-9999 -9999 -9999 -9999 -9999 -9999 -9999 -9999 -9999 -9999 -9999 -9999 -9999 -9999 -9999 -9999 -9999 -9999 -9999 5.4864E-1 5.44057E-1 5.18056E-1 4.86187E-1 4.62037E-1 4.46236E-1 4.39611E-1 4.32849E-1 4.1778E-1 3.72127E-1 3.60834E-1 3.6693E-1 3.60503E-1 3.40844E-1 3.37358E-1 3.33774E-1 3.30914E-1 3.15152E-1 3.03216E-1 2.91956E-1 3.09823E-1 3.03294E-1 3.1259E-1 3.12695E-1 3.16916E-1 3.09916E-1 2.88765E-1 2.83189E-1 3.07192E-1 3.38765E-1 3.55116E-1 3.43022E-1 3.32752E-1 3.54231E-1 3.60527E-1 4.41602E-1 4.49836E-1 4.73321E-1 5.15121E-1 -9999 -9999 -9999 -9999 -9999 -9999 -9999 -9999 -9999 -9999 -9999 -9999 -9999 -9999
-9999 -9999 -9999 -9999 -9999 -9999 -9999 -9999 -9999 -9999 -9999 -9999 -9999 -9999 -9999 -9999 -9999 -9999 -9999 5.32672E-1 5.2691E-1 5.13391E-1 4.88618E-1 4.63199E-1 4.56959E-1 4.43975E-1 4.31134E-1 4.09994E-1 3.6525E-1 3.56748E-1 3.63698E-1 3.64642E-1 3.33797E-1 3.32838E-1 3.31103E-1 3.12096E-1 3.0406E-1 2.99208E-1 2.71831E-1 2.8397E-1 2.89695E-1 2.94253E-1 3.03379E-1 3.09868E-1 2.92573E-1 2.94628E-1 2.85741E-1 3.24961E-1 3.39315E-1 3.56226E-1 3.57404E-1 3.41926E-1 3.42456E-1 3.59635E-1 4.36873E-1 4.30597E-1 4.58768E-1 4.9416E-1 -9999 -9999 -9999 -9999 -9999 -9999 -9999 -9999 -9999 -9999 -9999 -9999 -9999 -9999
-9999 -9999 -9999 -9999 -9999 -9999 -9999 -9999 -9999 -9999 -9999 -9999 -9999 -9999 -9999 -9999 -9999 -9999 5.51094E-1 5.27764E-1 5.12366E-1 4.94017E-1 4.76702E-1 4.31476E-1 4.21791E-1 4.12008E-1 4.15267E-1 4.03928E-1 3.90847E-1 3.59645E-1 3.55202E-1 3.43286E-1 3.44123E-1 3.2754E-1 3.19444E-1 3.06807E-1 2.9737E-1 2.97175E-1 2.73153E-1 2.61044E-1 2.79758E-1 2.84689E-1 2.91069E-1 3.00079E-1 3.06871E-1 3.0158E-1 3.07466E-1 3.03581E-1 3.28495E-1 3.17945E-1 3.36545E-1 2.99318E-1 2.82914E-1 3.31321E-1 4.07355E-1 4.14365E-1 4.54259E-1 4.90783E-1 -9999 -9999 -9999 -9999 -9999 -9999 -9999 -9999 -9999 -9999 -9999 -9999 -9999 -9999
-9999 -9999 -9999 -9999 -9999 -9999 -9999 -9999 -9999 -9999 -9999 -9999 -9999 -9999 -9999 -9999 -9999 -9999 5.5584E-1 5.21905E-1 4.82844E-1 4.79985E-1 4.71959E-1 4.28799E-1 3.97349E-1 4.01508E-1 3.82156E-1 3.92325E-1 3.93688E-1 3.75701E-1 3.4011E-1 3.3237E-1 3.26498E-1 3.27907E-1 3.15147E-1 3.04733E-1 2.91158E-1 2.88443E-1 2.89701E-1 2.54367E-1 2.74023E-1 2.80192E-1 2.92195E-1 2.83649E-1 2.87275E-1 2.83896E-1 2.98353E-1 2.79596E-1 3.1655E-1 3.04291E-1 2.77246E-1 2.78553E-1 2.77033E-1 3.20265E-1 4.02648E-1 4.36564E-1 4.50842E-1 -9999 -9999 -9999 -9999 -9999 -9999 -9999 -9999 -9999 -9999 -9999 -9999 -9999 -9999 -9999
-9999 -9999 -9999 -9999 -9999 -9999 -9999 -9999 -9999 -9999 -9999 -9999 -9999 -9999 -9999 -9999 -9999 5.55359E-1 5.16616E-1 5.00629E-1 4.64211E-1 4.67642E-1 4.76071E-1 4.44353E-1 4.2559E-1 4.11876E-1 3.73024E-1 3.7945E-1 3.71792E-1 3.56259E-1 3.36321E-1 3.33688E-1 3.28642E-1 3.13131E-1 3.06855E-1 3.02666E-1 2.86985E-1 2.74314E-1 2.73253E-1 2.63992E-1 2.75545E-1 2.72214E-1 2.83192E-1 2.74252E-1 2.73159E-1 2.7961E-1 2.75766E-1 2.94287E-1 2.99353E-1 2.65135E-1 2.73624E-1 2.62458E-1 2.84296E-1 3.1362E-1 3.67615E-1 4.16382E-1 4.41465E-1 -9999 4.82415E-1 5.1795E-1 5.34597E-1 -9999 -9999 -9999 -9999 -9999 -9999 -9999 -9999 -9999 -9999 -9999
-9999 -9999 -9999 -9999 -9999 -9999 -9999 -9999 -9999 -9999 -9999 -9999 -9999 -9999 -9999 -9999 5.52112E-1 5.20174E-1 4.82698E-1 4.6217E-1 4.75984E-1 4.65928E-1 4.52368E-1 4.36563E-1 4.27558E-1 4.1665E-1 3.90139E-1 3.732E-1 3.57519E-1 3.48299E-1 3.41038E-1 3.15782E-1 3.17785E-1 3.01753E-1 2.97715E-1 2.91331E-1 2.81792E-1 2.73347E-1 2.52548E-1 2.67759E-1 2.71037E-1 2.7438E-1 2.75858E-1 2.73303E-1 2.62282E-1 2.7157E-1 2.66636E-1 2.85182E-1 2.99576E-1 2.84624E-1 2.92208E-1 2.88568E-1 2.93473E-1 2.96517E-1 3.41876E-1 4.07195E-1 4.34137E-1 4.62572E-1 4.80177E-1 4.87918E-1 5.18868E-1 -9999 -9999 -9999 -9999 -9999 -9999 -9999 -9999 -9999 -9999 -9999
-9999 -9999 -9999 -9999 -9999 -9999 -9999 -9999 -9999 -9999 -9999 -9999 -9999 -9999 5.92793E-1 5.62611E-1 5.36461E-1 5.18437E-1 4.77952E-1 4.47409E-1 4.45987E-1 4.55818E-1 4.48252E-1 4.31785E-1 4.17295E-1 3.95229E-1 3.69769E-1 3.56429E-1 3.46867E-1 3.4524E-1 3.37034E-1 3.25004E-1 3.08737E-1 2.89235E-1 2.87871E-1 2.82312E-1 2.78014E-1 2.66799E-1 2.65045E-1 2.63927E-1 2.6054E-1 2.61412E-1 2.70197E-1 2.60523E-1 2.68931E-1 2.83844E-1 2.70341E-1 2.81177E-1 2.79149E-1 2.49104E-1 2.71203E-1 2.86801E-1 2.99528E-1 2.98015E-1 3.18163E-1 3.7746E-1 4.2471E-1 4.50523E-1 4.52284E-1 4.75976E-1 5.24633E-1 -9999 -9999 -9999 -9999 -9999 -9999 -9999 -9999 -9999 -9999 -9999
-9999 -9999 -9999 -9999 -9999 -9999 -9999 -9999 -9999 -9999 -9999 -9999 -9999 -9999 5.81559E-1 5.64628E-1 5.43012E-1 5.28305E-1 4.84889E-1 4.71701E-1 4.24014E-1 4.34427E-1 4.357E-1 4.19856E-1 4.10027E-1 3.75758E-1 3.441E-1 3.45273E-1 3.40467E-1 3.31962E-1 3.17688E-1 3.16292E-1 3.03548E-1 2.89426E-1 2.74849E-1 2.72995E-1 2.65986E-1 2.67533E-1 2.6269E-1 2.56018E-1 2.55685E-1 2.56437E-1 2.65196E-1 2.53075E-1 2.62043E-1 2.62889E-1 2.70927E-1 2.63797E-1 2.58524E-1 2.28451E-1 2.51266E-1 2.79095E-1 2.94757E-1 2.99028E-1 2.92813E-1 3.42856E-1 4.20466E-1 4.43103E-1 4.30333E-1 4.67754E-1 5.12783E-1 -9999 -9999 -9999 -9999 -9999 -9999 -9999 -9999 -9999 -9999 -9999
-9999 -9999 -9999 -9999 -9999 -9999 -9999 -9999 -9999 -9999 -9999 -9999 -9999 -9999 5.8984E-1 5.74855E-1 5.40638E-1 5.06476E-1 4.87786E-1 4.68409E-1 4.24596E-1 4.00387E-1 4.01315E-1 4.03184E-1 3.80092E-1 3.63752E-1 3.33783E-1 3.46645E-1 3.32891E-1 3.31362E-1 3.2194E-1 3.14098E-1 3.05134E-1 2.85843E-1 2.71495E-1 2.61025E-1 2.56033E-1 2.58495E-1 2.57896E-1 2.47314E-1 2.44815E-1 2.51678E-1 2.55691E-1 2.46765E-1 2.55534E-1 2.65711E-1 2.62156E-1 2.73354E-1 2.6863E-1 2.39476E-1 2.33585E-1 2.55097E-1 2.7396E-1 2.73124E-1 2.8206E-1 3.30956E-1 4.02737E-1 4.37765E-1 4.41639E-1 4.2919E-1 4.94427E-1 -9999 -9999 -9999 -9999 -9999 -9999 -9999 -9999 -9999 -9999 -9999
-9999 -9999 -9999 -9999 -9999 -9999 -9999 -9999 -9999 -9999 -9999 -9999 -9999 -9999 5.82594E-1 5.46307E-1 5.03401E-1 4.90434E-1 4.91078E-1 4.59496E-1 4.39409E-1 4.08487E-1 3.74078E-1 3.88964E-1 3.71068E-1 3.64522E-1 3.4601E-1 3.48109E-1 3.33621E-1 3.20076E-1 3.12159E-1 3.08746E-1 3.00995E-1 2.83449E-1 2.75935E-1 2.64816E-1 2.57118E-1 2.5459E-1 2.47361E-1 2.42136E-1 2.37106E-1 2.47598E-1 2.52703E-1 2.421E-1 2.55627E-1 2.56652E-1 2.55193E-1 2.52089E-1 2.66535E-1 2.55625E-1 2.3083E-1 2.6505E-1 2.59516E-1 2.26164E-1 2.87379E-1 3.2683E-1 4.06195E-1 4.37244E-1 4.32979E-1 4.39583E-1 4.90048E-1 -9999 -9999 -9999 -9999 -9999 -9999 -9999 -9999 -9999 -9999 -9999
-9999 -9999 -9999 -9999 -9999 -9999 -9999 -9999 -9999 -9999 -9999 -9999 -9999 -9999 5.70429E-1 5.41461E-1 5.03895E-1 4.77952E-1 4.72733E-1 4.55772E-1 4.04525E-1 3.99617E-1 3.95102E-1 3.95417E-1 3.80531E-1 3.68091E-1 3.48435E-1 3.40152E-1 3.25143E-1 3.14763E-1 3.0481E-1 2.9854E-1 2.86537E-1 2.78935E-1 2.71689E-1 2.6551E-1 2.47629E-1 2.45043E-1 2.47628E-1 2.4226E-1 2.40732E-1 2.46693E-1 2.48867E-1 2.47299E-1 2.52813E-1 2.4179E-1 2.49926E-1 2.48205E-1 2.70236E-1 2.68763E-1 2.5204E-1 2.49376E-1 2.80775E-1 2.78347E-1 2.88669E-1 3.38963E-1 3.84306E-1 4.27443E-1 4.35494E-1 4.3181E-1 5.00435E-1 -9999 -9999 -9999 -9999 -9999 -9999 -9999 -9999 -9999 -9999 -9999
-9999 -9999 -9999 -9999 -9999 -9999 -9999 -9999 -9999 -9999 -9999 -9999 -9999 -9999 5.68458E-1 5.33072E-1 4.9485E-1 4.81418E-1 4.73697E-1 4.41734E-1 4.11552E-1 3.82312E-1 4.01679E-1 3.85584E-1 3.71272E-1 3.68591E-1 3.51178E-1 3.38325E-1 3.20127E-1 3.10064E-1 2.96934E-1 2.87454E-1 2.84628E-1 2.80597E-1 2.6233E-1 2.58832E-1 2.49269E-1 2.48248E-1 2.47633E-1 2.49933E-1 2.38538E-1 2.51251E-1 2.42377E-1 2.46731E-1 2.39534E-1 2.45346E-1 2.32148E-1 2.51866E-1 2.51533E-1 2.6695E-1 2.70635E-1 2.69644E-1 2.86071E-1 2.90915E-1 2.95639E-1 2.65048E-1 3.32634E-1 4.13965E-1 4.31245E-1 4.08173E-1 4.8134E-1 -9999 -9999 -9999 -9999 -9999 -9999 -9999 -9999 -9999 -9999 -9999
-9999 -9999 -9999 -9999 -9999 -9999 -9999 -9999 -9999 -9999 -9999 -9999 -9999 -9999 -9999 5.26944E-1 4.85474E-1 4.82137E-1 4.64519E-1 4.25311E-1 4.02587E-1 3.95421E-1 3.97324E-1 3.68045E-1 3.76354E-1 3.5211E-1 3.353E-1 3.21952E-1 3.13084E-1 3.11252E-1 3.00871E-1 2.82418E-1 2.70322E-1 2.70133E-1 2.57407E-1 2.48437E-1 2.41743E-1 2.45846E-1 2.48608E-1 2.44517E-1 2.50211E-1 2.47276E-1 2.45671E-1 2.44768E-1 2.32677E-1 2.37835E-1 2.30608E-1 2.32246E-1 2.35864E-1 2.56992E-1 2.54745E-1 2.62084E-1 2.77855E-1 2.8682E-1 2.73522E-1 2.69976E-1 3.01792E-1 3.93058E-1 4.05077E-1 4.35198E-1 4.85043E-1 5.3062E-1 -9999 -9999 -9999 -9999 -9999 -9999 -9999 -9999 -9999 -9999
-9999 -9999 -9999 -9999 -9999 -9999 -9999 -9999 -9999 -9999 -9999 -9999 -9999 -9999 -9999 5.26028E-1 4.90528E-1 4.79207E-1 4.54725E-1 4.31413E-1 3.93318E-1 4.04361E-1 3.99455E-1 3.87784E-1 3.45521E-1 3.27538E-1 3.15536E-1 3.11277E-1 3.06681E-1 3.03087E-1 2.95139E-1 2.80133E-1 2.68298E-1 2.48928E-1 2.39567E-1 2.35246E-1 2.46998E-1 2.44692E-1 2.43655E-1 2.39787E-1 2.38867E-1 2.4305E-1 2.43852E-1 2.44337E-1 2.32767E-1 2.23795E-1 2.25033E-1 2.1711E-1 2.08713E-1 2.46307E-1 2.60466E-1 2.53719E-1 2.67349E-1 2.89635E-1 3.0234E-1 2.85775E-1 3.28215E-1 3.9619E-1 4.16358E-1 4.16019E-1 4.73215E-1 -9999 -9999 -9999 -9999 -9999 -9999 -9999 -9999 -9999 -9999 -9999
-9999 -9999 -9999 -9999 -9999 -9999 -9999 -9999 -9999 -9999 -9999 -9999 -9999 -9999 -9999 -9999 4.75435E-1 4.7739E-1 4.48887E-1 4.08706E-1 4.03106E-1 4.01779E-1 3.71318E-1 3.42397E-1 3.23749E-1 3.29243E-1 3.2581E-1 3.08125E-1 2.95673E-1 2.97356E-1 2.83313E-1 2.77233E-1 2.49303E-1 2.50378E-1 2.36873E-1 2.29874E-1 2.3531E-1 2.46878E-1 2.47536E-1 2.35638E-1 2.34036E-1 2.40015E-1 2.38201E-1 2.38224E-1 2.35221E-1 2.33396E-1 2.22341E-1 2.19802E-1 2.27054E-1 2.32647E-1 2.53206E-1 2.64445E-1 2.81765E-1 2.87393E-1 2.86355E-1 2.86615E-1 3.08247E-1 3.83318E-1 4.15239E-1 4.10533E-1 4.74971E-1 -9999 -9999 -9999 -9999 -9999 -9999 -9999 -9999 -9999 -9999 -9999
-9999 -9999 -9999 -9999 -9999 -9999 -9999 -9999 -9999 -9999 -9999 -9999 -9999 -9999 -9999 4.94451E-1 4.73089E-1 4.66875E-1 4.41253E-1 4.06804E-1 4.04186E-1 3.8856E-1 3.61984E-1 3.44826E-1 3.36378E-1 3.23142E-1 3.11216E-1 2.97758E-1 2.87021E-1 2.89275E-1 2.73279E-1 2.627E-1 2.52772E-1 2.5849E-1 2.45001E-1 2.37562E-1 2.42421E-1 2.44624E-1 2.41637E-1 2.39658E-1 2.41076E-1 2.40849E-1 2.35843E-1 2.33073E-1 2.3182E-1 2.3404E-1 2.15868E-1 2.33409E-1 2.28363E-1 2.1278E-1 2.53935E-1 2.68203E-1 2.796E-1 2.92264E-1 2.7174E-1 2.9298E-1 3.25992E-1 3.39605E-1 3.95722E-1 3.91454E-1 4.56744E-1 -9999 -9999 -9999 -9999 -9999 -9999 -9999 -9999 -9999 -9999 -9999
-9999 -9999 -9999 -9999 -9999 -9999 -9999 -9999 -9999 -9999 -9999 -9999 -9999 -9999 -9999 4.79833E-1 4.71546E-1 4.53386E-1 4.28914E-1 4.06928E-1 4.10786E-1 3.78292E-1 3.68541E-1 3.48265E-1 3.18811E-1 3.19304E-1 3.1528E-1 2.91264E-1 2.94509E-1 2.88005E-1 2.79679E-1 2.69915E-1 2.68911E-1 2.52929E-1 2.56705E-1 2.56034E-1 2.43658E-1 2.45256E-1 2.42502E-1 2.37939E-1 2.35893E-1 2.43498E-1 2.35338E-1 2.39199E-1 2.35176E-1 2.30366E-1 2.09807E-1 2.39922E-1 2.26685E-1 2.31835E-1 2.55555E-1 2.72925E-1 2.79345E-1 2.92088E-1 2.91844E-1 3.1522E-1 3.1938E-1 3.29982E-1 3.68043E-1 4.04969E-1 4.63054E-1 4.86951E-1 -9999 -9999 -9999 -9999 -9999 -9999 -9999 -9999 -9999 -9999
-9999 -9999 -9999 -9999 -9999 -9999 -9999 -9999 -9999 -9999 -9999 -9999 -9999 -9999 4.85604E-1 4.76525E-1 4.59956E-1 4.50316E-1 4.39859E-1 4.09667E-1 3.89021E-1 3.72019E-1 3.67447E-1 3.35607E-1 3.28954E-1 3.20765E-1 3.01006E-1 2.96422E-1 2.91469E-1 2.90675E-1 2.78282E-1 2.7662E-1 2.694E-1 2.59576E-1 2.548E-1 2.52736E-1 2.45524E-1 2.4083E-1 2.40623E-1 2.42647E-1 2.39715E-1 2.36674E-1 2.38062E-1 2.26257E-1 2.34411E-1 2.3708E-1 2.36526E-1 2.40007E-1 2.34934E-1 2.44192E-1 2.55783E-1 2.61943E-1 2.77248E-1 2.81851E-1 2.93933E-1 3.00717E-1 2.88438E-1 3.42019E-1 3.9363E-1 3.98063E-1 4.04846E-1 4.88257E-1 5.00727E-1 -9999 -9999 -9999 -9999 -9999 -9999 -9999 -9999 -9999
-9999 -9999 -9999 -9999 -9999 -9999 -9999 -9999 -9999 -9999 -9999 -9999 -9999 -9999 4.86152E-1 4.71648E-1 4.68055E-1 4.51137E-1 4.29123E-1 4.01677E-1 3.80264E-1 3.68297E-1 3.44278E-1 3.23897E-1 3.00706E-1 2.91182E-1 2.82464E-1 2.94847E-1 2.97364E-1 2.88247E-1 2.87428E-1 2.78506E-1 2.6177E-1 2.55648E-1 2.51209E-1 2.41156E-1 2.42156E-1 2.46704E-1 2.44433E-1 2.32271E-1 2.30705E-1 2.33449E-1 2.34027E-1 2.34246E-1 2.3708E-1 2.28692E-1 2.36107E-1 2.39576E-1 2.43228E-1 2.47675E-1 2.62992E-1 2.60445E-1 2.7904E-1 2.89353E-1 2.51471E-1 2.42227E-1 2.98189E-1 3.67262E-1 3.95346E-1 3.94145E-1 3.80467E-1 4.64031E-1 5.04774E-1 -9999 -9999 -9999 -9999 -9999 -9999 -9999 -9999 -9999
-9999 -9999 -9999 -9999 -9999 -9999 -9999 -9999 -9999 -9999 -9999 -9999 -9999 5.04741E-1 4.94922E-1 4.639E-1 4.62413E-1 4.38021E-1 4.14784E-1 4.00701E-1 3.87545E-1 3.54307E-1 3.47475E-1 3.39708E-1 3.1238E-1 2.98054E-1 2.87385E-1 2.99392E-1 2.90227E-1 2.71321E-1 2.73593E-1 2.65324E-1 2.64487E-1 2.54603E-1 2.43257E-1 2.43248E-1 2.39312E-1 2.3339E-1 2.3412E-1 2.28472E-1 2.26072E-1 2.28033E-1 2.31086E-1 2.31543E-1 2.31196E-1 2.23949E-1 2.12301E-1 2.3676E-1 2.38567E-1 2.5146E-1 2.5117E-1 2.36502E-1 2.70823E-1 2.79114E-1 2.71687E-1 2.5492E-1 3.03162E-1 3.60226E-1 3.96725E-1 3.78497E-1 4.11692E-1 4.68497E-1 5.00475E-1 -9999 -9999 -9999 -9999 -9999 -9999 -9999 -9999 -9999
-9999 -9999 -9999 -9999 -9999 -9999 -9999 -9999 -9999 -9999 -9999 -9999 5.2742E-1 5.04524E-1 4.8838E-1 4.61422E-1 4.55927E-1 4.39172E-1 4.03732E-1 3.90197E-1 3.78792E-1 3.66446E-1 3.41095E-1 3.21559E-1 3.10375E-1 2.86899E-1 2.89136E-1 2.93502E-1 2.9843E-1 2.8691E-1 2.71437E-1 2.6733E-1 2.5781E-1 2.54021E-1 2.46061E-1 2.41074E-1 2.38935E-1 2.36174E-1 2.25286E-1 2.27719E-1 2.23363E-1 2.14082E-1 2.19607E-1 2.28353E-1 2.30241E-1 2.32307E-1 2.19234E-1 2.22087E-1 2.34198E-1 2.45088E-1 2.49207E-1 2.18907E-1 2.54331E-1 2.7354E-1 2.76332E-1 2.55557E-1 2.81911E-1 3.32714E-1 3.96152E-1 4.25232E-1 4.36616E-1 4.60157E-1 4.79029E-1 -9999 -9999 -9999 -9999 -9999 -9999 -9999 -9999 -9999
-9999 -9999 -9999 -9999 -9999 -9999 -9999 -9999 -9999 -9999 -9999 -9999 5.17595E-1 5.03819E-1 4.82352E-1 4.57713E-1 4.50374E-1 4.29093E-1 4.1174E-1 3.80436E-1 3.67388E-1 3.52946E-1 3.49214E-1 3.27553E-1 3.08766E-1 2.87235E-1 2.76627E-1 3.00479E-1 2.94603E-1 2.81856E-1 2.715E-1 2.58898E-1 2.46337E-1 2.36691E-1 2.31676E-1 2.31548E-1 2.43631E-1 2.39959E-1 2.2406E-1 2.10356E-1 2.24636E-1 2.21953E-1 2.20474E-1 2.2414E-1 2.21464E-1 2.2913E-1 2.04193E-1 2.09174E-1 2.29714E-1 2.39055E-1 2.45227E-1 2.33338E-1 2.48726E-1 2.60933E-1 2.68519E-1 2.41842E-1 2.50208E-1 2.99022E-1 3.78418E-1 4.05359E-1 4.09715E-1 4.52684E-1 -9999 -9999 -9999 -9999 -9999 -9999 -9999 -9999 -9999 -9999
-9999 -9999 -9999 -9999 -9999 -9999 -9999 -9999 -9999 -9999 -9999 -9999 5.20833E-1 5.05669E-1 4.8958E-1 4.65534E-1 4.45633E-1 4.38232E-1 4.02364E-1 3.82167E-1 3.5711E-1 3.48375E-1 3.42131E-1 3.36118E-1 3.00974E-1 2.99509E-1 2.92002E-1 2.99302E-1 2.93897E-1 2.68957E-1 2.63681E-1 2.5847E-1 2.45416E-1 2.39002E-1 2.32392E-1 2.36166E-1 2.3627E-1 2.36543E-1 2.31916E-1 2.20028E-1 2.1375E-1 2.26516E-1 2.24342E-1 2.23812E-1 2.11281E-1 2.17917E-1 2.11418E-1 2.04465E-1 2.23014E-1 2.37656E-1 2.38686E-1 2.45754E-1 2.46512E-1 2.56883E-1 2.69255E-1 2.31076E-1 2.54834E-1 3.30976E-1 3.48622E-1 3.85459E-1 4.04528E-1 4.42698E-1 -9999 -9999 -9999 -9999 -9999 -9999 -9999 -9999 -9999 -9999
