Artocarpus altilis SDM files/Last interglacial/results (with bias file)/Artalt_4.asc
ncols         1201
nrows         481
xllcorner     119.99986351115
yllcorner     -15.00013864885
cellsize      0.041666667
NODATA_value  -9999
[rows 128 to 159 of 481, columns 0 to 71 of 1201]
9.10611E-1 -9999 -9999 -9999 -9999 -9999 -9999 -9999 -9999 -9999 -9999 -9999 -9999 -9999 -9999 -9999 -9999 -9999 -9999 -9999 -9999 -9999 -9999 -9999 -9999 -9999 -9999 -9999 -9999 -9999 -9999 -9999 -9999 -9999 -9999 -9999 -9999 -9999 -9999 -9999 -9999 -9999 -9999 -9999 -9999 9.02149E-1 8.85392E-1 8.97603E-1 9.02291E-1 9.00599E-1 8.70251E-1 -9999 -9999 8.88942E-1 8.59326E-1 8.809E-1 8.44525E-1 -9999 -9999 -9999 -9999 -9999 -9999 -9999 -9999 -9999 -9999 -9999 -9999 -9999 -9999 -9999
8.81758E-1 -9999 -9999 -9999 -9999 -9999 -9999 -9999 -9999 -9999 -9999 -9999 -9999 -9999 -9999 -9999 -9999 -9999 -9999 -9999 -9999 -9999 -9999 -9999 -9999 -9999 -9999 -9999 -9999 -9999 -9999 -9999 -9999 -9999 -9999 -9999 -9999 -9999 -9999 -9999 -9999 -9999 -9999 9.02714E-1 8.96641E-1 8.8043E-1 8.94794E-1 8.82869E-1 8.91061E-1 8.8841E-1 8.65847E-1 8.88919E-1 -9999 -9999 -9999 -9999 8.37162E-1 8.48464E-1 -9999 -9999 -9999 -9999 -9999 -9999 -9999 -9999 -9999 -9999 -9999 -9999 -9999 -9999
8.61711E-1 8.67382E-1 -9999 -9999 -9999 -9999 -9999 -9999 -9999 -9999 -9999 -9999 -9999 -9999 -9999 -9999 -9999 -9999 -9999 -9999 -9999 -9999 -9999 -9999 -9999 -9999 -9999 -9999 -9999 -9999 -9999 -9999 -9999 -9999 -9999 -9999 -9999 -9999 -9999 -9999 -9999 -9999 8.8808E-1 8.85847E-1 8.84507E-1 8.58578E-1 8.43566E-1 8.41063E-1 8.59532E-1 8.65498E-1 8.61999E-1 8.55853E-1 -9999 -9999 -9999 -9999 8.41399E-1 8.52844E-1 -9999 -9999 -9999 -9999 -9999 -9999 -9999 -9999 -9999 -9999 -9999 -9999 -9999 -9999
8.46198E-1 8.69009E-1 -9999 -9999 -9999 -9999 -9999 -9999 -9999 -9999 -9999 -9999 -9999 -9999 -9999 -9999 -9999 -9999 -9999 -9999 -9999 -9999 -9999 -9999 -9999 -9999 -9999 -9999 -9999 -9999 -9999 -9999 -9999 -9999 -9999 -9999 -9999 -9999 -9999 -9999 -9999 8.94692E-1 8.7199E-1 8.67207E-1 8.36137E-1 8.71085E-1 8.69493E-1 8.77182E-1 8.7639E-1 8.77929E-1 8.78044E-1 -9999 -9999 -9999 -9999 -9999 -9999 -9999 -9999 -9999 -9999 -9999 -9999 -9999 -9999 -9999 -9999 -9999 -9999 -9999 -9999 -9999
8.35292E-1 8.58326E-1 -9999 -9999 -9999 -9999 -9999 -9999 -9999 -9999 -9999 -9999 -9999 -9999 -9999 -9999 -9999 -9999 -9999 -9999 -9999 -9999 -9999 -9999 -9999 -9999 -9999 -9999 -9999 -9999 -9999 -9999 -9999 -9999 -9999 -9999 -9999 -9999 -9999 -9999 8.92948E-1 8.5876E-1 8.33084E-1 8.52801E-1 8.31077E-1 8.41572E-1 -9999 -9999 -9999 -9999 -9999 -9999 -9999 -9999 -9999 -9999 -9999 -9999 -9999 -9999 8.02384E-1 7.76153E-1 7.79268E-1 -9999 -9999 -9999 -9999 -9999 -9999 -9999 -9999 -9999
7.94782E-1 8.49823E-1 -9999 -9999 -9999 -9999 -9999 -9999 -9999 -9999 -9999 -9999 -9999 -9999 -9999 -9999 -9999 -9999 -9999 -9999 -9999 -9999 -9999 -9999 -9999 -9999 -9999 -9999 -9999 -9999 -9999 -9999 -9999 -9999 -9999 -9999 -9999 -9999 -9999 8.8905E-1 8.52049E-1 8.39101E-1 8.55548E-1 8.59299E-1 8.54044E-1 8.41016E-1 -9999 -9999 -9999 -9999 -9999 -9999 -9999 -9999 -9999 -9999 -9999 -9999 -9999 -9999 8.04285E-1 7.81602E-1 7.8976E-1 7.72542E-1 -9999 -9999 -9999 -9999 -9999 -9999 -9999 -9999
7.33952E-1 8.41463E-1 -9999 -9999 -9999 -9999 -9999 -9999 -9999 -9999 -9999 -9999 -9999 -9999 -9999 -9999 -9999 -9999 -9999 -9999 -9999 -9999 -9999 -9999 -9999 -9999 -9999 -9999 -9999 -9999 -9999 -9999 -9999 -9999 -9999 -9999 -9999 -9999 -9999 8.73305E-1 8.40483E-1 -9999 -9999 -9999 -9999 -9999 -9999 -9999 -9999 -9999 -9999 -9999 -9999 -9999 -9999 -9999 -9999 -9999 -9999 -9999 -9999 -9999 -9999 -9999 -9999 -9999 -9999 -9999 -9999 -9999 -9999 -9999
6.0508E-1 8.3004E-1 -9999 -9999 -9999 -9999 -9999 -9999 -9999 -9999 -9999 -9999 -9999 -9999 -9999 -9999 -9999 -9999 -9999 -9999 -9999 -9999 -9999 -9999 -9999 -9999 -9999 -9999 -9999 -9999 -9999 -9999 -9999 -9999 -9999 -9999 -9999 -9999 8.73952E-1 -9999 -9999 -9999 -9999 -9999 -9999 -9999 -9999 -9999 -9999 -9999 -9999 -9999 -9999 -9999 -9999 -9999 -9999 -9999 -9999 -9999 -9999 -9999 -9999 -9999 -9999 -9999 -9999 -9999 6.93576E-1 6.90341E-1 6.8313E-1 6.87232E-1
5.36881E-1 7.69926E-1 -9999 -9999 -9999 -9999 -9999 -9999 -9999 -9999 -9999 -9999 -9999 -9999 -9999 -9999 -9999 -9999 -9999 -9999 -9999 -9999 -9999 -9999 -9999 -9999 -9999 -9999 -9999 -9999 -9999 -9999 -9999 -9999 -9999 -9999 -9999 -9999 -9999 -9999 -9999 -9999 -9999 -9999 -9999 -9999 -9999 -9999 -9999 -9999 -9999 -9999 -9999 -9999 -9999 -9999 -9999 -9999 -9999 -9999 -9999 -9999 -9999 -9999 -9999 7.09525E-1 6.91528E-1 6.70833E-1 6.83837E-1 6.79624E-1 6.79646E-1 6.63113E-1
5.33151E-1 7.33443E-1 8.20771E-1 -9999 -9999 -9999 -9999 -9999 -9999 -9999 -9999 -9999 -9999 -9999 -9999 -9999 -9999 -9999 -9999 -9999 -9999 -9999 -9999 -9999 -9999 -9999 -9999 -9999 -9999 -9999 -9999 -9999 -9999 -9999 -9999 -9999 -9999 -9999 -9999 -9999 -9999 -9999 -9999 -9999 -9999 -9999 -9999 -9999 -9999 -9999 -9999 -9999 -9999 -9999 -9999 -9999 -9999 -9999 -9999 -9999 -9999 -9999 -9999 -9999 -9999 7.09587E-1 6.9201E-1 6.42483E-1 6.27623E-1 6.07885E-1 6.29645E-1 5.66909E-1
5.09593E-1 6.97296E-1 7.85954E-1 -9999 -9999 -9999 -9999 -9999 -9999 -9999 -9999 -9999 -9999 -9999 -9999 -9999 -9999 -9999 -9999 -9999 -9999 -9999 -9999 -9999 -9999 -9999 -9999 -9999 -9999 -9999 -9999 -9999 -9999 -9999 -9999 -9999 -9999 -9999 -9999 -9999 -9999 7.93286E-1 8.22172E-1 -9999 -9999 -9999 -9999 -9999 -9999 -9999 -9999 -9999 -9999 -9999 -9999 -9999 -9999 -9999 -9999 -9999 -9999 -9999 -9999 -9999 -9999 -9999 6.4574E-1 6.26995E-1 6.75044E-1 6.18195E-1 6.2015E-1 6.29902E-1
4.36292E-1 6.04348E-1 7.48687E-1 7.66261E-1 -9999 -9999 -9999 -9999 -9999 -9999 -9999 -9999 -9999 -9999 -9999 -9999 -9999 -9999 -9999 -9999 -9999 -9999 -9999 -9999 -9999 -9999 -9999 -9999 -9999 -9999 -9999 -9999 -9999 -9999 -9999 -9999 -9999 -9999 -9999 -9999 -9999 -9999 8.03929E-1 -9999 -9999 -9999 -9999 -9999 -9999 -9999 -9999 -9999 7.95703E-1 7.83798E-1 7.59344E-1 7.53245E-1 7.42949E-1 7.18656E-1 6.88748E-1 6.8245E-1 7.05883E-1 6.86513E-1 6.69619E-1 6.8269E-1 -9999 -9999 6.61182E-1 6.43727E-1 6.47247E-1 6.04019E-1 5.8139E-1 6.09074E-1
3.96938E-1 5.14988E-1 6.56863E-1 7.41289E-1 7.63265E-1 -9999 -9999 -9999 -9999 -9999 -9999 -9999 -9999 -9999 -9999 -9999 -9999 -9999 -9999 -9999 -9999 -9999 -9999 -9999 -9999 -9999 -9999 -9999 -9999 -9999 -9999 -9999 -9999 -9999 -9999 -9999 -9999 8.05699E-1 8.00028E-1 7.44894E-1 -9999 -9999 -9999 -9999 -9999 -9999 -9999 -9999 -9999 -9999 -9999 8.02735E-1 7.77568E-1 7.10162E-1 6.92006E-1 6.68946E-1 6.75327E-1 6.67455E-1 6.32051E-1 6.7777E-1 6.4077E-1 6.15487E-1 6.2535E-1 6.40393E-1 6.36497E-1 6.3236E-1 5.33259E-1 4.64319E-1 5.01019E-1 4.74086E-1 4.85137E-1 5.51255E-1
3.88632E-1 4.39859E-1 5.84062E-1 6.9975E-1 7.46491E-1 7.5962E-1 -9999 -9999 -9999 -9999 -9999 -9999 -9999 -9999 -9999 -9999 -9999 -9999 -9999 -9999 -9999 -9999 -9999 -9999 -9999 -9999 -9999 -9999 -9999 -9999 -9999 -9999 -9999 -9999 -9999 -9999 8.09943E-1 7.99292E-1 7.94441E-1 7.46572E-1 -9999 -9999 -9999 -9999 -9999 -9999 -9999 -9999 -9999 -9999 -9999 8.03961E-1 7.83892E-1 7.72191E-1 7.34431E-1 6.43899E-1 6.23336E-1 6.40063E-1 5.83145E-1 5.46826E-1 5.61987E-1 4.99084E-1 5.12993E-1 5.04502E-1 4.75336E-1 4.13508E-1 3.55116E-1 4.24337E-1 5.58571E-1 5.78933E-1 6.14614E-1 6.62091E-1
3.85257E-1 3.57223E-1 5.29391E-1 6.10873E-1 7.06908E-1 7.38508E-1 7.43167E-1 -9999 -9999 -9999 -9999 -9999 -9999 -9999 -9999 -9999 -9999 -9999 -9999 -9999 -9999 -9999 -9999 -9999 -9999 -9999 -9999 -9999 -9999 -9999 -9999 -9999 -9999 -9999 7.80574E-1 7.76966E-1 7.39724E-1 7.86945E-1 7.6537E-1 7.71495E-1 -9999 -9999 -9999 -9999 -9999 -9999 -9999 -9999 -9999 -9999 -9999 7.83293E-1 7.73831E-1 7.46766E-1 7.18246E-1 6.35881E-1 5.54577E-1 5.0578E-1 4.43241E-1 4.68059E-1 5.00781E-1 3.7104E-1 3.3363E-1 3.3427E-1 3.52904E-1 3.74561E-1 4.35644E-1 5.68897E-1 6.32425E-1 6.43557E-1 6.46973E-1 6.77864E-1
4.22074E-1 3.38432E-1 4.72001E-1 5.39526E-1 5.89308E-1 6.96257E-1 7.26095E-1 7.26997E-1 7.34743E-1 7.33631E-1 7.42087E-1 -9999 -9999 -9999 -9999 -9999 -9999 -9999 -9999 -9999 -9999 -9999 -9999 -9999 -9999 -9999 -9999 -9999 -9999 -9999 -9999 -9999 -9999 -9999 7.84032E-1 7.11813E-1 6.64977E-1 6.6981E-1 6.46639E-1 6.20883E-1 7.26769E-1 7.91399E-1 -9999 -9999 -9999 -9999 -9999 7.86791E-1 7.68295E-1 7.60391E-1 7.76568E-1 7.71837E-1 7.41248E-1 7.16953E-1 6.71129E-1 5.69541E-1 4.66861E-1 4.28665E-1 4.39871E-1 4.15499E-1 3.58982E-1 2.98019E-1 3.06432E-1 3.13317E-1 3.56495E-1 4.8601E-1 6.06858E-1 6.58944E-1 6.94697E-1 6.91078E-1 -9999 -9999
4.13265E-1 3.21161E-1 3.57029E-1 4.34062E-1 5.03214E-1 5.76394E-1 6.72975E-1 7.1655E-1 7.13632E-1 7.10508E-1 7.0117E-1 7.40244E-1 -9999 -9999 -9999 -9999 -9999 -9999 -9999 -9999 -9999 -9999 -9999 -9999 -9999 -9999 -9999 -9999 -9999 -9999 -9999 -9999 -9999 7.56098E-1 7.30857E-1 6.67089E-1 5.65316E-1 4.85821E-1 4.50804E-1 4.17721E-1 6.47808E-1 7.4137E-1 7.51695E-1 7.3701E-1 7.28585E-1 7.30547E-1 7.57046E-1 7.37648E-1 7.11117E-1 6.24893E-1 6.95058E-1 7.13953E-1 6.78593E-1 5.69815E-1 4.7692E-1 5.09409E-1 4.00212E-1 3.30503E-1 3.74102E-1 3.27541E-1 3.05222E-1 2.84043E-1 3.22046E-1 3.72817E-1 4.49827E-1 5.35846E-1 6.41018E-1 -9999 -9999 -9999 -9999 -9999
4.23717E-1 3.25035E-1 2.65018E-1 3.18174E-1 3.37571E-1 4.35511E-1 5.18124E-1 6.09449E-1 6.69206E-1 7.02092E-1 6.92639E-1 7.09931E-1 7.32625E-1 -9999 -9999 -9999 -9999 -9999 -9999 -9999 -9999 -9999 -9999 -9999 -9999 -9999 -9999 -9999 -9999 -9999 -9999 -9999 7.41978E-1 7.07781E-1 6.76282E-1 5.8306E-1 5.93496E-1 4.4333E-1 2.93537E-1 3.65749E-1 5.88215E-1 6.43204E-1 6.72814E-1 6.60338E-1 6.67161E-1 5.52685E-1 5.35447E-1 6.28102E-1 5.78484E-1 6.68681E-1 5.59077E-1 4.78019E-1 4.01153E-1 3.98141E-1 3.92047E-1 3.80438E-1 3.16453E-1 2.66061E-1 2.82975E-1 3.04723E-1 3.35131E-1 3.13545E-1 3.78286E-1 4.63377E-1 4.82414E-1 5.77461E-1 6.53858E-1 -9999 -9999 -9999 -9999 -9999
4.16745E-1 3.60031E-1 3.45004E-1 2.62074E-1 2.6005E-1 3.05251E-1 3.91988E-1 4.57723E-1 4.97154E-1 5.98286E-1 6.52446E-1 6.85772E-1 6.84007E-1 7.11357E-1 -9999 -9999 -9999 -9999 -9999 -9999 -9999 -9999 -9999 -9999 -9999 -9999 -9999 -9999 -9999 -9999 -9999 7.19596E-1 5.85772E-1 5.18773E-1 6.96466E-1 7.09746E-1 6.42253E-1 4.78594E-1 2.75586E-1 2.73105E-1 5.01215E-1 6.03972E-1 6.45723E-1 6.27768E-1 6.53065E-1 6.15212E-1 4.8454E-1 5.29414E-1 5.49266E-1 6.21703E-1 4.96494E-1 2.81344E-1 1.97014E-1 2.71419E-1 2.62542E-1 2.56761E-1 2.51323E-1 2.97076E-1 3.4222E-1 3.4236E-1 4.08198E-1 3.74348E-1 5.33503E-1 6.33085E-1 5.93739E-1 6.6988E-1 7.1844E-1 -9999 -9999 -9999 -9999 -9999
4.4204E-1 4.225E-1 3.89152E-1 3.31878E-1 3.23343E-1 3.12394E-1 3.56075E-1 3.98459E-1 4.93046E-1 5.19743E-1 5.78735E-1 5.95001E-1 6.40312E-1 6.86723E-1 -9999 -9999 -9999 -9999 -9999 -9999 -9999 -9999 -9999 -9999 -9999 -9999 -9999 -9999 -9999 -9999 7.06867E-1 6.06029E-1 4.28499E-1 5.40297E-1 5.82535E-1 6.57741E-1 5.88781E-1 5.04289E-1 2.80248E-1 2.51384E-1 3.33925E-1 5.05335E-1 5.87593E-1 5.72175E-1 5.7896E-1 6.03902E-1 6.25406E-1 5.32631E-1 5.1807E-1 5.34572E-1 5.23642E-1 3.85223E-1 3.36664E-1 3.27438E-1 3.42861E-1 3.05348E-1 3.13455E-1 3.71318E-1 3.72467E-1 4.54399E-1 5.34766E-1 5.30202E-1 6.59203E-1 6.11127E-1 6.78356E-1 7.3809E-1 -9999 -9999 -9999 -9999 -9999 -9999
4.22184E-1 4.55509E-1 4.33348E-1 4.08934E-1 3.26958E-1 3.02583E-1 3.33274E-1 4.56086E-1 5.29004E-1 5.49081E-1 5.47821E-1 5.4942E-1 5.90457E-1 6.70056E-1 -9999 -9999 -9999 -9999 -9999 -9999 -9999 -9999 -9999 -9999 -9999 -9999 -9999 -9999 -9999 -9999 6.56809E-1 5.50008E-1 4.29722E-1 3.80067E-1 4.47244E-1 5.17964E-1 5.9034E-1 5.96437E-1 4.65566E-1 3.27521E-1 2.19057E-1 3.39978E-1 4.11468E-1 4.3009E-1 4.52924E-1 4.98198E-1 6.25216E-1 6.21313E-1 6.03699E-1 5.10459E-1 4.62034E-1 3.48859E-1 3.47155E-1 3.85784E-1 3.69986E-1 3.21554E-1 4.04456E-1 4.45737E-1 5.06892E-1 5.4011E-1 6.27804E-1 6.29298E-1 6.01535E-1 7.08703E-1 7.39747E-1 7.3368E-1 -9999 -9999 -9999 -9999 -9999 -9999
3.55142E-1 3.79818E-1 3.956E-1 3.95174E-1 3.29079E-1 3.0185E-1 2.85818E-1 3.55785E-1 4.31065E-1 4.80541E-1 5.05961E-1 5.54712E-1 5.99247E-1 6.70623E-1 -9999 -9999 -9999 -9999 -9999 -9999 -9999 -9999 -9999 -9999 -9999 -9999 -9999 -9999 -9999 6.37927E-1 4.90259E-1 5.13113E-1 4.48109E-1 3.11193E-1 2.53238E-1 3.12651E-1 4.22221E-1 5.97693E-1 5.45734E-1 4.60772E-1 3.41138E-1 2.79874E-1 2.17021E-1 2.29102E-1 2.94926E-1 3.95015E-1 4.91635E-1 5.83627E-1 5.65031E-1 5.16017E-1 4.71072E-1 3.65423E-1 2.49404E-1 3.41373E-1 3.1989E-1 4.25981E-1 4.87669E-1 5.15268E-1 5.72781E-1 6.46279E-1 6.98133E-1 6.34456E-1 6.77067E-1 7.42819E-1 -9999 -9999 -9999 -9999 -9999 6.14221E-1 5.9929E-1 6.40037E-1
2.82106E-1 2.69187E-1 2.89217E-1 2.34314E-1 2.82802E-1 2.59662E-1 1.85463E-1 1.72334E-1 2.06551E-1 3.03938E-1 4.11139E-1 4.9027E-1 5.41325E-1 6.26937E-1 -9999 -9999 -9999 -9999 -9999 -9999 -9999 -9999 -9999 -9999 -9999 -9999 -9999 -9999 6.32169E-1 5.61663E-1 4.95143E-1 3.98448E-1 2.87404E-1 1.80354E-1 1.50492E-1 2.88036E-1 3.84147E-1 4.81984E-1 5.64664E-1 5.65888E-1 5.30787E-1 4.13835E-1 3.02918E-1 2.77806E-1 2.75591E-1 3.10749E-1 3.19033E-1 3.77191E-1 4.97413E-1 3.78661E-1 4.48493E-1 3.85468E-1 3.20664E-1 4.65839E-1 4.01638E-1 4.9058E-1 5.92477E-1 6.50161E-1 7.16458E-1 7.28844E-1 6.9953E-1 6.6814E-1 7.04447E-1 7.37755E-1 -9999 -9999 -9999 -9999 6.66714E-1 5.69594E-1 5.31795E-1 5.791E-1
3.16966E-1 2.92016E-1 2.99083E-1 2.26286E-1 1.9508E-1 2.64759E-1 1.97855E-1 1.36603E-1 1.65934E-1 1.94319E-1 2.50599E-1 2.66366E-1 4.07513E-1 5.84392E-1 6.13271E-1 -9999 -9999 -9999 -9999 -9999 -9999 -9999 -9999 -9999 -9999 -9999 -9999 -9999 6.10896E-1 5.30066E-1 4.26667E-1 3.50782E-1 2.51521E-1 1.7322E-1 1.21493E-1 1.94275E-1 1.76716E-1 2.69093E-1 4.14837E-1 4.46632E-1 4.76009E-1 4.67535E-1 5.03957E-1 4.92781E-1 4.67578E-1 4.36004E-1 4.68283E-1 5.01995E-1 5.08325E-1 4.41463E-1 4.41441E-1 4.34581E-1 4.65622E-1 4.82263E-1 4.84988E-1 5.46768E-1 6.21926E-1 6.72206E-1 6.92517E-1 7.01765E-1 7.11354E-1 7.32414E-1 7.46169E-1 -9999 -9999 -9999 -9999 6.76901E-1 6.13229E-1 4.69331E-1 4.61707E-1 4.84894E-1
2.8152E-1 3.02175E-1 3.01737E-1 2.75267E-1 2.16168E-1 1.74679E-1 1.95896E-1 1.69851E-1 2.28047E-1 2.05967E-1 1.93883E-1 1.80065E-1 2.48166E-1 4.35291E-1 5.78812E-1 5.81451E-1 -9999 -9999 -9999 -9999 -9999 -9999 -9999 -9999 -9999 -9999 -9999 5.88017E-1 5.58943E-1 5.24778E-1 3.80829E-1 3.42097E-1 2.1739E-1 1.84409E-1 1.76771E-1 1.36145E-1 1.29279E-1 1.74795E-1 2.8736E-1 4.18695E-1 4.26899E-1 3.19005E-1 3.69547E-1 5.49027E-1 5.41213E-1 5.08063E-1 4.90276E-1 5.19421E-1 5.16268E-1 4.89188E-1 3.87528E-1 3.74537E-1 5.1057E-1 5.78246E-1 6.00838E-1 6.33464E-1 7.08412E-1 7.08064E-1 6.89494E-1 6.99986E-1 7.35258E-1 7.43452E-1 -9999 -9999 -9999 -9999 -9999 6.57269E-1 5.45919E-1 4.31825E-1 4.58574E-1 4.61504E-1
2.80226E-1 2.90366E-1 2.98419E-1 2.8758E-1 2.28174E-1 1.85976E-1 1.63778E-1 2.24282E-1 2.19249E-1 1.60095E-1 1.58855E-1 1.46343E-1 1.66802E-1 2.80845E-1 5.00446E-1 5.66409E-1 -9999 5.92672E-1 5.81894E-1 5.42207E-1 5.71117E-1 -9999 -9999 -9999 -9999 -9999 -9999 5.67733E-1 5.05841E-1 3.54701E-1 3.96809E-1 3.81561E-1 2.86271E-1 2.86579E-1 2.40194E-1 1.77015E-1 2.32912E-1 3.12033E-1 3.88167E-1 3.48046E-1 2.97196E-1 3.33883E-1 3.66672E-1 4.67688E-1 3.75246E-1 3.9937E-1 4.63311E-1 4.58722E-1 4.21775E-1 2.94956E-1 3.02946E-1 4.01263E-1 5.2763E-1 5.8726E-1 6.42389E-1 6.66525E-1 6.87622E-1 7.02795E-1 7.27256E-1 7.34256E-1 7.36817E-1 -9999 -9999 -9999 -9999 -9999 -9999 5.99536E-1 4.54859E-1 4.12949E-1 4.44215E-1 4.3349E-1
2.46226E-1 2.46404E-1 2.68299E-1 2.71347E-1 2.42393E-1 2.07731E-1 1.9632E-1 2.62035E-1 2.21917E-1 1.53444E-1 1.65147E-1 1.40511E-1 1.24864E-1 2.2697E-1 5.04112E-1 5.7167E-1 5.67146E-1 5.52797E-1 5.37144E-1 5.25003E-1 5.59064E-1 5.61206E-1 5.4648E-1 5.24329E-1 5.41141E-1 -9999 5.39254E-1 5.13893E-1 3.99391E-1 3.61752E-1 3.55914E-1 3.83989E-1 2.38233E-1 2.0469E-1 1.73357E-1 1.5837E-1 2.71519E-1 3.4527E-1 3.24165E-1 2.66432E-1 3.74061E-1 4.4487E-1 4.63277E-1 4.25261E-1 3.60179E-1 4.45362E-1 4.01724E-1 4.02635E-1 3.09711E-1 3.22992E-1 4.06948E-1 4.89849E-1 5.46828E-1 6.36587E-1 6.82314E-1 6.94543E-1 7.0702E-1 7.11465E-1 7.27213E-1 7.28051E-1 -9999 -9999 -9999 -9999 -9999 -9999 6.91128E-1 5.98855E-1 4.75332E-1 4.58302E-1 4.76297E-1 4.84936E-1
2.17601E-1 2.0915E-1 2.445E-1 2.29757E-1 1.7835E-1 1.63509E-1 1.89174E-1 2.60141E-1 2.60567E-1 2.1997E-1 1.9477E-1 1.18223E-1 1.18044E-1 2.29015E-1 5.03737E-1 5.50661E-1 5.2013E-1 5.03386E-1 5.36868E-1 4.89425E-1 4.4429E-1 4.6246E-1 4.42326E-1 3.87463E-1 4.56428E-1 5.18919E-1 5.25381E-1 4.30854E-1 4.50047E-1 3.3324E-1 2.40659E-1 2.10669E-1 2.5876E-1 1.72633E-1 1.43799E-1 1.59617E-1 1.95076E-1 2.37457E-1 3.40415E-1 2.81579E-1 3.202E-1 3.2678E-1 3.98519E-1 3.59281E-1 3.90891E-1 3.42312E-1 3.50699E-1 2.9231E-1 3.13268E-1 3.34489E-1 4.73132E-1 5.21893E-1 5.79788E-1 6.59414E-1 7.02564E-1 7.05293E-1 7.15631E-1 7.29454E-1 7.25832E-1 -9999 -9999 -9999 -9999 -9999 -9999 -9999 7.30982E-1 6.2571E-1 5.56361E-1 5.21516E-1 4.82026E-1 5.49613E-1
2.83537E-1 2.46736E-1 1.73367E-1 1.74147E-1 1.70378E-1 1.57012E-1 1.66461E-1 2.30255E-1 2.6134E-1 2.55784E-1 2.07656E-1 1.37702E-1 1.61967E-1 2.57693E-1 4.81036E-1 4.96002E-1 4.36846E-1 4.831E-1 4.82821E-1 4.28561E-1 3.49788E-1 2.83917E-1 2.68067E-1 2.45625E-1 2.88814E-1 3.66849E-1 4.04095E-1 3.26587E-1 3.40176E-1 3.39415E-1 2.02154E-1 1.39501E-1 1.55365E-1 1.26077E-1 1.39076E-1 1.60849E-1 2.05343E-1 2.39203E-1 2.93549E-1 2.6458E-1 1.92585E-1 2.25588E-1 2.83882E-1 3.12894E-1 3.98834E-1 4.86952E-1 4.19185E-1 3.02682E-1 3.47452E-1 4.42934E-1 4.67386E-1 5.70544E-1 6.27397E-1 6.88971E-1 6.83879E-1 7.09888E-1 7.19713E-1 7.23614E-1 -9999 -9999 -9999 -9999 -9999 -9999 -9999 -9999 7.44572E-1 7.18185E-1 6.26966E-1 5.61918E-1 4.95937E-1 6.01964E-1
3.30889E-1 2.84089E-1 1.79174E-1 1.78723E-1 1.96146E-1 1.58131E-1 1.67242E-1 2.20798E-1 2.48283E-1 2.41529E-1 1.96159E-1 1.22484E-1 1.34086E-1 2.4959E-1 3.96269E-1 4.43818E-1 4.29207E-1 4.83838E-1 4.05872E-1 3.994E-1 2.96596E-1 1.8475E-1 1.78126E-1 1.78871E-1 1.95282E-1 2.23937E-1 2.4963E-1 2.43897E-1 2.87679E-1 2.38058E-1 2.03018E-1 1.89563E-1 1.8729E-1 1.79008E-1 1.69505E-1 1.68165E-1 1.98017E-1 2.13982E-1 2.64778E-1 2.20213E-1 2.29371E-1 3.22388E-1 3.69591E-1 3.8132E-1 4.38511E-1 4.63682E-1 4.1476E-1 4.30388E-1 4.07176E-1 4.93793E-1 5.37368E-1 5.77262E-1 6.52005E-1 7.03066E-1 7.09209E-1 7.18867E-1 7.15456E-1 7.24427E-1 -9999 -9999 -9999 -9999 -9999 -9999 -9999 -9999 7.53784E-1 7.50292E-1 7.1586E-1 6.14614E-1 5.8193E-1 7.30087E-1
3.41238E-1 2.95756E-1 1.8301E-1 1.7115E-1 2.04867E-1 2.17189E-1 2.15398E-1 2.28714E-1 2.36123E-1 2.25307E-1 1.91959E-1 1.25639E-1 1.39289E-1 2.40341E-1 3.77773E-1 4.0333E-1 3.98568E-1 4.2886E-1 3.61313E-1 3.62229E-1 2.2753E-1 1.37277E-1 1.29714E-1 1.41536E-1 1.32215E-1 1.41743E-1 1.70893E-1 2.13264E-1 2.83955E-1 2.31333E-1 2.92181E-1 2.547E-1 2.58582E-1 1.84984E-1 1.51616E-1 2.13065E-1 1.47672E-1 1.15427E-1 1.84728E-1 1.88447E-1 2.79393E-1 3.22175E-1 3.98991E-1 4.17971E-1 3.61141E-1 3.56036E-1 4.65078E-1 5.14764E-1 5.10736E-1 5.22375E-1 5.78501E-1 6.38669E-1 6.83708E-1 7.02653E-1 7.0319E-1 7.19167E-1 -9999 -9999 -9999 -9999 -9999 -9999 -9999 -9999 -9999 -9999 7.27324E-1 -9999 7.03348E-1 6.27189E-1 7.37344E-1 7.73524E-1
3.49718E-1 3.4113E-1 2.3433E-1 1.55298E-1 1.9549E-1 2.22727E-1 2.25848E-1 2.36379E-1 2.25382E-1 1.89485E-1 1.34601E-1 1.33704E-1 1.48124E-1 2.33002E-1 3.7411E-1 3.76005E-1 3.71488E-1 3.64203E-1 3.39921E-1 3.02692E-1 1.86789E-1 1.18716E-1 1.08356E-1 1.11746E-1 9.85349E-2 1.11572E-1 1.43327E-1 2.38594E-1 2.90984E-1 2.87693E-1 4.06228E-1 3.16068E-1 2.07855E-1 1.20784E-1 1.44264E-1 2.00634E-1 1.20976E-1 1.7148E-1 2.43021E-1 2.18515E-1 2.11739E-1 3.07188E-1 3.59115E-1 3.18487E-1 3.79193E-1 4.47473E-1 5.35935E-1 5.78361E-1 5.92464E-1 5.92697E-1 6.57106E-1 6.75625E-1 6.89826E-1 7.06339E-1 -9999 -9999 -9999 -9999 -9999 -9999 -9999 -9999 -9999 -9999 -9999 -9999 -9999 7.3848E-1 7.51937E-1 7.37781E-1 7.71983E-1 -9999
