Artocarpus altilis SDM files/Last interglacial/results (with bias file)/Artalt_7.asc
ncols         1201
nrows         481
xllcorner     119.99986351115
yllcorner     -15.00013864885
cellsize      0.041666667
NODATA_value  -9999
[rows 448 to 479 of 481, columns 144 to 215 of 1201]
-9999 -9999 -9999 -9999 -9999 -9999 -9999 -9999 -9999 -9999 -9999 -9999 -9999 -9999 -9999 -9999 -9999 -9999 -9999 -9999 -9999 -9999 -9999 -9999 -9999 -9999 -9999 -9999 -9999 -9999 -9999 -9999 -9999 -9999 -9999 -9999 -9999 -9999 -9999 -9999 -9999 -9999 -9999 -9999 -9999 -9999 -9999 -9999 -9999 -9999 -9999 -9999 -9999 -9999 -9999 -9999 -9999 -9999 -9999 -9999 -9999 -9999 -9999 -9999 -9999 -9999 -9999 -9999 -9999 -9999 -9999 -9999
-9999 -9999 -9999 -9999 -9999 -9999 -9999 -9999 -9999 -9999 -9999 -9999 -9999 -9999 -9999 -9999 -9999 -9999 -9999 -9999 -9999 -9999 -9999 -9999 -9999 -9999 -9999 -9999 -9999 -9999 -9999 -9999 -9999 -9999 -9999 -9999 -9999 -9999 -9999 -9999 -9999 -9999 -9999 -9999 -9999 -9999 -9999 -9999 -9999 -9999 -9999 -9999 -9999 -9999 -9999 -9999 -9999 -9999 -9999 -9999 -9999 -9999 -9999 -9999 -9999 -9999 -9999 -9999 -9999 -9999 -9999 -9999
-9999 -9999 -9999 -9999 -9999 -9999 -9999 -9999 -9999 -9999 -9999 -9999 -9999 -9999 -9999 -9999 -9999 -9999 -9999 -9999 -9999 -9999 9.23485E-1 -9999 -9999 -9999 -9999 -9999 -9999 -9999 -9999 -9999 -9999 -9999 -9999 -9999 -9999 -9999 -9999 -9999 -9999 -9999 -9999 -9999 -9999 -9999 -9999 -9999 -9999 -9999 -9999 -9999 -9999 -9999 -9999 -9999 -9999 -9999 -9999 -9999 -9999 -9999 -9999 -9999 -9999 -9999 -9999 -9999 -9999 -9999 -9999 -9999
-9999 -9999 -9999 -9999 -9999 -9999 -9999 -9999 -9999 -9999 -9999 -9999 -9999 -9999 -9999 -9999 -9999 -9999 9.05486E-1 9.05188E-1 9.00321E-1 9.02905E-1 9.06612E-1 9.08837E-1 -9999 -9999 -9999 -9999 -9999 -9999 -9999 -9999 -9999 -9999 -9999 -9999 -9999 -9999 -9999 -9999 -9999 -9999 -9999 -9999 -9999 -9999 -9999 -9999 -9999 -9999 -9999 -9999 -9999 -9999 -9999 -9999 -9999 -9999 -9999 -9999 -9999 -9999 -9999 -9999 -9999 -9999 -9999 -9999 -9999 -9999 -9999 -9999
-9999 -9999 -9999 -9999 -9999 -9999 -9999 -9999 -9999 -9999 -9999 -9999 -9999 -9999 -9999 -9999 -9999 9.06065E-1 8.78584E-1 8.74526E-1 8.83928E-1 8.776E-1 8.74227E-1 8.86609E-1 8.89072E-1 8.81688E-1 -9999 -9999 -9999 -9999 -9999 -9999 -9999 -9999 -9999 -9999 -9999 -9999 -9999 -9999 -9999 -9999 -9999 -9999 -9999 -9999 -9999 -9999 -9999 -9999 -9999 -9999 -9999 -9999 -9999 -9999 -9999 -9999 -9999 -9999 -9999 -9999 -9999 -9999 -9999 -9999 -9999 -9999 -9999 -9999 -9999 -9999
-9999 -9999 -9999 -9999 -9999 -9999 -9999 -9999 -9999 -9999 -9999 -9999 -9999 -9999 8.81389E-1 -9999 -9999 -9999 8.56111E-1 8.4045E-1 8.43956E-1 8.38983E-1 8.35714E-1 8.42397E-1 8.3762E-1 8.43697E-1 -9999 -9999 -9999 -9999 -9999 -9999 -9999 -9999 -9999 -9999 -9999 -9999 -9999 -9999 -9999 -9999 -9999 -9999 -9999 -9999 -9999 -9999 -9999 -9999 -9999 -9999 -9999 -9999 -9999 -9999 -9999 -9999 -9999 -9999 -9999 -9999 -9999 -9999 -9999 -9999 -9999 -9999 -9999 -9999 -9999 -9999
-9999 9.67572E-1 9.72226E-1 -9999 -9999 -9999 -9999 9.34604E-1 -9999 -9999 -9999 -9999 8.7417E-1 8.76823E-1 8.60852E-1 -9999 -9999 -9999 8.39405E-1 8.13856E-1 7.85013E-1 7.79173E-1 8.08901E-1 8.04419E-1 7.87449E-1 8.12357E-1 8.19001E-1 8.43188E-1 8.2713E-1 8.10959E-1 8.15237E-1 -9999 -9999 -9999 -9999 -9999 -9999 -9999 -9999 -9999 -9999 -9999 -9999 -9999 -9999 -9999 -9999 -9999 -9999 -9999 -9999 -9999 -9999 -9999 -9999 -9999 -9999 -9999 -9999 -9999 -9999 -9999 -9999 -9999 -9999 -9999 -9999 -9999 -9999 -9999 -9999 -9999
9.70324E-1 9.64497E-1 9.55641E-1 9.53408E-1 9.46499E-1 -9999 9.24605E-1 9.13689E-1 -9999 -9999 -9999 -9999 8.42761E-1 8.27656E-1 8.30517E-1 -9999 -9999 -9999 -9999 7.84307E-1 7.81216E-1 7.56235E-1 7.94049E-1 7.68341E-1 7.42915E-1 7.69044E-1 7.83829E-1 7.93891E-1 7.9219E-1 7.85618E-1 7.75632E-1 8.31575E-1 8.11307E-1 8.3852E-1 8.57213E-1 -9999 -9999 -9999 -9999 -9999 -9999 -9999 -9999 -9999 -9999 -9999 -9999 -9999 -9999 -9999 -9999 -9999 -9999 -9999 -9999 -9999 -9999 -9999 -9999 -9999 -9999 -9999 -9999 -9999 -9999 -9999 -9999 -9999 -9999 -9999 -9999 -9999
9.63901E-1 9.57262E-1 9.38625E-1 9.43504E-1 9.31297E-1 9.19139E-1 -9999 9.08164E-1 8.75231E-1 8.61858E-1 8.41544E-1 8.23191E-1 8.14049E-1 -9999 -9999 -9999 7.75938E-1 7.53443E-1 7.5723E-1 7.56959E-1 7.54191E-1 7.40301E-1 7.51441E-1 7.26313E-1 7.1109E-1 7.26022E-1 7.27129E-1 7.37706E-1 7.20328E-1 7.35242E-1 7.29375E-1 7.73047E-1 7.84163E-1 7.76751E-1 8.17016E-1 -9999 -9999 -9999 -9999 -9999 -9999 -9999 -9999 -9999 -9999 -9999 -9999 -9999 -9999 -9999 -9999 -9999 -9999 -9999 -9999 -9999 -9999 -9999 -9999 -9999 -9999 -9999 -9999 -9999 -9999 -9999 -9999 -9999 -9999 -9999 -9999 -9999
9.56587E-1 9.44085E-1 9.29067E-1 9.08719E-1 8.87917E-1 8.96606E-1 -9999 -9999 8.57266E-1 8.30853E-1 8.1344E-1 8.1022E-1 -9999 -9999 -9999 -9999 7.51944E-1 7.33637E-1 7.22423E-1 7.29802E-1 6.83084E-1 6.99212E-1 7.16798E-1 7.16766E-1 6.86101E-1 6.82541E-1 6.64622E-1 6.75647E-1 7.00581E-1 6.95934E-1 6.95459E-1 7.33483E-1 7.35303E-1 7.21707E-1 7.65622E-1 -9999 -9999 -9999 -9999 -9999 -9999 -9999 -9999 -9999 -9999 -9999 -9999 -9999 -9999 -9999 -9999 -9999 -9999 -9999 -9999 -9999 -9999 -9999 -9999 -9999 -9999 -9999 -9999 -9999 -9999 -9999 -9999 -9999 -9999 -9999 -9999 -9999
9.21734E-1 9.02213E-1 8.98274E-1 8.80354E-1 8.90793E-1 -9999 -9999 -9999 8.15388E-1 7.97881E-1 7.72382E-1 7.82387E-1 -9999 -9999 -9999 7.04406E-1 -9999 7.0412E-1 6.67654E-1 6.56078E-1 6.4845E-1 6.58644E-1 6.64511E-1 6.79495E-1 6.47531E-1 6.56363E-1 6.42754E-1 6.39849E-1 6.48435E-1 6.55402E-1 6.531E-1 7.05905E-1 6.8391E-1 7.15716E-1 7.54395E-1 7.94349E-1 8.02101E-1 -9999 -9999 -9999 -9999 -9999 -9999 -9999 -9999 -9999 -9999 -9999 -9999 -9999 -9999 -9999 -9999 -9999 -9999 -9999 -9999 -9999 -9999 -9999 -9999 -9999 -9999 -9999 -9999 -9999 -9999 -9999 -9999 -9999 -9999 -9999
9.10573E-1 9.07422E-1 8.89178E-1 8.43632E-1 8.39884E-1 -9999 -9999 8.04939E-1 7.82559E-1 7.37142E-1 7.64221E-1 7.56236E-1 7.57626E-1 -9999 -9999 6.7597E-1 6.81455E-1 6.55245E-1 6.11036E-1 6.41955E-1 6.18847E-1 6.21216E-1 6.28543E-1 6.07785E-1 6.18905E-1 6.04435E-1 6.31048E-1 6.20566E-1 5.98586E-1 6.29903E-1 6.59001E-1 6.83872E-1 6.85328E-1 6.85908E-1 6.95257E-1 7.07303E-1 7.83274E-1 8.13082E-1 -9999 -9999 -9999 -9999 -9999 -9999 -9999 -9999 -9999 -9999 -9999 -9999 -9999 -9999 -9999 -9999 -9999 -9999 -9999 -9999 -9999 -9999 -9999 -9999 -9999 -9999 -9999 -9999 -9999 -9999 -9999 -9999 -9999 -9999
-9999 -9999 -9999 8.35266E-1 8.36293E-1 8.15994E-1 -9999 7.72154E-1 7.46947E-1 7.11567E-1 7.15204E-1 7.08116E-1 7.07644E-1 6.87583E-1 -9999 6.42402E-1 6.42985E-1 6.19546E-1 5.84161E-1 6.01412E-1 5.92974E-1 5.65472E-1 5.93001E-1 6.20675E-1 5.84817E-1 5.86574E-1 5.91688E-1 5.6413E-1 5.46418E-1 5.92973E-1 6.27943E-1 6.38339E-1 6.55477E-1 6.50654E-1 6.45135E-1 6.60747E-1 7.05161E-1 7.51852E-1 7.8626E-1 -9999 -9999 -9999 -9999 -9999 -9999 -9999 -9999 -9999 -9999 -9999 -9999 -9999 -9999 -9999 -9999 -9999 -9999 -9999 -9999 -9999 -9999 -9999 -9999 -9999 -9999 -9999 -9999 -9999 -9999 -9999 -9999 -9999
-9999 -9999 -9999 8.10293E-1 7.99453E-1 7.98886E-1 7.88199E-1 7.55336E-1 7.36136E-1 6.9457E-1 6.37894E-1 6.67213E-1 6.34066E-1 6.55933E-1 6.53571E-1 6.27876E-1 6.03441E-1 5.9595E-1 5.51847E-1 5.5222E-1 5.50553E-1 5.38385E-1 5.53481E-1 5.89437E-1 5.50198E-1 5.68215E-1 5.60135E-1 5.24982E-1 5.0978E-1 5.63143E-1 6.0289E-1 6.24436E-1 6.35123E-1 6.39896E-1 5.93168E-1 6.16649E-1 6.58819E-1 7.23283E-1 7.61551E-1 7.96956E-1 -9999 -9999 -9999 -9999 -9999 -9999 -9999 -9999 -9999 -9999 -9999 -9999 -9999 -9999 -9999 -9999 -9999 -9999 -9999 -9999 -9999 -9999 -9999 -9999 -9999 -9999 -9999 -9999 -9999 -9999 -9999 -9999
8.28344E-1 8.24597E-1 7.96733E-1 7.67715E-1 7.69396E-1 7.75605E-1 7.53729E-1 7.28791E-1 6.87682E-1 6.62783E-1 6.338E-1 5.93593E-1 5.45883E-1 6.36998E-1 6.16674E-1 5.62925E-1 5.73994E-1 5.34812E-1 5.07173E-1 4.84811E-1 5.09977E-1 5.40194E-1 5.42708E-1 5.4856E-1 5.48479E-1 5.24848E-1 4.97902E-1 4.85457E-1 5.05828E-1 5.27921E-1 5.48916E-1 5.58827E-1 6.10183E-1 6.07856E-1 5.64397E-1 6.0831E-1 6.5704E-1 6.81915E-1 7.17487E-1 7.48566E-1 7.89478E-1 -9999 -9999 -9999 -9999 -9999 -9999 -9999 -9999 -9999 -9999 -9999 -9999 -9999 -9999 -9999 -9999 -9999 -9999 -9999 -9999 -9999 -9999 -9999 -9999 -9999 -9999 -9999 -9999 -9999 -9999 -9999
-9999 7.73155E-1 7.29988E-1 7.48167E-1 7.65587E-1 7.30988E-1 6.93127E-1 6.98266E-1 6.53675E-1 5.94038E-1 5.68254E-1 5.20529E-1 5.55228E-1 5.87834E-1 5.93345E-1 5.28445E-1 4.99346E-1 4.5227E-1 4.53334E-1 4.61962E-1 4.97894E-1 5.25567E-1 5.19398E-1 5.15167E-1 4.84649E-1 4.91671E-1 4.52895E-1 4.72468E-1 5.27117E-1 5.24725E-1 5.46794E-1 5.62057E-1 5.59927E-1 5.45909E-1 5.71821E-1 6.06313E-1 6.0777E-1 6.11481E-1 6.6426E-1 7.12081E-1 7.46264E-1 7.91076E-1 -9999 -9999 -9999 -9999 -9999 -9999 -9999 -9999 -9999 -9999 -9999 -9999 -9999 -9999 -9999 -9999 -9999 -9999 -9999 -9999 -9999 -9999 -9999 -9999 -9999 -9999 -9999 -9999 -9999 -9999
7.64889E-1 7.78321E-1 6.99294E-1 6.8429E-1 7.0686E-1 6.91328E-1 6.50779E-1 6.66925E-1 5.85133E-1 5.11258E-1 5.32924E-1 5.46727E-1 5.59105E-1 5.10592E-1 5.40606E-1 5.38436E-1 4.48131E-1 4.0732E-1 4.24876E-1 4.36727E-1 4.804E-1 5.18737E-1 5.12868E-1 4.96793E-1 4.33211E-1 4.2795E-1 4.42547E-1 4.65869E-1 4.78499E-1 5.10397E-1 4.93316E-1 5.15364E-1 5.25611E-1 5.24918E-1 5.47568E-1 5.78268E-1 6.21E-1 6.0652E-1 6.60053E-1 6.66243E-1 6.95225E-1 7.61479E-1 7.82554E-1 -9999 -9999 -9999 -9999 -9999 -9999 -9999 -9999 -9999 -9999 -9999 -9999 -9999 -9999 -9999 -9999 -9999 -9999 -9999 -9999 -9999 -9999 -9999 -9999 -9999 -9999 -9999 -9999 -9999
7.55091E-1 7.42316E-1 6.94587E-1 6.28899E-1 6.2969E-1 6.40278E-1 6.16609E-1 6.09243E-1 5.23879E-1 4.7233E-1 5.0534E-1 5.25279E-1 4.75904E-1 4.56702E-1 5.17869E-1 4.91191E-1 4.59323E-1 4.06021E-1 4.01148E-1 4.26312E-1 5.03677E-1 4.93059E-1 4.87434E-1 4.56582E-1 4.13324E-1 4.12006E-1 4.2574E-1 4.70086E-1 4.71595E-1 4.82895E-1 4.64671E-1 5.09174E-1 5.37794E-1 5.28179E-1 5.0783E-1 5.46036E-1 5.87166E-1 6.42333E-1 6.42631E-1 6.56127E-1 6.9271E-1 7.36553E-1 7.70446E-1 7.88859E-1 -9999 -9999 -9999 -9999 -9999 -9999 -9999 -9999 -9999 -9999 -9999 -9999 -9999 -9999 -9999 -9999 -9999 -9999 -9999 -9999 -9999 -9999 -9999 -9999 -9999 -9999 -9999 -9999
6.84492E-1 6.58801E-1 6.40952E-1 5.91444E-1 5.65286E-1 5.75052E-1 5.91203E-1 5.51086E-1 5.06337E-1 4.47717E-1 4.57566E-1 4.83628E-1 5.02354E-1 5.10019E-1 5.13169E-1 5.02931E-1 4.37922E-1 4.13484E-1 4.01877E-1 4.28403E-1 4.75409E-1 4.63801E-1 4.56171E-1 4.38752E-1 3.87372E-1 4.17666E-1 4.23218E-1 4.74534E-1 4.64256E-1 4.32246E-1 4.71562E-1 5.05235E-1 4.81895E-1 5.06989E-1 4.73172E-1 5.02282E-1 5.6045E-1 5.87121E-1 6.26134E-1 6.37946E-1 6.80379E-1 7.24406E-1 6.99759E-1 7.32767E-1 -9999 -9999 -9999 -9999 -9999 -9999 -9999 -9999 -9999 -9999 -9999 -9999 -9999 -9999 -9999 -9999 -9999 -9999 -9999 -9999 -9999 -9999 -9999 -9999 -9999 -9999 -9999 -9999
6.57344E-1 6.094E-1 5.85489E-1 5.34574E-1 5.356E-1 5.32568E-1 5.53048E-1 4.84155E-1 4.79642E-1 4.73001E-1 4.60824E-1 4.28141E-1 4.83575E-1 4.67988E-1 4.90094E-1 4.62946E-1 4.04075E-1 3.84385E-1 4.28124E-1 4.48456E-1 4.59354E-1 4.36778E-1 4.27987E-1 3.87501E-1 3.88255E-1 4.15868E-1 4.33522E-1 4.24592E-1 4.41443E-1 4.23424E-1 4.6295E-1 4.77247E-1 4.77553E-1 4.61058E-1 4.4799E-1 5.12688E-1 5.34294E-1 5.50102E-1 6.17903E-1 6.38406E-1 6.53888E-1 6.19672E-1 6.70814E-1 7.03353E-1 7.48813E-1 -9999 -9999 -9999 -9999 -9999 -9999 -9999 -9999 -9999 -9999 -9999 -9999 -9999 -9999 -9999 -9999 -9999 -9999 -9999 -9999 -9999 -9999 -9999 -9999 -9999 -9999 -9999
6.63979E-1 5.91155E-1 5.31524E-1 5.03481E-1 5.09224E-1 4.93847E-1 4.76533E-1 4.64203E-1 4.80079E-1 4.74118E-1 4.63212E-1 4.23344E-1 4.45423E-1 4.71095E-1 4.5972E-1 4.12106E-1 4.53999E-1 4.41501E-1 4.48728E-1 4.28245E-1 4.31879E-1 4.18865E-1 3.85489E-1 3.63164E-1 3.92072E-1 3.90798E-1 4.2407E-1 4.02932E-1 4.04107E-1 4.08997E-1 4.45038E-1 4.69021E-1 4.50213E-1 4.53175E-1 4.44838E-1 5.12045E-1 5.54581E-1 5.2637E-1 5.59252E-1 6.42079E-1 6.40775E-1 5.82861E-1 6.85428E-1 6.98897E-1 7.17649E-1 7.45381E-1 -9999 -9999 -9999 -9999 -9999 -9999 -9999 -9999 -9999 -9999 -9999 -9999 -9999 -9999 -9999 -9999 -9999 -9999 -9999 -9999 -9999 -9999 -9999 -9999 -9999 -9999
6.34415E-1 5.77355E-1 4.88739E-1 4.58712E-1 4.67333E-1 4.88607E-1 4.69333E-1 4.7932E-1 4.56662E-1 4.43061E-1 4.57349E-1 4.63288E-1 4.58814E-1 4.45545E-1 3.81217E-1 3.68343E-1 4.14599E-1 4.20096E-1 4.29696E-1 4.00515E-1 4.11908E-1 4.17624E-1 3.88857E-1 3.52896E-1 3.77993E-1 3.81699E-1 3.78015E-1 3.89361E-1 3.81257E-1 4.12292E-1 4.29918E-1 4.59767E-1 4.38859E-1 4.20143E-1 4.82499E-1 5.09133E-1 5.37592E-1 5.75339E-1 6.15989E-1 6.36654E-1 6.18479E-1 5.61857E-1 6.07198E-1 6.7359E-1 6.53714E-1 7.2931E-1 7.62612E-1 -9999 -9999 -9999 -9999 -9999 -9999 -9999 -9999 -9999 -9999 -9999 -9999 -9999 -9999 -9999 -9999 -9999 -9999 -9999 -9999 -9999 -9999 -9999 -9999 -9999
6.06615E-1 5.82154E-1 4.92308E-1 4.14245E-1 4.43724E-1 4.85416E-1 4.71559E-1 4.40382E-1 4.09799E-1 4.26964E-1 4.38672E-1 4.16106E-1 4.38757E-1 4.01653E-1 3.50226E-1 3.39615E-1 3.35541E-1 3.85017E-1 4.03323E-1 3.86811E-1 4.00599E-1 4.11752E-1 3.91971E-1 3.6544E-1 3.51842E-1 3.56321E-1 3.53788E-1 3.68324E-1 3.76918E-1 4.15613E-1 4.21476E-1 4.35219E-1 4.13964E-1 4.08317E-1 4.65952E-1 4.74668E-1 4.90859E-1 5.64175E-1 5.83833E-1 5.83943E-1 5.87101E-1 5.4271E-1 5.62422E-1 5.65688E-1 6.17707E-1 6.7432E-1 7.43879E-1 7.35896E-1 7.14384E-1 -9999 -9999 -9999 -9999 -9999 -9999 -9999 -9999 -9999 -9999 -9999 -9999 -9999 -9999 -9999 -9999 -9999 -9999 -9999 -9999 -9999 -9999 -9999
5.26779E-1 4.97789E-1 4.75355E-1 3.93495E-1 4.42929E-1 4.62269E-1 4.0008E-1 4.18952E-1 4.18273E-1 4.02153E-1 3.67263E-1 3.93983E-1 3.95044E-1 3.60501E-1 3.48192E-1 3.06114E-1 3.32963E-1 3.91623E-1 3.8805E-1 3.57633E-1 4.08186E-1 4.09785E-1 3.78748E-1 3.6106E-1 3.85314E-1 3.47267E-1 3.48138E-1 3.76876E-1 3.94493E-1 4.15672E-1 4.05001E-1 3.9917E-1 4.15045E-1 4.13381E-1 4.8855E-1 4.55868E-1 4.801E-1 5.36919E-1 5.53333E-1 5.33693E-1 5.68079E-1 5.2202E-1 5.30468E-1 5.41932E-1 5.83036E-1 6.20171E-1 6.95888E-1 7.29807E-1 6.90818E-1 6.81862E-1 -9999 -9999 -9999 -9999 -9999 -9999 -9999 -9999 -9999 -9999 -9999 -9999 -9999 -9999 -9999 -9999 -9999 -9999 -9999 -9999 -9999 -9999
4.61237E-1 4.32468E-1 3.98404E-1 3.93532E-1 4.24477E-1 3.95481E-1 3.83381E-1 3.83873E-1 3.86332E-1 3.8072E-1 3.55441E-1 3.65267E-1 3.55033E-1 3.19639E-1 3.46188E-1 3.13647E-1 3.85473E-1 4.02685E-1 3.99965E-1 3.83317E-1 3.63594E-1 3.72197E-1 3.59471E-1 3.81977E-1 3.71142E-1 3.44313E-1 3.38836E-1 3.64245E-1 3.85198E-1 3.68173E-1 3.79898E-1 3.76E-1 4.0569E-1 4.01248E-1 4.46002E-1 4.89381E-1 4.72273E-1 4.93635E-1 5.11472E-1 5.764E-1 5.53944E-1 5.11208E-1 5.11896E-1 6.06842E-1 6.22711E-1 6.29012E-1 6.53712E-1 7.15109E-1 6.88167E-1 6.6822E-1 7.04977E-1 -9999 -9999 -9999 -9999 -9999 -9999 -9999 -9999 -9999 -9999 -9999 -9999 -9999 -9999 -9999 -9999 -9999 -9999 -9999 -9999 -9999
4.5858E-1 4.21142E-1 3.82921E-1 3.65316E-1 3.96691E-1 3.40106E-1 3.57503E-1 3.62059E-1 3.75719E-1 3.75313E-1 3.22959E-1 3.19661E-1 3.53683E-1 3.13188E-1 3.12031E-1 3.40923E-1 3.82951E-1 3.94133E-1 3.72481E-1 3.67765E-1 3.21501E-1 3.22229E-1 3.56899E-1 3.94633E-1 3.8061E-1 3.22321E-1 3.32884E-1 3.41204E-1 3.69572E-1 3.63901E-1 3.82973E-1 3.68136E-1 3.9026E-1 3.72085E-1 4.05877E-1 4.31884E-1 4.47261E-1 5.25294E-1 5.44467E-1 5.68685E-1 5.45304E-1 5.54376E-1 5.50678E-1 5.99563E-1 5.8617E-1 5.7099E-1 6.26802E-1 6.84368E-1 6.75441E-1 6.28936E-1 6.50109E-1 7.26925E-1 -9999 -9999 -9999 -9999 -9999 -9999 -9999 -9999 -9999 -9999 -9999 -9999 -9999 -9999 -9999 -9999 -9999 -9999 -9999 -9999
4.30131E-1 3.67102E-1 3.42679E-1 3.46177E-1 3.6974E-1 3.37495E-1 3.12465E-1 3.38779E-1 3.51168E-1 3.22591E-1 2.94588E-1 3.08311E-1 3.11434E-1 2.86579E-1 2.95072E-1 3.0109E-1 3.36797E-1 3.97209E-1 3.82172E-1 3.17181E-1 3.09629E-1 3.50626E-1 3.81631E-1 3.3902E-1 3.62555E-1 3.56335E-1 3.15696E-1 3.25595E-1 3.57711E-1 3.57581E-1 3.59768E-1 3.7301E-1 3.85513E-1 3.82042E-1 3.8157E-1 4.35727E-1 4.93617E-1 5.2045E-1 5.52033E-1 5.31642E-1 5.17524E-1 5.25865E-1 5.25636E-1 5.80365E-1 5.56413E-1 5.13785E-1 5.22878E-1 5.739E-1 5.91857E-1 6.50295E-1 6.64306E-1 7.25455E-1 6.96905E-1 7.18843E-1 -9999 6.94283E-1 -9999 -9999 -9999 -9999 -9999 -9999 -9999 -9999 -9999 -9999 -9999 -9999 -9999 -9999 -9999 -9999
3.72633E-1 3.58812E-1 3.24858E-1 3.34075E-1 3.50121E-1 3.23662E-1 2.99402E-1 2.89255E-1 3.17342E-1 3.03945E-1 2.9239E-1 3.09452E-1 3.30102E-1 3.24556E-1 3.42782E-1 2.99381E-1 3.30916E-1 3.83961E-1 3.91087E-1 3.35757E-1 3.06948E-1 3.3438E-1 3.65605E-1 3.37924E-1 3.14193E-1 3.49291E-1 3.31439E-1 3.20777E-1 3.34252E-1 3.41191E-1 3.68711E-1 3.88845E-1 4.12501E-1 4.19592E-1 4.13047E-1 4.35386E-1 4.92701E-1 4.58784E-1 5.20965E-1 5.01101E-1 4.6703E-1 4.84875E-1 5.60058E-1 5.40408E-1 5.46393E-1 5.77119E-1 5.14434E-1 5.22448E-1 5.82417E-1 5.83226E-1 6.02788E-1 6.55913E-1 7.13399E-1 -9999 -9999 6.96019E-1 -9999 -9999 -9999 6.81925E-1 6.75379E-1 6.84566E-1 6.90307E-1 6.86269E-1 -9999 -9999 -9999 -9999 -9999 -9999 -9999 -9999
3.43678E-1 3.17037E-1 3.06363E-1 3.12001E-1 3.16931E-1 3.05869E-1 2.91816E-1 3.06809E-1 3.22429E-1 3.32997E-1 3.28535E-1 3.19606E-1 3.18604E-1 3.46366E-1 3.61716E-1 3.62815E-1 3.74175E-1 3.7623E-1 3.69628E-1 3.49893E-1 2.82832E-1 3.37925E-1 3.52667E-1 3.21125E-1 3.18491E-1 3.04751E-1 3.14057E-1 3.45514E-1 3.38445E-1 3.28052E-1 3.66928E-1 3.84116E-1 4.16998E-1 4.18792E-1 4.39621E-1 4.34396E-1 4.57801E-1 4.59158E-1 4.77191E-1 4.79523E-1 4.47556E-1 4.92675E-1 4.96502E-1 5.46687E-1 5.12569E-1 5.61996E-1 5.76023E-1 4.90626E-1 5.8593E-1 6.30268E-1 6.40133E-1 6.40184E-1 6.77095E-1 -9999 -9999 -9999 -9999 6.69851E-1 6.63078E-1 6.6049E-1 6.63388E-1 6.70802E-1 6.79148E-1 6.70097E-1 6.63242E-1 6.40812E-1 6.40166E-1 -9999 -9999 -9999 -9999 -9999
2.98577E-1 2.87345E-1 2.92482E-1 3.06965E-1 3.13377E-1 3.01287E-1 2.83116E-1 3.14591E-1 3.08703E-1 3.17769E-1 2.68088E-1 3.04087E-1 2.94087E-1 3.33996E-1 3.38184E-1 3.55834E-1 3.44523E-1 3.62192E-1 3.63976E-1 3.16372E-1 2.96853E-1 3.28124E-1 3.59185E-1 3.00723E-1 2.96402E-1 3.13298E-1 3.00737E-1 3.39389E-1 3.44567E-1 3.27824E-1 3.32351E-1 3.72091E-1 3.80521E-1 4.10652E-1 4.33425E-1 4.2526E-1 4.3E-1 4.34091E-1 4.35168E-1 4.67191E-1 4.38761E-1 4.65057E-1 4.53178E-1 5.32769E-1 4.73247E-1 4.91299E-1 5.41221E-1 5.31609E-1 6.08527E-1 6.33209E-1 6.61714E-1 6.68392E-1 6.76354E-1 -9999 -9999 -9999 -9999 6.65524E-1 6.70805E-1 6.45535E-1 6.42465E-1 6.47982E-1 6.52491E-1 6.53118E-1 6.35664E-1 6.3072E-1 6.2698E-1 6.12368E-1 5.91025E-1 5.88607E-1 5.82274E-1 5.87901E-1
2.75695E-1 2.5903E-1 2.78616E-1 2.89798E-1 2.99031E-1 2.83243E-1 2.59923E-1 2.96074E-1 2.98066E-1 2.82753E-1 2.62619E-1 2.8663E-1 2.69004E-1 3.03593E-1 3.11977E-1 3.40636E-1 3.23342E-1 3.25719E-1 3.53777E-1 3.09512E-1 3.04152E-1 3.00099E-1 3.46732E-1 2.95331E-1 2.91088E-1 3.14185E-1 3.04201E-1 3.34499E-1 3.16328E-1 3.19885E-1 3.52246E-1 3.83449E-1 3.87402E-1 4.20739E-1 4.07509E-1 3.85337E-1 4.00495E-1 4.27696E-1 4.55878E-1 4.83768E-1 4.50961E-1 4.51824E-1 5.08886E-1 5.06272E-1 4.48134E-1 4.93713E-1 4.76352E-1 5.42826E-1 5.70524E-1 6.06119E-1 6.39041E-1 6.53406E-1 -9999 -9999 -9999 -9999 6.34036E-1 6.20073E-1 6.35313E-1 6.29235E-1 6.13551E-1 6.11565E-1 6.17801E-1 6.0305E-1 5.95907E-1 5.96614E-1 6.02056E-1 5.91535E-1 5.99164E-1 6.0123E-1 5.8131E-1 5.67915E-1
2.57278E-1 2.66296E-1 2.92397E-1 2.92501E-1 2.80566E-1 2.64662E-1 2.44053E-1 2.84908E-1 2.96799E-1 2.79794E-1 2.75211E-1 2.7382E-1 2.60379E-1 2.66428E-1 3.05277E-1 3.12895E-1 2.9284E-1 3.02749E-1 3.21047E-1 3.30476E-1 2.93767E-1 3.02087E-1 3.60238E-1 3.2525E-1 2.96028E-1 3.04761E-1 3.24093E-1 3.27907E-1 3.10897E-1 2.9177E-1 3.26033E-1 3.86508E-1 3.92506E-1 4.25792E-1 4.27138E-1 4.11154E-1 4.20241E-1 4.58408E-1 4.67042E-1 4.41588E-1 4.31016E-1 4.09276E-1 4.4185E-1 4.40359E-1 4.47418E-1 4.53668E-1 4.70302E-1 4.55424E-1 5.32792E-1 5.84187E-1 6.37962E-1 -9999 -9999 -9999 -9999 6.13055E-1 6.15842E-1 6.22164E-1 6.20389E-1 6.40062E-1 6.21971E-1 5.83961E-1 5.75993E-1 5.59318E-1 5.50758E-1 5.60164E-1 5.6576E-1 5.74058E-1 5.78842E-1 5.63243E-1 5.37132E-1 5.33939E-1
