Artocarpus altilis SDM files/Last interglacial/results (with bias file)/Artalt_max.asc
ncols         1201
nrows         481
xllcorner     119.99986351115
yllcorner     -15.00013864885
cellsize      0.041666667
NODATA_value  -9999
[rows 256 to 287 of 481, columns 432 to 503 of 1201]
5.70248E-1 5.59542E-1 5.49695E-1 5.28436E-1 5.18004E-1 5.13352E-1 4.81712E-1 4.82231E-1 4.52947E-1 4.25585E-1 4.0669E-1 3.62491E-1 3.85673E-1 3.52556E-1 3.44124E-1 3.37918E-1 3.31203E-1 3.31107E-1 3.0075E-1 2.96179E-1 3.19064E-1 2.90343E-1 2.86085E-1 2.48951E-1 2.52505E-1 2.42488E-1 2.45362E-1 2.3294E-1 2.26236E-1 2.46382E-1 2.10671E-1 2.07125E-1 2.06051E-1 2.05812E-1 2.11129E-1 1.90947E-1 1.90765E-1 1.93127E-1 1.85817E-1 1.61231E-1 1.87636E-1 1.78842E-1 1.56697E-1 1.65292E-1 1.83943E-1 1.74033E-1 1.62211E-1 1.56458E-1 1.52506E-1 1.60795E-1 1.99467E-1 2.06678E-1 1.90584E-1 1.79245E-1 1.77172E-1 1.75708E-1 1.6927E-1 1.77266E-1 1.78138E-1 1.69234E-1 1.71869E-1 1.85872E-1 1.82976E-1 1.839E-1 1.87288E-1 2.10241E-1 1.99187E-1 1.83458E-1 1.9319E-1 2.08172E-1 2.05366E-1 1.90947E-1
6.05363E-1 5.20436E-1 5.66628E-1 5.41734E-1 5.41755E-1 5.1709E-1 4.63854E-1 4.15797E-1 3.90299E-1 4.11266E-1 3.79585E-1 3.70867E-1 3.4558E-1 3.31556E-1 3.52322E-1 3.21587E-1 3.22329E-1 3.09457E-1 3.14724E-1 3.03805E-1 2.67275E-1 2.62474E-1 2.60029E-1 2.41854E-1 2.38137E-1 2.44397E-1 2.32784E-1 2.16672E-1 2.09899E-1 2.30731E-1 2.1174E-1 2.08972E-1 2.11189E-1 2.10168E-1 2.0886E-1 2.1379E-1 1.93485E-1 1.99635E-1 1.85526E-1 1.79956E-1 1.90644E-1 1.95932E-1 1.72206E-1 1.73456E-1 1.7709E-1 1.75344E-1 1.79316E-1 1.73359E-1 1.69053E-1 1.64647E-1 1.79141E-1 1.85798E-1 1.78028E-1 1.79754E-1 1.79181E-1 1.79966E-1 1.80275E-1 1.75336E-1 1.75853E-1 1.81364E-1 1.73904E-1 1.72198E-1 1.87674E-1 1.85261E-1 1.82392E-1 1.96109E-1 1.755E-1 1.74561E-1 2.07533E-1 2.17428E-1 2.08751E-1 1.99636E-1
-9999 5.58711E-1 5.74368E-1 5.80716E-1 4.98426E-1 4.38516E-1 3.99126E-1 4.24612E-1 4.33713E-1 4.16096E-1 3.46919E-1 3.59881E-1 3.58354E-1 3.39531E-1 3.58196E-1 2.98244E-1 2.87038E-1 2.86763E-1 2.78083E-1 2.66005E-1 2.49909E-1 2.60775E-1 2.43249E-1 2.41119E-1 2.42366E-1 2.33683E-1 2.19882E-1 2.04397E-1 1.97132E-1 2.123E-1 2.12681E-1 2.12866E-1 1.96597E-1 1.92155E-1 1.95673E-1 2.02236E-1 1.95589E-1 1.87422E-1 1.78051E-1 1.63168E-1 1.74411E-1 1.91821E-1 1.78536E-1 1.72045E-1 1.77266E-1 1.68073E-1 1.64341E-1 1.7361E-1 1.51873E-1 1.72435E-1 1.80369E-1 1.8498E-1 1.94826E-1 1.83569E-1 1.71085E-1 1.61103E-1 1.79814E-1 1.83409E-1 1.84255E-1 1.81374E-1 1.78307E-1 1.74619E-1 1.91159E-1 1.92003E-1 1.89745E-1 1.93953E-1 1.74062E-1 1.82251E-1 2.18593E-1 2.00356E-1 1.95877E-1 1.88178E-1
-9999 -9999 -9999 5.03327E-1 4.84272E-1 4.43956E-1 4.1516E-1 3.98886E-1 3.98755E-1 4.10638E-1 3.48396E-1 3.31641E-1 3.23309E-1 3.15168E-1 2.90785E-1 2.82524E-1 2.70429E-1 2.89502E-1 2.61098E-1 2.60366E-1 2.50983E-1 2.52611E-1 2.62116E-1 2.55527E-1 2.30027E-1 2.2403E-1 2.19185E-1 2.03827E-1 1.98033E-1 1.98684E-1 1.92424E-1 2.13329E-1 1.99969E-1 1.95012E-1 1.82991E-1 1.93334E-1 1.8155E-1 1.90578E-1 1.73018E-1 1.65546E-1 1.61219E-1 1.69419E-1 1.9512E-1 1.82325E-1 1.68415E-1 1.61219E-1 1.60753E-1 1.60665E-1 1.53802E-1 1.722E-1 1.83945E-1 1.82967E-1 2.09829E-1 1.845E-1 1.74839E-1 1.86149E-1 1.82474E-1 1.64131E-1 1.62301E-1 1.79936E-1 1.75605E-1 1.74091E-1 1.79059E-1 1.86633E-1 1.9517E-1 1.8374E-1 1.90371E-1 1.87802E-1 2.05535E-1 2.09137E-1 1.95437E-1 1.92782E-1
-9999 -9999 -9999 4.79715E-1 4.79305E-1 4.32567E-1 4.51668E-1 4.23163E-1 3.9099E-1 3.96773E-1 3.32437E-1 3.15232E-1 3.11587E-1 3.00837E-1 2.88146E-1 2.88054E-1 2.74377E-1 2.73533E-1 2.70208E-1 2.64308E-1 2.6395E-1 2.37151E-1 2.36886E-1 2.42564E-1 2.29321E-1 2.10058E-1 2.06702E-1 2.05194E-1 2.03395E-1 2.01775E-1 1.86952E-1 1.98696E-1 1.9803E-1 1.95504E-1 1.88018E-1 1.85772E-1 1.84959E-1 1.74888E-1 1.79755E-1 1.7304E-1 1.57607E-1 1.5714E-1 1.82294E-1 1.70821E-1 1.86801E-1 1.67014E-1 1.75038E-1 1.78423E-1 1.65899E-1 1.60394E-1 1.77788E-1 1.81319E-1 1.77949E-1 1.90933E-1 1.91018E-1 1.84805E-1 1.81042E-1 1.78738E-1 1.7886E-1 1.79311E-1 1.8192E-1 1.80996E-1 1.81071E-1 1.77057E-1 1.90387E-1 1.8501E-1 1.844E-1 1.79594E-1 1.93208E-1 1.97178E-1 1.98932E-1 1.81034E-1
-9999 -9999 -9999 -9999 -9999 4.36007E-1 4.2554E-1 4.06608E-1 3.8701E-1 3.37306E-1 3.35633E-1 3.2312E-1 3.10868E-1 3.04339E-1 3.01057E-1 2.91207E-1 2.67532E-1 2.62E-1 2.56812E-1 2.48621E-1 2.47909E-1 2.53955E-1 2.40304E-1 2.50472E-1 2.2724E-1 2.1136E-1 2.12088E-1 2.05673E-1 2.04361E-1 2.03848E-1 1.90533E-1 1.8585E-1 1.8071E-1 1.99241E-1 1.8993E-1 1.89486E-1 1.90057E-1 1.80341E-1 1.71975E-1 1.69583E-1 1.61167E-1 1.61629E-1 1.66473E-1 1.6308E-1 1.82704E-1 1.71235E-1 1.8269E-1 1.8379E-1 1.78254E-1 1.583E-1 1.59014E-1 1.60491E-1 1.80226E-1 1.86013E-1 1.89926E-1 1.87669E-1 1.6694E-1 1.83841E-1 1.83181E-1 1.79725E-1 1.81316E-1 1.89468E-1 1.82815E-1 1.79154E-1 2.12456E-1 1.92464E-1 1.79854E-1 1.80463E-1 1.95952E-1 1.95763E-1 1.91424E-1 1.84084E-1
-9999 -9999 -9999 -9999 -9999 4.46671E-1 4.1942E-1 3.79372E-1 3.57057E-1 3.43072E-1 3.23493E-1 3.14946E-1 3.0244E-1 3.14968E-1 2.87985E-1 2.78317E-1 2.66939E-1 2.63086E-1 2.65194E-1 2.70501E-1 2.49739E-1 2.51293E-1 2.26859E-1 2.25334E-1 2.16421E-1 2.13301E-1 2.13689E-1 1.92633E-1 2.07036E-1 2.10147E-1 1.91085E-1 1.89503E-1 1.7851E-1 2.03539E-1 1.88275E-1 1.77182E-1 1.8024E-1 1.92764E-1 1.7021E-1 1.6701E-1 1.63728E-1 1.65309E-1 1.65413E-1 1.68256E-1 1.80034E-1 1.88021E-1 1.88707E-1 1.78144E-1 1.82422E-1 1.671E-1 1.67064E-1 1.65618E-1 1.66308E-1 1.68595E-1 1.83119E-1 1.93926E-1 1.85739E-1 1.86459E-1 1.83709E-1 1.88546E-1 1.90953E-1 1.95377E-1 1.85341E-1 1.86088E-1 1.97183E-1 1.88934E-1 1.66176E-1 1.83114E-1 1.86444E-1 1.8283E-1 1.88411E-1 1.83348E-1
-9999 -9999 -9999 -9999 -9999 4.3991E-1 4.16435E-1 3.77828E-1 3.59479E-1 3.51897E-1 3.27422E-1 3.181E-1 3.10856E-1 3.05764E-1 2.94875E-1 2.68584E-1 2.60374E-1 2.69336E-1 2.4861E-1 2.51934E-1 2.53373E-1 2.35494E-1 2.26312E-1 2.20936E-1 2.02066E-1 2.19525E-1 1.99984E-1 2.00176E-1 1.96276E-1 1.91261E-1 1.94257E-1 1.78636E-1 1.73397E-1 2.06331E-1 1.918E-1 1.80467E-1 1.80606E-1 1.72097E-1 1.70741E-1 1.71413E-1 1.68564E-1 1.6613E-1 1.67546E-1 1.7168E-1 1.64087E-1 1.87179E-1 1.76117E-1 1.83526E-1 1.81829E-1 1.78661E-1 1.66386E-1 1.62434E-1 1.57239E-1 1.74251E-1 1.86281E-1 1.9615E-1 1.90068E-1 1.85604E-1 1.71142E-1 1.91156E-1 1.98639E-1 1.88658E-1 1.7024E-1 1.94607E-1 1.9405E-1 1.90946E-1 1.71132E-1 1.6667E-1 1.87461E-1 1.86992E-1 1.91542E-1 1.88233E-1
-9999 -9999 -9999 -9999 -9999 -9999 4.21625E-1 4.00698E-1 3.7664E-1 3.58814E-1 3.41746E-1 3.27638E-1 3.17716E-1 3.07167E-1 2.78541E-1 2.70235E-1 2.68074E-1 2.59114E-1 2.55357E-1 2.51426E-1 2.56039E-1 2.43729E-1 2.46877E-1 2.23687E-1 2.2353E-1 2.22098E-1 2.00994E-1 2.00696E-1 2.00592E-1 1.91023E-1 2.03529E-1 1.79416E-1 1.7561E-1 1.9259E-1 1.85087E-1 1.82807E-1 1.87885E-1 1.699E-1 1.77518E-1 1.71991E-1 1.69737E-1 1.68754E-1 1.72327E-1 1.74671E-1 1.6674E-1 1.68624E-1 1.76875E-1 1.87408E-1 1.87236E-1 1.87074E-1 1.79594E-1 1.81867E-1 1.91326E-1 1.93526E-1 2.0746E-1 1.99137E-1 1.88162E-1 1.72163E-1 1.77617E-1 2.00506E-1 1.96761E-1 1.83719E-1 1.70483E-1 1.90599E-1 1.99242E-1 1.91004E-1 1.68802E-1 1.72352E-1 1.70985E-1 1.95978E-1 1.88258E-1 1.86149E-1
-9999 -9999 -9999 -9999 -9999 -9999 -9999 4.36937E-1 4.00188E-1 3.63024E-1 3.39533E-1 3.272E-1 3.17049E-1 2.87237E-1 2.89201E-1 2.76786E-1 2.69502E-1 2.69817E-1 2.55503E-1 2.57416E-1 2.47906E-1 2.25901E-1 2.21478E-1 2.20437E-1 2.10107E-1 2.09763E-1 2.06437E-1 2.01405E-1 2.04214E-1 1.98008E-1 2.02556E-1 1.79273E-1 1.77688E-1 1.95816E-1 1.8473E-1 1.85117E-1 1.90108E-1 1.76164E-1 1.78849E-1 1.66822E-1 1.73946E-1 1.71275E-1 1.71371E-1 1.76462E-1 1.72183E-1 1.71155E-1 1.75411E-1 1.9488E-1 1.87801E-1 1.8855E-1 1.67307E-1 1.82709E-1 2.05336E-1 2.01405E-1 1.96437E-1 1.95388E-1 1.90288E-1 1.74847E-1 1.92864E-1 1.95317E-1 1.90027E-1 1.72622E-1 1.78438E-1 1.93377E-1 2.0221E-1 1.92857E-1 1.71184E-1 1.75542E-1 1.76908E-1 1.99243E-1 1.94548E-1 1.85814E-1
-9999 -9999 -9999 -9999 -9999 -9999 -9999 4.36282E-1 4.26447E-1 3.88805E-1 3.8002E-1 3.33909E-1 3.32125E-1 2.99684E-1 2.9324E-1 2.90546E-1 2.74336E-1 2.71748E-1 2.63293E-1 2.56736E-1 2.48966E-1 2.43324E-1 2.22024E-1 2.21474E-1 2.12003E-1 2.12784E-1 2.12547E-1 2.04519E-1 2.04963E-1 1.99744E-1 2.02123E-1 1.95351E-1 1.81115E-1 1.8455E-1 1.88284E-1 2.02515E-1 1.93364E-1 1.7852E-1 1.76765E-1 1.76857E-1 1.78833E-1 1.72905E-1 1.72859E-1 1.764E-1 1.75534E-1 1.7406E-1 1.82822E-1 1.96476E-1 2.01707E-1 1.84081E-1 1.66526E-1 1.86214E-1 1.9504E-1 1.90281E-1 2.02691E-1 1.97122E-1 1.91083E-1 1.77238E-1 1.86149E-1 1.9942E-1 1.95542E-1 1.78362E-1 1.77996E-1 1.8524E-1 2.02119E-1 1.95199E-1 1.72622E-1 1.81942E-1 1.84618E-1 2.0035E-1 2.05989E-1 1.8692E-1
-9999 -9999 -9999 -9999 -9999 -9999 -9999 -9999 4.40608E-1 4.26545E-1 3.86406E-1 3.7308E-1 3.39736E-1 3.28599E-1 3.26578E-1 3.16624E-1 2.9984E-1 2.73141E-1 2.6713E-1 2.6489E-1 2.71553E-1 2.50259E-1 2.28361E-1 2.24459E-1 2.16821E-1 2.1189E-1 2.1067E-1 2.12037E-1 2.08336E-1 2.08035E-1 2.06566E-1 1.97779E-1 1.97314E-1 1.84433E-1 1.87246E-1 2.04018E-1 2.07433E-1 1.81762E-1 1.91254E-1 1.72761E-1 1.94921E-1 1.74806E-1 1.69922E-1 1.78402E-1 1.75224E-1 1.76757E-1 1.87164E-1 2.05167E-1 2.00659E-1 1.85727E-1 1.7634E-1 1.82972E-1 1.83448E-1 1.78727E-1 1.86935E-1 2.02519E-1 1.92106E-1 1.79913E-1 2.08272E-1 2.15231E-1 1.97382E-1 2.00344E-1 1.80538E-1 1.88091E-1 2.00986E-1 1.84683E-1 1.77166E-1 2.02692E-1 2.01866E-1 2.14513E-1 2.04298E-1 1.90504E-1
-9999 -9999 -9999 -9999 -9999 -9999 -9999 -9999 5.09655E-1 4.87403E-1 4.09182E-1 3.69461E-1 3.43556E-1 3.37369E-1 3.21625E-1 3.12921E-1 2.80272E-1 2.81586E-1 2.71756E-1 2.70949E-1 2.5999E-1 2.56806E-1 2.55807E-1 2.45194E-1 2.40431E-1 2.18783E-1 2.11877E-1 2.30836E-1 2.22452E-1 2.24341E-1 2.20981E-1 2.02348E-1 2.00133E-1 2.00494E-1 1.89076E-1 2.05344E-1 2.15168E-1 1.80242E-1 1.91525E-1 1.80387E-1 1.94377E-1 1.80094E-1 1.75126E-1 1.78918E-1 1.93876E-1 1.81034E-1 1.99023E-1 2.07003E-1 2.03415E-1 1.88047E-1 1.72614E-1 1.76783E-1 1.76915E-1 1.84534E-1 2.06287E-1 2.13353E-1 1.92523E-1 1.85275E-1 2.0546E-1 1.99306E-1 2.0504E-1 2.15768E-1 1.79832E-1 1.86267E-1 1.8924E-1 2.03278E-1 1.80131E-1 2.19628E-1 2.11349E-1 2.06416E-1 1.9158E-1 1.92777E-1
-9999 -9999 -9999 -9999 -9999 -9999 -9999 -9999 5.46553E-1 5.26554E-1 4.27154E-1 4.15761E-1 3.71588E-1 3.35632E-1 3.33198E-1 3.29397E-1 3.10374E-1 3.11181E-1 3.04232E-1 2.94198E-1 2.77542E-1 2.61409E-1 2.56606E-1 2.50984E-1 2.43101E-1 2.41149E-1 2.19846E-1 2.30893E-1 2.31397E-1 2.24119E-1 2.09402E-1 2.06531E-1 2.18185E-1 2.18083E-1 1.98405E-1 2.11636E-1 2.35759E-1 2.09235E-1 1.96419E-1 1.81757E-1 1.98333E-1 1.94306E-1 1.8658E-1 1.7598E-1 1.86741E-1 2.0453E-1 2.25206E-1 2.24667E-1 2.24947E-1 2.02847E-1 1.88022E-1 1.81105E-1 1.82031E-1 1.83397E-1 2.03872E-1 2.14976E-1 1.86018E-1 2.09567E-1 2.17055E-1 2.21511E-1 2.38147E-1 2.12074E-1 1.96628E-1 1.81562E-1 1.90774E-1 2.02976E-1 2.22248E-1 2.26031E-1 2.2602E-1 1.93183E-1 1.97077E-1 1.96619E-1
-9999 -9999 -9999 -9999 -9999 -9999 -9999 -9999 5.58224E-1 5.37255E-1 5.1676E-1 4.69696E-1 4.17119E-1 4.06599E-1 3.95774E-1 3.8317E-1 3.36224E-1 3.13413E-1 3.53611E-1 3.16489E-1 2.88155E-1 2.86382E-1 2.97046E-1 2.74314E-1 2.61816E-1 2.60259E-1 2.41083E-1 2.42532E-1 2.68436E-1 2.4168E-1 2.27776E-1 2.30054E-1 2.47997E-1 2.33395E-1 2.03175E-1 2.07177E-1 2.27674E-1 2.29036E-1 1.93299E-1 2.22965E-1 2.40744E-1 2.2506E-1 2.09069E-1 1.81817E-1 2.06118E-1 2.45499E-1 2.3594E-1 2.21563E-1 2.20803E-1 2.04602E-1 1.91524E-1 1.81107E-1 1.80205E-1 1.81927E-1 1.9011E-1 2.20949E-1 2.02082E-1 2.37486E-1 2.32923E-1 2.53761E-1 2.46515E-1 2.08126E-1 2.0009E-1 1.84934E-1 1.9269E-1 2.01376E-1 2.38014E-1 2.3011E-1 2.26201E-1 1.94199E-1 2.02529E-1 1.97168E-1
-9999 -9999 -9999 -9999 -9999 -9999 -9999 -9999 5.57278E-1 5.64508E-1 5.28811E-1 4.86224E-1 4.16655E-1 4.05958E-1 3.94733E-1 3.47322E-1 3.42169E-1 3.35947E-1 3.70423E-1 3.22891E-1 2.95469E-1 3.19982E-1 3.02837E-1 2.99524E-1 2.94848E-1 2.83616E-1 2.61924E-1 3.10055E-1 2.97323E-1 2.94199E-1 2.61031E-1 2.29974E-1 2.6842E-1 2.59869E-1 2.33087E-1 2.0492E-1 2.28266E-1 2.57969E-1 2.10222E-1 2.41165E-1 2.25615E-1 2.29362E-1 2.05817E-1 1.96014E-1 2.22194E-1 2.47378E-1 2.44455E-1 2.23763E-1 2.08994E-1 2.10541E-1 2.25346E-1 2.00027E-1 1.96726E-1 1.99785E-1 2.05431E-1 2.38286E-1 2.18703E-1 2.53446E-1 2.50148E-1 2.41834E-1 2.11129E-1 1.99626E-1 2.02302E-1 2.04294E-1 2.01953E-1 2.24928E-1 2.35928E-1 2.57987E-1 2.30744E-1 1.97969E-1 2.0635E-1 2.20149E-1
-9999 -9999 -9999 -9999 -9999 -9999 -9999 -9999 -9999 5.6889E-1 5.54998E-1 5.26188E-1 5.15373E-1 4.75041E-1 4.04155E-1 3.9409E-1 3.66217E-1 3.86243E-1 4.23329E-1 4.01366E-1 3.53314E-1 3.52862E-1 3.78996E-1 3.37501E-1 2.90349E-1 2.88214E-1 2.91557E-1 3.54259E-1 3.06162E-1 3.00012E-1 2.93143E-1 2.44732E-1 2.72838E-1 3.32654E-1 2.53483E-1 2.18697E-1 2.31271E-1 2.60304E-1 2.35429E-1 3.21686E-1 3.24836E-1 2.59556E-1 2.08885E-1 2.02484E-1 2.41578E-1 3.07404E-1 2.68732E-1 2.68128E-1 2.2643E-1 2.28356E-1 2.47236E-1 2.409E-1 1.93606E-1 1.95435E-1 2.02254E-1 2.43206E-1 2.78737E-1 2.71112E-1 2.46213E-1 2.31352E-1 2.04977E-1 2.24785E-1 2.01594E-1 2.23549E-1 2.25282E-1 2.57613E-1 2.81235E-1 2.48078E-1 2.15664E-1 2.17305E-1 2.2068E-1 2.48384E-1
-9999 -9999 -9999 -9999 -9999 -9999 -9999 -9999 -9999 5.86224E-1 5.82498E-1 5.44252E-1 5.13508E-1 5.04353E-1 4.93009E-1 4.86521E-1 4.75677E-1 4.6123E-1 4.45923E-1 4.30289E-1 3.91227E-1 3.5125E-1 3.94059E-1 3.81077E-1 3.34192E-1 3.32074E-1 3.71303E-1 3.61929E-1 3.78768E-1 3.02789E-1 3.46103E-1 2.63282E-1 2.77885E-1 3.30294E-1 2.56478E-1 2.374E-1 2.3234E-1 2.96444E-1 2.92193E-1 3.54814E-1 3.34699E-1 2.61192E-1 2.2003E-1 2.14165E-1 3.13887E-1 3.26355E-1 2.71825E-1 2.66186E-1 2.4442E-1 2.46601E-1 2.45005E-1 2.23543E-1 2.1351E-1 2.17333E-1 2.14956E-1 2.27233E-1 3.19107E-1 2.5033E-1 3.20811E-1 2.48722E-1 2.22526E-1 2.36334E-1 2.17962E-1 2.23664E-1 2.4604E-1 3.17921E-1 2.74322E-1 2.78814E-1 2.35932E-1 2.25678E-1 2.43173E-1 2.92213E-1
-9999 -9999 -9999 -9999 -9999 -9999 -9999 -9999 -9999 -9999 5.86577E-1 5.72348E-1 5.33551E-1 5.3051E-1 5.10181E-1 4.89616E-1 4.78628E-1 4.691E-1 4.60263E-1 4.45872E-1 4.09882E-1 4.05824E-1 4.0823E-1 3.90909E-1 3.79706E-1 4.12105E-1 3.90485E-1 3.83483E-1 3.8295E-1 3.4857E-1 3.07755E-1 3.09572E-1 3.06758E-1 3.77066E-1 3.33028E-1 2.58534E-1 2.49144E-1 3.02618E-1 3.61261E-1 3.69922E-1 3.31567E-1 2.43523E-1 2.28344E-1 2.34969E-1 3.34968E-1 3.27464E-1 3.15728E-1 3.09383E-1 2.4432E-1 2.30675E-1 2.50377E-1 2.50025E-1 2.45469E-1 2.13497E-1 2.03872E-1 2.2569E-1 2.91098E-1 3.43537E-1 3.32374E-1 2.34559E-1 2.23095E-1 2.62201E-1 2.39822E-1 2.46776E-1 3.29186E-1 3.42814E-1 3.35667E-1 2.75467E-1 2.3679E-1 2.37862E-1 2.62895E-1 3.36211E-1
-9999 -9999 -9999 -9999 -9999 -9999 -9999 -9999 -9999 -9999 -9999 5.74193E-1 5.67531E-1 5.40296E-1 5.46281E-1 5.16203E-1 4.86081E-1 4.80279E-1 4.70702E-1 4.53263E-1 4.53216E-1 4.53774E-1 4.32036E-1 4.21198E-1 4.26575E-1 4.1651E-1 3.95027E-1 3.92139E-1 3.87125E-1 3.84715E-1 3.71193E-1 3.14914E-1 3.82457E-1 3.92499E-1 3.35319E-1 2.71106E-1 3.07927E-1 3.71403E-1 3.77369E-1 3.63036E-1 3.22173E-1 2.33895E-1 2.56266E-1 3.27304E-1 3.54758E-1 3.40023E-1 3.41949E-1 3.33487E-1 3.13171E-1 2.50836E-1 2.82401E-1 3.3384E-1 2.75067E-1 2.48909E-1 2.38475E-1 2.45364E-1 3.3507E-1 3.59408E-1 3.33292E-1 2.32963E-1 2.4735E-1 2.66174E-1 2.66555E-1 3.5652E-1 3.62745E-1 3.61933E-1 3.14412E-1 2.58183E-1 2.82685E-1 2.40443E-1 2.94276E-1 3.5695E-1
-9999 -9999 -9999 -9999 -9999 -9999 -9999 -9999 -9999 -9999 -9999 -9999 5.79962E-1 5.62868E-1 5.48798E-1 5.26175E-1 5.12263E-1 4.86281E-1 4.93828E-1 4.7722E-1 4.59249E-1 4.7184E-1 4.4619E-1 4.39382E-1 4.213E-1 4.18035E-1 4.12129E-1 4.13394E-1 3.96766E-1 3.87428E-1 3.20864E-1 3.23053E-1 3.99439E-1 3.85024E-1 3.11082E-1 3.78239E-1 3.86145E-1 3.92162E-1 3.70878E-1 3.50138E-1 2.8284E-1 2.50206E-1 3.32047E-1 3.57844E-1 3.66817E-1 3.59137E-1 3.47959E-1 3.41798E-1 3.39941E-1 3.17285E-1 2.78565E-1 3.39438E-1 3.11207E-1 3.18238E-1 2.4895E-1 2.55293E-1 3.32138E-1 3.58195E-1 3.19227E-1 2.53188E-1 2.65221E-1 3.65192E-1 3.90023E-1 3.78359E-1 3.74215E-1 3.67228E-1 3.13363E-1 2.62659E-1 2.82333E-1 2.66141E-1 3.45011E-1 3.81585E-1
-9999 -9999 -9999 -9999 -9999 -9999 -9999 -9999 -9999 -9999 -9999 -9999 -9999 5.75531E-1 5.59688E-1 5.37095E-1 5.22392E-1 5.17119E-1 5.04391E-1 5.03207E-1 4.93146E-1 4.83121E-1 4.64949E-1 4.62717E-1 4.47801E-1 4.358E-1 4.25073E-1 4.30771E-1 4.12075E-1 3.95149E-1 4.03862E-1 3.99024E-1 4.00484E-1 3.91623E-1 3.79163E-1 3.91543E-1 3.99545E-1 3.7894E-1 3.67425E-1 3.46749E-1 2.90357E-1 3.57842E-1 3.79595E-1 3.68581E-1 3.57398E-1 3.58285E-1 3.47265E-1 3.48155E-1 3.44341E-1 3.40043E-1 3.41904E-1 3.23439E-1 3.4481E-1 3.49216E-1 2.73403E-1 2.57236E-1 3.3976E-1 3.66557E-1 3.55548E-1 3.56086E-1 3.83105E-1 3.83886E-1 3.76674E-1 3.6877E-1 3.66903E-1 3.38001E-1 3.20708E-1 3.25503E-1 3.64366E-1 3.64452E-1 3.90451E-1 3.96195E-1
-9999 -9999 -9999 -9999 -9999 -9999 -9999 -9999 -9999 -9999 -9999 -9999 -9999 -9999 5.66722E-1 5.62966E-1 5.45879E-1 5.22182E-1 5.24117E-1 5.06514E-1 4.92274E-1 4.83707E-1 4.67034E-1 4.65338E-1 4.51978E-1 4.56097E-1 4.47004E-1 4.36117E-1 4.34448E-1 4.13896E-1 4.05429E-1 4.08524E-1 4.04614E-1 4.1729E-1 3.98943E-1 4.02361E-1 3.89711E-1 3.79184E-1 3.58169E-1 3.64329E-1 3.64244E-1 3.81746E-1 3.77477E-1 3.67441E-1 3.57593E-1 3.5457E-1 3.75973E-1 3.80034E-1 3.69656E-1 3.44887E-1 3.29034E-1 3.56202E-1 3.71912E-1 3.62083E-1 3.45857E-1 2.9017E-1 3.66239E-1 3.91101E-1 3.83137E-1 3.91104E-1 3.71983E-1 3.87133E-1 3.73584E-1 3.71888E-1 3.42142E-1 3.48136E-1 3.24635E-1 3.28853E-1 3.4112E-1 4.04766E-1 3.98419E-1 3.88911E-1
-9999 -9999 -9999 -9999 -9999 -9999 -9999 -9999 -9999 -9999 -9999 -9999 -9999 -9999 -9999 5.7175E-1 5.5107E-1 5.4326E-1 5.29328E-1 5.11166E-1 5.00411E-1 4.93058E-1 4.84195E-1 4.67224E-1 4.60414E-1 4.63109E-1 4.55159E-1 4.5037E-1 4.3104E-1 4.21771E-1 4.27698E-1 4.1582E-1 4.35096E-1 4.22089E-1 4.08559E-1 4.14149E-1 3.96836E-1 3.7111E-1 3.86708E-1 3.98811E-1 3.87285E-1 3.83963E-1 3.79242E-1 3.65084E-1 3.77727E-1 3.52604E-1 3.72954E-1 3.79242E-1 3.63744E-1 3.72173E-1 3.49536E-1 3.73427E-1 3.63582E-1 3.54195E-1 3.53682E-1 3.29123E-1 3.63981E-1 3.8825E-1 3.81111E-1 3.76598E-1 3.78464E-1 3.90066E-1 3.88782E-1 3.74205E-1 3.5025E-1 3.61681E-1 3.6122E-1 3.58597E-1 3.87083E-1 4.07187E-1 3.99606E-1 3.8295E-1
-9999 -9999 -9999 -9999 -9999 -9999 -9999 -9999 -9999 -9999 -9999 -9999 -9999 -9999 5.84226E-1 5.7288E-1 5.47731E-1 5.4229E-1 5.28945E-1 5.13927E-1 5.06639E-1 4.92134E-1 4.88947E-1 4.79309E-1 4.8443E-1 4.72924E-1 4.56438E-1 4.51898E-1 4.3364E-1 4.36439E-1 4.29842E-1 4.37298E-1 4.28206E-1 4.20695E-1 4.28241E-1 4.04705E-1 3.97468E-1 4.12011E-1 4.06905E-1 3.9209E-1 3.88339E-1 3.76494E-1 3.74496E-1 3.65229E-1 3.6924E-1 3.6292E-1 3.96106E-1 3.74684E-1 3.83241E-1 3.72818E-1 3.79771E-1 3.78164E-1 3.79701E-1 3.62652E-1 3.64601E-1 3.69492E-1 3.98359E-1 3.94823E-1 3.82528E-1 3.74764E-1 3.82699E-1 3.98713E-1 3.85264E-1 3.79973E-1 3.7392E-1 3.64643E-1 3.94578E-1 3.8025E-1 4.03006E-1 4.0721E-1 3.96224E-1 3.80993E-1
-9999 -9999 -9999 -9999 -9999 -9999 -9999 -9999 -9999 -9999 -9999 -9999 -9999 -9999 -9999 5.81413E-1 5.60333E-1 5.41664E-1 5.26937E-1 5.24111E-1 5.16503E-1 4.95203E-1 4.97806E-1 4.8628E-1 4.73648E-1 4.70508E-1 4.58256E-1 4.52012E-1 4.3796E-1 4.44576E-1 4.32325E-1 4.38157E-1 4.33165E-1 4.24849E-1 4.15977E-1 4.08791E-1 4.09119E-1 4.02403E-1 4.05039E-1 3.90468E-1 3.84488E-1 3.74443E-1 3.73774E-1 3.76074E-1 3.84308E-1 3.8432E-1 4.03272E-1 3.83511E-1 3.65829E-1 3.63273E-1 3.6834E-1 3.68667E-1 3.90483E-1 3.73115E-1 3.79463E-1 3.92421E-1 3.97319E-1 3.90064E-1 3.79807E-1 3.76584E-1 3.80869E-1 3.99176E-1 3.8344E-1 3.83336E-1 3.80447E-1 4.03675E-1 4.05538E-1 3.93768E-1 4.05955E-1 4.00975E-1 3.91831E-1 3.8306E-1
-9999 -9999 -9999 -9999 -9999 -9999 -9999 -9999 -9999 -9999 -9999 -9999 -9999 -9999 6.07875E-1 5.86003E-1 5.67409E-1 5.67356E-1 5.5317E-1 5.22619E-1 5.25961E-1 5.09614E-1 5.02511E-1 4.88872E-1 4.87587E-1 4.69481E-1 4.52234E-1 4.52777E-1 4.40677E-1 4.60034E-1 4.35822E-1 4.49992E-1 4.33905E-1 4.33456E-1 4.34703E-1 4.13514E-1 4.14284E-1 4.07489E-1 4.10315E-1 3.88089E-1 3.79336E-1 3.79934E-1 3.85269E-1 3.82171E-1 3.84353E-1 3.84652E-1 3.96417E-1 3.8122E-1 3.82272E-1 3.71489E-1 3.9018E-1 3.82498E-1 3.92146E-1 3.84925E-1 4.03011E-1 3.93047E-1 3.96523E-1 3.85644E-1 3.80395E-1 3.80584E-1 3.96875E-1 3.99456E-1 3.96282E-1 3.90415E-1 4.00038E-1 4.02631E-1 3.99492E-1 4.03263E-1 4.06648E-1 4.16384E-1 3.97366E-1 3.87729E-1
-9999 -9999 -9999 -9999 -9999 -9999 -9999 -9999 -9999 -9999 -9999 -9999 -9999 6.25835E-1 6.0786E-1 5.94707E-1 5.77494E-1 5.64422E-1 5.5551E-1 5.3524E-1 5.32466E-1 5.24222E-1 5.04071E-1 4.95657E-1 4.80273E-1 4.74498E-1 4.55486E-1 4.59953E-1 4.52027E-1 4.63255E-1 4.44232E-1 4.47451E-1 4.37981E-1 4.44967E-1 4.28756E-1 4.1373E-1 4.22357E-1 4.09026E-1 4.04502E-1 3.90748E-1 3.88408E-1 3.92233E-1 3.91422E-1 3.82252E-1 3.92237E-1 3.9364E-1 4.04754E-1 3.80295E-1 3.87284E-1 3.775E-1 3.81176E-1 3.99814E-1 4.0053E-1 3.96738E-1 4.0459E-1 3.96632E-1 3.9734E-1 3.89137E-1 3.82643E-1 3.91075E-1 3.96161E-1 3.93752E-1 3.93187E-1 3.92712E-1 3.9904E-1 3.92129E-1 3.9569E-1 3.89416E-1 4.08578E-1 4.09456E-1 4.05057E-1 3.88799E-1
-9999 -9999 -9999 -9999 -9999 -9999 -9999 -9999 -9999 -9999 -9999 -9999 -9999 -9999 6.24775E-1 5.95743E-1 5.77171E-1 5.65962E-1 5.64216E-1 5.50708E-1 5.3193E-1 5.27368E-1 5.10386E-1 5.08813E-1 4.98667E-1 4.8247E-1 4.62509E-1 4.75508E-1 4.63417E-1 4.63382E-1 4.49223E-1 4.55577E-1 4.51396E-1 4.44385E-1 4.34305E-1 4.24126E-1 4.26084E-1 4.14136E-1 4.14196E-1 4.0195E-1 3.97793E-1 3.96111E-1 3.99897E-1 3.93623E-1 4.01823E-1 4.08363E-1 4.01338E-1 3.9153E-1 3.84414E-1 3.88352E-1 3.8368E-1 4.06216E-1 4.11471E-1 4.02751E-1 4.01166E-1 3.95197E-1 3.93678E-1 3.88255E-1 3.89195E-1 3.91824E-1 3.92379E-1 4.0282E-1 3.92645E-1 3.92566E-1 4.05228E-1 3.95975E-1 3.96335E-1 3.9182E-1 4.05778E-1 4.11937E-1 4.07837E-1 4.00472E-1
-9999 -9999 -9999 -9999 -9999 -9999 -9999 -9999 -9999 -9999 -9999 -9999 -9999 -9999 -9999 6.09321E-1 5.81958E-1 5.82755E-1 5.70078E-1 5.56878E-1 5.59778E-1 5.25909E-1 5.29741E-1 5.15372E-1 5.07341E-1 4.89143E-1 4.79151E-1 4.75677E-1 4.7163E-1 4.6737E-1 4.66646E-1 4.6199E-1 4.51263E-1 4.44812E-1 4.46201E-1 4.2543E-1 4.20079E-1 4.16377E-1 4.20923E-1 4.00618E-1 4.01578E-1 4.00549E-1 4.02268E-1 4.08888E-1 4.10895E-1 4.09184E-1 3.98071E-1 3.88946E-1 3.8626E-1 3.95411E-1 4.0447E-1 4.10725E-1 4.1529E-1 4.04212E-1 3.9974E-1 3.96495E-1 3.90681E-1 3.89283E-1 3.95821E-1 3.96658E-1 3.97301E-1 4.09199E-1 3.96821E-1 4.02244E-1 4.04692E-1 3.9703E-1 3.93161E-1 3.92058E-1 4.09137E-1 4.18335E-1 4.13525E-1 4.13172E-1
-9999 -9999 -9999 -9999 -9999 -9999 -9999 -9999 -9999 -9999 -9999 -9999 6.48542E-1 6.37436E-1 6.2834E-1 6.05463E-1 5.96303E-1 5.85607E-1 5.69903E-1 5.66474E-1 5.4696E-1 5.36795E-1 5.28067E-1 5.10172E-1 5.13662E-1 4.96955E-1 4.89474E-1 4.85314E-1 4.76124E-1 4.69888E-1 4.58894E-1 4.63825E-1 4.51814E-1 4.5175E-1 4.32897E-1 4.28739E-1 4.29686E-1 4.20372E-1 4.25456E-1 4.15354E-1 4.12535E-1 3.99118E-1 4.06472E-1 4.03501E-1 4.12983E-1 4.03911E-1 4.04771E-1 3.95369E-1 3.9597E-1 4.05107E-1 4.02868E-1 4.08382E-1 4.14708E-1 4.04189E-1 3.93374E-1 3.90095E-1 3.90142E-1 3.86705E-1 3.91294E-1 3.86046E-1 3.97172E-1 4.1173E-1 4.0319E-1 4.01078E-1 3.97338E-1 3.97758E-1 4.00925E-1 3.9677E-1 4.04324E-1 4.13162E-1 4.18514E-1 4.16074E-1
-9999 -9999 -9999 -9999 -9999 -9999 -9999 -9999 -9999 -9999 -9999 -9999 6.59203E-1 6.4691E-1 6.34425E-1 6.11743E-1 6.02297E-1 5.85222E-1 5.75646E-1 5.63589E-1 5.52419E-1 5.40485E-1 5.38237E-1 5.24418E-1 5.12991E-1 5.13453E-1 4.97718E-1 4.93805E-1 4.88515E-1 4.81595E-1 4.70338E-1 4.70144E-1 4.5776E-1 4.55379E-1 4.29415E-1 4.33225E-1 4.36465E-1 4.32145E-1 4.25026E-1 4.2476E-1 4.09199E-1 4.09713E-1 4.19472E-1 4.24156E-1 4.18264E-1 4.04291E-1 4.14028E-1 3.95995E-1 3.96541E-1 4.00532E-1 4.08836E-1 4.09453E-1 4.16972E-1 4.1602E-1 3.94152E-1 3.93143E-1 3.93385E-1 3.93992E-1 3.96915E-1 3.87899E-1 4.00927E-1 4.15184E-1 4.10884E-1 4.02884E-1 4.05511E-1 4.02106E-1 3.9472E-1 3.97197E-1 4.04679E-1 4.06925E-1 4.02466E-1 4.07544E-1
