Artocarpus altilis SDM files/Last interglacial/results (with bias file)/Artalt_5.asc
ncols         1201
nrows         481
xllcorner     119.99986351115
yllcorner     -15.00013864885
cellsize      0.041666667
NODATA_value  -9999
[rows 160 to 191 of 481, columns 288 to 359 of 1201]
4.28773E-1 4.04972E-1 3.40508E-1 3.23656E-1 3.31477E-1 2.92596E-1 3.09384E-1 2.72549E-1 3.06508E-1 3.51138E-1 2.24239E-1 1.86473E-1 1.99191E-1 2.58384E-1 2.65064E-1 3.14997E-1 1.78557E-1 1.95132E-1 2.0041E-1 1.65548E-1 1.99823E-1 2.37337E-1 2.15106E-1 1.9122E-1 1.80012E-1 1.9905E-1 2.02373E-1 1.92128E-1 2.2848E-1 2.88336E-1 3.0173E-1 3.07066E-1 2.95343E-1 2.97069E-1 2.9768E-1 3.04175E-1 3.29982E-1 3.05609E-1 3.11502E-1 3.32946E-1 3.21099E-1 3.36655E-1 3.73278E-1 4.1285E-1 4.15554E-1 4.08062E-1 3.20949E-1 2.00252E-1 2.843E-1 4.53833E-1 5.49318E-1 5.73181E-1 -9999 -9999 -9999 -9999 -9999 -9999 -9999 -9999 -9999 -9999 -9999 -9999 -9999 -9999 -9999 -9999 -9999 -9999 -9999 -9999
4.34269E-1 3.90522E-1 3.4996E-1 3.60308E-1 3.3443E-1 2.99912E-1 3.44991E-1 3.30941E-1 3.44271E-1 3.43363E-1 2.1004E-1 2.22722E-1 2.1976E-1 2.66636E-1 2.93737E-1 2.60846E-1 1.96929E-1 2.00817E-1 2.07663E-1 1.67669E-1 1.97615E-1 2.44465E-1 2.29291E-1 1.95215E-1 2.13379E-1 1.85667E-1 2.00005E-1 1.82536E-1 1.76353E-1 1.75366E-1 2.38574E-1 2.94466E-1 2.58915E-1 2.51181E-1 2.7314E-1 3.06249E-1 3.03998E-1 3.33227E-1 3.17241E-1 2.89348E-1 2.6702E-1 2.88657E-1 3.06992E-1 4.01642E-1 4.20173E-1 4.25342E-1 4.36935E-1 3.66657E-1 3.15769E-1 3.89013E-1 5.39624E-1 -9999 -9999 -9999 -9999 -9999 -9999 -9999 -9999 -9999 -9999 -9999 -9999 -9999 -9999 -9999 -9999 -9999 -9999 -9999 -9999 -9999
3.86637E-1 4.00578E-1 3.60626E-1 3.75873E-1 3.41763E-1 3.28488E-1 3.90046E-1 3.82679E-1 3.37984E-1 3.57601E-1 2.30051E-1 2.09997E-1 2.19681E-1 2.90238E-1 3.12057E-1 2.42725E-1 1.96634E-1 2.3148E-1 2.10455E-1 2.01493E-1 2.1437E-1 2.11624E-1 2.1887E-1 1.95223E-1 2.22199E-1 2.41504E-1 2.06751E-1 2.09176E-1 2.09409E-1 1.92003E-1 1.93552E-1 2.05139E-1 2.28638E-1 2.55225E-1 3.02188E-1 3.20487E-1 3.27202E-1 3.09669E-1 2.93243E-1 3.15595E-1 3.02107E-1 2.81774E-1 2.72576E-1 3.67021E-1 3.92861E-1 4.37384E-1 4.43953E-1 4.33786E-1 3.66405E-1 3.44104E-1 4.83251E-1 -9999 -9999 -9999 -9999 -9999 -9999 -9999 -9999 -9999 -9999 -9999 -9999 -9999 -9999 -9999 -9999 -9999 -9999 -9999 -9999 -9999
4.15615E-1 4.16511E-1 3.99935E-1 3.92645E-1 3.61004E-1 4.0304E-1 3.91512E-1 3.68414E-1 3.58952E-1 3.18334E-1 2.53497E-1 2.36683E-1 2.60823E-1 2.70788E-1 2.91011E-1 2.54057E-1 2.00357E-1 2.44393E-1 2.14738E-1 2.16977E-1 2.35408E-1 2.0685E-1 2.22659E-1 2.32103E-1 2.13245E-1 2.24825E-1 2.15866E-1 2.59113E-1 2.59135E-1 2.4624E-1 2.36246E-1 1.85141E-1 2.13098E-1 2.68098E-1 3.11111E-1 3.06276E-1 2.80858E-1 2.91802E-1 2.92305E-1 2.70666E-1 3.02804E-1 2.84509E-1 2.69061E-1 3.2461E-1 3.69872E-1 3.91629E-1 4.06139E-1 4.43349E-1 3.74536E-1 3.50014E-1 4.78815E-1 -9999 5.35789E-1 5.09705E-1 -9999 -9999 -9999 -9999 -9999 -9999 -9999 -9999 -9999 -9999 -9999 -9999 -9999 -9999 -9999 -9999 -9999 -9999
4.62735E-1 4.28212E-1 4.14787E-1 4.04345E-1 3.99787E-1 3.90982E-1 3.61964E-1 3.60293E-1 3.20967E-1 3.28917E-1 2.84475E-1 2.87163E-1 3.1581E-1 2.72612E-1 3.32399E-1 2.87001E-1 2.26423E-1 2.56138E-1 2.23787E-1 2.34696E-1 2.40126E-1 2.04446E-1 2.24232E-1 2.36545E-1 2.16986E-1 2.49983E-1 2.62466E-1 2.68477E-1 2.53849E-1 2.32901E-1 2.21907E-1 2.18945E-1 2.28866E-1 2.85826E-1 2.98718E-1 2.76388E-1 2.87511E-1 2.69546E-1 2.84632E-1 2.92962E-1 2.73746E-1 2.89122E-1 3.25848E-1 3.21727E-1 3.41743E-1 3.66786E-1 3.38807E-1 3.35851E-1 3.75312E-1 3.65183E-1 4.6954E-1 -9999 5.26569E-1 5.24269E-1 -9999 -9999 -9999 -9999 -9999 -9999 -9999 -9999 -9999 -9999 -9999 -9999 -9999 -9999 -9999 -9999 -9999 -9999
4.56509E-1 4.74549E-1 4.61957E-1 4.54753E-1 4.17118E-1 4.04548E-1 3.50334E-1 3.21111E-1 3.17135E-1 3.35663E-1 3.24005E-1 2.89547E-1 3.26859E-1 2.91414E-1 2.97024E-1 2.78975E-1 2.3824E-1 2.28184E-1 2.11527E-1 2.44684E-1 2.45681E-1 2.44643E-1 2.20643E-1 2.15736E-1 2.1627E-1 2.00189E-1 2.09149E-1 1.87581E-1 2.08656E-1 2.15053E-1 2.27211E-1 2.483E-1 3.2808E-1 2.94263E-1 2.25277E-1 2.49996E-1 2.09348E-1 2.56851E-1 2.56576E-1 2.6305E-1 2.77616E-1 2.90298E-1 2.95439E-1 2.70118E-1 3.52339E-1 3.12461E-1 2.82432E-1 3.43978E-1 3.28037E-1 3.4052E-1 4.49666E-1 4.95178E-1 4.98714E-1 5.12495E-1 -9999 -9999 -9999 -9999 -9999 -9999 -9999 -9999 -9999 -9999 -9999 -9999 -9999 -9999 -9999 -9999 -9999 -9999
4.87575E-1 4.99425E-1 4.48189E-1 4.4262E-1 4.33931E-1 3.89733E-1 3.91966E-1 3.27259E-1 3.45146E-1 3.50042E-1 3.19083E-1 2.91801E-1 2.77703E-1 2.81371E-1 2.65547E-1 2.75111E-1 2.48137E-1 2.38596E-1 2.40144E-1 2.41626E-1 2.6526E-1 2.37268E-1 2.06112E-1 2.05406E-1 2.06326E-1 2.0305E-1 1.99545E-1 1.96753E-1 2.14018E-1 1.99488E-1 2.4368E-1 2.90673E-1 3.00918E-1 2.89381E-1 2.87001E-1 2.35191E-1 2.05263E-1 2.33421E-1 2.24245E-1 2.81954E-1 2.56628E-1 1.97092E-1 2.15429E-1 3.19037E-1 3.82015E-1 3.17069E-1 3.3498E-1 3.65847E-1 3.23812E-1 2.91945E-1 3.94547E-1 4.85206E-1 4.78605E-1 5.09358E-1 -9999 -9999 -9999 -9999 -9999 -9999 -9999 -9999 -9999 -9999 -9999 -9999 -9999 -9999 -9999 -9999 -9999 -9999
5.09642E-1 5.14889E-1 4.5691E-1 4.52128E-1 4.71175E-1 4.37248E-1 4.01566E-1 3.56568E-1 3.87471E-1 3.48861E-1 3.19594E-1 2.75634E-1 2.79507E-1 2.28079E-1 2.41805E-1 2.63876E-1 2.52752E-1 2.48709E-1 2.18755E-1 2.46135E-1 2.46783E-1 2.28449E-1 2.16335E-1 2.00777E-1 2.0705E-1 1.97304E-1 2.14707E-1 2.11496E-1 2.03519E-1 2.31981E-1 2.26316E-1 2.32075E-1 2.11257E-1 2.03156E-1 2.2012E-1 2.96165E-1 3.25333E-1 2.9302E-1 2.66606E-1 2.2516E-1 1.89879E-1 2.24272E-1 2.47275E-1 3.57222E-1 3.13562E-1 2.94131E-1 3.27167E-1 3.72869E-1 3.22551E-1 3.0186E-1 3.55374E-1 4.61491E-1 4.76436E-1 -9999 -9999 -9999 -9999 -9999 -9999 -9999 -9999 -9999 -9999 -9999 -9999 -9999 -9999 -9999 -9999 -9999 -9999 -9999
5.41266E-1 5.3027E-1 5.14901E-1 4.98298E-1 4.91943E-1 4.17026E-1 4.161E-1 3.77571E-1 3.7413E-1 3.91872E-1 3.14266E-1 2.80341E-1 2.48714E-1 2.47895E-1 2.60727E-1 2.58246E-1 2.53817E-1 2.49591E-1 2.26356E-1 2.4004E-1 2.11076E-1 2.17261E-1 2.18246E-1 2.01716E-1 2.0135E-1 2.07771E-1 2.0439E-1 2.09516E-1 2.13081E-1 2.31451E-1 2.20269E-1 1.88775E-1 1.91564E-1 2.15367E-1 2.40788E-1 2.31447E-1 3.23934E-1 3.25489E-1 3.20995E-1 2.57027E-1 2.2473E-1 2.61171E-1 3.13324E-1 2.61683E-1 3.04134E-1 2.91966E-1 3.23242E-1 3.39718E-1 3.4061E-1 3.03804E-1 3.87457E-1 4.28202E-1 4.64154E-1 -9999 -9999 -9999 -9999 -9999 -9999 -9999 -9999 -9999 -9999 -9999 6.71432E-1 -9999 -9999 -9999 -9999 -9999 -9999 -9999
5.55196E-1 5.48946E-1 4.98752E-1 4.87167E-1 4.83757E-1 4.30881E-1 4.29832E-1 3.9056E-1 3.61173E-1 3.2585E-1 3.13051E-1 3.13987E-1 2.80139E-1 2.78082E-1 2.71676E-1 2.61294E-1 2.63125E-1 2.40595E-1 2.29785E-1 2.31163E-1 2.03327E-1 1.9878E-1 1.99848E-1 1.91371E-1 2.02402E-1 1.93717E-1 1.94622E-1 2.16671E-1 2.12895E-1 2.06112E-1 2.3255E-1 2.31652E-1 2.22424E-1 2.51559E-1 3.10549E-1 2.65897E-1 2.35191E-1 2.41524E-1 2.51676E-1 2.71585E-1 2.64276E-1 2.57606E-1 2.74725E-1 2.38733E-1 2.65181E-1 3.23128E-1 3.06295E-1 3.28388E-1 3.38448E-1 2.6264E-1 3.70269E-1 4.27822E-1 -9999 -9999 -9999 -9999 4.54677E-1 4.71419E-1 4.79383E-1 -9999 -9999 -9999 -9999 -9999 -9999 6.56913E-1 -9999 -9999 -9999 -9999 -9999 -9999
5.66972E-1 5.13646E-1 5.31626E-1 5.3415E-1 5.21715E-1 4.58931E-1 4.46641E-1 4.16811E-1 3.72109E-1 3.58522E-1 3.89171E-1 3.2716E-1 2.78298E-1 2.66812E-1 2.82138E-1 2.72487E-1 2.74515E-1 2.25415E-1 2.20356E-1 2.12562E-1 2.03011E-1 2.03047E-1 1.99388E-1 1.99708E-1 1.92264E-1 2.05788E-1 2.00367E-1 1.91523E-1 2.08657E-1 1.98251E-1 2.04035E-1 2.16888E-1 2.25749E-1 2.10674E-1 2.04508E-1 2.09229E-1 1.85893E-1 1.81186E-1 1.88855E-1 1.77181E-1 2.23776E-1 2.60368E-1 2.63563E-1 2.91794E-1 3.57126E-1 3.66699E-1 3.68459E-1 3.49323E-1 3.30883E-1 2.90339E-1 3.85497E-1 4.34233E-1 -9999 -9999 -9999 4.32903E-1 4.00523E-1 4.38205E-1 4.3178E-1 -9999 -9999 -9999 -9999 -9999 -9999 6.51131E-1 6.61032E-1 -9999 -9999 -9999 -9999 -9999
5.91587E-1 5.81256E-1 5.75016E-1 5.61884E-1 5.49721E-1 4.39778E-1 4.28366E-1 4.26233E-1 4.4309E-1 4.30929E-1 3.8E-1 3.09436E-1 3.23681E-1 3.15573E-1 2.89167E-1 3.07331E-1 2.53547E-1 2.36036E-1 2.24434E-1 2.27927E-1 2.1361E-1 2.09555E-1 2.0232E-1 2.00655E-1 1.91338E-1 1.9236E-1 1.94144E-1 2.0042E-1 1.90832E-1 2.08955E-1 2.03376E-1 1.98551E-1 2.16418E-1 2.16756E-1 2.15757E-1 2.12263E-1 1.99842E-1 1.84934E-1 2.22814E-1 2.17834E-1 2.53484E-1 3.13417E-1 3.32602E-1 3.4572E-1 3.59986E-1 3.5123E-1 3.67644E-1 3.13558E-1 3.13377E-1 2.88274E-1 3.36445E-1 4.25803E-1 -9999 -9999 -9999 4.52346E-1 3.74829E-1 4.67599E-1 -9999 -9999 -9999 -9999 -9999 -9999 -9999 6.4875E-1 -9999 -9999 -9999 -9999 -9999 -9999
-9999 5.85858E-1 5.8566E-1 5.85968E-1 5.70834E-1 4.85439E-1 4.71263E-1 4.59349E-1 4.90387E-1 4.2225E-1 3.58865E-1 3.46931E-1 3.60157E-1 3.50636E-1 2.91998E-1 2.9176E-1 2.62685E-1 2.53452E-1 2.36864E-1 2.26148E-1 2.01495E-1 2.08758E-1 2.10119E-1 2.00608E-1 2.00052E-1 1.86412E-1 1.97171E-1 1.7904E-1 1.90462E-1 1.92322E-1 1.82821E-1 2.00242E-1 1.98031E-1 2.23248E-1 2.02405E-1 2.29726E-1 2.56531E-1 2.48714E-1 2.48177E-1 2.82608E-1 3.0219E-1 3.03438E-1 3.17798E-1 3.44078E-1 3.61372E-1 3.59966E-1 3.76015E-1 3.3985E-1 3.21655E-1 3.04608E-1 2.79847E-1 3.91575E-1 -9999 -9999 -9999 -9999 4.10231E-1 4.68827E-1 -9999 -9999 -9999 -9999 -9999 -9999 -9999 -9999 -9999 -9999 -9999 -9999 -9999 -9999
-9999 -9999 -9999 -9999 5.72762E-1 5.33602E-1 4.84939E-1 5.08173E-1 5.09622E-1 4.02361E-1 4.16059E-1 4.28901E-1 4.64072E-1 4.28624E-1 3.39546E-1 3.04298E-1 2.72601E-1 2.4351E-1 2.31321E-1 2.24072E-1 2.18515E-1 2.12893E-1 2.10312E-1 2.01438E-1 1.95475E-1 1.91972E-1 1.96166E-1 1.83834E-1 1.82939E-1 1.75005E-1 1.79825E-1 1.81866E-1 1.81462E-1 1.97062E-1 1.88877E-1 2.07544E-1 2.18826E-1 2.18379E-1 2.36583E-1 2.40933E-1 2.71854E-1 3.26048E-1 3.29576E-1 3.27637E-1 3.47296E-1 3.45117E-1 3.37738E-1 2.97317E-1 2.77364E-1 3.20276E-1 2.88497E-1 3.6744E-1 -9999 -9999 -9999 -9999 4.48849E-1 -9999 -9999 -9999 -9999 -9999 -9999 -9999 -9999 -9999 -9999 -9999 -9999 -9999 -9999 -9999
-9999 -9999 -9999 -9999 -9999 5.43825E-1 5.01126E-1 5.17301E-1 5.21642E-1 5.05084E-1 5.26843E-1 4.89973E-1 4.62015E-1 -9999 2.71125E-1 2.837E-1 2.81473E-1 2.63307E-1 2.72983E-1 2.77039E-1 2.43198E-1 2.16709E-1 2.19358E-1 2.10203E-1 2.10276E-1 2.00999E-1 1.9271E-1 2.1431E-1 1.7988E-1 1.79594E-1 1.81049E-1 1.74434E-1 1.81803E-1 1.7899E-1 1.68979E-1 1.84571E-1 2.0028E-1 2.02167E-1 2.11332E-1 2.20151E-1 2.68027E-1 2.90769E-1 3.16425E-1 3.36157E-1 3.29288E-1 3.31298E-1 3.47798E-1 3.29141E-1 3.05979E-1 2.77707E-1 2.47993E-1 3.67295E-1 -9999 -9999 -9999 -9999 -9999 -9999 -9999 -9999 -9999 -9999 -9999 -9999 -9999 -9999 -9999 -9999 -9999 -9999 -9999 -9999
-9999 -9999 -9999 -9999 -9999 -9999 5.09338E-1 5.69054E-1 5.88172E-1 5.76152E-1 5.25651E-1 -9999 -9999 -9999 3.29081E-1 2.90135E-1 3.01317E-1 3.19557E-1 3.10919E-1 2.91039E-1 2.31463E-1 2.19895E-1 2.12925E-1 2.10263E-1 2.25834E-1 -9999 -9999 -9999 -9999 -9999 -9999 -9999 -9999 -9999 -9999 -9999 -9999 -9999 -9999 -9999 2.58496E-1 2.57518E-1 2.89636E-1 3.10018E-1 3.24865E-1 3.41135E-1 3.3457E-1 2.93283E-1 3.16619E-1 2.73781E-1 2.24828E-1 3.44606E-1 -9999 -9999 -9999 -9999 -9999 -9999 -9999 -9999 -9999 4.90058E-1 -9999 -9999 -9999 -9999 -9999 -9999 -9999 -9999 -9999 -9999
-9999 -9999 -9999 -9999 -9999 -9999 4.77945E-1 5.04525E-1 -9999 -9999 -9999 -9999 -9999 -9999 3.28627E-1 3.23532E-1 3.10329E-1 3.36178E-1 -9999 -9999 -9999 2.19279E-1 2.19147E-1 2.24108E-1 -9999 -9999 -9999 -9999 -9999 -9999 -9999 -9999 -9999 -9999 -9999 -9999 -9999 -9999 -9999 -9999 -9999 -9999 -9999 3.10476E-1 3.10997E-1 3.32019E-1 3.12954E-1 2.93922E-1 3.10294E-1 2.99372E-1 2.11964E-1 3.38385E-1 3.5372E-1 -9999 -9999 -9999 -9999 -9999 -9999 -9999 4.70609E-1 4.70057E-1 -9999 -9999 -9999 -9999 -9999 -9999 -9999 -9999 -9999 -9999
-9999 -9999 -9999 -9999 -9999 -9999 -9999 -9999 -9999 -9999 -9999 -9999 -9999 -9999 -9999 -9999 -9999 -9999 -9999 -9999 -9999 -9999 -9999 -9999 -9999 -9999 -9999 -9999 -9999 -9999 -9999 -9999 -9999 -9999 -9999 -9999 -9999 -9999 -9999 -9999 -9999 -9999 -9999 2.96608E-1 2.99247E-1 3.0601E-1 3.06996E-1 3.01997E-1 3.23996E-1 3.34859E-1 2.32691E-1 2.6226E-1 3.33756E-1 -9999 -9999 -9999 -9999 -9999 -9999 -9999 4.37785E-1 4.67506E-1 -9999 -9999 -9999 -9999 -9999 -9999 -9999 -9999 -9999 -9999
-9999 -9999 -9999 -9999 -9999 -9999 -9999 -9999 -9999 -9999 -9999 -9999 -9999 -9999 -9999 -9999 -9999 -9999 -9999 -9999 -9999 -9999 -9999 -9999 -9999 -9999 -9999 -9999 -9999 -9999 -9999 -9999 -9999 -9999 -9999 -9999 -9999 -9999 -9999 -9999 -9999 -9999 -9999 -9999 3.01796E-1 2.91309E-1 3.07711E-1 3.17342E-1 2.96351E-1 3.033E-1 2.45496E-1 2.52637E-1 3.37709E-1 3.75336E-1 -9999 -9999 -9999 -9999 -9999 -9999 4.29602E-1 4.24595E-1 4.77578E-1 -9999 -9999 -9999 -9999 -9999 -9999 -9999 -9999 -9999
-9999 -9999 -9999 -9999 -9999 -9999 -9999 -9999 -9999 -9999 -9999 -9999 -9999 -9999 -9999 -9999 -9999 -9999 -9999 -9999 -9999 -9999 -9999 -9999 -9999 -9999 2.01781E-1 1.85557E-1 2.02889E-1 1.97439E-1 2.0762E-1 1.88951E-1 1.88993E-1 -9999 -9999 2.00958E-1 2.17062E-1 2.31387E-1 -9999 -9999 -9999 2.75213E-1 2.73697E-1 2.88103E-1 3.0592E-1 2.8885E-1 3.04435E-1 3.05495E-1 2.79401E-1 2.11612E-1 2.52367E-1 2.68716E-1 2.7026E-1 3.49962E-1 3.63763E-1 -9999 -9999 -9999 -9999 -9999 4.46652E-1 4.50399E-1 -9999 -9999 -9999 -9999 -9999 -9999 -9999 -9999 -9999 -9999
-9999 -9999 -9999 -9999 -9999 -9999 -9999 -9999 -9999 -9999 -9999 -9999 -9999 -9999 -9999 -9999 -9999 -9999 -9999 -9999 -9999 -9999 -9999 -9999 1.82955E-1 1.77403E-1 1.81919E-1 1.62104E-1 1.49227E-1 1.66297E-1 1.62079E-1 1.5633E-1 1.76704E-1 1.94713E-1 2.27992E-1 -9999 1.73995E-1 1.94312E-1 2.11166E-1 -9999 -9999 2.6261E-1 2.57947E-1 2.91172E-1 2.97713E-1 3.1006E-1 3.12441E-1 2.97549E-1 2.97162E-1 1.85525E-1 2.65161E-1 2.72906E-1 2.5388E-1 2.48024E-1 3.3535E-1 3.87892E-1 -9999 -9999 -9999 -9999 4.12279E-1 4.4103E-1 4.7583E-1 4.90309E-1 -9999 -9999 -9999 -9999 -9999 -9999 -9999 -9999
-9999 -9999 -9999 -9999 -9999 -9999 -9999 -9999 -9999 -9999 -9999 -9999 -9999 -9999 -9999 -9999 -9999 -9999 -9999 -9999 -9999 -9999 -9999 -9999 1.86382E-1 1.70273E-1 1.66899E-1 1.59514E-1 1.60846E-1 1.50188E-1 1.57697E-1 1.75972E-1 1.63392E-1 1.73265E-1 2.03897E-1 1.95584E-1 -9999 2.12492E-1 2.31458E-1 2.53546E-1 2.5578E-1 2.747E-1 2.85596E-1 2.78867E-1 2.71269E-1 2.96328E-1 2.68176E-1 3.08629E-1 3.03633E-1 1.92064E-1 2.07364E-1 2.96108E-1 2.76396E-1 2.33763E-1 2.99644E-1 3.58591E-1 -9999 3.73782E-1 -9999 3.86336E-1 3.39918E-1 3.60397E-1 3.38787E-1 4.03067E-1 -9999 -9999 -9999 -9999 -9999 -9999 -9999 -9999
-9999 -9999 -9999 -9999 -9999 -9999 -9999 -9999 -9999 -9999 -9999 -9999 -9999 -9999 -9999 -9999 -9999 -9999 -9999 -9999 -9999 -9999 -9999 1.78688E-1 1.57802E-1 1.55266E-1 1.67314E-1 1.60973E-1 1.7778E-1 1.85208E-1 1.94812E-1 1.62231E-1 1.52351E-1 1.78633E-1 1.65562E-1 1.96656E-1 1.93048E-1 2.5275E-1 2.6248E-1 2.62551E-1 2.41064E-1 2.61169E-1 2.55504E-1 2.61882E-1 1.88098E-1 2.368E-1 2.27901E-1 2.72704E-1 2.95258E-1 2.39611E-1 2.1423E-1 2.93341E-1 2.6094E-1 2.58254E-1 2.78816E-1 3.34296E-1 3.61303E-1 3.79384E-1 -9999 3.59427E-1 3.05554E-1 2.76325E-1 2.14955E-1 4.06206E-1 -9999 -9999 -9999 -9999 -9999 -9999 -9999 -9999
-9999 -9999 -9999 -9999 -9999 -9999 -9999 -9999 -9999 -9999 -9999 -9999 -9999 -9999 -9999 -9999 -9999 -9999 -9999 -9999 -9999 -9999 1.8273E-1 1.78515E-1 1.63223E-1 1.70909E-1 1.60282E-1 1.57436E-1 1.72519E-1 1.78878E-1 1.55414E-1 1.45763E-1 1.46885E-1 1.64135E-1 1.75951E-1 1.79821E-1 2.22422E-1 2.43752E-1 2.40627E-1 2.01444E-1 2.57031E-1 2.76936E-1 2.77495E-1 2.72133E-1 1.997E-1 2.32996E-1 2.31951E-1 2.12834E-1 2.85423E-1 2.38816E-1 2.27737E-1 2.67338E-1 2.50723E-1 2.68793E-1 2.58375E-1 3.04058E-1 3.52502E-1 3.38271E-1 -9999 3.42703E-1 3.07607E-1 2.75038E-1 1.94422E-1 3.61525E-1 -9999 -9999 -9999 -9999 -9999 -9999 -9999 -9999
-9999 -9999 -9999 -9999 -9999 -9999 -9999 -9999 -9999 -9999 3.89635E-1 3.01068E-1 4.00067E-1 -9999 -9999 -9999 -9999 -9999 -9999 -9999 -9999 1.90948E-1 1.75679E-1 1.67519E-1 1.63198E-1 1.55727E-1 1.49992E-1 1.58044E-1 1.46118E-1 1.33335E-1 1.54049E-1 1.37273E-1 1.33444E-1 1.65162E-1 1.71305E-1 1.98596E-1 2.07533E-1 2.4981E-1 2.60061E-1 1.97149E-1 2.71356E-1 2.74152E-1 2.7203E-1 2.78825E-1 2.87429E-1 2.53393E-1 2.37877E-1 2.25577E-1 2.41153E-1 2.76687E-1 2.51973E-1 2.7915E-1 3.03158E-1 2.41443E-1 2.53322E-1 2.62376E-1 3.20248E-1 3.352E-1 -9999 3.60893E-1 2.77288E-1 1.91114E-1 1.43195E-1 3.1983E-1 -9999 -9999 -9999 -9999 -9999 -9999 -9999 -9999
-9999 -9999 4.76753E-1 4.28813E-1 3.77022E-1 3.17753E-1 3.26502E-1 3.7824E-1 3.18485E-1 3.94221E-1 3.86448E-1 2.90076E-1 2.46605E-1 2.26319E-1 -9999 -9999 -9999 -9999 -9999 -9999 1.95409E-1 1.68444E-1 1.7147E-1 1.70551E-1 1.64524E-1 1.57544E-1 1.37027E-1 1.39976E-1 1.37737E-1 1.443E-1 1.52381E-1 1.58739E-1 1.67977E-1 1.80716E-1 2.06011E-1 2.13002E-1 2.73027E-1 2.86587E-1 1.92133E-1 1.98858E-1 2.3339E-1 2.76117E-1 2.8568E-1 2.79876E-1 2.94856E-1 2.78642E-1 2.26157E-1 2.56655E-1 2.09127E-1 2.43057E-1 2.60405E-1 2.54125E-1 2.56258E-1 2.65154E-1 2.56022E-1 2.52692E-1 2.8503E-1 3.29362E-1 -9999 3.72504E-1 2.49816E-1 1.40373E-1 1.67577E-1 3.6555E-1 -9999 -9999 -9999 4.56519E-1 4.86749E-1 -9999 -9999 -9999
-9999 4.49725E-1 4.42077E-1 3.82691E-1 3.44387E-1 3.12701E-1 2.63754E-1 5.09792E-1 5.66111E-1 5.84153E-1 4.32435E-1 3.1486E-1 2.67669E-1 2.59643E-1 3.438E-1 -9999 -9999 -9999 -9999 2.0949E-1 1.96652E-1 1.66102E-1 1.7728E-1 1.71916E-1 1.64765E-1 1.70282E-1 1.50179E-1 1.56076E-1 1.38059E-1 1.52332E-1 1.94761E-1 2.0266E-1 1.98309E-1 1.91527E-1 2.19861E-1 2.50963E-1 2.87702E-1 2.14715E-1 1.72236E-1 2.01496E-1 2.77617E-1 2.82855E-1 2.92166E-1 2.68154E-1 2.02887E-1 2.67243E-1 2.34683E-1 2.38896E-1 2.33833E-1 1.97443E-1 2.29484E-1 2.07184E-1 1.89663E-1 2.77641E-1 2.4249E-1 2.6081E-1 2.5378E-1 3.11827E-1 -9999 3.75208E-1 2.66198E-1 1.2963E-1 1.6096E-1 3.90941E-1 -9999 -9999 -9999 4.84183E-1 3.98348E-1 -9999 -9999 -9999
6.53788E-1 3.85083E-1 3.14061E-1 2.39947E-1 2.16777E-1 2.00282E-1 1.97761E-1 2.49367E-1 2.8637E-1 2.84582E-1 2.46209E-1 2.89973E-1 2.66479E-1 2.6545E-1 5.05359E-1 5.08329E-1 -9999 2.69801E-1 2.36874E-1 2.04564E-1 2.12598E-1 1.81226E-1 1.75709E-1 1.68988E-1 1.53759E-1 1.62111E-1 1.65168E-1 1.78262E-1 1.69918E-1 1.77922E-1 1.64333E-1 1.51825E-1 1.59454E-1 1.7358E-1 2.10466E-1 2.07796E-1 2.20816E-1 1.72394E-1 1.54235E-1 2.24409E-1 2.87606E-1 2.78793E-1 2.65798E-1 2.18391E-1 1.45183E-1 1.97171E-1 1.6181E-1 1.8917E-1 1.42578E-1 1.91482E-1 2.34207E-1 2.18576E-1 2.1176E-1 2.22095E-1 2.97882E-1 2.59922E-1 2.59503E-1 3.1481E-1 3.45195E-1 -9999 2.87879E-1 1.22813E-1 1.37147E-1 3.76043E-1 -9999 -9999 -9999 -9999 -9999 -9999 -9999 -9999
4.38676E-1 3.31318E-1 3.34976E-1 4.42782E-1 4.024E-1 3.68135E-1 3.3228E-1 3.46755E-1 2.07495E-1 2.23994E-1 2.2158E-1 2.33152E-1 2.46009E-1 3.27173E-1 4.96977E-1 4.83734E-1 3.44314E-1 2.52067E-1 2.73669E-1 2.41064E-1 2.31047E-1 2.03235E-1 2.12903E-1 1.8847E-1 1.63152E-1 1.47569E-1 1.54638E-1 1.69522E-1 1.88478E-1 1.94796E-1 1.67138E-1 1.72158E-1 1.74393E-1 1.70695E-1 2.20698E-1 2.09223E-1 2.05948E-1 1.89868E-1 1.74843E-1 2.55436E-1 2.68432E-1 2.72271E-1 2.49484E-1 1.43838E-1 1.21639E-1 1.01273E-1 1.03005E-1 9.63767E-2 1.86874E-1 2.37975E-1 2.29773E-1 2.53036E-1 2.47416E-1 1.82532E-1 2.48259E-1 2.6293E-1 2.74913E-1 2.98454E-1 3.39279E-1 -9999 3.40049E-1 1.58678E-1 1.37618E-1 3.14566E-1 -9999 -9999 -9999 -9999 -9999 -9999 -9999 -9999
5.22491E-1 5.92937E-1 5.2932E-1 5.22601E-1 5.0625E-1 5.01635E-1 4.41987E-1 3.96589E-1 3.61696E-1 2.00053E-1 1.15054E-1 1.2872E-1 1.98047E-1 3.12243E-1 3.92276E-1 4.29717E-1 5.2433E-1 3.65112E-1 4.48707E-1 2.61128E-1 2.1373E-1 2.26065E-1 2.00688E-1 1.75846E-1 1.57709E-1 1.49004E-1 1.41879E-1 1.60986E-1 1.36458E-1 1.24973E-1 1.40785E-1 1.40075E-1 1.43393E-1 1.64427E-1 2.02598E-1 1.93258E-1 2.10431E-1 2.07091E-1 1.82884E-1 2.43837E-1 2.50651E-1 2.31847E-1 2.02078E-1 1.52025E-1 2.12237E-1 1.84451E-1 1.1051E-1 1.01974E-1 2.08374E-1 2.1618E-1 2.09505E-1 2.46728E-1 2.30388E-1 2.46604E-1 1.84319E-1 1.8649E-1 2.61061E-1 2.77494E-1 3.26688E-1 3.56803E-1 3.53432E-1 1.93973E-1 1.07976E-1 2.64854E-1 -9999 -9999 -9999 -9999 -9999 -9999 -9999 -9999
7.03856E-1 6.8159E-1 6.20745E-1 5.87264E-1 6.07943E-1 6.07578E-1 5.57382E-1 5.35852E-1 4.86602E-1 3.68358E-1 1.50133E-1 1.03476E-1 1.05493E-1 3.09843E-1 4.58077E-1 4.77511E-1 4.95268E-1 4.87051E-1 4.43667E-1 3.15565E-1 2.14684E-1 2.10227E-1 1.85508E-1 1.79375E-1 1.73889E-1 1.65736E-1 1.63998E-1 1.32688E-1 1.471E-1 1.33404E-1 1.57859E-1 1.28157E-1 1.37315E-1 1.50194E-1 1.56707E-1 1.72403E-1 2.00411E-1 2.07557E-1 1.90885E-1 2.33896E-1 2.40692E-1 1.98919E-1 1.52372E-1 1.54534E-1 2.12361E-1 2.01109E-1 1.69823E-1 1.27718E-1 1.47635E-1 1.97838E-1 1.86221E-1 2.2223E-1 2.23505E-1 2.61164E-1 2.43571E-1 1.60738E-1 2.26947E-1 2.44438E-1 2.82769E-1 3.43192E-1 3.40898E-1 2.25926E-1 1.60455E-1 3.42365E-1 4.22408E-1 -9999 -9999 4.43619E-1 4.42912E-1 -9999 -9999 -9999
7.58632E-1 7.42118E-1 7.03818E-1 7.17868E-1 7.26852E-1 7.10665E-1 6.8474E-1 6.75091E-1 6.16993E-1 3.58366E-1 1.95081E-1 1.46166E-1 1.06995E-1 2.17217E-1 4.21357E-1 4.2843E-1 4.46371E-1 5.01638E-1 3.85727E-1 2.93571E-1 2.01449E-1 1.78978E-1 1.89349E-1 1.79105E-1 1.7293E-1 1.97593E-1 1.98482E-1 1.84369E-1 1.84877E-1 1.56906E-1 1.47707E-1 1.44951E-1 1.4453E-1 1.5122E-1 1.57724E-1 1.68618E-1 2.02207E-1 2.26909E-1 2.33175E-1 2.28611E-1 1.85568E-1 1.60354E-1 1.63885E-1 1.77268E-1 2.3355E-1 1.91985E-1 1.95731E-1 1.38627E-1 1.45114E-1 1.61311E-1 1.44695E-1 1.45665E-1 1.81572E-1 2.28562E-1 2.38962E-1 1.81819E-1 1.65785E-1 2.19143E-1 2.4122E-1 3.27043E-1 3.41059E-1 2.82143E-1 1.69331E-1 3.09068E-1 3.99743E-1 -9999 3.82851E-1 3.81848E-1 4.15764E-1 -9999 -9999 -9999
