Artocarpus altilis SDM files/Last interglacial/results (with bias file)/Artalt_0.asc
ncols         1201
nrows         481
xllcorner     119.99986351115
yllcorner     -15.00013864885
cellsize      0.041666667
NODATA_value  -9999
[rows 448 to 479 of 481, columns 504 to 575 of 1201]
-9999 -9999 -9999 -9999 -9999 -9999 -9999 -9999 -9999 -9999 -9999 -9999 4.52563E-1 4.1898E-1 3.98426E-1 3.75997E-1 3.58066E-1 3.41496E-1 3.24822E-1 3.24012E-1 2.98089E-1 2.73502E-1 2.6654E-1 2.52936E-1 2.46918E-1 2.34572E-1 2.32865E-1 2.32146E-1 2.2088E-1 2.10422E-1 2.0523E-1 1.97612E-1 1.90423E-1 1.87308E-1 1.88093E-1 1.80649E-1 1.70863E-1 1.77084E-1 1.76477E-1 1.7739E-1 1.74098E-1 1.76582E-1 1.80042E-1 1.74866E-1 1.68142E-1 1.64676E-1 1.65224E-1 1.66932E-1 1.79453E-1 1.891E-1 1.9808E-1 2.00369E-1 2.12429E-1 2.20829E-1 1.96684E-1 1.8881E-1 1.95424E-1 2.47759E-1 2.49946E-1 3.218E-1 3.51769E-1 3.68287E-1 -9999 -9999 -9999 -9999 -9999 -9999 -9999 -9999 -9999 -9999
-9999 -9999 -9999 -9999 -9999 -9999 -9999 -9999 -9999 -9999 -9999 -9999 4.4994E-1 4.26368E-1 4.03921E-1 3.65975E-1 3.4583E-1 3.30336E-1 3.25071E-1 3.11428E-1 2.95287E-1 2.83318E-1 2.73746E-1 2.53474E-1 2.4119E-1 2.49042E-1 2.35529E-1 2.26671E-1 2.17648E-1 2.05177E-1 2.00946E-1 1.98087E-1 1.90207E-1 1.91668E-1 1.88713E-1 1.82577E-1 1.67965E-1 1.69108E-1 1.74279E-1 1.73205E-1 1.72741E-1 1.76439E-1 1.73735E-1 1.77194E-1 1.66126E-1 1.64032E-1 1.65759E-1 1.67208E-1 1.761E-1 1.82488E-1 1.89409E-1 2.00022E-1 2.07889E-1 2.0982E-1 2.07474E-1 1.96986E-1 1.82047E-1 2.10414E-1 2.56973E-1 3.20272E-1 3.45967E-1 3.55877E-1 -9999 -9999 -9999 -9999 -9999 -9999 -9999 -9999 -9999 -9999
-9999 -9999 -9999 -9999 -9999 -9999 -9999 -9999 -9999 -9999 -9999 4.54213E-1 4.52982E-1 4.21581E-1 3.9733E-1 3.6792E-1 3.5348E-1 3.37061E-1 3.19125E-1 2.94436E-1 2.92629E-1 2.77183E-1 2.64054E-1 2.62213E-1 2.51664E-1 2.39041E-1 2.34152E-1 2.23032E-1 2.13577E-1 2.05967E-1 2.05412E-1 1.99377E-1 1.92925E-1 1.89353E-1 1.88238E-1 1.79264E-1 1.70967E-1 1.65154E-1 1.71721E-1 1.74425E-1 1.69888E-1 1.63908E-1 1.73907E-1 1.71319E-1 1.73467E-1 1.71597E-1 1.70984E-1 1.71513E-1 1.74465E-1 1.83563E-1 1.93136E-1 1.96254E-1 1.99936E-1 2.02692E-1 2.01224E-1 1.77054E-1 1.72604E-1 1.94119E-1 2.38317E-1 3.13527E-1 3.3556E-1 -9999 -9999 -9999 -9999 -9999 -9999 -9999 -9999 -9999 -9999 -9999
-9999 -9999 -9999 -9999 -9999 -9999 -9999 -9999 -9999 -9999 -9999 4.58137E-1 4.35698E-1 4.16461E-1 3.96509E-1 3.73339E-1 3.51428E-1 3.39722E-1 3.03439E-1 2.96088E-1 2.74489E-1 2.66316E-1 2.60985E-1 2.54073E-1 2.4512E-1 2.32212E-1 2.29333E-1 2.21151E-1 2.11171E-1 2.06872E-1 2.03918E-1 1.93795E-1 1.90712E-1 1.87061E-1 1.80771E-1 1.7656E-1 1.70324E-1 1.68305E-1 1.72881E-1 1.82267E-1 1.7217E-1 1.62862E-1 1.75442E-1 1.74562E-1 1.70807E-1 1.71134E-1 1.64191E-1 1.66967E-1 1.70442E-1 1.83145E-1 1.87888E-1 1.89035E-1 1.70184E-1 1.57467E-1 1.46572E-1 1.33124E-1 1.53217E-1 1.87831E-1 2.3882E-1 2.97934E-1 3.25281E-1 -9999 -9999 -9999 -9999 -9999 -9999 -9999 -9999 -9999 -9999 -9999
-9999 -9999 -9999 -9999 -9999 -9999 -9999 -9999 -9999 -9999 -9999 4.55577E-1 4.42738E-1 4.06626E-1 3.9962E-1 3.68977E-1 3.49955E-1 3.29132E-1 3.08222E-1 3.01514E-1 2.78927E-1 2.72229E-1 2.52969E-1 2.50459E-1 2.38921E-1 2.30934E-1 2.22215E-1 2.18518E-1 2.01386E-1 1.91937E-1 1.96887E-1 1.86648E-1 1.81131E-1 1.79018E-1 1.81764E-1 1.76511E-1 1.64502E-1 1.69876E-1 1.73963E-1 1.71886E-1 1.70596E-1 1.67603E-1 1.64677E-1 1.7018E-1 1.72826E-1 1.63534E-1 1.65621E-1 1.72283E-1 1.76414E-1 1.7929E-1 1.84726E-1 1.85967E-1 1.63629E-1 1.46373E-1 1.42014E-1 1.30417E-1 1.58223E-1 1.83221E-1 2.42568E-1 2.86782E-1 3.19505E-1 3.36673E-1 -9999 -9999 -9999 -9999 -9999 -9999 -9999 -9999 -9999 -9999
-9999 -9999 -9999 -9999 -9999 -9999 -9999 -9999 -9999 -9999 -9999 4.62747E-1 4.47389E-1 4.08434E-1 4.0251E-1 3.7241E-1 3.57762E-1 3.31036E-1 3.17652E-1 2.95769E-1 2.88945E-1 2.74318E-1 2.59726E-1 2.50743E-1 2.40174E-1 2.36948E-1 2.23704E-1 2.13454E-1 2.06009E-1 1.95049E-1 1.93898E-1 1.8366E-1 1.78199E-1 1.7012E-1 1.6381E-1 1.52985E-1 1.63727E-1 1.65964E-1 1.73024E-1 1.73321E-1 1.69382E-1 1.63457E-1 1.64499E-1 1.66426E-1 1.7396E-1 1.6471E-1 1.66581E-1 1.70356E-1 1.74833E-1 1.7623E-1 1.70746E-1 1.69105E-1 1.74442E-1 1.58099E-1 1.46149E-1 1.28324E-1 1.5769E-1 2.26749E-1 2.4338E-1 2.81115E-1 3.06652E-1 3.23979E-1 3.38116E-1 -9999 -9999 -9999 -9999 -9999 -9999 -9999 -9999 -9999
-9999 -9999 -9999 -9999 -9999 -9999 -9999 -9999 -9999 -9999 -9999 4.68612E-1 4.45229E-1 4.18856E-1 4.00061E-1 3.715E-1 3.44876E-1 3.2892E-1 2.99933E-1 2.95917E-1 2.80939E-1 2.66766E-1 2.57404E-1 2.4424E-1 2.48515E-1 2.3691E-1 2.25447E-1 2.16166E-1 2.06997E-1 2.07626E-1 2.03031E-1 1.87743E-1 1.75995E-1 1.64388E-1 1.66947E-1 1.52886E-1 1.54659E-1 1.55164E-1 1.57283E-1 1.65591E-1 1.70281E-1 1.69818E-1 1.56195E-1 1.69472E-1 1.68779E-1 1.66711E-1 1.67251E-1 1.6755E-1 1.72197E-1 1.70567E-1 1.77985E-1 1.51675E-1 1.71669E-1 1.70756E-1 1.46723E-1 1.41319E-1 1.68481E-1 2.52491E-1 2.6183E-1 2.81142E-1 3.04901E-1 3.16416E-1 3.2371E-1 -9999 -9999 -9999 -9999 -9999 -9999 -9999 -9999 -9999
-9999 -9999 -9999 -9999 -9999 -9999 -9999 -9999 -9999 -9999 -9999 4.65428E-1 4.34803E-1 4.19383E-1 3.93524E-1 3.71662E-1 3.43665E-1 3.20934E-1 3.09374E-1 3.04578E-1 2.80356E-1 2.61771E-1 2.70405E-1 2.5785E-1 2.43191E-1 2.32791E-1 2.3053E-1 2.17371E-1 2.04087E-1 2.10498E-1 1.96158E-1 1.86757E-1 1.7374E-1 1.73448E-1 1.66908E-1 1.61061E-1 1.63374E-1 1.61442E-1 1.64877E-1 1.66393E-1 1.65551E-1 1.604E-1 1.55764E-1 1.61429E-1 1.59112E-1 1.59645E-1 1.69514E-1 1.67322E-1 1.70967E-1 1.65929E-1 1.69591E-1 1.72009E-1 1.80611E-1 1.67251E-1 1.65659E-1 1.40084E-1 1.60006E-1 2.38659E-1 2.59429E-1 2.79687E-1 2.85649E-1 3.04999E-1 3.2863E-1 -9999 -9999 -9999 -9999 -9999 -9999 -9999 -9999 -9999
-9999 -9999 -9999 -9999 -9999 -9999 -9999 -9999 -9999 -9999 -9999 4.55931E-1 4.37593E-1 4.18974E-1 3.8773E-1 3.68612E-1 3.46204E-1 3.27274E-1 3.15931E-1 2.94441E-1 2.83923E-1 2.66922E-1 2.58394E-1 2.47268E-1 2.41423E-1 2.38483E-1 2.22274E-1 2.23804E-1 2.17416E-1 2.02703E-1 1.89771E-1 1.85455E-1 1.75989E-1 1.80001E-1 1.72125E-1 1.66176E-1 1.69807E-1 1.63897E-1 1.59731E-1 1.66064E-1 1.61846E-1 1.62269E-1 1.53651E-1 1.57706E-1 1.54495E-1 1.51218E-1 1.61981E-1 1.63709E-1 1.72974E-1 1.6733E-1 1.59145E-1 1.65376E-1 1.72088E-1 1.6902E-1 1.68134E-1 1.67326E-1 1.83533E-1 2.42559E-1 2.53029E-1 2.70263E-1 2.81183E-1 2.99258E-1 3.19383E-1 3.27473E-1 -9999 -9999 -9999 -9999 -9999 -9999 -9999 -9999
-9999 -9999 -9999 -9999 -9999 -9999 -9999 -9999 -9999 -9999 -9999 -9999 4.42753E-1 4.22989E-1 3.85737E-1 3.70223E-1 3.48518E-1 3.29998E-1 3.16259E-1 2.98012E-1 2.86787E-1 2.73373E-1 2.61107E-1 2.52462E-1 2.41859E-1 2.36005E-1 2.33806E-1 2.23186E-1 2.13451E-1 2.02559E-1 1.92072E-1 1.86626E-1 1.81537E-1 1.77978E-1 1.74276E-1 1.67009E-1 1.69078E-1 1.67441E-1 1.67079E-1 1.61954E-1 1.64849E-1 1.63334E-1 1.60505E-1 1.55434E-1 1.51722E-1 1.54348E-1 1.56739E-1 1.58343E-1 1.67185E-1 1.7192E-1 1.63176E-1 1.48329E-1 1.70466E-1 1.73367E-1 1.79662E-1 1.80237E-1 1.80032E-1 2.14953E-1 2.44211E-1 2.63625E-1 2.81552E-1 2.9347E-1 3.02769E-1 3.29105E-1 3.40815E-1 -9999 -9999 -9999 -9999 -9999 -9999 -9999
-9999 -9999 -9999 -9999 -9999 -9999 -9999 -9999 -9999 -9999 -9999 -9999 -9999 4.17447E-1 3.87769E-1 3.6342E-1 3.49735E-1 3.21375E-1 3.21267E-1 2.99468E-1 2.90279E-1 2.72481E-1 2.57928E-1 2.63842E-1 2.45291E-1 2.38444E-1 2.27244E-1 2.2163E-1 2.09288E-1 2.04148E-1 1.9477E-1 1.86886E-1 1.85094E-1 1.73646E-1 1.73895E-1 1.74359E-1 1.73947E-1 1.6864E-1 1.61464E-1 1.68701E-1 1.66071E-1 1.62191E-1 1.65417E-1 1.61293E-1 1.58064E-1 1.60435E-1 1.57734E-1 1.57577E-1 1.58072E-1 1.60823E-1 1.64419E-1 1.59522E-1 1.59164E-1 1.67804E-1 1.81324E-1 1.86664E-1 1.85518E-1 2.14338E-1 2.38953E-1 2.45675E-1 2.69884E-1 2.74431E-1 2.94141E-1 3.09055E-1 3.33677E-1 -9999 -9999 -9999 -9999 -9999 -9999 -9999
-9999 -9999 -9999 -9999 -9999 -9999 -9999 -9999 -9999 -9999 -9999 -9999 -9999 -9999 4.03832E-1 3.68158E-1 3.47956E-1 3.26149E-1 3.24592E-1 3.01281E-1 2.83052E-1 2.76499E-1 2.74013E-1 2.64804E-1 2.41005E-1 2.37734E-1 2.21069E-1 2.09366E-1 2.06695E-1 2.02763E-1 1.91539E-1 1.9502E-1 1.84299E-1 1.79832E-1 1.84602E-1 1.77296E-1 1.71361E-1 1.65219E-1 1.67165E-1 1.73775E-1 1.66245E-1 1.64189E-1 1.58447E-1 1.53902E-1 1.53323E-1 1.50499E-1 1.53118E-1 1.52598E-1 1.53576E-1 1.58797E-1 1.65438E-1 1.63368E-1 1.61389E-1 1.65917E-1 1.77044E-1 1.84386E-1 1.95913E-1 2.22179E-1 2.321E-1 2.54946E-1 2.62928E-1 2.73954E-1 2.84321E-1 3.03932E-1 3.20795E-1 -9999 -9999 -9999 -9999 -9999 -9999 -9999
-9999 -9999 -9999 -9999 -9999 -9999 -9999 -9999 -9999 -9999 -9999 -9999 -9999 -9999 3.90473E-1 3.71964E-1 3.61203E-1 3.41877E-1 3.19903E-1 3.00929E-1 2.88642E-1 2.78132E-1 2.58527E-1 2.50688E-1 2.53373E-1 2.37948E-1 2.27947E-1 2.10435E-1 2.15086E-1 2.00766E-1 1.99579E-1 1.99025E-1 1.87895E-1 1.88302E-1 1.81766E-1 1.7014E-1 1.63412E-1 1.71706E-1 1.67828E-1 1.67769E-1 1.64291E-1 1.60781E-1 1.62791E-1 1.60484E-1 1.58171E-1 1.57853E-1 1.49298E-1 1.47156E-1 1.55226E-1 1.58045E-1 1.67283E-1 1.69503E-1 1.67343E-1 1.73803E-1 1.72216E-1 1.86517E-1 2.09845E-1 2.15712E-1 2.29973E-1 2.37891E-1 2.46723E-1 2.58255E-1 2.77929E-1 2.91212E-1 3.00553E-1 -9999 -9999 -9999 -9999 -9999 -9999 -9999
-9999 -9999 -9999 -9999 -9999 -9999 -9999 -9999 -9999 -9999 -9999 -9999 -9999 -9999 3.91648E-1 3.78624E-1 3.54346E-1 3.35665E-1 3.17598E-1 3.10903E-1 2.83893E-1 2.8175E-1 2.62507E-1 2.54634E-1 2.47569E-1 2.38066E-1 2.30941E-1 2.14364E-1 2.09661E-1 2.05411E-1 2.06002E-1 1.96173E-1 1.90193E-1 1.78712E-1 1.80758E-1 1.74614E-1 1.70195E-1 1.62942E-1 1.66086E-1 1.68437E-1 1.62543E-1 1.58587E-1 1.60538E-1 1.64653E-1 1.58092E-1 1.48076E-1 1.45568E-1 1.49054E-1 1.57438E-1 1.56064E-1 1.65142E-1 1.64119E-1 1.74086E-1 1.67551E-1 1.68659E-1 1.7951E-1 1.97755E-1 2.131E-1 2.22817E-1 2.32536E-1 2.39334E-1 2.51366E-1 2.65962E-1 2.78696E-1 2.97112E-1 -9999 -9999 -9999 -9999 -9999 -9999 -9999
-9999 -9999 -9999 -9999 -9999 -9999 -9999 -9999 -9999 -9999 -9999 -9999 -9999 -9999 3.93266E-1 3.79127E-1 3.53538E-1 3.31886E-1 3.21294E-1 2.9274E-1 2.89153E-1 2.74991E-1 2.64346E-1 2.51386E-1 2.44112E-1 2.35192E-1 2.28706E-1 2.27066E-1 2.17547E-1 2.05862E-1 2.08293E-1 1.96804E-1 1.92262E-1 1.86922E-1 1.82184E-1 1.74901E-1 1.67252E-1 1.6317E-1 1.73225E-1 1.70032E-1 1.64532E-1 1.62068E-1 1.60891E-1 1.56552E-1 1.523E-1 1.52124E-1 1.5596E-1 1.52852E-1 1.55084E-1 1.62404E-1 1.57926E-1 1.62323E-1 1.7172E-1 1.73376E-1 1.66062E-1 1.69562E-1 1.77818E-1 2.01199E-1 2.13874E-1 2.19768E-1 2.28201E-1 2.4591E-1 2.50053E-1 2.59002E-1 2.91441E-1 2.94605E-1 -9999 -9999 -9999 -9999 -9999 -9999
-9999 -9999 -9999 -9999 -9999 -9999 -9999 -9999 -9999 -9999 -9999 -9999 -9999 -9999 3.95881E-1 3.79282E-1 3.54299E-1 3.37367E-1 3.19627E-1 2.99455E-1 2.82467E-1 2.69306E-1 2.6302E-1 2.55208E-1 2.41484E-1 2.31786E-1 2.29557E-1 2.20951E-1 2.14067E-1 2.0703E-1 2.03386E-1 1.98647E-1 1.91989E-1 1.9126E-1 1.91508E-1 1.79236E-1 1.69287E-1 1.69774E-1 1.7603E-1 1.67429E-1 1.66154E-1 1.58497E-1 1.59679E-1 1.55965E-1 1.54701E-1 1.54831E-1 1.60194E-1 1.4974E-1 1.50877E-1 1.60449E-1 1.65615E-1 1.65841E-1 1.66423E-1 1.66575E-1 1.70059E-1 1.72841E-1 1.63052E-1 1.77026E-1 2.07274E-1 2.19002E-1 2.23848E-1 2.35972E-1 2.47349E-1 2.56967E-1 2.83934E-1 2.95964E-1 -9999 -9999 -9999 -9999 -9999 -9999
-9999 -9999 -9999 -9999 -9999 -9999 -9999 -9999 -9999 -9999 -9999 -9999 -9999 4.27351E-1 3.9933E-1 3.80884E-1 3.52393E-1 3.30421E-1 3.20714E-1 2.96301E-1 2.87878E-1 2.75741E-1 2.57358E-1 2.50427E-1 2.4299E-1 2.35238E-1 2.24094E-1 2.19112E-1 2.09249E-1 2.05582E-1 2.05194E-1 1.9017E-1 1.94776E-1 1.86968E-1 1.88197E-1 1.78808E-1 1.72555E-1 1.74192E-1 1.74355E-1 1.70265E-1 1.64622E-1 1.54656E-1 1.54069E-1 1.55159E-1 1.62247E-1 1.58453E-1 1.6191E-1 1.60149E-1 1.50835E-1 1.60752E-1 1.61741E-1 1.64558E-1 1.60735E-1 1.63571E-1 1.61566E-1 1.61451E-1 1.6118E-1 1.74116E-1 2.00584E-1 2.1073E-1 2.09808E-1 2.26972E-1 2.41804E-1 2.43496E-1 2.70817E-1 2.84999E-1 -9999 -9999 -9999 -9999 -9999 -9999
-9999 -9999 -9999 -9999 -9999 -9999 -9999 -9999 -9999 -9999 -9999 -9999 -9999 4.24385E-1 4.01088E-1 3.67785E-1 3.4459E-1 3.27686E-1 3.14617E-1 2.98465E-1 2.82942E-1 2.77442E-1 2.62656E-1 2.51586E-1 2.46034E-1 2.39173E-1 2.28184E-1 2.21506E-1 2.14892E-1 2.0471E-1 2.05386E-1 1.97739E-1 1.97387E-1 1.91089E-1 1.83914E-1 1.79415E-1 1.79089E-1 1.68548E-1 1.70991E-1 1.69699E-1 1.66374E-1 1.62335E-1 1.57337E-1 1.6191E-1 1.58281E-1 1.52148E-1 1.60448E-1 1.58261E-1 1.57602E-1 1.55715E-1 1.62257E-1 1.58433E-1 1.52711E-1 1.56043E-1 1.65026E-1 1.62456E-1 1.60068E-1 1.69002E-1 1.88442E-1 1.89873E-1 2.16012E-1 2.28595E-1 2.42059E-1 2.4529E-1 2.61918E-1 2.6282E-1 2.88052E-1 -9999 -9999 -9999 -9999 -9999
-9999 -9999 -9999 -9999 -9999 -9999 -9999 -9999 -9999 -9999 -9999 -9999 -9999 4.23468E-1 3.96332E-1 3.76898E-1 3.46812E-1 3.28253E-1 3.1374E-1 3.0077E-1 2.83053E-1 2.83474E-1 2.63149E-1 2.55915E-1 2.44014E-1 2.34337E-1 2.22825E-1 2.1713E-1 2.13412E-1 2.06679E-1 1.96929E-1 1.94275E-1 1.93529E-1 1.84888E-1 1.80783E-1 1.80371E-1 1.77554E-1 1.70877E-1 1.69106E-1 1.69834E-1 1.6248E-1 1.59988E-1 1.58754E-1 1.65604E-1 1.5991E-1 1.55528E-1 1.54339E-1 1.42463E-1 1.58877E-1 1.51241E-1 1.54461E-1 1.49819E-1 1.50418E-1 1.51092E-1 1.6349E-1 1.57218E-1 1.65314E-1 1.63589E-1 1.65046E-1 1.87927E-1 2.10895E-1 2.25475E-1 2.30393E-1 2.31937E-1 2.55053E-1 2.58227E-1 2.71607E-1 -9999 -9999 -9999 -9999 -9999
-9999 -9999 -9999 -9999 -9999 -9999 -9999 -9999 -9999 -9999 -9999 -9999 4.41649E-1 4.26544E-1 3.94396E-1 3.71771E-1 3.45881E-1 3.31326E-1 3.13312E-1 2.95655E-1 2.88746E-1 2.71363E-1 2.68044E-1 2.55269E-1 2.44308E-1 2.36216E-1 2.26351E-1 2.18645E-1 2.14845E-1 2.1365E-1 2.01989E-1 2.02985E-1 1.8994E-1 1.86132E-1 1.76787E-1 1.78413E-1 1.72231E-1 1.69747E-1 1.72804E-1 1.67932E-1 1.67537E-1 1.63775E-1 1.63829E-1 1.64065E-1 1.63201E-1 1.57252E-1 1.5242E-1 1.33319E-1 1.41085E-1 1.40114E-1 1.44141E-1 1.46429E-1 1.53604E-1 1.55891E-1 1.59547E-1 1.61913E-1 1.65756E-1 1.61938E-1 1.68699E-1 1.92684E-1 2.10804E-1 2.22471E-1 2.28066E-1 2.32067E-1 2.48601E-1 2.52215E-1 2.66384E-1 2.80079E-1 -9999 -9999 -9999 -9999
-9999 -9999 -9999 -9999 -9999 -9999 -9999 -9999 -9999 -9999 -9999 -9999 4.39756E-1 4.32635E-1 3.94488E-1 3.71615E-1 3.50734E-1 3.35096E-1 3.21723E-1 3.01153E-1 2.88369E-1 2.70269E-1 2.66952E-1 2.48323E-1 2.46726E-1 2.338E-1 2.32333E-1 2.28161E-1 2.16582E-1 2.12413E-1 2.03958E-1 1.93008E-1 1.84484E-1 1.86895E-1 1.8393E-1 1.79441E-1 1.78088E-1 1.72033E-1 1.68833E-1 1.67286E-1 1.62057E-1 1.63906E-1 1.66343E-1 1.60966E-1 1.59808E-1 1.56281E-1 1.54189E-1 1.46909E-1 1.27815E-1 1.37949E-1 1.46903E-1 1.51331E-1 1.51367E-1 1.57304E-1 1.61748E-1 1.58187E-1 1.5756E-1 1.62507E-1 1.68494E-1 1.89211E-1 2.06033E-1 2.08106E-1 2.14506E-1 2.29467E-1 2.40574E-1 2.52653E-1 2.6747E-1 2.73192E-1 2.83295E-1 3.08116E-1 3.07594E-1 3.25352E-1
-9999 -9999 -9999 -9999 -9999 -9999 -9999 -9999 -9999 -9999 -9999 -9999 4.32083E-1 4.24463E-1 3.96966E-1 3.77417E-1 3.65719E-1 3.45379E-1 3.21535E-1 3.02804E-1 2.97815E-1 2.7871E-1 2.56012E-1 2.56695E-1 2.47822E-1 2.41604E-1 2.26992E-1 2.2427E-1 2.13276E-1 2.09167E-1 2.01659E-1 1.92943E-1 1.97968E-1 1.967E-1 1.8629E-1 1.7804E-1 1.75652E-1 1.77272E-1 1.66534E-1 1.70025E-1 1.58941E-1 1.56524E-1 1.64902E-1 1.62821E-1 1.65063E-1 1.57655E-1 1.54467E-1 1.51741E-1 1.39118E-1 1.34219E-1 1.49505E-1 1.51147E-1 1.60415E-1 1.5578E-1 1.5743E-1 1.62661E-1 1.61827E-1 1.5661E-1 1.5732E-1 1.57979E-1 1.91337E-1 1.93058E-1 2.23058E-1 2.16172E-1 2.31469E-1 2.42237E-1 2.63275E-1 2.71995E-1 2.7799E-1 2.8998E-1 2.96922E-1 3.23177E-1
-9999 -9999 -9999 -9999 -9999 -9999 -9999 -9999 -9999 -9999 -9999 -9999 -9999 4.29564E-1 4.00888E-1 3.84591E-1 3.63432E-1 3.4798E-1 3.25279E-1 3.15624E-1 2.88583E-1 2.81017E-1 2.72036E-1 2.62592E-1 2.52945E-1 2.42168E-1 2.34576E-1 2.18892E-1 2.15949E-1 2.07256E-1 2.01264E-1 2.00818E-1 2.016E-1 1.91119E-1 1.87235E-1 1.85848E-1 1.78668E-1 1.82317E-1 1.72096E-1 1.672E-1 1.6401E-1 1.57472E-1 1.53219E-1 1.5749E-1 1.63097E-1 1.5508E-1 1.50932E-1 1.43097E-1 1.52951E-1 1.49078E-1 1.52514E-1 1.55963E-1 1.54328E-1 1.59558E-1 1.58426E-1 1.58464E-1 1.58075E-1 1.54933E-1 1.5887E-1 1.61316E-1 1.94315E-1 2.10335E-1 2.05261E-1 2.08747E-1 2.34813E-1 2.37809E-1 2.48943E-1 2.68874E-1 2.70583E-1 2.85865E-1 2.92573E-1 3.01859E-1
-9999 -9999 -9999 -9999 -9999 -9999 -9999 -9999 -9999 -9999 -9999 -9999 -9999 4.21342E-1 4.08125E-1 3.74004E-1 3.68096E-1 3.49079E-1 3.32131E-1 3.10421E-1 2.88087E-1 2.85429E-1 2.6912E-1 2.58896E-1 2.53897E-1 2.4047E-1 2.36379E-1 2.2056E-1 2.14351E-1 2.1097E-1 2.09167E-1 2.06613E-1 1.98821E-1 1.9447E-1 1.89072E-1 1.87483E-1 1.81975E-1 1.75226E-1 1.75097E-1 1.75858E-1 1.70046E-1 1.64008E-1 1.60282E-1 1.56166E-1 1.56595E-1 1.53072E-1 1.53919E-1 1.46927E-1 1.45301E-1 1.55072E-1 1.55406E-1 1.50618E-1 1.57881E-1 1.53479E-1 1.57055E-1 1.4803E-1 1.53664E-1 1.58941E-1 1.5507E-1 1.5853E-1 1.91278E-1 2.08142E-1 2.14762E-1 2.18803E-1 2.2736E-1 2.38276E-1 2.45993E-1 2.52074E-1 2.56912E-1 2.74454E-1 2.84199E-1 2.95797E-1
-9999 -9999 -9999 -9999 -9999 -9999 -9999 -9999 -9999 -9999 -9999 -9999 -9999 4.39126E-1 4.14039E-1 3.82746E-1 3.64314E-1 3.37147E-1 3.25654E-1 3.05355E-1 2.94049E-1 2.86505E-1 2.71684E-1 2.6825E-1 2.55784E-1 2.47852E-1 2.35463E-1 2.28482E-1 2.18435E-1 2.19641E-1 2.10809E-1 2.11036E-1 1.98006E-1 1.9493E-1 1.94413E-1 1.90317E-1 1.81975E-1 1.81593E-1 1.78677E-1 1.73933E-1 1.70908E-1 1.66677E-1 1.58101E-1 1.62278E-1 1.60766E-1 1.56106E-1 1.54802E-1 1.52052E-1 1.58299E-1 1.55073E-1 1.51503E-1 1.53453E-1 1.56676E-1 1.59343E-1 1.5627E-1 1.54511E-1 1.53135E-1 1.5771E-1 1.53116E-1 1.7769E-1 1.92335E-1 2.02301E-1 2.02269E-1 2.09031E-1 2.19E-1 2.32069E-1 2.36128E-1 2.45608E-1 2.47358E-1 2.58719E-1 2.67511E-1 2.86945E-1
-9999 -9999 -9999 -9999 -9999 -9999 -9999 -9999 -9999 -9999 -9999 -9999 -9999 4.40282E-1 4.22863E-1 3.8704E-1 3.66817E-1 3.50437E-1 3.27025E-1 3.08569E-1 3.02711E-1 2.93609E-1 2.75416E-1 2.65277E-1 2.52808E-1 2.43423E-1 2.36013E-1 2.28505E-1 2.22565E-1 2.11773E-1 2.162E-1 2.03688E-1 1.98836E-1 1.94064E-1 1.88971E-1 1.83983E-1 1.84242E-1 1.80699E-1 1.76985E-1 1.72712E-1 1.66415E-1 1.65529E-1 1.59464E-1 1.602E-1 1.61899E-1 1.58155E-1 1.50941E-1 1.57189E-1 1.57277E-1 1.51064E-1 1.52344E-1 1.55953E-1 1.61356E-1 1.53739E-1 1.55962E-1 1.5322E-1 1.57168E-1 1.51549E-1 1.44873E-1 1.67937E-1 1.87218E-1 1.93901E-1 2.07615E-1 2.03568E-1 2.12325E-1 2.2022E-1 2.29147E-1 2.3546E-1 2.44096E-1 2.53696E-1 2.62953E-1 2.7252E-1
-9999 -9999 -9999 -9999 -9999 -9999 -9999 -9999 -9999 -9999 -9999 -9999 -9999 4.35516E-1 4.13826E-1 3.90939E-1 3.72126E-1 3.51712E-1 3.32723E-1 3.13127E-1 3.03413E-1 2.87957E-1 2.79876E-1 2.58677E-1 2.48041E-1 2.39609E-1 2.32196E-1 2.30781E-1 2.24099E-1 2.18183E-1 2.09892E-1 2.01678E-1 1.97326E-1 1.94012E-1 1.90787E-1 1.84408E-1 1.80749E-1 1.79243E-1 1.77832E-1 1.72943E-1 1.66796E-1 1.68277E-1 1.66008E-1 1.60637E-1 1.58316E-1 1.59268E-1 1.52345E-1 1.58924E-1 1.56508E-1 1.52521E-1 1.53954E-1 1.58406E-1 1.53698E-1 1.54925E-1 1.55791E-1 1.57454E-1 1.55524E-1 1.51924E-1 1.52946E-1 1.70585E-1 1.86383E-1 1.89378E-1 1.95787E-1 1.95607E-1 2.04839E-1 2.15298E-1 2.23719E-1 2.37832E-1 2.37975E-1 2.42801E-1 2.58315E-1 2.64992E-1
-9999 -9999 -9999 -9999 -9999 -9999 -9999 -9999 -9999 -9999 -9999 -9999 -9999 4.353E-1 4.14617E-1 3.93994E-1 3.77018E-1 3.4401E-1 3.30942E-1 3.16002E-1 3.04886E-1 2.89296E-1 2.68879E-1 2.60408E-1 2.51E-1 2.45846E-1 2.34641E-1 2.32274E-1 2.1682E-1 2.13241E-1 2.08773E-1 2.03474E-1 1.94686E-1 1.94342E-1 1.91213E-1 1.96315E-1 1.81277E-1 1.79127E-1 1.74098E-1 1.73946E-1 1.71914E-1 1.63891E-1 1.64722E-1 1.59603E-1 1.57771E-1 1.4919E-1 1.60951E-1 1.60117E-1 1.58458E-1 1.48795E-1 1.50615E-1 1.57148E-1 1.51733E-1 1.53514E-1 1.59732E-1 1.52413E-1 1.56741E-1 1.49081E-1 1.67469E-1 1.76089E-1 1.83362E-1 1.91562E-1 1.94108E-1 2.02215E-1 2.10687E-1 2.15392E-1 2.18749E-1 2.29203E-1 2.35128E-1 2.3839E-1 2.51606E-1 2.60698E-1
-9999 -9999 -9999 -9999 -9999 -9999 -9999 -9999 -9999 -9999 -9999 -9999 -9999 4.40563E-1 4.1701E-1 3.94412E-1 3.72713E-1 3.58791E-1 3.42637E-1 3.19056E-1 3.05749E-1 2.95679E-1 2.71885E-1 2.65171E-1 2.53064E-1 2.46667E-1 2.35552E-1 2.24367E-1 2.15033E-1 2.17064E-1 2.13264E-1 2.03503E-1 1.96859E-1 1.9337E-1 1.87874E-1 1.81292E-1 1.8365E-1 1.76525E-1 1.72291E-1 1.73861E-1 1.66813E-1 1.69588E-1 1.68914E-1 1.68053E-1 1.6103E-1 1.5804E-1 1.61178E-1 1.61118E-1 1.56036E-1 1.52587E-1 1.52671E-1 1.56368E-1 1.49904E-1 1.56295E-1 1.55839E-1 1.51712E-1 1.52378E-1 1.55853E-1 1.5693E-1 1.74382E-1 1.79101E-1 1.83923E-1 1.89118E-1 1.95707E-1 2.07767E-1 2.13536E-1 2.12045E-1 2.22464E-1 2.30348E-1 2.31714E-1 2.36954E-1 2.51871E-1
-9999 -9999 -9999 -9999 -9999 -9999 -9999 -9999 -9999 -9999 -9999 -9999 -9999 -9999 4.24988E-1 3.89663E-1 3.75628E-1 3.61898E-1 3.49978E-1 3.25813E-1 3.04244E-1 2.85654E-1 2.75078E-1 2.66668E-1 2.57767E-1 2.37304E-1 2.28757E-1 2.25828E-1 2.20814E-1 2.10659E-1 2.1103E-1 2.00317E-1 2.02991E-1 1.99076E-1 1.87131E-1 1.83831E-1 1.8333E-1 1.82636E-1 1.80938E-1 1.80901E-1 1.72715E-1 1.6668E-1 1.7304E-1 1.68427E-1 1.63638E-1 1.56159E-1 1.5958E-1 1.6073E-1 1.56567E-1 1.58889E-1 1.57628E-1 1.60986E-1 1.57019E-1 1.57704E-1 1.52277E-1 1.5237E-1 1.56671E-1 1.53527E-1 1.48441E-1 1.66667E-1 1.78176E-1 1.86439E-1 1.87715E-1 1.95277E-1 2.01862E-1 2.0798E-1 2.09888E-1 2.19686E-1 2.26925E-1 2.23219E-1 2.33686E-1 2.4119E-1
-9999 -9999 -9999 -9999 -9999 -9999 -9999 -9999 -9999 -9999 -9999 -9999 -9999 -9999 4.11706E-1 4.06486E-1 3.75633E-1 3.613E-1 3.37782E-1 3.13794E-1 3.04032E-1 2.8225E-1 2.76297E-1 2.68153E-1 2.53737E-1 2.52599E-1 2.39572E-1 2.35086E-1 2.25012E-1 2.14061E-1 2.14266E-1 2.07891E-1 2.02308E-1 1.92365E-1 1.90279E-1 1.86955E-1 1.89366E-1 1.81307E-1 1.74275E-1 1.70219E-1 1.69679E-1 1.64417E-1 1.69025E-1 1.66655E-1 1.65137E-1 1.58392E-1 1.59287E-1 1.57229E-1 1.54587E-1 1.58778E-1 1.57945E-1 1.55543E-1 1.55797E-1 1.56991E-1 1.47709E-1 1.47622E-1 1.55261E-1 1.51165E-1 1.55319E-1 1.56135E-1 1.72514E-1 1.84012E-1 1.9407E-1 1.94658E-1 1.9381E-1 1.9856E-1 2.02794E-1 2.1233E-1 2.1267E-1 2.19107E-1 2.26212E-1 2.36883E-1
-9999 -9999 -9999 -9999 -9999 -9999 -9999 -9999 -9999 -9999 -9999 -9999 -9999 -9999 4.29379E-1 3.92465E-1 3.83819E-1 3.63511E-1 3.40167E-1 3.21643E-1 3.14842E-1 2.97257E-1 2.85578E-1 2.70903E-1 2.57712E-1 2.46528E-1 2.39238E-1 2.27671E-1 2.24987E-1 2.12513E-1 2.16532E-1 2.03475E-1 1.93889E-1 1.96334E-1 1.97317E-1 1.90645E-1 1.86627E-1 1.78921E-1 1.77704E-1 1.7297E-1 1.70613E-1 1.65762E-1 1.69103E-1 1.65016E-1 1.63487E-1 1.5911E-1 1.60529E-1 1.59348E-1 1.55489E-1 1.60419E-1 1.55888E-1 1.56428E-1 1.53938E-1 1.5412E-1 1.53944E-1 1.55823E-1 1.56422E-1 1.54466E-1 1.56207E-1 1.63989E-1 1.69865E-1 1.84206E-1 1.88913E-1 1.90731E-1 1.85607E-1 1.98129E-1 1.95522E-1 2.02313E-1 2.09827E-1 2.25457E-1 2.22479E-1 2.28927E-1
