Artocarpus altilis SDM files/Last interglacial/results (with bias file)/Artalt_4.asc
ncols         1201
nrows         481
xllcorner     119.99986351115
yllcorner     -15.00013864885
cellsize      0.041666667
NODATA_value  -9999
[rows 160 to 191 of 481, columns 0 to 71 of 1201]
3.3904E-1 3.21181E-1 1.9959E-1 1.54801E-1 1.93518E-1 2.1058E-1 2.12178E-1 2.22935E-1 1.83576E-1 1.27969E-1 1.00936E-1 1.12463E-1 1.67081E-1 2.84196E-1 3.36546E-1 3.53612E-1 3.10193E-1 3.20226E-1 2.88486E-1 2.33878E-1 1.66954E-1 1.15367E-1 9.43522E-2 8.33624E-2 7.99478E-2 8.32969E-2 1.37122E-1 2.62633E-1 2.39969E-1 3.2498E-1 4.32226E-1 3.5214E-1 1.90505E-1 1.1752E-1 2.15985E-1 1.76261E-1 1.2373E-1 1.80172E-1 3.08055E-1 3.64733E-1 2.11814E-1 3.46025E-1 4.35892E-1 3.54162E-1 4.46494E-1 5.31111E-1 5.83897E-1 6.20115E-1 6.342E-1 6.59099E-1 6.60926E-1 -9999 6.73666E-1 -9999 -9999 -9999 -9999 -9999 -9999 -9999 -9999 -9999 -9999 -9999 -9999 -9999 -9999 -9999 -9999 -9999 -9999 -9999
3.12812E-1 3.14175E-1 2.04026E-1 1.28454E-1 1.84954E-1 2.11821E-1 1.81384E-1 2.08634E-1 1.65183E-1 9.91904E-2 9.35858E-2 1.09466E-1 1.73591E-1 2.54764E-1 3.20792E-1 3.02273E-1 2.66015E-1 2.65992E-1 2.34493E-1 1.85569E-1 1.54554E-1 1.2412E-1 8.42901E-2 6.66271E-2 6.60583E-2 8.92918E-2 2.0812E-1 2.93609E-1 2.16134E-1 3.09945E-1 3.61384E-1 3.83667E-1 2.69388E-1 1.50339E-1 2.54685E-1 2.47703E-1 1.52938E-1 2.07971E-1 2.1518E-1 3.3925E-1 2.92835E-1 3.23786E-1 4.96812E-1 4.49243E-1 5.44988E-1 5.64046E-1 5.90209E-1 6.13277E-1 -9999 -9999 -9999 -9999 -9999 -9999 -9999 -9999 -9999 -9999 -9999 -9999 -9999 -9999 -9999 -9999 -9999 -9999 -9999 -9999 -9999 -9999 -9999 -9999
1.97675E-1 2.9489E-1 2.19841E-1 1.14869E-1 1.62204E-1 1.90111E-1 1.6785E-1 1.76806E-1 1.46738E-1 1.00051E-1 9.60879E-2 1.55118E-1 2.00726E-1 2.45078E-1 2.59371E-1 2.95807E-1 2.36917E-1 2.16715E-1 2.01717E-1 1.50335E-1 1.67541E-1 1.44909E-1 7.9886E-2 6.54756E-2 7.85275E-2 1.56842E-1 2.58121E-1 2.78815E-1 2.33894E-1 1.64797E-1 2.87099E-1 4.27609E-1 3.12019E-1 2.32E-1 2.19536E-1 2.83253E-1 2.48619E-1 2.7423E-1 2.96323E-1 3.72642E-1 4.16476E-1 4.3398E-1 5.06362E-1 4.988E-1 5.6873E-1 5.62558E-1 -9999 -9999 -9999 -9999 -9999 -9999 -9999 -9999 -9999 -9999 -9999 -9999 -9999 -9999 -9999 -9999 -9999 -9999 -9999 -9999 -9999 -9999 -9999 -9999 -9999 -9999
2.11612E-1 3.07719E-1 2.67802E-1 1.43982E-1 1.1051E-1 1.05613E-1 1.30856E-1 1.85164E-1 1.34052E-1 1.00173E-1 1.00469E-1 1.37161E-1 2.13579E-1 2.97773E-1 2.98625E-1 2.64089E-1 1.95298E-1 2.00815E-1 1.91047E-1 1.40475E-1 1.85859E-1 1.53643E-1 9.18565E-2 8.94624E-2 1.52532E-1 2.41207E-1 2.46485E-1 2.36741E-1 2.35585E-1 1.32607E-1 2.11319E-1 4.14056E-1 3.14951E-1 2.59586E-1 2.41486E-1 2.83092E-1 3.48821E-1 3.70198E-1 4.04916E-1 4.29305E-1 4.81791E-1 5.11566E-1 5.21965E-1 -9999 -9999 -9999 -9999 -9999 -9999 -9999 -9999 -9999 -9999 -9999 -9999 -9999 -9999 -9999 -9999 -9999 -9999 -9999 -9999 -9999 -9999 -9999 -9999 -9999 -9999 -9999 -9999 -9999
2.5545E-1 1.96699E-1 2.87195E-1 1.77748E-1 1.20174E-1 1.21797E-1 1.3556E-1 1.91096E-1 1.42032E-1 1.05629E-1 9.84285E-2 1.63484E-1 2.54243E-1 2.99751E-1 2.96485E-1 2.08305E-1 1.89133E-1 1.53832E-1 1.73342E-1 1.75635E-1 2.05711E-1 1.54281E-1 1.15444E-1 1.43683E-1 2.22356E-1 2.70477E-1 2.56701E-1 2.1121E-1 2.29142E-1 2.06766E-1 1.91503E-1 3.88503E-1 3.98949E-1 3.68685E-1 3.68889E-1 3.38508E-1 4.0869E-1 4.07759E-1 4.33191E-1 4.16246E-1 4.77681E-1 5.00612E-1 5.06645E-1 -9999 -9999 -9999 -9999 -9999 -9999 -9999 -9999 -9999 -9999 -9999 -9999 -9999 -9999 -9999 -9999 -9999 -9999 -9999 -9999 -9999 -9999 -9999 -9999 -9999 -9999 -9999 -9999 -9999
1.40743E-1 1.42551E-1 2.19508E-1 2.12064E-1 1.63148E-1 2.12951E-1 2.4243E-1 1.92428E-1 1.41319E-1 8.77748E-2 1.27173E-1 2.21338E-1 2.85307E-1 2.84616E-1 2.86325E-1 2.4499E-1 1.78595E-1 1.35054E-1 1.75654E-1 2.20283E-1 2.0924E-1 2.20218E-1 1.77697E-1 2.05745E-1 2.61452E-1 2.73095E-1 2.79258E-1 2.36893E-1 2.32782E-1 2.71335E-1 2.86716E-1 3.72291E-1 3.89588E-1 4.09457E-1 3.92436E-1 3.81924E-1 4.18731E-1 4.20917E-1 4.34789E-1 4.4861E-1 4.6662E-1 4.7837E-1 -9999 -9999 -9999 -9999 -9999 -9999 -9999 -9999 -9999 -9999 -9999 -9999 -9999 -9999 -9999 -9999 -9999 -9999 -9999 -9999 -9999 -9999 -9999 -9999 -9999 -9999 -9999 -9999 -9999 -9999
1.13124E-1 1.26792E-1 1.53834E-1 2.43838E-1 2.20267E-1 2.3352E-1 2.28699E-1 1.76133E-1 1.15899E-1 9.70883E-2 1.37333E-1 2.49362E-1 2.8138E-1 2.76495E-1 2.6476E-1 2.63635E-1 1.78631E-1 1.42669E-1 2.01216E-1 2.72282E-1 2.24568E-1 2.82473E-1 2.52485E-1 2.54454E-1 2.5902E-1 2.87481E-1 3.05536E-1 2.90272E-1 2.73144E-1 3.00083E-1 2.4675E-1 2.74126E-1 3.95556E-1 3.81693E-1 4.07793E-1 4.11682E-1 4.1449E-1 4.08724E-1 4.32533E-1 4.23353E-1 4.40868E-1 4.79516E-1 -9999 -9999 -9999 -9999 -9999 -9999 -9999 -9999 -9999 -9999 -9999 -9999 -9999 -9999 -9999 -9999 -9999 -9999 -9999 -9999 -9999 -9999 -9999 -9999 -9999 -9999 -9999 -9999 -9999 -9999
1.15882E-1 1.32627E-1 1.35127E-1 2.12173E-1 2.02832E-1 2.12341E-1 2.07094E-1 1.6732E-1 1.16253E-1 1.30278E-1 1.38764E-1 1.85987E-1 2.20983E-1 2.51534E-1 2.58372E-1 2.59241E-1 1.96661E-1 1.51226E-1 2.20539E-1 2.70383E-1 2.59697E-1 2.48171E-1 3.01177E-1 2.88305E-1 2.81877E-1 3.02346E-1 3.04976E-1 2.79951E-1 2.13329E-1 3.21676E-1 3.11376E-1 3.21112E-1 3.95787E-1 3.10236E-1 3.91342E-1 4.10471E-1 4.0486E-1 4.04168E-1 3.94338E-1 4.14628E-1 4.69825E-1 -9999 -9999 -9999 -9999 -9999 -9999 -9999 -9999 -9999 -9999 -9999 -9999 -9999 -9999 -9999 -9999 -9999 -9999 -9999 -9999 -9999 -9999 -9999 -9999 -9999 -9999 -9999 -9999 -9999 -9999 -9999
9.28261E-2 9.75686E-2 9.40586E-2 1.4792E-1 2.00185E-1 1.45321E-1 1.5374E-1 1.26148E-1 9.28935E-2 1.09787E-1 1.3414E-1 1.15355E-1 1.24238E-1 2.16155E-1 2.57026E-1 2.49089E-1 2.18206E-1 1.75388E-1 2.24273E-1 2.34686E-1 2.64571E-1 2.33573E-1 2.5968E-1 2.9324E-1 2.95495E-1 2.97808E-1 2.89268E-1 2.4405E-1 2.16763E-1 3.6234E-1 3.57561E-1 2.76191E-1 3.59438E-1 2.93416E-1 3.54498E-1 -9999 -9999 3.88256E-1 -9999 4.25451E-1 -9999 -9999 -9999 -9999 -9999 -9999 -9999 -9999 -9999 -9999 -9999 -9999 -9999 -9999 -9999 -9999 -9999 -9999 -9999 -9999 -9999 -9999 -9999 -9999 -9999 -9999 -9999 -9999 -9999 -9999 -9999 -9999
9.28014E-2 7.94421E-2 7.10031E-2 9.65805E-2 1.61703E-1 1.3431E-1 1.00347E-1 9.29736E-2 8.80386E-2 8.87365E-2 1.30804E-1 1.37817E-1 1.0234E-1 1.69362E-1 2.39727E-1 2.55347E-1 2.45142E-1 2.20255E-1 2.06677E-1 2.50144E-1 2.60451E-1 2.60454E-1 2.40719E-1 2.72459E-1 2.8505E-1 2.72625E-1 2.73979E-1 1.92694E-1 2.12449E-1 3.60292E-1 3.77695E-1 3.18813E-1 3.35214E-1 3.39825E-1 3.67815E-1 3.73023E-1 -9999 -9999 -9999 -9999 -9999 -9999 -9999 -9999 -9999 -9999 -9999 -9999 -9999 -9999 -9999 -9999 -9999 -9999 -9999 -9999 -9999 -9999 -9999 -9999 -9999 -9999 -9999 -9999 -9999 -9999 -9999 -9999 -9999 -9999 -9999 -9999
9.50507E-2 8.03513E-2 7.07484E-2 9.80445E-2 1.30456E-1 1.54719E-1 1.30815E-1 9.17262E-2 7.95286E-2 7.78792E-2 1.15147E-1 1.39155E-1 1.07742E-1 1.45587E-1 1.67228E-1 2.40737E-1 2.44251E-1 2.38497E-1 1.77155E-1 1.99887E-1 2.30055E-1 2.54574E-1 2.38492E-1 2.29035E-1 2.56754E-1 2.21813E-1 2.434E-1 1.63687E-1 2.16273E-1 3.57106E-1 3.45491E-1 3.22127E-1 3.55861E-1 3.70931E-1 3.81189E-1 3.9133E-1 3.99123E-1 -9999 -9999 -9999 -9999 -9999 -9999 -9999 -9999 -9999 -9999 -9999 -9999 -9999 -9999 -9999 -9999 -9999 -9999 -9999 -9999 -9999 -9999 -9999 -9999 -9999 -9999 -9999 -9999 -9999 -9999 -9999 -9999 -9999 -9999 -9999
9.63333E-2 8.14641E-2 1.00173E-1 1.33468E-1 1.36213E-1 1.24623E-1 1.80548E-1 1.30558E-1 9.26267E-2 7.56233E-2 8.5743E-2 1.05932E-1 9.3137E-2 1.57973E-1 1.24618E-1 1.59698E-1 2.33869E-1 2.33771E-1 1.94918E-1 1.57901E-1 1.97992E-1 2.12175E-1 2.28998E-1 1.86527E-1 2.2868E-1 2.18114E-1 2.00051E-1 2.08973E-1 2.27992E-1 2.47523E-1 2.9513E-1 2.78455E-1 3.29634E-1 2.93049E-1 2.94671E-1 3.87385E-1 3.95256E-1 -9999 -9999 -9999 -9999 -9999 -9999 -9999 -9999 -9999 -9999 -9999 -9999 -9999 -9999 -9999 -9999 -9999 -9999 -9999 -9999 -9999 -9999 -9999 -9999 -9999 -9999 -9999 -9999 -9999 -9999 -9999 -9999 -9999 -9999 -9999
9.47398E-2 8.18001E-2 1.28906E-1 1.12151E-1 1.03873E-1 1.27755E-1 1.48026E-1 1.80276E-1 1.14616E-1 7.30539E-2 7.89259E-2 9.64159E-2 8.19681E-2 1.19941E-1 1.26765E-1 1.10009E-1 1.69036E-1 2.23346E-1 2.11426E-1 1.65195E-1 1.47641E-1 1.77577E-1 2.19213E-1 1.75242E-1 1.80635E-1 2.0509E-1 1.74113E-1 1.7053E-1 2.70867E-1 3.23142E-1 3.45117E-1 3.17111E-1 3.08353E-1 3.57872E-1 3.1266E-1 3.59445E-1 4.00987E-1 -9999 -9999 -9999 -9999 -9999 -9999 -9999 -9999 -9999 -9999 -9999 -9999 -9999 -9999 -9999 -9999 -9999 -9999 -9999 -9999 -9999 -9999 -9999 -9999 -9999 -9999 -9999 -9999 -9999 -9999 -9999 -9999 -9999 -9999 -9999
1.08809E-1 7.49065E-2 9.64475E-2 6.1949E-2 8.59261E-2 1.0751E-1 1.26042E-1 1.47963E-1 1.55016E-1 9.18398E-2 7.74537E-2 1.08406E-1 1.3675E-1 1.2432E-1 1.34079E-1 1.19179E-1 8.1992E-2 1.46521E-1 2.00074E-1 1.59652E-1 1.30736E-1 1.47483E-1 1.5393E-1 1.5969E-1 1.52925E-1 1.77613E-1 1.68888E-1 1.8958E-1 2.42395E-1 3.17561E-1 3.36176E-1 3.37915E-1 3.30076E-1 2.75156E-1 3.30103E-1 3.21969E-1 3.69796E-1 4.09499E-1 4.17509E-1 4.24162E-1 4.51338E-1 4.64496E-1 -9999 -9999 -9999 -9999 -9999 -9999 -9999 -9999 -9999 -9999 -9999 -9999 -9999 -9999 -9999 -9999 -9999 -9999 -9999 -9999 -9999 -9999 -9999 -9999 -9999 -9999 -9999 -9999 -9999 -9999
1.26149E-1 6.97783E-2 7.83363E-2 7.12698E-2 6.21395E-2 8.1468E-2 9.40382E-2 1.19311E-1 1.18667E-1 8.52467E-2 9.41387E-2 9.28092E-2 1.35487E-1 1.5443E-1 1.67804E-1 1.57657E-1 8.40728E-2 6.54024E-2 1.17168E-1 1.25453E-1 1.09206E-1 1.12721E-1 8.93354E-2 1.02578E-1 9.81771E-2 1.18799E-1 1.21765E-1 1.83988E-1 2.42959E-1 2.75658E-1 3.24992E-1 3.46318E-1 3.3593E-1 2.91284E-1 2.54973E-1 2.97995E-1 3.02518E-1 3.81392E-1 4.19667E-1 4.38947E-1 4.53514E-1 4.69999E-1 -9999 -9999 -9999 -9999 -9999 -9999 -9999 -9999 -9999 -9999 -9999 -9999 -9999 -9999 -9999 -9999 -9999 -9999 -9999 -9999 -9999 -9999 -9999 -9999 -9999 -9999 -9999 -9999 -9999 -9999
9.855E-2 7.27595E-2 9.34299E-2 8.35159E-2 7.01093E-2 8.34178E-2 1.01676E-1 9.09346E-2 8.34252E-2 8.40256E-2 1.50142E-1 8.18323E-2 9.79853E-2 1.28036E-1 1.09572E-1 1.11012E-1 1.45069E-1 9.99361E-2 1.0421E-1 1.02524E-1 8.80101E-2 8.74981E-2 8.28155E-2 8.22138E-2 1.08103E-1 8.16895E-2 8.53803E-2 1.52839E-1 2.54847E-1 2.21661E-1 3.31243E-1 3.33365E-1 3.32435E-1 3.03802E-1 2.49378E-1 2.56617E-1 2.78745E-1 3.69843E-1 4.20009E-1 4.35922E-1 4.44643E-1 4.56229E-1 4.75389E-1 -9999 -9999 -9999 -9999 -9999 -9999 -9999 -9999 -9999 -9999 -9999 -9999 -9999 -9999 -9999 -9999 -9999 -9999 -9999 -9999 -9999 -9999 -9999 -9999 -9999 -9999 -9999 -9999 -9999
8.46906E-2 6.0224E-2 8.19552E-2 1.01885E-1 9.81386E-2 8.75219E-2 8.59441E-2 1.40076E-1 1.13935E-1 8.58535E-2 1.68254E-1 1.22846E-1 7.755E-2 1.14811E-1 1.00934E-1 8.33909E-2 7.57317E-2 1.56245E-1 1.33188E-1 9.70528E-2 9.01019E-2 9.39979E-2 7.61705E-2 8.15936E-2 1.01966E-1 1.22744E-1 9.36522E-2 2.14541E-1 2.55246E-1 2.58324E-1 2.92029E-1 3.25731E-1 2.86472E-1 2.63558E-1 2.28984E-1 2.60668E-1 2.34674E-1 3.30662E-1 3.87857E-1 4.14175E-1 3.89585E-1 4.23266E-1 4.02607E-1 4.77569E-1 -9999 -9999 -9999 -9999 -9999 -9999 -9999 -9999 -9999 -9999 -9999 -9999 -9999 -9999 -9999 -9999 -9999 -9999 -9999 -9999 -9999 -9999 -9999 -9999 -9999 -9999 -9999 -9999
1.05858E-1 5.94246E-2 6.08262E-2 8.13335E-2 7.6763E-2 8.77163E-2 1.29541E-1 1.56015E-1 1.50591E-1 1.39128E-1 2.09797E-1 9.60431E-2 5.14929E-2 7.14908E-2 7.49587E-2 6.13896E-2 6.40856E-2 8.88241E-2 2.1801E-1 1.93253E-1 1.50319E-1 1.2215E-1 1.11177E-1 1.17229E-1 1.24632E-1 1.38648E-1 1.20541E-1 1.90912E-1 1.5098E-1 1.47589E-1 2.09972E-1 2.97188E-1 2.30476E-1 1.61314E-1 2.49527E-1 2.15396E-1 2.01774E-1 2.50822E-1 3.4582E-1 3.67226E-1 3.63011E-1 3.79452E-1 3.70837E-1 4.82227E-1 5.19361E-1 -9999 -9999 -9999 -9999 -9999 -9999 -9999 -9999 -9999 -9999 -9999 -9999 -9999 -9999 -9999 -9999 -9999 -9999 -9999 -9999 -9999 -9999 -9999 -9999 -9999 -9999 -9999
9.82864E-2 9.03817E-2 7.63244E-2 8.17684E-2 1.02698E-1 9.41356E-2 1.21794E-1 1.79341E-1 2.19327E-1 2.31625E-1 2.32203E-1 1.14548E-1 4.85786E-2 4.27498E-2 4.86182E-2 9.28586E-2 8.27557E-2 1.13519E-1 2.48334E-1 3.07217E-1 2.88111E-1 2.2712E-1 1.89008E-1 2.13874E-1 2.18839E-1 1.62497E-1 1.41562E-1 1.52244E-1 1.47528E-1 1.72459E-1 1.85177E-1 2.4969E-1 2.25447E-1 1.75385E-1 2.22769E-1 1.88343E-1 2.22068E-1 2.1129E-1 2.74481E-1 3.18367E-1 3.51326E-1 3.43239E-1 4.16575E-1 4.58468E-1 4.97494E-1 -9999 -9999 -9999 -9999 -9999 -9999 -9999 -9999 -9999 -9999 -9999 -9999 -9999 -9999 -9999 -9999 -9999 -9999 -9999 -9999 -9999 -9999 -9999 -9999 -9999 -9999 -9999
7.78332E-2 1.47312E-1 1.55518E-1 1.13425E-1 1.51254E-1 1.23084E-1 1.56751E-1 1.59875E-1 2.24685E-1 2.94234E-1 1.97655E-1 1.15511E-1 5.43615E-2 4.30391E-2 6.42799E-2 1.15481E-1 1.35557E-1 1.41061E-1 2.86208E-1 3.30254E-1 3.40962E-1 3.26691E-1 2.9851E-1 2.71306E-1 3.14761E-1 2.52303E-1 2.55271E-1 2.33669E-1 1.98954E-1 2.63947E-1 2.57679E-1 2.37491E-1 2.31223E-1 1.69794E-1 1.90247E-1 1.72211E-1 2.14878E-1 2.03271E-1 2.19324E-1 2.54682E-1 3.14119E-1 3.46153E-1 3.48484E-1 4.06644E-1 4.75862E-1 5.26965E-1 -9999 -9999 -9999 -9999 -9999 -9999 -9999 -9999 -9999 -9999 -9999 -9999 -9999 -9999 -9999 -9999 -9999 -9999 -9999 -9999 -9999 -9999 -9999 -9999 -9999 -9999
1.13256E-1 1.53179E-1 2.21821E-1 1.70866E-1 1.80175E-1 1.36157E-1 1.83837E-1 2.45486E-1 2.86953E-1 3.00125E-1 1.76411E-1 1.52266E-1 1.21829E-1 7.39828E-2 7.81693E-2 1.0357E-1 1.84022E-1 2.39455E-1 3.04768E-1 3.31525E-1 3.42922E-1 3.45107E-1 3.33171E-1 2.34799E-1 3.11257E-1 3.28041E-1 2.89148E-1 2.44724E-1 1.95059E-1 2.05894E-1 2.32967E-1 2.74814E-1 2.76511E-1 2.69513E-1 2.02832E-1 1.78562E-1 1.99903E-1 1.87768E-1 1.77133E-1 2.43676E-1 2.88939E-1 3.28152E-1 3.40634E-1 3.35479E-1 3.73887E-1 4.78125E-1 5.44957E-1 -9999 -9999 -9999 -9999 -9999 -9999 -9999 -9999 -9999 -9999 -9999 -9999 -9999 -9999 -9999 -9999 -9999 -9999 -9999 -9999 -9999 -9999 -9999 -9999 -9999
1.6525E-1 1.80568E-1 1.89252E-1 2.44787E-1 1.64497E-1 2.14273E-1 2.68155E-1 2.93588E-1 3.09543E-1 2.98463E-1 2.55531E-1 2.20875E-1 1.51923E-1 1.00601E-1 1.5611E-1 1.51967E-1 2.37493E-1 2.80056E-1 3.15548E-1 3.42518E-1 3.52945E-1 3.33411E-1 3.36142E-1 3.04235E-1 3.03111E-1 2.10396E-1 2.84571E-1 2.2815E-1 1.80467E-1 1.52141E-1 1.64372E-1 1.99034E-1 2.8109E-1 2.76338E-1 2.8623E-1 2.40012E-1 1.95222E-1 2.20423E-1 2.30876E-1 2.02254E-1 2.61857E-1 2.71455E-1 2.67105E-1 3.33556E-1 3.04853E-1 4.25402E-1 5.18331E-1 -9999 -9999 -9999 -9999 -9999 -9999 -9999 -9999 -9999 -9999 -9999 -9999 -9999 -9999 -9999 -9999 -9999 -9999 -9999 -9999 -9999 -9999 -9999 -9999 -9999
1.95998E-1 1.57253E-1 1.3548E-1 1.9012E-1 2.60529E-1 2.89746E-1 3.1048E-1 3.21582E-1 3.26432E-1 3.25395E-1 3.08341E-1 2.58678E-1 2.53579E-1 2.0205E-1 2.33525E-1 2.29818E-1 3.00151E-1 3.08116E-1 3.41161E-1 3.36354E-1 3.49281E-1 3.47394E-1 3.13332E-1 3.25912E-1 3.10636E-1 2.55331E-1 3.02011E-1 1.91513E-1 1.99156E-1 2.37728E-1 2.81122E-1 1.65814E-1 2.10871E-1 2.36452E-1 2.72955E-1 2.47967E-1 2.89238E-1 2.92955E-1 2.95659E-1 2.7445E-1 2.41659E-1 2.15054E-1 1.94781E-1 2.66352E-1 2.63126E-1 4.26722E-1 4.21981E-1 5.31707E-1 -9999 -9999 -9999 -9999 -9999 -9999 -9999 -9999 -9999 -9999 -9999 -9999 -9999 -9999 -9999 -9999 -9999 -9999 -9999 -9999 -9999 -9999 -9999 -9999
1.48114E-1 2.33849E-1 2.31295E-1 2.6258E-1 2.95028E-1 3.20701E-1 3.45101E-1 3.25589E-1 3.29624E-1 3.275E-1 3.24183E-1 3.28884E-1 3.32002E-1 3.25736E-1 3.2406E-1 3.10679E-1 3.33202E-1 3.52827E-1 3.57856E-1 3.4691E-1 3.48004E-1 3.4869E-1 3.43105E-1 3.56797E-1 3.63151E-1 3.55939E-1 3.4136E-1 2.53559E-1 1.74759E-1 2.09017E-1 2.95527E-1 2.25107E-1 2.1369E-1 2.50462E-1 2.6992E-1 3.11637E-1 3.162E-1 3.17537E-1 3.15464E-1 3.24369E-1 3.25518E-1 2.61516E-1 2.19867E-1 2.32259E-1 2.73123E-1 3.39581E-1 3.67718E-1 4.61375E-1 5.76587E-1 -9999 -9999 -9999 -9999 -9999 -9999 -9999 -9999 -9999 -9999 -9999 -9999 -9999 -9999 -9999 -9999 -9999 -9999 -9999 -9999 -9999 -9999 -9999
1.69453E-1 2.32826E-1 2.06338E-1 2.35861E-1 2.8278E-1 3.51045E-1 3.36553E-1 3.32945E-1 3.28829E-1 3.34816E-1 3.38873E-1 3.39061E-1 3.34863E-1 3.49315E-1 3.36402E-1 3.39259E-1 3.4969E-1 3.57722E-1 3.59031E-1 3.54993E-1 3.51666E-1 3.52597E-1 3.63048E-1 3.64021E-1 3.68403E-1 3.70898E-1 3.7898E-1 2.9239E-1 2.69497E-1 3.05232E-1 2.48526E-1 2.46102E-1 2.90415E-1 2.88712E-1 2.98339E-1 2.7715E-1 2.9928E-1 2.84492E-1 2.56442E-1 2.94808E-1 3.03633E-1 3.03635E-1 2.74882E-1 2.80172E-1 3.53117E-1 3.08411E-1 2.7412E-1 3.56669E-1 5.24166E-1 -9999 -9999 -9999 -9999 -9999 -9999 -9999 -9999 -9999 -9999 -9999 -9999 -9999 -9999 -9999 -9999 -9999 -9999 -9999 -9999 -9999 -9999 -9999
1.16958E-1 1.46996E-1 1.96401E-1 2.34838E-1 3.2848E-1 3.55892E-1 3.41471E-1 3.43989E-1 3.36281E-1 3.41652E-1 3.42544E-1 3.46445E-1 3.44346E-1 3.46543E-1 3.48292E-1 3.49159E-1 -9999 -9999 -9999 -9999 -9999 3.68393E-1 3.65656E-1 3.65781E-1 3.74192E-1 3.81114E-1 3.78216E-1 3.77097E-1 3.08655E-1 2.49741E-1 2.64711E-1 2.60361E-1 2.0599E-1 2.856E-1 3.18374E-1 3.21974E-1 3.26749E-1 3.327E-1 3.32009E-1 3.61298E-1 3.47604E-1 2.54509E-1 2.10433E-1 2.23306E-1 3.11869E-1 4.21031E-1 4.69975E-1 5.08783E-1 5.55104E-1 -9999 -9999 -9999 -9999 -9999 -9999 -9999 -9999 -9999 -9999 -9999 -9999 -9999 -9999 -9999 -9999 -9999 -9999 -9999 -9999 -9999 -9999 -9999
1.25826E-1 1.82231E-1 2.33961E-1 3.28111E-1 3.60657E-1 3.56913E-1 3.53384E-1 3.41437E-1 3.47106E-1 3.4161E-1 3.46739E-1 3.47241E-1 3.52113E-1 3.59288E-1 -9999 -9999 -9999 -9999 -9999 -9999 -9999 -9999 -9999 -9999 -9999 3.94138E-1 3.85625E-1 2.69984E-1 3.19945E-1 2.55234E-1 1.83791E-1 2.70724E-1 2.44113E-1 2.05304E-1 2.7939E-1 3.22336E-1 3.32742E-1 3.43023E-1 3.45892E-1 3.42111E-1 3.39962E-1 2.65975E-1 2.06772E-1 1.98645E-1 2.22836E-1 2.66104E-1 3.47651E-1 4.95394E-1 5.66598E-1 5.78072E-1 -9999 -9999 -9999 -9999 -9999 -9999 -9999 -9999 -9999 -9999 -9999 -9999 -9999 -9999 -9999 -9999 -9999 -9999 -9999 -9999 -9999 -9999
2.21786E-1 2.45662E-1 2.86883E-1 3.63428E-1 3.76331E-1 3.63392E-1 3.56602E-1 3.51654E-1 3.4844E-1 3.55619E-1 3.49338E-1 3.59054E-1 3.56999E-1 -9999 -9999 -9999 -9999 -9999 -9999 -9999 -9999 -9999 -9999 -9999 3.86672E-1 3.37933E-1 2.64697E-1 3.02535E-1 3.30397E-1 2.97569E-1 2.12354E-1 2.01492E-1 2.90012E-1 2.76595E-1 2.6449E-1 3.27811E-1 3.2069E-1 3.10312E-1 3.45324E-1 3.03306E-1 2.92715E-1 2.44694E-1 2.43183E-1 1.97672E-1 2.38851E-1 3.16563E-1 3.21803E-1 4.0235E-1 5.18536E-1 5.49542E-1 -9999 -9999 -9999 -9999 -9999 -9999 -9999 -9999 -9999 -9999 -9999 -9999 -9999 -9999 -9999 -9999 -9999 -9999 -9999 -9999 -9999 -9999
2.66365E-1 2.3584E-1 3.10198E-1 3.75693E-1 3.83591E-1 3.76582E-1 3.63134E-1 3.64635E-1 3.6367E-1 3.68702E-1 3.6448E-1 3.65798E-1 -9999 -9999 -9999 -9999 -9999 -9999 -9999 -9999 -9999 -9999 -9999 3.8209E-1 3.4742E-1 3.38216E-1 2.4114E-1 2.42216E-1 3.02789E-1 3.16524E-1 2.52937E-1 2.10161E-1 2.59603E-1 2.77171E-1 3.07813E-1 3.34948E-1 3.39708E-1 3.49232E-1 3.26987E-1 2.71142E-1 2.14853E-1 2.34148E-1 2.63434E-1 2.54829E-1 2.74391E-1 2.39758E-1 3.58407E-1 4.28733E-1 3.86289E-1 4.80783E-1 5.53078E-1 5.7995E-1 6.0155E-1 -9999 -9999 -9999 -9999 -9999 -9999 -9999 -9999 -9999 -9999 -9999 -9999 -9999 -9999 -9999 -9999 -9999 -9999 -9999
2.67959E-1 3.07979E-1 3.22513E-1 3.70435E-1 3.86817E-1 3.78576E-1 3.71855E-1 3.69869E-1 3.77554E-1 3.69163E-1 3.82357E-1 -9999 -9999 -9999 -9999 -9999 -9999 -9999 -9999 -9999 -9999 -9999 -9999 3.96695E-1 3.96375E-1 4.05253E-1 2.52244E-1 2.7237E-1 3.36269E-1 3.56563E-1 2.61205E-1 2.5423E-1 2.52023E-1 2.55161E-1 3.30768E-1 3.37608E-1 3.37736E-1 3.26881E-1 3.10142E-1 2.57791E-1 2.48413E-1 2.69831E-1 2.55158E-1 3.03499E-1 2.97564E-1 2.83593E-1 3.2695E-1 3.39271E-1 3.42802E-1 4.58558E-1 5.11344E-1 5.40577E-1 5.90079E-1 -9999 -9999 -9999 -9999 -9999 -9999 -9999 -9999 -9999 -9999 -9999 -9999 -9999 -9999 -9999 -9999 -9999 -9999 -9999
1.83056E-1 2.07917E-1 2.78976E-1 3.80415E-1 3.83636E-1 3.87318E-1 3.78448E-1 3.82826E-1 3.81697E-1 -9999 -9999 -9999 -9999 -9999 -9999 -9999 -9999 -9999 -9999 -9999 -9999 -9999 -9999 -9999 -9999 4.15954E-1 3.22046E-1 2.57206E-1 3.26599E-1 3.45707E-1 2.94793E-1 2.09966E-1 1.91614E-1 3.32538E-1 3.46986E-1 3.41599E-1 3.29788E-1 2.65925E-1 2.64468E-1 2.22889E-1 2.22561E-1 2.97319E-1 3.4793E-1 3.4502E-1 3.61185E-1 3.23056E-1 2.8489E-1 3.02348E-1 4.21088E-1 4.54306E-1 3.8932E-1 4.86739E-1 5.6892E-1 5.6132E-1 5.24823E-1 6.01915E-1 -9999 -9999 -9999 -9999 -9999 -9999 -9999 -9999 -9999 -9999 -9999 -9999 -9999 -9999 -9999 -9999
1.93341E-1 1.75097E-1 2.53897E-1 3.2911E-1 3.9412E-1 3.96978E-1 4.02569E-1 -9999 -9999 -9999 -9999 -9999 -9999 -9999 -9999 -9999 -9999 -9999 -9999 -9999 -9999 -9999 -9999 -9999 -9999 4.46744E-1 3.61096E-1 2.36317E-1 2.90581E-1 3.53167E-1 3.00077E-1 2.95415E-1 2.90854E-1 3.38755E-1 3.31703E-1 3.21467E-1 3.01854E-1 3.14149E-1 3.21828E-1 3.21964E-1 2.99376E-1 3.27089E-1 3.61739E-1 3.19579E-1 3.47734E-1 3.0109E-1 3.0602E-1 3.52383E-1 3.89912E-1 3.0784E-1 3.39002E-1 4.47496E-1 4.31221E-1 4.58191E-1 4.72626E-1 5.74685E-1 -9999 -9999 -9999 -9999 -9999 -9999 -9999 -9999 -9999 -9999 -9999 -9999 -9999 -9999 -9999 -9999
