Artocarpus altilis SDM files/Last interglacial/results (with bias file)/Artalt_9.asc
ncols         1201
nrows         481
xllcorner     119.99986351115
yllcorner     -15.00013864885
cellsize      0.041666667
NODATA_value  -9999
[rows 160 to 191 of 481, columns 360 to 431 of 1201]
-9999 -9999 -9999 -9999 -9999 -9999 -9999 -9999 -9999 -9999 8.02227E-1 8.31122E-1 7.44394E-1 6.97718E-1 6.79185E-1 7.48308E-1 7.82699E-1 7.8481E-1 7.85544E-1 8.06294E-1 8.07944E-1 8.32327E-1 8.24297E-1 8.3797E-1 8.09508E-1 8.31303E-1 8.23857E-1 8.1582E-1 8.20591E-1 -9999 -9999 -9999 -9999 -9999 -9999 -9999 -9999 -9999 -9999 -9999 -9999 -9999 -9999 -9999 -9999 -9999 -9999 -9999 -9999 -9999 -9999 -9999 -9999 -9999 -9999 -9999 -9999 -9999 6.13147E-1 5.84563E-1 5.85011E-1 5.83865E-1 5.57951E-1 5.29575E-1 5.28902E-1 5.28706E-1 4.97592E-1 5.00329E-1 5.07248E-1 5.05642E-1 5.06094E-1 5.0492E-1
-9999 -9999 -9999 -9999 -9999 -9999 -9999 -9999 -9999 -9999 -9999 7.89157E-1 7.1825E-1 6.74175E-1 6.97186E-1 6.38769E-1 5.99226E-1 6.22953E-1 6.4219E-1 6.50582E-1 7.11642E-1 6.20775E-1 7.0196E-1 6.7163E-1 6.87015E-1 6.60178E-1 6.71239E-1 5.83436E-1 6.00937E-1 6.9348E-1 6.84689E-1 6.81371E-1 -9999 -9999 -9999 -9999 -9999 -9999 -9999 -9999 -9999 -9999 -9999 -9999 -9999 -9999 -9999 -9999 -9999 -9999 -9999 -9999 -9999 -9999 -9999 -9999 5.96382E-1 5.67318E-1 5.6632E-1 5.68221E-1 5.39529E-1 5.41407E-1 5.14531E-1 5.15348E-1 5.12433E-1 4.84957E-1 4.85582E-1 4.94192E-1 4.73824E-1 4.89765E-1 4.9167E-1 4.89741E-1
-9999 -9999 -9999 -9999 -9999 -9999 -9999 -9999 -9999 -9999 -9999 -9999 -9999 -9999 -9999 7.10363E-1 6.46403E-1 6.77375E-1 6.79937E-1 6.68873E-1 6.84914E-1 5.47368E-1 4.34716E-1 3.89488E-1 4.80461E-1 3.06777E-1 2.9802E-1 4.3037E-1 4.04356E-1 5.45222E-1 4.4406E-1 4.33582E-1 5.22495E-1 6.96173E-1 7.11408E-1 6.76118E-1 6.71594E-1 6.7694E-1 7.47878E-1 7.50095E-1 7.10271E-1 6.18331E-1 6.82341E-1 -9999 -9999 -9999 -9999 -9999 -9999 -9999 -9999 -9999 -9999 -9999 5.75914E-1 5.49094E-1 5.51411E-1 5.14537E-1 5.16861E-1 5.16275E-1 4.87891E-1 4.88014E-1 4.88584E-1 4.61413E-1 4.621E-1 4.6926E-1 4.45968E-1 4.79096E-1 4.76391E-1 5.02471E-1 4.58988E-1 4.76341E-1
-9999 -9999 -9999 -9999 -9999 -9999 -9999 -9999 -9999 -9999 -9999 -9999 -9999 -9999 -9999 -9999 -9999 -9999 7.02238E-1 7.17181E-1 7.02019E-1 6.89994E-1 6.0746E-1 4.55235E-1 3.82145E-1 4.51463E-1 3.64678E-1 4.73154E-1 3.3217E-1 2.08339E-1 2.81403E-1 3.65482E-1 3.50392E-1 3.19371E-1 1.7876E-1 2.6062E-1 3.16528E-1 2.94241E-1 3.34763E-1 4.25073E-1 4.31282E-1 3.90956E-1 4.50495E-1 4.52629E-1 4.72848E-1 5.02534E-1 -9999 -9999 -9999 -9999 -9999 5.62196E-1 5.60209E-1 5.34085E-1 5.28863E-1 5.36095E-1 4.91626E-1 4.67963E-1 4.67823E-1 4.67596E-1 4.39124E-1 4.39797E-1 4.39797E-1 4.14132E-1 4.24691E-1 4.28225E-1 4.2387E-1 4.32279E-1 4.55607E-1 4.51845E-1 4.52614E-1 4.70464E-1
-9999 -9999 -9999 -9999 -9999 -9999 -9999 -9999 -9999 -9999 -9999 -9999 -9999 -9999 -9999 -9999 -9999 -9999 -9999 6.71812E-1 -9999 6.687E-1 6.63195E-1 6.56636E-1 5.26194E-1 5.58988E-1 5.05041E-1 4.38355E-1 3.30075E-1 2.36234E-1 2.89864E-1 4.85165E-1 4.65527E-1 3.59956E-1 2.62066E-1 3.09463E-1 2.63402E-1 3.76358E-1 2.37507E-1 2.70165E-1 3.42539E-1 4.68271E-1 4.64547E-1 4.32584E-1 4.32881E-1 4.43705E-1 -9999 -9999 -9999 -9999 5.1423E-1 5.01065E-1 5.44849E-1 4.81002E-1 4.94841E-1 4.50443E-1 4.52496E-1 4.37599E-1 4.60939E-1 4.6185E-1 4.62162E-1 4.37687E-1 4.34943E-1 4.37012E-1 4.38731E-1 4.28239E-1 4.33433E-1 4.08477E-1 4.20057E-1 4.14883E-1 4.14993E-1 4.79081E-1
-9999 -9999 -9999 -9999 -9999 -9999 -9999 -9999 -9999 -9999 -9999 -9999 -9999 -9999 -9999 -9999 -9999 -9999 -9999 -9999 -9999 -9999 -9999 -9999 5.89488E-1 6.16576E-1 5.83183E-1 5.32173E-1 5.31586E-1 4.47861E-1 3.58202E-1 5.70093E-1 4.20414E-1 4.60333E-1 4.60326E-1 4.53968E-1 4.79031E-1 4.64603E-1 3.70908E-1 4.50177E-1 4.8886E-1 5.00156E-1 -9999 -9999 -9999 -9999 -9999 4.76244E-1 4.41861E-1 4.36544E-1 4.55114E-1 4.88612E-1 4.69292E-1 4.57432E-1 4.02145E-1 4.235E-1 4.48464E-1 4.40663E-1 4.71909E-1 4.65457E-1 4.91593E-1 4.92852E-1 4.94935E-1 4.91192E-1 4.72557E-1 4.71794E-1 4.37905E-1 4.20061E-1 4.19865E-1 4.21651E-1 4.21392E-1 4.38879E-1
-9999 -9999 -9999 -9999 -9999 -9999 -9999 -9999 -9999 -9999 -9999 -9999 -9999 -9999 -9999 -9999 -9999 -9999 -9999 -9999 -9999 -9999 -9999 -9999 -9999 -9999 -9999 -9999 5.63929E-1 5.42287E-1 4.9403E-1 5.09681E-1 5.01258E-1 4.97103E-1 4.90447E-1 4.63118E-1 4.27884E-1 4.60828E-1 -9999 4.39121E-1 -9999 -9999 -9999 -9999 -9999 -9999 -9999 -9999 -9999 4.3265E-1 4.43016E-1 4.28448E-1 4.28025E-1 4.29501E-1 4.29872E-1 4.06455E-1 4.00495E-1 4.26748E-1 4.14702E-1 4.40358E-1 3.92773E-1 3.50734E-1 3.52672E-1 3.62413E-1 3.32891E-1 3.31218E-1 3.7222E-1 3.78507E-1 4.011E-1 4.59039E-1 4.6374E-1 4.57647E-1
-9999 -9999 -9999 -9999 -9999 -9999 -9999 -9999 -9999 -9999 -9999 -9999 -9999 -9999 -9999 -9999 -9999 -9999 -9999 -9999 -9999 -9999 -9999 -9999 -9999 -9999 -9999 -9999 -9999 -9999 5.30277E-1 5.19007E-1 4.67083E-1 4.9076E-1 -9999 -9999 -9999 -9999 -9999 -9999 -9999 -9999 -9999 -9999 -9999 -9999 -9999 -9999 -9999 -9999 -9999 4.2924E-1 4.15428E-1 4.13511E-1 4.09076E-1 4.09307E-1 4.10482E-1 4.11647E-1 4.03715E-1 3.79461E-1 3.47866E-1 3.35065E-1 3.59649E-1 3.35852E-1 3.35852E-1 3.66148E-1 3.6556E-1 3.64735E-1 4.10425E-1 4.75191E-1 4.89167E-1 5.18834E-1
-9999 -9999 -9999 -9999 -9999 -9999 -9999 -9999 -9999 -9999 -9999 -9999 -9999 -9999 -9999 -9999 -9999 -9999 -9999 -9999 -9999 -9999 -9999 -9999 -9999 -9999 -9999 -9999 -9999 -9999 -9999 -9999 5.02388E-1 -9999 -9999 -9999 -9999 -9999 -9999 -9999 -9999 -9999 -9999 -9999 -9999 -9999 -9999 -9999 -9999 -9999 -9999 -9999 4.1784E-1 4.15949E-1 3.92511E-1 3.94117E-1 3.8631E-1 3.72906E-1 3.64501E-1 3.66148E-1 3.65859E-1 3.66812E-1 3.67407E-1 3.44109E-1 3.44563E-1 3.44649E-1 3.464E-1 3.76005E-1 4.09565E-1 4.3271E-1 4.2354E-1 4.16916E-1
-9999 -9999 -9999 -9999 -9999 -9999 -9999 -9999 -9999 -9999 -9999 -9999 -9999 -9999 -9999 -9999 -9999 -9999 -9999 -9999 -9999 -9999 -9999 -9999 -9999 -9999 -9999 -9999 -9999 -9999 -9999 -9999 -9999 -9999 -9999 -9999 -9999 -9999 -9999 -9999 -9999 -9999 -9999 -9999 -9999 -9999 -9999 -9999 -9999 -9999 -9999 -9999 3.94691E-1 3.77839E-1 3.80399E-1 3.57076E-1 3.53589E-1 3.60881E-1 3.76813E-1 4.00622E-1 3.93284E-1 3.77346E-1 3.77859E-1 3.54714E-1 3.54345E-1 3.3214E-1 3.32498E-1 3.54164E-1 3.95683E-1 4.43111E-1 3.71051E-1 3.66145E-1
-9999 -9999 -9999 -9999 -9999 -9999 -9999 -9999 -9999 -9999 -9999 -9999 -9999 -9999 -9999 -9999 -9999 -9999 -9999 -9999 -9999 -9999 -9999 -9999 -9999 -9999 -9999 -9999 -9999 -9999 -9999 -9999 -9999 -9999 -9999 -9999 -9999 -9999 -9999 -9999 -9999 -9999 -9999 -9999 -9999 -9999 -9999 -9999 -9999 -9999 -9999 -9999 3.97211E-1 3.66862E-1 3.59134E-1 3.38695E-1 3.39883E-1 3.64075E-1 3.99516E-1 3.92152E-1 3.44134E-1 3.34559E-1 3.58432E-1 3.55436E-1 3.33693E-1 3.20405E-1 3.43622E-1 3.43298E-1 4.07173E-1 3.98307E-1 3.77053E-1 3.40955E-1
-9999 -9999 -9999 -9999 -9999 -9999 -9999 -9999 -9999 -9999 -9999 -9999 -9999 -9999 -9999 -9999 -9999 -9999 -9999 -9999 -9999 -9999 -9999 -9999 -9999 -9999 -9999 -9999 -9999 -9999 -9999 -9999 -9999 -9999 -9999 -9999 -9999 -9999 -9999 -9999 -9999 -9999 -9999 -9999 -9999 -9999 3.67995E-1 -9999 3.91612E-1 3.77267E-1 3.56898E-1 3.5829E-1 3.59623E-1 3.48542E-1 3.47237E-1 3.2641E-1 3.2866E-1 3.2647E-1 3.18676E-1 3.12818E-1 3.0715E-1 2.89601E-1 2.98643E-1 3.27146E-1 3.25597E-1 3.51419E-1 3.53354E-1 3.53257E-1 4.17762E-1 4.22527E-1 3.36712E-1 3.34432E-1
-9999 -9999 -9999 -9999 -9999 -9999 -9999 -9999 -9999 -9999 -9999 -9999 -9999 -9999 -9999 -9999 -9999 -9999 -9999 -9999 -9999 -9999 -9999 -9999 -9999 -9999 -9999 -9999 -9999 -9999 -9999 -9999 -9999 -9999 -9999 -9999 -9999 -9999 -9999 -9999 -9999 -9999 -9999 -9999 -9999 -9999 3.74455E-1 3.46664E-1 3.48862E-1 3.20885E-1 3.23421E-1 3.25464E-1 3.18471E-1 3.33829E-1 3.13394E-1 3.14482E-1 3.16187E-1 3.17675E-1 3.38527E-1 3.78214E-1 3.92313E-1 3.4475E-1 3.46396E-1 3.71675E-1 3.77095E-1 3.92514E-1 3.68517E-1 3.22393E-1 3.51443E-1 3.15101E-1 2.82901E-1 2.91686E-1
-9999 -9999 -9999 -9999 -9999 -9999 -9999 -9999 -9999 -9999 -9999 -9999 -9999 -9999 -9999 -9999 -9999 -9999 -9999 -9999 -9999 -9999 -9999 -9999 -9999 -9999 -9999 -9999 -9999 -9999 -9999 -9999 -9999 -9999 -9999 4.10279E-1 3.85435E-1 -9999 -9999 -9999 -9999 -9999 -9999 3.60795E-1 3.43462E-1 3.43547E-1 3.38741E-1 3.41705E-1 3.15255E-1 3.114E-1 3.33431E-1 3.34006E-1 3.21675E-1 3.22616E-1 3.23352E-1 3.23524E-1 3.48182E-1 3.6707E-1 3.93626E-1 4.0547E-1 4.2212E-1 3.79851E-1 3.13223E-1 2.91572E-1 3.06842E-1 3.41886E-1 3.21204E-1 2.78674E-1 2.6818E-1 2.549E-1 2.66856E-1 2.61437E-1
-9999 -9999 -9999 -9999 -9999 -9999 -9999 -9999 -9999 -9999 -9999 -9999 -9999 -9999 -9999 -9999 -9999 -9999 -9999 -9999 -9999 -9999 -9999 -9999 -9999 -9999 -9999 -9999 -9999 4.02773E-1 3.92385E-1 -9999 4.17409E-1 3.74379E-1 3.58488E-1 3.54155E-1 3.44419E-1 3.18871E-1 -9999 -9999 3.71846E-1 3.43259E-1 3.61663E-1 3.62393E-1 3.27498E-1 3.26513E-1 3.28436E-1 3.29448E-1 3.45794E-1 3.40335E-1 3.55139E-1 3.58283E-1 3.68707E-1 3.678E-1 3.6901E-1 3.47985E-1 3.80938E-1 3.77309E-1 3.78768E-1 3.53383E-1 2.78298E-1 2.28536E-1 2.58512E-1 3.12015E-1 3.33587E-1 3.54827E-1 2.23572E-1 2.50686E-1 2.68652E-1 2.5008E-1 2.78482E-1 3.3148E-1
-9999 -9999 -9999 -9999 -9999 -9999 -9999 -9999 -9999 -9999 -9999 -9999 -9999 -9999 -9999 -9999 -9999 -9999 -9999 -9999 -9999 -9999 -9999 -9999 -9999 -9999 -9999 -9999 -9999 -9999 -9999 3.95437E-1 3.76195E-1 3.48783E-1 3.47004E-1 3.43905E-1 3.12554E-1 3.30204E-1 3.29822E-1 3.44837E-1 3.5989E-1 3.61372E-1 3.56979E-1 3.72468E-1 3.58437E-1 3.41085E-1 3.29014E-1 3.33901E-1 3.59607E-1 3.19495E-1 2.92018E-1 2.75726E-1 2.7513E-1 2.92686E-1 2.34103E-1 2.57129E-1 2.53514E-1 2.65858E-1 1.91683E-1 2.06746E-1 2.28152E-1 3.16511E-1 3.57758E-1 4.27447E-1 4.11283E-1 3.10232E-1 2.14923E-1 2.96101E-1 3.10507E-1 2.66334E-1 2.71884E-1 2.3101E-1
-9999 -9999 -9999 -9999 -9999 -9999 -9999 -9999 -9999 -9999 -9999 -9999 -9999 -9999 -9999 -9999 -9999 -9999 -9999 -9999 -9999 -9999 -9999 -9999 -9999 -9999 -9999 -9999 -9999 -9999 -9999 3.87865E-1 3.65918E-1 3.361E-1 3.33516E-1 3.29966E-1 3.21417E-1 3.2611E-1 3.31593E-1 3.61758E-1 3.75459E-1 3.25379E-1 3.18631E-1 3.57588E-1 2.99736E-1 3.19541E-1 2.81402E-1 2.85018E-1 3.08194E-1 2.75818E-1 2.85327E-1 3.07038E-1 2.99213E-1 2.68478E-1 2.76714E-1 2.8547E-1 3.21462E-1 2.92737E-1 2.70017E-1 2.6282E-1 3.07457E-1 3.42008E-1 3.42229E-1 2.97375E-1 2.56721E-1 2.64306E-1 2.32976E-1 3.06549E-1 2.55274E-1 2.27307E-1 2.75126E-1 2.81076E-1
-9999 -9999 -9999 -9999 -9999 -9999 -9999 -9999 -9999 -9999 -9999 -9999 -9999 -9999 -9999 -9999 -9999 -9999 -9999 -9999 -9999 -9999 -9999 -9999 -9999 -9999 -9999 -9999 -9999 -9999 -9999 -9999 3.53742E-1 3.22714E-1 3.22761E-1 3.35745E-1 3.24856E-1 3.34966E-1 3.37271E-1 3.53575E-1 3.52707E-1 3.70617E-1 2.54544E-1 2.70085E-1 3.19473E-1 2.69319E-1 3.1594E-1 3.25564E-1 3.47589E-1 3.35559E-1 3.38903E-1 3.73677E-1 2.74231E-1 2.97863E-1 3.19878E-1 2.55956E-1 2.49786E-1 2.14126E-1 2.33498E-1 2.18695E-1 2.38641E-1 2.80165E-1 3.01533E-1 1.85602E-1 2.11148E-1 1.95187E-1 1.83224E-1 2.18715E-1 2.01468E-1 1.94346E-1 2.59095E-1 2.87967E-1
-9999 -9999 -9999 -9999 -9999 -9999 -9999 -9999 -9999 -9999 -9999 -9999 -9999 -9999 -9999 -9999 -9999 -9999 -9999 -9999 -9999 -9999 -9999 -9999 -9999 -9999 -9999 -9999 -9999 -9999 -9999 3.426E-1 3.19148E-1 3.12785E-1 3.28554E-1 3.5678E-1 3.15835E-1 3.59032E-1 3.32409E-1 3.7644E-1 2.80217E-1 3.45043E-1 3.26726E-1 3.33089E-1 3.92171E-1 1.91001E-1 2.37459E-1 2.01543E-1 1.36435E-1 1.73329E-1 1.96387E-1 2.07883E-1 1.75045E-1 2.35455E-1 2.11458E-1 2.26955E-1 2.58131E-1 2.47294E-1 2.29554E-1 2.43082E-1 3.06479E-1 2.92244E-1 3.03608E-1 3.10547E-1 3.07098E-1 1.98048E-1 2.51455E-1 2.67465E-1 1.85658E-1 1.74894E-1 1.81492E-1 2.46682E-1
-9999 -9999 -9999 -9999 -9999 -9999 -9999 -9999 -9999 -9999 -9999 -9999 -9999 -9999 -9999 -9999 -9999 -9999 -9999 -9999 -9999 -9999 -9999 -9999 -9999 -9999 -9999 -9999 -9999 -9999 3.23323E-1 3.08693E-1 3.10698E-1 3.21331E-1 3.59261E-1 3.84555E-1 2.68164E-1 3.21275E-1 3.21059E-1 3.4157E-1 3.23967E-1 3.73734E-1 3.1333E-1 3.24071E-1 2.44604E-1 1.23578E-1 1.94857E-1 2.53784E-1 1.90327E-1 2.98731E-1 1.84513E-1 2.28279E-1 2.07693E-1 1.91174E-1 1.95061E-1 2.2387E-1 2.62E-1 2.88153E-1 2.86516E-1 2.69828E-1 3.31729E-1 3.28738E-1 3.33965E-1 2.91329E-1 3.30274E-1 3.04734E-1 2.14184E-1 1.65626E-1 1.33426E-1 1.5274E-1 1.56424E-1 1.68931E-1
-9999 -9999 -9999 -9999 -9999 -9999 -9999 -9999 -9999 -9999 -9999 -9999 -9999 -9999 -9999 -9999 -9999 -9999 -9999 -9999 -9999 -9999 -9999 -9999 -9999 -9999 -9999 -9999 -9999 -9999 3.08947E-1 2.96003E-1 3.11088E-1 3.56519E-1 3.22858E-1 3.26342E-1 3.2566E-1 3.36315E-1 3.48364E-1 3.37067E-1 2.62462E-1 1.84746E-1 1.51941E-1 1.78604E-1 1.64943E-1 1.39647E-1 1.30263E-1 2.08187E-1 1.721E-1 2.24945E-1 2.63609E-1 2.22986E-1 1.19442E-1 1.41207E-1 1.76493E-1 2.06979E-1 2.31078E-1 1.84251E-1 1.88669E-1 1.87638E-1 2.74843E-1 3.23085E-1 2.69258E-1 1.96714E-1 2.68197E-1 2.12514E-1 1.71087E-1 1.5218E-1 1.50528E-1 1.30155E-1 1.5548E-1 1.5582E-1
-9999 -9999 -9999 -9999 -9999 -9999 -9999 -9999 -9999 -9999 -9999 -9999 -9999 -9999 -9999 -9999 -9999 -9999 -9999 -9999 -9999 -9999 -9999 -9999 -9999 -9999 -9999 -9999 -9999 -9999 2.96002E-1 3.12085E-1 3.00396E-1 2.50296E-1 2.70578E-1 3.17915E-1 3.27392E-1 3.00102E-1 2.61337E-1 1.81309E-1 1.70481E-1 1.98376E-1 2.64733E-1 2.01712E-1 1.29546E-1 1.57126E-1 1.53225E-1 1.35483E-1 1.12733E-1 1.55508E-1 1.63939E-1 1.57819E-1 9.34252E-2 1.2427E-1 1.47973E-1 1.52927E-1 2.07904E-1 1.88101E-1 1.43928E-1 2.03477E-1 2.46151E-1 2.21749E-1 1.68319E-1 1.23853E-1 1.25459E-1 1.23124E-1 1.13736E-1 1.46579E-1 1.3055E-1 1.47753E-1 1.3805E-1 1.47814E-1
-9999 -9999 -9999 -9999 -9999 -9999 -9999 -9999 -9999 -9999 -9999 -9999 -9999 -9999 -9999 -9999 -9999 -9999 -9999 -9999 -9999 -9999 -9999 -9999 -9999 -9999 -9999 -9999 -9999 2.90162E-1 2.81889E-1 2.70885E-1 2.55567E-1 2.58089E-1 2.23292E-1 2.51158E-1 2.44911E-1 1.92553E-1 2.39883E-1 2.42063E-1 1.86965E-1 1.59063E-1 2.02112E-1 1.80632E-1 1.19561E-1 1.30565E-1 1.48424E-1 1.60885E-1 1.85702E-1 1.02977E-1 1.59299E-1 1.31697E-1 1.15301E-1 1.24509E-1 1.11334E-1 1.16089E-1 1.22752E-1 1.07131E-1 1.21756E-1 1.68084E-1 1.95012E-1 2.26593E-1 1.24613E-1 1.22316E-1 1.18592E-1 1.21888E-1 1.20998E-1 1.28113E-1 1.20497E-1 1.22288E-1 1.23782E-1 1.44801E-1
-9999 -9999 -9999 -9999 -9999 -9999 -9999 -9999 -9999 -9999 -9999 -9999 -9999 -9999 -9999 -9999 -9999 -9999 -9999 -9999 -9999 -9999 -9999 -9999 -9999 -9999 -9999 -9999 -9999 2.72259E-1 2.68269E-1 2.47607E-1 2.54574E-1 2.4235E-1 2.49166E-1 2.07232E-1 1.3438E-1 1.89683E-1 1.86997E-1 2.06492E-1 1.56501E-1 1.50577E-1 2.14106E-1 1.66552E-1 1.64164E-1 1.33879E-1 1.23275E-1 1.47493E-1 1.61896E-1 1.04905E-1 1.46712E-1 9.61455E-2 7.10322E-2 1.54313E-1 1.25965E-1 1.22575E-1 1.0003E-1 9.94549E-2 1.09201E-1 1.39994E-1 1.32136E-1 1.07378E-1 1.11157E-1 1.14874E-1 1.34773E-1 1.035E-1 1.39179E-1 1.49351E-1 1.07402E-1 1.46217E-1 1.26497E-1 1.11295E-1
-9999 -9999 -9999 -9999 -9999 -9999 -9999 -9999 -9999 -9999 -9999 -9999 -9999 -9999 -9999 -9999 -9999 -9999 -9999 -9999 -9999 -9999 -9999 -9999 -9999 -9999 -9999 2.76454E-1 2.44563E-1 2.28939E-1 2.20502E-1 2.21594E-1 2.36749E-1 2.6087E-1 2.18834E-1 1.8678E-1 1.60262E-1 1.48474E-1 1.75804E-1 1.447E-1 1.31256E-1 1.32644E-1 1.34438E-1 1.26705E-1 1.53422E-1 9.66884E-2 1.19423E-1 1.32509E-1 1.13807E-1 8.2245E-2 7.68578E-2 8.52895E-2 8.29749E-2 8.81438E-2 1.25646E-1 9.93E-2 1.21956E-1 1.06501E-1 1.01496E-1 1.23282E-1 1.08157E-1 1.01866E-1 1.37717E-1 1.13373E-1 1.0641E-1 1.52917E-1 1.21646E-1 1.51125E-1 1.24481E-1 1.4895E-1 1.53963E-1 1.24451E-1
-9999 -9999 -9999 -9999 -9999 -9999 -9999 -9999 -9999 -9999 -9999 -9999 -9999 -9999 -9999 -9999 -9999 -9999 -9999 -9999 -9999 -9999 -9999 -9999 2.44905E-1 2.57699E-1 2.51407E-1 2.27059E-1 2.10449E-1 2.57184E-1 2.36418E-1 2.08133E-1 2.08599E-1 2.16097E-1 2.13673E-1 1.95631E-1 1.57032E-1 1.47847E-1 1.59905E-1 1.29411E-1 1.08857E-1 1.33374E-1 1.00705E-1 1.34657E-1 1.23594E-1 6.67686E-2 8.97482E-2 8.98463E-2 8.79099E-2 9.10814E-2 1.41933E-1 1.19908E-1 1.44141E-1 1.28478E-1 1.46306E-1 1.17784E-1 1.32371E-1 1.24295E-1 1.10629E-1 1.22485E-1 1.13079E-1 1.09007E-1 1.43785E-1 1.28518E-1 1.18842E-1 1.38128E-1 1.29831E-1 1.61822E-1 1.526E-1 1.52293E-1 1.25183E-1 1.62098E-1
-9999 -9999 -9999 -9999 -9999 -9999 -9999 -9999 -9999 -9999 -9999 -9999 -9999 -9999 -9999 -9999 -9999 -9999 -9999 -9999 -9999 -9999 -9999 2.45673E-1 2.30955E-1 2.22345E-1 2.12302E-1 2.25052E-1 2.25707E-1 2.27631E-1 2.18386E-1 2.05104E-1 1.94987E-1 2.0971E-1 2.05962E-1 1.75052E-1 1.40798E-1 1.8223E-1 1.72439E-1 1.51665E-1 1.19754E-1 1.64414E-1 1.57395E-1 1.23769E-1 9.30117E-2 1.02028E-1 9.56901E-2 7.79024E-2 7.85782E-2 1.62955E-1 1.79377E-1 1.22689E-1 9.88777E-2 1.28618E-1 1.61554E-1 1.15907E-1 1.27593E-1 1.33233E-1 1.14205E-1 1.30957E-1 1.23738E-1 1.30844E-1 1.32813E-1 1.23311E-1 1.33729E-1 1.29511E-1 1.66608E-1 1.62757E-1 1.62364E-1 1.83575E-1 1.49768E-1 1.34052E-1
-9999 -9999 -9999 -9999 -9999 -9999 -9999 -9999 -9999 -9999 -9999 -9999 -9999 -9999 -9999 -9999 -9999 -9999 -9999 -9999 -9999 -9999 2.38006E-1 2.39301E-1 2.3285E-1 2.12292E-1 2.28694E-1 2.26544E-1 2.26176E-1 2.09261E-1 2.04256E-1 1.96847E-1 2.0579E-1 1.90042E-1 1.67154E-1 1.83337E-1 1.82679E-1 1.43416E-1 1.67063E-1 1.65254E-1 1.64504E-1 1.56843E-1 1.59583E-1 1.00739E-1 1.10988E-1 1.00472E-1 1.05602E-1 8.02465E-2 1.11321E-1 1.43996E-1 1.83937E-1 1.96145E-1 1.56307E-1 1.40348E-1 1.57815E-1 1.57059E-1 1.74597E-1 1.34084E-1 1.54183E-1 1.47088E-1 1.6113E-1 1.45697E-1 1.19355E-1 1.42309E-1 1.20809E-1 1.12159E-1 1.05391E-1 1.21308E-1 1.52971E-1 1.68291E-1 1.48245E-1 1.53862E-1
-9999 -9999 -9999 -9999 -9999 -9999 -9999 -9999 -9999 -9999 -9999 -9999 -9999 -9999 -9999 -9999 -9999 -9999 -9999 -9999 -9999 -9999 2.31726E-1 2.24817E-1 2.13168E-1 2.21607E-1 2.39756E-1 2.2154E-1 2.01935E-1 1.99396E-1 2.11118E-1 1.87244E-1 2.06952E-1 1.9001E-1 1.57557E-1 1.6904E-1 1.82584E-1 1.69739E-1 2.10825E-1 1.57372E-1 1.64396E-1 1.59056E-1 1.63634E-1 1.55936E-1 1.25813E-1 1.12946E-1 1.11287E-1 9.38873E-2 1.53097E-1 1.84601E-1 1.06124E-1 2.05193E-1 1.93536E-1 1.43395E-1 1.31428E-1 1.41105E-1 1.26168E-1 1.14163E-1 1.3846E-1 1.23279E-1 1.26661E-1 1.26274E-1 1.24621E-1 1.52941E-1 1.49676E-1 1.43565E-1 1.28968E-1 1.41625E-1 1.65005E-1 1.83411E-1 1.71212E-1 1.54025E-1
-9999 -9999 -9999 -9999 -9999 -9999 -9999 -9999 -9999 -9999 -9999 -9999 -9999 -9999 -9999 -9999 -9999 -9999 -9999 -9999 -9999 -9999 2.18272E-1 2.29602E-1 2.20311E-1 2.16132E-1 2.25241E-1 2.01797E-1 1.95855E-1 1.90317E-1 1.92712E-1 1.98198E-1 1.90004E-1 1.88579E-1 1.92552E-1 1.99237E-1 2.62967E-1 1.82709E-1 1.65981E-1 1.74339E-1 1.67544E-1 1.96985E-1 1.83888E-1 1.56773E-1 1.59569E-1 1.78535E-1 1.82966E-1 1.04036E-1 1.44191E-1 1.90757E-1 1.77528E-1 1.47066E-1 1.59444E-1 1.77169E-1 1.43056E-1 1.5153E-1 1.47263E-1 1.27851E-1 1.3335E-1 1.43206E-1 1.45532E-1 1.41835E-1 1.33091E-1 1.3241E-1 1.39414E-1 1.44426E-1 1.69315E-1 1.85544E-1 1.72248E-1 1.63357E-1 1.74271E-1 1.57603E-1
-9999 -9999 -9999 -9999 -9999 -9999 -9999 -9999 -9999 -9999 -9999 -9999 -9999 -9999 -9999 -9999 -9999 -9999 -9999 -9999 -9999 2.31511E-1 2.28519E-1 2.2108E-1 2.16489E-1 2.31463E-1 2.23033E-1 2.10456E-1 1.90008E-1 1.94121E-1 1.91446E-1 1.88762E-1 1.89403E-1 1.89591E-1 2.15613E-1 2.18094E-1 2.20431E-1 1.20545E-1 1.55756E-1 1.97609E-1 1.52639E-1 1.58041E-1 1.5387E-1 1.8283E-1 1.53124E-1 1.64391E-1 1.70538E-1 1.06157E-1 1.59522E-1 1.90506E-1 2.07969E-1 1.79337E-1 1.89829E-1 1.99565E-1 1.86113E-1 1.61175E-1 1.54303E-1 1.49598E-1 1.70649E-1 1.59309E-1 1.70576E-1 1.61808E-1 1.6517E-1 1.62734E-1 1.55732E-1 1.57122E-1 1.67154E-1 1.76588E-1 1.76671E-1 1.78258E-1 1.77901E-1 1.73121E-1
-9999 -9999 -9999 -9999 -9999 -9999 -9999 -9999 -9999 -9999 -9999 -9999 -9999 -9999 -9999 -9999 2.4665E-1 2.44337E-1 2.29973E-1 2.53395E-1 -9999 -9999 2.26899E-1 2.15599E-1 2.16845E-1 2.16323E-1 2.06563E-1 1.86852E-1 1.93084E-1 1.91716E-1 2.05662E-1 1.84993E-1 2.03822E-1 2.05438E-1 2.08918E-1 2.63305E-1 2.98808E-1 2.03198E-1 1.7057E-1 1.81633E-1 1.64895E-1 1.36193E-1 1.6858E-1 1.50251E-1 1.57228E-1 1.40912E-1 1.25072E-1 1.29556E-1 1.36252E-1 2.18748E-1 2.29295E-1 2.22934E-1 1.95321E-1 1.87658E-1 1.79974E-1 1.83222E-1 1.759E-1 1.58772E-1 1.56788E-1 1.61869E-1 1.66467E-1 1.61559E-1 1.64974E-1 1.71744E-1 1.72158E-1 1.58949E-1 1.58707E-1 1.7575E-1 1.7952E-1 1.83752E-1 1.95413E-1 1.85957E-1
