Artocarpus altilis SDM files/Last interglacial/results (with bias file)/Artalt_max.asc
ncols         1201
nrows         481
xllcorner     119.99986351115
yllcorner     -15.00013864885
cellsize      0.041666667
NODATA_value  -9999
[rows 192 to 223 of 481, columns 0 to 71 of 1201]
1.83998E-1 1.38411E-1 2.16952E-1 3.12473E-1 4.52868E-1 4.80304E-1 -9999 -9999 -9999 -9999 -9999 -9999 -9999 -9999 -9999 -9999 -9999 -9999 -9999 -9999 -9999 -9999 -9999 -9999 -9999 5.12515E-1 3.90073E-1 2.76888E-1 3.06724E-1 3.50871E-1 3.14618E-1 2.83269E-1 3.42009E-1 3.13838E-1 2.95023E-1 2.79614E-1 2.67559E-1 2.88401E-1 3.42777E-1 2.83576E-1 2.733E-1 2.72389E-1 3.61563E-1 4.28506E-1 4.19526E-1 4.25806E-1 3.50894E-1 3.36406E-1 3.56047E-1 3.16282E-1 3.45738E-1 4.57767E-1 6.23862E-1 5.99294E-1 6.30548E-1 7.42714E-1 -9999 -9999 -9999 -9999 -9999 -9999 -9999 -9999 -9999 -9999 -9999 -9999 -9999 -9999 -9999 -9999
1.7772E-1 1.81598E-1 1.94154E-1 3.51629E-1 4.65757E-1 4.89243E-1 -9999 -9999 -9999 -9999 -9999 -9999 -9999 -9999 -9999 -9999 -9999 -9999 -9999 -9999 -9999 -9999 -9999 -9999 -9999 4.90044E-1 4.50615E-1 3.15262E-1 3.07228E-1 3.07337E-1 3.58095E-1 2.93086E-1 2.38767E-1 2.18708E-1 2.18168E-1 2.27914E-1 2.84807E-1 3.54592E-1 2.96397E-1 3.08746E-1 3.86601E-1 3.71217E-1 3.60491E-1 3.75877E-1 3.76608E-1 4.06049E-1 4.16779E-1 3.91476E-1 3.68094E-1 3.7161E-1 3.51421E-1 3.66666E-1 4.73503E-1 6.66449E-1 7.07517E-1 7.46542E-1 7.45514E-1 7.58618E-1 -9999 -9999 -9999 -9999 -9999 -9999 -9999 -9999 -9999 -9999 -9999 -9999 -9999 -9999
3.13458E-1 2.75154E-1 2.28637E-1 3.53249E-1 4.22495E-1 4.75124E-1 -9999 -9999 -9999 -9999 -9999 -9999 -9999 -9999 -9999 -9999 -9999 -9999 -9999 -9999 -9999 -9999 -9999 -9999 5.2243E-1 5.11684E-1 5.08751E-1 3.27675E-1 2.84922E-1 2.36896E-1 2.53048E-1 3.45169E-1 1.83074E-1 1.67766E-1 2.11768E-1 2.58531E-1 2.70592E-1 3.05561E-1 2.84345E-1 2.99247E-1 2.71916E-1 3.0022E-1 3.92427E-1 4.4924E-1 4.11355E-1 4.15534E-1 4.83256E-1 4.58822E-1 4.11402E-1 4.1582E-1 3.94915E-1 3.71068E-1 3.54895E-1 4.30804E-1 5.38336E-1 6.43006E-1 7.4441E-1 7.56539E-1 7.64825E-1 7.75771E-1 7.86127E-1 -9999 -9999 -9999 -9999 -9999 -9999 -9999 -9999 -9999 -9999 -9999
3.12708E-1 3.09389E-1 2.46561E-1 3.17214E-1 3.83661E-1 4.74899E-1 -9999 -9999 -9999 -9999 -9999 -9999 -9999 -9999 -9999 -9999 -9999 -9999 -9999 -9999 -9999 -9999 -9999 -9999 -9999 5.46586E-1 5.16457E-1 3.7671E-1 2.3597E-1 1.68535E-1 2.37662E-1 2.97847E-1 2.57468E-1 1.68394E-1 2.17855E-1 2.85858E-1 3.07317E-1 3.26236E-1 3.37347E-1 3.49227E-1 2.57665E-1 2.41711E-1 2.41923E-1 3.40668E-1 5.18385E-1 4.91606E-1 5.11035E-1 5.33844E-1 5.00657E-1 4.80335E-1 4.43957E-1 4.79679E-1 4.22652E-1 4.25328E-1 4.16565E-1 5.12503E-1 7.23851E-1 -9999 -9999 7.66309E-1 7.79512E-1 7.97664E-1 -9999 -9999 -9999 -9999 -9999 -9999 -9999 -9999 -9999 -9999
3.23594E-1 3.58264E-1 2.59952E-1 2.14761E-1 3.36883E-1 4.07772E-1 -9999 -9999 -9999 -9999 -9999 -9999 -9999 -9999 -9999 -9999 -9999 -9999 -9999 -9999 -9999 -9999 -9999 -9999 -9999 5.6237E-1 4.37984E-1 2.95857E-1 2.77524E-1 1.44114E-1 1.56259E-1 2.23835E-1 3.01901E-1 2.55331E-1 2.01356E-1 2.26342E-1 3.03227E-1 3.76418E-1 4.39969E-1 4.32893E-1 3.5244E-1 2.79627E-1 2.78505E-1 3.04401E-1 3.13703E-1 3.21127E-1 3.94616E-1 4.98809E-1 5.32349E-1 5.31014E-1 5.2825E-1 5.1033E-1 5.36757E-1 4.46978E-1 3.74374E-1 4.55033E-1 5.29567E-1 6.73977E-1 7.29674E-1 -9999 -9999 -9999 8.19758E-1 -9999 -9999 -9999 -9999 -9999 -9999 -9999 -9999 -9999
2.63395E-1 3.69166E-1 3.22834E-1 2.21338E-1 2.77625E-1 4.51676E-1 5.38632E-1 5.44222E-1 5.43044E-1 -9999 -9999 -9999 -9999 -9999 -9999 -9999 -9999 -9999 -9999 -9999 -9999 -9999 -9999 -9999 -9999 5.56646E-1 3.57913E-1 1.80039E-1 2.5031E-1 1.34936E-1 1.43446E-1 2.23584E-1 2.92933E-1 3.18254E-1 2.63878E-1 2.40859E-1 3.44506E-1 4.24909E-1 3.48101E-1 3.66038E-1 3.7031E-1 3.85088E-1 3.69381E-1 2.86322E-1 2.94626E-1 2.80462E-1 2.64051E-1 3.33318E-1 4.29581E-1 5.91435E-1 5.8453E-1 5.63276E-1 6.10565E-1 4.70527E-1 5.02839E-1 5.34244E-1 4.78916E-1 5.04227E-1 7.01586E-1 7.38479E-1 -9999 -9999 -9999 -9999 -9999 -9999 -9999 -9999 -9999 -9999 -9999 -9999
1.76137E-1 3.51713E-1 3.36764E-1 3.31041E-1 3.31131E-1 4.77126E-1 5.26912E-1 5.39868E-1 5.5179E-1 -9999 -9999 -9999 -9999 -9999 -9999 -9999 -9999 -9999 -9999 -9999 -9999 -9999 -9999 -9999 5.74109E-1 4.96613E-1 2.77182E-1 1.82508E-1 1.22468E-1 1.19419E-1 1.32699E-1 1.8315E-1 2.43864E-1 2.99931E-1 3.59249E-1 3.01629E-1 3.81021E-1 3.27516E-1 3.92229E-1 4.58301E-1 4.8792E-1 4.36604E-1 4.32861E-1 4.31909E-1 4.3981E-1 3.232E-1 2.37009E-1 2.35771E-1 2.48059E-1 4.39493E-1 5.92308E-1 6.12375E-1 6.05621E-1 5.22636E-1 5.14992E-1 5.51023E-1 6.05089E-1 5.58343E-1 6.59924E-1 -9999 -9999 -9999 -9999 -9999 -9999 -9999 -9999 -9999 -9999 -9999 -9999 -9999
1.27201E-1 2.38561E-1 4.08532E-1 4.25404E-1 4.25895E-1 5.1704E-1 5.45872E-1 5.49012E-1 5.52176E-1 5.59977E-1 -9999 -9999 -9999 -9999 -9999 -9999 -9999 -9999 -9999 -9999 -9999 -9999 5.8622E-1 5.90685E-1 5.88912E-1 4.31317E-1 1.91139E-1 1.51264E-1 1.3251E-1 1.45296E-1 1.53439E-1 1.56691E-1 1.88663E-1 2.30199E-1 3.13363E-1 3.58474E-1 2.58636E-1 2.46964E-1 3.94714E-1 4.64308E-1 4.8067E-1 4.79085E-1 4.34663E-1 2.99776E-1 2.95158E-1 4.48874E-1 3.8832E-1 2.75356E-1 2.10355E-1 2.78459E-1 4.84014E-1 6.25077E-1 6.18382E-1 5.67849E-1 5.61068E-1 5.93539E-1 6.88847E-1 6.84333E-1 6.88885E-1 -9999 -9999 -9999 -9999 -9999 -9999 -9999 -9999 -9999 -9999 -9999 -9999 -9999
1.29412E-1 1.47515E-1 2.60548E-1 3.51009E-1 3.90171E-1 4.96581E-1 5.15848E-1 5.70785E-1 5.64954E-1 5.71343E-1 -9999 -9999 -9999 -9999 -9999 -9999 -9999 -9999 -9999 -9999 -9999 -9999 6.15826E-1 5.85814E-1 5.02411E-1 3.4923E-1 1.76968E-1 1.82484E-1 1.77426E-1 1.92366E-1 2.00522E-1 1.53647E-1 1.70128E-1 2.16249E-1 2.16207E-1 3.01518E-1 2.8179E-1 1.67126E-1 2.42397E-1 4.07058E-1 4.63114E-1 4.44731E-1 3.0322E-1 2.6785E-1 4.12209E-1 4.69407E-1 3.04699E-1 3.18192E-1 3.67398E-1 4.32885E-1 5.55466E-1 6.12118E-1 5.71965E-1 5.9115E-1 6.27112E-1 -9999 7.00981E-1 6.89189E-1 -9999 -9999 -9999 -9999 -9999 -9999 -9999 -9999 -9999 -9999 -9999 -9999 -9999 -9999
1.08319E-1 1.04307E-1 2.14585E-1 3.13171E-1 3.88622E-1 4.70487E-1 5.01079E-1 5.52324E-1 5.73955E-1 5.9076E-1 -9999 -9999 -9999 -9999 -9999 -9999 -9999 -9999 -9999 -9999 -9999 6.15489E-1 5.71633E-1 4.40256E-1 3.18819E-1 3.36639E-1 2.29155E-1 2.32129E-1 1.80951E-1 2.2532E-1 2.15816E-1 1.36662E-1 1.39979E-1 1.94677E-1 2.01311E-1 2.10025E-1 1.9882E-1 1.63174E-1 1.53177E-1 3.10502E-1 4.06727E-1 4.11102E-1 2.49496E-1 2.93056E-1 4.28363E-1 5.01333E-1 4.35454E-1 2.45697E-1 4.0293E-1 5.74722E-1 5.60733E-1 5.366E-1 4.03543E-1 5.24334E-1 5.85878E-1 6.41197E-1 -9999 -9999 -9999 -9999 -9999 -9999 -9999 -9999 -9999 -9999 -9999 -9999 -9999 -9999 -9999 -9999
9.40746E-2 1.04724E-1 1.82383E-1 3.08686E-1 3.23935E-1 4.09062E-1 4.73607E-1 5.55726E-1 5.75933E-1 6.04998E-1 -9999 -9999 -9999 -9999 -9999 -9999 -9999 -9999 -9999 -9999 -9999 5.99644E-1 4.49E-1 2.8277E-1 2.28481E-1 3.15582E-1 2.46267E-1 2.69392E-1 1.68338E-1 1.61052E-1 2.66733E-1 1.98461E-1 1.80961E-1 2.04743E-1 1.73103E-1 2.06346E-1 1.33947E-1 1.24273E-1 1.81767E-1 2.94383E-1 2.69149E-1 3.36482E-1 2.98998E-1 2.20454E-1 4.13703E-1 3.82512E-1 3.08383E-1 3.81383E-1 2.96388E-1 5.47288E-1 4.9468E-1 4.19661E-1 3.58098E-1 5.30197E-1 5.9831E-1 6.37803E-1 5.91853E-1 6.48686E-1 -9999 -9999 -9999 -9999 -9999 -9999 -9999 -9999 -9999 -9999 -9999 -9999 -9999 -9999
1.06017E-1 1.00081E-1 1.30536E-1 2.60787E-1 2.87024E-1 4.19866E-1 5.31449E-1 5.07439E-1 5.96769E-1 6.06038E-1 -9999 -9999 -9999 -9999 -9999 -9999 -9999 -9999 -9999 -9999 6.06661E-1 4.37943E-1 2.59505E-1 2.03277E-1 1.59333E-1 1.91087E-1 2.51234E-1 2.55631E-1 1.7075E-1 1.64221E-1 1.91506E-1 3.14014E-1 3.51724E-1 2.66888E-1 2.62896E-1 2.49198E-1 1.63199E-1 1.92682E-1 2.6647E-1 2.44935E-1 2.27108E-1 3.04521E-1 2.62327E-1 3.69481E-1 4.3363E-1 4.22396E-1 2.7973E-1 3.76413E-1 3.74228E-1 4.33284E-1 5.019E-1 4.30284E-1 4.70271E-1 4.62142E-1 5.52988E-1 6.32105E-1 6.05304E-1 6.14229E-1 5.75754E-1 -9999 -9999 -9999 -9999 -9999 -9999 -9999 -9999 -9999 -9999 -9999 -9999 -9999
1.44218E-1 1.22926E-1 9.53378E-2 1.73848E-1 2.18627E-1 3.59402E-1 4.9032E-1 5.7602E-1 5.97211E-1 6.24362E-1 -9999 -9999 -9999 -9999 -9999 -9999 -9999 -9999 -9999 -9999 6.22911E-1 5.07097E-1 3.07172E-1 3.18939E-1 1.87882E-1 1.80428E-1 2.06125E-1 2.23289E-1 2.01589E-1 2.19836E-1 2.35041E-1 2.31274E-1 3.24517E-1 3.73072E-1 3.85854E-1 3.28658E-1 2.96306E-1 3.40596E-1 2.78227E-1 2.73185E-1 2.26838E-1 1.9784E-1 2.07023E-1 2.61191E-1 3.67933E-1 3.66358E-1 3.89206E-1 4.7701E-1 5.01858E-1 5.2368E-1 5.58283E-1 5.70638E-1 5.74766E-1 5.89005E-1 5.85971E-1 -9999 6.01192E-1 6.17693E-1 5.36179E-1 -9999 -9999 -9999 -9999 -9999 -9999 -9999 -9999 -9999 -9999 -9999 -9999 -9999
1.97996E-1 1.11637E-1 1.09913E-1 1.83543E-1 1.73116E-1 3.04236E-1 4.91436E-1 5.70517E-1 5.94738E-1 6.31965E-1 -9999 -9999 -9999 -9999 -9999 -9999 -9999 -9999 -9999 -9999 6.0221E-1 5.87019E-1 5.03243E-1 3.297E-1 2.67927E-1 2.3662E-1 1.78897E-1 1.74872E-1 1.71161E-1 1.79926E-1 2.5485E-1 2.29386E-1 2.84167E-1 3.1295E-1 3.86115E-1 3.89497E-1 3.60232E-1 3.70429E-1 3.26271E-1 3.08965E-1 2.36021E-1 2.45222E-1 2.67296E-1 3.02187E-1 2.98378E-1 2.66193E-1 3.45029E-1 3.52479E-1 4.44043E-1 4.7694E-1 5.27746E-1 5.571E-1 5.52007E-1 5.86428E-1 6.07194E-1 5.82881E-1 -9999 -9999 6.08634E-1 -9999 -9999 -9999 -9999 -9999 -9999 -9999 -9999 -9999 -9999 -9999 -9999 -9999
1.58085E-1 1.72524E-1 2.05445E-1 2.18415E-1 2.15775E-1 3.52409E-1 5.00259E-1 5.57869E-1 5.80837E-1 6.10954E-1 -9999 -9999 -9999 -9999 -9999 -9999 -9999 -9999 -9999 -9999 -9999 5.8756E-1 4.98699E-1 3.7813E-1 2.73787E-1 2.51738E-1 2.17214E-1 1.80448E-1 1.24392E-1 1.8072E-1 1.91937E-1 2.35072E-1 2.72288E-1 3.39409E-1 3.44452E-1 3.54399E-1 4.1759E-1 3.66057E-1 3.63035E-1 3.39731E-1 2.69407E-1 3.04919E-1 2.57884E-1 2.85072E-1 2.66303E-1 2.96854E-1 2.61035E-1 2.82714E-1 3.37032E-1 4.15119E-1 4.76338E-1 4.57828E-1 4.94564E-1 5.8232E-1 5.95112E-1 5.04335E-1 6.07472E-1 -9999 -9999 -9999 -9999 -9999 -9999 -9999 -9999 -9999 -9999 -9999 -9999 -9999 -9999 -9999
3.0675E-1 2.98224E-1 2.63515E-1 2.98745E-1 3.39931E-1 3.75296E-1 4.86203E-1 5.2779E-1 5.97767E-1 6.36769E-1 -9999 -9999 -9999 -9999 -9999 -9999 -9999 -9999 -9999 -9999 -9999 5.77319E-1 5.65761E-1 5.19025E-1 4.15871E-1 3.84047E-1 3.61459E-1 2.41314E-1 1.57839E-1 1.45266E-1 1.78418E-1 2.29324E-1 2.15199E-1 1.99375E-1 2.26476E-1 3.25583E-1 3.78266E-1 3.56869E-1 4.08693E-1 3.69614E-1 3.07847E-1 3.34022E-1 3.38519E-1 3.13563E-1 3.55593E-1 3.51429E-1 3.34029E-1 2.71247E-1 3.27528E-1 3.45487E-1 3.55035E-1 4.82688E-1 5.54283E-1 -9999 5.97464E-1 -9999 -9999 -9999 -9999 -9999 -9999 -9999 -9999 -9999 -9999 -9999 -9999 -9999 -9999 -9999 -9999 -9999
4.94228E-1 4.52945E-1 3.23218E-1 4.38777E-1 3.94047E-1 4.98154E-1 5.24341E-1 5.77384E-1 6.41536E-1 6.5456E-1 -9999 -9999 -9999 -9999 -9999 -9999 -9999 -9999 -9999 -9999 -9999 -9999 5.94878E-1 6.27886E-1 5.79719E-1 5.49196E-1 4.4595E-1 3.01524E-1 1.9179E-1 1.1852E-1 1.34E-1 1.79781E-1 1.76754E-1 1.83935E-1 2.12406E-1 3.06539E-1 4.00097E-1 3.67391E-1 3.8746E-1 4.0259E-1 3.60917E-1 3.69101E-1 3.97776E-1 3.93393E-1 3.95462E-1 4.45743E-1 4.25063E-1 4.09403E-1 3.70301E-1 3.11759E-1 3.42464E-1 3.87321E-1 3.8822E-1 5.52699E-1 -9999 -9999 -9999 -9999 -9999 -9999 -9999 -9999 -9999 -9999 -9999 -9999 -9999 -9999 -9999 -9999 -9999 -9999
5.73626E-1 5.70347E-1 4.37533E-1 5.278E-1 5.08177E-1 4.60164E-1 5.09192E-1 6.23793E-1 6.70369E-1 6.62313E-1 6.76612E-1 -9999 -9999 -9999 -9999 -9999 -9999 -9999 -9999 -9999 -9999 -9999 -9999 6.2096E-1 6.44772E-1 5.71123E-1 4.40004E-1 2.88547E-1 1.7823E-1 1.31809E-1 1.3792E-1 1.60681E-1 1.88839E-1 2.50357E-1 1.95515E-1 2.8318E-1 4.0451E-1 3.86425E-1 3.08421E-1 3.62849E-1 4.15002E-1 3.7952E-1 4.12766E-1 4.60561E-1 4.47645E-1 5.00018E-1 4.69709E-1 4.64059E-1 4.3456E-1 3.68259E-1 3.93629E-1 3.86146E-1 4.15501E-1 5.2378E-1 5.65738E-1 6.03436E-1 -9999 -9999 -9999 -9999 -9999 -9999 -9999 -9999 -9999 -9999 -9999 -9999 -9999 -9999 -9999 -9999
6.03798E-1 6.2101E-1 5.76391E-1 5.78628E-1 5.85467E-1 5.4654E-1 6.03952E-1 6.75412E-1 6.75372E-1 6.71392E-1 6.72404E-1 -9999 -9999 -9999 -9999 -9999 -9999 -9999 -9999 -9999 -9999 -9999 -9999 -9999 -9999 6.22961E-1 5.92179E-1 4.54984E-1 3.00564E-1 2.21554E-1 2.36238E-1 2.61784E-1 2.85046E-1 2.44124E-1 1.83576E-1 2.5012E-1 2.77285E-1 4.16176E-1 4.32094E-1 4.42998E-1 4.30181E-1 3.86431E-1 4.15917E-1 4.5196E-1 4.53778E-1 4.89715E-1 4.98719E-1 4.71367E-1 4.43621E-1 4.21082E-1 4.10777E-1 3.40719E-1 3.86182E-1 4.2843E-1 4.57462E-1 5.66556E-1 6.17919E-1 6.26994E-1 -9999 -9999 -9999 -9999 -9999 -9999 -9999 -9999 -9999 -9999 -9999 -9999 -9999 -9999
6.98353E-1 6.8803E-1 6.58125E-1 6.3276E-1 5.95098E-1 6.38561E-1 6.71641E-1 6.70897E-1 6.71509E-1 6.78301E-1 6.93696E-1 -9999 -9999 -9999 -9999 -9999 -9999 -9999 -9999 -9999 -9999 -9999 -9999 -9999 -9999 -9999 6.29772E-1 5.76923E-1 5.45782E-1 4.48818E-1 4.55452E-1 4.18537E-1 2.98896E-1 2.26919E-1 1.79501E-1 2.85654E-1 2.28768E-1 2.49734E-1 3.48907E-1 4.01922E-1 4.59492E-1 4.41045E-1 4.21088E-1 3.45774E-1 3.88307E-1 4.24786E-1 4.53868E-1 5.03366E-1 5.01949E-1 4.94787E-1 4.81342E-1 4.40537E-1 4.46212E-1 4.24288E-1 3.64108E-1 4.97453E-1 6.00651E-1 6.00977E-1 6.25793E-1 -9999 -9999 -9999 -9999 -9999 -9999 -9999 -9999 -9999 -9999 -9999 -9999 -9999
7.12599E-1 7.03032E-1 6.85001E-1 6.51189E-1 6.36014E-1 6.42176E-1 6.75955E-1 6.84709E-1 6.89446E-1 6.99501E-1 -9999 -9999 -9999 -9999 -9999 -9999 -9999 -9999 -9999 -9999 -9999 -9999 -9999 -9999 -9999 -9999 -9999 6.15783E-1 5.80047E-1 4.89436E-1 5.48775E-1 4.82783E-1 3.19577E-1 2.86417E-1 2.18518E-1 2.93461E-1 2.28957E-1 1.65969E-1 1.55209E-1 2.64724E-1 3.9676E-1 3.58913E-1 3.29449E-1 2.97044E-1 3.50003E-1 3.43844E-1 4.05187E-1 4.47559E-1 5.06326E-1 5.07696E-1 5.0549E-1 4.91571E-1 5.26501E-1 5.09673E-1 4.64556E-1 4.52945E-1 4.99248E-1 5.4602E-1 6.05698E-1 6.58491E-1 -9999 -9999 -9999 -9999 -9999 -9999 -9999 -9999 -9999 -9999 -9999 -9999
7.18105E-1 7.03554E-1 7.03784E-1 6.81588E-1 6.77953E-1 6.77052E-1 6.84251E-1 6.96134E-1 7.03973E-1 -9999 -9999 -9999 -9999 -9999 -9999 -9999 -9999 -9999 -9999 -9999 -9999 -9999 -9999 -9999 -9999 -9999 -9999 -9999 5.97348E-1 6.28985E-1 5.58614E-1 5.29298E-1 3.48384E-1 2.87527E-1 2.66657E-1 2.55458E-1 1.87707E-1 2.14483E-1 1.61374E-1 2.86295E-1 2.89733E-1 2.34932E-1 3.34204E-1 3.74324E-1 3.66254E-1 3.60808E-1 3.67288E-1 4.43358E-1 4.76807E-1 5.09601E-1 5.07632E-1 5.23231E-1 5.36375E-1 5.46225E-1 5.02314E-1 4.39284E-1 4.59781E-1 5.96123E-1 6.37567E-1 6.65923E-1 6.81088E-1 -9999 -9999 -9999 -9999 -9999 -9999 -9999 -9999 -9999 -9999 -9999
7.25364E-1 7.10646E-1 6.91795E-1 6.98064E-1 6.96372E-1 6.64063E-1 6.93966E-1 6.9571E-1 7.07738E-1 -9999 -9999 -9999 -9999 -9999 -9999 -9999 -9999 -9999 -9999 -9999 -9999 -9999 -9999 -9999 -9999 -9999 -9999 -9999 5.96153E-1 6.21218E-1 5.62801E-1 6.02125E-1 4.65257E-1 3.45675E-1 2.56532E-1 2.47792E-1 2.22755E-1 1.64293E-1 1.50651E-1 1.90939E-1 2.27605E-1 2.92514E-1 3.45738E-1 3.40415E-1 3.10179E-1 3.23241E-1 3.25041E-1 3.95234E-1 4.60464E-1 5.0004E-1 5.04548E-1 5.21974E-1 5.23589E-1 5.30899E-1 4.89134E-1 4.70047E-1 5.10463E-1 6.13796E-1 6.30219E-1 6.39812E-1 6.43775E-1 6.69466E-1 6.88746E-1 7.16823E-1 -9999 -9999 -9999 8.26792E-1 -9999 -9999 -9999 -9999
7.42014E-1 7.16501E-1 6.91575E-1 7.01466E-1 6.96354E-1 6.92267E-1 6.96536E-1 7.15971E-1 7.24456E-1 -9999 -9999 -9999 -9999 -9999 -9999 -9999 -9999 -9999 -9999 -9999 -9999 -9999 -9999 -9999 -9999 -9999 -9999 -9999 -9999 5.93263E-1 -9999 6.01865E-1 5.55464E-1 4.00226E-1 4.5339E-1 4.0537E-1 3.36779E-1 2.70024E-1 2.55623E-1 2.3262E-1 2.77294E-1 3.71277E-1 3.85223E-1 3.45749E-1 2.85278E-1 2.82265E-1 3.15895E-1 3.62382E-1 4.38211E-1 4.94034E-1 5.08569E-1 5.15464E-1 5.23704E-1 5.33167E-1 5.28713E-1 5.31213E-1 5.45626E-1 5.4334E-1 6.33181E-1 6.37175E-1 5.99627E-1 5.53385E-1 6.39018E-1 7.10872E-1 -9999 -9999 -9999 -9999 -9999 -9999 -9999 -9999
7.45936E-1 7.31518E-1 6.99616E-1 7.05134E-1 7.00896E-1 7.08849E-1 7.12154E-1 7.09493E-1 7.22471E-1 -9999 -9999 -9999 -9999 -9999 -9999 -9999 -9999 -9999 -9999 -9999 -9999 -9999 -9999 -9999 -9999 -9999 -9999 -9999 -9999 -9999 -9999 5.9408E-1 5.81923E-1 5.29177E-1 4.84649E-1 4.39499E-1 4.24352E-1 4.91776E-1 3.3624E-1 2.88898E-1 3.69486E-1 4.11369E-1 4.01444E-1 3.93524E-1 3.66227E-1 3.71376E-1 3.39488E-1 3.07785E-1 4.12034E-1 4.86305E-1 5.1072E-1 5.19183E-1 5.27047E-1 5.42058E-1 5.50921E-1 5.38377E-1 5.30863E-1 5.78327E-1 5.93592E-1 6.30528E-1 6.74488E-1 6.87805E-1 7.10017E-1 -9999 -9999 -9999 -9999 -9999 -9999 -9999 -9999 8.38361E-1
7.47779E-1 7.20089E-1 6.98724E-1 6.99208E-1 7.12118E-1 7.17774E-1 7.1081E-1 7.11847E-1 7.2023E-1 -9999 -9999 -9999 -9999 -9999 -9999 -9999 -9999 -9999 -9999 -9999 -9999 -9999 -9999 -9999 -9999 -9999 -9999 -9999 -9999 -9999 -9999 -9999 5.69819E-1 5.44885E-1 5.5627E-1 5.37212E-1 5.27392E-1 5.10542E-1 4.45038E-1 3.59544E-1 3.72671E-1 3.74811E-1 3.72581E-1 3.58667E-1 4.02357E-1 4.46705E-1 4.69905E-1 4.60333E-1 4.80677E-1 4.50847E-1 4.82787E-1 5.13441E-1 5.29703E-1 5.4028E-1 5.4616E-1 5.60641E-1 5.65214E-1 5.45459E-1 5.63063E-1 6.36631E-1 6.73333E-1 6.72885E-1 6.58016E-1 7.09565E-1 -9999 7.87005E-1 8.10569E-1 -9999 -9999 -9999 -9999 8.81497E-1
7.59096E-1 7.12298E-1 7.18781E-1 7.18343E-1 7.06742E-1 7.01833E-1 7.17181E-1 7.21486E-1 7.20983E-1 -9999 -9999 -9999 -9999 -9999 -9999 -9999 -9999 -9999 -9999 -9999 -9999 -9999 -9999 -9999 -9999 -9999 -9999 -9999 -9999 -9999 -9999 6.05522E-1 6.02362E-1 -9999 -9999 -9999 -9999 5.45295E-1 5.26868E-1 4.82983E-1 4.28283E-1 3.54889E-1 2.93177E-1 3.31232E-1 4.15544E-1 4.77884E-1 4.80988E-1 4.26813E-1 3.83537E-1 4.33091E-1 4.98629E-1 5.13528E-1 5.30217E-1 5.33093E-1 5.30901E-1 5.47596E-1 5.61288E-1 5.81279E-1 6.1257E-1 6.51851E-1 6.60334E-1 6.06519E-1 5.5919E-1 7.03977E-1 -9999 -9999 7.34264E-1 7.17349E-1 7.62534E-1 -9999 8.77883E-1 8.68241E-1
7.53159E-1 7.27364E-1 7.40108E-1 7.34588E-1 7.17925E-1 7.20077E-1 7.13448E-1 7.25168E-1 7.2812E-1 -9999 -9999 -9999 -9999 -9999 -9999 -9999 -9999 -9999 -9999 -9999 -9999 -9999 -9999 -9999 -9999 -9999 -9999 -9999 -9999 -9999 -9999 6.03512E-1 5.73588E-1 5.5102E-1 5.16154E-1 5.5342E-1 -9999 -9999 5.38531E-1 5.35385E-1 4.59586E-1 3.45315E-1 3.07242E-1 3.53141E-1 3.99864E-1 4.80414E-1 4.91075E-1 4.64225E-1 4.76756E-1 5.07556E-1 5.16384E-1 5.26167E-1 5.26842E-1 5.23986E-1 5.20507E-1 4.99682E-1 4.92165E-1 5.5104E-1 6.09585E-1 6.58218E-1 6.71492E-1 6.54512E-1 6.48253E-1 6.46915E-1 -9999 -9999 7.73253E-1 7.86766E-1 6.91783E-1 -9999 8.78085E-1 8.56384E-1
7.63268E-1 7.53007E-1 7.47346E-1 7.43213E-1 7.26524E-1 7.21965E-1 7.26902E-1 7.27887E-1 7.38751E-1 -9999 -9999 -9999 -9999 -9999 -9999 -9999 -9999 -9999 -9999 -9999 -9999 -9999 -9999 -9999 -9999 -9999 -9999 -9999 -9999 -9999 -9999 -9999 -9999 5.15424E-1 5.11349E-1 5.67943E-1 -9999 -9999 5.4946E-1 5.31852E-1 5.03742E-1 3.84886E-1 3.24794E-1 3.72116E-1 4.08736E-1 4.61688E-1 4.98407E-1 5.06528E-1 5.12311E-1 5.14926E-1 5.0927E-1 5.26335E-1 5.19983E-1 5.07562E-1 4.70334E-1 3.97155E-1 3.99733E-1 4.29725E-1 4.94557E-1 5.42025E-1 6.13934E-1 5.97324E-1 6.66766E-1 7.35557E-1 7.75605E-1 7.52872E-1 8.0295E-1 7.94865E-1 7.31144E-1 7.77659E-1 8.69994E-1 8.83783E-1
7.5143E-1 7.51443E-1 7.36111E-1 7.43004E-1 7.33644E-1 7.20379E-1 7.1689E-1 7.24364E-1 7.27204E-1 -9999 -9999 -9999 -9999 -9999 -9999 -9999 -9999 -9999 -9999 -9999 -9999 -9999 -9999 -9999 -9999 -9999 -9999 -9999 -9999 -9999 -9999 -9999 -9999 5.95493E-1 5.77199E-1 5.53311E-1 -9999 5.65307E-1 5.40918E-1 5.19498E-1 4.75485E-1 3.84665E-1 3.10771E-1 3.73554E-1 4.34619E-1 4.60164E-1 4.87294E-1 5.12833E-1 5.10914E-1 5.1455E-1 4.99519E-1 4.7993E-1 4.72256E-1 4.72736E-1 4.56734E-1 4.24436E-1 3.92965E-1 4.38342E-1 4.66901E-1 5.51711E-1 5.798E-1 6.17498E-1 6.89223E-1 7.15931E-1 7.19732E-1 6.76239E-1 6.5826E-1 6.17169E-1 7.98252E-1 8.11715E-1 -9999 8.76342E-1
7.44382E-1 7.43647E-1 7.42966E-1 7.40476E-1 7.31808E-1 7.36218E-1 7.2699E-1 7.11722E-1 7.28027E-1 -9999 -9999 -9999 -9999 -9999 -9999 -9999 -9999 -9999 -9999 -9999 -9999 -9999 -9999 -9999 -9999 -9999 -9999 -9999 -9999 -9999 -9999 -9999 -9999 -9999 -9999 5.64822E-1 5.57903E-1 5.74764E-1 4.99266E-1 4.40307E-1 3.96453E-1 3.2304E-1 3.34409E-1 4.07901E-1 4.62537E-1 4.96835E-1 4.96572E-1 5.04292E-1 5.19669E-1 5.2177E-1 5.13282E-1 4.82421E-1 5.01265E-1 5.01996E-1 5.00869E-1 4.973E-1 4.72687E-1 4.76071E-1 4.71368E-1 5.87092E-1 6.29924E-1 6.51668E-1 6.66171E-1 6.69367E-1 7.09743E-1 7.32617E-1 6.0991E-1 5.69639E-1 6.87634E-1 7.82237E-1 -9999 8.51201E-1
7.42342E-1 7.34161E-1 7.28483E-1 7.36086E-1 7.45832E-1 7.39876E-1 7.36425E-1 7.17679E-1 7.29337E-1 -9999 -9999 -9999 -9999 -9999 -9999 -9999 -9999 -9999 -9999 -9999 -9999 -9999 -9999 -9999 -9999 -9999 -9999 -9999 -9999 -9999 -9999 -9999 -9999 -9999 -9999 -9999 5.54099E-1 5.60526E-1 5.0408E-1 4.48075E-1 3.53911E-1 3.06495E-1 3.12218E-1 4.03771E-1 4.69064E-1 5.03044E-1 4.95016E-1 5.11663E-1 5.19248E-1 5.2043E-1 5.09345E-1 5.21034E-1 5.14074E-1 5.21394E-1 5.19654E-1 5.20339E-1 5.43501E-1 5.48615E-1 5.34555E-1 5.97972E-1 6.11176E-1 6.284E-1 6.22623E-1 6.64686E-1 7.11517E-1 7.49709E-1 6.31592E-1 5.99987E-1 5.95342E-1 8.05698E-1 -9999 -9999
