Artocarpus hirsutus SDM files/MIS19/Environmental layers/bio1.asc
ncols  625
nrows  721
xllcorner  69.99986311115
yllcorner  5.99986187915
cellsize 0.041666667
NODATA_value  -9999
[rows 351 to 389 of 721, columns 89 to 177 of 625]
247 252 254 253 252 251 251 250 251 251 250 250 250 250 249 251 252 252 253 254 254 255 255 255 254 254 254 253 253 252 251 249 246 247 249 247 245 245 244 243 242 241 239 236 233 229 225 221 217 219 227 233 237 236 236 236 239 233 240 247 247 250 252 252 250 247 246 246 248 251 250 249 248 248 245 240 240 242 241 237 236 239 234 228 219 212 213 209 217
252 253 254 252 249 248 249 248 249 249 248 248 247 247 246 245 247 249 251 253 253 254 254 254 255 255 255 254 254 253 248 245 244 248 249 243 241 242 242 243 244 243 238 232 229 223 219 216 216 224 230 237 241 240 244 242 244 244 244 248 251 252 253 252 249 245 245 247 249 249 248 246 246 243 243 238 233 232 233 233 223 224 225 218 216 223 231 233 237
253 252 252 250 250 250 250 249 248 247 246 245 244 242 240 242 244 247 248 251 252 252 253 254 254 255 255 255 255 254 252 247 244 247 252 249 250 250 250 250 248 240 231 224 226 225 220 226 228 233 236 237 243 242 246 249 249 250 251 252 253 253 252 252 251 251 250 248 246 242 245 242 244 236 230 229 227 227 227 223 220 218 216 217 224 232 235 237 241
253 253 253 253 251 250 249 248 246 244 242 241 240 236 239 241 244 246 248 250 250 251 252 252 253 254 255 255 255 255 255 253 253 253 253 253 253 253 253 252 252 248 247 247 247 246 243 243 242 239 242 237 242 247 250 251 251 252 253 253 253 253 252 251 250 247 247 246 242 238 232 231 236 238 234 232 231 232 230 223 220 230 229 230 230 236 242 245 247
254 253 252 251 251 250 248 246 244 240 232 234 231 232 235 238 242 245 246 247 247 249 250 251 253 253 254 255 255 255 255 255 255 255 254 254 254 254 254 254 254 254 253 252 252 251 251 250 250 250 250 250 251 251 252 252 253 253 253 253 253 252 252 251 250 249 246 243 239 234 228 225 231 237 239 237 233 231 230 231 238 241 242 243 244 246 248 249 250
253 253 252 250 249 249 248 245 235 224 223 225 227 230 232 235 238 241 242 243 245 247 248 251 252 252 253 254 254 255 255 256 255 255 255 256 255 255 255 255 255 255 255 255 254 254 253 253 253 253 253 253 253 253 253 253 254 254 254 253 252 251 251 249 246 243 240 235 232 229 231 236 239 244 243 244 245 245 246 247 247 248 248 248 249 250 250 250 251
252 250 251 250 249 246 244 235 233 223 225 227 230 232 234 236 238 240 242 244 246 248 249 250 249 250 252 253 254 254 255 255 255 255 255 256 256 256 256 256 255 256 256 256 256 255 255 255 254 254 254 254 254 254 254 254 254 254 253 252 250 247 246 243 237 232 231 230 239 241 244 246 248 249 250 250 250 251 251 251 250 250 251 251 251 251 251 251 252
244 247 246 247 245 242 228 224 224 226 224 224 226 230 232 235 237 239 241 244 246 247 248 248 248 249 251 253 253 253 254 255 255 255 255 255 256 256 256 256 256 256 256 255 256 256 256 256 255 255 255 255 255 254 255 255 254 252 250 246 243 240 235 234 232 240 244 246 248 248 249 249 250 251 251 252 252 253 253 252 252 252 252 252 252 252 252 252 252
239 237 238 246 242 235 220 222 223 224 227 228 224 226 228 231 235 238 242 243 243 245 246 246 247 249 251 252 252 252 253 254 255 255 255 255 255 255 255 256 256 255 255 255 255 255 255 256 256 256 255 255 255 255 254 254 255 255 254 252 251 249 247 246 245 248 249 250 251 251 251 252 252 252 252 253 253 254 254 253 253 253 253 253 253 253 253 253 253
238 234 235 238 236 228 219 221 223 225 227 229 231 233 233 232 233 236 238 240 242 243 242 243 246 249 251 252 252 251 252 253 254 254 254 254 255 254 254 255 255 254 255 255 255 254 255 255 256 255 254 254 255 254 252 253 253 254 255 255 255 254 253 252 252 252 252 253 253 253 253 253 253 253 253 254 254 254 254 254 254 254 254 254 254 254 254 254 254
239 236 233 232 229 225 218 221 223 226 229 229 231 234 236 237 237 236 238 241 241 242 243 244 245 247 250 251 251 250 251 253 254 253 253 253 254 253 254 255 254 254 255 255 253 252 254 255 254 253 253 253 253 254 253 251 251 253 254 255 255 255 255 254 254 254 254 254 254 254 254 254 254 254 254 254 255 255 255 255 255 255 255 255 255 255 255 255 254
237 233 230 230 229 222 222 224 226 228 230 231 233 234 235 234 237 239 240 242 243 244 245 246 247 248 249 251 250 249 251 253 253 253 253 252 252 253 254 254 253 254 255 255 251 251 252 254 254 252 250 251 252 252 251 250 251 252 254 255 255 255 255 255 256 255 256 256 255 255 256 255 256 255 255 255 255 255 255 256 255 255 255 255 255 255 255 255 255
242 238 236 235 229 220 221 221 223 225 226 228 230 231 232 231 232 238 238 240 242 244 245 246 248 249 249 250 250 249 250 252 253 252 252 251 251 252 254 253 252 254 255 254 251 250 250 253 254 254 253 251 250 250 249 251 252 253 254 254 254 255 255 255 255 255 255 256 256 256 255 255 256 255 256 256 256 256 256 256 256 256 256 256 256 256 255 255 255
236 237 232 231 227 217 211 213 214 215 218 220 218 219 222 227 230 232 235 238 240 240 242 244 245 247 248 247 247 248 249 251 252 252 251 250 251 253 253 252 252 254 255 254 252 251 253 254 254 253 252 252 251 251 249 251 252 253 253 254 254 253 254 254 255 254 255 255 255 255 255 255 255 256 255 256 256 256 256 256 256 256 256 256 256 256 256 256 256
231 231 235 233 229 211 209 213 213 217 221 222 221 220 222 222 227 226 223 233 236 237 239 239 241 245 245 244 245 247 248 250 252 251 250 250 252 252 252 253 254 254 254 253 252 252 253 253 254 253 252 249 250 250 250 250 252 252 253 254 253 253 253 254 254 254 254 255 254 254 255 255 255 255 255 255 255 256 256 256 256 256 256 256 256 255 256 256 256
229 225 225 227 224 207 209 210 212 218 219 222 225 226 226 225 226 228 229 232 234 236 238 238 239 242 243 245 246 248 249 251 251 251 250 250 251 251 253 253 254 254 253 252 251 252 252 252 253 253 253 252 249 249 249 250 251 252 252 253 253 252 253 253 253 253 253 253 254 254 255 254 254 255 255 254 255 255 255 256 255 255 256 255 255 255 256 255 255
237 232 220 210 210 202 199 199 209 215 219 220 222 224 228 229 229 229 231 232 235 237 239 241 242 244 245 246 248 248 249 249 249 249 249 250 250 252 253 254 254 253 251 250 251 252 252 251 252 252 252 252 250 248 248 248 249 250 251 252 252 252 252 252 252 253 252 252 253 253 253 254 255 255 255 254 254 255 255 255 254 255 255 254 254 255 255 255 254
236 230 213 207 203 206 204 212 217 219 221 213 218 223 227 229 232 232 231 231 233 236 238 240 242 244 245 246 246 246 247 247 247 249 250 251 252 253 253 253 253 253 252 251 250 250 251 251 250 251 251 251 251 249 248 247 247 249 250 251 250 251 250 250 251 252 251 252 252 251 252 253 254 255 254 253 254 255 255 254 254 254 253 253 255 254 254 254 254
233 230 225 211 212 208 214 216 221 223 224 224 221 225 228 230 232 234 235 235 236 237 238 240 241 243 244 245 245 246 247 248 249 250 251 252 252 253 253 253 253 253 252 251 250 249 249 249 249 250 250 250 250 248 247 247 246 247 248 249 249 249 248 247 250 251 250 251 250 250 252 253 254 255 254 253 253 254 255 255 254 253 252 253 254 254 253 252 253
227 218 212 210 217 218 219 216 214 220 225 227 228 227 225 231 233 234 236 237 236 237 239 240 241 242 243 245 246 247 248 249 250 250 250 251 252 252 252 252 252 252 252 251 249 248 247 247 248 248 248 248 249 247 246 245 244 246 247 246 245 247 244 243 246 248 248 249 249 251 251 252 253 254 254 254 253 254 254 254 254 252 252 253 254 254 253 252 252
218 210 214 212 214 215 220 222 221 219 221 227 230 231 231 233 235 236 237 238 238 237 238 240 242 244 245 246 247 248 249 250 250 249 251 251 251 250 250 251 251 251 250 249 245 241 238 239 242 240 244 241 240 244 244 241 239 240 240 238 239 242 240 239 242 246 243 246 249 250 250 250 251 253 254 254 253 253 253 254 254 253 253 253 253 253 252 251 251
210 210 212 216 219 217 218 223 226 227 228 229 231 232 233 234 235 236 237 238 240 240 240 241 243 244 246 246 247 248 248 248 249 250 250 250 250 248 249 250 250 248 243 242 233 230 232 233 234 235 234 234 233 232 230 231 231 232 233 232 233 234 236 239 242 243 241 245 246 248 250 251 252 253 253 253 253 252 253 253 252 252 252 253 252 252 251 249 250
210 212 215 217 219 221 223 224 223 223 226 228 230 230 231 232 234 235 236 238 239 240 241 242 243 244 244 245 246 246 247 248 249 249 249 249 248 247 247 245 240 232 224 225 226 227 227 228 231 232 233 233 234 234 232 229 229 232 232 234 234 234 235 238 238 238 240 241 243 247 249 251 252 253 252 252 251 252 252 252 251 250 252 251 251 251 250 249 249
212 212 210 211 212 215 219 220 213 219 224 227 227 226 229 231 233 233 234 236 238 239 240 241 242 242 244 244 244 245 246 247 248 248 248 248 242 234 234 232 229 230 229 226 228 229 229 229 230 231 232 234 235 235 234 233 229 229 231 232 233 235 234 235 236 237 239 240 243 245 247 250 251 251 251 252 249 250 249 251 250 250 251 250 248 249 248 247 247
217 216 217 213 206 208 213 208 210 217 219 216 216 220 228 229 229 231 234 234 235 238 239 240 240 241 242 243 243 245 245 246 247 246 246 238 226 227 229 230 231 231 232 230 230 230 232 231 231 233 233 233 235 236 236 235 230 230 232 233 234 235 236 235 236 237 239 240 241 244 246 248 248 249 249 250 247 247 248 248 248 247 250 248 246 247 247 248 248
219 218 218 219 218 216 212 212 215 215 216 211 209 214 221 223 226 227 231 232 234 236 237 238 240 241 242 242 242 243 243 241 239 236 236 223 224 224 225 227 230 232 233 232 232 232 232 233 233 233 234 234 235 236 237 237 234 232 231 232 235 235 235 236 237 237 237 239 241 241 243 245 246 245 247 249 245 245 246 245 246 247 247 246 247 247 247 247 247
220 221 220 220 219 220 219 218 218 219 220 220 220 218 221 221 225 228 231 233 234 235 236 238 239 239 240 240 235 229 230 226 227 226 227 222 223 225 226 226 229 231 233 233 234 234 233 233 234 234 235 236 235 236 237 238 237 236 232 234 234 234 235 235 236 238 237 238 239 241 242 242 242 242 244 246 244 244 244 245 245 244 244 245 245 246 246 247 246
218 220 223 222 222 222 221 221 220 221 222 222 223 223 224 223 226 229 231 231 232 233 235 236 238 236 232 229 226 226 223 226 228 230 231 227 223 223 227 228 229 230 231 231 232 234 235 234 235 236 235 237 237 237 238 239 238 238 237 236 234 234 236 236 237 238 239 238 239 239 239 240 240 241 243 244 242 243 242 243 244 243 243 244 243 245 244 245 247
220 221 222 224 224 223 224 224 223 223 224 224 224 225 225 225 227 228 228 225 230 231 234 234 236 234 231 231 231 231 227 226 228 230 232 232 229 226 222 226 229 229 230 230 233 234 235 236 236 236 237 238 238 239 238 239 239 239 238 237 236 235 235 236 238 238 239 239 239 239 239 239 240 241 241 242 242 242 242 242 242 243 242 243 242 243 243 243 246
217 219 221 223 225 225 225 226 225 225 225 225 226 227 226 226 225 225 224 224 228 228 230 232 235 233 232 232 233 233 233 232 233 234 234 234 232 229 226 226 230 232 233 233 234 234 235 235 237 237 237 237 238 239 240 240 240 240 240 238 238 237 237 237 237 237 239 240 240 239 240 241 241 242 241 240 240 241 241 241 241 242 240 241 240 241 242 242 243
217 218 219 222 224 226 226 227 227 227 227 226 227 228 228 228 228 228 227 227 227 227 228 231 233 232 232 233 234 234 235 235 235 235 235 233 230 230 229 230 232 233 234 235 235 236 236 236 237 238 238 239 239 239 240 239 239 241 240 240 239 240 239 237 236 237 238 240 241 240 240 240 241 242 242 240 240 241 241 241 241 240 240 241 241 241 242 244 245
217 217 220 222 224 225 227 227 228 228 228 226 228 229 229 229 230 229 229 229 229 229 228 229 230 231 232 233 235 236 236 236 236 236 235 229 227 228 231 232 232 233 233 234 234 235 236 237 238 238 238 238 238 238 239 239 240 242 241 241 241 241 241 239 237 239 239 241 241 242 242 241 241 242 243 242 242 242 242 242 241 241 241 241 241 242 243 244 245
223 222 221 222 224 226 227 228 229 229 229 228 228 229 230 231 231 230 231 231 230 231 230 230 230 231 232 233 234 236 237 237 237 236 235 223 226 230 230 231 231 228 231 232 230 233 235 236 237 236 237 236 237 238 238 239 240 240 242 242 242 242 242 241 238 239 240 241 241 241 242 243 243 243 243 243 243 244 243 242 242 242 242 242 241 241 242 243 245
224 225 225 225 226 227 228 229 229 229 230 230 230 231 231 231 232 232 232 232 232 232 232 231 232 232 233 235 235 236 237 238 237 236 235 229 228 229 226 228 229 227 227 228 231 235 234 235 235 236 236 237 237 237 238 239 239 239 241 242 241 243 242 241 240 239 239 240 240 241 242 242 243 242 243 243 243 244 244 244 244 244 243 244 243 242 241 243 246
222 224 225 226 227 228 228 227 227 228 230 231 231 232 232 232 232 233 233 233 233 233 233 234 234 234 235 236 236 238 238 238 237 236 232 229 227 228 228 230 227 223 227 231 234 237 238 237 237 236 237 239 239 236 238 239 239 241 241 242 243 243 244 243 242 241 240 240 240 241 241 242 242 242 242 242 242 243 244 244 245 245 245 245 244 244 243 242 246
220 223 225 227 227 227 225 224 225 227 229 230 231 232 233 233 234 234 234 234 234 235 235 235 235 235 235 237 238 238 239 238 238 237 237 236 233 230 233 235 234 231 229 232 234 236 238 240 240 240 239 241 240 239 240 241 239 239 240 241 241 243 244 244 243 242 242 242 243 242 241 241 240 241 241 242 242 243 243 244 245 246 245 245 245 245 245 244 245
221 222 225 227 225 223 220 219 224 226 228 229 229 231 232 232 234 234 235 235 235 235 236 236 236 236 236 237 238 239 239 239 239 239 239 238 237 238 237 236 237 236 235 235 237 239 240 241 242 242 241 242 242 241 242 243 243 242 240 240 241 242 243 243 244 243 244 243 244 244 243 242 242 242 242 243 243 243 243 244 244 244 244 244 246 246 247 246 245
221 223 226 226 221 218 219 221 223 225 227 228 229 230 231 232 233 234 235 236 236 236 237 237 237 237 238 237 239 240 240 240 240 240 240 240 239 240 239 237 237 239 239 239 238 239 241 242 243 243 242 243 244 243 243 244 245 245 246 243 241 241 242 242 244 246 246 245 246 246 245 245 243 243 244 244 244 245 245 245 244 244 244 244 244 244 245 248 246
225 225 226 224 220 217 219 221 223 224 225 227 228 230 231 232 233 233 234 236 236 237 237 238 238 238 238 238 238 240 241 241 241 241 241 241 241 240 233 232 235 238 240 241 240 241 242 243 244 243 243 244 244 245 245 245 246 246 247 245 241 240 241 242 243 244 246 246 247 247 247 247 246 245 244 245 246 246 247 247 246 247 245 245 244 246 247 248 248
