Artocarpus hirsutus SDM files/MIS19/Environmental layers/bio17.asc
ncols  625
nrows  721
xllcorner  69.99986311115
yllcorner  5.99986187915
cellsize 0.041666667
NODATA_value  -9999
[rows 550 to 599 of 721, columns 192 to 287 of 625]
3 4 4 3 3 4 4 4 4 5 5 5 5 5 5 6 6 7 8 8 5 10 11 9 9 11 12 11 10 12 8 13 12 10 11 12 11 12 10 11 10 13 12 11 12 13 14 14 14 15 17 16 16 14 15 15 -9999 -9999 -9999 -9999 -9999 -9999 -9999 -9999 -9999 -9999 -9999 -9999 -9999 -9999 -9999 -9999 -9999 -9999 -9999 -9999 -9999 -9999 -9999 -9999 -9999 -9999 -9999 -9999 -9999 -9999 -9999 -9999 -9999 -9999 -9999 -9999 -9999 -9999 -9999 -9999
3 4 4 4 4 4 4 4 5 5 5 5 5 5 5 5 7 8 7 6 6 10 10 9 12 12 13 11 10 11 11 12 10 10 11 11 11 11 11 12 12 12 12 11 12 13 14 14 15 15 16 15 15 15 15 15 -9999 -9999 -9999 -9999 -9999 -9999 -9999 -9999 -9999 -9999 -9999 -9999 -9999 -9999 -9999 -9999 -9999 -9999 -9999 -9999 -9999 -9999 -9999 -9999 -9999 -9999 -9999 -9999 -9999 -9999 -9999 -9999 -9999 -9999 -9999 -9999 -9999 -9999 -9999 -9999
4 4 5 4 4 4 5 4 4 5 5 5 6 5 5 5 7 7 7 7 8 8 10 11 11 10 12 12 11 10 9 12 14 12 11 11 12 11 11 10 11 12 11 11 12 14 15 15 15 15 16 16 15 15 15 -9999 -9999 -9999 -9999 -9999 -9999 -9999 -9999 -9999 -9999 -9999 -9999 -9999 -9999 -9999 -9999 -9999 -9999 -9999 -9999 -9999 -9999 -9999 -9999 -9999 -9999 -9999 -9999 -9999 -9999 -9999 -9999 -9999 -9999 -9999 -9999 -9999 -9999 -9999 -9999 -9999
4 4 5 4 4 4 5 5 5 4 4 6 6 6 6 5 7 6 9 7 6 8 11 9 9 9 9 8 9 9 9 12 13 11 11 11 11 11 11 11 12 12 11 11 13 13 13 14 15 16 14 15 16 15 15 -9999 -9999 -9999 -9999 -9999 -9999 -9999 -9999 -9999 -9999 -9999 -9999 -9999 -9999 -9999 -9999 -9999 -9999 -9999 -9999 -9999 -9999 -9999 -9999 -9999 -9999 -9999 -9999 -9999 -9999 -9999 -9999 -9999 -9999 -9999 -9999 -9999 -9999 -9999 -9999 -9999
5 5 5 4 4 4 6 5 5 4 4 6 6 8 8 8 6 6 8 8 6 6 7 9 8 9 8 9 11 12 11 11 13 13 12 13 12 12 12 12 12 12 11 10 13 14 14 14 15 14 15 16 16 15 15 -9999 -9999 -9999 -9999 -9999 -9999 -9999 -9999 -9999 -9999 -9999 -9999 -9999 -9999 -9999 -9999 -9999 -9999 -9999 -9999 -9999 -9999 -9999 -9999 -9999 -9999 -9999 -9999 -9999 -9999 -9999 -9999 -9999 -9999 -9999 -9999 -9999 -9999 -9999 -9999 -9999
5 5 6 5 4 4 6 6 5 5 4 6 7 8 8 8 6 7 8 9 7 6 8 10 10 10 7 8 17 17 15 14 12 12 13 12 12 13 13 12 12 12 11 10 11 14 14 15 15 13 16 15 15 14 14 -9999 -9999 -9999 -9999 -9999 -9999 -9999 -9999 -9999 -9999 -9999 -9999 -9999 -9999 -9999 -9999 -9999 -9999 -9999 -9999 -9999 -9999 -9999 -9999 -9999 -9999 -9999 -9999 -9999 -9999 -9999 -9999 -9999 -9999 -9999 -9999 -9999 -9999 -9999 -9999 -9999
5 6 6 5 5 5 6 6 6 6 5 6 7 9 8 8 8 7 5 8 8 6 7 8 14 11 9 8 18 18 16 15 14 14 15 13 13 13 12 12 12 12 11 12 11 12 15 14 14 14 15 15 14 14 14 -9999 -9999 -9999 -9999 -9999 -9999 -9999 -9999 -9999 -9999 -9999 -9999 -9999 -9999 -9999 -9999 -9999 -9999 -9999 -9999 -9999 -9999 -9999 -9999 -9999 -9999 -9999 -9999 -9999 -9999 -9999 -9999 -9999 -9999 -9999 -9999 -9999 -9999 -9999 -9999 -9999
6 7 6 5 4 4 6 7 6 6 6 7 7 10 10 9 6 4 5 13 11 6 8 11 17 17 11 10 19 18 17 16 16 15 15 15 14 14 13 13 13 14 12 11 12 10 12 14 15 16 18 17 16 14 14 -9999 -9999 -9999 -9999 -9999 -9999 -9999 -9999 -9999 -9999 -9999 -9999 -9999 -9999 -9999 -9999 -9999 -9999 -9999 -9999 -9999 -9999 -9999 -9999 -9999 -9999 -9999 -9999 -9999 -9999 -9999 -9999 -9999 -9999 -9999 -9999 -9999 -9999 -9999 -9999 -9999
7 7 6 4 4 5 7 7 6 7 6 8 6 8 10 7 4 3 7 12 7 6 6 14 17 18 14 14 15 20 17 16 16 15 15 15 15 14 14 13 13 12 13 12 12 12 11 12 16 17 17 16 15 15 15 -9999 -9999 -9999 -9999 -9999 -9999 -9999 -9999 -9999 -9999 -9999 -9999 -9999 -9999 -9999 -9999 -9999 -9999 -9999 -9999 -9999 -9999 -9999 -9999 -9999 -9999 -9999 -9999 -9999 -9999 -9999 -9999 -9999 -9999 -9999 -9999 -9999 -9999 -9999 -9999 -9999
6 6 6 4 5 4 6 8 6 8 8 8 6 9 9 4 4 4 11 9 8 6 11 18 20 19 18 14 16 17 17 17 16 15 14 15 15 15 15 13 14 13 12 12 14 12 12 12 16 18 17 16 15 15 -9999 -9999 -9999 -9999 -9999 -9999 -9999 -9999 -9999 -9999 -9999 -9999 -9999 -9999 -9999 -9999 -9999 -9999 -9999 -9999 -9999 -9999 -9999 -9999 -9999 -9999 -9999 -9999 -9999 -9999 -9999 -9999 -9999 -9999 -9999 -9999 -9999 -9999 -9999 -9999 -9999 -9999
6 6 7 4 4 4 6 7 8 7 9 9 6 7 4 3 7 9 13 8 9 6 16 21 19 23 16 20 18 17 18 17 17 16 15 15 14 15 15 13 13 14 14 14 16 14 11 15 18 17 16 16 15 14 -9999 -9999 -9999 -9999 -9999 -9999 -9999 -9999 -9999 -9999 -9999 -9999 -9999 -9999 -9999 -9999 -9999 -9999 -9999 -9999 -9999 -9999 -9999 -9999 -9999 -9999 -9999 -9999 -9999 -9999 -9999 -9999 -9999 -9999 -9999 -9999 -9999 -9999 -9999 -9999 -9999 -9999
7 6 7 5 4 6 7 6 8 8 9 9 8 4 3 3 5 7 9 9 7 8 18 20 22 22 17 21 19 19 19 19 18 16 17 18 15 15 14 14 14 15 14 14 16 14 12 15 17 16 16 16 13 13 -9999 -9999 -9999 -9999 -9999 -9999 -9999 -9999 -9999 -9999 -9999 -9999 -9999 -9999 -9999 -9999 -9999 -9999 -9999 -9999 -9999 -9999 -9999 -9999 -9999 -9999 -9999 -9999 -9999 -9999 -9999 -9999 -9999 -9999 -9999 -9999 -9999 -9999 -9999 -9999 -9999 -9999
7 7 7 5 5 7 6 6 5 8 9 9 7 4 3 11 10 6 6 11 7 11 19 19 22 23 19 18 19 20 19 19 19 17 19 19 17 17 17 15 15 16 15 14 17 15 14 15 18 18 17 16 14 -9999 -9999 -9999 -9999 -9999 -9999 -9999 -9999 -9999 -9999 -9999 -9999 -9999 -9999 -9999 -9999 -9999 -9999 -9999 -9999 -9999 -9999 -9999 -9999 -9999 -9999 -9999 -9999 -9999 -9999 -9999 -9999 -9999 -9999 -9999 -9999 -9999 -9999 -9999 -9999 -9999 -9999 -9999
7 7 6 5 5 6 6 6 6 8 8 9 7 4 7 12 12 4 6 11 11 18 19 21 19 21 19 19 19 18 18 19 18 18 19 19 17 17 17 16 15 15 16 15 17 18 16 17 18 17 17 16 14 -9999 -9999 -9999 -9999 -9999 -9999 -9999 -9999 -9999 -9999 -9999 -9999 -9999 -9999 -9999 -9999 -9999 -9999 -9999 -9999 -9999 -9999 -9999 -9999 -9999 -9999 -9999 -9999 -9999 -9999 -9999 -9999 -9999 -9999 -9999 -9999 -9999 -9999 -9999 -9999 -9999 -9999 -9999
7 8 7 5 4 5 6 5 6 7 8 9 7 5 6 5 6 5 13 8 13 22 18 20 16 22 18 17 18 18 19 20 18 20 21 20 17 16 18 16 16 16 16 17 17 18 17 16 16 16 15 15 14 -9999 -9999 -9999 -9999 -9999 -9999 -9999 -9999 -9999 -9999 -9999 -9999 -9999 -9999 -9999 -9999 -9999 -9999 -9999 -9999 -9999 -9999 -9999 -9999 -9999 -9999 -9999 -9999 -9999 -9999 -9999 -9999 -9999 -9999 -9999 -9999 -9999 -9999 -9999 -9999 -9999 -9999 -9999
6 8 7 5 6 5 8 7 6 7 8 8 7 5 5 4 8 14 11 11 20 24 14 16 15 21 18 17 18 19 21 19 18 21 20 20 19 18 18 18 18 17 17 18 18 18 16 18 17 16 15 15 -9999 -9999 -9999 -9999 -9999 -9999 -9999 -9999 -9999 -9999 -9999 -9999 -9999 -9999 -9999 -9999 -9999 -9999 -9999 -9999 -9999 -9999 -9999 -9999 -9999 -9999 -9999 -9999 -9999 -9999 -9999 -9999 -9999 -9999 -9999 -9999 -9999 -9999 -9999 -9999 -9999 -9999 -9999 -9999
6 6 8 8 7 5 7 8 8 8 8 7 8 5 4 4 11 18 9 18 23 20 17 21 17 19 17 17 20 21 20 18 19 20 19 18 19 18 18 18 18 18 17 19 19 19 19 18 18 18 16 15 -9999 -9999 -9999 -9999 -9999 -9999 -9999 -9999 -9999 -9999 -9999 -9999 -9999 -9999 -9999 -9999 -9999 -9999 -9999 -9999 -9999 -9999 -9999 -9999 -9999 -9999 -9999 -9999 -9999 -9999 -9999 -9999 -9999 -9999 -9999 -9999 -9999 -9999 -9999 -9999 -9999 -9999 -9999 -9999
8 6 8 11 7 6 6 8 7 7 7 8 7 5 4 5 18 19 9 19 17 15 16 16 18 17 17 18 21 21 19 17 19 18 19 17 18 18 19 19 17 18 16 18 19 20 19 20 18 18 17 -9999 -9999 -9999 -9999 -9999 -9999 -9999 -9999 -9999 -9999 -9999 -9999 -9999 -9999 -9999 -9999 -9999 -9999 -9999 -9999 -9999 -9999 -9999 -9999 -9999 -9999 -9999 -9999 -9999 -9999 -9999 -9999 -9999 -9999 -9999 -9999 -9999 -9999 -9999 -9999 -9999 -9999 -9999 -9999 -9999
9 8 8 9 7 7 6 8 7 6 6 8 7 5 4 10 20 16 11 16 16 16 17 17 19 18 19 20 20 20 19 18 18 18 17 18 17 18 18 19 19 18 17 17 19 22 20 18 17 17 17 -9999 -9999 -9999 -9999 -9999 -9999 -9999 -9999 -9999 -9999 -9999 -9999 -9999 -9999 -9999 -9999 -9999 -9999 -9999 -9999 -9999 -9999 -9999 -9999 -9999 -9999 -9999 -9999 -9999 -9999 -9999 -9999 -9999 -9999 -9999 -9999 -9999 -9999 -9999 -9999 -9999 -9999 -9999 -9999 -9999
9 10 8 7 7 8 8 7 7 8 9 10 8 5 5 15 20 14 14 15 16 16 17 18 21 17 17 20 21 20 19 18 17 15 16 17 15 18 19 19 19 18 20 19 18 19 19 18 18 17 -9999 -9999 -9999 -9999 -9999 -9999 -9999 -9999 -9999 -9999 -9999 -9999 -9999 -9999 -9999 -9999 -9999 -9999 -9999 -9999 -9999 -9999 -9999 -9999 -9999 -9999 -9999 -9999 -9999 -9999 -9999 -9999 -9999 -9999 -9999 -9999 -9999 -9999 -9999 -9999 -9999 -9999 -9999 -9999 -9999 -9999
7 11 11 10 8 8 8 7 8 8 10 10 9 6 8 11 16 15 15 16 17 15 18 19 19 19 16 18 21 20 19 16 18 18 17 16 15 18 19 19 18 19 19 19 18 18 19 18 18 -9999 -9999 -9999 -9999 -9999 -9999 -9999 -9999 -9999 -9999 -9999 -9999 -9999 -9999 -9999 -9999 -9999 -9999 -9999 -9999 -9999 -9999 -9999 -9999 -9999 -9999 -9999 -9999 -9999 -9999 -9999 -9999 -9999 -9999 -9999 -9999 -9999 -9999 -9999 -9999 -9999 -9999 -9999 -9999 -9999 -9999 -9999
13 12 11 10 10 8 8 9 8 9 9 11 11 8 10 12 14 16 16 17 17 16 16 17 15 22 16 15 18 18 15 16 17 20 17 18 17 18 18 18 19 21 20 19 19 18 18 18 18 -9999 -9999 -9999 -9999 -9999 -9999 -9999 -9999 -9999 -9999 -9999 -9999 -9999 -9999 -9999 -9999 -9999 -9999 -9999 -9999 -9999 -9999 -9999 -9999 -9999 -9999 -9999 -9999 -9999 -9999 -9999 -9999 -9999 -9999 -9999 -9999 -9999 -9999 -9999 -9999 -9999 -9999 -9999 -9999 -9999 -9999 -9999
13 12 10 9 8 7 8 10 11 9 10 10 11 11 10 8 15 17 15 15 16 17 17 17 18 18 17 15 15 15 17 23 18 20 18 18 17 18 19 18 18 19 19 19 20 20 19 18 -9999 -9999 -9999 -9999 -9999 -9999 -9999 -9999 -9999 -9999 -9999 -9999 -9999 -9999 -9999 -9999 -9999 -9999 -9999 -9999 -9999 -9999 -9999 -9999 -9999 -9999 -9999 -9999 -9999 -9999 -9999 -9999 -9999 -9999 -9999 -9999 -9999 -9999 -9999 -9999 -9999 -9999 -9999 -9999 -9999 -9999 -9999 -9999
13 12 9 8 6 7 12 12 12 12 13 12 11 10 13 9 14 16 14 19 17 15 16 17 19 20 17 15 14 11 14 23 19 19 17 16 16 16 18 17 18 18 18 20 19 19 19 -9999 -9999 -9999 -9999 -9999 -9999 -9999 -9999 -9999 -9999 -9999 -9999 -9999 -9999 -9999 -9999 -9999 -9999 -9999 -9999 -9999 -9999 -9999 -9999 -9999 -9999 -9999 -9999 -9999 -9999 -9999 -9999 -9999 -9999 -9999 -9999 -9999 -9999 -9999 -9999 -9999 -9999 -9999 -9999 -9999 -9999 -9999 -9999 -9999
14 8 6 7 5 14 17 13 13 13 14 12 10 10 13 10 11 15 15 17 16 16 16 16 18 19 17 15 12 11 16 20 18 17 17 16 15 16 17 18 18 17 17 17 18 19 19 -9999 -9999 -9999 -9999 -9999 -9999 -9999 -9999 -9999 -9999 -9999 -9999 -9999 -9999 -9999 -9999 -9999 -9999 -9999 -9999 -9999 -9999 -9999 -9999 -9999 -9999 -9999 -9999 -9999 -9999 -9999 -9999 -9999 -9999 -9999 -9999 -9999 -9999 -9999 -9999 -9999 -9999 -9999 -9999 -9999 -9999 -9999 -9999 -9999
8 7 8 7 8 21 15 13 13 14 13 10 9 9 15 13 11 15 15 17 18 18 17 15 16 18 18 15 13 11 18 18 18 16 17 16 15 16 17 17 18 18 18 18 20 20 -9999 -9999 -9999 -9999 -9999 -9999 -9999 -9999 -9999 -9999 -9999 -9999 -9999 -9999 -9999 -9999 -9999 -9999 -9999 -9999 -9999 -9999 -9999 -9999 -9999 -9999 -9999 -9999 -9999 -9999 -9999 -9999 -9999 -9999 -9999 -9999 -9999 -9999 -9999 -9999 -9999 -9999 -9999 -9999 -9999 -9999 -9999 -9999 -9999 -9999
7 9 10 10 14 18 10 12 17 13 10 8 9 8 17 12 11 21 17 20 23 19 19 17 17 17 16 16 13 15 16 17 17 16 16 16 15 16 16 17 18 18 18 22 24 -9999 -9999 -9999 -9999 -9999 -9999 -9999 -9999 -9999 -9999 -9999 -9999 -9999 -9999 -9999 -9999 -9999 -9999 -9999 -9999 -9999 -9999 -9999 -9999 -9999 -9999 -9999 -9999 -9999 -9999 -9999 -9999 -9999 -9999 -9999 -9999 -9999 -9999 -9999 -9999 -9999 -9999 -9999 -9999 -9999 -9999 -9999 -9999 -9999 -9999 -9999
13 12 15 10 11 7 7 17 16 10 8 8 10 12 16 13 8 20 23 24 21 18 17 18 18 18 16 16 15 14 16 17 16 17 15 16 16 16 16 17 17 18 20 25 22 -9999 -9999 -9999 -9999 -9999 -9999 -9999 -9999 -9999 -9999 -9999 -9999 -9999 -9999 -9999 -9999 -9999 -9999 -9999 -9999 -9999 -9999 -9999 -9999 -9999 -9999 -9999 -9999 -9999 -9999 -9999 -9999 -9999 -9999 -9999 -9999 -9999 -9999 -9999 -9999 -9999 -9999 -9999 -9999 -9999 -9999 -9999 -9999 -9999 -9999 -9999
13 9 13 11 9 11 11 14 10 9 8 13 15 19 14 11 8 22 19 22 23 16 17 17 18 18 18 18 18 17 17 15 16 16 15 16 17 18 18 18 18 19 21 22 21 -9999 -9999 -9999 -9999 -9999 -9999 -9999 -9999 -9999 -9999 -9999 -9999 -9999 -9999 -9999 -9999 -9999 -9999 -9999 -9999 -9999 -9999 -9999 -9999 -9999 -9999 -9999 -9999 -9999 -9999 -9999 -9999 -9999 -9999 -9999 -9999 -9999 -9999 -9999 -9999 -9999 -9999 -9999 -9999 -9999 -9999 -9999 -9999 -9999 -9999 -9999
13 12 9 6 10 16 19 17 13 7 12 18 21 17 8 12 15 21 19 17 16 16 15 17 18 19 16 17 17 18 17 16 16 16 16 17 18 18 19 20 20 21 21 21 21 -9999 -9999 -9999 -9999 -9999 -9999 -9999 -9999 -9999 -9999 -9999 -9999 -9999 -9999 -9999 -9999 -9999 -9999 -9999 -9999 -9999 -9999 -9999 -9999 -9999 -9999 -9999 -9999 -9999 -9999 -9999 -9999 -9999 -9999 -9999 -9999 -9999 -9999 -9999 -9999 -9999 -9999 -9999 -9999 -9999 -9999 -9999 -9999 -9999 -9999 -9999
16 11 5 5 9 21 20 22 11 8 10 19 20 12 7 16 18 22 22 19 15 16 15 16 17 17 16 17 17 17 16 17 16 17 16 16 16 18 18 19 20 22 22 22 -9999 -9999 -9999 -9999 -9999 -9999 -9999 -9999 -9999 -9999 -9999 -9999 -9999 -9999 -9999 -9999 -9999 -9999 -9999 -9999 -9999 -9999 -9999 -9999 -9999 -9999 -9999 -9999 -9999 -9999 -9999 -9999 -9999 -9999 -9999 -9999 -9999 -9999 -9999 -9999 -9999 -9999 -9999 -9999 -9999 -9999 -9999 -9999 -9999 -9999 -9999 -9999
16 9 5 6 11 27 18 22 12 15 10 14 12 5 9 14 17 21 22 19 16 16 14 14 16 17 18 18 18 18 16 16 16 17 17 16 17 18 18 19 21 21 23 24 -9999 -9999 -9999 -9999 -9999 -9999 -9999 -9999 -9999 -9999 -9999 -9999 -9999 -9999 -9999 -9999 -9999 -9999 -9999 -9999 -9999 -9999 -9999 -9999 -9999 -9999 -9999 -9999 -9999 -9999 -9999 -9999 -9999 -9999 -9999 -9999 -9999 -9999 -9999 -9999 -9999 -9999 -9999 -9999 -9999 -9999 -9999 -9999 -9999 -9999 -9999 -9999
12 9 7 6 11 25 19 10 17 18 9 12 5 7 7 15 20 22 19 16 15 15 15 16 15 16 18 18 18 17 16 15 15 15 16 16 17 18 18 20 21 22 23 23 -9999 -9999 -9999 -9999 -9999 -9999 -9999 -9999 -9999 -9999 -9999 -9999 -9999 -9999 -9999 -9999 -9999 -9999 -9999 -9999 -9999 -9999 -9999 -9999 -9999 -9999 -9999 -9999 -9999 -9999 -9999 -9999 -9999 -9999 -9999 -9999 -9999 -9999 -9999 -9999 -9999 -9999 -9999 -9999 -9999 -9999 -9999 -9999 -9999 -9999 -9999 -9999
9 8 8 10 11 11 7 10 10 9 9 6 10 9 13 19 19 20 19 21 16 15 16 15 15 15 17 19 17 16 15 14 15 15 14 17 17 20 21 21 21 25 24 -9999 -9999 -9999 -9999 -9999 -9999 -9999 -9999 -9999 -9999 -9999 -9999 -9999 -9999 -9999 -9999 -9999 -9999 -9999 -9999 -9999 -9999 -9999 -9999 -9999 -9999 -9999 -9999 -9999 -9999 -9999 -9999 -9999 -9999 -9999 -9999 -9999 -9999 -9999 -9999 -9999 -9999 -9999 -9999 -9999 -9999 -9999 -9999 -9999 -9999 -9999 -9999 -9999
9 9 9 10 7 6 6 8 16 11 7 8 8 5 11 18 18 15 14 16 15 15 16 16 16 16 16 19 19 18 18 17 16 14 17 19 19 24 25 27 27 27 26 -9999 -9999 -9999 -9999 -9999 -9999 -9999 -9999 -9999 -9999 -9999 -9999 -9999 -9999 -9999 -9999 -9999 -9999 -9999 -9999 -9999 -9999 -9999 -9999 -9999 -9999 -9999 -9999 -9999 -9999 -9999 -9999 -9999 -9999 -9999 -9999 -9999 -9999 -9999 -9999 -9999 -9999 -9999 -9999 -9999 -9999 -9999 -9999 -9999 -9999 -9999 -9999 -9999
8 11 9 6 7 11 9 13 12 10 10 8 7 5 8 9 13 10 12 13 14 14 14 15 16 17 16 18 17 18 17 17 14 18 21 24 24 26 27 27 28 26 26 -9999 -9999 -9999 -9999 -9999 -9999 -9999 -9999 -9999 -9999 -9999 -9999 -9999 -9999 -9999 -9999 -9999 -9999 -9999 -9999 -9999 -9999 -9999 -9999 -9999 -9999 -9999 -9999 -9999 -9999 -9999 -9999 -9999 -9999 -9999 -9999 -9999 -9999 -9999 -9999 -9999 -9999 -9999 -9999 -9999 -9999 -9999 -9999 -9999 -9999 -9999 -9999 -9999
8 16 6 5 13 12 13 14 13 12 10 10 9 8 8 9 10 11 12 13 14 14 15 15 15 16 17 18 17 18 18 17 15 21 23 23 25 26 27 27 28 27 28 -9999 -9999 -9999 -9999 -9999 -9999 -9999 -9999 -9999 -9999 -9999 -9999 -9999 -9999 -9999 -9999 -9999 -9999 -9999 -9999 -9999 -9999 -9999 -9999 -9999 -9999 -9999 -9999 -9999 -9999 -9999 -9999 -9999 -9999 -9999 -9999 -9999 -9999 -9999 -9999 -9999 -9999 -9999 -9999 -9999 -9999 -9999 -9999 -9999 -9999 -9999 -9999 -9999
9 7 6 4 6 9 13 15 10 11 11 8 10 14 11 11 10 11 11 12 13 13 15 16 18 18 19 19 19 18 20 16 20 22 23 23 24 26 26 27 27 27 29 -9999 -9999 -9999 -9999 -9999 -9999 -9999 -9999 -9999 -9999 -9999 -9999 -9999 -9999 -9999 -9999 -9999 -9999 -9999 -9999 -9999 -9999 -9999 -9999 -9999 -9999 -9999 -9999 -9999 -9999 -9999 -9999 -9999 -9999 -9999 -9999 -9999 -9999 -9999 -9999 -9999 -9999 -9999 -9999 -9999 -9999 -9999 -9999 -9999 -9999 -9999 -9999 -9999
7 5 7 6 5 13 9 10 10 12 12 8 10 14 12 11 10 11 11 11 12 14 15 15 17 19 21 21 19 19 18 18 22 22 24 20 24 25 26 26 27 30 30 -9999 -9999 -9999 -9999 -9999 -9999 -9999 -9999 -9999 -9999 -9999 -9999 -9999 -9999 -9999 -9999 -9999 -9999 -9999 -9999 -9999 -9999 -9999 -9999 -9999 -9999 -9999 -9999 -9999 -9999 -9999 -9999 -9999 -9999 -9999 -9999 -9999 -9999 -9999 -9999 -9999 -9999 -9999 -9999 -9999 -9999 -9999 -9999 -9999 -9999 -9999 -9999 -9999
7 5 5 11 4 3 3 4 10 10 9 7 8 11 10 10 12 11 11 11 13 12 14 16 18 19 20 20 20 18 17 18 19 20 22 23 25 25 27 28 30 30 31 31 -9999 -9999 -9999 -9999 -9999 -9999 -9999 -9999 -9999 -9999 -9999 -9999 -9999 -9999 -9999 -9999 -9999 -9999 -9999 -9999 -9999 -9999 -9999 -9999 -9999 -9999 -9999 -9999 -9999 -9999 -9999 -9999 -9999 -9999 -9999 -9999 -9999 -9999 -9999 -9999 -9999 -9999 -9999 -9999 -9999 -9999 -9999 -9999 -9999 -9999 -9999 -9999
6 5 6 6 3 2 1 5 13 11 9 7 5 7 10 12 15 11 10 12 13 13 13 16 18 19 20 21 19 19 17 18 20 21 22 24 25 27 28 28 30 31 31 31 -9999 -9999 -9999 -9999 -9999 -9999 -9999 -9999 -9999 -9999 -9999 -9999 -9999 -9999 -9999 -9999 -9999 -9999 -9999 -9999 -9999 -9999 -9999 -9999 -9999 -9999 -9999 -9999 -9999 -9999 -9999 -9999 -9999 -9999 -9999 -9999 -9999 -9999 -9999 -9999 -9999 -9999 -9999 -9999 -9999 -9999 -9999 -9999 -9999 -9999 -9999 -9999
5 5 5 3 2 1 0 10 17 14 12 7 5 10 15 12 11 10 10 11 12 13 14 15 18 20 21 21 19 19 19 19 22 22 23 25 26 27 29 29 31 31 32 33 -9999 -9999 -9999 -9999 -9999 -9999 -9999 -9999 -9999 -9999 -9999 -9999 -9999 -9999 -9999 -9999 -9999 -9999 -9999 -9999 -9999 -9999 -9999 -9999 -9999 -9999 -9999 -9999 -9999 -9999 -9999 -9999 -9999 -9999 -9999 -9999 -9999 -9999 -9999 -9999 -9999 -9999 -9999 -9999 -9999 -9999 -9999 -9999 -9999 -9999 -9999 -9999
4 5 3 2 2 2 1 5 12 16 14 2 5 11 17 13 10 10 12 12 12 14 15 18 18 19 21 20 19 16 20 23 25 27 28 26 26 28 30 30 31 32 34 34 34 -9999 -9999 -9999 -9999 -9999 -9999 -9999 -9999 -9999 -9999 -9999 -9999 -9999 -9999 -9999 -9999 -9999 -9999 -9999 -9999 -9999 -9999 -9999 -9999 -9999 -9999 -9999 -9999 -9999 -9999 -9999 -9999 -9999 -9999 -9999 -9999 -9999 -9999 -9999 -9999 -9999 -9999 -9999 -9999 -9999 -9999 -9999 -9999 -9999 -9999 -9999
4 4 2 3 3 2 0 0 10 16 14 3 1 7 16 12 14 17 14 14 14 14 18 17 19 22 22 19 16 18 22 25 24 26 27 27 29 28 29 31 32 32 33 34 34 -9999 -9999 -9999 -9999 -9999 -9999 -9999 -9999 -9999 -9999 -9999 -9999 -9999 -9999 -9999 -9999 -9999 -9999 -9999 -9999 -9999 -9999 -9999 -9999 -9999 -9999 -9999 -9999 -9999 -9999 -9999 -9999 -9999 -9999 -9999 -9999 -9999 -9999 -9999 -9999 -9999 -9999 -9999 -9999 -9999 -9999 -9999 -9999 -9999 -9999 -9999
4 2 2 4 2 1 0 4 14 15 11 3 2 4 9 15 18 14 11 15 13 16 16 17 21 22 20 20 20 23 26 26 26 26 27 28 27 29 29 30 32 33 34 35 35 -9999 -9999 -9999 -9999 -9999 -9999 -9999 -9999 -9999 -9999 -9999 -9999 -9999 -9999 -9999 -9999 -9999 -9999 -9999 -9999 -9999 -9999 -9999 -9999 -9999 -9999 -9999 -9999 -9999 -9999 -9999 -9999 -9999 -9999 -9999 -9999 -9999 -9999 -9999 -9999 -9999 -9999 -9999 -9999 -9999 -9999 -9999 -9999 -9999 -9999 -9999
3 2 2 3 3 0 0 6 15 16 9 3 3 4 3 4 14 12 12 13 15 14 17 16 21 22 23 22 22 25 25 24 25 27 27 27 27 28 30 31 32 32 33 35 35 -9999 -9999 -9999 -9999 -9999 -9999 -9999 -9999 -9999 -9999 -9999 -9999 -9999 -9999 -9999 -9999 -9999 -9999 -9999 -9999 -9999 -9999 -9999 -9999 -9999 -9999 -9999 -9999 -9999 -9999 -9999 -9999 -9999 -9999 -9999 -9999 -9999 -9999 -9999 -9999 -9999 -9999 -9999 -9999 -9999 -9999 -9999 -9999 -9999 -9999 -9999
2 2 1 4 4 1 0 2 6 8 6 5 3 4 3 4 10 11 12 18 16 14 14 15 18 20 23 23 24 28 28 29 28 28 27 27 28 29 31 31 33 33 33 35 35 -9999 -9999 -9999 -9999 -9999 -9999 -9999 -9999 -9999 -9999 -9999 -9999 -9999 -9999 -9999 -9999 -9999 -9999 -9999 -9999 -9999 -9999 -9999 -9999 -9999 -9999 -9999 -9999 -9999 -9999 -9999 -9999 -9999 -9999 -9999 -9999 -9999 -9999 -9999 -9999 -9999 -9999 -9999 -9999 -9999 -9999 -9999 -9999 -9999 -9999 -9999
2 2 1 4 4 1 0 2 4 5 6 6 5 5 4 7 6 5 5 14 17 16 16 16 17 17 20 22 23 26 26 26 27 26 26 27 28 29 30 31 31 32 34 35 35 -9999 -9999 -9999 -9999 -9999 -9999 -9999 -9999 -9999 -9999 -9999 -9999 -9999 -9999 -9999 -9999 -9999 -9999 -9999 -9999 -9999 -9999 -9999 -9999 -9999 -9999 -9999 -9999 -9999 -9999 -9999 -9999 -9999 -9999 -9999 -9999 -9999 -9999 -9999 -9999 -9999 -9999 -9999 -9999 -9999 -9999 -9999 -9999 -9999 -9999 -9999
2 2 1 1 2 0 1 4 6 5 6 5 5 4 5 8 8 5 8 12 13 16 18 20 21 19 19 21 24 25 25 26 26 25 25 26 26 28 29 32 32 33 34 33 35 -9999 -9999 -9999 -9999 -9999 -9999 -9999 -9999 -9999 -9999 -9999 -9999 -9999 -9999 -9999 -9999 -9999 -9999 -9999 -9999 -9999 -9999 -9999 -9999 -9999 -9999 -9999 -9999 -9999 -9999 -9999 -9999 -9999 -9999 -9999 -9999 -9999 -9999 -9999 -9999 -9999 -9999 -9999 -9999 -9999 -9999 -9999 -9999 -9999 -9999 -9999
3 2 1 0 2 0 0 4 7 3 5 4 5 4 8 10 9 7 10 12 11 12 19 18 21 24 23 22 22 27 29 25 25 25 26 27 29 29 30 30 32 33 33 34 33 -9999 -9999 -9999 -9999 -9999 -9999 -9999 -9999 -9999 -9999 -9999 -9999 -9999 -9999 -9999 -9999 -9999 -9999 -9999 -9999 -9999 -9999 -9999 -9999 -9999 -9999 -9999 -9999 -9999 -9999 -9999 -9999 -9999 -9999 -9999 -9999 -9999 -9999 -9999 -9999 -9999 -9999 -9999 -9999 -9999 -9999 -9999 -9999 -9999 -9999 -9999
