Artocarpus hirsutus SDM files/MIS19/Environmental layers/bio15.asc
ncols  625
nrows  721
xllcorner  69.99986311115
yllcorner  5.99986187915
cellsize 0.041666667
NODATA_value  -9999
[rows 320 to 359 of 721, columns 90 to 179 of 625]
148 147 146 147 146 147 147 146 147 145 142 140 141 141 141 138 137 138 139 138 137 138 138 139 139 139 137 136 136 137 137 138 137 136 136 136 136 136 135 135 134 134 135 136 136 135 134 134 135 134 134 134 134 133 133 133 135 136 135 134 132 133 134 134 135 136 134 134 134 136 136 138 137 138 138 138 137 138 138 138 137 137 138 138 138 138 138 138 138 138
148 148 147 146 145 145 146 146 146 146 143 141 142 140 141 139 137 138 140 139 137 138 138 138 139 139 137 136 136 137 137 137 137 136 136 136 136 135 135 135 135 134 135 135 136 136 133 134 135 134 134 134 134 133 133 133 135 135 137 137 135 134 134 133 134 134 135 136 134 135 137 138 137 136 136 137 137 137 138 137 137 137 137 138 138 138 138 138 138 138
149 148 147 146 145 144 144 144 145 144 144 142 142 141 142 141 139 139 140 139 138 137 138 138 138 139 138 137 137 137 137 137 137 136 137 137 136 136 135 135 134 134 135 135 136 136 135 133 135 136 134 134 133 133 134 133 134 134 136 139 138 137 134 133 134 135 135 136 135 136 136 137 137 137 136 137 137 137 137 137 137 137 137 137 137 138 137 137 137 137
149 149 148 147 144 146 146 145 144 142 142 142 141 140 141 142 140 139 139 139 139 139 139 140 140 141 141 140 140 139 139 138 138 137 138 138 137 138 137 136 135 134 134 135 135 136 135 134 134 135 134 133 133 133 134 133 134 134 135 137 139 139 137 137 136 136 136 135 135 135 135 136 137 137 136 137 137 137 137 137 136 137 137 137 137 137 137 137 137 136
148 148 148 147 147 147 148 147 147 146 145 143 141 142 141 142 142 141 140 139 139 140 139 140 140 139 140 140 140 139 139 139 139 139 139 139 139 138 137 136 135 134 135 135 135 136 135 133 133 134 134 134 133 133 133 134 135 135 134 136 137 137 137 136 136 136 136 136 135 134 134 135 136 136 136 136 137 137 137 137 137 137 136 136 136 136 136 136 136 135
147 148 148 149 149 148 148 147 147 146 146 144 144 144 142 140 141 141 141 141 140 140 139 139 139 139 138 140 139 140 139 139 138 138 139 139 138 138 138 136 135 134 135 137 136 136 135 132 132 133 133 135 135 133 132 132 134 134 134 136 136 136 137 135 136 135 136 136 135 134 134 134 135 136 136 136 136 135 135 136 136 137 136 136 135 136 136 136 136 135
150 150 149 148 147 147 147 147 146 146 146 145 144 143 142 140 140 141 141 141 140 139 137 137 139 139 139 139 139 139 138 139 138 138 138 138 137 137 136 134 132 134 136 138 137 137 134 132 132 132 131 132 133 135 135 134 133 134 134 135 135 136 135 135 135 136 136 136 135 135 133 133 134 135 136 136 136 135 135 135 136 136 136 136 135 136 136 136 136 135
149 149 149 148 147 147 147 146 146 144 144 144 144 143 142 141 140 140 140 140 140 139 138 137 138 138 139 138 139 138 138 137 138 138 137 138 139 137 136 134 134 135 137 138 137 137 135 132 133 132 132 131 133 135 134 134 134 134 134 134 135 135 134 134 135 136 136 135 133 134 135 134 134 135 135 136 137 137 136 136 136 136 136 136 135 135 136 136 135 136
149 149 148 148 147 147 147 146 146 144 143 142 142 142 141 141 141 140 140 140 140 138 138 137 137 138 138 137 138 138 138 137 138 138 138 138 139 139 138 136 133 135 136 138 138 137 136 137 135 136 136 135 134 136 136 135 135 133 133 134 134 135 135 134 134 136 136 135 134 134 135 134 135 136 136 136 135 136 136 136 136 136 137 137 136 135 135 136 136 138
149 148 148 147 147 146 146 146 145 143 143 142 141 140 139 140 140 140 140 140 140 138 138 137 138 138 138 138 138 138 137 136 137 137 137 137 138 138 138 137 135 136 137 138 138 138 137 137 137 136 136 135 135 135 135 136 135 133 133 134 135 134 134 134 134 135 135 134 132 134 134 134 135 136 136 136 135 136 135 135 135 136 136 136 136 136 136 137 135 136
148 148 148 147 147 146 145 146 146 146 144 143 141 141 139 138 139 139 140 140 139 138 138 138 137 138 138 138 138 137 136 136 137 136 137 137 137 137 137 137 137 137 136 136 137 136 136 136 136 135 135 135 134 135 135 136 135 134 133 134 134 133 134 134 133 133 135 135 132 134 134 135 136 136 134 135 136 136 135 135 135 135 136 136 136 136 136 137 136 134
148 148 148 148 147 147 146 146 146 146 145 143 142 142 141 139 139 139 140 139 138 135 135 136 137 138 138 138 137 137 137 136 136 136 136 137 137 136 136 136 136 136 136 136 136 135 135 135 135 135 135 135 134 135 135 135 135 134 134 134 135 135 134 134 132 132 133 134 132 133 133 134 134 135 135 134 135 136 136 136 135 135 136 136 136 136 135 135 135 134
148 148 147 147 146 146 146 146 145 144 144 143 140 141 140 140 139 139 140 139 137 135 135 136 137 137 138 137 137 137 137 136 135 136 136 136 136 136 136 136 136 136 136 136 136 135 135 135 135 135 135 135 134 134 134 134 134 133 132 133 134 134 135 134 133 132 133 132 132 134 135 135 134 135 135 135 134 135 136 136 136 136 136 137 136 135 132 135 135 134
148 148 147 147 146 146 145 145 145 144 142 142 140 138 139 140 140 141 141 140 139 137 134 135 136 137 137 137 137 137 137 137 137 136 136 136 136 136 136 135 135 135 135 134 134 134 134 134 134 134 133 133 133 133 133 134 134 134 132 132 133 133 133 134 134 132 131 131 131 132 134 134 135 135 135 136 135 135 136 135 135 135 137 138 135 134 130 132 136 134
148 148 148 147 146 144 144 144 144 144 144 143 140 137 138 139 140 139 139 139 138 138 136 136 137 138 137 137 137 137 137 137 136 136 136 135 135 135 135 134 134 134 134 134 133 133 133 133 133 133 132 132 131 133 132 132 132 133 133 131 132 133 132 133 133 132 130 130 130 131 133 133 134 135 135 136 136 135 136 135 136 136 136 137 138 136 130 132 134 135
149 148 148 147 146 144 142 142 142 142 142 140 138 136 136 137 138 139 139 140 137 136 137 137 136 136 136 135 135 135 135 135 135 135 134 135 135 134 134 134 134 133 133 134 133 132 133 134 134 134 134 132 131 132 132 131 131 131 132 131 132 133 133 132 132 131 130 130 130 131 133 134 133 133 135 135 136 135 136 136 136 134 136 135 136 135 130 133 133 133
149 148 148 148 147 146 144 141 142 143 143 141 140 140 139 140 138 137 134 136 136 135 134 133 134 135 133 133 133 134 133 134 134 134 134 135 134 134 134 133 135 134 133 134 132 132 133 133 134 135 134 133 132 132 131 130 131 131 132 130 131 133 133 132 131 130 130 130 130 131 133 134 134 134 134 135 136 136 136 137 136 135 135 134 135 132 129 132 134 133
149 148 147 146 145 144 144 146 146 147 145 143 142 143 141 139 136 138 135 134 135 133 133 135 136 137 135 133 132 133 133 133 134 133 134 134 135 135 133 134 135 134 133 133 132 132 132 133 133 133 133 133 133 133 131 130 131 131 131 130 130 131 132 132 130 130 129 129 130 132 132 133 134 135 135 135 135 135 134 137 136 136 136 135 133 132 130 130 134 134
149 149 147 146 145 145 146 146 142 140 142 143 141 141 141 138 135 136 137 134 132 132 133 136 136 136 137 138 136 133 132 133 132 133 133 133 134 135 133 134 134 134 134 132 132 132 132 133 134 134 134 134 133 133 131 130 131 130 130 131 130 130 130 130 130 130 129 130 130 132 133 133 134 134 135 136 136 136 134 134 136 137 135 133 134 133 130 132 132 133
148 148 148 148 148 146 144 142 139 141 141 139 139 140 141 139 138 135 135 134 133 133 133 134 134 135 134 134 135 135 133 132 132 132 133 133 133 133 133 133 134 134 133 133 132 132 132 133 133 133 133 133 134 133 132 130 131 130 130 130 130 130 129 129 129 130 130 131 131 131 133 133 135 135 135 136 137 137 137 136 135 131 131 133 134 131 131 132 132 131
148 148 147 146 144 142 142 143 141 143 143 141 140 139 140 140 140 138 137 135 134 133 134 132 133 134 132 132 134 136 136 133 132 132 132 133 133 133 132 133 132 133 132 132 132 132 132 132 132 133 133 133 132 132 132 132 131 130 129 128 129 130 129 129 129 129 131 131 132 131 133 133 134 135 136 136 136 136 135 133 131 129 131 135 131 130 132 132 133 130
145 146 146 144 145 144 142 141 141 140 139 139 139 138 137 137 137 138 141 139 136 134 133 131 132 133 131 132 132 135 135 134 132 131 132 133 133 133 132 131 131 131 131 132 132 132 132 131 132 131 132 132 133 132 132 132 132 130 129 128 129 129 129 129 129 129 131 130 132 131 133 133 133 136 136 137 137 134 133 134 132 132 131 134 128 131 131 131 130 129
145 145 148 148 148 146 141 140 138 138 139 140 139 136 137 137 139 140 142 140 141 139 137 138 139 135 133 132 132 132 134 135 133 132 133 133 133 132 131 130 130 130 130 131 132 132 131 131 130 130 131 132 132 132 132 132 132 130 128 128 128 128 128 128 128 129 131 130 131 132 132 132 133 135 136 138 136 131 129 132 133 134 132 133 131 132 131 128 129 127
149 147 146 146 145 145 140 139 139 139 138 138 140 140 141 141 141 142 141 141 140 140 140 140 140 137 136 133 133 133 133 133 133 132 132 133 131 130 129 129 129 129 130 130 131 132 131 130 129 129 130 130 131 131 131 131 130 129 128 128 128 128 127 127 128 129 131 131 131 132 133 133 133 134 136 135 132 131 131 131 133 132 132 132 132 131 131 130 129 128
148 148 146 145 146 146 144 142 142 142 142 144 145 145 144 143 142 141 140 140 139 139 139 139 139 138 136 134 133 133 132 132 131 132 133 134 135 133 130 130 127 127 128 129 130 132 132 131 130 130 130 128 129 129 131 130 128 127 127 127 127 127 127 127 128 128 129 131 131 132 133 134 134 132 134 135 130 131 132 133 133 130 132 129 130 130 127 130 129 126
149 148 148 146 148 147 147 148 146 145 145 146 144 143 142 142 141 141 140 139 139 139 138 137 138 138 138 135 132 132 130 130 130 132 133 134 135 135 134 132 129 129 129 129 130 131 130 130 131 129 128 127 127 128 130 131 128 126 126 126 126 127 127 127 127 128 128 129 131 132 133 133 132 133 133 135 132 134 136 134 131 129 129 132 131 130 127 127 130 127
149 149 149 150 148 147 147 146 146 145 144 143 143 142 142 141 141 140 139 139 138 137 137 136 136 137 138 135 133 132 131 130 130 132 133 134 134 134 133 131 130 129 129 129 130 131 132 130 131 129 127 126 127 128 129 129 127 126 125 124 126 127 127 127 126 127 128 128 130 131 132 130 130 132 133 134 135 135 135 134 134 134 131 130 132 132 130 128 126 129
150 149 149 148 147 146 145 145 144 144 143 143 142 141 141 141 141 140 140 138 138 138 137 137 136 136 137 138 138 138 138 138 137 137 135 133 134 133 130 128 128 128 128 128 127 127 130 130 130 127 125 126 127 127 127 127 124 124 125 125 126 127 127 127 128 127 129 128 129 130 129 128 129 132 133 133 133 134 134 133 134 135 134 131 130 131 130 126 124 125
148 148 148 147 146 145 145 144 144 142 142 141 141 141 140 140 140 140 140 139 139 139 138 137 137 137 137 137 137 137 138 137 137 136 135 136 136 135 133 131 130 129 131 129 125 126 129 131 131 128 124 124 125 125 125 125 124 124 125 124 124 125 127 128 129 130 130 129 130 130 129 128 130 131 132 133 134 132 132 133 130 133 133 134 133 133 131 129 129 124
146 147 147 146 146 144 144 143 142 141 141 140 140 139 140 140 140 140 140 140 140 140 139 138 138 138 139 137 136 137 137 136 135 134 135 136 136 135 135 135 135 135 134 132 129 128 128 131 130 129 126 126 125 125 125 124 124 124 125 123 123 123 125 127 128 130 129 130 131 129 129 130 131 132 131 131 133 133 132 130 129 128 129 131 131 129 130 130 129 124
146 146 146 145 144 143 142 141 141 140 140 140 139 139 139 140 139 139 139 139 139 139 140 139 139 139 139 136 137 137 136 134 134 134 135 136 136 135 136 135 135 135 135 133 134 132 130 131 128 125 127 129 130 130 127 128 126 123 126 125 124 125 125 127 127 128 128 129 129 129 129 130 131 131 129 127 129 130 132 132 131 130 126 131 130 127 127 123 121 124
147 147 147 145 143 142 141 140 141 141 140 139 139 138 138 138 138 138 138 138 138 138 138 138 138 138 138 137 137 136 136 133 133 134 134 132 132 132 133 133 134 134 134 134 134 133 131 129 125 124 125 127 129 129 129 129 129 124 126 125 125 126 128 128 128 126 126 124 126 128 129 129 130 132 131 126 127 128 129 127 128 131 129 129 127 126 124 118 119 123
148 147 146 145 144 144 143 142 141 140 139 139 139 138 137 137 138 138 138 138 137 137 137 136 137 137 137 137 137 135 133 130 131 134 133 131 132 132 132 134 135 134 131 131 131 130 129 126 124 124 125 127 127 128 128 128 128 125 124 125 126 128 129 129 128 127 124 124 125 128 128 129 129 129 131 128 128 125 129 129 125 127 127 126 122 120 121 120 119 121
148 147 147 146 146 145 144 142 141 140 139 139 138 137 137 137 138 137 138 137 136 136 136 136 135 136 136 136 137 137 136 133 132 135 136 135 135 135 135 135 134 133 131 131 132 129 131 128 126 127 124 126 126 125 127 127 127 126 125 126 126 127 128 128 129 129 128 128 126 125 127 127 130 129 128 127 126 126 127 127 125 125 122 117 117 120 117 116 118 120
148 147 147 146 145 144 143 142 141 139 138 138 136 136 137 138 138 138 137 136 135 136 135 135 134 135 135 135 135 135 136 135 134 135 135 134 134 134 134 134 135 135 135 135 135 134 133 133 130 130 128 124 125 125 126 126 126 126 126 126 127 127 127 127 127 126 128 128 128 127 124 123 126 129 128 128 126 130 129 125 124 124 124 120 117 118 118 118 119 119
148 147 145 145 144 144 143 142 141 138 135 134 135 136 136 137 137 136 136 135 135 135 135 135 134 134 133 133 134 134 134 134 134 134 133 133 133 133 133 133 133 133 133 133 133 132 131 130 131 130 129 128 127 126 126 126 125 126 126 126 126 127 127 127 128 128 127 128 128 128 123 120 121 126 127 129 127 125 124 121 123 122 123 121 120 120 119 120 120 120
147 146 146 144 143 143 143 142 139 136 137 137 137 136 136 136 137 136 136 136 135 135 135 135 133 133 133 133 133 133 134 133 133 132 133 133 132 132 131 132 132 132 132 132 132 131 130 130 129 128 128 128 127 126 125 126 126 127 127 127 126 126 126 127 126 126 126 126 125 123 122 120 122 125 124 125 125 124 124 123 122 123 122 121 121 121 120 119 119 119
145 144 144 143 143 142 141 139 138 137 136 137 137 136 136 136 136 135 136 135 136 136 136 133 132 132 132 133 132 132 132 132 132 132 131 132 131 131 131 130 130 130 130 130 130 130 130 130 129 129 128 128 127 126 126 126 127 126 126 126 125 125 126 126 125 124 123 122 122 122 122 122 123 123 124 124 124 124 124 124 122 122 122 121 121 121 120 119 119 118
145 143 144 142 143 142 139 137 139 138 136 135 135 135 135 136 136 136 136 136 135 135 134 133 132 132 133 133 132 131 131 131 131 131 131 131 130 130 130 130 130 130 129 128 128 128 128 128 128 128 128 127 126 126 126 127 127 127 126 125 126 124 124 123 122 123 122 123 123 123 123 122 123 123 122 123 123 123 124 123 122 121 121 121 120 120 119 119 119 118
147 143 144 143 143 141 138 136 137 137 139 136 135 135 134 134 134 136 136 133 134 133 133 133 133 133 133 133 131 131 131 131 131 131 130 130 130 129 129 130 129 128 129 128 128 127 126 127 127 127 126 126 126 125 124 126 127 128 128 128 128 127 127 123 123 123 123 123 124 123 123 123 123 123 122 121 122 123 122 122 122 121 121 121 120 120 119 119 119 118
