Artocarpus hirsutus SDM files/MIS19/Environmental layers/bio18.asc
ncols  625
nrows  721
xllcorner  69.99986311115
yllcorner  5.99986187915
cellsize 0.041666667
NODATA_value  -9999
[rows 0 to 38 of 721, columns 445 to 533 of 625]
193 197 202 200 195 198 205 211 214 246 263 280 244 199 218 251 231 229 208 240 278 327 339 342 331 301 251 208 208 228 237 244 235 232 232 237 232 230 242 271 294 267 247 225 197 191 208 259 270 284 304 296 237 228 256 306 307 312 300 289 279 224 188 193 189 206 228 213 218 202 206 221 203 213 255 240 261 258 255 252 251 257 251 242 244 228 207 172 153
237 250 249 253 245 235 227 243 310 237 221 236 241 232 254 239 206 226 205 215 233 237 260 329 358 352 348 322 264 233 233 240 244 273 281 280 272 266 254 256 295 299 297 296 269 234 202 202 205 216 229 232 210 212 207 210 222 220 217 203 212 211 192 175 164 173 169 169 188 182 166 159 158 167 186 201 214 209 201 215 208 222 244 246 249 244 237 198 157
295 321 319 309 294 280 277 250 236 245 250 277 252 315 312 295 250 254 253 227 212 204 217 230 272 304 326 338 339 329 299 295 282 286 321 333 343 334 312 294 291 300 324 332 330 308 281 207 184 181 181 179 180 192 205 192 178 203 208 209 208 205 210 196 210 253 230 256 281 268 284 260 225 183 164 147 146 152 154 159 159 163 170 176 204 232 246 238 159
327 337 349 337 329 324 310 333 345 321 310 325 314 281 321 347 349 331 317 338 342 290 239 252 236 238 264 301 313 321 282 268 308 280 256 277 274 320 333 324 311 307 315 336 330 334 324 277 239 237 231 224 270 305 330 315 248 251 276 288 311 295 279 287 217 232 257 278 292 293 304 291 293 284 284 244 255 232 221 213 187 174 166 142 138 140 153 172 150
365 353 360 367 373 376 357 317 320 318 336 294 299 288 288 286 272 310 306 331 311 246 230 264 267 268 269 256 254 300 305 259 236 257 275 254 241 268 261 272 279 283 243 245 269 289 303 318 328 348 345 329 327 297 305 303 242 232 248 275 286 306 309 269 241 184 210 246 230 244 237 232 226 220 258 286 271 267 278 271 287 288 284 255 245 233 208 206 191
388 378 372 371 383 404 395 380 374 367 325 299 259 276 283 303 269 224 223 221 206 202 202 208 204 201 205 212 242 291 281 271 240 233 224 216 218 245 259 237 229 225 197 186 216 246 240 243 246 270 316 294 297 328 323 301 275 266 265 271 262 263 266 295 282 221 196 213 218 254 259 261 237 208 223 223 213 205 211 212 232 256 264 277 253 269 269 265 257
404 409 388 370 366 355 354 350 355 377 348 284 316 355 353 355 347 244 213 211 223 257 296 336 353 365 362 336 284 307 305 290 254 242 217 201 195 192 195 199 202 206 204 207 218 238 241 239 231 227 236 240 236 261 279 281 263 273 276 256 253 243 236 235 271 290 250 212 212 250 283 295 277 216 265 216 224 200 202 196 198 206 222 215 218 208 235 262 252
403 359 394 386 301 287 301 293 294 328 344 308 343 376 374 353 350 358 353 333 283 320 330 327 338 359 372 363 338 322 311 322 332 356 334 295 243 235 223 220 222 219 213 263 250 224 232 274 283 268 234 233 233 238 233 233 234 257 310 287 270 253 240 223 207 214 234 212 194 215 222 241 259 226 221 219 216 201 201 194 196 199 212 224 212 225 219 226 254
335 300 288 284 290 301 314 318 325 336 369 334 327 298 306 327 338 343 394 380 335 359 336 353 339 296 341 374 380 382 361 346 321 338 365 353 363 357 342 325 273 278 329 312 331 290 230 262 276 273 268 233 235 235 227 220 219 225 246 288 287 279 253 243 253 253 240 211 194 202 216 243 277 284 260 228 232 224 224 206 192 210 228 222 199 185 199 202 249
276 286 288 296 389 321 284 294 320 314 333 272 255 265 339 351 307 288 348 325 307 290 282 286 284 311 327 350 400 404 374 357 302 319 315 295 320 328 298 297 300 272 291 279 286 308 250 276 279 286 229 237 224 233 241 217 209 194 210 235 221 238 246 225 221 273 299 282 238 271 303 292 261 244 226 227 268 273 283 259 234 247 277 264 252 239 216 191 226
265 261 280 267 285 294 266 256 257 266 259 241 241 252 342 374 313 281 272 254 284 335 348 364 353 351 329 300 383 404 341 319 287 313 305 274 273 289 286 262 244 235 244 225 219 254 274 218 223 237 238 244 267 290 275 260 260 239 230 223 229 233 238 235 223 209 241 272 243 230 269 315 308 287 251 202 202 222 210 193 180 181 214 259 275 277 279 274 207
275 266 258 261 280 250 238 227 230 249 252 235 236 294 302 312 284 273 265 252 290 302 342 346 403 421 351 298 300 330 317 297 287 289 300 277 274 287 251 278 285 311 299 318 338 337 321 309 334 299 298 269 292 275 301 333 330 323 302 264 239 246 246 245 235 235 238 224 225 227 244 303 319 309 290 265 264 215 207 207 204 197 186 190 206 222 229 249 239
292 276 250 244 237 248 310 347 364 390 394 369 322 237 237 229 239 305 326 355 361 321 282 286 322 344 282 295 346 350 336 318 338 319 309 300 277 273 299 289 265 272 283 282 309 352 324 254 330 359 364 360 326 296 273 287 330 333 336 330 313 292 279 256 236 243 255 278 259 251 231 258 295 294 298 290 274 255 220 216 215 209 202 206 200 219 245 248 236
222 221 228 230 273 345 366 340 372 387 358 300 282 257 254 310 320 300 331 320 283 273 269 269 289 320 272 270 313 367 347 291 334 356 346 297 344 310 285 274 283 283 261 261 275 298 281 227 243 253 268 317 322 263 299 343 353 322 328 339 333 318 303 281 252 273 295 293 270 228 248 235 254 285 267 277 301 300 281 236 241 239 258 279 282 281 286 292 282
312 315 322 317 286 284 282 284 309 310 293 241 245 227 218 227 218 226 226 213 227 243 252 266 266 275 303 290 283 290 285 260 262 267 269 263 305 345 345 274 292 286 236 258 314 324 282 224 247 273 301 320 339 315 258 258 287 301 274 304 320 332 322 318 302 272 293 282 269 228 233 236 242 275 279 286 281 263 266 273 301 298 276 293 310 308 305 313 304
384 402 387 382 318 237 232 241 270 256 218 223 227 227 231 252 219 215 216 228 238 266 263 276 306 344 321 273 268 280 290 240 247 269 251 260 260 266 286 280 322 261 225 273 291 318 289 239 270 263 266 272 291 268 243 236 264 280 269 281 260 264 285 270 234 221 241 247 237 279 312 308 276 289 318 313 308 293 293 284 277 299 280 235 232 252 250 270 294
403 377 297 264 262 237 235 226 225 232 239 240 238 236 235 236 236 233 228 238 291 341 344 334 290 284 267 226 225 237 257 231 227 225 224 244 247 260 239 229 232 252 267 245 260 261 234 219 228 241 250 234 227 266 262 277 310 293 324 337 322 299 304 286 297 267 218 235 260 260 265 297 302 284 276 279 281 239 198 191 197 238 231 222 224 224 228 248 262
439 445 428 396 363 325 295 281 276 267 261 260 258 250 246 247 248 242 230 228 258 284 278 268 258 246 231 212 215 223 245 232 231 209 213 264 255 263 238 222 215 220 254 245 220 225 226 216 215 235 217 213 218 243 263 298 320 284 245 253 293 297 329 331 311 278 228 249 243 236 268 313 287 243 234 303 306 270 225 204 198 199 206 217 235 251 253 255 256
462 438 435 438 418 377 332 340 329 313 294 297 308 299 278 277 267 254 239 226 230 242 247 247 237 285 282 251 233 235 224 239 244 217 218 244 250 255 222 227 232 221 214 215 213 220 225 222 239 300 323 261 220 274 273 251 229 226 247 235 210 216 220 243 255 236 232 205 205 237 269 270 293 210 257 275 308 303 326 310 272 270 244 218 203 195 193 200 203
385 413 402 410 420 398 367 408 415 403 380 336 333 332 332 312 292 279 254 238 233 256 239 228 256 329 363 323 296 335 296 317 276 229 229 218 242 236 231 232 254 234 233 233 230 223 224 217 213 212 219 230 240 238 227 225 239 247 285 239 218 213 206 201 201 206 216 203 203 196 210 213 220 208 248 227 209 209 244 256 245 212 194 194 192 190 189 186 181
315 333 360 403 403 368 409 421 427 435 421 374 367 382 347 368 366 327 296 304 264 255 275 317 364 402 413 400 387 349 327 252 261 292 312 306 278 260 250 238 244 241 239 238 235 235 231 226 222 218 220 222 235 221 281 268 250 277 292 301 275 264 260 256 248 234 238 234 222 215 205 223 196 193 225 287 256 200 202 207 214 218 227 223 222 224 211 211 206
333 375 331 327 346 346 398 418 373 364 385 401 398 384 341 323 326 296 278 314 365 367 361 331 309 317 372 388 350 240 233 279 371 391 390 372 339 304 262 258 294 307 283 259 297 322 323 335 280 277 314 302 289 258 284 292 290 327 361 358 343 323 306 306 310 272 294 297 272 255 252 254 220 202 199 238 257 235 276 257 235 230 220 231 243 273 252 256 239
383 346 321 353 319 321 360 433 427 398 393 399 395 353 377 347 406 317 304 296 327 362 391 366 367 351 353 311 273 253 240 261 349 380 401 404 392 383 332 347 314 327 340 287 300 277 240 276 323 280 247 263 252 287 304 277 264 269 288 319 358 361 346 327 356 323 325 322 289 283 287 287 261 295 319 305 242 268 284 297 317 313 300 288 284 289 299 282 249
360 366 403 430 415 392 351 379 429 403 397 392 395 402 410 408 410 416 389 294 306 321 343 366 392 403 387 342 311 289 271 247 271 303 348 359 379 368 386 368 329 256 256 263 254 245 229 224 224 224 220 216 235 282 339 333 296 266 266 264 274 324 350 339 343 334 346 347 327 315 307 274 235 217 243 234 195 217 250 302 303 283 309 315 306 324 308 306 269
312 356 374 381 404 419 423 389 395 435 428 392 386 393 393 329 286 302 286 274 305 333 350 355 346 355 373 369 346 338 329 337 294 257 266 264 272 252 290 266 268 305 294 331 311 311 296 299 262 248 251 241 226 232 260 308 356 343 309 312 326 313 323 358 351 321 329 353 337 325 326 317 274 266 258 233 203 204 229 270 256 262 255 258 294 323 319 328 316
377 388 442 404 361 351 374 371 397 353 354 305 345 363 361 321 244 258 308 338 359 384 389 414 427 420 420 413 399 369 381 390 360 339 340 308 295 266 301 310 292 258 258 266 315 341 373 373 336 303 271 276 247 269 291 248 259 285 303 308 303 324 354 293 300 329 299 300 304 317 350 327 296 281 275 238 214 214 237 275 293 309 287 257 254 286 325 331 321
339 349 362 329 324 325 322 316 319 315 300 284 327 349 381 342 252 297 338 367 367 378 381 404 420 428 442 412 411 404 408 422 404 390 380 373 349 300 302 330 350 350 320 297 290 314 310 342 336 339 315 282 278 240 277 322 278 281 277 276 282 304 313 303 276 297 340 340 314 288 303 311 303 328 314 272 233 239 230 243 247 278 312 282 239 238 247 286 327
320 301 311 318 310 316 300 292 261 264 272 258 262 300 343 389 319 331 358 377 359 389 359 354 383 419 411 394 366 373 361 383 395 405 386 375 337 371 374 367 340 280 255 245 240 255 264 258 254 270 293 325 333 291 305 279 277 299 308 275 268 279 306 305 291 298 324 348 334 324 308 322 302 307 302 306 251 235 231 223 229 241 256 246 241 237 239 239 242
384 347 305 307 296 291 264 293 323 330 361 337 277 309 302 360 379 281 256 276 300 315 319 324 328 335 355 345 305 292 317 341 342 349 339 324 277 296 298 290 327 258 256 255 252 248 251 251 240 268 305 232 245 312 329 322 330 315 274 279 294 315 344 339 342 350 327 310 329 322 307 308 302 311 309 285 298 284 284 296 287 270 270 251 244 240 234 236 229
317 289 279 277 299 285 274 273 275 279 335 312 280 265 318 363 393 291 247 259 276 292 310 344 342 321 319 310 282 275 325 340 341 338 335 336 286 256 277 259 269 282 273 264 296 331 341 351 360 313 297 227 270 269 273 324 333 330 316 311 339 308 326 330 335 319 319 309 280 283 313 305 293 300 294 260 285 302 299 296 298 315 303 284 248 248 241 232 225
391 399 407 383 367 328 323 347 362 344 330 267 287 318 297 326 314 274 270 265 273 285 334 334 357 288 285 339 379 367 350 333 300 278 258 284 320 289 301 293 278 280 258 254 244 251 248 264 304 267 236 221 242 277 294 312 360 358 332 345 304 292 310 333 360 350 333 321 312 298 286 274 277 282 293 270 272 273 271 280 272 276 284 302 304 296 307 285 274
395 407 378 392 393 408 397 380 327 323 319 292 293 286 298 293 321 291 296 290 278 310 356 367 320 318 349 403 425 404 379 357 341 309 285 297 298 301 294 326 304 310 307 282 258 250 244 262 266 246 241 229 242 267 280 282 290 336 333 338 300 282 288 293 308 339 344 337 316 312 294 266 275 263 275 257 288 277 244 254 283 288 243 274 277 263 276 266 256
273 311 312 306 311 337 304 341 402 398 354 360 365 357 388 345 299 296 310 340 352 328 326 352 320 347 387 394 429 419 416 410 388 354 313 341 328 338 337 344 355 322 305 288 274 255 264 265 268 270 261 241 248 274 278 276 282 316 361 349 283 292 315 353 342 327 315 323 318 298 300 305 261 309 279 266 258 257 262 233 221 227 234 224 261 279 251 270 259
282 281 266 259 255 258 273 312 326 353 395 405 392 351 315 293 283 339 360 297 346 391 374 376 353 321 329 340 398 423 427 411 406 398 378 363 328 341 335 314 321 330 311 300 293 265 275 290 295 297 282 262 241 251 256 259 272 278 292 306 278 293 264 279 300 327 344 360 356 341 304 279 257 245 270 273 244 264 267 240 229 212 201 189 209 205 210 210 223
342 328 337 356 353 352 306 278 261 259 260 268 282 278 259 260 260 310 385 411 338 335 344 352 362 318 316 324 328 354 372 389 394 345 372 387 389 349 355 366 343 353 388 377 325 277 281 295 312 318 305 284 254 235 236 237 264 278 284 294 290 240 252 264 271 277 261 277 309 355 330 305 292 285 277 272 267 260 267 320 320 295 260 227 201 184 215 247 280
271 270 292 340 395 422 402 382 298 275 273 271 268 317 325 275 262 359 339 308 331 357 386 385 399 320 326 339 342 398 403 361 346 354 413 398 357 336 362 399 372 363 353 397 380 353 358 336 325 326 326 291 280 258 255 241 244 265 268 291 267 265 257 248 259 309 261 221 250 291 281 307 352 324 290 267 233 246 245 208 251 304 317 287 242 187 203 248 311
329 319 299 299 388 432 385 348 310 286 286 282 290 283 278 314 326 315 296 255 266 341 371 371 378 329 349 359 361 421 413 392 370 346 399 382 364 314 293 383 375 374 324 392 394 382 355 362 317 359 347 321 309 256 277 286 226 264 253 276 312 284 236 229 274 329 329 234 218 225 219 260 303 330 320 333 326 289 232 248 300 307 282 285 243 195 221 247 296
428 412 348 319 293 326 367 330 297 295 320 329 353 368 417 424 349 259 263 293 291 283 308 329 288 329 344 342 352 364 413 400 389 354 374 352 377 340 309 372 381 368 337 375 379 349 372 361 343 357 374 348 330 296 293 367 277 301 228 285 289 243 242 237 224 214 220 233 217 209 214 227 237 241 251 316 265 283 198 224 275 294 326 345 327 255 177 207 236
336 352 360 332 311 308 310 359 322 305 296 302 326 308 359 381 355 333 340 275 271 296 383 301 296 358 386 337 355 361 415 405 393 351 360 396 404 385 340 309 330 373 384 386 381 319 312 334 347 388 378 361 336 279 280 319 328 263 254 233 258 276 336 338 263 269 328 304 232 211 195 191 200 220 247 280 248 285 275 196 203 233 258 279 326 296 182 248 277
