Artocarpus hirsutus SDM files/MIS19/Environmental layers/bio16.asc
ncols  625
nrows  721
xllcorner  69.99986311115
yllcorner  5.99986187915
cellsize 0.041666667
NODATA_value  -9999
[rows 228 to 265 of 721, columns 174 to 260 of 625]
782 800 808 862 855 874 845 854 854 842 797 805 866 868 887 878 875 877 892 895 891 883 877 876 887 887 887 888 887 885 885 882 882 887 890 887 889 898 901 905 909 910 898 909 912 913 909 907 900 917 941 938 935 931 936 930 935 935 939 938 941 943 947 949 947 950 956 960 959 962 967 974 959 960 959 967 984 988 988 994 997 998 1007 1011 1015 1020 1027
838 841 821 833 864 881 857 846 788 805 832 858 879 873 892 884 887 890 886 885 886 882 889 888 888 890 889 886 889 886 885 884 881 883 884 882 867 874 878 901 914 918 915 907 906 911 914 915 904 934 939 941 940 937 941 941 937 930 937 945 940 946 941 950 951 947 951 955 956 960 956 962 968 980 973 961 954 978 988 990 991 995 1001 1003 1010 1017 1021
874 861 824 775 791 805 808 801 827 864 857 857 864 884 878 876 879 885 882 888 886 895 920 873 882 887 890 887 889 881 884 888 890 882 877 884 878 894 878 876 884 897 916 918 911 914 910 901 901 918 948 919 918 916 941 946 942 943 934 937 936 932 937 946 953 950 950 953 953 957 959 957 958 968 982 974 958 962 978 992 994 995 998 1001 1007 1015 1018
829 797 803 781 787 830 827 864 859 845 863 863 861 878 879 875 884 936 885 879 892 914 948 875 874 881 889 896 893 889 881 878 880 883 900 883 876 878 891 900 913 883 876 900 912 894 923 928 916 920 915 939 939 906 921 945 948 945 946 946 949 941 933 949 950 953 951 953 956 953 960 959 958 958 968 977 978 965 965 966 980 995 997 995 1001 1005 1012
774 774 792 801 819 872 866 854 848 852 858 854 867 882 879 891 904 903 913 870 886 896 913 929 894 881 888 898 901 886 888 886 885 889 890 889 888 894 867 911 910 892 912 924 917 890 930 938 935 936 939 944 950 931 909 912 950 950 946 947 949 952 940 940 955 956 952 952 958 955 958 958 959 955 961 966 974 981 967 968 962 984 995 994 996 1000 1005
784 799 860 853 857 855 847 844 844 851 848 853 872 900 869 886 927 939 932 869 879 889 903 919 885 888 891 905 912 895 897 885 884 883 883 883 898 883 870 902 905 901 911 912 886 910 934 932 932 932 933 939 943 941 924 942 955 952 951 951 948 952 959 949 942 958 957 955 956 958 957 958 961 959 953 964 970 980 982 966 961 980 990 994 998 994 1006
803 867 868 856 849 843 835 828 840 846 856 886 904 902 883 908 945 934 888 861 876 895 901 908 895 895 895 907 928 909 894 895 887 883 884 885 892 860 897 915 906 895 893 892 898 925 929 927 928 933 934 937 943 952 941 919 935 948 956 959 956 954 957 963 945 958 963 959 955 959 957 958 956 962 958 959 969 978 992 971 964 971 990 990 995 999 1001
850 868 874 917 891 884 799 809 838 865 881 928 882 877 916 974 933 858 845 895 929 916 893 899 908 902 899 904 937 929 913 896 882 879 885 887 881 868 900 906 902 902 885 885 912 925 928 926 929 934 933 937 942 938 957 963 959 923 958 967 967 962 965 966 938 961 966 960 957 961 963 965 962 956 968 963 971 977 989 968 957 965 994 995 997 1001 1000
866 870 923 950 864 793 793 832 895 887 946 895 831 916 942 956 848 844 906 933 911 888 897 901 943 921 902 897 928 959 912 903 910 882 909 916 898 868 881 905 895 895 885 923 910 922 924 930 933 931 935 942 950 950 948 950 964 944 933 938 955 974 974 960 939 966 968 963 960 963 965 960 966 960 961 971 969 970 970 977 964 968 996 998 1002 1000 1002
884 849 902 830 784 812 849 904 923 935 937 825 885 891 954 922 839 902 935 919 887 873 882 916 967 921 894 914 929 964 990 963 919 907 888 876 872 872 901 900 887 884 889 922 927 926 920 922 930 937 943 946 948 948 953 950 938 956 960 942 949 985 978 975 933 953 969 970 960 967 965 963 964 968 966 965 971 969 970 988 985 964 993 999 1005 1010 1003
868 805 801 794 832 870 924 941 946 924 856 849 927 866 870 849 895 937 868 909 901 901 914 943 953 998 992 977 959 955 960 969 904 862 856 892 894 891 893 895 891 907 889 922 924 925 931 928 927 934 944 948 950 952 958 962 947 969 967 969 938 949 955 955 950 950 978 967 966 965 962 965 967 965 968 960 967 974 976 987 992 987 972 976 990 1009 1014
867 783 788 814 857 911 941 940 941 880 840 901 936 833 853 879 947 926 851 867 921 956 925 906 921 921 964 907 905 891 900 891 867 874 906 899 896 892 893 896 904 893 912 928 919 923 927 934 940 939 936 943 952 954 952 941 965 968 971 960 953 966 961 952 964 951 947 939 937 974 960 963 962 963 970 971 966 967 979 988 990 997 998 991 985 996 1009
842 767 801 858 908 909 952 961 933 822 863 905 873 875 846 896 920 817 825 846 887 883 912 912 900 902 904 906 919 911 921 896 899 917 908 902 898 899 906 904 884 916 916 933 924 928 924 933 939 946 948 945 945 947 949 954 965 961 959 961 966 967 964 967 965 968 968 962 938 969 968 957 956 968 970 974 976 964 983 986 989 994 999 1002 1007 986 995
782 792 835 923 944 922 970 930 848 837 891 861 830 877 870 928 913 804 817 844 888 888 915 930 921 911 915 916 914 920 921 921 927 918 908 903 904 912 914 912 888 929 926 931 928 936 932 934 940 946 951 954 951 950 951 963 967 965 965 965 965 967 964 961 962 963 966 964 945 950 965 971 956 963 972 975 979 970 979 987 989 996 996 1000 1003 1004 1003
799 853 908 926 947 965 948 898 837 850 895 859 801 864 931 948 907 846 805 836 867 888 907 937 911 920 921 936 929 933 943 928 923 918 918 914 915 915 914 901 910 934 927 929 932 933 937 942 948 947 947 949 956 961 955 961 936 950 947 962 956 957 970 958 962 966 964 953 935 933 932 950 952 963 961 973 987 984 985 984 996 995 995 998 1000 1007 999
840 891 934 955 968 958 894 860 837 842 840 833 804 888 934 939 890 829 803 836 860 885 906 940 917 914 927 927 930 951 938 928 927 928 922 918 909 904 897 921 937 928 927 927 937 939 939 946 951 952 952 952 956 951 931 942 939 957 941 929 935 927 930 941 940 928 933 939 942 927 941 963 952 944 943 957 957 958 973 972 996 995 993 994 999 1004 1000
888 911 952 976 981 923 864 829 846 896 874 809 814 902 938 911 829 787 815 844 871 890 904 920 921 920 924 928 955 947 935 935 937 931 923 905 907 928 923 936 928 925 929 934 939 946 946 935 961 965 966 963 943 933 931 935 985 971 940 946 941 948 935 937 953 952 949 949 948 947 951 951 957 959 970 972 990 980 981 976 1001 999 998 994 999 1001 1003
914 938 963 992 976 900 855 836 884 920 887 797 828 851 861 899 846 797 827 856 882 891 894 904 921 913 922 959 943 937 933 930 931 920 903 930 935 932 929 936 924 926 930 922 917 941 936 911 923 956 961 942 940 956 940 959 963 955 954 952 942 940 923 948 947 941 936 936 938 938 939 950 953 951 971 952 982 959 977 975 1001 1000 998 1001 1002 1003 1003
960 949 983 991 968 911 843 851 911 920 884 814 851 882 871 807 834 805 843 869 894 882 892 888 903 932 941 943 934 931 938 939 930 910 916 928 939 936 929 934 928 931 925 918 950 946 951 938 942 932 932 953 971 966 970 957 951 951 949 949 951 942 911 946 941 937 934 929 931 935 936 936 934 944 948 949 955 959 957 957 990 1000 1002 1002 1003 1007 1006
976 971 999 982 930 882 850 880 926 928 857 815 881 891 837 790 808 837 857 890 875 864 885 905 909 936 942 935 943 941 943 932 918 937 934 927 927 936 935 931 925 924 922 937 948 942 973 961 963 932 938 952 985 968 958 956 952 944 937 936 921 923 930 938 927 928 926 929 929 932 938 926 941 952 938 957 963 965 970 955 973 988 1007 996 1010 991 998
948 993 996 976 916 867 879 911 925 927 896 809 891 876 840 789 817 858 879 875 858 868 893 903 926 934 962 940 971 940 934 935 930 925 910 910 919 930 940 927 920 920 921 958 952 934 973 964 943 933 949 957 982 965 960 952 946 942 942 920 925 937 939 933 927 919 918 922 924 931 921 932 952 932 929 962 973 973 976 977 974 977 972 973 973 993 979
992 1005 1007 951 920 901 896 903 942 926 846 827 865 844 811 869 807 835 851 858 857 886 896 907 925 950 976 941 974 937 920 928 917 911 909 908 931 927 931 919 908 922 957 964 949 939 965 941 931 942 935 945 984 962 955 952 947 941 935 913 947 939 931 927 920 918 914 908 914 918 929 946 939 931 966 968 966 962 973 982 980 973 967 992 995 996 1000
1007 1027 1011 957 958 919 893 888 942 869 824 861 859 886 828 869 824 833 851 869 871 909 884 918 903 952 979 941 907 905 909 900 901 901 905 913 916 921 918 904 916 946 983 969 955 955 932 929 937 939 936 964 980 964 952 955 944 943 930 927 950 926 915 913 914 915 919 921 923 916 928 950 924 950 966 964 963 963 975 974 972 967 983 988 986 993 990
1016 1041 1011 970 971 943 886 910 918 895 878 853 906 849 862 880 810 835 872 876 882 893 886 921 917 923 954 927 896 899 890 892 903 899 908 909 918 917 904 896 930 943 967 939 927 949 940 936 923 934 966 928 974 968 955 952 945 931 916 936 940 918 914 910 918 914 914 924 928 925 931 944 925 938 972 970 964 968 972 969 979 970 987 984 986 987 985
1012 1029 1007 972 978 976 933 930 926 942 897 834 869 862 881 875 832 833 879 876 879 863 888 931 929 916 958 912 913 898 885 905 902 894 898 913 911 898 907 930 936 947 944 922 916 927 920 919 955 970 958 932 979 963 945 926 927 917 936 946 945 915 901 919 919 905 927 930 922 924 948 941 918 948 980 977 968 972 966 975 980 972 986 980 982 981 986
1010 1042 1035 977 977 991 962 960 952 939 887 834 853 924 896 865 859 835 892 870 856 886 907 919 951 915 947 909 899 878 887 923 890 886 889 908 908 932 930 967 936 932 925 924 916 917 930 935 978 959 922 969 957 947 948 940 946 916 942 958 924 912 915 925 905 914 937 928 921 937 962 937 940 945 990 975 973 973 976 973 981 976 985 978 980 984 990
1018 1052 1022 957 979 974 955 960 976 935 877 863 863 950 903 841 878 851 878 855 860 902 924 915 949 928 940 917 889 885 892 930 890 880 876 902 920 920 940 961 937 910 893 904 923 934 928 948 970 934 941 960 952 942 950 961 944 911 938 965 931 915 906 909 923 922 941 921 940 946 961 949 948 948 993 979 978 975 979 976 980 977 983 978 981 985 987
1003 1021 988 1011 1002 1007 984 983 962 916 921 875 876 911 883 860 860 843 841 859 880 905 926 924 958 948 923 898 897 880 909 890 880 862 880 910 940 925 923 946 917 907 910 924 929 915 928 964 959 925 951 953 968 936 952 977 948 918 928 971 946 913 911 926 939 933 935 926 953 963 957 960 957 950 1000 992 985 985 976 976 981 978 983 980 982 983 972
978 1026 1037 1031 1000 1015 999 978 922 888 944 932 880 896 883 932 879 841 884 877 886 917 939 930 938 944 889 895 899 905 914 899 890 857 920 922 934 950 916 941 927 916 920 905 907 928 934 957 938 958 963 957 972 930 944 971 963 928 923 949 958 923 937 935 931 946 930 956 966 966 971 985 967 945 1000 998 993 984 978 978 981 981 981 978 979 972 978
975 1044 1046 1030 1008 1010 1018 970 912 892 907 926 895 886 889 961 908 858 897 871 881 941 941 952 940 925 897 897 888 887 882 891 885 893 945 934 934 933 928 952 956 931 904 903 922 931 938 956 961 989 958 971 952 938 955 995 983 947 936 945 947 962 964 940 958 964 935 946 951 950 956 971 985 954 1021 1008 997 987 980 983 985 981 979 970 968 980 985
945 1054 1037 1006 1010 1018 1029 956 936 924 909 899 890 902 958 954 939 886 891 902 885 943 990 962 909 887 889 889 889 905 913 925 893 939 952 954 927 937 959 959 953 899 889 910 924 936 935 942 949 995 979 997 934 952 963 963 993 1003 981 959 948 970 985 958 956 943 946 966 958 953 983 974 966 962 972 1007 1010 994 988 985 975 970 964 971 972 986 979
916 1029 1050 1043 1022 1021 1015 939 912 928 905 944 909 910 948 939 966 881 891 947 904 958 958 927 890 893 895 899 922 941 908 889 936 959 980 990 923 950 940 982 956 876 900 917 932 945 965 938 950 989 1017 991 940 947 957 965 976 991 1010 1014 985 962 949 945 959 958 961 953 964 988 999 986 979 973 996 970 1011 996 982 977 969 962 976 979 979 980 977
902 1005 1056 1040 1038 1001 1011 986 902 902 919 992 948 919 904 990 974 912 883 959 938 937 908 914 900 916 910 925 937 910 904 916 965 1001 981 988 935 969 952 922 902 905 938 922 965 963 941 937 950 984 1011 1043 973 968 986 986 985 1008 1014 997 999 966 965 967 951 955 964 990 990 1000 993 974 996 990 1016 980 991 996 969 968 968 971 1019 1038 974 978 982
882 931 989 1044 1036 1005 1014 1010 930 902 935 991 994 915 904 993 990 945 886 945 934 905 895 899 900 921 926 909 915 920 969 953 932 993 1002 1008 982 992 946 920 926 904 922 944 969 947 944 947 954 969 993 1025 1017 1010 988 1015 998 993 977 964 979 1005 991 970 970 996 1015 1011 990 1003 981 1005 1018 1003 981 983 996 985 981 970 987 974 1028 978 952 963 971
845 935 997 1001 1020 1006 1020 1026 957 922 960 982 987 928 930 970 987 954 957 888 905 903 912 903 924 909 930 926 951 989 994 965 924 986 997 981 1007 1007 1001 969 922 901 942 947 967 959 947 949 992 993 980 1015 1017 1027 1036 1039 993 971 987 996 972 976 989 992 1000 1025 1028 1022 1009 993 1019 1012 998 1005 1002 987 984 996 1001 969 981 966 1021 1025 1001 964 950
840 887 1028 1033 982 996 1006 1015 970 979 955 988 1003 974 949 937 1002 985 1013 869 891 913 931 932 920 913 956 976 996 989 997 955 941 950 991 1013 991 1014 1022 962 910 927 957 959 964 947 940 991 1014 965 979 1009 1023 1036 1043 1033 992 1018 1009 986 989 1010 1012 1013 1003 1011 1056 1018 1012 1025 1056 996 992 1004 1009 989 996 1007 1067 972 963 1056 992 991 1027 1002 986
844 889 985 1087 1024 999 991 996 983 1007 984 952 992 1002 979 932 1002 1010 977 877 905 930 931 929 923 922 963 1018 1006 1010 984 963 961 950 1023 1046 1000 1006 1028 958 931 940 935 967 967 938 981 1035 1014 955 996 1022 1040 1058 1047 1026 1018 1058 1007 1007 1019 1039 1020 1008 1007 993 1036 1045 1032 1014 1011 998 1009 1067 1010 992 992 1036 1060 1076 1082 1120 1067 1029 977 980 1012
872 889 921 1044 1052 1036 1011 994 949 1000 1019 977 955 1003 965 960 991 1024 963 996 880 902 936 930 949 939 986 1038 1030 995 959 954 971 974 1049 1081 999 996 1019 1036 1014 973 903 930 949 998 1002 1105 1024 947 985 1038 1072 1085 1047 1056 1036 1056 1020 1001 993 1030 1025 1017 1015 1004 1011 1038 1063 1017 1015 1047 1072 1049 1004 1019 1017 992 1077 1017 1077 1115 1074 1028 977 977 997
