Artocarpus hirsutus SDM files/MIS19/Environmental layers/bio18.asc
ncols  625
nrows  721
xllcorner  69.99986311115
yllcorner  5.99986187915
cellsize 0.041666667
NODATA_value  -9999
[rows 0 to 38 of 721, columns 267 to 355 of 625]
145 149 132 150 130 116 149 147 119 127 154 168 172 175 169 159 132 111 138 139 159 108 123 123 143 132 154 170 152 167 136 148 188 195 205 217 219 227 229 230 231 226 211 216 237 247 243 236 231 243 236 262 270 286 277 256 257 251 245 244 245 268 299 321 331 326 305 278 272 284 310 327 326 311 319 338 332 321 325 342 341 345 355 363 346 323 347 345 361
157 154 148 162 164 160 165 164 137 147 145 145 142 134 116 122 146 147 176 187 182 162 110 120 125 130 145 133 140 190 201 207 177 179 199 213 223 209 219 214 209 203 201 229 242 250 260 262 272 263 251 264 265 246 241 258 278 281 266 263 275 300 300 306 306 335 333 316 309 307 285 300 310 332 320 303 284 277 286 287 316 344 348 338 347 356 343 337 317
150 155 151 130 131 143 130 142 120 117 135 140 132 137 133 155 188 180 181 162 150 143 151 145 137 116 125 146 148 138 154 185 168 182 177 174 187 214 200 236 240 226 216 215 235 267 280 278 278 283 265 252 255 242 237 240 268 275 261 259 258 253 256 260 262 266 276 289 311 315 342 339 348 350 333 291 263 252 272 328 354 350 357 362 358 348 341 337 341
122 130 122 116 118 122 150 170 154 118 119 148 175 155 162 164 176 169 149 185 201 200 197 185 183 148 175 169 140 141 151 194 225 224 184 184 198 212 198 208 242 254 251 227 222 235 231 240 232 240 238 258 244 263 265 261 243 245 250 263 252 256 270 285 270 261 269 300 319 311 305 298 301 294 308 314 319 338 360 376 375 363 353 352 345 351 350 338 305
108 125 122 121 119 117 127 150 167 176 172 169 170 185 177 151 148 151 148 145 149 174 177 153 170 206 207 199 206 215 225 215 194 209 230 218 217 221 216 231 246 236 238 233 217 212 213 217 217 220 230 244 234 229 230 243 249 247 267 277 265 266 271 269 268 258 264 263 264 266 267 269 271 267 264 269 275 300 318 320 292 281 283 284 286 282 278 285 300
126 148 146 122 119 115 120 126 130 133 130 126 134 149 142 129 113 116 128 146 159 149 140 202 222 210 194 186 233 240 226 230 236 225 196 188 190 229 251 240 244 245 266 268 264 255 231 240 248 248 234 229 229 213 220 220 222 226 245 263 275 268 271 292 306 297 283 291 270 264 247 252 269 262 280 285 274 304 286 274 272 291 301 293 267 274 291 303 326
182 186 188 181 146 121 111 108 107 110 111 124 133 121 125 136 156 168 189 200 207 174 147 195 208 170 159 191 198 187 214 233 238 248 237 229 224 221 240 260 259 267 257 265 248 246 251 263 291 309 286 250 215 214 215 214 216 229 278 273 275 281 301 290 292 286 280 278 260 249 234 228 239 260 290 326 323 289 282 285 325 322 326 339 344 350 333 312 292
168 163 159 185 181 171 149 130 123 128 125 120 121 133 178 176 199 207 167 178 223 215 182 159 148 130 156 204 225 221 251 271 264 253 249 260 255 262 253 260 258 249 264 276 280 292 300 302 299 266 238 236 281 294 293 289 272 267 250 271 268 279 278 276 275 275 258 238 226 232 226 229 249 289 306 301 285 288 284 299 312 323 321 347 353 353 335 316 287
122 136 182 192 195 193 195 194 179 163 165 138 134 187 191 187 207 200 181 185 219 223 190 158 158 161 211 248 270 276 263 221 222 232 243 256 273 273 282 283 266 241 255 281 305 313 306 281 256 238 255 321 327 329 327 307 308 312 306 281 281 286 282 276 270 278 287 269 250 269 305 319 345 358 342 291 261 240 250 299 342 345 334 315 335 377 360 307 284
124 128 135 144 167 166 166 192 203 201 189 154 165 202 209 174 197 222 194 181 184 182 162 153 176 228 232 246 250 254 244 217 193 204 229 259 251 265 291 258 212 207 229 244 249 251 241 248 293 300 313 326 322 304 324 327 316 291 300 304 282 286 288 267 249 246 281 295 299 300 308 324 331 344 362 375 377 340 333 319 283 268 253 242 267 322 369 372 361
117 115 127 140 120 151 137 141 154 167 195 205 211 217 203 161 181 227 238 235 216 192 153 194 230 261 253 201 213 240 225 209 204 213 273 295 266 245 220 196 193 206 234 255 288 252 230 212 227 277 278 289 299 292 294 299 293 269 269 256 242 243 249 247 255 240 252 324 374 374 348 360 351 346 333 342 336 299 248 249 269 283 284 295 331 336 353 361 361
194 164 133 140 176 175 182 162 136 152 224 221 225 208 231 217 184 223 225 200 173 174 221 247 249 221 236 261 220 248 241 209 198 204 227 227 204 197 194 209 228 270 270 273 300 289 287 224 211 302 327 284 270 269 256 244 271 274 287 273 262 254 289 306 276 282 309 321 341 344 341 302 271 312 359 309 249 230 250 328 366 376 380 343 302 286 281 303 348
216 208 207 180 220 225 207 203 166 175 234 243 239 241 244 233 192 156 155 179 201 225 255 239 252 268 241 223 204 202 203 193 193 195 189 187 200 230 256 283 275 286 277 254 284 307 292 250 222 278 286 295 300 289 287 251 236 232 243 296 313 253 237 236 243 240 231 231 239 252 253 251 276 300 274 259 255 279 339 372 381 362 344 312 337 357 372 384 384
215 202 221 207 182 222 219 217 197 174 206 242 246 223 178 172 187 211 233 243 254 258 260 274 241 230 201 198 199 204 219 227 227 223 248 271 278 282 279 275 255 273 306 289 268 311 320 312 243 236 279 297 298 300 271 258 243 230 227 227 231 231 233 240 257 275 280 278 296 332 352 338 329 280 272 351 365 343 330 332 314 324 320 326 297 283 289 284 279
217 207 227 229 218 189 224 221 201 187 200 221 201 186 214 226 223 218 205 217 246 250 251 218 200 199 206 210 223 239 266 282 291 283 271 248 228 227 230 249 244 238 246 261 267 288 304 322 257 220 261 274 255 298 308 267 267 271 247 253 253 257 270 296 335 373 385 385 397 402 393 342 272 257 318 381 399 385 366 299 272 258 243 238 237 237 242 248 251
215 223 223 201 203 226 238 241 235 227 219 184 175 191 229 236 214 231 236 232 227 228 208 200 211 230 262 265 260 258 256 250 229 223 217 219 207 200 207 219 214 225 240 245 256 302 316 306 274 226 253 258 297 328 313 292 283 304 330 349 362 362 362 374 378 387 381 358 343 335 318 320 346 375 393 367 347 303 261 243 247 266 295 274 273 320 354 363 363
209 199 205 217 226 228 238 242 245 225 187 177 181 197 218 225 246 255 264 256 252 225 213 205 209 212 216 224 226 216 213 221 220 224 230 238 242 236 220 217 211 205 238 243 263 279 259 249 233 222 238 300 335 339 327 295 348 357 367 377 372 357 352 338 341 347 330 296 280 283 337 349 350 345 292 265 249 242 252 268 295 292 304 315 331 400 426 432 433
171 174 176 192 172 171 176 205 252 233 205 200 199 218 245 248 236 255 275 282 274 252 224 213 211 208 222 245 242 258 258 260 271 271 268 264 256 251 242 231 225 215 217 228 233 227 218 219 227 229 266 293 278 282 283 298 298 296 352 372 342 299 274 286 271 273 276 305 341 346 316 312 287 279 288 307 315 286 324 338 372 372 338 374 371 362 364 353 368
170 167 165 165 160 173 182 220 226 226 211 210 212 225 246 270 277 271 244 238 225 225 229 238 246 256 255 268 292 296 299 300 301 294 279 253 233 256 258 246 236 226 218 216 214 230 253 249 276 272 258 260 239 235 260 323 336 355 361 323 292 275 343 343 307 291 315 295 275 276 289 292 295 285 308 323 321 324 328 286 287 279 292 294 271 267 289 295 291
177 168 163 166 179 214 210 195 194 197 207 223 241 232 205 211 214 211 204 205 209 234 270 277 284 289 293 305 315 318 322 311 310 300 278 250 237 291 287 261 240 231 234 235 238 249 279 297 308 301 268 262 276 327 357 365 357 325 277 264 257 261 287 292 268 261 250 246 250 253 258 274 284 304 315 334 385 383 358 306 294 333 335 314 290 274 263 264 297
167 165 171 181 200 207 194 188 190 188 200 209 205 205 217 210 206 207 212 213 211 215 218 221 226 233 243 249 259 291 305 288 270 281 281 266 299 309 301 268 256 261 287 293 258 251 269 276 282 265 296 318 351 321 297 297 286 297 298 306 308 295 292 304 316 320 310 325 323 323 312 294 306 334 288 301 326 356 320 324 393 404 390 347 345 348 353 344 330
174 175 192 193 200 209 215 211 204 201 204 231 230 223 202 206 209 206 203 198 205 213 209 235 260 248 232 229 242 253 263 263 247 261 259 290 297 272 244 246 251 252 256 265 284 279 277 318 345 345 323 306 340 353 351 355 345 325 309 316 340 338 346 363 367 374 389 392 378 376 359 339 305 292 295 313 296 289 305 343 317 299 292 319 352 361 369 398 406
164 182 187 173 191 195 185 185 198 214 212 208 209 197 190 195 194 193 191 201 221 210 244 281 301 290 265 236 231 237 246 249 259 259 246 242 234 248 255 279 301 305 302 317 330 331 342 345 289 263 272 317 289 308 339 353 341 327 326 367 384 383 380 385 385 389 398 398 392 385 368 358 344 338 314 328 337 321 340 348 287 313 317 316 316 320 329 341 342
154 155 154 176 195 189 199 209 197 194 190 186 183 178 172 176 200 207 207 193 196 221 252 266 262 250 237 231 231 236 252 264 270 270 258 241 252 272 277 311 328 340 341 345 337 336 329 295 245 259 252 250 255 257 320 348 324 327 366 385 387 390 394 394 393 390 401 401 403 400 392 385 376 376 352 351 347 350 386 366 371 380 359 352 359 344 326 339 346
164 165 169 207 210 216 194 191 183 183 180 182 194 176 188 209 227 227 222 204 195 212 243 261 246 246 235 227 225 234 246 261 267 260 263 276 288 275 277 295 295 292 280 296 265 273 242 241 258 288 289 292 321 360 371 367 363 390 390 386 389 391 375 385 402 400 369 380 393 394 406 398 409 408 398 354 378 398 397 338 299 367 418 415 412 399 357 342 375
221 230 229 225 213 206 189 178 165 159 162 168 176 179 213 255 264 253 220 198 233 245 245 246 257 243 232 216 226 235 249 266 268 276 293 280 281 309 331 339 306 241 256 291 255 234 261 307 349 353 335 337 340 307 293 309 332 327 323 315 323 337 334 331 354 367 346 319 332 342 335 363 393 401 400 381 334 348 368 349 313 281 327 409 412 406 394 388 367
224 220 231 235 214 209 195 187 171 170 172 172 178 179 194 200 200 194 201 218 220 204 215 231 239 240 225 239 267 280 291 302 309 317 311 299 321 328 310 294 258 274 333 321 306 315 349 340 331 348 373 377 374 359 351 355 331 337 347 332 316 309 324 328 307 333 343 302 289 310 301 317 348 402 410 417 378 361 396 400 393 374 349 341 401 411 416 392 359
206 207 199 201 186 167 170 178 184 186 197 206 237 195 230 244 232 225 236 220 209 207 208 220 245 231 228 274 290 307 314 319 323 318 318 300 318 312 291 250 261 294 261 256 263 291 273 299 354 370 361 380 389 386 390 383 365 345 309 296 290 295 300 305 312 306 303 274 270 258 317 373 339 333 370 407 386 351 352 385 397 406 418 417 415 402 376 358 379
182 199 178 175 175 180 198 192 195 209 209 215 222 234 243 240 264 269 277 241 226 253 250 234 228 239 280 309 327 331 325 333 336 329 313 321 337 343 296 239 259 247 245 250 249 255 262 289 314 333 322 314 323 332 328 327 322 322 313 275 269 280 278 275 295 305 306 254 262 312 344 317 310 339 365 413 420 405 387 376 365 376 374 398 413 392 343 307 338
214 211 198 197 197 198 219 242 247 239 232 239 251 261 274 266 283 286 256 254 278 272 264 261 277 298 312 295 316 345 343 334 316 292 320 319 307 278 251 253 265 292 306 292 271 293 292 285 291 298 313 301 285 276 281 292 278 278 278 289 282 293 263 264 285 274 267 257 324 392 405 390 369 374 389 411 404 395 394 390 386 379 363 382 421 401 339 385 375
194 174 174 182 213 204 215 218 220 241 262 275 281 280 268 246 229 221 202 207 226 248 269 275 291 286 279 312 341 349 328 310 289 315 331 323 265 246 265 322 332 335 334 324 309 326 325 319 295 288 299 301 290 301 309 289 250 241 271 325 349 306 274 280 274 267 290 305 359 364 388 414 407 381 382 406 384 402 404 402 398 394 387 385 401 405 355 394 394
195 215 226 226 233 241 238 240 254 264 263 254 244 237 246 228 201 203 208 217 265 255 268 295 297 286 298 297 317 299 297 281 300 273 254 234 224 252 314 325 339 337 334 335 325 353 364 356 349 326 316 351 356 346 357 308 251 256 283 375 375 349 323 295 297 267 264 277 300 323 379 405 396 374 337 331 373 402 414 408 409 403 405 399 368 354 326 359 401
193 235 248 239 239 247 259 270 264 237 225 228 215 206 207 219 209 220 241 267 293 259 231 270 301 305 327 298 289 324 289 286 276 271 251 238 243 285 324 353 362 353 341 327 355 371 379 380 380 326 307 345 350 337 362 282 270 314 349 380 384 362 361 323 337 284 280 294 307 335 326 328 359 342 350 320 320 384 416 414 424 410 401 363 320 308 298 303 329
240 251 230 236 257 262 262 261 275 268 247 219 212 232 235 225 225 243 284 289 276 247 232 259 282 272 268 269 274 264 266 270 272 261 254 254 275 314 334 346 352 344 345 325 332 338 340 343 370 327 279 328 307 316 364 324 339 331 342 381 392 376 363 344 371 347 317 347 374 388 404 387 328 304 310 293 315 309 363 364 377 395 377 341 337 368 381 329 295
205 202 221 253 262 271 279 275 278 280 256 226 221 260 276 272 246 278 297 301 292 260 259 274 272 277 256 251 253 257 285 316 302 260 277 306 306 313 333 325 309 311 336 362 353 328 312 323 340 356 327 311 269 282 328 355 362 308 308 348 375 379 372 388 386 360 357 396 392 392 405 376 350 281 262 250 284 329 332 327 325 329 319 335 318 304 368 358 384
242 211 232 249 261 267 270 274 260 263 268 264 243 220 241 264 276 293 278 253 276 287 299 314 310 311 284 249 250 252 273 313 313 271 322 333 305 327 364 358 336 292 279 324 325 299 308 331 338 340 310 305 262 273 299 343 326 307 319 312 343 373 363 377 376 363 371 381 378 350 378 376 351 294 263 245 316 316 285 288 311 327 312 320 348 292 332 327 318
260 250 225 244 258 247 253 265 252 240 249 272 257 222 214 227 262 279 267 265 258 258 261 281 281 320 292 251 242 265 279 299 309 302 308 322 333 327 317 308 332 304 283 354 314 302 300 290 298 345 342 304 285 259 275 284 260 272 286 301 318 308 315 312 326 302 332 321 321 317 327 318 311 282 254 250 300 278 296 323 323 318 311 304 298 292 283 301 356
247 256 233 260 244 243 247 257 279 268 262 261 284 249 229 219 223 240 230 225 230 245 258 265 266 290 290 261 234 247 271 296 325 332 325 296 316 305 291 294 326 294 263 297 294 319 326 313 297 317 341 339 321 317 339 331 242 243 250 292 290 289 282 272 268 273 292 317 323 315 296 292 261 260 257 253 286 326 375 399 387 379 374 367 342 327 320 313 342
274 267 242 231 240 248 243 241 257 274 276 284 274 273 261 234 227 241 224 224 226 240 272 273 252 264 287 265 235 231 257 286 294 297 246 260 307 273 270 279 311 290 261 283 344 360 352 341 325 343 354 355 350 352 358 333 277 253 245 261 277 270 263 257 254 261 275 304 312 320 274 261 316 282 253 249 261 321 399 415 407 397 391 394 389 402 402 388 348
