Artocarpus hirsutus SDM files/MIS19/Environmental layers/bio16.asc
ncols  625
nrows  721
xllcorner  69.99986311115
yllcorner  5.99986187915
cellsize 0.041666667
NODATA_value  -9999
[rows 532 to 569 of 721, columns 87 to 173 of 625]
-9999 -9999 -9999 -9999 -9999 -9999 -9999 -9999 -9999 -9999 -9999 -9999 -9999 -9999 -9999 -9999 -9999 -9999 -9999 -9999 -9999 -9999 -9999 3328 3406 3780 4065 3442 3168 4214 4106 3383 3443 2976 2980 2576 2668 2790 2400 2056 1741 1632 1447 1231 958 741 705 741 678 535 540 565 501 494 469 392 372 344 351 349 301 301 316 320 273 276 271 269 296 279 263 263 255 255 256 244 262 268 265 261 260 263 270 288 290 271 257
-9999 -9999 -9999 -9999 -9999 -9999 -9999 -9999 -9999 -9999 -9999 -9999 -9999 -9999 -9999 -9999 -9999 -9999 -9999 -9999 -9999 -9999 -9999 3296 3428 3609 3780 3552 3676 3650 4069 4154 4159 3346 3318 3298 2875 2402 2537 2265 1751 1560 1561 1310 1047 880 902 803 691 550 526 575 549 518 479 370 332 328 348 349 305 298 318 332 272 266 272 275 300 290 255 256 255 253 246 252 253 260 263 263 266 267 272 287 297 287 278
-9999 -9999 -9999 -9999 -9999 -9999 -9999 -9999 -9999 -9999 -9999 -9999 -9999 -9999 -9999 -9999 -9999 -9999 -9999 -9999 -9999 -9999 -9999 -9999 3509 3581 3721 3594 3773 3957 4037 4074 4507 3974 3931 3167 3137 2397 2564 2331 1879 1692 1749 1355 1045 1045 1010 948 667 589 573 607 563 499 475 447 360 328 330 343 317 295 302 306 277 270 286 290 293 315 256 253 246 248 252 260 246 256 259 267 275 276 266 278 293 300 294
-9999 -9999 -9999 -9999 -9999 -9999 -9999 -9999 -9999 -9999 -9999 -9999 -9999 -9999 -9999 -9999 -9999 -9999 -9999 -9999 -9999 -9999 -9999 -9999 3520 3620 3728 3544 3849 3988 4043 3929 4545 4628 4391 3876 3102 2814 2534 2445 2160 1683 1696 1496 1260 1196 1096 968 671 648 641 590 531 482 458 448 386 346 321 321 329 300 288 281 284 276 286 300 280 302 262 250 244 250 263 267 247 256 264 257 273 287 272 283 307 318 326
-9999 -9999 -9999 -9999 -9999 -9999 -9999 -9999 -9999 -9999 -9999 -9999 -9999 -9999 -9999 -9999 -9999 -9999 -9999 -9999 -9999 -9999 -9999 -9999 3597 3471 3637 3782 3778 3889 3902 4036 4218 4849 4495 3949 3709 3102 2798 2555 2174 1957 1926 1682 1345 1282 987 943 797 664 679 626 506 493 427 412 386 343 320 306 304 296 287 293 297 275 274 299 295 287 272 243 240 255 265 274 256 258 267 258 275 289 284 290 311 281 270
-9999 -9999 -9999 -9999 -9999 -9999 -9999 -9999 -9999 -9999 -9999 -9999 -9999 -9999 -9999 -9999 -9999 -9999 -9999 -9999 -9999 -9999 -9999 -9999 3508 3542 3660 3714 3905 4064 3943 3804 4609 5013 4488 4005 3901 3245 3028 2819 2372 2275 1999 1836 1341 1277 1092 1207 854 778 675 623 518 497 471 376 358 329 314 308 298 298 299 289 292 281 263 280 301 276 266 255 244 267 260 273 271 263 268 258 275 305 299 293 339 321 289
-9999 -9999 -9999 -9999 -9999 -9999 -9999 -9999 -9999 -9999 -9999 -9999 -9999 -9999 -9999 -9999 -9999 -9999 -9999 -9999 -9999 -9999 -9999 -9999 -9999 3672 3682 3775 3830 3959 3938 4176 4498 4782 5019 4070 3602 3314 2928 2948 2964 2524 2006 1797 1442 1258 1137 1272 1092 986 695 643 479 536 460 375 344 331 315 308 306 312 305 279 293 287 266 261 276 259 252 254 257 284 278 274 281 269 270 262 276 313 311 320 356 294 282
-9999 -9999 -9999 -9999 -9999 -9999 -9999 -9999 -9999 -9999 -9999 -9999 -9999 -9999 -9999 -9999 -9999 -9999 -9999 -9999 -9999 -9999 -9999 -9999 -9999 3758 3815 3871 3952 3926 4079 4126 4454 4997 5085 4269 3872 3211 3089 2864 3013 2786 2164 1809 1637 1395 1140 1373 1189 1103 876 650 482 513 444 374 342 332 320 315 318 320 310 277 275 294 273 263 265 249 255 255 269 278 304 281 294 283 273 270 281 320 323 332 326 275 279
-9999 -9999 -9999 -9999 -9999 -9999 -9999 -9999 -9999 -9999 -9999 -9999 -9999 -9999 -9999 -9999 -9999 -9999 -9999 -9999 -9999 -9999 -9999 -9999 -9999 3729 3781 3916 4081 3908 4071 4152 4190 4489 5081 4776 4029 3515 3435 2920 2724 2969 2495 1914 1943 1505 1333 1221 1099 1094 1100 897 550 509 407 371 350 340 332 314 321 334 317 281 266 280 287 270 257 251 265 268 277 277 280 309 308 294 294 284 288 320 318 331 320 287 286
-9999 -9999 -9999 -9999 -9999 -9999 -9999 -9999 -9999 -9999 -9999 -9999 -9999 -9999 -9999 -9999 -9999 -9999 -9999 -9999 -9999 -9999 -9999 -9999 -9999 3774 3791 3948 3980 3835 4213 4154 4165 4322 4335 5015 4575 3381 3467 2865 2553 3008 2838 2154 1751 1520 1730 1154 1043 1060 1143 876 577 493 471 386 361 360 333 318 320 335 335 286 269 274 292 268 254 250 268 282 309 278 265 308 335 319 301 281 290 319 307 334 321 310 310
-9999 -9999 -9999 -9999 -9999 -9999 -9999 -9999 -9999 -9999 -9999 -9999 -9999 -9999 -9999 -9999 -9999 -9999 -9999 -9999 -9999 -9999 -9999 -9999 -9999 3712 3859 3922 3862 3905 4142 4039 4000 4391 4392 4111 4801 3459 3064 2777 2959 2753 3131 2069 1642 1853 2029 1433 1052 1010 1198 904 592 505 441 411 404 371 335 331 327 318 323 326 272 265 289 270 258 250 273 290 322 303 268 287 328 316 294 285 309 314 303 325 345 359 332
-9999 -9999 -9999 -9999 -9999 -9999 -9999 -9999 -9999 -9999 -9999 -9999 -9999 -9999 -9999 -9999 -9999 -9999 -9999 -9999 -9999 -9999 -9999 -9999 3552 3760 3854 3805 3780 3898 3940 3994 3901 4395 4922 4253 4589 3217 2844 2868 3197 2643 2915 2259 1800 1900 2154 1749 1373 1403 1174 806 782 549 460 437 436 371 344 337 344 324 307 352 304 255 269 263 259 264 273 303 315 338 299 277 315 296 308 295 309 310 314 346 387 373 334
-9999 -9999 -9999 -9999 -9999 -9999 -9999 -9999 -9999 -9999 -9999 -9999 -9999 -9999 -9999 -9999 -9999 -9999 -9999 -9999 -9999 -9999 -9999 -9999 -9999 3653 3850 4026 3637 3717 3662 3966 3767 3952 4725 4776 3974 3720 3337 3547 2966 2832 2513 2099 1890 1763 2037 1990 1512 1430 939 824 788 573 517 518 429 369 360 354 368 328 297 350 298 269 268 277 265 294 277 308 311 344 319 308 289 287 307 315 309 316 334 354 393 382 359
-9999 -9999 -9999 -9999 -9999 -9999 -9999 -9999 -9999 -9999 -9999 -9999 -9999 -9999 -9999 -9999 -9999 -9999 -9999 -9999 -9999 -9999 -9999 -9999 -9999 3545 3727 3869 3658 3859 3757 3476 3506 3741 4149 4678 4215 4069 3519 3855 3002 2822 2771 2038 1809 2184 1832 1930 1870 1449 1050 814 786 738 667 482 417 390 395 386 382 344 301 295 311 309 289 277 277 318 307 307 285 307 318 310 307 297 307 316 324 341 345 360 386 379 400
-9999 -9999 -9999 -9999 -9999 -9999 -9999 -9999 -9999 -9999 -9999 -9999 -9999 -9999 -9999 -9999 -9999 -9999 -9999 -9999 -9999 -9999 -9999 -9999 -9999 3444 3597 3713 3603 3872 3814 3604 3321 3374 3505 4316 4528 4237 4046 3715 3381 2922 2409 2120 1922 2123 2333 1873 1864 1620 1227 905 808 785 656 508 445 419 419 415 395 341 297 295 315 326 306 296 287 292 292 316 291 290 318 312 314 309 317 345 356 358 369 369 379 402 429
-9999 -9999 -9999 -9999 -9999 -9999 -9999 -9999 -9999 -9999 -9999 -9999 -9999 -9999 -9999 -9999 -9999 -9999 -9999 -9999 -9999 -9999 -9999 -9999 -9999 -9999 3481 3634 3580 3528 3517 3607 3515 3506 3229 3337 4376 4227 3381 3579 2809 2726 2771 2491 2272 1856 1825 2204 1929 1469 1224 972 857 807 763 552 478 437 444 449 391 339 308 302 315 310 286 291 298 285 288 313 315 300 309 325 313 316 349 372 362 367 364 371 400 426 435
-9999 -9999 -9999 -9999 -9999 -9999 -9999 -9999 -9999 -9999 -9999 -9999 -9999 -9999 -9999 -9999 -9999 -9999 -9999 -9999 -9999 -9999 -9999 -9999 -9999 -9999 3427 3567 3573 3506 3293 3435 3467 3456 3424 3208 3938 4354 3731 3671 2737 2850 3003 2637 3003 2184 1678 1767 2153 1765 1314 1057 932 820 816 655 525 466 477 478 429 354 321 299 300 290 286 281 289 298 292 300 305 314 312 323 322 333 365 364 352 366 385 392 397 427 448
-9999 -9999 -9999 -9999 -9999 -9999 -9999 -9999 -9999 -9999 -9999 -9999 -9999 -9999 -9999 -9999 -9999 -9999 -9999 -9999 -9999 -9999 -9999 -9999 -9999 -9999 -9999 3409 3290 3369 3245 3351 3599 3273 3482 3071 3303 4226 4420 4075 3219 2228 3026 2995 3230 2229 1941 1876 1924 1988 1488 1289 1076 863 775 768 600 536 521 472 405 375 343 318 301 294 288 288 295 303 314 323 322 321 331 331 327 336 357 368 391 388 389 389 379 432 462
-9999 -9999 -9999 -9999 -9999 -9999 -9999 -9999 -9999 -9999 -9999 -9999 -9999 -9999 -9999 -9999 -9999 -9999 -9999 -9999 -9999 -9999 -9999 -9999 -9999 -9999 -9999 3247 3216 3288 3111 3505 3498 3030 2923 2991 3308 3685 4164 3887 3059 2230 3261 3052 3198 3063 2330 1983 1861 1792 1796 1580 1258 977 810 744 691 662 539 479 397 361 348 351 309 299 298 302 304 323 320 331 333 325 323 324 324 362 380 382 391 379 388 367 391 438 465
-9999 -9999 -9999 -9999 -9999 -9999 -9999 -9999 -9999 -9999 -9999 -9999 -9999 -9999 -9999 -9999 -9999 -9999 -9999 -9999 -9999 -9999 -9999 -9999 -9999 -9999 -9999 3158 3305 3309 3426 3422 3297 3090 2746 3048 3132 3190 3480 3744 2851 2527 3119 3100 3211 3442 2518 2061 1920 1697 1809 1682 1485 1135 876 749 709 689 558 501 448 375 345 352 324 315 307 331 310 332 319 318 333 324 345 340 326 349 373 369 386 366 378 392 423 433 472
-9999 -9999 -9999 -9999 -9999 -9999 -9999 -9999 -9999 -9999 -9999 -9999 -9999 -9999 -9999 -9999 -9999 -9999 -9999 -9999 -9999 -9999 -9999 -9999 -9999 -9999 -9999 3099 3201 3205 3399 3192 3081 3013 2909 3071 3097 3244 3190 3441 2979 2780 3053 2975 3293 3418 3089 2643 2344 1862 1587 1689 1614 1359 1058 864 713 677 579 524 471 406 352 363 317 316 310 339 328 338 320 319 317 323 346 370 325 344 350 376 381 372 396 413 434 468 440
-9999 -9999 -9999 -9999 -9999 -9999 -9999 -9999 -9999 -9999 -9999 -9999 -9999 -9999 -9999 -9999 -9999 -9999 -9999 -9999 -9999 -9999 -9999 -9999 -9999 -9999 -9999 3035 3208 3169 3247 3319 2805 2850 3253 3155 3167 3196 3170 3085 3129 2893 3256 2905 3552 3121 3170 3087 2693 1995 1606 1536 1580 1481 1133 913 840 677 602 554 447 447 361 365 318 318 314 332 322 344 317 314 317 324 327 351 334 335 348 367 406 411 413 418 452 464 422
-9999 -9999 -9999 -9999 -9999 -9999 -9999 -9999 -9999 -9999 -9999 -9999 -9999 -9999 -9999 -9999 -9999 -9999 -9999 -9999 -9999 -9999 -9999 -9999 -9999 -9999 -9999 -9999 3048 3111 3085 2836 2894 3262 3168 3162 3304 3346 3083 3096 3192 2846 3187 3010 3586 2795 3100 2880 3044 2316 1752 1694 1583 1579 1352 946 824 701 677 560 436 453 379 385 324 320 314 325 338 349 323 325 327 338 335 335 337 340 344 355 418 397 421 438 442 431 415
-9999 -9999 -9999 -9999 -9999 -9999 -9999 -9999 -9999 -9999 -9999 -9999 -9999 -9999 -9999 -9999 -9999 -9999 -9999 -9999 -9999 -9999 -9999 -9999 -9999 -9999 -9999 -9999 3068 3334 3233 2853 3044 2800 2868 3368 3217 3363 3256 3156 3040 3079 3374 3282 3317 3366 2594 3194 2938 2457 1908 1988 1610 1644 1495 1013 816 741 740 585 447 434 390 380 330 328 320 330 339 352 352 345 334 362 339 343 336 342 341 339 370 391 415 438 458 406 430
-9999 -9999 -9999 -9999 -9999 -9999 -9999 -9999 -9999 -9999 -9999 -9999 -9999 -9999 -9999 -9999 -9999 -9999 -9999 -9999 -9999 -9999 -9999 -9999 -9999 -9999 -9999 -9999 2975 3074 2982 3089 2843 2897 2970 3178 3082 3215 3270 3142 3162 3439 3296 3377 3060 3022 3016 3436 2532 2591 2554 2299 1748 1570 1437 1241 949 729 672 579 496 455 420 348 333 333 333 346 350 348 369 338 349 352 325 323 334 342 337 339 372 373 426 442 437 438 400
-9999 -9999 -9999 -9999 -9999 -9999 -9999 -9999 -9999 -9999 -9999 -9999 -9999 -9999 -9999 -9999 -9999 -9999 -9999 -9999 -9999 -9999 -9999 -9999 -9999 -9999 -9999 -9999 2909 3117 3175 3339 3053 2955 3267 3161 3170 3029 2991 3097 3434 3587 3261 3172 2966 3133 2895 3339 2982 2798 2662 2335 1778 1548 1376 1149 974 785 667 561 492 427 395 372 348 334 354 349 346 345 351 369 382 357 320 328 352 344 337 338 348 402 424 420 425 411 416
-9999 -9999 -9999 -9999 -9999 -9999 -9999 -9999 -9999 -9999 -9999 -9999 -9999 -9999 -9999 -9999 -9999 -9999 -9999 -9999 -9999 -9999 -9999 -9999 -9999 -9999 -9999 -9999 -9999 3060 3215 3304 3151 3142 3159 2928 3364 3240 2964 2897 3113 3169 3391 2953 3127 3321 2640 3207 3253 2992 2659 2336 1930 1626 1516 1211 1001 808 697 579 523 420 382 387 349 326 343 343 356 340 360 396 364 336 316 323 340 344 345 366 346 388 387 422 444 417 394
-9999 -9999 -9999 -9999 -9999 -9999 -9999 -9999 -9999 -9999 -9999 -9999 -9999 -9999 -9999 -9999 -9999 -9999 -9999 -9999 -9999 -9999 -9999 -9999 -9999 -9999 -9999 -9999 -9999 2999 3152 3363 3167 3356 3142 3168 3224 3101 2957 3072 3036 3213 3314 2983 2892 3036 2755 3111 3172 3111 2871 2304 2069 1540 1438 1327 1106 822 714 584 507 471 419 371 339 322 324 342 354 334 362 374 384 326 327 335 340 359 356 356 346 364 386 428 400 403 434
-9999 -9999 -9999 -9999 -9999 -9999 -9999 -9999 -9999 -9999 -9999 -9999 -9999 -9999 -9999 -9999 -9999 -9999 -9999 -9999 -9999 -9999 -9999 -9999 -9999 -9999 -9999 -9999 -9999 -9999 3108 3251 3369 3270 3040 3082 3084 2897 3059 3385 3163 3334 3031 3244 2709 2893 2782 2786 3076 3059 2804 2365 2124 1466 1467 1130 1010 801 707 632 521 481 472 400 365 325 313 352 337 333 345 371 392 330 328 340 343 346 348 354 373 352 380 430 394 414 435
-9999 -9999 -9999 -9999 -9999 -9999 -9999 -9999 -9999 -9999 -9999 -9999 -9999 -9999 -9999 -9999 -9999 -9999 -9999 -9999 -9999 -9999 -9999 -9999 -9999 -9999 -9999 -9999 -9999 -9999 3049 3188 3245 3139 3374 3464 3072 3193 2904 3377 3248 3275 3129 3564 3085 2584 2627 2572 3192 3240 2720 2585 1784 1576 1364 1040 939 803 701 652 552 497 476 403 376 338 316 354 332 343 362 380 359 321 322 348 336 349 357 363 371 360 373 415 402 381 417
-9999 -9999 -9999 -9999 -9999 -9999 -9999 -9999 -9999 -9999 -9999 -9999 -9999 -9999 -9999 -9999 -9999 -9999 -9999 -9999 -9999 -9999 -9999 -9999 -9999 -9999 -9999 -9999 -9999 -9999 -9999 3163 3381 3286 3184 3155 3135 3277 3053 3107 3288 3257 3159 3102 3413 2883 2897 2185 2739 3271 2913 2351 1729 1526 1262 1073 911 799 719 616 549 499 477 409 382 349 324 335 345 360 367 351 327 318 324 345 332 359 360 364 366 360 363 414 418 378 404
-9999 -9999 -9999 -9999 -9999 -9999 -9999 -9999 -9999 -9999 -9999 -9999 -9999 -9999 -9999 -9999 -9999 -9999 -9999 -9999 -9999 -9999 -9999 -9999 -9999 -9999 -9999 -9999 -9999 -9999 -9999 3107 3214 3270 3349 3278 3372 3065 2840 3233 2962 2999 3075 3433 3049 3261 3388 2481 2491 3168 3033 2191 1795 1509 1239 1125 911 855 832 627 517 463 461 396 393 374 345 331 349 369 364 332 313 322 325 365 338 340 353 374 371 376 360 419 408 372 436
-9999 -9999 -9999 -9999 -9999 -9999 -9999 -9999 -9999 -9999 -9999 -9999 -9999 -9999 -9999 -9999 -9999 -9999 -9999 -9999 -9999 -9999 -9999 -9999 -9999 -9999 -9999 -9999 -9999 -9999 -9999 2971 3179 3179 3292 3328 3385 3077 3372 3528 3409 3070 2867 2834 2771 3247 3441 3122 2816 3140 2846 2424 1595 1437 1362 1154 985 952 865 656 516 461 435 400 375 378 353 341 368 369 368 328 319 312 337 387 352 346 352 357 367 368 368 399 390 378 425
-9999 -9999 -9999 -9999 -9999 -9999 -9999 -9999 -9999 -9999 -9999 -9999 -9999 -9999 -9999 -9999 -9999 -9999 -9999 -9999 -9999 -9999 -9999 -9999 -9999 -9999 -9999 -9999 -9999 -9999 -9999 -9999 3032 3241 3224 3231 3318 3499 3210 3211 3230 3394 3309 3485 2667 2472 2831 3103 3407 3094 2383 2028 1586 1432 1284 1130 1073 1055 837 684 527 484 447 420 377 365 352 346 346 352 367 321 313 312 333 388 371 356 361 375 379 374 370 375 379 389 406
-9999 -9999 -9999 -9999 -9999 -9999 -9999 -9999 -9999 -9999 -9999 -9999 -9999 -9999 -9999 -9999 -9999 -9999 -9999 -9999 -9999 -9999 -9999 -9999 -9999 -9999 -9999 -9999 -9999 -9999 -9999 -9999 2991 3128 3266 3219 3310 3142 2960 3150 3671 3753 3469 3439 3724 2924 2588 3194 2998 3017 2815 2136 1584 1411 1288 1103 1042 1082 885 744 590 499 456 452 408 383 360 341 344 345 340 318 307 313 346 377 366 376 382 369 368 374 381 383 385 370 401
-9999 -9999 -9999 -9999 -9999 -9999 -9999 -9999 -9999 -9999 -9999 -9999 -9999 -9999 -9999 -9999 -9999 -9999 -9999 -9999 -9999 -9999 -9999 -9999 -9999 -9999 -9999 -9999 -9999 -9999 -9999 -9999 -9999 2994 3173 3258 3273 3416 3509 3325 3590 3388 3915 3972 4032 3288 2989 3332 2846 2232 2321 2445 1851 1407 1250 1272 1147 1031 862 705 663 557 470 451 425 393 379 363 381 380 333 310 318 310 333 332 348 381 380 367 362 367 365 366 379 370 419
-9999 -9999 -9999 -9999 -9999 -9999 -9999 -9999 -9999 -9999 -9999 -9999 -9999 -9999 -9999 -9999 -9999 -9999 -9999 -9999 -9999 -9999 -9999 -9999 -9999 -9999 -9999 -9999 -9999 -9999 -9999 -9999 -9999 -9999 2974 3163 3294 3322 3046 3019 2958 3350 3863 3263 3804 3875 2967 2765 2482 2459 2351 2263 2187 1507 1325 1492 1276 928 803 721 667 644 511 454 432 426 411 410 405 396 342 321 315 334 344 328 326 359 387 384 365 364 370 395 379 350 391
-9999 -9999 -9999 -9999 -9999 -9999 -9999 -9999 -9999 -9999 -9999 -9999 -9999 -9999 -9999 -9999 -9999 -9999 -9999 -9999 -9999 -9999 -9999 -9999 -9999 -9999 -9999 -9999 -9999 -9999 -9999 -9999 -9999 -9999 2900 3045 3098 3131 3151 2992 3159 3290 3127 2995 3727 4007 3672 2598 2285 2172 2331 2107 1948 1723 1588 1524 1387 1063 865 760 673 656 572 487 478 468 453 432 411 368 347 337 333 350 340 341 332 331 384 392 370 381 393 382 375 348 347
