Artocarpus hirsutus SDM files/MIS19/Environmental layers/bio1.asc
ncols  625
nrows  721
xllcorner  69.99986311115
yllcorner  5.99986187915
cellsize 0.041666667
NODATA_value  -9999
[rows 117 to 155 of 721, columns 445 to 533 of 625]
-20 -17 -16 -12 -8 -6 -9 -11 -7 -14 -20 -26 -23 -19 -6 -1 -4 -11 -12 -15 -15 -11 -9 -8 -8 -9 -10 -12 -14 -9 -7 -7 -9 -11 -16 -19 -21 -24 -21 -18 -20 -24 -17 -15 -21 -13 -9 -6 -1 -4 -15 -12 -12 -8 -9 -10 -13 -16 -20 -23 -13 -7 -7 -7 -6 -7 -7 -16 -17 -12 -11 -10 -11 -9 -6 -6 -9 -11 -9 -9 -9 -9 -12 -12 -10 -12 -19 -19 -8
-25 -18 -24 -15 -18 -24 -18 -16 -11 -9 -4 -6 -11 -19 -12 -9 -14 -25 -23 -23 -22 -18 -12 -8 -8 -10 -11 -14 -17 -14 -10 -7 -9 -16 -20 -20 -21 -22 -23 -20 -17 -16 -14 -12 -17 -21 -16 -11 -6 -9 -16 -22 -20 -11 -10 -11 -17 -21 -21 -24 -14 -13 -17 -8 -7 -10 -10 -15 -28 -31 -34 -23 -16 -11 -6 -9 -17 -18 -12 -14 -14 -15 -19 -20 -14 -14 -22 -26 -12
-16 -21 -26 -14 -20 -27 -28 -16 -10 -7 -3 -3 -3 -4 -8 -10 -15 -19 -26 -20 -19 -25 -18 -11 -10 -11 -11 -14 -17 -16 -11 -7 -5 -5 -10 -21 -18 -14 -15 -18 -23 -23 -19 -17 -14 -14 -10 -9 -13 -14 -17 -27 -17 -9 -8 -8 -11 -18 -19 -17 -15 -20 -19 -10 -9 -12 -9 -11 -18 -28 -34 -31 -27 -18 -6 -8 -14 -17 -13 -16 -24 -23 -21 -16 -16 -17 -20 -16 -10
-4 -19 -23 -19 -16 -24 -29 -27 -17 -8 -3 -3 -3 -3 -3 -5 -7 -7 -12 -11 -14 -17 -17 -12 -9 -7 -10 -14 -16 -13 -13 -9 -4 -4 -6 -16 -18 -18 -12 -11 -13 -21 -25 -27 -15 -10 -7 -8 -15 -21 -26 -27 -17 -9 -13 -17 -13 -10 -9 -10 -17 -18 -18 -16 -12 -16 -17 -17 -13 -16 -23 -37 -40 -30 -6 -7 -18 -27 -20 -13 -21 -30 -28 -21 -18 -20 -18 -13 -13
-3 -3 -6 -14 -17 -19 -31 -31 -18 -14 -9 -13 -10 -8 -4 -3 -3 -4 -12 -11 -5 -5 -5 -6 -3 -2 -2 -4 -4 -5 -7 -8 -7 -4 -6 -8 -9 -11 -14 -10 -10 -12 -23 -21 -17 -10 -7 -7 -12 -17 -20 -24 -19 -15 -17 -19 -22 -13 -8 -15 -19 -22 -25 -17 -11 -13 -20 -20 -17 -24 -29 -27 -38 -24 -8 -12 -29 -37 -29 -14 -14 -19 -26 -26 -23 -25 -23 -19 -18
-11 -8 -5 -3 -10 -15 -19 -20 -21 -17 -18 -18 -22 -18 -16 -12 -5 -4 -5 -6 -4 -3 -3 -3 -3 -2 -2 -2 -2 -3 -2 -2 -3 -4 -6 -7 -8 -10 -8 -8 -8 -9 -12 -14 -10 -11 -12 -11 -13 -12 -13 -10 -12 -16 -17 -15 -10 -12 -10 -11 -18 -22 -24 -25 -11 -15 -26 -23 -20 -33 -45 -43 -28 -11 -8 -14 -27 -34 -33 -17 -17 -22 -33 -29 -30 -29 -30 -23 -22
-14 -27 -25 -5 -9 -12 -13 -12 -15 -17 -24 -23 -26 -21 -14 -11 -9 -7 -4 -4 -4 -4 -4 -4 -3 -3 -3 -2 -2 -3 -3 -3 -3 -4 -5 -10 -12 -11 -11 -9 -8 -7 -7 -7 -7 -7 -12 -20 -20 -16 -9 -6 -7 -7 -8 -8 -7 -6 -6 -6 -14 -22 -18 -16 -17 -22 -22 -25 -28 -34 -51 -45 -29 -9 -7 -14 -25 -34 -30 -23 -23 -27 -37 -35 -38 -33 -26 -29 -27
-24 -36 -46 -24 -5 -5 -9 -13 -16 -17 -16 -17 -21 -21 -15 -18 -21 -15 -6 -6 -6 -7 -7 -7 -6 -6 -5 -4 -4 -4 -5 -5 -5 -7 -7 -14 -22 -19 -17 -11 -10 -6 -6 -6 -6 -6 -7 -16 -24 -16 -8 -6 -6 -6 -6 -6 -6 -6 -6 -6 -7 -10 -11 -11 -15 -22 -21 -30 -36 -49 -49 -43 -28 -9 -10 -15 -27 -32 -33 -30 -35 -34 -32 -36 -34 -32 -30 -26 -35
-31 -46 -57 -38 -6 -4 -6 -9 -17 -16 -17 -20 -17 -14 -10 -8 -9 -9 -13 -14 -14 -13 -17 -20 -16 -11 -10 -10 -11 -8 -10 -10 -8 -11 -14 -15 -17 -24 -22 -18 -11 -8 -5 -6 -6 -6 -6 -7 -8 -8 -5 -5 -5 -5 -5 -5 -5 -5 -5 -5 -6 -7 -11 -13 -12 -15 -23 -30 -40 -42 -35 -37 -15 -5 -16 -26 -31 -35 -33 -36 -39 -38 -32 -33 -35 -29 -22 -27 -20
-42 -47 -42 -20 -7 -5 -7 -9 -8 -13 -17 -13 -12 -9 -10 -14 -21 -22 -26 -25 -23 -27 -28 -31 -28 -24 -22 -16 -16 -15 -15 -16 -11 -11 -16 -17 -19 -17 -19 -20 -13 -8 -5 -5 -5 -5 -5 -5 -5 -5 -5 -5 -5 -5 -5 -5 -6 -5 -5 -5 -6 -8 -9 -12 -17 -14 -24 -29 -32 -44 -36 -19 -1 -5 -22 -28 -32 -37 -36 -31 -29 -29 -26 -19 -16 -18 -26 -36 -18
-50 -43 -27 -13 -10 -11 -9 -16 -13 -11 -14 -12 -12 -12 -14 -13 -15 -28 -38 -35 -27 -28 -27 -26 -26 -27 -27 -24 -23 -22 -21 -22 -18 -20 -20 -19 -19 -15 -12 -9 -8 -6 -5 -5 -5 -5 -5 -5 -5 -5 -5 -5 -5 -5 -5 -5 -5 -6 -7 -9 -11 -13 -14 -13 -14 -20 -22 -22 -25 -38 -27 -5 2 -11 -23 -28 -33 -31 -29 -32 -30 -26 -25 -30 -33 -24 -17 -26 -14
-34 -39 -28 -11 -9 -7 -10 -14 -14 -16 -20 -20 -21 -17 -26 -29 -16 -24 -26 -24 -21 -20 -26 -25 -25 -28 -25 -20 -20 -22 -23 -24 -21 -19 -16 -12 -12 -10 -9 -10 -10 -6 -5 -5 -5 -5 -5 -5 -5 -5 -5 -5 -4 -4 -4 -5 -7 -10 -14 -20 -21 -23 -25 -24 -21 -25 -29 -29 -19 -29 -27 -7 4 -5 -22 -25 -27 -27 -29 -32 -31 -31 -33 -37 -30 -23 -31 -27 -14
-20 -16 -12 -10 -10 -13 -18 -14 -19 -16 -14 -14 -20 -29 -29 -24 -18 -22 -20 -19 -21 -20 -19 -20 -24 -23 -22 -19 -16 -16 -18 -25 -23 -20 -14 -11 -12 -10 -9 -11 -9 -6 -5 -5 -5 -5 -4 -4 -4 -4 -4 -4 -4 -5 -6 -11 -18 -25 -28 -30 -30 -27 -25 -20 -21 -21 -19 -25 -25 -23 -19 -6 5 1 -10 -19 -25 -27 -19 -20 -21 -24 -26 -27 -25 -24 -18 -15 -7
-11 -10 -16 -21 -13 -10 -14 -11 -16 -17 -13 -13 -17 -26 -33 -26 -25 -24 -27 -27 -32 -27 -21 -21 -24 -24 -20 -20 -17 -14 -13 -14 -14 -13 -12 -13 -11 -11 -10 -10 -8 -6 -5 -5 -4 -4 -4 -4 -4 -4 -4 -5 -8 -16 -22 -26 -33 -34 -33 -29 -24 -18 -11 -3 4 7 7 2 -1 -6 -8 -1 4 4 -6 -9 -9 -10 -9 -8 -8 -10 -12 -15 -24 -31 -25 -23 -25
-11 -11 -24 -29 -14 -13 -17 -17 -14 -12 -12 -12 -13 -17 -23 -29 -28 -25 -27 -30 -30 -25 -26 -34 -28 -24 -21 -20 -17 -16 -17 -15 -17 -18 -13 -15 -14 -12 -15 -15 -9 -6 -4 -4 -4 -4 -4 -5 -7 -12 -11 -19 -26 -30 -33 -37 -39 -34 -32 -32 -15 3 12 15 16 15 14 12 9 4 1 -5 -10 -8 -8 0 0 4 0 -6 -14 -27 -28 -25 -32 -32 -29 -32 -29
-15 -11 -14 -12 -12 -28 -33 -25 -18 -20 -13 -12 -13 -15 -17 -17 -20 -24 -32 -37 -34 -31 -27 -28 -25 -23 -29 -27 -24 -28 -24 -23 -24 -22 -17 -13 -12 -10 -9 -7 -6 -5 -5 -4 -6 -8 -10 -16 -26 -29 -32 -37 -41 -38 -37 -34 -32 -38 -30 -7 3 13 17 17 15 12 12 10 5 -4 -15 -7 -17 -18 -20 -13 -10 1 -18 -26 -28 -28 -34 -30 -30 -27 -21 -31 -19
-13 -10 -10 -11 -22 -30 -26 -21 -17 -18 -17 -13 -13 -14 -15 -15 -17 -20 -24 -29 -30 -25 -22 -21 -20 -21 -21 -23 -21 -18 -19 -17 -16 -12 -10 -9 -8 -8 -7 -6 -6 -5 -6 -6 -13 -19 -26 -34 -36 -37 -44 -45 -40 -37 -33 -20 -17 -20 -12 10 16 15 6 0 -5 -5 0 0 -7 -13 -16 -18 -20 -25 -18 -19 -20 0 -21 -17 -18 -28 -25 -29 -19 -27 -23 -11 -7
-10 -10 -10 -22 -33 -32 -30 -25 -19 -16 -17 -16 -15 -14 -15 -16 -18 -21 -25 -26 -27 -26 -29 -28 -25 -26 -24 -19 -16 -17 -16 -14 -12 -11 -11 -12 -9 -8 -8 -8 -8 -11 -11 -16 -29 -36 -33 -43 -42 -51 -44 -49 -44 -29 -7 4 8 9 9 13 5 -1 0 4 -1 -11 -7 -6 -9 -11 -19 -16 -21 -24 -19 -10 -1 0 4 2 -1 -3 -3 -3 1 -7 -6 -8 -21
-11 -13 -16 -29 -31 -27 -28 -20 -18 -18 -21 -19 -17 -18 -22 -19 -19 -19 -21 -22 -24 -27 -30 -29 -22 -20 -19 -18 -17 -17 -16 -15 -17 -16 -13 -11 -10 -11 -17 -11 -17 -28 -24 -35 -37 -44 -43 -52 -66 -49 -43 -32 -34 -16 7 16 18 20 15 -1 -11 1 4 -15 -14 -16 -20 -21 -14 -3 -23 -9 -17 -13 -20 -4 2 0 -13 -19 -4 -20 -25 -18 -12 -21 -22 -23 -24
-15 -20 -30 -39 -38 -33 -28 -30 -26 -33 -32 -25 -20 -22 -25 -26 -25 -22 -25 -25 -25 -24 -23 -22 -22 -22 -22 -24 -29 -26 -20 -25 -36 -28 -16 -13 -15 -23 -22 -20 -26 -34 -34 -40 -47 -43 -45 -52 -46 -58 -46 -30 -3 7 14 18 18 10 9 9 11 -7 -8 -12 -16 -18 -11 -15 0 0 -20 -6 -5 0 -8 10 -5 -9 -17 -20 -20 -16 -21 -29 -16 -13 -22 -26 -31
-12 -20 -34 -36 -35 -40 -29 -31 -27 -27 -32 -25 -28 -26 -32 -34 -32 -24 -25 -30 -29 -29 -27 -29 -31 -30 -27 -30 -31 -28 -25 -24 -25 -23 -20 -17 -25 -23 -29 -26 -37 -41 -48 -44 -52 -52 -52 -40 -37 -27 -21 -12 1 13 15 12 0 -3 -6 -18 0 11 0 -4 -12 -5 0 -5 6 13 15 13 9 4 9 -18 -19 -15 -19 -23 -26 -20 -31 -19 -11 -15 -18 -25 -29
-11 -14 -24 -28 -34 -34 -30 -28 -31 -27 -29 -34 -37 -32 -29 -28 -34 -31 -28 -35 -38 -39 -32 -30 -34 -31 -34 -31 -35 -34 -33 -26 -37 -35 -29 -19 -16 -25 -27 -37 -46 -44 -39 -57 -53 -48 -44 -52 -36 -10 0 4 9 11 5 -2 -19 -16 -20 -12 4 1 15 13 10 20 7 -5 21 13 6 0 -14 -20 -3 -5 -23 -19 -16 -15 -23 -25 -21 -15 -25 -17 -22 -27 -22
-11 -11 -31 -33 -31 -36 -36 -37 -35 -33 -33 -20 -20 -21 -16 -18 -24 -19 -25 -38 -41 -40 -33 -28 -32 -33 -35 -37 -35 -33 -32 -27 -33 -29 -18 -16 -17 -22 -33 -38 -48 -51 -48 -36 -40 -42 -39 -26 -16 -2 1 -1 0 -1 -17 -12 -19 -24 -22 -19 -17 -12 -9 -5 -5 4 19 17 2 -16 -18 -19 -19 -21 -17 -5 -11 -13 -20 -14 -18 -18 -20 -22 -24 -22 -22 -25 -19
-13 -19 -29 -18 -24 -31 -31 -31 -23 -28 -32 -32 -17 -8 -13 -19 -23 -14 -24 -34 -33 -39 -32 -22 -25 -26 -31 -37 -38 -39 -34 -28 -33 -23 -16 -16 -20 -35 -37 -44 -52 -53 -48 -49 -38 -33 -25 -4 4 4 -5 -8 -15 -18 -25 -27 -24 -20 -11 -9 -9 -9 -4 4 -2 2 16 22 -4 -8 -16 -9 -11 -5 -17 -20 -18 -2 0 2 -7 -18 -24 -23 -19 -12 -20 -18 -20
-34 -28 -27 -18 -19 -22 -20 -20 -27 -20 -32 -20 -17 -13 -27 -19 -13 -14 -12 -22 -33 -42 -32 -23 -32 -39 -41 -41 -38 -33 -38 -36 -27 -18 -17 -19 -25 -36 -45 -50 -46 -41 -46 -43 -39 -32 -6 10 5 -9 -17 -28 -23 -27 -26 -26 -21 -17 -17 -22 -18 -17 -8 0 8 -8 -10 19 23 19 2 6 5 -6 -16 -15 -8 9 13 -10 -8 -16 -21 -11 -19 -18 -5 -8 -21
-37 -25 -28 -18 -10 -26 -12 -24 -29 -12 -30 -27 -16 -9 -9 -10 -12 -23 -28 -26 -36 -39 -33 -21 -21 -28 -44 -37 -31 -30 -33 -27 -20 -19 -20 -23 -36 -39 -51 -50 -43 -44 -31 -34 -28 -13 6 16 3 -18 -27 -24 -18 -21 -24 -16 -11 -1 -7 -14 -8 -9 -10 -11 -7 0 -12 -4 -5 13 24 27 12 3 -5 -1 12 23 0 -11 4 -18 -10 0 -14 -16 -1 8 4
-31 -16 -15 -7 -8 -15 -10 -12 -17 -6 -20 -31 -14 -2 -28 -34 -26 -22 -36 -32 -43 -41 -31 -30 -21 -36 -36 -28 -30 -23 -28 -24 -22 -22 -25 -30 -42 -51 -51 -44 -36 -26 -8 -6 1 12 17 10 4 -7 -9 -22 0 -10 -2 -7 0 -7 -17 -19 -12 5 12 6 -7 16 9 -10 -11 -6 14 15 26 29 29 30 27 24 26 5 13 -8 -13 7 -6 -4 12 -8 -16
-25 -26 -25 -8 -18 -7 -10 -20 -20 -20 -2 -23 -14 -6 -28 -37 -37 -30 -30 -34 -40 -28 -17 -21 -12 -22 -30 -30 -19 -21 -24 -26 -26 -26 -29 -38 -54 -52 -51 -51 -34 -3 5 6 11 16 16 -13 -23 2 11 -5 15 12 8 -2 -1 -3 1 -6 2 16 29 20 16 29 18 4 4 -8 -2 -10 1 13 11 14 2 17 24 30 23 12 9 18 16 12 -3 -20 -18
-29 -21 -16 -14 -22 -18 -24 -32 -34 -32 -11 -13 -25 0 -17 -33 -36 -33 -38 -33 -33 -26 -9 -18 -22 -18 -16 -15 -13 -19 -22 -28 -30 -36 -35 -47 -49 -44 -47 -40 -19 2 9 9 12 12 5 -31 -30 -21 4 20 28 15 3 -7 3 18 28 22 27 21 34 33 38 37 21 24 19 0 15 7 -1 -9 -11 -7 -1 0 4 16 34 22 13 -3 -8 -7 -15 -22 -21
-32 -31 -33 -31 -32 -29 -23 -23 -23 -22 -16 2 -2 3 -19 -22 -29 -36 -26 -13 -6 -7 -21 -35 -39 -36 -38 -27 -23 -31 -28 -28 -28 -29 -39 -48 -44 -39 -29 -24 -19 -3 8 10 7 7 -1 -27 -33 -19 -3 16 27 -3 -6 -14 -3 19 31 34 35 35 42 43 42 37 33 34 30 18 24 5 12 16 8 4 17 6 24 37 20 14 14 -11 -17 -18 -18 -24 -21
-22 -28 -29 -25 -21 -23 -21 -8 -4 0 0 0 3 13 5 -9 -23 -33 -25 -8 3 -23 -36 -34 -39 -38 -35 -33 -31 -36 -35 -36 -41 -34 -42 -53 -30 -30 -33 -34 -41 -18 10 13 8 5 -4 -17 -27 -23 -11 20 25 -11 -13 -18 1 9 21 27 34 40 42 44 45 46 45 43 29 20 28 20 32 25 22 12 27 39 35 21 8 -4 10 6 -6 -9 -18 -19 -21
-9 -13 -12 -15 -22 -25 -30 -24 -19 -21 -9 -9 -9 -14 1 8 0 -17 -18 0 5 -21 -35 -34 -37 -29 -35 -27 -32 -33 -34 -33 -32 -36 -29 -18 -13 -21 -28 -36 -43 -25 10 12 4 -1 -14 -28 -34 -24 -10 1 31 15 11 -7 4 0 2 -3 6 23 19 27 29 36 40 44 42 30 31 29 43 31 36 41 43 30 15 0 -6 -13 -9 -5 -4 -7 -18 -18 -23
-8 -16 -20 -36 -31 -32 -21 -20 -14 -16 -15 -12 -14 -15 -13 -18 9 -12 -26 -10 -3 -20 -30 -34 -32 -27 -25 -18 -30 -31 -24 -33 -22 -29 -19 -5 -16 -29 -34 -36 -38 -22 7 9 0 -7 -21 -32 -35 -30 -17 3 24 29 1 -19 -3 -14 -9 -18 5 0 -9 4 17 11 19 28 43 46 47 47 44 45 44 32 26 38 36 24 16 5 -8 -5 -13 -16 -17 -11 -13
-19 -30 -35 -31 -18 -17 -10 -25 -22 -30 -29 -27 -22 -19 -23 -17 10 -2 -4 -11 1 -23 -30 -24 -21 -15 -13 -13 -25 -22 -14 -18 -11 -12 -1 -8 -26 -34 -30 -34 -32 -29 -8 2 2 -13 -27 -33 -23 -25 -9 -8 -7 30 12 0 -17 -14 -12 -12 -4 -8 7 -6 -4 0 12 23 30 47 42 30 22 25 33 23 4 18 22 31 29 24 9 5 -11 -9 -7 -5 -13
-16 -29 -24 -7 -2 -13 -24 -33 -33 -31 -26 -21 -12 4 1 -16 10 5 13 10 9 -4 -10 -19 -2 -5 -3 0 0 -1 -1 -10 -5 5 4 -14 -30 -22 -27 -28 -28 -35 -24 -8 4 -14 -26 -24 -10 1 9 13 25 28 38 36 4 10 12 -9 19 29 28 17 -9 19 14 23 37 46 34 19 1 2 19 25 7 -5 -5 4 21 16 25 13 4 7 2 6 -2
-7 -3 0 3 -18 -31 -36 -33 -20 -16 -25 -6 16 22 19 16 9 2 -11 -13 1 3 -2 -6 5 6 6 9 4 -2 -9 -12 -22 5 0 -28 -21 -10 -22 -18 -24 -21 -17 -6 -1 -20 -32 -23 -25 -29 -12 -22 10 -12 5 29 41 38 33 20 26 46 49 33 33 40 44 50 48 33 6 10 -10 -2 16 11 -3 -1 13 12 5 8 3 4 3 8 -1 0 4
-23 5 -3 -16 -25 -35 -34 -22 -15 -6 9 8 21 14 -11 -9 -16 -5 -13 -30 -14 -21 -8 1 13 15 13 8 -5 -9 -5 -21 -23 0 -9 -21 -1 -2 -8 -23 -26 -4 -7 0 -8 -23 -32 -28 -34 -35 -27 -21 -4 -22 1 21 33 44 50 49 52 50 50 51 51 46 38 39 38 26 -1 -10 -17 -12 -1 -10 -4 8 4 -7 -3 -7 -19 -18 -20 -5 -21 -14 -3
2 6 -9 -20 -32 -30 -35 -34 -34 -16 0 18 24 13 -5 -16 -30 -24 -25 -33 -29 -22 -12 0 9 17 12 -8 -30 -34 -19 -31 -35 -13 3 4 4 1 -17 -27 -11 10 -1 -3 -14 -26 -34 -32 -36 -34 -32 -28 -25 -20 -3 -11 1 22 46 52 46 40 37 25 30 26 22 28 23 14 5 -12 -15 -18 -20 -14 -4 -9 -11 -17 -15 -13 -17 -18 -14 -19 -20 -13 -16
9 5 -13 -29 -33 -28 -31 -29 -34 -20 -1 14 27 14 -11 -23 -31 -28 -30 -29 -24 -7 -23 -19 -14 3 4 -22 -23 -33 -35 -36 -41 -37 -11 7 3 -1 -9 -24 0 20 1 -4 -19 -29 -34 -35 -31 -32 -25 -17 -21 -15 -7 10 15 33 50 51 47 21 6 1 -4 -2 -1 6 14 -3 -16 -16 -10 -17 -19 -16 -16 -16 -17 -9 -15 -11 -18 -18 -19 -21 -15 -17 -17
