Artocarpus hirsutus SDM files/MIS19/Environmental layers/bio16.asc
ncols  625
nrows  721
xllcorner  69.99986311115
yllcorner  5.99986187915
cellsize 0.041666667
NODATA_value  -9999
[rows 190 to 227 of 721, columns 435 to 521 of 625]
1158 1156 1146 1142 1131 1121 1122 1260 1154 1075 1117 1194 1263 1012 957 910 838 798 770 760 737 799 811 748 760 770 738 700 584 565 554 554 607 691 693 544 625 540 659 579 733 777 617 717 729 707 752 689 690 708 613 579 679 713 751 708 671 725 819 843 769 795 778 766 747 880 721 693 643 791 858 619 710 794 830 905 858 689 809 813 808 772 751 701 570 630 646
1227 1219 1197 1190 1218 1199 1166 1303 1538 1355 1335 1432 1209 1115 1061 1144 896 812 770 747 788 749 732 743 704 717 694 628 573 561 550 578 679 708 616 518 543 525 568 726 727 737 589 615 787 738 786 650 553 545 603 639 624 758 830 805 771 849 838 753 830 954 925 884 944 911 890 881 724 714 622 698 1013 978 1024 997 1028 903 878 913 747 630 614 667 597 560 542
1275 1315 1281 1287 1346 1507 1449 1508 1652 1637 1570 1266 1087 1019 1074 1000 1045 878 782 816 919 890 747 744 732 658 636 595 557 539 558 665 685 628 710 699 695 615 549 714 749 775 748 599 612 718 677 583 749 819 748 741 765 836 827 869 887 738 896 895 837 905 956 975 986 1028 1055 1032 872 992 863 767 739 853 862 899 1049 1020 1004 927 783 772 741 669 707 728 680
1428 1399 1506 1508 1640 1808 1745 1636 1540 1673 1521 1402 1381 1316 1292 1163 972 884 869 881 818 770 773 729 735 690 640 568 540 550 584 685 665 591 700 706 683 651 578 652 665 678 820 775 607 692 614 830 859 830 817 808 812 816 816 838 895 829 826 933 890 878 936 852 951 996 956 925 774 800 1038 956 866 810 1029 905 924 853 771 867 932 905 882 833 721 614 728
1516 1604 1648 1787 1565 1648 1744 1471 1538 1410 1417 1292 1174 1307 1250 1097 1106 1047 954 929 911 794 697 692 699 637 579 540 546 547 582 678 610 560 609 673 711 695 714 614 646 751 855 841 664 681 820 874 826 718 776 848 807 821 896 877 895 874 745 839 936 850 892 1004 871 796 1058 1107 1044 783 1008 895 804 976 1105 1038 894 901 907 1017 996 912 763 677 623 592 729
1457 1387 1363 1429 1600 1433 1436 1601 1470 1107 1420 1452 1351 1328 1208 1185 1195 1117 1027 946 839 782 798 733 707 634 552 553 574 589 646 585 516 540 535 536 628 587 559 602 769 837 844 862 707 641 824 852 742 831 910 910 886 785 888 769 881 953 901 711 802 845 915 1037 1055 848 755 958 1087 957 832 959 782 903 1041 1135 939 951 844 976 953 874 852 856 839 754 648
1817 1676 1529 1404 1409 1491 1552 1455 1654 1352 1295 1503 1413 1122 1339 1260 1165 1062 1052 952 836 845 718 704 693 605 592 605 666 669 584 523 563 617 658 656 532 568 585 708 813 790 833 884 837 690 651 682 809 932 900 901 941 906 771 886 785 873 844 859 671 907 998 907 920 1049 969 823 942 1063 1008 772 747 1062 1148 1159 921 1106 820 906 871 890 886 888 811 740 737
1737 1836 1678 1673 1780 1694 1664 1720 1451 1494 1187 1446 1530 1052 1199 1264 1047 1044 1028 884 855 795 787 753 732 706 708 692 685 675 597 571 613 678 603 589 674 688 583 662 803 860 772 891 849 676 762 850 849 872 942 965 936 972 921 746 733 864 966 978 830 739 967 853 965 984 988 805 770 724 692 669 844 1086 1191 1142 920 1067 1016 910 1002 867 987 928 747 660 646
1495 1789 1829 1779 1845 1779 1591 1303 1179 1077 1307 1469 1475 1310 1075 1162 923 963 1014 872 797 825 822 752 654 711 717 701 660 609 666 641 726 723 741 658 615 562 589 759 801 873 864 818 854 672 597 626 752 927 994 980 877 915 980 976 870 887 941 969 997 831 811 1011 986 1015 1078 1072 825 806 640 795 962 962 1111 922 904 1092 842 792 776 865 981 863 910 808 646
1811 1798 1690 1744 2061 2030 1970 1830 1864 1295 1142 1531 1300 1481 1157 917 917 1062 972 1002 818 861 794 643 604 704 740 656 674 694 692 676 675 669 742 764 711 657 592 663 832 820 796 841 740 703 825 834 893 1008 957 985 919 793 785 853 828 908 969 915 1012 1005 812 974 1054 889 1043 1071 794 682 737 726 706 968 970 894 1031 982 783 763 1023 1012 900 858 935 725 688
2022 2021 1943 1938 1767 2044 2082 1955 1956 1683 1080 1193 1387 1436 1138 931 1058 1063 917 1013 777 850 729 661 643 744 728 662 635 609 697 673 659 646 622 709 772 653 603 623 756 810 719 654 602 667 901 1021 1035 905 849 977 1046 1016 994 862 747 969 1028 873 844 914 781 989 1035 926 952 1017 1043 830 814 675 618 743 763 703 815 857 746 708 1004 841 755 1019 983 780 718
2005 2093 2037 2092 1478 1847 1950 1908 1683 1876 1367 1040 1442 1309 914 1003 1194 1199 1030 912 900 929 795 739 687 674 656 653 750 702 713 755 720 757 786 776 755 597 587 585 673 720 727 787 790 894 991 1048 971 832 818 1031 1069 1090 1050 1011 777 910 990 936 859 922 788 828 909 861 853 977 1056 1040 981 886 792 759 807 888 751 934 762 662 682 859 967 831 956 874 700
2055 2202 1769 1605 1587 1343 1517 1631 1636 1864 1787 1325 1065 1168 1248 1150 1254 1293 1125 1043 1099 998 858 788 741 718 671 590 718 762 716 744 781 691 662 679 780 775 681 608 620 641 731 722 863 955 920 1025 936 706 854 1066 1086 1029 843 855 864 829 1036 793 690 697 768 1028 1023 890 729 873 868 788 809 1056 858 775 690 826 1019 1097 955 911 695 836 1023 920 755 774 775
2278 2257 1930 1646 1462 1399 1192 1173 1503 1618 1647 1508 1095 1210 1479 1489 1237 1287 1236 1096 1135 958 964 885 872 862 839 643 657 820 817 758 814 837 831 723 711 774 663 743 745 660 808 926 915 865 848 871 714 756 1082 958 939 957 778 707 789 906 1090 1094 992 940 676 910 898 756 771 1022 939 757 747 815 973 811 760 820 1036 1142 858 773 738 854 1057 966 863 785 988
2441 2451 2228 2132 2265 2322 1754 1384 1375 1333 1186 1132 1238 1249 1396 1431 1277 1113 1138 1112 1002 1150 1097 1040 971 908 941 858 653 787 839 749 790 879 835 807 693 812 780 637 637 640 757 862 711 772 828 750 949 1040 985 854 862 1113 971 761 963 1072 1068 987 954 1024 869 752 817 996 973 999 962 758 746 684 683 766 964 1023 955 1050 1179 938 810 801 1103 1105 874 696 722
2380 2518 2492 2514 2425 2312 2062 1613 1412 1308 1522 1851 1826 1788 1767 1691 1528 1411 1053 1267 1351 1205 1182 1103 1052 1012 932 905 689 720 846 707 838 824 902 736 711 912 785 795 842 803 678 708 786 791 803 1063 948 1020 1212 1045 823 887 1104 1102 953 950 1111 1144 947 832 812 780 774 1041 1069 965 1083 1021 896 969 925 741 934 1005 935 1066 1176 1047 888 816 950 837 733 703 773
2213 2260 2491 2353 2352 2038 2115 2220 1801 1378 1850 1770 1477 1477 1635 1912 1700 1442 1162 1186 1387 1358 1206 1256 1037 843 899 995 906 682 690 759 911 751 893 914 695 714 811 828 775 761 715 969 1074 1008 1166 1210 1180 1017 1068 1152 985 866 853 855 925 1279 1353 1378 1374 1200 997 874 833 851 1105 1168 1080 773 715 683 717 825 1097 1177 1117 1056 1198 1217 1049 1056 811 796 1000 1143 1213
2543 2253 2334 2122 2023 1763 2016 1926 1857 1335 1489 1434 1694 2072 2196 2116 2008 1730 1368 1249 1307 1338 1378 1430 1263 1075 921 855 1098 895 760 762 925 989 854 740 741 783 846 1001 972 898 794 1130 1102 1224 1334 1327 1425 1223 1281 1405 1303 1194 1162 1040 877 957 1256 1314 1371 1455 1283 1145 1100 921 928 1242 1137 1075 1049 881 803 756 982 987 1033 956 1168 1271 1073 848 884 1123 1159 1024 901
2195 2087 1896 2242 1835 1856 2295 2234 1576 2031 2098 2006 1985 1987 2358 2241 2130 2033 1848 1537 1305 1755 1673 1455 1388 1383 1368 1126 1038 1155 901 819 908 1088 873 893 1033 1005 937 863 819 838 802 1016 1274 1299 1286 1331 1420 1378 1456 1578 1601 1407 1299 1219 1095 902 920 1260 1258 1303 1467 1445 1427 1255 966 1252 1173 1044 1292 1182 1109 871 1065 1155 959 820 1117 1228 1109 1047 768 812 776 750 802
1917 1862 1875 1890 1776 2087 2408 1883 1737 2203 1980 1905 1911 2302 2348 2476 2412 2371 2219 2100 1857 1684 1633 1740 1705 1419 1243 1307 1128 1211 1337 1047 985 1056 863 975 963 957 1022 1109 1050 1004 1000 872 1039 1192 1266 1190 1222 1528 1552 1345 1431 1520 1313 1366 1510 1453 1089 1200 1377 1599 1657 1606 1441 1542 1111 1138 1419 1190 1109 998 1043 937 944 1227 878 792 1095 1194 939 775 935 895 879 844 1043
1818 1776 1684 1715 2014 2294 1759 1633 2331 2325 1912 1779 2222 2391 1969 2391 2730 2600 2514 2349 2184 1810 2080 1897 1850 1841 1633 1332 1215 1342 1391 1521 1453 1140 1206 1146 1158 1250 1327 1455 1478 1398 1098 986 995 911 1201 1258 1455 1471 1238 1418 1550 1670 1795 1656 1468 1498 1291 1204 1642 1747 1538 1631 1511 1512 1274 1098 1453 1285 888 821 808 884 1059 1107 1165 1026 913 836 906 1077 998 1248 1050 1133 1372
2128 2167 2256 2222 1948 2465 2269 2088 1945 2091 2365 2326 2234 1915 1852 2072 2669 2567 2627 2655 2330 1864 2349 2069 1865 1793 2006 1860 1667 1464 1319 1380 1416 1250 1499 1559 1544 1543 1545 1501 1576 1504 1227 1023 1055 1159 1051 1201 1191 1142 1226 1295 1416 1818 1913 1964 1869 1714 1627 1195 1527 1565 1688 1533 1701 1713 1454 1089 1460 1435 1177 1140 926 841 1151 1369 1295 1252 977 1119 1094 1255 1409 1520 1524 1493 1466
2577 2628 2399 2281 1909 1995 2644 2405 1965 2023 1805 1737 1857 1959 1861 2729 2772 2595 2458 2513 2378 1968 2289 2151 1925 1800 2152 2121 1987 2009 1791 1382 1317 1319 1429 1391 1599 1703 1793 1615 1452 1536 1732 1507 1386 1325 1220 1249 1403 1514 1398 1640 1927 1876 1856 1740 1405 1311 1392 1566 1303 1652 1517 1598 1711 1651 1470 1132 1446 1639 1615 1195 1034 973 995 1361 1233 1089 1105 1336 1311 1376 1275 1369 1558 1437 1301
2350 1945 2115 2003 2131 2475 2686 2666 2394 1816 2025 2265 1806 2050 2659 3028 2769 2508 2487 2308 2894 2155 1653 1614 1848 2304 2333 2091 1673 2201 2194 2185 2058 1644 1562 1830 1738 1425 1750 1801 1568 1609 1923 1907 1737 1552 1339 1736 1906 1987 2102 2191 2287 2248 2003 2099 2121 1898 1609 1370 1208 1191 1471 1803 1654 1819 1402 1257 1643 1673 1523 1617 1312 1249 1123 1367 1493 1177 1364 1355 1198 1170 1441 1457 1472 1256 1142
1791 2001 1656 1632 1703 1858 2329 2367 1933 2372 2664 2534 2780 2676 3526 3372 2527 2560 2737 3082 3034 2882 2239 2156 1774 2458 2285 1840 2346 2245 2260 2273 2077 1654 2150 2175 1799 1560 1526 1440 1701 1580 1914 2068 1560 1607 1497 1600 1449 1719 1856 2124 2129 2324 2077 1935 2256 2226 2129 1643 1480 1274 1232 1369 1679 2020 1823 1374 1732 1758 1412 1447 1629 1333 1237 1522 1337 1007 1049 1025 1244 1138 1306 1164 1162 1137 1340
2372 1780 1692 2125 1917 2392 2481 2069 2569 2333 2432 3184 3339 3449 3526 3508 3455 3154 2809 3092 2514 2640 3255 3092 2394 2114 2212 1884 2533 2231 2163 2086 2372 1871 1867 2306 2286 2206 2071 2011 2025 1661 1563 2087 1939 1612 1453 1556 1530 1577 1803 2220 1769 1859 2000 2086 2356 2363 2317 2362 2242 1711 1481 1320 1659 2028 1751 1337 1405 1780 1688 1321 1291 1308 1376 1179 1178 1102 1378 1371 1316 1501 1312 1592 1542 1755 1776
2121 2293 2289 2322 2634 2698 2697 2330 2235 2280 2909 3193 3371 3221 3379 3312 3310 3137 2957 2936 2995 3389 3042 3174 2744 2185 2189 2860 2786 2927 2437 2364 2630 2685 2382 2228 2244 2492 2596 2472 2178 2388 1935 1810 2290 2117 1657 1553 1474 1682 2243 2310 2125 2250 2048 2013 2371 2355 1968 2192 2090 1997 1860 2072 1569 1562 1617 1855 1786 1697 1772 1858 1671 1542 1431 1252 1642 1412 1133 1570 1734 1686 1312 1680 1674 1718 1711
2694 2684 2550 2769 3023 2605 2407 2118 2389 3038 3281 3067 3218 3150 3254 3210 3213 3015 2721 2865 3175 3179 2974 3386 3117 2721 2141 2561 2664 2995 2688 2023 2220 2950 3010 2342 2712 2729 2504 2738 2278 2104 2196 1650 2202 2188 1646 1972 2310 2344 2527 2510 2637 2538 2552 2231 1958 2305 2457 2382 2576 2610 2247 1708 1541 1503 1877 1884 2028 1896 1397 1694 1667 1358 1635 1771 1359 1646 1355 1686 1657 1721 1296 1524 1558 1635 1737
2595 2601 2299 2506 3033 2632 2627 2539 2870 3031 3134 3110 2967 2984 3087 3046 3097 3004 2950 3112 3143 3101 2999 3004 2830 2878 2907 2380 2849 2957 2468 2497 3017 3060 2648 2360 2955 2977 2365 2615 2809 2470 2455 1972 1913 1917 1702 2120 2195 2572 2545 2360 2501 2525 2504 2625 2500 2329 2444 2387 2601 2623 2333 1908 1594 1378 1599 1791 1651 1977 1896 1616 1483 1372 1568 1841 1756 1874 1895 1882 1527 1786 1861 1402 1586 1647 1767
2715 2617 2293 2441 3014 2874 2982 2866 2802 2979 3015 2950 2845 3000 3059 3006 3065 3069 3036 3020 2987 2961 2828 2810 3113 3407 3108 2900 2893 2875 2931 3134 3068 3085 2967 2469 2594 3222 2845 2361 2783 2474 2502 2714 2521 1858 1854 1862 2357 2498 2512 2464 2591 2472 2421 2437 2397 2268 2389 2205 2390 2188 2017 2440 2346 2154 1694 2139 2137 2045 2002 1848 1700 1696 1709 1737 1924 1796 1814 1932 1761 1876 1936 1890 1606 1407 1641
2644 2616 2559 2805 2859 2764 2869 2757 2471 2554 2703 2718 2800 2882 2825 2801 2868 2986 2898 2796 2847 2900 2942 2898 3094 3414 3465 3451 3207 2801 2876 2983 2720 3073 3296 2607 3249 3402 3259 2756 2627 2700 2461 2760 2139 2006 2264 2521 2622 2474 2404 2424 2447 2397 2435 2395 2298 2284 2355 2556 2463 2203 2457 2367 2236 1949 1722 1833 1726 1760 1809 1908 1838 1797 1883 2070 2076 1887 1744 1877 1867 1912 1847 1859 1797 1519 1643
2684 2592 2620 2619 2655 2683 2634 2512 2610 2639 2586 2662 2764 2802 2713 2646 2767 2956 2836 2851 2890 2930 2988 2993 3225 3244 3360 3401 3038 2701 2812 2851 3119 3146 3186 2555 2468 2971 3163 2505 3081 2909 2666 2343 2147 2624 2780 2664 2606 2492 2328 2343 2360 2388 2407 2375 2302 2300 2408 2447 2576 2466 2446 2380 2437 2339 2257 2081 2188 2149 2021 1977 2015 2007 1955 2053 2043 1851 1804 1836 1841 1821 1734 1715 1703 1673 1649
2561 2475 2471 2496 2499 2520 2490 2447 2599 2705 2623 2651 2797 2801 2727 2705 2964 2947 2877 2866 2891 2983 3031 3036 3104 3237 3280 3238 2872 2862 2941 2991 3057 3310 3448 3540 3316 2889 2921 3046 3290 3150 2777 2518 2882 2830 2752 2647 2517 2490 2344 2366 2310 2389 2418 2337 2300 2267 2290 2368 2371 2337 2345 2307 2251 2174 2036 1894 1899 1865 1814 1760 1744 1729 1775 1880 1922 1856 1736 1672 1667 1669 1614 1593 1570 1549 1559
2399 2397 2418 2458 2488 2484 2450 2499 2553 2661 2730 2683 2737 2779 2761 2799 2987 2882 2859 2873 2925 2971 3003 3041 3101 3142 3104 2960 2899 2910 2965 2950 3010 3097 3186 3256 3302 3512 3185 3137 3114 2851 2762 2839 2806 2782 2700 2595 2522 2564 2518 2497 2543 2453 2379 2319 2284 2239 2247 2238 2234 2236 2243 2190 2151 2105 1911 1836 1810 1785 1745 1714 1671 1654 1650 1647 1654 1672 1674 1644 1606 1604 1584 1554 1545 1519 1507
2283 2309 2419 2430 2501 2482 2458 2528 2569 2661 2726 2737 2707 2748 2768 2789 2835 2836 2844 2874 2907 2934 2948 2967 2982 2901 2832 2870 2903 2913 2938 2948 2982 2949 3009 3123 3210 3123 2923 2841 2897 2754 2648 2672 2680 2671 2625 2566 2562 2501 2490 2492 2464 2417 2340 2310 2263 2220 2188 2200 2204 2189 2198 2146 2067 2001 1865 1826 1808 1763 1722 1706 1682 1655 1648 1642 1641 1644 1637 1619 1576 1556 1544 1527 1515 1493 1465
2258 2404 2419 2425 2506 2457 2472 2524 2561 2618 2665 2703 2724 2736 2746 2761 2778 2825 2830 2855 2864 2891 2866 2883 2877 2815 2854 2884 2893 2900 2923 2907 2923 2939 3011 3072 3049 2903 2836 2830 2784 2741 2673 2636 2646 2673 2641 2604 2584 2517 2477 2497 2428 2349 2321 2292 2243 2189 2147 2158 2156 2136 2115 2081 2021 1919 1865 1866 1819 1780 1752 1721 1697 1682 1662 1641 1632 1630 1618 1598 1564 1545 1527 1507 1485 1468 1449
2291 2344 2372 2385 2458 2441 2474 2516 2548 2607 2631 2684 2709 2734 2745 2743 2746 2798 2811 2827 2827 2840 2824 2808 2804 2805 2822 2834 2852 2874 2929 2890 2911 2893 2956 2985 2947 2828 2787 2840 2766 2724 2691 2646 2596 2601 2600 2564 2501 2464 2435 2418 2371 2305 2289 2256 2208 2136 2102 2079 2077 2049 2011 1969 1882 1836 1810 1813 1798 1774 1755 1726 1702 1677 1656 1636 1625 1613 1591 1578 1558 1528 1515 1491 1472 1449 1426
2307 2317 2297 2373 2390 2415 2462 2510 2542 2601 2630 2671 2678 2704 2718 2735 2746 2772 2784 2792 2793 2804 2799 2779 2766 2771 2783 2815 2809 2829 2895 2857 2864 2852 2896 2859 2790 2803 2832 2824 2745 2767 2700 2663 2610 2566 2535 2491 2460 2428 2406 2377 2336 2276 2247 2207 2156 2096 2038 1997 1962 1959 1922 1881 1841 1821 1795 1804 1776 1765 1748 1712 1688 1664 1639 1626 1611 1588 1570 1546 1530 1506 1487 1464 1447 1421 1398
