Artocarpus hirsutus SDM files/MIS19/Environmental layers/bio1.asc
ncols  625
nrows  721
xllcorner  69.99986311115
yllcorner  5.99986187915
cellsize 0.041666667
NODATA_value  -9999
[rows 0 to 38 of 721, columns 267 to 355 of 625]
-64 -77 -43 -71 -53 -65 -72 -51 -36 -63 -110 -117 -112 -110 -108 -91 -56 -33 -50 -52 -60 -37 -58 -64 -74 -72 -77 -76 -69 -69 -64 -64 -72 -80 -83 -88 -91 -93 -94 -90 -87 -86 -89 -86 -87 -89 -87 -88 -88 -91 -92 -95 -99 -104 -106 -103 -100 -98 -96 -94 -93 -93 -95 -96 -97 -97 -97 -95 -93 -93 -93 -93 -91 -88 -89 -93 -97 -95 -94 -94 -93 -91 -91 -92 -90 -88 -89 -90 -93
-104 -86 -71 -106 -111 -95 -105 -86 -57 -82 -113 -124 -112 -97 -70 -54 -55 -54 -77 -88 -81 -63 -42 -55 -64 -67 -72 -66 -66 -74 -77 -77 -76 -81 -86 -97 -101 -94 -94 -89 -87 -86 -86 -88 -90 -91 -91 -91 -93 -93 -93 -96 -101 -102 -102 -101 -102 -100 -96 -93 -93 -96 -97 -97 -98 -101 -99 -96 -95 -94 -92 -93 -92 -91 -90 -92 -92 -90 -91 -90 -90 -92 -92 -92 -91 -90 -91 -93 -92
-125 -124 -108 -105 -103 -105 -90 -75 -59 -72 -97 -95 -80 -75 -68 -80 -92 -80 -94 -89 -72 -58 -54 -55 -55 -51 -59 -64 -66 -67 -71 -77 -75 -81 -85 -90 -95 -96 -94 -95 -90 -88 -87 -88 -90 -95 -100 -97 -99 -99 -96 -97 -101 -100 -98 -97 -101 -99 -94 -92 -92 -92 -93 -94 -95 -97 -96 -95 -95 -94 -95 -94 -94 -93 -91 -89 -88 -87 -87 -91 -94 -93 -94 -95 -93 -91 -91 -91 -92
-103 -101 -94 -89 -88 -90 -89 -83 -75 -72 -80 -94 -100 -84 -79 -85 -99 -96 -92 -97 -99 -83 -84 -86 -76 -60 -68 -67 -61 -62 -69 -81 -87 -89 -85 -89 -95 -95 -92 -92 -93 -92 -92 -89 -92 -98 -99 -97 -96 -96 -94 -98 -98 -99 -98 -97 -95 -93 -90 -90 -89 -90 -91 -93 -93 -93 -93 -94 -95 -95 -95 -93 -93 -91 -91 -91 -89 -89 -92 -97 -97 -96 -96 -96 -94 -93 -94 -94 -91
-88 -95 -89 -86 -83 -82 -83 -86 -93 -98 -104 -112 -110 -103 -92 -88 -90 -88 -85 -87 -82 -87 -83 -71 -71 -81 -84 -81 -75 -79 -88 -88 -87 -90 -92 -93 -97 -95 -92 -94 -94 -93 -91 -89 -91 -92 -93 -93 -92 -92 -92 -96 -94 -92 -91 -92 -91 -89 -90 -90 -88 -89 -91 -91 -90 -89 -89 -89 -89 -89 -89 -88 -87 -86 -85 -86 -86 -87 -91 -95 -92 -90 -90 -90 -90 -88 -88 -88 -88
-85 -93 -88 -82 -80 -78 -79 -80 -82 -87 -86 -83 -86 -87 -83 -78 -72 -70 -70 -73 -75 -74 -70 -89 -97 -89 -85 -80 -94 -103 -99 -101 -99 -94 -90 -91 -93 -96 -96 -95 -95 -93 -94 -92 -95 -95 -92 -93 -91 -90 -89 -89 -88 -86 -85 -86 -85 -85 -87 -87 -87 -87 -88 -90 -91 -89 -88 -88 -85 -84 -83 -83 -84 -83 -84 -84 -84 -86 -88 -87 -87 -87 -89 -88 -86 -85 -86 -86 -88
-112 -112 -106 -101 -81 -76 -75 -74 -73 -73 -74 -77 -79 -76 -74 -73 -74 -76 -86 -93 -95 -84 -72 -92 -100 -83 -78 -84 -96 -96 -98 -101 -101 -99 -94 -93 -94 -95 -97 -99 -96 -96 -96 -99 -96 -93 -92 -92 -95 -98 -94 -89 -85 -84 -83 -83 -83 -84 -86 -86 -86 -87 -89 -89 -90 -87 -86 -86 -83 -81 -80 -79 -80 -81 -83 -85 -85 -84 -84 -85 -87 -88 -89 -88 -87 -87 -87 -86 -86
-128 -121 -109 -109 -92 -83 -77 -73 -72 -72 -72 -73 -74 -74 -79 -78 -89 -99 -82 -89 -102 -96 -81 -84 -76 -69 -75 -88 -100 -99 -113 -124 -113 -102 -97 -99 -98 -100 -98 -99 -98 -99 -98 -99 -97 -96 -96 -97 -98 -95 -89 -86 -86 -86 -86 -85 -84 -84 -84 -85 -85 -85 -87 -87 -86 -84 -82 -80 -79 -78 -77 -77 -79 -81 -82 -83 -83 -83 -83 -84 -86 -87 -87 -88 -87 -87 -86 -85 -84
-98 -98 -115 -123 -110 -100 -95 -89 -79 -76 -75 -73 -73 -81 -84 -85 -99 -95 -86 -99 -122 -110 -85 -78 -75 -71 -84 -105 -130 -132 -128 -117 -111 -102 -101 -104 -105 -104 -105 -105 -101 -97 -99 -103 -105 -106 -103 -98 -94 -90 -88 -92 -92 -92 -89 -86 -85 -87 -85 -84 -84 -85 -85 -84 -83 -82 -81 -79 -78 -78 -79 -79 -81 -83 -83 -82 -80 -79 -80 -82 -85 -87 -87 -86 -87 -89 -86 -84 -82
-78 -92 -101 -102 -106 -98 -96 -100 -98 -91 -83 -76 -79 -91 -91 -93 -105 -105 -91 -93 -103 -90 -78 -73 -73 -85 -101 -129 -149 -148 -135 -108 -96 -96 -99 -105 -105 -109 -116 -107 -94 -92 -96 -101 -101 -101 -96 -95 -99 -94 -93 -96 -93 -91 -89 -88 -86 -85 -85 -85 -83 -84 -84 -82 -81 -80 -80 -80 -79 -79 -80 -81 -82 -84 -84 -84 -83 -81 -81 -82 -82 -81 -81 -80 -82 -86 -87 -85 -83
-76 -78 -86 -95 -86 -94 -89 -89 -92 -89 -91 -93 -96 -105 -99 -89 -97 -107 -108 -112 -106 -89 -74 -77 -88 -115 -121 -112 -131 -134 -116 -100 -94 -96 -108 -119 -110 -108 -101 -90 -89 -90 -94 -99 -103 -95 -90 -88 -89 -91 -92 -95 -93 -90 -89 -87 -86 -84 -83 -82 -80 -80 -80 -80 -79 -78 -79 -80 -83 -83 -81 -82 -83 -84 -83 -84 -84 -80 -77 -77 -78 -79 -80 -80 -82 -85 -87 -86 -84
-104 -87 -82 -87 -96 -94 -94 -89 -85 -87 -111 -108 -111 -108 -112 -106 -102 -119 -120 -108 -93 -81 -85 -98 -110 -113 -126 -130 -131 -134 -116 -95 -92 -94 -106 -107 -96 -91 -89 -89 -89 -93 -98 -102 -105 -96 -92 -86 -86 -94 -97 -93 -90 -87 -85 -83 -83 -82 -82 -81 -79 -79 -80 -80 -79 -78 -79 -81 -84 -84 -82 -81 -80 -82 -84 -81 -77 -75 -75 -79 -81 -82 -82 -81 -81 -81 -81 -82 -83
-131 -118 -116 -103 -132 -121 -102 -96 -87 -96 -136 -135 -123 -122 -130 -114 -102 -94 -89 -91 -90 -93 -106 -106 -121 -131 -128 -127 -118 -111 -97 -91 -90 -91 -91 -90 -89 -90 -91 -92 -93 -97 -97 -98 -102 -96 -91 -86 -85 -93 -96 -92 -89 -87 -84 -82 -80 -80 -80 -81 -81 -78 -77 -77 -77 -76 -76 -77 -78 -78 -78 -77 -78 -80 -79 -77 -75 -75 -78 -81 -83 -82 -81 -80 -81 -83 -84 -85 -87
-138 -127 -132 -116 -118 -137 -111 -104 -95 -98 -138 -142 -134 -131 -110 -99 -95 -96 -102 -107 -106 -110 -117 -128 -125 -127 -113 -108 -103 -98 -93 -91 -91 -91 -93 -95 -95 -95 -95 -93 -92 -97 -102 -101 -100 -97 -93 -88 -85 -87 -92 -91 -89 -86 -83 -81 -79 -78 -78 -77 -77 -76 -76 -76 -76 -76 -77 -77 -78 -80 -80 -80 -80 -78 -77 -79 -79 -78 -78 -80 -79 -80 -79 -79 -78 -78 -79 -79 -79
-143 -132 -140 -137 -132 -123 -116 -108 -101 -101 -132 -139 -129 -115 -106 -104 -103 -102 -102 -105 -113 -128 -130 -123 -113 -108 -104 -101 -98 -96 -96 -97 -101 -100 -99 -94 -91 -90 -90 -91 -91 -93 -97 -99 -96 -95 -95 -91 -85 -84 -87 -88 -85 -85 -83 -80 -79 -78 -77 -77 -76 -76 -76 -77 -78 -81 -82 -83 -86 -87 -83 -79 -77 -76 -78 -83 -82 -80 -80 -77 -76 -75 -73 -73 -72 -72 -73 -74 -74
-143 -144 -145 -138 -130 -129 -127 -122 -113 -117 -142 -125 -111 -109 -110 -107 -101 -103 -104 -109 -113 -121 -117 -111 -108 -107 -109 -105 -103 -100 -101 -99 -96 -93 -91 -89 -87 -86 -86 -86 -86 -88 -92 -94 -93 -95 -94 -89 -84 -82 -85 -85 -85 -86 -83 -81 -79 -79 -80 -81 -82 -81 -80 -81 -82 -85 -86 -87 -87 -86 -82 -79 -80 -79 -84 -85 -82 -77 -74 -73 -72 -73 -73 -72 -72 -74 -76 -77 -77
-146 -145 -142 -137 -137 -136 -137 -134 -124 -132 -123 -107 -104 -106 -108 -106 -110 -110 -113 -114 -119 -115 -111 -105 -104 -102 -102 -101 -98 -95 -93 -92 -91 -90 -89 -88 -87 -86 -85 -84 -84 -83 -87 -88 -91 -94 -88 -84 -81 -81 -81 -84 -87 -87 -83 -81 -82 -83 -84 -85 -86 -85 -84 -83 -84 -86 -85 -82 -80 -79 -81 -81 -82 -80 -78 -76 -74 -72 -72 -72 -73 -73 -73 -73 -74 -78 -82 -85 -84
-134 -133 -134 -133 -120 -118 -120 -127 -135 -135 -113 -106 -104 -109 -117 -113 -109 -114 -123 -129 -129 -119 -107 -102 -100 -97 -98 -99 -96 -95 -94 -93 -92 -91 -89 -88 -86 -85 -84 -83 -83 -82 -83 -83 -84 -83 -81 -80 -80 -80 -82 -84 -84 -84 -82 -81 -82 -82 -86 -88 -85 -81 -79 -79 -79 -79 -79 -80 -81 -81 -79 -78 -76 -76 -75 -75 -74 -73 -73 -74 -76 -76 -75 -76 -77 -79 -82 -83 -84
-120 -123 -115 -109 -105 -108 -114 -132 -142 -135 -112 -105 -105 -110 -119 -126 -128 -126 -124 -126 -120 -111 -104 -101 -99 -99 -100 -100 -100 -99 -99 -97 -95 -92 -89 -87 -85 -85 -84 -83 -82 -81 -81 -81 -80 -80 -80 -79 -80 -80 -81 -82 -81 -80 -80 -82 -83 -85 -90 -87 -82 -79 -81 -81 -79 -78 -79 -78 -77 -77 -77 -76 -76 -75 -75 -75 -74 -73 -73 -73 -73 -73 -73 -74 -73 -74 -76 -77 -76
-117 -109 -103 -101 -103 -112 -119 -128 -129 -117 -107 -106 -110 -116 -113 -118 -118 -118 -114 -112 -108 -107 -107 -106 -106 -105 -106 -112 -117 -112 -113 -105 -105 -96 -91 -86 -85 -86 -85 -83 -81 -81 -80 -80 -80 -80 -81 -82 -83 -81 -81 -80 -80 -82 -85 -87 -87 -87 -83 -80 -78 -78 -79 -78 -77 -76 -75 -74 -74 -74 -74 -74 -74 -75 -75 -75 -77 -76 -75 -73 -72 -73 -73 -73 -73 -72 -73 -73 -74
-106 -101 -99 -100 -106 -114 -116 -115 -116 -107 -105 -104 -106 -107 -113 -113 -112 -111 -110 -106 -102 -100 -99 -100 -100 -101 -104 -109 -113 -119 -118 -106 -99 -94 -89 -86 -87 -87 -85 -83 -81 -81 -82 -82 -80 -79 -80 -80 -81 -80 -81 -82 -84 -83 -83 -84 -83 -82 -81 -80 -79 -78 -78 -77 -77 -76 -76 -75 -75 -75 -75 -74 -74 -75 -73 -74 -75 -76 -74 -73 -76 -77 -76 -74 -74 -74 -74 -74 -75
-101 -98 -100 -100 -105 -112 -116 -116 -111 -104 -102 -106 -107 -108 -107 -108 -107 -104 -98 -95 -94 -95 -95 -97 -100 -100 -100 -103 -108 -114 -110 -102 -94 -91 -88 -88 -89 -86 -83 -82 -81 -81 -81 -81 -81 -80 -80 -82 -84 -84 -83 -82 -85 -85 -85 -85 -84 -83 -81 -80 -79 -79 -79 -79 -79 -78 -79 -79 -77 -77 -76 -75 -74 -73 -73 -74 -74 -73 -73 -74 -75 -74 -73 -73 -74 -75 -76 -77 -78
-95 -96 -98 -96 -103 -108 -105 -101 -102 -102 -102 -103 -103 -99 -94 -96 -94 -92 -91 -91 -93 -92 -95 -102 -108 -104 -101 -99 -102 -105 -102 -96 -91 -88 -86 -86 -84 -84 -82 -82 -83 -82 -82 -83 -83 -83 -84 -85 -83 -81 -81 -84 -83 -84 -88 -87 -85 -82 -81 -82 -83 -82 -81 -81 -81 -81 -83 -82 -79 -78 -77 -76 -75 -74 -73 -74 -74 -73 -74 -74 -72 -73 -73 -73 -73 -74 -75 -75 -76
-91 -91 -91 -93 -97 -97 -98 -100 -98 -95 -93 -91 -89 -88 -87 -87 -89 -89 -89 -88 -89 -91 -96 -103 -105 -100 -97 -94 -94 -97 -98 -93 -90 -87 -86 -84 -84 -83 -83 -85 -86 -86 -86 -87 -85 -86 -87 -84 -79 -79 -79 -80 -80 -80 -85 -87 -83 -82 -83 -86 -86 -85 -86 -85 -84 -84 -86 -85 -83 -81 -79 -77 -76 -76 -74 -75 -74 -74 -75 -75 -75 -75 -74 -74 -74 -74 -74 -75 -75
-90 -90 -90 -96 -100 -100 -95 -94 -90 -88 -86 -86 -86 -85 -85 -87 -90 -90 -90 -88 -87 -89 -96 -104 -100 -97 -92 -90 -90 -91 -92 -90 -88 -86 -85 -85 -85 -84 -83 -84 -85 -86 -85 -85 -82 -83 -80 -79 -79 -79 -79 -80 -81 -86 -90 -88 -84 -89 -89 -93 -92 -89 -87 -88 -90 -89 -88 -87 -88 -85 -83 -80 -81 -80 -77 -75 -76 -77 -77 -74 -73 -76 -79 -78 -77 -76 -75 -74 -75
-95 -98 -96 -97 -97 -95 -91 -87 -83 -81 -81 -82 -82 -83 -87 -96 -97 -92 -87 -86 -88 -90 -95 -99 -99 -93 -89 -88 -88 -89 -89 -89 -87 -86 -86 -85 -84 -85 -87 -89 -86 -82 -82 -83 -80 -79 -79 -81 -84 -84 -81 -81 -82 -84 -85 -84 -85 -87 -88 -88 -88 -88 -85 -86 -88 -88 -84 -83 -83 -82 -81 -80 -82 -81 -79 -77 -75 -76 -77 -74 -73 -73 -77 -84 -80 -77 -76 -75 -75
-100 -98 -101 -100 -96 -94 -88 -85 -81 -81 -81 -80 -81 -81 -84 -86 -87 -86 -85 -86 -86 -86 -88 -91 -92 -90 -87 -87 -88 -89 -90 -90 -89 -89 -87 -86 -87 -90 -90 -88 -83 -82 -86 -84 -81 -81 -84 -85 -85 -84 -87 -87 -87 -86 -86 -85 -84 -86 -88 -87 -86 -84 -84 -85 -84 -87 -85 -79 -78 -79 -77 -78 -81 -85 -84 -83 -77 -78 -79 -77 -76 -76 -76 -78 -80 -79 -79 -76 -75
-98 -97 -95 -94 -89 -84 -83 -82 -81 -80 -81 -81 -84 -81 -85 -88 -87 -86 -86 -85 -85 -85 -86 -87 -89 -87 -86 -88 -89 -91 -92 -93 -93 -90 -88 -87 -90 -89 -86 -82 -81 -82 -81 -80 -80 -81 -81 -83 -88 -89 -90 -92 -94 -92 -92 -90 -86 -87 -85 -82 -80 -80 -80 -81 -81 -80 -78 -75 -74 -74 -77 -81 -80 -82 -83 -84 -78 -77 -77 -78 -80 -79 -83 -83 -83 -80 -78 -76 -76
-90 -91 -87 -86 -84 -83 -83 -82 -81 -81 -81 -82 -84 -85 -86 -88 -88 -88 -89 -86 -84 -86 -86 -86 -86 -86 -88 -95 -98 -97 -97 -99 -99 -94 -89 -89 -93 -98 -87 -80 -80 -79 -79 -78 -78 -79 -80 -82 -86 -89 -89 -90 -91 -92 -90 -87 -84 -84 -82 -78 -77 -77 -76 -76 -77 -77 -76 -72 -72 -74 -77 -77 -78 -80 -83 -87 -85 -81 -78 -78 -78 -79 -82 -84 -84 -80 -76 -74 -75
-93 -93 -87 -85 -84 -83 -85 -86 -86 -85 -83 -84 -85 -87 -89 -89 -94 -95 -88 -86 -89 -89 -88 -86 -87 -90 -95 -95 -102 -111 -106 -104 -100 -91 -90 -91 -95 -89 -80 -79 -79 -80 -80 -79 -78 -79 -80 -81 -83 -86 -87 -85 -83 -82 -82 -81 -78 -78 -77 -76 -75 -75 -74 -73 -74 -73 -72 -71 -73 -79 -82 -80 -79 -81 -85 -90 -87 -81 -79 -79 -79 -80 -81 -85 -88 -82 -76 -77 -76
-89 -84 -83 -83 -84 -84 -85 -85 -84 -85 -87 -90 -92 -93 -91 -88 -88 -86 -82 -82 -84 -86 -87 -87 -89 -90 -94 -100 -113 -123 -113 -106 -95 -92 -95 -97 -87 -81 -80 -82 -82 -83 -82 -80 -80 -81 -81 -82 -82 -83 -85 -84 -81 -81 -80 -78 -74 -73 -74 -76 -76 -74 -72 -72 -71 -71 -71 -71 -76 -82 -86 -86 -83 -83 -88 -93 -86 -83 -81 -81 -80 -81 -82 -85 -89 -84 -76 -78 -78
-86 -86 -86 -86 -86 -86 -86 -86 -87 -90 -94 -94 -92 -90 -89 -86 -83 -82 -81 -82 -85 -86 -88 -91 -92 -91 -95 -103 -119 -116 -106 -97 -95 -89 -86 -82 -79 -80 -82 -84 -84 -84 -82 -82 -81 -85 -85 -84 -84 -83 -83 -84 -83 -82 -83 -78 -72 -72 -74 -79 -78 -75 -73 -72 -71 -69 -69 -70 -73 -78 -87 -90 -86 -84 -85 -86 -87 -86 -85 -83 -83 -83 -85 -87 -87 -80 -75 -77 -79
-85 -88 -89 -88 -88 -88 -90 -93 -91 -88 -88 -88 -86 -84 -83 -83 -81 -81 -82 -84 -89 -85 -84 -89 -94 -95 -108 -106 -114 -118 -105 -96 -89 -85 -82 -79 -79 -80 -84 -89 -92 -87 -84 -83 -88 -93 -96 -94 -92 -83 -82 -84 -84 -82 -84 -74 -72 -74 -76 -84 -80 -76 -74 -72 -72 -69 -69 -70 -72 -78 -80 -84 -85 -82 -85 -81 -80 -87 -89 -86 -88 -86 -87 -86 -80 -75 -74 -74 -76
-91 -94 -89 -88 -90 -91 -92 -94 -95 -91 -88 -85 -84 -84 -83 -82 -81 -82 -85 -87 -87 -84 -83 -87 -92 -93 -99 -103 -110 -104 -96 -90 -86 -82 -80 -79 -79 -82 -88 -97 -98 -89 -86 -84 -88 -94 -97 -96 -97 -83 -80 -84 -81 -80 -85 -75 -75 -75 -77 -86 -85 -78 -75 -73 -74 -71 -70 -72 -75 -82 -88 -87 -81 -77 -78 -75 -77 -79 -88 -87 -91 -89 -87 -82 -77 -76 -77 -74 -73
-88 -87 -88 -90 -93 -96 -99 -99 -101 -100 -88 -84 -83 -85 -86 -84 -82 -84 -89 -94 -91 -84 -84 -87 -91 -93 -91 -92 -94 -94 -93 -93 -86 -81 -80 -82 -82 -83 -90 -94 -92 -87 -88 -91 -95 -94 -93 -95 -96 -86 -81 -81 -76 -77 -83 -79 -77 -74 -76 -87 -86 -80 -76 -77 -76 -73 -72 -77 -80 -88 -95 -88 -79 -70 -68 -66 -70 -78 -82 -82 -82 -82 -81 -78 -74 -73 -76 -74 -76
-91 -87 -89 -92 -95 -101 -107 -108 -103 -100 -91 -86 -83 -82 -84 -85 -85 -90 -91 -87 -88 -87 -88 -94 -94 -95 -90 -85 -86 -86 -89 -96 -88 -81 -85 -88 -82 -87 -103 -102 -95 -84 -84 -91 -93 -91 -91 -94 -94 -86 -80 -79 -74 -75 -77 -79 -76 -73 -75 -81 -84 -84 -78 -81 -78 -74 -75 -81 -85 -87 -93 -88 -77 -68 -65 -63 -70 -74 -72 -73 -77 -80 -76 -75 -74 -71 -74 -73 -73
-96 -90 -88 -90 -98 -99 -103 -106 -99 -93 -91 -90 -84 -81 -80 -81 -86 -90 -88 -87 -85 -84 -85 -92 -94 -100 -91 -82 -81 -83 -87 -91 -86 -82 -85 -87 -86 -90 -102 -99 -95 -86 -83 -97 -91 -88 -88 -88 -88 -86 -81 -76 -74 -72 -73 -73 -70 -70 -72 -77 -81 -77 -75 -76 -75 -71 -74 -76 -79 -83 -89 -81 -72 -65 -62 -61 -68 -67 -69 -72 -74 -74 -73 -71 -70 -70 -70 -70 -73
-94 -97 -88 -96 -95 -97 -100 -103 -105 -96 -91 -89 -92 -82 -80 -79 -80 -83 -81 -80 -80 -81 -83 -87 -90 -96 -89 -81 -78 -79 -84 -90 -90 -88 -90 -85 -89 -92 -94 -93 -94 -83 -80 -90 -85 -88 -88 -86 -84 -85 -83 -77 -74 -73 -76 -74 -67 -66 -67 -71 -73 -71 -70 -68 -68 -68 -70 -74 -78 -77 -75 -70 -64 -62 -60 -60 -64 -68 -73 -78 -77 -76 -74 -73 -71 -70 -70 -70 -73
-105 -100 -90 -89 -92 -97 -97 -98 -101 -101 -96 -95 -90 -85 -81 -79 -78 -79 -78 -78 -77 -78 -82 -86 -84 -87 -87 -79 -77 -76 -79 -87 -88 -88 -78 -79 -88 -84 -84 -87 -91 -81 -77 -81 -90 -95 -92 -88 -84 -85 -83 -80 -77 -76 -79 -74 -67 -65 -65 -66 -67 -67 -66 -65 -65 -66 -67 -70 -74 -74 -67 -64 -65 -61 -59 -58 -61 -67 -82 -85 -82 -80 -76 -75 -74 -75 -74 -72 -72
