Artocarpus hirsutus SDM files/MIS19/Environmental layers/bio19.asc
ncols  625
nrows  721
xllcorner  69.99986311115
yllcorner  5.99986187915
cellsize 0.041666667
NODATA_value  -9999
[rows 0 to 46 of 721, columns 0 to 95 of 625]
116 123 126 175 157 119 181 143 107 141 181 193 190 152 149 84 79 67 70 72 79 91 77 78 106 89 119 137 137 132 125 123 103 103 80 105 128 91 69 76 72 58 60 80 67 124 106 66 47 75 108 75 65 30 30 37 36 31 24 14 20 24 22 15 22 9 11 11 13 13 12 2 5 4 2 0 2 3 1 1 0 0 0 0 0 0 0 0 0 0 0 5 0 0 0 4
146 126 126 173 130 148 186 165 115 159 192 189 119 87 90 87 91 89 104 126 154 72 84 89 105 107 127 152 137 100 121 130 115 141 85 72 70 52 71 75 121 101 110 58 93 124 99 52 84 100 87 72 33 37 41 35 37 27 17 24 28 30 16 22 24 9 13 13 16 15 7 4 9 5 7 2 2 1 1 2 1 0 0 0 0 0 0 0 0 0 0 5 6 0 9 7
192 112 130 141 160 181 157 144 156 187 168 103 99 100 153 95 123 102 118 148 169 80 88 107 95 109 151 153 113 108 95 110 99 145 99 145 92 68 112 158 164 149 123 67 74 65 61 62 97 74 117 87 43 40 48 54 23 36 23 30 33 31 18 27 22 13 13 16 19 12 13 6 10 7 9 3 7 2 4 2 2 3 0 0 0 0 0 0 0 0 9 6 6 7 9 8
181 126 143 128 176 155 180 168 188 127 94 118 173 102 150 98 144 116 150 173 148 72 101 123 119 126 153 146 126 148 145 82 95 131 141 138 83 128 145 182 131 113 100 61 77 124 108 139 81 157 118 108 101 50 57 90 30 48 31 31 37 32 26 31 21 23 15 19 18 15 18 8 10 11 8 7 9 4 5 0 1 3 0 2 0 1 0 0 10 11 10 10 10 7 11 9
140 177 143 175 193 182 172 177 125 134 112 135 179 120 138 109 138 154 152 169 87 106 116 115 134 152 143 149 159 169 167 91 73 82 123 125 136 167 177 157 173 153 81 69 94 160 141 192 131 189 129 124 148 137 114 49 35 53 41 41 32 32 31 34 26 27 20 23 18 21 17 12 14 11 9 10 11 7 6 6 12 11 11 1 2 14 12 11 11 11 13 10 12 11 11 8
171 197 196 203 186 145 160 127 142 167 105 136 166 156 114 118 141 164 171 118 98 119 126 148 150 165 130 154 178 166 95 135 88 88 101 139 175 157 130 111 146 159 78 71 102 115 160 213 188 105 110 146 168 121 59 71 106 51 48 36 45 86 25 29 24 28 25 26 20 20 19 16 19 9 11 13 11 11 26 20 26 10 19 24 20 17 18 12 7 9 12 13 10 9 10 9
226 205 194 204 131 126 161 133 151 169 110 136 174 160 112 135 168 184 146 91 125 136 153 150 172 170 130 165 153 100 148 169 75 103 134 159 161 176 196 140 106 151 83 81 144 191 188 207 109 107 166 170 161 149 64 76 54 73 98 49 53 54 76 79 35 31 82 59 26 17 24 19 45 31 37 34 42 38 39 28 20 11 15 26 19 20 22 13 7 11 12 15 16 12 7 10
230 224 177 141 125 131 185 131 158 172 119 144 180 151 134 168 183 150 92 130 124 122 123 148 167 171 145 116 125 147 192 149 78 133 143 130 159 196 202 160 130 114 80 98 178 229 138 105 120 170 221 142 178 152 162 182 161 142 90 110 124 149 112 73 87 96 91 61 61 66 70 65 36 44 48 42 50 46 37 25 21 12 18 24 17 28 17 8 9 12 14 17 14 13 9 7
230 157 115 131 149 142 189 159 174 152 148 140 165 158 174 168 127 122 160 114 158 160 122 138 180 172 169 135 166 169 200 154 74 103 101 141 161 208 182 144 145 147 82 127 197 185 96 178 162 155 241 175 149 132 191 183 211 111 139 143 135 142 144 96 71 78 98 109 80 52 70 36 54 53 61 56 58 42 34 35 39 29 12 28 22 30 16 9 15 25 18 16 15 11 8 6
178 121 146 184 149 161 175 195 177 141 133 133 154 182 178 127 143 140 182 138 131 175 132 163 167 166 162 152 161 198 174 127 88 145 143 156 199 185 182 194 147 126 115 114 178 108 125 204 230 212 261 228 114 192 177 212 209 111 141 181 107 144 158 148 67 99 97 110 104 81 44 54 56 68 66 52 62 50 52 47 52 36 19 22 29 22 11 12 19 19 21 12 13 8 6 7
140 141 156 177 198 170 141 192 201 149 119 144 160 173 161 130 133 148 181 163 128 164 141 163 162 186 186 178 142 180 209 118 99 130 177 182 182 201 236 210 211 192 188 103 112 127 174 229 195 258 264 203 153 248 173 194 233 163 111 200 113 143 152 161 70 83 89 111 118 81 51 80 80 85 74 49 64 64 41 40 56 50 35 19 25 19 16 27 18 15 20 15 10 7 10 16
188 188 143 168 210 193 150 157 205 185 110 132 131 177 156 140 151 130 178 174 142 184 125 179 133 177 184 148 192 126 156 110 107 168 186 196 163 139 225 247 220 157 152 111 159 168 238 199 249 282 226 282 155 147 225 226 177 178 111 208 177 100 122 140 82 130 132 125 82 54 83 96 85 88 83 52 59 76 46 36 53 44 34 29 19 25 15 23 22 15 18 11 9 11 13 17
178 221 161 156 212 190 183 140 177 116 152 136 159 188 142 177 143 135 158 182 151 193 150 135 139 182 183 200 222 205 192 99 155 175 183 214 132 131 207 193 218 152 126 164 250 236 315 232 190 197 228 299 292 144 153 241 264 167 119 168 128 92 97 93 97 105 156 142 71 87 92 78 92 88 76 59 52 76 43 33 34 27 26 28 22 18 19 19 16 13 14 11 14 14 12 12
185 198 183 182 194 194 219 197 134 138 150 170 137 184 155 171 157 129 146 157 175 179 138 142 170 187 188 206 223 206 142 107 184 138 149 161 123 135 228 244 196 145 150 158 243 310 341 330 222 189 278 261 220 163 136 172 273 237 134 147 210 146 80 114 140 145 175 119 81 74 67 56 59 77 71 43 50 54 37 40 43 31 38 53 40 37 25 30 31 26 25 17 12 11 10 9
178 213 155 207 172 177 192 156 126 140 162 152 148 164 158 149 179 123 162 167 149 165 127 179 178 194 177 172 217 245 218 122 137 127 159 112 136 180 160 233 198 176 185 244 235 351 267 323 240 164 269 258 159 141 137 162 259 263 195 244 267 225 92 120 150 158 174 152 144 154 84 101 97 73 61 82 55 44 55 77 51 48 52 50 62 57 35 25 43 45 37 21 18 20 19 16
187 203 143 151 169 176 140 134 171 178 154 163 145 131 144 143 170 127 136 185 186 194 122 167 193 167 194 216 188 205 253 153 171 168 151 168 130 134 167 195 142 239 216 302 314 333 241 275 298 163 223 227 166 272 244 212 290 262 209 241 257 257 103 131 138 165 170 180 180 171 80 122 151 100 107 103 56 44 56 77 73 66 77 61 69 67 45 37 51 56 38 25 18 28 32 24
238 192 201 124 171 120 150 200 176 165 149 152 191 180 162 136 133 131 137 161 172 159 126 158 181 156 153 182 243 208 237 241 217 247 240 251 183 145 163 204 240 254 363 272 366 375 274 217 302 160 179 195 229 295 276 288 291 262 231 194 248 260 111 129 115 147 149 183 155 113 99 124 163 125 142 105 67 49 58 67 82 80 84 75 76 72 69 67 70 61 37 22 31 38 46 30
240 234 237 175 114 151 186 184 125 134 148 163 175 183 195 207 168 129 112 141 125 164 193 182 145 157 204 208 219 224 216 172 139 214 259 245 187 146 211 294 301 329 376 312 257 404 378 257 209 254 325 340 306 301 282 261 228 239 262 239 248 270 127 130 148 158 166 207 199 159 159 136 161 164 113 98 63 56 66 82 90 62 67 72 75 71 76 67 75 64 40 34 31 57 39 26
223 214 191 149 138 181 157 144 121 136 121 132 152 155 152 188 201 215 179 121 155 142 183 134 137 157 164 182 206 170 188 212 173 170 246 239 177 208 240 215 272 367 339 307 238 330 353 270 201 304 354 372 285 283 287 297 237 224 229 237 262 222 114 166 176 180 213 181 160 181 174 165 122 188 143 118 91 54 63 63 63 77 78 89 84 65 63 65 69 77 59 60 44 64 50 37
204 176 174 148 130 134 110 122 109 112 136 164 136 146 146 154 187 186 199 143 135 135 166 128 122 153 198 211 225 196 170 174 164 142 222 249 170 171 249 367 378 355 353 323 247 226 309 217 205 246 266 279 221 209 238 335 301 265 221 189 190 142 143 146 174 185 201 199 136 152 142 178 110 151 151 92 76 67 78 81 81 82 82 72 61 73 79 86 81 80 73 77 65 68 67 57
231 233 223 184 113 111 110 100 108 149 165 163 151 122 147 166 164 152 124 130 169 169 133 124 153 196 187 192 166 184 199 152 197 138 150 160 215 216 220 276 274 282 275 298 275 218 250 267 245 251 214 209 192 245 287 282 308 258 343 315 199 152 208 188 199 230 237 232 185 113 164 142 104 160 108 98 158 110 73 87 73 79 72 73 98 74 65 81 64 79 76 65 62 58 75 77
200 218 187 196 191 188 146 99 141 140 149 134 122 108 126 127 126 130 110 173 180 121 101 173 218 214 220 197 156 174 219 159 138 148 209 237 328 330 355 281 246 242 304 238 253 224 235 249 208 212 254 267 302 265 290 213 279 182 269 269 168 139 145 157 186 202 241 260 271 159 153 120 132 104 86 116 179 164 131 136 131 147 90 98 114 126 80 94 86 64 65 80 68 76 81 77
171 202 217 226 228 186 155 107 113 150 139 105 96 131 152 132 112 97 167 180 116 111 132 188 204 207 193 168 154 141 219 234 142 207 277 322 345 324 254 232 233 251 236 332 399 364 306 217 241 346 342 302 276 261 250 213 269 184 200 184 148 215 198 193 244 174 182 232 216 189 136 127 110 153 92 125 180 176 152 155 156 157 114 111 127 120 101 96 121 108 71 90 93 92 83 71
149 143 137 150 181 178 147 116 105 123 95 90 118 135 161 140 114 110 162 148 148 106 115 132 161 135 150 166 151 124 157 226 168 187 228 304 283 266 248 252 275 315 356 391 448 446 364 266 201 231 212 195 248 337 257 189 226 257 207 151 167 179 211 223 276 169 173 270 179 123 144 128 141 190 102 111 120 108 120 115 124 135 129 109 125 127 127 92 112 120 92 94 107 113 67 84
127 121 124 114 142 150 146 144 118 90 83 117 156 191 151 105 104 98 111 136 116 100 119 161 156 115 126 173 169 160 123 129 166 177 184 205 266 301 276 279 294 344 251 222 267 392 389 336 198 198 253 317 317 298 355 263 179 290 216 152 189 228 225 196 303 205 153 280 230 129 156 161 178 191 194 183 154 152 137 103 128 121 111 109 114 141 131 124 143 117 109 104 119 124 85 100
111 99 108 133 131 157 166 147 125 82 97 139 151 164 149 149 132 90 117 101 89 88 108 130 127 113 109 139 126 129 113 150 248 220 195 249 261 194 211 199 181 235 262 199 206 297 389 345 225 256 284 245 309 278 244 246 179 222 203 150 170 182 230 169 260 218 157 245 251 145 152 228 264 235 192 249 245 216 237 131 165 119 169 151 126 163 128 153 138 95 104 120 125 136 90 101
166 122 103 119 101 127 151 125 90 78 124 144 146 164 150 139 107 137 102 118 117 156 117 102 104 109 95 120 115 121 186 186 234 290 265 207 183 241 189 182 175 221 234 188 201 238 264 275 216 204 218 249 272 210 316 301 221 176 167 167 154 171 253 170 258 222 156 189 181 131 172 154 182 170 213 181 202 232 257 141 183 190 151 159 165 166 168 144 102 107 91 111 102 99 132 124
145 120 95 110 139 154 109 91 76 90 128 120 106 104 131 141 150 154 144 181 167 124 150 164 171 173 149 103 111 174 237 257 203 170 179 155 151 174 262 185 177 248 345 284 196 215 214 213 248 282 331 313 305 193 187 267 290 259 159 247 240 199 273 198 187 244 159 194 202 123 137 140 149 143 159 165 160 237 210 186 164 156 200 186 208 167 194 113 142 202 142 145 171 113 133 125
141 123 88 117 161 130 94 82 73 108 107 95 120 148 168 164 174 172 173 163 145 148 180 171 177 134 127 111 170 166 202 189 176 133 153 212 184 153 189 180 170 218 250 207 191 221 231 278 365 306 266 302 276 201 166 201 210 245 156 171 175 203 254 310 302 266 272 244 293 236 172 131 129 147 143 147 160 212 207 179 196 176 182 203 189 157 139 162 180 195 170 139 183 164 156 176
96 93 90 137 140 108 86 74 78 124 143 147 160 166 150 139 138 129 159 116 117 149 119 113 111 103 90 126 185 221 211 141 127 129 132 169 171 151 182 201 169 170 182 186 245 325 364 315 266 226 197 214 313 281 196 163 163 172 161 206 217 300 287 219 250 228 194 224 229 273 167 153 176 201 156 201 189 204 250 203 190 210 252 254 137 199 206 166 172 199 189 169 195 204 192 191
113 90 81 114 92 84 73 72 91 101 105 116 132 113 99 93 93 89 99 97 81 95 98 87 81 81 101 159 171 188 140 144 162 140 148 135 147 155 163 211 266 225 207 214 222 215 232 221 188 181 183 213 250 234 174 187 195 217 249 230 302 345 342 200 186 261 176 167 157 192 163 169 211 307 252 255 263 223 198 204 215 222 276 259 158 180 229 146 156 201 188 167 182 236 184 196
98 93 82 81 79 73 72 97 118 124 115 132 105 80 77 85 84 81 78 91 91 74 76 78 82 117 156 169 146 125 121 131 122 128 144 134 150 194 246 246 231 248 213 284 247 224 210 179 168 168 197 176 200 247 199 279 253 280 206 258 295 278 232 246 160 250 255 178 293 305 221 152 187 186 173 184 229 219 204 186 254 239 265 260 163 155 193 147 186 238 201 208 228 265 181 177
120 101 88 78 73 72 88 107 130 138 136 126 94 68 68 87 73 71 84 79 75 68 72 91 124 148 154 125 106 102 108 120 120 137 170 191 227 248 242 266 235 236 186 242 291 233 248 245 186 171 165 163 174 188 248 311 273 299 282 201 219 254 211 220 192 176 243 159 229 333 312 178 155 166 166 178 288 204 188 188 277 257 218 190 229 172 163 184 265 259 178 270 267 225 195 127
81 90 81 78 76 76 102 119 109 108 79 71 71 68 64 77 65 65 68 63 63 73 109 118 106 117 135 107 97 90 98 118 160 140 135 166 218 240 155 171 149 169 186 156 159 155 158 161 184 170 215 201 232 253 207 276 289 207 166 184 178 288 298 281 281 194 184 155 189 324 343 264 206 172 197 190 296 193 187 256 246 216 171 242 185 189 224 228 298 313 180 261 313 312 148 147
79 79 75 77 79 79 108 101 73 73 62 62 62 60 58 62 58 61 71 70 86 100 111 132 136 148 133 108 97 106 94 101 108 115 110 150 163 151 164 151 175 246 236 179 214 186 194 230 219 250 230 266 286 307 241 213 273 272 172 162 175 232 257 197 298 319 219 151 182 303 355 315 244 178 203 180 247 242 180 301 201 221 224 313 260 231 212 270 320 287 184 229 248 250 145 204
79 80 78 74 74 79 84 65 62 59 58 57 56 56 62 73 86 105 102 112 116 122 126 133 136 128 131 102 141 125 106 116 127 152 121 126 148 148 188 171 171 173 259 210 219 228 205 225 244 196 159 216 238 228 183 157 160 178 163 182 161 204 232 169 207 325 252 154 197 252 360 293 257 293 279 189 228 242 202 314 176 212 303 272 317 218 220 298 364 370 253 194 187 160 219 262
80 76 73 73 73 70 67 64 62 77 78 76 69 63 89 107 109 105 97 83 91 80 76 83 84 80 80 85 110 103 86 106 120 103 119 126 129 122 137 180 167 147 177 196 163 140 142 155 177 150 155 148 171 180 194 175 187 212 178 166 162 157 204 183 209 309 214 165 178 253 347 260 178 186 251 255 234 210 189 299 184 200 314 216 291 234 191 236 334 355 386 326 170 225 350 350
118 110 104 114 116 111 107 102 77 72 63 59 60 67 84 76 66 67 63 62 61 62 65 71 74 72 73 75 87 98 101 99 100 125 125 149 155 195 187 159 146 139 148 134 145 147 150 148 145 146 147 157 156 233 253 255 235 216 201 180 161 156 163 189 175 224 277 197 162 239 231 219 247 228 219 176 254 235 181 270 183 202 334 226 219 185 189 199 231 285 359 245 184 259 376 325
149 138 139 132 120 96 82 69 63 65 60 57 57 59 57 54 57 57 59 57 57 61 72 80 86 95 93 85 80 85 100 118 123 144 168 135 167 162 136 129 118 143 133 132 136 142 144 142 145 151 153 145 155 215 213 186 208 240 270 228 227 218 197 180 183 188 207 181 177 184 236 227 264 322 279 180 180 186 190 243 192 203 331 234 239 268 261 203 189 272 342 188 215 288 384 312
112 114 99 82 72 68 68 72 78 79 77 68 66 63 64 71 60 58 55 55 63 92 77 87 103 78 78 86 81 85 117 127 133 146 125 135 120 114 106 109 114 120 125 132 139 145 140 143 146 153 157 197 171 144 143 150 198 219 250 223 187 173 215 246 222 288 317 212 160 215 312 294 275 243 254 194 195 193 212 260 240 195 270 196 280 358 407 356 317 222 229 196 207 227 350 379
82 79 82 77 83 86 87 93 93 88 86 79 77 83 87 80 76 58 56 58 67 78 66 104 88 71 78 65 68 81 116 114 104 100 106 121 114 98 104 111 117 123 128 134 138 140 145 144 147 149 166 158 135 137 142 144 160 151 187 249 251 243 276 304 250 294 311 245 159 190 315 349 307 248 219 275 283 255 286 330 342 246 261 182 199 219 293 428 410 276 353 201 226 262 323 392
98 113 94 99 109 113 105 106 97 95 82 78 83 87 78 65 60 63 65 71 93 72 65 85 85 63 75 67 95 98 77 82 105 94 89 114 103 98 104 112 118 122 127 133 138 144 147 141 141 143 134 134 139 144 161 144 144 139 189 209 153 153 187 257 304 316 294 242 174 183 216 204 291 218 190 225 254 233 252 287 379 346 262 220 226 198 251 278 414 334 435 277 223 222 235 296
125 125 113 127 126 120 103 106 100 82 78 86 96 90 82 71 64 66 68 69 65 58 56 58 62 62 63 81 117 104 109 91 114 105 87 86 92 99 108 111 116 118 121 127 130 135 140 139 138 138 138 141 148 163 216 164 143 140 148 175 167 151 159 164 181 231 279 219 162 174 220 179 178 241 233 250 279 210 248 306 410 397 341 212 278 245 202 239 291 290 403 378 377 323 285 290
151 150 148 141 132 114 119 116 113 94 94 101 99 91 78 74 73 75 78 74 72 68 70 68 66 59 69 98 92 73 78 103 110 80 82 89 90 99 108 112 115 116 118 122 127 131 133 139 139 139 142 145 152 145 140 148 149 145 140 172 150 154 154 161 161 195 268 201 163 189 248 190 185 201 218 249 233 200 215 294 394 387 394 245 237 301 244 210 221 267 293 248 322 300 258 248
163 175 160 127 126 133 127 139 132 103 105 111 108 101 84 82 84 87 85 83 83 85 85 86 85 84 102 118 116 98 92 95 85 75 81 86 92 99 106 110 114 116 118 119 123 125 128 133 137 140 144 144 144 141 143 151 157 149 140 154 155 150 147 155 159 195 274 187 165 205 283 209 236 283 307 326 285 218 196 221 351 342 429 282 228 260 329 309 222 219 229 216 249 235 239 291
187 189 177 153 166 148 133 139 108 98 118 118 117 96 74 95 98 90 86 86 88 91 90 92 95 97 103 112 96 94 109 112 92 80 86 92 97 101 105 108 110 115 117 119 121 123 127 131 135 137 142 146 152 153 153 158 163 164 147 151 160 174 147 147 151 169 203 168 161 178 193 183 194 199 197 241 299 270 202 222 238 311 430 275 270 282 262 381 349 299 310 307 204 241 272 301
191 166 165 141 180 151 161 158 136 121 127 131 116 100 89 103 101 92 91 92 92 96 99 98 100 109 106 96 96 124 121 117 77 77 90 95 99 103 105 109 109 114 114 117 122 128 132 138 136 142 154 163 169 169 173 173 169 175 158 156 142 148 151 155 161 164 223 234 183 166 190 206 191 176 207 214 225 232 203 279 297 340 419 295 211 345 274 313 428 358 413 418 346 237 242 230
