Artocarpus hirsutus SDM files/MIS19/Environmental layers/bio18.asc
ncols  625
nrows  721
xllcorner  69.99986311115
yllcorner  5.99986187915
cellsize 0.041666667
NODATA_value  -9999
[rows 468 to 506 of 721, columns 178 to 266 of 625]
54 53 56 56 54 57 57 56 54 55 57 55 58 59 60 59 58 57 174 164 167 169 165 162 155 159 159 150 149 151 148 149 142 141 146 141 149 177 166 152 142 142 153 147 174 156 152 152 161 157 160 171 178 177 181 180 188 182 196 187 198 217 210 194 198 203 212 221 222 216 218 411 386 377 389 394 413 409 387 398 403 404 393 390 388 386 384 382 380
52 57 55 56 53 56 55 58 56 54 59 54 56 56 59 61 61 57 174 172 168 160 163 159 157 155 152 157 154 154 152 144 141 168 165 161 137 138 152 167 172 177 142 156 177 154 148 149 155 163 163 170 169 171 174 180 185 187 185 183 198 209 201 197 200 204 215 222 214 363 369 407 367 377 385 417 382 384 396 398 398 394 390 387 384 382 379 377 376
52 53 54 56 52 54 54 59 57 55 59 53 55 56 56 56 54 55 196 179 170 174 166 158 155 159 155 164 153 157 150 142 158 184 173 159 144 143 147 140 168 172 152 151 175 162 152 156 153 160 164 168 165 168 171 175 184 180 180 183 200 226 196 194 199 206 371 359 352 360 378 396 363 368 387 410 381 386 390 398 394 390 389 384 381 380 373 373 371
52 52 52 56 54 52 55 56 57 55 55 54 55 56 55 54 54 55 194 192 177 180 168 162 158 162 157 163 160 155 147 161 180 166 155 150 149 154 151 151 140 145 154 156 164 155 157 155 153 157 164 170 181 200 185 173 195 177 178 179 203 199 193 198 335 350 362 348 353 356 371 361 358 366 382 375 388 391 388 389 390 388 383 381 377 373 374 370 366
51 52 51 53 52 52 53 55 57 56 53 56 57 58 58 56 56 57 174 186 175 173 177 165 167 176 170 160 167 155 171 182 164 169 159 153 150 147 154 154 156 152 149 141 156 165 163 156 153 159 170 188 188 168 176 170 196 208 200 190 192 192 322 335 341 347 355 352 357 355 357 344 355 363 362 369 383 383 384 384 386 383 379 377 373 370 370 367 362
55 54 51 49 51 54 52 53 54 57 56 55 58 59 61 62 59 58 167 169 175 177 184 166 167 176 183 175 173 163 185 190 165 152 145 148 159 149 155 155 156 164 168 144 144 155 165 171 180 175 174 158 168 168 171 188 191 181 183 185 193 328 325 336 344 339 351 360 376 390 349 333 343 347 354 364 376 375 374 379 377 378 372 367 367 370 364 362 358
53 55 50 52 51 56 55 53 53 53 55 55 59 62 60 58 56 60 183 168 173 181 182 176 165 181 179 187 185 176 199 196 173 157 149 146 145 143 148 153 150 163 156 156 168 161 180 186 171 179 164 152 170 182 193 185 176 182 185 302 308 324 324 326 344 338 346 361 403 378 315 327 343 350 354 361 363 366 367 371 372 368 369 364 360 362 360 355 354
52 53 51 56 54 57 54 53 54 54 53 54 58 61 59 59 58 62 183 184 184 173 180 174 175 189 180 190 198 204 207 183 174 181 165 158 151 147 154 142 141 151 150 174 179 185 184 169 156 174 156 156 187 187 200 174 169 181 301 308 306 324 330 329 342 336 338 371 424 321 319 328 337 353 358 354 357 361 356 361 364 362 360 358 359 354 354 351 352
55 54 53 60 58 55 54 53 57 55 57 53 54 59 59 61 61 60 187 189 176 183 176 167 181 206 205 188 210 213 180 169 156 175 178 152 176 173 170 157 146 150 149 179 163 167 158 159 159 166 156 167 188 177 176 174 175 285 313 306 319 313 328 328 334 344 329 351 361 333 323 328 332 347 342 347 348 352 352 353 354 356 353 353 352 350 349 349 348
55 56 58 58 58 56 56 55 56 55 54 54 55 58 60 63 59 61 179 196 181 186 189 167 182 212 223 221 193 188 203 167 166 159 163 181 187 194 166 152 169 171 157 171 148 152 157 153 157 160 154 173 171 174 175 179 273 288 314 308 311 318 350 333 319 335 338 332 336 333 324 322 325 330 334 339 338 342 345 345 347 352 344 349 346 343 342 343 344
56 58 60 55 56 56 59 58 57 56 55 55 54 57 59 61 63 67 179 183 187 196 203 172 206 210 234 231 184 163 200 215 215 173 174 165 185 205 204 199 177 164 162 157 151 149 157 160 170 162 154 169 173 165 183 284 276 285 319 313 309 307 317 326 331 328 330 326 325 324 320 317 318 319 324 329 330 333 335 338 339 345 343 341 341 338 339 339 341
56 59 59 56 56 55 60 61 59 60 58 58 57 57 58 62 66 64 190 183 199 213 206 195 187 214 210 206 202 166 207 222 196 175 186 190 206 218 210 209 168 154 155 149 152 155 154 164 165 154 155 163 172 164 269 289 278 286 317 322 315 321 331 312 321 324 321 322 318 316 313 311 310 312 316 320 321 326 328 331 332 335 338 336 336 335 334 336 336
55 58 57 57 58 57 59 60 59 63 62 61 60 58 58 58 60 65 198 183 192 194 211 222 212 244 223 188 222 185 183 195 183 182 212 209 226 206 184 168 170 156 155 151 155 153 152 161 170 153 153 158 163 268 268 272 279 283 307 324 332 316 307 306 311 316 316 316 313 310 306 303 302 304 308 311 315 319 320 324 325 329 329 332 332 330 332 332 335
55 55 57 58 61 60 59 63 61 62 63 64 63 65 61 60 62 63 199 188 193 197 194 201 209 216 221 224 241 229 226 221 241 220 220 225 201 174 180 175 176 191 168 154 167 156 159 158 159 154 155 165 156 255 272 270 270 275 284 325 333 318 313 314 301 307 302 302 302 301 298 297 296 298 301 305 308 310 315 318 320 321 325 326 327 327 327 330 332
54 56 56 57 60 62 60 62 63 63 63 64 65 67 67 68 67 65 183 189 208 209 196 197 206 213 216 219 218 230 253 250 238 228 236 209 176 171 165 164 166 173 172 160 158 158 164 154 156 158 164 167 246 260 269 262 269 271 269 305 325 310 338 307 301 301 297 294 292 293 291 290 289 292 295 296 299 305 310 312 314 315 319 320 324 324 326 328 328
56 56 59 57 57 59 60 61 63 63 64 64 65 67 70 71 69 65 189 199 210 215 201 198 205 222 219 217 218 220 227 241 250 252 236 187 168 169 178 159 157 162 168 161 163 156 157 158 169 175 166 248 256 262 277 256 256 263 265 275 302 313 344 314 300 289 290 289 287 287 286 285 285 286 287 291 295 300 304 310 312 313 315 315 318 319 322 389 -9999
58 58 61 59 60 62 61 64 64 64 67 68 67 67 67 69 69 68 201 205 212 205 204 203 210 213 218 223 227 225 228 232 238 255 214 177 180 210 222 172 156 161 163 160 163 156 157 166 174 173 252 251 287 267 255 250 252 266 282 272 274 305 313 301 294 295 285 283 281 280 280 280 279 280 282 286 292 294 -9999 308 309 314 311 313 314 427 383 382 -9999
59 60 60 60 60 64 63 68 65 66 70 71 69 68 66 66 69 78 203 202 213 206 207 205 219 218 215 227 224 215 234 248 263 231 191 184 216 218 226 174 159 160 162 158 162 161 162 170 171 160 248 251 280 278 263 244 248 254 265 276 269 292 303 290 279 283 282 280 275 277 276 274 272 275 -9999 -9999 -9999 -9999 -9999 -9999 303 307 306 376 423 423 413 -9999 -9999
62 61 61 61 63 65 65 71 69 69 71 68 69 70 70 70 74 201 215 201 202 202 206 213 213 209 212 229 218 224 249 265 266 228 211 217 192 195 236 183 164 173 157 158 158 163 175 167 170 245 242 242 277 261 254 247 258 266 254 258 265 281 299 282 268 268 272 271 274 273 269 267 -9999 -9999 -9999 -9999 -9999 -9999 -9999 -9999 301 421 416 420 423 420 416 -9999 -9999
66 66 64 63 65 67 68 71 75 72 70 72 71 67 74 75 78 207 195 195 198 200 202 206 219 209 212 219 218 229 252 266 231 197 198 191 211 197 216 178 186 172 159 157 161 168 171 163 163 240 244 245 248 258 263 250 250 248 252 251 253 273 283 278 269 258 261 264 268 265 262 -9999 -9999 -9999 -9999 -9999 -9999 -9999 -9999 -9999 -9999 413 415 414 420 416 415 -9999 -9999
67 68 67 66 66 67 69 70 73 76 73 72 69 73 78 82 83 192 190 193 191 192 197 203 212 216 208 214 223 232 248 266 252 250 183 173 172 201 196 192 189 164 158 164 166 176 167 161 240 242 248 248 245 241 257 270 260 255 267 240 241 254 262 268 273 254 252 260 259 259 -9999 -9999 -9999 -9999 -9999 -9999 -9999 -9999 -9999 -9999 -9999 408 409 -9999 412 -9999 -9999 -9999 -9999
65 66 65 67 68 74 70 70 70 73 76 72 72 79 81 82 77 184 190 187 202 200 210 216 197 206 205 216 224 235 255 266 242 240 211 203 168 187 171 188 170 164 160 170 175 171 157 159 236 254 239 237 237 242 243 258 265 298 266 226 229 240 252 259 261 249 248 253 252 -9999 -9999 -9999 -9999 -9999 -9999 -9999 -9999 -9999 -9999 -9999 -9999 -9999 -9999 -9999 -9999 -9999 -9999 -9999 -9999
72 66 66 69 73 74 72 72 69 71 72 75 74 84 87 81 81 186 189 223 228 205 200 198 192 201 207 215 222 244 270 268 239 205 196 180 179 210 175 179 168 165 164 175 182 182 175 239 235 258 235 230 233 236 238 240 253 294 243 229 233 236 242 247 252 251 244 247 -9999 -9999 -9999 -9999 -9999 -9999 -9999 -9999 -9999 -9999 -9999 -9999 -9999 -9999 -9999 -9999 -9999 -9999 -9999 -9999 -9999
69 66 68 73 77 84 82 72 76 76 76 74 75 83 87 91 77 195 207 204 198 194 194 195 198 205 211 215 222 255 269 232 252 226 199 176 170 192 175 173 166 168 172 193 195 174 166 236 246 253 234 240 236 230 236 239 237 252 253 245 232 231 234 239 242 245 242 241 -9999 -9999 -9999 -9999 -9999 -9999 -9999 -9999 -9999 -9999 -9999 -9999 -9999 -9999 -9999 -9999 -9999 -9999 -9999 -9999 -9999
69 67 69 76 84 80 77 74 73 74 74 76 75 80 90 90 82 209 192 199 194 186 192 196 206 207 212 216 228 259 230 215 256 225 205 170 170 174 208 178 162 166 185 195 164 164 168 254 270 249 241 280 258 219 224 229 236 245 250 245 240 231 229 231 235 238 238 237 -9999 -9999 -9999 -9999 -9999 -9999 -9999 -9999 -9999 -9999 -9999 -9999 -9999 -9999 -9999 -9999 -9999 -9999 -9999 -9999 -9999
70 68 70 78 84 78 74 72 74 76 73 75 75 84 94 92 83 191 198 198 190 184 191 197 206 213 217 218 226 239 213 225 254 216 192 174 178 172 206 182 180 163 194 173 157 160 254 259 280 240 245 254 267 220 224 228 229 231 240 239 240 237 225 228 230 233 236 231 -9999 -9999 -9999 -9999 -9999 -9999 -9999 -9999 -9999 -9999 -9999 -9999 -9999 -9999 -9999 -9999 -9999 -9999 -9999 -9999 -9999
70 70 77 78 81 74 72 74 78 80 73 75 79 88 96 87 80 197 194 185 186 187 195 201 211 215 216 216 217 222 235 226 236 215 193 187 182 171 178 188 183 168 200 169 155 157 246 254 279 249 270 233 237 235 239 231 226 224 224 229 232 246 229 224 228 232 231 -9999 -9999 -9999 -9999 -9999 -9999 -9999 -9999 -9999 -9999 -9999 -9999 -9999 -9999 -9999 -9999 -9999 -9999 -9999 -9999 -9999 -9999
70 74 81 84 79 71 75 80 74 74 79 85 96 95 83 79 82 195 184 184 190 192 194 203 210 215 214 208 210 216 230 215 227 187 180 185 180 176 179 201 192 167 197 156 158 170 241 241 262 246 250 243 235 232 243 239 237 229 223 221 224 226 227 225 227 226 -9999 -9999 -9999 -9999 -9999 -9999 -9999 -9999 -9999 -9999 -9999 -9999 -9999 -9999 -9999 -9999 -9999 -9999 -9999 -9999 -9999 -9999 -9999
72 78 81 85 80 77 83 76 78 78 84 85 87 81 83 79 92 193 182 188 194 194 196 203 212 216 207 202 203 221 240 215 200 180 173 174 184 181 183 217 182 191 189 151 156 159 244 244 246 246 240 240 241 236 230 230 229 232 232 229 223 220 223 223 224 222 -9999 -9999 -9999 -9999 -9999 -9999 -9999 -9999 -9999 -9999 -9999 -9999 -9999 -9999 -9999 -9999 -9999 -9999 -9999 -9999 -9999 -9999 -9999
74 78 81 79 79 84 90 86 84 84 76 73 72 73 79 75 80 79 190 188 194 193 197 206 211 210 201 197 202 224 228 230 200 192 170 169 188 175 190 212 200 218 191 157 160 238 240 252 235 239 234 240 233 232 231 231 222 220 222 224 222 221 221 221 220 -9999 -9999 -9999 -9999 -9999 -9999 -9999 -9999 -9999 -9999 -9999 -9999 -9999 -9999 -9999 -9999 -9999 -9999 -9999 -9999 -9999 -9999 -9999 -9999
76 73 73 79 80 87 83 87 84 79 74 74 81 89 84 86 78 73 75 197 199 197 202 202 209 204 197 198 204 222 222 231 220 190 169 164 188 172 186 202 219 195 171 168 169 239 239 237 241 262 247 227 229 243 228 223 219 221 219 219 221 220 220 212 213 -9999 -9999 -9999 -9999 -9999 -9999 -9999 -9999 -9999 -9999 -9999 -9999 -9999 -9999 -9999 -9999 -9999 -9999 -9999 -9999 -9999 -9999 -9999 -9999
74 71 71 75 78 82 87 93 87 74 86 84 85 79 74 74 71 71 189 198 204 201 201 202 206 200 195 200 202 218 223 225 227 179 165 166 198 179 178 209 227 175 161 161 179 251 249 242 247 260 272 221 235 253 218 219 217 224 222 221 221 225 222 214 213 -9999 -9999 -9999 -9999 -9999 -9999 -9999 -9999 -9999 -9999 -9999 -9999 -9999 -9999 -9999 -9999 -9999 -9999 -9999 -9999 -9999 -9999 -9999 -9999
73 71 71 75 75 80 87 91 78 75 95 83 87 74 73 75 68 71 74 191 197 203 199 203 198 199 195 197 198 205 219 223 228 174 167 168 204 200 169 212 209 166 161 161 164 251 263 251 249 265 258 232 250 250 220 215 216 217 218 216 216 219 217 266 264 -9999 -9999 -9999 -9999 -9999 -9999 -9999 -9999 -9999 -9999 -9999 -9999 -9999 -9999 -9999 -9999 -9999 -9999 -9999 -9999 -9999 -9999 -9999 -9999
68 71 70 72 73 80 82 80 76 86 93 79 93 79 75 75 69 71 72 188 190 195 199 202 198 199 191 192 196 205 210 227 219 173 167 164 183 201 176 216 185 160 163 160 244 245 246 243 244 266 244 255 250 242 219 217 215 216 216 216 218 217 262 261 -9999 -9999 -9999 -9999 -9999 -9999 -9999 -9999 -9999 -9999 -9999 -9999 -9999 -9999 -9999 -9999 -9999 -9999 -9999 -9999 -9999 -9999 -9999 -9999 -9999
73 76 70 67 72 78 76 75 78 77 88 76 89 86 80 74 72 71 71 184 185 192 193 195 199 199 191 188 197 199 210 218 216 173 169 162 169 192 179 215 186 166 185 273 237 235 244 243 243 245 242 247 248 249 235 217 217 217 217 218 221 212 254 254 -9999 -9999 -9999 -9999 -9999 -9999 -9999 -9999 -9999 -9999 -9999 -9999 -9999 -9999 -9999 -9999 -9999 -9999 -9999 -9999 -9999 -9999 -9999 -9999 -9999
72 72 68 67 72 72 79 75 72 75 77 74 72 86 86 77 70 72 71 186 188 186 189 189 191 197 190 188 193 202 206 208 216 171 163 163 166 179 181 207 197 164 209 272 235 235 242 243 240 239 237 238 239 234 230 220 220 219 217 222 263 257 245 240 -9999 -9999 -9999 -9999 -9999 -9999 -9999 -9999 -9999 -9999 -9999 -9999 -9999 -9999 -9999 -9999 -9999 -9999 -9999 -9999 -9999 -9999 -9999 -9999 -9999
72 77 68 68 70 72 74 78 76 71 70 72 72 76 83 83 71 70 70 184 199 201 196 181 185 190 188 189 189 205 207 206 217 170 162 162 164 174 184 205 192 162 177 284 243 238 255 258 238 237 231 231 230 228 226 224 219 217 223 223 260 249 240 237 -9999 -9999 -9999 -9999 -9999 -9999 -9999 -9999 -9999 -9999 -9999 -9999 -9999 -9999 -9999 -9999 -9999 -9999 -9999 -9999 -9999 -9999 -9999 -9999 -9999
68 73 71 70 69 70 72 78 77 70 68 70 71 72 77 86 73 73 69 175 181 189 200 186 183 186 187 186 190 199 216 204 205 181 162 162 164 175 188 203 195 161 159 171 242 251 244 260 238 240 235 241 234 226 224 218 216 223 229 257 241 240 239 240 -9999 -9999 -9999 -9999 -9999 -9999 -9999 -9999 -9999 -9999 -9999 -9999 -9999 -9999 -9999 -9999 -9999 -9999 -9999 -9999 -9999 -9999 -9999 -9999 -9999
68 68 72 67 68 68 70 74 76 68 68 69 69 70 72 83 83 85 74 177 177 178 184 187 186 187 186 185 186 194 213 205 192 203 165 163 163 172 192 199 214 168 183 156 247 245 238 243 244 243 242 236 230 226 220 227 217 221 250 242 247 244 238 241 -9999 -9999 -9999 -9999 -9999 -9999 -9999 -9999 -9999 -9999 -9999 -9999 -9999 -9999 -9999 -9999 -9999 -9999 -9999 -9999 -9999 -9999 -9999 -9999 -9999
