Artocarpus hirsutus SDM files/MIS19/Environmental layers/bio18.asc
ncols  625
nrows  721
xllcorner  69.99986311115
yllcorner  5.99986187915
cellsize 0.041666667
NODATA_value  -9999
[rows 312 to 350 of 721, columns 267 to 355 of 625]
416 406 384 403 388 414 434 453 418 414 391 396 430 401 404 409 435 449 449 438 443 438 453 422 410 421 417 428 414 436 466 460 472 456 429 421 463 463 487 447 442 456 464 462 455 448 455 460 441 448 456 469 495 477 443 473 480 495 527 489 483 504 486 477 492 478 477 505 477 470 519 512 488 467 483 458 464 468 520 543 506 455 471 479 480 480 468 497 525
426 412 423 424 399 391 421 439 406 415 423 444 466 403 395 404 430 437 465 441 461 438 449 430 420 414 422 423 433 424 460 443 467 446 437 424 448 475 481 440 461 487 469 445 465 455 460 468 434 448 451 455 458 472 448 434 455 475 494 498 448 480 441 474 501 515 500 513 503 457 456 468 464 475 516 465 480 458 502 527 519 453 454 456 461 469 465 490 508
407 401 420 420 417 416 414 425 420 442 429 425 458 453 390 400 430 420 460 452 461 448 431 434 424 415 424 418 425 409 436 431 444 450 424 454 470 475 458 438 466 484 472 442 450 470 487 476 454 444 463 465 489 462 478 420 445 497 440 443 458 448 437 429 467 506 532 501 528 484 488 472 455 471 497 475 461 455 469 513 507 466 483 456 453 458 456 499 516
408 398 403 403 413 425 426 455 423 437 456 416 419 447 433 418 409 412 433 467 465 466 436 428 416 414 451 421 423 417 415 418 435 421 424 458 472 485 447 438 448 460 486 459 452 456 487 502 466 455 497 484 489 457 480 413 432 500 498 432 460 497 441 429 441 486 498 510 527 536 508 488 450 468 502 487 471 471 475 514 549 526 531 475 460 453 448 468 493
395 413 403 390 396 407 409 415 435 460 448 472 415 418 440 446 394 407 426 440 464 433 435 436 419 431 445 415 441 429 413 413 412 438 417 460 473 481 468 439 440 452 466 476 470 445 464 508 507 491 455 493 484 445 409 416 423 455 493 473 440 501 470 426 418 436 451 470 473 526 545 507 452 452 483 496 460 457 483 475 476 500 518 497 478 461 449 459 448
393 412 410 390 381 423 399 401 428 429 447 438 422 460 433 443 392 403 418 433 454 433 439 441 428 421 447 439 410 427 415 449 421 438 412 449 452 465 475 459 455 446 439 471 469 461 449 493 537 498 492 488 475 457 417 427 421 447 499 495 438 498 517 465 418 426 449 482 467 499 549 531 494 458 477 510 493 473 485 466 461 458 527 499 454 443 450 444 440
401 399 439 405 374 420 400 383 400 413 427 419 442 457 478 473 394 397 417 430 445 442 432 426 438 418 457 452 411 414 408 453 436 419 407 457 455 464 456 432 440 426 455 476 471 448 442 467 511 477 504 489 498 486 427 420 434 452 473 480 453 481 528 512 418 423 435 484 495 472 491 501 520 477 462 475 501 516 466 441 497 443 534 515 474 460 444 445 450
409 421 439 433 369 395 432 375 401 399 429 424 449 472 486 436 385 394 408 419 440 457 436 425 434 422 437 422 396 399 403 418 447 430 407 455 470 470 425 410 418 449 468 496 456 451 429 501 450 395 469 467 483 498 447 429 451 467 455 446 472 464 490 520 446 444 435 486 501 479 476 486 490 480 431 439 479 508 471 461 495 450 511 527 511 469 446 437 445
398 414 429 434 374 374 413 383 405 410 430 430 444 459 480 424 387 390 400 411 441 460 469 448 429 430 412 402 436 416 395 399 416 431 427 403 420 445 437 417 424 453 479 478 494 469 436 482 430 407 426 487 456 452 455 451 472 467 452 437 457 471 475 506 430 432 434 463 503 499 486 474 495 484 455 424 462 464 436 461 479 450 480 509 514 478 443 434 434
413 392 434 441 394 379 421 389 402 434 404 442 461 433 409 403 403 396 404 405 452 461 484 447 416 430 442 450 472 413 395 448 394 389 428 433 403 417 454 455 404 425 446 460 471 464 407 425 463 458 417 449 489 467 449 466 484 446 427 444 432 452 455 460 430 428 432 444 487 508 466 439 472 448 431 430 450 467 460 449 453 466 478 493 512 485 454 449 447
413 393 418 437 421 394 416 410 381 442 426 448 435 373 379 385 403 389 386 427 466 478 463 452 464 452 443 458 447 399 376 432 446 399 389 422 415 430 458 471 433 412 412 456 440 407 388 399 441 491 425 439 493 463 466 471 475 447 422 423 426 428 434 433 431 439 431 438 492 521 488 424 459 434 423 433 441 454 456 460 463 463 479 486 497 469 446 452 466
384 403 422 430 437 423 420 417 377 393 436 441 409 369 382 395 394 403 376 386 407 440 403 399 427 427 438 440 439 399 401 374 418 413 389 403 457 443 487 473 397 428 440 453 417 375 391 402 418 457 452 456 491 460 468 480 487 489 448 432 420 422 425 439 449 429 425 442 479 485 493 454 438 444 434 425 448 464 486 463 436 454 482 493 497 455 453 448 473
410 409 415 429 433 420 426 400 395 367 385 404 392 374 427 435 437 411 381 400 379 385 396 446 421 453 461 466 411 446 409 384 375 390 406 409 412 419 477 473 428 454 454 458 396 378 384 414 401 423 453 475 459 484 484 480 481 486 478 440 429 415 424 438 432 427 420 438 458 462 463 451 440 420 416 421 457 493 499 486 458 478 475 458 477 479 460 472 485
419 429 416 396 410 378 441 423 379 366 365 369 387 389 412 427 441 409 417 436 383 370 390 439 440 444 450 433 457 436 376 374 383 393 398 407 417 397 439 456 443 449 490 446 378 377 388 400 401 415 442 472 446 457 478 497 475 476 472 474 438 428 407 457 436 427 419 434 467 485 475 464 459 425 416 416 423 464 468 466 479 481 466 470 485 451 481 487 469
427 412 382 372 367 389 428 385 378 358 364 372 401 395 421 403 415 412 449 457 391 366 391 433 402 417 410 387 422 427 405 385 384 389 403 396 414 397 424 424 438 445 472 428 389 384 390 397 412 435 437 474 453 418 450 497 475 437 424 471 432 417 405 417 450 433 448 434 473 501 495 484 483 471 418 422 403 410 426 469 475 465 478 460 454 457 487 436 452
423 395 346 345 359 376 388 372 371 374 389 381 405 410 441 417 419 388 432 408 378 371 395 410 400 405 385 391 407 405 426 421 384 384 389 394 404 400 410 418 428 432 448 398 387 382 396 395 421 437 432 452 434 416 485 497 469 484 425 447 458 449 405 410 436 424 410 416 435 467 471 470 475 494 449 417 402 417 425 425 431 462 466 453 456 481 463 449 433
378 345 343 354 359 372 369 371 371 372 377 384 417 418 445 439 419 401 394 365 375 381 384 396 397 393 391 398 405 406 414 400 390 397 392 389 393 393 418 423 429 430 441 380 384 386 384 399 427 444 435 438 406 403 455 481 456 484 459 448 442 422 411 408 415 416 405 403 419 451 454 458 485 497 490 444 449 462 460 432 415 451 443 466 470 476 465 460 475
347 341 342 353 370 414 382 399 373 363 372 381 387 394 408 409 439 428 372 376 377 396 382 401 390 379 386 398 408 416 411 392 379 386 395 393 391 389 400 418 424 437 428 400 374 378 388 410 427 442 441 383 393 427 458 455 418 473 474 437 437 423 405 417 424 404 402 402 411 410 430 447 465 479 509 451 453 490 433 435 426 436 439 449 458 465 454 452 467
356 347 351 344 357 390 389 422 379 367 378 383 388 388 388 393 400 402 391 390 383 394 385 395 390 379 391 401 415 424 399 382 371 392 397 397 385 386 404 410 418 426 401 382 372 374 385 421 430 467 419 375 377 421 451 460 423 473 485 452 412 407 406 435 421 411 408 401 427 412 405 442 467 474 464 427 463 467 454 433 444 439 448 457 446 463 446 449 458
338 347 348 353 358 367 377 381 373 378 385 386 388 388 385 386 388 390 391 396 388 393 385 386 383 379 392 396 404 446 374 366 377 395 386 388 382 388 403 404 415 419 381 370 367 372 374 400 424 458 445 381 378 411 416 437 406 426 483 485 457 430 411 429 454 431 430 422 406 427 417 430 470 485 449 427 453 460 463 450 444 436 436 438 433 436 429 426 434
335 345 347 355 360 372 376 379 379 379 383 385 387 390 386 381 379 383 389 391 389 391 386 378 386 376 383 387 391 397 383 376 387 393 393 377 376 410 376 395 418 425 370 357 373 372 366 378 414 435 446 395 382 405 405 450 448 414 474 471 435 414 410 424 475 480 434 448 431 409 449 434 481 449 471 461 433 449 468 453 439 429 433 441 431 470 422 422 411
343 337 345 357 364 371 377 379 382 380 382 381 384 386 386 383 379 378 382 389 393 384 388 376 384 376 377 386 375 374 379 380 392 378 377 377 374 396 392 413 401 423 429 366 361 382 364 379 414 421 413 400 395 384 387 414 413 425 470 486 427 416 389 395 418 458 452 418 459 414 431 458 453 431 468 455 457 471 469 479 470 437 439 436 432 478 443 441 415
338 337 348 356 365 369 376 378 385 379 380 378 381 384 384 379 379 378 374 381 389 381 391 378 376 379 373 385 369 377 397 372 381 381 372 366 368 382 388 397 384 377 387 411 389 385 363 361 382 394 411 398 416 396 374 388 410 423 433 462 442 437 454 415 386 403 432 433 422 431 464 480 447 432 458 449 476 467 477 483 496 476 445 432 460 453 435 422 415
352 335 349 358 365 369 372 378 383 384 383 375 381 378 379 380 377 374 374 375 382 380 387 382 375 370 374 380 364 373 383 386 374 375 370 362 369 376 370 375 375 371 370 369 386 402 410 389 365 397 387 378 391 398 382 391 389 390 413 434 417 390 398 432 422 396 400 413 412 444 457 459 453 437 444 456 469 489 513 500 493 520 454 429 464 439 409 411 404
334 335 347 358 363 366 371 375 377 379 386 377 373 376 376 377 374 374 372 368 372 379 385 385 371 367 367 377 363 373 381 377 362 368 374 362 357 369 369 368 374 363 363 365 377 381 382 395 369 383 423 410 378 365 382 436 440 396 405 396 450 415 377 381 395 411 425 410 405 438 440 442 442 450 462 464 479 492 523 499 551 552 554 538 456 428 436 502 421
333 341 349 356 362 362 368 372 375 377 381 386 375 371 371 370 371 372 376 370 365 377 382 384 375 363 368 372 362 370 377 374 358 357 373 368 351 360 364 362 372 363 358 360 373 378 381 381 381 357 383 422 432 391 370 404 423 440 421 403 419 457 397 378 395 387 422 423 413 419 432 435 439 451 460 455 472 502 513 449 497 518 544 575 498 468 469 489 472
330 345 352 355 363 364 363 367 371 372 375 380 377 378 378 371 371 363 365 369 364 372 378 376 378 366 366 369 362 375 375 369 354 356 362 370 355 348 359 358 366 361 353 359 374 376 376 374 382 360 369 383 396 413 382 401 411 406 425 443 427 445 435 381 383 387 390 416 417 425 446 452 439 441 459 455 474 499 501 474 487 494 482 526 511 421 424 430 502
333 345 356 360 362 370 364 364 364 365 371 372 375 373 372 374 374 366 362 366 367 364 373 370 377 365 372 365 358 368 368 370 353 347 352 366 357 344 353 355 369 355 348 354 370 366 375 380 368 365 366 370 390 390 373 396 399 401 413 424 441 427 435 404 410 390 384 392 414 429 441 454 447 432 446 456 477 478 472 483 536 568 578 550 498 430 433 422 439
338 346 353 357 368 367 369 371 365 362 361 367 366 369 368 369 372 369 365 360 364 365 365 363 366 364 373 368 356 354 364 371 360 347 351 360 351 343 346 353 366 354 346 355 363 361 372 373 376 365 364 376 391 389 370 397 378 380 402 428 423 422 428 397 387 433 391 390 423 441 433 446 443 436 457 464 470 475 462 483 497 529 557 576 529 483 423 415 432
344 349 353 353 359 372 366 365 366 361 360 359 360 360 360 364 367 369 362 362 373 372 365 359 362 359 375 373 363 349 361 364 355 352 348 353 352 347 342 350 359 358 348 358 362 359 370 365 374 378 363 380 387 391 374 377 407 394 383 408 424 437 440 432 386 402 409 403 414 424 432 436 431 444 455 459 461 469 458 476 490 512 566 578 500 496 445 441 428
348 357 355 354 356 367 368 364 372 369 364 356 353 354 358 359 361 361 363 369 370 364 364 365 361 359 365 363 366 357 351 357 356 350 351 347 349 350 342 350 349 349 352 352 357 360 368 366 373 373 368 381 389 383 386 377 376 392 392 388 399 420 443 416 417 395 394 409 418 422 422 422 416 428 440 449 455 461 466 476 473 475 481 499 512 454 498 439 421
347 357 358 357 356 360 365 363 366 373 366 359 356 351 358 361 357 361 362 368 359 356 361 361 367 362 358 355 356 355 351 348 347 343 342 343 344 341 339 342 344 347 347 348 352 352 352 359 363 366 370 378 380 381 387 396 382 376 385 376 376 384 403 414 428 413 406 400 417 424 439 443 437 418 422 428 437 450 465 475 459 437 495 498 477 443 459 426 409
347 355 358 364 359 358 357 360 361 365 363 356 355 354 356 367 363 361 362 355 354 359 369 369 363 356 358 357 357 351 348 345 349 341 339 341 337 342 337 340 342 334 340 351 350 350 350 358 359 360 369 355 363 370 377 389 391 382 419 371 393 362 374 402 405 408 411 412 429 397 418 428 448 440 409 414 423 434 481 496 539 504 549 564 520 485 498 497 450
52 352 357 360 366 365 361 356 361 360 360 359 354 358 364 363 369 361 352 353 362 358 373 363 356 360 362 367 358 350 345 357 348 339 341 339 332 336 329 342 335 333 341 353 348 349 359 360 354 377 394 345 356 365 369 376 379 405 427 367 388 383 364 393 395 400 411 415 418 433 428 427 414 470 430 418 447 449 467 476 500 461 440 442 450 470 474 481 481
53 352 352 356 361 358 357 359 359 358 357 354 357 353 363 371 362 352 352 359 356 365 366 356 358 370 362 365 352 347 353 358 344 341 350 345 334 320 325 347 332 327 337 339 344 347 355 349 349 388 399 349 360 364 378 382 381 434 417 404 377 358 361 364 379 394 413 411 408 424 445 471 428 459 473 402 411 442 466 513 509 540 489 471 494 469 457 458 461
55 53 351 348 353 358 356 363 359 362 356 349 349 357 366 373 361 362 356 353 359 361 357 360 367 371 365 360 352 353 364 370 352 363 331 368 345 329 328 364 348 322 334 335 348 345 348 340 338 383 397 350 359 370 383 378 397 429 447 413 377 394 372 350 371 387 404 413 415 408 416 430 434 459 494 455 428 406 447 475 506 506 517 522 539 548 533 494 459
56 55 361 353 347 350 361 365 364 361 351 348 350 357 363 369 371 370 355 358 358 355 359 369 368 362 359 356 358 383 386 373 347 349 332 330 359 359 359 363 347 323 336 352 355 367 376 330 334 388 371 350 362 371 392 389 371 398 435 442 458 461 451 369 381 389 381 404 418 405 421 426 433 446 492 463 449 407 420 409 411 461 490 532 525 482 441 454 499
54 55 54 361 351 350 363 372 367 351 348 349 354 361 366 370 376 374 360 360 354 353 366 367 362 362 356 365 384 388 379 377 388 349 340 314 327 362 372 370 363 354 330 346 401 378 408 335 368 380 365 350 380 387 369 372 372 382 388 401 432 403 422 402 407 424 378 381 402 404 415 415 414 430 474 486 440 461 440 398 387 393 410 431 457 500 513 454 434
52 52 52 52 353 354 359 373 365 350 347 351 356 356 364 373 373 380 377 366 356 357 364 361 360 359 359 378 405 387 350 351 385 392 379 314 324 348 366 374 366 376 348 337 356 359 391 354 411 395 354 375 369 374 368 370 374 374 392 383 400 395 397 384 404 409 407 390 386 403 411 393 392 398 440 499 493 515 486 464 392 384 388 392 401 411 434 424 413
