Artocarpus hirsutus SDM files/MIS19/Environmental layers/bio15.asc
ncols  625
nrows  721
xllcorner  69.99986311115
yllcorner  5.99986187915
cellsize 0.041666667
NODATA_value  -9999
[rows 160 to 199 of 721, columns 450 to 539 of 625]
126 126 126 127 126 126 125 126 126 126 125 125 126 126 125 125 125 124 125 125 124 124 124 128 131 130 128 129 127 127 127 126 125 125 125 127 128 127 127 129 128 132 130 131 131 130 129 130 131 131 131 131 132 132 132 133 134 133 133 135 135 134 135 135 136 136 136 135 135 136 136 134 137 139 133 135 134 135 137 133 132 133 135 131 130 132 131 127 127 126
127 127 127 126 126 126 126 126 126 125 127 126 125 126 125 125 125 125 126 124 126 125 125 125 127 126 126 125 125 126 126 126 126 127 127 127 126 126 127 129 129 129 129 129 129 129 129 130 130 131 131 132 132 132 133 133 134 134 134 135 135 134 135 135 135 135 136 136 136 135 136 135 137 136 134 135 135 134 135 133 132 133 135 132 130 130 129 127 126 126
130 131 128 127 130 131 132 131 131 130 130 127 126 125 125 126 126 131 128 125 129 128 129 126 126 124 129 129 129 129 128 127 126 126 126 126 125 127 130 128 128 128 128 128 129 129 130 129 131 131 130 132 132 132 133 134 133 133 134 135 136 136 136 136 136 136 136 137 137 137 137 137 137 137 137 137 137 136 136 135 136 136 135 133 129 130 129 130 128 127
132 129 127 126 126 128 129 129 128 127 126 127 131 126 127 130 130 131 131 128 130 131 130 129 126 127 126 129 129 128 128 127 127 126 125 125 126 129 130 128 128 128 128 129 129 128 129 129 131 131 128 132 131 129 132 134 134 131 132 135 136 136 132 136 135 134 136 135 137 137 136 137 137 134 136 135 136 138 137 132 132 135 134 132 133 132 132 131 130 131
127 127 126 126 126 126 128 126 126 126 126 129 132 132 133 132 128 128 130 131 131 131 130 129 129 128 125 125 125 127 128 128 128 127 126 125 127 129 128 128 128 128 128 127 127 129 129 129 131 131 128 132 131 129 132 134 133 131 131 135 137 136 132 135 135 133 136 136 136 136 136 137 137 134 135 134 136 137 137 132 132 133 132 129 129 130 129 128 127 127
127 129 131 128 130 127 126 127 128 129 129 127 128 131 132 131 131 128 129 128 127 127 129 130 129 126 126 126 126 125 127 128 128 126 126 126 127 127 127 128 128 126 128 126 127 129 130 128 128 130 128 131 131 129 133 133 133 130 130 136 135 135 134 134 134 133 134 137 136 137 138 137 137 137 135 133 133 136 138 135 134 134 132 130 128 128 129 129 129 128
128 130 131 128 128 127 129 128 131 133 133 131 126 130 129 128 129 125 125 125 125 125 126 128 127 126 128 125 126 126 126 126 126 127 126 127 127 127 128 129 127 126 128 126 128 130 130 128 127 128 129 130 130 130 132 132 133 130 130 134 135 134 131 133 136 134 134 136 137 137 137 134 135 138 137 135 132 134 137 135 135 137 133 130 128 128 130 129 128 129
134 133 131 128 131 129 130 131 131 129 127 129 126 126 126 125 125 125 128 128 127 127 126 126 128 128 126 125 127 127 127 127 127 128 123 126 126 128 129 129 127 127 126 127 128 128 129 128 127 128 129 128 129 129 130 132 132 130 131 134 133 134 133 131 134 134 134 134 136 137 138 134 134 138 138 133 133 132 136 137 135 134 137 133 130 129 132 132 131 132
129 133 132 130 130 134 135 136 135 134 130 126 126 128 127 127 126 126 128 128 129 129 130 130 129 129 126 125 127 128 127 128 129 127 123 127 128 129 129 129 127 126 126 126 127 127 129 128 127 128 129 128 128 128 128 130 131 129 131 133 133 133 131 132 133 133 133 133 135 136 137 135 134 137 137 134 132 132 134 137 137 133 131 133 131 130 129 131 131 127
134 137 137 135 136 136 132 130 129 131 128 127 130 129 130 129 128 127 126 128 129 130 129 129 126 126 126 127 129 128 128 128 128 123 125 128 127 128 128 128 127 127 126 125 127 126 127 127 127 127 128 128 129 128 128 128 128 129 130 130 130 131 131 133 134 134 134 136 136 137 135 133 136 136 136 136 132 131 133 137 137 134 131 130 131 129 130 130 130 130
136 132 134 137 136 134 134 134 136 134 128 128 132 133 133 132 131 130 128 125 127 128 126 125 125 127 129 129 129 127 128 129 126 125 127 127 126 126 127 127 127 127 126 126 127 127 127 126 127 127 128 128 128 129 129 130 129 129 130 129 129 130 130 131 132 133 133 134 135 135 134 132 135 137 135 137 134 132 133 137 136 136 133 127 128 130 129 128 129 128
132 135 133 132 130 131 131 133 133 129 131 128 127 131 132 129 127 126 125 125 125 125 126 128 128 128 129 128 127 127 128 127 124 124 126 125 126 126 126 127 127 126 124 126 126 126 126 126 124 125 127 127 127 128 127 128 127 128 129 130 129 130 130 130 130 130 131 132 134 133 131 133 135 135 134 137 135 132 133 136 136 132 131 129 129 129 129 127 128 129
134 133 136 134 135 135 135 133 130 127 129 131 127 128 131 129 128 126 125 125 125 125 124 125 126 125 127 126 126 127 126 126 125 126 124 125 125 126 127 126 126 126 125 125 125 125 125 126 124 125 125 125 125 127 128 128 130 128 128 129 130 130 132 131 132 131 131 130 132 132 131 132 132 132 133 135 130 134 133 136 135 131 129 130 129 129 129 127 125 125
133 131 131 136 133 133 135 136 134 130 130 132 131 128 129 131 128 126 126 127 127 125 126 125 125 127 125 127 127 125 125 125 124 124 124 125 125 125 125 126 125 125 124 125 125 124 124 125 123 125 124 124 125 124 125 124 128 129 129 129 128 128 130 129 131 130 132 132 132 131 131 131 132 133 133 133 130 132 133 135 136 133 132 133 132 130 132 131 128 128
133 134 134 133 133 137 135 135 133 131 132 131 129 128 127 129 129 127 128 129 128 126 126 125 126 127 127 128 126 125 125 125 123 123 125 125 124 125 123 124 124 125 124 125 122 124 124 123 123 124 125 125 126 127 127 125 125 126 125 127 126 127 127 128 128 128 130 130 130 131 131 129 129 131 132 132 130 131 131 133 135 133 130 132 132 129 130 131 126 127
136 134 135 134 133 136 138 136 133 129 131 132 131 130 130 130 130 129 131 130 129 126 126 127 126 127 127 127 125 124 124 123 123 123 125 124 124 125 123 124 124 124 121 123 120 123 123 123 124 123 122 123 123 124 124 125 126 126 126 125 126 126 127 129 128 127 128 129 130 132 132 128 128 129 131 131 130 130 131 133 133 130 130 131 132 130 131 133 127 126
134 133 136 137 133 132 130 132 135 134 132 132 130 130 130 131 131 130 128 126 126 125 127 127 126 127 128 126 123 123 124 123 123 125 126 123 123 122 123 123 123 123 120 122 120 119 121 121 122 124 122 119 120 122 122 120 122 125 124 125 125 126 127 127 129 129 128 129 130 132 132 128 126 129 131 131 131 131 130 129 131 130 130 129 132 132 130 132 128 127
132 132 133 133 132 131 130 130 130 131 133 132 132 131 129 128 127 129 127 125 126 127 128 126 126 129 129 124 122 124 124 124 124 124 125 123 121 121 121 121 121 121 121 121 119 118 120 120 120 122 120 119 120 121 120 120 119 122 123 123 123 125 126 126 127 127 128 129 129 130 132 129 126 129 130 130 133 133 129 128 129 129 129 129 131 131 130 131 130 131
133 134 134 133 134 134 131 132 132 130 128 129 129 129 128 127 127 126 126 125 129 128 125 125 127 128 126 124 123 123 124 124 122 123 123 122 121 121 120 120 120 119 118 118 118 117 119 120 119 119 117 118 119 120 119 119 120 121 122 121 121 122 123 124 125 126 127 127 128 129 131 128 127 127 131 128 130 132 129 128 130 128 129 129 129 129 128 129 128 128
133 133 134 133 134 131 134 134 131 129 128 128 129 128 129 126 127 127 127 127 128 127 125 125 126 126 125 124 123 123 124 122 121 122 122 121 121 121 120 120 120 118 118 116 115 118 118 119 118 119 116 116 116 116 117 117 116 117 120 120 120 121 120 122 123 123 124 126 127 127 128 127 126 126 130 129 129 131 130 128 130 128 128 131 129 129 128 129 130 130
132 133 134 133 134 133 132 133 131 130 131 131 129 130 127 127 127 127 128 127 127 126 124 124 125 125 125 124 123 122 122 121 120 122 122 120 119 120 118 120 119 118 118 116 115 116 117 118 117 118 116 116 118 114 115 116 114 118 118 118 119 121 120 120 120 119 121 122 124 125 124 125 128 125 129 131 131 132 133 133 131 129 128 130 132 130 130 128 127 127
132 133 133 132 133 133 131 130 130 131 130 130 130 128 126 127 127 127 128 127 125 125 124 125 125 124 125 124 121 118 120 119 120 121 121 119 118 118 117 119 118 117 117 115 115 115 117 115 115 115 114 114 116 113 113 113 112 117 119 117 116 117 121 119 119 118 118 119 122 123 125 126 128 123 125 126 126 127 127 129 131 133 129 127 131 129 128 127 127 126
129 130 130 131 131 130 129 130 129 129 130 128 128 128 126 127 127 127 127 126 124 124 124 125 123 123 124 124 120 117 119 120 120 121 120 119 117 115 116 118 116 116 115 114 113 114 115 114 113 114 113 114 114 114 112 112 110 115 117 117 117 118 120 122 122 118 117 118 123 123 124 124 122 120 122 127 127 126 125 128 128 129 132 132 132 131 130 129 129 127
129 131 130 130 130 129 129 128 128 129 129 128 127 126 127 127 126 125 126 124 123 124 124 124 120 123 123 123 120 119 118 119 119 120 120 118 117 114 115 118 116 114 113 113 112 112 113 114 115 116 116 115 113 113 112 111 110 113 116 115 113 114 114 116 120 118 116 117 119 120 120 120 124 119 120 125 127 125 126 129 129 131 132 131 133 131 133 133 132 132
130 129 129 128 127 129 128 128 128 129 128 127 126 126 126 126 125 124 124 124 124 123 123 120 120 122 122 122 118 118 118 118 118 117 118 117 116 115 115 117 116 115 114 114 115 116 115 114 112 113 112 114 115 110 109 109 109 110 114 115 111 114 115 117 115 114 114 118 119 119 119 121 121 117 118 123 126 121 121 127 127 129 127 128 128 129 128 129 128 128
128 128 127 126 126 129 128 128 128 127 127 126 125 125 125 125 124 124 124 124 123 123 121 120 120 121 121 121 117 118 118 117 116 115 116 115 114 114 116 116 117 116 115 114 113 112 112 111 109 110 110 110 113 109 108 108 108 109 113 112 111 117 114 115 115 113 114 117 119 120 119 119 123 117 117 122 125 120 120 124 122 127 123 125 125 124 124 124 123 123
127 126 125 124 125 127 127 127 126 126 125 125 125 125 125 125 124 123 123 124 123 122 120 120 119 120 121 120 119 119 118 118 117 114 115 115 111 112 115 115 114 110 110 112 110 109 112 112 108 107 108 106 107 111 107 106 107 108 114 111 111 111 111 111 113 113 112 113 114 117 119 120 121 115 114 122 124 119 118 122 120 123 122 123 124 123 122 124 123 122
125 125 124 124 125 126 126 126 125 125 125 125 125 126 125 124 123 121 121 122 123 122 120 119 119 119 118 117 116 118 116 117 117 114 115 115 111 110 114 114 111 108 109 109 108 109 110 109 109 110 109 111 112 112 110 108 105 107 112 106 106 107 107 107 108 109 110 114 111 112 116 117 121 113 112 121 122 116 117 118 118 122 122 123 123 126 126 126 127 127
125 125 124 123 125 126 125 125 124 124 123 125 125 125 124 124 122 121 121 121 122 121 120 118 118 119 116 116 115 116 115 114 115 114 112 113 112 110 112 111 109 108 111 108 110 108 107 107 106 109 108 107 108 111 112 107 105 105 109 110 111 109 107 106 106 108 111 112 113 110 111 116 120 112 111 119 120 116 115 117 116 118 123 124 125 125 125 123 124 119
124 124 124 124 124 124 124 124 124 123 123 123 124 125 124 123 122 119 121 121 121 120 120 117 118 117 117 118 115 116 114 114 113 116 112 111 110 110 110 110 109 109 110 109 109 109 108 109 109 108 107 106 105 106 107 110 105 106 105 104 105 109 112 108 106 107 107 109 109 111 109 113 116 111 110 117 118 115 117 115 114 115 118 120 121 118 118 119 121 116
122 123 123 124 123 123 124 124 123 123 122 122 123 124 123 121 118 119 119 121 122 119 122 118 117 115 115 118 115 116 115 114 114 113 111 112 112 110 108 107 107 109 109 107 106 106 105 105 104 104 105 106 106 107 105 104 108 104 105 102 102 103 108 104 105 106 106 107 108 111 110 109 116 110 108 116 115 112 114 117 115 117 118 115 117 117 117 119 118 115
121 121 122 123 123 123 124 124 123 122 122 122 124 123 122 120 117 120 120 120 121 121 121 119 115 115 113 116 116 115 115 113 113 114 115 111 109 111 109 107 106 107 106 105 106 105 102 101 102 101 103 103 103 106 105 107 106 101 102 100 100 101 103 103 104 105 107 110 108 109 112 111 115 111 108 112 112 110 112 112 111 112 112 112 116 118 119 116 111 111
120 117 119 122 124 124 122 122 122 122 123 123 123 122 122 120 117 120 120 117 118 119 120 121 115 113 112 113 116 117 114 114 112 111 110 108 106 107 109 107 107 106 106 103 103 106 103 100 99 101 102 100 101 103 102 102 104 106 101 100 99 102 102 102 102 104 103 107 106 108 107 106 113 110 107 112 113 109 110 110 110 111 114 113 115 114 115 116 110 108
118 117 119 122 124 124 122 121 122 122 122 122 122 122 121 119 118 120 120 117 117 118 119 119 117 113 111 110 114 118 115 112 108 110 108 105 106 108 109 107 110 106 105 105 102 103 103 99 98 104 101 101 101 103 103 100 102 103 100 98 101 103 104 102 103 101 103 103 103 106 108 105 110 110 105 108 110 111 109 110 110 109 110 108 109 109 110 113 111 110
115 117 118 121 123 121 121 121 123 122 122 122 122 121 122 121 120 120 120 118 117 117 117 116 116 112 111 110 111 117 114 109 108 108 106 106 106 107 108 105 108 104 103 105 103 102 102 99 98 102 102 99 98 99 103 100 103 103 98 97 99 106 101 102 101 101 102 103 105 107 109 105 107 109 104 108 109 111 106 106 106 107 107 106 107 109 110 110 109 109
118 118 117 118 120 120 119 119 121 121 120 121 121 121 121 121 122 122 119 121 121 118 120 120 114 110 111 110 109 115 116 110 107 108 105 105 105 105 108 105 108 104 102 100 104 104 101 100 98 98 100 102 99 97 100 103 101 101 97 95 97 105 98 104 101 101 101 101 102 103 105 108 106 107 104 108 107 109 105 105 108 108 109 107 105 107 108 108 107 108
117 118 115 117 119 120 117 120 121 121 119 117 119 119 119 120 122 119 117 118 119 121 121 121 113 110 112 110 109 112 117 111 110 106 105 104 105 104 105 107 105 108 102 98 103 105 100 100 100 98 98 99 101 100 100 100 103 99 96 95 99 103 97 104 102 100 102 100 102 102 105 106 107 105 104 105 104 107 106 105 107 105 105 104 103 105 104 104 105 105
116 117 114 117 119 120 116 119 120 118 116 116 117 119 117 117 119 118 116 119 120 118 119 120 113 110 110 113 109 111 114 108 106 105 104 104 104 104 103 103 107 109 103 99 100 102 104 100 98 98 98 99 100 102 103 104 103 99 96 95 98 100 97 103 103 99 101 99 102 103 107 109 104 101 103 103 103 107 102 103 105 103 106 103 102 102 102 102 100 100
117 114 113 116 118 119 116 118 119 119 115 116 119 118 118 115 118 116 115 115 118 119 121 119 113 110 109 109 112 111 112 112 112 106 105 106 103 105 105 103 102 107 102 100 100 98 102 102 97 97 99 97 97 101 102 105 101 99 98 96 100 98 97 104 104 100 101 100 101 100 107 107 101 101 102 103 104 107 102 101 102 102 103 103 102 99 100 100 99 99
116 112 113 118 117 117 115 118 121 120 115 116 121 116 115 114 118 117 117 115 114 117 119 120 117 110 112 112 110 112 108 105 107 106 107 106 103 104 107 108 106 107 101 100 102 100 99 104 97 97 102 97 97 100 103 103 103 103 99 99 100 97 98 104 103 99 100 100 98 101 107 106 100 101 101 102 101 105 105 100 101 103 100 100 100 98 97 97 99 98
