Artocarpus hirsutus SDM files/MIS19/Environmental layers/bio14.asc
ncols  625
nrows  721
xllcorner  69.99986311115
yllcorner  5.99986187915
cellsize 0.041666667
NODATA_value  -9999
[rows 0 to 54 of 721, columns 0 to 95 of 625]
3 4 4 4 3 4 5 3 2 5 4 3 3 3 3 0 0 0 0 0 0 0 0 0 2 0 0 4 2 3 3 2 0 0 0 0 0 0 0 0 0 0 0 0 0 0 0 0 0 0 0 0 0 0 0 0 0 0 0 0 0 0 0 0 0 0 0 0 0 0 0 0 0 0 0 0 0 0 0 0 0 0 0 0 0 0 0 0 0 0 0 0 0 0 0 0
3 4 5 4 4 5 5 3 3 5 4 4 3 0 0 0 0 0 4 7 6 0 0 0 1 2 4 6 1 0 0 3 0 4 0 0 0 0 0 0 0 0 0 0 0 0 0 0 0 0 0 0 0 0 0 0 0 0 0 0 0 0 0 0 0 0 0 0 0 0 0 0 0 0 0 0 0 0 0 0 0 0 0 0 0 0 0 0 0 0 0 0 0 0 0 0
4 3 4 4 5 4 4 4 6 5 4 2 1 2 6 1 6 2 5 8 6 0 0 3 0 2 8 6 2 0 0 0 0 4 0 4 0 0 0 2 1 0 0 0 0 0 0 0 0 0 0 0 0 0 0 0 0 0 0 0 0 0 0 0 0 0 0 0 0 0 0 0 0 0 0 0 0 0 0 0 0 0 0 0 0 0 0 0 0 0 0 0 0 0 0 0
3 4 6 5 5 4 5 5 5 3 1 6 6 1 6 1 8 3 8 7 5 0 1 5 3 3 7 7 4 6 4 0 0 2 3 2 0 2 1 4 0 0 0 0 0 0 0 0 0 0 0 0 0 0 0 0 0 0 0 0 0 0 0 0 0 0 0 0 0 0 0 0 0 0 0 0 0 0 0 0 0 0 0 0 0 0 0 0 0 0 0 0 0 0 0 0
4 5 5 5 5 4 5 5 4 5 6 7 6 5 7 3 7 6 8 6 0 4 3 2 4 5 5 8 8 7 6 0 0 0 0 4 3 1 1 0 3 0 0 0 0 0 0 2 0 0 0 0 0 0 0 0 0 0 0 0 0 0 0 0 0 0 0 0 0 0 0 0 0 0 0 0 0 0 0 0 0 0 0 0 0 0 0 0 0 0 0 0 0 0 0 0
5 5 5 5 5 4 5 5 6 6 2 7 6 7 4 6 8 7 8 4 3 7 6 8 4 5 1 5 7 4 0 5 0 0 0 3 4 0 0 0 0 0 0 0 0 0 0 3 0 0 0 0 0 0 0 0 0 0 0 0 0 0 0 0 0 0 0 0 0 0 0 0 0 0 0 0 0 0 0 0 0 0 0 0 0 0 0 0 0 0 0 0 0 0 0 0
5 4 5 5 4 6 7 6 7 6 4 8 7 6 4 7 9 7 5 1 8 6 6 6 8 8 2 4 2 0 8 7 0 0 3 3 4 7 7 0 0 0 0 0 0 2 0 0 0 0 0 0 0 0 0 0 0 0 0 0 0 0 0 0 0 0 0 0 0 0 0 0 0 0 0 0 0 0 0 0 0 0 0 0 0 0 0 0 0 0 0 0 0 0 0 0
5 4 4 4 5 7 7 6 7 6 5 8 7 6 8 9 7 4 0 7 4 2 2 6 10 10 6 0 5 10 11 3 0 3 0 0 4 8 9 1 0 0 0 0 1 2 0 0 0 1 0 0 0 0 0 0 0 0 0 0 0 0 0 0 0 0 0 0 0 0 0 0 0 0 0 0 0 0 0 0 0 0 0 0 0 0 0 0 0 0 0 0 0 0 0 0
4 4 4 5 6 7 7 7 7 6 7 6 7 8 8 6 3 8 10 4 11 10 5 6 10 9 11 5 11 10 11 5 0 0 0 3 4 8 3 0 0 0 0 0 0 0 0 4 0 0 4 0 0 0 0 0 0 0 0 0 0 0 0 0 0 0 0 0 0 0 0 0 0 0 0 0 0 0 0 0 0 0 0 0 0 0 0 0 0 0 0 0 0 0 0 0
4 5 6 7 6 7 7 6 6 5 6 6 7 8 7 5 11 12 12 8 4 12 7 6 6 9 8 11 7 9 4 0 0 7 7 3 5 3 7 6 0 0 0 0 0 0 0 6 8 1 6 2 0 0 0 0 0 0 0 0 0 0 0 0 0 0 0 0 0 0 0 0 0 0 0 0 0 0 0 0 0 0 0 0 0 0 0 0 0 0 0 0 0 0 0 0
5 6 7 7 7 7 7 7 7 6 4 7 7 9 7 9 8 11 11 10 4 6 5 6 8 13 12 8 0 6 11 0 0 3 8 4 4 12 15 11 10 8 5 0 0 0 5 7 2 7 7 0 0 1 0 0 0 0 0 0 0 0 0 0 0 0 0 0 0 0 0 0 0 0 0 0 0 0 0 0 0 0 0 0 0 0 0 0 0 0 0 0 0 0 0 0
7 7 7 7 7 7 6 7 7 7 2 6 6 11 8 12 11 5 11 11 8 10 2 9 4 8 8 5 10 0 3 0 1 9 7 6 2 0 11 14 9 0 0 0 5 6 10 3 8 8 3 12 0 0 0 0 0 0 0 0 0 0 0 0 0 0 0 0 0 0 0 0 0 0 0 0 0 0 0 0 0 0 0 0 0 0 0 0 0 0 0 0 0 0 0 0
8 7 7 8 7 6 7 5 7 2 9 8 12 10 8 13 7 7 7 11 9 11 7 3 7 8 11 16 15 13 9 0 10 7 4 7 0 0 4 2 6 0 0 8 20 14 21 7 0 0 6 12 10 0 0 0 3 0 0 0 0 0 0 0 0 0 0 0 0 0 0 0 0 0 0 0 0 0 0 0 0 0 0 0 0 0 0 0 0 0 0 0 0 0 0 0
7 7 8 8 7 8 7 8 4 8 10 11 9 8 10 10 6 5 5 7 11 6 3 9 13 10 13 13 15 11 1 1 8 0 0 1 0 1 8 11 4 0 5 4 15 22 23 19 4 0 8 3 0 0 0 0 5 0 0 0 0 0 0 0 0 0 0 0 0 0 0 0 0 0 0 0 0 0 0 0 0 0 0 0 0 0 0 0 0 0 0 0 0 0 0 0
8 7 7 8 7 7 7 6 4 10 12 10 10 7 7 5 9 3 8 8 5 5 6 16 14 12 10 7 15 16 15 1 0 0 1 0 3 6 0 10 5 8 13 18 12 23 9 16 6 0 5 2 0 0 0 0 5 6 0 3 3 0 0 0 0 0 0 0 0 0 0 0 0 0 0 0 0 0 0 0 0 0 0 0 0 0 0 0 0 0 0 0 0 0 0 0
7 7 5 6 7 7 3 5 10 12 13 10 5 3 4 5 7 3 5 12 11 11 4 13 13 7 12 14 9 12 19 6 8 7 4 6 0 0 5 5 2 19 15 25 23 16 5 11 14 0 1 1 0 13 9 2 10 7 0 1 2 0 0 0 0 0 0 0 0 0 0 0 0 0 0 0 0 0 0 0 0 0 0 0 0 0 0 0 0 0 0 0 0 0 0 0
8 7 8 3 8 2 9 11 11 12 8 7 13 11 9 5 3 2 7 7 9 6 6 12 8 5 7 11 18 13 16 20 14 19 19 18 7 3 3 11 19 23 35 19 23 22 11 4 15 0 0 4 10 17 14 12 9 6 1 0 0 1 0 0 0 0 0 0 0 0 0 0 0 0 0 0 0 0 0 0 0 0 0 0 0 0 0 0 0 0 0 0 0 0 0 0
9 9 9 7 1 9 11 11 3 5 8 11 9 11 15 15 9 4 2 4 2 10 18 14 4 9 17 16 16 15 13 7 3 16 18 14 7 3 14 27 28 31 32 20 11 32 28 9 4 14 24 26 21 15 12 4 0 2 3 0 0 1 0 0 0 0 0 0 0 0 0 0 0 0 0 0 0 0 0 0 0 0 0 0 0 0 0 0 0 0 0 0 0 0 0 0
8 8 8 4 7 11 9 4 2 6 3 6 7 8 8 11 13 16 12 2 6 7 13 4 5 10 10 12 11 6 8 13 7 8 15 14 5 15 19 14 25 34 23 17 11 20 20 10 6 24 29 26 15 10 9 7 0 0 0 0 0 0 0 0 0 0 0 0 0 0 0 0 0 0 0 0 0 0 0 0 0 0 0 0 0 0 0 0 0 0 0 0 0 0 0 0
8 7 7 4 6 4 1 2 0 2 7 13 5 8 7 6 13 12 13 6 5 7 9 3 4 9 17 17 13 9 7 7 5 4 13 15 5 9 22 37 38 27 22 21 11 8 13 5 7 13 12 9 2 1 2 13 7 2 0 0 0 0 0 0 0 0 0 0 0 0 0 0 0 0 0 0 0 0 0 0 0 0 0 0 0 0 0 0 0 0 0 0 0 0 0 0
10 10 10 8 1 1 1 0 2 9 12 12 6 3 8 10 7 6 3 4 11 11 5 3 10 16 16 13 7 9 11 4 10 3 3 4 15 16 16 23 18 15 15 17 13 7 8 17 13 10 3 1 0 9 9 7 8 3 13 7 0 0 0 0 0 0 0 0 0 0 0 0 0 0 0 0 0 0 0 0 0 0 0 0 0 0 0 0 0 0 0 0 0 0 0 0
11 10 7 10 10 11 4 0 6 7 9 6 2 2 5 4 3 3 1 11 13 3 1 11 20 19 20 11 6 8 15 6 3 5 13 17 32 33 35 20 13 13 18 9 12 9 10 13 5 5 10 12 17 9 5 0 4 0 1 0 0 0 0 0 0 0 0 0 0 0 0 0 0 0 0 0 0 0 0 0 0 0 0 0 0 0 0 0 0 0 0 0 0 0 0 0
8 10 10 13 12 10 5 0 3 9 7 1 0 5 9 5 2 0 10 12 3 2 6 14 17 17 14 8 6 5 14 17 4 16 25 31 35 29 17 12 13 14 11 25 34 27 20 7 10 25 23 18 13 6 2 0 4 0 0 0 0 0 0 0 0 0 0 0 0 0 0 0 0 0 0 0 0 0 0 0 0 0 0 0 0 0 0 0 0 0 0 0 0 0 0 0
7 4 4 6 8 7 3 1 2 5 0 0 3 6 11 5 2 2 10 7 7 1 4 7 11 6 7 7 6 3 7 16 8 13 19 29 23 19 15 15 19 24 31 36 41 39 26 13 5 8 4 1 6 14 5 0 0 2 0 0 0 0 0 0 0 0 0 0 0 0 0 0 0 0 0 0 0 0 0 0 0 0 0 0 0 0 0 0 0 0 0 0 0 0 0 0
3 2 3 2 4 4 4 4 3 0 0 3 9 13 8 1 1 1 3 6 2 0 6 13 10 3 4 8 8 7 3 3 9 12 12 13 21 24 19 20 23 29 15 11 16 31 29 23 4 3 12 18 14 10 17 5 0 7 0 0 0 2 0 0 5 0 0 1 0 0 0 0 0 0 0 0 0 0 0 0 0 0 0 0 0 0 0 0 0 0 0 0 0 0 0 0
1 0 1 4 4 5 7 5 3 0 1 6 8 11 7 7 4 0 5 1 0 0 4 7 5 2 2 5 3 3 2 6 21 17 13 21 19 10 11 10 7 13 17 8 8 19 29 23 7 13 17 9 10 8 3 3 0 0 0 0 0 0 0 0 1 0 0 0 0 0 0 0 1 0 0 0 0 0 0 0 0 0 0 0 0 0 0 0 0 0 0 0 0 0 0 0
7 2 0 2 0 3 5 2 0 0 4 7 8 10 7 6 1 6 2 4 4 9 4 2 2 2 0 3 2 3 13 12 20 27 23 14 9 16 9 7 7 11 12 6 8 11 11 13 6 5 6 9 6 1 12 9 0 0 0 0 0 0 0 0 0 0 0 0 0 0 0 0 0 0 0 0 0 0 0 0 0 0 0 0 0 0 0 0 0 0 0 0 0 0 0 0
4 1 0 2 5 7 1 0 0 0 5 4 3 2 6 5 8 8 7 13 11 5 9 11 12 12 9 1 2 11 20 23 15 10 10 6 5 8 19 8 7 16 27 20 7 8 6 6 13 15 20 15 10 0 0 6 8 4 0 4 3 0 4 0 0 0 0 0 0 0 0 0 0 0 0 0 0 0 0 0 0 0 0 0 0 0 0 0 0 0 0 0 0 0 0 0
3 1 0 3 8 4 0 0 0 2 3 1 5 9 11 10 12 11 12 11 8 9 14 12 13 6 5 3 11 11 17 13 11 4 7 14 10 5 8 7 7 13 14 9 6 9 9 16 26 18 13 11 8 0 0 0 0 3 0 0 0 0 3 8 6 2 4 0 5 0 0 0 0 0 0 0 0 0 0 0 0 0 0 0 0 0 0 0 0 0 0 0 0 0 0 0
0 0 0 5 5 1 0 0 0 4 7 7 10 11 9 7 8 6 11 5 4 9 5 4 4 2 0 6 14 19 18 6 4 4 4 8 8 5 9 10 6 6 6 6 15 23 27 21 14 8 2 3 13 9 0 0 0 0 0 0 1 9 6 0 1 0 0 0 0 2 0 0 0 0 0 0 0 0 0 0 0 0 0 0 0 0 0 0 0 0 0 0 0 0 0 0
0 0 0 2 0 0 0 0 0 2 2 4 6 4 3 2 1 1 2 2 0 2 2 1 0 0 2 11 13 15 7 7 9 6 7 4 5 6 6 12 20 13 9 10 12 9 11 8 3 1 1 4 6 3 0 0 0 2 5 3 11 13 12 0 0 3 0 0 0 0 0 0 0 8 4 3 2 0 0 0 0 0 1 0 0 0 0 0 0 0 0 0 0 0 0 0
0 0 0 0 0 0 0 1 4 5 4 6 3 0 0 1 1 0 0 2 1 0 0 0 0 5 10 13 9 5 4 5 4 4 6 4 6 11 19 17 15 16 11 20 15 10 8 3 1 0 3 0 1 4 0 9 6 9 0 7 9 3 0 1 0 1 0 0 6 8 0 0 0 0 0 0 0 0 0 0 0 0 0 0 0 0 0 0 0 0 0 0 0 0 0 0
2 0 0 0 0 0 0 3 5 7 7 6 2 0 0 1 0 0 1 0 0 0 0 2 7 10 11 6 3 2 3 4 4 6 10 13 17 19 18 20 16 14 8 15 19 12 12 10 3 1 0 0 0 0 7 12 9 11 9 0 0 0 0 0 0 0 1 0 0 12 9 0 0 0 0 0 3 0 0 0 0 0 0 0 0 0 0 0 0 0 0 0 0 0 0 0
0 0 0 0 0 0 2 4 3 4 0 0 0 0 0 0 0 0 0 0 0 0 5 6 5 6 8 4 2 1 2 4 10 6 6 9 16 18 6 8 4 6 8 3 3 2 1 1 3 1 5 3 6 8 3 9 10 0 0 0 0 6 8 6 5 0 0 0 0 11 12 3 0 0 0 0 5 0 0 0 0 0 0 0 0 0 0 0 5 6 0 0 6 6 0 0
0 0 0 0 0 0 3 3 0 0 0 0 0 0 0 0 0 0 0 0 2 4 6 9 9 11 8 4 2 3 1 2 3 3 2 8 9 6 7 5 8 16 14 6 10 5 6 9 7 10 7 11 13 14 7 3 8 6 0 0 0 1 3 0 9 10 0 0 0 8 14 10 2 0 0 0 1 0 0 3 0 0 0 9 2 0 0 2 6 2 0 0 0 0 0 0
0 0 0 0 0 0 0 0 0 0 0 0 0 0 0 0 2 5 4 6 7 7 8 9 9 8 8 3 9 6 3 5 6 9 4 5 7 6 11 8 8 7 17 11 11 11 8 9 11 4 0 5 7 5 0 0 0 0 0 0 0 0 0 0 0 12 3 0 0 3 15 7 4 8 5 0 0 0 0 7 0 0 9 4 8 0 0 5 13 12 0 0 0 0 0 0
0 0 0 0 0 0 0 0 0 1 1 1 0 0 3 5 6 5 4 2 3 2 1 2 2 1 1 1 5 3 1 3 5 2 4 5 5 3 5 10 7 5 7 9 4 1 1 1 3 0 0 0 0 0 0 0 0 1 0 0 0 0 0 0 0 10 0 0 0 4 13 4 0 0 3 2 0 0 0 8 0 0 7 0 3 0 0 0 9 12 16 9 0 0 11 10
3 3 2 4 4 4 4 4 1 0 0 0 0 0 3 1 0 0 0 0 0 0 0 0 0 0 0 0 2 3 3 3 2 5 5 8 8 13 11 7 5 3 4 2 2 2 2 1 0 0 0 0 0 6 7 7 4 2 1 0 0 0 0 0 0 1 8 0 0 0 0 0 3 2 0 0 3 1 0 4 0 0 9 0 0 0 0 0 0 2 11 0 0 0 13 7
7 6 7 6 5 3 1 0 0 0 0 0 0 0 0 0 0 0 0 0 0 0 1 2 3 4 3 2 1 1 3 5 6 8 11 6 10 9 5 4 2 4 2 2 1 1 1 0 0 0 0 0 0 5 3 0 2 5 8 3 3 2 1 0 0 0 0 0 0 0 3 3 7 11 6 0 0 0 0 1 0 0 9 0 1 3 1 0 0 2 10 0 0 4 15 7
3 4 3 1 0 0 0 1 2 2 2 1 0 0 1 1 0 0 0 0 0 4 2 3 5 2 1 2 1 2 6 7 8 9 5 6 4 3 1 1 2 2 2 2 2 2 1 1 1 1 1 5 2 0 0 0 3 4 6 4 0 0 2 5 3 10 13 2 0 2 14 12 7 2 3 0 0 0 0 6 2 0 3 0 7 15 19 13 7 0 0 0 0 0 13 16
1 1 1 1 2 2 3 4 4 4 3 3 2 3 4 3 2 0 0 0 1 3 1 6 3 1 1 0 0 1 6 5 4 3 3 5 4 1 1 2 2 2 3 2 2 2 2 2 1 1 3 1 0 0 0 0 0 0 0 7 7 6 9 12 8 12 11 5 0 0 15 16 8 3 2 9 10 7 11 15 14 2 5 0 0 0 7 22 19 5 13 0 0 3 10 17
3 5 3 4 5 6 5 6 5 5 3 3 3 4 3 1 0 1 1 2 5 2 0 3 3 0 1 0 4 4 1 1 4 2 1 4 2 1 2 2 3 2 3 3 3 3 3 2 1 1 0 0 0 0 0 0 0 0 2 3 0 0 1 8 14 12 9 6 0 0 2 0 8 2 0 4 9 7 7 11 19 14 5 0 0 0 1 5 21 12 23 5 0 0 0 5
6 6 5 7 8 7 5 6 5 3 3 4 5 5 3 2 1 1 2 1 1 0 0 0 0 0 0 2 7 5 5 3 5 4 1 1 1 2 3 2 2 3 2 2 2 2 2 2 1 0 0 0 0 1 7 1 0 0 0 0 0 0 0 0 0 3 9 4 0 0 1 0 0 7 7 9 11 3 9 14 24 21 15 0 7 3 0 2 7 7 20 16 17 11 6 8
10 10 10 9 8 7 8 7 7 5 5 6 6 5 3 2 2 2 3 2 2 1 1 1 1 0 1 5 4 1 1 5 5 1 1 1 1 2 3 3 2 2 2 2 2 2 2 2 2 1 1 1 1 0 0 0 0 0 0 0 0 0 0 0 0 1 8 3 0 0 6 0 1 3 5 8 6 2 3 12 22 22 22 4 3 10 3 0 0 4 6 2 10 7 2 0
11 13 12 8 8 9 9 11 10 6 7 8 7 6 4 3 4 4 4 3 3 4 4 4 3 3 5 7 7 4 3 4 2 1 1 1 2 2 3 3 3 3 2 2 2 2 2 2 2 2 2 1 1 0 0 0 1 0 0 0 0 0 0 0 0 2 10 2 0 3 11 4 8 14 16 17 14 4 1 3 17 18 26 9 3 6 13 10 0 0 0 0 1 0 0 3
15 16 14 11 13 11 10 11 7 6 9 9 9 6 3 6 6 5 4 4 4 4 4 5 5 5 6 7 4 4 6 6 3 1 2 2 2 3 3 3 3 3 3 2 2 2 2 2 2 2 2 2 2 2 1 2 2 2 0 0 1 1 0 0 0 0 2 0 0 0 2 2 3 4 2 7 14 11 2 4 5 13 27 9 8 9 7 19 14 9 10 9 0 1 2 3
17 13 13 10 15 12 14 14 11 9 10 11 9 6 5 7 6 5 5 5 5 5 5 5 6 7 6 5 5 8 8 7 1 1 3 3 3 3 3 3 3 3 3 3 3 3 3 3 2 3 4 4 4 4 4 4 3 3 1 1 0 0 0 0 1 0 7 9 2 0 4 6 3 0 5 3 6 6 3 13 14 16 25 12 2 17 9 13 25 19 22 22 11 0 0 0
14 12 10 13 16 11 17 16 12 15 14 13 11 10 9 8 7 6 6 5 6 6 6 6 6 7 7 8 6 4 6 4 2 2 4 4 4 3 4 3 3 4 3 2 3 3 2 2 2 3 3 4 5 5 4 2 0 1 1 0 0 0 0 0 1 7 11 13 9 2 1 1 2 4 4 2 2 3 4 13 10 18 26 13 3 11 16 8 17 11 12 14 22 12 17 16
9 12 14 16 12 15 17 14 14 16 14 12 12 10 10 10 9 8 7 6 6 7 6 5 3 2 2 3 5 4 2 2 2 3 5 5 5 5 4 4 4 3 3 3 2 2 2 2 2 2 2 1 0 1 0 0 0 0 1 1 1 1 1 1 3 5 11 7 6 6 4 4 9 5 4 5 12 14 6 6 7 21 22 15 2 9 10 2 5 4 2 4 15 17 18 18
9 11 10 10 12 15 14 15 15 14 11 9 12 11 10 10 8 7 7 6 6 4 2 2 2 2 3 2 2 3 2 3 3 4 5 6 6 5 4 4 4 4 4 5 5 5 6 5 6 6 5 3 1 0 0 1 1 1 2 3 3 3 4 6 8 9 7 2 6 7 6 4 3 6 12 16 10 15 8 8 8 20 21 20 5 4 9 2 4 3 0 0 1 2 8 13
8 9 9 10 12 9 10 11 9 8 8 8 9 7 6 5 4 3 3 2 1 1 1 1 2 4 6 7 6 5 5 4 3 5 6 6 6 5 5 5 5 5 6 5 6 6 7 7 7 7 7 7 5 2 1 2 2 3 3 3 4 5 7 10 10 6 1 3 6 6 8 8 12 17 15 13 7 6 8 5 6 20 24 20 11 3 3 13 6 5 12 7 0 0 0 3
9 8 9 10 10 11 11 10 10 9 7 6 6 5 5 4 3 3 2 2 3 4 4 4 3 2 3 2 5 7 4 3 3 5 6 6 5 5 6 5 6 6 6 7 7 7 7 8 8 8 7 6 5 4 5 4 3 3 3 3 4 6 6 6 2 1 3 6 6 7 9 15 18 18 11 8 5 5 5 9 9 15 21 21 21 12 3 13 22 7 4 12 8 8 3 2
8 9 9 9 12 16 15 17 13 9 8 8 7 7 6 7 7 5 3 6 6 6 6 6 7 7 7 6 4 3 4 4 5 8 7 5 6 6 6 6 7 7 7 7 8 8 8 7 3 2 3 4 5 3 3 5 6 5 5 6 6 6 3 1 1 4 6 6 8 8 11 11 7 8 14 18 14 11 9 5 6 5 11 23 22 12 4 8 13 16 6 6 2 1 5 0
13 12 10 10 10 11 14 17 14 9 7 7 8 8 8 5 4 3 5 7 6 4 3 3 4 5 6 8 9 8 4 5 9 10 8 7 7 7 7 7 8 7 8 8 8 5 1 0 0 0 0 0 0 0 2 4 5 5 6 5 4 4 3 4 5 7 6 6 8 8 3 4 7 10 13 16 12 6 3 5 8 5 7 12 20 8 4 9 3 6 10 12 5 0 5 0
18 14 12 14 13 9 9 10 10 8 8 8 9 11 9 6 5 7 7 7 4 3 3 3 5 5 5 6 7 9 10 10 10 10 10 7 7 7 7 7 7 8 9 7 4 2 3 1 2 1 2 2 2 1 2 2 2 2 2 3 4 5 6 7 5 6 7 6 5 9 10 11 11 7 5 4 3 3 4 4 5 7 6 7 11 6 2 1 4 13 10 7 8 0 0 0
