Artocarpus hirsutus SDM files/MIS19/Environmental layers/bio15.asc
ncols  625
nrows  721
xllcorner  69.99986311115
yllcorner  5.99986187915
cellsize 0.041666667
NODATA_value  -9999
[rows 0 to 39 of 721, columns 0 to 89 of 625]
104 112 110 99 100 103 96 98 109 103 98 99 99 102 101 107 106 105 106 105 105 107 107 107 101 103 101 101 103 102 102 103 102 103 108 108 107 110 107 109 109 105 104 104 99 99 107 106 97 94 93 95 87 88 84 90 95 91 92 83 79 77 88 77 79 84 73 75 72 80 80 89 77 81 80 81 76 80 84 80 88 89 85 80 80 81 84 83 85 85
98 108 110 99 102 101 96 97 103 101 99 98 101 105 104 105 104 105 103 98 93 103 105 104 102 99 95 98 104 107 106 102 101 99 103 102 104 103 104 102 99 103 102 102 98 100 107 98 95 94 93 90 89 85 90 91 92 92 86 79 78 80 84 73 83 77 71 70 71 80 81 80 72 77 74 80 79 78 79 77 85 82 83 87 84 85 83 83 81 85
94 104 108 107 99 97 97 98 98 95 98 102 102 106 96 104 98 104 100 95 95 104 103 99 102 99 95 96 99 98 103 105 101 100 103 97 103 101 97 97 100 101 105 102 99 98 99 93 92 91 89 91 84 82 83 90 87 83 81 76 76 85 77 74 83 75 67 67 74 78 74 77 70 73 74 76 76 77 74 74 78 78 83 83 80 81 83 82 82 81
96 102 103 105 99 98 95 95 95 99 104 103 94 102 97 104 96 99 96 94 97 103 102 98 96 96 95 96 97 95 98 103 100 99 97 100 103 95 94 98 102 103 104 96 95 91 91 90 89 86 89 87 80 82 87 90 79 80 85 72 81 78 75 75 74 76 68 65 73 71 73 74 68 69 73 71 73 75 76 82 75 77 79 77 80 79 80 80 80 80
101 95 102 98 96 98 98 95 99 96 105 99 92 96 99 101 98 94 95 95 101 100 97 99 96 95 96 95 94 96 97 100 100 98 97 97 95 97 99 102 100 102 103 93 89 88 87 90 86 87 90 80 79 84 81 83 75 77 82 77 79 74 72 75 70 72 67 68 69 68 74 68 69 68 70 68 74 73 74 74 83 79 79 77 77 80 80 80 79 80
99 96 96 96 97 99 98 98 99 94 104 100 93 93 99 99 96 93 93 97 100 97 94 91 92 96 99 96 96 97 98 95 100 95 94 93 94 98 100 100 100 101 99 88 86 86 83 89 89 91 81 76 82 77 74 82 76 74 82 77 78 77 72 73 69 68 68 69 70 67 69 66 68 70 67 67 70 72 75 75 75 81 74 73 76 77 79 82 85 82
94 97 98 94 100 104 97 99 97 94 102 99 92 93 98 97 93 94 95 100 99 96 94 92 91 92 95 93 96 96 92 93 98 94 91 90 93 91 95 99 97 96 97 85 82 84 87 92 89 81 76 80 77 75 75 81 76 79 77 70 73 74 76 68 68 70 70 68 66 67 66 68 70 69 68 69 68 72 71 74 77 81 77 72 77 74 77 81 86 81
96 95 98 97 102 104 94 99 98 93 99 98 92 93 96 93 93 94 97 94 94 97 96 91 88 89 90 93 90 90 90 96 96 92 93 94 91 91 96 95 95 94 93 82 82 90 92 86 80 75 78 80 78 81 74 81 80 80 73 71 71 74 76 69 68 67 70 69 68 64 67 66 70 67 66 67 67 69 71 74 76 83 76 74 77 73 79 85 84 80
95 96 99 102 101 100 93 95 95 98 96 98 92 93 92 93 93 93 90 96 91 89 94 92 89 89 88 90 88 89 90 93 93 91 90 87 87 93 95 93 91 92 87 79 81 89 83 75 75 72 78 82 76 73 73 73 76 77 66 68 70 70 72 73 66 65 64 67 70 67 66 70 66 65 65 66 66 69 71 70 71 74 83 72 75 73 81 86 79 75
94 97 100 94 98 99 95 91 92 97 99 99 96 92 91 92 92 92 88 91 94 89 92 91 91 89 88 89 89 88 92 93 91 85 86 87 87 90 87 90 91 86 86 78 83 83 74 69 72 72 75 80 73 67 72 69 75 75 65 70 70 67 67 71 67 63 64 66 67 69 68 66 65 64 65 66 66 68 67 68 69 73 78 76 73 77 85 83 77 78
95 99 100 96 90 94 99 93 91 93 98 98 95 90 91 93 94 92 89 88 92 91 92 90 88 86 88 90 94 89 88 91 89 85 85 89 88 85 84 85 83 80 83 80 79 72 67 70 70 70 72 79 67 70 70 69 70 74 66 67 71 67 66 70 67 64 64 64 66 69 66 63 64 63 65 67 66 66 70 70 67 69 72 79 76 80 81 74 79 82
96 91 101 98 91 91 94 99 91 90 94 96 97 91 89 92 90 94 88 87 89 87 91 88 89 87 89 86 85 89 89 89 85 82 84 88 88 84 81 86 86 85 84 74 67 65 67 66 67 72 71 71 73 69 67 69 71 72 65 63 70 69 67 69 64 63 63 67 68 67 64 63 65 65 65 68 68 66 70 73 69 71 73 74 80 76 85 78 78 83
96 90 91 98 92 90 89 95 94 93 91 94 93 89 91 89 91 92 90 87 88 86 88 88 87 85 83 82 85 83 84 86 81 83 86 86 86 79 83 88 86 83 74 65 62 62 65 70 72 69 64 66 71 70 64 66 68 70 66 69 71 69 67 66 64 63 62 69 67 64 66 68 67 66 67 68 71 67 71 75 75 78 76 74 78 81 80 80 83 85
95 93 91 93 92 91 89 88 89 94 93 90 95 89 89 89 89 92 92 90 88 89 87 85 84 84 83 83 83 84 86 84 81 84 85 85 83 74 75 81 81 76 65 61 58 63 65 71 72 64 64 74 72 71 63 62 63 69 68 63 62 68 65 63 61 61 64 69 66 66 66 70 69 68 68 71 72 70 73 72 70 73 72 68 71 71 76 75 74 77
94 92 95 91 91 94 91 91 90 92 92 93 92 90 90 91 88 90 89 88 89 88 84 83 83 83 84 84 82 83 81 83 82 82 82 81 73 74 78 75 76 67 59 57 57 66 71 71 72 64 66 75 70 64 63 62 60 61 60 57 61 63 65 62 60 62 64 61 62 61 66 63 64 66 67 64 69 72 69 65 68 69 68 69 67 68 73 77 71 71
90 90 92 93 92 91 90 89 89 90 92 91 90 92 91 91 88 88 90 86 85 83 84 83 82 84 82 82 81 80 81 80 76 76 75 75 75 74 69 74 67 57 56 55 57 70 73 65 69 64 66 70 60 55 55 56 57 57 58 57 58 64 65 63 66 62 59 59 60 61 65 63 61 64 63 65 69 74 72 68 66 66 65 66 66 68 70 71 69 70
87 87 88 91 92 89 90 90 91 91 90 91 87 86 86 87 89 87 88 87 86 85 83 83 82 84 79 79 79 79 77 76 76 74 70 74 75 67 70 62 59 53 56 55 62 71 69 64 66 64 63 58 53 52 53 54 56 57 58 61 62 64 65 66 67 63 64 64 65 65 62 64 61 61 63 64 67 75 76 72 68 68 66 66 67 66 66 67 67 71
86 87 87 87 90 89 90 90 90 90 89 89 88 85 85 84 85 85 87 87 86 81 80 83 84 78 76 76 76 79 78 79 75 68 73 76 74 66 59 56 55 53 58 63 62 62 64 66 63 54 51 50 50 53 55 59 61 59 59 62 63 65 65 63 64 65 66 61 58 59 60 64 62 62 65 66 69 75 75 73 71 77 76 72 68 69 68 69 68 70
87 87 87 87 89 89 92 90 89 91 90 91 89 86 87 84 83 83 83 84 81 81 81 83 79 77 76 75 78 80 79 76 74 68 71 72 71 59 57 56 51 54 62 65 60 60 67 66 57 50 50 53 54 58 58 61 62 63 65 66 66 65 66 62 61 61 61 61 65 62 62 62 69 62 63 65 66 76 77 74 75 71 72 70 69 73 72 70 69 67
87 87 86 86 90 90 90 90 89 89 88 88 89 87 86 85 83 84 84 82 81 80 81 82 78 75 73 74 77 79 76 73 74 66 65 70 68 58 54 53 53 59 66 62 62 62 66 63 57 56 58 63 64 66 65 60 61 61 64 65 67 66 63 67 66 65 64 63 67 70 70 66 69 68 64 68 69 72 73 72 74 75 74 75 78 74 70 67 67 67
85 84 86 85 87 87 87 89 87 87 87 88 86 86 85 84 84 84 83 82 79 79 81 79 75 74 72 74 78 76 75 74 70 68 67 69 61 57 53 53 58 63 63 62 63 61 64 53 55 60 66 66 64 58 59 63 62 63 58 62 64 64 61 62 65 62 60 59 62 68 70 69 70 67 69 71 61 63 72 70 74 72 73 73 66 69 75 71 75 71
87 84 85 84 83 85 85 87 87 86 87 88 86 86 85 86 85 84 84 79 79 81 80 75 74 73 73 76 76 72 72 73 70 67 64 61 58 54 54 57 61 61 63 63 60 58 58 58 62 61 56 54 53 58 65 65 65 67 67 66 64 69 72 71 68 67 61 59 59 64 70 71 70 74 75 72 62 58 61 61 62 60 66 68 66 63 68 67 67 72
89 85 84 85 83 83 83 85 87 86 86 86 86 83 83 84 84 83 79 79 80 80 76 74 73 73 72 77 74 71 69 71 71 60 58 58 55 57 59 61 61 61 61 55 54 56 54 58 59 53 54 56 59 63 67 65 65 67 70 69 67 61 60 64 63 67 74 69 66 64 71 70 72 63 75 78 66 63 66 65 63 60 65 69 68 65 65 70 64 64
90 87 87 86 85 83 83 83 86 87 86 85 84 82 82 82 82 81 78 79 80 81 76 73 72 73 72 77 74 71 66 68 68 59 56 56 58 61 62 61 58 56 52 52 53 53 56 58 63 65 67 66 64 60 62 64 67 63 65 67 67 68 65 67 64 67 74 64 66 72 71 70 67 64 70 80 80 83 82 83 79 72 74 76 71 66 64 69 67 64
87 86 86 87 87 83 82 82 82 84 85 83 81 80 82 83 82 80 79 79 80 81 75 72 73 74 71 72 73 71 67 68 64 60 58 58 58 60 63 59 58 55 58 64 63 57 57 54 61 65 56 54 58 63 59 62 69 63 65 70 68 62 68 72 63 63 76 64 62 69 66 65 65 61 63 60 62 64 66 78 81 78 75 77 76 68 65 66 64 67
84 85 85 85 87 84 81 81 82 83 83 81 81 81 81 81 81 82 78 79 80 80 75 73 73 75 71 70 72 71 69 67 61 62 58 54 60 63 64 63 66 63 60 64 67 61 58 58 60 57 56 63 64 63 64 62 66 69 66 74 75 77 70 74 67 63 78 69 62 68 76 67 61 60 69 63 59 62 58 69 66 75 69 66 73 66 71 69 70 77
80 81 86 86 85 85 83 82 83 83 81 81 81 80 81 79 82 80 80 79 78 77 77 76 75 75 73 69 72 70 67 64 60 60 59 59 65 63 62 65 64 62 61 62 66 65 66 63 61 60 59 59 66 69 62 61 63 68 69 67 71 75 67 72 69 63 77 72 68 76 77 84 81 82 72 79 75 67 60 71 74 66 70 71 68 68 69 69 74 71
81 81 82 84 83 83 83 83 83 82 80 81 81 81 80 80 79 79 79 78 78 77 76 76 74 74 72 72 71 68 65 63 61 63 64 64 66 66 62 63 63 57 56 57 64 66 68 61 53 55 55 60 65 68 75 65 62 62 71 63 61 71 63 65 69 64 71 66 62 78 80 86 89 92 91 89 89 73 68 69 73 78 68 70 64 69 67 74 69 60
81 81 82 83 82 81 83 83 83 80 81 82 80 79 80 80 80 80 78 77 78 78 75 75 73 73 72 72 69 65 61 63 64 67 64 63 62 66 66 65 62 58 64 65 62 58 58 54 53 54 61 64 63 66 72 74 73 66 72 74 74 67 60 59 59 61 60 64 59 62 71 82 93 90 90 88 90 81 70 82 76 79 76 72 72 73 72 67 63 63
82 83 82 81 81 82 82 82 82 80 79 79 79 79 79 79 78 79 77 77 77 75 74 74 73 75 75 69 67 67 63 66 67 67 67 66 66 65 63 63 60 64 67 64 53 54 54 53 61 69 75 72 62 62 69 75 72 68 67 64 60 55 58 73 73 71 77 77 77 68 75 72 75 68 75 73 71 78 69 75 77 73 67 63 76 72 68 73 73 65
80 81 82 82 83 83 82 82 81 80 80 79 78 78 78 78 79 78 77 78 79 76 76 77 77 76 74 70 65 64 66 68 67 67 64 67 67 64 61 59 55 58 62 59 57 64 65 69 75 76 71 69 69 69 70 65 64 61 59 61 57 60 60 70 80 66 73 82 79 72 73 80 80 66 70 77 77 82 91 88 81 81 71 68 76 84 73 82 84 69
80 80 80 82 82 82 82 80 78 79 79 78 78 80 80 78 79 80 80 77 80 79 79 79 78 74 73 69 67 67 70 68 69 68 65 65 65 61 57 58 57 59 61 54 54 58 62 70 75 73 70 76 72 66 64 57 58 56 64 63 63 72 76 70 81 75 73 75 66 57 61 85 91 94 97 97 88 83 92 94 81 76 77 70 78 83 80 85 77 64
78 79 80 81 82 81 80 78 78 77 78 77 78 82 81 78 80 81 78 78 80 81 80 77 74 73 70 70 71 71 71 69 69 67 63 62 59 59 58 58 60 65 64 60 59 64 65 65 70 72 74 71 70 66 58 57 56 60 64 78 81 73 70 67 70 83 74 83 78 63 57 74 90 90 91 96 82 86 97 93 83 81 85 87 78 78 79 83 66 63
82 80 81 80 81 80 78 77 77 77 79 80 80 81 81 79 81 82 81 82 82 82 77 77 75 71 71 73 73 74 72 69 66 67 66 63 58 60 66 68 69 64 62 70 70 72 73 70 67 66 62 63 60 57 64 61 60 73 84 83 82 68 64 68 63 70 78 89 89 71 61 63 74 85 92 99 82 87 97 88 88 84 86 71 73 77 78 75 62 56
81 81 80 79 80 79 77 76 80 79 81 81 82 82 83 81 83 83 82 82 80 79 77 75 76 73 72 74 75 72 72 71 70 70 71 63 61 69 66 68 63 59 60 62 61 65 63 60 61 60 63 57 56 58 66 75 69 69 79 80 81 76 74 82 67 59 67 91 92 77 61 60 69 81 87 96 89 81 98 82 87 81 76 71 65 77 86 72 61 61
80 80 79 79 79 79 79 81 81 82 82 83 83 83 83 81 79 78 79 78 78 77 76 75 73 71 72 75 70 72 71 69 66 65 68 66 61 66 62 66 66 66 58 61 63 64 67 66 64 72 78 70 68 72 79 80 80 76 76 80 84 85 78 86 82 67 72 86 93 86 69 73 82 74 77 92 96 88 97 76 90 94 79 84 74 87 92 73 59 56
80 80 80 79 79 80 80 81 81 78 78 78 80 81 77 76 76 76 78 79 78 80 80 77 77 78 78 77 72 73 74 71 68 72 69 65 64 69 67 62 67 72 70 67 74 78 76 76 75 80 76 73 71 73 73 73 74 73 75 83 88 92 85 83 84 74 74 87 97 86 76 79 95 92 84 86 87 93 102 81 91 101 82 90 84 82 96 90 71 62
73 73 75 74 74 74 74 74 77 78 80 82 81 80 76 78 81 81 83 83 84 83 82 79 79 80 79 79 74 74 73 70 70 67 67 63 61 61 62 67 73 70 72 77 74 75 75 79 80 78 75 76 76 65 65 64 66 68 69 76 80 83 81 79 89 86 72 82 93 94 93 84 75 81 92 101 91 88 99 89 91 103 81 84 93 91 92 89 87 77
70 70 70 71 71 73 75 78 80 80 80 82 82 82 82 83 82 83 83 84 84 82 78 76 74 75 76 77 77 76 74 69 66 64 63 68 61 66 73 75 78 73 78 78 77 76 77 78 79 75 74 76 75 74 77 81 73 64 63 68 70 72 77 85 81 78 79 83 98 96 76 75 81 75 79 93 97 95 95 88 86 103 81 83 76 69 66 74 77 76
71 70 72 75 78 78 78 77 75 76 76 78 79 81 79 78 81 82 83 85 82 76 78 74 73 77 79 77 78 74 69 69 66 65 69 68 71 77 80 79 78 77 77 76 76 75 77 77 78 76 73 69 81 90 89 79 73 77 72 71 77 77 69 65 69 62 64 80 99 86 67 69 78 91 85 85 86 88 86 75 73 92 84 91 84 72 63 58 58 73
