Artocarpus hirsutus SDM files/MIS19/Environmental layers/bio17.asc
ncols  625
nrows  721
xllcorner  69.99986311115
yllcorner  5.99986187915
cellsize 0.041666667
NODATA_value  -9999
[rows 200 to 249 of 721, columns 480 to 575 of 625]
2 6 8 6 0 3 6 8 6 4 0 0 5 7 1 0 3 0 5 6 2 2 8 9 0 0 0 0 0 0 0 0 0 0 0 0 0 0 1 0 0 0 0 0 1 0 1 2 0 4 4 3 1 0 6 9 12 15 9 14 16 17 15 13 12 32 57 71 82 81 80 74 54 87 58 54 76 98 81 103 119 110 183 150 149 202 138 95 145 154 195 164 156 148 142 136
5 6 8 2 0 4 6 7 6 4 4 0 3 5 3 0 2 0 0 1 0 0 5 7 2 1 0 0 0 0 0 0 0 0 0 0 0 0 0 0 0 0 1 0 2 2 1 1 0 0 0 0 4 2 2 6 18 20 13 10 30 16 5 6 4 18 41 58 52 70 80 53 47 40 46 71 75 108 99 136 161 171 192 149 194 192 130 135 153 140 192 162 182 191 183 125
4 3 7 4 0 5 5 5 4 0 0 0 1 6 0 0 0 0 4 4 0 0 1 0 0 0 4 0 0 0 0 3 1 0 0 0 0 1 0 0 0 0 2 2 1 0 2 0 0 0 1 0 2 4 4 10 22 24 25 9 32 30 25 12 9 12 28 60 64 48 63 85 47 53 80 76 97 127 130 172 185 169 154 198 199 198 188 122 94 127 195 141 112 155 185 169
3 2 2 0 0 7 1 0 1 0 0 0 0 6 5 2 1 0 0 0 0 0 3 1 0 0 0 0 0 0 0 1 1 0 0 0 0 1 0 0 0 0 0 0 0 0 0 0 2 6 5 4 5 11 2 6 26 20 26 6 30 39 46 20 26 24 20 46 62 53 55 40 62 97 74 69 80 85 105 146 186 170 122 148 139 197 167 97 102 152 130 136 93 107 130 143
0 0 0 2 4 2 0 0 3 2 0 0 4 5 2 0 3 0 0 0 1 0 1 1 0 0 0 0 0 0 1 0 0 3 0 0 0 0 1 0 0 0 0 0 0 0 0 4 5 5 9 9 2 14 17 3 27 13 20 11 15 36 47 56 41 31 37 24 26 32 33 37 79 70 52 62 95 113 112 151 182 161 131 108 95 150 168 99 107 105 86 121 90 96 146 157
0 0 3 0 1 7 3 0 0 3 2 0 1 4 3 0 0 0 0 0 1 1 0 2 0 0 0 0 0 0 0 0 0 2 0 0 0 0 0 0 0 0 1 3 5 4 2 4 5 2 5 10 5 4 16 5 24 16 5 23 10 32 48 54 51 41 39 49 69 40 44 76 48 51 79 72 83 94 87 127 159 168 188 160 132 113 121 90 83 76 78 87 94 94 112 132
5 5 4 6 0 4 5 0 0 0 0 0 5 6 7 6 3 0 0 0 0 1 2 1 0 0 0 0 0 1 2 0 0 1 2 0 0 0 0 0 2 3 3 3 3 4 6 5 6 0 0 4 1 5 8 3 23 24 7 5 12 45 46 37 48 47 38 42 67 64 85 87 52 77 52 69 89 102 97 107 153 161 178 175 164 141 140 132 78 69 69 86 105 85 91 79
5 6 5 8 4 6 7 5 2 1 0 0 0 2 4 5 8 3 0 0 0 0 3 1 0 0 0 0 0 0 0 0 0 0 2 0 0 0 0 1 0 0 0 0 0 0 0 2 3 0 0 0 0 1 0 8 19 12 30 16 7 31 40 38 62 54 45 30 40 75 77 53 50 48 52 65 109 101 91 94 117 136 142 165 149 110 161 153 138 105 64 93 85 66 67 66
2 3 4 6 6 6 8 8 5 2 0 0 0 0 1 3 3 5 4 4 1 0 2 1 0 3 1 0 0 0 0 0 0 0 0 0 0 0 0 0 0 0 0 0 0 2 1 5 2 3 4 3 2 0 0 6 13 8 19 17 14 14 23 46 59 51 48 23 48 79 83 82 57 38 66 109 105 73 86 101 109 154 120 108 119 111 154 160 156 124 79 77 90 104 64 56
0 1 0 3 6 5 3 6 5 0 0 3 2 0 0 2 6 7 7 3 6 0 0 4 0 0 0 0 0 0 0 0 0 0 0 0 0 0 0 0 0 0 0 1 4 4 4 8 8 6 12 17 9 3 4 10 6 3 5 8 9 13 10 26 41 36 23 28 46 47 46 36 35 55 59 73 57 71 98 101 86 131 139 121 83 85 110 106 117 133 129 100 88 74 73 59
0 0 0 4 3 1 4 5 6 5 4 1 2 0 0 5 7 3 5 3 3 1 0 3 1 0 0 0 0 0 0 0 0 0 0 0 0 0 0 0 0 2 2 4 4 7 9 9 14 15 10 10 21 22 29 24 31 29 36 34 27 33 30 25 20 22 44 44 41 30 37 63 70 41 46 57 69 96 124 100 70 84 86 84 62 68 91 76 64 71 64 50 69 53 56 64
0 0 0 0 0 0 0 1 5 4 7 6 3 2 0 1 2 4 2 6 6 2 0 1 2 0 0 0 0 0 0 1 0 0 0 0 0 0 3 6 8 2 5 8 7 6 12 12 14 18 21 18 12 9 12 12 15 18 20 20 26 35 35 34 37 44 48 51 55 30 43 38 44 36 54 54 56 104 97 85 63 75 74 88 68 59 58 68 57 74 75 54 61 64 56 58
0 0 0 0 0 0 2 6 3 2 2 0 0 0 0 0 2 1 2 3 3 2 0 0 4 6 0 0 0 0 0 1 0 0 0 0 0 0 0 8 4 1 3 10 8 3 10 16 8 18 13 25 23 14 13 13 10 5 18 11 19 21 30 40 30 20 20 35 35 29 44 64 68 69 80 67 73 84 76 97 98 98 119 112 114 113 89 80 79 65 58 62 60 52 52 52
0 0 2 4 5 7 7 9 7 3 6 7 3 0 0 0 0 0 4 1 5 1 0 2 7 3 6 1 0 0 0 4 0 0 0 0 0 1 0 1 1 0 2 10 5 0 7 4 9 8 7 13 25 24 16 26 27 21 32 29 40 32 19 17 22 32 34 38 45 53 38 46 47 56 49 52 62 83 62 66 71 66 66 62 74 63 65 71 50 39 40 47 55 50 49 48
0 0 0 0 2 3 5 4 6 3 2 7 7 6 0 0 0 0 0 1 9 6 0 2 7 2 2 7 1 0 2 0 0 0 0 0 0 0 0 0 0 2 6 12 10 3 1 7 22 9 3 6 14 23 16 27 28 27 36 41 34 25 10 32 28 28 20 24 26 42 29 36 35 36 56 53 70 63 58 50 37 46 62 41 45 61 36 44 45 60 63 58 46 46 46 45
0 0 0 0 0 1 3 0 0 1 3 7 7 7 7 6 1 0 0 1 7 2 0 0 4 5 1 0 0 0 0 0 0 0 0 0 9 0 1 4 8 7 11 19 17 22 11 2 15 25 12 4 15 17 28 27 15 16 26 27 26 22 16 25 18 25 18 18 22 38 37 38 30 39 54 41 51 56 38 56 36 32 43 33 30 47 42 52 61 64 41 43 43 43 43 42
0 0 0 0 0 3 3 2 2 1 1 5 5 1 3 3 4 3 8 0 0 0 3 3 7 3 12 6 1 0 0 2 2 0 1 9 10 0 2 8 2 5 7 20 9 6 22 7 3 15 22 4 6 15 18 20 19 7 10 21 26 20 13 14 11 12 12 15 16 18 21 40 29 23 25 33 26 32 28 33 46 36 35 44 52 54 56 43 33 32 34 37 37 38 39 39
0 0 0 3 3 4 4 6 4 5 2 0 3 5 5 9 14 8 0 1 0 2 1 9 9 1 5 5 0 0 3 0 5 0 11 3 2 0 0 6 0 5 8 9 11 5 10 19 5 3 13 5 7 11 4 12 8 6 5 9 12 14 18 14 16 14 12 10 14 15 16 25 16 23 31 26 21 33 36 40 43 45 28 32 30 24 20 22 26 29 32 32 33 34 34 36
0 0 0 1 4 3 2 3 3 4 6 5 2 4 4 8 11 5 4 1 0 0 0 2 3 13 4 1 0 0 0 5 10 8 11 0 0 15 7 3 0 8 2 8 1 0 6 7 17 11 3 1 3 4 4 3 4 6 6 5 4 5 6 6 8 15 23 12 10 10 12 16 22 27 28 27 19 18 17 20 19 17 18 18 18 18 21 24 25 28 28 29 30 30 30 31
0 0 0 1 1 2 2 3 2 2 2 2 1 3 1 5 2 1 11 14 12 1 4 10 6 9 4 3 0 0 0 7 12 1 4 0 6 5 16 11 0 0 3 4 0 0 0 1 4 9 2 1 2 2 3 3 3 5 4 5 5 4 5 5 5 6 9 10 9 10 12 11 12 15 17 19 20 17 18 21 22 20 20 20 21 22 23 24 24 25 25 25 27 27 28 29
0 0 1 2 0 0 1 1 1 2 2 1 1 1 4 5 1 9 5 11 5 2 1 0 4 2 5 5 2 0 4 13 13 1 0 0 2 1 2 5 2 0 4 3 0 0 0 1 1 4 3 2 2 3 3 2 3 3 2 3 4 4 4 6 7 9 9 9 8 11 10 11 11 12 14 17 18 18 17 20 20 21 21 20 20 21 21 22 22 22 22 22 23 24 26 27
0 1 1 1 0 0 0 0 0 1 1 1 1 2 2 5 4 8 4 10 8 7 3 6 8 3 1 2 1 0 0 13 11 1 0 0 1 0 0 0 0 0 0 0 1 1 1 2 2 2 3 3 3 3 3 2 2 2 2 2 3 3 4 4 5 8 8 8 8 9 10 11 13 12 13 15 15 17 17 18 18 19 18 19 19 19 18 19 19 19 20 21 23 23 23 24
0 0 0 0 0 0 0 0 0 0 0 0 0 1 2 2 2 3 3 4 4 3 1 1 2 1 0 0 0 0 0 0 2 0 0 0 0 0 0 0 0 0 0 1 1 2 2 2 2 3 3 3 3 3 2 2 2 1 1 2 2 2 3 3 4 5 7 8 8 8 10 10 11 11 12 13 13 16 17 15 15 16 15 15 16 16 16 17 17 18 17 19 20 20 21 22
0 0 0 0 0 0 0 0 0 0 0 0 0 1 1 1 1 2 2 2 5 2 0 1 1 1 0 1 0 0 0 0 0 0 0 0 0 0 0 0 0 0 1 1 1 2 2 2 3 3 3 3 3 2 2 2 1 1 1 1 1 1 2 3 4 4 5 6 7 7 9 10 10 10 10 13 11 12 13 13 14 15 17 17 16 13 15 14 15 15 15 17 17 19 19 21
0 0 0 0 0 0 0 0 0 0 0 0 0 0 0 1 1 2 2 2 1 0 0 0 0 0 0 1 1 1 0 0 0 0 0 0 0 0 0 0 0 0 1 1 2 2 2 2 3 3 3 3 3 2 2 1 1 1 1 1 1 1 2 2 2 3 5 5 6 7 7 7 8 9 8 10 10 10 12 13 14 14 13 14 14 13 13 13 14 14 15 16 16 17 18 20
0 0 0 0 0 0 0 0 0 0 0 0 0 0 0 1 1 1 1 1 0 0 0 0 0 0 1 1 1 0 0 0 0 0 0 0 0 0 0 0 0 0 1 1 2 2 2 2 2 2 3 3 2 2 1 1 1 1 0 1 1 1 1 2 2 2 5 5 5 5 7 7 7 8 8 8 10 10 12 12 10 10 11 11 11 13 12 13 13 13 13 14 16 17 17 19
0 0 0 0 0 0 0 0 0 0 0 0 0 0 0 0 0 0 0 0 0 0 0 0 0 0 1 1 0 0 0 0 0 0 0 0 0 0 0 0 0 0 1 1 1 2 2 2 2 2 2 2 2 2 1 1 0 0 0 0 0 0 1 2 2 2 2 3 4 4 5 9 7 9 8 8 10 7 8 10 11 10 10 14 19 16 13 17 19 15 13 13 14 15 17 18
0 0 0 0 0 0 0 0 0 0 0 0 0 0 0 0 0 0 0 0 0 0 0 0 0 0 0 0 0 0 0 0 0 0 0 0 0 0 0 0 0 0 0 1 1 2 3 2 2 2 2 2 2 1 1 0 0 0 0 0 1 1 1 2 2 3 3 4 4 4 4 5 9 16 16 15 15 8 16 18 26 24 22 15 15 17 21 23 20 14 13 13 13 14 16 18
0 0 0 0 0 0 0 0 0 0 0 0 0 0 0 0 0 0 0 0 0 0 0 0 0 0 0 0 0 0 0 0 0 0 0 0 0 0 0 0 0 0 0 0 2 2 2 2 2 2 3 1 1 1 0 0 0 0 0 1 1 1 1 2 2 3 3 3 3 3 4 3 3 7 14 16 13 12 6 5 12 19 21 19 24 25 24 24 20 16 11 14 14 14 14 16
0 0 0 0 0 0 0 0 0 0 0 0 0 0 0 0 0 0 0 0 0 0 0 0 0 0 0 0 0 0 0 0 0 0 0 0 0 0 0 1 1 1 1 1 1 1 2 2 2 2 2 1 1 0 0 0 0 0 0 0 0 1 1 1 1 2 2 3 3 3 3 2 1 0 1 7 15 16 20 13 14 21 18 7 7 18 24 25 20 17 14 14 14 15 15 16
0 0 0 0 0 0 0 0 0 0 0 0 0 0 0 0 0 0 0 0 0 0 0 0 0 0 0 0 0 0 0 0 0 0 0 0 0 0 0 1 1 1 1 1 1 1 1 2 2 2 2 2 0 1 0 0 0 0 0 0 0 0 1 1 1 2 2 2 3 3 3 3 9 2 7 17 20 23 24 20 18 21 10 3 7 13 11 16 20 16 15 15 15 16 16 18
0 0 0 0 0 0 0 0 0 0 0 0 0 0 0 0 0 0 0 0 0 0 0 0 0 0 0 0 0 0 0 0 0 0 0 0 0 0 0 0 1 1 1 1 1 1 1 1 1 2 2 1 1 1 0 0 0 0 0 0 0 0 0 1 1 2 2 2 2 4 9 11 18 16 10 8 8 8 5 8 4 10 9 3 2 4 12 21 26 29 22 16 17 16 17 18
0 0 0 0 0 0 0 0 0 0 0 0 0 0 0 0 0 0 0 0 0 0 0 0 0 0 0 0 0 0 0 0 0 0 0 0 0 0 0 0 1 1 1 1 1 1 1 1 1 1 2 1 0 0 0 0 0 0 0 0 0 0 0 1 1 2 2 2 2 1 2 4 6 3 0 1 2 4 5 2 3 22 20 19 18 21 22 11 12 16 21 19 17 15 18 19
0 0 0 0 0 0 0 0 0 0 0 0 0 0 0 0 0 0 0 0 0 0 0 0 0 0 0 0 0 0 0 0 0 0 0 0 0 0 0 0 0 1 2 1 1 1 1 1 1 1 2 0 0 0 0 0 0 0 0 0 0 0 0 1 1 1 2 2 3 4 3 1 0 1 1 1 0 1 8 15 13 20 21 18 11 21 20 8 16 19 21 17 16 16 17 19
0 0 0 0 0 0 0 0 0 0 0 0 0 0 0 0 0 0 0 0 0 0 0 0 0 0 0 0 0 0 0 0 0 0 0 0 0 0 0 0 0 3 2 1 1 1 1 3 3 1 0 0 0 0 0 0 0 0 0 0 0 0 0 1 1 1 2 4 8 2 4 0 1 0 0 0 0 4 5 12 21 24 22 14 15 19 19 25 24 25 24 17 17 17 20 19
0 0 0 0 0 0 0 0 0 0 0 0 0 0 0 0 0 0 0 0 0 0 0 0 0 0 0 0 0 0 0 0 0 0 0 0 0 0 0 0 1 0 1 1 1 2 4 0 1 1 0 0 0 0 0 0 0 0 0 0 0 0 0 1 1 1 1 3 12 4 4 0 1 1 1 1 0 2 4 4 5 4 12 12 15 27 28 27 19 18 17 17 17 19 20 19
0 0 0 0 0 0 0 0 0 0 0 0 0 0 0 0 0 0 0 0 0 0 0 0 0 0 0 0 0 0 0 0 0 0 0 0 0 1 0 0 1 1 1 3 2 6 7 2 3 1 0 0 0 0 0 0 0 0 0 0 0 0 0 1 1 1 4 7 7 6 3 0 1 2 2 2 6 6 3 3 7 3 4 5 18 11 19 18 21 21 19 17 18 21 21 17
0 0 0 0 0 0 0 0 0 0 0 0 0 0 0 0 0 0 0 0 0 0 0 0 0 0 0 0 0 0 0 0 0 0 0 0 0 0 0 0 1 2 1 0 0 0 1 0 1 1 0 0 0 0 0 0 0 1 0 2 0 0 0 1 1 1 0 1 1 1 1 2 3 3 3 2 2 1 2 3 5 5 7 11 28 25 26 27 19 16 18 18 19 19 19 14
0 0 0 0 0 0 0 0 0 0 0 0 0 0 0 0 0 0 0 0 0 0 0 0 0 0 0 0 0 0 0 0 0 0 0 1 1 1 1 4 2 2 2 1 3 1 1 1 5 3 3 1 3 4 0 0 2 6 4 3 1 2 0 1 1 1 0 0 0 1 2 3 3 3 3 2 1 1 1 5 3 4 6 13 16 16 25 20 19 18 17 17 20 20 17 13
0 0 0 0 0 0 0 0 0 0 0 0 0 0 0 0 0 0 0 0 0 0 0 0 0 0 0 0 0 0 0 0 0 0 0 0 0 1 1 5 8 9 8 7 3 1 4 5 6 7 7 4 2 0 0 4 2 7 5 3 4 3 0 1 1 1 1 1 1 2 3 3 3 3 3 2 1 1 2 2 4 3 5 5 7 9 19 15 15 18 18 17 19 19 15 13
0 0 0 0 0 0 0 0 0 0 0 0 0 0 0 0 0 0 0 0 0 0 0 0 0 0 0 0 0 0 0 0 2 1 0 0 0 1 4 5 7 7 8 3 4 5 6 6 6 5 4 6 6 5 6 8 6 4 5 2 3 2 1 1 2 2 3 3 3 3 3 3 4 4 4 4 4 2 2 3 4 2 3 4 6 9 13 13 18 19 18 17 20 18 14 16
0 0 0 0 0 0 0 0 0 0 0 0 0 0 0 0 0 0 0 0 0 0 0 0 0 0 0 0 0 0 2 2 6 4 4 2 3 3 8 2 2 1 1 7 7 8 9 9 8 8 8 9 7 9 9 5 3 1 1 1 0 0 3 5 3 2 3 3 4 4 4 4 4 4 6 6 6 5 4 4 3 4 4 4 5 7 9 11 16 17 16 18 18 16 11 15
0 0 0 0 0 0 0 0 0 0 0 0 0 0 0 0 0 0 0 0 0 0 0 0 0 0 0 0 0 0 0 1 7 2 5 1 4 2 8 8 5 6 1 5 9 10 10 9 9 9 11 8 6 2 4 0 0 2 5 6 5 8 9 7 4 3 3 4 4 4 4 4 4 4 5 7 7 9 7 9 7 7 6 7 8 10 11 16 16 16 16 18 18 16 13 10
0 0 0 0 0 0 0 0 0 0 0 0 0 0 0 0 0 0 0 0 0 0 0 0 0 0 0 1 2 2 4 5 5 4 3 0 0 2 7 4 7 12 8 3 6 5 4 6 8 6 9 7 5 4 7 2 2 6 5 7 10 9 9 9 7 5 4 4 3 4 3 4 4 5 4 4 6 7 6 8 11 8 8 9 10 13 16 17 16 16 17 18 19 16 14 15
0 0 0 0 0 0 0 0 0 0 0 0 0 0 0 0 0 1 0 0 0 1 0 3 4 2 2 0 1 7 3 4 4 8 12 6 3 7 9 7 11 8 11 9 3 3 9 9 5 3 10 7 8 11 8 7 8 6 10 10 9 4 3 8 9 6 5 5 4 4 4 5 5 6 7 8 6 6 6 6 9 12 9 11 13 16 16 16 16 16 21 21 21 23 23 17
0 0 0 0 0 0 0 0 0 0 0 0 0 0 0 0 0 2 0 0 0 0 0 3 5 5 5 7 10 11 15 11 9 9 7 11 7 11 12 13 18 13 4 5 6 4 4 6 9 8 5 3 11 9 10 7 7 13 13 9 7 7 9 7 6 7 8 7 5 5 4 4 3 4 4 6 11 12 11 11 9 11 9 12 10 11 11 13 15 15 18 25 23 20 29 22
0 0 0 0 0 0 0 0 0 0 0 0 0 0 0 0 0 1 0 0 3 0 2 5 5 7 8 8 11 15 15 16 17 20 14 20 18 23 20 17 17 14 5 7 7 4 5 9 5 3 7 3 6 4 4 5 9 14 15 12 11 11 11 8 5 4 4 4 4 4 5 6 6 4 4 2 3 4 4 6 8 12 12 11 14 14 14 16 17 18 28 18 15 15 26 25
0 0 0 0 0 0 0 0 0 0 0 0 0 0 0 0 0 0 0 0 0 0 3 5 8 9 11 12 16 19 20 21 23 25 19 26 25 29 25 13 10 13 10 8 7 7 8 2 0 1 4 0 0 0 5 12 12 11 9 14 14 14 11 7 10 9 9 6 6 6 7 7 8 8 10 5 6 8 6 7 9 14 17 16 14 14 18 18 21 22 25 20 15 15 25 42
0 0 0 0 0 0 0 0 0 0 0 0 0 0 0 0 0 0 0 0 0 0 0 2 5 9 6 13 13 20 24 26 28 29 25 16 24 28 30 25 18 18 15 12 10 9 2 2 0 0 2 2 4 9 12 16 17 9 8 8 9 10 12 16 15 13 10 9 8 8 8 6 9 8 10 10 13 16 16 14 11 14 17 16 14 16 21 24 19 24 29 24 18 20 34 43
0 0 0 0 0 1 0 0 0 0 0 0 0 0 0 0 0 0 0 0 1 1 1 1 2 4 3 10 12 15 16 22 21 28 24 24 22 27 30 29 25 19 18 16 12 12 11 7 6 4 5 8 14 18 18 13 10 5 8 13 18 17 16 14 14 12 10 11 8 10 8 7 11 10 10 12 10 18 19 20 17 15 13 14 17 21 17 22 19 26 34 31 31 33 39 47
