Artocarpus hirsutus SDM files/MIS19/Environmental layers/bio16.asc
ncols  625
nrows  721
xllcorner  69.99986311115
yllcorner  5.99986187915
cellsize 0.041666667
NODATA_value  -9999
[rows 266 to 303 of 721, columns 348 to 434 of 625]
1344 1322 1316 1320 1315 1315 1308 1299 1301 1294 1289 1285 1287 1293 1287 1269 1247 1246 1260 1321 1357 1294 1262 1253 1259 1253 1265 1265 1272 1274 1256 1241 1240 1243 1247 1228 1238 1234 1258 1263 1273 1285 1274 1270 1274 1266 1281 1363 1329 1291 1264 1233 1237 1242 1307 1319 1382 1321 1288 1300 1309 1301 1307 1294 1303 1285 1275 1264 1248 1235 1384 1495 1433 1481 1299 1526 1474 1502 1417 1460 1407 1390 1385 1386 1399 1405 1420
1344 1325 1317 1323 1318 1318 1310 1308 1304 1307 1291 1292 1303 1299 1289 1277 1272 1250 1343 1305 1282 1267 1262 1258 1253 1254 1259 1260 1270 1255 1237 1206 1192 1200 1212 1188 1174 1219 1236 1288 1286 1281 1271 1261 1258 1260 1277 1309 1323 1306 1229 1210 1255 1243 1283 1359 1340 1300 1272 1280 1292 1317 1315 1298 1311 1293 1279 1263 1251 1248 1380 1620 1453 1350 1316 1381 1359 1468 1493 1397 1381 1378 1376 1373 1389 1398 1397
1331 1323 1323 1328 1321 1321 1315 1323 1311 1316 1289 1308 1309 1302 1292 1271 1274 1322 1287 1291 1275 1271 1262 1261 1254 1246 1243 1238 1217 1202 1201 1200 1192 1207 1297 1355 1310 1351 1370 1471 1369 1272 1268 1264 1250 1258 1255 1285 1333 1272 1290 1218 1283 1376 1375 1370 1345 1277 1255 1272 1319 1324 1298 1285 1291 1286 1269 1262 1242 1284 1570 1609 1382 1265 1289 1489 1433 1451 1403 1365 1377 1373 1361 1375 1384 1381 1379
1331 1330 1337 1319 1327 1329 1321 1331 1312 1325 1295 1298 1316 1304 1283 1286 1284 1284 1284 1295 1284 1270 1264 1259 1257 1238 1231 1213 1250 1287 1245 1315 1294 1234 1176 1236 1335 1358 1359 1315 1337 1272 1267 1268 1242 1227 1222 1243 1279 1295 1297 1242 1327 1309 1301 1277 1294 1289 1244 1296 1322 1286 1267 1269 1282 1288 1267 1257 1287 1504 1544 1436 1330 1241 1365 1513 1375 1390 1364 1369 1368 1373 1361 1369 1370 1372 1374
1340 1317 1331 1323 1323 1332 1327 1339 1317 1336 1295 1349 1314 1299 1277 1281 1295 1329 1294 1288 1286 1268 1264 1260 1254 1234 1229 1202 1198 1204 1227 1250 1205 1300 1258 1247 1275 1273 1336 1304 1289 1275 1275 1264 1249 1245 1256 1381 1388 1361 1303 1244 1265 1303 1318 1307 1331 1247 1253 1292 1272 1273 1256 1274 1262 1298 1270 1262 1328 1345 1325 1281 1262 1374 1522 1509 1517 1362 1337 1355 1363 1369 1352 1358 1362 1360 1359
1328 1309 1351 1354 1318 1338 1326 1369 1331 1332 1307 1323 1320 1340 1289 1343 1351 1301 1289 1291 1289 1266 1258 1245 1222 1195 1171 1160 1224 1342 1329 1176 1234 1293 1290 1304 1257 1314 1403 1280 1295 1283 1275 1238 1232 1220 1221 1263 1337 1323 1276 1247 1272 1302 1312 1311 1270 1245 1255 1252 1267 1278 1252 1266 1252 1280 1276 1252 1269 1233 1308 1330 1423 1598 1526 1437 1472 1378 1391 1399 1399 1354 1352 1353 1353 1348 1361
1323 1308 1294 1502 1355 1332 1334 1336 1344 1337 1326 1335 1314 1317 1310 1301 1308 1303 1287 1305 1282 1259 1247 1234 1207 1179 1336 1394 1350 1362 1323 1225 1207 1303 1350 1354 1355 1220 1382 1308 1312 1292 1249 1226 1204 1267 1289 1295 1319 1254 1259 1280 1296 1319 1317 1281 1279 1266 1240 1249 1283 1267 1246 1246 1250 1299 1305 1271 1249 1250 1343 1496 1545 1589 1453 1379 1353 1368 1401 1385 1352 1344 1351 1342 1347 1348 1350
1309 1308 1321 1352 1333 1342 1345 1333 1352 1346 1337 1340 1322 1317 1324 1307 1309 1299 1283 1279 1247 1243 1224 1218 1194 1175 1234 1269 1336 1284 1258 1242 1243 1205 1251 1342 1240 1218 1256 1344 1311 1242 1223 1229 1194 1241 1343 1299 1259 1281 1323 1352 1331 1311 1288 1305 1289 1258 1232 1272 1298 1268 1267 1289 1285 1337 1423 1363 1288 1334 1463 1626 1551 1467 1386 1337 1295 1330 1333 1370 1371 1346 1339 1335 1335 1338 1340
1266 1357 1445 1342 1352 1353 1355 1340 1352 1357 1349 1344 1328 1326 1327 1308 1315 1286 1272 1249 1215 1236 1339 1234 1230 1253 1240 1246 1347 1348 1347 1323 1263 1194 1205 1223 1182 1197 1244 1314 1400 1376 1366 1267 1227 1254 1357 1347 1331 1357 1332 1293 1302 1292 1289 1248 1241 1252 1262 1269 1317 1332 1289 1308 1331 1362 1420 1357 1315 1345 1570 1612 1542 1552 1452 1353 1334 1405 1447 1421 1381 1342 1335 1334 1336 1332 1328
1450 1507 1463 1454 1441 1423 1356 1335 1354 1371 1359 1332 1330 1339 1313 1312 1301 1277 1252 1241 1245 1295 1312 1202 1296 1242 1197 1296 1338 1324 1293 1243 1223 1266 1196 1221 1195 1217 1271 1386 1366 1317 1298 1257 1311 1351 1401 1390 1348 1342 1335 1321 1308 1245 1255 1225 1256 1278 1327 1329 1355 1340 1299 1314 1336 1418 1452 1386 1309 1417 1583 1511 1485 1495 1442 1393 1405 1519 1459 1401 1352 1331 1333 1323 1322 1332 1326
1532 1491 1436 1388 1341 1332 1355 1344 1371 1362 1348 1331 1332 1326 1310 1288 1276 1278 1244 1245 1276 1336 1345 1298 1202 1251 1255 1247 1311 1333 1292 1211 1184 1219 1216 1179 1198 1215 1255 1347 1336 1357 1324 1317 1345 1343 1356 1353 1330 1347 1372 1316 1268 1280 1275 1216 1315 1328 1354 1351 1375 1365 1298 1268 1372 1448 1409 1381 1286 1359 1325 1365 1386 1425 1449 1412 1424 1468 1419 1374 1353 1339 1324 1319 1311 1321 1318
1516 1473 1355 1344 1403 1415 1434 1363 1363 1332 1330 1323 1329 1310 1299 1258 1348 1336 1240 1237 1237 1246 1258 1326 1268 1283 1333 1335 1354 1326 1305 1213 1216 1282 1316 1249 1252 1269 1318 1360 1333 1377 1360 1368 1358 1340 1330 1310 1308 1326 1340 1315 1284 1359 1313 1284 1398 1303 1309 1319 1334 1352 1334 1260 1444 1418 1318 1334 1304 1426 1540 1542 1407 1471 1413 1402 1382 1388 1383 1368 1348 1329 1312 1320 1288 1309 1307
1359 1352 1339 1363 1400 1372 1381 1343 1318 1308 1294 1308 1301 1331 1320 1243 1262 1299 1268 1322 1363 1396 1378 1370 1379 1369 1338 1341 1368 1302 1320 1331 1328 1366 1344 1323 1337 1330 1345 1342 1316 1338 1379 1359 1351 1379 1391 1381 1349 1325 1322 1300 1298 1341 1307 1311 1292 1348 1352 1366 1373 1352 1350 1314 1497 1346 1318 1442 1450 1420 1489 1494 1522 1499 1432 1374 1376 1379 1373 1356 1332 1305 1310 1295 1289 1297 1303
1347 1339 1338 1324 1337 1392 1353 1306 1325 1387 1272 1331 1329 1300 1250 1283 1287 1319 1356 1399 1378 1384 1387 1361 1352 1375 1340 1319 1360 1311 1293 1354 1329 1365 1356 1311 1310 1310 1334 1343 1347 1308 1354 1366 1373 1346 1379 1380 1355 1363 1356 1307 1286 1295 1293 1307 1273 1357 1364 1376 1384 1398 1404 1352 1398 1331 1390 1464 1509 1465 1438 1498 1458 1507 1441 1393 1383 1363 1350 1325 1310 1318 1331 1315 1298 1302 1291
1325 1319 1323 1316 1376 1448 1399 1293 1314 1347 1338 1377 1357 1341 1307 1359 1400 1399 1393 1383 1359 1316 1321 1318 1299 1299 1312 1310 1318 1324 1301 1352 1336 1335 1331 1335 1290 1280 1292 1365 1359 1314 1336 1377 1379 1363 1292 1278 1296 1306 1344 1358 1335 1329 1305 1269 1271 1318 1309 1347 1358 1419 1398 1391 1333 1329 1361 1449 1453 1491 1438 1489 1522 1455 1430 1405 1396 1449 1398 1364 1341 1336 1325 1322 1311 1299 1308
1302 1310 1308 1331 1316 1345 1319 1274 1331 1382 1386 1426 1443 1403 1351 1356 1364 1358 1354 1338 1311 1282 1289 1275 1257 1299 1280 1267 1273 1302 1281 1308 1327 1322 1310 1337 1285 1279 1293 1358 1368 1346 1332 1316 1331 1319 1291 1336 1340 1340 1298 1318 1318 1358 1343 1268 1276 1261 1337 1418 1365 1349 1359 1363 1365 1333 1330 1434 1414 1432 1416 1398 1438 1472 1398 1359 1375 1385 1407 1375 1357 1338 1326 1314 1298 1279 1293
1276 1308 1305 1321 1374 1489 1319 1255 1313 1333 1365 1384 1369 1353 1357 1322 1350 1365 1346 1293 1280 1259 1259 1289 1301 1336 1305 1296 1290 1285 1308 1299 1299 1305 1311 1338 1306 1288 1315 1361 1336 1329 1308 1295 1354 1402 1402 1396 1388 1368 1377 1355 1333 1314 1310 1299 1249 1221 1307 1387 1362 1371 1379 1382 1367 1342 1377 1446 1395 1310 1319 1283 1343 1407 1399 1434 1395 1358 1333 1335 1331 1327 1327 1319 1290 1278 1282
1292 1297 1367 1443 1454 1363 1301 1302 1354 1353 1375 1380 1355 1344 1349 1303 1324 1336 1312 1258 1255 1248 1252 1287 1298 1302 1299 1302 1323 1317 1291 1271 1266 1275 1268 1315 1310 1299 1322 1319 1395 1383 1333 1358 1354 1383 1352 1338 1347 1359 1334 1314 1347 1343 1314 1277 1231 1260 1430 1407 1395 1376 1347 1327 1362 1336 1323 1345 1313 1354 1425 1327 1397 1378 1387 1334 1341 1357 1352 1341 1333 1330 1311 1311 1292 1275 1275
1422 1370 1326 1395 1393 1365 1309 1361 1350 1341 1355 1339 1331 1304 1332 1285 1351 1380 1273 1222 1224 1220 1240 1379 1329 1260 1242 1239 1223 1201 1230 1239 1246 1272 1272 1244 1251 1255 1269 1302 1383 1403 1348 1331 1328 1330 1344 1323 1282 1269 1289 1288 1289 1302 1303 1250 1246 1282 1373 1377 1396 1373 1280 1333 1268 1296 1308 1296 1285 1427 1471 1377 1460 1511 1435 1392 1395 1381 1343 1344 1337 1325 1311 1299 1292 1268 1289
1499 1483 1450 1397 1355 1346 1288 1313 1340 1337 1308 1317 1329 1335 1334 1267 1273 1272 1273 1249 1214 1206 1246 1325 1280 1206 1179 1195 1193 1241 1252 1267 1247 1258 1204 1212 1214 1209 1242 1241 1294 1357 1296 1331 1360 1329 1394 1378 1340 1351 1291 1330 1283 1288 1294 1246 1275 1325 1388 1353 1418 1387 1332 1415 1282 1340 1291 1284 1388 1483 1456 1389 1403 1453 1394 1372 1356 1347 1328 1314 1311 1289 1283 1284 1284 1265 1262
1374 1379 1380 1298 1331 1349 1351 1294 1299 1293 1316 1367 1317 1269 1293 1234 1212 1232 1269 1287 1283 1281 1335 1348 1341 1336 1255 1313 1255 1266 1286 1281 1284 1254 1273 1297 1219 1212 1234 1246 1242 1270 1275 1368 1373 1360 1397 1355 1317 1383 1387 1365 1343 1348 1335 1275 1302 1301 1358 1328 1359 1340 1337 1343 1396 1518 1428 1412 1458 1442 1397 1371 1361 1406 1373 1342 1329 1305 1288 1289 1277 1274 1282 1288 1278 1260 1260
1298 1318 1368 1359 1405 1393 1373 1335 1319 1321 1370 1332 1298 1281 1247 1222 1244 1231 1283 1296 1292 1295 1323 1324 1319 1325 1377 1409 1427 1344 1300 1288 1298 1323 1298 1281 1295 1299 1347 1342 1318 1296 1237 1234 1256 1280 1326 1352 1328 1394 1413 1347 1342 1353 1321 1294 1256 1312 1355 1321 1375 1383 1367 1344 1314 1359 1379 1354 1326 1342 1363 1367 1347 1340 1374 1354 1327 1306 1285 1288 1280 1279 1288 1286 1276 1262 1279
1236 1286 1367 1360 1331 1323 1330 1340 1367 1338 1372 1417 1401 1384 1319 1348 1328 1276 1284 1308 1298 1271 1259 1283 1286 1304 1343 1376 1419 1368 1323 1315 1299 1296 1288 1247 1270 1261 1246 1227 1259 1220 1196 1201 1212 1203 1225 1257 1331 1350 1353 1340 1324 1366 1336 1312 1281 1316 1338 1356 1341 1356 1339 1333 1300 1280 1281 1298 1317 1315 1320 1354 1336 1326 1310 1306 1286 1283 1285 1286 1290 1290 1283 1278 1257 1255 1263
1235 1217 1221 1269 1296 1299 1294 1305 1306 1404 1355 1327 1360 1410 1438 1464 1429 1368 1371 1345 1317 1321 1327 1279 1248 1258 1276 1316 1323 1366 1372 1365 1300 1251 1217 1236 1248 1244 1311 1423 1335 1224 1224 1217 1226 1310 1292 1240 1209 1258 1294 1339 1310 1336 1325 1294 1264 1279 1334 1341 1354 1354 1350 1328 1307 1295 1324 1335 1344 1302 1293 1316 1347 1305 1287 1276 1283 1283 1289 1286 1281 1276 1270 1269 1256 1252 1245
1316 1284 1282 1316 1372 1353 1304 1329 1370 1380 1361 1329 1304 1424 1439 1421 1395 1423 1410 1378 1365 1352 1375 1297 1279 1297 1313 1292 1279 1319 1370 1335 1352 1347 1331 1342 1268 1258 1397 1481 1441 1409 1362 1372 1405 1379 1414 1374 1312 1329 1259 1262 1293 1302 1308 1322 1296 1282 1321 1310 1347 1315 1336 1319 1329 1358 1345 1325 1288 1309 1310 1281 1281 1285 1278 1280 1285 1275 1274 1273 1269 1265 1257 1254 1253 1243 1236
1440 1433 1427 1385 1341 1339 1343 1323 1366 1414 1349 1340 1306 1355 1286 1262 1253 1295 1429 1436 1414 1408 1392 1385 1424 1444 1383 1270 1277 1343 1371 1369 1319 1327 1355 1314 1265 1247 1256 1293 1353 1357 1362 1408 1330 1310 1311 1319 1326 1360 1317 1279 1270 1261 1270 1284 1288 1252 1301 1288 1335 1327 1326 1301 1290 1330 1334 1325 1308 1324 1312 1328 1319 1297 1291 1286 1274 1255 1258 1255 1255 1254 1254 1247 1240 1234 1239
1466 1404 1391 1391 1386 1361 1346 1401 1425 1399 1352 1296 1267 1261 1242 1216 1193 1205 1280 1277 1324 1361 1315 1355 1458 1419 1421 1458 1520 1354 1354 1315 1314 1288 1362 1439 1354 1299 1276 1259 1337 1354 1344 1279 1306 1338 1288 1257 1272 1284 1308 1335 1316 1241 1243 1266 1283 1289 1231 1226 1253 1310 1325 1321 1290 1317 1310 1311 1323 1294 1309 1292 1270 1276 1271 1280 1272 1272 1254 1262 1260 1258 1241 1228 1228 1229 1226
1293 1304 1285 1315 1374 1369 1363 1362 1331 1325 1328 1267 1226 1277 1329 1315 1310 1239 1182 1249 1420 1382 1309 1313 1336 1314 1282 1304 1356 1387 1364 1343 1286 1368 1415 1446 1387 1361 1313 1273 1329 1314 1320 1297 1330 1345 1347 1331 1317 1282 1271 1288 1287 1307 1322 1277 1272 1326 1308 1291 1279 1255 1278 1319 1287 1297 1317 1292 1293 1283 1271 1255 1231 1233 1223 1231 1237 1240 1261 1254 1239 1220 1205 1218 1213 1210 1208
1373 1358 1334 1288 1271 1306 1332 1292 1275 1268 1311 1427 1324 1274 1348 1452 1455 1251 1287 1377 1317 1390 1391 1328 1299 1252 1247 1242 1482 1476 1293 1272 1246 1245 1245 1265 1296 1375 1368 1327 1269 1313 1277 1274 1294 1312 1334 1330 1335 1330 1338 1280 1253 1261 1308 1265 1257 1302 1303 1266 1298 1273 1235 1236 1249 1252 1262 1277 1274 1279 1265 1251 1245 1232 1235 1230 1223 1224 1204 1209 1209 1213 1230 1227 1224 1228 1219
1254 1262 1277 1283 1420 1439 1352 1323 1314 1289 1269 1307 1300 1222 1220 1269 1283 1328 1425 1418 1372 1304 1378 1380 1361 1365 1366 1344 1346 1301 1237 1204 1184 1169 1198 1187 1217 1221 1230 1241 1238 1298 1281 1245 1288 1296 1309 1360 1308 1299 1328 1311 1297 1261 1242 1208 1272 1273 1275 1257 1269 1280 1274 1234 1218 1225 1224 1223 1235 1244 1238 1231 1230 1237 1236 1228 1213 1198 1223 1235 1236 1230 1221 1219 1221 1215 1211
1217 1200 1204 1244 1243 1269 1261 1262 1264 1232 1209 1210 1197 1205 1224 1177 1191 1175 1199 1223 1237 1271 1313 1393 1381 1379 1438 1432 1395 1325 1211 1229 1246 1250 1296 1297 1306 1281 1248 1244 1207 1221 1242 1265 1251 1248 1291 1315 1303 1258 1255 1215 1185 1192 1172 1176 1224 1271 1274 1254 1245 1279 1277 1271 1273 1234 1203 1203 1223 1227 1229 1224 1214 1205 1199 1201 1221 1231 1220 1209 1214 1211 1207 1194 1194 1191 1182
1179 1174 1166 1300 1231 1182 1184 1170 1234 1186 1187 1180 1183 1176 1288 1328 1267 1172 1199 1174 1181 1190 1200 1220 1233 1245 1303 1344 1280 1231 1215 1249 1271 1286 1288 1294 1297 1276 1270 1251 1248 1289 1281 1262 1257 1229 1210 1208 1198 1165 1160 1182 1215 1159 1204 1210 1165 1175 1231 1220 1230 1240 1276 1248 1278 1253 1215 1232 1214 1189 1205 1215 1213 1218 1233 1230 1229 1222 1211 1205 1197 1187 1178 1178 1179 1180 1184
1331 1424 1249 1311 1397 1254 1221 1178 1227 1204 1203 1247 1254 1201 1264 1323 1331 1310 1168 1155 1243 1200 1175 1156 1197 1206 1225 1225 1261 1236 1237 1240 1243 1239 1272 1265 1223 1238 1246 1248 1278 1229 1224 1256 1244 1235 1185 1182 1164 1163 1188 1213 1156 1147 1267 1149 1142 1134 1129 1158 1190 1188 1237 1240 1227 1219 1237 1254 1219 1224 1197 1185 1188 1194 1206 1205 1201 1194 1195 1192 1183 1178 1171 1177 1185 1184 1172
1314 1458 1486 1407 1295 1343 1302 1257 1264 1286 1312 1278 1213 1213 1219 1260 1324 1291 1174 1190 1208 1278 1323 1299 1285 1220 1240 1261 1243 1317 1345 1374 1414 1269 1293 1275 1239 1260 1257 1263 1251 1283 1281 1244 1216 1179 1174 1178 1172 1176 1184 1161 1162 1161 1147 1171 1147 1148 1204 1196 1187 1169 1160 1159 1179 1204 1225 1226 1201 1193 1203 1219 1194 1200 1178 1173 1189 1185 1179 1178 1174 1168 1172 1181 1174 1171 1160
1250 1283 1419 1274 1283 1328 1356 1325 1325 1335 1367 1368 1307 1312 1293 1269 1307 1276 1308 1306 1290 1312 1467 1457 1358 1293 1208 1236 1237 1306 1366 1438 1529 1421 1320 1263 1265 1273 1280 1276 1264 1227 1200 1195 1181 1174 1166 1164 1168 1189 1217 1215 1191 1220 1231 1232 1251 1250 1225 1181 1157 1151 1142 1151 1168 1167 1200 1251 1234 1199 1167 1146 1144 1137 1141 1165 1147 1157 1158 1157 1153 1159 1168 1162 1163 1162 1161
1279 1426 1409 1279 1269 1283 1280 1273 1312 1325 1280 1312 1365 1346 1324 1291 1304 1287 1262 1322 1363 1344 1350 1381 1398 1386 1304 1218 1245 1240 1246 1388 1391 1456 1455 1437 1389 1324 1272 1233 1205 1216 1194 1204 1175 1165 1162 1154 1176 1220 1206 1205 1229 1253 1237 1214 1249 1229 1229 1193 1172 1143 1145 1182 1182 1158 1156 1194 1206 1199 1189 1184 1174 1155 1180 1181 1168 1141 1131 1140 1154 1161 1158 1159 1162 1154 1144
1336 1322 1277 1314 1302 1295 1324 1279 1267 1339 1257 1262 1285 1292 1318 1337 1343 1344 1293 1254 1271 1318 1313 1301 1341 1368 1309 1243 1212 1179 1262 1244 1241 1283 1369 1414 1368 1344 1267 1235 1238 1259 1223 1205 1179 1177 1180 1177 1180 1201 1212 1196 1163 1177 1219 1196 1207 1216 1196 1198 1220 1217 1216 1195 1150 1170 1167 1156 1159 1171 1192 1194 1196 1203 1212 1189 1169 1159 1185 1183 1183 1169 1163 1159 1155 1141 1132
1430 1254 1264 1286 1305 1278 1303 1310 1267 1279 1280 1264 1270 1310 1272 1294 1344 1368 1279 1281 1307 1305 1301 1374 1392 1362 1477 1471 1477 1396 1298 1362 1306 1237 1267 1266 1260 1248 1265 1285 1318 1324 1303 1261 1240 1266 1265 1249 1256 1196 1151 1140 1185 1142 1161 1192 1174 1206 1173 1216 1187 1191 1172 1201 1216 1208 1188 1165 1162 1160 1160 1176 1179 1174 1163 1160 1158 1162 1172 1169 1163 1162 1159 1157 1151 1146 1134
