Artocarpus hirsutus SDM files/MIS19/Environmental layers/bio19.asc
ncols  625
nrows  721
xllcorner  69.99986311115
yllcorner  5.99986187915
cellsize 0.041666667
NODATA_value  -9999
[rows 141 to 187 of 721, columns 288 to 383 of 625]
36 45 47 52 67 58 61 57 35 21 46 39 35 22 21 26 20 12 17 7 7 6 4 9 17 12 0 0 0 0 0 2 8 5 1 1 0 0 0 0 0 0 0 0 0 0 0 0 0 0 0 0 0 0 0 0 0 0 0 0 0 0 0 0 0 0 0 0 0 0 0 0 0 0 0 0 0 0 0 0 0 0 0 0 0 0 0 0 0 0 0 0 0 0 0 0
34 55 54 74 76 66 39 36 20 30 47 50 39 34 32 32 23 21 16 16 9 11 6 4 3 18 13 5 1 1 1 0 0 0 7 5 0 1 0 0 0 0 0 0 0 0 0 0 0 0 0 0 0 0 0 0 0 0 0 0 0 0 0 0 0 0 0 0 0 0 0 0 0 0 0 0 0 0 0 0 0 0 0 0 0 0 0 0 0 0 0 0 0 0 0 0
45 69 75 77 84 69 78 62 42 34 56 65 57 49 52 46 40 39 39 30 11 14 8 3 2 10 12 6 3 1 1 1 0 0 2 4 5 2 2 0 0 0 0 0 0 0 0 0 0 0 0 0 0 0 0 0 0 0 0 0 0 0 0 0 0 0 0 0 0 0 0 0 0 0 0 0 0 0 0 0 0 0 0 0 0 0 0 0 0 0 0 0 0 0 0 0
47 67 86 66 74 54 61 68 71 73 55 49 49 43 40 33 30 24 17 15 21 22 16 8 4 1 3 2 7 7 1 0 0 0 0 0 5 7 5 2 0 0 0 0 0 0 0 0 0 0 0 0 0 0 0 0 0 0 0 0 0 0 0 0 0 0 0 0 0 0 0 0 0 0 0 0 0 0 0 0 0 0 0 0 0 0 0 0 0 0 0 0 0 0 0 0
57 94 66 51 52 62 43 74 51 71 73 59 32 30 22 35 19 19 19 23 20 18 20 18 13 8 2 3 1 1 0 1 0 0 0 0 0 0 2 4 1 0 2 0 0 0 0 0 0 0 0 0 0 0 0 0 0 0 0 0 0 0 0 0 0 0 0 0 0 0 0 0 0 0 0 0 0 0 0 0 0 0 0 0 0 0 0 0 0 0 0 0 0 0 0 0
68 62 55 95 95 82 59 72 58 42 47 52 56 62 44 51 28 36 23 21 20 19 18 17 15 10 7 8 5 10 12 3 0 0 0 0 0 0 4 4 4 2 0 0 0 0 0 0 0 0 0 0 0 0 0 0 0 0 0 0 0 0 0 0 0 0 0 0 1 0 0 0 0 0 0 0 0 0 0 0 0 0 0 0 0 0 0 0 0 0 0 0 0 0 0 0
92 92 89 83 75 85 59 38 36 49 52 35 60 45 70 70 46 46 30 35 27 23 21 20 20 13 15 11 7 7 14 11 0 0 1 0 0 0 0 0 0 2 3 0 1 0 0 0 0 0 0 0 0 0 0 0 0 0 0 0 1 0 0 0 0 0 0 0 1 1 0 0 0 0 0 0 0 0 0 0 0 0 0 0 0 0 0 0 0 0 0 0 0 0 0 0
94 99 87 65 77 41 33 54 87 75 72 56 28 68 71 76 69 68 39 24 22 24 20 17 13 10 12 15 15 7 7 12 7 5 2 0 0 0 0 0 0 0 0 0 0 2 0 0 0 0 0 0 0 0 0 0 0 1 1 1 2 1 1 0 0 0 0 0 0 2 2 0 0 0 1 0 0 0 0 0 0 0 0 0 0 0 0 0 0 0 0 0 0 0 0 0
95 73 47 44 31 56 76 76 58 71 76 57 38 53 66 66 48 45 47 45 29 24 25 18 15 17 21 17 16 3 14 16 2 4 3 2 0 0 0 0 0 0 0 0 0 0 2 2 0 0 0 0 0 0 0 0 0 0 1 2 1 3 4 4 0 0 0 0 0 0 4 1 0 0 0 0 0 0 0 0 0 0 0 0 0 0 0 0 0 0 0 0 0 0 0 0
54 53 53 85 75 55 53 54 92 79 64 60 30 50 47 46 55 55 72 51 38 30 25 19 17 14 12 8 8 7 10 17 3 11 12 7 4 0 0 0 0 2 5 2 0 0 0 0 0 0 2 2 1 0 0 0 0 0 0 1 3 3 3 4 0 0 0 0 3 0 2 4 0 1 0 0 1 0 0 0 2 1 0 0 0 0 0 0 0 0 0 0 0 0 0 0
37 29 46 54 45 79 74 58 75 94 49 72 36 82 79 81 78 70 75 75 55 53 43 29 26 19 16 14 10 7 3 4 1 7 9 13 11 4 0 0 0 0 0 4 4 0 0 0 0 0 0 0 0 3 4 3 0 0 0 0 6 6 6 6 6 1 0 0 1 0 2 8 2 0 6 4 0 1 2 0 1 2 0 0 1 0 0 0 0 0 0 0 0 0 0 0
40 52 44 89 95 104 98 93 77 93 52 62 43 77 71 61 50 73 71 69 71 67 66 46 48 37 23 20 14 11 9 2 0 0 2 11 11 0 0 4 0 0 0 0 0 1 0 0 0 0 0 0 2 2 1 3 2 0 0 1 8 8 7 7 10 10 4 0 0 5 7 8 6 0 6 8 8 2 4 4 3 4 1 0 1 1 0 1 0 0 0 0 0 0 0 0
88 90 86 95 102 103 94 71 75 90 81 41 35 48 53 71 32 47 51 62 60 49 63 60 59 43 41 37 30 24 14 9 5 2 1 13 11 8 0 2 0 0 4 6 4 0 0 0 0 0 0 0 0 0 0 1 5 7 3 0 5 10 10 8 10 12 12 6 0 0 6 2 0 0 0 2 8 8 4 6 6 4 4 1 0 0 0 1 1 0 0 0 0 0 0 0
43 44 60 70 64 80 51 44 80 58 58 34 62 84 76 80 40 73 76 60 52 47 45 46 55 54 51 43 42 34 35 20 9 5 2 9 9 13 6 6 0 0 3 8 8 0 0 0 0 0 0 0 1 2 4 5 3 5 1 5 1 5 5 1 3 6 10 13 12 3 0 10 6 2 3 0 0 0 2 4 6 3 6 4 1 0 0 0 0 0 0 1 0 0 0 0
48 57 51 29 43 37 30 30 23 20 19 20 24 33 29 46 42 51 67 73 47 34 37 52 43 50 48 42 42 40 36 21 15 10 4 0 0 9 11 6 0 4 0 4 6 0 0 0 0 0 0 0 0 0 0 0 5 0 1 5 11 7 3 0 0 0 1 0 5 1 0 10 15 12 13 8 6 2 1 6 4 2 1 3 1 0 0 1 0 0 0 1 1 0 0 0
66 66 58 35 29 30 49 71 49 41 61 46 37 31 53 18 21 23 35 65 40 22 22 18 18 32 37 39 39 42 36 32 31 19 8 6 2 2 10 12 4 4 6 0 4 2 0 0 0 0 0 1 0 0 0 0 0 0 0 0 5 12 5 8 13 7 1 1 12 13 6 9 16 15 11 15 15 8 3 9 10 5 3 3 1 0 0 1 1 0 0 0 1 0 0 0
80 100 76 38 48 55 48 86 84 69 80 75 43 52 51 38 32 59 21 45 33 44 57 44 22 9 12 16 35 38 38 36 34 21 15 8 4 2 6 12 9 4 6 2 6 0 0 0 0 6 6 5 5 1 0 1 0 5 9 12 1 8 7 15 14 19 16 17 13 8 3 2 6 3 0 3 13 13 12 12 15 15 8 4 8 5 1 0 1 0 0 0 0 0 0 0
85 75 73 73 47 79 89 82 76 88 87 73 61 69 54 44 43 69 28 16 21 20 36 62 44 11 23 12 13 14 31 37 34 30 28 14 6 6 4 10 10 8 4 5 8 2 0 0 0 7 9 7 13 12 11 7 2 5 5 1 3 16 19 22 15 15 22 24 20 6 2 12 19 15 10 4 2 1 3 15 18 16 13 4 4 10 4 0 0 0 0 0 0 0 1 0
50 57 63 57 71 67 65 67 72 75 85 63 78 78 75 58 49 73 62 43 34 31 26 54 39 17 15 40 29 20 9 31 34 32 26 15 10 6 4 11 13 14 8 9 8 0 0 0 0 7 4 6 11 12 14 8 12 8 6 4 5 4 10 25 15 4 5 8 12 19 9 10 16 25 25 20 21 8 8 16 19 18 15 6 3 8 8 4 4 4 2 1 0 0 0 1
80 81 82 96 84 80 71 76 76 77 79 56 58 79 74 79 54 80 82 69 61 59 46 37 50 44 28 28 51 37 15 15 37 35 31 18 18 13 6 4 13 15 12 14 8 2 0 0 5 5 2 3 3 12 19 20 21 12 6 4 20 23 22 28 19 18 17 24 11 4 6 6 5 8 10 16 25 11 12 6 13 14 15 6 11 15 13 13 8 9 8 6 6 4 3 0
61 78 97 85 63 51 48 43 40 45 50 72 70 59 59 65 63 84 75 62 69 60 69 58 51 30 28 40 47 35 12 21 15 32 32 25 18 24 10 4 10 15 15 15 8 2 0 4 12 13 11 9 10 5 6 6 12 8 11 6 13 31 29 21 25 34 33 31 29 27 23 23 24 23 21 9 8 5 3 1 2 12 8 10 15 10 6 3 5 6 3 0 0 3 3 1
82 90 76 52 37 40 51 54 45 59 70 78 81 75 74 65 49 70 59 61 45 32 72 57 61 46 38 36 42 20 21 40 23 25 28 30 25 18 10 10 8 8 15 12 7 2 0 6 11 14 18 17 24 12 11 6 12 6 6 7 11 18 18 11 30 33 21 23 19 25 22 37 37 26 20 17 21 13 8 4 3 5 6 15 11 6 15 12 9 0 3 4 1 4 0 0
50 56 55 47 63 58 54 41 62 54 65 81 85 76 62 50 72 68 67 54 70 48 40 55 45 64 61 54 43 26 25 46 42 32 32 25 26 15 17 17 14 10 9 14 5 2 0 1 7 18 19 25 28 19 17 17 11 15 9 9 9 10 14 14 11 11 11 12 13 32 18 14 16 21 42 36 36 20 20 15 8 8 8 3 3 10 5 13 10 10 1 1 0 4 5 7
79 57 92 82 68 91 78 50 44 57 55 73 89 90 82 50 84 82 70 57 46 76 36 55 50 39 48 29 52 47 30 26 30 38 34 33 27 25 21 19 17 14 7 9 8 2 0 0 9 10 13 31 30 28 34 40 18 12 23 22 18 13 14 16 21 14 20 24 27 16 18 25 16 19 39 38 37 40 36 36 16 11 15 17 22 15 8 6 1 3 0 3 0 0 3 3
91 58 71 90 83 90 99 84 63 62 86 66 76 74 75 55 79 76 69 55 33 42 38 60 66 59 46 28 29 50 51 31 37 29 31 35 28 24 23 20 18 13 14 9 7 3 3 5 10 10 15 30 25 20 20 31 40 18 42 53 43 36 41 24 24 38 55 45 33 24 19 13 17 31 15 13 14 20 28 36 21 11 22 26 27 28 20 5 3 10 12 6 7 7 3 0
106 75 62 88 94 93 102 96 84 88 66 55 50 59 49 77 86 84 82 72 46 42 70 75 65 68 52 32 38 43 55 43 18 21 19 30 30 26 25 20 20 15 12 12 4 2 3 5 15 23 28 29 23 26 21 22 18 19 30 51 54 55 65 50 29 69 77 71 50 37 28 28 20 20 18 20 21 19 21 20 19 8 11 22 31 34 23 12 14 17 15 5 12 12 3 5
110 78 78 94 99 87 99 76 67 99 65 42 44 47 56 85 63 46 59 74 67 42 75 75 71 59 42 33 38 51 52 24 29 40 24 16 20 26 24 17 11 9 9 6 1 3 2 10 13 31 37 36 36 30 31 34 28 43 27 32 33 65 72 62 30 69 84 84 78 60 41 35 38 34 23 20 20 22 26 30 27 16 10 15 26 34 27 18 22 20 8 14 12 11 1 12
101 100 96 100 69 69 79 62 79 102 87 91 75 40 79 63 64 45 30 39 74 42 66 74 75 53 38 61 59 51 49 32 26 42 35 25 32 23 25 22 20 17 15 7 4 2 3 18 24 28 42 42 39 49 49 49 43 54 49 40 46 54 60 64 42 39 67 90 90 81 60 67 62 59 37 37 40 40 47 46 40 24 18 20 35 31 16 17 19 18 14 12 6 2 4 5
84 109 101 97 83 54 59 68 80 100 88 83 44 46 43 42 41 56 68 34 34 41 78 79 77 46 53 69 61 47 57 36 24 45 35 21 31 29 24 16 19 22 10 5 4 5 10 20 26 23 35 34 38 41 36 42 52 63 57 56 50 65 57 65 52 47 48 61 78 95 93 87 80 75 53 66 55 64 64 61 56 50 22 19 10 10 12 26 24 31 26 19 13 12 18 10
84 97 82 70 94 66 52 59 86 92 61 72 48 85 64 59 85 67 71 39 52 30 40 56 71 60 74 57 61 54 59 50 23 40 45 30 23 26 24 16 20 23 12 3 14 18 27 22 36 42 44 39 32 42 46 45 55 65 61 60 69 62 74 79 67 58 73 65 62 81 94 95 80 86 63 62 67 56 64 61 52 56 22 36 23 10 15 40 39 41 37 29 23 27 27 23
69 86 91 76 66 98 64 71 87 86 51 57 45 82 97 79 89 81 66 48 67 42 58 33 42 51 47 50 34 54 52 53 31 44 50 40 33 19 16 11 9 9 5 7 19 28 30 29 37 47 50 45 40 55 62 60 66 70 62 68 90 61 87 95 98 78 92 99 78 78 79 85 77 80 58 39 38 32 32 38 50 54 27 37 51 28 15 30 48 39 43 34 29 35 35 30
62 82 62 67 77 81 63 75 78 50 51 57 85 88 93 83 79 75 70 76 77 71 71 46 57 80 59 57 51 48 27 32 31 53 49 45 35 21 28 23 23 17 7 17 32 43 43 38 32 50 44 59 51 47 60 83 86 87 77 69 84 67 68 98 123 91 112 109 93 101 95 97 80 65 48 35 31 26 20 22 50 59 36 30 24 20 19 22 43 35 32 29 20 32 37 35
59 81 65 55 89 67 60 56 52 64 75 64 79 85 88 67 56 67 78 68 72 73 70 79 77 74 65 64 56 61 43 59 51 40 51 48 32 23 31 20 16 15 10 21 28 45 46 42 42 38 40 54 65 69 49 85 94 94 92 80 74 73 66 106 126 95 96 104 117 101 74 73 97 68 65 54 42 34 23 25 58 71 50 29 17 19 19 18 32 33 23 23 19 26 35 36
66 52 63 91 82 86 62 60 57 69 96 91 75 74 84 54 55 78 80 57 55 56 78 74 72 69 69 62 56 55 46 59 55 43 41 42 37 37 27 25 13 14 33 44 41 51 40 40 57 45 49 49 59 69 48 88 91 98 92 80 79 85 78 84 120 95 59 102 116 114 88 86 113 99 94 75 57 40 25 22 59 73 56 27 17 17 19 21 22 20 16 17 17 23 32 35
53 81 90 81 56 56 55 76 94 81 68 73 76 77 84 67 48 69 67 55 43 54 74 70 65 59 67 57 47 57 58 56 44 38 34 48 48 32 27 22 25 45 41 54 51 45 37 40 64 57 62 62 52 81 63 106 96 91 97 111 98 103 103 114 85 110 71 127 130 91 75 85 82 79 96 83 72 64 36 28 62 77 56 29 24 19 22 24 27 19 19 19 17 23 39 42
59 81 58 71 49 54 61 61 64 65 50 43 65 54 75 48 40 62 57 39 35 63 58 69 80 74 70 60 54 67 62 44 46 46 43 55 39 33 21 33 59 58 47 48 41 37 38 36 57 66 71 77 65 60 94 100 79 97 89 112 122 105 98 122 116 74 63 66 101 69 72 78 101 92 84 74 47 37 30 54 43 76 62 37 34 27 22 27 35 36 26 22 14 20 26 30
51 49 50 51 45 55 61 75 55 51 47 73 58 45 46 48 64 47 43 63 74 56 57 67 74 68 63 59 60 58 55 53 47 39 63 55 45 46 24 38 64 59 43 52 44 47 56 52 47 39 51 77 92 66 112 101 75 85 111 108 139 104 87 96 137 113 108 92 60 111 101 79 87 78 78 93 83 51 30 59 62 62 67 46 45 41 32 32 31 35 50 29 19 17 15 17
59 74 68 61 58 75 69 72 77 64 50 59 67 72 63 59 80 82 55 72 85 88 93 87 82 80 82 73 46 43 47 53 55 45 78 58 44 62 41 29 62 62 61 65 56 49 61 69 64 65 79 55 68 65 108 116 100 77 84 83 136 113 96 84 129 133 124 91 104 121 116 97 86 64 45 88 82 43 47 83 68 57 56 72 53 47 38 36 36 35 55 59 33 26 24 27
65 84 77 77 63 63 71 67 78 75 62 84 85 79 77 50 61 62 71 82 73 67 76 88 76 77 60 69 63 55 47 41 46 41 67 45 42 65 44 31 52 73 68 65 48 47 58 68 60 81 82 84 66 57 68 86 97 76 129 138 130 107 91 73 76 65 91 81 126 95 115 85 95 90 51 74 74 44 53 79 75 64 56 59 69 56 48 43 42 39 39 43 41 50 48 29
46 51 55 80 90 67 74 78 84 88 86 82 54 70 85 74 69 84 79 81 91 76 72 66 58 68 59 62 66 56 50 41 32 56 63 49 45 67 50 28 45 66 77 68 50 53 75 62 67 87 77 75 83 89 95 62 53 108 131 136 126 110 96 112 81 108 61 57 55 108 118 102 80 81 65 90 54 50 85 70 70 58 67 53 72 74 56 49 50 43 46 41 41 48 53 36
56 81 83 87 85 71 71 63 77 76 68 68 46 71 66 74 86 81 73 87 83 78 79 84 71 62 61 68 69 52 63 57 32 44 66 59 37 58 36 31 69 87 77 59 57 70 84 66 69 93 75 84 83 95 102 97 61 111 129 143 131 119 98 91 104 105 111 99 52 85 77 63 48 68 89 75 64 42 81 78 69 55 69 58 64 73 69 61 57 47 50 50 43 50 50 54
59 70 75 80 51 52 47 71 89 75 57 61 51 79 87 91 97 91 60 57 65 80 52 52 58 53 49 60 48 42 61 46 39 47 66 55 38 49 34 64 63 79 62 49 60 73 81 56 81 89 58 81 101 103 89 88 76 64 117 129 102 129 114 97 89 85 71 66 60 45 71 93 64 67 86 49 39 30 47 58 58 74 44 83 76 72 81 76 60 57 50 52 44 46 40 47
76 85 73 55 46 67 72 81 92 90 80 54 48 60 55 66 70 58 54 44 64 67 74 57 45 49 43 59 40 57 74 49 47 41 38 40 45 33 47 74 85 74 53 41 62 58 71 54 88 85 56 82 103 99 82 73 85 54 102 92 106 135 110 107 92 83 104 100 76 46 107 113 93 77 75 67 65 48 30 26 38 66 43 78 79 85 74 75 75 67 56 46 46 47 39 26
79 74 64 51 54 51 63 69 77 68 66 64 72 50 50 52 68 56 45 51 63 76 84 79 64 54 45 42 47 76 91 87 69 71 65 44 37 35 65 80 74 44 56 48 58 54 56 56 77 70 54 90 104 75 78 61 79 53 86 87 129 122 107 118 99 97 104 85 56 45 88 109 98 84 72 60 58 65 62 44 31 66 40 65 68 82 74 80 67 81 77 57 56 58 49 41
51 56 54 45 54 43 59 72 68 51 44 46 53 49 58 68 66 43 44 73 72 88 54 68 71 75 56 42 61 75 66 70 70 49 62 63 62 52 41 68 52 45 40 64 48 45 45 65 77 56 69 100 69 69 61 62 66 57 91 112 108 83 124 108 98 87 101 78 77 45 81 97 96 75 79 72 61 54 55 33 39 43 49 54 63 65 80 78 60 80 82 68 65 84 72 53
64 53 61 54 62 68 75 68 72 78 58 51 66 56 47 70 58 38 52 61 76 66 49 71 46 56 59 50 45 66 63 72 55 55 46 51 36 40 37 54 51 37 56 64 42 55 55 48 66 51 68 72 57 64 58 70 48 79 86 63 71 97 97 79 89 65 85 81 51 45 79 88 96 67 79 83 75 55 53 46 28 47 83 75 66 68 75 78 69 78 73 77 69 82 79 57
61 60 50 58 64 65 63 59 75 58 50 67 68 52 47 45 46 58 72 80 71 45 55 53 47 76 58 52 50 39 53 48 47 44 42 53 61 67 61 41 39 51 76 77 55 49 48 46 55 56 55 53 53 61 55 71 60 60 58 74 88 91 70 69 78 53 82 66 43 60 93 95 69 50 68 71 84 66 34 53 30 69 86 71 66 65 84 74 73 86 74 61 60 79 83 50
