Artocarpus hirsutus SDM files/MIS19/Environmental layers/bio15.asc
ncols  625
nrows  721
xllcorner  69.99986311115
yllcorner  5.99986187915
cellsize 0.041666667
NODATA_value  -9999
[rows 480 to 519 of 721, columns 90 to 179 of 625]
150 152 152 151 152 153 152 151 147 144 145 141 139 137 133 128 125 119 112 108 106 105 105 101 97 101 101 102 103 99 97 99 99 102 103 102 99 99 98 100 101 99 99 100 100 99 99 98 97 97 98 97 96 96 95 95 95 95 95 96 96 96 97 97 96 95 95 96 96 97 97 97 98 100 99 99 100 100 101 102 102 102 102 103 103 102 102 104 104 105
148 149 149 149 151 152 150 148 146 145 143 141 137 134 131 130 126 120 117 114 109 107 104 99 98 102 101 99 102 99 97 100 100 100 100 103 102 98 97 101 100 98 99 98 98 99 99 97 96 97 98 96 96 95 96 95 95 95 96 96 96 96 96 95 95 95 95 95 96 97 97 97 97 98 99 99 99 99 101 100 101 101 102 102 103 102 103 103 103 104
149 149 148 150 151 151 149 147 145 143 141 141 140 138 136 131 123 120 119 114 108 108 105 100 100 102 101 98 98 98 101 102 102 100 98 99 100 101 99 100 98 97 98 98 97 98 97 98 99 97 96 96 95 95 96 95 95 95 95 96 95 94 94 94 94 95 94 95 95 96 97 97 97 98 98 98 99 99 99 100 101 102 102 102 102 103 103 103 103 103
150 149 149 150 151 151 150 148 146 144 142 141 138 136 135 129 127 125 121 117 114 112 106 102 102 102 100 100 96 95 99 103 103 102 100 96 95 98 100 103 100 98 98 98 97 98 98 98 96 96 97 97 96 94 95 95 96 96 95 94 94 95 95 94 94 94 94 94 95 96 96 96 96 97 97 98 98 99 99 101 101 101 102 101 102 101 101 102 102 102
149 149 150 150 150 150 151 150 148 147 146 144 138 134 131 130 127 124 119 117 114 110 106 106 105 103 101 101 98 96 98 98 102 100 95 97 99 100 99 100 99 99 99 97 97 97 97 98 96 96 96 97 97 94 95 95 96 94 95 95 95 95 94 93 94 94 94 94 95 95 96 96 96 96 96 96 97 97 99 100 101 101 102 102 100 99 101 102 101 101
147 147 148 149 150 151 150 151 151 152 149 146 144 141 138 134 128 123 122 119 113 110 109 107 105 102 100 99 99 99 99 98 97 95 95 100 99 99 99 100 98 98 99 98 98 98 98 97 97 96 96 96 96 95 95 95 95 95 95 95 96 94 93 94 94 94 94 94 95 95 95 96 96 96 95 96 96 97 99 100 101 101 101 102 100 98 100 101 101 101
149 148 148 148 149 149 148 148 149 148 147 145 141 138 133 132 128 126 125 119 116 114 112 108 105 103 101 100 98 96 97 95 95 94 98 98 99 97 98 98 98 98 99 98 98 97 97 96 96 97 96 97 96 95 95 94 94 94 95 94 94 94 93 93 93 93 93 94 94 94 94 95 95 95 95 96 96 98 98 99 100 101 101 100 99 100 99 101 101 100
148 147 148 147 148 149 149 148 147 145 142 143 140 139 137 136 132 129 127 123 120 115 112 109 106 103 99 97 96 94 96 95 96 93 97 98 98 97 98 97 98 98 99 97 97 97 97 96 96 96 96 96 96 95 95 94 95 95 94 94 94 94 93 93 93 93 94 94 94 94 94 94 95 95 96 95 97 97 98 99 99 100 101 100 99 99 98 100 101 99
149 149 149 148 147 147 146 146 145 144 143 142 140 138 134 130 131 129 127 124 121 118 113 109 105 101 99 97 95 95 96 96 95 96 96 97 96 97 97 97 98 98 97 97 96 97 96 96 96 96 95 95 95 95 95 95 95 94 94 94 94 94 93 93 94 94 94 93 94 94 94 94 94 94 95 96 97 97 97 98 98 99 100 101 98 98 97 97 98 98
149 148 148 147 146 146 146 147 148 148 149 148 144 144 143 139 135 130 128 125 122 117 113 111 107 102 99 98 96 96 96 96 94 95 96 96 96 96 97 98 97 96 95 96 95 97 96 95 96 95 95 94 94 95 95 95 96 94 94 94 93 93 93 93 93 94 93 93 93 93 93 93 94 94 94 96 96 97 97 97 97 98 100 101 99 97 96 96 96 96
148 147 147 147 146 146 146 146 144 144 145 146 144 143 139 138 133 131 129 126 122 118 116 114 109 104 101 99 98 96 94 95 94 94 95 95 95 96 96 96 95 96 95 96 95 96 96 95 95 95 94 94 95 94 95 95 95 95 94 94 93 94 93 93 93 93 93 93 93 93 93 93 93 94 95 95 94 96 97 97 96 97 98 99 100 100 97 96 96 95
148 147 146 146 146 146 146 146 145 144 145 145 144 142 137 135 133 132 132 126 124 121 119 117 112 107 103 101 97 95 94 93 95 95 94 94 95 96 96 95 95 95 95 95 95 96 95 95 94 94 94 95 94 94 94 94 95 95 94 94 93 94 93 93 93 93 93 92 93 93 93 93 93 94 95 94 95 96 96 96 96 96 97 97 99 99 98 96 95 96
147 147 147 146 145 144 144 144 143 144 144 144 143 141 139 140 136 132 130 129 127 122 121 118 115 109 106 102 98 96 93 93 94 94 93 94 95 96 95 94 94 95 95 93 95 95 94 94 93 93 93 94 93 94 94 94 94 95 95 95 94 94 94 93 92 93 92 92 92 93 93 93 92 94 95 94 94 95 96 96 96 96 97 96 98 98 97 96 95 95
147 147 146 145 144 144 142 143 142 143 144 144 143 143 143 141 139 137 135 133 128 121 119 118 116 113 110 105 99 96 93 94 94 92 93 94 95 95 94 93 93 95 94 94 94 94 94 93 93 93 93 94 93 93 93 93 94 94 95 95 94 93 93 93 92 92 92 92 92 92 93 93 94 94 94 93 93 94 96 96 96 95 95 95 96 97 96 95 94 95
147 147 147 146 145 145 143 143 142 141 143 145 144 141 142 141 139 138 137 133 127 122 120 119 117 115 110 105 101 97 95 94 93 92 93 94 94 94 93 93 92 94 93 93 93 93 93 93 93 93 93 93 93 93 93 94 94 94 94 93 92 93 93 92 92 92 91 92 93 93 93 93 93 94 94 93 93 93 94 96 97 95 93 94 94 95 94 94 94 96
146 146 144 143 143 143 143 142 143 143 142 144 144 144 143 143 141 139 135 134 130 128 124 121 119 116 111 107 104 101 96 94 93 92 92 92 94 94 93 92 92 93 92 92 91 93 93 93 93 92 92 92 93 92 92 93 93 94 92 93 92 93 93 92 91 91 92 92 93 92 93 92 93 93 93 92 93 93 94 95 96 96 95 95 95 94 94 94 95 97
146 146 147 146 145 144 144 142 141 142 143 144 145 144 141 141 138 137 133 131 130 130 128 124 121 118 114 109 104 101 97 94 94 93 92 92 93 92 92 92 91 91 92 91 91 90 94 94 93 92 92 92 92 91 92 92 93 92 92 92 92 92 91 91 91 91 93 92 92 91 92 92 93 92 92 92 92 93 93 94 95 95 96 95 96 96 95 94 95 96
-9999 -9999 -9999 145 145 144 144 144 143 142 143 143 143 143 141 139 138 138 137 132 132 132 128 126 123 119 116 111 105 102 99 96 94 94 92 92 91 92 91 91 91 91 91 90 89 91 93 94 92 92 91 91 91 91 92 92 92 92 92 92 91 91 91 92 92 92 93 91 91 91 91 92 93 92 91 91 92 93 92 93 94 94 95 95 95 96 95 95 94 94
-9999 -9999 -9999 144 144 144 143 143 144 144 144 144 143 141 140 140 138 137 136 135 132 132 130 128 123 119 117 113 106 103 100 98 97 95 91 90 92 92 91 91 91 90 90 89 89 90 92 93 94 92 91 91 91 91 91 91 91 91 91 91 91 91 92 92 92 92 92 91 90 90 91 91 92 91 91 92 92 91 92 93 94 94 95 95 96 96 95 94 92 92
-9999 -9999 -9999 -9999 144 144 142 141 141 142 143 144 145 144 143 139 137 136 136 134 131 129 129 129 124 119 117 115 110 105 102 100 97 94 91 91 92 91 91 90 90 89 90 89 90 90 89 89 93 92 92 90 90 90 90 91 91 91 90 90 91 91 92 91 91 90 90 89 89 89 90 91 91 91 91 91 92 91 91 93 93 94 94 95 95 96 95 93 92 92
-9999 -9999 -9999 -9999 144 143 143 142 141 139 140 142 144 144 143 139 137 137 136 136 133 130 129 130 127 122 119 117 111 107 104 101 98 94 92 92 90 90 90 90 90 90 91 89 90 90 90 89 89 92 91 90 89 90 90 90 90 90 90 90 91 91 91 91 90 89 89 89 89 90 90 90 91 90 90 91 91 91 91 93 93 93 94 94 95 95 95 92 92 92
-9999 -9999 -9999 -9999 143 142 141 140 140 142 141 143 144 143 142 139 140 139 137 138 135 134 131 131 128 125 122 117 111 109 106 102 99 95 93 92 90 91 90 89 89 91 92 91 89 89 91 90 89 89 91 91 90 90 89 89 89 90 90 90 90 90 90 91 90 89 88 88 90 89 89 90 90 90 90 90 90 91 91 93 94 93 93 94 95 95 94 93 93 93
-9999 -9999 -9999 144 143 142 141 142 140 138 138 142 144 144 141 141 141 139 138 138 139 137 136 135 131 127 123 118 113 112 109 105 101 97 94 93 92 92 90 89 90 91 91 91 89 88 90 90 90 88 90 91 90 89 89 89 89 89 89 89 89 89 89 90 90 88 87 89 89 89 90 90 90 90 90 90 91 91 92 93 93 93 93 93 94 95 95 93 92 92
-9999 -9999 -9999 144 144 146 145 143 142 142 140 140 143 143 141 141 141 140 138 136 138 139 134 130 129 126 121 118 116 114 111 107 103 98 95 95 94 93 90 90 90 90 90 90 91 88 88 89 90 90 88 90 89 89 88 89 88 89 89 89 89 89 89 89 90 89 88 89 89 87 89 90 89 89 89 91 90 91 91 92 93 94 94 94 93 94 94 93 92 92
-9999 -9999 -9999 -9999 -9999 144 144 146 146 145 146 144 144 145 145 144 143 143 140 140 142 140 138 133 130 126 124 122 119 116 113 109 105 100 96 95 94 94 91 91 90 90 90 90 90 89 89 88 89 90 89 89 89 88 88 89 88 89 89 89 89 89 89 89 89 89 89 88 88 87 88 89 88 89 89 89 89 90 91 92 93 94 94 94 93 93 93 92 92 92
-9999 -9999 -9999 -9999 -9999 -9999 143 143 143 143 144 144 143 146 146 144 144 144 141 142 145 143 140 136 132 128 127 126 122 116 114 111 107 101 97 96 95 93 92 91 90 90 90 90 90 89 89 89 90 89 88 89 88 88 87 88 88 89 88 89 88 89 89 89 88 88 89 88 86 87 87 89 88 88 88 89 89 90 91 92 92 93 94 94 93 92 91 91 91 92
-9999 -9999 -9999 -9999 -9999 -9999 143 142 143 143 143 144 144 145 147 146 146 144 144 145 146 144 141 138 134 131 131 128 124 120 117 113 109 103 99 97 96 94 93 92 90 91 90 90 90 89 89 89 88 88 88 89 88 87 88 89 89 89 88 88 88 88 88 89 89 88 88 88 87 87 87 87 87 88 88 89 90 90 91 93 92 93 93 93 92 92 91 90 91 92
-9999 -9999 -9999 -9999 -9999 -9999 -9999 144 144 144 144 145 145 143 143 144 144 145 146 142 141 142 143 140 138 135 132 128 123 121 118 115 110 106 101 98 96 95 94 93 91 91 90 90 89 89 90 89 88 88 88 89 88 87 87 89 89 89 88 88 88 88 88 88 89 88 88 87 87 87 87 88 88 88 89 90 90 91 91 92 92 93 92 92 91 90 91 91 92 93
-9999 -9999 -9999 -9999 -9999 -9999 -9999 -9999 142 143 143 141 142 143 141 140 140 143 142 140 142 143 145 143 142 138 134 130 125 122 119 116 111 107 103 100 98 97 95 92 92 91 90 90 89 90 91 89 88 87 89 88 89 88 87 87 89 89 88 88 88 88 88 88 88 87 87 87 87 87 87 88 88 89 90 91 91 91 91 92 92 92 92 91 91 91 92 93 92 92
-9999 -9999 -9999 -9999 -9999 -9999 -9999 142 142 141 141 140 140 142 142 145 145 142 140 140 143 144 142 141 140 139 135 134 128 124 121 115 111 108 105 102 99 98 95 93 93 92 90 89 91 91 90 89 88 87 88 89 89 88 87 87 89 89 88 88 88 88 88 88 88 86 88 87 87 87 88 88 90 90 91 91 90 90 91 91 92 92 92 91 90 92 93 92 92 91
-9999 -9999 -9999 -9999 -9999 -9999 -9999 -9999 143 144 144 145 143 143 146 145 144 142 142 144 146 145 142 140 139 139 139 137 132 126 122 117 114 111 107 104 101 99 96 94 93 92 90 89 92 91 91 89 88 88 88 88 88 87 87 88 88 88 88 88 88 88 88 88 87 87 88 88 88 88 90 91 91 90 91 91 91 90 90 91 92 92 92 91 91 93 92 91 90 90
-9999 -9999 -9999 -9999 -9999 -9999 -9999 -9999 142 143 143 144 145 146 145 142 144 145 144 146 146 145 142 142 140 139 139 138 133 127 123 120 117 112 108 106 103 101 97 95 94 93 90 90 92 91 91 90 89 89 88 88 88 87 87 89 88 89 88 88 88 88 88 87 87 88 88 89 89 90 91 90 90 91 91 91 90 90 90 91 91 91 92 91 91 92 91 89 89 90
-9999 -9999 -9999 -9999 -9999 -9999 -9999 -9999 -9999 -9999 -9999 143 143 144 144 144 143 144 145 146 145 145 142 141 140 141 141 138 133 129 127 123 119 115 111 110 106 102 99 96 95 93 91 91 91 91 90 91 90 89 88 88 88 87 87 88 89 89 87 88 88 88 88 87 88 89 89 89 90 90 90 90 89 89 89 89 90 90 91 91 91 91 91 90 91 93 90 90 89 89
-9999 -9999 -9999 -9999 -9999 -9999 -9999 -9999 -9999 -9999 -9999 -9999 142 142 143 142 144 143 141 145 145 144 143 140 141 142 142 139 136 132 130 126 122 119 115 112 109 105 101 97 95 93 93 92 92 90 90 91 90 90 88 89 89 88 87 88 89 88 88 88 88 89 88 87 88 89 89 90 90 89 89 89 89 89 89 90 89 90 91 91 92 91 91 90 91 92 90 90 89 89
-9999 -9999 -9999 -9999 -9999 -9999 -9999 -9999 -9999 -9999 -9999 -9999 142 143 143 143 144 143 142 144 145 145 144 142 143 143 142 141 139 134 131 128 124 121 117 113 110 107 103 100 96 94 94 93 92 92 91 91 90 91 90 90 89 89 87 88 89 88 88 88 88 89 88 88 89 88 89 89 90 90 89 89 89 89 89 90 90 91 92 91 91 91 90 90 90 92 90 89 89 89
-9999 -9999 -9999 -9999 -9999 -9999 -9999 -9999 -9999 -9999 -9999 -9999 -9999 142 142 143 143 143 143 145 146 146 145 144 145 144 144 142 139 136 133 131 128 124 119 113 110 108 105 101 97 95 94 94 93 92 91 91 91 92 91 89 89 89 88 88 90 89 89 88 88 89 88 88 89 89 90 89 89 89 90 89 90 90 91 91 91 91 92 91 91 90 90 89 91 91 90 89 89 89
-9999 -9999 -9999 -9999 -9999 -9999 -9999 -9999 -9999 -9999 -9999 -9999 -9999 142 142 143 144 143 144 145 145 146 144 144 145 144 145 143 140 138 136 133 129 126 122 116 111 109 105 101 98 96 95 94 94 93 92 91 92 91 90 90 90 89 88 88 89 90 88 88 87 88 89 89 89 89 89 89 89 89 90 90 91 90 91 91 91 92 92 91 90 90 90 90 90 91 91 89 89 90
-9999 -9999 -9999 -9999 -9999 -9999 -9999 -9999 -9999 -9999 -9999 -9999 -9999 -9999 142 142 143 143 144 145 145 146 146 146 146 145 146 145 142 138 138 134 129 127 124 120 114 110 105 102 99 97 96 95 94 93 92 92 91 91 90 90 90 90 89 88 89 89 89 88 88 88 89 89 89 89 89 89 89 89 90 90 91 91 91 91 92 91 92 91 91 91 90 90 89 91 91 89 89 89
-9999 -9999 -9999 -9999 -9999 -9999 -9999 -9999 -9999 -9999 -9999 -9999 -9999 -9999 -9999 141 142 142 142 143 145 146 146 145 146 146 146 145 141 139 139 136 131 128 126 123 118 112 106 103 101 98 97 95 94 94 92 92 92 91 90 90 90 90 89 89 89 89 90 89 88 88 89 89 89 90 90 90 90 90 91 91 91 91 91 91 91 92 92 91 90 90 90 90 90 91 91 89 89 89
-9999 -9999 -9999 -9999 -9999 -9999 -9999 -9999 -9999 -9999 -9999 -9999 -9999 -9999 -9999 141 141 142 143 141 142 142 143 145 146 147 146 145 143 141 141 137 133 130 126 123 120 115 109 104 102 101 98 94 95 95 93 92 92 92 91 90 90 90 90 89 89 89 90 90 88 88 89 89 89 90 90 90 91 91 90 91 91 91 91 91 91 91 92 91 90 90 90 90 90 91 91 89 89 90
