Artocarpus hirsutus SDM files/MIS19/Environmental layers/bio17.asc
ncols  625
nrows  721
xllcorner  69.99986311115
yllcorner  5.99986187915
cellsize 0.041666667
NODATA_value  -9999
[rows 300 to 349 of 721, columns 192 to 287 of 625]
14 14 16 18 17 19 18 18 20 18 18 20 21 20 21 21 21 19 20 23 22 21 21 26 26 23 23 26 26 25 25 26 24 24 24 28 27 28 31 25 27 32 31 29 25 25 25 25 25 27 25 27 29 26 26 28 27 25 26 29 26 28 33 34 30 35 33 33 31 32 33 30 31 30 29 29 30 33 28 24 24 23 24 28 29 23 22 20 20 20 20 24 28 26 26 27
14 14 17 17 17 18 17 16 20 18 18 18 21 20 21 21 19 20 22 23 20 21 24 26 23 23 25 25 24 23 23 23 23 25 28 28 24 26 31 31 31 32 29 25 23 28 28 25 25 26 27 27 26 26 28 27 27 27 30 33 28 29 32 33 31 34 35 32 35 33 33 30 27 28 30 30 29 32 29 23 22 21 22 19 19 19 19 19 20 21 21 22 19 20 20 19
14 15 15 16 17 16 17 16 18 19 16 18 20 20 21 19 19 21 20 20 20 23 23 22 23 22 22 22 22 25 25 23 24 29 29 27 26 25 29 31 30 27 23 22 24 27 26 26 27 28 28 28 29 29 29 30 30 30 31 32 28 29 30 31 32 35 37 37 35 30 30 29 30 33 32 33 30 32 33 25 23 21 22 21 18 20 21 22 24 25 26 29 25 22 21 20
14 14 15 17 17 17 19 18 17 19 18 15 17 19 19 20 19 19 19 21 24 22 21 21 21 21 21 22 23 25 23 24 25 28 27 24 24 25 26 31 29 24 22 24 26 28 26 27 29 29 29 30 30 31 30 30 30 30 32 33 29 30 34 34 34 37 38 33 29 29 31 33 32 36 33 35 33 34 28 29 27 23 21 20 23 26 26 26 23 23 22 24 24 25 24 23
15 14 14 17 17 18 17 18 17 17 16 15 15 17 18 18 19 19 20 21 20 20 21 21 21 21 22 25 25 26 27 27 24 27 27 27 28 29 30 29 24 22 25 26 27 28 28 28 29 29 31 31 33 31 30 31 30 31 35 35 29 34 38 38 38 38 33 28 28 31 34 34 32 32 33 38 35 33 31 29 27 27 25 21 21 23 26 21 20 23 21 20 20 21 23 23
15 15 14 17 17 18 15 16 15 14 15 15 15 16 17 17 18 18 19 19 19 19 20 21 22 22 25 26 26 26 26 24 24 26 31 31 32 32 27 23 25 25 27 28 28 28 28 29 29 32 33 33 34 31 31 31 33 34 37 33 31 36 37 37 38 38 29 32 35 39 40 41 37 34 38 43 37 34 32 30 27 29 27 22 22 20 22 20 20 22 23 20 21 23 24 22
14 16 16 15 16 16 15 15 15 15 15 16 16 18 17 17 18 18 18 19 19 19 19 22 22 23 26 27 26 26 25 24 26 27 30 28 25 25 23 25 26 28 29 29 29 29 30 30 31 32 32 33 34 34 34 34 34 36 37 31 32 37 37 35 36 35 33 37 39 43 43 39 38 28 25 33 41 34 31 30 28 29 27 26 22 20 18 21 22 22 21 22 22 21 22 24
13 15 14 15 15 15 15 15 15 17 16 17 17 17 17 19 19 21 19 18 20 19 20 23 24 25 27 27 26 24 24 28 29 30 29 23 24 25 25 27 29 29 30 30 30 30 30 31 30 30 30 31 32 33 34 34 34 35 35 34 34 33 33 33 33 36 38 42 42 44 41 40 39 42 27 25 37 40 35 32 31 29 27 26 27 25 21 21 21 22 21 23 24 22 21 22
13 15 15 16 18 15 15 17 18 18 18 18 19 19 20 21 21 19 17 18 19 18 19 20 20 20 23 27 26 27 29 30 28 26 23 25 26 28 29 29 30 30 30 30 30 30 33 33 35 35 32 31 30 31 31 30 33 36 35 36 37 37 39 37 35 37 41 39 39 34 36 39 45 41 37 26 29 38 40 35 32 28 26 27 27 26 26 23 22 25 25 23 22 22 24 23
13 15 15 15 16 15 17 17 17 17 17 17 18 19 19 19 19 17 18 19 19 19 19 20 20 21 22 25 28 28 27 25 22 23 25 26 26 29 29 30 31 31 30 30 31 33 32 32 32 30 29 29 29 29 29 33 36 39 36 39 39 41 41 41 40 33 32 30 30 34 32 40 35 43 45 38 26 25 32 39 35 29 29 27 29 28 28 26 22 21 21 20 21 23 23 22
15 14 18 16 17 16 17 17 17 17 18 18 18 17 17 17 17 19 19 19 19 21 22 22 22 22 22 21 22 22 22 22 23 25 26 28 30 30 29 29 30 32 34 32 32 33 30 30 30 32 32 32 33 33 35 30 35 39 38 39 39 38 41 38 33 35 44 35 32 27 27 30 26 37 43 41 38 27 23 32 33 30 30 30 33 30 28 28 25 24 25 25 23 22 22 23
15 16 17 16 15 15 17 17 17 18 18 18 18 18 19 19 19 19 19 20 20 21 21 22 23 24 21 23 23 24 24 25 26 27 29 30 31 32 32 32 34 37 37 37 37 34 31 32 34 37 36 35 36 35 38 38 34 37 38 39 39 42 40 35 34 36 33 29 27 27 26 26 29 32 32 37 30 28 23 28 33 36 37 37 37 35 32 29 29 28 25 28 30 26 24 23
18 16 15 15 16 16 17 17 17 18 18 18 18 19 19 19 19 20 20 20 21 23 23 23 22 22 23 24 24 26 26 28 28 29 29 30 30 32 32 34 33 34 38 37 36 32 32 36 36 38 36 37 40 40 36 41 40 41 40 44 39 33 31 31 29 28 28 30 32 27 27 26 24 25 23 32 36 33 32 27 27 31 30 27 32 34 35 37 33 30 26 25 27 30 27 29
17 16 15 17 17 17 17 17 19 18 18 19 20 20 20 20 20 20 20 22 22 23 23 23 23 24 24 25 25 26 26 28 30 30 29 30 32 35 34 30 30 32 38 35 31 31 36 32 32 32 35 35 34 41 40 41 34 35 37 36 34 32 31 32 37 40 42 41 39 31 28 31 25 21 21 25 26 33 33 33 23 21 24 22 27 32 34 35 36 33 28 29 25 30 29 31
14 15 16 17 17 17 18 18 19 19 19 20 20 20 21 21 21 22 21 22 23 23 23 23 23 25 25 25 27 28 28 28 29 31 30 32 30 31 37 31 30 39 37 33 34 38 32 32 30 31 33 34 38 38 30 30 30 32 35 36 33 35 42 40 35 35 39 42 44 32 29 25 25 27 23 22 20 19 23 24 29 25 24 24 27 32 28 28 37 35 30 29 26 26 30 29
15 15 16 16 17 17 18 18 19 19 19 20 21 20 22 22 22 22 23 22 22 22 23 23 24 25 25 25 26 27 27 29 28 29 33 35 32 30 38 31 30 39 39 35 34 39 32 36 42 38 34 33 34 32 30 32 32 32 32 37 35 33 33 34 31 31 29 35 44 38 31 34 35 37 29 28 25 23 19 18 19 20 26 27 28 35 32 25 28 37 37 33 27 24 26 28
16 16 16 16 18 18 18 18 19 21 22 22 22 23 23 23 23 23 23 21 23 22 23 24 26 25 26 27 26 27 28 31 29 25 28 32 36 33 40 30 28 38 38 39 35 41 32 30 30 29 34 37 36 32 28 29 30 37 35 33 36 37 42 37 35 26 25 29 31 39 31 34 28 35 33 30 29 30 23 21 20 19 18 20 25 25 34 32 30 31 35 31 28 27 21 24
16 16 16 16 18 18 19 21 21 22 22 22 23 23 23 23 23 23 23 23 23 23 24 25 26 27 30 31 33 33 30 32 33 31 27 24 27 36 39 32 30 40 40 37 32 45 39 34 29 32 33 38 35 31 31 28 31 40 41 34 28 31 32 26 25 26 24 23 24 32 31 30 27 34 37 33 27 33 29 24 27 24 20 18 18 20 21 21 30 31 35 32 28 27 24 24
16 16 16 17 19 20 20 21 21 22 23 24 24 23 23 23 23 23 23 23 24 26 27 27 30 29 28 26 31 34 33 30 30 35 31 28 24 33 41 36 34 40 41 41 35 43 45 41 35 29 31 32 34 35 33 30 30 32 41 32 28 27 31 29 28 32 38 29 23 26 28 32 25 22 25 32 26 29 34 27 24 29 23 20 18 18 19 21 24 30 36 33 30 28 26 26
16 17 18 18 19 20 21 21 22 23 23 24 24 24 25 27 27 25 27 28 27 30 31 29 25 26 27 25 27 34 34 34 27 36 36 28 27 28 38 36 36 40 40 36 31 36 43 43 42 44 45 48 44 44 36 28 27 28 36 35 30 31 35 33 33 28 39 33 30 24 24 31 30 28 21 20 23 25 31 26 20 28 26 24 23 24 22 22 30 31 33 26 26 23 23 23
16 18 19 19 20 20 21 22 23 23 26 27 27 28 30 26 22 23 32 28 30 31 29 25 25 29 30 32 25 27 36 35 27 32 40 34 34 30 31 31 36 41 40 36 34 34 42 41 45 40 40 43 46 48 46 37 31 36 39 35 31 40 39 31 28 26 28 28 32 35 28 29 22 21 22 22 18 20 27 27 21 22 26 24 28 25 28 29 24 27 29 27 25 22 20 20
18 20 20 20 20 22 24 23 25 26 28 26 26 24 26 22 21 19 26 27 26 29 27 25 26 24 28 33 26 26 33 33 28 37 36 36 37 34 35 34 34 40 42 40 35 37 38 40 36 32 31 33 38 46 44 35 29 28 37 36 27 37 42 37 32 26 26 24 24 23 35 32 23 19 21 29 18 20 27 28 24 28 28 25 31 26 27 30 26 19 20 22 22 22 18 20
19 19 19 20 21 24 26 25 25 26 25 25 27 26 24 25 23 20 18 25 24 30 29 28 29 27 26 33 27 26 36 36 31 35 33 36 36 33 34 36 36 40 40 38 36 36 32 32 35 31 30 30 32 40 46 44 33 29 32 31 29 35 40 43 37 31 33 28 23 21 24 23 20 19 18 21 20 18 21 28 28 25 30 23 26 31 29 29 17 17 18 18 17 16 18 20
17 17 19 19 20 20 22 26 28 30 31 30 29 29 31 30 28 23 21 21 27 29 32 30 29 29 25 35 31 24 34 35 29 36 33 36 36 32 32 36 38 37 38 35 34 35 33 31 30 33 32 31 32 36 43 39 33 31 31 32 28 27 36 40 41 31 29 34 25 21 20 20 20 23 27 21 19 19 21 23 26 28 29 28 20 25 24 24 18 18 20 21 23 19 16 15
18 20 25 26 26 28 30 32 34 37 37 32 32 33 32 30 30 24 23 23 28 32 33 29 29 30 28 35 35 27 37 35 32 37 32 31 31 25 25 25 28 32 37 36 37 39 40 37 31 29 32 34 32 35 45 43 35 32 30 28 26 25 24 27 39 33 28 33 33 27 24 25 23 20 19 25 24 21 20 22 23 26 25 29 19 17 17 18 17 20 24 26 27 26 25 18
16 17 19 21 20 25 30 27 30 37 36 28 29 30 30 33 31 26 24 28 31 35 35 31 33 30 25 36 39 31 39 38 38 37 32 33 38 35 32 27 26 27 31 29 29 34 41 40 36 30 30 30 32 34 42 43 35 34 33 32 29 32 28 24 33 33 28 25 30 36 32 27 24 21 23 24 30 27 20 19 18 22 25 22 18 19 16 17 17 16 17 19 20 25 29 26
19 19 19 20 19 21 21 23 27 36 31 30 29 26 30 32 35 32 31 29 36 38 36 33 31 29 24 33 38 30 33 30 34 37 34 36 36 38 36 30 30 26 28 29 28 31 33 36 36 32 30 30 29 34 37 42 37 32 33 38 29 26 30 29 36 37 33 25 24 31 28 28 27 22 22 28 26 22 18 17 17 18 17 18 17 17 17 17 17 19 18 16 17 20 27 26
19 21 21 22 21 26 22 22 25 33 26 26 26 30 28 28 32 34 41 41 42 36 36 34 38 33 35 29 39 34 35 37 35 34 31 31 27 31 37 33 36 32 30 29 29 29 32 33 32 31 30 30 29 29 32 37 34 32 32 39 38 34 28 31 36 37 32 27 25 30 29 29 32 25 24 25 26 18 16 16 16 16 17 17 18 21 19 21 21 23 23 25 19 18 17 17
24 26 26 26 22 25 24 25 26 33 28 30 30 33 37 30 36 36 36 30 35 34 32 34 39 40 38 35 35 34 35 41 37 37 34 30 34 30 31 35 36 37 35 33 33 32 35 37 37 33 29 28 30 31 37 39 36 31 26 27 34 35 26 29 38 40 33 28 30 33 26 28 33 31 26 22 19 19 20 18 18 18 19 19 18 18 18 20 20 22 23 25 21 18 15 15
20 24 26 25 28 28 25 25 26 33 29 33 36 41 43 36 31 32 35 32 31 34 33 27 29 38 41 40 39 38 36 42 40 42 37 33 36 36 35 37 38 36 35 34 34 35 37 37 32 28 28 28 28 29 37 40 36 37 32 25 24 28 31 23 35 40 31 25 24 33 26 22 20 22 25 25 23 20 19 19 24 24 25 25 20 19 19 17 16 16 15 17 21 16 16 15
19 20 20 22 25 36 36 36 35 41 40 31 43 38 37 36 33 34 33 31 31 36 34 28 28 31 34 39 33 30 33 40 41 42 38 35 35 36 36 37 39 36 33 34 34 35 37 39 33 29 26 26 28 34 40 39 37 41 37 30 27 26 29 27 29 37 31 27 24 28 32 30 27 27 30 31 30 28 21 18 19 19 24 22 20 19 19 18 17 16 15 14 14 14 15 15
21 22 21 21 20 33 27 33 28 35 31 28 36 32 31 31 31 34 34 33 33 34 36 31 31 29 31 38 33 29 31 38 35 39 38 35 32 36 36 37 35 35 33 34 32 28 34 34 31 30 27 28 35 36 38 36 33 36 37 29 27 28 24 31 34 39 32 29 29 23 25 32 32 24 27 21 20 22 21 20 18 18 18 19 19 19 19 19 18 17 16 15 14 14 15 15
21 22 21 21 20 24 24 27 28 28 31 29 30 30 29 36 41 42 39 36 35 37 36 36 33 30 33 33 30 30 32 37 36 36 34 33 31 35 37 37 35 34 34 33 33 27 30 30 27 28 35 26 31 33 36 32 34 35 35 30 27 25 23 21 23 35 34 33 33 31 21 21 29 28 24 21 21 20 20 20 19 19 19 20 19 19 19 18 18 18 16 16 14 14 14 14
21 25 24 24 24 23 23 24 24 24 26 31 31 29 29 31 37 40 39 40 39 44 43 44 41 33 34 34 30 34 37 36 36 36 34 31 32 33 39 36 36 35 35 36 39 35 36 35 29 25 29 24 24 29 35 31 33 38 39 32 30 26 27 23 21 22 30 32 34 31 28 21 23 31 29 28 22 20 20 20 19 19 19 20 19 19 18 18 17 17 17 16 15 14 14 14
23 23 23 25 30 31 29 31 35 33 33 38 36 30 27 29 33 40 39 38 33 36 41 42 43 42 38 37 31 34 38 38 36 35 35 30 29 33 37 36 34 34 34 34 38 37 35 34 34 26 27 23 24 31 29 30 30 37 40 35 36 28 27 31 23 20 20 20 20 21 22 22 22 26 23 24 21 21 20 20 19 19 19 19 19 18 17 17 17 16 16 15 15 14 13 13
24 23 25 24 30 36 35 34 36 35 33 34 34 32 27 29 31 39 36 36 34 33 34 38 45 44 40 37 31 36 38 36 36 36 35 33 28 32 39 35 32 32 33 33 36 36 37 31 29 29 25 25 22 22 24 25 28 28 34 40 38 30 26 30 27 22 22 22 20 18 18 22 24 27 26 29 20 20 20 20 19 18 18 18 18 18 17 16 16 15 15 15 14 13 12 12
26 28 30 25 30 30 29 28 29 29 29 29 30 30 26 29 33 40 38 39 39 36 33 36 43 42 38 36 31 36 37 32 29 30 35 34 31 32 36 36 33 32 30 32 35 36 39 34 29 29 26 25 35 30 34 27 31 27 27 39 39 31 29 33 30 26 22 21 20 21 18 21 25 28 23 24 20 19 19 19 18 18 18 17 17 17 17 16 15 15 15 14 14 13 12 11
24 29 33 30 28 29 28 29 29 29 29 29 34 34 27 26 28 40 37 42 42 39 33 36 40 38 37 34 33 36 32 32 29 28 28 31 31 30 34 35 33 30 28 29 32 34 38 36 31 29 26 26 29 35 35 30 28 31 24 28 36 31 33 30 26 24 24 22 19 19 18 17 21 26 19 20 20 20 19 19 18 17 17 17 16 16 16 16 15 14 14 13 13 13 12 11
27 27 30 28 27 27 27 28 28 29 33 33 38 34 32 26 26 36 36 37 39 37 33 36 37 37 38 34 33 35 34 33 27 27 27 26 31 30 30 30 32 30 27 29 32 32 34 34 32 30 27 23 22 25 35 35 28 37 33 29 30 34 36 32 23 21 24 24 20 19 20 21 18 24 22 19 19 19 19 18 18 17 16 16 15 15 15 15 14 14 14 13 12 11 11 10
26 31 30 31 32 30 32 34 34 33 34 34 36 31 30 26 27 28 31 36 36 39 36 37 37 40 40 37 34 35 37 32 31 31 29 26 27 29 27 29 31 28 26 29 30 27 36 38 32 31 29 26 23 23 23 25 26 33 42 33 23 25 33 31 21 20 27 23 19 20 22 22 16 20 21 18 17 18 18 17 17 17 17 16 15 14 14 14 13 13 12 12 12 11 10 10
25 30 30 31 30 28 29 34 32 32 35 33 31 31 31 27 28 30 26 29 36 37 37 37 36 40 39 41 40 38 32 29 30 27 29 27 24 26 21 25 26 24 23 25 25 23 23 28 28 30 32 29 26 24 22 21 27 25 35 29 22 24 32 31 21 18 23 23 19 20 21 24 16 17 18 17 17 17 16 17 17 16 16 16 15 14 13 13 12 12 11 11 11 11 10 9
25 27 27 27 27 30 31 30 31 32 32 28 30 31 31 31 29 30 25 26 31 33 30 27 34 38 40 39 35 34 31 28 28 26 27 25 22 22 19 20 26 28 24 22 23 24 26 27 28 28 31 32 29 26 23 24 35 26 34 34 20 22 30 33 19 16 20 22 18 20 20 21 18 17 18 18 18 17 16 15 16 16 15 15 14 14 13 13 12 11 11 10 10 10 9 9
25 26 25 25 27 27 30 29 29 31 29 27 29 30 30 34 35 40 30 23 24 35 27 24 27 30 34 38 35 29 28 31 28 26 26 26 24 23 22 21 23 22 23 24 25 27 28 28 28 28 30 32 28 27 24 21 21 21 27 23 26 26 29 27 18 17 17 20 18 21 21 21 17 17 17 17 17 17 16 15 15 15 14 14 14 14 13 12 11 11 10 10 9 9 9 9
25 27 25 26 26 27 30 27 30 31 29 26 29 30 31 31 30 36 34 26 24 28 27 24 24 28 32 33 32 28 32 33 30 28 26 26 23 25 23 23 23 25 26 26 26 27 28 29 27 27 30 32 29 27 25 24 23 21 20 21 30 28 32 26 16 17 18 18 21 22 20 19 21 16 16 16 16 16 16 15 14 14 13 13 13 13 13 12 11 11 10 10 10 9 9 8
25 26 26 27 27 29 30 28 30 28 27 27 29 30 32 32 29 35 33 34 25 30 26 25 28 29 35 38 35 28 33 33 33 30 27 25 24 25 25 25 23 23 26 27 27 27 31 28 27 27 30 31 29 29 29 26 25 25 20 23 34 27 30 19 15 18 18 17 21 22 19 15 19 16 15 15 15 15 15 15 14 13 13 13 12 12 11 11 11 10 10 10 9 9 8 7
27 29 27 26 29 32 30 28 28 28 27 28 29 30 31 31 32 30 32 29 25 28 31 28 28 31 35 36 34 28 35 33 31 29 28 27 26 27 26 25 23 23 22 26 29 30 28 29 27 27 29 30 28 28 28 27 24 24 20 17 30 31 31 18 14 17 21 18 21 20 19 16 16 16 15 15 15 14 14 14 14 13 13 12 12 11 11 11 10 10 9 9 9 8 8 7
27 29 31 30 32 30 28 27 26 28 28 30 30 31 33 32 32 31 32 30 26 24 23 24 25 29 33 28 27 25 32 32 29 28 27 26 25 28 29 28 26 22 21 24 29 25 25 26 29 26 29 29 28 30 28 25 23 21 17 16 15 24 31 18 15 16 21 19 21 19 18 16 16 15 15 15 15 14 13 13 13 12 12 12 12 11 10 10 9 9 9 9 8 8 8 7
21 23 30 36 30 27 26 26 26 30 28 31 35 35 37 37 35 33 36 33 30 25 25 23 24 31 30 27 22 25 28 29 30 29 29 29 26 27 27 28 28 30 27 24 26 26 25 25 26 27 28 28 28 30 29 27 24 22 19 16 15 15 19 14 13 15 21 18 18 15 16 14 14 15 15 15 15 14 13 13 13 12 12 12 12 11 10 10 9 9 9 8 8 8 7 7
24 26 30 31 26 26 26 28 27 29 28 27 30 27 33 37 36 36 39 35 32 28 25 24 27 34 37 33 24 24 29 31 31 30 30 30 30 29 30 27 28 27 27 28 27 25 25 26 26 27 27 29 26 29 26 26 23 22 20 17 16 15 14 14 14 15 21 18 16 15 15 14 14 14 13 14 14 14 14 13 12 12 12 12 11 11 10 9 9 8 8 8 8 8 8 7
33 31 28 28 26 28 28 28 28 28 28 27 26 24 29 34 33 35 37 37 36 31 26 23 25 27 31 30 25 27 27 27 28 25 32 33 32 32 31 30 24 25 29 27 25 25 23 25 27 26 26 28 28 25 25 25 23 21 20 17 17 15 15 16 15 16 18 16 15 13 14 14 13 13 12 12 13 13 13 12 11 11 11 12 11 10 10 9 8 8 8 8 8 7 7 7
