Artocarpus hirsutus SDM files/MIS19/Environmental layers/bio19.asc
ncols  625
nrows  721
xllcorner  69.99986311115
yllcorner  5.99986187915
cellsize 0.041666667
NODATA_value  -9999
[rows 376 to 422 of 721, columns 192 to 287 of 625]
24 27 32 32 32 29 30 29 30 35 34 31 30 27 29 26 24 22 25 21 20 22 19 18 18 18 19 19 16 13 17 20 19 20 17 16 17 17 16 14 14 16 16 13 15 13 13 11 11 11 11 12 11 9 10 11 8 8 8 7 7 10 8 9 9 9 9 8 8 9 9 8 8 8 8 8 9 9 9 8 7 8 7 7 6 6 6 7 6 6 6 6 6 6 6 6
26 26 32 31 28 32 27 24 29 34 31 31 30 30 29 26 24 22 22 20 21 20 19 17 18 16 17 18 16 13 14 17 16 18 17 19 17 15 14 12 12 16 15 13 14 13 11 11 11 11 9 10 9 9 10 9 9 9 9 8 9 9 10 9 8 9 9 8 8 10 9 9 8 8 8 7 8 10 9 9 8 8 8 7 7 6 6 6 6 6 6 6 5 5 6 6
27 26 28 28 27 28 31 24 27 29 26 29 29 31 30 26 26 23 22 20 20 20 18 17 17 16 16 18 17 14 14 14 14 14 16 17 16 16 13 11 11 13 13 13 13 13 11 11 11 11 9 9 9 9 10 9 8 8 8 8 7 8 9 10 9 9 8 8 8 10 9 8 8 8 7 8 8 10 9 9 8 8 9 8 7 7 6 6 7 6 7 6 6 6 7 6
29 26 27 25 25 25 28 23 25 29 25 25 25 26 30 28 26 24 23 21 21 20 18 17 17 14 16 15 15 15 13 14 16 14 14 16 15 15 14 11 11 13 13 11 13 11 11 11 10 10 9 9 9 9 10 9 11 9 9 8 7 9 8 10 10 9 9 8 8 10 9 9 9 8 7 8 9 9 8 10 9 8 9 8 7 8 7 6 8 8 6 6 6 7 7 7
26 25 27 25 25 29 25 22 22 31 27 22 21 22 27 28 27 24 22 21 21 19 18 17 15 15 14 14 15 16 14 12 13 12 12 13 15 14 16 12 11 11 13 11 12 11 11 11 10 11 9 9 9 9 11 9 10 12 10 8 7 11 8 9 9 9 8 7 8 10 10 9 9 9 8 7 9 9 9 10 9 10 9 9 7 6 9 7 7 8 7 7 7 7 7 7
27 26 26 24 23 26 26 22 23 29 26 21 21 24 23 21 25 26 23 22 20 20 19 15 15 14 14 14 15 16 13 12 13 13 11 11 11 15 17 13 10 11 12 11 11 11 11 11 9 9 9 9 8 7 9 9 10 12 9 8 7 9 10 9 9 9 8 7 8 11 10 9 9 8 8 7 7 8 8 9 9 9 10 10 8 7 7 8 8 8 9 8 8 8 8 8
27 27 27 26 23 24 26 22 22 27 25 23 21 20 18 20 23 23 23 21 21 20 19 16 15 15 14 14 15 15 12 12 12 14 11 11 11 13 15 11 10 11 11 11 11 11 11 9 9 10 9 9 8 7 7 10 12 12 9 8 7 8 9 9 8 8 7 7 9 11 9 9 8 9 8 8 7 7 8 8 8 8 11 10 9 8 9 7 7 8 7 8 8 8 8 8
25 25 27 26 23 23 27 23 20 24 28 25 20 18 20 23 25 23 20 19 19 18 17 17 16 14 13 13 14 13 12 12 12 13 12 11 11 12 13 13 11 10 11 10 10 10 11 10 9 9 9 10 9 7 7 10 11 10 9 8 8 8 9 9 8 8 7 8 9 10 8 9 9 8 8 8 7 7 8 8 8 8 9 10 12 10 9 8 8 8 7 7 7 7 8 8
27 25 25 24 22 24 27 24 20 22 25 25 21 17 18 21 24 24 21 20 20 18 17 17 16 14 12 13 15 13 11 11 12 14 12 11 11 11 11 11 10 11 10 10 9 10 10 9 9 9 8 8 8 7 8 10 10 10 9 8 7 8 10 8 8 8 8 8 9 9 8 8 8 8 9 9 8 7 8 8 9 8 8 8 10 9 8 7 8 8 7 7 7 7 7 8
28 28 24 24 21 26 26 21 20 23 25 22 21 16 16 16 19 25 21 17 18 19 18 16 16 13 12 14 14 13 11 11 11 12 14 13 12 11 11 11 9 11 9 10 10 9 9 9 9 9 9 8 8 8 8 8 10 10 9 7 7 8 10 8 8 7 8 8 9 8 8 8 8 8 10 9 7 7 7 9 9 8 8 7 9 9 9 8 8 8 7 7 7 7 7 7
24 26 26 23 20 25 24 21 19 20 26 23 20 18 18 17 19 23 22 19 16 16 18 18 16 13 13 12 14 13 11 11 12 12 12 12 12 12 11 9 9 11 9 9 9 9 10 9 9 9 9 9 9 6 8 8 9 10 9 7 7 8 8 10 7 7 7 7 11 10 8 8 8 8 9 8 7 8 9 12 9 9 8 7 9 9 9 8 8 7 7 7 8 7 7 6
22 22 23 23 22 23 23 21 19 18 23 27 22 18 16 16 18 20 21 19 17 13 16 17 16 15 13 13 13 12 12 11 12 12 12 11 12 11 11 9 9 10 9 9 9 9 9 9 9 8 9 9 10 8 8 8 9 9 9 7 8 8 8 8 7 6 8 8 9 11 9 7 7 9 10 8 7 7 7 9 9 9 8 7 10 10 8 8 7 7 7 7 8 8 7 6
23 23 23 22 24 24 21 21 21 18 20 23 23 19 17 16 18 18 17 18 18 15 14 16 16 16 12 12 15 13 12 11 11 11 11 11 11 12 10 10 9 9 9 9 9 9 9 9 8 7 8 8 8 10 8 8 9 8 7 7 7 8 8 7 6 6 7 8 9 10 10 7 7 9 11 8 10 7 8 8 9 9 8 8 11 10 10 8 7 7 7 7 7 7 7 6
24 22 20 20 23 25 22 23 25 20 20 21 21 20 18 18 17 18 16 16 16 16 15 14 14 14 12 12 15 15 13 12 12 11 11 9 10 12 10 10 9 9 9 9 8 8 8 9 9 7 6 8 6 10 9 8 8 8 8 8 7 8 8 7 6 7 7 8 8 9 9 8 7 8 10 11 12 8 7 7 8 9 8 7 10 10 8 9 7 7 7 7 7 7 6 7
22 25 22 23 27 24 22 23 24 20 20 24 22 20 21 19 17 17 16 15 15 15 14 15 15 14 13 14 16 15 14 13 12 13 12 10 9 11 11 10 10 9 8 8 8 8 8 8 7 8 6 6 6 10 8 8 8 7 6 9 9 7 7 6 6 6 7 6 8 9 9 8 7 9 9 12 10 8 7 7 8 10 8 8 8 11 10 8 7 7 7 7 7 7 6 6
19 20 24 20 19 23 25 21 25 24 23 22 20 20 20 20 19 19 17 17 17 16 15 14 14 14 14 14 15 14 14 13 12 13 12 10 10 11 11 11 10 10 8 7 8 9 8 7 7 7 7 7 8 8 9 8 7 8 6 9 7 7 7 7 7 6 7 8 7 8 8 8 8 9 8 11 10 8 7 7 8 12 9 8 9 9 9 7 8 7 7 7 7 7 8 6
18 16 23 21 17 15 22 26 24 24 21 20 20 18 18 19 21 18 18 16 16 18 18 17 16 14 18 17 17 15 15 14 12 12 13 9 10 12 11 11 10 10 8 8 8 9 9 7 7 7 7 7 8 8 8 8 6 6 8 9 7 6 6 7 6 7 6 8 7 8 8 8 7 7 8 7 10 7 7 7 8 10 9 8 10 9 7 7 9 7 8 8 10 8 8 6
19 18 18 17 15 15 21 22 21 21 19 19 19 18 18 18 17 17 19 19 20 20 19 19 20 16 19 16 18 19 17 13 15 13 11 9 9 12 11 9 9 9 8 8 8 9 9 7 7 7 7 8 8 8 7 8 9 10 8 7 6 6 7 8 6 7 9 9 7 7 7 10 7 7 7 7 12 8 7 7 9 12 11 8 10 7 10 11 7 6 8 8 9 9 9 9
20 20 21 22 16 15 16 21 20 21 19 19 20 17 18 16 22 18 15 15 18 20 18 17 16 14 17 18 20 19 17 17 15 15 12 11 9 12 11 9 9 9 8 8 8 8 8 7 7 6 5 7 9 8 7 6 7 8 7 7 6 7 9 6 5 7 9 7 6 7 7 10 7 7 7 8 9 13 10 9 8 10 10 9 8 8 11 8 8 8 8 7 8 9 8 9
20 22 20 21 16 15 13 20 24 21 21 19 19 16 17 19 23 19 20 20 16 16 20 16 13 14 17 17 19 19 15 17 14 14 15 11 9 11 10 9 9 10 9 8 8 8 8 8 7 6 6 7 9 9 9 7 7 7 7 7 8 9 7 5 6 8 6 5 7 11 7 6 7 10 10 10 7 8 13 10 7 8 11 8 8 9 12 8 9 9 9 7 9 7 8 11
19 20 20 16 16 14 12 19 17 16 22 22 19 16 16 16 17 21 22 20 20 19 16 18 13 15 17 17 15 17 18 13 10 16 17 15 13 10 9 10 9 10 10 9 7 8 8 7 7 6 7 8 10 9 8 8 7 7 7 8 8 7 5 6 7 6 6 6 8 11 8 6 9 7 7 8 7 9 11 12 6 6 8 12 8 9 13 9 9 8 9 9 10 8 8 10
17 17 16 18 17 15 12 16 15 14 20 20 19 16 15 16 15 15 18 20 21 22 20 18 14 15 14 14 16 16 17 12 10 12 17 15 15 11 10 11 11 10 10 9 9 9 7 7 7 6 6 7 8 8 8 8 7 6 7 8 9 7 5 6 6 5 6 7 6 9 7 8 8 7 11 9 11 11 8 9 6 6 7 13 8 8 12 12 9 8 12 13 9 9 10 9
17 16 13 18 16 20 17 17 15 14 15 18 19 17 15 16 16 15 14 15 21 21 21 21 18 15 18 17 15 15 15 13 11 11 17 16 14 11 10 11 10 10 9 9 8 10 9 7 7 6 6 6 8 9 8 8 8 6 6 7 9 8 7 5 5 5 5 5 5 6 5 5 11 11 9 12 12 9 11 13 7 7 7 12 8 8 13 14 13 10 9 13 13 10 12 11
16 14 13 18 18 21 18 18 16 14 15 16 18 19 15 16 15 15 14 15 21 18 21 21 21 19 21 23 21 19 18 13 12 12 15 14 12 12 10 10 10 10 9 8 8 10 10 7 7 7 7 7 9 10 8 8 8 7 8 7 8 8 6 6 4 7 8 9 6 8 9 7 9 10 9 13 9 9 12 16 9 9 9 13 9 7 10 15 13 13 9 12 14 12 12 12
17 16 14 15 20 18 16 16 16 15 15 15 17 17 17 15 14 14 14 13 14 19 21 21 21 20 18 17 18 17 15 14 13 12 14 13 11 11 10 11 9 10 9 9 8 8 10 8 7 7 9 7 9 9 9 8 8 8 8 8 6 7 8 6 4 6 11 8 5 7 8 7 6 11 10 10 9 8 10 13 10 7 9 12 8 8 10 16 15 13 11 12 13 12 13 14
21 19 16 13 13 16 19 16 17 17 16 15 14 15 16 15 13 12 14 13 13 18 20 21 21 21 16 21 22 20 15 17 15 14 13 12 13 11 11 10 10 10 8 12 9 8 8 8 8 7 8 6 8 10 9 8 8 8 8 7 7 7 8 6 5 6 7 6 6 6 6 5 6 9 11 12 14 11 11 15 10 8 11 13 9 9 12 16 14 16 14 13 14 13 13 13
19 18 17 16 12 12 15 16 16 19 18 16 16 14 15 13 14 12 14 15 14 14 17 20 20 20 18 20 19 18 13 19 19 17 14 15 15 13 13 12 10 10 8 10 11 10 8 8 10 10 8 7 7 9 10 9 7 7 7 7 7 7 8 6 7 5 5 7 7 7 7 7 8 9 9 12 15 15 11 15 11 9 14 11 9 12 10 17 15 14 14 13 13 13 13 14
16 17 17 18 15 12 10 15 17 16 15 15 19 19 14 13 12 12 13 18 15 13 13 15 21 16 21 21 21 17 15 17 19 17 16 16 15 14 14 12 12 12 10 9 11 10 6 8 9 12 12 9 7 8 10 10 9 8 8 8 8 7 6 7 8 6 5 5 7 6 7 6 8 10 8 11 12 15 16 14 10 12 12 11 10 10 11 18 16 15 14 14 14 14 14 17
16 16 14 17 16 14 11 11 12 17 15 18 17 17 18 13 12 11 13 20 16 15 14 12 16 12 20 20 20 18 14 16 20 20 17 16 15 14 14 13 12 11 11 9 13 11 7 8 8 11 15 10 7 8 14 11 9 8 8 8 7 7 6 6 8 7 6 5 6 9 8 8 9 11 6 11 12 11 11 11 9 10 12 12 13 13 18 16 17 15 13 14 15 14 14 14
16 16 13 17 18 17 12 11 12 12 12 17 18 17 16 16 14 12 15 18 17 15 15 13 13 11 14 21 22 19 16 14 19 20 17 16 15 15 15 13 13 13 12 11 10 10 9 8 10 14 12 10 7 7 14 14 8 8 8 9 8 6 7 9 8 8 6 5 6 8 7 8 6 9 7 8 9 14 10 11 9 8 12 11 13 19 19 20 20 17 16 16 16 15 17 15
17 16 14 13 15 16 16 12 13 13 11 14 17 17 17 17 16 13 14 14 14 18 16 15 13 12 11 16 20 18 18 18 15 16 16 16 16 15 14 14 14 13 12 12 10 10 11 8 9 10 11 9 7 7 11 13 12 11 8 8 7 7 7 10 8 8 8 7 6 7 7 9 8 8 8 8 9 14 10 10 10 9 10 10 11 17 20 19 18 18 20 21 21 20 17 17
16 17 15 15 15 15 16 14 13 13 13 14 14 16 16 15 15 16 16 13 15 16 14 16 14 12 10 12 13 19 22 17 17 15 13 14 15 16 16 14 14 13 13 12 10 9 10 12 12 9 12 11 12 7 7 10 14 14 10 8 7 7 7 9 8 9 9 9 7 7 7 10 11 9 8 9 13 13 11 11 11 10 10 14 12 12 16 20 17 20 23 22 20 21 16 20
17 17 17 16 15 14 14 15 14 14 14 13 15 16 16 14 15 15 16 13 15 16 17 17 17 15 12 12 11 17 19 20 15 18 13 13 13 15 15 14 14 15 13 15 12 11 10 13 9 11 14 14 16 12 7 8 16 15 14 10 8 7 7 9 7 8 10 10 7 7 7 8 12 10 9 10 10 11 12 14 11 11 10 10 14 14 13 15 20 24 24 21 19 18 17 21
16 17 16 15 15 16 14 15 15 14 14 13 15 15 15 13 16 17 16 15 13 16 21 18 19 16 14 13 12 12 14 14 14 18 13 13 13 15 16 16 16 15 15 14 14 13 10 9 9 10 14 15 13 12 8 7 11 12 11 13 8 9 7 9 7 8 12 9 8 7 7 9 13 11 12 11 10 14 11 12 12 12 11 10 12 16 15 13 18 24 24 18 18 20 18 21
16 15 15 15 16 16 14 15 15 15 14 15 15 15 15 14 16 17 15 14 14 20 17 18 19 18 14 14 12 13 13 16 14 16 13 13 13 13 16 14 15 14 14 15 14 13 11 9 11 11 11 15 14 11 9 8 8 9 13 14 12 8 8 8 7 7 10 9 8 8 9 8 12 15 15 11 10 16 13 12 11 13 12 12 12 13 16 14 16 25 25 24 18 19 20 21
16 15 15 16 16 15 14 15 15 15 14 15 15 15 16 16 16 17 15 15 15 18 19 19 20 18 18 16 14 14 13 14 17 13 13 13 14 11 16 16 15 15 14 14 14 14 13 10 11 11 10 13 12 13 11 9 8 7 11 14 13 12 10 10 6 8 9 9 8 8 8 8 10 15 16 12 10 17 16 14 13 12 12 12 12 12 13 15 15 18 26 26 26 19 16 19
17 15 15 16 16 15 14 15 16 15 14 15 15 17 17 15 16 17 15 15 17 18 18 17 19 18 18 17 14 15 14 15 15 13 13 13 14 11 13 16 14 14 14 12 12 12 11 10 10 10 10 14 11 12 11 13 9 9 7 6 7 12 11 10 6 7 9 10 10 9 8 8 8 11 15 14 11 18 18 17 14 17 12 12 18 14 14 13 16 17 22 21 24 26 24 18
16 15 15 16 16 15 15 16 15 15 13 13 15 18 17 15 17 16 16 17 19 19 19 20 19 17 17 17 15 18 16 13 13 15 15 13 13 11 11 16 15 15 12 12 12 13 11 10 10 11 13 14 14 9 10 11 10 10 8 7 7 7 8 11 8 6 10 10 11 10 9 9 8 9 12 14 10 19 18 16 15 18 18 12 18 19 17 15 20 19 16 15 14 16 23 25
17 16 13 16 17 17 17 17 16 14 13 15 16 18 17 17 17 16 18 17 22 19 19 20 20 18 16 18 18 17 17 15 15 17 17 15 15 12 10 12 16 15 15 12 12 15 14 10 10 10 12 11 13 11 9 9 13 14 14 9 8 7 7 10 10 7 8 10 11 11 10 10 10 9 9 13 11 21 19 16 17 12 15 15 17 22 22 19 19 24 26 15 14 21 18 30
19 16 15 14 16 19 17 17 15 14 13 14 15 18 17 16 18 16 18 17 21 20 21 22 20 18 17 22 21 17 18 17 15 17 18 15 16 14 11 10 14 15 14 11 12 14 14 13 11 10 12 11 9 9 9 7 10 11 15 14 13 9 8 8 9 7 6 10 13 12 11 10 13 11 11 10 11 22 18 17 18 16 13 15 15 17 19 20 20 24 21 15 15 13 14 27
17 18 16 13 15 18 17 16 16 16 13 14 16 18 17 19 19 17 17 19 25 24 23 21 21 19 16 20 22 19 19 17 17 15 18 16 15 15 14 11 11 14 11 11 11 11 14 15 14 11 10 10 10 9 10 7 9 8 12 14 14 11 9 7 10 7 7 10 14 10 10 11 11 12 13 12 14 23 19 18 20 19 16 16 18 16 14 14 18 24 25 19 15 14 14 20
18 18 16 14 14 16 17 16 17 16 14 12 17 17 17 22 18 18 17 21 24 24 24 24 21 22 21 21 22 21 21 20 18 15 18 15 15 15 14 12 11 15 15 11 11 11 13 11 14 10 12 12 10 10 10 9 8 8 9 11 15 14 14 8 10 9 7 8 13 11 8 9 9 10 10 10 13 21 19 20 21 20 19 17 19 19 20 17 16 20 23 24 20 15 15 20
16 18 17 14 15 17 16 16 17 17 13 12 16 20 20 24 21 19 19 22 26 25 24 25 24 22 24 22 22 21 20 19 18 16 18 17 18 15 16 14 12 13 15 12 11 12 12 10 10 10 12 11 10 11 9 10 8 7 8 10 12 10 15 13 8 11 9 9 10 11 8 8 9 9 10 9 15 21 20 21 22 20 23 21 20 18 20 20 18 20 21 21 18 18 19 19
16 19 16 13 18 18 15 15 17 15 13 13 21 20 19 21 21 21 20 21 23 23 25 25 24 23 24 23 22 23 22 21 18 16 15 15 15 17 14 16 15 11 11 11 12 12 11 11 10 10 10 10 9 11 10 12 10 7 7 7 9 10 15 15 12 11 12 10 10 9 8 8 12 9 10 10 10 16 18 20 22 20 21 16 19 19 20 23 23 19 21 20 17 20 23 24
15 18 16 15 18 16 15 16 19 15 13 17 19 22 20 22 21 22 21 21 23 23 23 24 24 24 23 23 22 22 21 21 19 18 17 14 14 16 12 13 13 12 11 10 11 12 13 11 11 10 9 11 11 10 10 10 10 8 7 9 9 8 10 17 15 12 12 13 11 9 9 8 9 10 9 10 10 13 18 19 21 23 25 20 17 20 19 25 25 21 20 18 19 19 22 19
16 19 19 19 18 18 15 15 18 16 14 13 22 25 22 23 23 23 23 23 23 23 24 25 25 25 24 23 23 22 20 20 19 20 19 18 15 13 13 13 12 13 12 10 10 10 12 12 11 9 8 10 11 11 11 11 10 8 8 7 8 8 9 12 17 16 12 12 12 10 9 9 10 10 10 11 10 10 10 18 21 24 24 18 19 18 20 24 22 23 19 18 20 23 25 21
15 19 17 16 19 18 16 17 17 18 17 17 21 23 22 23 22 26 25 23 24 23 23 24 24 23 24 23 21 21 21 21 19 17 17 19 16 15 14 14 14 11 10 10 9 11 10 14 11 9 10 9 11 11 11 11 11 11 11 8 8 9 9 9 14 18 12 13 12 11 9 9 12 11 11 12 10 9 10 15 18 23 25 21 19 20 20 23 20 20 21 18 26 28 24 24
