Artocarpus hirsutus SDM files/MIS19/Environmental layers/bio17.asc
ncols  625
nrows  721
xllcorner  69.99986311115
yllcorner  5.99986187915
cellsize 0.041666667
NODATA_value  -9999
[rows 350 to 399 of 721, columns 288 to 383 of 625]
6 6 6 5 5 5 5 5 5 5 3 4 5 6 5 4 3 3 4 4 5 5 4 3 3 5 4 6 7 6 7 6 6 6 6 6 6 6 6 5 5 6 6 6 6 7 7 6 7 7 8 7 7 6 9 9 12 13 14 12 10 10 9 8 7 7 8 8 8 8 8 9 8 7 7 7 6 8 8 6 5 5 5 6 9 9 7 8 10 8 9 8 8 13 12 11
6 6 6 5 5 5 5 5 5 4 4 4 3 5 6 4 3 4 4 4 4 4 4 4 4 3 3 6 7 6 6 6 6 6 6 6 6 6 6 6 6 6 6 6 6 6 7 6 8 9 9 8 8 7 7 7 8 8 12 14 14 13 11 11 10 10 11 11 10 9 8 8 8 8 8 8 9 8 10 6 5 5 5 5 7 8 6 7 7 6 6 9 9 12 13 14
6 6 6 5 5 5 5 5 6 5 4 4 4 3 4 4 3 4 4 4 4 4 4 5 4 4 4 4 4 5 6 6 6 6 6 6 7 6 6 7 6 6 7 6 7 6 6 7 8 11 8 9 9 9 9 7 6 7 9 9 11 10 10 8 9 10 8 10 11 11 8 8 8 8 9 9 9 9 11 7 6 6 7 6 5 4 6 6 5 5 6 7 9 7 8 12
6 6 6 5 5 5 6 5 6 6 5 4 5 5 5 4 4 4 4 4 4 4 4 5 5 5 4 4 5 6 6 6 6 6 6 7 7 7 6 7 7 6 7 7 7 6 6 9 8 7 7 8 9 10 11 10 8 7 7 7 8 8 7 8 8 11 10 8 8 9 10 9 8 8 8 7 6 7 7 6 7 6 7 8 7 6 5 7 6 8 10 10 11 13 16 13
7 6 6 5 6 6 5 5 5 6 6 5 5 5 5 4 4 5 4 4 4 4 4 4 5 4 5 4 7 6 5 5 5 6 6 6 6 7 7 6 7 6 7 7 7 7 7 7 7 8 8 9 11 13 12 11 10 9 10 9 7 7 8 8 7 8 9 9 8 8 9 8 8 9 9 8 6 6 6 9 8 6 6 5 8 7 6 15 17 15 10 8 9 10 15 19
7 6 6 6 5 6 6 6 6 6 5 5 5 6 5 5 5 5 5 5 5 4 4 4 4 4 5 6 6 7 5 5 5 5 6 6 6 7 7 7 6 7 7 7 7 7 8 11 9 9 9 8 9 9 11 10 11 13 10 9 10 10 10 10 9 7 7 8 10 8 8 8 7 6 7 7 7 6 6 6 7 7 6 7 5 4 4 7 14 17 11 10 10 9 10 11
7 6 6 6 6 5 5 6 6 6 6 5 5 6 5 5 5 5 5 5 4 4 4 4 5 3 4 5 6 6 5 5 5 5 6 6 6 7 7 7 7 7 7 8 7 6 9 9 10 8 7 7 9 8 9 9 9 10 8 9 10 13 13 11 11 10 9 8 7 7 9 10 9 8 7 6 7 6 8 7 6 6 5 6 6 6 4 5 7 19 16 11 7 11 6 9
6 6 6 6 7 7 6 6 6 6 6 6 6 5 5 4 5 5 4 5 5 4 4 5 5 4 5 5 7 6 5 5 5 5 5 6 6 6 6 7 7 7 7 7 6 8 8 7 8 7 7 9 8 7 9 8 8 8 12 10 8 10 10 12 10 9 8 8 7 7 7 7 7 7 7 6 6 6 6 6 7 6 7 5 6 6 5 5 5 11 19 19 12 8 10 12
6 6 6 6 6 6 7 6 6 6 6 6 5 5 5 5 5 5 5 4 4 4 5 4 3 4 5 6 5 5 5 5 5 5 5 5 6 6 7 7 7 7 7 6 6 7 6 7 7 7 8 8 7 8 8 10 8 8 9 11 12 11 13 11 10 9 9 9 9 8 8 8 7 6 6 7 8 8 7 6 6 7 6 5 6 5 5 6 5 5 12 19 19 18 22 19
6 6 6 6 6 6 7 7 6 6 6 6 6 6 5 5 5 4 4 4 4 6 5 4 4 3 3 3 4 4 4 5 5 5 5 5 6 6 6 6 7 7 7 6 7 7 7 7 6 8 8 10 9 8 8 8 7 9 9 9 11 11 11 11 11 11 11 9 9 8 8 8 7 7 7 6 6 8 7 7 6 8 7 9 5 5 5 5 5 4 4 5 14 22 25 22
6 6 6 6 6 6 7 7 7 6 6 6 6 5 5 5 5 4 4 4 5 4 5 5 5 4 4 4 4 5 4 5 5 5 5 5 5 6 6 5 7 6 6 6 6 7 9 7 6 7 7 7 8 7 10 8 8 9 8 8 8 8 8 8 9 9 9 10 8 8 8 8 7 6 7 6 5 5 5 5 5 7 7 11 8 5 5 5 5 4 5 7 7 6 11 15
6 6 6 7 6 5 5 7 7 6 5 6 5 5 5 5 6 5 4 4 4 4 5 5 5 4 4 5 5 5 5 5 5 6 6 6 5 5 5 5 6 6 6 6 6 6 6 6 6 7 6 6 7 9 8 7 8 8 8 7 7 7 7 7 9 9 8 8 7 7 6 6 6 7 6 6 6 5 5 5 5 6 5 6 6 8 5 5 5 5 5 4 6 7 12 16
6 6 6 6 6 6 5 6 7 7 6 5 5 5 5 6 5 5 4 4 5 7 6 7 7 5 5 6 5 6 6 5 6 5 7 7 6 6 6 6 6 5 6 6 6 6 6 6 6 6 6 6 6 8 8 7 9 8 8 7 7 7 7 7 7 7 9 8 8 8 7 7 7 7 7 6 6 5 5 5 5 5 5 5 5 5 6 5 9 6 7 8 7 12 16 14
6 6 7 6 5 6 6 5 6 7 6 5 5 5 5 5 5 4 4 4 6 7 5 5 5 5 7 6 7 6 7 6 6 5 5 6 5 5 7 7 7 6 6 6 5 5 5 6 6 6 6 6 6 6 6 8 9 10 7 8 9 10 9 9 6 8 9 8 7 6 7 6 6 5 5 5 5 5 5 5 6 6 7 11 6 6 7 7 7 9 8 12 9 10 12 13
6 6 7 6 5 5 6 6 7 6 6 5 5 5 5 5 5 4 3 6 6 4 4 5 5 4 6 6 5 5 7 7 6 6 5 5 5 4 5 6 6 6 6 6 6 5 5 5 5 5 5 6 7 7 7 6 6 7 6 9 11 7 7 6 5 7 8 8 6 5 5 5 5 5 5 5 5 5 5 5 5 6 5 8 10 13 12 9 9 9 14 18 14 12 13 16
5 7 7 7 6 5 5 6 7 6 5 5 5 5 5 5 4 4 4 5 4 4 4 5 5 5 5 5 5 4 5 5 6 5 6 5 5 5 4 4 4 5 4 5 5 5 5 5 5 5 6 6 6 6 7 7 6 7 7 8 14 13 6 5 6 6 6 7 7 7 8 6 5 5 5 5 5 5 5 5 5 5 5 5 6 7 7 8 10 8 8 15 18 19 17 17
5 6 7 7 7 6 5 5 7 6 5 6 6 6 5 5 4 4 4 5 5 6 5 5 5 6 6 6 5 5 5 5 5 5 5 5 5 5 5 4 4 4 4 5 5 5 5 5 5 5 6 6 6 6 7 6 6 6 6 6 6 6 14 12 6 7 5 6 8 6 5 6 5 5 5 5 5 5 5 6 7 5 6 5 6 8 8 10 15 12 10 14 19 23 21 19
6 6 6 7 7 6 5 5 6 5 5 5 5 6 5 5 4 4 5 6 5 5 6 6 6 6 6 5 5 5 5 5 5 6 7 6 6 5 5 4 4 4 4 5 5 4 4 5 6 5 6 5 6 5 6 8 6 6 5 5 5 5 6 13 9 6 5 7 6 6 7 5 5 5 4 5 4 5 7 8 8 7 9 9 8 8 10 9 10 14 13 14 20 26 24 19
6 6 5 6 6 7 6 5 6 6 5 6 6 5 4 5 4 4 6 5 6 5 6 6 6 6 6 6 6 6 6 6 5 6 6 6 5 5 4 4 4 4 5 5 4 5 5 4 4 4 4 5 4 4 6 11 11 6 5 5 7 5 4 6 11 5 6 5 4 6 8 7 7 5 5 5 6 4 8 8 9 13 13 12 10 13 9 14 13 16 23 24 22 22 22 23
5 6 6 5 5 6 6 6 6 6 6 7 7 5 4 4 4 4 5 5 6 5 5 6 5 6 6 7 7 6 6 5 4 5 5 6 5 5 4 5 4 3 4 5 3 5 6 5 4 5 4 6 5 4 6 10 13 10 7 5 9 6 4 4 5 7 4 4 4 5 7 9 12 9 9 5 6 9 8 7 6 12 17 16 13 12 14 12 12 13 12 15 18 25 19 24
6 6 7 6 5 5 5 7 5 7 7 7 7 5 4 4 4 5 6 6 6 6 5 5 5 6 6 7 7 6 6 5 4 6 5 5 5 5 5 4 3 3 3 3 4 5 4 4 4 5 5 6 4 5 8 11 13 11 9 4 6 5 4 4 4 6 4 4 6 5 6 6 7 10 11 12 11 12 12 11 7 6 7 12 15 14 13 9 10 10 11 12 13 17 17 22
5 6 7 7 6 5 5 5 5 7 7 7 8 5 4 4 5 7 6 6 7 7 6 6 6 5 5 6 7 6 6 6 5 4 5 4 4 5 4 3 3 3 2 4 5 5 5 4 4 4 4 6 4 6 10 10 10 9 8 11 11 14 10 5 4 5 11 5 5 5 4 4 5 7 10 8 13 15 15 15 11 11 12 10 10 20 14 11 11 13 15 15 15 20 20 22
5 6 7 7 6 5 5 4 6 7 7 7 8 6 5 4 4 5 6 6 7 7 7 7 7 6 6 6 6 6 6 6 6 5 5 4 4 4 3 3 3 3 3 5 4 3 3 3 3 4 4 4 3 4 5 10 11 12 10 8 12 16 10 4 6 6 5 6 6 5 4 5 6 6 5 6 7 14 21 22 21 22 18 15 14 14 16 16 14 18 18 19 19 21 23 24
6 6 6 7 7 6 5 4 6 6 7 7 8 7 5 4 5 6 6 6 6 7 7 7 7 6 6 6 7 6 6 6 6 5 5 4 4 3 4 3 3 3 3 3 4 4 3 3 2 3 3 4 3 3 3 5 9 13 15 8 10 15 9 10 14 15 9 4 6 8 5 5 5 5 5 5 6 9 9 14 16 18 18 16 17 18 17 21 19 20 20 21 22 24 25 27
6 6 6 7 8 6 5 5 6 7 7 7 8 7 6 4 6 6 5 8 7 6 7 7 7 7 8 7 7 6 5 5 5 5 4 4 4 3 4 3 3 3 4 4 3 4 3 4 3 3 3 5 5 4 2 2 7 11 13 11 4 9 11 14 13 11 10 7 6 6 9 11 5 5 6 5 7 7 10 11 15 13 17 15 16 17 18 19 22 21 25 26 24 26 28 29
6 6 5 7 9 6 5 6 7 9 8 7 8 7 7 5 5 6 5 8 6 6 7 7 7 8 7 6 7 7 6 6 6 5 4 4 4 3 5 4 3 2 3 2 2 3 3 4 5 4 4 8 7 3 11 9 8 7 14 14 10 3 3 3 4 4 6 8 6 7 12 11 12 12 11 9 9 10 12 13 14 15 17 21 19 19 19 27 33 33 29 28 28 29 29 31
7 6 6 6 8 7 5 5 6 8 8 9 8 7 8 6 5 7 6 6 6 6 7 6 7 7 7 7 6 8 7 6 5 4 4 4 4 3 4 3 2 3 3 3 3 3 3 3 3 3 5 8 9 5 5 14 11 11 13 8 7 14 11 7 16 17 8 5 7 7 6 8 9 12 16 17 14 15 18 17 19 20 20 22 23 20 19 29 31 33 30 31 30 31 31 30
6 6 5 6 7 6 5 5 6 8 8 9 7 8 7 6 6 6 7 7 6 7 7 7 7 7 6 6 6 6 6 6 5 5 4 4 4 3 5 3 3 3 3 4 3 4 3 3 3 4 3 7 10 9 4 7 17 13 7 7 9 19 14 11 9 20 12 13 9 11 11 12 12 23 20 17 15 20 25 23 20 23 27 26 26 20 23 34 30 31 33 35 31 31 31 31
6 6 6 6 7 7 6 6 5 6 8 9 6 8 6 6 7 7 6 7 6 7 7 7 6 7 6 6 6 6 5 6 6 5 4 3 4 3 3 3 4 4 4 4 3 2 1 1 2 3 4 8 10 8 8 6 9 18 16 10 10 12 12 24 12 17 14 15 14 20 17 13 14 24 27 25 18 18 22 23 23 27 29 28 26 21 25 30 29 31 32 35 32 31 31 31
6 7 5 7 7 6 7 6 5 7 9 8 7 6 6 6 7 7 6 8 7 7 7 7 7 7 6 6 6 5 5 7 6 5 4 3 3 3 2 3 3 4 4 2 2 2 1 1 2 5 7 8 12 11 11 15 9 20 18 19 17 9 7 20 20 15 16 18 17 17 18 14 17 15 23 24 19 22 31 28 22 27 28 29 26 27 27 31 31 29 31 31 31 30 31 31
6 7 5 7 7 7 6 6 5 7 8 7 7 7 6 6 6 7 7 9 7 8 7 7 7 7 7 6 6 6 6 6 6 5 4 3 3 3 2 3 3 3 2 2 3 3 1 3 1 3 8 12 10 11 10 15 11 24 22 23 15 15 11 18 28 19 11 13 16 24 16 13 17 16 17 23 19 19 25 30 26 30 32 31 28 30 32 31 31 31 30 30 30 30 30 31
7 7 6 7 7 7 7 6 6 6 7 6 7 6 6 5 5 6 9 8 7 7 7 7 7 6 6 7 6 5 5 5 5 5 4 3 4 4 2 2 2 1 2 2 4 8 2 4 3 2 4 9 16 14 13 20 11 20 20 20 10 17 9 21 20 15 13 23 18 18 19 18 19 21 26 21 21 29 30 31 34 30 30 33 32 32 33 35 33 30 30 29 30 30 30 30
7 7 6 7 8 8 7 6 6 6 6 6 7 6 6 5 6 5 6 6 6 6 8 12 9 6 8 8 6 5 5 5 5 4 4 3 3 3 3 3 2 2 1 2 6 9 7 2 6 11 6 9 9 11 12 25 19 26 19 20 17 13 12 24 20 24 18 23 29 25 19 30 36 27 26 23 21 34 34 30 30 32 29 30 33 35 32 31 30 29 29 29 29 30 30 30
8 6 6 8 8 8 7 8 7 6 7 6 8 6 6 5 7 6 7 6 6 6 9 8 6 6 6 8 7 5 6 8 7 5 4 5 7 5 4 5 2 1 1 1 4 11 11 6 7 12 16 19 11 12 16 26 27 26 23 14 21 26 19 19 19 19 26 24 24 25 21 22 25 30 26 25 21 26 30 33 30 31 31 29 32 32 31 29 29 29 29 29 29 29 30 30
8 6 6 8 8 7 7 7 7 6 7 6 6 6 6 5 7 7 7 6 5 7 12 10 7 11 8 8 6 6 6 7 7 6 6 3 7 5 10 7 2 1 3 4 2 8 14 9 5 6 14 23 19 16 18 27 25 26 27 18 19 21 24 20 23 23 30 25 23 28 23 25 25 26 24 24 25 32 31 29 27 28 28 29 31 30 28 28 28 28 28 28 29 29 30 30
8 7 7 8 8 8 8 7 6 6 6 6 6 6 6 5 6 7 7 6 5 7 6 6 5 14 9 7 9 7 7 6 8 5 8 4 6 5 11 12 8 4 3 5 3 8 17 14 10 9 12 15 23 21 16 28 27 24 22 21 23 24 31 25 24 25 28 25 25 28 29 30 24 28 27 29 34 27 35 33 34 32 32 33 31 29 28 28 28 28 28 28 29 29 30 30
7 7 8 7 7 8 8 7 6 6 6 6 6 6 6 6 5 6 6 6 5 5 5 6 5 9 8 7 7 8 11 10 12 6 11 5 5 7 8 14 14 5 3 6 4 6 12 19 16 17 18 23 21 25 18 18 33 24 25 20 23 24 25 25 29 28 25 24 25 26 26 25 24 31 35 32 28 36 34 29 30 30 30 29 28 28 28 27 27 28 28 28 28 29 29 30
7 7 7 7 7 8 8 7 7 6 6 6 6 6 6 6 6 5 5 6 6 6 5 7 8 8 12 8 8 8 12 12 15 8 6 8 9 9 8 10 17 7 6 6 5 9 11 16 21 20 21 28 27 23 24 18 24 25 30 27 26 26 25 25 24 24 28 30 32 24 25 30 34 34 28 32 37 31 33 31 31 28 28 28 28 27 27 27 27 27 27 28 28 29 29 30
7 6 7 7 7 7 7 7 7 6 6 5 5 6 6 6 5 5 6 6 6 5 5 5 9 10 7 7 6 15 14 12 13 15 6 4 5 6 10 11 18 5 5 11 13 11 14 20 26 23 22 20 27 26 21 20 21 23 31 34 31 28 24 25 26 28 28 27 23 23 27 37 31 29 30 31 28 26 28 30 29 27 26 26 26 27 27 27 27 27 28 28 28 29 30 31
6 6 7 7 7 7 7 6 7 7 6 5 5 6 6 6 5 5 6 5 7 6 6 6 6 8 11 8 5 12 19 15 10 16 7 5 6 4 8 9 14 6 9 10 16 17 13 16 16 21 20 22 24 24 17 19 18 19 28 30 26 23 22 24 29 27 24 26 30 30 30 25 26 25 29 24 26 31 28 27 26 26 26 25 25 25 25 26 27 27 27 28 29 29 30 30
6 7 7 7 7 6 6 6 7 7 5 4 5 7 6 6 5 5 5 5 6 4 5 7 8 10 11 14 7 6 17 14 15 16 9 7 5 6 9 7 12 6 10 11 13 12 17 15 14 14 23 16 16 15 23 23 19 22 21 23 25 24 23 22 26 24 25 24 23 23 21 25 30 23 27 23 24 26 25 24 24 24 25 25 25 25 26 27 27 28 28 28 -9999 -9999 -9999 -9999
7 8 7 7 8 8 6 6 6 7 5 5 6 7 6 5 5 5 6 6 5 5 6 10 13 12 11 17 12 10 17 15 15 12 14 11 10 7 11 11 9 7 8 10 14 16 18 14 19 22 25 19 19 23 22 23 24 20 18 25 22 29 29 25 22 26 28 23 21 32 29 31 24 25 28 31 24 24 24 24 24 24 25 24 24 25 27 27 27 -9999 -9999 -9999 -9999 -9999 -9999 -9999
7 9 7 7 6 6 5 5 5 5 5 6 7 8 7 5 5 5 6 5 6 5 5 12 13 13 12 14 16 16 13 16 13 15 15 13 10 8 10 13 13 8 9 12 19 19 15 17 21 19 24 27 22 22 23 18 18 17 17 24 21 21 25 24 21 26 24 22 24 26 31 25 23 29 24 29 26 22 22 23 23 23 23 25 25 25 26 -9999 -9999 -9999 -9999 -9999 -9999 -9999 -9999 -9999
8 7 10 8 7 7 5 5 5 4 4 7 8 8 6 6 6 6 7 6 5 4 9 16 13 13 13 13 17 15 10 10 12 20 16 14 11 10 8 15 16 11 10 14 22 15 17 25 20 19 18 22 22 25 22 19 19 17 17 26 21 23 21 22 25 23 23 23 25 25 24 22 23 23 23 24 23 22 23 23 23 23 23 24 24 -9999 -9999 -9999 -9999 -9999 -9999 -9999 -9999 -9999 -9999 -9999
8 6 10 11 11 8 5 5 5 4 4 8 9 10 7 6 6 7 6 6 4 3 7 12 12 14 12 11 15 15 12 8 11 15 16 15 11 10 10 11 12 13 11 12 16 12 19 21 15 21 23 20 25 25 19 16 21 20 21 22 21 25 24 21 21 22 22 25 25 24 22 21 24 24 26 23 23 23 24 24 23 23 23 -9999 -9999 -9999 -9999 -9999 -9999 -9999 -9999 -9999 -9999 -9999 -9999 -9999
8 6 8 8 9 8 6 6 6 4 4 6 9 10 9 7 8 8 7 6 5 5 8 9 13 14 12 11 16 13 12 7 9 17 19 13 10 11 13 13 14 12 12 12 13 14 18 19 14 21 19 20 22 19 22 23 23 22 31 22 20 24 24 22 24 22 22 24 26 25 22 24 22 27 26 23 22 23 24 23 24 -9999 -9999 -9999 -9999 -9999 -9999 -9999 -9999 -9999 -9999 -9999 -9999 -9999 -9999 -9999
8 7 8 11 11 10 7 7 7 5 4 4 7 10 9 9 8 8 7 6 4 6 11 10 12 14 13 14 11 14 12 8 9 17 18 13 9 10 13 15 13 10 14 16 16 18 14 16 15 15 16 17 18 19 26 26 24 26 31 25 28 24 22 25 26 21 24 24 21 21 21 23 23 25 22 23 22 24 24 -9999 -9999 -9999 -9999 -9999 -9999 -9999 -9999 -9999 -9999 -9999 -9999 -9999 -9999 -9999 -9999 -9999
8 8 9 11 12 11 8 8 7 6 6 6 7 9 10 9 8 8 7 6 5 9 10 8 9 11 12 15 15 14 11 9 9 15 16 12 9 14 11 16 14 12 17 15 18 15 21 14 17 16 18 15 13 19 25 22 29 29 25 27 29 25 22 22 22 23 21 22 21 23 21 22 22 29 26 24 24 24 -9999 -9999 -9999 -9999 -9999 -9999 -9999 -9999 -9999 -9999 -9999 -9999 -9999 -9999 -9999 -9999 -9999 -9999
11 11 9 10 13 12 9 8 8 7 7 7 8 7 9 10 10 7 6 5 5 9 9 9 9 10 13 13 15 16 13 9 10 12 14 16 13 14 14 19 18 16 13 14 17 18 18 17 17 24 18 18 19 20 19 22 27 27 21 21 25 24 22 21 21 23 23 22 25 25 22 23 24 26 26 25 -9999 -9999 -9999 -9999 -9999 -9999 -9999 -9999 -9999 -9999 -9999 -9999 -9999 -9999 -9999 -9999 -9999 -9999 -9999 -9999
10 11 11 13 11 14 11 8 8 9 9 8 9 7 9 10 10 8 5 7 10 9 9 9 10 12 12 12 12 11 11 8 10 12 14 12 13 14 16 14 16 19 14 15 18 19 18 23 25 25 23 25 23 21 22 23 28 27 22 20 21 23 21 19 20 24 24 25 26 25 23 23 24 24 24 -9999 -9999 -9999 -9999 -9999 -9999 -9999 -9999 -9999 -9999 -9999 -9999 -9999 -9999 -9999 -9999 -9999 -9999 -9999 -9999 -9999
