Artocarpus hirsutus SDM files/MIS19/Environmental layers/bio19.asc
ncols  625
nrows  721
xllcorner  69.99986311115
yllcorner  5.99986187915
cellsize 0.041666667
NODATA_value  -9999
[rows 282 to 328 of 721, columns 192 to 287 of 625]
25 23 22 23 25 26 24 28 27 27 29 29 27 31 36 38 39 38 42 40 43 37 34 39 39 38 36 36 34 35 36 35 37 37 35 36 32 32 32 29 30 31 32 32 30 31 33 32 32 33 35 36 36 40 40 33 30 34 36 37 35 37 39 39 42 39 36 34 34 34 36 35 39 42 39 35 30 29 31 32 34 30 29 29 31 31 34 35 32 32 33 31 26 23 22 19
23 22 22 23 24 27 27 28 30 27 26 27 28 34 34 30 35 38 38 37 40 37 33 38 38 35 38 37 35 34 35 36 34 36 34 32 31 31 32 32 32 35 34 33 30 31 33 33 34 35 38 36 32 39 37 36 28 28 33 36 35 36 35 32 36 36 35 36 42 42 42 41 34 30 28 29 27 33 31 31 31 32 34 33 34 31 28 25 25 25 27 27 20 19 19 19
22 22 21 22 23 23 26 29 30 29 27 26 27 32 33 29 36 38 38 35 35 34 35 36 35 34 37 34 33 31 32 34 32 33 32 31 32 33 33 33 34 34 33 32 30 31 32 34 40 36 36 32 31 34 32 32 30 28 30 39 40 38 37 35 32 33 37 42 38 35 33 30 30 30 30 28 28 28 28 29 31 36 37 32 35 33 31 25 23 23 23 26 23 22 23 20
22 22 22 21 21 23 24 26 30 28 28 29 29 29 32 29 33 34 38 35 34 34 36 36 36 35 33 30 33 34 33 33 33 31 31 32 33 33 33 33 34 34 32 32 31 35 34 35 33 34 34 31 29 33 37 36 31 30 27 28 39 41 36 32 37 39 34 32 30 29 30 31 30 30 29 33 30 29 35 37 35 37 36 31 29 31 32 29 28 28 25 22 20 21 22 21
22 22 23 22 22 23 23 26 28 28 28 27 32 32 33 34 36 37 35 34 32 32 34 34 36 34 33 31 32 34 33 33 32 32 33 33 34 34 34 34 33 33 31 32 30 36 33 31 32 32 33 33 33 35 36 37 32 29 30 32 34 32 34 41 36 31 31 30 33 32 33 32 31 29 31 30 30 33 38 33 30 32 30 29 27 25 26 30 30 30 28 24 24 22 22 24
21 21 23 23 23 23 23 26 28 26 27 28 29 31 34 36 35 33 33 34 34 32 37 35 37 35 34 29 28 29 31 34 34 34 33 32 33 34 33 33 33 31 31 32 35 36 32 31 32 34 32 33 35 34 32 34 32 29 35 30 30 38 36 31 32 33 34 32 31 30 30 30 31 35 36 33 34 34 32 30 30 31 31 30 29 26 29 30 31 32 33 31 29 27 22 21
21 22 23 23 25 24 24 25 26 26 26 33 34 30 34 33 36 36 34 34 38 35 38 36 40 37 35 31 31 32 33 34 35 34 35 33 31 33 32 32 32 29 27 26 33 36 36 34 33 33 31 34 35 34 33 32 30 32 33 32 36 31 30 31 32 35 33 33 31 32 34 35 33 30 33 33 32 32 31 32 32 30 26 26 27 31 29 27 26 27 29 30 28 26 25 23
21 19 21 23 25 26 25 25 25 25 26 30 32 32 32 33 32 37 36 37 38 38 39 37 41 37 36 36 37 37 36 33 35 35 34 31 33 33 32 32 35 32 25 25 29 35 31 31 32 32 32 32 35 36 35 33 30 32 31 31 31 32 31 31 31 31 31 32 35 35 35 37 35 30 28 27 30 31 32 33 32 30 26 27 26 24 23 23 24 23 24 26 25 25 26 23
22 19 19 23 26 26 23 25 23 25 29 29 30 30 33 33 30 34 40 38 36 39 37 42 42 38 38 37 37 35 35 33 36 33 33 33 33 33 33 32 33 30 25 25 28 33 33 33 32 33 31 32 34 35 35 35 31 32 33 33 33 33 36 34 36 34 35 35 35 36 34 38 34 35 33 28 26 26 27 28 27 26 27 27 25 24 25 25 25 25 25 27 29 26 26 23
21 22 19 23 26 26 23 23 21 26 28 28 33 30 33 31 33 33 38 37 39 40 37 42 39 38 39 42 37 34 34 33 35 32 33 34 33 31 35 36 30 32 29 24 24 32 35 32 31 34 34 36 38 36 35 36 34 33 33 33 35 34 39 34 38 39 37 36 36 34 33 36 36 37 35 30 25 24 25 23 28 30 30 29 26 25 22 24 23 21 24 25 29 24 28 28
18 21 20 22 26 23 23 22 21 21 23 27 31 28 27 32 31 30 36 38 38 36 40 42 39 40 35 36 35 34 35 35 33 31 32 34 32 27 27 33 29 28 33 26 26 32 35 35 37 37 41 37 39 35 34 38 34 33 33 36 39 35 37 32 34 38 39 39 37 35 34 35 37 37 35 31 30 25 23 27 29 30 30 29 26 26 25 22 24 22 22 23 25 27 25 24
19 18 19 22 25 24 23 22 24 24 21 29 29 27 26 30 33 32 37 37 36 36 39 37 39 39 35 35 34 36 35 34 31 31 31 31 31 30 27 29 28 29 32 26 28 35 33 29 30 32 41 41 40 32 32 33 34 36 34 34 38 38 40 35 33 32 34 37 37 35 35 35 38 38 33 33 29 28 29 28 29 29 30 29 26 25 26 24 25 25 24 21 24 25 25 26
21 19 17 21 24 24 22 20 27 24 25 27 27 27 26 29 33 35 35 35 34 36 37 38 42 39 35 33 35 35 34 32 32 35 31 31 33 30 28 28 28 29 32 27 36 36 33 28 27 29 37 41 43 36 33 34 34 37 34 35 37 38 38 37 34 34 36 36 38 37 36 35 37 33 33 31 28 27 27 27 25 26 28 28 28 24 25 22 22 22 23 22 20 19 22 24
20 19 19 19 22 24 19 19 25 22 24 30 26 24 26 32 30 31 33 33 36 35 37 39 40 36 34 33 35 34 32 34 34 32 31 31 32 30 30 29 27 26 28 28 29 30 34 30 27 26 27 30 33 34 37 38 37 38 36 37 38 40 40 39 36 33 33 33 35 39 39 35 37 37 35 33 32 27 24 24 23 22 23 27 26 26 25 26 23 22 20 21 22 21 20 20
20 18 19 23 24 20 18 22 22 20 23 29 23 23 24 32 32 30 33 35 36 33 33 35 35 34 34 35 33 31 33 38 36 34 34 30 30 28 30 31 27 26 29 38 38 41 42 34 32 29 29 32 36 36 36 38 37 37 36 40 42 44 43 38 36 36 38 36 35 35 36 36 41 41 36 34 30 26 26 25 24 23 22 24 27 27 25 26 26 26 26 26 28 26 26 25
21 17 16 25 22 18 19 23 19 18 23 28 21 26 29 30 31 30 32 33 34 36 37 35 34 32 35 35 31 30 30 33 33 34 34 30 34 30 28 31 29 30 30 28 26 30 42 33 33 31 31 35 38 37 34 38 39 36 40 44 42 38 36 35 36 36 38 34 31 31 31 32 33 33 33 33 31 27 28 28 24 24 21 23 23 26 26 26 28 30 29 27 28 25 28 30
20 17 19 23 20 16 21 21 19 18 18 25 20 26 27 29 29 31 32 32 31 34 36 33 32 34 35 33 31 34 33 29 29 32 31 29 31 30 28 28 27 28 35 30 28 27 35 29 31 34 36 33 36 36 33 36 40 41 34 37 37 37 36 36 37 38 39 37 32 30 30 33 35 36 37 36 32 28 27 28 28 28 29 27 27 28 29 28 26 26 28 29 28 30 29 33
17 16 19 23 19 18 20 19 20 19 18 24 24 25 26 28 33 33 31 31 31 36 33 31 37 36 35 33 31 35 35 33 35 31 31 31 32 31 32 29 25 27 34 29 28 28 29 32 31 31 35 31 31 32 32 34 35 37 33 35 37 35 38 41 37 37 41 39 35 32 33 32 35 36 35 32 30 32 27 22 28 27 24 27 28 29 28 28 25 21 24 30 27 30 27 24
17 16 17 23 19 22 18 19 20 18 18 20 24 22 26 28 33 31 31 32 33 32 29 30 36 35 33 33 33 36 34 34 35 31 31 34 34 29 39 32 28 37 44 41 33 32 32 31 31 30 32 31 36 33 29 29 30 29 30 39 43 35 40 46 39 43 43 42 38 32 33 30 31 33 33 30 30 33 28 24 24 23 24 28 29 23 22 20 20 20 20 24 28 26 26 27
17 16 19 22 19 20 17 16 20 18 18 18 23 22 24 31 31 30 32 34 32 29 29 34 35 33 33 35 33 32 30 31 31 29 33 33 31 26 35 40 31 39 43 39 32 34 38 32 32 33 32 33 33 32 31 30 30 31 34 43 43 34 33 41 41 41 46 43 43 36 33 31 27 28 30 30 29 32 29 23 22 21 22 19 19 19 19 19 20 21 21 22 19 20 20 19
17 17 16 19 21 19 18 16 19 19 16 18 21 22 27 25 28 29 32 32 28 31 31 31 31 32 32 32 31 31 36 32 29 31 38 36 30 25 29 34 31 35 34 30 30 32 35 33 33 33 33 33 34 35 33 33 36 34 33 40 41 32 31 32 34 42 47 47 48 37 30 30 30 33 32 33 30 32 33 25 23 21 22 21 18 20 21 22 24 25 26 29 25 22 21 20
17 15 16 20 20 18 19 18 17 19 18 15 17 21 25 28 25 29 30 29 34 32 31 30 29 31 30 33 31 34 32 29 27 28 36 33 29 25 26 31 36 36 32 32 32 36 34 34 34 37 36 36 36 40 37 33 33 31 33 44 43 36 41 41 38 42 44 40 39 37 36 35 32 36 33 35 33 34 28 29 27 23 21 20 23 26 26 26 23 23 22 24 24 25 24 23
18 15 15 20 20 19 17 19 17 17 18 15 15 17 19 22 26 26 27 27 32 32 33 31 31 30 30 31 32 37 35 35 27 28 35 37 33 29 30 35 35 33 33 33 32 34 34 33 33 35 39 39 40 40 39 36 33 31 37 47 41 41 47 43 45 41 40 33 36 38 39 36 32 32 33 38 35 33 31 29 27 27 25 21 21 23 26 21 20 23 21 20 20 21 23 23
19 17 15 19 21 21 16 20 15 14 15 15 15 16 18 19 21 23 23 26 27 29 30 32 31 30 29 33 32 34 34 33 27 26 35 38 35 36 34 30 31 33 34 35 34 35 35 34 32 35 43 40 43 44 40 38 39 36 39 46 40 38 40 42 41 47 40 41 43 46 46 45 37 34 38 43 37 34 32 30 27 29 27 22 22 20 22 20 20 22 23 20 21 23 24 22
16 19 19 18 21 21 18 18 18 17 15 16 16 18 19 19 21 23 23 25 29 29 27 29 30 29 28 33 34 36 37 31 28 27 30 30 27 29 29 31 33 34 34 36 36 36 35 34 34 33 34 40 43 45 48 43 39 37 39 41 35 38 40 36 36 45 43 44 40 44 49 46 41 28 25 33 41 34 31 30 28 29 27 26 22 20 18 21 22 22 21 22 22 21 22 24
15 19 18 18 22 21 21 19 19 17 16 17 17 18 19 20 22 28 26 23 26 30 25 29 30 27 30 36 36 34 34 33 34 30 33 29 28 30 32 33 33 34 36 36 36 36 34 34 32 30 30 34 35 40 42 46 40 37 43 43 39 33 33 33 33 43 45 51 44 45 41 48 42 42 27 25 37 40 35 32 31 29 27 26 27 25 21 21 21 22 21 23 24 22 21 22
16 19 17 20 26 22 20 20 20 19 18 20 19 20 20 23 28 27 25 23 26 24 23 24 23 23 24 34 36 35 38 35 36 32 31 31 31 32 32 33 33 33 36 36 36 34 35 38 39 40 34 31 30 33 35 34 38 40 40 40 46 40 43 37 35 37 41 40 39 34 36 45 46 45 37 26 29 38 40 35 32 28 26 27 27 26 26 23 22 25 25 23 22 22 24 23
17 17 20 20 23 22 21 20 19 17 17 17 18 20 20 24 25 25 24 24 26 26 26 25 24 23 22 26 32 34 34 34 29 27 30 31 30 29 31 32 32 33 32 32 34 37 34 33 33 34 31 31 29 29 29 33 40 44 44 40 47 46 48 49 41 33 32 30 30 34 32 40 35 45 45 38 26 25 32 39 35 29 29 27 29 28 28 26 22 21 21 20 21 23 23 22
19 17 24 21 22 20 21 20 20 18 19 18 18 19 20 21 23 25 25 26 26 27 27 27 26 24 23 21 23 23 24 29 29 29 30 30 31 33 30 31 31 32 37 35 34 36 33 31 31 35 35 35 35 33 38 30 35 40 43 39 39 38 42 46 33 35 44 35 32 27 27 30 26 37 43 41 38 27 23 32 33 30 30 30 33 30 28 28 25 24 25 25 23 22 22 23
18 17 24 22 20 20 20 21 20 20 20 20 20 21 22 22 23 25 25 26 26 26 26 25 26 26 26 25 24 24 27 28 29 29 30 31 31 35 33 34 34 38 41 39 39 41 35 32 34 41 45 39 39 38 40 38 34 37 42 39 39 43 40 39 34 36 33 29 27 27 26 26 29 32 32 37 30 28 23 28 33 36 37 37 37 35 32 29 29 28 25 28 30 26 24 23
26 25 22 21 21 20 21 22 20 22 22 22 22 21 22 23 23 25 26 26 26 27 27 28 25 25 25 26 27 27 28 29 30 29 29 30 30 34 32 34 33 34 39 43 42 39 33 36 36 39 42 42 45 47 36 44 40 42 40 44 39 33 31 31 29 28 28 30 32 27 27 26 24 25 23 32 36 33 32 27 27 31 30 27 32 34 35 37 33 30 26 25 27 30 27 29
26 26 23 23 22 21 22 22 22 22 22 22 23 23 25 25 24 25 25 26 26 28 28 29 29 29 27 26 28 26 26 28 31 30 29 30 32 35 34 30 30 32 38 40 34 34 36 32 32 32 35 35 34 42 40 41 34 35 37 36 34 32 31 32 37 40 42 41 39 31 28 31 25 21 21 25 26 33 33 33 23 21 24 22 27 32 34 35 36 33 28 29 25 30 29 31
21 22 22 23 23 22 22 22 22 22 23 23 23 23 24 25 26 26 25 25 25 27 28 28 29 29 29 26 27 28 28 28 29 31 30 32 30 31 38 31 30 39 42 38 36 40 32 32 30 31 33 34 38 38 30 30 30 32 35 40 33 35 42 40 35 35 39 42 44 32 29 25 25 27 23 22 20 19 23 24 29 25 24 24 27 32 28 28 37 35 30 29 26 26 30 29
21 22 22 22 22 22 22 22 23 22 22 24 24 24 24 25 25 26 26 25 25 25 26 28 29 29 28 26 26 27 27 29 28 29 33 35 32 30 38 31 30 39 45 41 34 43 32 36 42 38 34 33 34 32 30 32 32 32 32 37 36 33 33 34 31 31 29 35 44 38 31 34 35 37 29 28 25 23 19 18 19 20 26 27 28 35 32 25 28 37 37 33 27 24 26 28
21 22 22 22 22 23 22 22 22 25 25 23 24 24 24 25 25 25 26 27 25 25 25 26 28 28 27 27 26 27 28 31 29 25 28 32 36 33 40 30 28 38 40 41 35 45 32 30 30 29 34 37 36 32 28 29 30 37 35 33 36 37 42 37 35 26 25 29 31 39 31 34 28 35 33 30 29 30 23 21 20 19 18 20 25 25 34 32 30 31 35 31 28 27 21 24
22 21 22 22 22 23 23 24 23 24 25 25 25 25 24 25 26 26 25 27 25 26 25 25 26 27 30 31 34 34 30 33 33 31 27 24 27 36 40 32 30 40 41 37 32 45 41 34 29 32 33 38 35 31 31 28 31 40 41 34 28 31 32 26 25 26 24 23 24 32 31 30 27 34 37 33 27 33 29 24 27 24 20 18 18 20 21 21 30 31 35 32 28 27 24 24
23 23 22 22 24 23 24 24 24 24 25 25 26 26 26 25 26 26 25 27 25 27 31 30 31 29 28 26 31 35 35 30 30 35 31 28 24 33 41 36 34 40 41 41 35 43 47 41 35 29 31 32 34 35 33 30 30 32 41 32 28 27 31 29 28 32 38 29 23 26 28 32 25 22 25 32 26 29 34 27 24 29 23 20 18 18 19 21 24 30 36 33 30 28 26 26
23 22 22 21 23 24 24 24 24 25 26 27 27 28 27 32 30 29 30 32 28 32 35 34 27 28 27 25 27 34 36 35 27 36 36 28 27 28 38 36 36 40 40 36 31 36 43 43 42 44 45 48 44 44 36 28 27 28 36 35 30 31 35 33 33 28 39 33 30 24 24 31 30 28 21 20 23 25 31 26 20 28 26 24 23 24 22 22 30 31 33 26 26 23 23 23
23 23 23 23 23 24 25 24 24 26 28 28 27 29 31 34 23 23 34 34 30 37 37 35 25 29 30 32 25 27 36 36 27 32 40 34 34 30 31 31 36 41 40 36 34 34 42 41 45 40 40 43 46 48 46 37 31 36 39 35 31 40 39 31 28 26 28 28 32 35 28 29 22 21 22 22 18 20 27 27 21 22 26 24 28 25 28 29 24 27 29 27 25 22 20 20
24 26 27 26 24 26 28 26 26 26 32 27 26 24 30 29 21 19 26 27 26 35 37 34 29 24 28 34 26 26 33 33 28 37 36 36 37 34 35 34 34 40 42 40 35 37 38 40 36 32 31 33 38 46 46 35 29 28 37 36 27 37 42 37 32 26 26 24 24 23 35 32 23 19 21 29 18 20 27 28 24 28 28 25 31 26 27 30 26 19 20 22 22 22 18 20
27 24 25 23 23 26 30 28 29 26 27 25 28 30 29 28 23 20 18 25 24 33 37 35 35 27 26 34 27 26 36 36 31 35 33 36 36 33 34 36 36 40 40 38 36 36 32 32 35 31 30 30 32 40 47 44 33 29 32 31 29 35 40 43 37 31 33 28 23 21 24 23 20 19 18 21 20 18 21 28 28 25 30 23 26 31 29 29 17 17 18 18 17 16 18 20
24 21 24 22 20 23 23 29 30 34 35 32 29 30 36 38 28 23 21 21 27 29 36 36 34 29 25 35 31 24 34 35 29 36 33 36 36 32 32 36 38 37 38 35 34 35 33 31 30 33 32 31 32 36 43 39 33 31 31 32 28 27 36 40 41 31 29 34 25 21 20 20 20 23 27 21 19 19 21 23 26 28 29 28 20 25 24 24 18 18 20 21 23 19 16 15
21 22 31 32 28 31 30 35 37 42 45 43 37 35 34 36 35 24 23 23 28 32 36 39 34 30 28 35 35 27 37 35 32 37 32 31 31 25 25 25 28 32 37 36 37 39 40 37 31 29 32 34 32 35 45 43 35 32 30 28 26 25 24 27 39 33 28 33 33 27 24 25 23 20 19 25 24 21 20 22 23 26 25 29 19 17 17 18 17 20 24 26 27 26 25 18
18 18 20 25 20 25 31 27 30 37 45 44 35 39 35 35 35 26 24 28 31 35 39 38 37 30 25 36 39 31 39 38 38 37 32 33 38 35 32 27 26 27 31 29 29 34 41 40 36 30 30 30 32 34 42 43 35 34 33 32 29 32 28 24 33 33 28 25 30 36 32 27 24 21 23 24 30 27 20 19 18 22 25 22 18 19 16 17 17 16 17 19 20 25 29 26
21 22 21 22 20 22 21 23 27 40 47 43 41 28 30 32 35 32 31 29 36 38 41 41 36 29 24 33 38 30 33 30 34 37 34 36 36 38 36 30 30 26 28 29 28 31 33 36 36 32 30 30 29 34 37 42 37 32 33 38 29 26 30 29 36 37 33 25 24 31 28 28 27 22 22 28 26 22 18 17 17 18 17 18 17 17 17 17 17 19 18 16 17 20 27 26
21 23 22 24 22 28 22 22 25 39 37 38 34 30 28 28 32 34 41 41 43 41 41 42 40 33 35 29 39 34 35 37 35 34 31 31 27 31 37 33 36 32 30 29 29 29 32 33 32 31 30 30 29 29 32 37 34 32 32 39 38 34 28 31 36 37 32 27 25 30 29 29 32 25 24 25 26 18 16 16 16 16 17 17 18 21 19 21 21 23 23 25 19 18 17 17
28 30 30 28 22 25 24 25 26 43 43 38 34 33 37 30 36 36 36 30 36 40 35 35 39 40 38 35 35 34 35 41 37 37 34 30 34 30 31 35 36 37 35 33 33 32 35 37 37 33 29 28 30 31 37 39 36 31 26 27 34 35 26 29 38 40 33 28 30 33 26 28 33 31 26 22 19 19 20 18 18 18 19 19 18 18 18 20 20 22 23 25 21 18 15 15
