Artocarpus hirsutus SDM files/MIS19/Environmental layers/bio1.asc
ncols  625
nrows  721
xllcorner  69.99986311115
yllcorner  5.99986187915
cellsize 0.041666667
NODATA_value  -9999
[rows 78 to 116 of 721, columns 89 to 177 of 625]
209 210 211 211 210 210 210 210 209 209 209 209 209 209 209 209 209 210 211 211 210 210 210 209 209 208 205 197 204 202 199 192 189 195 191 165 167 173 159 134 121 130 127 108 89 87 59 55 38 69 109 79 55 94 101 90 95 113 127 117 81 61 65 30 -2 40 -8 12 11 17 -1 -8 2 -53 -71 -59 -35 -42 -68 -62 -77 -53 -33 -66 -56 -30 -61 -61 -71
213 212 212 212 211 211 211 211 210 210 211 210 210 210 210 210 210 210 211 211 211 211 210 210 210 209 208 206 200 187 195 196 188 184 189 186 168 148 143 124 112 120 152 135 103 108 104 89 92 100 120 97 92 84 99 118 131 140 107 76 85 95 67 28 -17 10 39 20 4 -1 35 24 -12 -45 -42 -12 -43 -66 -71 -71 -79 -56 -23 -52 -27 -40 -49 -74 -78
213 213 213 212 212 212 212 212 211 211 211 211 211 211 211 211 210 211 212 212 211 211 211 211 210 210 209 208 203 195 195 196 196 192 187 183 182 179 169 153 154 150 165 143 126 131 131 128 99 104 131 125 124 107 130 141 156 134 95 73 52 51 55 44 0 -34 -14 -28 -44 -20 -1 34 8 -8 0 -41 -54 -40 -64 -50 -73 -59 -42 -14 -17 -67 -77 -73 -74
214 214 213 213 213 213 212 212 212 212 212 212 212 212 212 212 212 212 212 212 212 211 211 211 210 210 209 209 207 203 199 195 199 199 198 195 189 186 183 180 178 176 179 172 161 148 143 146 115 100 114 117 147 147 121 157 144 125 103 101 80 45 27 -6 -3 -45 -19 -18 -39 -37 -21 -2 8 24 20 21 -2 -19 -60 -31 -65 -63 -38 -7 -9 -42 -66 -83 -86
214 214 214 213 213 213 213 213 213 213 213 213 213 213 213 213 213 212 212 212 212 211 211 211 210 210 209 209 208 207 204 200 201 202 202 200 198 195 189 181 176 181 187 187 181 177 165 157 144 150 157 163 175 161 155 155 156 155 128 128 114 94 61 9 -18 -25 14 33 2 -51 -53 -30 -46 -35 -25 -1 17 24 -20 -12 -45 -35 0 -40 -46 -27 -38 -65 -87
215 214 214 214 214 214 214 214 214 213 213 213 213 213 213 213 213 213 212 212 212 211 211 211 210 210 210 210 209 208 207 205 204 204 199 193 194 196 191 193 189 184 186 181 185 181 182 165 162 164 176 183 164 142 135 112 123 150 139 101 106 88 36 32 37 15 60 12 -6 -38 -40 -55 -56 -58 -54 -27 -37 -7 22 11 8 0 -38 -75 -65 -47 -60 -59 -84
215 215 215 215 214 214 214 214 214 214 214 214 214 213 213 213 213 213 213 212 212 212 211 211 211 211 210 210 209 208 208 207 207 205 204 202 200 197 195 196 191 196 193 184 174 171 184 190 188 187 186 188 165 140 105 80 97 124 142 110 72 88 63 73 65 46 72 10 -24 -2 4 -33 -40 -22 -45 -53 -64 -13 21 5 -10 -36 -41 -31 -36 -52 -54 -75 -91
215 215 215 215 215 215 214 214 214 214 214 214 214 214 214 213 213 213 213 212 212 212 212 211 211 211 211 210 210 209 209 208 207 207 207 207 206 204 202 199 196 200 187 187 183 184 184 187 194 194 191 184 174 147 132 114 94 86 106 132 119 121 118 93 73 95 94 54 41 56 29 30 19 -17 -31 -54 -38 -34 -10 -26 -10 7 7 -45 -58 -52 -47 -59 -78
215 215 215 215 215 215 215 215 215 214 214 214 214 214 214 213 213 213 213 213 213 212 212 212 212 211 211 210 210 210 209 209 208 208 208 209 209 208 206 206 205 204 199 195 189 190 191 193 193 190 191 188 180 166 157 144 114 90 69 81 88 74 99 100 101 66 99 73 72 52 34 0 16 -5 -40 -39 -67 -52 -41 -63 -68 -17 0 0 -15 -29 -25 -45 -72
216 216 216 215 215 215 215 215 215 214 214 214 214 214 214 214 213 213 213 213 213 213 213 212 212 212 211 211 211 210 210 210 209 209 209 210 209 209 209 208 207 207 206 204 202 199 200 199 196 190 188 191 187 179 166 154 126 95 81 51 39 25 43 62 68 36 84 61 20 -8 -26 -35 -15 -40 -15 -20 -37 -56 -53 -42 -57 -37 -20 -35 -11 4 -29 -60 -68
216 216 216 216 216 215 215 215 215 215 215 214 214 214 214 214 214 214 213 213 213 213 213 213 212 212 212 211 211 211 210 210 210 210 210 211 210 209 210 210 210 209 209 208 207 205 203 200 192 189 195 189 188 184 170 152 143 134 88 74 67 32 -3 4 0 53 76 84 68 12 -45 -13 -16 -29 9 11 -20 -8 -22 -41 -35 5 23 1 0 -24 -8 -42 -44
216 216 216 216 216 216 215 215 215 215 215 215 214 214 214 214 214 214 214 213 213 213 213 213 213 212 212 212 211 211 211 211 211 211 211 211 211 210 211 211 211 210 210 209 208 207 206 203 199 198 197 192 190 187 181 165 169 153 126 120 90 61 57 2 -5 19 26 49 81 54 24 48 41 38 38 11 -27 -33 -44 -59 -53 -29 38 49 0 -22 -37 -16 -16
217 217 216 216 216 216 216 215 215 215 215 215 215 214 214 214 214 214 214 214 214 214 213 213 213 213 212 212 212 212 212 212 212 212 211 212 211 211 211 212 211 211 211 210 209 208 207 205 203 200 197 196 192 189 185 182 181 169 159 146 138 121 106 59 21 -8 -25 11 27 44 59 58 1 -6 -17 13 0 -26 -42 -51 -26 -10 43 64 15 7 -25 -34 -59
217 217 217 216 216 216 216 216 216 215 215 215 215 215 215 215 215 214 214 214 214 214 214 213 213 213 213 213 212 212 212 212 212 212 212 212 212 212 212 212 212 212 211 211 210 209 208 204 203 201 199 196 194 190 189 187 188 182 175 170 162 155 134 119 88 59 3 -31 -14 4 41 45 3 -39 -36 -20 -20 -22 -27 -44 -20 11 31 79 40 -9 -19 -40 -69
217 217 217 217 217 216 216 216 216 216 215 215 215 215 215 215 215 215 214 214 214 214 214 214 214 213 213 213 213 213 213 213 213 212 213 213 213 212 212 212 212 212 212 211 211 210 210 208 203 198 195 194 193 196 194 192 190 185 182 181 180 173 160 153 135 105 95 57 43 7 12 28 -4 -4 -23 -19 -4 -19 -34 -22 -23 21 34 85 46 1 -24 -43 -72
218 217 217 217 217 216 216 216 216 216 216 215 215 215 215 215 215 215 215 215 214 214 214 214 214 214 213 213 213 213 213 213 213 213 213 213 213 213 213 213 212 212 212 211 211 211 210 210 207 202 198 192 192 198 199 196 190 190 185 185 180 179 172 165 161 149 133 119 107 75 72 68 44 28 -12 29 20 -2 -21 32 34 51 89 83 30 -19 -34 -33 -32
218 218 217 217 217 217 217 216 216 216 216 216 216 215 215 215 215 215 215 215 215 214 214 214 214 214 214 214 214 214 213 213 213 213 213 213 213 213 213 213 213 212 212 212 212 213 212 212 210 208 202 198 194 198 201 200 197 192 191 184 180 182 179 174 167 158 156 149 142 130 130 109 72 58 42 61 36 -8 -3 23 72 83 107 70 35 6 12 0 -37
218 218 218 218 217 217 217 217 217 216 216 216 216 216 216 216 215 215 215 215 215 215 215 215 214 214 214 214 214 214 214 214 213 213 213 213 213 213 213 213 213 212 212 213 213 213 213 212 211 211 208 203 198 198 202 202 201 197 188 187 186 183 179 174 166 165 163 159 155 157 154 137 101 76 80 79 46 20 43 20 57 88 101 43 26 41 7 28 -21
218 218 218 218 217 217 217 217 217 217 216 216 216 216 216 216 216 216 215 215 215 215 215 215 215 214 214 214 214 214 214 214 213 213 213 213 213 213 213 213 212 212 213 214 213 213 213 212 211 211 210 204 203 200 202 203 202 199 195 194 190 188 183 178 172 168 171 169 164 162 163 150 138 121 95 93 64 59 47 71 40 81 102 43 78 78 80 68 40
219 219 218 218 218 218 217 217 217 217 217 217 216 216 216 216 216 216 216 216 215 215 215 215 215 215 214 214 214 214 214 214 214 214 213 213 213 213 213 212 212 212 214 214 214 213 213 212 210 210 210 208 207 202 203 203 203 203 200 193 190 181 183 178 173 177 176 175 167 156 165 168 147 152 136 109 102 80 48 89 91 103 99 84 104 70 61 47 21
219 219 219 218 218 218 218 217 217 217 217 217 217 216 216 216 216 216 216 216 216 215 215 215 215 215 215 214 214 214 214 214 214 213 213 213 213 213 213 213 213 213 214 214 214 213 213 212 210 206 206 202 206 205 200 201 200 201 202 197 196 189 176 176 175 181 180 180 177 172 161 170 159 145 154 131 111 106 82 69 91 114 96 107 64 40 18 23 -15
219 219 219 219 218 218 218 218 218 217 217 217 217 217 217 217 216 216 216 216 216 216 215 215 215 215 215 214 214 214 214 214 214 213 213 213 213 213 213 213 213 213 214 214 214 214 213 213 211 204 198 192 196 203 197 191 186 188 197 202 198 197 181 179 180 178 186 185 187 186 180 173 167 139 158 138 139 119 110 71 87 113 132 99 70 42 51 46 -1
220 219 219 219 219 218 218 218 218 218 217 217 217 217 217 217 217 216 216 216 216 216 215 215 215 215 215 214 214 214 214 214 214 213 213 213 213 213 213 213 213 213 214 214 214 214 214 213 212 209 200 190 190 197 197 185 174 178 184 194 198 198 196 176 181 186 185 189 182 176 180 173 175 165 152 158 141 130 125 113 79 96 128 121 112 97 73 40 30
220 220 219 219 219 219 219 218 218 218 218 218 217 217 217 217 217 217 216 216 216 216 216 215 215 215 215 214 214 214 214 214 214 214 214 214 213 213 213 213 213 213 213 214 215 215 214 213 212 210 206 200 197 194 195 190 180 174 178 185 193 198 199 192 183 187 191 184 179 173 168 163 167 171 154 161 157 147 135 126 105 94 110 133 89 78 66 71 54
220 220 220 219 219 219 219 219 218 218 218 218 218 218 217 217 217 217 216 216 216 216 216 215 215 215 215 214 214 214 214 214 214 214 214 214 214 213 213 213 213 213 213 214 215 215 214 214 212 211 208 205 200 197 193 195 190 185 185 182 184 192 198 197 196 189 181 183 175 168 166 165 174 163 130 145 154 156 143 130 98 77 76 127 100 116 107 92 82
220 220 220 220 219 219 219 219 219 219 218 218 218 218 218 217 217 217 217 217 216 216 216 215 215 215 215 215 214 214 214 214 214 214 214 214 214 214 214 213 213 213 213 215 215 215 215 214 213 211 209 207 203 199 194 197 197 192 191 189 183 186 192 196 194 192 179 178 175 166 163 162 164 164 137 128 147 156 144 146 112 102 96 117 128 94 78 49 50
221 221 220 220 220 220 219 219 219 219 219 218 218 218 218 217 217 217 217 216 216 216 216 215 215 215 215 215 215 214 214 214 214 214 214 214 214 214 214 214 214 214 214 215 215 215 215 214 213 212 211 209 206 202 199 196 201 200 196 193 190 185 187 192 192 190 184 178 175 169 164 163 166 152 143 131 156 163 153 136 152 135 122 113 92 118 101 72 68
221 221 221 220 220 220 220 220 219 219 219 219 218 218 218 218 217 217 217 216 216 216 216 216 215 215 215 215 215 215 214 214 214 214 214 214 214 214 214 214 214 214 215 215 215 215 215 214 214 213 212 210 208 206 201 196 200 203 201 196 195 185 190 185 188 186 185 182 178 173 169 172 172 150 135 146 164 165 150 128 149 133 102 68 62 81 113 107 93
221 221 221 221 220 220 220 220 220 219 219 219 218 218 218 218 217 217 217 216 216 216 216 216 216 215 215 215 215 215 215 214 214 214 214 214 214 214 214 214 215 215 215 215 215 215 215 214 214 213 212 211 210 208 205 200 197 201 204 202 199 194 187 192 181 184 178 176 175 170 171 176 177 158 142 158 171 172 155 130 143 116 120 93 67 66 87 86 46
222 221 221 221 221 220 220 220 220 219 219 219 219 218 218 217 217 217 217 217 216 216 216 216 216 216 215 215 215 215 215 214 214 214 214 214 214 214 214 215 215 215 215 215 215 215 215 214 214 214 213 212 211 210 209 205 198 200 205 205 204 201 194 194 191 179 178 172 174 174 173 178 181 169 145 159 171 171 154 135 122 102 97 97 74 58 64 64 54
222 222 221 221 221 221 220 220 220 220 219 219 219 218 218 218 217 217 217 217 217 217 216 216 216 216 215 215 215 215 215 214 215 214 214 214 214 214 215 215 215 215 215 215 215 215 215 215 214 214 214 213 212 211 210 208 203 197 203 207 206 204 199 192 198 185 182 179 179 180 179 182 179 165 136 157 162 160 137 103 108 84 71 71 81 54 61 57 66
222 222 222 221 221 221 221 220 220 220 220 219 219 218 218 218 218 217 217 217 217 217 216 216 216 216 216 215 215 215 215 215 215 215 215 215 214 215 215 215 215 215 215 215 215 215 215 215 215 214 214 214 213 212 211 210 207 200 201 206 208 207 203 196 187 198 186 183 183 187 178 184 175 164 160 163 145 142 130 98 67 76 54 55 68 79 97 93 82
223 222 222 222 221 221 221 221 220 220 220 219 219 219 218 218 218 218 217 217 217 217 216 216 216 216 216 216 215 215 215 215 215 215 215 215 215 215 215 215 215 215 215 215 215 215 215 215 215 215 214 214 214 213 212 211 210 206 201 200 206 208 206 202 196 195 197 188 186 190 188 183 181 177 187 178 153 145 135 107 89 81 87 88 78 77 102 123 115
223 223 222 222 222 221 221 221 221 220 220 219 219 219 219 218 218 218 217 217 217 217 217 216 216 216 216 216 215 215 215 215 215 215 215 216 216 215 216 216 215 215 215 215 215 215 215 215 215 215 215 215 214 214 213 212 211 209 202 197 201 209 208 208 206 196 195 196 188 191 191 186 190 189 184 181 160 126 121 101 114 115 115 115 120 111 117 116 135
223 223 222 222 222 221 221 221 221 220 220 220 219 219 219 218 218 218 218 217 217 217 217 217 216 216 216 216 216 215 215 215 215 215 215 216 216 216 216 215 215 215 215 215 215 215 215 215 215 215 215 215 215 214 214 213 212 211 206 199 200 208 210 210 207 203 194 194 194 189 193 187 190 183 175 168 169 160 125 112 136 129 117 124 137 107 122 146 144
223 223 222 222 222 222 221 221 221 220 220 220 220 219 219 219 218 218 218 217 217 217 217 217 217 216 216 216 216 216 215 215 215 216 216 216 216 216 216 215 215 215 215 215 215 215 215 215 216 216 215 215 215 215 215 214 214 212 210 200 201 204 210 211 211 209 206 187 190 190 187 196 189 179 175 166 151 144 161 140 143 119 121 123 128 126 127 142 110
224 223 223 222 222 222 221 221 221 220 220 220 220 219 219 219 218 218 218 218 218 217 217 217 217 216 216 216 216 216 215 215 216 216 216 216 216 216 216 215 215 215 215 215 215 215 215 215 215 215 216 216 216 216 215 215 215 214 213 207 202 200 203 211 212 211 210 206 198 191 186 188 190 184 175 165 165 145 138 155 165 149 134 146 143 155 148 129 85
224 223 223 223 222 222 221 221 221 220 220 220 220 219 219 219 219 218 218 218 218 217 217 217 217 216 216 216 216 216 216 216 216 216 216 216 216 216 216 215 215 215 215 215 215 215 215 215 215 215 215 215 216 216 216 216 216 216 215 214 209 206 202 207 212 212 212 212 210 202 191 179 166 183 170 144 145 139 142 157 161 165 165 159 134 114 111 88 78
224 223 223 222 222 222 222 221 221 221 220 220 220 220 219 219 219 218 218 218 218 218 217 217 217 217 217 216 216 216 216 216 216 216 216 216 216 216 215 215 215 215 215 215 215 215 215 215 215 215 215 215 215 215 216 216 216 216 216 215 214 212 208 205 208 212 213 213 213 209 205 192 172 171 169 150 129 137 148 147 139 139 136 125 130 90 95 99 89
