Artocarpus altilis SDM files/Last glacial maximum/Environmental layers/bio18.asc
ncols  1201
nrows  481
xllcorner  119.958333335783
yllcorner  -15.041666666017
cellsize 0.041666666667
NODATA_value  -9999
[rows 315 to 349 of 481, columns 480 to 559 of 1201]
209 203 200 203 200 205 201 192 192 195 197 193 190 191 196 202 200 205 273 671 743 739 748 746 755 769 751 772 775 772 761 778 779 779 772 780 791 768 744 781 789 784 764 771 754 792 771 779 751 745 721 757 747 762 757 754 746 719 704 736 705 744 777 837 887 955 950 1003 1003 1013 1019 1010 1030 1011 1014 1051 1038 1047 1060 1081
203 203 203 203 198 197 193 191 188 186 185 185 190 194 198 198 199 201 205 223 614 737 760 756 765 776 752 755 777 777 771 771 789 782 791 794 796 774 757 771 799 787 781 771 766 786 777 744 727 734 711 740 729 726 703 698 709 711 689 702 698 737 737 736 743 827 881 965 972 989 1005 986 1010 1043 1051 1047 1042 1068 1056 1066
196 199 200 199 197 189 187 187 189 188 183 187 192 191 190 194 196 201 200 202 224 590 754 754 758 762 770 776 779 778 781 788 778 778 776 777 774 775 781 792 796 782 762 758 763 757 783 753 720 731 736 730 716 705 724 694 727 719 677 710 739 737 712 715 713 719 723 767 832 945 988 977 1012 1025 1047 1054 1048 1038 1035 1062
189 190 193 193 190 186 184 184 183 182 179 184 186 188 190 191 193 199 196 192 200 205 534 762 752 752 754 754 761 764 768 770 774 786 793 803 793 776 789 802 794 797 764 756 749 745 752 746 701 732 711 712 702 695 715 726 722 713 678 707 703 684 683 687 686 688 710 711 724 738 775 849 936 996 1017 1044 1060 1053 1044 1047
186 184 185 187 190 189 183 178 180 179 179 178 177 180 186 186 184 185 187 196 201 202 204 537 757 757 742 748 754 766 762 772 770 778 799 801 780 776 781 791 773 787 734 727 733 733 707 711 714 735 726 688 672 692 704 708 691 702 685 695 686 681 664 653 654 673 666 683 702 731 731 741 751 756 809 866 907 983 1027 987
184 181 180 180 181 184 183 181 179 178 173 175 173 173 177 180 181 183 189 194 197 201 205 205 488 742 743 748 751 763 760 759 771 773 802 787 796 783 787 789 797 782 759 755 759 725 713 715 705 697 696 679 663 688 703 690 692 678 672 672 658 655 659 672 682 672 659 669 675 685 696 706 704 706 717 714 720 732 760 800
182 179 177 175 175 175 178 181 179 177 174 173 170 173 177 178 178 184 192 192 195 197 199 203 210 422 737 744 760 759 762 773 777 777 783 809 785 790 785 794 777 783 775 779 756 744 717 718 684 690 717 663 665 678 693 693 675 674 663 658 659 653 651 679 702 651 645 650 678 681 678 659 697 728 743 709 710 685 696 727
180 178 176 173 171 170 171 175 178 174 173 169 170 172 175 177 181 188 189 192 195 199 201 206 216 212 421 745 752 755 769 768 773 775 763 782 777 797 775 771 785 775 762 768 761 751 721 740 685 697 690 668 657 665 650 682 679 670 654 642 652 650 641 668 712 662 641 670 694 688 674 681 694 691 690 699 706 711 734 735
177 175 173 171 170 168 166 167 170 172 171 168 168 172 174 177 182 185 186 189 195 198 201 204 208 206 209 425 741 762 769 773 768 767 777 787 769 781 779 773 761 761 765 758 753 753 741 727 698 721 727 651 656 663 650 681 696 671 651 627 655 636 643 659 665 657 655 698 715 686 701 710 685 695 695 738 730 736 730 734
175 173 172 170 168 166 164 164 166 168 171 169 166 169 173 176 180 182 185 188 192 196 199 202 207 205 208 211 430 755 764 763 763 778 773 781 778 791 767 766 765 778 753 760 756 757 734 723 714 713 690 650 667 658 667 650 675 662 631 621 641 673 686 704 704 669 628 637 671 651 671 721 724 718 699 714 736 741 711 711
173 171 169 168 166 165 164 163 163 165 167 169 166 168 170 173 177 180 184 186 190 194 198 199 208 208 210 211 208 524 757 759 778 771 762 775 773 796 769 756 753 738 748 763 746 730 705 699 698 693 665 658 649 661 660 652 657 645 620 636 639 643 639 635 630 624 623 660 674 662 688 711 735 729 701 739 752 727 730 697
171 169 168 166 165 163 163 161 162 163 164 165 166 165 168 171 175 178 182 186 189 193 197 197 207 206 209 209 210 220 550 766 775 775 774 783 773 787 773 791 742 716 734 742 722 717 694 694 682 671 680 670 650 664 663 657 660 635 631 644 644 629 645 653 640 614 644 646 644 696 679 689 729 727 739 749 749 736 740 736
170 168 165 164 163 162 161 161 160 161 161 162 161 162 167 170 175 179 181 183 188 192 190 190 196 203 206 206 207 218 217 538 769 769 770 776 777 772 771 780 712 710 724 736 720 712 695 698 682 668 667 644 634 625 636 642 632 634 644 635 640 628 641 651 631 621 652 636 634 689 703 697 732 752 759 738 729 748 745 749
168 166 164 163 162 160 160 159 159 159 159 161 162 163 166 170 173 175 179 183 188 186 192 197 202 206 206 206 207 215 212 218 590 763 766 761 758 779 776 740 699 741 731 723 719 711 696 689 666 672 661 637 626 616 614 638 636 626 625 634 632 619 633 647 624 632 687 630 642 696 711 709 723 725 729 738 718 731 768 740
168 166 164 162 160 159 158 158 158 159 159 159 161 162 164 168 173 177 177 180 188 186 194 198 202 203 202 205 208 211 208 216 240 639 768 760 758 764 713 713 732 728 714 704 694 688 683 670 646 652 639 639 625 611 591 617 616 610 610 614 617 615 625 633 642 663 649 623 670 707 712 716 704 716 718 720 717 741 737 729
167 165 163 161 160 158 158 157 157 156 157 158 159 160 162 168 171 174 177 183 187 186 190 195 197 199 201 204 206 208 211 212 217 243 625 736 746 741 709 736 722 714 707 686 680 669 671 661 632 631 628 619 611 603 588 618 622 612 610 611 609 604 625 630 643 656 644 659 676 688 700 719 699 717 705 708 726 727 716 733
166 164 162 160 160 157 157 156 156 156 156 158 158 159 160 166 173 171 176 181 183 184 189 192 195 199 198 201 202 208 205 207 215 211 250 671 727 728 719 720 704 708 695 677 675 666 650 639 625 617 606 607 592 584 574 575 599 599 597 601 612 613 621 629 640 651 667 669 677 698 698 664 675 663 705 726 703 715 706 713
166 164 162 160 158 157 156 155 155 155 156 156 157 159 159 162 167 170 173 175 178 182 185 191 194 194 196 201 200 203 202 206 213 203 211 270 670 734 713 698 702 701 683 668 664 654 633 634 611 610 589 587 589 573 564 560 574 584 581 589 595 601 604 622 630 644 660 652 666 680 668 672 687 696 709 705 717 703 709 715
166 164 161 159 158 157 156 155 155 155 155 156 156 159 159 160 162 166 171 172 175 179 182 186 188 191 196 198 197 200 203 202 205 203 206 203 320 654 706 697 687 685 672 662 668 645 631 619 596 584 582 572 564 560 547 554 551 564 566 563 576 591 589 596 611 607 624 628 640 636 672 686 686 715 695 729 732 705 702 701
165 163 161 160 159 157 157 155 155 155 155 155 156 157 159 159 161 163 168 170 174 176 180 183 184 187 191 195 198 201 203 198 199 200 202 198 199 372 631 707 696 687 686 672 653 638 633 607 582 585 583 569 560 562 547 553 548 555 558 552 560 584 585 585 586 590 597 612 634 643 668 669 680 692 696 735 724 694 703 705
165 163 161 160 158 156 156 155 154 155 155 155 156 158 158 159 161 162 166 169 174 173 175 179 181 184 191 194 198 200 200 196 198 197 198 198 199 261 395 563 688 684 667 665 650 640 622 606 590 585 579 563 559 554 547 537 538 536 539 540 545 558 566 577 583 589 596 634 648 661 681 688 697 705 711 706 710 701 713 720
165 164 162 160 158 157 156 155 154 154 154 155 155 158 158 159 161 163 166 170 173 178 178 180 178 183 187 192 192 191 190 191 191 194 193 192 195 197 347 394 519 650 671 656 649 634 621 603 595 590 576 560 554 561 535 536 534 533 533 536 549 557 561 574 582 577 596 627 650 656 668 686 693 690 688 685 707 711 735 719
166 164 162 160 158 157 156 155 154 154 154 154 155 157 158 159 161 163 166 169 172 173 183 184 184 183 183 186 187 187 188 188 188 187 187 192 193 191 241 399 406 549 623 661 659 640 629 614 607 601 576 572 562 568 531 545 539 532 535 545 549 555 567 574 597 576 611 622 638 650 672 699 676 684 704 713 707 681 699 691
166 163 162 160 159 157 156 156 155 154 154 154 155 157 157 159 160 163 165 168 169 171 174 178 179 178 181 184 185 185 185 185 185 189 190 190 189 187 189 346 399 408 542 580 615 638 627 618 611 604 584 587 578 574 540 549 546 542 546 548 549 558 572 582 565 582 614 611 626 649 669 678 698 685 678 674 686 680 711 726
166 164 162 160 159 157 156 155 155 154 154 154 154 156 157 159 160 162 163 165 167 168 170 173 174 174 179 184 186 185 185 189 190 184 184 183 184 184 183 259 396 395 403 535 580 583 630 632 618 614 606 603 598 573 550 561 560 558 558 554 549 560 569 574 570 587 612 610 624 634 647 673 661 659 675 685 696 697 736 732
166 164 163 161 159 157 156 155 155 154 154 155 155 156 156 158 159 160 161 162 163 167 169 171 173 175 172 182 187 190 190 185 179 178 177 176 174 179 180 178 363 397 397 398 536 586 585 598 634 622 618 577 562 566 552 553 567 558 553 552 549 561 567 572 571 580 597 613 617 647 653 646 654 662 670 682 690 709 706 711
167 165 163 161 159 158 157 156 155 155 155 155 155 156 156 157 158 159 159 160 162 165 167 169 171 172 170 172 181 180 176 174 176 173 172 171 171 170 168 168 260 377 377 378 386 513 554 553 560 602 609 575 558 571 571 545 561 557 555 547 556 563 569 574 575 588 603 611 627 628 624 641 651 662 673 666 668 677 669 695
167 165 163 161 160 159 157 156 156 155 155 155 155 155 155 156 156 158 158 159 161 163 165 166 167 167 168 167 167 167 171 172 171 169 166 166 165 164 162 160 177 363 374 375 376 402 549 564 561 562 561 594 616 617 611 604 571 555 553 550 548 566 571 580 587 599 616 615 615 625 634 650 650 658 654 665 688 709 706 697
167 165 163 162 160 158 157 156 156 155 154 154 155 155 155 155 156 156 156 158 160 162 163 164 165 165 166 166 166 166 168 167 167 164 160 162 159 159 157 156 153 290 369 366 367 369 391 562 570 572 573 596 626 618 608 598 595 587 582 576 572 573 588 599 611 604 601 606 607 623 641 655 645 644 661 692 703 721 719 696
167 166 164 162 160 159 158 157 156 156 155 154 154 154 155 155 155 155 156 158 160 160 161 162 162 163 163 163 164 164 164 163 161 156 156 153 152 150 149 149 147 191 362 359 360 360 361 425 586 586 589 586 601 644 636 628 620 610 602 598 590 586 570 565 571 576 592 609 626 639 651 656 649 649 689 697 695 720 711 698
168 166 164 162 161 160 158 158 156 155 155 154 154 154 154 154 155 155 155 156 157 158 159 159 160 161 161 161 161 160 159 158 152 152 148 147 147 147 145 142 139 139 328 354 358 361 361 363 478 601 598 596 593 599 652 652 644 637 628 621 604 606 590 608 623 633 645 643 643 652 657 659 656 665 678 690 707 739 710 697
168 166 164 163 162 159 159 157 156 155 155 155 153 153 154 154 154 154 154 155 157 157 157 157 158 158 158 157 157 155 155 152 148 146 143 143 141 140 137 137 135 133 245 351 353 355 357 359 360 532 611 608 605 604 614 674 675 664 655 644 631 647 629 636 636 642 644 641 655 665 666 669 671 681 690 706 730 739 708 707
168 166 164 163 161 160 159 157 157 156 155 155 153 153 153 153 153 153 153 154 154 154 155 155 156 156 155 154 152 151 149 145 142 138 137 136 135 134 134 135 131 129 154 347 349 350 350 352 353 363 586 615 614 617 615 624 692 693 683 673 662 660 657 651 645 651 657 663 667 675 673 680 687 689 697 716 748 729 714 722
168 166 165 163 161 160 159 158 156 156 154 154 154 153 152 152 152 151 151 153 153 153 153 153 154 153 152 149 147 145 142 138 135 134 134 133 131 130 132 129 125 123 122 314 342 342 343 345 344 343 403 633 633 627 625 628 639 712 715 707 696 679 684 673 673 672 672 676 676 684 687 694 705 712 713 732 757 728 719 727
168 166 165 163 162 160 158 158 156 156 154 154 154 152 152 152 151 150 150 150 150 151 151 151 151 150 146 143 142 141 139 133 132 131 129 128 126 126 123 121 119 117 115 245 334 335 336 337 339 335 338 501 653 654 645 658 663 655 743 742 729 709 712 706 700 698 698 698 700 703 708 711 723 726 726 741 762 729 726 733
