Artocarpus altilis SDM files/Last glacial maximum/Environmental layers/bio18.asc
ncols  1201
nrows  481
xllcorner  119.958333335783
yllcorner  -15.041666666017
cellsize 0.041666666667
NODATA_value  -9999
[rows 350 to 384 of 481, columns 160 to 239 of 1201]
-9999 -9999 -9999 -9999 -9999 -9999 -9999 -9999 -9999 -9999 -9999 -9999 -9999 -9999 -9999 -9999 -9999 -9999 -9999 -9999 -9999 -9999 -9999 -9999 -9999 -9999 -9999 -9999 -9999 -9999 -9999 -9999 -9999 -9999 -9999 223 224 228 231 238 242 245 246 249 244 234 249 249 250 252 253 253 247 256 271 276 254 -9999 -9999 -9999 -9999 -9999 -9999 -9999 -9999 -9999 -9999 -9999 -9999 -9999 -9999 -9999 -9999 -9999 -9999 -9999 -9999 -9999 -9999 -9999
-9999 -9999 -9999 -9999 -9999 -9999 -9999 -9999 -9999 -9999 -9999 -9999 -9999 -9999 -9999 -9999 -9999 -9999 -9999 -9999 -9999 -9999 -9999 -9999 -9999 -9999 -9999 -9999 -9999 -9999 -9999 -9999 -9999 -9999 226 229 233 240 244 245 246 247 246 251 249 236 268 249 257 257 255 256 255 262 269 306 260 257 -9999 -9999 -9999 -9999 -9999 274 -9999 -9999 -9999 -9999 -9999 -9999 -9999 -9999 -9999 -9999 -9999 -9999 -9999 -9999 -9999 -9999
-9999 -9999 -9999 -9999 -9999 -9999 -9999 -9999 -9999 -9999 -9999 -9999 -9999 -9999 -9999 -9999 -9999 -9999 -9999 -9999 -9999 -9999 -9999 -9999 -9999 -9999 -9999 -9999 -9999 -9999 -9999 -9999 227 228 234 241 243 246 248 247 250 252 251 256 253 252 257 247 266 261 266 263 259 264 270 286 246 262 314 -9999 276 -9999 -9999 280 -9999 286 286 -9999 -9999 -9999 -9999 -9999 -9999 -9999 -9999 -9999 -9999 -9999 -9999 -9999
-9999 -9999 -9999 -9999 -9999 -9999 -9999 -9999 -9999 -9999 -9999 -9999 -9999 -9999 -9999 -9999 -9999 -9999 -9999 -9999 -9999 -9999 -9999 -9999 -9999 -9999 -9999 -9999 -9999 -9999 -9999 227 233 241 247 250 249 250 252 249 253 256 258 260 260 264 246 258 272 267 273 269 265 269 285 301 261 284 285 279 281 -9999 -9999 -9999 -9999 -9999 -9999 -9999 -9999 -9999 -9999 -9999 -9999 -9999 -9999 -9999 -9999 -9999 -9999 -9999
-9999 -9999 -9999 -9999 -9999 -9999 -9999 -9999 -9999 -9999 -9999 -9999 -9999 -9999 -9999 -9999 -9999 -9999 -9999 -9999 -9999 -9999 -9999 -9999 -9999 -9999 -9999 -9999 -9999 226 230 242 242 248 249 252 250 250 253 255 257 261 266 261 258 278 262 275 282 278 278 282 275 275 277 274 269 284 295 269 281 295 -9999 -9999 -9999 -9999 -9999 -9999 -9999 -9999 -9999 -9999 -9999 -9999 -9999 -9999 -9999 -9999 -9999 -9999
-9999 -9999 -9999 -9999 -9999 -9999 -9999 -9999 -9999 -9999 -9999 -9999 -9999 -9999 -9999 -9999 -9999 -9999 -9999 -9999 -9999 -9999 -9999 -9999 -9999 -9999 -9999 -9999 -9999 234 242 260 246 250 252 252 255 264 255 258 258 263 272 257 250 268 274 277 271 286 286 293 285 285 288 287 283 286 294 316 281 288 302 307 312 -9999 319 319 -9999 -9999 -9999 -9999 -9999 -9999 -9999 -9999 -9999 -9999 -9999 -9999
-9999 -9999 -9999 -9999 -9999 -9999 -9999 -9999 -9999 -9999 -9999 -9999 -9999 -9999 -9999 -9999 -9999 -9999 -9999 -9999 -9999 -9999 -9999 -9999 -9999 -9999 -9999 -9999 -9999 248 246 248 247 247 254 258 260 262 265 265 265 266 273 278 281 261 299 251 286 281 291 296 296 289 288 295 295 298 300 325 298 302 305 328 333 325 324 328 -9999 341 362 -9999 -9999 -9999 -9999 -9999 -9999 -9999 -9999 -9999
-9999 -9999 -9999 -9999 -9999 -9999 -9999 -9999 -9999 -9999 -9999 -9999 -9999 -9999 -9999 -9999 -9999 -9999 -9999 -9999 -9999 -9999 -9999 -9999 -9999 -9999 -9999 -9999 236 241 246 250 250 255 258 262 264 268 269 269 269 268 276 282 282 267 299 265 280 286 297 302 307 304 298 297 300 318 302 310 296 305 312 342 329 316 339 346 339 368 405 352 -9999 -9999 -9999 -9999 -9999 -9999 -9999 -9999
-9999 -9999 -9999 -9999 -9999 -9999 -9999 -9999 -9999 -9999 -9999 -9999 -9999 -9999 -9999 -9999 -9999 -9999 -9999 -9999 -9999 -9999 -9999 -9999 -9999 -9999 -9999 -9999 247 256 259 258 256 261 264 269 269 273 279 281 281 278 279 285 295 290 274 265 269 301 307 313 317 309 309 302 308 309 308 311 317 321 329 331 330 324 334 345 346 378 418 357 -9999 -9999 -9999 -9999 -9999 -9999 -9999 -9999
-9999 -9999 -9999 -9999 -9999 -9999 -9999 -9999 -9999 -9999 -9999 -9999 -9999 -9999 -9999 -9999 -9999 -9999 -9999 -9999 -9999 -9999 223 226 -9999 -9999 -9999 259 258 260 260 261 263 268 270 272 275 280 287 287 285 287 289 280 299 298 277 267 276 304 320 317 313 317 313 313 316 320 324 323 325 327 363 329 344 342 350 354 360 366 359 339 -9999 -9999 -9999 -9999 -9999 -9999 -9999 -9999
-9999 -9999 -9999 -9999 -9999 -9999 -9999 -9999 -9999 -9999 -9999 -9999 -9999 -9999 -9999 -9999 -9999 212 215 -9999 222 223 243 230 244 -9999 -9999 -9999 258 261 263 265 266 271 278 281 279 283 280 281 287 289 295 287 285 312 301 277 -9999 320 331 327 327 329 319 324 323 331 332 334 334 338 349 338 344 354 366 364 367 375 379 384 394 -9999 -9999 -9999 -9999 -9999 -9999 412
-9999 -9999 -9999 -9999 -9999 -9999 -9999 -9999 -9999 -9999 -9999 -9999 -9999 -9999 -9999 -9999 212 214 217 219 224 235 258 234 248 -9999 -9999 -9999 -9999 -9999 267 269 272 272 283 283 281 282 282 288 287 291 296 293 288 299 308 300 271 322 341 335 332 339 333 334 334 336 334 341 341 347 353 350 356 368 374 375 371 378 391 399 401 405 -9999 402 403 -9999 423 419
-9999 -9999 -9999 190 190 -9999 -9999 -9999 -9999 -9999 -9999 -9999 -9999 -9999 -9999 214 214 222 236 234 241 245 243 247 251 -9999 -9999 -9999 -9999 -9999 -9999 -9999 272 276 281 284 283 286 282 298 293 302 299 300 302 306 312 312 277 329 343 338 344 349 344 335 344 341 344 351 355 351 360 360 369 377 382 381 380 403 413 402 411 415 426 416 417 428 436 436
-9999 183 186 192 205 187 190 -9999 -9999 -9999 -9999 -9999 -9999 -9999 -9999 214 217 232 249 232 241 243 248 248 254 255 -9999 -9999 -9999 -9999 -9999 284 279 278 281 288 287 293 289 287 297 304 311 299 312 301 318 285 288 345 340 346 349 353 343 344 350 348 360 358 364 357 364 368 382 384 390 387 394 429 432 404 421 426 433 438 433 435 437 443
-9999 184 197 191 211 199 184 192 -9999 -9999 -9999 -9999 -9999 -9999 217 223 234 240 241 239 234 244 248 245 254 256 261 264 265 279 280 279 286 288 284 284 294 299 295 293 298 307 313 304 313 309 297 283 294 348 345 347 343 353 353 366 356 355 367 365 359 362 367 373 389 395 399 394 410 419 407 422 431 434 447 452 447 448 449 449
-9999 186 191 194 212 191 186 197 196 207 207 212 214 216 236 232 238 240 243 244 241 248 248 255 257 261 266 274 271 274 281 277 280 287 283 295 301 297 301 307 297 317 313 315 311 313 310 290 302 362 350 354 345 345 361 374 359 370 371 373 367 383 375 384 399 403 409 403 422 417 428 450 433 444 450 469 469 468 473 474
190 195 189 209 193 201 216 205 218 211 216 216 225 229 233 234 239 243 242 246 246 249 256 262 263 259 262 279 271 266 284 278 277 278 281 289 299 294 308 308 302 319 313 325 308 316 313 293 312 377 345 350 347 357 365 362 373 366 372 378 371 397 386 389 412 417 412 406 420 433 440 458 447 458 468 481 482 483 492 490
205 194 185 196 197 203 192 207 213 200 212 218 227 231 234 240 241 244 244 250 249 247 262 265 265 263 265 274 276 277 282 281 280 278 280 305 298 290 304 300 319 308 315 323 315 323 320 295 328 367 332 349 357 362 369 364 381 391 388 372 389 401 399 395 425 423 413 417 430 438 455 461 460 468 494 491 502 503 512 516
196 184 189 207 199 215 211 217 218 222 220 220 227 231 236 242 244 246 250 256 250 254 256 267 267 261 266 261 279 276 282 284 288 284 284 309 294 304 294 298 322 309 322 320 320 323 332 -9999 347 354 350 358 365 375 374 374 391 405 382 379 399 410 407 406 433 423 421 425 439 459 456 463 482 487 514 504 511 516 527 531
-9999 194 199 206 212 214 217 220 222 223 224 227 226 231 235 244 249 248 250 252 245 258 253 269 272 269 267 262 277 285 287 288 291 295 280 313 290 307 300 311 308 317 330 322 327 323 297 328 355 357 363 364 372 378 370 394 400 391 376 402 396 413 412 421 441 432 425 444 440 474 458 476 494 497 528 529 530 530 540 546
185 195 208 213 215 216 220 217 223 224 226 228 229 232 239 249 250 245 250 252 256 263 261 266 273 274 273 262 271 284 294 290 287 297 278 316 289 312 304 302 315 324 329 326 316 293 306 339 349 357 368 373 377 379 385 418 398 386 413 427 403 419 417 435 449 447 449 462 443 504 475 477 504 504 552 552 544 536 563 574
191 202 211 214 218 216 220 219 226 223 227 230 231 234 249 245 240 243 249 253 253 261 263 265 270 271 274 267 268 291 297 287 290 294 283 320 295 303 305 312 325 330 326 317 294 306 321 349 355 364 366 375 377 383 415 410 388 398 418 423 405 412 420 436 455 453 456 466 444 526 485 479 502 520 559 573 539 548 596 596
201 209 213 215 219 217 222 224 231 227 222 237 237 235 245 244 240 243 251 249 249 265 264 264 264 267 271 266 268 291 295 287 288 294 307 299 301 289 300 325 330 310 292 300 308 319 342 355 372 368 372 373 385 403 403 378 400 394 411 404 408 429 449 433 466 462 460 485 448 530 525 504 500 522 566 588 544 575 597 618
210 213 214 218 220 219 221 222 228 231 225 236 238 239 239 244 241 244 248 252 255 258 260 260 268 277 268 274 281 291 296 286 285 291 310 288 313 302 305 327 306 287 299 308 318 340 354 366 370 361 370 383 382 377 390 383 401 400 415 418 434 446 446 435 481 475 457 515 456 524 536 533 488 510 584 584 597 630 587 634
208 214 217 218 217 222 223 229 229 232 234 225 239 240 240 240 246 245 250 253 245 259 258 261 275 265 268 277 290 290 290 278 294 290 290 292 283 293 333 301 289 298 307 318 335 350 361 363 364 370 377 386 390 396 419 420 408 410 424 433 433 453 434 469 483 477 477 487 531 495 557 545 520 508 588 593 630 626 602 629
210 215 216 217 223 228 227 233 228 227 236 227 239 241 240 239 245 247 249 254 258 273 256 259 275 262 265 277 283 279 275 282 312 285 284 282 281 286 293 287 296 304 312 327 346 353 358 363 369 375 385 396 399 416 417 406 416 413 445 446 446 460 456 474 499 450 530 502 495 549 565 554 542 502 586 625 645 653 618 655
207 215 216 216 223 229 223 228 226 223 236 232 234 238 237 241 247 250 251 252 257 254 254 257 273 279 262 293 277 276 270 297 293 271 274 276 283 294 297 300 303 310 318 336 355 349 351 367 377 380 385 395 386 419 413 412 414 428 447 420 472 466 452 481 483 492 538 484 510 566 562 575 586 523 562 643 656 665 639 636
207 218 221 219 221 230 224 232 225 222 234 236 233 233 238 243 246 250 249 254 253 252 266 258 263 278 262 293 272 272 273 293 276 271 272 280 -9999 -9999 -9999 307 311 326 333 344 348 351 360 369 379 380 394 399 406 424 420 403 410 447 427 457 478 455 463 502 464 520 530 506 492 587 569 564 590 540 536 641 654 690 664 620
207 219 225 223 220 222 227 222 224 221 232 235 235 233 237 241 243 248 246 252 262 254 262 262 257 261 278 286 271 273 273 274 270 270 -9999 -9999 -9999 299 301 305 316 335 335 343 347 357 365 375 378 382 406 401 416 424 422 398 430 451 420 457 475 452 485 490 451 540 531 496 472 580 581 585 573 592 542 599 663 674 627 685
207 220 229 223 221 220 222 227 228 225 227 234 234 237 237 239 242 245 255 250 260 252 249 275 260 254 285 281 271 270 274 265 270 275 -9999 -9999 -9999 297 301 308 327 329 341 359 348 362 366 372 378 386 405 405 397 419 397 411 445 446 412 460 474 467 488 443 521 534 535 487 488 582 601 603 571 633 571 559 683 661 634 730
213 220 224 221 220 218 220 225 228 228 224 233 233 237 238 237 252 243 244 245 263 258 252 264 265 252 274 275 269 268 267 262 271 276 -9999 -9999 -9999 297 306 320 328 331 354 343 349 361 366 375 384 386 406 412 408 421 390 424 436 424 436 450 477 462 478 450 526 531 507 471 509 566 605 608 582 629 554 573 647 693 647 681
205 210 221 215 212 216 216 221 222 229 227 228 236 239 237 234 243 235 236 246 266 266 264 254 248 249 277 261 270 274 259 264 273 -9999 -9999 290 294 300 314 323 327 334 343 348 350 360 370 380 379 399 409 408 402 411 420 412 431 423 450 453 474 474 441 502 526 519 471 501 519 548 598 601 585 580 549 584 629 730 626 676
201 214 220 211 218 222 222 214 216 221 228 224 228 230 232 236 251 250 244 241 260 264 253 243 242 251 262 273 259 258 258 267 272 -9999 284 291 293 304 315 320 325 336 343 350 350 364 380 387 395 397 398 398 391 413 407 409 421 426 443 454 457 475 433 514 517 487 508 481 503 561 599 603 623 548 568 592 628 678 627 674
200 206 212 209 213 219 219 212 218 222 234 228 227 229 230 240 251 253 254 234 243 246 242 243 244 249 258 278 250 255 260 -9999 -9999 -9999 287 304 290 303 318 315 324 338 342 350 344 374 384 369 389 387 391 402 379 403 394 397 423 418 449 445 468 463 433 513 500 457 498 487 501 562 599 609 561 548 574 597 627 664 666 699
202 199 207 220 213 214 214 209 214 221 233 233 236 231 228 240 244 249 245 224 -9999 241 240 256 247 246 249 253 272 253 258 -9999 -9999 -9999 291 296 285 301 317 301 326 336 340 349 352 377 375 376 376 373 388 395 395 401 388 406 410 418 445 444 438 429 449 495 465 476 491 492 508 551 575 561 548 579 594 602 641 676 685 698
