Artocarpus altilis SDM files/Last glacial maximum/Environmental layers/bio18.asc
ncols  1201
nrows  481
xllcorner  119.958333335783
yllcorner  -15.041666666017
cellsize 0.041666666667
NODATA_value  -9999
[rows 245 to 279 of 481, columns 560 to 639 of 1201]
291 329 353 349 367 348 335 348 356 336 312 299 289 274 278 351 362 332 302 302 280 240 204 197 243 236 272 326 303 347 387 381 349 378 382 329 283 246 233 219 242 267 245 241 249 237 208 202 215 209 218 208 193 196 174 163 215 215 218 221 293 -9999 -9999 -9999 -9999 -9999 -9999 -9999 -9999 -9999 -9999 -9999 -9999 -9999 -9999 -9999 -9999 -9999 -9999 -9999
290 317 339 338 347 332 320 338 351 366 361 363 310 359 356 330 340 356 347 341 325 294 229 205 198 233 251 309 330 332 350 407 425 421 403 383 343 270 249 231 217 231 254 252 252 243 223 212 221 252 237 257 244 209 185 171 170 226 225 214 339 -9999 -9999 -9999 -9999 -9999 -9999 -9999 -9999 -9999 -9999 -9999 -9999 -9999 -9999 -9999 -9999 -9999 -9999 -9999
292 292 306 334 314 307 303 325 349 352 361 368 359 339 361 313 258 289 276 282 276 303 259 208 230 192 200 228 265 338 379 358 365 412 400 390 346 331 274 254 233 218 217 242 263 253 244 226 210 225 262 257 232 235 208 193 180 215 219 211 -9999 -9999 -9999 -9999 -9999 -9999 -9999 -9999 -9999 -9999 -9999 -9999 -9999 -9999 -9999 -9999 -9999 -9999 -9999 -9999
316 275 266 273 289 303 298 286 305 320 347 361 355 341 356 332 316 236 225 212 201 209 235 220 209 202 192 193 232 268 385 413 326 340 328 402 341 359 354 290 271 251 223 215 241 271 262 275 250 241 257 271 272 269 266 256 217 197 213 212 -9999 -9999 -9999 -9999 -9999 -9999 -9999 -9999 -9999 -9999 -9999 -9999 -9999 -9999 -9999 -9999 -9999 -9999 -9999 -9999
354 348 311 257 249 254 303 328 292 279 321 355 357 320 339 333 358 300 217 225 271 268 232 272 280 251 215 204 199 252 322 397 413 371 346 354 361 383 412 364 314 275 275 233 218 250 276 276 290 258 276 294 287 284 242 238 234 217 216 201 -9999 -9999 -9999 -9999 -9999 -9999 -9999 -9999 -9999 -9999 -9999 -9999 -9999 -9999 -9999 -9999 -9999 -9999 -9999 -9999
336 340 324 280 292 299 323 322 311 300 278 324 356 353 358 354 322 280 255 287 310 319 273 249 315 302 261 251 209 207 267 346 381 429 426 414 408 355 383 401 370 313 280 268 233 220 224 257 278 281 280 270 302 266 251 276 259 228 218 196 -9999 -9999 -9999 -9999 -9999 -9999 -9999 -9999 -9999 -9999 -9999 -9999 -9999 -9999 -9999 -9999 -9999 -9999 -9999 -9999
329 325 316 291 242 279 315 321 334 330 307 272 322 332 333 302 234 275 274 283 252 286 306 305 304 264 256 275 237 224 212 249 297 340 409 444 431 387 329 378 375 328 328 292 246 254 229 211 229 223 222 225 277 281 282 276 250 235 223 207 199 201 192 195 195 184 176 -9999 158 -9999 -9999 -9999 -9999 -9999 -9999 -9999 -9999 -9999 -9999 -9999
317 300 313 308 305 260 305 296 316 340 347 281 261 302 344 349 296 295 301 288 235 236 280 320 268 270 302 270 280 248 221 288 313 298 360 431 396 378 357 367 346 369 377 353 330 274 246 220 211 206 208 276 311 290 273 287 260 245 239 228 217 209 202 200 206 200 191 181 177 172 -9999 -9999 -9999 -9999 -9999 -9999 -9999 -9999 -9999 -9999
319 323 288 309 314 316 266 317 305 331 342 341 259 272 323 342 308 317 322 307 294 239 215 292 324 296 317 299 316 307 261 235 355 328 323 448 443 426 400 392 426 384 410 406 389 374 328 232 223 215 202 214 238 264 287 288 266 228 240 229 227 223 215 211 251 503 577 746 738 832 1051 1023 986 1014 -9999 -9999 -9999 -9999 -9999 -9999
300 288 281 293 273 324 272 291 288 323 333 339 327 269 281 301 295 345 346 323 342 267 252 266 307 335 349 331 342 325 313 292 312 394 302 421 444 435 455 384 453 450 425 405 425 401 360 280 227 220 207 201 223 227 222 282 248 229 247 230 236 360 476 861 1107 1269 1205 1325 1203 1180 1121 1093 1083 1052 989 984 971 -9999 -9999 -9999
293 290 312 300 260 313 268 256 276 294 316 340 324 328 284 312 350 344 352 339 347 305 325 312 313 290 311 346 356 334 323 346 328 371 354 330 375 437 440 446 442 461 459 446 445 433 401 381 260 225 214 202 191 206 245 264 252 237 252 304 942 1253 1253 1328 1283 1301 1204 1289 1242 1260 1193 1151 1135 1134 1106 1046 986 934 -9999 -9999
289 267 294 248 244 303 308 306 291 292 322 332 353 348 361 339 339 336 340 324 342 333 309 320 343 327 280 297 364 374 391 383 408 426 422 428 414 441 459 436 389 440 454 458 453 415 422 403 282 229 216 201 192 184 199 231 259 258 256 436 1112 1323 1311 1359 1340 1354 1323 1316 1233 1263 1265 1261 1186 1161 1154 1109 1083 1032 973 -9999
302 320 300 282 233 286 313 318 316 318 329 336 340 357 351 320 292 308 318 320 351 332 291 265 247 286 294 295 322 339 362 386 389 406 423 435 444 402 438 350 368 415 425 449 467 428 359 362 349 251 218 207 196 186 175 207 225 416 1248 1240 1096 1184 1234 1186 1163 1299 1280 1327 1321 1320 1265 1263 1202 1252 1080 1156 1152 1113 1031 970
272 308 312 266 233 244 269 279 300 312 323 325 333 348 341 338 288 280 323 353 356 320 299 313 296 308 309 323 324 318 290 296 323 346 360 389 394 418 418 357 352 373 399 431 451 453 445 395 372 320 255 225 205 191 172 163 178 801 982 940 1141 1134 1036 974 1010 1124 1108 1114 1183 1231 1281 1221 1198 1222 1105 1074 1206 1118 1063 1032
300 286 344 294 252 238 233 238 242 275 292 321 330 339 314 292 298 264 320 334 322 347 337 345 331 325 331 346 354 325 303 275 291 306 319 331 344 366 367 345 302 336 379 393 423 425 417 428 410 359 310 303 272 235 190 168 209 635 777 743 819 853 916 934 933 951 920 938 994 1067 1166 1117 1140 1176 1196 1077 1097 1158 1134 1102
363 294 307 314 292 260 257 241 248 255 265 293 308 325 341 273 273 353 376 361 263 334 349 341 341 347 386 375 380 383 385 336 287 284 293 302 298 305 304 305 289 311 375 354 385 394 383 382 404 358 335 531 647 341 398 662 751 605 606 637 738 738 808 835 859 866 843 937 862 955 979 992 1024 1033 1093 1122 1024 1024 1121 1100
346 295 352 316 298 288 310 310 316 291 298 265 279 294 336 316 281 324 378 381 283 330 389 395 360 386 371 409 395 404 419 416 382 340 283 275 283 281 298 317 335 316 336 354 353 380 377 357 445 633 485 923 1035 1047 977 962 843 680 627 572 591 663 816 806 809 833 859 913 854 853 834 874 862 936 1036 1014 948 950 977 1020
354 274 320 304 316 305 289 302 316 271 288 273 283 353 369 380 375 322 373 315 249 238 295 379 385 377 391 372 396 391 412 411 418 404 368 288 267 259 279 294 334 329 340 335 360 370 397 354 483 901 939 880 934 1058 977 973 893 893 656 635 540 559 600 671 775 739 848 772 776 782 794 846 794 831 897 949 915 891 915 1008
383 303 311 344 311 286 289 276 270 268 262 270 346 367 367 383 413 386 399 403 262 237 261 333 404 357 390 388 372 358 388 415 395 401 407 396 362 259 268 287 316 303 294 342 375 534 656 533 717 745 744 801 857 956 980 954 817 913 759 729 585 527 541 574 630 681 726 821 709 793 766 887 735 716 814 831 816 868 924 969
439 353 293 355 303 318 310 325 304 312 274 275 352 371 372 389 418 448 425 445 328 241 341 353 373 370 378 328 353 342 361 399 381 386 400 401 393 337 297 264 257 302 286 492 754 837 917 976 723 690 690 723 801 879 886 917 911 915 876 786 727 676 526 526 541 611 686 839 666 706 751 742 697 705 705 691 688 811 885 869
384 389 309 339 354 332 330 297 287 315 286 280 302 327 348 398 443 471 466 427 371 251 296 302 325 307 372 353 300 328 335 359 361 355 370 390 399 404 394 362 299 289 567 751 781 770 828 906 809 648 663 663 696 826 742 771 809 828 874 846 866 771 559 512 518 524 587 719 664 611 699 667 637 703 676 670 676 685 726 814
363 349 331 337 340 400 332 379 284 291 305 295 300 325 337 411 462 491 501 476 353 262 267 292 327 308 358 419 320 307 300 318 374 299 320 371 379 387 459 436 725 746 710 776 739 893 816 871 911 653 621 608 654 699 646 680 778 745 734 814 834 754 619 638 517 507 511 546 548 547 567 626 650 736 651 721 678 638 664 850
335 367 387 343 326 392 379 353 332 315 319 307 329 332 363 449 483 514 515 511 421 293 255 283 299 297 378 367 338 285 294 306 335 292 301 458 540 648 770 726 811 855 794 692 724 762 749 800 886 784 568 581 620 654 660 665 754 616 681 769 852 783 819 660 688 630 557 506 501 502 528 567 567 728 630 727 576 653 668 838
333 361 376 421 337 353 391 367 355 314 323 333 392 367 394 443 465 476 513 498 483 362 272 260 264 280 297 303 342 263 296 316 286 348 563 771 817 930 848 662 649 797 719 641 783 847 699 707 801 828 636 539 552 582 622 622 672 669 638 721 821 816 864 748 755 834 782 624 509 489 488 523 538 621 601 643 583 585 674 769
334 365 366 426 401 357 359 401 362 333 333 356 396 412 511 471 460 445 504 525 513 409 370 316 310 282 291 293 305 306 330 437 550 621 683 690 646 722 856 965 947 782 683 715 683 832 878 690 777 748 695 511 496 521 531 546 564 562 620 703 777 765 824 832 649 766 829 785 666 494 463 522 585 517 584 619 540 625 674 666
367 355 368 375 435 409 374 372 345 350 388 448 415 432 491 471 408 397 470 553 552 486 401 380 387 396 450 408 372 402 520 617 780 872 781 732 612 654 730 817 906 846 615 694 735 773 836 577 580 741 763 552 559 538 583 584 614 613 619 730 786 749 742 817 673 626 755 754 675 465 445 448 477 497 506 678 526 498 573 577
529 505 464 430 384 450 505 444 372 385 367 408 431 413 396 398 412 407 483 584 583 543 612 669 630 450 550 765 772 585 579 630 761 829 699 855 646 776 873 714 835 907 912 764 623 713 706 617 630 715 799 625 563 700 627 725 636 639 677 763 789 767 760 762 681 605 642 696 611 458 428 431 426 444 478 558 488 460 494 562
515 514 518 533 601 522 517 551 483 446 475 449 459 476 455 500 562 590 785 936 1056 1028 919 1100 1046 850 710 619 672 672 575 618 644 655 647 746 592 643 693 640 648 681 822 911 927 673 684 829 832 781 788 650 603 621 585 670 750 748 744 783 787 786 755 795 646 635 642 683 621 553 425 417 412 410 446 468 470 471 453 504
535 525 549 504 550 658 576 644 521 601 841 730 808 741 956 1093 1105 907 1036 1113 1103 1015 906 983 1065 759 737 746 624 643 588 624 628 644 660 611 657 588 621 649 593 555 589 665 777 658 696 714 729 759 770 744 754 747 671 615 702 708 738 789 779 741 714 745 691 682 646 704 612 546 561 435 400 396 401 425 402 410 414 482
847 772 580 603 511 620 794 866 923 837 819 854 987 921 1069 1147 1197 1095 1112 1243 1202 1119 1110 1065 933 877 835 797 632 650 598 623 614 613 627 614 605 672 804 950 738 622 761 858 770 611 644 664 694 765 771 762 688 642 690 639 706 729 736 747 753 727 731 713 682 709 700 687 664 542 604 499 391 388 389 392 403 410 379 444
915 941 1058 924 738 562 699 822 799 833 970 1019 1037 927 934 1107 1191 1242 1196 1115 1202 1117 1107 1136 973 920 905 722 776 949 911 688 718 799 810 737 754 639 691 865 913 889 747 808 932 774 749 665 709 769 738 729 715 604 608 600 637 627 673 704 739 738 713 746 678 700 712 697 668 598 565 487 385 379 385 387 388 395 393 359
836 853 1002 1078 1055 856 843 743 719 769 888 1006 1077 953 913 976 1126 1179 1227 1232 1061 1168 1076 1215 1051 1175 1043 674 730 1017 879 828 860 916 948 1000 991 778 785 828 848 879 888 957 945 871 882 782 810 724 668 631 673 707 649 574 614 680 585 611 654 749 702 739 605 707 712 661 556 585 434 398 381 379 385 391 393 395 401 360
658 923 938 1059 812 744 806 988 826 867 791 947 990 984 1095 986 993 1003 1134 1246 1125 1017 1014 1007 1021 1082 960 842 831 729 720 929 868 786 947 1171 1173 824 778 772 689 709 809 913 784 761 782 873 927 883 770 645 696 739 732 628 558 513 584 583 656 705 692 648 581 700 705 696 650 535 433 399 388 396 387 392 394 396 403 349
684 676 927 850 772 773 668 866 951 910 836 800 1048 1129 853 908 1104 1100 1126 1203 1084 1015 959 950 1095 1015 832 848 941 860 743 892 868 750 931 924 1156 843 770 742 657 753 743 916 794 692 672 864 956 845 636 695 645 698 681 685 670 457 595 575 659 585 634 606 573 641 680 670 621 586 478 447 449 507 448 403 400 405 384 352
646 725 742 700 716 714 991 913 675 630 695 777 938 1134 1003 998 1189 1254 1334 1283 1218 1111 1097 927 762 870 793 720 843 854 701 803 861 795 775 861 820 712 733 645 690 683 721 866 735 668 644 804 837 886 661 618 655 652 722 749 631 473 515 521 642 652 574 619 612 622 694 655 633 560 478 496 506 431 418 408 411 404 402 400
