Artocarpus altilis SDM files/Last glacial maximum/Environmental layers/bio18.asc
ncols  1201
nrows  481
xllcorner  119.958333335783
yllcorner  -15.041666666017
cellsize 0.041666666667
NODATA_value  -9999
[rows 175 to 209 of 481, columns 400 to 479 of 1201]
952 957 987 963 898 943 901 899 830 803 822 809 823 818 727 729 779 770 738 702 711 710 857 898 928 941 907 892 883 902 844 702 641 623 652 716 711 831 883 897 913 821 855 828 767 739 696 762 828 794 685 640 669 709 673 643 628 629 634 635 632 636 666 723 759 724 742 725 760 831 818 793 799 804 783 735 -9999 -9999 -9999 783
958 930 906 982 948 946 956 896 937 906 891 845 907 894 833 853 864 826 833 857 851 739 704 832 830 823 878 946 959 920 932 870 748 721 815 751 664 737 868 934 919 973 936 902 892 817 775 763 793 785 748 795 829 861 814 799 740 682 678 702 739 787 772 745 760 776 720 724 774 763 800 787 801 817 829 818 813 818 810 824
1017 1046 959 965 1008 1015 1101 1009 1000 1006 984 1022 962 974 967 948 893 839 796 794 753 832 838 848 899 921 945 922 943 979 963 967 940 893 931 914 849 667 798 937 976 1006 950 1037 1014 1009 987 982 949 881 856 828 846 925 915 902 861 778 751 785 808 816 855 833 788 839 807 756 757 786 822 808 806 854 863 847 840 839 833 826
1020 1025 1076 1087 1089 1152 1105 1045 943 976 987 1054 980 1023 1029 962 926 925 915 909 926 865 873 837 863 910 898 977 997 972 986 954 955 960 935 939 925 825 747 852 985 1049 1072 1024 1044 1074 1133 1128 1090 1078 1054 985 955 920 909 921 866 930 837 815 847 879 863 882 851 815 797 768 783 826 858 851 804 866 866 868 859 842 829 823
1123 1132 1178 1112 1111 1045 1106 1167 1062 1078 999 986 1102 1118 1039 1010 998 947 1024 990 989 947 989 1025 1032 1000 1000 975 925 916 960 949 954 950 950 941 858 841 785 824 924 956 1020 1062 1126 1164 1149 1090 1119 1150 1099 1096 1117 1067 1079 1026 992 899 911 940 919 818 919 930 888 872 833 829 861 896 864 890 839 821 870 847 906 875 848 842
1212 1114 1035 1078 1175 1170 973 1039 1186 1159 1123 1082 1057 1065 1082 1085 1030 974 979 1035 957 944 1035 1028 1044 1016 992 1037 909 963 900 987 927 913 955 986 986 1003 871 667 694 749 812 845 925 982 1098 1171 1180 1154 1161 1148 1152 1134 1129 1116 1101 1039 1040 1025 993 842 896 916 905 899 902 887 902 911 789 799 903 946 885 889 920 907 899 891
1110 1220 1212 1089 1158 1154 1146 1051 1024 1074 1170 1092 1145 1016 934 1010 1015 1092 1059 1021 1027 934 977 991 927 975 942 915 867 949 953 933 930 901 774 887 971 902 944 823 710 740 714 741 786 806 872 952 1072 1115 1107 1053 1087 1090 1143 1132 1140 1136 1123 1127 1037 937 914 820 817 782 828 807 761 875 860 808 875 966 956 875 948 946 974 1021
1231 1219 1136 1189 1093 1088 1144 1149 1140 1112 1123 1143 1150 1180 1070 878 937 1002 983 972 984 1073 1050 949 1004 852 968 853 786 885 829 834 874 873 870 720 733 727 813 886 815 709 741 693 733 812 792 886 908 932 936 958 999 917 1005 1064 1048 1060 1032 1062 1030 992 1004 1018 1006 1017 912 853 770 786 856 931 827 921 988 951 922 1037 985 1005
1176 1166 1238 1273 1252 1219 1255 1162 1110 1137 1200 1174 1028 936 1076 909 1035 922 836 946 917 991 970 822 950 950 782 938 855 766 723 759 778 736 801 725 645 688 780 925 967 855 708 745 726 723 740 849 929 845 947 974 868 979 916 874 894 882 858 884 1075 1052 1025 985 980 1027 1027 1017 906 927 926 914 934 950 1027 972 996 931 1048 1087
1118 1132 1006 1105 1112 1185 1234 1167 1215 1162 1022 958 862 814 834 824 815 823 786 801 806 853 816 807 855 962 933 845 874 759 753 779 731 727 689 713 777 820 748 725 708 886 844 766 733 715 717 700 720 751 860 840 834 897 931 1046 947 812 881 806 839 800 785 810 850 878 968 943 935 861 977 1041 990 967 1034 1061 1065 1029 985 976
947 1100 941 989 1076 1159 999 1033 1098 1115 898 805 814 922 797 775 844 798 821 801 822 804 817 802 753 830 852 745 731 721 688 724 742 747 728 708 695 690 671 674 689 678 757 948 840 782 711 704 701 704 714 743 770 762 935 828 796 821 759 751 751 721 710 719 732 738 791 890 958 928 926 1002 1081 1061 992 1080 1003 1000 969 971
897 865 954 884 1037 910 948 955 1052 907 853 840 745 709 735 717 688 818 884 777 872 825 842 919 750 733 732 904 905 850 810 787 764 715 645 651 639 638 648 648 650 647 647 695 809 916 903 884 807 748 718 696 712 723 723 725 723 725 699 694 697 714 759 849 803 807 829 792 781 819 817 985 917 878 976 1000 972 924 879 879
1035 925 927 881 817 869 816 877 873 796 741 872 780 699 717 823 818 829 822 800 833 853 797 753 731 684 674 682 679 686 653 639 656 682 676 656 665 655 661 671 674 672 672 665 667 672 698 768 827 859 759 721 693 690 674 676 691 677 676 690 724 753 756 793 781 820 893 963 940 966 866 860 1028 1117 1079 1076 956 819 843 853
856 915 913 935 900 783 758 793 906 796 777 712 754 785 695 689 714 691 693 727 707 727 721 700 735 732 696 643 631 630 639 644 638 641 652 667 675 677 673 673 683 688 701 687 679 674 666 663 730 815 844 767 708 701 686 690 712 703 685 682 716 723 713 725 790 783 874 853 911 924 910 916 970 1107 1166 1113 1032 853 800 856
1025 1019 954 931 887 944 796 852 830 768 740 707 682 664 656 638 649 649 649 638 649 644 653 654 643 639 641 646 643 652 650 654 653 652 668 678 678 687 694 689 699 711 721 711 700 689 681 675 668 662 724 852 763 706 700 723 727 728 688 689 706 699 708 727 740 752 789 784 886 979 889 937 1070 1182 1202 1133 1150 972 814 824
1164 1043 1030 933 1008 909 916 927 790 771 687 661 614 606 614 621 634 639 658 669 650 653 666 650 640 641 643 639 652 666 667 670 671 669 674 687 690 695 699 708 709 724 729 726 710 701 687 680 678 678 666 680 770 704 691 683 685 733 778 770 757 711 735 724 711 711 704 753 838 1004 914 776 1030 1140 1145 1199 1192 1005 844 754
1234 1058 910 1010 916 905 786 716 636 604 585 575 571 567 558 551 546 556 578 599 634 647 650 645 640 637 635 638 650 660 660 673 684 684 694 691 694 696 716 727 732 728 733 743 734 722 706 688 686 687 682 681 676 680 679 681 678 678 685 691 694 695 693 696 721 713 748 777 783 826 977 769 877 907 1050 1128 1133 1121 969 794
1099 925 958 1079 1011 835 630 594 585 575 564 560 554 555 545 538 537 528 524 509 507 543 593 636 647 644 645 643 650 652 658 671 689 706 704 701 712 725 708 710 723 724 734 732 728 731 729 706 699 699 699 691 687 686 674 677 670 673 677 693 706 710 707 718 733 734 727 764 764 753 772 871 770 1004 1174 1192 1151 1180 1065 854
1058 1058 988 936 970 816 584 570 555 551 546 534 535 531 526 520 518 516 512 501 496 487 483 476 516 575 638 653 650 657 665 675 679 690 722 720 737 717 737 724 707 715 733 733 731 726 728 709 711 704 702 700 685 688 682 675 679 684 690 702 702 699 710 709 710 730 732 757 758 756 738 863 772 884 1167 1212 1178 1128 1059 868
1205 1179 965 972 968 740 598 566 544 550 576 538 528 518 513 515 508 504 500 488 481 479 471 466 458 457 448 477 536 608 672 680 688 695 706 712 715 744 741 714 712 714 717 739 740 736 710 700 700 690 693 695 696 689 689 680 682 695 700 698 701 701 706 710 705 717 714 731 741 742 751 731 849 858 1117 1196 931 1004 1126 990
1263 1202 1019 980 780 621 553 554 546 540 545 519 554 522 510 497 496 494 490 481 472 460 460 455 449 439 429 423 419 416 420 469 529 580 645 691 724 733 734 766 747 728 729 730 730 727 709 715 705 705 687 686 681 673 687 681 684 695 697 702 693 703 702 706 715 715 710 712 733 762 781 772 730 790 825 852 973 1150 906 897
1304 1233 1059 818 655 561 552 580 537 538 534 642 638 486 496 496 509 541 482 473 465 457 447 445 446 430 423 415 408 399 397 392 385 386 389 384 375 395 439 433 433 421 411 404 393 385 375 373 372 369 357 349 346 431 429 424 499 553 599 689 703 702 703 699 710 709 705 713 733 752 715 710 706 705 735 790 953 999 881 821
1192 1009 776 761 577 535 549 557 614 685 593 774 559 519 523 493 495 479 484 462 464 456 437 432 439 475 482 461 423 396 385 381 377 378 392 381 371 360 347 341 337 340 331 320 314 303 295 284 280 270 270 266 263 259 256 253 252 251 247 249 361 466 569 690 697 700 704 713 717 728 718 709 712 691 707 715 755 789 832 925
894 747 712 590 570 561 605 764 793 688 713 646 462 499 520 507 488 507 448 445 439 430 475 504 526 564 609 604 522 424 420 408 404 422 466 409 408 408 382 353 330 325 335 334 319 319 308 345 293 269 263 261 259 261 257 251 248 243 243 241 243 243 241 273 434 617 695 695 696 704 708 705 697 694 677 728 689 780 805 955
939 872 798 726 612 685 666 617 644 664 782 573 464 489 507 472 486 547 446 471 440 462 579 658 578 584 657 599 473 540 508 451 528 469 376 392 442 498 515 464 428 384 380 377 363 350 350 387 372 301 290 279 281 253 253 250 245 242 240 238 237 233 234 231 226 228 394 612 686 694 702 715 700 684 664 670 701 714 752 875
703 703 739 661 830 870 848 707 776 815 781 549 500 499 475 495 516 514 489 506 466 481 565 572 574 617 615 587 602 591 457 566 550 469 511 445 490 500 541 521 492 435 430 422 407 387 385 385 413 385 324 332 308 268 255 246 240 240 237 234 232 231 234 229 224 222 223 227 446 651 673 667 662 661 663 649 670 772 692 720
598 633 605 620 791 902 851 677 813 777 633 521 568 580 562 642 645 644 592 538 532 549 562 579 539 548 566 572 599 534 483 605 470 507 441 440 470 519 471 439 504 468 479 463 465 428 401 386 391 427 400 393 381 327 279 248 246 238 235 228 227 228 222 223 224 219 218 220 222 305 604 657 655 649 657 656 649 649 693 817
820 808 720 869 693 762 872 753 715 797 725 689 690 723 683 596 667 674 578 614 557 583 564 535 458 533 624 637 533 537 598 615 599 558 559 481 442 388 369 401 459 490 481 482 468 456 444 438 405 425 434 427 383 339 335 326 326 287 284 251 231 224 222 218 216 216 217 217 217 216 264 594 641 641 642 645 628 639 784 1055
873 828 859 724 766 878 769 618 671 739 707 792 678 784 674 607 687 645 621 631 613 648 680 600 641 649 658 650 644 634 596 553 500 433 458 453 513 532 517 470 398 376 418 431 406 433 458 440 446 425 399 403 391 388 399 369 382 360 335 349 313 236 219 216 214 211 211 213 211 215 212 263 619 631 631 647 715 670 742 1061
753 727 765 832 856 821 678 595 776 747 814 698 756 775 745 622 634 715 707 662 608 677 679 650 582 591 648 614 583 575 527 527 513 555 569 530 517 510 489 492 495 452 372 377 367 413 404 377 391 397 391 361 402 399 377 385 365 354 356 343 320 313 260 225 213 212 209 208 210 209 208 206 376 627 625 634 664 691 643 686
773 755 713 709 749 782 794 794 821 769 778 724 769 692 580 552 573 576 634 696 639 683 612 562 630 630 613 603 527 510 541 562 566 560 521 534 537 529 457 430 429 471 435 428 417 399 366 325 333 336 326 304 330 347 322 327 318 338 340 311 291 278 287 268 261 246 253 223 210 210 211 207 203 524 627 623 615 621 675 660
690 666 644 648 634 706 741 733 747 783 795 770 773 659 662 737 698 550 640 692 705 688 639 628 594 655 635 570 521 492 516 485 491 486 458 483 460 474 453 388 406 430 401 375 382 346 318 334 347 340 306 270 305 300 327 286 273 268 255 271 296 298 278 295 289 294 293 284 234 218 215 220 212 356 632 640 644 688 755 648
775 711 690 621 609 656 655 629 637 695 717 704 672 723 695 598 567 631 576 582 558 581 580 503 445 553 548 508 454 433 412 403 402 441 463 406 431 406 416 374 345 343 367 402 360 332 322 310 288 328 283 319 258 282 252 245 257 227 236 242 218 224 249 239 250 282 283 251 238 231 241 235 213 239 650 662 720 855 844 918
625 645 636 629 616 543 563 574 555 572 587 612 597 576 574 566 724 629 699 629 540 503 495 483 544 550 528 508 443 484 456 513 519 481 409 372 391 377 390 403 374 403 423 412 428 413 388 335 304 287 295 349 280 242 227 232 241 272 291 296 267 276 271 263 246 228 232 257 278 260 236 211 224 375 773 811 910 895 962 858
705 745 747 659 586 511 554 555 607 620 576 565 598 666 667 732 668 685 681 671 671 676 695 685 649 627 633 578 496 542 468 537 539 512 475 486 470 457 455 444 419 409 396 430 421 404 361 332 345 324 350 306 305 323 323 317 332 333 323 264 289 324 317 273 220 259 220 238 243 280 299 286 269 293 800 779 892 981 1047 983
