Artocarpus altilis SDM files/Last glacial maximum/Environmental layers/bio5.asc
ncols  1201
nrows  481
xllcorner  119.958333335783
yllcorner  -15.041666666017
cellsize 0.041666666667
NODATA_value  -9999
[rows 216 to 251 of 481, columns 0 to 79 of 1201]
278 278 276 275 276 279 280 281 281 282 283 283 287 -9999 -9999 -9999 -9999 -9999 -9999 -9999 -9999 -9999 -9999 -9999 -9999 -9999 -9999 288 289 290 290 289 287 287 288 285 284 283 280 270 258 259 261 261 260 269 275 277 277 278 275 278 282 282 281 280 279 279 275 275 279 279 277 273 277 280 280 279 280 279 279 278 275 267 266 273 268 269 273 274
278 278 276 277 278 278 279 281 282 283 283 284 288 -9999 -9999 -9999 -9999 -9999 -9999 -9999 -9999 -9999 -9999 -9999 -9999 -9999 -9999 290 288 289 289 289 289 288 287 287 287 287 286 284 276 269 258 247 256 271 280 280 272 266 274 281 282 282 281 278 278 277 278 279 280 279 269 261 276 281 281 274 269 274 279 276 272 265 258 263 260 261 267 272
279 278 278 280 280 280 280 281 282 283 284 285 290 -9999 -9999 -9999 -9999 -9999 -9999 -9999 -9999 -9999 -9999 -9999 -9999 -9999 -9999 293 290 290 289 289 289 287 283 283 287 288 287 289 285 275 257 250 261 270 281 282 279 279 283 282 282 281 279 276 272 269 272 278 280 279 275 272 268 280 281 279 273 257 277 275 270 256 253 241 246 253 262 272
279 279 280 281 281 281 281 282 283 284 284 286 291 -9999 -9999 -9999 -9999 -9999 -9999 -9999 -9999 -9999 -9999 -9999 -9999 -9999 -9999 -9999 -9999 -9999 292 290 290 290 282 281 288 287 287 288 286 281 264 254 263 270 279 283 283 283 283 282 282 281 277 269 256 254 255 262 267 272 268 274 278 279 275 278 273 261 270 276 273 260 239 230 245 265 268 273
279 279 280 280 282 282 281 282 283 284 284 287 291 -9999 -9999 -9999 -9999 -9999 -9999 -9999 -9999 -9999 -9999 -9999 -9999 -9999 -9999 -9999 -9999 -9999 -9999 293 291 290 290 288 287 287 287 286 283 278 263 253 265 274 279 283 284 284 283 280 277 274 273 269 260 254 257 261 269 269 270 275 275 272 263 256 250 270 272 276 274 269 259 238 249 268 273 275
279 278 279 280 282 282 283 283 283 284 285 286 290 -9999 -9999 -9999 -9999 -9999 -9999 -9999 -9999 -9999 -9999 -9999 -9999 -9999 -9999 -9999 -9999 -9999 -9999 -9999 292 291 291 290 289 287 288 279 271 264 253 256 269 278 283 283 284 284 283 282 278 278 276 274 272 267 263 261 272 273 272 272 269 271 270 250 242 255 269 276 276 274 270 260 261 274 -9999 -9999
279 277 278 280 281 283 284 284 284 285 286 286 289 -9999 -9999 -9999 -9999 -9999 -9999 -9999 -9999 -9999 -9999 -9999 -9999 -9999 -9999 -9999 -9999 -9999 -9999 -9999 293 290 291 291 289 287 287 280 271 257 250 251 268 279 283 283 284 284 283 282 281 280 278 277 275 276 274 269 273 270 269 268 270 271 272 253 245 242 273 277 277 277 276 274 273 -9999 -9999 -9999
279 277 277 279 280 281 283 284 284 285 286 287 289 -9999 -9999 -9999 -9999 -9999 -9999 -9999 -9999 -9999 -9999 -9999 -9999 -9999 -9999 -9999 -9999 -9999 -9999 -9999 -9999 293 291 291 289 288 285 281 272 260 253 250 254 272 282 284 284 284 284 283 282 281 279 278 277 277 279 280 279 270 259 260 275 278 274 267 248 236 272 277 278 276 275 -9999 -9999 -9999 -9999 -9999
279 277 276 277 279 281 281 283 284 285 287 288 291 -9999 -9999 -9999 -9999 -9999 -9999 -9999 -9999 -9999 -9999 -9999 -9999 -9999 -9999 -9999 -9999 -9999 -9999 -9999 -9999 296 292 291 289 288 284 278 274 269 264 269 267 254 266 282 285 285 285 283 281 280 279 278 277 276 278 279 280 278 272 266 273 279 276 267 245 236 267 278 278 275 272 276 -9999 -9999 -9999 -9999
278 278 274 274 276 279 279 283 284 286 287 288 292 -9999 -9999 -9999 -9999 -9999 -9999 -9999 -9999 -9999 -9999 -9999 -9999 -9999 -9999 -9999 -9999 -9999 -9999 -9999 -9999 -9999 295 292 290 289 286 283 279 271 271 272 273 260 256 265 277 281 284 285 283 281 280 279 276 272 276 279 279 280 279 278 272 273 279 273 267 257 273 277 273 260 257 273 -9999 -9999 -9999 -9999
269 275 264 268 273 277 279 283 285 286 288 291 295 -9999 -9999 -9999 -9999 -9999 -9999 -9999 -9999 -9999 -9999 -9999 -9999 -9999 -9999 -9999 -9999 -9999 -9999 -9999 -9999 -9999 296 291 290 289 287 285 282 277 276 276 275 272 275 276 276 271 278 281 285 284 283 282 282 281 282 281 280 281 281 281 278 275 272 276 276 276 278 272 254 241 262 273 272 -9999 -9999 -9999
273 275 268 261 266 275 280 282 285 286 287 292 295 -9999 -9999 -9999 -9999 -9999 -9999 -9999 -9999 -9999 -9999 -9999 -9999 -9999 -9999 -9999 -9999 -9999 -9999 -9999 -9999 -9999 296 292 291 289 287 286 283 279 279 277 273 275 278 281 283 281 285 286 286 286 285 284 284 284 284 283 283 283 282 281 280 278 273 276 280 279 273 255 222 221 242 257 269 -9999 -9999 -9999
273 276 271 257 260 273 279 283 285 286 288 289 291 294 -9999 -9999 -9999 -9999 -9999 -9999 -9999 -9999 -9999 -9999 -9999 -9999 -9999 -9999 -9999 -9999 -9999 -9999 -9999 -9999 296 292 291 289 288 287 285 282 281 280 279 280 283 284 285 286 286 286 286 286 286 285 285 284 284 284 284 283 282 281 281 278 277 278 280 277 270 255 235 234 228 241 262 270 -9999 -9999
275 277 269 254 264 268 278 283 285 286 288 289 289 291 294 -9999 -9999 -9999 -9999 -9999 -9999 -9999 -9999 -9999 -9999 -9999 -9999 -9999 -9999 -9999 -9999 -9999 -9999 -9999 295 292 291 288 288 287 286 281 282 283 282 283 285 286 286 287 287 287 287 286 286 285 284 284 284 284 284 283 282 281 280 278 277 278 279 273 264 261 260 260 238 235 250 267 270 -9999
275 277 270 259 260 270 277 283 285 287 288 289 290 290 291 295 -9999 -9999 -9999 -9999 -9999 -9999 -9999 -9999 -9999 -9999 -9999 -9999 -9999 -9999 -9999 -9999 -9999 -9999 297 294 291 287 284 282 282 273 281 285 282 282 285 287 287 288 288 287 288 287 286 285 284 284 284 283 284 283 282 281 280 278 278 278 278 270 260 262 264 266 262 254 248 265 268 272
274 277 273 259 268 278 280 283 286 287 287 288 290 291 292 293 296 -9999 -9999 -9999 -9999 -9999 -9999 -9999 -9999 -9999 -9999 -9999 -9999 -9999 -9999 -9999 -9999 -9999 -9999 296 291 286 279 273 266 270 282 286 283 279 284 286 288 288 288 288 288 288 287 286 284 283 283 282 282 282 280 278 277 275 276 278 276 270 263 261 266 267 266 264 250 266 266 268
275 277 275 256 267 275 280 284 286 284 288 289 291 292 291 292 292 294 -9999 -9999 -9999 -9999 -9999 -9999 -9999 -9999 -9999 -9999 -9999 -9999 -9999 -9999 -9999 -9999 -9999 297 292 288 279 271 272 281 288 285 284 276 270 271 279 288 288 288 288 288 287 285 285 283 283 282 281 281 279 275 275 275 276 277 276 270 254 263 267 268 267 267 258 264 266 266
273 276 276 259 247 269 275 282 286 287 289 290 291 292 291 292 292 294 -9999 -9999 -9999 -9999 -9999 -9999 -9999 -9999 -9999 -9999 -9999 -9999 -9999 -9999 -9999 -9999 299 295 293 291 282 282 288 289 288 285 271 263 259 271 276 284 289 289 289 288 287 285 285 283 283 281 280 279 277 273 274 273 275 276 276 269 254 261 267 268 267 267 265 263 266 268
272 276 277 269 253 268 277 282 286 287 289 290 291 292 291 292 293 293 297 -9999 -9999 -9999 -9999 -9999 -9999 -9999 -9999 -9999 -9999 -9999 -9999 -9999 -9999 -9999 296 294 295 294 290 289 291 288 291 288 274 262 250 241 250 279 289 288 288 288 287 285 284 283 282 281 280 278 276 273 272 272 274 276 276 268 254 263 267 268 268 267 266 264 267 271
269 275 277 274 265 271 279 284 286 288 290 290 291 293 292 292 294 293 295 -9999 -9999 -9999 -9999 -9999 -9999 -9999 -9999 -9999 -9999 -9999 -9999 -9999 -9999 -9999 296 295 300 297 294 296 293 290 291 292 287 279 276 274 262 267 274 287 288 288 286 285 284 282 281 280 279 277 275 272 269 270 274 276 275 269 245 257 265 268 267 266 268 263 267 -9999
266 274 276 276 266 268 274 283 288 289 290 290 292 294 292 292 293 294 294 300 -9999 -9999 -9999 -9999 -9999 -9999 -9999 -9999 -9999 -9999 -9999 -9999 -9999 -9999 298 295 296 295 294 295 294 293 293 293 293 286 284 283 284 284 287 288 287 288 286 285 284 282 281 279 278 276 274 271 267 267 273 276 273 263 252 253 259 269 269 268 269 265 267 -9999
262 271 275 276 273 270 279 286 288 289 290 291 292 293 292 294 295 295 294 300 -9999 -9999 -9999 -9999 -9999 -9999 -9999 -9999 -9999 -9999 -9999 -9999 -9999 -9999 301 297 295 295 295 295 297 297 295 295 295 295 292 291 289 289 289 288 288 288 286 285 284 282 281 279 277 275 273 269 263 264 271 274 274 261 255 257 261 269 -9999 -9999 -9999 268 267 -9999
255 267 274 275 275 275 278 285 288 289 290 290 291 291 293 293 294 295 294 298 -9999 -9999 -9999 -9999 -9999 -9999 -9999 -9999 -9999 -9999 -9999 -9999 -9999 -9999 -9999 301 298 296 296 297 300 -9999 300 300 300 299 297 293 292 291 289 289 288 287 286 285 284 283 281 279 278 274 271 267 263 263 265 274 271 258 258 261 266 270 -9999 -9999 -9999 -9999 -9999 -9999
245 260 270 274 276 278 280 285 288 290 290 291 291 291 293 293 293 295 293 295 -9999 -9999 -9999 -9999 -9999 -9999 -9999 -9999 -9999 -9999 -9999 -9999 -9999 -9999 -9999 -9999 302 300 297 298 299 300 -9999 -9999 -9999 -9999 299 295 294 291 289 289 288 287 286 285 284 283 281 280 277 274 268 265 264 266 274 275 266 249 263 265 269 -9999 -9999 -9999 -9999 -9999 -9999 -9999
247 250 257 272 279 281 282 286 288 290 290 291 291 292 293 293 293 294 294 297 -9999 -9999 -9999 -9999 -9999 -9999 -9999 -9999 -9999 -9999 -9999 -9999 -9999 -9999 -9999 -9999 -9999 301 298 298 298 298 300 -9999 301 298 296 294 294 293 291 289 288 287 286 285 284 283 281 280 278 274 266 262 264 273 276 271 266 249 258 262 269 -9999 -9999 -9999 -9999 -9999 -9999 -9999
245 230 245 266 279 281 283 286 289 289 290 291 292 291 292 293 293 294 298 -9999 -9999 -9999 -9999 -9999 -9999 -9999 -9999 -9999 -9999 -9999 -9999 -9999 -9999 -9999 -9999 -9999 -9999 301 300 299 298 298 298 300 298 294 292 289 290 291 290 291 287 287 286 285 284 283 281 280 278 273 263 262 274 280 277 273 259 245 256 254 266 -9999 -9999 -9999 -9999 -9999 -9999 -9999
219 234 257 258 272 279 283 287 289 290 289 290 291 291 292 294 292 294 298 -9999 -9999 -9999 -9999 -9999 -9999 -9999 -9999 -9999 -9999 -9999 -9999 -9999 -9999 -9999 -9999 -9999 -9999 303 301 300 300 299 299 299 297 292 288 287 285 291 291 291 288 288 286 285 284 282 280 279 278 274 265 269 280 -9999 276 271 258 238 246 252 267 271 268 -9999 -9999 -9999 -9999 -9999
196 231 251 255 270 278 282 286 289 290 291 290 291 294 296 298 296 298 -9999 -9999 -9999 -9999 -9999 -9999 -9999 -9999 -9999 -9999 -9999 -9999 -9999 -9999 -9999 -9999 -9999 -9999 -9999 -9999 302 301 301 300 298 296 294 292 278 281 282 290 290 291 291 290 286 285 283 281 279 278 277 275 271 276 280 -9999 277 265 248 239 242 256 269 266 267 -9999 -9999 -9999 -9999 -9999
224 235 243 266 270 277 280 284 288 290 291 291 293 -9999 -9999 -9999 -9999 -9999 -9999 -9999 -9999 -9999 -9999 -9999 -9999 -9999 -9999 -9999 -9999 -9999 -9999 -9999 -9999 -9999 -9999 -9999 -9999 -9999 -9999 302 301 300 297 295 293 292 287 278 281 276 288 291 291 290 287 285 283 281 279 277 276 275 274 276 279 -9999 274 267 256 249 257 266 265 256 261 264 265 267 -9999 -9999
216 231 240 262 272 277 279 281 285 289 291 290 293 -9999 -9999 -9999 -9999 -9999 -9999 -9999 -9999 -9999 -9999 -9999 -9999 -9999 -9999 -9999 -9999 -9999 -9999 -9999 -9999 -9999 -9999 -9999 -9999 -9999 -9999 302 301 299 297 295 293 285 279 283 274 282 284 290 290 288 286 285 283 280 277 274 271 272 273 275 280 277 274 271 261 251 249 261 255 253 260 259 262 263 265 -9999
191 222 237 263 267 270 274 277 282 289 290 291 294 -9999 -9999 -9999 -9999 -9999 -9999 -9999 -9999 -9999 -9999 -9999 -9999 -9999 -9999 -9999 -9999 -9999 -9999 -9999 -9999 -9999 -9999 -9999 -9999 -9999 -9999 302 300 298 296 294 292 277 262 262 278 279 289 290 291 289 286 284 282 278 276 273 273 276 271 268 273 274 268 258 236 232 250 253 242 252 251 255 259 260 264 266
176 210 230 247 259 267 272 275 281 286 290 294 -9999 -9999 -9999 -9999 -9999 -9999 -9999 -9999 -9999 -9999 -9999 -9999 -9999 -9999 -9999 -9999 -9999 -9999 -9999 -9999 -9999 -9999 -9999 -9999 -9999 -9999 -9999 -9999 301 300 298 298 294 283 253 232 242 272 289 290 292 289 286 284 280 277 277 276 278 277 264 267 273 271 258 244 238 238 244 244 251 253 257 260 260 260 263 -9999
163 211 234 246 259 268 275 279 282 284 283 291 -9999 -9999 -9999 -9999 -9999 -9999 -9999 -9999 -9999 -9999 -9999 -9999 -9999 -9999 -9999 -9999 -9999 -9999 -9999 -9999 -9999 -9999 -9999 -9999 -9999 -9999 -9999 -9999 -9999 -9999 300 296 297 291 261 245 257 273 291 291 292 290 286 283 279 277 277 275 277 277 261 272 270 268 260 240 246 249 250 252 255 257 256 255 260 262 266 -9999
190 224 242 253 262 270 276 280 282 283 282 291 -9999 -9999 -9999 -9999 -9999 -9999 -9999 -9999 -9999 -9999 -9999 -9999 -9999 -9999 -9999 -9999 -9999 -9999 -9999 -9999 -9999 -9999 -9999 -9999 -9999 -9999 -9999 -9999 -9999 -9999 296 295 299 295 289 279 278 268 290 292 292 293 289 284 281 281 281 278 278 275 270 274 271 262 250 239 245 255 257 258 263 257 247 255 262 -9999 -9999 -9999
212 236 251 260 267 273 278 280 281 280 279 288 -9999 -9999 -9999 -9999 -9999 -9999 -9999 -9999 -9999 -9999 -9999 -9999 -9999 -9999 -9999 -9999 -9999 -9999 -9999 -9999 -9999 -9999 -9999 -9999 -9999 -9999 -9999 -9999 -9999 -9999 298 297 300 298 293 290 281 278 290 291 290 -9999 290 288 287 287 -9999 285 281 277 277 275 269 256 246 246 249 257 265 267 270 263 264 -9999 -9999 -9999 -9999 -9999
252 259 261 267 272 277 280 282 283 281 275 283 292 -9999 -9999 -9999 -9999 -9999 -9999 -9999 -9999 -9999 -9999 -9999 -9999 -9999 -9999 -9999 -9999 -9999 -9999 -9999 -9999 -9999 -9999 -9999 -9999 -9999 -9999 -9999 -9999 -9999 -9999 -9999 -9999 -9999 296 291 290 289 289 290 289 -9999 -9999 -9999 -9999 -9999 -9999 -9999 285 282 276 269 261 252 251 242 247 266 274 273 -9999 -9999 -9999 -9999 -9999 -9999 -9999 -9999
