Artocarpus altilis SDM files/Last glacial maximum/Environmental layers/bio5.asc
ncols  1201
nrows  481
xllcorner  119.958333335783
yllcorner  -15.041666666017
cellsize 0.041666666667
NODATA_value  -9999
[rows 396 to 431 of 481, columns 80 to 159 of 1201]
-9999 -9999 -9999 -9999 -9999 -9999 266 264 265 263 265 266 -9999 -9999 -9999 -9999 -9999 -9999 -9999 -9999 270 270 268 269 267 269 272 271 271 272 -9999 272 272 -9999 -9999 -9999 -9999 -9999 -9999 -9999 -9999 -9999 -9999 -9999 -9999 -9999 282 281 283 284 284 285 286 287 288 290 291 292 293 294 295 296 297 298 299 301 302 302 303 304 306 307 307 308 309 310 311 312 313 316
-9999 -9999 -9999 -9999 -9999 -9999 265 261 263 261 264 267 268 -9999 -9999 -9999 -9999 -9999 -9999 -9999 270 266 265 268 269 269 270 272 272 271 273 -9999 -9999 -9999 -9999 -9999 -9999 -9999 -9999 -9999 -9999 -9999 -9999 -9999 -9999 -9999 -9999 -9999 284 284 285 286 287 288 289 290 292 293 294 295 296 297 298 299 300 302 303 304 305 306 307 308 309 309 310 311 312 312 313 318
265 -9999 -9999 -9999 -9999 -9999 266 -9999 -9999 -9999 -9999 268 -9999 -9999 -9999 -9999 -9999 -9999 -9999 -9999 -9999 -9999 266 266 268 271 271 272 271 272 273 -9999 -9999 -9999 -9999 -9999 -9999 -9999 -9999 -9999 -9999 -9999 -9999 -9999 -9999 -9999 -9999 284 284 285 286 287 288 289 290 291 292 294 295 297 298 298 299 300 301 302 304 305 306 307 308 309 310 311 311 312 313 314 316 317
264 263 -9999 263 -9999 266 266 -9999 -9999 -9999 -9999 -9999 -9999 -9999 -9999 -9999 -9999 -9999 -9999 -9999 -9999 -9999 -9999 272 271 267 269 272 270 272 273 -9999 -9999 -9999 -9999 -9999 -9999 -9999 -9999 -9999 -9999 -9999 280 280 281 282 283 283 285 286 286 287 288 290 291 292 293 294 296 297 299 300 300 301 302 304 305 306 307 308 309 310 311 312 313 314 315 315 316 317
260 261 -9999 265 266 266 265 267 -9999 -9999 -9999 -9999 -9999 -9999 -9999 -9999 -9999 -9999 -9999 -9999 -9999 -9999 -9999 272 269 269 272 271 273 273 272 -9999 -9999 -9999 -9999 -9999 -9999 -9999 -9999 -9999 279 279 280 281 282 283 283 285 286 286 288 289 290 291 292 293 294 295 297 298 300 301 302 303 303 305 306 307 308 309 310 310 311 312 313 314 315 316 318 319
260 261 265 264 266 265 266 -9999 -9999 -9999 -9999 -9999 -9999 -9999 -9999 -9999 -9999 -9999 -9999 -9999 -9999 -9999 272 272 272 273 269 269 271 273 274 -9999 -9999 -9999 -9999 -9999 -9999 -9999 -9999 279 279 279 280 281 282 283 284 285 286 287 288 289 290 292 293 294 295 296 297 299 301 302 303 304 305 306 307 308 309 310 311 312 312 313 314 315 316 317 318 319
259 260 261 265 266 -9999 -9999 -9999 -9999 -9999 -9999 -9999 269 270 -9999 -9999 -9999 -9999 -9999 -9999 -9999 -9999 272 271 268 271 273 273 272 274 -9999 -9999 -9999 -9999 -9999 -9999 277 277 278 278 279 280 281 282 283 284 285 286 287 288 289 290 291 292 294 295 296 297 298 300 301 303 304 305 306 307 308 308 309 310 312 313 314 315 316 316 316 317 318 319
259 261 262 262 261 -9999 -9999 -9999 -9999 -9999 -9999 269 269 269 -9999 -9999 -9999 -9999 -9999 -9999 -9999 -9999 273 273 272 272 273 -9999 -9999 -9999 -9999 -9999 -9999 -9999 277 277 277 277 278 279 280 281 281 282 283 284 285 286 288 289 290 291 292 293 294 295 297 298 299 301 302 304 305 306 307 308 310 309 310 311 313 314 315 316 317 318 318 318 319 320
260 262 261 262 261 -9999 -9999 -9999 -9999 -9999 -9999 269 270 270 -9999 -9999 -9999 -9999 -9999 -9999 -9999 -9999 -9999 -9999 273 274 274 274 -9999 -9999 -9999 -9999 -9999 -9999 277 277 -9999 278 -9999 -9999 281 281 282 283 284 285 286 287 288 289 290 292 293 294 295 296 297 298 300 302 303 305 307 307 308 309 311 311 311 312 314 315 316 317 318 319 319 319 319 320
263 261 262 262 266 -9999 -9999 -9999 -9999 -9999 -9999 -9999 -9999 -9999 -9999 -9999 272 272 272 -9999 -9999 -9999 -9999 -9999 -9999 274 273 274 -9999 -9999 -9999 -9999 -9999 -9999 -9999 -9999 -9999 -9999 280 280 280 281 282 283 284 285 286 287 289 290 291 292 294 295 296 297 299 299 301 303 304 306 308 308 309 310 312 313 313 313 314 316 317 318 319 320 321 321 321 321
265 265 266 -9999 -9999 -9999 -9999 -9999 -9999 -9999 -9999 -9999 -9999 271 271 271 271 272 272 273 273 -9999 -9999 -9999 -9999 -9999 275 275 275 -9999 -9999 -9999 -9999 277 277 -9999 279 279 280 280 281 282 283 284 285 285 287 288 289 291 292 293 294 295 297 298 300 300 301 303 305 307 309 309 310 311 313 314 315 316 316 316 318 319 320 321 322 323 323 323
-9999 262 264 266 -9999 -9999 -9999 -9999 -9999 -9999 -9999 270 270 270 270 271 271 272 272 272 273 273 273 274 274 274 275 275 275 276 276 276 -9999 278 278 278 279 279 280 281 282 282 284 284 285 286 287 288 290 291 292 294 295 296 297 299 300 301 302 304 306 308 309 310 311 312 313 315 316 317 318 318 318 319 320 321 322 324 325 325
265 266 266 266 -9999 -9999 -9999 -9999 -9999 -9999 -9999 270 270 269 270 271 271 272 272 272 273 273 273 273 273 274 275 275 276 276 276 277 278 278 278 279 -9999 280 280 281 282 283 284 284 286 287 288 289 290 292 293 294 295 297 298 299 301 303 303 304 306 308 310 312 313 314 315 316 317 318 319 320 320 320 320 321 322 324 324 326
-9999 266 266 -9999 -9999 -9999 -9999 -9999 -9999 270 270 270 270 270 271 271 272 272 272 273 273 273 273 273 273 274 275 276 276 276 277 277 278 278 279 279 280 280 281 281 282 283 284 285 286 287 289 290 291 292 294 295 296 298 299 300 302 303 305 305 306 309 311 312 313 314 316 317 317 318 319 320 322 322 322 322 324 324 325 326
-9999 -9999 -9999 -9999 -9999 -9999 -9999 -9999 -9999 270 270 270 270 270 271 272 272 272 273 273 273 274 274 274 274 274 275 276 276 276 277 278 278 278 279 279 280 280 281 282 283 283 284 285 286 287 289 290 292 293 294 295 297 298 299 301 302 304 306 307 307 308 311 313 314 315 317 318 318 318 320 322 323 324 325 324 324 326 326 326
-9999 -9999 -9999 -9999 -9999 -9999 -9999 -9999 -9999 269 270 270 270 271 271 271 272 272 273 273 273 274 274 274 275 275 275 276 276 277 277 278 278 279 279 280 281 281 282 282 283 284 284 285 286 288 290 291 292 293 295 296 297 299 300 301 303 304 306 308 309 310 312 314 315 316 317 319 320 319 321 322 323 323 325 326 325 326 328 329
-9999 -9999 -9999 -9999 -9999 -9999 -9999 -9999 -9999 270 270 271 271 272 272 272 272 273 273 273 273 274 274 275 275 275 276 276 277 277 -9999 278 278 278 280 280 281 282 282 283 284 284 285 286 287 289 290 291 292 294 296 297 298 300 301 302 304 305 307 308 310 311 313 315 316 317 318 319 320 321 322 323 324 324 326 327 328 328 329 328
266 266 266 -9999 -9999 -9999 -9999 -9999 -9999 270 271 271 272 272 272 272 273 273 273 273 273 274 274 275 275 276 276 276 277 -9999 278 278 279 279 280 280 281 282 282 283 284 285 286 286 287 289 291 292 293 294 296 298 299 300 302 303 305 306 308 309 311 313 314 315 317 318 318 319 320 321 323 325 325 326 326 327 328 329 330 330
266 266 266 267 -9999 269 269 270 270 271 271 272 272 272 272 272 273 273 273 273 274 274 274 275 275 276 276 276 277 277 278 278 279 279 280 281 281 282 282 283 284 285 286 287 288 289 291 292 293 295 296 298 299 301 302 304 305 307 308 311 312 313 315 316 317 318 319 319 320 322 324 324 326 327 328 328 329 330 330 330
265 264 264 265 268 268 269 269 270 271 271 272 272 272 272 272 272 272 273 274 273 273 274 274 275 276 276 277 277 278 278 278 279 280 280 281 282 283 283 283 284 286 287 288 289 290 292 293 294 295 297 299 300 302 303 305 306 307 309 311 312 314 315 316 317 318 319 320 321 323 323 324 325 327 328 329 329 329 330 331
260 260 261 264 264 264 264 269 269 270 271 271 271 271 271 271 271 272 273 273 273 273 274 274 275 276 277 277 277 278 278 278 279 280 281 281 282 283 284 284 285 286 287 288 289 289 292 294 295 296 298 300 301 302 303 306 307 309 310 312 313 314 316 317 319 320 321 321 323 324 324 325 327 328 329 329 328 329 330 331
264 265 263 266 264 263 265 269 269 269 269 269 270 270 270 270 271 272 272 272 273 273 276 274 276 276 277 277 277 278 278 279 279 280 281 281 282 283 284 285 285 286 287 288 289 290 292 294 295 297 299 300 301 303 304 306 308 310 311 313 314 316 317 319 320 321 322 323 324 325 326 327 329 329 330 330 331 331 332 332
-9999 -9999 -9999 268 268 269 269 269 266 267 267 268 268 269 270 272 273 273 273 273 274 276 275 274 276 276 277 277 278 278 278 279 280 280 281 281 282 283 285 285 286 286 288 289 290 291 293 294 295 297 299 301 303 304 305 307 308 310 312 314 315 316 318 319 320 322 323 324 325 326 327 329 329 329 330 331 331 331 332 333
-9999 -9999 -9999 -9999 -9999 270 270 271 270 270 271 271 271 271 273 274 274 275 275 276 277 277 275 275 275 276 277 277 277 278 279 279 280 281 281 282 283 283 285 285 287 287 288 290 291 292 294 295 296 298 299 301 303 305 307 308 309 311 312 314 315 317 318 320 321 322 323 324 325 327 328 329 329 329 330 331 332 332 333 334
-9999 -9999 -9999 -9999 -9999 268 267 270 272 272 273 274 274 275 276 276 276 276 277 277 278 277 276 275 275 276 277 277 278 278 279 280 280 281 281 282 283 284 285 286 287 288 289 290 291 292 294 296 297 299 300 302 304 305 307 309 311 312 313 315 316 318 319 320 322 323 324 324 326 328 329 329 330 331 331 332 332 333 334 334
-9999 -9999 -9999 -9999 -9999 269 269 271 -9999 -9999 -9999 -9999 -9999 -9999 -9999 -9999 277 276 277 278 278 278 278 277 276 276 276 278 278 278 279 280 281 281 282 283 284 284 285 286 287 288 289 291 292 293 295 296 298 299 301 303 305 307 308 310 311 313 314 316 317 318 320 321 323 324 325 326 327 329 329 330 330 331 332 331 332 333 333 335
-9999 -9999 -9999 -9999 -9999 -9999 -9999 -9999 -9999 -9999 -9999 -9999 -9999 -9999 -9999 -9999 277 277 278 -9999 -9999 -9999 280 279 277 277 277 278 279 279 279 280 280 281 282 283 284 284 286 287 287 288 290 291 292 294 295 297 299 300 301 302 305 307 309 310 312 314 315 317 318 320 321 322 323 325 325 325 328 329 330 331 331 332 332 331 332 333 334 335
-9999 -9999 -9999 -9999 -9999 -9999 -9999 -9999 -9999 -9999 -9999 -9999 -9999 -9999 -9999 -9999 -9999 -9999 -9999 -9999 -9999 -9999 -9999 279 278 279 279 279 279 279 280 280 281 282 283 283 284 284 286 287 288 289 290 292 293 294 296 297 299 300 301 303 305 308 309 310 312 314 316 317 319 320 321 323 324 325 326 327 329 330 330 331 332 332 331 331 333 334 335 335
-9999 -9999 -9999 -9999 -9999 -9999 -9999 -9999 -9999 -9999 -9999 -9999 -9999 -9999 -9999 -9999 -9999 -9999 -9999 -9999 -9999 -9999 -9999 -9999 280 280 279 279 279 280 280 280 281 282 283 284 285 285 286 287 289 290 291 292 294 295 296 298 299 301 303 305 306 308 310 312 313 315 316 318 319 321 322 324 325 326 327 329 329 330 331 332 332 331 332 332 333 335 335 336
-9999 -9999 -9999 -9999 -9999 -9999 -9999 -9999 -9999 -9999 -9999 -9999 -9999 -9999 -9999 -9999 -9999 -9999 -9999 -9999 -9999 -9999 -9999 282 281 281 281 281 281 281 281 281 282 282 283 284 285 286 287 288 289 290 292 293 294 296 297 298 300 301 303 305 307 309 310 312 314 316 317 318 320 321 323 324 326 327 328 329 329 330 331 332 333 333 333 333 334 335 336 337
-9999 -9999 -9999 -9999 -9999 -9999 -9999 -9999 -9999 -9999 -9999 -9999 -9999 -9999 -9999 -9999 -9999 -9999 -9999 -9999 -9999 -9999 282 282 282 282 281 281 281 281 282 281 282 283 283 284 285 286 287 288 289 290 292 293 294 296 298 299 300 302 304 306 308 309 311 313 315 316 318 319 320 322 323 325 326 327 328 329 330 331 331 332 333 334 334 335 335 336 337 337
-9999 -9999 -9999 -9999 -9999 -9999 -9999 -9999 -9999 -9999 -9999 -9999 -9999 -9999 -9999 -9999 -9999 -9999 -9999 -9999 -9999 -9999 282 280 281 283 283 282 282 282 282 283 283 283 284 285 286 287 287 289 290 291 292 294 295 297 298 300 301 303 305 306 308 310 312 313 315 317 318 320 321 323 324 325 327 328 329 330 331 331 332 332 333 334 335 336 336 337 337 338
-9999 -9999 -9999 -9999 -9999 -9999 -9999 -9999 -9999 -9999 -9999 -9999 -9999 -9999 -9999 -9999 -9999 -9999 -9999 -9999 -9999 -9999 282 282 283 283 284 283 283 283 283 283 284 284 284 285 286 287 288 289 290 291 293 294 295 297 299 300 302 303 305 307 308 310 312 313 315 317 319 320 322 323 325 326 327 328 329 330 330 331 332 333 334 335 336 337 337 338 338 338
-9999 -9999 -9999 -9999 -9999 -9999 -9999 -9999 -9999 -9999 -9999 -9999 -9999 -9999 -9999 -9999 -9999 -9999 -9999 -9999 -9999 -9999 -9999 -9999 284 283 284 -9999 284 284 284 284 284 285 285 286 286 287 288 289 291 292 293 294 296 297 299 301 302 304 306 307 309 311 312 314 316 318 319 321 322 324 326 327 328 329 330 329 330 331 333 334 335 336 337 337 338 338 339 339
-9999 -9999 -9999 -9999 -9999 -9999 -9999 -9999 -9999 -9999 -9999 -9999 -9999 -9999 -9999 -9999 -9999 -9999 -9999 -9999 -9999 -9999 -9999 -9999 -9999 284 285 -9999 -9999 285 286 285 285 285 286 286 287 288 289 290 291 292 294 295 296 298 299 301 303 304 306 308 310 311 313 314 316 318 320 321 323 324 325 327 328 329 330 331 331 333 334 335 336 337 337 338 338 339 339 340
-9999 -9999 -9999 -9999 -9999 -9999 -9999 -9999 -9999 -9999 -9999 -9999 -9999 -9999 -9999 -9999 -9999 -9999 -9999 -9999 -9999 -9999 -9999 -9999 -9999 -9999 -9999 -9999 -9999 -9999 287 286 286 286 287 287 288 288 289 290 291 293 294 295 297 298 300 302 303 305 307 308 310 312 313 315 317 318 320 322 323 325 326 327 328 329 331 332 332 333 335 335 336 336 337 338 339 340 340 340
