Artocarpus altilis SDM files/Last glacial maximum/Environmental layers/bio5.asc
ncols  1201
nrows  481
xllcorner  119.958333335783
yllcorner  -15.041666666017
cellsize 0.041666666667
NODATA_value  -9999
[rows 324 to 359 of 481, columns 320 to 399 of 1201]
282 282 285 288 291 292 292 291 293 296 297 298 299 300 301 -9999 -9999 -9999 -9999 -9999 -9999 -9999 -9999 -9999 -9999 -9999 -9999 -9999 311 311 312 312 313 313 313 313 314 314 314 314 315 315 315 315 315 315 315 315 314 313 313 312 313 313 312 312 312 312 312 312 312 313 314 314 315 314 313 313 312 312 311 312 313 315 315 315 315 315 315 314
285 285 286 289 291 293 294 294 294 296 298 -9999 -9999 -9999 -9999 -9999 -9999 -9999 -9999 -9999 -9999 -9999 -9999 -9999 -9999 -9999 -9999 -9999 312 312 313 314 313 313 314 314 314 315 315 315 315 315 315 316 316 316 315 315 314 313 313 313 312 312 312 312 312 313 313 313 313 314 314 315 315 314 313 313 313 312 312 313 314 315 315 315 316 315 315 315
288 287 289 291 292 294 295 295 295 297 299 -9999 -9999 -9999 -9999 -9999 -9999 -9999 -9999 -9999 -9999 -9999 -9999 -9999 -9999 -9999 -9999 -9999 313 313 313 314 314 314 314 315 315 315 315 316 316 316 315 316 316 316 315 315 314 314 313 313 312 312 312 312 313 313 314 314 314 314 314 315 315 315 314 313 313 313 313 315 316 316 316 316 316 316 316 316
290 291 292 -9999 -9999 296 296 296 297 298 300 -9999 -9999 -9999 -9999 -9999 -9999 -9999 -9999 -9999 -9999 -9999 -9999 -9999 -9999 -9999 -9999 313 313 313 314 314 315 315 315 315 315 316 316 316 316 316 316 316 316 316 316 315 315 314 314 313 313 312 312 313 313 314 314 314 314 314 315 315 315 315 314 314 313 313 313 315 316 316 316 316 316 316 316 316
292 292 -9999 -9999 -9999 -9999 298 298 299 -9999 -9999 -9999 -9999 -9999 -9999 -9999 -9999 -9999 -9999 -9999 -9999 -9999 -9999 -9999 -9999 -9999 313 313 313 314 314 315 315 315 316 315 316 316 316 316 317 316 316 316 316 316 316 316 315 314 314 314 313 313 313 314 314 315 315 315 314 314 315 315 315 315 315 314 314 314 314 315 315 315 315 316 316 317 316 316
-9999 -9999 -9999 -9999 -9999 -9999 -9999 -9999 -9999 -9999 -9999 -9999 -9999 -9999 -9999 -9999 -9999 -9999 -9999 -9999 -9999 -9999 -9999 -9999 -9999 314 313 313 314 314 315 316 315 315 316 316 316 316 316 317 317 317 317 317 316 316 317 316 316 316 315 315 315 315 314 314 315 317 316 315 315 315 315 315 315 315 315 314 314 314 314 314 315 315 315 315 316 317 317 317
-9999 -9999 -9999 -9999 -9999 -9999 -9999 -9999 -9999 -9999 -9999 304 305 -9999 -9999 -9999 -9999 -9999 -9999 -9999 -9999 -9999 -9999 -9999 314 314 313 313 314 315 315 316 316 316 317 317 317 316 317 317 317 317 318 318 317 317 317 316 316 316 316 316 316 316 316 315 316 317 318 316 316 315 315 315 315 315 315 314 314 314 314 315 315 315 315 316 316 316 317 317
-9999 -9999 -9999 -9999 -9999 -9999 -9999 -9999 -9999 -9999 -9999 304 305 -9999 -9999 -9999 -9999 -9999 -9999 -9999 -9999 -9999 -9999 -9999 314 314 314 314 315 316 316 316 316 317 317 318 318 318 318 318 318 318 318 318 318 318 317 317 316 317 317 317 317 318 317 317 317 317 317 316 316 316 316 316 316 315 315 315 315 315 315 315 315 315 315 316 316 316 317 317
-9999 -9999 -9999 -9999 -9999 -9999 -9999 -9999 -9999 -9999 -9999 306 306 -9999 -9999 -9999 -9999 -9999 -9999 -9999 -9999 -9999 -9999 315 315 315 315 315 315 316 316 317 317 318 318 318 318 318 318 318 318 318 318 318 318 318 317 317 317 317 317 317 318 319 318 318 317 317 317 317 317 317 318 318 317 316 316 316 315 315 315 315 315 316 316 316 316 316 317 317
-9999 -9999 -9999 -9999 -9999 -9999 -9999 -9999 -9999 -9999 -9999 -9999 -9999 -9999 -9999 -9999 -9999 -9999 -9999 -9999 -9999 314 314 315 315 315 315 315 316 317 317 318 318 318 319 319 319 319 319 319 319 319 319 318 318 318 317 317 317 317 317 318 318 319 319 318 318 318 317 317 317 317 317 318 317 317 316 316 316 315 315 316 316 316 316 316 316 316 317 317
-9999 -9999 -9999 -9999 -9999 -9999 -9999 -9999 -9999 -9999 -9999 -9999 -9999 -9999 -9999 -9999 -9999 -9999 -9999 -9999 314 314 315 315 315 315 315 316 317 317 318 318 319 319 319 319 319 319 319 319 319 319 319 318 318 319 318 317 317 317 318 318 318 318 319 319 319 318 318 317 317 317 317 318 318 317 317 317 316 316 317 317 316 316 316 316 316 317 317 317
-9999 -9999 -9999 -9999 -9999 -9999 -9999 -9999 -9999 -9999 -9999 -9999 -9999 -9999 -9999 -9999 -9999 -9999 -9999 -9999 315 315 315 316 316 316 316 317 318 318 319 319 319 -9999 -9999 320 320 320 320 319 319 319 319 319 319 319 318 318 318 318 318 318 318 318 318 318 318 319 319 318 317 317 317 318 318 317 317 317 317 316 317 317 316 316 316 316 317 317 317 317
-9999 -9999 -9999 -9999 -9999 -9999 -9999 -9999 -9999 -9999 -9999 -9999 -9999 -9999 -9999 -9999 -9999 314 314 315 316 316 316 316 317 317 317 318 318 319 319 319 320 -9999 320 320 320 320 320 320 320 320 320 319 319 319 318 318 318 318 318 318 318 318 318 318 318 318 319 319 318 318 318 318 318 318 317 317 317 317 317 316 316 316 317 317 317 317 317 317
-9999 -9999 -9999 -9999 -9999 -9999 -9999 -9999 -9999 -9999 -9999 -9999 -9999 -9999 -9999 314 314 314 314 315 316 316 316 316 317 317 318 319 319 319 319 320 320 -9999 321 321 321 321 321 321 321 320 320 320 319 319 318 318 319 319 318 318 318 318 318 318 318 318 318 318 319 319 319 318 318 318 318 318 318 317 317 317 317 317 317 318 317 317 317 318
303 -9999 -9999 -9999 -9999 -9999 -9999 -9999 -9999 -9999 -9999 -9999 -9999 -9999 -9999 314 314 315 315 316 316 315 316 317 317 318 318 319 319 320 320 320 320 321 321 321 321 321 321 321 321 321 321 320 320 319 318 318 318 319 318 318 318 318 318 318 318 319 318 318 318 319 320 319 319 319 319 318 318 317 317 317 317 317 317 318 318 318 318 318
304 -9999 -9999 -9999 -9999 -9999 -9999 -9999 -9999 -9999 -9999 -9999 -9999 -9999 314 314 315 315 316 317 317 317 316 317 318 318 319 319 320 320 320 320 321 321 321 321 321 321 321 321 322 321 321 321 320 319 319 318 318 318 318 318 318 318 318 318 319 319 319 318 318 319 319 320 320 320 319 319 318 318 317 317 317 317 318 318 318 319 319 319
-9999 -9999 -9999 307 308 308 -9999 -9999 -9999 -9999 -9999 -9999 -9999 -9999 -9999 -9999 316 316 317 317 318 318 318 318 319 319 319 320 320 320 321 321 321 321 321 321 322 322 321 322 322 322 321 321 320 319 319 319 318 318 318 318 318 318 318 319 319 319 319 319 319 319 319 320 320 320 320 319 319 318 318 318 318 318 318 318 318 318 318 319
-9999 -9999 308 308 309 309 311 311 -9999 -9999 -9999 -9999 -9999 -9999 -9999 -9999 -9999 317 317 317 318 318 318 319 319 320 320 320 321 321 321 321 322 322 322 322 322 322 322 322 322 322 321 321 320 319 319 319 319 318 318 318 319 319 319 319 320 319 319 319 319 319 319 320 320 320 320 320 319 319 318 318 318 318 318 318 318 318 318 319
-9999 -9999 309 309 310 310 311 311 -9999 -9999 314 314 315 -9999 -9999 -9999 317 318 318 318 318 318 318 319 319 319 -9999 321 321 321 321 322 322 322 322 322 322 322 322 322 322 322 321 321 320 320 319 319 319 319 320 320 320 320 320 320 320 320 320 320 320 319 319 320 320 320 320 320 320 319 319 319 319 319 318 318 318 319 319 319
-9999 -9999 -9999 310 310 311 312 312 -9999 314 314 315 315 316 -9999 -9999 318 318 318 319 319 319 319 319 319 319 320 320 321 321 322 322 322 322 323 322 322 322 322 322 322 322 321 321 320 320 320 319 320 320 320 320 320 320 320 321 321 321 321 321 320 320 320 320 320 320 320 320 320 319 319 319 319 319 319 318 318 319 319 319
-9999 -9999 -9999 311 311 312 313 313 314 315 315 315 316 -9999 -9999 -9999 318 318 318 319 319 319 320 321 320 320 320 320 320 321 321 322 322 322 323 322 323 322 322 322 322 322 322 322 321 321 321 320 321 321 321 321 321 321 321 321 321 321 321 321 321 321 321 321 320 320 320 320 320 319 319 319 319 319 319 319 319 319 319 319
-9999 -9999 -9999 311 312 -9999 314 314 314 314 315 315 316 316 317 318 318 319 319 319 319 319 319 320 320 320 320 321 321 321 321 322 322 322 322 323 323 323 322 322 323 323 323 323 322 322 322 321 321 321 321 321 321 321 321 321 321 321 321 321 321 321 321 321 321 321 321 321 320 320 319 319 319 319 319 319 319 319 319 320
311 312 -9999 -9999 -9999 314 314 314 315 315 315 316 316 317 317 318 319 320 320 320 320 320 320 320 320 320 321 321 321 322 322 322 322 322 322 323 323 323 323 323 323 323 323 323 323 323 323 322 322 321 321 321 321 321 321 321 321 321 321 321 321 321 321 321 321 321 321 321 321 321 320 320 319 319 320 320 319 319 320 320
312 312 313 314 314 314 315 315 316 316 316 317 317 318 318 318 318 319 320 320 321 321 322 322 322 322 322 322 322 322 322 322 322 322 322 322 322 323 323 324 323 323 322 322 322 322 322 322 322 322 321 321 321 321 321 321 321 321 321 321 321 321 321 321 321 321 321 321 321 321 321 321 321 321 321 320 320 320 320 320
312 313 313 314 314 315 315 316 316 317 317 317 317 318 318 319 319 319 319 320 321 321 322 322 322 322 322 323 322 322 322 322 322 322 322 322 322 323 323 323 324 323 322 322 322 321 322 322 322 322 322 322 321 321 321 321 321 321 321 321 321 321 321 321 321 321 321 321 321 321 321 321 321 321 321 321 321 321 321 321
313 314 314 315 315 316 316 316 317 317 318 318 318 318 319 319 319 320 320 320 320 321 321 322 322 322 322 323 322 323 323 322 322 322 322 322 322 322 323 323 323 324 323 322 322 321 321 322 322 322 322 322 322 322 321 322 322 321 321 321 322 321 321 321 321 321 321 321 321 321 321 321 321 321 321 321 321 321 321 321
314 314 315 315 316 316 317 317 317 318 318 319 319 319 319 319 320 320 320 320 320 321 321 321 322 322 322 322 323 323 323 323 323 322 322 322 322 322 323 323 323 323 324 323 322 322 322 322 322 322 322 322 322 322 322 322 322 322 322 322 322 322 321 321 321 321 321 321 321 321 321 321 321 321 321 321 321 321 321 321
315 315 316 316 316 317 317 318 318 319 319 319 319 320 320 320 320 320 320 320 320 320 321 321 321 321 322 322 322 323 323 323 323 323 323 323 323 322 323 323 323 323 323 324 323 323 323 322 322 322 322 322 322 322 322 322 322 322 322 322 322 322 322 322 322 322 322 322 321 321 321 321 321 321 321 321 321 321 321 321
315 316 316 316 317 317 318 318 319 319 319 319 320 320 320 320 320 320 321 321 321 321 321 321 321 321 321 322 322 322 322 323 323 322 322 322 322 323 323 323 323 323 323 323 324 323 323 323 323 322 322 322 322 322 322 322 322 322 322 322 322 322 322 322 322 322 322 322 322 322 322 322 322 322 321 321 321 321 321 321
316 316 316 317 317 317 318 318 319 319 319 320 320 320 320 321 321 321 321 321 321 321 321 321 321 321 321 321 322 322 322 322 322 322 322 322 322 322 322 322 323 323 323 323 323 323 324 323 323 323 323 322 322 322 322 322 322 322 322 322 322 322 322 322 322 322 322 322 322 322 322 322 321 321 321 321 321 321 321 321
316 316 317 317 317 318 318 318 319 319 319 320 320 320 321 321 321 321 321 321 321 321 321 321 321 321 321 321 322 322 322 322 322 322 322 322 322 322 322 322 322 322 322 323 323 323 323 323 324 323 323 323 323 323 322 322 322 322 322 322 322 322 322 322 322 322 322 322 322 321 321 321 321 321 321 321 321 321 321 321
316 317 317 317 318 318 318 318 319 319 319 320 320 321 321 321 321 321 322 321 321 321 321 321 321 322 322 322 322 322 322 322 322 322 322 322 322 322 322 322 322 322 322 322 322 322 323 323 323 323 323 323 323 323 323 323 322 322 322 322 322 322 322 322 322 322 322 322 322 322 322 321 321 321 322 322 321 321 321 321
316 317 317 318 318 318 318 319 319 319 319 320 320 320 321 321 321 322 322 321 321 321 321 321 321 322 322 322 322 322 322 322 322 322 322 322 322 322 322 322 322 322 322 322 322 322 323 323 323 323 323 323 323 323 323 323 323 322 322 322 322 322 322 322 322 322 322 322 322 322 322 322 322 322 322 322 322 321 321 321
316 317 317 318 318 318 319 319 319 319 320 320 320 320 320 321 321 322 322 322 322 321 321 321 321 322 322 322 322 322 322 322 322 322 322 322 322 322 322 322 322 322 322 322 322 322 322 322 323 323 322 322 323 323 323 323 323 323 322 322 322 322 322 322 322 322 322 322 322 322 322 322 322 322 322 322 322 322 322 322
317 317 317 318 318 319 319 319 319 320 320 320 320 320 320 321 321 321 322 322 322 322 322 322 322 322 322 322 322 322 322 322 322 322 322 322 322 323 322 322 322 322 322 322 322 322 322 322 322 323 322 322 322 323 323 323 323 323 323 323 323 322 322 322 322 322 322 322 322 322 322 322 322 322 322 322 322 322 322 322
317 318 318 318 318 319 319 320 320 320 320 320 320 320 320 321 321 321 322 322 322 322 323 323 322 322 322 322 322 322 322 322 322 322 322 322 322 322 322 322 322 322 322 322 322 322 322 322 322 322 323 322 322 322 322 323 323 323 323 324 323 323 322 322 322 322 322 322 322 322 322 322 322 322 322 322 322 322 322 322
