Artocarpus altilis SDM files/Last glacial maximum/Environmental layers/bio5.asc
ncols  1201
nrows  481
xllcorner  119.958333335783
yllcorner  -15.041666666017
cellsize 0.041666666667
NODATA_value  -9999
[rows 396 to 431 of 481, columns 480 to 559 of 1201]
325 325 325 325 325 325 324 324 324 324 324 323 323 323 323 322 322 322 322 321 321 320 320 319 319 318 318 317 317 316 316 315 315 314 314 313 312 312 311 310 309 308 308 307 306 305 305 304 303 302 300 299 298 297 295 294 292 291 288 285 284 282 284 282 282 281 281 280 281 285 285 285 284 284 284 283 281 281 281 281
325 325 325 325 325 324 324 324 324 324 324 323 323 323 322 322 322 322 322 321 321 320 320 319 319 318 318 317 317 316 316 315 315 314 314 313 313 312 311 310 310 309 308 307 306 305 305 304 303 302 300 299 298 297 296 294 292 291 288 287 284 283 283 282 282 281 280 280 283 285 285 285 284 283 284 283 282 282 281 281
325 325 325 325 325 324 324 324 324 324 324 323 323 323 322 322 322 322 322 321 321 320 320 319 319 318 318 317 317 316 316 315 315 314 314 313 313 312 311 310 310 309 308 307 306 306 305 304 303 302 300 299 298 297 296 294 292 290 289 287 287 285 282 282 282 281 280 281 282 284 285 284 285 284 284 284 283 281 282 281
325 325 325 325 325 324 324 324 324 324 323 323 323 323 322 322 322 322 321 321 321 320 320 319 319 318 318 318 317 317 316 316 315 314 314 313 313 312 311 310 310 309 308 307 306 306 305 304 303 302 300 299 298 297 296 295 293 291 290 289 288 286 285 282 280 280 280 283 283 284 285 285 285 284 284 284 283 283 282 282
325 325 325 325 324 324 324 324 324 324 323 323 323 323 322 322 322 322 321 321 321 320 320 319 319 318 318 317 317 317 316 316 315 315 314 313 313 312 311 310 310 309 308 307 306 306 305 304 303 301 299 299 298 296 296 295 293 292 290 289 287 286 285 283 281 279 282 283 283 284 285 285 285 285 284 284 284 282 282 282
325 325 325 324 324 324 324 324 324 324 323 323 323 323 322 322 322 322 321 321 321 320 319 319 319 318 318 317 317 316 316 315 315 314 314 313 313 312 311 310 310 309 308 307 307 306 305 304 303 301 300 299 298 296 295 295 293 292 290 289 287 285 284 283 282 281 284 284 284 284 285 285 284 284 284 284 284 283 282 282
325 325 325 324 324 324 324 324 324 323 323 323 323 323 322 322 322 322 321 321 320 320 320 319 319 318 318 317 317 316 316 315 315 314 314 313 312 312 311 310 310 309 308 307 307 306 305 304 302 301 300 299 298 296 295 295 294 292 291 289 287 286 284 283 281 281 284 284 284 285 285 285 284 284 284 283 284 284 283 282
325 325 324 324 324 324 324 324 324 323 323 323 323 322 322 322 322 321 321 321 320 320 319 319 319 318 318 317 317 316 316 315 315 314 314 313 312 312 311 310 310 309 308 307 306 306 305 303 302 301 300 298 297 296 294 293 293 292 290 289 288 287 286 284 282 281 283 284 284 285 286 285 285 285 284 284 284 284 283 282
325 325 324 324 324 324 324 324 323 323 323 323 323 322 322 322 322 321 321 321 320 320 319 319 318 318 318 317 317 316 316 315 315 314 314 313 312 312 311 310 309 309 308 307 306 305 304 303 301 300 299 298 297 296 295 293 292 292 292 290 288 287 286 284 282 283 282 282 283 284 285 285 285 284 284 284 284 284 284 283
325 324 324 324 324 324 324 323 323 323 323 323 322 322 322 322 321 321 321 321 320 320 319 319 318 318 318 317 317 316 316 315 315 314 314 313 312 312 311 310 309 309 308 307 306 305 304 303 302 300 299 298 297 297 296 294 294 292 291 290 288 286 285 284 283 283 283 283 283 283 284 284 285 284 283 283 283 284 285 284
324 324 324 324 324 324 324 323 323 323 323 323 322 322 322 322 321 321 321 321 320 320 319 319 318 318 317 317 316 316 316 315 315 314 314 313 312 312 311 310 309 308 308 307 306 305 304 303 301 300 299 298 298 297 295 294 293 291 290 290 289 287 286 284 284 284 284 283 284 282 284 284 284 284 283 282 282 283 284 284
324 324 324 324 324 324 324 323 323 323 323 323 322 322 322 322 321 321 321 320 320 320 319 319 318 318 317 317 317 316 316 315 315 314 314 313 312 312 311 310 309 308 308 307 306 305 304 303 302 300 300 299 298 297 296 295 294 292 290 291 289 287 285 285 284 283 284 284 284 284 284 284 283 283 282 281 281 282 282 283
324 324 324 324 324 324 323 323 323 323 323 323 322 322 322 321 321 321 321 320 320 320 319 319 318 318 317 317 316 316 316 315 315 314 314 313 312 312 311 310 309 308 307 307 306 304 303 304 303 301 300 298 298 297 297 296 295 293 292 290 290 288 287 286 284 283 283 283 283 284 283 283 283 283 281 281 282 283 283 284
324 324 324 324 324 324 323 323 323 323 323 322 322 322 322 321 321 321 321 320 320 319 319 319 318 318 317 317 316 316 316 315 315 314 313 313 312 312 311 310 309 308 307 307 305 304 303 303 302 302 299 298 298 297 297 296 294 292 291 289 290 289 288 287 285 283 283 281 283 283 282 282 283 283 282 281 282 284 284 284
324 324 324 324 324 323 323 323 323 323 323 322 322 322 322 321 321 321 321 320 320 319 319 319 318 318 317 317 316 316 316 315 315 314 313 313 312 312 311 310 309 308 307 306 305 304 303 302 301 300 299 298 297 297 296 296 295 293 293 292 290 289 288 286 284 284 284 283 282 281 280 282 283 283 283 282 284 284 285 284
324 324 324 324 323 323 323 323 323 323 322 322 322 322 322 321 321 321 321 320 320 320 319 319 318 318 317 317 316 316 315 315 314 314 313 313 312 311 311 310 309 308 307 306 304 304 303 302 301 300 299 298 296 296 295 296 295 294 293 292 290 289 287 286 284 284 284 284 283 281 280 282 283 283 283 283 285 285 285 284
324 324 324 324 323 323 323 323 323 323 322 322 322 322 322 321 321 321 320 320 320 319 319 319 318 318 317 317 316 316 315 315 314 314 313 313 312 311 311 310 309 308 307 305 304 303 303 302 301 300 298 297 296 296 294 294 294 294 292 291 290 288 287 285 283 283 283 284 284 282 282 283 284 283 282 284 285 285 285 285
324 324 324 323 323 323 323 323 323 322 322 322 322 322 321 321 321 321 320 320 319 319 319 319 318 318 317 317 316 316 315 315 314 314 313 313 312 311 311 310 309 308 306 305 304 303 303 302 300 299 298 297 296 295 294 293 293 293 292 290 288 288 287 284 283 282 283 284 284 283 284 284 283 281 281 284 284 284 284 284
324 324 324 323 323 323 323 323 323 322 322 322 322 321 321 321 321 320 320 320 319 319 319 319 318 318 317 317 316 316 315 315 314 314 313 313 312 311 311 310 309 307 306 305 304 303 302 302 301 301 300 298 296 295 294 293 293 293 292 291 289 289 287 285 283 281 281 283 283 283 282 283 283 281 281 284 285 284 284 284
324 324 323 323 323 323 323 323 322 322 322 322 322 321 321 321 321 320 320 320 320 319 319 319 318 318 317 317 316 316 315 315 314 314 313 313 312 311 310 309 309 307 305 305 304 303 302 302 301 300 300 299 298 296 294 293 293 292 293 291 290 289 287 285 285 282 281 281 281 282 278 281 282 280 282 285 284 284 284 284
324 323 323 323 323 323 323 323 322 322 322 322 322 321 321 321 320 320 320 320 319 319 319 319 318 318 317 316 316 316 315 315 314 314 313 313 312 311 310 309 309 307 306 305 304 303 302 301 301 300 298 299 298 297 296 295 295 294 293 292 290 289 287 287 285 284 282 281 281 282 277 276 281 281 281 284 283 282 283 284
324 323 323 323 323 323 323 322 322 322 322 322 321 321 321 321 320 320 320 320 319 319 319 319 318 318 317 316 316 316 315 315 314 314 313 312 312 311 310 309 308 306 306 305 304 303 302 300 300 299 298 299 299 298 297 296 295 294 293 292 291 289 288 287 285 284 283 281 280 280 277 274 279 281 280 282 282 276 280 282
323 323 323 323 323 323 323 322 322 322 322 322 321 321 321 321 320 320 320 320 319 319 319 318 318 318 317 316 316 316 315 315 314 314 313 312 311 311 310 309 307 306 306 305 304 303 301 300 299 299 298 298 297 297 296 295 295 294 293 292 291 290 289 288 287 285 283 281 280 280 276 273 275 280 281 280 281 279 274 277
323 323 323 323 323 323 322 322 322 322 322 322 321 321 321 321 320 320 320 320 319 319 319 318 318 317 317 316 316 316 315 315 314 314 313 312 311 311 310 308 307 307 306 305 304 302 302 301 300 300 300 299 298 297 295 293 294 294 293 292 291 290 289 288 287 286 284 280 281 279 276 278 279 279 279 281 280 279 271 280
323 323 323 323 323 323 322 322 322 322 322 321 321 321 321 320 320 320 320 320 319 319 319 318 318 317 317 316 316 315 315 315 314 313 313 312 311 310 310 308 307 307 306 305 304 303 303 301 301 300 301 300 298 297 296 293 292 293 293 292 291 290 289 288 287 286 284 283 282 278 275 276 278 280 279 280 278 278 281 282
323 323 323 323 323 323 322 322 322 322 322 321 321 321 321 320 320 320 320 319 319 319 318 318 318 317 317 316 316 315 315 314 314 313 313 312 311 310 309 308 307 307 307 306 304 304 303 303 301 301 301 300 299 298 296 295 293 293 293 292 291 290 289 288 286 286 285 284 282 279 275 273 274 279 281 282 281 280 279 280
323 323 323 323 323 322 322 322 322 322 321 321 321 321 321 320 320 320 320 319 319 319 318 318 317 317 317 316 316 315 315 314 314 313 313 312 311 310 309 308 308 308 307 306 305 305 304 303 301 301 300 299 297 297 297 296 294 293 293 292 291 290 289 288 286 285 285 284 281 278 276 272 270 276 280 281 279 272 273 278
323 323 323 323 322 322 322 322 322 322 321 321 321 321 321 320 320 320 320 319 319 319 318 318 317 317 316 316 316 315 315 314 314 313 312 312 311 310 310 309 308 308 308 307 306 304 303 302 301 300 299 297 297 295 295 296 295 293 293 292 291 289 288 287 286 285 285 283 283 280 278 276 272 278 281 279 275 267 266 277
323 323 323 323 322 322 322 322 322 322 321 321 321 321 320 320 320 320 319 319 319 318 318 317 317 317 316 316 316 315 315 314 314 313 312 312 311 310 310 309 309 308 308 307 305 304 303 302 301 300 300 299 298 295 295 296 294 293 292 291 290 289 287 285 285 285 284 284 283 279 276 274 276 280 279 276 272 273 273 280
323 323 323 322 322 322 322 322 322 321 321 321 321 321 320 320 320 320 319 319 319 318 318 317 317 317 316 316 315 315 315 314 314 313 312 312 311 310 310 309 309 308 308 306 305 304 303 303 302 301 300 300 298 294 295 295 294 293 292 291 290 289 287 282 284 283 284 284 283 280 278 277 280 281 280 279 276 273 274 281
323 323 323 322 322 322 322 322 322 321 321 321 321 321 320 320 320 319 319 319 318 318 318 317 317 317 316 316 315 315 315 314 314 313 312 312 311 310 310 309 309 309 308 306 304 303 303 302 300 299 299 299 299 298 295 295 294 293 292 291 290 289 287 283 281 283 283 283 283 282 281 281 279 280 277 277 269 264 271 281
323 323 323 322 322 322 322 322 322 321 321 321 321 321 320 320 320 319 319 319 318 318 318 317 317 316 316 316 315 315 314 314 313 313 312 312 311 310 310 309 309 309 308 306 304 303 303 302 299 298 298 298 299 298 296 295 294 293 292 291 290 288 287 286 280 283 284 284 282 282 279 280 276 279 275 267 266 265 270 281
323 323 323 322 322 322 322 322 321 321 321 321 321 320 320 320 320 319 319 319 318 318 318 317 317 316 316 316 315 315 314 314 313 313 312 312 311 311 310 309 309 308 306 304 303 302 303 303 301 300 299 298 298 298 296 295 293 293 292 291 290 289 287 286 283 284 284 284 282 281 280 279 280 277 270 268 265 266 270 279
323 323 322 322 322 322 322 322 321 321 321 321 321 320 320 320 320 319 319 319 318 318 317 317 317 316 316 315 315 315 314 314 313 313 312 312 311 311 310 309 308 306 303 302 302 303 304 303 302 301 300 299 298 298 297 295 293 292 291 291 290 288 286 284 285 285 284 283 282 279 280 277 279 279 276 274 270 269 269 276
323 323 322 322 322 322 322 322 321 321 321 321 321 320 320 320 319 319 319 318 318 318 317 317 317 316 316 315 315 314 314 314 313 313 312 312 311 311 310 308 305 304 303 301 300 302 303 303 302 301 300 298 298 298 297 296 294 292 290 290 290 289 287 285 285 284 284 283 281 280 281 277 277 275 270 273 272 272 270 273
323 323 322 322 322 322 322 322 321 321 321 321 321 320 320 320 319 319 319 318 318 318 317 317 317 316 316 315 315 314 314 313 313 313 312 312 311 310 309 307 306 305 304 302 301 300 302 303 302 301 299 296 296 297 296 295 294 292 291 290 289 288 288 286 285 284 284 283 280 281 280 278 275 272 266 269 271 271 271 270
