Artocarpus hirsutus SDM files/Last interglacial/results (without bias file)/Arthir_6.asc
ncols         625
nrows         721
xllcorner     69.99986311115
yllcorner     5.99986151914999
cellsize      0.041666667
NODATA_value  -9999
[rows 81 to 107 of 721, columns 366 to 426 of 625]
2.5629E-5 2.71492E-5 2.80122E-5 3.00278E-5 2.90528E-5 2.67413E-5 2.75931E-5 3.19611E-5 3.47982E-5 3.44114E-5 3.31405E-5 3.07868E-5 3.20077E-5 3.38679E-5 3.64392E-5 3.79206E-5 3.63919E-5 3.35696E-5 3.33245E-5 2.48982E-5 2.60465E-5 2.36724E-5 2.4063E-5 2.93521E-5 2.9548E-5 2.26993E-5 2.16374E-5 2.51502E-5 2.88116E-5 2.57472E-5 2.35356E-5 2.54322E-5 2.46103E-5 2.51479E-5 2.56378E-5 2.49461E-5 2.90073E-5 3.05544E-5 3.06686E-5 2.85179E-5 2.8777E-5 3.1983E-5 3.35819E-5 3.1412E-5 3.15389E-5 3.31056E-5 3.33232E-5 3.48284E-5 3.46542E-5 3.79025E-5 3.87479E-5 3.66874E-5 3.70241E-5 3.59435E-5 3.522E-5 3.53976E-5 3.67745E-5 3.30864E-5 3.04429E-5 3.49509E-5 3.40775E-5
2.73905E-5 2.92322E-5 2.95518E-5 3.33511E-5 3.07888E-5 2.63724E-5 2.81301E-5 3.14694E-5 3.65665E-5 3.55744E-5 3.38333E-5 3.54604E-5 3.41048E-5 3.54199E-5 3.60201E-5 3.45118E-5 3.3187E-5 3.43006E-5 2.57804E-5 2.60029E-5 2.43612E-5 2.30947E-5 2.21371E-5 2.00949E-5 1.98486E-5 2.21851E-5 2.48298E-5 2.75129E-5 2.57049E-5 2.2143E-5 2.26045E-5 2.36104E-5 2.7488E-5 2.98618E-5 2.81271E-5 2.57628E-5 2.66399E-5 3.07183E-5 3.14722E-5 3.156E-5 2.99092E-5 3.09325E-5 3.24533E-5 3.20381E-5 3.39215E-5 3.39477E-5 3.28027E-5 3.39887E-5 3.72016E-5 3.76268E-5 3.75459E-5 3.56449E-5 3.53623E-5 3.73071E-5 3.44178E-5 3.7326E-5 3.23857E-5 3.01677E-5 3.45766E-5 3.69316E-5 3.43973E-5
2.73951E-5 2.67872E-5 2.81666E-5 3.17021E-5 3.07254E-5 3.1313E-5 2.98503E-5 3.19799E-5 3.35913E-5 3.37463E-5 3.23913E-5 3.59077E-5 3.745E-5 3.70419E-5 3.61594E-5 3.38697E-5 2.22386E-5 2.11745E-5 2.39569E-5 2.27904E-5 2.24068E-5 2.23759E-5 1.98875E-5 1.92719E-5 2.08002E-5 2.49127E-5 2.68675E-5 2.57556E-5 2.61823E-5 2.43766E-5 2.38356E-5 2.40822E-5 2.5536E-5 2.54841E-5 2.55499E-5 2.94136E-5 3.08743E-5 3.07524E-5 3.23994E-5 3.20717E-5 3.1159E-5 3.23494E-5 3.38788E-5 3.32118E-5 3.28312E-5 3.16651E-5 3.18663E-5 3.4811E-5 3.65824E-5 3.85685E-5 3.9407E-5 3.40555E-5 3.32987E-5 3.45535E-5 3.25159E-5 3.13297E-5 3.26446E-5 3.38693E-5 3.7744E-5 3.63068E-5 3.55285E-5
2.71966E-5 2.73273E-5 2.73873E-5 3.15033E-5 3.27775E-5 3.31005E-5 3.05362E-5 3.14421E-5 3.25342E-5 3.65314E-5 3.40288E-5 3.37456E-5 3.50859E-5 3.35984E-5 2.22781E-5 2.20329E-5 2.4199E-5 2.32718E-5 2.31906E-5 2.31617E-5 2.21638E-5 2.15296E-5 1.98389E-5 2.0335E-5 2.11421E-5 2.28258E-5 2.43105E-5 2.71078E-5 2.73263E-5 2.71655E-5 2.65576E-5 2.50485E-5 2.44737E-5 2.44886E-5 2.70106E-5 3.12294E-5 3.07605E-5 2.76948E-5 3.05379E-5 3.21818E-5 3.32104E-5 3.34484E-5 3.31792E-5 3.3806E-5 3.36378E-5 3.31505E-5 3.25752E-5 3.69292E-5 3.77214E-5 3.75994E-5 3.4365E-5 3.39115E-5 2.92651E-5 2.97988E-5 3.10155E-5 3.43655E-5 3.33872E-5 3.1348E-5 3.57886E-5 3.74946E-5 3.79688E-5
2.752E-5 2.80075E-5 2.78039E-5 3.11194E-5 3.39059E-5 3.22529E-5 3.11505E-5 3.04929E-5 3.32063E-5 3.48431E-5 3.06933E-5 2.8386E-5 2.79548E-5 3.31648E-5 2.40354E-5 2.3138E-5 2.46647E-5 2.38606E-5 2.44408E-5 2.39528E-5 2.38636E-5 2.50252E-5 2.31649E-5 2.40102E-5 2.32013E-5 2.17938E-5 2.08714E-5 2.4775E-5 2.65286E-5 2.76393E-5 2.75546E-5 2.62548E-5 2.63719E-5 2.74951E-5 2.85362E-5 2.76447E-5 2.75393E-5 2.71378E-5 2.92459E-5 3.26169E-5 3.30621E-5 3.19326E-5 2.98199E-5 3.1746E-5 3.3811E-5 3.34172E-5 3.55818E-5 3.65368E-5 3.55034E-5 3.65682E-5 3.4368E-5 2.82955E-5 2.79339E-5 3.14255E-5 3.42292E-5 3.4917E-5 3.4177E-5 3.24567E-5 3.16904E-5 3.47259E-5 3.79432E-5
2.96751E-5 2.95111E-5 2.732E-5 3.17553E-5 3.30523E-5 3.18614E-5 3.20456E-5 3.11335E-5 3.14993E-5 2.84988E-5 2.8113E-5 2.9948E-5 2.71515E-5 2.31324E-5 2.22426E-5 2.24865E-5 2.54562E-5 2.54026E-5 2.31041E-5 1.97505E-5 2.0578E-5 2.30052E-5 2.43589E-5 2.27865E-5 2.2459E-5 2.1634E-5 2.48112E-5 2.66274E-5 2.66051E-5 2.65821E-5 2.49514E-5 2.55334E-5 2.55366E-5 2.6545E-5 2.79467E-5 2.50674E-5 2.91192E-5 3.16234E-5 2.90659E-5 3.23406E-5 3.37859E-5 2.98099E-5 3.28214E-5 3.38067E-5 3.08794E-5 3.24664E-5 3.35169E-5 3.40853E-5 3.59967E-5 3.53524E-5 2.80783E-5 2.73564E-5 3.01196E-5 3.48704E-5 3.40861E-5 3.23167E-5 3.16205E-5 3.26839E-5 3.39217E-5 3.39915E-5 3.62128E-5
3.13256E-5 2.93805E-5 2.7352E-5 2.69365E-5 2.84723E-5 2.8745E-5 2.85522E-5 3.52617E-5 3.15907E-5 3.03425E-5 3.35604E-5 1.80319E-5 1.95679E-5 2.30162E-5 1.99501E-5 2.13422E-5 2.45934E-5 2.46752E-5 2.27584E-5 2.08238E-5 1.89308E-5 2.05224E-5 2.05524E-5 1.89974E-5 2.14685E-5 2.54053E-5 2.42834E-5 2.32706E-5 2.2898E-5 2.39472E-5 2.34336E-5 2.45539E-5 2.39051E-5 2.50806E-5 2.52204E-5 2.49182E-5 2.66158E-5 2.83386E-5 2.82756E-5 2.81759E-5 3.08693E-5 3.01195E-5 3.20755E-5 2.94653E-5 3.2635E-5 3.37808E-5 3.19734E-5 3.35358E-5 3.47085E-5 2.7898E-5 2.69702E-5 3.05379E-5 3.42526E-5 3.61546E-5 3.48575E-5 3.13624E-5 3.46068E-5 3.42071E-5 3.60703E-5 3.53923E-5 3.48287E-5
2.84103E-5 2.61605E-5 2.822E-5 3.17051E-5 3.0487E-5 3.19931E-5 3.28689E-5 3.29739E-5 2.05764E-5 1.87913E-5 1.90344E-5 2.14253E-5 2.21234E-5 2.21172E-5 2.36913E-5 2.0212E-5 2.2064E-5 2.22781E-5 2.49349E-5 2.46438E-5 2.28254E-5 2.00957E-5 1.9668E-5 2.20043E-5 2.59887E-5 2.51729E-5 2.29067E-5 2.11176E-5 2.08305E-5 2.07354E-5 2.13654E-5 2.21772E-5 2.31858E-5 2.26427E-5 2.36499E-5 2.44321E-5 2.53443E-5 2.56583E-5 2.73391E-5 2.96247E-5 3.172E-5 3.26226E-5 3.00301E-5 2.72247E-5 3.25579E-5 2.95532E-5 3.20169E-5 3.19285E-5 3.06123E-5 2.54894E-5 2.9906E-5 3.26241E-5 3.39918E-5 3.33601E-5 3.3193E-5 3.32401E-5 3.36582E-5 3.71552E-5 3.83161E-5 3.5868E-5 3.24055E-5
2.70175E-5 2.88762E-5 3.1493E-5 3.20875E-5 3.13333E-5 2.80252E-5 3.25599E-5 3.152E-5 2.19312E-5 2.0447E-5 2.01226E-5 2.13722E-5 2.12111E-5 2.33207E-5 2.27103E-5 2.22528E-5 1.98236E-5 2.53856E-5 2.49157E-5 2.38043E-5 2.16779E-5 1.95063E-5 2.24173E-5 2.41263E-5 2.50701E-5 2.53948E-5 2.19538E-5 2.12865E-5 2.00554E-5 1.97981E-5 2.06576E-5 2.11439E-5 2.20063E-5 2.22842E-5 2.36198E-5 2.53956E-5 2.75764E-5 3.0078E-5 3.12054E-5 3.12027E-5 3.28277E-5 3.33645E-5 2.8426E-5 3.24013E-5 3.47808E-5 3.15864E-5 3.30466E-5 3.07765E-5 2.82074E-5 2.65619E-5 3.34934E-5 3.31031E-5 3.06089E-5 3.18999E-5 3.07581E-5 3.00964E-5 3.09574E-5 3.61569E-5 3.66972E-5 3.59752E-5 3.62013E-5
2.90964E-5 3.16576E-5 3.30364E-5 3.2675E-5 3.19066E-5 2.93344E-5 2.70737E-5 1.71692E-5 1.94761E-5 1.85624E-5 1.86317E-5 1.85885E-5 2.05907E-5 2.15892E-5 2.01602E-5 2.0224E-5 1.96955E-5 2.34518E-5 2.56282E-5 1.94E-5 1.96047E-5 2.01882E-5 2.37155E-5 2.39087E-5 2.56211E-5 2.58842E-5 2.39459E-5 2.25833E-5 2.18079E-5 2.33153E-5 2.25178E-5 2.16216E-5 2.07544E-5 2.39198E-5 2.87742E-5 2.61852E-5 2.79288E-5 2.76849E-5 3.10802E-5 3.16367E-5 3.26982E-5 3.28452E-5 3.26771E-5 2.80526E-5 3.45888E-5 3.55063E-5 3.37977E-5 2.67056E-5 2.80905E-5 2.90833E-5 3.35711E-5 3.31245E-5 3.12055E-5 3.33714E-5 3.31794E-5 3.02026E-5 2.76259E-5 3.09706E-5 3.3928E-5 3.32734E-5 3.78889E-5
3.02729E-5 3.2056E-5 3.20423E-5 2.969E-5 2.93304E-5 3.22623E-5 2.6573E-5 1.60156E-5 1.79801E-5 1.96583E-5 1.80126E-5 1.91369E-5 1.77091E-5 1.76065E-5 1.75296E-5 1.92657E-5 2.06674E-5 1.76441E-5 1.97368E-5 1.99888E-5 1.88183E-5 1.85249E-5 1.94179E-5 2.30241E-5 2.45807E-5 2.35234E-5 2.26452E-5 2.30575E-5 2.35266E-5 2.52749E-5 2.67931E-5 2.41413E-5 2.09742E-5 2.28309E-5 2.51604E-5 2.51777E-5 2.53128E-5 2.78872E-5 2.86039E-5 3.11669E-5 3.20031E-5 3.1972E-5 3.31642E-5 2.90588E-5 3.01509E-5 3.2086E-5 2.92299E-5 2.44069E-5 2.35552E-5 2.5362E-5 3.28525E-5 3.31539E-5 3.33573E-5 3.59091E-5 3.45318E-5 3.2826E-5 2.97721E-5 2.93412E-5 3.17541E-5 2.66101E-5 2.91866E-5
2.49821E-5 2.54126E-5 2.68157E-5 3.21957E-5 1.9614E-5 1.94569E-5 1.75378E-5 1.62562E-5 1.88192E-5 2.1313E-5 2.04473E-5 2.12156E-5 2.08077E-5 1.90507E-5 1.79893E-5 1.86294E-5 2.24628E-5 1.97609E-5 1.65668E-5 1.68769E-5 1.75793E-5 1.81686E-5 1.86264E-5 1.96106E-5 2.11342E-5 2.00171E-5 2.01824E-5 1.9517E-5 2.07066E-5 2.10411E-5 2.52769E-5 2.27074E-5 2.11919E-5 2.22927E-5 2.26728E-5 2.42475E-5 2.5711E-5 2.59953E-5 2.74258E-5 2.92511E-5 3.07195E-5 3.16358E-5 3.29176E-5 3.23197E-5 2.48667E-5 2.74194E-5 2.86447E-5 2.38353E-5 2.31396E-5 2.65177E-5 3.24246E-5 3.1586E-5 3.19081E-5 3.40814E-5 3.22689E-5 3.27853E-5 3.12531E-5 2.8242E-5 3.0551E-5 2.82334E-5 2.81813E-5
3.01472E-5 2.82078E-5 2.70657E-5 2.42668E-5 1.69906E-5 1.86335E-5 1.75902E-5 1.65484E-5 1.75818E-5 1.75865E-5 1.92447E-5 2.02987E-5 1.90904E-5 1.80357E-5 1.79984E-5 1.82002E-5 2.09447E-5 1.74424E-5 1.66912E-5 1.85494E-5 1.8285E-5 1.83534E-5 1.79361E-5 1.9295E-5 1.87924E-5 2.02117E-5 1.99946E-5 2.03298E-5 1.9887E-5 1.96108E-5 2.10268E-5 2.21459E-5 2.15586E-5 2.23639E-5 2.29966E-5 2.40154E-5 2.63814E-5 2.40359E-5 2.52626E-5 2.75863E-5 2.90837E-5 2.93572E-5 3.14811E-5 2.7559E-5 2.7538E-5 2.49756E-5 2.71197E-5 2.46217E-5 2.40566E-5 2.57342E-5 2.89684E-5 2.96465E-5 3.1017E-5 3.16831E-5 3.10145E-5 3.31513E-5 3.16011E-5 2.97083E-5 3.00085E-5 2.86278E-5 2.79873E-5
3.09539E-5 2.82574E-5 2.51298E-5 1.50295E-5 1.62194E-5 1.80576E-5 1.74461E-5 1.69561E-5 1.96448E-5 1.86629E-5 1.77878E-5 1.91231E-5 1.96739E-5 2.00663E-5 1.93724E-5 1.84334E-5 1.90384E-5 1.65625E-5 1.65664E-5 1.85781E-5 2.01852E-5 1.7846E-5 1.86475E-5 2.20226E-5 1.87562E-5 2.09934E-5 2.42003E-5 2.19181E-5 2.39348E-5 2.05421E-5 2.06952E-5 2.12724E-5 2.24359E-5 2.27435E-5 2.39565E-5 2.72373E-5 2.76461E-5 2.72558E-5 2.51061E-5 2.52821E-5 2.45873E-5 2.87306E-5 2.63683E-5 2.99336E-5 2.6483E-5 2.6672E-5 2.48662E-5 2.64184E-5 2.78451E-5 2.74223E-5 2.56077E-5 2.72876E-5 2.96872E-5 3.02084E-5 3.23178E-5 3.1508E-5 2.94697E-5 2.94085E-5 2.95558E-5 2.9215E-5 2.75479E-5
2.8282E-5 2.90483E-5 2.81012E-5 1.52136E-5 1.5651E-5 1.69671E-5 1.91446E-5 1.87061E-5 2.11797E-5 2.16576E-5 2.16398E-5 2.17534E-5 1.99689E-5 2.08831E-5 2.06025E-5 2.01482E-5 1.94777E-5 1.71979E-5 1.69229E-5 1.82342E-5 1.8724E-5 1.9121E-5 1.8832E-5 1.89901E-5 1.8872E-5 2.32208E-5 2.40108E-5 2.19997E-5 2.09772E-5 2.10038E-5 2.04925E-5 2.05554E-5 2.14535E-5 2.36898E-5 2.60447E-5 2.75362E-5 2.51174E-5 2.49759E-5 2.50311E-5 2.56752E-5 2.61789E-5 2.65276E-5 2.57354E-5 2.57913E-5 2.52518E-5 2.64044E-5 2.89207E-5 2.7296E-5 2.83279E-5 2.99305E-5 2.54473E-5 2.67848E-5 3.04456E-5 3.24965E-5 3.28758E-5 3.33393E-5 3.12899E-5 2.91266E-5 2.8756E-5 2.75737E-5 2.71757E-5
2.76412E-5 1.69142E-5 1.643E-5 1.71278E-5 1.69684E-5 1.89728E-5 1.94486E-5 1.95207E-5 2.10027E-5 2.12068E-5 2.16504E-5 2.16803E-5 2.1824E-5 2.21891E-5 2.37995E-5 2.15778E-5 2.21016E-5 2.03394E-5 1.81677E-5 1.99943E-5 2.04294E-5 2.04737E-5 2.01455E-5 1.98193E-5 1.86392E-5 2.19309E-5 2.26399E-5 2.41313E-5 2.36327E-5 2.2493E-5 2.13772E-5 2.11565E-5 2.05912E-5 2.06869E-5 2.24087E-5 2.51725E-5 2.72322E-5 2.64975E-5 2.30533E-5 2.42878E-5 2.18237E-5 2.24657E-5 2.33673E-5 2.47834E-5 2.37979E-5 2.44011E-5 2.65022E-5 2.59885E-5 2.60265E-5 2.63848E-5 2.6654E-5 2.68851E-5 2.97678E-5 3.13925E-5 3.32132E-5 3.28291E-5 3.26644E-5 3.21948E-5 2.9932E-5 2.86304E-5 2.91095E-5
1.69661E-5 1.6748E-5 1.66219E-5 1.78736E-5 1.73847E-5 1.83259E-5 1.91244E-5 1.9268E-5 2.04908E-5 2.04571E-5 2.10772E-5 2.15708E-5 2.17017E-5 2.10499E-5 2.15754E-5 2.34857E-5 2.39054E-5 2.27326E-5 1.84823E-5 1.93897E-5 1.93024E-5 2.06537E-5 2.30004E-5 2.29142E-5 2.05343E-5 2.11406E-5 2.02233E-5 2.10983E-5 2.30402E-5 2.39609E-5 2.54371E-5 2.48217E-5 2.24373E-5 2.08004E-5 2.07095E-5 2.1935E-5 2.32621E-5 2.52276E-5 2.28508E-5 2.4056E-5 2.34081E-5 2.16007E-5 2.2205E-5 2.34365E-5 2.61919E-5 2.28104E-5 2.32749E-5 2.51545E-5 2.45783E-5 2.38361E-5 2.62659E-5 2.5947E-5 2.57793E-5 2.57524E-5 2.68952E-5 2.83088E-5 2.7978E-5 2.86291E-5 2.9109E-5 2.9746E-5 2.95325E-5
1.44346E-5 1.46642E-5 1.47242E-5 1.57603E-5 1.54858E-5 1.57288E-5 1.73161E-5 1.75108E-5 1.88578E-5 1.92067E-5 1.93367E-5 2.03142E-5 2.05877E-5 2.13546E-5 2.04674E-5 2.12466E-5 2.31562E-5 2.39401E-5 2.10297E-5 1.80227E-5 1.85647E-5 1.78577E-5 2.08437E-5 2.25223E-5 2.19682E-5 2.32328E-5 2.28952E-5 2.07584E-5 2.07602E-5 2.23943E-5 2.27157E-5 2.21388E-5 2.13948E-5 2.17365E-5 2.18361E-5 2.1724E-5 2.20674E-5 2.24327E-5 2.34055E-5 2.35843E-5 2.06025E-5 2.09873E-5 2.08314E-5 2.14786E-5 2.32506E-5 2.58369E-5 2.24448E-5 2.57217E-5 2.65645E-5 2.39438E-5 2.46821E-5 2.4826E-5 2.48618E-5 2.50558E-5 2.54908E-5 2.54901E-5 2.54713E-5 2.65632E-5 2.80202E-5 2.90271E-5 2.75733E-5
1.58633E-5 1.46753E-5 1.46413E-5 1.50603E-5 1.55262E-5 1.54625E-5 1.70227E-5 1.76138E-5 1.68931E-5 1.72732E-5 1.74733E-5 1.84833E-5 1.91157E-5 2.03362E-5 1.90796E-5 2.04114E-5 2.03379E-5 2.03704E-5 1.99382E-5 2.03694E-5 1.78752E-5 1.82113E-5 1.94543E-5 2.07858E-5 1.91803E-5 2.10834E-5 2.01914E-5 2.11166E-5 2.02121E-5 2.2493E-5 2.39773E-5 2.49108E-5 2.62452E-5 2.56485E-5 2.45837E-5 2.45988E-5 2.56967E-5 2.47915E-5 2.37756E-5 2.20157E-5 2.13293E-5 2.14243E-5 2.12268E-5 2.14969E-5 2.3712E-5 2.77219E-5 2.30294E-5 2.34498E-5 2.4455E-5 2.39968E-5 2.39618E-5 2.5001E-5 2.50554E-5 2.50916E-5 2.4591E-5 2.51091E-5 2.50353E-5 2.70871E-5 2.82438E-5 2.87962E-5 2.98065E-5
1.71707E-5 1.56011E-5 1.53817E-5 1.52244E-5 1.51964E-5 1.60207E-5 1.83364E-5 1.84187E-5 1.76014E-5 1.7398E-5 1.8251E-5 1.76722E-5 1.80988E-5 1.90878E-5 1.82343E-5 1.98022E-5 2.12702E-5 1.68279E-5 1.76288E-5 1.77876E-5 1.76514E-5 1.9279E-5 1.95581E-5 2.23259E-5 2.12491E-5 1.92836E-5 2.13047E-5 2.03174E-5 2.00776E-5 1.99455E-5 2.03825E-5 2.23791E-5 2.49566E-5 2.708E-5 2.55411E-5 2.74398E-5 2.78455E-5 2.59288E-5 2.42472E-5 2.47045E-5 2.27282E-5 2.26762E-5 2.23474E-5 2.27705E-5 2.51307E-5 2.81445E-5 2.3439E-5 2.20311E-5 2.26942E-5 2.41365E-5 2.38746E-5 2.38743E-5 2.43599E-5 2.44128E-5 2.56235E-5 2.49445E-5 2.50512E-5 2.64472E-5 2.76555E-5 2.77842E-5 2.90795E-5
1.76654E-5 1.72363E-5 1.65795E-5 1.56527E-5 1.51674E-5 1.79547E-5 1.89321E-5 1.78311E-5 1.73451E-5 1.8373E-5 1.81199E-5 1.93942E-5 1.8686E-5 1.8686E-5 1.99379E-5 1.94393E-5 1.94841E-5 1.81639E-5 2.07572E-5 1.98328E-5 1.79339E-5 1.87155E-5 2.15521E-5 2.07937E-5 2.16401E-5 2.01752E-5 1.93442E-5 1.99608E-5 2.02764E-5 2.10278E-5 2.24948E-5 2.0573E-5 2.24293E-5 2.40939E-5 2.62336E-5 2.78421E-5 2.77773E-5 2.59645E-5 2.38957E-5 2.31911E-5 2.3025E-5 2.35777E-5 2.3425E-5 2.29229E-5 2.54709E-5 2.29675E-5 2.33366E-5 2.29824E-5 2.29319E-5 2.46675E-5 2.40484E-5 2.4169E-5 2.4169E-5 2.4483E-5 2.51836E-5 2.55664E-5 2.71042E-5 2.94624E-5 2.95873E-5 2.93808E-5 2.92459E-5
1.70976E-5 1.74976E-5 1.61942E-5 1.71065E-5 1.76968E-5 1.84568E-5 1.97E-5 1.7435E-5 1.84954E-5 1.88148E-5 2.00139E-5 1.94602E-5 2.01243E-5 1.97408E-5 2.20995E-5 2.08245E-5 2.07397E-5 1.95142E-5 2.03751E-5 2.08393E-5 1.98336E-5 1.9942E-5 2.03562E-5 1.89964E-5 2.14574E-5 2.29251E-5 1.88776E-5 1.94367E-5 2.15733E-5 2.13485E-5 2.22237E-5 2.10188E-5 2.16546E-5 2.1196E-5 2.1449E-5 2.41784E-5 2.49769E-5 2.39842E-5 2.22989E-5 2.29559E-5 2.08806E-5 2.14115E-5 2.12316E-5 2.24648E-5 2.53628E-5 2.5688E-5 2.27674E-5 2.32158E-5 2.42423E-5 2.48557E-5 2.65397E-5 2.50915E-5 2.72657E-5 2.64697E-5 2.60883E-5 2.85628E-5 2.94614E-5 2.94856E-5 3.25652E-5 3.2638E-5 3.07086E-5
1.50961E-5 1.65201E-5 1.54989E-5 1.75824E-5 1.90674E-5 1.87685E-5 1.88884E-5 1.75115E-5 1.85908E-5 1.99455E-5 2.06986E-5 2.04436E-5 1.926E-5 2.13901E-5 2.20059E-5 2.06425E-5 2.05666E-5 2.08324E-5 2.12011E-5 1.77869E-5 1.78407E-5 1.79081E-5 1.79121E-5 1.85798E-5 2.01226E-5 2.07295E-5 2.21909E-5 2.21741E-5 2.46835E-5 2.48205E-5 2.47572E-5 2.27631E-5 2.26572E-5 2.302E-5 2.18993E-5 2.34546E-5 2.47191E-5 2.41206E-5 2.40503E-5 2.14039E-5 2.12664E-5 2.15847E-5 2.14904E-5 2.29528E-5 2.17736E-5 2.76348E-5 2.60445E-5 2.43417E-5 2.50716E-5 2.84447E-5 2.78645E-5 2.72115E-5 2.85063E-5 2.81758E-5 2.70763E-5 3.1194E-5 3.2532E-5 3.27969E-5 3.30082E-5 3.30731E-5 3.19224E-5
1.73667E-5 1.66208E-5 1.64001E-5 1.70159E-5 1.82848E-5 1.68709E-5 1.68197E-5 1.83697E-5 1.85105E-5 1.78643E-5 1.89221E-5 2.02357E-5 2.02357E-5 2.15304E-5 2.20522E-5 2.07794E-5 2.11305E-5 2.07025E-5 1.99985E-5 1.64223E-5 1.67721E-5 1.7439E-5 1.74177E-5 1.81879E-5 1.9737E-5 2.08273E-5 2.22069E-5 2.267E-5 2.50629E-5 2.68826E-5 2.64182E-5 2.52809E-5 2.54537E-5 2.60687E-5 2.56675E-5 2.73334E-5 2.86948E-5 2.80018E-5 2.61208E-5 2.72883E-5 2.26873E-5 2.27514E-5 2.19645E-5 2.13084E-5 2.24291E-5 2.62622E-5 2.97229E-5 2.91947E-5 2.69785E-5 2.57434E-5 2.87502E-5 2.98424E-5 3.14381E-5 3.07262E-5 3.16396E-5 3.21358E-5 3.27789E-5 3.29973E-5 2.98415E-5 3.06453E-5 2.95663E-5
1.64127E-5 1.61706E-5 1.71641E-5 1.71906E-5 1.69726E-5 1.63663E-5 1.6399E-5 1.64035E-5 1.8068E-5 1.95307E-5 2.02945E-5 1.94442E-5 1.93447E-5 1.99587E-5 2.28426E-5 2.27495E-5 2.2994E-5 2.20985E-5 1.8345E-5 1.79493E-5 1.70154E-5 2.01663E-5 1.91084E-5 2.07657E-5 1.99986E-5 1.9795E-5 1.95206E-5 1.99546E-5 2.18533E-5 2.26229E-5 2.46954E-5 2.45934E-5 2.27562E-5 2.32692E-5 2.44777E-5 2.37629E-5 2.74867E-5 2.70302E-5 2.60914E-5 2.37186E-5 2.23477E-5 2.40235E-5 2.23834E-5 2.39625E-5 2.61546E-5 2.27728E-5 2.49497E-5 2.9766E-5 2.86941E-5 2.57346E-5 2.49669E-5 2.64389E-5 2.68551E-5 2.70351E-5 3.01948E-5 3.04386E-5 3.11359E-5 3.14749E-5 3.12158E-5 3.12885E-5 2.84236E-5
1.71354E-5 1.68204E-5 1.73442E-5 1.67619E-5 1.66495E-5 1.67257E-5 1.68012E-5 1.84295E-5 1.97219E-5 1.97364E-5 2.0566E-5 2.21621E-5 2.21317E-5 2.10781E-5 2.08958E-5 2.18009E-5 2.24841E-5 1.94832E-5 1.79402E-5 1.74368E-5 1.67771E-5 1.82789E-5 2.16875E-5 2.37714E-5 2.08708E-5 1.97027E-5 2.02044E-5 2.22408E-5 2.37414E-5 2.52128E-5 2.48143E-5 2.64312E-5 2.25599E-5 2.35917E-5 2.37605E-5 2.08233E-5 2.28857E-5 2.74631E-5 3.00499E-5 2.76602E-5 2.27257E-5 2.19657E-5 2.12938E-5 2.10803E-5 2.21253E-5 2.22032E-5 2.2606E-5 2.27039E-5 2.39448E-5 2.34866E-5 2.38084E-5 2.46814E-5 2.48854E-5 2.82107E-5 3.08219E-5 2.90233E-5 2.78031E-5 2.88526E-5 2.85762E-5 2.69E-5 2.58342E-5
1.70092E-5 1.64265E-5 1.77199E-5 1.82528E-5 1.83065E-5 1.77225E-5 1.73873E-5 1.75312E-5 1.79413E-5 1.87986E-5 1.78764E-5 1.99637E-5 2.17403E-5 2.09536E-5 2.14137E-5 2.28339E-5 2.42222E-5 2.33E-5 2.02597E-5 1.87783E-5 1.77235E-5 2.13938E-5 2.26871E-5 2.40413E-5 2.39498E-5 2.24387E-5 2.13223E-5 2.14803E-5 2.23583E-5 2.40536E-5 2.46655E-5 2.19474E-5 2.13871E-5 2.05129E-5 2.04385E-5 2.02749E-5 2.14063E-5 2.73729E-5 2.84479E-5 2.86088E-5 2.45817E-5 2.48547E-5 2.40159E-5 2.33563E-5 2.21234E-5 2.55171E-5 2.405E-5 2.25717E-5 2.29086E-5 2.24732E-5 2.3537E-5 2.36863E-5 2.63761E-5 3.16637E-5 3.3463E-5 3.15926E-5 2.92034E-5 2.96752E-5 2.77479E-5 2.66677E-5 2.80268E-5
