Artocarpus hirsutus SDM files/Last interglacial/results (without bias file)/Arthir_3.asc
ncols         625
nrows         721
xllcorner     69.99986311115
yllcorner     5.99986151914999
cellsize      0.041666667
NODATA_value  -9999
[rows 108 to 134 of 721, columns 183 to 243 of 625]
2.00608E-6 2.9463E-5 3.08072E-5 1.91264E-4 3.73155E-5 1.75081E-6 4.12034E-5 7.16825E-5 2.90112E-5 2.31996E-4 4.38237E-4 3.55477E-4 4.39473E-4 6.71775E-5 7.38733E-5 8.43679E-4 2.70783E-4 1.31946E-5 1.17914E-5 7.32225E-5 4.25045E-4 9.5124E-5 8.2472E-7 6.93524E-7 1.58617E-6 2.04929E-6 2.33977E-6 1.65342E-5 6.79836E-5 4.38872E-5 1.79791E-6 1.76965E-5 2.35981E-4 2.98906E-4 3.12247E-4 1.87191E-4 1.98144E-5 1.75381E-5 1.16658E-4 1.72562E-4 3.79851E-4 1.96089E-4 2.36391E-4 3.45885E-4 3.46342E-4 3.38863E-4 2.27653E-4 2.60956E-4 2.83921E-4 2.42793E-4 2.55499E-4 2.60115E-4 2.69617E-4 2.51107E-4 2.21905E-4 1.82106E-4 1.69696E-4 1.66232E-4 1.56128E-4 1.42116E-4 1.70838E-4
9.25696E-6 1.19998E-4 2.27621E-5 1.41132E-4 3.43138E-5 1.82026E-5 1.63004E-6 1.15081E-6 2.11221E-6 3.26062E-5 8.09243E-5 7.30555E-5 8.47612E-5 6.09179E-4 1.38942E-4 6.18096E-5 3.25797E-5 7.44422E-6 2.6197E-6 3.55552E-5 4.99324E-5 2.12086E-4 6.71344E-5 7.70091E-5 8.75183E-6 4.70256E-6 1.35049E-6 4.62581E-6 1.1206E-5 9.21175E-5 8.95931E-6 1.62615E-4 3.30175E-4 6.62725E-5 2.75365E-5 1.02759E-4 9.64389E-5 5.80505E-5 2.88017E-4 1.83924E-4 8.77171E-5 2.42723E-4 3.33599E-4 3.65808E-4 3.42517E-4 3.40844E-4 3.2199E-4 3.03286E-4 2.61291E-4 2.34282E-4 2.31926E-4 2.07472E-4 1.83203E-4 2.12816E-4 2.11724E-4 2.1168E-4 1.8408E-4 1.83657E-4 1.67077E-4 1.50251E-4 1.55366E-4
5.37715E-5 5.3583E-6 4.76127E-6 4.9833E-6 1.71224E-5 2.05683E-5 2.61607E-6 3.85679E-7 1.37215E-6 3.20311E-6 2.39873E-6 1.79538E-6 3.19108E-5 2.41655E-4 2.99214E-4 2.00312E-4 1.0339E-5 3.32306E-6 2.9644E-6 8.91195E-6 2.31329E-6 4.04052E-5 3.78954E-4 8.77836E-5 4.7829E-5 6.48327E-5 1.25388E-4 9.76486E-6 3.41044E-6 8.88466E-6 3.0975E-4 2.40336E-5 1.06231E-4 3.19629E-5 6.21344E-6 1.57931E-5 3.98415E-6 4.72766E-5 2.40635E-4 4.9629E-5 1.90615E-5 9.51009E-5 1.93265E-4 2.85844E-4 3.4682E-4 3.27907E-4 3.36233E-4 2.6694E-4 3.0656E-4 2.78554E-4 2.58936E-4 2.81339E-4 2.64496E-4 2.26014E-4 1.88444E-4 2.06795E-4 1.09324E-4 1.26937E-4 1.46114E-4 1.72281E-4 1.86486E-4
9.97232E-5 9.89138E-5 1.17461E-4 7.36293E-5 3.4739E-5 2.90122E-5 1.31089E-5 1.96584E-6 8.54517E-7 7.30944E-7 9.63819E-7 1.06251E-6 2.81753E-6 2.79857E-6 8.17851E-5 2.29159E-4 4.36814E-4 2.93476E-4 7.23285E-6 1.66577E-6 2.6726E-6 9.83604E-6 5.05105E-5 1.1287E-4 1.69672E-4 1.27279E-4 4.74856E-5 1.61263E-5 6.12951E-5 1.53271E-4 1.32194E-4 2.72929E-5 6.03701E-6 3.23968E-5 1.8054E-5 2.95352E-5 7.55417E-7 6.78503E-6 1.09435E-4 2.38724E-5 3.81763E-5 3.40729E-5 9.09893E-5 1.49022E-4 2.28266E-4 2.86755E-4 2.55909E-4 2.10195E-4 2.98097E-4 2.79679E-4 2.90336E-4 2.6498E-4 2.20358E-4 2.46195E-4 2.11599E-4 2.12786E-4 1.57813E-4 1.04393E-4 1.11156E-4 1.38818E-4 1.74096E-4
1.67292E-5 6.07177E-6 4.55605E-6 7.59795E-6 4.95922E-6 2.66821E-7 9.40306E-6 9.12073E-6 1.25874E-6 6.81146E-6 1.82361E-5 1.1347E-5 2.94346E-6 2.97665E-6 2.17677E-5 2.70335E-5 7.76004E-6 8.64407E-5 3.08659E-4 1.83974E-4 1.06985E-4 8.5036E-6 9.83908E-6 8.98789E-6 9.06458E-6 1.90945E-5 3.38225E-6 1.21526E-5 1.64152E-5 3.30461E-5 9.43868E-6 5.55611E-6 9.19355E-7 2.25581E-6 5.14558E-5 3.03563E-6 7.30272E-6 2.72478E-6 1.38597E-5 6.03882E-5 7.59412E-6 1.599E-5 1.01852E-4 1.77494E-4 9.79706E-5 2.09349E-4 1.32573E-4 1.69724E-4 2.19E-4 1.92301E-4 1.55808E-4 2.44594E-4 2.55871E-4 2.63772E-4 2.34616E-4 2.13945E-4 2.21038E-4 1.83621E-4 1.60504E-4 1.35783E-4 1.27043E-4
8.16575E-6 3.31838E-6 3.34013E-6 4.53604E-7 7.12093E-6 1.15456E-6 6.26069E-5 2.88127E-6 5.38184E-6 7.4505E-5 2.55914E-6 7.14853E-6 7.49975E-6 5.31695E-6 2.3044E-5 1.62274E-5 7.17645E-6 4.41026E-5 1.47013E-5 7.53207E-5 7.61444E-5 2.60151E-4 1.11102E-5 6.12647E-6 3.61319E-6 2.07237E-6 1.36607E-5 1.19036E-5 6.6271E-6 1.71423E-6 2.61181E-6 3.28532E-6 3.03009E-6 6.00809E-7 2.27008E-5 2.45844E-5 6.60868E-5 2.09906E-5 4.19345E-6 2.76296E-5 4.11019E-6 3.7891E-6 6.45758E-5 2.08427E-4 4.23793E-5 1.60231E-4 1.08474E-4 1.32444E-4 1.40823E-4 9.75467E-5 2.18581E-4 2.41532E-4 2.25069E-4 2.60014E-4 2.64308E-4 2.65144E-4 2.02815E-4 2.50079E-4 1.36599E-4 8.32892E-5 8.95984E-5
8.22534E-7 2.36099E-5 1.81762E-5 1.54877E-6 3.58399E-5 1.68246E-5 3.85799E-5 2.59571E-5 5.67019E-5 2.48432E-5 4.12986E-6 5.47348E-5 1.75208E-4 6.30381E-5 4.15309E-5 1.10572E-5 8.13896E-6 9.51898E-6 9.03536E-6 1.86337E-5 4.49525E-5 4.50104E-5 1.12716E-4 1.01774E-4 7.81135E-5 6.27604E-5 7.16696E-6 1.21359E-5 2.83925E-6 5.58484E-6 7.68599E-7 7.85141E-6 3.20196E-5 2.6086E-6 7.65683E-7 5.17559E-5 1.68602E-5 1.11997E-5 2.69811E-6 1.46336E-5 2.89412E-5 2.04173E-6 8.69537E-6 6.16327E-5 3.96269E-5 1.33944E-4 1.13723E-4 3.03398E-5 4.99596E-5 1.41864E-4 1.83531E-4 1.48184E-4 1.61164E-4 2.17229E-4 2.68821E-4 2.70803E-4 2.53964E-4 2.0774E-4 2.38127E-4 1.12785E-4 1.72724E-4
1.68439E-6 9.10812E-6 8.88497E-5 1.50777E-5 7.15263E-5 9.65956E-5 8.88444E-5 1.27051E-4 7.33215E-6 1.89536E-6 1.05783E-5 1.71825E-4 2.02152E-5 6.78858E-6 2.84826E-6 1.5572E-5 3.03558E-5 1.42133E-5 8.91112E-6 5.68303E-6 3.08501E-5 7.17415E-6 6.92265E-6 4.64481E-6 6.51717E-6 4.08373E-5 2.62192E-6 5.30684E-7 7.85521E-7 1.51065E-6 1.78316E-5 5.96895E-7 1.09056E-6 2.16531E-5 2.4918E-6 1.28125E-5 9.30862E-7 4.03539E-7 4.75309E-7 1.4662E-6 2.12786E-5 1.18337E-5 7.61091E-6 2.58878E-5 2.87621E-5 5.83382E-5 8.31678E-5 1.11354E-4 1.69748E-4 7.84164E-5 7.41004E-5 1.8288E-4 2.2123E-4 2.42458E-4 2.41811E-4 2.76385E-4 2.31786E-4 2.58937E-4 2.46854E-4 2.58091E-4 1.15763E-4
1.81393E-5 1.10138E-5 8.7271E-5 2.2408E-5 1.09278E-5 4.90515E-6 1.15096E-5 3.16679E-6 3.17917E-7 2.12834E-6 1.05593E-4 5.31724E-5 6.10053E-5 1.12821E-5 5.78958E-5 9.19367E-6 8.72162E-6 1.14641E-5 5.04733E-6 1.0146E-5 8.57571E-6 5.80679E-6 9.67503E-6 4.00678E-6 1.8874E-6 1.22124E-6 1.70674E-6 1.39638E-6 1.20659E-6 4.75007E-6 2.21467E-5 4.97367E-6 2.53239E-7 5.74524E-6 1.04707E-5 1.87924E-5 3.9978E-7 1.53051E-6 1.43838E-6 9.24912E-6 9.27533E-6 5.87614E-6 2.76047E-5 4.79564E-6 1.37761E-6 4.60417E-6 3.52571E-5 6.02058E-5 5.58691E-5 6.22988E-5 5.46714E-5 8.80071E-5 1.62988E-4 1.6998E-4 1.62979E-4 2.46912E-4 1.45629E-4 2.02979E-4 1.93873E-4 2.52703E-4 2.52264E-4
3.27565E-7 3.28442E-6 6.11452E-5 4.00167E-5 1.89774E-6 2.83875E-6 2.27898E-6 3.03117E-6 3.66527E-7 9.92017E-7 2.1521E-5 1.85248E-4 2.52766E-5 5.72214E-6 7.40508E-5 9.1786E-5 1.16763E-5 4.25664E-6 1.26498E-5 6.70026E-5 2.67163E-5 2.68839E-5 4.70736E-6 2.57162E-6 5.55723E-6 1.52523E-5 1.88346E-6 5.60054E-7 2.40845E-6 6.75022E-7 1.84874E-6 4.12537E-5 3.49736E-7 8.14965E-7 6.2541E-5 1.06883E-5 2.37222E-7 1.15586E-5 1.76636E-6 6.14012E-7 6.76174E-7 2.76166E-6 3.7454E-6 2.65463E-6 1.82372E-5 2.81806E-5 3.83845E-5 3.18275E-5 2.71352E-5 6.0252E-5 7.78645E-6 2.10498E-5 7.12924E-5 1.27694E-4 1.56839E-4 1.98531E-4 1.46419E-4 1.44646E-4 2.58602E-4 1.84983E-4 2.70492E-4
9.14E-7 4.42169E-6 7.84652E-6 1.11231E-4 6.13095E-5 6.5336E-6 3.52033E-5 1.28994E-5 1.5374E-5 2.08404E-6 4.46431E-5 6.76994E-5 2.33059E-5 1.38624E-4 1.48149E-4 6.31882E-5 1.81003E-4 1.12637E-4 5.56882E-5 3.93055E-5 1.21648E-5 1.1191E-5 5.51648E-6 7.87074E-6 7.55804E-6 9.65543E-7 1.46966E-5 3.02005E-7 2.83603E-6 1.24168E-7 1.67571E-7 1.34996E-6 8.20262E-5 9.04632E-5 8.32889E-5 4.7965E-5 8.29654E-5 3.108E-5 1.65272E-5 4.27142E-6 2.50755E-6 1.77511E-6 1.5736E-6 1.15702E-5 4.62139E-6 7.71408E-6 2.17353E-5 1.97892E-5 1.09734E-5 4.51544E-5 5.82578E-6 8.4697E-6 5.28336E-5 8.65347E-5 8.6131E-5 9.85725E-5 9.49589E-5 2.0513E-4 1.29539E-4 2.57464E-4 2.33631E-4
1.83373E-7 1.75089E-7 3.49508E-7 1.43712E-6 5.46842E-5 5.51854E-5 4.6471E-5 3.46312E-6 2.32899E-5 3.27251E-5 6.8264E-5 2.20607E-4 5.03686E-5 8.45187E-5 1.49754E-4 1.38588E-4 3.2795E-5 2.10407E-5 2.47853E-6 1.29941E-5 3.83419E-5 3.63314E-5 1.0932E-5 6.74677E-6 3.07037E-6 2.37566E-5 9.21141E-6 2.20411E-5 1.19303E-5 5.45437E-6 3.48368E-6 4.07801E-5 1.27872E-5 4.36387E-6 1.60828E-5 4.07157E-6 1.92305E-5 1.76089E-5 1.56206E-5 1.53185E-5 9.18805E-6 1.41711E-6 3.24524E-7 3.87103E-6 1.68653E-6 5.2601E-6 6.06394E-6 1.34542E-5 7.01871E-6 2.13482E-5 1.75596E-5 1.35184E-5 1.75903E-5 3.96137E-5 5.28734E-5 5.07404E-5 1.03356E-4 1.01672E-4 1.66821E-4 1.26691E-4 1.94621E-4
1.77824E-5 1.1668E-5 4.37788E-7 1.04701E-7 2.34724E-5 4.13472E-5 8.86909E-7 1.76628E-6 7.79728E-6 1.11883E-4 1.88564E-4 1.0132E-4 9.58999E-6 1.87308E-6 9.86483E-6 1.53005E-5 3.37021E-6 1.67343E-6 4.96553E-6 8.91282E-6 1.50722E-5 1.19574E-5 5.94151E-6 1.60319E-6 8.63941E-7 1.46357E-5 1.37367E-4 1.32061E-4 6.70896E-5 1.14965E-4 8.05891E-5 6.14693E-6 8.13815E-7 3.4577E-7 1.08632E-6 3.1087E-6 4.26026E-6 1.83173E-6 9.96097E-6 1.31408E-5 1.77169E-6 1.36005E-6 2.1125E-7 6.82178E-8 1.4382E-7 3.35412E-7 4.21845E-6 1.62986E-5 3.97942E-6 4.45132E-6 5.24998E-6 9.19029E-7 1.6984E-6 2.53616E-6 2.2383E-5 4.39479E-5 9.06243E-5 8.28376E-5 1.37861E-4 1.37107E-4 1.51895E-4
2.17019E-5 6.12744E-5 1.59142E-5 5.38969E-7 1.20491E-5 1.02947E-4 2.45816E-5 8.65626E-5 1.05357E-4 1.31376E-4 1.26277E-4 1.23405E-4 6.06643E-5 1.22115E-5 7.39347E-5 3.33131E-5 6.72018E-6 1.86092E-6 1.33867E-5 7.79109E-5 4.15183E-5 5.59144E-6 1.46936E-6 6.91008E-7 4.12705E-6 9.71784E-5 3.08137E-5 2.69301E-6 9.86161E-6 1.78106E-5 5.29826E-5 1.03778E-4 3.91338E-5 4.04572E-5 1.13034E-6 2.68458E-7 2.79627E-7 8.71323E-7 2.92517E-6 7.41697E-6 7.81363E-7 2.03778E-6 1.87147E-6 7.45525E-8 6.56311E-8 1.21253E-7 2.78699E-6 2.82574E-6 2.31481E-6 2.42598E-7 1.57003E-7 2.50432E-7 2.72432E-7 7.99577E-7 2.07301E-5 6.44385E-5 7.54121E-5 4.40486E-5 1.15144E-4 3.69162E-5 8.40527E-5
5.29373E-5 6.16499E-5 1.54774E-5 2.21903E-6 2.00974E-5 9.16158E-5 8.66636E-5 1.3811E-5 3.86028E-6 8.53002E-6 3.01321E-5 1.26998E-4 1.00444E-4 1.90986E-5 1.11164E-4 7.25453E-6 5.19619E-5 8.31614E-6 8.33735E-5 8.31337E-5 2.16492E-5 3.46088E-6 1.12419E-6 3.04755E-7 5.17155E-6 1.18694E-4 3.87301E-5 1.11515E-5 4.384E-6 6.48E-6 1.3396E-5 1.99852E-5 4.09564E-6 1.20334E-5 2.89758E-5 1.30757E-6 2.154E-6 1.60096E-6 4.99427E-7 3.26534E-7 4.24693E-7 9.75811E-8 5.55411E-7 1.57371E-6 8.02663E-8 1.72019E-7 2.17447E-7 1.41925E-6 8.32485E-7 9.33077E-7 3.08047E-7 4.27436E-7 2.11528E-6 9.82238E-6 1.5019E-6 1.03001E-5 2.47719E-5 1.61843E-5 4.33688E-5 5.75202E-5 5.9056E-5
1.22922E-5 1.90155E-5 6.96608E-5 1.43025E-6 4.1744E-5 3.66038E-5 3.48278E-6 1.02553E-5 6.35097E-7 9.06412E-6 5.55664E-5 2.00983E-4 2.77884E-5 3.36681E-5 7.95668E-5 2.21673E-5 1.23435E-4 1.15953E-4 1.06477E-5 1.43227E-5 3.66821E-6 4.6191E-6 3.29195E-6 4.70295E-7 1.09461E-5 1.57224E-4 2.09849E-5 3.90133E-6 1.47266E-5 4.1964E-6 1.42808E-5 4.0525E-6 9.2496E-6 2.74908E-6 5.99831E-6 1.88616E-5 1.11632E-5 1.12576E-5 5.66643E-6 1.21504E-6 6.51144E-7 5.45405E-7 8.80275E-8 2.53944E-7 2.1564E-7 2.19182E-8 1.1804E-7 3.0193E-7 4.19599E-7 6.73755E-7 4.68093E-6 8.23625E-7 4.68844E-8 1.9754E-5 4.58739E-6 4.40067E-7 1.88608E-6 2.37967E-6 4.78891E-5 2.15162E-5 3.33629E-5
4.17987E-7 2.91147E-7 2.89364E-5 2.53561E-5 8.66318E-5 1.57762E-5 2.25837E-5 2.33062E-5 1.38027E-6 1.59342E-6 3.71698E-5 1.35951E-4 1.13253E-5 6.65855E-5 1.34942E-4 1.80211E-4 1.69168E-4 4.09758E-5 4.71419E-6 5.50839E-5 6.5501E-5 4.39039E-5 1.30253E-6 2.18285E-5 1.41182E-4 9.48762E-5 3.75281E-5 1.57094E-5 1.69611E-5 2.36428E-6 2.79731E-6 1.31752E-6 1.84661E-6 1.41505E-6 5.28873E-6 1.75321E-5 1.4825E-6 2.48768E-6 1.70585E-6 2.65933E-7 7.45628E-7 1.49871E-6 9.89383E-7 1.37779E-6 2.24395E-6 3.1362E-8 5.30153E-8 4.03803E-8 3.22978E-8 3.76601E-8 6.0495E-8 2.91639E-6 3.55807E-6 1.22358E-6 3.83946E-7 1.58022E-6 6.94545E-6 1.02547E-6 1.0574E-5 2.53137E-5 2.71222E-5
3.52923E-5 1.61146E-5 2.48214E-5 1.53854E-5 2.07544E-5 4.95546E-5 8.20667E-6 3.79176E-7 3.16693E-6 1.80473E-5 2.35026E-6 7.58111E-5 9.9443E-5 1.24582E-4 2.44386E-4 1.38002E-4 1.96369E-5 3.39507E-5 2.80629E-5 6.22312E-5 6.72305E-5 1.01166E-5 1.31248E-6 8.10723E-5 7.87966E-5 6.90799E-6 3.07809E-5 1.25747E-5 5.60946E-6 1.64592E-6 1.50488E-6 2.84594E-6 3.90417E-6 2.03424E-6 2.55903E-6 3.85381E-6 3.85564E-6 7.45383E-7 6.98095E-7 1.60693E-6 3.71947E-7 1.47235E-7 1.80837E-8 1.33328E-8 5.52709E-7 8.69083E-8 2.03618E-8 1.21398E-8 8.6565E-8 6.58817E-7 1.22322E-6 3.2823E-7 7.30035E-6 1.26405E-7 3.83687E-8 9.80221E-7 2.63998E-5 9.42098E-7 1.78508E-6 2.05473E-6 2.07718E-6
6.22156E-5 6.83199E-5 3.21425E-5 5.50785E-7 2.92521E-7 9.36195E-7 9.78508E-7 2.89006E-6 3.31188E-6 1.23324E-5 5.18715E-5 6.76796E-5 3.02995E-5 1.26937E-5 7.17411E-6 4.87058E-5 3.81983E-5 9.66079E-5 1.04145E-4 8.46761E-5 1.85082E-4 5.50388E-5 4.31404E-5 2.22453E-4 1.35525E-4 1.1034E-4 6.414E-5 1.9123E-5 1.09966E-5 1.07477E-6 1.58323E-6 7.72941E-6 3.03927E-6 3.87142E-7 5.98895E-7 5.6007E-7 8.63491E-7 1.89045E-6 8.37136E-7 1.88317E-6 9.26087E-7 3.49848E-7 5.35062E-6 1.65821E-6 8.67904E-6 1.25359E-6 1.32046E-7 9.42345E-9 9.57149E-9 3.3969E-7 7.88456E-7 1.58718E-6 1.17019E-5 5.9891E-6 7.84811E-8 6.86159E-8 1.07592E-6 1.7857E-5 7.96023E-7 9.46165E-7 3.89646E-6
2.13817E-6 1.03156E-5 1.01902E-4 6.86215E-5 3.91896E-5 1.17418E-5 2.58687E-5 2.64829E-5 5.57914E-5 1.29681E-5 9.31113E-5 1.38764E-4 1.07684E-4 8.39552E-5 4.0105E-6 7.76166E-5 2.7449E-5 2.04578E-4 1.19825E-4 2.32415E-4 1.17463E-4 1.82092E-4 9.10433E-5 1.05661E-4 1.4707E-5 3.61452E-5 8.84973E-6 5.22703E-6 9.70656E-7 9.09001E-7 1.645E-5 1.24542E-6 4.31091E-7 9.14196E-8 6.96359E-7 1.89299E-7 1.38167E-7 2.53809E-7 4.53648E-7 3.78549E-7 4.92679E-7 8.64328E-7 9.35287E-8 3.99483E-8 1.68744E-6 8.92395E-8 2.98967E-9 3.68344E-7 1.86518E-6 3.99571E-7 4.43448E-7 1.48161E-7 2.27975E-6 3.01432E-6 3.38405E-6 8.44185E-7 2.75985E-6 4.45527E-5 3.10592E-5 7.55711E-5 1.3173E-4
1.49049E-5 6.60399E-6 3.60599E-5 1.31082E-4 1.03207E-4 4.654E-5 2.2896E-5 4.14978E-5 1.20513E-4 1.90924E-5 1.04111E-4 5.6195E-5 3.27301E-5 3.61876E-5 6.57355E-5 2.96694E-5 7.06262E-5 2.56902E-4 7.24287E-5 3.97355E-5 9.7531E-5 3.69894E-5 3.87736E-5 1.74744E-5 8.65332E-6 3.17488E-5 1.90589E-5 1.30799E-5 7.69879E-7 1.59226E-5 1.06192E-6 1.14766E-6 7.11498E-6 2.31843E-6 2.43481E-6 5.32915E-7 5.79348E-7 9.61838E-8 1.84003E-6 6.07582E-7 1.36585E-7 3.37766E-7 4.88179E-7 8.20491E-7 4.66176E-6 4.63314E-6 5.42059E-8 3.06679E-6 4.54244E-7 5.95905E-8 1.67567E-8 1.14434E-7 6.83679E-7 5.60334E-5 1.25732E-4 7.64113E-5 1.01531E-4 5.9623E-5 1.7099E-5 4.87035E-6 2.5416E-5
3.88185E-5 6.54589E-5 5.09394E-5 1.01773E-4 8.19379E-5 7.77172E-5 3.3048E-5 2.2709E-5 5.22722E-5 1.79379E-4 3.53472E-5 3.19349E-5 2.73497E-5 1.77056E-5 1.26227E-4 1.05226E-4 1.82042E-4 1.06983E-4 1.48366E-4 1.66708E-4 8.14368E-5 3.60461E-5 1.16782E-4 4.43651E-5 7.98152E-5 5.26067E-5 2.16771E-5 5.47662E-5 1.43257E-6 2.8523E-5 1.59219E-6 5.07529E-6 6.28995E-5 3.27824E-5 2.1435E-6 6.70022E-6 2.62841E-7 6.99161E-6 1.56745E-6 4.6863E-7 2.15185E-7 6.72439E-8 1.94716E-8 5.65426E-8 5.30929E-8 1.77545E-5 7.76173E-6 2.1006E-6 1.53403E-7 4.73762E-7 7.87818E-9 6.67954E-8 3.5642E-6 1.76977E-5 9.23251E-6 1.45906E-6 2.38642E-5 6.45791E-6 7.29735E-5 4.18912E-5 1.06761E-5
4.8599E-5 1.39603E-5 4.72378E-5 1.23307E-4 3.95484E-5 2.15735E-5 8.14115E-5 3.5002E-6 3.58665E-5 1.6536E-4 7.81778E-5 9.3963E-5 7.07837E-6 4.45358E-6 3.87411E-5 4.00406E-5 2.15083E-4 1.75541E-4 2.42573E-5 1.17951E-5 4.68685E-5 1.94271E-4 4.43274E-5 4.012E-5 1.44921E-4 1.25918E-4 1.1797E-4 1.55381E-5 9.53603E-6 5.90374E-5 1.87605E-6 9.68945E-7 1.18101E-5 8.19533E-5 1.84421E-5 2.00718E-5 6.57617E-6 5.14846E-5 2.83279E-5 7.09082E-6 2.67785E-7 1.04793E-8 1.1985E-8 4.13164E-8 3.89074E-9 1.72442E-7 1.81387E-5 6.76511E-6 1.6395E-7 1.3174E-8 1.26045E-8 3.54531E-6 5.9913E-5 5.13391E-5 5.68252E-6 2.09561E-6 6.02019E-6 6.03641E-6 5.61302E-6 4.47924E-6 3.51688E-5
1.90235E-4 1.11877E-4 4.14882E-5 1.00412E-4 1.28917E-4 1.31115E-4 1.21244E-4 6.56041E-5 7.55866E-5 1.10474E-4 8.03853E-5 4.19367E-5 3.39418E-5 3.68009E-5 6.84398E-6 3.39058E-5 1.65856E-4 3.20472E-4 1.87098E-4 2.30975E-5 8.93617E-5 1.48548E-4 2.00166E-5 4.25836E-5 1.84546E-4 1.35527E-4 4.45809E-5 3.50644E-5 9.08905E-5 7.8221E-6 8.32792E-6 4.03328E-6 2.46504E-6 1.64433E-5 1.04302E-4 5.48451E-5 8.10415E-5 5.83588E-6 1.06335E-6 2.27545E-7 1.84928E-8 2.497E-7 6.5658E-8 1.22621E-6 1.4506E-7 1.68177E-5 8.39066E-5 1.4484E-5 1.61504E-6 5.89275E-9 5.55689E-7 4.35409E-5 8.80029E-6 5.59718E-6 1.54513E-5 1.22499E-5 4.06192E-6 1.00631E-6 1.13041E-6 1.17304E-6 3.11132E-6
1.99566E-4 2.43182E-4 2.36578E-4 2.1201E-4 2.44107E-4 2.64947E-4 2.02909E-4 1.3116E-4 2.18591E-4 1.58915E-4 1.6835E-4 1.83521E-4 1.83466E-4 1.65107E-4 4.35834E-5 1.58596E-5 3.93076E-5 2.25428E-4 3.27218E-4 1.10063E-4 9.88341E-5 1.88945E-4 2.96163E-5 1.52587E-4 1.96236E-4 5.797E-5 1.0495E-4 1.5705E-4 1.49635E-4 1.44117E-5 1.50544E-5 6.2154E-6 1.44959E-5 3.42142E-6 4.12531E-5 1.02759E-4 4.92012E-5 3.02259E-5 1.93436E-6 2.92292E-6 1.51939E-7 2.15829E-6 1.2225E-6 1.19793E-6 2.93453E-5 8.08317E-5 5.53978E-6 5.8819E-5 7.15957E-7 5.61829E-8 2.82161E-5 2.75747E-5 2.8355E-6 1.58082E-6 1.2415E-6 5.68311E-6 1.23135E-6 2.25294E-6 1.65737E-5 2.21454E-6 1.15998E-6
2.94875E-4 3.04852E-4 3.40296E-4 3.49984E-4 3.55799E-4 1.66581E-4 1.96844E-4 3.38839E-5 1.97896E-5 1.38663E-5 4.56693E-5 6.39778E-5 6.66762E-5 1.14809E-4 1.95324E-4 2.51384E-5 4.49794E-5 1.26364E-4 2.48036E-4 3.28446E-4 1.70934E-4 9.35364E-5 1.34053E-5 7.82908E-5 2.11512E-4 7.88184E-5 1.32715E-4 3.21774E-5 1.58574E-5 9.40778E-6 3.82073E-5 2.45928E-5 2.78134E-5 2.25137E-5 6.77474E-5 1.27696E-4 6.7951E-5 9.06336E-6 1.60626E-6 3.12054E-5 1.98563E-6 3.06249E-7 5.46266E-6 4.2833E-5 8.78959E-5 3.60873E-5 1.3479E-6 2.87318E-5 7.5867E-5 7.92159E-5 5.33652E-5 6.43737E-6 1.18572E-6 2.91686E-7 1.03858E-6 5.68241E-7 1.65934E-6 2.67074E-6 5.69794E-6 4.59563E-5 7.97496E-7
2.41916E-4 2.63601E-4 2.96898E-4 3.14629E-4 3.19078E-4 3.16298E-4 2.56852E-4 3.21424E-4 2.57039E-4 2.11917E-4 1.7092E-4 1.2173E-4 1.19096E-4 5.35391E-5 2.91511E-5 1.25094E-5 1.11398E-5 1.82049E-5 5.08262E-5 2.77073E-4 2.08398E-4 3.60458E-5 6.04305E-5 7.51799E-5 2.66513E-4 2.89565E-4 1.81241E-4 1.66469E-4 1.10633E-4 9.16728E-6 4.12646E-5 5.88646E-5 1.38288E-5 2.41635E-5 1.19067E-4 1.29253E-4 2.67263E-5 1.10557E-5 7.61148E-6 1.89566E-5 2.55056E-5 1.30949E-5 9.42706E-6 9.95559E-5 8.26228E-6 3.86792E-6 1.02195E-6 5.08623E-7 1.09976E-6 1.69876E-6 2.19655E-5 1.39658E-5 2.04353E-5 5.70376E-6 1.72849E-6 4.62633E-6 1.1127E-5 1.84184E-6 2.74802E-6 9.20426E-6 7.43757E-5
