Artocarpus hirsutus SDM files/Last interglacial/results (without bias file)/Arthir_median.asc
ncols         625
nrows         721
xllcorner     69.99986311115
yllcorner     5.99986151914999
cellsize      0.041666667
NODATA_value  -9999
[rows 54 to 80 of 721, columns 549 to 609 of 625]
1.31406E-4 1.41059E-4 1.54117E-4 1.48998E-4 1.54409E-4 1.53138E-4 1.4105E-4 1.4034E-4 1.37117E-4 1.42152E-4 1.27626E-4 1.40442E-4 1.40442E-4 1.36864E-4 1.28754E-4 1.27271E-4 1.38798E-4 1.21545E-4 8.96798E-5 8.7316E-5 8.43965E-5 9.20918E-5 9.56484E-5 1.16298E-4 1.14399E-4 1.27592E-4 1.28859E-4 1.12894E-4 1.04225E-4 1.2166E-4 9.9309E-5 9.75281E-5 1.07627E-4 1.23694E-4 1.31027E-4 1.33965E-4 1.25453E-4 9.75227E-5 9.42118E-5 1.0739E-4 9.29037E-5 1.0233E-4 1.09152E-4 1.11536E-4 9.45603E-5 8.12689E-5 1.10856E-4 9.63358E-5 1.07636E-4 1.02011E-4 6.77206E-5 1.11784E-4 1.09698E-4 9.08559E-5 1.04183E-4 1.20266E-4 7.61176E-5 9.03998E-5 9.96099E-5 6.64055E-5 7.72768E-5
1.38602E-4 1.40679E-4 1.33356E-4 1.3206E-4 1.42217E-4 1.49115E-4 1.40679E-4 1.35059E-4 1.28822E-4 1.39043E-4 1.4154E-4 1.37123E-4 1.2956E-4 1.34663E-4 1.38174E-4 1.43764E-4 1.27214E-4 1.12049E-4 8.9764E-5 9.23448E-5 1.04195E-4 1.17102E-4 1.2956E-4 1.36594E-4 1.25966E-4 1.30085E-4 1.10197E-4 1.10102E-4 9.1121E-5 9.43608E-5 9.44514E-5 1.01676E-4 1.10416E-4 1.206E-4 1.27222E-4 1.31885E-4 1.22261E-4 1.2747E-4 9.72529E-5 9.38169E-5 9.92244E-5 1.03629E-4 1.05969E-4 1.11335E-4 1.02969E-4 8.72262E-5 1.06587E-4 1.18009E-4 9.05384E-5 8.21708E-5 1.00441E-4 1.01174E-4 1.13556E-4 1.02622E-4 8.51401E-5 7.76808E-5 8.57356E-5 7.75528E-5 1.09793E-4 8.71047E-5 1.10613E-4
1.53104E-4 1.60924E-4 1.58417E-4 1.43059E-4 1.37767E-4 1.44124E-4 1.36903E-4 1.31145E-4 1.31039E-4 1.28589E-4 1.21469E-4 1.16686E-4 1.15745E-4 1.14509E-4 1.19236E-4 1.17365E-4 1.25641E-4 1.08447E-4 1.01903E-4 9.97492E-5 9.16458E-5 9.77158E-5 1.09585E-4 1.29425E-4 1.25125E-4 1.3019E-4 1.16499E-4 8.8668E-5 9.35435E-5 9.7428E-5 9.7335E-5 1.00796E-4 1.01967E-4 1.11009E-4 1.14369E-4 1.24774E-4 1.29033E-4 1.28164E-4 9.02689E-5 1.08806E-4 1.10726E-4 1.19317E-4 1.13326E-4 1.1531E-4 1.02091E-4 1.02705E-4 1.13525E-4 1.22609E-4 1.06254E-4 1.03977E-4 1.08269E-4 1.13028E-4 1.0781E-4 1.09716E-4 1.17747E-4 1.00705E-4 9.60822E-5 8.77165E-5 1.18247E-4 1.10698E-4 1.08815E-4
1.71453E-4 1.67684E-4 1.60708E-4 1.49402E-4 1.43613E-4 1.49389E-4 1.44788E-4 1.5053E-4 1.56968E-4 1.52178E-4 1.52583E-4 1.5393E-4 1.41855E-4 1.3089E-4 1.21899E-4 1.07295E-4 1.02341E-4 1.02778E-4 1.02166E-4 1.0079E-4 1.05223E-4 1.00193E-4 9.43524E-5 9.34536E-5 1.00892E-4 1.15562E-4 1.1287E-4 9.41727E-5 9.39031E-5 1.2044E-4 1.30368E-4 1.20015E-4 1.12579E-4 1.36527E-4 1.13837E-4 1.29255E-4 1.4025E-4 1.16499E-4 9.84506E-5 1.26618E-4 1.12349E-4 1.09845E-4 1.00254E-4 9.84733E-5 1.00598E-4 1.1265E-4 1.11275E-4 9.87888E-5 9.02019E-5 8.48355E-5 1.0128E-4 9.04355E-5 9.61544E-5 1.1167E-4 8.82646E-5 9.36442E-5 9.78841E-5 1.04143E-4 7.6902E-5 9.96554E-5 1.30884E-4
1.62898E-4 1.60882E-4 1.79565E-4 1.58738E-4 1.71125E-4 1.44456E-4 1.44348E-4 1.47841E-4 1.49752E-4 1.44777E-4 1.45537E-4 1.45537E-4 1.42792E-4 1.33889E-4 1.23422E-4 1.2074E-4 1.47037E-4 1.26679E-4 1.1423E-4 1.07916E-4 1.05718E-4 1.10266E-4 1.02341E-4 9.87964E-5 9.50704E-5 9.48012E-5 9.75074E-5 9.72307E-5 9.64923E-5 1.05476E-4 1.27146E-4 1.36423E-4 1.20841E-4 1.14126E-4 1.03392E-4 1.27462E-4 1.31672E-4 1.20737E-4 1.05576E-4 1.33033E-4 1.10508E-4 1.27635E-4 1.38603E-4 1.10768E-4 1.28834E-4 1.24758E-4 1.19084E-4 1.11141E-4 1.01571E-4 1.15634E-4 1.28156E-4 1.12092E-4 9.23593E-5 8.71299E-5 8.71299E-5 9.56903E-5 9.38644E-5 6.71591E-5 9.52933E-5 9.92754E-5 7.64598E-5
1.9544E-4 1.83285E-4 1.67906E-4 1.69772E-4 1.61697E-4 1.59197E-4 1.57245E-4 1.61509E-4 1.74527E-4 1.48527E-4 1.62629E-4 1.38606E-4 1.3507E-4 1.21878E-4 1.29494E-4 1.07869E-4 1.39746E-4 1.49389E-4 1.52718E-4 1.44782E-4 1.25971E-4 1.08436E-4 1.07916E-4 1.06073E-4 1.0212E-4 1.05272E-4 1.01082E-4 9.54043E-5 9.44265E-5 9.75074E-5 9.67693E-5 1.431E-4 1.49994E-4 1.14326E-4 8.70569E-5 1.11189E-4 1.24743E-4 8.6641E-5 1.23903E-4 1.26534E-4 1.3174E-4 1.01951E-4 1.28908E-4 1.25416E-4 1.46459E-4 1.18176E-4 1.29703E-4 1.20033E-4 1.0927E-4 1.38114E-4 1.22496E-4 1.19355E-4 1.09141E-4 1.10553E-4 1.17567E-4 1.02222E-4 1.31485E-4 1.22761E-4 9.50801E-5 8.84595E-5 1.02826E-4
1.81058E-4 1.94428E-4 1.93635E-4 1.74872E-4 1.59409E-4 1.6019E-4 1.49493E-4 1.4988E-4 1.66336E-4 1.62008E-4 1.52068E-4 1.45855E-4 1.40246E-4 1.3513E-4 1.40246E-4 1.4573E-4 1.17019E-4 1.20965E-4 1.31409E-4 1.32627E-4 1.2526E-4 1.14709E-4 1.1839E-4 1.25666E-4 1.13171E-4 1.15994E-4 1.08003E-4 1.05895E-4 1.0554E-4 1.09258E-4 1.1196E-4 1.27364E-4 1.28901E-4 1.23832E-4 1.02463E-4 9.57593E-5 1.14055E-4 8.69738E-5 1.14671E-4 1.37148E-4 1.1415E-4 1.18748E-4 1.49737E-4 1.1336E-4 1.14723E-4 1.35185E-4 1.18084E-4 1.04954E-4 1.15951E-4 1.26473E-4 1.07485E-4 1.39685E-4 1.09983E-4 1.11626E-4 1.12934E-4 1.25757E-4 1.03036E-4 1.18318E-4 1.17826E-4 1.01294E-4 1.07906E-4
1.21113E-4 1.59496E-4 1.81058E-4 1.8879E-4 1.70952E-4 1.50642E-4 1.49365E-4 1.42627E-4 1.72782E-4 1.77694E-4 1.7988E-4 1.66605E-4 1.54538E-4 1.53092E-4 1.51759E-4 1.52123E-4 1.42999E-4 1.40366E-4 1.30897E-4 1.51013E-4 1.52763E-4 1.38943E-4 1.251E-4 1.24194E-4 1.24798E-4 1.23992E-4 1.17576E-4 1.21655E-4 1.28086E-4 1.2145E-4 1.13102E-4 1.35978E-4 1.36017E-4 1.36085E-4 1.31E-4 1.1905E-4 9.35543E-5 8.04745E-5 1.05326E-4 1.24578E-4 1.09273E-4 1.28966E-4 1.23325E-4 1.28863E-4 1.32383E-4 1.23885E-4 1.25485E-4 9.57484E-5 1.22142E-4 1.24725E-4 1.01191E-4 1.29133E-4 1.19181E-4 9.10915E-5 1.12737E-4 1.32073E-4 1.1452E-4 9.27655E-5 1.01684E-4 1.21524E-4 1.17355E-4
1.29317E-4 1.2824E-4 1.2542E-4 1.5243E-4 1.53746E-4 1.84908E-4 1.80955E-4 1.51496E-4 1.53877E-4 1.79872E-4 1.81175E-4 1.90338E-4 1.86989E-4 1.81624E-4 1.79266E-4 1.73834E-4 1.7513E-4 1.60274E-4 1.48946E-4 1.66659E-4 1.59319E-4 1.49297E-4 1.43121E-4 1.39048E-4 1.3336E-4 1.38733E-4 1.18952E-4 1.3741E-4 1.4732E-4 1.36724E-4 1.31412E-4 1.21655E-4 1.44559E-4 1.43448E-4 1.32543E-4 1.33665E-4 1.19148E-4 1.08535E-4 8.46289E-5 1.06189E-4 1.48748E-4 1.07368E-4 1.52503E-4 1.41649E-4 1.43881E-4 1.5168E-4 1.03543E-4 1.12664E-4 9.62466E-5 1.30702E-4 1.11251E-4 1.0162E-4 9.11754E-5 1.1283E-4 1.07415E-4 1.28935E-4 1.29104E-4 1.27742E-4 1.00463E-4 1.15585E-4 1.28708E-4
1.6042E-4 1.53132E-4 1.34205E-4 1.25809E-4 1.42389E-4 1.53089E-4 1.83738E-4 1.93656E-4 1.62415E-4 1.41651E-4 1.52562E-4 1.52298E-4 1.63209E-4 1.66579E-4 1.73737E-4 1.88267E-4 1.81758E-4 1.7513E-4 1.75001E-4 1.61746E-4 1.75007E-4 1.44298E-4 1.59374E-4 1.57397E-4 1.37351E-4 1.36512E-4 1.23236E-4 1.4206E-4 1.56215E-4 1.4093E-4 1.38081E-4 1.31309E-4 1.32748E-4 1.4915E-4 1.50361E-4 1.48627E-4 1.46392E-4 1.27397E-4 1.02143E-4 1.07644E-4 1.3835E-4 1.00738E-4 1.2771E-4 1.41102E-4 1.22146E-4 1.05326E-4 1.18056E-4 1.11987E-4 1.31207E-4 1.25096E-4 1.06876E-4 1.22639E-4 1.15447E-4 9.12592E-5 9.95109E-5 8.69507E-5 1.23031E-4 1.31395E-4 1.12767E-4 1.26955E-4 1.31839E-4
1.5915E-4 1.67461E-4 1.50134E-4 1.4005E-4 1.28853E-4 1.32772E-4 1.72556E-4 1.57986E-4 1.5773E-4 1.43492E-4 1.63267E-4 1.87404E-4 1.79744E-4 2.03085E-4 2.01515E-4 1.78225E-4 1.73108E-4 1.69295E-4 1.97159E-4 1.59469E-4 1.67662E-4 1.598E-4 1.57214E-4 1.66128E-4 1.64051E-4 1.61785E-4 1.50653E-4 1.3646E-4 1.61202E-4 1.5582E-4 1.51278E-4 1.3334E-4 1.41801E-4 1.26021E-4 1.20514E-4 1.39678E-4 1.59269E-4 1.32129E-4 1.06504E-4 9.05448E-5 9.45506E-5 9.98933E-5 1.46101E-4 1.20672E-4 1.013E-4 1.4226E-4 1.35999E-4 1.37815E-4 1.34484E-4 1.31476E-4 1.09391E-4 8.0494E-5 1.20004E-4 1.02482E-4 1.27134E-4 1.18529E-4 6.84448E-5 1.04598E-4 1.2371E-4 1.10258E-4 1.13419E-4
1.78031E-4 1.80578E-4 1.56773E-4 1.4384E-4 1.4744E-4 1.53019E-4 1.59955E-4 1.63922E-4 1.44444E-4 1.43114E-4 1.47449E-4 1.66426E-4 1.67699E-4 1.81443E-4 1.84608E-4 1.71977E-4 1.47263E-4 1.375E-4 1.75343E-4 2.04967E-4 1.88406E-4 1.71069E-4 1.65408E-4 1.56579E-4 1.72898E-4 1.56345E-4 1.52476E-4 1.466E-4 1.47802E-4 1.57871E-4 1.70723E-4 1.51014E-4 1.7184E-4 1.4724E-4 1.28377E-4 1.0735E-4 1.5125E-4 1.47802E-4 1.5764E-4 1.28479E-4 7.98354E-5 1.11931E-4 9.35618E-5 1.1374E-4 1.54054E-4 1.56628E-4 1.08664E-4 1.22965E-4 1.35467E-4 1.34482E-4 1.35005E-4 1.19781E-4 1.02857E-4 8.34338E-5 1.16663E-4 1.02346E-4 1.15555E-4 1.00584E-4 9.33152E-5 1.04057E-4 1.17317E-4
1.50811E-4 1.79398E-4 1.70948E-4 1.68457E-4 1.60099E-4 1.68723E-4 1.53172E-4 1.41818E-4 1.47222E-4 1.61916E-4 1.48799E-4 1.78121E-4 1.84939E-4 1.93821E-4 2.0201E-4 1.97745E-4 1.64296E-4 1.42386E-4 1.7259E-4 2.12376E-4 2.03326E-4 1.88032E-4 1.72827E-4 1.74287E-4 1.61397E-4 1.63491E-4 1.44143E-4 1.6903E-4 1.45822E-4 1.41387E-4 1.52358E-4 1.53048E-4 1.47937E-4 1.44704E-4 1.38214E-4 1.14408E-4 1.03296E-4 9.48873E-5 1.32218E-4 1.64846E-4 1.05957E-4 8.31884E-5 1.0515E-4 1.41633E-4 1.28104E-4 1.48673E-4 1.6899E-4 1.06778E-4 1.56777E-4 1.21363E-4 1.37867E-4 1.16947E-4 1.4033E-4 8.47927E-5 1.09694E-4 1.43744E-4 1.30958E-4 1.32255E-4 1.28588E-4 1.40276E-4 1.39453E-4
1.48118E-4 1.63857E-4 1.71808E-4 1.65986E-4 1.59417E-4 1.48232E-4 1.33931E-4 1.58997E-4 1.79166E-4 1.56666E-4 1.45979E-4 1.59168E-4 1.53319E-4 1.8824E-4 1.86595E-4 2.12294E-4 1.85916E-4 1.43357E-4 1.54251E-4 2.06219E-4 2.10942E-4 1.8682E-4 1.84784E-4 2.03155E-4 1.78703E-4 1.49369E-4 1.37149E-4 1.4857E-4 1.37149E-4 1.22779E-4 1.46566E-4 1.39246E-4 1.30496E-4 1.29702E-4 1.1888E-4 1.3613E-4 1.64254E-4 1.21888E-4 9.42646E-5 1.17767E-4 1.32306E-4 8.06449E-5 1.15426E-4 1.03112E-4 1.27483E-4 9.75162E-5 1.37449E-4 9.81479E-5 1.19319E-4 1.13891E-4 8.95575E-5 1.22673E-4 1.1537E-4 1.43819E-4 8.0057E-5 1.13895E-4 1.02891E-4 9.73428E-5 1.1648E-4 1.27644E-4 1.29159E-4
1.51573E-4 1.72411E-4 1.66134E-4 1.43453E-4 1.40505E-4 1.46183E-4 1.71808E-4 1.82936E-4 1.78456E-4 1.7485E-4 1.67964E-4 1.56017E-4 1.5443E-4 1.54857E-4 1.77116E-4 1.9982E-4 1.84709E-4 1.66513E-4 1.74369E-4 2.10313E-4 2.18102E-4 1.87763E-4 1.84171E-4 1.75919E-4 2.01465E-4 1.85782E-4 1.60046E-4 1.28597E-4 1.27859E-4 1.13138E-4 1.12653E-4 1.11679E-4 1.43366E-4 1.1275E-4 1.025E-4 1.06901E-4 1.25963E-4 1.5126E-4 1.40562E-4 1.3973E-4 1.13041E-4 1.31916E-4 9.43521E-5 9.40897E-5 1.01584E-4 1.01125E-4 1.06144E-4 8.92532E-5 8.65965E-5 8.21959E-5 1.49738E-4 1.05935E-4 1.37445E-4 1.29062E-4 1.12358E-4 6.58171E-5 1.08242E-4 1.09898E-4 1.34395E-4 1.36763E-4 1.46186E-4
1.55254E-4 1.6426E-4 1.70437E-4 1.55244E-4 1.45923E-4 1.41821E-4 1.51425E-4 1.56573E-4 1.75398E-4 1.80448E-4 1.85971E-4 1.76232E-4 1.60096E-4 1.73218E-4 1.68434E-4 2.08533E-4 1.66508E-4 1.58161E-4 1.94205E-4 2.20445E-4 2.04076E-4 1.85514E-4 1.85514E-4 1.73368E-4 1.86571E-4 2.06326E-4 1.73369E-4 1.26305E-4 1.24892E-4 1.31523E-4 1.25398E-4 1.10841E-4 1.20454E-4 1.38122E-4 1.13993E-4 9.53999E-5 1.02073E-4 9.06023E-5 1.42629E-4 1.47235E-4 1.36389E-4 1.28746E-4 1.33764E-4 1.31181E-4 8.47561E-5 1.35649E-4 1.66779E-4 1.32753E-4 8.8061E-5 1.11386E-4 1.68576E-4 1.1565E-4 1.29772E-4 1.41819E-4 1.17289E-4 6.34549E-5 1.02188E-4 1.12211E-4 1.51301E-4 1.56174E-4 1.36695E-4
1.3851E-4 1.35702E-4 1.44605E-4 1.55063E-4 1.75136E-4 1.66557E-4 1.48516E-4 1.43018E-4 1.49425E-4 1.67982E-4 1.70473E-4 1.52645E-4 1.72965E-4 1.87258E-4 1.67395E-4 1.88415E-4 1.80733E-4 1.70971E-4 2.05826E-4 2.11074E-4 2.25012E-4 1.96975E-4 1.77379E-4 1.63815E-4 1.89417E-4 2.24645E-4 1.91432E-4 1.79661E-4 1.84305E-4 1.69612E-4 1.42628E-4 1.45979E-4 1.60664E-4 1.41696E-4 1.33072E-4 1.36091E-4 1.31937E-4 1.18342E-4 1.50383E-4 1.09247E-4 1.0415E-4 1.01256E-4 1.52199E-4 1.81487E-4 1.39498E-4 1.14758E-4 1.62723E-4 1.62314E-4 1.0415E-4 9.6195E-5 1.07998E-4 1.29878E-4 1.55061E-4 1.23678E-4 1.20788E-4 6.50094E-5 1.22102E-4 1.28341E-4 1.6286E-4 1.67872E-4 1.54409E-4
1.51582E-4 1.39683E-4 1.40246E-4 1.38141E-4 1.46165E-4 1.78844E-4 1.60511E-4 1.50493E-4 1.45619E-4 1.44718E-4 1.44718E-4 1.57459E-4 1.66603E-4 1.63929E-4 1.65902E-4 1.55617E-4 1.6336E-4 1.77182E-4 1.97975E-4 1.95114E-4 2.07734E-4 2.25684E-4 1.97899E-4 1.66125E-4 1.75947E-4 2.19049E-4 2.13971E-4 2.00552E-4 2.07197E-4 1.87258E-4 1.88283E-4 1.43669E-4 1.56712E-4 1.5078E-4 1.57962E-4 1.61003E-4 1.47879E-4 1.61003E-4 1.48126E-4 1.48658E-4 1.11183E-4 1.38693E-4 1.69045E-4 1.41041E-4 1.1546E-4 1.36174E-4 1.74777E-4 1.15706E-4 8.52858E-5 1.47548E-4 1.40261E-4 1.40707E-4 1.07013E-4 1.24364E-4 7.14437E-5 8.23289E-5 8.88904E-5 1.26209E-4 1.18616E-4 1.25684E-4 1.54276E-4
1.42015E-4 1.36113E-4 1.42015E-4 1.35171E-4 1.3929E-4 1.32881E-4 1.54081E-4 1.62101E-4 1.54081E-4 1.51701E-4 1.53797E-4 1.45619E-4 1.56629E-4 1.72756E-4 1.89456E-4 1.89265E-4 1.7968E-4 1.57975E-4 1.63191E-4 1.38875E-4 1.59331E-4 2.19971E-4 2.01451E-4 1.96004E-4 1.67668E-4 2.03001E-4 2.20111E-4 2.25194E-4 2.24645E-4 2.06861E-4 1.92873E-4 1.76503E-4 1.79961E-4 1.75012E-4 1.76265E-4 1.83486E-4 1.67115E-4 1.79136E-4 1.65904E-4 1.55778E-4 1.41602E-4 1.64152E-4 1.35681E-4 9.53282E-5 1.60955E-4 1.74809E-4 1.54876E-4 1.42584E-4 1.50115E-4 1.03149E-4 1.19156E-4 1.65987E-4 1.29166E-4 1.31007E-4 1.13547E-4 1.20071E-4 9.38282E-5 1.14699E-4 1.35124E-4 1.59467E-4 1.51646E-4
1.47319E-4 1.47413E-4 1.52363E-4 1.53716E-4 1.44954E-4 1.4411E-4 1.33936E-4 1.43263E-4 1.56314E-4 1.54306E-4 1.59675E-4 1.51815E-4 1.66056E-4 1.51014E-4 1.69355E-4 1.69787E-4 1.89078E-4 1.91899E-4 1.75934E-4 1.66331E-4 1.6421E-4 1.38766E-4 1.58149E-4 1.82637E-4 1.83902E-4 2.00703E-4 1.84881E-4 2.02735E-4 1.94024E-4 2.01551E-4 2.17423E-4 1.92285E-4 1.79375E-4 1.83151E-4 1.87229E-4 1.94695E-4 1.88176E-4 1.85645E-4 1.88649E-4 1.63398E-4 1.35893E-4 1.68415E-4 1.8456E-4 1.38318E-4 1.14073E-4 1.8844E-4 1.83367E-4 1.44316E-4 1.43561E-4 1.45496E-4 1.19868E-4 1.03515E-4 1.02782E-4 9.00467E-5 9.81051E-5 1.555E-4 1.78653E-4 1.49254E-4 1.10261E-4 1.59949E-4 1.50708E-4
1.48716E-4 1.61243E-4 1.60854E-4 1.62972E-4 1.42983E-4 1.4073E-4 1.33093E-4 1.37334E-4 1.60054E-4 1.5509E-4 1.5856E-4 1.53065E-4 1.5839E-4 1.5839E-4 1.86461E-4 1.59908E-4 1.5021E-4 1.58155E-4 1.64661E-4 1.9054E-4 1.6233E-4 1.43266E-4 1.55545E-4 1.7651E-4 1.87606E-4 2.2018E-4 2.26663E-4 2.00215E-4 1.72013E-4 1.77723E-4 1.79967E-4 1.82778E-4 1.83341E-4 1.80568E-4 1.88995E-4 1.97759E-4 1.87557E-4 1.96011E-4 1.90323E-4 1.72414E-4 1.40945E-4 1.45282E-4 1.71633E-4 1.69596E-4 1.12502E-4 1.95728E-4 1.89037E-4 1.82145E-4 1.73542E-4 1.82117E-4 1.67162E-4 1.0868E-4 9.16333E-5 1.00814E-4 1.00814E-4 1.08066E-4 1.26979E-4 1.36896E-4 1.4601E-4 1.13947E-4 1.08106E-4
1.53383E-4 1.67477E-4 1.76579E-4 1.52238E-4 1.47569E-4 1.40339E-4 1.3441E-4 1.39286E-4 1.38704E-4 1.43848E-4 1.68093E-4 1.6821E-4 1.60282E-4 1.66099E-4 1.83171E-4 1.77171E-4 1.51773E-4 1.58675E-4 1.5166E-4 1.45497E-4 1.45386E-4 1.45719E-4 1.58037E-4 1.71222E-4 1.73785E-4 1.641E-4 1.72079E-4 1.76487E-4 1.5044E-4 1.75547E-4 1.54993E-4 1.55407E-4 1.67041E-4 1.87274E-4 1.95081E-4 1.92981E-4 1.81752E-4 1.69211E-4 1.90226E-4 2.00839E-4 1.97936E-4 2.00122E-4 1.54754E-4 1.09624E-4 1.16213E-4 1.5923E-4 1.37336E-4 1.10731E-4 1.27862E-4 1.11582E-4 1.07277E-4 1.41533E-4 1.57459E-4 1.46848E-4 1.22315E-4 7.03836E-5 6.18867E-5 6.84192E-5 8.37092E-5 9.92483E-5 1.04667E-4
1.60958E-4 1.6727E-4 1.76588E-4 1.50802E-4 1.48117E-4 1.44208E-4 1.42192E-4 1.42289E-4 1.49138E-4 1.49429E-4 1.48566E-4 1.48759E-4 1.81E-4 1.72784E-4 1.63554E-4 1.71996E-4 1.60624E-4 1.80747E-4 1.78811E-4 1.53116E-4 1.53116E-4 1.52222E-4 1.7475E-4 1.64506E-4 1.71227E-4 1.64089E-4 1.65151E-4 1.52498E-4 1.58037E-4 1.56235E-4 1.56E-4 1.50785E-4 1.49749E-4 1.62554E-4 1.81735E-4 1.85371E-4 1.94877E-4 1.69399E-4 1.57448E-4 1.75101E-4 1.6662E-4 1.71222E-4 1.31281E-4 1.29687E-4 1.87009E-4 1.79873E-4 1.74916E-4 1.6689E-4 1.61527E-4 1.6347E-4 9.15671E-5 1.39073E-4 1.80304E-4 1.65059E-4 1.0867E-4 1.36942E-4 1.16629E-4 1.02285E-4 1.02113E-4 6.61649E-5 7.7702E-5
1.50961E-4 1.51447E-4 1.62372E-4 1.53006E-4 1.45248E-4 1.44871E-4 1.42772E-4 1.6275E-4 1.70246E-4 1.60863E-4 1.60958E-4 1.57203E-4 1.62576E-4 1.57485E-4 1.69543E-4 1.74866E-4 1.77317E-4 1.66566E-4 1.92635E-4 1.93761E-4 1.83704E-4 1.67374E-4 1.5345E-4 1.5211E-4 1.72925E-4 1.59021E-4 1.58445E-4 1.57285E-4 1.7236E-4 1.88805E-4 2.04179E-4 1.76144E-4 1.7433E-4 1.57518E-4 1.61434E-4 1.77134E-4 1.56352E-4 1.3685E-4 1.47332E-4 1.35336E-4 1.66358E-4 1.77861E-4 1.95002E-4 1.59792E-4 1.81735E-4 2.03993E-4 1.96E-4 1.96372E-4 1.79381E-4 1.62322E-4 1.29313E-4 1.14659E-4 1.54633E-4 1.49104E-4 1.52446E-4 1.76075E-4 1.76671E-4 1.55741E-4 1.4702E-4 1.09209E-4 1.10487E-4
1.45455E-4 1.44586E-4 1.3903E-4 1.61121E-4 1.53868E-4 1.49927E-4 1.62208E-4 1.84399E-4 1.84194E-4 1.69297E-4 1.58049E-4 1.55798E-4 1.52531E-4 1.45198E-4 1.63263E-4 1.9502E-4 1.97916E-4 1.81846E-4 1.86459E-4 1.74984E-4 1.83529E-4 1.5882E-4 1.6517E-4 1.78851E-4 1.82405E-4 1.64349E-4 1.64349E-4 1.70907E-4 1.68643E-4 1.69661E-4 1.80988E-4 1.82329E-4 1.93747E-4 1.83454E-4 1.64089E-4 1.90609E-4 1.79198E-4 1.7447E-4 1.76747E-4 1.8705E-4 1.72784E-4 1.86019E-4 1.88075E-4 1.9184E-4 1.76005E-4 2.08564E-4 2.00507E-4 1.92749E-4 1.78441E-4 1.95471E-4 1.71316E-4 1.2691E-4 9.53702E-5 1.10487E-4 1.27563E-4 1.56279E-4 1.75475E-4 1.84269E-4 1.85879E-4 1.66765E-4 1.58036E-4
1.4783E-4 1.57334E-4 1.58208E-4 1.44732E-4 1.50119E-4 1.52014E-4 1.79335E-4 1.94069E-4 1.87504E-4 1.88476E-4 1.71042E-4 1.52574E-4 1.39937E-4 1.72218E-4 1.85718E-4 1.6598E-4 1.84252E-4 1.79151E-4 1.92662E-4 1.74102E-4 1.73518E-4 1.74866E-4 1.87713E-4 1.98035E-4 1.85756E-4 1.67374E-4 1.73563E-4 1.83809E-4 1.64466E-4 1.9339E-4 1.83515E-4 1.94432E-4 1.79852E-4 1.90019E-4 1.86309E-4 1.89459E-4 2.09988E-4 2.04273E-4 2.03393E-4 2.19889E-4 2.03092E-4 2.06504E-4 1.84865E-4 1.97086E-4 1.54914E-4 1.40291E-4 1.84658E-4 2.33796E-4 1.89904E-4 1.79077E-4 1.58127E-4 1.35098E-4 1.01558E-4 9.65315E-5 8.89043E-5 1.45312E-4 1.12032E-4 1.53551E-4 1.80725E-4 1.89759E-4 1.54213E-4
1.64915E-4 1.60506E-4 1.66819E-4 1.51131E-4 1.51304E-4 1.49376E-4 1.91963E-4 1.91966E-4 1.93075E-4 1.76181E-4 1.56743E-4 1.44964E-4 1.59535E-4 2.01805E-4 1.73558E-4 1.69303E-4 1.5655E-4 1.7595E-4 1.75029E-4 1.80893E-4 1.88417E-4 1.88416E-4 2.03064E-4 2.2294E-4 1.97181E-4 1.92941E-4 1.72579E-4 1.98179E-4 1.70484E-4 2.21808E-4 2.06398E-4 1.90359E-4 1.78639E-4 2.06957E-4 2.02923E-4 1.90983E-4 1.7698E-4 1.98681E-4 1.91442E-4 1.8499E-4 1.98356E-4 2.09295E-4 1.67834E-4 1.40291E-4 2.29714E-4 1.83249E-4 1.28429E-4 2.32125E-4 2.20904E-4 1.62694E-4 1.39556E-4 1.10266E-4 9.72955E-5 9.75497E-5 9.65769E-5 8.64147E-5 1.38323E-4 1.2324E-4 1.03327E-4 1.34587E-4 1.78075E-4
