Artocarpus hirsutus SDM files/Last interglacial/results (without bias file)/Arthir_4.asc
ncols         625
nrows         721
xllcorner     69.99986311115
yllcorner     5.99986151914999
cellsize      0.041666667
NODATA_value  -9999
[rows 351 to 377 of 721, columns 122 to 182 of 625]
1.51564E-4 1.16438E-4 1.36784E-4 1.49051E-4 1.4922E-4 1.43888E-4 1.4044E-4 1.48041E-4 1.5149E-4 1.60109E-4 1.66055E-4 1.70256E-4 1.88279E-4 2.07953E-4 2.21968E-4 2.18147E-4 1.65885E-4 1.36854E-4 1.30273E-4 1.23151E-4 1.52281E-4 1.60229E-4 1.41055E-4 1.22111E-4 1.86062E-4 1.3398E-4 1.12942E-4 1.28329E-4 1.1849E-4 1.01837E-4 1.10479E-4 1.51962E-4 1.78613E-4 1.62206E-4 1.65036E-4 1.24387E-4 1.06921E-4 1.38967E-4 1.49342E-4 1.57758E-4 1.4611E-4 1.77823E-4 2.2851E-4 1.8849E-4 1.50499E-4 1.77979E-4 2.31673E-4 2.1876E-4 1.69197E-4 2.36713E-4 2.54333E-4 3.01636E-4 3.26423E-4 2.48127E-4 2.5693E-4 1.46976E-4 1.11604E-4 1.13828E-4 1.50663E-4 1.3241E-4 1.24473E-4
1.43475E-4 1.15616E-4 1.97653E-4 1.61551E-4 1.47999E-4 1.49068E-4 1.32901E-4 1.30947E-4 1.47259E-4 1.73055E-4 2.02785E-4 2.0429E-4 2.26539E-4 2.41235E-4 2.40748E-4 1.90181E-4 1.3548E-4 1.3092E-4 1.29393E-4 1.21996E-4 1.51275E-4 1.12314E-4 1.37088E-4 1.19467E-4 1.42327E-4 1.4266E-4 1.26162E-4 1.216E-4 1.22699E-4 1.13579E-4 1.35939E-4 1.50959E-4 1.5627E-4 1.36159E-4 1.2523E-4 1.12184E-4 1.22846E-4 1.44456E-4 1.7118E-4 1.59942E-4 1.90191E-4 1.82414E-4 2.12869E-4 2.23486E-4 2.19979E-4 2.12545E-4 1.92688E-4 2.55145E-4 2.18012E-4 2.28611E-4 3.3132E-4 2.63083E-4 1.30962E-4 1.14771E-4 1.14568E-4 1.04738E-4 1.03218E-4 1.02457E-4 1.12569E-4 1.12831E-4 1.13989E-4
1.50813E-4 1.27215E-4 1.33849E-4 1.27169E-4 1.26564E-4 1.25134E-4 1.23741E-4 1.48068E-4 1.88168E-4 2.17767E-4 2.16519E-4 1.73921E-4 1.71622E-4 1.97723E-4 1.48477E-4 1.27338E-4 1.2814E-4 1.29256E-4 1.44454E-4 1.29398E-4 1.56776E-4 1.15847E-4 1.10695E-4 1.1711E-4 1.2812E-4 1.25173E-4 1.29014E-4 1.27083E-4 1.37359E-4 1.35283E-4 1.30407E-4 1.33271E-4 1.37703E-4 1.41778E-4 1.43066E-4 1.66274E-4 1.93768E-4 1.59885E-4 1.88033E-4 1.41314E-4 2.12216E-4 2.40983E-4 2.38703E-4 2.47661E-4 1.96596E-4 2.00863E-4 2.4227E-4 2.63158E-4 2.76373E-4 2.35484E-4 2.03817E-4 1.4064E-4 1.12181E-4 1.13282E-4 1.1848E-4 1.16795E-4 1.06066E-4 1.15714E-4 1.18747E-4 1.24528E-4 1.27921E-4
1.4532E-4 1.24068E-4 1.33331E-4 1.38207E-4 1.36837E-4 1.31376E-4 1.33001E-4 1.36617E-4 1.54575E-4 1.46452E-4 1.33744E-4 1.12567E-4 1.19706E-4 1.34029E-4 1.23568E-4 1.36084E-4 1.42457E-4 1.32166E-4 1.76684E-4 1.38655E-4 1.13579E-4 1.14556E-4 1.18475E-4 1.29856E-4 1.31452E-4 1.36948E-4 1.37027E-4 1.25137E-4 1.61486E-4 1.46363E-4 1.54583E-4 1.56041E-4 1.78819E-4 1.64794E-4 1.59249E-4 1.9309E-4 2.09027E-4 2.38579E-4 2.22291E-4 1.69424E-4 1.52292E-4 1.79959E-4 1.68559E-4 1.55794E-4 1.17128E-4 1.56137E-4 2.04338E-4 1.728E-4 1.12954E-4 1.25367E-4 1.18944E-4 1.19067E-4 1.12507E-4 1.07674E-4 1.07531E-4 1.05636E-4 1.09986E-4 1.21587E-4 1.29013E-4 1.30721E-4 1.43754E-4
1.53487E-4 1.3675E-4 1.4187E-4 1.38711E-4 1.36044E-4 1.39497E-4 1.37869E-4 1.3195E-4 1.41623E-4 1.26043E-4 1.24036E-4 1.32126E-4 1.35533E-4 1.29564E-4 1.37895E-4 1.27923E-4 1.26878E-4 1.26833E-4 1.33256E-4 1.12479E-4 1.2067E-4 1.25601E-4 1.25893E-4 1.35913E-4 1.36506E-4 1.44181E-4 1.55308E-4 1.42098E-4 1.46522E-4 1.43973E-4 1.48229E-4 1.47264E-4 1.52116E-4 1.6092E-4 1.68705E-4 1.88489E-4 1.99564E-4 2.22474E-4 2.02369E-4 1.30781E-4 1.18019E-4 1.16019E-4 1.27957E-4 1.67913E-4 1.81701E-4 1.53935E-4 1.42043E-4 1.01235E-4 1.00971E-4 1.09888E-4 1.12279E-4 1.09163E-4 1.0642E-4 1.02299E-4 1.1106E-4 1.1607E-4 1.21673E-4 1.34161E-4 1.16112E-4 1.1885E-4 1.23698E-4
1.53192E-4 1.61363E-4 1.40119E-4 1.42164E-4 1.43455E-4 1.50332E-4 1.44005E-4 1.46943E-4 1.44752E-4 1.49903E-4 1.34484E-4 1.3705E-4 1.33775E-4 1.40389E-4 1.43699E-4 1.37458E-4 1.38155E-4 1.38915E-4 1.16093E-4 1.21545E-4 1.31937E-4 1.35638E-4 1.3928E-4 1.34917E-4 1.45497E-4 1.50337E-4 1.64899E-4 1.69437E-4 1.58122E-4 1.56397E-4 1.70798E-4 1.79938E-4 2.04166E-4 2.05275E-4 2.25493E-4 2.03296E-4 1.96475E-4 1.58406E-4 1.15844E-4 1.09494E-4 8.91436E-5 1.00632E-4 9.87704E-5 1.00082E-4 1.00384E-4 9.8786E-5 1.00159E-4 1.07066E-4 1.12758E-4 1.13258E-4 1.15417E-4 1.14226E-4 1.16385E-4 1.23351E-4 1.25957E-4 1.08436E-4 1.23943E-4 1.21693E-4 1.20128E-4 1.2697E-4 1.25315E-4
1.65796E-4 1.72474E-4 1.49452E-4 1.44625E-4 1.50015E-4 1.46457E-4 1.54263E-4 1.54554E-4 1.52496E-4 1.57374E-4 1.58801E-4 1.37899E-4 1.44809E-4 1.37906E-4 1.40651E-4 1.42816E-4 1.42607E-4 1.39741E-4 1.20177E-4 1.31639E-4 1.36505E-4 1.38381E-4 1.39699E-4 1.40686E-4 1.50637E-4 1.66195E-4 1.85347E-4 1.93995E-4 1.82746E-4 1.85881E-4 1.84232E-4 2.12699E-4 2.27042E-4 1.99651E-4 1.79589E-4 1.14452E-4 1.12235E-4 1.04106E-4 8.98107E-5 9.08326E-5 9.20033E-5 9.40138E-5 1.0004E-4 1.04174E-4 1.06924E-4 1.1271E-4 1.19666E-4 1.25951E-4 1.35407E-4 1.22863E-4 1.30721E-4 1.27026E-4 1.32797E-4 1.18225E-4 1.23082E-4 1.26143E-4 1.29052E-4 1.18579E-4 1.18603E-4 1.32825E-4 1.36578E-4
1.68259E-4 1.81868E-4 1.53107E-4 1.5536E-4 1.56802E-4 1.51002E-4 1.5376E-4 1.5337E-4 1.68021E-4 1.64637E-4 1.73281E-4 1.44393E-4 1.45651E-4 1.40988E-4 1.42296E-4 1.47374E-4 1.41331E-4 1.41167E-4 1.27588E-4 1.31181E-4 1.41952E-4 1.37528E-4 1.42228E-4 1.51816E-4 1.67084E-4 1.79884E-4 2.17413E-4 2.34005E-4 2.28397E-4 2.55428E-4 2.02542E-4 1.93615E-4 1.22438E-4 1.0552E-4 1.06373E-4 1.05963E-4 1.08196E-4 9.50423E-5 9.79819E-5 9.69463E-5 9.82893E-5 1.0602E-4 1.08758E-4 1.12169E-4 1.16923E-4 1.23452E-4 1.32189E-4 1.3966E-4 1.43338E-4 1.34317E-4 1.35634E-4 1.16055E-4 1.24191E-4 1.23159E-4 1.25145E-4 1.26416E-4 1.27266E-4 1.21828E-4 1.26307E-4 1.27442E-4 1.41327E-4
1.83765E-4 1.82715E-4 1.82119E-4 1.54498E-4 1.66189E-4 1.58136E-4 1.63767E-4 1.62655E-4 1.82958E-4 1.68552E-4 1.45532E-4 1.50765E-4 1.56282E-4 1.56237E-4 1.41828E-4 1.40768E-4 1.46387E-4 1.50823E-4 1.35825E-4 1.39433E-4 1.43015E-4 1.6008E-4 1.44962E-4 1.35845E-4 1.36222E-4 1.44188E-4 1.53653E-4 1.26001E-4 1.20319E-4 1.2297E-4 1.23444E-4 1.16572E-4 1.03115E-4 1.01027E-4 1.13029E-4 1.11997E-4 1.17989E-4 1.01603E-4 1.05388E-4 1.00901E-4 1.04878E-4 1.13035E-4 1.21905E-4 1.20105E-4 1.18882E-4 1.25965E-4 1.43088E-4 1.48668E-4 1.26093E-4 1.3983E-4 1.35092E-4 1.31723E-4 1.29513E-4 1.24711E-4 1.23591E-4 1.26972E-4 1.29503E-4 1.30519E-4 1.32017E-4 1.28012E-4 1.35327E-4
1.91551E-4 1.82885E-4 1.86859E-4 1.65469E-4 1.75779E-4 1.66404E-4 1.57769E-4 1.69004E-4 1.88547E-4 1.70585E-4 1.42306E-4 1.57539E-4 1.58705E-4 1.63297E-4 1.51009E-4 1.37252E-4 1.67476E-4 1.74502E-4 1.67481E-4 1.39039E-4 1.45714E-4 1.85306E-4 1.66822E-4 1.4994E-4 1.5062E-4 1.36808E-4 1.36954E-4 1.21051E-4 1.25732E-4 1.3142E-4 1.2627E-4 1.19999E-4 1.12648E-4 1.14071E-4 1.11653E-4 1.22993E-4 1.06388E-4 1.07608E-4 1.08758E-4 1.08885E-4 1.19037E-4 1.17116E-4 1.22415E-4 1.1741E-4 1.18415E-4 1.32028E-4 1.476E-4 1.49283E-4 1.29216E-4 1.2718E-4 1.25453E-4 1.31519E-4 1.24414E-4 1.2427E-4 1.23812E-4 1.29514E-4 1.32624E-4 1.34841E-4 1.28793E-4 1.44157E-4 1.44785E-4
1.95434E-4 2.00352E-4 1.95855E-4 1.94097E-4 1.74001E-4 1.60645E-4 1.60607E-4 1.78869E-4 1.83275E-4 1.5782E-4 1.68151E-4 1.74593E-4 1.82149E-4 1.66605E-4 1.47327E-4 1.65445E-4 1.76409E-4 1.80652E-4 1.78366E-4 1.41812E-4 1.35354E-4 1.57583E-4 1.90917E-4 1.86331E-4 1.47897E-4 1.4348E-4 1.45257E-4 1.25617E-4 1.28635E-4 1.28385E-4 1.27717E-4 1.19658E-4 1.25814E-4 1.2358E-4 1.21786E-4 1.07203E-4 1.10706E-4 1.10048E-4 1.15198E-4 1.12458E-4 1.19394E-4 1.20302E-4 1.22925E-4 1.17111E-4 1.26161E-4 1.30774E-4 1.36273E-4 1.44859E-4 1.26837E-4 1.26801E-4 1.23718E-4 1.3057E-4 1.28036E-4 1.26593E-4 1.26446E-4 1.34869E-4 1.43086E-4 1.36614E-4 1.33025E-4 1.44084E-4 1.48341E-4
1.95434E-4 2.01247E-4 2.14962E-4 2.11366E-4 1.64065E-4 1.59746E-4 1.68554E-4 1.97726E-4 1.7343E-4 1.63502E-4 1.76607E-4 1.93858E-4 1.87464E-4 1.70028E-4 1.45056E-4 1.4785E-4 1.90669E-4 1.94627E-4 1.92661E-4 1.51476E-4 1.43833E-4 1.68748E-4 1.83913E-4 1.70192E-4 1.48586E-4 1.47041E-4 1.486E-4 1.38466E-4 1.38669E-4 1.38833E-4 1.39789E-4 1.33742E-4 1.35626E-4 1.30792E-4 1.28324E-4 1.0979E-4 1.12349E-4 1.12293E-4 1.18921E-4 1.19608E-4 1.21612E-4 1.21612E-4 1.25083E-4 1.22022E-4 1.3062E-4 1.33799E-4 1.2168E-4 1.28595E-4 1.26238E-4 1.27059E-4 1.33996E-4 1.27911E-4 1.31397E-4 1.30958E-4 1.28575E-4 1.37525E-4 1.377E-4 1.37299E-4 1.3838E-4 1.45004E-4 1.41519E-4
2.11198E-4 2.15766E-4 2.21444E-4 2.1426E-4 1.89278E-4 1.59376E-4 1.88735E-4 2.06633E-4 1.62457E-4 1.54483E-4 1.87243E-4 2.24385E-4 1.8895E-4 1.77519E-4 1.47726E-4 1.3057E-4 1.4875E-4 1.52908E-4 1.83078E-4 1.6195E-4 1.74215E-4 1.81302E-4 1.52817E-4 1.48586E-4 1.43715E-4 1.58206E-4 1.47925E-4 1.50005E-4 1.53626E-4 1.55943E-4 1.49199E-4 1.53191E-4 1.45198E-4 1.47253E-4 1.33636E-4 1.15502E-4 1.27734E-4 1.31797E-4 1.27091E-4 1.25979E-4 1.26345E-4 1.22678E-4 1.29144E-4 1.28071E-4 1.31282E-4 1.3537E-4 1.25341E-4 1.28558E-4 1.27195E-4 1.30938E-4 1.35169E-4 1.33306E-4 1.26546E-4 1.33143E-4 1.35692E-4 1.34064E-4 1.34428E-4 1.33453E-4 1.45326E-4 1.53676E-4 1.34094E-4
2.02562E-4 2.1754E-4 2.32515E-4 2.02078E-4 1.86537E-4 1.68611E-4 1.94169E-4 1.90576E-4 1.63324E-4 1.64115E-4 1.87461E-4 2.03334E-4 1.71519E-4 1.4572E-4 1.39778E-4 1.49975E-4 1.66165E-4 1.85484E-4 1.81858E-4 1.5339E-4 1.54737E-4 1.79852E-4 1.54523E-4 1.44055E-4 1.51988E-4 1.8417E-4 1.48804E-4 1.49743E-4 1.72372E-4 1.56747E-4 1.56202E-4 1.49356E-4 1.57447E-4 1.57647E-4 1.43857E-4 1.32703E-4 1.33919E-4 1.31186E-4 1.34162E-4 1.29813E-4 1.26119E-4 1.42029E-4 1.23438E-4 1.39085E-4 1.41001E-4 1.43063E-4 1.25241E-4 1.25297E-4 1.28961E-4 1.32789E-4 1.36942E-4 1.32226E-4 1.27504E-4 1.31758E-4 1.36893E-4 1.3113E-4 1.28436E-4 1.30633E-4 1.52031E-4 1.43981E-4 1.46016E-4
2.08271E-4 2.29218E-4 2.15256E-4 1.97922E-4 1.9632E-4 1.78599E-4 1.72749E-4 1.65784E-4 1.73158E-4 1.81905E-4 2.0425E-4 2.18419E-4 1.6397E-4 1.53724E-4 1.63793E-4 1.51866E-4 1.59795E-4 1.85622E-4 2.1341E-4 1.56558E-4 1.55184E-4 1.87631E-4 1.68631E-4 1.53875E-4 1.75473E-4 1.69817E-4 1.73599E-4 1.58041E-4 1.81353E-4 1.59179E-4 1.57753E-4 1.53925E-4 1.66817E-4 1.53423E-4 1.29579E-4 1.37525E-4 1.42058E-4 1.25251E-4 1.41356E-4 1.39028E-4 1.32808E-4 1.44141E-4 1.51177E-4 1.44072E-4 1.46806E-4 1.32624E-4 1.39612E-4 1.32048E-4 1.37824E-4 1.38422E-4 1.43624E-4 1.39945E-4 1.44755E-4 1.35312E-4 1.38844E-4 1.40684E-4 1.36472E-4 1.48679E-4 1.51389E-4 1.54314E-4 1.63794E-4
2.11183E-4 2.28296E-4 2.21789E-4 2.13528E-4 2.09226E-4 1.69286E-4 1.65956E-4 1.69743E-4 1.92598E-4 1.96304E-4 2.18676E-4 2.19075E-4 1.61189E-4 1.67375E-4 1.80267E-4 1.61451E-4 1.67303E-4 1.66254E-4 1.8487E-4 1.82389E-4 1.67311E-4 1.92656E-4 1.77937E-4 1.77213E-4 1.80884E-4 1.81891E-4 1.82314E-4 1.58615E-4 1.75132E-4 1.69951E-4 1.60149E-4 1.69252E-4 1.63325E-4 1.59611E-4 1.53612E-4 1.38541E-4 1.42451E-4 1.34301E-4 1.56493E-4 1.37247E-4 1.31096E-4 1.39376E-4 1.57965E-4 1.49953E-4 1.60495E-4 1.3605E-4 1.31009E-4 1.43172E-4 1.43525E-4 1.39916E-4 1.4812E-4 1.55646E-4 1.46139E-4 1.3066E-4 1.45934E-4 1.45598E-4 1.54176E-4 1.46989E-4 1.57996E-4 1.56316E-4 1.76522E-4
2.3353E-4 2.46019E-4 2.09327E-4 2.13632E-4 1.98757E-4 1.95989E-4 1.67545E-4 1.72876E-4 2.06951E-4 2.23531E-4 2.28095E-4 1.98659E-4 1.75497E-4 1.71968E-4 1.84314E-4 1.75475E-4 1.70554E-4 1.84142E-4 1.79893E-4 2.05741E-4 2.05514E-4 1.91325E-4 1.88923E-4 1.88557E-4 1.81046E-4 1.81207E-4 1.65937E-4 1.75062E-4 1.78274E-4 1.7689E-4 1.81392E-4 1.85304E-4 1.5935E-4 1.77421E-4 1.59604E-4 1.35473E-4 1.51577E-4 1.46598E-4 1.45194E-4 1.26996E-4 1.2768E-4 1.48477E-4 1.57573E-4 1.66155E-4 1.25559E-4 1.28752E-4 1.46024E-4 1.55948E-4 1.47371E-4 1.49565E-4 1.61655E-4 1.45289E-4 1.35082E-4 1.35172E-4 1.59736E-4 1.53841E-4 1.48575E-4 1.43043E-4 1.71575E-4 1.75018E-4 1.77747E-4
2.12241E-4 2.05962E-4 1.94546E-4 1.97207E-4 2.0062E-4 2.00189E-4 1.85396E-4 1.80945E-4 2.04013E-4 2.13159E-4 2.2205E-4 2.06567E-4 1.83637E-4 1.78561E-4 1.85804E-4 1.93222E-4 1.88102E-4 1.85311E-4 1.93136E-4 1.60706E-4 1.82347E-4 1.87126E-4 2.04621E-4 2.08794E-4 1.91367E-4 1.8254E-4 1.94087E-4 1.88885E-4 1.73443E-4 1.99998E-4 2.06769E-4 1.76188E-4 1.57372E-4 1.81128E-4 1.64895E-4 1.46299E-4 1.65178E-4 1.60596E-4 1.36781E-4 1.37811E-4 1.32781E-4 1.54781E-4 1.71687E-4 1.50911E-4 1.23962E-4 1.36424E-4 1.48909E-4 1.60718E-4 1.50511E-4 1.82483E-4 1.54056E-4 1.34912E-4 1.47683E-4 1.62163E-4 1.63702E-4 1.53961E-4 1.42469E-4 1.50345E-4 1.77534E-4 1.7532E-4 1.55809E-4
1.97626E-4 1.97465E-4 2.12395E-4 2.12639E-4 2.12805E-4 2.2779E-4 1.9705E-4 1.94547E-4 1.98742E-4 2.1774E-4 2.29737E-4 2.34098E-4 2.41478E-4 1.8905E-4 1.96569E-4 2.03136E-4 1.94632E-4 1.98841E-4 1.99456E-4 1.9547E-4 2.00165E-4 2.21803E-4 2.13576E-4 2.25543E-4 2.00442E-4 1.96538E-4 2.12303E-4 2.238E-4 1.81996E-4 2.13969E-4 2.2586E-4 1.77858E-4 1.73251E-4 1.88883E-4 1.77248E-4 1.6621E-4 1.6865E-4 1.46728E-4 1.41525E-4 1.36042E-4 1.36426E-4 1.48696E-4 1.63755E-4 1.67751E-4 1.49341E-4 1.35009E-4 1.44984E-4 1.54649E-4 1.79523E-4 1.72417E-4 1.47231E-4 1.29361E-4 1.46653E-4 1.74744E-4 1.72732E-4 1.52448E-4 1.60842E-4 1.74839E-4 1.74328E-4 1.68608E-4 1.82928E-4
2.20033E-4 2.29948E-4 2.23776E-4 2.23225E-4 2.41094E-4 2.37877E-4 2.35562E-4 2.08225E-4 2.00505E-4 2.0663E-4 2.25379E-4 2.37321E-4 2.51287E-4 2.47529E-4 2.04412E-4 2.02279E-4 2.02556E-4 2.05266E-4 2.06939E-4 1.98584E-4 1.96031E-4 2.19545E-4 2.32116E-4 2.40476E-4 2.05741E-4 2.23649E-4 2.30265E-4 2.4336E-4 1.76135E-4 2.35283E-4 2.39194E-4 2.10068E-4 1.77057E-4 1.96613E-4 1.86162E-4 1.96291E-4 1.44005E-4 1.46752E-4 1.4983E-4 1.50943E-4 1.42142E-4 1.46175E-4 1.59532E-4 1.78092E-4 1.5898E-4 1.40224E-4 1.46408E-4 1.49414E-4 1.81238E-4 1.73006E-4 1.3435E-4 1.38126E-4 1.43395E-4 1.71627E-4 1.85976E-4 1.64557E-4 1.83547E-4 1.82743E-4 1.70676E-4 1.82152E-4 1.97891E-4
2.85392E-4 2.24685E-4 2.27295E-4 2.42671E-4 2.84977E-4 2.54346E-4 2.36972E-4 2.13194E-4 2.11365E-4 2.17616E-4 2.36437E-4 2.68736E-4 2.82859E-4 2.96389E-4 2.82345E-4 2.16702E-4 2.53829E-4 2.22717E-4 2.65172E-4 2.61742E-4 2.34933E-4 2.11857E-4 2.40438E-4 2.67166E-4 2.61935E-4 2.62628E-4 3.02094E-4 2.9402E-4 2.1664E-4 2.35978E-4 2.47509E-4 2.07211E-4 1.71142E-4 2.46544E-4 2.09454E-4 1.59321E-4 1.48473E-4 1.57092E-4 1.77229E-4 1.59815E-4 1.46158E-4 1.41225E-4 1.56902E-4 1.78466E-4 1.76431E-4 1.59503E-4 1.47105E-4 1.55137E-4 1.64117E-4 1.66026E-4 1.37869E-4 1.41537E-4 1.67913E-4 1.82134E-4 1.97083E-4 1.77604E-4 2.08635E-4 1.85731E-4 1.80958E-4 1.90992E-4 2.16864E-4
2.62644E-4 2.43083E-4 2.44199E-4 2.58914E-4 2.99576E-4 2.50604E-4 2.43647E-4 2.16484E-4 2.37059E-4 2.59597E-4 2.56417E-4 3.17704E-4 3.11883E-4 2.87362E-4 2.73706E-4 2.67117E-4 2.7622E-4 2.63632E-4 2.65467E-4 2.75024E-4 2.57245E-4 3.08914E-4 2.67065E-4 2.67859E-4 2.62302E-4 2.58262E-4 2.58435E-4 2.63158E-4 2.69918E-4 2.56126E-4 2.00226E-4 1.85121E-4 2.05716E-4 2.33829E-4 1.88265E-4 2.00702E-4 1.89421E-4 1.54349E-4 1.45669E-4 1.47221E-4 1.34183E-4 1.48819E-4 1.62487E-4 1.77232E-4 1.82644E-4 1.76088E-4 1.5915E-4 1.73028E-4 1.74953E-4 1.62515E-4 1.53625E-4 1.78639E-4 1.74877E-4 2.02997E-4 2.08097E-4 1.87015E-4 2.13206E-4 2.02006E-4 1.80941E-4 1.99371E-4 2.14726E-4
2.72399E-4 2.80588E-4 2.35665E-4 2.73645E-4 2.9264E-4 2.71919E-4 2.83452E-4 3.11583E-4 3.61405E-4 3.89499E-4 3.28792E-4 2.57233E-4 2.6503E-4 2.70495E-4 2.52833E-4 2.61838E-4 2.72702E-4 2.22492E-4 2.18043E-4 2.16826E-4 2.19716E-4 2.60034E-4 2.95546E-4 2.90329E-4 2.11753E-4 2.41553E-4 2.04491E-4 2.15543E-4 2.38511E-4 2.39936E-4 1.9557E-4 2.16447E-4 2.33731E-4 2.17826E-4 2.24031E-4 2.09288E-4 1.63488E-4 1.59693E-4 1.48302E-4 1.44532E-4 1.52817E-4 1.63719E-4 1.77048E-4 2.02589E-4 1.84997E-4 1.79107E-4 1.75034E-4 1.85768E-4 1.90802E-4 1.53515E-4 1.74459E-4 1.8927E-4 1.79293E-4 2.04974E-4 2.25426E-4 1.98568E-4 2.18732E-4 2.1286E-4 2.08028E-4 2.12998E-4 2.17394E-4
2.99025E-4 2.9539E-4 2.49276E-4 3.01051E-4 3.80707E-4 3.21398E-4 3.2901E-4 3.41874E-4 2.80996E-4 2.9052E-4 3.21065E-4 2.79374E-4 2.14741E-4 2.22021E-4 2.47895E-4 2.36744E-4 2.32549E-4 2.17466E-4 2.01248E-4 2.00719E-4 1.97439E-4 2.22E-4 2.34736E-4 3.0475E-4 2.54907E-4 2.35206E-4 2.34787E-4 2.25749E-4 2.05678E-4 2.45578E-4 2.19941E-4 2.06004E-4 1.98901E-4 2.05199E-4 2.0802E-4 1.94766E-4 1.92963E-4 1.67134E-4 1.47484E-4 1.72623E-4 1.61979E-4 1.71819E-4 1.71477E-4 2.30849E-4 2.01879E-4 2.17803E-4 1.70499E-4 2.27023E-4 1.86362E-4 1.56305E-4 1.99875E-4 2.22816E-4 2.05302E-4 2.26834E-4 2.31198E-4 2.10504E-4 1.92265E-4 1.77542E-4 1.79115E-4 1.81051E-4 1.67362E-4
3.17224E-4 3.16982E-4 3.90424E-4 4.55622E-4 4.07141E-4 3.07394E-4 2.78487E-4 2.68711E-4 2.56193E-4 2.42859E-4 2.71499E-4 2.16887E-4 2.20727E-4 1.99574E-4 2.33221E-4 2.57827E-4 2.2002E-4 2.14198E-4 2.14141E-4 2.10866E-4 1.92511E-4 2.05051E-4 2.35261E-4 2.96805E-4 2.36745E-4 2.06999E-4 2.01406E-4 2.02571E-4 1.99323E-4 2.0875E-4 2.38548E-4 2.05407E-4 2.00354E-4 2.11218E-4 1.93553E-4 2.08304E-4 1.97546E-4 1.6965E-4 1.6242E-4 1.81346E-4 1.8307E-4 1.88437E-4 1.73471E-4 2.41986E-4 2.31116E-4 1.99349E-4 2.30438E-4 2.187E-4 2.37742E-4 1.58194E-4 2.02486E-4 2.31689E-4 2.09323E-4 1.99898E-4 1.89225E-4 1.81656E-4 1.73716E-4 1.81472E-4 1.83609E-4 1.82626E-4 1.77595E-4
3.72413E-4 3.65138E-4 4.81543E-4 4.26497E-4 4.03935E-4 3.93926E-4 3.15992E-4 2.70977E-4 2.38169E-4 2.44445E-4 2.52468E-4 2.07431E-4 2.17348E-4 2.38492E-4 2.15343E-4 2.40867E-4 2.36789E-4 2.31768E-4 2.18474E-4 2.19533E-4 2.07179E-4 1.9789E-4 2.09749E-4 2.59286E-4 2.49045E-4 2.53507E-4 2.35886E-4 2.06515E-4 2.21885E-4 2.31102E-4 2.26096E-4 2.01225E-4 2.14678E-4 2.24849E-4 2.10226E-4 2.11529E-4 2.38709E-4 2.18486E-4 1.87568E-4 1.8972E-4 2.28643E-4 1.92451E-4 1.56948E-4 2.28504E-4 2.32831E-4 2.15496E-4 2.39957E-4 2.08007E-4 2.22606E-4 2.46505E-4 2.2389E-4 2.08233E-4 1.95098E-4 1.86915E-4 1.94612E-4 2.03702E-4 2.04259E-4 2.10536E-4 2.2635E-4 2.21129E-4 2.23276E-4
3.92916E-4 3.47668E-4 4.27584E-4 3.97972E-4 3.21579E-4 3.22066E-4 2.79605E-4 2.53545E-4 2.49617E-4 2.6984E-4 2.48127E-4 2.44894E-4 2.03608E-4 2.43513E-4 2.44468E-4 2.20659E-4 2.55274E-4 2.40424E-4 1.98696E-4 2.21573E-4 2.30313E-4 1.99183E-4 2.02119E-4 2.33034E-4 2.09267E-4 2.50914E-4 2.07185E-4 2.30977E-4 2.40618E-4 2.36475E-4 2.51673E-4 2.08695E-4 1.97182E-4 2.18103E-4 2.27078E-4 2.24716E-4 2.04284E-4 2.13403E-4 2.48661E-4 2.23291E-4 2.3763E-4 1.98111E-4 1.68439E-4 2.29073E-4 2.25956E-4 2.27813E-4 2.2192E-4 2.14773E-4 2.64454E-4 2.56076E-4 2.16287E-4 2.06922E-4 1.89496E-4 2.02215E-4 2.0283E-4 2.35354E-4 2.23341E-4 2.17768E-4 2.18594E-4 2.22215E-4 2.06287E-4
