Artocarpus hirsutus SDM files/Last interglacial/results (without bias file)/Arthir_stddev.asc
ncols         625
nrows         721
xllcorner     69.99986311115
yllcorner     5.99986151914999
cellsize      0.041666667
NODATA_value  -9999
[rows 108 to 134 of 721, columns 427 to 487 of 625]
1.30401E-5 1.30812E-5 1.26349E-5 1.39899E-5 1.91875E-5 1.79569E-5 1.81782E-5 1.73655E-5 1.87713E-5 1.81584E-5 1.76877E-5 1.63905E-5 1.72449E-5 1.62662E-5 1.42088E-5 1.43105E-5 1.41992E-5 1.28489E-5 1.29007E-5 1.728E-5 1.57086E-5 1.4476E-5 1.45366E-5 1.28413E-5 1.61736E-5 1.60487E-5 1.46771E-5 1.4628E-5 1.4955E-5 1.5009E-5 1.53844E-5 1.54592E-5 1.63098E-5 1.59385E-5 1.60042E-5 1.58161E-5 1.5726E-5 1.56606E-5 1.87379E-5 2.4305E-5 2.37783E-5 2.10169E-5 1.81113E-5 2.20613E-5 1.91424E-5 1.74858E-5 1.711E-5 1.79947E-5 2.03326E-5 2.21105E-5 2.01915E-5 1.94367E-5 1.92464E-5 1.95154E-5 2.00376E-5 2.11425E-5 2.38364E-5 2.91626E-5 2.98674E-5 2.83281E-5 2.91369E-5
1.36857E-5 1.30103E-5 1.19408E-5 1.26081E-5 1.44067E-5 1.56658E-5 1.69189E-5 1.85286E-5 1.84553E-5 2.03762E-5 2.01082E-5 1.70177E-5 1.75868E-5 1.64296E-5 1.52027E-5 1.4783E-5 1.4657E-5 1.43728E-5 1.40587E-5 1.36551E-5 1.29181E-5 1.2464E-5 1.29719E-5 1.36335E-5 1.57582E-5 1.63212E-5 1.58808E-5 1.54402E-5 1.53673E-5 1.51172E-5 1.66992E-5 1.8168E-5 1.78256E-5 2.17275E-5 2.01286E-5 1.76282E-5 1.71273E-5 1.68701E-5 1.81397E-5 2.13474E-5 2.41044E-5 2.31854E-5 1.98319E-5 2.07649E-5 1.92737E-5 1.97403E-5 1.74614E-5 1.69685E-5 1.90073E-5 2.40168E-5 2.24232E-5 2.00282E-5 2.28466E-5 1.88131E-5 1.83454E-5 1.94382E-5 2.04572E-5 2.47119E-5 2.9134E-5 3.29714E-5 3.20342E-5
1.90435E-5 1.87787E-5 1.58473E-5 1.55551E-5 1.43364E-5 1.91549E-5 1.71156E-5 1.65492E-5 1.75752E-5 1.77272E-5 1.9573E-5 1.85425E-5 1.83627E-5 1.84954E-5 1.58883E-5 1.61435E-5 1.6333E-5 1.46009E-5 1.52086E-5 1.48008E-5 1.46106E-5 1.45283E-5 1.31879E-5 1.41553E-5 1.43981E-5 1.60135E-5 1.80919E-5 1.80511E-5 1.69298E-5 1.55053E-5 1.7228E-5 1.94434E-5 2.21466E-5 2.29834E-5 2.33307E-5 2.09472E-5 1.91552E-5 1.83087E-5 1.93672E-5 1.94971E-5 2.5989E-5 2.6703E-5 2.3614E-5 2.42422E-5 2.20117E-5 2.13E-5 1.82811E-5 1.68687E-5 2.01013E-5 2.58126E-5 2.54406E-5 2.38398E-5 2.2266E-5 1.92151E-5 1.96533E-5 1.93445E-5 1.89339E-5 1.9052E-5 2.39745E-5 2.86498E-5 2.42448E-5
1.23373E-5 1.29845E-5 1.43262E-5 1.50019E-5 1.46789E-5 1.71046E-5 1.73712E-5 1.90284E-5 1.90236E-5 1.94567E-5 1.85552E-5 1.76537E-5 1.92732E-5 2.02008E-5 1.61443E-5 1.68254E-5 1.58146E-5 1.54124E-5 1.64544E-5 1.58401E-5 1.74717E-5 1.73455E-5 1.35515E-5 1.91155E-5 1.67374E-5 1.58655E-5 2.20469E-5 2.06901E-5 1.89123E-5 1.62739E-5 1.74685E-5 1.87337E-5 1.88495E-5 2.33646E-5 2.39618E-5 2.00831E-5 2.19499E-5 2.11745E-5 2.18195E-5 2.00969E-5 1.97097E-5 2.08669E-5 2.09059E-5 2.72441E-5 2.76268E-5 2.50176E-5 1.98663E-5 1.78373E-5 1.9302E-5 2.82913E-5 2.87879E-5 2.5269E-5 2.25226E-5 1.89812E-5 2.49823E-5 2.49647E-5 2.33089E-5 2.33322E-5 2.05819E-5 2.3659E-5 2.34009E-5
1.32995E-5 1.30446E-5 1.29089E-5 1.27296E-5 1.38684E-5 1.90503E-5 1.90955E-5 1.7456E-5 2.06328E-5 2.10552E-5 2.07655E-5 2.0373E-5 1.89242E-5 1.95386E-5 1.74065E-5 1.63404E-5 1.57753E-5 1.65965E-5 1.56571E-5 1.39394E-5 1.26047E-5 1.30644E-5 1.36375E-5 1.91763E-5 1.49064E-5 1.59799E-5 1.68859E-5 1.65451E-5 1.87356E-5 1.80592E-5 1.61112E-5 1.73882E-5 1.5918E-5 1.90812E-5 2.47821E-5 2.14271E-5 2.18394E-5 2.44882E-5 2.09183E-5 2.06233E-5 2.02243E-5 1.96825E-5 2.03471E-5 2.42583E-5 2.45768E-5 2.48159E-5 2.69123E-5 2.14611E-5 1.8945E-5 2.38695E-5 2.88217E-5 2.86298E-5 2.25952E-5 2.02428E-5 2.78227E-5 2.5563E-5 2.15019E-5 2.00598E-5 1.94365E-5 2.15995E-5 2.17437E-5
1.74512E-5 1.88528E-5 1.84566E-5 1.45492E-5 1.30134E-5 1.35582E-5 1.50601E-5 1.49483E-5 1.57723E-5 1.87667E-5 1.99088E-5 1.91919E-5 2.04799E-5 1.96318E-5 1.78954E-5 1.77913E-5 1.67685E-5 1.57381E-5 1.63864E-5 1.66698E-5 1.40344E-5 1.33721E-5 1.43764E-5 1.71171E-5 1.88763E-5 2.05913E-5 1.81636E-5 1.80259E-5 2.09383E-5 2.00894E-5 1.86246E-5 2.19542E-5 1.68695E-5 1.60889E-5 2.02737E-5 2.12516E-5 2.74233E-5 2.51202E-5 2.22034E-5 2.32339E-5 2.18241E-5 2.11406E-5 1.97253E-5 2.53092E-5 2.72887E-5 2.80271E-5 2.72724E-5 2.47747E-5 2.27791E-5 2.38571E-5 2.64156E-5 2.6776E-5 2.24348E-5 2.16279E-5 2.60964E-5 2.81922E-5 2.31454E-5 2.39736E-5 2.40944E-5 2.43865E-5 2.16815E-5
1.43036E-5 1.86286E-5 2.03356E-5 1.83151E-5 1.63969E-5 1.39852E-5 1.29823E-5 1.24126E-5 1.30767E-5 1.44877E-5 2.01244E-5 2.08752E-5 1.84826E-5 1.97708E-5 2.0716E-5 2.01263E-5 1.97891E-5 1.83085E-5 1.70215E-5 1.63194E-5 1.64821E-5 1.69399E-5 1.3921E-5 1.62897E-5 2.31608E-5 1.82781E-5 2.00807E-5 2.09703E-5 2.14035E-5 1.99919E-5 1.73073E-5 1.83111E-5 1.55819E-5 1.51537E-5 1.79543E-5 2.47779E-5 2.54682E-5 2.73093E-5 2.45261E-5 2.60038E-5 2.60416E-5 2.47432E-5 2.33999E-5 2.43308E-5 2.68455E-5 2.62336E-5 2.76009E-5 2.80927E-5 2.43037E-5 2.62756E-5 2.85388E-5 2.88755E-5 2.84286E-5 2.81359E-5 2.87596E-5 3.01017E-5 2.76603E-5 2.94594E-5 2.98347E-5 2.46678E-5 2.48045E-5
1.55688E-5 1.67198E-5 1.83178E-5 1.97448E-5 1.95691E-5 1.76939E-5 1.77803E-5 1.49117E-5 1.2503E-5 1.30832E-5 1.43081E-5 1.85001E-5 2.08425E-5 1.80193E-5 1.77082E-5 1.81578E-5 1.85722E-5 1.77132E-5 2.04397E-5 1.94325E-5 1.62243E-5 1.63016E-5 1.48599E-5 1.7076E-5 1.8963E-5 1.94921E-5 1.94958E-5 2.04405E-5 2.37663E-5 2.1956E-5 1.98715E-5 1.80024E-5 1.63124E-5 1.51358E-5 1.67012E-5 2.43218E-5 2.37098E-5 2.68368E-5 2.6761E-5 2.686E-5 2.7213E-5 2.69619E-5 2.81481E-5 2.69945E-5 2.82888E-5 2.85594E-5 3.00562E-5 2.88606E-5 2.98439E-5 2.95444E-5 3.13678E-5 2.95258E-5 2.70022E-5 2.72016E-5 2.96121E-5 2.98058E-5 3.1431E-5 2.95625E-5 2.71117E-5 2.487E-5 2.3783E-5
1.32334E-5 1.30159E-5 1.46622E-5 1.52712E-5 1.76574E-5 1.88764E-5 1.87763E-5 1.84819E-5 1.37619E-5 1.29727E-5 1.31471E-5 1.37227E-5 1.48715E-5 1.79552E-5 2.1482E-5 2.09718E-5 2.05513E-5 1.84227E-5 2.02548E-5 2.02314E-5 1.85596E-5 1.70215E-5 1.38149E-5 2.15153E-5 2.1261E-5 2.21945E-5 2.12837E-5 2.06268E-5 2.12115E-5 1.99692E-5 1.97237E-5 1.9604E-5 1.61645E-5 1.55685E-5 1.57498E-5 2.04483E-5 2.1125E-5 2.30524E-5 2.62451E-5 2.229E-5 2.27129E-5 2.27222E-5 2.36959E-5 2.47003E-5 2.63797E-5 2.37614E-5 2.36229E-5 2.32878E-5 2.7128E-5 2.61829E-5 2.74172E-5 2.89079E-5 3.0776E-5 2.96774E-5 2.81104E-5 2.87419E-5 2.94059E-5 3.13981E-5 3.68791E-5 3.08127E-5 2.57073E-5
1.63876E-5 1.31037E-5 1.56879E-5 1.76648E-5 1.75811E-5 2.08618E-5 2.08532E-5 1.90855E-5 1.54218E-5 1.33208E-5 1.33531E-5 1.54559E-5 1.35089E-5 1.36647E-5 1.49574E-5 1.78981E-5 2.20693E-5 2.01203E-5 1.70873E-5 1.66984E-5 1.75907E-5 1.6151E-5 1.47205E-5 1.5866E-5 1.80493E-5 1.94237E-5 1.76166E-5 2.09178E-5 2.39996E-5 2.40733E-5 2.35691E-5 2.13554E-5 1.70049E-5 1.59028E-5 1.74636E-5 2.0047E-5 1.88476E-5 2.02499E-5 2.20241E-5 1.98491E-5 1.95239E-5 2.01384E-5 2.03547E-5 2.2605E-5 2.32137E-5 2.47846E-5 2.33835E-5 2.00436E-5 1.89318E-5 1.98553E-5 2.26249E-5 2.39646E-5 2.67811E-5 2.78616E-5 2.77298E-5 2.79903E-5 2.61377E-5 2.58979E-5 3.24172E-5 3.54262E-5 3.0638E-5
1.64764E-5 1.56612E-5 1.6623E-5 1.70209E-5 1.67976E-5 1.89034E-5 2.15951E-5 2.14406E-5 1.69182E-5 1.34969E-5 1.34284E-5 1.74163E-5 1.56024E-5 1.39013E-5 1.37257E-5 1.44015E-5 1.71688E-5 2.15058E-5 2.16873E-5 1.80268E-5 2.2283E-5 1.7824E-5 2.04404E-5 2.28549E-5 1.96637E-5 1.96768E-5 1.85734E-5 1.82879E-5 1.62443E-5 1.90986E-5 2.32291E-5 2.50911E-5 2.20918E-5 2.07082E-5 2.14356E-5 2.48188E-5 2.16937E-5 2.20121E-5 2.51738E-5 2.33377E-5 2.14778E-5 1.91783E-5 2.04473E-5 2.31348E-5 2.47273E-5 2.81187E-5 2.80463E-5 2.34412E-5 2.16106E-5 1.94505E-5 2.49006E-5 2.95059E-5 3.08798E-5 3.08152E-5 3.03638E-5 3.05426E-5 3.17254E-5 2.73074E-5 2.80271E-5 2.74244E-5 2.71521E-5
1.96143E-5 1.95772E-5 2.03487E-5 1.96876E-5 2.04558E-5 1.90044E-5 2.02411E-5 2.01425E-5 1.74808E-5 1.38536E-5 1.32143E-5 1.33542E-5 1.68827E-5 1.67678E-5 1.36926E-5 1.42817E-5 1.42817E-5 1.5394E-5 2.10165E-5 2.05035E-5 2.3634E-5 1.82819E-5 2.17688E-5 2.3204E-5 2.17407E-5 1.85734E-5 1.70859E-5 1.70559E-5 1.62016E-5 1.58558E-5 1.6598E-5 1.792E-5 2.13791E-5 2.29131E-5 2.53804E-5 2.55084E-5 2.5712E-5 2.58648E-5 2.77671E-5 2.76116E-5 2.53594E-5 2.19626E-5 2.32192E-5 2.42041E-5 2.53111E-5 2.70869E-5 2.85138E-5 2.82263E-5 2.47846E-5 2.19886E-5 1.90393E-5 2.2101E-5 2.61981E-5 2.94547E-5 2.62E-5 2.72491E-5 2.83703E-5 3.3577E-5 3.41393E-5 3.17349E-5 3.25726E-5
1.80759E-5 1.66175E-5 1.7903E-5 1.80129E-5 1.98354E-5 2.10591E-5 2.13869E-5 2.15032E-5 1.92929E-5 1.67143E-5 1.36288E-5 1.4112E-5 1.38273E-5 1.35939E-5 1.48706E-5 1.39908E-5 1.3793E-5 1.43562E-5 1.61563E-5 2.35341E-5 2.38808E-5 2.17597E-5 2.10369E-5 2.50237E-5 2.35131E-5 2.20049E-5 1.89768E-5 1.68574E-5 1.6037E-5 1.6559E-5 1.56377E-5 1.6754E-5 1.70307E-5 1.89774E-5 2.14444E-5 2.12733E-5 2.38612E-5 2.22509E-5 2.51869E-5 2.85001E-5 2.89772E-5 2.8144E-5 2.60937E-5 2.5188E-5 2.81556E-5 3.02994E-5 3.01427E-5 2.85692E-5 2.92805E-5 2.49321E-5 2.14045E-5 2.09668E-5 2.53245E-5 3.32411E-5 3.20445E-5 3.02722E-5 2.54833E-5 2.70459E-5 3.10296E-5 3.95531E-5 3.84352E-5
2.06895E-5 1.80543E-5 1.46341E-5 1.53915E-5 1.69197E-5 1.81189E-5 1.95287E-5 2.05923E-5 1.91193E-5 1.61135E-5 1.41757E-5 1.72839E-5 1.85781E-5 1.49526E-5 1.90108E-5 1.52134E-5 1.39604E-5 1.42117E-5 1.41595E-5 1.49308E-5 1.65796E-5 2.20912E-5 2.39046E-5 2.49022E-5 2.64939E-5 2.33737E-5 2.06475E-5 2.0215E-5 1.83469E-5 2.04865E-5 1.87431E-5 1.85587E-5 1.70045E-5 1.67694E-5 1.69942E-5 1.79338E-5 2.34815E-5 2.0747E-5 2.1118E-5 2.23987E-5 2.33986E-5 2.51696E-5 2.14914E-5 2.11767E-5 2.12733E-5 2.31962E-5 2.33884E-5 2.38424E-5 2.7128E-5 2.74701E-5 2.65848E-5 2.2579E-5 2.53392E-5 2.60775E-5 2.76881E-5 2.8388E-5 2.95649E-5 2.67089E-5 2.84087E-5 3.098E-5 4.04926E-5
2.12167E-5 2.04431E-5 1.58889E-5 1.46065E-5 1.50517E-5 1.56966E-5 1.72934E-5 1.82575E-5 1.79089E-5 1.44888E-5 1.59704E-5 1.87218E-5 2.0599E-5 1.8322E-5 2.11127E-5 1.77319E-5 1.5854E-5 1.86209E-5 1.60118E-5 1.54135E-5 1.6506E-5 1.58086E-5 1.98408E-5 2.19713E-5 2.4314E-5 2.47076E-5 2.43156E-5 2.29911E-5 2.25222E-5 2.12241E-5 2.38684E-5 2.06167E-5 2.07254E-5 2.05335E-5 1.78766E-5 1.75597E-5 1.90558E-5 2.0715E-5 2.03229E-5 2.02818E-5 2.01463E-5 2.01211E-5 2.08998E-5 2.07996E-5 2.08129E-5 2.04394E-5 2.14126E-5 2.21009E-5 2.11752E-5 2.11258E-5 2.20985E-5 2.24058E-5 2.55404E-5 2.48485E-5 2.60573E-5 2.81414E-5 2.34469E-5 2.42639E-5 2.60063E-5 3.13503E-5 3.71574E-5
1.37934E-5 1.39084E-5 1.35978E-5 1.49973E-5 1.74925E-5 1.84417E-5 1.88593E-5 1.91726E-5 1.55179E-5 1.38367E-5 1.60855E-5 2.07413E-5 2.01075E-5 1.70703E-5 1.79459E-5 1.61916E-5 1.72996E-5 1.90886E-5 1.83719E-5 2.33517E-5 2.00356E-5 1.59985E-5 2.01269E-5 2.11732E-5 2.28351E-5 2.2017E-5 2.17652E-5 2.27871E-5 2.54089E-5 2.39506E-5 2.51334E-5 2.21314E-5 2.05548E-5 2.01522E-5 1.91377E-5 1.90276E-5 1.76887E-5 1.84029E-5 2.05582E-5 2.01419E-5 2.06916E-5 2.00662E-5 1.99021E-5 1.98773E-5 2.07824E-5 2.06132E-5 2.05919E-5 2.09486E-5 2.10345E-5 2.09512E-5 2.10462E-5 2.18971E-5 2.33782E-5 2.80366E-5 2.623E-5 2.48823E-5 2.43005E-5 2.37029E-5 2.49491E-5 2.47197E-5 2.96563E-5
1.47713E-5 1.47421E-5 1.45817E-5 1.57554E-5 1.65152E-5 1.69285E-5 1.82767E-5 1.63645E-5 1.49483E-5 1.45438E-5 1.46851E-5 1.99807E-5 2.10778E-5 1.74849E-5 2.3945E-5 1.99443E-5 2.16125E-5 2.08457E-5 2.16989E-5 2.3921E-5 2.39575E-5 1.91071E-5 1.66638E-5 1.77457E-5 2.06516E-5 2.24381E-5 2.39846E-5 2.32053E-5 2.27904E-5 2.27628E-5 2.48843E-5 2.48814E-5 2.14997E-5 2.41482E-5 2.51812E-5 2.29857E-5 1.79209E-5 1.8649E-5 1.87329E-5 2.17254E-5 2.21026E-5 2.20752E-5 2.12009E-5 2.11171E-5 2.08885E-5 2.08784E-5 2.15107E-5 2.15739E-5 2.18225E-5 2.16382E-5 2.11601E-5 2.34463E-5 2.29435E-5 3.02697E-5 3.22742E-5 2.94687E-5 2.76753E-5 2.5769E-5 2.73539E-5 2.54876E-5 2.58322E-5
1.83007E-5 1.71942E-5 1.86507E-5 1.85385E-5 1.6814E-5 1.76499E-5 1.87566E-5 2.12948E-5 1.86181E-5 1.68214E-5 1.49301E-5 1.84599E-5 1.87808E-5 1.70195E-5 2.14951E-5 2.14465E-5 2.41636E-5 2.24743E-5 2.33286E-5 2.49998E-5 2.71377E-5 2.19466E-5 1.70251E-5 1.66082E-5 1.88639E-5 2.05467E-5 2.472E-5 2.30282E-5 2.29207E-5 2.46651E-5 2.18486E-5 2.24329E-5 2.01144E-5 1.96037E-5 1.95023E-5 1.92614E-5 2.098E-5 2.05958E-5 2.29864E-5 2.36885E-5 2.50613E-5 2.53217E-5 2.38554E-5 2.32548E-5 2.31021E-5 2.27539E-5 2.4255E-5 2.24251E-5 2.4708E-5 2.50186E-5 2.23764E-5 2.80804E-5 2.89569E-5 2.73483E-5 2.96476E-5 3.24997E-5 3.08711E-5 2.97198E-5 2.79058E-5 2.92751E-5 2.68051E-5
1.94738E-5 1.95997E-5 1.8975E-5 1.73521E-5 1.66995E-5 1.53666E-5 1.6728E-5 1.65568E-5 1.74095E-5 1.68976E-5 1.52029E-5 1.8705E-5 1.91071E-5 2.01967E-5 2.04449E-5 2.20465E-5 2.55385E-5 2.44759E-5 2.29833E-5 2.36809E-5 2.37623E-5 2.05526E-5 1.71312E-5 1.67802E-5 1.91053E-5 2.0135E-5 1.83744E-5 2.22109E-5 2.49878E-5 2.17622E-5 2.0776E-5 1.88217E-5 2.09645E-5 2.42764E-5 2.54112E-5 2.26989E-5 2.30409E-5 2.47747E-5 2.50782E-5 2.6979E-5 2.81359E-5 2.98905E-5 2.71389E-5 2.71759E-5 2.48246E-5 2.45597E-5 2.60802E-5 2.43184E-5 2.52032E-5 2.55067E-5 2.31973E-5 2.45649E-5 2.68923E-5 3.01359E-5 3.04695E-5 3.19197E-5 3.28977E-5 3.37014E-5 3.05456E-5 2.94607E-5 2.80626E-5
1.78976E-5 1.64582E-5 1.73762E-5 1.62431E-5 1.4461E-5 1.53387E-5 1.60221E-5 1.62847E-5 1.86368E-5 1.55749E-5 1.4852E-5 1.47264E-5 1.53179E-5 1.63482E-5 1.72409E-5 2.23863E-5 2.45626E-5 2.541E-5 2.51204E-5 2.41886E-5 2.1882E-5 1.99619E-5 1.98066E-5 2.17932E-5 2.02448E-5 2.41873E-5 2.02683E-5 1.97813E-5 2.16555E-5 1.98406E-5 1.91378E-5 1.98388E-5 2.0852E-5 1.9405E-5 2.16108E-5 2.75417E-5 2.8163E-5 3.00154E-5 2.84493E-5 3.00842E-5 2.93051E-5 2.93401E-5 3.01826E-5 2.98676E-5 2.84726E-5 2.84009E-5 2.91286E-5 2.88813E-5 2.78186E-5 2.93706E-5 2.59722E-5 2.9515E-5 2.99103E-5 3.04818E-5 3.27911E-5 3.01923E-5 2.84385E-5 2.71832E-5 2.69537E-5 2.80959E-5 2.79922E-5
1.67859E-5 1.59206E-5 1.5946E-5 1.49002E-5 1.55491E-5 1.71754E-5 1.88684E-5 1.78357E-5 1.79662E-5 1.56599E-5 1.72791E-5 1.82659E-5 2.02816E-5 1.62627E-5 1.66652E-5 2.38E-5 2.43387E-5 2.41546E-5 2.23708E-5 2.66767E-5 2.45195E-5 1.98949E-5 1.84433E-5 1.74191E-5 2.01106E-5 2.18232E-5 2.20413E-5 2.36538E-5 2.40797E-5 2.5684E-5 2.46425E-5 2.15413E-5 2.53501E-5 2.43965E-5 2.04808E-5 2.5223E-5 2.61695E-5 2.59805E-5 2.72777E-5 2.70346E-5 2.92338E-5 2.92696E-5 2.98186E-5 3.19146E-5 2.82632E-5 2.61582E-5 3.01565E-5 3.19558E-5 3.22648E-5 3.2058E-5 2.81325E-5 2.83073E-5 2.84468E-5 2.59148E-5 2.82977E-5 2.63841E-5 2.58233E-5 2.95913E-5 2.89809E-5 2.4828E-5 2.79571E-5
1.82961E-5 1.92082E-5 1.7541E-5 1.55926E-5 1.79435E-5 1.89804E-5 1.94986E-5 1.83098E-5 1.83562E-5 1.91008E-5 1.89993E-5 2.11946E-5 2.11555E-5 1.62431E-5 2.04345E-5 2.40332E-5 2.57481E-5 2.31646E-5 2.13022E-5 2.25682E-5 2.06463E-5 1.8139E-5 1.94444E-5 2.24248E-5 2.43696E-5 2.06643E-5 2.57645E-5 2.20852E-5 2.10867E-5 2.31105E-5 2.68815E-5 2.73064E-5 2.51478E-5 2.24784E-5 2.12053E-5 2.26952E-5 2.11017E-5 2.08519E-5 2.45188E-5 2.32181E-5 2.47006E-5 2.64328E-5 2.97972E-5 2.72311E-5 2.90748E-5 2.63311E-5 2.50318E-5 2.68065E-5 3.12439E-5 3.27999E-5 3.11009E-5 3.13701E-5 2.74407E-5 2.5806E-5 2.78682E-5 2.66587E-5 2.56602E-5 2.97368E-5 2.7956E-5 2.5094E-5 2.8335E-5
2.02239E-5 1.77205E-5 1.66094E-5 1.70613E-5 1.82297E-5 2.04594E-5 2.35828E-5 2.00419E-5 1.8773E-5 2.07079E-5 2.47999E-5 2.38053E-5 2.22402E-5 2.00824E-5 2.4412E-5 2.52586E-5 2.32196E-5 2.01168E-5 1.78057E-5 1.86839E-5 2.2618E-5 2.21052E-5 1.92633E-5 1.96702E-5 2.21881E-5 1.91424E-5 2.3484E-5 2.31266E-5 2.01414E-5 2.16909E-5 2.68815E-5 2.80858E-5 2.74366E-5 2.46097E-5 2.43647E-5 2.42184E-5 2.5355E-5 2.57873E-5 2.94275E-5 2.72686E-5 2.47889E-5 2.60865E-5 2.7303E-5 2.68748E-5 2.59439E-5 2.69792E-5 2.55671E-5 2.40228E-5 2.39385E-5 2.72517E-5 2.59288E-5 2.66921E-5 2.49179E-5 2.87613E-5 2.51311E-5 2.68624E-5 2.7558E-5 2.80278E-5 2.5996E-5 2.67088E-5 3.10395E-5
2.03191E-5 1.92106E-5 1.91357E-5 1.78712E-5 1.73996E-5 2.27668E-5 1.98146E-5 1.88489E-5 1.92075E-5 2.19875E-5 2.46516E-5 2.56687E-5 2.16995E-5 2.29663E-5 2.4285E-5 2.64031E-5 2.20478E-5 1.82003E-5 1.75659E-5 1.91628E-5 2.70306E-5 2.61507E-5 2.11687E-5 2.01835E-5 2.07886E-5 1.99022E-5 2.10547E-5 1.92827E-5 1.93459E-5 1.97628E-5 2.21865E-5 2.49998E-5 2.72735E-5 2.80058E-5 2.75187E-5 2.58704E-5 2.64829E-5 2.82369E-5 2.58853E-5 2.52474E-5 2.76314E-5 3.11327E-5 2.78451E-5 2.77419E-5 2.60979E-5 2.72559E-5 2.48095E-5 2.5208E-5 2.59555E-5 2.53437E-5 2.7288E-5 2.76386E-5 2.58938E-5 3.06688E-5 3.01118E-5 3.02214E-5 3.47244E-5 3.43075E-5 2.9513E-5 2.89733E-5 2.81212E-5
1.88113E-5 2.01796E-5 2.15229E-5 2.18756E-5 1.9817E-5 1.96189E-5 2.25189E-5 2.00603E-5 2.18126E-5 2.0151E-5 2.08105E-5 2.27182E-5 2.15715E-5 2.08644E-5 2.63084E-5 2.50292E-5 2.28305E-5 2.07117E-5 1.97423E-5 1.89073E-5 2.43013E-5 2.04572E-5 2.00549E-5 2.54424E-5 2.49256E-5 2.27733E-5 2.17137E-5 2.37537E-5 1.98107E-5 1.99883E-5 2.07164E-5 2.46217E-5 2.47486E-5 2.38776E-5 2.61602E-5 2.79801E-5 3.18908E-5 3.12854E-5 3.08812E-5 3.05902E-5 2.85392E-5 3.17676E-5 2.99387E-5 2.93268E-5 3.28706E-5 3.06127E-5 2.92333E-5 3.13586E-5 2.99015E-5 3.17262E-5 3.36695E-5 3.38342E-5 3.15519E-5 3.0153E-5 3.01159E-5 2.91996E-5 2.74816E-5 2.76528E-5 2.56738E-5 2.82682E-5 2.78285E-5
1.99689E-5 1.98102E-5 2.0038E-5 2.22844E-5 2.20248E-5 1.96304E-5 1.91619E-5 1.87447E-5 2.12463E-5 2.10515E-5 2.34398E-5 2.29628E-5 2.18567E-5 1.9474E-5 2.36042E-5 2.66459E-5 2.67689E-5 2.58397E-5 1.95999E-5 1.86388E-5 1.84915E-5 1.99076E-5 2.37348E-5 2.52278E-5 2.36091E-5 2.17708E-5 2.11164E-5 2.33324E-5 2.28497E-5 2.01042E-5 2.0812E-5 2.0591E-5 2.246E-5 2.27366E-5 2.30157E-5 2.51383E-5 2.7015E-5 3.1407E-5 3.04383E-5 2.76825E-5 2.64194E-5 2.54204E-5 2.50497E-5 2.57492E-5 2.72892E-5 3.01676E-5 3.00187E-5 2.84526E-5 3.0255E-5 2.91182E-5 3.11242E-5 2.64173E-5 2.43898E-5 2.45333E-5 2.44335E-5 2.46813E-5 2.43572E-5 2.50409E-5 2.41078E-5 2.49723E-5 2.82359E-5
1.90191E-5 2.01925E-5 2.09084E-5 2.13104E-5 2.07072E-5 2.10163E-5 2.14616E-5 1.98156E-5 2.05281E-5 2.05092E-5 2.29497E-5 2.61012E-5 2.30373E-5 2.05732E-5 1.97565E-5 2.14031E-5 2.26931E-5 2.04624E-5 1.90645E-5 1.8832E-5 1.81865E-5 2.42356E-5 2.53875E-5 2.4467E-5 2.45277E-5 2.37412E-5 2.28454E-5 2.15149E-5 2.29418E-5 2.27882E-5 2.09321E-5 2.08247E-5 2.1138E-5 2.20447E-5 2.42698E-5 2.57872E-5 2.83779E-5 2.82445E-5 3.266E-5 2.93294E-5 2.95901E-5 2.791E-5 2.98415E-5 3.19984E-5 3.19205E-5 2.76941E-5 2.47207E-5 2.68159E-5 2.67301E-5 2.60358E-5 2.49711E-5 2.49763E-5 2.49957E-5 2.85338E-5 2.5263E-5 2.51246E-5 2.51743E-5 2.52491E-5 2.8473E-5 3.03832E-5 3.06777E-5
