Artocarpus hirsutus SDM files/Last interglacial/results (without bias file)/Arthir_6.asc
ncols         625
nrows         721
xllcorner     69.99986311115
yllcorner     5.99986151914999
cellsize      0.041666667
NODATA_value  -9999
[rows 81 to 107 of 721, columns 488 to 548 of 625]
8.33943E-5 7.99427E-5 7.42404E-5 7.31551E-5 6.88794E-5 6.9271E-5 7.61243E-5 8.31346E-5 8.54354E-5 8.6711E-5 8.70729E-5 8.71198E-5 8.23143E-5 9.876E-5 8.99493E-5 8.3456E-5 8.48297E-5 8.79602E-5 9.21323E-5 9.0397E-5 1.04511E-4 8.77343E-5 8.49013E-5 8.51301E-5 8.21531E-5 8.4336E-5 8.38761E-5 7.96825E-5 8.63448E-5 8.9657E-5 9.36124E-5 1.06398E-4 9.88122E-5 1.016E-4 1.00797E-4 1.03609E-4 1.03836E-4 1.03799E-4 1.03685E-4 1.03416E-4 1.05631E-4 1.10391E-4 1.15445E-4 1.13586E-4 1.1351E-4 1.34951E-4 1.26437E-4 1.20913E-4 1.18708E-4 1.21767E-4 1.26822E-4 1.35521E-4 1.42103E-4 1.31749E-4 1.26046E-4 1.23959E-4 1.38604E-4 1.43095E-4 1.43095E-4 1.55243E-4 1.67672E-4
8.37184E-5 7.98896E-5 8.09323E-5 8.0516E-5 8.07863E-5 8.41216E-5 7.76381E-5 7.69397E-5 7.94312E-5 7.79046E-5 7.86733E-5 7.93134E-5 8.07096E-5 7.4329E-5 8.4835E-5 8.41287E-5 8.62942E-5 8.7832E-5 8.56916E-5 8.96988E-5 8.98711E-5 9.28522E-5 9.04588E-5 7.7928E-5 8.08017E-5 8.38761E-5 8.73623E-5 8.4195E-5 9.07057E-5 8.74437E-5 9.02829E-5 9.23381E-5 1.0586E-4 1.05764E-4 1.06311E-4 1.05211E-4 1.01293E-4 1.05145E-4 1.05659E-4 9.78468E-5 1.03911E-4 1.12877E-4 1.12121E-4 1.09418E-4 1.18488E-4 1.18176E-4 1.1308E-4 1.35834E-4 1.21605E-4 1.20693E-4 1.33375E-4 1.40493E-4 1.3912E-4 1.37299E-4 1.36776E-4 1.42381E-4 1.31454E-4 1.4351E-4 1.63297E-4 1.42958E-4 1.47234E-4
8.09854E-5 7.82611E-5 7.73853E-5 7.72284E-5 7.72531E-5 7.94318E-5 8.23775E-5 8.01266E-5 7.71864E-5 7.3307E-5 7.94769E-5 8.80952E-5 9.06774E-5 8.40088E-5 7.9085E-5 7.63608E-5 8.53393E-5 8.50757E-5 8.80709E-5 9.16882E-5 8.63061E-5 9.15341E-5 8.48124E-5 7.67525E-5 7.5135E-5 8.22099E-5 8.55366E-5 8.02398E-5 8.49515E-5 8.85631E-5 8.89626E-5 9.22514E-5 9.34436E-5 1.09482E-4 1.13685E-4 1.0442E-4 1.09082E-4 1.09139E-4 1.04768E-4 1.00145E-4 1.11238E-4 1.124E-4 1.12158E-4 1.06368E-4 1.19333E-4 1.11986E-4 1.18326E-4 1.08061E-4 1.19742E-4 1.32674E-4 1.40358E-4 1.3637E-4 1.34092E-4 1.3912E-4 1.43556E-4 1.36968E-4 1.48179E-4 1.412E-4 1.38235E-4 1.5152E-4 1.39534E-4
7.96472E-5 7.95097E-5 7.39614E-5 6.95944E-5 6.85326E-5 6.76339E-5 6.77136E-5 6.79902E-5 6.95919E-5 8.11145E-5 8.00942E-5 7.58858E-5 8.1105E-5 7.31242E-5 7.45184E-5 7.57361E-5 7.81177E-5 8.76802E-5 9.9639E-5 1.1128E-4 9.54656E-5 9.64807E-5 9.07813E-5 7.61451E-5 7.68822E-5 7.47875E-5 8.03037E-5 8.42234E-5 8.02151E-5 7.93897E-5 8.24381E-5 8.91705E-5 9.35816E-5 9.29436E-5 1.02374E-4 1.02809E-4 1.05302E-4 1.09513E-4 1.08967E-4 1.01016E-4 1.0677E-4 1.12668E-4 1.11238E-4 1.13588E-4 1.10336E-4 1.13744E-4 1.14109E-4 1.01643E-4 1.21288E-4 1.3923E-4 1.36627E-4 1.40295E-4 1.29983E-4 1.31552E-4 1.4103E-4 1.36773E-4 1.52665E-4 1.35399E-4 1.31301E-4 1.38892E-4 1.61012E-4
7.32116E-5 7.97244E-5 7.58983E-5 7.93119E-5 8.32384E-5 7.77967E-5 7.26987E-5 7.18997E-5 7.0821E-5 7.03514E-5 7.23006E-5 7.39366E-5 8.05013E-5 8.66736E-5 7.82885E-5 8.17483E-5 8.78349E-5 9.31134E-5 1.08268E-4 1.0933E-4 1.03825E-4 9.95212E-5 9.58411E-5 9.31293E-5 7.88849E-5 8.52152E-5 8.23023E-5 8.407E-5 8.44641E-5 8.10075E-5 8.11878E-5 8.87804E-5 9.28908E-5 9.04325E-5 8.45149E-5 8.30039E-5 1.09758E-4 1.07053E-4 1.00881E-4 1.04374E-4 1.03571E-4 1.10958E-4 1.11476E-4 1.16834E-4 1.1357E-4 1.12262E-4 1.11964E-4 1.03651E-4 1.17729E-4 1.40751E-4 1.35799E-4 1.35236E-4 1.29235E-4 1.25928E-4 1.36876E-4 1.48869E-4 1.3955E-4 1.29281E-4 1.17326E-4 1.2651E-4 1.44684E-4
7.80913E-5 7.8803E-5 7.62229E-5 8.26872E-5 8.15383E-5 8.44751E-5 8.49583E-5 8.5507E-5 7.92882E-5 7.14221E-5 8.89623E-5 8.34662E-5 8.09205E-5 7.99736E-5 8.15129E-5 7.70551E-5 8.54512E-5 9.95288E-5 1.04736E-4 1.07968E-4 1.05906E-4 1.04801E-4 1.01861E-4 9.77258E-5 8.25099E-5 8.90855E-5 8.97194E-5 8.63126E-5 8.31873E-5 8.21994E-5 8.44641E-5 8.74317E-5 8.83417E-5 8.81733E-5 8.76989E-5 8.60301E-5 1.02437E-4 1.03363E-4 9.90218E-5 9.83573E-5 9.87663E-5 1.10677E-4 1.02348E-4 1.12365E-4 1.13599E-4 1.06351E-4 9.85634E-5 1.11431E-4 1.20346E-4 1.16217E-4 1.34719E-4 1.36494E-4 1.23441E-4 1.20445E-4 1.38806E-4 1.44541E-4 1.30154E-4 1.27048E-4 1.31962E-4 1.50525E-4 1.48803E-4
7.84044E-5 7.60949E-5 7.46958E-5 7.57021E-5 8.04093E-5 8.13067E-5 8.22292E-5 8.08546E-5 8.06951E-5 7.07319E-5 8.16578E-5 8.93606E-5 8.87745E-5 8.10186E-5 7.46806E-5 7.47296E-5 7.79066E-5 8.08214E-5 9.49785E-5 1.07985E-4 1.06015E-4 1.09151E-4 1.04531E-4 1.08319E-4 8.95214E-5 8.08468E-5 8.94078E-5 9.08608E-5 8.80933E-5 8.40375E-5 8.06944E-5 8.33223E-5 8.18331E-5 8.35679E-5 8.70997E-5 8.407E-5 9.26899E-5 9.73647E-5 9.50202E-5 1.03215E-4 1.08404E-4 1.09907E-4 9.9664E-5 1.0996E-4 1.16493E-4 1.14856E-4 9.65981E-5 1.08437E-4 1.1517E-4 1.19686E-4 1.17279E-4 1.34191E-4 1.40141E-4 1.35513E-4 1.46275E-4 1.44551E-4 1.49963E-4 1.44097E-4 1.5404E-4 1.43126E-4 1.36704E-4
7.05218E-5 6.8392E-5 7.38765E-5 7.50737E-5 7.48123E-5 8.00229E-5 7.83175E-5 7.48734E-5 7.60353E-5 7.21951E-5 7.74936E-5 8.32112E-5 8.56308E-5 8.4897E-5 7.59848E-5 7.0951E-5 7.28967E-5 7.6102E-5 7.92658E-5 8.93838E-5 1.0263E-4 1.08111E-4 1.09434E-4 1.09858E-4 8.20757E-5 7.81677E-5 8.34537E-5 8.80322E-5 8.80933E-5 8.44389E-5 8.25241E-5 8.17761E-5 8.29428E-5 8.5292E-5 8.94461E-5 9.05257E-5 8.42755E-5 8.43878E-5 9.55276E-5 1.10042E-4 1.10674E-4 1.11148E-4 1.04962E-4 1.11477E-4 1.1274E-4 1.15107E-4 1.02382E-4 1.00208E-4 1.15135E-4 1.08805E-4 1.19152E-4 1.29359E-4 1.18652E-4 1.33066E-4 1.44388E-4 1.4384E-4 1.49303E-4 1.49582E-4 1.51875E-4 1.44751E-4 1.4384E-4
6.92531E-5 6.5389E-5 7.0452E-5 7.19E-5 7.24414E-5 7.13782E-5 7.37927E-5 6.90538E-5 7.20167E-5 7.42999E-5 7.08997E-5 7.11602E-5 7.75242E-5 8.17444E-5 8.22416E-5 7.35652E-5 7.1485E-5 7.70955E-5 7.9935E-5 8.0143E-5 8.28428E-5 1.037E-4 1.07964E-4 1.11735E-4 8.30679E-5 7.79437E-5 8.04913E-5 8.78884E-5 8.66529E-5 7.96989E-5 8.87962E-5 8.43563E-5 8.90248E-5 8.79219E-5 9.06373E-5 8.90431E-5 8.07074E-5 9.2169E-5 1.05769E-4 1.0665E-4 1.10916E-4 1.05914E-4 1.04107E-4 1.14857E-4 1.11173E-4 1.08789E-4 1.11475E-4 1.00427E-4 1.16345E-4 1.12576E-4 1.23416E-4 1.15413E-4 1.3064E-4 1.18705E-4 1.24591E-4 1.21452E-4 1.32919E-4 1.38429E-4 1.37475E-4 1.42172E-4 1.47547E-4
7.08321E-5 6.55454E-5 6.79076E-5 7.10716E-5 7.32447E-5 8.10756E-5 8.21683E-5 7.42095E-5 8.06732E-5 8.19832E-5 8.62519E-5 7.47652E-5 7.58621E-5 7.07932E-5 7.96141E-5 7.50648E-5 8.07102E-5 8.19897E-5 7.50947E-5 7.76278E-5 7.95859E-5 8.73697E-5 1.00345E-4 1.09226E-4 1.09445E-4 8.03807E-5 8.12654E-5 8.60126E-5 8.66949E-5 8.41838E-5 8.34024E-5 8.23332E-5 8.43836E-5 8.97791E-5 8.19841E-5 7.94763E-5 7.9368E-5 8.06436E-5 8.09254E-5 8.46601E-5 1.04896E-4 1.01193E-4 1.03999E-4 1.0659E-4 1.04863E-4 1.17113E-4 1.13323E-4 1.03817E-4 1.10249E-4 1.1749E-4 1.25163E-4 1.19093E-4 1.11016E-4 1.32105E-4 1.31632E-4 1.27367E-4 1.23317E-4 1.39259E-4 1.28716E-4 1.40394E-4 1.51297E-4
6.42625E-5 6.60788E-5 6.52592E-5 6.76679E-5 6.86637E-5 6.88959E-5 7.09299E-5 7.40328E-5 7.58868E-5 8.17497E-5 8.30565E-5 7.7279E-5 7.91023E-5 7.65919E-5 7.2474E-5 8.19116E-5 7.66827E-5 8.88121E-5 8.45654E-5 7.34475E-5 7.60617E-5 8.35736E-5 9.26617E-5 1.07497E-4 1.08691E-4 7.91021E-5 7.92863E-5 8.12861E-5 7.9458E-5 7.78543E-5 7.9351E-5 8.11442E-5 8.05545E-5 7.77496E-5 7.88343E-5 8.05849E-5 8.40537E-5 8.77761E-5 8.10581E-5 8.09701E-5 8.15055E-5 9.70856E-5 9.86613E-5 1.06521E-4 9.84208E-5 1.02073E-4 1.10263E-4 1.06632E-4 1.01378E-4 1.18258E-4 1.22869E-4 1.2511E-4 1.23653E-4 1.18432E-4 1.1755E-4 1.2188E-4 1.34423E-4 1.37119E-4 1.27878E-4 1.21673E-4 1.32805E-4
6.90839E-5 6.79539E-5 6.69993E-5 6.53001E-5 6.76372E-5 6.8547E-5 6.90791E-5 7.03436E-5 7.3822E-5 7.38177E-5 7.7392E-5 7.42676E-5 6.85235E-5 7.07746E-5 7.60988E-5 8.2006E-5 9.04161E-5 8.44162E-5 8.9994E-5 8.68675E-5 9.13255E-5 8.93798E-5 8.95103E-5 1.04677E-4 9.9416E-5 9.93175E-5 8.59377E-5 7.38416E-5 7.38006E-5 7.58558E-5 7.64149E-5 7.90123E-5 8.25564E-5 8.96056E-5 9.32349E-5 9.01489E-5 9.30657E-5 8.84671E-5 9.04502E-5 8.12577E-5 8.17573E-5 9.51544E-5 9.51943E-5 9.45836E-5 9.48715E-5 9.43749E-5 9.79697E-5 1.01252E-4 9.74198E-5 1.0873E-4 1.13085E-4 1.24431E-4 1.26654E-4 1.23243E-4 1.19934E-4 1.22556E-4 1.11935E-4 1.30991E-4 1.39265E-4 1.50932E-4 1.34217E-4
7.54649E-5 7.67952E-5 6.62989E-5 6.45809E-5 7.32099E-5 6.82823E-5 6.80008E-5 7.00115E-5 7.06551E-5 6.87742E-5 7.63146E-5 7.79402E-5 6.9032E-5 7.00248E-5 7.36149E-5 8.22883E-5 8.29937E-5 9.1658E-5 8.9278E-5 8.74579E-5 7.90163E-5 7.46618E-5 7.82745E-5 8.05868E-5 8.70121E-5 1.01539E-4 9.23806E-5 8.45457E-5 7.432E-5 7.94124E-5 8.76347E-5 9.13702E-5 8.87081E-5 9.05864E-5 9.03229E-5 8.8424E-5 9.8435E-5 9.13521E-5 8.63789E-5 8.64068E-5 8.88725E-5 8.85115E-5 1.01471E-4 1.0002E-4 9.86613E-5 1.06994E-4 9.80112E-5 9.369E-5 9.36463E-5 9.99355E-5 1.03669E-4 1.14487E-4 1.25729E-4 1.2549E-4 1.25655E-4 1.42758E-4 1.34324E-4 1.16961E-4 1.26289E-4 1.37446E-4 1.50307E-4
6.87761E-5 7.87445E-5 6.8756E-5 6.69225E-5 7.75258E-5 7.22775E-5 7.41252E-5 7.03846E-5 6.98673E-5 6.6123E-5 7.10083E-5 6.95444E-5 6.88726E-5 6.86962E-5 6.92709E-5 7.62414E-5 7.69683E-5 7.97789E-5 8.31808E-5 9.26186E-5 9.18421E-5 8.7178E-5 7.86598E-5 9.04612E-5 9.75592E-5 9.47413E-5 8.56434E-5 8.55005E-5 7.42647E-5 8.34669E-5 8.7863E-5 8.30653E-5 8.43451E-5 8.51395E-5 7.77812E-5 9.0615E-5 9.41368E-5 9.55317E-5 8.97356E-5 9.27725E-5 9.75175E-5 9.43307E-5 1.07386E-4 1.07553E-4 1.05053E-4 1.07241E-4 1.06815E-4 1.01913E-4 1.01378E-4 1.03994E-4 1.12234E-4 1.13867E-4 1.23312E-4 1.25902E-4 1.21283E-4 1.3767E-4 1.21666E-4 1.50434E-4 1.38901E-4 1.24595E-4 1.38194E-4
7.54345E-5 7.83705E-5 8.17176E-5 7.98752E-5 8.07278E-5 7.61235E-5 8.41897E-5 8.11521E-5 7.5999E-5 6.7995E-5 6.58646E-5 6.82529E-5 6.86888E-5 6.86962E-5 6.89865E-5 7.46569E-5 7.55881E-5 7.70548E-5 7.91418E-5 8.49021E-5 8.2807E-5 8.91973E-5 9.10364E-5 7.67662E-5 8.82692E-5 9.65829E-5 8.64557E-5 8.66161E-5 7.43476E-5 8.4909E-5 8.583E-5 8.61386E-5 8.43841E-5 8.34606E-5 7.90933E-5 8.91449E-5 9.20894E-5 9.52377E-5 9.46797E-5 9.58742E-5 9.79337E-5 9.4487E-5 9.581E-5 9.43079E-5 1.11179E-4 1.09525E-4 1.11248E-4 1.1989E-4 1.16605E-4 1.16151E-4 1.15534E-4 1.16439E-4 1.08634E-4 1.23892E-4 1.19586E-4 1.26351E-4 1.21768E-4 1.36976E-4 1.35946E-4 1.37779E-4 1.19089E-4
7.2105E-5 7.42783E-5 7.73651E-5 7.33258E-5 7.31121E-5 7.57654E-5 7.63234E-5 8.41256E-5 8.07227E-5 7.61604E-5 7.74282E-5 7.46269E-5 6.83634E-5 6.80648E-5 6.99892E-5 7.87005E-5 6.89451E-5 7.18544E-5 7.82992E-5 8.59634E-5 9.30566E-5 8.115E-5 8.25056E-5 7.43523E-5 8.49323E-5 8.91255E-5 8.72244E-5 8.40693E-5 9.36546E-5 8.91508E-5 8.64644E-5 8.78866E-5 8.19812E-5 7.69581E-5 8.16765E-5 9.60115E-5 9.63656E-5 9.25763E-5 9.59194E-5 9.09919E-5 9.7174E-5 9.719E-5 9.21348E-5 1.0733E-4 1.07415E-4 1.19786E-4 1.14274E-4 1.12165E-4 1.09953E-4 1.12165E-4 1.04374E-4 1.1472E-4 1.04539E-4 1.13593E-4 1.23563E-4 1.18694E-4 1.13787E-4 1.30699E-4 1.20321E-4 1.29004E-4 1.36658E-4
6.50715E-5 6.62203E-5 6.45134E-5 6.79891E-5 7.14028E-5 6.64888E-5 7.08205E-5 7.99398E-5 7.88025E-5 7.51451E-5 7.56038E-5 6.77629E-5 6.98007E-5 7.30748E-5 7.99092E-5 7.84447E-5 7.08891E-5 7.11492E-5 7.48029E-5 8.08785E-5 8.70593E-5 8.46054E-5 8.12359E-5 7.78091E-5 7.29069E-5 8.11708E-5 9.41452E-5 8.40448E-5 8.42233E-5 8.42478E-5 8.90656E-5 8.68621E-5 8.47572E-5 7.92824E-5 9.28188E-5 9.47137E-5 9.77758E-5 9.67429E-5 1.01721E-4 9.83894E-5 9.56661E-5 9.45738E-5 9.36035E-5 9.75223E-5 1.00647E-4 1.23981E-4 1.18772E-4 1.14738E-4 1.14475E-4 1.09142E-4 1.12786E-4 1.12825E-4 1.09026E-4 9.97189E-5 1.07294E-4 1.21842E-4 1.24441E-4 1.21028E-4 1.33962E-4 1.48533E-4 1.50111E-4
6.24943E-5 6.54653E-5 6.57311E-5 6.76125E-5 6.76524E-5 6.70375E-5 6.68021E-5 6.95805E-5 7.28533E-5 6.98437E-5 7.00881E-5 6.96613E-5 6.94158E-5 8.182E-5 8.80586E-5 8.94514E-5 7.70103E-5 8.40302E-5 8.39436E-5 8.20194E-5 9.0218E-5 8.44381E-5 7.50601E-5 8.57055E-5 8.51165E-5 7.83774E-5 8.62621E-5 8.38474E-5 8.92088E-5 7.36511E-5 8.09891E-5 7.76424E-5 7.70221E-5 8.2758E-5 9.28188E-5 9.299E-5 9.60653E-5 9.62036E-5 9.99469E-5 1.0089E-4 9.6118E-5 9.86392E-5 9.40721E-5 8.85063E-5 1.09771E-4 1.1959E-4 1.18211E-4 1.10238E-4 1.03575E-4 1.11309E-4 1.17331E-4 1.18798E-4 1.15523E-4 1.07469E-4 1.13916E-4 1.25741E-4 1.10372E-4 1.04503E-4 1.24961E-4 1.24892E-4 1.2875E-4
6.21416E-5 6.17326E-5 6.88069E-5 6.97145E-5 6.79558E-5 7.17887E-5 6.5117E-5 7.96633E-5 8.19355E-5 7.93495E-5 8.18214E-5 8.50109E-5 7.89673E-5 7.61222E-5 8.00303E-5 8.09705E-5 7.9552E-5 8.57966E-5 8.56453E-5 9.08675E-5 9.36903E-5 8.90237E-5 8.04384E-5 8.89231E-5 9.01802E-5 9.97893E-5 9.11908E-5 8.94355E-5 8.58373E-5 7.08373E-5 7.49019E-5 8.29164E-5 8.47382E-5 8.30968E-5 7.99062E-5 9.05799E-5 9.74025E-5 9.31166E-5 9.83894E-5 9.9697E-5 1.00383E-4 9.61362E-5 8.95004E-5 8.9494E-5 1.0084E-4 1.15211E-4 1.14116E-4 1.13843E-4 1.17179E-4 1.06309E-4 1.21552E-4 1.24905E-4 1.2211E-4 1.22377E-4 1.22821E-4 1.31076E-4 1.29484E-4 1.28602E-4 1.26954E-4 1.38059E-4 1.2928E-4
7.68797E-5 6.98966E-5 7.26831E-5 7.84692E-5 7.90692E-5 7.64805E-5 6.72774E-5 8.3554E-5 8.71792E-5 7.68858E-5 7.65129E-5 8.43551E-5 8.36451E-5 8.15012E-5 8.15721E-5 8.19315E-5 8.43715E-5 8.5661E-5 8.71114E-5 7.75894E-5 9.17901E-5 9.06938E-5 8.97183E-5 9.90826E-5 9.73679E-5 8.91624E-5 8.64657E-5 1.03312E-4 8.69943E-5 7.56593E-5 8.01998E-5 8.90628E-5 8.6495E-5 8.83983E-5 8.77232E-5 9.55906E-5 9.73574E-5 1.00269E-4 9.88028E-5 1.00238E-4 9.74599E-5 9.0335E-5 9.57159E-5 1.01738E-4 9.93386E-5 1.0226E-4 1.19223E-4 1.23121E-4 1.17673E-4 1.05389E-4 1.26742E-4 1.29489E-4 1.26763E-4 1.19707E-4 1.14707E-4 1.16066E-4 1.24274E-4 1.32417E-4 1.28497E-4 1.25248E-4 1.3209E-4
6.91387E-5 6.37055E-5 7.02253E-5 8.07369E-5 7.50663E-5 8.32359E-5 7.59427E-5 8.47784E-5 8.29775E-5 7.09089E-5 6.69983E-5 8.09809E-5 9.14983E-5 8.36652E-5 8.09164E-5 8.09164E-5 8.02527E-5 7.80468E-5 7.77851E-5 7.51563E-5 7.7903E-5 7.47478E-5 9.14304E-5 9.93721E-5 9.77778E-5 1.10811E-4 9.75537E-5 9.00883E-5 8.5783E-5 7.94166E-5 8.66239E-5 9.09151E-5 8.72725E-5 8.61635E-5 9.29672E-5 9.20034E-5 9.10842E-5 9.9337E-5 9.74669E-5 9.94347E-5 9.3179E-5 9.27998E-5 1.00356E-4 1.04495E-4 1.02842E-4 1.01593E-4 1.01317E-4 1.26332E-4 1.18026E-4 1.20079E-4 1.27603E-4 1.253E-4 1.16656E-4 1.1004E-4 1.07606E-4 1.02922E-4 1.02344E-4 1.21834E-4 1.33851E-4 1.09823E-4 1.15709E-4
6.1699E-5 6.15789E-5 6.35796E-5 6.68102E-5 7.71691E-5 8.32646E-5 8.13259E-5 8.60244E-5 8.09902E-5 6.88214E-5 6.60051E-5 8.4992E-5 8.92591E-5 8.7579E-5 8.09475E-5 8.18015E-5 8.45858E-5 7.99446E-5 7.51046E-5 6.92801E-5 7.01584E-5 7.69174E-5 8.85006E-5 9.47312E-5 9.2162E-5 1.06455E-4 8.50187E-5 8.62457E-5 8.53115E-5 9.22296E-5 8.48944E-5 8.83478E-5 8.75013E-5 8.81872E-5 9.53656E-5 9.54429E-5 9.12405E-5 9.52444E-5 9.62413E-5 9.83604E-5 9.26331E-5 8.51044E-5 9.82343E-5 1.05958E-4 1.0287E-4 9.90758E-5 1.16864E-4 1.1888E-4 1.16965E-4 1.24346E-4 1.30007E-4 1.26185E-4 1.22797E-4 1.24915E-4 1.23076E-4 1.20813E-4 1.05535E-4 1.13871E-4 1.09561E-4 1.31406E-4 1.38818E-4
6.04922E-5 6.20357E-5 6.2243E-5 6.7237E-5 7.94227E-5 8.4927E-5 8.577E-5 9.03146E-5 8.23672E-5 6.80592E-5 7.14253E-5 8.76039E-5 8.85031E-5 8.94608E-5 7.97913E-5 7.60309E-5 8.06642E-5 8.03972E-5 7.50066E-5 6.76951E-5 7.03185E-5 7.5413E-5 9.01147E-5 9.43872E-5 9.41927E-5 1.00213E-4 9.6689E-5 9.43429E-5 1.05155E-4 9.40173E-5 7.66839E-5 8.35613E-5 8.52238E-5 8.60941E-5 9.12769E-5 8.6687E-5 8.63046E-5 8.70075E-5 9.35253E-5 9.59785E-5 9.65313E-5 9.16954E-5 8.95468E-5 9.40089E-5 9.70534E-5 1.0026E-4 1.01947E-4 1.19781E-4 1.18196E-4 1.23004E-4 1.29084E-4 1.29201E-4 1.2897E-4 1.33264E-4 1.29259E-4 1.23588E-4 1.16613E-4 1.13261E-4 1.00836E-4 1.24087E-4 1.32385E-4
6.3142E-5 6.29761E-5 6.22225E-5 6.32587E-5 7.58912E-5 8.09046E-5 8.40298E-5 8.32616E-5 7.17039E-5 6.58743E-5 7.66878E-5 9.25285E-5 8.96923E-5 8.51948E-5 7.07377E-5 6.77803E-5 8.68348E-5 8.0322E-5 7.58275E-5 6.61985E-5 7.01931E-5 8.07887E-5 9.48102E-5 9.75371E-5 9.76069E-5 8.96934E-5 8.5765E-5 9.30615E-5 9.64155E-5 9.3276E-5 9.66894E-5 7.40678E-5 7.37572E-5 7.85039E-5 8.52558E-5 8.80198E-5 8.25934E-5 8.97398E-5 9.32396E-5 8.8949E-5 7.99183E-5 8.30912E-5 8.88371E-5 9.28308E-5 9.31877E-5 9.66948E-5 1.05479E-4 1.07489E-4 1.03599E-4 1.06991E-4 1.13445E-4 1.2537E-4 1.25997E-4 1.32825E-4 1.28999E-4 1.26892E-4 1.2811E-4 1.27346E-4 1.09823E-4 1.00263E-4 1.16125E-4
6.65976E-5 6.53616E-5 6.29031E-5 6.33879E-5 6.60634E-5 7.30308E-5 8.135E-5 8.17723E-5 6.64124E-5 6.52059E-5 7.29776E-5 8.9856E-5 9.21041E-5 9.05771E-5 7.31115E-5 7.58503E-5 9.15847E-5 8.66033E-5 6.98604E-5 6.96989E-5 7.85554E-5 9.11006E-5 9.18722E-5 9.28205E-5 8.96146E-5 9.75412E-5 9.10166E-5 9.78281E-5 1.06688E-4 1.09824E-4 8.73202E-5 8.29676E-5 8.29946E-5 7.80994E-5 8.18504E-5 8.86371E-5 9.08191E-5 9.47751E-5 9.49333E-5 8.84154E-5 8.10031E-5 8.09153E-5 8.38301E-5 9.61215E-5 8.49832E-5 8.44962E-5 9.54699E-5 9.27166E-5 1.01749E-4 1.14649E-4 1.19866E-4 1.22569E-4 1.25912E-4 1.24569E-4 1.22722E-4 1.25677E-4 1.34167E-4 1.23262E-4 1.31245E-4 1.19331E-4 1.29167E-4
7.48837E-5 7.29483E-5 7.2069E-5 7.03902E-5 7.12204E-5 7.32499E-5 7.36087E-5 7.37207E-5 7.05857E-5 7.40138E-5 7.74522E-5 7.80009E-5 7.94776E-5 8.73304E-5 7.71774E-5 6.68122E-5 8.5676E-5 8.79422E-5 6.76873E-5 7.36019E-5 9.03625E-5 9.82342E-5 9.53048E-5 9.74018E-5 9.76401E-5 9.75571E-5 8.92976E-5 8.71673E-5 1.0321E-4 1.18759E-4 8.66225E-5 8.3132E-5 8.28821E-5 7.60819E-5 8.1399E-5 8.11454E-5 8.53367E-5 9.60819E-5 9.86949E-5 9.0265E-5 8.81913E-5 8.71622E-5 8.64497E-5 1.00436E-4 9.01304E-5 8.80884E-5 8.38103E-5 9.43277E-5 1.02154E-4 1.25726E-4 1.3019E-4 1.25627E-4 1.29043E-4 1.29694E-4 1.28955E-4 1.29111E-4 1.39439E-4 1.36952E-4 1.36893E-4 1.38152E-4 1.23295E-4
7.1026E-5 7.6381E-5 8.08069E-5 7.74563E-5 7.81927E-5 7.54058E-5 7.88452E-5 7.2572E-5 7.48871E-5 7.12202E-5 6.84901E-5 6.4633E-5 7.68378E-5 8.93733E-5 7.49831E-5 6.72375E-5 7.16491E-5 7.35102E-5 7.17881E-5 8.30136E-5 9.42342E-5 9.66552E-5 9.90336E-5 9.14893E-5 9.15453E-5 8.86723E-5 8.73213E-5 9.01844E-5 9.25172E-5 9.96903E-5 1.05198E-4 9.9295E-5 7.85276E-5 7.53173E-5 7.50796E-5 8.39137E-5 8.52134E-5 9.41007E-5 8.92671E-5 9.13019E-5 7.85473E-5 9.04724E-5 9.64552E-5 1.07311E-4 1.03995E-4 1.0434E-4 9.90059E-5 1.04492E-4 1.03513E-4 1.22436E-4 1.29099E-4 1.29127E-4 1.29978E-4 1.29242E-4 1.35233E-4 1.29442E-4 1.24569E-4 1.23733E-4 1.30843E-4 1.32047E-4 1.22855E-4
