Artocarpus hirsutus SDM files/Last interglacial/results (without bias file)/Arthir_5.asc
ncols         625
nrows         721
xllcorner     69.99986311115
yllcorner     5.99986151914999
cellsize      0.041666667
NODATA_value  -9999
[rows 486 to 512 of 721, columns 122 to 182 of 625]
2.79599E-3 2.86725E-3 1.67084E-3 1.0382E-3 9.96999E-4 1.17661E-3 1.06348E-3 9.79399E-4 1.08558E-3 9.57617E-4 7.38338E-4 8.15088E-4 1.12104E-3 8.03486E-4 6.59661E-4 1.05664E-3 7.60837E-4 8.37223E-4 1.02123E-3 1.35791E-3 1.60369E-3 1.49906E-3 1.254E-3 1.10353E-3 8.63133E-4 8.22116E-4 1.16685E-3 1.30445E-3 1.25095E-3 1.39995E-3 9.4899E-4 9.42487E-4 9.83034E-4 1.03228E-3 8.33011E-4 8.83369E-4 1.0343E-3 1.08674E-3 1.05454E-3 1.06876E-3 1.09003E-3 1.21673E-3 1.1423E-3 8.80675E-4 1.07143E-3 8.42983E-4 8.49609E-4 8.68967E-4 8.33382E-4 7.97461E-4 8.14027E-4 8.45245E-4 7.59722E-4 7.41654E-4 5.34096E-4 5.19308E-4 5.68228E-4 5.57074E-4 5.32482E-4 4.88782E-4 3.7265E-4
2.69666E-3 3.09479E-3 1.77697E-3 1.6027E-3 1.08694E-3 1.25767E-3 1.15538E-3 1.10698E-3 9.08143E-4 9.29551E-4 7.45374E-4 1.16086E-3 1.04132E-3 8.12336E-4 6.37388E-4 9.0725E-4 6.82136E-4 8.30301E-4 9.492E-4 9.45612E-4 1.24721E-3 1.39819E-3 1.3853E-3 1.30972E-3 9.20381E-4 9.16317E-4 1.21427E-3 9.0825E-4 9.02733E-4 9.74185E-4 1.00659E-3 8.57917E-4 8.85973E-4 8.91918E-4 9.97348E-4 8.4231E-4 1.02223E-3 1.03169E-3 1.04428E-3 1.04883E-3 1.0662E-3 1.12421E-3 1.23635E-3 1.12491E-3 1.01627E-3 9.155E-4 8.32898E-4 9.04286E-4 8.43193E-4 7.77219E-4 8.0048E-4 8.00732E-4 8.4259E-4 7.94866E-4 5.95611E-4 4.95979E-4 5.73872E-4 6.06322E-4 5.92114E-4 4.96991E-4 5.28899E-4
2.91242E-3 2.14137E-3 1.90215E-3 1.71567E-3 1.33992E-3 1.13847E-3 1.11922E-3 1.02604E-3 8.55435E-4 8.78615E-4 9.93389E-4 9.9472E-4 1.18683E-3 6.48267E-4 8.8923E-4 9.22417E-4 6.11627E-4 7.12871E-4 8.6258E-4 8.88338E-4 9.78662E-4 1.14146E-3 1.23319E-3 1.32522E-3 1.23163E-3 1.2164E-3 9.61459E-4 6.96625E-4 7.77833E-4 9.02733E-4 8.59607E-4 8.93255E-4 1.04373E-3 1.00242E-3 9.33675E-4 1.20155E-3 9.14384E-4 1.0182E-3 9.50775E-4 9.99814E-4 1.08872E-3 1.09347E-3 1.10222E-3 1.02647E-3 1.05605E-3 1.19552E-3 1.22827E-3 7.86315E-4 8.70357E-4 8.01684E-4 7.34658E-4 9.15067E-4 8.69331E-4 8.27637E-4 8.3362E-4 5.27585E-4 5.55082E-4 5.5677E-4 5.12677E-4 5.17065E-4 4.99849E-4
3.14215E-3 2.54643E-3 2.07744E-3 1.72471E-3 1.8046E-3 1.29285E-3 1.0536E-3 9.01948E-4 9.81881E-4 1.02103E-3 1.04119E-3 8.15304E-4 1.02023E-3 6.37892E-4 7.95346E-4 1.04273E-3 7.87417E-4 6.36497E-4 8.02871E-4 1.14557E-3 7.26494E-4 6.69974E-4 9.52059E-4 1.02821E-3 1.14797E-3 1.33251E-3 9.49696E-4 7.11407E-4 8.0849E-4 7.43945E-4 7.9985E-4 7.95099E-4 1.00351E-3 1.1365E-3 7.83779E-4 7.52889E-4 1.25678E-3 9.10812E-4 9.04869E-4 9.40479E-4 9.85864E-4 1.09416E-3 9.17187E-4 1.07703E-3 1.2194E-3 1.0467E-3 1.26437E-3 1.13524E-3 8.0335E-4 8.2048E-4 7.3365E-4 6.71114E-4 8.6263E-4 9.34152E-4 8.22044E-4 7.58202E-4 5.78659E-4 5.08409E-4 4.6561E-4 4.66104E-4 4.98906E-4
2.54339E-3 2.13648E-3 2.04269E-3 1.96148E-3 1.80634E-3 1.59886E-3 1.54297E-3 1.02534E-3 1.11659E-3 1.07289E-3 1.00789E-3 8.54097E-4 9.07302E-4 6.43252E-4 8.51804E-4 9.38799E-4 1.00272E-3 6.57181E-4 8.60072E-4 4.84822E-4 5.6519E-4 5.46602E-4 6.94761E-4 8.09246E-4 9.80831E-4 1.09504E-3 1.08444E-3 1.11107E-3 6.30375E-4 6.51634E-4 7.1195E-4 7.37247E-4 8.28636E-4 1.04742E-3 9.99992E-4 6.97345E-4 7.94094E-4 1.20593E-3 8.13828E-4 9.76629E-4 7.94255E-4 7.2169E-4 9.04253E-4 1.14524E-3 1.04245E-3 1.05899E-3 1.08732E-3 1.24402E-3 1.12122E-3 8.05306E-4 7.22954E-4 7.18816E-4 6.54158E-4 7.25688E-4 8.42016E-4 7.44697E-4 8.57682E-4 4.94292E-4 4.27783E-4 5.06533E-4 5.45056E-4
2.33756E-3 2.13939E-3 2.32526E-3 2.132E-3 1.66741E-3 1.48192E-3 1.02803E-3 1.16751E-3 1.11994E-3 1.03179E-3 9.90539E-4 1.01398E-3 8.72503E-4 6.69867E-4 7.59854E-4 9.23983E-4 1.10132E-3 7.91789E-4 6.53778E-4 5.50249E-4 5.46641E-4 5.00161E-4 3.71316E-4 5.06845E-4 7.73023E-4 9.37022E-4 9.67486E-4 1.21541E-3 7.11407E-4 5.57659E-4 5.55929E-4 6.17324E-4 7.35281E-4 8.26071E-4 9.22978E-4 8.53569E-4 8.90883E-4 1.04736E-3 8.4379E-4 8.86108E-4 8.58255E-4 5.84304E-4 9.08033E-4 1.08354E-3 7.35758E-4 1.01483E-3 1.05518E-3 1.0736E-3 1.16907E-3 9.77161E-4 8.02836E-4 7.04871E-4 6.7678E-4 7.26637E-4 7.94986E-4 8.29395E-4 6.57719E-4 4.2883E-4 4.47567E-4 5.14566E-4 5.65802E-4
2.38436E-3 2.35686E-3 2.3179E-3 1.96697E-3 1.60563E-3 1.42988E-3 1.76758E-3 1.77096E-3 1.07982E-3 9.54239E-4 1.28502E-3 1.03802E-3 7.31914E-4 7.00445E-4 7.28401E-4 7.2692E-4 9.44434E-4 8.60738E-4 6.52116E-4 6.24367E-4 5.98631E-4 5.06466E-4 4.98017E-4 3.6909E-4 5.33838E-4 7.22745E-4 9.51076E-4 1.15772E-3 1.07842E-3 6.55644E-4 4.96365E-4 5.69384E-4 5.48607E-4 6.27955E-4 7.31599E-4 8.90542E-4 7.92906E-4 8.60514E-4 6.51816E-4 1.06631E-3 1.06502E-3 5.66021E-4 9.84481E-4 8.96891E-4 6.98287E-4 7.40943E-4 1.0124E-3 1.01372E-3 1.06405E-3 1.00247E-3 7.42041E-4 6.88533E-4 6.81681E-4 7.29581E-4 8.0471E-4 8.15922E-4 7.1026E-4 5.49743E-4 4.41974E-4 5.09892E-4 6.13952E-4
2.72748E-3 2.80078E-3 2.22017E-3 1.88927E-3 1.67497E-3 1.49481E-3 1.85416E-3 1.86556E-3 1.64216E-3 8.52312E-4 1.0028E-3 9.6168E-4 8.49791E-4 7.33208E-4 7.74085E-4 8.05878E-4 7.99207E-4 6.98801E-4 6.53419E-4 5.99307E-4 5.98441E-4 5.69758E-4 5.24653E-4 3.76079E-4 4.81555E-4 5.7449E-4 8.80612E-4 1.47691E-3 1.1759E-3 1.17208E-3 8.41856E-4 4.53907E-4 3.87419E-4 4.87523E-4 6.04932E-4 6.84149E-4 8.63062E-4 7.36426E-4 6.58334E-4 7.96099E-4 6.53001E-4 9.53692E-4 8.88078E-4 7.51564E-4 5.08148E-4 5.50171E-4 7.78903E-4 1.02457E-3 1.11802E-3 1.06945E-3 8.94854E-4 6.5771E-4 6.51758E-4 7.35229E-4 8.00965E-4 7.9701E-4 6.03154E-4 3.7111E-4 4.3291E-4 4.98513E-4 6.39963E-4
3.34039E-3 2.49843E-3 2.15597E-3 1.97862E-3 1.82848E-3 1.69579E-3 2.01432E-3 2.02893E-3 1.79629E-3 1.00434E-3 1.09662E-3 1.40356E-3 8.20435E-4 7.19048E-4 7.58897E-4 7.36984E-4 6.74496E-4 6.09056E-4 6.05003E-4 5.97766E-4 5.72914E-4 5.45039E-4 4.91036E-4 5.08426E-4 4.87119E-4 5.37413E-4 8.8188E-4 1.23138E-3 1.08229E-3 6.50945E-4 9.8319E-4 8.61887E-4 4.54893E-4 3.86805E-4 4.1866E-4 4.18021E-4 5.29977E-4 6.60378E-4 7.68944E-4 8.66654E-4 5.61425E-4 6.56048E-4 8.1265E-4 6.22392E-4 3.88227E-4 4.90669E-4 4.1027E-4 6.83383E-4 9.07491E-4 1.29359E-3 9.83904E-4 5.26203E-4 5.54714E-4 7.56204E-4 7.36874E-4 7.42666E-4 5.28251E-4 5.26937E-4 7.00564E-4 5.19601E-4 6.2967E-4
4.77434E-3 2.91343E-3 2.50609E-3 2.15147E-3 1.75893E-3 1.84319E-3 2.01432E-3 1.9444E-3 1.95143E-3 1.5923E-3 1.18899E-3 1.14445E-3 1.46203E-3 7.65537E-4 7.25501E-4 6.22877E-4 5.71932E-4 6.10399E-4 6.30999E-4 6.28356E-4 6.25967E-4 6.22574E-4 5.11631E-4 4.70725E-4 5.28191E-4 3.52437E-4 1.07668E-3 5.95691E-4 7.16696E-4 6.54509E-4 1.25673E-3 1.11013E-3 8.66248E-4 3.8987E-4 3.46148E-4 3.20248E-4 6.48143E-4 6.62576E-4 5.89625E-4 7.16264E-4 5.23808E-4 3.98811E-4 7.01453E-4 8.15993E-4 2.31508E-4 2.91304E-4 2.49459E-4 4.81436E-4 6.6829E-4 8.20558E-4 8.45207E-4 7.75298E-4 6.69619E-4 6.65794E-4 5.80135E-4 5.21254E-4 4.33223E-4 5.49248E-4 7.02246E-4 8.29015E-4 6.43452E-4
5.16048E-3 4.84308E-3 3.41979E-3 3.24772E-3 1.91895E-3 2.09534E-3 2.0202E-3 2.10949E-3 2.02893E-3 1.88138E-3 1.732E-3 1.81816E-3 1.53639E-3 1.43168E-3 7.89226E-4 5.29431E-4 5.5115E-4 5.82575E-4 6.04709E-4 6.8311E-4 6.2477E-4 7.0129E-4 5.57062E-4 4.87567E-4 4.70132E-4 7.249E-4 6.86047E-4 5.24773E-4 5.05168E-4 6.09675E-4 5.75417E-4 6.73601E-4 4.98636E-4 3.9354E-4 5.59831E-4 7.97581E-4 3.92356E-4 3.5588E-4 3.49768E-4 4.49651E-4 6.41469E-4 6.9302E-4 2.15599E-4 4.38892E-4 1.71097E-4 1.70552E-4 1.98636E-4 2.50257E-4 4.82192E-4 5.60232E-4 6.63067E-4 7.21027E-4 6.97008E-4 6.05405E-4 6.3512E-4 4.95829E-4 4.82958E-4 6.08354E-4 6.74695E-4 7.71708E-4 5.17848E-4
5.54926E-3 5.14149E-3 3.57511E-3 2.68223E-3 2.29803E-3 2.18394E-3 2.10304E-3 2.20771E-3 2.21556E-3 1.95376E-3 1.96075E-3 1.97462E-3 1.93127E-3 1.11655E-3 6.13574E-4 5.19232E-4 5.3983E-4 5.83968E-4 6.29196E-4 6.55916E-4 5.86958E-4 6.63476E-4 6.26733E-4 4.68788E-4 5.10068E-4 7.26192E-4 7.73634E-4 5.49075E-4 6.91658E-4 3.48483E-4 4.26361E-4 4.93653E-4 5.15147E-4 4.88158E-4 8.01017E-4 1.49363E-3 3.4759E-4 2.36336E-4 2.55698E-4 2.56436E-4 4.43352E-4 5.30373E-4 2.15541E-4 2.49046E-4 1.69387E-4 2.02478E-4 1.64491E-4 1.52157E-4 3.82825E-4 4.96999E-4 5.38696E-4 5.80563E-4 6.32036E-4 5.50682E-4 5.68718E-4 5.44207E-4 4.72797E-4 5.41598E-4 6.24846E-4 5.22758E-4 5.10691E-4
5.67268E-3 6.24564E-3 6.43178E-3 5.08528E-3 2.97928E-3 2.1901E-3 2.29675E-3 2.19982E-3 2.25573E-3 2.26914E-3 2.09037E-3 2.09773E-3 1.76742E-3 1.48883E-3 9.72933E-4 5.7844E-4 4.7802E-4 5.16524E-4 6.54355E-4 6.51543E-4 6.13977E-4 6.36657E-4 6.84742E-4 5.09458E-4 4.67381E-4 5.49341E-4 5.90811E-4 5.85101E-4 4.54609E-4 4.9018E-4 5.26278E-4 6.62171E-4 7.38996E-4 8.61296E-4 9.90696E-4 1.31654E-3 4.5796E-4 2.6389E-4 1.73572E-4 2.1943E-4 3.02467E-4 2.68459E-4 1.8137E-4 1.92191E-4 2.32094E-4 1.80204E-4 1.2435E-4 1.13698E-4 1.80195E-4 3.08262E-4 3.5654E-4 4.9544E-4 5.3537E-4 6.58423E-4 5.44921E-4 6.08565E-4 4.59709E-4 3.00836E-4 2.66143E-4 4.57884E-4 4.86565E-4
6.94856E-3 6.76675E-3 7.17707E-3 4.58647E-3 3.46977E-3 3.39908E-3 2.29102E-3 2.28151E-3 2.16697E-3 2.16957E-3 1.90918E-3 2.00214E-3 1.48956E-3 1.55476E-3 1.76525E-3 1.47519E-3 6.25985E-4 6.24181E-4 5.36829E-4 7.07723E-4 6.49664E-4 5.61932E-4 6.88559E-4 6.26733E-4 4.85415E-4 4.48791E-4 5.04923E-4 4.48449E-4 4.31012E-4 4.7587E-4 8.17358E-4 1.31687E-3 1.06009E-3 5.39435E-4 4.46785E-4 4.79322E-4 3.94449E-4 2.37088E-4 2.47778E-4 2.30728E-4 2.90356E-4 2.47701E-4 1.63717E-4 1.72677E-4 1.79041E-4 1.71853E-4 1.34274E-4 9.44018E-5 1.6724E-4 1.54571E-4 2.94701E-4 4.31135E-4 4.31622E-4 4.64763E-4 6.77059E-4 6.91205E-4 3.04364E-4 1.92169E-4 1.65519E-4 3.23749E-4 2.74106E-4
7.44065E-3 7.87153E-3 6.36142E-3 4.62989E-3 4.79667E-3 3.92701E-3 3.22596E-3 2.38426E-3 2.02336E-3 1.81317E-3 1.42526E-3 1.82932E-3 1.48874E-3 1.21415E-3 1.13858E-3 1.13626E-3 1.26581E-3 7.02256E-4 4.844E-4 5.76853E-4 6.61732E-4 6.09555E-4 6.58135E-4 5.80204E-4 4.70896E-4 4.90483E-4 5.08708E-4 3.71464E-4 3.71474E-4 4.79832E-4 5.11791E-4 1.26367E-3 1.51652E-3 1.52655E-3 4.44745E-4 3.93112E-4 2.27979E-4 2.58553E-4 2.78703E-4 4.17275E-4 3.83176E-4 1.94988E-4 1.65196E-4 1.51439E-4 1.51682E-4 1.74853E-4 1.38992E-4 1.29209E-4 2.59261E-4 1.79907E-4 1.58294E-4 1.99858E-4 3.03956E-4 3.9672E-4 5.59162E-4 2.27588E-4 1.88449E-4 1.51388E-4 1.21742E-4 2.63851E-4 2.64663E-4
7.82023E-3 7.1636E-3 6.18933E-3 5.12013E-3 5.28746E-3 2.92316E-3 3.91768E-3 2.61806E-3 3.11265E-3 1.37996E-3 1.15946E-3 1.47816E-3 1.76155E-3 1.54169E-3 8.88308E-4 1.08533E-3 1.28146E-3 1.11391E-3 5.20381E-4 5.23324E-4 5.86562E-4 6.33941E-4 6.57718E-4 5.81413E-4 6.04981E-4 5.52685E-4 4.16759E-4 4.02436E-4 3.85989E-4 4.69482E-4 4.75973E-4 7.87061E-4 1.64991E-3 1.05332E-3 1.69307E-3 4.81146E-4 1.73957E-4 4.52229E-4 3.26421E-4 4.98658E-4 3.52065E-4 1.51703E-4 1.5729E-4 1.64404E-4 1.56006E-4 1.6175E-4 1.44344E-4 1.34621E-4 2.61887E-4 2.09693E-4 1.77093E-4 1.83614E-4 1.8412E-4 4.28536E-4 4.59998E-4 1.48195E-4 1.17553E-4 1.78623E-4 8.1601E-5 1.00786E-4 1.74412E-4
7.71797E-3 7.57782E-3 7.24562E-3 4.75645E-3 4.67318E-3 4.02315E-3 5.32615E-3 3.93504E-3 2.06371E-3 2.26334E-3 1.32126E-3 1.25414E-3 1.75271E-3 1.89486E-3 1.04225E-3 8.80867E-4 9.14853E-4 1.43617E-3 8.56841E-4 7.03026E-4 8.9716E-4 8.20123E-4 7.17747E-4 5.14829E-4 6.06055E-4 4.3541E-4 4.37121E-4 4.72385E-4 3.69586E-4 5.07349E-4 4.86992E-4 5.24048E-4 1.03945E-3 1.32107E-3 4.65483E-4 4.96819E-4 6.00863E-4 5.21791E-4 2.16284E-4 3.72651E-4 6.5422E-4 4.10784E-4 1.55812E-4 1.44112E-4 1.55167E-4 1.55674E-4 1.49169E-4 1.44579E-4 1.99059E-4 2.30908E-4 1.59429E-4 1.93774E-4 1.78506E-4 2.01561E-4 4.30455E-4 3.78313E-4 1.54406E-4 2.54254E-4 8.95644E-5 4.8976E-5 1.06225E-4
7.8579E-3 7.63415E-3 6.91749E-3 4.601E-3 4.51939E-3 4.03192E-3 5.25692E-3 4.20489E-3 2.44997E-3 2.65282E-3 2.26589E-3 1.32486E-3 1.2278E-3 1.71347E-3 1.9695E-3 1.03985E-3 8.36415E-4 8.6781E-4 1.21283E-3 7.04057E-4 7.96797E-4 1.01369E-3 9.61572E-4 4.94452E-4 5.78596E-4 4.19523E-4 3.30021E-4 4.37538E-4 5.09773E-4 4.67809E-4 4.93913E-4 6.41032E-4 5.99741E-4 8.70367E-4 6.77419E-4 4.99604E-4 7.10461E-4 6.93971E-4 2.46243E-4 2.55493E-4 6.11387E-4 5.2081E-4 2.26415E-4 1.50221E-4 1.37858E-4 1.60086E-4 1.59822E-4 1.43539E-4 2.14066E-4 2.04394E-4 1.94715E-4 2.0905E-4 2.15728E-4 1.71044E-4 2.40055E-4 2.66855E-4 1.2678E-4 1.05128E-4 7.40119E-5 5.93439E-5 6.67293E-5
7.82258E-3 8.48528E-3 6.82693E-3 4.96966E-3 4.34948E-3 4.47011E-3 5.2912E-3 4.03872E-3 3.46538E-3 2.14488E-3 2.78192E-3 2.45636E-3 1.56138E-3 1.49761E-3 1.43365E-3 1.21711E-3 9.46684E-4 9.04509E-4 1.06214E-3 9.35822E-4 1.15733E-3 1.25009E-3 1.04725E-3 7.19232E-4 7.13339E-4 3.5792E-4 2.92526E-4 3.72238E-4 5.42594E-4 6.87949E-4 5.58999E-4 5.80081E-4 6.95948E-4 5.02519E-4 1.21952E-3 9.57845E-4 9.80452E-4 7.74888E-4 2.53267E-4 2.988E-4 3.45981E-4 2.60381E-4 3.02862E-4 4.77789E-4 1.82398E-4 1.53214E-4 1.47595E-4 1.54297E-4 1.83943E-4 1.97357E-4 2.20087E-4 2.56112E-4 2.32656E-4 1.83052E-4 2.36987E-4 1.8666E-4 1.09034E-4 1.80378E-4 8.55988E-5 6.87959E-5 5.53088E-5
7.70634E-3 8.33073E-3 6.25393E-3 5.03146E-3 4.32187E-3 4.73746E-3 5.05878E-3 4.26188E-3 3.98524E-3 2.98986E-3 1.89208E-3 2.44779E-3 1.55833E-3 1.75847E-3 1.49761E-3 1.17184E-3 9.51311E-4 1.17129E-3 1.11845E-3 1.0264E-3 1.20483E-3 1.1973E-3 1.09499E-3 6.61877E-4 5.27163E-4 4.06654E-4 4.25285E-4 3.57553E-4 4.79457E-4 5.64752E-4 8.46686E-4 8.09403E-4 9.66509E-4 7.48053E-4 7.07474E-4 1.13296E-3 1.14954E-3 5.18688E-4 4.41736E-4 4.24733E-4 3.57481E-4 2.88821E-4 2.48871E-4 1.88148E-4 1.67347E-4 1.6035E-4 1.4784E-4 1.61823E-4 1.49556E-4 1.96442E-4 2.68359E-4 2.27833E-4 2.46224E-4 2.79246E-4 1.86352E-4 1.26536E-4 1.04661E-4 7.78278E-5 7.95635E-5 6.83228E-5 5.93528E-5
1.06946E-2 7.99049E-3 6.72228E-3 5.23561E-3 4.37688E-3 4.33625E-3 4.42424E-3 4.13253E-3 4.00179E-3 2.87274E-3 2.2308E-3 2.54527E-3 1.60926E-3 1.49021E-3 1.31867E-3 1.32235E-3 1.32412E-3 1.26828E-3 1.07405E-3 9.35903E-4 1.42626E-3 1.30307E-3 9.58182E-4 4.72345E-4 4.20995E-4 3.91312E-4 4.61976E-4 6.20501E-4 5.04361E-4 4.5615E-4 7.44338E-4 9.08477E-4 9.105E-4 9.5804E-4 8.36123E-4 9.82017E-4 7.4268E-4 4.92528E-4 4.74524E-4 5.7639E-4 2.89297E-4 2.68197E-4 2.59015E-4 1.95073E-4 1.72937E-4 1.6625E-4 1.5971E-4 1.79058E-4 2.30527E-4 1.64674E-4 1.54549E-4 1.86497E-4 2.35203E-4 2.36556E-4 1.35617E-4 1.26324E-4 1.16792E-4 5.65751E-5 7.42967E-5 5.85607E-5 5.64841E-5
1.08566E-2 9.86679E-3 6.7157E-3 5.7471E-3 4.95306E-3 4.18734E-3 4.07565E-3 4.1261E-3 4.03836E-3 3.29261E-3 2.33712E-3 2.77301E-3 1.90066E-3 1.55009E-3 1.03963E-3 1.55645E-3 1.69813E-3 1.2674E-3 9.87671E-4 8.33273E-4 1.01647E-3 1.54364E-3 9.67612E-4 5.13298E-4 4.1762E-4 3.88873E-4 4.25765E-4 5.74379E-4 6.44265E-4 6.1364E-4 6.56082E-4 7.35461E-4 7.01707E-4 9.93445E-4 8.68308E-4 9.82017E-4 1.01789E-3 4.93089E-4 3.85578E-4 3.0038E-4 2.89768E-4 3.00437E-4 2.68197E-4 2.49282E-4 2.30601E-4 2.30003E-4 1.72652E-4 1.72246E-4 2.48456E-4 2.78912E-4 2.2054E-4 1.93788E-4 2.38563E-4 1.31515E-4 1.08517E-4 1.13448E-4 9.28256E-5 7.12153E-5 6.8459E-5 5.88988E-5 1.26617E-4
9.48566E-3 9.17298E-3 6.37214E-3 5.53572E-3 4.69755E-3 4.3404E-3 5.05034E-3 4.19127E-3 3.69048E-3 3.65425E-3 3.62571E-3 3.02009E-3 2.43945E-3 1.83811E-3 9.49638E-4 1.48096E-3 1.82911E-3 1.7598E-3 9.05168E-4 9.04273E-4 7.94363E-4 1.01932E-3 1.35705E-3 8.79777E-4 4.01335E-4 3.71093E-4 4.12451E-4 4.42831E-4 6.24457E-4 6.37889E-4 6.86532E-4 7.71831E-4 8.26939E-4 9.30202E-4 6.20331E-4 7.23198E-4 8.4699E-4 8.06047E-4 3.85597E-4 3.70147E-4 3.56424E-4 2.57021E-4 2.39247E-4 2.49693E-4 2.85983E-4 2.38197E-4 1.72082E-4 1.77523E-4 1.90729E-4 2.67267E-4 2.67702E-4 3.02721E-4 1.41838E-4 1.03607E-4 9.7031E-5 8.99686E-5 1.24003E-4 1.16416E-4 7.12125E-5 7.27296E-5 1.19112E-4
9.09744E-3 8.15643E-3 7.67497E-3 5.99811E-3 4.85559E-3 4.70688E-3 5.55238E-3 4.76101E-3 3.57987E-3 3.90882E-3 3.86212E-3 3.13147E-3 1.90115E-3 1.3826E-3 1.69642E-3 1.6807E-3 1.83147E-3 1.90664E-3 1.11946E-3 7.41168E-4 6.79009E-4 9.43757E-4 9.75309E-4 7.17793E-4 4.37393E-4 3.73046E-4 4.27022E-4 4.29413E-4 5.32093E-4 6.43213E-4 6.87485E-4 8.34897E-4 8.89278E-4 7.42599E-4 3.94003E-4 4.66499E-4 5.87053E-4 7.39965E-4 5.04584E-4 3.54719E-4 2.7609E-4 3.76245E-4 2.97486E-4 2.85513E-4 3.08934E-4 2.18567E-4 1.83912E-4 1.63659E-4 1.7139E-4 2.64218E-4 2.85567E-4 3.25413E-4 1.30851E-4 9.30245E-5 1.69979E-4 1.24183E-4 2.18264E-4 1.12306E-4 8.22656E-5 7.02708E-5 6.55962E-5
8.73679E-3 7.60832E-3 7.97586E-3 7.26102E-3 6.51279E-3 5.74153E-3 5.40939E-3 4.23858E-3 3.85478E-3 4.24631E-3 4.0667E-3 3.434E-3 1.74618E-3 1.37807E-3 1.32994E-3 1.53766E-3 2.45107E-3 2.25433E-3 1.43944E-3 1.16348E-3 1.11845E-3 8.99262E-4 6.42598E-4 4.64951E-4 4.24992E-4 3.88633E-4 4.44822E-4 4.45621E-4 4.54654E-4 6.38996E-4 6.61E-4 8.32997E-4 6.93103E-4 5.3792E-4 4.32053E-4 3.76908E-4 4.26894E-4 4.34165E-4 3.37075E-4 3.94875E-4 4.6089E-4 3.91586E-4 3.06668E-4 2.62982E-4 3.39281E-4 2.42964E-4 2.5147E-4 1.56795E-4 1.8965E-4 2.81603E-4 3.69822E-4 3.10733E-4 1.54452E-4 1.64598E-4 2.56846E-4 2.00314E-4 1.77957E-4 1.25748E-4 9.14881E-5 8.51436E-5 6.74351E-5
8.58862E-3 8.94608E-3 7.41813E-3 6.94201E-3 7.31415E-3 6.04838E-3 5.45307E-3 4.5336E-3 3.90349E-3 4.27776E-3 4.54962E-3 3.37245E-3 1.88578E-3 1.43431E-3 9.09946E-4 1.49369E-3 1.47463E-3 1.49648E-3 1.90562E-3 1.75785E-3 1.69501E-3 1.68026E-3 7.00221E-4 4.30452E-4 3.8977E-4 4.1002E-4 4.49137E-4 4.41083E-4 4.88548E-4 5.697E-4 6.86446E-4 7.96846E-4 5.64881E-4 3.97979E-4 3.52366E-4 3.90406E-4 4.12891E-4 4.19049E-4 6.7122E-4 8.67421E-4 6.05029E-4 3.86858E-4 2.15736E-4 2.32279E-4 2.44216E-4 2.3125E-4 2.41328E-4 1.62832E-4 2.59818E-4 2.49355E-4 3.28308E-4 3.22753E-4 1.60126E-4 2.46794E-4 2.73254E-4 1.40602E-4 1.40125E-4 1.24931E-4 1.2071E-4 7.56582E-5 6.54558E-5
8.8083E-3 8.38786E-3 6.98915E-3 6.99046E-3 7.92367E-3 7.73445E-3 7.00849E-3 5.12998E-3 3.93182E-3 4.25824E-3 4.24094E-3 2.72077E-3 2.21312E-3 1.89233E-3 1.67997E-3 1.04504E-3 1.17466E-3 1.27226E-3 1.83502E-3 1.37661E-3 1.38238E-3 1.43594E-3 1.2007E-3 4.27132E-4 3.74841E-4 4.31284E-4 6.1367E-4 4.06133E-4 5.637E-4 5.19974E-4 6.32639E-4 7.32158E-4 4.11619E-4 3.53008E-4 3.38742E-4 3.51078E-4 3.45774E-4 5.72518E-4 7.70993E-4 9.05312E-4 9.10304E-4 4.65767E-4 2.43745E-4 2.52603E-4 2.73517E-4 2.24144E-4 2.07277E-4 2.40453E-4 3.07992E-4 2.29449E-4 3.01917E-4 2.76107E-4 1.48579E-4 2.76874E-4 2.7915E-4 1.40602E-4 1.45852E-4 1.19476E-4 1.15851E-4 7.90859E-5 7.09559E-5
