Artocarpus hirsutus SDM files/Last interglacial/results (without bias file)/Arthir_max.asc
ncols         625
nrows         721
xllcorner     69.99986311115
yllcorner     5.99986151914999
cellsize      0.041666667
NODATA_value  -9999
[rows 324 to 350 of 721, columns 244 to 304 of 625]
8.11402E-4 8.47963E-4 1.06268E-3 7.2941E-4 6.82194E-4 6.52137E-4 6.41092E-4 7.45638E-4 5.80119E-4 7.40572E-4 6.87724E-4 7.76176E-4 9.84902E-4 6.9577E-4 6.74886E-4 9.1391E-4 7.99453E-4 6.37538E-4 5.91319E-4 6.88614E-4 6.58923E-4 6.76539E-4 6.75657E-4 7.71862E-4 7.59354E-4 7.11223E-4 7.50535E-4 8.01865E-4 6.76147E-4 9.32692E-4 7.9001E-4 8.78084E-4 5.62294E-4 5.30992E-4 5.44954E-4 5.45502E-4 5.2184E-4 7.00505E-4 9.51108E-4 1.09268E-3 1.13377E-3 1.05904E-3 1.13164E-3 8.06676E-4 6.0248E-4 6.25526E-4 1.15994E-3 9.44427E-4 1.18301E-3 9.66286E-4 1.4687E-3 9.82268E-4 1.38578E-3 1.19214E-3 9.4755E-4 6.17112E-4 6.16165E-4 7.30422E-4 8.61303E-4 6.5265E-4 5.97947E-4
7.97593E-4 8.62399E-4 1.29609E-3 5.95884E-4 5.6653E-4 6.52277E-4 6.56647E-4 6.66321E-4 7.26835E-4 9.36E-4 7.28631E-4 7.76143E-4 8.53826E-4 7.51536E-4 5.79702E-4 6.69909E-4 7.93402E-4 1.12882E-3 8.98823E-4 7.1724E-4 6.58524E-4 6.79973E-4 7.56534E-4 7.99379E-4 1.12266E-3 9.08886E-4 6.88622E-4 6.80891E-4 5.34842E-4 7.91776E-4 8.41757E-4 6.63808E-4 5.40909E-4 5.18457E-4 4.80892E-4 5.24734E-4 5.42606E-4 5.82473E-4 6.47855E-4 7.22971E-4 8.09914E-4 1.08886E-3 1.41801E-3 1.11849E-3 7.54051E-4 6.53737E-4 8.42696E-4 1.10631E-3 9.03151E-4 8.79671E-4 7.02903E-4 1.25826E-3 1.26978E-3 5.75789E-4 5.4249E-4 6.06773E-4 7.02835E-4 7.12771E-4 7.36611E-4 7.93019E-4 5.69162E-4
7.99666E-4 8.49158E-4 1.07555E-3 7.15064E-4 7.08614E-4 5.88132E-4 9.0818E-4 1.0913E-3 7.4675E-4 6.32121E-4 8.16519E-4 8.37427E-4 1.09144E-3 1.04543E-3 7.41136E-4 6.35388E-4 7.04585E-4 8.67952E-4 6.98623E-4 7.83506E-4 7.887E-4 6.99149E-4 7.59068E-4 1.0287E-3 8.71756E-4 6.39144E-4 5.55787E-4 5.11497E-4 5.52945E-4 6.77345E-4 5.37468E-4 5.36699E-4 4.84918E-4 4.91901E-4 5.01375E-4 5.70865E-4 5.57878E-4 7.50974E-4 6.15584E-4 6.16426E-4 6.19432E-4 9.35969E-4 1.53138E-3 1.15199E-3 8.51137E-4 7.24366E-4 1.07437E-3 6.65524E-4 6.57712E-4 6.55425E-4 5.4447E-4 6.35714E-4 6.24043E-4 6.20336E-4 6.60335E-4 6.60271E-4 6.89191E-4 7.72074E-4 7.42813E-4 7.09015E-4 6.23685E-4
7.3702E-4 7.18283E-4 7.29711E-4 7.12547E-4 5.81385E-4 7.84535E-4 7.70235E-4 1.07197E-3 1.02694E-3 9.24741E-4 7.44343E-4 9.32542E-4 1.11899E-3 9.55831E-4 6.51997E-4 6.37923E-4 6.9308E-4 9.82005E-4 7.50109E-4 9.71109E-4 1.09394E-3 7.44509E-4 7.81079E-4 8.66613E-4 8.86794E-4 5.13155E-4 4.6606E-4 4.99064E-4 5.2165E-4 5.37084E-4 5.18142E-4 5.19465E-4 5.47791E-4 8.65998E-4 6.38407E-4 9.39496E-4 8.07349E-4 1.113E-3 1.05247E-3 1.23131E-3 7.51056E-4 7.59146E-4 7.45194E-4 6.75353E-4 6.87385E-4 6.54188E-4 7.54066E-4 7.14284E-4 8.19997E-4 6.31004E-4 6.59359E-4 6.43356E-4 6.01258E-4 7.40761E-4 9.35801E-4 7.20798E-4 7.01849E-4 7.32101E-4 7.18892E-4 6.84015E-4 6.44191E-4
7.75432E-4 8.04072E-4 1.03928E-3 7.46708E-4 8.43096E-4 6.04409E-4 5.9994E-4 6.96108E-4 9.70072E-4 1.00663E-3 6.57299E-4 8.4952E-4 1.29073E-3 8.56658E-4 6.59484E-4 6.67423E-4 9.20958E-4 1.03237E-3 6.47957E-4 9.67393E-4 1.26232E-3 1.10721E-3 9.74058E-4 6.79754E-4 5.10099E-4 5.18962E-4 6.03271E-4 5.21364E-4 5.35324E-4 5.3227E-4 5.70813E-4 6.13983E-4 5.85364E-4 5.80274E-4 5.57339E-4 7.63298E-4 7.59584E-4 1.10652E-3 1.11541E-3 1.13357E-3 8.81085E-4 7.75552E-4 5.57967E-4 6.98794E-4 7.68743E-4 6.71035E-4 7.15907E-4 7.30053E-4 7.11113E-4 6.9071E-4 7.31655E-4 7.39682E-4 6.91521E-4 7.38403E-4 7.13313E-4 7.12364E-4 8.51686E-4 8.35034E-4 7.21128E-4 6.38002E-4 6.35222E-4
7.98108E-4 7.72133E-4 1.08436E-3 8.19746E-4 7.84516E-4 7.0892E-4 6.70231E-4 5.6017E-4 6.27942E-4 7.49196E-4 8.13533E-4 6.7319E-4 1.17788E-3 8.40479E-4 6.06127E-4 5.9778E-4 6.95793E-4 1.11718E-3 6.4512E-4 6.60752E-4 6.77151E-4 7.4526E-4 8.34939E-4 7.84658E-4 7.2461E-4 5.64606E-4 5.37976E-4 5.79579E-4 1.10767E-3 9.49967E-4 1.14313E-3 1.07501E-3 7.00214E-4 6.95765E-4 6.52799E-4 5.88344E-4 5.99345E-4 6.38404E-4 6.0844E-4 7.81955E-4 9.73236E-4 6.94021E-4 7.1071E-4 6.9925E-4 8.3324E-4 7.5485E-4 8.64115E-4 8.25555E-4 6.82406E-4 7.03781E-4 7.44905E-4 8.47522E-4 9.01495E-4 9.51289E-4 7.72967E-4 6.9071E-4 6.85394E-4 7.2907E-4 7.14852E-4 6.68826E-4 6.14382E-4
8.0502E-4 1.11024E-3 1.15503E-3 8.31093E-4 8.60826E-4 1.00399E-3 6.13486E-4 5.9256E-4 6.32742E-4 6.9133E-4 7.72454E-4 7.9318E-4 9.54969E-4 7.61779E-4 6.22639E-4 6.30029E-4 6.64126E-4 9.12691E-4 1.14121E-3 1.01264E-3 8.43813E-4 9.52045E-4 1.23641E-3 1.01531E-3 1.05746E-3 1.07763E-3 6.39171E-4 5.46494E-4 6.27141E-4 6.21888E-4 1.14273E-3 8.84478E-4 6.97906E-4 7.33862E-4 7.28722E-4 7.11412E-4 6.54319E-4 6.0042E-4 5.91001E-4 5.90992E-4 5.95888E-4 6.31778E-4 7.0543E-4 7.00499E-4 7.72064E-4 7.41243E-4 7.58531E-4 7.13542E-4 6.75898E-4 7.24129E-4 8.2691E-4 9.71693E-4 1.11602E-3 9.23469E-4 6.79307E-4 5.44798E-4 6.54593E-4 6.6279E-4 7.18823E-4 5.93195E-4 5.63582E-4
1.31835E-3 1.28941E-3 9.77151E-4 7.47688E-4 8.16241E-4 8.39346E-4 5.28902E-4 5.75196E-4 6.41362E-4 7.42395E-4 7.16054E-4 9.9961E-4 1.13906E-3 9.22384E-4 6.10799E-4 8.07185E-4 8.31424E-4 6.77936E-4 9.35887E-4 1.30737E-3 1.19051E-3 8.33232E-4 1.00752E-3 6.25943E-4 5.70185E-4 7.22409E-4 6.90545E-4 6.48019E-4 5.7959E-4 5.95485E-4 5.86154E-4 6.88393E-4 6.96826E-4 7.87177E-4 7.87044E-4 7.75194E-4 7.77495E-4 7.27525E-4 6.56725E-4 6.33331E-4 6.54751E-4 6.65837E-4 7.5809E-4 7.25252E-4 7.58314E-4 6.70793E-4 6.69217E-4 7.04672E-4 6.61881E-4 7.01005E-4 6.84817E-4 6.67421E-4 1.2136E-3 6.05936E-4 4.80685E-4 5.6339E-4 6.75082E-4 6.10303E-4 5.81524E-4 5.93338E-4 6.16723E-4
1.0126E-3 1.03375E-3 8.45493E-4 6.82487E-4 7.76524E-4 6.04734E-4 5.20223E-4 5.58597E-4 6.26862E-4 6.32264E-4 6.04419E-4 5.92868E-4 8.11673E-4 9.92794E-4 7.75874E-4 1.13234E-3 1.08753E-3 1.05891E-3 6.43041E-4 7.67526E-4 1.14585E-3 1.0513E-3 7.29231E-4 6.63148E-4 7.46741E-4 6.61094E-4 7.0247E-4 6.38833E-4 6.55215E-4 6.78626E-4 7.2504E-4 8.14188E-4 8.04958E-4 7.97211E-4 8.12061E-4 8.18696E-4 8.13098E-4 8.08729E-4 7.09881E-4 6.6592E-4 6.70864E-4 6.60271E-4 7.02982E-4 7.30259E-4 6.78889E-4 7.01545E-4 6.23349E-4 6.46741E-4 6.54409E-4 6.31488E-4 6.25436E-4 6.21036E-4 5.3455E-4 4.83873E-4 4.94892E-4 5.56915E-4 6.17436E-4 6.79703E-4 5.9056E-4 5.55376E-4 8.69116E-4
8.12346E-4 9.91229E-4 9.69451E-4 6.72898E-4 7.60275E-4 7.63786E-4 5.90421E-4 5.19823E-4 6.4213E-4 6.43239E-4 6.79474E-4 5.6948E-4 5.8202E-4 8.27774E-4 1.10394E-3 1.21602E-3 1.22748E-3 1.06771E-3 8.77918E-4 6.87214E-4 8.67231E-4 1.39515E-3 8.66374E-4 1.03749E-3 8.429E-4 6.10906E-4 7.93627E-4 7.3351E-4 6.13745E-4 7.28028E-4 7.89253E-4 8.44824E-4 8.2087E-4 8.29611E-4 8.02987E-4 7.53608E-4 8.07429E-4 8.09682E-4 7.66329E-4 7.33005E-4 6.94587E-4 6.60214E-4 6.84919E-4 7.51759E-4 6.66541E-4 6.88456E-4 6.122E-4 6.32337E-4 6.2503E-4 5.9567E-4 6.5749E-4 5.32034E-4 4.88565E-4 4.99866E-4 5.43769E-4 6.60847E-4 6.1781E-4 5.50523E-4 5.69609E-4 5.24385E-4 5.87914E-4
9.07468E-4 1.00819E-3 7.66375E-4 6.81804E-4 8.43353E-4 9.02994E-4 7.00527E-4 5.73711E-4 6.37341E-4 5.35751E-4 6.79634E-4 7.14266E-4 5.74063E-4 5.81273E-4 7.29195E-4 7.46548E-4 6.38676E-4 6.94605E-4 7.30213E-4 7.48497E-4 8.53403E-4 9.78746E-4 7.68017E-4 8.69718E-4 6.44449E-4 6.97323E-4 6.65563E-4 8.05167E-4 7.2839E-4 6.584E-4 7.76507E-4 8.63725E-4 8.33141E-4 8.54089E-4 7.56814E-4 7.45189E-4 7.46898E-4 7.50837E-4 7.39441E-4 7.47554E-4 7.19991E-4 6.77538E-4 6.3603E-4 6.96362E-4 6.03726E-4 6.55541E-4 6.10602E-4 5.55306E-4 5.76075E-4 5.68418E-4 6.03998E-4 4.97737E-4 5.54704E-4 7.51455E-4 5.75593E-4 5.94916E-4 6.32799E-4 6.13592E-4 5.2333E-4 5.11567E-4 5.7481E-4
6.56555E-4 6.1081E-4 8.47249E-4 8.02696E-4 8.17175E-4 7.91076E-4 1.0988E-3 8.38014E-4 5.58236E-4 4.8982E-4 6.37677E-4 8.25568E-4 5.71167E-4 5.59603E-4 6.14817E-4 6.23889E-4 5.8748E-4 5.78349E-4 7.79396E-4 8.97587E-4 1.06906E-3 8.79638E-4 1.06887E-3 1.17633E-3 5.92498E-4 6.43783E-4 7.07007E-4 6.75788E-4 7.81281E-4 6.5477E-4 7.56101E-4 6.64432E-4 7.99636E-4 8.23628E-4 7.30878E-4 7.64112E-4 7.55576E-4 7.25496E-4 7.61419E-4 7.12984E-4 7.25778E-4 6.63603E-4 6.17494E-4 6.48993E-4 5.90315E-4 6.26072E-4 6.34603E-4 5.54726E-4 5.49992E-4 5.25935E-4 5.97178E-4 4.73357E-4 4.98945E-4 4.88364E-4 5.74618E-4 5.20518E-4 5.1089E-4 5.27914E-4 5.00531E-4 5.1562E-4 5.44426E-4
1.18615E-3 9.09244E-4 1.09901E-3 8.60897E-4 9.50375E-4 7.38962E-4 8.80126E-4 1.00322E-3 6.20201E-4 4.7059E-4 6.54681E-4 7.37114E-4 5.8164E-4 6.09142E-4 5.87379E-4 6.12633E-4 6.30308E-4 6.64416E-4 7.74811E-4 9.22185E-4 1.29407E-3 9.87086E-4 8.63353E-4 7.51047E-4 6.33812E-4 6.08393E-4 6.31758E-4 6.57102E-4 6.27835E-4 7.21925E-4 7.57109E-4 6.35064E-4 7.26339E-4 8.02176E-4 8.05225E-4 7.39632E-4 7.18042E-4 7.18514E-4 7.36874E-4 7.34941E-4 7.0275E-4 6.8165E-4 6.45463E-4 5.93923E-4 5.83903E-4 6.49564E-4 6.07809E-4 5.79563E-4 5.00814E-4 5.05915E-4 5.53075E-4 4.61248E-4 5.08045E-4 5.6366E-4 5.16435E-4 4.67408E-4 4.78516E-4 5.25838E-4 5.3239E-4 4.56183E-4 5.20059E-4
1.23673E-3 1.23585E-3 9.94539E-4 7.60253E-4 8.62522E-4 7.49569E-4 6.5773E-4 7.40309E-4 5.52368E-4 5.10973E-4 7.46187E-4 5.18034E-4 4.96669E-4 5.8735E-4 7.32011E-4 5.95983E-4 6.061E-4 6.75924E-4 6.98573E-4 8.32817E-4 9.25322E-4 9.26553E-4 5.75591E-4 6.81984E-4 7.20484E-4 7.03618E-4 7.03112E-4 6.7975E-4 6.35655E-4 6.17837E-4 6.27924E-4 7.19729E-4 7.08438E-4 6.85733E-4 8.43287E-4 8.39135E-4 7.37236E-4 6.9202E-4 6.899E-4 6.36745E-4 6.28392E-4 6.87434E-4 7.00194E-4 5.68329E-4 6.00465E-4 5.9444E-4 5.85975E-4 5.52258E-4 5.03344E-4 4.91468E-4 5.15667E-4 4.6575E-4 4.84263E-4 5.29598E-4 4.95528E-4 4.5013E-4 4.52046E-4 5.32515E-4 5.17703E-4 4.58233E-4 4.93082E-4
7.1619E-4 1.01193E-3 1.13674E-3 7.9413E-4 8.16268E-4 9.21839E-4 6.90711E-4 5.06641E-4 6.64819E-4 7.20113E-4 8.52613E-4 4.75515E-4 4.61286E-4 5.89311E-4 8.36694E-4 7.2299E-4 5.93295E-4 6.94888E-4 8.91885E-4 8.41744E-4 7.14886E-4 8.24535E-4 7.22687E-4 5.90491E-4 6.46267E-4 7.01082E-4 6.8175E-4 6.58169E-4 6.9382E-4 6.42586E-4 6.34231E-4 6.1381E-4 6.99121E-4 6.59394E-4 6.76672E-4 6.9304E-4 6.98925E-4 7.32676E-4 7.30396E-4 6.9567E-4 6.58927E-4 5.64362E-4 6.09113E-4 5.58425E-4 5.62809E-4 5.64729E-4 5.39258E-4 5.53718E-4 4.84497E-4 4.87185E-4 5.07616E-4 4.67783E-4 5.40286E-4 5.311E-4 4.87982E-4 4.52745E-4 4.5214E-4 5.00598E-4 5.15441E-4 4.97202E-4 4.43924E-4
6.88777E-4 9.14169E-4 7.10307E-4 9.3094E-4 8.94452E-4 1.02781E-3 9.7242E-4 4.56508E-4 5.00773E-4 6.91809E-4 7.55947E-4 4.49963E-4 4.01285E-4 6.21882E-4 9.23564E-4 7.32806E-4 6.23789E-4 7.28761E-4 1.04568E-3 9.04818E-4 4.3843E-4 6.57301E-4 7.24374E-4 5.40858E-4 5.57369E-4 6.57477E-4 6.41898E-4 6.32217E-4 6.79082E-4 6.92658E-4 6.7677E-4 6.17711E-4 6.69784E-4 6.82175E-4 6.66097E-4 6.6333E-4 6.16591E-4 6.34467E-4 6.23948E-4 6.60342E-4 6.63131E-4 6.07419E-4 5.9836E-4 5.90755E-4 5.55369E-4 5.52043E-4 5.25769E-4 5.41679E-4 5.04974E-4 5.52279E-4 4.60186E-4 4.47893E-4 4.74134E-4 4.8283E-4 5.00696E-4 4.48997E-4 4.33473E-4 4.42007E-4 4.93124E-4 4.67076E-4 4.44553E-4
6.5827E-4 7.27514E-4 5.77589E-4 9.74304E-4 1.07315E-3 9.28784E-4 8.73274E-4 4.25631E-4 4.74995E-4 7.65012E-4 8.21909E-4 5.01222E-4 4.27067E-4 6.69039E-4 1.03872E-3 7.9949E-4 6.33704E-4 7.99253E-4 8.15027E-4 7.8129E-4 4.32977E-4 5.59725E-4 6.41753E-4 5.60838E-4 5.94114E-4 5.67977E-4 5.4897E-4 5.86554E-4 6.74819E-4 6.47685E-4 6.64151E-4 6.56461E-4 6.18388E-4 5.5805E-4 5.80174E-4 5.298E-4 5.40895E-4 5.94999E-4 5.91278E-4 5.93804E-4 6.08153E-4 5.96563E-4 5.68226E-4 5.70671E-4 5.85382E-4 5.46554E-4 5.15015E-4 4.85512E-4 4.84805E-4 5.35045E-4 4.92359E-4 4.4406E-4 4.32516E-4 4.69687E-4 4.89576E-4 4.47053E-4 4.26559E-4 4.50785E-4 4.8505E-4 4.42545E-4 4.43051E-4
6.82407E-4 6.40632E-4 7.1198E-4 1.16734E-3 1.20812E-3 6.92314E-4 1.10624E-3 5.07752E-4 5.24196E-4 7.5539E-4 9.83432E-4 5.20837E-4 3.87866E-4 5.8965E-4 8.82417E-4 8.99269E-4 6.74496E-4 8.78046E-4 8.67561E-4 5.9447E-4 5.54456E-4 5.87309E-4 6.47233E-4 6.53767E-4 6.75261E-4 6.73575E-4 5.67055E-4 5.16171E-4 6.49414E-4 6.55319E-4 6.13569E-4 6.46844E-4 6.40147E-4 6.07719E-4 5.89512E-4 5.37654E-4 6.04565E-4 5.81945E-4 5.96509E-4 6.09166E-4 6.06755E-4 5.87785E-4 5.68514E-4 6.15191E-4 6.44612E-4 6.26128E-4 5.35831E-4 5.53919E-4 5.10236E-4 5.43039E-4 5.22427E-4 5.00574E-4 4.24429E-4 4.5368E-4 4.73452E-4 4.33526E-4 4.31219E-4 4.22459E-4 4.31275E-4 4.46971E-4 4.50144E-4
6.57927E-4 7.0512E-4 7.79588E-4 6.89255E-4 5.66823E-4 7.89484E-4 7.87409E-4 4.74139E-4 9.77801E-4 8.20918E-4 8.52085E-4 4.59191E-4 4.63211E-4 6.41487E-4 8.21376E-4 8.53666E-4 7.42589E-4 8.61025E-4 6.43275E-4 6.05185E-4 5.63006E-4 5.93734E-4 6.03148E-4 6.61913E-4 6.95519E-4 6.61787E-4 6.05658E-4 5.44527E-4 5.91469E-4 6.25735E-4 6.03508E-4 6.32544E-4 6.5665E-4 6.34794E-4 5.80978E-4 5.32784E-4 5.11648E-4 4.97962E-4 5.06176E-4 5.84958E-4 5.89754E-4 5.94196E-4 6.2199E-4 6.11099E-4 5.80206E-4 5.84097E-4 5.62482E-4 5.15946E-4 5.0696E-4 4.69354E-4 4.53005E-4 4.6712E-4 4.45284E-4 4.50807E-4 4.32203E-4 4.44513E-4 4.3255E-4 4.27174E-4 4.2131E-4 4.34443E-4 4.50385E-4
6.47136E-4 6.96877E-4 7.15748E-4 6.7495E-4 6.40967E-4 5.90037E-4 6.09279E-4 8.9376E-4 1.14426E-3 9.62549E-4 8.00229E-4 4.3553E-4 5.34746E-4 7.09756E-4 8.63771E-4 8.23563E-4 9.71499E-4 8.17722E-4 5.89983E-4 6.53666E-4 7.74495E-4 5.43888E-4 6.00921E-4 5.98556E-4 6.21102E-4 6.00418E-4 6.19211E-4 5.85681E-4 5.83643E-4 6.13639E-4 5.81818E-4 5.75532E-4 6.00039E-4 6.12365E-4 5.8493E-4 5.5843E-4 5.9648E-4 5.76315E-4 5.11965E-4 4.99863E-4 5.97193E-4 6.02262E-4 6.12432E-4 5.97317E-4 5.67592E-4 5.90185E-4 5.43778E-4 5.93111E-4 5.73695E-4 4.97249E-4 4.60625E-4 4.52484E-4 4.45474E-4 4.55152E-4 4.11191E-4 4.02168E-4 3.85565E-4 3.85397E-4 4.1023E-4 4.33945E-4 4.25879E-4
6.40955E-4 7.01147E-4 6.6962E-4 6.74968E-4 6.90833E-4 7.15032E-4 7.22158E-4 1.25823E-3 1.09112E-3 8.30822E-4 6.06159E-4 4.2741E-4 6.2666E-4 8.47334E-4 9.05529E-4 7.07786E-4 1.05526E-3 7.53011E-4 5.95655E-4 4.89436E-4 7.05244E-4 5.44299E-4 5.51317E-4 5.46055E-4 5.90953E-4 5.9462E-4 6.59182E-4 6.30017E-4 6.07463E-4 5.78483E-4 5.88895E-4 5.84034E-4 5.7042E-4 5.66606E-4 5.61263E-4 5.06381E-4 5.06976E-4 5.15485E-4 6.42991E-4 6.3241E-4 6.08261E-4 6.11452E-4 5.7275E-4 5.69419E-4 5.73517E-4 6.32659E-4 6.30615E-4 5.87499E-4 5.01777E-4 4.77769E-4 4.84638E-4 4.90019E-4 4.61508E-4 4.58952E-4 4.62973E-4 4.6341E-4 4.33084E-4 4.19448E-4 4.29121E-4 4.23224E-4 4.92531E-4
6.92286E-4 7.31386E-4 6.92564E-4 7.12633E-4 7.17059E-4 8.85944E-4 6.2676E-4 1.06883E-3 1.2671E-3 9.51983E-4 6.20821E-4 4.27501E-4 6.60615E-4 8.46245E-4 1.24465E-3 8.04487E-4 9.86681E-4 6.23323E-4 6.41705E-4 5.60921E-4 6.92513E-4 6.17996E-4 6.14685E-4 6.14543E-4 5.9353E-4 5.91303E-4 5.88684E-4 6.53266E-4 6.12584E-4 6.0387E-4 5.88037E-4 5.76693E-4 5.72503E-4 5.34791E-4 5.28121E-4 5.07716E-4 5.23519E-4 6.18855E-4 6.20663E-4 6.45153E-4 6.18441E-4 5.85679E-4 5.86188E-4 6.24063E-4 5.89367E-4 6.38986E-4 6.15249E-4 5.55554E-4 5.46729E-4 5.4717E-4 5.71127E-4 4.91812E-4 4.77726E-4 4.57322E-4 5.15989E-4 4.70915E-4 4.29531E-4 4.42396E-4 4.59807E-4 4.55436E-4 4.70875E-4
7.24126E-4 7.76298E-4 6.87659E-4 6.99777E-4 7.29896E-4 7.49533E-4 6.775E-4 8.87382E-4 7.93786E-4 1.2271E-3 9.47742E-4 4.5928E-4 7.12526E-4 8.47382E-4 1.18728E-3 9.29664E-4 9.19112E-4 6.50881E-4 6.42726E-4 6.03462E-4 6.40466E-4 6.16796E-4 6.3281E-4 6.42007E-4 6.312E-4 5.76155E-4 5.7408E-4 5.94543E-4 5.96376E-4 5.63055E-4 5.72668E-4 5.75013E-4 5.77367E-4 5.48778E-4 5.29121E-4 5.41143E-4 5.0077E-4 5.38478E-4 6.6342E-4 6.29017E-4 5.90653E-4 5.10055E-4 6.18817E-4 6.04913E-4 6.28108E-4 6.323E-4 5.55554E-4 5.66309E-4 6.27513E-4 5.79223E-4 5.66977E-4 4.76732E-4 4.49065E-4 4.86849E-4 5.25947E-4 4.72339E-4 4.73867E-4 5.38169E-4 5.56284E-4 5.5438E-4 5.02178E-4
7.75036E-4 8.04048E-4 6.93459E-4 6.84601E-4 6.98397E-4 7.5404E-4 7.36664E-4 7.24291E-4 7.4884E-4 8.47631E-4 8.22011E-4 5.45869E-4 7.85159E-4 9.33807E-4 1.20832E-3 7.19996E-4 7.12197E-4 5.24489E-4 7.21261E-4 5.10125E-4 5.66126E-4 6.25738E-4 6.50242E-4 6.94554E-4 6.31025E-4 6.08039E-4 5.5688E-4 5.54671E-4 5.75013E-4 5.81845E-4 5.93761E-4 5.83803E-4 5.95495E-4 5.79054E-4 5.16605E-4 5.20998E-4 5.30779E-4 5.54419E-4 6.5795E-4 6.45458E-4 5.61449E-4 5.39809E-4 6.17636E-4 6.59739E-4 6.31324E-4 5.97791E-4 6.30971E-4 6.45968E-4 6.68619E-4 6.21647E-4 5.53405E-4 4.78562E-4 4.90107E-4 6.04143E-4 7.01142E-4 6.68296E-4 6.92718E-4 4.77857E-4 6.90614E-4 5.8611E-4 5.43214E-4
7.59209E-4 8.06332E-4 6.83552E-4 6.95261E-4 7.16342E-4 7.06055E-4 7.79272E-4 7.54877E-4 7.0689E-4 7.33934E-4 6.56213E-4 7.31187E-4 9.0194E-4 9.33198E-4 1.16002E-3 6.73133E-4 6.05172E-4 5.35676E-4 5.81508E-4 5.83952E-4 5.36252E-4 5.52889E-4 6.15591E-4 6.51218E-4 6.74278E-4 6.77227E-4 6.18986E-4 5.73084E-4 5.62126E-4 5.75079E-4 6.25466E-4 6.25466E-4 5.66906E-4 5.28968E-4 5.18723E-4 5.12519E-4 5.25035E-4 5.46391E-4 5.71897E-4 5.77396E-4 6.68995E-4 6.29844E-4 6.58983E-4 6.58572E-4 6.43784E-4 6.2476E-4 6.54071E-4 6.55545E-4 5.74874E-4 5.50908E-4 5.28375E-4 5.41109E-4 7.22085E-4 8.12169E-4 7.41219E-4 6.25166E-4 5.82036E-4 4.56406E-4 3.75295E-4 5.30098E-4 5.79185E-4
7.50171E-4 7.23991E-4 7.18492E-4 7.30211E-4 7.62117E-4 7.341E-4 7.29948E-4 7.75001E-4 7.58095E-4 7.57585E-4 7.70375E-4 9.58446E-4 8.82472E-4 1.05261E-3 9.88341E-4 6.82033E-4 5.55228E-4 4.94931E-4 6.01245E-4 5.71254E-4 5.90349E-4 5.58395E-4 5.76973E-4 5.6994E-4 6.08573E-4 5.97465E-4 5.83356E-4 5.92372E-4 5.16495E-4 5.45553E-4 6.09333E-4 6.12941E-4 5.42169E-4 5.36816E-4 5.25158E-4 5.30504E-4 5.30618E-4 5.64797E-4 5.80587E-4 6.06735E-4 6.93491E-4 6.67064E-4 6.67827E-4 6.43983E-4 6.27043E-4 6.83306E-4 6.89631E-4 6.55899E-4 6.09914E-4 5.51903E-4 5.86581E-4 7.62131E-4 7.78514E-4 7.42335E-4 7.21147E-4 8.05032E-4 5.69427E-4 6.0591E-4 4.54569E-4 4.21549E-4 7.18216E-4
6.34631E-4 7.66925E-4 7.70746E-4 8.14216E-4 7.58323E-4 7.03734E-4 7.07325E-4 7.45213E-4 7.54459E-4 7.48291E-4 8.20731E-4 7.87196E-4 8.40929E-4 8.5514E-4 5.37007E-4 6.27516E-4 5.3737E-4 5.37686E-4 5.67724E-4 5.72611E-4 5.87225E-4 5.96259E-4 5.80342E-4 5.66953E-4 5.76112E-4 5.68769E-4 6.03482E-4 5.7567E-4 5.47454E-4 5.50599E-4 6.01822E-4 5.93234E-4 5.4582E-4 5.38229E-4 5.22369E-4 5.43799E-4 5.27938E-4 5.59554E-4 5.75552E-4 5.94708E-4 7.37113E-4 6.29035E-4 6.02903E-4 6.60881E-4 6.47412E-4 6.80323E-4 6.72432E-4 6.53988E-4 6.03919E-4 6.08138E-4 7.0951E-4 8.5826E-4 7.87536E-4 6.03435E-4 5.52766E-4 7.46257E-4 8.20908E-4 8.21968E-4 4.4398E-4 4.8336E-4 5.85128E-4
