Artocarpus hirsutus SDM files/Last interglacial/results (without bias file)/Arthir_3.asc
ncols         625
nrows         721
xllcorner     69.99986311115
yllcorner     5.99986151914999
cellsize      0.041666667
NODATA_value  -9999
[rows 621 to 647 of 721, columns 183 to 243 of 625]
3.78926E-2 3.03363E-2 2.47743E-2 1.43644E-2 1.8177E-2 1.29608E-2 1.01767E-2 8.36825E-3 1.61395E-2 2.03161E-2 1.03064E-2 1.04277E-2 8.39278E-3 7.8606E-3 9.3791E-3 9.92441E-3 7.04039E-3 6.54531E-3 6.81621E-3 7.04167E-3 7.45169E-3 6.13012E-3 6.06126E-3 6.01626E-3 6.47221E-3 5.58421E-3 5.51047E-3 4.70404E-3 4.75954E-3 4.58342E-3 3.77394E-3 3.98638E-3 4.06524E-3 3.23722E-3 3.13208E-3 2.57894E-3 2.25341E-3 1.69703E-3 1.18474E-3 -9999 -9999 -9999 -9999 -9999 -9999 -9999 -9999 -9999 -9999 -9999 -9999 -9999 -9999 -9999 -9999 -9999 -9999 -9999 -9999 -9999 -9999
3.23728E-2 3.04416E-2 2.31354E-2 1.5667E-2 1.59518E-2 1.38321E-2 1.16593E-2 9.27382E-3 9.85274E-3 1.06162E-2 1.27205E-2 9.16392E-3 7.13616E-3 8.29253E-3 1.14885E-2 1.06797E-2 8.71404E-3 7.05133E-3 6.85247E-3 7.30647E-3 7.57889E-3 7.81453E-3 6.11565E-3 6.04922E-3 5.16671E-3 5.83361E-3 5.8147E-3 5.0354E-3 5.11278E-3 4.99629E-3 4.01482E-3 4.08118E-3 3.30905E-3 3.4491E-3 3.30949E-3 2.563E-3 1.96345E-3 1.70803E-3 1.27163E-3 -9999 -9999 -9999 -9999 -9999 -9999 -9999 -9999 -9999 -9999 -9999 -9999 -9999 -9999 -9999 -9999 -9999 -9999 -9999 -9999 -9999 -9999
3.27307E-2 2.76593E-2 2.59588E-2 2.27442E-2 1.84328E-2 1.69031E-2 1.41779E-2 1.16089E-2 1.18489E-2 1.21386E-2 1.16353E-2 1.02134E-2 8.46238E-3 9.16134E-3 1.01329E-2 9.6209E-3 8.97602E-3 6.96349E-3 7.17051E-3 7.00849E-3 7.20005E-3 6.05885E-3 6.23292E-3 6.04534E-3 6.26775E-3 5.56586E-3 5.94691E-3 4.9037E-3 5.00331E-3 4.94711E-3 4.06548E-3 3.99408E-3 3.28415E-3 3.52271E-3 2.85908E-3 2.55268E-3 2.00245E-3 1.47406E-3 1.25253E-3 -9999 -9999 -9999 -9999 -9999 -9999 -9999 -9999 -9999 -9999 -9999 -9999 -9999 -9999 -9999 -9999 -9999 -9999 -9999 -9999 -9999 -9999
2.99653E-2 3.42016E-2 4.02404E-2 3.11131E-2 2.39612E-2 1.77813E-2 1.75262E-2 1.41681E-2 1.3402E-2 1.04023E-2 1.04956E-2 1.15649E-2 1.0484E-2 1.08982E-2 9.03317E-3 9.86736E-3 9.37852E-3 7.46214E-3 7.91671E-3 7.74153E-3 7.70499E-3 7.8681E-3 6.27511E-3 6.31313E-3 6.50162E-3 5.13484E-3 5.82546E-3 5.78573E-3 4.81187E-3 4.82896E-3 4.01564E-3 4.07801E-3 3.45624E-3 3.53119E-3 2.82455E-3 2.74606E-3 2.05162E-3 1.46037E-3 1.36796E-3 1.00342E-3 -9999 -9999 -9999 -9999 -9999 -9999 -9999 -9999 -9999 -9999 -9999 -9999 -9999 -9999 -9999 -9999 -9999 -9999 -9999 -9999 -9999
3.6336E-2 4.24173E-2 2.76707E-2 3.13471E-2 2.35373E-2 1.7543E-2 1.56391E-2 1.68408E-2 1.65648E-2 1.4314E-2 1.06389E-2 1.10094E-2 1.0436E-2 1.08024E-2 8.91497E-3 8.97582E-3 9.10003E-3 9.15147E-3 7.50456E-3 8.27156E-3 7.38624E-3 7.68173E-3 6.55002E-3 6.62904E-3 6.63934E-3 5.42911E-3 5.43025E-3 4.6668E-3 4.82837E-3 3.89629E-3 3.98663E-3 3.30143E-3 3.20814E-3 2.84575E-3 2.83533E-3 2.28763E-3 2.02165E-3 1.6153E-3 1.49858E-3 -9999 -9999 -9999 -9999 -9999 -9999 -9999 -9999 -9999 -9999 -9999 -9999 -9999 -9999 -9999 -9999 -9999 -9999 -9999 -9999 -9999 -9999
4.62005E-2 6.18285E-2 4.97207E-2 3.2653E-2 2.54996E-2 2.37684E-2 1.64538E-2 1.50246E-2 1.66202E-2 1.86743E-2 1.54716E-2 1.12921E-2 1.12894E-2 9.29113E-3 8.61625E-3 8.98424E-3 9.2533E-3 8.60078E-3 6.908E-3 8.0592E-3 8.04274E-3 7.94308E-3 6.22093E-3 6.07715E-3 6.65862E-3 5.71418E-3 5.76563E-3 4.59066E-3 4.85348E-3 4.03241E-3 3.96464E-3 3.39063E-3 3.29453E-3 2.69877E-3 2.31556E-3 2.21406E-3 1.72112E-3 1.66074E-3 -9999 -9999 -9999 -9999 -9999 -9999 -9999 -9999 -9999 -9999 -9999 -9999 -9999 -9999 -9999 -9999 -9999 -9999 -9999 -9999 -9999 -9999 -9999
3.99445E-2 2.79259E-2 3.29699E-2 2.97354E-2 2.9829E-2 2.55382E-2 1.81702E-2 1.6952E-2 1.69569E-2 1.69913E-2 1.6462E-2 1.24885E-2 1.18824E-2 1.15016E-2 1.13182E-2 8.81039E-3 9.38181E-3 9.22849E-3 7.18182E-3 7.67607E-3 7.84087E-3 6.07694E-3 6.42509E-3 6.4162E-3 5.53941E-3 5.51557E-3 5.5859E-3 4.71171E-3 4.59994E-3 3.78786E-3 3.75673E-3 3.0473E-3 2.47033E-3 2.6417E-3 2.24507E-3 2.13494E-3 1.73544E-3 -9999 -9999 -9999 -9999 -9999 -9999 -9999 -9999 -9999 -9999 -9999 -9999 -9999 -9999 -9999 -9999 -9999 -9999 -9999 -9999 -9999 -9999 -9999 -9999
4.73114E-2 2.93371E-2 3.11548E-2 2.43679E-2 2.66765E-2 2.69349E-2 2.53934E-2 1.86157E-2 1.64031E-2 1.74788E-2 1.69663E-2 1.23451E-2 1.25645E-2 1.2138E-2 1.21779E-2 8.92588E-3 9.31352E-3 9.26791E-3 7.05487E-3 7.74172E-3 8.03032E-3 6.72274E-3 6.23881E-3 6.58187E-3 5.7934E-3 5.83931E-3 5.29325E-3 4.61173E-3 4.51171E-3 3.71404E-3 3.17756E-3 2.92379E-3 2.55968E-3 2.56418E-3 2.03828E-3 1.90139E-3 -9999 -9999 -9999 -9999 -9999 -9999 -9999 -9999 -9999 -9999 -9999 -9999 -9999 -9999 -9999 -9999 -9999 -9999 -9999 -9999 -9999 -9999 -9999 -9999 -9999
4.5675E-2 4.58666E-2 3.8289E-2 2.89621E-2 2.74911E-2 2.61683E-2 2.56372E-2 2.43824E-2 1.77362E-2 1.73094E-2 1.64663E-2 1.79682E-2 1.37668E-2 1.25359E-2 1.30079E-2 9.98249E-3 9.56065E-3 9.62609E-3 7.5066E-3 7.66802E-3 8.30827E-3 8.22227E-3 6.66926E-3 6.82139E-3 7.42879E-3 5.62787E-3 5.53341E-3 4.55124E-3 4.55006E-3 3.90757E-3 3.10989E-3 3.07325E-3 2.53992E-3 2.07783E-3 1.97279E-3 1.6595E-3 -9999 -9999 -9999 -9999 -9999 -9999 -9999 -9999 -9999 -9999 -9999 -9999 -9999 -9999 -9999 -9999 -9999 -9999 -9999 -9999 1.65514E-5 1.32593E-5 9.69843E-6 1.0461E-5 1.26168E-5
6.62426E-2 4.16562E-2 3.83464E-2 3.21587E-2 2.94081E-2 2.83619E-2 2.70792E-2 1.97536E-2 1.88286E-2 1.73182E-2 1.58639E-2 1.6704E-2 1.43789E-2 1.37246E-2 1.32758E-2 1.28671E-2 1.02138E-2 1.0005E-2 7.7191E-3 8.20924E-3 9.11261E-3 7.01648E-3 7.4418E-3 7.37642E-3 5.71717E-3 5.48299E-3 4.46737E-3 4.65056E-3 3.95777E-3 3.91122E-3 3.08591E-3 3.10237E-3 2.51867E-3 1.96851E-3 1.95447E-3 -9999 -9999 -9999 -9999 -9999 -9999 -9999 -9999 -9999 -9999 -9999 -9999 -9999 -9999 -9999 -9999 -9999 -9999 -9999 3.49845E-5 2.65499E-5 2.23391E-5 2.24978E-5 1.69795E-5 1.47633E-5 1.76993E-5
1.069E-1 9.32977E-2 4.76856E-2 5.05632E-2 4.06506E-2 2.97046E-2 2.81841E-2 2.77093E-2 1.96734E-2 1.90307E-2 1.68436E-2 1.63384E-2 1.36308E-2 1.43785E-2 1.37392E-2 1.35743E-2 9.99905E-3 1.0066E-2 1.01633E-2 8.27045E-3 8.84287E-3 6.82682E-3 6.95884E-3 6.79966E-3 5.18118E-3 5.20565E-3 4.2156E-3 4.40447E-3 3.65081E-3 3.55736E-3 3.05221E-3 2.37354E-3 2.36485E-3 1.94557E-3 -9999 -9999 -9999 -9999 -9999 -9999 -9999 -9999 -9999 -9999 -9999 -9999 -9999 -9999 -9999 -9999 -9999 -9999 -9999 4.93965E-5 4.00329E-5 4.09453E-5 3.32274E-5 2.46124E-5 2.28346E-5 1.79764E-5 1.73873E-5
3.408E-2 6.25614E-2 3.31701E-2 3.68135E-2 4.04881E-2 3.16239E-2 2.98963E-2 2.85742E-2 2.14072E-2 1.99938E-2 1.87946E-2 1.70722E-2 1.34624E-2 1.32419E-2 1.41418E-2 1.38319E-2 1.09929E-2 1.03834E-2 8.28565E-3 8.29348E-3 8.63459E-3 6.86104E-3 6.58004E-3 4.95901E-3 5.07152E-3 4.80274E-3 4.05499E-3 3.18981E-3 3.25893E-3 3.23432E-3 2.71689E-3 2.33899E-3 2.14766E-3 1.85206E-3 -9999 -9999 -9999 -9999 -9999 -9999 -9999 -9999 -9999 -9999 -9999 -9999 -9999 -9999 -9999 -9999 -9999 6.64916E-5 -9999 6.01052E-5 4.50316E-5 4.71122E-5 4.73901E-5 3.18912E-5 2.62656E-5 2.15171E-5 1.85277E-5
3.62303E-2 4.27794E-2 3.96598E-2 3.78781E-2 3.46195E-2 3.36326E-2 2.89424E-2 2.90683E-2 2.89754E-2 2.11281E-2 1.91508E-2 1.84103E-2 1.41414E-2 1.37756E-2 1.3869E-2 1.41116E-2 1.08622E-2 1.09495E-2 1.07624E-2 8.58318E-3 9.06898E-3 6.75938E-3 6.07071E-3 5.00729E-3 4.831E-3 4.02428E-3 3.81157E-3 3.65569E-3 3.04392E-3 2.45839E-3 2.47454E-3 2.08192E-3 1.70901E-3 -9999 -9999 -9999 -9999 -9999 -9999 -9999 -9999 -9999 -9999 -9999 -9999 -9999 -9999 -9999 -9999 -9999 -9999 7.6441E-5 -9999 6.53948E-5 5.11945E-5 4.73907E-5 -9999 4.44649E-5 3.39189E-5 2.97815E-5 2.91762E-5
5.65802E-2 5.40973E-2 4.03785E-2 4.07077E-2 4.1298E-2 4.39474E-2 3.18039E-2 2.83473E-2 2.92513E-2 2.18123E-2 2.01636E-2 1.91549E-2 1.5206E-2 1.42775E-2 1.36497E-2 1.47753E-2 1.13591E-2 1.15748E-2 1.13252E-2 9.29366E-3 9.02729E-3 6.59771E-3 6.41823E-3 5.12783E-3 3.98231E-3 3.82839E-3 3.09236E-3 3.00943E-3 2.43708E-3 2.40972E-3 1.98376E-3 1.99281E-3 -9999 -9999 -9999 -9999 -9999 -9999 -9999 -9999 -9999 -9999 -9999 -9999 -9999 -9999 -9999 -9999 -9999 -9999 -9999 8.23647E-5 7.38742E-5 6.51526E-5 6.08086E-5 5.47332E-5 4.97906E-5 4.47549E-5 3.83102E-5 3.12874E-5 3.18626E-5
8.79351E-2 6.99482E-2 5.67214E-2 5.27393E-2 4.07479E-2 3.92518E-2 4.53338E-2 3.01946E-2 2.73001E-2 2.1114E-2 2.35041E-2 2.00702E-2 1.5207E-2 1.47003E-2 1.4358E-2 1.20039E-2 1.14459E-2 1.18964E-2 9.13891E-3 8.94541E-3 8.98629E-3 6.85025E-3 5.20474E-3 4.8413E-3 4.12557E-3 3.93023E-3 3.02715E-3 2.98312E-3 2.41681E-3 2.37348E-3 1.95775E-3 1.63078E-3 -9999 -9999 -9999 -9999 -9999 -9999 -9999 -9999 -9999 -9999 -9999 -9999 -9999 -9999 -9999 -9999 1.36744E-4 -9999 -9999 1.07432E-4 1.01947E-4 6.94123E-5 -9999 -9999 -9999 -9999 4.29712E-5 3.63528E-5 3.10777E-5
8.03903E-2 6.50911E-2 6.16187E-2 5.72877E-2 4.19395E-2 4.01612E-2 4.27467E-2 3.20845E-2 2.69399E-2 2.84767E-2 2.33055E-2 2.26573E-2 1.53856E-2 1.4592E-2 1.38709E-2 1.10582E-2 1.14618E-2 1.22812E-2 9.55381E-3 9.0935E-3 6.98925E-3 6.83787E-3 5.34023E-3 5.06001E-3 3.80059E-3 3.78689E-3 2.99156E-3 2.81363E-3 2.30284E-3 1.83077E-3 1.83642E-3 1.50304E-3 -9999 -9999 -9999 -9999 -9999 -9999 -9999 -9999 -9999 -9999 -9999 -9999 -9999 -9999 -9999 -9999 1.61614E-4 1.3678E-4 1.18085E-4 -9999 -9999 -9999 -9999 -9999 -9999 -9999 -9999 -9999 3.69244E-5
8.49477E-2 6.97163E-2 6.1824E-2 6.16705E-2 4.72573E-2 4.17696E-2 3.22045E-2 3.26972E-2 2.86678E-2 3.06143E-2 2.20358E-2 2.25436E-2 2.09738E-2 1.40917E-2 1.3903E-2 1.1324E-2 1.11213E-2 9.56425E-3 9.30323E-3 9.61616E-3 7.30199E-3 6.75444E-3 5.35503E-3 5.09541E-3 3.9581E-3 3.11556E-3 2.9006E-3 2.24246E-3 1.84677E-3 1.72383E-3 1.36949E-3 -9999 -9999 -9999 -9999 -9999 -9999 -9999 -9999 -9999 -9999 -9999 -9999 -9999 -9999 -9999 -9999 -9999 1.71155E-4 1.6214E-4 1.42943E-4 -9999 -9999 -9999 -9999 -9999 -9999 6.40574E-5 -9999 -9999 -9999
6.94102E-2 8.28882E-2 7.28077E-2 6.4585E-2 5.13088E-2 5.15745E-2 4.35573E-2 3.13805E-2 2.83676E-2 3.06165E-2 2.14887E-2 2.24094E-2 2.28232E-2 1.67372E-2 1.57894E-2 1.18605E-2 1.12736E-2 1.13791E-2 9.16549E-3 9.20967E-3 7.26307E-3 5.87927E-3 5.61629E-3 4.0885E-3 3.79858E-3 3.13218E-3 2.28328E-3 2.16389E-3 1.85083E-3 1.69421E-3 1.27481E-3 1.03135E-3 -9999 -9999 -9999 -9999 -9999 -9999 -9999 -9999 -9999 -9999 -9999 -9999 -9999 -9999 -9999 -9999 -9999 -9999 -9999 -9999 -9999 -9999 -9999 -9999 -9999 -9999 -9999 -9999 5.13954E-5
8.38356E-2 8.01744E-2 6.63793E-2 6.9583E-2 6.20352E-2 4.7944E-2 4.65801E-2 3.33358E-2 3.03454E-2 2.8299E-2 2.24004E-2 2.09755E-2 2.28286E-2 1.70846E-2 1.7746E-2 1.2495E-2 1.24455E-2 1.16347E-2 9.4689E-3 7.72705E-3 7.57551E-3 5.76787E-3 5.20674E-3 4.06736E-3 4.02908E-3 2.8779E-3 2.33308E-3 2.19952E-3 1.73628E-3 1.32854E-3 1.09137E-3 9.96934E-4 -9999 -9999 -9999 -9999 -9999 -9999 -9999 -9999 -9999 -9999 -9999 -9999 -9999 -9999 -9999 -9999 -9999 -9999 -9999 -9999 -9999 -9999 -9999 -9999 -9999 -9999 8.07842E-5 6.1631E-5 5.30808E-5
9.12952E-2 8.52583E-2 6.29277E-2 6.7625E-2 5.00244E-2 4.64231E-2 4.15805E-2 3.13348E-2 3.16079E-2 3.11143E-2 2.2069E-2 2.21967E-2 2.48744E-2 1.78587E-2 1.71316E-2 1.38619E-2 1.33146E-2 1.01269E-2 9.45698E-3 7.8285E-3 5.95425E-3 5.77543E-3 4.41767E-3 4.30465E-3 3.14049E-3 2.93778E-3 2.33735E-3 1.74243E-3 1.76612E-3 1.36002E-3 9.83637E-4 8.64652E-4 8.215E-4 -9999 -9999 -9999 -9999 -9999 -9999 -9999 -9999 -9999 -9999 -9999 -9999 -9999 -9999 -9999 -9999 -9999 -9999 -9999 -9999 -9999 -9999 -9999 -9999 -9999 1.19913E-4 1.12833E-4 8.60516E-5
8.31362E-2 7.89732E-2 5.53442E-2 5.39026E-2 4.0314E-2 3.83071E-2 4.02548E-2 3.7836E-2 3.02376E-2 3.00865E-2 2.15248E-2 2.26273E-2 1.91985E-2 1.86249E-2 1.73766E-2 1.35548E-2 1.31532E-2 1.04014E-2 9.75244E-3 8.13134E-3 6.24854E-3 5.90765E-3 4.58218E-3 3.46325E-3 3.16153E-3 2.37353E-3 2.21667E-3 1.76741E-3 1.44044E-3 1.0613E-3 1.07575E-3 8.91183E-4 7.4196E-4 7.03666E-4 6.0566E-4 -9999 -9999 -9999 -9999 4.63029E-4 4.70657E-4 -9999 -9999 -9999 -9999 -9999 -9999 -9999 -9999 -9999 -9999 -9999 -9999 -9999 -9999 -9999 -9999 -9999 1.8127E-4 1.57334E-4 1.30062E-4
8.78134E-2 6.20394E-2 5.83128E-2 5.34524E-2 5.59976E-2 5.60345E-2 4.07832E-2 3.88855E-2 2.7612E-2 2.14877E-2 2.1252E-2 2.14357E-2 1.83489E-2 1.71728E-2 1.35958E-2 1.35966E-2 1.34337E-2 9.97862E-3 8.23044E-3 7.32604E-3 6.02983E-3 4.70283E-3 4.28019E-3 3.32147E-3 2.69196E-3 2.33947E-3 1.80872E-3 1.58176E-3 1.37035E-3 1.25205E-3 1.02029E-3 1.00428E-3 8.58168E-4 7.18849E-4 6.94851E-4 6.10489E-4 5.34664E-4 6.04595E-4 5.20769E-4 5.45813E-4 4.26966E-4 -9999 -9999 -9999 -9999 -9999 -9999 -9999 -9999 -9999 -9999 -9999 -9999 -9999 -9999 -9999 1.63564E-4 1.55452E-4 -9999 1.79743E-4 1.36765E-4
8.41836E-2 6.72057E-2 6.35414E-2 5.67264E-2 5.88768E-2 4.09034E-2 3.71104E-2 2.69889E-2 2.72049E-2 1.97309E-2 1.97054E-2 2.06963E-2 1.73568E-2 1.72333E-2 1.64853E-2 1.25465E-2 1.0079E-2 9.81089E-3 7.72925E-3 6.19938E-3 5.57572E-3 4.52738E-3 3.51675E-3 3.25896E-3 2.56213E-3 2.35297E-3 1.81397E-3 1.49214E-3 1.51221E-3 1.31007E-3 1.09079E-3 -9999 -9999 -9999 -9999 -9999 -9999 -9999 5.92695E-4 5.40147E-4 4.89113E-4 4.91717E-4 -9999 -9999 -9999 -9999 -9999 -9999 -9999 -9999 -9999 -9999 -9999 -9999 -9999 -9999 -9999 -9999 -9999 2.13878E-4 1.69088E-4
8.66829E-2 8.92229E-2 7.02022E-2 6.30757E-2 5.26841E-2 3.79751E-2 3.77694E-2 3.52549E-2 2.74241E-2 2.26015E-2 2.09666E-2 1.53356E-2 1.72494E-2 1.32928E-2 1.32862E-2 1.03537E-2 9.67435E-3 8.10171E-3 7.66044E-3 5.97229E-3 4.5701E-3 4.57362E-3 3.56174E-3 3.39759E-3 2.62461E-3 2.13958E-3 1.99972E-3 1.3997E-3 -9999 -9999 -9999 -9999 -9999 -9999 6.10141E-4 -9999 -9999 -9999 -9999 -9999 -9999 4.07748E-4 4.1414E-4 4.15249E-4 -9999 -9999 -9999 -9999 -9999 -9999 -9999 -9999 -9999 -9999 -9999 -9999 -9999 -9999 -9999 3.223E-4 3.09826E-4
9.8295E-2 9.1091E-2 6.97689E-2 6.70207E-2 6.21868E-2 4.28979E-2 4.24215E-2 3.18942E-2 2.82212E-2 2.116E-2 2.01132E-2 1.5195E-2 1.64118E-2 1.31196E-2 1.26588E-2 9.82916E-3 9.75246E-3 7.82389E-3 6.53157E-3 6.07801E-3 4.83994E-3 4.83657E-3 3.55791E-3 2.77029E-3 2.63222E-3 -9999 -9999 -9999 -9999 -9999 -9999 -9999 -9999 -9999 -9999 -9999 -9999 -9999 -9999 -9999 -9999 -9999 -9999 4.29116E-4 -9999 -9999 -9999 -9999 -9999 -9999 -9999 -9999 -9999 -9999 -9999 -9999 -9999 -9999 -9999 3.80371E-4 4.65939E-4
8.89736E-2 9.07547E-2 6.57146E-2 6.82732E-2 6.78489E-2 4.38354E-2 3.80874E-2 3.12126E-2 3.13096E-2 2.37657E-2 2.13856E-2 1.64558E-2 1.55829E-2 1.28618E-2 1.28626E-2 1.01264E-2 8.24527E-3 6.73785E-3 6.76065E-3 5.57823E-3 5.11066E-3 3.76687E-3 3.04676E-3 2.91716E-3 -9999 -9999 -9999 -9999 -9999 -9999 -9999 -9999 -9999 -9999 -9999 -9999 -9999 -9999 -9999 -9999 -9999 -9999 -9999 -9999 -9999 -9999 -9999 -9999 -9999 4.015E-4 3.34999E-4 3.10199E-4 -9999 -9999 -9999 -9999 -9999 -9999 4.66152E-4 4.34622E-4 4.53227E-4
9.33913E-2 6.72539E-2 6.37547E-2 6.27205E-2 5.36087E-2 4.68833E-2 3.90527E-2 2.77386E-2 2.60965E-2 2.19873E-2 2.38056E-2 1.80031E-2 1.28709E-2 1.30027E-2 1.06035E-2 1.05679E-2 8.46253E-3 6.67235E-3 6.62909E-3 -9999 -9999 -9999 -9999 -9999 -9999 -9999 -9999 -9999 -9999 -9999 -9999 -9999 -9999 -9999 -9999 -9999 -9999 -9999 -9999 -9999 -9999 -9999 -9999 -9999 -9999 -9999 -9999 -9999 -9999 4.72323E-4 5.25279E-4 4.2016E-4 4.0923E-4 3.55548E-4 4.00463E-4 -9999 -9999 -9999 4.97076E-4 5.48257E-4 5.49344E-4
