Artocarpus hirsutus SDM files/Last interglacial/results (without bias file)/Arthir_8.asc
ncols         625
nrows         721
xllcorner     69.99986311115
yllcorner     5.99986151914999
cellsize      0.041666667
NODATA_value  -9999
[rows 216 to 242 of 721, columns 0 to 60 of 625]
1.34703E-4 1.34491E-4 1.30153E-4 1.29765E-4 1.29948E-4 1.34563E-4 1.34563E-4 1.30703E-4 1.34753E-4 1.34551E-4 1.34338E-4 1.39306E-4 1.35333E-4 1.34563E-4 1.4209E-4 1.4798E-4 1.47126E-4 1.36524E-4 1.40826E-4 1.40406E-4 1.44937E-4 1.57509E-4 1.70725E-4 1.66767E-4 1.55097E-4 1.5798E-4 1.57274E-4 1.43066E-4 1.31475E-4 1.3491E-4 1.3491E-4 1.20584E-4 1.37563E-4 1.29887E-4 1.3166E-4 1.50455E-4 1.48232E-4 1.50848E-4 1.50848E-4 1.5106E-4 1.53421E-4 1.49094E-4 1.48206E-4 1.43082E-4 1.43082E-4 1.46589E-4 1.5353E-4 1.62125E-4 1.53328E-4 1.53328E-4 1.57066E-4 1.53538E-4 1.53768E-4 1.49184E-4 1.4942E-4 1.48987E-4 1.41019E-4 1.40411E-4 1.42288E-4 1.42299E-4 1.43152E-4
1.34753E-4 1.33176E-4 1.33574E-4 1.30969E-4 1.33762E-4 1.33563E-4 1.33363E-4 1.38696E-4 1.38891E-4 1.38076E-4 1.34527E-4 1.34138E-4 1.38891E-4 1.42756E-4 1.42118E-4 1.5028E-4 1.38658E-4 1.42279E-4 1.46858E-4 1.69978E-4 1.69724E-4 1.70725E-4 1.56746E-4 1.55798E-4 1.64236E-4 1.71856E-4 1.6654E-4 1.5726E-4 1.65759E-4 1.54495E-4 1.54481E-4 1.62602E-4 1.41566E-4 1.34496E-4 1.34496E-4 1.52399E-4 1.51519E-4 1.49113E-4 1.53199E-4 1.53414E-4 1.5692E-4 1.5692E-4 1.52721E-4 1.67284E-4 1.66303E-4 1.66055E-4 1.66801E-4 1.58705E-4 1.5988E-4 1.57985E-4 1.57528E-4 1.58013E-4 1.56845E-4 1.50332E-4 1.39894E-4 1.50526E-4 1.36142E-4 1.425E-4 1.38046E-4 1.40571E-4 1.51072E-4
1.37677E-4 1.33824E-4 1.36881E-4 1.34023E-4 1.37279E-4 1.37279E-4 1.37074E-4 1.38943E-4 1.37459E-4 1.37254E-4 1.37664E-4 1.41074E-4 1.41061E-4 1.41483E-4 1.45613E-4 1.50537E-4 1.52845E-4 1.49877E-4 1.69203E-4 1.62445E-4 1.72487E-4 1.70759E-4 1.61521E-4 1.73646E-4 1.79441E-4 1.60559E-4 1.56031E-4 1.58667E-4 1.66262E-4 1.60627E-4 1.68064E-4 1.66822E-4 1.67555E-4 1.64246E-4 1.83182E-4 1.91442E-4 1.76226E-4 1.76226E-4 1.7621E-4 1.81564E-4 1.81023E-4 1.90302E-4 1.59589E-4 1.5577E-4 1.79183E-4 1.58876E-4 1.47221E-4 1.37843E-4 1.51958E-4 1.47894E-4 1.58221E-4 1.6257E-4 1.57542E-4 1.45972E-4 1.47066E-4 1.4312E-4 1.39281E-4 1.40128E-4 1.35546E-4 1.37368E-4 1.3779E-4
1.49058E-4 1.33027E-4 1.37535E-4 1.37729E-4 1.38347E-4 1.38141E-4 1.33214E-4 1.32828E-4 1.33214E-4 1.37716E-4 1.3791E-4 1.37306E-4 1.44745E-4 1.48763E-4 1.48763E-4 1.48763E-4 1.49864E-4 1.51411E-4 1.63751E-4 1.65687E-4 1.71007E-4 1.65699E-4 1.64481E-4 1.6522E-4 1.61039E-4 1.63273E-4 1.62043E-4 1.61575E-4 1.70801E-4 1.67814E-4 1.67078E-4 1.67064E-4 1.54949E-4 1.56549E-4 1.79877E-4 1.82619E-4 1.82091E-4 1.81277E-4 1.87049E-4 1.86491E-4 1.95483E-4 1.95192E-4 1.84913E-4 1.80788E-4 1.76213E-4 1.8894E-4 1.74243E-4 1.83828E-4 1.54743E-4 1.6938E-4 1.69869E-4 1.87285E-4 1.61858E-4 1.80967E-4 1.50221E-4 1.45767E-4 1.46434E-4 1.4208E-4 1.42518E-4 1.35748E-4 1.35557E-4
1.45613E-4 1.41115E-4 1.41115E-4 1.41314E-4 1.63393E-4 1.41525E-4 1.41314E-4 1.36297E-4 1.36896E-4 1.40682E-4 1.40472E-4 1.4456E-4 1.4563E-4 1.49837E-4 1.49646E-4 1.53086E-4 1.5399E-4 1.52851E-4 1.72317E-4 1.62078E-4 1.73867E-4 1.76666E-4 1.78901E-4 1.69966E-4 1.6374E-4 1.62751E-4 1.62522E-4 1.69809E-4 1.69556E-4 1.68301E-4 1.67313E-4 1.69156E-4 1.56422E-4 1.5711E-4 1.81593E-4 1.83949E-4 1.83384E-4 1.83127E-4 1.82598E-4 1.85935E-4 2.01372E-4 2.00771E-4 1.90196E-4 1.84878E-4 1.80754E-4 1.86246E-4 1.89947E-4 1.88552E-4 1.89686E-4 1.82608E-4 1.68387E-4 1.61159E-4 1.86727E-4 1.72013E-4 1.7727E-4 1.53431E-4 1.72557E-4 1.66956E-4 1.67706E-4 1.59541E-4 1.61204E-4
1.83093E-4 1.64406E-4 1.67912E-4 1.68399E-4 1.67897E-4 1.68399E-4 1.68651E-4 1.63393E-4 1.62906E-4 1.6242E-4 1.6242E-4 1.67397E-4 1.67162E-4 1.74032E-4 1.72254E-4 1.88726E-4 1.56799E-4 1.64172E-4 1.6514E-4 1.74308E-4 1.72832E-4 1.78085E-4 1.78351E-4 1.69697E-4 1.67948E-4 1.66684E-4 1.66699E-4 1.75446E-4 1.6431E-4 1.58295E-4 1.62629E-4 1.74035E-4 1.60947E-4 1.7428E-4 1.85721E-4 1.85982E-4 1.8311E-4 1.82581E-4 1.88098E-4 1.87817E-4 1.96579E-4 2.01898E-4 1.94213E-4 1.94213E-4 1.88799E-4 1.91014E-4 1.92158E-4 1.80549E-4 1.65566E-4 1.81312E-4 1.69627E-4 1.68632E-4 1.76726E-4 1.73538E-4 1.83062E-4 1.72808E-4 1.71544E-4 1.72058E-4 1.6722E-4 1.63695E-4 1.70579E-4
1.7701E-4 1.63672E-4 1.68673E-4 1.63902E-4 1.6891E-4 1.64146E-4 1.64146E-4 1.64377E-4 1.67381E-4 1.62648E-4 1.62648E-4 1.67631E-4 1.71997E-4 1.73772E-4 1.84241E-4 1.88991E-4 1.88991E-4 1.9334E-4 1.93218E-4 1.98326E-4 2.00709E-4 1.85371E-4 1.85925E-4 1.64918E-4 1.8955E-4 1.64903E-4 1.57259E-4 1.5429E-4 1.54968E-4 1.5828E-4 1.50724E-4 1.71648E-4 1.73363E-4 1.85721E-4 1.81031E-4 1.84874E-4 1.85965E-4 1.88362E-4 1.87537E-4 1.87257E-4 1.86699E-4 1.95975E-4 1.89309E-4 1.89309E-4 1.92787E-4 1.94794E-4 1.96217E-4 1.85726E-4 1.79462E-4 1.86525E-4 2.05122E-4 1.89965E-4 1.66092E-4 1.81091E-4 1.81107E-4 1.78713E-4 1.83367E-4 1.73985E-4 1.73999E-4 1.68854E-4 1.73993E-4
1.87369E-4 1.73279E-4 1.73522E-4 1.68391E-4 1.73765E-4 1.73781E-4 1.73781E-4 1.69384E-4 1.69147E-4 1.69637E-4 1.70144E-4 1.69131E-4 1.68642E-4 1.69147E-4 1.788E-4 1.8612E-4 1.898E-4 1.84618E-4 1.99198E-4 1.99794E-4 2.06138E-4 1.89584E-4 1.88174E-4 1.90685E-4 1.94695E-4 1.91906E-4 1.84375E-4 1.83826E-4 1.65604E-4 1.59676E-4 1.62119E-4 1.62604E-4 1.68013E-4 1.82626E-4 1.82354E-4 1.86745E-4 1.87007E-4 1.89402E-4 1.89137E-4 1.86699E-4 1.86682E-4 1.92306E-4 1.95013E-4 1.89309E-4 1.90425E-4 1.90159E-4 1.95067E-4 1.86265E-4 1.8001E-4 1.86525E-4 1.77063E-4 1.75795E-4 1.76568E-4 1.76848E-4 1.66324E-4 1.80045E-4 1.77687E-4 1.77172E-4 1.72978E-4 1.69965E-4 1.66631E-4
1.82365E-4 1.77481E-4 1.77995E-4 1.72746E-4 1.73506E-4 1.77995E-4 1.72988E-4 1.72988E-4 1.73263E-4 1.73263E-4 1.68627E-4 1.74285E-4 1.78778E-4 1.73247E-4 1.80101E-4 1.8638E-4 1.77508E-4 1.77899E-4 1.77899E-4 1.77899E-4 1.87752E-4 1.84229E-4 1.8397E-4 1.77292E-4 1.80532E-4 1.82379E-4 1.79994E-4 1.69649E-4 1.69903E-4 1.65837E-4 1.7089E-4 1.74789E-4 1.93166E-4 1.9932E-4 2.0766E-4 1.81539E-4 1.87566E-4 1.89119E-4 1.88555E-4 1.89119E-4 1.92864E-4 1.80749E-4 1.86195E-4 1.86473E-4 1.81815E-4 1.83433E-4 1.81055E-4 1.82648E-4 1.81342E-4 1.82411E-4 1.81072E-4 1.80565E-4 1.78512E-4 1.73523E-4 1.74562E-4 1.69148E-4 1.815E-4 1.79138E-4 1.74621E-4 1.74129E-4 1.69219E-4
1.8733E-4 1.73241E-4 1.735E-4 1.7849E-4 1.73759E-4 1.735E-4 1.74279E-4 1.74263E-4 1.74263E-4 1.77995E-4 1.74784E-4 1.75307E-4 1.74784E-4 1.78511E-4 1.75695E-4 1.77524E-4 1.55691E-4 1.56828E-4 1.67442E-4 1.68445E-4 1.69675E-4 1.75591E-4 1.68073E-4 1.6908E-4 1.67822E-4 1.72912E-4 1.79709E-4 1.74268E-4 1.64633E-4 1.66333E-4 1.70142E-4 1.68891E-4 1.88532E-4 1.99595E-4 2.05214E-4 2.16245E-4 2.16871E-4 1.81776E-4 1.8671E-4 1.86971E-4 1.89649E-4 1.77488E-4 1.83639E-4 1.86456E-4 1.92058E-4 1.82086E-4 1.77275E-4 1.78459E-4 1.74753E-4 1.79264E-4 1.78213E-4 1.83356E-4 1.82843E-4 1.77747E-4 1.72763E-4 1.73021E-4 1.82027E-4 1.63315E-4 1.64294E-4 1.64321E-4 1.63368E-4
1.98195E-4 1.83867E-4 1.83867E-4 1.83592E-4 1.83867E-4 1.78208E-4 1.78208E-4 1.78724E-4 2.08959E-4 1.79795E-4 1.79259E-4 1.76182E-4 1.81E-4 1.77767E-4 1.55699E-4 1.56383E-4 1.55466E-4 1.56369E-4 1.67687E-4 1.72031E-4 1.74186E-4 1.68812E-4 1.68073E-4 1.67838E-4 1.7039E-4 1.66589E-4 1.62147E-4 1.66093E-4 1.65845E-4 1.66823E-4 1.70635E-4 1.83261E-4 1.83518E-4 1.99577E-4 2.11414E-4 2.15559E-4 2.10469E-4 2.14957E-4 2.16527E-4 2.17154E-4 1.88354E-4 1.8077E-4 1.82836E-4 1.87225E-4 1.93035E-4 1.89638E-4 1.85453E-4 1.84109E-4 1.803E-4 1.80317E-4 1.82809E-4 1.78209E-4 1.79025E-4 1.73517E-4 1.65489E-4 1.70779E-4 1.7495E-4 1.69792E-4 1.69314E-4 1.65525E-4 1.68096E-4
2.29313E-4 2.29978E-4 2.12736E-4 2.13671E-4 2.13054E-4 2.13054E-4 2.13352E-4 2.1399E-4 2.13372E-4 2.1463E-4 2.07158E-4 2.11575E-4 2.11891E-4 1.68524E-4 1.59698E-4 1.6064E-4 1.66191E-4 1.66688E-4 1.64304E-4 1.65026E-4 1.64795E-4 1.68303E-4 1.68067E-4 1.66589E-4 1.66356E-4 1.65612E-4 1.65612E-4 1.60701E-4 1.66341E-4 1.66589E-4 1.62359E-4 1.75416E-4 1.80746E-4 1.95428E-4 2.12661E-4 2.17135E-4 2.17764E-4 2.16811E-4 2.16791E-4 2.16467E-4 2.11987E-4 2.10559E-4 2.0841E-4 2.14689E-4 1.89853E-4 1.83508E-4 1.80248E-4 1.80265E-4 1.84642E-4 1.84384E-4 1.84401E-4 1.81515E-4 1.75683E-4 1.70772E-4 1.71027E-4 1.72052E-4 1.71298E-4 1.68543E-4 1.68306E-4 1.65052E-4 1.64553E-4
2.31229E-4 2.20029E-4 2.20029E-4 2.13611E-4 2.13293E-4 2.1393E-4 2.1183E-4 2.18212E-4 2.10903E-4 2.11849E-4 2.1667E-4 1.96698E-4 2.01192E-4 1.85308E-4 1.85325E-4 1.85602E-4 1.97834E-4 2.01512E-4 1.68288E-4 1.97033E-4 1.97327E-4 1.94747E-4 1.89852E-4 1.67082E-4 1.63355E-4 1.5783E-4 1.6143E-4 1.6143E-4 1.6214E-4 1.66093E-4 1.64626E-4 1.78366E-4 1.79939E-4 1.80477E-4 1.8046E-4 2.00672E-4 2.01253E-4 2.16791E-4 2.15822E-4 2.2295E-4 2.09287E-4 2.05568E-4 2.05568E-4 2.1375E-4 2.13431E-4 2.18881E-4 2.13451E-4 2.1501E-4 1.79996E-4 1.80957E-4 1.80957E-4 1.67143E-4 1.66659E-4 1.61986E-4 1.66938E-4 1.57238E-4 1.57486E-4 1.57957E-4 1.61814E-4 1.57943E-4 1.57486E-4
2.36738E-4 2.25925E-4 2.25925E-4 2.19353E-4 2.20337E-4 2.23096E-4 2.24077E-4 2.23764E-4 2.16913E-4 2.18192E-4 2.07484E-4 2.01735E-4 2.01735E-4 1.95247E-4 1.80645E-4 1.87639E-4 2.06056E-4 1.95563E-4 1.9613E-4 2.00911E-4 1.95293E-4 1.90681E-4 1.89004E-4 1.93894E-4 1.93604E-4 1.70609E-4 1.69117E-4 1.6462E-4 1.73952E-4 1.68376E-4 1.82945E-4 1.87388E-4 1.78366E-4 1.79687E-4 1.85114E-4 1.88742E-4 1.95896E-4 1.99775E-4 2.16467E-4 2.29308E-4 2.28625E-4 2.02202E-4 2.1499E-4 2.08975E-4 2.14932E-4 1.97687E-4 1.9629E-4 2.11031E-4 2.11347E-4 1.94375E-4 1.88658E-4 1.92699E-4 1.57452E-4 1.61277E-4 1.58159E-4 1.57238E-4 1.56782E-4 1.52589E-4 1.48939E-4 1.45799E-4 1.45594E-4
2.50325E-4 2.24915E-4 2.25587E-4 2.28071E-4 2.29438E-4 2.28753E-4 2.22764E-4 2.29095E-4 2.22431E-4 2.06249E-4 2.06557E-4 2.00815E-4 2.00815E-4 1.91438E-4 1.9325E-4 1.94136E-4 2.00834E-4 2.05749E-4 2.01153E-4 1.95545E-4 1.95289E-4 1.9558E-4 1.88997E-4 1.93004E-4 1.97414E-4 1.88433E-4 1.96549E-4 1.96256E-4 2.01282E-4 1.96532E-4 1.79414E-4 2.14175E-4 1.84542E-4 1.80979E-4 1.84562E-4 1.88742E-4 1.83737E-4 2.00316E-4 1.95284E-4 2.1799E-4 2.27624E-4 2.20403E-4 2.13972E-4 2.14612E-4 2.03608E-4 2.03528E-4 1.92756E-4 1.87679E-4 1.94067E-4 1.93217E-4 1.87832E-4 1.87865E-4 1.88692E-4 1.89539E-4 1.8899E-4 1.83691E-4 1.5795E-4 1.5818E-4 1.5328E-4 1.56347E-4 1.47856E-4
2.2859E-4 2.29616E-4 2.28953E-4 2.29295E-4 2.29638E-4 2.24291E-4 2.24962E-4 2.11812E-4 2.112E-4 2.05941E-4 2.12128E-4 2.0708E-4 2.08201E-4 1.9325E-4 1.93539E-4 1.9298E-4 2.00254E-4 2.05979E-4 2.05691E-4 2.05384E-4 2.04485E-4 2.0479E-4 1.98539E-4 1.93564E-4 1.98836E-4 1.9943E-4 1.96256E-4 1.99711E-4 2.004E-4 2.10741E-4 2.07894E-4 2.09433E-4 2.19971E-4 2.09727E-4 1.8017E-4 1.94411E-4 1.94974E-4 1.94429E-4 1.94701E-4 2.25171E-4 2.17352E-4 2.03608E-4 2.06458E-4 2.05554E-4 1.98999E-4 1.98406E-4 1.87905E-4 1.98166E-4 1.86317E-4 1.80853E-4 1.93252E-4 1.87289E-4 1.93557E-4 1.81681E-4 1.87321E-4 1.83691E-4 1.83433E-4 1.54877E-4 1.73485E-4 1.76979E-4 1.51932E-4
2.83188E-4 2.8237E-4 2.75404E-4 2.76228E-4 2.75019E-4 2.7664E-4 2.68237E-4 2.18675E-4 2.18675E-4 2.12946E-4 2.4155E-4 2.09665E-4 2.14061E-4 2.09372E-4 1.98426E-4 1.93756E-4 2.00778E-4 2.00478E-4 2.06212E-4 2.00197E-4 2.10314E-4 2.10314E-4 2.03589E-4 2.02697E-4 2.04198E-4 2.04809E-4 1.98243E-4 1.99711E-4 1.91585E-4 2.18292E-4 2.06959E-4 2.08204E-4 2.13837E-4 2.20609E-4 1.84526E-4 1.89802E-4 1.89784E-4 1.99078E-4 1.99357E-4 2.11055E-4 2.00533E-4 1.90341E-4 1.85586E-4 2.01618E-4 1.98999E-4 1.98702E-4 1.81612E-4 1.86039E-4 1.77326E-4 1.92388E-4 1.8809E-4 1.9298E-4 1.86088E-4 1.76587E-4 1.87881E-4 1.82613E-4 1.7215E-4 1.69038E-4 1.75068E-4 1.73521E-4 1.73262E-4
3.08419E-4 2.85036E-4 2.92857E-4 2.84008E-4 2.74993E-4 2.75404E-4 2.53579E-4 2.50846E-4 2.54693E-4 2.57873E-4 2.5862E-4 2.44542E-4 2.49693E-4 2.52646E-4 2.31758E-4 1.9928E-4 2.41573E-4 2.071E-4 2.11441E-4 2.10201E-4 2.05291E-4 2.09593E-4 2.04123E-4 2.04123E-4 2.09943E-4 2.08787E-4 2.04809E-4 2.04503E-4 2.14736E-4 2.14114E-4 2.11925E-4 2.08473E-4 2.13518E-4 2.19951E-4 2.20259E-4 2.23555E-4 2.31286E-4 2.33674E-4 2.00761E-4 1.97909E-4 2.02733E-4 1.89508E-4 1.89243E-4 1.89243E-4 1.82374E-4 1.87605E-4 1.81357E-4 1.81357E-4 1.86836E-4 1.81899E-4 1.81915E-4 1.82716E-4 1.86072E-4 1.80615E-4 1.76866E-4 1.76602E-4 1.72922E-4 1.68032E-4 1.78557E-4 1.73507E-4 1.72245E-4
2.92607E-4 2.9217E-4 2.93016E-4 2.85861E-4 2.85861E-4 2.78026E-4 2.54919E-4 2.52842E-4 2.58849E-4 2.52465E-4 2.52842E-4 2.51118E-4 2.51517E-4 2.58669E-4 2.38702E-4 2.3799E-4 2.31758E-4 2.42165E-4 2.40852E-4 2.16765E-4 2.10496E-4 2.04392E-4 2.14268E-4 2.20031E-4 2.20477E-4 2.08693E-4 2.09081E-4 2.08476E-4 2.19562E-4 2.15037E-4 2.19562E-4 2.20528E-4 2.21809E-4 2.21809E-4 2.16609E-4 2.27216E-4 2.30597E-4 2.33824E-4 2.35204E-4 2.29367E-4 2.20576E-4 1.89225E-4 1.87852E-4 1.92937E-4 1.88414E-4 1.82663E-4 1.81591E-4 1.81628E-4 1.81899E-4 1.81644E-4 1.81644E-4 1.82171E-4 1.82732E-4 1.77358E-4 1.77108E-4 1.72657E-4 1.73936E-4 1.79603E-4 1.78541E-4 1.79075E-4 1.73004E-4
3.25333E-4 2.90431E-4 2.98983E-4 2.83339E-4 2.92988E-4 2.71807E-4 2.58438E-4 2.50962E-4 2.52441E-4 2.51337E-4 2.44069E-4 2.57716E-4 2.58849E-4 2.49911E-4 2.32348E-4 2.45316E-4 2.3891E-4 2.48285E-4 2.41083E-4 2.47568E-4 2.48308E-4 2.47352E-4 2.5327E-4 2.5738E-4 2.57787E-4 2.14287E-4 2.13648E-4 2.31712E-4 2.31021E-4 2.19444E-4 2.14959E-4 2.20199E-4 2.28093E-4 2.27752E-4 2.30124E-4 2.26536E-4 2.35534E-4 2.40788E-4 2.40788E-4 2.33803E-4 2.14404E-4 2.15045E-4 2.18017E-4 1.92649E-4 1.91805E-4 1.87589E-4 1.92395E-4 1.81862E-4 1.82952E-4 1.77586E-4 1.81388E-4 1.80847E-4 1.81915E-4 1.82747E-4 1.77108E-4 1.77373E-4 1.72657E-4 1.73936E-4 1.67531E-4 1.67795E-4 1.74032E-4
3.22462E-4 2.93123E-4 2.92714E-4 2.93151E-4 2.59782E-4 2.65321E-4 2.65321E-4 2.6453E-4 2.57667E-4 2.64555E-4 2.65743E-4 2.56948E-4 2.59961E-4 2.58463E-4 2.65743E-4 2.38198E-4 2.3891E-4 2.32326E-4 2.40364E-4 2.47545E-4 2.40723E-4 2.47721E-4 2.41573E-4 2.39484E-4 2.51785E-4 2.52161E-4 2.56996E-4 2.86956E-4 2.38218E-4 2.25326E-4 2.20739E-4 2.25446E-4 2.26317E-4 2.3713E-4 2.32649E-4 2.44856E-4 2.31609E-4 2.35388E-4 2.35079E-4 2.32779E-4 2.1955E-4 2.15366E-4 2.14724E-4 2.20207E-4 2.13465E-4 1.8815E-4 2.23602E-4 1.87062E-4 1.82936E-4 1.73354E-4 1.73146E-4 1.72387E-4 1.72887E-4 1.68068E-4 1.636E-4 1.77638E-4 1.7658E-4 1.71629E-4 1.72399E-4 1.71387E-4 1.81534E-4
3.80984E-4 3.52188E-4 3.53241E-4 3.47448E-4 3.22839E-4 3.14546E-4 3.14076E-4 3.05041E-4 2.66859E-4 2.60559E-4 2.63398E-4 2.59056E-4 2.57899E-4 2.5156E-4 2.5867E-4 2.37133E-4 2.37133E-4 2.39222E-4 2.32977E-4 2.25884E-4 2.3198E-4 2.33021E-4 2.494E-4 2.49772E-4 2.42889E-4 2.42188E-4 2.68524E-4 2.8074E-4 2.78261E-4 2.44887E-4 2.26974E-4 2.29317E-4 2.363E-4 2.30474E-4 2.37817E-4 2.44126E-4 2.51794E-4 2.43057E-4 2.30273E-4 2.28581E-4 2.15268E-4 2.21817E-4 2.15609E-4 2.19242E-4 2.18588E-4 2.19898E-4 2.23602E-4 1.91838E-4 1.72337E-4 1.72594E-4 1.73369E-4 1.72852E-4 1.73888E-4 1.72644E-4 1.60184E-4 1.65051E-4 1.67331E-4 1.72635E-4 1.77093E-4 1.82079E-4 1.79963E-4
3.61418E-4 3.56584E-4 3.56052E-4 3.27941E-4 3.29414E-4 3.20437E-4 3.21427E-4 3.19067E-4 3.22419E-4 3.14515E-4 3.14076E-4 2.67477E-4 3.15016E-4 2.58646E-4 2.58646E-4 2.5156E-4 2.43469E-4 2.38175E-4 2.3149E-4 2.4527E-4 2.41228E-4 2.39602E-4 2.3996E-4 2.34745E-4 2.33696E-4 2.34745E-4 2.60708E-4 2.66925E-4 2.74444E-4 2.87087E-4 2.82974E-4 2.38027E-4 2.3661E-4 2.43275E-4 2.50891E-4 2.46882E-4 2.43421E-4 2.48874E-4 2.48132E-4 2.28922E-4 2.21057E-4 2.15268E-4 2.20187E-4 2.20187E-4 2.18588E-4 2.24821E-4 2.18934E-4 2.01717E-4 2.0089E-4 2.0059E-4 1.73369E-4 1.74148E-4 1.72852E-4 1.73369E-4 1.68299E-4 1.66812E-4 1.75976E-4 1.63915E-4 1.66323E-4 1.59859E-4 1.74808E-4
3.66555E-4 3.57756E-4 3.48065E-4 3.21544E-4 3.22505E-4 3.22987E-4 3.14686E-4 3.23049E-4 3.2287E-4 3.21427E-4 3.21907E-4 3.21907E-4 3.1314E-4 3.12206E-4 3.04586E-4 2.95387E-4 2.3872E-4 2.31468E-4 2.31814E-4 2.4015E-4 2.32529E-4 2.41228E-4 2.33225E-4 2.32652E-4 2.42288E-4 2.67709E-4 2.58101E-4 2.87894E-4 2.82729E-4 2.90645E-4 2.85699E-4 2.93047E-4 3.10705E-4 2.99998E-4 2.57165E-4 2.52346E-4 2.50867E-4 2.42567E-4 2.54002E-4 2.47415E-4 2.32812E-4 2.15268E-4 2.20747E-4 2.14967E-4 2.24466E-4 2.25137E-4 2.29835E-4 2.01115E-4 2.01734E-4 1.96696E-4 1.73628E-4 1.97874E-4 2.02093E-4 1.72609E-4 1.68773E-4 1.62886E-4 1.61688E-4 1.64146E-4 1.67545E-4 1.69528E-4 1.70784E-4
3.77188E-4 3.65972E-4 3.38175E-4 3.29506E-4 3.29046E-4 3.28555E-4 3.31975E-4 3.29078E-4 3.30062E-4 3.23018E-4 3.15156E-4 3.14247E-4 3.05659E-4 3.09884E-4 3.10347E-4 3.09884E-4 3.04103E-4 2.94889E-4 2.95828E-4 2.39791E-4 2.73424E-4 2.38386E-4 2.39434E-4 2.39076E-4 2.59782E-4 2.61703E-4 2.61703E-4 2.54714E-4 2.831E-4 2.90185E-4 2.82736E-4 3.10874E-4 3.08159E-4 3.01505E-4 2.47386E-4 2.42727E-4 2.50493E-4 2.4942E-4 2.50166E-4 2.42589E-4 2.48132E-4 2.39745E-4 2.20088E-4 2.20747E-4 2.19124E-4 2.24131E-4 2.24346E-4 2.07759E-4 2.02018E-4 2.01734E-4 2.02942E-4 2.02337E-4 1.95602E-4 1.94728E-4 1.93765E-4 1.92094E-4 1.73137E-4 1.77851E-4 1.7338E-4 1.73899E-4 1.74404E-4
4.32002E-4 4.21079E-4 3.65462E-4 3.29635E-4 3.49089E-4 3.40168E-4 3.30492E-4 3.22474E-4 3.29506E-4 3.31975E-4 3.14186E-4 3.21095E-4 3.14686E-4 3.12376E-4 3.04293E-4 3.11444E-4 3.05203E-4 3.04322E-4 3.06145E-4 2.8904E-4 3.04132E-4 3.02773E-4 3.03707E-4 2.57874E-4 2.57874E-4 2.78607E-4 2.77776E-4 2.84753E-4 2.9017E-4 2.84084E-4 2.96467E-4 2.99471E-4 2.98161E-4 2.88744E-4 2.90474E-4 2.67684E-4 2.77633E-4 2.65113E-4 2.26942E-4 2.20709E-4 2.49793E-4 2.39957E-4 2.238E-4 2.26008E-4 2.17634E-4 2.18816E-4 2.20456E-4 2.07976E-4 2.0658E-4 2.04048E-4 2.05461E-4 1.98856E-4 2.02337E-4 2.02622E-4 1.96679E-4 1.91196E-4 2.02065E-4 2.06682E-4 2.02972E-4 1.97592E-4 1.66222E-4
4.44539E-4 4.45869E-4 4.46535E-4 4.00417E-4 4.00417E-4 3.90768E-4 4.00977E-4 3.31578E-4 3.29112E-4 3.37134E-4 3.29015E-4 3.29015E-4 3.28524E-4 3.19629E-4 3.1188E-4 3.18231E-4 3.21095E-4 3.1191E-4 3.09186E-4 3.09186E-4 3.10111E-4 3.11039E-4 3.19513E-4 3.28495E-4 3.16061E-4 2.94517E-4 2.843E-4 2.99105E-4 3.03411E-4 3.11858E-4 3.18508E-4 3.11737E-4 3.04175E-4 2.97244E-4 2.73994E-4 2.73994E-4 2.66886E-4 2.65372E-4 2.75381E-4 2.6319E-4 2.39219E-4 2.64767E-4 2.26328E-4 2.1729E-4 2.13071E-4 2.20437E-4 2.22859E-4 2.11484E-4 2.06271E-4 1.8798E-4 2.11836E-4 2.12446E-4 2.09239E-4 2.08399E-4 1.96385E-4 1.91196E-4 2.0817E-4 2.02651E-4 2.03865E-4 1.98461E-4 1.92896E-4
