Artocarpus hirsutus SDM files/Last interglacial/results (without bias file)/Arthir_7.asc
ncols         625
nrows         721
xllcorner     69.99986311115
yllcorner     5.99986151914999
cellsize      0.041666667
NODATA_value  -9999
[rows 216 to 242 of 721, columns 61 to 121 of 625]
1.54923E-4 1.42449E-4 1.37578E-4 1.35948E-4 1.38991E-4 1.35549E-4 1.35369E-4 1.41707E-4 1.29126E-4 1.29308E-4 1.35984E-4 1.40908E-4 1.47083E-4 1.32532E-4 1.48723E-4 1.59878E-4 1.65782E-4 1.53341E-4 1.62447E-4 1.65883E-4 1.54618E-4 1.48893E-4 1.61055E-4 1.59857E-4 1.60745E-4 1.5285E-4 1.51179E-4 1.53321E-4 1.44036E-4 1.43082E-4 1.45252E-4 1.46095E-4 1.43704E-4 1.25769E-4 1.30615E-4 1.29708E-4 1.29891E-4 1.26665E-4 1.19998E-4 1.21178E-4 1.21007E-4 1.23896E-4 1.23035E-4 1.2554E-4 1.2554E-4 1.21744E-4 1.2225E-4 1.26399E-4 1.27113E-4 1.27273E-4 1.27982E-4 1.3244E-4 1.24901E-4 1.31541E-4 1.33663E-4 1.27031E-4 1.13223E-4 1.26865E-4 1.24675E-4 1.26601E-4 1.32897E-4
1.52608E-4 1.47172E-4 1.4193E-4 1.39963E-4 1.42031E-4 1.34788E-4 1.38425E-4 1.34807E-4 1.32042E-4 1.32042E-4 1.28229E-4 1.4291E-4 1.39075E-4 1.35984E-4 1.53954E-4 1.59776E-4 1.60214E-4 1.52492E-4 1.55491E-4 1.58268E-4 1.53965E-4 1.52889E-4 1.50144E-4 1.52583E-4 1.5074E-4 1.49965E-4 1.49979E-4 1.46583E-4 1.39842E-4 1.37901E-4 1.44358E-4 1.48975E-4 1.36086E-4 1.25062E-4 1.28979E-4 1.29161E-4 1.30431E-4 1.27023E-4 1.1982E-4 1.20667E-4 1.2152E-4 1.20676E-4 1.16989E-4 1.1966E-4 1.23306E-4 1.22078E-4 1.22413E-4 1.26934E-4 1.27642E-4 1.28162E-4 1.3151E-4 1.28243E-4 1.31341E-4 1.31543E-4 1.27379E-4 1.25804E-4 1.25975E-4 1.2563E-4 1.20812E-4 1.23721E-4 1.32336E-4
1.3805E-4 1.40546E-4 1.42732E-4 1.35359E-4 1.39187E-4 1.3959E-4 1.34608E-4 1.35178E-4 1.47642E-4 1.33315E-4 1.53763E-4 1.50792E-4 1.44668E-4 1.41253E-4 1.39874E-4 1.48162E-4 1.53633E-4 1.56454E-4 1.50589E-4 1.52404E-4 1.53965E-4 1.5296E-4 1.47848E-4 1.49602E-4 1.46211E-4 1.3674E-4 1.41989E-4 1.4139E-4 1.40237E-4 1.35613E-4 1.41177E-4 1.34127E-4 1.3376E-4 1.25669E-4 1.29798E-4 1.2605E-4 1.23266E-4 1.27921E-4 1.23624E-4 1.17467E-4 1.21349E-4 1.13451E-4 1.16659E-4 1.16487E-4 1.12972E-4 1.16688E-4 1.17018E-4 1.20291E-4 1.21131E-4 1.21796E-4 1.28786E-4 1.26821E-4 1.31895E-4 1.25611E-4 1.25446E-4 1.28105E-4 1.27385E-4 1.22337E-4 1.25283E-4 1.2629E-4 1.26132E-4
1.40958E-4 1.61355E-4 1.60687E-4 1.38991E-4 1.39383E-4 1.38415E-4 1.58922E-4 1.58486E-4 1.45597E-4 1.43249E-4 1.43249E-4 1.43249E-4 1.43845E-4 1.44647E-4 1.42642E-4 1.37073E-4 1.42388E-4 1.46701E-4 1.51276E-4 1.58858E-4 1.54618E-4 1.52219E-4 1.50716E-4 1.45884E-4 1.37682E-4 1.37489E-4 1.37889E-4 1.4062E-4 1.40818E-4 1.36571E-4 1.40012E-4 1.33938E-4 1.31588E-4 1.21354E-4 1.25342E-4 1.2344E-4 1.25006E-4 1.20383E-4 1.20383E-4 1.18084E-4 1.15285E-4 1.11492E-4 1.17641E-4 1.13602E-4 1.17467E-4 1.17174E-4 1.1379E-4 1.149E-4 1.18122E-4 1.17089E-4 1.23592E-4 1.24544E-4 1.26045E-4 1.25081E-4 1.2267E-4 1.27925E-4 1.25453E-4 1.23376E-4 1.22009E-4 1.23516E-4 1.2561E-4
1.44918E-4 1.65919E-4 1.60473E-4 1.56499E-4 1.55193E-4 1.51362E-4 1.57701E-4 1.5326E-4 1.48739E-4 1.4526E-4 1.50203E-4 1.4669E-4 1.45307E-4 1.42298E-4 1.39448E-4 1.37118E-4 1.42974E-4 1.5107E-4 1.51472E-4 1.44773E-4 1.45567E-4 1.50046E-4 1.48856E-4 1.45077E-4 1.38668E-4 1.3483E-4 1.36153E-4 1.27626E-4 1.40472E-4 1.30874E-4 1.30344E-4 1.3831E-4 1.31505E-4 1.20842E-4 1.22486E-4 1.23614E-4 1.24128E-4 1.20383E-4 1.20214E-4 1.1479E-4 1.15114E-4 1.15114E-4 1.15276E-4 1.14952E-4 1.17458E-4 1.13238E-4 1.14665E-4 1.1554E-4 1.12353E-4 1.17917E-4 1.15945E-4 1.21373E-4 1.27284E-4 1.23618E-4 1.19213E-4 1.2294E-4 1.21153E-4 1.20991E-4 1.21333E-4 1.20667E-4 1.26384E-4
1.71321E-4 1.64999E-4 1.60247E-4 1.47071E-4 1.51351E-4 1.47603E-4 1.39681E-4 1.39102E-4 1.4817E-4 1.45912E-4 1.50251E-4 1.47972E-4 1.45113E-4 1.42196E-4 1.39831E-4 1.37118E-4 1.38746E-4 1.49084E-4 1.49505E-4 1.43769E-4 1.4639E-4 1.4633E-4 1.49684E-4 1.42351E-4 1.35829E-4 1.32465E-4 1.25896E-4 1.30556E-4 1.28155E-4 1.31614E-4 1.27464E-4 1.27116E-4 1.28238E-4 1.27887E-4 1.23169E-4 1.2369E-4 1.23953E-4 1.19876E-4 1.23614E-4 1.16925E-4 1.14458E-4 1.11318E-4 1.08868E-4 1.13042E-4 1.14467E-4 1.17255E-4 1.14665E-4 1.11826E-4 1.18623E-4 1.15676E-4 1.15801E-4 1.21384E-4 1.22065E-4 1.23618E-4 1.24142E-4 1.18719E-4 1.17911E-4 1.22526E-4 1.18577E-4 1.2825E-4 1.26572E-4
1.70372E-4 1.55497E-4 1.55508E-4 1.54104E-4 1.46462E-4 1.40318E-4 1.41708E-4 1.33663E-4 1.40912E-4 1.44083E-4 1.511E-4 1.4004E-4 1.38471E-4 1.4102E-4 1.40215E-4 1.3702E-4 1.36064E-4 1.46621E-4 1.34684E-4 1.4E-4 1.45374E-4 1.40581E-4 1.45374E-4 1.44557E-4 1.30542E-4 1.32196E-4 1.21774E-4 1.2297E-4 1.28934E-4 1.29294E-4 1.27867E-4 1.31505E-4 1.26821E-4 1.26286E-4 1.26821E-4 1.23681E-4 1.20458E-4 1.23266E-4 1.19959E-4 1.16659E-4 1.14261E-4 1.09234E-4 1.11484E-4 1.13993E-4 1.10849E-4 1.1709E-4 1.1742E-4 1.1307E-4 1.16414E-4 1.14164E-4 1.13636E-4 1.23771E-4 1.21379E-4 1.22086E-4 1.20057E-4 1.20905E-4 1.21922E-4 1.18912E-4 1.19416E-4 1.20769E-4 1.147E-4
1.63518E-4 1.55998E-4 1.50865E-4 1.4713E-4 1.4795E-4 1.48148E-4 1.34352E-4 1.36864E-4 1.378E-4 1.34103E-4 1.40228E-4 1.34671E-4 1.40425E-4 1.40425E-4 1.38856E-4 1.33987E-4 1.37112E-4 1.35064E-4 1.35254E-4 1.37014E-4 1.40307E-4 1.37959E-4 1.38739E-4 1.26279E-4 1.25226E-4 1.27508E-4 1.24515E-4 1.26104E-4 1.22301E-4 1.27332E-4 1.22999E-4 1.28952E-4 1.2471E-4 1.27707E-4 1.26474E-4 1.2403E-4 1.20608E-4 1.20288E-4 1.20128E-4 1.16815E-4 1.14906E-4 1.12368E-4 1.13473E-4 1.15151E-4 1.12844E-4 1.14979E-4 1.19238E-4 1.20214E-4 1.20005E-4 1.17345E-4 1.15891E-4 1.17598E-4 1.21912E-4 1.24142E-4 1.21752E-4 1.15795E-4 1.19912E-4 1.19593E-4 1.19433E-4 1.16805E-4 1.12659E-4
1.5932E-4 1.56903E-4 1.5557E-4 1.48956E-4 1.42903E-4 1.47939E-4 1.38347E-4 1.27555E-4 1.2971E-4 1.34481E-4 1.37702E-4 1.32244E-4 1.36369E-4 1.3685E-4 1.33534E-4 1.32508E-4 1.32497E-4 1.36064E-4 1.3855E-4 1.29842E-4 1.33139E-4 1.34447E-4 1.35966E-4 1.26112E-4 1.22115E-4 1.32411E-4 1.32597E-4 1.29325E-4 1.16705E-4 1.17375E-4 1.29123E-4 1.28419E-4 1.25239E-4 1.23766E-4 1.19358E-4 1.2128E-4 1.20949E-4 1.25073E-4 1.20958E-4 1.173E-4 1.18296E-4 1.1221E-4 1.08961E-4 1.1229E-4 1.10422E-4 1.10266E-4 1.17153E-4 1.21901E-4 1.17511E-4 1.18009E-4 1.15252E-4 1.14766E-4 1.14945E-4 1.15424E-4 1.13841E-4 1.18753E-4 1.13023E-4 1.18762E-4 1.15667E-4 1.16493E-4 1.14412E-4
1.63595E-4 1.5932E-4 1.63122E-4 1.48998E-4 1.425E-4 1.37569E-4 1.27936E-4 1.28346E-4 1.40613E-4 1.43586E-4 1.4101E-4 1.35231E-4 1.36925E-4 1.34934E-4 1.3626E-4 1.34929E-4 1.32672E-4 1.40671E-4 1.31854E-4 1.29294E-4 1.29842E-4 1.31106E-4 1.35012E-4 1.21108E-4 1.23488E-4 1.27886E-4 1.31503E-4 1.21705E-4 1.16386E-4 1.21348E-4 1.28157E-4 1.2436E-4 1.22384E-4 1.21023E-4 1.25149E-4 1.22212E-4 1.20769E-4 1.21707E-4 1.21119E-4 1.213E-4 1.13257E-4 1.10306E-4 1.09269E-4 1.10498E-4 1.12916E-4 1.11E-4 1.07236E-4 1.07085E-4 1.08587E-4 1.13428E-4 1.20865E-4 1.14314E-4 1.1853E-4 1.13042E-4 1.0857E-4 1.0633E-4 1.15754E-4 1.1591E-4 1.132E-4 1.10405E-4 1.12978E-4
1.59207E-4 1.5141E-4 1.5385E-4 1.49629E-4 1.37703E-4 1.42701E-4 1.42198E-4 1.30149E-4 1.41187E-4 1.44387E-4 1.48471E-4 1.40999E-4 1.38176E-4 1.40114E-4 1.39917E-4 1.34739E-4 1.32485E-4 1.29477E-4 1.35764E-4 1.32029E-4 1.3388E-4 1.27849E-4 1.21953E-4 1.2229E-4 1.21262E-4 1.3408E-4 1.23765E-4 1.18313E-4 1.21327E-4 1.2409E-4 1.28327E-4 1.20343E-4 1.20343E-4 1.20343E-4 1.21193E-4 1.21697E-4 1.21878E-4 1.25415E-4 1.2128E-4 1.13089E-4 1.13098E-4 1.13577E-4 1.09723E-4 1.09691E-4 1.07986E-4 1.08443E-4 1.06974E-4 1.0757E-4 1.02985E-4 1.07622E-4 1.03722E-4 1.13361E-4 1.19873E-4 1.13521E-4 1.14179E-4 1.08026E-4 1.08789E-4 1.08943E-4 1.10708E-4 1.17648E-4 1.11994E-4
1.55362E-4 1.52458E-4 1.35319E-4 1.44989E-4 1.37703E-4 1.43586E-4 1.43952E-4 1.40575E-4 1.47428E-4 1.44783E-4 1.48878E-4 1.31928E-4 1.4568E-4 1.45486E-4 1.3972E-4 1.35299E-4 1.35005E-4 1.34543E-4 1.33411E-4 1.28379E-4 1.31476E-4 1.31291E-4 1.23652E-4 1.21603E-4 1.22808E-4 1.1701E-4 1.17813E-4 1.17482E-4 1.20986E-4 1.16516E-4 1.15868E-4 1.15704E-4 1.15551E-4 1.18652E-4 1.20004E-4 1.14312E-4 1.14958E-4 1.15608E-4 1.15762E-4 1.15203E-4 1.15691E-4 1.12667E-4 1.10645E-4 1.11114E-4 1.10769E-4 1.07125E-4 1.09427E-4 1.07018E-4 1.01886E-4 1.00904E-4 1.03046E-4 1.0567E-4 1.07313E-4 1.04104E-4 1.02243E-4 1.07005E-4 1.07299E-4 1.0597E-4 1.01635E-4 1.04314E-4 1.04468E-4
1.44083E-4 1.48367E-4 1.43071E-4 1.39922E-4 1.39429E-4 1.36938E-4 1.41359E-4 1.41559E-4 1.38909E-4 1.39694E-4 1.3685E-4 1.32138E-4 1.40873E-4 1.46297E-4 1.43661E-4 1.37578E-4 1.37279E-4 1.32929E-4 1.33127E-4 1.34234E-4 1.3368E-4 1.29637E-4 1.3128E-4 1.39623E-4 1.37471E-4 1.36518E-4 1.35563E-4 1.20316E-4 1.16349E-4 1.36546E-4 1.17205E-4 1.34291E-4 1.16556E-4 1.16228E-4 1.17215E-4 1.14161E-4 1.11168E-4 1.11787E-4 1.12103E-4 1.12577E-4 1.13054E-4 1.09327E-4 1.09953E-4 1.0915E-4 1.0854E-4 1.05788E-4 1.06987E-4 1.01886E-4 1.03175E-4 1.06536E-4 1.09412E-4 1.08812E-4 1.05128E-4 1.04996E-4 1.04427E-4 1.07307E-4 1.07465E-4 1.05985E-4 1.09721E-4 1.07609E-4 1.05679E-4
1.48356E-4 1.45489E-4 1.40504E-4 1.37218E-4 1.41386E-4 1.38664E-4 1.34649E-4 1.33264E-4 1.42447E-4 1.40513E-4 1.41894E-4 1.32138E-4 1.40092E-4 1.47101E-4 1.36546E-4 1.30948E-4 1.40963E-4 1.36881E-4 1.32554E-4 1.53599E-4 1.53802E-4 1.34613E-4 1.49217E-4 1.21809E-4 1.2288E-4 1.23064E-4 1.33729E-4 1.36739E-4 1.37125E-4 1.38284E-4 1.16667E-4 1.16349E-4 1.3012E-4 1.14435E-4 1.14464E-4 1.15436E-4 1.15915E-4 1.16079E-4 1.12727E-4 1.13045E-4 1.13054E-4 1.13533E-4 1.20537E-4 1.08096E-4 1.05858E-4 1.05721E-4 1.01535E-4 9.81799E-5 1.0019E-4 1.02488E-4 1.01083E-4 1.04656E-4 1.06312E-4 1.01548E-4 9.77376E-5 9.95218E-5 9.66692E-5 9.79245E-5 9.83393E-5 9.60393E-5 1.00773E-4
1.44468E-4 1.44875E-4 1.41676E-4 1.37197E-4 1.35306E-4 1.34542E-4 1.31889E-4 1.2935E-4 1.34943E-4 1.42083E-4 1.45896E-4 1.40689E-4 1.45691E-4 1.39041E-4 1.40299E-4 1.39713E-4 1.32761E-4 1.57056E-4 1.36881E-4 1.33116E-4 1.46816E-4 1.54454E-4 1.30082E-4 1.45991E-4 1.40979E-4 1.43337E-4 1.37649E-4 1.35178E-4 1.32752E-4 1.37467E-4 1.30365E-4 1.32946E-4 1.28491E-4 1.31848E-4 1.17197E-4 1.15915E-4 1.12093E-4 1.12568E-4 1.13834E-4 1.3171E-4 1.17688E-4 1.3772E-4 1.2274E-4 1.12088E-4 1.10694E-4 1.08712E-4 9.8392E-5 9.54822E-5 1.01678E-4 1.11895E-4 9.12766E-5 1.01676E-4 1.04707E-4 9.34803E-5 9.5194E-5 9.82893E-5 9.67788E-5 9.67788E-5 9.83393E-5 9.6513E-5 9.98998E-5
1.49592E-4 1.44864E-4 1.41089E-4 1.37004E-4 1.34271E-4 1.42462E-4 1.39849E-4 1.36386E-4 1.3913E-4 1.46296E-4 1.45679E-4 1.5534E-4 1.68002E-4 1.38455E-4 1.37113E-4 1.31111E-4 1.33812E-4 1.48139E-4 1.49397E-4 1.54033E-4 1.49676E-4 1.53599E-4 1.49465E-4 1.43919E-4 1.43527E-4 1.39763E-4 1.3611E-4 1.36699E-4 1.32752E-4 1.28283E-4 1.32017E-4 1.30376E-4 1.27959E-4 1.28402E-4 1.17674E-4 1.40994E-4 1.33188E-4 1.12568E-4 1.14146E-4 1.32225E-4 1.30308E-4 1.39657E-4 1.36753E-4 1.3812E-4 1.3134E-4 1.03161E-4 9.67538E-5 9.41544E-5 9.41624E-5 9.4422E-5 8.75356E-5 9.37038E-5 9.20426E-5 9.54562E-5 9.27059E-5 9.46797E-5 9.20563E-5 9.19467E-5 9.59916E-5 1.0433E-4 9.84599E-5
1.67966E-4 1.67507E-4 1.62453E-4 1.58853E-4 1.54266E-4 1.5643E-4 1.60236E-4 1.358E-4 1.54207E-4 1.71161E-4 1.65765E-4 1.6279E-4 1.69627E-4 1.5683E-4 1.50189E-4 1.48302E-4 1.49522E-4 1.45363E-4 1.49478E-4 1.5414E-4 1.48847E-4 1.49044E-4 1.43527E-4 1.44325E-4 1.45128E-4 1.39554E-4 1.35907E-4 1.36494E-4 1.31737E-4 1.29554E-4 1.26699E-4 1.30376E-4 1.28491E-4 1.3465E-4 1.36644E-4 1.37029E-4 1.36357E-4 1.28866E-4 1.32329E-4 1.27428E-4 1.31968E-4 1.29953E-4 1.33183E-4 1.33282E-4 1.36678E-4 1.0742E-4 1.02734E-4 1.12273E-4 9.55894E-5 9.69618E-5 9.41741E-5 8.96928E-5 9.46461E-5 9.12223E-5 8.89757E-5 9.34673E-5 9.19328E-5 8.8921E-5 8.62445E-5 9.89231E-5 9.42094E-5
1.7246E-4 1.72947E-4 1.67022E-4 1.61996E-4 1.59513E-4 1.5621E-4 1.61128E-4 1.58446E-4 1.5164E-4 1.4972E-4 1.51439E-4 1.53143E-4 1.52922E-4 1.54003E-4 1.55127E-4 1.52531E-4 1.54029E-4 1.49685E-4 1.49909E-4 1.57499E-4 1.53909E-4 1.46716E-4 1.42507E-4 1.42118E-4 1.385E-4 1.42909E-4 1.39751E-4 1.35931E-4 1.30639E-4 1.27944E-4 1.30466E-4 1.26164E-4 1.25113E-4 1.31222E-4 1.36451E-4 1.325E-4 1.33249E-4 1.305E-4 1.24797E-4 1.24786E-4 1.25394E-4 1.26171E-4 1.29237E-4 1.32797E-4 1.33836E-4 1.2256E-4 1.1673E-4 1.13044E-4 9.58204E-5 1.0909E-4 9.19574E-5 9.15825E-5 8.82083E-5 8.85881E-5 8.96867E-5 9.00162E-5 8.3316E-5 8.61103E-5 8.58808E-5 8.99181E-5 9.30223E-5
1.73191E-4 1.72947E-4 1.68889E-4 1.67022E-4 1.59289E-4 1.5599E-4 1.51814E-4 1.46089E-4 1.44468E-4 1.4672E-4 1.44888E-4 1.5184E-4 1.63796E-4 1.59501E-4 1.56417E-4 1.52544E-4 1.52948E-4 1.44342E-4 1.49896E-4 1.56216E-4 1.56436E-4 1.54492E-4 1.46344E-4 1.42306E-4 1.3889E-4 1.33933E-4 1.3563E-4 1.31911E-4 1.30628E-4 1.29186E-4 1.29733E-4 1.29368E-4 1.29916E-4 1.35494E-4 1.35505E-4 1.26353E-4 1.22815E-4 1.22473E-4 1.22494E-4 1.30316E-4 1.23735E-4 1.21675E-4 1.20495E-4 1.23894E-4 1.29416E-4 1.25491E-4 1.16145E-4 1.12856E-4 1.11999E-4 1.07234E-4 1.10768E-4 9.22235E-5 8.88466E-5 8.80658E-5 8.82023E-5 8.49514E-5 8.22715E-5 8.21684E-5 7.99202E-5 8.53325E-5 9.3812E-5
1.77712E-4 1.76839E-4 1.68768E-4 1.70591E-4 1.56785E-4 1.53334E-4 1.42066E-4 1.46076E-4 1.43859E-4 1.47317E-4 1.56796E-4 1.59488E-4 1.55258E-4 1.52054E-4 1.56197E-4 1.52102E-4 1.4314E-4 1.43949E-4 1.40712E-4 1.49672E-4 1.45115E-4 1.44911E-4 1.43704E-4 1.40133E-4 1.4142E-4 1.36193E-4 1.30974E-4 1.30801E-4 1.30249E-4 1.29539E-4 1.2955E-4 1.29186E-4 1.34542E-4 1.39338E-4 1.32257E-4 1.28077E-4 1.23336E-4 1.25251E-4 1.25948E-4 1.20104E-4 1.23717E-4 1.21654E-4 1.23543E-4 1.23903E-4 1.20484E-4 1.22021E-4 1.21346E-4 1.16724E-4 1.12668E-4 1.16916E-4 1.15064E-4 1.04973E-4 9.1338E-5 8.80903E-5 8.74969E-5 8.51924E-5 8.35511E-5 8.262E-5 8.08085E-5 8.39076E-5 8.42631E-5
1.79716E-4 1.68111E-4 1.7095E-4 1.71418E-4 1.6098E-4 1.57215E-4 1.45263E-4 1.51221E-4 1.53951E-4 1.601E-4 1.55696E-4 1.54821E-4 1.55258E-4 1.51814E-4 1.43285E-4 1.44298E-4 1.3954E-4 1.40119E-4 1.4091E-4 1.39296E-4 1.48603E-4 1.48786E-4 1.48577E-4 1.43501E-4 1.34868E-4 1.34678E-4 1.3469E-4 1.3488E-4 1.33933E-4 1.31481E-4 1.35784E-4 1.37718E-4 1.32422E-4 1.28066E-4 1.32444E-4 1.28247E-4 1.23509E-4 1.27003E-4 1.2842E-4 1.23316E-4 1.20263E-4 1.21314E-4 1.25625E-4 1.22849E-4 1.20314E-4 1.20824E-4 1.21007E-4 1.14221E-4 1.16659E-4 1.15734E-4 1.10878E-4 8.99392E-5 8.9447E-5 9.00859E-5 8.4255E-5 8.39178E-5 8.4517E-5 8.15916E-5 8.10294E-5 8.41317E-5 8.52063E-5
1.72866E-4 1.69061E-4 1.70469E-4 1.66469E-4 1.64344E-4 1.60036E-4 1.52285E-4 1.44812E-4 1.51421E-4 1.63472E-4 1.58528E-4 1.49398E-4 1.45892E-4 1.46509E-4 1.47532E-4 1.47935E-4 1.39724E-4 1.40316E-4 1.4364E-4 1.35558E-4 1.37331E-4 1.39062E-4 1.43286E-4 1.39835E-4 1.39062E-4 1.34489E-4 1.35058E-4 1.30789E-4 1.32399E-4 1.37295E-4 1.29945E-4 1.30336E-4 1.30715E-4 1.32983E-4 1.24279E-4 1.28428E-4 1.29325E-4 1.19651E-4 1.16834E-4 1.26103E-4 1.23858E-4 1.22278E-4 1.25268E-4 1.20311E-4 1.18299E-4 1.20645E-4 1.15323E-4 1.16637E-4 1.14553E-4 1.12668E-4 1.12559E-4 9.41657E-5 8.93764E-5 1.003E-4 8.66382E-5 8.43738E-5 8.31E-5 8.28899E-5 8.4541E-5 8.55474E-5 8.55672E-5
1.72943E-4 1.73542E-4 1.68517E-4 1.6469E-4 1.59136E-4 1.60036E-4 1.47561E-4 1.48592E-4 1.49841E-4 1.4613E-4 1.49188E-4 1.49609E-4 1.47324E-4 1.46496E-4 1.44069E-4 1.44056E-4 1.4487E-4 1.38135E-4 1.34998E-4 1.35749E-4 1.37318E-4 1.28875E-4 1.29786E-4 1.40415E-4 1.4002E-4 1.35225E-4 1.31702E-4 1.33371E-4 1.32574E-4 1.31206E-4 1.38592E-4 1.31431E-4 1.31617E-4 1.28266E-4 1.28236E-4 1.25579E-4 1.23286E-4 1.21393E-4 1.23104E-4 1.20383E-4 1.18365E-4 1.26612E-4 1.2164E-4 1.22492E-4 1.22494E-4 1.13691E-4 1.18582E-4 1.18965E-4 1.12841E-4 1.16014E-4 1.1458E-4 1.11478E-4 1.07818E-4 1.05594E-4 1.04426E-4 9.01951E-5 8.14243E-5 8.65176E-5 8.78447E-5 8.63896E-5 8.65245E-5
1.68719E-4 1.73648E-4 1.68871E-4 1.64444E-4 1.59921E-4 1.60798E-4 1.47757E-4 1.48999E-4 1.45105E-4 1.46118E-4 1.46737E-4 1.44663E-4 1.46097E-4 1.41866E-4 1.43057E-4 1.43663E-4 1.40093E-4 1.34594E-4 1.34606E-4 1.34251E-4 1.3018E-4 1.3381E-4 1.29775E-4 1.29958E-4 1.29227E-4 1.30129E-4 1.27804E-4 1.3981E-4 1.30777E-4 1.29505E-4 1.30415E-4 1.36284E-4 1.32524E-4 1.28968E-4 1.22583E-4 1.23113E-4 1.1731E-4 1.13993E-4 1.18109E-4 1.23615E-4 1.25875E-4 1.22066E-4 1.20032E-4 1.18735E-4 1.19071E-4 1.19603E-4 1.20959E-4 1.14777E-4 1.11143E-4 1.10531E-4 1.10862E-4 1.07979E-4 1.04322E-4 1.05605E-4 1.00449E-4 1.04E-4 8.62065E-5 8.60672E-5 8.58924E-5 8.50071E-5 8.46015E-5
1.6823E-4 1.64065E-4 1.69096E-4 1.64431E-4 1.66046E-4 1.55922E-4 1.53429E-4 1.49419E-4 1.45501E-4 1.42487E-4 1.47138E-4 1.40584E-4 1.45263E-4 1.37865E-4 1.43057E-4 1.4019E-4 1.3811E-4 1.35724E-4 1.32189E-4 1.28904E-4 1.29266E-4 1.29592E-4 1.33999E-4 1.3381E-4 1.28501E-4 1.29216E-4 1.40156E-4 1.36507E-4 1.33975E-4 1.33409E-4 1.28581E-4 1.28832E-4 1.25906E-4 1.24193E-4 1.20947E-4 1.18606E-4 1.21802E-4 1.13983E-4 1.19762E-4 1.17858E-4 1.20269E-4 1.22468E-4 1.19088E-4 1.15283E-4 1.10243E-4 1.15852E-4 1.14444E-4 1.17983E-4 1.17024E-4 1.13978E-4 1.11793E-4 1.06923E-4 1.06675E-4 1.01167E-4 9.71593E-5 9.86769E-5 9.93317E-5 8.60913E-5 8.56198E-5 8.53612E-5 8.97073E-5
1.592E-4 1.64282E-4 1.5975E-4 1.66382E-4 1.66266E-4 1.56803E-4 1.48986E-4 1.49617E-4 1.45694E-4 1.37885E-4 1.49476E-4 1.45556E-4 1.45866E-4 1.38437E-4 1.39599E-4 1.38596E-4 1.34784E-4 1.36095E-4 1.31805E-4 1.3255E-4 1.31632E-4 1.29763E-4 1.29946E-4 1.3255E-4 1.29751E-4 1.34364E-4 1.36271E-4 1.31778E-4 1.27579E-4 1.32115E-4 1.32464E-4 1.26293E-4 1.2034E-4 1.24872E-4 1.22628E-4 1.23659E-4 1.20936E-4 1.20767E-4 1.1868E-4 1.19339E-4 1.17526E-4 1.19339E-4 1.16373E-4 1.12874E-4 1.1148E-4 1.10556E-4 1.15446E-4 1.13703E-4 1.17105E-4 1.11997E-4 1.0803E-4 1.08862E-4 1.05743E-4 1.02167E-4 1.02031E-4 1.00075E-4 8.75396E-5 8.88949E-5 8.56137E-5 1.0019E-4 9.15004E-5
1.84352E-4 1.85118E-4 1.80026E-4 1.86054E-4 1.88147E-4 1.57771E-4 1.48567E-4 1.41187E-4 1.44024E-4 1.40357E-4 1.47139E-4 1.42891E-4 1.44294E-4 1.40522E-4 1.41516E-4 1.37817E-4 1.33637E-4 1.34014E-4 1.35521E-4 1.29139E-4 1.25057E-4 1.28711E-4 1.30117E-4 1.31037E-4 1.35684E-4 1.35493E-4 1.35684E-4 1.32416E-4 1.3114E-4 1.34389E-4 1.30313E-4 1.35314E-4 1.22887E-4 1.24346E-4 1.24521E-4 1.18323E-4 1.22358E-4 1.20341E-4 1.24795E-4 1.27436E-4 1.19664E-4 1.18978E-4 1.17691E-4 1.18677E-4 1.12407E-4 1.15077E-4 1.14442E-4 1.13853E-4 1.18496E-4 1.15399E-4 1.09686E-4 1.07878E-4 1.03324E-4 1.02557E-4 1.0103E-4 9.84013E-5 1.02139E-4 9.90581E-5 1.02155E-4 8.75528E-5 9.92203E-5
