Artocarpus hirsutus SDM files/Last interglacial/results (without bias file)/Arthir_avg.asc
ncols         625
nrows         721
xllcorner     69.99986311115
yllcorner     5.99986151914999
cellsize      0.041666667
NODATA_value  -9999
[rows 324 to 350 of 721, columns 366 to 426 of 625]
8.43086E-4 7.79664E-4 6.77747E-4 7.5946E-4 7.34663E-4 1.13489E-3 1.24722E-3 1.29768E-3 1.09935E-3 1.01415E-3 6.53105E-4 5.93185E-4 6.52551E-4 1.02344E-3 8.25804E-4 7.77392E-4 8.02383E-4 9.6263E-4 1.16662E-3 1.14319E-3 1.39441E-3 1.08818E-3 9.51694E-4 1.20074E-3 1.64604E-3 1.9174E-3 1.38314E-3 1.15066E-3 9.13352E-4 6.97365E-4 7.65242E-4 8.35864E-4 8.71801E-4 8.62307E-4 8.15606E-4 7.52236E-4 8.31666E-4 8.59279E-4 8.70972E-4 9.70814E-4 1.17361E-3 1.04061E-3 9.87767E-4 1.02256E-3 1.2059E-3 1.42681E-3 1.41149E-3 1.26417E-3 1.15402E-3 1.20964E-3 1.24492E-3 1.27548E-3 1.25336E-3 1.19761E-3 1.29434E-3 1.38241E-3 1.34141E-3 1.39481E-3 1.35891E-3 1.37561E-3 1.43589E-3
6.36877E-4 6.76789E-4 1.18603E-3 1.13979E-3 1.06016E-3 1.45158E-3 1.16921E-3 1.31717E-3 8.8603E-4 8.50228E-4 7.34256E-4 7.7424E-4 8.00764E-4 8.66236E-4 8.19359E-4 1.01113E-3 7.60021E-4 8.73267E-4 7.78939E-4 9.66952E-4 1.5413E-3 1.57032E-3 1.37684E-3 1.30033E-3 1.33872E-3 1.05855E-3 8.33418E-4 7.61892E-4 6.73572E-4 7.53909E-4 8.07626E-4 8.52173E-4 7.93609E-4 1.07911E-3 9.57963E-4 9.75462E-4 1.04758E-3 1.10792E-3 1.08948E-3 1.01203E-3 1.20669E-3 1.17845E-3 1.16508E-3 1.08801E-3 1.07082E-3 1.22634E-3 1.38523E-3 1.40864E-3 1.41746E-3 1.35082E-3 1.32724E-3 1.30881E-3 1.30311E-3 1.33879E-3 1.38585E-3 1.39951E-3 1.43465E-3 1.42865E-3 1.43721E-3 1.49607E-3 1.45992E-3
8.69586E-4 1.20596E-3 8.93788E-4 1.37759E-3 1.19494E-3 9.30421E-4 1.03867E-3 9.43943E-4 1.02633E-3 1.40643E-3 9.44959E-4 1.01691E-3 1.03299E-3 9.67464E-4 1.00928E-3 9.11305E-4 9.84155E-4 8.97632E-4 9.39033E-4 1.05082E-3 1.0068E-3 1.1622E-3 1.60604E-3 1.88832E-3 2.02225E-3 1.97094E-3 7.5777E-4 6.13159E-4 7.50968E-4 1.75101E-3 1.37869E-3 8.49508E-4 8.05705E-4 1.01235E-3 1.01302E-3 1.11197E-3 1.09203E-3 1.07409E-3 1.00379E-3 1.1444E-3 1.41119E-3 1.50383E-3 1.44169E-3 1.36574E-3 1.15603E-3 1.12802E-3 1.1967E-3 1.35283E-3 1.39813E-3 1.44232E-3 1.2851E-3 1.30243E-3 1.3219E-3 1.31856E-3 1.3662E-3 1.39843E-3 1.36467E-3 1.41547E-3 1.51122E-3 1.45635E-3 1.51051E-3
1.12415E-3 1.16146E-3 8.06299E-4 8.33224E-4 7.27882E-4 7.32144E-4 7.37539E-4 8.00446E-4 9.45368E-4 1.35957E-3 1.17439E-3 1.11833E-3 1.02178E-3 9.21392E-4 1.10342E-3 1.07647E-3 1.0134E-3 1.17575E-3 9.79887E-4 8.10996E-4 1.03398E-3 1.3564E-3 1.35595E-3 1.62319E-3 1.02737E-3 1.2414E-3 9.24619E-4 9.61153E-4 1.01771E-3 1.94268E-3 2.0225E-3 1.19373E-3 9.28125E-4 9.67157E-4 9.78033E-4 1.18918E-3 1.16567E-3 1.2826E-3 1.14654E-3 1.23022E-3 1.3223E-3 1.63461E-3 1.69083E-3 1.54487E-3 1.4598E-3 1.34017E-3 1.26429E-3 1.21191E-3 1.18631E-3 1.26185E-3 1.25515E-3 1.29507E-3 1.43023E-3 1.42425E-3 1.44703E-3 1.43975E-3 1.39365E-3 1.40227E-3 1.49593E-3 1.54216E-3 1.52203E-3
1.03163E-3 8.61032E-4 8.72231E-4 6.81031E-4 8.86919E-4 1.06681E-3 1.28715E-3 1.20762E-3 1.13915E-3 1.10623E-3 1.28906E-3 1.25663E-3 1.2805E-3 1.24892E-3 1.42079E-3 1.12612E-3 1.06013E-3 1.19954E-3 1.1306E-3 1.10153E-3 1.13222E-3 1.22832E-3 1.39112E-3 1.37836E-3 1.14438E-3 1.74416E-3 2.19352E-3 1.59208E-3 1.56394E-3 1.19695E-3 1.22402E-3 1.11513E-3 9.74597E-4 1.0065E-3 1.42102E-3 1.37304E-3 1.34708E-3 1.27462E-3 1.26235E-3 1.20583E-3 1.46712E-3 1.5481E-3 1.51912E-3 1.66308E-3 1.85255E-3 1.8158E-3 1.56888E-3 1.51215E-3 1.5156E-3 1.42131E-3 1.4032E-3 1.45431E-3 1.46701E-3 1.4666E-3 1.46455E-3 1.50181E-3 1.43792E-3 1.39108E-3 1.44138E-3 1.63396E-3 1.62804E-3
1.19445E-3 9.94681E-4 1.05898E-3 9.12025E-4 1.1568E-3 1.359E-3 1.60493E-3 1.37646E-3 9.95483E-4 1.29449E-3 1.48184E-3 1.65175E-3 1.49423E-3 1.71919E-3 1.63797E-3 1.17685E-3 1.12043E-3 1.16841E-3 1.23932E-3 1.18185E-3 1.12776E-3 1.11262E-3 1.05623E-3 1.24237E-3 2.03151E-3 2.22926E-3 2.03459E-3 1.93054E-3 1.8798E-3 1.32105E-3 1.09517E-3 1.10342E-3 1.41779E-3 1.11944E-3 1.2504E-3 1.38283E-3 1.33246E-3 1.59656E-3 1.61321E-3 1.45602E-3 1.41731E-3 1.62078E-3 1.62538E-3 1.5984E-3 1.9091E-3 1.83182E-3 1.89224E-3 1.8079E-3 1.80612E-3 1.70699E-3 1.49393E-3 1.50556E-3 1.50896E-3 1.55778E-3 1.41584E-3 1.40161E-3 1.48696E-3 1.51968E-3 1.55012E-3 1.61886E-3 1.62249E-3
1.5291E-3 7.8818E-4 1.20487E-3 1.21247E-3 8.61608E-4 9.77272E-4 1.03301E-3 1.31852E-3 1.3345E-3 1.04227E-3 1.38146E-3 1.44378E-3 1.7485E-3 1.86866E-3 1.36684E-3 1.23012E-3 1.59926E-3 1.41688E-3 1.26638E-3 1.32551E-3 1.24733E-3 1.19556E-3 1.30625E-3 1.35263E-3 1.82636E-3 1.9153E-3 1.5763E-3 1.58326E-3 1.26636E-3 1.35854E-3 1.21712E-3 1.17285E-3 1.15514E-3 1.15095E-3 1.41411E-3 1.29126E-3 1.27868E-3 1.42946E-3 1.5329E-3 1.58198E-3 1.60598E-3 1.5679E-3 1.6371E-3 1.67401E-3 1.83791E-3 1.91124E-3 1.72519E-3 1.70425E-3 1.53874E-3 1.53601E-3 1.57127E-3 1.62325E-3 1.55588E-3 1.55588E-3 1.54589E-3 1.48636E-3 1.51911E-3 1.55827E-3 1.55216E-3 1.64251E-3 1.70439E-3
7.8095E-4 6.73536E-4 1.25178E-3 1.0228E-3 1.01634E-3 8.62965E-4 9.25264E-4 1.29651E-3 1.41238E-3 1.23138E-3 1.23419E-3 1.57587E-3 1.66224E-3 1.64553E-3 1.9887E-3 1.91076E-3 2.07935E-3 1.73071E-3 1.63733E-3 1.58503E-3 1.31031E-3 1.37522E-3 1.25207E-3 1.17561E-3 1.0617E-3 1.24634E-3 1.54002E-3 2.67285E-3 1.59847E-3 1.56079E-3 1.14503E-3 1.32105E-3 1.26533E-3 1.33395E-3 1.28808E-3 1.36654E-3 1.42153E-3 1.49911E-3 1.62334E-3 1.58022E-3 1.55696E-3 1.64125E-3 1.7437E-3 1.67106E-3 1.76256E-3 1.87252E-3 1.83335E-3 1.55913E-3 1.53834E-3 1.59831E-3 1.60283E-3 1.78327E-3 1.61722E-3 1.64545E-3 1.58436E-3 1.62474E-3 1.62702E-3 1.65173E-3 1.648E-3 1.7404E-3 1.80186E-3
8.33889E-4 9.42905E-4 1.33203E-3 9.41275E-4 1.25061E-3 1.17242E-3 1.09178E-3 1.26968E-3 1.72414E-3 1.76775E-3 1.5111E-3 1.65024E-3 1.45147E-3 1.22963E-3 1.44504E-3 1.60589E-3 1.90474E-3 2.16342E-3 2.05743E-3 1.40909E-3 1.30948E-3 1.39979E-3 1.5801E-3 1.39232E-3 1.74268E-3 1.22961E-3 1.50991E-3 1.68567E-3 2.19536E-3 2.68799E-3 2.00287E-3 1.37206E-3 1.60675E-3 1.8251E-3 1.73175E-3 1.71004E-3 1.59443E-3 1.65988E-3 1.76708E-3 1.77155E-3 1.88101E-3 1.69592E-3 1.65232E-3 1.73529E-3 1.76335E-3 1.86158E-3 1.89953E-3 1.84796E-3 1.68206E-3 1.71722E-3 1.66722E-3 1.76148E-3 1.75714E-3 1.68878E-3 1.67793E-3 1.66333E-3 1.66288E-3 1.69763E-3 1.69097E-3 1.79129E-3 1.83804E-3
9.3397E-4 1.23415E-3 9.74482E-4 1.03978E-3 1.43356E-3 1.7392E-3 1.54963E-3 1.55641E-3 1.2944E-3 1.42116E-3 1.3467E-3 1.49804E-3 1.38631E-3 1.27587E-3 1.2711E-3 1.55586E-3 1.34089E-3 1.19864E-3 1.32602E-3 1.2083E-3 1.41567E-3 1.52083E-3 1.92531E-3 1.95715E-3 1.81371E-3 1.37043E-3 1.4399E-3 1.79648E-3 2.08973E-3 2.05953E-3 1.4031E-3 1.40125E-3 1.41208E-3 1.76981E-3 2.2175E-3 2.15305E-3 2.28673E-3 2.31356E-3 2.43454E-3 2.29931E-3 2.28768E-3 2.48495E-3 2.22347E-3 1.94311E-3 1.79496E-3 1.81846E-3 1.92732E-3 2.10861E-3 1.92106E-3 1.66752E-3 1.70902E-3 1.74684E-3 1.78236E-3 1.76744E-3 1.82576E-3 1.73903E-3 1.74344E-3 1.77739E-3 1.89117E-3 1.92749E-3 1.94325E-3
1.72002E-3 1.34575E-3 8.3767E-4 1.13398E-3 2.08781E-3 1.48674E-3 1.49114E-3 1.3354E-3 1.15096E-3 1.10078E-3 1.31827E-3 1.34452E-3 1.23792E-3 1.26635E-3 1.65253E-3 1.81597E-3 1.7511E-3 1.3682E-3 1.20774E-3 1.30995E-3 1.84994E-3 1.90819E-3 1.97059E-3 1.42317E-3 1.62423E-3 1.73039E-3 2.2643E-3 2.18089E-3 1.47058E-3 1.0546E-3 1.24151E-3 1.56926E-3 1.43855E-3 1.70564E-3 2.12349E-3 2.3534E-3 2.19907E-3 2.2439E-3 2.32806E-3 2.44075E-3 2.63171E-3 2.72427E-3 2.64008E-3 2.55456E-3 2.06959E-3 1.83441E-3 1.91449E-3 1.88649E-3 1.92549E-3 1.90368E-3 1.79108E-3 1.82543E-3 1.7682E-3 1.7682E-3 1.75661E-3 1.77336E-3 1.80994E-3 1.85979E-3 1.93341E-3 1.97886E-3 2.16597E-3
1.27531E-3 7.95157E-4 1.07488E-3 1.11673E-3 1.13841E-3 8.99003E-4 9.92471E-4 1.04308E-3 1.18609E-3 1.36431E-3 1.19342E-3 1.27496E-3 1.5222E-3 1.79261E-3 1.78911E-3 1.92842E-3 2.0581E-3 1.50229E-3 1.32114E-3 1.66115E-3 2.27705E-3 2.93136E-3 1.53154E-3 1.43007E-3 2.69081E-3 2.83369E-3 2.30843E-3 1.6083E-3 1.90674E-3 1.72385E-3 1.67337E-3 1.9059E-3 1.71159E-3 1.57039E-3 1.81405E-3 2.00858E-3 2.12614E-3 1.79553E-3 2.23564E-3 2.23753E-3 2.14506E-3 2.24626E-3 2.51384E-3 2.54243E-3 2.41779E-3 2.09211E-3 1.98862E-3 1.96193E-3 2.03904E-3 2.03912E-3 1.96784E-3 1.85779E-3 1.85827E-3 1.90625E-3 1.82822E-3 1.82102E-3 1.86643E-3 1.8913E-3 2.02717E-3 1.85126E-3 1.84732E-3
9.9738E-4 1.04287E-3 1.4534E-3 1.29301E-3 1.13718E-3 9.73635E-4 1.06681E-3 1.41274E-3 1.41814E-3 1.26337E-3 1.29889E-3 1.43368E-3 1.59964E-3 1.77723E-3 1.75299E-3 1.51358E-3 1.68276E-3 1.71129E-3 2.33007E-3 2.12144E-3 1.98523E-3 2.15531E-3 1.89454E-3 2.27369E-3 2.58923E-3 2.38306E-3 1.55323E-3 1.60469E-3 2.10176E-3 2.02461E-3 1.70676E-3 2.11993E-3 1.74872E-3 1.48901E-3 1.68481E-3 1.81788E-3 2.40472E-3 2.18488E-3 1.8172E-3 2.20615E-3 2.10812E-3 2.36911E-3 2.24214E-3 2.34725E-3 2.66434E-3 2.60446E-3 2.10419E-3 2.14689E-3 2.19415E-3 2.16438E-3 2.16438E-3 2.06082E-3 2.01701E-3 1.92956E-3 1.92741E-3 1.98559E-3 1.99116E-3 1.93627E-3 1.82545E-3 1.95347E-3 2.00679E-3
8.76652E-4 9.43366E-4 1.32264E-3 1.29308E-3 1.11001E-3 1.37505E-3 1.44694E-3 1.29122E-3 1.29722E-3 1.30592E-3 1.35292E-3 1.30276E-3 1.26874E-3 1.32504E-3 1.38453E-3 1.38761E-3 1.38784E-3 1.66491E-3 1.61003E-3 1.57408E-3 1.80755E-3 1.57565E-3 2.03034E-3 3.438E-3 3.93731E-3 3.95678E-3 3.07417E-3 2.43954E-3 3.2478E-3 3.25153E-3 3.45719E-3 3.4843E-3 1.96818E-3 1.84511E-3 1.73414E-3 1.92796E-3 2.35401E-3 2.84411E-3 2.42364E-3 2.11463E-3 2.3729E-3 2.17787E-3 2.28329E-3 2.31157E-3 2.63393E-3 2.47466E-3 2.33908E-3 2.20007E-3 2.18534E-3 2.29997E-3 2.22898E-3 2.25784E-3 1.87809E-3 1.80397E-3 1.80903E-3 1.7366E-3 1.8083E-3 1.80669E-3 1.99606E-3 2.07556E-3 2.18933E-3
1.22454E-3 1.09213E-3 1.15686E-3 1.39462E-3 1.00072E-3 1.44355E-3 1.8518E-3 1.20301E-3 1.22992E-3 1.45032E-3 1.61122E-3 1.60759E-3 1.39047E-3 1.29995E-3 1.31388E-3 1.58504E-3 1.77507E-3 1.63286E-3 1.58265E-3 1.69788E-3 1.40536E-3 1.63449E-3 2.27369E-3 1.65984E-3 1.96696E-3 2.0757E-3 2.83794E-3 2.80743E-3 3.60977E-3 3.81013E-3 2.81159E-3 1.83574E-3 2.30935E-3 2.04957E-3 2.03097E-3 2.01608E-3 2.40022E-3 2.71433E-3 2.66116E-3 2.5553E-3 2.10786E-3 2.50193E-3 2.59562E-3 2.33767E-3 2.57015E-3 2.53126E-3 2.4471E-3 2.2792E-3 2.45849E-3 2.13114E-3 2.11266E-3 2.06989E-3 2.06519E-3 1.97726E-3 1.98966E-3 1.97064E-3 1.98212E-3 1.99098E-3 2.11422E-3 2.17815E-3 2.40418E-3
1.07538E-3 1.04232E-3 1.49468E-3 1.36859E-3 1.11419E-3 1.10989E-3 1.30858E-3 1.18032E-3 1.28294E-3 1.66084E-3 1.64585E-3 1.59934E-3 1.41602E-3 1.44193E-3 1.7769E-3 1.67734E-3 1.80057E-3 1.84731E-3 1.95342E-3 1.70795E-3 2.2239E-3 3.27797E-3 1.82795E-3 2.59109E-3 4.05517E-3 2.81095E-3 3.77482E-3 2.67718E-3 3.46945E-3 3.37301E-3 3.15286E-3 4.67732E-3 2.62115E-3 2.44269E-3 2.21103E-3 2.19386E-3 2.66705E-3 2.6892E-3 2.50391E-3 2.43016E-3 2.29707E-3 2.60937E-3 2.46701E-3 2.3018E-3 2.26071E-3 2.42203E-3 2.22199E-3 2.51657E-3 2.5814E-3 2.2518E-3 2.2276E-3 2.21945E-3 2.21753E-3 2.1935E-3 2.21533E-3 2.27389E-3 2.20338E-3 2.27321E-3 2.41541E-3 2.4131E-3 2.4868E-3
1.6461E-3 1.33529E-3 2.08615E-3 1.13357E-3 1.03375E-3 1.4511E-3 1.17781E-3 1.08169E-3 1.43063E-3 1.68069E-3 1.5928E-3 1.64224E-3 1.53186E-3 1.39393E-3 1.6635E-3 1.82111E-3 1.96652E-3 1.87228E-3 1.79661E-3 1.8283E-3 2.41327E-3 4.18262E-3 3.21527E-3 1.71119E-3 1.85128E-3 4.01262E-3 4.38088E-3 2.66946E-3 3.71902E-3 3.88467E-3 4.25694E-3 2.58238E-3 2.72147E-3 2.64135E-3 2.35333E-3 2.46203E-3 2.72564E-3 2.75107E-3 3.08157E-3 2.93738E-3 2.17521E-3 2.02847E-3 2.32559E-3 2.54237E-3 2.35606E-3 2.44973E-3 2.34758E-3 2.24237E-3 2.30806E-3 2.37108E-3 2.37839E-3 2.43577E-3 2.49601E-3 2.41294E-3 2.41029E-3 2.49018E-3 2.34858E-3 2.48981E-3 2.64032E-3 2.32759E-3 2.33913E-3
1.60293E-3 2.35212E-3 2.10451E-3 1.04437E-3 1.09775E-3 1.08163E-3 1.01689E-3 1.16839E-3 1.58219E-3 1.73089E-3 1.65265E-3 1.65023E-3 1.5476E-3 1.40055E-3 1.38025E-3 1.49024E-3 1.60341E-3 1.91484E-3 1.86435E-3 1.52057E-3 1.6141E-3 1.74545E-3 2.36962E-3 3.95546E-3 1.75933E-3 2.52476E-3 4.13236E-3 3.4148E-3 4.00608E-3 4.61934E-3 3.90015E-3 2.4073E-3 2.32118E-3 2.59717E-3 2.43662E-3 2.3387E-3 2.52969E-3 3.11839E-3 3.22951E-3 2.93216E-3 2.90385E-3 2.35034E-3 2.39448E-3 2.63586E-3 2.66639E-3 2.46909E-3 2.49844E-3 2.52453E-3 2.49912E-3 2.48767E-3 2.58674E-3 2.57147E-3 2.64325E-3 2.63566E-3 2.55186E-3 2.18257E-3 2.66024E-3 2.34794E-3 2.41971E-3 2.48672E-3 2.57297E-3
8.7107E-4 1.3361E-3 1.17517E-3 9.45558E-4 1.42228E-3 1.64269E-3 1.37475E-3 1.09867E-3 1.39175E-3 1.5827E-3 1.425E-3 1.48067E-3 1.54721E-3 1.36982E-3 1.5776E-3 1.58571E-3 1.51331E-3 1.61531E-3 1.58262E-3 1.6675E-3 2.10845E-3 1.71637E-3 1.71746E-3 3.54548E-3 3.61348E-3 3.92033E-3 5.73867E-3 3.42373E-3 2.40647E-3 2.24377E-3 2.43638E-3 2.12125E-3 2.31524E-3 2.69502E-3 3.02828E-3 2.48797E-3 2.70891E-3 2.6491E-3 2.67682E-3 2.77926E-3 2.93875E-3 2.85165E-3 2.49869E-3 2.72681E-3 2.74586E-3 2.68565E-3 2.57323E-3 2.69572E-3 2.69718E-3 2.76857E-3 2.79513E-3 2.70872E-3 2.7883E-3 2.46577E-3 2.4649E-3 2.30566E-3 2.47279E-3 2.57817E-3 2.68194E-3 2.69327E-3 2.87057E-3
9.14907E-4 9.06972E-4 1.10843E-3 1.26731E-3 1.23334E-3 2.18711E-3 1.27943E-3 1.15393E-3 1.24729E-3 1.6541E-3 1.62278E-3 1.63815E-3 1.59917E-3 1.3302E-3 1.61509E-3 1.84388E-3 1.9269E-3 1.89355E-3 1.9209E-3 1.8792E-3 1.95816E-3 3.3049E-3 3.47025E-3 3.30927E-3 4.68637E-3 3.39511E-3 2.89279E-3 3.85124E-3 3.337E-3 3.79323E-3 2.30404E-3 2.46044E-3 2.61149E-3 2.943E-3 3.02822E-3 3.18831E-3 2.38332E-3 2.54319E-3 3.00828E-3 2.86759E-3 2.96414E-3 2.93025E-3 2.80105E-3 3.07873E-3 2.93383E-3 2.89533E-3 2.98293E-3 2.94961E-3 2.97527E-3 2.47314E-3 2.59375E-3 2.53143E-3 2.50767E-3 2.6012E-3 2.70656E-3 2.58921E-3 2.58749E-3 2.84261E-3 2.76645E-3 3.03927E-3 3.22379E-3
9.54163E-4 1.25055E-3 1.26153E-3 1.70307E-3 9.91144E-4 2.12738E-3 1.35208E-3 1.24247E-3 1.26664E-3 1.58278E-3 1.78185E-3 1.5072E-3 1.43225E-3 1.48251E-3 1.3475E-3 1.53263E-3 1.71955E-3 1.87482E-3 1.87421E-3 1.7973E-3 1.81206E-3 2.16357E-3 3.92063E-3 3.50924E-3 3.0607E-3 3.43933E-3 4.49871E-3 4.30779E-3 3.23093E-3 2.17216E-3 2.47571E-3 2.56031E-3 3.04625E-3 3.24594E-3 3.36712E-3 2.96926E-3 3.15067E-3 2.77174E-3 3.22396E-3 3.32689E-3 3.15015E-3 3.01958E-3 3.00596E-3 3.16814E-3 3.0561E-3 2.69079E-3 3.22399E-3 2.66575E-3 2.71947E-3 2.78059E-3 2.71241E-3 2.73919E-3 2.75293E-3 2.84919E-3 2.96652E-3 2.83883E-3 2.94657E-3 3.05642E-3 2.71844E-3 2.809E-3 2.92732E-3
1.09366E-3 1.02634E-3 1.12979E-3 1.39347E-3 1.42684E-3 1.9546E-3 2.34772E-3 1.476E-3 1.28285E-3 1.40673E-3 1.56341E-3 1.54062E-3 1.50218E-3 1.61196E-3 1.56087E-3 1.47476E-3 1.73815E-3 1.75649E-3 1.92656E-3 1.78989E-3 1.74111E-3 1.81867E-3 2.35002E-3 4.29379E-3 3.65562E-3 3.46694E-3 5.52981E-3 4.63444E-3 5.22263E-3 2.71448E-3 2.55059E-3 2.60255E-3 3.25518E-3 3.11315E-3 3.00245E-3 3.05597E-3 3.03587E-3 2.98259E-3 3.06103E-3 3.65117E-3 3.89913E-3 3.65031E-3 2.91647E-3 2.91886E-3 2.92541E-3 2.91631E-3 2.97856E-3 2.90655E-3 2.99971E-3 3.05251E-3 3.0706E-3 3.10884E-3 3.13724E-3 3.14336E-3 2.7549E-3 2.69035E-3 2.78856E-3 2.80551E-3 2.90104E-3 2.97419E-3 -9999
2.22498E-3 1.32891E-3 1.84896E-3 1.85182E-3 1.04063E-3 1.62369E-3 2.15161E-3 2.20407E-3 1.53017E-3 1.46498E-3 1.55066E-3 1.49575E-3 1.70714E-3 1.88525E-3 1.81538E-3 1.68046E-3 1.60379E-3 1.73898E-3 1.88452E-3 1.85356E-3 2.03012E-3 1.85994E-3 1.8734E-3 2.49319E-3 2.82269E-3 3.39129E-3 3.58434E-3 3.44259E-3 4.22812E-3 2.63443E-3 2.90835E-3 2.90693E-3 2.43123E-3 2.5943E-3 2.6317E-3 2.83299E-3 2.98506E-3 3.1727E-3 3.4509E-3 3.5847E-3 3.40204E-3 3.48153E-3 3.19185E-3 3.06805E-3 3.14951E-3 3.2377E-3 3.2477E-3 3.11438E-3 3.18089E-3 3.20416E-3 3.33241E-3 2.91742E-3 2.89473E-3 2.84505E-3 2.84701E-3 3.00022E-3 -9999 -9999 -9999 -9999 -9999
2.03791E-3 1.38783E-3 2.34861E-3 2.36222E-3 1.78716E-3 1.36787E-3 2.11725E-3 2.43486E-3 2.29879E-3 1.6913E-3 1.64305E-3 1.73941E-3 1.5962E-3 1.74344E-3 1.80046E-3 1.89531E-3 2.05886E-3 1.99753E-3 1.87892E-3 2.08621E-3 1.95666E-3 2.05867E-3 2.10639E-3 2.12845E-3 2.77144E-3 3.62383E-3 3.71611E-3 3.0049E-3 2.49117E-3 2.84488E-3 2.75587E-3 2.97323E-3 2.67831E-3 2.81842E-3 2.75142E-3 2.8705E-3 3.2042E-3 3.30783E-3 3.54317E-3 3.22593E-3 3.37156E-3 3.41622E-3 3.35513E-3 3.35849E-3 3.43906E-3 3.53947E-3 3.56957E-3 3.1163E-3 3.21185E-3 3.06379E-3 3.04451E-3 2.97784E-3 -9999 -9999 -9999 -9999 -9999 -9999 -9999 -9999 -9999
1.13336E-3 1.07178E-3 1.43419E-3 2.54868E-3 2.87452E-3 1.53594E-3 2.01381E-3 3.05066E-3 2.00391E-3 1.35772E-3 1.90686E-3 1.90376E-3 1.67619E-3 1.58946E-3 1.71251E-3 1.62316E-3 1.72976E-3 2.07702E-3 2.09571E-3 2.20683E-3 2.15188E-3 2.333E-3 2.315E-3 2.9167E-3 3.13228E-3 3.3615E-3 3.69706E-3 2.56369E-3 2.30744E-3 2.71058E-3 2.72016E-3 2.73739E-3 2.71034E-3 2.57099E-3 2.85315E-3 2.99051E-3 4.25392E-3 3.29009E-3 3.54793E-3 3.48178E-3 3.55616E-3 3.71382E-3 3.87183E-3 3.34915E-3 3.33796E-3 3.37851E-3 3.17149E-3 -9999 -9999 -9999 -9999 -9999 -9999 -9999 -9999 -9999 -9999 -9999 -9999 -9999 -9999
9.75731E-4 9.90792E-4 1.1693E-3 1.71589E-3 2.11142E-3 2.12814E-3 2.38821E-3 1.74482E-3 1.43351E-3 1.4805E-3 1.94942E-3 2.23196E-3 2.52448E-3 1.72219E-3 1.88095E-3 1.91144E-3 1.89755E-3 1.51232E-3 1.86246E-3 2.4527E-3 2.80928E-3 2.48484E-3 2.3261E-3 2.41938E-3 2.72661E-3 3.24848E-3 3.12559E-3 3.43384E-3 3.34653E-3 2.70123E-3 2.72072E-3 2.6228E-3 2.56025E-3 3.4115E-3 3.60478E-3 3.12744E-3 5.08749E-3 3.76011E-3 4.00218E-3 4.27559E-3 4.28912E-3 4.16529E-3 3.74901E-3 3.6862E-3 3.59281E-3 -9999 -9999 -9999 -9999 -9999 -9999 -9999 -9999 -9999 -9999 -9999 -9999 -9999 -9999 -9999 -9999
1.211E-3 9.67597E-4 9.89314E-4 1.15097E-3 1.39662E-3 1.89852E-3 2.68697E-3 2.25691E-3 1.84309E-3 2.15189E-3 2.3165E-3 2.34619E-3 2.3911E-3 1.72785E-3 1.70941E-3 2.15465E-3 2.32199E-3 2.13071E-3 1.69968E-3 2.43579E-3 2.65457E-3 2.78164E-3 2.59918E-3 3.02686E-3 3.29205E-3 2.73639E-3 3.07423E-3 3.33015E-3 2.68625E-3 2.79017E-3 3.42659E-3 3.18513E-3 3.12989E-3 4.87853E-3 5.79206E-3 4.6741E-3 3.72681E-3 3.94783E-3 4.17921E-3 4.38337E-3 3.95503E-3 3.891E-3 4.02165E-3 3.89141E-3 -9999 -9999 -9999 -9999 -9999 -9999 -9999 -9999 -9999 -9999 -9999 -9999 -9999 -9999 -9999 -9999 -9999
