Artocarpus hirsutus SDM files/Last interglacial/results (without bias file)/Arthir_9.asc
ncols         625
nrows         721
xllcorner     69.99986311115
yllcorner     5.99986151914999
cellsize      0.041666667
NODATA_value  -9999
[rows 0 to 26 of 721, columns 488 to 548 of 625]
4.89035E-5 4.6882E-5 4.64167E-5 4.97161E-5 5.82741E-5 5.52438E-5 5.74923E-5 5.62804E-5 5.29899E-5 5.11194E-5 5.28312E-5 5.97467E-5 5.71951E-5 5.44771E-5 5.60802E-5 5.24953E-5 5.03757E-5 4.73321E-5 4.09196E-5 3.89696E-5 3.9197E-5 3.96668E-5 4.33474E-5 4.34843E-5 4.27479E-5 4.27299E-5 4.00419E-5 3.92614E-5 4.077E-5 3.80382E-5 3.94186E-5 4.46398E-5 4.16394E-5 4.19965E-5 4.17609E-5 4.25077E-5 4.13346E-5 3.9268E-5 4.42574E-5 4.38684E-5 4.23746E-5 4.23639E-5 3.96391E-5 3.42033E-5 2.58218E-5 2.38105E-5 3.90173E-5 3.29125E-5 2.44036E-5 2.64239E-5 2.79993E-5 2.73963E-5 2.96601E-5 2.35051E-5 2.06084E-5 2.11204E-5 2.29102E-5 2.34591E-5 2.35594E-5 2.42501E-5 2.24633E-5
5.40704E-5 5.20161E-5 4.95185E-5 4.83471E-5 5.05481E-5 5.06071E-5 5.13995E-5 4.98327E-5 4.87346E-5 4.71023E-5 4.94357E-5 4.90034E-5 4.79932E-5 4.87467E-5 4.62302E-5 4.48296E-5 4.27922E-5 4.05716E-5 3.94529E-5 3.83624E-5 3.49597E-5 3.44099E-5 3.65069E-5 3.37291E-5 3.22045E-5 3.45063E-5 3.33429E-5 3.03749E-5 2.94095E-5 2.86568E-5 3.11278E-5 3.41203E-5 3.89217E-5 3.95345E-5 3.82749E-5 3.6095E-5 4.03247E-5 3.89976E-5 3.95818E-5 4.37152E-5 4.37776E-5 4.2781E-5 4.15153E-5 4.00685E-5 3.24656E-5 2.70596E-5 3.54267E-5 3.69238E-5 3.21538E-5 3.12403E-5 2.46823E-5 2.28223E-5 2.73963E-5 2.89865E-5 2.81763E-5 2.4177E-5 2.47664E-5 2.75839E-5 2.70084E-5 2.63346E-5 2.62742E-5
5.68891E-5 5.65553E-5 5.48904E-5 5.28933E-5 4.56565E-5 4.40619E-5 4.46413E-5 4.45772E-5 4.42571E-5 4.42571E-5 4.48985E-5 4.48874E-5 4.19638E-5 4.09917E-5 4.14844E-5 4.05716E-5 4.06295E-5 3.95093E-5 3.93402E-5 3.94529E-5 3.87102E-5 4.22362E-5 4.69228E-5 4.22294E-5 5.00786E-5 5.05552E-5 5.07083E-5 4.74563E-5 4.36161E-5 3.86006E-5 3.18007E-5 3.39506E-5 2.87851E-5 2.87733E-5 2.96302E-5 2.90005E-5 2.98656E-5 2.98537E-5 2.98877E-5 3.08459E-5 3.18338E-5 3.95048E-5 4.01125E-5 4.26924E-5 4.03733E-5 2.58225E-5 3.5703E-5 4.12814E-5 3.99283E-5 3.90074E-5 3.57601E-5 3.34644E-5 3.06785E-5 2.98045E-5 2.89319E-5 3.05994E-5 2.92474E-5 2.93358E-5 2.93569E-5 2.86259E-5 2.78821E-5
5.87333E-5 5.55169E-5 5.56596E-5 5.35235E-5 4.82072E-5 4.6756E-5 4.7543E-5 4.7215E-5 4.96779E-5 5.5414E-5 5.80699E-5 5.84454E-5 5.44459E-5 4.66233E-5 5.00554E-5 5.53157E-5 5.34422E-5 5.36775E-5 5.1267E-5 5.38417E-5 4.95711E-5 4.17811E-5 4.6917E-5 5.2981E-5 5.44256E-5 5.41013E-5 5.27638E-5 5.35042E-5 4.57074E-5 4.79891E-5 4.62308E-5 4.72737E-5 3.96421E-5 4.31631E-5 3.71746E-5 4.19805E-5 4.06622E-5 3.49197E-5 3.19648E-5 3.01019E-5 2.43238E-5 2.25491E-5 2.25587E-5 2.50788E-5 2.87196E-5 2.38969E-5 3.28385E-5 3.87102E-5 3.85741E-5 3.74532E-5 3.77395E-5 3.77942E-5 3.88254E-5 3.58515E-5 3.56826E-5 3.56306E-5 3.45817E-5 3.37975E-5 3.28499E-5 3.27896E-5 3.11355E-5
5.23644E-5 5.26814E-5 5.27662E-5 5.48904E-5 6.00164E-5 6.06777E-5 6.0587E-5 6.02791E-5 5.89016E-5 6.00791E-5 5.76869E-5 5.42312E-5 5.02466E-5 4.52815E-5 4.78113E-5 5.47376E-5 5.79981E-5 5.74884E-5 5.34865E-5 5.36063E-5 4.53013E-5 4.35232E-5 4.02829E-5 5.00359E-5 5.48594E-5 4.54379E-5 4.85193E-5 4.17685E-5 4.03904E-5 3.90005E-5 3.96721E-5 4.77312E-5 4.63802E-5 4.74172E-5 4.40753E-5 4.57594E-5 4.30758E-5 5.30038E-5 5.29312E-5 5.24961E-5 4.59613E-5 4.41808E-5 4.24353E-5 3.74389E-5 3.72489E-5 3.49195E-5 2.27285E-5 1.99472E-5 2.10807E-5 2.45538E-5 2.40255E-5 2.11128E-5 2.23331E-5 2.24027E-5 2.2418E-5 2.30342E-5 2.19337E-5 2.491E-5 2.70678E-5 2.71486E-5 2.71273E-5
4.84484E-5 5.41716E-5 6.01159E-5 5.94848E-5 6.11383E-5 6.25399E-5 6.30455E-5 6.53787E-5 5.52379E-5 5.67111E-5 5.48629E-5 5.19624E-5 5.03131E-5 4.87691E-5 5.64876E-5 5.91464E-5 5.65643E-5 5.32916E-5 5.08269E-5 4.96065E-5 5.03829E-5 4.73715E-5 4.3393E-5 4.30046E-5 5.01564E-5 4.69838E-5 4.81624E-5 4.51093E-5 4.33E-5 4.07235E-5 3.92935E-5 4.70399E-5 3.98522E-5 4.01369E-5 3.53952E-5 3.89598E-5 4.29061E-5 4.60743E-5 4.6279E-5 4.07423E-5 4.86274E-5 4.69617E-5 4.9143E-5 4.68049E-5 4.63497E-5 4.47636E-5 3.68581E-5 3.54097E-5 2.23185E-5 2.4725E-5 2.23092E-5 2.68394E-5 3.3329E-5 3.29368E-5 2.77847E-5 2.30278E-5 1.92158E-5 1.68518E-5 1.64574E-5 1.68902E-5 1.7428E-5
5.37569E-5 5.57365E-5 6.24938E-5 6.116E-5 6.24085E-5 6.15589E-5 5.72704E-5 6.04024E-5 5.27668E-5 5.24055E-5 5.17861E-5 5.16045E-5 5.28409E-5 5.40547E-5 5.73339E-5 5.59924E-5 5.19736E-5 5.04326E-5 4.95856E-5 4.78248E-5 4.88346E-5 5.38019E-5 5.49772E-5 4.76088E-5 4.39832E-5 4.38584E-5 5.05306E-5 5.14911E-5 4.98818E-5 4.43234E-5 4.18202E-5 4.67449E-5 3.87566E-5 3.99816E-5 3.61818E-5 4.06277E-5 3.93633E-5 4.03376E-5 3.96501E-5 4.24179E-5 4.09115E-5 4.20871E-5 3.96396E-5 4.27494E-5 4.42352E-5 4.16943E-5 4.2124E-5 3.97944E-5 3.37258E-5 4.15642E-5 4.28929E-5 4.18893E-5 4.03906E-5 4.15642E-5 3.98142E-5 3.77025E-5 3.64677E-5 3.313E-5 2.50077E-5 1.83966E-5 1.65385E-5
5.97356E-5 5.59133E-5 5.51878E-5 5.82474E-5 6.56877E-5 5.93138E-5 5.53293E-5 5.28392E-5 5.26944E-5 5.25278E-5 5.27446E-5 5.23114E-5 5.34173E-5 5.46217E-5 6.1616E-5 5.60942E-5 5.0772E-5 5.06427E-5 4.93669E-5 4.95856E-5 4.8292E-5 4.31773E-5 4.35449E-5 4.46281E-5 4.11525E-5 4.01983E-5 4.83146E-5 4.75861E-5 4.75943E-5 4.46114E-5 4.04945E-5 3.92127E-5 3.90461E-5 3.88119E-5 3.72761E-5 3.71687E-5 4.23312E-5 3.84693E-5 3.85971E-5 4.30163E-5 4.35549E-5 3.99542E-5 4.25533E-5 3.92277E-5 4.04561E-5 4.40206E-5 3.77381E-5 3.42451E-5 4.02074E-5 4.13138E-5 3.85332E-5 3.66442E-5 3.46702E-5 3.45941E-5 3.30664E-5 3.31532E-5 3.24726E-5 3.55362E-5 3.38438E-5 2.65785E-5 1.9364E-5
6.1065E-5 6.10203E-5 5.76605E-5 5.70403E-5 6.49908E-5 5.64211E-5 5.47599E-5 5.29823E-5 5.16736E-5 5.17444E-5 5.16028E-5 5.08979E-5 5.15933E-5 5.26099E-5 5.2925E-5 5.31069E-5 5.35271E-5 5.09751E-5 5.02322E-5 4.95699E-5 4.99977E-5 4.84674E-5 4.72686E-5 4.62382E-5 4.23178E-5 4.14571E-5 4.26966E-5 4.44842E-5 4.91433E-5 5.14213E-5 4.73946E-5 4.27078E-5 3.97247E-5 4.18168E-5 4.75004E-5 4.01522E-5 4.30527E-5 3.44054E-5 4.4211E-5 4.5059E-5 4.36649E-5 3.77516E-5 3.53964E-5 3.6818E-5 3.7697E-5 4.50753E-5 4.35993E-5 3.73145E-5 3.08972E-5 2.99074E-5 2.83864E-5 3.01748E-5 2.69623E-5 2.77123E-5 2.77947E-5 2.64792E-5 2.7898E-5 2.90032E-5 3.08129E-5 2.66179E-5 2.38415E-5
5.74344E-5 5.91965E-5 5.66592E-5 5.62009E-5 6.08506E-5 5.67951E-5 5.5888E-5 4.95554E-5 5.33807E-5 5.12119E-5 5.17444E-5 5.34535E-5 4.91596E-5 4.66581E-5 4.44925E-5 4.96412E-5 5.13203E-5 4.90232E-5 5.01884E-5 5.17226E-5 5.01767E-5 5.09513E-5 5.59924E-5 5.52147E-5 4.92301E-5 4.74467E-5 5.53566E-5 5.63551E-5 5.07051E-5 4.52394E-5 4.20329E-5 4.08759E-5 4.18862E-5 4.75862E-5 5.09715E-5 4.83038E-5 4.24459E-5 4.93286E-5 5.48162E-5 5.33285E-5 4.75201E-5 4.68009E-5 4.47897E-5 4.0514E-5 3.65259E-5 4.18121E-5 4.18396E-5 3.71515E-5 4.05919E-5 4.05205E-5 4.05785E-5 3.59436E-5 3.21777E-5 2.85876E-5 2.62426E-5 2.4907E-5 2.37631E-5 2.50023E-5 2.65988E-5 2.67466E-5 2.66179E-5
5.48972E-5 5.44159E-5 5.96915E-5 5.82908E-5 4.93521E-5 5.30175E-5 5.38912E-5 5.27016E-5 5.41839E-5 5.5956E-5 5.87522E-5 5.24356E-5 5.3634E-5 5.3562E-5 4.98271E-5 5.13908E-5 4.75079E-5 4.98443E-5 5.11578E-5 5.26E-5 5.23835E-5 5.02138E-5 5.03133E-5 5.38261E-5 5.47559E-5 5.12661E-5 5.38353E-5 5.54316E-5 5.48452E-5 4.73138E-5 4.58885E-5 4.26175E-5 3.88356E-5 4.56535E-5 4.06765E-5 4.37712E-5 4.0851E-5 3.92244E-5 4.015E-5 4.47111E-5 4.98245E-5 5.45316E-5 5.48304E-5 5.22618E-5 4.82846E-5 3.73503E-5 3.6309E-5 4.20408E-5 4.33645E-5 4.56461E-5 4.30545E-5 4.39009E-5 4.70046E-5 4.44904E-5 4.41805E-5 4.29657E-5 4.02786E-5 3.82688E-5 3.69258E-5 3.46809E-5 3.08133E-5
6.38511E-5 6.36898E-5 6.21996E-5 5.79933E-5 6.11612E-5 6.1656E-5 5.38307E-5 5.86626E-5 5.64778E-5 5.79807E-5 5.53754E-5 6.13223E-5 5.9477E-5 6.19209E-5 5.84821E-5 5.54843E-5 4.92598E-5 4.88302E-5 5.2455E-5 5.36388E-5 5.33249E-5 5.26723E-5 5.25278E-5 5.25499E-5 5.02138E-5 5.14883E-5 5.39851E-5 5.51915E-5 5.55716E-5 5.05151E-5 4.86393E-5 4.62584E-5 4.67679E-5 4.55493E-5 4.54096E-5 4.37853E-5 4.36948E-5 4.45363E-5 4.21768E-5 4.05593E-5 4.18924E-5 4.46525E-5 4.52365E-5 4.45052E-5 4.47644E-5 4.2016E-5 3.82743E-5 3.57624E-5 3.67259E-5 3.92477E-5 4.0766E-5 4.07527E-5 4.20373E-5 4.21837E-5 4.24231E-5 4.20192E-5 4.20192E-5 4.17839E-5 4.06915E-5 4.19913E-5 4.07789E-5
6.86162E-5 6.91298E-5 6.36575E-5 5.8509E-5 5.36285E-5 6.45374E-5 6.53434E-5 6.55043E-5 6.22708E-5 5.81405E-5 5.72158E-5 5.81373E-5 6.18986E-5 6.23152E-5 5.95334E-5 5.96088E-5 5.91571E-5 5.53342E-5 5.60763E-5 5.51241E-5 4.98334E-5 4.9592E-5 5.11981E-5 5.32136E-5 5.5792E-5 5.5616E-5 5.49414E-5 5.33831E-5 5.3875E-5 4.92327E-5 4.80011E-5 4.81921E-5 5.59008E-5 5.32909E-5 4.94997E-5 4.70904E-5 4.67605E-5 4.64975E-5 4.61404E-5 4.48095E-5 4.4824E-5 4.23726E-5 4.5379E-5 4.69312E-5 4.59606E-5 4.31434E-5 4.44247E-5 4.24087E-5 4.04771E-5 4.04906E-5 4.09273E-5 3.8442E-5 3.71534E-5 3.96726E-5 4.08656E-5 4.42097E-5 3.99635E-5 3.8132E-5 3.57419E-5 3.71251E-5 3.73203E-5
6.70216E-5 6.6596E-5 5.84073E-5 5.69515E-5 5.20575E-5 6.07356E-5 5.87475E-5 5.98447E-5 5.92323E-5 5.81405E-5 5.64032E-5 6.32809E-5 6.51884E-5 6.29794E-5 5.90819E-5 5.94581E-5 5.87305E-5 5.81405E-5 5.69676E-5 5.35094E-5 5.1937E-5 5.225E-5 5.86102E-5 6.03369E-5 5.86939E-5 5.1787E-5 4.78063E-5 4.89996E-5 4.68691E-5 4.91668E-5 4.87249E-5 4.64225E-5 5.66315E-5 5.83123E-5 5.81586E-5 4.6988E-5 4.83545E-5 5.09102E-5 5.06993E-5 5.44031E-5 5.73613E-5 5.62602E-5 5.46484E-5 5.49438E-5 5.40968E-5 5.19847E-5 4.83508E-5 4.98489E-5 5.13922E-5 5.26191E-5 5.2834E-5 5.01585E-5 4.60325E-5 4.41479E-5 4.01791E-5 3.90848E-5 3.91529E-5 3.57148E-5 3.45815E-5 3.26738E-5 3.18967E-5
6.28812E-5 6.58688E-5 6.05476E-5 5.73218E-5 5.19619E-5 6.15508E-5 6.95016E-5 6.85516E-5 6.41655E-5 6.2589E-5 6.06066E-5 5.89383E-5 6.0395E-5 5.95247E-5 5.64576E-5 5.34093E-5 5.41652E-5 5.39232E-5 5.72595E-5 5.7819E-5 5.73779E-5 5.48626E-5 5.50863E-5 5.66077E-5 5.1937E-5 4.97891E-5 4.58131E-5 4.72686E-5 4.72039E-5 5.21157E-5 5.31092E-5 5.85968E-5 4.78739E-5 5.44474E-5 5.30753E-5 5.19419E-5 5.6143E-5 6.11697E-5 6.08474E-5 5.88655E-5 6.02203E-5 6.13467E-5 5.84805E-5 5.94826E-5 5.71121E-5 5.5116E-5 5.0658E-5 5.50584E-5 5.19528E-5 4.93737E-5 4.92384E-5 4.80202E-5 4.46439E-5 4.62884E-5 4.96137E-5 4.77085E-5 4.33258E-5 4.49886E-5 4.81574E-5 4.72893E-5 4.44251E-5
6.88523E-5 6.70333E-5 6.04718E-5 5.82147E-5 5.84704E-5 6.52768E-5 6.45982E-5 6.32521E-5 6.06427E-5 6.06214E-5 5.36644E-5 5.1849E-5 5.38423E-5 5.70487E-5 5.43029E-5 5.45941E-5 5.41843E-5 5.3829E-5 5.40434E-5 5.4043E-5 5.0588E-5 4.81437E-5 4.82991E-5 4.95649E-5 4.86674E-5 4.91635E-5 5.56867E-5 6.04768E-5 5.72764E-5 5.12238E-5 5.83525E-5 5.91816E-5 6.01709E-5 5.8231E-5 5.97882E-5 6.10594E-5 6.01758E-5 5.81869E-5 5.84324E-5 5.68302E-5 5.09145E-5 5.18465E-5 5.19385E-5 5.05887E-5 5.05627E-5 5.34699E-5 5.21253E-5 5.10752E-5 4.70256E-5 4.43628E-5 4.38685E-5 4.32038E-5 4.12281E-5 4.01663E-5 4.13885E-5 3.95424E-5 3.68873E-5 4.08423E-5 4.11876E-5 4.32677E-5 4.6966E-5
5.95648E-5 6.07474E-5 5.77869E-5 5.35042E-5 5.36256E-5 5.92352E-5 6.02704E-5 5.94079E-5 5.44222E-5 5.24414E-5 5.65479E-5 5.74493E-5 6.39987E-5 6.5206E-5 5.68649E-5 6.45709E-5 5.70544E-5 5.60611E-5 5.55344E-5 5.4598E-5 5.32063E-5 5.38307E-5 5.16935E-5 4.61285E-5 5.30305E-5 5.33831E-5 5.83765E-5 5.71627E-5 5.96212E-5 5.47609E-5 5.33611E-5 5.90373E-5 5.92724E-5 5.8005E-5 5.21461E-5 4.69236E-5 4.62666E-5 4.77109E-5 5.41936E-5 4.99254E-5 5.03488E-5 5.04889E-5 4.91065E-5 4.93801E-5 5.17964E-5 5.1634E-5 5.00844E-5 5.1634E-5 5.15257E-5 4.82598E-5 4.70256E-5 4.55478E-5 4.46109E-5 4.38425E-5 4.12938E-5 3.8333E-5 3.68996E-5 3.74887E-5 3.7974E-5 3.86761E-5 3.87997E-5
5.86318E-5 5.42369E-5 5.4382E-5 5.45273E-5 5.37701E-5 5.35535E-5 5.62812E-5 5.23136E-5 5.19619E-5 5.34814E-5 5.64724E-5 6.33348E-5 6.61767E-5 6.48147E-5 5.65309E-5 5.36601E-5 5.41465E-5 5.82347E-5 5.83845E-5 5.79119E-5 5.53861E-5 5.39368E-5 5.15565E-5 5.0441E-5 5.30988E-5 6.04668E-5 6.25503E-5 6.06547E-5 7.20073E-5 5.91946E-5 5.43803E-5 5.63258E-5 6.61403E-5 5.75368E-5 5.60084E-5 5.02331E-5 4.86575E-5 4.82506E-5 4.8183E-5 4.86255E-5 5.02789E-5 5.40087E-5 5.50892E-5 5.65627E-5 5.40245E-5 5.26562E-5 5.51891E-5 5.36123E-5 5.35411E-5 5.11706E-5 5.33987E-5 5.00875E-5 4.9082E-5 5.10808E-5 5.1012E-5 4.82955E-5 3.95859E-5 3.91582E-5 3.37357E-5 3.64414E-5 3.90217E-5
5.42369E-5 5.39472E-5 5.56849E-5 5.60573E-5 5.57593E-5 5.832E-5 6.30929E-5 6.1699E-5 5.5704E-5 5.40007E-5 6.63371E-5 6.19144E-5 5.46623E-5 5.17797E-5 5.15031E-5 5.40886E-5 5.19876E-5 5.01306E-5 5.04037E-5 5.0609E-5 5.21959E-5 5.16935E-5 5.91669E-5 5.86127E-5 5.65762E-5 5.77361E-5 6.90501E-5 6.56725E-5 6.27177E-5 6.00042E-5 5.36295E-5 6.28374E-5 6.41258E-5 6.37791E-5 6.17266E-5 6.35411E-5 6.06394E-5 5.7622E-5 5.86896E-5 5.51984E-5 5.18757E-5 4.84897E-5 4.46016E-5 4.44134E-5 4.37422E-5 4.48532E-5 4.73274E-5 4.622E-5 4.77871E-5 5.00162E-5 5.48969E-5 5.30953E-5 4.82598E-5 4.57364E-5 4.26663E-5 3.87808E-5 3.94618E-5 4.60855E-5 4.37208E-5 4.19882E-5 3.58062E-5
6.41525E-5 5.55494E-5 5.50373E-5 6.62439E-5 5.43957E-5 5.52536E-5 5.39608E-5 5.43957E-5 5.50512E-5 5.8397E-5 6.53124E-5 5.46866E-5 5.31229E-5 5.40487E-5 5.46623E-5 5.72766E-5 5.13825E-5 4.98269E-5 5.80967E-5 4.88245E-5 5.56322E-5 5.68873E-5 5.85263E-5 5.79039E-5 5.67316E-5 5.65762E-5 5.47632E-5 5.56734E-5 5.44451E-5 5.49672E-5 5.52174E-5 6.2336E-5 5.64024E-5 5.11869E-5 5.22691E-5 5.74032E-5 5.68934E-5 5.46413E-5 4.85868E-5 4.50053E-5 4.60191E-5 4.58901E-5 4.45979E-5 4.34318E-5 4.21633E-5 4.18981E-5 4.31024E-5 4.7393E-5 4.4578E-5 4.24504E-5 4.31434E-5 4.5297E-5 4.72195E-5 4.94161E-5 4.88498E-5 4.50356E-5 3.92406E-5 4.18577E-5 4.25198E-5 4.00462E-5 3.6485E-5
6.49512E-5 6.61602E-5 6.61602E-5 5.59165E-5 6.6684E-5 6.47961E-5 5.47594E-5 6.59095E-5 6.60683E-5 6.54684E-5 5.46866E-5 6.94183E-5 5.65763E-5 6.50156E-5 5.8484E-5 6.82961E-5 6.43241E-5 6.20689E-5 6.26582E-5 6.36603E-5 6.32457E-5 6.25024E-5 5.98032E-5 6.00426E-5 6.09913E-5 5.86127E-5 5.65141E-5 5.43707E-5 5.56421E-5 5.22304E-5 5.19427E-5 5.8104E-5 6.29955E-5 5.62321E-5 4.97142E-5 5.09756E-5 5.1046E-5 4.91927E-5 4.93278E-5 5.1065E-5 5.06483E-5 5.04405E-5 4.9432E-5 4.84215E-5 4.7223E-5 4.68314E-5 4.82206E-5 4.59606E-5 4.48267E-5 4.45159E-5 4.40827E-5 4.16913E-5 4.05742E-5 3.96807E-5 4.24884E-5 4.50356E-5 4.72195E-5 5.37947E-5 5.05974E-5 4.66557E-5 4.78387E-5
6.87319E-5 7.0564E-5 7.24162E-5 7.25049E-5 7.34824E-5 6.71387E-5 6.82267E-5 7.31555E-5 7.03008E-5 6.91649E-5 6.95306E-5 7.17898E-5 7.07329E-5 7.2154E-5 7.5432E-5 7.3126E-5 7.10731E-5 6.97286E-5 6.80388E-5 6.80398E-5 6.80398E-5 6.80398E-5 6.48274E-5 6.66441E-5 6.52503E-5 6.30306E-5 6.14882E-5 6.11656E-5 5.84567E-5 5.57925E-5 5.4222E-5 5.39254E-5 5.81787E-5 5.68308E-5 5.64381E-5 5.93495E-5 5.66059E-5 5.34673E-5 5.30036E-5 5.09955E-5 5.28602E-5 5.49365E-5 5.83892E-5 5.53806E-5 5.557E-5 5.17315E-5 5.35464E-5 5.60167E-5 5.17332E-5 5.09743E-5 5.23683E-5 4.85802E-5 5.29727E-5 4.99529E-5 4.81292E-5 4.26663E-5 4.75593E-5 5.07372E-5 6.07324E-5 5.06277E-5 4.86231E-5
7.17527E-5 7.44837E-5 6.75466E-5 6.58187E-5 7.21007E-5 7.2806E-5 7.06094E-5 6.77456E-5 7.05769E-5 6.94793E-5 7.25189E-5 7.24344E-5 7.16079E-5 7.18411E-5 7.4099E-5 7.39449E-5 7.67654E-5 7.48227E-5 7.15513E-5 7.01534E-5 7.1868E-5 7.2532E-5 6.80388E-5 6.80891E-5 6.77527E-5 6.34004E-5 6.42598E-5 6.44244E-5 6.29635E-5 6.06473E-5 6.63547E-5 6.83115E-5 6.38515E-5 5.73842E-5 6.35882E-5 6.18865E-5 6.43548E-5 6.5845E-5 6.53468E-5 6.27686E-5 6.02489E-5 6.12935E-5 6.14529E-5 6.07177E-5 5.65404E-5 5.28583E-5 5.67647E-5 5.76682E-5 5.60287E-5 5.54411E-5 5.20798E-5 4.86465E-5 5.63617E-5 5.76267E-5 5.68832E-5 5.35411E-5 5.37233E-5 5.17022E-5 5.10346E-5 4.50973E-5 5.19339E-5
6.99695E-5 6.74851E-5 6.6711E-5 6.68227E-5 6.63882E-5 6.62147E-5 6.6128E-5 6.57819E-5 6.70043E-5 6.84571E-5 7.60992E-5 7.95657E-5 7.53698E-5 7.18954E-5 7.09731E-5 7.25808E-5 7.22727E-5 7.3014E-5 7.39698E-5 7.44645E-5 7.16421E-5 7.02385E-5 6.77659E-5 7.20084E-5 7.02385E-5 6.69074E-5 6.57576E-5 6.50225E-5 6.22408E-5 5.76897E-5 5.76702E-5 5.9464E-5 5.5967E-5 5.30259E-5 5.58338E-5 6.25586E-5 6.98805E-5 6.5181E-5 6.48875E-5 6.54297E-5 6.5845E-5 6.50154E-5 6.32436E-5 6.20543E-5 6.02172E-5 5.59504E-5 5.75172E-5 5.78194E-5 6.15531E-5 5.69153E-5 5.66191E-5 5.44922E-5 5.2832E-5 5.33276E-5 5.43272E-5 5.21493E-5 5.15257E-5 5.41123E-5 6.01005E-5 5.67002E-5 5.53384E-5
7.4857E-5 6.96257E-5 7.28947E-5 7.14791E-5 6.99789E-5 6.67503E-5 6.71406E-5 6.89082E-5 6.97486E-5 6.81394E-5 7.18171E-5 7.63356E-5 7.72393E-5 7.60809E-5 7.29845E-5 7.34266E-5 7.53394E-5 7.6547E-5 7.52468E-5 7.61747E-5 7.21004E-5 6.98452E-5 7.03592E-5 7.09653E-5 7.13474E-5 6.818E-5 6.71548E-5 6.70723E-5 6.61674E-5 6.25956E-5 6.18749E-5 5.97709E-5 5.63399E-5 5.53416E-5 5.80253E-5 6.42529E-5 6.77205E-5 6.32563E-5 6.06921E-5 5.99804E-5 6.15791E-5 6.59811E-5 6.38016E-5 6.48403E-5 6.3807E-5 6.13808E-5 5.96797E-5 5.8203E-5 5.87351E-5 5.76587E-5 5.94223E-5 5.88876E-5 5.66191E-5 5.21107E-5 5.63918E-5 5.7472E-5 5.62383E-5 4.84857E-5 5.55986E-5 5.16373E-5 4.98071E-5
7.45205E-5 7.55523E-5 7.78462E-5 7.6987E-5 7.6987E-5 7.01598E-5 7.07739E-5 6.96544E-5 7.14841E-5 7.05591E-5 7.59793E-5 7.61738E-5 7.19907E-5 7.47584E-5 7.3587E-5 7.51542E-5 7.73342E-5 7.68601E-5 7.86674E-5 7.58107E-5 6.87589E-5 6.92388E-5 7.16072E-5 6.72834E-5 6.88954E-5 6.58727E-5 7.1868E-5 7.1091E-5 6.59868E-5 6.3501E-5 6.20746E-5 6.2917E-5 5.72393E-5 5.65479E-5 5.92106E-5 6.55438E-5 6.86417E-5 6.8465E-5 6.65461E-5 6.30101E-5 6.06129E-5 6.31373E-5 6.71996E-5 6.56965E-5 6.15429E-5 6.07747E-5 6.16861E-5 6.02172E-5 6.23758E-5 6.15038E-5 6.18146E-5 6.15814E-5 7.01111E-5 6.75654E-5 6.40032E-5 5.52224E-5 5.52224E-5 5.35641E-5 5.18833E-5 5.80937E-5 5.58249E-5
7.44232E-5 7.72525E-5 7.94112E-5 7.73053E-5 7.82497E-5 7.58786E-5 7.59685E-5 7.21633E-5 7.08809E-5 7.05296E-5 7.03062E-5 7.54201E-5 7.59178E-5 7.34904E-5 7.54201E-5 7.87487E-5 7.84537E-5 7.89456E-5 7.37886E-5 7.10683E-5 6.84093E-5 6.93567E-5 7.11093E-5 7.46435E-5 6.9511E-5 6.72701E-5 6.82961E-5 6.62005E-5 6.52615E-5 6.4459E-5 6.95256E-5 6.66604E-5 6.3078E-5 5.99706E-5 6.32563E-5 6.38414E-5 6.63238E-5 6.6453E-5 6.75814E-5 6.5691E-5 6.15357E-5 5.9508E-5 6.06925E-5 5.99066E-5 6.29348E-5 6.46075E-5 6.32526E-5 6.01719E-5 6.06445E-5 6.35033E-5 6.41948E-5 6.29391E-5 5.92528E-5 6.67835E-5 6.46059E-5 6.29956E-5 5.95824E-5 5.45924E-5 5.20256E-5 5.20256E-5 5.01151E-5
