Artocarpus hirsutus SDM files/Last interglacial/results (without bias file)/Arthir_4.asc
ncols         625
nrows         721
xllcorner     69.99986311115
yllcorner     5.99986151914999
cellsize      0.041666667
NODATA_value  -9999
[rows 594 to 620 of 721, columns 183 to 243 of 625]
1.37866E-3 9.72143E-4 1.09545E-3 9.47864E-4 7.25686E-4 7.7611E-4 6.57184E-4 9.91801E-4 9.91112E-4 8.23077E-4 7.38808E-4 6.72289E-4 6.36158E-4 6.84622E-4 5.37334E-4 4.00294E-4 1.83743E-3 2.25643E-3 1.20041E-3 1.03699E-3 4.86441E-4 4.24958E-4 6.48695E-4 9.37674E-4 1.1929E-3 1.06217E-3 7.97497E-4 5.913E-4 6.8047E-4 6.98675E-4 8.23165E-4 8.9627E-4 7.9022E-4 9.47244E-4 9.03867E-4 8.40485E-4 6.7931E-4 9.18144E-4 9.41364E-4 8.1425E-4 5.40002E-4 5.49191E-4 3.91296E-4 3.58376E-4 3.24022E-4 2.50821E-4 2.01497E-4 1.87667E-4 1.42525E-4 1.30065E-4 9.49871E-5 7.47342E-5 6.60951E-5 5.18481E-5 -9999 -9999 -9999 -9999 -9999 -9999 -9999
1.42713E-3 1.06994E-3 1.07707E-3 1.02701E-3 9.47451E-4 6.53732E-4 5.79019E-4 8.9031E-4 8.89901E-4 7.24699E-4 6.53174E-4 6.67263E-4 6.74476E-4 7.42641E-4 5.36697E-4 4.10178E-4 1.98524E-3 2.31712E-3 1.51231E-3 9.37848E-4 5.47199E-4 4.79594E-4 5.55876E-4 6.15277E-4 6.34791E-4 1.2787E-3 7.34724E-4 5.82648E-4 6.27129E-4 7.18515E-4 8.13753E-4 1.00258E-3 8.95032E-4 1.04058E-3 1.00086E-3 9.80428E-4 8.04942E-4 9.23886E-4 8.95818E-4 7.55915E-4 5.30016E-4 4.91458E-4 4.15835E-4 4.02447E-4 3.53844E-4 2.749E-4 2.02964E-4 1.87034E-4 1.4298E-4 1.28532E-4 1.00501E-4 7.46666E-5 6.73609E-5 5.09335E-5 -9999 -9999 -9999 -9999 -9999 -9999 -9999
1.44921E-3 1.11711E-3 1.06286E-3 1.13375E-3 1.03177E-3 7.8397E-4 5.67206E-4 8.07381E-4 9.379E-4 7.21341E-4 6.9645E-4 5.24157E-4 7.18463E-4 7.845E-4 5.39117E-4 4.23185E-4 7.37253E-4 9.79855E-4 1.06324E-3 6.91363E-4 6.13058E-4 5.22621E-4 5.32112E-4 5.22717E-4 6.50445E-4 1.07278E-3 8.62096E-4 9.11612E-4 8.96441E-4 7.03903E-4 7.96274E-4 9.18063E-4 8.66157E-4 1.12001E-3 1.19095E-3 1.15421E-3 1.24954E-3 1.15631E-3 1.08446E-3 7.61895E-4 5.98919E-4 5.77104E-4 4.44742E-4 4.13533E-4 3.12957E-4 2.79446E-4 2.56748E-4 1.99301E-4 1.49301E-4 1.29548E-4 9.92431E-5 7.63259E-5 6.64316E-5 5.23978E-5 -9999 -9999 -9999 -9999 -9999 -9999 -9999
1.24762E-3 1.13436E-3 1.2165E-3 1.22394E-3 1.06643E-3 9.27323E-4 5.86455E-4 8.02787E-4 8.97222E-4 7.10122E-4 6.71153E-4 6.40071E-4 7.33036E-4 7.65254E-4 5.44149E-4 4.74022E-4 5.05581E-4 7.45308E-4 8.48804E-4 8.56782E-4 6.59527E-4 5.96557E-4 5.98266E-4 5.70459E-4 7.33373E-4 6.89514E-4 5.88944E-4 6.92902E-4 1.10763E-3 8.61542E-4 9.08325E-4 9.45611E-4 8.19596E-4 1.01312E-3 1.15836E-3 1.26127E-3 1.05756E-3 1.09056E-3 1.17655E-3 1.0852E-3 7.17392E-4 6.22832E-4 4.8038E-4 4.21523E-4 3.39534E-4 3.11112E-4 2.24843E-4 2.00039E-4 1.52033E-4 1.31473E-4 1.01253E-4 7.76344E-5 6.93006E-5 5.23986E-5 -9999 -9999 -9999 -9999 -9999 -9999 -9999
1.1592E-3 9.03875E-4 1.1014E-3 1.21355E-3 1.1486E-3 9.55933E-4 5.83737E-4 7.90202E-4 7.08158E-4 6.71601E-4 6.67752E-4 6.74767E-4 5.63153E-4 6.93679E-4 5.43582E-4 4.85821E-4 6.7212E-4 8.95799E-4 8.50713E-4 8.45996E-4 6.27143E-4 6.90843E-4 6.30647E-4 6.28509E-4 7.63287E-4 7.37846E-4 7.3309E-4 7.41391E-4 8.69173E-4 9.39818E-4 1.0278E-3 9.04828E-4 8.93676E-4 9.37E-4 1.03333E-3 1.19676E-3 1.10638E-3 1.13157E-3 9.65206E-4 7.42025E-4 7.53986E-4 6.33008E-4 4.55943E-4 4.31526E-4 3.40051E-4 3.07607E-4 2.28788E-4 1.99961E-4 1.49728E-4 1.36545E-4 1.06859E-4 8.50187E-5 7.40757E-5 5.82925E-5 -9999 -9999 -9999 -9999 -9999 -9999 -9999
1.30695E-3 1.33819E-3 1.21886E-3 9.76429E-4 1.02857E-3 8.6072E-4 6.93794E-4 6.56153E-4 6.8554E-4 7.3519E-4 7.04124E-4 6.49761E-4 6.604E-4 6.55848E-4 5.45479E-4 5.09654E-4 8.07015E-4 9.9086E-4 8.02696E-4 8.64287E-4 6.7388E-4 7.11032E-4 6.06063E-4 8.00849E-4 8.36189E-4 8.17606E-4 6.3327E-4 7.39371E-4 9.32012E-4 8.66962E-4 9.33114E-4 1.21921E-3 9.66699E-4 1.03491E-3 1.03E-3 1.01943E-3 9.25755E-4 1.03252E-3 1.13814E-3 7.28406E-4 6.40648E-4 6.28397E-4 4.72645E-4 4.52216E-4 3.4169E-4 3.08837E-4 2.40983E-4 2.21168E-4 1.68071E-4 1.47987E-4 1.13909E-4 8.49029E-5 7.64872E-5 5.96714E-5 -9999 -9999 -9999 -9999 -9999 -9999 -9999
1.42957E-3 1.35346E-3 1.01758E-3 1.04234E-3 1.07316E-3 9.93907E-4 8.83873E-4 6.75481E-4 7.51741E-4 8.12744E-4 8.44791E-4 8.63568E-4 7.44168E-4 6.05102E-4 5.74761E-4 5.72623E-4 6.34623E-4 7.46161E-4 7.90748E-4 8.13178E-4 7.0151E-4 6.86543E-4 6.63352E-4 8.37818E-4 8.23053E-4 8.65504E-4 8.11827E-4 7.74424E-4 8.79144E-4 8.89811E-4 9.82797E-4 1.23375E-3 1.14471E-3 1.0589E-3 1.14686E-3 1.17815E-3 8.92635E-4 9.55828E-4 9.84372E-4 8.30265E-4 6.97784E-4 6.20209E-4 4.80445E-4 4.48687E-4 3.3898E-4 3.17758E-4 2.4601E-4 2.23187E-4 1.69523E-4 1.50645E-4 1.15291E-4 8.7342E-5 7.00436E-5 6.0185E-5 -9999 -9999 -9999 -9999 -9999 -9999 -9999
1.60621E-3 1.55296E-3 1.49028E-3 1.14683E-3 1.06434E-3 9.42186E-4 9.58506E-4 1.02592E-3 8.83302E-4 8.68718E-4 8.6695E-4 8.47474E-4 8.04464E-4 6.11044E-4 5.94542E-4 6.24916E-4 6.95479E-4 7.50844E-4 7.9742E-4 8.44635E-4 7.69039E-4 7.21926E-4 6.92309E-4 9.05669E-4 9.07491E-4 9.08236E-4 7.0319E-4 8.48446E-4 9.85847E-4 8.88317E-4 1.01367E-3 1.25105E-3 1.02949E-3 1.09229E-3 1.20851E-3 1.34002E-3 1.10251E-3 9.98637E-4 9.75301E-4 7.7005E-4 7.13353E-4 6.53509E-4 5.1593E-4 4.6218E-4 3.66807E-4 3.46408E-4 2.53711E-4 2.32585E-4 1.7015E-4 1.28412E-4 1.17137E-4 8.90511E-5 6.60361E-5 5.89002E-5 -9999 -9999 -9999 -9999 -9999 -9999 -9999
1.38582E-3 1.58383E-3 1.51219E-3 1.58394E-3 1.14476E-3 1.10221E-3 9.55865E-4 9.45315E-4 8.59313E-4 7.72327E-4 7.86773E-4 8.31661E-4 8.04515E-4 8.04141E-4 6.37559E-4 6.69511E-4 7.03119E-4 8.22967E-4 8.25132E-4 8.62173E-4 7.32309E-4 7.67683E-4 7.62992E-4 9.19441E-4 9.77833E-4 1.03604E-3 8.0289E-4 8.63679E-4 9.66336E-4 1.04193E-3 1.08077E-3 1.24225E-3 1.33126E-3 1.14792E-3 1.2049E-3 1.25529E-3 1.06607E-3 9.90837E-4 8.11765E-4 7.87973E-4 7.35554E-4 7.23131E-4 5.63785E-4 4.9688E-4 3.89873E-4 3.41814E-4 2.58505E-4 2.34351E-4 1.78318E-4 1.34526E-4 1.19439E-4 9.09545E-5 6.92762E-5 5.50049E-5 -9999 -9999 -9999 -9999 -9999 -9999 -9999
1.39735E-3 1.37134E-3 1.06279E-3 1.03784E-3 1.0747E-3 1.25041E-3 1.26527E-3 1.14364E-3 8.56199E-4 7.59678E-4 8.72731E-4 8.9684E-4 8.54551E-4 6.83005E-4 6.95141E-4 7.17491E-4 8.57637E-4 8.8759E-4 9.07169E-4 9.21886E-4 7.60995E-4 9.71998E-4 7.95077E-4 8.75571E-4 9.70163E-4 9.96577E-4 1.05894E-3 9.23514E-4 9.87871E-4 1.09291E-3 1.16997E-3 1.26799E-3 1.42771E-3 1.23369E-3 1.30452E-3 1.28368E-3 1.08328E-3 1.06684E-3 1.0301E-3 8.24865E-4 7.96587E-4 7.32165E-4 5.93443E-4 5.05363E-4 3.79685E-4 3.41083E-4 2.55615E-4 1.96281E-4 1.72915E-4 1.33473E-4 1.22907E-4 9.23155E-5 6.96879E-5 5.3236E-5 -9999 -9999 -9999 -9999 -9999 -9999 -9999
1.29965E-3 1.26811E-3 1.01833E-3 1.0033E-3 1.03937E-3 1.09648E-3 1.22769E-3 8.83173E-4 7.54676E-4 7.31037E-4 8.50854E-4 8.91134E-4 6.99665E-4 9.18015E-4 7.68053E-4 7.7681E-4 9.06898E-4 9.29254E-4 9.98418E-4 1.01836E-3 1.12096E-3 1.04545E-3 8.87783E-4 9.15545E-4 1.00923E-3 1.11032E-3 1.1441E-3 1.26147E-3 1.06542E-3 1.2096E-3 1.31096E-3 1.40544E-3 1.24632E-3 1.32986E-3 1.42125E-3 1.45774E-3 1.22536E-3 1.14712E-3 9.31474E-4 9.06562E-4 8.68351E-4 6.48826E-4 6.14781E-4 5.7528E-4 4.22529E-4 3.62548E-4 2.73938E-4 2.39009E-4 1.74126E-4 1.36284E-4 1.02749E-4 9.33392E-5 7.39103E-5 5.34165E-5 -9999 -9999 -9999 -9999 -9999 -9999 -9999
1.39868E-3 1.47861E-3 1.35606E-3 1.23368E-3 1.20843E-3 1.19418E-3 1.13822E-3 9.78744E-4 7.59951E-4 6.74367E-4 8.87362E-4 8.69486E-4 8.15786E-4 9.18681E-4 7.84824E-4 7.61812E-4 9.52394E-4 9.72863E-4 1.0182E-3 1.12636E-3 1.09355E-3 9.50504E-4 1.05159E-3 1.07543E-3 1.08216E-3 1.20449E-3 1.26441E-3 1.06736E-3 1.18213E-3 1.33757E-3 1.40492E-3 1.24925E-3 1.32542E-3 1.43287E-3 1.44282E-3 1.12704E-3 1.18934E-3 1.19647E-3 1.13203E-3 8.96657E-4 8.48791E-4 6.55387E-4 6.38807E-4 4.9093E-4 4.40443E-4 4.06311E-4 3.01053E-4 2.20804E-4 1.88578E-4 1.45512E-4 1.11252E-4 9.52379E-5 7.12093E-5 5.29844E-5 -9999 -9999 -9999 -9999 -9999 -9999 -9999
1.45976E-3 1.54242E-3 1.51172E-3 1.32723E-3 1.28537E-3 1.17107E-3 1.13495E-3 1.01997E-3 9.43827E-4 7.04618E-4 8.3393E-4 8.97192E-4 8.67954E-4 9.07137E-4 9.41049E-4 8.63552E-4 9.2176E-4 1.04448E-3 1.07772E-3 1.13309E-3 9.50858E-4 1.08687E-3 1.16733E-3 1.20319E-3 1.2001E-3 1.45296E-3 1.40795E-3 1.52503E-3 1.36803E-3 1.38566E-3 1.46053E-3 1.51484E-3 1.42826E-3 1.47967E-3 1.41932E-3 1.29118E-3 1.21636E-3 1.17762E-3 1.00234E-3 9.59142E-4 9.22088E-4 7.10328E-4 6.76749E-4 5.04182E-4 4.68737E-4 3.48537E-4 3.13945E-4 2.31876E-4 2.00287E-4 1.43475E-4 1.08804E-4 9.67274E-5 7.44059E-5 5.39317E-5 -9999 -9999 -9999 -9999 -9999 -9999 -9999
1.49406E-3 1.61389E-3 1.7739E-3 1.76642E-3 1.33775E-3 1.40047E-3 1.17623E-3 1.17292E-3 9.48346E-4 9.7926E-4 8.65247E-4 8.98864E-4 9.02385E-4 9.70145E-4 9.66725E-4 1.09644E-3 9.57488E-4 1.09024E-3 1.12366E-3 1.16446E-3 1.27208E-3 1.17646E-3 1.22399E-3 1.26542E-3 1.30744E-3 1.51107E-3 1.48065E-3 1.67522E-3 1.41649E-3 1.49272E-3 1.59239E-3 1.7077E-3 1.48375E-3 1.46247E-3 1.69016E-3 1.85995E-3 1.37878E-3 1.33808E-3 1.11362E-3 1.10345E-3 1.05977E-3 7.8811E-4 7.18547E-4 5.73694E-4 5.17409E-4 3.798E-4 3.46087E-4 2.745E-4 1.86759E-4 1.62611E-4 1.20531E-4 1.02826E-4 7.27134E-5 5.34683E-5 -9999 -9999 -9999 -9999 -9999 -9999 -9999
1.45762E-3 1.85067E-3 1.80166E-3 1.95386E-3 1.49654E-3 1.33397E-3 1.20324E-3 1.27851E-3 9.69271E-4 9.35851E-4 8.5541E-4 8.76861E-4 8.87132E-4 1.02834E-3 9.65201E-4 1.05353E-3 1.08811E-3 1.27151E-3 1.51391E-3 1.28551E-3 1.3994E-3 1.51714E-3 1.38389E-3 1.43386E-3 1.51133E-3 1.58309E-3 1.77585E-3 1.46686E-3 1.56794E-3 1.67646E-3 1.73937E-3 1.90218E-3 1.66496E-3 1.5932E-3 1.91407E-3 1.85747E-3 1.62806E-3 1.53112E-3 1.2864E-3 1.25588E-3 9.28993E-4 8.3787E-4 7.56514E-4 5.67249E-4 5.60637E-4 4.26943E-4 3.1693E-4 2.7302E-4 2.3834E-4 1.74524E-4 1.2521E-4 1.0757E-4 8.0998E-5 5.6416E-5 -9999 -9999 -9999 -9999 -9999 -9999 -9999
2.04586E-3 1.91762E-3 2.07499E-3 2.37094E-3 1.56266E-3 1.15892E-3 1.49199E-3 1.62863E-3 1.10785E-3 9.63526E-4 8.01319E-4 7.82327E-4 1.12712E-3 1.16022E-3 1.10107E-3 1.26127E-3 1.41782E-3 1.16247E-3 1.44524E-3 1.46739E-3 1.58404E-3 1.822E-3 1.59034E-3 1.59611E-3 1.57656E-3 1.77233E-3 2.04762E-3 2.05598E-3 1.83025E-3 1.81638E-3 1.99874E-3 2.26535E-3 1.95524E-3 2.02097E-3 2.01451E-3 1.62018E-3 1.80532E-3 1.68847E-3 1.38319E-3 1.2847E-3 1.01124E-3 9.27468E-4 8.67942E-4 6.2949E-4 4.69466E-4 4.42275E-4 3.89226E-4 3.01153E-4 2.14986E-4 1.78709E-4 1.29522E-4 9.76233E-5 8.43705E-5 5.63333E-5 -9999 -9999 -9999 -9999 -9999 -9999 -9999
2.35119E-3 2.20967E-3 2.43723E-3 2.34282E-3 1.89326E-3 1.1635E-3 1.83453E-3 1.65157E-3 1.17031E-3 9.93812E-4 9.39778E-4 6.91716E-4 1.82318E-3 1.43952E-3 1.32407E-3 1.55832E-3 1.51187E-3 1.66808E-3 1.53003E-3 1.66552E-3 1.73059E-3 2.01629E-3 2.0363E-3 1.67157E-3 1.80382E-3 2.08439E-3 2.20252E-3 2.32793E-3 2.05765E-3 2.20125E-3 2.36962E-3 2.13225E-3 2.09297E-3 2.14844E-3 2.44972E-3 1.94658E-3 1.93634E-3 1.61114E-3 1.52658E-3 1.40654E-3 1.10403E-3 1.09911E-3 8.12822E-4 7.1596E-4 5.07308E-4 4.78514E-4 3.56139E-4 3.10402E-4 2.29079E-4 1.55656E-4 1.36945E-4 1.03843E-4 7.86091E-5 5.63798E-5 -9999 -9999 -9999 -9999 -9999 -9999 -9999
2.86462E-3 2.67359E-3 2.58454E-3 2.32001E-3 1.83646E-3 1.81859E-3 2.09928E-3 1.59577E-3 1.14703E-3 1.03193E-3 8.83808E-4 1.1608E-3 2.04018E-3 1.44946E-3 1.34286E-3 1.80917E-3 1.54412E-3 1.46278E-3 1.67758E-3 1.80843E-3 1.97016E-3 2.07533E-3 2.13886E-3 1.98027E-3 2.01869E-3 2.25778E-3 2.42847E-3 2.00009E-3 2.11832E-3 2.28348E-3 2.50388E-3 2.92697E-3 2.30567E-3 2.33026E-3 2.54036E-3 2.06346E-3 1.98809E-3 1.66953E-3 1.67331E-3 1.57445E-3 1.13548E-3 1.12069E-3 8.82949E-4 7.62102E-4 5.66709E-4 5.15536E-4 3.9805E-4 3.36776E-4 2.40649E-4 1.66071E-4 1.20063E-4 1.03356E-4 8.35257E-5 4.98142E-5 -9999 -9999 -9999 -9999 -9999 -9999 -9999
3.53919E-3 3.53765E-3 2.48204E-3 2.12172E-3 2.09144E-3 2.2039E-3 1.8825E-3 1.46475E-3 1.26323E-3 1.09223E-3 9.18761E-4 1.08212E-3 1.61752E-3 1.87834E-3 1.17579E-3 1.79776E-3 1.9426E-3 2.36534E-3 1.78906E-3 2.02061E-3 2.15996E-3 2.25612E-3 2.44333E-3 2.13967E-3 2.30793E-3 2.52104E-3 2.65916E-3 2.81664E-3 2.33916E-3 2.26416E-3 2.49284E-3 3.22371E-3 2.67297E-3 2.64895E-3 2.56774E-3 2.18023E-3 2.18388E-3 1.67595E-3 1.74137E-3 1.41861E-3 1.32474E-3 1.11675E-3 8.85279E-4 8.234E-4 6.10562E-4 5.40053E-4 4.15236E-4 2.9699E-4 2.44057E-4 1.79975E-4 1.24386E-4 1.07186E-4 8.30208E-5 5.89197E-5 -9999 -9999 -9999 -9999 -9999 -9999 -9999
3.57937E-3 3.39116E-3 3.3332E-3 2.65103E-3 2.50927E-3 2.83255E-3 2.06425E-3 1.58412E-3 1.31879E-3 1.16706E-3 1.1075E-3 1.15377E-3 1.33364E-3 1.92233E-3 3.03726E-3 1.92752E-3 2.24303E-3 2.30467E-3 2.49425E-3 2.10702E-3 2.19492E-3 2.3842E-3 2.713E-3 2.85214E-3 2.52111E-3 2.71252E-3 3.15593E-3 2.9648E-3 2.45337E-3 2.52419E-3 2.61922E-3 2.40522E-3 2.77796E-3 2.75368E-3 2.18201E-3 2.24463E-3 2.28971E-3 1.86038E-3 1.8321E-3 1.80528E-3 1.39144E-3 1.06294E-3 9.06794E-4 6.66956E-4 6.43943E-4 4.88521E-4 4.16075E-4 3.17188E-4 2.27266E-4 1.84474E-4 1.26688E-4 8.63421E-5 7.34626E-5 4.9838E-5 -9999 -9999 -9999 -9999 -9999 -9999 -9999
3.72371E-3 3.30412E-3 4.35019E-3 3.56819E-3 3.06808E-3 3.05985E-3 2.61774E-3 1.60486E-3 1.42023E-3 1.26691E-3 1.32602E-3 1.26201E-3 1.71326E-3 2.16545E-3 3.58275E-3 2.50698E-3 2.60041E-3 2.37363E-3 3.28609E-3 2.34047E-3 2.42732E-3 2.56868E-3 2.75937E-3 2.79277E-3 2.66683E-3 2.66416E-3 3.0967E-3 3.38283E-3 2.697E-3 2.75121E-3 2.84441E-3 2.38983E-3 2.42956E-3 2.61001E-3 2.23968E-3 2.17321E-3 2.29414E-3 1.91686E-3 1.89537E-3 1.53489E-3 1.443E-3 1.1228E-3 9.81594E-4 7.19316E-4 6.60234E-4 5.11715E-4 3.7362E-4 3.15021E-4 2.31251E-4 1.90897E-4 1.40053E-4 9.63908E-5 7.67664E-5 5.50471E-5 -9999 -9999 -9999 -9999 -9999 -9999 -9999
9.07584E-3 4.20637E-3 5.02838E-3 4.33714E-3 3.48447E-3 2.95523E-3 2.61244E-3 2.14837E-3 1.55711E-3 1.45374E-3 1.42305E-3 1.33285E-3 1.50402E-3 3.644E-3 2.83554E-3 2.10711E-3 3.60873E-3 2.59859E-3 3.01654E-3 2.5105E-3 2.52677E-3 2.72887E-3 2.89426E-3 2.97866E-3 2.63157E-3 2.9024E-3 2.86926E-3 3.13999E-3 3.26261E-3 3.48796E-3 3.45198E-3 3.3326E-3 2.79318E-3 2.89354E-3 2.31425E-3 2.33989E-3 1.92564E-3 1.96919E-3 1.61889E-3 1.55757E-3 1.61364E-3 1.21012E-3 1.09245E-3 7.99971E-4 6.2381E-4 5.31697E-4 3.98016E-4 3.54698E-4 2.64877E-4 1.82445E-4 1.35313E-4 1.0819E-4 7.49189E-5 5.45525E-5 -9999 -9999 -9999 -9999 -9999 -9999 -9999
1.01458E-2 8.90395E-3 9.59851E-3 7.231E-3 6.15031E-3 3.37398E-3 2.71466E-3 2.10474E-3 1.76353E-3 1.76583E-3 1.58071E-3 1.43868E-3 1.54408E-3 2.46957E-3 3.55962E-3 2.29659E-3 2.55072E-3 2.81867E-3 3.02801E-3 3.28872E-3 2.94092E-3 2.86946E-3 3.03325E-3 3.12896E-3 2.69359E-3 2.88664E-3 3.10103E-3 3.11266E-3 2.6412E-3 3.04564E-3 3.75208E-3 2.86763E-3 2.825E-3 3.05791E-3 2.5119E-3 2.5127E-3 2.02254E-3 2.12836E-3 1.69795E-3 1.6406E-3 1.61361E-3 1.31267E-3 9.96356E-4 8.88528E-4 6.72247E-4 5.83671E-4 4.29725E-4 3.22166E-4 2.67227E-4 2.00048E-4 1.46735E-4 1.23003E-4 8.52474E-5 6.27759E-5 -9999 -9999 -9999 -9999 -9999 -9999 -9999
1.94488E-2 1.30107E-2 1.14608E-2 8.60007E-3 6.10377E-3 3.22467E-3 2.42025E-3 2.05062E-3 2.43348E-3 2.09136E-3 1.73088E-3 1.52169E-3 1.73169E-3 5.23525E-3 4.98694E-3 3.67026E-3 3.06802E-3 2.89803E-3 3.19778E-3 2.78517E-3 2.7291E-3 3.18992E-3 3.55638E-3 3.52426E-3 2.94442E-3 3.21551E-3 3.41585E-3 3.44066E-3 2.74462E-3 2.91462E-3 3.33134E-3 3.22621E-3 3.0653E-3 2.62587E-3 2.54916E-3 2.09644E-3 2.1552E-3 2.17035E-3 1.76372E-3 1.70294E-3 1.4068E-3 1.14957E-3 1.02767E-3 8.89369E-4 6.94372E-4 5.31616E-4 4.44988E-4 3.23966E-4 2.30955E-4 1.99034E-4 1.45291E-4 1.03142E-4 8.85223E-5 5.64614E-5 -9999 -9999 -9999 -9999 -9999 -9999 -9999
1.96956E-2 9.0581E-3 9.24776E-3 7.70568E-3 5.3203E-3 3.9108E-3 2.5433E-3 2.25206E-3 3.28272E-3 3.12088E-3 1.79993E-3 1.48761E-3 1.84335E-3 3.689E-3 4.43353E-3 3.44019E-3 3.1479E-3 3.54257E-3 3.81871E-3 4.91433E-3 2.92763E-3 2.83638E-3 3.34525E-3 4.84903E-3 3.40202E-3 3.20988E-3 3.42273E-3 3.60975E-3 3.16282E-3 3.43977E-3 3.0335E-3 2.90635E-3 3.18476E-3 2.64991E-3 2.70685E-3 2.21103E-3 2.18811E-3 2.26789E-3 1.93646E-3 1.48896E-3 1.41963E-3 1.34606E-3 -9999 -9999 -9999 -9999 -9999 3.25398E-4 2.40778E-4 2.04954E-4 1.50518E-4 1.07781E-4 8.37157E-5 6.63546E-5 -9999 -9999 -9999 -9999 -9999 -9999 -9999
2.14632E-2 1.44333E-2 7.25596E-3 4.93784E-3 4.3705E-3 5.03527E-3 3.1109E-3 4.21199E-3 7.00002E-3 7.09708E-3 3.3026E-3 2.12069E-3 3.08272E-3 3.08008E-3 2.99429E-3 2.6665E-3 3.30866E-3 3.16854E-3 3.04504E-3 3.92074E-3 3.91869E-3 3.12053E-3 3.36502E-3 4.05649E-3 4.52278E-3 3.62675E-3 3.59095E-3 3.60472E-3 3.03644E-3 4.07336E-3 3.41483E-3 2.71355E-3 3.1652E-3 2.72416E-3 2.71552E-3 2.22123E-3 2.23352E-3 1.86676E-3 1.93797E-3 1.45086E-3 -9999 -9999 -9999 -9999 -9999 -9999 -9999 -9999 -9999 -9999 -9999 -9999 -9999 -9999 -9999 -9999 -9999 -9999 -9999 -9999 -9999
9.57193E-3 1.06077E-2 6.23054E-3 5.48723E-3 4.34548E-3 3.96494E-3 3.22453E-3 3.21969E-3 6.96627E-3 5.15949E-3 4.60206E-3 4.27523E-3 4.49785E-3 3.75267E-3 3.33828E-3 3.90209E-3 3.284E-3 3.04141E-3 3.36232E-3 3.66597E-3 4.04485E-3 4.02742E-3 3.29885E-3 3.68624E-3 3.44327E-3 4.19526E-3 4.0269E-3 3.69948E-3 3.01383E-3 3.24667E-3 2.76347E-3 2.81217E-3 3.17381E-3 2.64487E-3 2.77301E-3 2.27444E-3 2.25081E-3 1.83844E-3 1.74237E-3 1.43929E-3 -9999 -9999 -9999 -9999 -9999 -9999 -9999 -9999 -9999 -9999 -9999 -9999 -9999 -9999 -9999 -9999 -9999 -9999 -9999 -9999 -9999
