Artocarpus hirsutus SDM files/Last interglacial/results (without bias file)/Arthir_5.asc
ncols         625
nrows         721
xllcorner     69.99986311115
yllcorner     5.99986151914999
cellsize      0.041666667
NODATA_value  -9999
[rows 432 to 458 of 721, columns 244 to 304 of 625]
9.2726E-5 9.43978E-5 8.79053E-5 1.00351E-4 1.02226E-4 1.10568E-4 1.01977E-4 1.04576E-4 9.23583E-5 8.23266E-5 8.75031E-5 9.77563E-5 9.60197E-5 1.00043E-4 9.71982E-5 1.02287E-4 1.51836E-4 1.66735E-4 1.80704E-4 1.94679E-4 1.77505E-4 1.45426E-4 2.40507E-4 2.19552E-4 1.84547E-4 1.6757E-4 1.94403E-4 1.91807E-4 1.95928E-4 1.97892E-4 2.1345E-4 2.03672E-4 2.15151E-4 2.35832E-4 2.77129E-4 2.89E-4 3.78579E-4 3.25554E-4 2.96402E-4 3.89527E-4 5.84553E-4 5.58861E-4 4.55009E-4 3.77788E-4 4.61594E-4 6.74017E-4 4.33056E-4 5.25237E-4 8.30646E-4 5.85033E-4 8.87338E-4 5.89808E-4 6.1897E-4 8.2507E-4 1.1296E-3 1.28084E-3 1.58419E-3 1.22697E-3 1.86057E-3 1.91897E-3 1.62172E-3
1.09608E-4 9.57855E-5 8.58864E-5 9.96814E-5 9.73304E-5 1.21249E-4 1.31113E-4 1.37274E-4 1.21509E-4 9.81329E-5 9.62052E-5 1.14222E-4 1.02501E-4 1.0214E-4 1.02495E-4 1.29518E-4 1.01331E-4 1.23415E-4 1.87159E-4 1.84553E-4 1.59638E-4 1.67364E-4 1.95171E-4 2.24728E-4 2.42664E-4 2.10795E-4 1.86608E-4 1.5991E-4 1.9625E-4 2.1989E-4 2.52582E-4 2.00756E-4 2.37938E-4 2.59525E-4 2.71488E-4 3.39175E-4 3.04444E-4 3.46945E-4 3.94218E-4 5.07428E-4 3.86001E-4 3.75864E-4 4.13081E-4 4.50078E-4 4.70807E-4 5.49569E-4 5.48629E-4 6.32307E-4 6.15321E-4 7.43102E-4 1.25172E-3 1.0214E-3 6.6564E-4 7.01571E-4 7.89537E-4 9.522E-4 1.77649E-3 1.63439E-3 1.82053E-3 1.29779E-3 1.19427E-3
1.08352E-4 1.03421E-4 1.07757E-4 8.11367E-5 8.12536E-5 1.05928E-4 1.37765E-4 1.12719E-4 1.1817E-4 1.67577E-4 1.19322E-4 1.952E-4 1.45467E-4 1.32224E-4 1.02717E-4 1.07128E-4 1.59372E-4 1.29994E-4 1.60773E-4 1.62977E-4 1.6273E-4 1.6843E-4 1.72542E-4 1.93436E-4 2.60457E-4 2.38784E-4 1.94935E-4 1.88745E-4 1.78452E-4 2.03681E-4 1.98681E-4 2.26352E-4 2.26676E-4 2.49713E-4 3.32931E-4 3.75658E-4 3.29598E-4 5.05439E-4 4.25215E-4 3.34934E-4 4.54445E-4 4.96827E-4 6.13231E-4 5.75144E-4 4.74751E-4 5.08297E-4 7.18181E-4 8.61743E-4 6.4023E-4 7.07833E-4 8.5919E-4 9.36999E-4 8.1112E-4 7.71434E-4 8.67718E-4 1.29544E-3 1.93754E-3 1.69451E-3 1.78004E-3 1.51405E-3 1.39509E-3
1.12772E-4 1.07429E-4 1.24195E-4 8.49492E-5 8.29307E-5 8.5578E-5 1.24204E-4 1.17565E-4 1.10778E-4 1.56234E-4 1.91155E-4 1.80837E-4 1.66637E-4 1.43511E-4 1.52244E-4 1.4327E-4 1.4817E-4 1.34162E-4 1.51051E-4 1.61553E-4 1.75933E-4 2.01358E-4 2.0617E-4 2.11529E-4 1.78204E-4 1.9172E-4 2.19758E-4 2.12571E-4 1.86315E-4 1.88453E-4 2.0244E-4 2.28246E-4 2.38181E-4 2.86602E-4 2.99209E-4 3.84884E-4 4.03692E-4 4.20005E-4 3.05386E-4 4.64529E-4 6.34343E-4 7.61212E-4 5.82582E-4 5.10971E-4 5.42145E-4 8.43801E-4 7.11104E-4 1.016E-3 7.39979E-4 7.23208E-4 1.23823E-3 9.22849E-4 7.61353E-4 1.02422E-3 9.60512E-4 1.35834E-3 1.53192E-3 1.86085E-3 1.61308E-3 1.37692E-3 9.42671E-4
1.13943E-4 1.27405E-4 1.2595E-4 1.14759E-4 9.73659E-5 8.6572E-5 9.26979E-5 1.05572E-4 1.25348E-4 1.36466E-4 1.60381E-4 1.85462E-4 2.07539E-4 1.48785E-4 1.57142E-4 1.57918E-4 1.45293E-4 1.38663E-4 1.65389E-4 1.75165E-4 1.76197E-4 1.92966E-4 2.0761E-4 1.71688E-4 2.078E-4 2.37882E-4 2.06135E-4 1.85688E-4 1.8867E-4 1.86521E-4 2.12842E-4 2.27984E-4 2.45517E-4 2.59535E-4 3.06859E-4 3.06458E-4 3.92898E-4 3.9954E-4 5.58421E-4 4.26993E-4 6.04316E-4 7.89874E-4 5.23056E-4 4.7278E-4 7.0089E-4 6.9397E-4 9.77275E-4 1.32871E-3 1.01635E-3 1.02121E-3 1.02832E-3 1.22649E-3 1.14824E-3 1.12496E-3 1.08368E-3 1.15981E-3 1.47588E-3 1.6635E-3 1.45558E-3 1.50185E-3 1.15819E-3
1.17645E-4 1.19901E-4 1.31599E-4 1.47084E-4 1.20565E-4 1.37234E-4 1.25644E-4 9.43868E-5 1.13889E-4 1.30147E-4 1.32628E-4 1.73088E-4 1.6161E-4 1.81763E-4 1.51974E-4 1.44051E-4 1.4347E-4 1.51934E-4 1.67819E-4 1.80479E-4 1.74458E-4 1.90014E-4 1.86911E-4 1.72846E-4 1.76733E-4 1.72117E-4 1.9427E-4 1.85951E-4 2.41929E-4 1.85792E-4 2.16568E-4 2.16542E-4 2.55196E-4 2.75042E-4 2.97794E-4 2.97985E-4 4.63943E-4 5.87457E-4 6.41854E-4 6.15774E-4 7.05344E-4 6.74306E-4 5.37202E-4 7.86816E-4 7.74678E-4 8.07923E-4 8.52807E-4 1.21336E-3 1.1323E-3 1.41929E-3 1.20433E-3 1.40641E-3 1.55216E-3 1.64266E-3 1.60461E-3 1.19024E-3 1.83721E-3 1.3188E-3 1.62664E-3 1.26614E-3 1.51034E-3
1.16328E-4 1.22519E-4 1.99583E-4 1.30058E-4 1.45371E-4 1.49666E-4 1.41578E-4 1.23739E-4 1.20589E-4 1.20118E-4 1.33013E-4 1.58188E-4 1.61049E-4 2.06468E-4 1.63272E-4 1.54785E-4 1.44158E-4 1.51276E-4 1.57464E-4 1.69276E-4 1.84015E-4 2.02935E-4 1.83268E-4 1.68486E-4 1.73643E-4 2.45773E-4 1.83323E-4 1.90924E-4 2.03665E-4 2.24052E-4 2.13494E-4 2.66643E-4 3.27834E-4 3.15501E-4 3.76715E-4 4.37129E-4 4.94707E-4 6.23682E-4 4.77536E-4 5.14647E-4 5.98964E-4 5.23006E-4 6.33115E-4 7.71558E-4 7.11198E-4 7.50458E-4 8.64185E-4 1.10311E-3 1.1923E-3 1.42365E-3 1.41961E-3 1.47933E-3 1.07587E-3 1.14558E-3 1.52157E-3 1.4914E-3 1.25427E-3 1.02603E-3 1.19832E-3 1.24635E-3 1.08732E-3
9.51139E-5 1.0845E-4 1.42139E-4 1.04777E-4 1.3416E-4 1.41063E-4 1.52682E-4 1.29438E-4 1.49478E-4 1.31642E-4 1.26581E-4 1.3711E-4 1.76715E-4 1.89223E-4 1.69579E-4 1.70407E-4 1.68999E-4 1.48628E-4 1.70323E-4 2.00509E-4 1.96605E-4 1.98759E-4 1.7719E-4 1.79007E-4 2.31043E-4 3.314E-4 3.61219E-4 2.66714E-4 2.31276E-4 2.24476E-4 2.73432E-4 2.88159E-4 2.6944E-4 3.27336E-4 4.34158E-4 4.03762E-4 5.51145E-4 5.18077E-4 4.99999E-4 4.84742E-4 4.95681E-4 8.23384E-4 7.93038E-4 7.87347E-4 7.48384E-4 6.63483E-4 1.1382E-3 1.41119E-3 1.28694E-3 1.46876E-3 1.25234E-3 1.33476E-3 1.13681E-3 1.18029E-3 1.61801E-3 1.74112E-3 1.26612E-3 1.00151E-3 1.14357E-3 1.19919E-3 1.09414E-3
1.16694E-4 1.15714E-4 1.35169E-4 1.42511E-4 1.44825E-4 1.35934E-4 1.27072E-4 1.39204E-4 1.58433E-4 1.49E-4 1.65666E-4 1.38309E-4 1.48999E-4 1.78718E-4 1.67742E-4 1.58343E-4 1.57867E-4 1.62039E-4 1.74929E-4 1.82936E-4 1.83377E-4 1.81598E-4 1.71962E-4 2.01628E-4 3.09701E-4 3.38518E-4 2.26028E-4 2.31607E-4 1.90498E-4 2.43761E-4 2.73062E-4 2.9984E-4 3.88021E-4 3.9762E-4 4.01387E-4 4.84716E-4 4.43501E-4 4.01207E-4 4.28981E-4 6.72782E-4 7.1323E-4 1.05744E-3 8.24975E-4 7.39697E-4 6.10545E-4 1.0117E-3 9.12184E-4 1.45741E-3 1.03207E-3 1.10913E-3 1.33919E-3 1.0965E-3 8.06211E-4 9.67869E-4 1.13979E-3 1.0405E-3 1.12023E-3 9.69937E-4 1.11952E-3 1.26589E-3 1.01368E-3
1.22381E-4 1.27975E-4 1.34534E-4 1.46107E-4 1.51035E-4 1.39804E-4 1.30884E-4 1.50318E-4 1.30971E-4 1.38802E-4 1.69537E-4 1.50242E-4 1.43977E-4 1.45274E-4 1.63268E-4 1.5922E-4 1.5186E-4 1.52316E-4 1.59452E-4 1.56559E-4 1.80878E-4 1.74004E-4 1.65699E-4 2.04785E-4 2.25179E-4 3.17079E-4 2.02034E-4 1.88674E-4 2.56492E-4 2.6391E-4 3.46038E-4 4.02043E-4 3.43703E-4 3.7105E-4 5.45963E-4 4.12844E-4 4.27949E-4 4.7528E-4 6.14758E-4 6.27905E-4 6.34497E-4 1.09577E-3 1.02415E-3 7.64825E-4 7.05249E-4 7.26276E-4 9.75987E-4 1.08225E-3 8.99111E-4 1.04974E-3 1.29726E-3 1.04028E-3 8.32093E-4 9.2958E-4 8.49323E-4 1.1635E-3 1.24149E-3 1.07121E-3 8.55493E-4 1.03644E-3 1.03568E-3
1.37998E-4 1.36424E-4 1.38276E-4 1.37594E-4 1.55201E-4 1.50351E-4 1.32619E-4 1.40463E-4 1.39387E-4 1.38414E-4 1.54332E-4 1.56953E-4 1.42712E-4 1.68818E-4 1.55877E-4 1.51157E-4 1.54688E-4 1.62945E-4 1.6541E-4 1.65877E-4 1.51578E-4 1.59066E-4 1.63192E-4 1.7687E-4 2.58132E-4 2.07307E-4 2.34298E-4 2.52006E-4 2.57248E-4 3.03452E-4 4.08534E-4 4.49817E-4 3.50088E-4 4.55476E-4 4.56993E-4 4.45297E-4 4.57555E-4 4.62932E-4 6.8602E-4 6.48519E-4 9.10485E-4 8.64642E-4 7.4194E-4 7.23654E-4 8.26312E-4 1.11424E-3 1.11199E-3 9.39206E-4 9.60014E-4 1.12111E-3 1.01044E-3 1.07031E-3 9.03531E-4 8.86403E-4 8.19099E-4 9.29375E-4 1.20277E-3 1.04717E-3 9.4662E-4 9.52211E-4 9.30259E-4
1.49665E-4 1.27211E-4 1.28489E-4 1.46404E-4 1.49815E-4 1.59561E-4 1.3101E-4 1.25259E-4 1.3174E-4 1.30852E-4 1.40921E-4 1.48133E-4 1.38119E-4 1.6398E-4 1.56912E-4 1.65773E-4 1.69708E-4 1.54726E-4 1.68691E-4 1.74695E-4 1.6097E-4 1.66251E-4 2.19959E-4 1.77182E-4 1.81147E-4 2.39207E-4 2.23494E-4 2.65725E-4 2.47288E-4 3.00774E-4 3.86316E-4 4.09352E-4 3.41999E-4 5.3287E-4 3.95146E-4 5.01433E-4 5.54133E-4 5.12028E-4 6.46541E-4 9.82694E-4 9.64372E-4 8.70365E-4 7.11203E-4 7.63601E-4 8.61471E-4 9.43912E-4 1.16806E-3 1.03123E-3 7.78327E-4 9.50631E-4 8.65378E-4 1.09097E-3 1.07793E-3 1.32419E-3 8.92111E-4 9.83555E-4 1.22577E-3 1.18277E-3 1.08797E-3 8.5233E-4 7.74111E-4
1.49491E-4 1.32074E-4 1.28509E-4 1.42324E-4 1.38331E-4 1.38922E-4 1.16781E-4 1.19158E-4 1.36814E-4 1.43269E-4 1.27308E-4 1.28498E-4 1.60462E-4 1.80926E-4 1.57096E-4 1.62908E-4 1.47747E-4 1.57956E-4 1.75382E-4 2.00959E-4 2.89267E-4 2.88312E-4 2.73522E-4 1.93593E-4 2.44723E-4 2.41133E-4 2.33331E-4 3.08864E-4 3.00056E-4 3.13869E-4 3.47967E-4 4.9048E-4 3.54243E-4 3.66139E-4 4.8614E-4 5.88968E-4 5.95579E-4 5.25677E-4 6.23925E-4 7.68831E-4 6.91072E-4 7.29584E-4 6.51111E-4 7.27585E-4 9.05699E-4 9.98465E-4 1.18271E-3 9.23781E-4 8.06906E-4 8.53441E-4 9.68276E-4 1.34752E-3 1.42822E-3 9.66334E-4 9.32231E-4 9.90612E-4 8.11991E-4 1.03279E-3 1.06403E-3 9.78494E-4 1.03614E-3
1.37757E-4 1.25679E-4 1.36569E-4 1.38815E-4 1.50658E-4 1.21822E-4 1.76697E-4 1.85146E-4 1.40565E-4 1.31069E-4 1.28321E-4 1.59491E-4 1.3778E-4 1.86254E-4 1.74298E-4 1.50645E-4 1.57151E-4 1.47395E-4 1.66063E-4 2.83564E-4 3.34886E-4 3.31782E-4 2.99091E-4 2.39291E-4 1.92658E-4 2.28045E-4 2.38582E-4 2.43134E-4 2.48525E-4 2.5697E-4 2.98912E-4 3.57952E-4 4.05554E-4 4.25736E-4 5.05083E-4 5.66271E-4 6.90365E-4 5.71003E-4 7.67577E-4 9.55628E-4 8.06109E-4 7.82867E-4 7.64943E-4 7.25114E-4 8.23705E-4 1.1613E-3 8.31602E-4 7.5222E-4 8.14776E-4 1.00307E-3 1.1716E-3 1.15774E-3 1.04246E-3 1.06592E-3 8.84525E-4 7.18568E-4 7.60926E-4 9.16722E-4 9.37938E-4 1.18712E-3 1.06002E-3
1.30586E-4 1.33732E-4 1.34637E-4 1.48803E-4 1.53899E-4 1.62415E-4 1.50955E-4 1.32773E-4 1.40071E-4 1.29255E-4 1.2576E-4 1.61561E-4 1.38271E-4 1.9153E-4 1.55511E-4 1.53656E-4 1.48046E-4 1.56661E-4 1.61788E-4 2.25753E-4 2.91578E-4 2.29749E-4 2.36207E-4 2.58614E-4 2.32499E-4 2.92551E-4 2.95658E-4 2.96614E-4 3.28285E-4 2.79301E-4 2.76073E-4 4.75416E-4 3.87807E-4 3.18082E-4 5.01138E-4 7.48528E-4 8.6754E-4 7.27462E-4 5.67891E-4 5.47568E-4 7.0124E-4 7.28877E-4 8.86444E-4 9.82075E-4 8.72787E-4 7.42175E-4 8.53258E-4 7.63308E-4 8.45643E-4 8.82522E-4 1.35155E-3 1.14086E-3 1.04102E-3 8.20504E-4 8.20237E-4 7.73302E-4 8.0922E-4 9.66283E-4 8.33417E-4 8.87728E-4 9.69765E-4
1.26224E-4 1.37523E-4 1.36874E-4 1.31765E-4 1.41244E-4 1.58238E-4 1.63723E-4 1.37279E-4 1.31081E-4 1.31008E-4 1.29728E-4 1.33552E-4 1.61617E-4 1.75253E-4 1.59432E-4 1.83314E-4 1.65544E-4 1.59267E-4 2.75536E-4 2.77684E-4 2.44107E-4 2.41684E-4 2.40688E-4 2.31548E-4 2.57422E-4 3.04621E-4 3.28303E-4 3.74226E-4 4.8197E-4 4.43815E-4 4.45406E-4 5.54101E-4 4.60156E-4 4.15975E-4 4.12745E-4 5.28932E-4 6.59492E-4 7.74126E-4 5.41069E-4 5.60084E-4 7.01729E-4 7.12207E-4 8.24172E-4 9.65044E-4 6.60646E-4 8.64976E-4 8.67949E-4 1.08744E-3 8.46896E-4 1.38056E-3 1.08706E-3 9.77442E-4 6.99917E-4 8.4705E-4 9.76853E-4 1.02177E-3 7.72389E-4 1.00862E-3 8.46972E-4 8.89362E-4 7.79239E-4
1.2861E-4 1.47479E-4 1.51023E-4 1.29324E-4 1.27087E-4 1.32473E-4 1.45935E-4 1.41951E-4 1.32018E-4 1.47277E-4 1.4412E-4 1.41513E-4 1.51725E-4 1.53511E-4 1.63359E-4 1.94786E-4 2.16297E-4 2.61718E-4 2.66405E-4 2.76171E-4 3.54373E-4 3.07485E-4 2.72162E-4 2.59546E-4 2.41707E-4 2.70291E-4 3.39547E-4 4.25877E-4 4.789E-4 4.59802E-4 5.52416E-4 5.16025E-4 5.35292E-4 5.03838E-4 4.06689E-4 6.29943E-4 8.0345E-4 5.17986E-4 5.38143E-4 6.99002E-4 8.21337E-4 7.35319E-4 7.26122E-4 6.39042E-4 8.65625E-4 7.32413E-4 8.03878E-4 9.27197E-4 1.09976E-3 1.01498E-3 1.20427E-3 9.80787E-4 7.5488E-4 7.87657E-4 1.05771E-3 8.90585E-4 8.14335E-4 7.31656E-4 7.93511E-4 8.9059E-4 8.16313E-4
1.35995E-4 1.50394E-4 1.43274E-4 1.74916E-4 1.4238E-4 1.36271E-4 1.45021E-4 1.33513E-4 1.81593E-4 2.26859E-4 2.32292E-4 2.12455E-4 1.7729E-4 1.8245E-4 1.90956E-4 1.96696E-4 2.17432E-4 1.93468E-4 2.62706E-4 2.98902E-4 2.37558E-4 2.64484E-4 3.08773E-4 3.27251E-4 2.90275E-4 2.82504E-4 3.58957E-4 4.05839E-4 4.24453E-4 5.27935E-4 5.13999E-4 5.96424E-4 6.53571E-4 6.91967E-4 6.2037E-4 5.14762E-4 4.31549E-4 5.49369E-4 7.31443E-4 7.72262E-4 7.4288E-4 7.44709E-4 7.67563E-4 7.24893E-4 7.16684E-4 7.63298E-4 8.3504E-4 9.17796E-4 8.6862E-4 9.11469E-4 9.02335E-4 9.21834E-4 7.72459E-4 7.98187E-4 8.67812E-4 9.18605E-4 8.59104E-4 7.86948E-4 7.93455E-4 8.89393E-4 8.53733E-4
1.46422E-4 1.44334E-4 1.40938E-4 1.44596E-4 1.50005E-4 1.40976E-4 1.49121E-4 1.46306E-4 2.11305E-4 1.75095E-4 1.72425E-4 1.6514E-4 1.64637E-4 1.7823E-4 1.79603E-4 1.93898E-4 1.88312E-4 1.869E-4 2.58148E-4 2.25837E-4 2.77575E-4 2.73706E-4 2.87236E-4 3.01468E-4 3.13689E-4 3.16653E-4 3.71265E-4 3.69699E-4 4.31746E-4 5.27625E-4 4.90595E-4 6.29055E-4 5.61043E-4 6.73836E-4 7.39994E-4 4.55437E-4 5.37276E-4 6.65653E-4 6.60163E-4 6.77798E-4 6.47711E-4 6.8051E-4 7.92012E-4 8.04438E-4 7.77125E-4 8.74249E-4 7.37079E-4 7.59504E-4 8.17714E-4 6.89262E-4 8.24292E-4 9.45297E-4 7.66059E-4 7.58964E-4 8.29907E-4 8.71986E-4 7.82326E-4 8.49848E-4 8.39199E-4 -9999 -9999
1.36364E-4 1.55393E-4 1.48875E-4 1.40736E-4 1.44924E-4 1.48839E-4 1.51078E-4 1.35369E-4 1.40487E-4 1.48406E-4 1.6093E-4 1.59533E-4 1.66935E-4 1.66672E-4 1.67087E-4 1.88154E-4 1.81449E-4 1.938E-4 2.14915E-4 2.35916E-4 2.79728E-4 3.37197E-4 3.43331E-4 3.30725E-4 3.51347E-4 3.33341E-4 3.58247E-4 3.90571E-4 4.27008E-4 4.80703E-4 5.39635E-4 5.35431E-4 5.76968E-4 5.54818E-4 4.48339E-4 4.56121E-4 5.12893E-4 6.22301E-4 6.04491E-4 6.08574E-4 6.44198E-4 6.31946E-4 6.73502E-4 8.08276E-4 8.21065E-4 6.30341E-4 6.95879E-4 7.50826E-4 6.46332E-4 7.00774E-4 7.70332E-4 8.74735E-4 8.08122E-4 8.29941E-4 7.27003E-4 7.72873E-4 7.99582E-4 8.42084E-4 -9999 -9999 -9999
1.36496E-4 1.49704E-4 1.55499E-4 1.53358E-4 1.51394E-4 1.49127E-4 1.41738E-4 1.43663E-4 1.64288E-4 1.70265E-4 1.62315E-4 1.66117E-4 1.73294E-4 1.59784E-4 1.67231E-4 1.9431E-4 1.79714E-4 1.9076E-4 2.13243E-4 2.47098E-4 3.11129E-4 3.01743E-4 2.48361E-4 3.30122E-4 3.63422E-4 3.39929E-4 3.43848E-4 3.99184E-4 4.09407E-4 4.8322E-4 5.77899E-4 5.79666E-4 5.56005E-4 4.66062E-4 4.61709E-4 4.68743E-4 5.37073E-4 5.53417E-4 6.29712E-4 6.21945E-4 6.56836E-4 5.98312E-4 6.92587E-4 8.05594E-4 7.89536E-4 6.47466E-4 6.81375E-4 7.7227E-4 6.60751E-4 7.48945E-4 7.77243E-4 7.0664E-4 7.70178E-4 6.9706E-4 7.47769E-4 7.97989E-4 -9999 -9999 -9999 -9999 -9999
1.37418E-4 1.45728E-4 1.57977E-4 1.5853E-4 1.50194E-4 1.45644E-4 1.48518E-4 1.44617E-4 1.46447E-4 1.67883E-4 1.56374E-4 1.6274E-4 1.55567E-4 1.57111E-4 1.72274E-4 1.89402E-4 1.83052E-4 2.11955E-4 2.39531E-4 2.49462E-4 2.62491E-4 2.89333E-4 2.28064E-4 2.28181E-4 2.97517E-4 3.22133E-4 3.85297E-4 3.83148E-4 4.0772E-4 4.90487E-4 5.53685E-4 4.56171E-4 5.15783E-4 4.54856E-4 5.26283E-4 5.1659E-4 5.53024E-4 5.49595E-4 5.98498E-4 5.74638E-4 5.05867E-4 6.05934E-4 6.79467E-4 6.98209E-4 6.00269E-4 6.29416E-4 7.01972E-4 6.54316E-4 6.9756E-4 7.59785E-4 6.81926E-4 7.42714E-4 6.7442E-4 7.49234E-4 7.66366E-4 -9999 -9999 -9999 -9999 -9999 -9999
1.25957E-4 1.44229E-4 1.58329E-4 1.5704E-4 1.55905E-4 1.45285E-4 1.41791E-4 1.5906E-4 1.7046E-4 1.56851E-4 1.53053E-4 1.58626E-4 1.7107E-4 1.73051E-4 1.73844E-4 1.85183E-4 1.781E-4 1.94006E-4 1.99367E-4 2.38312E-4 2.42748E-4 2.0168E-4 2.09811E-4 2.9682E-4 2.48394E-4 3.09168E-4 3.69645E-4 3.82995E-4 4.2326E-4 4.55873E-4 4.16208E-4 4.27713E-4 4.32442E-4 4.62667E-4 4.47027E-4 5.0381E-4 5.54942E-4 5.87755E-4 5.64829E-4 5.05856E-4 5.31577E-4 5.65615E-4 6.26294E-4 6.97984E-4 6.43591E-4 7.01098E-4 6.14332E-4 6.40089E-4 7.14988E-4 8.00271E-4 7.23279E-4 7.83792E-4 7.145E-4 7.37122E-4 -9999 -9999 -9999 -9999 -9999 -9999 -9999
1.31639E-4 1.56464E-4 1.64991E-4 1.5623E-4 1.48701E-4 1.42989E-4 1.51575E-4 1.58937E-4 1.64317E-4 1.44738E-4 1.51132E-4 1.57869E-4 1.6914E-4 1.79416E-4 1.82009E-4 1.96832E-4 1.9911E-4 2.04321E-4 2.5293E-4 2.04707E-4 3.11138E-4 2.7539E-4 2.64428E-4 3.4283E-4 2.75336E-4 3.5146E-4 3.30962E-4 3.30687E-4 3.83957E-4 3.54334E-4 3.91657E-4 4.27401E-4 5.38249E-4 5.14323E-4 4.59671E-4 4.82915E-4 5.29119E-4 5.74912E-4 5.84591E-4 6.35569E-4 5.66448E-4 6.12281E-4 6.42101E-4 5.50021E-4 6.70539E-4 7.47443E-4 6.40857E-4 7.25077E-4 7.67086E-4 6.63304E-4 7.32573E-4 6.598E-4 7.42678E-4 -9999 -9999 -9999 -9999 -9999 -9999 -9999 -9999
1.31987E-4 1.55491E-4 1.61877E-4 1.59051E-4 1.41244E-4 1.59489E-4 1.72447E-4 1.69281E-4 1.56624E-4 1.40691E-4 1.5045E-4 1.61934E-4 1.84288E-4 1.86755E-4 1.83842E-4 1.83671E-4 1.9717E-4 2.03715E-4 2.00329E-4 2.16014E-4 2.2541E-4 2.44193E-4 2.50866E-4 3.09966E-4 3.96577E-4 3.38934E-4 3.73656E-4 3.83857E-4 3.84549E-4 3.38196E-4 4.3615E-4 4.5527E-4 4.92863E-4 4.97379E-4 5.33327E-4 5.06836E-4 5.59976E-4 5.71972E-4 4.75996E-4 5.80587E-4 6.55128E-4 7.06751E-4 6.21044E-4 5.91127E-4 6.30155E-4 7.35402E-4 6.66575E-4 6.83474E-4 6.45539E-4 7.14139E-4 7.47517E-4 6.89032E-4 -9999 -9999 -9999 -9999 -9999 -9999 -9999 -9999 -9999
1.31736E-4 1.40916E-4 1.55223E-4 1.50342E-4 1.4643E-4 1.67745E-4 1.71405E-4 1.58448E-4 1.43889E-4 1.57994E-4 2.12989E-4 1.56097E-4 1.67417E-4 1.69846E-4 1.76612E-4 1.83784E-4 1.95689E-4 1.94062E-4 2.01373E-4 2.34104E-4 2.53078E-4 2.22803E-4 2.47411E-4 2.65316E-4 2.92648E-4 3.09493E-4 3.37166E-4 3.99206E-4 4.23525E-4 3.93658E-4 3.85477E-4 4.03186E-4 4.20273E-4 5.16835E-4 5.95667E-4 5.49679E-4 5.22852E-4 4.73951E-4 4.73657E-4 5.51656E-4 5.86826E-4 5.28755E-4 5.74232E-4 6.10494E-4 6.76298E-4 5.85106E-4 6.59255E-4 6.92423E-4 6.82729E-4 7.57212E-4 6.77148E-4 -9999 -9999 -9999 -9999 -9999 -9999 -9999 -9999 -9999 -9999
1.52663E-4 1.35358E-4 1.55211E-4 1.58383E-4 1.46303E-4 1.61993E-4 1.62765E-4 1.49455E-4 1.44453E-4 1.66533E-4 2.0481E-4 1.98955E-4 1.86045E-4 1.8408E-4 1.75708E-4 2.09028E-4 2.11701E-4 2.00594E-4 2.09951E-4 2.2275E-4 2.30541E-4 2.45207E-4 2.38708E-4 2.83779E-4 3.52966E-4 3.52341E-4 3.5558E-4 3.64699E-4 4.22575E-4 3.84313E-4 3.7882E-4 4.15587E-4 4.18278E-4 4.63002E-4 5.14847E-4 5.24728E-4 5.47923E-4 4.64428E-4 4.85634E-4 5.60781E-4 5.85795E-4 5.02801E-4 5.68549E-4 5.94493E-4 5.44849E-4 5.9637E-4 6.71822E-4 6.05446E-4 6.8652E-4 6.13774E-4 6.35383E-4 -9999 6.82587E-4 -9999 -9999 -9999 -9999 -9999 -9999 -9999 -9999
