Artocarpus hirsutus SDM files/Last interglacial/results (without bias file)/Arthir_5.asc
ncols         625
nrows         721
xllcorner     69.99986311115
yllcorner     5.99986151914999
cellsize      0.041666667
NODATA_value  -9999
[rows 0 to 26 of 721, columns 366 to 426 of 625]
5.2132E-6 5.16467E-6 5.08773E-6 5.03939E-6 5.14875E-6 5.70004E-6 5.36361E-6 5.46357E-6 5.60971E-6 5.0933E-6 5.89966E-6 5.21459E-6 5.47089E-6 5.21709E-6 5.18492E-6 5.23555E-6 5.42049E-6 5.40228E-6 5.53546E-6 5.69995E-6 5.70187E-6 5.29276E-6 5.86349E-6 5.7958E-6 5.80694E-6 5.68261E-6 5.72615E-6 5.81847E-6 6.3908E-6 6.23234E-6 5.80283E-6 5.92578E-6 6.36572E-6 5.85785E-6 5.79147E-6 5.78577E-6 5.65477E-6 4.88193E-6 4.75352E-6 4.96728E-6 4.60317E-6 4.76394E-6 4.78309E-6 4.75462E-6 4.45786E-6 4.53756E-6 4.43341E-6 4.42504E-6 4.39332E-6 4.357E-6 4.43341E-6 4.31014E-6 4.27433E-6 4.32231E-6 4.48122E-6 4.16204E-6 4.13252E-6 4.16761E-6 4.36345E-6 4.10442E-6 4.16235E-6
4.9724E-6 5.26843E-6 5.40055E-6 4.83872E-6 4.83872E-6 5.02144E-6 5.48503E-6 5.72426E-6 5.43693E-6 5.60852E-6 6.00134E-6 5.2754E-6 5.4578E-6 5.14159E-6 5.09573E-6 5.23347E-6 5.47591E-6 5.3027E-6 5.58632E-6 5.86456E-6 5.92241E-6 5.83802E-6 5.57029E-6 5.47048E-6 5.55444E-6 5.68809E-6 5.52682E-6 5.54357E-6 5.78005E-6 5.72843E-6 5.78005E-6 5.82679E-6 5.76219E-6 5.74001E-6 5.24558E-6 5.5746E-6 4.46403E-6 4.67484E-6 4.84733E-6 4.87753E-6 4.77373E-6 4.62594E-6 4.76537E-6 4.87434E-6 4.44982E-6 4.80871E-6 4.65194E-6 4.51792E-6 4.27736E-6 4.81505E-6 4.39198E-6 4.56518E-6 4.40371E-6 4.39981E-6 4.46456E-6 4.4793E-6 4.32722E-6 4.33417E-6 4.47195E-6 4.51068E-6 3.95997E-6
4.87614E-6 5.49269E-6 5.49854E-6 5.57759E-6 5.01416E-6 5.78481E-6 5.75171E-6 5.431E-6 5.38812E-6 5.40203E-6 5.86956E-6 5.25894E-6 5.0823E-6 4.83486E-6 4.94639E-6 5.2675E-6 5.648E-6 5.52938E-6 5.52694E-6 5.70466E-6 5.6721E-6 5.6547E-6 5.54193E-6 5.39254E-6 5.42966E-6 5.64378E-6 5.30314E-6 5.43334E-6 5.56572E-6 5.70561E-6 6.06288E-6 5.98251E-6 5.58752E-6 5.60572E-6 5.12129E-6 4.40301E-6 4.47599E-6 4.47651E-6 4.6489E-6 4.62537E-6 4.57417E-6 4.59283E-6 4.77972E-6 4.83377E-6 4.87906E-6 4.8531E-6 4.35245E-6 4.75748E-6 3.94993E-6 3.8186E-6 3.92781E-6 4.35668E-6 4.22464E-6 4.39634E-6 4.45585E-6 4.18312E-6 4.10442E-6 4.10032E-6 4.39634E-6 4.44789E-6 3.46173E-6
5.31293E-6 5.39115E-6 5.62877E-6 5.44252E-6 5.67512E-6 5.74196E-6 5.63748E-6 4.8293E-6 5.49472E-6 5.29096E-6 5.31014E-6 5.33633E-6 5.2512E-6 5.26955E-6 5.2411E-6 5.63259E-6 5.7761E-6 5.38886E-6 5.3206E-6 5.43229E-6 5.48491E-6 5.7073E-6 5.29892E-6 5.17527E-6 5.29746E-6 5.39464E-6 5.48619E-6 5.538E-6 5.5986E-6 5.64787E-6 6.02039E-6 6.24485E-6 6.2337E-6 5.14608E-6 4.19579E-6 4.13202E-6 4.34737E-6 4.43029E-6 4.60359E-6 4.43828E-6 4.35544E-6 4.70579E-6 4.86791E-6 4.73616E-6 4.70067E-6 4.84888E-6 4.81615E-6 4.86261E-6 4.96634E-6 4.38119E-6 4.14359E-6 4.17877E-6 4.45846E-6 4.29477E-6 4.34118E-6 3.87723E-6 4.2032E-6 4.22854E-6 3.56318E-6 3.56966E-6 3.56414E-6
5.11204E-6 5.1025E-6 5.56049E-6 5.51899E-6 5.72584E-6 5.68665E-6 5.56973E-6 5.5614E-6 5.08397E-6 4.92467E-6 4.65027E-6 4.47166E-6 5.26174E-6 5.25145E-6 5.479E-6 5.46101E-6 5.64129E-6 5.61502E-6 5.26579E-6 5.35727E-6 5.53777E-6 5.73978E-6 5.46067E-6 5.61056E-6 5.28267E-6 5.09841E-6 4.9694E-6 5.39087E-6 5.80117E-6 6.04128E-6 5.87776E-6 5.82839E-6 4.99349E-6 5.48507E-6 4.80515E-6 4.33532E-6 4.72526E-6 4.71897E-6 4.71288E-6 4.50878E-6 4.43547E-6 4.7154E-6 4.89469E-6 5.01641E-6 4.93858E-6 4.91035E-6 5.073E-6 4.98884E-6 4.78291E-6 4.17791E-6 4.18354E-6 4.18569E-6 5.11501E-6 4.34798E-6 4.35528E-6 4.34798E-6 4.33636E-6 4.49945E-6 3.69089E-6 3.69309E-6 3.54511E-6
4.95088E-6 4.95608E-6 5.08327E-6 5.72584E-6 5.82419E-6 5.97923E-6 6.14892E-6 4.93327E-6 4.73168E-6 4.64518E-6 4.63426E-6 4.47417E-6 4.30584E-6 5.4169E-6 5.37283E-6 5.4131E-6 5.14096E-6 5.36174E-6 5.40164E-6 5.21892E-6 5.4131E-6 5.38478E-6 5.30348E-6 5.12066E-6 5.95058E-6 5.2365E-6 5.33966E-6 5.50686E-6 5.61671E-6 5.6527E-6 6.30079E-6 6.1366E-6 5.92094E-6 4.6634E-6 4.56349E-6 4.59032E-6 4.76709E-6 4.77903E-6 4.7499E-6 4.57631E-6 4.74585E-6 4.91354E-6 4.90935E-6 4.88886E-6 5.08843E-6 4.92966E-6 4.86022E-6 5.04454E-6 4.88476E-6 4.0553E-6 4.05938E-6 4.21456E-6 4.21678E-6 4.21625E-6 4.24118E-6 4.21212E-6 3.45877E-6 3.45144E-6 4.19566E-6 3.57054E-6 3.43979E-6
4.83818E-6 4.81442E-6 5.35417E-6 5.784E-6 5.84512E-6 6.00645E-6 5.1732E-6 4.92318E-6 4.89914E-6 5.01099E-6 5.04968E-6 5.4271E-6 5.31736E-6 5.17471E-6 5.37225E-6 5.35906E-6 5.22454E-6 5.31502E-6 5.43229E-6 5.4472E-6 5.30059E-6 5.32462E-6 5.21552E-6 5.2238E-6 5.69184E-6 6.28775E-6 5.96078E-6 5.24496E-6 5.49383E-6 5.51305E-6 5.96676E-6 4.82238E-6 4.68395E-6 4.75096E-6 4.71941E-6 4.63899E-6 4.57301E-6 5.04503E-6 5.15769E-6 5.04278E-6 5.16294E-6 4.84468E-6 4.83041E-6 5.01158E-6 4.96209E-6 5.05449E-6 4.0956E-6 3.77108E-6 4.76433E-6 4.05828E-6 4.06092E-6 4.05883E-6 4.24515E-6 4.05938E-6 4.08507E-6 4.24239E-6 4.40967E-6 3.35898E-6 3.35633E-6 3.48257E-6 3.75383E-6
5.02741E-6 5.11423E-6 5.66612E-6 5.74241E-6 6.15642E-6 5.35326E-6 5.80502E-6 4.81258E-6 4.89895E-6 4.77596E-6 4.46909E-6 5.06045E-6 5.11017E-6 5.43006E-6 5.28433E-6 5.31502E-6 5.14964E-6 5.31904E-6 5.4093E-6 5.42751E-6 5.73854E-6 5.33473E-6 5.57313E-6 5.24841E-6 6.19473E-6 6.03113E-6 6.04498E-6 5.33884E-6 5.41504E-6 5.61626E-6 5.83635E-6 5.47835E-6 4.34816E-6 4.51478E-6 4.50099E-6 4.81433E-6 4.68767E-6 5.26869E-6 5.63858E-6 5.23051E-6 5.65459E-6 4.74096E-6 5.06994E-6 4.94032E-6 4.97748E-6 5.32164E-6 5.06002E-6 4.82893E-6 4.75838E-6 4.77114E-6 5.2461E-6 5.29699E-6 5.49906E-6 5.46067E-6 3.8745E-6 3.93254E-6 4.07975E-6 3.70224E-6 3.73432E-6 3.61854E-6 3.61354E-6
4.82739E-6 5.41868E-6 5.72464E-6 5.9193E-6 6.13236E-6 6.61012E-6 6.58685E-6 5.34718E-6 4.90371E-6 4.34007E-6 4.11256E-6 5.05234E-6 5.22825E-6 5.43815E-6 5.29249E-6 5.3494E-6 5.32321E-6 5.61139E-6 5.38532E-6 5.11993E-6 5.79994E-6 5.71436E-6 5.63048E-6 5.63456E-6 5.72563E-6 5.58224E-6 5.64961E-6 5.6325E-6 5.79607E-6 5.62592E-6 5.23111E-6 4.60093E-6 4.43315E-6 4.604E-6 4.53173E-6 4.61209E-6 4.89083E-6 5.44466E-6 5.04643E-6 4.905E-6 4.85303E-6 4.90468E-6 4.64116E-6 4.75862E-6 5.03967E-6 4.87626E-6 4.81517E-6 4.74948E-6 4.76351E-6 4.75427E-6 5.12749E-6 5.17758E-6 5.02422E-6 5.05767E-6 5.28931E-6 4.62822E-6 4.64332E-6 4.45516E-6 4.02394E-6 3.92335E-6 3.97125E-6
5.11564E-6 5.63467E-6 6.1121E-6 6.12757E-6 6.21229E-6 5.80053E-6 6.49407E-6 5.25424E-6 5.08397E-6 4.66963E-6 5.13591E-6 4.96907E-6 5.29058E-6 5.0685E-6 4.90111E-6 5.28265E-6 5.19071E-6 5.44944E-6 5.47535E-6 5.31034E-6 5.54261E-6 5.47362E-6 5.59594E-6 5.51739E-6 4.50605E-6 5.60891E-6 4.701E-6 5.53058E-6 4.72143E-6 4.90517E-6 4.81921E-6 4.79702E-6 4.73904E-6 4.59164E-6 4.70846E-6 4.82208E-6 4.5044E-6 4.83869E-6 4.73626E-6 4.5815E-6 4.67604E-6 4.72085E-6 4.87919E-6 5.19304E-6 5.29707E-6 5.12203E-6 5.13488E-6 4.73854E-6 4.82508E-6 4.83416E-6 5.02963E-6 4.78013E-6 4.95098E-6 5.18727E-6 5.46477E-6 5.46246E-6 4.49785E-6 4.32639E-6 4.61481E-6 4.5853E-6 3.98883E-6
5.26543E-6 5.75845E-6 5.9259E-6 6.46271E-6 6.43375E-6 6.81716E-6 6.71481E-6 5.51715E-6 5.54706E-6 5.52213E-6 5.28502E-6 5.18073E-6 4.99162E-6 5.27832E-6 5.34133E-6 4.93356E-6 5.22103E-6 5.53285E-6 4.63062E-6 4.33314E-6 4.61536E-6 5.35365E-6 4.38501E-6 4.40099E-6 4.42149E-6 4.60086E-6 4.86589E-6 5.14998E-6 4.90297E-6 4.84155E-6 4.77163E-6 4.99312E-6 4.79588E-6 4.69275E-6 4.79195E-6 4.65536E-6 4.87435E-6 5.12781E-6 5.10546E-6 4.95013E-6 5.06935E-6 4.57878E-6 5.05437E-6 5.3708E-6 5.53006E-6 5.52747E-6 5.06682E-6 5.31705E-6 5.13917E-6 5.36181E-6 5.09789E-6 5.13154E-6 5.07757E-6 4.13976E-6 4.99445E-6 4.09537E-6 4.33461E-6 4.18971E-6 4.34649E-6 4.0582E-6 3.84267E-6
5.42727E-6 5.70739E-6 5.84986E-6 6.46271E-6 6.61682E-6 6.74828E-6 6.73613E-6 6.5118E-6 5.72681E-6 6.01193E-6 4.74471E-6 5.18645E-6 4.25094E-6 4.48125E-6 5.48934E-6 4.35415E-6 4.16265E-6 4.55978E-6 4.72122E-6 4.61918E-6 4.97549E-6 4.94561E-6 4.52254E-6 4.45123E-6 4.39879E-6 4.75115E-6 4.59834E-6 5.08467E-6 5.11317E-6 4.77696E-6 4.56601E-6 4.91258E-6 4.70684E-6 4.72569E-6 4.72331E-6 4.75366E-6 4.85188E-6 4.83983E-6 5.0567E-6 5.19638E-6 5.28364E-6 5.15533E-6 5.28646E-6 5.34847E-6 5.4559E-6 5.51187E-6 5.11262E-6 5.32757E-6 5.72204E-6 5.34434E-6 5.34668E-6 5.11223E-6 5.20264E-6 4.27197E-6 3.98509E-6 4.02983E-6 4.04018E-6 4.18062E-6 4.2787E-6 4.25939E-6 4.4605E-6
4.59712E-6 4.51394E-6 5.03557E-6 6.27033E-6 6.15777E-6 5.90718E-6 5.01571E-6 6.16984E-6 5.12492E-6 5.08117E-6 4.84598E-6 4.56132E-6 4.42416E-6 4.57086E-6 4.4437E-6 4.31128E-6 4.17081E-6 4.58937E-6 4.674E-6 4.77175E-6 4.74286E-6 5.01835E-6 4.80069E-6 4.5847E-6 4.51798E-6 4.57848E-6 4.97581E-6 5.12158E-6 4.96072E-6 4.59564E-6 4.4339E-6 5.09036E-6 4.95946E-6 4.73256E-6 4.92792E-6 4.91526E-6 4.91074E-6 4.92792E-6 5.11537E-6 5.49118E-6 5.49879E-6 5.13792E-6 5.2392E-6 4.97306E-6 5.2723E-6 5.42468E-6 5.12002E-6 5.22301E-6 5.57735E-6 5.71368E-6 5.56129E-6 5.07669E-6 5.67155E-6 4.6275E-6 4.23343E-6 4.31696E-6 4.19747E-6 4.20642E-6 4.25243E-6 4.09868E-6 4.60368E-6
4.45439E-6 4.53055E-6 4.76279E-6 4.92387E-6 4.66131E-6 4.64428E-6 4.89615E-6 5.335E-6 4.89721E-6 4.70735E-6 4.45375E-6 4.51645E-6 4.57657E-6 4.82079E-6 4.5342E-6 4.45567E-6 4.62201E-6 4.95804E-6 4.66997E-6 4.9502E-6 4.84975E-6 5.32748E-6 4.85199E-6 4.47666E-6 4.69653E-6 4.8407E-6 4.8918E-6 5.0893E-6 5.30001E-6 5.18241E-6 5.1206E-6 5.33189E-6 5.24393E-6 5.02482E-6 4.91068E-6 4.81918E-6 4.82085E-6 4.94728E-6 4.85062E-6 4.98876E-6 5.03399E-6 4.96036E-6 4.96186E-6 5.32674E-6 4.8516E-6 4.70864E-6 5.09729E-6 5.22163E-6 5.49251E-6 5.50647E-6 5.23077E-6 4.08169E-6 4.9305E-6 5.15903E-6 4.43418E-6 4.4806E-6 4.53189E-6 4.58748E-6 4.55863E-6 4.41164E-6 4.47377E-6
4.31943E-6 4.1656E-6 4.51242E-6 4.75384E-6 4.78846E-6 4.6836E-6 4.52987E-6 4.59424E-6 4.67308E-6 4.51645E-6 4.43792E-6 4.69846E-6 4.56132E-6 4.73168E-6 4.51645E-6 4.38165E-6 5.0084E-6 4.85926E-6 4.69277E-6 4.79943E-6 5.03956E-6 4.92351E-6 4.8898E-6 4.67907E-6 4.68275E-6 4.51361E-6 4.79028E-6 4.73323E-6 4.71978E-6 4.71559E-6 4.95957E-6 5.00022E-6 5.22035E-6 5.04742E-6 5.5336E-6 5.42955E-6 5.32119E-6 4.70452E-6 4.48446E-6 4.56564E-6 4.78542E-6 4.9925E-6 4.95562E-6 4.88634E-6 4.8222E-6 4.84954E-6 4.09816E-6 4.06309E-6 4.02781E-6 4.01624E-6 4.04721E-6 4.26274E-6 4.28651E-6 4.47134E-6 4.33277E-6 4.39161E-6 4.58697E-6 4.74222E-6 4.7422E-6 4.66428E-6 4.93434E-6
4.20267E-6 4.38073E-6 4.2249E-6 4.65405E-6 4.61302E-6 4.71872E-6 4.71498E-6 4.51142E-6 4.1125E-6 4.36126E-6 4.16906E-6 4.21152E-6 4.49587E-6 4.53698E-6 4.15712E-6 4.54349E-6 5.02855E-6 4.81592E-6 4.82268E-6 4.80541E-6 4.46994E-6 4.78022E-6 4.4737E-6 4.57154E-6 4.42842E-6 4.36214E-6 4.48234E-6 4.77881E-6 4.78332E-6 4.86933E-6 4.90061E-6 4.92742E-6 5.19995E-6 5.45438E-6 5.79448E-6 5.48278E-6 5.16979E-6 4.71011E-6 4.59533E-6 5.11339E-6 5.21907E-6 5.29999E-6 4.97044E-6 4.88599E-6 3.90373E-6 4.07544E-6 3.85326E-6 4.03296E-6 3.96124E-6 3.98294E-6 4.19478E-6 4.46083E-6 4.53862E-6 4.46568E-6 4.52915E-6 4.63048E-6 4.55283E-6 4.71891E-6 4.70143E-6 5.11728E-6 4.80462E-6
4.14916E-6 4.32037E-6 4.32037E-6 4.53039E-6 4.36827E-6 4.25007E-6 4.57474E-6 4.53495E-6 4.20194E-6 4.20988E-6 3.98872E-6 4.05535E-6 4.36152E-6 4.23944E-6 4.34628E-6 4.31287E-6 4.32532E-6 4.30888E-6 4.40282E-6 4.55046E-6 4.51684E-6 4.5381E-6 4.56341E-6 4.42441E-6 4.34542E-6 4.39103E-6 4.30777E-6 4.54292E-6 4.78619E-6 4.97818E-6 5.14595E-6 5.26272E-6 5.33383E-6 5.86991E-6 5.8235E-6 5.77369E-6 4.92653E-6 4.79424E-6 4.52607E-6 5.2792E-6 5.7812E-6 5.79509E-6 4.37313E-6 5.16071E-6 3.74026E-6 3.8904E-6 3.85134E-6 3.91589E-6 3.86478E-6 4.20237E-6 4.56998E-6 4.71646E-6 4.90595E-6 5.11293E-6 5.16616E-6 4.88805E-6 4.74268E-6 4.57136E-6 5.37881E-6 5.17936E-6 5.18218E-6
4.18467E-6 4.22273E-6 4.32884E-6 4.3278E-6 4.14591E-6 3.87076E-6 4.66459E-6 4.4048E-6 4.14351E-6 4.3832E-6 4.36021E-6 4.5782E-6 4.22971E-6 4.27953E-6 4.23655E-6 4.22447E-6 4.34967E-6 4.50018E-6 4.53872E-6 4.55522E-6 4.51737E-6 4.41232E-6 4.40826E-6 4.30476E-6 4.2487E-6 4.32001E-6 4.80124E-6 4.9677E-6 4.90454E-6 5.00928E-6 5.46755E-6 5.51432E-6 5.45188E-6 5.62573E-6 6.01906E-6 5.58198E-6 5.06052E-6 3.79646E-6 3.86548E-6 4.12426E-6 4.52869E-6 4.86617E-6 4.61017E-6 4.29427E-6 4.17595E-6 3.98418E-6 3.86698E-6 3.95291E-6 3.95203E-6 4.20317E-6 4.38707E-6 4.60885E-6 4.4231E-6 4.85059E-6 4.71605E-6 4.68345E-6 4.70683E-6 4.33372E-6 4.84631E-6 4.95035E-6 5.3456E-6
4.73405E-6 4.63163E-6 4.6031E-6 4.51103E-6 4.1503E-6 4.09126E-6 4.37463E-6 4.36952E-6 4.08493E-6 4.63029E-6 4.64594E-6 4.70244E-6 4.33682E-6 4.35084E-6 4.31151E-6 4.38077E-6 4.15556E-6 4.46916E-6 4.32165E-6 4.44815E-6 4.07755E-6 4.13608E-6 4.30239E-6 4.21541E-6 4.52086E-6 4.89492E-6 5.44229E-6 5.37776E-6 5.414E-6 5.10983E-6 5.10665E-6 5.47904E-6 5.50723E-6 5.31023E-6 5.50863E-6 4.59471E-6 3.9023E-6 4.05402E-6 4.00687E-6 4.17867E-6 4.29909E-6 4.31717E-6 4.2577E-6 4.11053E-6 3.98655E-6 3.93557E-6 3.92088E-6 3.97438E-6 3.89607E-6 4.16491E-6 4.29732E-6 4.19758E-6 4.20095E-6 4.30784E-6 4.8566E-6 5.49015E-6 4.95359E-6 4.7201E-6 4.87231E-6 5.10375E-6 4.96975E-6
4.26281E-6 4.42241E-6 4.42216E-6 4.41767E-6 4.38857E-6 4.57086E-6 4.59162E-6 4.7401E-6 4.5316E-6 4.70238E-6 4.74627E-6 4.61486E-6 4.65001E-6 4.38251E-6 4.55382E-6 4.52377E-6 4.47189E-6 4.45055E-6 4.46367E-6 4.36593E-6 4.37056E-6 4.93919E-6 4.65515E-6 4.32591E-6 4.37575E-6 5.12704E-6 5.60471E-6 5.38828E-6 5.37179E-6 5.39884E-6 5.01824E-6 5.36328E-6 4.95156E-6 4.84817E-6 5.75888E-6 5.59167E-6 3.94893E-6 4.03063E-6 4.06594E-6 4.08481E-6 4.01134E-6 3.92026E-6 3.87784E-6 3.88871E-6 3.87456E-6 3.86369E-6 3.91136E-6 4.0371E-6 4.29719E-6 4.63208E-6 4.87669E-6 4.35547E-6 4.2398E-6 4.21702E-6 4.66023E-6 4.54282E-6 4.37436E-6 4.53393E-6 4.74496E-6 4.36927E-6 4.31439E-6
4.32239E-6 4.33463E-6 4.15816E-6 4.13018E-6 4.11005E-6 4.36735E-6 5.07645E-6 4.85657E-6 4.94123E-6 5.04761E-6 4.97004E-6 5.05633E-6 4.64762E-6 4.91881E-6 4.44655E-6 4.43105E-6 4.26007E-6 4.34993E-6 4.3712E-6 4.88921E-6 5.14235E-6 5.2059E-6 4.60187E-6 4.21029E-6 4.51164E-6 5.26757E-6 5.49804E-6 4.54323E-6 5.15551E-6 4.27628E-6 3.95011E-6 3.98131E-6 3.98094E-6 3.98047E-6 4.20933E-6 4.01931E-6 3.98282E-6 3.89407E-6 4.0401E-6 3.95949E-6 3.89305E-6 3.94533E-6 4.23879E-6 4.62061E-6 4.23041E-6 4.18585E-6 4.14053E-6 4.69013E-6 4.70736E-6 4.3519E-6 4.49509E-6 4.55018E-6 4.15004E-6 4.02657E-6 4.14406E-6 4.19046E-6 4.29802E-6 4.25849E-6 4.25487E-6 4.3538E-6 4.43589E-6
4.53808E-6 4.36981E-6 4.09519E-6 4.04044E-6 4.26201E-6 4.34652E-6 4.56129E-6 5.01254E-6 4.90165E-6 4.83822E-6 5.19997E-6 5.14684E-6 4.90817E-6 4.93791E-6 4.50093E-6 4.22396E-6 4.31278E-6 4.2966E-6 4.56517E-6 4.43355E-6 5.4895E-6 4.18932E-6 3.71006E-6 3.52473E-6 3.61818E-6 4.24741E-6 4.6535E-6 4.16848E-6 4.49355E-6 4.43098E-6 3.77363E-6 3.95863E-6 4.01798E-6 3.66155E-6 3.69948E-6 3.66523E-6 3.79493E-6 3.97845E-6 4.00408E-6 4.14722E-6 4.16535E-6 4.17427E-6 4.25972E-6 4.93639E-6 4.62528E-6 4.42194E-6 4.41697E-6 4.48199E-6 4.8172E-6 4.74162E-6 4.7397E-6 4.53085E-6 4.77099E-6 4.24522E-6 4.27439E-6 4.5873E-6 4.31905E-6 4.50615E-6 4.56584E-6 5.12858E-6 5.01132E-6
4.61635E-6 4.49417E-6 4.42505E-6 4.35369E-6 4.11881E-6 4.14987E-6 4.23757E-6 4.54817E-6 4.60428E-6 4.83877E-6 5.26209E-6 5.36519E-6 5.18651E-6 4.90414E-6 4.79108E-6 3.65946E-6 3.68345E-6 3.87035E-6 3.81035E-6 4.17593E-6 3.85947E-6 3.81818E-6 3.69102E-6 3.59874E-6 3.68747E-6 4.17092E-6 3.82027E-6 3.96661E-6 4.18119E-6 4.16227E-6 3.5635E-6 3.66573E-6 3.88248E-6 3.68627E-6 3.87488E-6 3.92845E-6 3.85104E-6 3.97717E-6 4.12903E-6 4.2048E-6 4.5067E-6 4.35391E-6 3.96361E-6 4.29886E-6 4.50967E-6 4.02993E-6 4.52456E-6 5.02379E-6 4.89545E-6 5.09759E-6 4.89225E-6 4.51448E-6 4.81786E-6 4.66426E-6 4.46381E-6 4.61583E-6 4.24715E-6 4.19215E-6 4.32168E-6 4.47056E-6 5.04958E-6
4.48447E-6 4.81565E-6 4.62494E-6 4.78672E-6 4.31038E-6 4.30733E-6 4.26593E-6 4.43911E-6 4.66946E-6 4.75548E-6 4.74254E-6 3.98281E-6 5.02634E-6 4.10942E-6 4.0473E-6 3.84309E-6 3.81289E-6 3.77768E-6 3.87352E-6 3.62331E-6 3.5394E-6 3.45332E-6 3.44358E-6 3.76188E-6 3.69769E-6 3.67929E-6 3.80669E-6 3.82776E-6 3.91883E-6 3.80517E-6 3.71975E-6 3.90617E-6 3.67899E-6 3.74349E-6 3.77928E-6 3.99044E-6 4.00122E-6 3.81023E-6 3.90335E-6 3.96489E-6 3.94734E-6 3.98563E-6 3.90639E-6 4.0954E-6 4.00593E-6 4.20675E-6 4.56394E-6 5.20158E-6 5.28851E-6 5.42247E-6 5.0872E-6 4.52283E-6 4.649E-6 4.65812E-6 4.40401E-6 4.38839E-6 3.46352E-6 4.05976E-6 3.39988E-6 3.59074E-6 4.3497E-6
4.50939E-6 4.74576E-6 5.01929E-6 5.04418E-6 4.46542E-6 4.14034E-6 4.67299E-6 4.68321E-6 3.76743E-6 4.04604E-6 4.25105E-6 3.88197E-6 4.35983E-6 4.52875E-6 4.26181E-6 4.10959E-6 3.89512E-6 3.87989E-6 3.85979E-6 3.81774E-6 3.61149E-6 3.68776E-6 3.68776E-6 3.81785E-6 3.98959E-6 3.77542E-6 3.56344E-6 4.00324E-6 4.32391E-6 3.84275E-6 3.68754E-6 3.79399E-6 3.85958E-6 4.06852E-6 3.76358E-6 3.67613E-6 4.11625E-6 4.33075E-6 3.80458E-6 3.81889E-6 3.98132E-6 3.98731E-6 4.04208E-6 4.08991E-6 4.19657E-6 4.32874E-6 4.37083E-6 4.52194E-6 5.27948E-6 5.69403E-6 4.7296E-6 3.75972E-6 3.80009E-6 3.82095E-6 3.58911E-6 3.58633E-6 3.35715E-6 3.32991E-6 3.48149E-6 3.7928E-6 4.09381E-6
3.92699E-6 3.80845E-6 4.80045E-6 4.05443E-6 3.89166E-6 3.83367E-6 4.04643E-6 3.61807E-6 3.59416E-6 4.08226E-6 4.23219E-6 4.10362E-6 4.23477E-6 4.48283E-6 4.10453E-6 3.83483E-6 3.81357E-6 3.70556E-6 3.83365E-6 4.01481E-6 3.82189E-6 3.83395E-6 3.67815E-6 3.7359E-6 4.00483E-6 4.30976E-6 4.073E-6 4.36882E-6 4.1145E-6 3.72836E-6 3.74104E-6 3.79717E-6 3.88362E-6 3.78827E-6 3.89934E-6 4.64798E-6 4.54382E-6 4.08332E-6 3.79478E-6 3.92831E-6 3.96635E-6 3.9694E-6 4.00876E-6 4.66734E-6 4.9053E-6 4.98274E-6 4.2751E-6 3.59633E-6 3.67896E-6 3.60183E-6 3.56781E-6 3.76611E-6 3.64746E-6 3.83374E-6 3.46469E-6 3.33312E-6 3.25971E-6 3.59182E-6 3.44058E-6 3.61203E-6 3.91265E-6
3.78696E-6 3.62404E-6 3.62842E-6 4.1181E-6 3.77977E-6 3.96161E-6 3.98906E-6 3.79077E-6 3.70839E-6 4.11494E-6 3.69755E-6 3.69889E-6 3.86111E-6 3.98781E-6 3.82325E-6 3.94408E-6 3.95839E-6 3.80099E-6 3.75482E-6 3.74873E-6 3.62931E-6 3.92975E-6 3.9346E-6 4.03075E-6 3.92352E-6 3.96364E-6 3.87031E-6 3.95177E-6 3.84305E-6 3.83794E-6 3.71024E-6 3.9142E-6 4.1359E-6 3.78462E-6 4.41432E-6 4.83179E-6 4.64817E-6 4.28675E-6 4.05766E-6 4.08184E-6 4.0372E-6 4.34427E-6 3.93166E-6 5.11465E-6 3.8642E-6 3.62398E-6 3.42576E-6 3.33732E-6 3.27728E-6 3.25623E-6 3.55505E-6 3.76244E-6 4.00792E-6 3.58405E-6 3.44803E-6 3.56052E-6 4.00532E-6 4.32314E-6 3.9833E-6 3.7584E-6 4.03957E-6
