Artocarpus hirsutus SDM files/Last interglacial/results (without bias file)/Arthir_max.asc
ncols         625
nrows         721
xllcorner     69.99986311115
yllcorner     5.99986151914999
cellsize      0.041666667
NODATA_value  -9999
[rows 162 to 188 of 721, columns 122 to 182 of 625]
3.10626E-4 3.04223E-4 3.11533E-4 3.38055E-4 3.66597E-4 3.5709E-4 3.59454E-4 3.68614E-4 3.79846E-4 3.88137E-4 3.93779E-4 3.88003E-4 4.22176E-4 4.13025E-4 4.15842E-4 4.2409E-4 4.14291E-4 4.0075E-4 4.12944E-4 4.02708E-4 4.12168E-4 4.03119E-4 4.15375E-4 4.16971E-4 4.35497E-4 4.47127E-4 4.643E-4 4.56298E-4 4.65025E-4 4.66079E-4 4.65807E-4 4.68094E-4 4.5848E-4 4.71865E-4 4.76021E-4 4.78826E-4 4.71455E-4 4.78551E-4 4.55411E-4 4.57931E-4 4.70894E-4 4.51622E-4 4.47449E-4 4.30041E-4 4.2175E-4 4.08978E-4 4.22118E-4 4.19137E-4 4.32564E-4 3.91998E-4 4.28286E-4 3.74661E-4 3.70282E-4 3.77832E-4 3.82041E-4 4.17592E-4 4.75241E-4 4.30324E-4 4.51625E-4 4.79592E-4 4.81364E-4
2.88576E-4 3.10314E-4 3.10767E-4 3.28404E-4 3.30174E-4 3.42206E-4 3.68511E-4 3.61558E-4 3.79471E-4 3.82159E-4 3.72246E-4 3.96566E-4 3.79594E-4 3.97919E-4 3.75085E-4 4.04058E-4 3.86196E-4 3.87031E-4 3.86859E-4 3.82996E-4 3.85641E-4 3.88039E-4 4.18259E-4 4.37284E-4 4.26196E-4 4.47127E-4 4.62947E-4 4.54968E-4 4.49867E-4 4.53743E-4 4.69429E-4 4.55208E-4 4.84266E-4 4.76378E-4 4.67338E-4 4.71984E-4 4.63963E-4 4.77215E-4 4.92235E-4 4.7245E-4 4.77155E-4 4.67415E-4 4.37988E-4 4.31974E-4 4.25813E-4 4.29371E-4 4.19463E-4 4.36018E-4 3.67656E-4 3.67083E-4 3.75669E-4 3.73499E-4 3.84848E-4 3.74472E-4 4.02395E-4 4.25468E-4 4.17941E-4 4.56949E-4 4.71942E-4 4.91242E-4 5.21001E-4
2.95405E-4 3.12443E-4 3.13356E-4 3.14658E-4 3.30326E-4 3.49458E-4 3.57991E-4 3.82117E-4 3.55299E-4 3.82249E-4 3.83275E-4 3.70583E-4 3.74752E-4 3.69344E-4 3.72952E-4 3.64335E-4 3.98632E-4 4.01481E-4 3.91489E-4 3.82478E-4 3.82478E-4 3.84576E-4 4.17686E-4 4.20743E-4 4.31039E-4 4.30531E-4 4.63623E-4 4.52364E-4 4.61689E-4 4.64104E-4 4.57801E-4 4.67393E-4 4.72979E-4 4.86756E-4 4.80723E-4 4.68092E-4 4.77097E-4 4.94248E-4 4.96417E-4 4.81332E-4 4.52511E-4 4.43872E-4 4.27171E-4 4.33837E-4 4.30255E-4 4.13075E-4 4.13563E-4 4.24456E-4 3.75565E-4 3.71793E-4 3.84336E-4 3.72268E-4 3.6795E-4 3.79189E-4 3.93371E-4 4.12964E-4 4.34625E-4 4.2973E-4 4.67814E-4 5.00911E-4 5.31936E-4
2.82957E-4 2.92123E-4 3.06568E-4 3.23433E-4 3.22512E-4 3.40892E-4 3.4139E-4 3.52882E-4 3.54781E-4 3.65034E-4 3.74335E-4 3.76436E-4 3.75299E-4 3.77955E-4 3.70211E-4 3.65933E-4 3.91612E-4 3.82132E-4 3.89898E-4 3.91489E-4 3.81961E-4 3.87815E-4 4.01075E-4 4.11157E-4 4.1534E-4 4.36099E-4 4.41242E-4 4.65656E-4 4.47922E-4 4.61789E-4 4.66428E-4 4.5948E-4 4.62903E-4 4.6273E-4 4.78009E-4 4.71317E-4 4.7571E-4 4.92811E-4 4.86394E-4 4.91198E-4 4.53099E-4 4.55687E-4 4.37357E-4 4.33224E-4 4.27183E-4 4.06634E-4 4.08906E-4 3.41094E-4 3.43406E-4 3.51142E-4 3.81953E-4 3.68358E-4 3.63259E-4 4.02849E-4 3.90554E-4 4.0128E-4 4.40821E-4 4.43614E-4 5.02644E-4 5.19101E-4 5.21484E-4
2.68075E-4 2.82913E-4 2.79867E-4 3.22983E-4 3.3255E-4 3.40055E-4 3.27279E-4 3.29118E-4 3.21519E-4 3.22929E-4 3.18199E-4 3.61347E-4 3.81999E-4 3.74957E-4 3.68865E-4 3.71384E-4 3.62275E-4 3.82132E-4 3.73115E-4 3.70149E-4 3.82525E-4 4.01107E-4 3.91937E-4 3.9596E-4 3.99406E-4 4.17798E-4 4.37362E-4 4.23796E-4 4.28106E-4 4.287E-4 4.44511E-4 4.43586E-4 4.60251E-4 4.63159E-4 4.77132E-4 4.97402E-4 4.91533E-4 4.82053E-4 4.88925E-4 4.64729E-4 4.57514E-4 4.46339E-4 4.37453E-4 4.31391E-4 4.03181E-4 3.85577E-4 3.85541E-4 3.4066E-4 3.42029E-4 3.31568E-4 3.81165E-4 3.77046E-4 3.82738E-4 3.88034E-4 4.06656E-4 4.09238E-4 4.14712E-4 4.57998E-4 4.88573E-4 5.21857E-4 5.24309E-4
2.68859E-4 2.8374E-4 2.8374E-4 2.79244E-4 2.86871E-4 2.87644E-4 3.19257E-4 3.26699E-4 3.21989E-4 3.2427E-4 3.17346E-4 3.19128E-4 3.25189E-4 3.26936E-4 3.67879E-4 3.58858E-4 3.70326E-4 3.87038E-4 3.79325E-4 3.69019E-4 3.63251E-4 3.82637E-4 3.73857E-4 3.95382E-4 4.09374E-4 4.01149E-4 4.21433E-4 4.29238E-4 4.24343E-4 4.28994E-4 4.32042E-4 4.58882E-4 4.596E-4 4.75962E-4 4.69902E-4 4.71503E-4 4.7868E-4 4.9267E-4 4.86124E-4 4.66525E-4 4.48984E-4 4.52814E-4 4.42169E-4 4.09266E-4 4.03509E-4 3.84764E-4 3.84334E-4 3.41994E-4 3.4349E-4 3.39216E-4 3.43974E-4 3.86396E-4 3.81879E-4 3.87165E-4 4.04671E-4 4.12489E-4 4.42215E-4 4.58835E-4 4.94032E-4 5.35712E-4 5.30351E-4
2.52821E-4 2.62712E-4 2.70099E-4 2.76911E-4 2.94054E-4 2.94707E-4 2.8855E-4 3.11527E-4 3.12509E-4 3.22751E-4 3.26092E-4 3.19594E-4 3.1537E-4 3.16291E-4 3.11857E-4 3.18004E-4 3.32087E-4 3.66309E-4 3.68452E-4 3.77073E-4 3.78726E-4 3.82079E-4 3.85405E-4 3.77694E-4 3.9885E-4 3.89197E-4 3.92012E-4 4.11835E-4 4.31749E-4 4.23134E-4 4.27438E-4 4.45901E-4 4.37012E-4 4.6578E-4 4.67873E-4 4.61101E-4 4.63746E-4 4.79737E-4 4.60357E-4 4.6692E-4 4.40242E-4 4.54097E-4 4.10087E-4 4.09575E-4 4.1097E-4 3.92516E-4 3.46288E-4 3.47898E-4 3.42932E-4 3.43985E-4 3.42159E-4 3.73018E-4 3.90923E-4 3.85172E-4 4.11236E-4 4.09352E-4 4.40273E-4 4.39143E-4 4.84356E-4 5.31089E-4 5.30174E-4
2.45583E-4 2.60651E-4 2.60271E-4 2.76973E-4 2.83022E-4 2.73718E-4 2.9455E-4 2.79414E-4 2.89882E-4 3.19155E-4 3.27072E-4 3.26092E-4 3.1009E-4 3.07189E-4 3.08536E-4 3.09815E-4 3.09274E-4 3.29417E-4 3.28484E-4 3.30862E-4 3.56182E-4 3.621E-4 3.74435E-4 3.66439E-4 3.70169E-4 3.70733E-4 3.72328E-4 4.12436E-4 4.11261E-4 4.21325E-4 4.2499E-4 4.17095E-4 4.35707E-4 4.54179E-4 4.5746E-4 4.68424E-4 4.51546E-4 4.76031E-4 4.53069E-4 4.5977E-4 4.371E-4 4.14787E-4 4.06619E-4 3.99164E-4 4.02335E-4 3.83642E-4 3.6716E-4 3.37899E-4 3.52383E-4 3.54084E-4 3.53721E-4 3.59938E-4 3.87068E-4 3.95411E-4 3.90698E-4 4.04134E-4 4.64624E-4 4.41333E-4 4.80902E-4 5.04695E-4 5.24855E-4
2.46282E-4 2.47001E-4 2.61412E-4 2.61412E-4 2.7606E-4 2.83022E-4 2.86348E-4 2.8637E-4 3.09064E-4 2.95096E-4 2.96823E-4 2.84673E-4 3.06563E-4 3.24766E-4 3.13778E-4 3.13803E-4 3.22549E-4 3.13434E-4 3.34702E-4 3.28484E-4 3.37146E-4 3.47025E-4 3.3236E-4 3.59603E-4 3.51946E-4 3.69145E-4 3.72359E-4 4.08249E-4 4.19661E-4 4.13065E-4 4.20064E-4 4.11623E-4 4.40722E-4 4.31235E-4 4.34351E-4 4.23185E-4 4.37475E-4 4.52234E-4 4.49819E-4 4.51141E-4 4.01121E-4 4.14916E-4 3.96472E-4 3.99252E-4 4.01925E-4 3.71012E-4 3.28239E-4 3.38092E-4 3.41747E-4 3.34896E-4 3.54585E-4 3.61381E-4 3.93103E-4 4.0269E-4 3.91378E-4 4.0922E-4 4.09594E-4 4.65793E-4 4.83583E-4 4.86115E-4 4.95452E-4
2.44868E-4 2.53909E-4 2.53909E-4 2.68702E-4 2.62176E-4 2.69487E-4 2.70669E-4 2.79325E-4 2.8637E-4 3.16886E-4 2.9555E-4 2.74648E-4 2.90485E-4 3.07034E-4 3.30933E-4 3.18341E-4 3.2449E-4 3.17045E-4 3.29843E-4 3.29825E-4 3.26619E-4 3.28984E-4 3.36135E-4 3.42099E-4 3.35766E-4 3.62259E-4 3.46991E-4 3.51507E-4 3.83578E-4 3.98907E-4 4.01206E-4 3.80872E-4 4.08658E-4 4.25611E-4 4.17096E-4 4.02095E-4 4.05656E-4 4.24909E-4 4.28725E-4 4.24533E-4 4.12166E-4 4.1826E-4 3.97087E-4 4.0956E-4 3.91205E-4 3.83043E-4 3.88452E-4 3.35876E-4 3.92198E-4 3.43688E-4 3.56901E-4 3.6049E-4 3.71129E-4 3.94102E-4 3.98583E-4 4.02385E-4 4.18116E-4 4.66453E-4 4.77201E-4 4.85377E-4 5.03191E-4
2.39444E-4 2.54651E-4 2.59508E-4 2.61391E-4 2.68723E-4 2.69487E-4 2.70275E-4 2.77271E-4 2.99366E-4 2.88046E-4 2.82307E-4 2.9555E-4 3.12414E-4 2.99064E-4 3.0167E-4 2.889E-4 3.13798E-4 3.09345E-4 3.15198E-4 3.36559E-4 3.26143E-4 3.28051E-4 3.45536E-4 3.38129E-4 3.42621E-4 3.35766E-4 3.63258E-4 3.54923E-4 3.58588E-4 3.65405E-4 3.97133E-4 3.98839E-4 3.88642E-4 4.06804E-4 3.95191E-4 3.82401E-4 3.82426E-4 4.012E-4 4.07133E-4 4.13153E-4 4.17468E-4 4.17041E-4 4.20744E-4 3.89084E-4 3.83477E-4 4.03766E-4 3.34502E-4 3.34959E-4 3.4713E-4 3.46531E-4 3.56935E-4 3.6106E-4 3.66701E-4 3.96456E-4 3.96894E-4 4.0622E-4 4.46369E-4 4.69881E-4 4.77561E-4 4.79232E-4 5.03852E-4
2.39462E-4 2.39462E-4 2.41215E-4 2.62155E-4 2.83111E-4 2.62921E-4 2.63304E-4 2.70275E-4 2.80141E-4 2.94805E-4 2.79822E-4 2.75049E-4 2.83542E-4 3.15668E-4 2.91801E-4 2.96091E-4 2.87194E-4 2.96618E-4 3.02298E-4 3.29416E-4 3.33718E-4 3.34233E-4 3.31392E-4 3.38129E-4 3.40103E-4 3.47092E-4 3.38662E-4 3.31402E-4 3.47822E-4 3.69587E-4 3.64843E-4 3.80754E-4 3.80711E-4 3.88576E-4 3.87409E-4 3.62378E-4 3.73085E-4 3.78567E-4 3.97757E-4 4.04191E-4 3.99049E-4 4.34174E-4 3.99841E-4 3.85344E-4 3.90055E-4 3.93959E-4 3.96811E-4 3.37834E-4 3.47493E-4 3.40171E-4 3.50334E-4 3.63803E-4 3.85509E-4 3.97461E-4 4.00891E-4 4.02785E-4 4.24715E-4 4.38531E-4 4.75272E-4 4.80494E-4 4.9677E-4
2.46859E-4 2.46515E-4 2.4758E-4 2.62174E-4 2.69876E-4 2.70295E-4 2.70295E-4 2.76888E-4 2.78893E-4 2.80978E-4 2.88064E-4 2.88485E-4 2.8315E-4 2.77463E-4 2.77868E-4 2.87241E-4 2.889E-4 2.91014E-4 2.8642E-4 2.96657E-4 3.00555E-4 3.22539E-4 3.28451E-4 3.45452E-4 3.45503E-4 3.39084E-4 3.36173E-4 3.47086E-4 3.40609E-4 3.71208E-4 3.61137E-4 3.6269E-4 3.81334E-4 3.70989E-4 3.60335E-4 3.62972E-4 3.75335E-4 3.79707E-4 3.85321E-4 3.84465E-4 4.01019E-4 3.95907E-4 3.8972E-4 3.83662E-4 3.96115E-4 3.99597E-4 4.03733E-4 3.62251E-4 3.57602E-4 3.70396E-4 3.69707E-4 3.88269E-4 3.88698E-4 4.04547E-4 4.09708E-4 4.05632E-4 4.27221E-4 4.25178E-4 4.59577E-4 4.69479E-4 4.9663E-4
2.33513E-4 2.53021E-4 2.47235E-4 2.62324E-4 2.49355E-4 2.71435E-4 2.62918E-4 2.79048E-4 2.72651E-4 2.87505E-4 2.81438E-4 2.88042E-4 2.89728E-4 2.8437E-4 2.86429E-4 2.79881E-4 3.01644E-4 2.96931E-4 2.92291E-4 2.83922E-4 3.07992E-4 3.37975E-4 3.3464E-4 3.12969E-4 3.31843E-4 3.47467E-4 3.51546E-4 3.36173E-4 3.48071E-4 3.41107E-4 3.55925E-4 3.47309E-4 3.37366E-4 3.4781E-4 3.37852E-4 3.42808E-4 3.70157E-4 3.74502E-4 3.78346E-4 3.77284E-4 3.80569E-4 3.92457E-4 4.05788E-4 4.00613E-4 3.93179E-4 3.94962E-4 3.82651E-4 3.41338E-4 3.55516E-4 3.56636E-4 3.69857E-4 3.76727E-4 3.79285E-4 3.92968E-4 4.07395E-4 3.88223E-4 4.09699E-4 4.11722E-4 4.16925E-4 4.38108E-4 4.4421E-4
2.4106E-4 2.3553E-4 2.5339E-4 2.55226E-4 2.70644E-4 2.71831E-4 2.71831E-4 2.79842E-4 2.80251E-4 2.80504E-4 2.79705E-4 2.67457E-4 2.90128E-4 2.81867E-4 2.83495E-4 3.19514E-4 3.2094E-4 3.52041E-4 2.87169E-4 2.9099E-4 3.07165E-4 3.01019E-4 3.19359E-4 3.3709E-4 3.10308E-4 3.10805E-4 3.26153E-4 3.30436E-4 3.38162E-4 3.25715E-4 3.15495E-4 3.47816E-4 3.29916E-4 3.32303E-4 3.18209E-4 3.27076E-4 3.26191E-4 3.31438E-4 3.75089E-4 3.79005E-4 3.78974E-4 3.72509E-4 3.74142E-4 4.05788E-4 3.8742E-4 4.00613E-4 3.94352E-4 3.50239E-4 3.62761E-4 3.51205E-4 3.84388E-4 3.72358E-4 3.78062E-4 3.92186E-4 3.94827E-4 3.91452E-4 4.07386E-4 4.12888E-4 4.25528E-4 4.34403E-4 4.5051E-4
2.40708E-4 2.34862E-4 2.48284E-4 2.62706E-4 2.44086E-4 2.58202E-4 2.71831E-4 2.66372E-4 2.66375E-4 2.738E-4 2.742E-4 2.82968E-4 2.75693E-4 2.83059E-4 3.25033E-4 3.25983E-4 3.20889E-4 2.75103E-4 3.13118E-4 2.95152E-4 2.9054E-4 3.29605E-4 3.24903E-4 3.20758E-4 3.08148E-4 3.01126E-4 3.33269E-4 3.26125E-4 3.28055E-4 3.22928E-4 3.2524E-4 3.32794E-4 3.42097E-4 3.34248E-4 3.19139E-4 3.2806E-4 3.30944E-4 3.38235E-4 3.36367E-4 3.47286E-4 3.71965E-4 3.82305E-4 3.71934E-4 3.95222E-4 3.95388E-4 3.97702E-4 3.59368E-4 3.64678E-4 3.6797E-4 3.97902E-4 4.0405E-4 3.65414E-4 3.77746E-4 3.61374E-4 3.61644E-4 3.8739E-4 3.86792E-4 4.11818E-4 4.15233E-4 4.31913E-4 4.50897E-4
2.34178E-4 2.3553E-4 2.36218E-4 2.5122E-4 2.57826E-4 2.57826E-4 2.64456E-4 2.65209E-4 2.6674E-4 2.746E-4 2.746E-4 2.80887E-4 3.16114E-4 3.16575E-4 3.08436E-4 2.85131E-4 2.79019E-4 3.12206E-4 3.12661E-4 3.13118E-4 3.39909E-4 3.42922E-4 3.15677E-4 3.24427E-4 3.18473E-4 2.91086E-4 2.92315E-4 3.34757E-4 3.37203E-4 3.32903E-4 3.18088E-4 3.18547E-4 3.34303E-4 3.26157E-4 3.12577E-4 3.22226E-4 3.25059E-4 3.34828E-4 3.41729E-4 3.47793E-4 3.40804E-4 3.64165E-4 3.70818E-4 3.83355E-4 3.82821E-4 3.95896E-4 3.95319E-4 3.87715E-4 4.45593E-4 4.24156E-4 3.92637E-4 3.66005E-4 3.66168E-4 3.80816E-4 3.76617E-4 3.78742E-4 3.86959E-4 3.97506E-4 4.04758E-4 4.19715E-4 4.37451E-4
2.28845E-4 2.34862E-4 2.362E-4 2.50833E-4 2.66158E-4 2.66137E-4 2.52611E-4 2.65575E-4 2.66719E-4 2.66719E-4 2.74956E-4 2.75759E-4 2.82485E-4 2.6939E-4 3.08436E-4 3.01824E-4 3.1853E-4 3.11272E-4 3.06259E-4 3.08076E-4 3.0812E-4 3.32753E-4 3.15652E-4 3.13831E-4 3.05426E-4 3.1258E-4 3.12158E-4 2.88632E-4 3.14861E-4 3.26032E-4 3.1132E-4 3.10816E-4 3.34791E-4 3.11238E-4 2.99831E-4 2.88254E-4 2.91212E-4 3.14545E-4 3.26575E-4 3.28486E-4 3.32313E-4 3.27597E-4 3.40776E-4 3.72411E-4 3.82229E-4 3.99806E-4 4.00422E-4 4.23672E-4 4.92081E-4 4.53361E-4 4.00457E-4 3.82543E-4 3.89544E-4 3.90062E-4 3.84576E-4 3.86877E-4 3.90813E-4 4.02661E-4 4.03708E-4 4.23644E-4 4.28116E-4
2.29161E-4 2.29161E-4 2.38258E-4 2.25873E-4 2.38954E-4 2.51892E-4 2.59652E-4 2.66719E-4 2.67086E-4 2.67454E-4 3.06695E-4 3.05821E-4 3.06715E-4 3.07163E-4 2.69739E-4 3.10669E-4 3.01824E-4 3.04922E-4 2.67099E-4 2.97516E-4 3.1528E-4 3.23653E-4 2.88114E-4 2.83492E-4 2.7521E-4 2.80325E-4 2.59674E-4 2.87745E-4 3.01091E-4 3.18061E-4 3.10789E-4 2.84249E-4 2.91344E-4 2.84131E-4 2.98547E-4 2.86601E-4 2.90364E-4 2.94201E-4 3.15485E-4 3.21497E-4 3.28486E-4 3.21885E-4 3.23297E-4 3.61478E-4 3.78898E-4 3.78346E-4 4.27231E-4 4.14862E-4 4.41904E-4 5.00146E-4 3.89551E-4 3.89588E-4 3.81228E-4 3.75574E-4 3.83493E-4 3.763E-4 3.80196E-4 3.68733E-4 4.04375E-4 3.86465E-4 4.13371E-4
2.29795E-4 2.29813E-4 2.23578E-4 2.24868E-4 2.26166E-4 2.52589E-4 2.47154E-4 2.47876E-4 2.68236E-4 2.97887E-4 2.90609E-4 3.06216E-4 3.07559E-4 3.07585E-4 2.92876E-4 3.01775E-4 3.03541E-4 2.88275E-4 2.89141E-4 2.90833E-4 3.08001E-4 2.89713E-4 2.9271E-4 2.82807E-4 2.64191E-4 2.61882E-4 2.71135E-4 2.877E-4 3.05446E-4 2.92776E-4 2.86082E-4 2.80792E-4 2.98161E-4 2.84961E-4 2.97677E-4 2.95023E-4 2.88699E-4 2.92916E-4 2.93363E-4 2.95029E-4 3.11409E-4 3.20013E-4 3.21416E-4 3.54243E-4 3.77275E-4 3.76656E-4 4.08406E-4 4.60326E-4 5.09266E-4 3.98888E-4 4.07666E-4 3.92992E-4 3.675E-4 3.3456E-4 3.59993E-4 3.7552E-4 3.87974E-4 3.68211E-4 3.84538E-4 3.85918E-4 3.90314E-4
2.31477E-4 2.37545E-4 2.24541E-4 2.26478E-4 2.27803E-4 2.40996E-4 2.48196E-4 2.48921E-4 2.489E-4 2.55839E-4 2.5619E-4 2.9999E-4 3.17439E-4 2.70149E-4 3.10209E-4 2.95833E-4 3.0349E-4 2.8084E-4 2.8872E-4 2.91234E-4 3.07996E-4 3.1025E-4 3.37999E-4 3.34691E-4 2.62653E-4 2.68425E-4 2.76759E-4 2.87258E-4 2.90606E-4 2.91073E-4 2.84003E-4 2.86918E-4 2.88172E-4 2.78017E-4 2.79237E-4 2.86601E-4 2.88278E-4 2.83311E-4 2.91656E-4 2.93338E-4 3.06873E-4 3.17224E-4 3.26965E-4 3.47589E-4 3.80929E-4 3.80929E-4 3.9329E-4 4.31893E-4 4.503E-4 4.44751E-4 4.1061E-4 3.81325E-4 3.23624E-4 3.28429E-4 3.55906E-4 3.82119E-4 3.87822E-4 3.69177E-4 3.69255E-4 3.86679E-4 3.87525E-4
2.20333E-4 2.32754E-4 2.2003E-4 2.21927E-4 2.28764E-4 2.29432E-4 2.489E-4 2.49263E-4 2.42104E-4 2.92443E-4 2.85315E-4 2.85705E-4 2.95205E-4 2.94391E-4 2.8557E-4 2.7271E-4 2.67691E-4 2.89069E-4 2.89515E-4 2.85334E-4 3.01956E-4 3.13408E-4 2.89185E-4 2.45437E-4 2.61148E-4 2.57415E-4 2.7917E-4 2.7434E-4 2.76751E-4 2.92728E-4 2.84833E-4 2.85244E-4 2.82087E-4 2.69752E-4 2.7054E-4 2.74135E-4 2.68673E-4 2.83311E-4 2.84139E-4 2.92057E-4 2.92007E-4 3.30705E-4 3.3361E-4 3.8761E-4 3.99545E-4 4.00156E-4 4.00117E-4 3.9047E-4 4.58199E-4 4.51138E-4 3.93494E-4 2.92407E-4 2.68877E-4 3.09093E-4 3.37718E-4 3.62886E-4 3.63133E-4 3.57959E-4 3.68621E-4 3.66414E-4 3.71563E-4
2.21262E-4 2.21909E-4 2.21604E-4 2.22863E-4 2.23494E-4 2.24147E-4 2.25057E-4 2.78006E-4 2.43499E-4 2.79944E-4 2.7951E-4 2.74342E-4 2.87983E-4 2.79813E-4 2.71428E-4 2.70703E-4 2.59793E-4 2.63251E-4 2.71205E-4 2.86953E-4 2.96249E-4 2.97976E-4 2.93801E-4 2.19712E-4 2.34705E-4 2.67564E-4 2.60354E-4 2.74718E-4 2.76729E-4 2.76747E-4 2.83543E-4 2.78681E-4 2.74033E-4 2.74834E-4 2.52714E-4 2.42505E-4 2.55677E-4 2.51315E-4 2.84945E-4 2.8453E-4 3.01466E-4 3.09064E-4 3.33064E-4 3.9438E-4 4.11353E-4 4.12482E-4 3.99074E-4 3.6645E-4 4.1059E-4 4.18075E-4 2.43244E-4 2.49989E-4 2.80201E-4 3.2374E-4 3.34861E-4 3.38942E-4 3.39958E-4 3.29763E-4 3.34849E-4 3.52619E-4 3.52816E-4
2.22843E-4 2.10833E-4 2.23514E-4 2.2384E-4 2.42884E-4 2.43572E-4 2.58008E-4 2.59116E-4 2.74319E-4 2.6883E-4 2.75519E-4 2.66899E-4 2.79735E-4 2.8677E-4 2.67164E-4 2.65609E-4 2.59345E-4 2.55316E-4 2.54944E-4 2.57914E-4 2.84408E-4 2.89431E-4 3.0968E-4 2.32993E-4 2.38106E-4 2.39778E-4 3.0812E-4 2.63729E-4 2.67632E-4 2.7632E-4 2.84763E-4 2.87266E-4 2.38224E-4 2.49155E-4 2.58605E-4 2.52671E-4 2.48842E-4 2.55655E-4 2.52007E-4 2.6632E-4 2.84084E-4 2.99393E-4 3.00241E-4 3.26105E-4 3.52094E-4 3.68565E-4 3.5976E-4 2.72953E-4 3.07829E-4 3.59306E-4 2.83157E-4 3.05006E-4 2.818E-4 3.11434E-4 3.04236E-4 3.10326E-4 3.17295E-4 2.98586E-4 3.18398E-4 3.29345E-4 3.42194E-4
2.15249E-4 2.12095E-4 2.1088E-4 2.21595E-4 2.50724E-4 2.45311E-4 2.60632E-4 2.60963E-4 2.67996E-4 2.62275E-4 2.69194E-4 2.81318E-4 2.81729E-4 2.72941E-4 2.7418E-4 2.66742E-4 2.60815E-4 2.61219E-4 2.5639E-4 2.64884E-4 2.38188E-4 2.81547E-4 2.66983E-4 2.25857E-4 2.7014E-4 2.82597E-4 2.60623E-4 2.45454E-4 2.56178E-4 2.6488E-4 2.64601E-4 2.52222E-4 2.26096E-4 2.43459E-4 2.59695E-4 2.56363E-4 2.45253E-4 2.57505E-4 2.5899E-4 2.59368E-4 2.82937E-4 2.98957E-4 2.98494E-4 2.8955E-4 2.8748E-4 2.97278E-4 3.21966E-4 2.68407E-4 3.04374E-4 3.00916E-4 2.88216E-4 2.74408E-4 2.94292E-4 2.89154E-4 2.92798E-4 3.0123E-4 3.00473E-4 2.97003E-4 2.98135E-4 3.24312E-4 3.20285E-4
2.06021E-4 2.30812E-4 2.06322E-4 2.42163E-4 2.4287E-4 2.41787E-4 2.53907E-4 2.54997E-4 2.62608E-4 2.57352E-4 2.63756E-4 2.6263E-4 2.74859E-4 2.73278E-4 2.60601E-4 2.46814E-4 2.54455E-4 2.55595E-4 2.59729E-4 2.66798E-4 2.3784E-4 2.32407E-4 2.25389E-4 2.55814E-4 2.79269E-4 2.84177E-4 2.80957E-4 2.42282E-4 2.40171E-4 2.39472E-4 2.54364E-4 2.40918E-4 2.31049E-4 2.44843E-4 2.40996E-4 2.4416E-4 2.52785E-4 2.54303E-4 2.59746E-4 2.65841E-4 2.56755E-4 2.84041E-4 3.05097E-4 2.75572E-4 2.78782E-4 2.98202E-4 3.03957E-4 2.6698E-4 2.72022E-4 2.96161E-4 3.10707E-4 2.76417E-4 3.27343E-4 2.70508E-4 2.75205E-4 2.65157E-4 2.56362E-4 2.69359E-4 2.87716E-4 3.16386E-4 3.22719E-4
2.09196E-4 2.21398E-4 2.21075E-4 2.15077E-4 2.32097E-4 2.51033E-4 2.57613E-4 2.67996E-4 2.61843E-4 2.65275E-4 2.64886E-4 2.64859E-4 2.645E-4 2.5548E-4 2.81307E-4 2.54761E-4 2.61145E-4 2.56276E-4 2.65756E-4 2.70691E-4 2.44807E-4 2.39559E-4 2.29629E-4 2.56117E-4 2.7003E-4 2.71306E-4 2.7968E-4 2.38688E-4 2.65919E-4 2.33273E-4 2.3199E-4 2.38485E-4 2.19147E-4 2.21386E-4 2.25302E-4 2.35157E-4 2.56874E-4 2.33157E-4 2.49601E-4 2.4817E-4 2.46345E-4 2.83602E-4 2.89869E-4 2.64016E-4 2.91757E-4 2.99227E-4 2.10175E-4 2.26915E-4 2.74727E-4 3.00888E-4 3.06222E-4 2.63092E-4 2.46331E-4 2.46843E-4 2.56678E-4 2.63548E-4 2.54832E-4 2.66299E-4 2.70096E-4 2.8898E-4 2.92969E-4
