Artocarpus hirsutus SDM files/Last interglacial/results (without bias file)/Arthir_1.asc
ncols         625
nrows         721
xllcorner     69.99986311115
yllcorner     5.99986151914999
cellsize      0.041666667
NODATA_value  -9999
[rows 54 to 80 of 721, columns 61 to 121 of 625]
2.21712E-4 1.36338E-4 1.31733E-4 1.96833E-4 1.72447E-4 1.43706E-4 2.0849E-4 2.42659E-4 7.88063E-5 4.27384E-5 2.02003E-5 2.2103E-5 4.61123E-5 7.03945E-5 6.37143E-5 7.8774E-5 7.08677E-5 6.4969E-5 5.64501E-5 2.6374E-5 2.3026E-5 9.69357E-6 2.01954E-6 3.18578E-7 1.7905E-5 4.53291E-5 4.98809E-5 1.79757E-5 1.00554E-7 1.1158E-7 2.13809E-7 5.20085E-8 3.13553E-5 3.12266E-6 1.23912E-5 5.19962E-5 5.09509E-5 6.64751E-5 5.40951E-5 1.58606E-5 5.57292E-5 4.65422E-6 2.15358E-6 1.75119E-5 4.07796E-5 7.6523E-6 3.40299E-7 1.59473E-7 5.86046E-8 2.97877E-8 5.07415E-8 3.28555E-7 1.33125E-6 7.05028E-6 1.71746E-5 3.03573E-5 4.13798E-5 3.98189E-5 1.09931E-4 1.41991E-4 2.8554E-4
4.20671E-4 3.77526E-4 2.67409E-4 1.34006E-4 1.92205E-4 1.6017E-4 1.48887E-4 8.70375E-5 5.58047E-5 4.75635E-5 9.99494E-5 1.36324E-4 1.35548E-4 1.30329E-4 1.15788E-4 8.95578E-5 9.01529E-5 9.54355E-5 7.31846E-5 5.36127E-5 4.06759E-5 3.23129E-5 5.67941E-7 1.58666E-8 2.86047E-8 3.58065E-5 7.84132E-6 1.0002E-5 3.61341E-6 4.132E-7 5.22889E-8 5.62096E-8 4.83797E-8 1.79731E-5 8.8074E-6 2.54753E-6 7.16136E-6 2.49652E-7 7.51984E-7 7.35194E-6 5.38768E-5 1.50719E-5 1.745E-5 4.41786E-6 2.39532E-5 3.31498E-5 3.05094E-6 7.11106E-7 1.37509E-7 3.83383E-8 1.83952E-8 8.85951E-8 1.38267E-7 9.36631E-7 5.14844E-6 6.75151E-6 6.92695E-6 1.21869E-5 2.12671E-5 5.73085E-5 1.75129E-4
4.84572E-4 3.94843E-4 2.48198E-4 1.75103E-4 1.60285E-4 1.69904E-4 1.80542E-4 2.62878E-4 2.40438E-4 1.7473E-4 1.60678E-4 1.4878E-4 1.31748E-4 1.13423E-4 1.14293E-4 1.12297E-4 8.31441E-5 9.08642E-5 9.51875E-5 8.55766E-5 6.28135E-5 1.67766E-5 2.25331E-5 2.34812E-6 3.80477E-6 5.78307E-5 9.30692E-6 2.06321E-5 2.87359E-5 1.71142E-5 2.62564E-7 7.26524E-8 9.73465E-9 1.55522E-6 5.32276E-5 2.01058E-5 2.05021E-5 1.02762E-5 3.31966E-6 2.8804E-7 4.12412E-6 4.38973E-5 3.07786E-5 3.32584E-7 1.91152E-5 2.31896E-5 3.69745E-5 5.80924E-6 2.18188E-7 1.11904E-7 1.37839E-8 8.27294E-8 1.85708E-7 2.93373E-7 7.16851E-7 1.57904E-6 3.49098E-6 6.41704E-6 1.2464E-5 2.49393E-5 5.97214E-5
3.95477E-4 3.59851E-4 3.45533E-4 3.40007E-4 2.31803E-4 1.83789E-4 2.10043E-4 2.73218E-4 1.77162E-4 1.39271E-4 7.41063E-5 1.06699E-4 1.12174E-4 9.26278E-5 1.12889E-4 9.62301E-5 9.8694E-5 6.8011E-5 4.92745E-5 8.80059E-6 3.42655E-5 4.10098E-5 5.77576E-5 7.00919E-6 1.0879E-5 4.46133E-5 3.49048E-5 6.67209E-6 4.01331E-5 4.65654E-5 4.35141E-6 4.94711E-6 6.08087E-8 4.10468E-6 7.35451E-5 2.97617E-5 7.9049E-5 4.25517E-5 5.81992E-5 1.25911E-5 3.02258E-6 4.43103E-5 2.743E-5 1.61581E-6 1.01206E-5 1.40924E-5 2.29213E-5 1.20477E-5 1.77547E-7 1.85444E-7 1.7965E-7 7.65502E-9 9.4557E-9 6.64083E-8 1.22252E-7 1.09355E-6 3.19204E-6 7.75715E-6 1.3334E-5 1.77576E-5 3.42921E-5
2.35477E-4 1.68505E-4 2.01831E-4 2.9115E-4 2.95456E-4 2.46945E-4 1.48435E-4 1.71343E-4 2.05113E-4 2.03934E-4 7.59994E-5 7.12419E-5 9.13387E-5 7.73123E-5 1.17713E-4 8.6549E-5 7.39697E-5 8.73374E-5 1.22184E-4 9.99253E-5 1.14256E-4 9.13916E-5 4.05296E-5 3.31342E-5 4.85784E-5 9.4634E-5 7.75662E-5 3.14914E-5 7.1798E-6 5.62977E-5 3.56603E-5 3.31429E-6 6.52815E-7 3.8611E-5 3.51884E-5 3.01529E-6 8.57426E-7 1.00135E-6 2.93836E-5 6.27023E-5 5.63896E-5 7.73178E-6 5.12615E-6 1.2945E-5 8.82859E-6 1.18432E-5 1.78463E-5 1.93356E-6 2.67468E-7 2.30098E-7 4.08837E-7 5.2131E-8 3.94809E-9 4.49781E-8 1.46734E-8 2.97871E-8 1.35084E-6 8.17661E-6 1.5529E-6 7.25064E-6 1.89457E-6
2.81225E-4 2.32068E-4 1.69289E-4 2.18619E-4 3.61112E-4 3.19934E-4 2.5347E-4 1.86432E-4 2.49973E-4 2.44334E-4 1.06325E-4 1.13156E-4 7.15985E-5 1.23E-4 1.78634E-4 1.65811E-4 1.62356E-4 1.05998E-4 1.02559E-4 1.0952E-4 1.13832E-4 5.03054E-5 2.15403E-6 7.52779E-6 3.47905E-5 2.29382E-5 7.66008E-5 1.15786E-4 5.23765E-5 1.01545E-5 7.08807E-5 7.4387E-5 2.40466E-6 7.43501E-5 4.69317E-6 5.01608E-5 7.24219E-6 5.08616E-6 3.22318E-7 4.75296E-6 7.7468E-6 5.46204E-6 9.94152E-7 6.02795E-6 9.8821E-6 6.6997E-6 1.79454E-5 3.47601E-6 8.88469E-7 2.33995E-6 3.04903E-7 1.04346E-6 1.62374E-8 3.83839E-8 1.35893E-9 4.16844E-9 7.55799E-10 1.46643E-7 1.25621E-5 8.36297E-7 2.69086E-9
4.10211E-4 4.32566E-4 3.51056E-4 1.91911E-4 2.73605E-4 2.2451E-4 1.53887E-4 1.57062E-4 2.45558E-4 2.2288E-4 1.35604E-4 1.35247E-4 1.66847E-4 1.2694E-4 9.21397E-5 3.66351E-5 7.57792E-5 1.20622E-4 6.93643E-5 2.01213E-5 5.59857E-5 4.31906E-5 7.43533E-6 3.43041E-6 8.24832E-6 6.07321E-5 7.1938E-5 9.00655E-6 8.67724E-5 4.35779E-5 3.0418E-6 4.99305E-5 1.19629E-4 5.64599E-5 3.93666E-5 1.86069E-5 3.15657E-5 3.86064E-5 1.57592E-5 2.69944E-6 3.83789E-6 1.11839E-5 4.2199E-6 2.5404E-5 1.68069E-5 1.46322E-5 1.87312E-5 2.49382E-5 1.02498E-6 1.14466E-6 3.24182E-7 7.97958E-7 1.82797E-7 4.4183E-7 3.16548E-9 1.73746E-9 1.24918E-9 3.15782E-10 6.1834E-9 2.38029E-8 6.32482E-9
5.66731E-4 5.23335E-4 4.24116E-4 2.83027E-4 1.51345E-4 1.02884E-4 1.32221E-4 2.31486E-4 2.9846E-4 2.1161E-4 2.03905E-4 2.80257E-4 2.68786E-4 1.09619E-4 5.86725E-5 3.3909E-5 4.08388E-5 5.14703E-5 8.34939E-5 8.17974E-5 1.2021E-4 7.76092E-5 4.50186E-5 2.12373E-5 1.34603E-5 6.29733E-5 1.13633E-4 4.85827E-5 5.23404E-6 2.51241E-5 6.60358E-5 1.11426E-5 1.22782E-4 1.19819E-4 3.77527E-5 2.56948E-5 2.53452E-6 1.2959E-5 1.87054E-5 1.24213E-5 5.40328E-7 2.48411E-5 1.35755E-6 3.24972E-5 1.9817E-5 9.45139E-6 1.20398E-5 1.10354E-5 8.56169E-6 3.58416E-6 3.31276E-8 4.73312E-7 5.86212E-6 1.34418E-6 1.51682E-7 3.07865E-9 5.6511E-8 4.39588E-9 1.19365E-8 9.54905E-11 3.71048E-9
4.81267E-4 3.19504E-4 2.9336E-4 2.35739E-4 2.15083E-4 3.11849E-4 3.43103E-4 3.48768E-4 3.05552E-4 2.52099E-4 3.14063E-4 2.73934E-4 1.49703E-4 1.88532E-4 1.08478E-4 1.25107E-4 7.13669E-5 1.0277E-4 1.33397E-4 1.09979E-4 1.54044E-4 1.13934E-4 1.0221E-4 5.39432E-5 1.43596E-5 9.29549E-5 1.27532E-4 1.38349E-4 6.78687E-5 4.22398E-6 2.66051E-5 1.1038E-4 1.8975E-5 1.49191E-5 1.36299E-4 7.54614E-5 3.86226E-5 3.13257E-5 9.28443E-6 2.138E-7 1.92732E-6 1.12056E-5 9.465E-6 2.65726E-5 2.31638E-5 1.67066E-5 1.01137E-5 1.85784E-6 4.91216E-6 1.00647E-6 5.43083E-9 5.43812E-9 7.70795E-6 1.97215E-6 8.56549E-7 3.19075E-8 1.67073E-7 2.03764E-6 5.421E-7 5.52457E-10 5.89073E-12
3.81604E-4 3.09713E-4 3.39702E-4 3.86998E-4 4.29945E-4 4.21235E-4 4.28436E-4 3.93425E-4 3.26788E-4 3.22428E-4 3.42713E-4 2.34893E-4 1.78111E-4 2.10809E-4 1.85855E-4 1.93504E-4 1.46469E-4 1.45588E-4 1.44752E-4 1.58031E-4 1.6876E-4 1.25362E-4 1.18289E-4 9.79342E-5 6.59842E-5 9.35051E-5 6.66226E-5 6.48245E-5 1.36099E-4 1.26459E-4 8.0547E-5 4.51931E-5 6.09335E-5 5.15397E-5 2.66836E-5 1.4244E-4 2.40459E-5 2.95061E-5 4.45756E-5 5.60384E-6 7.40081E-7 1.23828E-5 3.74823E-5 3.11144E-5 3.31739E-5 2.07781E-5 1.29538E-5 3.59606E-6 7.94785E-7 2.48761E-6 3.12395E-7 1.55083E-8 5.39742E-6 1.70555E-6 4.42804E-7 2.60923E-7 3.55686E-6 6.51852E-6 7.75894E-7 4.0532E-10 6.89448E-13
4.36711E-4 3.86407E-4 3.98518E-4 4.15074E-4 4.22789E-4 4.87018E-4 4.59173E-4 4.4459E-4 4.306E-4 3.81965E-4 3.23308E-4 1.7772E-4 2.9545E-4 3.16163E-4 2.12026E-4 2.08641E-4 1.15652E-4 1.26088E-4 1.57042E-4 1.84153E-4 1.39971E-4 1.26897E-4 1.18765E-4 8.84897E-5 1.39378E-4 1.50047E-4 6.99401E-5 1.15244E-4 1.05039E-4 1.72988E-4 1.15047E-4 5.00159E-5 1.44089E-5 9.86544E-5 2.4724E-5 4.63189E-5 1.45942E-4 8.04155E-5 7.51364E-5 3.5503E-6 7.58173E-6 1.71981E-6 2.23729E-5 5.15266E-5 3.01841E-5 2.84211E-5 1.24944E-5 9.63741E-7 6.94498E-7 3.81486E-7 6.15783E-7 9.04937E-7 2.02497E-6 6.74993E-6 7.54956E-6 1.31135E-5 2.00518E-6 2.51603E-7 7.61992E-8 4.10375E-10 1.35258E-11
4.45875E-4 3.96864E-4 4.09391E-4 4.47238E-4 4.97541E-4 5.40019E-4 5.13829E-4 4.52958E-4 4.03022E-4 2.81727E-4 2.07652E-4 3.13283E-4 3.13323E-4 2.36407E-4 1.45294E-4 9.17569E-5 7.13428E-5 9.29661E-5 1.81751E-4 1.88532E-4 1.20584E-4 1.59256E-4 9.34123E-5 4.63685E-5 5.54307E-5 1.95813E-4 1.0883E-4 1.40546E-4 1.99985E-4 2.26588E-4 1.88092E-4 1.0509E-4 1.73065E-5 2.06433E-5 9.08496E-5 1.58963E-5 1.329E-4 7.97122E-5 1.40771E-5 2.91455E-6 1.89798E-5 2.64236E-5 3.54212E-5 4.98302E-5 3.29309E-5 2.54194E-5 1.6838E-5 8.64791E-6 5.14099E-6 1.8229E-6 2.85214E-9 1.36024E-9 5.6495E-10 1.08485E-10 2.01337E-7 1.39375E-5 1.63966E-6 9.49564E-7 2.73235E-8 5.69903E-9 2.18996E-8
4.75454E-4 4.5293E-4 4.51268E-4 5.5394E-4 5.26117E-4 4.79608E-4 4.64983E-4 4.10926E-4 3.50129E-4 2.77305E-4 3.25467E-4 3.33692E-4 2.15113E-4 1.48263E-4 1.19792E-4 1.47862E-4 1.22143E-4 1.17443E-4 1.91122E-4 1.88114E-4 1.53279E-4 1.8387E-4 1.59911E-4 4.9046E-5 5.71106E-5 1.17834E-4 5.30751E-5 1.22086E-4 2.09217E-4 2.16886E-4 2.09986E-4 1.78913E-4 1.19881E-4 2.36942E-5 1.11723E-5 6.32706E-5 5.24112E-5 1.29012E-4 3.34626E-5 1.64011E-5 2.20712E-6 5.26253E-5 6.71916E-5 2.87474E-5 1.81425E-5 3.90406E-5 2.2183E-5 1.72792E-5 1.81989E-5 1.74561E-5 6.8927E-7 1.26333E-6 1.3388E-8 6.02874E-9 3.79444E-7 9.58667E-6 2.34966E-6 3.86299E-7 1.41885E-11 1.00155E-8 3.01384E-7
4.87716E-4 5.26133E-4 5.7777E-4 5.67762E-4 5.3776E-4 5.56235E-4 4.77666E-4 3.50529E-4 2.69573E-4 2.26656E-4 3.32571E-4 2.76167E-4 2.76212E-4 2.41421E-4 1.85427E-4 1.5921E-4 1.68515E-4 1.75293E-4 1.98177E-4 2.2929E-4 1.7241E-4 2.15678E-4 2.69293E-4 1.35473E-4 1.41668E-4 1.29434E-4 1.37457E-4 1.29243E-4 1.64452E-4 2.20526E-4 2.45153E-4 2.6532E-4 1.46443E-4 1.6227E-4 6.33354E-5 6.31144E-5 5.44565E-5 9.30483E-5 8.4064E-5 8.22812E-5 6.99695E-6 5.39389E-5 6.25866E-5 4.2195E-5 2.13564E-5 3.58785E-5 1.73174E-5 3.01914E-5 1.66205E-5 1.14255E-5 2.33512E-7 1.09132E-5 6.2065E-8 2.29802E-7 3.15665E-6 7.12987E-6 1.30033E-8 3.51477E-9 7.91367E-13 1.66279E-9 2.07782E-10
6.62258E-4 6.2413E-4 6.12254E-4 6.3937E-4 6.6866E-4 6.20965E-4 5.56666E-4 4.3849E-4 4.12457E-4 3.2001E-4 3.05664E-4 2.53623E-4 2.28193E-4 2.84978E-4 2.06565E-4 1.59564E-4 1.7485E-4 2.09304E-4 1.54569E-4 1.50569E-4 1.82384E-4 1.21557E-4 1.23146E-4 1.1597E-4 1.5237E-4 4.61958E-5 8.32644E-5 1.78296E-4 1.52481E-4 2.13797E-4 2.24866E-4 2.62341E-4 1.85437E-4 1.68031E-4 2.19607E-4 1.73745E-4 8.62198E-5 3.59231E-5 8.4839E-5 1.26168E-4 3.11331E-5 7.24608E-5 2.0714E-5 8.09261E-6 6.3732E-5 5.40875E-5 4.32495E-5 1.28259E-5 3.39382E-5 8.68677E-6 3.92271E-8 2.27463E-6 3.08402E-6 7.09044E-7 1.80352E-5 1.40246E-5 1.65827E-6 1.46927E-6 4.80958E-8 7.83599E-10 4.13206E-8
7.30428E-4 6.23607E-4 6.99081E-4 6.106E-4 6.44291E-4 5.35496E-4 4.80516E-4 4.95759E-4 5.27383E-4 4.726E-4 3.43458E-4 2.54362E-4 3.25205E-4 3.50882E-4 2.28461E-4 1.81388E-4 1.91507E-4 2.37867E-4 2.20286E-4 1.61328E-4 1.21687E-4 1.77473E-4 2.16406E-4 1.69033E-4 1.13647E-4 1.55683E-4 1.8813E-4 1.98345E-4 1.13742E-4 9.34098E-5 1.9137E-4 2.66646E-4 2.6142E-4 2.00315E-4 1.64529E-4 2.56634E-4 1.1275E-4 6.71842E-5 2.99011E-5 7.52658E-5 1.18569E-4 1.30096E-4 6.15809E-5 1.8927E-5 6.98658E-5 6.20843E-5 3.50215E-5 2.19662E-5 4.00901E-5 2.93733E-5 5.89396E-6 7.11484E-8 4.6308E-8 1.99755E-8 5.61094E-6 3.11172E-6 1.97633E-6 7.66645E-7 3.90615E-7 2.37167E-6 5.87819E-6
6.14579E-4 5.45988E-4 5.96836E-4 6.25548E-4 6.1993E-4 6.19424E-4 5.82303E-4 5.03196E-4 4.18255E-4 3.9425E-4 2.99165E-4 3.28051E-4 3.92689E-4 3.1997E-4 3.23439E-4 2.76857E-4 2.1978E-4 1.93492E-4 1.67571E-4 1.53923E-4 1.55296E-4 1.82954E-4 2.97854E-4 2.35946E-4 1.88496E-4 2.04819E-4 2.7437E-4 2.58767E-4 2.397E-4 1.96877E-4 1.5203E-4 2.47709E-4 3.24783E-4 2.83219E-4 1.45675E-4 8.17242E-5 7.96511E-5 1.07595E-4 8.98523E-5 3.89801E-5 2.41306E-5 4.82561E-5 5.82603E-5 9.71559E-5 1.08999E-4 8.55554E-5 2.91598E-5 5.51938E-5 3.65647E-5 1.64512E-5 3.46096E-5 2.15267E-5 2.62937E-6 1.79041E-7 2.83862E-5 7.71321E-6 8.59595E-8 5.23469E-7 1.2719E-8 1.50985E-9 5.7024E-10
6.50819E-4 6.10681E-4 5.73977E-4 6.97022E-4 5.70563E-4 5.867E-4 5.35668E-4 5.52018E-4 4.71132E-4 3.27941E-4 2.96501E-4 3.2056E-4 3.42686E-4 4.33144E-4 4.16404E-4 2.48213E-4 2.61124E-4 2.95767E-4 2.58957E-4 2.74527E-4 2.04971E-4 3.06309E-4 2.45865E-4 2.62913E-4 2.60898E-4 2.30658E-4 2.59419E-4 2.59732E-4 2.70134E-4 2.8182E-4 2.50525E-4 2.33598E-4 3.35737E-4 3.02716E-4 2.78194E-4 2.12412E-4 9.1765E-5 4.76959E-5 1.39819E-4 8.97877E-5 3.53052E-5 2.73915E-5 7.07306E-5 9.73064E-5 9.88858E-5 9.94304E-5 1.01646E-4 6.56233E-5 2.29816E-5 8.98017E-6 7.89035E-6 1.27059E-5 1.69019E-5 7.45587E-6 3.86529E-5 3.18155E-5 4.84642E-6 6.23086E-8 3.87436E-8 1.08815E-8 6.2651E-12
8.49019E-4 6.69918E-4 6.00866E-4 6.62488E-4 5.45228E-4 5.9547E-4 5.3743E-4 4.40695E-4 4.59549E-4 3.59484E-4 3.36932E-4 3.79168E-4 4.35398E-4 4.04246E-4 3.11509E-4 2.2569E-4 2.06801E-4 1.98522E-4 2.97024E-4 3.3526E-4 3.0807E-4 3.2824E-4 2.66182E-4 2.69383E-4 3.01013E-4 3.02294E-4 1.85751E-4 2.03356E-4 2.52439E-4 2.80149E-4 2.90815E-4 3.04269E-4 3.07664E-4 3.23155E-4 2.90133E-4 2.75413E-4 2.15165E-4 1.93368E-4 1.5181E-4 1.08126E-4 7.07772E-5 3.56608E-5 2.96511E-5 2.42482E-5 4.19501E-5 1.96766E-5 1.443E-5 8.08354E-6 4.46261E-6 7.39049E-6 7.90993E-6 2.09454E-6 1.24673E-6 4.7461E-6 4.32812E-5 3.20962E-5 2.03111E-5 2.04426E-6 2.07654E-9 4.1493E-8 4.70498E-9
8.09018E-4 8.22499E-4 6.64697E-4 6.23083E-4 5.6063E-4 5.47263E-4 6.00685E-4 4.71396E-4 3.89901E-4 3.95046E-4 3.81349E-4 3.74598E-4 4.15267E-4 3.92624E-4 3.52121E-4 3.16914E-4 2.70356E-4 3.50431E-4 3.71211E-4 3.69142E-4 3.25061E-4 3.55992E-4 3.30612E-4 3.25088E-4 3.22981E-4 2.65985E-4 2.20331E-4 2.40477E-4 2.65982E-4 2.93743E-4 3.09691E-4 2.93452E-4 3.25049E-4 2.99602E-4 2.8621E-4 2.43628E-4 2.6709E-4 2.57897E-4 1.99444E-4 1.82525E-4 1.80773E-4 1.1113E-4 1.14991E-4 7.44378E-5 6.41465E-5 6.19298E-5 8.42865E-5 9.99508E-5 7.07842E-5 5.42847E-5 2.0026E-5 3.38976E-6 1.42759E-6 4.16856E-6 2.04694E-5 2.24908E-5 2.15187E-5 1.22063E-5 6.08145E-6 2.82603E-6 1.63118E-6
8.67593E-4 8.64975E-4 6.80147E-4 6.31835E-4 6.26866E-4 6.21375E-4 5.22481E-4 4.82617E-4 4.72717E-4 4.62308E-4 4.35397E-4 4.0106E-4 4.31986E-4 4.2998E-4 3.88066E-4 3.17791E-4 3.19083E-4 3.21386E-4 3.06122E-4 3.37157E-4 3.74949E-4 3.72576E-4 3.98963E-4 3.32511E-4 2.26879E-4 2.82031E-4 3.28298E-4 3.2023E-4 3.07759E-4 3.2126E-4 3.25998E-4 3.13979E-4 3.52313E-4 3.29766E-4 3.00753E-4 2.47306E-4 2.88758E-4 2.21798E-4 2.0201E-4 2.26432E-4 1.84953E-4 1.56504E-4 6.97624E-5 7.36214E-5 1.00849E-4 1.6782E-4 1.02487E-4 9.95313E-5 6.71024E-5 6.73968E-5 2.713E-5 2.07153E-5 2.00544E-5 3.80587E-5 3.88859E-5 3.30592E-6 1.34076E-5 8.82202E-6 6.01093E-6 6.76735E-7 3.31414E-6
7.8137E-4 8.01556E-4 7.52536E-4 8.4447E-4 6.96346E-4 6.17686E-4 5.45815E-4 5.35399E-4 4.93518E-4 4.64054E-4 4.91467E-4 5.04636E-4 4.98098E-4 4.99693E-4 3.64062E-4 3.83723E-4 3.73822E-4 3.77611E-4 3.01109E-4 3.90052E-4 3.8941E-4 3.43511E-4 2.64238E-4 2.50602E-4 3.01983E-4 3.38647E-4 3.60844E-4 3.68617E-4 3.61121E-4 3.26281E-4 3.14533E-4 2.7318E-4 2.60927E-4 2.16035E-4 1.96642E-4 2.62499E-4 2.76558E-4 2.41785E-4 2.43289E-4 1.99051E-4 1.88417E-4 1.80024E-4 1.31598E-4 9.5991E-5 9.27553E-5 1.48002E-4 9.09186E-5 1.0701E-4 9.50312E-5 7.36163E-5 5.89761E-5 5.4351E-5 6.3999E-5 7.03038E-5 4.18772E-5 1.47102E-6 2.73662E-5 2.80644E-6 1.26889E-5 1.53122E-7 4.90254E-7
8.29876E-4 7.56668E-4 7.83504E-4 8.28308E-4 7.16564E-4 6.30688E-4 5.55102E-4 5.37245E-4 5.04235E-4 5.27207E-4 5.23562E-4 5.55787E-4 5.27447E-4 3.32971E-4 3.87746E-4 3.71393E-4 2.99504E-4 3.60382E-4 3.79207E-4 3.96121E-4 2.58228E-4 2.47144E-4 2.80888E-4 3.25634E-4 3.43936E-4 3.98337E-4 4.18283E-4 3.92674E-4 3.4555E-4 3.10546E-4 2.46434E-4 2.15772E-4 2.53407E-4 2.48248E-4 2.62892E-4 2.93436E-4 2.54924E-4 2.40388E-4 2.14492E-4 2.0648E-4 1.9786E-4 1.9219E-4 1.63196E-4 1.40188E-4 1.34522E-4 1.75265E-4 1.39595E-4 1.26411E-4 1.07208E-4 8.69402E-5 8.68144E-5 7.79611E-5 7.56828E-5 8.90843E-5 5.35227E-5 1.90615E-6 2.4427E-5 1.36088E-5 2.12645E-6 1.31962E-5 2.09731E-7
9.19827E-4 8.73743E-4 8.30128E-4 7.78638E-4 7.19913E-4 7.09308E-4 6.29186E-4 6.34146E-4 5.7758E-4 5.59902E-4 5.99192E-4 5.61399E-4 4.90571E-4 3.34357E-4 2.70628E-4 2.29775E-4 2.77327E-4 3.41561E-4 4.30497E-4 3.47046E-4 3.55526E-4 3.88626E-4 3.93115E-4 3.70222E-4 4.00452E-4 4.27076E-4 4.40948E-4 3.44991E-4 2.49706E-4 2.17057E-4 2.50038E-4 2.62402E-4 2.65917E-4 2.98631E-4 3.08253E-4 2.84845E-4 2.47623E-4 2.50232E-4 2.24207E-4 2.14367E-4 1.91327E-4 1.81508E-4 1.60584E-4 1.39813E-4 1.37877E-4 1.55532E-4 1.5624E-4 1.27232E-4 1.178E-4 1.00622E-4 8.5706E-5 8.28257E-5 8.44649E-5 9.10223E-5 6.69883E-5 4.08286E-6 1.65127E-5 3.63696E-5 6.78144E-6 1.10457E-5 1.77643E-5
9.2586E-4 9.26547E-4 7.25757E-4 7.21803E-4 7.81513E-4 7.05245E-4 5.7059E-4 4.82717E-4 4.9105E-4 4.64768E-4 4.51915E-4 4.27303E-4 3.27711E-4 2.99143E-4 3.03661E-4 3.07938E-4 2.50986E-4 3.86227E-4 4.45705E-4 4.38317E-4 4.67554E-4 4.16637E-4 3.93083E-4 4.13614E-4 4.18517E-4 4.50461E-4 3.56692E-4 2.8674E-4 2.93937E-4 3.03364E-4 3.1301E-4 3.09535E-4 2.90957E-4 2.83478E-4 3.10706E-4 2.86959E-4 2.67176E-4 2.55442E-4 2.49884E-4 2.38397E-4 2.11333E-4 1.99157E-4 1.80368E-4 1.50042E-4 1.13847E-4 1.3889E-4 1.52872E-4 1.39754E-4 1.23176E-4 1.06281E-4 1.01326E-4 8.99178E-5 9.18779E-5 9.599E-5 8.45057E-5 1.3397E-5 2.51327E-5 2.61051E-5 3.31112E-5 4.61461E-6 7.24388E-7
6.17318E-4 6.42902E-4 6.70817E-4 6.23042E-4 7.15657E-4 6.03354E-4 5.42224E-4 5.43013E-4 5.16075E-4 4.74555E-4 4.18951E-4 3.85076E-4 3.51681E-4 3.32429E-4 3.3108E-4 3.35776E-4 3.28737E-4 3.36405E-4 3.56897E-4 4.91729E-4 5.118E-4 3.34232E-4 3.57747E-4 3.84974E-4 4.37075E-4 3.92992E-4 3.27373E-4 3.52064E-4 3.61E-4 3.50178E-4 3.47001E-4 3.23795E-4 3.20938E-4 2.93639E-4 3.17065E-4 3.15623E-4 2.80007E-4 2.66226E-4 2.51715E-4 2.4143E-4 2.24819E-4 2.25673E-4 2.03392E-4 1.78825E-4 1.39945E-4 1.23788E-4 1.52958E-4 1.45642E-4 1.28869E-4 1.34928E-4 1.11421E-4 9.91104E-5 9.84466E-5 9.5176E-5 9.25581E-5 6.17202E-5 3.29343E-5 8.10713E-7 3.94757E-6 2.74999E-5 6.17854E-6
6.36882E-4 7.10008E-4 6.25184E-4 5.6646E-4 5.73963E-4 5.05161E-4 5.13825E-4 4.60499E-4 4.68731E-4 4.55709E-4 4.1416E-4 3.88038E-4 3.56758E-4 3.67618E-4 4.05465E-4 4.42589E-4 4.10869E-4 4.2613E-4 4.22494E-4 3.89048E-4 4.03313E-4 3.58381E-4 3.6438E-4 4.24814E-4 4.21112E-4 3.98011E-4 3.82887E-4 3.93838E-4 3.71999E-4 3.65921E-4 3.43136E-4 3.38519E-4 3.2072E-4 2.94505E-4 3.33109E-4 3.25133E-4 2.96372E-4 2.74904E-4 2.77835E-4 2.55485E-4 2.48264E-4 2.25682E-4 2.26727E-4 2.02356E-4 1.68881E-4 1.64962E-4 1.67352E-4 1.52552E-4 1.38939E-4 1.25146E-4 1.09923E-4 9.24516E-5 1.0054E-4 9.7702E-5 9.50585E-5 9.402E-5 7.92632E-5 2.51398E-5 1.14641E-5 2.00708E-5 2.50435E-5
