Artocarpus hirsutus SDM files/Last interglacial/results (without bias file)/Arthir_4.asc
ncols         625
nrows         721
xllcorner     69.99986311115
yllcorner     5.99986151914999
cellsize      0.041666667
NODATA_value  -9999
[rows 270 to 296 of 721, columns 488 to 548 of 625]
4.16571E-3 4.1118E-3 4.20286E-3 4.12281E-3 3.97553E-3 3.96698E-3 3.96872E-3 3.85634E-3 3.63035E-3 3.58977E-3 3.53622E-3 3.27635E-3 2.99196E-3 2.8327E-3 2.59172E-3 2.23753E-3 1.9424E-3 1.72611E-3 1.53945E-3 1.33936E-3 1.10176E-3 9.69999E-4 7.12628E-4 5.85342E-4 4.30982E-4 4.00901E-4 3.62721E-4 3.95577E-4 3.65043E-4 3.51413E-4 4.14241E-4 5.19173E-4 6.86294E-4 9.36465E-4 1.46918E-3 1.72632E-3 2.20625E-3 3.41258E-3 4.98224E-3 5.86031E-3 5.02165E-3 7.29271E-3 8.36707E-3 9.44348E-3 1.10024E-2 1.40958E-2 1.50113E-2 1.33976E-2 1.39396E-2 1.46146E-2 1.48437E-2 1.43218E-2 1.54551E-2 1.40477E-2 1.47402E-2 1.47285E-2 1.37751E-2 1.4245E-2 1.40909E-2 1.37193E-2 1.31423E-2
4.37569E-3 4.32593E-3 4.34478E-3 4.37592E-3 4.06871E-3 4.19045E-3 4.28584E-3 4.06096E-3 3.86191E-3 3.86693E-3 3.78089E-3 3.74146E-3 3.52921E-3 3.43263E-3 3.16627E-3 2.89878E-3 2.5943E-3 2.45412E-3 2.2003E-3 2.02262E-3 1.86267E-3 1.59802E-3 1.40785E-3 1.28165E-3 1.16844E-3 1.04039E-3 1.00692E-3 1.04126E-3 9.58694E-4 9.64595E-4 1.20742E-3 1.36223E-3 1.53007E-3 2.18967E-3 2.14386E-3 2.78214E-3 3.98178E-3 4.62047E-3 6.35361E-3 8.19837E-3 7.66579E-3 8.00877E-3 9.32366E-3 1.05467E-2 1.23727E-2 1.50925E-2 1.46938E-2 1.28853E-2 1.42582E-2 1.53573E-2 1.4306E-2 1.4772E-2 1.38577E-2 1.44709E-2 1.46339E-2 1.4634E-2 1.48573E-2 1.42521E-2 1.41564E-2 1.42747E-2 1.28576E-2
4.34124E-3 4.40027E-3 4.54587E-3 4.50501E-3 4.37457E-3 4.42269E-3 4.42363E-3 4.26749E-3 4.22086E-3 4.16857E-3 4.25414E-3 4.14408E-3 4.07989E-3 3.86749E-3 3.72598E-3 3.46555E-3 3.30434E-3 3.28283E-3 3.10778E-3 2.93457E-3 2.72077E-3 2.51662E-3 2.44021E-3 2.31994E-3 2.09587E-3 2.04923E-3 1.98247E-3 1.96802E-3 2.00305E-3 2.05566E-3 2.22894E-3 2.43649E-3 2.83321E-3 2.995E-3 3.50028E-3 4.17567E-3 5.88103E-3 7.41921E-3 1.00299E-2 1.02694E-2 9.14807E-3 9.96792E-3 1.07964E-2 1.21142E-2 1.31874E-2 1.61667E-2 1.26032E-2 1.36316E-2 1.5255E-2 1.55544E-2 1.3717E-2 1.48784E-2 1.49018E-2 1.4623E-2 1.45222E-2 1.46554E-2 1.52197E-2 1.43896E-2 1.39689E-2 1.44328E-2 1.28264E-2
4.37474E-3 4.43583E-3 4.53268E-3 4.51814E-3 4.71818E-3 4.50024E-3 4.49425E-3 4.43467E-3 4.40123E-3 4.45118E-3 4.39655E-3 4.41615E-3 4.4238E-3 4.43535E-3 4.37565E-3 4.18394E-3 4.07093E-3 4.13719E-3 4.07765E-3 3.91428E-3 3.78875E-3 3.73225E-3 3.65588E-3 3.4414E-3 3.43008E-3 3.24749E-3 3.22048E-3 3.31225E-3 4.04944E-3 4.06786E-3 3.88347E-3 3.94621E-3 4.47879E-3 4.52676E-3 5.97355E-3 6.58479E-3 7.74033E-3 9.41297E-3 1.12237E-2 9.4376E-3 1.06275E-2 1.14874E-2 1.26694E-2 1.29621E-2 1.42809E-2 1.36848E-2 1.29772E-2 1.41648E-2 1.58954E-2 1.50467E-2 1.45058E-2 1.49951E-2 1.54001E-2 1.4583E-2 1.43244E-2 1.37668E-2 1.47323E-2 1.41158E-2 1.39695E-2 1.49709E-2 1.2328E-2
4.53556E-3 4.74263E-3 4.74794E-3 4.7274E-3 4.71303E-3 4.80743E-3 4.80275E-3 4.75408E-3 4.85798E-3 4.63739E-3 4.61488E-3 4.81442E-3 4.75331E-3 4.7438E-3 4.74116E-3 4.68097E-3 4.82138E-3 4.8035E-3 4.94829E-3 4.98032E-3 5.65021E-3 5.02873E-3 5.04306E-3 4.91399E-3 4.93589E-3 4.91137E-3 5.21401E-3 5.21476E-3 5.22857E-3 5.61965E-3 5.62617E-3 6.81397E-3 7.32699E-3 8.03242E-3 8.18549E-3 8.90767E-3 9.8696E-3 1.14536E-2 1.13874E-2 1.01043E-2 1.22293E-2 1.32151E-2 1.41727E-2 1.38135E-2 1.42728E-2 1.2179E-2 1.40499E-2 1.47538E-2 1.58841E-2 1.45579E-2 1.44334E-2 1.51679E-2 1.61413E-2 1.43856E-2 1.40704E-2 1.45657E-2 1.49263E-2 1.41326E-2 1.50046E-2 1.37779E-2 1.22541E-2
4.62938E-3 4.74658E-3 4.75245E-3 4.67426E-3 4.69259E-3 4.77953E-3 4.7763E-3 4.994E-3 5.00546E-3 4.98406E-3 4.99203E-3 5.1264E-3 5.20474E-3 5.19736E-3 5.25227E-3 5.16884E-3 5.47698E-3 5.59802E-3 5.66271E-3 5.83878E-3 5.92578E-3 5.89788E-3 6.23446E-3 6.31652E-3 7.47856E-3 6.45756E-3 6.54368E-3 6.95163E-3 6.87437E-3 8.51654E-3 8.81329E-3 8.52224E-3 9.3652E-3 1.014E-2 1.05087E-2 9.69612E-3 1.1291E-2 1.19446E-2 1.07569E-2 1.20294E-2 1.30793E-2 1.44076E-2 1.51017E-2 1.40954E-2 1.41075E-2 1.24607E-2 1.43864E-2 1.52547E-2 1.60159E-2 1.4713E-2 1.48735E-2 1.57704E-2 1.6491E-2 1.38959E-2 1.40941E-2 1.48145E-2 1.45855E-2 1.42264E-2 1.49309E-2 1.24393E-2 1.26875E-2
4.50463E-3 4.64515E-3 4.65943E-3 4.67457E-3 4.59666E-3 4.81649E-3 4.82451E-3 4.96149E-3 5.07123E-3 5.0943E-3 5.11294E-3 5.26038E-3 5.38913E-3 5.4257E-3 6.37224E-3 5.55761E-3 5.75543E-3 6.00863E-3 6.32136E-3 6.56611E-3 6.68084E-3 6.88411E-3 7.01204E-3 7.09577E-3 8.47028E-3 7.7165E-3 9.05812E-3 9.08908E-3 9.51388E-3 1.0241E-2 9.29478E-3 1.04657E-2 1.12673E-2 1.14563E-2 1.23608E-2 1.27341E-2 1.25271E-2 1.24197E-2 1.24468E-2 1.31079E-2 1.42361E-2 1.59146E-2 1.56643E-2 1.41927E-2 1.47132E-2 1.43352E-2 1.54634E-2 1.50338E-2 1.5748E-2 1.4511E-2 1.4714E-2 1.57464E-2 1.62277E-2 1.38161E-2 1.46823E-2 1.4583E-2 1.48399E-2 1.48855E-2 1.37219E-2 1.24139E-2 1.36671E-2
5.25822E-3 5.50934E-3 5.52913E-3 4.83031E-3 4.85498E-3 4.98883E-3 4.84711E-3 5.03771E-3 5.768E-3 5.03939E-3 5.36369E-3 5.63103E-3 6.54358E-3 5.71905E-3 5.86563E-3 5.79021E-3 6.17914E-3 6.35453E-3 6.55087E-3 7.63471E-3 8.26104E-3 8.48141E-3 8.59E-3 7.9079E-3 9.27016E-3 9.48811E-3 8.54805E-3 8.98187E-3 9.11621E-3 1.12325E-2 1.20943E-2 1.13523E-2 1.2057E-2 1.26766E-2 1.35269E-2 1.32472E-2 1.30293E-2 1.35612E-2 1.37345E-2 1.40165E-2 1.50838E-2 1.64257E-2 1.59247E-2 1.4523E-2 1.55024E-2 1.51795E-2 1.59708E-2 1.48502E-2 1.63422E-2 1.493E-2 1.45702E-2 1.64633E-2 1.63372E-2 1.35735E-2 1.47079E-2 1.48009E-2 1.55244E-2 1.49307E-2 1.3327E-2 1.24255E-2 1.49132E-2
5.20596E-3 5.37884E-3 5.41231E-3 4.71092E-3 5.46493E-3 4.97309E-3 5.75794E-3 5.94061E-3 5.19856E-3 5.23302E-3 6.08307E-3 5.56499E-3 5.72875E-3 6.6711E-3 6.87442E-3 5.93885E-3 7.22254E-3 6.47439E-3 7.70001E-3 7.93739E-3 8.16629E-3 8.68112E-3 9.27898E-3 9.42647E-3 9.64795E-3 9.97681E-3 1.05361E-2 1.06065E-2 1.08153E-2 1.16251E-2 1.24459E-2 1.1275E-2 1.23097E-2 1.29282E-2 1.42483E-2 1.38314E-2 1.39203E-2 1.43379E-2 1.41278E-2 1.43412E-2 1.506E-2 1.71228E-2 1.54421E-2 1.46904E-2 1.51938E-2 1.59043E-2 1.62547E-2 1.47888E-2 1.62395E-2 1.4506E-2 1.45566E-2 1.66854E-2 1.49166E-2 1.34595E-2 1.47428E-2 1.4206E-2 1.40796E-2 1.48118E-2 1.31824E-2 1.27189E-2 1.43176E-2
5.12596E-3 5.18173E-3 5.20329E-3 5.38091E-3 5.6743E-3 5.70888E-3 5.74152E-3 5.89499E-3 5.96135E-3 6.02321E-3 5.2849E-3 5.47382E-3 6.37267E-3 6.69387E-3 6.88871E-3 6.97548E-3 7.24691E-3 7.47761E-3 7.98872E-3 8.2507E-3 8.49434E-3 9.08159E-3 9.20053E-3 9.44815E-3 1.00036E-2 1.04729E-2 1.06458E-2 1.07052E-2 1.11342E-2 1.17903E-2 1.30366E-2 1.17607E-2 1.20666E-2 1.28319E-2 1.46839E-2 1.34685E-2 1.37747E-2 1.46464E-2 1.44671E-2 1.4837E-2 1.51998E-2 1.737E-2 1.50658E-2 1.45931E-2 1.48801E-2 1.61105E-2 1.63388E-2 1.51156E-2 1.63501E-2 1.44662E-2 1.5389E-2 1.70977E-2 1.26347E-2 1.40684E-2 1.45022E-2 1.31503E-2 1.30727E-2 1.55151E-2 1.20837E-2 1.3321E-2 1.74724E-2
5.39168E-3 5.40739E-3 5.29352E-3 5.34894E-3 5.50014E-3 5.65666E-3 5.70905E-3 5.86472E-3 5.93914E-3 5.98557E-3 6.02536E-3 6.09045E-3 6.31301E-3 6.60793E-3 6.86327E-3 7.06857E-3 7.01798E-3 7.79842E-3 7.92158E-3 8.19427E-3 8.49001E-3 8.97452E-3 9.07676E-3 9.49966E-3 9.78935E-3 1.02514E-2 1.08856E-2 1.08408E-2 1.10405E-2 1.1652E-2 1.30401E-2 1.14846E-2 1.21552E-2 1.27914E-2 1.42834E-2 1.39534E-2 1.34072E-2 1.49177E-2 1.52311E-2 1.41965E-2 1.48853E-2 1.72133E-2 1.49798E-2 1.4331E-2 1.50181E-2 1.64193E-2 1.5336E-2 1.51335E-2 1.59771E-2 1.42699E-2 1.54552E-2 1.49468E-2 1.20434E-2 1.51327E-2 1.57105E-2 1.23469E-2 1.45033E-2 1.40127E-2 1.18907E-2 1.76077E-2 1.50587E-2
5.14267E-3 5.49655E-3 5.41045E-3 5.56747E-3 5.52906E-3 5.45054E-3 5.69617E-3 5.88901E-3 6.11171E-3 6.14071E-3 6.18237E-3 6.18582E-3 6.36562E-3 6.93382E-3 7.0308E-3 7.09038E-3 7.6309E-3 7.73041E-3 7.91452E-3 8.01179E-3 8.43966E-3 8.76456E-3 9.30288E-3 9.44622E-3 9.835E-3 1.01391E-2 1.06483E-2 1.07517E-2 1.10867E-2 1.14538E-2 1.2866E-2 1.16277E-2 1.1499E-2 1.18112E-2 1.38787E-2 1.38999E-2 1.34049E-2 1.52744E-2 1.54213E-2 1.38644E-2 1.43631E-2 1.67872E-2 1.45622E-2 1.43964E-2 1.49398E-2 1.71862E-2 1.48895E-2 1.54018E-2 1.50999E-2 1.48396E-2 1.63224E-2 1.21776E-2 1.25674E-2 1.56689E-2 1.52693E-2 1.2478E-2 1.63431E-2 1.25719E-2 1.25765E-2 1.76957E-2 1.11127E-2
5.25509E-3 5.28905E-3 5.32258E-3 5.44556E-3 5.48041E-3 5.57839E-3 5.64205E-3 5.97699E-3 6.03884E-3 6.08798E-3 6.27383E-3 6.48674E-3 6.52207E-3 6.82181E-3 6.90894E-3 7.18379E-3 7.54095E-3 7.74119E-3 7.85916E-3 8.04409E-3 8.69921E-3 8.90552E-3 9.2235E-3 9.36195E-3 9.43769E-3 9.93435E-3 1.00899E-2 1.08251E-2 1.10958E-2 1.11738E-2 1.29638E-2 1.16965E-2 1.16038E-2 1.24285E-2 1.39411E-2 1.34987E-2 1.28843E-2 1.47757E-2 1.54849E-2 1.39144E-2 1.38176E-2 1.71878E-2 1.49243E-2 1.47882E-2 1.50164E-2 1.66557E-2 1.41029E-2 1.49691E-2 1.49299E-2 1.56396E-2 1.45617E-2 1.26958E-2 1.32344E-2 1.49533E-2 1.43416E-2 1.25604E-2 1.62926E-2 1.1634E-2 1.52983E-2 1.75434E-2 1.08411E-2
5.13043E-3 5.2675E-3 5.4575E-3 5.4765E-3 5.47406E-3 5.4583E-3 5.64521E-3 5.84633E-3 6.012E-3 6.05735E-3 6.21448E-3 6.44683E-3 6.48991E-3 6.67276E-3 6.97632E-3 7.16967E-3 7.39255E-3 7.5642E-3 7.94476E-3 8.43135E-3 8.46507E-3 8.79538E-3 8.99892E-3 9.3476E-3 9.49703E-3 1.05825E-2 9.41319E-3 1.00271E-2 1.05571E-2 1.08236E-2 1.2806E-2 1.15925E-2 1.16693E-2 1.26351E-2 1.35343E-2 1.32288E-2 1.24063E-2 1.50573E-2 1.562E-2 1.42059E-2 1.40562E-2 1.77126E-2 1.38834E-2 1.57061E-2 1.51556E-2 1.64444E-2 1.53259E-2 1.41651E-2 1.45303E-2 1.62382E-2 1.38941E-2 1.29974E-2 1.36685E-2 1.33832E-2 1.19116E-2 1.53314E-2 1.72362E-2 1.27064E-2 1.58695E-2 1.70833E-2 1.13814E-2
5.09897E-3 5.13994E-3 5.42671E-3 5.47945E-3 5.46451E-3 5.50588E-3 5.58436E-3 5.83953E-3 5.85931E-3 6.0354E-3 6.16317E-3 6.3437E-3 6.44595E-3 6.63409E-3 6.96524E-3 7.17233E-3 7.27158E-3 7.74073E-3 8.08855E-3 8.49568E-3 8.67223E-3 8.78477E-3 8.7888E-3 9.27831E-3 9.65865E-3 1.12048E-2 9.68863E-3 9.56E-3 1.06168E-2 1.09519E-2 1.14039E-2 1.24338E-2 1.19713E-2 1.26105E-2 1.33355E-2 1.25653E-2 1.26396E-2 1.3623E-2 1.45304E-2 1.33968E-2 1.33403E-2 1.56156E-2 1.348E-2 1.47433E-2 1.54154E-2 1.56759E-2 1.55649E-2 1.35226E-2 1.45313E-2 1.62846E-2 1.23543E-2 1.31967E-2 1.35037E-2 1.21583E-2 1.20419E-2 1.44433E-2 1.59E-2 1.33288E-2 1.64959E-2 1.63254E-2 1.29182E-2
5.26203E-3 5.26364E-3 5.29571E-3 5.31055E-3 5.42473E-3 5.44643E-3 5.63844E-3 5.67005E-3 5.80279E-3 5.82402E-3 6.36156E-3 6.18088E-3 6.47512E-3 6.6769E-3 6.9709E-3 6.96259E-3 7.23033E-3 7.64197E-3 7.88779E-3 8.36379E-3 8.5113E-3 8.99275E-3 9.08132E-3 9.05263E-3 9.44566E-3 1.02864E-2 1.11529E-2 1.02609E-2 9.90523E-3 1.05623E-2 1.19774E-2 1.24395E-2 1.23899E-2 1.35132E-2 1.31988E-2 1.18649E-2 1.25927E-2 1.57549E-2 1.33536E-2 1.29064E-2 1.33539E-2 1.55545E-2 1.40067E-2 1.37755E-2 1.43788E-2 1.49339E-2 1.80224E-2 1.33865E-2 1.37297E-2 1.87358E-2 1.23121E-2 1.35858E-2 1.78442E-2 1.21682E-2 1.42327E-2 1.3196E-2 1.73974E-2 1.33546E-2 1.72828E-2 1.49059E-2 1.17227E-2
5.05475E-3 5.17304E-3 5.0601E-3 5.28233E-3 5.29534E-3 5.57233E-3 5.71251E-3 5.90504E-3 5.78005E-3 5.78928E-3 5.90585E-3 6.0868E-3 6.40561E-3 6.79798E-3 7.12544E-3 7.33736E-3 7.49475E-3 7.4941E-3 7.80251E-3 8.15059E-3 8.45484E-3 8.67269E-3 8.76575E-3 9.27727E-3 9.3835E-3 9.53281E-3 1.09709E-2 1.13036E-2 1.0185E-2 1.04187E-2 1.14557E-2 1.21959E-2 1.27373E-2 1.35482E-2 1.3259E-2 1.15534E-2 1.24942E-2 1.61853E-2 1.26855E-2 1.22364E-2 1.3687E-2 1.59324E-2 1.36657E-2 1.4326E-2 1.31219E-2 1.41119E-2 2.07049E-2 1.26328E-2 1.43324E-2 1.83557E-2 1.20103E-2 1.49703E-2 1.79926E-2 1.38119E-2 1.52342E-2 1.50985E-2 1.52795E-2 1.26219E-2 1.68005E-2 1.47678E-2 1.02605E-2
5.0793E-3 5.16757E-3 5.14018E-3 5.13177E-3 5.46553E-3 5.604E-3 5.73015E-3 5.87861E-3 5.90893E-3 5.95962E-3 5.87797E-3 6.6314E-3 6.46261E-3 6.94545E-3 7.0052E-3 7.33071E-3 7.33831E-3 7.5461E-3 7.81663E-3 8.23255E-3 8.54433E-3 8.48743E-3 8.81974E-3 8.85154E-3 8.91384E-3 9.99317E-3 1.07009E-2 1.25533E-2 1.01393E-2 1.04837E-2 1.0675E-2 1.12938E-2 1.17257E-2 1.34266E-2 1.3731E-2 1.14267E-2 1.23994E-2 1.60311E-2 1.18914E-2 1.29172E-2 1.36584E-2 1.6135E-2 1.34871E-2 1.44799E-2 1.27872E-2 1.3895E-2 2.05131E-2 1.25795E-2 1.55089E-2 1.59036E-2 1.36863E-2 1.83489E-2 1.56407E-2 1.31395E-2 1.1681E-2 1.53192E-2 1.36035E-2 1.22829E-2 1.4E-2 1.28568E-2 1.07417E-2
4.9875E-3 5.10238E-3 5.26613E-3 5.09336E-3 5.29868E-3 5.4308E-3 5.74664E-3 5.72816E-3 5.87956E-3 5.9275E-3 6.32675E-3 6.58794E-3 6.65205E-3 6.78978E-3 7.19475E-3 6.9575E-3 7.50985E-3 7.67293E-3 7.87088E-3 8.12788E-3 8.30405E-3 8.63417E-3 8.5638E-3 8.84893E-3 9.01221E-3 9.5848E-3 1.0354E-2 1.21086E-2 1.03727E-2 1.03937E-2 1.05604E-2 1.0851E-2 1.14108E-2 1.30951E-2 1.37368E-2 1.15085E-2 1.24338E-2 1.58037E-2 1.17247E-2 1.19367E-2 1.3007E-2 1.52416E-2 1.465E-2 1.36431E-2 1.22148E-2 1.63259E-2 2.02305E-2 1.38554E-2 1.81836E-2 1.51917E-2 1.1932E-2 1.96133E-2 1.49175E-2 1.50072E-2 1.50933E-2 1.40293E-2 1.45409E-2 1.36334E-2 1.46527E-2 1.18389E-2 1.22558E-2
4.80931E-3 5.10449E-3 5.08668E-3 5.19222E-3 5.21045E-3 5.27227E-3 5.68034E-3 5.72249E-3 5.75476E-3 5.92706E-3 6.25285E-3 6.46183E-3 6.47637E-3 6.76466E-3 6.87315E-3 7.01282E-3 7.51734E-3 7.59176E-3 8.09412E-3 8.22555E-3 8.21707E-3 8.422E-3 8.79729E-3 8.86728E-3 8.9795E-3 9.37671E-3 1.05648E-2 1.21247E-2 1.12408E-2 1.02547E-2 1.0502E-2 1.12867E-2 1.20412E-2 1.26175E-2 1.34979E-2 1.07437E-2 1.14935E-2 1.47025E-2 1.25341E-2 1.18258E-2 1.31809E-2 1.41401E-2 1.62935E-2 1.54517E-2 1.2141E-2 1.56165E-2 1.91162E-2 1.3744E-2 1.83053E-2 1.45098E-2 1.49447E-2 1.71131E-2 1.36682E-2 1.68591E-2 1.48846E-2 1.28284E-2 1.39102E-2 1.57207E-2 1.53814E-2 1.09331E-2 1.26323E-2
4.77752E-3 4.82337E-3 5.08219E-3 5.15243E-3 5.1683E-3 5.33912E-3 5.53206E-3 5.54611E-3 5.62803E-3 5.95517E-3 6.22113E-3 6.28888E-3 6.343E-3 6.53229E-3 7.29966E-3 7.11823E-3 7.26715E-3 7.28996E-3 7.95887E-3 8.13342E-3 8.45852E-3 8.9152E-3 8.89254E-3 9.08718E-3 9.31009E-3 9.91069E-3 9.64385E-3 1.07742E-2 1.25655E-2 1.03364E-2 9.57451E-3 1.1062E-2 1.17409E-2 1.24439E-2 1.37379E-2 1.09883E-2 1.11545E-2 1.29132E-2 1.4746E-2 1.15063E-2 1.34678E-2 1.58478E-2 1.86581E-2 1.63573E-2 1.40798E-2 1.50831E-2 1.84846E-2 1.31403E-2 1.72427E-2 1.42577E-2 1.52275E-2 1.91642E-2 1.34296E-2 1.71213E-2 1.50725E-2 1.19529E-2 1.38579E-2 1.65205E-2 1.47694E-2 1.00183E-2 1.29519E-2
4.73845E-3 4.91151E-3 4.95752E-3 5.04269E-3 5.45576E-3 5.31626E-3 5.49614E-3 5.5077E-3 5.58509E-3 5.75243E-3 5.9006E-3 6.03542E-3 6.27534E-3 6.8737E-3 7.07799E-3 7.29121E-3 7.45167E-3 7.63081E-3 7.89118E-3 8.38514E-3 8.35461E-3 8.8238E-3 9.1281E-3 1.0202E-2 9.91329E-3 9.7737E-3 1.00941E-2 1.02089E-2 1.12531E-2 1.18814E-2 1.01543E-2 1.01883E-2 1.12989E-2 1.23541E-2 1.35637E-2 1.21096E-2 1.14802E-2 1.13699E-2 1.77617E-2 1.34463E-2 1.44842E-2 1.22579E-2 1.55661E-2 1.89844E-2 1.3515E-2 1.5178E-2 1.74949E-2 1.29618E-2 1.76752E-2 1.41659E-2 1.49781E-2 1.84138E-2 1.39039E-2 1.72948E-2 1.51262E-2 1.14245E-2 1.48255E-2 1.71003E-2 1.33577E-2 9.76938E-3 1.32185E-2
4.43738E-3 4.88336E-3 4.8542E-3 4.96678E-3 5.41734E-3 5.2001E-3 5.49862E-3 5.64558E-3 5.52166E-3 5.53568E-3 5.79298E-3 5.93765E-3 6.335E-3 6.63574E-3 7.12167E-3 7.26667E-3 7.45166E-3 7.77851E-3 8.02858E-3 8.04532E-3 8.12721E-3 8.23139E-3 8.74102E-3 8.44616E-3 8.44481E-3 8.91649E-3 9.22512E-3 9.37801E-3 1.05403E-2 1.18562E-2 9.48956E-3 9.72577E-3 1.08838E-2 1.31575E-2 1.41799E-2 1.28926E-2 1.39E-2 1.36499E-2 1.68779E-2 1.384E-2 1.28521E-2 1.47765E-2 1.57802E-2 1.89226E-2 1.36647E-2 1.57562E-2 1.55684E-2 1.32263E-2 1.75391E-2 1.39217E-2 1.45519E-2 1.6316E-2 1.31446E-2 1.52666E-2 1.45439E-2 1.18974E-2 1.46967E-2 1.75572E-2 1.39272E-2 1.0484E-2 1.25286E-2
4.88513E-3 4.90856E-3 4.78386E-3 4.77895E-3 4.92097E-3 5.35997E-3 5.46874E-3 5.67198E-3 5.70493E-3 5.97987E-3 5.9876E-3 6.16908E-3 6.54021E-3 6.82244E-3 7.07459E-3 7.24685E-3 7.55992E-3 7.71944E-3 7.99902E-3 7.83238E-3 8.20867E-3 8.43151E-3 8.75972E-3 9.17428E-3 9.79018E-3 8.599E-3 8.92418E-3 8.988E-3 1.1299E-2 1.33722E-2 1.08487E-2 9.59611E-3 1.2246E-2 1.26354E-2 1.17143E-2 1.19231E-2 1.37546E-2 1.39078E-2 1.56839E-2 1.36766E-2 1.29529E-2 1.49376E-2 1.364E-2 1.7443E-2 1.43132E-2 1.51595E-2 1.43843E-2 1.24639E-2 1.74582E-2 1.27897E-2 1.42792E-2 9.36917E-3 1.29042E-2 1.49142E-2 1.26501E-2 1.13688E-2 1.48173E-2 1.56157E-2 1.35251E-2 1.14571E-2 1.1733E-2
4.63117E-3 4.931E-3 4.74522E-3 4.90978E-3 5.07327E-3 5.31161E-3 5.36951E-3 5.65999E-3 5.69714E-3 5.83036E-3 5.96855E-3 6.15108E-3 6.19925E-3 6.50764E-3 6.80145E-3 7.08147E-3 7.63691E-3 7.8321E-3 8.02726E-3 7.99227E-3 7.82971E-3 8.37046E-3 8.57254E-3 9.50149E-3 1.10559E-2 1.17514E-2 9.72696E-3 9.44651E-3 1.20071E-2 1.38809E-2 1.10218E-2 1.30593E-2 1.27099E-2 1.3907E-2 1.20799E-2 1.20363E-2 1.25511E-2 1.32111E-2 1.44645E-2 1.45241E-2 1.29491E-2 1.32292E-2 1.35276E-2 1.53208E-2 1.47177E-2 1.38854E-2 1.26928E-2 1.27918E-2 1.53271E-2 1.28387E-2 1.43585E-2 1.41969E-2 1.28277E-2 1.46327E-2 1.35411E-2 1.33986E-2 1.46922E-2 1.39656E-2 1.4634E-2 1.08364E-2 1.55045E-2
4.51596E-3 4.89551E-3 4.94427E-3 4.88903E-3 5.02646E-3 5.19663E-3 5.36094E-3 5.51598E-3 5.6686E-3 5.76991E-3 5.96538E-3 5.99337E-3 6.13149E-3 6.34224E-3 6.51525E-3 6.66032E-3 7.44247E-3 7.75992E-3 7.83713E-3 8.16303E-3 9.03306E-3 8.34881E-3 8.34336E-3 9.14124E-3 9.3374E-3 1.078E-2 1.07138E-2 1.05815E-2 1.118E-2 1.29106E-2 1.02686E-2 1.07373E-2 1.20154E-2 1.47205E-2 1.24648E-2 1.21094E-2 1.30269E-2 1.21674E-2 1.25418E-2 1.49692E-2 1.32575E-2 1.41678E-2 1.43592E-2 1.25212E-2 1.37296E-2 1.4015E-2 1.15914E-2 1.30266E-2 1.43845E-2 1.45936E-2 1.35405E-2 1.40104E-2 1.17614E-2 1.71641E-2 1.55924E-2 1.29982E-2 1.12663E-2 9.80515E-3 1.37376E-2 1.06336E-2 1.47113E-2
4.62026E-3 4.88741E-3 4.91336E-3 4.99431E-3 5.96197E-3 5.18034E-3 6.15979E-3 5.60399E-3 5.57987E-3 5.76709E-3 5.92382E-3 6.13579E-3 6.1559E-3 6.18993E-3 6.33656E-3 6.50289E-3 6.95906E-3 7.36436E-3 7.62219E-3 8.95344E-3 8.04802E-3 8.15159E-3 9.63564E-3 9.95225E-3 9.83582E-3 9.82518E-3 1.03512E-2 1.09057E-2 1.12773E-2 1.2436E-2 1.05072E-2 1.03205E-2 1.13716E-2 1.40141E-2 1.23722E-2 1.20345E-2 1.38617E-2 1.36717E-2 1.39352E-2 1.36116E-2 1.50935E-2 1.42703E-2 1.35914E-2 1.05791E-2 1.3451E-2 1.61253E-2 1.06107E-2 1.40131E-2 1.17388E-2 1.30765E-2 1.57468E-2 1.18469E-2 1.09984E-2 1.08394E-2 1.11459E-2 1.29567E-2 1.31055E-2 1.30759E-2 9.9249E-3 1.22596E-2 1.42515E-2
