Artocarpus hirsutus SDM files/Last interglacial/results (without bias file)/Arthir_median.asc
ncols         625
nrows         721
xllcorner     69.99986311115
yllcorner     5.99986151914999
cellsize      0.041666667
NODATA_value  -9999
[rows 0 to 26 of 721, columns 488 to 548 of 625]
7.22642E-5 6.95687E-5 6.89441E-5 7.402E-5 8.63778E-5 8.17072E-5 8.50219E-5 8.26737E-5 7.76182E-5 7.58943E-5 7.88267E-5 8.90095E-5 8.42574E-5 7.99451E-5 8.24202E-5 7.69764E-5 7.38268E-5 6.90854E-5 6.00763E-5 5.75707E-5 5.78763E-5 5.8521E-5 6.43596E-5 6.41431E-5 6.3265E-5 6.31614E-5 5.90452E-5 5.77919E-5 6.00499E-5 5.58892E-5 5.80264E-5 6.57943E-5 6.13027E-5 6.18618E-5 6.15494E-5 6.28725E-5 6.10369E-5 5.76534E-5 6.36627E-5 6.31841E-5 6.09676E-5 6.09513E-5 5.67615E-5 4.80272E-5 3.30605E-5 2.97872E-5 5.62231E-5 4.63014E-5 3.09488E-5 3.47847E-5 3.74115E-5 3.61642E-5 4.03084E-5 2.96499E-5 2.47771E-5 2.5506E-5 2.83355E-5 2.9343E-5 2.93997E-5 3.06061E-5 2.75221E-5
7.90176E-5 7.63561E-5 7.30782E-5 7.186E-5 7.54537E-5 7.55301E-5 7.65956E-5 7.38368E-5 7.20322E-5 6.97532E-5 7.35528E-5 7.30584E-5 7.13819E-5 7.23925E-5 6.83609E-5 6.61539E-5 6.30981E-5 5.96143E-5 5.77986E-5 5.63948E-5 5.09934E-5 5.03222E-5 5.37535E-5 4.92621E-5 4.66443E-5 5.02557E-5 4.84217E-5 4.36547E-5 4.2135E-5 4.10232E-5 4.517E-5 4.99738E-5 5.74323E-5 5.83569E-5 5.63633E-5 5.29031E-5 5.7835E-5 5.58263E-5 5.6687E-5 6.3038E-5 6.31192E-5 6.14185E-5 5.94741E-5 5.72712E-5 4.50037E-5 3.57314E-5 5.06768E-5 5.28741E-5 4.50685E-5 4.38661E-5 3.1835E-5 2.85406E-5 3.61642E-5 3.89871E-5 3.76617E-5 3.0531E-5 3.16108E-5 3.65497E-5 3.53873E-5 3.41992E-5 3.41709E-5
8.35795E-5 8.20658E-5 7.99461E-5 7.73759E-5 6.75966E-5 6.54596E-5 6.61162E-5 6.603E-5 6.55996E-5 6.55996E-5 6.64614E-5 6.65683E-5 6.19967E-5 6.07169E-5 6.11573E-5 5.96143E-5 5.96913E-5 5.78734E-5 5.76491E-5 5.77986E-5 5.68353E-5 6.24839E-5 6.93872E-5 6.22711E-5 7.42472E-5 7.45359E-5 7.50836E-5 6.98462E-5 6.41084E-5 5.6508E-5 4.59697E-5 4.78099E-5 3.82329E-5 3.82399E-5 4.00468E-5 3.87809E-5 4.02843E-5 4.0292E-5 4.05973E-5 4.22884E-5 4.40484E-5 5.61513E-5 5.73524E-5 6.13552E-5 5.78526E-5 3.32493E-5 5.10173E-5 5.93747E-5 5.73462E-5 5.57859E-5 5.07876E-5 4.71893E-5 4.20179E-5 4.04461E-5 3.89477E-5 4.19084E-5 3.95112E-5 3.95253E-5 3.95895E-5 3.82623E-5 3.69269E-5
8.76091E-5 8.02856E-5 8.04654E-5 7.73005E-5 7.02021E-5 6.87008E-5 7.00998E-5 6.96665E-5 7.35374E-5 8.18522E-5 8.53147E-5 8.53722E-5 7.93731E-5 6.85255E-5 7.41309E-5 8.17172E-5 7.85929E-5 7.85016E-5 7.49852E-5 7.94913E-5 7.2874E-5 6.15526E-5 6.97073E-5 7.87038E-5 8.06762E-5 7.99054E-5 7.7794E-5 7.87687E-5 6.68496E-5 7.05475E-5 6.78916E-5 6.96093E-5 5.79973E-5 6.36217E-5 5.42855E-5 6.02966E-5 5.8299E-5 4.92173E-5 4.38577E-5 4.05216E-5 3.04588E-5 2.75375E-5 2.75362E-5 3.16868E-5 3.80878E-5 2.97987E-5 4.62653E-5 5.53375E-5 5.52918E-5 5.3498E-5 5.38475E-5 5.39184E-5 5.55727E-5 5.09268E-5 5.07295E-5 5.06622E-5 4.90003E-5 4.78384E-5 4.60863E-5 4.60423E-5 4.27825E-5
7.70878E-5 7.71013E-5 7.67872E-5 7.99461E-5 8.80967E-5 9.07009E-5 9.24859E-5 9.13188E-5 8.61637E-5 8.83772E-5 8.48185E-5 7.90974E-5 7.26845E-5 6.63955E-5 7.08063E-5 8.13169E-5 8.59873E-5 8.49467E-5 7.82609E-5 7.84097E-5 6.61892E-5 6.38597E-5 5.96983E-5 7.48494E-5 8.18575E-5 6.70809E-5 7.18471E-5 6.13329E-5 5.91794E-5 5.7013E-5 5.82749E-5 7.05532E-5 6.81901E-5 6.98078E-5 6.48274E-5 6.73774E-5 6.32902E-5 7.67054E-5 7.66115E-5 7.60486E-5 6.6231E-5 6.35902E-5 6.10466E-5 5.32845E-5 5.30825E-5 4.94484E-5 2.77675E-5 2.38202E-5 2.5661E-5 3.0929E-5 2.98985E-5 2.56932E-5 2.71135E-5 2.76049E-5 2.76487E-5 2.86973E-5 2.69448E-5 3.20077E-5 3.54871E-5 3.5573E-5 3.55873E-5
7.18999E-5 8.05727E-5 8.91226E-5 8.82734E-5 9.08395E-5 9.30337E-5 9.33471E-5 9.59029E-5 8.08208E-5 8.31429E-5 7.94554E-5 7.46837E-5 7.27692E-5 7.13284E-5 8.3632E-5 8.78587E-5 8.3733E-5 7.86786E-5 7.46765E-5 7.28171E-5 7.3432E-5 6.91217E-5 6.40281E-5 6.39367E-5 7.49174E-5 6.96977E-5 7.10295E-5 6.59434E-5 6.33455E-5 5.96167E-5 5.78441E-5 6.99548E-5 5.85165E-5 5.89642E-5 5.1588E-5 5.70983E-5 6.36955E-5 6.84897E-5 6.83943E-5 5.95728E-5 6.99073E-5 6.77538E-5 7.10793E-5 6.73225E-5 6.67341E-5 6.43194E-5 5.21448E-5 5.00402E-5 2.73611E-5 3.15555E-5 2.73626E-5 3.52666E-5 4.67251E-5 4.62339E-5 3.69749E-5 2.86466E-5 2.29347E-5 1.96604E-5 1.90964E-5 1.97108E-5 2.04212E-5
7.99462E-5 8.29402E-5 9.29462E-5 9.08528E-5 9.28332E-5 9.17044E-5 8.53259E-5 8.98127E-5 7.78882E-5 7.74116E-5 7.58006E-5 7.51399E-5 7.71679E-5 7.95737E-5 8.47442E-5 8.26044E-5 7.65663E-5 7.4165E-5 7.30455E-5 7.03498E-5 7.20531E-5 7.93493E-5 8.08866E-5 7.01866E-5 6.51394E-5 6.49724E-5 7.47637E-5 7.56623E-5 7.29134E-5 6.46813E-5 6.18019E-5 6.89104E-5 5.67123E-5 5.86361E-5 5.29415E-5 6.00102E-5 5.80492E-5 5.96494E-5 5.83641E-5 6.08398E-5 5.85988E-5 6.04607E-5 5.66381E-5 6.12179E-5 6.31052E-5 5.92673E-5 6.02361E-5 5.64906E-5 4.74278E-5 5.97681E-5 6.17894E-5 6.014E-5 5.79481E-5 5.97681E-5 5.69192E-5 5.35169E-5 5.16573E-5 4.64811E-5 3.20101E-5 2.17215E-5 1.91952E-5
8.82153E-5 8.24171E-5 8.18487E-5 8.66312E-5 9.71489E-5 8.72461E-5 8.12418E-5 7.79835E-5 7.77928E-5 7.75675E-5 7.78534E-5 7.72819E-5 7.91221E-5 8.10886E-5 9.14104E-5 8.19162E-5 7.37924E-5 7.38971E-5 7.23756E-5 7.30455E-5 7.13336E-5 6.36157E-5 6.41038E-5 6.56654E-5 6.03849E-5 5.91674E-5 7.18087E-5 7.05033E-5 7.01688E-5 6.52857E-5 5.93145E-5 5.72908E-5 5.70709E-5 5.67855E-5 5.46851E-5 5.45422E-5 6.10465E-5 5.64887E-5 5.66629E-5 6.18415E-5 6.24631E-5 5.69983E-5 6.09897E-5 5.5628E-5 5.75741E-5 6.29939E-5 5.31384E-5 4.78171E-5 5.76209E-5 5.93623E-5 5.53075E-5 5.21781E-5 4.89963E-5 4.88577E-5 4.56252E-5 4.62444E-5 4.52424E-5 5.00831E-5 4.72528E-5 3.45623E-5 2.30777E-5
9.12353E-5 9.32678E-5 8.42559E-5 8.4668E-5 9.62373E-5 8.26504E-5 8.00784E-5 7.73506E-5 7.60592E-5 7.61522E-5 7.59662E-5 7.50382E-5 7.63316E-5 7.80501E-5 7.84744E-5 7.83304E-5 7.80471E-5 7.40531E-5 7.30979E-5 7.26409E-5 7.35882E-5 7.13166E-5 6.93722E-5 6.80187E-5 6.2266E-5 6.11725E-5 6.31239E-5 6.58085E-5 7.25739E-5 7.5571E-5 6.92856E-5 6.2219E-5 5.79673E-5 6.13942E-5 6.86791E-5 5.8862E-5 6.19126E-5 4.99866E-5 6.37897E-5 6.47609E-5 6.26322E-5 5.34822E-5 4.98093E-5 5.19247E-5 5.34118E-5 6.47215E-5 6.20794E-5 5.27749E-5 4.23302E-5 4.05846E-5 3.77171E-5 4.11274E-5 3.5324E-5 3.66534E-5 3.67416E-5 3.44937E-5 3.7116E-5 3.88079E-5 4.19719E-5 3.46037E-5 2.98555E-5
8.39656E-5 8.66737E-5 8.20513E-5 8.27894E-5 8.95733E-5 8.31329E-5 8.13858E-5 7.28719E-5 7.85737E-5 7.53191E-5 7.61522E-5 7.86691E-5 7.23605E-5 6.88077E-5 6.55773E-5 7.33749E-5 7.55947E-5 7.21805E-5 7.3714E-5 7.61182E-5 7.40799E-5 7.5479E-5 8.26044E-5 8.07848E-5 7.19259E-5 7.00813E-5 8.18461E-5 8.27704E-5 7.43471E-5 6.61086E-5 6.11916E-5 5.96768E-5 6.14883E-5 7.00167E-5 7.50829E-5 7.09559E-5 6.20132E-5 7.14339E-5 7.96075E-5 7.70049E-5 6.79318E-5 6.70097E-5 6.41985E-5 5.76486E-5 5.15928E-5 5.96405E-5 5.92733E-5 5.23298E-5 5.79491E-5 5.78813E-5 5.79563E-5 5.06217E-5 4.46626E-5 3.81852E-5 3.40356E-5 3.16294E-5 2.97295E-5 3.18887E-5 3.45477E-5 3.47207E-5 3.46037E-5
8.09758E-5 8.04509E-5 8.80764E-5 8.53878E-5 7.2605E-5 7.8097E-5 7.92421E-5 7.7269E-5 7.96246E-5 8.19271E-5 8.59819E-5 7.6208E-5 7.84814E-5 7.8388E-5 7.3228E-5 7.56875E-5 6.99301E-5 7.32621E-5 7.53755E-5 7.76628E-5 7.73771E-5 7.4244E-5 7.46289E-5 7.9753E-5 8.05979E-5 7.56353E-5 8.01152E-5 8.19448E-5 8.00095E-5 6.83867E-5 6.65639E-5 6.19527E-5 5.66954E-5 6.58585E-5 5.9557E-5 6.25671E-5 5.81551E-5 5.57483E-5 5.73432E-5 6.43636E-5 7.16938E-5 7.89535E-5 7.9339E-5 7.53623E-5 6.9074E-5 5.25176E-5 5.1089E-5 6.01805E-5 6.22271E-5 6.54574E-5 6.13821E-5 6.28406E-5 6.75811E-5 6.37511E-5 6.3352E-5 6.14281E-5 5.72842E-5 5.41974E-5 5.21791E-5 4.86949E-5 4.20608E-5
9.8706E-5 9.86794E-5 9.52913E-5 8.54627E-5 9.08466E-5 9.46624E-5 7.7951E-5 8.54002E-5 8.26008E-5 8.45302E-5 8.07285E-5 8.97332E-5 8.97331E-5 9.37736E-5 8.52155E-5 8.05578E-5 7.18219E-5 7.16656E-5 7.70833E-5 7.90346E-5 7.8617E-5 7.77581E-5 7.75675E-5 7.76021E-5 7.4244E-5 7.62944E-5 8.03151E-5 8.19194E-5 8.13604E-5 7.3298E-5 7.04921E-5 6.70386E-5 6.84732E-5 6.65121E-5 6.50457E-5 6.25588E-5 6.24949E-5 6.39962E-5 6.04074E-5 5.80137E-5 6.01136E-5 6.4396E-5 6.50188E-5 6.36651E-5 6.36038E-5 5.94981E-5 5.41093E-5 5.02788E-5 5.18714E-5 5.57247E-5 5.8174E-5 5.81813E-5 6.01751E-5 6.03132E-5 6.06219E-5 5.98512E-5 5.98512E-5 5.95494E-5 5.77886E-5 5.99715E-5 5.80638E-5
1.01636E-4 1.0634E-4 9.54947E-5 8.73552E-5 7.85883E-5 9.98492E-5 9.90723E-5 9.92546E-5 9.37503E-5 8.60013E-5 8.30792E-5 8.51899E-5 9.09284E-5 9.52638E-5 8.90827E-5 8.93623E-5 8.76914E-5 8.03262E-5 8.17717E-5 8.05482E-5 7.29734E-5 7.30487E-5 7.55384E-5 7.85649E-5 8.19467E-5 8.21113E-5 8.12252E-5 7.91659E-5 7.94452E-5 7.15167E-5 6.96766E-5 6.99211E-5 7.99933E-5 7.62272E-5 7.07019E-5 6.76108E-5 6.71843E-5 6.68437E-5 6.64368E-5 6.45461E-5 6.45378E-5 6.06357E-5 6.51757E-5 6.71771E-5 6.55331E-5 6.1323E-5 6.33489E-5 6.04079E-5 5.76748E-5 5.76679E-5 5.84066E-5 5.45576E-5 5.25681E-5 5.64532E-5 5.83263E-5 6.3238E-5 5.64957E-5 5.38477E-5 5.02043E-5 5.2456E-5 5.26384E-5
9.88539E-5 9.7836E-5 8.49427E-5 8.25788E-5 7.65427E-5 8.9766E-5 8.64192E-5 8.78399E-5 8.79688E-5 8.60013E-5 8.25045E-5 9.43504E-5 1.00608E-4 9.61884E-5 8.74145E-5 8.88036E-5 8.81726E-5 8.60013E-5 8.22727E-5 7.76948E-5 7.56902E-5 7.69169E-5 8.63323E-5 8.85687E-5 8.60164E-5 7.59149E-5 7.0447E-5 7.2014E-5 6.88455E-5 7.22244E-5 7.08684E-5 6.76448E-5 8.13791E-5 8.35083E-5 8.33144E-5 6.8375E-5 6.92378E-5 7.33443E-5 7.30722E-5 7.86619E-5 8.29931E-5 8.11755E-5 7.86983E-5 7.90757E-5 7.75726E-5 7.44598E-5 6.91586E-5 7.14747E-5 7.38506E-5 7.5821E-5 7.60965E-5 7.20122E-5 6.59551E-5 6.31585E-5 5.70079E-5 5.5219E-5 5.52824E-5 5.01275E-5 4.8421E-5 4.51674E-5 4.35338E-5
9.25619E-5 1.02407E-4 9.11381E-5 8.30485E-5 7.62863E-5 9.08302E-5 1.02435E-4 1.03224E-4 9.87025E-5 9.57401E-5 9.01603E-5 8.655E-5 8.89886E-5 8.69733E-5 8.16299E-5 7.7868E-5 7.83702E-5 7.90322E-5 8.71743E-5 8.75572E-5 8.58976E-5 7.98654E-5 8.10049E-5 8.29647E-5 7.56902E-5 7.25043E-5 6.69456E-5 6.93722E-5 6.92874E-5 7.67529E-5 7.7767E-5 8.43292E-5 6.95137E-5 7.76912E-5 7.59533E-5 7.42415E-5 8.08995E-5 8.81737E-5 8.77642E-5 8.52352E-5 8.69695E-5 8.84022E-5 8.40013E-5 8.57061E-5 8.18283E-5 7.88632E-5 7.27656E-5 7.93453E-5 7.45667E-5 7.08666E-5 7.06931E-5 6.87362E-5 6.37955E-5 6.62835E-5 7.13148E-5 6.80969E-5 6.15182E-5 6.43912E-5 6.9199E-5 6.77112E-5 6.32969E-5
1.0185E-4 9.99733E-5 9.1052E-5 8.41768E-5 8.59431E-5 9.62868E-5 9.52205E-5 9.303E-5 8.87413E-5 8.82279E-5 7.80434E-5 7.57108E-5 7.91547E-5 8.37403E-5 7.90049E-5 7.98246E-5 7.88596E-5 7.88441E-5 7.9121E-5 7.86792E-5 7.35299E-5 7.03758E-5 7.09702E-5 7.26242E-5 7.10556E-5 7.2101E-5 8.17866E-5 8.9163E-5 8.3428E-5 7.49056E-5 8.56737E-5 8.72793E-5 8.58402E-5 8.29212E-5 8.58437E-5 8.79188E-5 8.67957E-5 8.39417E-5 8.38082E-5 8.17776E-5 7.33508E-5 7.4958E-5 7.48143E-5 7.26767E-5 7.22266E-5 7.63413E-5 7.46386E-5 7.32997E-5 6.70658E-5 6.32695E-5 6.26354E-5 6.14001E-5 5.8542E-5 5.70156E-5 5.89005E-5 5.57783E-5 5.18261E-5 5.83463E-5 5.8907E-5 6.18162E-5 6.72977E-5
8.73603E-5 8.88824E-5 8.41328E-5 7.82851E-5 7.88722E-5 8.73773E-5 8.87257E-5 8.71576E-5 7.99089E-5 7.69073E-5 8.26529E-5 8.42638E-5 9.39923E-5 1.00818E-4 8.39825E-5 9.91737E-5 8.54673E-5 8.43421E-5 8.10775E-5 7.95544E-5 7.71593E-5 7.7951E-5 7.52281E-5 6.7357E-5 7.82195E-5 7.83926E-5 8.6028E-5 8.40358E-5 8.72079E-5 7.98608E-5 7.80697E-5 8.47424E-5 8.50401E-5 8.31206E-5 7.47688E-5 6.72199E-5 6.63712E-5 6.86416E-5 7.83948E-5 7.16667E-5 7.26193E-5 7.28004E-5 7.0614E-5 7.09666E-5 7.46316E-5 7.40131E-5 7.16185E-5 7.40131E-5 7.3446E-5 6.86317E-5 6.70658E-5 6.47822E-5 6.35872E-5 6.239E-5 5.83803E-5 5.38948E-5 5.18198E-5 5.29761E-5 5.37367E-5 5.48354E-5 5.49708E-5
8.56931E-5 7.95273E-5 7.97155E-5 7.99038E-5 7.90605E-5 7.87781E-5 8.26236E-5 7.67445E-5 7.62863E-5 7.8684E-5 8.30006E-5 9.31368E-5 1.02144E-4 9.94562E-5 8.21625E-5 7.84901E-5 7.91138E-5 8.63378E-5 8.68971E-5 8.79239E-5 8.34315E-5 7.90409E-5 7.46022E-5 7.40307E-5 7.80232E-5 8.7354E-5 9.09415E-5 8.94019E-5 1.05572E-4 8.44504E-5 7.78915E-5 8.12835E-5 9.54762E-5 8.15549E-5 7.99537E-5 7.18889E-5 6.98656E-5 6.93403E-5 6.92528E-5 6.99918E-5 7.25288E-5 7.81471E-5 7.95487E-5 8.1859E-5 7.7763E-5 7.57358E-5 7.89555E-5 7.6521E-5 7.64311E-5 7.27278E-5 7.62515E-5 7.13639E-5 7.00898E-5 7.30434E-5 7.29561E-5 6.8842E-5 5.58573E-5 5.5383E-5 4.67257E-5 5.13009E-5 5.52552E-5
7.95273E-5 7.91511E-5 8.18497E-5 8.23332E-5 8.19464E-5 8.57128E-5 9.89928E-5 9.4068E-5 8.09528E-5 7.93644E-5 9.94335E-5 9.28078E-5 7.97805E-5 7.56213E-5 7.52636E-5 7.90428E-5 7.58898E-5 7.34798E-5 7.38359E-5 7.41031E-5 7.61585E-5 7.52281E-5 8.50544E-5 8.43477E-5 8.17338E-5 8.38343E-5 1.00597E-4 9.49332E-5 9.02088E-5 8.52741E-5 7.72065E-5 9.0966E-5 9.26161E-5 9.13649E-5 8.81244E-5 9.35365E-5 8.64243E-5 8.26362E-5 8.44511E-5 7.95484E-5 7.48469E-5 6.98161E-5 6.36107E-5 6.33688E-5 6.21089E-5 6.39336E-5 6.7686E-5 6.58653E-5 6.82739E-5 7.15317E-5 7.85863E-5 7.55844E-5 6.86317E-5 6.50218E-5 6.03245E-5 5.44389E-5 5.57231E-5 6.56361E-5 6.22346E-5 5.96431E-5 5.01128E-5
9.22171E-5 8.1224E-5 8.05635E-5 9.57516E-5 7.97368E-5 8.12919E-5 7.91722E-5 7.97368E-5 8.05851E-5 8.58124E-5 9.40447E-5 8.01136E-5 7.76413E-5 7.88347E-5 7.97805E-5 8.47294E-5 7.46648E-5 7.26613E-5 8.35049E-5 7.13604E-5 8.00569E-5 8.21348E-5 8.45408E-5 8.34409E-5 8.19343E-5 8.17338E-5 7.91119E-5 8.02852E-5 7.8254E-5 7.89223E-5 7.9698E-5 9.03237E-5 8.1382E-5 7.33638E-5 7.51902E-5 8.26638E-5 8.15504E-5 7.8395E-5 6.93544E-5 6.39338E-5 6.56461E-5 6.54806E-5 6.3605E-5 6.1711E-5 5.97164E-5 5.94277E-5 6.13417E-5 6.77699E-5 6.33661E-5 6.02531E-5 6.1323E-5 6.4463E-5 6.73125E-5 7.0514E-5 6.93762E-5 6.37263E-5 5.5297E-5 5.95017E-5 6.03212E-5 5.64177E-5 5.08641E-5
9.30402E-5 9.51134E-5 9.51134E-5 8.16963E-5 9.63123E-5 9.33891E-5 8.02079E-5 9.53289E-5 9.55275E-5 9.42381E-5 8.01136E-5 1.01477E-4 8.20605E-5 9.33107E-5 8.71934E-5 9.98342E-5 9.30985E-5 8.79683E-5 8.92635E-5 9.10668E-5 9.0546E-5 8.96097E-5 8.58633E-5 8.61669E-5 8.7869E-5 8.43477E-5 8.13642E-5 7.81587E-5 7.97833E-5 7.49606E-5 7.45909E-5 8.3863E-5 9.00605E-5 8.02357E-5 7.10389E-5 7.30929E-5 7.31831E-5 7.0127E-5 7.0299E-5 7.29501E-5 7.24191E-5 7.21539E-5 7.06156E-5 6.93237E-5 6.73754E-5 6.68743E-5 6.90661E-5 6.55331E-5 6.36831E-5 6.32869E-5 6.27334E-5 5.88931E-5 5.72783E-5 5.57611E-5 6.00988E-5 6.37263E-5 6.73125E-5 7.69031E-5 7.21652E-5 6.63597E-5 6.82624E-5
9.81748E-5 1.04376E-4 1.06421E-4 1.06518E-4 1.07584E-4 9.79161E-5 9.95309E-5 1.09097E-4 1.04083E-4 1.02813E-4 9.9911E-5 1.07793E-4 1.06365E-4 1.09151E-4 1.11845E-4 1.06108E-4 1.02102E-4 1.02224E-4 1.00369E-4 1.02077E-4 1.02077E-4 1.02077E-4 9.25267E-5 9.78366E-5 9.50504E-5 8.99253E-5 8.79926E-5 8.75864E-5 8.33412E-5 7.99749E-5 7.7968E-5 7.7587E-5 8.36525E-5 8.09883E-5 8.09724E-5 8.46443E-5 8.0706E-5 7.62677E-5 7.58621E-5 7.28616E-5 7.56796E-5 7.87705E-5 8.36053E-5 7.93345E-5 7.97325E-5 7.39742E-5 7.67194E-5 8.02988E-5 7.37078E-5 7.27487E-5 7.47832E-5 6.92846E-5 7.57132E-5 7.11938E-5 6.84665E-5 6.03245E-5 6.81459E-5 7.2607E-5 8.49162E-5 7.20453E-5 6.92566E-5
1.06752E-4 1.1169E-4 9.92825E-5 9.41327E-5 1.08001E-4 1.06082E-4 1.04928E-4 9.71123E-5 1.02358E-4 9.96691E-5 1.10254E-4 1.08289E-4 1.07116E-4 1.05434E-4 1.11318E-4 1.12087E-4 1.1529E-4 1.09033E-4 1.0345E-4 1.02686E-4 1.08231E-4 1.07102E-4 1.00369E-4 1.01148E-4 1.00773E-4 9.06098E-5 9.14918E-5 9.208E-5 8.98419E-5 8.66008E-5 9.7633E-5 1.03893E-4 9.30325E-5 8.19919E-5 9.13192E-5 8.83239E-5 9.34515E-5 9.89304E-5 9.70862E-5 8.99297E-5 8.59375E-5 8.77388E-5 8.79385E-5 8.65217E-5 8.0493E-5 7.54018E-5 8.12443E-5 8.2381E-5 7.98539E-5 7.91162E-5 7.41445E-5 6.9369E-5 8.08798E-5 8.20105E-5 8.10832E-5 7.64311E-5 7.6813E-5 7.38304E-5 7.2557E-5 6.38042E-5 7.25181E-5
1.02644E-4 9.60119E-5 9.50376E-5 9.57627E-5 9.52161E-5 9.49977E-5 9.48884E-5 9.44517E-5 9.65527E-5 9.85596E-5 1.16516E-4 1.17558E-4 1.1075E-4 1.07683E-4 1.04767E-4 1.08176E-4 1.07124E-4 1.09888E-4 1.10003E-4 1.08648E-4 1.04509E-4 1.02779E-4 9.83565E-5 1.06529E-4 1.02779E-4 9.81276E-5 9.68603E-5 9.60436E-5 8.85889E-5 8.2377E-5 8.28404E-5 8.51133E-5 7.97095E-5 7.59796E-5 8.02029E-5 9.01588E-5 1.06057E-4 9.64755E-5 9.31108E-5 9.73924E-5 9.89304E-5 9.58666E-5 9.44754E-5 9.0301E-5 8.58013E-5 7.97545E-5 8.21914E-5 8.25707E-5 8.92527E-5 8.09622E-5 8.05926E-5 7.79196E-5 7.58107E-5 7.61618E-5 7.74202E-5 7.42319E-5 7.3446E-5 7.71502E-5 8.36178E-5 7.89224E-5 7.7237E-5
1.08289E-4 1.00654E-4 1.06178E-4 1.04635E-4 1.01229E-4 9.56762E-5 9.5571E-5 9.88068E-5 1.00006E-4 9.79843E-5 1.03752E-4 1.15945E-4 1.15822E-4 1.1038E-4 1.05197E-4 1.09399E-4 1.11743E-4 1.13076E-4 1.1164E-4 1.12666E-4 1.03188E-4 1.00585E-4 1.04707E-4 1.05379E-4 1.03977E-4 9.88034E-5 9.83987E-5 9.83083E-5 9.73133E-5 8.88333E-5 8.79401E-5 8.49838E-5 8.01781E-5 7.94004E-5 8.37621E-5 9.3132E-5 9.78834E-5 9.09006E-5 8.68293E-5 8.5934E-5 8.84389E-5 9.71107E-5 9.51038E-5 9.79275E-5 9.65892E-5 8.99668E-5 8.47222E-5 8.30525E-5 8.37173E-5 8.18872E-5 8.45728E-5 8.39073E-5 8.05926E-5 7.40051E-5 7.88259E-5 8.0167E-5 7.86347E-5 6.87372E-5 7.73411E-5 7.16796E-5 6.89377E-5
1.12848E-4 1.10948E-4 1.13423E-4 1.08601E-4 1.08601E-4 9.94771E-5 1.03666E-4 1.03836E-4 1.06451E-4 1.02347E-4 1.17322E-4 1.15554E-4 1.05009E-4 1.12659E-4 1.09788E-4 1.11537E-4 1.15928E-4 1.15397E-4 1.17414E-4 1.10092E-4 1.0218E-4 1.03455E-4 1.05328E-4 9.95309E-5 1.0307E-4 9.62935E-5 1.08231E-4 1.03701E-4 9.54561E-5 9.2746E-5 8.80311E-5 8.92305E-5 8.13044E-5 8.09342E-5 8.52788E-5 9.47808E-5 1.01422E-4 1.0307E-4 1.00136E-4 9.07989E-5 8.67297E-5 9.08922E-5 9.92945E-5 9.97203E-5 9.08345E-5 8.86016E-5 9.10903E-5 8.58013E-5 9.14531E-5 9.12092E-5 9.23499E-5 9.14937E-5 9.82909E-5 9.4173E-5 8.90521E-5 7.68754E-5 7.68754E-5 7.43234E-5 7.17511E-5 8.09354E-5 7.76208E-5
1.10488E-4 1.1594E-4 1.16548E-4 1.14008E-4 1.13038E-4 1.0859E-4 1.08685E-4 1.05175E-4 1.05587E-4 1.05194E-4 1.01377E-4 1.14694E-4 1.11346E-4 1.12279E-4 1.14694E-4 1.20752E-4 1.20411E-4 1.2098E-4 1.09802E-4 1.03142E-4 1.00056E-4 1.03656E-4 1.06605E-4 1.08841E-4 1.0023E-4 9.78194E-5 1.02394E-4 9.6653E-5 9.46712E-5 9.37972E-5 1.02738E-4 9.78564E-5 8.94646E-5 8.5563E-5 9.09006E-5 9.21341E-5 9.57722E-5 9.59242E-5 9.98381E-5 9.81868E-5 8.76581E-5 8.53379E-5 8.73168E-5 8.58423E-5 9.0512E-5 9.74995E-5 9.43276E-5 8.76701E-5 8.6432E-5 9.1148E-5 9.59276E-5 9.39763E-5 8.71411E-5 9.24206E-5 8.94309E-5 8.72517E-5 8.27655E-5 7.55916E-5 7.19267E-5 7.19267E-5 6.90799E-5
