Artocarpus hirsutus SDM files/Last interglacial/results (without bias file)/Arthir_stddev.asc
ncols         625
nrows         721
xllcorner     69.99986311115
yllcorner     5.99986151914999
cellsize      0.041666667
NODATA_value  -9999
[rows 0 to 26 of 721, columns 61 to 121 of 625]
2.75797E-4 1.52107E-4 3.78786E-4 2.5951E-4 2.6457E-4 4.71135E-4 4.55149E-4 4.72852E-4 3.52888E-4 3.2484E-4 3.10095E-4 4.54074E-4 4.25624E-4 4.31304E-4 4.28184E-4 4.93254E-4 4.28459E-4 4.31936E-4 4.83487E-4 3.21842E-4 2.54778E-4 3.05591E-4 3.70542E-4 4.0663E-4 4.15511E-4 3.70085E-4 3.57373E-4 3.21099E-4 3.6141E-4 2.7678E-4 1.76975E-4 2.43409E-4 3.01712E-4 3.23547E-4 2.01166E-4 2.83835E-4 2.00281E-4 1.75739E-4 1.63281E-4 1.84392E-4 2.56272E-4 2.31275E-4 1.81301E-4 2.88265E-4 3.3793E-4 2.36875E-4 3.53308E-4 2.78313E-4 2.06084E-4 2.42495E-4 2.33364E-4 3.57847E-4 4.44864E-4 4.23304E-4 3.85962E-4 4.33372E-4 4.59674E-4 4.45254E-4 4.56997E-4 4.25491E-4 3.82744E-4
1.55587E-4 2.16738E-4 3.54763E-4 1.63119E-4 4.04396E-4 4.95093E-4 5.32751E-4 4.28035E-4 2.86625E-4 3.76431E-4 4.28119E-4 5.26196E-4 4.65545E-4 4.90431E-4 4.2333E-4 4.38338E-4 4.52236E-4 4.88257E-4 5.27204E-4 3.78248E-4 4.14884E-4 3.82344E-4 2.53601E-4 3.08557E-4 3.13393E-4 3.14187E-4 3.15149E-4 3.71989E-4 3.7559E-4 2.9907E-4 1.97458E-4 3.00574E-4 3.72491E-4 3.15179E-4 3.02323E-4 3.25021E-4 2.85265E-4 2.80665E-4 2.60157E-4 1.65313E-4 1.86267E-4 2.88686E-4 2.07413E-4 2.31484E-4 2.61211E-4 2.9797E-4 3.61619E-4 2.16859E-4 3.023E-4 3.81023E-4 4.05872E-4 3.42288E-4 3.74806E-4 2.46543E-4 3.45198E-4 5.07489E-4 4.92819E-4 4.7063E-4 4.45663E-4 3.51261E-4 3.0042E-4
1.1273E-4 3.31775E-4 2.585E-4 2.01853E-4 3.95838E-4 5.3927E-4 5.18154E-4 3.20141E-4 3.97951E-4 4.62707E-4 4.64449E-4 5.71384E-4 5.57077E-4 4.89874E-4 5.23187E-4 4.79681E-4 4.73043E-4 5.28965E-4 5.02809E-4 4.94952E-4 4.60672E-4 3.90371E-4 3.59005E-4 4.28163E-4 3.97237E-4 3.52652E-4 3.85413E-4 3.93314E-4 4.35187E-4 2.78965E-4 2.91848E-4 3.01165E-4 3.44448E-4 3.58115E-4 3.43241E-4 3.29745E-4 2.49956E-4 2.32389E-4 2.0614E-4 1.94441E-4 1.62869E-4 1.85888E-4 2.33097E-4 1.9407E-4 2.25392E-4 3.24129E-4 3.0769E-4 2.28043E-4 2.73016E-4 4.01315E-4 4.46287E-4 3.95787E-4 3.04924E-4 3.33939E-4 4.49603E-4 3.61915E-4 3.78644E-4 5.09729E-4 4.84178E-4 5.08763E-4 4.21685E-4
1.6461E-4 2.6771E-4 2.04205E-4 3.69829E-4 2.94457E-4 4.98699E-4 4.9106E-4 4.12284E-4 5.14585E-4 3.97382E-4 4.97652E-4 5.96717E-4 5.63634E-4 5.03609E-4 6.05976E-4 4.93886E-4 5.129E-4 5.03566E-4 3.60261E-4 5.2121E-4 5.03857E-4 5.08557E-4 5.30825E-4 4.60601E-4 4.55362E-4 3.89728E-4 4.62524E-4 4.21803E-4 4.34962E-4 3.59305E-4 3.88139E-4 3.76476E-4 3.01484E-4 3.96534E-4 3.22417E-4 2.44738E-4 2.53814E-4 3.3278E-4 2.99339E-4 2.17382E-4 1.74038E-4 1.74741E-4 2.0372E-4 1.90089E-4 1.825E-4 2.08515E-4 2.29918E-4 2.39799E-4 3.54266E-4 3.91615E-4 4.75451E-4 3.53053E-4 2.87845E-4 2.56457E-4 3.23325E-4 2.63164E-4 3.1917E-4 3.54095E-4 4.90482E-4 4.79426E-4 4.59459E-4
1.80371E-4 2.25179E-4 1.71306E-4 3.12957E-4 2.75658E-4 4.53264E-4 3.55798E-4 4.45768E-4 4.28281E-4 3.96611E-4 5.98002E-4 5.17067E-4 5.44124E-4 5.43241E-4 6.30602E-4 4.59815E-4 4.94973E-4 4.94692E-4 5.40079E-4 3.69876E-4 4.59955E-4 5.55358E-4 5.85935E-4 5.38189E-4 4.67881E-4 4.36125E-4 4.3711E-4 4.39325E-4 4.71832E-4 4.6148E-4 3.80176E-4 4.225E-4 3.84565E-4 4.17073E-4 3.1661E-4 3.30121E-4 3.44604E-4 3.78761E-4 2.35996E-4 2.39977E-4 2.9224E-4 2.79244E-4 2.7378E-4 2.57409E-4 2.21221E-4 2.05639E-4 2.29641E-4 2.13306E-4 2.69395E-4 4.0939E-4 4.04898E-4 3.28059E-4 2.4082E-4 2.78902E-4 5.00772E-4 4.87949E-4 5.16716E-4 4.94904E-4 4.65085E-4 4.72607E-4 4.67295E-4
1.76675E-4 2.88495E-4 2.2361E-4 3.40524E-4 2.97115E-4 3.11642E-4 2.95159E-4 3.88639E-4 4.75953E-4 4.33109E-4 5.18416E-4 4.54208E-4 5.55288E-4 6.58054E-4 6.10358E-4 5.80127E-4 5.14175E-4 5.08663E-4 5.42927E-4 5.36297E-4 4.40312E-4 6.48511E-4 6.1758E-4 5.52065E-4 5.43854E-4 5.01432E-4 4.11992E-4 3.29915E-4 4.32812E-4 5.04563E-4 4.46224E-4 3.2748E-4 2.92762E-4 3.85265E-4 3.65389E-4 3.91955E-4 3.50809E-4 3.38692E-4 2.80433E-4 3.05381E-4 3.89668E-4 3.6167E-4 3.98511E-4 3.68072E-4 3.44049E-4 3.42025E-4 3.64896E-4 2.95283E-4 2.2184E-4 3.50643E-4 2.57949E-4 3.33097E-4 2.76393E-4 3.38082E-4 4.85054E-4 5.14082E-4 5.30642E-4 4.95105E-4 3.60053E-4 4.46846E-4 3.99239E-4
6.14795E-5 2.08704E-4 3.19158E-4 2.17243E-4 2.36268E-4 2.80262E-4 4.60342E-4 3.88753E-4 5.45693E-4 4.16205E-4 4.75174E-4 5.10838E-4 6.71228E-4 6.32296E-4 7.02721E-4 6.50413E-4 5.43496E-4 5.8811E-4 5.2952E-4 4.8187E-4 4.52363E-4 6.94682E-4 6.79929E-4 5.30599E-4 6.50506E-4 4.92194E-4 4.16343E-4 3.32427E-4 4.79567E-4 4.87707E-4 4.96541E-4 4.50182E-4 3.76334E-4 2.67504E-4 4.0671E-4 3.71853E-4 3.90231E-4 3.40998E-4 4.01074E-4 3.90442E-4 3.60188E-4 2.70494E-4 3.17999E-4 3.22955E-4 3.84649E-4 3.52004E-4 3.19218E-4 3.34908E-4 2.51658E-4 2.695E-4 2.66697E-4 4.66094E-4 3.43782E-4 3.23765E-4 4.99782E-4 5.03621E-4 4.47608E-4 5.40009E-4 4.56116E-4 3.77187E-4 3.72661E-4
4.68981E-5 1.0587E-4 3.5208E-4 2.81322E-4 2.33467E-4 2.21756E-4 4.28859E-4 4.64723E-4 5.24336E-4 3.85491E-4 4.72505E-4 6.10952E-4 7.0819E-4 6.8227E-4 6.99839E-4 6.43278E-4 5.40063E-4 5.66572E-4 5.77961E-4 5.11994E-4 4.28263E-4 6.47503E-4 7.01816E-4 6.08841E-4 6.22828E-4 4.67419E-4 3.52589E-4 4.60239E-4 5.00825E-4 5.28275E-4 5.14928E-4 4.42179E-4 4.37226E-4 3.14297E-4 3.22308E-4 3.38006E-4 3.86608E-4 4.35528E-4 4.40598E-4 3.70878E-4 3.59602E-4 4.2383E-4 3.37074E-4 4.09523E-4 2.99798E-4 3.19736E-4 4.37734E-4 4.30505E-4 3.16152E-4 2.92039E-4 2.77155E-4 4.58996E-4 3.555E-4 3.66184E-4 3.64994E-4 3.32885E-4 4.45451E-4 4.96184E-4 3.86478E-4 3.62517E-4 4.32077E-4
5.71357E-5 5.18861E-5 1.67645E-4 4.26865E-4 4.11466E-4 2.48534E-4 1.5209E-4 2.8493E-4 5.75059E-4 4.22844E-4 6.60231E-4 6.6489E-4 6.58398E-4 6.29527E-4 5.94671E-4 5.28906E-4 6.04308E-4 6.63912E-4 7.08335E-4 5.98867E-4 5.51479E-4 4.98824E-4 7.35071E-4 6.1758E-4 6.48226E-4 4.49532E-4 4.45101E-4 6.12723E-4 5.89038E-4 4.46065E-4 4.89429E-4 4.26718E-4 3.37343E-4 3.07274E-4 3.09337E-4 3.84102E-4 4.37364E-4 4.27186E-4 4.39028E-4 4.54253E-4 4.80555E-4 4.01704E-4 4.46689E-4 4.0357E-4 3.21394E-4 4.45021E-4 4.88617E-4 3.98539E-4 3.62559E-4 3.17751E-4 2.88347E-4 4.28763E-4 4.58895E-4 4.14027E-4 4.13341E-4 3.47187E-4 3.2748E-4 4.33736E-4 4.01389E-4 3.84436E-4 5.00756E-4
7.10432E-5 4.16083E-5 4.66228E-5 4.68279E-4 2.76764E-4 2.91845E-4 1.61101E-4 1.75992E-4 2.87158E-4 6.47017E-4 7.04293E-4 7.02293E-4 5.70495E-4 5.58136E-4 6.30781E-4 5.39206E-4 6.29564E-4 6.20698E-4 6.96834E-4 5.82412E-4 5.44151E-4 5.35107E-4 7.29995E-4 6.33331E-4 5.95381E-4 4.76903E-4 5.75814E-4 5.87188E-4 5.66856E-4 5.3301E-4 3.89923E-4 4.16972E-4 3.2037E-4 2.99112E-4 3.31466E-4 4.26338E-4 4.20308E-4 4.75906E-4 4.82882E-4 4.70976E-4 4.8121E-4 5.1509E-4 4.98542E-4 4.23721E-4 4.59103E-4 5.05164E-4 4.17499E-4 3.68129E-4 4.70598E-4 3.35433E-4 3.48088E-4 4.13722E-4 5.48768E-4 5.97303E-4 5.25608E-4 4.78325E-4 3.65996E-4 3.91161E-4 4.17419E-4 3.59949E-4 4.08522E-4
8.4516E-5 6.24985E-5 3.62386E-5 4.17985E-4 4.18844E-4 3.93756E-4 2.17994E-4 1.41746E-4 2.86939E-4 7.74774E-4 4.70011E-4 4.55805E-4 3.84061E-4 4.4668E-4 6.59296E-4 6.14218E-4 5.41852E-4 6.69477E-4 7.24615E-4 6.18675E-4 5.89153E-4 5.94462E-4 5.63555E-4 7.04939E-4 5.66127E-4 6.54468E-4 6.76481E-4 4.69949E-4 5.35883E-4 5.13729E-4 4.486E-4 3.69529E-4 3.67882E-4 4.36241E-4 4.80762E-4 4.03506E-4 3.46838E-4 4.44961E-4 4.71255E-4 4.15511E-4 4.80348E-4 5.20532E-4 5.49302E-4 5.40944E-4 5.55021E-4 4.93864E-4 4.61268E-4 4.78558E-4 4.63013E-4 3.91647E-4 3.54848E-4 4.83062E-4 5.84965E-4 5.70119E-4 4.94425E-4 4.32709E-4 4.36865E-4 4.60073E-4 4.04773E-4 4.32596E-4 3.44833E-4
2.15247E-4 1.37183E-4 7.18474E-5 4.39541E-4 1.15381E-4 1.18115E-4 1.37108E-4 3.29132E-4 6.68804E-4 4.65318E-4 3.39058E-4 3.97843E-4 3.76595E-4 3.81698E-4 6.28746E-4 6.37015E-4 4.59702E-4 6.1333E-4 7.92782E-4 6.21705E-4 7.21027E-4 7.04863E-4 6.96996E-4 6.88255E-4 6.94691E-4 6.11786E-4 6.47865E-4 5.594E-4 5.16358E-4 4.99202E-4 4.24999E-4 4.86541E-4 4.96953E-4 5.32167E-4 5.33788E-4 3.47206E-4 4.10303E-4 4.51594E-4 3.70917E-4 3.76637E-4 4.12126E-4 5.13391E-4 4.5988E-4 5.85163E-4 5.52102E-4 4.99969E-4 4.67985E-4 4.8701E-4 4.76711E-4 4.12138E-4 3.95616E-4 4.1893E-4 6.11102E-4 5.29848E-4 4.81428E-4 4.50893E-4 3.5986E-4 4.16929E-4 3.93822E-4 3.32505E-4 4.1254E-4
2.95249E-4 2.95488E-4 2.86045E-4 2.92661E-4 2.55852E-4 5.56472E-5 6.30707E-5 4.72137E-4 4.25065E-4 3.74564E-4 4.60876E-4 3.4691E-4 3.70643E-4 4.39078E-4 5.84771E-4 7.11019E-4 4.46973E-4 6.39947E-4 7.80606E-4 7.42457E-4 7.75448E-4 7.7624E-4 7.45258E-4 6.97372E-4 6.42817E-4 6.09741E-4 6.217E-4 5.15813E-4 4.61849E-4 5.01139E-4 5.03922E-4 5.70723E-4 5.48148E-4 4.70476E-4 4.63686E-4 3.86316E-4 4.9085E-4 4.13141E-4 3.02358E-4 4.3676E-4 5.27512E-4 5.09054E-4 4.44089E-4 5.6086E-4 4.95589E-4 4.69717E-4 4.35367E-4 4.34037E-4 5.12519E-4 4.47643E-4 4.80172E-4 5.378E-4 4.42503E-4 5.46209E-4 5.24127E-4 5.14308E-4 4.3224E-4 3.77822E-4 2.95168E-4 3.21458E-4 3.89224E-4
6.48012E-5 4.9942E-4 2.10373E-4 9.37998E-5 8.76372E-5 2.89803E-5 1.16771E-4 3.77884E-4 4.75411E-4 5.24151E-4 6.52928E-4 6.13593E-4 4.81163E-4 4.53737E-4 7.42217E-4 6.98199E-4 6.25202E-4 8.15508E-4 8.58277E-4 7.56218E-4 9.02384E-4 9.32172E-4 7.13945E-4 6.75037E-4 6.98793E-4 6.61212E-4 7.97104E-4 6.11695E-4 5.78084E-4 5.62464E-4 5.15199E-4 4.77188E-4 4.21231E-4 3.99873E-4 3.93875E-4 4.16161E-4 5.02322E-4 4.78462E-4 3.69793E-4 5.00087E-4 4.34115E-4 4.65193E-4 4.30149E-4 5.25359E-4 4.83377E-4 5.07088E-4 4.26944E-4 4.16285E-4 4.47467E-4 4.50856E-4 5.47031E-4 4.89332E-4 3.87895E-4 4.23183E-4 5.66665E-4 5.2089E-4 3.85701E-4 3.47464E-4 2.47125E-4 2.69942E-4 2.53568E-4
3.95275E-6 3.55155E-4 2.05684E-4 8.12582E-5 7.60047E-5 2.63489E-5 4.8014E-5 5.9898E-5 5.30657E-5 3.7861E-4 2.73301E-4 2.72429E-4 4.95405E-4 6.90747E-4 4.39817E-4 6.45048E-4 9.95124E-4 8.51956E-4 5.1138E-4 7.58341E-4 8.93445E-4 7.68715E-4 8.56612E-4 5.82136E-4 5.59269E-4 6.28395E-4 8.18724E-4 6.56492E-4 5.82012E-4 5.10315E-4 5.78779E-4 5.94294E-4 5.6142E-4 4.85151E-4 4.28035E-4 3.71438E-4 3.98775E-4 3.69044E-4 3.94813E-4 4.51803E-4 4.45849E-4 3.68578E-4 4.10671E-4 4.60273E-4 5.05658E-4 4.26971E-4 5.26099E-4 6.01586E-4 5.23929E-4 6.09501E-4 6.26396E-4 4.61971E-4 2.20363E-4 3.0092E-4 4.23375E-4 5.47743E-4 2.52432E-4 2.14834E-4 3.03229E-4 1.99417E-4 1.65446E-4
1.2164E-6 2.70476E-4 1.71735E-4 1.29223E-4 5.24868E-5 3.2586E-5 3.05415E-5 2.381E-5 3.2585E-5 5.09139E-4 1.49538E-4 6.0318E-5 2.30142E-4 2.18045E-4 2.26133E-4 7.48038E-4 9.37506E-4 7.97449E-4 5.17217E-4 5.39189E-4 6.38971E-4 4.58758E-4 6.68191E-4 5.44582E-4 4.52551E-4 6.79167E-4 8.69581E-4 7.05538E-4 5.16244E-4 6.01454E-4 6.26596E-4 6.8111E-4 6.71061E-4 5.73146E-4 4.72065E-4 4.37182E-4 4.36951E-4 3.9196E-4 3.80077E-4 4.01173E-4 3.94916E-4 4.74455E-4 4.15434E-4 4.52955E-4 4.73196E-4 4.70481E-4 5.78584E-4 5.57446E-4 4.65078E-4 6.44196E-4 3.94353E-4 4.85884E-4 1.66429E-4 1.62379E-4 2.6771E-4 4.34921E-4 3.99636E-4 3.76775E-4 4.34177E-4 3.75686E-4 2.64663E-4
1.65225E-6 2.10137E-4 1.85343E-4 2.20393E-4 1.03666E-4 1.023E-4 3.56449E-5 7.02334E-5 1.85834E-4 3.28816E-4 1.61453E-4 4.27346E-5 1.30695E-4 7.10957E-5 2.34986E-4 6.74248E-4 9.2356E-4 7.29356E-4 6.34691E-4 4.56035E-4 4.68592E-4 4.1925E-4 5.33908E-4 5.04791E-4 4.89261E-4 5.03037E-4 4.99759E-4 5.04331E-4 4.71722E-4 6.12657E-4 6.73795E-4 8.17906E-4 6.75922E-4 5.11658E-4 5.03141E-4 5.21388E-4 4.92095E-4 4.98063E-4 4.68002E-4 6.00074E-4 5.26878E-4 4.72865E-4 4.92029E-4 6.31868E-4 6.10694E-4 5.61872E-4 6.96267E-4 5.38382E-4 3.93222E-4 6.09817E-4 3.39183E-4 2.87766E-4 1.19233E-4 1.36144E-4 2.00183E-4 3.63694E-4 5.51273E-4 2.65855E-4 2.89765E-4 1.99966E-4 2.68597E-4
1.54312E-6 1.43461E-4 1.55279E-4 1.0473E-4 8.56917E-5 8.14164E-5 1.25309E-5 1.44608E-5 5.35881E-5 7.00398E-5 1.19281E-4 5.53075E-5 4.79023E-5 2.21591E-4 3.47309E-4 7.38163E-4 8.91146E-4 6.75121E-4 4.44734E-4 3.86633E-4 6.40042E-4 5.78705E-4 5.62556E-4 5.16183E-4 5.69794E-4 4.86708E-4 6.26169E-4 4.74991E-4 4.52798E-4 7.5191E-4 7.44282E-4 8.08029E-4 5.18444E-4 4.92711E-4 6.14895E-4 5.1492E-4 4.16687E-4 4.67731E-4 5.30165E-4 6.1356E-4 4.14324E-4 4.08008E-4 5.24425E-4 6.16956E-4 6.47864E-4 5.56453E-4 4.46735E-4 5.85512E-4 3.6822E-4 4.87112E-4 4.12589E-4 1.57558E-4 1.01719E-4 1.09973E-4 1.26942E-4 3.89171E-4 3.81985E-4 2.0659E-4 6.06171E-5 2.42452E-4 6.70661E-5
1.14651E-5 2.38454E-4 6.22729E-5 4.29757E-5 4.41865E-5 1.77029E-5 3.6582E-5 6.93542E-5 3.45844E-5 5.09312E-5 5.53024E-5 1.98645E-4 2.36861E-5 8.8476E-5 1.83694E-4 4.29847E-4 9.33109E-4 7.67222E-4 8.00153E-4 7.96131E-4 5.74045E-4 5.48475E-4 4.23211E-4 4.78296E-4 6.9619E-4 7.18892E-4 6.56295E-4 5.9635E-4 4.07611E-4 6.25932E-4 5.28825E-4 7.39489E-4 4.75708E-4 5.30832E-4 6.67513E-4 4.05216E-4 4.06726E-4 6.04556E-4 5.75617E-4 6.22689E-4 4.87572E-4 3.74514E-4 5.97668E-4 7.00582E-4 6.47877E-4 5.85176E-4 5.57421E-4 5.72059E-4 5.05856E-4 3.09161E-4 1.72097E-4 1.13351E-4 1.65704E-4 7.14831E-5 1.62125E-4 4.0686E-4 4.08484E-4 1.80997E-4 3.53836E-5 4.86326E-5 7.3484E-5
1.1653E-4 1.18946E-4 1.20097E-4 5.85838E-5 5.2305E-5 2.64978E-5 2.55925E-5 1.4199E-4 1.06036E-4 1.2626E-4 5.15762E-5 2.73884E-4 8.97701E-5 7.47599E-5 4.01512E-4 6.29883E-4 7.9221E-4 5.8343E-4 5.54385E-4 5.08075E-4 4.90485E-4 4.97724E-4 5.91725E-4 7.33276E-4 5.71858E-4 5.26359E-4 4.3067E-4 4.90353E-4 4.45234E-4 5.42488E-4 4.25164E-4 5.47407E-4 5.03974E-4 4.57848E-4 5.64259E-4 3.15636E-4 4.86633E-4 6.26763E-4 4.38205E-4 6.37792E-4 4.10232E-4 4.3553E-4 6.57159E-4 6.84987E-4 4.87312E-4 6.16846E-4 5.14828E-4 4.13288E-4 3.32822E-4 1.28407E-4 9.76884E-5 9.6952E-5 2.42506E-4 2.32426E-4 2.28714E-4 3.84183E-4 1.91153E-4 2.21448E-4 8.10866E-5 1.84988E-4 2.24459E-4
8.305E-5 1.30221E-5 3.09195E-5 3.11413E-5 1.0623E-5 6.42848E-6 6.66519E-6 3.60802E-5 2.61264E-4 8.52502E-5 1.22305E-4 3.30757E-4 7.55867E-5 2.72758E-4 3.18355E-4 6.05931E-5 2.65808E-4 6.87963E-4 5.1513E-4 6.76707E-4 5.89244E-4 6.85289E-4 6.53289E-4 3.3454E-4 6.18058E-4 7.14526E-4 5.06503E-4 6.82236E-4 5.00415E-4 4.93502E-4 6.04765E-4 6.38433E-4 7.09E-4 4.34791E-4 3.58858E-4 3.25315E-4 5.16724E-4 4.86174E-4 3.58865E-4 7.14398E-4 4.36536E-4 3.8051E-4 5.61307E-4 6.79047E-4 4.61631E-4 3.73677E-4 2.38175E-4 1.50664E-4 1.32623E-4 1.64238E-4 1.13741E-4 1.8828E-4 7.47176E-5 1.90985E-4 3.224E-4 6.47048E-5 1.15845E-4 1.54732E-4 2.82102E-4 6.07005E-5 7.04327E-5
1.58083E-4 1.35813E-4 9.64431E-5 4.23662E-5 2.70507E-5 4.32517E-6 2.11852E-6 1.32078E-6 7.20591E-5 9.80666E-5 2.19625E-4 1.61478E-4 3.08267E-4 5.03302E-4 1.80108E-4 3.18681E-5 4.78046E-5 1.28259E-4 1.00467E-4 1.24854E-4 6.47213E-5 4.50654E-4 3.16652E-4 2.02728E-4 1.20942E-4 5.18558E-4 3.25206E-4 3.95694E-4 6.81927E-4 6.78507E-4 4.35155E-4 6.27291E-4 4.50308E-4 3.91612E-4 3.76488E-4 3.9003E-4 4.39287E-4 3.24257E-4 3.64931E-4 5.31376E-4 3.45005E-4 4.16485E-4 4.19571E-4 5.5335E-4 4.34751E-4 1.64528E-4 1.44217E-4 2.00316E-4 1.64029E-4 8.54973E-5 5.43196E-5 9.93734E-5 2.60487E-5 1.38466E-4 3.44655E-4 2.90963E-5 3.11792E-5 3.3694E-5 7.96503E-5 2.16418E-4 5.9402E-5
1.61069E-5 2.73592E-5 3.04114E-5 7.61536E-6 6.85218E-5 5.48006E-5 1.40695E-5 1.9652E-5 4.07611E-5 1.43851E-4 1.70613E-4 2.58088E-4 7.83596E-5 4.35218E-4 1.57509E-4 3.17433E-5 3.11061E-5 6.057E-5 6.35432E-5 6.26819E-5 4.74881E-5 1.99309E-4 2.3721E-4 1.28086E-4 1.37677E-4 2.77187E-4 3.28816E-4 1.14552E-4 1.77653E-4 6.03963E-4 3.47394E-4 3.14269E-4 3.09513E-4 3.51918E-4 4.90627E-4 4.10656E-4 3.20842E-4 5.20596E-4 3.08019E-4 4.03655E-4 2.51611E-4 4.51292E-4 3.14427E-4 3.4549E-4 3.05683E-4 2.12833E-4 1.55521E-4 1.24645E-4 5.4899E-5 3.26393E-5 9.41989E-5 1.77564E-5 1.99992E-5 1.51444E-4 3.5202E-4 4.65186E-5 9.0372E-6 1.05992E-5 1.35117E-5 5.76404E-5 1.98753E-4
5.98162E-5 1.63435E-5 1.49625E-5 2.46626E-6 7.99661E-5 7.57791E-5 2.77441E-6 5.16639E-5 2.03654E-4 1.26099E-4 1.6067E-4 1.20913E-4 3.11675E-5 3.6312E-4 2.33542E-4 1.90644E-4 2.24994E-4 1.73112E-4 1.83141E-4 1.41605E-4 1.10121E-4 1.37209E-4 2.08181E-4 1.32435E-4 1.26967E-4 1.15093E-4 3.76136E-4 1.9361E-4 1.22925E-4 3.38142E-4 3.09502E-4 2.17303E-4 1.46419E-4 6.30108E-4 4.25464E-4 3.0144E-4 2.09993E-4 3.6931E-4 3.68228E-4 2.87654E-4 2.04148E-4 2.98704E-4 2.15276E-4 1.945E-4 1.16421E-4 1.41896E-4 1.43716E-4 1.00267E-4 2.42039E-5 3.51156E-5 3.77599E-5 1.25159E-5 1.11141E-4 4.91509E-5 1.30139E-4 1.24065E-4 8.63639E-5 3.85902E-5 5.36704E-6 1.16732E-5 8.42444E-5
8.6756E-6 2.11225E-5 4.666E-5 5.93368E-7 2.62902E-5 1.18657E-4 1.54309E-6 1.00588E-5 1.84505E-4 7.19613E-5 7.18161E-5 5.38789E-5 3.25699E-5 3.12557E-5 4.46211E-5 9.47927E-5 1.04087E-4 1.57314E-4 3.15644E-4 1.37948E-4 1.68597E-4 2.10793E-4 2.15078E-4 1.76755E-4 8.21087E-5 1.13359E-4 1.59817E-4 7.19333E-5 1.80725E-4 2.34258E-4 2.69235E-4 1.45426E-4 1.04647E-4 4.27189E-4 2.5839E-4 1.90589E-4 2.14925E-4 1.48396E-4 3.41788E-4 1.42762E-4 2.26461E-4 1.95681E-4 1.41013E-4 1.61062E-4 4.71273E-5 1.56544E-4 7.05115E-5 1.13317E-4 1.89045E-5 1.28551E-5 1.3675E-5 7.61372E-5 6.93782E-5 3.06167E-6 2.0311E-5 2.09314E-4 1.14439E-5 1.77772E-5 1.06824E-5 3.17848E-6 2.57803E-5
6.45935E-5 1.83922E-5 8.23865E-5 3.81959E-6 1.7583E-5 1.12973E-4 8.50179E-6 4.22851E-6 1.36535E-4 1.03632E-4 8.50608E-6 1.61616E-6 5.28412E-6 3.28084E-5 2.31688E-6 2.72721E-6 1.07016E-5 3.5895E-6 1.60701E-4 6.10948E-5 1.97284E-4 3.84433E-5 8.0962E-5 1.43071E-4 4.83522E-5 1.50422E-4 7.34674E-5 1.06656E-4 3.39509E-4 2.521E-4 1.7936E-4 1.41296E-4 8.2159E-5 3.87307E-4 2.64667E-4 2.17838E-4 6.12596E-5 8.83217E-5 1.87452E-4 1.11223E-4 1.94006E-4 3.35501E-4 4.26086E-5 1.46927E-4 7.02918E-5 4.13727E-5 1.05151E-4 2.3244E-4 2.29709E-5 2.6495E-5 4.05343E-5 8.30871E-5 4.2227E-6 2.17031E-6 1.435E-5 9.92416E-5 5.14188E-5 1.27817E-5 4.96736E-6 1.7472E-6 4.4176E-6
8.99346E-5 7.61525E-6 8.55913E-5 5.01617E-6 1.53151E-5 1.14666E-4 5.11657E-5 5.86696E-5 1.86804E-4 6.17785E-5 9.44877E-5 4.80085E-5 5.75203E-5 1.24867E-5 3.90807E-5 2.01141E-5 6.76251E-6 1.8362E-6 1.28381E-4 2.80476E-5 2.35301E-5 8.22049E-5 6.41617E-5 6.29791E-5 5.47161E-5 5.46549E-5 9.34046E-5 3.1809E-4 2.86416E-4 4.41662E-4 2.35703E-4 3.05256E-4 3.20886E-4 1.01511E-4 1.25763E-4 4.8139E-5 6.32143E-5 4.84045E-5 1.91013E-5 6.61153E-5 4.41565E-4 1.52949E-4 1.98518E-5 1.86836E-5 1.24197E-4 5.44785E-5 2.31926E-4 3.80448E-5 7.12405E-6 6.48708E-6 2.53306E-5 2.11491E-5 8.87598E-7 7.96423E-6 6.69807E-6 5.61709E-5 7.04374E-6 1.94736E-5 4.86823E-5 3.93916E-5 2.73237E-6
