Artocarpus hirsutus SDM files/Last interglacial/results (without bias file)/Arthir_9.asc
ncols         625
nrows         721
xllcorner     69.99986311115
yllcorner     5.99986151914999
cellsize      0.041666667
NODATA_value  -9999
[rows 27 to 53 of 721, columns 183 to 243 of 625]
5.57887E-4 6.47422E-4 4.64555E-4 3.23845E-4 3.86342E-4 2.98855E-4 4.18558E-4 3.58329E-4 2.53714E-4 2.03392E-4 1.49974E-4 1.46338E-4 2.15356E-4 3.5443E-4 3.2894E-4 2.51586E-4 2.21719E-4 1.98737E-4 2.3766E-4 2.16803E-4 2.31139E-4 1.85914E-4 1.77332E-4 1.72993E-4 1.76119E-4 1.75378E-4 1.72973E-4 1.69582E-4 1.79309E-4 1.74611E-4 1.82883E-4 1.68236E-4 1.50984E-4 1.55014E-4 1.58238E-4 1.82784E-4 1.74812E-4 1.75084E-4 1.61648E-4 1.57132E-4 1.52378E-4 1.49045E-4 1.6809E-4 1.63436E-4 1.54244E-4 1.36811E-4 1.29154E-4 1.36352E-4 1.47511E-4 1.4433E-4 1.45502E-4 1.42139E-4 1.46486E-4 1.37061E-4 1.37061E-4 1.35826E-4 1.41924E-4 1.43555E-4 1.37671E-4 1.44877E-4 1.28335E-4
4.83171E-4 5.79665E-4 6.41726E-4 5.71185E-4 3.48625E-4 4.57858E-4 4.32922E-4 4.40325E-4 3.48669E-4 2.81447E-4 2.54815E-4 1.82136E-4 1.63372E-4 2.44839E-4 2.89714E-4 2.39528E-4 2.49605E-4 2.04319E-4 2.39993E-4 2.06953E-4 2.13999E-4 2.44422E-4 2.25111E-4 1.84344E-4 2.04998E-4 2.0704E-4 1.79458E-4 1.79458E-4 1.64577E-4 1.64577E-4 1.53648E-4 1.50636E-4 1.47736E-4 1.42115E-4 1.44679E-4 1.4273E-4 1.74331E-4 1.70987E-4 1.67506E-4 1.60126E-4 1.57178E-4 1.56935E-4 1.53377E-4 1.58514E-4 1.58045E-4 1.51892E-4 1.42619E-4 1.40884E-4 1.31034E-4 1.19687E-4 1.18228E-4 1.26299E-4 1.58196E-4 1.54609E-4 1.46577E-4 1.45739E-4 1.3364E-4 1.35225E-4 1.47112E-4 1.59264E-4 1.4444E-4
4.77909E-4 5.14715E-4 6.28295E-4 5.60204E-4 4.47094E-4 2.89794E-4 2.68531E-4 2.19195E-4 2.15255E-4 2.51504E-4 3.39499E-4 2.27973E-4 1.66361E-4 2.47772E-4 2.38245E-4 1.44323E-4 2.62419E-4 2.64833E-4 2.22096E-4 2.38642E-4 1.78002E-4 2.02767E-4 2.28444E-4 1.9582E-4 1.67832E-4 1.92583E-4 1.84893E-4 1.76424E-4 1.59078E-4 1.53331E-4 1.50843E-4 1.45439E-4 1.47765E-4 1.50157E-4 1.47902E-4 1.41347E-4 1.41737E-4 1.38851E-4 1.60007E-4 1.56992E-4 1.53976E-4 1.54384E-4 1.51772E-4 1.4486E-4 1.49245E-4 1.53762E-4 1.48791E-4 1.4766E-4 1.47572E-4 1.3553E-4 1.3437E-4 1.32016E-4 1.35436E-4 1.47349E-4 1.4197E-4 1.42387E-4 1.34837E-4 1.32956E-4 1.35786E-4 1.47561E-4 1.38847E-4
5.47829E-4 4.95546E-4 4.56648E-4 5.21668E-4 5.09281E-4 4.14699E-4 3.46501E-4 3.2375E-4 3.46572E-4 2.3198E-4 2.53993E-4 2.88944E-4 1.58922E-4 2.05696E-4 2.02484E-4 1.64484E-4 2.14132E-4 2.75777E-4 2.80177E-4 2.72965E-4 1.9323E-4 2.18129E-4 2.25545E-4 1.71246E-4 1.45608E-4 1.54189E-4 1.52658E-4 1.49033E-4 1.70379E-4 1.63455E-4 1.67095E-4 1.5813E-4 1.46166E-4 1.42525E-4 1.39293E-4 1.38255E-4 1.35713E-4 1.36024E-4 1.33048E-4 1.50428E-4 1.5096E-4 1.48155E-4 1.42613E-4 1.55092E-4 1.51343E-4 1.51742E-4 1.47167E-4 1.45813E-4 1.46715E-4 1.49376E-4 1.48572E-4 1.41435E-4 1.40233E-4 1.35883E-4 1.29263E-4 1.26667E-4 1.13509E-4 1.10897E-4 1.38257E-4 1.29627E-4 1.1217E-4
4.39399E-4 3.07137E-4 4.18581E-4 5.09464E-4 3.73409E-4 4.96342E-4 4.64611E-4 4.05961E-4 3.4841E-4 2.65004E-4 1.77239E-4 2.02151E-4 1.69438E-4 2.41565E-4 2.1974E-4 1.83397E-4 1.43595E-4 1.41911E-4 1.98822E-4 1.82953E-4 1.85161E-4 1.88796E-4 1.70117E-4 1.81932E-4 1.84693E-4 1.77807E-4 1.5282E-4 1.68621E-4 1.73779E-4 1.65426E-4 1.62813E-4 1.62429E-4 1.53884E-4 1.46714E-4 1.42055E-4 1.3492E-4 1.3492E-4 1.28832E-4 1.36138E-4 1.3402E-4 1.32992E-4 1.50062E-4 1.50868E-4 1.48082E-4 1.44112E-4 1.44396E-4 1.35344E-4 1.33685E-4 1.30451E-4 1.42401E-4 1.45818E-4 1.43998E-4 1.43717E-4 1.52698E-4 1.46694E-4 1.40122E-4 1.31615E-4 1.26911E-4 1.21946E-4 1.16528E-4 1.14145E-4
4.88802E-4 5.25562E-4 5.16087E-4 4.95157E-4 3.91221E-4 2.94184E-4 2.46407E-4 2.29227E-4 2.30261E-4 2.00989E-4 3.02576E-4 2.11832E-4 1.48153E-4 1.66269E-4 2.74682E-4 2.53158E-4 1.50982E-4 2.03834E-4 1.40136E-4 1.5805E-4 1.8077E-4 1.99346E-4 2.14105E-4 2.25318E-4 2.06833E-4 1.95048E-4 1.60213E-4 1.58128E-4 1.69634E-4 1.42246E-4 1.65228E-4 1.59743E-4 1.49889E-4 1.40756E-4 1.43283E-4 1.43283E-4 1.37813E-4 1.3872E-4 1.322E-4 1.28712E-4 1.27373E-4 1.24732E-4 1.44891E-4 1.44891E-4 1.42972E-4 1.39414E-4 1.35737E-4 1.34241E-4 1.32803E-4 1.32745E-4 1.33565E-4 1.44751E-4 1.39927E-4 1.44371E-4 1.42445E-4 1.39383E-4 1.34817E-4 1.23317E-4 1.23605E-4 1.18997E-4 1.22743E-4
4.40522E-4 4.16088E-4 3.9969E-4 4.62955E-4 4.70504E-4 5.02755E-4 2.83476E-4 3.48848E-4 3.63891E-4 2.35092E-4 3.85808E-4 2.83183E-4 2.45164E-4 1.44455E-4 2.31122E-4 2.76428E-4 1.87328E-4 1.90099E-4 2.30921E-4 1.71273E-4 1.68802E-4 1.53819E-4 1.52957E-4 1.47045E-4 1.59051E-4 1.57895E-4 1.67109E-4 1.48856E-4 1.5237E-4 1.48227E-4 1.46395E-4 1.42687E-4 1.63565E-4 1.46704E-4 1.45329E-4 1.38346E-4 1.34018E-4 1.33499E-4 1.31335E-4 1.31392E-4 1.25646E-4 1.23174E-4 1.27865E-4 1.25394E-4 1.49993E-4 1.4225E-4 1.39659E-4 1.29657E-4 1.30401E-4 1.2735E-4 1.27298E-4 1.28856E-4 1.31266E-4 1.22429E-4 1.21634E-4 1.33139E-4 1.35225E-4 1.27614E-4 1.30728E-4 1.26766E-4 1.33217E-4
3.0775E-4 5.85523E-4 4.79137E-4 3.56581E-4 3.18042E-4 4.5638E-4 4.7183E-4 4.13762E-4 2.73917E-4 3.43203E-4 3.73668E-4 2.52726E-4 1.92518E-4 1.41197E-4 2.34891E-4 2.57623E-4 2.44362E-4 2.0762E-4 1.87253E-4 1.80277E-4 2.04059E-4 1.69363E-4 1.8774E-4 1.45129E-4 1.70576E-4 1.72092E-4 1.85387E-4 1.64074E-4 1.70679E-4 1.67974E-4 1.56388E-4 1.40856E-4 1.38254E-4 1.54165E-4 1.50043E-4 1.4821E-4 1.42928E-4 1.42177E-4 1.32731E-4 1.35494E-4 1.30319E-4 1.29033E-4 1.26353E-4 1.25094E-4 1.26043E-4 1.1678E-4 1.37742E-4 1.30184E-4 1.22434E-4 1.27671E-4 1.32916E-4 1.28445E-4 1.31686E-4 1.24267E-4 1.20886E-4 1.27466E-4 1.30436E-4 1.21527E-4 1.30941E-4 1.23327E-4 1.20374E-4
2.25629E-4 3.27163E-4 4.18776E-4 4.4364E-4 4.52684E-4 3.84061E-4 4.84185E-4 4.30342E-4 3.84252E-4 4.01816E-4 3.16067E-4 2.92752E-4 2.09354E-4 1.66587E-4 1.48342E-4 2.46485E-4 2.05237E-4 2.12785E-4 2.22042E-4 2.1325E-4 2.36946E-4 1.79997E-4 2.10117E-4 1.69965E-4 1.87219E-4 1.80785E-4 1.68915E-4 1.70466E-4 1.72461E-4 1.80824E-4 1.77959E-4 1.74651E-4 1.6886E-4 1.89249E-4 1.65496E-4 1.51694E-4 1.47144E-4 1.42052E-4 1.39156E-4 1.30766E-4 1.28993E-4 1.26551E-4 1.23681E-4 1.22077E-4 1.2071E-4 1.17224E-4 1.21E-4 1.36368E-4 1.17242E-4 1.34696E-4 1.27984E-4 1.3313E-4 1.30747E-4 1.36107E-4 1.19409E-4 1.19136E-4 1.2194E-4 1.18188E-4 1.1919E-4 1.15336E-4 1.09915E-4
1.80648E-4 1.66944E-4 2.79796E-4 4.62455E-4 3.65131E-4 3.25856E-4 4.04939E-4 3.28087E-4 3.95276E-4 3.95024E-4 2.78276E-4 2.35362E-4 2.54723E-4 2.10409E-4 1.40617E-4 2.70758E-4 2.90338E-4 2.3026E-4 2.13078E-4 2.29474E-4 1.91534E-4 1.6009E-4 2.36182E-4 2.06801E-4 1.82124E-4 1.84822E-4 1.78335E-4 1.49096E-4 1.4465E-4 1.65643E-4 1.75737E-4 1.7388E-4 1.70995E-4 1.72243E-4 1.87624E-4 1.54794E-4 1.53504E-4 1.39267E-4 1.31415E-4 1.3752E-4 1.27022E-4 1.34515E-4 1.29662E-4 1.27489E-4 1.28401E-4 1.19506E-4 1.16453E-4 1.139E-4 1.13082E-4 1.13595E-4 1.32521E-4 1.30848E-4 1.28844E-4 1.29955E-4 1.28265E-4 1.20918E-4 1.21904E-4 1.16749E-4 1.17337E-4 1.19189E-4 1.15237E-4
2.4211E-4 2.21097E-4 1.73445E-4 3.43804E-4 4.27088E-4 4.54593E-4 3.69773E-4 2.01991E-4 2.57185E-4 3.66811E-4 3.48123E-4 2.96725E-4 3.07149E-4 2.24999E-4 1.41222E-4 1.5583E-4 2.11287E-4 2.31276E-4 2.67907E-4 2.54747E-4 2.23164E-4 1.53262E-4 1.35319E-4 1.91695E-4 1.90204E-4 1.7498E-4 1.94176E-4 1.94047E-4 1.70088E-4 1.478E-4 1.30352E-4 1.4085E-4 1.38576E-4 1.53955E-4 1.40348E-4 1.4318E-4 1.506E-4 1.45131E-4 1.38157E-4 1.34711E-4 1.34246E-4 1.34711E-4 1.29021E-4 1.34271E-4 1.25774E-4 1.23941E-4 1.20498E-4 1.21115E-4 1.12271E-4 1.20026E-4 1.17128E-4 1.37527E-4 1.39764E-4 1.35066E-4 1.22916E-4 1.21246E-4 1.19824E-4 1.15913E-4 1.15278E-4 1.15233E-4 1.16794E-4
3.51609E-4 2.15418E-4 1.73596E-4 1.97055E-4 4.01858E-4 2.57588E-4 2.11961E-4 3.07527E-4 4.31523E-4 3.53928E-4 3.54747E-4 3.41045E-4 2.4675E-4 2.20508E-4 2.16292E-4 2.00124E-4 1.36233E-4 2.01539E-4 1.9461E-4 1.97894E-4 2.08794E-4 1.85411E-4 1.44169E-4 1.53394E-4 1.33231E-4 1.41264E-4 1.56123E-4 1.69023E-4 1.674E-4 1.48544E-4 1.5021E-4 1.33502E-4 1.55754E-4 1.39089E-4 1.361E-4 1.36558E-4 1.43043E-4 1.32853E-4 1.53269E-4 1.42493E-4 1.40337E-4 1.40322E-4 1.4011E-4 1.37707E-4 1.40367E-4 1.44413E-4 1.32356E-4 1.2585E-4 1.22914E-4 1.16694E-4 1.16694E-4 1.17562E-4 1.13574E-4 1.2146E-4 1.01275E-4 1.17961E-4 1.14278E-4 1.13127E-4 1.10853E-4 1.12012E-4 1.1862E-4
2.35035E-4 2.12496E-4 2.58655E-4 1.69806E-4 2.42959E-4 4.08171E-4 4.18142E-4 4.10091E-4 3.88759E-4 3.71493E-4 3.54317E-4 2.8975E-4 3.34477E-4 2.94649E-4 2.1008E-4 2.04669E-4 1.36818E-4 1.87058E-4 1.95842E-4 2.01598E-4 2.00936E-4 2.09884E-4 1.828E-4 1.69385E-4 1.46348E-4 1.32947E-4 1.53601E-4 1.46464E-4 1.36899E-4 1.4917E-4 1.35861E-4 1.60149E-4 1.71601E-4 1.66688E-4 1.6241E-4 1.39124E-4 1.3576E-4 1.51443E-4 1.43796E-4 1.35577E-4 1.46931E-4 1.54869E-4 1.49017E-4 1.40105E-4 1.3352E-4 1.31253E-4 1.29612E-4 1.15477E-4 1.1123E-4 1.14391E-4 1.09405E-4 1.15073E-4 1.22048E-4 1.14274E-4 1.02273E-4 1.00824E-4 1.23132E-4 1.24543E-4 1.14987E-4 1.15071E-4 1.12296E-4
2.80107E-4 2.88171E-4 3.89203E-4 1.62391E-4 1.77625E-4 2.91086E-4 2.85563E-4 3.19176E-4 3.35927E-4 2.57826E-4 2.77605E-4 3.54359E-4 2.64063E-4 2.10587E-4 1.82938E-4 1.4037E-4 1.5035E-4 2.48419E-4 2.81048E-4 2.51962E-4 2.43521E-4 2.2983E-4 2.41605E-4 2.31315E-4 1.97303E-4 1.81857E-4 1.99017E-4 2.0802E-4 1.81608E-4 1.48597E-4 1.28427E-4 1.67957E-4 1.7217E-4 1.713E-4 1.41258E-4 1.33992E-4 1.29964E-4 1.25979E-4 1.25729E-4 1.20003E-4 1.16473E-4 1.16473E-4 1.30596E-4 1.31918E-4 1.29923E-4 1.24711E-4 1.20691E-4 1.28678E-4 1.16109E-4 1.20096E-4 1.08945E-4 1.20229E-4 1.25959E-4 1.15333E-4 1.03969E-4 1.09637E-4 1.12497E-4 1.12869E-4 1.24969E-4 1.13165E-4 1.20993E-4
3.66917E-4 4.64675E-4 2.95597E-4 2.16205E-4 1.59181E-4 1.53074E-4 1.53977E-4 1.50779E-4 1.52505E-4 1.31792E-4 1.95245E-4 3.06677E-4 3.67053E-4 2.77871E-4 2.62701E-4 1.69403E-4 1.48474E-4 2.47851E-4 2.20841E-4 2.21084E-4 2.35896E-4 1.91731E-4 1.84149E-4 2.01389E-4 1.7872E-4 1.91202E-4 1.5655E-4 1.52762E-4 1.46032E-4 1.45799E-4 1.2753E-4 1.25422E-4 1.22872E-4 1.30116E-4 1.3872E-4 1.16908E-4 1.34508E-4 1.35123E-4 1.14596E-4 1.04381E-4 1.1061E-4 1.13519E-4 1.35857E-4 1.34582E-4 1.42757E-4 1.38515E-4 1.39549E-4 1.24452E-4 1.1983E-4 1.15849E-4 1.11983E-4 1.06188E-4 1.22693E-4 1.29158E-4 1.13968E-4 1.15129E-4 1.19104E-4 1.18581E-4 1.14959E-4 1.0928E-4 1.07516E-4
6.21632E-4 5.49766E-4 3.89221E-4 2.12625E-4 1.79845E-4 1.72668E-4 2.99559E-4 2.57314E-4 2.01895E-4 1.90734E-4 1.263E-4 1.72454E-4 3.01704E-4 3.6814E-4 2.47185E-4 1.47661E-4 1.58865E-4 1.42652E-4 1.37495E-4 1.42757E-4 1.34344E-4 1.32173E-4 1.30744E-4 1.23622E-4 1.318E-4 1.20497E-4 1.23772E-4 1.17635E-4 1.20052E-4 1.16198E-4 1.38946E-4 1.27985E-4 1.29515E-4 1.19482E-4 1.18834E-4 1.21372E-4 1.23417E-4 1.26968E-4 1.18736E-4 1.0461E-4 1.12639E-4 1.08243E-4 1.15053E-4 1.15529E-4 1.32569E-4 1.34675E-4 1.40353E-4 1.36029E-4 1.29402E-4 1.15754E-4 1.13373E-4 1.09044E-4 1.06083E-4 1.21952E-4 1.20577E-4 1.09614E-4 1.18629E-4 1.16932E-4 1.12348E-4 1.11724E-4 1.07694E-4
6.64391E-4 6.03013E-4 4.44373E-4 2.9151E-4 1.81016E-4 1.78129E-4 2.31186E-4 2.52569E-4 3.8123E-4 2.6717E-4 1.97362E-4 1.28004E-4 1.83409E-4 2.96313E-4 2.58133E-4 1.24695E-4 2.15791E-4 2.28712E-4 2.26509E-4 2.26758E-4 1.89092E-4 1.84954E-4 2.11969E-4 1.49687E-4 1.73419E-4 1.32663E-4 1.12235E-4 1.20599E-4 1.35676E-4 1.61267E-4 1.49187E-4 1.41863E-4 1.27209E-4 1.31259E-4 1.21096E-4 1.27708E-4 1.20559E-4 1.29106E-4 1.2633E-4 1.19906E-4 1.15406E-4 1.07594E-4 1.13645E-4 1.06936E-4 1.14068E-4 1.37118E-4 1.28155E-4 1.37804E-4 1.31383E-4 1.1777E-4 1.06252E-4 1.03094E-4 1.03207E-4 1.17638E-4 1.20575E-4 1.09533E-4 1.13126E-4 1.14181E-4 1.10888E-4 1.06328E-4 9.6926E-5
5.55451E-4 6.37351E-4 6.23876E-4 4.12123E-4 2.58192E-4 2.14034E-4 3.79987E-4 3.54808E-4 3.75038E-4 3.92869E-4 3.52421E-4 2.18871E-4 1.2195E-4 2.39036E-4 2.61901E-4 1.1836E-4 2.7987E-4 2.44093E-4 2.30941E-4 2.46774E-4 2.47156E-4 2.27715E-4 2.36638E-4 1.93402E-4 2.2074E-4 1.68676E-4 1.32311E-4 1.21298E-4 1.34129E-4 1.5515E-4 1.33091E-4 1.57526E-4 1.53671E-4 1.40539E-4 1.35521E-4 1.24196E-4 1.34033E-4 1.46645E-4 1.28349E-4 1.24075E-4 1.21814E-4 1.13953E-4 1.21378E-4 1.23856E-4 1.20012E-4 1.21495E-4 1.19819E-4 1.05392E-4 9.95368E-5 1.06453E-4 1.00101E-4 1.0286E-4 9.89309E-5 1.1817E-4 1.20022E-4 1.04746E-4 1.03451E-4 9.92273E-5 9.71975E-5 9.71975E-5 9.49616E-5
4.27078E-4 5.21416E-4 5.36202E-4 5.69988E-4 4.65763E-4 3.57276E-4 3.72832E-4 2.43965E-4 1.93797E-4 1.86733E-4 1.85941E-4 1.80293E-4 1.38976E-4 1.27961E-4 1.3231E-4 1.4929E-4 2.35871E-4 1.95592E-4 2.11487E-4 2.43285E-4 2.34675E-4 2.51031E-4 2.42081E-4 2.37936E-4 2.22764E-4 1.55491E-4 1.32418E-4 1.46138E-4 1.7109E-4 1.71278E-4 1.73119E-4 1.71334E-4 1.72404E-4 1.73943E-4 1.37192E-4 1.21236E-4 1.2105E-4 1.36703E-4 1.33155E-4 1.31129E-4 1.29541E-4 1.26735E-4 1.2289E-4 1.09867E-4 1.08668E-4 1.06403E-4 1.05039E-4 9.94633E-5 9.4396E-5 9.16252E-5 8.89731E-5 1.01834E-4 1.17205E-4 1.20139E-4 1.10232E-4 1.08896E-4 1.07336E-4 1.07454E-4 1.08885E-4 1.06182E-4 1.02576E-4
3.69539E-4 3.79215E-4 4.70043E-4 5.8902E-4 5.48126E-4 5.5839E-4 4.20623E-4 3.65823E-4 2.64816E-4 2.39383E-4 1.83517E-4 1.3343E-4 2.13944E-4 2.05161E-4 1.90303E-4 2.88003E-4 2.8081E-4 2.31109E-4 2.45918E-4 1.55817E-4 1.9136E-4 2.39422E-4 2.40705E-4 2.35435E-4 1.93918E-4 1.85032E-4 1.75873E-4 1.62718E-4 1.84033E-4 1.73182E-4 1.25755E-4 1.7199E-4 1.17722E-4 1.86172E-4 1.69236E-4 1.38008E-4 1.20242E-4 1.2456E-4 1.19616E-4 1.20114E-4 1.1739E-4 1.24512E-4 1.31889E-4 1.18217E-4 1.07012E-4 1.0734E-4 1.0529E-4 9.95796E-5 9.18776E-5 9.24009E-5 8.62604E-5 8.43255E-5 1.18914E-4 1.26513E-4 1.14852E-4 1.0892E-4 1.14455E-4 1.08682E-4 1.059E-4 1.13234E-4 1.13067E-4
2.0175E-4 2.96975E-4 3.90656E-4 3.76458E-4 5.00227E-4 5.3506E-4 5.08214E-4 3.36286E-4 3.01113E-4 3.62768E-4 3.76181E-4 2.15599E-4 1.4337E-4 2.80733E-4 1.88436E-4 1.92339E-4 2.61805E-4 2.25452E-4 2.17714E-4 1.47477E-4 2.04616E-4 2.0225E-4 2.30462E-4 2.33352E-4 2.34065E-4 1.9519E-4 1.69015E-4 1.50475E-4 1.54651E-4 1.69522E-4 1.23193E-4 1.63967E-4 1.20478E-4 1.18897E-4 1.20687E-4 1.40211E-4 1.31092E-4 1.15893E-4 1.29964E-4 1.19604E-4 1.1557E-4 1.14157E-4 1.25834E-4 1.25973E-4 1.10526E-4 1.08958E-4 9.65092E-5 9.32823E-5 9.24482E-5 9.01572E-5 8.58207E-5 8.305E-5 1.05525E-4 1.2494E-4 1.2224E-4 1.01473E-4 1.07944E-4 9.6674E-5 9.18174E-5 1.01943E-4 1.10258E-4
1.91271E-4 2.04521E-4 2.70093E-4 4.70922E-4 3.56405E-4 3.82042E-4 3.96731E-4 4.16403E-4 3.76729E-4 2.40134E-4 2.00593E-4 1.99986E-4 1.52232E-4 1.5486E-4 2.04662E-4 1.41637E-4 1.67769E-4 2.13306E-4 1.68818E-4 1.18536E-4 1.74924E-4 2.15691E-4 1.98949E-4 2.12009E-4 2.23581E-4 2.13491E-4 2.04475E-4 1.57338E-4 1.25958E-4 1.3911E-4 1.26134E-4 1.23848E-4 1.12582E-4 1.1144E-4 1.16664E-4 1.1813E-4 1.16371E-4 1.09232E-4 1.50862E-4 1.44534E-4 1.25328E-4 1.23134E-4 1.35144E-4 1.22707E-4 1.09825E-4 1.01689E-4 9.602E-5 1.09379E-4 1.00396E-4 9.73564E-5 8.87053E-5 8.84303E-5 9.80876E-5 1.02028E-4 1.07975E-4 8.93195E-5 1.01284E-4 9.56792E-5 9.56792E-5 8.76552E-5 8.85097E-5
2.27486E-4 1.97828E-4 2.37341E-4 3.65871E-4 2.45558E-4 3.50637E-4 4.67665E-4 4.34348E-4 3.46274E-4 3.43059E-4 2.83347E-4 1.65153E-4 1.41555E-4 1.73349E-4 2.28447E-4 2.80708E-4 1.89381E-4 1.27968E-4 1.2517E-4 1.15944E-4 1.33237E-4 1.61219E-4 1.94162E-4 1.60977E-4 2.17885E-4 1.73737E-4 1.78567E-4 1.71106E-4 1.41744E-4 1.15137E-4 1.10064E-4 1.65556E-4 1.47395E-4 1.31483E-4 1.22628E-4 1.20685E-4 1.32459E-4 1.14802E-4 1.11052E-4 1.44911E-4 1.27774E-4 1.38517E-4 1.48413E-4 1.39446E-4 1.23804E-4 1.03887E-4 1.09545E-4 1.17076E-4 1.0525E-4 1.0298E-4 1.02523E-4 1.01004E-4 1.09156E-4 1.01414E-4 9.83122E-5 9.01416E-5 8.79018E-5 1.00832E-4 1.07214E-4 9.31286E-5 9.81432E-5
4.25967E-4 2.8791E-4 2.00542E-4 2.38933E-4 3.12625E-4 4.17343E-4 4.03452E-4 5.05326E-4 3.70514E-4 2.41468E-4 1.85804E-4 2.15822E-4 2.09103E-4 2.07408E-4 1.7076E-4 1.58969E-4 2.97162E-4 2.10977E-4 1.67927E-4 1.15731E-4 1.07588E-4 1.48246E-4 2.17724E-4 1.33602E-4 1.66886E-4 1.87599E-4 1.80698E-4 1.45287E-4 1.47007E-4 1.36143E-4 1.13444E-4 1.2005E-4 1.51584E-4 1.63847E-4 1.44156E-4 1.1367E-4 9.68498E-5 1.18271E-4 1.12163E-4 9.9456E-5 1.06185E-4 1.29526E-4 1.26919E-4 1.40026E-4 1.21272E-4 1.04001E-4 1.11828E-4 1.14792E-4 1.15307E-4 1.14175E-4 1.04963E-4 9.54532E-5 1.02705E-4 1.00293E-4 9.99929E-5 9.13829E-5 8.19988E-5 7.5443E-5 8.1394E-5 8.66683E-5 8.45128E-5
7.35101E-4 4.7757E-4 2.06806E-4 2.26666E-4 2.8925E-4 4.09373E-4 4.58716E-4 5.43843E-4 4.33004E-4 2.93665E-4 2.8742E-4 3.52467E-4 2.89511E-4 2.01645E-4 1.70948E-4 1.29375E-4 2.26104E-4 3.33218E-4 2.51684E-4 1.5091E-4 1.07678E-4 1.00685E-4 1.15887E-4 1.71507E-4 2.29824E-4 2.33338E-4 2.06093E-4 2.05781E-4 1.64001E-4 1.21992E-4 1.15594E-4 1.00119E-4 1.43134E-4 1.61655E-4 1.32007E-4 1.19146E-4 1.0274E-4 8.69514E-5 9.30264E-5 9.8819E-5 1.05156E-4 1.27589E-4 1.19391E-4 1.1563E-4 1.15931E-4 1.03567E-4 1.09593E-4 1.09265E-4 1.06218E-4 9.71925E-5 9.80674E-5 9.55957E-5 9.9449E-5 9.44366E-5 9.34396E-5 8.89867E-5 8.16532E-5 8.05886E-5 7.07447E-5 7.96075E-5 8.65727E-5
3.61457E-4 2.54793E-4 2.87635E-4 2.14373E-4 2.21713E-4 3.30487E-4 5.49522E-4 5.18232E-4 5.66998E-4 4.46418E-4 4.6399E-4 4.42471E-4 3.4508E-4 2.02127E-4 2.18686E-4 1.75134E-4 1.3649E-4 2.03664E-4 2.77093E-4 3.23161E-4 1.5805E-4 1.15079E-4 1.00704E-4 1.10874E-4 2.12045E-4 2.16005E-4 2.28474E-4 2.05071E-4 2.01271E-4 1.83788E-4 1.77398E-4 1.1486E-4 1.285E-4 1.63759E-4 1.17411E-4 1.09842E-4 1.11367E-4 9.04039E-5 9.99802E-5 9.78293E-5 1.04517E-4 8.76767E-5 9.62963E-5 1.08061E-4 1.1465E-4 1.03349E-4 1.00321E-4 1.02346E-4 1.06099E-4 1.04117E-4 9.38476E-5 8.61705E-5 9.72496E-5 9.13171E-5 9.79177E-5 9.80529E-5 8.11294E-5 7.47612E-5 7.50979E-5 8.3039E-5 8.3053E-5
4.60063E-4 3.62943E-4 5.18446E-4 4.44899E-4 1.99659E-4 2.49319E-4 3.78259E-4 4.81439E-4 5.97294E-4 5.88746E-4 5.21934E-4 4.99443E-4 3.73602E-4 2.93407E-4 3.3231E-4 3.40857E-4 1.7485E-4 1.25929E-4 1.73484E-4 3.14884E-4 2.68232E-4 1.63444E-4 1.10529E-4 9.61976E-5 1.10077E-4 1.60942E-4 2.14697E-4 2.28941E-4 1.73492E-4 2.03404E-4 1.67555E-4 1.12817E-4 9.43211E-5 1.41447E-4 1.55956E-4 1.06337E-4 1.04008E-4 9.42511E-5 1.34841E-4 1.14665E-4 1.17782E-4 1.13431E-4 9.05475E-5 8.26377E-5 8.09504E-5 7.19649E-5 9.31728E-5 9.79133E-5 1.11451E-4 1.08963E-4 1.03151E-4 9.34359E-5 7.96662E-5 7.60686E-5 7.0715E-5 7.9634E-5 8.97665E-5 7.3076E-5 6.82161E-5 7.38961E-5 8.09359E-5
