Artocarpus hirsutus SDM files/Last interglacial/results (without bias file)/Arthir_5.asc
ncols         625
nrows         721
xllcorner     69.99986311115
yllcorner     5.99986151914999
cellsize      0.041666667
NODATA_value  -9999
[rows 405 to 431 of 721, columns 305 to 365 of 625]
3.46301E-4 4.0658E-4 4.5556E-4 3.83926E-4 4.43367E-4 4.35986E-4 4.60564E-4 4.84135E-4 3.95444E-4 4.22831E-4 3.82254E-4 3.82706E-4 4.20256E-4 4.34182E-4 4.32247E-4 3.67878E-4 3.42245E-4 4.35281E-4 4.81434E-4 7.4171E-4 7.54875E-4 4.37791E-4 4.34437E-4 5.44832E-4 5.22332E-4 5.27266E-4 5.96884E-4 5.89209E-4 6.50318E-4 6.42373E-4 7.97927E-4 8.34629E-4 9.90166E-4 8.41093E-4 9.37917E-4 1.20203E-3 1.12253E-3 9.7588E-4 9.14227E-4 7.70851E-4 6.91519E-4 7.82113E-4 1.31825E-3 1.37372E-3 1.44109E-3 1.43554E-3 1.29115E-3 1.42782E-3 1.22683E-3 1.41482E-3 1.4487E-3 -9999 -9999 -9999 -9999 -9999 -9999 -9999 -9999 -9999 -9999
4.02058E-4 3.02271E-4 5.00783E-4 6.72468E-4 5.72598E-4 4.7639E-4 5.72897E-4 4.96346E-4 5.17503E-4 3.99978E-4 4.03208E-4 4.33425E-4 4.00568E-4 4.63563E-4 5.06542E-4 4.81771E-4 3.70401E-4 4.25074E-4 4.43739E-4 6.05894E-4 9.0014E-4 7.78509E-4 4.78309E-4 5.07983E-4 5.56053E-4 5.69215E-4 6.00811E-4 6.75499E-4 6.27446E-4 7.22169E-4 7.6216E-4 8.37526E-4 9.69904E-4 1.01827E-3 1.3265E-3 1.38427E-3 1.32979E-3 9.30783E-4 1.85967E-3 1.944E-3 1.24906E-3 1.41263E-3 1.33914E-3 1.47176E-3 1.11454E-3 1.21264E-3 1.31996E-3 1.19278E-3 1.28876E-3 1.45022E-3 1.27134E-3 -9999 -9999 -9999 -9999 -9999 -9999 -9999 -9999 -9999 -9999
4.29404E-4 2.99372E-4 3.63716E-4 5.75277E-4 5.26478E-4 4.58376E-4 6.11365E-4 5.8868E-4 6.48831E-4 4.15955E-4 4.2178E-4 3.85605E-4 6.92366E-4 4.48809E-4 4.53865E-4 5.28534E-4 4.54632E-4 3.72026E-4 5.10595E-4 7.13284E-4 7.35985E-4 9.05236E-4 5.03139E-4 6.16122E-4 6.98815E-4 6.63529E-4 6.27982E-4 8.40341E-4 7.23773E-4 9.0043E-4 9.99275E-4 9.82557E-4 9.34426E-4 1.18087E-3 1.28669E-3 1.38953E-3 2.22104E-3 1.91217E-3 1.8176E-3 1.70427E-3 1.88478E-3 2.10614E-3 1.47304E-3 1.42745E-3 1.23304E-3 1.27288E-3 1.13219E-3 1.28969E-3 1.16221E-3 1.26285E-3 -9999 -9999 -9999 -9999 -9999 -9999 -9999 -9999 -9999 -9999 -9999
4.93167E-4 3.8038E-4 4.31717E-4 3.46376E-4 4.17154E-4 4.57867E-4 4.75075E-4 6.74128E-4 6.63242E-4 5.41206E-4 5.69782E-4 7.51391E-4 9.00595E-4 4.99209E-4 7.88633E-4 4.47791E-4 4.04094E-4 3.93022E-4 7.77786E-4 9.16785E-4 7.97139E-4 6.81593E-4 6.29499E-4 6.79382E-4 5.56653E-4 5.53229E-4 7.23491E-4 8.06327E-4 9.25896E-4 7.96443E-4 8.8211E-4 1.16678E-3 1.15949E-3 1.1571E-3 8.7517E-4 1.13592E-3 1.95946E-3 2.11986E-3 2.43375E-3 2.44667E-3 1.45395E-3 1.29227E-3 1.73164E-3 1.60475E-3 1.35561E-3 1.17551E-3 1.48428E-3 1.58022E-3 1.32656E-3 1.31221E-3 -9999 -9999 -9999 -9999 -9999 -9999 -9999 -9999 -9999 -9999 -9999
5.69634E-4 4.62104E-4 6.55433E-4 4.1164E-4 5.2887E-4 5.38499E-4 4.328E-4 5.26451E-4 5.84807E-4 5.91465E-4 7.67959E-4 6.07154E-4 8.37707E-4 5.01766E-4 8.4413E-4 5.301E-4 4.49643E-4 3.86203E-4 7.97049E-4 8.53426E-4 9.31929E-4 7.0934E-4 6.38769E-4 5.5935E-4 5.66371E-4 5.90212E-4 6.26515E-4 7.53385E-4 9.30121E-4 1.02883E-3 9.34394E-4 9.80727E-4 1.09751E-3 9.78812E-4 8.97292E-4 1.72268E-3 1.76733E-3 1.91819E-3 2.55745E-3 3.26211E-3 2.20193E-3 1.54131E-3 1.22473E-3 1.71614E-3 1.59911E-3 1.4691E-3 1.60989E-3 1.2672E-3 1.2964E-3 -9999 -9999 -9999 -9999 -9999 -9999 -9999 -9999 -9999 -9999 -9999 -9999
7.4561E-4 5.40832E-4 6.11283E-4 5.0858E-4 5.67855E-4 6.6372E-4 5.04254E-4 5.81068E-4 6.65692E-4 4.51862E-4 5.27827E-4 6.7393E-4 5.22313E-4 4.29313E-4 8.8053E-4 1.00814E-3 7.50991E-4 5.39647E-4 4.95662E-4 7.51435E-4 6.08847E-4 6.89503E-4 7.65806E-4 5.9787E-4 7.32066E-4 6.38102E-4 6.1679E-4 8.10848E-4 9.48655E-4 1.10059E-3 1.10164E-3 1.12276E-3 2.21462E-3 1.88148E-3 1.00399E-3 1.73667E-3 1.99935E-3 2.20359E-3 2.00567E-3 2.60508E-3 2.35369E-3 1.63792E-3 1.21919E-3 1.4769E-3 1.25294E-3 1.43727E-3 1.26225E-3 1.26782E-3 -9999 -9999 -9999 -9999 -9999 -9999 -9999 -9999 -9999 -9999 -9999 -9999 -9999
4.06535E-4 6.234E-4 6.92154E-4 5.69364E-4 5.19014E-4 6.6983E-4 6.85744E-4 5.73491E-4 5.48302E-4 4.5573E-4 4.0435E-4 4.75453E-4 5.02593E-4 4.26818E-4 6.24585E-4 6.99109E-4 7.49911E-4 5.67026E-4 5.09683E-4 6.23234E-4 7.05243E-4 6.67095E-4 6.97465E-4 5.8544E-4 6.87103E-4 9.79184E-4 6.5406E-4 7.63979E-4 9.51007E-4 1.06714E-3 1.31371E-3 1.31905E-3 1.59687E-3 1.1562E-3 1.04076E-3 1.66521E-3 2.38287E-3 1.86948E-3 2.01081E-3 1.84571E-3 1.90363E-3 1.35948E-3 1.3669E-3 1.17683E-3 1.3157E-3 1.21784E-3 1.25046E-3 -9999 -9999 -9999 -9999 -9999 -9999 -9999 -9999 -9999 -9999 -9999 -9999 -9999 -9999
3.89977E-4 4.36506E-4 6.40134E-4 5.96694E-4 4.96025E-4 6.40657E-4 6.47113E-4 1.02376E-3 6.27157E-4 4.67676E-4 4.33892E-4 4.88569E-4 5.62356E-4 4.69532E-4 4.65695E-4 5.36772E-4 6.26567E-4 5.55433E-4 5.50033E-4 6.14334E-4 6.51974E-4 7.00975E-4 1.05617E-3 6.25649E-4 7.81405E-4 1.10829E-3 7.28919E-4 7.65037E-4 9.23285E-4 1.10769E-3 1.5203E-3 1.0592E-3 1.14063E-3 1.81559E-3 1.60581E-3 1.26388E-3 1.501E-3 1.43137E-3 1.43909E-3 1.82626E-3 1.38055E-3 1.32628E-3 1.379E-3 1.29283E-3 1.43856E-3 1.21141E-3 -9999 -9999 -9999 -9999 -9999 -9999 -9999 -9999 -9999 -9999 -9999 -9999 -9999 -9999 -9999
4.65857E-4 4.71744E-4 5.33893E-4 7.38913E-4 7.14624E-4 5.77218E-4 1.10981E-3 7.59541E-4 6.95504E-4 7.93372E-4 5.66128E-4 7.34468E-4 5.82833E-4 6.35404E-4 6.98302E-4 7.53865E-4 7.04104E-4 6.56626E-4 6.20374E-4 6.57741E-4 6.41333E-4 7.17623E-4 1.15491E-3 9.16279E-4 8.8215E-4 1.11945E-3 1.04736E-3 7.64365E-4 8.63263E-4 1.03078E-3 9.03379E-4 9.69613E-4 9.81618E-4 1.65322E-3 1.34994E-3 1.24333E-3 1.35206E-3 1.54205E-3 1.30758E-3 1.40029E-3 1.63795E-3 1.77335E-3 1.34276E-3 1.50241E-3 1.24834E-3 -9999 -9999 -9999 -9999 -9999 -9999 -9999 -9999 -9999 -9999 -9999 -9999 -9999 -9999 -9999 -9999
5.41718E-4 5.29072E-4 6.06614E-4 6.25288E-4 6.74218E-4 7.1783E-4 8.29134E-4 1.07819E-3 8.86771E-4 7.79231E-4 1.03672E-3 7.14535E-4 7.76529E-4 7.39702E-4 6.93055E-4 7.46433E-4 7.03611E-4 6.56078E-4 6.62113E-4 7.04216E-4 6.79126E-4 7.14655E-4 7.75737E-4 8.66767E-4 1.04076E-3 1.00799E-3 7.37112E-4 7.90271E-4 7.06618E-4 7.90545E-4 1.01174E-3 1.83525E-3 1.49595E-3 1.18911E-3 1.11717E-3 1.19037E-3 1.15674E-3 1.83357E-3 1.82567E-3 1.25523E-3 1.31108E-3 1.32779E-3 1.65205E-3 1.36012E-3 1.30808E-3 -9999 -9999 -9999 -9999 -9999 -9999 -9999 -9999 -9999 -9999 -9999 -9999 -9999 -9999 -9999 -9999
5.25182E-4 5.58028E-4 5.53816E-4 5.52877E-4 6.01417E-4 6.43035E-4 1.07913E-3 1.15495E-3 1.08203E-3 9.60802E-4 6.41691E-4 6.32725E-4 6.73807E-4 7.05049E-4 6.4915E-4 6.46783E-4 7.41246E-4 7.49799E-4 7.57872E-4 7.27385E-4 6.82697E-4 7.48828E-4 9.3499E-4 1.01093E-3 1.05769E-3 1.19143E-3 1.05433E-3 7.61431E-4 7.35227E-4 8.76525E-4 9.56459E-4 1.29478E-3 1.01721E-3 1.3841E-3 1.41829E-3 1.58257E-3 1.30556E-3 1.5009E-3 1.35221E-3 1.24687E-3 1.36373E-3 1.28371E-3 1.29295E-3 1.24532E-3 -9999 -9999 -9999 -9999 -9999 -9999 -9999 -9999 -9999 -9999 -9999 -9999 -9999 -9999 -9999 -9999 -9999
5.45485E-4 5.79747E-4 6.25868E-4 6.55192E-4 7.52323E-4 7.9999E-4 1.13754E-3 8.77859E-4 9.28829E-4 8.22681E-4 7.18728E-4 6.08846E-4 6.1317E-4 6.11989E-4 6.15162E-4 6.65037E-4 7.06694E-4 7.08203E-4 6.85251E-4 7.53514E-4 7.90735E-4 8.02163E-4 8.75448E-4 1.05949E-3 1.18282E-3 1.28044E-3 1.12603E-3 1.77383E-3 1.06758E-3 1.21067E-3 1.53496E-3 1.23788E-3 1.42116E-3 1.46282E-3 1.83581E-3 1.89537E-3 1.74652E-3 1.32366E-3 1.57932E-3 1.51238E-3 1.27428E-3 1.33149E-3 1.18292E-3 -9999 -9999 -9999 -9999 -9999 -9999 -9999 -9999 -9999 -9999 -9999 -9999 -9999 -9999 -9999 -9999 -9999 -9999
5.54893E-4 5.42532E-4 5.38558E-4 5.56172E-4 7.90679E-4 1.06141E-3 1.11454E-3 1.1721E-3 8.89799E-4 6.60084E-4 5.95508E-4 6.44132E-4 6.40271E-4 6.11717E-4 7.0507E-4 6.44978E-4 7.00967E-4 7.29541E-4 7.77428E-4 7.43409E-4 8.0798E-4 8.05786E-4 8.99363E-4 8.95677E-4 1.03626E-3 9.44264E-4 1.04169E-3 1.739E-3 1.15674E-3 1.19428E-3 1.24068E-3 1.51613E-3 1.47589E-3 1.44607E-3 1.60197E-3 1.84102E-3 1.45262E-3 1.49421E-3 1.45888E-3 1.31535E-3 1.51561E-3 1.23007E-3 -9999 -9999 -9999 -9999 -9999 -9999 -9999 -9999 -9999 -9999 -9999 -9999 -9999 -9999 -9999 -9999 -9999 -9999 -9999
6.17938E-4 5.59535E-4 5.66457E-4 5.71298E-4 8.04267E-4 1.02747E-3 1.28868E-3 1.05093E-3 5.86422E-4 6.1244E-4 5.95747E-4 6.57523E-4 7.92646E-4 9.18917E-4 7.07711E-4 7.27139E-4 7.93773E-4 8.26787E-4 7.5863E-4 8.31458E-4 8.34363E-4 6.89928E-4 7.02156E-4 7.3532E-4 7.57978E-4 8.34885E-4 1.43034E-3 1.66591E-3 1.19376E-3 9.69661E-4 1.19449E-3 1.69165E-3 1.58002E-3 1.4777E-3 1.48203E-3 1.26233E-3 1.44155E-3 1.45086E-3 1.24266E-3 1.37213E-3 1.28647E-3 -9999 -9999 -9999 -9999 -9999 -9999 -9999 -9999 -9999 -9999 -9999 -9999 -9999 -9999 -9999 -9999 -9999 -9999 -9999 -9999
6.59234E-4 7.05521E-4 6.02813E-4 7.27229E-4 6.47493E-4 8.97961E-4 1.08688E-3 9.00008E-4 6.21675E-4 7.73228E-4 7.6509E-4 7.72648E-4 7.80788E-4 8.62681E-4 8.31517E-4 7.97741E-4 7.79883E-4 8.19301E-4 8.10888E-4 8.00977E-4 7.96158E-4 7.13917E-4 7.67721E-4 9.16869E-4 9.42405E-4 9.44085E-4 1.17881E-3 1.92957E-3 1.6454E-3 1.07541E-3 1.22147E-3 1.31587E-3 1.37431E-3 1.45705E-3 1.22223E-3 1.33575E-3 1.40889E-3 1.23125E-3 1.37201E-3 1.51807E-3 -9999 -9999 -9999 -9999 -9999 -9999 -9999 -9999 -9999 -9999 -9999 -9999 -9999 -9999 -9999 -9999 -9999 -9999 -9999 -9999 -9999
6.61526E-4 8.73639E-4 5.68581E-4 5.59813E-4 9.7606E-4 1.136E-3 1.03071E-3 9.20544E-4 6.99312E-4 7.4622E-4 7.41792E-4 7.09178E-4 7.03496E-4 6.79725E-4 7.47906E-4 7.28332E-4 7.71607E-4 7.67444E-4 7.62082E-4 6.4102E-4 7.02384E-4 7.46028E-4 7.27651E-4 1.01082E-3 1.03086E-3 1.07438E-3 1.1016E-3 1.19375E-3 1.2925E-3 1.19419E-3 1.33365E-3 1.24105E-3 1.38816E-3 1.59668E-3 1.32034E-3 1.44247E-3 1.24922E-3 1.34621E-3 1.50303E-3 1.30775E-3 -9999 -9999 -9999 -9999 -9999 -9999 -9999 -9999 -9999 -9999 -9999 -9999 -9999 -9999 -9999 -9999 -9999 -9999 -9999 -9999 -9999
7.40815E-4 1.04847E-3 8.10104E-4 7.75176E-4 7.58229E-4 1.02724E-3 1.04648E-3 7.31409E-4 6.79297E-4 6.22603E-4 6.30578E-4 6.84166E-4 6.55514E-4 6.80328E-4 7.6638E-4 6.76107E-4 9.01789E-4 7.73778E-4 6.42746E-4 6.77694E-4 6.97847E-4 7.12195E-4 9.73065E-4 1.10349E-3 1.21992E-3 9.43749E-4 1.02759E-3 1.16354E-3 1.24561E-3 1.044E-3 1.16783E-3 1.21176E-3 1.1758E-3 1.28582E-3 1.37737E-3 1.27325E-3 1.34477E-3 1.46946E-3 1.22226E-3 -9999 -9999 -9999 -9999 -9999 -9999 -9999 -9999 -9999 -9999 -9999 -9999 -9999 -9999 -9999 -9999 -9999 -9999 -9999 -9999 -9999 -9999
8.19417E-4 1.1699E-3 8.18738E-4 1.1233E-3 1.01693E-3 9.88091E-4 7.73256E-4 7.81369E-4 6.26314E-4 6.22622E-4 6.26241E-4 7.15693E-4 7.20146E-4 7.21175E-4 8.56425E-4 6.79542E-4 8.03492E-4 8.69051E-4 9.70679E-4 1.08109E-3 9.92895E-4 9.62137E-4 1.03444E-3 8.77544E-4 9.49022E-4 1.03553E-3 1.06452E-3 1.24086E-3 1.10579E-3 1.10138E-3 1.1749E-3 1.11433E-3 1.33838E-3 1.46292E-3 1.29816E-3 1.40542E-3 1.43209E-3 1.26276E-3 -9999 -9999 -9999 -9999 -9999 -9999 -9999 -9999 -9999 -9999 -9999 -9999 -9999 -9999 -9999 -9999 -9999 -9999 -9999 -9999 -9999 -9999 -9999
7.83945E-4 8.3176E-4 1.14484E-3 1.13767E-3 1.26026E-3 7.01484E-4 7.14004E-4 6.49021E-4 7.03922E-4 6.92693E-4 6.92455E-4 8.6512E-4 8.60905E-4 8.17509E-4 7.20618E-4 7.3489E-4 7.99501E-4 8.6088E-4 1.03387E-3 1.28934E-3 1.18846E-3 1.08574E-3 9.29796E-4 9.36282E-4 9.88242E-4 1.01453E-3 9.06462E-4 1.02016E-3 1.20097E-3 1.22117E-3 1.07719E-3 1.16036E-3 1.3448E-3 1.25585E-3 1.30406E-3 1.38468E-3 -9999 -9999 -9999 -9999 -9999 -9999 -9999 -9999 -9999 -9999 -9999 -9999 -9999 -9999 -9999 -9999 -9999 -9999 -9999 -9999 -9999 -9999 -9999 -9999 -9999
6.36232E-4 6.77912E-4 7.11401E-4 7.37572E-4 8.68144E-4 9.42253E-4 7.07963E-4 7.82285E-4 1.15522E-3 8.42513E-4 1.05413E-3 8.28545E-4 5.67305E-4 7.57774E-4 6.54645E-4 7.12079E-4 8.13922E-4 1.04367E-3 1.01174E-3 1.07172E-3 1.08522E-3 9.93748E-4 1.02999E-3 1.08959E-3 1.07823E-3 9.82553E-4 1.07487E-3 1.08951E-3 1.23744E-3 1.17136E-3 1.2685E-3 1.13055E-3 1.19072E-3 1.33557E-3 1.16161E-3 -9999 -9999 -9999 -9999 -9999 -9999 -9999 -9999 -9999 -9999 -9999 -9999 -9999 -9999 -9999 -9999 -9999 -9999 -9999 -9999 -9999 -9999 -9999 -9999 -9999 -9999
7.40399E-4 6.57742E-4 7.39709E-4 7.23514E-4 7.11878E-4 9.63697E-4 8.17425E-4 9.45099E-4 9.28902E-4 7.4847E-4 7.642E-4 7.17716E-4 5.72772E-4 6.18486E-4 7.02403E-4 8.029E-4 1.07283E-3 1.275E-3 1.15532E-3 8.97811E-4 1.00076E-3 1.05551E-3 1.06817E-3 1.13326E-3 9.90056E-4 1.21352E-3 1.25745E-3 1.06451E-3 1.09332E-3 1.23802E-3 1.14896E-3 1.23873E-3 1.29812E-3 1.22949E-3 1.32401E-3 -9999 -9999 -9999 -9999 -9999 -9999 -9999 -9999 -9999 -9999 -9999 -9999 -9999 -9999 -9999 -9999 -9999 -9999 -9999 -9999 -9999 -9999 -9999 -9999 -9999 -9999
7.85303E-4 7.47875E-4 8.64717E-4 9.54664E-4 8.16548E-4 8.09431E-4 8.79951E-4 8.37138E-4 8.59829E-4 6.23882E-4 1.0594E-3 8.66372E-4 6.78977E-4 6.18005E-4 6.98312E-4 9.63546E-4 9.71633E-4 8.56107E-4 9.56705E-4 1.00384E-3 1.08234E-3 1.09342E-3 1.20297E-3 1.02012E-3 1.09534E-3 1.15792E-3 1.10731E-3 1.17022E-3 1.32085E-3 1.10574E-3 1.19963E-3 1.41925E-3 1.20143E-3 1.24918E-3 -9999 -9999 -9999 -9999 -9999 -9999 -9999 -9999 -9999 -9999 -9999 -9999 -9999 -9999 -9999 -9999 -9999 -9999 -9999 -9999 -9999 -9999 -9999 -9999 -9999 -9999 -9999
1.32169E-3 9.36758E-4 8.22354E-4 1.00052E-3 1.15026E-3 2.24383E-3 1.62354E-3 1.07955E-3 1.0066E-3 6.97671E-4 1.56907E-3 9.20726E-4 1.30998E-3 1.0976E-3 1.09751E-3 1.03551E-3 9.15494E-4 8.67885E-4 9.26219E-4 9.53714E-4 1.17451E-3 9.37944E-4 1.1664E-3 1.19614E-3 9.75776E-4 1.00978E-3 1.22145E-3 1.30533E-3 1.125E-3 1.28912E-3 1.31557E-3 1.15531E-3 -9999 -9999 -9999 -9999 -9999 -9999 -9999 -9999 -9999 -9999 -9999 -9999 -9999 -9999 -9999 -9999 -9999 -9999 -9999 -9999 -9999 -9999 -9999 -9999 -9999 -9999 -9999 -9999 -9999
1.0147E-3 9.87673E-4 1.17874E-3 1.07065E-3 9.95171E-4 9.70003E-4 1.14419E-3 1.08668E-3 9.07943E-4 6.36077E-4 9.73129E-4 1.09758E-3 1.23188E-3 8.98206E-4 1.01945E-3 1.04836E-3 1.00917E-3 1.0379E-3 1.13156E-3 9.12857E-4 9.47858E-4 1.02241E-3 1.18777E-3 1.11278E-3 1.14429E-3 1.21616E-3 1.09791E-3 1.2083E-3 1.26171E-3 1.30526E-3 -9999 -9999 -9999 -9999 -9999 -9999 -9999 -9999 -9999 -9999 -9999 -9999 -9999 -9999 -9999 -9999 -9999 -9999 -9999 -9999 -9999 -9999 -9999 -9999 -9999 -9999 -9999 -9999 -9999 -9999 -9999
9.60596E-4 1.33064E-3 1.07891E-3 1.72257E-3 1.69668E-3 1.8182E-3 1.06209E-3 1.22823E-3 1.88429E-3 9.77333E-4 9.69715E-4 1.1215E-3 8.78111E-4 9.339E-4 1.03643E-3 1.08709E-3 1.17626E-3 1.13701E-3 9.37889E-4 1.15365E-3 1.26576E-3 1.13974E-3 1.04892E-3 1.20685E-3 1.22203E-3 1.08117E-3 1.12339E-3 1.21145E-3 -9999 -9999 -9999 -9999 -9999 -9999 -9999 -9999 -9999 -9999 -9999 -9999 -9999 -9999 -9999 -9999 -9999 -9999 -9999 -9999 -9999 -9999 -9999 -9999 -9999 -9999 -9999 -9999 -9999 -9999 -9999 -9999 -9999
1.29645E-3 1.56191E-3 1.44402E-3 1.84024E-3 1.47652E-3 1.16343E-3 1.35894E-3 1.20399E-3 1.54063E-3 1.37041E-3 9.2384E-4 9.68628E-4 1.03266E-3 9.9935E-4 1.04745E-3 1.12888E-3 1.17633E-3 1.08835E-3 1.04318E-3 1.08202E-3 1.22877E-3 1.02536E-3 1.14213E-3 1.30188E-3 1.0842E-3 1.12881E-3 -9999 -9999 -9999 -9999 -9999 -9999 -9999 -9999 -9999 -9999 -9999 -9999 -9999 -9999 -9999 -9999 -9999 -9999 -9999 -9999 -9999 -9999 -9999 -9999 -9999 -9999 -9999 -9999 -9999 -9999 -9999 -9999 -9999 -9999 -9999
2.07917E-3 1.79014E-3 1.69626E-3 1.61304E-3 1.43434E-3 9.45372E-4 1.4821E-3 1.29249E-3 1.41867E-3 1.02967E-3 9.50882E-4 1.00866E-3 1.03244E-3 1.10202E-3 1.11966E-3 9.86632E-4 1.13999E-3 1.14378E-3 1.10722E-3 1.16862E-3 1.06399E-3 1.22039E-3 1.03684E-3 1.06359E-3 -9999 -9999 -9999 -9999 -9999 -9999 -9999 -9999 -9999 -9999 -9999 -9999 -9999 -9999 -9999 -9999 -9999 -9999 -9999 -9999 -9999 -9999 -9999 -9999 -9999 -9999 -9999 -9999 -9999 -9999 -9999 -9999 -9999 -9999 -9999 -9999 -9999
