Artocarpus hirsutus SDM files/Last interglacial/results (without bias file)/Arthir_stddev.asc
ncols         625
nrows         721
xllcorner     69.99986311115
yllcorner     5.99986151914999
cellsize      0.041666667
NODATA_value  -9999
[rows 27 to 53 of 721, columns 427 to 487 of 625]
2.87865E-5 2.78235E-5 2.67232E-5 2.63412E-5 2.81938E-5 3.19335E-5 3.37442E-5 2.89602E-5 3.14419E-5 3.28977E-5 3.11654E-5 2.81218E-5 3.2277E-5 2.85874E-5 2.61143E-5 2.72508E-5 2.75648E-5 3.09519E-5 3.02984E-5 3.08416E-5 3.00524E-5 3.03432E-5 2.99635E-5 3.08829E-5 2.77328E-5 3.16488E-5 3.04933E-5 3.13338E-5 3.08511E-5 3.21501E-5 3.25936E-5 3.62816E-5 3.58187E-5 3.52368E-5 3.12748E-5 3.45836E-5 3.97129E-5 3.9582E-5 4.07707E-5 4.12534E-5 4.10816E-5 4.08944E-5 4.22099E-5 3.79242E-5 3.29816E-5 3.21348E-5 3.51839E-5 3.55074E-5 3.81264E-5 3.56501E-5 3.30837E-5 3.48036E-5 3.38024E-5 3.32407E-5 3.24333E-5 3.52375E-5 3.50405E-5 3.46067E-5 3.21604E-5 3.14543E-5 3.0436E-5
2.57005E-5 2.67652E-5 3.01666E-5 3.19245E-5 2.7519E-5 3.13109E-5 3.56249E-5 3.02237E-5 3.00546E-5 3.04577E-5 3.2084E-5 3.38114E-5 3.47387E-5 3.10715E-5 3.09672E-5 3.1665E-5 3.1768E-5 3.1956E-5 3.06486E-5 2.8788E-5 2.77895E-5 2.76858E-5 2.74865E-5 2.82614E-5 2.73171E-5 2.8292E-5 3.2691E-5 3.28765E-5 3.65572E-5 3.31907E-5 3.1899E-5 3.42262E-5 3.39479E-5 3.48302E-5 3.38505E-5 3.13849E-5 3.13924E-5 3.44542E-5 3.63817E-5 3.72014E-5 3.70018E-5 3.84549E-5 3.78846E-5 3.57882E-5 3.25951E-5 3.21125E-5 3.31598E-5 3.39671E-5 3.80204E-5 3.56868E-5 3.40382E-5 3.40901E-5 3.24801E-5 3.1006E-5 3.10915E-5 3.29871E-5 3.26614E-5 3.2156E-5 3.17788E-5 2.97907E-5 3.17459E-5
3.15281E-5 3.56986E-5 3.34033E-5 2.93336E-5 2.98022E-5 2.81365E-5 2.79404E-5 2.8523E-5 3.28464E-5 3.65071E-5 3.4416E-5 3.09168E-5 3.02521E-5 2.99508E-5 3.0478E-5 2.98633E-5 2.76299E-5 2.76135E-5 2.74098E-5 2.6524E-5 2.70461E-5 2.69776E-5 2.76989E-5 2.72413E-5 2.68813E-5 2.77547E-5 2.77839E-5 2.79555E-5 2.94614E-5 3.24014E-5 3.2259E-5 3.16679E-5 3.42623E-5 3.51008E-5 3.62141E-5 3.12304E-5 3.16546E-5 3.24222E-5 3.49384E-5 3.69671E-5 3.92708E-5 3.95838E-5 3.86605E-5 3.41268E-5 3.40274E-5 3.24829E-5 3.23846E-5 3.42437E-5 3.88367E-5 3.70834E-5 3.39884E-5 3.26722E-5 3.36369E-5 3.25759E-5 3.09655E-5 3.07291E-5 3.26363E-5 3.07696E-5 3.12258E-5 3.17003E-5 3.13107E-5
3.30579E-5 3.41223E-5 3.13945E-5 2.97049E-5 2.7494E-5 2.60816E-5 2.72433E-5 3.03046E-5 3.3096E-5 2.96849E-5 2.69157E-5 2.95537E-5 3.00794E-5 3.10375E-5 3.26459E-5 3.13802E-5 2.93762E-5 2.80097E-5 3.02134E-5 3.12735E-5 3.05621E-5 2.86891E-5 2.74587E-5 2.76652E-5 2.84017E-5 2.92163E-5 2.88432E-5 2.91311E-5 2.86224E-5 2.6562E-5 2.80571E-5 3.34592E-5 3.3018E-5 3.44387E-5 3.2267E-5 3.07645E-5 3.16132E-5 3.35721E-5 3.43841E-5 3.56926E-5 4.06277E-5 3.83609E-5 3.71574E-5 3.17589E-5 3.26986E-5 3.53103E-5 3.59478E-5 3.68489E-5 3.58479E-5 3.27205E-5 3.22527E-5 3.124E-5 3.14867E-5 3.21933E-5 3.27182E-5 3.12283E-5 3.17696E-5 3.14513E-5 3.18329E-5 3.18774E-5 3.19758E-5
3.19087E-5 3.16339E-5 2.76299E-5 2.71468E-5 2.5636E-5 2.79855E-5 2.69384E-5 2.92621E-5 2.56721E-5 2.55023E-5 2.70934E-5 2.73671E-5 2.97304E-5 2.81526E-5 2.96863E-5 3.40057E-5 3.12286E-5 2.88323E-5 3.22458E-5 3.17273E-5 2.91742E-5 2.87095E-5 2.87835E-5 2.93667E-5 2.89707E-5 2.8713E-5 2.77425E-5 2.84902E-5 2.74718E-5 2.75002E-5 2.75199E-5 2.81601E-5 2.86001E-5 3.26744E-5 3.27527E-5 3.15731E-5 3.27942E-5 3.3592E-5 3.42609E-5 3.61826E-5 4.09688E-5 3.81084E-5 3.3439E-5 3.33899E-5 3.69728E-5 4.07896E-5 3.99567E-5 3.55158E-5 3.38185E-5 3.29961E-5 3.22116E-5 3.0781E-5 3.25047E-5 3.19082E-5 3.20014E-5 3.28002E-5 3.2515E-5 3.40973E-5 3.21894E-5 3.25239E-5 3.23319E-5
3.18812E-5 3.19286E-5 2.86714E-5 2.56739E-5 2.55494E-5 2.86875E-5 2.62579E-5 2.58284E-5 2.48054E-5 2.53633E-5 2.62595E-5 2.61278E-5 2.7373E-5 2.63137E-5 2.67001E-5 2.69325E-5 2.60235E-5 2.579E-5 2.70447E-5 2.8514E-5 2.78694E-5 2.80739E-5 2.78194E-5 2.94501E-5 2.71652E-5 2.96654E-5 3.10611E-5 2.98436E-5 2.79119E-5 2.87815E-5 2.89941E-5 2.89779E-5 3.14965E-5 2.91719E-5 2.78577E-5 3.19106E-5 3.42704E-5 3.51503E-5 3.48819E-5 3.73269E-5 3.80746E-5 3.7056E-5 3.33413E-5 3.80331E-5 4.02603E-5 4.0723E-5 4.05277E-5 3.62945E-5 3.48695E-5 3.46037E-5 3.34057E-5 3.16749E-5 3.19157E-5 3.43512E-5 3.33254E-5 3.50515E-5 3.38398E-5 3.53244E-5 3.46894E-5 3.29733E-5 3.21938E-5
2.25872E-5 2.27035E-5 2.20179E-5 2.17741E-5 2.18971E-5 2.19986E-5 2.14569E-5 2.23811E-5 2.18972E-5 2.26946E-5 2.20732E-5 2.2369E-5 2.2266E-5 2.58869E-5 2.62138E-5 2.6829E-5 2.66638E-5 2.72033E-5 2.62714E-5 2.71749E-5 2.67051E-5 2.64502E-5 2.72342E-5 2.7346E-5 2.77561E-5 2.91214E-5 2.91464E-5 3.02093E-5 3.19859E-5 3.13613E-5 2.9801E-5 2.85938E-5 2.8278E-5 2.75684E-5 2.81359E-5 3.06638E-5 3.05704E-5 3.39762E-5 3.68009E-5 3.91018E-5 3.7003E-5 3.61924E-5 3.52497E-5 3.59792E-5 3.98207E-5 4.01849E-5 4.01817E-5 3.91037E-5 3.5677E-5 3.37606E-5 3.54744E-5 3.42346E-5 3.42881E-5 3.31464E-5 3.36324E-5 3.43137E-5 3.39966E-5 3.29236E-5 3.44104E-5 3.36841E-5 3.27259E-5
2.26298E-5 2.11794E-5 2.10184E-5 2.35973E-5 2.33827E-5 2.62374E-5 2.40784E-5 2.40565E-5 2.44907E-5 2.50541E-5 2.29397E-5 2.31682E-5 2.35432E-5 2.36333E-5 2.28415E-5 2.30923E-5 2.24838E-5 2.74452E-5 2.48151E-5 2.44397E-5 2.82443E-5 2.89278E-5 2.88163E-5 2.87673E-5 2.72041E-5 2.62768E-5 2.66413E-5 2.66017E-5 2.66294E-5 2.78033E-5 2.79706E-5 2.7159E-5 2.81404E-5 2.72608E-5 2.817E-5 3.04758E-5 3.36003E-5 3.26195E-5 3.56741E-5 3.65161E-5 3.69543E-5 3.63334E-5 3.56261E-5 3.48919E-5 3.7676E-5 4.07612E-5 4.06711E-5 3.9992E-5 3.7222E-5 3.72116E-5 3.50957E-5 3.28542E-5 3.39331E-5 3.59946E-5 3.49603E-5 3.38557E-5 3.53472E-5 3.48236E-5 3.46894E-5 3.63906E-5 3.72964E-5
2.22558E-5 2.23529E-5 2.71591E-5 2.72249E-5 2.34279E-5 2.2734E-5 2.53939E-5 2.6745E-5 2.46445E-5 2.2926E-5 2.35301E-5 2.54873E-5 2.72697E-5 2.50937E-5 2.27883E-5 2.30148E-5 2.22966E-5 2.31567E-5 2.21716E-5 2.33921E-5 2.48493E-5 2.59933E-5 3.19775E-5 3.2132E-5 2.96064E-5 2.88369E-5 2.6894E-5 2.70206E-5 2.69232E-5 2.77384E-5 2.76678E-5 2.93584E-5 2.86972E-5 2.7057E-5 2.83924E-5 3.26574E-5 3.07669E-5 3.0557E-5 3.0442E-5 3.367E-5 3.8973E-5 3.89149E-5 3.7785E-5 3.36934E-5 3.72817E-5 4.0725E-5 4.06043E-5 4.03873E-5 3.70949E-5 3.35709E-5 3.28634E-5 3.65808E-5 3.84802E-5 3.53054E-5 3.72691E-5 3.95438E-5 3.8203E-5 3.92796E-5 3.75771E-5 4.31021E-5 3.67366E-5
2.13863E-5 2.61312E-5 2.81018E-5 2.39596E-5 2.18766E-5 2.48899E-5 2.53606E-5 2.41475E-5 2.47814E-5 2.32848E-5 2.2363E-5 2.55627E-5 2.67075E-5 2.37864E-5 2.33858E-5 2.35679E-5 2.23383E-5 2.25729E-5 2.36717E-5 2.33717E-5 2.43748E-5 2.51843E-5 2.78882E-5 2.86196E-5 2.54831E-5 2.77627E-5 2.56665E-5 2.5772E-5 2.66292E-5 2.73655E-5 2.76589E-5 2.73955E-5 2.72254E-5 2.85051E-5 2.98931E-5 3.04717E-5 2.88432E-5 2.80926E-5 3.03755E-5 3.32235E-5 3.34647E-5 3.84958E-5 3.63202E-5 3.45224E-5 3.89628E-5 4.06769E-5 4.21595E-5 4.22099E-5 3.5516E-5 3.43991E-5 3.44029E-5 3.66947E-5 3.92458E-5 3.48118E-5 3.89778E-5 3.86469E-5 4.13271E-5 3.96366E-5 3.67857E-5 4.24136E-5 4.18986E-5
2.17509E-5 2.67963E-5 2.41087E-5 2.26038E-5 2.26466E-5 2.21787E-5 2.35218E-5 2.2967E-5 2.20753E-5 2.12726E-5 2.33882E-5 2.57083E-5 2.67884E-5 2.48064E-5 2.33012E-5 2.29795E-5 2.32675E-5 2.73228E-5 2.65006E-5 2.56267E-5 2.36343E-5 2.35065E-5 2.48579E-5 2.64371E-5 2.61851E-5 2.36427E-5 2.26894E-5 2.34125E-5 2.76283E-5 2.88631E-5 3.04039E-5 3.04532E-5 3.30642E-5 3.35272E-5 2.87392E-5 2.74238E-5 2.76231E-5 2.95463E-5 3.04938E-5 3.17514E-5 3.27843E-5 3.26428E-5 3.03791E-5 3.66841E-5 3.95788E-5 4.07648E-5 4.29456E-5 4.09708E-5 3.86185E-5 3.47207E-5 3.5427E-5 3.70458E-5 3.7048E-5 3.45728E-5 3.56332E-5 3.39792E-5 4.13221E-5 4.79079E-5 4.33536E-5 4.08789E-5 4.32235E-5
2.45648E-5 2.52169E-5 2.32439E-5 2.24404E-5 2.15294E-5 2.02208E-5 2.05691E-5 2.0755E-5 2.18756E-5 2.28124E-5 2.49244E-5 2.70447E-5 2.46619E-5 2.24051E-5 2.27744E-5 2.45224E-5 2.63723E-5 2.74528E-5 2.39339E-5 2.43838E-5 2.38669E-5 2.38297E-5 2.39775E-5 2.38877E-5 2.39227E-5 2.4688E-5 2.27911E-5 2.30546E-5 2.35524E-5 2.80939E-5 2.89737E-5 2.92263E-5 3.18882E-5 3.06992E-5 2.91259E-5 2.82694E-5 2.9504E-5 2.81537E-5 2.89348E-5 3.08696E-5 3.41876E-5 3.00937E-5 3.0934E-5 3.4244E-5 3.32907E-5 3.81822E-5 4.24021E-5 4.13728E-5 4.04671E-5 3.62622E-5 3.46681E-5 3.47851E-5 3.64252E-5 3.96631E-5 3.87543E-5 3.6704E-5 4.09303E-5 4.21406E-5 4.41009E-5 4.68319E-5 4.65584E-5
2.62545E-5 2.31753E-5 2.1078E-5 2.02964E-5 2.03078E-5 2.11312E-5 2.32607E-5 2.59805E-5 2.51651E-5 2.50936E-5 2.65461E-5 2.49903E-5 2.22261E-5 2.28077E-5 2.32058E-5 2.2708E-5 2.33525E-5 2.45851E-5 2.61159E-5 2.43359E-5 2.51404E-5 2.54738E-5 2.49613E-5 2.60293E-5 2.42914E-5 2.38658E-5 2.35946E-5 2.24844E-5 2.36719E-5 2.42865E-5 2.55161E-5 2.83694E-5 3.12876E-5 2.68031E-5 2.81224E-5 2.84579E-5 3.02048E-5 3.2295E-5 2.94822E-5 3.4668E-5 3.54505E-5 3.18268E-5 3.18446E-5 3.29701E-5 3.20227E-5 3.09459E-5 4.02489E-5 4.15509E-5 4.17242E-5 3.64928E-5 3.39897E-5 3.5427E-5 3.96192E-5 3.6934E-5 3.58314E-5 3.86174E-5 3.60903E-5 3.82681E-5 4.11716E-5 4.85316E-5 4.75146E-5
2.5249E-5 2.17492E-5 1.98295E-5 2.01838E-5 2.19766E-5 2.59372E-5 2.75969E-5 2.75671E-5 2.39555E-5 2.61273E-5 2.37464E-5 2.28514E-5 2.39179E-5 2.37317E-5 2.48458E-5 2.66752E-5 2.54399E-5 2.70157E-5 2.77698E-5 2.57098E-5 2.83945E-5 2.76131E-5 2.5597E-5 2.66345E-5 2.48892E-5 2.4822E-5 2.54516E-5 2.61015E-5 2.36998E-5 2.56314E-5 2.46714E-5 2.51896E-5 2.76684E-5 2.42657E-5 2.45349E-5 3.07921E-5 2.8146E-5 3.17318E-5 3.36504E-5 3.52881E-5 3.5665E-5 3.009E-5 3.01719E-5 3.05299E-5 2.98338E-5 2.92006E-5 3.37999E-5 4.22119E-5 4.22014E-5 3.89362E-5 3.60414E-5 3.48499E-5 3.80973E-5 3.54971E-5 3.56552E-5 3.53815E-5 3.81875E-5 4.0771E-5 4.13698E-5 3.97034E-5 4.05529E-5
2.50719E-5 2.41689E-5 1.78958E-5 1.79736E-5 2.45104E-5 2.70745E-5 2.68423E-5 2.53279E-5 2.2678E-5 2.5157E-5 2.3996E-5 2.6378E-5 2.7155E-5 2.57967E-5 2.61602E-5 2.67806E-5 2.42922E-5 2.38075E-5 2.47509E-5 2.93358E-5 2.96175E-5 2.92858E-5 2.57578E-5 2.59765E-5 2.67425E-5 2.62573E-5 2.52482E-5 2.76899E-5 2.49888E-5 2.34521E-5 2.45633E-5 2.51564E-5 2.82005E-5 2.92849E-5 2.6598E-5 3.16567E-5 2.95939E-5 3.02348E-5 3.41248E-5 3.5504E-5 3.44455E-5 2.96223E-5 3.24544E-5 3.29923E-5 3.11905E-5 2.88079E-5 3.02455E-5 3.38503E-5 4.01278E-5 4.00662E-5 3.57946E-5 3.7929E-5 3.47987E-5 3.45982E-5 3.71113E-5 3.98186E-5 3.89262E-5 4.10608E-5 4.25607E-5 3.88141E-5 3.821E-5
2.19956E-5 2.13964E-5 1.90859E-5 1.94192E-5 2.32628E-5 2.32609E-5 2.06432E-5 2.04776E-5 1.96799E-5 1.98694E-5 2.05982E-5 2.52833E-5 2.26329E-5 2.12249E-5 2.08544E-5 2.5138E-5 2.55725E-5 2.56186E-5 2.52896E-5 2.77081E-5 2.9825E-5 2.90609E-5 2.69558E-5 2.63636E-5 2.72201E-5 2.88241E-5 2.66208E-5 2.5238E-5 2.77189E-5 2.3627E-5 2.44507E-5 2.58336E-5 2.76153E-5 2.95974E-5 2.73343E-5 2.7763E-5 2.94734E-5 3.29866E-5 3.57688E-5 3.3176E-5 3.22859E-5 3.18732E-5 3.54441E-5 3.41764E-5 3.16665E-5 2.93363E-5 3.0281E-5 3.17268E-5 3.3331E-5 3.41656E-5 3.66828E-5 3.58803E-5 3.34081E-5 3.76297E-5 4.03372E-5 4.3957E-5 4.01304E-5 4.1925E-5 4.13611E-5 4.02923E-5 3.9664E-5
1.87073E-5 2.13646E-5 1.91229E-5 2.00379E-5 2.30048E-5 2.37736E-5 2.12917E-5 1.98613E-5 1.98826E-5 1.96373E-5 1.89493E-5 2.22905E-5 2.50211E-5 2.05392E-5 1.8874E-5 1.9787E-5 2.18442E-5 2.48698E-5 2.23436E-5 2.70942E-5 2.75233E-5 2.85578E-5 2.88132E-5 2.79895E-5 2.79782E-5 2.82915E-5 2.50507E-5 2.42373E-5 2.86206E-5 2.3572E-5 2.44605E-5 2.81456E-5 2.8701E-5 2.51023E-5 2.55548E-5 2.80357E-5 3.11567E-5 2.87436E-5 3.23289E-5 3.29535E-5 3.1231E-5 3.12254E-5 3.49892E-5 3.25913E-5 3.13568E-5 2.93435E-5 2.78609E-5 2.95914E-5 3.20967E-5 3.06687E-5 3.1023E-5 3.0775E-5 3.56822E-5 4.01708E-5 4.37061E-5 4.25086E-5 4.27137E-5 4.31259E-5 4.07938E-5 3.98643E-5 3.87016E-5
1.77084E-5 2.25111E-5 2.2683E-5 2.31402E-5 2.22096E-5 2.32274E-5 2.06765E-5 1.95768E-5 1.97111E-5 2.01881E-5 1.89981E-5 2.23837E-5 2.29426E-5 2.07271E-5 1.87539E-5 1.91386E-5 2.10532E-5 2.50664E-5 2.28587E-5 2.12254E-5 2.431E-5 2.54872E-5 2.84701E-5 2.91597E-5 2.77085E-5 2.78622E-5 2.45534E-5 2.60831E-5 2.80954E-5 2.52977E-5 2.73577E-5 2.74009E-5 3.00027E-5 2.53029E-5 2.47422E-5 2.46077E-5 2.76831E-5 3.13324E-5 2.82553E-5 2.95007E-5 2.97989E-5 3.18693E-5 3.20083E-5 3.25461E-5 3.31141E-5 3.00562E-5 2.79819E-5 2.89197E-5 3.31255E-5 2.97611E-5 3.11275E-5 2.91878E-5 3.15899E-5 3.57791E-5 4.31949E-5 3.93939E-5 4.52221E-5 4.20751E-5 4.24764E-5 3.84653E-5 4.16959E-5
1.81509E-5 2.13744E-5 2.32776E-5 2.39566E-5 2.371E-5 2.19674E-5 2.02366E-5 2.00602E-5 2.11923E-5 2.10754E-5 2.118E-5 2.19374E-5 2.07311E-5 2.02452E-5 1.94834E-5 1.9025E-5 1.95291E-5 2.36745E-5 2.30629E-5 2.25184E-5 2.42656E-5 2.5298E-5 2.41305E-5 2.43425E-5 2.91597E-5 2.76289E-5 2.45485E-5 2.59081E-5 2.80171E-5 2.82427E-5 2.81749E-5 2.67528E-5 2.8371E-5 2.78256E-5 2.61936E-5 2.46589E-5 2.58227E-5 2.90288E-5 2.94735E-5 3.13305E-5 3.14526E-5 2.70232E-5 3.01965E-5 3.18246E-5 3.47513E-5 3.43593E-5 3.21745E-5 3.26202E-5 3.06334E-5 3.09886E-5 2.88702E-5 2.99707E-5 3.36352E-5 3.56673E-5 3.76965E-5 3.56345E-5 3.98456E-5 3.96533E-5 4.52159E-5 3.72982E-5 3.79602E-5
1.81323E-5 2.09508E-5 2.25908E-5 2.27512E-5 2.29121E-5 2.10959E-5 2.02694E-5 2.14497E-5 2.41968E-5 2.11922E-5 2.07853E-5 2.07044E-5 2.01511E-5 1.96642E-5 1.95436E-5 1.96337E-5 2.08954E-5 2.0942E-5 2.06411E-5 2.27068E-5 2.54536E-5 2.63377E-5 2.46573E-5 2.37627E-5 2.42344E-5 2.64732E-5 2.62836E-5 2.44867E-5 2.73554E-5 2.96176E-5 3.0122E-5 2.69383E-5 2.78926E-5 2.95769E-5 2.68868E-5 2.74012E-5 2.79417E-5 2.90555E-5 2.73558E-5 3.11886E-5 3.08702E-5 2.66863E-5 2.63351E-5 2.8359E-5 3.51789E-5 3.23357E-5 3.14172E-5 3.31044E-5 3.1453E-5 3.12355E-5 3.0346E-5 2.92232E-5 3.59701E-5 3.51311E-5 3.54136E-5 3.61538E-5 3.74135E-5 3.59066E-5 3.88876E-5 3.71719E-5 4.08842E-5
1.85342E-5 2.01724E-5 2.35865E-5 2.26529E-5 2.2044E-5 1.97613E-5 1.95209E-5 2.19205E-5 2.34439E-5 2.32318E-5 2.08395E-5 2.11594E-5 2.09564E-5 2.00293E-5 1.94077E-5 1.99953E-5 2.21773E-5 2.4208E-5 2.38131E-5 2.43167E-5 2.58179E-5 2.62785E-5 2.52525E-5 2.29354E-5 2.37797E-5 2.49E-5 2.22332E-5 2.38158E-5 2.82422E-5 2.654E-5 2.8479E-5 2.92507E-5 2.70345E-5 3.00824E-5 2.6667E-5 2.98733E-5 2.98236E-5 2.88041E-5 2.57418E-5 2.97997E-5 3.06993E-5 2.87309E-5 2.65359E-5 3.00574E-5 3.06464E-5 3.16052E-5 3.14918E-5 3.03733E-5 3.311E-5 3.25984E-5 3.04931E-5 2.82371E-5 3.02832E-5 3.50156E-5 3.50649E-5 3.52359E-5 3.8118E-5 3.76488E-5 3.44493E-5 4.07108E-5 4.45902E-5
1.89611E-5 1.95355E-5 2.07877E-5 2.04755E-5 2.01257E-5 2.00259E-5 2.08612E-5 2.26881E-5 2.31383E-5 2.29773E-5 2.19021E-5 2.09296E-5 2.18089E-5 2.05601E-5 1.95271E-5 2.21459E-5 2.48255E-5 2.45467E-5 2.4752E-5 2.3511E-5 2.39829E-5 2.68059E-5 2.51021E-5 2.39428E-5 2.59625E-5 2.39784E-5 2.26118E-5 2.58155E-5 2.62192E-5 2.75458E-5 2.60905E-5 3.22647E-5 2.77281E-5 2.88714E-5 2.62537E-5 3.0219E-5 2.94277E-5 2.61877E-5 2.53396E-5 2.96473E-5 3.13544E-5 2.83245E-5 2.57777E-5 2.94897E-5 2.97128E-5 2.79655E-5 3.39103E-5 3.25607E-5 3.09615E-5 3.12005E-5 2.95488E-5 2.82103E-5 2.98831E-5 3.46193E-5 3.62617E-5 3.78404E-5 3.69054E-5 3.85236E-5 3.43264E-5 3.72392E-5 3.76488E-5
2.04211E-5 2.12907E-5 2.18372E-5 2.19583E-5 1.91925E-5 2.18295E-5 2.37117E-5 2.33438E-5 2.33427E-5 2.10911E-5 2.17998E-5 2.09084E-5 2.08532E-5 1.98705E-5 1.98329E-5 2.24823E-5 2.53679E-5 2.59117E-5 2.37453E-5 2.24869E-5 2.36747E-5 2.28643E-5 2.27103E-5 2.54456E-5 2.57852E-5 2.29711E-5 2.24739E-5 2.52328E-5 2.68876E-5 2.83816E-5 2.81776E-5 3.16771E-5 2.41376E-5 2.48289E-5 2.80809E-5 2.97018E-5 2.72466E-5 2.64839E-5 2.61807E-5 3.06098E-5 3.20956E-5 2.78826E-5 2.71844E-5 2.76037E-5 2.90239E-5 3.05959E-5 2.92081E-5 3.34462E-5 3.04051E-5 2.87533E-5 3.01368E-5 2.98051E-5 3.16766E-5 3.21835E-5 3.70587E-5 3.85922E-5 3.55517E-5 3.3821E-5 3.61025E-5 3.39742E-5 3.54126E-5
1.9193E-5 1.82493E-5 1.77681E-5 1.99033E-5 1.75279E-5 1.64768E-5 1.91443E-5 2.12572E-5 2.07628E-5 2.05766E-5 1.94663E-5 1.93074E-5 1.7061E-5 1.98729E-5 2.05899E-5 2.37704E-5 2.54871E-5 2.54457E-5 2.13965E-5 2.29844E-5 2.30179E-5 2.07124E-5 2.05641E-5 2.45327E-5 2.47057E-5 2.24321E-5 2.28902E-5 2.6225E-5 2.6832E-5 2.66942E-5 2.82152E-5 2.78614E-5 2.6039E-5 2.66401E-5 3.07592E-5 3.14848E-5 2.59853E-5 2.57914E-5 2.75168E-5 3.14136E-5 3.20583E-5 2.71177E-5 2.61218E-5 2.7168E-5 2.97648E-5 2.78668E-5 2.793E-5 2.85007E-5 2.52237E-5 2.42515E-5 3.12707E-5 3.57922E-5 3.23596E-5 3.12046E-5 3.51917E-5 3.55399E-5 3.37044E-5 3.64137E-5 3.23255E-5 3.4188E-5 3.75904E-5
1.99075E-5 1.90844E-5 2.0543E-5 2.06911E-5 1.81972E-5 1.59049E-5 1.72977E-5 2.02109E-5 1.96003E-5 1.90131E-5 1.77384E-5 1.58324E-5 1.57087E-5 1.63656E-5 1.93028E-5 2.21875E-5 2.1683E-5 2.35305E-5 1.98624E-5 2.00781E-5 2.11483E-5 2.14537E-5 2.14474E-5 2.36906E-5 2.45909E-5 2.46572E-5 2.49091E-5 2.60137E-5 2.67644E-5 2.73177E-5 2.78831E-5 2.70939E-5 2.82448E-5 2.56613E-5 2.53049E-5 2.37841E-5 2.34313E-5 2.31092E-5 3.07138E-5 3.11637E-5 3.04647E-5 2.74969E-5 2.61416E-5 2.63919E-5 2.65731E-5 2.68408E-5 2.63204E-5 3.00515E-5 2.83196E-5 2.61824E-5 2.46932E-5 2.52548E-5 2.6371E-5 3.27407E-5 3.34249E-5 3.74741E-5 3.59845E-5 3.38109E-5 3.30773E-5 3.54293E-5 3.9504E-5
2.04931E-5 1.99515E-5 1.98656E-5 1.86289E-5 1.82267E-5 1.81732E-5 1.99886E-5 2.00183E-5 1.77229E-5 1.70438E-5 1.79429E-5 1.68393E-5 1.5744E-5 1.65942E-5 1.93829E-5 2.26029E-5 1.97722E-5 1.9964E-5 1.76476E-5 1.75475E-5 1.98827E-5 2.03546E-5 2.17918E-5 2.33238E-5 2.51972E-5 2.55107E-5 2.57302E-5 2.56608E-5 2.58789E-5 2.60674E-5 2.56194E-5 2.66122E-5 2.84794E-5 2.43758E-5 2.2844E-5 2.29359E-5 2.36056E-5 2.51795E-5 2.80307E-5 3.02462E-5 2.89395E-5 2.67271E-5 2.66866E-5 2.65046E-5 2.66316E-5 2.59604E-5 2.5792E-5 3.18313E-5 3.00788E-5 2.88721E-5 2.68017E-5 2.52102E-5 2.56827E-5 2.6998E-5 2.91951E-5 3.72037E-5 3.85448E-5 3.63794E-5 3.62314E-5 3.83558E-5 3.79889E-5
1.99318E-5 1.9875E-5 1.97004E-5 1.8302E-5 2.06603E-5 1.92389E-5 1.95274E-5 1.80477E-5 1.77218E-5 1.74352E-5 1.69538E-5 1.87857E-5 1.88364E-5 1.74704E-5 2.18565E-5 2.24883E-5 1.90449E-5 1.78795E-5 1.75947E-5 1.85906E-5 2.10772E-5 2.0643E-5 1.94184E-5 2.04962E-5 2.49006E-5 2.51246E-5 2.52036E-5 2.61765E-5 2.58835E-5 2.7375E-5 2.63438E-5 2.64013E-5 2.73338E-5 2.34615E-5 2.26868E-5 2.23446E-5 2.53417E-5 2.76084E-5 2.63126E-5 2.88228E-5 2.73513E-5 2.64049E-5 2.82268E-5 2.84128E-5 2.86533E-5 2.79498E-5 2.60308E-5 2.87702E-5 2.67336E-5 2.78501E-5 3.08523E-5 3.05362E-5 2.65024E-5 2.94425E-5 2.86222E-5 3.14453E-5 3.41436E-5 3.87167E-5 3.68332E-5 3.12203E-5 3.10128E-5
