Artocarpus hirsutus SDM files/Last interglacial/results (without bias file)/Arthir_avg.asc
ncols         625
nrows         721
xllcorner     69.99986311115
yllcorner     5.99986151914999
cellsize      0.041666667
NODATA_value  -9999
[rows 513 to 539 of 721, columns 122 to 182 of 625]
1.7356E-2 1.68104E-2 1.5926E-2 1.54268E-2 1.77392E-2 1.86292E-2 1.75872E-2 1.74064E-2 1.33213E-2 1.10364E-2 8.83187E-3 7.39125E-3 6.61095E-3 7.05793E-3 5.25137E-3 3.48401E-3 3.51707E-3 3.69397E-3 5.07582E-3 3.97262E-3 4.47105E-3 4.63899E-3 3.57888E-3 2.04664E-3 1.5103E-3 2.08525E-3 2.89811E-3 2.77803E-3 1.92989E-3 1.57418E-3 3.21379E-3 2.88703E-3 1.88771E-3 1.40859E-3 1.35362E-3 1.34767E-3 1.83112E-3 2.73422E-3 2.5507E-3 2.17874E-3 1.88647E-3 2.18188E-3 1.24975E-3 1.21937E-3 1.23218E-3 1.1557E-3 1.07725E-3 1.39081E-3 1.54652E-3 1.64887E-3 1.55627E-3 1.15081E-3 7.68113E-4 1.55252E-3 1.47567E-3 9.27738E-4 6.84897E-4 6.19288E-4 6.0898E-4 5.60574E-4 4.95138E-4
1.71494E-2 1.68596E-2 1.64227E-2 1.62105E-2 1.70992E-2 1.7983E-2 1.7952E-2 1.86475E-2 1.64154E-2 1.21115E-2 7.61642E-3 7.13418E-3 7.35521E-3 7.02731E-3 6.22452E-3 4.85796E-3 3.62984E-3 2.79604E-3 3.56718E-3 3.87835E-3 4.15827E-3 4.45155E-3 3.9786E-3 2.12382E-3 1.82596E-3 2.24458E-3 3.18881E-3 3.21726E-3 2.11923E-3 1.86231E-3 2.47512E-3 1.47545E-3 1.45525E-3 1.43843E-3 1.38178E-3 1.39171E-3 2.28657E-3 2.01021E-3 1.87801E-3 2.10801E-3 1.97174E-3 1.65432E-3 1.26098E-3 1.22645E-3 1.17993E-3 1.39594E-3 1.66167E-3 1.82339E-3 1.75E-3 1.81852E-3 1.47134E-3 8.91067E-4 8.10617E-4 1.40021E-3 2.03445E-3 7.84467E-4 6.67366E-4 6.53308E-4 6.02539E-4 6.11843E-4 5.96875E-4
1.90802E-2 1.96609E-2 1.95135E-2 1.66427E-2 1.46507E-2 1.63319E-2 1.77128E-2 1.78283E-2 1.61152E-2 1.2186E-2 1.12044E-2 7.56311E-3 6.87377E-3 7.51775E-3 6.85783E-3 5.79949E-3 3.32578E-3 2.87664E-3 3.70484E-3 4.2781E-3 3.99246E-3 4.14007E-3 4.08362E-3 2.60185E-3 1.81898E-3 2.00769E-3 3.34729E-3 3.60835E-3 2.94381E-3 1.83541E-3 1.77435E-3 1.83728E-3 1.71152E-3 1.74954E-3 1.36147E-3 2.19587E-3 2.19185E-3 1.78039E-3 1.51441E-3 1.58321E-3 1.54698E-3 1.57584E-3 1.50445E-3 1.20769E-3 1.39379E-3 1.84413E-3 1.96381E-3 2.16081E-3 1.71879E-3 1.6128E-3 8.52515E-4 8.11048E-4 7.69092E-4 1.27611E-3 1.89806E-3 7.10511E-4 7.03833E-4 6.3368E-4 6.55364E-4 5.96917E-4 9.4286E-4
2.08388E-2 2.06239E-2 2.01757E-2 1.99445E-2 1.43534E-2 1.41172E-2 1.58525E-2 1.61316E-2 1.28875E-2 1.17398E-2 1.11873E-2 1.00998E-2 7.36366E-3 6.71959E-3 6.1273E-3 5.7359E-3 3.65926E-3 3.92972E-3 3.58296E-3 3.69941E-3 3.59577E-3 3.70164E-3 4.10984E-3 3.40037E-3 1.8215E-3 1.86546E-3 2.99607E-3 3.34917E-3 3.28229E-3 2.16538E-3 1.77165E-3 1.76472E-3 1.77996E-3 1.78216E-3 1.81886E-3 1.48636E-3 2.01276E-3 1.72296E-3 1.51206E-3 1.46965E-3 1.47815E-3 1.40883E-3 1.63826E-3 1.94573E-3 1.34776E-3 1.78074E-3 2.00496E-3 2.22033E-3 1.88467E-3 1.02534E-3 9.61603E-4 8.05551E-4 7.89135E-4 8.29632E-4 1.956E-3 1.36158E-3 6.43272E-4 6.91257E-4 6.18316E-4 9.70081E-4 1.49579E-3
2.66761E-2 1.8275E-2 1.8458E-2 2.55839E-2 1.55856E-2 1.58396E-2 1.52258E-2 1.17544E-2 1.20516E-2 1.15383E-2 1.07506E-2 9.88455E-3 1.01038E-2 6.80387E-3 5.52161E-3 5.42685E-3 4.33122E-3 4.80105E-3 4.17771E-3 3.43562E-3 2.88726E-3 3.56937E-3 3.94578E-3 3.31245E-3 2.30974E-3 1.76804E-3 2.12197E-3 2.99783E-3 3.33423E-3 2.64415E-3 1.71819E-3 1.576E-3 1.76299E-3 1.68325E-3 1.79939E-3 1.79385E-3 1.8619E-3 2.03489E-3 1.66693E-3 1.51508E-3 1.35243E-3 1.45926E-3 1.89578E-3 1.95174E-3 1.39165E-3 1.81938E-3 2.07935E-3 1.94035E-3 1.51754E-3 1.06323E-3 8.6636E-4 8.51034E-4 8.19174E-4 8.18384E-4 1.65501E-3 1.6519E-3 6.39912E-4 6.63172E-4 6.25917E-4 1.26612E-3 1.23498E-3
2.83072E-2 1.82564E-2 1.82806E-2 2.33707E-2 1.84812E-2 1.85943E-2 1.30563E-2 1.01666E-2 1.10471E-2 1.13769E-2 1.12701E-2 1.15023E-2 1.01236E-2 7.36342E-3 8.89727E-3 5.96015E-3 3.37486E-3 3.91244E-3 4.81511E-3 3.67874E-3 3.13434E-3 2.99228E-3 3.65814E-3 3.53574E-3 3.1745E-3 2.25263E-3 1.50474E-3 2.50691E-3 2.87441E-3 2.20237E-3 1.55288E-3 1.64526E-3 1.95598E-3 1.54858E-3 1.52296E-3 1.61506E-3 1.75469E-3 1.38353E-3 1.45987E-3 1.40725E-3 1.34266E-3 1.34614E-3 1.70651E-3 2.18023E-3 1.50675E-3 1.48596E-3 2.00189E-3 2.18686E-3 1.71068E-3 9.45372E-4 7.47734E-4 7.96355E-4 8.07754E-4 1.03238E-3 1.84778E-3 1.69819E-3 7.95284E-4 6.27726E-4 8.2923E-4 1.4321E-3 7.567E-4
3.06808E-2 2.83062E-2 2.27495E-2 2.1797E-2 2.27829E-2 2.25452E-2 1.6641E-2 1.13928E-2 1.02455E-2 1.08159E-2 1.25386E-2 1.27683E-2 7.49407E-3 5.53197E-3 8.97033E-3 7.10236E-3 4.41001E-3 2.64722E-3 3.2948E-3 3.81958E-3 3.76482E-3 3.40238E-3 3.52735E-3 3.68189E-3 3.46402E-3 2.96063E-3 1.47518E-3 1.86136E-3 2.41968E-3 2.57604E-3 1.58202E-3 1.83434E-3 1.77709E-3 1.34113E-3 1.54929E-3 1.5079E-3 1.54278E-3 1.54609E-3 1.63217E-3 1.68851E-3 1.3614E-3 1.33986E-3 1.46525E-3 1.72323E-3 2.12423E-3 1.86389E-3 1.43472E-3 1.95715E-3 1.59281E-3 1.01145E-3 1.00625E-3 7.99831E-4 7.74816E-4 8.35765E-4 1.7136E-3 1.61323E-3 7.85918E-4 5.94908E-4 1.28402E-3 1.94797E-3 7.25855E-4
3.83426E-2 3.34463E-2 2.5173E-2 2.38342E-2 1.75522E-2 2.03203E-2 2.01942E-2 1.17601E-2 1.07703E-2 1.18392E-2 1.34315E-2 1.14923E-2 7.47424E-3 1.00902E-2 1.23646E-2 5.96744E-3 3.35304E-3 2.01738E-3 2.4061E-3 3.34834E-3 3.66147E-3 3.62695E-3 3.52735E-3 3.74897E-3 5.01578E-3 4.14908E-3 1.83991E-3 1.91929E-3 1.42615E-3 1.52953E-3 1.80106E-3 2.7383E-3 1.40439E-3 1.3726E-3 1.80326E-3 1.55739E-3 1.49606E-3 1.48576E-3 1.67669E-3 1.63838E-3 1.17833E-3 1.26562E-3 1.37845E-3 1.46379E-3 1.39213E-3 1.5768E-3 1.85897E-3 1.6413E-3 1.00817E-3 9.16057E-4 9.14783E-4 1.03089E-3 8.10289E-4 8.63991E-4 1.39762E-3 1.90938E-3 8.1052E-4 1.00539E-3 1.3966E-3 7.84859E-4 6.41533E-4
3.88639E-2 3.74857E-2 3.29282E-2 2.42269E-2 2.03391E-2 2.06092E-2 1.51671E-2 1.25975E-2 1.40102E-2 1.49552E-2 1.22587E-2 9.33715E-3 7.63384E-3 8.52465E-3 1.28479E-2 9.81011E-3 3.95033E-3 2.66154E-3 2.8083E-3 2.79061E-3 3.25443E-3 4.30477E-3 4.48235E-3 3.74897E-3 5.1704E-3 4.99562E-3 2.93229E-3 1.58911E-3 1.31154E-3 1.39788E-3 2.81926E-3 2.92421E-3 1.57206E-3 1.31183E-3 1.33321E-3 1.41267E-3 1.58576E-3 1.53891E-3 1.59363E-3 1.64304E-3 1.55378E-3 1.18128E-3 1.36353E-3 1.48959E-3 1.32514E-3 1.04356E-3 1.66641E-3 1.26191E-3 8.96726E-4 7.89944E-4 8.6001E-4 8.62468E-4 8.45628E-4 7.35682E-4 8.33159E-4 1.49312E-3 1.42121E-3 1.38452E-3 6.92944E-4 6.36843E-4 6.27042E-4
4.73187E-2 4.17507E-2 3.86233E-2 2.76037E-2 2.0484E-2 1.76187E-2 1.88086E-2 1.93244E-2 1.50049E-2 1.98267E-2 1.52361E-2 1.12199E-2 7.15797E-3 6.96356E-3 1.01764E-2 1.25329E-2 8.23189E-3 2.78537E-3 2.51331E-3 3.66497E-3 3.41911E-3 3.6709E-3 4.00241E-3 4.40488E-3 5.15511E-3 5.31563E-3 4.4309E-3 2.72065E-3 1.59904E-3 1.38724E-3 2.4124E-3 2.3732E-3 1.46812E-3 1.42826E-3 1.59752E-3 1.37618E-3 1.40807E-3 1.44535E-3 1.55431E-3 1.65843E-3 1.53362E-3 1.52701E-3 1.17371E-3 1.47889E-3 1.44785E-3 1.41654E-3 1.53805E-3 1.60385E-3 1.29496E-3 6.56106E-4 6.96983E-4 7.49411E-4 1.98272E-3 6.54866E-4 7.55026E-4 1.33936E-3 1.66472E-3 1.7546E-3 8.35003E-4 6.37486E-4 1.0283E-3
4.85622E-2 4.38217E-2 4.10971E-2 3.03124E-2 2.13503E-2 1.79919E-2 1.99583E-2 2.24958E-2 2.27915E-2 2.14E-2 1.14511E-2 9.13063E-3 8.33417E-3 7.56976E-3 8.09524E-3 1.13329E-2 1.18346E-2 4.24132E-3 2.40234E-3 3.23192E-3 4.35406E-3 3.35113E-3 3.00781E-3 4.06683E-3 4.73919E-3 5.29208E-3 5.54399E-3 2.95508E-3 1.62545E-3 1.77805E-3 2.71777E-3 2.23467E-3 1.66076E-3 1.20719E-3 1.32638E-3 1.50302E-3 1.54931E-3 1.45589E-3 1.60412E-3 1.63556E-3 1.52787E-3 1.63081E-3 1.28173E-3 1.2812E-3 1.39207E-3 1.48577E-3 1.38582E-3 2.02913E-3 1.26178E-3 6.00509E-4 1.09263E-3 7.32111E-4 1.08132E-3 8.54944E-4 7.44844E-4 1.11058E-3 1.82279E-3 1.68001E-3 8.02283E-4 9.16342E-4 1.09703E-3
6.18705E-2 4.64267E-2 4.71552E-2 3.1368E-2 2.48302E-2 2.25141E-2 1.85381E-2 2.2439E-2 2.24542E-2 2.25713E-2 1.24168E-2 1.21538E-2 8.94238E-3 8.00161E-3 7.88277E-3 1.1443E-2 1.21131E-2 8.00963E-3 2.28062E-3 3.60148E-3 2.94014E-3 3.65615E-3 3.76938E-3 3.9113E-3 4.36744E-3 5.06001E-3 5.31774E-3 2.93473E-3 2.04802E-3 1.93886E-3 3.8901E-3 3.90186E-3 1.40346E-3 1.23291E-3 1.09326E-3 1.59109E-3 1.41002E-3 1.33714E-3 1.48609E-3 1.38282E-3 1.53212E-3 1.63592E-3 1.28195E-3 1.2444E-3 1.14419E-3 1.26855E-3 1.2895E-3 1.72564E-3 2.10888E-3 1.30089E-3 6.571E-4 6.76538E-4 7.58064E-4 9.44121E-4 9.5982E-4 9.58659E-4 1.75393E-3 1.81996E-3 1.24611E-3 8.56669E-4 6.91602E-4
6.28004E-2 4.83128E-2 4.45726E-2 3.17611E-2 3.2864E-2 2.79129E-2 1.96765E-2 1.81353E-2 1.97835E-2 2.03238E-2 1.79733E-2 1.18581E-2 1.17888E-2 1.10842E-2 8.08817E-3 9.45473E-3 1.2086E-2 1.1582E-2 5.39647E-3 2.37133E-3 2.77223E-3 3.99589E-3 3.77502E-3 4.33664E-3 4.42551E-3 4.69175E-3 5.47863E-3 3.98444E-3 3.60403E-3 2.46268E-3 3.99846E-3 4.39603E-3 1.53287E-3 1.27364E-3 1.39552E-3 1.58167E-3 1.28365E-3 1.41002E-3 1.30505E-3 1.22567E-3 1.3072E-3 1.61234E-3 1.69742E-3 1.24851E-3 1.13098E-3 1.17476E-3 1.21199E-3 1.51269E-3 1.69305E-3 1.15259E-3 7.02181E-4 6.0338E-4 7.6073E-4 8.66894E-4 8.48622E-4 9.81916E-4 1.43638E-3 1.94202E-3 2.31908E-3 1.97775E-3 6.06545E-4
9.87264E-2 4.61874E-2 5.4146E-2 3.91068E-2 5.09812E-2 3.33784E-2 2.03074E-2 2.25449E-2 2.36077E-2 1.61221E-2 1.20179E-2 1.29822E-2 1.41855E-2 1.1661E-2 7.06989E-3 8.79438E-3 1.16264E-2 1.24549E-2 6.35969E-3 2.67003E-3 2.88902E-3 3.01666E-3 3.19706E-3 3.64717E-3 4.02616E-3 4.63076E-3 5.20801E-3 4.7918E-3 3.28728E-3 3.54525E-3 3.11776E-3 3.36235E-3 1.50504E-3 1.35235E-3 1.44762E-3 1.55882E-3 1.26849E-3 1.30664E-3 1.38562E-3 1.37888E-3 1.39027E-3 1.44884E-3 1.63766E-3 1.70696E-3 1.20883E-3 9.87772E-4 1.08838E-3 1.27024E-3 1.96028E-3 1.17221E-3 9.25849E-4 6.79566E-4 1.23766E-3 8.01747E-4 8.62808E-4 9.12405E-4 9.01494E-4 1.80579E-3 2.40532E-3 1.3433E-3 6.48026E-4
9.57873E-2 7.41943E-2 5.80337E-2 4.45059E-2 5.27067E-2 4.55139E-2 2.17822E-2 2.31981E-2 2.15818E-2 1.62272E-2 1.67513E-2 1.9817E-2 1.51132E-2 1.24645E-2 7.74716E-3 7.94694E-3 1.17375E-2 1.67725E-2 6.04174E-3 4.98938E-3 4.20654E-3 3.02346E-3 2.95155E-3 2.37999E-3 2.96004E-3 4.09317E-3 5.045E-3 6.03549E-3 3.80512E-3 2.77092E-3 3.76219E-3 3.92194E-3 1.59116E-3 1.37903E-3 1.44313E-3 1.69466E-3 1.65441E-3 1.21531E-3 1.21508E-3 1.30989E-3 1.36713E-3 1.47259E-3 1.29062E-3 1.52812E-3 1.55166E-3 1.51288E-3 1.13755E-3 1.16811E-3 1.42221E-3 1.19042E-3 8.63604E-4 8.70249E-4 1.011E-3 8.00483E-4 8.62649E-4 6.97348E-4 7.90326E-4 1.57793E-3 2.16194E-3 1.90976E-3 9.36978E-4
1.12808E-1 7.20698E-2 8.90007E-2 5.4524E-2 4.42769E-2 5.23218E-2 2.545E-2 2.18061E-2 2.18548E-2 1.92585E-2 1.89351E-2 1.86954E-2 1.25034E-2 1.1375E-2 1.15739E-2 1.37303E-2 1.1242E-2 1.56525E-2 1.42915E-2 8.35282E-3 4.18126E-3 4.68291E-3 2.73074E-3 2.37213E-3 1.95012E-3 3.19746E-3 4.45314E-3 6.39411E-3 5.3018E-3 2.35642E-3 2.04335E-3 3.03243E-3 1.906E-3 1.62235E-3 1.46632E-3 1.59696E-3 1.69231E-3 1.51133E-3 1.0784E-3 1.20616E-3 1.51114E-3 1.56604E-3 1.2453E-3 1.13509E-3 1.46541E-3 1.44348E-3 1.09977E-3 1.19048E-3 1.34313E-3 1.55018E-3 1.12501E-3 2.09037E-3 7.28583E-4 7.29524E-4 7.88239E-4 9.29938E-4 9.60768E-4 1.49176E-3 1.81948E-3 2.15529E-3 1.82752E-3
1.47984E-1 1.04388E-1 7.63211E-2 7.47667E-2 6.46148E-2 5.5664E-2 3.50531E-2 3.27153E-2 2.46458E-2 2.06803E-2 1.50233E-2 1.47158E-2 1.17884E-2 1.25573E-2 1.316E-2 1.4912E-2 1.6254E-2 1.66487E-2 1.45193E-2 1.19271E-2 4.33167E-3 5.03358E-3 3.23062E-3 1.95517E-3 2.03879E-3 4.04225E-3 3.18178E-3 6.10723E-3 4.74793E-3 4.13183E-3 1.96279E-3 2.73801E-3 1.83064E-3 1.77154E-3 1.50787E-3 1.48944E-3 1.8097E-3 1.69344E-3 1.34664E-3 1.57799E-3 1.41369E-3 1.73797E-3 1.36716E-3 1.13333E-3 1.20756E-3 1.26212E-3 1.08522E-3 1.19048E-3 1.29659E-3 1.81216E-3 1.45365E-3 1.73523E-3 7.20713E-4 7.28512E-4 7.46999E-4 8.52325E-4 8.80029E-4 1.65401E-3 1.70218E-3 1.81667E-3 2.15412E-3
2.13345E-1 1.90278E-1 1.05418E-1 8.42512E-2 6.44593E-2 7.01374E-2 4.40611E-2 4.02352E-2 3.14731E-2 1.9543E-2 2.13127E-2 1.42168E-2 1.33904E-2 1.44963E-2 1.38282E-2 1.42056E-2 1.61147E-2 1.68951E-2 1.71989E-2 1.3241E-2 6.91645E-3 4.31075E-3 5.33579E-3 2.28263E-3 2.32497E-3 3.28432E-3 4.71083E-3 5.59707E-3 2.96021E-3 3.19623E-3 2.38264E-3 2.8113E-3 1.99175E-3 1.50787E-3 1.46639E-3 1.41027E-3 1.49383E-3 1.59555E-3 1.50392E-3 1.57856E-3 1.60328E-3 1.4963E-3 1.44248E-3 1.21711E-3 1.13713E-3 1.0705E-3 1.13915E-3 1.06323E-3 1.25554E-3 1.81216E-3 1.65266E-3 9.27136E-4 9.21536E-4 6.93524E-4 8.20627E-4 8.9597E-4 8.69663E-4 1.23909E-3 1.67174E-3 1.84474E-3 2.01642E-3
2.31715E-1 1.86555E-1 1.83821E-1 1.11375E-1 7.81441E-2 8.46517E-2 5.91018E-2 4.54203E-2 3.2261E-2 2.52597E-2 1.6939E-2 1.86364E-2 1.70539E-2 1.8923E-2 1.41899E-2 1.36022E-2 1.6477E-2 1.70089E-2 1.70848E-2 1.61398E-2 1.2219E-2 8.03463E-3 8.92126E-3 2.56129E-3 2.53212E-3 2.37216E-3 3.19165E-3 4.67042E-3 3.79299E-3 2.35608E-3 2.74903E-3 2.27801E-3 1.6409E-3 1.47555E-3 1.68149E-3 1.46818E-3 1.28157E-3 1.28479E-3 1.4246E-3 1.23093E-3 1.13011E-3 1.25881E-3 1.40095E-3 1.26685E-3 1.18016E-3 1.01542E-3 1.13258E-3 1.0465E-3 1.46861E-3 1.56049E-3 1.14734E-3 9.53554E-4 8.93562E-4 7.2094E-4 8.22064E-4 8.41319E-4 8.40889E-4 1.02196E-3 1.28332E-3 1.66916E-3 1.91309E-3
2.10969E-1 2.10814E-1 2.30174E-1 1.45728E-1 9.94181E-2 6.72736E-2 5.81689E-2 5.07728E-2 4.13182E-2 3.13875E-2 2.22235E-2 1.60359E-2 1.88932E-2 2.04881E-2 1.2758E-2 1.43128E-2 1.60471E-2 1.65814E-2 1.7855E-2 1.63831E-2 1.15284E-2 9.72549E-3 5.36658E-3 5.33737E-3 4.22997E-3 2.44361E-3 2.65885E-3 3.0872E-3 3.20214E-3 1.89218E-3 2.19556E-3 2.01737E-3 1.49934E-3 3.10484E-3 1.9197E-3 1.14596E-3 1.16087E-3 1.05846E-3 1.13286E-3 1.23071E-3 1.01763E-3 1.47258E-3 1.42428E-3 1.29207E-3 1.23563E-3 1.09371E-3 1.21252E-3 1.32996E-3 1.5572E-3 1.20984E-3 9.22228E-4 8.65435E-4 8.74428E-4 7.15462E-4 7.89944E-4 8.26633E-4 8.801E-4 8.16644E-4 1.24271E-3 1.42112E-3 1.62164E-3
4.11722E-1 2.74503E-1 1.62388E-1 1.75924E-1 1.2753E-1 6.99249E-2 5.32515E-2 5.28105E-2 4.35208E-2 3.25187E-2 2.5282E-2 2.21853E-2 2.84444E-2 2.72335E-2 1.32559E-2 1.30957E-2 1.56813E-2 1.68554E-2 1.77584E-2 2.10611E-2 8.22905E-3 4.11434E-3 4.1978E-3 5.47276E-3 4.63811E-3 2.54378E-3 2.40229E-3 2.94924E-3 3.74491E-3 1.64462E-3 1.68075E-3 1.8602E-3 2.01069E-3 3.58743E-3 2.1633E-3 1.2012E-3 1.26258E-3 9.31951E-4 9.23855E-4 8.39854E-4 1.02099E-3 1.1675E-3 1.25053E-3 1.33246E-3 1.28767E-3 1.37382E-3 1.29939E-3 1.29874E-3 1.655E-3 1.28423E-3 1.04042E-3 8.27256E-4 7.91017E-4 8.50683E-4 7.01336E-4 8.43965E-4 8.46766E-4 8.99871E-4 9.235E-4 1.05735E-3 1.378E-3
4.54385E-1 4.39196E-1 1.65622E-1 1.82078E-1 1.37442E-1 8.23531E-2 6.16032E-2 6.67113E-2 4.59361E-2 2.91594E-2 2.98939E-2 3.12666E-2 3.6245E-2 2.34E-2 1.68157E-2 1.29519E-2 1.69292E-2 2.24334E-2 1.72426E-2 1.74389E-2 1.50478E-2 8.47512E-3 3.40436E-3 4.00713E-3 4.56566E-3 2.88847E-3 2.08901E-3 2.43125E-3 2.79353E-3 1.95417E-3 1.75964E-3 2.27058E-3 2.1534E-3 2.65462E-3 3.93026E-3 1.2245E-3 1.07622E-3 8.86282E-4 7.85917E-4 7.98617E-4 1.05083E-3 7.90287E-4 1.17278E-3 1.00239E-3 1.26382E-3 1.31162E-3 1.21478E-3 1.08086E-3 1.37993E-3 1.45518E-3 1.05818E-3 9.37631E-4 7.03167E-4 7.50573E-4 8.27562E-4 7.26754E-4 7.33427E-4 1.08583E-3 9.88591E-4 9.26633E-4 1.14197E-3
7.16027E-1 4.16129E-1 3.12103E-1 2.29037E-1 1.56963E-1 1.43702E-1 6.25188E-2 6.30905E-2 5.11407E-2 3.6541E-2 3.6625E-2 3.7363E-2 3.75492E-2 1.9769E-2 1.85404E-2 1.62944E-2 1.98387E-2 1.98366E-2 2.07438E-2 2.11906E-2 2.10864E-2 1.30331E-2 4.70283E-3 2.9305E-3 2.89371E-3 3.48955E-3 2.17018E-3 1.95417E-3 2.03747E-3 2.19007E-3 1.82307E-3 2.3942E-3 2.73075E-3 2.12405E-3 3.00254E-3 1.39466E-3 9.93614E-4 7.79307E-4 7.29187E-4 9.64352E-4 1.02513E-3 6.92777E-4 9.09544E-4 1.20491E-3 8.14663E-4 1.20721E-3 1.44354E-3 1.07959E-3 1.15012E-3 1.43424E-3 1.09063E-3 1.32622E-3 7.73858E-4 7.78933E-4 7.55346E-4 6.99429E-4 6.92614E-4 1.0642E-3 1.03549E-3 9.5899E-4 1.04487E-3
7.58881E-1 6.58204E-1 3.26192E-1 2.94746E-1 2.27868E-1 1.43526E-1 8.56641E-2 8.1827E-2 6.29905E-2 4.35855E-2 4.62976E-2 3.06903E-2 2.96828E-2 2.57539E-2 1.98261E-2 2.39376E-2 2.34632E-2 1.9143E-2 2.14369E-2 1.84053E-2 1.63607E-2 1.15146E-2 4.5829E-3 2.52986E-3 2.15552E-3 2.33053E-3 2.14134E-3 2.1123E-3 2.18472E-3 2.45791E-3 1.91106E-3 2.08087E-3 2.89933E-3 2.29887E-3 1.98067E-3 1.79777E-3 8.35919E-4 8.41779E-4 7.82995E-4 1.1172E-3 1.16931E-3 7.94076E-4 8.4498E-4 1.0214E-3 9.41931E-4 1.09251E-3 1.21016E-3 1.0609E-3 1.16186E-3 1.34557E-3 1.10038E-3 8.0108E-4 7.11831E-4 7.17415E-4 8.14837E-4 9.19473E-4 6.15759E-4 9.97578E-4 1.27174E-3 7.36559E-4 8.49997E-4
7.93223E-1 7.30362E-1 4.82764E-1 3.71166E-1 2.9972E-1 1.84624E-1 1.60819E-1 9.1819E-2 8.14294E-2 4.28368E-2 4.17772E-2 3.06824E-2 4.12938E-2 2.70333E-2 2.58447E-2 2.22918E-2 2.09653E-2 1.86525E-2 1.95651E-2 2.15588E-2 9.67398E-3 5.87854E-3 3.28884E-3 3.08439E-3 2.34486E-3 2.73657E-3 2.81236E-3 2.89236E-3 2.69686E-3 2.37569E-3 2.6507E-3 2.16551E-3 2.44692E-3 2.95707E-3 2.08335E-3 1.58107E-3 1.16066E-3 7.83412E-4 9.82681E-4 1.03023E-3 1.10993E-3 9.34889E-4 7.84979E-4 9.27568E-4 8.78811E-4 1.02943E-3 1.38967E-3 1.06131E-3 1.07976E-3 1.51882E-3 9.64088E-4 5.2027E-4 6.19541E-4 6.373E-4 7.69415E-4 6.23717E-4 5.80401E-4 1.11588E-3 1.1313E-3 1.04069E-3 1.11131E-3
8.23264E-1 6.58931E-1 5.20409E-1 3.53877E-1 3.33048E-1 3.25611E-1 2.16309E-1 1.22134E-1 9.36437E-2 4.88946E-2 3.72733E-2 3.06266E-2 3.86463E-2 3.30681E-2 3.42531E-2 2.15677E-2 2.17498E-2 1.46188E-2 2.08829E-2 1.99317E-2 9.54994E-3 5.00801E-3 3.25965E-3 3.03692E-3 3.02273E-3 3.08796E-3 3.32848E-3 3.01472E-3 2.37877E-3 2.45371E-3 2.84932E-3 1.70493E-3 1.99994E-3 2.70397E-3 1.4601E-3 1.31364E-3 1.12355E-3 1.0987E-3 1.80217E-3 1.1542E-3 9.0898E-4 1.22949E-3 7.2699E-4 7.65409E-4 7.70495E-4 1.19866E-3 2.11249E-3 1.10165E-3 1.57129E-3 2.37749E-3 8.71903E-4 8.34521E-4 6.63244E-4 6.04304E-4 8.97219E-4 9.57629E-4 5.66611E-4 9.92645E-4 1.07176E-3 1.35627E-3 1.45053E-3
8.61662E-1 7.35884E-1 4.7545E-1 4.0766E-1 3.14716E-1 3.41305E-1 2.85904E-1 1.42458E-1 9.28679E-2 7.83789E-2 6.13436E-2 4.06111E-2 5.81654E-2 3.75687E-2 4.72875E-2 3.3328E-2 2.75266E-2 1.45344E-2 1.91478E-2 1.77578E-2 7.30352E-3 4.12931E-3 3.33996E-3 3.11648E-3 3.18266E-3 3.47341E-3 3.54761E-3 3.30235E-3 2.26394E-3 2.47104E-3 3.0865E-3 2.27675E-3 1.91111E-3 1.80136E-3 1.25407E-3 9.70332E-4 9.05316E-4 1.30462E-3 1.69003E-3 1.72879E-3 1.32372E-3 1.18391E-3 6.77302E-4 5.88201E-4 7.20071E-4 1.09049E-3 2.33714E-3 1.64496E-3 2.07194E-3 1.32224E-3 9.38884E-4 9.18793E-4 8.80482E-4 5.93712E-4 1.40332E-3 1.0262E-3 5.78095E-4 6.69309E-4 1.11973E-3 1.51146E-3 1.57109E-3
