Artocarpus hirsutus SDM files/Last interglacial/results (without bias file)/Arthir_6.asc
ncols         625
nrows         721
xllcorner     69.99986311115
yllcorner     5.99986151914999
cellsize      0.041666667
NODATA_value  -9999
[rows 162 to 188 of 721, columns 305 to 365 of 625]
7.19464E-4 7.27694E-4 6.89704E-4 4.81392E-4 2.87863E-4 6.88891E-4 6.02358E-4 6.43472E-4 4.77894E-4 3.65232E-4 3.2292E-4 4.21161E-4 1.45354E-4 1.61912E-4 3.86141E-4 1.59654E-4 1.71769E-4 2.06141E-4 2.3598E-4 1.81043E-4 1.2241E-4 7.70068E-5 7.97729E-5 6.68438E-5 6.53154E-5 8.4627E-5 8.06855E-5 5.39552E-5 4.191E-5 3.9795E-5 4.59644E-5 6.14245E-5 6.62953E-5 7.96097E-5 7.93679E-5 1.03364E-4 7.10285E-5 6.76027E-5 4.51728E-5 6.80117E-5 4.61867E-5 4.65058E-5 5.09406E-5 6.42402E-5 9.11833E-5 9.45937E-5 6.09921E-5 1.85442E-4 2.24163E-4 1.06863E-4 1.11616E-4 9.19423E-5 1.56142E-4 1.16468E-4 2.74661E-4 2.86142E-4 1.58733E-4 1.02597E-4 8.73039E-5 1.0849E-4 6.9627E-5
7.7285E-4 7.11027E-4 5.78145E-4 6.99175E-4 5.53547E-4 4.23663E-4 6.07896E-4 5.24281E-4 6.98111E-4 6.69884E-4 5.74184E-4 4.37296E-4 2.07731E-4 2.04725E-4 4.99706E-4 4.14582E-4 2.57699E-4 2.59046E-4 1.92907E-4 2.02891E-4 1.1118E-4 1.20403E-4 1.17936E-4 1.00375E-4 8.50028E-5 7.40105E-5 8.00303E-5 5.06089E-5 4.09992E-5 4.01326E-5 4.24252E-5 5.02215E-5 7.80933E-5 8.44628E-5 1.16303E-4 1.46794E-4 9.60877E-5 9.44304E-5 9.13645E-5 6.48221E-5 8.17601E-5 5.7358E-5 6.05575E-5 5.5709E-5 5.62014E-5 7.02247E-5 7.05036E-5 6.65798E-5 6.27376E-5 6.3024E-5 6.13476E-5 6.60105E-5 2.11316E-4 9.28592E-5 6.88822E-5 7.8488E-5 1.03571E-4 3.48925E-4 2.78071E-4 2.65556E-4 9.54484E-5
7.12281E-4 7.66548E-4 6.28235E-4 5.02008E-4 6.76487E-4 3.59322E-4 6.73396E-4 5.81447E-4 4.31658E-4 5.62137E-4 2.4925E-4 5.97558E-4 5.31355E-4 2.56716E-4 2.09995E-4 2.87233E-4 3.80998E-4 3.30242E-4 3.1259E-4 2.28423E-4 2.03267E-4 1.49771E-4 1.35608E-4 1.28657E-4 1.0908E-4 6.32001E-5 7.37974E-5 6.57237E-5 4.35798E-5 4.11933E-5 4.17775E-5 5.81532E-5 6.34048E-5 6.83286E-5 1.54671E-4 1.686E-4 1.69217E-4 2.15739E-4 2.94644E-4 1.02414E-4 7.28816E-5 1.3775E-4 1.33842E-4 1.01589E-4 7.14826E-5 7.82459E-5 8.3956E-5 1.09874E-4 7.075E-5 1.00377E-4 1.42409E-4 1.53863E-4 8.0272E-5 9.40937E-5 1.43416E-4 8.35138E-5 9.593E-5 3.13092E-4 3.21887E-4 2.73591E-4 3.37047E-4
7.29614E-4 7.42495E-4 6.44286E-4 3.32584E-4 4.80529E-4 4.35302E-4 7.48765E-4 7.50865E-4 7.27339E-4 5.14308E-4 2.0118E-4 2.60119E-4 6.10799E-4 6.06428E-4 2.73399E-4 3.67898E-4 2.70773E-4 3.01246E-4 3.64777E-4 2.63947E-4 2.14689E-4 1.84709E-4 1.55474E-4 1.39227E-4 1.11376E-4 1.15238E-4 7.25384E-5 5.66323E-5 4.49402E-5 4.47111E-5 4.4775E-5 6.26767E-5 6.43308E-5 7.87339E-5 1.65272E-4 1.34653E-4 1.10895E-4 1.16047E-4 2.10325E-4 3.20544E-4 1.01818E-4 3.60913E-4 5.05267E-4 3.75868E-4 2.66879E-4 3.5611E-4 1.37103E-4 1.44884E-4 3.1607E-4 5.34828E-4 4.18454E-4 2.34004E-4 1.38872E-4 1.03633E-4 7.17729E-5 8.31491E-5 2.07259E-4 7.88498E-5 7.23161E-5 7.33425E-5 1.00807E-4
7.25703E-4 7.3476E-4 7.53816E-4 5.37505E-4 5.69814E-4 7.57064E-4 7.6083E-4 8.02942E-4 7.96487E-4 6.86842E-4 2.83169E-4 4.36715E-4 5.32569E-4 7.34789E-4 5.48166E-4 1.37897E-4 1.73609E-4 1.70204E-4 2.91314E-4 3.20882E-4 2.40958E-4 2.45559E-4 1.93584E-4 1.75243E-4 1.36449E-4 1.11996E-4 1.00209E-4 5.34349E-5 5.20099E-5 4.50616E-5 4.99142E-5 8.71883E-5 1.15192E-4 1.51258E-4 1.69151E-4 1.37724E-4 1.60865E-4 1.25306E-4 1.29874E-4 1.03212E-4 1.12681E-4 2.17087E-4 5.13844E-4 5.3874E-4 5.54023E-4 6.21548E-4 4.99369E-4 1.92582E-4 6.2257E-4 5.70048E-4 6.07585E-4 4.9069E-4 2.98987E-4 2.00068E-4 1.84584E-4 1.0437E-4 9.73256E-5 9.7622E-5 1.04314E-4 1.13421E-4 9.60269E-5
1.03918E-3 1.47326E-3 8.57811E-4 8.87313E-4 8.16117E-4 8.46817E-4 7.70006E-4 8.07537E-4 7.65727E-4 4.49034E-4 3.45327E-4 4.20909E-4 6.76672E-4 7.05456E-4 1.98045E-4 2.84208E-4 5.31501E-4 2.38828E-4 1.47046E-4 1.8278E-4 3.07971E-4 2.72287E-4 1.7743E-4 1.22045E-4 1.02764E-4 9.89946E-5 6.74473E-5 5.11798E-5 5.21991E-5 4.69582E-5 7.11224E-5 8.01182E-5 1.70357E-4 2.67578E-4 2.76162E-4 2.83213E-4 2.23741E-4 2.12014E-4 2.68116E-4 1.8922E-4 4.06007E-4 1.90606E-4 2.36827E-4 2.73208E-4 6.20976E-4 6.2471E-4 6.18533E-4 2.14849E-4 6.40456E-4 5.08382E-4 5.14416E-4 5.62317E-4 6.27608E-4 3.75063E-4 2.88152E-4 3.093E-4 2.73463E-4 1.23842E-4 1.05506E-4 1.07339E-4 1.16172E-4
1.03661E-3 4.56863E-4 8.27282E-4 1.46599E-3 8.56374E-4 1.52191E-3 7.79413E-4 7.85963E-4 6.74436E-4 4.29149E-4 7.94421E-4 8.01232E-4 6.57832E-4 6.95864E-4 3.24917E-4 2.27859E-4 6.05713E-4 4.77029E-4 2.76488E-4 4.477E-4 2.77166E-4 3.3509E-4 2.69746E-4 2.23781E-4 1.83361E-4 1.57124E-4 8.29772E-5 5.86534E-5 5.47541E-5 5.11153E-5 1.05006E-4 1.34993E-4 1.67208E-4 3.55515E-4 4.27283E-4 3.75874E-4 5.38716E-4 5.71429E-4 5.23582E-4 4.0555E-4 5.89376E-4 5.13179E-4 3.75189E-4 4.45252E-4 5.44095E-4 6.01154E-4 6.19565E-4 4.13241E-4 3.39921E-4 6.45951E-4 4.66116E-4 4.72128E-4 5.57083E-4 6.28769E-4 6.35477E-4 6.51233E-4 6.25793E-4 2.9131E-4 3.13565E-4 3.39713E-4 3.23726E-4
1.28367E-3 1.22109E-3 4.31786E-4 5.41183E-4 8.8288E-4 1.44398E-3 8.27305E-4 7.83456E-4 5.43634E-4 7.7516E-4 8.58657E-4 8.98292E-4 7.31581E-4 9.4186E-4 4.53791E-4 2.53907E-4 7.4086E-4 4.94317E-4 2.40631E-4 4.85865E-4 4.17235E-4 3.67924E-4 2.0095E-4 2.69152E-4 2.80347E-4 1.33783E-4 7.86189E-5 6.10651E-5 6.44466E-5 8.91967E-5 1.20986E-4 1.64743E-4 1.47856E-4 2.65972E-4 2.53663E-4 3.28382E-4 3.63781E-4 3.28698E-4 4.03478E-4 5.76067E-4 6.75828E-4 6.39735E-4 6.46541E-4 5.40896E-4 6.53243E-4 5.93947E-4 6.41349E-4 5.66658E-4 5.04903E-4 4.88551E-4 6.43855E-4 5.74044E-4 4.20016E-4 4.51764E-4 5.21159E-4 6.19053E-4 6.34782E-4 5.74045E-4 6.87481E-4 5.73286E-4 6.58449E-4
1.07362E-3 1.17163E-3 5.82739E-4 9.8432E-4 3.94412E-4 8.31134E-4 1.42896E-3 9.90948E-4 1.67339E-3 9.44566E-4 8.80199E-4 9.80494E-4 9.38358E-4 1.02044E-3 8.4497E-4 2.24546E-4 6.70839E-4 8.26291E-4 4.484E-4 3.01301E-4 3.97383E-4 3.78943E-4 2.07715E-4 2.86761E-4 3.50808E-4 1.55341E-4 6.90087E-5 1.34054E-4 1.54952E-4 2.13677E-4 1.76534E-4 3.15658E-4 4.45161E-4 5.58402E-4 4.13272E-4 2.66358E-4 4.39656E-4 5.28148E-4 5.00569E-4 6.69693E-4 6.89542E-4 7.05452E-4 7.12909E-4 6.68604E-4 6.89536E-4 6.66173E-4 6.1175E-4 6.70373E-4 6.31652E-4 6.17921E-4 6.57847E-4 6.33355E-4 5.74543E-4 4.35942E-4 4.10688E-4 5.93969E-4 5.36291E-4 6.63283E-4 6.71462E-4 6.76176E-4 6.0332E-4
1.40588E-3 1.05596E-3 8.01668E-4 1.13081E-3 6.12981E-4 1.02989E-3 5.00042E-4 9.38001E-4 1.21734E-3 1.27011E-3 1.33237E-3 7.08737E-4 8.6193E-4 9.66731E-4 1.01588E-3 4.61811E-4 8.2317E-4 9.95226E-4 7.92009E-4 5.50962E-4 2.40753E-4 2.15652E-4 1.2746E-4 1.12545E-4 1.19718E-4 1.10947E-4 1.18251E-4 1.85377E-4 2.71689E-4 2.52964E-4 2.28495E-4 3.81761E-4 6.58933E-4 6.91805E-4 6.2901E-4 5.08634E-4 8.13632E-4 8.681E-4 8.35298E-4 7.83324E-4 7.53601E-4 7.63525E-4 7.39439E-4 5.39486E-4 7.23669E-4 5.30802E-4 4.81645E-4 4.308E-4 6.12539E-4 4.85176E-4 3.78438E-4 6.06411E-4 6.04121E-4 5.88976E-4 5.227E-4 6.0658E-4 5.99285E-4 6.48925E-4 3.72607E-4 3.65372E-4 2.60165E-4
2.08463E-3 1.47748E-3 1.47119E-3 1.33899E-3 1.2189E-3 1.10958E-3 6.16003E-4 1.00823E-3 1.43941E-3 9.89372E-4 1.02483E-3 8.21667E-4 7.27525E-4 3.37567E-4 4.16665E-4 4.60169E-4 9.08912E-4 1.03036E-3 9.71483E-4 6.99689E-4 3.68128E-4 5.29415E-4 3.6324E-4 3.46968E-4 2.37747E-4 1.39843E-4 2.6192E-4 4.1971E-4 6.36723E-4 6.07933E-4 4.68535E-4 3.05567E-4 8.17094E-4 7.55765E-4 9.03288E-4 8.50992E-4 7.33832E-4 8.7503E-4 7.25522E-4 6.41877E-4 6.37477E-4 7.34155E-4 7.5404E-4 6.12594E-4 7.62157E-4 7.04542E-4 4.5876E-4 2.32101E-4 4.81497E-4 3.12505E-4 3.47591E-4 4.71984E-4 3.79318E-4 4.53544E-4 4.10268E-4 5.94276E-4 6.91509E-4 5.19152E-4 2.93394E-4 2.52758E-4 1.88326E-4
2.80426E-3 2.24308E-3 2.44379E-3 2.47046E-3 2.32075E-3 2.13565E-3 1.75397E-3 1.54037E-3 1.61205E-3 9.23292E-4 8.81002E-4 7.58115E-4 9.19796E-4 5.48521E-4 7.70706E-4 7.04026E-4 5.00178E-4 9.20427E-4 1.10147E-3 7.72547E-4 4.60923E-4 7.24002E-4 3.42356E-4 3.83852E-4 3.3425E-4 1.81807E-4 3.22165E-4 4.29368E-4 7.17957E-4 8.09209E-4 8.1417E-4 7.36408E-4 5.89024E-4 6.70437E-4 9.24553E-4 9.88408E-4 9.33217E-4 7.14266E-4 6.74701E-4 5.32539E-4 5.0118E-4 5.27511E-4 6.60893E-4 7.5953E-4 7.09504E-4 7.35206E-4 3.54343E-4 2.21708E-4 4.87893E-4 4.87213E-4 3.8525E-4 2.7208E-4 4.12213E-4 6.58718E-4 6.82198E-4 4.12948E-4 6.93704E-4 7.05499E-4 6.23653E-4 4.45397E-4 2.74668E-4
2.78183E-3 2.4487E-3 2.34616E-3 2.44364E-3 2.44322E-3 2.31794E-3 2.43289E-3 2.4981E-3 1.11467E-3 1.05606E-3 9.22108E-4 8.04372E-4 9.2936E-4 7.3152E-4 8.43183E-4 7.81083E-4 6.42927E-4 6.67479E-4 9.72067E-4 9.47281E-4 7.98455E-4 6.18778E-4 7.73019E-4 2.626E-4 2.52237E-4 7.37305E-4 1.10132E-3 6.16667E-4 1.05806E-3 7.82281E-4 8.00047E-4 1.15823E-3 8.8336E-4 9.44569E-4 9.28605E-4 1.02393E-3 1.02442E-3 7.97951E-4 6.18256E-4 5.34477E-4 4.57147E-4 5.42176E-4 7.0756E-4 6.83604E-4 5.9115E-4 6.73199E-4 6.02373E-4 2.82297E-4 4.99635E-4 7.24942E-4 3.91372E-4 2.6851E-4 2.80525E-4 5.48414E-4 5.56209E-4 2.75783E-4 4.07396E-4 5.11387E-4 7.67568E-4 7.49938E-4 4.13614E-4
3.51049E-3 3.46624E-3 2.92145E-3 1.72879E-3 2.29381E-3 2.64771E-3 3.04793E-3 3.1369E-3 3.13493E-3 2.92416E-3 1.27783E-3 2.42573E-3 1.20352E-3 1.00612E-3 1.10828E-3 8.41894E-4 7.23615E-4 1.30009E-3 1.07517E-3 9.79748E-4 7.58133E-4 9.11013E-4 6.8748E-4 6.84645E-4 1.28268E-3 8.32539E-4 1.52874E-3 1.00364E-3 9.34176E-4 7.35472E-4 7.75961E-4 1.21441E-3 1.2647E-3 1.20416E-3 1.12426E-3 9.66111E-4 7.96822E-4 9.16638E-4 4.05095E-4 4.96548E-4 6.09096E-4 5.55779E-4 3.94242E-4 5.25879E-4 4.9204E-4 4.72441E-4 3.40359E-4 5.97435E-4 3.41887E-4 7.0519E-4 2.03721E-4 1.87705E-4 5.06759E-4 6.85318E-4 5.6794E-4 6.06863E-4 6.41228E-4 5.06865E-4 7.06724E-4 7.99966E-4 8.3345E-4
3.05174E-3 2.93857E-3 1.31821E-3 9.47647E-4 2.69146E-3 2.32625E-3 2.66956E-3 2.45837E-3 2.35179E-3 2.88628E-3 3.30993E-3 2.96649E-3 2.86993E-3 1.23904E-3 8.87087E-4 2.48874E-3 1.2541E-3 2.56387E-3 1.31025E-3 1.02607E-3 1.24514E-3 5.29722E-4 1.19307E-3 2.39175E-3 1.35491E-3 9.69409E-4 1.01929E-3 7.78908E-4 7.48339E-4 1.28401E-3 9.88382E-4 2.19047E-3 2.34409E-3 2.26975E-3 1.09593E-3 1.14274E-3 1.85223E-3 6.4023E-4 4.6846E-4 9.3641E-4 5.73369E-4 7.15376E-4 3.79485E-4 3.20614E-4 5.08701E-4 4.93782E-4 2.63978E-4 3.01657E-4 6.65352E-4 6.93218E-4 7.36616E-4 4.53488E-4 7.44024E-4 7.70638E-4 6.27432E-4 4.22507E-4 5.7631E-4 6.90784E-4 8.12784E-4 6.65463E-4 4.31998E-4
1.72455E-3 1.84485E-3 2.33805E-3 1.99491E-3 1.41569E-3 1.68071E-3 2.06691E-3 2.58771E-3 3.31712E-3 3.36529E-3 3.39253E-3 4.06852E-3 4.41004E-3 4.46094E-3 4.28128E-3 3.15349E-3 2.05115E-3 3.69811E-3 3.76382E-3 3.31334E-3 2.46115E-3 6.16972E-4 1.70984E-3 3.09438E-3 1.42476E-3 1.44575E-3 1.51842E-3 1.07644E-3 8.77785E-4 9.31717E-4 1.23465E-3 9.92869E-4 9.61647E-4 1.56542E-3 1.92924E-3 7.05977E-4 1.93987E-3 3.92867E-4 5.40019E-4 9.29758E-4 1.50286E-3 8.39982E-4 8.98816E-4 1.87888E-4 4.28115E-4 5.9497E-4 9.75016E-4 1.82941E-4 3.55798E-4 3.7267E-4 5.56013E-4 1.40052E-3 3.65329E-4 4.36656E-4 6.89405E-4 6.17122E-4 7.83773E-4 7.7401E-4 5.56807E-4 7.03429E-4 7.01962E-4
2.3357E-3 1.36078E-3 2.36619E-3 2.59796E-3 2.35478E-3 2.02671E-3 1.87707E-3 1.8169E-3 1.84877E-3 2.52051E-3 2.88009E-3 1.4277E-3 1.75892E-3 2.90762E-3 4.46804E-3 4.76779E-3 2.62322E-3 3.67754E-3 4.5494E-3 3.32717E-3 4.22685E-3 1.66922E-3 1.01416E-3 3.58958E-3 3.89585E-3 3.36788E-3 1.36228E-3 1.24987E-3 1.18277E-3 1.37991E-3 1.19827E-3 1.13703E-3 1.79799E-3 1.56337E-3 1.26247E-3 1.96484E-3 1.94957E-3 1.04797E-3 9.33244E-4 1.39573E-3 1.87976E-3 1.48883E-3 1.22311E-3 1.84144E-4 3.71291E-4 5.42217E-4 1.26554E-3 2.62166E-4 2.27643E-4 2.97267E-4 1.34235E-3 8.92866E-4 2.66364E-4 3.21375E-4 4.93305E-4 6.637E-4 8.7207E-4 6.27405E-4 6.4684E-4 7.24401E-4 5.43478E-4
2.90769E-3 2.73857E-3 2.11398E-3 2.06966E-3 2.23098E-3 2.98813E-3 3.15839E-3 3.7942E-3 3.23113E-3 3.85163E-3 4.56799E-3 3.12271E-3 1.64534E-3 1.32956E-3 1.35277E-3 3.00282E-3 2.69936E-3 4.58909E-3 3.65514E-3 3.35519E-3 4.81895E-3 2.80044E-3 1.43523E-3 4.52947E-3 4.04291E-3 4.43661E-3 1.35389E-3 1.28249E-3 4.55133E-3 4.86729E-3 1.36488E-3 4.40064E-3 1.02824E-3 8.94259E-4 8.36042E-4 1.68078E-3 1.83888E-3 1.95463E-3 1.86028E-3 1.60182E-3 2.01759E-3 5.20374E-4 1.54616E-4 2.22897E-4 4.37951E-4 6.37877E-4 1.3904E-3 1.30351E-3 1.48531E-3 1.17137E-3 1.36831E-3 5.72759E-4 1.24925E-3 3.45131E-4 7.15911E-4 5.68098E-4 6.59146E-4 1.31528E-3 8.40693E-4 8.20435E-4 5.96368E-4
2.24887E-3 2.20482E-3 2.58735E-3 2.59921E-3 2.72679E-3 2.95394E-3 3.86244E-3 3.93566E-3 5.34834E-3 4.22092E-3 4.93326E-3 5.3539E-3 2.9872E-3 2.21366E-3 1.44629E-3 9.74295E-4 3.9079E-3 4.79472E-3 3.59256E-3 3.34157E-3 5.20887E-3 4.30405E-3 1.11721E-3 2.99649E-3 3.99707E-3 3.24989E-3 4.99371E-3 4.86032E-3 5.14952E-3 4.21709E-3 4.12652E-3 4.77573E-3 3.03516E-3 1.17344E-3 1.18663E-3 1.84779E-3 1.50597E-3 1.1771E-3 1.62469E-3 1.66056E-3 1.01635E-3 4.99914E-4 4.96937E-4 2.82079E-4 4.52701E-4 1.26843E-3 8.23393E-4 1.37039E-3 6.40787E-4 1.33127E-3 1.23764E-3 1.4805E-3 9.25809E-4 3.10192E-4 4.98982E-4 1.75797E-3 1.72387E-3 1.59933E-3 6.32688E-4 7.72007E-4 1.34292E-3
1.93252E-3 3.17102E-3 3.01034E-3 3.31314E-3 3.85236E-3 3.39836E-3 3.27733E-3 3.37975E-3 3.84662E-3 4.65111E-3 5.12283E-3 5.65496E-3 3.92633E-3 4.89345E-3 2.38398E-3 8.76638E-4 2.86579E-3 4.10294E-3 4.31736E-3 2.62758E-3 6.01379E-3 3.18635E-3 1.4766E-3 5.00145E-3 5.06601E-3 6.78952E-3 9.53712E-3 9.1042E-3 5.96823E-3 4.24351E-3 5.89607E-3 4.88897E-3 3.37033E-3 5.01381E-3 3.76356E-3 1.0012E-3 2.52094E-3 1.815E-3 1.7361E-3 2.2231E-3 1.21436E-3 8.28581E-4 4.28132E-4 7.57344E-4 3.52275E-4 1.41409E-3 1.24883E-3 4.26969E-4 4.3625E-4 1.04163E-3 1.22552E-3 1.36183E-3 1.52215E-3 1.87244E-3 1.87105E-3 1.37298E-3 1.6467E-3 6.75452E-4 8.67835E-4 1.79396E-3 1.04116E-3
2.6315E-3 2.23673E-3 3.18876E-3 3.86949E-3 3.96383E-3 2.16429E-3 2.99503E-3 4.53949E-3 3.68676E-3 3.62377E-3 5.36613E-3 3.61513E-3 2.75943E-3 4.35331E-3 2.45735E-3 1.3593E-3 2.06315E-3 5.10164E-3 4.52815E-3 2.26743E-3 4.94428E-3 2.30038E-3 4.44928E-3 3.9429E-3 6.30171E-3 9.64397E-3 7.92314E-3 7.65217E-3 8.44864E-3 6.59235E-3 6.50825E-3 4.7887E-3 4.03729E-3 4.8219E-3 4.22159E-3 2.4322E-3 2.50966E-3 3.73747E-3 3.12625E-3 2.60672E-3 2.91498E-3 1.28459E-3 9.47396E-4 2.13637E-3 9.38349E-4 3.85052E-4 6.13371E-4 1.82296E-3 1.93544E-3 1.94104E-3 1.7277E-3 1.61491E-3 1.29593E-3 1.72513E-3 1.1453E-3 1.48507E-3 1.48926E-3 7.26096E-4 1.14895E-3 7.18791E-4 4.23449E-4
3.3186E-3 3.29075E-3 1.8054E-3 3.57378E-3 4.36348E-3 3.66753E-3 1.79035E-3 1.50984E-3 2.53006E-3 2.04409E-3 5.23669E-3 2.28614E-3 3.48059E-3 3.99037E-3 1.72688E-3 1.32444E-3 1.15955E-3 1.73061E-3 3.3028E-3 3.85006E-3 2.31322E-3 3.45153E-3 5.53554E-3 4.80012E-3 8.49763E-3 6.15014E-3 4.45592E-3 8.49321E-3 9.2326E-3 9.20193E-3 6.84182E-3 5.00687E-3 6.04139E-3 5.93191E-3 4.60924E-3 2.80876E-3 3.63487E-3 5.08272E-3 5.28519E-3 3.87838E-3 2.99849E-3 2.14862E-3 2.75869E-3 1.62568E-3 7.74215E-4 1.92742E-3 1.817E-3 1.87781E-3 1.85814E-3 1.20159E-3 1.52746E-3 2.11214E-3 1.44079E-3 1.137E-3 1.03169E-3 1.68163E-3 1.84439E-3 2.04048E-3 9.97157E-4 1.01928E-3 1.18874E-3
3.47942E-3 2.04712E-3 1.71816E-3 2.32791E-3 2.75566E-3 3.73769E-3 3.97731E-3 2.05872E-3 1.34427E-3 1.67838E-3 1.94433E-3 2.44786E-3 4.05235E-3 3.95281E-3 3.80941E-3 3.0639E-3 3.86269E-3 2.36617E-3 1.32361E-3 1.87737E-3 1.66659E-3 6.78943E-3 6.68928E-3 8.93766E-3 6.37595E-3 1.04736E-2 5.0624E-3 8.69502E-3 7.97109E-3 9.03266E-3 7.59135E-3 6.15121E-3 8.24798E-3 6.60453E-3 3.90502E-3 2.4757E-3 5.70319E-3 5.78156E-3 5.53291E-3 4.70249E-3 3.25811E-3 3.21977E-3 2.38133E-3 7.70671E-4 1.46714E-3 2.15814E-3 1.26311E-3 2.32535E-3 2.58196E-3 2.16834E-3 2.64639E-3 2.09314E-3 1.48977E-3 2.08014E-3 1.19974E-3 1.67381E-3 7.89246E-4 9.86559E-4 1.05058E-3 2.23677E-3 2.47176E-3
1.8962E-3 1.47829E-3 3.01417E-3 3.49042E-3 3.1008E-3 2.87948E-3 3.98732E-3 4.76425E-3 3.72257E-3 1.60494E-3 1.03356E-3 3.67281E-3 5.55602E-3 6.30139E-3 6.88002E-3 5.20713E-3 3.14849E-3 6.63571E-3 4.74566E-3 4.01791E-3 2.26243E-3 2.69513E-3 8.25035E-3 8.473E-3 7.18099E-3 4.04012E-3 7.15974E-3 6.53818E-3 3.89931E-3 6.08759E-3 8.23266E-3 7.81756E-3 7.79289E-3 6.72985E-3 3.71281E-3 8.28027E-3 7.94347E-3 7.34527E-3 5.47917E-3 5.6288E-3 3.78261E-3 2.64124E-3 1.6668E-3 2.30198E-3 4.59334E-3 1.17291E-3 2.35303E-3 3.21768E-3 3.93941E-3 2.66304E-3 3.36751E-3 3.07062E-3 1.75953E-3 2.55733E-3 1.88658E-3 2.02851E-3 3.14233E-3 3.22011E-3 3.06694E-3 2.88379E-3 2.03848E-3
1.03558E-3 1.72475E-3 2.07476E-3 2.64183E-3 3.61781E-3 2.32619E-3 4.01992E-3 2.32383E-3 3.04426E-3 3.33493E-3 1.69806E-3 1.49348E-3 4.51713E-3 5.26634E-3 6.35439E-3 6.08268E-3 4.28022E-3 3.32256E-3 3.68081E-3 1.6109E-3 2.33277E-3 1.65112E-3 7.0208E-3 9.11127E-3 2.97441E-3 4.83846E-3 7.10083E-3 4.19835E-3 6.81966E-3 5.62628E-3 6.58895E-3 9.73352E-3 8.33532E-3 8.06185E-3 9.13865E-3 8.54865E-3 8.79399E-3 7.58081E-3 6.93966E-3 2.98968E-3 4.6416E-3 5.02497E-3 6.39852E-3 4.85593E-3 2.83429E-3 3.42334E-3 5.83028E-3 4.23884E-3 5.25378E-3 3.87206E-3 3.62725E-3 2.78572E-3 2.24826E-3 2.86494E-3 2.21822E-3 2.13357E-3 3.86558E-3 3.46513E-3 3.33387E-3 2.99852E-3 2.55697E-3
1.7305E-3 1.9516E-3 2.16905E-3 3.01674E-3 1.80182E-3 2.24197E-3 2.89571E-3 1.81495E-3 3.64702E-3 3.58704E-3 2.71171E-3 2.00934E-3 1.41002E-3 4.47986E-3 4.63956E-3 4.00398E-3 3.54948E-3 2.19928E-3 3.90912E-3 2.91459E-3 4.56381E-3 4.56271E-3 2.383E-3 3.56477E-3 3.88587E-3 6.89938E-3 8.13605E-3 3.83705E-3 3.17121E-3 4.84178E-3 6.17305E-3 9.50011E-3 8.32338E-3 7.45857E-3 7.25331E-3 7.62639E-3 7.74939E-3 7.26777E-3 7.24972E-3 4.87874E-3 5.50487E-3 7.0027E-3 5.77928E-3 4.45761E-3 4.59064E-3 7.34884E-3 6.48451E-3 5.84906E-3 5.07746E-3 4.26217E-3 4.37542E-3 2.30773E-3 3.6012E-3 2.68089E-3 2.70116E-3 4.87176E-3 3.56362E-3 4.04543E-3 3.65095E-3 3.57417E-3 3.91634E-3
2.65671E-3 2.78638E-3 2.87788E-3 1.9754E-3 1.40512E-3 3.14955E-3 1.40897E-3 3.13734E-3 2.76559E-3 1.45305E-3 1.90495E-3 2.5295E-3 1.78347E-3 1.25999E-3 2.54154E-3 2.4692E-3 3.90287E-3 4.49511E-3 4.7418E-3 6.99528E-3 4.01962E-3 2.11953E-3 1.99528E-3 3.2058E-3 4.61518E-3 6.79202E-3 1.04399E-2 1.06805E-2 5.90625E-3 3.43874E-3 3.19518E-3 4.80395E-3 8.35786E-3 8.37289E-3 6.60136E-3 4.91229E-3 7.82825E-3 6.1489E-3 5.87734E-3 7.58625E-3 5.29497E-3 4.23356E-3 6.03921E-3 5.51252E-3 6.62269E-3 5.2947E-3 5.45265E-3 6.79342E-3 4.73652E-3 3.87534E-3 3.90989E-3 2.07037E-3 3.76529E-3 3.67292E-3 4.14533E-3 3.15607E-3 2.34092E-3 2.5483E-3 3.10326E-3 4.33193E-3 3.94142E-3
