Artocarpus hirsutus SDM files/Last interglacial/results (without bias file)/Arthir_2.asc
ncols         625
nrows         721
xllcorner     69.99986311115
yllcorner     5.99986151914999
cellsize      0.041666667
NODATA_value  -9999
[rows 243 to 269 of 721, columns 305 to 365 of 625]
1.34457E-4 1.44363E-4 1.50642E-4 1.55454E-4 1.49688E-4 1.50235E-4 1.50606E-4 1.51153E-4 1.44898E-4 1.43843E-4 1.51647E-4 1.74077E-4 1.55411E-4 1.77368E-4 1.88659E-4 1.983E-4 2.0143E-4 1.9296E-4 1.97344E-4 1.96534E-4 1.86742E-4 1.83995E-4 1.8495E-4 1.82559E-4 1.82794E-4 1.84888E-4 1.87272E-4 1.85533E-4 1.80418E-4 1.83797E-4 1.86555E-4 1.8164E-4 1.83237E-4 1.83885E-4 1.84318E-4 1.9608E-4 1.95245E-4 2.00154E-4 2.09274E-4 2.00477E-4 1.98367E-4 2.1494E-4 2.0145E-4 2.07271E-4 2.40918E-4 2.52757E-4 2.48744E-4 2.44855E-4 2.44689E-4 2.53135E-4 2.45793E-4 2.58227E-4 2.65358E-4 2.63885E-4 2.69858E-4 2.72718E-4 2.64753E-4 2.6647E-4 2.76884E-4 2.79688E-4 2.80251E-4
1.32899E-4 1.43248E-4 1.4416E-4 1.44136E-4 1.48951E-4 1.42781E-4 1.4809E-4 1.67971E-4 1.68625E-4 1.62614E-4 1.62774E-4 1.75763E-4 1.75236E-4 1.7394E-4 1.75957E-4 1.91677E-4 1.8364E-4 1.83365E-4 1.86092E-4 1.88974E-4 1.80712E-4 1.82816E-4 1.80942E-4 1.80668E-4 1.82557E-4 1.80901E-4 1.78658E-4 1.83154E-4 1.78993E-4 1.76239E-4 1.71801E-4 1.74853E-4 1.76162E-4 1.83646E-4 1.83623E-4 1.83991E-4 1.93778E-4 1.98393E-4 1.98081E-4 2.21657E-4 1.9074E-4 2.20309E-4 2.39025E-4 2.33803E-4 2.35833E-4 2.37261E-4 2.4565E-4 2.37102E-4 2.44294E-4 2.40707E-4 2.4381E-4 2.43368E-4 2.48275E-4 2.46579E-4 2.66514E-4 2.6469E-4 2.62926E-4 2.68877E-4 2.68728E-4 2.7856E-4 2.7907E-4
1.39213E-4 1.37529E-4 1.41205E-4 1.41734E-4 1.42262E-4 1.36912E-4 1.56958E-4 1.63004E-4 1.34958E-4 1.60315E-4 1.59874E-4 1.71668E-4 1.72311E-4 1.66365E-4 1.68499E-4 1.633E-4 1.72494E-4 1.80524E-4 1.75709E-4 1.74762E-4 1.77255E-4 1.78389E-4 1.78816E-4 1.80666E-4 1.81808E-4 1.8016E-4 1.7791E-4 1.72939E-4 1.76029E-4 1.74641E-4 1.7483E-4 1.75245E-4 1.7504E-4 1.81315E-4 1.81507E-4 1.79415E-4 1.86807E-4 1.77255E-4 2.0344E-4 1.81675E-4 2.14587E-4 2.16709E-4 2.2648E-4 2.32624E-4 2.31984E-4 2.19666E-4 2.14192E-4 2.27106E-4 2.27069E-4 2.40236E-4 2.30971E-4 2.36472E-4 2.42734E-4 2.42295E-4 2.52966E-4 2.48902E-4 2.54493E-4 2.63138E-4 2.63337E-4 2.76619E-4 2.76103E-4
1.30023E-4 1.35411E-4 1.35384E-4 1.39181E-4 1.40066E-4 1.60595E-4 1.54939E-4 1.53481E-4 1.59422E-4 1.55158E-4 1.54933E-4 1.56925E-4 1.70303E-4 1.63801E-4 1.59355E-4 1.66361E-4 1.63291E-4 1.68281E-4 1.68044E-4 1.66921E-4 1.68863E-4 1.68626E-4 1.7035E-4 1.71889E-4 1.70979E-4 1.73616E-4 1.74489E-4 1.73999E-4 1.68573E-4 1.67244E-4 1.70198E-4 1.71047E-4 1.70184E-4 1.71902E-4 1.74544E-4 1.78949E-4 1.87264E-4 1.76804E-4 2.02675E-4 1.74258E-4 1.99192E-4 2.14278E-4 2.07511E-4 2.23134E-4 2.24524E-4 2.19448E-4 2.13242E-4 2.1429E-4 2.13944E-4 2.28168E-4 2.34519E-4 2.31449E-4 2.37581E-4 2.40099E-4 2.44386E-4 2.44261E-4 2.50074E-4 2.48043E-4 2.50845E-4 2.6071E-4 2.71626E-4
1.41852E-4 1.40545E-4 1.52267E-4 1.37568E-4 1.57528E-4 1.58519E-4 1.48561E-4 1.43883E-4 1.41193E-4 1.47808E-4 1.49516E-4 1.54292E-4 1.58151E-4 1.59156E-4 1.526E-4 1.56666E-4 1.61585E-4 1.59911E-4 1.64581E-4 1.63924E-4 1.6668E-4 1.67746E-4 1.66658E-4 1.68146E-4 1.68549E-4 1.70278E-4 1.65361E-4 1.67696E-4 1.62432E-4 1.61799E-4 1.62396E-4 1.634E-4 1.66953E-4 1.72285E-4 1.72509E-4 1.73368E-4 1.71795E-4 2.04828E-4 1.79044E-4 1.99025E-4 2.10103E-4 2.05084E-4 2.07084E-4 2.14493E-4 2.24617E-4 2.21943E-4 2.17119E-4 2.17337E-4 2.17272E-4 2.24821E-4 2.32855E-4 2.28864E-4 2.374E-4 2.41872E-4 2.34825E-4 2.33186E-4 2.40257E-4 2.38928E-4 2.40904E-4 2.48478E-4 2.50047E-4
1.45462E-4 1.38546E-4 1.37641E-4 1.50289E-4 1.51633E-4 1.52398E-4 1.40177E-4 1.42771E-4 1.42743E-4 1.45728E-4 1.4703E-4 1.52507E-4 1.55916E-4 1.56093E-4 1.52238E-4 1.51816E-4 1.5479E-4 1.57653E-4 1.62047E-4 1.60787E-4 1.63066E-4 1.57964E-4 1.59165E-4 1.58528E-4 1.61407E-4 1.62021E-4 1.64931E-4 1.61204E-4 1.64223E-4 1.59517E-4 1.60296E-4 1.62552E-4 1.62279E-4 1.63086E-4 1.66221E-4 1.95948E-4 1.94424E-4 1.93642E-4 1.92613E-4 2.01082E-4 1.95956E-4 2.06607E-4 2.0607E-4 2.09919E-4 2.09072E-4 2.16988E-4 2.07137E-4 2.14623E-4 2.12124E-4 2.25856E-4 2.22779E-4 2.30269E-4 2.24299E-4 2.30808E-4 2.29238E-4 2.29725E-4 2.34968E-4 2.33062E-4 2.36412E-4 2.40853E-4 2.43109E-4
1.28893E-4 1.43762E-4 1.37835E-4 1.47591E-4 1.49299E-4 1.48701E-4 1.37671E-4 1.40934E-4 1.41449E-4 1.43667E-4 1.44584E-4 1.46433E-4 1.49719E-4 1.5386E-4 1.45785E-4 1.52232E-4 1.52403E-4 1.51388E-4 1.56623E-4 1.56186E-4 1.58402E-4 1.5533E-4 1.57738E-4 1.57722E-4 1.60552E-4 1.60309E-4 1.60502E-4 1.6092E-4 1.61708E-4 1.58671E-4 1.53705E-4 1.55868E-4 1.55607E-4 1.58984E-4 1.62031E-4 1.55888E-4 1.83028E-4 1.9216E-4 1.88944E-4 1.97735E-4 1.95942E-4 1.91943E-4 2.01086E-4 2.06483E-4 2.01031E-4 2.12581E-4 2.10034E-4 2.08371E-4 2.07529E-4 2.06153E-4 2.13564E-4 2.19479E-4 2.26734E-4 2.27303E-4 2.29961E-4 2.29675E-4 2.3159E-4 2.32909E-4 2.18562E-4 2.17919E-4 2.40949E-4
1.26406E-4 1.42211E-4 1.39824E-4 1.44485E-4 1.45224E-4 1.35996E-4 1.29972E-4 1.30764E-4 1.36521E-4 1.36503E-4 1.44384E-4 1.44927E-4 1.48986E-4 1.50923E-4 1.54509E-4 1.48519E-4 1.50433E-4 1.50224E-4 1.55016E-4 1.5477E-4 1.55547E-4 1.57754E-4 1.55711E-4 1.56305E-4 1.56289E-4 1.59911E-4 1.60293E-4 1.55867E-4 1.5526E-4 1.54857E-4 1.55613E-4 1.52096E-4 1.53835E-4 1.59144E-4 1.50596E-4 1.52316E-4 1.57385E-4 1.8611E-4 1.83767E-4 1.88672E-4 1.94696E-4 1.86708E-4 1.98051E-4 1.98309E-4 1.98745E-4 2.0092E-4 2.05287E-4 2.04193E-4 2.03105E-4 2.02519E-4 2.15459E-4 2.15646E-4 2.20789E-4 2.20116E-4 2.25071E-4 2.27073E-4 2.20175E-4 2.23131E-4 2.17993E-4 2.20671E-4 2.21378E-4
1.21515E-4 1.21818E-4 1.32685E-4 1.37287E-4 1.3817E-4 1.29669E-4 1.33814E-4 1.31831E-4 1.33047E-4 1.36157E-4 1.47956E-4 1.43821E-4 1.44173E-4 1.45657E-4 1.46382E-4 1.45047E-4 1.49276E-4 1.45538E-4 1.49222E-4 1.54986E-4 1.44913E-4 1.47999E-4 1.50465E-4 1.52204E-4 1.56458E-4 1.5158E-4 1.58459E-4 1.54487E-4 1.57846E-4 1.55434E-4 1.5599E-4 1.57365E-4 1.51288E-4 1.49265E-4 1.69651E-4 1.76652E-4 1.73716E-4 1.72835E-4 1.81887E-4 1.80472E-4 1.84822E-4 1.84079E-4 1.92905E-4 1.95771E-4 1.92743E-4 1.9686E-4 2.01167E-4 2.01637E-4 1.98512E-4 1.94253E-4 1.94314E-4 2.09621E-4 2.11508E-4 2.12559E-4 2.18734E-4 2.1292E-4 2.0131E-4 2.03793E-4 2.03925E-4 2.03788E-4 2.0762E-4
1.17272E-4 1.16347E-4 1.22773E-4 1.26056E-4 1.21319E-4 1.26186E-4 1.30383E-4 1.26554E-4 1.239E-4 1.32478E-4 1.38281E-4 1.27119E-4 1.40673E-4 1.41755E-4 1.51105E-4 1.44482E-4 1.43894E-4 1.49261E-4 1.49415E-4 1.47492E-4 1.44807E-4 1.49339E-4 1.52138E-4 1.52122E-4 1.55258E-4 1.55646E-4 1.5365E-4 1.57005E-4 1.52108E-4 1.54234E-4 1.4807E-4 1.48827E-4 1.51091E-4 1.66233E-4 1.68133E-4 1.70053E-4 1.69611E-4 1.69369E-4 1.68929E-4 1.80487E-4 1.73526E-4 1.81345E-4 1.79044E-4 1.88304E-4 1.91627E-4 1.84864E-4 1.82908E-4 1.94451E-4 1.99614E-4 1.92358E-4 1.89808E-4 2.00493E-4 2.01065E-4 1.99936E-4 2.10053E-4 2.13223E-4 2.115E-4 2.00439E-4 2.00309E-4 2.0635E-4 2.07127E-4
1.18355E-4 1.15005E-4 1.247E-4 1.21181E-4 1.17236E-4 1.21155E-4 1.31805E-4 1.26403E-4 1.19486E-4 1.3161E-4 1.25384E-4 1.47601E-4 1.52109E-4 1.4397E-4 1.3922E-4 1.4348E-4 1.42056E-4 1.42588E-4 1.43095E-4 1.39815E-4 1.45561E-4 1.43866E-4 1.45505E-4 1.4834E-4 1.50054E-4 1.50611E-4 1.50791E-4 1.52504E-4 1.51894E-4 1.52455E-4 1.51269E-4 1.71273E-4 1.4316E-4 1.6537E-4 1.65585E-4 1.63293E-4 1.6432E-4 1.67418E-4 1.65086E-4 1.63802E-4 1.72401E-4 1.74821E-4 1.72807E-4 1.77873E-4 1.81236E-4 1.83212E-4 1.84576E-4 1.78046E-4 1.88484E-4 1.83809E-4 1.87431E-4 1.94878E-4 1.9953E-4 1.99705E-4 2.01718E-4 2.02968E-4 2.02613E-4 1.96657E-4 1.9727E-4 2.03824E-4 2.04252E-4
1.1729E-4 1.15766E-4 1.19245E-4 1.18259E-4 1.16937E-4 1.20678E-4 1.27202E-4 1.2702E-4 1.33135E-4 1.27515E-4 1.27444E-4 1.45342E-4 1.45302E-4 1.50108E-4 1.43994E-4 1.44335E-4 1.45217E-4 1.43888E-4 1.47159E-4 1.45989E-4 1.39067E-4 1.49271E-4 1.50398E-4 1.53328E-4 1.53313E-4 1.55474E-4 1.53264E-4 1.53233E-4 1.7747E-4 1.46567E-4 1.51056E-4 1.53189E-4 1.67686E-4 1.62273E-4 1.62026E-4 1.58975E-4 1.60582E-4 1.59956E-4 1.59521E-4 1.61913E-4 1.69344E-4 1.71932E-4 1.74297E-4 1.73822E-4 1.71373E-4 1.76853E-4 1.77708E-4 1.76684E-4 1.86095E-4 1.81693E-4 1.86482E-4 1.93164E-4 1.95143E-4 1.95673E-4 1.97134E-4 1.97048E-4 1.99504E-4 1.937E-4 1.9358E-4 2.00503E-4 2.01646E-4
1.23272E-4 1.16525E-4 1.0941E-4 1.12286E-4 1.12565E-4 1.19751E-4 1.26884E-4 1.27358E-4 1.33671E-4 1.28903E-4 1.3954E-4 1.32346E-4 1.49178E-4 1.42928E-4 1.45913E-4 1.47809E-4 1.43749E-4 1.40505E-4 1.43874E-4 1.40555E-4 1.41804E-4 1.43809E-4 1.47832E-4 1.50881E-4 1.50655E-4 1.49512E-4 1.49079E-4 1.50202E-4 1.49975E-4 1.48793E-4 1.7257E-4 1.61677E-4 1.61659E-4 1.61029E-4 1.60784E-4 1.58562E-4 1.59559E-4 1.5772E-4 1.57292E-4 1.57292E-4 1.56856E-4 1.67393E-4 1.72513E-4 1.66896E-4 1.65188E-4 1.76141E-4 1.73886E-4 1.73968E-4 1.77428E-4 1.73762E-4 1.73243E-4 1.84074E-4 1.85478E-4 1.8136E-4 1.91312E-4 1.96587E-4 1.9954E-4 2.02781E-4 1.9455E-4 2.00753E-4 2.01408E-4
1.23394E-4 1.2195E-4 1.20031E-4 1.22602E-4 1.18231E-4 1.22157E-4 1.29054E-4 1.33883E-4 1.19756E-4 1.22962E-4 1.28425E-4 1.38273E-4 1.49005E-4 1.43485E-4 1.41751E-4 1.45721E-4 1.474E-4 1.43001E-4 1.4242E-4 1.42941E-4 1.43475E-4 1.47475E-4 1.47269E-4 1.46314E-4 1.51471E-4 1.49512E-4 1.49483E-4 1.71595E-4 1.51545E-4 1.51497E-4 1.74586E-4 1.63551E-4 1.67902E-4 1.62649E-4 1.62631E-4 1.56742E-4 1.59948E-4 1.59306E-4 1.53372E-4 1.52367E-4 1.57867E-4 1.57438E-4 1.68431E-4 1.62965E-4 1.60055E-4 1.68321E-4 1.69563E-4 1.71636E-4 1.75555E-4 1.74929E-4 1.73321E-4 1.84589E-4 1.82416E-4 1.84965E-4 1.84168E-4 1.94579E-4 1.94343E-4 2.0022E-4 1.94585E-4 1.98448E-4 1.96596E-4
1.26693E-4 1.25207E-4 1.29392E-4 1.28716E-4 1.30129E-4 1.33603E-4 1.3531E-4 1.30576E-4 1.34287E-4 1.29823E-4 1.29815E-4 1.48441E-4 1.40536E-4 1.4124E-4 1.45944E-4 1.41913E-4 1.47423E-4 1.474E-4 1.43164E-4 1.42582E-4 1.46203E-4 1.46927E-4 1.47667E-4 1.50827E-4 1.74136E-4 1.53953E-4 1.73649E-4 1.72713E-4 1.65148E-4 1.65329E-4 1.64776E-4 1.57235E-4 1.56401E-4 1.61384E-4 1.56962E-4 1.51853E-4 1.51648E-4 1.51433E-4 1.55495E-4 1.57271E-4 1.56639E-4 1.55642E-4 1.55605E-4 1.61316E-4 1.63303E-4 1.62033E-4 1.62204E-4 1.6997E-4 1.69858E-4 1.7538E-4 1.73563E-4 1.8533E-4 1.81233E-4 1.82836E-4 1.87664E-4 1.9024E-4 1.92609E-4 1.92997E-4 1.87781E-4 1.94494E-4 1.94845E-4
1.24352E-4 1.24184E-4 1.22156E-4 1.26404E-4 1.28565E-4 1.32515E-4 1.39621E-4 1.26705E-4 1.34051E-4 1.37041E-4 1.42317E-4 1.45927E-4 1.4266E-4 1.37032E-4 1.41044E-4 1.41554E-4 1.47627E-4 1.47411E-4 1.42616E-4 1.42778E-4 1.42766E-4 1.42555E-4 1.63007E-4 1.67349E-4 1.70806E-4 1.73666E-4 1.70326E-4 1.71593E-4 1.6388E-4 1.62784E-4 1.55195E-4 1.55381E-4 1.56142E-4 1.58137E-4 1.53972E-4 1.53972E-4 1.54907E-4 1.54522E-4 1.55882E-4 1.56677E-4 1.55256E-4 1.53666E-4 1.55946E-4 1.56537E-4 1.6309E-4 1.57573E-4 1.63037E-4 1.73871E-4 1.68558E-4 1.7406E-4 1.75109E-4 1.86081E-4 1.8196E-4 1.84033E-4 2.09271E-4 1.83139E-4 1.88216E-4 1.93976E-4 1.96836E-4 1.92981E-4 1.99097E-4
1.26642E-4 1.2213E-4 1.24405E-4 1.27399E-4 1.29915E-4 1.3425E-4 1.35829E-4 1.34468E-4 1.31067E-4 1.37405E-4 1.36847E-4 1.41043E-4 1.37084E-4 1.37952E-4 1.42539E-4 1.41391E-4 1.4137E-4 1.47613E-4 1.43734E-4 1.44893E-4 1.6096E-4 1.62203E-4 1.60081E-4 1.63613E-4 1.69069E-4 1.72556E-4 1.68797E-4 1.66153E-4 1.62833E-4 1.66066E-4 1.54606E-4 1.54574E-4 1.54944E-4 1.50682E-4 1.51632E-4 1.51418E-4 1.49136E-4 1.50484E-4 1.51234E-4 1.59025E-4 1.58612E-4 1.58387E-4 1.48096E-4 1.5363E-4 1.52039E-4 1.57375E-4 1.6198E-4 1.64188E-4 1.71156E-4 1.69314E-4 1.78198E-4 1.84851E-4 1.83604E-4 1.82602E-4 1.87205E-4 1.89761E-4 2.22245E-4 2.24972E-4 2.30589E-4 2.25208E-4 2.00579E-4
1.20514E-4 1.23633E-4 1.20062E-4 1.26022E-4 1.21637E-4 1.34501E-4 1.3097E-4 1.35489E-4 1.3371E-4 1.3582E-4 1.35975E-4 1.47485E-4 1.33155E-4 1.32627E-4 1.38823E-4 1.39155E-4 1.42869E-4 1.60947E-4 1.44503E-4 1.66082E-4 1.5945E-4 1.59216E-4 1.59174E-4 1.5916E-4 1.59531E-4 1.62718E-4 1.6039E-4 1.66135E-4 1.64487E-4 1.56496E-4 1.55886E-4 1.56855E-4 1.61028E-4 1.61011E-4 1.50649E-4 1.50436E-4 1.50615E-4 1.52157E-4 1.54119E-4 1.54686E-4 1.51924E-4 1.51888E-4 1.51875E-4 1.51284E-4 1.49129E-4 1.5123E-4 1.61978E-4 1.59468E-4 1.69844E-4 1.75925E-4 1.74888E-4 1.77928E-4 1.85268E-4 2.12888E-4 2.11999E-4 2.15124E-4 2.21379E-4 2.24939E-4 2.29726E-4 2.23526E-4 2.3375E-4
1.24772E-4 1.22521E-4 1.24794E-4 1.24621E-4 1.25654E-4 1.2877E-4 1.33766E-4 1.38305E-4 1.38923E-4 1.35465E-4 1.34397E-4 1.35774E-4 1.41777E-4 1.43038E-4 1.37932E-4 1.58949E-4 1.59329E-4 1.61597E-4 1.63766E-4 1.64167E-4 1.59684E-4 1.60255E-4 1.59617E-4 1.58554E-4 1.58526E-4 1.66538E-4 1.65427E-4 1.63485E-4 1.62409E-4 1.58529E-4 1.5769E-4 1.57453E-4 1.57625E-4 1.58019E-4 1.58981E-4 1.51799E-4 1.52359E-4 1.55243E-4 1.56221E-4 1.5541E-4 1.52885E-4 1.52487E-4 1.50908E-4 1.52235E-4 1.51445E-4 1.54681E-4 1.59507E-4 1.63128E-4 1.69623E-4 1.69574E-4 1.8117E-4 2.07664E-4 2.16765E-4 2.18069E-4 2.17131E-4 2.17324E-4 2.17232E-4 2.34804E-4 2.25973E-4 2.3072E-4 2.33787E-4
1.29793E-4 1.24791E-4 1.34714E-4 1.34835E-4 1.28979E-4 1.27975E-4 1.45886E-4 1.60938E-4 1.5352E-4 1.28221E-4 1.31121E-4 1.50681E-4 1.59185E-4 1.55939E-4 1.50869E-4 1.50037E-4 1.55249E-4 1.60222E-4 1.63353E-4 1.59694E-4 1.60084E-4 1.53892E-4 1.60477E-4 1.54437E-4 1.60583E-4 1.59306E-4 1.61857E-4 1.59435E-4 1.55573E-4 1.55933E-4 1.53185E-4 1.51978E-4 1.58239E-4 1.58205E-4 1.57777E-4 1.5776E-4 1.50614E-4 1.56446E-4 1.55225E-4 1.55612E-4 1.53481E-4 1.5208E-4 1.57153E-4 1.55728E-4 1.53933E-4 1.52718E-4 1.63979E-4 1.6207E-4 1.60183E-4 1.70162E-4 1.77511E-4 1.7927E-4 1.92648E-4 2.18039E-4 2.16285E-4 2.15664E-4 2.22511E-4 2.28107E-4 2.29758E-4 2.22977E-4 2.31438E-4
1.58165E-4 1.49636E-4 1.73531E-4 1.65055E-4 1.54828E-4 1.40132E-4 1.49627E-4 1.53451E-4 1.59748E-4 1.60694E-4 1.5885E-4 1.57606E-4 1.54719E-4 1.61775E-4 1.50759E-4 1.51517E-4 1.58343E-4 1.63096E-4 1.61556E-4 1.62822E-4 1.61298E-4 1.5843E-4 1.58186E-4 1.5981E-4 1.6029E-4 1.58602E-4 1.59396E-4 1.58952E-4 1.52102E-4 1.51084E-4 1.50285E-4 1.55649E-4 1.5723E-4 1.56788E-4 1.57179E-4 1.55145E-4 1.5653E-4 1.49442E-4 1.5194E-4 1.52702E-4 1.52042E-4 1.51317E-4 1.50531E-4 1.50889E-4 1.50265E-4 1.48533E-4 1.50938E-4 1.60013E-4 1.63413E-4 1.74705E-4 1.81821E-4 1.84319E-4 2.22001E-4 2.23306E-4 2.21251E-4 2.18646E-4 2.28707E-4 2.30967E-4 2.23369E-4 2.25494E-4 2.24254E-4
1.57985E-4 1.405E-4 1.54092E-4 1.38485E-4 1.41888E-4 1.4093E-4 1.52151E-4 1.52133E-4 1.48971E-4 1.57958E-4 1.55217E-4 1.60149E-4 1.44171E-4 1.68719E-4 1.62872E-4 1.55382E-4 1.57965E-4 1.56836E-4 1.55425E-4 1.60778E-4 1.63721E-4 1.57083E-4 1.56178E-4 1.56548E-4 1.64604E-4 1.58012E-4 1.59411E-4 1.57335E-4 1.55386E-4 1.54752E-4 1.5373E-4 1.53884E-4 1.49622E-4 1.58136E-4 1.58119E-4 1.59514E-4 1.59912E-4 1.52538E-4 1.54037E-4 1.52439E-4 1.55206E-4 1.54784E-4 1.51496E-4 1.50889E-4 1.53349E-4 1.49994E-4 1.48828E-4 1.84392E-4 1.65936E-4 1.99609E-4 1.9829E-4 2.09209E-4 2.09946E-4 2.152E-4 2.22073E-4 2.26256E-4 2.41017E-4 2.27135E-4 2.25889E-4 2.221E-4 2.10622E-4
1.62968E-4 1.60805E-4 1.48912E-4 1.50305E-4 1.5254E-4 1.63886E-4 1.93083E-4 1.71466E-4 1.84367E-4 1.91605E-4 1.82169E-4 1.74341E-4 1.59465E-4 1.43545E-4 1.46171E-4 1.77212E-4 1.95238E-4 1.87735E-4 1.56813E-4 1.75816E-4 1.72562E-4 1.58337E-4 1.49211E-4 1.57128E-4 1.60164E-4 1.64155E-4 1.60473E-4 1.62014E-4 1.54498E-4 1.61198E-4 1.50985E-4 1.52976E-4 1.47993E-4 1.54491E-4 1.52789E-4 1.59722E-4 1.6052E-4 1.55436E-4 1.55008E-4 1.52122E-4 1.56594E-4 1.52105E-4 1.49748E-4 1.5414E-4 1.51967E-4 1.50768E-4 1.54978E-4 1.6206E-4 1.86245E-4 1.99609E-4 1.97774E-4 2.10822E-4 2.09673E-4 2.06693E-4 2.16518E-4 2.10803E-4 2.23598E-4 2.25989E-4 2.24199E-4 2.19865E-4 2.02764E-4
1.74013E-4 1.66893E-4 1.49291E-4 1.81185E-4 1.59104E-4 1.82534E-4 1.87336E-4 1.78286E-4 1.84607E-4 1.82931E-4 1.70021E-4 1.63288E-4 1.85462E-4 1.75341E-4 1.82208E-4 1.60382E-4 1.66612E-4 1.77138E-4 1.46473E-4 1.61781E-4 1.4857E-4 1.57853E-4 1.59154E-4 1.68811E-4 1.64216E-4 1.60742E-4 1.66758E-4 1.56369E-4 1.56032E-4 1.52221E-4 1.52082E-4 1.59022E-4 1.72915E-4 1.56553E-4 1.54759E-4 1.55604E-4 1.57935E-4 1.55313E-4 1.51761E-4 1.51153E-4 1.50173E-4 1.48811E-4 1.52406E-4 1.54524E-4 1.50587E-4 1.47719E-4 1.52621E-4 1.59407E-4 1.87194E-4 1.99609E-4 1.98007E-4 2.01782E-4 2.09428E-4 2.17675E-4 2.10888E-4 2.18378E-4 2.26752E-4 2.21538E-4 2.14491E-4 2.00107E-4 2.03158E-4
1.5434E-4 1.53924E-4 1.58841E-4 1.70986E-4 1.75545E-4 1.78854E-4 1.78728E-4 1.62405E-4 1.76161E-4 1.6258E-4 1.36838E-4 1.58295E-4 1.72761E-4 1.8698E-4 1.66843E-4 1.21399E-4 1.67284E-4 1.7492E-4 1.89771E-4 1.60229E-4 1.79634E-4 1.59243E-4 1.99793E-4 1.90045E-4 1.72481E-4 1.51161E-4 1.63127E-4 1.62665E-4 1.61485E-4 1.49291E-4 1.62312E-4 2.03849E-4 1.93297E-4 1.53459E-4 1.56391E-4 1.55174E-4 1.55521E-4 1.57313E-4 1.50206E-4 1.53218E-4 1.51254E-4 1.51434E-4 1.52186E-4 1.49527E-4 1.45908E-4 1.69785E-4 1.48439E-4 1.58973E-4 1.86487E-4 1.90697E-4 1.99065E-4 2.0152E-4 2.11592E-4 2.10423E-4 2.14932E-4 2.21207E-4 2.2021E-4 2.18182E-4 2.15361E-4 2.08346E-4 2.05984E-4
1.40295E-4 1.40999E-4 1.32197E-4 1.32534E-4 1.46401E-4 1.68452E-4 1.53297E-4 1.51587E-4 1.55707E-4 1.38588E-4 1.38963E-4 1.552E-4 1.35403E-4 1.29634E-4 1.30087E-4 1.40035E-4 1.47177E-4 1.73572E-4 1.82496E-4 1.48589E-4 1.82518E-4 1.59398E-4 1.63852E-4 1.34807E-4 1.49749E-4 1.59898E-4 1.87052E-4 1.73667E-4 1.59716E-4 1.65891E-4 2.23743E-4 1.8275E-4 1.48796E-4 1.41277E-4 1.50932E-4 1.5912E-4 1.66102E-4 1.47543E-4 1.43298E-4 1.46761E-4 1.5282E-4 1.5053E-4 1.48794E-4 1.46289E-4 1.47177E-4 1.70227E-4 1.48632E-4 1.89092E-4 1.91716E-4 1.90472E-4 1.99082E-4 1.9899E-4 2.06629E-4 2.02893E-4 2.21299E-4 2.24857E-4 2.23627E-4 2.17929E-4 2.03786E-4 2.05297E-4 2.12164E-4
1.39147E-4 1.38365E-4 1.41447E-4 1.48766E-4 1.45706E-4 1.59297E-4 1.54431E-4 1.51647E-4 1.4375E-4 1.50853E-4 1.52686E-4 1.52521E-4 1.33583E-4 1.37803E-4 1.66496E-4 1.69499E-4 1.2928E-4 1.5583E-4 1.79247E-4 1.57868E-4 1.78328E-4 1.68173E-4 1.59593E-4 1.71295E-4 1.67992E-4 1.91887E-4 2.17911E-4 2.21237E-4 1.86603E-4 1.82337E-4 2.27343E-4 1.5625E-4 1.4371E-4 1.40633E-4 1.57042E-4 1.68723E-4 1.54541E-4 1.50047E-4 1.51566E-4 1.4291E-4 1.4475E-4 1.44528E-4 1.51992E-4 1.49822E-4 1.70671E-4 1.72642E-4 1.71249E-4 1.86507E-4 1.82279E-4 1.83161E-4 2.00356E-4 1.98756E-4 2.02543E-4 1.98079E-4 2.11435E-4 2.25736E-4 2.23077E-4 2.05173E-4 2.06935E-4 2.06339E-4 2.07325E-4
