Artocarpus hirsutus SDM files/Last interglacial/results (without bias file)/Arthir_median.asc
ncols         625
nrows         721
xllcorner     69.99986311115
yllcorner     5.99986151914999
cellsize      0.041666667
NODATA_value  -9999
[rows 243 to 269 of 721, columns 61 to 121 of 625]
1.73506E-4 1.69634E-4 1.65849E-4 1.67154E-4 1.72026E-4 1.6775E-4 1.36879E-4 1.59779E-4 1.33999E-4 1.34698E-4 1.31525E-4 1.38407E-4 1.39496E-4 1.3656E-4 1.33687E-4 1.26659E-4 1.25181E-4 1.23675E-4 1.22345E-4 1.22981E-4 1.2189E-4 1.20713E-4 1.28617E-4 1.25381E-4 1.31863E-4 1.28554E-4 1.31863E-4 1.29284E-4 1.28981E-4 1.28545E-4 1.311E-4 1.25381E-4 1.19058E-4 1.17076E-4 1.15428E-4 1.23418E-4 1.19943E-4 1.23551E-4 1.22131E-4 1.20406E-4 1.19887E-4 1.17011E-4 1.18346E-4 1.2081E-4 1.1707E-4 1.16573E-4 1.1659E-4 1.16662E-4 1.1815E-4 1.12868E-4 1.1196E-4 1.09305E-4 1.0629E-4 1.03528E-4 1.02014E-4 9.99178E-5 1.01393E-4 1.00527E-4 1.02685E-4 1.00064E-4 1.02341E-4
1.7306E-4 1.67654E-4 1.6897E-4 1.69631E-4 1.65635E-4 1.71802E-4 1.62789E-4 1.56019E-4 1.52732E-4 1.53729E-4 1.61778E-4 1.38952E-4 1.31651E-4 1.29216E-4 1.2683E-4 1.2645E-4 1.23193E-4 1.24162E-4 1.24622E-4 1.21151E-4 1.24269E-4 1.25152E-4 1.32629E-4 1.29539E-4 1.29843E-4 1.32433E-4 1.29843E-4 1.30036E-4 1.30404E-4 1.33752E-4 1.29843E-4 1.26289E-4 1.206E-4 1.18948E-4 1.22028E-4 1.23379E-4 1.2427E-4 1.24013E-4 1.20644E-4 1.22367E-4 1.23883E-4 1.17071E-4 1.20128E-4 1.17071E-4 1.16607E-4 1.18941E-4 1.16763E-4 1.14765E-4 1.16557E-4 1.13028E-4 1.09623E-4 1.08143E-4 1.04763E-4 1.01619E-4 9.86972E-5 1.02372E-4 1.02896E-4 1.00203E-4 1.01383E-4 9.95087E-5 1.00321E-4
1.66561E-4 1.67223E-4 1.63918E-4 1.64345E-4 1.64988E-4 1.71353E-4 1.62366E-4 1.59996E-4 1.56017E-4 1.51289E-4 1.52879E-4 1.4986E-4 1.49471E-4 1.5045E-4 1.26833E-4 1.45315E-4 1.40958E-4 1.24984E-4 1.23129E-4 1.27322E-4 1.24004E-4 1.33014E-4 1.31321E-4 1.34347E-4 1.31534E-4 1.33959E-4 1.30783E-4 1.30413E-4 1.30413E-4 1.3022E-4 1.29668E-4 1.27563E-4 1.22104E-4 1.21E-4 1.215E-4 1.21293E-4 1.21357E-4 1.23268E-4 1.20658E-4 1.21932E-4 1.18636E-4 1.18522E-4 1.17087E-4 1.19101E-4 1.17943E-4 1.17442E-4 1.17442E-4 1.15078E-4 1.12555E-4 1.12724E-4 1.09313E-4 1.04155E-4 1.04321E-4 1.01223E-4 1.02379E-4 1.0291E-4 1.03574E-4 1.01655E-4 1.01124E-4 1.00988E-4 9.95047E-5
1.72891E-4 1.71263E-4 1.65212E-4 1.61736E-4 1.62153E-4 1.68283E-4 1.56021E-4 1.57248E-4 1.53743E-4 1.54549E-4 1.47533E-4 1.49081E-4 1.5045E-4 1.46204E-4 1.50392E-4 1.46816E-4 1.43882E-4 1.21159E-4 1.19193E-4 1.25888E-4 1.26782E-4 1.30052E-4 1.32646E-4 1.37125E-4 1.334E-4 1.30598E-4 1.34825E-4 1.31534E-4 1.31348E-4 1.31348E-4 1.31542E-4 1.31639E-4 1.32307E-4 1.20996E-4 1.21308E-4 1.2394E-4 1.22704E-4 1.23328E-4 1.21288E-4 1.16937E-4 1.17435E-4 1.18605E-4 1.18933E-4 1.17119E-4 1.17457E-4 1.16119E-4 1.16111E-4 1.13798E-4 1.14926E-4 1.08854E-4 1.07513E-4 1.0589E-4 1.11015E-4 1.07071E-4 1.05815E-4 1.0291E-4 1.02064E-4 1.0017E-4 1.01391E-4 9.84819E-5 9.79451E-5
1.74993E-4 1.62866E-4 1.6132E-4 1.628E-4 1.60841E-4 1.57248E-4 1.63972E-4 1.56431E-4 1.60002E-4 1.57252E-4 1.54061E-4 1.51926E-4 1.46204E-4 1.47679E-4 1.47255E-4 1.45378E-4 1.43891E-4 1.48864E-4 1.46159E-4 1.46159E-4 1.22382E-4 1.35389E-4 1.3293E-4 1.33031E-4 1.30799E-4 1.38116E-4 1.385E-4 1.31542E-4 1.32297E-4 1.3551E-4 1.33064E-4 1.37364E-4 1.31573E-4 1.22411E-4 1.21198E-4 1.31398E-4 1.24089E-4 1.23352E-4 1.219E-4 1.24005E-4 1.21296E-4 1.17768E-4 1.158E-4 1.16967E-4 1.17465E-4 1.15129E-4 1.17276E-4 1.13628E-4 1.10824E-4 1.07342E-4 1.06759E-4 1.04271E-4 1.09661E-4 1.04546E-4 1.03861E-4 1.03993E-4 1.03174E-4 1.01527E-4 1.00431E-4 9.92357E-5 9.78177E-5
1.75219E-4 1.50825E-4 1.5137E-4 1.48768E-4 1.49743E-4 1.46783E-4 1.40495E-4 1.47914E-4 1.55871E-4 1.53796E-4 1.54289E-4 1.51506E-4 1.48321E-4 1.4828E-4 1.4642E-4 1.47464E-4 1.4642E-4 1.42601E-4 1.47425E-4 1.46385E-4 1.46376E-4 1.54234E-4 1.33512E-4 1.30068E-4 1.37726E-4 1.43172E-4 1.36193E-4 1.35424E-4 1.35616E-4 1.33253E-4 1.35817E-4 1.35112E-4 1.33242E-4 1.51887E-4 1.52382E-4 1.48125E-4 1.32048E-4 1.2639E-4 1.2096E-4 1.21132E-4 1.20099E-4 1.19125E-4 1.18644E-4 1.19656E-4 1.14494E-4 1.12819E-4 1.16284E-4 1.1442E-4 1.12059E-4 1.06448E-4 1.04409E-4 1.06545E-4 1.05118E-4 1.06356E-4 1.03437E-4 1.02473E-4 1.0005E-4 1.00943E-4 1.03401E-4 9.88234E-5 9.82702E-5
1.72215E-4 1.5221E-4 1.54825E-4 1.54018E-4 1.50336E-4 1.48778E-4 1.47641E-4 1.54532E-4 1.61415E-4 1.51888E-4 1.48123E-4 1.51946E-4 1.54508E-4 1.50678E-4 1.47261E-4 1.45172E-4 1.45558E-4 1.47861E-4 1.4892E-4 1.46732E-4 1.55387E-4 1.54462E-4 1.56231E-4 1.34858E-4 1.34476E-4 1.38603E-4 1.36402E-4 1.33449E-4 1.41114E-4 1.34215E-4 1.37904E-4 1.37649E-4 1.57935E-4 1.33886E-4 1.3291E-4 1.29726E-4 1.30656E-4 1.2323E-4 1.22527E-4 1.22874E-4 1.19654E-4 1.19817E-4 1.20528E-4 1.17405E-4 1.18569E-4 1.12541E-4 1.12315E-4 1.11273E-4 1.07917E-4 1.07154E-4 1.02196E-4 1.06962E-4 1.04845E-4 1.02502E-4 1.0219E-4 1.05202E-4 1.03388E-4 1.03949E-4 1.03949E-4 1.01189E-4 1.03183E-4
1.83439E-4 1.56295E-4 1.54419E-4 1.54788E-4 1.55227E-4 1.48334E-4 1.46743E-4 1.52734E-4 1.42914E-4 1.41041E-4 1.49481E-4 1.54522E-4 1.46637E-4 1.44669E-4 1.4364E-4 1.4598E-4 1.46818E-4 1.47026E-4 1.48499E-4 1.4759E-4 1.55147E-4 1.55147E-4 1.55798E-4 1.56923E-4 1.35255E-4 1.38807E-4 1.39003E-4 1.3661E-4 1.38754E-4 1.35759E-4 1.33379E-4 1.37715E-4 1.64745E-4 1.38006E-4 1.32229E-4 1.5073E-4 1.33357E-4 1.2438E-4 1.2634E-4 1.25172E-4 1.21196E-4 1.21532E-4 1.19867E-4 1.1691E-4 1.14821E-4 1.11989E-4 1.09833E-4 1.10921E-4 1.08184E-4 1.05229E-4 1.05821E-4 1.05132E-4 1.05392E-4 1.04118E-4 1.03128E-4 1.03122E-4 1.04227E-4 1.01768E-4 1.02924E-4 1.01284E-4 9.81568E-5
1.85359E-4 1.83604E-4 1.77229E-4 1.56341E-4 1.53443E-4 1.50904E-4 1.46734E-4 1.43722E-4 1.45072E-4 1.37885E-4 1.46546E-4 1.49471E-4 1.46439E-4 1.47115E-4 1.48554E-4 1.45576E-4 1.46826E-4 1.4766E-4 1.48297E-4 1.48937E-4 1.56266E-4 1.61289E-4 1.56701E-4 1.61509E-4 1.58055E-4 1.62205E-4 1.61509E-4 1.63357E-4 1.61922E-4 1.36647E-4 1.62352E-4 1.6573E-4 1.66757E-4 1.51157E-4 1.50082E-4 1.5777E-4 1.2991E-4 1.25296E-4 1.37697E-4 1.25591E-4 1.20553E-4 1.2154E-4 1.2207E-4 1.18557E-4 1.1547E-4 1.14519E-4 1.09158E-4 1.07577E-4 1.04883E-4 1.08099E-4 1.04998E-4 1.02652E-4 1.01412E-4 1.02874E-4 1.00838E-4 9.83273E-5 1.02836E-4 1.03602E-4 1.0333E-4 1.00404E-4 1.00102E-4
1.83854E-4 1.86528E-4 1.83408E-4 1.80302E-4 1.76199E-4 1.67306E-4 1.68153E-4 1.42244E-4 1.42473E-4 1.38053E-4 1.427E-4 1.50552E-4 1.5033E-4 1.44471E-4 1.49472E-4 1.46765E-4 1.51332E-4 1.47669E-4 1.49579E-4 1.49579E-4 1.60833E-4 1.61755E-4 1.62443E-4 1.58287E-4 1.58961E-4 1.64535E-4 1.61517E-4 1.65723E-4 1.56262E-4 1.51668E-4 1.49766E-4 1.58291E-4 1.58001E-4 1.49303E-4 1.25414E-4 1.4243E-4 1.42386E-4 1.20766E-4 1.20328E-4 1.10815E-4 1.10187E-4 1.17827E-4 1.14863E-4 1.1276E-4 1.08763E-4 1.09852E-4 1.05812E-4 1.02622E-4 1.05428E-4 1.06337E-4 1.04643E-4 1.01848E-4 9.97051E-5 9.82431E-5 9.93641E-5 1.035E-4 1.02526E-4 1.0266E-4 1.0239E-4 9.82913E-5 9.727E-5
1.88131E-4 1.87865E-4 1.84201E-4 1.81852E-4 1.83156E-4 1.7463E-4 1.78906E-4 1.67543E-4 1.4391E-4 1.39473E-4 1.40685E-4 1.48866E-4 1.49084E-4 1.46143E-4 1.50764E-4 1.52759E-4 1.48874E-4 1.48168E-4 1.49579E-4 1.50224E-4 1.57848E-4 1.62222E-4 1.63614E-4 1.53038E-4 1.52814E-4 1.54352E-4 1.55296E-4 1.58241E-4 1.50133E-4 1.52247E-4 1.545E-4 1.60597E-4 1.52517E-4 1.48661E-4 1.44888E-4 1.43203E-4 1.44843E-4 1.40899E-4 1.39201E-4 1.19352E-4 1.11754E-4 1.086E-4 1.14045E-4 1.13403E-4 1.13895E-4 1.0608E-4 1.03328E-4 9.84121E-5 9.5646E-5 1.00904E-4 1.01482E-4 9.43058E-5 9.63638E-5 9.54475E-5 1.00929E-4 1.06659E-4 9.94518E-5 1.00407E-4 1.01415E-4 1.0006E-4 9.91461E-5
1.72453E-4 1.71722E-4 1.92998E-4 1.86083E-4 1.83462E-4 1.76176E-4 1.7184E-4 1.72837E-4 1.65251E-4 1.43121E-4 1.43527E-4 1.51236E-4 1.47816E-4 1.48034E-4 1.48034E-4 1.49524E-4 1.50808E-4 1.50305E-4 1.50085E-4 1.55567E-4 1.51744E-4 1.52397E-4 1.5327E-4 1.53923E-4 1.54652E-4 1.55751E-4 1.57087E-4 1.48151E-4 1.5406E-4 1.60065E-4 1.59181E-4 1.57382E-4 1.46556E-4 1.46095E-4 1.45888E-4 1.45674E-4 1.45674E-4 1.42319E-4 1.38799E-4 1.19007E-4 1.20363E-4 1.15855E-4 1.07764E-4 1.07623E-4 1.04241E-4 1.0624E-4 1.02343E-4 1.06405E-4 1.02547E-4 1.00126E-4 9.81961E-5 9.59171E-5 9.8874E-5 9.6411E-5 9.79083E-5 9.77751E-5 9.6468E-5 9.70978E-5 1.01017E-4 9.78642E-5 9.89792E-5
1.74631E-4 1.88543E-4 1.89082E-4 1.87901E-4 1.7878E-4 1.76437E-4 1.72349E-4 1.69286E-4 1.66949E-4 1.67433E-4 1.75678E-4 1.51673E-4 1.49093E-4 1.46112E-4 1.49524E-4 1.43806E-4 1.4201E-4 1.46292E-4 1.46285E-4 1.42714E-4 1.5268E-4 1.53337E-4 1.56253E-4 1.57363E-4 1.55538E-4 1.56643E-4 1.49646E-4 1.48469E-4 1.54135E-4 1.61208E-4 1.64024E-4 1.52975E-4 1.47397E-4 1.43626E-4 1.48024E-4 1.45674E-4 1.48178E-4 1.44561E-4 1.4434E-4 1.19338E-4 1.20216E-4 1.16349E-4 1.14004E-4 1.04968E-4 1.03374E-4 1.07105E-4 1.05437E-4 1.03893E-4 1.0264E-4 9.86597E-5 9.51711E-5 9.71759E-5 9.79364E-5 9.43445E-5 9.87594E-5 9.83783E-5 9.83696E-5 9.79833E-5 9.66764E-5 9.75611E-5 9.26849E-5
1.70782E-4 1.84594E-4 1.84709E-4 1.71717E-4 1.7878E-4 1.77006E-4 1.77519E-4 1.81107E-4 1.64145E-4 1.76676E-4 1.79149E-4 1.76936E-4 1.63948E-4 1.37754E-4 1.37552E-4 1.40197E-4 1.41408E-4 1.4293E-4 1.54004E-4 1.53997E-4 1.51137E-4 1.62632E-4 1.67703E-4 1.54441E-4 1.55105E-4 1.51448E-4 1.52336E-4 1.60322E-4 1.6381E-4 1.63084E-4 1.5652E-4 1.49271E-4 1.55363E-4 1.46103E-4 1.423E-4 1.42422E-4 1.45596E-4 1.44349E-4 1.25835E-4 1.40438E-4 1.18344E-4 1.16507E-4 1.12908E-4 1.08747E-4 1.06353E-4 1.0456E-4 1.07728E-4 1.08643E-4 1.05486E-4 1.01173E-4 9.69589E-5 9.62898E-5 9.74216E-5 9.54958E-5 9.76931E-5 9.73984E-5 9.73105E-5 9.71839E-5 9.68911E-5 9.69253E-5 9.20807E-5
1.59416E-4 1.69767E-4 1.78299E-4 1.72976E-4 1.77349E-4 1.81394E-4 1.77508E-4 1.80691E-4 1.73954E-4 1.6572E-4 1.69482E-4 1.64762E-4 1.64655E-4 1.60863E-4 1.43058E-4 1.38611E-4 1.41576E-4 1.40707E-4 1.49858E-4 1.51649E-4 1.52524E-4 1.55145E-4 1.61247E-4 1.46186E-4 1.398E-4 1.38872E-4 1.5166E-4 1.7177E-4 1.60329E-4 1.5234E-4 1.51643E-4 1.49531E-4 1.4235E-4 1.38439E-4 1.42098E-4 1.44052E-4 1.42617E-4 1.44241E-4 1.44847E-4 1.4265E-4 1.43444E-4 1.40196E-4 1.16289E-4 1.11529E-4 1.10558E-4 1.06033E-4 1.04148E-4 1.00976E-4 1.02858E-4 9.71843E-5 1.00786E-4 9.97384E-5 9.6626E-5 9.53343E-5 1.0084E-4 9.76931E-5 9.74401E-5 9.71839E-5 9.43962E-5 9.34156E-5 9.09711E-5
1.61463E-4 1.65435E-4 1.62469E-4 1.60643E-4 1.84227E-4 1.9592E-4 1.76303E-4 1.58332E-4 1.73027E-4 1.71321E-4 1.72429E-4 1.60576E-4 1.65905E-4 1.70744E-4 1.64538E-4 1.65353E-4 1.43476E-4 1.3888E-4 1.42759E-4 1.52957E-4 1.50509E-4 1.52015E-4 1.44126E-4 1.41203E-4 1.38877E-4 1.52529E-4 1.61831E-4 1.73853E-4 1.58305E-4 1.51912E-4 1.51E-4 1.48151E-4 1.41233E-4 1.41523E-4 1.41018E-4 1.43434E-4 1.43224E-4 1.44642E-4 1.4286E-4 1.46125E-4 1.40648E-4 1.40988E-4 1.3504E-4 1.13739E-4 1.10879E-4 1.06193E-4 9.83393E-5 9.94911E-5 9.52645E-5 9.41504E-5 9.16547E-5 9.37072E-5 9.49628E-5 9.39768E-5 9.88493E-5 9.87154E-5 9.62562E-5 9.36185E-5 9.43523E-5 9.27673E-5 9.22857E-5
1.80083E-4 1.57364E-4 1.57613E-4 1.57112E-4 1.80269E-4 1.76199E-4 1.68119E-4 1.61797E-4 1.70545E-4 1.69973E-4 1.65991E-4 1.63585E-4 1.61662E-4 1.66015E-4 1.64179E-4 1.61177E-4 1.47009E-4 1.39484E-4 1.40349E-4 1.49637E-4 1.53977E-4 1.48226E-4 1.45366E-4 1.41003E-4 1.4329E-4 1.51239E-4 1.62522E-4 1.66002E-4 1.72018E-4 1.56248E-4 1.52531E-4 1.48218E-4 1.48557E-4 1.45619E-4 1.46439E-4 1.45289E-4 1.46306E-4 1.45119E-4 1.45154E-4 1.43177E-4 1.41771E-4 1.40013E-4 1.31711E-4 1.12339E-4 1.1089E-4 1.02448E-4 9.95006E-5 9.68092E-5 9.94958E-5 9.5591E-5 9.41904E-5 9.22507E-5 9.67493E-5 9.53318E-5 9.8978E-5 1.00141E-4 9.50088E-5 9.76469E-5 9.33723E-5 9.21657E-5 9.5019E-5
1.79562E-4 1.81887E-4 1.70321E-4 1.52499E-4 1.63365E-4 1.64115E-4 1.60824E-4 1.63256E-4 1.74681E-4 1.66189E-4 1.64326E-4 1.66569E-4 1.61883E-4 1.68073E-4 1.64174E-4 1.70718E-4 1.45238E-4 1.44626E-4 1.4613E-4 1.49619E-4 1.44831E-4 1.4475E-4 1.4883E-4 1.43637E-4 1.51506E-4 1.61902E-4 1.64289E-4 1.82987E-4 1.87073E-4 1.71123E-4 1.5341E-4 1.51252E-4 1.46661E-4 1.50323E-4 1.46025E-4 1.4789E-4 1.46298E-4 1.43672E-4 1.46756E-4 1.41817E-4 1.43561E-4 1.39056E-4 1.3794E-4 1.31871E-4 1.29698E-4 1.05581E-4 1.01369E-4 9.96254E-5 1.16445E-4 9.70183E-5 9.54323E-5 9.40656E-5 9.30949E-5 9.2212E-5 9.33198E-5 9.33171E-5 9.35214E-5 8.73183E-5 9.26077E-5 9.22827E-5 9.20894E-5
1.85103E-4 1.54277E-4 1.50075E-4 1.48159E-4 1.66709E-4 1.62496E-4 1.61131E-4 1.75718E-4 1.78813E-4 1.69589E-4 1.68887E-4 1.65195E-4 1.63279E-4 1.64286E-4 1.62811E-4 1.68557E-4 1.695E-4 1.709E-4 1.75118E-4 1.49198E-4 1.5043E-4 1.50219E-4 1.5744E-4 1.93798E-4 2.11376E-4 1.77794E-4 1.61366E-4 2.23006E-4 1.75474E-4 1.58782E-4 1.62182E-4 1.52119E-4 1.48978E-4 1.47494E-4 1.46122E-4 1.47569E-4 1.45943E-4 1.48654E-4 1.48217E-4 1.46975E-4 1.44179E-4 1.4177E-4 1.39043E-4 1.36116E-4 1.25721E-4 1.22015E-4 1.04049E-4 1.16903E-4 1.16398E-4 1.10858E-4 9.63844E-5 9.54703E-5 9.23708E-5 9.07785E-5 8.82919E-5 9.25553E-5 9.50464E-5 9.32913E-5 1.00627E-4 9.57576E-5 9.0291E-5
1.88843E-4 1.86198E-4 1.89892E-4 2.03041E-4 1.74707E-4 2.0287E-4 1.61521E-4 1.65497E-4 1.67786E-4 1.78912E-4 1.67322E-4 1.68467E-4 1.70695E-4 1.71228E-4 1.6359E-4 1.69033E-4 1.69729E-4 1.80821E-4 1.73143E-4 1.54254E-4 1.87694E-4 1.98847E-4 1.84557E-4 2.1901E-4 2.20223E-4 1.90892E-4 1.86579E-4 1.68088E-4 1.58761E-4 1.46733E-4 1.5295E-4 1.47799E-4 1.41958E-4 1.50675E-4 1.48535E-4 1.49039E-4 1.50729E-4 1.48479E-4 1.46576E-4 1.45807E-4 1.42789E-4 1.43377E-4 1.41016E-4 1.39462E-4 1.28651E-4 1.2392E-4 1.23531E-4 1.04864E-4 1.01984E-4 9.71423E-5 9.60898E-5 9.67589E-5 9.18888E-5 9.24887E-5 9.28999E-5 9.80214E-5 8.88257E-5 8.92539E-5 8.8833E-5 1.07737E-4 8.83975E-5
1.9789E-4 1.91254E-4 1.93654E-4 1.95553E-4 2.02914E-4 1.95573E-4 1.88687E-4 1.85724E-4 1.64355E-4 1.56138E-4 1.63362E-4 1.71059E-4 1.73924E-4 1.67566E-4 1.6785E-4 1.60372E-4 1.61668E-4 1.73515E-4 1.81312E-4 1.71326E-4 1.94286E-4 2.04879E-4 2.09237E-4 2.05122E-4 2.18312E-4 2.16151E-4 1.87353E-4 1.60851E-4 1.49062E-4 1.48411E-4 1.54526E-4 1.47135E-4 1.42261E-4 1.40141E-4 1.50447E-4 1.48828E-4 1.50508E-4 1.53296E-4 1.51189E-4 1.49466E-4 1.43955E-4 1.43579E-4 1.40433E-4 1.33565E-4 1.3425E-4 1.24947E-4 1.20933E-4 1.21341E-4 1.1721E-4 1.15443E-4 1.10911E-4 9.46068E-5 9.21307E-5 9.3058E-5 9.38741E-5 1.13752E-4 1.19662E-4 9.13169E-5 8.72485E-5 1.11828E-4 9.09928E-5
1.89682E-4 1.86518E-4 1.89125E-4 1.95693E-4 2.02263E-4 1.96955E-4 1.97838E-4 1.6867E-4 1.72618E-4 1.67498E-4 1.72963E-4 1.70617E-4 1.65012E-4 1.75981E-4 1.72629E-4 1.62774E-4 1.6485E-4 1.7226E-4 1.95675E-4 1.78274E-4 2.0273E-4 2.0032E-4 1.88604E-4 2.00612E-4 1.89876E-4 2.13105E-4 2.01484E-4 1.90381E-4 1.53509E-4 1.5076E-4 1.50534E-4 1.49029E-4 1.45614E-4 1.43475E-4 1.51302E-4 1.53918E-4 1.55003E-4 1.54922E-4 1.55168E-4 1.48223E-4 1.45986E-4 1.48266E-4 1.4083E-4 1.37283E-4 1.3201E-4 1.31652E-4 1.1968E-4 1.17977E-4 1.17775E-4 1.17564E-4 1.15684E-4 1.12223E-4 1.11259E-4 1.15748E-4 1.1179E-4 1.08632E-4 1.2152E-4 1.05301E-4 1.05118E-4 9.54667E-5 8.98984E-5
1.77019E-4 1.83942E-4 1.89584E-4 1.90904E-4 1.97254E-4 1.92892E-4 1.95035E-4 1.98853E-4 1.74751E-4 1.77615E-4 1.85265E-4 1.65206E-4 1.71925E-4 1.77225E-4 1.77613E-4 1.69877E-4 1.72686E-4 1.64224E-4 1.81467E-4 1.81434E-4 1.93672E-4 1.98311E-4 1.87005E-4 1.97734E-4 1.85419E-4 2.01919E-4 1.86895E-4 1.56E-4 1.54075E-4 1.56042E-4 1.42635E-4 1.44354E-4 1.39366E-4 1.40827E-4 1.49219E-4 1.45805E-4 1.48506E-4 1.48105E-4 1.51523E-4 1.49446E-4 1.45161E-4 1.40328E-4 1.38604E-4 1.30083E-4 1.30163E-4 1.23347E-4 1.19994E-4 1.21568E-4 1.13997E-4 1.16855E-4 1.13551E-4 1.12769E-4 1.18343E-4 1.17677E-4 1.07225E-4 1.10969E-4 1.17487E-4 1.03226E-4 1.08624E-4 1.08435E-4 9.20746E-5
1.79064E-4 1.75599E-4 1.80546E-4 1.87472E-4 1.86945E-4 1.93436E-4 1.92612E-4 1.94544E-4 2.03679E-4 2.19733E-4 1.82436E-4 1.69783E-4 1.71162E-4 1.75845E-4 1.68903E-4 1.64993E-4 1.68695E-4 1.69149E-4 1.71209E-4 1.79306E-4 1.9156E-4 1.8966E-4 1.87188E-4 1.80737E-4 1.80595E-4 1.86977E-4 1.6544E-4 1.68614E-4 1.50027E-4 1.47898E-4 1.47492E-4 1.50637E-4 1.48309E-4 1.43533E-4 1.43004E-4 1.37198E-4 1.3967E-4 1.36582E-4 1.36407E-4 1.35549E-4 1.37606E-4 1.33579E-4 1.28128E-4 1.28128E-4 1.25475E-4 1.25617E-4 1.21818E-4 1.21678E-4 1.13361E-4 1.13258E-4 1.11788E-4 1.18133E-4 1.22845E-4 1.17883E-4 1.0298E-4 1.08118E-4 1.1427E-4 1.1115E-4 1.11063E-4 1.14227E-4 1.12597E-4
1.75491E-4 1.76821E-4 1.78071E-4 1.80721E-4 1.85571E-4 1.96713E-4 1.96506E-4 1.8839E-4 2.03804E-4 2.1142E-4 2.12173E-4 1.75163E-4 1.71782E-4 1.76838E-4 1.71923E-4 1.7174E-4 1.60187E-4 1.66662E-4 1.88562E-4 1.86562E-4 1.92611E-4 1.90288E-4 1.8776E-4 1.68393E-4 1.75879E-4 1.87216E-4 1.9028E-4 1.93388E-4 1.93209E-4 1.76882E-4 1.54191E-4 1.46282E-4 1.45237E-4 1.39538E-4 1.38334E-4 1.35845E-4 1.38455E-4 1.36589E-4 1.37545E-4 1.31441E-4 1.3195E-4 1.29222E-4 1.226E-4 1.24942E-4 1.25475E-4 1.20083E-4 1.14349E-4 1.15479E-4 1.08355E-4 1.11168E-4 1.18032E-4 1.18443E-4 1.24745E-4 1.10262E-4 1.03077E-4 1.0742E-4 1.06958E-4 1.20476E-4 1.26854E-4 1.22997E-4 1.21767E-4
1.76005E-4 1.74863E-4 1.79556E-4 1.80988E-4 1.91867E-4 1.86567E-4 1.90563E-4 1.8709E-4 1.96369E-4 2.15633E-4 2.06465E-4 1.71276E-4 1.66518E-4 1.66753E-4 1.67E-4 1.55125E-4 1.56918E-4 1.72952E-4 1.74286E-4 1.70735E-4 1.90616E-4 1.94457E-4 1.93229E-4 2.00936E-4 2.01924E-4 2.04299E-4 1.93607E-4 1.93371E-4 1.91456E-4 1.90096E-4 1.75815E-4 1.55237E-4 1.55833E-4 1.48794E-4 1.44989E-4 1.39197E-4 1.3883E-4 1.38096E-4 1.36978E-4 1.34152E-4 1.30302E-4 1.26548E-4 1.28281E-4 1.25458E-4 1.24929E-4 1.15948E-4 1.14349E-4 1.11701E-4 1.10064E-4 1.10782E-4 1.08864E-4 1.12663E-4 1.24616E-4 1.07569E-4 1.06869E-4 1.01042E-4 1.0877E-4 1.09819E-4 1.17004E-4 1.12815E-4 1.15459E-4
1.97542E-4 1.7512E-4 1.73177E-4 1.84931E-4 1.78055E-4 1.80688E-4 1.90574E-4 1.96992E-4 1.9861E-4 2.01219E-4 1.99225E-4 1.69917E-4 1.78035E-4 1.56034E-4 2.05233E-4 1.6944E-4 1.64186E-4 2.04823E-4 1.66899E-4 1.70737E-4 1.85373E-4 2.04249E-4 2.05573E-4 2.04686E-4 2.03447E-4 1.89997E-4 1.91273E-4 1.95555E-4 1.91181E-4 1.92632E-4 1.83875E-4 1.55017E-4 1.56783E-4 1.48454E-4 1.54502E-4 1.49353E-4 1.37289E-4 1.38463E-4 1.35247E-4 1.30816E-4 1.31015E-4 1.24777E-4 1.25259E-4 1.19383E-4 1.21221E-4 1.14012E-4 1.13703E-4 1.13531E-4 1.13412E-4 1.13264E-4 1.06523E-4 1.11062E-4 1.14745E-4 1.14211E-4 1.12972E-4 1.15896E-4 1.10531E-4 1.07688E-4 1.05557E-4 1.03607E-4 1.03027E-4
