Artocarpus hirsutus SDM files/Last interglacial/results (without bias file)/Arthir_2.asc
ncols         625
nrows         721
xllcorner     69.99986311115
yllcorner     5.99986151914999
cellsize      0.041666667
NODATA_value  -9999
[rows 0 to 26 of 721, columns 183 to 243 of 625]
3.09579E-4 4.26623E-4 5.00602E-4 4.2036E-4 3.87601E-4 3.26293E-4 3.75502E-4 3.29397E-4 3.27059E-4 3.98278E-4 4.14547E-4 4.02108E-4 3.90586E-4 3.9375E-4 4.21163E-4 3.84536E-4 3.60771E-4 3.18222E-4 3.18222E-4 3.59393E-4 4.15717E-4 3.7111E-4 3.78568E-4 4.03797E-4 4.03797E-4 3.84489E-4 3.95313E-4 3.65197E-4 3.46807E-4 3.42548E-4 3.3401E-4 3.20723E-4 3.00898E-4 3.18664E-4 3.30364E-4 3.40124E-4 3.45045E-4 3.59526E-4 3.6385E-4 3.71028E-4 3.48602E-4 3.30183E-4 3.35563E-4 3.30608E-4 3.14742E-4 3.14972E-4 3.37001E-4 3.19487E-4 2.96963E-4 2.94314E-4 2.99114E-4 3.46598E-4 3.37098E-4 2.88454E-4 2.78046E-4 2.85147E-4 3.38324E-4 3.63329E-4 3.15877E-4 3.31605E-4 3.16978E-4
4.29155E-4 3.61676E-4 3.86423E-4 4.72097E-4 4.48453E-4 3.87091E-4 4.26417E-4 3.65703E-4 3.19526E-4 3.26582E-4 3.20106E-4 3.20523E-4 3.2054E-4 3.22243E-4 3.23989E-4 3.72487E-4 3.59408E-4 3.03364E-4 2.92E-4 3.57035E-4 3.5464E-4 3.5464E-4 3.80558E-4 4.07558E-4 3.60006E-4 4.23675E-4 3.72602E-4 3.69648E-4 3.86499E-4 3.95306E-4 3.39486E-4 3.14742E-4 3.07677E-4 3.00389E-4 2.99247E-4 2.96967E-4 3.17539E-4 3.25976E-4 3.51542E-4 4.16856E-4 3.46476E-4 3.34259E-4 3.34334E-4 3.63239E-4 3.66175E-4 3.08335E-4 3.62363E-4 3.12923E-4 3.54756E-4 3.54293E-4 3.5182E-4 3.71441E-4 3.56366E-4 2.94315E-4 3.34948E-4 3.19683E-4 3.08768E-4 3.25588E-4 3.32083E-4 3.3297E-4 3.25156E-4
5.14805E-4 4.23481E-4 4.1298E-4 4.00076E-4 4.73354E-4 4.57387E-4 4.33282E-4 3.96087E-4 3.74955E-4 3.18577E-4 3.59073E-4 3.29283E-4 3.3017E-4 3.25884E-4 3.26753E-4 3.73467E-4 4.04402E-4 3.96953E-4 3.0707E-4 3.52444E-4 3.54736E-4 3.55309E-4 3.6474E-4 3.53302E-4 3.65686E-4 3.73087E-4 3.61414E-4 3.65296E-4 3.69145E-4 3.64802E-4 3.88714E-4 3.5217E-4 3.35697E-4 3.07291E-4 3.18664E-4 3.18664E-4 3.1743E-4 3.20052E-4 3.30364E-4 3.36042E-4 3.52945E-4 3.36992E-4 3.8759E-4 3.31034E-4 3.44829E-4 3.06342E-4 3.11134E-4 3.36667E-4 3.29956E-4 3.24102E-4 3.45937E-4 3.5383E-4 3.48742E-4 3.44591E-4 3.20359E-4 3.20361E-4 3.06974E-4 3.25977E-4 3.24703E-4 3.38661E-4 3.27679E-4
5.94092E-4 5.27934E-4 4.15755E-4 3.65584E-4 3.87583E-4 4.41332E-4 4.26964E-4 3.84381E-4 3.48616E-4 3.8705E-4 4.53967E-4 3.64733E-4 3.38329E-4 3.66647E-4 3.64723E-4 3.65187E-4 3.89284E-4 3.79122E-4 3.86585E-4 3.51119E-4 3.89144E-4 3.54373E-4 3.59542E-4 3.64826E-4 3.54733E-4 3.59528E-4 3.58116E-4 3.46942E-4 3.53893E-4 3.36493E-4 3.53881E-4 3.77472E-4 3.7249E-4 3.47389E-4 3.13736E-4 3.21754E-4 3.2261E-4 3.14555E-4 3.19633E-4 3.71439E-4 3.65724E-4 3.21754E-4 4.02085E-4 3.26916E-4 3.43136E-4 3.49685E-4 3.64138E-4 3.32882E-4 3.62152E-4 3.49957E-4 3.71389E-4 3.41399E-4 3.51321E-4 3.51321E-4 3.43136E-4 3.26217E-4 2.98595E-4 3.12349E-4 3.13969E-4 3.40472E-4 3.16578E-4
5.10558E-4 5.7782E-4 5.60651E-4 4.85141E-4 3.81078E-4 4.03273E-4 3.44903E-4 3.10689E-4 3.01376E-4 3.74453E-4 4.30378E-4 4.01299E-4 3.59453E-4 3.7914E-4 3.57077E-4 3.82622E-4 3.81624E-4 3.69712E-4 3.74152E-4 3.13354E-4 3.07563E-4 3.45527E-4 3.44138E-4 3.64826E-4 3.42548E-4 3.46917E-4 3.13537E-4 3.23838E-4 3.46029E-4 3.20471E-4 3.39204E-4 3.36493E-4 3.4724E-4 3.27277E-4 3.43208E-4 3.47777E-4 3.31426E-4 3.16335E-4 3.03823E-4 3.09091E-4 3.12303E-4 3.19984E-4 3.92181E-4 4.10177E-4 3.6E-4 3.69203E-4 3.90025E-4 3.48349E-4 3.34055E-4 3.43136E-4 3.32039E-4 3.32335E-4 3.54053E-4 3.44795E-4 3.46571E-4 3.31045E-4 3.15592E-4 3.13563E-4 3.07403E-4 2.98916E-4 3.08129E-4
3.58606E-4 4.78195E-4 5.90828E-4 5.91757E-4 5.46053E-4 4.31604E-4 4.46104E-4 3.53797E-4 3.30556E-4 3.5107E-4 4.08302E-4 3.88288E-4 3.66175E-4 3.71666E-4 3.49123E-4 3.64243E-4 3.79131E-4 3.87244E-4 3.19609E-4 3.14597E-4 2.84872E-4 3.34265E-4 3.27219E-4 3.60233E-4 4.30434E-4 3.89835E-4 3.74002E-4 3.54283E-4 3.40487E-4 3.21929E-4 3.25478E-4 3.35147E-4 3.42722E-4 3.40041E-4 3.37258E-4 3.34845E-4 3.26499E-4 3.1674E-4 3.1239E-4 3.22116E-4 3.40532E-4 3.64497E-4 3.68504E-4 3.97903E-4 3.97382E-4 3.79864E-4 3.75249E-4 3.19279E-4 3.28285E-4 3.32889E-4 3.14883E-4 3.29334E-4 3.17678E-4 3.12892E-4 3.14484E-4 3.05473E-4 2.93343E-4 3.0379E-4 3.18851E-4 2.82803E-4 2.96616E-4
4.13466E-4 4.17162E-4 4.06124E-4 4.95396E-4 5.74802E-4 5.59109E-4 4.50745E-4 3.62283E-4 3.57605E-4 4.09398E-4 3.492E-4 4.23613E-4 4.07085E-4 3.71666E-4 3.3912E-4 3.38677E-4 3.29934E-4 3.53329E-4 3.25412E-4 3.18136E-4 3.48634E-4 3.64243E-4 3.62845E-4 3.42281E-4 3.61358E-4 3.62771E-4 3.41639E-4 3.34837E-4 3.27173E-4 3.36126E-4 2.99226E-4 2.9907E-4 3.32896E-4 3.06487E-4 3.22759E-4 3.29295E-4 3.34417E-4 3.17144E-4 3.22344E-4 3.11097E-4 2.96945E-4 3.495E-4 3.49117E-4 3.84973E-4 3.66378E-4 3.90528E-4 3.86527E-4 3.82262E-4 3.5437E-4 3.26158E-4 3.15999E-4 3.17278E-4 3.5975E-4 3.39864E-4 3.4232E-4 3.23821E-4 2.93558E-4 3.29283E-4 3.26834E-4 3.11101E-4 2.74009E-4
5.72042E-4 4.10587E-4 4.34351E-4 4.47823E-4 5.54732E-4 4.50159E-4 3.71934E-4 3.90143E-4 3.49688E-4 3.50153E-4 3.52945E-4 3.59915E-4 4.30573E-4 3.68768E-4 3.72641E-4 3.5113E-4 3.19541E-4 3.89832E-4 4.04434E-4 3.76211E-4 3.74084E-4 4.03028E-4 4.04617E-4 3.6329E-4 4.02228E-4 3.90897E-4 3.70228E-4 3.39752E-4 2.97321E-4 3.36824E-4 3.17544E-4 2.86219E-4 3.24231E-4 3.41821E-4 3.50553E-4 3.60428E-4 3.59962E-4 3.35892E-4 3.16514E-4 2.8585E-4 3.43614E-4 3.47731E-4 3.79068E-4 3.74968E-4 3.9485E-4 4.21168E-4 4.07513E-4 3.9532E-4 3.99954E-4 3.24774E-4 3.30553E-4 3.39864E-4 3.2382E-4 3.20261E-4 3.13077E-4 3.09889E-4 2.91697E-4 3.1658E-4 3.16988E-4 3.03159E-4 3.04107E-4
6.55932E-4 4.08284E-4 5.92836E-4 4.80587E-4 5.38432E-4 5.58437E-4 4.23654E-4 4.68097E-4 4.63794E-4 3.88338E-4 3.86283E-4 4.25353E-4 3.87284E-4 4.46146E-4 3.95421E-4 3.75029E-4 3.73568E-4 3.76591E-4 3.98064E-4 3.45559E-4 3.85108E-4 4.07293E-4 3.2422E-4 3.12842E-4 3.60954E-4 3.93962E-4 3.9344E-4 4.13556E-4 3.4359E-4 3.30753E-4 3.51912E-4 3.00166E-4 2.88065E-4 3.14949E-4 3.61329E-4 3.78515E-4 3.68144E-4 3.33932E-4 3.30444E-4 3.23092E-4 3.10139E-4 3.49282E-4 3.82123E-4 3.93826E-4 3.85031E-4 3.68682E-4 3.54382E-4 3.95834E-4 3.84692E-4 3.57519E-4 3.28022E-4 3.10288E-4 3.30975E-4 3.16275E-4 2.96146E-4 3.07144E-4 2.82891E-4 2.84054E-4 2.86561E-4 2.86198E-4 3.01439E-4
4.87948E-4 3.5048E-4 4.22066E-4 3.41569E-4 4.02714E-4 4.50865E-4 3.94715E-4 4.19824E-4 4.50247E-4 4.21455E-4 4.29544E-4 4.19425E-4 4.08465E-4 3.83152E-4 3.45937E-4 4.52147E-4 3.95973E-4 3.78577E-4 3.53014E-4 3.13157E-4 3.25429E-4 3.88697E-4 3.22498E-4 3.07456E-4 3.42874E-4 3.76201E-4 3.595E-4 3.66285E-4 3.82466E-4 3.46492E-4 3.52547E-4 3.45136E-4 3.1207E-4 3.2785E-4 3.52543E-4 3.56245E-4 3.36995E-4 3.22668E-4 3.09653E-4 3.03644E-4 3.20554E-4 3.0204E-4 3.65637E-4 3.58833E-4 3.54702E-4 3.39712E-4 3.58118E-4 3.73028E-4 3.79801E-4 3.7785E-4 3.45084E-4 2.99167E-4 3.14675E-4 3.06435E-4 3.10721E-4 3.33471E-4 2.81491E-4 2.74445E-4 2.84293E-4 2.58301E-4 3.07905E-4
4.19791E-4 4.34108E-4 5.12901E-4 4.99512E-4 4.88426E-4 4.56231E-4 4.71236E-4 5.38148E-4 4.63799E-4 4.37029E-4 4.09371E-4 4.60712E-4 5.05705E-4 4.80289E-4 3.77633E-4 3.80637E-4 3.90278E-4 3.61997E-4 3.36864E-4 3.37954E-4 3.28702E-4 3.40168E-4 3.18858E-4 3.13386E-4 3.20505E-4 3.73748E-4 3.59591E-4 3.99592E-4 3.54155E-4 3.50977E-4 3.14894E-4 3.30453E-4 3.50522E-4 2.97109E-4 3.20563E-4 3.2947E-4 3.19615E-4 3.03245E-4 3.02044E-4 2.98473E-4 3.08447E-4 2.79008E-4 2.99255E-4 3.91218E-4 3.66551E-4 3.35245E-4 3.67497E-4 3.80289E-4 3.77363E-4 3.63715E-4 3.42904E-4 3.22711E-4 3.53224E-4 3.06396E-4 3.33928E-4 3.77236E-4 3.07529E-4 2.84667E-4 2.99833E-4 2.68679E-4 2.89119E-4
6.94559E-4 5.50061E-4 6.04748E-4 5.42164E-4 4.95522E-4 4.83884E-4 5.02169E-4 6.37907E-4 5.66645E-4 5.31095E-4 5.16556E-4 4.3587E-4 4.32394E-4 4.57042E-4 3.9601E-4 4.38124E-4 3.80126E-4 4.1048E-4 3.64358E-4 4.53413E-4 3.42363E-4 3.45939E-4 3.36463E-4 3.13391E-4 3.10491E-4 3.59532E-4 3.44137E-4 3.79128E-4 4.28189E-4 3.66238E-4 3.60866E-4 3.27413E-4 3.5574E-4 3.52338E-4 3.25412E-4 3.40479E-4 3.04842E-4 2.95331E-4 2.90267E-4 2.91555E-4 2.90809E-4 2.80809E-4 3.008E-4 3.17964E-4 3.79512E-4 3.54333E-4 3.72987E-4 3.97605E-4 3.71258E-4 3.76605E-4 3.81492E-4 3.47837E-4 3.70086E-4 3.46176E-4 3.47389E-4 3.52778E-4 3.19421E-4 3.11465E-4 3.05649E-4 2.79765E-4 2.96875E-4
6.52592E-4 5.85012E-4 5.55976E-4 5.08128E-4 5.4072E-4 5.1152E-4 5.45437E-4 5.77846E-4 5.27663E-4 5.24048E-4 5.11053E-4 5.12395E-4 4.97067E-4 4.57056E-4 3.96554E-4 4.48078E-4 4.69579E-4 4.27251E-4 4.00937E-4 4.06238E-4 3.74746E-4 4.02878E-4 3.50153E-4 3.18854E-4 3.00444E-4 3.09661E-4 3.49665E-4 3.3385E-4 3.37865E-4 3.78027E-4 3.6385E-4 3.23091E-4 3.60982E-4 3.76264E-4 3.73647E-4 3.09006E-4 2.92298E-4 2.92298E-4 2.83198E-4 2.81752E-4 2.75986E-4 2.74552E-4 2.79706E-4 2.94896E-4 3.03195E-4 3.36074E-4 3.21731E-4 3.43257E-4 3.46443E-4 3.76605E-4 3.66762E-4 3.5902E-4 3.60869E-4 3.07879E-4 3.47389E-4 3.22299E-4 3.22711E-4 2.93173E-4 2.77628E-4 2.76917E-4 3.13064E-4
9.23783E-4 7.32911E-4 7.3018E-4 6.52664E-4 5.50446E-4 5.69787E-4 6.43294E-4 6.22335E-4 5.40417E-4 5.74559E-4 5.92353E-4 5.38817E-4 4.87997E-4 4.61328E-4 4.21111E-4 3.98895E-4 3.6151E-4 4.01522E-4 4.10045E-4 4.36456E-4 4.25604E-4 4.13945E-4 3.42362E-4 3.37966E-4 3.24285E-4 3.00398E-4 2.91388E-4 3.14583E-4 3.53097E-4 3.4613E-4 3.34333E-4 3.21716E-4 3.33872E-4 3.59072E-4 3.53881E-4 3.34761E-4 3.31578E-4 3.19941E-4 3.19125E-4 2.83201E-4 2.77555E-4 2.64547E-4 2.57949E-4 2.63879E-4 2.49294E-4 2.60548E-4 2.67377E-4 3.15426E-4 3.24725E-4 3.71258E-4 3.67236E-4 3.56714E-4 3.37435E-4 2.89738E-4 3.5008E-4 3.0818E-4 3.38741E-4 3.05439E-4 2.84946E-4 2.82385E-4 2.90397E-4
6.87942E-4 8.55551E-4 7.25154E-4 7.66282E-4 7.04401E-4 6.14802E-4 5.80803E-4 6.18174E-4 6.43838E-4 5.09115E-4 5.71484E-4 5.10371E-4 5.64046E-4 5.30046E-4 4.42771E-4 4.93173E-4 4.03666E-4 3.40907E-4 4.0418E-4 4.37159E-4 4.09784E-4 4.16789E-4 3.91461E-4 3.85264E-4 3.19646E-4 3.08041E-4 2.97197E-4 2.91782E-4 2.9366E-4 2.94447E-4 3.3568E-4 3.29536E-4 3.29971E-4 3.36085E-4 3.24995E-4 2.99967E-4 3.03593E-4 3.2092E-4 2.94496E-4 2.93331E-4 3.06393E-4 3.16683E-4 3.08004E-4 2.93597E-4 2.82281E-4 2.78301E-4 2.67529E-4 3.1852E-4 3.27486E-4 3.41135E-4 3.55331E-4 3.71976E-4 3.56379E-4 2.92538E-4 3.36131E-4 3.09746E-4 3.10451E-4 3.37966E-4 2.82046E-4 2.83791E-4 2.59134E-4
8.46904E-4 7.39769E-4 8.03723E-4 7.00542E-4 6.85738E-4 5.81778E-4 5.01976E-4 4.47114E-4 5.24137E-4 5.21333E-4 4.96792E-4 6.14714E-4 5.28269E-4 4.66156E-4 3.67755E-4 4.23916E-4 3.86216E-4 3.67287E-4 3.58649E-4 3.59109E-4 3.79323E-4 4.70034E-4 3.8628E-4 3.68753E-4 3.34475E-4 3.24892E-4 3.06536E-4 3.10945E-4 2.76755E-4 2.9603E-4 2.97567E-4 3.1871E-4 3.15461E-4 3.01535E-4 3.43486E-4 3.31015E-4 3.27916E-4 3.1303E-4 3.0092E-4 2.94583E-4 2.86513E-4 2.95837E-4 2.95443E-4 2.87347E-4 2.7985E-4 2.72551E-4 2.59185E-4 2.64286E-4 2.68393E-4 2.70111E-4 2.68739E-4 3.32006E-4 3.41349E-4 2.87457E-4 2.95753E-4 3.42224E-4 3.00392E-4 3.26206E-4 3.10131E-4 3.05826E-4 3.00864E-4
5.18772E-4 6.8921E-4 7.01265E-4 6.63635E-4 5.29829E-4 5.41437E-4 4.67203E-4 3.65626E-4 3.58022E-4 3.58484E-4 3.49115E-4 3.92896E-4 4.44028E-4 4.13073E-4 4.32392E-4 5.12793E-4 4.84103E-4 4.17221E-4 3.72391E-4 3.49292E-4 3.70425E-4 3.41956E-4 4.46401E-4 4.28368E-4 3.59581E-4 3.20121E-4 3.04384E-4 3.05948E-4 2.69222E-4 2.77273E-4 2.93468E-4 3.21348E-4 2.9274E-4 2.91722E-4 2.95349E-4 3.04848E-4 2.97644E-4 3.10605E-4 2.85544E-4 2.75954E-4 2.8228E-4 2.7103E-4 2.82072E-4 2.73629E-4 2.66131E-4 2.67878E-4 2.62581E-4 2.66056E-4 2.52613E-4 2.7356E-4 2.81273E-4 2.74535E-4 3.18771E-4 2.95753E-4 3.08839E-4 3.33696E-4 2.94466E-4 3.01153E-4 3.14043E-4 2.96684E-4 2.94838E-4
4.88586E-4 3.84217E-4 3.30249E-4 4.09983E-4 4.93878E-4 6.12507E-4 5.49803E-4 5.45465E-4 4.98866E-4 4.85844E-4 4.44615E-4 3.57454E-4 3.51905E-4 3.4409E-4 3.54015E-4 4.01031E-4 4.26141E-4 4.0154E-4 3.78126E-4 3.27864E-4 3.04447E-4 3.01265E-4 3.08094E-4 3.93527E-4 3.71779E-4 3.61601E-4 3.64927E-4 3.37513E-4 3.02143E-4 2.97746E-4 2.84607E-4 2.80922E-4 3.12949E-4 3.44204E-4 3.19518E-4 2.90976E-4 2.90976E-4 2.85404E-4 3.05247E-4 3.01088E-4 2.62701E-4 2.54849E-4 2.39842E-4 2.60884E-4 2.60881E-4 2.61561E-4 2.87003E-4 2.99044E-4 2.80456E-4 2.78287E-4 2.72774E-4 2.61202E-4 2.61542E-4 2.61542E-4 3.24548E-4 3.36035E-4 3.2392E-4 2.94412E-4 3.06019E-4 2.77133E-4 2.79925E-4
6.71157E-4 6.30677E-4 4.08346E-4 5.06751E-4 5.17681E-4 5.25949E-4 5.78967E-4 5.57914E-4 5.24926E-4 5.0987E-4 4.16438E-4 4.07767E-4 4.29617E-4 4.55677E-4 3.82685E-4 4.15596E-4 3.37549E-4 3.9832E-4 3.7484E-4 4.11942E-4 3.77774E-4 3.91199E-4 3.48471E-4 2.96863E-4 3.09224E-4 3.3254E-4 3.05338E-4 3.10234E-4 3.20107E-4 2.99475E-4 2.92752E-4 2.75378E-4 2.75017E-4 2.76092E-4 2.84016E-4 3.01855E-4 3.04555E-4 2.84445E-4 3.00118E-4 3.20954E-4 3.04749E-4 2.7406E-4 2.49433E-4 2.44394E-4 2.56369E-4 2.54713E-4 2.67159E-4 2.83895E-4 2.67507E-4 2.67159E-4 2.82996E-4 2.45484E-4 2.52725E-4 2.46446E-4 2.62224E-4 2.99218E-4 2.56701E-4 2.73036E-4 2.97063E-4 2.90395E-4 2.74647E-4
1.00381E-3 6.64193E-4 4.44674E-4 5.57463E-4 6.48687E-4 5.744E-4 5.3828E-4 5.18623E-4 5.36076E-4 6.11785E-4 5.01874E-4 4.25118E-4 5.21261E-4 5.26139E-4 4.40874E-4 5.2867E-4 5.1687E-4 3.9469E-4 3.94686E-4 4.24108E-4 3.89176E-4 3.63133E-4 3.80482E-4 3.62719E-4 2.87827E-4 3.23017E-4 3.17629E-4 3.07319E-4 3.07315E-4 3.23024E-4 3.14571E-4 2.97724E-4 3.00049E-4 2.75679E-4 2.97365E-4 2.90713E-4 3.05233E-4 3.04051E-4 2.94571E-4 3.03655E-4 3.12558E-4 2.89109E-4 2.66324E-4 2.54193E-4 2.39225E-4 2.42513E-4 2.54713E-4 2.5339E-4 2.61205E-4 2.60525E-4 2.61546E-4 2.40948E-4 2.41261E-4 2.34044E-4 2.47412E-4 2.47412E-4 2.65807E-4 2.73382E-4 2.84045E-4 2.83221E-4 2.97633E-4
5.74209E-4 5.28595E-4 6.00067E-4 6.40858E-4 7.75394E-4 6.69485E-4 6.704E-4 5.38261E-4 4.26457E-4 5.11897E-4 5.81055E-4 5.26813E-4 4.39918E-4 5.03219E-4 4.94633E-4 4.58707E-4 5.42551E-4 4.69624E-4 4.05004E-4 4.46315E-4 4.63723E-4 3.77533E-4 3.51799E-4 4.02754E-4 4.16001E-4 3.67662E-4 2.98205E-4 3.19793E-4 3.666E-4 3.2322E-4 3.49888E-4 2.79486E-4 2.99469E-4 2.99671E-4 2.74989E-4 2.83657E-4 2.67465E-4 3.01691E-4 3.08194E-4 2.90977E-4 3.10578E-4 2.73831E-4 2.58364E-4 2.51608E-4 2.48704E-4 2.49026E-4 2.3526E-4 2.42204E-4 2.43773E-4 2.5176E-4 2.49501E-4 2.49824E-4 2.37539E-4 2.35406E-4 2.42666E-4 2.4298E-4 2.41723E-4 2.50146E-4 2.46126E-4 2.29549E-4 2.40608E-4
8.35768E-4 6.60665E-4 5.32178E-4 8.43998E-4 9.12775E-4 6.95371E-4 5.57268E-4 6.28997E-4 5.94166E-4 4.63792E-4 5.89276E-4 4.52905E-4 4.21747E-4 4.02152E-4 3.81192E-4 3.92168E-4 4.44399E-4 4.99451E-4 4.66889E-4 4.547E-4 4.70608E-4 4.44564E-4 3.85632E-4 3.51333E-4 3.98058E-4 3.6288E-4 3.33664E-4 2.8512E-4 3.83087E-4 3.66607E-4 3.3749E-4 3.0143E-4 2.79129E-4 2.90709E-4 2.88849E-4 2.71127E-4 2.46726E-4 2.45446E-4 2.5813E-4 2.8892E-4 2.89664E-4 2.75764E-4 2.7405E-4 2.42128E-4 2.45487E-4 2.5047E-4 2.51116E-4 2.4455E-4 2.62188E-4 2.427E-4 2.27568E-4 2.28746E-4 2.26432E-4 2.2326E-4 2.29843E-4 2.30143E-4 2.29253E-4 2.28957E-4 2.29552E-4 2.29846E-4 2.23548E-4
9.5159E-4 6.8291E-4 4.87646E-4 4.35487E-4 7.42946E-4 5.37608E-4 7.73137E-4 6.73774E-4 6.8054E-4 5.05184E-4 4.12292E-4 5.97121E-4 5.35247E-4 5.3532E-4 5.53737E-4 5.09718E-4 4.4499E-4 4.14863E-4 4.42073E-4 5.03232E-4 4.99828E-4 4.34699E-4 3.86158E-4 3.20733E-4 3.54809E-4 3.2411E-4 2.93928E-4 2.95092E-4 3.75485E-4 3.43903E-4 3.5519E-4 2.95465E-4 2.82377E-4 2.71133E-4 2.7877E-4 2.63362E-4 2.65058E-4 2.4688E-4 2.74994E-4 2.48805E-4 3.02825E-4 2.83571E-4 2.67542E-4 2.43044E-4 2.36086E-4 2.37847E-4 2.37541E-4 2.28664E-4 2.65129E-4 2.64224E-4 2.58507E-4 2.11432E-4 2.03091E-4 2.0778E-4 2.0545E-4 2.08581E-4 2.1255E-4 2.18547E-4 2.19105E-4 2.12012E-4 2.31034E-4
1.28272E-3 1.02929E-3 7.63881E-4 4.21867E-4 4.48976E-4 5.21533E-4 6.7307E-4 5.85689E-4 5.54805E-4 5.42508E-4 5.11979E-4 5.1991E-4 5.94912E-4 4.71687E-4 4.44949E-4 5.04281E-4 5.23817E-4 3.98956E-4 4.64596E-4 3.79394E-4 4.68147E-4 4.85504E-4 4.61672E-4 3.86665E-4 3.67208E-4 3.05803E-4 2.96266E-4 3.01722E-4 3.1325E-4 3.82113E-4 3.78401E-4 3.56567E-4 2.89593E-4 2.8129E-4 2.8202E-4 2.73934E-4 2.52024E-4 2.41986E-4 2.3384E-4 2.43236E-4 2.55589E-4 2.99071E-4 2.82513E-4 2.53704E-4 2.53066E-4 2.39077E-4 2.21061E-4 2.24415E-4 2.28665E-4 2.63213E-4 2.71128E-4 2.56758E-4 2.4135E-4 2.36623E-4 2.15784E-4 2.10178E-4 2.15002E-4 2.12844E-4 2.12844E-4 2.20506E-4 2.07261E-4
7.07764E-4 7.13206E-4 8.12167E-4 6.51233E-4 4.61325E-4 4.5111E-4 5.58805E-4 4.42299E-4 4.29605E-4 4.97307E-4 5.17318E-4 5.73921E-4 4.42635E-4 3.3886E-4 3.31787E-4 3.22281E-4 3.25709E-4 3.15533E-4 3.10986E-4 3.0287E-4 3.07669E-4 3.33689E-4 3.70186E-4 3.83638E-4 3.30185E-4 3.25389E-4 3.07407E-4 2.87393E-4 2.94219E-4 2.90807E-4 2.98244E-4 3.3212E-4 3.1356E-4 2.98524E-4 2.91462E-4 2.64383E-4 2.66773E-4 2.46686E-4 2.40527E-4 2.32458E-4 2.45432E-4 2.6832E-4 2.82819E-4 2.75419E-4 2.61537E-4 2.82701E-4 2.31363E-4 2.27273E-4 2.2134E-4 2.35714E-4 2.59198E-4 2.53075E-4 2.46768E-4 2.32526E-4 2.2384E-4 2.20235E-4 2.0805E-4 2.22703E-4 2.02836E-4 1.98298E-4 1.97561E-4
9.88137E-4 9.62383E-4 8.02466E-4 7.39989E-4 5.21106E-4 4.4435E-4 4.01257E-4 4.29275E-4 3.79059E-4 4.05324E-4 5.41954E-4 7.3211E-4 6.49039E-4 5.54591E-4 4.40372E-4 4.56692E-4 4.45004E-4 4.12108E-4 3.91356E-4 3.68772E-4 3.35951E-4 3.07069E-4 3.20315E-4 3.29335E-4 3.45105E-4 3.20833E-4 3.2208E-4 2.95177E-4 2.97085E-4 2.88949E-4 3.08627E-4 2.71575E-4 2.55403E-4 3.1174E-4 3.02805E-4 3.03985E-4 2.87928E-4 2.89052E-4 2.67643E-4 2.6197E-4 2.54456E-4 2.48422E-4 2.43442E-4 2.48647E-4 2.4183E-4 2.61537E-4 2.49604E-4 2.51523E-4 2.13921E-4 2.15017E-4 2.29553E-4 2.22688E-4 2.30445E-4 2.24999E-4 2.16111E-4 2.08321E-4 2.25173E-4 2.26443E-4 2.04987E-4 2.0524E-4 1.92459E-4
1.32715E-3 9.54713E-4 8.10023E-4 5.20435E-4 5.82978E-4 5.28544E-4 5.01346E-4 4.89554E-4 4.33104E-4 3.08645E-4 3.51125E-4 4.61938E-4 6.07953E-4 6.47293E-4 4.53361E-4 3.77443E-4 4.69004E-4 4.70607E-4 5.38449E-4 4.56739E-4 3.36825E-4 3.26749E-4 3.18212E-4 3.0702E-4 3.06219E-4 3.0862E-4 3.40935E-4 3.53503E-4 3.23345E-4 3.30114E-4 3.18991E-4 3.21901E-4 3.11058E-4 3.10137E-4 3.20532E-4 3.0439E-4 2.80042E-4 2.97196E-4 2.7307E-4 2.66268E-4 2.5831E-4 2.67986E-4 2.65323E-4 2.32605E-4 2.06935E-4 2.07464E-4 2.55182E-4 2.41998E-4 2.4261E-4 2.28615E-4 2.19817E-4 2.2234E-4 2.15425E-4 2.23469E-4 2.17073E-4 2.10845E-4 2.18179E-4 2.30309E-4 2.08448E-4 2.12865E-4 1.89597E-4
