Artocarpus hirsutus SDM files/Last interglacial/results (without bias file)/Arthir_4.asc
ncols         625
nrows         721
xllcorner     69.99986311115
yllcorner     5.99986151914999
cellsize      0.041666667
NODATA_value  -9999
[rows 486 to 512 of 721, columns 122 to 182 of 625]
5.17148E-3 5.42728E-3 2.92937E-3 1.9879E-3 1.90269E-3 2.29584E-3 2.05042E-3 1.8703E-3 2.09534E-3 1.8204E-3 1.38141E-3 1.57204E-3 2.19432E-3 1.67289E-3 1.35143E-3 2.19733E-3 1.53258E-3 1.7084E-3 2.09236E-3 2.85587E-3 3.45866E-3 3.08439E-3 2.53688E-3 2.19238E-3 1.67503E-3 1.60622E-3 2.2836E-3 2.5357E-3 2.40634E-3 2.7541E-3 1.97596E-3 1.94733E-3 2.0149E-3 2.15579E-3 1.70374E-3 1.80454E-3 2.11407E-3 2.26173E-3 2.19288E-3 2.20974E-3 2.25968E-3 2.53849E-3 2.34587E-3 1.93607E-3 2.2255E-3 1.87992E-3 1.88866E-3 1.92864E-3 1.83076E-3 1.76337E-3 1.79858E-3 1.83786E-3 1.62674E-3 1.58332E-3 1.20874E-3 1.19293E-3 1.306E-3 1.272E-3 1.21779E-3 1.14056E-3 9.22109E-4
4.91319E-3 5.8678E-3 3.15238E-3 2.88291E-3 2.11287E-3 2.48512E-3 2.24818E-3 2.14982E-3 1.74325E-3 1.79691E-3 1.41885E-3 2.28637E-3 2.06216E-3 1.56979E-3 1.32152E-3 1.90076E-3 1.39201E-3 1.69051E-3 1.91178E-3 1.94174E-3 2.58285E-3 2.97594E-3 2.8069E-3 2.66414E-3 1.80075E-3 1.7767E-3 2.40415E-3 1.74727E-3 1.71574E-3 1.83408E-3 1.92874E-3 1.77231E-3 1.81778E-3 1.81763E-3 2.07614E-3 1.73264E-3 2.0994E-3 2.11797E-3 2.1802E-3 2.17788E-3 2.21465E-3 2.32313E-3 2.56833E-3 2.34217E-3 2.11342E-3 2.06975E-3 1.83904E-3 2.02859E-3 1.84695E-3 1.71114E-3 1.76678E-3 1.7811E-3 1.79732E-3 1.69807E-3 1.3448E-3 1.12695E-3 1.3321E-3 1.40257E-3 1.36294E-3 1.16243E-3 1.25334E-3
5.36778E-3 3.87278E-3 3.42683E-3 3.06953E-3 2.61123E-3 2.18342E-3 2.14709E-3 1.99602E-3 1.64535E-3 1.70542E-3 1.95316E-3 1.96155E-3 2.35545E-3 1.26682E-3 1.75327E-3 1.81517E-3 1.26915E-3 1.46222E-3 1.80864E-3 1.82503E-3 1.9932E-3 2.31443E-3 2.57594E-3 2.73876E-3 2.4862E-3 2.41736E-3 1.89679E-3 1.35477E-3 1.4919E-3 1.71574E-3 1.65128E-3 1.70414E-3 1.98868E-3 1.89539E-3 1.93963E-3 2.31614E-3 1.88676E-3 2.0952E-3 1.98836E-3 2.08949E-3 2.26348E-3 2.26107E-3 2.27248E-3 2.10691E-3 2.21393E-3 2.5354E-3 2.55426E-3 1.72937E-3 1.9375E-3 1.77816E-3 1.67184E-3 2.06588E-3 1.90996E-3 1.79769E-3 1.81268E-3 1.2151E-3 1.29919E-3 1.31154E-3 1.20811E-3 1.22763E-3 1.18794E-3
5.71862E-3 4.57589E-3 3.71467E-3 3.12209E-3 3.31633E-3 2.54176E-3 2.02592E-3 1.73086E-3 1.91352E-3 2.05486E-3 2.09208E-3 1.59604E-3 2.03863E-3 1.22091E-3 1.57884E-3 2.07105E-3 1.53709E-3 1.31576E-3 1.65358E-3 2.16601E-3 1.47724E-3 1.34773E-3 1.91621E-3 2.0649E-3 2.34899E-3 2.71169E-3 1.85301E-3 1.38688E-3 1.55804E-3 1.41942E-3 1.50899E-3 1.51947E-3 1.9112E-3 2.18457E-3 1.63787E-3 1.56116E-3 2.42602E-3 1.88238E-3 1.85844E-3 1.96118E-3 2.05017E-3 2.28676E-3 1.88633E-3 2.26813E-3 2.57601E-3 2.18631E-3 2.65194E-3 2.32927E-3 1.75467E-3 1.81386E-3 1.62581E-3 1.52751E-3 1.98395E-3 2.09517E-3 1.79816E-3 1.63676E-3 1.34695E-3 1.18708E-3 1.09943E-3 1.10761E-3 1.19824E-3
4.54423E-3 3.8544E-3 3.6929E-3 3.5352E-3 3.22598E-3 2.90981E-3 2.83265E-3 2.01627E-3 2.23693E-3 2.14191E-3 1.99004E-3 1.69683E-3 1.81112E-3 1.2486E-3 1.68233E-3 1.84539E-3 1.99089E-3 1.27251E-3 1.65589E-3 9.78114E-4 1.05813E-3 1.02737E-3 1.38981E-3 1.60692E-3 1.99712E-3 2.20796E-3 2.14915E-3 2.17138E-3 1.21988E-3 1.24636E-3 1.34544E-3 1.41623E-3 1.58244E-3 1.99946E-3 1.94926E-3 1.44304E-3 1.65451E-3 2.38874E-3 1.7245E-3 2.01811E-3 1.66128E-3 1.49457E-3 1.90965E-3 2.44158E-3 2.13855E-3 2.20554E-3 2.26561E-3 2.59816E-3 2.28697E-3 1.75171E-3 1.57391E-3 1.58265E-3 1.48281E-3 1.64814E-3 1.88369E-3 1.6274E-3 1.89405E-3 1.15418E-3 1.01295E-3 1.21574E-3 1.324E-3
4.15622E-3 3.87069E-3 4.33128E-3 3.90355E-3 2.96828E-3 2.62682E-3 2.03345E-3 2.36654E-3 2.25623E-3 2.05919E-3 1.97093E-3 2.02476E-3 1.74105E-3 1.30461E-3 1.50762E-3 1.83648E-3 2.18807E-3 1.56406E-3 1.25535E-3 1.02444E-3 1.03535E-3 9.26784E-4 7.40078E-4 1.00755E-3 1.56095E-3 1.88539E-3 1.91854E-3 2.47718E-3 1.38688E-3 1.06795E-3 1.05817E-3 1.18749E-3 1.39801E-3 1.56798E-3 1.79212E-3 1.64896E-3 1.71837E-3 2.04223E-3 1.80366E-3 1.89491E-3 1.81796E-3 1.22343E-3 1.91414E-3 2.33274E-3 1.54109E-3 2.13047E-3 2.20145E-3 2.22353E-3 2.40868E-3 2.02022E-3 1.78056E-3 1.56157E-3 1.50751E-3 1.62827E-3 1.78815E-3 1.8298E-3 1.44036E-3 1.00473E-3 1.06504E-3 1.2536E-3 1.39069E-3
4.18801E-3 4.20201E-3 4.29439E-3 3.57837E-3 2.86575E-3 2.54763E-3 3.27634E-3 3.4084E-3 2.18742E-3 1.90316E-3 2.41712E-3 2.10261E-3 1.46113E-3 1.38092E-3 1.43655E-3 1.42461E-3 1.87781E-3 1.6676E-3 1.24924E-3 1.18495E-3 1.12888E-3 9.33678E-4 9.17947E-4 7.26802E-4 1.0525E-3 1.44136E-3 1.90202E-3 2.32773E-3 2.15171E-3 1.26934E-3 9.52163E-4 1.09565E-3 1.05386E-3 1.19678E-3 1.41941E-3 1.73164E-3 1.53812E-3 1.67425E-3 1.36022E-3 2.12743E-3 2.11876E-3 1.19824E-3 2.11357E-3 1.93168E-3 1.48599E-3 1.55792E-3 2.13522E-3 2.1136E-3 2.19568E-3 2.03258E-3 1.63988E-3 1.51193E-3 1.50592E-3 1.62292E-3 1.7979E-3 1.79229E-3 1.55923E-3 1.20737E-3 1.05692E-3 1.25113E-3 1.54757E-3
4.80986E-3 5.05155E-3 3.95085E-3 3.42597E-3 3.00698E-3 2.69548E-3 3.50814E-3 3.58107E-3 3.17704E-3 1.71283E-3 2.04764E-3 1.95194E-3 1.69812E-3 1.42142E-3 1.5279E-3 1.54576E-3 1.56106E-3 1.31565E-3 1.21504E-3 1.12942E-3 1.12442E-3 1.05168E-3 9.86694E-4 7.48834E-4 8.87769E-4 1.15669E-3 1.76499E-3 2.83521E-3 2.33769E-3 2.35258E-3 1.64299E-3 8.87116E-4 7.50222E-4 9.35221E-4 1.15105E-3 1.30493E-3 1.69617E-3 1.43462E-3 1.28652E-3 1.58621E-3 1.29425E-3 1.90149E-3 1.91023E-3 1.6288E-3 1.0908E-3 1.17226E-3 1.66132E-3 2.18897E-3 2.36645E-3 2.1914E-3 1.79838E-3 1.4342E-3 1.4287E-3 1.63328E-3 1.77664E-3 1.76694E-3 1.32659E-3 8.80752E-4 1.03637E-3 1.22557E-3 1.59298E-3
5.8181E-3 4.48236E-3 3.85982E-3 3.52683E-3 3.2469E-3 3.12394E-3 3.85758E-3 3.95324E-3 3.45728E-3 1.99242E-3 2.29983E-3 2.70397E-3 1.65338E-3 1.40151E-3 1.45927E-3 1.42997E-3 1.27629E-3 1.14804E-3 1.12747E-3 1.12388E-3 1.06638E-3 1.02613E-3 9.146E-4 9.38867E-4 8.9054E-4 1.00616E-3 1.77282E-3 2.32586E-3 2.00065E-3 1.27399E-3 1.94261E-3 1.66864E-3 8.8793E-4 7.46746E-4 8.05606E-4 8.19172E-4 1.03662E-3 1.29839E-3 1.54543E-3 1.75599E-3 1.12434E-3 1.31221E-3 1.76702E-3 1.3609E-3 8.40879E-4 1.05432E-3 8.77056E-4 1.4526E-3 1.99594E-3 2.79251E-3 2.03482E-3 1.17032E-3 1.22726E-3 1.674E-3 1.62885E-3 1.63643E-3 1.17075E-3 1.17493E-3 1.57569E-3 1.26561E-3 1.5413E-3
7.83914E-3 5.16559E-3 4.47086E-3 3.89476E-3 3.12193E-3 3.33006E-3 3.85758E-3 3.755E-3 3.80125E-3 3.03547E-3 2.43134E-3 2.42177E-3 2.83498E-3 1.50346E-3 1.3836E-3 1.14527E-3 1.06506E-3 1.15349E-3 1.18344E-3 1.20181E-3 1.19077E-3 1.17451E-3 9.59742E-4 8.71127E-4 9.76415E-4 6.91754E-4 2.00535E-3 1.09186E-3 1.32233E-3 1.29191E-3 2.54171E-3 2.20128E-3 1.72412E-3 7.64252E-4 6.67245E-4 6.32191E-4 1.28226E-3 1.31562E-3 1.16833E-3 1.46026E-3 1.06737E-3 8.12017E-4 1.42041E-3 1.65445E-3 5.1408E-4 6.38307E-4 5.44813E-4 1.03369E-3 1.43758E-3 1.7998E-3 1.82899E-3 1.65097E-3 1.52036E-3 1.49346E-3 1.29115E-3 1.15723E-3 9.72148E-4 1.23303E-3 1.61249E-3 1.91499E-3 1.56246E-3
8.65181E-3 8.30913E-3 6.28752E-3 5.42958E-3 3.47807E-3 3.88907E-3 3.77027E-3 4.11129E-3 3.95324E-3 3.68497E-3 3.35172E-3 3.60134E-3 3.04837E-3 2.77363E-3 1.37903E-3 9.639E-4 9.99447E-4 1.08849E-3 1.12294E-3 1.28147E-3 1.18076E-3 1.32855E-3 1.02803E-3 8.97836E-4 8.63929E-4 1.34769E-3 1.25239E-3 9.50551E-4 9.10397E-4 1.11276E-3 1.11948E-3 1.23152E-3 9.82194E-4 7.67285E-4 1.09267E-3 1.60444E-3 7.85892E-4 7.12278E-4 7.03898E-4 9.22986E-4 1.32599E-3 1.44043E-3 4.49519E-4 9.19315E-4 3.86361E-4 3.82776E-4 4.40888E-4 5.49916E-4 1.03848E-3 1.21656E-3 1.43087E-3 1.54868E-3 1.48734E-3 1.37928E-3 1.42856E-3 1.10887E-3 1.08541E-3 1.37687E-3 1.54656E-3 1.78554E-3 1.2672E-3
9.19702E-3 8.83469E-3 6.71411E-3 4.92486E-3 4.18172E-3 4.07811E-3 3.93732E-3 4.23064E-3 4.28237E-3 3.81675E-3 3.86354E-3 3.95832E-3 3.83068E-3 2.01807E-3 1.15374E-3 9.474E-4 9.81798E-4 1.09376E-3 1.17303E-3 1.22631E-3 1.07355E-3 1.2659E-3 1.16687E-3 8.62884E-4 9.43797E-4 1.35909E-3 1.45891E-3 1.01116E-3 1.27068E-3 6.71871E-4 7.6754E-4 9.60276E-4 9.46128E-4 9.5727E-4 1.5839E-3 2.87456E-3 7.02042E-4 4.74839E-4 5.14231E-4 5.34355E-4 9.24093E-4 1.11148E-3 4.62803E-4 5.2462E-4 3.59356E-4 4.2866E-4 3.71265E-4 3.41565E-4 8.32753E-4 1.08669E-3 1.14831E-3 1.24949E-3 1.35305E-3 1.25684E-3 1.28859E-3 1.22126E-3 1.06434E-3 1.22537E-3 1.43256E-3 1.19689E-3 1.17833E-3
9.7255E-3 1.10471E-2 1.15699E-2 9.0098E-3 4.97759E-3 3.98562E-3 4.26584E-3 4.17936E-3 4.31184E-3 4.40017E-3 4.14523E-3 4.19573E-3 3.40181E-3 2.7853E-3 1.76042E-3 1.09349E-3 8.66919E-4 9.27302E-4 1.22042E-3 1.20432E-3 1.13695E-3 1.20649E-3 1.29788E-3 9.50646E-4 8.5511E-4 1.01594E-3 1.08874E-3 1.09463E-3 8.41466E-4 8.99215E-4 9.75911E-4 1.21632E-3 1.37856E-3 1.60065E-3 1.84354E-3 2.49416E-3 9.38654E-4 5.31247E-4 3.51683E-4 4.57786E-4 6.41111E-4 5.68684E-4 3.82137E-4 4.02599E-4 4.94264E-4 3.82125E-4 2.78911E-4 2.56655E-4 4.0066E-4 6.71237E-4 7.81243E-4 1.07669E-3 1.15653E-3 1.41448E-3 1.24468E-3 1.38702E-3 1.04377E-3 6.91814E-4 6.18407E-4 1.06091E-3 1.13023E-3
1.23608E-2 1.22291E-2 1.31162E-2 7.75291E-3 5.79066E-3 5.86249E-3 4.23099E-3 4.31102E-3 4.12922E-3 4.14609E-3 3.55205E-3 3.80214E-3 2.76562E-3 2.9129E-3 3.38783E-3 2.82207E-3 1.0666E-3 1.04501E-3 9.6083E-4 1.32099E-3 1.19368E-3 1.04781E-3 1.31585E-3 1.16687E-3 8.96158E-4 8.21357E-4 9.25291E-4 8.41918E-4 8.05868E-4 8.84826E-4 1.54526E-3 2.54023E-3 1.98827E-3 1.01882E-3 8.19202E-4 8.95853E-4 7.31795E-4 4.79278E-4 5.05742E-4 4.75971E-4 6.13298E-4 5.20657E-4 3.43559E-4 3.6769E-4 3.79094E-4 3.62586E-4 2.78938E-4 2.12134E-4 3.73576E-4 3.44944E-4 6.52154E-4 9.39386E-4 9.39834E-4 1.0037E-3 1.45183E-3 1.46807E-3 6.9769E-4 4.48844E-4 3.88639E-4 7.51707E-4 6.85972E-4
1.37438E-2 1.42711E-2 1.08312E-2 7.74474E-3 8.27931E-3 6.67222E-3 5.53682E-3 4.4177E-3 3.66947E-3 3.28796E-3 2.5329E-3 3.37304E-3 2.67881E-3 2.13593E-3 2.05435E-3 2.28947E-3 2.35809E-3 1.18617E-3 8.66956E-4 1.05122E-3 1.22417E-3 1.11199E-3 1.23779E-3 1.0744E-3 8.74646E-4 9.14164E-4 9.50053E-4 6.86093E-4 7.03512E-4 9.05362E-4 9.68501E-4 2.42112E-3 2.93756E-3 2.99732E-3 8.30655E-4 7.21036E-4 4.24396E-4 4.83751E-4 5.67553E-4 7.94798E-4 7.41809E-4 4.06218E-4 3.41506E-4 3.17207E-4 3.18693E-4 3.69092E-4 2.86225E-4 2.68135E-4 5.42198E-4 3.98794E-4 3.54258E-4 4.45839E-4 6.65562E-4 8.5897E-4 1.1995E-3 5.2652E-4 4.39829E-4 3.63518E-4 2.90308E-4 6.15534E-4 6.18797E-4
1.42562E-2 1.26272E-2 1.03526E-2 8.5733E-3 9.11609E-3 5.27548E-3 6.72969E-3 4.93725E-3 5.2642E-3 2.42027E-3 2.0095E-3 2.61243E-3 3.25655E-3 2.85008E-3 1.55288E-3 1.9242E-3 2.32173E-3 2.02488E-3 9.25057E-4 9.30851E-4 1.06913E-3 1.15695E-3 1.1979E-3 1.07535E-3 1.12338E-3 1.04241E-3 7.69014E-4 7.46201E-4 7.31719E-4 8.88732E-4 9.10882E-4 1.49184E-3 3.24782E-3 2.05124E-3 3.06908E-3 8.99464E-4 3.24783E-4 8.68068E-4 6.08749E-4 9.85545E-4 6.80612E-4 3.09485E-4 3.19071E-4 3.36756E-4 3.20958E-4 3.30897E-4 2.9648E-4 2.80365E-4 5.57825E-4 4.63168E-4 3.93525E-4 4.05712E-4 4.07817E-4 9.25895E-4 9.87491E-4 3.45614E-4 2.7587E-4 4.11742E-4 1.94831E-4 2.42481E-4 4.16797E-4
1.42624E-2 1.32373E-2 1.26384E-2 7.74019E-3 7.575E-3 6.6792E-3 9.36687E-3 6.82622E-3 3.63758E-3 3.61064E-3 2.28818E-3 2.17478E-3 3.20278E-3 3.47729E-3 1.84865E-3 1.51279E-3 1.56701E-3 2.68365E-3 1.45889E-3 1.16861E-3 1.57822E-3 1.40757E-3 1.3368E-3 9.45833E-4 1.13287E-3 8.11092E-4 8.15594E-4 8.86042E-4 6.96553E-4 9.61756E-4 9.3525E-4 9.94738E-4 1.99453E-3 2.61137E-3 8.53071E-4 9.17621E-4 1.17813E-3 9.88083E-4 4.03619E-4 7.09648E-4 1.33688E-3 7.9076E-4 3.11477E-4 2.86509E-4 3.15118E-4 3.18104E-4 3.02786E-4 2.97879E-4 4.46022E-4 5.10831E-4 3.52073E-4 4.26021E-4 3.89659E-4 4.43358E-4 9.35043E-4 8.16052E-4 3.61391E-4 5.86869E-4 2.09871E-4 1.20173E-4 2.54572E-4
1.47148E-2 1.35028E-2 1.16058E-2 7.14253E-3 7.13879E-3 6.51066E-3 9.1163E-3 6.99056E-3 4.27716E-3 4.26225E-3 3.61236E-3 2.29935E-3 2.13474E-3 3.13001E-3 3.64237E-3 1.83997E-3 1.40313E-3 1.48926E-3 2.20566E-3 1.17385E-3 1.55388E-3 1.80757E-3 1.67606E-3 9.08606E-4 1.07314E-3 7.63887E-4 6.06504E-4 8.15923E-4 9.78684E-4 8.8396E-4 9.43194E-4 1.23472E-3 1.14031E-3 1.70593E-3 1.30053E-3 9.30707E-4 1.37383E-3 1.31871E-3 4.5381E-4 4.80054E-4 1.17923E-3 9.9666E-4 4.29482E-4 3.09857E-4 2.79546E-4 3.2029E-4 3.18775E-4 2.91052E-4 4.50722E-4 4.6046E-4 4.32055E-4 4.58988E-4 4.68485E-4 3.7089E-4 5.2613E-4 6.20459E-4 2.95991E-4 2.49402E-4 1.73034E-4 1.41007E-4 1.66267E-4
1.40265E-2 1.48916E-2 1.08221E-2 7.4122E-3 6.72974E-3 7.06881E-3 9.03336E-3 6.55905E-3 5.55349E-3 3.74162E-3 4.53121E-3 3.94154E-3 2.6752E-3 2.63254E-3 2.49805E-3 2.15548E-3 1.61455E-3 1.5129E-3 1.85439E-3 1.59775E-3 2.05138E-3 2.29093E-3 1.85414E-3 1.20965E-3 1.22639E-3 6.51198E-4 5.35592E-4 6.86697E-4 1.03797E-3 1.32793E-3 1.05509E-3 1.11583E-3 1.34908E-3 9.16995E-4 2.25632E-3 1.76086E-3 1.82313E-3 1.34444E-3 4.60676E-4 5.46542E-4 6.44111E-4 4.78416E-4 5.65214E-4 9.03106E-4 3.76275E-4 3.04695E-4 2.93018E-4 3.09337E-4 3.78589E-4 4.3392E-4 4.91747E-4 5.68456E-4 5.04669E-4 3.91865E-4 5.10825E-4 4.03266E-4 2.56116E-4 4.23544E-4 1.97107E-4 1.60785E-4 1.32781E-4
1.38434E-2 1.43682E-2 9.4938E-3 7.41981E-3 6.38856E-3 7.51013E-3 8.20173E-3 6.73601E-3 6.4649E-3 4.66862E-3 3.22932E-3 3.87821E-3 2.65328E-3 3.12159E-3 2.63254E-3 2.00781E-3 1.63015E-3 2.06503E-3 1.94256E-3 1.80652E-3 2.14296E-3 2.17414E-3 1.96999E-3 1.11091E-3 8.88116E-4 6.72959E-4 7.31144E-4 6.5968E-4 9.05063E-4 1.08032E-3 1.49913E-3 1.45668E-3 1.74411E-3 1.28565E-3 1.35032E-3 2.12085E-3 2.08571E-3 9.58744E-4 8.10012E-4 7.81515E-4 6.63092E-4 5.21052E-4 4.49409E-4 3.69868E-4 3.38101E-4 3.21811E-4 2.94415E-4 3.29633E-4 3.04342E-4 4.06686E-4 5.54328E-4 5.04636E-4 5.46249E-4 6.10555E-4 4.01358E-4 2.70102E-4 2.23677E-4 1.83875E-4 1.89431E-4 1.63138E-4 1.40444E-4
1.7103E-2 1.34283E-2 1.0261E-2 7.77836E-3 6.41662E-3 6.67305E-3 6.91126E-3 6.46359E-3 6.41533E-3 4.42265E-3 3.75713E-3 4.03396E-3 2.70134E-3 2.50714E-3 2.2609E-3 2.28048E-3 2.36454E-3 2.24418E-3 1.85926E-3 1.59781E-3 2.60786E-3 2.35386E-3 1.67992E-3 7.83548E-4 6.96143E-4 6.44401E-4 7.9923E-4 1.07845E-3 8.53129E-4 8.4267E-4 1.28436E-3 1.58039E-3 1.64063E-3 1.69795E-3 1.46382E-3 1.73864E-3 1.3615E-3 8.65588E-4 8.53899E-4 1.0494E-3 5.23523E-4 4.83979E-4 4.69718E-4 3.81312E-4 3.45282E-4 3.31765E-4 3.17393E-4 3.65152E-4 4.67422E-4 3.32396E-4 3.33635E-4 4.09554E-4 5.1519E-4 5.10431E-4 2.90772E-4 2.68814E-4 2.47192E-4 1.31206E-4 1.74021E-4 1.39811E-4 1.35622E-4
1.64536E-2 1.49831E-2 1.02919E-2 8.42016E-3 7.35497E-3 6.19235E-3 6.20192E-3 6.32747E-3 6.2474E-3 5.10369E-3 3.97945E-3 4.32036E-3 3.27142E-3 2.61806E-3 1.71238E-3 2.72764E-3 3.03956E-3 2.24352E-3 1.68833E-3 1.42517E-3 1.75227E-3 2.83316E-3 1.73211E-3 8.60013E-4 6.82917E-4 6.3262E-4 7.31493E-4 9.96687E-4 1.11266E-3 1.03646E-3 1.11412E-3 1.27506E-3 1.33642E-3 1.75087E-3 1.51623E-3 1.73864E-3 1.80644E-3 9.02506E-4 6.90852E-4 5.28584E-4 5.08634E-4 5.40093E-4 4.83979E-4 4.51545E-4 4.29554E-4 4.27354E-4 3.4365E-4 3.40542E-4 4.99362E-4 5.59982E-4 4.42843E-4 4.13672E-4 4.78388E-4 2.77604E-4 2.28714E-4 2.43462E-4 1.96634E-4 1.64298E-4 1.57856E-4 1.40257E-4 3.02245E-4
1.35017E-2 1.35599E-2 9.49338E-3 8.13599E-3 6.89761E-3 6.43132E-3 7.76161E-3 6.45383E-3 5.59814E-3 5.64159E-3 5.83501E-3 4.79255E-3 3.84413E-3 2.83063E-3 1.57122E-3 2.53419E-3 3.24737E-3 3.14554E-3 1.51913E-3 1.51273E-3 1.33395E-3 1.76764E-3 2.43197E-3 1.53579E-3 6.58745E-4 5.96468E-4 6.9586E-4 7.6115E-4 1.08976E-3 1.1099E-3 1.18055E-3 1.32435E-3 1.43601E-3 1.56962E-3 1.00837E-3 1.20122E-3 1.41454E-3 1.3322E-3 6.82581E-4 6.55464E-4 6.32797E-4 4.6254E-4 4.31812E-4 4.53689E-4 5.31127E-4 4.40362E-4 3.40405E-4 3.45952E-4 3.78891E-4 5.3305E-4 5.35563E-4 6.10746E-4 2.97852E-4 2.15545E-4 2.05921E-4 1.91922E-4 2.67649E-4 2.50375E-4 1.63626E-4 1.70965E-4 2.80792E-4
1.19969E-2 1.09374E-2 1.0356E-2 8.71976E-3 7.00222E-3 7.09191E-3 8.73942E-3 7.30506E-3 5.35369E-3 6.11079E-3 6.30369E-3 4.96234E-3 2.81313E-3 2.06545E-3 2.58424E-3 2.84666E-3 3.26105E-3 3.40604E-3 1.95791E-3 1.23003E-3 1.13838E-3 1.64033E-3 1.68278E-3 1.21798E-3 6.97725E-4 6.02562E-4 7.14235E-4 7.48598E-4 9.21407E-4 1.09901E-3 1.18125E-3 1.43379E-3 1.53882E-3 1.24514E-3 6.30209E-4 7.4468E-4 9.56175E-4 1.19765E-3 8.30367E-4 5.80295E-4 4.85833E-4 6.78712E-4 5.36691E-4 5.13243E-4 5.72555E-4 4.34106E-4 3.57978E-4 3.16459E-4 3.35718E-4 5.31165E-4 5.75026E-4 6.51749E-4 2.73639E-4 1.95205E-4 3.65456E-4 2.66726E-4 4.69044E-4 2.3656E-4 1.86293E-4 1.62889E-4 1.54127E-4
1.15658E-2 1.00707E-2 1.10223E-2 9.59843E-3 8.71815E-3 8.76084E-3 8.41347E-3 6.36256E-3 5.86285E-3 6.79199E-3 6.44471E-3 5.47054E-3 2.55303E-3 2.04695E-3 1.9856E-3 2.54199E-3 4.00557E-3 3.63957E-3 2.29312E-3 2.02111E-3 1.94256E-3 1.54117E-3 1.05783E-3 7.46174E-4 6.86934E-4 6.29955E-4 7.46602E-4 7.7216E-4 7.8293E-4 1.11071E-3 1.13525E-3 1.42685E-3 1.17297E-3 8.81346E-4 6.99341E-4 6.07489E-4 6.88303E-4 6.97781E-4 5.78869E-4 6.99589E-4 8.16285E-4 6.88758E-4 5.47502E-4 4.69347E-4 6.08718E-4 4.34679E-4 4.45956E-4 3.0115E-4 3.71912E-4 5.51225E-4 7.27844E-4 6.16957E-4 2.99568E-4 3.28888E-4 5.53651E-4 4.26559E-4 3.78371E-4 2.63952E-4 2.03901E-4 1.91119E-4 1.55747E-4
1.08973E-2 1.17294E-2 9.59385E-3 9.20339E-3 9.89937E-3 9.39798E-3 8.1672E-3 6.86725E-3 5.76249E-3 6.77606E-3 7.33402E-3 5.06772E-3 2.75104E-3 2.13844E-3 1.44882E-3 2.22605E-3 2.42256E-3 2.30966E-3 2.99153E-3 2.83027E-3 2.74428E-3 2.77094E-3 1.17114E-3 6.92286E-4 6.19892E-4 6.61104E-4 7.70412E-4 7.26632E-4 8.32189E-4 9.62767E-4 1.1759E-3 1.35775E-3 9.19565E-4 6.27006E-4 5.62895E-4 6.23901E-4 6.71148E-4 6.74319E-4 1.11554E-3 1.50408E-3 1.10936E-3 6.89047E-4 3.85768E-4 4.11927E-4 4.31591E-4 4.07473E-4 4.26418E-4 3.11939E-4 5.06502E-4 4.84359E-4 6.40325E-4 6.36527E-4 3.08809E-4 4.86763E-4 5.7884E-4 2.91944E-4 2.89147E-4 2.57891E-4 2.51384E-4 1.73931E-4 1.48254E-4
1.13083E-2 1.10075E-2 8.7863E-3 9.26901E-3 1.13393E-2 1.11173E-2 9.75445E-3 7.72503E-3 5.74776E-3 6.60011E-3 6.53786E-3 3.92903E-3 3.23913E-3 2.75507E-3 2.51601E-3 1.53807E-3 1.78203E-3 1.93738E-3 2.8882E-3 2.16622E-3 2.19478E-3 2.34789E-3 1.89759E-3 6.76576E-4 5.9105E-4 7.10491E-4 1.04932E-3 6.64685E-4 8.65984E-4 8.82373E-4 1.07623E-3 1.23143E-3 6.79795E-4 5.67895E-4 5.40858E-4 5.55242E-4 5.60173E-4 9.19264E-4 1.27926E-3 1.51417E-3 1.54801E-3 8.13901E-4 4.25996E-4 4.37279E-4 4.77699E-4 3.99346E-4 3.67246E-4 4.31846E-4 5.99043E-4 4.42728E-4 5.82836E-4 5.42915E-4 2.86726E-4 5.43552E-4 5.91139E-4 2.91944E-4 3.04739E-4 2.44201E-4 2.39386E-4 1.7753E-4 1.61385E-4
