Artocarpus hirsutus SDM files/Last interglacial/results (without bias file)/Arthir_max.asc
ncols         625
nrows         721
xllcorner     69.99986311115
yllcorner     5.99986151914999
cellsize      0.041666667
NODATA_value  -9999
[rows 81 to 107 of 721, columns 427 to 487 of 625]
5.46716E-5 6.4466E-5 6.30923E-5 6.48702E-5 6.38749E-5 5.91073E-5 5.06771E-5 4.82595E-5 5.95895E-5 6.35428E-5 6.42108E-5 6.32894E-5 6.36504E-5 7.07812E-5 5.43809E-5 5.15309E-5 6.30303E-5 7.43747E-5 7.49134E-5 7.37166E-5 7.44429E-5 7.14545E-5 7.08759E-5 7.0944E-5 6.70987E-5 6.26178E-5 6.44858E-5 6.16627E-5 6.49178E-5 6.48909E-5 6.945E-5 6.91423E-5 8.13716E-5 7.8831E-5 8.05787E-5 8.31455E-5 8.37699E-5 7.55528E-5 7.60837E-5 8.05388E-5 8.6422E-5 8.3594E-5 8.51899E-5 9.05851E-5 9.35117E-5 9.06903E-5 9.00012E-5 8.73051E-5 1.0987E-4 1.05109E-4 1.18007E-4 1.04673E-4 1.05549E-4 1.01291E-4 1.13702E-4 1.12148E-4 1.01612E-4 1.0338E-4 1.18874E-4 1.0782E-4 1.2206E-4
5.77084E-5 6.23808E-5 6.73478E-5 6.75686E-5 6.96541E-5 5.81269E-5 5.24615E-5 5.20457E-5 6.66202E-5 7.08458E-5 6.71243E-5 6.77986E-5 5.92348E-5 5.76775E-5 5.55214E-5 5.46312E-5 5.30727E-5 6.0016E-5 6.72433E-5 6.23087E-5 6.51321E-5 7.29018E-5 7.43836E-5 7.40705E-5 6.56464E-5 6.6228E-5 5.86979E-5 5.87742E-5 6.46169E-5 6.98508E-5 6.71269E-5 6.80437E-5 6.02173E-5 6.7912E-5 7.35267E-5 6.71407E-5 7.45295E-5 7.83951E-5 8.57302E-5 8.95612E-5 9.55817E-5 8.60553E-5 8.03085E-5 7.87434E-5 7.80578E-5 9.21179E-5 9.65721E-5 8.50281E-5 8.76196E-5 9.32474E-5 9.77002E-5 1.04977E-4 1.03799E-4 9.96553E-5 1.03274E-4 1.10652E-4 1.06805E-4 1.02271E-4 1.14119E-4 1.2129E-4 1.11357E-4
6.23967E-5 6.80771E-5 5.9959E-5 6.90448E-5 6.48437E-5 5.28901E-5 5.156E-5 4.57711E-5 6.10183E-5 7.17135E-5 7.14424E-5 6.38213E-5 5.93412E-5 5.46152E-5 5.42374E-5 5.31868E-5 5.04604E-5 4.87564E-5 4.85868E-5 4.89389E-5 6.0457E-5 6.93791E-5 7.38147E-5 7.47661E-5 6.17519E-5 5.47781E-5 5.73417E-5 6.45977E-5 7.37517E-5 7.57998E-5 7.12994E-5 6.46758E-5 6.11726E-5 5.9075E-5 5.62718E-5 6.89263E-5 8.05308E-5 8.06047E-5 8.1006E-5 9.53033E-5 9.25349E-5 9.3513E-5 8.92919E-5 8.33686E-5 8.1965E-5 8.44867E-5 9.04578E-5 9.80131E-5 1.04954E-4 1.04071E-4 9.05662E-5 1.08365E-4 1.04435E-4 9.6794E-5 1.05098E-4 1.06623E-4 1.02738E-4 9.79675E-5 1.17807E-4 1.21009E-4 1.2297E-4
6.53643E-5 6.89357E-5 6.73572E-5 7.17674E-5 5.99505E-5 5.11196E-5 4.90136E-5 4.41805E-5 5.26071E-5 6.66976E-5 7.01546E-5 6.95228E-5 5.87241E-5 5.51055E-5 5.1646E-5 5.77283E-5 5.81882E-5 4.99886E-5 4.70152E-5 4.81841E-5 5.56693E-5 6.60852E-5 7.58606E-5 7.81807E-5 6.90507E-5 5.60236E-5 6.3869E-5 7.91286E-5 8.28648E-5 8.02347E-5 7.53748E-5 7.1638E-5 7.05194E-5 6.31323E-5 5.71322E-5 6.91E-5 8.00925E-5 8.82326E-5 9.26211E-5 8.95737E-5 8.32341E-5 8.77976E-5 7.95038E-5 8.80761E-5 7.12465E-5 7.84842E-5 8.81867E-5 8.96212E-5 9.10424E-5 8.96965E-5 9.6877E-5 8.13041E-5 8.88096E-5 8.3111E-5 8.35209E-5 8.78966E-5 9.18276E-5 9.71733E-5 1.06183E-4 1.06125E-4 1.16718E-4
6.7955E-5 6.51864E-5 6.19242E-5 6.2869E-5 5.64889E-5 5.20704E-5 4.54031E-5 4.50635E-5 5.27315E-5 6.68889E-5 7.43638E-5 6.64308E-5 6.13161E-5 5.73847E-5 6.03471E-5 6.00071E-5 5.57343E-5 5.09334E-5 4.81502E-5 5.07032E-5 4.88254E-5 5.83657E-5 6.69088E-5 6.67489E-5 6.75802E-5 5.93982E-5 6.30853E-5 7.53853E-5 7.8969E-5 8.00033E-5 7.40937E-5 6.66789E-5 6.79253E-5 6.37797E-5 5.76653E-5 6.8087E-5 8.16605E-5 9.66125E-5 9.29459E-5 8.6335E-5 7.89495E-5 9.09813E-5 7.90886E-5 8.72438E-5 7.80378E-5 7.44618E-5 9.03585E-5 9.78017E-5 9.01578E-5 8.14684E-5 7.6915E-5 7.84856E-5 7.585E-5 7.82035E-5 8.11354E-5 8.56599E-5 8.96122E-5 9.4253E-5 9.23403E-5 1.03841E-4 1.05478E-4
6.4701E-5 5.83385E-5 5.78615E-5 5.7895E-5 5.17509E-5 4.65023E-5 4.26353E-5 4.47153E-5 6.0821E-5 7.32544E-5 6.8081E-5 6.06126E-5 6.42189E-5 6.57453E-5 6.25165E-5 5.91951E-5 5.80837E-5 5.58568E-5 5.4013E-5 5.28568E-5 4.7246E-5 4.70852E-5 4.96486E-5 5.76894E-5 5.92726E-5 5.77656E-5 6.4086E-5 6.66544E-5 7.60712E-5 6.92013E-5 6.17561E-5 5.83482E-5 5.69493E-5 5.54968E-5 5.84201E-5 6.70007E-5 8.84118E-5 8.94856E-5 7.22506E-5 7.42322E-5 8.59295E-5 8.64753E-5 7.79048E-5 9.12262E-5 7.93039E-5 7.8652E-5 7.91552E-5 7.24722E-5 7.3538E-5 7.13245E-5 6.4258E-5 6.71389E-5 6.75215E-5 6.96975E-5 8.21073E-5 8.79608E-5 1.08387E-4 1.07192E-4 1.05153E-4 1.21956E-4 1.32022E-4
5.72144E-5 5.49913E-5 5.18242E-5 5.28741E-5 4.76803E-5 4.41544E-5 4.31174E-5 4.91006E-5 7.00072E-5 6.72413E-5 6.13907E-5 6.41836E-5 7.03216E-5 6.56687E-5 5.96783E-5 5.84982E-5 5.83365E-5 6.26351E-5 5.92439E-5 5.23626E-5 4.72437E-5 4.70247E-5 5.40716E-5 5.72224E-5 6.51584E-5 6.88215E-5 7.43301E-5 7.05564E-5 8.33324E-5 8.04512E-5 7.23563E-5 6.26381E-5 5.44698E-5 5.53775E-5 6.14786E-5 7.09713E-5 9.35035E-5 8.61979E-5 8.61979E-5 7.42454E-5 7.22044E-5 7.57739E-5 6.84636E-5 8.2822E-5 8.7914E-5 8.37637E-5 8.34724E-5 7.97627E-5 8.05151E-5 7.20793E-5 7.36956E-5 7.54954E-5 6.75578E-5 7.72214E-5 1.16566E-4 1.07083E-4 1.24905E-4 1.19092E-4 1.25034E-4 1.2518E-4 1.27497E-4
5.40835E-5 5.20646E-5 4.78589E-5 4.78613E-5 4.39825E-5 4.35792E-5 4.68377E-5 6.13738E-5 7.25971E-5 6.16159E-5 6.37024E-5 7.01178E-5 6.54062E-5 6.18571E-5 6.33497E-5 6.13609E-5 5.82978E-5 6.30591E-5 5.98202E-5 5.34449E-5 4.56625E-5 4.70282E-5 4.92421E-5 6.79021E-5 8.16493E-5 7.91698E-5 7.5774E-5 7.45484E-5 7.71882E-5 7.66463E-5 7.34101E-5 6.4606E-5 5.67513E-5 6.00814E-5 7.45118E-5 7.32833E-5 6.24815E-5 6.98494E-5 7.36202E-5 7.13826E-5 6.5821E-5 6.98661E-5 8.8284E-5 8.48937E-5 8.06351E-5 7.88652E-5 7.58432E-5 6.89664E-5 7.91184E-5 9.01623E-5 1.03209E-4 8.23677E-5 7.13746E-5 8.23013E-5 9.58209E-5 9.1822E-5 1.08293E-4 1.09935E-4 1.06171E-4 1.11213E-4 1.03763E-4
5.75628E-5 4.99453E-5 4.60726E-5 4.29708E-5 4.43624E-5 5.45733E-5 5.88616E-5 7.03719E-5 6.79406E-5 5.92387E-5 7.17184E-5 6.71218E-5 6.69661E-5 6.58935E-5 6.21417E-5 6.28868E-5 5.72289E-5 6.10744E-5 5.55899E-5 5.03143E-5 4.68579E-5 4.52402E-5 5.4513E-5 7.75994E-5 8.09537E-5 7.00543E-5 7.17791E-5 6.84957E-5 7.35541E-5 6.53338E-5 7.65024E-5 6.37139E-5 7.258E-5 8.08342E-5 7.71974E-5 7.15549E-5 6.33274E-5 6.42733E-5 6.22473E-5 6.37365E-5 7.19623E-5 8.33508E-5 8.27222E-5 8.00755E-5 7.43976E-5 7.54575E-5 7.01573E-5 6.88093E-5 6.94976E-5 8.54648E-5 1.02635E-4 9.5636E-5 8.73777E-5 1.00158E-4 9.52661E-5 8.51613E-5 8.34702E-5 1.00183E-4 9.72528E-5 1.18434E-4 1.20694E-4
6.31033E-5 5.50098E-5 4.35915E-5 4.65253E-5 5.48251E-5 6.61899E-5 6.75929E-5 6.22457E-5 6.56535E-5 5.54826E-5 6.21571E-5 6.90078E-5 6.33641E-5 6.17466E-5 6.77125E-5 6.21288E-5 6.23877E-5 5.80042E-5 5.59444E-5 4.96115E-5 4.79177E-5 4.72546E-5 5.73639E-5 8.02704E-5 8.16663E-5 6.95402E-5 6.35359E-5 5.83994E-5 6.5537E-5 5.96608E-5 6.50743E-5 7.25888E-5 8.1989E-5 8.37497E-5 7.88599E-5 7.12628E-5 6.73381E-5 7.0397E-5 8.06432E-5 7.90611E-5 8.50348E-5 8.66946E-5 7.40422E-5 6.66419E-5 7.0643E-5 9.02129E-5 9.86704E-5 8.47745E-5 7.73463E-5 7.25135E-5 7.55005E-5 8.18554E-5 8.47246E-5 8.96913E-5 8.63684E-5 8.29685E-5 9.19102E-5 9.26297E-5 1.0345E-4 1.25661E-4 1.17104E-4
5.64142E-5 5.2561E-5 5.49722E-5 6.29623E-5 7.01618E-5 6.78351E-5 6.13785E-5 5.56285E-5 6.03276E-5 6.321E-5 5.41209E-5 7.00769E-5 6.39847E-5 6.0259E-5 6.8535E-5 6.24501E-5 6.16974E-5 5.32288E-5 5.89029E-5 5.84335E-5 5.05307E-5 4.86992E-5 5.59517E-5 7.19119E-5 8.39247E-5 6.88651E-5 5.94478E-5 5.30758E-5 5.49759E-5 6.32442E-5 7.3602E-5 6.99052E-5 7.33976E-5 7.39458E-5 7.33976E-5 6.94078E-5 7.27658E-5 6.65207E-5 7.69003E-5 7.44051E-5 6.67864E-5 7.13825E-5 7.53286E-5 6.55126E-5 7.50483E-5 1.01974E-4 1.00146E-4 9.65947E-5 8.33935E-5 7.40293E-5 7.21902E-5 7.60609E-5 7.75911E-5 7.67483E-5 7.62189E-5 7.60421E-5 7.84927E-5 7.85669E-5 8.74929E-5 8.79249E-5 9.04953E-5
4.56278E-5 6.59588E-5 7.22966E-5 7.27499E-5 7.357E-5 7.10102E-5 6.06746E-5 5.33542E-5 5.56285E-5 6.00431E-5 5.73161E-5 6.3079E-5 5.96596E-5 6.11173E-5 7.10061E-5 6.62541E-5 6.02701E-5 6.5432E-5 6.85779E-5 5.81644E-5 4.94964E-5 4.89255E-5 5.82397E-5 6.97311E-5 8.19588E-5 7.57983E-5 6.35726E-5 6.30946E-5 6.40312E-5 6.93995E-5 7.29868E-5 7.05007E-5 6.7348E-5 6.43836E-5 6.78271E-5 6.25205E-5 6.39707E-5 5.74332E-5 6.63456E-5 6.55226E-5 6.18958E-5 9.04435E-5 9.38751E-5 7.05296E-5 8.0099E-5 8.88333E-5 9.02186E-5 8.31339E-5 8.70537E-5 9.13937E-5 7.84793E-5 7.09904E-5 7.37546E-5 7.69654E-5 7.72937E-5 7.43254E-5 7.75887E-5 8.71462E-5 8.66224E-5 9.91022E-5 9.95567E-5
5.30661E-5 6.90505E-5 7.32318E-5 7.1415E-5 6.22376E-5 6.61962E-5 6.26828E-5 5.34783E-5 4.87057E-5 4.96627E-5 5.60946E-5 5.58941E-5 5.9305E-5 7.33399E-5 7.42519E-5 7.28254E-5 7.03879E-5 7.09878E-5 6.29111E-5 5.13876E-5 4.73983E-5 4.9434E-5 5.96568E-5 7.36836E-5 8.39813E-5 8.48912E-5 8.06682E-5 6.8278E-5 5.8573E-5 6.17182E-5 6.6788E-5 6.50063E-5 6.71661E-5 6.52426E-5 6.18297E-5 6.32611E-5 6.28396E-5 6.71818E-5 7.95261E-5 8.01656E-5 8.99968E-5 9.72475E-5 7.85874E-5 7.82316E-5 9.58035E-5 7.81129E-5 7.15064E-5 7.14265E-5 7.64774E-5 8.50502E-5 7.13097E-5 7.47215E-5 8.77018E-5 8.8046E-5 8.32124E-5 9.45934E-5 9.89971E-5 9.38735E-5 1.17395E-4 1.06091E-4 9.78383E-5
5.40628E-5 6.31274E-5 7.06425E-5 6.78112E-5 5.91245E-5 6.44541E-5 5.48999E-5 5.00958E-5 4.80057E-5 5.00714E-5 5.3908E-5 5.79133E-5 6.06254E-5 6.46075E-5 6.95396E-5 6.7216E-5 6.51991E-5 5.95302E-5 5.76581E-5 5.27042E-5 4.79622E-5 4.90378E-5 5.70918E-5 6.96562E-5 7.30588E-5 7.9457E-5 7.9457E-5 7.48151E-5 6.27379E-5 5.71442E-5 5.73939E-5 6.05768E-5 6.50393E-5 6.6413E-5 6.44984E-5 7.55352E-5 6.97253E-5 6.26443E-5 7.0681E-5 7.97572E-5 1.01804E-4 9.21029E-5 7.19629E-5 8.56735E-5 9.49114E-5 7.59834E-5 7.83903E-5 8.37613E-5 7.86423E-5 7.31282E-5 7.25569E-5 7.5288E-5 9.46868E-5 9.2729E-5 1.01335E-4 1.00618E-4 1.14033E-4 1.16494E-4 1.24237E-4 1.09141E-4 1.07742E-4
5.11349E-5 6.13433E-5 7.27704E-5 6.53137E-5 5.83211E-5 5.71762E-5 5.16668E-5 4.95825E-5 4.74504E-5 4.98394E-5 5.27604E-5 5.24874E-5 5.61888E-5 6.15735E-5 6.62346E-5 5.88547E-5 6.80185E-5 7.00354E-5 7.10942E-5 5.93354E-5 4.94118E-5 5.38622E-5 6.70274E-5 6.51702E-5 6.41163E-5 7.99404E-5 7.16411E-5 5.95168E-5 5.94218E-5 5.96771E-5 6.06472E-5 6.09118E-5 6.35685E-5 7.05591E-5 7.8816E-5 7.46142E-5 6.79325E-5 6.17389E-5 7.10507E-5 7.53972E-5 8.21678E-5 8.19313E-5 7.44377E-5 7.42475E-5 8.05256E-5 8.18196E-5 1.01216E-4 1.03935E-4 1.03222E-4 9.76003E-5 9.44614E-5 9.37903E-5 1.0484E-4 1.12479E-4 1.08696E-4 1.11474E-4 1.08613E-4 1.0913E-4 1.14413E-4 1.20803E-4 1.22838E-4
4.85757E-5 5.19579E-5 5.62865E-5 5.55718E-5 5.36553E-5 5.43015E-5 4.98584E-5 4.83491E-5 4.67613E-5 4.6957E-5 4.9094E-5 4.93211E-5 5.2535E-5 5.98377E-5 6.60686E-5 6.69688E-5 6.77891E-5 6.34584E-5 5.77804E-5 5.28594E-5 4.96179E-5 5.4983E-5 5.42104E-5 5.77005E-5 6.28152E-5 5.8179E-5 5.7937E-5 5.76869E-5 6.0745E-5 6.15866E-5 6.33196E-5 6.50393E-5 6.48884E-5 6.86501E-5 6.1613E-5 6.11332E-5 6.14731E-5 6.22704E-5 7.2892E-5 7.50875E-5 7.50687E-5 7.49797E-5 7.47304E-5 7.61462E-5 8.72749E-5 8.95213E-5 8.27526E-5 9.48073E-5 9.53238E-5 9.65172E-5 9.46493E-5 1.01158E-4 1.03093E-4 1.04247E-4 1.01099E-4 1.0267E-4 1.0288E-4 1.05885E-4 1.08281E-4 1.05593E-4 1.03709E-4
5.98266E-5 6.07368E-5 5.9751E-5 5.82868E-5 5.4817E-5 4.97627E-5 4.8455E-5 5.19925E-5 4.91434E-5 4.82957E-5 4.80157E-5 4.86969E-5 5.21408E-5 5.56996E-5 5.60015E-5 5.95603E-5 5.49506E-5 5.36624E-5 5.25066E-5 5.09359E-5 4.98431E-5 5.05937E-5 5.31909E-5 5.35368E-5 6.16732E-5 5.61449E-5 5.74062E-5 6.03382E-5 6.11989E-5 6.33807E-5 6.3789E-5 6.55196E-5 6.61544E-5 7.67084E-5 7.30626E-5 6.39204E-5 6.1603E-5 6.17389E-5 7.02889E-5 7.1405E-5 7.39468E-5 7.41017E-5 7.93875E-5 7.50477E-5 7.0896E-5 7.98375E-5 8.20098E-5 7.78585E-5 8.11323E-5 8.13602E-5 8.17768E-5 8.20986E-5 8.52212E-5 8.79777E-5 8.55524E-5 8.74897E-5 8.29895E-5 9.69772E-5 8.99963E-5 8.5951E-5 9.09997E-5
4.68629E-5 4.90396E-5 4.90399E-5 5.27563E-5 6.21003E-5 6.49616E-5 5.61043E-5 6.30084E-5 5.62853E-5 5.24691E-5 4.98798E-5 5.1952E-5 5.72318E-5 5.70891E-5 6.77322E-5 5.95387E-5 6.26994E-5 5.5318E-5 5.17776E-5 5.35642E-5 5.38777E-5 5.43403E-5 5.63244E-5 5.48466E-5 5.8913E-5 7.03679E-5 6.66285E-5 6.20685E-5 6.23375E-5 6.44213E-5 6.33143E-5 6.30347E-5 6.53547E-5 8.14808E-5 8.93958E-5 8.21268E-5 7.36597E-5 6.49522E-5 7.19551E-5 7.40376E-5 8.14001E-5 7.18546E-5 7.16364E-5 7.50282E-5 7.90637E-5 7.75362E-5 7.41507E-5 7.82819E-5 9.43771E-5 9.12095E-5 7.71871E-5 7.90779E-5 7.88987E-5 7.60151E-5 7.95125E-5 8.28482E-5 8.29921E-5 8.82401E-5 8.56306E-5 9.55944E-5 8.28407E-5
4.89979E-5 4.90548E-5 4.63588E-5 4.96083E-5 5.68077E-5 6.52149E-5 6.81602E-5 7.10654E-5 6.48201E-5 6.44398E-5 6.25116E-5 7.05723E-5 6.48414E-5 6.7349E-5 6.6571E-5 6.50614E-5 5.73593E-5 5.75321E-5 5.22159E-5 5.47062E-5 5.55897E-5 5.73699E-5 5.72252E-5 5.91276E-5 5.97111E-5 6.0818E-5 6.33474E-5 6.23207E-5 6.5025E-5 6.53155E-5 6.34472E-5 6.55067E-5 6.53547E-5 6.63313E-5 7.73197E-5 8.42066E-5 7.23036E-5 7.35428E-5 8.02179E-5 1.01939E-4 8.84043E-5 8.62222E-5 7.15549E-5 8.1221E-5 1.02902E-4 9.47549E-5 7.36878E-5 7.09637E-5 7.65785E-5 8.35269E-5 8.09969E-5 9.8136E-5 1.01224E-4 7.87157E-5 7.79426E-5 8.19046E-5 8.18095E-5 8.05336E-5 8.30305E-5 9.62468E-5 9.67048E-5
5.01509E-5 5.0321E-5 5.48117E-5 5.06483E-5 6.94367E-5 7.40429E-5 7.01699E-5 6.34562E-5 6.25116E-5 5.35197E-5 5.22664E-5 5.89497E-5 5.11722E-5 6.90197E-5 7.35723E-5 6.91972E-5 6.18976E-5 5.47811E-5 5.14585E-5 5.3704E-5 5.44984E-5 5.67401E-5 5.54043E-5 6.3585E-5 5.5511E-5 5.51704E-5 6.26359E-5 6.3127E-5 6.33178E-5 6.56469E-5 6.55884E-5 6.39785E-5 6.40368E-5 6.60403E-5 6.59162E-5 6.42982E-5 6.42821E-5 6.92662E-5 8.01419E-5 8.77804E-5 9.65211E-5 8.24183E-5 7.83375E-5 8.98533E-5 9.79962E-5 9.88457E-5 8.8576E-5 7.29499E-5 7.10088E-5 7.28192E-5 7.62669E-5 8.05935E-5 8.41476E-5 8.85221E-5 9.4076E-5 1.00299E-4 8.2561E-5 8.90215E-5 9.26996E-5 1.18261E-4 1.23486E-4
5.6181E-5 5.5819E-5 6.44239E-5 5.9742E-5 5.97809E-5 7.14872E-5 6.86057E-5 6.47693E-5 5.76683E-5 5.07595E-5 5.19384E-5 5.52635E-5 5.03051E-5 5.41802E-5 6.34115E-5 5.94384E-5 6.16085E-5 6.00405E-5 5.35985E-5 5.38796E-5 5.47067E-5 5.7104E-5 5.73343E-5 6.18968E-5 5.74366E-5 5.57341E-5 6.29589E-5 6.30908E-5 6.56846E-5 6.58208E-5 6.60742E-5 6.43933E-5 6.45092E-5 6.67431E-5 6.68026E-5 6.48488E-5 6.44901E-5 6.79821E-5 7.23194E-5 7.54487E-5 8.48041E-5 7.57998E-5 7.25152E-5 8.41278E-5 8.36134E-5 8.91683E-5 9.60206E-5 8.29558E-5 7.17625E-5 7.12911E-5 7.47707E-5 8.54213E-5 8.95762E-5 1.01911E-4 1.10439E-4 1.07364E-4 1.0043E-4 1.0465E-4 1.12667E-4 1.13361E-4 1.12448E-4
6.01159E-5 5.23962E-5 5.22746E-5 5.01497E-5 5.31621E-5 5.64643E-5 5.17457E-5 5.41234E-5 5.91268E-5 5.99814E-5 5.96685E-5 7.53121E-5 7.50558E-5 6.64095E-5 5.54985E-5 5.50595E-5 6.51253E-5 5.61433E-5 5.13902E-5 5.27324E-5 5.48142E-5 5.70098E-5 5.73219E-5 5.59162E-5 5.56694E-5 5.75303E-5 6.39731E-5 6.26085E-5 6.30176E-5 6.36179E-5 6.62295E-5 6.49075E-5 6.48321E-5 6.71545E-5 6.72915E-5 6.7487E-5 6.54403E-5 6.81783E-5 7.36295E-5 7.27746E-5 7.57566E-5 7.46111E-5 7.26646E-5 7.55565E-5 7.57545E-5 8.65002E-5 9.09583E-5 8.2062E-5 8.30533E-5 7.66062E-5 7.21843E-5 8.16717E-5 9.87845E-5 1.14665E-4 1.17551E-4 1.1366E-4 8.61712E-5 8.64917E-5 8.60274E-5 1.08241E-4 9.58203E-5
5.95614E-5 5.18214E-5 4.89173E-5 4.94712E-5 5.17576E-5 5.19687E-5 5.18482E-5 5.38172E-5 5.27965E-5 5.64499E-5 7.04894E-5 7.54053E-5 7.17671E-5 7.50468E-5 7.13819E-5 6.70363E-5 7.08905E-5 5.36716E-5 5.3751E-5 5.46662E-5 5.43497E-5 5.43398E-5 5.62654E-5 5.33424E-5 5.56571E-5 6.31751E-5 7.40865E-5 6.62716E-5 6.06538E-5 6.38812E-5 6.67737E-5 6.52833E-5 6.54383E-5 6.51542E-5 6.73905E-5 7.0653E-5 7.09351E-5 6.95183E-5 8.46456E-5 7.1085E-5 7.12984E-5 7.2814E-5 7.34109E-5 7.63269E-5 8.05877E-5 9.31633E-5 1.06782E-4 1.0559E-4 1.06155E-4 1.03928E-4 9.37373E-5 8.26031E-5 7.75885E-5 9.38953E-5 9.51462E-5 9.2677E-5 8.69203E-5 8.24194E-5 8.54371E-5 9.94717E-5 1.0682E-4
5.33274E-5 4.93719E-5 4.93604E-5 5.17E-5 5.1748E-5 5.35315E-5 5.14345E-5 5.40917E-5 6.21258E-5 7.07889E-5 7.86662E-5 7.7109E-5 7.63874E-5 6.25692E-5 5.78326E-5 5.87248E-5 5.35685E-5 5.40208E-5 6.20275E-5 6.41537E-5 5.54858E-5 5.61875E-5 6.46E-5 6.49508E-5 6.29438E-5 9.16778E-5 8.89328E-5 6.72435E-5 6.11066E-5 6.40699E-5 6.69096E-5 6.69677E-5 6.53963E-5 6.54188E-5 6.73905E-5 6.89931E-5 6.94053E-5 8.27173E-5 8.96072E-5 7.69707E-5 6.86679E-5 7.2403E-5 7.2794E-5 7.30918E-5 7.66993E-5 8.3288E-5 1.00182E-4 1.02347E-4 1.06697E-4 1.12811E-4 1.19377E-4 1.115E-4 9.99292E-5 8.36548E-5 1.02999E-4 1.14847E-4 1.04115E-4 9.31923E-5 8.81406E-5 9.72545E-5 9.59797E-5
4.87019E-5 5.00826E-5 5.11283E-5 5.14604E-5 5.47274E-5 5.52205E-5 5.90221E-5 6.6339E-5 6.82094E-5 6.93955E-5 7.59562E-5 7.7016E-5 7.72612E-5 7.86928E-5 7.09954E-5 6.06238E-5 5.2984E-5 5.60269E-5 6.17325E-5 7.30798E-5 6.92966E-5 5.78729E-5 5.82395E-5 5.89623E-5 5.68455E-5 7.73901E-5 6.98398E-5 6.01215E-5 6.07683E-5 6.3733E-5 6.41268E-5 6.71034E-5 6.54525E-5 6.76404E-5 6.79364E-5 7.13578E-5 6.95988E-5 7.4189E-5 8.98293E-5 9.06326E-5 8.12498E-5 7.41322E-5 7.45162E-5 7.4007E-5 7.30069E-5 8.173E-5 8.93016E-5 9.55625E-5 1.04949E-4 1.15049E-4 1.1688E-4 1.23591E-4 1.17265E-4 1.00379E-4 1.1404E-4 1.18013E-4 1.09354E-4 1.04336E-4 9.89596E-5 1.18675E-4 9.97028E-5
4.91435E-5 4.88627E-5 5.08322E-5 5.61416E-5 6.17812E-5 6.41057E-5 6.55719E-5 6.07877E-5 6.39699E-5 6.74495E-5 6.45869E-5 6.09897E-5 5.92113E-5 6.31557E-5 6.47174E-5 5.55648E-5 5.83629E-5 6.36762E-5 5.69199E-5 5.36957E-5 5.71673E-5 5.91512E-5 5.56812E-5 5.58484E-5 6.52626E-5 8.15219E-5 8.14777E-5 8.63828E-5 6.22676E-5 7.62918E-5 6.58666E-5 6.69198E-5 6.53006E-5 6.78343E-5 6.85143E-5 7.00352E-5 7.15155E-5 7.51018E-5 8.92363E-5 9.39988E-5 9.2908E-5 8.48697E-5 7.82573E-5 7.83546E-5 7.34436E-5 7.32732E-5 8.31811E-5 9.41654E-5 9.54516E-5 1.01701E-4 1.08397E-4 1.14516E-4 1.17977E-4 1.16068E-4 1.15491E-4 1.29741E-4 1.27482E-4 1.25395E-4 1.38051E-4 1.47502E-4 1.39465E-4
5.33856E-5 5.56795E-5 5.00202E-5 6.80169E-5 7.82759E-5 7.39057E-5 7.02306E-5 7.37738E-5 6.63864E-5 7.4726E-5 7.41359E-5 6.56731E-5 6.79721E-5 6.44923E-5 5.69507E-5 5.64895E-5 7.22318E-5 7.43888E-5 6.10888E-5 6.55949E-5 6.18346E-5 7.18883E-5 5.83231E-5 5.58993E-5 6.24956E-5 7.44997E-5 6.54069E-5 6.95969E-5 6.15278E-5 6.35845E-5 6.6115E-5 6.66871E-5 6.44463E-5 6.74345E-5 6.79768E-5 7.29316E-5 7.28757E-5 7.22014E-5 9.0642E-5 1.0276E-4 8.89098E-5 7.92339E-5 8.06017E-5 8.75229E-5 8.05081E-5 7.48901E-5 7.41853E-5 8.33041E-5 8.87736E-5 9.20762E-5 9.14166E-5 9.29818E-5 9.96673E-5 1.05579E-4 1.00129E-4 1.14478E-4 1.13471E-4 1.18365E-4 1.26204E-4 1.16804E-4 1.16364E-4
