Artocarpus hirsutus SDM files/Last interglacial/results (without bias file)/Arthir_avg.asc
ncols         625
nrows         721
xllcorner     69.99986311115
yllcorner     5.99986151914999
cellsize      0.041666667
NODATA_value  -9999
[rows 0 to 26 of 721, columns 122 to 182 of 625]
1.12434E-3 1.12116E-3 1.07391E-3 8.04999E-4 9.15654E-4 9.80178E-4 9.52923E-4 1.00883E-3 9.80697E-4 9.27271E-4 1.07699E-3 8.05823E-4 8.25466E-4 8.96392E-4 9.30054E-4 1.04252E-3 1.16731E-3 1.15294E-3 9.12423E-4 8.30256E-4 7.82581E-4 1.03463E-3 1.11979E-3 1.319E-3 1.21417E-3 9.40218E-4 6.39674E-4 8.96281E-4 7.5752E-4 7.33945E-4 5.27917E-4 6.20657E-4 7.53765E-4 7.68586E-4 6.85282E-4 8.68535E-4 7.04375E-4 6.32761E-4 3.37128E-4 8.1143E-4 8.93968E-4 1.0122E-3 7.67861E-4 3.34591E-4 6.39743E-4 9.08769E-4 6.43054E-4 5.50415E-4 5.71868E-4 5.76706E-4 4.99334E-4 5.05461E-4 4.33927E-4 3.6948E-4 4.36513E-4 4.82066E-4 5.13862E-4 5.7745E-4 5.11672E-4 5.08136E-4 3.47974E-4
7.12828E-4 9.84148E-4 1.19293E-3 9.83576E-4 6.48598E-4 7.13741E-4 8.48078E-4 8.31E-4 7.54563E-4 9.1735E-4 9.46907E-4 9.61962E-4 7.73339E-4 9.81437E-4 1.0116E-3 1.0722E-3 1.03543E-3 8.32755E-4 9.04055E-4 1.02631E-3 9.05979E-4 7.1848E-4 7.22377E-4 9.7864E-4 1.36565E-3 1.00764E-3 9.70055E-4 1.03582E-3 1.2621E-3 1.062E-3 5.02693E-4 9.5157E-4 8.59328E-4 6.7456E-4 8.20566E-4 7.09325E-4 8.91408E-4 7.56682E-4 4.41966E-4 7.22376E-4 1.16698E-3 8.75153E-4 5.04533E-4 4.70497E-4 4.89161E-4 6.07539E-4 6.14667E-4 5.10091E-4 6.08509E-4 5.76862E-4 5.44638E-4 4.82634E-4 4.44505E-4 4.32069E-4 3.71391E-4 3.71186E-4 3.2796E-4 3.85265E-4 4.88604E-4 3.79288E-4 4.39836E-4
7.07516E-4 6.69713E-4 8.38691E-4 1.15317E-3 8.27331E-4 6.69185E-4 9.25589E-4 6.7956E-4 7.09617E-4 8.65711E-4 9.56607E-4 9.35059E-4 8.57621E-4 7.41719E-4 9.15454E-4 9.4295E-4 9.90644E-4 1.00191E-3 8.66402E-4 6.76602E-4 9.07415E-4 9.02979E-4 6.2006E-4 9.84122E-4 1.03674E-3 1.16377E-3 1.34508E-3 1.1918E-3 1.05267E-3 6.877E-4 8.53798E-4 1.17275E-3 9.85675E-4 8.37087E-4 1.0409E-3 9.5095E-4 8.11706E-4 9.50937E-4 7.97696E-4 4.2869E-4 1.05016E-3 6.68913E-4 6.06799E-4 6.92466E-4 6.68525E-4 8.20243E-4 6.78605E-4 6.03407E-4 8.63842E-4 6.16847E-4 6.31612E-4 4.95124E-4 5.81683E-4 5.46434E-4 4.73584E-4 4.05962E-4 5.23963E-4 4.65063E-4 3.76513E-4 3.64471E-4 5.31338E-4
9.13777E-4 8.93686E-4 5.80885E-4 8.73328E-4 9.55436E-4 7.16878E-4 7.9403E-4 6.3554E-4 1.0191E-3 1.22363E-3 7.96804E-4 6.64089E-4 1.04662E-3 9.20884E-4 6.93221E-4 7.64746E-4 8.10477E-4 1.01239E-3 1.12995E-3 1.0068E-3 6.33258E-4 5.89866E-4 8.50682E-4 1.08368E-3 1.04247E-3 1.15318E-3 1.11919E-3 8.84039E-4 7.46643E-4 7.91355E-4 1.13298E-3 1.34566E-3 1.15994E-3 1.10961E-3 9.92613E-4 1.00387E-3 1.00127E-3 8.06024E-4 7.78438E-4 4.12159E-4 7.38506E-4 9.76377E-4 5.23248E-4 7.35257E-4 7.99253E-4 9.90486E-4 9.20665E-4 5.9944E-4 7.6808E-4 8.87683E-4 8.34182E-4 6.27256E-4 4.65921E-4 4.70804E-4 4.84665E-4 5.81488E-4 4.12628E-4 3.47625E-4 3.71566E-4 4.04276E-4 5.27041E-4
1.12254E-3 9.61287E-4 8.74357E-4 6.94558E-4 6.397E-4 6.52017E-4 7.04684E-4 6.33283E-4 8.09392E-4 1.24949E-3 7.05515E-4 6.54992E-4 8.3641E-4 1.03917E-3 9.29701E-4 6.11162E-4 7.38432E-4 8.61476E-4 9.39854E-4 8.74645E-4 7.01105E-4 7.56962E-4 1.14775E-3 1.18839E-3 1.05086E-3 1.13553E-3 9.65797E-4 1.08217E-3 1.30158E-3 1.22903E-3 1.33549E-3 1.39208E-3 1.28732E-3 1.19488E-3 1.12186E-3 1.02701E-3 8.64878E-4 8.00557E-4 6.32116E-4 3.61771E-4 4.96663E-4 1.24898E-3 9.40597E-4 7.79463E-4 4.38046E-4 6.1005E-4 8.16862E-4 7.02209E-4 5.33996E-4 5.88413E-4 8.24198E-4 8.28266E-4 5.89572E-4 6.148E-4 5.96636E-4 4.11321E-4 4.48214E-4 4.77976E-4 4.22362E-4 3.71905E-4 4.02756E-4
1.19979E-3 1.04005E-3 1.08286E-3 8.90549E-4 1.17498E-3 1.00135E-3 7.67454E-4 6.16868E-4 8.83318E-4 1.06005E-3 7.44236E-4 6.54275E-4 6.45053E-4 1.05092E-3 1.15525E-3 9.69851E-4 7.2271E-4 6.6078E-4 8.70866E-4 9.59922E-4 7.69723E-4 6.85274E-4 1.12145E-3 1.27649E-3 8.63077E-4 9.73529E-4 1.00951E-3 1.13775E-3 9.5567E-4 1.24657E-3 1.3868E-3 1.08983E-3 1.30725E-3 1.08094E-3 9.97995E-4 1.24723E-3 9.42876E-4 8.84402E-4 5.4308E-4 5.4831E-4 5.64141E-4 6.26958E-4 1.18906E-3 1.23942E-3 9.4249E-4 9.52317E-4 5.71492E-4 8.72688E-4 1.01568E-3 6.95035E-4 5.38872E-4 6.79914E-4 9.45802E-4 8.47617E-4 5.52315E-4 4.70719E-4 5.58842E-4 4.75469E-4 4.61026E-4 4.76535E-4 3.39316E-4
1.04264E-3 9.5423E-4 9.23383E-4 9.88845E-4 1.02562E-3 7.54212E-4 6.10471E-4 6.21929E-4 1.08133E-3 8.56826E-4 7.19728E-4 7.02845E-4 5.90001E-4 8.32183E-4 8.5111E-4 1.05005E-3 9.0016E-4 7.85538E-4 6.37769E-4 8.43867E-4 7.97198E-4 6.7031E-4 1.12178E-3 1.22304E-3 9.42708E-4 7.67434E-4 8.71043E-4 9.04598E-4 9.31799E-4 1.01698E-3 1.14164E-3 1.0206E-3 1.15499E-3 1.20466E-3 8.41558E-4 1.31733E-3 1.28521E-3 1.0897E-3 8.27038E-4 6.37197E-4 8.27363E-4 5.02192E-4 6.27891E-4 1.02799E-3 1.01732E-3 9.57625E-4 1.06736E-3 7.50919E-4 9.88846E-4 1.0887E-3 9.01181E-4 5.85612E-4 5.09991E-4 5.04626E-4 5.93679E-4 6.54826E-4 7.35714E-4 5.66945E-4 4.99898E-4 4.18501E-4 4.80088E-4
1.14295E-3 8.81759E-4 7.04811E-4 8.12688E-4 8.87315E-4 7.53832E-4 6.78669E-4 5.55894E-4 7.44796E-4 6.11429E-4 6.72142E-4 7.68162E-4 6.37671E-4 7.25962E-4 6.82898E-4 8.50792E-4 7.61207E-4 8.86156E-4 8.667E-4 6.85207E-4 8.12919E-4 8.014E-4 1.12267E-3 1.10793E-3 9.52316E-4 7.22918E-4 7.33919E-4 5.95185E-4 6.30629E-4 4.71868E-4 5.17427E-4 6.37323E-4 6.5229E-4 6.7844E-4 6.56138E-4 9.06672E-4 1.42059E-3 1.27262E-3 1.1729E-3 8.52414E-4 5.71849E-4 7.18528E-4 7.22193E-4 5.71036E-4 4.13805E-4 5.16408E-4 9.22113E-4 9.18713E-4 1.09049E-3 1.09279E-3 1.08352E-3 8.86668E-4 8.41036E-4 6.78707E-4 1.01625E-3 8.58295E-4 8.76065E-4 7.4154E-4 5.44042E-4 5.50106E-4 5.31454E-4
9.83217E-4 1.03642E-3 7.73954E-4 7.30594E-4 7.81653E-4 8.77752E-4 9.29955E-4 7.48981E-4 5.89113E-4 6.13449E-4 8.58538E-4 7.7302E-4 7.94661E-4 1.27718E-3 9.39928E-4 7.00837E-4 6.83468E-4 7.04769E-4 8.14439E-4 6.52936E-4 7.91488E-4 8.05663E-4 9.61165E-4 8.11611E-4 8.21225E-4 6.26179E-4 7.60283E-4 9.45224E-4 1.20254E-3 7.68235E-4 8.60699E-4 1.42761E-3 1.10822E-3 1.26256E-3 9.08483E-4 7.78829E-4 9.72731E-4 9.99912E-4 1.16241E-3 1.19523E-3 7.98873E-4 8.41178E-4 7.00652E-4 1.03508E-3 8.10846E-4 5.51474E-4 4.73848E-4 6.22407E-4 5.40451E-4 4.68719E-4 7.79091E-4 6.83709E-4 6.15336E-4 7.31418E-4 7.76042E-4 1.14748E-3 9.38907E-4 7.39041E-4 7.68458E-4 8.04365E-4 7.46017E-4
1.0524E-3 8.16931E-4 7.67628E-4 8.19717E-4 7.29961E-4 8.04818E-4 9.6027E-4 9.63076E-4 7.7673E-4 5.8598E-4 6.83584E-4 9.71025E-4 1.07194E-3 1.13722E-3 9.08287E-4 1.06961E-3 8.77178E-4 1.02697E-3 9.37493E-4 9.36442E-4 1.09681E-3 8.54094E-4 7.3155E-4 8.61728E-4 7.51166E-4 9.24728E-4 1.29857E-3 1.09381E-3 1.16695E-3 1.15336E-3 8.99757E-4 9.31914E-4 1.10153E-3 1.2778E-3 1.08244E-3 1.2807E-3 9.42531E-4 1.32374E-3 1.27627E-3 1.28405E-3 1.26279E-3 9.80733E-4 1.08512E-3 9.25798E-4 1.24591E-3 7.94787E-4 7.3052E-4 6.36772E-4 1.00727E-3 7.39112E-4 5.5547E-4 8.34487E-4 5.21359E-4 6.04015E-4 8.24034E-4 8.01931E-4 7.80449E-4 7.18114E-4 6.59916E-4 5.73651E-4 5.26913E-4
8.02592E-4 6.73109E-4 6.52232E-4 7.83578E-4 7.74769E-4 6.6979E-4 9.33865E-4 1.18121E-3 8.33513E-4 6.99946E-4 6.25812E-4 6.8462E-4 9.78972E-4 8.16996E-4 6.45228E-4 7.22888E-4 8.90878E-4 8.74506E-4 1.01677E-3 1.04983E-3 1.03914E-3 9.57206E-4 7.21208E-4 8.62839E-4 1.04362E-3 1.22727E-3 9.13844E-4 9.44507E-4 8.79181E-4 8.74604E-4 7.81144E-4 8.8594E-4 1.37624E-3 1.15936E-3 1.39416E-3 1.44497E-3 1.30783E-3 1.19809E-3 1.02024E-3 8.67191E-4 1.06262E-3 1.1544E-3 7.76371E-4 9.45033E-4 1.26868E-3 1.29587E-3 1.22133E-3 1.05034E-3 8.98294E-4 9.07211E-4 5.55533E-4 8.06814E-4 6.9707E-4 5.89843E-4 5.25972E-4 5.56936E-4 8.60751E-4 9.8655E-4 8.93562E-4 6.98387E-4 6.57342E-4
9.42582E-4 9.77275E-4 9.27291E-4 1.00178E-3 8.66926E-4 7.32488E-4 8.72301E-4 1.13412E-3 8.50143E-4 5.13972E-4 5.8776E-4 6.09187E-4 7.59761E-4 6.77302E-4 7.36095E-4 7.18702E-4 6.53249E-4 8.55705E-4 8.64946E-4 9.35225E-4 8.21228E-4 7.23731E-4 9.94879E-4 1.01197E-3 9.90135E-4 1.20025E-3 8.04836E-4 9.10614E-4 8.90077E-4 7.90351E-4 8.68807E-4 7.87799E-4 1.09689E-3 1.04211E-3 1.32311E-3 1.24848E-3 1.0241E-3 1.16065E-3 8.36908E-4 1.01391E-3 1.14667E-3 9.44048E-4 9.68644E-4 9.05917E-4 7.94498E-4 1.22326E-3 1.08877E-3 1.33215E-3 1.38405E-3 1.14462E-3 8.2463E-4 7.70903E-4 7.99938E-4 6.19222E-4 7.74692E-4 6.77287E-4 4.78847E-4 5.10942E-4 7.15563E-4 6.37033E-4 4.61326E-4
1.02858E-3 8.10396E-4 8.73225E-4 1.08147E-3 4.74812E-4 5.20243E-4 8.01623E-4 9.15067E-4 7.56712E-4 5.28175E-4 6.57126E-4 6.64996E-4 6.71354E-4 6.70582E-4 7.88188E-4 7.90775E-4 8.31336E-4 1.04213E-3 6.74466E-4 7.82423E-4 8.13056E-4 7.6872E-4 9.44363E-4 8.28605E-4 9.38349E-4 9.63557E-4 9.91992E-4 8.67921E-4 7.73251E-4 7.35413E-4 7.73627E-4 6.00575E-4 1.11816E-3 9.02036E-4 1.4369E-3 1.3672E-3 1.10163E-3 1.11011E-3 8.61848E-4 1.26409E-3 1.50313E-3 1.40624E-3 1.22554E-3 9.10298E-4 6.54217E-4 7.09836E-4 8.94627E-4 1.09801E-3 1.37965E-3 1.39089E-3 1.29702E-3 1.22907E-3 1.08896E-3 1.08205E-3 8.71709E-4 8.6424E-4 8.93371E-4 7.8146E-4 6.03878E-4 6.6374E-4 5.65936E-4
8.58145E-4 8.57371E-4 4.78217E-4 7.27716E-4 3.26246E-4 4.91227E-4 6.60063E-4 7.13935E-4 7.2843E-4 7.3705E-4 6.66661E-4 7.28603E-4 7.82266E-4 6.69145E-4 6.82663E-4 9.33475E-4 9.97086E-4 7.78759E-4 8.55737E-4 1.08653E-3 9.56592E-4 6.74248E-4 6.27681E-4 6.81218E-4 7.8049E-4 9.47553E-4 9.46766E-4 9.37695E-4 8.43579E-4 7.95248E-4 6.48174E-4 1.17628E-3 9.82877E-4 8.32829E-4 9.05956E-4 1.46283E-3 1.0108E-3 1.13212E-3 1.01816E-3 1.02908E-3 1.40837E-3 1.28671E-3 1.06436E-3 1.05965E-3 8.61967E-4 8.16668E-4 4.71343E-4 6.4291E-4 1.05379E-3 9.45142E-4 9.65131E-4 1.03115E-3 1.23123E-3 9.38124E-4 1.00649E-3 9.63019E-4 7.63206E-4 7.08665E-4 8.11833E-4 9.89683E-4 7.88391E-4
7.39908E-4 8.54932E-4 3.62231E-4 3.7003E-4 4.88555E-4 7.42064E-4 6.26806E-4 5.19782E-4 5.63973E-4 7.08605E-4 7.1218E-4 6.07549E-4 5.61583E-4 5.72765E-4 5.92963E-4 7.65434E-4 9.22117E-4 1.02862E-3 1.15061E-3 9.37346E-4 8.7664E-4 6.96164E-4 7.2171E-4 6.74567E-4 6.56565E-4 9.17214E-4 1.13744E-3 8.03706E-4 7.87596E-4 7.89312E-4 6.48099E-4 1.05382E-3 1.1442E-3 1.12975E-3 1.2357E-3 1.25819E-3 1.15395E-3 7.04616E-4 8.33162E-4 1.34677E-3 1.54955E-3 1.54346E-3 1.16302E-3 1.01557E-3 1.28235E-3 7.97346E-4 8.30741E-4 4.86729E-4 6.97984E-4 1.26198E-3 1.53271E-3 1.10135E-3 1.07175E-3 9.49573E-4 7.74409E-4 6.81335E-4 6.83637E-4 6.139E-4 5.17648E-4 7.61832E-4 7.46178E-4
4.92677E-4 7.52709E-4 2.82292E-4 3.80829E-4 4.99102E-4 2.94509E-4 6.76895E-4 6.89173E-4 6.1827E-4 5.31847E-4 7.37871E-4 7.21707E-4 6.02102E-4 4.53627E-4 4.871E-4 7.0866E-4 9.98677E-4 6.86212E-4 6.23778E-4 6.47818E-4 7.71897E-4 7.92694E-4 8.5573E-4 7.1764E-4 7.03341E-4 8.58006E-4 9.2223E-4 8.91082E-4 8.52302E-4 7.84261E-4 6.50027E-4 1.00412E-3 1.14754E-3 1.18318E-3 1.1684E-3 1.07333E-3 1.03045E-3 7.1943E-4 1.44537E-3 1.36218E-3 1.21025E-3 1.49864E-3 1.54217E-3 1.36048E-3 1.28304E-3 1.01121E-3 1.1309E-3 7.69019E-4 4.86037E-4 4.73869E-4 1.21922E-3 1.58129E-3 1.504E-3 1.42882E-3 1.16803E-3 9.62343E-4 8.87799E-4 8.64756E-4 9.05018E-4 5.14029E-4 5.48676E-4
5.78204E-4 4.10743E-4 2.06869E-4 2.59397E-4 2.02153E-4 2.96753E-4 7.89403E-4 3.64154E-4 2.99617E-4 3.80448E-4 5.62269E-4 6.49538E-4 6.31004E-4 7.25775E-4 8.08831E-4 8.07442E-4 7.66409E-4 7.87014E-4 8.47079E-4 8.36675E-4 7.18966E-4 7.8584E-4 7.34984E-4 6.51132E-4 5.63575E-4 7.40642E-4 8.93226E-4 8.15109E-4 8.79179E-4 8.48487E-4 7.2315E-4 9.08162E-4 1.14278E-3 1.18954E-3 1.07282E-3 9.86852E-4 1.22759E-3 7.31798E-4 1.35493E-3 1.24846E-3 6.74387E-4 1.29707E-3 1.5866E-3 1.17103E-3 1.19343E-3 1.50454E-3 1.28316E-3 1.17709E-3 9.09683E-4 5.13833E-4 6.22878E-4 1.37475E-3 1.28673E-3 1.25242E-3 1.37628E-3 1.05221E-3 9.06352E-4 8.54679E-4 6.73832E-4 6.44064E-4 4.04017E-4
4.79298E-4 4.87418E-4 1.7575E-4 2.60101E-4 5.23711E-4 4.80317E-4 7.67866E-4 6.79632E-4 2.58848E-4 3.66523E-4 5.06316E-4 6.93795E-4 7.83974E-4 7.52655E-4 7.743E-4 8.12856E-4 8.48785E-4 8.78697E-4 7.11918E-4 9.73286E-4 7.1783E-4 7.31145E-4 9.48437E-4 5.73742E-4 6.13979E-4 6.65809E-4 8.47336E-4 7.46687E-4 7.91442E-4 7.17355E-4 6.70308E-4 7.86733E-4 1.04931E-3 1.03617E-3 1.02117E-3 8.90222E-4 1.06E-3 1.04157E-3 7.99689E-4 9.21958E-4 9.75737E-4 1.38326E-3 1.51454E-3 9.24138E-4 1.4718E-3 1.60466E-3 1.41474E-3 1.37155E-3 1.37155E-3 1.03101E-3 4.67822E-4 1.35021E-3 1.2248E-3 9.74043E-4 1.55834E-3 1.35071E-3 9.26198E-4 7.40557E-4 6.12686E-4 5.98956E-4 5.49631E-4
1.81827E-4 3.11425E-4 1.09622E-4 4.00863E-4 3.00822E-4 2.53666E-4 4.73474E-4 3.03737E-4 4.39186E-4 2.48184E-4 5.07186E-4 7.52173E-4 8.26845E-4 9.65726E-4 1.07212E-3 1.06887E-3 6.36964E-4 3.73637E-4 5.92086E-4 7.21684E-4 6.14633E-4 8.68839E-4 6.1986E-4 4.78626E-4 4.41504E-4 5.4069E-4 7.6141E-4 8.30053E-4 9.40605E-4 8.31143E-4 7.0873E-4 6.75686E-4 9.42083E-4 1.03105E-3 1.05081E-3 9.42377E-4 8.32032E-4 7.31869E-4 6.32029E-4 1.02568E-3 1.2304E-3 1.68548E-3 1.34432E-3 8.4366E-4 1.21942E-3 1.50821E-3 1.61649E-3 1.29698E-3 1.13791E-3 1.09163E-3 5.36627E-4 8.86665E-4 8.27968E-4 6.59823E-4 1.16352E-3 1.46757E-3 1.34497E-3 1.19408E-3 9.4264E-4 8.68396E-4 8.09867E-4
4.369E-4 2.15365E-4 1.80377E-4 2.38219E-4 1.40922E-4 3.84177E-4 1.72511E-4 1.69226E-4 4.67964E-4 1.78835E-4 2.42456E-4 4.36993E-4 4.87431E-4 1.14541E-3 4.84562E-4 4.2274E-4 2.71816E-4 4.8074E-4 5.98552E-4 7.12766E-4 7.79757E-4 7.84827E-4 6.82634E-4 5.23579E-4 5.88892E-4 7.31062E-4 8.27867E-4 8.28643E-4 8.55512E-4 8.52423E-4 8.13868E-4 6.9718E-4 7.29259E-4 1.04864E-3 1.02391E-3 1.09044E-3 8.92917E-4 1.40195E-3 1.25272E-3 1.2683E-3 1.3619E-3 1.33216E-3 8.77662E-4 1.16198E-3 1.48516E-3 1.61955E-3 1.16488E-3 8.86882E-4 6.4115E-4 4.69121E-4 5.25832E-4 1.27005E-3 1.28049E-3 7.68556E-4 6.42322E-4 1.26288E-3 1.30282E-3 1.07231E-3 1.07523E-3 7.17245E-4 7.98247E-4
1.47507E-4 4.50432E-4 1.95431E-4 1.37103E-4 2.01584E-4 1.38709E-4 8.22534E-5 1.41645E-4 2.23441E-4 2.27088E-4 1.41899E-4 1.9476E-4 6.19581E-4 1.09808E-3 3.82669E-4 2.06283E-4 2.67697E-4 4.10654E-4 4.40845E-4 6.26937E-4 8.01504E-4 8.92892E-4 8.10478E-4 8.10478E-4 8.0823E-4 8.53359E-4 9.09515E-4 1.05791E-3 9.03716E-4 7.53851E-4 8.77206E-4 6.43344E-4 7.14277E-4 8.42966E-4 6.97016E-4 8.27189E-4 7.48543E-4 9.05648E-4 1.40253E-3 1.43883E-3 1.40545E-3 9.01472E-4 1.34028E-3 1.32616E-3 1.47492E-3 1.6736E-3 1.5623E-3 1.34061E-3 1.25588E-3 8.27246E-4 5.25085E-4 5.55218E-4 1.09062E-3 1.43594E-3 1.11867E-3 7.45826E-4 8.71424E-4 1.33728E-3 1.28046E-3 1.16402E-3 9.19292E-4
7.26457E-5 5.83475E-5 3.04514E-4 8.4935E-5 4.53776E-5 9.00654E-5 4.73132E-5 1.30194E-4 1.5342E-4 1.35572E-4 1.87072E-4 1.80808E-4 8.03841E-4 5.30713E-4 3.11868E-4 2.84068E-4 3.70401E-4 3.96445E-4 4.71397E-4 6.70791E-4 7.17876E-4 8.45345E-4 7.70847E-4 9.45612E-4 1.03665E-3 9.56244E-4 1.15497E-3 1.0768E-3 9.81374E-4 8.7673E-4 6.94636E-4 7.55349E-4 6.49261E-4 8.14411E-4 1.19723E-3 9.04457E-4 1.1594E-3 1.02712E-3 8.08884E-4 7.54273E-4 6.76325E-4 7.36429E-4 7.79829E-4 1.37589E-3 9.90228E-4 9.46188E-4 1.48581E-3 1.65217E-3 1.61351E-3 1.3877E-3 7.57838E-4 4.03862E-4 1.26687E-3 1.49859E-3 1.38047E-3 1.21979E-3 7.91079E-4 1.17701E-3 1.36322E-3 1.25955E-3 1.12044E-3
1.62721E-4 1.25828E-4 5.78252E-5 2.90271E-5 3.96228E-5 8.01845E-5 4.8087E-5 1.07392E-4 1.23856E-4 1.5172E-4 2.69356E-4 6.03032E-4 7.79108E-4 3.15719E-4 3.29727E-4 3.77211E-4 7.78729E-4 6.42202E-4 9.31534E-4 6.69333E-4 6.08953E-4 7.4396E-4 7.51428E-4 6.38435E-4 5.91466E-4 7.31323E-4 8.81129E-4 8.33972E-4 8.45801E-4 9.29872E-4 1.08574E-3 9.80246E-4 8.54619E-4 7.21151E-4 1.14304E-3 1.22236E-3 1.32108E-3 1.23009E-3 1.14052E-3 8.53275E-4 1.13182E-3 1.37167E-3 1.32496E-3 9.93503E-4 1.67877E-3 1.254E-3 9.43502E-4 1.67033E-3 1.41159E-3 1.05454E-3 1.24148E-3 4.5398E-4 4.5664E-4 8.32185E-4 1.37633E-3 1.23529E-3 1.27952E-3 1.40027E-3 1.14028E-3 1.27368E-3 1.13798E-3
3.11593E-4 9.38048E-5 3.18161E-5 1.30424E-5 3.37261E-5 5.98718E-5 8.53923E-5 1.77489E-4 3.48001E-4 5.89432E-4 5.90639E-4 6.1786E-4 4.95357E-4 3.64217E-4 4.49796E-4 5.17343E-4 6.19178E-4 4.93871E-4 6.1805E-4 2.87538E-4 5.04612E-4 8.31329E-4 9.15609E-4 7.78741E-4 7.24972E-4 6.26691E-4 5.95728E-4 5.85963E-4 6.63916E-4 9.05959E-4 8.37598E-4 7.61587E-4 9.46526E-4 8.74525E-4 9.82613E-4 1.06703E-3 1.10463E-3 1.21386E-3 1.16011E-3 1.31862E-3 1.27872E-3 1.23325E-3 1.48644E-3 1.35493E-3 1.45798E-3 1.7339E-3 1.19759E-3 1.35318E-3 1.55756E-3 1.34373E-3 1.0685E-3 1.06397E-3 7.28516E-4 3.79895E-4 7.73925E-4 1.3048E-3 1.39889E-3 1.36121E-3 9.28915E-4 7.54783E-4 1.24404E-3
3.08839E-4 1.82424E-4 8.14787E-5 8.97663E-6 1.82403E-5 3.43862E-5 3.98999E-5 3.17459E-4 3.99981E-4 2.76116E-4 5.35085E-4 6.15693E-4 4.10298E-4 5.19882E-4 3.80345E-4 3.21614E-4 3.81742E-4 2.79577E-4 2.19051E-4 3.07252E-4 6.66679E-4 9.07547E-4 7.17698E-4 8.3548E-4 8.29566E-4 8.68972E-4 6.29205E-4 8.10054E-4 9.44571E-4 8.53217E-4 8.20343E-4 8.76503E-4 6.534E-4 6.95237E-4 7.80989E-4 1.06658E-3 1.07746E-3 1.1803E-3 1.19729E-3 1.15367E-3 1.10227E-3 9.42618E-4 1.58344E-3 1.73146E-3 1.52482E-3 1.67455E-3 1.72082E-3 1.55339E-3 1.62713E-3 1.72354E-3 1.45694E-3 1.42942E-3 7.71368E-4 6.77322E-4 3.80108E-4 1.08037E-3 1.3327E-3 1.26839E-3 1.29806E-3 7.39599E-4 5.67244E-4
8.58302E-5 1.8724E-5 2.55562E-5 1.0988E-5 3.68732E-5 4.26679E-5 9.60534E-5 1.93242E-4 3.92505E-4 2.51616E-4 3.95557E-4 2.8687E-4 2.55577E-4 2.29665E-4 4.61066E-4 2.88646E-4 2.15227E-4 3.57087E-4 4.58209E-4 5.60262E-4 6.88505E-4 7.79881E-4 5.02946E-4 5.05502E-4 8.15361E-4 8.2927E-4 7.51758E-4 8.46261E-4 8.7356E-4 7.241E-4 8.18512E-4 7.76771E-4 8.25076E-4 8.26481E-4 7.52119E-4 1.01943E-3 1.05844E-3 1.16088E-3 1.00996E-3 1.15707E-3 1.09841E-3 8.96069E-4 1.14231E-3 1.45086E-3 1.66621E-3 1.49733E-3 1.713E-3 1.52102E-3 1.48304E-3 1.71866E-3 1.56753E-3 1.73045E-3 1.40919E-3 1.04094E-3 4.53836E-4 4.05188E-4 7.33922E-4 1.21076E-3 1.10632E-3 5.77109E-4 1.07904E-3
2.30957E-5 2.12581E-6 3.18339E-6 1.25584E-5 7.70131E-6 1.12279E-5 7.82075E-5 1.15854E-4 5.38069E-4 2.38469E-4 2.56536E-4 1.26939E-4 1.76394E-4 1.66561E-4 1.37685E-4 2.72795E-4 2.7822E-4 3.51159E-4 2.78893E-4 3.04126E-4 7.82022E-4 5.26424E-4 3.72417E-4 5.8725E-4 4.44401E-4 6.47566E-4 6.77452E-4 8.49245E-4 1.03153E-3 9.96758E-4 9.77005E-4 8.30982E-4 7.28219E-4 8.16802E-4 1.03339E-3 7.89163E-4 6.97719E-4 8.82203E-4 9.22482E-4 7.45631E-4 8.27915E-4 1.15254E-3 1.68363E-3 1.72959E-3 1.46157E-3 1.67577E-3 1.64997E-3 1.41108E-3 1.41544E-3 1.26135E-3 1.14093E-3 1.73636E-3 1.3254E-3 1.13948E-3 1.05081E-3 4.4059E-4 3.787E-4 6.22023E-4 6.93302E-4 8.49124E-4 8.39115E-4
