Artocarpus hirsutus SDM files/Last interglacial/results (without bias file)/Arthir_7.asc
ncols         625
nrows         721
xllcorner     69.99986311115
yllcorner     5.99986151914999
cellsize      0.041666667
NODATA_value  -9999
[rows 459 to 485 of 721, columns 244 to 304 of 625]
7.61169E-4 7.61837E-4 7.60654E-4 7.7801E-4 7.89157E-4 7.72344E-4 7.54687E-4 7.23827E-4 7.65598E-4 9.03765E-4 8.99523E-4 8.94324E-4 8.66874E-4 7.87319E-4 7.76169E-4 9.20782E-4 9.41206E-4 9.97482E-4 1.00607E-3 9.77961E-4 9.98515E-4 1.75841E-3 1.66429E-3 1.64789E-3 2.01751E-3 1.96729E-3 1.96723E-3 1.93844E-3 2.08733E-3 2.11361E-3 2.26572E-3 2.43803E-3 2.23242E-3 2.26426E-3 2.44853E-3 2.18779E-3 2.21795E-3 2.27747E-3 2.38064E-3 2.47058E-3 2.2011E-3 2.21934E-3 2.38984E-3 2.5989E-3 2.35071E-3 2.63111E-3 2.33415E-3 2.52716E-3 2.74115E-3 2.42281E-3 2.5672E-3 -9999 -9999 2.57329E-3 -9999 -9999 -9999 -9999 -9999 -9999 -9999
7.61075E-4 7.71517E-4 7.5657E-4 8.07774E-4 7.89404E-4 7.35512E-4 7.38271E-4 6.75939E-4 7.15439E-4 7.31559E-4 8.02338E-4 8.48922E-4 8.3304E-4 7.92532E-4 8.44457E-4 9.81432E-4 9.18343E-4 9.40129E-4 9.29088E-4 9.33979E-4 1.01049E-3 1.69642E-3 1.14789E-3 1.68312E-3 1.91617E-3 1.9438E-3 1.94053E-3 1.87675E-3 1.96281E-3 2.17913E-3 2.09939E-3 2.12391E-3 2.25614E-3 2.34919E-3 2.40857E-3 2.11049E-3 2.19285E-3 2.28093E-3 2.38908E-3 2.43962E-3 2.1213E-3 2.26306E-3 2.37998E-3 2.58452E-3 2.46302E-3 2.58362E-3 2.43937E-3 2.55878E-3 2.3375E-3 2.40534E-3 2.3018E-3 2.35144E-3 2.1797E-3 2.2582E-3 -9999 -9999 -9999 -9999 -9999 -9999 -9999
7.8404E-4 7.51348E-4 7.83152E-4 7.79605E-4 7.61317E-4 7.43086E-4 7.35472E-4 6.90705E-4 7.28756E-4 7.755E-4 8.06139E-4 8.40891E-4 8.14786E-4 8.32077E-4 9.26118E-4 8.71168E-4 9.06804E-4 9.40114E-4 8.58884E-4 8.67244E-4 1.52992E-3 1.64147E-3 1.80101E-3 1.8062E-3 1.8062E-3 1.78327E-3 1.76828E-3 1.79079E-3 1.83284E-3 1.98147E-3 2.06126E-3 2.15451E-3 2.23917E-3 1.96696E-3 2.07004E-3 2.11687E-3 2.19238E-3 2.28567E-3 2.3511E-3 2.1078E-3 2.19781E-3 2.28501E-3 2.3868E-3 2.25389E-3 2.45625E-3 2.3322E-3 2.45326E-3 2.55529E-3 2.40025E-3 2.46704E-3 2.26695E-3 2.47105E-3 2.22658E-3 2.29381E-3 -9999 -9999 -9999 -9999 -9999 -9999 -9999
8.05323E-4 7.87342E-4 8.09662E-4 7.87941E-4 7.72639E-4 7.76486E-4 7.43295E-4 6.80532E-4 6.93193E-4 8.20167E-4 8.01111E-4 8.09227E-4 8.10603E-4 8.25278E-4 8.68026E-4 8.42043E-4 9.56117E-4 9.73461E-4 1.7429E-3 1.80281E-3 1.71634E-3 1.67508E-3 1.71203E-3 1.70446E-3 1.76834E-3 1.74909E-3 1.77223E-3 1.83474E-3 1.86767E-3 1.9896E-3 1.74087E-3 1.76704E-3 1.93887E-3 2.04518E-3 2.00637E-3 2.11637E-3 2.22514E-3 2.34112E-3 1.98323E-3 2.09642E-3 2.22445E-3 2.33607E-3 2.20033E-3 2.31398E-3 2.53414E-3 2.29847E-3 2.50011E-3 2.2748E-3 2.51991E-3 2.27123E-3 2.38909E-3 2.25918E-3 2.22294E-3 -9999 -9999 -9999 -9999 -9999 -9999 -9999 -9999
7.76004E-4 7.84111E-4 7.91607E-4 7.39874E-4 7.93521E-4 8.01693E-4 7.4483E-4 7.63687E-4 8.21415E-4 9.06224E-4 8.57777E-4 7.26872E-4 7.53789E-4 8.3104E-4 9.00213E-4 9.87459E-4 1.00032E-3 9.43455E-4 1.80231E-3 1.81977E-3 1.73377E-3 1.71565E-3 1.729E-3 1.68269E-3 1.71822E-3 1.73686E-3 1.59563E-3 1.59223E-3 1.6095E-3 1.69375E-3 1.73552E-3 1.84149E-3 1.92417E-3 1.97899E-3 2.0406E-3 2.21801E-3 2.2452E-3 1.97384E-3 2.13216E-3 2.15026E-3 2.23887E-3 2.0838E-3 2.16041E-3 2.36539E-3 2.17698E-3 2.38076E-3 2.17536E-3 2.35565E-3 2.48739E-3 2.24463E-3 2.36109E-3 2.19945E-3 2.25524E-3 -9999 -9999 -9999 -9999 -9999 -9999 -9999 -9999
7.64632E-4 7.92099E-4 8.0376E-4 7.7715E-4 8.20651E-4 8.1274E-4 7.54684E-4 9.09359E-4 7.52833E-4 8.41075E-4 7.50991E-4 7.46551E-4 8.41495E-4 8.88296E-4 8.86388E-4 9.19142E-4 7.99378E-4 1.57847E-3 1.87735E-3 1.75628E-3 1.43948E-3 1.66619E-3 1.74003E-3 1.49355E-3 1.49424E-3 1.46891E-3 1.53835E-3 1.57258E-3 1.71412E-3 1.7465E-3 1.76256E-3 1.83786E-3 1.88228E-3 2.00987E-3 2.09317E-3 2.14674E-3 1.93066E-3 1.98385E-3 2.11732E-3 2.24854E-3 2.02753E-3 2.09116E-3 2.24898E-3 2.05391E-3 2.22522E-3 2.37878E-3 2.26503E-3 2.38871E-3 2.27671E-3 2.3271E-3 2.15055E-3 2.2899E-3 2.0619E-3 -9999 -9999 -9999 -9999 -9999 -9999 -9999 -9999
7.66216E-4 7.7343E-4 8.03414E-4 8.01422E-4 8.14332E-4 8.00837E-4 8.30309E-4 8.36379E-4 8.29884E-4 8.3029E-4 7.50024E-4 9.0316E-4 9.74344E-4 9.53001E-4 9.30602E-4 9.35814E-4 1.51949E-3 1.5096E-3 1.75962E-3 1.47608E-3 1.49942E-3 1.4889E-3 1.50153E-3 1.48201E-3 1.49141E-3 1.53466E-3 1.60342E-3 1.60305E-3 1.65408E-3 1.7641E-3 1.80114E-3 1.92328E-3 1.98323E-3 2.06157E-3 1.82434E-3 1.86932E-3 1.96907E-3 2.09617E-3 2.12547E-3 1.90532E-3 2.10208E-3 2.19334E-3 2.01911E-3 2.16103E-3 2.29295E-3 2.13838E-3 2.32159E-3 2.14086E-3 2.24562E-3 2.01993E-3 2.19969E-3 2.24706E-3 -9999 -9999 -9999 -9999 -9999 -9999 -9999 -9999 -9999
7.55824E-4 7.30181E-4 7.59569E-4 7.69979E-4 7.87861E-4 7.94039E-4 7.68809E-4 7.46304E-4 8.68217E-4 8.34817E-4 7.79248E-4 9.15334E-4 8.17503E-4 8.31435E-4 8.22253E-4 1.46661E-3 1.54284E-3 1.50327E-3 1.50823E-3 1.56368E-3 1.54979E-3 1.5791E-3 1.62868E-3 1.58168E-3 1.55193E-3 1.64707E-3 1.61461E-3 1.72046E-3 1.68174E-3 1.52059E-3 1.891E-3 1.66541E-3 1.71252E-3 1.80688E-3 1.9114E-3 1.93719E-3 1.97707E-3 2.05066E-3 1.93692E-3 2.02123E-3 2.07498E-3 2.20217E-3 2.0647E-3 2.19484E-3 2.01063E-3 2.19523E-3 2.30913E-3 2.21017E-3 2.33085E-3 2.09661E-3 2.2137E-3 2.05685E-3 -9999 -9999 -9999 -9999 -9999 -9999 -9999 -9999 -9999
7.72408E-4 7.1589E-4 7.44696E-4 7.76272E-4 7.62908E-4 7.43109E-4 7.66825E-4 7.43658E-4 6.61251E-4 7.30481E-4 7.30453E-4 7.46601E-4 7.69827E-4 8.4077E-4 1.50429E-3 1.53741E-3 1.56768E-3 1.57716E-3 1.62328E-3 1.66214E-3 1.66096E-3 1.67393E-3 1.67157E-3 1.70913E-3 1.62935E-3 1.67225E-3 1.4969E-3 1.79235E-3 1.50743E-3 1.57058E-3 1.69817E-3 1.76106E-3 1.81559E-3 1.83761E-3 1.94342E-3 1.94436E-3 1.82333E-3 1.87664E-3 2.0006E-3 2.15788E-3 2.17974E-3 1.94229E-3 2.12012E-3 1.92901E-3 2.14394E-3 2.15654E-3 2.06702E-3 2.17377E-3 2.14E-3 2.08209E-3 2.00191E-3 2.09395E-3 -9999 -9999 -9999 -9999 -9999 -9999 -9999 -9999 -9999
7.80811E-4 7.96823E-4 8.03199E-4 7.67534E-4 7.97708E-4 8.00608E-4 7.85284E-4 7.7596E-4 7.16345E-4 6.76986E-4 7.52488E-4 7.50739E-4 1.47294E-3 1.51948E-3 1.49126E-3 1.63023E-3 1.65139E-3 1.64753E-3 1.62909E-3 1.43721E-3 1.46952E-3 1.46399E-3 1.50078E-3 1.52632E-3 1.51448E-3 1.54597E-3 1.5635E-3 1.5351E-3 1.57928E-3 1.62966E-3 1.77373E-3 1.83942E-3 1.85652E-3 1.91488E-3 1.71021E-3 1.76892E-3 1.81269E-3 2.00624E-3 2.12178E-3 1.8995E-3 1.97755E-3 2.02776E-3 1.89503E-3 2.04586E-3 2.14647E-3 1.9761E-3 2.1545E-3 2.03684E-3 2.08796E-3 2.14295E-3 -9999 -9999 -9999 -9999 -9999 -9999 -9999 -9999 -9999 -9999 -9999
7.80681E-4 7.82375E-4 8.10124E-4 7.7926E-4 8.00013E-4 8.01082E-4 7.13734E-4 6.82795E-4 7.26796E-4 7.14608E-4 7.56962E-4 1.56466E-3 1.53062E-3 1.61415E-3 1.70642E-3 1.74934E-3 1.4443E-3 1.48096E-3 1.51428E-3 1.55234E-3 1.5472E-3 1.58125E-3 1.5954E-3 1.58822E-3 1.57776E-3 1.64573E-3 1.62721E-3 1.7061E-3 1.65221E-3 1.73712E-3 1.59107E-3 1.62407E-3 1.68185E-3 1.72946E-3 1.78171E-3 1.83098E-3 1.91303E-3 2.04948E-3 1.83736E-3 1.95368E-3 2.08467E-3 1.88971E-3 1.9436E-3 2.10174E-3 1.94311E-3 2.02586E-3 2.19686E-3 1.97252E-3 2.13698E-3 -9999 -9999 -9999 -9999 -9999 -9999 -9999 -9999 -9999 -9999 -9999 -9999
7.95105E-4 8.0686E-4 7.70018E-4 7.92717E-4 8.15951E-4 7.16962E-4 7.09945E-4 7.29428E-4 7.33405E-4 7.72435E-4 1.69474E-3 1.70835E-3 1.66997E-3 1.68299E-3 1.76252E-3 1.55058E-3 1.54371E-3 1.57845E-3 1.61585E-3 1.65646E-3 1.63782E-3 1.68531E-3 1.62281E-3 1.68833E-3 1.67757E-3 1.71483E-3 1.73213E-3 1.50801E-3 1.52317E-3 1.56921E-3 1.58837E-3 1.68917E-3 1.74928E-3 1.80937E-3 1.79564E-3 1.87569E-3 1.6986E-3 1.86902E-3 1.94591E-3 2.04697E-3 1.89282E-3 2.00699E-3 2.05696E-3 1.859E-3 1.9869E-3 2.08556E-3 -9999 -9999 -9999 -9999 -9999 -9999 -9999 -9999 -9999 -9999 -9999 -9999 -9999 -9999 -9999
8.30996E-4 7.57828E-4 7.76373E-4 7.78947E-4 6.82027E-4 7.50819E-4 7.54492E-4 7.44231E-4 1.61228E-3 1.63893E-3 1.73052E-3 1.54253E-3 1.55813E-3 1.54726E-3 1.5836E-3 1.62382E-3 1.66036E-3 1.70489E-3 1.74037E-3 1.72125E-3 1.48932E-3 1.54907E-3 1.48361E-3 1.47415E-3 1.53221E-3 1.5307E-3 1.54607E-3 1.59091E-3 1.64132E-3 1.61522E-3 1.66804E-3 1.76469E-3 1.80592E-3 1.63205E-3 1.64403E-3 1.77205E-3 1.79389E-3 1.98642E-3 1.78054E-3 1.84208E-3 1.9693E-3 2.05936E-3 1.8835E-3 1.92994E-3 -9999 -9999 -9999 -9999 -9999 -9999 -9999 -9999 -9999 -9999 -9999 -9999 -9999 -9999 -9999 -9999 -9999
8.50785E-4 7.76786E-4 7.84869E-4 6.69199E-4 7.19874E-4 7.728E-4 7.51508E-4 1.83508E-3 1.74339E-3 1.51736E-3 1.60633E-3 1.65796E-3 1.65176E-3 1.58397E-3 1.68302E-3 1.72617E-3 1.76459E-3 1.80894E-3 1.60005E-3 1.58246E-3 1.62605E-3 1.55082E-3 1.58151E-3 1.61665E-3 1.65523E-3 1.63357E-3 1.68094E-3 1.4659E-3 1.46428E-3 1.51249E-3 1.53663E-3 1.60995E-3 1.67267E-3 1.67511E-3 1.7784E-3 1.84877E-3 1.63453E-3 1.69542E-3 1.94665E-3 1.8902E-3 1.90702E-3 -9999 -9999 -9999 -9999 -9999 -9999 -9999 -9999 -9999 -9999 -9999 -9999 -9999 -9999 -9999 -9999 -9999 -9999 -9999 -9999
8.5858E-4 8.034E-4 6.59295E-4 6.84014E-4 7.30169E-4 7.93451E-4 1.84127E-3 1.84997E-3 1.54411E-3 1.61147E-3 1.70118E-3 1.70398E-3 1.74193E-3 1.67987E-3 1.7359E-3 1.58248E-3 1.60936E-3 1.64822E-3 1.64245E-3 1.6956E-3 1.68062E-3 1.71668E-3 1.46082E-3 1.44987E-3 1.48479E-3 1.49753E-3 1.48763E-3 1.52862E-3 1.51426E-3 1.56599E-3 -9999 -9999 -9999 -9999 -9999 1.65955E-3 1.72419E-3 1.80277E-3 1.95288E-3 -9999 -9999 -9999 -9999 -9999 -9999 -9999 -9999 -9999 -9999 -9999 -9999 -9999 -9999 -9999 -9999 -9999 -9999 -9999 -9999 -9999 -9999
7.4553E-4 6.80372E-4 6.67962E-4 2.00895E-3 7.72628E-4 1.90922E-3 1.87691E-3 1.69443E-3 1.68392E-3 1.69865E-3 1.78843E-3 1.79182E-3 1.59689E-3 1.60895E-3 1.58506E-3 1.66673E-3 1.71747E-3 1.75399E-3 1.5053E-3 1.55332E-3 1.55306E-3 1.50301E-3 1.54291E-3 1.5454E-3 1.58865E-3 1.60447E-3 1.58333E-3 1.58269E-3 -9999 -9999 -9999 -9999 -9999 -9999 -9999 -9999 -9999 -9999 -9999 -9999 -9999 -9999 -9999 -9999 -9999 -9999 -9999 -9999 -9999 -9999 -9999 -9999 -9999 -9999 -9999 -9999 -9999 -9999 -9999 -9999 -9999
7.65722E-4 7.5216E-4 2.08073E-3 1.9809E-3 1.90704E-3 1.7307E-3 1.62316E-3 1.66815E-3 1.8444E-3 1.85443E-3 1.65969E-3 1.69654E-3 1.68149E-3 1.73353E-3 1.72834E-3 1.72064E-3 1.81643E-3 1.567E-3 1.61998E-3 1.66169E-3 1.58647E-3 1.62013E-3 1.45244E-3 1.44215E-3 1.49657E-3 1.46145E-3 -9999 -9999 -9999 -9999 -9999 -9999 -9999 -9999 -9999 -9999 -9999 -9999 -9999 -9999 -9999 -9999 -9999 -9999 -9999 -9999 -9999 -9999 -9999 -9999 -9999 -9999 -9999 -9999 -9999 -9999 -9999 -9999 -9999 -9999 -9999
1.56135E-3 7.4385E-4 1.85882E-3 1.88532E-3 1.65024E-3 1.71626E-3 1.6513E-3 1.80038E-3 1.86764E-3 1.59997E-3 1.70829E-3 1.73272E-3 1.7876E-3 1.89585E-3 1.57543E-3 1.58358E-3 1.57873E-3 1.68741E-3 1.72704E-3 1.49972E-3 1.54387E-3 1.58039E-3 1.55786E-3 1.57995E-3 1.60071E-3 1.62085E-3 -9999 -9999 -9999 -9999 -9999 -9999 -9999 -9999 -9999 -9999 -9999 -9999 -9999 -9999 -9999 -9999 -9999 -9999 -9999 -9999 -9999 -9999 -9999 -9999 -9999 -9999 -9999 -9999 -9999 -9999 -9999 -9999 -9999 -9999 -9999
7.01681E-4 1.71401E-3 1.78258E-3 1.91042E-3 1.66748E-3 1.71342E-3 1.82668E-3 1.82656E-3 1.67908E-3 1.71605E-3 1.69249E-3 1.80651E-3 1.63854E-3 1.73739E-3 1.61608E-3 1.70489E-3 1.48739E-3 1.57985E-3 1.57532E-3 1.62592E-3 1.6118E-3 1.65491E-3 1.43955E-3 1.48609E-3 1.51129E-3 1.44147E-3 -9999 -9999 -9999 -9999 -9999 -9999 -9999 -9999 -9999 -9999 -9999 -9999 -9999 -9999 -9999 -9999 -9999 -9999 -9999 -9999 -9999 -9999 -9999 -9999 -9999 -9999 -9999 -9999 -9999 -9999 -9999 -9999 -9999 -9999 -9999
1.72686E-3 1.7698E-3 1.61009E-3 1.65912E-3 1.74511E-3 1.78884E-3 1.57048E-3 1.60751E-3 1.71792E-3 1.81042E-3 1.78986E-3 1.65587E-3 1.67867E-3 1.7846E-3 1.73282E-3 1.54421E-3 1.64153E-3 1.60356E-3 1.61184E-3 1.49494E-3 1.48551E-3 1.52486E-3 1.56908E-3 1.56359E-3 1.38985E-3 -9999 -9999 -9999 -9999 -9999 -9999 -9999 -9999 -9999 -9999 -9999 -9999 -9999 -9999 -9999 -9999 -9999 -9999 -9999 -9999 -9999 -9999 -9999 -9999 -9999 -9999 -9999 -9999 -9999 -9999 -9999 -9999 -9999 -9999 -9999 -9999
1.77721E-3 1.88177E-3 1.60307E-3 1.75488E-3 1.7985E-3 1.63806E-3 1.69032E-3 1.70708E-3 1.77079E-3 1.66199E-3 1.71467E-3 1.69846E-3 1.74584E-3 1.58113E-3 1.53048E-3 1.64938E-3 1.68348E-3 1.4813E-3 1.56736E-3 1.56283E-3 1.61042E-3 1.41635E-3 1.45567E-3 1.53871E-3 1.46808E-3 -9999 -9999 -9999 -9999 -9999 -9999 -9999 -9999 -9999 -9999 -9999 -9999 -9999 -9999 -9999 -9999 -9999 -9999 -9999 -9999 -9999 -9999 -9999 -9999 -9999 -9999 -9999 -9999 -9999 -9999 -9999 -9999 -9999 -9999 -9999 -9999
1.73874E-3 1.58825E-3 1.68318E-3 1.77503E-3 1.54419E-3 1.63735E-3 1.74102E-3 1.73156E-3 1.88601E-3 1.69301E-3 1.77818E-3 1.61805E-3 1.60955E-3 1.70031E-3 1.64552E-3 1.46341E-3 1.57592E-3 1.5901E-3 1.43363E-3 1.43495E-3 1.48759E-3 1.48267E-3 1.52782E-3 1.33876E-3 1.50207E-3 -9999 -9999 -9999 -9999 -9999 -9999 -9999 -9999 -9999 -9999 -9999 -9999 -9999 -9999 -9999 -9999 -9999 -9999 -9999 -9999 -9999 -9999 -9999 -9999 -9999 -9999 -9999 -9999 -9999 -9999 -9999 -9999 -9999 -9999 -9999 -9999
1.57226E-3 1.62441E-3 1.71968E-3 1.58704E-3 1.68072E-3 1.7561E-3 1.86433E-3 1.60741E-3 1.63873E-3 1.75137E-3 1.63498E-3 1.67317E-3 1.72839E-3 1.57314E-3 1.52644E-3 1.55525E-3 1.63354E-3 1.49269E-3 1.51494E-3 1.52244E-3 1.57828E-3 1.4291E-3 1.47677E-3 1.42064E-3 -9999 -9999 -9999 -9999 -9999 -9999 -9999 -9999 -9999 -9999 -9999 -9999 -9999 -9999 -9999 -9999 -9999 -9999 -9999 -9999 -9999 -9999 -9999 -9999 -9999 -9999 -9999 -9999 -9999 -9999 -9999 -9999 -9999 -9999 -9999 -9999 -9999
1.74498E-3 1.69516E-3 1.85834E-3 1.71083E-3 1.74041E-3 1.82767E-3 1.68147E-3 1.65977E-3 1.78829E-3 1.63375E-3 1.74884E-3 1.81512E-3 1.64413E-3 1.63813E-3 1.58983E-3 1.4519E-3 1.52102E-3 1.57509E-3 1.41932E-3 1.42462E-3 1.46698E-3 1.52019E-3 1.33105E-3 1.35839E-3 -9999 -9999 -9999 -9999 -9999 -9999 -9999 -9999 -9999 -9999 -9999 -9999 -9999 -9999 -9999 -9999 -9999 -9999 -9999 -9999 -9999 -9999 -9999 -9999 -9999 -9999 -9999 -9999 -9999 -9999 -9999 -9999 -9999 -9999 -9999 -9999 -9999
1.78169E-3 1.88949E-3 1.68394E-3 1.78582E-3 1.89089E-3 1.71257E-3 1.81783E-3 1.86792E-3 1.69716E-3 1.68889E-3 1.76934E-3 1.61411E-3 1.67827E-3 1.67076E-3 1.49379E-3 1.55345E-3 1.42228E-3 1.42731E-3 1.49977E-3 1.52586E-3 1.36274E-3 1.40226E-3 -9999 -9999 -9999 -9999 -9999 -9999 -9999 -9999 -9999 -9999 -9999 -9999 -9999 -9999 -9999 -9999 -9999 -9999 -9999 -9999 -9999 -9999 -9999 -9999 -9999 -9999 -9999 -9999 -9999 -9999 -9999 -9999 -9999 -9999 -9999 -9999 -9999 -9999 -9999
1.87477E-3 1.6753E-3 1.73888E-3 1.84119E-3 1.70887E-3 1.73714E-3 1.83676E-3 1.68932E-3 1.76919E-3 1.77955E-3 1.61437E-3 1.61952E-3 1.62188E-3 1.56836E-3 1.52641E-3 1.44984E-3 1.45729E-3 1.5091E-3 1.38855E-3 1.44095E-3 1.41265E-3 -9999 -9999 -9999 -9999 -9999 -9999 -9999 -9999 -9999 -9999 -9999 -9999 -9999 -9999 -9999 -9999 -9999 -9999 -9999 -9999 -9999 -9999 -9999 -9999 -9999 -9999 -9999 -9999 -9999 -9999 -9999 -9999 -9999 -9999 -9999 -9999 -9999 -9999 -9999 -9999
1.79977E-3 1.91702E-3 1.85722E-3 1.64942E-3 1.75853E-3 1.86199E-3 1.71975E-3 1.70627E-3 -9999 -9999 -9999 -9999 -9999 -9999 1.4541E-3 1.48593E-3 1.32893E-3 1.36875E-3 1.41865E-3 1.30446E-3 -9999 -9999 -9999 -9999 -9999 -9999 -9999 -9999 -9999 -9999 -9999 -9999 -9999 -9999 -9999 -9999 -9999 -9999 -9999 -9999 -9999 -9999 -9999 -9999 -9999 -9999 -9999 -9999 -9999 -9999 -9999 -9999 -9999 -9999 -9999 -9999 -9999 -9999 -9999 -9999 -9999
