Artocarpus hirsutus SDM files/Last interglacial/results (without bias file)/Arthir_0.asc
ncols         625
nrows         721
xllcorner     69.99986311115
yllcorner     5.99986151914999
cellsize      0.041666667
NODATA_value  -9999
[rows 162 to 188 of 721, columns 305 to 365 of 625]
1.18314E-3 1.12888E-3 1.07815E-3 7.3419E-4 4.39497E-4 1.13128E-3 9.48052E-4 1.0209E-3 7.34565E-4 5.56577E-4 4.92373E-4 6.49935E-4 2.32576E-4 2.5268E-4 5.91433E-4 2.53223E-4 2.73281E-4 3.26871E-4 3.67075E-4 2.85282E-4 1.97624E-4 1.29326E-4 1.33796E-4 1.14907E-4 1.12065E-4 1.40485E-4 1.35501E-4 9.48807E-5 7.17069E-5 6.65573E-5 7.9177E-5 1.03965E-4 1.12688E-4 1.32573E-4 1.32241E-4 1.66878E-4 1.1784E-4 1.12026E-4 7.84902E-5 1.13196E-4 7.9144E-5 7.98173E-5 8.64641E-5 1.06889E-4 1.47669E-4 1.51479E-4 1.01695E-4 2.83733E-4 3.43288E-4 1.70216E-4 1.7866E-4 1.5002E-4 2.40403E-4 1.87208E-4 4.21141E-4 4.46574E-4 2.53621E-4 1.64809E-4 1.4338E-4 1.75366E-4 1.19157E-4
1.24293E-3 1.14933E-3 9.0209E-4 1.14314E-3 8.47876E-4 6.39986E-4 9.48882E-4 7.88153E-4 1.11076E-3 1.06096E-3 8.95732E-4 6.7739E-4 3.19573E-4 3.14582E-4 7.75534E-4 6.41402E-4 4.03561E-4 3.98784E-4 3.04465E-4 3.16801E-4 1.81209E-4 1.9402E-4 1.92525E-4 1.65068E-4 1.40757E-4 1.25631E-4 1.32609E-4 8.85576E-5 6.97752E-5 6.7022E-5 7.13038E-5 8.67482E-5 1.2956E-4 1.40764E-4 1.88336E-4 2.31204E-4 1.57066E-4 1.51976E-4 1.47013E-4 1.07472E-4 1.33089E-4 9.62276E-5 1.00225E-4 9.35772E-5 9.45713E-5 1.15775E-4 1.16327E-4 1.11329E-4 1.04716E-4 1.05299E-4 1.02597E-4 1.10876E-4 3.18386E-4 1.51824E-4 1.16621E-4 1.29822E-4 1.66064E-4 5.31572E-4 4.28006E-4 4.14141E-4 1.58248E-4
1.28731E-3 1.24575E-3 9.71561E-4 7.57245E-4 1.1487E-3 5.46768E-4 1.03537E-3 8.90546E-4 6.5035E-4 8.49632E-4 3.82021E-4 9.22283E-4 8.17495E-4 3.95164E-4 3.23038E-4 4.3173E-4 5.76038E-4 5.0658E-4 4.76069E-4 3.54634E-4 3.17588E-4 2.3691E-4 2.16473E-4 2.04392E-4 1.77101E-4 1.08196E-4 1.24964E-4 1.12593E-4 7.44556E-5 6.78376E-5 7.01701E-5 9.80418E-5 1.05751E-4 1.14526E-4 2.43843E-4 2.63433E-4 2.64731E-4 3.29804E-4 4.45222E-4 1.63162E-4 1.19526E-4 2.13573E-4 2.07581E-4 1.59913E-4 1.17689E-4 1.27458E-4 1.35497E-4 1.71867E-4 1.16934E-4 1.58811E-4 2.19843E-4 2.39742E-4 1.32188E-4 1.51614E-4 2.26194E-4 1.36065E-4 1.55426E-4 4.80877E-4 4.96273E-4 4.20891E-4 5.19616E-4
1.23918E-3 1.20092E-3 1.01495E-3 5.10427E-4 7.19226E-4 6.47874E-4 1.15527E-3 1.20333E-3 1.11872E-3 7.91638E-4 3.13574E-4 4.00748E-4 9.33794E-4 9.26643E-4 4.16555E-4 5.60224E-4 4.19003E-4 4.57451E-4 5.47192E-4 3.95846E-4 3.31495E-4 2.86505E-4 2.42342E-4 2.18824E-4 1.78386E-4 1.84889E-4 1.23011E-4 9.79121E-5 7.69802E-5 7.66162E-5 7.67902E-5 1.04173E-4 1.0721E-4 1.28514E-4 2.57232E-4 2.10095E-4 1.73866E-4 1.82593E-4 3.19766E-4 4.83418E-4 1.62241E-4 5.41974E-4 7.55488E-4 5.59974E-4 4.00289E-4 5.31091E-4 2.13416E-4 2.23151E-4 4.73059E-4 8.13645E-4 6.27946E-4 3.5487E-4 2.17886E-4 1.64868E-4 1.17725E-4 1.35488E-4 3.1665E-4 1.30351E-4 1.19297E-4 1.23177E-4 1.64413E-4
1.34907E-3 1.34212E-3 1.25506E-3 8.36204E-4 8.58968E-4 1.24353E-3 1.27942E-3 1.28944E-3 1.3063E-3 1.07486E-3 4.4509E-4 6.6908E-4 8.06025E-4 1.12166E-3 8.22754E-4 2.17336E-4 2.68722E-4 2.58804E-4 4.34336E-4 4.68891E-4 3.5924E-4 3.65337E-4 2.91556E-4 2.66701E-4 2.1405E-4 1.79589E-4 1.64438E-4 9.19978E-5 8.78806E-5 7.57937E-5 8.4619E-5 1.42766E-4 1.85697E-4 2.36943E-4 2.63106E-4 2.1471E-4 2.50181E-4 1.94697E-4 2.02803E-4 1.64183E-4 1.77428E-4 3.27038E-4 7.67257E-4 8.1417E-4 8.36808E-4 9.63301E-4 7.52915E-4 2.93499E-4 9.97504E-4 9.6726E-4 9.9392E-4 7.38207E-4 4.51589E-4 3.03701E-4 2.78702E-4 1.66508E-4 1.57631E-4 1.58208E-4 1.67231E-4 1.79995E-4 1.56164E-4
1.38073E-3 2.00614E-3 1.488E-3 1.44871E-3 1.08445E-3 1.44877E-3 1.31304E-3 1.33356E-3 1.19289E-3 7.00167E-4 5.32117E-4 6.30796E-4 1.02584E-3 1.07286E-3 3.08487E-4 4.33916E-4 7.9021E-4 3.59363E-4 2.25433E-4 2.74461E-4 4.46757E-4 3.96124E-4 2.65879E-4 1.90405E-4 1.63844E-4 1.5988E-4 1.1381E-4 8.63672E-5 8.8288E-5 7.91463E-5 1.17109E-4 1.30657E-4 2.65047E-4 4.08475E-4 4.17291E-4 4.21472E-4 3.36166E-4 3.21835E-4 4.04317E-4 2.89207E-4 6.06448E-4 2.87513E-4 3.54684E-4 4.04116E-4 9.65669E-4 1.00833E-3 9.57822E-4 3.20599E-4 1.02291E-3 9.06164E-4 9.18884E-4 9.71148E-4 9.82566E-4 5.61995E-4 4.33264E-4 4.64552E-4 4.16259E-4 1.96848E-4 1.68859E-4 1.72478E-4 1.87685E-4
1.3619E-3 6.05687E-4 1.07784E-3 2.1313E-3 1.13452E-3 2.12355E-3 1.30269E-3 1.33969E-3 1.05384E-3 6.60254E-4 1.26773E-3 1.24776E-3 1.01248E-3 1.06522E-3 5.0061E-4 3.53497E-4 8.98962E-4 6.9662E-4 4.08705E-4 6.34747E-4 4.02775E-4 4.74068E-4 3.9044E-4 3.29628E-4 2.74891E-4 2.40784E-4 1.37163E-4 1.00038E-4 9.28647E-5 8.67266E-5 1.68203E-4 2.12652E-4 2.59195E-4 5.34445E-4 6.24605E-4 5.51335E-4 7.87154E-4 8.39322E-4 7.6951E-4 6.0396E-4 8.74257E-4 7.53784E-4 5.52668E-4 6.5916E-4 8.13165E-4 9.12439E-4 9.65388E-4 6.07332E-4 5.03841E-4 1.03049E-3 8.57961E-4 8.7198E-4 9.73654E-4 9.68865E-4 1.01358E-3 1.01605E-3 9.68363E-4 4.41422E-4 4.7898E-4 5.1881E-4 5.00039E-4
1.69725E-3 1.7176E-3 6.00518E-4 7.32585E-4 1.15604E-3 2.17914E-3 1.49217E-3 1.37035E-3 8.52738E-4 1.19629E-3 1.41908E-3 1.4167E-3 1.11396E-3 1.46043E-3 6.86525E-4 3.85097E-4 1.10109E-3 7.22946E-4 3.5631E-4 6.75756E-4 5.85202E-4 5.15439E-4 2.98836E-4 3.846E-4 4.01443E-4 2.06576E-4 1.29893E-4 1.02994E-4 1.06908E-4 1.45258E-4 1.89083E-4 2.55197E-4 2.30459E-4 3.97738E-4 3.77934E-4 4.83014E-4 5.36524E-4 4.8332E-4 5.96808E-4 8.49985E-4 1.03706E-3 9.57406E-4 9.73373E-4 8.05706E-4 1.01114E-3 8.94659E-4 9.99816E-4 8.41023E-4 7.44165E-4 7.20888E-4 9.80607E-4 9.82917E-4 8.0285E-4 8.56761E-4 9.55685E-4 1.08034E-3 1.08653E-3 8.82733E-4 1.11823E-3 9.02557E-4 1.06241E-3
1.5281E-3 1.68038E-3 8.01509E-4 1.33479E-3 5.37881E-4 1.09255E-3 1.90521E-3 1.69052E-3 2.28779E-3 1.62346E-3 1.39244E-3 1.57048E-3 1.44404E-3 1.58433E-3 1.28041E-3 3.49472E-4 9.9377E-4 1.20099E-3 6.40759E-4 4.33368E-4 5.52892E-4 5.32481E-4 3.09753E-4 4.05872E-4 4.89284E-4 2.38194E-4 1.15062E-4 2.10323E-4 2.37515E-4 3.24097E-4 2.68402E-4 4.65747E-4 6.43558E-4 8.12285E-4 6.02405E-4 3.97891E-4 6.44434E-4 7.72002E-4 7.32456E-4 9.97558E-4 1.07232E-3 1.07881E-3 1.08415E-3 1.06734E-3 1.05306E-3 1.09991E-3 1.03815E-3 1.05976E-3 9.47905E-4 1.01067E-3 1.02402E-3 9.73968E-4 9.93714E-4 8.30453E-4 8.00696E-4 1.05523E-3 9.89118E-4 1.06097E-3 1.07441E-3 1.11922E-3 9.52775E-4
2.11036E-3 1.5285E-3 1.1063E-3 1.60434E-3 8.48873E-4 1.4313E-3 6.81002E-4 1.2483E-3 1.6369E-3 1.65954E-3 1.76434E-3 9.29298E-4 1.33101E-3 1.46846E-3 1.54244E-3 6.83292E-4 1.19476E-3 1.45473E-3 1.12533E-3 7.66949E-4 3.51397E-4 3.17213E-4 1.99427E-4 1.77738E-4 1.8675E-4 1.6161E-4 1.69881E-4 2.78408E-4 4.0553E-4 3.81572E-4 3.48162E-4 5.68939E-4 9.50558E-4 9.93794E-4 8.9769E-4 7.30426E-4 1.19285E-3 1.31654E-3 1.25459E-3 1.21531E-3 1.19882E-3 1.15676E-3 1.16955E-3 9.7089E-4 1.09368E-3 9.59023E-4 8.99971E-4 8.1379E-4 1.02683E-3 8.99063E-4 7.33691E-4 1.04263E-3 1.03933E-3 1.02944E-3 9.57024E-4 1.06214E-3 1.0579E-3 1.00569E-3 5.63158E-4 5.45224E-4 3.95037E-4
3.0953E-3 2.14228E-3 2.15802E-3 1.97045E-3 1.77257E-3 1.62874E-3 8.8297E-4 1.41529E-3 2.1462E-3 1.42068E-3 1.44935E-3 1.16452E-3 1.01175E-3 4.67523E-4 5.67015E-4 6.13119E-4 1.36175E-3 1.50834E-3 1.38218E-3 9.80541E-4 5.23049E-4 7.33873E-4 5.2342E-4 5.0717E-4 3.58934E-4 2.01629E-4 3.53909E-4 6.06783E-4 9.29174E-4 8.76325E-4 6.87422E-4 4.52641E-4 1.18696E-3 1.08293E-3 1.34347E-3 1.223E-3 1.04752E-3 1.31901E-3 1.25312E-3 1.14222E-3 1.13612E-3 1.2229E-3 1.19168E-3 1.06875E-3 1.19677E-3 1.11487E-3 8.5891E-4 4.60562E-4 8.95716E-4 6.20488E-4 6.90726E-4 8.90665E-4 7.43632E-4 8.65862E-4 8.10206E-4 1.05475E-3 1.097E-3 7.83001E-4 4.42921E-4 3.80651E-4 2.93093E-4
3.97233E-3 3.39954E-3 3.48873E-3 3.58582E-3 3.37066E-3 3.0733E-3 2.60482E-3 2.25341E-3 2.35013E-3 1.53899E-3 1.45993E-3 1.22627E-3 1.51335E-3 8.75584E-4 1.22773E-3 1.08954E-3 7.64795E-4 1.35333E-3 1.59505E-3 1.06514E-3 6.49956E-4 9.83184E-4 5.00035E-4 4.99338E-4 4.39284E-4 2.54049E-4 4.23055E-4 5.57065E-4 1.02319E-3 1.15099E-3 1.16642E-3 1.06085E-3 8.40258E-4 9.53455E-4 1.33952E-3 1.52338E-3 1.48682E-3 1.03947E-3 1.20686E-3 9.85483E-4 9.26829E-4 9.63401E-4 1.12854E-3 1.26146E-3 1.16946E-3 1.14188E-3 6.86987E-4 4.42358E-4 9.15573E-4 9.21797E-4 7.49575E-4 5.4852E-4 7.99775E-4 1.11292E-3 1.14397E-3 8.1145E-4 1.12232E-3 1.11666E-3 9.5315E-4 6.66641E-4 4.2395E-4
4.21994E-3 3.78153E-3 3.1975E-3 3.27212E-3 3.29067E-3 3.50979E-3 3.57865E-3 3.61279E-3 1.94435E-3 1.82319E-3 1.54233E-3 1.33026E-3 1.55816E-3 1.16485E-3 1.3523E-3 1.22415E-3 9.91159E-4 1.03175E-3 1.42974E-3 1.2997E-3 1.09536E-3 8.6874E-4 9.543E-4 3.58183E-4 3.41195E-4 9.15002E-4 1.397E-3 8.97014E-4 1.53171E-3 1.1298E-3 1.15203E-3 1.71903E-3 1.25775E-3 1.37743E-3 1.35925E-3 1.55006E-3 1.64763E-3 1.16804E-3 1.10305E-3 9.66996E-4 8.76985E-4 1.01518E-3 1.22863E-3 1.16566E-3 1.04732E-3 1.13691E-3 1.05568E-3 5.60807E-4 9.29753E-4 1.10327E-3 7.53897E-4 5.42906E-4 5.75058E-4 1.02677E-3 1.02847E-3 5.79625E-4 8.23701E-4 1.00364E-3 1.33004E-3 1.17036E-3 6.38312E-4
5.06876E-3 4.87781E-3 3.87475E-3 2.27889E-3 3.07192E-3 3.94046E-3 4.3661E-3 4.367E-3 4.27266E-3 4.14366E-3 2.11971E-3 3.18865E-3 2.0221E-3 1.63549E-3 1.80231E-3 1.35354E-3 1.12655E-3 1.66213E-3 1.58733E-3 1.43194E-3 1.09447E-3 1.13577E-3 8.62807E-4 8.48127E-4 1.60797E-3 1.09172E-3 1.97291E-3 1.48419E-3 1.37387E-3 1.075E-3 1.12861E-3 1.91948E-3 1.89976E-3 1.8795E-3 1.74963E-3 1.42802E-3 1.3994E-3 1.43525E-3 7.93574E-4 9.54997E-4 1.14133E-3 1.06805E-3 7.76442E-4 9.94044E-4 9.37585E-4 9.07785E-4 6.71636E-4 1.06531E-3 6.64871E-4 1.14397E-3 4.14349E-4 3.87808E-4 9.69038E-4 1.16142E-3 1.02183E-3 1.08409E-3 1.10879E-3 1.00493E-3 1.30128E-3 1.37783E-3 1.34105E-3
4.24375E-3 3.97896E-3 1.69948E-3 1.2449E-3 3.71964E-3 3.14317E-3 3.8363E-3 3.76535E-3 3.46851E-3 4.17622E-3 4.55621E-3 4.01141E-3 4.09764E-3 2.09857E-3 1.41401E-3 3.26342E-3 2.0167E-3 3.3004E-3 2.05112E-3 1.53308E-3 1.54608E-3 6.78853E-4 1.44946E-3 3.14859E-3 2.06826E-3 1.45658E-3 1.52558E-3 1.16022E-3 1.10815E-3 1.61171E-3 1.26556E-3 2.82929E-3 3.17567E-3 3.18234E-3 1.89921E-3 1.81129E-3 2.4429E-3 1.20698E-3 9.11783E-4 1.64558E-3 1.12667E-3 1.34764E-3 7.63061E-4 6.44997E-4 9.76618E-4 9.34324E-4 5.35389E-4 6.0004E-4 1.10164E-3 1.07862E-3 1.16239E-3 8.99717E-4 1.21221E-3 1.27106E-3 1.08715E-3 8.43675E-4 1.10106E-3 1.27387E-3 1.39934E-3 9.9015E-4 6.49878E-4
2.28554E-3 2.37472E-3 3.22214E-3 2.913E-3 1.95906E-3 2.28541E-3 2.90446E-3 3.79657E-3 4.76875E-3 4.66978E-3 4.66283E-3 5.59811E-3 5.96025E-3 5.87948E-3 5.55729E-3 4.14734E-3 2.69658E-3 5.08471E-3 4.95227E-3 4.11416E-3 3.09625E-3 8.0836E-4 2.08582E-3 4.22543E-3 2.31807E-3 2.15772E-3 2.33294E-3 1.57639E-3 1.32256E-3 1.46621E-3 1.68477E-3 1.34777E-3 1.23979E-3 2.00209E-3 2.81087E-3 1.36855E-3 2.6643E-3 8.4971E-4 1.11066E-3 1.61418E-3 2.33748E-3 1.43078E-3 1.51166E-3 3.84158E-4 8.23586E-4 1.0638E-3 1.59169E-3 3.69853E-4 7.21464E-4 7.48604E-4 1.06704E-3 1.87487E-3 7.30912E-4 8.73631E-4 1.2063E-3 1.14601E-3 1.38916E-3 1.36949E-3 1.10661E-3 1.30235E-3 1.07625E-3
3.55531E-3 1.92806E-3 3.40413E-3 4.12236E-3 3.72823E-3 3.31246E-3 2.89328E-3 2.74221E-3 2.78016E-3 3.92816E-3 4.23708E-3 1.99315E-3 2.39287E-3 3.84617E-3 5.87573E-3 6.28648E-3 3.45264E-3 5.61986E-3 6.14052E-3 4.2848E-3 5.77819E-3 2.19593E-3 1.29685E-3 4.85655E-3 5.22479E-3 4.48878E-3 2.23609E-3 1.93536E-3 1.89435E-3 2.27195E-3 2.00993E-3 1.86722E-3 2.47374E-3 2.29069E-3 1.71005E-3 2.74273E-3 2.67022E-3 1.84654E-3 1.66729E-3 2.37059E-3 2.82539E-3 2.29E-3 1.87975E-3 3.77153E-4 7.40586E-4 1.04166E-3 1.9453E-3 5.41445E-4 4.70206E-4 6.16499E-4 2.14936E-3 1.48787E-3 5.67287E-4 6.86356E-4 9.87043E-4 1.26537E-3 1.39861E-3 9.39031E-4 1.24119E-3 1.31472E-3 8.24066E-4
3.97555E-3 3.95763E-3 3.20341E-3 3.00478E-3 3.1352E-3 4.47981E-3 5.07293E-3 5.69718E-3 4.89489E-3 5.48894E-3 6.67524E-3 4.52613E-3 2.40094E-3 1.90262E-3 1.84909E-3 3.92223E-3 3.48956E-3 6.5992E-3 4.63544E-3 4.21937E-3 6.75406E-3 3.61634E-3 1.8594E-3 5.92825E-3 6.00967E-3 6.37877E-3 2.40527E-3 2.11495E-3 5.81203E-3 6.48939E-3 2.43704E-3 5.95362E-3 1.92906E-3 1.59272E-3 1.49469E-3 2.34446E-3 2.42907E-3 2.73618E-3 2.91841E-3 2.67256E-3 2.97521E-3 9.23416E-4 3.40226E-4 4.76312E-4 8.9438E-4 1.22532E-3 2.0016E-3 1.93565E-3 2.0465E-3 1.87697E-3 2.09137E-3 1.00552E-3 2.04067E-3 7.34791E-4 1.34639E-3 1.16504E-3 1.29047E-3 1.70892E-3 1.43612E-3 1.41443E-3 9.11948E-4
3.4442E-3 3.2612E-3 3.94429E-3 4.29375E-3 4.04716E-3 4.3017E-3 5.53126E-3 5.48547E-3 7.74471E-3 6.05944E-3 7.07099E-3 7.80403E-3 4.30645E-3 3.14175E-3 2.04055E-3 1.32747E-3 5.27744E-3 6.6852E-3 4.6596E-3 4.28096E-3 7.54221E-3 5.70993E-3 1.51198E-3 3.87554E-3 5.66389E-3 4.88185E-3 7.25286E-3 6.35821E-3 6.91933E-3 6.32812E-3 5.62847E-3 6.76154E-3 4.84827E-3 2.19324E-3 2.15204E-3 2.83026E-3 2.35293E-3 1.92216E-3 2.22452E-3 2.17451E-3 1.8053E-3 9.15979E-4 9.00821E-4 6.29161E-4 9.51399E-4 2.08974E-3 1.42353E-3 2.10157E-3 1.11991E-3 1.82279E-3 1.66917E-3 1.95514E-3 1.60611E-3 6.89522E-4 1.05642E-3 2.65171E-3 2.62364E-3 2.18008E-3 1.21812E-3 1.20654E-3 1.74333E-3
2.89316E-3 4.68039E-3 4.77465E-3 5.13384E-3 5.86565E-3 5.18025E-3 5.09048E-3 5.00146E-3 5.56147E-3 6.65189E-3 7.43161E-3 8.34014E-3 5.57853E-3 7.13718E-3 3.47756E-3 1.22418E-3 3.80172E-3 5.87275E-3 5.94844E-3 3.39414E-3 8.21113E-3 4.21098E-3 1.98225E-3 7.3043E-3 8.53839E-3 1.07593E-2 1.34014E-2 1.25438E-2 8.79057E-3 6.89392E-3 8.42357E-3 7.10481E-3 5.65933E-3 7.55989E-3 5.89465E-3 2.05193E-3 4.24532E-3 3.21625E-3 2.9967E-3 3.02592E-3 2.20142E-3 1.53474E-3 7.85238E-4 1.38886E-3 7.98511E-4 2.32789E-3 2.02794E-3 8.98495E-4 9.39147E-4 1.82392E-3 2.05251E-3 1.79883E-3 2.39027E-3 2.80169E-3 2.53507E-3 1.74506E-3 2.29693E-3 1.28417E-3 1.55032E-3 2.48509E-3 1.3428E-3
4.22381E-3 3.2416E-3 4.39361E-3 5.52942E-3 6.08266E-3 3.05198E-3 4.13821E-3 6.36612E-3 5.21676E-3 5.14506E-3 7.68273E-3 5.04544E-3 3.8649E-3 6.20202E-3 3.4446E-3 1.9366E-3 2.82169E-3 7.37364E-3 6.18191E-3 3.04144E-3 6.56931E-3 3.07835E-3 6.26186E-3 5.48838E-3 1.00663E-2 1.38925E-2 1.08508E-2 1.08307E-2 1.30257E-2 1.07846E-2 8.98187E-3 7.59717E-3 6.74736E-3 6.51045E-3 6.61449E-3 4.38423E-3 4.55441E-3 6.2635E-3 5.13202E-3 3.88757E-3 3.99632E-3 2.39427E-3 1.80427E-3 3.68849E-3 1.7224E-3 8.72034E-4 1.28221E-3 2.91709E-3 3.02636E-3 2.7921E-3 2.40695E-3 2.19502E-3 1.67173E-3 2.49691E-3 1.89154E-3 2.05966E-3 2.08066E-3 1.40928E-3 1.53242E-3 9.67814E-4 5.79386E-4
4.67186E-3 4.6267E-3 2.51017E-3 5.09447E-3 6.24429E-3 5.49425E-3 2.57089E-3 2.13255E-3 3.50093E-3 2.8656E-3 7.41783E-3 3.23226E-3 4.9011E-3 5.90047E-3 2.44287E-3 1.91E-3 1.64797E-3 2.3311E-3 4.29794E-3 5.09191E-3 3.02623E-3 4.66177E-3 8.40646E-3 7.77481E-3 1.31285E-2 8.55735E-3 6.07022E-3 1.22436E-2 1.27878E-2 1.40546E-2 9.31143E-3 8.4835E-3 1.00649E-2 8.14477E-3 7.33562E-3 5.23333E-3 6.54455E-3 8.19494E-3 7.99655E-3 6.25178E-3 3.99159E-3 3.79171E-3 4.6366E-3 2.87175E-3 1.48229E-3 3.49816E-3 3.2274E-3 3.10359E-3 2.89486E-3 2.14243E-3 2.66088E-3 3.14733E-3 1.88648E-3 2.06169E-3 1.92036E-3 2.81102E-3 2.74552E-3 3.0172E-3 1.71414E-3 1.71306E-3 1.59335E-3
4.79429E-3 2.82857E-3 2.37686E-3 3.2755E-3 4.06236E-3 5.84932E-3 6.085E-3 3.08049E-3 2.00846E-3 2.37791E-3 2.72638E-3 3.43709E-3 6.0909E-3 6.4378E-3 6.08228E-3 4.6107E-3 5.88605E-3 3.58222E-3 1.93703E-3 2.55227E-3 2.26204E-3 9.90713E-3 1.07772E-2 1.39784E-2 8.87412E-3 1.48457E-2 6.98805E-3 1.23214E-2 1.09573E-2 1.26023E-2 1.04376E-2 9.61135E-3 1.23732E-2 8.99597E-3 6.5087E-3 4.61976E-3 8.78523E-3 9.04823E-3 7.69271E-3 7.31478E-3 4.29607E-3 5.20483E-3 3.82959E-3 1.49805E-3 2.82685E-3 3.89647E-3 2.38999E-3 4.10188E-3 4.49578E-3 3.85731E-3 4.29115E-3 2.85089E-3 1.95989E-3 3.38943E-3 2.22775E-3 2.90477E-3 1.57031E-3 1.78733E-3 1.73516E-3 2.99822E-3 3.4621E-3
2.58795E-3 2.0439E-3 4.45557E-3 5.14393E-3 4.8812E-3 4.10966E-3 5.84115E-3 7.13864E-3 5.75279E-3 2.4464E-3 1.53407E-3 5.35955E-3 8.44044E-3 9.37211E-3 1.03703E-2 7.91076E-3 4.62724E-3 9.79777E-3 7.16659E-3 6.069E-3 3.38409E-3 3.74924E-3 1.24063E-2 1.17969E-2 1.00392E-2 5.53672E-3 1.03995E-2 9.09219E-3 5.41727E-3 8.18474E-3 1.21352E-2 1.25085E-2 1.07952E-2 1.00143E-2 6.8322E-3 1.24179E-2 1.19342E-2 1.02963E-2 7.69016E-3 8.06322E-3 5.13246E-3 4.40142E-3 3.19227E-3 4.35445E-3 7.37315E-3 2.33409E-3 4.45205E-3 5.77046E-3 6.5654E-3 4.78353E-3 5.27774E-3 4.7602E-3 2.35063E-3 3.98793E-3 3.27847E-3 3.50503E-3 4.72678E-3 4.9305E-3 4.49305E-3 3.95324E-3 2.72661E-3
1.43624E-3 2.36846E-3 2.88669E-3 3.90338E-3 5.24844E-3 3.28991E-3 5.98E-3 3.34949E-3 4.35043E-3 4.93003E-3 2.56476E-3 2.19663E-3 6.62988E-3 7.72943E-3 9.6234E-3 8.82821E-3 6.31564E-3 4.75866E-3 5.28507E-3 2.30076E-3 3.31968E-3 2.36155E-3 9.89466E-3 1.2786E-2 4.15231E-3 6.71142E-3 1.01607E-2 5.80958E-3 9.62097E-3 8.01279E-3 9.05162E-3 1.44244E-2 1.1506E-2 1.21182E-2 1.40274E-2 1.18618E-2 1.27214E-2 1.04622E-2 1.04173E-2 3.99891E-3 7.35328E-3 8.45974E-3 9.19203E-3 7.17526E-3 5.02483E-3 6.21444E-3 9.35225E-3 7.26005E-3 7.51979E-3 6.37566E-3 5.77469E-3 3.72861E-3 2.97949E-3 4.42845E-3 3.63727E-3 3.71518E-3 5.5846E-3 5.39086E-3 5.35113E-3 4.48854E-3 3.45038E-3
2.43113E-3 2.81958E-3 3.21649E-3 4.42679E-3 2.56823E-3 3.20353E-3 4.14569E-3 2.59361E-3 5.55293E-3 5.35083E-3 4.07294E-3 3.01887E-3 2.06264E-3 6.40115E-3 6.64552E-3 5.78534E-3 5.1551E-3 3.12653E-3 5.60485E-3 4.2884E-3 6.78853E-3 6.98716E-3 3.55083E-3 4.94212E-3 5.37999E-3 1.07433E-2 1.27942E-2 5.6354E-3 4.6327E-3 6.7099E-3 8.60348E-3 1.34008E-2 1.16601E-2 1.03332E-2 9.84523E-3 1.03901E-2 1.11796E-2 9.95476E-3 1.10566E-2 6.87149E-3 7.74352E-3 9.86184E-3 8.90131E-3 7.62871E-3 8.02913E-3 1.10202E-2 9.69465E-3 9.23253E-3 6.86976E-3 6.88912E-3 6.28926E-3 3.08082E-3 5.0411E-3 4.62536E-3 4.84971E-3 7.17829E-3 4.79117E-3 5.84599E-3 5.33463E-3 5.74298E-3 5.61951E-3
3.86744E-3 4.18429E-3 4.32748E-3 2.85207E-3 1.98214E-3 4.62324E-3 2.04994E-3 4.68983E-3 4.08002E-3 2.14457E-3 2.80507E-3 3.816E-3 2.69445E-3 1.8813E-3 3.68526E-3 3.56677E-3 5.83144E-3 6.95241E-3 7.29579E-3 1.09481E-2 6.05879E-3 3.13306E-3 2.90707E-3 4.64546E-3 6.84565E-3 9.89399E-3 1.54871E-2 1.64148E-2 8.87678E-3 5.02884E-3 4.56517E-3 6.79816E-3 1.16745E-2 1.17532E-2 9.47878E-3 6.81317E-3 1.10631E-2 8.50533E-3 9.21652E-3 1.18055E-2 7.55372E-3 5.75906E-3 8.91854E-3 8.57007E-3 1.04247E-2 7.10476E-3 7.7751E-3 9.53661E-3 6.54101E-3 6.51983E-3 5.71647E-3 2.93687E-3 5.22802E-3 5.66871E-3 5.98363E-3 4.24873E-3 3.14395E-3 3.38692E-3 4.86989E-3 6.51961E-3 5.39323E-3
