Artocarpus hirsutus SDM files/Last interglacial/results (without bias file)/Arthir_3.asc
ncols         625
nrows         721
xllcorner     69.99986311115
yllcorner     5.99986151914999
cellsize      0.041666667
NODATA_value  -9999
[rows 243 to 269 of 721, columns 305 to 365 of 625]
9.98985E-5 1.0784E-4 1.1199E-4 1.1686E-4 1.13188E-4 1.1361E-4 1.13905E-4 1.14327E-4 1.10187E-4 1.113E-4 1.16801E-4 1.33343E-4 1.21039E-4 1.39857E-4 1.48223E-4 1.57782E-4 1.60434E-4 1.54505E-4 1.59646E-4 1.58876E-4 1.51644E-4 1.49482E-4 1.50229E-4 1.48037E-4 1.48145E-4 1.50022E-4 1.52089E-4 1.50467E-4 1.44613E-4 1.48766E-4 1.51142E-4 1.45537E-4 1.46944E-4 1.49096E-4 1.49467E-4 1.59751E-4 1.59033E-4 1.64852E-4 1.71368E-4 1.65055E-4 1.632E-4 1.77965E-4 1.64714E-4 1.71463E-4 1.98345E-4 2.07021E-4 2.03461E-4 2.00058E-4 1.99841E-4 2.09169E-4 2.0298E-4 2.12063E-4 2.20272E-4 2.18857E-4 2.26122E-4 2.28255E-4 2.21433E-4 2.22831E-4 2.34325E-4 2.3676E-4 2.37245E-4
9.86011E-5 1.0691E-4 1.07647E-4 1.07594E-4 1.12475E-4 1.08386E-4 1.11768E-4 1.25991E-4 1.28746E-4 1.24934E-4 1.25025E-4 1.35823E-4 1.35469E-4 1.36806E-4 1.38574E-4 1.52004E-4 1.46649E-4 1.46373E-4 1.49947E-4 1.52394E-4 1.46499E-4 1.48286E-4 1.46583E-4 1.46306E-4 1.47927E-4 1.46412E-4 1.44724E-4 1.48303E-4 1.44869E-4 1.42367E-4 1.3726E-4 1.39893E-4 1.41038E-4 1.48877E-4 1.48843E-4 1.50389E-4 1.57711E-4 1.63243E-4 1.62925E-4 1.81177E-4 1.56683E-4 1.79975E-4 1.96546E-4 1.91866E-4 1.93702E-4 1.94979E-4 2.00653E-4 1.91369E-4 1.9937E-4 1.96218E-4 2.01023E-4 2.00563E-4 2.06671E-4 2.05044E-4 2.23011E-4 2.21253E-4 2.1957E-4 2.26859E-4 2.26664E-4 2.37728E-4 2.38147E-4
1.03653E-4 1.02456E-4 1.05178E-4 1.05592E-4 1.07158E-4 1.03737E-4 1.1824E-4 1.22108E-4 1.02856E-4 1.22953E-4 1.22547E-4 1.32395E-4 1.3293E-4 1.30559E-4 1.32416E-4 1.29116E-4 1.3819E-4 1.43814E-4 1.42132E-4 1.4124E-4 1.43364E-4 1.44262E-4 1.44626E-4 1.46197E-4 1.47126E-4 1.4562E-4 1.43931E-4 1.39501E-4 1.42188E-4 1.40909E-4 1.41055E-4 1.41409E-4 1.40037E-4 1.46771E-4 1.46921E-4 1.46665E-4 1.51855E-4 1.44805E-4 1.65157E-4 1.49952E-4 1.74806E-4 1.767E-4 1.87052E-4 1.9079E-4 1.90181E-4 1.78057E-4 1.73341E-4 1.82925E-4 1.82877E-4 1.95648E-4 1.87793E-4 1.94264E-4 2.01548E-4 2.01088E-4 2.12475E-4 2.0876E-4 2.15631E-4 2.21448E-4 2.21585E-4 2.35718E-4 2.35167E-4
9.55073E-5 1.00696E-4 1.00632E-4 1.04582E-4 1.05301E-4 1.20066E-4 1.16535E-4 1.15371E-4 1.21293E-4 1.18806E-4 1.18589E-4 1.21396E-4 1.32608E-4 1.28301E-4 1.25633E-4 1.32826E-4 1.30366E-4 1.34383E-4 1.35617E-4 1.34568E-4 1.36191E-4 1.35962E-4 1.3739E-4 1.38679E-4 1.37837E-4 1.40118E-4 1.40822E-4 1.40349E-4 1.34411E-4 1.33202E-4 1.35729E-4 1.3647E-4 1.35765E-4 1.38771E-4 1.41145E-4 1.46234E-4 1.52173E-4 1.44301E-4 1.6447E-4 1.4203E-4 1.62993E-4 1.74507E-4 1.68965E-4 1.82682E-4 1.83937E-4 1.77886E-4 1.72368E-4 1.73296E-4 1.72952E-4 1.85297E-4 1.9253E-4 1.89671E-4 1.96784E-4 2.00803E-4 2.046E-4 2.04433E-4 2.11473E-4 2.095E-4 2.11936E-4 2.22943E-4 2.30916E-4
1.03342E-4 1.03024E-4 1.1233E-4 1.03224E-4 1.17525E-4 1.18314E-4 1.11517E-4 1.08488E-4 1.06526E-4 1.12859E-4 1.143E-4 1.19284E-4 1.23644E-4 1.24509E-4 1.20049E-4 1.24569E-4 1.28816E-4 1.2731E-4 1.32464E-4 1.31854E-4 1.34203E-4 1.35044E-4 1.34055E-4 1.35285E-4 1.35626E-4 1.37091E-4 1.33051E-4 1.35075E-4 1.29304E-4 1.28735E-4 1.29248E-4 1.30116E-4 1.33198E-4 1.39021E-4 1.39225E-4 1.39983E-4 1.40119E-4 1.66262E-4 1.46246E-4 1.62781E-4 1.71151E-4 1.66596E-4 1.68484E-4 1.76575E-4 1.83911E-4 1.81565E-4 1.77128E-4 1.77299E-4 1.77209E-4 1.8214E-4 1.9088E-4 1.87325E-4 1.96488E-4 2.02174E-4 1.96145E-4 1.94552E-4 2.02684E-4 2.01386E-4 2.03188E-4 2.11926E-4 2.11417E-4
1.07102E-4 1.02473E-4 1.01707E-4 1.11876E-4 1.12961E-4 1.13571E-4 1.05636E-4 1.08722E-4 1.08666E-4 1.11088E-4 1.12177E-4 1.17738E-4 1.21684E-4 1.21817E-4 1.19628E-4 1.1923E-4 1.2174E-4 1.25293E-4 1.30174E-4 1.29031E-4 1.30945E-4 1.26741E-4 1.27697E-4 1.27108E-4 1.296E-4 1.30146E-4 1.32661E-4 1.28224E-4 1.31906E-4 1.26697E-4 1.27362E-4 1.29353E-4 1.29016E-4 1.31129E-4 1.33933E-4 1.58719E-4 1.57325E-4 1.56596E-4 1.55642E-4 1.64668E-4 1.6006E-4 1.67951E-4 1.67458E-4 1.72386E-4 1.71586E-4 1.7693E-4 1.68703E-4 1.74844E-4 1.72546E-4 1.84653E-4 1.82234E-4 1.90082E-4 1.84996E-4 1.92452E-4 1.90943E-4 1.91354E-4 1.96047E-4 1.9422E-4 1.98976E-4 2.02949E-4 2.05002E-4
9.41186E-5 1.05678E-4 1.01787E-4 1.09632E-4 1.11021E-4 1.10497E-4 1.03536E-4 1.07154E-4 1.07553E-4 1.09326E-4 1.10093E-4 1.12856E-4 1.16661E-4 1.20058E-4 1.14311E-4 1.20803E-4 1.20934E-4 1.20001E-4 1.25597E-4 1.25177E-4 1.27053E-4 1.24367E-4 1.26416E-4 1.26389E-4 1.28813E-4 1.28569E-4 1.28655E-4 1.29034E-4 1.29712E-4 1.25927E-4 1.21883E-4 1.23789E-4 1.23467E-4 1.27584E-4 1.3023E-4 1.26075E-4 1.48647E-4 1.55257E-4 1.52412E-4 1.61589E-4 1.59935E-4 1.56376E-4 1.64812E-4 1.69245E-4 1.64733E-4 1.74936E-4 1.72696E-4 1.71137E-4 1.70342E-4 1.69052E-4 1.7397E-4 1.80719E-4 1.88835E-4 1.89185E-4 1.93245E-4 1.928E-4 1.94538E-4 1.95711E-4 1.82633E-4 1.81998E-4 2.02961E-4
9.20793E-5 1.03622E-4 1.02657E-4 1.07283E-4 1.07882E-4 1.01364E-4 9.73758E-5 9.80894E-5 1.03699E-4 1.03664E-4 1.11106E-4 1.11557E-4 1.1593E-4 1.17506E-4 1.2163E-4 1.17596E-4 1.19169E-4 1.18971E-4 1.24153E-4 1.23896E-4 1.24576E-4 1.26442E-4 1.24503E-4 1.25028E-4 1.25002E-4 1.28143E-4 1.28466E-4 1.24864E-4 1.24314E-4 1.23949E-4 1.246E-4 1.20432E-4 1.21956E-4 1.27634E-4 1.21304E-4 1.22838E-4 1.28395E-4 1.49884E-4 1.48202E-4 1.53806E-4 1.58801E-4 1.52091E-4 1.62046E-4 1.62284E-4 1.62646E-4 1.66032E-4 1.68351E-4 1.67323E-4 1.66301E-4 1.65732E-4 1.77088E-4 1.77216E-4 1.83328E-4 1.82651E-4 1.88671E-4 1.90365E-4 1.82437E-4 1.85116E-4 1.82097E-4 1.84415E-4 1.85025E-4
8.83716E-5 8.85926E-5 9.60573E-5 1.00535E-4 1.01245E-4 9.55867E-5 9.97452E-5 9.88325E-5 1.00763E-4 1.03377E-4 1.13077E-4 1.10617E-4 1.12108E-4 1.13277E-4 1.13882E-4 1.14801E-4 1.18146E-4 1.15175E-4 1.18053E-4 1.24103E-4 1.14475E-4 1.18087E-4 1.20267E-4 1.21727E-4 1.26493E-4 1.21069E-4 1.28209E-4 1.23638E-4 1.26549E-4 1.2439E-4 1.24859E-4 1.26068E-4 1.21001E-4 1.20115E-4 1.35927E-4 1.41764E-4 1.40711E-4 1.39918E-4 1.46503E-4 1.45216E-4 1.50383E-4 1.49687E-4 1.5603E-4 1.59954E-4 1.57298E-4 1.62288E-4 1.64595E-4 1.65001E-4 1.62115E-4 1.58685E-4 1.58354E-4 1.71837E-4 1.73394E-4 1.76077E-4 1.81208E-4 1.76326E-4 1.65919E-4 1.68039E-4 1.68107E-4 1.67926E-4 1.71307E-4
8.42723E-5 8.34955E-5 8.76426E-5 9.09504E-5 8.80491E-5 9.27102E-5 9.69673E-5 9.47786E-5 9.34702E-5 1.00412E-4 1.06204E-4 9.86209E-5 1.09059E-4 1.09985E-4 1.18935E-4 1.14296E-4 1.1375E-4 1.19406E-4 1.19511E-4 1.17685E-4 1.15345E-4 1.19284E-4 1.22711E-4 1.22686E-4 1.25409E-4 1.25676E-4 1.23942E-4 1.2687E-4 1.22822E-4 1.24718E-4 1.18218E-4 1.1889E-4 1.20823E-4 1.32885E-4 1.34566E-4 1.36267E-4 1.35866E-4 1.35636E-4 1.35238E-4 1.45159E-4 1.39412E-4 1.45971E-4 1.45471E-4 1.52318E-4 1.56533E-4 1.5047E-4 1.48774E-4 1.57112E-4 1.63014E-4 1.5685E-4 1.54616E-4 1.62488E-4 1.64364E-4 1.63279E-4 1.73719E-4 1.76473E-4 1.74834E-4 1.64944E-4 1.6477E-4 1.71613E-4 1.70761E-4
8.45183E-5 8.24342E-5 8.83229E-5 8.63504E-5 8.4089E-5 8.79061E-5 9.71938E-5 9.45761E-5 9.07205E-5 1.00843E-4 9.65397E-5 1.13903E-4 1.18675E-4 1.13024E-4 1.09689E-4 1.14304E-4 1.13351E-4 1.13808E-4 1.14222E-4 1.11205E-4 1.17286E-4 1.15744E-4 1.17191E-4 1.19648E-4 1.21101E-4 1.21586E-4 1.21739E-4 1.23184E-4 1.22616E-4 1.23105E-4 1.22024E-4 1.35947E-4 1.14998E-4 1.32106E-4 1.323E-4 1.30627E-4 1.31532E-4 1.33884E-4 1.31878E-4 1.3072E-4 1.38391E-4 1.40551E-4 1.38735E-4 1.44486E-4 1.45951E-4 1.48964E-4 1.50179E-4 1.44352E-4 1.53477E-4 1.47945E-4 1.52469E-4 1.57524E-4 1.6296E-4 1.6308E-4 1.64749E-4 1.65732E-4 1.65363E-4 1.61473E-4 1.61975E-4 1.67755E-4 1.68113E-4
8.36768E-5 8.24322E-5 8.43594E-5 8.28311E-5 8.32969E-5 8.69234E-5 9.36936E-5 9.52696E-5 1.01167E-4 9.83856E-5 9.90098E-5 1.13186E-4 1.13107E-4 1.18284E-4 1.14088E-4 1.1436E-4 1.16093E-4 1.14883E-4 1.18707E-4 1.17619E-4 1.11811E-4 1.21571E-4 1.22574E-4 1.25144E-4 1.25118E-4 1.26984E-4 1.24947E-4 1.24895E-4 1.439E-4 1.18156E-4 1.21818E-4 1.23671E-4 1.3525E-4 1.30855E-4 1.30606E-4 1.26849E-4 1.28264E-4 1.27699E-4 1.27296E-4 1.30433E-4 1.35741E-4 1.37953E-4 1.41257E-4 1.4081E-4 1.38583E-4 1.42099E-4 1.42838E-4 1.43118E-4 1.51308E-4 1.46034E-4 1.51611E-4 1.55987E-4 1.57625E-4 1.59406E-4 1.60566E-4 1.60446E-4 1.62513E-4 1.58772E-4 1.58608E-4 1.64711E-4 1.65705E-4
8.8304E-5 8.30522E-5 7.81897E-5 7.90147E-5 7.92121E-5 8.61867E-5 9.3448E-5 9.55655E-5 1.01647E-4 9.86246E-5 1.07426E-4 1.03341E-4 1.17502E-4 1.13189E-4 1.15709E-4 1.17282E-4 1.14801E-4 1.12224E-4 1.16109E-4 1.13098E-4 1.14202E-4 1.15995E-4 1.20538E-4 1.23215E-4 1.22983E-4 1.21953E-4 1.2152E-4 1.22521E-4 1.22289E-4 1.2119E-4 1.39865E-4 1.30335E-4 1.30307E-4 1.29734E-4 1.29487E-4 1.26476E-4 1.27353E-4 1.25707E-4 1.2531E-4 1.2531E-4 1.26343E-4 1.33987E-4 1.39638E-4 1.33503E-4 1.31972E-4 1.41442E-4 1.3941E-4 1.40648E-4 1.42661E-4 1.39461E-4 1.38953E-4 1.48258E-4 1.49376E-4 1.4574E-4 1.53974E-4 1.59912E-4 1.6244E-4 1.65238E-4 1.59382E-4 1.64853E-4 1.65406E-4
8.86187E-5 8.74294E-5 8.59301E-5 8.86517E-5 8.59295E-5 8.98733E-5 9.63012E-5 1.01101E-4 9.1278E-5 9.47364E-5 9.91974E-5 1.07481E-4 1.17371E-4 1.14924E-4 1.12388E-4 1.16795E-4 1.18164E-4 1.15368E-4 1.14817E-4 1.15258E-4 1.15723E-4 1.20232E-4 1.20032E-4 1.19153E-4 1.23759E-4 1.21953E-4 1.21903E-4 1.39075E-4 1.23662E-4 1.23584E-4 1.41614E-4 1.31957E-4 1.3692E-4 1.31099E-4 1.31071E-4 1.24789E-4 1.27619E-4 1.27029E-4 1.2213E-4 1.21285E-4 1.27174E-4 1.26772E-4 1.34808E-4 1.30315E-4 1.2779E-4 1.35822E-4 1.35859E-4 1.38868E-4 1.41976E-4 1.40405E-4 1.38935E-4 1.48606E-4 1.46618E-4 1.48768E-4 1.48006E-4 1.58081E-4 1.58103E-4 1.62909E-4 1.59333E-4 1.62729E-4 1.61397E-4
9.20877E-5 9.08396E-5 9.49521E-5 9.43819E-5 9.71975E-5 1.00851E-4 1.02361E-4 9.92952E-5 1.04113E-4 1.01283E-4 1.01267E-4 1.16145E-4 1.11377E-4 1.11974E-4 1.1703E-4 1.13735E-4 1.18208E-4 1.18164E-4 1.15494E-4 1.14942E-4 1.19118E-4 1.19751E-4 1.20409E-4 1.24234E-4 1.42995E-4 1.27019E-4 1.42517E-4 1.41623E-4 1.33624E-4 1.33765E-4 1.34193E-4 1.26652E-4 1.25883E-4 1.29948E-4 1.26358E-4 1.20808E-4 1.20681E-4 1.20477E-4 1.25062E-4 1.26643E-4 1.26058E-4 1.25162E-4 1.25106E-4 1.2885E-4 1.31712E-4 1.30555E-4 1.30688E-4 1.3612E-4 1.37244E-4 1.40693E-4 1.39048E-4 1.49164E-4 1.45544E-4 1.46848E-4 1.52327E-4 1.54511E-4 1.56524E-4 1.56827E-4 1.53571E-4 1.59527E-4 1.59787E-4
9.04823E-5 9.03247E-5 9.02885E-5 9.4515E-5 9.62227E-5 1.00282E-4 1.07107E-4 9.62632E-5 1.04258E-4 1.06745E-4 1.10223E-4 1.14211E-4 1.12426E-4 1.086E-4 1.13004E-4 1.13422E-4 1.18404E-4 1.18186E-4 1.16258E-4 1.16384E-4 1.16362E-4 1.16146E-4 1.31925E-4 1.36892E-4 1.40038E-4 1.42546E-4 1.39465E-4 1.40586E-4 1.32478E-4 1.31453E-4 1.25958E-4 1.26117E-4 1.2678E-4 1.285E-4 1.23735E-4 1.23735E-4 1.24539E-4 1.24201E-4 1.25403E-4 1.26114E-4 1.24823E-4 1.23391E-4 1.26475E-4 1.27006E-4 1.31519E-4 1.2692E-4 1.31355E-4 1.40711E-4 1.3607E-4 1.39522E-4 1.40319E-4 1.49751E-4 1.46091E-4 1.47826E-4 1.66824E-4 1.46926E-4 1.52629E-4 1.57622E-4 1.60082E-4 1.58126E-4 1.64982E-4
9.23765E-5 8.95418E-5 9.2179E-5 9.5366E-5 9.73753E-5 1.01767E-4 1.03006E-4 1.02684E-4 1.00896E-4 1.07077E-4 1.06554E-4 1.11042E-4 1.08603E-4 1.09348E-4 1.14267E-4 1.13297E-4 1.13255E-4 1.19668E-4 1.15238E-4 1.1724E-4 1.30217E-4 1.31228E-4 1.30784E-4 1.33895E-4 1.38456E-4 1.41531E-4 1.38065E-4 1.35698E-4 1.31535E-4 1.35457E-4 1.2543E-4 1.25378E-4 1.25694E-4 1.22195E-4 1.23044E-4 1.22837E-4 1.19735E-4 1.20947E-4 1.21607E-4 1.29222E-4 1.28842E-4 1.28624E-4 1.18822E-4 1.23336E-4 1.21894E-4 1.26662E-4 1.30393E-4 1.33485E-4 1.38219E-4 1.37794E-4 1.44202E-4 1.48619E-4 1.47461E-4 1.46527E-4 1.51808E-4 1.53976E-4 1.79373E-4 1.81686E-4 1.86599E-4 1.83545E-4 1.66277E-4
8.83944E-5 9.14957E-5 8.88698E-5 9.45207E-5 9.1656E-5 1.02776E-4 1.00039E-4 1.04768E-4 1.03968E-4 1.05704E-4 1.05808E-4 1.15493E-4 1.05448E-4 1.04966E-4 1.11293E-4 1.11561E-4 1.14521E-4 1.28313E-4 1.15857E-4 1.33787E-4 1.29186E-4 1.28947E-4 1.28872E-4 1.28847E-4 1.2915E-4 1.3303E-4 1.3087E-4 1.34632E-4 1.31991E-4 1.26168E-4 1.25613E-4 1.2646E-4 1.31217E-4 1.31189E-4 1.22143E-4 1.21937E-4 1.2209E-4 1.2348E-4 1.25182E-4 1.2568E-4 1.23245E-4 1.2319E-4 1.23092E-4 1.2255E-4 1.20653E-4 1.22468E-4 1.3181E-4 1.29505E-4 1.38525E-4 1.43535E-4 1.41557E-4 1.45406E-4 1.50488E-4 1.6987E-4 1.70879E-4 1.73523E-4 1.78583E-4 1.81641E-4 1.85826E-4 1.82027E-4 1.92712E-4
9.33102E-5 9.14789E-5 9.42396E-5 9.40623E-5 9.5653E-5 9.82645E-5 1.03317E-4 1.06175E-4 1.08545E-4 1.06538E-4 1.05569E-4 1.06748E-4 1.12798E-4 1.13887E-4 1.10497E-4 1.26601E-4 1.26905E-4 1.28812E-4 1.31833E-4 1.32172E-4 1.29425E-4 1.29898E-4 1.29302E-4 1.28305E-4 1.28255E-4 1.33939E-4 1.32905E-4 1.31131E-4 1.30145E-4 1.27933E-4 1.27156E-4 1.26917E-4 1.2705E-4 1.27397E-4 1.28227E-4 1.231E-4 1.2359E-4 1.27269E-4 1.28152E-4 1.274E-4 1.24028E-4 1.23664E-4 1.22218E-4 1.23399E-4 1.22676E-4 1.2657E-4 1.29564E-4 1.33872E-4 1.38322E-4 1.38173E-4 1.48304E-4 1.68768E-4 1.75139E-4 1.76189E-4 1.75288E-4 1.75418E-4 1.7529E-4 1.91961E-4 1.82914E-4 1.90068E-4 1.92762E-4
9.73035E-5 9.42429E-5 1.0401E-4 1.04187E-4 9.93079E-5 9.84357E-5 1.12433E-4 1.23951E-4 1.19049E-4 1.00494E-4 1.03793E-4 1.18646E-4 1.24799E-4 1.23969E-4 1.19817E-4 1.19131E-4 1.23375E-4 1.2878E-4 1.3147E-4 1.28568E-4 1.28899E-4 1.24649E-4 1.30114E-4 1.24993E-4 1.29131E-4 1.27946E-4 1.298E-4 1.2791E-4 1.25398E-4 1.2569E-4 1.23487E-4 1.22378E-4 1.28998E-4 1.28943E-4 1.28537E-4 1.28509E-4 1.23417E-4 1.28294E-4 1.27241E-4 1.27588E-4 1.2593E-4 1.24561E-4 1.2888E-4 1.27561E-4 1.25912E-4 1.24778E-4 1.34662E-4 1.32892E-4 1.31145E-4 1.39868E-4 1.45047E-4 1.46537E-4 1.5832E-4 1.76147E-4 1.74516E-4 1.7392E-4 1.81471E-4 1.8643E-4 1.87892E-4 1.83511E-4 1.90607E-4
1.18586E-4 1.12783E-4 1.31789E-4 1.25957E-4 1.18492E-4 1.07735E-4 1.1574E-4 1.1984E-4 1.25169E-4 1.26057E-4 1.25618E-4 1.24495E-4 1.23005E-4 1.27914E-4 1.20637E-4 1.21286E-4 1.27214E-4 1.31472E-4 1.28973E-4 1.30115E-4 1.28835E-4 1.27522E-4 1.27263E-4 1.28588E-4 1.26623E-4 1.25094E-4 1.2567E-4 1.25251E-4 1.20495E-4 1.21705E-4 1.20967E-4 1.26738E-4 1.2808E-4 1.2765E-4 1.27999E-4 1.26205E-4 1.27455E-4 1.22333E-4 1.24611E-4 1.25219E-4 1.25661E-4 1.23937E-4 1.2321E-4 1.23518E-4 1.2292E-4 1.21331E-4 1.24476E-4 1.31012E-4 1.35139E-4 1.45158E-4 1.50159E-4 1.52337E-4 1.8127E-4 1.82313E-4 1.80404E-4 1.7799E-4 1.86929E-4 1.88953E-4 1.83922E-4 1.85757E-4 1.84573E-4
1.18336E-4 1.06366E-4 1.15658E-4 1.04988E-4 1.0828E-4 1.09169E-4 1.1963E-4 1.19578E-4 1.1687E-4 1.2451E-4 1.23454E-4 1.27701E-4 1.15752E-4 1.34904E-4 1.3245E-4 1.25498E-4 1.27943E-4 1.2613E-4 1.24861E-4 1.29363E-4 1.32029E-4 1.25461E-4 1.25476E-4 1.25775E-4 1.31468E-4 1.24592E-4 1.25695E-4 1.23836E-4 1.24372E-4 1.23776E-4 1.25043E-4 1.2515E-4 1.21617E-4 1.29968E-4 1.29941E-4 1.31201E-4 1.31559E-4 1.2509E-4 1.27448E-4 1.26031E-4 1.28595E-4 1.28189E-4 1.24092E-4 1.23518E-4 1.26748E-4 1.2362E-4 1.22534E-4 1.51633E-4 1.37396E-4 1.65034E-4 1.63788E-4 1.71917E-4 1.72556E-4 1.76725E-4 1.8107E-4 1.8631E-4 1.98294E-4 1.87364E-4 1.86172E-4 1.82648E-4 1.73948E-4
1.2494E-4 1.23179E-4 1.16168E-4 1.1727E-4 1.20133E-4 1.28758E-4 1.5265E-4 1.36003E-4 1.46296E-4 1.54027E-4 1.45887E-4 1.40304E-4 1.28391E-4 1.15255E-4 1.17559E-4 1.4279E-4 1.56636E-4 1.5123E-4 1.27256E-4 1.41992E-4 1.3908E-4 1.26474E-4 1.19512E-4 1.26415E-4 1.26749E-4 1.30164E-4 1.25793E-4 1.28108E-4 1.22741E-4 1.29284E-4 1.21698E-4 1.24497E-4 1.21142E-4 1.28072E-4 1.25426E-4 1.31394E-4 1.32112E-4 1.28683E-4 1.28332E-4 1.2605E-4 1.29793E-4 1.26022E-4 1.23819E-4 1.27414E-4 1.25398E-4 1.24269E-4 1.29132E-4 1.34252E-4 1.53227E-4 1.65034E-4 1.63307E-4 1.734E-4 1.72303E-4 1.69539E-4 1.77902E-4 1.73159E-4 1.84243E-4 1.86312E-4 1.8463E-4 1.80603E-4 1.66733E-4
1.31954E-4 1.28527E-4 1.16478E-4 1.41457E-4 1.25767E-4 1.4382E-4 1.46744E-4 1.41006E-4 1.46511E-4 1.44041E-4 1.34483E-4 1.29367E-4 1.4651E-4 1.39893E-4 1.44696E-4 1.26818E-4 1.33347E-4 1.40487E-4 1.16193E-4 1.28199E-4 1.1796E-4 1.26819E-4 1.29055E-4 1.35525E-4 1.32582E-4 1.28335E-4 1.32278E-4 1.24362E-4 1.24986E-4 1.21544E-4 1.22419E-4 1.30736E-4 1.42293E-4 1.28736E-4 1.27154E-4 1.2686E-4 1.29985E-4 1.27634E-4 1.25735E-4 1.25154E-4 1.24238E-4 1.22966E-4 1.27271E-4 1.27761E-4 1.25463E-4 1.22859E-4 1.2701E-4 1.31882E-4 1.54096E-4 1.65034E-4 1.6351E-4 1.66888E-4 1.7209E-4 1.80939E-4 1.73284E-4 1.81521E-4 1.88702E-4 1.82312E-4 1.76262E-4 1.64851E-4 1.672E-4
1.1481E-4 1.16618E-4 1.20529E-4 1.30647E-4 1.34297E-4 1.37229E-4 1.38249E-4 1.25445E-4 1.35966E-4 1.25669E-4 1.06025E-4 1.23223E-4 1.32096E-4 1.44376E-4 1.29717E-4 9.45963E-5 1.30018E-4 1.3784E-4 1.50351E-4 1.27022E-4 1.4267E-4 1.25092E-4 1.58539E-4 1.4981E-4 1.3775E-4 1.21262E-4 1.31368E-4 1.30695E-4 1.30606E-4 1.20043E-4 1.32357E-4 1.67334E-4 1.58506E-4 1.2518E-4 1.27517E-4 1.26397E-4 1.27766E-4 1.29468E-4 1.24292E-4 1.28049E-4 1.26208E-4 1.26366E-4 1.27129E-4 1.23531E-4 1.2018E-4 1.40255E-4 1.23502E-4 1.31465E-4 1.53453E-4 1.5852E-4 1.64512E-4 1.66643E-4 1.74085E-4 1.72897E-4 1.7847E-4 1.84164E-4 1.81611E-4 1.79707E-4 1.77085E-4 1.72383E-4 1.69742E-4
1.04473E-4 1.05142E-4 9.8826E-5 9.90895E-5 1.09486E-4 1.27457E-4 1.1711E-4 1.1651E-4 1.20137E-4 1.06661E-4 1.06836E-4 1.18845E-4 1.03258E-4 9.84598E-5 1.00332E-4 1.09637E-4 1.1273E-4 1.32039E-4 1.41074E-4 1.15861E-4 1.42349E-4 1.25257E-4 1.27412E-4 1.05414E-4 1.19782E-4 1.3065E-4 1.53563E-4 1.42753E-4 1.31325E-4 1.34684E-4 1.81637E-4 1.46818E-4 1.18342E-4 1.13556E-4 1.22887E-4 1.29767E-4 1.37269E-4 1.21838E-4 1.18273E-4 1.21098E-4 1.27673E-4 1.24549E-4 1.22939E-4 1.20534E-4 1.22371E-4 1.40668E-4 1.23683E-4 1.57172E-4 1.59491E-4 1.58323E-4 1.64923E-4 1.64725E-4 1.71249E-4 1.67705E-4 1.84298E-4 1.87481E-4 1.86291E-4 1.79488E-4 1.68279E-4 1.69645E-4 1.74588E-4
1.0506E-4 1.04571E-4 1.07172E-4 1.12307E-4 1.09712E-4 1.19976E-4 1.17041E-4 1.15751E-4 1.09882E-4 1.16716E-4 1.17368E-4 1.1751E-4 1.02373E-4 1.06773E-4 1.27936E-4 1.29642E-4 9.95694E-5 1.17988E-4 1.35838E-4 1.2202E-4 1.37777E-4 1.3079E-4 1.2644E-4 1.35553E-4 1.34672E-4 1.48709E-4 1.68511E-4 1.7384E-4 1.49817E-4 1.44861E-4 1.83448E-4 1.2687E-4 1.15524E-4 1.12825E-4 1.27011E-4 1.37491E-4 1.26045E-4 1.22897E-4 1.25622E-4 1.179E-4 1.19595E-4 1.19367E-4 1.26869E-4 1.24754E-4 1.41083E-4 1.42899E-4 1.41491E-4 1.55155E-4 1.50025E-4 1.50738E-4 1.66101E-4 1.64521E-4 1.67993E-4 1.63755E-4 1.75682E-4 1.8831E-4 1.85789E-4 1.69602E-4 1.7119E-4 1.70603E-4 1.71482E-4
