Artocarpus hirsutus SDM files/Last interglacial/results (without bias file)/Arthir_9.asc
ncols         625
nrows         721
xllcorner     69.99986311115
yllcorner     5.99986151914999
cellsize      0.041666667
NODATA_value  -9999
[rows 567 to 593 of 721, columns 122 to 182 of 625]
7.60047E-1 7.60159E-1 8.02489E-1 9.09697E-1 8.6533E-1 9.23624E-1 8.61373E-1 9.64353E-1 9.74998E-1 9.88103E-1 9.58056E-1 8.86756E-1 9.54508E-1 8.44394E-1 5.68479E-1 5.45745E-1 5.14321E-1 3.51379E-1 2.09953E-1 1.61814E-1 1.53429E-1 1.48456E-1 1.36692E-1 1.18144E-1 9.51578E-2 9.52317E-2 8.94358E-2 6.89273E-2 4.59089E-2 4.13339E-2 2.93346E-2 2.25393E-2 1.52704E-2 1.40971E-2 1.41328E-2 1.002E-2 7.36644E-3 7.76001E-3 7.44483E-3 9.40082E-3 6.98275E-3 9.17392E-3 1.09502E-2 6.80125E-3 5.5068E-3 5.08137E-3 4.04568E-3 4.1319E-3 4.33096E-3 5.80698E-3 4.26191E-3 5.55352E-3 7.49454E-3 6.59307E-3 7.29145E-3 3.82308E-3 3.39408E-3 5.03971E-3 4.41233E-3 5.94169E-3 3.45385E-3
7.38615E-1 7.7022E-1 8.72177E-1 7.86108E-1 7.7285E-1 7.41459E-1 8.4797E-1 9.60047E-1 8.44074E-1 9.37242E-1 9.94542E-1 8.99691E-1 7.97908E-1 6.60218E-1 4.90208E-1 4.55878E-1 4.91022E-1 5.35148E-1 3.09254E-1 1.59295E-1 2.04936E-1 1.92075E-1 1.28421E-1 1.00761E-1 8.43249E-2 7.62743E-2 9.65889E-2 8.281E-2 6.59517E-2 5.74433E-2 3.86218E-2 3.11151E-2 2.85577E-2 2.49535E-2 2.51197E-2 1.1786E-2 8.78978E-3 7.58646E-3 9.09534E-3 6.69658E-3 5.64398E-3 6.29101E-3 1.00032E-2 8.32638E-3 7.61278E-3 5.89765E-3 4.16387E-3 4.33461E-3 5.9415E-3 4.99305E-3 4.14523E-3 7.32212E-3 1.21232E-2 9.33116E-3 9.37784E-3 7.42694E-3 2.65305E-3 4.69918E-3 4.04937E-3 5.1066E-3 5.69883E-3
6.00814E-1 7.19425E-1 7.15914E-1 8.19456E-1 7.71143E-1 8.06911E-1 8.37052E-1 7.78969E-1 7.38583E-1 9.0908E-1 9.90724E-1 9.94222E-1 8.23352E-1 6.77774E-1 5.48964E-1 5.8177E-1 4.00504E-1 3.24302E-1 2.5783E-1 2.05187E-1 2.07787E-1 1.95431E-1 1.58268E-1 1.11158E-1 9.88362E-2 7.52268E-2 8.46662E-2 8.86381E-2 6.77051E-2 6.54168E-2 4.80317E-2 4.70172E-2 3.94566E-2 3.07838E-2 1.58952E-2 1.27887E-2 1.14032E-2 1.09481E-2 1.26985E-2 1.03065E-2 6.96214E-3 5.55472E-3 6.80445E-3 8.32093E-3 9.4318E-3 7.17545E-3 5.55168E-3 6.11291E-3 5.94673E-3 5.54712E-3 3.08238E-3 2.5766E-3 3.11571E-3 5.02668E-3 9.73618E-3 6.60124E-3 2.89196E-3 4.44379E-3 3.82195E-3 7.62862E-3 6.96797E-3
5.72395E-1 6.19787E-1 7.14833E-1 7.06712E-1 7.82052E-1 8.14559E-1 7.47882E-1 8.58484E-1 9.80346E-1 9.00427E-1 9.35306E-1 9.83692E-1 9.47352E-1 7.01057E-1 5.24185E-1 4.38367E-1 4.04053E-1 3.84893E-1 3.97662E-1 4.10091E-1 2.09869E-1 1.47918E-1 1.86946E-1 1.26561E-1 1.04975E-1 8.88257E-2 7.5672E-2 7.95078E-2 7.5535E-2 7.39003E-2 6.78198E-2 4.76897E-2 4.87978E-2 4.44348E-2 2.53292E-2 1.20825E-2 1.20858E-2 1.34418E-2 1.72972E-2 1.01705E-2 9.22136E-3 8.1194E-3 7.20102E-3 9.76945E-3 9.09684E-3 7.52075E-3 6.47253E-3 8.24076E-3 6.23612E-3 6.33464E-3 5.70247E-3 8.27712E-3 3.06002E-3 3.49844E-3 3.36617E-3 4.17633E-3 2.58208E-3 4.32424E-3 7.75386E-3 8.26344E-3 4.30374E-3
5.71436E-1 5.75762E-1 7.21331E-1 8.42506E-1 7.77274E-1 8.6903E-1 8.36729E-1 9.08133E-1 8.54977E-1 8.40395E-1 8.42412E-1 9.8732E-1 9.94663E-1 9.0028E-1 6.85032E-1 4.56238E-1 3.7775E-1 5.37307E-1 4.59696E-1 3.56316E-1 2.48393E-1 1.59754E-1 1.47817E-1 1.42157E-1 1.22739E-1 9.15072E-2 8.54518E-2 8.13239E-2 8.29942E-2 7.2624E-2 5.36837E-2 5.04913E-2 5.60897E-2 4.82685E-2 5.10738E-2 1.91957E-2 1.36822E-2 1.40245E-2 1.43689E-2 1.27146E-2 1.33481E-2 8.51E-3 9.00607E-3 6.46947E-3 8.12247E-3 7.74745E-3 7.7376E-3 8.17743E-3 6.06698E-3 5.61694E-3 1.00793E-2 1.00246E-2 3.30156E-3 6.65545E-3 5.63734E-3 5.7079E-3 2.55335E-3 2.61075E-3 6.48917E-3 4.99066E-3 3.75369E-3
5.49943E-1 5.74111E-1 6.80313E-1 7.15022E-1 7.4458E-1 7.07218E-1 8.02179E-1 7.11249E-1 6.67086E-1 8.64424E-1 9.78697E-1 9.87128E-1 9.25798E-1 8.31329E-1 9.47178E-1 6.07491E-1 4.41259E-1 4.29992E-1 3.53322E-1 2.70349E-1 3.00057E-1 1.96294E-1 1.58001E-1 1.63266E-1 1.26841E-1 9.91999E-2 1.04953E-1 1.04594E-1 7.91077E-2 7.88124E-2 7.71815E-2 5.26173E-2 5.9202E-2 5.48857E-2 5.47748E-2 3.35029E-2 2.46616E-2 1.47638E-2 1.6385E-2 1.656E-2 1.22673E-2 9.87045E-3 1.31241E-2 1.14298E-2 7.3955E-3 7.69174E-3 7.62929E-3 7.35461E-3 5.29081E-3 5.94702E-3 9.98064E-3 7.99257E-3 6.48625E-3 6.53743E-3 8.29403E-3 5.62829E-3 2.86146E-3 2.78485E-3 3.30954E-3 3.30292E-3 4.0836E-3
-9999 5.64518E-1 5.54305E-1 7.08432E-1 6.86753E-1 6.89545E-1 8.31557E-1 7.42779E-1 7.02678E-1 8.4946E-1 9.64674E-1 8.80008E-1 9.04102E-1 6.60496E-1 8.76565E-1 7.15097E-1 7.72739E-1 6.56509E-1 3.49731E-1 3.83611E-1 3.52934E-1 2.91329E-1 1.9304E-1 1.50247E-1 1.51943E-1 1.41771E-1 1.23536E-1 8.98282E-2 8.31309E-2 7.3989E-2 8.08262E-2 5.88103E-2 5.67354E-2 6.24312E-2 5.80446E-2 4.2381E-2 2.91749E-2 2.06884E-2 1.89584E-2 1.2827E-2 1.57201E-2 1.31644E-2 1.40973E-2 1.24973E-2 8.02644E-3 7.30784E-3 8.30542E-3 4.91335E-3 6.2512E-3 6.92542E-3 7.39571E-3 6.25638E-3 8.30939E-3 5.55749E-3 5.2056E-3 5.23572E-3 3.4208E-3 5.21912E-3 3.63945E-3 4.73804E-3 9.40603E-3
-9999 5.60718E-1 5.6433E-1 5.57111E-1 6.70758E-1 8.42635E-1 7.71766E-1 7.94839E-1 8.20991E-1 7.78406E-1 8.74581E-1 5.85093E-1 8.22753E-1 7.15079E-1 7.75186E-1 5.46741E-1 6.07558E-1 6.41982E-1 6.32843E-1 3.70885E-1 4.12337E-1 3.63985E-1 2.75466E-1 1.98367E-1 2.06083E-1 1.56823E-1 1.31099E-1 1.02882E-1 9.1944E-2 7.49225E-2 5.69241E-2 7.82559E-2 6.32133E-2 5.99437E-2 5.62639E-2 5.03603E-2 4.65842E-2 2.81431E-2 1.99443E-2 2.25789E-2 1.22969E-2 1.45461E-2 1.641E-2 1.34657E-2 7.62449E-3 7.86515E-3 7.55165E-3 5.93525E-3 9.38795E-3 8.3124E-3 9.74379E-3 6.27145E-3 5.6709E-3 5.62673E-3 5.57028E-3 4.88589E-3 4.25154E-3 4.15571E-3 4.93216E-3 9.32659E-3 1.10279E-2
-9999 5.55223E-1 6.09944E-1 5.38883E-1 5.87161E-1 6.63453E-1 6.58662E-1 7.68039E-1 7.61834E-1 8.24798E-1 7.34257E-1 6.89546E-1 8.43082E-1 7.26423E-1 7.49285E-1 5.34395E-1 7.57242E-1 8.07426E-1 6.45161E-1 4.87088E-1 5.0846E-1 4.01297E-1 3.43339E-1 3.4622E-1 2.02086E-1 1.52204E-1 1.30056E-1 1.15839E-1 9.78524E-2 9.00372E-2 9.5635E-2 5.77889E-2 7.21592E-2 6.10191E-2 6.1677E-2 5.90129E-2 4.39648E-2 2.9424E-2 2.30444E-2 1.67011E-2 1.6696E-2 1.61038E-2 1.85827E-2 1.46887E-2 8.20922E-3 8.72086E-3 7.16642E-3 5.93738E-3 6.66881E-3 9.34169E-3 1.18934E-2 6.66437E-3 4.49347E-3 5.74583E-3 6.68389E-3 5.13858E-3 5.64316E-3 2.80032E-3 4.91757E-3 9.65207E-3 6.42449E-3
-9999 -9999 6.64403E-1 5.20856E-1 4.95124E-1 6.12759E-1 6.77077E-1 6.28527E-1 6.80733E-1 6.802E-1 8.19206E-1 8.42633E-1 8.65156E-1 6.17173E-1 6.65373E-1 6.12227E-1 7.95047E-1 8.97193E-1 7.60306E-1 6.05691E-1 4.97098E-1 4.25434E-1 3.91224E-1 3.67956E-1 2.09358E-1 1.73423E-1 1.47419E-1 1.24099E-1 1.18355E-1 1.0062E-1 7.73284E-2 6.0546E-2 8.54043E-2 7.12603E-2 6.01852E-2 7.48831E-2 6.96414E-2 4.0117E-2 2.97926E-2 2.20581E-2 2.16398E-2 1.92282E-2 2.1753E-2 1.46776E-2 1.29536E-2 8.63629E-3 7.18486E-3 6.94964E-3 9.42496E-3 1.21716E-2 1.22503E-2 8.16079E-3 5.01035E-3 6.31495E-3 4.22987E-3 5.60244E-3 5.0758E-3 2.50015E-3 6.69293E-3 1.43176E-2 1.00566E-2
-9999 -9999 5.7517E-1 -9999 5.26805E-1 6.47737E-1 5.38658E-1 6.25247E-1 6.2883E-1 6.62849E-1 7.57384E-1 7.32246E-1 7.27503E-1 7.87017E-1 7.0252E-1 6.51718E-1 6.8097E-1 6.91844E-1 7.86442E-1 8.25607E-1 7.14218E-1 5.84378E-1 3.57808E-1 4.54801E-1 2.38383E-1 1.94621E-1 1.65849E-1 1.42758E-1 1.14874E-1 1.10434E-1 1.04058E-1 1.02011E-1 9.0262E-2 6.70386E-2 6.30463E-2 7.86432E-2 9.15777E-2 6.59895E-2 3.38099E-2 2.67224E-2 2.85036E-2 1.77095E-2 2.25334E-2 2.08128E-2 1.52165E-2 9.02797E-3 7.12008E-3 7.14457E-3 9.5747E-3 1.933E-2 1.2025E-2 1.23407E-2 4.37548E-3 5.11405E-3 4.32285E-3 5.38433E-3 4.35792E-3 2.3704E-3 8.71755E-3 1.28745E-2 3.26532E-3
-9999 -9999 -9999 -9999 5.41835E-1 5.44128E-1 6.36008E-1 6.16066E-1 6.02098E-1 8.06356E-1 7.9167E-1 7.45686E-1 7.41346E-1 8.23127E-1 8.45685E-1 7.02761E-1 6.69553E-1 7.3111E-1 7.44496E-1 7.68888E-1 8.4175E-1 6.81148E-1 4.83295E-1 2.53846E-1 2.59068E-1 2.26167E-1 1.71196E-1 1.61453E-1 1.31078E-1 1.26708E-1 1.55046E-1 1.01364E-1 1.17079E-1 8.59831E-2 7.46073E-2 7.88435E-2 1.03874E-1 7.26583E-2 3.79641E-2 3.68436E-2 3.84512E-2 2.96284E-2 2.25509E-2 1.81098E-2 1.2286E-2 9.80527E-3 8.74025E-3 7.86666E-3 9.66317E-3 1.54682E-2 1.62303E-2 1.15872E-2 5.66259E-3 4.54754E-3 3.87156E-3 3.83176E-3 8.62494E-3 2.08098E-3 5.03361E-3 8.50642E-3 2.37757E-3
-9999 -9999 -9999 -9999 -9999 5.73736E-1 6.75468E-1 6.3899E-1 6.7196E-1 6.6003E-1 7.30953E-1 7.03261E-1 7.89766E-1 8.04971E-1 8.27313E-1 7.21016E-1 7.22079E-1 6.72698E-1 7.28208E-1 7.65432E-1 8.34514E-1 6.87072E-1 4.46396E-1 2.76662E-1 3.73573E-1 3.54003E-1 1.92378E-1 1.91972E-1 1.92573E-1 1.72026E-1 1.74631E-1 1.6158E-1 1.23635E-1 1.42337E-1 9.30963E-2 1.18863E-1 1.00789E-1 7.57333E-2 4.19286E-2 4.55175E-2 4.48106E-2 3.20824E-2 2.50022E-2 2.15732E-2 1.33368E-2 8.78947E-3 8.70881E-3 9.20932E-3 1.27275E-2 1.47035E-2 2.81069E-2 7.26102E-3 6.02626E-3 6.91994E-3 3.78831E-3 5.49755E-3 5.70816E-3 2.42718E-3 6.75958E-3 1.11059E-2 2.273E-3
-9999 -9999 -9999 -9999 -9999 -9999 5.53126E-1 6.68184E-1 6.70477E-1 5.86347E-1 6.09716E-1 7.95091E-1 8.24441E-1 7.465E-1 7.48728E-1 7.33126E-1 9.07989E-1 9.70405E-1 8.308E-1 6.6116E-1 7.59503E-1 7.26546E-1 6.62583E-1 4.43043E-1 3.58532E-1 3.46288E-1 3.28603E-1 2.2443E-1 2.9162E-1 2.03778E-1 2.01159E-1 1.82784E-1 1.35275E-1 1.60633E-1 1.50768E-1 1.35941E-1 8.87965E-2 8.28093E-2 4.96065E-2 4.64725E-2 5.23342E-2 5.5869E-2 3.10457E-2 2.39445E-2 1.70438E-2 1.06232E-2 8.31308E-3 1.10392E-2 1.44048E-2 1.6577E-2 3.17535E-2 7.25497E-3 7.40527E-3 4.96033E-3 6.66739E-3 5.73338E-3 4.88334E-3 2.44023E-3 8.78892E-3 1.33216E-2 3.30463E-3
-9999 -9999 -9999 -9999 -9999 -9999 -9999 5.52494E-1 6.68669E-1 5.99683E-1 6.55586E-1 7.64861E-1 8.40373E-1 8.34936E-1 9.31613E-1 9.53338E-1 9.43614E-1 9.66315E-1 8.52671E-1 7.88783E-1 7.04451E-1 5.90681E-1 6.25909E-1 5.04042E-1 4.78298E-1 4.72952E-1 3.38333E-1 2.53578E-1 3.32092E-1 2.96576E-1 2.54908E-1 1.65068E-1 1.31993E-1 1.82859E-1 2.29371E-1 1.31695E-1 9.85476E-2 9.51903E-2 7.55955E-2 5.19057E-2 6.16525E-2 6.77807E-2 3.32586E-2 2.59384E-2 2.78745E-2 1.15591E-2 9.31156E-3 9.28041E-3 1.33671E-2 1.94442E-2 2.93686E-2 9.95919E-3 7.02207E-3 4.24185E-3 4.77576E-3 4.5922E-3 2.34815E-3 7.4136E-3 7.90439E-3 1.39023E-2 4.45416E-3
-9999 -9999 -9999 -9999 -9999 -9999 -9999 -9999 6.47615E-1 6.63752E-1 6.70858E-1 6.66746E-1 6.92868E-1 7.44252E-1 7.91496E-1 6.90395E-1 7.16486E-1 8.51798E-1 9.49157E-1 8.38942E-1 7.24825E-1 7.33336E-1 6.49246E-1 5.42057E-1 5.89267E-1 4.81993E-1 5.39492E-1 3.2702E-1 4.02285E-1 3.77688E-1 2.41003E-1 1.8766E-1 1.67904E-1 1.97234E-1 1.6887E-1 1.32187E-1 1.07457E-1 9.27391E-2 8.00114E-2 6.91654E-2 8.54574E-2 7.25262E-2 3.70057E-2 4.05015E-2 2.77106E-2 1.79978E-2 1.3621E-2 1.20585E-2 1.17587E-2 2.69737E-2 3.25255E-2 8.17329E-3 6.48759E-3 6.84131E-3 9.61065E-3 5.21306E-3 3.26315E-3 9.31832E-3 1.60223E-2 1.19044E-2 1.04527E-2
-9999 -9999 -9999 -9999 -9999 -9999 -9999 -9999 -9999 6.73765E-1 7.17665E-1 7.15395E-1 6.51069E-1 7.73172E-1 7.45863E-1 7.57456E-1 9.71654E-1 8.99142E-1 9.43746E-1 9.74193E-1 7.65902E-1 6.94713E-1 6.22082E-1 5.84189E-1 5.67081E-1 4.63873E-1 4.38594E-1 4.64398E-1 4.6247E-1 3.57371E-1 2.8613E-1 2.13708E-1 1.92747E-1 2.25132E-1 1.69454E-1 1.94366E-1 1.37103E-1 9.06078E-2 8.62548E-2 8.67706E-2 9.23518E-2 7.80162E-2 7.33985E-2 6.87369E-2 2.85807E-2 2.43109E-2 1.9892E-2 1.88786E-2 1.75231E-2 2.59683E-2 3.44684E-2 1.56932E-2 7.79577E-3 6.87736E-3 6.08383E-3 3.57145E-3 5.59971E-3 1.23898E-2 1.76092E-2 6.60108E-3 6.31408E-3
-9999 -9999 -9999 -9999 -9999 -9999 -9999 -9999 -9999 -9999 7.05903E-1 7.22282E-1 6.69824E-1 6.83885E-1 7.86845E-1 7.29315E-1 8.15929E-1 8.3859E-1 9.74801E-1 9.95546E-1 7.81061E-1 6.6106E-1 6.61075E-1 6.9661E-1 5.89961E-1 4.76945E-1 4.68855E-1 4.71016E-1 6.01585E-1 3.81144E-1 2.95382E-1 2.45321E-1 2.60304E-1 2.50439E-1 2.56881E-1 2.0876E-1 1.91369E-1 1.30812E-1 1.23392E-1 1.01254E-1 7.42577E-2 8.71857E-2 1.0693E-1 4.40628E-2 3.42137E-2 3.60521E-2 1.68501E-2 2.76887E-2 2.93626E-2 1.68508E-2 4.11397E-2 9.25258E-3 7.51857E-3 7.031E-3 4.18924E-3 7.53807E-3 8.3944E-3 1.60725E-2 1.77937E-2 3.50072E-3 3.40326E-3
-9999 -9999 -9999 -9999 -9999 -9999 -9999 -9999 -9999 -9999 -9999 6.54064E-1 7.19736E-1 7.35528E-1 7.96045E-1 7.34036E-1 7.86923E-1 7.06771E-1 9.03009E-1 9.64208E-1 8.66944E-1 8.08295E-1 6.46813E-1 7.34955E-1 7.1531E-1 4.86854E-1 5.13819E-1 5.86682E-1 5.21665E-1 4.87334E-1 3.45821E-1 3.35247E-1 3.11835E-1 3.04429E-1 2.53757E-1 2.35558E-1 1.92258E-1 1.69448E-1 1.42256E-1 1.28402E-1 9.04129E-2 1.17593E-1 1.32309E-1 8.61256E-2 6.30077E-2 4.34414E-2 2.86698E-2 4.53079E-2 3.94863E-2 2.31011E-2 4.288E-2 1.17648E-2 7.47341E-3 6.92422E-3 9.95012E-3 8.10052E-3 1.30677E-2 2.10115E-2 6.83972E-3 3.75263E-3 2.68454E-3
-9999 -9999 -9999 -9999 -9999 -9999 -9999 -9999 -9999 -9999 -9999 7.46136E-1 7.77691E-1 7.27322E-1 6.65847E-1 7.58287E-1 7.18982E-1 7.28848E-1 8.66265E-1 9.57292E-1 9.42222E-1 9.72002E-1 6.68589E-1 6.79406E-1 8.93769E-1 4.95436E-1 4.80115E-1 7.31432E-1 6.29716E-1 4.82331E-1 4.01575E-1 3.67414E-1 3.67572E-1 3.46278E-1 2.59678E-1 2.18891E-1 1.39198E-1 1.4262E-1 1.43701E-1 8.48618E-2 9.77138E-2 8.67367E-2 7.4302E-2 1.13839E-1 5.21567E-2 5.46865E-2 4.76435E-2 6.22138E-2 5.08067E-2 1.94833E-2 8.29752E-3 1.61702E-2 2.80981E-2 1.11983E-2 1.40172E-2 7.4027E-3 1.38714E-2 1.0827E-2 4.75648E-3 3.447E-3 4.61923E-3
-9999 -9999 -9999 -9999 -9999 -9999 -9999 -9999 -9999 -9999 -9999 7.36183E-1 7.59336E-1 7.5724E-1 7.91818E-1 6.93301E-1 7.65648E-1 7.51989E-1 6.90585E-1 9.05616E-1 9.81746E-1 9.7947E-1 7.13305E-1 8.31298E-1 8.3061E-1 7.64472E-1 5.70577E-1 6.75704E-1 5.31664E-1 5.73847E-1 5.38258E-1 4.36248E-1 4.02308E-1 2.18199E-1 2.33502E-1 2.22615E-1 1.89396E-1 1.61815E-1 1.50327E-1 1.46529E-1 1.34448E-1 8.23048E-2 7.607E-2 5.00986E-2 4.38928E-2 3.55287E-2 4.31338E-2 5.55374E-2 5.15612E-2 9.36962E-3 7.41778E-3 1.30623E-2 2.30517E-2 1.24024E-2 1.37766E-2 1.28205E-2 4.22184E-3 5.03154E-3 3.92758E-3 5.75126E-3 5.34042E-3
-9999 -9999 -9999 -9999 -9999 -9999 -9999 -9999 -9999 -9999 -9999 -9999 6.49459E-1 7.3123E-1 7.61624E-1 8.17698E-1 6.51418E-1 8.07952E-1 9.38285E-1 7.55671E-1 9.73305E-1 8.37331E-1 8.24468E-1 9.77835E-1 9.47735E-1 6.60574E-1 4.60105E-1 3.92477E-1 6.95784E-1 7.27685E-1 4.94754E-1 5.3286E-1 3.27483E-1 2.65228E-1 2.07787E-1 3.20241E-1 3.53991E-1 2.48903E-1 1.44994E-1 1.37378E-1 1.83268E-1 1.32138E-1 1.06839E-1 1.61153E-1 1.0429E-1 4.60445E-2 3.37814E-2 3.63245E-2 4.27594E-2 2.35821E-2 1.24674E-2 8.12994E-3 1.0625E-2 7.63168E-3 8.34281E-3 8.05967E-3 5.80659E-3 4.47848E-3 4.51018E-3 5.75753E-3 5.32692E-3
-9999 -9999 -9999 -9999 -9999 -9999 -9999 -9999 -9999 -9999 -9999 -9999 7.52546E-1 7.54198E-1 7.32092E-1 6.69309E-1 7.75347E-1 7.17856E-1 7.61767E-1 6.20664E-1 8.83364E-1 4.44678E-1 6.30434E-1 9.42225E-1 9.90521E-1 8.74619E-1 6.02502E-1 3.0614E-1 5.10469E-1 5.12014E-1 7.23643E-1 4.47424E-1 3.08482E-1 3.62189E-1 4.29747E-1 4.18322E-1 4.06221E-1 3.38777E-1 2.53017E-1 2.10299E-1 2.55593E-1 1.99617E-1 2.18957E-1 2.1618E-1 1.39626E-1 7.85153E-2 5.00004E-2 2.50719E-2 2.33171E-2 2.29944E-2 1.54804E-2 1.29297E-2 1.12709E-2 7.6533E-3 7.28629E-3 7.25809E-3 6.78993E-3 5.73353E-3 5.1324E-3 4.67056E-3 4.05924E-3
-9999 -9999 -9999 -9999 -9999 -9999 -9999 -9999 -9999 -9999 -9999 -9999 -9999 6.45482E-1 7.33734E-1 7.03092E-1 8.45334E-1 8.24498E-1 7.56182E-1 7.04935E-1 8.13554E-1 5.73038E-1 6.32617E-1 7.86702E-1 9.65565E-1 9.75238E-1 5.0229E-1 3.27921E-1 2.73359E-1 3.67623E-1 4.59621E-1 4.72E-1 4.69121E-1 5.47128E-1 4.50051E-1 5.79558E-1 3.40019E-1 3.62962E-1 3.87061E-1 2.86095E-1 2.32703E-1 2.23754E-1 2.51893E-1 1.94372E-1 1.71441E-1 1.12614E-1 5.9043E-2 2.47049E-2 2.69716E-2 2.56535E-2 1.84294E-2 1.27844E-2 1.0098E-2 8.2557E-3 7.41643E-3 7.13841E-3 6.76395E-3 7.36215E-3 5.4392E-3 4.70021E-3 5.19234E-3
-9999 -9999 -9999 -9999 -9999 -9999 -9999 -9999 -9999 -9999 -9999 -9999 -9999 -9999 7.23923E-1 7.18092E-1 7.19944E-1 8.3587E-1 8.00217E-1 7.40477E-1 6.6758E-1 6.56315E-1 5.96544E-1 8.03502E-1 9.81872E-1 9.30673E-1 5.62521E-1 3.67189E-1 3.42412E-1 3.17267E-1 4.02878E-1 3.54598E-1 6.74926E-1 6.52098E-1 6.49483E-1 3.99229E-1 4.48432E-1 3.99633E-1 4.0668E-1 4.8194E-1 3.86601E-1 2.98577E-1 2.60191E-1 2.31139E-1 1.36E-1 6.7409E-2 4.25266E-2 3.64612E-2 3.73729E-2 2.88608E-2 1.49258E-2 1.26741E-2 1.03118E-2 7.94518E-3 8.47961E-3 8.53754E-3 7.62741E-3 6.93536E-3 5.09629E-3 5.51195E-3 5.55544E-3
-9999 -9999 -9999 -9999 -9999 -9999 -9999 -9999 -9999 -9999 -9999 -9999 -9999 -9999 -9999 7.20354E-1 7.1037E-1 7.02393E-1 7.10288E-1 7.47285E-1 6.62299E-1 6.49351E-1 5.84427E-1 7.41205E-1 9.04322E-1 7.88211E-1 4.86958E-1 3.66268E-1 3.65706E-1 2.94334E-1 2.75635E-1 4.62876E-1 5.21336E-1 4.89537E-1 6.12665E-1 6.49206E-1 3.92565E-1 4.22126E-1 4.64024E-1 4.20059E-1 3.93073E-1 3.05995E-1 2.15149E-1 1.62656E-1 9.35961E-2 5.56052E-2 3.69677E-2 4.9815E-2 3.56229E-2 2.23948E-2 1.49277E-2 1.20323E-2 1.06063E-2 9.10943E-3 8.30956E-3 8.76389E-3 7.21454E-3 7.7626E-3 5.19925E-3 5.28136E-3 5.96511E-3
-9999 -9999 -9999 -9999 -9999 -9999 -9999 -9999 -9999 -9999 -9999 -9999 -9999 -9999 -9999 6.07366E-1 7.02726E-1 6.89949E-1 6.88242E-1 7.56287E-1 6.16849E-1 6.27959E-1 7.18456E-1 8.02677E-1 9.66241E-1 6.92996E-1 4.07051E-1 4.00085E-1 4.2153E-1 4.27996E-1 3.49816E-1 4.82134E-1 4.8958E-1 4.73326E-1 6.24888E-1 6.59952E-1 4.08776E-1 4.34718E-1 4.61203E-1 3.94411E-1 3.41258E-1 2.67176E-1 1.41685E-1 9.56459E-2 5.9092E-2 5.11285E-2 3.92211E-2 4.94679E-2 3.32964E-2 2.05942E-2 2.04282E-2 1.26925E-2 1.10529E-2 8.66972E-3 8.09016E-3 8.55287E-3 7.82585E-3 7.54933E-3 5.45129E-3 5.42833E-3 6.34346E-3
