Artocarpus hirsutus SDM files/Last interglacial/results (without bias file)/Arthir_8.asc
ncols         625
nrows         721
xllcorner     69.99986311115
yllcorner     5.99986151914999
cellsize      0.041666667
NODATA_value  -9999
[rows 189 to 215 of 721, columns 305 to 365 of 625]
1.12678E-3 2.46943E-3 2.32444E-3 2.07571E-3 1.08054E-3 1.49625E-3 1.46167E-3 2.39489E-3 2.0723E-3 1.24892E-3 9.54671E-4 1.04512E-3 1.91282E-3 1.88769E-3 2.0315E-3 5.20508E-3 5.47389E-3 4.72137E-3 3.7332E-3 4.36967E-3 3.86161E-3 2.88495E-3 1.74924E-3 3.83698E-3 6.50873E-3 7.74837E-3 4.54101E-3 5.37168E-3 7.62325E-3 5.18594E-3 4.03988E-3 5.4597E-3 4.26864E-3 5.4321E-3 7.03257E-3 6.09302E-3 4.4183E-3 6.21794E-3 7.62187E-3 5.82781E-3 5.28643E-3 4.98432E-3 5.70586E-3 7.09897E-3 6.41479E-3 4.65354E-3 6.18646E-3 3.31951E-3 5.29246E-3 4.81069E-3 6.9098E-3 2.95979E-3 3.7728E-3 3.29794E-3 4.84802E-3 2.55192E-3 3.34847E-3 2.98277E-3 3.20509E-3 3.70659E-3 4.23413E-3
9.25047E-4 8.34737E-4 1.71969E-3 1.04141E-3 1.77856E-3 2.29587E-3 2.57758E-3 2.39848E-3 2.50777E-3 1.35758E-3 1.26948E-3 1.05063E-3 1.12425E-3 1.72933E-3 1.29995E-3 3.008E-3 3.13623E-3 3.23405E-3 4.39796E-3 3.95804E-3 3.36958E-3 1.97882E-3 6.11597E-3 6.995E-3 7.43856E-3 3.71281E-3 5.77115E-3 3.26417E-3 5.40677E-3 6.87379E-3 4.40029E-3 3.67082E-3 5.51434E-3 4.35678E-3 6.02244E-3 3.91108E-3 3.80273E-3 5.13581E-3 5.90834E-3 6.85987E-3 5.92297E-3 3.40937E-3 6.63969E-3 5.00881E-3 5.33288E-3 5.33907E-3 2.5383E-3 4.47345E-3 6.05412E-3 7.01833E-3 4.95477E-3 4.53872E-3 5.35366E-3 6.79093E-3 5.34215E-3 2.91535E-3 4.54905E-3 4.28274E-3 5.25696E-3 2.68037E-3 3.49437E-3
1.66819E-3 9.57852E-4 1.08087E-3 1.91031E-3 2.34042E-3 1.65093E-3 1.98933E-3 2.37963E-3 2.9029E-3 2.60115E-3 2.39194E-3 2.12373E-3 3.21046E-3 3.81815E-3 2.03597E-3 8.45479E-4 2.53058E-3 5.32366E-3 4.59965E-3 1.88594E-3 1.45974E-3 5.02904E-3 4.8728E-3 3.18718E-3 6.95095E-3 5.15521E-3 3.40073E-3 7.16169E-3 7.51925E-3 6.47164E-3 3.55577E-3 5.55275E-3 3.60338E-3 7.91289E-3 6.0444E-3 6.19867E-3 3.42201E-3 6.69856E-3 5.79953E-3 4.75946E-3 5.87668E-3 4.43246E-3 2.79055E-3 5.76026E-3 5.73425E-3 7.08552E-3 3.00908E-3 4.13051E-3 5.92993E-3 3.90857E-3 2.40675E-3 4.36924E-3 5.67053E-3 6.09389E-3 2.9042E-3 5.04356E-3 5.26329E-3 6.17347E-3 5.58248E-3 1.85187E-3 3.51474E-3
1.44009E-3 1.09781E-3 1.47452E-3 1.86998E-3 1.28196E-3 1.1468E-3 1.15291E-3 1.65484E-3 2.92826E-3 2.14912E-3 2.16301E-3 1.89201E-3 1.92816E-3 2.38235E-3 2.19635E-3 2.35828E-3 1.66348E-3 1.53273E-3 4.80969E-3 5.0545E-3 2.50501E-3 1.55888E-3 3.1942E-3 5.20304E-3 6.87709E-3 2.55098E-3 6.43602E-3 3.64611E-3 2.67893E-3 4.99379E-3 3.32648E-3 2.40469E-3 2.66361E-3 3.56633E-3 4.50078E-3 3.32339E-3 1.99274E-3 3.40167E-3 4.79115E-3 4.99929E-3 2.97963E-3 3.67237E-3 3.02425E-3 4.84761E-3 3.07065E-3 3.42176E-3 3.9095E-3 4.24306E-3 3.91655E-3 3.10114E-3 2.20745E-3 4.34127E-3 4.17854E-3 2.62006E-3 3.31577E-3 3.87096E-3 5.73702E-3 3.64157E-3 5.43908E-3 2.1526E-3 5.80475E-3
2.05126E-3 1.93878E-3 1.19148E-3 1.4135E-3 1.91819E-3 1.76259E-3 1.18464E-3 1.52647E-3 2.11535E-3 1.35124E-3 1.18031E-3 9.46199E-4 1.50649E-3 1.14504E-3 1.2767E-3 1.99554E-3 2.75447E-3 2.12655E-3 1.35327E-3 2.49598E-3 2.5931E-3 2.69173E-3 4.32785E-3 3.88119E-3 2.8081E-3 2.98529E-3 5.89366E-3 6.99235E-3 3.49583E-3 6.91355E-3 6.34152E-3 4.33834E-3 2.35802E-3 3.13117E-3 3.202E-3 3.49188E-3 2.64831E-3 1.61081E-3 2.52733E-3 3.51673E-3 2.36175E-3 1.70408E-3 3.36257E-3 2.58475E-3 1.89299E-3 3.69541E-3 4.98121E-3 2.25114E-3 3.0057E-3 1.84656E-3 2.53476E-3 3.58848E-3 3.70581E-3 4.2999E-3 6.22797E-3 6.93349E-3 7.01456E-3 3.68613E-3 1.89273E-3 2.12823E-3 3.35771E-3
1.12015E-3 1.16172E-3 9.91502E-4 1.00656E-3 1.22255E-3 1.09561E-3 1.25863E-3 9.99653E-4 1.55031E-3 1.77065E-3 1.49394E-3 1.33551E-3 9.35228E-4 8.40003E-4 1.46678E-3 1.18313E-3 1.20983E-3 9.52589E-4 1.28916E-3 1.32737E-3 1.32976E-3 1.59656E-3 1.76869E-3 1.56075E-3 3.23128E-3 4.31749E-3 5.6455E-3 2.36394E-3 4.40447E-3 5.03571E-3 4.26224E-3 3.87796E-3 3.23866E-3 3.66348E-3 4.62256E-3 3.57745E-3 2.32174E-3 2.28218E-3 2.95724E-3 3.57984E-3 3.52123E-3 1.64288E-3 1.53857E-3 2.93234E-3 1.92357E-3 3.71188E-3 3.7298E-3 2.80763E-3 1.31753E-3 3.6605E-3 4.5291E-3 5.49128E-3 4.57941E-3 3.16512E-3 3.8769E-3 5.24451E-3 4.60164E-3 1.8216E-3 1.39596E-3 3.31054E-3 4.42066E-3
1.42794E-3 8.73563E-4 5.90918E-4 9.08552E-4 9.74823E-4 1.01586E-3 1.3825E-3 1.39322E-3 2.41862E-3 3.43482E-3 3.28285E-3 2.13752E-3 1.24381E-3 1.458E-3 1.22342E-3 2.11018E-3 1.34611E-3 1.74741E-3 1.8027E-3 2.78427E-3 2.28231E-3 1.40407E-3 1.11491E-3 2.25019E-3 1.21348E-3 1.19571E-3 1.74639E-3 1.61019E-3 2.9646E-3 2.61597E-3 2.27622E-3 3.71707E-3 2.75594E-3 3.28067E-3 2.76809E-3 3.53946E-3 4.16539E-3 2.55779E-3 1.65403E-3 2.01558E-3 3.515E-3 4.5625E-3 3.21666E-3 1.38836E-3 2.38115E-3 3.2798E-3 3.51388E-3 4.08672E-3 1.32768E-3 5.44092E-3 3.7374E-3 2.4579E-3 2.76083E-3 4.67458E-3 5.43683E-3 5.92649E-3 4.83269E-3 2.81151E-3 1.11752E-3 1.25276E-3 1.37833E-3
8.27278E-4 9.91097E-4 8.58362E-4 1.41582E-3 1.5094E-3 1.60957E-3 1.7959E-3 1.78026E-3 2.17264E-3 1.81167E-3 1.35277E-3 1.95969E-3 2.04963E-3 2.26124E-3 2.99229E-3 3.04621E-3 2.28932E-3 2.34485E-3 2.67174E-3 2.34455E-3 1.61831E-3 2.1449E-3 1.70946E-3 2.9332E-3 2.09823E-3 2.1414E-3 1.86282E-3 1.48181E-3 1.28377E-3 1.24706E-3 1.70376E-3 1.28188E-3 1.36206E-3 1.43868E-3 1.48555E-3 1.36492E-3 2.0739E-3 2.60802E-3 2.97692E-3 2.00856E-3 1.47028E-3 2.79113E-3 5.52848E-3 3.50349E-3 1.43384E-3 2.2074E-3 1.24609E-3 4.42581E-3 3.13995E-3 2.22999E-3 5.7086E-3 3.28067E-3 7.06419E-3 7.25761E-3 2.54402E-3 1.93897E-3 1.65062E-3 1.65667E-3 1.31189E-3 1.68587E-3 1.56172E-3
8.86553E-4 1.00657E-3 1.12512E-3 1.30917E-3 1.56002E-3 1.78566E-3 2.10142E-3 2.06333E-3 1.93247E-3 1.90972E-3 2.00622E-3 1.25616E-3 1.26742E-3 2.21704E-3 3.14778E-3 1.92517E-3 2.38556E-3 3.00795E-3 1.6876E-3 1.36327E-3 9.24208E-4 1.05176E-3 1.76117E-3 2.69144E-3 2.59827E-3 1.78884E-3 1.84041E-3 2.02954E-3 1.58754E-3 1.38536E-3 2.84472E-3 1.81386E-3 1.51459E-3 1.57827E-3 1.44589E-3 1.4562E-3 1.98178E-3 1.83465E-3 2.01986E-3 4.7517E-3 3.08344E-3 1.89766E-3 2.23902E-3 2.24456E-3 4.23725E-3 4.9768E-3 1.88684E-3 1.29362E-3 1.48156E-3 1.44137E-3 1.729E-3 1.69118E-3 2.34945E-3 1.98551E-3 2.39221E-3 1.90524E-3 3.78374E-3 6.5826E-3 5.36595E-3 5.74017E-3 5.73529E-3
1.69945E-3 1.48205E-3 1.74317E-3 1.48207E-3 1.70653E-3 1.55291E-3 1.49763E-3 1.21538E-3 1.04796E-3 1.01508E-3 1.15486E-3 1.02554E-3 1.44783E-3 1.6333E-3 1.99385E-3 1.47887E-3 1.18179E-3 1.27255E-3 1.97595E-3 1.39297E-3 1.58052E-3 3.3985E-3 2.58067E-3 3.16425E-3 3.54168E-3 3.21341E-3 2.49485E-3 2.79E-3 3.25074E-3 3.4518E-3 4.5655E-3 4.76778E-3 4.15792E-3 4.04343E-3 3.2133E-3 4.38436E-3 4.06274E-3 2.60032E-3 1.81102E-3 2.30607E-3 2.1437E-3 1.62696E-3 2.66203E-3 4.35024E-3 5.16326E-3 6.49293E-3 4.46157E-3 1.4449E-3 2.11824E-3 1.25812E-3 1.51471E-3 1.90978E-3 1.45729E-3 1.33442E-3 2.03565E-3 1.15366E-3 2.7548E-3 2.62392E-3 2.74693E-3 2.66846E-3 2.85493E-3
1.09604E-3 9.56205E-4 9.72303E-4 8.48085E-4 8.72636E-4 8.5792E-4 7.51178E-4 8.01868E-4 8.54178E-4 7.88165E-4 8.05253E-4 1.06913E-3 1.04122E-3 1.2011E-3 1.22488E-3 1.62459E-3 1.45099E-3 1.64879E-3 1.45665E-3 1.73624E-3 2.47578E-3 3.12352E-3 2.83069E-3 2.83723E-3 1.82968E-3 1.92711E-3 1.99408E-3 2.12192E-3 1.69999E-3 1.64878E-3 3.42907E-3 2.82592E-3 2.68731E-3 2.84327E-3 2.95898E-3 2.81508E-3 2.28748E-3 2.26594E-3 1.96337E-3 1.88458E-3 1.75436E-3 1.55315E-3 1.88639E-3 2.42299E-3 2.78899E-3 3.23025E-3 4.62086E-3 4.74658E-3 3.2126E-3 2.27551E-3 1.2126E-3 4.19657E-3 2.52012E-3 1.63129E-3 2.82199E-3 1.30687E-3 1.03912E-3 1.514E-3 1.05721E-3 1.64282E-3 3.02676E-3
7.44483E-4 7.74792E-4 8.0111E-4 8.52003E-4 8.52429E-4 9.01184E-4 7.91942E-4 8.43821E-4 9.15405E-4 8.83036E-4 8.58433E-4 1.03395E-3 1.05289E-3 8.50787E-4 7.99238E-4 8.03816E-4 8.36284E-4 9.85937E-4 9.74524E-4 1.14065E-3 1.51599E-3 1.84535E-3 1.83213E-3 1.60075E-3 1.07126E-3 1.13855E-3 1.51456E-3 1.62778E-3 1.93958E-3 1.7414E-3 2.78859E-3 2.47985E-3 1.69226E-3 1.80989E-3 1.62387E-3 1.55225E-3 1.60575E-3 1.2904E-3 1.37497E-3 1.29021E-3 1.28167E-3 1.46964E-3 1.63736E-3 1.77541E-3 2.20289E-3 3.20317E-3 3.70169E-3 4.49064E-3 2.13011E-3 4.22547E-3 3.31436E-3 4.44486E-3 6.63518E-3 4.99512E-3 3.94448E-3 1.11697E-3 1.87771E-3 3.69066E-3 2.45112E-3 3.07882E-3 1.04696E-3
7.83007E-4 8.09699E-4 8.5579E-4 8.85357E-4 9.06448E-4 8.99811E-4 8.33109E-4 9.2462E-4 9.03416E-4 8.24988E-4 9.01304E-4 9.48617E-4 9.91368E-4 8.42977E-4 8.22413E-4 7.526E-4 8.42748E-4 9.90892E-4 9.5862E-4 8.74677E-4 8.87833E-4 1.07487E-3 1.52089E-3 2.08605E-3 1.93605E-3 1.67095E-3 1.04217E-3 8.89593E-4 1.44163E-3 1.77555E-3 1.84471E-3 1.12601E-3 1.43453E-3 1.41176E-3 1.37487E-3 1.14018E-3 1.20014E-3 1.1994E-3 1.28277E-3 1.33806E-3 1.462E-3 1.46911E-3 1.37245E-3 1.51246E-3 1.71347E-3 1.9025E-3 2.64822E-3 2.64533E-3 1.70316E-3 3.29749E-3 3.44886E-3 1.95476E-3 3.75948E-3 1.88553E-3 3.11167E-3 3.68272E-3 4.11428E-3 2.24956E-3 2.33257E-3 4.94531E-3 4.59307E-3
8.14903E-4 8.04852E-4 8.40036E-4 8.85836E-4 9.18785E-4 8.86643E-4 8.49143E-4 8.87362E-4 8.42951E-4 8.24966E-4 8.54252E-4 8.69966E-4 8.95862E-4 8.84022E-4 8.37622E-4 7.53776E-4 8.49846E-4 8.52304E-4 8.6302E-4 8.55569E-4 8.34902E-4 1.00538E-3 9.41861E-4 9.94583E-4 1.01161E-3 1.62513E-3 1.6302E-3 9.1479E-4 1.2518E-3 1.12362E-3 1.43417E-3 1.12864E-3 1.14599E-3 9.78103E-4 1.05041E-3 1.09024E-3 1.08727E-3 1.18242E-3 1.25028E-3 1.22329E-3 1.17028E-3 1.23423E-3 1.0797E-3 1.06275E-3 1.02617E-3 1.07395E-3 1.35322E-3 2.09161E-3 1.79874E-3 2.30465E-3 3.62779E-3 1.9755E-3 1.2115E-3 1.66996E-3 4.4244E-3 6.7073E-3 5.31119E-3 4.61875E-3 1.48941E-3 3.33139E-3 3.65851E-3
7.94892E-4 8.27115E-4 8.38091E-4 8.69873E-4 8.49414E-4 8.49014E-4 8.345E-4 8.579E-4 8.30974E-4 8.49377E-4 8.40863E-4 8.61655E-4 8.41596E-4 8.61444E-4 8.403E-4 7.61595E-4 7.74217E-4 7.71624E-4 8.10153E-4 8.13534E-4 8.49168E-4 8.70309E-4 8.69965E-4 8.77846E-4 9.08518E-4 9.00757E-4 1.70887E-3 1.34762E-3 9.13863E-4 7.6869E-4 7.19879E-4 7.29917E-4 7.91243E-4 8.15889E-4 8.94311E-4 9.23637E-4 9.60317E-4 1.04134E-3 9.98985E-4 1.00597E-3 9.29244E-4 8.56785E-4 8.51255E-4 8.38039E-4 8.59725E-4 9.4707E-4 9.05458E-4 8.6242E-4 1.11659E-3 2.19311E-3 1.53574E-3 1.21981E-3 1.30476E-3 1.52346E-3 1.48767E-3 2.42162E-3 4.97146E-3 3.14597E-3 2.52078E-3 1.93017E-3 1.94089E-3
7.62405E-4 7.6595E-4 7.50505E-4 7.83993E-4 7.98097E-4 8.0742E-4 8.20967E-4 8.54567E-4 7.98212E-4 7.84467E-4 7.77053E-4 7.82638E-4 7.80688E-4 8.00052E-4 7.87398E-4 7.51619E-4 7.81986E-4 7.88908E-4 7.94249E-4 7.75846E-4 7.64662E-4 8.35338E-4 8.25424E-4 8.89349E-4 8.97655E-4 9.14939E-4 9.22953E-4 1.80248E-3 1.68703E-3 8.09994E-4 1.00446E-3 9.91146E-4 1.1439E-3 1.22796E-3 1.23533E-3 1.14414E-3 1.23794E-3 9.38951E-4 1.11577E-3 1.14731E-3 1.05743E-3 8.93678E-4 8.62294E-4 8.45206E-4 8.1995E-4 8.13325E-4 8.50634E-4 8.06542E-4 7.7472E-4 7.48339E-4 9.00196E-4 1.6538E-3 1.69423E-3 3.00507E-3 3.44977E-3 2.07346E-3 1.45765E-3 1.80245E-3 3.77625E-3 3.27517E-3 1.25026E-3
7.4147E-4 7.4579E-4 7.49426E-4 7.7328E-4 7.96352E-4 8.10168E-4 8.01679E-4 7.91176E-4 7.56582E-4 7.74277E-4 7.70416E-4 7.56039E-4 7.50444E-4 7.40449E-4 7.67334E-4 7.10829E-4 7.09745E-4 6.99563E-4 7.63042E-4 7.60038E-4 7.3325E-4 7.89268E-4 8.17104E-4 8.21891E-4 8.41252E-4 8.84693E-4 8.89478E-4 9.55561E-4 1.79118E-3 9.21832E-4 8.81818E-4 1.20228E-3 1.40362E-3 1.3597E-3 1.8883E-3 1.51999E-3 1.12589E-3 7.44262E-4 7.09437E-4 1.0098E-3 1.51395E-3 1.61902E-3 1.75446E-3 1.63127E-3 1.42238E-3 1.16937E-3 9.63149E-4 9.12852E-4 1.21376E-3 9.95022E-4 8.54004E-4 8.79248E-4 1.30249E-3 1.84992E-3 1.98529E-3 1.48361E-3 2.0129E-3 3.42806E-3 2.73542E-3 3.5584E-3 1.46196E-3
7.2319E-4 7.26686E-4 7.31397E-4 7.22779E-4 7.66601E-4 7.58107E-4 7.70943E-4 7.58139E-4 7.45409E-4 7.70875E-4 7.72197E-4 7.52417E-4 7.41679E-4 7.25718E-4 7.22903E-4 6.90087E-4 6.89091E-4 7.09163E-4 7.09515E-4 7.23363E-4 7.14411E-4 7.59167E-4 7.7353E-4 7.84147E-4 8.14222E-4 8.74858E-4 9.21279E-4 8.849E-4 7.79568E-4 9.93819E-4 1.19759E-3 1.34853E-3 1.40833E-3 1.34945E-3 1.37667E-3 1.34697E-3 1.04091E-3 1.13121E-3 6.8962E-4 7.04848E-4 7.14346E-4 9.85134E-4 1.21753E-3 1.72293E-3 1.64021E-3 1.52166E-3 1.61547E-3 1.22639E-3 1.41065E-3 1.66101E-3 1.43928E-3 9.41395E-4 6.58338E-4 7.67082E-4 8.57673E-4 1.11759E-3 1.22857E-3 1.96849E-3 2.014E-3 2.64436E-3 1.79389E-3
6.65384E-4 6.62309E-4 6.69925E-4 6.79185E-4 7.04062E-4 7.2408E-4 7.23917E-4 7.21685E-4 7.00984E-4 6.54714E-4 6.97115E-4 6.6924E-4 7.05902E-4 7.04602E-4 6.98062E-4 6.83074E-4 6.76708E-4 6.62396E-4 6.87514E-4 6.61726E-4 7.76344E-4 8.02732E-4 7.37691E-4 7.74112E-4 8.81582E-4 8.48247E-4 1.0029E-3 9.61069E-4 9.56179E-4 1.06117E-3 1.43783E-3 1.27709E-3 1.16983E-3 9.93831E-4 9.2114E-4 9.19904E-4 9.69212E-4 1.20423E-3 1.37781E-3 1.21302E-3 1.31608E-3 1.38141E-3 1.04542E-3 1.34899E-3 1.24074E-3 1.13474E-3 1.13795E-3 1.08034E-3 9.98028E-4 1.01812E-3 8.10562E-4 1.10276E-3 1.20617E-3 1.14224E-3 9.27158E-4 8.58103E-4 8.82837E-4 1.1686E-3 1.737E-3 1.90941E-3 1.41215E-3
6.40215E-4 6.32818E-4 6.45867E-4 6.55073E-4 6.85926E-4 7.01872E-4 7.07853E-4 6.77942E-4 6.32633E-4 6.4285E-4 6.52087E-4 6.51638E-4 6.53408E-4 6.7555E-4 6.67623E-4 6.6728E-4 6.53281E-4 6.40792E-4 6.74437E-4 7.60282E-4 8.35727E-4 8.33137E-4 8.05132E-4 7.98045E-4 8.75716E-4 8.82693E-4 9.80774E-4 9.26239E-4 9.87623E-4 9.28324E-4 1.02786E-3 1.13809E-3 1.00148E-3 1.09599E-3 8.71689E-4 8.53776E-4 9.58286E-4 1.37249E-3 1.25013E-3 1.29286E-3 1.23232E-3 1.18831E-3 1.1045E-3 1.04602E-3 9.37895E-4 8.55866E-4 9.04531E-4 8.69037E-4 8.37425E-4 7.75398E-4 7.87563E-4 1.10567E-3 1.34374E-3 1.60266E-3 1.45071E-3 1.39989E-3 1.05217E-3 1.24589E-3 1.2635E-3 1.04822E-3 7.22337E-4
6.11143E-4 5.78978E-4 6.05867E-4 6.00574E-4 6.33117E-4 6.48049E-4 6.71861E-4 6.62175E-4 6.37997E-4 6.25286E-4 6.4679E-4 6.5054E-4 6.51375E-4 6.75516E-4 6.73038E-4 6.38098E-4 6.28085E-4 6.223E-4 7.01678E-4 7.61086E-4 8.22645E-4 8.40521E-4 7.52547E-4 7.20993E-4 8.50895E-4 9.03496E-4 8.9765E-4 9.0161E-4 9.44648E-4 8.81431E-4 9.06086E-4 8.67267E-4 9.22649E-4 9.96418E-4 1.06074E-3 1.01723E-3 7.90991E-4 8.63408E-4 8.67397E-4 8.89022E-4 8.65776E-4 8.18431E-4 7.76438E-4 6.8524E-4 6.49827E-4 7.52097E-4 7.0746E-4 7.8207E-4 7.68853E-4 7.39746E-4 8.18404E-4 8.98748E-4 1.07191E-3 1.06696E-3 1.05218E-3 1.09714E-3 9.57192E-4 1.32187E-3 1.01806E-3 6.26775E-4 6.6851E-4
5.59614E-4 5.55069E-4 4.44185E-4 5.74896E-4 5.83678E-4 6.04413E-4 6.30764E-4 6.58135E-4 6.47139E-4 5.63366E-4 6.19093E-4 6.35994E-4 6.39177E-4 6.40019E-4 6.3921E-4 7.09648E-4 7.12098E-4 7.7351E-4 7.27269E-4 7.50832E-4 7.62136E-4 7.68798E-4 7.09045E-4 7.73292E-4 7.93794E-4 8.37712E-4 8.54513E-4 8.4185E-4 8.48962E-4 8.34813E-4 8.57639E-4 8.28477E-4 7.99436E-4 8.14884E-4 7.73394E-4 7.54481E-4 7.37504E-4 7.52114E-4 7.72837E-4 7.47308E-4 7.32087E-4 6.93309E-4 6.57881E-4 6.38784E-4 6.30621E-4 6.44353E-4 6.89259E-4 6.85009E-4 7.46423E-4 7.11142E-4 7.46751E-4 7.48563E-4 8.38629E-4 8.7083E-4 8.77376E-4 8.34867E-4 8.33991E-4 8.68506E-4 1.53747E-3 8.30663E-4 1.31333E-3
5.38726E-4 5.47909E-4 5.64846E-4 5.66678E-4 5.69781E-4 5.71075E-4 5.86013E-4 5.99739E-4 5.84099E-4 5.68301E-4 6.93186E-4 6.08819E-4 6.16125E-4 7.44741E-4 6.50691E-4 7.15987E-4 7.1769E-4 6.80465E-4 7.00004E-4 6.95974E-4 7.3082E-4 7.34176E-4 7.29403E-4 7.74245E-4 7.79042E-4 7.96058E-4 8.04931E-4 8.17082E-4 8.26497E-4 7.36777E-4 7.39317E-4 7.67285E-4 7.4479E-4 7.40312E-4 7.24862E-4 7.21741E-4 7.0461E-4 7.04907E-4 7.18177E-4 7.16714E-4 6.87601E-4 6.67554E-4 6.3757E-4 6.38755E-4 6.40327E-4 6.16768E-4 6.27519E-4 6.22776E-4 6.86175E-4 6.93356E-4 6.56052E-4 6.24787E-4 7.23791E-4 7.57891E-4 7.66495E-4 7.60191E-4 7.53922E-4 7.09224E-4 7.35922E-4 1.02415E-3 1.39591E-3
5.2787E-4 5.15468E-4 5.25049E-4 5.35242E-4 4.52309E-4 5.43314E-4 5.61738E-4 5.95068E-4 5.81E-4 5.50317E-4 6.3193E-4 6.68597E-4 5.96502E-4 7.10504E-4 6.89437E-4 7.01426E-4 6.62109E-4 6.29679E-4 7.70743E-4 6.47512E-4 7.16071E-4 7.30535E-4 7.13967E-4 7.10004E-4 7.15968E-4 6.92877E-4 7.20884E-4 7.39239E-4 7.26505E-4 6.96632E-4 6.9595E-4 7.07488E-4 6.64973E-4 6.69211E-4 6.77896E-4 6.78218E-4 6.57313E-4 6.58258E-4 6.44498E-4 6.41283E-4 6.29943E-4 6.15431E-4 6.15637E-4 5.91827E-4 5.81369E-4 5.73736E-4 5.7227E-4 5.73362E-4 6.04798E-4 6.09877E-4 5.84316E-4 5.39976E-4 6.06609E-4 6.60261E-4 6.81918E-4 6.74513E-4 6.54338E-4 6.73516E-4 7.10055E-4 6.23204E-4 6.95582E-4
5.04691E-4 4.81271E-4 4.895E-4 5.16576E-4 5.11198E-4 5.40057E-4 5.47877E-4 5.50895E-4 5.60063E-4 5.41453E-4 5.64484E-4 6.38604E-4 6.38379E-4 7.77101E-4 6.67877E-4 6.37965E-4 6.38324E-4 6.31651E-4 7.0859E-4 6.50533E-4 6.75682E-4 7.04938E-4 7.05758E-4 6.64194E-4 6.61773E-4 6.88814E-4 6.86868E-4 6.82871E-4 7.12769E-4 6.73196E-4 6.44517E-4 6.24286E-4 6.28688E-4 6.29955E-4 6.24338E-4 6.44469E-4 6.44793E-4 6.30143E-4 6.29512E-4 6.28503E-4 6.07475E-4 5.84538E-4 5.68585E-4 5.56355E-4 5.51394E-4 5.31941E-4 5.42861E-4 5.51992E-4 5.62639E-4 5.514E-4 5.28813E-4 5.3393E-4 5.63326E-4 5.90552E-4 5.89546E-4 6.02809E-4 6.15836E-4 6.59415E-4 6.47171E-4 6.37463E-4 6.74048E-4
4.69741E-4 4.6149E-4 4.79404E-4 4.79988E-4 4.9712E-4 4.22641E-4 5.29421E-4 5.32055E-4 5.13965E-4 5.96676E-4 6.1633E-4 5.95411E-4 6.40319E-4 6.43666E-4 6.45582E-4 6.15394E-4 6.50073E-4 6.36677E-4 6.55557E-4 6.5079E-4 6.6258E-4 6.65947E-4 6.50003E-4 6.49197E-4 6.45488E-4 6.44542E-4 6.6278E-4 6.18978E-4 6.30964E-4 6.02516E-4 5.83656E-4 6.06238E-4 5.95413E-4 5.8188E-4 5.86632E-4 5.95529E-4 5.60269E-4 5.72519E-4 5.72823E-4 5.63131E-4 5.90049E-4 5.68025E-4 5.52814E-4 5.50899E-4 5.39339E-4 5.21124E-4 5.29231E-4 5.3793E-4 5.37356E-4 5.28566E-4 5.36776E-4 5.29555E-4 5.3315E-4 5.34743E-4 5.47137E-4 5.60745E-4 5.93272E-4 6.03582E-4 5.96264E-4 5.98151E-4 6.09992E-4
4.6842E-4 4.54334E-4 4.55208E-4 4.6149E-4 4.71912E-4 4.0578E-4 4.97714E-4 5.08163E-4 6.0484E-4 5.90257E-4 5.77738E-4 5.79529E-4 5.82892E-4 6.36738E-4 6.50216E-4 6.55155E-4 6.22794E-4 6.21173E-4 6.5949E-4 6.41296E-4 6.3509E-4 6.43143E-4 6.21092E-4 5.94326E-4 5.89834E-4 5.92794E-4 5.95995E-4 6.0433E-4 6.22576E-4 5.93697E-4 5.73539E-4 5.67911E-4 5.68243E-4 5.69162E-4 5.49592E-4 5.46884E-4 5.30484E-4 5.30784E-4 5.48882E-4 5.36203E-4 5.26393E-4 5.22724E-4 5.41435E-4 5.23204E-4 5.20089E-4 5.01049E-4 5.01935E-4 4.96799E-4 5.08946E-4 4.98636E-4 5.11489E-4 5.05894E-4 5.07557E-4 5.34171E-4 5.23799E-4 5.51482E-4 5.6727E-4 5.59631E-4 5.56798E-4 5.76728E-4 5.87986E-4
