Artocarpus hirsutus SDM files/Last interglacial/results (without bias file)/Arthir_1.asc
ncols         625
nrows         721
xllcorner     69.99986311115
yllcorner     5.99986151914999
cellsize      0.041666667
NODATA_value  -9999
[rows 27 to 53 of 721, columns 244 to 304 of 625]
2.51397E-4 2.59428E-4 2.77551E-4 2.6743E-4 2.8048E-4 2.60151E-4 2.45064E-4 2.43832E-4 2.36302E-4 2.46294E-4 2.43963E-4 2.39173E-4 2.34436E-4 2.32293E-4 2.16121E-4 2.32686E-4 2.49825E-4 2.68985E-4 2.45433E-4 2.06515E-4 2.24963E-4 2.23024E-4 2.18561E-4 2.06768E-4 2.07274E-4 2.12304E-4 2.05821E-4 2.07882E-4 1.89991E-4 1.84148E-4 1.80019E-4 1.75083E-4 1.65547E-4 1.72248E-4 1.74576E-4 1.85888E-4 1.77012E-4 1.90705E-4 1.87406E-4 1.63106E-4 1.60893E-4 1.62788E-4 1.60135E-4 1.69155E-4 1.69416E-4 1.75869E-4 1.82663E-4 1.81847E-4 1.4744E-4 1.42211E-4 1.62998E-4 1.65672E-4 1.63256E-4 1.5543E-4 1.51354E-4 1.46775E-4 1.36625E-4 1.32222E-4 1.31156E-4 1.51664E-4 1.41175E-4
2.54525E-4 2.54513E-4 2.6608E-4 2.51266E-4 2.65767E-4 2.46523E-4 2.24392E-4 2.32102E-4 2.37063E-4 2.15269E-4 2.30611E-4 2.26339E-4 2.40628E-4 2.21129E-4 2.28941E-4 2.28941E-4 2.42288E-4 2.71491E-4 2.62473E-4 2.10861E-4 2.08444E-4 2.06932E-4 1.99497E-4 2.0107E-4 1.97944E-4 1.98776E-4 1.91497E-4 1.79439E-4 1.80297E-4 1.77708E-4 1.7117E-4 1.75907E-4 1.7321E-4 1.79162E-4 1.86665E-4 1.82417E-4 1.79084E-4 1.91539E-4 1.86972E-4 1.72097E-4 1.67502E-4 1.68996E-4 1.5723E-4 1.65502E-4 1.70548E-4 1.55336E-4 1.63167E-4 1.61021E-4 1.52374E-4 1.6389E-4 1.69043E-4 1.66666E-4 1.51215E-4 1.50602E-4 1.52133E-4 1.4767E-4 1.32502E-4 1.27305E-4 1.37325E-4 1.53354E-4 1.40805E-4
2.48627E-4 2.6306E-4 2.51063E-4 2.34949E-4 2.33792E-4 2.41526E-4 2.24068E-4 2.32693E-4 2.24664E-4 2.52338E-4 2.20257E-4 2.16489E-4 2.05251E-4 2.04631E-4 2.08246E-4 2.24283E-4 2.41804E-4 2.54319E-4 2.39718E-4 2.14731E-4 2.11108E-4 2.07427E-4 2.14553E-4 2.04694E-4 2.10958E-4 1.87609E-4 1.87898E-4 1.77378E-4 1.71434E-4 1.93177E-4 1.84103E-4 1.91761E-4 1.73337E-4 1.66403E-4 1.7354E-4 1.74804E-4 1.77009E-4 1.79286E-4 1.7229E-4 1.86044E-4 1.64824E-4 1.59767E-4 1.59586E-4 1.73698E-4 1.76889E-4 1.56558E-4 1.60135E-4 1.62998E-4 1.65137E-4 1.73535E-4 1.66561E-4 1.74801E-4 1.58938E-4 1.43476E-4 1.42336E-4 1.31951E-4 1.28819E-4 1.36086E-4 1.45599E-4 1.54027E-4 1.31971E-4
2.49463E-4 2.80988E-4 3.07308E-4 2.73124E-4 2.23922E-4 2.27889E-4 2.33708E-4 2.27379E-4 2.18716E-4 2.37795E-4 2.65605E-4 2.31399E-4 2.03343E-4 1.93922E-4 2.08074E-4 2.23537E-4 2.37724E-4 2.23117E-4 2.34388E-4 2.0879E-4 1.99095E-4 1.95316E-4 2.09613E-4 2.00158E-4 1.89228E-4 1.83175E-4 1.84753E-4 1.8525E-4 1.77359E-4 1.97212E-4 1.65011E-4 1.79376E-4 1.53352E-4 1.57283E-4 1.78887E-4 1.5921E-4 1.53921E-4 1.70827E-4 1.7233E-4 1.56645E-4 1.68531E-4 1.56129E-4 1.62473E-4 1.7013E-4 1.74257E-4 1.55681E-4 1.6264E-4 1.69537E-4 1.68807E-4 1.85398E-4 1.67945E-4 1.73339E-4 1.63304E-4 1.44641E-4 1.41017E-4 1.31622E-4 1.30894E-4 1.42336E-4 1.49715E-4 1.33397E-4 1.23237E-4
2.0744E-4 2.16498E-4 2.8463E-4 3.0468E-4 2.61555E-4 2.28143E-4 1.97652E-4 2.24123E-4 2.19669E-4 2.38457E-4 2.47336E-4 2.18228E-4 2.01648E-4 1.93063E-4 1.96486E-4 2.05057E-4 2.19035E-4 2.20197E-4 2.09097E-4 2.14081E-4 1.97778E-4 1.93027E-4 1.92601E-4 1.56026E-4 1.78879E-4 1.55938E-4 1.51119E-4 1.61774E-4 1.52636E-4 1.57511E-4 1.52636E-4 1.50159E-4 1.57461E-4 1.61032E-4 1.59386E-4 1.52734E-4 1.5554E-4 1.52075E-4 1.40945E-4 1.42194E-4 1.3785E-4 1.38807E-4 1.40263E-4 1.56044E-4 1.44888E-4 1.6652E-4 1.79928E-4 1.59481E-4 1.63199E-4 1.71175E-4 1.77057E-4 1.85308E-4 1.50332E-4 1.32322E-4 1.34692E-4 1.28603E-4 1.3411E-4 1.39696E-4 1.2935E-4 1.31594E-4 1.30859E-4
2.17651E-4 1.97161E-4 2.07004E-4 2.4929E-4 2.41999E-4 2.24396E-4 2.175E-4 2.1049E-4 2.01464E-4 2.67593E-4 2.70759E-4 2.62359E-4 2.2296E-4 2.18771E-4 2.22529E-4 2.26626E-4 2.24987E-4 2.23834E-4 2.0748E-4 1.78982E-4 1.69233E-4 1.63665E-4 1.60142E-4 1.54099E-4 1.65492E-4 1.58419E-4 1.55724E-4 1.61075E-4 1.6278E-4 1.64863E-4 1.61397E-4 1.5034E-4 1.45721E-4 1.49468E-4 1.54138E-4 1.46999E-4 1.42979E-4 1.43326E-4 1.35489E-4 1.34035E-4 1.35764E-4 1.37645E-4 1.46198E-4 1.4923E-4 1.31219E-4 1.41823E-4 1.56692E-4 1.46292E-4 1.47066E-4 1.45608E-4 1.46137E-4 1.55741E-4 1.31439E-4 1.22793E-4 1.29892E-4 1.29855E-4 1.32482E-4 1.26003E-4 1.24645E-4 1.22465E-4 1.30726E-4
2.37008E-4 2.09196E-4 2.04394E-4 2.10582E-4 2.26418E-4 1.97604E-4 1.98385E-4 1.90327E-4 1.91082E-4 1.92342E-4 2.08268E-4 2.03603E-4 1.93616E-4 1.77548E-4 1.78914E-4 2.17315E-4 1.95927E-4 1.82387E-4 1.9265E-4 1.87545E-4 1.76075E-4 1.62642E-4 1.47032E-4 1.60564E-4 1.68893E-4 1.54182E-4 1.55469E-4 1.59082E-4 1.65241E-4 1.54799E-4 1.54799E-4 1.46995E-4 1.36466E-4 1.46513E-4 1.428E-4 1.46645E-4 1.45143E-4 1.36298E-4 1.3976E-4 1.35069E-4 1.41251E-4 1.47296E-4 1.48425E-4 1.46553E-4 1.29012E-4 1.32711E-4 1.50164E-4 1.48788E-4 1.51433E-4 1.52591E-4 1.53097E-4 1.53206E-4 1.32114E-4 1.17677E-4 1.21113E-4 1.36075E-4 1.30378E-4 1.25404E-4 1.2549E-4 1.32617E-4 1.4306E-4
2.25463E-4 2.00215E-4 2.01592E-4 2.08238E-4 2.02839E-4 1.81602E-4 1.89835E-4 1.7997E-4 1.73803E-4 1.89079E-4 1.93914E-4 1.96791E-4 1.97997E-4 1.74894E-4 1.62673E-4 1.67134E-4 1.78652E-4 1.71275E-4 1.74651E-4 1.6784E-4 1.75796E-4 1.74663E-4 1.72376E-4 1.59349E-4 1.64013E-4 1.56605E-4 1.62152E-4 1.64033E-4 1.65589E-4 1.61106E-4 1.59312E-4 1.56169E-4 1.3693E-4 1.2923E-4 1.29964E-4 1.38766E-4 1.52994E-4 1.45088E-4 1.35406E-4 1.27686E-4 1.41528E-4 1.53028E-4 1.4858E-4 1.30085E-4 1.17992E-4 1.30779E-4 1.50753E-4 1.47784E-4 1.4238E-4 1.35047E-4 1.44281E-4 1.45095E-4 1.32474E-4 1.26226E-4 1.21258E-4 1.05588E-4 1.08768E-4 1.10755E-4 1.10129E-4 1.36898E-4 1.42769E-4
2.07966E-4 1.9873E-4 2.08068E-4 1.9566E-4 1.88818E-4 1.81671E-4 1.91208E-4 1.86474E-4 1.87573E-4 1.83859E-4 1.79638E-4 1.80008E-4 1.81366E-4 1.68852E-4 1.76531E-4 1.69599E-4 1.68391E-4 1.62797E-4 1.61542E-4 1.60278E-4 1.62034E-4 1.62797E-4 1.75253E-4 1.54692E-4 1.54813E-4 1.64194E-4 1.71316E-4 1.67621E-4 1.68901E-4 1.74203E-4 1.54559E-4 1.52123E-4 1.42835E-4 1.25246E-4 1.29162E-4 1.31269E-4 1.4221E-4 1.49556E-4 1.42968E-4 1.44559E-4 1.56131E-4 1.45585E-4 1.37437E-4 1.36282E-4 1.33291E-4 1.34546E-4 1.40346E-4 1.41095E-4 1.32537E-4 1.16804E-4 1.21207E-4 1.30669E-4 1.34101E-4 1.4212E-4 1.37734E-4 1.05822E-4 1.05414E-4 1.22624E-4 1.19865E-4 1.16748E-4 1.27989E-4
1.96267E-4 2.03375E-4 2.01293E-4 1.91754E-4 1.8465E-4 1.69388E-4 1.6295E-4 1.82645E-4 1.97628E-4 1.8465E-4 1.87225E-4 1.96096E-4 1.92275E-4 1.80936E-4 1.64137E-4 1.62432E-4 1.59195E-4 1.52185E-4 1.59384E-4 1.53866E-4 1.54103E-4 1.58661E-4 1.75672E-4 1.67301E-4 1.44427E-4 1.47179E-4 1.68858E-4 1.67365E-4 1.71643E-4 1.7726E-4 1.62464E-4 1.36621E-4 1.39568E-4 1.32133E-4 1.30738E-4 1.24545E-4 1.33077E-4 1.36922E-4 1.42896E-4 1.53607E-4 1.49241E-4 1.35193E-4 1.3937E-4 1.34135E-4 1.3419E-4 1.48044E-4 1.51287E-4 1.50265E-4 1.32545E-4 1.14196E-4 1.13672E-4 1.25189E-4 1.31589E-4 1.43202E-4 1.3637E-4 1.05874E-4 1.05003E-4 1.25747E-4 1.1934E-4 1.12367E-4 1.31236E-4
2.00063E-4 2.06169E-4 2.06486E-4 2.06804E-4 1.81394E-4 1.871E-4 1.65201E-4 1.98406E-4 2.09297E-4 1.90026E-4 1.85731E-4 1.89184E-4 1.95332E-4 2.02081E-4 1.89791E-4 1.62641E-4 1.56059E-4 1.51314E-4 1.56755E-4 1.55803E-4 1.60855E-4 1.63199E-4 1.79513E-4 1.76983E-4 1.54736E-4 1.4538E-4 1.66064E-4 1.58197E-4 1.73051E-4 1.74604E-4 1.65038E-4 1.48917E-4 1.33097E-4 1.35362E-4 1.40446E-4 1.35651E-4 1.29721E-4 1.28924E-4 1.32297E-4 1.38084E-4 1.49408E-4 1.38188E-4 1.3018E-4 1.29578E-4 1.41047E-4 1.51722E-4 1.58523E-4 1.53558E-4 1.42409E-4 1.17015E-4 1.13794E-4 1.18821E-4 1.29716E-4 1.45852E-4 1.44543E-4 1.14135E-4 1.17647E-4 1.22359E-4 1.12684E-4 1.29229E-4 1.29664E-4
2.23007E-4 2.24117E-4 2.09215E-4 1.92879E-4 1.79291E-4 1.77062E-4 1.83617E-4 1.96384E-4 1.85787E-4 1.9894E-4 1.89094E-4 1.83254E-4 1.8193E-4 1.94424E-4 1.81442E-4 1.69151E-4 1.58383E-4 1.47113E-4 1.49529E-4 1.48501E-4 1.4994E-4 1.65423E-4 1.71164E-4 1.57361E-4 1.45628E-4 1.32825E-4 1.4553E-4 1.61232E-4 1.68804E-4 1.59174E-4 1.6445E-4 1.69709E-4 1.34317E-4 1.37734E-4 1.34176E-4 1.33102E-4 1.20188E-4 1.18839E-4 1.24102E-4 1.32094E-4 1.39378E-4 1.3261E-4 1.28554E-4 1.24576E-4 1.34268E-4 1.52274E-4 1.44135E-4 1.37057E-4 1.43685E-4 1.28545E-4 1.06996E-4 1.07837E-4 1.11502E-4 1.31672E-4 1.48549E-4 1.26733E-4 1.19817E-4 1.06848E-4 1.23134E-4 1.2775E-4 1.1728E-4
1.90105E-4 1.89462E-4 1.97001E-4 1.82036E-4 1.7577E-4 1.72709E-4 1.68564E-4 1.88191E-4 1.94957E-4 2.00763E-4 1.80697E-4 1.76821E-4 1.76218E-4 1.88827E-4 1.97368E-4 1.89618E-4 1.77119E-4 1.52895E-4 1.40635E-4 1.48562E-4 1.57598E-4 1.62505E-4 1.65923E-4 1.53308E-4 1.42295E-4 1.35963E-4 1.40069E-4 1.56669E-4 1.72426E-4 1.64211E-4 1.59471E-4 1.60863E-4 1.46282E-4 1.39996E-4 1.28657E-4 1.30389E-4 1.18355E-4 1.18355E-4 1.19747E-4 1.24981E-4 1.28077E-4 1.29565E-4 1.25749E-4 1.27422E-4 1.2218E-4 1.31755E-4 1.26124E-4 1.37268E-4 1.49231E-4 1.23236E-4 1.07029E-4 1.03409E-4 1.17953E-4 1.23598E-4 1.28105E-4 1.25214E-4 1.06604E-4 9.87221E-5 1.16114E-4 1.26894E-4 1.1444E-4
1.94286E-4 1.90509E-4 1.8749E-4 1.84537E-4 1.84305E-4 1.74327E-4 1.66029E-4 1.76328E-4 1.90338E-4 1.98218E-4 1.73484E-4 1.68086E-4 1.73643E-4 1.89543E-4 1.98457E-4 1.89305E-4 1.89754E-4 1.79946E-4 1.42401E-4 1.4135E-4 1.48729E-4 1.52469E-4 1.63504E-4 1.56776E-4 1.42287E-4 1.39569E-4 1.24725E-4 1.35507E-4 1.42243E-4 1.29071E-4 1.32641E-4 1.34071E-4 1.23449E-4 1.38304E-4 1.23543E-4 1.21058E-4 1.28622E-4 1.09685E-4 1.04545E-4 9.81721E-5 1.21348E-4 1.36058E-4 1.33648E-4 1.15944E-4 1.07763E-4 1.07066E-4 1.11443E-4 1.21583E-4 1.3626E-4 1.36077E-4 1.1987E-4 1.18244E-4 1.15458E-4 1.19422E-4 1.1492E-4 1.12691E-4 9.58044E-5 1.0061E-4 1.2234E-4 1.23951E-4 1.1037E-4
1.80988E-4 2.07497E-4 1.66812E-4 1.70493E-4 1.54146E-4 1.55507E-4 1.53866E-4 1.77468E-4 1.79946E-4 1.91534E-4 1.71206E-4 1.58258E-4 1.73278E-4 1.87623E-4 1.97335E-4 1.86793E-4 1.8117E-4 1.80588E-4 1.62153E-4 1.5332E-4 1.53864E-4 1.31629E-4 1.50221E-4 1.2794E-4 1.30787E-4 1.37216E-4 1.29977E-4 1.34023E-4 1.38517E-4 1.30427E-4 1.25064E-4 1.28951E-4 1.31948E-4 1.11939E-4 1.16996E-4 1.2383E-4 1.34322E-4 1.24189E-4 1.09803E-4 9.79817E-5 1.0504E-4 1.46266E-4 1.17296E-4 1.2615E-4 1.09098E-4 8.31079E-5 1.00013E-4 1.03694E-4 1.03891E-4 1.20441E-4 1.28275E-4 1.29951E-4 1.29267E-4 1.1147E-4 1.04968E-4 9.97624E-5 1.0513E-4 9.73565E-5 1.1864E-4 1.08961E-4 1.14394E-4
1.6279E-4 1.64774E-4 1.71277E-4 1.56289E-4 1.51658E-4 1.60185E-4 1.5984E-4 1.49916E-4 1.56685E-4 1.62324E-4 1.50182E-4 1.31306E-4 1.38323E-4 1.52464E-4 1.59643E-4 1.55812E-4 1.49124E-4 1.28509E-4 1.25624E-4 1.28137E-4 1.2735E-4 1.29355E-4 1.27294E-4 1.24004E-4 1.261E-4 1.17814E-4 1.22192E-4 1.15014E-4 1.29618E-4 1.26047E-4 1.12655E-4 1.26388E-4 1.23469E-4 1.28599E-4 1.08067E-4 1.17575E-4 1.25507E-4 1.31614E-4 1.18028E-4 1.08262E-4 9.85461E-5 1.21895E-4 1.26465E-4 1.2032E-4 1.12001E-4 8.18738E-5 8.10212E-5 8.66497E-5 9.55377E-5 9.75256E-5 9.72253E-5 1.04988E-4 1.29224E-4 1.28789E-4 1.04835E-4 9.17425E-5 9.46761E-5 9.2091E-5 9.88201E-5 1.03232E-4 1.12376E-4
1.68657E-4 1.85977E-4 1.82182E-4 1.57092E-4 1.44791E-4 1.50187E-4 1.56679E-4 1.43007E-4 1.46447E-4 1.56679E-4 1.43542E-4 1.41014E-4 1.34123E-4 1.36421E-4 1.53603E-4 1.55369E-4 1.55293E-4 1.45147E-4 1.26469E-4 1.1958E-4 1.35265E-4 1.48362E-4 1.3132E-4 1.31918E-4 1.22379E-4 1.11764E-4 1.11403E-4 1.1064E-4 1.31126E-4 1.19229E-4 1.08089E-4 1.10944E-4 1.24053E-4 1.22224E-4 1.08038E-4 1.08038E-4 1.23018E-4 1.21708E-4 1.08577E-4 1.03617E-4 1.00445E-4 1.19521E-4 1.25727E-4 1.21602E-4 1.08683E-4 9.21803E-5 7.82623E-5 8.60326E-5 8.64899E-5 7.89292E-5 8.22197E-5 8.19347E-5 1.06696E-4 1.12476E-4 1.20753E-4 9.66471E-5 9.02983E-5 8.52406E-5 8.80087E-5 1.01063E-4 9.35265E-5
1.49806E-4 1.6305E-4 1.69172E-4 1.68466E-4 1.57555E-4 1.38946E-4 1.50045E-4 1.41103E-4 1.31702E-4 1.29519E-4 1.3431E-4 1.45347E-4 1.42063E-4 1.3137E-4 1.48678E-4 1.6024E-4 1.55104E-4 1.48796E-4 1.2727E-4 1.32399E-4 1.41113E-4 1.37069E-4 1.36957E-4 1.25072E-4 1.09534E-4 1.05093E-4 1.04615E-4 1.11216E-4 1.18111E-4 1.19093E-4 1.07449E-4 9.52229E-5 1.05271E-4 1.05341E-4 1.06652E-4 1.19472E-4 1.15928E-4 1.06562E-4 1.01874E-4 9.58506E-5 1.03937E-4 1.08689E-4 1.12931E-4 1.18302E-4 1.08564E-4 1.03155E-4 9.08316E-5 9.20622E-5 8.23286E-5 7.54946E-5 7.58457E-5 7.67962E-5 8.19145E-5 9.59593E-5 9.85436E-5 9.3475E-5 7.95752E-5 7.02255E-5 8.82985E-5 8.52372E-5 8.61365E-5
1.49436E-4 1.30151E-4 1.58148E-4 1.56554E-4 1.40661E-4 1.32944E-4 1.61985E-4 1.41189E-4 1.31634E-4 1.24912E-4 1.15046E-4 1.1626E-4 1.31827E-4 1.25535E-4 1.26207E-4 1.43385E-4 1.52302E-4 1.33333E-4 1.15023E-4 1.25989E-4 1.32319E-4 1.21455E-4 1.23772E-4 1.2228E-4 1.05387E-4 9.96857E-5 1.20593E-4 1.18966E-4 1.00257E-4 9.06453E-5 9.43651E-5 9.13414E-5 9.11478E-5 9.49717E-5 1.02704E-4 1.1481E-4 9.00599E-5 9.35215E-5 9.75782E-5 9.92376E-5 1.06925E-4 1.02479E-4 1.01496E-4 1.0768E-4 9.98184E-5 1.00938E-4 1.07007E-4 1.02286E-4 8.56311E-5 7.38777E-5 7.35521E-5 7.49789E-5 7.22705E-5 7.43878E-5 7.47882E-5 8.64071E-5 8.62954E-5 8.2472E-5 7.84274E-5 7.57744E-5 7.46004E-5
1.57464E-4 1.25437E-4 1.60984E-4 1.46891E-4 1.37672E-4 1.32764E-4 1.42139E-4 1.30853E-4 1.40489E-4 1.43581E-4 1.2024E-4 1.1029E-4 1.08938E-4 1.12539E-4 1.1208E-4 1.29318E-4 1.32805E-4 1.28019E-4 1.19654E-4 1.34002E-4 1.26729E-4 1.15263E-4 1.20887E-4 1.06809E-4 9.99818E-5 1.14874E-4 1.1626E-4 1.12398E-4 1.00773E-4 9.03744E-5 8.55857E-5 8.4379E-5 8.74915E-5 9.02777E-5 1.0081E-4 9.87496E-5 8.12583E-5 8.46132E-5 1.00341E-4 1.04272E-4 9.28777E-5 9.64928E-5 9.96641E-5 1.00497E-4 9.93984E-5 1.00236E-4 1.05292E-4 1.01664E-4 8.98081E-5 7.68328E-5 6.97555E-5 7.2234E-5 7.8461E-5 7.52562E-5 7.18974E-5 7.10098E-5 7.69222E-5 8.7173E-5 8.45483E-5 8.08046E-5 6.97268E-5
1.44591E-4 1.39609E-4 1.61874E-4 1.58871E-4 1.48745E-4 1.30584E-4 1.52915E-4 1.18118E-4 1.30012E-4 1.42751E-4 1.17422E-4 1.03246E-4 1.04705E-4 1.00355E-4 1.00355E-4 1.24251E-4 1.26565E-4 1.21616E-4 1.31666E-4 1.2027E-4 1.1082E-4 1.1824E-4 1.08479E-4 9.67226E-5 8.99756E-5 1.08834E-4 1.01055E-4 1.13349E-4 1.12005E-4 1.07401E-4 9.36697E-5 8.5591E-5 7.71534E-5 7.94452E-5 7.99541E-5 7.99541E-5 8.49857E-5 8.24873E-5 9.57681E-5 1.02521E-4 9.22363E-5 8.97662E-5 9.23565E-5 9.88632E-5 9.7692E-5 9.48503E-5 9.34459E-5 9.76653E-5 8.75306E-5 7.85366E-5 6.65354E-5 6.71334E-5 6.98916E-5 8.62434E-5 7.84843E-5 7.52617E-5 6.54226E-5 6.07885E-5 6.47304E-5 7.38943E-5 7.8058E-5
1.28531E-4 1.19241E-4 1.33051E-4 1.39777E-4 1.39992E-4 1.16947E-4 1.35487E-4 1.10744E-4 1.31912E-4 1.3454E-4 1.02768E-4 9.77131E-5 9.74654E-5 9.53057E-5 9.04264E-5 9.55061E-5 9.5145E-5 9.66354E-5 1.20281E-4 1.25019E-4 1.08718E-4 9.87801E-5 8.94622E-5 8.83979E-5 8.52499E-5 8.52499E-5 8.53555E-5 1.01716E-4 1.10564E-4 1.10433E-4 9.3034E-5 7.69243E-5 7.88582E-5 7.96036E-5 7.68865E-5 7.7765E-5 7.53621E-5 8.90672E-5 7.4903E-5 7.78087E-5 8.47999E-5 8.8466E-5 9.46706E-5 1.03484E-4 9.50372E-5 8.3665E-5 8.62336E-5 8.03118E-5 8.41827E-5 9.03508E-5 7.45537E-5 6.49487E-5 6.50769E-5 7.6802E-5 8.00136E-5 7.61154E-5 6.79893E-5 6.47188E-5 6.09989E-5 6.31477E-5 6.79291E-5
1.30396E-4 1.18738E-4 1.06191E-4 1.06082E-4 1.0393E-4 1.06217E-4 1.03141E-4 1.16369E-4 1.26923E-4 1.27346E-4 1.10116E-4 1.20244E-4 1.17184E-4 9.36059E-5 8.49213E-5 8.45992E-5 8.44918E-5 8.49446E-5 8.88908E-5 1.05224E-4 1.09671E-4 1.10177E-4 1.06846E-4 8.80936E-5 8.54053E-5 8.90797E-5 7.81292E-5 7.79629E-5 7.82745E-5 8.3941E-5 8.11257E-5 7.59831E-5 8.72183E-5 9.71702E-5 7.5821E-5 7.20783E-5 7.18213E-5 9.15287E-5 7.29612E-5 6.97082E-5 7.25583E-5 9.07613E-5 9.25391E-5 9.32226E-5 8.69128E-5 7.48129E-5 8.03458E-5 7.43928E-5 9.01359E-5 9.18954E-5 8.60518E-5 6.65023E-5 5.89779E-5 6.33662E-5 6.47647E-5 6.97148E-5 6.94443E-5 7.48777E-5 6.677E-5 5.95346E-5 6.10512E-5
1.08559E-4 1.05348E-4 1.10659E-4 1.04052E-4 9.15171E-5 1.20313E-4 9.90398E-5 8.23802E-5 1.10008E-4 1.1917E-4 1.18051E-4 1.2235E-4 1.14719E-4 9.89422E-5 9.05852E-5 8.5247E-5 8.14073E-5 8.25617E-5 8.27701E-5 8.66103E-5 9.49389E-5 1.10732E-4 1.0921E-4 9.31816E-5 8.65844E-5 9.60603E-5 8.63091E-5 7.62321E-5 7.38764E-5 7.50671E-5 7.97311E-5 8.54619E-5 9.57491E-5 8.59509E-5 7.64978E-5 7.02057E-5 6.96495E-5 8.7453E-5 7.69988E-5 7.00595E-5 6.66256E-5 7.0838E-5 7.74508E-5 8.18035E-5 8.98516E-5 7.45008E-5 6.79197E-5 6.96272E-5 8.00099E-5 9.06678E-5 8.53706E-5 7.43973E-5 6.18765E-5 6.24064E-5 6.46503E-5 7.6071E-5 7.06227E-5 7.75624E-5 7.70638E-5 6.12628E-5 6.13855E-5
1.13624E-4 1.13541E-4 1.11548E-4 9.66801E-5 1.02261E-4 1.03879E-4 9.19114E-5 8.38762E-5 7.69272E-5 9.74674E-5 1.17479E-4 1.1371E-4 1.06313E-4 1.01376E-4 9.01428E-5 8.4498E-5 9.3679E-5 8.17345E-5 7.72254E-5 7.5731E-5 8.40021E-5 7.40349E-5 8.81241E-5 7.53253E-5 9.61708E-5 8.54191E-5 8.3678E-5 8.83245E-5 8.19557E-5 7.33756E-5 7.12169E-5 7.70399E-5 8.32648E-5 8.52763E-5 8.02161E-5 7.12874E-5 7.115E-5 8.12669E-5 8.14824E-5 7.83717E-5 7.19828E-5 6.35264E-5 6.21006E-5 6.71143E-5 7.84045E-5 7.10362E-5 6.29475E-5 6.139E-5 7.1591E-5 7.68355E-5 7.40463E-5 6.6051E-5 7.05694E-5 6.13452E-5 6.02172E-5 6.56503E-5 7.29573E-5 7.49566E-5 7.32301E-5 6.12703E-5 6.02446E-5
1.0463E-4 9.58604E-5 1.10798E-4 1.12426E-4 1.02622E-4 1.0243E-4 1.00503E-4 8.41782E-5 7.62233E-5 9.40275E-5 1.02254E-4 1.05494E-4 9.99343E-5 9.32039E-5 7.53173E-5 8.17289E-5 8.72336E-5 8.4589E-5 7.29628E-5 6.65463E-5 6.58565E-5 6.50299E-5 6.66649E-5 7.0633E-5 8.02917E-5 7.86382E-5 7.98241E-5 7.31365E-5 6.75246E-5 5.96847E-5 6.08289E-5 5.75137E-5 6.04213E-5 7.57534E-5 6.55473E-5 6.55745E-5 6.55745E-5 8.02069E-5 5.66008E-5 6.20486E-5 6.59232E-5 6.69586E-5 6.12629E-5 6.18664E-5 7.07783E-5 7.89999E-5 6.67569E-5 6.92728E-5 8.11184E-5 7.28877E-5 6.88248E-5 6.42316E-5 6.3573E-5 5.81471E-5 5.52486E-5 5.78084E-5 6.23079E-5 7.20721E-5 7.19233E-5 6.80817E-5 6.1329E-5
1.05202E-4 9.02278E-5 9.39424E-5 9.7893E-5 9.06066E-5 7.826E-5 8.79534E-5 8.78181E-5 7.86396E-5 8.82895E-5 8.49369E-5 9.2309E-5 1.00705E-4 8.30894E-5 8.62569E-5 9.11307E-5 8.33098E-5 7.70278E-5 8.33399E-5 8.19333E-5 7.04633E-5 6.46601E-5 6.53549E-5 7.04064E-5 6.47047E-5 7.30504E-5 8.07395E-5 6.67427E-5 6.34542E-5 5.87447E-5 6.58114E-5 5.93348E-5 5.82885E-5 6.58371E-5 6.68484E-5 5.88546E-5 7.10394E-5 6.3668E-5 5.96805E-5 6.27929E-5 6.27865E-5 6.04657E-5 5.07053E-5 5.79097E-5 5.49149E-5 6.25498E-5 7.33596E-5 6.89289E-5 7.24028E-5 7.67206E-5 8.04511E-5 7.45003E-5 6.49765E-5 5.73082E-5 5.50064E-5 5.78674E-5 5.97018E-5 6.46014E-5 7.14145E-5 6.83283E-5 6.18512E-5
