Artocarpus hirsutus SDM files/Last interglacial/results (without bias file)/Arthir_7.asc
ncols         625
nrows         721
xllcorner     69.99986311115
yllcorner     5.99986151914999
cellsize      0.041666667
NODATA_value  -9999
[rows 0 to 26 of 721, columns 427 to 487 of 625]
1.1264E-4 1.00053E-4 9.88869E-5 9.89639E-5 9.54655E-5 9.72979E-5 9.85473E-5 1.01048E-4 9.72767E-5 9.62703E-5 1.00006E-4 9.97925E-5 9.22725E-5 9.19315E-5 9.41583E-5 9.80266E-5 9.82349E-5 1.00111E-4 9.96801E-5 9.66737E-5 9.70898E-5 9.68817E-5 9.89117E-5 9.3254E-5 9.38568E-5 9.44598E-5 9.80266E-5 9.79812E-5 9.86239E-5 1.03784E-4 9.66267E-5 9.84845E-5 1.04089E-4 1.00373E-4 9.48294E-5 9.453E-5 9.89117E-5 1.12363E-4 1.12715E-4 9.92254E-5 9.36428E-5 8.81678E-5 9.27557E-5 9.31056E-5 9.7957E-5 1.00213E-4 1.00103E-4 1.05821E-4 1.16407E-4 1.06428E-4 1.04264E-4 1.03929E-4 9.77083E-5 9.45568E-5 9.40488E-5 9.35409E-5 9.13103E-5 9.41594E-5 7.98571E-5 7.77312E-5 7.86339E-5
9.79351E-5 9.57832E-5 9.90232E-5 9.54009E-5 9.45578E-5 9.87047E-5 1.00993E-4 9.75786E-5 1.04155E-4 9.45199E-5 9.87556E-5 1.03549E-4 9.76253E-5 9.24016E-5 9.70261E-5 9.95452E-5 9.91315E-5 9.81825E-5 1.00944E-4 9.88869E-5 9.79249E-5 9.49484E-5 9.75255E-5 9.38395E-5 9.90281E-5 1.00476E-4 1.00146E-4 9.64269E-5 9.80977E-5 1.02977E-4 9.64269E-5 9.89247E-5 1.04584E-4 9.59276E-5 9.58252E-5 9.77876E-5 9.89117E-5 1.03314E-4 1.05197E-4 1.07443E-4 1.06262E-4 1.05688E-4 9.87132E-5 9.80726E-5 9.42629E-5 9.51336E-5 9.608E-5 1.02382E-4 1.05796E-4 1.06361E-4 1.02927E-4 1.08744E-4 9.60277E-5 9.5831E-5 9.16861E-5 8.16321E-5 8.58669E-5 8.8826E-5 8.61629E-5 7.77469E-5 8.31198E-5
9.7448E-5 9.86363E-5 9.60165E-5 9.80173E-5 9.91659E-5 1.03732E-4 1.01647E-4 9.78815E-5 9.60165E-5 9.75744E-5 9.92957E-5 9.67998E-5 9.75501E-5 9.50449E-5 9.67797E-5 9.64907E-5 9.99214E-5 9.91853E-5 9.91853E-5 9.80955E-5 9.8003E-5 9.71703E-5 9.57798E-5 9.43867E-5 9.73575E-5 9.81246E-5 9.99588E-5 9.73257E-5 1.01303E-4 9.69723E-5 9.78251E-5 1.04004E-4 1.0005E-4 9.49442E-5 9.64764E-5 1.00112E-4 9.72259E-5 1.0059E-4 1.02408E-4 9.79373E-5 9.921E-5 1.03947E-4 1.11282E-4 9.97107E-5 9.49481E-5 9.59514E-5 9.9363E-5 1.01722E-4 1.0219E-4 1.05297E-4 9.32114E-5 1.07731E-4 9.84674E-5 1.05035E-4 9.10641E-5 8.71786E-5 8.5151E-5 8.64259E-5 8.59875E-5 8.98619E-5 9.503E-5
1.03822E-4 1.04615E-4 1.00751E-4 1.04427E-4 9.61866E-5 1.02635E-4 9.9019E-5 9.69534E-5 9.03272E-5 9.87421E-5 9.56759E-5 9.51644E-5 9.60165E-5 9.51644E-5 9.66869E-5 9.47274E-5 1.00337E-4 9.948E-5 9.9019E-5 9.99406E-5 1.00952E-4 9.64203E-5 9.57974E-5 1.01275E-4 9.73555E-5 9.92957E-5 9.95354E-5 9.7431E-5 1.00625E-4 1.00895E-4 1.034E-4 1.03701E-4 1.03892E-4 9.92615E-5 9.91702E-5 9.7431E-5 9.9564E-5 1.07708E-4 9.82557E-5 9.66071E-5 1.01759E-4 1.02927E-4 1.07604E-4 1.07717E-4 1.09416E-4 1.09551E-4 1.06832E-4 9.45829E-5 9.73058E-5 1.09243E-4 1.13558E-4 9.24929E-5 1.07447E-4 9.52947E-5 9.73764E-5 9.81786E-5 8.41853E-5 8.33701E-5 9.11324E-5 9.73389E-5 1.00572E-4
9.70422E-5 9.81879E-5 1.05308E-4 1.0658E-4 1.08043E-4 9.80173E-5 9.98485E-5 1.08043E-4 9.58463E-5 9.75744E-5 9.58864E-5 9.50844E-5 9.36552E-5 9.69851E-5 9.90788E-5 1.05366E-4 9.95184E-5 9.93422E-5 9.91659E-5 1.01594E-4 1.07789E-4 9.94303E-5 9.90134E-5 1.02805E-4 9.75251E-5 1.04483E-4 9.16474E-5 9.7431E-5 9.8896E-5 1.05339E-4 1.02216E-4 1.0113E-4 1.04521E-4 9.71802E-5 9.91512E-5 1.01864E-4 1.02216E-4 1.11224E-4 9.56857E-5 9.5241E-5 9.68965E-5 1.07403E-4 1.03927E-4 1.14466E-4 1.1435E-4 1.08744E-4 1.02029E-4 1.086E-4 1.02613E-4 1.01556E-4 1.06101E-4 1.04517E-4 9.22108E-5 8.7047E-5 9.17896E-5 9.34541E-5 8.4409E-5 9.29252E-5 1.00164E-4 9.13134E-5 8.74887E-5
1.04001E-4 1.065E-4 1.07606E-4 1.03642E-4 1.10573E-4 1.06961E-4 1.03552E-4 1.07329E-4 1.00841E-4 9.69593E-5 9.91007E-5 9.48228E-5 9.6206E-5 9.61534E-5 1.00629E-4 1.03358E-4 1.08848E-4 1.065E-4 1.04156E-4 9.97981E-5 1.02624E-4 1.12718E-4 1.10095E-4 1.08248E-4 9.76292E-5 9.63716E-5 9.90134E-5 1.01991E-4 9.7981E-5 9.56857E-5 9.8557E-5 1.00141E-4 1.04214E-4 9.89926E-5 9.82886E-5 1.00447E-4 1.03909E-4 1.00025E-4 9.49635E-5 9.45568E-5 9.77083E-5 9.81294E-5 9.77083E-5 9.71823E-5 1.00964E-4 1.01618E-4 1.115E-4 1.15655E-4 1.00494E-4 8.62505E-5 9.95682E-5 9.87316E-5 9.75819E-5 8.39625E-5 8.69478E-5 9.1758E-5 8.98204E-5 8.74887E-5 8.38549E-5 8.31355E-5 8.06227E-5
9.64453E-5 1.06382E-4 9.87965E-5 1.09619E-4 9.9709E-5 1.02653E-4 1.02567E-4 1.01619E-4 1.011E-4 9.62875E-5 9.7127E-5 9.72108E-5 1.01014E-4 1.01533E-4 1.04695E-4 1.04246E-4 1.11336E-4 1.11812E-4 1.08614E-4 1.02481E-4 1.00667E-4 1.06367E-4 1.12519E-4 1.11422E-4 9.42614E-5 9.38375E-5 1.03622E-4 9.60351E-5 9.27772E-5 9.44888E-5 1.0358E-4 1.03497E-4 1.06824E-4 1.03403E-4 9.90397E-5 9.60277E-5 9.61841E-5 9.58788E-5 9.69983E-5 1.0046E-4 1.04121E-4 1.10884E-4 1.08837E-4 1.06062E-4 1.05678E-4 1.02975E-4 9.43726E-5 1.07201E-4 9.97712E-5 8.22274E-5 9.44093E-5 8.09182E-5 8.0802E-5 8.22371E-5 8.15191E-5 8.39532E-5 8.41389E-5 8.13397E-5 7.88068E-5 8.1878E-5 8.16088E-5
1.03911E-4 1.07082E-4 1.0778E-4 1.07344E-4 1.07519E-4 1.11702E-4 1.07519E-4 9.93777E-5 9.82971E-5 9.7622E-5 9.69593E-5 9.8314E-5 1.09712E-4 1.08248E-4 1.08064E-4 1.08889E-4 1.0898E-4 1.11621E-4 1.11609E-4 1.01991E-4 1.07049E-4 1.00754E-4 1.06352E-4 1.04832E-4 9.91742E-5 1.0182E-4 1.04672E-4 9.47643E-5 9.26086E-5 9.68805E-5 1.06402E-4 1.12343E-4 1.05547E-4 9.98532E-5 9.61631E-5 9.67733E-5 9.95822E-5 9.76799E-5 9.6431E-5 1.06858E-4 1.17772E-4 1.21503E-4 1.22644E-4 1.16383E-4 9.63728E-5 8.28131E-5 8.6624E-5 1.01027E-4 8.43483E-5 8.74268E-5 9.13138E-5 9.32974E-5 8.5151E-5 8.49142E-5 8.31493E-5 8.5205E-5 8.39449E-5 8.37649E-5 8.3675E-5 8.55201E-5 8.7987E-5
1.07307E-4 1.10121E-4 1.08367E-4 1.09172E-4 1.13672E-4 1.10522E-4 1.02876E-4 1.0436E-4 9.8896E-5 1.03156E-4 9.98532E-5 1.00212E-4 1.00515E-4 1.0706E-4 1.15041E-4 1.15898E-4 1.07363E-4 1.13646E-4 1.13054E-4 1.0023E-4 1.08082E-4 1.04933E-4 1.02016E-4 1.05675E-4 1.00588E-4 1.00965E-4 1.05041E-4 9.90397E-5 9.85099E-5 1.05916E-4 1.11609E-4 1.02211E-4 1.08486E-4 9.77707E-5 1.01491E-4 1.12951E-4 1.1294E-4 9.80939E-5 1.00746E-4 1.17334E-4 1.18764E-4 1.20521E-4 1.14792E-4 1.03621E-4 1.00746E-4 8.92393E-5 9.28243E-5 8.97168E-5 8.80421E-5 9.2867E-5 9.72734E-5 1.0493E-4 9.10068E-5 8.68402E-5 9.05922E-5 8.93171E-5 9.43641E-5 8.94937E-5 8.49259E-5 9.47899E-5 9.94785E-5
1.10847E-4 1.14453E-4 1.15569E-4 1.13216E-4 1.13646E-4 1.15256E-4 1.10464E-4 1.09436E-4 1.01923E-4 1.05862E-4 9.65445E-5 1.03777E-4 1.04749E-4 1.1718E-4 1.18352E-4 1.14904E-4 1.02655E-4 1.04324E-4 1.14788E-4 1.12032E-4 1.04572E-4 1.13001E-4 1.10572E-4 9.8043E-5 1.01526E-4 1.0881E-4 1.11505E-4 1.03304E-4 1.11773E-4 1.02815E-4 1.04694E-4 1.12239E-4 1.16171E-4 9.93521E-5 1.05934E-4 1.22622E-4 1.12693E-4 9.67467E-5 1.01909E-4 1.17271E-4 1.20379E-4 1.25026E-4 1.13238E-4 1.15112E-4 1.20906E-4 1.07088E-4 1.04301E-4 8.86238E-5 8.62522E-5 9.34309E-5 9.57869E-5 9.65235E-5 8.7176E-5 8.77725E-5 9.28536E-5 8.41745E-5 8.76864E-5 8.74279E-5 8.76002E-5 9.79616E-5 9.62272E-5
1.0341E-4 1.12332E-4 1.1654E-4 1.18565E-4 1.1313E-4 1.07161E-4 1.15256E-4 1.13878E-4 1.05862E-4 1.10365E-4 9.72085E-5 9.6512E-5 9.91742E-5 1.03817E-4 1.06876E-4 1.00867E-4 1.10415E-4 1.05582E-4 1.03613E-4 1.03105E-4 1.10741E-4 1.13349E-4 1.16016E-4 1.01909E-4 1.02613E-4 1.05217E-4 1.05112E-4 1.06157E-4 1.05426E-4 1.03439E-4 1.07009E-4 1.19171E-4 1.20849E-4 1.08121E-4 9.95327E-5 1.07096E-4 1.05131E-4 1.00696E-4 1.17044E-4 1.18503E-4 1.23956E-4 1.1314E-4 1.15906E-4 1.03978E-4 1.18169E-4 1.1379E-4 1.13312E-4 8.8167E-5 8.93171E-5 8.7416E-5 9.38478E-5 9.29426E-5 8.89778E-5 8.92862E-5 8.91968E-5 8.72555E-5 8.69106E-5 9.01866E-5 8.9128E-5 8.82948E-5 8.89428E-5
1.06607E-4 1.10265E-4 1.03419E-4 1.20411E-4 1.11868E-4 9.93111E-5 1.02505E-4 1.08347E-4 1.12237E-4 9.99578E-5 1.00999E-4 1.011E-4 1.02008E-4 1.06053E-4 1.01705E-4 1.06261E-4 1.05217E-4 1.15232E-4 1.04024E-4 1.06783E-4 1.05844E-4 1.06053E-4 1.08243E-4 1.01402E-4 1.0009E-4 1.02498E-4 1.02812E-4 1.04694E-4 1.01201E-4 9.96858E-5 1.09848E-4 1.24283E-4 1.21046E-4 1.09721E-4 1.03322E-4 1.05753E-4 1.01222E-4 1.07151E-4 1.22148E-4 1.27954E-4 1.23731E-4 1.197E-4 1.08153E-4 9.89097E-5 8.83618E-5 1.02818E-4 9.92876E-5 8.56129E-5 8.45746E-5 8.88057E-5 9.10717E-5 9.10717E-5 8.88918E-5 8.67381E-5 8.94648E-5 8.9927E-5 8.96354E-5 9.21152E-5 9.59605E-5 9.8238E-5 1.00356E-4
1.02125E-4 1.08181E-4 1.03118E-4 1.01201E-4 1.05595E-4 1.0467E-4 1.0553E-4 1.08201E-4 1.09042E-4 1.02714E-4 9.79208E-5 9.89786E-5 1.02288E-4 1.02498E-4 1.03858E-4 1.0323E-4 1.01451E-4 1.08741E-4 1.05934E-4 1.04225E-4 1.05321E-4 1.04485E-4 1.03858E-4 1.01503E-4 1.03845E-4 1.10367E-4 1.08094E-4 1.13514E-4 1.07016E-4 1.04838E-4 1.04003E-4 1.10071E-4 1.06291E-4 1.01811E-4 1.02746E-4 1.09473E-4 1.07701E-4 1.17372E-4 1.17894E-4 1.14644E-4 1.21441E-4 1.30483E-4 1.1935E-4 9.28255E-5 9.15176E-5 1.01775E-4 1.00574E-4 8.45937E-5 8.63301E-5 8.783E-5 8.95644E-5 8.77472E-5 8.92301E-5 8.82919E-5 8.93956E-5 8.89525E-5 9.44074E-5 9.67203E-5 9.41543E-5 9.81913E-5 1.09123E-4
1.05887E-4 1.12729E-4 1.01852E-4 1.03814E-4 1.02534E-4 1.04351E-4 1.04715E-4 1.02651E-4 1.02328E-4 1.01362E-4 9.80183E-5 1.00863E-4 1.011E-4 1.04302E-4 1.01604E-4 1.02434E-4 1.02707E-4 1.05646E-4 1.05539E-4 1.06142E-4 1.06184E-4 1.06399E-4 1.11014E-4 1.21653E-4 1.19455E-4 1.16953E-4 1.20181E-4 1.13514E-4 1.00622E-4 1.02181E-4 1.00545E-4 1.01522E-4 1.04613E-4 1.13169E-4 1.18394E-4 1.23541E-4 1.30263E-4 1.17156E-4 1.13135E-4 1.15802E-4 1.19451E-4 1.35897E-4 1.16124E-4 9.43753E-5 1.08456E-4 1.06108E-4 1.0752E-4 9.47587E-5 8.45937E-5 9.4682E-5 1.04672E-4 9.03426E-5 8.64536E-5 8.84626E-5 9.54816E-5 8.94857E-5 9.33078E-5 9.22988E-5 9.30327E-5 9.97659E-5 9.7502E-5
1.19032E-4 1.15578E-4 1.14003E-4 1.06731E-4 1.03918E-4 1.03001E-4 1.04925E-4 1.06756E-4 1.07008E-4 1.04527E-4 9.75967E-5 9.96865E-5 1.01222E-4 1.04198E-4 1.04198E-4 1.01021E-4 1.07202E-4 1.12145E-4 1.03907E-4 1.07899E-4 1.04863E-4 1.08097E-4 1.08545E-4 1.12404E-4 1.15112E-4 1.19318E-4 1.29477E-4 1.13029E-4 9.83943E-5 9.66824E-5 9.70693E-5 9.87168E-5 1.04085E-4 1.08559E-4 1.07454E-4 1.08338E-4 1.08228E-4 1.03125E-4 1.08449E-4 1.16872E-4 1.1781E-4 1.28096E-4 1.23334E-4 1.19344E-4 1.18268E-4 1.08508E-4 9.78588E-5 9.51395E-5 1.01636E-4 1.06246E-4 9.2207E-5 9.26658E-5 8.96613E-5 8.88638E-5 9.91849E-5 1.04822E-4 8.86754E-5 9.27575E-5 9.68222E-5 9.36745E-5 9.20612E-5
1.17185E-4 1.22763E-4 1.1422E-4 1.09685E-4 1.08211E-4 1.02582E-4 1.10009E-4 1.17716E-4 1.02971E-4 1.02551E-4 1.03882E-4 9.97418E-5 1.0161E-4 1.03936E-4 1.04155E-4 1.03721E-4 1.09184E-4 1.15454E-4 1.13898E-4 1.15617E-4 1.10337E-4 1.0628E-4 1.0396E-4 1.0042E-4 1.02469E-4 1.10878E-4 1.21206E-4 1.01335E-4 1.01027E-4 1.01336E-4 1.01851E-4 1.05365E-4 1.05792E-4 1.04218E-4 1.04299E-4 1.03872E-4 1.03872E-4 1.11666E-4 1.13792E-4 1.13084E-4 1.12643E-4 1.24188E-4 1.27666E-4 1.27653E-4 1.09615E-4 1.04537E-4 1.04231E-4 1.05148E-4 1.06166E-4 1.04447E-4 9.44396E-5 9.31244E-5 9.46298E-5 9.54854E-5 9.79229E-5 9.84112E-5 9.69163E-5 9.61631E-5 9.33515E-5 8.43199E-5 9.40129E-5
1.12763E-4 1.09752E-4 1.17713E-4 1.1332E-4 1.09073E-4 1.06155E-4 1.19355E-4 1.14991E-4 1.07288E-4 1.00895E-4 1.004E-4 9.91972E-5 1.09087E-4 1.19492E-4 1.21528E-4 1.08684E-4 1.08772E-4 1.16229E-4 1.19097E-4 1.05922E-4 9.86479E-5 9.91007E-5 9.88136E-5 9.98451E-5 1.03189E-4 1.0216E-4 1.05685E-4 1.02778E-4 9.98451E-5 9.99445E-5 1.03292E-4 1.05929E-4 1.06538E-4 1.02778E-4 1.05717E-4 1.08928E-4 1.08599E-4 1.13482E-4 1.26708E-4 1.27997E-4 1.23823E-4 1.18504E-4 1.1771E-4 1.10046E-4 1.04435E-4 9.61485E-5 1.036E-4 1.04871E-4 1.06775E-4 1.06892E-4 1.06348E-4 1.06022E-4 9.17292E-5 9.36172E-5 9.37116E-5 9.4938E-5 9.29565E-5 9.17292E-5 9.1918E-5 9.70435E-5 9.69899E-5
1.15995E-4 1.07947E-4 1.14931E-4 1.10126E-4 1.13932E-4 1.12079E-4 1.18016E-4 1.21058E-4 1.11736E-4 1.02833E-4 9.99512E-5 1.01959E-4 1.21416E-4 1.22361E-4 1.24914E-4 1.16977E-4 1.18554E-4 1.11241E-4 1.10639E-4 1.11155E-4 9.96907E-5 9.71506E-5 9.7767E-5 9.79144E-5 1.01368E-4 1.00821E-4 1.00248E-4 9.93878E-5 1.01636E-4 1.05046E-4 1.04945E-4 1.0762E-4 1.07092E-4 1.07197E-4 1.07197E-4 1.06775E-4 1.05294E-4 1.08819E-4 1.19864E-4 1.26109E-4 1.24422E-4 1.12106E-4 1.04027E-4 1.01909E-4 9.63801E-5 9.76912E-5 1.01373E-4 1.10242E-4 1.05217E-4 1.07327E-4 1.07001E-4 8.70727E-5 1.08778E-4 9.92896E-5 9.48437E-5 9.23156E-5 8.32226E-5 8.46952E-5 8.70727E-5 8.74349E-5 9.62206E-5
1.11102E-4 1.11229E-4 1.12949E-4 1.16391E-4 1.11296E-4 1.05896E-4 1.0559E-4 1.07482E-4 1.04377E-4 1.03359E-4 1.00684E-4 1.02209E-4 1.14188E-4 1.23018E-4 1.38485E-4 1.38816E-4 1.35221E-4 1.21232E-4 1.16872E-4 1.10042E-4 1.00476E-4 9.99339E-5 9.83744E-5 9.84263E-5 1.01518E-4 1.0215E-4 1.01338E-4 1.03347E-4 1.01557E-4 1.05363E-4 1.02688E-4 1.0184E-4 1.03405E-4 1.03307E-4 1.02226E-4 1.00849E-4 1.02904E-4 1.08088E-4 1.12269E-4 1.17543E-4 1.07303E-4 1.10045E-4 1.05217E-4 1.06256E-4 9.81316E-5 9.85185E-5 1.0021E-4 1.04587E-4 9.92026E-5 1.08632E-4 1.00137E-4 9.81951E-5 1.01791E-4 1.1272E-4 1.09175E-4 9.82271E-5 8.36649E-5 8.7929E-5 9.90011E-5 8.72101E-5 8.52461E-5
1.06226E-4 1.10483E-4 1.08014E-4 1.06038E-4 1.06038E-4 1.02146E-4 1.02825E-4 1.03077E-4 1.04227E-4 1.12647E-4 1.24524E-4 1.08422E-4 1.0948E-4 1.18375E-4 1.31817E-4 1.39348E-4 1.36842E-4 1.34062E-4 1.29001E-4 1.08069E-4 1.03438E-4 9.79819E-5 9.86877E-5 9.69565E-5 9.79287E-5 1.08547E-4 1.09158E-4 1.04482E-4 1.02269E-4 9.85553E-5 1.01879E-4 1.04503E-4 1.01699E-4 1.03347E-4 1.04163E-4 1.029E-4 1.03933E-4 1.05952E-4 1.09175E-4 1.11564E-4 1.05742E-4 1.04587E-4 1.11238E-4 1.1502E-4 1.10609E-4 1.0283E-4 1.07665E-4 1.14543E-4 1.03774E-4 1.12593E-4 9.83309E-5 1.02662E-4 1.02559E-4 1.01317E-4 1.03594E-4 9.94373E-5 9.88377E-5 1.02455E-4 1.00935E-4 9.97062E-5 1.0057E-4
1.0723E-4 1.076E-4 1.07188E-4 1.1228E-4 1.10945E-4 1.07609E-4 1.17937E-4 1.11932E-4 1.08522E-4 1.16105E-4 1.2623E-4 1.09653E-4 1.02821E-4 1.15049E-4 1.28644E-4 1.38979E-4 1.42783E-4 1.31258E-4 1.30553E-4 1.196E-4 1.07477E-4 1.03773E-4 9.69924E-5 1.01055E-4 1.14813E-4 1.15913E-4 1.20507E-4 1.09194E-4 1.0173E-4 9.78319E-5 1.04383E-4 1.05616E-4 1.02433E-4 1.11843E-4 1.04207E-4 1.04132E-4 1.01336E-4 1.05519E-4 1.05348E-4 1.07838E-4 1.09929E-4 1.14193E-4 1.2995E-4 1.21835E-4 1.14708E-4 1.09607E-4 1.08347E-4 1.0843E-4 1.01986E-4 9.9873E-5 9.92998E-5 1.02084E-4 1.039E-4 1.03232E-4 1.00453E-4 1.02232E-4 9.92859E-5 9.9837E-5 1.00536E-4 1.00037E-4 1.01691E-4
1.20442E-4 1.16793E-4 1.08722E-4 1.17211E-4 1.08213E-4 1.17324E-4 1.28968E-4 1.23159E-4 1.21491E-4 1.22769E-4 1.1764E-4 1.03748E-4 1.17038E-4 1.15218E-4 1.24147E-4 1.32709E-4 1.33925E-4 1.36841E-4 1.29762E-4 1.26767E-4 1.12875E-4 1.16168E-4 1.04273E-4 1.1162E-4 1.2555E-4 1.20034E-4 1.11939E-4 1.04472E-4 9.90597E-5 1.0036E-4 1.03677E-4 1.02413E-4 1.02344E-4 1.04225E-4 1.00736E-4 1.01429E-4 1.03386E-4 1.13723E-4 1.1772E-4 1.1483E-4 1.14245E-4 1.15258E-4 1.17128E-4 1.29578E-4 1.26775E-4 1.08798E-4 9.74867E-5 9.5877E-5 9.85026E-5 1.05118E-4 1.1698E-4 1.18859E-4 1.12293E-4 1.02614E-4 9.96333E-5 1.02531E-4 1.00073E-4 1.05154E-4 1.07053E-4 1.04635E-4 9.9377E-5
1.21561E-4 1.18531E-4 1.12838E-4 1.01637E-4 1.00437E-4 1.0533E-4 1.26783E-4 1.26464E-4 1.35578E-4 1.30103E-4 1.17865E-4 1.22323E-4 1.26721E-4 1.11064E-4 1.13804E-4 1.18248E-4 1.30414E-4 1.25136E-4 1.19718E-4 1.15004E-4 1.09058E-4 1.08911E-4 1.05017E-4 1.14984E-4 1.27436E-4 1.28371E-4 1.05445E-4 1.06635E-4 1.09221E-4 1.09663E-4 1.02794E-4 1.02877E-4 1.08618E-4 1.09756E-4 1.08317E-4 9.5445E-5 1.01068E-4 1.12284E-4 1.1536E-4 1.26347E-4 1.25093E-4 1.17377E-4 1.17377E-4 1.23208E-4 1.16692E-4 1.00654E-4 9.44792E-5 9.60762E-5 1.01534E-4 1.18251E-4 1.33416E-4 1.22268E-4 1.17015E-4 1.08553E-4 1.03802E-4 1.02944E-4 1.05551E-4 1.1076E-4 1.07254E-4 1.10849E-4 1.04478E-4
1.107E-4 1.13613E-4 1.00634E-4 8.75122E-5 9.13359E-5 8.7657E-5 9.32775E-5 1.06992E-4 1.05319E-4 1.23092E-4 1.29016E-4 1.30771E-4 1.1604E-4 1.05057E-4 1.044E-4 1.21517E-4 1.44058E-4 1.40256E-4 1.24784E-4 1.17242E-4 1.17472E-4 1.25149E-4 1.15739E-4 1.21178E-4 1.30395E-4 1.28905E-4 1.08855E-4 1.06579E-4 1.06068E-4 1.06708E-4 1.03127E-4 1.07396E-4 1.06414E-4 1.14656E-4 1.10111E-4 1.08508E-4 9.83507E-5 1.00517E-4 1.1766E-4 1.21478E-4 1.32617E-4 1.27309E-4 1.16106E-4 1.1624E-4 1.00568E-4 9.68192E-5 9.49323E-5 9.89187E-5 1.04308E-4 1.13203E-4 1.29391E-4 1.31118E-4 1.32502E-4 1.08729E-4 1.10579E-4 1.05712E-4 1.07315E-4 1.02082E-4 1.02018E-4 1.02038E-4 1.02137E-4
1.10121E-4 1.13902E-4 1.02236E-4 9.7585E-5 9.99379E-5 8.5844E-5 8.74103E-5 9.56097E-5 9.77037E-5 1.01609E-4 1.05909E-4 1.12971E-4 1.14444E-4 1.04414E-4 1.11428E-4 1.31923E-4 1.3168E-4 1.23722E-4 1.1872E-4 1.24784E-4 1.26858E-4 1.32415E-4 1.30974E-4 1.2841E-4 1.16464E-4 1.1741E-4 1.16975E-4 1.13417E-4 1.00948E-4 1.0321E-4 1.01127E-4 1.08221E-4 1.08308E-4 1.03466E-4 1.03004E-4 1.04421E-4 9.94675E-5 1.02562E-4 1.19362E-4 1.26818E-4 1.31806E-4 1.29831E-4 1.28727E-4 1.15979E-4 9.98241E-5 9.60764E-5 9.75744E-5 1.00262E-4 1.06396E-4 1.14999E-4 1.10662E-4 1.10588E-4 1.1154E-4 1.07506E-4 1.04505E-4 1.06075E-4 1.06078E-4 9.8611E-5 9.87985E-5 1.02161E-4 1.04732E-4
1.04804E-4 1.09485E-4 1.16316E-4 1.04545E-4 9.33001E-5 8.45965E-5 8.90035E-5 9.39889E-5 9.46365E-5 9.33076E-5 9.68218E-5 1.0729E-4 1.13833E-4 1.08328E-4 1.05519E-4 1.17068E-4 1.05925E-4 9.60087E-5 1.27991E-4 1.37375E-4 1.35392E-4 1.26045E-4 1.21243E-4 1.32102E-4 1.2739E-4 1.26233E-4 1.15883E-4 1.10647E-4 1.00763E-4 1.01655E-4 1.11902E-4 1.09618E-4 1.05678E-4 9.60616E-5 9.60725E-5 1.00631E-4 1.09207E-4 1.15091E-4 1.21224E-4 1.26967E-4 1.27482E-4 1.27443E-4 1.24312E-4 1.12373E-4 1.03996E-4 9.98792E-5 1.0221E-4 1.03373E-4 1.11864E-4 1.11727E-4 1.06069E-4 1.07798E-4 1.07891E-4 1.01291E-4 1.00016E-4 1.00917E-4 1.0701E-4 1.02479E-4 1.00727E-4 1.04633E-4 1.05446E-4
1.08324E-4 1.09707E-4 1.00914E-4 9.69363E-5 8.22946E-5 8.03068E-5 9.6276E-5 1.00359E-4 1.04017E-4 1.00071E-4 9.6086E-5 1.06506E-4 1.04829E-4 9.91371E-5 1.05143E-4 1.09098E-4 1.05039E-4 1.06997E-4 1.13828E-4 1.21803E-4 1.278E-4 1.12092E-4 1.19697E-4 1.1976E-4 1.15039E-4 1.18667E-4 1.14816E-4 1.05732E-4 1.05742E-4 1.03964E-4 1.23908E-4 1.1657E-4 1.07872E-4 9.95171E-5 9.69923E-5 1.04798E-4 1.19387E-4 1.33787E-4 1.33676E-4 1.34887E-4 1.35107E-4 1.32994E-4 1.19015E-4 1.18823E-4 1.1122E-4 9.93419E-5 1.02713E-4 1.09629E-4 1.16025E-4 1.11092E-4 1.05698E-4 1.04692E-4 1.03511E-4 1.06576E-4 1.01038E-4 1.03616E-4 1.05837E-4 1.05584E-4 1.10379E-4 1.06408E-4 1.04571E-4
