Artocarpus hirsutus SDM files/Last interglacial/results (without bias file)/Arthir_1.asc
ncols         625
nrows         721
xllcorner     69.99986311115
yllcorner     5.99986151914999
cellsize      0.041666667
NODATA_value  -9999
[rows 378 to 404 of 721, columns 183 to 243 of 625]
4.9279E-4 4.80025E-4 4.47608E-4 4.16592E-4 4.36667E-4 4.50799E-4 4.87484E-4 4.89538E-4 5.77225E-4 5.65876E-4 5.77903E-4 5.65858E-4 4.90228E-4 5.23529E-4 7.68882E-4 5.68696E-4 4.77499E-4 7.00785E-4 5.90737E-4 6.53609E-4 7.91711E-4 7.60519E-4 7.68527E-4 6.16443E-4 6.12216E-4 6.64006E-4 6.92941E-4 6.66441E-4 6.74614E-4 7.00965E-4 6.81666E-4 6.92489E-4 6.95627E-4 7.1577E-4 6.76445E-4 7.64312E-4 7.79475E-4 7.21685E-4 6.57224E-4 7.10166E-4 7.88699E-4 7.59528E-4 7.58953E-4 7.812E-4 7.48942E-4 6.8505E-4 6.6375E-4 6.02762E-4 6.53242E-4 8.01676E-4 8.01344E-4 7.33566E-4 6.62669E-4 7.58663E-4 7.59194E-4 7.23334E-4 7.66661E-4 8.38135E-4 8.88023E-4 8.79032E-4 9.26902E-4
4.49387E-4 4.66005E-4 5.13391E-4 5.35104E-4 5.6943E-4 4.82074E-4 4.85125E-4 4.82005E-4 5.44739E-4 5.53788E-4 5.36822E-4 5.18344E-4 4.82628E-4 5.48735E-4 5.63574E-4 5.88249E-4 4.88649E-4 6.99087E-4 6.31656E-4 6.21074E-4 7.01641E-4 6.89342E-4 7.76224E-4 8.79619E-4 6.86755E-4 6.68038E-4 6.95992E-4 6.67934E-4 6.77602E-4 7.49142E-4 6.9372E-4 6.68479E-4 7.14274E-4 6.70482E-4 7.03119E-4 7.43819E-4 7.16434E-4 7.47473E-4 7.07501E-4 6.64343E-4 8.32852E-4 7.63667E-4 7.51242E-4 7.43255E-4 8.1251E-4 6.76503E-4 6.59176E-4 6.50374E-4 6.05517E-4 6.84387E-4 7.98507E-4 7.26599E-4 6.56988E-4 7.7226E-4 7.1534E-4 7.78774E-4 7.34465E-4 8.36542E-4 8.71077E-4 8.79861E-4 9.28473E-4
4.32123E-4 4.51471E-4 4.86623E-4 5.24388E-4 5.74935E-4 5.16767E-4 4.57998E-4 4.61434E-4 4.55317E-4 5.01316E-4 5.32901E-4 5.70473E-4 5.00409E-4 5.75538E-4 7.79562E-4 5.26519E-4 5.25119E-4 7.69412E-4 8.69909E-4 5.23708E-4 6.03956E-4 6.81728E-4 7.88299E-4 9.0427E-4 8.14813E-4 7.38575E-4 6.64953E-4 6.79492E-4 7.40234E-4 7.15906E-4 6.63944E-4 6.30277E-4 6.87479E-4 6.9767E-4 7.23824E-4 7.07461E-4 7.31655E-4 8.25556E-4 7.44043E-4 6.61503E-4 6.58605E-4 8.03218E-4 6.89525E-4 7.82967E-4 7.90229E-4 8.55351E-4 7.93603E-4 7.27756E-4 5.6377E-4 6.26881E-4 7.58314E-4 7.76835E-4 6.42208E-4 7.87742E-4 6.94359E-4 7.40513E-4 7.95611E-4 8.46596E-4 8.9928E-4 9.41462E-4 9.52764E-4
4.65046E-4 4.56388E-4 4.54078E-4 4.90358E-4 4.6839E-4 5.43103E-4 5.25005E-4 4.74957E-4 4.96721E-4 5.24251E-4 5.11722E-4 5.24819E-4 5.0751E-4 5.63427E-4 6.18823E-4 5.72937E-4 5.3749E-4 7.71191E-4 7.79545E-4 6.56671E-4 5.93462E-4 7.52868E-4 8.10706E-4 7.09686E-4 6.70135E-4 8.73114E-4 8.22526E-4 6.89628E-4 6.47018E-4 6.91054E-4 6.73107E-4 6.71469E-4 6.5654E-4 6.87479E-4 6.85436E-4 7.22239E-4 8.03411E-4 8.20796E-4 7.66592E-4 6.4793E-4 7.12806E-4 8.13169E-4 7.01386E-4 7.01049E-4 7.27969E-4 8.63415E-4 1.10321E-3 7.79442E-4 5.42305E-4 5.91889E-4 7.42783E-4 7.54155E-4 6.75272E-4 8.08047E-4 6.80989E-4 7.24913E-4 7.86494E-4 8.07709E-4 8.53466E-4 8.48228E-4 9.08402E-4
5.02317E-4 4.4557E-4 4.60629E-4 5.37572E-4 4.58042E-4 4.80193E-4 5.23125E-4 5.8558E-4 5.53438E-4 5.58187E-4 5.44241E-4 5.58781E-4 5.23465E-4 5.38041E-4 6.19664E-4 6.21836E-4 5.32723E-4 7.05558E-4 7.80973E-4 6.43893E-4 5.98948E-4 6.03596E-4 6.32586E-4 6.82599E-4 7.52696E-4 7.86154E-4 6.94049E-4 6.80126E-4 6.93145E-4 7.01504E-4 7.04343E-4 6.59066E-4 6.77967E-4 6.55746E-4 6.94583E-4 7.33658E-4 7.78268E-4 7.445E-4 7.12097E-4 6.41974E-4 7.47074E-4 7.85761E-4 7.88751E-4 6.29591E-4 8.04607E-4 8.26994E-4 9.61932E-4 8.00321E-4 5.65971E-4 5.98251E-4 6.95589E-4 6.64945E-4 7.18346E-4 7.33732E-4 7.61546E-4 7.62372E-4 7.04796E-4 8.06467E-4 8.74785E-4 9.05292E-4 8.6303E-4
5.33157E-4 5.8639E-4 6.13834E-4 5.32985E-4 5.16654E-4 4.77862E-4 4.95513E-4 4.84092E-4 4.89158E-4 5.01582E-4 5.04195E-4 5.63526E-4 5.1647E-4 5.79741E-4 5.79646E-4 6.48312E-4 5.9714E-4 6.27835E-4 7.71953E-4 7.26872E-4 6.32375E-4 5.74276E-4 6.7901E-4 8.3514E-4 8.30957E-4 8.3237E-4 6.66251E-4 6.53094E-4 6.62258E-4 6.52992E-4 6.37444E-4 6.79613E-4 6.94797E-4 6.9099E-4 6.54649E-4 7.25646E-4 7.29415E-4 7.41385E-4 6.85185E-4 6.52496E-4 7.16855E-4 7.71954E-4 8.0441E-4 6.37735E-4 6.23224E-4 7.90531E-4 7.86896E-4 7.73277E-4 6.35002E-4 5.96413E-4 6.62277E-4 7.13937E-4 6.92863E-4 6.84206E-4 7.75051E-4 8.01342E-4 6.90008E-4 7.8663E-4 9.48594E-4 9.50594E-4 1.06516E-3
6.37932E-4 7.35366E-4 5.87118E-4 5.83761E-4 4.88882E-4 6.15313E-4 5.23725E-4 5.91313E-4 5.26286E-4 5.46776E-4 5.62545E-4 5.20065E-4 5.8293E-4 5.13129E-4 7.34925E-4 7.11895E-4 5.77821E-4 6.23255E-4 7.52172E-4 7.2877E-4 6.49164E-4 5.66198E-4 6.49179E-4 7.82E-4 8.44781E-4 9.09083E-4 7.34335E-4 6.28682E-4 6.9662E-4 6.67376E-4 6.68887E-4 6.35867E-4 7.06507E-4 6.51507E-4 6.59268E-4 6.76292E-4 7.54615E-4 7.94146E-4 6.69195E-4 6.40428E-4 7.48359E-4 8.01342E-4 8.05649E-4 6.64584E-4 6.14336E-4 6.20976E-4 6.65987E-4 6.35864E-4 6.86807E-4 6.1466E-4 7.06036E-4 6.36782E-4 6.58044E-4 6.73183E-4 7.58318E-4 7.31736E-4 7.09707E-4 8.01938E-4 8.3827E-4 8.53521E-4 8.89916E-4
5.6774E-4 5.32284E-4 5.53775E-4 5.07511E-4 5.04998E-4 4.90412E-4 6.38218E-4 6.23906E-4 6.40643E-4 6.83272E-4 5.27936E-4 4.76025E-4 5.71634E-4 6.04079E-4 8.04475E-4 6.43679E-4 5.58119E-4 6.24943E-4 7.44784E-4 6.82576E-4 6.08287E-4 6.08044E-4 6.30568E-4 6.89428E-4 7.56848E-4 8.5564E-4 8.26712E-4 6.19462E-4 6.018E-4 6.51135E-4 7.10672E-4 6.14494E-4 6.298E-4 6.23904E-4 6.56909E-4 6.84208E-4 7.53182E-4 7.14624E-4 6.71839E-4 6.62783E-4 7.64178E-4 7.80027E-4 8.21969E-4 7.98376E-4 7.01073E-4 6.49905E-4 6.14732E-4 6.02097E-4 6.90221E-4 6.73931E-4 7.03716E-4 6.26512E-4 7.30955E-4 6.73988E-4 6.59677E-4 6.52439E-4 7.26342E-4 7.65925E-4 8.01888E-4 8.47615E-4 7.75693E-4
5.93252E-4 5.29716E-4 5.04528E-4 5.997E-4 5.42991E-4 5.38669E-4 5.54709E-4 5.3562E-4 5.9238E-4 5.98487E-4 6.5013E-4 5.9817E-4 5.67442E-4 5.67731E-4 7.06685E-4 5.95427E-4 5.71814E-4 6.16044E-4 7.20137E-4 8.1583E-4 6.02003E-4 5.58536E-4 6.5269E-4 7.57016E-4 7.94445E-4 8.38385E-4 8.58299E-4 6.51262E-4 5.95086E-4 5.8981E-4 6.65954E-4 7.24591E-4 6.84396E-4 6.21609E-4 6.14027E-4 6.62252E-4 6.98634E-4 7.04446E-4 6.74545E-4 6.38801E-4 7.22495E-4 8.19463E-4 7.61894E-4 7.16767E-4 6.96396E-4 7.4186E-4 6.61756E-4 6.15679E-4 6.21042E-4 7.27327E-4 6.99187E-4 5.96644E-4 6.62001E-4 6.94386E-4 6.78703E-4 6.59279E-4 6.84666E-4 7.03159E-4 7.67794E-4 8.95244E-4 8.55478E-4
5.0181E-4 5.44102E-4 5.14052E-4 5.61482E-4 6.04874E-4 5.31277E-4 4.86526E-4 5.02968E-4 5.28363E-4 5.53504E-4 5.45052E-4 5.59552E-4 5.648E-4 5.65428E-4 5.86392E-4 6.03436E-4 6.01067E-4 6.07247E-4 6.33981E-4 7.97706E-4 7.66926E-4 5.93089E-4 5.84835E-4 6.55986E-4 7.13802E-4 8.18674E-4 7.55782E-4 6.79887E-4 6.05849E-4 5.65681E-4 6.18908E-4 7.6275E-4 7.45229E-4 6.69102E-4 6.00124E-4 6.16749E-4 6.45033E-4 6.60391E-4 6.63898E-4 6.50838E-4 6.68824E-4 7.85794E-4 7.08335E-4 6.64408E-4 6.57997E-4 7.09537E-4 6.33875E-4 6.13041E-4 5.89082E-4 6.78779E-4 6.58536E-4 6.16904E-4 6.46346E-4 6.6238E-4 6.65032E-4 7.24556E-4 7.08182E-4 6.98259E-4 7.745E-4 1.0042E-3 1.03911E-3
4.80716E-4 5.17167E-4 5.16555E-4 4.96145E-4 4.8651E-4 4.86602E-4 5.55022E-4 6.91185E-4 5.72804E-4 5.79331E-4 5.6232E-4 6.02008E-4 6.30061E-4 6.25849E-4 5.8481E-4 5.91638E-4 6.1721E-4 6.13107E-4 6.06809E-4 6.57402E-4 7.49042E-4 6.21703E-4 5.60769E-4 6.05834E-4 6.99102E-4 7.58075E-4 6.61472E-4 6.71336E-4 6.619E-4 6.1778E-4 5.98373E-4 6.70667E-4 6.51437E-4 6.90035E-4 6.31468E-4 5.88973E-4 6.3824E-4 7.05627E-4 6.28091E-4 6.17709E-4 5.97827E-4 6.91896E-4 6.51665E-4 6.33381E-4 5.97019E-4 6.8169E-4 7.11625E-4 6.30726E-4 5.83848E-4 6.24494E-4 6.1142E-4 6.07575E-4 7.01666E-4 7.30445E-4 7.2096E-4 7.76464E-4 7.57564E-4 6.74276E-4 7.71347E-4 9.01813E-4 9.44045E-4
4.69435E-4 4.81618E-4 5.09807E-4 4.85718E-4 5.83347E-4 4.98676E-4 6.57592E-4 8.12342E-4 7.21891E-4 5.48804E-4 5.45703E-4 5.70583E-4 6.25032E-4 7.44678E-4 6.57363E-4 5.73425E-4 6.4296E-4 6.48302E-4 5.41709E-4 6.20158E-4 6.31248E-4 5.77893E-4 5.97476E-4 5.8775E-4 6.35905E-4 6.47066E-4 6.5968E-4 6.36107E-4 6.39532E-4 6.27741E-4 6.37256E-4 5.99405E-4 6.10602E-4 6.03717E-4 6.10466E-4 6.05276E-4 6.37036E-4 6.65992E-4 6.34869E-4 5.87885E-4 5.90272E-4 5.89474E-4 5.97691E-4 5.97531E-4 6.04826E-4 7.33768E-4 7.11597E-4 6.09236E-4 5.81867E-4 5.80645E-4 5.78802E-4 6.5637E-4 6.75947E-4 7.11253E-4 7.33416E-4 7.56678E-4 7.75069E-4 7.08591E-4 7.58055E-4 8.54482E-4 9.14039E-4
4.96415E-4 4.93986E-4 5.07372E-4 5.51742E-4 6.29191E-4 4.98676E-4 5.87661E-4 5.94065E-4 6.03919E-4 7.21164E-4 7.33594E-4 6.94715E-4 7.59607E-4 7.72724E-4 6.01513E-4 5.6784E-4 5.91881E-4 6.61572E-4 5.72076E-4 6.5302E-4 6.89741E-4 5.76251E-4 6.04534E-4 6.36554E-4 6.41157E-4 6.27071E-4 6.0809E-4 5.93893E-4 6.09737E-4 6.22185E-4 6.4646E-4 5.97057E-4 6.19601E-4 5.9276E-4 6.33582E-4 6.0474E-4 6.47641E-4 7.01573E-4 6.05109E-4 5.52665E-4 5.76443E-4 6.01513E-4 6.44407E-4 5.60228E-4 5.27165E-4 6.14745E-4 6.83262E-4 6.66545E-4 5.75242E-4 5.79752E-4 5.78625E-4 6.34278E-4 6.6329E-4 7.0932E-4 7.40901E-4 7.3169E-4 7.94324E-4 8.13952E-4 8.21807E-4 8.07432E-4 8.26954E-4
6.55141E-4 5.54069E-4 5.30986E-4 5.94264E-4 5.50129E-4 4.98461E-4 5.15774E-4 5.34514E-4 5.9934E-4 6.69566E-4 6.6355E-4 7.10129E-4 5.46665E-4 6.27299E-4 7.07131E-4 7.20012E-4 6.06587E-4 6.80883E-4 6.56238E-4 5.65628E-4 5.70597E-4 5.81051E-4 5.71758E-4 6.20524E-4 6.2384E-4 5.8014E-4 6.24051E-4 5.91225E-4 5.79737E-4 6.17688E-4 5.86217E-4 6.05179E-4 6.15704E-4 6.07036E-4 6.38275E-4 5.95403E-4 6.25352E-4 6.29504E-4 5.63476E-4 5.73611E-4 5.53516E-4 5.92935E-4 6.5272E-4 5.65621E-4 5.28721E-4 6.43689E-4 6.98198E-4 6.51739E-4 5.79857E-4 5.96298E-4 5.82716E-4 5.84188E-4 6.55479E-4 7.36895E-4 7.30627E-4 7.04951E-4 7.13656E-4 8.39082E-4 8.76061E-4 8.56039E-4 8.15648E-4
6.37986E-4 7.42649E-4 6.30782E-4 5.42678E-4 5.5456E-4 4.77868E-4 5.17579E-4 6.38252E-4 4.85436E-4 5.10498E-4 5.77175E-4 7.46773E-4 5.64851E-4 5.31722E-4 6.23689E-4 8.57873E-4 7.89005E-4 5.76523E-4 5.45018E-4 5.26993E-4 5.48508E-4 5.57349E-4 5.92564E-4 6.45849E-4 6.71356E-4 6.83369E-4 5.9196E-4 5.73438E-4 5.71946E-4 6.25515E-4 6.68551E-4 6.73117E-4 7.11967E-4 6.12803E-4 8.07148E-4 9.09019E-4 5.9765E-4 5.69674E-4 5.53677E-4 5.33595E-4 5.26134E-4 5.16559E-4 5.69724E-4 5.55272E-4 5.20645E-4 6.21086E-4 7.17721E-4 6.01151E-4 6.26241E-4 6.19246E-4 5.80031E-4 5.57022E-4 6.62551E-4 7.34495E-4 7.36066E-4 6.70369E-4 6.69338E-4 7.35801E-4 9.50434E-4 9.33825E-4 8.66076E-4
5.86249E-4 5.60119E-4 7.17798E-4 6.5302E-4 5.81471E-4 5.07363E-4 5.96204E-4 5.53854E-4 4.99223E-4 5.97599E-4 4.95694E-4 5.56688E-4 5.36921E-4 5.30492E-4 6.61454E-4 7.38286E-4 6.04336E-4 5.3054E-4 5.31392E-4 5.27513E-4 5.57183E-4 5.65942E-4 5.74529E-4 6.23238E-4 6.59529E-4 5.98208E-4 6.67891E-4 9.31328E-4 8.5663E-4 9.49466E-4 8.87749E-4 8.73011E-4 8.46004E-4 8.02998E-4 6.79481E-4 8.68923E-4 6.41737E-4 8.62796E-4 7.11291E-4 5.2206E-4 4.65694E-4 5.56219E-4 4.83153E-4 4.93539E-4 4.97804E-4 6.05488E-4 7.05197E-4 5.58056E-4 5.38495E-4 5.85046E-4 5.78883E-4 5.72995E-4 6.82498E-4 6.93371E-4 7.21173E-4 6.97658E-4 6.26492E-4 6.92749E-4 8.72305E-4 9.41328E-4 1.15285E-3
5.20432E-4 5.59904E-4 6.03897E-4 6.03498E-4 5.43289E-4 5.44639E-4 5.95872E-4 6.5545E-4 5.51877E-4 5.59576E-4 6.52553E-4 6.37711E-4 6.93E-4 4.84404E-4 5.89752E-4 6.55302E-4 7.43834E-4 5.68646E-4 6.00805E-4 5.39957E-4 5.77332E-4 6.23353E-4 5.40973E-4 6.43434E-4 6.95763E-4 8.97713E-4 6.36308E-4 6.79004E-4 8.28152E-4 8.78074E-4 7.89396E-4 6.85113E-4 7.46376E-4 6.85927E-4 7.04022E-4 8.2433E-4 8.14126E-4 7.93795E-4 6.78818E-4 6.51614E-4 5.34122E-4 5.17433E-4 4.72132E-4 4.62808E-4 4.63211E-4 5.86544E-4 7.15744E-4 5.305E-4 5.23781E-4 5.53647E-4 5.59365E-4 5.87606E-4 6.68272E-4 7.32706E-4 7.23843E-4 6.68177E-4 6.7129E-4 7.06824E-4 7.40609E-4 8.37636E-4 1.19459E-3
5.93339E-4 6.05596E-4 5.43694E-4 5.87189E-4 5.53224E-4 5.08789E-4 6.05777E-4 7.383E-4 6.7438E-4 6.24409E-4 6.49411E-4 5.36954E-4 5.87737E-4 4.89342E-4 5.33412E-4 6.52225E-4 1.03061E-3 8.83261E-4 6.19875E-4 5.78174E-4 6.62016E-4 7.42758E-4 6.24804E-4 8.91792E-4 9.12031E-4 8.32033E-4 6.58529E-4 7.60482E-4 7.34158E-4 6.33439E-4 7.2756E-4 8.06336E-4 6.32272E-4 6.42742E-4 7.94672E-4 8.6171E-4 7.41842E-4 7.39638E-4 7.3538E-4 5.43273E-4 6.99352E-4 6.05214E-4 6.41732E-4 5.30274E-4 4.22761E-4 5.62933E-4 5.66348E-4 4.96298E-4 5.22973E-4 5.61E-4 6.00624E-4 5.88249E-4 5.93065E-4 6.81541E-4 6.92968E-4 6.72076E-4 6.88364E-4 7.11545E-4 7.58892E-4 8.30566E-4 1.0303E-3
6.13506E-4 6.35772E-4 6.25497E-4 6.79554E-4 6.14445E-4 5.11754E-4 5.01309E-4 6.19049E-4 7.00821E-4 5.3559E-4 6.14264E-4 4.96872E-4 4.92565E-4 5.68006E-4 5.37887E-4 6.09983E-4 8.95839E-4 7.27807E-4 7.1413E-4 8.57233E-4 7.12077E-4 6.43117E-4 6.96119E-4 7.69069E-4 8.31995E-4 8.45614E-4 8.41453E-4 7.90461E-4 6.19401E-4 6.35346E-4 6.15964E-4 6.21102E-4 6.66105E-4 6.69429E-4 8.17217E-4 8.01965E-4 6.92483E-4 6.44369E-4 7.18431E-4 5.81032E-4 5.27238E-4 5.12351E-4 9.04696E-4 7.27705E-4 5.80678E-4 4.91639E-4 4.51185E-4 4.79137E-4 5.79706E-4 5.84993E-4 6.27875E-4 5.55907E-4 6.46488E-4 5.74949E-4 6.32791E-4 7.57446E-4 7.23626E-4 7.6963E-4 8.95508E-4 9.77332E-4 1.1579E-3
6.36501E-4 5.75035E-4 5.92288E-4 6.40352E-4 5.88752E-4 6.17142E-4 5.426E-4 6.2879E-4 6.14584E-4 6.00292E-4 5.25874E-4 5.86591E-4 7.91309E-4 6.74591E-4 5.43816E-4 6.48852E-4 8.23829E-4 6.83484E-4 7.36345E-4 8.81648E-4 6.61734E-4 6.53118E-4 6.25246E-4 7.12318E-4 7.62402E-4 7.4841E-4 7.30268E-4 7.975E-4 7.30917E-4 6.80902E-4 6.79577E-4 6.07863E-4 5.61975E-4 5.43339E-4 6.31299E-4 6.07671E-4 6.67949E-4 6.2588E-4 6.59809E-4 6.1606E-4 5.21802E-4 5.63299E-4 7.39982E-4 7.524E-4 5.92867E-4 5.64164E-4 5.02672E-4 5.36218E-4 7.21834E-4 5.66428E-4 5.34183E-4 5.57528E-4 5.53708E-4 6.73314E-4 6.08193E-4 6.88212E-4 7.72224E-4 8.79204E-4 8.78574E-4 9.19718E-4 1.04587E-3
5.89638E-4 5.69249E-4 5.72832E-4 5.89719E-4 6.08365E-4 6.39957E-4 6.6888E-4 5.78578E-4 5.9278E-4 6.2022E-4 6.26836E-4 6.86931E-4 8.01062E-4 7.5135E-4 7.8337E-4 7.32921E-4 6.83875E-4 6.21084E-4 6.57462E-4 7.01363E-4 7.06108E-4 6.72369E-4 6.11926E-4 6.29836E-4 7.39524E-4 6.73061E-4 6.85339E-4 6.67234E-4 7.77473E-4 8.32737E-4 6.39465E-4 6.1767E-4 6.57013E-4 5.33104E-4 5.64612E-4 6.16808E-4 5.69837E-4 5.52709E-4 5.75991E-4 5.53997E-4 5.74792E-4 5.50401E-4 6.91322E-4 8.59511E-4 6.26118E-4 5.62503E-4 5.34061E-4 5.70853E-4 6.68446E-4 6.16666E-4 5.86683E-4 5.31722E-4 5.72832E-4 7.082E-4 7.70156E-4 6.83001E-4 7.29144E-4 7.67025E-4 8.07026E-4 8.65851E-4 9.76756E-4
5.43189E-4 5.75717E-4 5.90315E-4 6.13218E-4 6.14575E-4 6.37475E-4 6.60803E-4 6.18402E-4 6.56336E-4 6.27947E-4 6.70471E-4 8.01099E-4 7.90678E-4 8.5573E-4 7.75527E-4 6.20285E-4 6.28532E-4 5.99243E-4 5.79718E-4 7.14289E-4 6.89289E-4 6.69416E-4 6.49694E-4 5.54382E-4 6.8334E-4 6.3931E-4 7.00344E-4 6.904E-4 8.1091E-4 8.38376E-4 6.52078E-4 7.53129E-4 6.53775E-4 7.18962E-4 6.9179E-4 7.92775E-4 7.52919E-4 6.3561E-4 6.10812E-4 5.70613E-4 5.57264E-4 5.79147E-4 7.07791E-4 7.91526E-4 5.47148E-4 5.68532E-4 6.19098E-4 6.80923E-4 6.23183E-4 6.7579E-4 6.3687E-4 6.29626E-4 6.2069E-4 6.7251E-4 9.78411E-4 6.85316E-4 6.76957E-4 7.57788E-4 8.32643E-4 8.59814E-4 8.95552E-4
5.99006E-4 5.73947E-4 6.0233E-4 6.46464E-4 6.41445E-4 6.3557E-4 7.17993E-4 7.17562E-4 7.20396E-4 6.60785E-4 6.84804E-4 6.83957E-4 7.32912E-4 7.72066E-4 5.96801E-4 5.95927E-4 5.8245E-4 5.90475E-4 5.4829E-4 6.06609E-4 7.00454E-4 6.47701E-4 6.55698E-4 6.04155E-4 6.05197E-4 6.1987E-4 6.50638E-4 7.10926E-4 7.3218E-4 8.15228E-4 8.33024E-4 7.11652E-4 6.83575E-4 7.05E-4 6.63642E-4 5.82904E-4 5.47763E-4 5.67808E-4 5.14E-4 5.29949E-4 5.56407E-4 5.50353E-4 5.6443E-4 6.3798E-4 5.65755E-4 5.63469E-4 5.77693E-4 6.36167E-4 6.88049E-4 6.81068E-4 6.67955E-4 6.2438E-4 6.25198E-4 6.14985E-4 7.25822E-4 7.33296E-4 6.70575E-4 7.99762E-4 8.60515E-4 1.0972E-3 9.76733E-4
6.07539E-4 6.33184E-4 6.56279E-4 7.11337E-4 7.67725E-4 7.76711E-4 7.12548E-4 6.54743E-4 7.56223E-4 7.11404E-4 6.26106E-4 5.50129E-4 6.15183E-4 6.90038E-4 7.12434E-4 7.01467E-4 5.7374E-4 6.02052E-4 5.95472E-4 6.12E-4 5.90672E-4 5.52136E-4 6.0518E-4 5.86795E-4 5.65342E-4 5.68533E-4 6.39721E-4 7.44683E-4 7.34725E-4 8.03785E-4 8.80283E-4 7.89894E-4 7.24913E-4 6.8273E-4 6.65163E-4 5.75007E-4 7.59532E-4 7.3227E-4 6.57093E-4 5.59344E-4 5.76625E-4 5.35802E-4 5.34135E-4 5.28287E-4 5.69249E-4 5.66487E-4 5.47042E-4 5.79754E-4 6.05607E-4 6.34208E-4 6.90268E-4 6.88144E-4 8.13203E-4 6.1451E-4 6.18183E-4 6.42434E-4 6.70347E-4 6.95502E-4 7.63528E-4 8.9102E-4 8.49328E-4
6.01757E-4 5.91721E-4 6.17774E-4 6.38054E-4 6.09989E-4 5.89679E-4 5.65009E-4 5.48198E-4 6.3961E-4 7.17659E-4 6.53115E-4 5.57423E-4 5.57587E-4 5.63433E-4 6.45414E-4 7.6461E-4 6.98598E-4 6.43798E-4 6.64785E-4 6.01554E-4 5.11459E-4 5.64008E-4 5.39719E-4 5.7859E-4 5.35277E-4 5.87599E-4 6.06256E-4 7.69997E-4 7.78801E-4 7.36708E-4 7.54255E-4 8.1323E-4 7.23842E-4 6.83576E-4 6.50715E-4 6.83718E-4 6.97483E-4 5.7954E-4 5.87809E-4 5.22944E-4 7.39342E-4 5.7162E-4 5.60675E-4 5.40304E-4 6.28055E-4 6.1081E-4 5.8866E-4 5.95645E-4 5.81904E-4 5.86937E-4 6.29691E-4 5.99471E-4 8.19817E-4 7.41786E-4 8.31921E-4 6.63767E-4 8.00818E-4 8.41627E-4 8.30691E-4 6.46059E-4 7.5682E-4
5.81616E-4 5.75286E-4 5.44856E-4 5.59722E-4 5.57326E-4 5.47759E-4 5.67715E-4 5.51238E-4 5.88564E-4 6.73754E-4 6.77469E-4 6.63487E-4 6.52437E-4 5.22931E-4 5.34471E-4 6.06636E-4 7.88257E-4 7.07974E-4 5.61556E-4 5.73248E-4 6.28885E-4 6.66122E-4 5.50295E-4 5.06896E-4 5.25331E-4 5.57776E-4 6.58995E-4 7.32797E-4 6.97789E-4 5.90083E-4 6.11319E-4 6.85098E-4 8.20845E-4 8.68536E-4 7.29251E-4 8.9866E-4 6.80313E-4 6.76644E-4 6.72445E-4 5.77402E-4 7.83761E-4 6.22056E-4 5.86987E-4 5.68361E-4 6.23679E-4 6.26515E-4 6.46168E-4 6.38805E-4 6.32785E-4 6.33381E-4 6.4785E-4 5.99103E-4 6.44594E-4 7.66407E-4 7.10584E-4 6.58868E-4 9.23611E-4 1.01786E-3 1.09438E-3 8.2552E-4 7.08655E-4
7.09296E-4 5.79515E-4 7.06118E-4 6.16936E-4 5.56132E-4 4.87181E-4 5.71602E-4 5.99785E-4 5.57209E-4 6.0518E-4 5.63967E-4 6.09639E-4 6.07284E-4 5.87225E-4 5.32989E-4 5.68579E-4 6.27599E-4 7.00057E-4 7.33926E-4 6.56481E-4 6.2285E-4 5.49375E-4 5.57517E-4 5.48439E-4 4.82116E-4 5.28411E-4 6.02029E-4 7.13066E-4 7.31276E-4 5.9407E-4 5.88126E-4 5.86594E-4 6.30627E-4 8.71786E-4 7.17743E-4 9.1144E-4 6.78974E-4 6.30134E-4 5.56506E-4 5.56182E-4 8.06781E-4 7.28827E-4 7.08918E-4 6.33673E-4 5.97551E-4 5.6023E-4 5.76662E-4 5.88939E-4 6.11525E-4 6.56909E-4 6.68881E-4 6.45694E-4 6.74083E-4 9.63027E-4 7.00026E-4 6.59674E-4 9.2807E-4 1.11474E-3 1.2687E-3 1.2088E-3 7.69706E-4
