Artocarpus hirsutus SDM files/Last interglacial/results (without bias file)/Arthir_stddev.asc
ncols         625
nrows         721
xllcorner     69.99986311115
yllcorner     5.99986151914999
cellsize      0.041666667
NODATA_value  -9999
[rows 297 to 323 of 721, columns 244 to 304 of 625]
7.79267E-5 7.30711E-5 7.58546E-5 7.95359E-5 7.42848E-5 7.95207E-5 8.84191E-5 8.96683E-5 7.44968E-5 6.34163E-5 6.02396E-5 6.08077E-5 7.65886E-5 7.8138E-5 8.21961E-5 7.65086E-5 8.26278E-5 7.76838E-5 8.50054E-5 7.42445E-5 8.89875E-5 5.63366E-5 6.71146E-5 6.02478E-5 7.28567E-5 6.56898E-5 8.12486E-5 8.16354E-5 7.72062E-5 7.7461E-5 7.98882E-5 8.09711E-5 7.77565E-5 8.15889E-5 7.9116E-5 8.95709E-5 1.03299E-4 1.06615E-4 9.7434E-5 9.03658E-5 9.03767E-5 8.5183E-5 9.81301E-5 1.44244E-4 1.12269E-4 1.16681E-4 1.33367E-4 1.67759E-4 1.26843E-4 1.33778E-4 1.23821E-4 1.41705E-4 1.48952E-4 1.76553E-4 1.7446E-4 1.89783E-4 1.58553E-4 1.6307E-4 1.45362E-4 1.90427E-4 1.6909E-4
7.83085E-5 7.43636E-5 7.517E-5 8.10254E-5 8.61195E-5 8.6112E-5 7.82538E-5 7.0147E-5 6.18702E-5 5.74221E-5 6.15416E-5 5.6982E-5 7.84534E-5 8.66523E-5 8.87234E-5 7.76365E-5 7.30558E-5 8.80786E-5 9.28953E-5 1.01227E-4 8.20864E-5 7.13436E-5 6.00046E-5 7.22927E-5 6.78795E-5 7.03774E-5 8.21813E-5 8.6337E-5 8.86473E-5 9.1479E-5 9.60851E-5 9.60604E-5 9.39378E-5 9.80273E-5 9.91511E-5 1.07572E-4 1.06208E-4 1.08281E-4 9.45014E-5 9.98704E-5 9.6663E-5 1.15847E-4 1.10406E-4 1.5372E-4 1.39584E-4 1.4326E-4 1.66682E-4 1.70992E-4 1.62677E-4 1.39116E-4 1.73566E-4 1.78177E-4 1.48972E-4 1.51313E-4 2.2632E-4 2.45284E-4 1.86582E-4 2.17988E-4 1.60211E-4 1.813E-4 1.99686E-4
7.15684E-5 6.93566E-5 7.81157E-5 8.56543E-5 8.34089E-5 7.57608E-5 6.30044E-5 6.51064E-5 6.03476E-5 6.09793E-5 6.78383E-5 8.09203E-5 7.53036E-5 8.87247E-5 8.98384E-5 7.6978E-5 7.89956E-5 8.15047E-5 1.00971E-4 9.93922E-5 8.05702E-5 7.75995E-5 6.74122E-5 7.1348E-5 6.76865E-5 9.41201E-5 8.54274E-5 8.48537E-5 1.09934E-4 8.99496E-5 9.15969E-5 1.19196E-4 1.06482E-4 1.2055E-4 1.3054E-4 1.33037E-4 9.76245E-5 9.0167E-5 9.52718E-5 1.17037E-4 1.02701E-4 1.19157E-4 1.25152E-4 1.21876E-4 1.65535E-4 1.70858E-4 1.67099E-4 1.62333E-4 1.45201E-4 1.53744E-4 1.8269E-4 1.59175E-4 1.74806E-4 1.65975E-4 1.88976E-4 2.81332E-4 2.71368E-4 2.53075E-4 2.15567E-4 1.69539E-4 1.48083E-4
8.16646E-5 7.15328E-5 7.28692E-5 8.29104E-5 7.00045E-5 6.14527E-5 6.37152E-5 8.21631E-5 6.49669E-5 6.68998E-5 9.14359E-5 9.44097E-5 7.88467E-5 9.94518E-5 8.38062E-5 8.16748E-5 8.15793E-5 9.24184E-5 1.05332E-4 7.80833E-5 8.42676E-5 7.9957E-5 6.84049E-5 6.67393E-5 8.21431E-5 1.04663E-4 7.90456E-5 9.446E-5 1.02462E-4 8.82583E-5 1.02595E-4 1.4401E-4 1.41466E-4 1.16418E-4 9.48035E-5 9.5463E-5 8.08709E-5 9.06569E-5 9.17252E-5 1.14276E-4 1.09871E-4 1.0846E-4 1.24573E-4 1.35477E-4 1.36688E-4 1.49185E-4 1.5457E-4 1.83776E-4 1.8482E-4 2.35559E-4 2.14172E-4 2.08317E-4 1.94018E-4 2.02782E-4 1.93459E-4 1.8631E-4 2.00925E-4 2.07478E-4 1.94568E-4 2.19246E-4 2.32334E-4
7.08735E-5 7.01954E-5 7.67555E-5 7.46048E-5 7.04708E-5 6.94986E-5 8.11869E-5 9.82716E-5 6.79181E-5 7.37299E-5 8.90379E-5 1.00641E-4 8.29514E-5 1.02669E-4 9.21376E-5 7.90649E-5 1.02019E-4 9.21583E-5 8.5987E-5 7.63921E-5 8.27989E-5 8.08228E-5 7.50143E-5 7.2865E-5 9.29118E-5 1.04169E-4 8.0533E-5 9.06083E-5 9.70621E-5 9.63915E-5 1.11909E-4 1.21296E-4 8.92595E-5 8.96591E-5 9.11572E-5 1.08791E-4 9.50072E-5 9.72926E-5 1.01442E-4 1.10674E-4 8.66577E-5 1.00533E-4 9.70664E-5 1.14524E-4 1.14773E-4 1.30397E-4 1.26858E-4 1.28623E-4 1.34561E-4 2.01497E-4 1.77781E-4 1.82531E-4 2.19589E-4 2.37513E-4 1.83414E-4 1.84794E-4 1.76265E-4 1.78418E-4 1.59761E-4 1.74354E-4 1.79082E-4
7.87095E-5 8.00039E-5 8.16071E-5 8.94987E-5 8.76387E-5 8.85654E-5 9.41909E-5 9.27132E-5 6.73169E-5 7.2572E-5 8.27364E-5 8.76818E-5 8.84233E-5 1.10863E-4 1.15423E-4 1.13518E-4 1.01778E-4 7.59052E-5 7.98829E-5 7.77161E-5 8.37281E-5 9.75705E-5 8.11691E-5 1.14706E-4 1.06725E-4 1.16569E-4 1.1955E-4 9.2188E-5 1.0075E-4 1.03836E-4 1.17164E-4 9.96544E-5 1.02592E-4 9.88276E-5 1.0618E-4 1.29597E-4 1.43655E-4 1.20907E-4 1.47487E-4 1.65405E-4 1.37484E-4 1.22531E-4 1.22768E-4 1.19525E-4 1.20608E-4 1.0933E-4 1.2632E-4 1.35084E-4 1.39156E-4 1.41531E-4 1.90571E-4 1.8561E-4 1.64675E-4 1.77869E-4 1.76732E-4 1.87478E-4 2.02964E-4 2.07275E-4 1.95974E-4 2.4689E-4 1.93152E-4
8.84827E-5 9.80618E-5 8.44833E-5 8.99159E-5 8.79796E-5 8.92524E-5 9.75285E-5 1.03252E-4 7.15614E-5 8.43204E-5 1.07084E-4 1.07666E-4 1.02065E-4 1.33855E-4 1.24931E-4 9.76544E-5 7.44434E-5 7.28903E-5 8.22992E-5 9.05565E-5 1.00714E-4 1.15063E-4 1.00992E-4 1.30286E-4 1.19313E-4 1.37782E-4 9.2275E-5 9.6424E-5 1.18423E-4 1.08578E-4 1.12621E-4 1.0226E-4 1.44405E-4 1.66155E-4 1.57365E-4 1.49622E-4 1.20193E-4 1.12603E-4 1.34182E-4 1.4108E-4 1.34988E-4 1.49847E-4 1.54337E-4 1.36167E-4 1.22912E-4 1.34009E-4 1.4435E-4 1.52304E-4 1.46785E-4 1.43022E-4 1.41557E-4 1.58435E-4 1.53049E-4 1.73462E-4 1.99946E-4 2.33141E-4 2.72976E-4 3.15339E-4 2.83841E-4 2.87463E-4 2.58582E-4
9.81974E-5 9.57085E-5 8.28705E-5 8.7661E-5 8.57758E-5 9.62524E-5 1.25748E-4 1.08627E-4 7.71733E-5 1.09935E-4 1.15632E-4 1.14687E-4 1.28073E-4 1.40816E-4 9.17655E-5 7.39934E-5 7.59168E-5 8.60372E-5 9.60464E-5 9.29906E-5 1.00252E-4 1.15693E-4 1.35718E-4 1.58353E-4 1.43184E-4 1.22257E-4 9.95426E-5 1.03059E-4 1.44467E-4 1.24491E-4 1.35519E-4 1.14418E-4 1.21139E-4 1.48747E-4 1.43768E-4 1.29936E-4 1.14731E-4 1.1865E-4 1.17048E-4 1.35477E-4 1.28628E-4 1.31365E-4 1.50959E-4 1.61752E-4 1.51917E-4 1.67571E-4 1.77095E-4 1.69047E-4 1.53634E-4 1.58256E-4 1.66911E-4 1.62985E-4 2.01257E-4 2.2748E-4 2.535E-4 2.28302E-4 2.44699E-4 2.37663E-4 2.06897E-4 2.23141E-4 3.16122E-4
1.00393E-4 9.32173E-5 8.90548E-5 9.5199E-5 9.70252E-5 1.18656E-4 1.32271E-4 1.00116E-4 8.59324E-5 1.18967E-4 1.34464E-4 1.19769E-4 1.36245E-4 1.29416E-4 7.21652E-5 8.65464E-5 1.06103E-4 1.33492E-4 1.28784E-4 1.31109E-4 1.08226E-4 1.41488E-4 1.67549E-4 1.76277E-4 1.24348E-4 1.21399E-4 1.27133E-4 1.27513E-4 1.32664E-4 1.7682E-4 1.40847E-4 1.17374E-4 1.36531E-4 1.43549E-4 1.49277E-4 1.08729E-4 1.3779E-4 1.37338E-4 1.43122E-4 1.10504E-4 1.15853E-4 1.56755E-4 1.73606E-4 1.61546E-4 1.64501E-4 1.66418E-4 1.74029E-4 1.70321E-4 1.80901E-4 1.64192E-4 1.86606E-4 1.75274E-4 1.85028E-4 1.84792E-4 2.1576E-4 2.01546E-4 1.85224E-4 1.94283E-4 2.27873E-4 2.26979E-4 2.13131E-4
1.05388E-4 1.06408E-4 9.84764E-5 1.06479E-4 1.00358E-4 1.25227E-4 1.26361E-4 8.80124E-5 8.93559E-5 1.28682E-4 1.2833E-4 1.14875E-4 1.49354E-4 1.08717E-4 8.26315E-5 1.1072E-4 1.28691E-4 1.80098E-4 1.64706E-4 1.09007E-4 1.17912E-4 1.15212E-4 1.41683E-4 1.59487E-4 1.54466E-4 1.18578E-4 1.24636E-4 1.40987E-4 1.39598E-4 1.82597E-4 1.57287E-4 1.37694E-4 1.45401E-4 1.36879E-4 1.34258E-4 1.37175E-4 1.54284E-4 1.53359E-4 1.40902E-4 1.38539E-4 1.54145E-4 1.42393E-4 1.5962E-4 1.91494E-4 1.67577E-4 1.79649E-4 1.98269E-4 1.86882E-4 1.96193E-4 1.4064E-4 1.71247E-4 2.30793E-4 2.21034E-4 2.89181E-4 2.08752E-4 2.43309E-4 2.21951E-4 2.3357E-4 2.53865E-4 2.43858E-4 2.46299E-4
1.08434E-4 1.15977E-4 1.10282E-4 1.08579E-4 1.03314E-4 1.17374E-4 1.12485E-4 1.00342E-4 1.05507E-4 1.11226E-4 1.19286E-4 1.11441E-4 1.35196E-4 1.27841E-4 1.32005E-4 1.6219E-4 1.52928E-4 1.82875E-4 1.41354E-4 1.21804E-4 1.11533E-4 1.44844E-4 1.23667E-4 1.62249E-4 1.62922E-4 1.53248E-4 1.46282E-4 1.53911E-4 1.80597E-4 1.79914E-4 1.68574E-4 1.60542E-4 1.8287E-4 1.77953E-4 1.54077E-4 1.45149E-4 1.41663E-4 1.57033E-4 1.45592E-4 1.75434E-4 1.75484E-4 1.47695E-4 1.65189E-4 1.82213E-4 1.7685E-4 1.84437E-4 2.28793E-4 2.48717E-4 1.96368E-4 1.81337E-4 1.86816E-4 2.93788E-4 3.38315E-4 3.40251E-4 2.47237E-4 2.37513E-4 2.27019E-4 2.68095E-4 2.69091E-4 2.94722E-4 2.75034E-4
9.38385E-5 1.09286E-4 9.3412E-5 9.29407E-5 1.06679E-4 1.2239E-4 1.02249E-4 1.2373E-4 1.13916E-4 1.30091E-4 1.38311E-4 1.25119E-4 1.38213E-4 1.3826E-4 1.75946E-4 1.36756E-4 1.74606E-4 1.44105E-4 1.39717E-4 1.25033E-4 1.61818E-4 1.3655E-4 1.31802E-4 1.43782E-4 1.63728E-4 2.15094E-4 1.97034E-4 1.70002E-4 1.77059E-4 1.75532E-4 1.74373E-4 1.81388E-4 1.58854E-4 1.78448E-4 1.84713E-4 1.67887E-4 1.51925E-4 1.74518E-4 1.78971E-4 1.72145E-4 1.74442E-4 1.60712E-4 1.98066E-4 1.87048E-4 2.04637E-4 2.20118E-4 2.09529E-4 2.49108E-4 2.20528E-4 2.11851E-4 2.26835E-4 2.96616E-4 2.74616E-4 2.87658E-4 2.34829E-4 2.39859E-4 2.46637E-4 3.1587E-4 2.44092E-4 3.0373E-4 3.0772E-4
9.85712E-5 9.64279E-5 9.1473E-5 1.19537E-4 1.33793E-4 1.41238E-4 1.09289E-4 1.40001E-4 1.39059E-4 1.55748E-4 1.56767E-4 1.47073E-4 1.41351E-4 1.32722E-4 1.42812E-4 1.35702E-4 1.31001E-4 1.46464E-4 1.40716E-4 1.58826E-4 1.3236E-4 1.52051E-4 1.60054E-4 1.44167E-4 1.44533E-4 1.63137E-4 1.769E-4 1.9411E-4 1.68812E-4 1.74429E-4 1.76375E-4 1.55244E-4 2.04745E-4 1.93765E-4 1.95708E-4 1.71513E-4 1.44361E-4 1.43946E-4 1.45369E-4 1.45212E-4 1.59591E-4 1.88401E-4 1.90754E-4 1.78489E-4 2.25855E-4 2.27217E-4 2.21759E-4 2.22284E-4 2.04877E-4 2.23774E-4 2.16027E-4 2.70545E-4 2.348E-4 2.44106E-4 2.47578E-4 2.60552E-4 2.35582E-4 2.25423E-4 2.8607E-4 3.44226E-4 2.92385E-4
1.09543E-4 1.1124E-4 1.30657E-4 1.30953E-4 1.47478E-4 1.45814E-4 1.27015E-4 1.34912E-4 1.46288E-4 1.38467E-4 1.64388E-4 1.26838E-4 1.0033E-4 1.55556E-4 1.79619E-4 1.37436E-4 1.37733E-4 1.13657E-4 1.46869E-4 1.27881E-4 1.27931E-4 1.89595E-4 1.92603E-4 1.55947E-4 1.65946E-4 1.4951E-4 1.50024E-4 1.86073E-4 1.68648E-4 1.70613E-4 1.89367E-4 2.07352E-4 2.30005E-4 2.04002E-4 1.95342E-4 1.88724E-4 1.78284E-4 1.74231E-4 1.77834E-4 1.91738E-4 1.81706E-4 1.82672E-4 1.76914E-4 2.12948E-4 2.07465E-4 2.34715E-4 2.63542E-4 2.49651E-4 2.34833E-4 2.26967E-4 2.21665E-4 2.21474E-4 2.57448E-4 2.66988E-4 2.7439E-4 2.69245E-4 2.26703E-4 2.37071E-4 2.41142E-4 2.67998E-4 2.77851E-4
1.26209E-4 1.22957E-4 1.54736E-4 1.40183E-4 1.45288E-4 1.48192E-4 1.38385E-4 1.47928E-4 1.57761E-4 1.49888E-4 1.61847E-4 1.04604E-4 1.25556E-4 1.65459E-4 1.27826E-4 1.00945E-4 1.06785E-4 1.3019E-4 1.34579E-4 1.29862E-4 1.8477E-4 1.91444E-4 1.57033E-4 1.52894E-4 1.23254E-4 1.40737E-4 1.36983E-4 1.67265E-4 1.80894E-4 2.18561E-4 2.33579E-4 2.47546E-4 2.4571E-4 2.34349E-4 2.15887E-4 2.02839E-4 2.03276E-4 2.0847E-4 1.7198E-4 2.25366E-4 2.36604E-4 2.20379E-4 2.13499E-4 2.09375E-4 2.33644E-4 2.52236E-4 2.2893E-4 2.42091E-4 2.7705E-4 2.83987E-4 2.58343E-4 2.28448E-4 2.56211E-4 2.46691E-4 2.57914E-4 2.87423E-4 3.04333E-4 2.46454E-4 2.32196E-4 2.37572E-4 2.53419E-4
1.48804E-4 1.45229E-4 1.49519E-4 1.58035E-4 1.56671E-4 1.66309E-4 1.64609E-4 1.70724E-4 1.30839E-4 1.08179E-4 9.95025E-5 9.88041E-5 1.19704E-4 1.11093E-4 1.09438E-4 1.14378E-4 1.4138E-4 1.35423E-4 1.54717E-4 1.62772E-4 1.78318E-4 1.60352E-4 1.39801E-4 1.55027E-4 1.67091E-4 1.59684E-4 1.82167E-4 1.47179E-4 1.52236E-4 1.65033E-4 1.79947E-4 1.51775E-4 1.86747E-4 2.13012E-4 2.25063E-4 2.54362E-4 2.34156E-4 2.24507E-4 1.79193E-4 1.82186E-4 2.26359E-4 2.63466E-4 2.45498E-4 2.65769E-4 2.27034E-4 2.84224E-4 2.62703E-4 2.34212E-4 2.40805E-4 2.33782E-4 2.65937E-4 2.3397E-4 2.44862E-4 2.84149E-4 2.69162E-4 3.06665E-4 3.11968E-4 2.97309E-4 2.38546E-4 2.96537E-4 3.1689E-4
1.512E-4 1.69012E-4 1.67422E-4 1.63051E-4 1.31033E-4 1.53109E-4 1.64348E-4 1.33928E-4 9.88068E-5 9.73576E-5 1.04586E-4 1.10788E-4 1.60176E-4 1.70386E-4 1.70581E-4 1.76519E-4 1.56557E-4 1.29704E-4 1.64232E-4 1.83233E-4 1.59214E-4 1.22125E-4 1.36652E-4 1.74202E-4 1.592E-4 1.75834E-4 1.79605E-4 1.85248E-4 1.40535E-4 1.50571E-4 1.65169E-4 1.36944E-4 1.45436E-4 1.76792E-4 2.04813E-4 2.38976E-4 2.43375E-4 2.21639E-4 1.93509E-4 2.13952E-4 1.82678E-4 2.50018E-4 2.41046E-4 2.93137E-4 2.78061E-4 2.88132E-4 2.8396E-4 2.82697E-4 2.77119E-4 2.66186E-4 3.26826E-4 2.9623E-4 2.54395E-4 2.75095E-4 2.84217E-4 2.79638E-4 2.68123E-4 2.67272E-4 2.48585E-4 2.9877E-4 3.60464E-4
1.80974E-4 1.52511E-4 1.20852E-4 1.20031E-4 1.28834E-4 1.613E-4 1.47754E-4 1.08018E-4 9.59285E-5 1.31484E-4 1.62416E-4 1.84286E-4 1.78729E-4 1.93386E-4 2.06385E-4 1.84144E-4 1.65988E-4 1.21481E-4 1.47223E-4 1.36731E-4 1.25128E-4 1.52754E-4 1.48629E-4 1.54384E-4 1.4971E-4 1.58764E-4 1.56669E-4 1.52797E-4 1.65571E-4 1.55362E-4 1.55813E-4 1.51709E-4 1.64308E-4 1.81445E-4 1.44547E-4 1.67288E-4 2.59433E-4 2.26827E-4 1.98403E-4 2.11077E-4 1.8909E-4 2.11664E-4 2.61708E-4 2.62258E-4 2.82977E-4 2.84966E-4 2.82323E-4 3.01023E-4 2.77865E-4 2.88035E-4 2.76113E-4 3.21317E-4 2.75833E-4 2.90745E-4 2.65046E-4 2.75068E-4 2.8577E-4 2.68528E-4 3.31272E-4 3.84596E-4 3.7838E-4
1.71443E-4 1.0722E-4 1.19099E-4 1.54913E-4 1.69104E-4 1.49939E-4 1.21899E-4 1.21123E-4 1.02439E-4 1.46433E-4 1.6672E-4 1.7585E-4 1.74683E-4 1.74122E-4 1.65413E-4 2.05172E-4 1.67951E-4 1.21023E-4 1.562E-4 1.82914E-4 2.00231E-4 1.99608E-4 1.58249E-4 1.65141E-4 1.51842E-4 1.51544E-4 1.47454E-4 1.44936E-4 1.49348E-4 1.4482E-4 1.78057E-4 1.54605E-4 1.63357E-4 2.26945E-4 1.85763E-4 1.51014E-4 1.79563E-4 2.54111E-4 2.64853E-4 2.2559E-4 1.87845E-4 1.59684E-4 2.18057E-4 2.46935E-4 2.82033E-4 2.93042E-4 2.89583E-4 2.68875E-4 2.67291E-4 3.33108E-4 3.57345E-4 3.60383E-4 3.35426E-4 3.03873E-4 2.57094E-4 2.93464E-4 2.51208E-4 2.47449E-4 3.10263E-4 3.42406E-4 4.17506E-4
1.36371E-4 1.21335E-4 1.41248E-4 1.67207E-4 1.97318E-4 1.90657E-4 1.32502E-4 1.11913E-4 1.44196E-4 2.10661E-4 2.16966E-4 1.76034E-4 1.66566E-4 1.26501E-4 1.68633E-4 1.89817E-4 1.54532E-4 1.49907E-4 1.42239E-4 1.82604E-4 1.66361E-4 2.06702E-4 1.53873E-4 1.70884E-4 1.74902E-4 1.77006E-4 1.47255E-4 1.4129E-4 1.45145E-4 1.4041E-4 1.45843E-4 1.41591E-4 1.63243E-4 1.61264E-4 2.4487E-4 2.07652E-4 1.85522E-4 2.06408E-4 2.47777E-4 1.99628E-4 1.76686E-4 1.81653E-4 1.53137E-4 2.17353E-4 2.28106E-4 2.56038E-4 2.82626E-4 2.89086E-4 3.06009E-4 3.77274E-4 3.16866E-4 3.77252E-4 3.93964E-4 3.40973E-4 3.20631E-4 2.86119E-4 3.285E-4 2.72481E-4 3.25582E-4 3.40342E-4 3.66346E-4
1.1852E-4 1.1645E-4 1.82246E-4 1.99556E-4 2.38731E-4 2.05823E-4 1.4819E-4 1.35848E-4 1.45751E-4 1.92127E-4 1.4453E-4 1.20131E-4 1.18183E-4 1.58188E-4 1.38296E-4 1.5463E-4 1.52986E-4 1.8157E-4 1.49352E-4 1.76345E-4 1.63993E-4 2.0237E-4 2.26439E-4 1.77651E-4 1.65795E-4 2.00806E-4 1.70481E-4 1.4161E-4 1.62455E-4 1.49535E-4 1.37261E-4 1.4516E-4 1.445E-4 1.54967E-4 1.49392E-4 1.4192E-4 2.0925E-4 2.10656E-4 2.61859E-4 1.94029E-4 1.7023E-4 1.72097E-4 1.69121E-4 2.35334E-4 2.75062E-4 3.04328E-4 2.98113E-4 2.9321E-4 3.30817E-4 3.83861E-4 4.05361E-4 3.2449E-4 3.25238E-4 3.24377E-4 3.97483E-4 3.67118E-4 3.79775E-4 2.92988E-4 3.26023E-4 3.04091E-4 2.95116E-4
1.34716E-4 1.8948E-4 1.88589E-4 1.94984E-4 2.2307E-4 2.10654E-4 1.80975E-4 1.31981E-4 1.4743E-4 1.92062E-4 1.34793E-4 1.49901E-4 1.68185E-4 1.93511E-4 2.31467E-4 1.53376E-4 1.63724E-4 1.7294E-4 1.63715E-4 1.79009E-4 1.53122E-4 1.58228E-4 1.70984E-4 1.77686E-4 1.57472E-4 1.9777E-4 2.16165E-4 1.46028E-4 1.59276E-4 1.92814E-4 1.37645E-4 1.351E-4 1.39602E-4 1.48141E-4 1.37913E-4 1.59231E-4 1.61507E-4 2.28953E-4 3.06617E-4 2.15104E-4 1.59634E-4 1.69353E-4 1.71856E-4 2.09027E-4 2.95132E-4 3.17211E-4 3.06958E-4 3.52915E-4 3.26839E-4 3.87932E-4 4.0749E-4 3.5402E-4 3.27808E-4 2.87795E-4 3.55938E-4 3.86107E-4 3.2128E-4 2.78853E-4 3.60908E-4 3.36808E-4 3.42096E-4
2.21208E-4 2.54933E-4 1.70508E-4 1.61389E-4 1.88462E-4 1.63215E-4 2.00847E-4 1.12611E-4 1.30959E-4 1.72771E-4 1.946E-4 1.9574E-4 2.0814E-4 1.82842E-4 2.1528E-4 1.51799E-4 1.57975E-4 1.49701E-4 1.90693E-4 1.7655E-4 1.52734E-4 1.68115E-4 1.4187E-4 1.51144E-4 1.5884E-4 1.81119E-4 2.21073E-4 1.39528E-4 1.42957E-4 2.02572E-4 1.37799E-4 1.36688E-4 1.40093E-4 1.52091E-4 1.51763E-4 1.65913E-4 2.23414E-4 2.31065E-4 2.63377E-4 2.04445E-4 1.46195E-4 1.74562E-4 1.74877E-4 2.07473E-4 3.16221E-4 3.37997E-4 3.39219E-4 3.42112E-4 3.45299E-4 3.51143E-4 2.89381E-4 2.47344E-4 2.30745E-4 2.3601E-4 2.34055E-4 2.88355E-4 3.02215E-4 2.47014E-4 3.06707E-4 3.80149E-4 3.8111E-4
2.67562E-4 2.40102E-4 2.15625E-4 1.7982E-4 2.02823E-4 2.63664E-4 2.45547E-4 1.45598E-4 1.59159E-4 2.6352E-4 2.59646E-4 1.71534E-4 1.63758E-4 1.97894E-4 1.81717E-4 1.73983E-4 2.26772E-4 1.95599E-4 1.90607E-4 1.86241E-4 1.31466E-4 1.52899E-4 1.51578E-4 1.50119E-4 1.81481E-4 1.68388E-4 1.8971E-4 1.58862E-4 1.30848E-4 1.50512E-4 1.37851E-4 1.70909E-4 2.03871E-4 1.90339E-4 1.7082E-4 2.10015E-4 2.08593E-4 2.61416E-4 2.42805E-4 1.886E-4 1.83606E-4 1.65558E-4 1.64614E-4 1.8134E-4 2.41584E-4 3.6277E-4 4.07675E-4 3.65038E-4 3.36812E-4 2.91343E-4 2.69342E-4 3.51285E-4 3.64363E-4 2.78422E-4 2.5903E-4 2.11441E-4 2.54129E-4 3.08592E-4 2.07521E-4 1.8038E-4 2.17443E-4
2.30434E-4 2.54826E-4 1.85167E-4 1.40017E-4 1.57563E-4 1.70099E-4 2.5306E-4 1.46288E-4 1.82684E-4 2.95663E-4 2.21967E-4 2.29415E-4 1.8449E-4 1.73212E-4 1.74219E-4 1.70804E-4 1.90545E-4 1.71267E-4 2.6586E-4 2.34399E-4 1.4369E-4 1.48016E-4 1.96514E-4 1.87323E-4 1.3979E-4 1.64927E-4 2.06563E-4 1.88517E-4 1.35253E-4 1.99324E-4 1.71543E-4 1.701E-4 2.17044E-4 1.76739E-4 2.02449E-4 2.5456E-4 2.02548E-4 1.42623E-4 1.63699E-4 1.6752E-4 1.70082E-4 1.90812E-4 1.5224E-4 1.919E-4 2.45788E-4 3.07126E-4 3.92321E-4 3.34442E-4 3.70447E-4 4.12358E-4 4.2861E-4 4.49074E-4 3.31948E-4 2.60161E-4 4.2378E-4 3.15536E-4 1.84866E-4 2.46191E-4 3.09526E-4 2.00751E-4 1.78335E-4
2.18953E-4 2.35253E-4 1.97876E-4 1.5516E-4 1.84786E-4 1.69583E-4 2.11222E-4 1.49264E-4 2.05777E-4 2.9396E-4 2.25694E-4 2.84631E-4 1.9444E-4 1.82982E-4 2.56913E-4 1.68478E-4 1.81304E-4 1.89372E-4 2.01299E-4 1.49824E-4 1.37422E-4 1.51486E-4 1.63208E-4 1.78098E-4 1.52722E-4 1.79995E-4 1.943E-4 1.9877E-4 1.58255E-4 1.6109E-4 2.05764E-4 1.58721E-4 2.08417E-4 2.59635E-4 2.05435E-4 3.32685E-4 1.44557E-4 1.42687E-4 1.44261E-4 1.62344E-4 1.46371E-4 1.4228E-4 1.71129E-4 2.08599E-4 2.98329E-4 2.16655E-4 2.78067E-4 3.75227E-4 3.82428E-4 3.5388E-4 3.30398E-4 3.35031E-4 3.03527E-4 2.48563E-4 2.79458E-4 3.98068E-4 3.3689E-4 1.96258E-4 2.33332E-4 2.42981E-4 2.73045E-4
1.99634E-4 2.23661E-4 2.13257E-4 1.37211E-4 1.73082E-4 1.66199E-4 1.71314E-4 2.14362E-4 2.01795E-4 2.12872E-4 2.59937E-4 2.53435E-4 2.22711E-4 1.74066E-4 2.00337E-4 2.29253E-4 1.58826E-4 1.74031E-4 1.61559E-4 1.49467E-4 1.5028E-4 1.80458E-4 2.22502E-4 1.63834E-4 1.72041E-4 1.85692E-4 1.98019E-4 2.0465E-4 1.74238E-4 1.7973E-4 2.66398E-4 2.02673E-4 1.64437E-4 1.99841E-4 1.99846E-4 1.99025E-4 1.45313E-4 1.50557E-4 1.5802E-4 1.89479E-4 2.61258E-4 1.82298E-4 1.41759E-4 1.53876E-4 1.78335E-4 1.54098E-4 1.5621E-4 1.67153E-4 1.85114E-4 2.80404E-4 2.68847E-4 3.19765E-4 2.63992E-4 3.39911E-4 2.2161E-4 2.35882E-4 2.4782E-4 2.30297E-4 1.97804E-4 3.27751E-4 3.20975E-4
