Artocarpus hirsutus SDM files/Last interglacial/results (without bias file)/Arthir_6.asc
ncols         625
nrows         721
xllcorner     69.99986311115
yllcorner     5.99986151914999
cellsize      0.041666667
NODATA_value  -9999
[rows 405 to 431 of 721, columns 244 to 304 of 625]
8.68965E-4 1.25317E-3 1.86824E-3 1.25638E-3 9.02514E-4 1.00866E-3 1.23736E-3 1.40607E-3 1.28349E-3 1.2595E-3 1.53966E-3 1.87766E-3 1.52834E-3 1.52912E-3 1.2276E-3 1.33991E-3 1.7391E-3 2.47561E-3 1.54452E-3 1.67642E-3 1.59467E-3 1.83998E-3 1.47008E-3 2.04039E-3 1.81364E-3 1.67496E-3 1.18214E-3 1.40248E-3 1.18419E-3 1.32695E-3 2.02709E-3 1.86013E-3 2.09847E-3 2.00171E-3 1.56076E-3 1.42705E-3 1.22503E-3 1.16564E-3 1.16363E-3 1.10474E-3 1.14876E-3 1.24113E-3 1.43775E-3 1.45737E-3 1.83809E-3 1.54104E-3 1.48253E-3 1.49015E-3 1.4936E-3 1.4922E-3 1.48729E-3 1.46662E-3 1.52087E-3 1.3792E-3 1.36448E-3 1.17486E-3 1.50133E-3 1.86126E-3 1.42758E-3 1.44763E-3 1.58238E-3
8.6318E-4 9.89183E-4 1.76E-3 1.26488E-3 1.17405E-3 1.0371E-3 1.06145E-3 1.27583E-3 1.47868E-3 1.56936E-3 1.75308E-3 2.00109E-3 1.45582E-3 1.36052E-3 1.27625E-3 1.35076E-3 1.26504E-3 1.52765E-3 1.49573E-3 1.28019E-3 1.08924E-3 1.34088E-3 1.39324E-3 1.44435E-3 1.66207E-3 1.52323E-3 1.16462E-3 1.25086E-3 1.3135E-3 1.52818E-3 1.92545E-3 1.61013E-3 1.99824E-3 2.04418E-3 1.59414E-3 1.28395E-3 1.20278E-3 1.16629E-3 1.15055E-3 1.21035E-3 1.10275E-3 1.16665E-3 1.16752E-3 1.59744E-3 1.3889E-3 1.31713E-3 1.38312E-3 1.39128E-3 1.2225E-3 1.34965E-3 1.42976E-3 1.47908E-3 1.54648E-3 1.52841E-3 1.51278E-3 1.36712E-3 1.42473E-3 1.46732E-3 1.46614E-3 1.33221E-3 1.56797E-3
8.61142E-4 8.47947E-4 1.20041E-3 1.50144E-3 1.68223E-3 1.27974E-3 1.02324E-3 1.06262E-3 1.36325E-3 1.53555E-3 1.96098E-3 1.89793E-3 1.44027E-3 1.35653E-3 1.43733E-3 1.2672E-3 1.2246E-3 1.43905E-3 1.38561E-3 1.78154E-3 1.35417E-3 1.11119E-3 1.34406E-3 1.62606E-3 1.79164E-3 1.40581E-3 1.49631E-3 1.35022E-3 1.51871E-3 1.47389E-3 1.7441E-3 1.99373E-3 1.62608E-3 1.71121E-3 1.80873E-3 1.48407E-3 1.19903E-3 1.69346E-3 1.29799E-3 1.32122E-3 1.68396E-3 1.40257E-3 1.4233E-3 1.68542E-3 1.30824E-3 1.30658E-3 1.42536E-3 1.25445E-3 1.38952E-3 1.24455E-3 1.28641E-3 1.35792E-3 1.56321E-3 1.58911E-3 1.5888E-3 1.73813E-3 1.42475E-3 1.29203E-3 1.48022E-3 1.3322E-3 2.08435E-3
1.79596E-3 9.19895E-4 9.32781E-4 1.89965E-3 2.58058E-3 1.82654E-3 1.35621E-3 1.02251E-3 1.33253E-3 1.38568E-3 1.61013E-3 1.8375E-3 1.53491E-3 1.55263E-3 1.43166E-3 1.18321E-3 1.14326E-3 1.24986E-3 1.41045E-3 1.39456E-3 1.37515E-3 1.04059E-3 1.04823E-3 1.24206E-3 1.2443E-3 1.17242E-3 1.60991E-3 1.41965E-3 1.53791E-3 1.68275E-3 1.50568E-3 1.63788E-3 1.91223E-3 1.61077E-3 1.55099E-3 1.8625E-3 2.06057E-3 2.0753E-3 1.40769E-3 1.28293E-3 1.12484E-3 1.33393E-3 1.50889E-3 1.78698E-3 1.33394E-3 1.37292E-3 1.50898E-3 1.20596E-3 1.37699E-3 1.57733E-3 1.31135E-3 1.26673E-3 1.21899E-3 1.40038E-3 1.83862E-3 2.08893E-3 2.3507E-3 1.69715E-3 1.64494E-3 1.24582E-3 2.00028E-3
1.08875E-3 1.01767E-3 9.1358E-4 1.46902E-3 2.43715E-3 1.69486E-3 1.47637E-3 1.31284E-3 1.19807E-3 1.40663E-3 1.36286E-3 1.77132E-3 1.56199E-3 1.87623E-3 1.75152E-3 1.12663E-3 1.10631E-3 1.22603E-3 1.26618E-3 1.49211E-3 1.54056E-3 1.01711E-3 1.08394E-3 1.00012E-3 1.33109E-3 1.50538E-3 1.04547E-3 1.53337E-3 1.41484E-3 1.44956E-3 1.46476E-3 1.5403E-3 1.91583E-3 1.98254E-3 1.66092E-3 1.65898E-3 2.24124E-3 1.44604E-3 1.15442E-3 1.04021E-3 1.42162E-3 1.30478E-3 1.48253E-3 1.65642E-3 1.5037E-3 1.31974E-3 1.68163E-3 1.4041E-3 1.32855E-3 1.58009E-3 1.36718E-3 1.50413E-3 1.07947E-3 1.28411E-3 1.55033E-3 1.56437E-3 1.64498E-3 1.69899E-3 1.61329E-3 1.3493E-3 2.25527E-3
9.72771E-4 9.20155E-4 9.20789E-4 1.26332E-3 1.8604E-3 2.09142E-3 2.02142E-3 1.66584E-3 1.33549E-3 1.20506E-3 1.42829E-3 1.55797E-3 1.64847E-3 1.70662E-3 1.42967E-3 1.14566E-3 1.14305E-3 1.31484E-3 1.40121E-3 1.35262E-3 1.65268E-3 1.24102E-3 1.31579E-3 1.11208E-3 1.19654E-3 1.47521E-3 1.15138E-3 1.20023E-3 1.35729E-3 1.59174E-3 1.67443E-3 1.72484E-3 1.74429E-3 1.87404E-3 2.19569E-3 1.74619E-3 2.19669E-3 2.28432E-3 1.34061E-3 1.15795E-3 1.20629E-3 1.44143E-3 1.67889E-3 1.5787E-3 1.61172E-3 1.62878E-3 1.43265E-3 1.38836E-3 1.35646E-3 1.40345E-3 1.33116E-3 1.56315E-3 1.19545E-3 1.2389E-3 1.22173E-3 1.43759E-3 1.3862E-3 1.55574E-3 2.45312E-3 1.51663E-3 1.71938E-3
9.18422E-4 1.24933E-3 1.11744E-3 9.12252E-4 1.27357E-3 1.77254E-3 2.43478E-3 2.24977E-3 1.97627E-3 1.40356E-3 1.39547E-3 1.38695E-3 1.42268E-3 1.64639E-3 1.36099E-3 1.14064E-3 1.05696E-3 1.10582E-3 1.61017E-3 1.74099E-3 2.0134E-3 1.87346E-3 1.3772E-3 1.04805E-3 1.08858E-3 1.5939E-3 1.06844E-3 1.08605E-3 1.09216E-3 1.1693E-3 1.28237E-3 1.58489E-3 1.43925E-3 1.51312E-3 1.65376E-3 2.10376E-3 1.92965E-3 2.22886E-3 1.91417E-3 1.33185E-3 1.29118E-3 1.03523E-3 1.36282E-3 1.3722E-3 1.56033E-3 1.54939E-3 1.47205E-3 1.13016E-3 1.31865E-3 1.25592E-3 1.70287E-3 1.29015E-3 1.29534E-3 1.37598E-3 1.2655E-3 1.48176E-3 1.58874E-3 1.41221E-3 2.39028E-3 2.07917E-3 1.16852E-3
9.37533E-4 1.23175E-3 1.30276E-3 1.33369E-3 1.06803E-3 1.1891E-3 1.33854E-3 1.41916E-3 1.80531E-3 2.20364E-3 1.78594E-3 1.42543E-3 1.15826E-3 1.52701E-3 1.45486E-3 1.2198E-3 1.13003E-3 1.06166E-3 1.02524E-3 1.12977E-3 1.39669E-3 1.89964E-3 1.60386E-3 1.21616E-3 1.2012E-3 1.67974E-3 1.10417E-3 1.0786E-3 1.13348E-3 1.23782E-3 1.07167E-3 1.54506E-3 1.60296E-3 1.10634E-3 1.27174E-3 1.46657E-3 1.95571E-3 2.09616E-3 2.03364E-3 2.10916E-3 2.15805E-3 1.87299E-3 1.26346E-3 1.04344E-3 1.21265E-3 1.17011E-3 1.33526E-3 1.13434E-3 1.35838E-3 1.64056E-3 1.58629E-3 1.35926E-3 1.42249E-3 1.37963E-3 1.21445E-3 1.16556E-3 1.4568E-3 1.45647E-3 1.66308E-3 2.49372E-3 1.48922E-3
1.07365E-3 1.0625E-3 1.31276E-3 1.16128E-3 1.07274E-3 9.646E-4 9.58481E-4 1.07872E-3 1.17432E-3 1.4622E-3 1.58501E-3 1.42893E-3 1.03032E-3 1.29864E-3 1.50632E-3 1.1546E-3 1.19929E-3 9.93621E-4 1.18939E-3 1.15715E-3 1.19111E-3 1.455E-3 1.75103E-3 1.18919E-3 1.23546E-3 1.80395E-3 1.14727E-3 1.1234E-3 1.23395E-3 1.51886E-3 1.25513E-3 1.12921E-3 1.65858E-3 1.18781E-3 1.3797E-3 1.48179E-3 1.77655E-3 1.17967E-3 1.01577E-3 1.48472E-3 1.81404E-3 1.73677E-3 1.7242E-3 1.31412E-3 9.64104E-4 9.09232E-4 1.04894E-3 1.15805E-3 1.37384E-3 1.79612E-3 1.44325E-3 1.32324E-3 1.50947E-3 1.31054E-3 1.57521E-3 1.11589E-3 1.37491E-3 1.66503E-3 2.01922E-3 2.21647E-3 2.05723E-3
1.20644E-3 9.81762E-4 1.01888E-3 1.14311E-3 1.59896E-3 1.29663E-3 9.66651E-4 8.67225E-4 8.59099E-4 1.00649E-3 1.19088E-3 1.59582E-3 1.10154E-3 1.0588E-3 1.40617E-3 1.45893E-3 1.21844E-3 1.06525E-3 1.03924E-3 1.22321E-3 1.00107E-3 1.0853E-3 1.26074E-3 1.54536E-3 1.24069E-3 1.74347E-3 1.00835E-3 9.96149E-4 1.13493E-3 1.10166E-3 1.47951E-3 1.47478E-3 2.12786E-3 1.85354E-3 1.644E-3 1.44205E-3 1.73958E-3 1.99513E-3 1.31816E-3 1.12394E-3 1.72882E-3 2.15369E-3 1.85374E-3 1.65934E-3 9.95287E-4 1.01376E-3 1.00343E-3 1.3529E-3 2.14679E-3 1.80362E-3 1.59995E-3 1.73866E-3 1.66499E-3 1.53532E-3 1.29718E-3 1.30513E-3 1.55495E-3 2.13859E-3 2.14429E-3 1.84972E-3 2.05446E-3
9.225E-4 9.51174E-4 1.09482E-3 1.07138E-3 1.44708E-3 1.50293E-3 1.45441E-3 8.92042E-4 8.82561E-4 8.29356E-4 8.32326E-4 1.14406E-3 1.04653E-3 9.3815E-4 1.09539E-3 1.6605E-3 1.24058E-3 1.2476E-3 1.1073E-3 1.0604E-3 1.26002E-3 1.03271E-3 1.10883E-3 1.13915E-3 1.41082E-3 1.81894E-3 9.03494E-4 1.00295E-3 1.03124E-3 9.71962E-4 1.29002E-3 1.6715E-3 2.00153E-3 2.11026E-3 1.89324E-3 1.83912E-3 1.76249E-3 1.86573E-3 1.17894E-3 9.7245E-4 1.21337E-3 1.15163E-3 2.02091E-3 2.53524E-3 1.80465E-3 1.1609E-3 9.31688E-4 1.3458E-3 2.26889E-3 1.82623E-3 1.72354E-3 1.81629E-3 2.06304E-3 1.71368E-3 1.59795E-3 1.30616E-3 2.37706E-3 1.98983E-3 1.92625E-3 1.72664E-3 1.72788E-3
8.15575E-4 7.84806E-4 9.60982E-4 8.84102E-4 1.37289E-3 1.23282E-3 1.4784E-3 1.2641E-3 8.49655E-4 8.22345E-4 7.28413E-4 8.41344E-4 9.58305E-4 8.47276E-4 1.01479E-3 1.65291E-3 1.33757E-3 1.15017E-3 1.31446E-3 1.24823E-3 1.46087E-3 1.51226E-3 1.54144E-3 1.12918E-3 1.98642E-3 1.55286E-3 8.6306E-4 9.76688E-4 1.11198E-3 1.21398E-3 1.3245E-3 1.58421E-3 1.63149E-3 1.33983E-3 1.24335E-3 1.47532E-3 1.70956E-3 1.40686E-3 1.01403E-3 8.90024E-4 9.47933E-4 1.04001E-3 1.74211E-3 2.35256E-3 2.31817E-3 1.79813E-3 1.17433E-3 1.48018E-3 2.18003E-3 1.97012E-3 1.86926E-3 2.05163E-3 2.02759E-3 1.84909E-3 1.35654E-3 1.36211E-3 1.96463E-3 1.7527E-3 1.79217E-3 2.2886E-3 2.05929E-3
7.57455E-4 8.31581E-4 1.11245E-3 9.11929E-4 1.0892E-3 1.28982E-3 1.36994E-3 1.40836E-3 1.21349E-3 1.08742E-3 6.8932E-4 6.65333E-4 9.47874E-4 7.67472E-4 1.06313E-3 1.36816E-3 1.47669E-3 1.01391E-3 1.13815E-3 1.37481E-3 1.49719E-3 1.45595E-3 1.41231E-3 1.4384E-3 2.0456E-3 1.85773E-3 1.03704E-3 1.18675E-3 9.94235E-4 1.07276E-3 1.00446E-3 1.12029E-3 1.5335E-3 1.16795E-3 1.13979E-3 8.86324E-4 1.05078E-3 1.15615E-3 1.19401E-3 1.13641E-3 1.06319E-3 1.00861E-3 1.49429E-3 1.62758E-3 1.15311E-3 1.10159E-3 1.08242E-3 1.11812E-3 1.61025E-3 1.60736E-3 2.27582E-3 1.94913E-3 1.8957E-3 1.77539E-3 1.41771E-3 2.06885E-3 2.07096E-3 1.80901E-3 1.7695E-3 1.97872E-3 2.11027E-3
6.83866E-4 8.37444E-4 9.24031E-4 7.50613E-4 7.33902E-4 9.57631E-4 1.16111E-3 1.23643E-3 1.02866E-3 8.8152E-4 1.10736E-3 6.61827E-4 7.15173E-4 9.59895E-4 9.47079E-4 1.1489E-3 1.10076E-3 1.05443E-3 9.12868E-4 1.11743E-3 1.26332E-3 1.41262E-3 1.2537E-3 1.40157E-3 2.12612E-3 1.93241E-3 1.31358E-3 1.30983E-3 1.18828E-3 1.1112E-3 1.24026E-3 1.25983E-3 1.14066E-3 1.11852E-3 1.12582E-3 9.24413E-4 9.17782E-4 1.23879E-3 1.14424E-3 1.11366E-3 1.01183E-3 1.12138E-3 9.07966E-4 9.70031E-4 9.09819E-4 9.52728E-4 1.27618E-3 9.40538E-4 1.1619E-3 1.31852E-3 1.63522E-3 1.76671E-3 1.79198E-3 1.56427E-3 1.8769E-3 2.0956E-3 1.90482E-3 1.63739E-3 1.68184E-3 1.91024E-3 2.29957E-3
6.71607E-4 8.32314E-4 7.70045E-4 9.2969E-4 8.18314E-4 7.2024E-4 9.1219E-4 9.67632E-4 1.0566E-3 1.17519E-3 1.27272E-3 8.21708E-4 6.58171E-4 8.99257E-4 8.95554E-4 8.69044E-4 9.73284E-4 9.1692E-4 9.42379E-4 1.21313E-3 1.30721E-3 1.18583E-3 1.41513E-3 1.40238E-3 1.37268E-3 1.76855E-3 1.47362E-3 1.55127E-3 9.29106E-4 8.14958E-4 8.07858E-4 9.75464E-4 1.24584E-3 1.08448E-3 1.23984E-3 1.01363E-3 8.89183E-4 8.85034E-4 1.04759E-3 9.98225E-4 8.99764E-4 1.19487E-3 9.63756E-4 1.04417E-3 1.03205E-3 8.71832E-4 9.25418E-4 1.25462E-3 1.23097E-3 1.28668E-3 1.53561E-3 1.73164E-3 1.90757E-3 1.93419E-3 1.88775E-3 1.80554E-3 1.62631E-3 1.95093E-3 1.57682E-3 1.63183E-3 2.17269E-3
6.28209E-4 7.04662E-4 6.24696E-4 6.34496E-4 5.87914E-4 6.53433E-4 8.06428E-4 9.82367E-4 8.64049E-4 1.11586E-3 1.38229E-3 1.17236E-3 6.92642E-4 7.0503E-4 8.39997E-4 9.00664E-4 8.43085E-4 8.75141E-4 9.28687E-4 8.97042E-4 1.09753E-3 1.15649E-3 1.09131E-3 1.22972E-3 1.34235E-3 1.83309E-3 1.73002E-3 1.34427E-3 9.56943E-4 9.18032E-4 9.41788E-4 9.63481E-4 9.06125E-4 1.23893E-3 1.11443E-3 1.12402E-3 9.40793E-4 8.84444E-4 9.41924E-4 9.40398E-4 1.05989E-3 9.97583E-4 8.94486E-4 1.22794E-3 1.48733E-3 1.13179E-3 8.42253E-4 1.03058E-3 1.15752E-3 1.23688E-3 1.47433E-3 1.39056E-3 1.40471E-3 2.20291E-3 1.99531E-3 1.72956E-3 1.68059E-3 2.13895E-3 1.79152E-3 1.63256E-3 1.84651E-3
6.20069E-4 6.74911E-4 6.01917E-4 5.54056E-4 5.48004E-4 5.53316E-4 6.27688E-4 6.94057E-4 8.56101E-4 9.16845E-4 1.00501E-3 1.23331E-3 1.0196E-3 6.60635E-4 7.145E-4 7.65912E-4 8.05945E-4 7.95521E-4 8.98311E-4 8.95087E-4 1.03026E-3 9.491E-4 9.92745E-4 1.06036E-3 1.07795E-3 1.33158E-3 1.6384E-3 1.61281E-3 1.29E-3 1.046E-3 8.59133E-4 8.98418E-4 1.00641E-3 1.01734E-3 1.12744E-3 1.08707E-3 9.05245E-4 1.05336E-3 9.17844E-4 9.65509E-4 1.01034E-3 8.9618E-4 1.059E-3 1.0789E-3 1.2792E-3 1.09917E-3 1.00574E-3 1.0499E-3 1.15664E-3 1.26693E-3 1.65313E-3 1.78037E-3 2.1745E-3 1.7554E-3 2.01359E-3 1.84995E-3 1.73333E-3 1.90739E-3 1.89836E-3 1.86055E-3 1.70105E-3
6.72527E-4 5.77134E-4 5.71449E-4 5.64986E-4 5.67464E-4 5.65826E-4 6.11438E-4 5.38642E-4 7.01761E-4 1.02462E-3 9.08492E-4 8.64306E-4 1.18337E-3 8.80537E-4 6.22197E-4 7.07662E-4 7.7936E-4 7.87787E-4 7.82451E-4 8.44734E-4 9.19898E-4 8.81163E-4 9.7341E-4 8.87032E-4 8.65796E-4 1.26566E-3 1.38442E-3 1.68641E-3 1.26051E-3 1.2505E-3 1.06986E-3 8.70007E-4 9.17087E-4 9.93326E-4 1.03676E-3 1.06034E-3 8.99445E-4 9.8334E-4 1.01304E-3 1.04857E-3 1.27766E-3 8.52537E-4 1.07844E-3 1.38693E-3 1.24671E-3 1.04773E-3 9.89578E-4 1.07228E-3 1.20844E-3 1.68852E-3 2.32896E-3 2.19903E-3 1.48699E-3 1.44797E-3 2.28036E-3 2.05559E-3 1.56544E-3 1.55149E-3 1.63697E-3 2.41686E-3 2.24795E-3
6.77723E-4 6.34752E-4 5.21303E-4 4.76895E-4 4.79827E-4 4.78346E-4 4.895E-4 5.34424E-4 6.72225E-4 9.2156E-4 1.03827E-3 9.33606E-4 9.01014E-4 1.04684E-3 5.87771E-4 7.51073E-4 6.74675E-4 7.65736E-4 7.37756E-4 7.88409E-4 7.83092E-4 7.98305E-4 8.46573E-4 8.83284E-4 1.1039E-3 1.16841E-3 1.16421E-3 1.30597E-3 1.29914E-3 9.68106E-4 8.84285E-4 9.49494E-4 1.02582E-3 1.0203E-3 1.03637E-3 1.04318E-3 8.74654E-4 9.7601E-4 9.8082E-4 9.05334E-4 1.70403E-3 1.40343E-3 9.53963E-4 1.27117E-3 1.3354E-3 1.0635E-3 1.06168E-3 1.04613E-3 1.10034E-3 1.44143E-3 2.40484E-3 1.55903E-3 1.26135E-3 1.92483E-3 1.80502E-3 1.92362E-3 1.63986E-3 1.39268E-3 1.49288E-3 1.71789E-3 2.13726E-3
4.73449E-4 5.38946E-4 4.5445E-4 4.45114E-4 5.0176E-4 4.21904E-4 4.14016E-4 5.77306E-4 6.57057E-4 8.01345E-4 9.36432E-4 7.52187E-4 7.58378E-4 1.15476E-3 7.10009E-4 6.1354E-4 6.19722E-4 7.01121E-4 8.08243E-4 9.0939E-4 6.99203E-4 7.3236E-4 8.45536E-4 7.97277E-4 9.42953E-4 1.06731E-3 9.96319E-4 1.11453E-3 1.34373E-3 9.81994E-4 8.19624E-4 8.27139E-4 9.13004E-4 9.52388E-4 9.65333E-4 1.04032E-3 9.81597E-4 9.24975E-4 8.29255E-4 8.04197E-4 9.04813E-4 1.16412E-3 1.08579E-3 1.54379E-3 1.53963E-3 1.45725E-3 1.1835E-3 1.39828E-3 1.39093E-3 1.55426E-3 1.45416E-3 1.17453E-3 1.76837E-3 1.59172E-3 1.81691E-3 1.77166E-3 1.58333E-3 1.46417E-3 1.46761E-3 1.61307E-3 1.84758E-3
4.66591E-4 3.90174E-4 5.15387E-4 4.48743E-4 4.49931E-4 4.97865E-4 4.54199E-4 4.68303E-4 5.41313E-4 5.88118E-4 8.78913E-4 1.05631E-3 1.00192E-3 9.81763E-4 6.25801E-4 5.33761E-4 6.67529E-4 6.43791E-4 7.16778E-4 7.87097E-4 7.82503E-4 6.99003E-4 7.25839E-4 9.12614E-4 7.77975E-4 1.14072E-3 1.25411E-3 1.35416E-3 1.32928E-3 8.99151E-4 8.56828E-4 8.42743E-4 9.03819E-4 8.31828E-4 8.57697E-4 9.24318E-4 9.7452E-4 9.95323E-4 8.34258E-4 7.94736E-4 8.41739E-4 1.20569E-3 1.28847E-3 1.68128E-3 1.24715E-3 1.67E-3 1.23293E-3 1.3902E-3 1.91928E-3 1.48997E-3 1.18726E-3 1.40261E-3 1.32461E-3 2.07753E-3 2.48083E-3 1.61497E-3 1.58249E-3 1.4066E-3 1.51868E-3 1.67728E-3 1.58822E-3
5.28714E-4 4.20678E-4 4.7129E-4 4.1938E-4 4.61849E-4 4.40622E-4 4.39559E-4 4.29818E-4 4.54576E-4 5.11473E-4 5.96933E-4 8.2832E-4 7.67748E-4 9.11345E-4 8.06444E-4 5.32095E-4 6.58534E-4 6.59193E-4 6.79531E-4 6.42855E-4 7.34381E-4 6.77594E-4 8.95449E-4 9.3902E-4 9.26597E-4 1.02632E-3 1.44929E-3 1.27077E-3 1.27994E-3 1.05133E-3 1.0362E-3 8.61303E-4 8.2001E-4 9.03634E-4 9.20374E-4 9.39025E-4 9.59455E-4 1.14792E-3 7.56151E-4 8.66814E-4 1.05442E-3 9.95203E-4 9.86979E-4 1.18786E-3 1.32235E-3 1.21215E-3 1.20122E-3 1.57447E-3 1.57198E-3 1.53804E-3 1.36435E-3 1.18818E-3 1.25394E-3 2.24177E-3 1.95919E-3 2.06906E-3 1.31412E-3 1.25185E-3 1.42857E-3 2.69236E-3 2.05229E-3
5.12404E-4 5.19817E-4 4.8853E-4 4.90061E-4 5.41676E-4 4.62734E-4 4.58929E-4 4.55557E-4 4.77269E-4 4.83181E-4 4.73001E-4 6.29785E-4 6.13784E-4 6.00671E-4 8.01487E-4 5.96077E-4 5.95446E-4 6.19576E-4 5.82475E-4 6.03385E-4 6.58385E-4 8.21715E-4 7.82806E-4 9.11772E-4 1.05394E-3 1.02179E-3 9.42132E-4 9.35863E-4 9.23123E-4 9.53618E-4 1.01816E-3 9.18728E-4 8.87017E-4 1.00257E-3 1.04655E-3 1.04594E-3 1.40073E-3 1.10837E-3 9.07468E-4 8.46545E-4 8.63212E-4 1.10526E-3 1.29522E-3 1.19017E-3 1.07694E-3 1.02821E-3 1.22985E-3 1.59129E-3 1.38301E-3 1.71703E-3 1.41599E-3 1.86077E-3 2.29169E-3 2.3577E-3 2.56313E-3 2.48636E-3 1.74413E-3 1.45002E-3 1.66325E-3 2.23517E-3 3.35169E-3
5.06618E-4 5.856E-4 5.07706E-4 5.04345E-4 4.35633E-4 4.64081E-4 4.42519E-4 4.51771E-4 4.72794E-4 5.57808E-4 5.99942E-4 4.67901E-4 6.03894E-4 7.71854E-4 6.49846E-4 6.9009E-4 5.67219E-4 6.10451E-4 6.15979E-4 6.46514E-4 7.83954E-4 9.17801E-4 7.57057E-4 7.90974E-4 9.03853E-4 8.59955E-4 8.86913E-4 8.10081E-4 8.31897E-4 8.13102E-4 8.42144E-4 9.6465E-4 8.90835E-4 1.10891E-3 1.30901E-3 1.31279E-3 1.30406E-3 9.29148E-4 1.06191E-3 1.03878E-3 1.12727E-3 1.16222E-3 9.98618E-4 9.5791E-4 9.60907E-4 1.26008E-3 1.19659E-3 1.40147E-3 1.81174E-3 1.66338E-3 2.2739E-3 1.66879E-3 1.52517E-3 1.75486E-3 2.28138E-3 2.69157E-3 2.61805E-3 2.2657E-3 2.29264E-3 2.09474E-3 2.4771E-3
4.71336E-4 6.20432E-4 6.71101E-4 5.92856E-4 4.98618E-4 4.33492E-4 4.65588E-4 5.22327E-4 4.90142E-4 4.5087E-4 4.64575E-4 4.91887E-4 5.027E-4 6.45329E-4 8.73934E-4 9.99236E-4 6.12845E-4 5.79303E-4 7.75178E-4 8.55719E-4 6.97109E-4 8.25658E-4 8.81233E-4 8.86896E-4 7.96504E-4 7.92467E-4 7.88315E-4 8.87227E-4 7.70634E-4 7.74062E-4 8.18945E-4 8.52335E-4 8.06859E-4 8.73404E-4 1.01086E-3 1.31371E-3 9.87762E-4 8.67249E-4 8.82609E-4 1.0046E-3 1.0473E-3 1.20255E-3 1.07813E-3 1.27776E-3 1.22115E-3 1.64736E-3 1.36087E-3 1.39633E-3 1.42915E-3 1.81294E-3 1.71388E-3 1.75068E-3 2.9938E-3 2.96098E-3 2.67476E-3 3.20264E-3 2.5733E-3 1.83249E-3 1.82291E-3 2.20756E-3 2.15374E-3
6.24277E-4 4.46846E-4 6.79875E-4 6.68562E-4 5.26365E-4 4.61117E-4 4.66851E-4 5.32167E-4 5.61294E-4 5.08349E-4 4.76914E-4 4.63514E-4 5.1223E-4 5.33911E-4 6.90356E-4 6.59367E-4 5.94926E-4 6.14098E-4 7.60474E-4 8.12855E-4 8.32453E-4 8.21507E-4 7.22465E-4 7.68602E-4 7.58693E-4 7.37325E-4 7.05908E-4 9.38993E-4 9.42256E-4 8.69635E-4 8.06827E-4 8.3153E-4 8.38837E-4 9.88989E-4 9.67943E-4 9.05968E-4 8.99169E-4 9.36171E-4 1.11597E-3 1.0668E-3 1.14413E-3 9.74109E-4 1.4837E-3 1.58117E-3 1.36076E-3 1.36217E-3 1.24441E-3 1.41031E-3 1.24768E-3 1.20699E-3 1.34134E-3 2.2683E-3 3.3372E-3 3.0224E-3 2.96769E-3 3.4233E-3 3.18905E-3 2.31656E-3 2.35017E-3 1.82244E-3 2.45535E-3
6.23095E-4 5.26342E-4 5.6959E-4 5.96583E-4 6.65503E-4 5.5764E-4 4.65576E-4 4.56353E-4 4.86959E-4 5.29954E-4 5.86556E-4 5.29626E-4 5.13446E-4 5.25836E-4 5.40288E-4 5.93711E-4 7.48227E-4 7.67614E-4 7.61332E-4 7.63178E-4 8.83609E-4 7.95769E-4 6.62843E-4 6.63572E-4 6.85118E-4 6.82629E-4 6.58439E-4 7.38801E-4 8.45436E-4 8.19373E-4 8.37512E-4 8.26199E-4 9.42449E-4 9.07185E-4 7.97964E-4 8.34627E-4 1.02597E-3 8.25242E-4 1.05443E-3 1.19978E-3 1.12987E-3 1.71203E-3 1.602E-3 1.44777E-3 1.37677E-3 1.12964E-3 1.51977E-3 1.70926E-3 1.3866E-3 1.28295E-3 1.39695E-3 1.62099E-3 2.03266E-3 3.18651E-3 3.68612E-3 3.70497E-3 3.49458E-3 2.29293E-3 2.22916E-3 4.87102E-3 5.7381E-3
