Artocarpus hirsutus SDM files/Last interglacial/results (without bias file)/Arthir_9.asc
ncols         625
nrows         721
xllcorner     69.99986311115
yllcorner     5.99986151914999
cellsize      0.041666667
NODATA_value  -9999
[rows 324 to 350 of 721, columns 366 to 426 of 625]
6.18645E-4 5.74785E-4 5.05873E-4 5.64271E-4 5.68389E-4 8.62662E-4 9.38274E-4 9.67962E-4 7.98345E-4 7.10901E-4 4.47148E-4 3.94308E-4 4.46891E-4 7.16658E-4 5.72122E-4 5.32693E-4 5.43367E-4 6.57809E-4 8.05601E-4 8.12889E-4 1.02255E-3 7.95457E-4 6.89031E-4 8.89596E-4 1.221E-3 1.40959E-3 9.71361E-4 7.98706E-4 6.46933E-4 4.89754E-4 5.34193E-4 5.80008E-4 5.93217E-4 5.72728E-4 5.40009E-4 5.03369E-4 5.55496E-4 5.75615E-4 5.83371E-4 6.51642E-4 7.98931E-4 7.07996E-4 6.66323E-4 6.74126E-4 7.78801E-4 9.27677E-4 9.33192E-4 8.12164E-4 7.43438E-4 7.71948E-4 7.92715E-4 8.06197E-4 7.98449E-4 7.5742E-4 8.4371E-4 8.91232E-4 8.72559E-4 8.99789E-4 8.57848E-4 8.67767E-4 8.97806E-4
4.64997E-4 4.9015E-4 8.99578E-4 8.62625E-4 8.03465E-4 1.07698E-3 8.60917E-4 9.54603E-4 6.36721E-4 5.89185E-4 5.04913E-4 5.36793E-4 5.48232E-4 5.92701E-4 5.61048E-4 7.11428E-4 5.1555E-4 6.03475E-4 5.28066E-4 6.69289E-4 1.09043E-3 1.13864E-3 1.0351E-3 9.7132E-4 9.7767E-4 7.42016E-4 5.7186E-4 5.11073E-4 4.64968E-4 5.4631E-4 5.69366E-4 5.78536E-4 5.39356E-4 7.38688E-4 6.31011E-4 6.60639E-4 7.04609E-4 7.44493E-4 7.31793E-4 6.7941E-4 8.16841E-4 7.71846E-4 7.93282E-4 7.26579E-4 6.96941E-4 7.83928E-4 8.77384E-4 8.9485E-4 8.95847E-4 8.47389E-4 8.35219E-4 8.24787E-4 8.22094E-4 8.53689E-4 8.91847E-4 9.00174E-4 9.21232E-4 9.18202E-4 9.07373E-4 9.41338E-4 9.10004E-4
6.43976E-4 9.04164E-4 6.57428E-4 1.00442E-3 8.76102E-4 6.73213E-4 7.47718E-4 6.69443E-4 7.43989E-4 1.00739E-3 6.73689E-4 7.25102E-4 7.27166E-4 6.73728E-4 7.08996E-4 6.2887E-4 6.86444E-4 6.23768E-4 6.51902E-4 7.28953E-4 6.97351E-4 8.18648E-4 1.19382E-3 1.40568E-3 1.46929E-3 1.4265E-3 5.234E-4 4.24484E-4 5.32279E-4 1.29372E-3 1.01337E-3 5.93036E-4 5.53763E-4 6.71799E-4 6.6922E-4 7.3895E-4 7.25508E-4 7.15908E-4 6.6663E-4 7.72714E-4 9.21462E-4 9.90465E-4 9.50351E-4 9.25706E-4 7.51537E-4 7.21037E-4 7.47123E-4 8.40975E-4 8.62192E-4 8.93607E-4 7.90224E-4 8.00354E-4 8.32441E-4 8.30527E-4 8.53492E-4 8.87485E-4 8.57989E-4 8.87033E-4 9.48518E-4 9.06534E-4 9.37185E-4
8.35959E-4 8.58181E-4 5.90388E-4 5.93846E-4 5.3008E-4 5.29496E-4 5.31333E-4 5.71903E-4 6.68256E-4 9.46938E-4 8.47076E-4 8.03528E-4 7.20363E-4 6.45893E-4 7.78506E-4 7.53353E-4 7.13735E-4 8.32444E-4 6.87719E-4 5.58736E-4 7.19881E-4 9.63443E-4 9.688E-4 1.13916E-3 7.12443E-4 8.66413E-4 6.62105E-4 6.97333E-4 7.40241E-4 1.39933E-3 1.44922E-3 8.43833E-4 6.3199E-4 6.36943E-4 6.43776E-4 7.78438E-4 7.68455E-4 8.54597E-4 7.59399E-4 8.17714E-4 8.77279E-4 1.07256E-3 1.10133E-3 1.02839E-3 9.62949E-4 8.71443E-4 8.1172E-4 7.62468E-4 7.38616E-4 7.7652E-4 7.73033E-4 7.95656E-4 8.87973E-4 8.85052E-4 8.98553E-4 8.94431E-4 8.58191E-4 8.63179E-4 9.27128E-4 9.4838E-4 9.4231E-4
7.60531E-4 6.22645E-4 6.36164E-4 4.92693E-4 6.41176E-4 7.88019E-4 9.47327E-4 8.74274E-4 8.12322E-4 7.79696E-4 9.32076E-4 9.07422E-4 9.20646E-4 9.02215E-4 1.00566E-3 7.90588E-4 7.48011E-4 8.43975E-4 8.05532E-4 7.78443E-4 8.04894E-4 8.58483E-4 9.78829E-4 9.67734E-4 8.28922E-4 1.27333E-3 1.6219E-3 1.18841E-3 1.15734E-3 8.13043E-4 8.15414E-4 7.40514E-4 6.70431E-4 6.66146E-4 9.5525E-4 8.95203E-4 8.89137E-4 8.47842E-4 8.1116E-4 7.93502E-4 9.50169E-4 9.93099E-4 9.77822E-4 1.08322E-3 1.22372E-3 1.18821E-3 1.03211E-3 9.67392E-4 9.69742E-4 8.93514E-4 8.72827E-4 9.01239E-4 9.08568E-4 9.08659E-4 9.07662E-4 9.28805E-4 8.8187E-4 8.45569E-4 8.73168E-4 9.98346E-4 9.94873E-4
8.86947E-4 7.27472E-4 7.69747E-4 6.68076E-4 8.50948E-4 9.90636E-4 1.15298E-3 1.00423E-3 7.10428E-4 9.22637E-4 1.06951E-3 1.20306E-3 1.0886E-3 1.25763E-3 1.17338E-3 8.41588E-4 8.13347E-4 8.31379E-4 8.8681E-4 8.45066E-4 7.95937E-4 7.84317E-4 7.34037E-4 8.80133E-4 1.47394E-3 1.59221E-3 1.43273E-3 1.38277E-3 1.35576E-3 9.12275E-4 7.30743E-4 7.38337E-4 9.63261E-4 7.46795E-4 8.21268E-4 8.90309E-4 8.56657E-4 1.03579E-3 1.06225E-3 9.49304E-4 9.1004E-4 1.02682E-3 1.03044E-3 1.02016E-3 1.22584E-3 1.17606E-3 1.20581E-3 1.14379E-3 1.1297E-3 1.06986E-3 9.231E-4 9.24948E-4 9.31684E-4 9.54092E-4 8.57903E-4 8.50048E-4 9.08382E-4 9.21712E-4 9.38955E-4 9.76219E-4 9.7856E-4
1.12308E-3 5.7428E-4 8.73849E-4 8.91141E-4 6.26029E-4 6.91618E-4 7.26492E-4 9.52399E-4 9.65307E-4 7.4152E-4 9.66871E-4 1.03893E-3 1.27024E-3 1.34429E-3 9.76553E-4 8.95832E-4 1.15215E-3 1.01527E-3 9.06938E-4 9.4919E-4 8.83958E-4 8.48992E-4 9.22409E-4 9.44506E-4 1.24969E-3 1.2788E-3 1.06419E-3 1.10519E-3 8.71395E-4 9.35987E-4 8.11119E-4 7.80455E-4 7.64416E-4 7.69345E-4 9.23105E-4 8.28368E-4 8.22025E-4 9.13228E-4 9.8018E-4 1.02221E-3 1.02402E-3 9.91433E-4 1.03207E-3 1.05473E-3 1.15694E-3 1.20766E-3 1.08427E-3 1.06404E-3 9.54978E-4 9.41885E-4 9.66366E-4 1.00158E-3 9.40694E-4 9.40694E-4 9.35354E-4 8.96006E-4 9.09154E-4 9.3024E-4 9.27081E-4 9.88425E-4 1.03513E-3
5.5157E-4 4.91367E-4 9.05774E-4 7.36796E-4 7.50157E-4 6.25431E-4 6.50918E-4 9.21275E-4 1.01326E-3 8.89023E-4 8.74419E-4 1.13122E-3 1.17249E-3 1.13832E-3 1.42316E-3 1.39155E-3 1.50214E-3 1.25829E-3 1.17545E-3 1.13626E-3 9.30794E-4 9.79572E-4 8.95719E-4 8.31266E-4 7.26537E-4 8.44956E-4 1.04466E-3 1.88695E-3 1.1265E-3 1.10815E-3 7.60109E-4 8.78392E-4 8.56047E-4 9.08737E-4 8.50883E-4 8.92832E-4 9.26976E-4 9.76641E-4 1.04494E-3 1.00894E-3 9.96622E-4 1.04086E-3 1.1138E-3 1.048E-3 1.10026E-3 1.17077E-3 1.14391E-3 9.65941E-4 9.45946E-4 9.83856E-4 9.78176E-4 1.08471E-3 9.86111E-4 1.00226E-3 9.558E-4 9.78068E-4 9.79142E-4 9.92777E-4 9.90387E-4 1.03546E-3 1.08178E-3
6.06465E-4 7.02626E-4 9.60532E-4 6.81345E-4 9.18042E-4 8.64252E-4 7.95341E-4 9.06728E-4 1.2256E-3 1.28005E-3 1.06544E-3 1.15522E-3 1.00631E-3 8.34324E-4 9.97818E-4 1.13058E-3 1.33356E-3 1.54304E-3 1.47462E-3 9.7634E-4 9.37988E-4 1.00577E-3 1.13678E-3 9.99979E-4 1.2365E-3 8.39596E-4 1.00537E-3 1.11179E-3 1.53204E-3 1.8999E-3 1.3961E-3 9.1304E-4 1.07155E-3 1.22816E-3 1.17302E-3 1.14263E-3 1.05976E-3 1.09993E-3 1.17226E-3 1.16249E-3 1.23601E-3 1.1071E-3 1.05655E-3 1.10519E-3 1.09904E-3 1.16095E-3 1.17691E-3 1.15126E-3 1.03276E-3 1.04356E-3 1.01362E-3 1.0594E-3 1.0571E-3 1.02529E-3 1.01947E-3 9.98243E-4 9.98348E-4 1.0167E-3 1.01325E-3 1.06157E-3 1.08607E-3
6.91783E-4 9.14757E-4 6.95889E-4 7.59936E-4 1.06182E-3 1.29444E-3 1.13358E-3 1.11865E-3 8.95632E-4 9.81283E-4 9.41221E-4 1.01689E-3 9.40461E-4 8.76534E-4 8.73383E-4 1.08662E-3 9.14054E-4 8.02936E-4 8.98292E-4 8.53837E-4 1.02312E-3 1.09845E-3 1.42122E-3 1.40108E-3 1.26856E-3 9.50269E-4 9.87726E-4 1.19748E-3 1.39147E-3 1.35936E-3 8.98364E-4 9.18316E-4 9.20067E-4 1.16142E-3 1.479E-3 1.4361E-3 1.51017E-3 1.52805E-3 1.61848E-3 1.52164E-3 1.51723E-3 1.63783E-3 1.45097E-3 1.23524E-3 1.12481E-3 1.13428E-3 1.19535E-3 1.29561E-3 1.17707E-3 1.01666E-3 1.0307E-3 1.05089E-3 1.07044E-3 1.07184E-3 1.09407E-3 1.04248E-3 1.04489E-3 1.06292E-3 1.12807E-3 1.14766E-3 1.15537E-3
1.26423E-3 9.53649E-4 6.01719E-4 8.34277E-4 1.50857E-3 1.04729E-3 1.05585E-3 9.15595E-4 7.85939E-4 7.59869E-4 9.00844E-4 9.03966E-4 8.42246E-4 8.70241E-4 1.15973E-3 1.26015E-3 1.22206E-3 9.44936E-4 8.35822E-4 9.37629E-4 1.35545E-3 1.4096E-3 1.38674E-3 9.90899E-4 1.16406E-3 1.24485E-3 1.606E-3 1.49218E-3 9.40124E-4 6.79398E-4 8.19497E-4 1.04359E-3 9.30703E-4 1.09089E-3 1.35234E-3 1.51146E-3 1.40034E-3 1.4284E-3 1.50607E-3 1.53632E-3 1.68403E-3 1.75001E-3 1.69438E-3 1.63829E-3 1.30206E-3 1.12799E-3 1.16872E-3 1.13899E-3 1.16506E-3 1.15332E-3 1.07868E-3 1.09741E-3 1.07162E-3 1.07162E-3 1.06048E-3 1.06036E-3 1.07995E-3 1.10609E-3 1.15005E-3 1.17386E-3 1.2826E-3
8.88812E-4 5.62288E-4 7.90631E-4 8.00822E-4 7.89194E-4 6.12395E-4 6.77777E-4 7.23637E-4 8.24288E-4 9.53656E-4 8.15168E-4 8.75169E-4 1.06992E-3 1.24058E-3 1.23526E-3 1.31566E-3 1.41642E-3 1.02872E-3 9.37565E-4 1.20966E-3 1.63209E-3 2.10269E-3 1.0726E-3 1.02227E-3 1.95085E-3 2.0293E-3 1.55839E-3 1.0608E-3 1.31225E-3 1.18309E-3 1.13084E-3 1.27894E-3 1.11196E-3 9.86294E-4 1.12143E-3 1.24438E-3 1.35041E-3 1.12016E-3 1.39294E-3 1.3886E-3 1.32402E-3 1.3904E-3 1.55643E-3 1.58451E-3 1.50729E-3 1.29939E-3 1.20825E-3 1.18545E-3 1.22665E-3 1.22092E-3 1.1824E-3 1.12391E-3 1.12378E-3 1.14984E-3 1.09858E-3 1.09484E-3 1.11874E-3 1.13148E-3 1.20931E-3 1.09436E-3 1.07783E-3
6.98008E-4 7.57872E-4 1.05818E-3 9.30724E-4 7.94687E-4 6.78451E-4 7.44423E-4 9.99527E-4 9.94859E-4 8.716E-4 8.96816E-4 9.79147E-4 1.09269E-3 1.20929E-3 1.17716E-3 1.01173E-3 1.13465E-3 1.21726E-3 1.67588E-3 1.51943E-3 1.38203E-3 1.47679E-3 1.3731E-3 1.66755E-3 1.84904E-3 1.6602E-3 1.06906E-3 1.12033E-3 1.47327E-3 1.41239E-3 1.16113E-3 1.43612E-3 1.15183E-3 9.35815E-4 1.03845E-3 1.11127E-3 1.52022E-3 1.38887E-3 1.13479E-3 1.36157E-3 1.2825E-3 1.45191E-3 1.36081E-3 1.43511E-3 1.64595E-3 1.60516E-3 1.26961E-3 1.28445E-3 1.30952E-3 1.29307E-3 1.29313E-3 1.23205E-3 1.20322E-3 1.16131E-3 1.14552E-3 1.17596E-3 1.17854E-3 1.15478E-3 1.07516E-3 1.14629E-3 1.17416E-3
6.28093E-4 6.80317E-4 9.36198E-4 9.20205E-4 7.76571E-4 9.82942E-4 1.02975E-3 9.05422E-4 9.00039E-4 9.09082E-4 9.50392E-4 8.94317E-4 8.57561E-4 8.84545E-4 9.21109E-4 9.42895E-4 9.54476E-4 1.14006E-3 1.10829E-3 1.09235E-3 1.21562E-3 1.0681E-3 1.41098E-3 2.43985E-3 2.80016E-3 2.83091E-3 2.22345E-3 1.76571E-3 2.34396E-3 2.33918E-3 2.43915E-3 2.37364E-3 1.28343E-3 1.18845E-3 1.09222E-3 1.21703E-3 1.49791E-3 1.82581E-3 1.54981E-3 1.30036E-3 1.44397E-3 1.33755E-3 1.38878E-3 1.38827E-3 1.5902E-3 1.47963E-3 1.38959E-3 1.3062E-3 1.31512E-3 1.37001E-3 1.32763E-3 1.34286E-3 1.09354E-3 1.0496E-3 1.05191E-3 1.01417E-3 1.04243E-3 1.04104E-3 1.15736E-3 1.20948E-3 1.28433E-3
8.82903E-4 7.83487E-4 8.24082E-4 9.91187E-4 7.04991E-4 1.00843E-3 1.30749E-3 8.32883E-4 8.53755E-4 1.02224E-3 1.13861E-3 1.11701E-3 9.442E-4 8.76604E-4 8.87923E-4 1.09551E-3 1.23029E-3 1.14469E-3 1.08916E-3 1.179E-3 9.54903E-4 1.12895E-3 1.59533E-3 1.12235E-3 1.29368E-3 1.40739E-3 2.09506E-3 2.00772E-3 2.63182E-3 2.63755E-3 1.86458E-3 1.1889E-3 1.53692E-3 1.3106E-3 1.28394E-3 1.2766E-3 1.50192E-3 1.70827E-3 1.64113E-3 1.58305E-3 1.2777E-3 1.50652E-3 1.55184E-3 1.38432E-3 1.53842E-3 1.49179E-3 1.44854E-3 1.34901E-3 1.46024E-3 1.2397E-3 1.22968E-3 1.20213E-3 1.19922E-3 1.1533E-3 1.14935E-3 1.13398E-3 1.13568E-3 1.13929E-3 1.21655E-3 1.24887E-3 1.38706E-3
7.75477E-4 7.44325E-4 1.07652E-3 9.66797E-4 7.69863E-4 7.67453E-4 8.87263E-4 8.14435E-4 8.9066E-4 1.17389E-3 1.15772E-3 1.11526E-3 9.72449E-4 9.81587E-4 1.22332E-3 1.16341E-3 1.24827E-3 1.27926E-3 1.35444E-3 1.18199E-3 1.57794E-3 2.36184E-3 1.25707E-3 1.75409E-3 2.86131E-3 1.94728E-3 2.62669E-3 1.82842E-3 2.45669E-3 2.29871E-3 2.16043E-3 3.28097E-3 1.72488E-3 1.56918E-3 1.39583E-3 1.37629E-3 1.63804E-3 1.67714E-3 1.51741E-3 1.47841E-3 1.37889E-3 1.55264E-3 1.4475E-3 1.34384E-3 1.30187E-3 1.39534E-3 1.26006E-3 1.46574E-3 1.52508E-3 1.29584E-3 1.28851E-3 1.28398E-3 1.28228E-3 1.26335E-3 1.26978E-3 1.29892E-3 1.24604E-3 1.28054E-3 1.36836E-3 1.37336E-3 1.40967E-3
1.19826E-3 9.72136E-4 1.51491E-3 7.78171E-4 7.10375E-4 1.01142E-3 8.08024E-4 7.52096E-4 1.00369E-3 1.18402E-3 1.11043E-3 1.13936E-3 1.06508E-3 9.43857E-4 1.12071E-3 1.22387E-3 1.32081E-3 1.28003E-3 1.22185E-3 1.24976E-3 1.63523E-3 2.9325E-3 2.26168E-3 1.14947E-3 1.19952E-3 2.76111E-3 3.08129E-3 1.82324E-3 2.63096E-3 2.65123E-3 2.95413E-3 1.56033E-3 1.6906E-3 1.65358E-3 1.47651E-3 1.53841E-3 1.69215E-3 1.69198E-3 1.89882E-3 1.82111E-3 1.28064E-3 1.17141E-3 1.33498E-3 1.45697E-3 1.35044E-3 1.39251E-3 1.32365E-3 1.27434E-3 1.32415E-3 1.35634E-3 1.35917E-3 1.38702E-3 1.41747E-3 1.38065E-3 1.36054E-3 1.39975E-3 1.31745E-3 1.40436E-3 1.498E-3 1.29206E-3 1.28087E-3
1.11494E-3 1.67191E-3 1.47058E-3 7.143E-4 7.70469E-4 7.39207E-4 6.99867E-4 8.11864E-4 1.10346E-3 1.20008E-3 1.15076E-3 1.14749E-3 1.05956E-3 9.45042E-4 9.17617E-4 9.81354E-4 1.06086E-3 1.2621E-3 1.24518E-3 1.00442E-3 1.0342E-3 1.09032E-3 1.54828E-3 2.8219E-3 1.16515E-3 1.6432E-3 2.85365E-3 2.30543E-3 2.58516E-3 3.0797E-3 2.53125E-3 1.41679E-3 1.3975E-3 1.62919E-3 1.51484E-3 1.42887E-3 1.54624E-3 1.91343E-3 1.97549E-3 1.72793E-3 1.70521E-3 1.3344E-3 1.36431E-3 1.50466E-3 1.51312E-3 1.40251E-3 1.41464E-3 1.42757E-3 1.41448E-3 1.41468E-3 1.46378E-3 1.45512E-3 1.49015E-3 1.48438E-3 1.43046E-3 1.18501E-3 1.48105E-3 1.279E-3 1.31282E-3 1.34457E-3 1.38484E-3
5.96977E-4 8.73916E-4 7.89163E-4 6.65067E-4 1.00516E-3 1.16311E-3 9.65822E-4 7.61696E-4 9.46659E-4 1.09048E-3 9.80507E-4 1.01111E-3 1.0609E-3 9.28441E-4 1.05604E-3 1.05557E-3 9.93328E-4 1.05282E-3 1.03549E-3 1.09753E-3 1.41255E-3 1.15841E-3 1.12851E-3 2.40864E-3 2.53592E-3 2.69017E-3 3.93774E-3 2.37324E-3 1.46203E-3 1.32495E-3 1.42938E-3 1.25291E-3 1.39211E-3 1.67085E-3 1.88855E-3 1.51411E-3 1.64304E-3 1.56066E-3 1.56226E-3 1.61684E-3 1.69219E-3 1.61874E-3 1.40993E-3 1.55019E-3 1.55385E-3 1.50301E-3 1.45237E-3 1.53227E-3 1.53192E-3 1.56708E-3 1.57935E-3 1.52285E-3 1.56122E-3 1.3494E-3 1.34726E-3 1.24286E-3 1.33867E-3 1.38839E-3 1.43644E-3 1.44118E-3 1.54441E-3
6.27776E-4 6.28085E-4 7.67832E-4 9.02313E-4 8.46922E-4 1.5484E-3 9.01427E-4 8.11718E-4 8.60448E-4 1.1429E-3 1.13116E-3 1.12485E-3 1.09008E-3 8.94528E-4 1.06151E-3 1.22523E-3 1.26724E-3 1.24928E-3 1.26675E-3 1.21924E-3 1.23908E-3 2.23588E-3 2.4212E-3 2.22013E-3 3.14577E-3 2.24949E-3 1.8351E-3 2.52468E-3 2.21384E-3 2.50916E-3 1.35455E-3 1.48334E-3 1.60613E-3 1.81969E-3 1.85959E-3 1.94956E-3 1.40615E-3 1.48003E-3 1.76129E-3 1.65457E-3 1.69619E-3 1.65841E-3 1.57286E-3 1.73396E-3 1.63886E-3 1.62589E-3 1.66908E-3 1.65177E-3 1.66237E-3 1.36693E-3 1.42616E-3 1.37582E-3 1.36945E-3 1.41374E-3 1.46249E-3 1.36875E-3 1.37359E-3 1.50476E-3 1.4555E-3 1.59448E-3 1.70058E-3
6.58754E-4 8.5609E-4 8.79165E-4 1.22044E-3 6.85814E-4 1.49583E-3 9.68262E-4 8.85247E-4 8.91272E-4 1.08859E-3 1.23928E-3 1.03865E-3 9.70108E-4 1.00075E-3 9.05108E-4 1.00312E-3 1.11141E-3 1.21062E-3 1.21071E-3 1.15834E-3 1.14278E-3 1.34958E-3 2.62119E-3 2.29811E-3 1.97535E-3 2.40016E-3 3.18582E-3 2.93675E-3 2.10345E-3 1.25618E-3 1.46248E-3 1.56049E-3 1.87687E-3 1.97777E-3 2.03801E-3 1.76696E-3 1.85574E-3 1.60429E-3 1.86079E-3 1.90375E-3 1.78105E-3 1.69426E-3 1.66675E-3 1.74683E-3 1.69745E-3 1.46253E-3 1.77844E-3 1.45584E-3 1.48058E-3 1.50938E-3 1.45644E-3 1.47502E-3 1.47934E-3 1.52346E-3 1.5783E-3 1.48436E-3 1.53199E-3 1.6015E-3 1.39412E-3 1.4343E-3 1.4879E-3
7.55857E-4 7.0704E-4 7.9036E-4 9.55838E-4 1.00294E-3 1.36705E-3 1.699E-3 1.05362E-3 9.08848E-4 9.82689E-4 1.08483E-3 1.05555E-3 1.02567E-3 1.09886E-3 1.04405E-3 9.74426E-4 1.129E-3 1.14457E-3 1.23616E-3 1.14937E-3 1.11579E-3 1.14082E-3 1.41212E-3 2.7616E-3 2.31208E-3 2.16034E-3 3.90855E-3 3.09973E-3 3.48747E-3 1.63113E-3 1.52373E-3 1.58199E-3 1.9846E-3 1.86241E-3 1.77419E-3 1.80305E-3 1.75134E-3 1.6954E-3 1.74565E-3 2.05933E-3 2.19921E-3 2.04782E-3 1.57983E-3 1.58719E-3 1.58843E-3 1.5904E-3 1.61942E-3 1.56387E-3 1.60698E-3 1.6305E-3 1.64567E-3 1.66221E-3 1.65214E-3 1.66183E-3 1.4265E-3 1.38378E-3 1.42662E-3 1.41485E-3 1.47599E-3 1.50819E-3 -9999
1.57134E-3 9.14262E-4 1.32264E-3 1.32561E-3 7.25652E-4 1.10928E-3 1.51367E-3 1.61596E-3 1.08526E-3 1.01178E-3 1.0504E-3 1.03347E-3 1.18334E-3 1.28423E-3 1.22944E-3 1.11314E-3 1.06054E-3 1.13064E-3 1.21454E-3 1.2008E-3 1.30128E-3 1.15963E-3 1.17273E-3 1.50303E-3 1.69595E-3 2.01019E-3 2.12015E-3 2.01552E-3 2.59106E-3 1.58179E-3 1.79172E-3 1.79214E-3 1.42737E-3 1.50608E-3 1.52752E-3 1.62493E-3 1.70329E-3 1.81144E-3 1.94758E-3 2.02563E-3 1.88018E-3 1.91939E-3 1.73248E-3 1.65711E-3 1.69515E-3 1.73596E-3 1.73958E-3 1.66099E-3 1.69122E-3 1.70031E-3 1.75937E-3 1.51597E-3 1.48471E-3 1.46796E-3 1.44817E-3 1.53572E-3 -9999 -9999 -9999 -9999 -9999
1.36932E-3 9.12653E-4 1.62923E-3 1.67722E-3 1.28441E-3 9.5821E-4 1.46392E-3 1.74462E-3 1.63704E-3 1.15214E-3 1.15884E-3 1.20243E-3 1.07336E-3 1.16322E-3 1.20781E-3 1.25133E-3 1.36734E-3 1.30923E-3 1.22899E-3 1.34434E-3 1.25752E-3 1.31016E-3 1.30333E-3 1.32524E-3 1.66472E-3 2.14689E-3 2.17425E-3 1.75333E-3 1.47281E-3 1.75594E-3 1.65718E-3 1.79021E-3 1.58366E-3 1.63257E-3 1.57841E-3 1.63359E-3 1.81523E-3 1.86507E-3 1.98536E-3 1.76233E-3 1.84098E-3 1.86186E-3 1.80881E-3 1.78614E-3 1.82293E-3 1.86907E-3 1.89081E-3 1.61754E-3 1.66031E-3 1.5782E-3 1.5663E-3 1.52246E-3 -9999 -9999 -9999 -9999 -9999 -9999 -9999 -9999 -9999
7.43008E-4 7.02144E-4 9.30364E-4 1.74185E-3 2.02607E-3 1.07147E-3 1.36159E-3 2.07201E-3 1.32729E-3 9.19157E-4 1.33037E-3 1.32912E-3 1.14704E-3 1.071E-3 1.14146E-3 1.06673E-3 1.13317E-3 1.34722E-3 1.34892E-3 1.43588E-3 1.37802E-3 1.47303E-3 1.44976E-3 1.8141E-3 1.85924E-3 1.98359E-3 2.21573E-3 1.53198E-3 1.42049E-3 1.68704E-3 1.71223E-3 1.65501E-3 1.57362E-3 1.46531E-3 1.64067E-3 1.68765E-3 2.42142E-3 1.80197E-3 1.93474E-3 1.88506E-3 1.91945E-3 1.9959E-3 2.0699E-3 1.73427E-3 1.73661E-3 1.75423E-3 1.64399E-3 -9999 -9999 -9999 -9999 -9999 -9999 -9999 -9999 -9999 -9999 -9999 -9999 -9999 -9999
6.60918E-4 6.53203E-4 7.5756E-4 1.11848E-3 1.38323E-3 1.42767E-3 1.61368E-3 1.15509E-3 9.80043E-4 1.00718E-3 1.37196E-3 1.53604E-3 1.7552E-3 1.14196E-3 1.25124E-3 1.28635E-3 1.27187E-3 9.81809E-4 1.20276E-3 1.57173E-3 1.79268E-3 1.56536E-3 1.46793E-3 1.5E-3 1.68488E-3 1.93887E-3 1.8485E-3 2.17888E-3 2.15603E-3 1.70556E-3 1.65653E-3 1.53127E-3 1.477E-3 1.97319E-3 2.05417E-3 1.74013E-3 2.9107E-3 2.05622E-3 2.17828E-3 2.30852E-3 2.31393E-3 2.22537E-3 1.95711E-3 1.91161E-3 1.84432E-3 -9999 -9999 -9999 -9999 -9999 -9999 -9999 -9999 -9999 -9999 -9999 -9999 -9999 -9999 -9999 -9999
8.22011E-4 6.47794E-4 6.48283E-4 7.45183E-4 8.95122E-4 1.22943E-3 1.78512E-3 1.54009E-3 1.26381E-3 1.45674E-3 1.58828E-3 1.56298E-3 1.59264E-3 1.15097E-3 1.14255E-3 1.43994E-3 1.54222E-3 1.40353E-3 1.09497E-3 1.51868E-3 1.67119E-3 1.77212E-3 1.63127E-3 1.91256E-3 1.989E-3 1.60005E-3 1.87333E-3 2.0793E-3 1.7072E-3 1.67955E-3 2.08267E-3 1.89526E-3 1.82439E-3 2.87094E-3 3.41059E-3 2.63768E-3 2.03981E-3 2.15134E-3 2.26173E-3 2.37066E-3 2.07978E-3 2.02318E-3 2.08125E-3 2.02996E-3 -9999 -9999 -9999 -9999 -9999 -9999 -9999 -9999 -9999 -9999 -9999 -9999 -9999 -9999 -9999 -9999 -9999
