Artocarpus hirsutus SDM files/Last interglacial/results (without bias file)/Arthir_3.asc
ncols         625
nrows         721
xllcorner     69.99986311115
yllcorner     5.99986151914999
cellsize      0.041666667
NODATA_value  -9999
[rows 216 to 242 of 721, columns 427 to 487 of 625]
3.55682E-3 4.00928E-3 3.47769E-3 3.25624E-3 2.52197E-3 5.48198E-3 7.94375E-3 6.84204E-3 2.0757E-3 3.77044E-3 4.46433E-3 5.20229E-3 5.24916E-3 5.2242E-3 5.37843E-3 3.74188E-3 4.82219E-3 5.15368E-3 9.91673E-3 1.21427E-2 1.30465E-2 1.19797E-2 1.20773E-2 1.18709E-2 1.12696E-2 1.0261E-2 9.13701E-3 9.05442E-3 9.06427E-3 9.82018E-3 8.69305E-3 3.36082E-4 7.39436E-3 4.28538E-3 4.64139E-3 5.88183E-4 6.67899E-4 5.27276E-4 6.03153E-3 1.03742E-3 8.27256E-4 8.95648E-4 8.1763E-4 1.01907E-3 1.48418E-3 9.55187E-4 7.96943E-4 9.9097E-4 8.89317E-4 8.25773E-4 8.52937E-4 8.96878E-4 9.72453E-4 8.55529E-4 6.67587E-4 1.07873E-3 9.84898E-4 1.10525E-3 1.10267E-3 9.6E-4 1.14314E-3
1.63884E-3 3.21487E-3 2.04863E-3 2.55765E-3 1.79044E-3 5.5016E-3 4.81208E-3 6.20635E-3 6.8589E-3 5.01811E-3 6.57152E-3 9.56917E-3 1.00696E-2 4.09124E-3 2.96464E-3 2.60124E-3 5.5051E-3 1.12044E-2 1.29916E-2 9.61881E-3 1.08159E-2 9.74749E-3 1.02507E-2 1.11552E-2 1.07606E-2 8.42628E-3 7.26584E-3 8.70885E-3 9.50339E-3 9.53437E-3 8.83117E-3 9.8755E-3 9.12162E-3 7.46736E-3 3.62246E-3 6.42992E-3 7.14611E-3 9.82622E-3 7.93475E-3 5.24362E-3 1.22813E-3 5.56777E-4 4.61092E-4 8.92328E-4 8.82702E-4 7.40368E-4 6.96975E-4 6.95533E-4 9.00133E-4 9.17173E-4 1.00554E-3 8.12295E-4 9.5433E-4 8.8823E-4 7.67302E-4 1.09216E-3 1.08207E-3 1.0642E-3 8.54465E-4 7.29767E-4 8.14642E-4
1.55395E-3 3.2045E-3 1.45428E-3 1.35749E-3 2.90659E-3 4.03082E-3 2.47937E-3 5.19288E-3 4.59595E-3 4.47655E-3 3.12414E-3 7.06628E-3 1.09638E-2 5.34149E-3 4.95181E-3 3.41023E-3 8.22325E-3 9.40139E-3 1.04932E-2 9.58725E-3 8.38015E-3 9.10928E-3 9.14722E-3 8.90256E-3 9.05736E-3 8.27332E-3 9.31938E-3 9.84133E-3 9.62283E-3 9.51247E-3 9.41968E-3 9.13537E-3 8.25186E-3 7.99439E-3 7.96644E-3 4.87444E-3 7.61095E-3 8.35825E-3 6.06651E-3 7.24189E-3 4.85693E-4 4.61251E-4 6.97073E-4 5.56925E-3 5.58485E-4 5.84072E-4 8.65468E-4 7.44067E-4 7.33608E-4 7.19228E-4 8.73862E-4 1.02526E-3 9.10777E-4 8.99553E-4 1.03824E-3 1.03566E-3 1.0504E-3 8.57381E-4 7.06845E-4 8.06031E-4 8.24014E-4
1.58827E-3 2.75571E-3 1.7484E-3 1.29881E-3 1.45529E-3 2.16544E-3 3.20159E-3 3.69805E-3 5.91808E-3 4.49434E-3 2.4012E-3 5.99882E-3 9.53437E-3 8.04705E-3 1.03159E-2 6.28817E-3 6.59281E-3 8.77698E-3 9.08051E-3 8.12861E-3 7.85862E-3 8.59387E-3 8.66319E-3 8.44525E-3 9.83902E-3 9.60008E-3 8.2942E-3 9.36588E-3 9.31597E-3 9.15442E-3 8.64073E-3 8.21116E-3 9.41072E-3 1.01393E-2 9.14608E-3 7.37124E-3 6.88547E-3 7.74814E-3 8.32112E-3 1.01814E-2 1.00701E-2 4.6709E-4 5.09141E-4 5.97815E-3 8.4929E-4 3.60408E-4 5.918E-4 8.28124E-4 6.71092E-4 7.14547E-4 8.0119E-4 6.63813E-4 7.51645E-4 3.46824E-3 1.06454E-3 1.01823E-3 9.12961E-4 7.34377E-4 7.35043E-4 7.97783E-4 7.3404E-4
2.18789E-3 3.01371E-3 1.45188E-3 1.70639E-3 3.36217E-3 3.76291E-3 2.89144E-3 4.03463E-3 4.1422E-3 4.92569E-3 3.38498E-3 7.62706E-3 7.20199E-3 5.48035E-3 7.35864E-3 5.91275E-3 3.73215E-3 4.45976E-3 6.49654E-3 6.37436E-3 6.94034E-3 7.48756E-3 7.01462E-3 6.98868E-3 7.48058E-3 7.86513E-3 8.35698E-3 8.02019E-3 8.43821E-3 8.68682E-3 8.95775E-3 8.78048E-3 9.19724E-3 1.03461E-2 1.04842E-2 1.01413E-2 8.4651E-3 7.13182E-3 7.61147E-3 8.72398E-3 7.37575E-3 4.70917E-4 3.05172E-4 6.68E-3 3.39473E-4 2.67235E-4 3.19824E-4 6.12136E-4 8.46392E-4 6.20403E-4 5.46077E-3 6.30717E-4 4.3078E-3 3.93181E-3 9.74079E-4 8.17231E-4 7.36529E-4 7.54904E-4 5.40646E-3 5.85726E-3 5.88198E-3
1.31718E-3 2.13251E-3 1.84019E-3 2.35377E-3 2.62212E-3 2.84543E-3 4.36541E-3 5.37725E-3 4.61013E-3 3.32324E-3 3.71684E-3 4.01949E-3 4.51193E-3 4.95122E-3 4.39719E-3 4.22805E-3 5.04454E-3 4.82921E-3 4.7341E-3 5.90253E-3 6.61143E-3 6.71747E-3 6.42802E-3 6.11425E-3 7.37188E-3 8.37721E-3 7.63619E-3 8.01467E-3 8.40125E-3 8.5331E-3 9.05926E-3 9.17591E-3 1.01253E-2 1.00418E-2 1.0074E-2 9.81014E-3 7.81963E-3 6.77249E-3 7.35233E-3 7.90532E-3 8.9203E-3 1.03206E-2 9.89917E-3 6.13831E-3 5.3982E-3 8.17281E-3 8.70692E-3 6.04665E-3 4.49456E-4 5.2199E-4 6.08947E-3 4.8163E-3 4.25841E-3 7.36999E-4 6.37989E-4 6.3913E-3 6.16893E-3 5.52273E-3 4.85818E-3 5.2294E-3 5.22057E-3
1.20052E-3 1.25238E-3 1.19293E-3 2.09944E-3 2.18205E-3 2.39272E-3 3.16706E-3 3.43863E-3 3.14766E-3 2.57367E-3 2.86357E-3 2.89556E-3 2.92661E-3 3.13976E-3 3.35529E-3 3.69262E-3 4.84723E-3 5.50346E-3 4.36138E-3 5.14094E-3 6.41324E-3 6.63108E-3 6.19355E-3 6.18183E-3 8.51279E-3 7.88671E-3 7.79446E-3 7.69229E-3 8.04539E-3 8.41592E-3 8.86674E-3 8.87142E-3 9.41325E-3 9.5516E-3 9.71145E-3 8.92842E-3 7.24388E-3 7.56525E-3 7.87608E-3 8.17316E-3 8.33097E-3 9.46677E-3 9.89537E-3 1.09115E-2 9.28531E-3 6.82928E-3 7.12358E-3 8.11102E-3 8.55655E-3 7.90374E-3 6.65471E-3 5.62232E-3 7.15602E-3 6.96178E-3 6.50496E-3 5.91613E-3 5.52024E-3 5.63989E-3 4.80251E-3 5.03336E-3 4.93133E-3
1.5721E-3 1.32673E-3 1.38436E-3 1.84337E-3 1.60448E-3 1.83963E-3 2.30018E-3 2.41006E-3 2.26913E-3 2.34038E-3 2.41608E-3 2.74793E-3 2.7544E-3 2.92914E-3 3.03588E-3 3.66133E-3 4.09968E-3 4.99531E-3 5.22416E-3 4.84134E-3 6.36595E-3 5.9081E-3 6.15171E-3 6.63535E-3 8.23808E-3 7.49653E-3 7.56728E-3 7.53219E-3 8.03296E-3 8.21898E-3 8.23537E-3 8.56338E-3 8.71577E-3 9.03611E-3 8.60081E-3 7.79201E-3 7.50435E-3 7.51381E-3 7.46655E-3 7.40881E-3 7.30972E-3 7.60307E-3 7.89475E-3 8.47326E-3 9.70468E-3 9.15876E-3 7.55018E-3 7.81431E-3 7.19658E-3 6.29299E-3 6.23029E-3 6.45831E-3 6.36198E-3 6.20966E-3 5.9337E-3 5.62663E-3 5.37464E-3 5.53789E-3 5.40213E-3 5.28682E-3 5.59886E-3
1.96107E-3 1.81193E-3 1.83003E-3 1.68411E-3 1.4716E-3 1.6736E-3 1.76052E-3 1.75098E-3 1.85215E-3 2.05868E-3 2.29736E-3 2.37131E-3 2.70112E-3 2.70608E-3 2.82291E-3 3.39342E-3 3.73676E-3 4.60334E-3 5.21393E-3 5.4577E-3 4.94454E-3 5.50225E-3 5.65507E-3 6.01518E-3 7.32048E-3 7.12964E-3 7.07707E-3 7.3682E-3 7.42786E-3 7.52016E-3 7.79117E-3 7.66055E-3 7.84507E-3 7.4312E-3 7.03533E-3 7.15142E-3 7.31183E-3 7.00677E-3 7.06731E-3 7.10904E-3 6.88462E-3 6.76662E-3 6.70533E-3 6.65698E-3 6.9388E-3 6.49947E-3 6.46069E-3 6.09962E-3 5.61482E-3 5.1632E-3 5.40016E-3 5.53102E-3 5.75934E-3 5.58797E-3 5.41175E-3 5.38893E-3 5.14992E-3 4.9828E-3 4.98781E-3 5.1519E-3 5.05362E-3
1.48994E-3 1.50975E-3 1.35046E-3 1.42698E-3 1.62168E-3 1.6444E-3 1.61523E-3 1.49097E-3 1.61665E-3 2.02784E-3 2.16722E-3 2.29705E-3 2.62021E-3 2.48142E-3 2.80231E-3 3.07296E-3 3.43626E-3 3.98108E-3 4.20259E-3 5.15571E-3 4.97052E-3 5.67088E-3 5.82402E-3 6.1279E-3 6.52561E-3 6.76965E-3 6.87472E-3 7.11865E-3 7.02447E-3 6.85477E-3 7.12835E-3 6.92324E-3 7.02439E-3 6.86221E-3 6.80318E-3 7.03009E-3 7.17109E-3 6.77489E-3 6.73813E-3 6.81053E-3 6.40224E-3 6.61656E-3 6.32627E-3 6.50452E-3 6.20186E-3 5.59546E-3 5.45718E-3 5.26033E-3 5.82753E-3 5.56031E-3 5.3407E-3 5.23276E-3 5.35312E-3 5.26945E-3 5.33955E-3 5.21562E-3 5.13724E-3 4.91863E-3 4.82435E-3 4.80376E-3 4.60326E-3
1.45236E-3 1.39958E-3 1.3964E-3 1.47258E-3 1.55546E-3 1.56162E-3 1.58542E-3 1.41935E-3 1.55502E-3 1.8717E-3 1.84365E-3 2.02057E-3 2.33537E-3 2.52881E-3 2.95322E-3 2.84666E-3 3.29818E-3 4.14839E-3 4.31312E-3 4.22273E-3 5.13723E-3 5.48297E-3 5.564E-3 5.51855E-3 5.7848E-3 6.16468E-3 6.35117E-3 6.28254E-3 6.5441E-3 6.42903E-3 6.7755E-3 6.64753E-3 6.62956E-3 6.67589E-3 6.61795E-3 6.37933E-3 6.57754E-3 6.55471E-3 6.516E-3 6.32887E-3 6.2815E-3 5.95839E-3 5.87438E-3 5.9408E-3 5.79519E-3 5.20356E-3 5.18383E-3 5.80788E-3 5.52585E-3 5.28971E-3 5.14781E-3 5.15032E-3 4.77546E-3 4.78371E-3 4.94249E-3 4.8039E-3 4.58989E-3 4.45929E-3 4.40215E-3 4.34994E-3 4.36876E-3
1.57319E-3 1.33336E-3 1.61429E-3 1.59293E-3 1.50504E-3 1.72956E-3 1.4411E-3 1.53311E-3 1.70716E-3 1.73456E-3 1.92573E-3 2.21735E-3 2.2319E-3 2.51252E-3 2.83683E-3 3.03554E-3 3.32736E-3 3.61975E-3 4.15754E-3 4.4803E-3 4.56962E-3 4.85211E-3 5.15776E-3 5.34507E-3 5.34027E-3 5.67446E-3 5.7304E-3 5.87644E-3 5.98769E-3 6.16304E-3 6.30538E-3 6.18429E-3 6.05852E-3 6.15181E-3 6.17259E-3 6.14006E-3 6.00133E-3 5.92665E-3 6.23011E-3 5.74009E-3 5.63124E-3 5.51175E-3 5.4502E-3 5.23925E-3 4.9812E-3 5.82614E-3 5.77525E-3 5.58725E-3 5.26572E-3 5.14552E-3 4.89805E-3 4.94073E-3 4.69459E-3 4.61519E-3 4.51033E-3 4.36501E-3 4.27843E-3 4.14776E-3 4.21946E-3 4.15829E-3 3.99634E-3
1.46997E-3 1.4693E-3 1.48556E-3 1.40654E-3 1.43829E-3 1.58561E-3 1.60381E-3 1.54232E-3 1.64891E-3 1.59793E-3 1.84798E-3 1.99006E-3 2.11057E-3 2.43716E-3 2.66818E-3 2.97106E-3 3.02907E-3 3.45992E-3 3.73719E-3 3.9287E-3 4.20108E-3 4.34901E-3 4.61322E-3 4.85868E-3 4.87421E-3 4.93713E-3 5.19339E-3 5.48141E-3 5.5423E-3 5.63034E-3 5.50985E-3 5.90983E-3 5.79128E-3 5.93238E-3 5.84332E-3 5.69509E-3 5.58067E-3 5.46344E-3 5.42243E-3 5.31042E-3 5.10824E-3 5.02884E-3 4.89682E-3 4.72133E-3 4.87232E-3 5.45714E-3 5.34824E-3 5.19836E-3 5.06414E-3 5.13975E-3 4.90024E-3 4.65053E-3 4.45387E-3 4.27985E-3 4.23015E-3 4.08838E-3 4.18705E-3 4.06493E-3 3.90617E-3 3.78508E-3 3.60878E-3
1.40588E-3 1.44323E-3 1.47998E-3 1.37737E-3 1.73835E-3 1.87713E-3 1.70479E-3 1.54053E-3 1.56435E-3 1.55827E-3 1.70359E-3 1.75806E-3 2.09146E-3 2.25109E-3 2.55855E-3 2.61528E-3 2.82621E-3 3.0601E-3 3.33816E-3 3.64579E-3 3.9426E-3 4.08864E-3 4.35756E-3 4.4444E-3 4.3994E-3 4.55451E-3 4.82556E-3 4.84314E-3 4.90118E-3 5.31909E-3 5.28988E-3 5.54919E-3 5.4535E-3 5.35165E-3 5.50387E-3 5.35501E-3 5.24436E-3 5.17862E-3 5.07012E-3 4.9438E-3 4.85564E-3 4.80509E-3 4.64545E-3 4.70199E-3 4.59489E-3 5.14457E-3 5.01898E-3 4.9447E-3 4.82506E-3 4.84194E-3 4.58177E-3 4.36076E-3 4.22061E-3 4.06513E-3 4.06682E-3 3.94598E-3 3.83161E-3 3.7072E-3 3.6159E-3 3.47331E-3 3.53198E-3
1.38726E-3 1.43976E-3 1.43909E-3 1.46183E-3 1.47532E-3 1.51425E-3 1.51312E-3 1.47537E-3 1.50052E-3 1.47743E-3 1.62341E-3 1.68374E-3 1.90197E-3 2.07657E-3 2.25587E-3 2.38946E-3 2.57661E-3 2.81964E-3 2.95754E-3 3.28067E-3 3.46087E-3 3.65617E-3 3.708E-3 4.02154E-3 4.08535E-3 4.12086E-3 4.44617E-3 4.39409E-3 4.60525E-3 4.57714E-3 4.71818E-3 4.62582E-3 4.91879E-3 4.88968E-3 4.97438E-3 5.04394E-3 4.94839E-3 4.83422E-3 4.74104E-3 4.64873E-3 4.62232E-3 4.4347E-3 4.94469E-3 5.11157E-3 4.99606E-3 4.84006E-3 4.76221E-3 4.67326E-3 4.73159E-3 4.45797E-3 4.2469E-3 4.00135E-3 3.98832E-3 3.72617E-3 3.81939E-3 3.72347E-3 3.58257E-3 3.45434E-3 3.37774E-3 3.50148E-3 3.24758E-3
1.28466E-3 1.32861E-3 1.40358E-3 1.41409E-3 1.40079E-3 1.40271E-3 1.39522E-3 1.41699E-3 1.49245E-3 1.56383E-3 1.58134E-3 1.59993E-3 1.73077E-3 1.78659E-3 1.91137E-3 2.25337E-3 2.37881E-3 2.52031E-3 2.66497E-3 2.97237E-3 3.07174E-3 3.25836E-3 3.20764E-3 3.614E-3 3.73984E-3 3.69466E-3 3.98401E-3 3.92413E-3 4.17799E-3 4.09654E-3 4.26773E-3 4.29562E-3 4.2084E-3 4.35495E-3 4.30229E-3 4.35881E-3 4.5848E-3 4.45631E-3 4.37475E-3 4.36977E-3 4.26889E-3 4.16916E-3 4.65647E-3 4.76273E-3 4.65052E-3 4.51972E-3 4.40255E-3 4.26841E-3 4.34455E-3 4.20398E-3 4.00561E-3 3.92016E-3 3.70999E-3 3.53348E-3 3.51627E-3 3.50431E-3 3.44314E-3 3.36306E-3 3.4435E-3 3.28815E-3 3.43277E-3
1.24528E-3 1.27963E-3 1.31576E-3 1.36148E-3 1.37333E-3 1.33995E-3 1.35373E-3 1.37151E-3 1.45609E-3 1.43804E-3 1.4613E-3 1.47866E-3 1.6135E-3 1.74017E-3 1.90646E-3 2.02421E-3 2.15525E-3 2.33649E-3 2.57082E-3 2.59532E-3 2.8343E-3 2.82338E-3 3.00175E-3 3.11797E-3 3.32022E-3 3.36747E-3 3.46702E-3 3.64805E-3 3.76871E-3 3.79573E-3 3.88017E-3 3.80928E-3 3.98619E-3 3.9229E-3 3.99281E-3 4.03459E-3 4.01057E-3 3.95514E-3 3.92071E-3 3.95288E-3 4.42687E-3 4.39216E-3 4.37826E-3 4.48691E-3 4.34239E-3 4.13465E-3 4.13375E-3 4.03153E-3 4.04609E-3 3.95524E-3 3.72168E-3 3.82887E-3 3.60393E-3 3.50812E-3 3.37685E-3 3.3263E-3 3.27223E-3 3.26241E-3 3.14811E-3 3.23569E-3 3.78446E-3
1.1849E-3 1.25225E-3 1.2571E-3 1.31753E-3 1.30359E-3 1.22337E-3 1.28318E-3 1.34008E-3 1.38814E-3 1.38427E-3 1.41316E-3 1.47607E-3 1.55791E-3 1.58892E-3 1.70556E-3 1.85685E-3 1.95651E-3 2.10029E-3 2.22672E-3 2.29142E-3 2.47314E-3 2.56495E-3 2.70179E-3 2.90907E-3 3.12961E-3 3.08551E-3 3.31366E-3 3.25392E-3 3.47507E-3 3.50263E-3 3.4807E-3 3.65642E-3 3.72029E-3 3.75848E-3 3.69234E-3 3.7928E-3 3.85032E-3 4.31371E-3 3.71349E-3 3.61384E-3 3.62733E-3 4.14596E-3 4.06276E-3 4.07902E-3 4.01143E-3 3.91473E-3 3.815E-3 3.91851E-3 3.76037E-3 3.69815E-3 3.64179E-3 3.60543E-3 3.45874E-3 3.32235E-3 3.29481E-3 3.19841E-3 3.0901E-3 3.05342E-3 3.24986E-3 3.2442E-3 3.3923E-3
1.15765E-3 1.17381E-3 1.19007E-3 1.2519E-3 1.21978E-3 1.17453E-3 1.19404E-3 1.27397E-3 1.29784E-3 1.35153E-3 1.37704E-3 1.35597E-3 1.48784E-3 1.50193E-3 1.61431E-3 1.65214E-3 1.72386E-3 1.9028E-3 2.01191E-3 2.09177E-3 2.08962E-3 2.29671E-3 2.47498E-3 2.57138E-3 2.56118E-3 2.84105E-3 3.02766E-3 2.98505E-3 3.19904E-3 3.14034E-3 3.24616E-3 3.28045E-3 3.35957E-3 3.47987E-3 3.50494E-3 3.50851E-3 4.06197E-3 3.9872E-3 3.9756E-3 3.84067E-3 3.92898E-3 3.83072E-3 3.71099E-3 3.87684E-3 3.78851E-3 3.67169E-3 3.50463E-3 3.58334E-3 3.50568E-3 3.31672E-3 3.32377E-3 3.42282E-3 3.22658E-3 3.29471E-3 3.23455E-3 3.01231E-3 3.09541E-3 3.40049E-3 3.46603E-3 3.52186E-3 3.58308E-3
1.08877E-3 1.09454E-3 1.1211E-3 1.16718E-3 1.13412E-3 1.1456E-3 1.17641E-3 1.18566E-3 1.24783E-3 1.28854E-3 1.29279E-3 1.29535E-3 1.36528E-3 1.41052E-3 1.49369E-3 1.58278E-3 1.57214E-3 1.68388E-3 1.68586E-3 1.84953E-3 1.8723E-3 2.04346E-3 2.14027E-3 2.31914E-3 2.35081E-3 2.49304E-3 2.5746E-3 2.73318E-3 2.69152E-3 3.32392E-3 2.87841E-3 3.46367E-3 3.53076E-3 3.62042E-3 3.57029E-3 3.61689E-3 3.59799E-3 3.78047E-3 3.75581E-3 3.65591E-3 3.6395E-3 3.62811E-3 3.68818E-3 3.59068E-3 3.51616E-3 3.39947E-3 3.4341E-3 3.37768E-3 3.28301E-3 3.14986E-3 3.35914E-3 3.32961E-3 3.26629E-3 3.04019E-3 3.32183E-3 3.43174E-3 3.41108E-3 3.3877E-3 3.43409E-3 4.06735E-3 4.21546E-3
1.00883E-3 1.04726E-3 1.06042E-3 1.08242E-3 1.08274E-3 1.12487E-3 1.08806E-3 1.13969E-3 1.18062E-3 1.19793E-3 1.18464E-3 1.22121E-3 1.28483E-3 1.29073E-3 1.39216E-3 1.41825E-3 1.43778E-3 1.58003E-3 1.58558E-3 1.67796E-3 1.74672E-3 1.78207E-3 2.12291E-3 2.11395E-3 2.13526E-3 2.25997E-3 2.74781E-3 2.41714E-3 2.84396E-3 3.00363E-3 2.84381E-3 3.20895E-3 3.30172E-3 3.36922E-3 3.40777E-3 3.37271E-3 3.33754E-3 3.37946E-3 3.41847E-3 3.55725E-3 3.43781E-3 3.33067E-3 3.48394E-3 3.40316E-3 3.27652E-3 3.34607E-3 3.27206E-3 3.23264E-3 3.11766E-3 3.05062E-3 3.16996E-3 3.12704E-3 3.02815E-3 3.04739E-3 3.25652E-3 3.26803E-3 3.37018E-3 3.41709E-3 3.48629E-3 4.06396E-3 4.17742E-3
1.06028E-3 1.07688E-3 1.12275E-3 1.01224E-3 1.03017E-3 1.16307E-3 1.04134E-3 1.20148E-3 1.27035E-3 1.27532E-3 1.26911E-3 1.30742E-3 1.33022E-3 1.3904E-3 1.5102E-3 1.51119E-3 1.57767E-3 1.44488E-3 1.77028E-3 1.79695E-3 1.81172E-3 1.95188E-3 2.09526E-3 2.25596E-3 2.31164E-3 2.40395E-3 2.6075E-3 2.61392E-3 2.59906E-3 2.75132E-3 2.8184E-3 3.06468E-3 3.05574E-3 3.09549E-3 3.17181E-3 3.25687E-3 3.14483E-3 3.21065E-3 3.27658E-3 3.41063E-3 3.28344E-3 3.31863E-3 3.23026E-3 3.10771E-3 3.12334E-3 3.10102E-3 3.15624E-3 3.11458E-3 3.02854E-3 3.09323E-3 3.07918E-3 2.99139E-3 2.8577E-3 2.97144E-3 3.23943E-3 3.18933E-3 3.37833E-3 3.45262E-3 3.95651E-3 4.16587E-3 4.23425E-3
1.00543E-3 1.03016E-3 1.02624E-3 1.07474E-3 1.08335E-3 1.11128E-3 1.1407E-3 1.13863E-3 1.1488E-3 1.12822E-3 1.22444E-3 1.23247E-3 1.27542E-3 1.37457E-3 1.37608E-3 1.39352E-3 1.49456E-3 1.57349E-3 1.6673E-3 1.66065E-3 1.70637E-3 1.7311E-3 1.91857E-3 2.0057E-3 2.18059E-3 2.16154E-3 2.35262E-3 2.43936E-3 2.6082E-3 2.61947E-3 2.61942E-3 2.82274E-3 2.82673E-3 2.96926E-3 3.00976E-3 3.0199E-3 3.00557E-3 3.03416E-3 3.17613E-3 3.19465E-3 3.14236E-3 3.19633E-3 3.1151E-3 2.95831E-3 3.01395E-3 2.97062E-3 2.96246E-3 3.00808E-3 3.03948E-3 2.90828E-3 2.94696E-3 2.93802E-3 2.84893E-3 3.0826E-3 3.18492E-3 3.20452E-3 3.90949E-3 4.03165E-3 4.041E-3 4.04243E-3 4.01907E-3
9.37618E-4 9.66966E-4 9.78188E-4 1.00332E-3 9.98485E-4 1.03702E-3 1.03592E-3 1.06661E-3 1.11796E-3 1.09409E-3 1.13256E-3 1.16401E-3 1.18089E-3 1.30651E-3 1.32369E-3 1.33591E-3 1.36166E-3 1.40006E-3 1.52338E-3 1.61532E-3 1.61875E-3 1.59629E-3 1.72191E-3 1.7503E-3 1.93572E-3 2.04643E-3 2.20685E-3 2.21212E-3 2.37697E-3 2.44528E-3 2.40365E-3 2.55508E-3 2.65359E-3 2.82704E-3 2.83742E-3 2.8786E-3 2.8375E-3 2.94453E-3 3.01078E-3 3.01359E-3 3.11118E-3 3.04645E-3 2.95696E-3 2.95492E-3 2.91005E-3 2.87816E-3 2.80126E-3 2.92881E-3 2.87805E-3 2.89943E-3 2.94209E-3 3.403E-3 3.48509E-3 3.55572E-3 3.56396E-3 3.73158E-3 3.77799E-3 3.7898E-3 4.10045E-3 4.11416E-3 4.08394E-3
9.00251E-4 9.04191E-4 9.00259E-4 9.0477E-4 9.52968E-4 9.6322E-4 9.9041E-4 1.02346E-3 1.02105E-3 1.01795E-3 1.061E-3 1.11087E-3 1.14788E-3 1.18977E-3 1.22418E-3 1.28884E-3 1.29236E-3 1.37252E-3 1.36705E-3 1.51718E-3 1.46189E-3 1.56678E-3 1.59016E-3 1.72068E-3 1.81419E-3 1.94266E-3 1.94114E-3 2.06131E-3 2.19996E-3 2.27172E-3 2.43594E-3 2.35167E-3 2.40864E-3 2.75296E-3 2.63652E-3 2.67663E-3 2.81966E-3 2.84866E-3 2.80009E-3 2.81743E-3 3.00042E-3 2.88678E-3 2.81827E-3 2.87098E-3 2.84649E-3 2.77427E-3 2.84272E-3 2.8108E-3 2.92538E-3 2.82262E-3 2.95693E-3 2.95582E-3 3.45041E-3 3.60328E-3 3.60876E-3 3.73379E-3 3.82081E-3 3.92179E-3 3.89953E-3 3.89915E-3 3.9884E-3
8.61103E-4 8.98127E-4 8.66181E-4 8.60462E-4 8.59812E-4 9.25013E-4 9.68654E-4 9.56659E-4 9.64594E-4 9.89935E-4 9.74902E-4 1.03011E-3 1.07269E-3 1.12666E-3 1.19513E-3 1.17194E-3 1.23225E-3 1.28989E-3 1.28368E-3 1.37759E-3 1.45286E-3 1.45306E-3 1.448E-3 1.63828E-3 1.68946E-3 1.83112E-3 1.88374E-3 2.02114E-3 2.06165E-3 2.17883E-3 2.2944E-3 2.27361E-3 2.31767E-3 2.49641E-3 2.50057E-3 2.55289E-3 2.73047E-3 2.73796E-3 2.76303E-3 2.83068E-3 2.73055E-3 2.71494E-3 2.8502E-3 2.74553E-3 2.72376E-3 2.82525E-3 2.79925E-3 2.63276E-3 2.76052E-3 3.18333E-3 3.23712E-3 3.40511E-3 3.53847E-3 3.64548E-3 3.59244E-3 3.75764E-3 3.78335E-3 3.81098E-3 3.71811E-3 3.86508E-3 3.62445E-3
8.12125E-4 8.1809E-4 8.19403E-4 8.4026E-4 8.42797E-4 8.52803E-4 8.94598E-4 8.89322E-4 9.20583E-4 9.57622E-4 9.52645E-4 9.65722E-4 9.88294E-4 1.0788E-3 1.08394E-3 1.14115E-3 1.15207E-3 1.17961E-3 1.21531E-3 1.29828E-3 1.36486E-3 1.35485E-3 1.43698E-3 1.49308E-3 1.59791E-3 1.67874E-3 1.7444E-3 1.89632E-3 1.95322E-3 2.01445E-3 2.09245E-3 2.18534E-3 2.16764E-3 2.35128E-3 2.41856E-3 2.57798E-3 2.61968E-3 2.59297E-3 2.76225E-3 2.68301E-3 2.62615E-3 2.68191E-3 2.70903E-3 2.76464E-3 2.73063E-3 2.7112E-3 2.92406E-3 2.91367E-3 3.08459E-3 3.18357E-3 3.39274E-3 3.3823E-3 3.45834E-3 3.43358E-3 3.63852E-3 3.61459E-3 3.98565E-3 3.86311E-3 3.76199E-3 3.72306E-3 3.87746E-3
