Artocarpus hirsutus SDM files/Last interglacial/results (without bias file)/Arthir_8.asc
ncols         625
nrows         721
xllcorner     69.99986311115
yllcorner     5.99986151914999
cellsize      0.041666667
NODATA_value  -9999
[rows 243 to 269 of 721, columns 366 to 426 of 625]
3.16601E-4 3.26114E-4 3.36889E-4 3.40445E-4 3.28029E-4 3.55226E-4 3.59091E-4 3.53366E-4 3.85251E-4 3.86063E-4 3.91253E-4 4.07861E-4 4.11934E-4 4.35265E-4 4.34908E-4 4.3632E-4 4.43197E-4 4.45293E-4 4.63507E-4 4.682E-4 4.65711E-4 4.72615E-4 4.69395E-4 4.05286E-4 4.52342E-4 4.62403E-4 4.62759E-4 4.26159E-4 4.18052E-4 4.19498E-4 4.06914E-4 4.25995E-4 4.35939E-4 4.416E-4 4.4989E-4 4.6572E-4 4.84215E-4 4.79875E-4 4.96561E-4 5.262E-4 5.3573E-4 5.43456E-4 5.85954E-4 5.98046E-4 6.36165E-4 6.60753E-4 6.9338E-4 6.8724E-4 7.2275E-4 7.50022E-4 7.56824E-4 7.65901E-4 7.97615E-4 8.03425E-4 8.25005E-4 8.32594E-4 8.28913E-4 8.39589E-4 8.4839E-4 8.57151E-4 8.66673E-4
3.00937E-4 3.30507E-4 3.32511E-4 3.1955E-4 3.20158E-4 3.34429E-4 3.51008E-4 3.46449E-4 3.60359E-4 3.75995E-4 3.82049E-4 3.84458E-4 4.11836E-4 4.1504E-4 4.15324E-4 4.38662E-4 4.37645E-4 4.3663E-4 4.42831E-4 4.31549E-4 4.38798E-4 4.44633E-4 4.4208E-4 4.40852E-4 4.61833E-4 4.5499E-4 4.64244E-4 4.81021E-4 4.84762E-4 4.14043E-4 4.31749E-4 4.90015E-4 4.23915E-4 4.45481E-4 4.35056E-4 4.64046E-4 4.72375E-4 4.91134E-4 5.13295E-4 5.22379E-4 5.42907E-4 5.6511E-4 5.77743E-4 5.80392E-4 6.06903E-4 6.61797E-4 6.75302E-4 6.90665E-4 7.19604E-4 7.10979E-4 7.22877E-4 7.25576E-4 7.65193E-4 8.13557E-4 7.84084E-4 7.98153E-4 7.8106E-4 8.0509E-4 7.91366E-4 8.06731E-4 8.10936E-4
2.92618E-4 2.98493E-4 3.0907E-4 3.14457E-4 3.14231E-4 3.30087E-4 3.32192E-4 3.4943E-4 3.4697E-4 3.50085E-4 3.50322E-4 3.84205E-4 3.86779E-4 3.8964E-4 4.0889E-4 4.07506E-4 4.08836E-4 4.06842E-4 4.1814E-4 4.12731E-4 4.23431E-4 4.40197E-4 4.3562E-4 4.38032E-4 4.37938E-4 4.56431E-4 4.58853E-4 4.46803E-4 4.67175E-4 4.61419E-4 4.87712E-4 4.273E-4 4.9926E-4 4.37118E-4 4.46516E-4 4.66818E-4 4.5299E-4 4.97887E-4 5.05035E-4 5.14494E-4 5.35303E-4 5.528E-4 5.84395E-4 6.12148E-4 6.20702E-4 6.42314E-4 6.76229E-4 7.0142E-4 7.22952E-4 7.31908E-4 7.37396E-4 7.45749E-4 7.47773E-4 7.54524E-4 7.84598E-4 7.90974E-4 7.76455E-4 7.68589E-4 7.68292E-4 7.68399E-4 7.46379E-4
2.90839E-4 2.94509E-4 2.94745E-4 2.94602E-4 3.08233E-4 3.10908E-4 3.12426E-4 3.13652E-4 3.24715E-4 3.403E-4 3.41061E-4 3.40326E-4 3.84209E-4 3.80897E-4 3.82303E-4 3.79875E-4 3.80138E-4 4.02341E-4 4.11841E-4 4.09389E-4 4.14125E-4 4.09039E-4 4.09577E-4 4.09671E-4 4.13155E-4 4.29616E-4 4.50144E-4 4.68815E-4 4.57859E-4 4.57719E-4 4.72293E-4 4.82808E-4 4.45619E-4 5.03934E-4 5.25061E-4 5.28485E-4 5.35097E-4 4.88621E-4 5.89557E-4 6.16121E-4 6.22123E-4 5.57236E-4 5.95517E-4 5.97403E-4 6.05437E-4 6.4719E-4 6.61532E-4 6.85723E-4 7.039E-4 7.23351E-4 7.18114E-4 7.24611E-4 7.23841E-4 7.18693E-4 7.23369E-4 7.73166E-4 7.60281E-4 7.59418E-4 7.44464E-4 7.45238E-4 7.12331E-4
2.68133E-4 2.90634E-4 2.99702E-4 2.68668E-4 2.75746E-4 2.78564E-4 3.11898E-4 3.10855E-4 3.14127E-4 3.12607E-4 3.26418E-4 3.35431E-4 3.40524E-4 3.46141E-4 3.73312E-4 3.75664E-4 3.71541E-4 3.83981E-4 3.93203E-4 3.90702E-4 3.89218E-4 3.8716E-4 4.04014E-4 4.00842E-4 4.20555E-4 4.2002E-4 4.25422E-4 4.57781E-4 4.48913E-4 4.75852E-4 4.87264E-4 4.73423E-4 4.95381E-4 5.01174E-4 5.33592E-4 5.20901E-4 5.4265E-4 5.51062E-4 5.92653E-4 6.10059E-4 6.2306E-4 6.43843E-4 6.77019E-4 6.81868E-4 7.07843E-4 7.16299E-4 7.58317E-4 6.80569E-4 6.84865E-4 7.08254E-4 8.32973E-4 8.15506E-4 8.14155E-4 6.89805E-4 8.19935E-4 7.10036E-4 7.34497E-4 8.43977E-4 7.16653E-4 7.12636E-4 8.00605E-4
2.59812E-4 2.60628E-4 2.59674E-4 2.67374E-4 2.66789E-4 2.68104E-4 2.75157E-4 2.77232E-4 3.04029E-4 3.04258E-4 2.98306E-4 3.00317E-4 3.34921E-4 3.42056E-4 3.43493E-4 3.42846E-4 3.38147E-4 3.47151E-4 3.88427E-4 3.61217E-4 3.58386E-4 3.79775E-4 3.8158E-4 3.81107E-4 3.83778E-4 4.13262E-4 4.17654E-4 4.29935E-4 4.5939E-4 4.52014E-4 4.69079E-4 4.98707E-4 5.01579E-4 5.04477E-4 5.12879E-4 5.28321E-4 5.5746E-4 5.66127E-4 5.78151E-4 6.0164E-4 6.46255E-4 6.36769E-4 6.75226E-4 6.87132E-4 7.03822E-4 7.12671E-4 7.37228E-4 7.68885E-4 7.9803E-4 8.04267E-4 8.06657E-4 8.00928E-4 8.21511E-4 7.88887E-4 8.18256E-4 7.97884E-4 8.28711E-4 7.75782E-4 7.92481E-4 8.08523E-4 7.83219E-4
2.48234E-4 2.44247E-4 2.47421E-4 2.40348E-4 2.42454E-4 2.63436E-4 2.6295E-4 2.75451E-4 2.79504E-4 2.76287E-4 2.99615E-4 2.9919E-4 2.97971E-4 3.08248E-4 3.19933E-4 3.35777E-4 3.38403E-4 3.38642E-4 3.51186E-4 3.47674E-4 3.52305E-4 3.59413E-4 3.57254E-4 3.80574E-4 3.95035E-4 3.96151E-4 4.25279E-4 4.25374E-4 4.27463E-4 4.50644E-4 4.60815E-4 4.64896E-4 4.96539E-4 5.14841E-4 5.26517E-4 5.33406E-4 5.511E-4 5.54695E-4 5.78649E-4 6.10688E-4 6.18249E-4 6.57077E-4 6.83466E-4 7.04139E-4 7.06425E-4 7.40924E-4 7.27181E-4 7.30131E-4 7.61585E-4 7.84325E-4 7.99634E-4 7.94005E-4 7.97029E-4 8.01222E-4 7.96842E-4 7.80261E-4 7.83771E-4 7.66024E-4 7.89705E-4 7.45557E-4 7.56034E-4
2.26283E-4 2.49448E-4 2.51647E-4 2.34151E-4 2.37124E-4 2.42514E-4 2.51899E-4 2.6283E-4 2.70254E-4 2.71984E-4 2.74541E-4 2.77534E-4 2.96522E-4 3.00082E-4 3.1065E-4 3.16256E-4 3.17431E-4 3.20267E-4 3.25782E-4 3.29663E-4 3.45706E-4 3.24038E-4 3.60451E-4 3.5631E-4 3.93006E-4 3.90767E-4 3.88698E-4 4.1728E-4 4.28463E-4 4.57393E-4 4.58443E-4 4.65441E-4 4.96119E-4 5.14423E-4 5.18916E-4 5.38772E-4 5.56667E-4 5.77868E-4 5.83665E-4 5.96307E-4 6.13031E-4 6.60995E-4 6.9989E-4 7.04612E-4 7.1222E-4 7.18027E-4 7.28857E-4 7.12284E-4 7.40158E-4 7.4312E-4 7.63554E-4 7.74836E-4 7.75984E-4 7.65662E-4 7.65596E-4 7.63255E-4 7.72757E-4 7.7279E-4 7.69664E-4 7.45729E-4 7.43302E-4
2.27431E-4 2.2573E-4 2.27723E-4 2.32883E-4 2.3369E-4 2.39491E-4 2.38207E-4 2.46493E-4 2.45523E-4 2.59752E-4 2.62589E-4 2.73622E-4 2.75469E-4 2.80464E-4 2.83093E-4 2.84575E-4 3.05023E-4 3.11196E-4 3.08079E-4 3.19756E-4 3.23936E-4 3.33682E-4 3.39647E-4 3.53664E-4 3.68348E-4 3.82897E-4 3.95193E-4 4.13288E-4 4.21072E-4 4.5491E-4 4.59869E-4 4.78138E-4 4.78498E-4 5.07497E-4 5.09366E-4 5.30999E-4 5.48391E-4 5.67294E-4 5.73864E-4 6.00397E-4 6.38186E-4 6.45805E-4 6.66921E-4 6.8012E-4 6.8208E-4 6.98532E-4 7.24015E-4 7.2919E-4 7.24091E-4 7.23934E-4 7.30775E-4 7.40515E-4 7.60399E-4 7.59635E-4 7.60734E-4 7.46079E-4 7.4377E-4 7.19479E-4 7.32505E-4 7.49581E-4 7.4153E-4
2.20643E-4 2.16404E-4 2.22976E-4 2.12191E-4 2.14133E-4 2.23523E-4 2.22448E-4 2.41622E-4 2.44939E-4 2.4762E-4 2.49864E-4 2.49774E-4 2.73078E-4 2.69264E-4 2.71487E-4 2.85487E-4 2.91081E-4 2.87304E-4 2.91621E-4 3.00989E-4 3.01659E-4 3.00644E-4 3.28014E-4 3.41124E-4 3.62389E-4 3.68847E-4 3.96216E-4 3.96748E-4 4.29543E-4 4.52589E-4 4.70803E-4 4.70479E-4 4.87366E-4 5.04706E-4 5.18814E-4 5.4341E-4 5.48963E-4 5.73629E-4 5.97216E-4 5.92589E-4 6.14708E-4 6.32495E-4 6.33393E-4 6.86186E-4 6.81066E-4 6.80629E-4 6.91347E-4 7.1542E-4 7.10461E-4 7.08604E-4 6.96026E-4 7.18187E-4 7.39038E-4 7.4194E-4 7.45934E-4 7.28134E-4 7.27002E-4 7.05571E-4 7.17551E-4 7.14845E-4 7.25596E-4
2.15246E-4 2.17161E-4 2.17275E-4 2.09567E-4 2.16813E-4 2.19704E-4 2.17744E-4 2.26256E-4 2.39602E-4 2.42716E-4 2.45918E-4 2.46447E-4 2.52363E-4 2.64448E-4 2.61109E-4 2.68532E-4 2.66661E-4 2.8602E-4 2.84317E-4 2.93015E-4 2.94547E-4 3.00948E-4 3.31872E-4 3.32973E-4 3.49231E-4 3.62059E-4 3.94178E-4 3.93108E-4 4.26704E-4 4.32495E-4 4.52007E-4 4.60775E-4 4.81501E-4 5.05759E-4 5.07639E-4 5.41233E-4 5.4159E-4 5.62268E-4 5.59629E-4 5.80312E-4 5.82937E-4 6.19738E-4 6.31144E-4 6.46941E-4 6.7104E-4 6.74634E-4 6.78883E-4 6.69973E-4 6.8315E-4 6.67666E-4 6.90736E-4 6.97958E-4 7.07312E-4 7.13956E-4 7.28544E-4 7.09496E-4 7.32933E-4 7.2335E-4 7.0429E-4 7.18763E-4 7.18811E-4
2.1592E-4 2.20155E-4 2.10592E-4 2.19513E-4 2.20281E-4 2.18073E-4 2.19159E-4 2.28487E-4 2.29277E-4 2.28999E-4 2.40699E-4 2.4233E-4 2.43244E-4 2.41796E-4 2.56751E-4 2.55743E-4 2.5565E-4 2.52329E-4 2.67963E-4 2.84172E-4 2.944E-4 3.01123E-4 3.09727E-4 3.34778E-4 3.36263E-4 3.64191E-4 3.78012E-4 3.87021E-4 4.26068E-4 4.26627E-4 4.2528E-4 4.67422E-4 4.58923E-4 4.90493E-4 4.92322E-4 5.03095E-4 5.33762E-4 5.34112E-4 5.43918E-4 5.76455E-4 5.95275E-4 6.07629E-4 6.23667E-4 6.34872E-4 6.33561E-4 6.56873E-4 6.46721E-4 6.60821E-4 6.85805E-4 6.65157E-4 6.81901E-4 6.81769E-4 6.66999E-4 6.77351E-4 7.12901E-4 7.06528E-4 7.15456E-4 7.1267E-4 6.90028E-4 6.9446E-4 7.0934E-4
2.15433E-4 2.07492E-4 2.18574E-4 2.09516E-4 2.06262E-4 2.1096E-4 2.2686E-4 2.25254E-4 2.26372E-4 2.27571E-4 2.24754E-4 2.38364E-4 2.39181E-4 2.39181E-4 2.39096E-4 2.49894E-4 2.52337E-4 2.48406E-4 2.56762E-4 2.58111E-4 2.67526E-4 2.9744E-4 3.07199E-4 3.3378E-4 3.3502E-4 3.5172E-4 3.65209E-4 3.92933E-4 4.00435E-4 4.10476E-4 4.34623E-4 4.32789E-4 4.48751E-4 4.78276E-4 4.98703E-4 5.00846E-4 5.1482E-4 5.2944E-4 5.60806E-4 5.49031E-4 5.91583E-4 5.79386E-4 5.90562E-4 5.83417E-4 6.0474E-4 6.20415E-4 6.61005E-4 6.34222E-4 6.43991E-4 6.58966E-4 6.61456E-4 6.65928E-4 6.84906E-4 6.75293E-4 6.72508E-4 6.73352E-4 6.85825E-4 7.09813E-4 7.00017E-4 6.96357E-4 6.99148E-4
2.13007E-4 2.14459E-4 2.15218E-4 2.13701E-4 2.14704E-4 2.235E-4 2.21344E-4 2.18291E-4 2.22655E-4 2.21067E-4 2.23159E-4 2.27335E-4 2.28537E-4 2.26718E-4 2.4093E-4 2.42563E-4 2.41119E-4 2.38397E-4 2.48226E-4 2.50652E-4 2.62145E-4 2.92923E-4 3.05144E-4 3.05254E-4 3.35578E-4 3.53362E-4 3.57827E-4 3.73269E-4 3.77089E-4 4.01623E-4 4.57062E-4 4.39384E-4 4.48751E-4 4.71107E-4 4.83294E-4 5.03923E-4 5.05555E-4 5.1538E-4 5.43504E-4 5.26277E-4 5.4524E-4 5.54884E-4 5.56828E-4 5.72158E-4 5.71577E-4 6.09164E-4 6.08491E-4 6.18727E-4 5.87821E-4 6.41038E-4 6.58801E-4 6.67867E-4 6.55967E-4 6.62599E-4 6.67658E-4 6.68119E-4 6.65967E-4 7.14474E-4 7.23628E-4 6.808E-4 7.08506E-4
2.04413E-4 2.12044E-4 2.14862E-4 2.20549E-4 2.18975E-4 2.27856E-4 2.29071E-4 2.19042E-4 2.13803E-4 2.21585E-4 2.22684E-4 2.24792E-4 2.22008E-4 2.22849E-4 2.24026E-4 2.24282E-4 2.34149E-4 2.33103E-4 2.51633E-4 2.50044E-4 2.44369E-4 2.80768E-4 2.94844E-4 3.09532E-4 3.31099E-4 3.29365E-4 3.55091E-4 3.45811E-4 3.6454E-4 3.50337E-4 5.28436E-4 4.24025E-4 4.42865E-4 4.75678E-4 4.76265E-4 4.81711E-4 4.85228E-4 4.80377E-4 4.98583E-4 5.18442E-4 5.21087E-4 5.29395E-4 5.39012E-4 5.63416E-4 5.54148E-4 5.57576E-4 5.55347E-4 5.61414E-4 6.30058E-4 6.3939E-4 5.91138E-4 6.1462E-4 7.55906E-4 6.47118E-4 6.5526E-4 6.46246E-4 6.51427E-4 8.11524E-4 8.02478E-4 7.72735E-4 8.27659E-4
2.05712E-4 2.08554E-4 2.14935E-4 2.24083E-4 2.18029E-4 2.23584E-4 2.26837E-4 2.20216E-4 2.17666E-4 2.08178E-4 2.20265E-4 2.18116E-4 2.19196E-4 2.20938E-4 2.20861E-4 2.21114E-4 2.28863E-4 2.38933E-4 2.42816E-4 2.42092E-4 2.4219E-4 2.77952E-4 2.84673E-4 3.14146E-4 3.22464E-4 3.36161E-4 3.46016E-4 3.36468E-4 3.32842E-4 3.40201E-4 6.07169E-4 4.29284E-4 4.39759E-4 4.41635E-4 4.56659E-4 4.70973E-4 4.68938E-4 4.54967E-4 4.87537E-4 5.00544E-4 4.99836E-4 4.97398E-4 5.38479E-4 5.15347E-4 5.97038E-4 5.17141E-4 5.28829E-4 5.32785E-4 6.77078E-4 7.13469E-4 6.87928E-4 6.99425E-4 6.0763E-4 6.78705E-4 7.25104E-4 7.57146E-4 7.28166E-4 7.42411E-4 7.84593E-4 7.83676E-4 7.6714E-4
2.06702E-4 2.06023E-4 2.46896E-4 2.24891E-4 2.50082E-4 2.19567E-4 2.20192E-4 2.16842E-4 2.12713E-4 2.06699E-4 2.03839E-4 2.16568E-4 2.17716E-4 2.18793E-4 2.23554E-4 2.23142E-4 2.29932E-4 2.79632E-4 2.86243E-4 2.48407E-4 2.98453E-4 3.12678E-4 2.7568E-4 3.04402E-4 3.55591E-4 3.56636E-4 3.89357E-4 3.76544E-4 3.7781E-4 4.34611E-4 7.56237E-4 5.18867E-4 4.14265E-4 4.36391E-4 4.48471E-4 4.53539E-4 5.45195E-4 4.69765E-4 5.29255E-4 5.34428E-4 5.52975E-4 5.19473E-4 5.84644E-4 5.7369E-4 5.81023E-4 6.02857E-4 5.99862E-4 6.09913E-4 5.84662E-4 6.44366E-4 6.647E-4 6.50358E-4 6.46366E-4 6.36644E-4 8.00887E-4 7.69487E-4 8.81454E-4 8.07676E-4 7.60791E-4 9.23052E-4 7.60272E-4
2.33912E-4 2.37501E-4 2.12076E-4 2.05492E-4 2.44045E-4 2.39423E-4 2.54758E-4 2.5211E-4 2.13195E-4 2.11447E-4 2.33576E-4 2.0859E-4 2.54331E-4 2.51182E-4 2.59691E-4 2.59807E-4 2.24958E-4 2.80723E-4 2.79786E-4 2.89438E-4 3.15192E-4 2.7591E-4 3.19493E-4 3.17808E-4 3.07739E-4 3.37291E-4 3.89686E-4 4.22547E-4 4.31342E-4 5.79274E-4 6.76019E-4 4.87192E-4 4.47338E-4 4.9507E-4 5.24648E-4 4.54799E-4 5.22018E-4 5.30739E-4 4.46019E-4 5.17832E-4 4.65123E-4 5.46237E-4 5.50749E-4 5.66134E-4 5.71264E-4 5.7099E-4 5.9245E-4 5.74292E-4 6.03696E-4 6.15311E-4 6.11412E-4 6.21549E-4 6.45402E-4 5.96128E-4 5.98795E-4 6.34353E-4 9.22648E-4 8.82188E-4 9.4249E-4 9.83132E-4 7.04338E-4
2.32937E-4 2.39424E-4 2.44845E-4 2.31443E-4 2.41012E-4 2.41148E-4 2.53871E-4 2.4562E-4 2.14628E-4 2.05764E-4 2.32957E-4 2.31033E-4 2.34204E-4 2.50099E-4 2.61065E-4 2.63857E-4 2.6708E-4 2.43154E-4 2.90056E-4 2.99333E-4 3.12388E-4 3.09703E-4 3.05289E-4 3.14549E-4 3.30863E-4 3.68949E-4 4.9174E-4 6.03877E-4 5.93671E-4 5.7057E-4 5.16841E-4 4.55853E-4 4.47093E-4 4.88152E-4 5.14238E-4 5.21067E-4 5.1029E-4 5.35642E-4 5.09506E-4 5.10862E-4 5.30075E-4 5.21131E-4 5.18058E-4 5.38266E-4 5.63058E-4 5.61959E-4 5.80192E-4 5.64473E-4 5.76582E-4 6.01195E-4 6.32402E-4 5.99384E-4 5.74313E-4 5.69995E-4 5.84925E-4 8.15517E-4 8.53096E-4 6.33417E-4 7.92341E-4 7.61149E-4 6.75799E-4
2.25837E-4 2.34615E-4 2.46675E-4 2.32619E-4 2.40077E-4 2.39145E-4 2.27471E-4 2.2896E-4 2.34312E-4 2.32673E-4 2.30765E-4 2.35286E-4 2.3548E-4 2.53619E-4 2.60309E-4 2.60906E-4 2.74123E-4 2.92499E-4 2.90323E-4 3.03232E-4 3.23431E-4 3.06562E-4 2.85659E-4 3.11261E-4 4.37735E-4 4.58836E-4 5.07882E-4 5.5278E-4 5.19215E-4 5.10919E-4 4.6251E-4 4.46802E-4 4.65936E-4 5.01565E-4 5.29158E-4 4.89687E-4 4.89997E-4 4.89137E-4 5.09308E-4 5.12495E-4 5.21929E-4 5.07998E-4 5.22791E-4 5.26182E-4 5.46411E-4 5.60653E-4 5.71316E-4 5.59209E-4 5.68713E-4 5.79243E-4 6.3486E-4 6.931E-4 5.54338E-4 5.8755E-4 6.63515E-4 7.86257E-4 6.61433E-4 6.00494E-4 8.89227E-4 7.42934E-4 6.62324E-4
2.27871E-4 2.36956E-4 2.2808E-4 2.25709E-4 2.30532E-4 2.25979E-4 2.28749E-4 2.30863E-4 2.27694E-4 2.31093E-4 2.36691E-4 2.36183E-4 2.33885E-4 2.45465E-4 2.58848E-4 2.74314E-4 2.81329E-4 2.90859E-4 2.97042E-4 3.02706E-4 3.25148E-4 3.1249E-4 2.95195E-4 3.2253E-4 4.75671E-4 3.68567E-4 5.93076E-4 5.64947E-4 4.97728E-4 5.19544E-4 4.55611E-4 4.50858E-4 4.77112E-4 4.9911E-4 5.0102E-4 5.02155E-4 4.92195E-4 5.01816E-4 5.10073E-4 5.16657E-4 5.18803E-4 5.08784E-4 5.14985E-4 5.39304E-4 5.48636E-4 5.48665E-4 5.58891E-4 5.48674E-4 5.55789E-4 5.44553E-4 6.4939E-4 5.63078E-4 6.11343E-4 6.09507E-4 7.83434E-4 6.81213E-4 5.23374E-4 7.08787E-4 9.85021E-4 6.96022E-4 6.92377E-4
2.17036E-4 2.19249E-4 2.03135E-4 2.13261E-4 2.29587E-4 2.41192E-4 2.38978E-4 2.19187E-4 2.26748E-4 2.34236E-4 2.37226E-4 2.38059E-4 2.38072E-4 2.46975E-4 2.6397E-4 2.64487E-4 2.74508E-4 2.9725E-4 2.99087E-4 3.25148E-4 3.27233E-4 3.24901E-4 3.1822E-4 3.35867E-4 4.72197E-4 3.79837E-4 4.5334E-4 4.45533E-4 5.2517E-4 5.00683E-4 4.76596E-4 4.88757E-4 4.81765E-4 5.11761E-4 5.01711E-4 4.90864E-4 4.63626E-4 5.14758E-4 5.25144E-4 5.0613E-4 5.06157E-4 5.11357E-4 5.3576E-4 5.20848E-4 5.14664E-4 5.17008E-4 5.23755E-4 5.42936E-4 5.65879E-4 5.51917E-4 5.68903E-4 6.11989E-4 7.36048E-4 7.88844E-4 7.86112E-4 5.96512E-4 5.36808E-4 7.53122E-4 8.46696E-4 6.59282E-4 6.8968E-4
2.09925E-4 2.14052E-4 2.24864E-4 2.75252E-4 2.32468E-4 2.19254E-4 2.20409E-4 2.21563E-4 2.2956E-4 2.43114E-4 2.36242E-4 2.38492E-4 2.44168E-4 2.41108E-4 2.61747E-4 2.62101E-4 2.70798E-4 2.88374E-4 2.89697E-4 3.26562E-4 3.2952E-4 3.48403E-4 3.51414E-4 3.4436E-4 3.6237E-4 3.78715E-4 3.91502E-4 3.98479E-4 4.73984E-4 5.82226E-4 5.15862E-4 4.69471E-4 4.88241E-4 4.75692E-4 4.77853E-4 4.68162E-4 5.04858E-4 5.17358E-4 5.49925E-4 5.25963E-4 5.18708E-4 5.20863E-4 5.15593E-4 5.1128E-4 5.09276E-4 5.25036E-4 5.37853E-4 5.34942E-4 5.64766E-4 5.56662E-4 5.45922E-4 5.52558E-4 6.59334E-4 8.35307E-4 7.18518E-4 6.66827E-4 5.37077E-4 7.64602E-4 9.17659E-4 7.11203E-4 6.66755E-4
2.17216E-4 2.25443E-4 2.30909E-4 2.21829E-4 2.09241E-4 2.13888E-4 2.09354E-4 2.11692E-4 2.24603E-4 2.25133E-4 2.46955E-4 2.56967E-4 2.39178E-4 2.38671E-4 2.59006E-4 2.60418E-4 2.88732E-4 2.81592E-4 2.90859E-4 3.18729E-4 3.35224E-4 3.49447E-4 3.54444E-4 3.90079E-4 3.72349E-4 3.70543E-4 4.09662E-4 4.05532E-4 4.47088E-4 5.48906E-4 4.86879E-4 4.6306E-4 4.75193E-4 4.64879E-4 4.80819E-4 4.8455E-4 5.49363E-4 5.15604E-4 5.44302E-4 5.12823E-4 4.90443E-4 5.11785E-4 5.03606E-4 4.99346E-4 5.38865E-4 5.17958E-4 5.35449E-4 5.2973E-4 5.32461E-4 5.57924E-4 5.64212E-4 5.56906E-4 7.47114E-4 7.15545E-4 6.04918E-4 6.85005E-4 5.38683E-4 8.79179E-4 7.51957E-4 8.73083E-4 8.06402E-4
2.42234E-4 2.1922E-4 2.19846E-4 2.12882E-4 2.1212E-4 2.07428E-4 2.03134E-4 2.1056E-4 2.16857E-4 2.29877E-4 2.53192E-4 2.43503E-4 2.4298E-4 2.36762E-4 2.40935E-4 2.68253E-4 2.92003E-4 2.77944E-4 2.73189E-4 3.40699E-4 3.49767E-4 3.99529E-4 3.85647E-4 3.80225E-4 3.81864E-4 4.0017E-4 3.98228E-4 4.1325E-4 4.64029E-4 5.31834E-4 5.42258E-4 5.16136E-4 4.50802E-4 4.39718E-4 5.46952E-4 5.06494E-4 5.34484E-4 5.59549E-4 4.98177E-4 4.72344E-4 4.77071E-4 5.08452E-4 5.16241E-4 5.32364E-4 5.32114E-4 5.19749E-4 5.28739E-4 5.29521E-4 5.50751E-4 5.64066E-4 5.73571E-4 6.06295E-4 7.62903E-4 1.14385E-3 6.77432E-4 5.92036E-4 5.93268E-4 6.44837E-4 5.89634E-4 8.10892E-4 8.09528E-4
2.21427E-4 2.17768E-4 2.13581E-4 2.12564E-4 2.06994E-4 2.10878E-4 2.09559E-4 2.04297E-4 2.14558E-4 2.20447E-4 2.21667E-4 2.35915E-4 2.40587E-4 2.4169E-4 2.27731E-4 2.36897E-4 2.91413E-4 3.55141E-4 3.43755E-4 3.53171E-4 3.80316E-4 5.08933E-4 4.47047E-4 3.98323E-4 3.84217E-4 4.13894E-4 4.06251E-4 4.25003E-4 4.41066E-4 4.75403E-4 5.68024E-4 4.98799E-4 5.36989E-4 4.42177E-4 5.56067E-4 6.05127E-4 5.36584E-4 5.17179E-4 4.85576E-4 4.49616E-4 4.74741E-4 5.31626E-4 5.83312E-4 5.53734E-4 5.34146E-4 5.24905E-4 5.29978E-4 5.45888E-4 5.34298E-4 5.46346E-4 5.31258E-4 7.38537E-4 1.15721E-3 1.06936E-3 6.25135E-4 5.8947E-4 6.87478E-4 9.16085E-4 7.5646E-4 7.88626E-4 7.3236E-4
2.23442E-4 2.2896E-4 2.15182E-4 2.11677E-4 2.09727E-4 2.12778E-4 2.13287E-4 2.04429E-4 2.0981E-4 2.08595E-4 2.17281E-4 2.45136E-4 2.35029E-4 2.77121E-4 2.93784E-4 2.78767E-4 2.49435E-4 2.84644E-4 3.53848E-4 3.71895E-4 3.96052E-4 3.78615E-4 4.36705E-4 3.95004E-4 4.12235E-4 4.13573E-4 3.99496E-4 4.22921E-4 4.4084E-4 5.05474E-4 5.549E-4 5.43991E-4 5.14411E-4 4.71836E-4 5.62279E-4 4.88503E-4 4.84147E-4 4.61524E-4 5.03371E-4 4.70324E-4 4.72224E-4 5.49266E-4 5.49568E-4 5.09812E-4 5.19552E-4 5.38523E-4 5.58719E-4 5.63843E-4 5.47924E-4 5.41419E-4 6.35147E-4 9.37895E-4 8.9961E-4 6.54405E-4 6.22285E-4 6.25717E-4 1.05154E-3 1.12704E-3 7.28217E-4 7.63093E-4 7.62247E-4
