Artocarpus hirsutus SDM files/Last interglacial/results (without bias file)/Arthir_0.asc
ncols         625
nrows         721
xllcorner     69.99986311115
yllcorner     5.99986151914999
cellsize      0.041666667
NODATA_value  -9999
[rows 162 to 188 of 721, columns 427 to 487 of 625]
8.74279E-5 9.72003E-5 1.01294E-4 1.06733E-4 1.10998E-4 1.12413E-4 9.43335E-5 8.39027E-5 7.73499E-5 8.91929E-5 9.06562E-5 1.01213E-4 1.07474E-4 9.54427E-5 8.25076E-5 9.58442E-5 1.16503E-4 1.20031E-4 1.03776E-4 8.57961E-5 8.32755E-5 9.47175E-5 9.38305E-5 1.01194E-4 1.05468E-4 9.15639E-5 8.55725E-5 1.07128E-4 1.17675E-4 1.28047E-4 1.23293E-4 1.251E-4 1.18491E-4 1.19292E-4 1.02577E-4 9.91828E-5 8.9885E-5 9.18575E-5 1.00323E-4 9.83744E-5 1.27785E-4 1.1044E-4 1.00838E-4 1.30193E-4 1.18922E-4 1.13392E-4 1.01504E-4 9.58317E-5 9.35638E-5 1.24824E-4 1.36889E-4 1.37535E-4 1.4367E-4 1.27958E-4 1.01614E-4 9.295E-5 9.86792E-5 1.3135E-4 1.25768E-4 1.3626E-4 1.68146E-4
7.76404E-5 7.5542E-5 8.42102E-5 9.57659E-5 9.8798E-5 9.57842E-5 8.88763E-5 8.15036E-5 7.84162E-5 8.19915E-5 8.35485E-5 9.5803E-5 1.0874E-4 8.39666E-5 1.03032E-4 1.16737E-4 1.11263E-4 1.11617E-4 1.15033E-4 1.00805E-4 9.49274E-5 1.11642E-4 1.13031E-4 1.1106E-4 1.12074E-4 1.02758E-4 9.45443E-5 9.53132E-5 1.0912E-4 1.11191E-4 1.15127E-4 1.06197E-4 1.05598E-4 1.01001E-4 1.11133E-4 1.29588E-4 1.02257E-4 1.09866E-4 1.17541E-4 1.14746E-4 1.28616E-4 1.30602E-4 1.20418E-4 1.28234E-4 1.38863E-4 1.2368E-4 1.19357E-4 9.79965E-5 1.0149E-4 1.00682E-4 1.35627E-4 1.39421E-4 1.42147E-4 1.44231E-4 1.15377E-4 1.05072E-4 9.6411E-5 1.31451E-4 1.38699E-4 1.47796E-4 1.77182E-4
8.67296E-5 8.41491E-5 7.65293E-5 9.1447E-5 9.96746E-5 9.27452E-5 9.86136E-5 1.12432E-4 9.35765E-5 8.39995E-5 1.0095E-4 8.3082E-5 8.07022E-5 8.21312E-5 8.1286E-5 9.01274E-5 8.67722E-5 8.96795E-5 9.20916E-5 9.81202E-5 9.50142E-5 9.73742E-5 9.14694E-5 9.93434E-5 9.57701E-5 9.34333E-5 9.37254E-5 9.60765E-5 9.37967E-5 1.06259E-4 1.01226E-4 9.55327E-5 9.26984E-5 9.29156E-5 1.15324E-4 1.33121E-4 1.35538E-4 1.36314E-4 1.347E-4 1.08782E-4 1.07708E-4 1.26514E-4 1.343E-4 1.30177E-4 1.36796E-4 1.35131E-4 1.19835E-4 1.14832E-4 1.06493E-4 9.37336E-5 9.26972E-5 9.82924E-5 1.21812E-4 1.53176E-4 1.444E-4 1.32608E-4 1.27686E-4 1.38601E-4 1.69074E-4 1.8026E-4 1.80982E-4
9.1525E-5 1.07657E-4 1.06791E-4 1.08986E-4 1.03984E-4 8.54487E-5 8.7428E-5 8.70621E-5 8.21651E-5 8.15855E-5 9.08602E-5 1.05116E-4 1.02619E-4 9.84026E-5 8.03884E-5 9.20181E-5 9.5084E-5 9.09962E-5 8.41E-5 8.54842E-5 8.40899E-5 8.20625E-5 9.65291E-5 9.60486E-5 1.12503E-4 1.19418E-4 1.01657E-4 1.19755E-4 9.78941E-5 9.96139E-5 1.01958E-4 1.15958E-4 1.09923E-4 1.06953E-4 9.73563E-5 1.04771E-4 1.30494E-4 1.29666E-4 1.27707E-4 1.25254E-4 1.07326E-4 1.19864E-4 1.1361E-4 1.07732E-4 1.13286E-4 1.2679E-4 1.32105E-4 1.23284E-4 1.00242E-4 1.0535E-4 9.94569E-5 1.1601E-4 9.58201E-5 1.37201E-4 1.68545E-4 1.40342E-4 1.33482E-4 1.55443E-4 1.7736E-4 1.55015E-4 1.67601E-4
1.01196E-4 1.0061E-4 9.0522E-5 1.08236E-4 9.38878E-5 8.58136E-5 8.83865E-5 1.01434E-4 8.73636E-5 1.02623E-4 1.09688E-4 1.195E-4 1.13755E-4 1.04025E-4 9.91546E-5 9.39273E-5 1.05404E-4 1.18885E-4 1.36791E-4 1.11832E-4 1.26317E-4 1.1191E-4 1.07962E-4 1.07799E-4 1.14939E-4 1.1601E-4 1.00056E-4 1.13818E-4 9.6018E-5 1.18577E-4 1.07922E-4 1.24788E-4 1.23883E-4 1.30426E-4 1.18699E-4 9.36188E-5 1.17593E-4 1.13321E-4 1.08091E-4 1.10718E-4 9.52771E-5 9.55296E-5 9.28021E-5 1.01073E-4 9.93058E-5 1.06828E-4 1.23095E-4 1.11326E-4 1.01187E-4 1.09318E-4 9.76284E-5 1.34578E-4 1.06621E-4 1.14814E-4 1.1989E-4 1.18004E-4 1.25246E-4 1.24522E-4 1.24522E-4 1.25599E-4 1.18905E-4
7.75594E-5 7.85869E-5 8.16849E-5 9.92824E-5 1.06516E-4 8.6169E-5 8.57547E-5 9.38774E-5 9.16849E-5 1.1182E-4 1.23332E-4 1.30452E-4 1.22418E-4 1.11607E-4 1.08338E-4 9.03608E-5 8.7568E-5 9.77875E-5 1.19546E-4 1.3072E-4 1.05125E-4 1.00293E-4 1.16156E-4 1.34898E-4 1.33789E-4 1.17878E-4 1.01052E-4 1.31051E-4 1.09136E-4 1.13674E-4 1.21591E-4 1.15744E-4 1.07179E-4 9.72328E-5 1.09987E-4 9.75022E-5 9.82881E-5 9.06306E-5 8.87181E-5 9.04876E-5 9.80446E-5 1.16905E-4 1.19491E-4 1.09085E-4 1.15874E-4 1.0458E-4 1.03608E-4 1.19667E-4 1.19848E-4 1.06014E-4 1.03711E-4 1.57895E-4 1.56165E-4 1.55893E-4 1.40124E-4 1.7105E-4 1.38857E-4 1.62888E-4 1.55899E-4 1.55238E-4 1.48111E-4
8.73457E-5 8.27431E-5 7.81373E-5 9.24332E-5 1.17059E-4 1.07398E-4 1.00084E-4 1.06542E-4 9.32976E-5 9.0445E-5 9.19638E-5 9.84744E-5 1.22153E-4 1.12868E-4 8.62718E-5 8.80617E-5 8.71363E-5 9.42237E-5 1.05099E-4 1.28544E-4 1.16384E-4 1.08563E-4 1.18977E-4 1.05026E-4 1.39257E-4 1.19515E-4 1.09672E-4 1.13984E-4 1.3657E-4 1.47832E-4 1.4888E-4 1.45061E-4 1.32634E-4 1.10305E-4 9.16543E-5 9.7905E-5 1.10034E-4 1.09494E-4 1.04415E-4 9.51522E-5 9.48077E-5 1.0769E-4 1.13823E-4 1.22955E-4 1.26974E-4 1.30192E-4 1.33343E-4 1.32778E-4 1.3418E-4 1.06437E-4 1.10186E-4 1.29671E-4 1.81172E-4 1.69285E-4 1.59957E-4 1.78579E-4 1.73971E-4 1.7849E-4 1.71109E-4 1.66624E-4 1.55941E-4
1.21333E-4 1.07737E-4 8.54574E-5 9.55702E-5 1.25024E-4 1.32378E-4 1.32306E-4 1.31096E-4 1.17656E-4 1.1573E-4 1.01655E-4 9.51758E-5 9.42985E-5 1.0738E-4 9.72804E-5 1.12922E-4 1.19032E-4 9.78427E-5 1.4082E-4 1.59329E-4 1.41777E-4 1.46342E-4 1.52945E-4 1.28375E-4 1.55614E-4 1.59757E-4 1.43635E-4 1.41901E-4 1.414E-4 1.21319E-4 1.1428E-4 1.07012E-4 1.10612E-4 1.02928E-4 1.01255E-4 1.22317E-4 1.15013E-4 1.22718E-4 1.11609E-4 1.06218E-4 9.88171E-5 9.3914E-5 1.11032E-4 1.22323E-4 1.31334E-4 1.25797E-4 1.24624E-4 1.06984E-4 1.3774E-4 1.28059E-4 1.36021E-4 1.41826E-4 1.79952E-4 1.89086E-4 1.89193E-4 1.82284E-4 1.85498E-4 1.78363E-4 1.82708E-4 2.01294E-4 1.68251E-4
1.17186E-4 1.25528E-4 1.17248E-4 9.10691E-5 1.00257E-4 1.09279E-4 1.12748E-4 1.12333E-4 1.17074E-4 1.24848E-4 1.02514E-4 1.05389E-4 1.30346E-4 1.22443E-4 1.12632E-4 1.21249E-4 1.14026E-4 1.15815E-4 1.21719E-4 1.17679E-4 1.18928E-4 1.28809E-4 1.27962E-4 1.42911E-4 1.21171E-4 1.42541E-4 1.52803E-4 1.43115E-4 1.31902E-4 1.38994E-4 1.39729E-4 1.44013E-4 1.24752E-4 1.08847E-4 1.02234E-4 1.28149E-4 1.42706E-4 1.38196E-4 1.28082E-4 1.23384E-4 1.19301E-4 1.02369E-4 9.12942E-5 1.09382E-4 1.14564E-4 1.06145E-4 9.92738E-5 1.01075E-4 1.34008E-4 1.64738E-4 1.48718E-4 1.47686E-4 1.58885E-4 1.86708E-4 1.55775E-4 1.57423E-4 2.04151E-4 2.10758E-4 1.85119E-4 2.13399E-4 1.95493E-4
1.0512E-4 9.78264E-5 9.28175E-5 9.0126E-5 8.95523E-5 9.26972E-5 1.02371E-4 1.15312E-4 1.18923E-4 1.1291E-4 1.22908E-4 1.40069E-4 1.49227E-4 1.44125E-4 1.24252E-4 1.61123E-4 1.54667E-4 1.21693E-4 1.09132E-4 1.48717E-4 1.23863E-4 1.19399E-4 1.27995E-4 1.17084E-4 1.41303E-4 1.28886E-4 1.2021E-4 1.14145E-4 1.16603E-4 1.16895E-4 1.31642E-4 1.21615E-4 1.06572E-4 1.30924E-4 1.11378E-4 1.00322E-4 1.20078E-4 1.37686E-4 1.18154E-4 1.00014E-4 9.41222E-5 9.15726E-5 8.97818E-5 8.6017E-5 8.97649E-5 1.10994E-4 1.41511E-4 1.46744E-4 1.44363E-4 1.66978E-4 1.67805E-4 1.35122E-4 1.68917E-4 1.70685E-4 1.27889E-4 1.71816E-4 1.81494E-4 1.92752E-4 1.68348E-4 1.53687E-4 1.6208E-4
1.00007E-4 1.20101E-4 1.30645E-4 1.16033E-4 1.01977E-4 1.11885E-4 1.03723E-4 1.07609E-4 1.20314E-4 1.51325E-4 1.66578E-4 1.59436E-4 1.41064E-4 1.29027E-4 1.20437E-4 1.21801E-4 1.21801E-4 1.30882E-4 1.18698E-4 1.5668E-4 1.44106E-4 1.26882E-4 1.39232E-4 1.27566E-4 1.29278E-4 1.5305E-4 1.36535E-4 1.38511E-4 1.46589E-4 1.45752E-4 1.30915E-4 1.10068E-4 1.00168E-4 1.1651E-4 1.29038E-4 1.02013E-4 1.08259E-4 1.32577E-4 1.2523E-4 1.11134E-4 9.78602E-5 9.26798E-5 9.27558E-5 9.49891E-5 9.11625E-5 9.38187E-5 1.00083E-4 1.28141E-4 1.05777E-4 1.29272E-4 1.33648E-4 1.21709E-4 1.43707E-4 1.5507E-4 1.15452E-4 1.91935E-4 2.05625E-4 1.95596E-4 2.01069E-4 1.91181E-4 1.87288E-4
1.08037E-4 1.04251E-4 1.30242E-4 1.24002E-4 1.05323E-4 1.15406E-4 1.30231E-4 1.27559E-4 1.35106E-4 1.17835E-4 1.54522E-4 1.72072E-4 1.67417E-4 1.56125E-4 1.42501E-4 1.41043E-4 1.51131E-4 1.33285E-4 1.31006E-4 1.41273E-4 1.58352E-4 1.45025E-4 1.44667E-4 1.30267E-4 1.19137E-4 1.20376E-4 1.4351E-4 1.28328E-4 1.30668E-4 1.44544E-4 1.55102E-4 1.34764E-4 1.10139E-4 1.22744E-4 1.34809E-4 1.17903E-4 1.01938E-4 1.21918E-4 1.35258E-4 1.15468E-4 1.10758E-4 9.82419E-5 1.19739E-4 1.06447E-4 1.08961E-4 1.23452E-4 1.20515E-4 1.17661E-4 1.20696E-4 1.17466E-4 1.35881E-4 1.34293E-4 1.32872E-4 1.25492E-4 1.1238E-4 1.5798E-4 2.24164E-4 1.9008E-4 2.32956E-4 2.33124E-4 2.32652E-4
1.14333E-4 9.99169E-5 1.37204E-4 1.30956E-4 1.30778E-4 1.53626E-4 1.51394E-4 1.79956E-4 1.68625E-4 1.47086E-4 1.73198E-4 1.83683E-4 1.90586E-4 1.76691E-4 1.45465E-4 1.66208E-4 1.46167E-4 1.40263E-4 1.51328E-4 1.636E-4 1.75284E-4 1.72329E-4 1.44138E-4 1.32174E-4 1.49637E-4 1.48616E-4 1.29803E-4 1.38905E-4 1.6693E-4 1.46143E-4 1.4558E-4 1.3115E-4 1.19241E-4 1.31157E-4 1.28231E-4 1.11374E-4 1.07771E-4 1.06372E-4 1.27556E-4 1.41717E-4 1.28416E-4 1.3309E-4 1.37776E-4 1.28581E-4 1.13895E-4 1.37864E-4 1.32699E-4 1.33462E-4 1.24627E-4 1.26946E-4 1.42824E-4 1.39799E-4 1.88654E-4 1.85134E-4 1.39293E-4 1.65346E-4 1.95982E-4 2.01031E-4 2.00325E-4 1.70583E-4 1.51382E-4
1.40434E-4 1.17352E-4 1.59937E-4 1.68333E-4 1.48599E-4 1.61792E-4 1.7184E-4 1.94512E-4 1.91112E-4 1.8938E-4 1.97603E-4 1.89391E-4 1.83193E-4 1.66342E-4 1.71033E-4 1.85736E-4 1.3974E-4 1.55338E-4 1.71173E-4 1.8394E-4 1.71447E-4 1.90964E-4 1.63749E-4 1.48897E-4 1.56479E-4 1.64176E-4 1.33259E-4 1.40416E-4 1.50023E-4 1.76211E-4 1.62675E-4 1.33953E-4 1.11281E-4 1.29584E-4 1.38353E-4 1.27889E-4 1.2174E-4 1.39436E-4 1.47144E-4 1.53681E-4 1.45342E-4 1.52959E-4 1.48488E-4 1.47988E-4 1.15243E-4 1.30944E-4 1.55212E-4 1.65834E-4 1.32269E-4 1.27179E-4 1.22042E-4 1.34471E-4 1.70971E-4 1.66916E-4 1.77032E-4 1.81219E-4 2.09921E-4 2.29746E-4 2.22577E-4 2.29021E-4 1.75037E-4
1.05079E-4 1.17339E-4 1.79035E-4 1.75956E-4 1.76161E-4 1.96921E-4 1.8353E-4 2.01208E-4 2.08979E-4 1.91388E-4 2.13504E-4 2.06332E-4 2.10238E-4 1.74204E-4 2.05703E-4 1.80736E-4 1.84437E-4 1.76796E-4 1.99873E-4 1.86872E-4 1.71603E-4 1.52919E-4 1.6685E-4 1.42452E-4 1.54614E-4 1.79066E-4 1.59454E-4 1.48872E-4 1.27059E-4 1.19086E-4 1.32403E-4 1.65936E-4 1.48733E-4 1.49295E-4 1.41874E-4 1.382E-4 1.39066E-4 1.45598E-4 1.50134E-4 1.64956E-4 1.58241E-4 1.39006E-4 1.16487E-4 1.21602E-4 1.13491E-4 1.46795E-4 1.50614E-4 1.77011E-4 1.37475E-4 1.32467E-4 1.17821E-4 1.13773E-4 1.58924E-4 1.73584E-4 1.87863E-4 2.08802E-4 2.26934E-4 2.22041E-4 2.66703E-4 2.63679E-4 2.41642E-4
1.45785E-4 1.19597E-4 1.69127E-4 1.40536E-4 1.57779E-4 1.59624E-4 1.8749E-4 1.94256E-4 2.01304E-4 1.84681E-4 2.08593E-4 2.17224E-4 2.20524E-4 2.13553E-4 2.17698E-4 2.13389E-4 2.18904E-4 2.05728E-4 1.91752E-4 1.80811E-4 1.58765E-4 1.65556E-4 1.54665E-4 1.44607E-4 1.55404E-4 1.47314E-4 1.33986E-4 1.38632E-4 1.27082E-4 1.24637E-4 1.26671E-4 1.16681E-4 1.4965E-4 1.68228E-4 1.81088E-4 1.65679E-4 1.46706E-4 1.47494E-4 1.33278E-4 1.27315E-4 1.48947E-4 1.31182E-4 1.22123E-4 1.28108E-4 1.18534E-4 1.53607E-4 1.66358E-4 1.90812E-4 1.49737E-4 1.36069E-4 1.12792E-4 1.91163E-4 1.46933E-4 1.50945E-4 1.91348E-4 2.24291E-4 2.32299E-4 2.26144E-4 2.44798E-4 2.55496E-4 2.7228E-4
1.31663E-4 1.24147E-4 1.26138E-4 1.12363E-4 1.20021E-4 1.70832E-4 2.21026E-4 2.04675E-4 1.57292E-4 1.81191E-4 2.18348E-4 2.38987E-4 2.33737E-4 2.33033E-4 2.42794E-4 2.30343E-4 2.34937E-4 2.25132E-4 1.77611E-4 1.4799E-4 1.99829E-4 2.28223E-4 1.83699E-4 1.6525E-4 2.06462E-4 1.75808E-4 1.65091E-4 1.69218E-4 1.42012E-4 1.4192E-4 1.58624E-4 1.4739E-4 1.35687E-4 1.30855E-4 1.40996E-4 1.39645E-4 1.36947E-4 1.34468E-4 1.29511E-4 1.3779E-4 1.26216E-4 1.23627E-4 1.42211E-4 1.54752E-4 1.32838E-4 1.2703E-4 2.03882E-4 2.10167E-4 1.62275E-4 1.17962E-4 1.28906E-4 2.30953E-4 2.2459E-4 2.28999E-4 2.42502E-4 2.12116E-4 1.77857E-4 1.82507E-4 2.04287E-4 2.34719E-4 2.38941E-4
1.14833E-4 1.24338E-4 1.56206E-4 1.68676E-4 1.72131E-4 1.82134E-4 2.24608E-4 1.92808E-4 1.53481E-4 2.16675E-4 2.32379E-4 2.43793E-4 2.50873E-4 2.42242E-4 2.41543E-4 2.26313E-4 2.16901E-4 2.10825E-4 1.92896E-4 1.54118E-4 2.23175E-4 2.52064E-4 2.37648E-4 2.07771E-4 2.10613E-4 1.95778E-4 1.92808E-4 1.96982E-4 1.54518E-4 1.93822E-4 2.08998E-4 1.57207E-4 1.44411E-4 1.36965E-4 1.38969E-4 1.39688E-4 1.32143E-4 1.42022E-4 1.36616E-4 1.38863E-4 1.49645E-4 1.51846E-4 1.81592E-4 1.52044E-4 1.28621E-4 1.22304E-4 1.67054E-4 1.80257E-4 1.67235E-4 1.18644E-4 1.50949E-4 2.3946E-4 2.49933E-4 2.59441E-4 2.32583E-4 2.60393E-4 2.15826E-4 1.88089E-4 2.16974E-4 2.10412E-4 2.27218E-4
1.47837E-4 1.77598E-4 2.01974E-4 2.00628E-4 1.62697E-4 1.47201E-4 1.50157E-4 1.42302E-4 1.58663E-4 2.16085E-4 2.33615E-4 2.47957E-4 2.32743E-4 2.40675E-4 2.42459E-4 2.38798E-4 2.21056E-4 2.44196E-4 1.97735E-4 1.6183E-4 2.189E-4 2.58579E-4 2.3626E-4 2.16129E-4 2.30604E-4 2.18969E-4 2.48333E-4 2.37585E-4 1.74323E-4 1.87768E-4 2.03531E-4 1.9761E-4 1.94516E-4 1.79638E-4 2.12259E-4 1.45797E-4 1.56569E-4 1.31561E-4 1.76171E-4 1.66596E-4 1.63513E-4 1.84622E-4 1.90053E-4 1.68391E-4 1.25658E-4 1.55328E-4 1.43767E-4 1.53812E-4 1.31411E-4 1.15981E-4 1.41542E-4 2.45955E-4 2.40645E-4 1.90301E-4 2.18735E-4 2.40074E-4 2.34461E-4 2.03574E-4 2.34134E-4 2.72027E-4 2.56568E-4
1.266E-4 1.93556E-4 1.70549E-4 1.55376E-4 1.96651E-4 1.80397E-4 2.24166E-4 2.33135E-4 2.47082E-4 2.17866E-4 2.11288E-4 2.19525E-4 2.06105E-4 1.96564E-4 2.1125E-4 2.37352E-4 2.66264E-4 2.63139E-4 2.63918E-4 2.15052E-4 2.0896E-4 2.58874E-4 2.61269E-4 2.56114E-4 2.49671E-4 2.47628E-4 2.65975E-4 2.50912E-4 2.01578E-4 1.80244E-4 1.79069E-4 1.97366E-4 2.13347E-4 2.11951E-4 2.18314E-4 1.91488E-4 1.4216E-4 1.34711E-4 1.78996E-4 2.08824E-4 1.75879E-4 1.73387E-4 1.76762E-4 1.89749E-4 1.30177E-4 1.64588E-4 2.20694E-4 1.76762E-4 1.48053E-4 1.23555E-4 1.1902E-4 1.97498E-4 2.49053E-4 2.25834E-4 2.4864E-4 2.63277E-4 2.66533E-4 2.73093E-4 3.03517E-4 3.88431E-4 3.24759E-4
1.47048E-4 1.49483E-4 2.01657E-4 2.28117E-4 2.33482E-4 2.60111E-4 2.50047E-4 2.33283E-4 1.96222E-4 1.82222E-4 1.9098E-4 1.84837E-4 1.86939E-4 1.87749E-4 1.99093E-4 2.42483E-4 2.72354E-4 2.44662E-4 2.07275E-4 1.95525E-4 1.9675E-4 2.32849E-4 2.15021E-4 2.13148E-4 2.14358E-4 2.22826E-4 2.62984E-4 2.48685E-4 2.15209E-4 1.72213E-4 1.71382E-4 1.88537E-4 2.08833E-4 2.05046E-4 2.09183E-4 1.8333E-4 1.54617E-4 1.3639E-4 1.62804E-4 2.03866E-4 1.93044E-4 1.78691E-4 1.5961E-4 1.19113E-4 1.56652E-4 2.22888E-4 2.33452E-4 2.21063E-4 1.92017E-4 1.33511E-4 1.25198E-4 1.84199E-4 2.89755E-4 2.64839E-4 2.75174E-4 2.77582E-4 2.56693E-4 2.72432E-4 2.85505E-4 3.4984E-4 3.87231E-4
2.18229E-4 3.44434E-4 3.93612E-4 3.86718E-4 3.1835E-4 2.80502E-4 2.32033E-4 2.52782E-4 1.97277E-4 1.82317E-4 1.7784E-4 1.78398E-4 1.83342E-4 1.86485E-4 1.86505E-4 2.16095E-4 2.29368E-4 2.19242E-4 1.69329E-4 1.70658E-4 1.88431E-4 2.45961E-4 2.35179E-4 2.8419E-4 2.8149E-4 2.85579E-4 2.82572E-4 2.63052E-4 2.24544E-4 2.06136E-4 1.60814E-4 1.65192E-4 1.96526E-4 1.57487E-4 2.04391E-4 1.93744E-4 1.66722E-4 2.10077E-4 2.01172E-4 2.18815E-4 1.97272E-4 1.57707E-4 1.35101E-4 2.1054E-4 2.38559E-4 2.4946E-4 2.12506E-4 2.23783E-4 1.98632E-4 1.49655E-4 1.29699E-4 1.97238E-4 3.17135E-4 3.43503E-4 3.4869E-4 3.42615E-4 3.18393E-4 2.9336E-4 3.02938E-4 3.26715E-4 3.94785E-4
1.6511E-4 2.45133E-4 2.32786E-4 3.11486E-4 4.03209E-4 3.08589E-4 2.9896E-4 3.51489E-4 3.63164E-4 3.22046E-4 3.39908E-4 3.04354E-4 3.0643E-4 3.20795E-4 2.86236E-4 2.26174E-4 2.74929E-4 2.72418E-4 2.38591E-4 2.25011E-4 2.61127E-4 2.76312E-4 3.05706E-4 2.98191E-4 2.99678E-4 2.91029E-4 2.85256E-4 2.6103E-4 2.47558E-4 2.30017E-4 1.9924E-4 1.98228E-4 2.1338E-4 1.84839E-4 1.9898E-4 2.15449E-4 2.36865E-4 2.10313E-4 1.66657E-4 1.68977E-4 2.1294E-4 1.61788E-4 2.02474E-4 2.55738E-4 2.63047E-4 2.46955E-4 2.08957E-4 2.55484E-4 2.11161E-4 1.62277E-4 1.39371E-4 2.57564E-4 3.22813E-4 3.80263E-4 4.30304E-4 4.42906E-4 4.35078E-4 3.37296E-4 3.29747E-4 3.33956E-4 3.54263E-4
3.26871E-4 2.41687E-4 2.83002E-4 6.07186E-4 4.98339E-4 3.17955E-4 2.75997E-4 2.4369E-4 3.03352E-4 2.99739E-4 2.89361E-4 3.16812E-4 2.61743E-4 2.34801E-4 2.74147E-4 2.18742E-4 2.37352E-4 2.93188E-4 2.32653E-4 2.21491E-4 2.06018E-4 2.78936E-4 3.26472E-4 2.92E-4 2.97213E-4 2.95843E-4 2.98218E-4 2.6377E-4 2.49041E-4 2.62614E-4 2.42446E-4 2.31913E-4 2.29441E-4 2.30584E-4 2.19086E-4 1.92059E-4 1.86624E-4 1.7779E-4 1.57236E-4 1.19479E-4 1.18128E-4 1.17143E-4 1.4211E-4 1.93117E-4 2.13186E-4 1.98735E-4 2.01863E-4 2.39689E-4 2.33151E-4 1.9335E-4 1.94992E-4 3.51987E-4 3.9682E-4 3.85306E-4 3.9381E-4 4.63347E-4 4.42693E-4 3.35637E-4 3.45076E-4 3.86336E-4 3.98532E-4
2.92866E-4 2.60278E-4 5.71987E-4 8.50569E-4 7.94944E-4 7.17588E-4 5.66809E-4 3.86055E-4 2.79559E-4 2.48221E-4 2.3944E-4 2.418E-4 2.26465E-4 2.9747E-4 2.17438E-4 2.44641E-4 2.45017E-4 3.20032E-4 3.74362E-4 3.70822E-4 3.57713E-4 2.57232E-4 2.08853E-4 2.27642E-4 2.43471E-4 2.40079E-4 2.37087E-4 2.35714E-4 1.98398E-4 2.38452E-4 2.25213E-4 2.37039E-4 1.60862E-4 1.37747E-4 1.20009E-4 1.17691E-4 1.17406E-4 1.19483E-4 1.4338E-4 1.68735E-4 2.14913E-4 1.9486E-4 1.49379E-4 1.67872E-4 2.07543E-4 2.3001E-4 3.29372E-4 2.93681E-4 3.00895E-4 2.97032E-4 2.68957E-4 2.87069E-4 2.88311E-4 3.12786E-4 2.89655E-4 3.75755E-4 4.48677E-4 3.69216E-4 3.79218E-4 4.84281E-4 3.87669E-4
7.10812E-4 1.04001E-3 9.66553E-4 8.13114E-4 6.72514E-4 3.91875E-4 3.08135E-4 3.37937E-4 2.94322E-4 2.84148E-4 2.44722E-4 2.26765E-4 2.39632E-4 2.49113E-4 2.29532E-4 2.47914E-4 2.45487E-4 2.85621E-4 3.57464E-4 3.9799E-4 3.8853E-4 3.61603E-4 3.18538E-4 2.60579E-4 2.29884E-4 2.60377E-4 3.07877E-4 2.79347E-4 1.96008E-4 1.74505E-4 1.67232E-4 1.70241E-4 1.32169E-4 1.33462E-4 1.36246E-4 1.65972E-4 1.56685E-4 2.07599E-4 2.21223E-4 2.40622E-4 2.4188E-4 2.61628E-4 1.86458E-4 2.25428E-4 1.86897E-4 2.72893E-4 3.2162E-4 3.61717E-4 4.05361E-4 4.08032E-4 3.50221E-4 3.41327E-4 3.41327E-4 3.83378E-4 3.47892E-4 3.43168E-4 3.88178E-4 3.52838E-4 4.02831E-4 4.53362E-4 4.64211E-4
5.36639E-4 4.025E-4 3.1699E-4 2.81794E-4 2.83266E-4 2.55249E-4 2.67722E-4 2.80486E-4 3.03194E-4 3.36201E-4 4.15696E-4 4.46649E-4 2.92542E-4 2.98592E-4 3.17768E-4 3.12527E-4 2.57263E-4 2.92144E-4 3.06408E-4 3.2207E-4 3.44952E-4 3.14751E-4 2.84374E-4 2.4753E-4 2.37361E-4 2.49401E-4 2.77839E-4 3.01632E-4 2.63676E-4 2.5896E-4 1.89046E-4 2.23507E-4 2.1437E-4 2.3639E-4 2.20387E-4 2.24493E-4 2.34725E-4 2.26572E-4 1.92012E-4 2.0666E-4 2.17313E-4 2.25883E-4 2.54341E-4 2.56747E-4 2.67632E-4 3.53938E-4 3.91153E-4 3.91111E-4 3.23439E-4 3.71934E-4 4.14568E-4 4.24926E-4 4.02927E-4 3.93494E-4 4.02351E-4 3.78811E-4 4.82035E-4 4.42813E-4 4.09623E-4 4.51844E-4 5.15904E-4
