Artocarpus hirsutus SDM files/Last interglacial/results (without bias file)/Arthir_2.asc
ncols         625
nrows         721
xllcorner     69.99986311115
yllcorner     5.99986151914999
cellsize      0.041666667
NODATA_value  -9999
[rows 243 to 269 of 721, columns 427 to 487 of 625]
7.94764E-4 7.82085E-4 7.82262E-4 7.79316E-4 7.8922E-4 8.01178E-4 8.82195E-4 8.45842E-4 8.75337E-4 8.75881E-4 9.06428E-4 9.44604E-4 9.76098E-4 9.93528E-4 1.04137E-3 1.03784E-3 1.08703E-3 1.1314E-3 1.16711E-3 1.20116E-3 1.23522E-3 1.30015E-3 1.3094E-3 1.31233E-3 1.40691E-3 1.48472E-3 1.54801E-3 1.70308E-3 1.75682E-3 1.84108E-3 1.89937E-3 1.97908E-3 2.02244E-3 2.10564E-3 2.1312E-3 2.27054E-3 2.37345E-3 2.3394E-3 2.4131E-3 2.39257E-3 2.34021E-3 2.37285E-3 2.65951E-3 2.73117E-3 2.71144E-3 2.5336E-3 2.66764E-3 2.57444E-3 2.67857E-3 2.79145E-3 2.85486E-3 2.87646E-3 3.00162E-3 2.99862E-3 2.91449E-3 3.06378E-3 3.5262E-3 3.51425E-3 3.18375E-3 3.11927E-3 3.18797E-3
7.42768E-4 7.66527E-4 7.43336E-4 7.6604E-4 7.73387E-4 7.86779E-4 7.89495E-4 7.96451E-4 8.29779E-4 8.64929E-4 8.67226E-4 8.67237E-4 9.0741E-4 9.67224E-4 9.70995E-4 1.03571E-3 1.03739E-3 1.0793E-3 1.14288E-3 1.14238E-3 1.17822E-3 1.18038E-3 1.21053E-3 1.28437E-3 1.3608E-3 1.41577E-3 1.46562E-3 1.52975E-3 1.61067E-3 1.74597E-3 1.74135E-3 1.87957E-3 1.95017E-3 2.03643E-3 2.05605E-3 2.16997E-3 2.15505E-3 2.62896E-3 2.33687E-3 2.65313E-3 2.64923E-3 2.64652E-3 2.70367E-3 2.37722E-3 2.46574E-3 2.53392E-3 2.58938E-3 2.61787E-3 2.82547E-3 2.7441E-3 2.7521E-3 2.89914E-3 3.05099E-3 2.99084E-3 2.97055E-3 3.1566E-3 3.26583E-3 3.23937E-3 3.19174E-3 3.32118E-3 3.65218E-3
6.93537E-4 7.12472E-4 7.08477E-4 7.13089E-4 7.42579E-4 7.24956E-4 7.1702E-4 7.43703E-4 8.02891E-4 8.00905E-4 8.23552E-4 8.50728E-4 8.84549E-4 9.09062E-4 9.55361E-4 9.61514E-4 1.0177E-3 1.05103E-3 1.11074E-3 1.09506E-3 1.1213E-3 1.15604E-3 1.16485E-3 1.25582E-3 1.38544E-3 1.395E-3 1.67222E-3 1.53806E-3 1.62965E-3 1.62532E-3 1.68148E-3 2.14836E-3 2.19383E-3 2.25522E-3 2.3676E-3 2.43574E-3 2.45843E-3 2.57338E-3 2.59177E-3 2.66245E-3 2.58084E-3 2.2476E-3 2.24757E-3 2.35329E-3 2.42374E-3 2.51556E-3 2.57719E-3 2.67527E-3 2.73439E-3 2.781E-3 2.86624E-3 2.85864E-3 2.864E-3 3.16688E-3 3.12212E-3 3.41397E-3 3.39938E-3 3.2391E-3 3.18174E-3 3.14524E-3 3.54801E-3
6.56079E-4 7.03905E-4 6.6243E-4 6.57513E-4 6.77748E-4 6.9012E-4 6.85247E-4 7.40441E-4 7.41656E-4 7.71927E-4 8.01702E-4 9.297E-4 9.87259E-4 8.97685E-4 1.02718E-3 9.48373E-4 1.12095E-3 1.20456E-3 1.22547E-3 1.053E-3 1.23157E-3 1.2789E-3 1.29845E-3 1.16444E-3 1.24843E-3 1.5415E-3 1.5813E-3 1.74059E-3 1.71737E-3 1.80058E-3 1.8831E-3 2.03845E-3 2.05759E-3 2.17088E-3 2.31656E-3 2.3761E-3 2.38513E-3 2.44109E-3 2.49555E-3 2.55137E-3 2.15943E-3 2.27397E-3 2.2819E-3 2.27328E-3 2.34216E-3 2.431E-3 2.62671E-3 2.59441E-3 2.63206E-3 2.74483E-3 2.85494E-3 2.81571E-3 2.66698E-3 2.78685E-3 3.10777E-3 3.48416E-3 3.40001E-3 3.24971E-3 3.26335E-3 3.02787E-3 3.60113E-3
7.53641E-4 6.57094E-4 6.55318E-4 6.50851E-4 7.47624E-4 7.63496E-4 6.8375E-4 8.14473E-4 8.2085E-4 8.45381E-4 8.70253E-4 9.32512E-4 8.54524E-4 1.01673E-3 1.01751E-3 1.03149E-3 1.03697E-3 1.12733E-3 1.17214E-3 1.19649E-3 1.20424E-3 1.2555E-3 1.25196E-3 1.2892E-3 1.38904E-3 1.50615E-3 1.56438E-3 1.61547E-3 1.66591E-3 1.81043E-3 1.83973E-3 1.85693E-3 2.03588E-3 2.17039E-3 2.27755E-3 2.29072E-3 2.3796E-3 2.36366E-3 1.99269E-3 2.073E-3 2.20527E-3 2.24613E-3 2.31909E-3 2.32897E-3 2.37664E-3 2.48948E-3 2.53403E-3 2.62268E-3 2.66662E-3 2.67017E-3 2.74247E-3 2.96721E-3 2.75488E-3 2.70631E-3 2.76874E-3 3.35235E-3 3.58043E-3 3.33583E-3 3.37695E-3 2.94905E-3 3.92658E-3
7.06241E-4 7.06441E-4 6.88911E-4 7.3202E-4 7.3213E-4 7.30699E-4 7.3668E-4 7.84562E-4 7.99927E-4 8.2162E-4 8.74099E-4 8.86221E-4 9.13403E-4 9.8262E-4 1.00343E-3 1.02233E-3 1.02652E-3 1.02594E-3 1.15761E-3 1.20109E-3 1.20339E-3 1.24996E-3 1.25055E-3 1.27963E-3 1.3057E-3 1.36751E-3 1.49947E-3 1.54584E-3 1.62805E-3 1.65714E-3 1.71754E-3 1.78727E-3 1.91378E-3 2.06366E-3 2.06504E-3 2.21267E-3 1.93648E-3 1.88579E-3 1.96809E-3 1.98862E-3 2.08053E-3 2.17667E-3 2.24334E-3 2.29951E-3 2.41976E-3 2.41363E-3 2.50286E-3 2.60165E-3 2.71803E-3 2.67111E-3 2.51746E-3 2.85037E-3 2.93224E-3 2.81595E-3 2.61256E-3 2.91571E-3 3.50438E-3 3.89297E-3 3.18411E-3 3.98751E-3 4.25987E-3
7.06826E-4 7.03212E-4 6.73844E-4 6.74025E-4 6.89215E-4 7.07296E-4 7.33592E-4 7.66154E-4 7.77536E-4 8.00908E-4 8.31537E-4 8.50914E-4 9.13303E-4 9.40404E-4 9.96269E-4 9.85955E-4 1.01659E-3 1.02823E-3 1.07625E-3 1.12561E-3 1.21181E-3 1.21175E-3 1.24654E-3 1.26092E-3 1.31941E-3 1.36434E-3 1.45459E-3 1.4788E-3 1.54287E-3 1.60672E-3 1.72647E-3 1.73036E-3 1.88445E-3 1.95787E-3 2.14175E-3 1.82357E-3 1.86376E-3 1.94632E-3 1.97683E-3 2.02028E-3 2.00962E-3 2.04919E-3 2.21507E-3 2.33579E-3 2.34093E-3 2.38679E-3 2.39547E-3 2.57077E-3 2.57447E-3 2.73814E-3 2.68437E-3 2.5064E-3 2.59968E-3 2.86895E-3 2.72116E-3 3.0487E-3 3.69657E-3 3.84E-3 4.00937E-3 3.65696E-3 4.29953E-3
6.98269E-4 6.9767E-4 6.75295E-4 6.79242E-4 7.03284E-4 7.43432E-4 7.45524E-4 7.4972E-4 7.59938E-4 7.84414E-4 7.84262E-4 8.67952E-4 8.76561E-4 9.34012E-4 9.36216E-4 9.89886E-4 1.00162E-3 1.04656E-3 1.04744E-3 1.06964E-3 1.12018E-3 1.22336E-3 1.22651E-3 1.23196E-3 1.26208E-3 1.28878E-3 1.39528E-3 1.39629E-3 1.5382E-3 1.60163E-3 1.69768E-3 1.76994E-3 1.82611E-3 1.5983E-3 1.67704E-3 1.76086E-3 1.83777E-3 1.86336E-3 2.00369E-3 1.99327E-3 2.08866E-3 2.13623E-3 2.19104E-3 2.25651E-3 2.30865E-3 2.42083E-3 2.43341E-3 2.48943E-3 2.52148E-3 2.61981E-3 2.56041E-3 2.6611E-3 2.51627E-3 2.56588E-3 2.53014E-3 3.35029E-3 3.62538E-3 3.54794E-3 3.487E-3 3.50777E-3 4.26235E-3
6.7649E-4 6.92053E-4 6.89331E-4 6.91604E-4 6.92735E-4 7.00825E-4 7.35908E-4 7.39515E-4 7.62025E-4 7.68807E-4 7.81089E-4 8.22788E-4 8.78706E-4 8.91512E-4 9.45431E-4 9.54205E-4 9.81969E-4 1.01871E-3 1.05249E-3 1.04988E-3 1.10063E-3 1.1671E-3 1.18776E-3 1.18618E-3 1.23576E-3 1.30562E-3 1.30357E-3 1.37144E-3 1.464E-3 1.57985E-3 1.65895E-3 1.67201E-3 1.43622E-3 1.55091E-3 1.67202E-3 1.74568E-3 1.80829E-3 1.83803E-3 1.93613E-3 1.9643E-3 2.05888E-3 2.10447E-3 2.16512E-3 2.22332E-3 2.32419E-3 2.43763E-3 2.39718E-3 2.50934E-3 2.60082E-3 2.61089E-3 2.59593E-3 2.76832E-3 2.7772E-3 2.72579E-3 2.51421E-3 2.82972E-3 2.88955E-3 2.89293E-3 3.27501E-3 3.70761E-3 3.88275E-3
6.64782E-4 6.63736E-4 6.79563E-4 6.9196E-4 6.92431E-4 6.93558E-4 6.89969E-4 7.28464E-4 7.62801E-4 7.87686E-4 7.87528E-4 8.08593E-4 8.69178E-4 9.00202E-4 9.10249E-4 9.60955E-4 9.63933E-4 9.96663E-4 1.00161E-3 1.07333E-3 1.07711E-3 1.0957E-3 1.12774E-3 1.14086E-3 1.18859E-3 1.27155E-3 1.27778E-3 1.33184E-3 1.44366E-3 1.4651E-3 1.56215E-3 1.3714E-3 1.43366E-3 1.50496E-3 1.62598E-3 1.72062E-3 1.74791E-3 1.82587E-3 1.85292E-3 1.99256E-3 2.02542E-3 2.0285E-3 2.13399E-3 2.19499E-3 2.24136E-3 2.33921E-3 2.36059E-3 2.45974E-3 2.48254E-3 2.4124E-3 2.57838E-3 2.94273E-3 3.12967E-3 2.99241E-3 3.14077E-3 2.80115E-3 2.71772E-3 2.66234E-3 3.24446E-3 3.84962E-3 4.2523E-3
6.56889E-4 6.65279E-4 6.65309E-4 6.64221E-4 6.82334E-4 7.0807E-4 7.07365E-4 7.34851E-4 7.50664E-4 7.72762E-4 8.01042E-4 8.28118E-4 8.41023E-4 8.66766E-4 8.68453E-4 9.17127E-4 9.69609E-4 9.88302E-4 9.93873E-4 1.02291E-3 1.04E-3 1.07369E-3 1.08479E-3 1.16415E-3 1.16416E-3 1.21453E-3 1.26614E-3 1.33588E-3 1.09685E-3 1.21454E-3 1.25755E-3 1.3524E-3 1.41285E-3 1.52777E-3 1.59951E-3 1.73235E-3 1.68755E-3 1.76001E-3 1.7847E-3 1.9579E-3 1.96246E-3 2.05518E-3 2.10206E-3 2.10954E-3 2.16789E-3 2.24601E-3 2.29978E-3 2.4043E-3 2.35082E-3 2.77681E-3 2.60655E-3 2.93451E-3 2.99757E-3 3.0677E-3 3.33374E-3 2.94555E-3 2.77267E-3 2.67176E-3 2.57174E-3 2.56561E-3 3.7245E-3
6.601E-4 6.57931E-4 6.57983E-4 6.56069E-4 6.79462E-4 7.28304E-4 7.26659E-4 7.28763E-4 7.48298E-4 7.65982E-4 8.13029E-4 8.25795E-4 8.58137E-4 8.50675E-4 8.78008E-4 9.00825E-4 9.37667E-4 9.65653E-4 9.98491E-4 9.90829E-4 9.94063E-4 1.03738E-3 1.03489E-3 1.08876E-3 1.15407E-3 1.23797E-3 1.25443E-3 1.10663E-3 1.14447E-3 1.15512E-3 1.23176E-3 1.32444E-3 1.36473E-3 1.50574E-3 1.60053E-3 1.67004E-3 1.71394E-3 1.73282E-3 1.8148E-3 1.84948E-3 1.93192E-3 2.02837E-3 2.0708E-3 2.39454E-3 2.45297E-3 2.46567E-3 2.26893E-3 2.6513E-3 2.6879E-3 2.87188E-3 3.04521E-3 3.02062E-3 2.93661E-3 3.11108E-3 3.20664E-3 3.22922E-3 3.146E-3 2.87385E-3 2.62336E-3 2.33312E-3 2.19394E-3
6.30831E-4 6.52891E-4 6.68863E-4 6.92454E-4 7.00655E-4 7.05386E-4 7.19462E-4 7.43059E-4 7.37097E-4 7.47167E-4 7.87444E-4 8.10795E-4 8.42787E-4 8.37026E-4 8.62197E-4 9.02496E-4 8.94461E-4 9.25146E-4 9.63307E-4 9.48887E-4 9.61299E-4 1.01978E-3 1.02211E-3 1.06136E-3 1.11983E-3 1.16677E-3 1.01835E-3 1.08217E-3 1.0898E-3 1.15957E-3 1.2151E-3 1.30357E-3 1.35706E-3 1.70506E-3 1.5528E-3 1.60458E-3 1.88839E-3 1.92345E-3 1.75111E-3 1.77817E-3 1.81242E-3 1.99971E-3 2.30653E-3 2.35822E-3 2.4129E-3 2.41232E-3 2.53377E-3 2.53973E-3 2.63535E-3 2.93739E-3 2.81542E-3 2.8198E-3 3.04458E-3 2.87437E-3 2.93205E-3 2.95997E-3 2.87442E-3 2.81594E-3 2.65309E-3 2.54668E-3 2.33251E-3
6.265E-4 6.42667E-4 6.50551E-4 6.94409E-4 6.88574E-4 6.96546E-4 7.11953E-4 7.29576E-4 7.37313E-4 8.85452E-4 7.51604E-4 7.97495E-4 8.13607E-4 8.73266E-4 8.52543E-4 1.03152E-3 8.79021E-4 1.00372E-3 1.07333E-3 9.49087E-4 9.76091E-4 9.74477E-4 1.01331E-3 1.02787E-3 1.23553E-3 9.24734E-4 9.70466E-4 1.05948E-3 1.06778E-3 1.14848E-3 1.20197E-3 1.39432E-3 1.53245E-3 1.64991E-3 1.47756E-3 1.59551E-3 1.8274E-3 1.957E-3 1.73153E-3 1.75301E-3 1.83848E-3 2.1162E-3 2.27147E-3 2.3896E-3 2.35215E-3 2.32625E-3 2.50455E-3 2.53643E-3 2.44832E-3 2.72573E-3 2.97755E-3 2.90834E-3 2.85935E-3 2.66953E-3 2.83409E-3 2.79599E-3 2.68729E-3 2.84824E-3 3.03288E-3 2.65174E-3 2.63093E-3
6.38631E-4 6.4434E-4 6.40357E-4 6.63354E-4 6.84542E-4 7.17089E-4 8.24172E-4 7.06065E-4 7.79915E-4 7.49246E-4 7.33984E-4 7.91521E-4 9.45488E-4 9.69452E-4 8.41169E-4 9.99515E-4 9.83302E-4 1.0256E-3 8.93867E-4 9.04586E-4 9.60212E-4 1.1215E-3 1.0123E-3 1.21132E-3 1.01343E-3 9.03504E-4 9.87249E-4 1.02432E-3 1.27014E-3 1.28004E-3 1.34265E-3 1.36873E-3 1.51126E-3 1.63049E-3 1.42692E-3 1.78192E-3 1.85444E-3 1.93041E-3 2.0118E-3 1.99566E-3 1.98655E-3 2.14758E-3 2.18801E-3 2.34332E-3 2.31534E-3 2.28454E-3 2.46982E-3 2.50705E-3 2.47044E-3 2.38876E-3 2.64902E-3 2.66688E-3 2.6192E-3 2.56588E-3 2.84154E-3 2.8461E-3 2.66378E-3 2.57607E-3 2.74158E-3 2.8882E-3 2.93801E-3
7.06841E-4 7.32983E-4 7.35086E-4 7.35573E-4 7.61081E-4 8.2098E-4 8.06555E-4 8.49798E-4 8.727E-4 8.33803E-4 9.06402E-4 9.24081E-4 9.44332E-4 9.27792E-4 9.39581E-4 9.961E-4 9.61952E-4 9.85545E-4 1.01681E-3 1.05115E-3 1.13239E-3 1.12302E-3 1.18889E-3 9.99013E-4 1.03208E-3 1.09163E-3 1.17977E-3 1.21876E-3 1.22674E-3 1.33501E-3 1.39607E-3 1.40578E-3 1.55717E-3 1.61215E-3 1.69969E-3 1.72009E-3 1.74405E-3 1.87205E-3 1.90486E-3 1.92614E-3 2.01672E-3 2.11221E-3 2.10406E-3 2.2024E-3 2.28533E-3 2.30197E-3 2.43039E-3 2.40981E-3 2.43687E-3 2.46567E-3 2.43538E-3 2.49133E-3 2.59264E-3 2.67894E-3 2.8124E-3 2.6747E-3 2.73535E-3 2.57054E-3 2.66592E-3 2.71734E-3 2.83044E-3
6.70993E-4 7.2169E-4 7.23797E-4 7.45721E-4 7.38272E-4 7.9487E-4 7.86547E-4 8.17878E-4 8.08638E-4 8.98794E-4 9.09876E-4 8.93921E-4 9.19256E-4 8.97322E-4 9.84541E-4 9.56E-4 9.46494E-4 9.6992E-4 9.45874E-4 1.03493E-3 1.09448E-3 1.04239E-3 9.48748E-4 9.94976E-4 1.01278E-3 1.05578E-3 1.0952E-3 1.1447E-3 1.27953E-3 1.29139E-3 1.33492E-3 1.39234E-3 1.48731E-3 1.57562E-3 1.63506E-3 1.70841E-3 1.72664E-3 1.7112E-3 1.82766E-3 1.90049E-3 1.99293E-3 2.02189E-3 2.07068E-3 2.15801E-3 2.20302E-3 2.16365E-3 2.39172E-3 2.42617E-3 2.39368E-3 2.42398E-3 2.45246E-3 2.42042E-3 2.44939E-3 2.55317E-3 2.50178E-3 2.65E-3 2.63511E-3 2.68779E-3 2.59094E-3 2.62348E-3 2.8153E-3
6.83741E-4 7.38226E-4 7.37241E-4 7.50762E-4 7.41058E-4 7.83812E-4 7.68374E-4 8.04137E-4 8.68749E-4 9.09441E-4 9.51533E-4 8.66685E-4 8.66435E-4 8.64977E-4 9.71773E-4 9.34056E-4 9.65173E-4 9.15644E-4 9.82883E-4 1.06502E-3 1.12751E-3 8.95195E-4 9.30804E-4 9.72156E-4 1.00344E-3 1.04794E-3 1.10009E-3 1.11762E-3 1.20373E-3 1.21624E-3 1.29173E-3 1.38122E-3 1.45013E-3 1.51981E-3 1.58178E-3 1.68616E-3 1.67143E-3 1.69062E-3 1.81428E-3 1.87945E-3 1.86213E-3 1.94583E-3 2.0988E-3 2.1256E-3 2.12097E-3 2.13633E-3 2.22952E-3 2.38539E-3 2.35636E-3 2.45514E-3 2.4241E-3 2.51419E-3 2.53748E-3 2.49408E-3 2.57815E-3 2.5853E-3 2.52333E-3 2.65716E-3 2.63153E-3 2.54805E-3 2.4533E-3
6.41749E-4 7.01506E-4 7.22081E-4 7.58621E-4 7.60822E-4 8.12069E-4 8.00225E-4 7.97715E-4 8.52002E-4 8.77334E-4 8.97203E-4 8.63223E-4 8.45137E-4 9.31675E-4 9.66526E-4 8.7013E-4 8.88882E-4 9.20438E-4 1.03225E-3 1.05987E-3 8.63765E-4 8.57788E-4 9.23666E-4 9.39223E-4 9.4336E-4 1.05336E-3 1.10432E-3 1.10864E-3 1.13416E-3 1.22471E-3 1.24791E-3 1.33593E-3 1.38559E-3 1.5315E-3 1.56671E-3 1.63406E-3 1.61418E-3 1.67007E-3 1.79319E-3 1.77665E-3 1.83436E-3 1.9209E-3 2.00961E-3 2.10224E-3 2.08034E-3 2.10391E-3 2.18749E-3 2.24337E-3 2.3236E-3 2.42131E-3 2.51635E-3 2.48522E-3 2.49908E-3 2.58825E-3 2.67821E-3 2.68582E-3 2.62388E-3 2.67904E-3 2.67882E-3 2.72747E-3 2.64104E-3
6.41712E-4 6.86977E-4 7.4144E-4 7.38554E-4 7.78128E-4 8.05136E-4 7.73965E-4 8.04859E-4 8.32597E-4 8.24872E-4 8.48971E-4 8.36514E-4 8.32325E-4 9.6166E-4 9.3519E-4 8.60742E-4 9.24815E-4 1.01355E-3 9.02314E-4 8.7647E-4 8.65566E-4 9.09473E-4 9.29709E-4 9.28611E-4 9.87331E-4 1.01939E-3 1.11242E-3 1.11766E-3 1.17024E-3 1.19995E-3 1.23675E-3 1.29093E-3 1.37499E-3 1.40748E-3 1.55294E-3 1.615E-3 1.59419E-3 1.64819E-3 1.6809E-3 1.74527E-3 1.77231E-3 1.85165E-3 1.93227E-3 2.03038E-3 1.99771E-3 2.06566E-3 2.16422E-3 2.20462E-3 2.23464E-3 2.39477E-3 2.42251E-3 2.45046E-3 2.53769E-3 2.55951E-3 2.58085E-3 2.58557E-3 2.52611E-3 2.58308E-3 2.7918E-3 2.77237E-3 2.61237E-3
6.36156E-4 6.91231E-4 6.97035E-4 7.40643E-4 7.64466E-4 7.57854E-4 8.09747E-4 8.18348E-4 8.27328E-4 8.27786E-4 7.8323E-4 8.37055E-4 1.00565E-3 9.7368E-4 9.15545E-4 8.60746E-4 9.54956E-4 1.02024E-3 8.66024E-4 8.55559E-4 8.71601E-4 9.42631E-4 9.59668E-4 9.75156E-4 1.05022E-3 1.04056E-3 1.04299E-3 1.1686E-3 1.22648E-3 1.23662E-3 1.27282E-3 1.27807E-3 1.43417E-3 1.44807E-3 1.46041E-3 1.59519E-3 1.57349E-3 1.63975E-3 1.66237E-3 1.72876E-3 1.75664E-3 1.78028E-3 1.86909E-3 1.99459E-3 1.95883E-3 2.04706E-3 2.13587E-3 2.17552E-3 2.26856E-3 2.30704E-3 2.26808E-3 2.4157E-3 2.505E-3 2.46608E-3 2.54013E-3 2.54303E-3 2.47966E-3 2.69125E-3 2.68783E-3 2.67478E-3 2.72685E-3
6.32423E-4 6.87033E-4 7.05498E-4 7.01574E-4 7.47751E-4 7.76839E-4 8.19768E-4 8.26714E-4 8.36546E-4 8.1067E-4 7.65646E-4 8.91202E-4 9.48744E-4 9.27532E-4 8.95772E-4 8.4667E-4 9.34026E-4 8.91301E-4 8.57278E-4 8.21978E-4 8.40373E-4 9.49206E-4 9.92724E-4 9.70029E-4 1.03026E-3 1.03509E-3 1.09281E-3 1.13305E-3 1.20589E-3 1.25847E-3 1.27679E-3 1.28839E-3 1.38895E-3 1.47383E-3 1.48409E-3 1.50587E-3 1.55636E-3 1.62138E-3 1.64111E-3 1.65737E-3 1.7331E-3 1.75893E-3 1.78231E-3 1.86433E-3 1.92548E-3 2.00519E-3 2.10892E-3 2.13514E-3 2.17555E-3 2.20942E-3 2.29508E-3 2.32312E-3 2.40953E-3 2.43225E-3 2.50111E-3 2.57529E-3 2.63781E-3 2.64881E-3 2.64535E-3 2.64215E-3 2.70395E-3
6.32252E-4 6.90267E-4 6.80797E-4 7.16618E-4 7.42638E-4 7.78307E-4 8.30055E-4 8.37332E-4 8.19537E-4 8.15144E-4 8.13818E-4 8.76177E-4 9.079E-4 8.98547E-4 8.59559E-4 8.20845E-4 9.49941E-4 8.93024E-4 8.45671E-4 8.40482E-4 8.45546E-4 9.15859E-4 9.85083E-4 9.48647E-4 9.95602E-4 1.04154E-3 1.08952E-3 1.09556E-3 1.13533E-3 1.12231E-3 1.2718E-3 1.28075E-3 1.32868E-3 1.42089E-3 1.43766E-3 1.48626E-3 1.50543E-3 1.56364E-3 1.57946E-3 1.68561E-3 1.70974E-3 1.7317E-3 1.81453E-3 1.83845E-3 1.94699E-3 2.04203E-3 2.07949E-3 2.1669E-3 2.14446E-3 2.17504E-3 2.25832E-3 2.22793E-3 2.31731E-3 2.3969E-3 2.5402E-3 2.61089E-3 2.61288E-3 2.61843E-3 2.61245E-3 2.60637E-3 2.74831E-3
7.59269E-4 7.15313E-4 7.10622E-4 7.15346E-4 7.36524E-4 7.6791E-4 7.95358E-4 8.537E-4 8.19018E-4 8.49718E-4 8.70768E-4 8.65501E-4 8.66237E-4 8.22226E-4 8.37346E-4 7.84E-4 8.66529E-4 8.91148E-4 8.71102E-4 8.69131E-4 8.41648E-4 8.84944E-4 9.40425E-4 9.82092E-4 1.03124E-3 1.03431E-3 1.08235E-3 1.0914E-3 1.10917E-3 1.1122E-3 1.22973E-3 1.27314E-3 1.33686E-3 1.37581E-3 1.46543E-3 1.47308E-3 1.48593E-3 1.50892E-3 1.523E-3 1.66599E-3 1.72662E-3 1.75996E-3 1.79548E-3 1.80537E-3 1.87842E-3 1.91395E-3 1.99715E-3 2.13654E-3 2.16125E-3 2.14368E-3 2.28639E-3 2.31648E-3 2.33158E-3 2.34623E-3 2.49679E-3 2.50922E-3 2.51311E-3 2.66098E-3 2.72805E-3 2.65334E-3 2.72453E-3
6.66199E-4 6.8159E-4 7.10245E-4 7.47958E-4 7.66756E-4 7.80327E-4 7.98523E-4 8.30974E-4 8.55578E-4 8.43041E-4 8.43956E-4 9.11588E-4 9.18481E-4 8.72728E-4 8.11115E-4 8.82811E-4 9.12476E-4 9.28626E-4 8.99169E-4 8.99951E-4 8.95647E-4 9.3001E-4 9.48748E-4 1.02038E-3 1.05193E-3 1.03025E-3 1.09201E-3 1.10017E-3 1.13135E-3 1.21949E-3 1.22708E-3 1.24879E-3 1.32376E-3 1.40477E-3 1.45466E-3 1.42486E-3 1.47166E-3 1.48769E-3 1.58656E-3 1.64359E-3 1.6689E-3 1.74204E-3 1.7244E-3 1.79046E-3 1.80821E-3 1.84256E-3 1.98148E-3 2.0526E-3 2.0838E-3 2.05534E-3 2.18989E-3 2.27818E-3 2.23592E-3 2.37641E-3 2.38412E-3 2.39212E-3 2.46395E-3 2.60865E-3 2.61946E-3 2.62272E-3 2.6904E-3
6.67584E-4 7.16291E-4 7.12645E-4 7.55006E-4 7.67438E-4 7.84086E-4 7.80715E-4 8.23165E-4 8.43843E-4 8.63398E-4 8.69435E-4 9.06005E-4 8.75888E-4 8.83712E-4 8.32172E-4 8.86677E-4 9.20681E-4 8.97188E-4 8.95185E-4 8.93841E-4 9.24816E-4 9.99611E-4 9.81393E-4 9.83713E-4 1.0327E-3 1.04983E-3 1.12848E-3 1.13306E-3 1.14103E-3 1.22635E-3 1.23525E-3 1.24127E-3 1.31447E-3 1.31861E-3 1.40005E-3 1.40974E-3 1.45854E-3 1.51879E-3 1.53704E-3 1.54928E-3 1.6042E-3 1.71583E-3 1.79968E-3 1.76779E-3 1.7884E-3 1.82089E-3 1.94395E-3 1.92113E-3 2.05543E-3 2.12784E-3 2.21509E-3 2.18533E-3 2.20502E-3 2.27462E-3 2.34996E-3 2.4962E-3 2.49651E-3 2.56454E-3 2.56896E-3 2.56835E-3 2.64769E-3
6.88524E-4 7.07875E-4 7.53719E-4 7.63937E-4 8.16107E-4 8.14459E-4 8.16635E-4 8.17013E-4 8.56798E-4 8.67287E-4 8.58983E-4 8.55901E-4 9.05749E-4 9.3854E-4 8.87205E-4 8.51557E-4 8.52944E-4 8.86113E-4 8.91413E-4 8.8672E-4 9.19619E-4 1.02116E-3 9.73123E-4 1.03104E-3 1.03955E-3 1.03801E-3 1.11984E-3 1.15712E-3 1.20085E-3 1.23815E-3 1.25504E-3 1.29748E-3 1.3035E-3 1.34445E-3 1.35309E-3 1.43679E-3 1.44954E-3 1.4676E-3 1.52881E-3 1.53762E-3 1.59547E-3 1.60807E-3 1.6818E-3 1.75028E-3 1.76693E-3 1.79244E-3 1.81699E-3 1.89497E-3 1.96856E-3 2.10275E-3 2.07349E-3 2.15121E-3 2.1702E-3 2.23409E-3 2.37864E-3 2.38798E-3 2.44942E-3 2.51683E-3 2.60229E-3 2.59792E-3 2.74213E-3
