Artocarpus hirsutus SDM files/Last interglacial/results (without bias file)/Arthir_1.asc
ncols         625
nrows         721
xllcorner     69.99986311115
yllcorner     5.99986151914999
cellsize      0.041666667
NODATA_value  -9999
[rows 135 to 161 of 721, columns 488 to 548 of 625]
1.03075E-4 1.03457E-4 1.08744E-4 1.00379E-4 1.12954E-4 1.15582E-4 1.1023E-4 1.11739E-4 1.10837E-4 1.20802E-4 1.14436E-4 8.98634E-5 8.2787E-5 8.11939E-5 8.16196E-5 9.01134E-5 1.18073E-4 1.40278E-4 1.23531E-4 1.14532E-4 1.43655E-4 1.41083E-4 1.42337E-4 1.57049E-4 1.55899E-4 1.42414E-4 1.35794E-4 1.65847E-4 1.39191E-4 1.63449E-4 1.55562E-4 1.63471E-4 1.38477E-4 1.27848E-4 1.21985E-4 1.4611E-4 1.54939E-4 1.2254E-4 1.56367E-4 1.25449E-4 1.16282E-4 1.09082E-4 1.25425E-4 1.51888E-4 1.2817E-4 1.51224E-4 1.55543E-4 1.55736E-4 1.61158E-4 1.42199E-4 1.67506E-4 1.79818E-4 1.66655E-4 2.08861E-4 1.90567E-4 2.15764E-4 1.88036E-4 2.35789E-4 2.35746E-4 2.34797E-4 2.41748E-4
1.0627E-4 1.05085E-4 1.00007E-4 1.07866E-4 1.15621E-4 1.09814E-4 1.20101E-4 1.18554E-4 1.12467E-4 9.5358E-5 8.82651E-5 8.27946E-5 7.73293E-5 8.09832E-5 8.99928E-5 1.02754E-4 1.00137E-4 1.00387E-4 1.41346E-4 1.34785E-4 1.44164E-4 1.53789E-4 1.59134E-4 1.49407E-4 1.55126E-4 1.31523E-4 1.36052E-4 1.72927E-4 1.38476E-4 1.50786E-4 1.34313E-4 1.50359E-4 1.06161E-4 1.35628E-4 1.34036E-4 1.58027E-4 1.57747E-4 1.57461E-4 1.42303E-4 1.2112E-4 1.21243E-4 1.1683E-4 1.195E-4 1.31949E-4 1.45583E-4 1.44273E-4 1.55726E-4 1.39519E-4 1.59638E-4 1.57504E-4 1.79908E-4 1.86473E-4 1.67194E-4 1.79745E-4 2.21426E-4 2.0248E-4 2.15252E-4 2.13289E-4 2.05518E-4 2.57243E-4 2.32446E-4
1.00148E-4 1.09353E-4 1.106E-4 1.09824E-4 1.02356E-4 1.05239E-4 1.11375E-4 1.18379E-4 1.16939E-4 9.93438E-5 8.01601E-5 8.16032E-5 8.49325E-5 1.03306E-4 1.00366E-4 1.19176E-4 1.29084E-4 1.18064E-4 1.13024E-4 1.36061E-4 1.47035E-4 1.49372E-4 1.55878E-4 1.42812E-4 1.46665E-4 1.32125E-4 1.1942E-4 1.25784E-4 1.19529E-4 1.11545E-4 1.19753E-4 1.10513E-4 1.60481E-4 1.57908E-4 1.41887E-4 1.60024E-4 1.65558E-4 1.72332E-4 1.51535E-4 1.28548E-4 1.16952E-4 1.11455E-4 1.19315E-4 1.23589E-4 1.6485E-4 1.64841E-4 1.64946E-4 1.58578E-4 1.70267E-4 1.80254E-4 1.57786E-4 1.69684E-4 1.97711E-4 1.73606E-4 2.15543E-4 2.08332E-4 2.13551E-4 2.33702E-4 2.35819E-4 1.98064E-4 2.63564E-4
1.18879E-4 1.15553E-4 1.12523E-4 1.14342E-4 1.22108E-4 1.13021E-4 9.90538E-5 9.40865E-5 8.93943E-5 8.30859E-5 8.16429E-5 9.12639E-5 1.05249E-4 1.18829E-4 1.08778E-4 1.16023E-4 1.24008E-4 1.08088E-4 1.12257E-4 9.96349E-5 1.11147E-4 1.21087E-4 1.04343E-4 1.35183E-4 1.47908E-4 1.05131E-4 1.12895E-4 1.13861E-4 1.30845E-4 1.48343E-4 1.56753E-4 1.24591E-4 1.44012E-4 1.73644E-4 1.62579E-4 1.56916E-4 1.57147E-4 1.7875E-4 1.72761E-4 1.2436E-4 1.44648E-4 1.28635E-4 1.36476E-4 1.55443E-4 1.60839E-4 1.39337E-4 1.70434E-4 1.70499E-4 1.74897E-4 1.79313E-4 1.84729E-4 1.79798E-4 1.91087E-4 1.90098E-4 2.07923E-4 2.13876E-4 2.21424E-4 2.35819E-4 2.18717E-4 2.41442E-4 2.21691E-4
9.84351E-5 1.063E-4 1.13427E-4 1.11345E-4 1.12271E-4 1.16027E-4 1.00298E-4 9.04966E-5 9.21049E-5 9.10279E-5 9.25725E-5 1.11812E-4 9.83267E-5 1.11661E-4 1.34309E-4 1.46027E-4 1.42512E-4 1.38279E-4 1.34355E-4 1.29482E-4 1.31836E-4 1.33114E-4 1.21236E-4 1.11636E-4 1.19436E-4 1.41126E-4 1.63823E-4 1.60815E-4 1.68493E-4 1.70572E-4 1.71098E-4 1.60158E-4 1.31616E-4 1.46942E-4 1.5283E-4 1.77503E-4 1.6888E-4 1.77391E-4 1.7367E-4 1.24233E-4 1.1995E-4 1.35891E-4 1.27489E-4 1.36015E-4 1.60688E-4 1.48883E-4 1.49898E-4 1.70548E-4 1.86427E-4 1.80047E-4 1.96649E-4 1.89468E-4 1.90698E-4 2.08314E-4 2.23399E-4 1.88022E-4 2.18356E-4 2.18673E-4 2.043E-4 2.07747E-4 2.08386E-4
1.13652E-4 1.04001E-4 1.06568E-4 1.06343E-4 9.9696E-5 9.53577E-5 8.65001E-5 9.99391E-5 9.68492E-5 1.07222E-4 1.06619E-4 1.22716E-4 1.18723E-4 1.19649E-4 1.36178E-4 1.26648E-4 1.26937E-4 1.29077E-4 1.32242E-4 1.26223E-4 1.23532E-4 1.39726E-4 1.38936E-4 1.10749E-4 1.10301E-4 1.56397E-4 1.6484E-4 1.73064E-4 1.63584E-4 1.62863E-4 1.57351E-4 1.75769E-4 1.62633E-4 1.66529E-4 1.47984E-4 1.54663E-4 1.40638E-4 1.46445E-4 1.78719E-4 1.32505E-4 1.27133E-4 1.27471E-4 1.36549E-4 1.55408E-4 1.44045E-4 1.64798E-4 1.53194E-4 1.5253E-4 1.86419E-4 1.72294E-4 2.08792E-4 1.84303E-4 1.89686E-4 1.93471E-4 2.2797E-4 2.19307E-4 2.11859E-4 1.96478E-4 2.39345E-4 2.7035E-4 2.06849E-4
1.12261E-4 1.08023E-4 1.07564E-4 9.6442E-5 8.29794E-5 9.59838E-5 1.03295E-4 1.11501E-4 1.14025E-4 1.15981E-4 1.17268E-4 1.23443E-4 1.22791E-4 1.21742E-4 1.40935E-4 1.42962E-4 1.49889E-4 1.44432E-4 1.44419E-4 1.31218E-4 1.23621E-4 1.12271E-4 1.42701E-4 1.44567E-4 1.05245E-4 1.07945E-4 1.21396E-4 1.47989E-4 1.45112E-4 1.40448E-4 1.59786E-4 1.72633E-4 1.68544E-4 1.67046E-4 1.31101E-4 1.30407E-4 1.77249E-4 1.61688E-4 1.76646E-4 1.31441E-4 1.50898E-4 1.55247E-4 1.50269E-4 1.34474E-4 1.59185E-4 1.75589E-4 1.74226E-4 1.46073E-4 1.79405E-4 1.90916E-4 1.8385E-4 1.53743E-4 1.80436E-4 2.20219E-4 2.06581E-4 2.13384E-4 2.38675E-4 2.30771E-4 1.93784E-4 2.53903E-4 2.15927E-4
1.18618E-4 1.19316E-4 1.16615E-4 9.75549E-5 8.41878E-5 9.98442E-5 1.21735E-4 1.20203E-4 1.18571E-4 1.2079E-4 1.2566E-4 1.31272E-4 1.36963E-4 1.35292E-4 1.25322E-4 1.36706E-4 1.42048E-4 1.35414E-4 1.47612E-4 1.54468E-4 1.55462E-4 1.47274E-4 1.4795E-4 1.69233E-4 1.47659E-4 1.44708E-4 1.13282E-4 1.063E-4 1.09924E-4 1.44175E-4 1.62433E-4 1.72764E-4 1.69218E-4 1.45316E-4 1.21517E-4 1.63054E-4 1.74384E-4 1.62851E-4 1.89032E-4 1.56185E-4 1.60612E-4 1.96656E-4 1.59315E-4 1.35222E-4 1.22583E-4 1.30801E-4 1.62681E-4 1.45421E-4 1.63348E-4 1.76782E-4 1.77588E-4 2.01797E-4 2.01158E-4 2.08676E-4 1.98806E-4 1.84156E-4 2.47398E-4 2.08291E-4 1.85147E-4 1.76056E-4 2.38376E-4
1.08314E-4 1.01101E-4 8.64308E-5 7.94338E-5 9.00103E-5 8.76063E-5 1.03688E-4 1.13543E-4 1.22287E-4 1.01857E-4 1.24192E-4 1.15563E-4 1.38192E-4 1.15286E-4 1.31958E-4 1.49457E-4 1.52579E-4 1.4274E-4 1.30445E-4 1.37564E-4 1.47411E-4 1.59339E-4 1.28204E-4 1.44257E-4 1.67437E-4 1.61053E-4 1.49684E-4 1.22684E-4 1.16819E-4 1.05737E-4 1.02067E-4 1.02012E-4 1.07328E-4 1.0773E-4 1.09829E-4 1.20302E-4 1.67806E-4 1.58651E-4 2.1378E-4 2.05685E-4 1.47979E-4 1.59403E-4 1.98605E-4 1.29696E-4 1.59954E-4 1.55905E-4 1.19447E-4 1.71919E-4 1.90355E-4 1.84669E-4 2.01832E-4 2.01629E-4 2.08778E-4 2.13423E-4 2.05665E-4 1.8804E-4 2.63671E-4 2.54942E-4 2.54958E-4 1.92902E-4 1.72956E-4
9.17187E-5 8.27216E-5 7.80653E-5 7.79541E-5 1.13594E-4 1.05456E-4 8.90383E-5 8.94839E-5 1.14025E-4 9.19659E-5 1.0182E-4 1.09799E-4 1.22334E-4 1.19981E-4 1.40087E-4 1.43275E-4 1.52633E-4 1.50094E-4 1.31539E-4 1.11646E-4 1.36381E-4 1.49507E-4 1.23515E-4 1.43153E-4 1.59617E-4 1.58929E-4 1.70646E-4 1.55106E-4 1.64022E-4 1.45588E-4 1.20219E-4 1.2486E-4 1.22021E-4 1.46531E-4 1.26264E-4 1.2685E-4 1.26196E-4 1.49637E-4 1.7261E-4 1.80431E-4 1.38662E-4 1.3015E-4 1.24032E-4 1.39085E-4 1.73615E-4 1.61761E-4 1.61016E-4 1.5453E-4 1.67418E-4 1.89405E-4 2.01849E-4 1.86808E-4 1.83253E-4 1.90611E-4 2.17148E-4 1.8079E-4 2.52492E-4 2.61396E-4 2.52564E-4 2.44511E-4 1.87386E-4
8.30685E-5 8.16428E-5 8.41036E-5 9.53199E-5 1.24938E-4 1.09903E-4 1.07116E-4 8.99409E-5 8.95413E-5 9.42395E-5 1.1358E-4 1.22535E-4 1.31038E-4 1.13507E-4 1.03775E-4 1.02826E-4 1.27265E-4 1.20769E-4 1.3718E-4 1.14355E-4 1.2586E-4 1.12547E-4 1.16724E-4 1.44217E-4 1.30257E-4 1.47482E-4 1.73235E-4 1.35646E-4 1.46888E-4 1.62531E-4 1.67887E-4 1.66579E-4 1.61711E-4 1.61996E-4 1.53082E-4 1.80414E-4 1.633E-4 1.19977E-4 1.35091E-4 1.60727E-4 1.78068E-4 1.77579E-4 1.73146E-4 1.6215E-4 1.68105E-4 1.66385E-4 1.68049E-4 1.74162E-4 1.85609E-4 1.83374E-4 2.20383E-4 2.20377E-4 2.12831E-4 2.12396E-4 1.95199E-4 1.79709E-4 1.99484E-4 2.6138E-4 2.67914E-4 2.25843E-4 2.03897E-4
8.41337E-5 9.74513E-5 9.05943E-5 1.04048E-4 1.21946E-4 1.23878E-4 1.074E-4 9.84568E-5 9.10043E-5 9.95277E-5 1.29857E-4 1.2309E-4 1.33433E-4 1.19782E-4 1.00928E-4 9.40058E-5 9.66774E-5 1.02769E-4 1.1137E-4 1.01922E-4 1.04324E-4 1.07063E-4 1.21706E-4 1.30498E-4 1.21362E-4 1.36165E-4 1.44957E-4 1.33445E-4 1.63069E-4 1.50809E-4 1.53147E-4 1.8738E-4 1.85869E-4 1.46771E-4 2.03439E-4 1.55631E-4 1.17738E-4 1.51414E-4 1.46016E-4 1.52792E-4 2.10734E-4 2.18593E-4 2.2487E-4 1.68335E-4 1.72689E-4 1.79324E-4 1.67766E-4 1.55289E-4 1.59347E-4 1.57008E-4 1.66361E-4 2.20384E-4 2.06195E-4 2.38302E-4 2.33663E-4 2.22981E-4 1.97445E-4 1.75374E-4 2.06365E-4 1.66314E-4 1.79493E-4
7.99811E-5 9.20388E-5 9.10227E-5 1.04255E-4 1.14529E-4 1.13961E-4 1.05483E-4 1.02809E-4 9.60665E-5 1.01988E-4 1.43702E-4 1.41075E-4 1.44157E-4 1.17802E-4 1.19369E-4 1.04177E-4 1.02749E-4 1.00745E-4 9.61753E-5 9.55705E-5 9.77672E-5 9.81938E-5 9.86576E-5 1.05047E-4 1.09194E-4 1.3685E-4 1.433E-4 1.32273E-4 1.40714E-4 1.47365E-4 1.63597E-4 1.49061E-4 1.98438E-4 1.5759E-4 1.2423E-4 1.21812E-4 1.52577E-4 1.66396E-4 1.84684E-4 1.44597E-4 1.61944E-4 2.04149E-4 2.00341E-4 1.77835E-4 1.71609E-4 1.67602E-4 1.6147E-4 1.72178E-4 1.34474E-4 1.56418E-4 1.42852E-4 1.57426E-4 1.75197E-4 2.14886E-4 2.38051E-4 2.37012E-4 2.36076E-4 1.69721E-4 1.75629E-4 2.03968E-4 2.15281E-4
7.93242E-5 9.30338E-5 1.02671E-4 1.14372E-4 1.17804E-4 1.16622E-4 1.06417E-4 1.00449E-4 1.1442E-4 9.40341E-5 1.16375E-4 1.18778E-4 1.30852E-4 1.11972E-4 1.21663E-4 1.17955E-4 1.2182E-4 1.16199E-4 1.104E-4 1.13484E-4 1.0699E-4 1.10104E-4 1.07181E-4 1.0162E-4 1.00869E-4 1.15489E-4 1.35525E-4 1.38479E-4 1.46156E-4 1.31287E-4 1.65534E-4 1.49734E-4 1.32528E-4 1.18061E-4 1.48011E-4 1.80193E-4 2.11106E-4 2.13948E-4 2.21121E-4 2.01418E-4 1.85401E-4 1.79374E-4 1.77571E-4 1.77841E-4 1.68368E-4 1.90318E-4 1.83878E-4 1.70991E-4 1.69287E-4 1.85442E-4 1.7206E-4 2.0204E-4 1.75405E-4 1.61266E-4 1.72148E-4 1.70686E-4 1.59068E-4 2.20803E-4 2.51221E-4 2.39081E-4 1.77415E-4
8.26172E-5 1.03348E-4 1.13395E-4 1.17081E-4 1.23702E-4 1.22957E-4 1.15383E-4 1.09351E-4 1.11247E-4 9.5761E-5 1.00295E-4 1.37567E-4 1.48796E-4 1.24831E-4 1.42184E-4 1.31568E-4 1.45318E-4 1.15923E-4 1.30906E-4 1.44955E-4 1.32054E-4 1.13872E-4 1.25491E-4 1.24022E-4 1.26385E-4 1.07016E-4 1.09654E-4 1.24897E-4 1.20709E-4 1.1596E-4 1.18485E-4 1.14171E-4 1.33006E-4 1.32597E-4 1.16021E-4 1.27424E-4 1.62589E-4 1.82749E-4 2.06992E-4 2.2671E-4 2.11345E-4 2.2182E-4 2.3032E-4 2.37935E-4 1.67429E-4 1.83723E-4 1.95958E-4 1.77662E-4 1.8153E-4 2.05957E-4 2.0465E-4 2.17583E-4 2.14592E-4 2.23459E-4 1.78064E-4 1.71502E-4 2.20872E-4 2.17186E-4 2.87045E-4 2.62509E-4 2.42976E-4
8.6782E-5 9.385E-5 1.23713E-4 1.2385E-4 1.1941E-4 1.11073E-4 1.43553E-4 1.30348E-4 1.36692E-4 1.3181E-4 9.98099E-5 1.27532E-4 1.4218E-4 1.55798E-4 1.46488E-4 1.5141E-4 1.52716E-4 1.48111E-4 1.57531E-4 1.45847E-4 1.61065E-4 1.44691E-4 1.4864E-4 1.37109E-4 1.34612E-4 1.31779E-4 1.2393E-4 1.29258E-4 1.43679E-4 1.43401E-4 1.33965E-4 1.25383E-4 1.59912E-4 1.86127E-4 1.31492E-4 1.28774E-4 1.19614E-4 1.20008E-4 1.37496E-4 1.87564E-4 1.85823E-4 2.2593E-4 2.29641E-4 2.13019E-4 1.6719E-4 1.83734E-4 1.95946E-4 1.88386E-4 1.88088E-4 1.98678E-4 2.17062E-4 2.22005E-4 2.2031E-4 1.63151E-4 2.13666E-4 2.32706E-4 2.26909E-4 2.63326E-4 2.77602E-4 2.71231E-4 2.79474E-4
1.02033E-4 8.90755E-5 1.20101E-4 1.15992E-4 1.11301E-4 1.11155E-4 1.04004E-4 9.95139E-5 1.0245E-4 9.82262E-5 9.64956E-5 9.45729E-5 1.02659E-4 1.39555E-4 1.33346E-4 1.36241E-4 1.54241E-4 1.25701E-4 1.30367E-4 1.32046E-4 1.44227E-4 1.61457E-4 1.39749E-4 1.83938E-4 1.51064E-4 1.44466E-4 1.22546E-4 1.34871E-4 1.55277E-4 1.65598E-4 1.55351E-4 1.37495E-4 1.30073E-4 1.70919E-4 1.88292E-4 1.92835E-4 1.79829E-4 1.3134E-4 1.48138E-4 1.1875E-4 1.61986E-4 1.91396E-4 1.86116E-4 1.95682E-4 1.72975E-4 1.64685E-4 1.87495E-4 1.81312E-4 1.85689E-4 1.8869E-4 2.00991E-4 2.11714E-4 2.22183E-4 1.64041E-4 2.51443E-4 2.60777E-4 2.27897E-4 2.45944E-4 2.91723E-4 2.70516E-4 2.88533E-4
1.08376E-4 9.97804E-5 1.21316E-4 1.23973E-4 1.05053E-4 1.0926E-4 1.25092E-4 1.17238E-4 1.25576E-4 1.02813E-4 1.23701E-4 1.1196E-4 1.02553E-4 1.02589E-4 1.10065E-4 1.24154E-4 1.42763E-4 1.35096E-4 1.14706E-4 1.08117E-4 1.29521E-4 1.33592E-4 1.22674E-4 1.29909E-4 1.18342E-4 1.22201E-4 1.38829E-4 1.76926E-4 1.47143E-4 1.88748E-4 1.57465E-4 1.27787E-4 1.45961E-4 1.72235E-4 1.87477E-4 1.43727E-4 1.43837E-4 1.48094E-4 1.47835E-4 1.47456E-4 1.3754E-4 1.48601E-4 1.32886E-4 1.64761E-4 1.49423E-4 1.45983E-4 1.45615E-4 1.2905E-4 1.63141E-4 1.6873E-4 2.08071E-4 2.2788E-4 2.40264E-4 2.06733E-4 2.23543E-4 2.74007E-4 2.72117E-4 2.61121E-4 3.00051E-4 3.0704E-4 2.68853E-4
9.61629E-5 1.15435E-4 1.23636E-4 1.22787E-4 1.09498E-4 1.34117E-4 1.33103E-4 1.27056E-4 1.22151E-4 1.14411E-4 1.37748E-4 1.1994E-4 1.07219E-4 9.61989E-5 9.79529E-5 9.79529E-5 1.10182E-4 1.01895E-4 1.00123E-4 9.92017E-5 9.82598E-5 9.83954E-5 1.17574E-4 1.24848E-4 1.22296E-4 1.218E-4 1.41274E-4 1.91805E-4 1.86176E-4 2.0373E-4 1.78679E-4 1.44064E-4 1.76714E-4 1.60461E-4 1.35355E-4 1.40867E-4 1.88884E-4 1.68042E-4 1.90421E-4 2.18351E-4 2.039E-4 2.09028E-4 1.67153E-4 2.24285E-4 1.578E-4 1.67895E-4 1.46465E-4 1.58557E-4 1.69546E-4 1.69157E-4 2.11333E-4 2.22142E-4 1.97128E-4 1.86131E-4 2.06414E-4 2.34517E-4 2.88573E-4 2.8016E-4 3.07394E-4 3.07068E-4 2.65746E-4
1.13736E-4 1.24529E-4 1.244E-4 1.29487E-4 1.26928E-4 1.38846E-4 1.38513E-4 1.4045E-4 1.4031E-4 1.38112E-4 1.32843E-4 1.19813E-4 1.38416E-4 1.31639E-4 1.24363E-4 1.05169E-4 1.00599E-4 1.11603E-4 1.072E-4 1.17179E-4 1.31674E-4 1.2411E-4 1.2824E-4 1.3001E-4 1.21388E-4 1.32264E-4 1.40232E-4 1.3868E-4 1.82762E-4 2.0278E-4 2.01732E-4 1.97838E-4 1.87683E-4 1.61479E-4 1.79078E-4 1.97701E-4 2.14134E-4 2.01721E-4 1.91606E-4 2.16168E-4 2.1551E-4 1.89595E-4 2.11351E-4 2.2354E-4 1.69146E-4 1.8003E-4 1.73912E-4 1.80729E-4 1.91982E-4 1.67054E-4 2.36215E-4 2.2862E-4 2.43397E-4 2.25516E-4 1.99681E-4 2.39129E-4 2.81708E-4 2.89762E-4 2.49725E-4 2.83254E-4 2.7494E-4
1.11532E-4 1.25279E-4 1.40628E-4 1.4111E-4 1.4315E-4 1.39602E-4 1.41624E-4 1.44398E-4 1.41913E-4 1.54139E-4 1.46542E-4 1.4002E-4 1.21121E-4 1.32679E-4 1.21579E-4 1.04577E-4 9.90121E-5 1.01047E-4 1.41154E-4 1.54984E-4 1.46227E-4 1.49052E-4 1.47958E-4 1.48079E-4 1.41269E-4 1.31936E-4 1.756E-4 1.98017E-4 2.09035E-4 2.12915E-4 2.10429E-4 2.01091E-4 2.01865E-4 2.00999E-4 2.06687E-4 2.2673E-4 2.12055E-4 2.34773E-4 2.21286E-4 2.25355E-4 2.1477E-4 2.10956E-4 2.2559E-4 2.20249E-4 2.37886E-4 1.92775E-4 1.7362E-4 2.51781E-4 2.04185E-4 1.52472E-4 2.18433E-4 2.34409E-4 2.44402E-4 2.41827E-4 2.40084E-4 2.29076E-4 2.63924E-4 2.9707E-4 2.95907E-4 2.90742E-4 2.26193E-4
1.23712E-4 1.31777E-4 1.50615E-4 1.4184E-4 1.31151E-4 1.42259E-4 1.41658E-4 1.34943E-4 1.2649E-4 1.47233E-4 1.40183E-4 1.17181E-4 1.31575E-4 1.10533E-4 1.01961E-4 1.00135E-4 1.02748E-4 1.42507E-4 1.27665E-4 1.75447E-4 1.93388E-4 2.04564E-4 1.94094E-4 1.98579E-4 1.84056E-4 1.66835E-4 1.73445E-4 2.04346E-4 2.02098E-4 1.92668E-4 2.10862E-4 2.00781E-4 2.00804E-4 2.14749E-4 2.10279E-4 1.98532E-4 2.06185E-4 1.91406E-4 2.13296E-4 2.26595E-4 2.19288E-4 2.39105E-4 2.12235E-4 1.95895E-4 2.43918E-4 1.99431E-4 2.12486E-4 2.24271E-4 1.82203E-4 2.19234E-4 2.24545E-4 2.35068E-4 2.44446E-4 2.51139E-4 2.65573E-4 2.72655E-4 2.72559E-4 2.65198E-4 2.72253E-4 3.11276E-4 2.92902E-4
1.26089E-4 1.49926E-4 1.46384E-4 1.43671E-4 1.32524E-4 1.32948E-4 1.32524E-4 1.43701E-4 1.12622E-4 1.2966E-4 1.53029E-4 1.47108E-4 1.2474E-4 1.24788E-4 1.06042E-4 1.167E-4 1.6455E-4 1.3866E-4 1.74689E-4 1.81061E-4 1.62475E-4 1.90389E-4 1.58091E-4 1.98606E-4 2.08214E-4 1.97161E-4 1.80775E-4 1.50064E-4 1.53476E-4 2.12363E-4 2.23806E-4 2.04443E-4 1.79697E-4 1.42831E-4 1.45983E-4 1.46351E-4 1.44135E-4 1.89618E-4 2.26172E-4 2.33289E-4 2.06551E-4 2.47646E-4 2.33048E-4 1.80309E-4 1.76521E-4 1.99735E-4 2.07849E-4 2.23368E-4 1.83104E-4 2.31614E-4 2.39719E-4 2.44158E-4 2.33114E-4 2.66146E-4 2.53175E-4 2.68955E-4 2.62214E-4 3.15137E-4 3.12397E-4 2.43637E-4 2.50708E-4
1.4322E-4 1.48767E-4 1.4653E-4 1.46435E-4 1.30547E-4 1.18514E-4 1.16059E-4 1.45914E-4 1.17175E-4 1.31922E-4 1.48055E-4 1.24288E-4 1.39117E-4 1.08518E-4 9.69401E-5 1.09296E-4 1.46075E-4 1.92499E-4 1.62127E-4 1.47411E-4 1.51468E-4 1.84967E-4 1.498E-4 1.91078E-4 1.95634E-4 1.76979E-4 2.10009E-4 1.56518E-4 1.50397E-4 2.18762E-4 2.1996E-4 2.21581E-4 2.27864E-4 2.0102E-4 2.2232E-4 1.73992E-4 1.43683E-4 1.26557E-4 1.98224E-4 2.35122E-4 1.80892E-4 2.36486E-4 2.36107E-4 1.95129E-4 1.57274E-4 2.50483E-4 2.11083E-4 1.81651E-4 1.46473E-4 2.02048E-4 2.28368E-4 2.25321E-4 2.0189E-4 2.11367E-4 2.68822E-4 2.63536E-4 2.46008E-4 2.42735E-4 3.01153E-4 2.88342E-4 2.67608E-4
1.20386E-4 1.47062E-4 1.55706E-4 1.46095E-4 1.57465E-4 1.27923E-4 1.10008E-4 1.25592E-4 1.25056E-4 1.22298E-4 1.21974E-4 1.12714E-4 1.2076E-4 1.03805E-4 1.12392E-4 1.29246E-4 1.69222E-4 1.89127E-4 1.75541E-4 1.40814E-4 1.75151E-4 1.56686E-4 1.36353E-4 1.99208E-4 1.90407E-4 1.53562E-4 2.12343E-4 1.65499E-4 1.44131E-4 2.00989E-4 1.95007E-4 1.88398E-4 1.88835E-4 2.35212E-4 1.84319E-4 1.45828E-4 1.28955E-4 1.64384E-4 2.21438E-4 1.94411E-4 1.51703E-4 2.48636E-4 2.31421E-4 1.97217E-4 1.55058E-4 1.98415E-4 2.27967E-4 1.32933E-4 1.31805E-4 1.42001E-4 1.51251E-4 1.90756E-4 2.38351E-4 2.26781E-4 2.61508E-4 2.67457E-4 2.92261E-4 2.5834E-4 2.59546E-4 3.06052E-4 2.96429E-4
1.36653E-4 1.47289E-4 1.634E-4 1.44596E-4 1.46562E-4 1.40131E-4 1.3165E-4 1.05965E-4 1.08382E-4 9.72406E-5 9.79087E-5 1.03919E-4 1.11413E-4 1.15354E-4 1.23713E-4 1.46182E-4 1.3167E-4 1.40472E-4 1.42058E-4 1.34727E-4 1.84252E-4 1.81269E-4 1.29077E-4 1.87083E-4 1.84625E-4 1.55507E-4 1.47707E-4 1.56125E-4 1.36541E-4 1.81134E-4 1.80366E-4 2.18636E-4 1.48864E-4 2.08563E-4 1.85154E-4 1.24515E-4 1.52141E-4 2.17985E-4 2.34553E-4 2.11881E-4 1.32193E-4 2.12658E-4 2.31346E-4 2.28195E-4 1.35449E-4 1.84216E-4 1.61048E-4 1.18434E-4 1.68821E-4 2.03347E-4 2.23985E-4 2.41304E-4 2.73027E-4 2.69401E-4 2.78704E-4 2.92098E-4 3.04853E-4 2.48013E-4 2.51568E-4 3.06002E-4 3.02758E-4
1.02211E-4 1.2617E-4 1.59332E-4 1.46451E-4 1.26378E-4 1.46773E-4 1.13033E-4 9.5851E-5 9.48285E-5 9.61527E-5 9.67564E-5 1.00104E-4 9.49395E-5 9.08079E-5 9.32904E-5 9.67274E-5 1.09439E-4 1.10039E-4 1.10107E-4 1.105E-4 1.15542E-4 1.18836E-4 1.20395E-4 1.31576E-4 1.30368E-4 1.38384E-4 1.3433E-4 1.3009E-4 1.16109E-4 1.25607E-4 1.39115E-4 1.74008E-4 1.2844E-4 2.16459E-4 1.85986E-4 1.3666E-4 1.50552E-4 1.53773E-4 1.84622E-4 2.28085E-4 1.69184E-4 1.38998E-4 1.64651E-4 1.67647E-4 1.33046E-4 1.25163E-4 1.51225E-4 2.30595E-4 2.12144E-4 2.41867E-4 2.4207E-4 2.48189E-4 2.60956E-4 2.79319E-4 2.49839E-4 3.03687E-4 3.01107E-4 2.48093E-4 2.49209E-4 3.03468E-4 3.18118E-4
