Artocarpus hirsutus SDM files/Last interglacial/results (without bias file)/Arthir_avg.asc
ncols         625
nrows         721
xllcorner     69.99986311115
yllcorner     5.99986151914999
cellsize      0.041666667
NODATA_value  -9999
[rows 324 to 350 of 721, columns 122 to 182 of 625]
1.53592E-4 1.43647E-4 1.50969E-4 1.80233E-4 1.63203E-4 1.91798E-4 1.99368E-4 2.01663E-4 1.78989E-4 1.72005E-4 1.67197E-4 1.84145E-4 1.63555E-4 1.75299E-4 1.94616E-4 1.74625E-4 1.41395E-4 1.47731E-4 1.59174E-4 1.4573E-4 1.42006E-4 1.25513E-4 1.2513E-4 1.22443E-4 1.32896E-4 1.48474E-4 1.39748E-4 1.48312E-4 1.57805E-4 1.67701E-4 1.51597E-4 1.4544E-4 1.35498E-4 1.57276E-4 1.66608E-4 1.7918E-4 1.68802E-4 1.66433E-4 1.61271E-4 1.64241E-4 1.63805E-4 1.9523E-4 1.79457E-4 1.79999E-4 1.8895E-4 1.91623E-4 1.81567E-4 1.88178E-4 1.94882E-4 2.06876E-4 2.07804E-4 2.04758E-4 1.87686E-4 2.08237E-4 2.01746E-4 1.94727E-4 2.01237E-4 1.76417E-4 1.77311E-4 1.75104E-4 1.83929E-4
1.43298E-4 1.33611E-4 1.54835E-4 1.73469E-4 1.99634E-4 2.00454E-4 1.95978E-4 2.07749E-4 1.87592E-4 1.66735E-4 1.57246E-4 1.63023E-4 1.78323E-4 1.84468E-4 2.45595E-4 1.748E-4 1.3932E-4 1.50361E-4 1.36088E-4 1.27613E-4 1.29801E-4 1.3844E-4 1.37647E-4 1.31911E-4 1.30306E-4 1.45825E-4 1.47063E-4 1.5431E-4 1.6493E-4 1.44322E-4 1.94355E-4 1.43191E-4 1.47131E-4 1.53298E-4 1.65923E-4 2.02457E-4 1.94248E-4 1.81565E-4 1.53905E-4 1.59565E-4 1.65616E-4 1.82548E-4 1.85577E-4 1.95532E-4 2.04263E-4 2.03188E-4 2.06062E-4 2.02526E-4 2.17493E-4 2.24021E-4 2.25663E-4 2.06378E-4 1.82829E-4 2.02123E-4 1.95929E-4 1.92988E-4 1.90396E-4 1.74414E-4 1.76136E-4 1.48672E-4 1.81858E-4
1.32073E-4 1.53427E-4 1.83029E-4 2.07966E-4 1.99967E-4 2.14607E-4 2.26564E-4 2.0374E-4 1.79271E-4 1.50096E-4 1.61307E-4 2.05254E-4 2.16337E-4 2.44766E-4 2.55917E-4 1.94997E-4 1.49775E-4 1.86507E-4 1.4258E-4 1.26736E-4 1.26672E-4 1.27792E-4 1.34789E-4 1.33783E-4 1.33248E-4 1.44387E-4 1.51106E-4 1.63578E-4 1.69424E-4 1.45338E-4 1.74992E-4 1.42028E-4 1.44695E-4 1.55894E-4 1.93844E-4 1.93703E-4 1.69715E-4 1.78071E-4 1.74452E-4 1.57689E-4 1.61834E-4 1.84719E-4 2.0946E-4 2.1135E-4 2.26723E-4 2.37887E-4 2.23967E-4 2.2811E-4 2.26928E-4 2.20797E-4 2.12199E-4 2.10345E-4 1.85199E-4 1.93952E-4 1.95962E-4 1.92161E-4 1.87273E-4 1.76136E-4 1.70738E-4 1.59451E-4 2.08138E-4
1.46374E-4 1.98409E-4 2.00223E-4 1.64079E-4 1.89281E-4 2.37677E-4 2.31758E-4 1.90849E-4 1.47987E-4 1.37387E-4 1.56064E-4 2.10232E-4 2.40521E-4 2.5174E-4 2.4646E-4 2.10987E-4 1.7824E-4 1.50967E-4 1.43828E-4 1.31311E-4 1.15856E-4 1.26506E-4 1.38865E-4 1.3692E-4 1.44508E-4 1.51945E-4 1.59228E-4 1.65656E-4 1.66127E-4 1.8762E-4 1.74922E-4 1.40414E-4 1.45503E-4 1.73133E-4 1.97935E-4 1.93101E-4 1.5519E-4 1.57921E-4 1.77748E-4 1.7538E-4 1.66445E-4 1.86187E-4 1.75623E-4 1.96512E-4 2.00356E-4 2.05487E-4 2.34907E-4 2.12916E-4 2.22145E-4 2.05465E-4 2.06448E-4 2.10267E-4 1.95223E-4 1.87462E-4 2.01479E-4 1.99674E-4 1.88052E-4 1.86362E-4 2.17411E-4 2.47825E-4 2.25221E-4
1.50659E-4 1.66649E-4 1.67625E-4 1.5853E-4 1.6991E-4 1.97207E-4 2.00438E-4 2.17452E-4 1.59593E-4 1.37934E-4 1.47692E-4 1.68329E-4 2.48503E-4 1.88627E-4 1.93392E-4 1.36373E-4 1.22981E-4 1.1919E-4 1.40697E-4 1.21043E-4 1.21251E-4 1.34049E-4 1.52289E-4 1.53158E-4 1.74748E-4 1.62849E-4 1.64225E-4 1.64715E-4 1.71086E-4 1.65358E-4 1.90972E-4 1.44385E-4 1.34692E-4 2.04914E-4 1.8655E-4 1.80339E-4 1.53815E-4 1.49779E-4 1.72923E-4 1.78209E-4 1.60347E-4 1.76317E-4 2.06497E-4 2.27165E-4 1.96485E-4 2.09072E-4 2.01383E-4 2.03373E-4 2.02954E-4 1.96858E-4 2.12895E-4 2.1114E-4 2.08285E-4 1.98216E-4 1.87837E-4 1.95774E-4 1.94959E-4 2.17384E-4 2.59266E-4 1.9275E-4 1.61976E-4
1.41541E-4 1.53747E-4 1.53561E-4 1.57302E-4 1.69553E-4 1.73914E-4 2.00927E-4 2.19933E-4 1.69815E-4 1.19596E-4 1.31124E-4 1.49434E-4 1.55923E-4 1.45846E-4 1.28716E-4 1.29065E-4 1.28877E-4 1.30367E-4 1.36652E-4 1.36048E-4 1.32443E-4 1.43133E-4 1.5362E-4 1.68224E-4 1.86909E-4 1.73783E-4 1.55371E-4 1.52335E-4 1.76768E-4 1.54007E-4 1.36692E-4 1.53981E-4 1.48778E-4 1.74769E-4 1.93205E-4 2.08412E-4 1.49321E-4 1.51483E-4 1.70261E-4 1.60599E-4 1.7218E-4 1.95404E-4 2.0915E-4 2.11958E-4 1.97949E-4 2.16516E-4 2.20816E-4 2.14943E-4 2.07321E-4 2.1309E-4 2.15014E-4 2.17444E-4 2.09771E-4 2.12647E-4 2.07592E-4 2.45845E-4 2.30296E-4 2.05755E-4 1.85818E-4 2.51234E-4 1.90563E-4
1.45061E-4 1.4839E-4 1.56845E-4 1.67002E-4 1.85169E-4 1.63166E-4 1.60854E-4 1.57887E-4 1.64312E-4 1.622E-4 1.41251E-4 1.48015E-4 1.54218E-4 1.46767E-4 1.39036E-4 1.35904E-4 1.37653E-4 1.48808E-4 1.44874E-4 1.48124E-4 1.41981E-4 1.44188E-4 1.56055E-4 1.69183E-4 1.73539E-4 1.65199E-4 1.64162E-4 1.42519E-4 1.65814E-4 1.6098E-4 2.19468E-4 1.88149E-4 1.70818E-4 1.57187E-4 1.73024E-4 2.02817E-4 1.48472E-4 1.4768E-4 1.58204E-4 1.73689E-4 2.04106E-4 2.48104E-4 2.19225E-4 2.04766E-4 2.13532E-4 2.34339E-4 2.26486E-4 2.20104E-4 2.03493E-4 2.09028E-4 2.2186E-4 2.15712E-4 1.84865E-4 2.31742E-4 2.06704E-4 2.66693E-4 2.33057E-4 1.53745E-4 2.17087E-4 2.76128E-4 2.36816E-4
1.39893E-4 1.39881E-4 1.39281E-4 1.70743E-4 1.75016E-4 1.64141E-4 1.61813E-4 1.63424E-4 1.67632E-4 1.73685E-4 1.73685E-4 1.52524E-4 1.58694E-4 1.54439E-4 1.47979E-4 1.42821E-4 1.52271E-4 1.5246E-4 1.52445E-4 1.57053E-4 1.50074E-4 1.59693E-4 1.59009E-4 1.61269E-4 1.74339E-4 1.85299E-4 1.66604E-4 1.51701E-4 1.53591E-4 1.60683E-4 1.79951E-4 1.85285E-4 1.71311E-4 1.57366E-4 1.57422E-4 1.93372E-4 1.601E-4 1.63334E-4 1.90129E-4 2.17522E-4 2.2405E-4 2.29074E-4 2.41164E-4 2.16495E-4 2.13511E-4 2.35605E-4 2.29959E-4 2.27292E-4 2.23641E-4 2.17276E-4 2.26361E-4 2.44794E-4 2.49884E-4 2.77211E-4 2.50829E-4 2.8379E-4 2.74177E-4 2.06685E-4 1.8245E-4 2.57985E-4 2.51687E-4
1.51234E-4 1.38698E-4 1.45931E-4 1.68214E-4 1.76749E-4 1.65787E-4 1.66253E-4 1.65051E-4 1.72232E-4 1.762E-4 1.50617E-4 1.52567E-4 1.60731E-4 1.53797E-4 1.56889E-4 1.59149E-4 1.5448E-4 1.57556E-4 1.58901E-4 1.60482E-4 1.59571E-4 1.72886E-4 1.74895E-4 1.88323E-4 1.96747E-4 1.97228E-4 1.69907E-4 1.46848E-4 1.55801E-4 1.5846E-4 1.70581E-4 1.7487E-4 1.82057E-4 1.60668E-4 1.67926E-4 1.74568E-4 1.46668E-4 1.62623E-4 1.82784E-4 2.40495E-4 2.21014E-4 2.20044E-4 2.33641E-4 2.31508E-4 2.08357E-4 2.2709E-4 2.32268E-4 2.21599E-4 2.28587E-4 2.25971E-4 2.49547E-4 2.56052E-4 3.10373E-4 3.29854E-4 1.8708E-4 2.38487E-4 2.44177E-4 2.49894E-4 1.84342E-4 2.20114E-4 1.84823E-4
1.47245E-4 1.52333E-4 1.4954E-4 1.60544E-4 1.60348E-4 1.66944E-4 1.68843E-4 1.78205E-4 1.81785E-4 1.79247E-4 1.8865E-4 1.6774E-4 1.67517E-4 1.75093E-4 1.66839E-4 1.66357E-4 1.73334E-4 1.79093E-4 1.69914E-4 1.73755E-4 1.73481E-4 1.86791E-4 1.94064E-4 1.8386E-4 1.83366E-4 1.69529E-4 1.54025E-4 1.44742E-4 1.61907E-4 1.81575E-4 1.7033E-4 1.74676E-4 1.92164E-4 1.72941E-4 1.68088E-4 1.71729E-4 1.57633E-4 1.68451E-4 1.81556E-4 1.82939E-4 1.99664E-4 2.07817E-4 2.2324E-4 2.40534E-4 2.27253E-4 2.29948E-4 2.42656E-4 2.3185E-4 2.49526E-4 2.56512E-4 2.81795E-4 3.35619E-4 3.08257E-4 2.73345E-4 1.98165E-4 1.91768E-4 2.73584E-4 2.84224E-4 1.81696E-4 2.09317E-4 2.38673E-4
1.56075E-4 1.58481E-4 1.62164E-4 1.70675E-4 1.70914E-4 1.84665E-4 1.82014E-4 1.94349E-4 1.93286E-4 2.0719E-4 2.04794E-4 1.88502E-4 1.86682E-4 1.72408E-4 1.67328E-4 1.75111E-4 1.82197E-4 1.9391E-4 1.98833E-4 2.14919E-4 1.77253E-4 1.89484E-4 2.08539E-4 1.92146E-4 1.8752E-4 1.55704E-4 1.66843E-4 1.77107E-4 1.5846E-4 1.8856E-4 1.94746E-4 1.88509E-4 2.0253E-4 2.10586E-4 1.95682E-4 1.84604E-4 1.91687E-4 1.64098E-4 1.99669E-4 2.09578E-4 2.09192E-4 2.218E-4 2.26412E-4 2.38179E-4 2.4547E-4 2.41956E-4 2.30335E-4 2.79743E-4 2.61405E-4 2.61405E-4 2.66685E-4 2.70312E-4 2.88809E-4 3.09899E-4 1.85071E-4 1.7215E-4 2.46792E-4 2.94335E-4 2.53485E-4 2.16669E-4 2.41106E-4
1.7038E-4 1.69134E-4 1.8322E-4 1.7232E-4 1.80602E-4 2.02201E-4 1.8915E-4 1.8972E-4 2.2978E-4 2.25293E-4 1.69241E-4 1.79889E-4 1.91541E-4 1.71187E-4 1.622E-4 1.69011E-4 1.8791E-4 1.969E-4 2.10072E-4 2.14007E-4 1.76195E-4 1.82388E-4 2.01579E-4 1.89096E-4 1.56546E-4 1.69638E-4 1.76583E-4 1.85882E-4 1.64612E-4 1.89406E-4 2.06687E-4 2.00978E-4 2.11026E-4 2.08341E-4 1.90785E-4 1.90363E-4 1.83692E-4 1.65797E-4 1.98488E-4 2.36096E-4 2.40039E-4 2.2028E-4 2.33265E-4 2.52587E-4 2.53725E-4 2.76185E-4 2.56692E-4 2.86021E-4 3.10436E-4 2.51502E-4 2.80891E-4 2.64902E-4 3.08149E-4 3.50077E-4 2.05329E-4 2.28261E-4 2.95712E-4 3.3285E-4 3.23263E-4 2.70186E-4 2.20963E-4
1.82529E-4 1.80759E-4 1.82434E-4 1.80738E-4 2.08633E-4 2.14703E-4 2.11626E-4 2.17428E-4 1.98515E-4 2.28861E-4 2.08089E-4 1.84585E-4 1.8645E-4 1.64058E-4 1.62912E-4 1.77346E-4 1.82961E-4 1.96105E-4 2.06578E-4 1.95988E-4 2.02823E-4 2.07762E-4 2.3376E-4 1.93253E-4 1.63576E-4 1.6798E-4 1.83916E-4 1.91612E-4 1.6793E-4 1.89419E-4 2.24194E-4 2.23282E-4 1.94489E-4 1.75601E-4 1.69667E-4 1.70254E-4 1.8658E-4 1.77746E-4 2.13581E-4 2.30197E-4 2.41138E-4 2.35796E-4 2.2823E-4 2.55099E-4 2.45607E-4 2.47176E-4 2.61522E-4 2.92321E-4 3.12306E-4 3.05224E-4 3.25237E-4 3.07667E-4 3.52369E-4 2.97692E-4 2.10309E-4 2.82944E-4 3.40866E-4 3.98113E-4 3.29635E-4 2.30502E-4 1.96947E-4
1.89124E-4 1.84126E-4 1.89457E-4 1.83299E-4 1.88609E-4 2.17675E-4 2.24361E-4 1.8945E-4 2.04265E-4 2.31816E-4 1.84081E-4 1.92036E-4 1.7787E-4 1.66201E-4 1.72886E-4 1.835E-4 1.91746E-4 2.0026E-4 1.98568E-4 2.0863E-4 2.14044E-4 2.25513E-4 2.19247E-4 1.86537E-4 1.90393E-4 1.70636E-4 1.85239E-4 1.99769E-4 1.87795E-4 1.96621E-4 2.16676E-4 2.22355E-4 2.04181E-4 1.96531E-4 1.9014E-4 1.91348E-4 1.79921E-4 1.90632E-4 2.17113E-4 2.18661E-4 2.07057E-4 2.41525E-4 2.29043E-4 2.92327E-4 2.70167E-4 2.82912E-4 2.58407E-4 2.75495E-4 3.30095E-4 3.35885E-4 4.04422E-4 3.48588E-4 2.61742E-4 2.87319E-4 2.2353E-4 1.98547E-4 2.58243E-4 2.72794E-4 1.99291E-4 1.92067E-4 1.97718E-4
1.80948E-4 1.85869E-4 1.99287E-4 1.9623E-4 1.88563E-4 2.08298E-4 2.2692E-4 1.97441E-4 2.02252E-4 2.28542E-4 2.3718E-4 2.00411E-4 1.81689E-4 1.72388E-4 1.68051E-4 1.67096E-4 1.9094E-4 1.97468E-4 1.9829E-4 2.13077E-4 2.1635E-4 2.21111E-4 2.34932E-4 1.8762E-4 2.10535E-4 1.77951E-4 1.92281E-4 2.10888E-4 2.29477E-4 2.17109E-4 2.15922E-4 1.99798E-4 1.85385E-4 1.96509E-4 1.81481E-4 1.86136E-4 1.81976E-4 2.14523E-4 2.36155E-4 2.2575E-4 2.65617E-4 2.64389E-4 2.50327E-4 2.61705E-4 2.89244E-4 3.05737E-4 3.09934E-4 2.75498E-4 3.27723E-4 3.45805E-4 2.88247E-4 1.97689E-4 2.26867E-4 1.9824E-4 1.63436E-4 2.08677E-4 2.01032E-4 2.51109E-4 2.0319E-4 1.9469E-4 2.11402E-4
1.83699E-4 1.83459E-4 1.9814E-4 1.89891E-4 1.97344E-4 2.18616E-4 2.18646E-4 2.14956E-4 2.17675E-4 2.32438E-4 2.40162E-4 1.86137E-4 1.7192E-4 1.67096E-4 1.72408E-4 1.77123E-4 1.91981E-4 2.09849E-4 2.15548E-4 2.12505E-4 2.05668E-4 2.20397E-4 2.43348E-4 1.82435E-4 1.89059E-4 2.00969E-4 2.10259E-4 2.17811E-4 2.23095E-4 2.10435E-4 1.94951E-4 1.83977E-4 1.77095E-4 1.87298E-4 1.85237E-4 1.98217E-4 2.29675E-4 2.03192E-4 2.1253E-4 2.33431E-4 2.11562E-4 2.32463E-4 2.38247E-4 2.52746E-4 2.71227E-4 2.91062E-4 3.12361E-4 3.60771E-4 3.90946E-4 2.30913E-4 1.91572E-4 2.25131E-4 2.30565E-4 1.98039E-4 1.76033E-4 2.40277E-4 2.63814E-4 2.89509E-4 2.10426E-4 2.41813E-4 2.30724E-4
2.30247E-4 1.93295E-4 1.94688E-4 1.90934E-4 2.24211E-4 2.25545E-4 2.21116E-4 2.26126E-4 2.22045E-4 2.30123E-4 1.94228E-4 1.78626E-4 1.73404E-4 1.75868E-4 1.91779E-4 1.94442E-4 2.01708E-4 2.00841E-4 2.12232E-4 2.18308E-4 2.46306E-4 2.35726E-4 2.47969E-4 2.47244E-4 2.68019E-4 2.24886E-4 2.04385E-4 1.91451E-4 1.89445E-4 1.95454E-4 1.96412E-4 1.87393E-4 1.93983E-4 1.80622E-4 1.91716E-4 2.05064E-4 2.60406E-4 2.44765E-4 2.4781E-4 2.17785E-4 2.18876E-4 2.57068E-4 2.77985E-4 3.21153E-4 3.30612E-4 3.84433E-4 3.78277E-4 2.75418E-4 2.10153E-4 1.79025E-4 1.66589E-4 2.72715E-4 2.18851E-4 1.66302E-4 2.35311E-4 2.45251E-4 2.96269E-4 2.52322E-4 2.17458E-4 2.17566E-4 2.19498E-4
2.69949E-4 1.96783E-4 1.87385E-4 1.95586E-4 2.25482E-4 2.34357E-4 2.4831E-4 2.22904E-4 2.21987E-4 2.26491E-4 1.84001E-4 1.77875E-4 1.82488E-4 2.08075E-4 2.07556E-4 2.00833E-4 2.06307E-4 2.1041E-4 1.99682E-4 2.23016E-4 2.42852E-4 2.41749E-4 2.16127E-4 2.52208E-4 2.26077E-4 2.28632E-4 1.87639E-4 1.79478E-4 1.83424E-4 1.90174E-4 1.96181E-4 1.93104E-4 1.90589E-4 1.88488E-4 2.20128E-4 2.23551E-4 2.62485E-4 2.17876E-4 2.29048E-4 2.30013E-4 2.18529E-4 2.59988E-4 2.92483E-4 3.09023E-4 3.78653E-4 2.75436E-4 2.07833E-4 2.07755E-4 1.87397E-4 1.97843E-4 1.8508E-4 2.86046E-4 1.80277E-4 2.05182E-4 2.41541E-4 2.3793E-4 2.18316E-4 2.05089E-4 2.17265E-4 2.10171E-4 2.31709E-4
2.79302E-4 2.02172E-4 1.94691E-4 2.1419E-4 2.44122E-4 2.66536E-4 2.64095E-4 2.52006E-4 2.45261E-4 2.30451E-4 2.16712E-4 1.8193E-4 1.8796E-4 2.16511E-4 2.17439E-4 2.11917E-4 2.13409E-4 2.07992E-4 2.06482E-4 2.27825E-4 2.39751E-4 2.52651E-4 2.53694E-4 2.62441E-4 2.40982E-4 2.31198E-4 2.0297E-4 1.89959E-4 1.92283E-4 2.04174E-4 2.14982E-4 2.08624E-4 2.09007E-4 2.11094E-4 2.45868E-4 2.55584E-4 2.14503E-4 2.46742E-4 2.42482E-4 2.37684E-4 2.34795E-4 2.70209E-4 2.89151E-4 3.39899E-4 3.88583E-4 2.20056E-4 1.73868E-4 1.85809E-4 1.92813E-4 2.10014E-4 2.00922E-4 2.34604E-4 2.01873E-4 2.92967E-4 3.61584E-4 3.24059E-4 3.1605E-4 3.05595E-4 3.26559E-4 3.21477E-4 3.71673E-4
2.59373E-4 2.21152E-4 2.38843E-4 2.82791E-4 2.83001E-4 2.93569E-4 2.55613E-4 2.43308E-4 2.42309E-4 2.39263E-4 2.24295E-4 1.95945E-4 2.01948E-4 2.24635E-4 2.37033E-4 2.37247E-4 2.16336E-4 2.11832E-4 2.43362E-4 2.41472E-4 2.58465E-4 2.51876E-4 2.41574E-4 2.45555E-4 2.42434E-4 2.24946E-4 2.00547E-4 1.96846E-4 2.12367E-4 2.35631E-4 2.28626E-4 2.28422E-4 2.16978E-4 2.20155E-4 2.32165E-4 2.58853E-4 2.21409E-4 2.51531E-4 2.70059E-4 2.61671E-4 3.06103E-4 2.67595E-4 3.39313E-4 3.52582E-4 2.21046E-4 2.01922E-4 1.88981E-4 1.82028E-4 2.07793E-4 2.34359E-4 2.50477E-4 2.54742E-4 2.92913E-4 3.14009E-4 3.37232E-4 3.93072E-4 3.45019E-4 4.26495E-4 3.45037E-4 4.10733E-4 4.15897E-4
2.86606E-4 2.82363E-4 2.88359E-4 2.85635E-4 3.06595E-4 3.19849E-4 2.89382E-4 2.91463E-4 2.74106E-4 2.32849E-4 2.27495E-4 1.92748E-4 1.95691E-4 2.17425E-4 2.39052E-4 2.55088E-4 2.30057E-4 2.47285E-4 2.81214E-4 2.63872E-4 2.66978E-4 2.67483E-4 2.49883E-4 2.67832E-4 2.55808E-4 2.16204E-4 2.14661E-4 2.43101E-4 2.46529E-4 2.44931E-4 2.24147E-4 2.20151E-4 2.25902E-4 2.62129E-4 2.36523E-4 2.1314E-4 2.3938E-4 2.46479E-4 2.67151E-4 3.00917E-4 3.23341E-4 2.73284E-4 2.54397E-4 3.50052E-4 2.19708E-4 1.87053E-4 2.11851E-4 2.69907E-4 3.73564E-4 3.04319E-4 4.19395E-4 3.59894E-4 3.61049E-4 4.54717E-4 3.08716E-4 3.71214E-4 4.34871E-4 4.69954E-4 4.08959E-4 4.04612E-4 4.68362E-4
3.01564E-4 2.9138E-4 2.68217E-4 2.80758E-4 2.96335E-4 3.04847E-4 2.90052E-4 2.6475E-4 2.16489E-4 2.11671E-4 2.16947E-4 1.91155E-4 1.97844E-4 2.2115E-4 2.55074E-4 2.74299E-4 2.93591E-4 2.95804E-4 3.11204E-4 2.70328E-4 2.45549E-4 2.5926E-4 2.38819E-4 2.84065E-4 2.67849E-4 2.36577E-4 2.43631E-4 2.52383E-4 2.40492E-4 2.26742E-4 2.35217E-4 2.39849E-4 2.7239E-4 2.72313E-4 2.43555E-4 2.19374E-4 2.44925E-4 2.68326E-4 2.76272E-4 2.91855E-4 2.08545E-4 2.20416E-4 1.96975E-4 2.44553E-4 2.07432E-4 2.6194E-4 4.22772E-4 4.64113E-4 3.82404E-4 3.4983E-4 2.96627E-4 4.37406E-4 4.83332E-4 4.65091E-4 4.09021E-4 3.82808E-4 4.36512E-4 5.06935E-4 4.5779E-4 2.91489E-4 3.75294E-4
2.77065E-4 2.76509E-4 2.53347E-4 2.7476E-4 2.81544E-4 2.82332E-4 2.78298E-4 2.4039E-4 2.21498E-4 2.13784E-4 2.15498E-4 2.38611E-4 2.04123E-4 2.44942E-4 2.76315E-4 2.88239E-4 3.13311E-4 3.29612E-4 2.74579E-4 2.37991E-4 2.4282E-4 2.84059E-4 2.91302E-4 3.01132E-4 3.02667E-4 2.84128E-4 2.60571E-4 2.39245E-4 2.38791E-4 2.60666E-4 2.94204E-4 3.03396E-4 2.95012E-4 2.43986E-4 2.66983E-4 2.26129E-4 2.59983E-4 2.78569E-4 2.89528E-4 2.07985E-4 1.89669E-4 2.01026E-4 2.27079E-4 2.52822E-4 3.09701E-4 3.4459E-4 3.14382E-4 2.8596E-4 2.61409E-4 3.80747E-4 3.6705E-4 3.43834E-4 3.63512E-4 4.35765E-4 5.18712E-4 4.20273E-4 4E-4 5.04916E-4 5.15848E-4 3.72712E-4 3.50425E-4
2.77761E-4 2.83327E-4 3.31588E-4 2.7946E-4 2.66761E-4 3.04253E-4 3.18054E-4 2.80777E-4 2.49905E-4 2.5231E-4 2.64159E-4 3.00287E-4 3.22053E-4 2.38776E-4 2.76645E-4 3.36154E-4 3.55522E-4 3.42142E-4 2.61256E-4 2.82935E-4 3.24737E-4 3.30877E-4 3.88816E-4 3.96282E-4 2.74652E-4 2.28889E-4 2.23593E-4 2.33306E-4 2.60872E-4 2.57342E-4 2.63557E-4 2.40463E-4 2.5371E-4 2.35269E-4 2.58572E-4 2.28859E-4 2.43667E-4 2.53978E-4 2.57297E-4 1.99974E-4 1.98222E-4 2.32005E-4 2.77286E-4 2.92352E-4 3.04819E-4 2.9708E-4 3.34041E-4 3.12367E-4 2.94757E-4 3.74409E-4 4.25973E-4 4.61025E-4 4.16448E-4 5.9973E-4 6.22246E-4 5.62072E-4 4.52266E-4 5.31979E-4 4.67885E-4 4.99004E-4 3.4468E-4
3.01167E-4 3.28348E-4 2.59337E-4 2.63447E-4 2.92493E-4 3.23443E-4 3.24214E-4 3.00281E-4 2.58572E-4 2.766E-4 3.3857E-4 3.67447E-4 2.93421E-4 2.87444E-4 2.54774E-4 3.15544E-4 3.76048E-4 3.69263E-4 2.92015E-4 3.20036E-4 3.16663E-4 2.92007E-4 2.87196E-4 2.76695E-4 2.33069E-4 2.60432E-4 2.74833E-4 2.67235E-4 2.54319E-4 2.10472E-4 2.15942E-4 1.95934E-4 2.03616E-4 2.10739E-4 2.15066E-4 2.01711E-4 2.1287E-4 2.27002E-4 2.27162E-4 2.01027E-4 2.15628E-4 2.51794E-4 2.96055E-4 3.17151E-4 3.6716E-4 3.09403E-4 3.14896E-4 3.48375E-4 2.5432E-4 3.06429E-4 3.40149E-4 3.56497E-4 4.10064E-4 4.22904E-4 4.7607E-4 3.59395E-4 5.88772E-4 6.05232E-4 4.41336E-4 4.20427E-4 2.38351E-4
3.33945E-4 3.14823E-4 2.34068E-4 2.40562E-4 2.80807E-4 2.80401E-4 2.64214E-4 2.65358E-4 2.56398E-4 2.69457E-4 3.2615E-4 3.1852E-4 3.01788E-4 3.19077E-4 2.52097E-4 3.40335E-4 3.66227E-4 3.05962E-4 2.58895E-4 2.57351E-4 2.58256E-4 2.79558E-4 2.86548E-4 2.48228E-4 2.80483E-4 2.90633E-4 2.92467E-4 3.12056E-4 2.54824E-4 2.47706E-4 1.93619E-4 1.87394E-4 1.92422E-4 2.15928E-4 2.0248E-4 2.09098E-4 2.52182E-4 2.17281E-4 2.04099E-4 2.1205E-4 2.82813E-4 3.26719E-4 3.30187E-4 3.04837E-4 3.08E-4 3.44648E-4 3.72393E-4 3.9142E-4 3.74658E-4 3.98709E-4 3.2581E-4 4.41306E-4 5.09664E-4 4.28018E-4 4.55986E-4 5.14806E-4 5.40583E-4 3.54967E-4 2.3894E-4 3.02705E-4 1.94977E-4
3.01893E-4 2.34687E-4 2.33468E-4 2.49247E-4 2.676E-4 2.75707E-4 2.78753E-4 2.9285E-4 2.77195E-4 2.99157E-4 3.16133E-4 2.81397E-4 2.95801E-4 3.46124E-4 3.0185E-4 3.45429E-4 3.28214E-4 2.40198E-4 2.23477E-4 2.40503E-4 2.64707E-4 2.80786E-4 2.23747E-4 2.39602E-4 3.16975E-4 2.77579E-4 2.13198E-4 2.58772E-4 2.21249E-4 1.88901E-4 2.21385E-4 1.88849E-4 2.12625E-4 2.1899E-4 2.39254E-4 2.44695E-4 2.46864E-4 2.19778E-4 2.58342E-4 2.78286E-4 3.51573E-4 3.99202E-4 4.29266E-4 3.0838E-4 2.81911E-4 3.03844E-4 3.34559E-4 3.60811E-4 3.84296E-4 5.06745E-4 3.35472E-4 5.35457E-4 5.88429E-4 5.32573E-4 5.99946E-4 4.56746E-4 2.58821E-4 3.45347E-4 2.55439E-4 2.25249E-4 2.17301E-4
