Artocarpus hirsutus SDM files/Last interglacial/results (without bias file)/Arthir_0.asc
ncols         625
nrows         721
xllcorner     69.99986311115
yllcorner     5.99986151914999
cellsize      0.041666667
NODATA_value  -9999
[rows 324 to 350 of 721, columns 61 to 121 of 625]
4.30764E-4 4.22475E-4 4.33486E-4 4.38438E-4 4.45333E-4 4.5235E-4 3.7034E-4 3.94692E-4 3.83006E-4 3.84109E-4 3.92518E-4 4.03218E-4 3.99821E-4 3.87507E-4 4.21796E-4 4.30887E-4 3.68921E-4 3.91501E-4 3.98181E-4 4.08459E-4 3.9658E-4 4.06239E-4 4.15544E-4 4.13078E-4 3.71431E-4 3.81573E-4 4.28656E-4 4.73238E-4 3.79374E-4 3.66702E-4 3.85324E-4 4.22453E-4 4.47881E-4 3.39195E-4 3.88629E-4 3.7619E-4 4.26606E-4 4.11678E-4 4.54202E-4 4.05472E-4 3.8932E-4 3.16196E-4 2.65932E-4 2.41363E-4 2.4751E-4 2.74841E-4 3.11161E-4 3.14382E-4 2.77272E-4 2.51766E-4 2.6579E-4 2.70161E-4 2.51409E-4 2.51946E-4 2.24058E-4 2.0641E-4 2.15855E-4 2.44682E-4 2.42956E-4 2.21826E-4 2.44526E-4
4.48783E-4 4.55843E-4 4.54135E-4 4.61277E-4 4.67206E-4 4.60765E-4 4.68009E-4 3.98623E-4 3.97516E-4 4.06649E-4 4.08395E-4 4.07825E-4 4.00388E-4 4.10745E-4 4.50549E-4 4.79953E-4 4.94439E-4 5.09365E-4 5.04559E-4 4.10197E-4 4.06814E-4 4.29286E-4 4.6598E-4 4.70507E-4 3.71968E-4 3.88671E-4 4.52817E-4 5.32626E-4 4.94585E-4 4.49191E-4 3.40698E-4 3.55058E-4 3.61581E-4 3.74108E-4 3.83177E-4 3.81014E-4 3.98073E-4 3.81976E-4 3.62501E-4 3.83041E-4 4.36605E-4 3.03925E-4 2.95197E-4 2.73546E-4 2.38107E-4 2.56066E-4 2.86669E-4 2.94871E-4 2.77652E-4 2.45646E-4 2.68642E-4 2.71159E-4 2.33569E-4 2.52832E-4 2.92879E-4 1.92404E-4 2.35656E-4 2.33225E-4 2.18818E-4 2.29493E-4 2.33077E-4
4.48148E-4 4.59064E-4 4.5218E-4 4.63882E-4 4.70525E-4 4.91626E-4 5.00797E-4 4.90311E-4 4.18821E-4 4.21813E-4 4.2478E-4 4.27256E-4 4.08297E-4 4.40792E-4 4.7478E-4 4.88179E-4 4.97249E-4 5.08642E-4 4.83235E-4 4.11393E-4 4.24972E-4 4.34791E-4 4.75799E-4 4.79971E-4 4.16102E-4 4.35256E-4 5.36507E-4 5.00784E-4 4.72575E-4 4.72548E-4 4.10696E-4 3.57571E-4 3.81052E-4 3.76202E-4 3.66744E-4 3.80483E-4 3.91822E-4 3.61384E-4 3.51297E-4 3.44011E-4 3.69636E-4 3.16482E-4 3.88788E-4 3.08503E-4 2.60905E-4 2.34096E-4 2.6372E-4 2.74373E-4 2.59217E-4 2.56459E-4 3.07328E-4 2.89533E-4 2.26341E-4 2.37572E-4 2.59346E-4 2.5498E-4 2.11227E-4 2.17582E-4 2.36203E-4 2.06279E-4 1.89516E-4
4.67292E-4 4.63652E-4 4.70929E-4 4.92053E-4 4.98393E-4 5.09119E-4 5.07039E-4 5.05797E-4 5.18161E-4 4.31492E-4 4.33962E-4 4.77932E-4 4.66556E-4 4.98687E-4 5.01521E-4 4.98687E-4 5.09393E-4 5.18827E-4 5.06846E-4 5.16259E-4 4.34061E-4 4.28682E-4 4.56176E-4 4.54249E-4 4.3403E-4 4.94316E-4 5.09354E-4 4.99699E-4 3.8326E-4 4.38837E-4 3.73333E-4 3.92287E-4 4.2162E-4 3.76205E-4 3.72917E-4 3.91401E-4 3.78213E-4 3.71319E-4 3.47908E-4 3.69324E-4 3.39636E-4 3.06062E-4 3.2939E-4 3.08322E-4 2.9053E-4 2.5326E-4 2.33434E-4 2.6075E-4 2.53218E-4 2.80815E-4 2.98395E-4 2.57707E-4 2.38378E-4 2.1162E-4 2.30467E-4 2.30084E-4 1.97369E-4 2.07381E-4 2.13621E-4 2.15745E-4 1.90601E-4
4.77962E-4 4.97323E-4 5.04413E-4 4.96953E-4 5.00514E-4 5.16406E-4 5.21574E-4 5.28285E-4 4.55096E-4 4.62924E-4 4.70878E-4 4.90276E-4 4.84756E-4 5.12287E-4 5.12287E-4 5.2666E-4 5.31125E-4 5.34084E-4 5.43975E-4 5.23094E-4 5.457E-4 4.51055E-4 4.45979E-4 4.56834E-4 4.64536E-4 4.60583E-4 5.3437E-4 5.18491E-4 4.32672E-4 4.56545E-4 4.6039E-4 3.94507E-4 4.09289E-4 3.89969E-4 3.83186E-4 4.00906E-4 3.69766E-4 3.96961E-4 4.02407E-4 3.64642E-4 3.43956E-4 3.52843E-4 3.53841E-4 2.85427E-4 2.61813E-4 2.64044E-4 2.76889E-4 2.40974E-4 2.54656E-4 2.84803E-4 2.85041E-4 2.43076E-4 2.45232E-4 2.14561E-4 2.14495E-4 2.7858E-4 1.93496E-4 2.00519E-4 2.09731E-4 2.11579E-4 1.98195E-4
4.9476E-4 4.99456E-4 5.07665E-4 5.16378E-4 5.12736E-4 5.35741E-4 5.41101E-4 5.49627E-4 5.61451E-4 5.60673E-4 4.78483E-4 4.83726E-4 4.75575E-4 4.91323E-4 5.46367E-4 5.58092E-4 5.47956E-4 5.25868E-4 5.50946E-4 5.39597E-4 5.54259E-4 4.68523E-4 4.59428E-4 5.01245E-4 4.85297E-4 4.89427E-4 4.62523E-4 4.99319E-4 4.82437E-4 4.74316E-4 4.74269E-4 4.81025E-4 3.96751E-4 3.89419E-4 3.66721E-4 3.75159E-4 4.16509E-4 4.23538E-4 3.94989E-4 4.02865E-4 3.68425E-4 3.57126E-4 3.32032E-4 2.47371E-4 2.34084E-4 2.46434E-4 2.45416E-4 2.75702E-4 2.617E-4 3.03515E-4 2.65355E-4 2.28027E-4 2.4883E-4 2.14412E-4 2.25633E-4 2.46019E-4 2.25633E-4 1.87111E-4 2.20268E-4 2.29201E-4 2.00579E-4
4.97569E-4 5.11893E-4 5.10914E-4 5.26362E-4 5.4686E-4 5.55078E-4 5.57874E-4 5.4885E-4 5.69464E-4 5.58281E-4 5.8628E-4 5.89624E-4 5.03679E-4 5.18843E-4 5.30731E-4 5.49846E-4 5.75744E-4 5.61646E-4 5.54863E-4 5.48803E-4 5.63021E-4 5.70158E-4 4.69941E-4 4.8614E-4 4.92775E-4 4.92116E-4 4.51657E-4 4.60687E-4 4.78386E-4 4.84484E-4 4.97685E-4 4.96931E-4 5.04008E-4 4.116E-4 4.07198E-4 3.64171E-4 3.98687E-4 4.44452E-4 4.1932E-4 4.30479E-4 4.2126E-4 3.52344E-4 3.5019E-4 3.35614E-4 2.71963E-4 2.24754E-4 2.32586E-4 2.3791E-4 2.81736E-4 2.70043E-4 2.72974E-4 2.17288E-4 2.39786E-4 2.1915E-4 2.2347E-4 2.41536E-4 2.24421E-4 2.05735E-4 2.21773E-4 1.96207E-4 1.84763E-4
5.29732E-4 -9999 -9999 5.30046E-4 5.36099E-4 5.35741E-4 5.64147E-4 5.51567E-4 5.63441E-4 5.94578E-4 6.09091E-4 6.19543E-4 5.22527E-4 5.26987E-4 5.37536E-4 5.5297E-4 5.62441E-4 5.7046E-4 5.61999E-4 5.74055E-4 5.77438E-4 5.80788E-4 4.73927E-4 4.77287E-4 4.8614E-4 4.97023E-4 4.82472E-4 4.8315E-4 4.9839E-4 5.04765E-4 5.08318E-4 5.07631E-4 5.4019E-4 4.01853E-4 4.40769E-4 4.02083E-4 3.7507E-4 3.96845E-4 4.17543E-4 4.36978E-4 4.3579E-4 3.14251E-4 3.28358E-4 3.71763E-4 3.37729E-4 2.31197E-4 2.44074E-4 2.3423E-4 2.90648E-4 3.25499E-4 2.65554E-4 2.28519E-4 2.19954E-4 2.10522E-4 2.27764E-4 2.3226E-4 2.36638E-4 2.1384E-4 2.01359E-4 2.07135E-4 1.80704E-4
6.70922E-4 5.43976E-4 5.4784E-4 5.47065E-4 5.6858E-4 5.5726E-4 5.71689E-4 5.91201E-4 6.00507E-4 6.09939E-4 6.21289E-4 6.27487E-4 5.30729E-4 5.38297E-4 5.48295E-4 5.75285E-4 5.72077E-4 5.7728E-4 5.87994E-4 5.74258E-4 5.79972E-4 5.86572E-4 5.73336E-4 5.79258E-4 4.8806E-4 4.91535E-4 5.17758E-4 4.96955E-4 5.01891E-4 5.06881E-4 5.00472E-4 5.31074E-4 4.81741E-4 4.97667E-4 4.72519E-4 3.99757E-4 4.0659E-4 3.99191E-4 3.78833E-4 4.10031E-4 4.06538E-4 3.69966E-4 2.9314E-4 3.36237E-4 3.02361E-4 2.73276E-4 2.30942E-4 2.6989E-4 3.38363E-4 3.447E-4 3.19976E-4 2.33174E-4 2.14097E-4 2.1179E-4 2.24902E-4 2.38693E-4 2.62111E-4 2.39938E-4 1.94897E-4 2.08996E-4 1.97957E-4
6.72887E-4 5.74218E-4 5.83247E-4 5.79208E-4 5.74935E-4 5.94774E-4 6.06721E-4 6.06413E-4 6.16832E-4 6.27423E-4 6.26599E-4 6.47295E-4 6.61192E-4 5.59228E-4 5.74473E-4 5.83486E-4 5.7565E-4 5.84678E-4 5.93849E-4 5.84096E-4 5.94934E-4 5.80085E-4 5.82547E-4 5.94164E-4 4.7112E-4 4.86669E-4 4.89426E-4 5.04748E-4 5.05456E-4 5.03321E-4 5.2436E-4 5.55618E-4 4.95525E-4 4.87221E-4 4.71855E-4 4.06601E-4 4.43214E-4 4.2121E-4 4.38213E-4 4.02544E-4 4.05918E-4 3.66189E-4 3.11676E-4 2.84128E-4 2.88196E-4 3.01593E-4 2.78963E-4 2.79594E-4 3.15083E-4 3.21313E-4 3.27656E-4 2.46491E-4 2.20239E-4 2.07619E-4 2.18302E-4 2.45948E-4 2.35671E-4 2.37009E-4 2.06341E-4 2.0432E-4 1.96005E-4
6.87276E-4 5.73406E-4 5.62768E-4 5.92433E-4 5.90594E-4 6.00725E-4 6.2411E-4 6.41159E-4 6.20335E-4 6.34568E-4 6.43627E-4 6.54663E-4 6.67773E-4 5.96303E-4 5.77735E-4 5.89297E-4 5.82206E-4 5.93857E-4 6.14326E-4 6.03381E-4 5.94182E-4 5.99244E-4 5.9333E-4 5.92827E-4 6.00898E-4 6.09454E-4 5.10419E-4 5.0762E-4 5.18476E-4 5.14099E-4 5.35585E-4 5.65123E-4 5.59551E-4 5.31123E-4 4.63772E-4 4.67727E-4 4.03647E-4 4.30748E-4 4.52031E-4 4.40023E-4 4.6881E-4 4.35923E-4 3.57267E-4 2.93108E-4 2.75792E-4 2.71582E-4 3.09409E-4 2.86379E-4 3.22698E-4 3.13072E-4 2.88629E-4 2.62683E-4 2.30948E-4 2.12692E-4 2.33322E-4 2.44101E-4 2.3699E-4 1.97775E-4 1.97495E-4 2.01719E-4 1.99637E-4
7.22252E-4 7.05958E-4 5.91535E-4 6.02538E-4 6.01504E-4 6.16183E-4 6.32124E-4 6.41159E-4 6.35397E-4 6.69973E-4 6.87274E-4 6.80118E-4 6.9472E-4 7.14673E-4 7.27944E-4 6.1221E-4 6.03134E-4 6.12596E-4 6.0424E-4 6.10253E-4 5.95871E-4 5.9925E-4 5.89996E-4 5.93325E-4 6.01776E-4 6.13294E-4 6.30477E-4 5.28748E-4 5.39436E-4 5.45382E-4 5.46917E-4 5.53905E-4 5.94408E-4 6.09919E-4 4.99241E-4 4.80974E-4 4.54485E-4 4.47985E-4 3.91679E-4 4.34873E-4 4.25529E-4 4.39843E-4 3.72046E-4 3.22762E-4 2.98709E-4 2.77292E-4 3.24597E-4 2.30972E-4 2.99037E-4 3.32988E-4 2.40426E-4 2.21339E-4 2.40289E-4 2.48896E-4 2.41965E-4 2.41394E-4 2.51143E-4 2.17642E-4 2.1888E-4 2.15287E-4 2.25173E-4
7.44009E-4 7.51417E-4 6.07616E-4 6.19811E-4 6.34938E-4 6.2847E-4 6.42906E-4 6.59521E-4 6.53594E-4 6.90136E-4 7.06956E-4 7.07566E-4 7.29388E-4 7.71818E-4 7.46725E-4 6.48739E-4 6.19573E-4 6.31072E-4 6.21582E-4 6.32218E-4 6.1558E-4 6.1384E-4 5.85832E-4 6.20783E-4 6.13812E-4 6.2062E-4 6.38032E-4 5.47759E-4 5.46984E-4 5.48535E-4 5.43126E-4 5.68203E-4 6.08006E-4 6.68446E-4 6.22131E-4 6.12503E-4 4.76232E-4 4.80168E-4 5.03275E-4 6.23743E-4 5.50779E-4 4.75364E-4 4.06395E-4 3.04707E-4 3.10285E-4 3.04979E-4 3.80119E-4 3.8935E-4 2.51905E-4 2.56132E-4 2.63475E-4 2.75543E-4 3.12949E-4 2.61805E-4 3.06596E-4 3.04206E-4 2.70894E-4 2.69359E-4 2.22534E-4 2.37895E-4 2.38894E-4
7.62093E-4 7.74051E-4 6.48593E-4 6.41198E-4 6.49435E-4 6.41924E-4 6.56642E-4 6.72672E-4 6.74667E-4 7.11913E-4 7.29269E-4 7.30355E-4 7.32022E-4 7.773E-4 7.73564E-4 6.50575E-4 6.46399E-4 6.42105E-4 6.60522E-4 6.52283E-4 6.57856E-4 6.09516E-4 6.23422E-4 6.314E-4 6.16409E-4 6.25902E-4 6.27654E-4 6.4019E-4 5.40712E-4 5.68236E-4 5.78738E-4 5.73868E-4 5.81254E-4 5.80294E-4 6.11409E-4 6.10925E-4 5.59675E-4 4.25871E-4 4.94153E-4 5.01378E-4 6.3899E-4 3.33992E-4 3.35374E-4 3.47387E-4 4.42456E-4 3.30909E-4 4.20249E-4 4.49374E-4 3.43738E-4 3.10049E-4 3.95805E-4 2.70934E-4 2.51066E-4 2.49135E-4 3.06282E-4 3.78117E-4 3.40107E-4 2.90188E-4 2.61805E-4 2.18665E-4 2.3498E-4
7.90623E-4 6.55003E-4 6.71953E-4 -9999 6.75672E-4 6.85318E-4 6.74518E-4 6.89004E-4 7.10829E-4 7.30231E-4 7.31336E-4 7.56617E-4 7.83873E-4 8.01826E-4 7.95717E-4 8.17398E-4 6.5557E-4 6.55841E-4 6.75758E-4 6.52308E-4 6.85362E-4 6.20797E-4 6.70056E-4 6.62511E-4 6.0862E-4 5.79901E-4 6.36601E-4 6.53914E-4 6.68845E-4 5.74979E-4 6.3284E-4 6.74031E-4 7.02093E-4 6.41462E-4 4.61146E-4 4.30248E-4 4.1151E-4 4.79646E-4 4.59223E-4 3.74366E-4 3.62024E-4 3.47395E-4 3.60832E-4 4.76013E-4 5.043E-4 3.51249E-4 3.41442E-4 3.95609E-4 5.03215E-4 3.9588E-4 3.0265E-4 2.58105E-4 2.44143E-4 2.73271E-4 2.96269E-4 3.13955E-4 3.11399E-4 3.43879E-4 3.15938E-4 2.29912E-4 2.81944E-4
8.08693E-4 -9999 6.79459E-4 6.80421E-4 6.93086E-4 7.10984E-4 7.04746E-4 7.15816E-4 7.30161E-4 7.54346E-4 7.78217E-4 7.82707E-4 8.10898E-4 8.03584E-4 8.25481E-4 8.44416E-4 7.8726E-4 8.02208E-4 6.72766E-4 6.52283E-4 6.62514E-4 6.44036E-4 6.17261E-4 6.77657E-4 6.27829E-4 5.69455E-4 5.76633E-4 6.06724E-4 7.06952E-4 7.42734E-4 7.61786E-4 6.67833E-4 6.84547E-4 5.10537E-4 5.10288E-4 5.39164E-4 6.37646E-4 5.37231E-4 4.10873E-4 5.80772E-4 4.74852E-4 3.36025E-4 3.34609E-4 6.01937E-4 5.41643E-4 4.36125E-4 5.10215E-4 3.75217E-4 4.77414E-4 3.63332E-4 3.37708E-4 2.79168E-4 2.81547E-4 2.79156E-4 2.89869E-4 3.31672E-4 2.90486E-4 2.88068E-4 3.40545E-4 3.72908E-4 3.07184E-4
-9999 -9999 7.30334E-4 7.0391E-4 7.15969E-4 7.30324E-4 7.2494E-4 7.46831E-4 7.61795E-4 7.80361E-4 8.02784E-4 8.09692E-4 8.05805E-4 8.25427E-4 7.8782E-4 8.42505E-4 8.47297E-4 8.74437E-4 7.04917E-4 6.85395E-4 6.84432E-4 6.65206E-4 5.87393E-4 5.82438E-4 6.07716E-4 6.00023E-4 5.72478E-4 5.25952E-4 5.84936E-4 7.02976E-4 5.35962E-4 5.02906E-4 4.82017E-4 5.77525E-4 5.63257E-4 6.09639E-4 6.96578E-4 4.91514E-4 4.59221E-4 5.97608E-4 4.58966E-4 3.74707E-4 3.52081E-4 4.0882E-4 4.50535E-4 4.89166E-4 6.57162E-4 4.63529E-4 4.49001E-4 3.75932E-4 3.44363E-4 3.33283E-4 3.18361E-4 2.91083E-4 3.19779E-4 3.62698E-4 3.2246E-4 2.87444E-4 3.01831E-4 3.62505E-4 3.76101E-4
-9999 7.53394E-4 7.59804E-4 7.42699E-4 7.55449E-4 7.33142E-4 7.67085E-4 7.70413E-4 7.88073E-4 8.09568E-4 8.30463E-4 8.32879E-4 8.53159E-4 8.82631E-4 8.19608E-4 8.72786E-4 9.18359E-4 9.4339E-4 8.59755E-4 7.45932E-4 7.4595E-4 7.13938E-4 6.41777E-4 5.70125E-4 7.19914E-4 9.08905E-4 7.83784E-4 5.74101E-4 6.13641E-4 5.33336E-4 5.56596E-4 7.84701E-4 6.0661E-4 8.45194E-4 9.50188E-4 5.5923E-4 4.85566E-4 4.39924E-4 4.6888E-4 4.85534E-4 4.28868E-4 5.53941E-4 5.5626E-4 3.85034E-4 4.78828E-4 4.85028E-4 3.2715E-4 3.76014E-4 5.01005E-4 4.70822E-4 3.90163E-4 4.03405E-4 4.13432E-4 3.15209E-4 3.2258E-4 3.60078E-4 3.21385E-4 3.09138E-4 2.94419E-4 3.345E-4 3.92837E-4
-9999 7.98306E-4 7.82545E-4 7.95963E-4 7.85957E-4 7.72458E-4 7.94664E-4 8.16345E-4 8.14105E-4 8.38672E-4 8.35827E-4 8.6648E-4 8.82561E-4 8.5146E-4 8.92158E-4 9.05444E-4 9.63561E-4 9.38464E-4 9.46494E-4 1.0131E-3 1.08565E-3 7.82722E-4 6.59668E-4 6.02537E-4 7.01517E-4 9.70282E-4 1.04451E-3 8.5905E-4 9.35696E-4 7.00139E-4 5.76523E-4 6.87198E-4 9.35761E-4 6.76322E-4 8.04517E-4 6.53565E-4 5.06805E-4 5.2738E-4 5.06968E-4 4.35975E-4 5.44181E-4 6.40694E-4 5.7075E-4 5.80132E-4 5.34212E-4 3.54269E-4 3.05648E-4 3.16895E-4 4.20406E-4 4.09078E-4 4.281E-4 4.56438E-4 3.86206E-4 3.84604E-4 4.89232E-4 3.59707E-4 3.50828E-4 3.44853E-4 3.225E-4 3.13522E-4 3.48852E-4
8.37567E-4 8.21004E-4 8.37461E-4 8.32816E-4 8.22002E-4 8.37281E-4 8.33805E-4 8.52912E-4 8.50021E-4 8.54904E-4 8.79434E-4 8.86965E-4 8.83226E-4 9.47353E-4 1.00393E-3 1.05045E-3 9.89789E-4 1.08985E-3 1.05074E-3 1.13667E-3 1.16421E-3 9.81975E-4 6.31304E-4 6.63879E-4 7.70066E-4 8.94816E-4 9.22858E-4 9.64751E-4 9.69263E-4 9.38669E-4 7.06856E-4 4.90935E-4 6.82398E-4 7.72588E-4 1.04668E-3 8.40383E-4 7.47491E-4 5.81269E-4 5.19733E-4 4.80015E-4 5.96564E-4 6.38582E-4 6.30853E-4 4.725E-4 3.61563E-4 3.11771E-4 3.18655E-4 3.454E-4 3.46727E-4 3.74813E-4 3.80568E-4 3.38801E-4 3.26835E-4 3.32041E-4 4.0814E-4 3.91787E-4 3.82753E-4 3.52549E-4 3.44661E-4 3.33349E-4 3.30088E-4
8.88666E-4 8.84892E-4 8.84965E-4 8.77187E-4 8.88443E-4 9.11378E-4 9.063E-4 9.14026E-4 8.91845E-4 9.21333E-4 9.09729E-4 9.20097E-4 9.29316E-4 9.77855E-4 1.05778E-3 1.10581E-3 1.07911E-3 1.12431E-3 1.13381E-3 9.47921E-4 1.1061E-3 8.8974E-4 6.7841E-4 7.81028E-4 7.19604E-4 7.68412E-4 8.18756E-4 8.48147E-4 8.33801E-4 8.39933E-4 1.02023E-3 8.98587E-4 6.89074E-4 9.47658E-4 1.02898E-3 1.04112E-3 8.70007E-4 7.97026E-4 8.07132E-4 6.24148E-4 5.14163E-4 4.03737E-4 4.59128E-4 3.60948E-4 3.44933E-4 3.48839E-4 3.72954E-4 3.74001E-4 3.76553E-4 3.69266E-4 3.25809E-4 3.32881E-4 3.44344E-4 3.75998E-4 3.90046E-4 4.16753E-4 3.77098E-4 3.63242E-4 3.59616E-4 3.78725E-4 3.80337E-4
9.10249E-4 -9999 -9999 9.50683E-4 9.64655E-4 9.29548E-4 9.54881E-4 9.49557E-4 9.30397E-4 9.23892E-4 9.55787E-4 9.73555E-4 9.91647E-4 1.01208E-3 1.06044E-3 1.112E-3 1.07163E-3 1.08067E-3 1.09426E-3 1.12399E-3 9.47439E-4 8.96851E-4 9.16095E-4 9.00701E-4 6.88755E-4 7.69017E-4 8.24067E-4 9.16012E-4 8.43296E-4 9.53557E-4 9.49473E-4 1.01155E-3 9.35926E-4 7.5206E-4 9.30302E-4 6.70551E-4 6.37112E-4 7.07035E-4 6.18336E-4 4.63724E-4 4.3269E-4 3.77096E-4 3.56349E-4 3.57825E-4 3.72659E-4 3.83117E-4 3.88243E-4 3.93924E-4 3.9815E-4 3.93145E-4 4.09049E-4 3.49824E-4 3.73467E-4 3.73465E-4 3.9513E-4 4.07866E-4 4.41971E-4 4.23779E-4 3.92548E-4 4.12592E-4 4.16656E-4
-9999 9.94596E-4 1.0102E-3 8.52025E-4 1.01314E-3 1.00607E-3 1.02619E-3 1.03206E-3 1.05267E-3 1.00984E-3 9.97702E-4 1.04386E-3 1.01628E-3 1.01782E-3 1.06377E-3 1.07454E-3 1.11318E-3 9.26975E-4 1.13029E-3 1.1156E-3 1.16215E-3 9.21779E-4 7.792E-4 8.62212E-4 8.05711E-4 7.72281E-4 8.85597E-4 1.00524E-3 9.58726E-4 9.42537E-4 9.91812E-4 8.14009E-4 6.98277E-4 8.26542E-4 6.28499E-4 5.07802E-4 5.18634E-4 5.09885E-4 5.04881E-4 4.80294E-4 4.76948E-4 4.18265E-4 3.81195E-4 3.78488E-4 3.90197E-4 3.97656E-4 4.00069E-4 3.96685E-4 4.01272E-4 4.30437E-4 4.50488E-4 4.03546E-4 3.98335E-4 3.91212E-4 3.90184E-4 4.03485E-4 4.50752E-4 4.24422E-4 4.36321E-4 4.47747E-4 3.89534E-4
-9999 -9999 1.08872E-3 1.06594E-3 9.2482E-4 1.14081E-3 1.09903E-3 1.12486E-3 1.08212E-3 1.07818E-3 1.10598E-3 1.09981E-3 1.11429E-3 1.09255E-3 1.07592E-3 1.11295E-3 1.15466E-3 9.37231E-4 9.58693E-4 9.76045E-4 1.28459E-3 1.17121E-3 8.37398E-4 8.2065E-4 8.75728E-4 8.75713E-4 8.89365E-4 9.26452E-4 7.88747E-4 9.23632E-4 7.54171E-4 7.16724E-4 7.07651E-4 5.48927E-4 5.24625E-4 5.4119E-4 5.37334E-4 5.28928E-4 5.09824E-4 4.93995E-4 4.79526E-4 4.97129E-4 4.16824E-4 3.95194E-4 4.02192E-4 3.94299E-4 4.01197E-4 4.1559E-4 4.41105E-4 4.18066E-4 4.58702E-4 4.81129E-4 4.14939E-4 4.1535E-4 3.94405E-4 3.55469E-4 3.60987E-4 3.81807E-4 3.77615E-4 3.86621E-4 3.81753E-4
-9999 -9999 -9999 9.8901E-4 9.91044E-4 9.57448E-4 9.84885E-4 1.18941E-3 9.71104E-4 1.19351E-3 9.91409E-4 1.20403E-3 1.15755E-3 1.19245E-3 1.17081E-3 1.19264E-3 9.83174E-4 1.01E-3 1.03757E-3 1.02981E-3 1.09569E-3 1.05487E-3 9.45033E-4 8.89909E-4 7.94813E-4 8.13743E-4 8.65868E-4 8.28039E-4 6.50301E-4 6.57715E-4 6.5109E-4 7.17783E-4 6.06015E-4 5.64657E-4 5.83765E-4 5.2761E-4 5.43365E-4 5.20044E-4 5.16163E-4 4.98915E-4 4.14593E-4 4.31491E-4 4.20635E-4 4.14717E-4 4.06967E-4 4.02942E-4 4.0404E-4 4.15687E-4 4.16299E-4 4.05842E-4 4.41427E-4 5.02591E-4 4.92255E-4 3.59364E-4 3.49212E-4 3.59215E-4 3.59951E-4 3.36797E-4 3.57255E-4 3.64767E-4 3.82044E-4
-9999 -9999 1.07483E-3 1.0658E-3 1.04056E-3 1.06735E-3 1.08248E-3 1.03966E-3 1.0664E-3 1.05779E-3 1.06233E-3 1.04911E-3 1.01272E-3 1.01994E-3 1.02589E-3 1.01699E-3 1.07461E-3 1.06662E-3 1.3457E-3 1.08351E-3 1.10571E-3 1.16648E-3 1.08056E-3 1.04905E-3 8.96209E-4 7.89172E-4 8.63892E-4 7.64115E-4 6.84253E-4 6.60504E-4 6.36642E-4 6.94032E-4 5.66288E-4 5.81702E-4 5.99574E-4 6.06978E-4 5.41637E-4 5.45898E-4 5.26159E-4 5.22756E-4 5.04579E-4 4.35339E-4 5.11577E-4 4.00994E-4 4.02127E-4 4.02372E-4 4.14559E-4 4.12162E-4 4.08105E-4 4.00711E-4 4.37693E-4 4.68666E-4 4.55627E-4 3.68978E-4 3.49703E-4 3.41737E-4 3.89635E-4 3.61483E-4 3.39881E-4 3.76832E-4 4.24986E-4
-9999 -9999 1.11182E-3 1.15505E-3 1.15668E-3 1.14696E-3 1.12513E-3 1.11879E-3 1.13953E-3 1.12395E-3 1.09595E-3 1.10225E-3 1.10538E-3 1.10233E-3 1.06688E-3 1.12413E-3 1.14283E-3 1.17074E-3 1.12709E-3 1.02623E-3 1.18034E-3 1.26096E-3 1.24301E-3 1.13604E-3 1.04529E-3 8.45765E-4 9.05359E-4 7.86577E-4 6.80368E-4 6.7462E-4 6.72721E-4 7.14935E-4 7.10918E-4 6.04712E-4 6.00195E-4 6.18764E-4 5.42837E-4 5.57939E-4 5.44656E-4 5.37963E-4 5.3914E-4 5.44556E-4 4.3957E-4 4.00938E-4 3.94852E-4 4.01507E-4 4.25436E-4 4.26034E-4 4.30869E-4 4.1946E-4 4.35553E-4 4.36169E-4 4.48357E-4 3.60875E-4 3.56028E-4 3.60588E-4 4.13927E-4 3.51181E-4 3.76921E-4 4.14312E-4 4.39304E-4
