Artocarpus hirsutus SDM files/Last interglacial/results (without bias file)/Arthir_max.asc
ncols         625
nrows         721
xllcorner     69.99986311115
yllcorner     5.99986151914999
cellsize      0.041666667
NODATA_value  -9999
[rows 324 to 350 of 721, columns 549 to 609 of 625]
1.13834E-2 6.90564E-3 8.75542E-3 1.18634E-2 1.07143E-2 9.62747E-3 7.55408E-3 7.58127E-3 7.32441E-3 1.06556E-2 1.19091E-2 1.116E-2 7.4924E-3 6.38567E-3 1.06594E-2 1.15978E-2 8.5219E-3 1.04805E-2 9.49727E-3 9.03612E-3 8.62023E-3 9.60002E-3 7.05176E-3 6.32157E-3 6.91401E-3 6.73826E-3 5.51691E-3 4.91384E-3 4.41454E-3 4.55245E-3 4.89992E-3 6.15315E-3 6.04567E-3 5.83292E-3 4.67642E-3 6.0441E-3 6.16372E-3 4.9379E-3 3.64292E-3 4.11555E-3 4.50851E-3 4.41243E-3 3.63842E-3 4.00351E-3 3.7933E-3 3.72449E-3 3.34972E-3 2.96787E-3 3.22599E-3 2.86709E-3 2.75619E-3 2.71206E-3 2.51705E-3 2.53663E-3 2.5473E-3 2.569E-3 2.68468E-3 2.78446E-3 2.61996E-3 2.51293E-3 2.5943E-3
1.32144E-2 7.6243E-3 7.94202E-3 1.0696E-2 1.37253E-2 1.16996E-2 8.32135E-3 6.72088E-3 9.52438E-3 1.13117E-2 1.15709E-2 9.74046E-3 7.81819E-3 7.01506E-3 8.93876E-3 1.09045E-2 7.17469E-3 8.52145E-3 8.00866E-3 8.09184E-3 7.41577E-3 7.88348E-3 7.09363E-3 6.64879E-3 5.92389E-3 6.21725E-3 5.32997E-3 4.43721E-3 4.41772E-3 4.38606E-3 4.83635E-3 6.47943E-3 5.85812E-3 6.75442E-3 4.51568E-3 5.02129E-3 5.89913E-3 4.9407E-3 3.85566E-3 4.2859E-3 4.55644E-3 4.0249E-3 3.35378E-3 3.71243E-3 3.8782E-3 3.66174E-3 3.2661E-3 3.24104E-3 2.78369E-3 3.13382E-3 3.1466E-3 2.68442E-3 2.93008E-3 2.86903E-3 2.452E-3 2.60095E-3 2.79582E-3 2.76964E-3 2.57583E-3 2.57961E-3 2.48515E-3
1.21135E-2 7.19563E-3 8.48148E-3 8.34602E-3 1.03433E-2 1.09673E-2 9.7133E-3 6.91999E-3 8.67146E-3 1.04863E-2 1.01195E-2 8.22281E-3 8.33797E-3 7.92758E-3 8.41766E-3 9.62974E-3 1.02018E-2 9.50531E-3 7.74574E-3 7.39183E-3 7.93076E-3 6.98674E-3 7.32334E-3 7.09287E-3 5.88846E-3 4.43908E-3 5.41858E-3 4.57187E-3 4.39816E-3 4.34293E-3 4.81015E-3 6.06936E-3 4.81105E-3 6.57504E-3 4.65621E-3 4.95272E-3 5.54937E-3 5.41462E-3 4.03972E-3 3.83674E-3 4.29135E-3 4.03903E-3 3.34487E-3 3.15802E-3 3.26974E-3 3.39867E-3 3.33291E-3 3.28001E-3 3.11348E-3 2.70191E-3 3.12938E-3 2.73649E-3 2.92172E-3 2.48246E-3 2.572E-3 2.63399E-3 2.68161E-3 2.76964E-3 2.65758E-3 2.5534E-3 2.56027E-3
9.65437E-3 7.32824E-3 6.88072E-3 9.62724E-3 9.55569E-3 9.28238E-3 8.5642E-3 6.87851E-3 8.35261E-3 9.18759E-3 7.84082E-3 6.58258E-3 6.44848E-3 6.36018E-3 8.09759E-3 9.96557E-3 7.7869E-3 8.47299E-3 7.85956E-3 6.98944E-3 7.19085E-3 6.07373E-3 6.95598E-3 6.45743E-3 6.55371E-3 5.09749E-3 4.87749E-3 4.43792E-3 4.33659E-3 4.20309E-3 4.84362E-3 5.35574E-3 5.58805E-3 6.16562E-3 4.6502E-3 5.44802E-3 5.54947E-3 4.64891E-3 4.52529E-3 3.97259E-3 4.1818E-3 3.93558E-3 3.45213E-3 3.48307E-3 3.38922E-3 3.21456E-3 3.45987E-3 3.53347E-3 3.24787E-3 3.15444E-3 3.18736E-3 3.3414E-3 2.58039E-3 2.45661E-3 2.57878E-3 2.55693E-3 2.69981E-3 2.70938E-3 2.66081E-3 2.56027E-3 2.56468E-3
1.05858E-2 1.18531E-2 1.04879E-2 9.92709E-3 8.90569E-3 8.83403E-3 9.79577E-3 6.76218E-3 7.44074E-3 8.43299E-3 9.29874E-3 7.3144E-3 5.49097E-3 6.65523E-3 7.1555E-3 9.71511E-3 8.31181E-3 9.21257E-3 8.60027E-3 7.62766E-3 8.96676E-3 6.89941E-3 5.80506E-3 5.80227E-3 5.88038E-3 4.37853E-3 5.26293E-3 4.37984E-3 4.48654E-3 4.43573E-3 4.53352E-3 5.97042E-3 5.73862E-3 5.91624E-3 4.87111E-3 5.2931E-3 4.38392E-3 4.0999E-3 4.26546E-3 5.1542E-3 4.95231E-3 3.74151E-3 3.23237E-3 3.67648E-3 3.8537E-3 3.6439E-3 3.88033E-3 3.44697E-3 3.19301E-3 3.19684E-3 2.91633E-3 2.97855E-3 2.54109E-3 2.45392E-3 2.79135E-3 2.58781E-3 2.58009E-3 2.8088E-3 2.65052E-3 2.51037E-3 2.49883E-3
8.6265E-3 9.26931E-3 1.06082E-2 1.13802E-2 7.29816E-3 9.33346E-3 8.60349E-3 7.74686E-3 6.33589E-3 8.83077E-3 9.28533E-3 9.5173E-3 6.89634E-3 6.06059E-3 6.31114E-3 7.9364E-3 1.12122E-2 7.77689E-3 8.35906E-3 9.19317E-3 8.61182E-3 8.11465E-3 6.4877E-3 6.00186E-3 4.90104E-3 4.79737E-3 5.1028E-3 4.43074E-3 4.3194E-3 4.46839E-3 4.49938E-3 5.88013E-3 6.48922E-3 7.57872E-3 4.7557E-3 5.15838E-3 5.26027E-3 4.64532E-3 4.54307E-3 5.15838E-3 4.97677E-3 3.7913E-3 3.07444E-3 3.24771E-3 3.44167E-3 3.60801E-3 3.52966E-3 3.4662E-3 3.14493E-3 3.08148E-3 3.11364E-3 2.73831E-3 2.42615E-3 2.37504E-3 2.4099E-3 2.43515E-3 2.42116E-3 2.59478E-3 2.55673E-3 2.49734E-3 2.46081E-3
8.8213E-3 1.08654E-2 9.51416E-3 8.83383E-3 6.81233E-3 8.41294E-3 6.04877E-3 7.23001E-3 7.2763E-3 1.10183E-2 7.51246E-3 6.14704E-3 4.44783E-3 6.83934E-3 7.2681E-3 9.05578E-3 1.00957E-2 7.07053E-3 7.17279E-3 8.06087E-3 7.12386E-3 7.19055E-3 7.44E-3 6.49759E-3 4.88737E-3 3.91799E-3 5.71184E-3 4.40924E-3 4.38362E-3 4.27599E-3 4.3731E-3 5.85692E-3 5.21794E-3 6.09816E-3 5.01576E-3 5.54675E-3 5.57329E-3 4.56177E-3 5.06486E-3 4.62252E-3 4.77319E-3 3.374E-3 2.99941E-3 3.02709E-3 3.1184E-3 3.11539E-3 3.26495E-3 3.26516E-3 3.10118E-3 3.05492E-3 3.03341E-3 2.76881E-3 2.77686E-3 2.47394E-3 2.39225E-3 2.42351E-3 2.3672E-3 2.40126E-3 2.39843E-3 2.4636E-3 2.44529E-3
9.091E-3 9.96087E-3 9.89433E-3 7.72166E-3 6.5082E-3 9.46082E-3 7.93007E-3 7.72338E-3 6.96066E-3 6.60419E-3 6.36523E-3 5.60309E-3 5.23714E-3 5.23101E-3 5.9879E-3 7.32267E-3 5.85874E-3 8.09248E-3 7.58157E-3 7.68305E-3 6.68408E-3 5.45621E-3 5.94866E-3 5.57121E-3 4.86805E-3 4.81916E-3 4.18519E-3 4.33218E-3 4.28238E-3 4.08185E-3 4.37952E-3 5.419E-3 4.88117E-3 6.8176E-3 4.86469E-3 5.02679E-3 5.47139E-3 4.60749E-3 4.99598E-3 4.55249E-3 4.73688E-3 3.02094E-3 3.04794E-3 3.03532E-3 3.111E-3 2.98125E-3 3.16908E-3 3.19879E-3 3.0472E-3 3.05828E-3 2.94254E-3 2.83832E-3 2.76334E-3 2.74378E-3 2.72615E-3 2.36527E-3 2.30005E-3 2.36718E-3 2.32527E-3 2.51371E-3 2.47356E-3
1.08642E-2 8.53501E-3 9.69565E-3 7.39392E-3 6.84803E-3 8.55119E-3 9.24463E-3 6.0398E-3 6.08547E-3 5.61401E-3 5.33678E-3 5.05974E-3 5.91006E-3 5.97006E-3 5.68652E-3 5.56882E-3 6.71987E-3 7.86558E-3 8.91818E-3 7.06428E-3 6.58489E-3 5.55983E-3 4.74228E-3 4.65185E-3 4.57638E-3 5.22122E-3 5.62697E-3 4.37635E-3 3.92685E-3 4.00685E-3 4.58609E-3 5.64333E-3 5.45613E-3 6.92896E-3 5.19292E-3 5.11392E-3 6.91658E-3 4.31022E-3 3.86237E-3 4.43782E-3 3.52467E-3 3.38499E-3 3.25887E-3 3.0586E-3 3.0586E-3 2.99235E-3 3.08481E-3 3.12692E-3 2.92514E-3 3.00217E-3 3.12314E-3 2.95195E-3 2.84811E-3 2.75398E-3 2.79071E-3 2.76459E-3 2.77936E-3 2.8018E-3 2.80327E-3 2.81197E-3 2.8873E-3
8.48179E-3 6.87057E-3 7.47375E-3 8.81154E-3 5.93485E-3 7.06051E-3 6.86297E-3 8.42644E-3 4.69305E-3 4.5049E-3 4.47955E-3 5.3319E-3 5.87601E-3 6.22204E-3 8.36788E-3 7.79009E-3 9.08082E-3 8.69828E-3 8.85441E-3 8.37192E-3 7.24208E-3 7.1984E-3 7.30005E-3 5.06047E-3 4.69857E-3 5.94576E-3 5.11166E-3 4.28192E-3 3.98359E-3 3.90641E-3 4.76446E-3 4.78305E-3 5.36273E-3 4.9881E-3 6.81913E-3 5.35203E-3 6.86038E-3 4.61516E-3 3.47845E-3 3.65883E-3 3.63666E-3 4.32506E-3 3.12974E-3 3.10753E-3 3.20523E-3 3.0558E-3 2.89576E-3 2.89944E-3 2.90306E-3 2.82519E-3 2.83377E-3 2.85484E-3 2.71191E-3 2.64612E-3 2.79778E-3 2.74858E-3 2.69827E-3 2.82225E-3 2.6665E-3 2.73392E-3 2.82338E-3
7.48826E-3 6.3304E-3 8.70788E-3 1.20065E-2 5.53639E-3 5.83354E-3 7.09564E-3 8.15605E-3 5.96401E-3 5.76254E-3 6.25115E-3 7.47431E-3 5.874E-3 7.97254E-3 8.84213E-3 9.76439E-3 1.09043E-2 1.02281E-2 9.12642E-3 1.05083E-2 7.12122E-3 7.22103E-3 4.86705E-3 5.00598E-3 4.58513E-3 6.23224E-3 5.13804E-3 4.17603E-3 4.21188E-3 4.17029E-3 5.23975E-3 4.7863E-3 5.20789E-3 4.59878E-3 4.90277E-3 4.59275E-3 5.96301E-3 4.65348E-3 3.46245E-3 3.84876E-3 3.84489E-3 4.07019E-3 3.04997E-3 2.96921E-3 2.92286E-3 3.07464E-3 2.87852E-3 2.80403E-3 2.80009E-3 2.98262E-3 3.05025E-3 2.90556E-3 2.78818E-3 2.72162E-3 2.62412E-3 2.6667E-3 2.62425E-3 2.70672E-3 3.13487E-3 2.8592E-3 2.78683E-3
7.68519E-3 7.34242E-3 8.40671E-3 9.29252E-3 6.31846E-3 6.96991E-3 1.03462E-2 8.22515E-3 6.98362E-3 8.47632E-3 6.00374E-3 7.66088E-3 7.30133E-3 5.61132E-3 7.2159E-3 8.13467E-3 1.14174E-2 8.64218E-3 8.17503E-3 8.61671E-3 7.0918E-3 6.51473E-3 6.57927E-3 4.85009E-3 4.45307E-3 6.07157E-3 4.69948E-3 4.75759E-3 3.9587E-3 4.0054E-3 4.94221E-3 4.44172E-3 5.26475E-3 4.96493E-3 6.07429E-3 4.01258E-3 5.60985E-3 6.32963E-3 3.53515E-3 3.65212E-3 3.80021E-3 3.6282E-3 3.12176E-3 2.94588E-3 2.95935E-3 3.08084E-3 2.9753E-3 2.99647E-3 2.8997E-3 2.91106E-3 3.16958E-3 2.97438E-3 2.76454E-3 2.68888E-3 2.566E-3 2.59253E-3 2.63984E-3 2.60998E-3 2.8092E-3 2.74894E-3 2.68767E-3
7.84943E-3 5.99701E-3 7.38754E-3 7.47476E-3 7.62727E-3 7.04527E-3 6.9508E-3 5.47379E-3 5.52969E-3 6.54441E-3 4.67007E-3 7.25275E-3 7.74552E-3 5.25807E-3 6.54503E-3 8.15342E-3 7.04162E-3 9.33576E-3 7.90251E-3 8.18932E-3 6.13339E-3 7.39145E-3 7.029E-3 4.95157E-3 4.96264E-3 5.57772E-3 4.80081E-3 4.72513E-3 3.75609E-3 3.81809E-3 4.62052E-3 4.86281E-3 5.97776E-3 5.03449E-3 6.20824E-3 3.88294E-3 5.67026E-3 5.8849E-3 3.43376E-3 3.50887E-3 3.51214E-3 3.72737E-3 3.04015E-3 3.07226E-3 3.24429E-3 3.13087E-3 3.06805E-3 2.95573E-3 2.98044E-3 2.93971E-3 2.96824E-3 2.85584E-3 2.70617E-3 2.4643E-3 2.49303E-3 2.54289E-3 2.17893E-3 2.58108E-3 2.65418E-3 2.61411E-3 2.65699E-3
6.84254E-3 6.13486E-3 7.37886E-3 8.38935E-3 4.79138E-3 4.40695E-3 4.63719E-3 5.16832E-3 4.66537E-3 5.65807E-3 3.83971E-3 5.47932E-3 6.80027E-3 5.77556E-3 6.51875E-3 7.939E-3 5.39152E-3 4.61697E-3 5.2874E-3 7.05037E-3 7.29141E-3 6.16606E-3 5.19278E-3 4.51612E-3 4.57541E-3 5.34613E-3 4.6063E-3 4.59304E-3 4.44941E-3 3.74992E-3 4.26635E-3 4.82662E-3 5.70192E-3 5.77407E-3 6.11183E-3 3.90282E-3 5.35536E-3 4.19905E-3 3.36307E-3 3.37169E-3 3.34705E-3 4.3906E-3 3.42526E-3 3.25942E-3 3.10254E-3 3.1155E-3 2.94555E-3 2.95855E-3 2.97231E-3 2.85609E-3 2.85506E-3 2.68342E-3 2.55442E-3 2.22207E-3 2.32315E-3 2.52417E-3 2.48585E-3 2.49836E-3 2.4957E-3 2.58431E-3 2.50362E-3
6.62261E-3 5.68125E-3 6.13513E-3 5.11368E-3 3.12034E-3 3.88958E-3 3.6876E-3 4.57364E-3 4.52538E-3 5.51588E-3 3.47404E-3 4.77184E-3 6.18843E-3 4.61755E-3 5.16574E-3 7.88178E-3 7.41565E-3 6.92863E-3 7.32425E-3 6.91546E-3 6.35907E-3 5.73214E-3 6.6484E-3 5.67767E-3 4.81919E-3 4.42485E-3 4.40337E-3 4.72427E-3 4.42842E-3 4.3844E-3 4.90367E-3 4.20982E-3 5.16638E-3 5.13198E-3 6.06362E-3 3.67273E-3 5.43773E-3 4.18144E-3 3.8399E-3 3.89009E-3 3.80534E-3 4.31272E-3 3.7516E-3 3.26975E-3 3.11528E-3 3.00426E-3 2.86056E-3 2.86542E-3 2.85798E-3 2.7663E-3 2.75849E-3 2.59249E-3 2.70754E-3 2.52794E-3 2.25727E-3 2.4435E-3 2.5569E-3 2.45519E-3 2.52642E-3 2.57997E-3 2.58576E-3
6.34702E-3 5.64566E-3 6.66428E-3 6.47284E-3 3.7401E-3 3.30014E-3 3.94965E-3 4.4603E-3 4.50582E-3 5.30079E-3 3.51598E-3 5.28404E-3 4.72121E-3 5.03951E-3 5.69999E-3 6.70236E-3 7.97125E-3 8.29919E-3 7.92155E-3 9.07981E-3 8.04507E-3 7.20431E-3 5.966E-3 5.47258E-3 5.97608E-3 4.55039E-3 4.69482E-3 4.69322E-3 4.14814E-3 4.47493E-3 5.52131E-3 5.55795E-3 4.8166E-3 5.07105E-3 6.35857E-3 3.80933E-3 4.30977E-3 3.783E-3 3.94933E-3 4.00255E-3 4.00427E-3 4.03598E-3 3.62831E-3 3.59616E-3 2.91549E-3 2.90039E-3 2.90039E-3 2.83517E-3 2.76657E-3 2.75103E-3 2.67747E-3 2.55494E-3 2.40528E-3 2.34698E-3 2.27847E-3 2.42422E-3 2.4642E-3 2.50483E-3 2.61015E-3 2.56324E-3 2.52642E-3
7.67179E-3 5.54617E-3 6.08142E-3 4.00137E-3 3.90615E-3 3.27006E-3 4.85677E-3 3.79319E-3 4.69831E-3 5.95082E-3 3.33329E-3 4.31939E-3 4.26901E-3 4.79349E-3 5.58002E-3 6.85133E-3 1.00029E-2 7.83044E-3 7.91529E-3 8.82657E-3 8.50884E-3 9.8532E-3 8.16333E-3 5.35046E-3 5.64299E-3 4.54879E-3 4.88417E-3 4.29233E-3 3.89175E-3 4.48849E-3 5.68712E-3 5.2463E-3 4.91134E-3 5.15979E-3 5.94938E-3 4.31909E-3 5.11196E-3 3.37943E-3 3.31873E-3 3.96252E-3 3.69064E-3 3.52048E-3 3.54354E-3 3.2873E-3 3.32596E-3 2.78317E-3 2.8168E-3 2.76305E-3 2.70171E-3 2.51922E-3 2.47195E-3 2.53998E-3 2.4193E-3 2.32385E-3 2.3261E-3 2.43561E-3 2.41342E-3 2.49489E-3 2.64294E-3 2.55162E-3 2.54155E-3
1.04538E-2 5.35307E-3 4.01931E-3 4.10284E-3 5.91449E-3 3.85184E-3 3.78928E-3 4.16683E-3 4.07723E-3 4.62784E-3 3.88825E-3 4.40455E-3 3.80052E-3 5.97804E-3 5.4254E-3 5.89667E-3 8.30857E-3 8.1489E-3 9.49311E-3 9.34498E-3 6.21834E-3 5.44779E-3 5.07357E-3 6.24163E-3 6.36539E-3 5.73705E-3 4.7022E-3 4.29784E-3 4.17093E-3 4.46382E-3 4.92149E-3 5.53985E-3 5.36777E-3 5.49726E-3 5.57607E-3 4.13963E-3 3.87834E-3 3.27624E-3 3.28674E-3 3.7323E-3 3.37327E-3 2.99439E-3 3.17608E-3 3.27963E-3 3.20058E-3 2.93244E-3 2.92814E-3 2.81147E-3 2.66115E-3 2.52994E-3 2.54368E-3 2.48076E-3 2.47781E-3 2.57916E-3 2.41221E-3 2.30608E-3 2.47811E-3 2.46817E-3 2.51421E-3 2.41686E-3 2.47245E-3
5.99298E-3 4.11802E-3 4.09823E-3 4.65747E-3 5.28717E-3 5.63908E-3 4.27608E-3 4.01367E-3 3.38946E-3 5.19117E-3 4.26713E-3 3.80073E-3 4.85169E-3 5.6397E-3 7.63483E-3 6.32922E-3 6.43618E-3 9.31268E-3 7.54795E-3 8.91249E-3 6.6837E-3 7.38054E-3 6.3879E-3 6.88776E-3 5.8191E-3 5.92091E-3 5.36703E-3 4.20562E-3 3.93146E-3 4.55688E-3 4.85966E-3 4.81358E-3 4.72668E-3 5.12099E-3 5.70382E-3 5.22427E-3 3.21817E-3 2.97475E-3 3.3249E-3 3.91146E-3 3.68711E-3 3.33061E-3 3.21412E-3 3.12502E-3 3.31886E-3 3.6018E-3 2.94169E-3 2.74084E-3 2.62678E-3 2.57462E-3 2.68372E-3 2.52801E-3 2.62603E-3 2.53103E-3 2.4632E-3 2.31928E-3 2.37355E-3 2.36188E-3 2.43427E-3 2.35904E-3 2.33705E-3
7.16552E-3 5.2343E-3 4.83022E-3 4.64494E-3 4.49221E-3 4.86267E-3 4.78139E-3 4.21434E-3 3.28731E-3 4.08986E-3 4.06907E-3 3.95574E-3 4.04502E-3 4.05848E-3 5.28006E-3 5.70069E-3 6.88783E-3 8.85002E-3 7.78905E-3 8.39106E-3 7.70183E-3 6.71236E-3 9.7505E-3 7.50364E-3 6.24179E-3 6.08285E-3 4.95182E-3 4.22254E-3 3.76981E-3 4.022E-3 4.47572E-3 5.24636E-3 5.11685E-3 5.40162E-3 4.77235E-3 5.35546E-3 3.40723E-3 3.01844E-3 3.07706E-3 3.52009E-3 4.18463E-3 3.50202E-3 3.22917E-3 3.16735E-3 3.2635E-3 3.46516E-3 3.18877E-3 2.77392E-3 2.5021E-3 2.48317E-3 2.49016E-3 2.40901E-3 2.50849E-3 2.45761E-3 2.3818E-3 2.28785E-3 2.31791E-3 2.33543E-3 2.32559E-3 2.31906E-3 2.4048E-3
5.50948E-3 5.41547E-3 3.86375E-3 4.30478E-3 3.402E-3 2.8274E-3 3.28863E-3 4.07673E-3 1.4576E-2 1.40812E-2 3.77471E-3 9.25619E-3 7.41913E-3 7.80189E-3 4.2191E-3 6.17597E-3 6.35597E-3 8.47481E-3 9.96259E-3 1.10366E-2 8.1113E-3 7.22346E-3 8.30812E-3 9.07678E-3 6.24502E-3 5.17513E-3 5.07477E-3 4.19266E-3 4.00519E-3 3.81208E-3 4.37891E-3 4.61895E-3 5.1465E-3 5.47945E-3 5.19159E-3 4.15439E-3 2.91627E-3 2.98352E-3 2.98429E-3 3.40521E-3 3.73716E-3 3.73303E-3 3.34968E-3 3.08882E-3 3.23286E-3 2.94326E-3 2.8764E-3 2.76834E-3 2.46036E-3 2.4767E-3 2.46331E-3 2.53395E-3 2.39737E-3 2.28239E-3 2.29018E-3 2.29197E-3 2.25759E-3 2.29091E-3 2.28717E-3 2.29794E-3 2.38793E-3
3.6676E-3 5.45447E-3 3.90745E-3 4.53189E-3 2.89861E-3 1.61672E-2 3.82801E-3 1.21929E-2 1.37964E-2 1.20929E-2 7.68085E-3 8.74646E-3 1.20038E-2 9.40298E-3 8.20274E-3 4.7223E-3 9.69269E-3 6.35012E-3 7.97949E-3 1.06685E-2 1.18968E-2 8.18135E-3 7.97996E-3 8.94085E-3 7.09616E-3 4.97728E-3 4.86256E-3 5.07515E-3 4.39232E-3 3.90937E-3 4.22413E-3 4.27564E-3 5.25006E-3 4.23802E-3 4.50578E-3 3.40662E-3 2.83217E-3 2.79186E-3 3.06172E-3 3.3782E-3 3.33636E-3 3.11373E-3 3.4796E-3 3.28431E-3 3.13732E-3 2.96052E-3 3.08882E-3 2.95743E-3 2.87413E-3 2.4678E-3 2.48264E-3 2.47567E-3 2.394E-3 2.23554E-3 2.26093E-3 2.26725E-3 2.15668E-3 2.26044E-3 2.27217E-3 2.29039E-3 2.28933E-3
3.15911E-3 4.65051E-3 4.31709E-3 3.85658E-3 1.86892E-2 1.44267E-2 3.46692E-3 1.46242E-2 9.43702E-3 9.56929E-3 1.18392E-2 1.07567E-2 1.10288E-2 1.05239E-2 9.04036E-3 8.50916E-3 9.6757E-3 6.61738E-3 6.1643E-3 8.8855E-3 8.45744E-3 1.2154E-2 9.2091E-3 6.27256E-3 5.16826E-3 5.13175E-3 5.07225E-3 4.8686E-3 4.92041E-3 3.84449E-3 3.93859E-3 4.6871E-3 5.04515E-3 3.37761E-3 4.32561E-3 3.12439E-3 2.6722E-3 2.71218E-3 3.16595E-3 3.23254E-3 3.30523E-3 3.17774E-3 3.21901E-3 3.17064E-3 3.29896E-3 2.97147E-3 2.9423E-3 2.95449E-3 2.80527E-3 2.81933E-3 2.47871E-3 2.44654E-3 2.64364E-3 2.35113E-3 2.21208E-3 2.22397E-3 2.21941E-3 2.17355E-3 2.26362E-3 2.27588E-3 2.27268E-3
2.01431E-3 2.99735E-3 3.79526E-3 2.82939E-3 1.72873E-2 1.61686E-2 2.80653E-3 4.2174E-3 1.17232E-2 1.38599E-2 1.75475E-2 1.41187E-2 5.00794E-3 1.00897E-2 9.90249E-3 9.88955E-3 1.02635E-2 7.05624E-3 1.02524E-2 1.03102E-2 1.04082E-2 1.57108E-2 1.00304E-2 7.61133E-3 6.5985E-3 6.40377E-3 5.82699E-3 5.38348E-3 5.15222E-3 4.43353E-3 3.89687E-3 4.04053E-3 4.99252E-3 3.32341E-3 4.00361E-3 3.14613E-3 2.59637E-3 2.68088E-3 3.13162E-3 3.24942E-3 3.21642E-3 3.05635E-3 2.98957E-3 3.03795E-3 2.9576E-3 3.0393E-3 3.07097E-3 2.86551E-3 2.7282E-3 2.73532E-3 2.53522E-3 2.28051E-3 2.38877E-3 2.79332E-3 2.13194E-3 2.14649E-3 2.16436E-3 2.18323E-3 2.19622E-3 2.28063E-3 2.21488E-3
2.47626E-3 2.06946E-3 2.35442E-3 1.7936E-2 1.6077E-2 1.85111E-2 1.72879E-2 6.63924E-3 1.51205E-2 7.644E-3 1.77395E-2 8.57566E-3 5.75829E-3 9.06756E-3 8.73278E-3 9.54157E-3 1.15935E-2 1.04025E-2 1.00194E-2 9.25364E-3 1.13596E-2 1.47523E-2 9.05955E-3 6.22417E-3 7.37173E-3 8.41305E-3 7.27271E-3 5.18783E-3 4.2708E-3 3.80218E-3 3.43492E-3 3.32773E-3 4.71448E-3 3.54182E-3 3.53798E-3 3.12757E-3 2.60975E-3 2.72127E-3 3.04311E-3 2.84314E-3 2.81292E-3 2.87901E-3 2.77987E-3 2.84552E-3 2.73168E-3 2.56758E-3 2.88288E-3 2.93073E-3 2.6799E-3 2.57489E-3 2.11674E-3 2.09911E-3 2.2517E-3 2.16263E-3 2.09491E-3 2.08817E-3 2.15557E-3 2.12117E-3 2.20029E-3 2.14735E-3 2.23579E-3
1.98251E-2 2.08073E-2 2.02555E-2 1.86204E-2 1.43862E-2 2.14075E-2 1.62216E-2 1.42574E-2 7.80926E-3 9.32357E-3 1.68953E-2 1.02625E-2 9.77413E-3 9.02656E-3 8.76105E-3 7.52307E-3 1.05588E-2 1.02081E-2 9.4555E-3 1.0095E-2 9.87507E-3 1.15112E-2 1.08875E-2 1.02787E-2 7.14955E-3 5.68209E-3 6.32497E-3 4.62017E-3 4.1239E-3 3.73638E-3 3.06654E-3 3.33581E-3 3.8841E-3 3.75119E-3 3.2096E-3 2.97628E-3 2.96026E-3 2.6067E-3 2.57761E-3 2.54772E-3 2.6288E-3 2.67325E-3 2.77753E-3 2.82714E-3 2.85675E-3 2.47375E-3 2.54542E-3 2.68706E-3 2.75512E-3 2.75422E-3 2.13382E-3 1.99816E-3 2.52099E-3 2.12514E-3 2.15328E-3 2.03448E-3 2.11514E-3 2.06273E-3 2.12147E-3 2.13462E-3 2.22526E-3
2.30322E-2 1.9612E-2 1.69852E-2 1.94973E-2 1.51611E-2 1.81737E-2 1.47737E-2 1.70212E-2 1.75682E-2 1.02587E-2 1.78516E-2 1.0153E-2 9.47138E-3 7.84163E-3 9.2447E-3 8.18975E-3 7.91635E-3 1.23436E-2 9.1825E-3 9.49406E-3 1.01223E-2 1.11107E-2 9.15622E-3 7.10901E-3 6.01777E-3 6.99775E-3 5.51135E-3 4.73872E-3 3.7783E-3 3.53843E-3 3.03152E-3 3.49443E-3 3.3481E-3 3.81242E-3 3.55533E-3 3.1215E-3 3.15741E-3 3.10593E-3 2.53806E-3 2.5818E-3 2.50362E-3 2.36312E-3 2.65722E-3 2.95313E-3 2.94065E-3 2.36857E-3 2.29106E-3 2.42021E-3 2.5126E-3 2.61923E-3 2.65687E-3 2.36828E-3 2.0892E-3 2.07794E-3 2.13208E-3 2.08324E-3 2.13007E-3 2.10502E-3 2.1619E-3 2.10626E-3 2.19635E-3
