Artocarpus hirsutus SDM files/Last interglacial/results (without bias file)/Arthir_0.asc
ncols         625
nrows         721
xllcorner     69.99986311115
yllcorner     5.99986151914999
cellsize      0.041666667
NODATA_value  -9999
[rows 540 to 566 of 721, columns 183 to 243 of 625]
2.44975E-3 3.11527E-3 2.19903E-3 8.38118E-4 6.41469E-4 6.99482E-4 6.15517E-4 9.8319E-4 7.91237E-4 1.20461E-3 7.68574E-4 1.04324E-3 1.10366E-3 9.05288E-4 9.85437E-4 1.27468E-3 1.71614E-3 1.63528E-3 1.29035E-3 1.56673E-3 8.33793E-4 1.152E-3 9.59387E-4 1.28719E-3 1.60852E-3 1.72599E-3 1.47594E-3 1.27823E-3 1.8664E-3 1.0025E-3 9.20512E-4 1.19222E-3 1.05903E-3 1.0236E-3 1.24974E-3 2.09455E-3 1.97797E-3 1.64108E-3 1.37325E-3 1.36724E-3 1.12958E-3 1.34087E-3 7.88531E-4 9.55837E-4 7.49854E-4 8.57149E-4 1.61735E-3 1.4863E-3 1.04028E-3 3.85703E-4 4.13779E-4 8.75737E-4 8.344E-4 2.96539E-4 2.37153E-4 2.9304E-4 2.57748E-4 3.02447E-4 2.7343E-4 2.6098E-4 2.76243E-4
2.40723E-3 3.23769E-3 1.69012E-3 1.34432E-3 9.60317E-4 8.95103E-4 8.08024E-4 9.07494E-4 9.69392E-4 1.20771E-3 8.32294E-4 8.8494E-4 9.09971E-4 8.69891E-4 9.0679E-4 1.33876E-3 1.73001E-3 2.30318E-3 1.95085E-3 1.17847E-3 7.86017E-4 7.01728E-4 8.72072E-4 1.10701E-3 2.24693E-3 1.60661E-3 1.29696E-3 1.33445E-3 1.2472E-3 9.68933E-4 1.48205E-3 2.10482E-3 1.47019E-3 9.74886E-4 1.18186E-3 1.45596E-3 1.27565E-3 1.19555E-3 1.69741E-3 1.02225E-3 1.12952E-3 1.03661E-3 1.36659E-3 1.25138E-3 1.00843E-3 9.40354E-4 1.03517E-3 1.59346E-3 1.21713E-3 6.53427E-4 6.90637E-4 1.21408E-3 5.62675E-4 3.27326E-4 3.7821E-4 2.55951E-4 2.84884E-4 2.9096E-4 2.92866E-4 2.67795E-4 2.344E-4
2.28042E-3 3.38118E-3 1.44652E-3 1.57373E-3 1.34097E-3 1.30352E-3 1.3976E-3 1.39706E-3 1.31329E-3 9.54028E-4 8.19438E-4 1.07266E-3 1.02346E-3 8.7431E-4 7.21057E-4 1.06342E-3 1.75974E-3 2.46E-3 1.91689E-3 1.92365E-3 9.75604E-4 6.42647E-4 1.04152E-3 1.02639E-3 1.6049E-3 1.4697E-3 1.98633E-3 2.22064E-3 1.01989E-3 1.57638E-3 2.66122E-3 1.33385E-3 1.13014E-3 1.33452E-3 1.61504E-3 1.70751E-3 1.45886E-3 2.27001E-3 1.86389E-3 1.10622E-3 1.43163E-3 1.44159E-3 1.99979E-3 1.54214E-3 1.10588E-3 9.565E-4 9.1706E-4 1.53823E-3 1.43037E-3 8.57384E-4 1.05465E-3 1.18635E-3 6.2756E-4 6.14564E-4 5.92982E-4 3.29957E-4 3.20266E-4 2.67482E-4 2.89253E-4 2.50268E-4 2.11998E-4
2.39204E-3 2.80778E-3 1.56927E-3 1.44068E-3 1.25054E-3 1.65188E-3 1.99187E-3 1.55214E-3 1.7243E-3 1.70686E-3 1.04612E-3 1.19646E-3 1.3424E-3 1.02596E-3 8.94381E-4 1.1952E-3 1.64326E-3 2.52879E-3 1.74436E-3 1.95665E-3 8.45586E-4 8.84904E-4 1.19791E-3 1.19202E-3 1.35608E-3 1.52485E-3 2.38607E-3 1.86862E-3 1.28387E-3 2.55415E-3 2.22722E-3 9.19098E-4 9.68385E-4 1.1065E-3 1.35619E-3 1.75021E-3 2.69202E-3 2.65734E-3 1.69921E-3 1.24603E-3 1.40176E-3 1.48734E-3 1.42908E-3 1.62579E-3 1.60877E-3 1.32503E-3 8.88536E-4 1.11818E-3 9.30148E-4 8.38886E-4 8.34665E-4 9.51933E-4 9.63786E-4 1.08352E-3 4.99929E-4 3.47467E-4 3.7998E-4 2.91901E-4 2.89448E-4 2.45607E-4 2.13266E-4
2.45971E-3 2.86429E-3 1.40369E-3 1.24234E-3 1.19424E-3 1.45339E-3 1.97544E-3 2.2215E-3 1.70386E-3 1.73827E-3 1.34444E-3 1.33859E-3 1.14091E-3 1.27049E-3 1.07356E-3 1.49166E-3 1.45254E-3 1.9491E-3 1.37819E-3 1.19452E-3 1.18667E-3 1.18926E-3 1.22588E-3 1.3283E-3 1.31198E-3 1.38468E-3 2.5587E-3 1.55138E-3 1.44617E-3 2.57509E-3 2.0738E-3 1.27447E-3 1.46759E-3 1.2195E-3 1.27152E-3 1.46186E-3 2.47704E-3 2.20848E-3 1.66576E-3 1.55623E-3 1.33405E-3 1.24055E-3 1.15325E-3 1.55582E-3 2.05641E-3 1.54475E-3 1.39958E-3 1.4866E-3 1.08063E-3 9.08114E-4 9.02253E-4 7.38431E-4 8.18071E-4 1.1371E-3 6.1118E-4 4.6021E-4 4.40105E-4 3.66498E-4 3.34262E-4 2.46514E-4 2.21802E-4
2.86735E-3 2.39761E-3 1.90251E-3 1.5583E-3 1.10451E-3 1.77308E-3 2.248E-3 1.53527E-3 1.28823E-3 1.80006E-3 1.52907E-3 1.33465E-3 1.33261E-3 1.13113E-3 1.35449E-3 1.72427E-3 1.2182E-3 1.83313E-3 1.29777E-3 1.04676E-3 9.76054E-4 1.00194E-3 1.09234E-3 1.28638E-3 1.6637E-3 1.24781E-3 2.39485E-3 1.61827E-3 1.81409E-3 1.56996E-3 1.21516E-3 1.45934E-3 1.49794E-3 1.34905E-3 1.89184E-3 1.97552E-3 1.78834E-3 2.05648E-3 1.92627E-3 1.76688E-3 1.4199E-3 1.24931E-3 1.05994E-3 1.08307E-3 1.38169E-3 1.34909E-3 1.10351E-3 1.05781E-3 9.67064E-4 9.20409E-4 1.07169E-3 8.40082E-4 6.28823E-4 5.81603E-4 5.26248E-4 5.42798E-4 4.97434E-4 3.82148E-4 3.43012E-4 2.61388E-4 2.31809E-4
2.645E-3 2.24354E-3 2.07376E-3 1.69937E-3 1.22462E-3 1.83148E-3 2.13143E-3 1.7509E-3 1.13376E-3 1.72186E-3 1.78407E-3 1.21099E-3 9.06717E-4 9.27434E-4 1.11605E-3 1.55894E-3 1.41095E-3 1.94036E-3 1.70168E-3 9.2628E-4 8.85022E-4 9.39984E-4 9.9769E-4 1.22411E-3 1.44694E-3 1.33114E-3 1.4749E-3 1.53121E-3 1.34854E-3 1.59053E-3 1.43156E-3 1.2078E-3 1.43313E-3 1.47033E-3 1.97554E-3 1.82457E-3 1.66491E-3 2.12329E-3 1.84649E-3 1.5691E-3 1.47162E-3 1.61914E-3 1.71535E-3 9.6953E-4 1.14367E-3 1.36112E-3 1.3164E-3 8.51006E-4 9.28912E-4 1.12227E-3 1.53543E-3 1.11356E-3 7.83691E-4 6.15211E-4 5.56826E-4 5.41509E-4 4.95222E-4 3.69886E-4 3.58203E-4 2.79794E-4 2.61404E-4
2.3513E-3 1.79458E-3 2.18633E-3 1.81966E-3 1.39586E-3 2.04658E-3 2.00791E-3 1.24993E-3 9.34098E-4 1.13507E-3 1.31622E-3 1.0863E-3 1.16019E-3 1.07485E-3 1.32957E-3 8.57888E-4 1.38549E-3 1.63378E-3 1.47524E-3 1.0528E-3 8.47965E-4 7.90243E-4 9.54021E-4 1.08101E-3 1.32378E-3 1.34327E-3 1.54224E-3 2.18085E-3 1.3627E-3 1.48608E-3 1.21008E-3 1.1411E-3 1.56036E-3 1.46932E-3 1.61472E-3 1.60873E-3 2.08581E-3 1.79669E-3 1.8987E-3 1.69593E-3 1.81362E-3 2.35437E-3 1.55666E-3 9.97454E-4 1.08274E-3 1.59642E-3 1.30582E-3 1.04213E-3 9.96831E-4 1.2451E-3 1.51401E-3 1.21514E-3 9.91718E-4 6.48088E-4 6.63545E-4 6.68145E-4 4.83377E-4 4.0037E-4 3.02113E-4 2.81688E-4 2.36127E-4
2.0843E-3 1.7552E-3 1.81958E-3 1.12705E-3 1.75083E-3 2.13161E-3 1.96108E-3 1.0933E-3 1.0973E-3 1.05309E-3 1.02135E-3 9.18547E-4 7.64354E-4 6.31254E-4 1.00481E-3 9.43861E-4 1.44638E-3 1.59007E-3 1.23531E-3 6.88082E-4 7.36027E-4 7.8441E-4 9.84993E-4 1.27895E-3 1.21727E-3 1.06888E-3 1.41429E-3 1.90772E-3 1.58856E-3 1.51397E-3 1.3031E-3 1.47144E-3 1.42391E-3 1.55494E-3 1.51968E-3 2.20343E-3 1.87586E-3 1.76241E-3 1.96387E-3 2.27921E-3 2.16665E-3 1.81713E-3 1.4845E-3 1.31273E-3 1.40317E-3 1.15406E-3 1.12668E-3 9.88614E-4 1.13474E-3 1.10546E-3 1.00408E-3 8.81722E-4 9.0757E-4 7.06262E-4 6.14049E-4 5.95509E-4 4.32805E-4 3.96257E-4 3.17595E-4 2.85034E-4 2.41093E-4
2.33773E-3 1.60709E-3 1.43883E-3 1.50761E-3 1.95303E-3 2.32558E-3 2.02171E-3 1.63595E-3 1.02669E-3 1.33669E-3 1.44791E-3 1.03494E-3 2.65558E-4 4.14214E-4 5.38156E-4 8.04443E-4 1.38952E-3 1.62181E-3 1.545E-3 8.02063E-4 7.08763E-4 1.03213E-3 1.26063E-3 1.31285E-3 1.4049E-3 1.36163E-3 1.45262E-3 1.90072E-3 1.69903E-3 1.25209E-3 1.5623E-3 1.67203E-3 1.28312E-3 1.31517E-3 1.74234E-3 1.98109E-3 1.78713E-3 1.83182E-3 1.73326E-3 2.38291E-3 2.15666E-3 1.57609E-3 1.49407E-3 1.33585E-3 1.52418E-3 1.25088E-3 1.32805E-3 1.02879E-3 9.3284E-4 1.06612E-3 9.27175E-4 8.0887E-4 7.50569E-4 6.4147E-4 6.21234E-4 5.91822E-4 4.39551E-4 4.16216E-4 3.49052E-4 2.8768E-4 2.22876E-4
2.11011E-3 1.85776E-3 1.52113E-3 1.36487E-3 2.36086E-3 2.06078E-3 2.33603E-3 2.19584E-3 1.47772E-3 2.01559E-3 1.15817E-3 3.04434E-4 2.22671E-4 3.46373E-4 5.87182E-4 4.11747E-4 1.36607E-3 1.45052E-3 1.37561E-3 1.11732E-3 7.16545E-4 7.86282E-4 1.56733E-3 1.72321E-3 1.74938E-3 1.51264E-3 1.47999E-3 2.07699E-3 1.64954E-3 1.71439E-3 3.17215E-3 2.197E-3 1.68542E-3 1.63213E-3 1.91635E-3 1.55011E-3 1.8002E-3 2.17381E-3 2.07028E-3 1.87724E-3 1.98473E-3 1.40334E-3 1.5257E-3 1.36527E-3 1.19697E-3 1.29954E-3 1.29366E-3 1.00775E-3 9.80428E-4 1.05219E-3 9.083E-4 8.19104E-4 8.12446E-4 6.41146E-4 6.09757E-4 4.81556E-4 4.7775E-4 4.75295E-4 4.27928E-4 3.29198E-4 2.63778E-4
2.17456E-3 1.59469E-3 1.84509E-3 1.38194E-3 2.09971E-3 2.18486E-3 2.79703E-3 2.46205E-3 1.83273E-3 1.95975E-3 1.07516E-3 3.31592E-4 2.33484E-4 3.9334E-4 4.56275E-4 3.75402E-4 6.55774E-4 1.36141E-3 1.25928E-3 1.11755E-3 7.24788E-4 8.21254E-4 1.00359E-3 2.36317E-3 2.57022E-3 2.31079E-3 1.41748E-3 1.59846E-3 1.69084E-3 2.34876E-3 3.98662E-3 2.18125E-3 2.04102E-3 2.38637E-3 2.665E-3 1.9495E-3 1.86495E-3 2.38155E-3 2.116E-3 1.79798E-3 1.62024E-3 1.47151E-3 1.71359E-3 1.42594E-3 1.35861E-3 1.35919E-3 1.35801E-3 1.09575E-3 1.08273E-3 1.10048E-3 8.82102E-4 7.88819E-4 7.95619E-4 6.62804E-4 6.03513E-4 4.40879E-4 4.39952E-4 3.99582E-4 3.81849E-4 3.3525E-4 2.70625E-4
1.62823E-3 1.2983E-3 1.39949E-3 1.43683E-3 2.03198E-3 2.72729E-3 2.77052E-3 2.4781E-3 1.56365E-3 2.16161E-3 1.04028E-3 9.21622E-4 2.47734E-4 5.23408E-4 8.95053E-4 4.46444E-4 2.64727E-4 9.28045E-4 1.04291E-3 1.49986E-3 1.12281E-3 9.1797E-4 8.02226E-4 1.62085E-3 2.01197E-3 3.25061E-3 1.46528E-3 1.54034E-3 2.58829E-3 2.25558E-3 3.72412E-3 3.59904E-3 2.94494E-3 2.19433E-3 2.90624E-3 3.00152E-3 2.2874E-3 2.21235E-3 1.87826E-3 1.98365E-3 2.09833E-3 1.71928E-3 1.48699E-3 1.34912E-3 1.36305E-3 1.42745E-3 1.39204E-3 1.15851E-3 1.14268E-3 1.14387E-3 9.05574E-4 8.51519E-4 8.35538E-4 6.87564E-4 6.38358E-4 4.48917E-4 4.41419E-4 4.03357E-4 3.83305E-4 3.6752E-4 3.12234E-4
1.50266E-3 1.24158E-3 1.59867E-3 1.40484E-3 2.25799E-3 3.06614E-3 2.43942E-3 2.43236E-3 1.48288E-3 1.77178E-3 1.58031E-3 1.34685E-3 4.60604E-4 5.67888E-4 1.47841E-3 7.77516E-4 3.55338E-4 5.06647E-4 8.53241E-4 1.26583E-3 1.14798E-3 9.93082E-4 9.32027E-4 9.45583E-4 1.45232E-3 2.96493E-3 1.96967E-3 2.43647E-3 1.77404E-3 2.29795E-3 3.63289E-3 3.52254E-3 2.21127E-3 2.48955E-3 2.54769E-3 2.45838E-3 2.31291E-3 2.35606E-3 2.4616E-3 2.23489E-3 2.42133E-3 2.04643E-3 1.64734E-3 1.33946E-3 1.40757E-3 1.46595E-3 1.3599E-3 1.13078E-3 1.18653E-3 1.15693E-3 9.33065E-4 8.81139E-4 7.54385E-4 7.45346E-4 5.38377E-4 5.03725E-4 5.13663E-4 4.13789E-4 3.92468E-4 3.04796E-4 3.05223E-4
1.47801E-3 1.40839E-3 1.69519E-3 2.15973E-3 1.89483E-3 3.28117E-3 2.40494E-3 2.46976E-3 1.5074E-3 1.30463E-3 1.36703E-3 9.84171E-4 1.0797E-3 9.07767E-4 1.57572E-3 1.37526E-3 5.38086E-4 5.33735E-4 8.02829E-4 1.2401E-3 1.82696E-3 1.47576E-3 1.0386E-3 1.188E-3 1.21167E-3 1.64881E-3 1.51024E-3 1.69838E-3 1.59058E-3 1.98985E-3 2.32428E-3 2.2949E-3 2.0678E-3 2.36997E-3 2.32798E-3 2.08261E-3 2.15105E-3 2.02181E-3 1.80497E-3 1.66661E-3 2.02638E-3 1.95498E-3 1.86144E-3 1.43555E-3 1.51614E-3 1.49742E-3 1.51111E-3 1.22988E-3 1.22055E-3 1.21674E-3 9.4623E-4 9.11303E-4 8.08434E-4 7.92943E-4 5.17054E-4 4.79474E-4 4.00549E-4 4.16161E-4 3.57056E-4 3.55431E-4 3.06888E-4
2.42459E-3 2.36352E-3 2.30345E-3 2.42789E-3 1.68919E-3 2.5849E-3 3.06546E-3 2.63381E-3 1.87602E-3 2.104E-3 1.27089E-3 8.11787E-4 1.04298E-3 1.31972E-3 1.83263E-3 1.78619E-3 6.40907E-4 7.07605E-4 8.59529E-4 1.63575E-3 2.1888E-3 1.86575E-3 1.37196E-3 1.28899E-3 1.49675E-3 1.40055E-3 2.51107E-3 1.60457E-3 1.54048E-3 1.59859E-3 1.75684E-3 2.81866E-3 1.66668E-3 1.56946E-3 1.66847E-3 1.9405E-3 2.75027E-3 2.86931E-3 2.32183E-3 1.51816E-3 1.61145E-3 1.85349E-3 1.94302E-3 1.60972E-3 1.53586E-3 1.61157E-3 1.3411E-3 1.28276E-3 1.2791E-3 1.06266E-3 1.04028E-3 9.45664E-4 8.29829E-4 8.4279E-4 5.93067E-4 4.96516E-4 4.04205E-4 3.92333E-4 3.58837E-4 3.58518E-4 2.89409E-4
3.32279E-3 2.53975E-3 2.18568E-3 2.28217E-3 2.05476E-3 1.93898E-3 2.55445E-3 2.4241E-3 1.67148E-3 1.49317E-3 1.67151E-3 9.29768E-4 1.03966E-3 1.70491E-3 2.16028E-3 2.38478E-3 1.60926E-3 9.48383E-4 9.22779E-4 1.87128E-3 2.15744E-3 2.83106E-3 2.39811E-3 1.1804E-3 1.4794E-3 1.46457E-3 1.62753E-3 1.31497E-3 2.1926E-3 1.70916E-3 1.6111E-3 2.429E-3 2.36705E-3 2.50526E-3 1.76425E-3 1.60552E-3 2.65388E-3 2.94267E-3 2.24295E-3 1.56086E-3 1.76875E-3 1.78455E-3 2.00625E-3 1.74946E-3 1.68922E-3 1.73289E-3 1.47135E-3 1.38141E-3 1.3667E-3 1.08062E-3 1.00485E-3 9.7736E-4 8.11495E-4 7.84414E-4 6.7164E-4 5.57561E-4 4.27967E-4 4.19335E-4 3.94718E-4 3.11262E-4 2.40911E-4
4.19049E-3 2.18751E-3 2.06217E-3 2.25824E-3 2.86128E-3 2.3338E-3 2.36162E-3 2.79938E-3 2.52515E-3 1.95218E-3 1.47818E-3 6.68288E-4 1.1478E-3 1.81111E-3 1.98474E-3 2.2521E-3 2.35857E-3 1.30357E-3 1.05037E-3 2.09805E-3 2.72242E-3 3.02068E-3 3.02904E-3 1.66593E-3 1.54598E-3 1.47663E-3 1.58112E-3 3.51534E-3 4.54259E-3 1.62485E-3 1.62506E-3 2.08828E-3 3.65031E-3 3.08757E-3 3.00938E-3 1.55923E-3 2.56109E-3 3.13184E-3 1.77629E-3 1.76407E-3 1.88187E-3 2.13506E-3 2.12796E-3 1.8945E-3 1.718E-3 1.76138E-3 1.40524E-3 1.37839E-3 1.40416E-3 1.1697E-3 1.15813E-3 1.03365E-3 8.50814E-4 8.08798E-4 6.79157E-4 6.58538E-4 4.68321E-4 4.24945E-4 3.70707E-4 3.14263E-4 2.69151E-4
3.65401E-3 3.44791E-3 2.5894E-3 2.31135E-3 2.21036E-3 2.10321E-3 2.37708E-3 2.97449E-3 2.22521E-3 2.49647E-3 2.03979E-3 5.80717E-4 1.13657E-3 1.27565E-3 2.31182E-3 2.21058E-3 1.86889E-3 1.40778E-3 1.40573E-3 1.9096E-3 2.09317E-3 2.73466E-3 4.10142E-3 2.4372E-3 1.38489E-3 1.25795E-3 2.31177E-3 4.28907E-3 2.80157E-3 1.49119E-3 2.07196E-3 2.59817E-3 3.86998E-3 2.99004E-3 2.73099E-3 1.90341E-3 2.62198E-3 2.72954E-3 2.82323E-3 2.00338E-3 2.12793E-3 2.23381E-3 2.38191E-3 1.99987E-3 1.9713E-3 1.89358E-3 1.9256E-3 1.42457E-3 1.43915E-3 1.17789E-3 1.1009E-3 8.76002E-4 8.82865E-4 7.29202E-4 6.71284E-4 5.76337E-4 5.92503E-4 4.64089E-4 4.27323E-4 3.56928E-4 3.19235E-4
4.05201E-3 3.64193E-3 3.21452E-3 2.50592E-3 2.48861E-3 2.26553E-3 1.73911E-3 2.55913E-3 1.96999E-3 1.91121E-3 2.16018E-3 9.89523E-4 6.74243E-4 1.46972E-3 1.62233E-3 2.96127E-3 2.06475E-3 1.3179E-3 1.60493E-3 1.51921E-3 1.8622E-3 1.80314E-3 3.90809E-3 1.81371E-3 1.17453E-3 1.42016E-3 2.89633E-3 4.4171E-3 2.12966E-3 1.61651E-3 1.82711E-3 3.61461E-3 3.31459E-3 3.33727E-3 2.10894E-3 1.63081E-3 1.94636E-3 2.56055E-3 2.59775E-3 2.23494E-3 2.10307E-3 2.24095E-3 2.32504E-3 1.9855E-3 2.2093E-3 2.00263E-3 1.57892E-3 1.47237E-3 1.4151E-3 1.16742E-3 1.04879E-3 8.91758E-4 8.78001E-4 7.08033E-4 6.45772E-4 5.89314E-4 6.2777E-4 5.40691E-4 4.01738E-4 3.43476E-4 2.75553E-4
4.21307E-3 4.42586E-3 4.60117E-3 2.84628E-3 2.7396E-3 2.29164E-3 2.39784E-3 1.93444E-3 2.31854E-3 2.09334E-3 1.92202E-3 1.95885E-3 6.21996E-4 1.00137E-3 1.71505E-3 3.09087E-3 2.47321E-3 2.02618E-3 1.4957E-3 1.6448E-3 1.44263E-3 1.29685E-3 1.47172E-3 1.18168E-3 2.15987E-3 3.12671E-3 4.19158E-3 2.88247E-3 2.09437E-3 1.61031E-3 2.75217E-3 5.40976E-3 3.70005E-3 2.45515E-3 2.65113E-3 1.58842E-3 2.1396E-3 2.14768E-3 2.40762E-3 2.16645E-3 2.24816E-3 2.25653E-3 2.23326E-3 2.05617E-3 1.96093E-3 2.00657E-3 1.64601E-3 1.56166E-3 1.55848E-3 1.21781E-3 1.19718E-3 9.08301E-4 8.73686E-4 6.81875E-4 6.66715E-4 6.45765E-4 5.26027E-4 5.58767E-4 3.83995E-4 4.08228E-4 3.60142E-4
4.34947E-3 5.35502E-3 5.09539E-3 4.59351E-3 3.00782E-3 2.85181E-3 2.96247E-3 1.75291E-3 2.01874E-3 1.94366E-3 1.78214E-3 3.13979E-3 8.0957E-4 1.16485E-3 1.80016E-3 3.126E-3 2.00801E-3 3.31869E-3 1.93978E-3 1.96934E-3 1.73445E-3 1.37744E-3 1.18161E-3 1.10515E-3 2.47181E-3 2.69136E-3 3.83233E-3 3.62913E-3 3.05032E-3 2.08584E-3 4.14075E-3 5.37383E-3 2.81229E-3 2.90505E-3 1.96179E-3 1.83791E-3 2.03703E-3 2.13296E-3 2.40214E-3 2.13703E-3 2.19927E-3 2.12978E-3 2.2929E-3 1.90392E-3 1.81944E-3 1.88659E-3 1.54104E-3 1.50393E-3 1.4318E-3 1.2166E-3 1.15828E-3 9.62444E-4 9.79177E-4 7.18803E-4 6.21662E-4 7.301E-4 6.7018E-4 6.04409E-4 3.4414E-4 3.58776E-4 3.25215E-4
5.04715E-3 4.70497E-3 4.34238E-3 4.84647E-3 3.03716E-3 2.82528E-3 3.88724E-3 2.51231E-3 1.87171E-3 2.22282E-3 1.82702E-3 2.60062E-3 8.45458E-4 1.28645E-3 1.70955E-3 1.6218E-3 1.8382E-3 2.87463E-3 3.43506E-3 2.2006E-3 1.80194E-3 1.48059E-3 1.10029E-3 2.25992E-3 5.62343E-3 2.56235E-3 1.61914E-3 2.93106E-3 3.64851E-3 3.13287E-3 4.63242E-3 5.19255E-3 2.49219E-3 2.8647E-3 2.14252E-3 2.35903E-3 2.03133E-3 2.29268E-3 2.4515E-3 2.12277E-3 2.15842E-3 2.11946E-3 2.1821E-3 1.90437E-3 1.83948E-3 1.78756E-3 1.43831E-3 1.527E-3 1.44941E-3 1.3424E-3 1.03487E-3 9.41683E-4 8.18992E-4 7.58642E-4 6.05474E-4 7.22237E-4 6.78086E-4 7.11146E-4 4.68936E-4 3.59192E-4 3.52201E-4
4.88986E-3 4.29342E-3 3.62271E-3 3.09032E-3 2.83355E-3 2.69141E-3 3.53095E-3 3.43517E-3 2.17867E-3 2.13969E-3 1.82703E-3 1.50235E-3 9.66262E-4 1.22456E-3 1.7514E-3 1.45185E-3 1.83766E-3 1.99273E-3 3.19977E-3 2.58739E-3 1.74804E-3 1.47979E-3 1.24619E-3 3.94278E-3 5.84946E-3 3.42102E-3 1.33911E-3 2.94143E-3 3.64082E-3 4.12129E-3 5.00808E-3 3.29751E-3 3.39508E-3 2.59609E-3 3.3377E-3 2.14336E-3 2.23041E-3 2.09463E-3 2.27161E-3 1.9831E-3 2.0584E-3 2.06794E-3 2.20051E-3 1.94287E-3 1.80579E-3 1.743E-3 1.53966E-3 1.5451E-3 1.23087E-3 1.2482E-3 1.06029E-3 9.7102E-4 8.18086E-4 8.6409E-4 6.44723E-4 6.00917E-4 6.92823E-4 6.21675E-4 5.51467E-4 4.22757E-4 3.75119E-4
6.05859E-3 5.16851E-3 4.44753E-3 3.65157E-3 2.49254E-3 2.98593E-3 2.29523E-3 4.18947E-3 2.65695E-3 2.89453E-3 2.24785E-3 1.60228E-3 9.86054E-4 1.29233E-3 1.31471E-3 1.75684E-3 1.42608E-3 2.28956E-3 2.0148E-3 2.55931E-3 2.1394E-3 1.59119E-3 1.36039E-3 3.33766E-3 2.26374E-3 2.5912E-3 2.43946E-3 4.07374E-3 2.63662E-3 4.38847E-3 4.52479E-3 3.05776E-3 3.16276E-3 2.56712E-3 2.60101E-3 1.85938E-3 2.01706E-3 2.10988E-3 2.24858E-3 2.42106E-3 1.95213E-3 1.93818E-3 2.06323E-3 1.72536E-3 1.70415E-3 1.76716E-3 1.49917E-3 1.49164E-3 1.51453E-3 1.17665E-3 9.65081E-4 9.89124E-4 7.89328E-4 7.73144E-4 6.43248E-4 6.68211E-4 5.85533E-4 5.6043E-4 4.89156E-4 4.11276E-4 3.37026E-4
5.77957E-3 7.80386E-3 5.17182E-3 4.62378E-3 3.91853E-3 2.89353E-3 2.88254E-3 2.81138E-3 2.1904E-3 2.77396E-3 3.28682E-3 1.73873E-3 1.07704E-3 1.61266E-3 1.96659E-3 2.59747E-3 1.76977E-3 1.36958E-3 1.63612E-3 2.20337E-3 2.24595E-3 1.84017E-3 1.63712E-3 2.28758E-3 2.85968E-3 4.69111E-3 5.58888E-3 2.09472E-3 3.51051E-3 4.56215E-3 3.26657E-3 1.73139E-3 1.87896E-3 2.75133E-3 2.77933E-3 1.91723E-3 1.86348E-3 2.12571E-3 2.40806E-3 2.43534E-3 1.80364E-3 1.94394E-3 2.21865E-3 1.61707E-3 1.58369E-3 1.59239E-3 1.41349E-3 1.33412E-3 1.04214E-3 1.09959E-3 8.89689E-4 8.78146E-4 7.76779E-4 6.78435E-4 5.44745E-4 4.74182E-4 4.62229E-4 3.64541E-4 4.22675E-4 3.95168E-4 4.11192E-4
6.20673E-3 6.65672E-3 5.35692E-3 3.43322E-3 3.63262E-3 3.54893E-3 4.77843E-3 4.58496E-3 1.59757E-3 2.0617E-3 3.41147E-3 3.33367E-3 2.78168E-3 1.33615E-3 1.34948E-3 3.47605E-3 2.26923E-3 1.57163E-3 1.70859E-3 2.09092E-3 2.19387E-3 2.02434E-3 1.75591E-3 2.18959E-3 2.42025E-3 5.41126E-3 4.97471E-3 1.73944E-3 6.53736E-3 4.94309E-3 2.60462E-3 1.92112E-3 2.44828E-3 1.87486E-3 2.21957E-3 2.1201E-3 1.9879E-3 2.26944E-3 2.31248E-3 2.30482E-3 1.86904E-3 2.14586E-3 2.08773E-3 1.60149E-3 1.68602E-3 1.56318E-3 1.2676E-3 1.28597E-3 1.06839E-3 1.06703E-3 9.10261E-4 9.21759E-4 7.88994E-4 7.38824E-4 5.62314E-4 5.03604E-4 5.49126E-4 4.77677E-4 3.6504E-4 3.91863E-4 3.35173E-4
