Artocarpus hirsutus SDM files/Last interglacial/results (without bias file)/Arthir_7.asc
ncols         625
nrows         721
xllcorner     69.99986311115
yllcorner     5.99986151914999
cellsize      0.041666667
NODATA_value  -9999
[rows 621 to 647 of 721, columns 183 to 243 of 625]
4.56004E-2 3.70384E-2 3.08768E-2 1.85949E-2 2.24168E-2 1.69044E-2 1.37335E-2 1.13164E-2 2.07812E-2 2.44449E-2 1.32748E-2 1.34243E-2 1.04978E-2 9.60809E-3 1.09577E-2 1.14107E-2 8.36647E-3 7.89167E-3 8.20657E-3 8.30823E-3 8.57949E-3 6.94752E-3 6.87063E-3 6.82165E-3 7.27534E-3 6.06752E-3 5.91408E-3 4.96339E-3 5.01824E-3 4.77623E-3 3.94106E-3 4.1595E-3 4.22077E-3 3.30196E-3 3.18092E-3 2.60162E-3 2.27821E-3 1.71405E-3 1.19492E-3 -9999 -9999 -9999 -9999 -9999 -9999 -9999 -9999 -9999 -9999 -9999 -9999 -9999 -9999 -9999 -9999 -9999 -9999 -9999 -9999 -9999 -9999
4.034E-2 3.74621E-2 2.93735E-2 2.03148E-2 2.05367E-2 1.80842E-2 1.56359E-2 1.24308E-2 1.31242E-2 1.36917E-2 1.58729E-2 1.19457E-2 9.16085E-3 1.03036E-2 1.33287E-2 1.2427E-2 1.04542E-2 8.4118E-3 8.16121E-3 8.62945E-3 8.79288E-3 8.98774E-3 6.90493E-3 6.87506E-3 5.80536E-3 6.38264E-3 6.36578E-3 5.32157E-3 5.40075E-3 5.25766E-3 4.18783E-3 4.24683E-3 3.43301E-3 3.53886E-3 3.38466E-3 2.59552E-3 1.98596E-3 1.72383E-3 1.28066E-3 -9999 -9999 -9999 -9999 -9999 -9999 -9999 -9999 -9999 -9999 -9999 -9999 -9999 -9999 -9999 -9999 -9999 -9999 -9999 -9999 -9999 -9999
4.14314E-2 3.39686E-2 3.22032E-2 2.85863E-2 2.28308E-2 2.12083E-2 1.8358E-2 1.55714E-2 1.58133E-2 1.58531E-2 1.4955E-2 1.3259E-2 1.0932E-2 1.17838E-2 1.27433E-2 1.17298E-2 1.07537E-2 8.25449E-3 8.40528E-3 8.20534E-3 8.38925E-3 6.95711E-3 7.07987E-3 6.84472E-3 7.10274E-3 6.22163E-3 6.47406E-3 5.35568E-3 5.34938E-3 5.27535E-3 4.29714E-3 4.19352E-3 3.42088E-3 3.63571E-3 2.92551E-3 2.61565E-3 2.03609E-3 1.4867E-3 1.26585E-3 -9999 -9999 -9999 -9999 -9999 -9999 -9999 -9999 -9999 -9999 -9999 -9999 -9999 -9999 -9999 -9999 -9999 -9999 -9999 -9999 -9999 -9999
3.86415E-2 4.18282E-2 4.80946E-2 3.81373E-2 3.08667E-2 2.27349E-2 2.21176E-2 1.84326E-2 1.77835E-2 1.36182E-2 1.36121E-2 1.4951E-2 1.36235E-2 1.40494E-2 1.12406E-2 1.18601E-2 1.1364E-2 8.86188E-3 9.23216E-3 8.9112E-3 8.8897E-3 8.96485E-3 7.08995E-3 7.11931E-3 7.34015E-3 5.80442E-3 6.47538E-3 6.29873E-3 5.16823E-3 5.16304E-3 4.26146E-3 4.30707E-3 3.61815E-3 3.66364E-3 2.90333E-3 2.81154E-3 2.0812E-3 1.4794E-3 1.38107E-3 1.01179E-3 -9999 -9999 -9999 -9999 -9999 -9999 -9999 -9999 -9999 -9999 -9999 -9999 -9999 -9999 -9999 -9999 -9999 -9999 -9999 -9999 -9999
4.71488E-2 5.42283E-2 3.54803E-2 3.94545E-2 3.05375E-2 2.26914E-2 2.0291E-2 2.16456E-2 2.09695E-2 1.84481E-2 1.37929E-2 1.41543E-2 1.33767E-2 1.37058E-2 1.10997E-2 1.1028E-2 1.11069E-2 1.1048E-2 8.87251E-3 9.52394E-3 8.5355E-3 8.88389E-3 7.4075E-3 7.4538E-3 7.38322E-3 6.00662E-3 6.05524E-3 5.07752E-3 5.18666E-3 4.15514E-3 4.23489E-3 3.48495E-3 3.38985E-3 2.96542E-3 2.92994E-3 2.34322E-3 2.07218E-3 1.63599E-3 1.51345E-3 -9999 -9999 -9999 -9999 -9999 -9999 -9999 -9999 -9999 -9999 -9999 -9999 -9999 -9999 -9999 -9999 -9999 -9999 -9999 -9999 -9999 -9999
5.821E-2 7.50789E-2 6.07759E-2 4.05495E-2 3.24201E-2 3.05555E-2 2.13124E-2 1.95955E-2 2.13699E-2 2.33528E-2 1.96384E-2 1.43455E-2 1.4342E-2 1.16547E-2 1.07601E-2 1.10111E-2 1.11182E-2 1.04235E-2 8.2545E-3 9.32316E-3 9.21745E-3 9.07462E-3 7.05086E-3 6.85702E-3 7.45437E-3 6.31621E-3 6.29797E-3 5.01435E-3 5.24242E-3 4.29353E-3 4.22789E-3 3.56498E-3 3.47709E-3 2.8221E-3 2.38744E-3 2.27747E-3 1.76556E-3 1.68885E-3 -9999 -9999 -9999 -9999 -9999 -9999 -9999 -9999 -9999 -9999 -9999 -9999 -9999 -9999 -9999 -9999 -9999 -9999 -9999 -9999 -9999 -9999 -9999
5.11678E-2 3.65889E-2 4.14995E-2 3.7737E-2 3.79958E-2 3.29739E-2 2.34701E-2 2.2036E-2 2.18433E-2 2.16437E-2 2.07128E-2 1.57863E-2 1.4974E-2 1.44091E-2 1.41891E-2 1.08504E-2 1.13643E-2 1.11397E-2 8.61099E-3 8.99902E-3 8.99498E-3 6.91657E-3 7.249E-3 7.13383E-3 6.03751E-3 6.05835E-3 6.17918E-3 5.12994E-3 4.97496E-3 4.05709E-3 4.0132E-3 3.22506E-3 2.5917E-3 2.75479E-3 2.32421E-3 2.20061E-3 1.77737E-3 -9999 -9999 -9999 -9999 -9999 -9999 -9999 -9999 -9999 -9999 -9999 -9999 -9999 -9999 -9999 -9999 -9999 -9999 -9999 -9999 -9999 -9999 -9999 -9999
5.96009E-2 3.83696E-2 4.06477E-2 3.16429E-2 3.43874E-2 3.44833E-2 3.2708E-2 2.40808E-2 2.12918E-2 2.23478E-2 2.15959E-2 1.55361E-2 1.58057E-2 1.50849E-2 1.50061E-2 1.09914E-2 1.13568E-2 1.11851E-2 8.49942E-3 9.14877E-3 9.27739E-3 7.5911E-3 7.10148E-3 7.45413E-3 6.35632E-3 6.40716E-3 5.86095E-3 5.0662E-3 4.89516E-3 3.99116E-3 3.36661E-3 3.10349E-3 2.68257E-3 2.67866E-3 2.11368E-3 1.97473E-3 -9999 -9999 -9999 -9999 -9999 -9999 -9999 -9999 -9999 -9999 -9999 -9999 -9999 -9999 -9999 -9999 -9999 -9999 -9999 -9999 -9999 -9999 -9999 -9999 -9999
5.72628E-2 5.83144E-2 4.93837E-2 3.71412E-2 3.52329E-2 3.35151E-2 3.28574E-2 3.13021E-2 2.28148E-2 2.22851E-2 2.10649E-2 2.2382E-2 1.70478E-2 1.56006E-2 1.6033E-2 1.21757E-2 1.16017E-2 1.15828E-2 8.95496E-3 9.01024E-3 9.63143E-3 9.39044E-3 7.49969E-3 7.79361E-3 8.2561E-3 6.24348E-3 6.11314E-3 4.97885E-3 4.96048E-3 4.19674E-3 3.3064E-3 3.26094E-3 2.67349E-3 2.16879E-3 2.05033E-3 1.71507E-3 -9999 -9999 -9999 -9999 -9999 -9999 -9999 -9999 -9999 -9999 -9999 -9999 -9999 -9999 -9999 -9999 -9999 -9999 -9999 -9999 1.97138E-5 1.62401E-5 1.20825E-5 1.29224E-5 1.53076E-5
8.13245E-2 5.2459E-2 4.91274E-2 4.06555E-2 3.73722E-2 3.60803E-2 3.44202E-2 2.51555E-2 2.40144E-2 2.21902E-2 2.04532E-2 2.11729E-2 1.77777E-2 1.69235E-2 1.63164E-2 1.57622E-2 1.23205E-2 1.20033E-2 9.16591E-3 9.64854E-3 1.0423E-2 8.07154E-3 8.45367E-3 8.35345E-3 6.39587E-3 6.1032E-3 4.91713E-3 5.07358E-3 4.28375E-3 4.21258E-3 3.29522E-3 3.27964E-3 2.64035E-3 2.05834E-3 2.04027E-3 -9999 -9999 -9999 -9999 -9999 -9999 -9999 -9999 -9999 -9999 -9999 -9999 -9999 -9999 -9999 -9999 -9999 -9999 -9999 3.96671E-5 3.05371E-5 2.61217E-5 2.63455E-5 2.04526E-5 1.80341E-5 2.08337E-5
1.31985E-1 1.12649E-1 6.01608E-2 6.32816E-2 5.18829E-2 3.7812E-2 3.5855E-2 3.52695E-2 2.49969E-2 2.41903E-2 2.1487E-2 2.08128E-2 1.70977E-2 1.76999E-2 1.68678E-2 1.66039E-2 1.20941E-2 1.20252E-2 1.21149E-2 9.78391E-3 1.01604E-2 7.77541E-3 7.84855E-3 7.63681E-3 5.74503E-3 5.7459E-3 4.61712E-3 4.80853E-3 3.95771E-3 3.83466E-3 3.24485E-3 2.50211E-3 2.48652E-3 2.03298E-3 -9999 -9999 -9999 -9999 -9999 -9999 -9999 -9999 -9999 -9999 -9999 -9999 -9999 -9999 -9999 -9999 -9999 -9999 -9999 5.45101E-5 4.50559E-5 4.53511E-5 3.75512E-5 2.85973E-5 2.67742E-5 2.11502E-5 2.04295E-5
4.52943E-2 7.86207E-2 4.30031E-2 4.73415E-2 5.16624E-2 4.00919E-2 3.81281E-2 3.62447E-2 2.69519E-2 2.53745E-2 2.3738E-2 2.17201E-2 1.70042E-2 1.65508E-2 1.73065E-2 1.68732E-2 1.32057E-2 1.23927E-2 9.80153E-3 9.77237E-3 9.95152E-3 7.71406E-3 7.42752E-3 5.5331E-3 5.58848E-3 5.26329E-3 4.40949E-3 3.43781E-3 3.5015E-3 3.46753E-3 2.89077E-3 2.45669E-3 2.26224E-3 1.92662E-3 -9999 -9999 -9999 -9999 -9999 -9999 -9999 -9999 -9999 -9999 -9999 -9999 -9999 -9999 -9999 -9999 -9999 7.18292E-5 -9999 6.55439E-5 5.01686E-5 5.1759E-5 5.20515E-5 3.64311E-5 3.04592E-5 2.53197E-5 2.218E-5
4.80335E-2 5.58909E-2 5.0854E-2 4.88395E-2 4.38473E-2 4.26399E-2 3.70999E-2 3.69314E-2 3.63382E-2 2.64769E-2 2.41761E-2 2.33672E-2 1.7836E-2 1.72012E-2 1.71965E-2 1.71694E-2 1.3108E-2 1.30513E-2 1.27611E-2 1.00886E-2 1.04427E-2 7.63531E-3 6.79863E-3 5.51156E-3 5.29296E-3 4.37076E-3 4.12014E-3 3.93792E-3 3.2543E-3 2.60624E-3 2.62131E-3 2.19089E-3 1.78775E-3 -9999 -9999 -9999 -9999 -9999 -9999 -9999 -9999 -9999 -9999 -9999 -9999 -9999 -9999 -9999 -9999 -9999 -9999 8.18406E-5 -9999 7.08282E-5 5.67734E-5 5.27613E-5 -9999 4.97955E-5 3.8923E-5 3.40693E-5 3.35044E-5
7.08117E-2 6.92054E-2 5.19582E-2 5.21448E-2 5.28649E-2 5.57706E-2 4.02867E-2 3.61995E-2 3.69882E-2 2.72412E-2 2.50863E-2 2.40756E-2 1.90168E-2 1.77717E-2 1.70447E-2 1.79879E-2 1.3664E-2 1.37775E-2 1.34131E-2 1.08367E-2 1.04223E-2 7.40927E-3 7.15905E-3 5.62858E-3 4.32054E-3 4.13756E-3 3.31119E-3 3.21477E-3 2.5814E-3 2.54952E-3 2.08377E-3 2.09267E-3 -9999 -9999 -9999 -9999 -9999 -9999 -9999 -9999 -9999 -9999 -9999 -9999 -9999 -9999 -9999 -9999 -9999 -9999 -9999 8.81157E-5 7.96825E-5 7.06808E-5 6.67557E-5 6.0328E-5 5.53244E-5 5.00962E-5 4.35711E-5 3.57698E-5 3.63122E-5
1.10533E-1 8.71047E-2 7.27427E-2 6.80709E-2 5.23992E-2 5.0415E-2 5.68579E-2 3.82381E-2 3.4801E-2 2.6556E-2 2.89844E-2 2.4871E-2 1.87362E-2 1.82465E-2 1.77568E-2 1.46247E-2 1.38495E-2 1.42392E-2 1.07249E-2 1.04476E-2 1.03414E-2 7.72197E-3 5.75847E-3 5.32315E-3 4.47E-3 4.23392E-3 3.23291E-3 3.17426E-3 2.5567E-3 2.50343E-3 2.05181E-3 1.69998E-3 -9999 -9999 -9999 -9999 -9999 -9999 -9999 -9999 -9999 -9999 -9999 -9999 -9999 -9999 -9999 -9999 1.43108E-4 -9999 -9999 1.14227E-4 1.08954E-4 7.55094E-5 -9999 -9999 -9999 -9999 4.84768E-5 4.16532E-5 3.61307E-5
1.02199E-1 8.223E-2 7.82887E-2 7.32655E-2 5.38827E-2 5.16692E-2 5.44034E-2 4.06397E-2 3.44433E-2 3.59944E-2 2.89847E-2 2.78596E-2 1.86737E-2 1.7887E-2 1.70618E-2 1.34772E-2 1.39288E-2 1.46283E-2 1.11759E-2 1.05584E-2 7.96507E-3 7.69028E-3 5.88692E-3 5.54873E-3 4.11514E-3 4.06514E-3 3.18282E-3 2.98478E-3 2.42681E-3 1.9151E-3 1.92135E-3 1.57257E-3 -9999 -9999 -9999 -9999 -9999 -9999 -9999 -9999 -9999 -9999 -9999 -9999 -9999 -9999 -9999 -9999 1.68044E-4 1.432E-4 1.25173E-4 -9999 -9999 -9999 -9999 -9999 -9999 -9999 -9999 -9999 4.2519E-5
1.07759E-1 8.71352E-2 7.74291E-2 7.7386E-2 5.95957E-2 5.34421E-2 4.10431E-2 4.12968E-2 3.66296E-2 3.86976E-2 2.76926E-2 2.78864E-2 2.53765E-2 1.71153E-2 1.6856E-2 1.36513E-2 1.34712E-2 1.1411E-2 1.09169E-2 1.11468E-2 8.29672E-3 7.60721E-3 5.91892E-3 5.56466E-3 4.27547E-3 3.31728E-3 3.09258E-3 2.3593E-3 1.93111E-3 1.80016E-3 1.4288E-3 -9999 -9999 -9999 -9999 -9999 -9999 -9999 -9999 -9999 -9999 -9999 -9999 -9999 -9999 -9999 -9999 -9999 1.7735E-4 1.68691E-4 1.50382E-4 -9999 -9999 -9999 -9999 -9999 -9999 7.09846E-5 -9999 -9999 -9999
8.76525E-2 1.05651E-1 9.12209E-2 8.12652E-2 6.44048E-2 6.40665E-2 5.47364E-2 3.99459E-2 3.64074E-2 3.87943E-2 2.71339E-2 2.81965E-2 2.78895E-2 2.0232E-2 1.89684E-2 1.41405E-2 1.3487E-2 1.3584E-2 1.08055E-2 1.0697E-2 8.28016E-3 6.57951E-3 6.20461E-3 4.45169E-3 4.08961E-3 3.32442E-3 2.41699E-3 2.28308E-3 1.93116E-3 1.77524E-3 1.32786E-3 1.06903E-3 -9999 -9999 -9999 -9999 -9999 -9999 -9999 -9999 -9999 -9999 -9999 -9999 -9999 -9999 -9999 -9999 -9999 -9999 -9999 -9999 -9999 -9999 -9999 -9999 -9999 -9999 -9999 -9999 5.87705E-5
1.06829E-1 1.02739E-1 8.42839E-2 8.67904E-2 7.84666E-2 6.04404E-2 5.86513E-2 4.23555E-2 3.88004E-2 3.62501E-2 2.84888E-2 2.6495E-2 2.80684E-2 2.10306E-2 2.15092E-2 1.48267E-2 1.47658E-2 1.38331E-2 1.11335E-2 8.90341E-3 8.61168E-3 6.42991E-3 5.75976E-3 4.41856E-3 4.3308E-3 3.08175E-3 2.46391E-3 2.31821E-3 1.81897E-3 1.38341E-3 1.13086E-3 1.03411E-3 -9999 -9999 -9999 -9999 -9999 -9999 -9999 -9999 -9999 -9999 -9999 -9999 -9999 -9999 -9999 -9999 -9999 -9999 -9999 -9999 -9999 -9999 -9999 -9999 -9999 -9999 9.00373E-5 7.00737E-5 6.14367E-5
1.15251E-1 1.08574E-1 8.03839E-2 8.58134E-2 6.29756E-2 5.82215E-2 5.23175E-2 3.95477E-2 4.01892E-2 3.95781E-2 2.82657E-2 2.82297E-2 3.08857E-2 2.19975E-2 2.11281E-2 1.66287E-2 1.58959E-2 1.19537E-2 1.10803E-2 9.00165E-3 6.75813E-3 6.45552E-3 4.84856E-3 4.6683E-3 3.37093E-3 3.13819E-3 2.46236E-3 1.82331E-3 1.84715E-3 1.41378E-3 1.01864E-3 8.91875E-4 8.49456E-4 -9999 -9999 -9999 -9999 -9999 -9999 -9999 -9999 -9999 -9999 -9999 -9999 -9999 -9999 -9999 -9999 -9999 -9999 -9999 -9999 -9999 -9999 -9999 -9999 -9999 1.30123E-4 1.23512E-4 9.79415E-5
1.04289E-1 9.96461E-2 6.98533E-2 6.79472E-2 5.02572E-2 4.75386E-2 4.96871E-2 4.71624E-2 3.8022E-2 3.83925E-2 2.7645E-2 2.87634E-2 2.38369E-2 2.28646E-2 2.13774E-2 1.63665E-2 1.57743E-2 1.22231E-2 1.13755E-2 9.32415E-3 7.02004E-3 6.58039E-3 5.01745E-3 3.74616E-3 3.38254E-3 2.51581E-3 2.32654E-3 1.84644E-3 1.49524E-3 1.10355E-3 1.11556E-3 9.21652E-4 7.65523E-4 7.26942E-4 6.22776E-4 -9999 -9999 -9999 -9999 4.72246E-4 4.80994E-4 -9999 -9999 -9999 -9999 -9999 -9999 -9999 -9999 -9999 -9999 -9999 -9999 -9999 -9999 -9999 -9999 -9999 1.93617E-4 1.69617E-4 1.42305E-4
1.08037E-1 7.6779E-2 7.18698E-2 6.62001E-2 6.88466E-2 6.91379E-2 5.0326E-2 4.80081E-2 3.43802E-2 2.70799E-2 2.71903E-2 2.74145E-2 2.30005E-2 2.12613E-2 1.65808E-2 1.64511E-2 1.60637E-2 1.1762E-2 9.52111E-3 8.38714E-3 6.78384E-3 5.19633E-3 4.68725E-3 3.58091E-3 2.86068E-3 2.47098E-3 1.88941E-3 1.64758E-3 1.42166E-3 1.29618E-3 1.05129E-3 1.03634E-3 8.8253E-4 7.37498E-4 7.14886E-4 6.26453E-4 5.46141E-4 6.16863E-4 5.30417E-4 5.55462E-4 4.33341E-4 -9999 -9999 -9999 -9999 -9999 -9999 -9999 -9999 -9999 -9999 -9999 -9999 -9999 -9999 -9999 1.76572E-4 1.68442E-4 -9999 1.94636E-4 1.50767E-4
1.03728E-1 8.23261E-2 7.76597E-2 6.97227E-2 7.26708E-2 5.04599E-2 4.59102E-2 3.3077E-2 3.32705E-2 2.43165E-2 2.47886E-2 2.62734E-2 2.18389E-2 2.12432E-2 2.02242E-2 1.52112E-2 1.19871E-2 1.15915E-2 8.95946E-3 7.04082E-3 6.2804E-3 5.01069E-3 3.81834E-3 3.49999E-3 2.72643E-3 2.47895E-3 1.90134E-3 1.549E-3 1.56779E-3 1.35144E-3 1.12227E-3 -9999 -9999 -9999 -9999 -9999 -9999 -9999 5.99126E-4 5.45535E-4 4.93427E-4 4.96039E-4 -9999 -9999 -9999 -9999 -9999 -9999 -9999 -9999 -9999 -9999 -9999 -9999 -9999 -9999 -9999 -9999 -9999 2.30066E-4 1.85226E-4
1.06368E-1 1.09747E-1 8.60545E-2 7.65415E-2 6.44125E-2 4.63178E-2 4.59849E-2 4.28867E-2 3.34679E-2 2.77418E-2 2.5845E-2 1.92436E-2 2.14826E-2 1.62181E-2 1.61428E-2 1.24298E-2 1.1525E-2 9.48286E-3 8.83171E-3 6.79261E-3 5.09889E-3 5.03987E-3 3.86104E-3 3.64046E-3 2.78991E-3 2.25738E-3 2.09383E-3 1.45532E-3 -9999 -9999 -9999 -9999 -9999 -9999 6.21858E-4 -9999 -9999 -9999 -9999 -9999 -9999 4.10527E-4 4.17855E-4 4.18425E-4 -9999 -9999 -9999 -9999 -9999 -9999 -9999 -9999 -9999 -9999 -9999 -9999 -9999 -9999 -9999 3.41498E-4 3.3163E-4
1.2068E-1 1.12181E-1 8.65042E-2 8.27608E-2 7.53915E-2 5.24568E-2 5.19785E-2 3.86257E-2 3.43575E-2 2.57655E-2 2.46148E-2 1.87554E-2 2.02966E-2 1.59147E-2 1.52779E-2 1.17254E-2 1.1567E-2 9.11379E-3 7.46084E-3 6.89336E-3 5.39076E-3 5.32088E-3 3.86857E-3 2.96694E-3 2.78993E-3 -9999 -9999 -9999 -9999 -9999 -9999 -9999 -9999 -9999 -9999 -9999 -9999 -9999 -9999 -9999 -9999 -9999 -9999 4.33086E-4 -9999 -9999 -9999 -9999 -9999 -9999 -9999 -9999 -9999 -9999 -9999 -9999 -9999 -9999 -9999 4.00158E-4 4.91691E-4
1.08398E-1 1.1155E-1 8.09997E-2 8.50336E-2 8.32422E-2 5.30562E-2 4.72378E-2 3.8564E-2 3.85264E-2 2.88443E-2 2.58307E-2 1.99401E-2 1.91429E-2 1.56407E-2 1.54276E-2 1.20243E-2 9.62831E-3 7.78633E-3 7.72812E-3 6.26645E-3 5.68329E-3 4.0989E-3 3.26821E-3 3.11974E-3 -9999 -9999 -9999 -9999 -9999 -9999 -9999 -9999 -9999 -9999 -9999 -9999 -9999 -9999 -9999 -9999 -9999 -9999 -9999 -9999 -9999 -9999 -9999 -9999 -9999 4.15063E-4 3.50168E-4 3.25518E-4 -9999 -9999 -9999 -9999 -9999 -9999 4.91896E-4 4.60334E-4 4.78643E-4
1.1051E-1 8.06588E-2 7.82067E-2 7.819E-2 6.58868E-2 5.68032E-2 4.73192E-2 3.38419E-2 3.23441E-2 2.734E-2 2.90594E-2 2.17266E-2 1.54957E-2 1.57764E-2 1.26428E-2 1.25095E-2 9.93358E-3 7.69531E-3 7.62157E-3 -9999 -9999 -9999 -9999 -9999 -9999 -9999 -9999 -9999 -9999 -9999 -9999 -9999 -9999 -9999 -9999 -9999 -9999 -9999 -9999 -9999 -9999 -9999 -9999 -9999 -9999 -9999 -9999 -9999 -9999 4.82412E-4 5.43899E-4 4.36506E-4 4.29355E-4 3.75358E-4 4.2482E-4 -9999 -9999 -9999 5.24976E-4 5.83946E-4 5.82674E-4
