Artocarpus hirsutus SDM files/Last interglacial/results (without bias file)/Arthir_median.asc
ncols         625
nrows         721
xllcorner     69.99986311115
yllcorner     5.99986151914999
cellsize      0.041666667
NODATA_value  -9999
[rows 189 to 215 of 721, columns 183 to 243 of 625]
2.32112E-4 2.40683E-4 2.40297E-4 2.56104E-4 2.66825E-4 2.89615E-4 3.00913E-4 2.97259E-4 3.04937E-4 3.11014E-4 3.07864E-4 3.09246E-4 3.09246E-4 3.20086E-4 3.14214E-4 3.1799E-4 3.16035E-4 3.21721E-4 3.43172E-4 3.48131E-4 3.39791E-4 3.49279E-4 3.5239E-4 3.54999E-4 3.43803E-4 3.59164E-4 3.67263E-4 3.55352E-4 3.57295E-4 3.26984E-4 3.33856E-4 3.49054E-4 3.54795E-4 3.60053E-4 3.74733E-4 3.81802E-4 3.773E-4 3.86859E-4 4.04726E-4 4.04727E-4 4.16252E-4 4.16476E-4 4.21377E-4 4.31453E-4 4.44174E-4 4.83364E-4 4.99131E-4 4.89848E-4 4.88095E-4 4.90064E-4 4.79166E-4 4.92128E-4 5.11233E-4 5.08953E-4 5.25274E-4 5.27947E-4 4.99884E-4 5.13886E-4 5.20511E-4 4.90302E-4 4.78782E-4
2.2905E-4 2.42506E-4 2.45037E-4 2.50537E-4 2.6486E-4 2.77419E-4 2.81171E-4 2.91704E-4 2.96189E-4 3.04747E-4 3.14009E-4 3.10231E-4 3.01765E-4 3.0728E-4 3.12369E-4 3.17515E-4 3.21331E-4 3.2468E-4 3.351E-4 3.4581E-4 3.41409E-4 3.44451E-4 3.42277E-4 3.45325E-4 3.35435E-4 3.35936E-4 3.65728E-4 3.47953E-4 3.56379E-4 3.71111E-4 3.25522E-4 3.35821E-4 3.36637E-4 3.54227E-4 3.54149E-4 3.62088E-4 3.65082E-4 3.64022E-4 3.61772E-4 3.63922E-4 3.89569E-4 3.83943E-4 4.20205E-4 4.36492E-4 4.52445E-4 4.41254E-4 4.72265E-4 4.76562E-4 4.64761E-4 4.60337E-4 4.73891E-4 4.71133E-4 4.89254E-4 4.93683E-4 4.97641E-4 4.63144E-4 4.77835E-4 5.04025E-4 5.09202E-4 4.8242E-4 4.86588E-4
2.27686E-4 2.27022E-4 2.35064E-4 2.3894E-4 2.62621E-4 2.56351E-4 2.74071E-4 2.86514E-4 2.87778E-4 3.0022E-4 3.03349E-4 3.05068E-4 3.0244E-4 3.13352E-4 3.15229E-4 3.29761E-4 3.18941E-4 3.33198E-4 3.37173E-4 3.46655E-4 3.55074E-4 3.47631E-4 3.41858E-4 3.48007E-4 3.3294E-4 3.34934E-4 3.36878E-4 3.37749E-4 3.00995E-4 3.10522E-4 3.06581E-4 3.17432E-4 3.25524E-4 3.20326E-4 3.26499E-4 3.33749E-4 3.53288E-4 3.53317E-4 3.62357E-4 3.40948E-4 3.81518E-4 3.87738E-4 3.75607E-4 4.17256E-4 4.197E-4 3.8319E-4 4.39911E-4 4.55226E-4 4.44874E-4 4.52057E-4 4.54396E-4 4.59666E-4 4.61439E-4 4.86066E-4 4.56483E-4 4.72981E-4 4.68657E-4 4.76983E-4 4.99433E-4 4.74379E-4 4.74972E-4
2.22658E-4 2.24997E-4 2.36818E-4 2.35751E-4 2.56089E-4 2.54543E-4 2.54034E-4 2.65682E-4 2.67253E-4 2.68031E-4 2.71231E-4 2.80741E-4 3.0148E-4 3.03869E-4 3.16657E-4 3.32781E-4 3.36752E-4 3.35748E-4 3.34166E-4 3.38235E-4 3.41675E-4 3.46266E-4 3.51845E-4 3.29136E-4 3.33061E-4 3.24786E-4 3.31096E-4 3.40893E-4 3.05913E-4 3.01896E-4 3.0592E-4 3.395E-4 3.12527E-4 3.15142E-4 3.19814E-4 3.20736E-4 3.29856E-4 3.34551E-4 3.6059E-4 3.25308E-4 3.51631E-4 3.4652E-4 3.5217E-4 3.56844E-4 3.64414E-4 4.14046E-4 4.15643E-4 4.29564E-4 4.38002E-4 4.41699E-4 4.45723E-4 4.31167E-4 4.4271E-4 4.46945E-4 4.55103E-4 4.60865E-4 4.56076E-4 4.57366E-4 4.58177E-4 4.6349E-4 4.71682E-4
2.16712E-4 2.1416E-4 2.22418E-4 2.47616E-4 2.45031E-4 2.57605E-4 2.60327E-4 2.66131E-4 2.65286E-4 2.66854E-4 2.777E-4 2.85703E-4 2.90069E-4 2.95313E-4 3.09681E-4 3.34815E-4 3.10579E-4 3.22289E-4 3.24219E-4 3.21301E-4 3.38711E-4 3.27518E-4 3.21826E-4 3.25025E-4 3.07954E-4 3.20451E-4 3.21584E-4 3.26879E-4 3.38563E-4 2.88596E-4 2.93346E-4 2.96841E-4 2.96124E-4 2.93644E-4 2.99816E-4 3.02292E-4 2.9867E-4 3.17482E-4 3.30391E-4 3.30429E-4 3.23409E-4 3.41978E-4 3.47556E-4 3.51644E-4 3.65778E-4 3.71087E-4 3.72148E-4 4.28705E-4 4.24828E-4 4.34871E-4 4.40551E-4 4.39961E-4 4.36439E-4 4.52218E-4 4.43456E-4 4.41824E-4 4.39073E-4 4.4708E-4 4.50549E-4 4.52235E-4 4.61453E-4
2.03045E-4 2.10654E-4 2.25134E-4 2.37518E-4 2.3998E-4 2.42285E-4 2.63074E-4 2.60696E-4 2.6263E-4 2.75246E-4 2.74813E-4 2.73647E-4 2.84918E-4 2.91782E-4 3.06004E-4 3.10144E-4 3.03365E-4 2.96921E-4 3.09679E-4 3.01399E-4 3.12412E-4 2.93863E-4 2.95598E-4 2.98677E-4 3.16979E-4 2.91149E-4 3.07445E-4 3.23312E-4 3.24646E-4 3.11932E-4 2.80733E-4 2.84079E-4 2.89158E-4 2.95105E-4 2.88211E-4 3.08011E-4 2.84187E-4 3.02467E-4 3.13616E-4 3.44271E-4 3.27934E-4 3.37031E-4 3.32437E-4 3.32356E-4 3.49029E-4 3.52607E-4 3.65091E-4 3.81517E-4 3.86278E-4 4.3574E-4 4.1993E-4 4.35613E-4 4.3607E-4 4.31825E-4 4.51031E-4 4.4901E-4 4.53306E-4 4.58279E-4 4.54323E-4 4.28656E-4 4.53165E-4
1.90883E-4 2.03335E-4 2.33255E-4 2.27075E-4 2.34635E-4 2.4519E-4 2.66636E-4 2.57563E-4 2.61066E-4 2.72084E-4 2.70419E-4 2.76958E-4 2.87937E-4 2.89204E-4 2.94408E-4 2.74493E-4 2.87529E-4 2.70185E-4 2.77939E-4 2.89592E-4 2.81676E-4 2.77859E-4 2.79106E-4 2.82015E-4 2.77417E-4 2.78638E-4 2.85654E-4 2.82538E-4 2.99402E-4 3.1175E-4 3.10128E-4 2.741E-4 2.79E-4 2.81904E-4 2.73993E-4 2.81399E-4 2.86854E-4 2.94093E-4 3.07197E-4 3.22703E-4 3.3237E-4 3.27444E-4 3.31142E-4 3.29925E-4 3.31819E-4 3.47945E-4 3.57147E-4 3.63461E-4 3.6026E-4 3.68267E-4 3.74153E-4 3.78651E-4 3.73834E-4 4.1836E-4 4.25425E-4 4.35242E-4 4.32511E-4 4.37727E-4 4.39982E-4 4.27902E-4 4.32962E-4
1.91752E-4 1.99102E-4 2.0972E-4 2.29119E-4 2.30475E-4 2.45923E-4 2.47379E-4 2.59106E-4 2.69638E-4 2.71272E-4 2.71272E-4 2.75721E-4 2.86223E-4 2.81649E-4 2.71256E-4 2.74083E-4 2.55333E-4 2.64306E-4 2.61545E-4 2.59945E-4 2.65783E-4 2.61481E-4 2.62654E-4 2.49476E-4 2.59669E-4 2.56994E-4 2.82383E-4 2.69431E-4 2.88116E-4 3.02068E-4 2.93096E-4 2.75826E-4 2.71402E-4 2.85379E-4 2.75729E-4 2.90913E-4 2.91502E-4 2.91067E-4 2.96152E-4 3.20952E-4 3.25084E-4 3.38015E-4 3.2035E-4 3.29623E-4 3.33913E-4 3.4862E-4 3.42788E-4 3.326E-4 3.47766E-4 3.54968E-4 3.58598E-4 3.89419E-4 4.26779E-4 3.57688E-4 4.16751E-4 4.27204E-4 4.34664E-4 4.35218E-4 4.22082E-4 4.24472E-4 4.1318E-4
1.88029E-4 2.05114E-4 2.00869E-4 2.21415E-4 2.31856E-4 2.47396E-4 2.48118E-4 2.5106E-4 2.60638E-4 2.60618E-4 2.56743E-4 2.4727E-4 2.57879E-4 2.51975E-4 2.63864E-4 2.62291E-4 2.63841E-4 2.57652E-4 2.58402E-4 2.54941E-4 2.56475E-4 2.49217E-4 2.29991E-4 2.32042E-4 2.51773E-4 2.54397E-4 2.68694E-4 2.81743E-4 2.99416E-4 3.02671E-4 2.98099E-4 2.54826E-4 2.78697E-4 2.82833E-4 2.87059E-4 2.90883E-4 2.91198E-4 2.78592E-4 2.93094E-4 2.90117E-4 2.97475E-4 3.02784E-4 2.92905E-4 3.01914E-4 3.07722E-4 3.12463E-4 3.38256E-4 3.45227E-4 3.54447E-4 3.45649E-4 3.96205E-4 3.53538E-4 3.56794E-4 3.37936E-4 3.6177E-4 4.17935E-4 4.27204E-4 4.11218E-4 4.05271E-4 4.08721E-4 4.1288E-4
2.2729E-4 1.99373E-4 2.16424E-4 2.1099E-4 2.24731E-4 2.23709E-4 2.33587E-4 2.3392E-4 2.38815E-4 2.3987E-4 2.4021E-4 2.30734E-4 2.36693E-4 2.50495E-4 2.61511E-4 2.45659E-4 2.53077E-4 2.37598E-4 2.41896E-4 2.42619E-4 2.42962E-4 2.45117E-4 2.3408E-4 2.33362E-4 2.40842E-4 2.41563E-4 2.6555E-4 2.71923E-4 2.78448E-4 2.8558E-4 3.12729E-4 3.06356E-4 2.61787E-4 2.70711E-4 2.73528E-4 2.78029E-4 2.82153E-4 2.8288E-4 2.88319E-4 2.85661E-4 2.97438E-4 3.01844E-4 3.15759E-4 3.02527E-4 3.02782E-4 3.13617E-4 3.10139E-4 3.10062E-4 3.29734E-4 3.44466E-4 3.45087E-4 3.52806E-4 3.4211E-4 3.42956E-4 3.30946E-4 3.61457E-4 3.40432E-4 3.30451E-4 3.82756E-4 3.36814E-4 4.02664E-4
2.12466E-4 1.83849E-4 2.14771E-4 1.89493E-4 2.12516E-4 2.16385E-4 2.17992E-4 2.18955E-4 2.31823E-4 2.32499E-4 2.31443E-4 2.29018E-4 2.22482E-4 2.30595E-4 2.36984E-4 2.4387E-4 2.45311E-4 2.36202E-4 2.39757E-4 2.40115E-4 2.40814E-4 2.34174E-4 2.27933E-4 2.38332E-4 2.44831E-4 2.51829E-4 2.59054E-4 2.64481E-4 2.68813E-4 2.85235E-4 3.05454E-4 2.92602E-4 2.95618E-4 2.62126E-4 2.7442E-4 2.74318E-4 2.78832E-4 2.82967E-4 2.83665E-4 2.99851E-4 3.03874E-4 3.16674E-4 3.16482E-4 2.98935E-4 3.11526E-4 3.12114E-4 3.06362E-4 3.06782E-4 3.16201E-4 3.16869E-4 3.22428E-4 3.30089E-4 3.42874E-4 3.32786E-4 3.32159E-4 3.30898E-4 3.41058E-4 3.30123E-4 3.83535E-4 3.87964E-4 4.08482E-4
1.981E-4 1.98139E-4 2.09654E-4 2.23972E-4 2.01444E-4 2.1997E-4 2.15055E-4 2.19298E-4 2.26704E-4 2.27365E-4 2.22518E-4 2.23484E-4 2.24822E-4 2.29221E-4 2.40202E-4 2.43143E-4 2.43851E-4 2.3691E-4 2.32792E-4 2.29691E-4 2.22563E-4 2.23229E-4 2.26231E-4 2.20548E-4 2.29647E-4 2.50792E-4 2.44424E-4 2.62928E-4 2.66018E-4 2.76577E-4 2.90177E-4 2.7167E-4 2.66158E-4 2.69007E-4 2.62491E-4 2.66413E-4 2.7429E-4 2.79636E-4 3.01458E-4 3.00402E-4 2.99818E-4 3.04294E-4 3.11827E-4 3.15032E-4 3.14391E-4 3.09173E-4 2.92732E-4 3.04041E-4 3.04917E-4 3.04247E-4 3.23197E-4 3.2744E-4 3.08591E-4 3.25993E-4 3.2538E-4 3.19597E-4 3.2029E-4 3.22547E-4 3.77909E-4 3.90485E-4 4.03157E-4
1.91353E-4 1.98738E-4 2.17284E-4 2.20284E-4 2.01157E-4 1.99966E-4 2.10265E-4 2.13137E-4 2.13092E-4 2.17945E-4 2.22202E-4 2.24839E-4 2.25158E-4 2.19472E-4 2.30612E-4 2.22901E-4 2.2957E-4 2.2921E-4 2.32098E-4 2.28665E-4 2.21238E-4 2.23211E-4 2.25556E-4 2.27926E-4 2.32685E-4 2.36538E-4 2.42646E-4 2.45176E-4 2.64086E-4 2.67588E-4 2.86304E-4 2.9015E-4 2.87556E-4 2.97003E-4 2.95205E-4 2.74866E-4 2.75595E-4 2.75052E-4 2.79577E-4 2.95133E-4 3.00851E-4 3.10124E-4 3.0426E-4 3.16603E-4 2.92786E-4 2.88607E-4 2.92442E-4 2.95921E-4 3.00806E-4 3.06872E-4 3.04663E-4 3.20751E-4 3.00979E-4 3.04464E-4 3.20692E-4 3.19388E-4 3.20075E-4 3.24155E-4 3.72421E-4 3.7622E-4 3.49478E-4
1.93604E-4 1.95116E-4 1.94269E-4 2.21476E-4 2.20181E-4 2.26649E-4 2.27976E-4 1.99641E-4 2.03841E-4 2.16648E-4 2.22851E-4 2.22436E-4 2.06814E-4 2.15062E-4 2.16997E-4 2.14738E-4 2.22901E-4 2.33365E-4 2.34395E-4 2.11188E-4 2.15008E-4 2.22231E-4 2.23896E-4 2.26925E-4 2.29959E-4 2.38322E-4 2.38271E-4 2.40755E-4 2.5939E-4 2.67258E-4 2.72663E-4 2.86277E-4 2.90095E-4 2.75868E-4 2.91613E-4 2.66077E-4 2.69247E-4 2.73109E-4 2.74203E-4 2.78598E-4 2.91507E-4 2.89218E-4 2.87794E-4 2.90351E-4 2.93807E-4 2.75539E-4 2.76711E-4 2.9157E-4 2.90666E-4 3.08866E-4 3.01259E-4 2.98142E-4 3.04943E-4 2.99992E-4 2.93164E-4 2.98923E-4 3.10119E-4 3.18644E-4 3.15969E-4 3.19194E-4 3.4171E-4
2.03321E-4 1.94281E-4 2.0765E-4 2.21461E-4 2.22124E-4 2.23876E-4 2.25875E-4 2.29279E-4 1.99301E-4 2.03522E-4 2.16575E-4 2.06814E-4 2.13718E-4 2.10258E-4 2.11833E-4 2.13404E-4 2.18607E-4 2.1828E-4 2.24554E-4 2.02389E-4 2.15329E-4 2.09014E-4 2.10581E-4 2.19877E-4 2.23817E-4 2.30991E-4 2.30951E-4 2.37541E-4 2.40354E-4 2.49473E-4 2.71097E-4 2.73045E-4 2.77074E-4 2.70188E-4 2.74635E-4 2.50405E-4 2.65653E-4 2.69218E-4 2.82656E-4 2.89892E-4 2.95542E-4 2.82335E-4 2.87496E-4 2.95914E-4 2.93469E-4 2.75666E-4 2.76871E-4 2.75886E-4 2.76678E-4 2.85051E-4 2.84591E-4 3.00772E-4 2.96367E-4 2.98228E-4 2.94704E-4 2.79402E-4 3.03378E-4 3.10538E-4 3.0667E-4 3.14133E-4 3.35806E-4
1.90119E-4 1.96956E-4 2.00282E-4 2.0392E-4 2.06063E-4 2.22109E-4 2.2418E-4 2.21525E-4 2.2184E-4 1.88225E-4 1.97146E-4 1.98609E-4 1.9889E-4 2.10556E-4 2.10572E-4 2.12133E-4 2.16592E-4 2.05534E-4 2.11806E-4 2.01485E-4 2.02389E-4 2.00306E-4 2.02697E-4 2.04216E-4 2.12596E-4 2.16099E-4 2.22989E-4 2.31968E-4 2.38211E-4 2.37084E-4 2.37042E-4 2.71858E-4 2.73376E-4 2.67805E-4 2.70969E-4 2.73381E-4 2.48633E-4 2.54906E-4 2.59875E-4 2.63757E-4 2.63218E-4 2.74665E-4 2.7628E-4 2.93503E-4 2.95092E-4 2.62128E-4 2.72424E-4 2.75634E-4 2.77634E-4 2.7462E-4 2.80442E-4 2.82896E-4 2.99428E-4 2.97378E-4 2.97569E-4 3.00285E-4 2.92012E-4 2.8987E-4 2.92396E-4 3.15376E-4 3.24006E-4
1.74246E-4 1.9624E-4 1.94062E-4 1.90155E-4 1.9504E-4 1.98337E-4 1.9981E-4 2.17517E-4 2.14315E-4 2.14924E-4 1.956E-4 1.94172E-4 1.94738E-4 2.07069E-4 2.12434E-4 2.14661E-4 2.01851E-4 2.08294E-4 1.98744E-4 1.99636E-4 1.86745E-4 1.9185E-4 2.0149E-4 2.03303E-4 2.04505E-4 2.18087E-4 2.2036E-4 2.23656E-4 2.23264E-4 2.38503E-4 2.35279E-4 2.71047E-4 2.74637E-4 2.78325E-4 2.7306E-4 2.70969E-4 2.7458E-4 2.74509E-4 2.45607E-4 2.58328E-4 2.63757E-4 2.64062E-4 2.72467E-4 2.67476E-4 2.86958E-4 2.65484E-4 2.5979E-4 2.64262E-4 2.64545E-4 2.61643E-4 2.61222E-4 2.80408E-4 2.82474E-4 2.75768E-4 2.65553E-4 2.93597E-4 2.85057E-4 2.91395E-4 2.95255E-4 3.08703E-4 3.11422E-4
1.695E-4 1.80843E-4 1.84724E-4 1.92821E-4 1.93589E-4 1.95318E-4 1.9862E-4 2.01293E-4 2.11402E-4 2.15583E-4 2.21717E-4 2.25708E-4 1.95029E-4 1.99464E-4 2.07983E-4 2.00965E-4 1.93168E-4 1.92865E-4 1.9373E-4 1.9904E-4 1.89811E-4 1.91247E-4 1.92408E-4 2.01759E-4 2.03271E-4 2.04778E-4 2.14457E-4 2.16692E-4 2.20613E-4 2.27419E-4 2.30455E-4 2.34556E-4 2.38039E-4 2.48963E-4 2.48179E-4 2.48921E-4 2.70942E-4 2.75401E-4 2.43805E-4 2.5679E-4 2.61795E-4 2.65337E-4 2.64456E-4 2.59442E-4 2.62752E-4 2.45927E-4 2.55262E-4 2.52484E-4 2.64262E-4 2.62578E-4 2.63726E-4 2.66791E-4 2.68726E-4 2.70569E-4 2.63645E-4 2.82406E-4 3.0234E-4 2.87583E-4 2.9183E-4 2.93977E-4 2.98231E-4
1.54277E-4 1.59328E-4 1.67807E-4 1.73693E-4 1.81196E-4 1.895E-4 1.9446E-4 1.95903E-4 2.05522E-4 2.08676E-4 2.23695E-4 2.24012E-4 2.26687E-4 2.23341E-4 1.96167E-4 1.75271E-4 1.84998E-4 1.84722E-4 1.93441E-4 1.9373E-4 1.90879E-4 1.82559E-4 1.80936E-4 1.92681E-4 2.02665E-4 2.04167E-4 2.05373E-4 2.07823E-4 2.21706E-4 2.2811E-4 2.267E-4 2.3009E-4 2.4603E-4 2.52606E-4 2.64834E-4 2.5567E-4 2.50387E-4 2.56799E-4 2.40935E-4 2.45266E-4 2.48584E-4 2.53052E-4 2.57627E-4 2.5953E-4 2.38057E-4 2.45671E-4 2.54158E-4 2.57788E-4 2.5288E-4 2.55079E-4 2.60655E-4 2.63726E-4 2.64847E-4 2.59117E-4 2.62892E-4 2.68295E-4 2.874E-4 2.91685E-4 2.91646E-4 2.95512E-4 2.89968E-4
1.53349E-4 1.58833E-4 1.67401E-4 1.69296E-4 1.77315E-4 1.82302E-4 1.98215E-4 1.97651E-4 2.0643E-4 2.06414E-4 2.0824E-4 1.98572E-4 2.00283E-4 2.27347E-4 2.12069E-4 2.0652E-4 1.80596E-4 1.80057E-4 1.81935E-4 1.82806E-4 1.90864E-4 1.81458E-4 1.82272E-4 1.81463E-4 1.96958E-4 2.02951E-4 1.99011E-4 2.05373E-4 2.12017E-4 2.22018E-4 2.23975E-4 2.26341E-4 2.33115E-4 2.46007E-4 2.44489E-4 2.39725E-4 2.48477E-4 2.42839E-4 2.48685E-4 2.20821E-4 2.38746E-4 2.37632E-4 2.45224E-4 2.37452E-4 2.39947E-4 2.39483E-4 2.45304E-4 2.53791E-4 2.25946E-4 2.38066E-4 2.49754E-4 2.5232E-4 2.53802E-4 2.59728E-4 2.58892E-4 2.5851E-4 2.80631E-4 2.91914E-4 2.7957E-4 2.82011E-4 2.64166E-4
1.54018E-4 1.55172E-4 1.66156E-4 1.70044E-4 1.71051E-4 1.68435E-4 1.69722E-4 1.7136E-4 1.89463E-4 1.96715E-4 1.97583E-4 2.02088E-4 2.15855E-4 2.00049E-4 2.07757E-4 2.0251E-4 1.8192E-4 1.74982E-4 1.79774E-4 1.77923E-4 1.79257E-4 1.83353E-4 1.74723E-4 1.72653E-4 1.82263E-4 1.83888E-4 1.91449E-4 2.12354E-4 2.12672E-4 2.20038E-4 2.14188E-4 2.16742E-4 2.21616E-4 2.29681E-4 2.33462E-4 2.32747E-4 2.41521E-4 2.41346E-4 2.42429E-4 2.49851E-4 2.48641E-4 2.23129E-4 2.5577E-4 2.63396E-4 2.29156E-4 2.41024E-4 2.32272E-4 2.39196E-4 2.22978E-4 2.31046E-4 2.36462E-4 2.44703E-4 2.43144E-4 2.42753E-4 2.45471E-4 2.54705E-4 2.56236E-4 2.81125E-4 2.66745E-4 2.71057E-4 2.62307E-4
1.38686E-4 1.43123E-4 1.60207E-4 1.66188E-4 1.67683E-4 1.65691E-4 1.64536E-4 1.71104E-4 1.74432E-4 1.78858E-4 2.0377E-4 1.99433E-4 2.08521E-4 1.92065E-4 2.0272E-4 1.9739E-4 1.71571E-4 1.75243E-4 1.71379E-4 1.72149E-4 1.71635E-4 1.78455E-4 1.83626E-4 1.82272E-4 1.80637E-4 1.82793E-4 1.90819E-4 1.99258E-4 2.04098E-4 2.10108E-4 2.12278E-4 2.17717E-4 2.16399E-4 2.13819E-4 2.25559E-4 2.34511E-4 2.30174E-4 2.30843E-4 2.36071E-4 2.4544E-4 2.36815E-4 2.41774E-4 2.45387E-4 2.34823E-4 2.08247E-4 2.22478E-4 2.28536E-4 2.30155E-4 2.23669E-4 2.26653E-4 2.21846E-4 2.41509E-4 2.39621E-4 2.44703E-4 2.46347E-4 2.42223E-4 2.48769E-4 2.67459E-4 2.53768E-4 2.55193E-4 2.46445E-4
1.3792E-4 1.34308E-4 1.47349E-4 1.58985E-4 1.64416E-4 1.71043E-4 1.69976E-4 1.72327E-4 1.80839E-4 1.97496E-4 2.01652E-4 1.96892E-4 1.96614E-4 1.95152E-4 2.11305E-4 1.93525E-4 1.95338E-4 1.95062E-4 1.67301E-4 1.67551E-4 1.68554E-4 1.73698E-4 1.73452E-4 1.77946E-4 1.7656E-4 1.88584E-4 1.89132E-4 1.91104E-4 1.92519E-4 1.90784E-4 1.96278E-4 2.00989E-4 2.07383E-4 2.13819E-4 2.16692E-4 2.20609E-4 2.16186E-4 2.28863E-4 2.28203E-4 2.30559E-4 2.32634E-4 2.34072E-4 2.40443E-4 2.03502E-4 2.05621E-4 2.10283E-4 2.13323E-4 2.29929E-4 2.24697E-4 2.24611E-4 2.20571E-4 2.21515E-4 2.39739E-4 2.37866E-4 2.37839E-4 2.38497E-4 2.45246E-4 2.48609E-4 2.41711E-4 2.5116E-4 2.43975E-4
1.32668E-4 1.33873E-4 1.39708E-4 1.48877E-4 1.63682E-4 1.67615E-4 1.669E-4 1.82118E-4 1.91017E-4 1.95696E-4 1.90845E-4 1.91686E-4 1.93379E-4 1.87736E-4 1.91998E-4 2.04151E-4 1.90926E-4 1.64767E-4 1.84555E-4 1.84845E-4 1.62597E-4 1.64305E-4 1.80558E-4 1.73971E-4 1.82168E-4 1.82957E-4 1.88303E-4 1.89982E-4 1.91675E-4 1.92807E-4 1.91624E-4 1.99486E-4 2.01627E-4 2.01306E-4 2.00978E-4 2.11754E-4 2.33113E-4 2.16253E-4 2.19887E-4 2.26821E-4 2.33701E-4 2.3265E-4 2.2002E-4 2.29368E-4 2.25971E-4 2.33599E-4 2.09576E-4 1.96643E-4 2.04386E-4 1.97137E-4 2.19281E-4 2.23198E-4 2.1194E-4 2.12846E-4 2.2346E-4 2.28373E-4 2.24628E-4 2.40484E-4 2.38586E-4 2.30711E-4 2.36704E-4
1.36655E-4 1.36646E-4 1.46652E-4 1.48838E-4 1.62421E-4 1.66866E-4 1.70112E-4 1.78748E-4 1.81152E-4 1.84309E-4 1.88567E-4 1.92032E-4 1.89186E-4 1.86658E-4 1.90002E-4 1.87703E-4 1.74938E-4 1.7391E-4 1.7062E-4 1.68992E-4 1.6284E-4 1.75722E-4 1.77317E-4 1.76788E-4 1.82168E-4 1.82972E-4 1.81066E-4 1.85184E-4 1.87114E-4 1.8211E-4 1.90468E-4 1.9274E-4 1.94748E-4 2.0007E-4 2.03383E-4 2.0832E-4 2.08065E-4 2.01238E-4 2.11731E-4 2.18882E-4 2.23192E-4 2.31726E-4 2.17812E-4 2.22997E-4 2.29666E-4 2.03774E-4 2.26803E-4 2.00815E-4 2.19094E-4 2.18028E-4 1.99506E-4 1.98539E-4 1.94092E-4 2.21208E-4 2.25832E-4 2.19843E-4 2.22673E-4 2.25661E-4 2.2991E-4 2.20911E-4 2.0688E-4
1.39445E-4 1.37429E-4 1.50812E-4 1.49739E-4 1.51277E-4 1.59913E-4 1.62752E-4 1.58099E-4 1.66735E-4 1.71651E-4 1.8106E-4 1.82145E-4 1.80283E-4 1.84145E-4 1.83795E-4 1.81923E-4 1.7058E-4 1.70566E-4 1.76363E-4 1.88667E-4 1.88948E-4 1.97406E-4 1.69269E-4 1.747E-4 1.75733E-4 1.76786E-4 1.77551E-4 1.85738E-4 1.84339E-4 1.81582E-4 1.85952E-4 1.88733E-4 1.94475E-4 1.97089E-4 2.07674E-4 2.11428E-4 2.04349E-4 2.12498E-4 2.04608E-4 2.04598E-4 2.13346E-4 2.00766E-4 2.01049E-4 2.15058E-4 1.98921E-4 2.12459E-4 2.16868E-4 2.16848E-4 2.02925E-4 2.00737E-4 1.9536E-4 1.92753E-4 1.97901E-4 1.91521E-4 1.95255E-4 1.9617E-4 2.18558E-4 2.22034E-4 2.25998E-4 2.18363E-4 2.16399E-4
1.37407E-4 1.4049E-4 1.44936E-4 1.46536E-4 1.48447E-4 1.62266E-4 1.56946E-4 1.69757E-4 1.64437E-4 1.63974E-4 1.80111E-4 1.8106E-4 1.81602E-4 1.78942E-4 1.94541E-4 1.93113E-4 1.74715E-4 1.84199E-4 1.76352E-4 1.68594E-4 1.79101E-4 1.79369E-4 1.84857E-4 1.63813E-4 1.69575E-4 1.64781E-4 1.65521E-4 1.79134E-4 1.81041E-4 1.85136E-4 1.85121E-4 1.89015E-4 1.91572E-4 1.97991E-4 2.01872E-4 1.97451E-4 1.98029E-4 2.05589E-4 2.00953E-4 2.00643E-4 2.08005E-4 2.01986E-4 1.9428E-4 1.98956E-4 2.00148E-4 2.08709E-4 2.10898E-4 2.17592E-4 2.16222E-4 2.16868E-4 2.12897E-4 2.18066E-4 1.90173E-4 2.06078E-4 2.03911E-4 1.84659E-4 1.99998E-4 2.07788E-4 2.11804E-4 2.12326E-4 2.09719E-4
