Artocarpus hirsutus SDM files/Last interglacial/results (without bias file)/Arthir_2.asc
ncols         625
nrows         721
xllcorner     69.99986311115
yllcorner     5.99986151914999
cellsize      0.041666667
NODATA_value  -9999
[rows 378 to 404 of 721, columns 61 to 121 of 625]
-9999 -9999 -9999 -9999 -9999 5.46677E-3 5.70175E-3 5.68334E-3 5.11071E-3 4.94E-3 5.43648E-3 5.26071E-3 6.49421E-3 9.44757E-3 7.21565E-3 7.40041E-3 8.01024E-3 6.10416E-3 5.90476E-3 6.80057E-3 5.53419E-3 6.10277E-3 6.07364E-3 4.81445E-3 2.92677E-3 3.36545E-3 3.46804E-3 2.83013E-3 2.16826E-3 1.69896E-3 1.54248E-3 1.55691E-3 1.53601E-3 1.48872E-3 1.55458E-3 1.45582E-3 1.21533E-3 1.1227E-3 1.13859E-3 1.08403E-3 1.08044E-3 1.17766E-3 1.23657E-3 1.28275E-3 1.29286E-3 1.02724E-3 1.01075E-3 1.11105E-3 1.11255E-3 1.12928E-3 1.08213E-3 1.04845E-3 6.94526E-4 9.93664E-4 1.05671E-3 8.58373E-4 8.04625E-4 7.44266E-4 8.33922E-4 7.64459E-4 7.20103E-4
-9999 -9999 -9999 -9999 5.36079E-3 5.25507E-3 5.25949E-3 6.26719E-3 5.43896E-3 4.75979E-3 6.16486E-3 5.21981E-3 7.29301E-3 8.60161E-3 8.63475E-3 9.0216E-3 8.13507E-3 5.32945E-3 5.28779E-3 6.65841E-3 5.1359E-3 5.14221E-3 5.72275E-3 4.48447E-3 3.33651E-3 3.29783E-3 3.31683E-3 2.60338E-3 2.0097E-3 1.63558E-3 1.59091E-3 1.49373E-3 1.44221E-3 1.44437E-3 1.43103E-3 1.37639E-3 1.16927E-3 1.15931E-3 1.13267E-3 1.10311E-3 1.17931E-3 1.14476E-3 1.23491E-3 1.29869E-3 1.28132E-3 1.03654E-3 1.09679E-3 1.28748E-3 1.09207E-3 1.12638E-3 1.12493E-3 1.12701E-3 8.5303E-4 8.02857E-4 1.03003E-3 7.7752E-4 7.1659E-4 7.03029E-4 7.48249E-4 7.26153E-4 6.48746E-4
-9999 -9999 -9999 -9999 5.57645E-3 5.45294E-3 5.8766E-3 6.4413E-3 5.32796E-3 4.38322E-3 6.05666E-3 5.29235E-3 5.65719E-3 5.13726E-3 6.19358E-3 6.28281E-3 7.19499E-3 5.05989E-3 6.444E-3 4.208E-3 4.23562E-3 3.47172E-3 4.15305E-3 3.82369E-3 3.29791E-3 3.51205E-3 3.55974E-3 2.60356E-3 2.33019E-3 1.86146E-3 1.67715E-3 1.52884E-3 1.36599E-3 1.42401E-3 1.38999E-3 1.34398E-3 1.13512E-3 1.16304E-3 1.14138E-3 1.18169E-3 1.16418E-3 1.16489E-3 1.23967E-3 1.2696E-3 1.29565E-3 1.09174E-3 1.11989E-3 1.22218E-3 1.11622E-3 1.20051E-3 1.19215E-3 1.14755E-3 1.00674E-3 1.20588E-3 1.01295E-3 7.20492E-4 6.93754E-4 6.97155E-4 7.09305E-4 6.81786E-4 6.54754E-4
-9999 -9999 -9999 -9999 5.69165E-3 6.08962E-3 6.15348E-3 5.8849E-3 6.02746E-3 6.07904E-3 6.45092E-3 5.93593E-3 7.08993E-3 7.53552E-3 6.86264E-3 6.04147E-3 4.16749E-3 5.20538E-3 9.44684E-3 6.40716E-3 5.33995E-3 3.56573E-3 3.81789E-3 4.23401E-3 3.56384E-3 3.78172E-3 2.9121E-3 2.32748E-3 2.42675E-3 1.91455E-3 1.73205E-3 1.5505E-3 1.48144E-3 1.36192E-3 1.40252E-3 1.35269E-3 1.30186E-3 1.13483E-3 1.13398E-3 1.22587E-3 1.17254E-3 1.15288E-3 1.19903E-3 1.23259E-3 1.21882E-3 1.26603E-3 1.05634E-3 1.09925E-3 1.08659E-3 1.17836E-3 1.15116E-3 1.10753E-3 1.0224E-3 9.5932E-4 8.70515E-4 7.09249E-4 6.86336E-4 6.90153E-4 6.99882E-4 7.04818E-4 6.93081E-4
-9999 -9999 -9999 -9999 5.97178E-3 6.56208E-3 8.76704E-3 4.63182E-3 4.9705E-3 6.55437E-3 7.54224E-3 5.81879E-3 6.72868E-3 9.32254E-3 1.05294E-2 8.36051E-3 4.88568E-3 5.50488E-3 1.01679E-2 8.83942E-3 7.7591E-3 4.7704E-3 3.30453E-3 4.49858E-3 5.55525E-3 3.46365E-3 2.52284E-3 2.00966E-3 2.95612E-3 2.71428E-3 1.69194E-3 1.50034E-3 1.46451E-3 1.41478E-3 1.38818E-3 1.33359E-3 1.30102E-3 1.0989E-3 1.15689E-3 1.28158E-3 1.19315E-3 1.15966E-3 1.1701E-3 1.21835E-3 1.23403E-3 1.25144E-3 1.1115E-3 1.06727E-3 1.088E-3 1.11475E-3 1.1403E-3 1.13998E-3 1.17343E-3 1.1696E-3 1.15159E-3 7.13393E-4 6.92168E-4 6.9291E-4 7.18241E-4 7.57595E-4 7.72307E-4
-9999 -9999 -9999 -9999 6.55403E-3 7.66138E-3 1.09274E-2 5.23688E-3 5.34506E-3 7.77627E-3 7.49301E-3 8.20437E-3 9.67221E-3 7.1088E-3 1.20539E-2 1.19921E-2 7.03922E-3 5.42184E-3 6.2101E-3 9.33979E-3 1.04943E-2 7.8589E-3 7.63436E-3 7.55976E-3 4.86721E-3 3.07293E-3 2.77999E-3 1.96124E-3 1.91237E-3 2.38374E-3 1.86861E-3 1.66351E-3 1.53582E-3 1.40297E-3 1.31172E-3 1.34049E-3 1.32132E-3 1.36088E-3 1.10086E-3 1.18915E-3 1.21489E-3 1.18234E-3 1.2075E-3 1.28364E-3 1.22614E-3 1.32026E-3 1.31512E-3 1.2758E-3 1.08095E-3 1.05684E-3 1.12341E-3 1.10908E-3 1.1618E-3 1.13954E-3 1.10304E-3 7.23064E-4 7.86649E-4 7.40622E-4 7.69861E-4 7.87775E-4 8.16681E-4
-9999 -9999 -9999 -9999 6.95275E-3 9.00821E-3 1.07672E-2 7.34867E-3 6.35343E-3 9.62667E-3 1.0569E-2 8.66135E-3 1.31139E-2 1.24247E-2 1.51172E-2 1.07208E-2 1.01947E-2 6.38281E-3 8.40706E-3 6.37326E-3 7.14124E-3 7.583E-3 1.14008E-2 7.98791E-3 4.77954E-3 3.81777E-3 2.83745E-3 2.65662E-3 1.71088E-3 1.56964E-3 1.57836E-3 1.50265E-3 1.43712E-3 1.39404E-3 1.30921E-3 1.31142E-3 1.34976E-3 1.36005E-3 1.12248E-3 1.16584E-3 1.15752E-3 1.14404E-3 1.2624E-3 1.28359E-3 1.29843E-3 1.30842E-3 1.295E-3 1.29994E-3 1.06994E-3 1.07406E-3 1.05672E-3 1.09584E-3 8.08543E-4 8.58582E-4 1.08429E-3 8.34651E-4 7.21757E-4 7.09525E-4 7.48316E-4 8.04096E-4 8.5596E-4
-9999 -9999 -9999 -9999 6.64557E-3 6.81028E-3 9.276E-3 1.00531E-2 8.43055E-3 1.02053E-2 9.49049E-3 7.92627E-3 1.39446E-2 1.29603E-2 1.4953E-2 1.77584E-2 1.27812E-2 6.87924E-3 6.13541E-3 8.95959E-3 9.33359E-3 1.17171E-2 1.20732E-2 7.9347E-3 5.47894E-3 4.28365E-3 3.22916E-3 2.68059E-3 2.25172E-3 2.0862E-3 1.49968E-3 1.45444E-3 1.428E-3 1.33074E-3 1.37678E-3 1.43063E-3 1.5515E-3 1.45905E-3 1.14884E-3 1.13396E-3 1.20464E-3 1.22728E-3 1.20439E-3 1.28358E-3 1.32127E-3 1.32972E-3 1.31265E-3 1.27174E-3 1.29967E-3 1.03456E-3 1.06281E-3 1.04505E-3 1.05046E-3 1.08472E-3 8.44285E-4 1.06295E-3 8.45324E-4 7.12094E-4 7.47242E-4 8.13119E-4 8.67945E-4
-9999 -9999 -9999 6.75005E-3 6.51204E-3 6.67907E-3 1.01074E-2 7.84424E-3 1.00768E-2 9.20223E-3 8.44199E-3 9.40272E-3 1.22058E-2 1.14532E-2 1.66327E-2 1.81828E-2 1.81868E-2 9.43552E-3 6.80535E-3 9.81766E-3 9.68405E-3 1.27795E-2 1.08642E-2 8.2332E-3 6.56453E-3 4.95607E-3 3.81322E-3 3.1857E-3 2.50866E-3 2.09127E-3 1.84165E-3 1.3664E-3 1.45845E-3 1.46565E-3 1.50835E-3 1.68408E-3 1.54856E-3 1.47893E-3 1.47195E-3 1.49966E-3 1.2603E-3 1.27903E-3 1.19279E-3 1.24768E-3 1.25243E-3 1.31271E-3 1.30256E-3 1.29906E-3 1.32255E-3 1.04741E-3 1.04239E-3 1.05514E-3 1.00461E-3 8.53315E-4 8.87643E-4 8.49785E-4 7.19323E-4 8.67346E-4 7.72555E-4 8.46373E-4 8.48102E-4
-9999 -9999 -9999 8.51011E-3 7.70033E-3 8.2648E-3 1.14247E-2 8.70852E-3 1.016E-2 8.29985E-3 9.47916E-3 1.18138E-2 1.25317E-2 1.32043E-2 1.77215E-2 2.26426E-2 1.65551E-2 1.52843E-2 1.35745E-2 9.7896E-3 1.49262E-2 1.7238E-2 1.34674E-2 1.00929E-2 8.76718E-3 5.86626E-3 4.19663E-3 3.24896E-3 2.83098E-3 2.41641E-3 1.89942E-3 1.39913E-3 1.51515E-3 1.67681E-3 1.67493E-3 1.69517E-3 1.48401E-3 1.46557E-3 1.47008E-3 1.49767E-3 1.5769E-3 1.31058E-3 1.26318E-3 1.33169E-3 1.27525E-3 1.29681E-3 1.26445E-3 1.28239E-3 1.31063E-3 1.03792E-3 1.04026E-3 1.00136E-3 1.00569E-3 1.0677E-3 8.8325E-4 8.85937E-4 8.73795E-4 9.09443E-4 7.99079E-4 8.18653E-4 8.21601E-4
-9999 -9999 7.54239E-3 8.65454E-3 8.59083E-3 9.32493E-3 1.07379E-2 8.85416E-3 9.99579E-3 8.1769E-3 9.82376E-3 1.05287E-2 9.60929E-3 1.27649E-2 2.03589E-2 2.15471E-2 1.84016E-2 1.28096E-2 1.71839E-2 1.2413E-2 1.4672E-2 1.88132E-2 1.3652E-2 1.04944E-2 8.78703E-3 5.77684E-3 4.8076E-3 4.12292E-3 3.61672E-3 2.65942E-3 2.00395E-3 1.94411E-3 2.22453E-3 2.18841E-3 1.60474E-3 1.47571E-3 1.48114E-3 1.44587E-3 1.48155E-3 1.54379E-3 1.51403E-3 1.30721E-3 1.29196E-3 1.31114E-3 1.30268E-3 1.27356E-3 1.28333E-3 1.28326E-3 1.29626E-3 1.25255E-3 1.05314E-3 1.02944E-3 1.0365E-3 1.04677E-3 8.49369E-4 9.13848E-4 8.66899E-4 9.07491E-4 7.85381E-4 8.33095E-4 8.1035E-4
-9999 -9999 7.67598E-3 9.1197E-3 9.12674E-3 1.038E-2 1.12192E-2 1.03714E-2 1.4899E-2 1.48913E-2 7.82005E-3 9.80795E-3 1.09107E-2 1.2751E-2 1.60817E-2 2.07494E-2 1.5646E-2 1.39508E-2 1.15954E-2 9.03579E-3 1.18071E-2 1.96245E-2 1.53565E-2 1.18567E-2 7.81049E-3 5.535E-3 4.19798E-3 3.66613E-3 2.80308E-3 2.60209E-3 2.23478E-3 2.25727E-3 2.18861E-3 2.26568E-3 1.94209E-3 1.52324E-3 1.46591E-3 1.48656E-3 1.48531E-3 1.47461E-3 1.49264E-3 1.56627E-3 1.59783E-3 1.2993E-3 1.29926E-3 1.35665E-3 1.3235E-3 1.24554E-3 1.2921E-3 1.26149E-3 1.24431E-3 1.04059E-3 1.03997E-3 8.48005E-4 8.96036E-4 9.06698E-4 9.47312E-4 9.10186E-4 7.75888E-4 8.13531E-4 7.93784E-4
-9999 -9999 -9999 8.54322E-3 8.91293E-3 1.08828E-2 1.19453E-2 8.81351E-3 1.01252E-2 1.5858E-2 1.06326E-2 1.1179E-2 1.25931E-2 1.50706E-2 1.65426E-2 1.51155E-2 1.8563E-2 2.00751E-2 1.95284E-2 1.45048E-2 1.58963E-2 1.79881E-2 1.391E-2 1.56325E-2 1.10199E-2 7.59153E-3 4.45813E-3 4.33888E-3 3.07819E-3 3.12175E-3 2.57869E-3 3.063E-3 2.3969E-3 2.20534E-3 2.01739E-3 1.95928E-3 1.52177E-3 1.50681E-3 1.53394E-3 1.51214E-3 1.58471E-3 1.59995E-3 1.58748E-3 1.29595E-3 1.34097E-3 1.31337E-3 1.29981E-3 1.26906E-3 1.24217E-3 1.29195E-3 1.26133E-3 1.00899E-3 8.35515E-4 8.50114E-4 8.67502E-4 8.96526E-4 9.59162E-4 9.57438E-4 9.30386E-4 7.98728E-4 7.87296E-4
-9999 -9999 -9999 1.01301E-2 9.61725E-3 1.15796E-2 1.44947E-2 8.65508E-3 1.04468E-2 9.59773E-3 1.06243E-2 1.23238E-2 1.25523E-2 1.42605E-2 1.53517E-2 1.61443E-2 1.58062E-2 1.74271E-2 1.69646E-2 2.3956E-2 2.08551E-2 1.1578E-2 9.78288E-3 1.35487E-2 1.27472E-2 7.15022E-3 5.18976E-3 3.90214E-3 3.19825E-3 2.88408E-3 2.83964E-3 3.46415E-3 2.88497E-3 2.42033E-3 1.94573E-3 1.95657E-3 1.90379E-3 1.5915E-3 1.52404E-3 1.51206E-3 1.63351E-3 1.57935E-3 1.62368E-3 1.60895E-3 1.34337E-3 1.32604E-3 1.28803E-3 1.26084E-3 1.27543E-3 1.30856E-3 1.34023E-3 8.69857E-4 8.56118E-4 8.63649E-4 8.47853E-4 8.8276E-4 9.15063E-4 9.30729E-4 9.57915E-4 9.39548E-4 8.12214E-4
-9999 -9999 -9999 -9999 1.04569E-2 1.18708E-2 1.65822E-2 7.83435E-3 1.14059E-2 1.06282E-2 1.53125E-2 1.06434E-2 1.39822E-2 1.2375E-2 1.77311E-2 1.96468E-2 1.94305E-2 1.86176E-2 1.74735E-2 1.57468E-2 1.63311E-2 1.90462E-2 1.34143E-2 1.3086E-2 1.35227E-2 8.84933E-3 6.56916E-3 6.51733E-3 3.31973E-3 2.8971E-3 3.73273E-3 3.15468E-3 2.26522E-3 2.07018E-3 1.94562E-3 1.85826E-3 1.78597E-3 1.37856E-3 1.59227E-3 1.62418E-3 1.62711E-3 1.61954E-3 1.6153E-3 1.63719E-3 1.64853E-3 1.31068E-3 1.29135E-3 1.2946E-3 1.28533E-3 1.32206E-3 1.3582E-3 1.33728E-3 1.30899E-3 8.75691E-4 8.68024E-4 8.68379E-4 8.95522E-4 9.42175E-4 9.47998E-4 9.2717E-4 8.15074E-4
-9999 -9999 -9999 -9999 1.03233E-2 1.17589E-2 1.75917E-2 8.83186E-3 1.0921E-2 1.51189E-2 1.29498E-2 1.11405E-2 1.2898E-2 1.23784E-2 1.69022E-2 1.53047E-2 1.43988E-2 1.73975E-2 1.97902E-2 1.65461E-2 1.81158E-2 1.58907E-2 1.13125E-2 1.12561E-2 1.45865E-2 1.41538E-2 6.26176E-3 4.70014E-3 3.77976E-3 4.9586E-3 4.44858E-3 2.77498E-3 2.15684E-3 1.94461E-3 1.87777E-3 1.84382E-3 1.70366E-3 1.2724E-3 1.37011E-3 1.51862E-3 1.58152E-3 1.53615E-3 1.65524E-3 1.60337E-3 1.58483E-3 1.31577E-3 1.32245E-3 1.30457E-3 1.36379E-3 1.35398E-3 1.34593E-3 1.34589E-3 1.07756E-3 1.04001E-3 8.75388E-4 9.05254E-4 9.12688E-4 9.57777E-4 9.36261E-4 9.36084E-4 9.73296E-4
-9999 -9999 -9999 -9999 1.03459E-2 1.11791E-2 1.60551E-2 1.19474E-2 1.64267E-2 1.20024E-2 1.57222E-2 9.34394E-3 1.06408E-2 1.1622E-2 1.63573E-2 1.93791E-2 1.70798E-2 1.86846E-2 2.5233E-2 1.8146E-2 1.59235E-2 1.15608E-2 1.12774E-2 1.19984E-2 1.1977E-2 1.50118E-2 1.09602E-2 8.08704E-3 5.28592E-3 4.20961E-3 2.48799E-3 2.77206E-3 2.50423E-3 2.29413E-3 2.17693E-3 1.89383E-3 1.81365E-3 1.71862E-3 1.33521E-3 1.37238E-3 1.40349E-3 1.44275E-3 1.52378E-3 1.75E-3 1.58888E-3 1.59086E-3 1.29116E-3 1.29945E-3 1.25731E-3 1.24826E-3 1.2999E-3 1.33777E-3 1.29555E-3 1.11032E-3 9.58314E-4 9.80996E-4 9.71614E-4 9.98323E-4 1.00017E-3 9.72687E-4 9.69561E-4
-9999 -9999 -9999 -9999 1.12107E-2 1.2611E-2 1.26421E-2 1.50619E-2 1.7016E-2 2.50703E-2 2.04004E-2 1.57745E-2 1.10727E-2 1.83672E-2 1.80482E-2 1.65868E-2 1.6968E-2 1.86764E-2 1.77487E-2 1.69193E-2 1.36849E-2 1.10521E-2 1.25321E-2 9.9607E-3 8.29234E-3 9.65471E-3 1.20464E-2 7.23617E-3 5.49744E-3 3.41998E-3 2.27229E-3 2.08309E-3 1.9534E-3 1.71348E-3 1.61542E-3 1.67204E-3 1.90257E-3 1.74996E-3 1.41662E-3 1.42283E-3 1.4384E-3 1.42342E-3 1.44916E-3 1.57156E-3 1.53628E-3 1.51846E-3 1.47108E-3 1.25246E-3 1.25563E-3 1.26527E-3 1.23684E-3 1.24768E-3 1.32573E-3 1.08205E-3 1.06286E-3 8.75169E-4 9.41436E-4 9.98847E-4 1.0338E-3 1.01178E-3 1.01921E-3
-9999 -9999 -9999 -9999 1.0929E-2 1.03281E-2 1.28337E-2 1.31158E-2 1.57707E-2 1.82821E-2 1.53145E-2 1.60156E-2 1.65416E-2 1.45387E-2 1.73765E-2 2.16616E-2 2.31499E-2 2.25773E-2 1.32418E-2 1.24184E-2 1.28854E-2 1.2694E-2 1.30035E-2 1.09042E-2 8.44406E-3 6.92142E-3 7.63041E-3 8.61862E-3 5.41091E-3 4.70594E-3 3.45698E-3 3.12829E-3 1.95514E-3 1.9146E-3 1.84844E-3 1.75885E-3 1.71696E-3 1.66314E-3 1.77591E-3 1.95974E-3 1.64476E-3 1.5965E-3 1.58608E-3 1.56358E-3 1.52465E-3 1.49896E-3 1.54704E-3 1.55495E-3 1.29761E-3 1.29419E-3 1.25065E-3 1.25348E-3 1.05244E-3 1.06735E-3 1.05602E-3 1.07086E-3 9.65996E-4 1.01182E-3 1.0552E-3 1.05208E-3 1.09505E-3
-9999 -9999 -9999 -9999 1.11532E-2 1.23904E-2 1.2802E-2 1.52919E-2 1.25584E-2 1.07885E-2 1.37278E-2 1.1685E-2 1.04165E-2 1.5758E-2 1.52847E-2 1.9819E-2 3.10167E-2 1.82897E-2 1.29751E-2 1.14249E-2 1.15387E-2 1.36729E-2 1.30813E-2 9.62695E-3 7.71517E-3 4.84823E-3 5.91358E-3 8.34742E-3 6.98703E-3 5.31942E-3 3.10998E-3 2.7836E-3 2.11674E-3 2.05185E-3 2.13497E-3 2.21629E-3 2.04177E-3 1.84606E-3 2.17237E-3 1.65691E-3 2.24051E-3 1.66157E-3 1.67007E-3 1.70144E-3 1.72562E-3 1.73769E-3 1.64271E-3 1.67476E-3 1.66567E-3 1.32777E-3 1.28477E-3 1.03495E-3 1.07191E-3 1.11202E-3 1.08999E-3 1.17053E-3 1.26199E-3 1.02093E-3 1.04581E-3 1.04041E-3 1.00003E-3
-9999 -9999 -9999 -9999 1.11045E-2 1.29853E-2 1.35604E-2 1.91136E-2 2.52901E-2 1.93396E-2 1.30452E-2 2.48796E-2 1.00458E-2 1.46398E-2 1.64963E-2 1.76408E-2 2.60567E-2 2.22127E-2 1.5068E-2 1.2589E-2 1.56809E-2 1.27352E-2 8.29205E-3 9.37846E-3 8.41015E-3 4.22764E-3 5.25338E-3 7.46891E-3 6.42002E-3 4.56494E-3 3.25606E-3 2.86498E-3 2.5989E-3 1.97716E-3 1.76349E-3 1.72915E-3 1.8681E-3 2.00311E-3 2.37742E-3 2.12249E-3 2.22744E-3 1.71711E-3 1.73589E-3 1.71868E-3 1.82002E-3 1.79987E-3 1.70382E-3 1.75288E-3 1.70708E-3 1.33551E-3 1.31071E-3 1.29128E-3 1.30628E-3 1.09781E-3 1.19308E-3 1.18488E-3 1.18446E-3 1.24942E-3 1.03533E-3 9.91986E-4 9.57312E-4
-9999 -9999 -9999 -9999 -9999 1.32391E-2 1.20995E-2 1.65277E-2 2.20187E-2 3.24208E-2 1.41253E-2 2.22133E-2 1.21735E-2 1.56414E-2 2.16992E-2 1.4378E-2 1.57249E-2 1.70629E-2 1.7266E-2 1.60744E-2 1.63568E-2 1.34235E-2 7.94711E-3 9.12396E-3 8.21321E-3 6.82158E-3 4.08819E-3 4.5408E-3 4.96412E-3 5.31142E-3 3.84401E-3 3.94187E-3 3.33846E-3 2.81858E-3 2.61576E-3 2.0054E-3 1.6868E-3 1.79689E-3 2.10208E-3 2.17036E-3 2.02044E-3 1.94614E-3 1.53847E-3 1.55786E-3 1.61523E-3 1.56797E-3 1.63542E-3 1.71896E-3 1.73244E-3 1.6179E-3 1.28221E-3 1.28124E-3 1.31791E-3 1.20166E-3 1.18505E-3 1.21034E-3 1.20169E-3 1.2022E-3 1.00627E-3 9.93918E-4 9.65298E-4
-9999 -9999 -9999 -9999 -9999 1.36096E-2 1.27295E-2 1.46736E-2 1.62934E-2 2.51542E-2 1.84477E-2 1.70918E-2 1.49299E-2 1.91627E-2 1.90211E-2 1.43179E-2 2.22814E-2 2.23751E-2 1.83313E-2 1.85383E-2 1.39521E-2 1.01054E-2 9.65794E-3 1.00193E-2 7.03788E-3 6.47504E-3 4.12192E-3 4.59186E-3 3.34173E-3 3.75443E-3 3.40815E-3 3.34974E-3 3.20452E-3 2.42401E-3 2.32731E-3 2.82809E-3 2.03841E-3 1.87076E-3 1.86805E-3 1.92017E-3 2.04121E-3 1.911E-3 1.81942E-3 1.49889E-3 1.53484E-3 1.49958E-3 1.53661E-3 1.61135E-3 1.6643E-3 1.58604E-3 1.6253E-3 1.35245E-3 1.41832E-3 1.20415E-3 1.22655E-3 1.19351E-3 1.2102E-3 1.23027E-3 1.23059E-3 1.1652E-3 9.25334E-4
-9999 -9999 -9999 -9999 -9999 1.45514E-2 1.30088E-2 1.41466E-2 1.79328E-2 1.76026E-2 1.61302E-2 1.44083E-2 2.0031E-2 2.38393E-2 1.94762E-2 2.03524E-2 2.29314E-2 2.15913E-2 1.90155E-2 1.41178E-2 1.36261E-2 1.04062E-2 7.82933E-3 6.866E-3 7.73034E-3 7.14336E-3 5.92613E-3 5.65765E-3 5.64929E-3 3.94704E-3 2.80029E-3 2.48462E-3 2.3036E-3 2.37466E-3 2.12723E-3 2.52622E-3 2.40803E-3 2.11808E-3 1.96703E-3 1.70854E-3 1.99658E-3 1.97108E-3 2.0526E-3 1.67912E-3 2.07327E-3 1.78905E-3 1.62017E-3 1.61486E-3 1.64758E-3 1.69045E-3 1.63641E-3 1.6247E-3 1.16797E-3 1.22304E-3 1.2481E-3 1.2291E-3 1.18128E-3 1.2345E-3 1.17071E-3 1.11171E-3 9.02262E-4
-9999 -9999 -9999 -9999 -9999 1.63016E-2 1.39597E-2 1.55626E-2 1.90626E-2 1.93087E-2 1.19598E-2 1.39488E-2 2.11702E-2 2.04723E-2 2.0279E-2 2.47406E-2 2.45913E-2 2.75892E-2 2.39914E-2 1.79095E-2 1.55747E-2 1.21435E-2 1.24969E-2 8.22567E-3 7.05381E-3 6.65952E-3 5.93606E-3 6.79539E-3 4.21166E-3 3.49474E-3 3.11969E-3 3.13548E-3 2.49422E-3 2.00197E-3 1.93638E-3 2.46436E-3 2.8458E-3 1.90585E-3 1.90569E-3 2.03583E-3 1.87943E-3 2.16803E-3 2.29781E-3 2.15401E-3 1.81119E-3 1.80635E-3 1.67287E-3 1.72322E-3 1.65485E-3 1.68365E-3 1.68014E-3 1.70973E-3 1.7837E-3 1.27865E-3 1.31667E-3 1.21172E-3 1.20597E-3 1.15957E-3 1.15875E-3 1.15414E-3 1.1277E-3
-9999 -9999 -9999 -9999 -9999 1.54812E-2 1.44924E-2 1.96793E-2 2.98106E-2 2.27145E-2 1.27084E-2 1.7081E-2 2.08026E-2 2.16555E-2 2.22448E-2 3.10135E-2 2.15467E-2 2.38418E-2 2.43833E-2 2.14158E-2 2.09274E-2 1.79888E-2 1.30979E-2 1.06488E-2 7.81643E-3 7.34631E-3 7.63414E-3 7.01407E-3 3.64361E-3 2.81011E-3 2.73267E-3 2.31868E-3 2.35989E-3 2.29127E-3 1.95145E-3 2.23313E-3 1.87411E-3 2.5115E-3 1.93958E-3 2.33973E-3 2.31232E-3 2.25372E-3 2.18208E-3 2.13162E-3 2.25962E-3 1.83391E-3 1.75232E-3 1.74661E-3 1.73529E-3 1.78328E-3 1.72336E-3 1.68851E-3 1.85223E-3 1.5154E-3 1.56808E-3 1.49073E-3 1.14833E-3 1.13082E-3 1.14886E-3 1.14516E-3 9.54945E-4
-9999 -9999 -9999 -9999 -9999 1.55609E-2 1.78005E-2 2.10905E-2 3.39045E-2 2.06833E-2 1.59172E-2 2.5676E-2 2.0032E-2 2.61238E-2 2.45755E-2 3.256E-2 2.20396E-2 2.13476E-2 1.89576E-2 2.10781E-2 1.75762E-2 1.34714E-2 1.32936E-2 1.57705E-2 1.24305E-2 1.36787E-2 9.46803E-3 6.42437E-3 5.5346E-3 3.84564E-3 2.67145E-3 2.57755E-3 2.39151E-3 2.28132E-3 2.03763E-3 2.0738E-3 1.81009E-3 1.80257E-3 2.27978E-3 2.38367E-3 2.29294E-3 2.2304E-3 2.13324E-3 2.28643E-3 2.32766E-3 2.18363E-3 2.18351E-3 1.8413E-3 1.806E-3 1.92246E-3 1.87465E-3 1.75971E-3 1.75969E-3 1.75857E-3 1.57561E-3 1.56451E-3 1.23314E-3 1.17449E-3 1.13428E-3 1.15508E-3 1.19356E-3
