Artocarpus hirsutus SDM files/Last interglacial/results (without bias file)/Arthir_8.asc
ncols         625
nrows         721
xllcorner     69.99986311115
yllcorner     5.99986151914999
cellsize      0.041666667
NODATA_value  -9999
[rows 378 to 404 of 721, columns 183 to 243 of 625]
4.54779E-4 4.39579E-4 4.07146E-4 3.79486E-4 3.98756E-4 4.16185E-4 4.55178E-4 4.59646E-4 5.45448E-4 5.30969E-4 5.44652E-4 5.29757E-4 4.58119E-4 4.92386E-4 7.35585E-4 5.33546E-4 4.49475E-4 6.71132E-4 5.58046E-4 6.25878E-4 7.63903E-4 7.33456E-4 7.34987E-4 5.83946E-4 5.81973E-4 6.3794E-4 6.77898E-4 6.48443E-4 6.54588E-4 6.78501E-4 6.63645E-4 6.72314E-4 6.76327E-4 6.95401E-4 6.56324E-4 7.39607E-4 7.53883E-4 7.00712E-4 6.35085E-4 6.85911E-4 7.59963E-4 7.30021E-4 7.30332E-4 7.56307E-4 7.25675E-4 6.64986E-4 6.4342E-4 5.80183E-4 6.26197E-4 7.67289E-4 7.66825E-4 7.00904E-4 6.36436E-4 7.26296E-4 7.26697E-4 6.9308E-4 7.3166E-4 7.98191E-4 8.44567E-4 8.38882E-4 8.85379E-4
4.15198E-4 4.2794E-4 4.78935E-4 4.9922E-4 5.30373E-4 4.41985E-4 4.51492E-4 4.49449E-4 5.11256E-4 5.15525E-4 5.02745E-4 4.82396E-4 4.52047E-4 5.15074E-4 5.28676E-4 5.57717E-4 4.61391E-4 6.63066E-4 6.00327E-4 5.938E-4 6.777E-4 6.62569E-4 7.4619E-4 8.53756E-4 6.51639E-4 6.42571E-4 6.76241E-4 6.52402E-4 6.59011E-4 7.32498E-4 6.78397E-4 6.49499E-4 6.92986E-4 6.47101E-4 6.77841E-4 7.18463E-4 6.92479E-4 7.22221E-4 6.84296E-4 6.41756E-4 7.98971E-4 7.33974E-4 7.24451E-4 7.15394E-4 7.85792E-4 6.55522E-4 6.37502E-4 6.27763E-4 5.81186E-4 6.55607E-4 7.53438E-4 6.98209E-4 6.29705E-4 7.39011E-4 6.85692E-4 7.44962E-4 7.0162E-4 7.96772E-4 8.2882E-4 8.37037E-4 8.83956E-4
3.97488E-4 4.1999E-4 4.52084E-4 4.86875E-4 5.32451E-4 4.74683E-4 4.1785E-4 4.26413E-4 4.2102E-4 4.66429E-4 5.01656E-4 5.32266E-4 4.66878E-4 5.39761E-4 7.43192E-4 4.9454E-4 4.98465E-4 7.30895E-4 8.39222E-4 4.93085E-4 5.77646E-4 6.50434E-4 7.51931E-4 8.74937E-4 7.90143E-4 7.15943E-4 6.44908E-4 6.64452E-4 7.26779E-4 7.00179E-4 6.46329E-4 6.11701E-4 6.65948E-4 6.75603E-4 6.97414E-4 6.819E-4 7.08616E-4 7.97445E-4 7.20068E-4 6.39057E-4 6.33429E-4 7.71071E-4 6.61438E-4 7.50859E-4 7.59455E-4 8.22531E-4 7.6417E-4 7.03414E-4 5.43173E-4 5.99589E-4 7.16339E-4 7.43497E-4 6.15924E-4 7.51182E-4 6.66055E-4 7.07355E-4 7.58635E-4 8.06112E-4 8.56929E-4 8.9619E-4 9.06685E-4
4.26863E-4 4.21355E-4 4.2085E-4 4.53811E-4 4.30968E-4 5.03669E-4 4.89336E-4 4.3868E-4 4.62939E-4 4.89511E-4 4.77989E-4 4.87538E-4 4.73414E-4 5.27124E-4 5.81212E-4 5.39541E-4 5.08333E-4 7.32635E-4 7.47313E-4 6.31317E-4 5.67812E-4 7.22596E-4 7.76858E-4 6.83468E-4 6.43513E-4 8.37196E-4 8.05074E-4 6.73563E-4 6.30919E-4 6.76396E-4 6.56643E-4 6.55017E-4 6.36669E-4 6.65948E-4 6.61217E-4 6.97598E-4 7.74118E-4 7.92932E-4 7.41554E-4 6.24723E-4 6.85685E-4 7.80334E-4 6.73506E-4 6.722E-4 6.93686E-4 8.19479E-4 1.05473E-3 7.55512E-4 5.2299E-4 5.66835E-4 7.07571E-4 7.1996E-4 6.43157E-4 7.70054E-4 6.51857E-4 6.87251E-4 7.48249E-4 7.67967E-4 8.10398E-4 8.05573E-4 8.61295E-4
4.62995E-4 4.07425E-4 4.23028E-4 4.94883E-4 4.2231E-4 4.42266E-4 4.8401E-4 5.45133E-4 5.17767E-4 5.22141E-4 5.07486E-4 5.20756E-4 4.90162E-4 5.04505E-4 5.84051E-4 5.89186E-4 5.0393E-4 6.69538E-4 7.44832E-4 6.14671E-4 5.69979E-4 5.71809E-4 5.9868E-4 6.50109E-4 7.15456E-4 7.57997E-4 6.70227E-4 6.5703E-4 6.74922E-4 6.82856E-4 6.89127E-4 6.41685E-4 6.59641E-4 6.35884E-4 6.70968E-4 7.06648E-4 7.48627E-4 7.20817E-4 6.87004E-4 6.19152E-4 7.16614E-4 7.52829E-4 7.57347E-4 6.03161E-4 7.66572E-4 7.85712E-4 9.16032E-4 7.73459E-4 5.46395E-4 5.72535E-4 6.61857E-4 6.31881E-4 6.81385E-4 6.9558E-4 7.22872E-4 7.25478E-4 6.72228E-4 7.66822E-4 8.32298E-4 8.60609E-4 8.19149E-4
4.91513E-4 5.3768E-4 5.688E-4 4.90965E-4 4.7954E-4 4.39991E-4 4.5819E-4 4.49445E-4 4.51767E-4 4.66754E-4 4.62976E-4 5.24414E-4 4.8229E-4 5.43402E-4 5.44791E-4 6.10866E-4 5.65591E-4 5.93786E-4 7.29544E-4 6.90776E-4 6.02198E-4 5.45422E-4 6.44409E-4 7.89469E-4 7.87533E-4 7.9715E-4 6.41615E-4 6.3325E-4 6.43929E-4 6.25594E-4 6.16274E-4 6.61272E-4 6.75718E-4 6.72046E-4 6.33251E-4 7.00359E-4 7.02638E-4 7.15527E-4 6.62792E-4 6.29069E-4 6.88257E-4 7.39896E-4 7.70101E-4 6.10837E-4 5.9435E-4 7.49883E-4 7.4838E-4 7.4145E-4 6.11467E-4 5.70828E-4 6.30896E-4 6.77328E-4 6.59259E-4 6.49707E-4 7.33827E-4 7.61759E-4 6.58503E-4 7.46729E-4 8.95806E-4 9.00444E-4 1.01124E-3
5.88131E-4 6.75784E-4 5.39881E-4 5.37049E-4 4.52818E-4 5.70467E-4 4.8045E-4 5.45836E-4 4.88209E-4 5.07486E-4 5.18987E-4 4.81792E-4 5.43638E-4 4.78137E-4 6.88811E-4 6.75349E-4 5.41529E-4 5.87646E-4 7.12882E-4 6.86559E-4 6.1485E-4 5.35113E-4 6.16622E-4 7.38967E-4 8.02526E-4 8.68039E-4 7.08481E-4 6.05358E-4 6.75495E-4 6.4007E-4 6.44937E-4 6.18161E-4 6.83202E-4 6.31934E-4 6.37661E-4 6.53704E-4 7.26359E-4 7.67192E-4 6.47667E-4 6.17632E-4 7.19107E-4 7.67355E-4 7.71252E-4 6.38851E-4 5.88807E-4 5.92163E-4 6.3402E-4 6.06551E-4 6.53235E-4 5.86603E-4 6.701E-4 6.05759E-4 6.25481E-4 6.39473E-4 7.16677E-4 6.93701E-4 6.73222E-4 7.60921E-4 7.94602E-4 8.03969E-4 8.40105E-4
5.14575E-4 4.83065E-4 5.04453E-4 4.6383E-4 4.63287E-4 4.50104E-4 5.95274E-4 5.79243E-4 5.92334E-4 6.37579E-4 4.87076E-4 4.39005E-4 5.31721E-4 5.62502E-4 7.57055E-4 6.08103E-4 5.24631E-4 5.91132E-4 7.00147E-4 6.45949E-4 5.71137E-4 5.78406E-4 5.99285E-4 6.5303E-4 7.15553E-4 8.09259E-4 7.94584E-4 5.9668E-4 5.76117E-4 6.20932E-4 6.80715E-4 5.87513E-4 6.05729E-4 6.00869E-4 6.3194E-4 6.61204E-4 7.25068E-4 6.88683E-4 6.50228E-4 6.39958E-4 7.34133E-4 7.4745E-4 7.86612E-4 7.67744E-4 6.7432E-4 6.24902E-4 5.87492E-4 5.76238E-4 6.56344E-4 6.4178E-4 6.6944E-4 5.96208E-4 6.93116E-4 6.40254E-4 6.2547E-4 6.17049E-4 6.85164E-4 7.23282E-4 7.56448E-4 7.98465E-4 7.32179E-4
5.37353E-4 4.83967E-4 4.60674E-4 5.45755E-4 4.94892E-4 4.96133E-4 5.13181E-4 4.92635E-4 5.43566E-4 5.55241E-4 6.01947E-4 5.57319E-4 5.27907E-4 5.29249E-4 6.59567E-4 5.54972E-4 5.37299E-4 5.8098E-4 6.70075E-4 7.64294E-4 5.6782E-4 5.26489E-4 6.16533E-4 7.13016E-4 7.53615E-4 7.94455E-4 8.16266E-4 6.24311E-4 5.6765E-4 5.58729E-4 6.33053E-4 6.90484E-4 6.59782E-4 5.96414E-4 5.91537E-4 6.31733E-4 6.74805E-4 6.79039E-4 6.45479E-4 6.16222E-4 6.89198E-4 7.845E-4 7.30445E-4 6.88E-4 6.67063E-4 7.09441E-4 6.34354E-4 5.8837E-4 5.92048E-4 6.89288E-4 6.63156E-4 5.66931E-4 6.24073E-4 6.5595E-4 6.41369E-4 6.23361E-4 6.46711E-4 6.63773E-4 7.23246E-4 8.42292E-4 8.05648E-4
4.51142E-4 4.98534E-4 4.6617E-4 5.12445E-4 5.50252E-4 4.86798E-4 4.47507E-4 4.57537E-4 4.80193E-4 5.06105E-4 4.99221E-4 5.15703E-4 5.2117E-4 5.24421E-4 5.45097E-4 5.6352E-4 5.61305E-4 5.69868E-4 5.86887E-4 7.42693E-4 7.24474E-4 5.60614E-4 5.53698E-4 6.2293E-4 6.75679E-4 7.75045E-4 7.19455E-4 6.45194E-4 5.74679E-4 5.33437E-4 5.85723E-4 7.26625E-4 7.09341E-4 6.40302E-4 5.7157E-4 5.89301E-4 6.15643E-4 6.323E-4 6.35478E-4 6.25612E-4 6.39156E-4 7.53063E-4 6.80278E-4 6.37244E-4 6.24589E-4 6.77937E-4 6.05857E-4 5.84717E-4 5.59571E-4 6.41159E-4 6.24384E-4 5.83921E-4 6.09677E-4 6.22899E-4 6.23572E-4 6.8544E-4 6.70196E-4 6.59202E-4 7.31087E-4 9.44904E-4 9.79079E-4
4.33101E-4 4.68737E-4 4.68169E-4 4.4999E-4 4.43077E-4 4.40196E-4 5.03253E-4 6.23643E-4 5.21012E-4 5.2881E-4 5.17218E-4 5.55778E-4 5.81108E-4 5.74353E-4 5.4169E-4 5.48221E-4 5.73954E-4 5.70147E-4 5.67754E-4 6.14715E-4 7.0364E-4 5.84123E-4 5.2859E-4 5.71298E-4 6.6209E-4 7.18732E-4 6.28771E-4 6.38894E-4 6.20786E-4 5.80974E-4 5.66695E-4 6.35421E-4 6.19547E-4 6.55412E-4 6.00823E-4 5.58705E-4 6.0327E-4 6.68424E-4 5.98666E-4 5.87287E-4 5.72749E-4 6.57371E-4 6.20169E-4 6.01874E-4 5.63129E-4 6.39653E-4 6.797E-4 5.97684E-4 5.52631E-4 5.92344E-4 5.75475E-4 5.65598E-4 6.56672E-4 6.86956E-4 6.82184E-4 7.31073E-4 7.17529E-4 6.38615E-4 7.26492E-4 8.48345E-4 8.87162E-4
4.20923E-4 4.33864E-4 4.62177E-4 4.36882E-4 5.26559E-4 4.53061E-4 5.99832E-4 7.45976E-4 6.63404E-4 5.0011E-4 5.0014E-4 5.21878E-4 5.77751E-4 6.84396E-4 6.10947E-4 5.30377E-4 5.97105E-4 6.03664E-4 5.06832E-4 5.78298E-4 5.91289E-4 5.43181E-4 5.64084E-4 5.52632E-4 5.98133E-4 6.10394E-4 6.22011E-4 6.00214E-4 5.98431E-4 5.87577E-4 5.96251E-4 5.61524E-4 5.78333E-4 5.69393E-4 5.75529E-4 5.68067E-4 6.02204E-4 6.25438E-4 6.02751E-4 5.59632E-4 5.60751E-4 5.55235E-4 5.63208E-4 5.63667E-4 5.73674E-4 6.87411E-4 6.70228E-4 5.74538E-4 5.50844E-4 5.48479E-4 5.40744E-4 6.0991E-4 6.36901E-4 6.69313E-4 6.9177E-4 7.13183E-4 7.2772E-4 6.68746E-4 7.14207E-4 8.04684E-4 8.59557E-4
4.45663E-4 4.43639E-4 4.57236E-4 5.01062E-4 5.74667E-4 4.53061E-4 5.36971E-4 5.41972E-4 5.52521E-4 6.61653E-4 6.78104E-4 6.41332E-4 7.02262E-4 7.13602E-4 5.57285E-4 5.22649E-4 5.48808E-4 6.16565E-4 5.32658E-4 6.06454E-4 6.44247E-4 5.37987E-4 5.66703E-4 5.97961E-4 6.02457E-4 5.87761E-4 5.64753E-4 5.53642E-4 5.66353E-4 5.82497E-4 6.04717E-4 5.54718E-4 5.78809E-4 5.54594E-4 5.93681E-4 5.65463E-4 6.03566E-4 6.61181E-4 5.72036E-4 5.19544E-4 5.41306E-4 5.66366E-4 6.04254E-4 5.22645E-4 4.91523E-4 5.69893E-4 6.37327E-4 6.28594E-4 5.43161E-4 5.47661E-4 5.41787E-4 5.91195E-4 6.19796E-4 6.67505E-4 6.96446E-4 6.90101E-4 7.47147E-4 7.63356E-4 7.70449E-4 7.61419E-4 7.79371E-4
5.88363E-4 4.99221E-4 4.79222E-4 5.3479E-4 4.93214E-4 4.49633E-4 4.66755E-4 4.84269E-4 5.46678E-4 6.19932E-4 6.11163E-4 6.55295E-4 5.10129E-4 5.75297E-4 6.45075E-4 6.62368E-4 5.62903E-4 6.31928E-4 6.09782E-4 5.26475E-4 5.32927E-4 5.42425E-4 5.31517E-4 5.77743E-4 5.78794E-4 5.38044E-4 5.78948E-4 5.42806E-4 5.36189E-4 5.70487E-4 5.41967E-4 5.6207E-4 5.68565E-4 5.61593E-4 5.89831E-4 5.56855E-4 5.84183E-4 5.84745E-4 5.29148E-4 5.38439E-4 5.20321E-4 5.55448E-4 6.07805E-4 5.30266E-4 4.92436E-4 5.96249E-4 6.51007E-4 6.11493E-4 5.43827E-4 5.60842E-4 5.46706E-4 5.50016E-4 6.14044E-4 6.86708E-4 6.86901E-4 6.6483E-4 6.74969E-4 7.86258E-4 8.20067E-4 8.01664E-4 7.6708E-4
5.72612E-4 6.65882E-4 5.63067E-4 4.82621E-4 4.9571E-4 4.25886E-4 4.66551E-4 5.82025E-4 4.39119E-4 4.62876E-4 5.32411E-4 6.88176E-4 5.23999E-4 4.90014E-4 5.76195E-4 7.90524E-4 7.2702E-4 5.36241E-4 5.05255E-4 4.89073E-4 5.0857E-4 5.1846E-4 5.53334E-4 5.99E-4 6.20968E-4 6.27402E-4 5.44259E-4 5.25822E-4 5.22663E-4 5.69668E-4 6.08862E-4 6.14917E-4 6.57635E-4 5.68505E-4 7.47702E-4 8.42153E-4 5.55498E-4 5.26425E-4 5.19053E-4 4.95638E-4 4.88022E-4 4.79522E-4 5.26738E-4 5.13587E-4 4.85139E-4 5.69023E-4 6.66586E-4 5.63588E-4 5.84572E-4 5.84929E-4 5.44263E-4 5.17344E-4 6.14973E-4 6.86104E-4 6.89406E-4 6.32942E-4 6.31998E-4 6.85203E-4 8.85549E-4 8.79923E-4 8.15326E-4
5.22719E-4 5.01389E-4 6.48247E-4 5.83233E-4 5.18379E-4 4.54186E-4 5.3026E-4 4.97257E-4 4.51755E-4 5.45542E-4 4.52101E-4 5.13401E-4 4.94755E-4 4.9155E-4 6.1048E-4 6.74839E-4 5.56719E-4 4.89922E-4 4.93115E-4 4.85531E-4 5.12202E-4 5.22002E-4 5.29714E-4 5.73717E-4 6.03269E-4 5.45531E-4 6.07807E-4 8.54991E-4 7.84538E-4 8.72179E-4 8.16381E-4 8.09694E-4 7.84677E-4 7.45523E-4 6.30425E-4 8.0732E-4 5.94202E-4 7.97767E-4 6.58874E-4 4.8163E-4 4.28058E-4 5.13375E-4 4.46749E-4 4.56247E-4 4.60256E-4 5.55084E-4 6.47438E-4 5.19467E-4 4.99037E-4 5.4748E-4 5.35332E-4 5.3182E-4 6.29356E-4 6.44746E-4 6.69891E-4 6.55693E-4 5.87262E-4 6.45955E-4 8.14342E-4 8.77381E-4 1.08154E-3
4.671E-4 5.01238E-4 5.41051E-4 5.43224E-4 4.88721E-4 4.90659E-4 5.38447E-4 5.90511E-4 4.99404E-4 5.08272E-4 5.96155E-4 5.81738E-4 6.36531E-4 4.47908E-4 5.44424E-4 6.02567E-4 6.77203E-4 5.20794E-4 5.54824E-4 4.97422E-4 5.33103E-4 5.72517E-4 4.9782E-4 5.9006E-4 6.31738E-4 8.16698E-4 5.83505E-4 6.28645E-4 7.63858E-4 8.10036E-4 7.29233E-4 6.39171E-4 6.97259E-4 6.42014E-4 6.50387E-4 7.63521E-4 7.4884E-4 7.30097E-4 6.32397E-4 6.01974E-4 4.91876E-4 4.74439E-4 4.32988E-4 4.26139E-4 4.26625E-4 5.39259E-4 6.56874E-4 4.91219E-4 4.85805E-4 5.14301E-4 5.19638E-4 5.45065E-4 6.17913E-4 6.8041E-4 6.73868E-4 6.23196E-4 6.29684E-4 6.60643E-4 6.89501E-4 7.75851E-4 1.11324E-3
5.34102E-4 5.41397E-4 4.90457E-4 5.26267E-4 4.96929E-4 4.60234E-4 5.4914E-4 6.72833E-4 6.12298E-4 5.72778E-4 5.97901E-4 4.9269E-4 5.40796E-4 4.52388E-4 4.92694E-4 6.00361E-4 9.51779E-4 8.11477E-4 5.72842E-4 5.30579E-4 6.11564E-4 6.81205E-4 5.74928E-4 8.2127E-4 8.35247E-4 7.58918E-4 6.04354E-4 6.94863E-4 6.80059E-4 5.86986E-4 6.71374E-4 7.44655E-4 5.87846E-4 5.95834E-4 7.28554E-4 7.9358E-4 6.8617E-4 6.81978E-4 6.80863E-4 5.01526E-4 6.45252E-4 5.57337E-4 5.80054E-4 4.83276E-4 3.86629E-4 5.19214E-4 5.1981E-4 4.55297E-4 4.79776E-4 5.20987E-4 5.51806E-4 5.43667E-4 5.51123E-4 6.29849E-4 6.45849E-4 6.26762E-4 6.41568E-4 6.65047E-4 7.08152E-4 7.69393E-4 9.60394E-4
5.44111E-4 5.73474E-4 5.66535E-4 6.11432E-4 5.51823E-4 4.62864E-4 4.52976E-4 5.63213E-4 6.43779E-4 4.89193E-4 5.59418E-4 4.51012E-4 4.5143E-4 5.23656E-4 4.94768E-4 5.65235E-4 8.23179E-4 6.70137E-4 6.61174E-4 7.87002E-4 6.58782E-4 5.91492E-4 6.4493E-4 7.13873E-4 7.64735E-4 7.69185E-4 7.7405E-4 7.28784E-4 5.68404E-4 5.85527E-4 5.70877E-4 5.73111E-4 6.18698E-4 6.20085E-4 7.55035E-4 7.41208E-4 6.43608E-4 5.96103E-4 6.58531E-4 5.35559E-4 4.87273E-4 4.68649E-4 8.2503E-4 6.62849E-4 5.34138E-4 4.48335E-4 4.13439E-4 4.36008E-4 5.28727E-4 5.3327E-4 5.77576E-4 5.12693E-4 5.99885E-4 5.33547E-4 5.85813E-4 7.0251E-4 6.7154E-4 7.15401E-4 8.37601E-4 9.09571E-4 1.08249E-3
5.69664E-4 5.15105E-4 5.32343E-4 5.76806E-4 5.31217E-4 5.59273E-4 4.87665E-4 5.71644E-4 5.58934E-4 5.48236E-4 4.76594E-4 5.34101E-4 7.23374E-4 6.16353E-4 4.98139E-4 6.01303E-4 7.60977E-4 6.3666E-4 6.79266E-4 8.12072E-4 6.12652E-4 6.07834E-4 5.80957E-4 6.56686E-4 7.01978E-4 6.89295E-4 6.71925E-4 7.3365E-4 6.68602E-4 6.2066E-4 6.25329E-4 5.58714E-4 5.16796E-4 4.98454E-4 5.83204E-4 5.58097E-4 6.16601E-4 5.77395E-4 6.06974E-4 5.6935E-4 4.79872E-4 5.17273E-4 6.70955E-4 6.87286E-4 5.42332E-4 5.18392E-4 4.58165E-4 4.88687E-4 6.56841E-4 5.2251E-4 4.88997E-4 5.09741E-4 5.09644E-4 6.20542E-4 5.64853E-4 6.37776E-4 7.15889E-4 8.19766E-4 8.19302E-4 8.59953E-4 9.75079E-4
5.25904E-4 5.10016E-4 5.13246E-4 5.28079E-4 5.51451E-4 5.79543E-4 6.00118E-4 5.22213E-4 5.37573E-4 5.61942E-4 5.70878E-4 6.30558E-4 7.32232E-4 6.88035E-4 7.194E-4 6.78126E-4 6.35415E-4 5.75519E-4 6.02569E-4 6.46157E-4 6.47967E-4 6.22311E-4 5.67696E-4 5.80194E-4 6.8131E-4 6.15935E-4 6.30268E-4 6.07828E-4 7.02505E-4 7.56203E-4 5.83633E-4 5.64811E-4 5.99986E-4 4.84893E-4 5.1476E-4 5.63234E-4 5.229E-4 5.10229E-4 5.26854E-4 5.08727E-4 5.27532E-4 5.03007E-4 6.27628E-4 7.8341E-4 5.72215E-4 5.13385E-4 4.87101E-4 5.19572E-4 6.12698E-4 5.66197E-4 5.39283E-4 4.86812E-4 5.25295E-4 6.52098E-4 7.09074E-4 6.32177E-4 6.78402E-4 7.12776E-4 7.47442E-4 7.98781E-4 8.98755E-4
4.85279E-4 5.16365E-4 5.31362E-4 5.48723E-4 5.52811E-4 5.70364E-4 5.90703E-4 5.61083E-4 5.9482E-4 5.73811E-4 6.15685E-4 7.28027E-4 7.22919E-4 7.87976E-4 7.15487E-4 5.7216E-4 5.79604E-4 5.53484E-4 5.32555E-4 6.62234E-4 6.35238E-4 6.16889E-4 5.99798E-4 5.07637E-4 6.25257E-4 5.85699E-4 6.43814E-4 6.31869E-4 7.36087E-4 7.58849E-4 5.90692E-4 6.82677E-4 5.97857E-4 6.56183E-4 6.28868E-4 7.24694E-4 6.89619E-4 5.86815E-4 5.62139E-4 5.22769E-4 5.12747E-4 5.3261E-4 6.49261E-4 7.25414E-4 5.01691E-4 5.22684E-4 5.71927E-4 6.24304E-4 5.72345E-4 6.1938E-4 5.85427E-4 5.78977E-4 5.72885E-4 6.237E-4 8.96213E-4 6.36065E-4 6.34358E-4 7.02352E-4 7.68294E-4 7.90912E-4 8.24917E-4
5.32045E-4 5.14826E-4 5.41985E-4 5.80955E-4 5.7421E-4 5.71305E-4 6.47101E-4 6.44533E-4 6.52688E-4 6.04782E-4 6.33502E-4 6.3128E-4 6.73226E-4 7.08523E-4 5.45927E-4 5.51561E-4 5.36563E-4 5.44829E-4 5.01535E-4 5.56737E-4 6.4863E-4 5.95268E-4 5.99391E-4 5.56729E-4 5.58E-4 5.69342E-4 5.9497E-4 6.50256E-4 6.7161E-4 7.36222E-4 7.56619E-4 6.48243E-4 6.26105E-4 6.49157E-4 6.11894E-4 5.38438E-4 5.01715E-4 5.20306E-4 4.72864E-4 4.87967E-4 5.11982E-4 5.07322E-4 5.20142E-4 5.8521E-4 5.18414E-4 5.17232E-4 5.27098E-4 5.8743E-4 6.30681E-4 6.27722E-4 6.15763E-4 5.68219E-4 5.73857E-4 5.67777E-4 6.69891E-4 6.74122E-4 6.16291E-4 7.38557E-4 7.96176E-4 1.02006E-3 9.212E-4
5.42819E-4 5.67613E-4 5.90983E-4 6.44583E-4 6.94292E-4 7.02386E-4 6.5007E-4 6.01771E-4 6.91949E-4 6.56725E-4 5.79717E-4 5.08691E-4 5.70797E-4 6.34494E-4 6.48701E-4 6.3931E-4 5.23089E-4 5.48367E-4 5.42423E-4 5.63836E-4 5.46653E-4 5.07633E-4 5.57193E-4 5.35759E-4 5.20239E-4 5.20622E-4 5.83561E-4 6.77019E-4 6.68189E-4 7.29759E-4 7.99131E-4 7.24106E-4 6.64104E-4 6.26919E-4 6.11086E-4 5.26822E-4 6.94976E-4 6.71951E-4 6.07223E-4 5.13507E-4 5.2407E-4 4.88907E-4 4.90982E-4 4.8488E-4 5.21519E-4 5.18075E-4 5.00651E-4 5.36438E-4 5.59727E-4 5.83596E-4 6.32697E-4 6.34227E-4 7.42161E-4 5.65457E-4 5.7074E-4 5.92444E-4 6.16125E-4 6.37219E-4 7.08336E-4 8.28139E-4 7.94933E-4
5.39164E-4 5.37387E-4 5.57615E-4 5.85577E-4 5.56722E-4 5.40547E-4 5.15659E-4 5.01831E-4 5.88837E-4 6.53406E-4 6.01466E-4 5.09815E-4 5.13756E-4 5.21123E-4 5.93514E-4 6.98943E-4 6.33733E-4 5.85607E-4 6.071E-4 5.52301E-4 4.6259E-4 5.13521E-4 4.96388E-4 5.28549E-4 4.88109E-4 5.34825E-4 5.53607E-4 6.99579E-4 7.15831E-4 6.78884E-4 6.94891E-4 7.4553E-4 6.68107E-4 6.29281E-4 6.03204E-4 6.264E-4 6.49872E-4 5.33446E-4 5.39613E-4 4.78507E-4 6.76935E-4 5.17653E-4 5.1016E-4 4.92129E-4 5.78037E-4 5.64529E-4 5.38791E-4 5.5173E-4 5.36452E-4 5.42883E-4 5.8141E-4 5.46287E-4 7.51111E-4 6.85609E-4 7.65392E-4 6.12784E-4 7.3085E-4 7.7084E-4 7.6514E-4 6.00773E-4 7.1163E-4
5.18916E-4 5.1541E-4 4.86112E-4 5.07295E-4 5.05159E-4 5.01151E-4 5.15529E-4 5.06216E-4 5.39795E-4 6.21683E-4 6.24712E-4 6.10075E-4 5.98574E-4 4.78855E-4 4.92824E-4 5.60273E-4 7.20134E-4 6.45062E-4 5.11474E-4 5.25273E-4 5.6709E-4 6.05026E-4 5.00035E-4 4.60919E-4 4.79201E-4 5.08172E-4 6.00726E-4 6.6543E-4 6.39245E-4 5.46958E-4 5.69266E-4 6.38201E-4 7.58944E-4 8.051E-4 6.74189E-4 8.34261E-4 6.30547E-4 6.30169E-4 6.31867E-4 5.32616E-4 7.14456E-4 5.65458E-4 5.33541E-4 5.18634E-4 5.71057E-4 5.81668E-4 5.96317E-4 5.91735E-4 5.83295E-4 5.82752E-4 5.96906E-4 5.48986E-4 5.88479E-4 7.00606E-4 6.50537E-4 6.0625E-4 8.40779E-4 9.29166E-4 9.97924E-4 7.65538E-4 6.69581E-4
6.36445E-4 5.23729E-4 6.38349E-4 5.51803E-4 5.02815E-4 4.38962E-4 5.2002E-4 5.47718E-4 5.11534E-4 5.54709E-4 5.20436E-4 5.58709E-4 5.56331E-4 5.41086E-4 4.93114E-4 5.24823E-4 5.79191E-4 6.4122E-4 6.70773E-4 5.96045E-4 5.63857E-4 5.02959E-4 5.05834E-4 4.98426E-4 4.38247E-4 4.81953E-4 5.49793E-4 6.47816E-4 6.74861E-4 5.52401E-4 5.48735E-4 5.49494E-4 5.90305E-4 8.15421E-4 6.70344E-4 8.48317E-4 6.25976E-4 5.72746E-4 5.07195E-4 5.15468E-4 7.48031E-4 6.62852E-4 6.51167E-4 5.83639E-4 5.42914E-4 5.10658E-4 5.24463E-4 5.37243E-4 5.61271E-4 6.10287E-4 6.23298E-4 5.95853E-4 6.21598E-4 8.85532E-4 6.45827E-4 6.11807E-4 8.45155E-4 1.0248E-3 1.16412E-3 1.1322E-3 7.27757E-4
