Artocarpus heterophyllus SDM files/Last interglacial/results (with bias file)/Arthet_2.asc
ncols         625
nrows         721
xllcorner     69.99986311115
yllcorner     5.99986151914999
cellsize      0.041666667
NODATA_value  -9999
[rows 0 to 26 of 721, columns 427 to 487 of 625]
5.75066E-3 5.64265E-3 5.63221E-3 5.49095E-3 5.60255E-3 5.52448E-3 5.5665E-3 5.56074E-3 5.57559E-3 5.54049E-3 5.4369E-3 5.48357E-3 5.71978E-3 5.76632E-3 5.73938E-3 5.73134E-3 5.73858E-3 5.75094E-3 5.73644E-3 5.77701E-3 5.79162E-3 5.87838E-3 5.97993E-3 5.98982E-3 6.01256E-3 6.03538E-3 6.01551E-3 6.0716E-3 6.28379E-3 6.21738E-3 6.20495E-3 6.06175E-3 6.0096E-3 5.89562E-3 6.13483E-3 6.12322E-3 6.07708E-3 5.78642E-3 5.39828E-3 5.51153E-3 5.97347E-3 6.27979E-3 6.75609E-3 6.8053E-3 6.81025E-3 6.56336E-3 6.45477E-3 6.29743E-3 6.26086E-3 6.11511E-3 6.22514E-3 6.21336E-3 6.2032E-3 6.23989E-3 6.42403E-3 6.50771E-3 6.57959E-3 6.70113E-3 7.03609E-3 7.14745E-3 7.24402E-3
5.73777E-3 5.57777E-3 5.71731E-3 5.80783E-3 5.77492E-3 5.95687E-3 5.918E-3 5.76993E-3 5.78193E-3 5.71433E-3 5.57354E-3 5.64566E-3 5.85358E-3 6.12664E-3 6.02308E-3 5.96148E-3 6.04323E-3 5.982E-3 5.92853E-3 6.0085E-3 6.15599E-3 6.20023E-3 6.2403E-3 6.16744E-3 6.23732E-3 6.29269E-3 6.31252E-3 6.29778E-3 6.20198E-3 6.22464E-3 6.29778E-3 6.33454E-3 6.28387E-3 6.37982E-3 6.31648E-3 6.2907E-3 6.27585E-3 6.17898E-3 6.04767E-3 6.05147E-3 6.06918E-3 6.07956E-3 6.10268E-3 6.28866E-3 6.5062E-3 6.68177E-3 6.68867E-3 6.7389E-3 6.59301E-3 6.50834E-3 6.54633E-3 6.48813E-3 6.56704E-3 6.66528E-3 6.76686E-3 6.7407E-3 6.80296E-3 6.65929E-3 6.77479E-3 7.22068E-3 7.25412E-3
5.87861E-3 5.91495E-3 5.94861E-3 5.90686E-3 5.92024E-3 5.76429E-3 5.64539E-3 5.75953E-3 5.94861E-3 5.99766E-3 6.04173E-3 6.04555E-3 6.0084E-3 6.1048E-3 6.17457E-3 6.16288E-3 6.23421E-3 6.2728E-3 6.2728E-3 6.40243E-3 6.39839E-3 6.46567E-3 6.40473E-3 6.44752E-3 6.40127E-3 6.36573E-3 6.27286E-3 6.33367E-3 6.32455E-3 6.48884E-3 6.35369E-3 6.29524E-3 6.4112E-3 6.5771E-3 6.59861E-3 6.5764E-3 6.53667E-3 6.53169E-3 6.43665E-3 6.42942E-3 6.37496E-3 6.18763E-3 5.98607E-3 6.11446E-3 6.45061E-3 6.70895E-3 6.7858E-3 6.81191E-3 6.75676E-3 6.70433E-3 6.44313E-3 6.31043E-3 6.37759E-3 6.24218E-3 6.37046E-3 6.68063E-3 6.90631E-3 6.89776E-3 6.98747E-3 6.88296E-3 6.61501E-3
5.76434E-3 5.63609E-3 5.6594E-3 5.63389E-3 5.75842E-3 5.72394E-3 5.65612E-3 5.70449E-3 5.85246E-3 5.8353E-3 5.85251E-3 6.0392E-3 6.14481E-3 6.23819E-3 6.28409E-3 6.32957E-3 6.2192E-3 6.34655E-3 6.33611E-3 6.35403E-3 6.36771E-3 6.48675E-3 6.47398E-3 6.66488E-3 6.47384E-3 6.44567E-3 6.63008E-3 6.67947E-3 6.54015E-3 6.64808E-3 6.5713E-3 6.51021E-3 6.59207E-3 6.62619E-3 6.73269E-3 6.78804E-3 6.80546E-3 6.56842E-3 6.71371E-3 6.78188E-3 6.5772E-3 6.51737E-3 6.55369E-3 6.45311E-3 6.40857E-3 6.27447E-3 6.34354E-3 6.64573E-3 6.72868E-3 6.70725E-3 6.45497E-3 6.50322E-3 6.42922E-3 6.14767E-3 6.06761E-3 5.86974E-3 6.39459E-3 6.77872E-3 6.61644E-3 6.43441E-3 6.09193E-3
5.79916E-3 5.71954E-3 5.75611E-3 5.77501E-3 5.69853E-3 5.81165E-3 5.764E-3 5.79197E-3 5.85262E-3 5.90108E-3 5.97262E-3 6.04479E-3 6.08178E-3 6.05319E-3 6.30995E-3 6.22095E-3 6.11575E-3 6.21552E-3 6.2154E-3 6.17341E-3 6.34777E-3 6.21558E-3 6.3772E-3 6.24516E-3 6.46996E-3 6.30402E-3 6.36774E-3 6.57253E-3 6.62101E-3 6.4711E-3 6.41729E-3 6.47659E-3 6.33541E-3 6.48642E-3 6.39533E-3 6.61407E-3 6.52171E-3 6.3181E-3 6.49417E-3 6.8572E-3 6.86175E-3 6.71796E-3 6.75743E-3 6.63014E-3 6.52007E-3 6.59351E-3 6.57442E-3 6.86129E-3 6.98383E-3 6.86626E-3 6.69667E-3 6.69998E-3 6.49092E-3 6.64184E-3 6.41056E-3 6.37441E-3 6.5829E-3 6.65327E-3 6.40282E-3 6.335E-3 6.58505E-3
5.67137E-3 5.88589E-3 5.64465E-3 5.67115E-3 5.76379E-3 5.79113E-3 5.6711E-3 5.69775E-3 5.7863E-3 5.90921E-3 6.07443E-3 6.03447E-3 6.24543E-3 6.07627E-3 6.22922E-3 6.08948E-3 6.05092E-3 5.98239E-3 5.94919E-3 6.0749E-3 6.14458E-3 5.92564E-3 5.67036E-3 5.33793E-3 5.72028E-3 6.10406E-3 6.27471E-3 6.34661E-3 6.49174E-3 6.59984E-3 6.47473E-3 6.54046E-3 6.53079E-3 6.67139E-3 6.88114E-3 6.72542E-3 6.69036E-3 6.70846E-3 7.00101E-3 6.98336E-3 6.94231E-3 6.95986E-3 6.94231E-3 6.92044E-3 6.79197E-3 6.70919E-3 6.8344E-3 6.87819E-3 7.00369E-3 7.00072E-3 7.00603E-3 7.08352E-3 7.03451E-3 7.04454E-3 7.01197E-3 6.93115E-3 7.0207E-3 7.13632E-3 7.2535E-3 7.3335E-3 7.55904E-3
5.56486E-3 5.4529E-3 5.6285E-3 5.42674E-3 5.4482E-3 5.51112E-3 5.42174E-3 5.60118E-3 5.60085E-3 5.7194E-3 5.81391E-3 5.81396E-3 5.78641E-3 5.88171E-3 5.85356E-3 5.85327E-3 5.67107E-3 5.48925E-3 5.42617E-3 5.42169E-3 5.69267E-3 5.54691E-3 5.28621E-3 4.86449E-3 5.34899E-3 5.61224E-3 5.50398E-3 5.81318E-3 6.65963E-3 6.54591E-3 6.78382E-3 6.6782E-3 6.54371E-3 6.78563E-3 6.91666E-3 7.00351E-3 6.94203E-3 7.04089E-3 7.08993E-3 7.24369E-3 7.17619E-3 7.04763E-3 6.99151E-3 6.70534E-3 6.7001E-3 7.0812E-3 6.91194E-3 6.99088E-3 7.1622E-3 7.28207E-3 7.37671E-3 7.36849E-3 7.51535E-3 7.52424E-3 7.60688E-3 7.54759E-3 7.55712E-3 7.59729E-3 7.7706E-3 7.74876E-3 7.7341E-3
5.2172E-3 5.10751E-3 5.1079E-3 5.02449E-3 5.02459E-3 4.83919E-3 4.70451E-3 5.01942E-3 5.18624E-3 5.68115E-3 5.71984E-3 5.78468E-3 5.67014E-3 5.33793E-3 5.42585E-3 5.33829E-3 5.08226E-3 5.05773E-3 4.9396E-3 4.9693E-3 5.04504E-3 5.0769E-3 5.43666E-3 5.47404E-3 5.76314E-3 5.8922E-3 6.02998E-3 6.29469E-3 6.65702E-3 6.65422E-3 6.52998E-3 6.17871E-3 6.17308E-3 6.39073E-3 6.73692E-3 6.96753E-3 7.03733E-3 7.23348E-3 7.2119E-3 7.1832E-3 7.03962E-3 6.65934E-3 6.17284E-3 5.86283E-3 6.38784E-3 6.84607E-3 7.17972E-3 7.44533E-3 7.28458E-3 7.47982E-3 7.48679E-3 7.32922E-3 7.68085E-3 7.952E-3 7.89267E-3 7.8062E-3 7.73757E-3 7.85209E-3 7.84714E-3 7.9863E-3 7.91906E-3
5.21579E-3 5.26684E-3 5.05607E-3 5.22791E-3 5.12489E-3 4.93639E-3 5.06347E-3 5.52078E-3 5.53832E-3 5.681E-3 5.98882E-3 6.09346E-3 5.92095E-3 5.92427E-3 5.78051E-3 5.5179E-3 5.56116E-3 5.37405E-3 5.11887E-3 5.35954E-3 5.61303E-3 5.84623E-3 5.99628E-3 6.06817E-3 6.20884E-3 6.221E-3 6.20196E-3 6.3795E-3 6.43783E-3 6.41887E-3 6.00935E-3 6.20188E-3 6.50057E-3 6.56839E-3 6.7241E-3 6.32654E-3 6.13662E-3 6.82266E-3 7.27723E-3 6.79689E-3 6.51684E-3 6.02891E-3 6.03877E-3 6.37912E-3 6.49924E-3 6.64468E-3 6.50872E-3 6.75546E-3 7.183E-3 7.08749E-3 6.81286E-3 6.45706E-3 6.591E-3 7.39653E-3 7.37273E-3 7.79983E-3 7.92293E-3 8.12186E-3 8.24059E-3 8.0216E-3 7.88574E-3
6.02223E-3 5.88692E-3 5.73469E-3 5.81595E-3 5.73652E-3 5.59878E-3 5.59574E-3 5.5393E-3 5.71767E-3 5.75058E-3 5.96525E-3 5.9651E-3 5.99783E-3 5.6219E-3 5.45296E-3 5.30815E-3 5.66722E-3 6.01641E-3 5.89808E-3 5.8704E-3 6.12479E-3 6.09876E-3 5.45007E-3 6.16214E-3 6.27538E-3 6.21549E-3 5.91046E-3 6.34981E-3 6.17781E-3 6.77087E-3 6.66738E-3 6.71185E-3 6.35695E-3 6.66743E-3 6.79411E-3 6.4125E-3 6.08887E-3 6.84178E-3 6.91975E-3 6.8158E-3 6.74612E-3 6.51417E-3 6.3275E-3 6.48767E-3 6.20929E-3 5.80155E-3 4.91116E-3 5.67686E-3 6.67812E-3 6.94925E-3 6.85413E-3 6.98823E-3 7.11386E-3 7.40185E-3 7.23311E-3 7.85982E-3 7.88768E-3 7.87276E-3 8.13909E-3 7.72348E-3 7.59568E-3
6.17944E-3 6.21748E-3 5.99329E-3 5.823E-3 5.6962E-3 5.83238E-3 5.78432E-3 5.65577E-3 5.65747E-3 5.78022E-3 6.02817E-3 6.21761E-3 6.35296E-3 6.29616E-3 6.1431E-3 6.38506E-3 6.30624E-3 6.39831E-3 6.39073E-3 6.47435E-3 6.62004E-3 6.53971E-3 6.23529E-3 6.69987E-3 6.76232E-3 6.79717E-3 6.79288E-3 6.83589E-3 6.91627E-3 6.9447E-3 6.90824E-3 6.82534E-3 6.33374E-3 6.36895E-3 6.8934E-3 6.87483E-3 7.11695E-3 7.01254E-3 7.14453E-3 6.91385E-3 6.56987E-3 6.57472E-3 6.42339E-3 6.2281E-3 6.18595E-3 5.59501E-3 4.35749E-3 5.19219E-3 6.63713E-3 7.00137E-3 6.97312E-3 7.00794E-3 7.34834E-3 7.6431E-3 7.7617E-3 7.98975E-3 8.09812E-3 8.23009E-3 8.05566E-3 8.01006E-3 8.0455E-3
6.0731E-3 6.26863E-3 6.37107E-3 6.02773E-3 5.93936E-3 6.17945E-3 6.21363E-3 6.2869E-3 6.36227E-3 6.41662E-3 6.69438E-3 6.6986E-3 6.84627E-3 6.83158E-3 6.83332E-3 6.84021E-3 6.79717E-3 6.82721E-3 6.93323E-3 6.86183E-3 6.82296E-3 6.83158E-3 6.92272E-3 6.93114E-3 6.98604E-3 6.90537E-3 6.91846E-3 6.9975E-3 7.14871E-3 7.19603E-3 7.27903E-3 6.79067E-3 6.536E-3 6.76537E-3 7.23223E-3 7.14395E-3 7.37033E-3 7.24187E-3 7.14777E-3 6.7214E-3 6.15432E-3 6.18533E-3 4.70073E-3 4.9225E-3 5.8213E-3 5.76595E-3 5.6066E-3 6.2343E-3 7.15881E-3 7.4581E-3 7.49562E-3 7.61696E-3 7.95764E-3 8.08792E-3 8.02934E-3 8.43781E-3 8.33095E-3 8.47402E-3 8.4662E-3 8.45919E-3 8.34578E-3
6.13937E-3 6.24665E-3 6.17052E-3 6.48983E-3 6.10298E-3 6.3585E-3 6.59384E-3 6.43578E-3 6.46026E-3 6.87658E-3 7.07684E-3 7.05015E-3 7.12193E-3 7.13092E-3 7.0751E-3 7.04836E-3 7.08606E-3 6.97835E-3 7.01686E-3 7.05471E-3 7.02404E-3 6.98867E-3 7.0751E-3 7.16226E-3 7.23087E-3 7.32279E-3 7.24178E-3 7.16775E-3 7.04731E-3 7.39511E-3 7.55836E-3 7.40611E-3 7.4405E-3 7.43769E-3 7.60091E-3 7.66913E-3 7.52257E-3 7.21286E-3 6.76173E-3 6.64286E-3 6.56876E-3 6.01002E-3 5.07501E-3 5.59381E-3 6.29527E-3 6.01453E-3 6.4294E-3 6.94554E-3 7.46973E-3 7.61301E-3 7.80441E-3 7.98367E-3 8.35777E-3 8.4338E-3 8.40594E-3 8.51432E-3 8.60867E-3 8.50902E-3 8.36537E-3 8.36324E-3 8.25288E-3
6.55401E-3 6.47399E-3 6.56011E-3 6.47443E-3 6.65306E-3 6.57956E-3 6.58794E-3 6.64832E-3 6.85292E-3 6.94185E-3 7.19607E-3 7.04523E-3 7.25988E-3 7.55117E-3 7.40062E-3 7.4659E-3 7.37268E-3 7.41238E-3 7.40771E-3 7.21278E-3 7.4358E-3 7.44519E-3 7.40825E-3 7.41443E-3 7.09878E-3 7.2079E-3 6.6545E-3 6.61066E-3 7.07928E-3 7.50191E-3 7.78818E-3 7.7484E-3 7.81182E-3 7.87447E-3 7.73739E-3 7.79103E-3 7.30881E-3 7.20164E-3 7.40437E-3 7.31427E-3 7.26211E-3 6.74935E-3 5.87646E-3 6.41891E-3 7.05345E-3 6.97918E-3 6.47412E-3 6.60667E-3 7.52964E-3 7.83538E-3 7.64614E-3 7.90628E-3 8.45492E-3 8.58045E-3 8.45808E-3 8.64563E-3 8.54377E-3 8.62111E-3 8.66471E-3 8.44806E-3 8.3264E-3
6.27009E-3 6.30782E-3 6.67868E-3 6.5992E-3 6.75296E-3 6.81858E-3 6.84818E-3 6.93623E-3 7.05358E-3 7.2742E-3 7.23707E-3 7.28172E-3 7.61078E-3 7.54641E-3 7.66835E-3 7.724E-3 7.68575E-3 7.74078E-3 7.80363E-3 7.77124E-3 7.8189E-3 7.77428E-3 7.62571E-3 7.46926E-3 7.38211E-3 7.35263E-3 6.87706E-3 7.23374E-3 7.64555E-3 7.96782E-3 7.98795E-3 7.98701E-3 8.19997E-3 8.19788E-3 8.14634E-3 8.18755E-3 8.05278E-3 8.15355E-3 8.06295E-3 7.88607E-3 7.80007E-3 7.43118E-3 7.21515E-3 7.60278E-3 7.6456E-3 7.31335E-3 7.54247E-3 7.73493E-3 8.2414E-3 8.29164E-3 8.34508E-3 8.37143E-3 8.55738E-3 8.64574E-3 8.37777E-3 8.51475E-3 9.05202E-3 8.78722E-3 8.91837E-3 8.70304E-3 8.65405E-3
5.45586E-3 5.44155E-3 5.86197E-3 6.49199E-3 6.69273E-3 6.91107E-3 6.85676E-3 6.77762E-3 7.04145E-3 7.23419E-3 7.38265E-3 7.48959E-3 7.50572E-3 7.44629E-3 7.45569E-3 7.85669E-3 7.791E-3 7.60715E-3 7.52317E-3 7.28588E-3 7.43136E-3 7.46707E-3 7.89168E-3 7.69482E-3 7.82142E-3 7.79253E-3 7.69335E-3 8.10727E-3 8.26467E-3 8.28033E-3 8.44002E-3 8.3951E-3 8.4163E-3 8.56333E-3 8.47632E-3 8.45496E-3 8.45496E-3 8.50923E-3 8.222E-3 8.14813E-3 8.1276E-3 8.09488E-3 7.85698E-3 7.35534E-3 7.74939E-3 8.16594E-3 8.41556E-3 8.46346E-3 8.65417E-3 8.74384E-3 8.65272E-3 8.80941E-3 8.80264E-3 8.85274E-3 8.8836E-3 8.91165E-3 9.06729E-3 9.16639E-3 9.35237E-3 9.21605E-3 9.08559E-3
5.91285E-3 6.14586E-3 5.92902E-3 6.05166E-3 6.38299E-3 6.66423E-3 6.34503E-3 6.37466E-3 6.78693E-3 7.24141E-3 7.40942E-3 7.47064E-3 7.73267E-3 7.60373E-3 7.53514E-3 7.46901E-3 7.46908E-3 7.35575E-3 7.31972E-3 7.46678E-3 7.89359E-3 7.95427E-3 8.06749E-3 8.16042E-3 8.11155E-3 8.1904E-3 8.1468E-3 8.35376E-3 8.42531E-3 8.56616E-3 8.51487E-3 8.82137E-3 8.58931E-3 8.62439E-3 8.9516E-3 8.88153E-3 8.86475E-3 8.73356E-3 8.60598E-3 8.23683E-3 8.01714E-3 8.03925E-3 8.12731E-3 8.21489E-3 8.5619E-3 8.82698E-3 8.83943E-3 8.90656E-3 9.00821E-3 9.33885E-3 9.30947E-3 9.29188E-3 9.18617E-3 9.30271E-3 9.30858E-3 9.38517E-3 9.4099E-3 9.33311E-3 9.34488E-3 9.41308E-3 9.35284E-3
5.98461E-3 6.42021E-3 6.2444E-3 6.46073E-3 6.72096E-3 6.90658E-3 6.60611E-3 6.35648E-3 6.72168E-3 7.32674E-3 7.55512E-3 7.61579E-3 7.62225E-3 7.39412E-3 7.20753E-3 6.67542E-3 6.35869E-3 6.42109E-3 6.63296E-3 6.42103E-3 7.10684E-3 7.8271E-3 8.17056E-3 8.37924E-3 8.73086E-3 8.44091E-3 8.54447E-3 8.63282E-3 8.92678E-3 8.873E-3 9.0098E-3 8.91081E-3 9.02526E-3 9.03095E-3 9.03095E-3 9.00821E-3 9.07216E-3 8.87593E-3 8.66439E-3 8.57889E-3 8.76538E-3 8.74876E-3 8.67774E-3 9.11462E-3 9.25769E-3 9.23794E-3 9.20583E-3 9.27161E-3 9.49629E-3 9.51217E-3 9.6459E-3 9.5024E-3 9.49233E-3 9.55053E-3 9.52927E-3 9.62296E-3 9.5865E-3 9.58978E-3 9.65395E-3 9.67831E-3 9.6057E-3
6.66898E-3 6.86753E-3 7.00978E-3 6.87373E-3 7.10177E-3 7.22877E-3 7.20492E-3 7.23632E-3 7.40722E-3 7.51869E-3 7.73278E-3 7.7438E-3 7.44545E-3 7.38447E-3 7.09047E-3 6.75941E-3 6.34291E-3 5.64363E-3 4.99755E-3 5.78017E-3 6.44788E-3 7.18285E-3 8.0408E-3 8.38406E-3 8.56879E-3 8.70763E-3 8.8464E-3 8.91564E-3 9.0201E-3 9.127E-3 9.19208E-3 9.3214E-3 9.17363E-3 9.3149E-3 9.25053E-3 9.3162E-3 9.18451E-3 9.25565E-3 9.08406E-3 9.10468E-3 8.89397E-3 9.06815E-3 9.19924E-3 9.51526E-3 9.62447E-3 9.53723E-3 9.53477E-3 9.76532E-3 9.62626E-3 9.73752E-3 1.01395E-2 9.71847E-3 9.6786E-3 9.70405E-3 9.76825E-3 9.9828E-3 9.8327E-3 1.00085E-2 1.00814E-2 1.01168E-2 1.02325E-2
7.31741E-3 7.28261E-3 7.25566E-3 7.32189E-3 7.32189E-3 7.47133E-3 7.49501E-3 7.62111E-3 7.65982E-3 7.74771E-3 7.76475E-3 7.95521E-3 7.76748E-3 7.61024E-3 7.29827E-3 6.97254E-3 6.40216E-3 5.99638E-3 5.13818E-3 5.5922E-3 6.30203E-3 6.83996E-3 7.5389E-3 8.03941E-3 8.38358E-3 8.04222E-3 8.04276E-3 8.48011E-3 8.75391E-3 9.0345E-3 9.13482E-3 9.32527E-3 9.28145E-3 9.35244E-3 9.65264E-3 9.57931E-3 9.52859E-3 9.53828E-3 9.31417E-3 9.29528E-3 9.37617E-3 9.46045E-3 9.42639E-3 9.47671E-3 9.58288E-3 9.75363E-3 9.90894E-3 1.00424E-2 1.01038E-2 1.03279E-2 1.03149E-2 1.01876E-2 1.01812E-2 1.01045E-2 1.02456E-2 1.04191E-2 1.03798E-2 1.03369E-2 1.05181E-2 1.02871E-2 1.04814E-2
7.60552E-3 7.61519E-3 7.48901E-3 7.86009E-3 7.84681E-3 7.80064E-3 7.89438E-3 7.90459E-3 7.94533E-3 7.87788E-3 7.70327E-3 7.85826E-3 8.02948E-3 7.69078E-3 7.47531E-3 6.98287E-3 6.47182E-3 6.50117E-3 6.28551E-3 6.48317E-3 6.5507E-3 6.83697E-3 7.62573E-3 8.02599E-3 7.86726E-3 7.61827E-3 7.34043E-3 7.57119E-3 8.20932E-3 9.03464E-3 9.07995E-3 9.22739E-3 9.37256E-3 9.13652E-3 9.52499E-3 9.78032E-3 9.87899E-3 9.84266E-3 9.76691E-3 9.49511E-3 9.61556E-3 9.46192E-3 9.24484E-3 8.71789E-3 8.7948E-3 9.27145E-3 9.72471E-3 9.98639E-3 1.02162E-2 1.01364E-2 1.03632E-2 1.05543E-2 1.04575E-2 1.06091E-2 1.06083E-2 1.06045E-2 1.05888E-2 1.06116E-2 1.06585E-2 1.0625E-2 1.05543E-2
7.91582E-3 7.83231E-3 7.92561E-3 7.83761E-3 7.88842E-3 7.84255E-3 7.60268E-3 7.38009E-3 7.55837E-3 7.33245E-3 7.35832E-3 7.85086E-3 7.72181E-3 7.82628E-3 7.77034E-3 7.43169E-3 7.08029E-3 6.69938E-3 6.5682E-3 6.53423E-3 7.12665E-3 7.43486E-3 7.68814E-3 7.75582E-3 7.46418E-3 7.22218E-3 7.49304E-3 7.85865E-3 8.47484E-3 8.61329E-3 8.84045E-3 9.12652E-3 9.37247E-3 9.325E-3 9.52142E-3 9.72511E-3 9.60955E-3 9.71288E-3 9.68298E-3 9.62906E-3 9.62851E-3 9.57946E-3 9.35243E-3 8.89098E-3 8.17193E-3 8.5571E-3 9.54412E-3 1.01473E-2 1.02077E-2 1.01377E-2 9.89256E-3 9.58436E-3 9.83266E-3 1.01233E-2 1.06131E-2 1.10587E-2 1.09715E-2 1.10041E-2 1.10731E-2 1.11824E-2 1.09831E-2
7.55268E-3 7.47719E-3 7.74381E-3 8.3134E-3 8.1535E-3 8.01352E-3 7.97582E-3 7.77414E-3 7.3121E-3 6.97771E-3 7.19989E-3 7.05457E-3 6.58046E-3 7.24751E-3 7.42276E-3 7.487E-3 6.93509E-3 6.51013E-3 6.9654E-3 7.29829E-3 7.53124E-3 7.67944E-3 7.81588E-3 8.04027E-3 7.46933E-3 6.72679E-3 7.25559E-3 7.94464E-3 8.24168E-3 8.64944E-3 8.93456E-3 9.31425E-3 9.27047E-3 9.37111E-3 9.23014E-3 9.84445E-3 9.87749E-3 9.68637E-3 9.57956E-3 9.28951E-3 9.04304E-3 8.99018E-3 8.70685E-3 8.98705E-3 8.92963E-3 9.82257E-3 1.01118E-2 1.0263E-2 1.02293E-2 1.01064E-2 9.20057E-3 8.80583E-3 9.26908E-3 9.39495E-3 1.00621E-2 1.03861E-2 1.07804E-2 1.07297E-2 1.08558E-2 1.08352E-2 1.09529E-2
7.67542E-3 7.74872E-3 7.82589E-3 8.28158E-3 8.36057E-3 8.43721E-3 8.34508E-3 8.06475E-3 7.90741E-3 7.78008E-3 7.52602E-3 7.22019E-3 7.30786E-3 7.80857E-3 7.87579E-3 7.79531E-3 7.33336E-3 6.95038E-3 7.1213E-3 7.55893E-3 7.6924E-3 7.56459E-3 7.80104E-3 7.94677E-3 7.62471E-3 6.84114E-3 7.28814E-3 8.0292E-3 8.42635E-3 8.601E-3 8.93491E-3 8.88211E-3 9.02616E-3 9.03203E-3 9.12653E-3 9.17227E-3 9.45423E-3 9.71021E-3 9.51199E-3 9.33837E-3 9.13961E-3 8.57588E-3 8.20689E-3 8.41938E-3 9.19845E-3 1.01185E-2 1.03131E-2 1.05948E-2 1.05645E-2 1.00966E-2 9.74834E-3 9.40575E-3 8.85151E-3 9.19727E-3 9.19904E-3 9.85251E-3 9.85422E-3 1.03851E-2 1.10061E-2 1.09184E-2 1.09253E-2
8.01774E-3 7.85363E-3 7.87388E-3 8.13555E-3 8.16771E-3 8.71899E-3 8.57281E-3 8.43543E-3 8.45332E-3 8.41376E-3 8.26674E-3 7.94608E-3 7.96626E-3 7.92689E-3 8.19647E-3 7.76029E-3 7.60849E-3 7.79124E-3 7.80417E-3 7.84681E-3 7.78506E-3 7.52348E-3 7.23326E-3 6.82351E-3 6.86559E-3 7.17107E-3 7.59917E-3 7.3636E-3 7.91423E-3 8.37915E-3 8.65232E-3 8.92219E-3 9.06648E-3 9.3898E-3 9.74985E-3 9.77844E-3 9.95493E-3 9.77774E-3 9.71543E-3 9.53425E-3 9.14046E-3 9.03868E-3 8.89419E-3 8.93051E-3 9.4966E-3 1.00322E-2 1.02816E-2 1.0383E-2 1.02804E-2 1.01823E-2 1.01319E-2 1.00607E-2 9.95853E-3 1.01536E-2 1.02477E-2 1.03886E-2 1.0492E-2 1.07445E-2 1.09295E-2 1.10866E-2 1.11846E-2
8.28823E-3 8.04552E-3 7.98209E-3 7.67016E-3 8.27139E-3 9.02223E-3 9.0157E-3 8.9139E-3 8.79509E-3 8.75593E-3 8.58621E-3 8.3192E-3 8.13204E-3 8.02157E-3 8.09144E-3 7.68234E-3 7.82933E-3 8.08778E-3 7.92997E-3 7.58129E-3 6.98453E-3 7.45228E-3 7.429E-3 7.48191E-3 7.08304E-3 7.25867E-3 7.32152E-3 7.84117E-3 8.57344E-3 9.23483E-3 8.97391E-3 9.16505E-3 9.50956E-3 9.95785E-3 1.00893E-2 1.01162E-2 1.00674E-2 9.98593E-3 9.62815E-3 9.23139E-3 8.79871E-3 8.42729E-3 8.06976E-3 8.50476E-3 8.77004E-3 9.26667E-3 9.80738E-3 1.00616E-2 9.80687E-3 1.00603E-2 1.01715E-2 1.01198E-2 1.02819E-2 1.04818E-2 1.07899E-2 1.07988E-2 1.11479E-2 1.122E-2 1.13566E-2 1.12435E-2 1.11365E-2
8.36108E-3 8.03003E-3 8.16504E-3 8.31726E-3 8.7129E-3 9.11094E-3 9.19211E-3 9.03204E-3 8.81659E-3 8.75336E-3 9.00694E-3 8.62616E-3 8.42482E-3 8.63913E-3 8.65079E-3 8.48305E-3 8.50793E-3 8.44183E-3 8.24966E-3 7.78035E-3 7.55654E-3 8.21779E-3 8.0078E-3 7.88967E-3 8.03651E-3 8.10686E-3 8.28888E-3 8.79919E-3 9.17323E-3 9.26177E-3 9.08329E-3 9.22162E-3 9.51184E-3 9.99134E-3 1.03155E-2 1.02644E-2 9.93813E-3 9.83723E-3 9.37699E-3 8.79574E-3 8.38167E-3 7.64582E-3 6.93536E-3 7.35005E-3 6.98356E-3 8.93472E-3 9.30892E-3 9.33607E-3 8.67043E-3 8.89914E-3 9.69724E-3 1.01714E-2 1.04989E-2 1.06026E-2 1.10078E-2 1.12091E-2 1.11587E-2 1.07821E-2 1.1008E-2 1.12382E-2 1.11275E-2
