Artocarpus heterophyllus SDM files/Last interglacial/results (with bias file)/Arthet_avg.asc
ncols         625
nrows         721
xllcorner     69.99986311115
yllcorner     5.99986151914999
cellsize      0.041666667
NODATA_value  -9999
[rows 243 to 269 of 721, columns 61 to 121 of 625]
3.55432E-1 3.5737E-1 3.6009E-1 3.60446E-1 3.62383E-1 3.65081E-1 3.62033E-1 3.6659E-1 3.64956E-1 3.65834E-1 3.6815E-1 3.708E-1 3.71164E-1 3.74158E-1 3.76414E-1 3.77764E-1 3.78069E-1 3.80959E-1 3.83909E-1 3.84614E-1 3.85314E-1 3.80479E-1 3.88303E-1 3.8254E-1 3.86813E-1 3.81252E-1 3.87576E-1 3.8213E-1 3.90662E-1 3.82572E-1 3.88591E-1 3.86319E-1 3.88348E-1 3.91922E-1 3.96343E-1 3.99455E-1 4.00255E-1 3.90058E-1 3.97766E-1 3.97259E-1 3.97695E-1 3.97303E-1 3.92945E-1 3.87506E-1 3.99586E-1 4.02009E-1 3.97061E-1 4.04622E-1 4.03955E-1 4.00887E-1 4.08467E-1 4.01973E-1 4.03363E-1 4.1407E-1 4.15897E-1 4.18621E-1 4.22929E-1 4.22532E-1 4.22232E-1 4.12757E-1 4.17259E-1
3.55553E-1 3.50449E-1 3.58417E-1 3.58505E-1 3.6062E-1 3.63114E-1 3.63669E-1 3.69078E-1 3.71867E-1 3.72018E-1 3.74872E-1 3.71074E-1 3.7257E-1 3.7488E-1 3.78168E-1 3.82042E-1 3.80867E-1 3.81238E-1 3.82432E-1 3.76854E-1 3.83136E-1 3.8329E-1 3.8655E-1 3.88648E-1 3.81654E-1 3.87095E-1 3.8241E-1 3.83382E-1 3.83444E-1 3.89596E-1 3.83915E-1 3.86852E-1 3.89007E-1 3.98719E-1 3.9994E-1 3.98757E-1 3.92004E-1 3.96078E-1 4.07888E-1 4.07062E-1 4.00092E-1 3.98888E-1 3.88106E-1 3.92371E-1 3.94945E-1 3.94643E-1 3.97284E-1 3.99266E-1 3.99614E-1 4.00919E-1 4.02231E-1 4.0529E-1 4.06702E-1 4.08904E-1 4.10092E-1 4.1198E-1 4.19174E-1 4.13183E-1 4.1269E-1 4.1555E-1 4.11841E-1
3.50128E-1 3.51315E-1 3.53295E-1 3.541E-1 3.54187E-1 3.55927E-1 3.6437E-1 3.66985E-1 3.62467E-1 3.67644E-1 3.75549E-1 3.78799E-1 3.78738E-1 3.79078E-1 3.78355E-1 3.77966E-1 3.79865E-1 3.82681E-1 3.85327E-1 3.84224E-1 3.86252E-1 3.86801E-1 3.86334E-1 3.87973E-1 3.82493E-1 3.87721E-1 3.82939E-1 3.83632E-1 3.83632E-1 3.84165E-1 3.84822E-1 3.88199E-1 3.87129E-1 4.01729E-1 4.11434E-1 3.9891E-1 4.07343E-1 4.10071E-1 4.1044E-1 4.1446E-1 4.03393E-1 3.91724E-1 3.93486E-1 3.93318E-1 3.95388E-1 3.98541E-1 3.97795E-1 4.00273E-1 4.02054E-1 4.01136E-1 4.02167E-1 4.06964E-1 4.06606E-1 4.08034E-1 4.12373E-1 4.11525E-1 4.11294E-1 4.13935E-1 4.12822E-1 4.12593E-1 4.14561E-1
3.4601E-1 3.49443E-1 3.54574E-1 3.56552E-1 3.5718E-1 3.59081E-1 3.62086E-1 3.62445E-1 3.64762E-1 3.65818E-1 3.70712E-1 3.71137E-1 3.79848E-1 3.74626E-1 3.8018E-1 3.75292E-1 3.77753E-1 3.7704E-1 3.7963E-1 3.83978E-1 3.84132E-1 3.8149E-1 3.86928E-1 3.84878E-1 3.87818E-1 3.82152E-1 3.81029E-1 3.84005E-1 3.84727E-1 3.84727E-1 3.85697E-1 3.90582E-1 4.02301E-1 4.00485E-1 3.97114E-1 4.00542E-1 4.02812E-1 3.99198E-1 3.9697E-1 3.9675E-1 3.96119E-1 3.94882E-1 3.94021E-1 3.96162E-1 3.9967E-1 3.98288E-1 3.97351E-1 3.99076E-1 3.98545E-1 4.03597E-1 4.05831E-1 4.08792E-1 4.06135E-1 4.11766E-1 4.10109E-1 4.11525E-1 4.14624E-1 4.17096E-1 4.13083E-1 4.15487E-1 4.14586E-1
3.44316E-1 3.47484E-1 3.56673E-1 3.57807E-1 3.59819E-1 3.62445E-1 3.64486E-1 3.63079E-1 3.61021E-1 3.63379E-1 3.66113E-1 3.69184E-1 3.74626E-1 3.75971E-1 3.72495E-1 3.75266E-1 3.7794E-1 3.84609E-1 3.79224E-1 3.79985E-1 3.78385E-1 3.83836E-1 3.79215E-1 3.8718E-1 3.82559E-1 3.86936E-1 3.86808E-1 3.84193E-1 3.85258E-1 3.90827E-1 3.87261E-1 3.97946E-1 4.02562E-1 4.0592E-1 4.11321E-1 4.02492E-1 3.89518E-1 3.90421E-1 3.91908E-1 3.92664E-1 3.94284E-1 3.94725E-1 3.96648E-1 4.0051E-1 3.99863E-1 3.97906E-1 3.97764E-1 3.99237E-1 4.00948E-1 4.06954E-1 4.10342E-1 4.08242E-1 4.10066E-1 4.1446E-1 4.13123E-1 4.12177E-1 4.11393E-1 4.13313E-1 4.16371E-1 4.16099E-1 4.14553E-1
3.38268E-1 3.45666E-1 3.49776E-1 3.52756E-1 3.53079E-1 3.55907E-1 3.61285E-1 3.64696E-1 3.60835E-1 3.63463E-1 3.6708E-1 3.70064E-1 3.72258E-1 3.80278E-1 3.76362E-1 3.7328E-1 3.76362E-1 3.8239E-1 3.80543E-1 3.8039E-1 3.80203E-1 3.83134E-1 3.79681E-1 3.82624E-1 3.86112E-1 3.8534E-1 3.82559E-1 3.82437E-1 3.83218E-1 3.86542E-1 3.96937E-1 4.02429E-1 4.02004E-1 4.20666E-1 4.13477E-1 4.11846E-1 3.91614E-1 3.91711E-1 3.96575E-1 3.95167E-1 3.9334E-1 3.95359E-1 3.98496E-1 3.97949E-1 3.98908E-1 4.00771E-1 3.97574E-1 3.99588E-1 4.01589E-1 4.10473E-1 4.09238E-1 4.09768E-1 4.11726E-1 4.1124E-1 4.1344E-1 4.15314E-1 4.16867E-1 4.17315E-1 4.18528E-1 4.12327E-1 4.15709E-1
3.41269E-1 3.46777E-1 3.4859E-1 3.48846E-1 3.50715E-1 3.53784E-1 3.58098E-1 3.62073E-1 3.576E-1 3.58778E-1 3.64726E-1 3.71063E-1 3.68614E-1 3.74659E-1 3.78183E-1 3.75995E-1 3.79507E-1 3.80979E-1 3.8132E-1 3.84521E-1 3.80374E-1 3.83353E-1 3.84548E-1 3.81025E-1 3.81719E-1 3.79828E-1 3.82966E-1 3.8601E-1 3.89679E-1 3.87075E-1 3.97708E-1 4.07762E-1 4.17764E-1 4.105E-1 4.01025E-1 3.98492E-1 3.9813E-1 3.9756E-1 3.96523E-1 3.95864E-1 3.97489E-1 3.96599E-1 4.00157E-1 3.98168E-1 3.96914E-1 3.92948E-1 4.00203E-1 4.02187E-1 4.08432E-1 4.0816E-1 4.0776E-1 4.09865E-1 4.11661E-1 4.1341E-1 4.16649E-1 4.1308E-1 4.15761E-1 4.15742E-1 4.14951E-1 4.20981E-1 4.22274E-1
3.40179E-1 3.46241E-1 3.48903E-1 3.49835E-1 3.49893E-1 3.58148E-1 3.62318E-1 3.75372E-1 3.57048E-1 3.62792E-1 3.66161E-1 3.62628E-1 3.76579E-1 3.84213E-1 3.83108E-1 3.79755E-1 3.80827E-1 3.80857E-1 3.81259E-1 3.85211E-1 3.8401E-1 3.84772E-1 3.84675E-1 3.85967E-1 3.82217E-1 3.80045E-1 3.80826E-1 3.84125E-1 3.85214E-1 3.88453E-1 3.97812E-1 4.10125E-1 4.16486E-1 3.98894E-1 3.9628E-1 4.01851E-1 3.95049E-1 3.94734E-1 3.94554E-1 3.97379E-1 3.98692E-1 3.97835E-1 3.95667E-1 3.97337E-1 3.99376E-1 4.01081E-1 4.03125E-1 4.02594E-1 4.08972E-1 4.06589E-1 4.10591E-1 4.09464E-1 4.11791E-1 4.13997E-1 4.17075E-1 4.15893E-1 4.16993E-1 4.10496E-1 4.14292E-1 4.17241E-1 4.14874E-1
3.40801E-1 3.50157E-1 3.48146E-1 3.50214E-1 3.5309E-1 3.59781E-1 3.61395E-1 3.68565E-1 3.60978E-1 3.69046E-1 3.71352E-1 3.66723E-1 3.76735E-1 3.69429E-1 3.77597E-1 3.79882E-1 3.81014E-1 3.81136E-1 3.82177E-1 3.82457E-1 3.85303E-1 3.83431E-1 3.85936E-1 3.84031E-1 3.87258E-1 3.85068E-1 3.84787E-1 3.85976E-1 3.89677E-1 3.93302E-1 4.12058E-1 4.16187E-1 4.12918E-1 4.00143E-1 3.99083E-1 4.06179E-1 3.95347E-1 3.9485E-1 4.03186E-1 4.0098E-1 4.0568E-1 3.97298E-1 3.96267E-1 3.97106E-1 3.98759E-1 4.01227E-1 3.98101E-1 4.05719E-1 4.12095E-1 4.08839E-1 4.10397E-1 4.12133E-1 4.14344E-1 4.13921E-1 4.16539E-1 4.09821E-1 4.10951E-1 4.1485E-1 4.14587E-1 4.12491E-1 4.15956E-1
3.43055E-1 3.44765E-1 3.46882E-1 3.49752E-1 3.51625E-1 3.59758E-1 3.56047E-1 3.55966E-1 3.63544E-1 3.73991E-1 3.68232E-1 3.67238E-1 3.67025E-1 3.71841E-1 3.78626E-1 3.73478E-1 3.79883E-1 3.82085E-1 3.83497E-1 3.83497E-1 3.8337E-1 3.84439E-1 3.84531E-1 3.87479E-1 3.87572E-1 3.86509E-1 3.85729E-1 3.83559E-1 3.84994E-1 3.96434E-1 4.07828E-1 4.13998E-1 3.99834E-1 3.93035E-1 3.90544E-1 4.04427E-1 3.95242E-1 3.92839E-1 3.95061E-1 3.97608E-1 4.0074E-1 3.94968E-1 3.96319E-1 3.98228E-1 4.03791E-1 4.03072E-1 4.04892E-1 4.06528E-1 4.12028E-1 4.1554E-1 4.18446E-1 4.11546E-1 4.13527E-1 4.07295E-1 4.07217E-1 4.16604E-1 4.15179E-1 4.14424E-1 4.14162E-1 4.15301E-1 4.14049E-1
3.45112E-1 3.45083E-1 3.47872E-1 3.50832E-1 3.51154E-1 3.55636E-1 3.60694E-1 3.59788E-1 3.64861E-1 3.71151E-1 3.6775E-1 3.73965E-1 3.70028E-1 3.73388E-1 3.79182E-1 3.72957E-1 3.74901E-1 3.82483E-1 3.83497E-1 3.84535E-1 3.86848E-1 3.84689E-1 3.8582E-1 3.86259E-1 3.86794E-1 3.8739E-1 3.88228E-1 3.86439E-1 3.88275E-1 4.00275E-1 4.12624E-1 4.08858E-1 4.00733E-1 3.94147E-1 3.94954E-1 3.96271E-1 3.96002E-1 3.96587E-1 3.98634E-1 3.97092E-1 3.96876E-1 4.01852E-1 3.99221E-1 4.02635E-1 4.01793E-1 4.0554E-1 4.07079E-1 4.07924E-1 4.0586E-1 4.1577E-1 4.24379E-1 4.12104E-1 4.11919E-1 4.14206E-1 4.16002E-1 4.1859E-1 4.1366E-1 4.12688E-1 4.13555E-1 4.15771E-1 4.15147E-1
3.40038E-1 3.40671E-1 3.44944E-1 3.48762E-1 3.51144E-1 3.55951E-1 3.57722E-1 3.58935E-1 3.6336E-1 3.68659E-1 3.68718E-1 3.7088E-1 3.73814E-1 3.7403E-1 3.7478E-1 3.75363E-1 3.76481E-1 3.84115E-1 3.84654E-1 3.82876E-1 3.86074E-1 3.86356E-1 3.86669E-1 3.87517E-1 3.88514E-1 3.88669E-1 3.89798E-1 3.91154E-1 3.99384E-1 4.16169E-1 4.14007E-1 4.03091E-1 3.97688E-1 3.99412E-1 3.98674E-1 3.97032E-1 3.95605E-1 3.97192E-1 3.97652E-1 3.96109E-1 3.9563E-1 4.00887E-1 4.00172E-1 3.99206E-1 4.05164E-1 4.05377E-1 4.10175E-1 4.08278E-1 4.09445E-1 4.11147E-1 4.22194E-1 4.08492E-1 4.13372E-1 4.14879E-1 4.10134E-1 4.08929E-1 4.11116E-1 4.11278E-1 4.12469E-1 4.14821E-1 4.18873E-1
3.38409E-1 3.37507E-1 3.37003E-1 3.46319E-1 3.53696E-1 3.5616E-1 3.58877E-1 3.61236E-1 3.64451E-1 3.64693E-1 3.66749E-1 3.71874E-1 3.74366E-1 3.77578E-1 3.75363E-1 3.82312E-1 3.77438E-1 3.84002E-1 3.83813E-1 3.86803E-1 3.86348E-1 3.87385E-1 3.8504E-1 3.85194E-1 3.88828E-1 3.89736E-1 3.91945E-1 3.97044E-1 4.10538E-1 4.07521E-1 3.99308E-1 3.9712E-1 3.96608E-1 3.98135E-1 3.94586E-1 3.96319E-1 3.96173E-1 3.97731E-1 3.95868E-1 3.9525E-1 3.98833E-1 4.00243E-1 4.03234E-1 4.00927E-1 4.04028E-1 4.05288E-1 4.07857E-1 4.1073E-1 4.13124E-1 4.02506E-1 4.08299E-1 4.0824E-1 4.15863E-1 4.1294E-1 4.10769E-1 4.1298E-1 4.1239E-1 4.11309E-1 4.14506E-1 4.14735E-1 4.07182E-1
3.50116E-1 3.34634E-1 3.40718E-1 3.51709E-1 3.53696E-1 3.54044E-1 3.54281E-1 3.61637E-1 3.66895E-1 3.67611E-1 3.6512E-1 3.67825E-1 3.79482E-1 3.79336E-1 3.79118E-1 3.76792E-1 3.77347E-1 3.86454E-1 3.87101E-1 3.86912E-1 3.90187E-1 3.91145E-1 3.88909E-1 3.88673E-1 3.89709E-1 3.89411E-1 3.99517E-1 4.12428E-1 4.06426E-1 4.07151E-1 3.98586E-1 4.01556E-1 4.12981E-1 3.98898E-1 4.06533E-1 4.02082E-1 3.98081E-1 3.9606E-1 3.91775E-1 3.9959E-1 3.97365E-1 3.9934E-1 4.01879E-1 4.03126E-1 4.05128E-1 4.04632E-1 4.08567E-1 4.08761E-1 4.11333E-1 4.07982E-1 4.04346E-1 4.07624E-1 4.06946E-1 4.09734E-1 4.13817E-1 4.17288E-1 4.15658E-1 4.14834E-1 4.18327E-1 4.14374E-1 4.06825E-1
3.67681E-1 3.6215E-1 3.49819E-1 3.52285E-1 3.48422E-1 3.4377E-1 3.5483E-1 3.64517E-1 3.70099E-1 3.64899E-1 3.63513E-1 3.76269E-1 3.79761E-1 3.82766E-1 3.74335E-1 3.77111E-1 3.82543E-1 3.86494E-1 3.90001E-1 3.87097E-1 3.876E-1 3.88916E-1 3.95E-1 3.94829E-1 3.93534E-1 3.97454E-1 4.08796E-1 4.17904E-1 4.05877E-1 4.00971E-1 4.03383E-1 3.97691E-1 4.0083E-1 4.01254E-1 4.05052E-1 4.01084E-1 3.9975E-1 3.99275E-1 3.98446E-1 4.00132E-1 3.99135E-1 4.01898E-1 3.98943E-1 4.03894E-1 4.03979E-1 4.05147E-1 4.11745E-1 4.09895E-1 4.09968E-1 4.09887E-1 4.18543E-1 4.08885E-1 4.11193E-1 4.13397E-1 4.11484E-1 4.13031E-1 4.15888E-1 4.14834E-1 4.17275E-1 4.1602E-1 4.10049E-1
3.56877E-1 3.55513E-1 3.58784E-1 3.66877E-1 3.75927E-1 3.57328E-1 3.56109E-1 3.69058E-1 3.85201E-1 3.61544E-1 3.71718E-1 3.746E-1 3.80817E-1 3.80212E-1 3.78671E-1 3.8633E-1 3.79205E-1 3.89339E-1 3.95719E-1 3.88416E-1 3.91233E-1 3.91642E-1 3.93569E-1 3.93385E-1 3.97646E-1 4.06362E-1 4.15655E-1 4.1972E-1 3.9676E-1 3.95956E-1 4.01878E-1 4.03593E-1 4.02998E-1 3.97978E-1 4.00416E-1 4.00069E-1 3.99117E-1 3.98414E-1 4.01092E-1 4.00671E-1 4.01749E-1 4.02025E-1 4.06747E-1 4.04536E-1 4.07709E-1 4.04228E-1 4.0437E-1 4.00256E-1 4.04523E-1 4.03082E-1 4.09334E-1 4.09304E-1 4.133E-1 4.12061E-1 4.13718E-1 4.13291E-1 4.1482E-1 4.09024E-1 4.09218E-1 4.10732E-1 4.10602E-1
3.53186E-1 3.55635E-1 3.63588E-1 3.72881E-1 3.6661E-1 3.63618E-1 3.67807E-1 3.76588E-1 3.90156E-1 3.64487E-1 3.69765E-1 3.7555E-1 3.87741E-1 3.94096E-1 3.85987E-1 3.85397E-1 3.8066E-1 3.90573E-1 3.95151E-1 3.94391E-1 3.93061E-1 3.91506E-1 3.94895E-1 3.94105E-1 4.00615E-1 4.09124E-1 4.18066E-1 4.04241E-1 3.93773E-1 3.98562E-1 3.98681E-1 3.98564E-1 4.0184E-1 3.9938E-1 3.97868E-1 4.00741E-1 3.99784E-1 4.01829E-1 4.0529E-1 4.07231E-1 4.02346E-1 4.0093E-1 4.0464E-1 4.02914E-1 4.06757E-1 4.06901E-1 4.00063E-1 4.01887E-1 4.02944E-1 4.04064E-1 4.06181E-1 4.08526E-1 4.09475E-1 4.12419E-1 4.14537E-1 4.13846E-1 4.14297E-1 4.15377E-1 4.07978E-1 4.1057E-1 4.19891E-1
3.5368E-1 3.54298E-1 3.60766E-1 3.65337E-1 3.69858E-1 3.66182E-1 3.68419E-1 3.77671E-1 3.83142E-1 3.66432E-1 3.72397E-1 3.82177E-1 3.79177E-1 3.90248E-1 3.94411E-1 3.8799E-1 3.84283E-1 3.84191E-1 3.93476E-1 3.94583E-1 3.94098E-1 3.94801E-1 3.93527E-1 3.97334E-1 4.01403E-1 4.01848E-1 3.92896E-1 4.04955E-1 3.92825E-1 3.89449E-1 3.91645E-1 3.91965E-1 3.99731E-1 3.96537E-1 3.97805E-1 3.97171E-1 3.9886E-1 4.00483E-1 4.00959E-1 4.05676E-1 4.06633E-1 4.04176E-1 4.0246E-1 4.04001E-1 4.06116E-1 4.071E-1 4.09031E-1 4.02976E-1 4.06313E-1 4.044E-1 4.10729E-1 4.05954E-1 4.07975E-1 4.11238E-1 4.11132E-1 4.10151E-1 4.13733E-1 4.09088E-1 4.12095E-1 4.10406E-1 4.18506E-1
3.54935E-1 3.51037E-1 3.53009E-1 3.5568E-1 3.62779E-1 3.65974E-1 3.72498E-1 3.89794E-1 3.78365E-1 3.68093E-1 3.71007E-1 3.76871E-1 3.80483E-1 3.88422E-1 3.92515E-1 3.91987E-1 3.88779E-1 3.89345E-1 3.94893E-1 3.9528E-1 3.89596E-1 3.87577E-1 3.84618E-1 4.09054E-1 4.03494E-1 3.92349E-1 3.99466E-1 4.28638E-1 3.98906E-1 3.99672E-1 3.98148E-1 3.9228E-1 3.99742E-1 3.98411E-1 4.00331E-1 4.0036E-1 4.01956E-1 4.01632E-1 4.00442E-1 4.03123E-1 4.1038E-1 4.05095E-1 4.03315E-1 4.05791E-1 4.09167E-1 4.02407E-1 4.10264E-1 4.07372E-1 4.10715E-1 4.07787E-1 4.03084E-1 4.05518E-1 4.07782E-1 4.09675E-1 4.11524E-1 4.1367E-1 4.229E-1 4.21246E-1 4.2231E-1 4.19862E-1 4.06541E-1
3.56612E-1 3.59811E-1 3.68798E-1 3.68568E-1 3.65316E-1 3.72766E-1 3.7679E-1 3.90121E-1 3.81798E-1 3.74797E-1 3.77703E-1 3.78228E-1 3.84252E-1 3.81019E-1 3.89842E-1 3.92805E-1 3.9309E-1 3.96952E-1 3.98965E-1 3.99073E-1 4.04246E-1 4.0291E-1 4.02373E-1 4.28107E-1 4.25977E-1 3.99783E-1 4.04129E-1 4.08698E-1 3.96325E-1 3.97353E-1 4.0113E-1 3.96352E-1 4.0084E-1 3.9927E-1 3.96921E-1 3.99115E-1 3.98439E-1 4.04317E-1 4.02702E-1 4.02432E-1 4.12885E-1 4.05351E-1 4.02883E-1 4.05302E-1 4.01699E-1 4.06629E-1 4.15002E-1 4.10458E-1 4.08832E-1 4.04238E-1 4.03424E-1 4.02217E-1 4.06679E-1 4.0684E-1 4.14565E-1 4.16885E-1 4.10679E-1 4.15346E-1 4.23463E-1 4.26947E-1 4.09733E-1
3.59672E-1 3.64841E-1 3.65473E-1 3.66601E-1 3.72396E-1 3.7508E-1 3.80137E-1 3.93981E-1 3.89023E-1 3.81734E-1 3.84663E-1 3.76354E-1 3.82289E-1 3.85713E-1 3.80961E-1 3.89217E-1 3.93875E-1 3.95112E-1 3.98703E-1 3.95633E-1 4.19394E-1 4.18914E-1 4.24098E-1 4.23905E-1 4.29002E-1 4.15587E-1 3.98839E-1 3.94969E-1 3.9473E-1 3.96387E-1 3.96734E-1 3.92062E-1 3.9601E-1 3.97793E-1 3.96665E-1 3.99083E-1 3.98214E-1 3.97694E-1 4.00262E-1 3.99345E-1 4.05086E-1 4.0388E-1 4.06415E-1 4.11062E-1 4.07977E-1 4.07975E-1 4.1033E-1 4.05952E-1 4.07632E-1 4.13993E-1 4.06803E-1 4.05488E-1 4.06939E-1 4.10879E-1 4.15024E-1 4.25111E-1 4.33645E-1 4.11357E-1 4.06707E-1 4.19847E-1 4.12021E-1
3.65034E-1 3.67841E-1 3.68507E-1 3.75009E-1 3.73526E-1 3.75979E-1 3.7924E-1 3.79629E-1 3.78637E-1 3.89788E-1 3.78112E-1 3.82937E-1 3.86853E-1 3.93268E-1 3.86092E-1 3.86923E-1 3.95453E-1 3.92346E-1 4.14822E-1 4.05115E-1 4.28947E-1 4.27623E-1 4.2491E-1 4.29408E-1 4.22545E-1 4.12419E-1 4.00859E-1 3.94227E-1 3.87951E-1 3.92164E-1 3.94759E-1 3.92534E-1 3.93709E-1 3.95471E-1 3.96791E-1 3.96744E-1 3.95975E-1 3.95225E-1 3.98434E-1 3.98962E-1 4.0105E-1 4.014E-1 4.06479E-1 4.09646E-1 4.11278E-1 4.1025E-1 4.09306E-1 4.07988E-1 4.10822E-1 4.1158E-1 4.04993E-1 4.06708E-1 4.12863E-1 4.23337E-1 4.18674E-1 4.24314E-1 4.32717E-1 4.07944E-1 4.10429E-1 4.11272E-1 4.15484E-1
3.65478E-1 3.71295E-1 3.70485E-1 3.70819E-1 3.76569E-1 3.79143E-1 3.79761E-1 3.80752E-1 3.87229E-1 3.93671E-1 3.81235E-1 3.80023E-1 3.9829E-1 3.93424E-1 3.88025E-1 3.89549E-1 3.99692E-1 4.0852E-1 4.22198E-1 4.20085E-1 4.31638E-1 4.26119E-1 4.23158E-1 4.20012E-1 4.2208E-1 4.25479E-1 4.02773E-1 4.10235E-1 3.98835E-1 3.98369E-1 3.86152E-1 3.85127E-1 3.86602E-1 3.85688E-1 3.93287E-1 3.94432E-1 3.93917E-1 3.96001E-1 4.0118E-1 4.0331E-1 4.05472E-1 4.08229E-1 4.06597E-1 4.02341E-1 4.10188E-1 4.07312E-1 4.08799E-1 4.09317E-1 4.0923E-1 4.09461E-1 4.07388E-1 4.10878E-1 4.25492E-1 4.32918E-1 4.18788E-1 4.22416E-1 4.33095E-1 4.11144E-1 4.12198E-1 4.14712E-1 4.08807E-1
3.74771E-1 3.78243E-1 3.76066E-1 3.74195E-1 3.74135E-1 3.79951E-1 3.8333E-1 3.87806E-1 4.14645E-1 3.92636E-1 3.79986E-1 3.79351E-1 3.86918E-1 3.91647E-1 3.8979E-1 3.96583E-1 3.97149E-1 4.02715E-1 4.1528E-1 4.14357E-1 4.23034E-1 4.15058E-1 4.18724E-1 4.07508E-1 4.22364E-1 4.12331E-1 3.90624E-1 3.94005E-1 3.8373E-1 3.82159E-1 3.84473E-1 3.88761E-1 3.84034E-1 3.87525E-1 3.94024E-1 3.93232E-1 3.89225E-1 3.89988E-1 3.92975E-1 3.99745E-1 4.05529E-1 4.08596E-1 4.09573E-1 4.09573E-1 4.07934E-1 4.03287E-1 4.05102E-1 4.13391E-1 4.12959E-1 4.08295E-1 4.10241E-1 4.20839E-1 4.35242E-1 4.29519E-1 4.08172E-1 4.21755E-1 4.26766E-1 4.16312E-1 4.1412E-1 4.15247E-1 4.13714E-1
3.70222E-1 3.79326E-1 3.8022E-1 3.78022E-1 3.75716E-1 3.81251E-1 3.84245E-1 3.99048E-1 4.19739E-1 4.00969E-1 3.92586E-1 3.89637E-1 3.88087E-1 3.92518E-1 3.94511E-1 4.05075E-1 3.98006E-1 4.07396E-1 4.2017E-1 4.15369E-1 4.26974E-1 4.14761E-1 4.09898E-1 3.96184E-1 4.09721E-1 4.0226E-1 3.97445E-1 4.01503E-1 3.8931E-1 3.84836E-1 3.84467E-1 3.87878E-1 3.85212E-1 3.92547E-1 3.90871E-1 3.9228E-1 3.92103E-1 3.90178E-1 3.89218E-1 3.97163E-1 3.97726E-1 4.05081E-1 4.02684E-1 4.11738E-1 4.07168E-1 4.0453E-1 4.05752E-1 4.09898E-1 4.10083E-1 4.10718E-1 4.17464E-1 4.22091E-1 4.29144E-1 4.21632E-1 4.13057E-1 4.19007E-1 4.22688E-1 4.28858E-1 4.26964E-1 4.21011E-1 4.15067E-1
3.71559E-1 3.87526E-1 3.85732E-1 3.82893E-1 3.81145E-1 3.95502E-1 3.88083E-1 3.99457E-1 4.09319E-1 3.93752E-1 3.98561E-1 3.9592E-1 4.04904E-1 4.05692E-1 3.95229E-1 3.87417E-1 3.89879E-1 4.1228E-1 4.09056E-1 4.19278E-1 4.28819E-1 4.19801E-1 4.03246E-1 4.04991E-1 4.08602E-1 3.97192E-1 4.00961E-1 3.95679E-1 3.93186E-1 3.90315E-1 3.85756E-1 3.90572E-1 3.97657E-1 3.9679E-1 3.98685E-1 3.8918E-1 3.92356E-1 3.90924E-1 3.8943E-1 3.91357E-1 3.97248E-1 4.02694E-1 4.09232E-1 4.11261E-1 4.11163E-1 4.06463E-1 4.04983E-1 4.07958E-1 4.10864E-1 4.11026E-1 4.17398E-1 4.27236E-1 4.37413E-1 4.21006E-1 4.1967E-1 4.16099E-1 4.18319E-1 4.26374E-1 4.3604E-1 4.33501E-1 4.33915E-1
3.8522E-1 3.91845E-1 3.99544E-1 3.92492E-1 3.89056E-1 4.05241E-1 3.92344E-1 4.15753E-1 4.1183E-1 3.97124E-1 4.03052E-1 3.99567E-1 4.0612E-1 4.09694E-1 4.21585E-1 3.949E-1 4.01244E-1 4.15058E-1 4.14645E-1 4.21132E-1 4.30785E-1 4.14947E-1 4.09265E-1 4.07852E-1 4.17877E-1 4.05874E-1 4.05363E-1 4.00282E-1 3.9167E-1 3.98478E-1 3.92541E-1 3.9054E-1 3.89346E-1 3.92893E-1 4.02195E-1 3.95048E-1 3.91179E-1 3.94901E-1 3.92859E-1 3.94146E-1 3.93239E-1 4.02373E-1 4.07721E-1 4.04791E-1 4.04767E-1 4.09803E-1 4.08769E-1 4.08932E-1 4.12199E-1 4.1197E-1 4.11952E-1 4.2687E-1 4.31904E-1 4.32373E-1 4.24448E-1 4.20694E-1 4.16913E-1 4.14319E-1 4.16192E-1 4.18512E-1 4.21382E-1
