Artocarpus heterophyllus SDM files/Last interglacial/results (with bias file)/Arthet_6.asc
ncols         625
nrows         721
xllcorner     69.99986311115
yllcorner     5.99986151914999
cellsize      0.041666667
NODATA_value  -9999
[rows 243 to 269 of 721, columns 366 to 426 of 625]
5.03611E-1 5.04865E-1 5.03472E-1 5.04027E-1 5.02097E-1 5.02486E-1 5.02901E-1 5.02756E-1 5.03165E-1 5.03436E-1 5.04849E-1 5.07478E-1 5.08173E-1 5.11089E-1 5.11368E-1 5.11786E-1 5.12631E-1 5.1305E-1 5.22799E-1 5.23509E-1 5.23791E-1 5.24925E-1 5.25207E-1 5.15544E-1 5.23955E-1 5.22449E-1 5.23153E-1 5.18096E-1 5.17131E-1 5.17979E-1 5.16594E-1 5.15972E-1 5.17514E-1 5.14254E-1 5.21613E-1 5.19743E-1 5.23535E-1 5.22989E-1 5.30962E-1 5.34299E-1 5.34574E-1 5.34574E-1 5.3469E-1 5.3469E-1 5.4328E-1 5.45119E-1 5.42553E-1 5.45697E-1 5.4399E-1 5.50782E-1 5.50782E-1 5.50782E-1 5.52629E-1 5.52629E-1 5.54071E-1 5.52222E-1 5.57191E-1 5.57191E-1 5.57191E-1 5.57191E-1 5.67211E-1
5.01135E-1 5.01918E-1 5.02472E-1 5.00407E-1 5.00822E-1 4.98871E-1 5.02486E-1 5.02341E-1 5.00269E-1 5.02743E-1 5.03436E-1 5.03852E-1 5.08319E-1 5.08737E-1 5.09015E-1 5.12072E-1 5.12351E-1 5.12631E-1 5.13475E-1 5.13911E-1 5.14896E-1 5.21697E-1 5.22119E-1 5.22541E-1 5.21024E-1 5.21024E-1 5.22296E-1 5.21233E-1 5.22077E-1 5.17418E-1 5.158E-1 5.2592E-1 5.16533E-1 5.15216E-1 5.14254E-1 5.19609E-1 5.20873E-1 5.23812E-1 5.22246E-1 5.2437E-1 5.3188E-1 5.3383E-1 5.3383E-1 5.3469E-1 5.36519E-1 5.3637E-1 5.3637E-1 5.4313E-1 5.44969E-1 5.4313E-1 5.4399E-1 5.4399E-1 5.51362E-1 5.50652E-1 5.51362E-1 5.51362E-1 5.49516E-1 5.57191E-1 5.5534E-1 5.55921E-1 5.55921E-1
5.00437E-1 5.01412E-1 4.9944E-1 5.00269E-1 5.00546E-1 4.98733E-1 4.99147E-1 5.02185E-1 5.0204E-1 5.03456E-1 5.03726E-1 5.04135E-1 5.04413E-1 5.04968E-1 5.07875E-1 5.08014E-1 5.09294E-1 5.09433E-1 5.10833E-1 5.10694E-1 5.1291E-1 5.2069E-1 5.2069E-1 5.21399E-1 5.22829E-1 5.2103E-1 5.21733E-1 5.20766E-1 5.20126E-1 5.19405E-1 5.24901E-1 5.1622E-1 5.22748E-1 5.13802E-1 5.15922E-1 5.14346E-1 5.13378E-1 5.20419E-1 5.21402E-1 5.22809E-1 5.2661E-1 5.33756E-1 5.31283E-1 5.33682E-1 5.33682E-1 5.3637E-1 5.38201E-1 5.35666E-1 5.42424E-1 5.42424E-1 5.41164E-1 5.41164E-1 5.42023E-1 5.42023E-1 5.48807E-1 5.48807E-1 5.46964E-1 5.50095E-1 5.55059E-1 5.55059E-1 5.54071E-1
4.99072E-1 5.0048E-1 5.00772E-1 4.96383E-1 4.9442E-1 4.95108E-1 4.9552E-1 5.01797E-1 4.99285E-1 5.0204E-1 5.02317E-1 4.97301E-1 5.04696E-1 5.04551E-1 5.04829E-1 5.04968E-1 5.05245E-1 5.08293E-1 5.10415E-1 5.10415E-1 5.11118E-1 5.11258E-1 5.11816E-1 5.12235E-1 5.1294E-1 5.17951E-1 5.2117E-1 5.19528E-1 5.18562E-1 5.19124E-1 5.17083E-1 5.18632E-1 5.14631E-1 5.23599E-1 5.22155E-1 5.22858E-1 5.24846E-1 5.19435E-1 5.32648E-1 5.31093E-1 5.32085E-1 5.24645E-1 5.33682E-1 5.33682E-1 5.33682E-1 5.3298E-1 5.3298E-1 5.34807E-1 5.35381E-1 5.43001E-1 5.41164E-1 5.41164E-1 5.41164E-1 5.39329E-1 5.39329E-1 5.48523E-1 5.47543E-1 5.47543E-1 5.45701E-1 5.45701E-1 5.53209E-1
4.89547E-1 4.99317E-1 5.01296E-1 4.94768E-1 4.92607E-1 4.93663E-1 5.01658E-1 5.01797E-1 5.02351E-1 5.02489E-1 4.95343E-1 4.96313E-1 5.03726E-1 5.04281E-1 5.04274E-1 5.0469E-1 4.98818E-1 5.05946E-1 5.07064E-1 5.07203E-1 5.07481E-1 5.08621E-1 5.11397E-1 5.11537E-1 5.10033E-1 5.10451E-1 5.17368E-1 5.18545E-1 5.17721E-1 5.16669E-1 5.19036E-1 5.17791E-1 5.17332E-1 5.18314E-1 5.23405E-1 5.22295E-1 5.20873E-1 5.21998E-1 5.22406E-1 5.30675E-1 5.26915E-1 5.34485E-1 5.33203E-1 5.33519E-1 5.35422E-1 5.36286E-1 5.43623E-1 5.35381E-1 5.35381E-1 5.42137E-1 5.42937E-1 5.51281E-1 5.51281E-1 5.39329E-1 5.50015E-1 5.39905E-1 5.46681E-1 5.57696E-1 5.45701E-1 5.45701E-1 5.53994E-1
4.91094E-1 4.91802E-1 4.9283E-1 4.94745E-1 4.94967E-1 4.95594E-1 4.93431E-1 4.94301E-1 4.94799E-1 4.95933E-1 4.95514E-1 4.95789E-1 4.96871E-1 5.03426E-1 4.97974E-1 4.98112E-1 4.98549E-1 5.05398E-1 5.06647E-1 5.07216E-1 5.07356E-1 5.07203E-1 5.0762E-1 5.08899E-1 5.09602E-1 5.09893E-1 5.10875E-1 5.08689E-1 5.18529E-1 5.18428E-1 5.1695E-1 5.16736E-1 5.17717E-1 5.23563E-1 5.15176E-1 5.22822E-1 5.2255E-1 5.23676E-1 5.21422E-1 5.2422E-1 5.3054E-1 5.24541E-1 5.34066E-1 5.35147E-1 5.35971E-1 5.35996E-1 5.43623E-1 5.411E-1 5.42937E-1 5.42937E-1 5.42937E-1 5.411E-1 5.41677E-1 5.49148E-1 5.47482E-1 5.50015E-1 5.47482E-1 5.4817E-1 5.48749E-1 5.56426E-1 5.54575E-1
4.92577E-1 4.92625E-1 4.93983E-1 4.92542E-1 4.94464E-1 4.94814E-1 4.94898E-1 4.9359E-1 4.94865E-1 4.943E-1 4.94498E-1 4.95939E-1 4.95927E-1 4.97173E-1 4.94816E-1 4.9756E-1 4.97974E-1 4.9825E-1 5.00495E-1 5.00357E-1 5.07077E-1 5.04442E-1 5.04436E-1 5.08044E-1 5.06127E-1 5.07543E-1 5.07854E-1 5.08272E-1 5.09107E-1 5.07924E-1 5.15106E-1 5.1695E-1 5.17156E-1 5.15439E-1 5.16846E-1 5.13488E-1 5.21124E-1 5.21827E-1 5.21287E-1 5.20866E-1 5.21991E-1 5.22018E-1 5.24857E-1 5.32415E-1 5.33095E-1 5.35314E-1 5.33486E-1 5.33486E-1 5.40234E-1 5.42937E-1 5.43514E-1 5.41677E-1 5.41677E-1 5.46617E-1 5.46617E-1 5.45641E-1 5.44776E-1 5.48749E-1 5.46219E-1 5.46906E-1 5.53709E-1
4.87179E-1 4.93171E-1 4.94232E-1 4.95346E-1 4.96071E-1 4.93433E-1 4.9165E-1 4.94141E-1 4.92758E-1 4.93437E-1 4.94223E-1 4.95064E-1 4.94759E-1 4.95695E-1 4.94076E-1 4.94679E-1 4.94954E-1 4.9551E-1 4.96336E-1 4.96894E-1 4.99919E-1 4.97169E-1 5.05003E-1 5.04858E-1 5.05849E-1 5.06266E-1 5.06544E-1 5.06854E-1 5.15036E-1 5.09299E-1 5.09996E-1 5.16233E-1 5.16159E-1 5.14443E-1 5.16286E-1 5.1459E-1 5.22232E-1 5.20549E-1 5.21533E-1 5.19162E-1 5.21576E-1 5.22165E-1 5.31533E-1 5.32525E-1 5.33233E-1 5.34989E-1 5.35314E-1 5.33486E-1 5.3406E-1 5.3406E-1 5.4081E-1 5.41677E-1 5.41677E-1 5.39842E-1 5.39842E-1 5.38584E-1 5.45354E-1 5.45354E-1 5.46219E-1 5.44379E-1 5.44379E-1
4.87033E-1 4.91528E-1 4.92587E-1 4.93959E-1 4.94532E-1 4.92509E-1 4.92792E-1 4.90576E-1 4.90913E-1 4.95211E-1 4.96052E-1 4.94254E-1 4.94796E-1 4.91923E-1 4.92708E-1 4.93196E-1 4.97678E-1 4.98557E-1 4.98295E-1 4.95999E-1 4.96756E-1 4.94419E-1 5.01104E-1 5.03995E-1 5.02808E-1 5.05571E-1 5.03533E-1 5.06576E-1 5.07834E-1 5.08304E-1 5.10002E-1 5.08414E-1 5.0911E-1 5.14024E-1 5.14723E-1 5.13169E-1 5.2181E-1 5.19846E-1 5.2083E-1 5.19449E-1 5.19476E-1 5.21181E-1 5.23697E-1 5.25247E-1 5.2567E-1 5.33233E-1 5.34746E-1 5.35888E-1 5.3406E-1 5.3406E-1 5.3406E-1 5.3406E-1 5.4081E-1 5.39552E-1 5.39552E-1 5.38584E-1 5.38584E-1 5.36752E-1 5.43514E-1 5.45354E-1 5.44956E-1
4.89526E-1 4.83699E-1 4.91238E-1 4.83512E-1 4.84427E-1 4.82662E-1 4.82639E-1 4.84282E-1 4.905E-1 4.91338E-1 4.9226E-1 4.92397E-1 4.92842E-1 4.93529E-1 4.94124E-1 4.92499E-1 4.93796E-1 4.93178E-1 4.95174E-1 4.92631E-1 4.93012E-1 4.93043E-1 4.93959E-1 5.01566E-1 5.01295E-1 5.02439E-1 5.03545E-1 5.0415E-1 5.04664E-1 5.08026E-1 5.06301E-1 5.06996E-1 5.06014E-1 5.13884E-1 5.16246E-1 5.14696E-1 5.15676E-1 5.1428E-1 5.13488E-1 5.13901E-1 5.11989E-1 5.19476E-1 5.20319E-1 5.21068E-1 5.24953E-1 5.26382E-1 5.2737E-1 5.34746E-1 5.33193E-1 5.3406E-1 5.32233E-1 5.32807E-1 5.39552E-1 5.39552E-1 5.39552E-1 5.37719E-1 5.38584E-1 5.36752E-1 5.37327E-1 5.37327E-1 5.44092E-1
4.81592E-1 4.83501E-1 4.83963E-1 4.82628E-1 4.80549E-1 4.81756E-1 4.81439E-1 4.79541E-1 4.82804E-1 4.84241E-1 4.90765E-1 4.85999E-1 4.92738E-1 4.91296E-1 4.90542E-1 4.92392E-1 4.88643E-1 4.93018E-1 4.92805E-1 4.90213E-1 4.907E-1 4.91742E-1 4.9372E-1 4.94292E-1 4.98298E-1 4.95589E-1 5.02192E-1 5.03414E-1 5.04291E-1 5.05396E-1 5.08443E-1 5.0597E-1 5.04738E-1 5.12886E-1 5.1445E-1 5.14556E-1 5.15256E-1 5.13581E-1 5.13994E-1 5.12202E-1 5.13901E-1 5.18914E-1 5.20184E-1 5.2159E-1 5.2453E-1 5.25959E-1 5.26664E-1 5.25835E-1 5.26403E-1 5.34449E-1 5.31941E-1 5.32807E-1 5.32807E-1 5.32807E-1 5.39552E-1 5.37719E-1 5.38294E-1 5.38294E-1 5.36463E-1 5.44092E-1 5.44092E-1
4.8153E-1 4.82782E-1 4.8086E-1 4.79049E-1 4.79614E-1 4.80729E-1 4.81347E-1 4.79419E-1 4.79984E-1 4.80558E-1 4.83559E-1 4.84096E-1 4.84527E-1 4.85173E-1 4.89492E-1 4.89828E-1 4.89965E-1 4.90208E-1 4.89267E-1 4.92307E-1 4.90204E-1 4.91436E-1 4.88952E-1 4.89101E-1 4.90716E-1 5.01135E-1 4.94285E-1 5.01684E-1 5.03375E-1 5.04881E-1 5.0476E-1 5.06656E-1 5.06244E-1 5.05994E-1 5.06688E-1 5.09037E-1 5.14696E-1 5.15396E-1 5.13156E-1 5.12068E-1 5.19837E-1 5.11554E-1 5.19763E-1 5.21028E-1 5.2159E-1 5.24248E-1 5.23279E-1 5.24412E-1 5.33263E-1 5.31617E-1 5.31941E-1 5.31941E-1 5.30117E-1 5.30117E-1 5.3338E-1 5.38294E-1 5.38294E-1 5.38294E-1 5.36463E-1 5.36463E-1 5.43224E-1
4.80986E-1 4.79602E-1 4.77995E-1 4.76323E-1 4.76234E-1 4.73666E-1 4.77403E-1 4.78621E-1 4.79238E-1 4.7972E-1 4.79601E-1 4.82917E-1 4.83484E-1 4.83484E-1 4.84477E-1 4.82804E-1 4.83446E-1 4.82592E-1 4.90093E-1 4.91439E-1 4.89182E-1 4.90545E-1 4.88359E-1 4.88995E-1 4.89428E-1 4.93641E-1 4.91838E-1 5.02052E-1 4.9928E-1 4.96056E-1 5.01306E-1 5.00115E-1 5.04996E-1 5.09562E-1 5.08062E-1 5.09037E-1 5.06794E-1 5.09282E-1 5.14963E-1 5.14001E-1 5.14707E-1 5.13605E-1 5.2082E-1 5.15866E-1 5.23798E-1 5.25073E-1 5.251E-1 5.26766E-1 5.2413E-1 5.30569E-1 5.30848E-1 5.31916E-1 5.32514E-1 5.3069E-1 5.3069E-1 5.3069E-1 5.31555E-1 5.29072E-1 5.38294E-1 5.37037E-1 5.37037E-1
4.79431E-1 4.7559E-1 4.77011E-1 4.72758E-1 4.73506E-1 4.71561E-1 4.71682E-1 4.71511E-1 4.7721E-1 4.77572E-1 4.79202E-1 4.80127E-1 4.80609E-1 4.80648E-1 4.83717E-1 4.84253E-1 4.84042E-1 4.84969E-1 4.82864E-1 4.83507E-1 4.91408E-1 4.89549E-1 4.8782E-1 4.88283E-1 4.89312E-1 4.92774E-1 4.94132E-1 4.93328E-1 4.9029E-1 4.96003E-1 4.99586E-1 5.06478E-1 5.04133E-1 5.08645E-1 5.10478E-1 5.09043E-1 5.09879E-1 5.17073E-1 5.16613E-1 5.15369E-1 5.1428E-1 5.1568E-1 5.1638E-1 5.18933E-1 5.19214E-1 5.24368E-1 5.25073E-1 5.26201E-1 5.23821E-1 5.24553E-1 5.31142E-1 5.3234E-1 5.3069E-1 5.3069E-1 5.3069E-1 5.3069E-1 5.3069E-1 5.29644E-1 5.36375E-1 5.37037E-1 5.34546E-1
4.6771E-1 4.749E-1 4.66357E-1 4.73337E-1 4.6912E-1 4.67337E-1 4.67813E-1 4.71316E-1 4.74698E-1 4.77187E-1 4.77803E-1 4.78578E-1 4.78459E-1 4.78887E-1 4.80226E-1 4.80415E-1 4.82879E-1 4.8272E-1 4.89074E-1 4.88998E-1 4.82608E-1 4.86909E-1 4.85145E-1 4.84169E-1 4.88833E-1 4.88947E-1 4.892E-1 4.88106E-1 4.87476E-1 4.8679E-1 5.09358E-1 4.9888E-1 5.07048E-1 5.07794E-1 5.08459E-1 5.10982E-1 5.12124E-1 5.07793E-1 5.16547E-1 5.14942E-1 5.15649E-1 5.17644E-1 5.18906E-1 5.17367E-1 5.16543E-1 5.23211E-1 5.24361E-1 5.20843E-1 5.24578E-1 5.24877E-1 5.24814E-1 5.23891E-1 5.34704E-1 5.30319E-1 5.31262E-1 5.2944E-1 5.30012E-1 5.39534E-1 5.38958E-1 5.46396E-1 5.46603E-1
4.67619E-1 4.6851E-1 4.66059E-1 4.64181E-1 4.62887E-1 4.60631E-1 4.67181E-1 4.61158E-1 4.70388E-1 4.73786E-1 4.76977E-1 4.77098E-1 4.77714E-1 4.78436E-1 4.78571E-1 4.79616E-1 4.77313E-1 4.79769E-1 4.81081E-1 4.80975E-1 4.81435E-1 4.86401E-1 4.78524E-1 4.85257E-1 4.8291E-1 4.86698E-1 4.83843E-1 4.82702E-1 4.82468E-1 4.80899E-1 5.14014E-1 4.99608E-1 5.06639E-1 5.07411E-1 5.10698E-1 5.0883E-1 5.0914E-1 5.07989E-1 5.09234E-1 5.17312E-1 5.17733E-1 5.19053E-1 5.19187E-1 5.16373E-1 5.27168E-1 5.17494E-1 5.25186E-1 5.22527E-1 5.3438E-1 5.37115E-1 5.32333E-1 5.33893E-1 5.23914E-1 5.2959E-1 5.28974E-1 5.35228E-1 5.37701E-1 5.37701E-1 5.39534E-1 5.4389E-1 5.46975E-1
4.66624E-1 4.66653E-1 4.74974E-1 4.63854E-1 4.71719E-1 4.59429E-1 4.60411E-1 4.60191E-1 4.69317E-1 4.7339E-1 4.73219E-1 4.767E-1 4.77181E-1 4.77797E-1 4.78826E-1 4.78909E-1 4.76449E-1 4.89746E-1 4.87372E-1 4.78236E-1 4.85953E-1 4.88728E-1 4.76245E-1 4.74301E-1 4.90214E-1 4.87009E-1 4.88905E-1 4.92415E-1 4.91331E-1 4.92945E-1 5.25808E-1 5.11594E-1 4.96853E-1 5.06111E-1 5.09575E-1 5.1076E-1 5.19477E-1 5.10138E-1 5.18652E-1 5.26105E-1 5.24181E-1 5.20889E-1 5.2888E-1 5.28738E-1 5.29876E-1 5.2788E-1 5.28896E-1 5.35624E-1 5.28371E-1 5.3468E-1 5.3795E-1 5.36688E-1 5.32958E-1 5.28612E-1 5.38336E-1 5.39949E-1 5.40004E-1 5.37199E-1 5.36114E-1 5.39654E-1 5.40774E-1
4.75186E-1 4.76137E-1 4.64022E-1 4.6244E-1 4.69738E-1 4.65727E-1 4.69666E-1 4.69301E-1 4.68936E-1 4.69108E-1 4.76694E-1 4.74295E-1 4.87216E-1 4.87096E-1 4.84586E-1 4.85048E-1 4.75558E-1 4.85221E-1 4.85251E-1 4.8397E-1 4.84636E-1 4.71829E-1 4.77372E-1 4.82817E-1 4.73051E-1 4.71692E-1 4.84903E-1 4.9025E-1 4.97308E-1 5.18499E-1 5.25074E-1 5.12385E-1 5.07247E-1 5.09177E-1 5.19961E-1 5.10836E-1 5.21031E-1 5.18495E-1 5.07425E-1 5.18169E-1 5.17716E-1 5.29606E-1 5.30045E-1 5.27581E-1 5.28868E-1 5.29489E-1 5.27654E-1 5.26941E-1 5.31286E-1 5.32429E-1 5.36955E-1 5.33675E-1 5.33808E-1 5.32906E-1 5.35275E-1 5.41526E-1 5.53859E-1 5.49327E-1 5.4782E-1 5.43441E-1 5.40585E-1
4.74894E-1 4.72187E-1 4.73531E-1 4.70941E-1 4.68867E-1 4.69321E-1 4.68942E-1 4.71982E-1 4.68711E-1 4.71622E-1 4.75596E-1 4.7577E-1 4.81936E-1 4.76968E-1 4.8507E-1 4.761E-1 4.82215E-1 4.71577E-1 4.78862E-1 4.77252E-1 4.79541E-1 4.75799E-1 4.70901E-1 4.70952E-1 4.72736E-1 4.82499E-1 5.10812E-1 5.21522E-1 5.22739E-1 5.22142E-1 5.14368E-1 5.08633E-1 5.06743E-1 5.08357E-1 5.13504E-1 5.19147E-1 5.18383E-1 5.18649E-1 5.16479E-1 5.17203E-1 5.20975E-1 5.2064E-1 5.20898E-1 5.28882E-1 5.27699E-1 5.28264E-1 5.25988E-1 5.24139E-1 5.31546E-1 5.31164E-1 5.30739E-1 5.31857E-1 5.28681E-1 5.28471E-1 5.27084E-1 5.53182E-1 5.50177E-1 5.4906E-1 5.44956E-1 5.39526E-1 5.38751E-1
4.67881E-1 4.75125E-1 4.73627E-1 4.70663E-1 4.68277E-1 4.6874E-1 4.67709E-1 4.68371E-1 4.7429E-1 4.74651E-1 4.74824E-1 4.72175E-1 4.72496E-1 4.82142E-1 4.74179E-1 4.7541E-1 4.79357E-1 4.78687E-1 4.78424E-1 4.76974E-1 4.77065E-1 4.73856E-1 4.71229E-1 4.75186E-1 4.96855E-1 5.03739E-1 5.07909E-1 5.17008E-1 5.12396E-1 5.14234E-1 5.09314E-1 5.06411E-1 5.04784E-1 5.05583E-1 5.09901E-1 5.10021E-1 5.15752E-1 5.17187E-1 5.15971E-1 5.17139E-1 5.20092E-1 5.17888E-1 5.2667E-1 5.17539E-1 5.25119E-1 5.2736E-1 5.23926E-1 5.22823E-1 5.19947E-1 5.18099E-1 5.3145E-1 5.32962E-1 5.26659E-1 5.25529E-1 5.38315E-1 5.47776E-1 5.4563E-1 5.38423E-1 5.46977E-1 5.39235E-1 5.39326E-1
4.67171E-1 4.65725E-1 4.69396E-1 4.69031E-1 4.66451E-1 4.70106E-1 4.71278E-1 4.7304E-1 4.72869E-1 4.74119E-1 4.71628E-1 4.71845E-1 4.71966E-1 4.71477E-1 4.73834E-1 4.78226E-1 4.75669E-1 4.77482E-1 4.75511E-1 4.72956E-1 4.73462E-1 4.75264E-1 4.72938E-1 4.76318E-1 5.07813E-1 4.94662E-1 5.13381E-1 5.13176E-1 5.05632E-1 5.11643E-1 5.03199E-1 5.02505E-1 5.02048E-1 5.06427E-1 5.07338E-1 5.06685E-1 5.05651E-1 5.13692E-1 5.15379E-1 5.17098E-1 5.17877E-1 5.18166E-1 5.19554E-1 5.17925E-1 5.24772E-1 5.2525E-1 5.2201E-1 5.21888E-1 5.18317E-1 5.18278E-1 5.24134E-1 5.18251E-1 5.25589E-1 5.24679E-1 5.44518E-1 5.40694E-1 5.31184E-1 5.39801E-1 5.50075E-1 5.38366E-1 5.3681E-1
4.6447E-1 4.60908E-1 4.57237E-1 4.57751E-1 4.63846E-1 4.76894E-1 4.79651E-1 4.73594E-1 4.72578E-1 4.74424E-1 4.71246E-1 4.71806E-1 4.72562E-1 4.70668E-1 4.70337E-1 4.70844E-1 4.74538E-1 4.74385E-1 4.71947E-1 4.72611E-1 4.73276E-1 4.77816E-1 4.7632E-1 4.84017E-1 5.06099E-1 5.00085E-1 5.08834E-1 5.02697E-1 5.06093E-1 5.01931E-1 5.02706E-1 5.04245E-1 5.03396E-1 5.0312E-1 5.02559E-1 5.01737E-1 5.02935E-1 5.05701E-1 5.12996E-1 5.15721E-1 5.15674E-1 5.18016E-1 5.16897E-1 5.15708E-1 5.15272E-1 5.1591E-1 5.12336E-1 5.21029E-1 5.18799E-1 5.1812E-1 5.17563E-1 5.21021E-1 5.34694E-1 5.41117E-1 5.37342E-1 5.345E-1 5.26854E-1 5.44879E-1 5.42975E-1 5.37493E-1 5.3681E-1
4.58995E-1 4.61391E-1 4.68072E-1 4.9124E-1 4.80568E-1 4.75998E-1 4.76846E-1 4.7366E-1 4.72696E-1 4.76206E-1 4.70955E-1 4.71724E-1 4.69393E-1 4.69244E-1 4.69725E-1 4.66554E-1 4.64307E-1 4.63769E-1 4.65356E-1 4.72736E-1 4.73641E-1 4.77874E-1 4.7892E-1 4.8287E-1 4.85985E-1 4.8974E-1 4.92817E-1 4.90898E-1 4.95193E-1 5.06444E-1 5.03715E-1 4.96194E-1 4.99701E-1 4.98459E-1 4.98964E-1 4.98932E-1 5.01268E-1 5.03538E-1 5.07741E-1 5.13872E-1 5.13523E-1 5.14299E-1 5.14238E-1 5.14246E-1 5.14417E-1 5.12111E-1 5.18692E-1 5.19678E-1 5.18885E-1 5.19064E-1 5.18739E-1 5.21842E-1 5.39747E-1 5.43965E-1 5.37751E-1 5.35967E-1 5.25851E-1 5.37938E-1 5.38228E-1 5.34893E-1 5.33674E-1
4.66105E-1 4.77806E-1 4.80327E-1 4.74965E-1 4.72497E-1 4.69416E-1 4.69285E-1 4.66167E-1 4.71808E-1 4.72182E-1 4.73126E-1 4.71335E-1 4.67777E-1 4.64008E-1 4.64638E-1 4.62637E-1 4.64051E-1 4.63037E-1 4.61584E-1 4.62221E-1 4.62718E-1 4.74505E-1 4.75892E-1 4.81817E-1 4.83844E-1 4.84675E-1 4.8616E-1 4.87104E-1 4.89715E-1 4.99576E-1 4.95576E-1 4.91098E-1 4.88229E-1 4.92837E-1 4.95753E-1 4.96487E-1 5.12235E-1 5.08082E-1 5.12757E-1 5.12321E-1 5.09609E-1 5.13034E-1 5.12755E-1 5.1229E-1 5.18131E-1 5.10505E-1 5.19397E-1 5.08955E-1 5.14845E-1 5.15524E-1 5.12809E-1 5.22572E-1 5.31465E-1 5.36898E-1 5.36202E-1 5.32492E-1 5.25096E-1 5.4051E-1 5.3679E-1 5.34403E-1 5.34501E-1
4.7673E-1 4.73986E-1 4.70086E-1 4.67978E-1 4.69E-1 4.68384E-1 4.6782E-1 4.65693E-1 4.63679E-1 4.68839E-1 4.70089E-1 4.6312E-1 4.68362E-1 4.63043E-1 4.5736E-1 4.57461E-1 4.54842E-1 4.55115E-1 4.54236E-1 4.58131E-1 4.5966E-1 4.67277E-1 4.71989E-1 4.81087E-1 4.81214E-1 4.83724E-1 4.84555E-1 4.84658E-1 4.84791E-1 4.90053E-1 4.91812E-1 4.90368E-1 4.85695E-1 4.84903E-1 4.96813E-1 4.96714E-1 5.01642E-1 5.10367E-1 5.06146E-1 5.0166E-1 5.0783E-1 5.07495E-1 5.0898E-1 5.11814E-1 5.11954E-1 5.10474E-1 5.13214E-1 5.14194E-1 5.13408E-1 5.15592E-1 5.14085E-1 5.15434E-1 5.34107E-1 5.42939E-1 5.29987E-1 5.24428E-1 5.22588E-1 5.29581E-1 5.28609E-1 5.36854E-1 5.33294E-1
4.64633E-1 4.69484E-1 4.67949E-1 4.68784E-1 4.67878E-1 4.65025E-1 4.64951E-1 4.64234E-1 4.63417E-1 4.60896E-1 4.57231E-1 4.56589E-1 4.54755E-1 4.60633E-1 4.6199E-1 4.67288E-1 4.76763E-1 4.84755E-1 4.77897E-1 4.81518E-1 4.87174E-1 5.00894E-1 4.95305E-1 4.8219E-1 4.81258E-1 4.82418E-1 4.82308E-1 4.82171E-1 4.85377E-1 4.87373E-1 5.00539E-1 4.89E-1 4.99273E-1 4.86091E-1 5.0057E-1 5.11396E-1 5.12322E-1 5.09681E-1 5.05182E-1 4.98213E-1 5.02092E-1 5.06443E-1 5.09094E-1 5.10721E-1 5.07615E-1 5.06827E-1 5.08816E-1 5.15738E-1 5.15504E-1 5.13487E-1 5.12695E-1 5.26831E-1 5.5507E-1 5.46613E-1 5.26913E-1 5.12609E-1 5.153E-1 5.29759E-1 5.2753E-1 5.34251E-1 5.32124E-1
4.6018E-1 4.68216E-1 4.69067E-1 4.68494E-1 4.68315E-1 4.65172E-1 4.65543E-1 4.63803E-1 4.61924E-1 4.58564E-1 4.62963E-1 4.68291E-1 4.6227E-1 4.68632E-1 4.71086E-1 4.64587E-1 4.60833E-1 4.67578E-1 4.85602E-1 4.88005E-1 4.91145E-1 4.86613E-1 4.87931E-1 4.76336E-1 4.85438E-1 4.8269E-1 4.81267E-1 4.81398E-1 4.81516E-1 4.82616E-1 4.89821E-1 4.92626E-1 4.92764E-1 4.96347E-1 5.054E-1 5.00966E-1 5.00643E-1 4.96407E-1 4.97826E-1 4.97464E-1 4.93003E-1 5.04423E-1 5.09977E-1 5.05095E-1 5.06056E-1 5.0416E-1 5.12584E-1 5.14719E-1 5.12266E-1 5.12688E-1 5.17702E-1 5.45179E-1 5.43185E-1 5.25492E-1 5.17893E-1 5.11814E-1 5.33344E-1 5.34559E-1 5.28532E-1 5.30628E-1 5.27584E-1
