Artocarpus heterophyllus SDM files/Last interglacial/results (with bias file)/Arthet_5.asc
ncols         625
nrows         721
xllcorner     69.99986311115
yllcorner     5.99986151914999
cellsize      0.041666667
NODATA_value  -9999
[rows 108 to 134 of 721, columns 427 to 487 of 625]
5.35281E-2 5.52857E-2 5.50097E-2 5.48381E-2 3.84601E-2 3.66772E-2 3.73766E-2 3.77228E-2 3.48788E-2 3.48832E-2 3.43962E-2 3.66864E-2 3.53767E-2 3.77275E-2 4.44708E-2 4.92276E-2 5.12843E-2 5.60911E-2 5.60973E-2 4.80469E-2 5.15704E-2 5.34377E-2 5.41661E-2 5.50709E-2 5.33027E-2 5.38941E-2 5.58198E-2 5.58253E-2 5.43484E-2 5.43484E-2 5.39118E-2 5.39118E-2 5.2768E-2 5.10923E-2 5.04047E-2 5.04047E-2 5.04091E-2 5.04091E-2 4.72526E-2 4.12576E-2 4.06976E-2 4.30888E-2 4.75245E-2 4.39401E-2 4.56428E-2 4.79298E-2 4.92484E-2 4.88576E-2 4.68022E-2 4.3401E-2 4.49319E-2 4.49319E-2 4.40944E-2 4.34993E-2 4.35021E-2 4.31582E-2 4.13389E-2 3.81867E-2 3.61258E-2 3.69248E-2 3.80947E-2
5.02525E-2 5.45396E-2 5.54681E-2 5.68132E-2 5.19469E-2 4.8113E-2 4.39399E-2 4.01116E-2 3.79372E-2 3.43163E-2 3.00376E-2 3.32437E-2 3.2354E-2 3.35576E-2 4.0022E-2 4.53336E-2 4.72466E-2 4.99047E-2 5.1987E-2 5.31497E-2 5.68602E-2 5.65653E-2 5.61048E-2 5.56559E-2 5.38886E-2 5.11961E-2 5.38886E-2 5.46218E-2 5.46326E-2 5.36194E-2 5.20542E-2 4.95808E-2 4.95808E-2 4.22239E-2 3.95284E-2 4.36271E-2 4.60823E-2 4.7361E-2 4.50995E-2 4.36796E-2 3.95842E-2 3.95915E-2 4.28412E-2 4.36869E-2 4.58791E-2 4.52817E-2 4.79298E-2 4.9228E-2 4.78185E-2 4.26959E-2 4.24486E-2 4.31271E-2 4.07404E-2 4.52885E-2 4.50579E-2 4.40974E-2 4.37517E-2 4.15849E-2 4.08002E-2 3.906E-2 3.88264E-2
4.06188E-2 4.17752E-2 4.71901E-2 5.08002E-2 5.26447E-2 4.32006E-2 3.98767E-2 4.21541E-2 3.90105E-2 3.74157E-2 3.3165E-2 3.34408E-2 3.29724E-2 3.16073E-2 3.80387E-2 4.15896E-2 4.13879E-2 4.85535E-2 5.0179E-2 5.15648E-2 5.13001E-2 5.13057E-2 5.53523E-2 5.34503E-2 5.37288E-2 5.31645E-2 4.88798E-2 4.8218E-2 5.0634E-2 5.31699E-2 4.99744E-2 4.72145E-2 4.33955E-2 3.8854E-2 3.5782E-2 3.63771E-2 3.98483E-2 4.38775E-2 4.52243E-2 4.4635E-2 3.81978E-2 3.56231E-2 4.04588E-2 3.69456E-2 4.04623E-2 4.33391E-2 4.69033E-2 4.92046E-2 4.61699E-2 4.00985E-2 3.64124E-2 3.72113E-2 3.83281E-2 4.40684E-2 4.49319E-2 4.55518E-2 4.4703E-2 4.4703E-2 4.19117E-2 4.19436E-2 4.24902E-2
5.57389E-2 5.52783E-2 5.33526E-2 5.05354E-2 5.29225E-2 4.73098E-2 4.33371E-2 3.58624E-2 3.39066E-2 3.22376E-2 3.20454E-2 3.37159E-2 3.29712E-2 3.13387E-2 3.52929E-2 3.80704E-2 4.23106E-2 4.68566E-2 4.58431E-2 4.88216E-2 4.71422E-2 4.84485E-2 5.53523E-2 4.51464E-2 4.7802E-2 5.31589E-2 4.30982E-2 4.52869E-2 4.75643E-2 5.03729E-2 4.86335E-2 4.69477E-2 4.69477E-2 4.10469E-2 3.57718E-2 3.92976E-2 3.92139E-2 3.86813E-2 3.91237E-2 4.34021E-2 4.40283E-2 4.30851E-2 4.30851E-2 3.84155E-2 3.58375E-2 3.54625E-2 4.22849E-2 4.69069E-2 4.59067E-2 3.5604E-2 3.09634E-2 3.23722E-2 3.67697E-2 4.40684E-2 3.90222E-2 3.79607E-2 4.07404E-2 4.18801E-2 4.43527E-2 4.47457E-2 4.53624E-2
5.30604E-2 5.37955E-2 5.45323E-2 5.52783E-2 5.33526E-2 4.0662E-2 3.84318E-2 4.36935E-2 3.92134E-2 3.3611E-2 3.31461E-2 3.45802E-2 3.39474E-2 3.34673E-2 3.59996E-2 4.08131E-2 4.37365E-2 4.39839E-2 4.62178E-2 5.12784E-2 5.43055E-2 5.534E-2 5.48975E-2 4.51363E-2 5.15873E-2 5.10394E-2 4.92696E-2 4.99502E-2 4.71846E-2 4.69188E-2 4.83584E-2 4.66837E-2 4.96981E-2 4.75926E-2 3.96038E-2 4.14038E-2 3.99973E-2 3.61039E-2 4.01877E-2 4.18849E-2 4.36517E-2 4.28375E-2 4.30851E-2 3.982E-2 3.82083E-2 3.66522E-2 3.29719E-2 4.04623E-2 4.40618E-2 3.98307E-2 3.2745E-2 3.01136E-2 3.57607E-2 4.19611E-2 3.464E-2 3.39698E-2 4.05036E-2 4.43258E-2 4.55518E-2 4.57175E-2 4.7223E-2
4.51302E-2 4.17634E-2 4.06188E-2 4.69252E-2 5.37955E-2 5.48236E-2 5.29225E-2 5.12368E-2 5.08185E-2 4.60527E-2 4.20445E-2 3.76298E-2 3.50707E-2 3.60829E-2 3.62008E-2 3.72369E-2 4.04813E-2 4.31369E-2 4.39839E-2 4.39891E-2 5.12784E-2 5.24217E-2 5.1996E-2 5.12977E-2 4.77983E-2 4.48881E-2 4.75305E-2 4.75593E-2 4.25195E-2 4.22789E-2 4.56517E-2 4.19347E-2 4.83633E-2 5.10664E-2 4.65747E-2 4.20094E-2 3.43257E-2 3.29898E-2 3.6978E-2 3.84712E-2 3.87776E-2 3.96678E-2 4.22533E-2 3.82016E-2 3.53446E-2 3.34215E-2 3.3431E-2 3.30808E-2 3.72766E-2 3.59706E-2 3.3023E-2 3.07863E-2 3.52672E-2 3.88579E-2 3.44396E-2 3.01182E-2 3.5982E-2 3.67026E-2 3.72169E-2 3.82598E-2 4.39784E-2
5.19031E-2 4.39215E-2 4.08435E-2 3.93145E-2 4.30816E-2 4.95792E-2 5.52783E-2 5.50025E-2 5.52949E-2 5.33732E-2 4.32195E-2 3.55533E-2 4.18171E-2 4.09015E-2 3.66019E-2 3.81812E-2 3.76573E-2 3.90484E-2 4.04813E-2 4.27866E-2 4.19932E-2 4.19932E-2 5.03258E-2 4.9114E-2 4.04075E-2 4.62462E-2 4.22697E-2 4.07912E-2 3.75348E-2 4.05589E-2 4.60212E-2 4.69188E-2 5.07867E-2 5.2183E-2 5.02537E-2 3.90564E-2 3.40184E-2 3.31692E-2 3.58855E-2 3.41287E-2 3.07796E-2 3.58795E-2 3.77553E-2 3.85073E-2 3.61197E-2 3.66314E-2 3.25048E-2 3.20484E-2 3.54342E-2 3.37387E-2 3.1803E-2 2.90783E-2 3.07674E-2 3.12052E-2 2.96899E-2 2.92586E-2 3.12122E-2 3.01011E-2 3.05261E-2 3.64737E-2 4.31712E-2
5.07716E-2 4.83372E-2 4.6007E-2 4.31826E-2 4.25889E-2 4.35423E-2 4.2595E-2 4.80849E-2 5.50025E-2 5.52875E-2 5.41032E-2 4.79881E-2 3.97912E-2 4.3973E-2 4.24302E-2 4.01436E-2 3.90434E-2 4.04763E-2 3.7349E-2 3.61193E-2 4.14164E-2 4.64768E-2 4.92406E-2 4.85706E-2 4.71438E-2 4.52498E-2 4.40227E-2 4.22697E-2 3.72007E-2 3.96692E-2 4.22744E-2 4.47964E-2 4.9693E-2 5.2183E-2 5.1349E-2 4.24332E-2 3.99582E-2 3.86607E-2 3.65767E-2 3.65805E-2 3.76048E-2 3.91989E-2 3.83559E-2 3.92438E-2 3.78649E-2 3.68248E-2 3.45606E-2 3.53254E-2 3.40874E-2 3.45696E-2 3.28842E-2 3.16262E-2 3.51675E-2 3.48992E-2 3.22795E-2 3.27339E-2 3.11393E-2 3.18319E-2 3.39457E-2 3.77291E-2 4.43681E-2
5.23343E-2 5.23343E-2 5.0082E-2 4.83372E-2 4.43927E-2 3.941E-2 3.50709E-2 3.20366E-2 5.09604E-2 5.52875E-2 5.52875E-2 5.48349E-2 5.36621E-2 4.8656E-2 3.88895E-2 3.60853E-2 3.7119E-2 4.01436E-2 3.71263E-2 3.81762E-2 4.07096E-2 4.52119E-2 5.03258E-2 4.24702E-2 3.88902E-2 3.91142E-2 3.99891E-2 4.1119E-2 4.13585E-2 4.16907E-2 4.22744E-2 4.34548E-2 4.96878E-2 5.17526E-2 5.17633E-2 4.62017E-2 4.28039E-2 4.0738E-2 3.94175E-2 4.32684E-2 4.3298E-2 4.3298E-2 4.355E-2 4.26198E-2 4.1689E-2 4.12576E-2 4.18284E-2 4.18321E-2 3.94939E-2 3.98034E-2 3.94846E-2 3.86324E-2 3.57525E-2 3.41315E-2 3.60591E-2 3.51065E-2 3.36634E-2 3.24715E-2 2.90534E-2 3.33061E-2 4.16761E-2
4.44917E-2 4.86267E-2 4.70205E-2 4.06445E-2 4.11814E-2 3.37668E-2 2.87475E-2 2.98024E-2 4.28407E-2 5.38141E-2 5.45426E-2 5.15093E-2 5.48349E-2 5.48422E-2 5.36691E-2 5.00042E-2 4.07677E-2 3.87083E-2 4.2194E-2 4.39785E-2 4.36233E-2 4.64656E-2 4.94874E-2 5.03155E-2 4.75194E-2 4.58643E-2 4.79386E-2 4.28536E-2 3.87881E-2 3.56792E-2 3.72111E-2 3.89312E-2 4.92696E-2 5.20219E-2 4.88965E-2 4.37356E-2 4.34884E-2 4.13996E-2 4.20898E-2 4.33942E-2 4.46011E-2 4.48564E-2 4.48564E-2 4.41508E-2 4.24024E-2 4.09291E-2 4.01374E-2 4.36757E-2 4.52493E-2 4.48951E-2 4.35884E-2 4.15055E-2 3.74084E-2 3.70753E-2 3.55692E-2 3.45895E-2 3.63602E-2 3.66786E-2 3.59142E-2 3.32165E-2 3.77384E-2
3.90417E-2 4.30354E-2 4.03815E-2 3.87268E-2 3.92713E-2 3.53474E-2 3.23502E-2 2.87442E-2 3.69649E-2 5.30802E-2 5.45426E-2 4.90401E-2 5.22156E-2 5.40959E-2 5.48422E-2 5.43953E-2 5.13865E-2 4.05701E-2 3.83788E-2 4.24356E-2 3.92702E-2 4.41133E-2 4.22243E-2 3.76923E-2 4.22295E-2 4.28163E-2 4.62355E-2 4.7525E-2 5.03447E-2 4.82076E-2 4.39301E-2 3.95499E-2 4.42928E-2 4.55417E-2 4.19658E-2 3.49381E-2 3.65377E-2 3.70452E-2 3.63691E-2 4.00585E-2 4.32684E-2 4.5216E-2 4.48564E-2 4.355E-2 4.26122E-2 4.02251E-2 3.85946E-2 4.12251E-2 4.39039E-2 4.52493E-2 4.32399E-2 3.86171E-2 3.62484E-2 3.57516E-2 3.57616E-2 3.45939E-2 3.38488E-2 3.58804E-2 3.80563E-2 3.85936E-2 3.96729E-2
3.68161E-2 3.63025E-2 3.38617E-2 3.41463E-2 3.29222E-2 3.46401E-2 3.60079E-2 3.38711E-2 3.80137E-2 5.09464E-2 5.45351E-2 5.45426E-2 5.10908E-2 5.10908E-2 5.48349E-2 5.51376E-2 5.51376E-2 5.22388E-2 4.28846E-2 4.05892E-2 3.7637E-2 4.55739E-2 4.07339E-2 3.61368E-2 3.64516E-2 4.31634E-2 4.72545E-2 4.92325E-2 5.19936E-2 5.17315E-2 5.13154E-2 5.02176E-2 4.67958E-2 4.45401E-2 4.01322E-2 3.79704E-2 3.44464E-2 3.89334E-2 3.83127E-2 3.57443E-2 3.97282E-2 4.44685E-2 4.47254E-2 4.29512E-2 4.26073E-2 4.05431E-2 3.85939E-2 3.94818E-2 4.29973E-2 4.49301E-2 4.65013E-2 4.58101E-2 4.17294E-2 3.52761E-2 3.77056E-2 3.95335E-2 3.89729E-2 3.6495E-2 3.40357E-2 3.47986E-2 3.64481E-2
4.10333E-2 4.38741E-2 4.33752E-2 4.18855E-2 4.23201E-2 3.96925E-2 3.55222E-2 3.32764E-2 3.89445E-2 4.49913E-2 5.39032E-2 5.41927E-2 5.40959E-2 5.48349E-2 5.22156E-2 5.49362E-2 5.39206E-2 5.42111E-2 5.19085E-2 4.14768E-2 3.92323E-2 4.19168E-2 4.36248E-2 3.84478E-2 3.51407E-2 3.65081E-2 4.25719E-2 4.85649E-2 5.19875E-2 5.27787E-2 5.1028E-2 5.06892E-2 5.06892E-2 4.84848E-2 4.68627E-2 4.75069E-2 4.36499E-2 4.31832E-2 4.13277E-2 3.99233E-2 3.94265E-2 4.22578E-2 4.35654E-2 4.47928E-2 4.28775E-2 4.02434E-2 3.91543E-2 4.11398E-2 4.0822E-2 4.38496E-2 4.76946E-2 4.68069E-2 4.44842E-2 3.75217E-2 3.72968E-2 3.76005E-2 4.15388E-2 4.12035E-2 3.99759E-2 3.55261E-2 3.36154E-2
3.50756E-2 3.77379E-2 4.76438E-2 4.85671E-2 4.77709E-2 4.60997E-2 4.50975E-2 4.15169E-2 4.12985E-2 4.95108E-2 5.27394E-2 4.94013E-2 4.45145E-2 5.16047E-2 4.15451E-2 5.09058E-2 5.49393E-2 5.34809E-2 5.34809E-2 5.30469E-2 5.05148E-2 4.4897E-2 4.27144E-2 4.12111E-2 3.45751E-2 3.44948E-2 4.17126E-2 4.40784E-2 4.75905E-2 4.43316E-2 4.63318E-2 4.697E-2 5.00046E-2 5.06892E-2 5.06912E-2 4.96059E-2 4.22461E-2 4.41393E-2 4.87063E-2 4.83196E-2 4.79378E-2 4.69165E-2 4.89832E-2 4.96536E-2 4.96536E-2 4.73172E-2 4.73172E-2 4.66783E-2 4.46931E-2 4.40778E-2 4.53172E-2 4.73196E-2 4.53305E-2 4.29472E-2 4.20208E-2 4.08697E-2 3.97447E-2 4.1777E-2 4.14375E-2 4.05265E-2 3.45323E-2
3.81464E-2 3.84622E-2 4.79013E-2 4.99175E-2 4.95043E-2 4.84345E-2 4.60997E-2 4.34064E-2 4.58425E-2 5.2725E-2 5.02125E-2 4.63901E-2 4.11903E-2 4.30567E-2 3.81797E-2 4.46272E-2 5.04921E-2 4.19143E-2 4.75641E-2 4.95564E-2 5.27552E-2 5.39166E-2 4.78315E-2 4.42887E-2 4.10058E-2 3.98776E-2 3.98851E-2 4.16049E-2 4.10416E-2 4.13786E-2 3.85073E-2 4.06076E-2 4.23251E-2 4.4109E-2 4.89331E-2 5.02852E-2 4.92103E-2 4.75069E-2 4.93718E-2 4.93735E-2 4.93735E-2 5.00491E-2 4.96521E-2 5.03324E-2 5.03324E-2 4.93968E-2 4.83454E-2 4.92629E-2 4.90081E-2 4.90081E-2 4.79667E-2 4.73196E-2 4.53305E-2 4.47156E-2 4.3766E-2 4.28239E-2 4.36269E-2 4.38828E-2 4.29501E-2 4.2975E-2 4.05552E-2
5.10227E-2 5.10227E-2 5.10262E-2 4.95043E-2 4.54658E-2 4.36209E-2 4.42311E-2 4.42223E-2 5.01933E-2 5.17462E-2 5.04689E-2 4.176E-2 3.71459E-2 4.4013E-2 4.42651E-2 4.6509E-2 4.48795E-2 4.21245E-2 4.56406E-2 3.68966E-2 3.88821E-2 5.24717E-2 4.84904E-2 4.71726E-2 4.57793E-2 4.57954E-2 4.39454E-2 4.16078E-2 3.79499E-2 3.88018E-2 3.69095E-2 3.96866E-2 4.35069E-2 4.53364E-2 4.65949E-2 4.7238E-2 4.96059E-2 4.92103E-2 4.96273E-2 4.87046E-2 4.96291E-2 4.93735E-2 4.93735E-2 5.00491E-2 4.96536E-2 4.96536E-2 4.96536E-2 4.83454E-2 4.83467E-2 4.83467E-2 4.83467E-2 4.73185E-2 4.6314E-2 4.22407E-2 4.14297E-2 4.23316E-2 4.32547E-2 4.44558E-2 4.41091E-2 4.53314E-2 4.39184E-2
4.7247E-2 4.79013E-2 4.85638E-2 4.62177E-2 4.55849E-2 4.5588E-2 4.48461E-2 4.77742E-2 5.01933E-2 4.99389E-2 5.0626E-2 4.38849E-2 3.92573E-2 4.46245E-2 3.87166E-2 3.87386E-2 3.90656E-2 4.13068E-2 3.98518E-2 3.29707E-2 2.86227E-2 3.97487E-2 5.20456E-2 5.16249E-2 4.87635E-2 4.57836E-2 4.29711E-2 4.21753E-2 4.21852E-2 4.16068E-2 3.95724E-2 3.95742E-2 4.29037E-2 3.99281E-2 3.8524E-2 4.22178E-2 4.8935E-2 4.78872E-2 4.78872E-2 4.79099E-2 4.7262E-2 4.7262E-2 4.70199E-2 4.76657E-2 4.83196E-2 4.83211E-2 4.85964E-2 4.85964E-2 4.79393E-2 4.79406E-2 4.70484E-2 4.50659E-2 4.50659E-2 4.01984E-2 3.5463E-2 3.78105E-2 3.86499E-2 4.23324E-2 4.25704E-2 4.52332E-2 4.58546E-2
3.77351E-2 4.0234E-2 3.93431E-2 3.99003E-2 4.496E-2 4.58425E-2 4.48445E-2 4.22948E-2 4.48456E-2 4.77773E-2 5.08844E-2 4.54945E-2 4.36491E-2 4.46245E-2 4.0603E-2 4.00422E-2 3.71267E-2 3.8208E-2 3.58364E-2 2.86062E-2 2.48967E-2 3.23877E-2 5.1342E-2 5.27579E-2 5.05171E-2 4.81016E-2 4.23683E-2 4.27639E-2 4.21772E-2 3.9578E-2 4.19459E-2 4.39731E-2 4.68318E-2 4.74787E-2 4.74787E-2 4.68338E-2 4.34115E-2 4.25722E-2 4.29343E-2 4.37822E-2 4.11087E-2 3.94397E-2 4.20127E-2 4.43892E-2 4.50023E-2 4.47744E-2 4.38169E-2 4.53917E-2 4.40736E-2 4.40748E-2 4.4805E-2 4.27829E-2 3.99626E-2 3.97378E-2 3.83336E-2 3.44871E-2 3.62489E-2 3.83327E-2 4.19804E-2 4.44932E-2 4.67247E-2
3.8242E-2 3.87775E-2 4.10184E-2 4.37337E-2 4.62177E-2 4.81681E-2 4.71222E-2 4.77742E-2 4.60997E-2 4.71222E-2 5.01933E-2 4.54943E-2 4.42474E-2 4.32761E-2 4.4011E-2 4.30357E-2 3.75665E-2 3.45573E-2 3.01111E-2 2.82551E-2 3.07707E-2 4.25979E-2 5.06472E-2 5.20456E-2 4.98331E-2 4.81016E-2 4.91576E-2 4.57868E-2 4.20404E-2 4.51735E-2 4.5566E-2 4.78587E-2 4.64596E-2 4.26765E-2 3.92634E-2 3.83255E-2 3.59702E-2 3.70838E-2 3.81287E-2 3.576E-2 3.49815E-2 3.32674E-2 3.52612E-2 3.70033E-2 3.76435E-2 4.16813E-2 4.13555E-2 4.14723E-2 4.11467E-2 4.11462E-2 4.38181E-2 4.34746E-2 4.08144E-2 3.90676E-2 3.79961E-2 3.90418E-2 3.84876E-2 3.69482E-2 4.10539E-2 4.51024E-2 4.63608E-2
4.16046E-2 4.3129E-2 4.33752E-2 4.55849E-2 4.79013E-2 4.75076E-2 4.71222E-2 4.64783E-2 4.30197E-2 4.72718E-2 5.01933E-2 5.08844E-2 4.97833E-2 4.65062E-2 4.52438E-2 4.26946E-2 3.6546E-2 3.04223E-2 2.79753E-2 3.09189E-2 3.90638E-2 4.715E-2 4.78291E-2 4.67873E-2 4.80991E-2 4.29618E-2 4.61648E-2 4.68023E-2 4.51713E-2 4.61648E-2 4.5933E-2 4.5566E-2 4.33779E-2 4.49449E-2 4.33798E-2 3.48257E-2 3.0681E-2 3.16857E-2 3.52411E-2 3.49526E-2 3.54559E-2 3.59523E-2 3.56707E-2 3.51819E-2 3.54689E-2 3.69859E-2 3.65019E-2 3.77356E-2 3.75509E-2 3.67334E-2 3.94695E-2 3.77646E-2 3.7763E-2 3.82782E-2 3.79585E-2 4.04572E-2 4.19678E-2 4.4315E-2 4.37542E-2 4.57328E-2 4.63608E-2
4.10303E-2 4.19488E-2 4.25351E-2 4.5963E-2 4.55849E-2 4.36209E-2 3.98058E-2 4.06981E-2 4.35137E-2 4.77742E-2 4.48461E-2 4.20876E-2 3.93865E-2 4.58454E-2 4.61292E-2 3.97491E-2 3.31296E-2 2.87959E-2 3.56862E-2 3.24279E-2 3.76447E-2 4.84636E-2 5.04925E-2 5.02349E-2 4.81016E-2 4.5169E-2 4.51631E-2 4.29761E-2 4.12237E-2 4.03192E-2 3.97818E-2 4.162E-2 3.66254E-2 3.54074E-2 4.25374E-2 3.7664E-2 3.61052E-2 3.71295E-2 3.96138E-2 3.96175E-2 3.54551E-2 3.64586E-2 3.61757E-2 3.44066E-2 3.64737E-2 3.9429E-2 3.8774E-2 3.74063E-2 3.6886E-2 3.54209E-2 3.75464E-2 3.86002E-2 4.02326E-2 4.28743E-2 4.21924E-2 4.37254E-2 4.43352E-2 4.30236E-2 4.33555E-2 4.71935E-2 4.63608E-2
3.61743E-2 3.48781E-2 3.80479E-2 4.4343E-2 4.12678E-2 3.81743E-2 3.55814E-2 3.84908E-2 3.90347E-2 4.03657E-2 3.81744E-2 3.90297E-2 3.38201E-2 4.52176E-2 4.18809E-2 3.48288E-2 2.81468E-2 3.18677E-2 4.31362E-2 4.547E-2 4.80703E-2 4.98078E-2 4.87357E-2 4.63776E-2 4.237E-2 4.55328E-2 4.14457E-2 4.39395E-2 4.55352E-2 4.47989E-2 4.05502E-2 3.52737E-2 3.60779E-2 3.77608E-2 4.162E-2 3.90641E-2 4.04865E-2 4.10506E-2 3.99502E-2 4.08312E-2 4.10733E-2 4.01802E-2 3.73912E-2 3.75166E-2 3.87462E-2 3.99739E-2 4.16813E-2 4.1342E-2 3.95467E-2 3.541E-2 3.61999E-2 3.84653E-2 4.13728E-2 4.31354E-2 4.27859E-2 4.37192E-2 4.43352E-2 4.30206E-2 4.45792E-2 4.68251E-2 4.7888E-2
3.43658E-2 3.59664E-2 3.91269E-2 3.99036E-2 3.90292E-2 3.50699E-2 3.34029E-2 3.48609E-2 3.84849E-2 3.76115E-2 3.40719E-2 3.29719E-2 3.63759E-2 4.30251E-2 3.57703E-2 3.06567E-2 3.11722E-2 4.31625E-2 4.95296E-2 4.91287E-2 4.47674E-2 4.15372E-2 4.7804E-2 4.87357E-2 4.60264E-2 4.87382E-2 4.29759E-2 4.33147E-2 4.61624E-2 4.5796E-2 4.22667E-2 3.7286E-2 3.38188E-2 3.76319E-2 3.81622E-2 3.79651E-2 3.61156E-2 3.58396E-2 3.36953E-2 3.64451E-2 3.99502E-2 3.90881E-2 3.69968E-2 3.80054E-2 3.94276E-2 3.91155E-2 4.0542E-2 4.28455E-2 4.34388E-2 4.21715E-2 4.3099E-2 4.27632E-2 4.42994E-2 4.24128E-2 4.34746E-2 4.31207E-2 4.33779E-2 4.33717E-2 4.55646E-2 4.61774E-2 4.68553E-2
3.43658E-2 3.51522E-2 3.43871E-2 3.61807E-2 3.88054E-2 3.53531E-2 3.48651E-2 3.7717E-2 4.25329E-2 3.95603E-2 3.65544E-2 3.47594E-2 3.84803E-2 3.76281E-2 3.57737E-2 2.99351E-2 3.63776E-2 4.68868E-2 4.95296E-2 4.91287E-2 3.96912E-2 3.73232E-2 4.67708E-2 4.70382E-2 4.45187E-2 4.48818E-2 4.6397E-2 4.80755E-2 4.67999E-2 4.68023E-2 4.54319E-2 4.26196E-2 3.88888E-2 3.57604E-2 3.57672E-2 3.78464E-2 3.65183E-2 3.46686E-2 3.52334E-2 3.77908E-2 3.69473E-2 3.24943E-2 3.59312E-2 3.7992E-2 3.96312E-2 3.98637E-2 4.11102E-2 4.24741E-2 4.07874E-2 4.19282E-2 4.04619E-2 3.9902E-2 4.30995E-2 4.12279E-2 4.18097E-2 4.29735E-2 4.05583E-2 4.0566E-2 4.39443E-2 4.72394E-2 4.78871E-2
3.61613E-2 3.53462E-2 3.2659E-2 3.41741E-2 3.69918E-2 3.58594E-2 3.66566E-2 4.02276E-2 3.9564E-2 4.10298E-2 4.01337E-2 3.81588E-2 3.79427E-2 3.98959E-2 3.37854E-2 3.04646E-2 3.55761E-2 3.99371E-2 4.7776E-2 5.04676E-2 4.59795E-2 4.80703E-2 4.76848E-2 3.72817E-2 3.53091E-2 3.98317E-2 4.3911E-2 4.12273E-2 4.55328E-2 4.70382E-2 4.5796E-2 4.32194E-2 4.26246E-2 4.26407E-2 4.05617E-2 3.80533E-2 3.43123E-2 3.13811E-2 3.22869E-2 3.41566E-2 3.69342E-2 3.5336E-2 3.71522E-2 3.82074E-2 3.45718E-2 3.58486E-2 3.76831E-2 3.53411E-2 3.71936E-2 3.74072E-2 3.65904E-2 3.71019E-2 4.00917E-2 4.29723E-2 4.29713E-2 4.41865E-2 4.57795E-2 4.60625E-2 4.77132E-2 4.72394E-2 4.78871E-2
3.75098E-2 3.80402E-2 3.53462E-2 3.46494E-2 3.36912E-2 3.8579E-2 4.02318E-2 4.13676E-2 3.93333E-2 4.06948E-2 3.60613E-2 3.55687E-2 3.53715E-2 4.21886E-2 3.92233E-2 3.28405E-2 3.33059E-2 3.45814E-2 4.9102E-2 4.9805E-2 4.9805E-2 4.83422E-2 4.08641E-2 3.65388E-2 3.89627E-2 4.21268E-2 4.45212E-2 4.35373E-2 4.35476E-2 4.70382E-2 4.66626E-2 4.51713E-2 4.50395E-2 4.385E-2 4.26567E-2 4.00188E-2 3.80677E-2 3.57902E-2 3.53089E-2 3.87263E-2 3.98333E-2 3.96347E-2 4.01876E-2 3.96363E-2 3.98637E-2 3.79094E-2 3.95233E-2 4.09612E-2 4.0068E-2 4.12103E-2 4.20139E-2 4.51407E-2 4.49107E-2 4.55298E-2 4.61567E-2 4.67928E-2 4.67928E-2 4.70662E-2 4.80864E-2 4.77132E-2 4.81351E-2
3.6776E-2 3.6467E-2 3.61658E-2 3.51566E-2 3.56681E-2 3.51641E-2 3.4665E-2 3.91248E-2 3.98997E-2 3.93462E-2 3.63571E-2 3.2846E-2 3.45861E-2 3.95812E-2 4.16069E-2 4.18365E-2 4.35883E-2 4.84317E-2 5.0745E-2 5.07481E-2 4.9805E-2 4.08545E-2 3.5028E-2 3.58153E-2 3.73496E-2 3.951E-2 4.29515E-2 4.47753E-2 4.44211E-2 4.44216E-2 4.60264E-2 4.53982E-2 4.42E-2 4.44239E-2 4.28579E-2 4.05635E-2 3.75196E-2 3.70023E-2 3.65131E-2 3.73505E-2 3.58154E-2 3.66203E-2 3.78706E-2 3.70362E-2 3.80825E-2 4.17655E-2 4.24725E-2 4.21319E-2 4.21364E-2 4.33176E-2 4.45244E-2 4.51393E-2 4.42994E-2 4.41553E-2 4.63939E-2 4.57971E-2 4.57983E-2 4.64283E-2 4.68392E-2 4.46079E-2 4.3999E-2
