Artocarpus heterophyllus SDM files/Last interglacial/results (with bias file)/Arthet_8.asc
ncols         625
nrows         721
xllcorner     69.99986311115
yllcorner     5.99986151914999
cellsize      0.041666667
NODATA_value  -9999
[rows 216 to 242 of 721, columns 305 to 365 of 625]
6.09094E-1 6.09773E-1 6.10475E-1 6.11063E-1 6.0979E-1 6.10726E-1 6.1096E-1 6.16937E-1 6.18109E-1 6.16462E-1 6.17165E-1 6.14599E-1 6.18595E-1 6.19767E-1 6.21204E-1 6.19292E-1 6.18386E-1 6.21577E-1 6.18201E-1 6.21812E-1 6.12286E-1 6.22183E-1 6.20536E-1 6.19358E-1 6.14622E-1 6.15324E-1 6.16729E-1 6.24378E-1 6.15642E-1 6.16344E-1 6.21595E-1 6.22532E-1 6.23001E-1 6.23704E-1 6.27239E-1 6.27805E-1 6.28273E-1 6.28977E-1 6.29211E-1 6.29446E-1 6.27095E-1 6.27329E-1 6.28267E-1 6.23691E-1 6.27323E-1 6.22748E-1 6.23919E-1 6.23444E-1 6.21612E-1 6.20881E-1 6.17756E-1 6.23764E-1 6.25915E-1 6.1822E-1 6.24229E-1 6.1822E-1 6.1822E-1 6.1822E-1 6.18781E-1 6.16099E-1 6.13945E-1
6.05088E-1 6.08603E-1 6.06491E-1 6.07427E-1 6.11903E-1 6.1284E-1 6.09175E-1 6.14829E-1 6.16556E-1 6.15378E-1 6.09376E-1 6.09306E-1 6.12732E-1 6.14043E-1 6.2108E-1 6.08397E-1 6.09707E-1 6.13129E-1 6.11494E-1 6.13786E-1 6.09849E-1 6.11487E-1 6.12424E-1 6.10779E-1 6.11715E-1 6.12417E-1 6.12976E-1 6.13444E-1 6.13066E-1 6.14002E-1 6.15642E-1 6.19486E-1 6.20189E-1 6.21454E-1 6.23061E-1 6.21789E-1 6.23764E-1 6.26398E-1 6.26398E-1 6.2757E-1 6.28539E-1 6.25357E-1 6.24038E-1 6.24647E-1 6.25585E-1 6.2101E-1 6.19926E-1 6.2077E-1 6.18799E-1 6.19027E-1 6.17287E-1 6.11187E-1 6.17756E-1 6.17756E-1 6.17756E-1 6.17756E-1 6.17756E-1 6.15637E-1 6.15637E-1 6.15637E-1 6.15637E-1
6.03462E-1 6.03929E-1 6.05946E-1 6.06966E-1 6.07667E-1 6.07435E-1 6.10486E-1 6.12941E-1 6.08492E-1 6.0638E-1 6.09428E-1 6.07098E-1 6.08604E-1 6.12121E-1 6.12966E-1 6.09573E-1 6.08771E-1 6.07455E-1 6.07829E-1 6.08297E-1 6.08541E-1 6.09711E-1 6.10647E-1 6.08769E-1 6.09705E-1 6.08666E-1 6.10304E-1 6.08288E-1 6.09926E-1 6.05098E-1 6.06501E-1 6.06969E-1 6.11604E-1 6.14783E-1 6.1572E-1 6.19115E-1 6.21373E-1 6.21607E-1 6.26195E-1 6.20606E-1 6.24783E-1 6.25157E-1 6.23839E-1 6.17468E-1 6.16149E-1 6.17555E-1 6.12749E-1 6.13452E-1 6.11858E-1 6.12085E-1 6.13256E-1 6.13534E-1 6.11187E-1 6.11187E-1 6.11752E-1 6.11752E-1 6.09073E-1 6.09073E-1 6.11321E-1 6.09169E-1 6.09169E-1
6.02527E-1 6.04309E-1 6.01352E-1 6.05562E-1 6.06498E-1 6.07199E-1 6.05304E-1 6.06152E-1 6.05918E-1 6.05444E-1 6.08258E-1 6.05227E-1 6.0663E-1 6.07566E-1 6.08268E-1 6.05021E-1 6.03518E-1 6.07973E-1 6.06426E-1 6.009E-1 5.98469E-1 5.99403E-1 6.00103E-1 6.00804E-1 5.99396E-1 6.00897E-1 6.02299E-1 6.00657E-1 6.01825E-1 6.02526E-1 6.03929E-1 6.05659E-1 6.07711E-1 6.08179E-1 6.09349E-1 6.11838E-1 6.15232E-1 6.20201E-1 6.23851E-1 6.16288E-1 6.17225E-1 6.1854E-1 6.22993E-1 6.13849E-1 6.1507E-1 6.15816E-1 6.1473E-1 6.10443E-1 6.17618E-1 6.08235E-1 6.11617E-1 6.15508E-1 6.1431E-1 6.11283E-1 6.11283E-1 6.13534E-1 6.08604E-1 6.10854E-1 6.11419E-1 6.05516E-1 6.05516E-1
6.00243E-1 6.00797E-1 6.01177E-1 6.01965E-1 5.9583E-1 6.00856E-1 6.01557E-1 6.05304E-1 6.05451E-1 6.01548E-1 6.04977E-1 6.05106E-1 6.02649E-1 6.06396E-1 6.04519E-1 6.016E-1 6.02583E-1 6.01175E-1 6.02445E-1 5.96355E-1 5.96834E-1 5.98002E-1 5.98702E-1 5.97062E-1 5.98785E-1 5.96355E-1 5.97616E-1 5.98082E-1 5.99484E-1 5.94666E-1 6.05843E-1 5.98301E-1 6.02368E-1 6.05974E-1 6.04939E-1 6.07661E-1 6.1152E-1 6.11754E-1 6.13379E-1 6.14081E-1 6.14927E-1 6.16566E-1 6.15012E-1 6.15949E-1 6.11359E-1 6.12295E-1 6.11586E-1 6.12757E-1 6.10535E-1 6.09826E-1 6.11465E-1 6.11284E-1 6.08332E-1 6.07063E-1 6.07063E-1 6.07063E-1 6.05046E-1 6.09306E-1 6.09306E-1 6.09306E-1 6.05046E-1
5.95783E-1 5.89805E-1 5.873E-1 5.96457E-1 5.99265E-1 5.99117E-1 5.99818E-1 6.00752E-1 6.04264E-1 6.0192E-1 5.99508E-1 6.00909E-1 5.98801E-1 5.99502E-1 5.99502E-1 5.94213E-1 5.95428E-1 5.94022E-1 5.94907E-1 5.95049E-1 5.92761E-1 5.9346E-1 5.94716E-1 5.93789E-1 5.94815E-1 5.94815E-1 5.95748E-1 5.96682E-1 5.92101E-1 5.93034E-1 5.95589E-1 5.96056E-1 6.0012E-1 6.04153E-1 6.0579E-1 6.03536E-1 6.07627E-1 6.07861E-1 6.11506E-1 6.12442E-1 6.13522E-1 6.1267E-1 6.0784E-1 6.14778E-1 6.13132E-1 6.11124E-1 6.10271E-1 6.04886E-1 6.09131E-1 6.10535E-1 6.05706E-1 6.0931E-1 6.10816E-1 6.1222E-1 6.04601E-1 6.11418E-1 6.08739E-1 6.08739E-1 6.11653E-1 6.08993E-1 6.04733E-1
5.8814E-1 5.89572E-1 5.94737E-1 5.95523E-1 5.95145E-1 5.93037E-1 5.96776E-1 5.97476E-1 5.98644E-1 5.9677E-1 5.9677E-1 5.9142E-1 5.91886E-1 5.92585E-1 5.92585E-1 5.90282E-1 5.94684E-1 5.90286E-1 5.92102E-1 5.91169E-1 5.91456E-1 5.9341E-1 5.90191E-1 5.85619E-1 5.87662E-1 5.87108E-1 5.88039E-1 5.88971E-1 5.89204E-1 5.90368E-1 5.93155E-1 5.96983E-1 5.98485E-1 6.00354E-1 6.03543E-1 6.02457E-1 5.9905E-1 5.99428E-1 6.00363E-1 6.01866E-1 6.02476E-1 6.03996E-1 6.05735E-1 6.07138E-1 6.01986E-1 6.02453E-1 6.04089E-1 6.0347E-1 6.01163E-1 6.02332E-1 6.05987E-1 6.04903E-1 6.0247E-1 6.03638E-1 6.02253E-1 6.05675E-1 6.0497E-1 6.05087E-1 6.05087E-1 6.02431E-1 6.02431E-1
5.92491E-1 5.92957E-1 5.91552E-1 5.9459E-1 5.94823E-1 5.95523E-1 5.93037E-1 5.96543E-1 5.97243E-1 5.95836E-1 5.95496E-1 5.91023E-1 5.87436E-1 5.89316E-1 5.90015E-1 5.9296E-1 5.87447E-1 5.88656E-1 5.89532E-1 5.87798E-1 5.88173E-1 5.89208E-1 5.80824E-1 5.90284E-1 5.82822E-1 5.86964E-1 5.86643E-1 5.87574E-1 5.85796E-1 5.90502E-1 5.85786E-1 5.86484E-1 5.9077E-1 5.9147E-1 6.00403E-1 5.95585E-1 5.94268E-1 5.98817E-1 5.99284E-1 5.99662E-1 5.9811E-1 6.02126E-1 5.99889E-1 6.01291E-1 6.02459E-1 6.01518E-1 6.02453E-1 6.03855E-1 5.9985E-1 5.94799E-1 6.03974E-1 6.05286E-1 6.03086E-1 6.04255E-1 6.02168E-1 5.97581E-1 6.02622E-1 6.06746E-1 6.07432E-1 6.04775E-1 5.98784E-1
5.90753E-1 5.91685E-1 5.89582E-1 5.92851E-1 5.90134E-1 5.94017E-1 5.91066E-1 5.92231E-1 5.89758E-1 5.84876E-1 5.89286E-1 5.86358E-1 5.87057E-1 5.87436E-1 5.88279E-1 5.89691E-1 5.86783E-1 5.78261E-1 5.78114E-1 5.78114E-1 5.8128E-1 5.81977E-1 5.79095E-1 5.83139E-1 5.84392E-1 5.85322E-1 5.82579E-1 5.8728E-1 5.82338E-1 5.82891E-1 5.83589E-1 5.84054E-1 5.88104E-1 5.91387E-1 5.92786E-1 5.91936E-1 5.92868E-1 5.97182E-1 5.95629E-1 5.95862E-1 5.96943E-1 5.91196E-1 5.92595E-1 5.9376E-1 5.9516E-1 5.99972E-1 5.94687E-1 5.96087E-1 5.94106E-1 5.95183E-1 5.96117E-1 5.97284E-1 5.98451E-1 5.96722E-1 5.95105E-1 5.95805E-1 5.97249E-1 5.98417E-1 6.00376E-1 6.00557E-1 6.00557E-1
5.87486E-1 5.9052E-1 5.8865E-1 5.83615E-1 5.86413E-1 5.87111E-1 5.84312E-1 5.85243E-1 5.86027E-1 5.86872E-1 5.85469E-1 5.85342E-1 5.86416E-1 5.87522E-1 5.87436E-1 5.84673E-1 5.79554E-1 5.77459E-1 5.7583E-1 5.76525E-1 5.7765E-1 5.77702E-1 5.77934E-1 5.82067E-1 5.80435E-1 5.83927E-1 5.8863E-1 5.80247E-1 5.84614E-1 5.81497E-1 5.81962E-1 5.85544E-1 5.83035E-1 5.87406E-1 5.8914E-1 5.89968E-1 5.84698E-1 5.85163E-1 5.84881E-1 5.88297E-1 5.8853E-1 5.89461E-1 5.90626E-1 5.91092E-1 5.93527E-1 5.92208E-1 5.93055E-1 5.93883E-1 5.91204E-1 5.9294E-1 5.93535E-1 5.96953E-1 5.95224E-1 5.96624E-1 5.95241E-1 5.96263E-1 5.94525E-1 5.99215E-1 5.98663E-1 5.99597E-1 6.029E-1
5.80827E-1 5.81524E-1 5.81415E-1 5.79551E-1 5.82577E-1 5.83848E-1 5.83934E-1 5.84631E-1 5.8501E-1 5.85941E-1 5.8083E-1 5.81992E-1 5.82921E-1 5.84084E-1 5.82074E-1 5.72908E-1 5.73834E-1 5.74761E-1 5.74671E-1 5.7583E-1 5.76384E-1 5.76848E-1 5.7708E-1 5.77223E-1 5.79168E-1 5.80203E-1 5.74807E-1 5.7871E-1 5.7708E-1 5.80743E-1 5.81439E-1 5.81351E-1 5.82426E-1 5.8601E-1 5.86708E-1 5.88337E-1 5.83303E-1 5.81523E-1 5.8222E-1 5.83296E-1 5.84226E-1 5.84692E-1 5.88763E-1 5.9016E-1 5.91558E-1 5.9024E-1 5.8497E-1 5.859E-1 5.83693E-1 5.87102E-1 5.94241E-1 5.95408E-1 5.8724E-1 5.88637E-1 5.87024E-1 5.88887E-1 5.91833E-1 5.90797E-1 5.92195E-1 5.94228E-1 5.95161E-1
5.82254E-1 5.79789E-1 5.80718E-1 5.82046E-1 5.79551E-1 5.80247E-1 5.81176E-1 5.81641E-1 5.81494E-1 5.81873E-1 5.82714E-1 5.78162E-1 5.7909E-1 5.7384E-1 5.81521E-1 5.72908E-1 5.72337E-1 5.70479E-1 5.70942E-1 5.71405E-1 5.75457E-1 5.7592E-1 5.76152E-1 5.7708E-1 5.7545E-1 5.72529E-1 5.77533E-1 5.77533E-1 5.78461E-1 5.79011E-1 5.80024E-1 5.80869E-1 5.77756E-1 5.8078E-1 5.81477E-1 5.86794E-1 5.79665E-1 5.79792E-1 5.8017E-1 5.80867E-1 5.82599E-1 5.83529E-1 5.77933E-1 5.79431E-1 5.81057E-1 5.81289E-1 5.81415E-1 5.82345E-1 5.81833E-1 5.85241E-1 5.86637E-1 5.87335E-1 5.85146E-1 5.86542E-1 5.8764E-1 5.89037E-1 5.88002E-1 5.88467E-1 5.89695E-1 5.9086E-1 5.95297E-1
5.81587E-1 5.78775E-1 5.82497E-1 5.8213E-1 5.8213E-1 5.79551E-1 5.80015E-1 5.80944E-1 5.81409E-1 5.72989E-1 5.77303E-1 5.77593E-1 5.72219E-1 5.72914E-1 5.73609E-1 5.7118E-1 5.72105E-1 5.70017E-1 5.70248E-1 5.70567E-1 5.70799E-1 5.74849E-1 5.75777E-1 5.66545E-1 5.68215E-1 5.6859E-1 5.73586E-1 5.74513E-1 5.74976E-1 5.76073E-1 5.76073E-1 5.79095E-1 5.70195E-1 5.74225E-1 5.75384E-1 5.76311E-1 5.78018E-1 5.78399E-1 5.78399E-1 5.79095E-1 5.75004E-1 5.76163E-1 5.76773E-1 5.777E-1 5.78397E-1 5.79789E-1 5.80254E-1 5.8095E-1 5.8188E-1 5.81935E-1 5.82865E-1 5.78304E-1 5.85423E-1 5.86586E-1 5.85778E-1 5.87174E-1 5.8614E-1 5.87159E-1 5.90104E-1 5.82889E-1 5.86759E-1
5.80658E-1 5.81355E-1 5.82052E-1 5.78092E-1 5.78158E-1 5.79087E-1 5.79551E-1 5.80015E-1 5.73958E-1 5.72526E-1 5.69864E-1 5.71046E-1 5.72203E-1 5.69437E-1 5.7013E-1 5.70824E-1 5.70717E-1 5.71411E-1 5.69873E-1 5.69642E-1 5.69873E-1 5.64644E-1 5.71493E-1 5.66345E-1 5.6357E-1 5.64407E-1 5.69768E-1 5.731E-1 5.67401E-1 5.67947E-1 5.7411E-1 5.68788E-1 5.69589E-1 5.69732E-1 5.74309E-1 5.7213E-1 5.73287E-1 5.73204E-1 5.68198E-1 5.6866E-1 5.73151E-1 5.7454E-1 5.75467E-1 5.76395E-1 5.73982E-1 5.74909E-1 5.78947E-1 5.76532E-1 5.7175E-1 5.72213E-1 5.74913E-1 5.76768E-1 5.78392E-1 5.79088E-1 5.7748E-1 5.78641E-1 5.79615E-1 5.81097E-1 5.81562E-1 5.82896E-1 5.84058E-1
5.81076E-1 5.78098E-1 5.78794E-1 5.79723E-1 5.78092E-1 5.72844E-1 5.70358E-1 5.73263E-1 5.73263E-1 5.70796E-1 5.6917E-1 5.69778E-1 5.67334E-1 5.68489E-1 5.6872E-1 5.69326E-1 5.7002E-1 5.67825E-1 5.62881E-1 5.62458E-1 5.68607E-1 5.63721E-1 5.64182E-1 5.62331E-1 5.63108E-1 5.68467E-1 5.68929E-1 5.69244E-1 5.63324E-1 5.64246E-1 5.67023E-1 5.67401E-1 5.67863E-1 5.69102E-1 5.70027E-1 5.65367E-1 5.65171E-1 5.6578E-1 5.66473E-1 5.66935E-1 5.6809E-1 5.69014E-1 5.70741E-1 5.7213E-1 5.72593E-1 5.67819E-1 5.67942E-1 5.68635E-1 5.70362E-1 5.72489E-1 5.73523E-1 5.77382E-1 5.77E-1 5.78014E-1 5.75711E-1 5.78879E-1 5.77615E-1 5.78775E-1 5.80168E-1 5.804E-1 5.80931E-1
5.79915E-1 5.805E-1 5.75016E-1 5.73388E-1 5.71844E-1 5.69109E-1 5.72039E-1 5.69785E-1 5.68392E-1 5.68392E-1 5.71636E-1 5.69779E-1 5.69547E-1 5.67334E-1 5.68027E-1 5.68489E-1 5.63032E-1 5.61218E-1 5.61959E-1 5.62335E-1 5.62565E-1 5.59227E-1 5.60378E-1 5.59417E-1 5.59877E-1 5.58858E-1 5.6031E-1 5.68319E-1 5.62061E-1 5.62603E-1 5.63635E-1 5.64327E-1 5.64246E-1 5.65169E-1 5.6864E-1 5.63644E-1 5.61475E-1 5.62083E-1 5.62567E-1 5.66011E-1 5.66704E-1 5.67628E-1 5.69245E-1 5.63787E-1 5.64479E-1 5.66094E-1 5.66556E-1 5.69943E-1 5.70406E-1 5.71794E-1 5.72257E-1 5.74955E-1 5.7747E-1 5.78398E-1 5.76327E-1 5.77255E-1 5.78415E-1 5.70748E-1 5.77615E-1 5.74834E-1 5.72897E-1
5.73682E-1 5.71073E-1 5.74089E-1 5.72693E-1 5.73388E-1 5.68184E-1 5.6934E-1 5.6995E-1 5.67929E-1 5.68161E-1 5.68392E-1 5.65844E-1 5.66537E-1 5.58776E-1 5.59467E-1 5.59341E-1 5.62802E-1 5.60722E-1 5.61498E-1 5.58959E-1 5.61874E-1 5.59334E-1 5.58263E-1 5.58953E-1 5.58156E-1 5.60325E-1 5.57221E-1 5.58141E-1 5.58912E-1 5.62097E-1 5.6199E-1 5.62142E-1 5.62833E-1 5.64327E-1 5.6502E-1 5.66174E-1 5.60404E-1 5.60931E-1 5.61853E-1 5.62544E-1 5.56896E-1 5.58045E-1 5.61712E-1 5.60116E-1 5.60577E-1 5.63955E-1 5.64647E-1 5.68556E-1 5.66493E-1 5.70174E-1 5.71012E-1 5.65867E-1 5.66791E-1 5.67946E-1 5.68431E-1 5.69356E-1 5.69818E-1 5.71777E-1 5.69823E-1 5.70286E-1 5.73676E-1
5.73219E-1 5.7345E-1 5.71073E-1 5.69447E-1 5.70141E-1 5.70919E-1 5.65917E-1 5.6342E-1 5.64573E-1 5.64377E-1 5.6144E-1 5.65415E-1 5.56824E-1 5.57744E-1 5.58204E-1 5.58664E-1 5.55773E-1 5.58998E-1 5.60149E-1 5.59056E-1 5.53395E-1 5.50741E-1 5.51229E-1 5.56096E-1 5.56409E-1 5.56868E-1 5.57328E-1 5.56991E-1 5.57762E-1 5.5807E-1 5.5807E-1 5.58682E-1 5.59372E-1 5.57498E-1 5.58266E-1 5.5885E-1 5.5954E-1 5.56837E-1 5.59983E-1 5.55008E-1 5.55927E-1 5.53647E-1 5.57016E-1 5.5808E-1 5.59571E-1 5.62692E-1 5.60952E-1 5.61643E-1 5.62795E-1 5.6363E-1 5.64021E-1 5.64713E-1 5.65406E-1 5.6656E-1 5.64499E-1 5.65422E-1 5.66346E-1 5.66577E-1 5.67501E-1 5.65088E-1 5.6241E-1
5.63707E-1 5.72642E-1 5.75345E-1 5.7171E-1 5.62722E-1 5.61186E-1 5.62108E-1 5.6303E-1 5.62846E-1 5.63768E-1 5.63999E-1 5.58815E-1 5.59736E-1 5.56824E-1 5.57284E-1 5.57974E-1 5.58434E-1 5.58894E-1 5.57048E-1 5.56061E-1 5.56061E-1 5.50638E-1 5.47759E-1 5.5454E-1 5.54769E-1 5.55148E-1 5.55837E-1 5.56147E-1 5.56607E-1 5.57947E-1 5.51565E-1 5.51948E-1 5.52636E-1 5.56657E-1 5.57576E-1 5.54936E-1 5.55855E-1 5.59231E-1 5.50496E-1 5.51641E-1 5.52271E-1 5.525E-1 5.53794E-1 5.57246E-1 5.58165E-1 5.59086E-1 5.53883E-1 5.54113E-1 5.55175E-1 5.56409E-1 5.57014E-1 5.57473E-1 5.6194E-1 5.62862E-1 5.60575E-1 5.60805E-1 5.62187E-1 5.62964E-1 5.62964E-1 5.63559E-1 5.58115E-1
5.66555E-1 5.65937E-1 5.6663E-1 5.69409E-1 5.67699E-1 5.66393E-1 5.61417E-1 5.62108E-1 5.6303E-1 5.63722E-1 5.60766E-1 5.61835E-1 5.59131E-1 5.56135E-1 5.56594E-1 5.57284E-1 5.57744E-1 5.49789E-1 5.50247E-1 5.49493E-1 5.49493E-1 5.54126E-1 5.5026E-1 5.54895E-1 5.55354E-1 5.49553E-1 5.55433E-1 5.46677E-1 5.49579E-1 5.5042E-1 5.50878E-1 5.50878E-1 5.51719E-1 5.52406E-1 5.4768E-1 5.50891E-1 5.53905E-1 5.49326E-1 5.49784E-1 5.50384E-1 5.513E-1 5.51471E-1 5.46859E-1 5.53647E-1 5.51361E-1 5.49064E-1 5.50209E-1 5.51354E-1 5.51813E-1 5.52501E-1 5.53418E-1 5.56531E-1 5.57014E-1 5.58163E-1 5.52734E-1 5.59083E-1 5.54535E-1 5.54884E-1 5.54655E-1 5.55913E-1 5.53514E-1
5.66012E-1 5.66243E-1 5.69484E-1 5.6663E-1 5.67006E-1 5.68161E-1 5.64393E-1 5.65085E-1 5.59061E-1 5.57044E-1 5.53754E-1 5.51913E-1 5.5849E-1 5.55561E-1 5.5645E-1 5.51056E-1 5.47844E-1 5.48873E-1 5.49789E-1 5.55884E-1 5.52978E-1 5.53747E-1 5.53403E-1 5.53862E-1 5.5417E-1 5.5417E-1 5.5417E-1 5.4837E-1 5.49629E-1 5.5039E-1 5.50848E-1 5.50848E-1 5.51691E-1 5.48735E-1 5.46308E-1 5.46994E-1 5.48137E-1 5.4826E-1 5.48868E-1 5.46716E-1 5.44521E-1 5.44897E-1 5.45811E-1 5.46519E-1 5.44375E-1 5.4506E-1 5.46999E-1 5.4998E-1 5.50896E-1 5.45717E-1 5.52271E-1 5.46546E-1 5.47232E-1 5.47918E-1 5.49291E-1 5.4952E-1 5.50063E-1 5.50063E-1 5.50521E-1 5.50979E-1 5.51112E-1
5.62307E-1 5.68686E-1 5.66128E-1 5.6659E-1 5.64653E-1 5.6526E-1 5.56908E-1 5.57911E-1 5.58601E-1 5.59061E-1 5.5647E-1 5.56929E-1 5.51684E-1 5.52372E-1 5.50139E-1 5.47844E-1 5.48302E-1 5.48988E-1 5.53474E-1 5.51404E-1 5.4815E-1 5.53009E-1 5.53548E-1 5.45317E-1 5.44175E-1 5.4738E-1 5.45317E-1 5.4837E-1 5.45621E-1 5.49575E-1 5.49804E-1 5.49202E-1 5.50275E-1 5.44641E-1 5.42229E-1 5.43067E-1 5.46727E-1 5.47413E-1 5.45661E-1 5.49097E-1 5.40786E-1 5.44212E-1 5.41948E-1 5.43234E-1 5.43462E-1 5.38533E-1 5.4506E-1 5.45973E-1 5.40809E-1 5.41408E-1 5.4172E-1 5.45064E-1 5.46089E-1 5.46546E-1 5.46775E-1 5.47918E-1 5.4846E-1 5.463E-1 5.46757E-1 5.46529E-1 5.46986E-1
5.61846E-1 5.62537E-1 5.59526E-1 5.60133E-1 5.58286E-1 5.58976E-1 5.57443E-1 5.54688E-1 5.57911E-1 5.58518E-1 5.5601E-1 5.567E-1 5.54856E-1 5.52143E-1 5.43984E-1 5.4693E-1 5.47844E-1 5.48531E-1 5.48531E-1 5.43213E-1 5.45994E-1 5.46303E-1 5.46532E-1 5.43869E-1 5.47295E-1 5.47829E-1 5.48057E-1 5.48588E-1 5.48431E-1 5.43031E-1 5.43487E-1 5.43487E-1 5.40303E-1 5.40986E-1 5.38798E-1 5.45481E-1 5.37685E-1 5.40649E-1 5.38186E-1 5.39323E-1 5.39614E-1 5.40069E-1 5.4098E-1 5.42381E-1 5.40575E-1 5.43978E-1 5.38388E-1 5.3907E-1 5.39753E-1 5.40041E-1 5.40724E-1 5.4118E-1 5.41864E-1 5.42404E-1 5.42632E-1 5.43088E-1 5.47944E-1 5.3894E-1 5.39851E-1 5.45549E-1 5.46006E-1
5.61385E-1 5.61846E-1 5.62307E-1 5.59673E-1 5.57826E-1 5.58746E-1 5.58859E-1 5.55449E-1 5.57636E-1 5.57711E-1 5.58748E-1 5.58861E-1 5.51359E-1 5.46111E-1 5.43183E-1 5.43411E-1 5.40963E-1 5.4603E-1 5.49793E-1 5.49793E-1 5.47956E-1 5.45351E-1 5.45579E-1 5.45883E-1 5.46036E-1 5.4634E-1 5.46569E-1 5.4102E-1 5.4102E-1 5.41319E-1 5.42002E-1 5.42458E-1 5.39802E-1 5.40258E-1 5.35228E-1 5.39026E-1 5.36549E-1 5.3723E-1 5.40877E-1 5.38413E-1 5.39096E-1 5.33563E-1 5.37788E-1 5.32797E-1 5.35752E-1 5.3666E-1 5.34407E-1 5.35087E-1 5.39047E-1 5.38956E-1 5.38956E-1 5.39753E-1 5.40581E-1 5.41264E-1 5.41492E-1 5.41948E-1 5.37663E-1 5.34507E-1 5.39483E-1 5.38454E-1 5.38227E-1
5.60984E-1 5.60954E-1 5.55517E-1 5.62106E-1 5.60487E-1 5.55051E-1 5.52281E-1 5.50753E-1 5.5144E-1 5.52357E-1 5.55576E-1 5.55953E-1 5.5181E-1 5.48834E-1 5.42871E-1 5.47571E-1 5.40735E-1 5.45116E-1 5.45964E-1 5.46193E-1 5.43903E-1 5.44666E-1 5.39278E-1 5.39581E-1 5.40499E-1 5.37146E-1 5.37373E-1 5.37899E-1 5.38283E-1 5.38195E-1 5.38877E-1 5.41843E-1 5.36465E-1 5.33977E-1 5.34658E-1 5.34814E-1 5.35144E-1 5.36433E-1 5.37114E-1 5.31119E-1 5.31798E-1 5.30386E-1 5.31065E-1 5.31891E-1 5.32344E-1 5.32797E-1 5.35979E-1 5.3666E-1 5.37797E-1 5.37797E-1 5.35541E-1 5.34012E-1 5.34693E-1 5.38365E-1 5.34073E-1 5.31787E-1 5.36672E-1 5.37436E-1 5.38118E-1 5.34133E-1 5.36297E-1
5.55088E-1 5.55547E-1 5.56006E-1 5.55747E-1 5.56519E-1 5.54592E-1 5.55281E-1 5.5398E-1 5.52597E-1 5.51899E-1 5.52586E-1 5.53045E-1 5.4823E-1 5.43502E-1 5.46572E-1 5.43183E-1 5.38589E-1 5.39126E-1 5.39809E-1 5.40117E-1 5.37836E-1 5.35862E-1 5.36089E-1 5.36619E-1 5.36692E-1 5.36919E-1 5.36762E-1 5.37217E-1 5.31402E-1 5.32149E-1 5.32442E-1 5.32895E-1 5.33348E-1 5.36238E-1 5.3368E-1 5.34814E-1 5.29008E-1 5.29562E-1 5.30621E-1 5.28174E-1 5.28852E-1 5.2953E-1 5.30357E-1 5.30271E-1 5.3095E-1 5.32118E-1 5.31045E-1 5.31497E-1 5.34903E-1 5.3513E-1 5.32879E-1 5.32879E-1 5.33559E-1 5.34012E-1 5.31563E-1 5.34824E-1 5.34824E-1 5.29442E-1 5.34254E-1 5.34708E-1 5.35616E-1
5.54711E-1 5.5517E-1 5.52298E-1 5.52756E-1 5.55627E-1 5.51796E-1 5.52604E-1 5.49635E-1 5.48109E-1 5.4271E-1 5.49024E-1 5.4994E-1 5.45417E-1 5.42699E-1 5.43383E-1 5.4046E-1 5.37789E-1 5.38098E-1 5.38553E-1 5.37035E-1 5.34759E-1 5.35063E-1 5.38487E-1 5.35365E-1 5.2963E-1 5.30082E-1 5.29926E-1 5.30152E-1 5.33785E-1 5.3147E-1 5.31989E-1 5.32668E-1 5.3255E-1 5.32777E-1 5.35892E-1 5.33977E-1 5.28735E-1 5.29187E-1 5.29562E-1 5.30693E-1 5.28174E-1 5.28852E-1 5.29227E-1 5.30131E-1 5.33307E-1 5.3246E-1 5.3238E-1 5.3025E-1 5.30703E-1 5.33427E-1 5.34223E-1 5.31891E-1 5.32344E-1 5.30206E-1 5.30206E-1 5.30966E-1 5.31192E-1 5.29301E-1 5.32781E-1 5.27511E-1 5.34558E-1
