Artocarpus heterophyllus SDM files/Last interglacial/results (with bias file)/Arthet_7.asc
ncols         625
nrows         721
xllcorner     69.99986311115
yllcorner     5.99986151914999
cellsize      0.041666667
NODATA_value  -9999
[rows 297 to 323 of 721, columns 549 to 609 of 625]
7.27633E-1 7.55602E-1 7.32634E-1 7.25474E-1 7.30508E-1 7.33976E-1 7.15486E-1 6.79469E-1 6.67471E-1 6.32981E-1 6.26672E-1 6.67908E-1 6.70546E-1 7.05136E-1 6.61743E-1 6.55112E-1 5.74161E-1 6.22314E-1 7.12125E-1 7.01952E-1 6.72902E-1 6.05843E-1 5.00371E-1 5.60835E-1 7.00965E-1 6.56873E-1 6.91356E-1 7.00642E-1 6.91292E-1 6.8463E-1 6.73999E-1 6.73303E-1 6.69736E-1 6.79765E-1 6.86724E-1 6.75937E-1 6.64985E-1 6.69909E-1 6.67659E-1 6.6273E-1 6.67626E-1 6.62806E-1 6.71903E-1 6.76553E-1 6.75507E-1 6.7945E-1 6.85936E-1 6.92176E-1 6.9538E-1 7.00063E-1 6.98661E-1 6.95889E-1 6.94525E-1 6.84568E-1 6.8347E-1 6.88734E-1 6.84302E-1 6.75886E-1 6.79131E-1 6.83709E-1 6.89836E-1
7.16918E-1 7.26239E-1 7.0124E-1 7.27534E-1 7.27879E-1 7.3072E-1 7.2166E-1 7.24939E-1 6.8794E-1 6.67138E-1 6.11438E-1 6.5802E-1 6.70546E-1 7.00498E-1 6.52823E-1 6.29494E-1 5.76598E-1 6.87163E-1 7.02425E-1 6.70928E-1 6.5658E-1 5.91262E-1 4.97432E-1 5.8713E-1 6.97957E-1 6.9752E-1 6.89647E-1 6.83721E-1 6.80507E-1 6.85465E-1 6.76494E-1 6.67904E-1 6.69888E-1 6.82999E-1 6.77002E-1 6.6005E-1 6.70778E-1 6.71571E-1 6.72284E-1 6.68238E-1 6.63389E-1 6.74382E-1 6.74244E-1 6.77649E-1 6.78151E-1 6.75748E-1 6.81332E-1 6.8136E-1 6.91605E-1 6.95117E-1 6.92464E-1 6.90867E-1 6.93074E-1 6.82167E-1 6.78065E-1 6.73019E-1 6.71121E-1 6.69916E-1 6.73979E-1 6.7701E-1 6.74881E-1
7.31957E-1 6.48118E-1 7.06945E-1 7.26118E-1 7.27987E-1 7.29173E-1 7.02527E-1 6.88239E-1 6.72738E-1 6.88673E-1 6.75441E-1 6.32108E-1 6.66779E-1 6.95504E-1 6.63004E-1 6.52671E-1 5.60494E-1 5.91685E-1 6.86407E-1 7.0372E-1 5.96577E-1 4.7505E-1 5.22051E-1 6.55367E-1 6.91236E-1 6.91831E-1 6.67268E-1 6.6942E-1 6.6838E-1 6.67186E-1 6.6997E-1 6.62896E-1 6.7255E-1 6.77961E-1 6.74733E-1 6.81652E-1 6.79933E-1 6.68112E-1 6.62851E-1 6.66722E-1 6.57291E-1 6.59205E-1 6.68611E-1 6.69567E-1 6.80783E-1 6.79148E-1 6.80804E-1 6.934E-1 6.9079E-1 6.90503E-1 6.96809E-1 6.95243E-1 6.88134E-1 6.86473E-1 6.86198E-1 6.84604E-1 6.79297E-1 6.76402E-1 6.74079E-1 6.7402E-1 6.6985E-1
7.25372E-1 6.538E-1 6.30854E-1 7.28316E-1 7.38034E-1 7.26567E-1 6.87688E-1 6.90836E-1 6.65502E-1 7.05444E-1 6.59515E-1 6.62404E-1 7.02574E-1 6.84886E-1 6.81007E-1 6.56502E-1 6.85566E-1 5.94181E-1 6.82535E-1 7.17426E-1 6.0904E-1 4.58401E-1 5.55747E-1 6.51052E-1 6.7076E-1 7.06608E-1 6.77201E-1 6.46323E-1 6.60315E-1 6.7051E-1 6.60211E-1 6.61478E-1 6.75638E-1 6.73993E-1 6.74877E-1 6.71535E-1 6.73915E-1 6.64468E-1 6.66E-1 6.59768E-1 6.64534E-1 6.72671E-1 6.7747E-1 6.68789E-1 6.72043E-1 6.74339E-1 6.74112E-1 6.88679E-1 6.96541E-1 6.89721E-1 6.94855E-1 6.9114E-1 6.81176E-1 6.93875E-1 6.91818E-1 6.90562E-1 6.90562E-1 6.84038E-1 6.71087E-1 6.68085E-1 6.70886E-1
7.1074E-1 7.04077E-1 7.02611E-1 7.22638E-1 7.28625E-1 7.2706E-1 7.0792E-1 7.15902E-1 7.13716E-1 7.19802E-1 6.52187E-1 6.53884E-1 7.11737E-1 7.02033E-1 6.76978E-1 6.32355E-1 7.01605E-1 6.77395E-1 6.98551E-1 7.03975E-1 5.36961E-1 4.85246E-1 5.21245E-1 5.91442E-1 7.07953E-1 7.03222E-1 6.85132E-1 6.67777E-1 6.57231E-1 6.59058E-1 6.58946E-1 6.61537E-1 6.69157E-1 6.75328E-1 6.71364E-1 6.67789E-1 6.69043E-1 6.68205E-1 6.6027E-1 6.64618E-1 6.6786E-1 6.63431E-1 6.77572E-1 6.77128E-1 6.82068E-1 6.82928E-1 6.86502E-1 6.80062E-1 6.87291E-1 6.99302E-1 6.90417E-1 6.83712E-1 6.8113E-1 6.7377E-1 6.86903E-1 6.87696E-1 6.8758E-1 6.88024E-1 6.74998E-1 6.65867E-1 6.67583E-1
7.11124E-1 7.18799E-1 7.02391E-1 6.78349E-1 7.01572E-1 7.16203E-1 7.31813E-1 7.21858E-1 6.38574E-1 7.1454E-1 6.57204E-1 6.89829E-1 7.02585E-1 6.78417E-1 6.54703E-1 6.60278E-1 6.87334E-1 6.91782E-1 7.15939E-1 7.10908E-1 6.45854E-1 5.97339E-1 5.87313E-1 6.90666E-1 7.05471E-1 6.95464E-1 6.70771E-1 6.72728E-1 6.54465E-1 6.56113E-1 6.53095E-1 6.61828E-1 6.58713E-1 6.77025E-1 6.60713E-1 6.70625E-1 6.66117E-1 6.54366E-1 6.55511E-1 6.51729E-1 6.66738E-1 6.67301E-1 6.79975E-1 6.72187E-1 6.77508E-1 6.79683E-1 6.72369E-1 6.87662E-1 6.89219E-1 6.72495E-1 6.78627E-1 6.83064E-1 6.74589E-1 6.69012E-1 6.65896E-1 6.76899E-1 6.78669E-1 6.7062E-1 6.73128E-1 6.6929E-1 6.63869E-1
7.12793E-1 7.16572E-1 7.07322E-1 7.14491E-1 7.13634E-1 7.3122E-1 7.32014E-1 7.26319E-1 7.0485E-1 7.16305E-1 6.9654E-1 6.86616E-1 7.11251E-1 6.97889E-1 6.14784E-1 6.36217E-1 6.12712E-1 6.81641E-1 6.36899E-1 6.8258E-1 6.34572E-1 5.07107E-1 5.56322E-1 6.90966E-1 6.82374E-1 6.68563E-1 6.52587E-1 6.65602E-1 6.54045E-1 6.58084E-1 6.61607E-1 6.57421E-1 6.58743E-1 6.76284E-1 6.67726E-1 6.66323E-1 6.56799E-1 6.50931E-1 6.53448E-1 6.5506E-1 6.59872E-1 6.70307E-1 6.71682E-1 6.69835E-1 6.69979E-1 6.7392E-1 6.71393E-1 6.77482E-1 6.88824E-1 6.90987E-1 6.96221E-1 6.8932E-1 6.82467E-1 6.71496E-1 6.73729E-1 6.66157E-1 6.68109E-1 6.71298E-1 6.63467E-1 6.60944E-1 6.5601E-1
7.16443E-1 7.00883E-1 6.66271E-1 6.89642E-1 7.2327E-1 6.85822E-1 6.78966E-1 7.13921E-1 7.14889E-1 7.06434E-1 7.141E-1 7.09133E-1 7.07479E-1 7.05762E-1 5.72448E-1 6.05633E-1 6.51679E-1 6.86278E-1 6.0547E-1 6.12541E-1 5.60353E-1 4.71921E-1 6.2631E-1 6.70755E-1 6.88699E-1 6.82495E-1 6.43672E-1 6.44611E-1 6.53123E-1 6.49692E-1 6.56829E-1 6.57812E-1 6.57144E-1 6.74989E-1 6.65558E-1 6.57458E-1 6.52491E-1 6.48378E-1 6.49505E-1 6.57003E-1 6.62802E-1 6.69651E-1 6.75645E-1 6.81428E-1 6.84611E-1 6.85914E-1 6.89627E-1 6.8556E-1 6.86716E-1 6.85544E-1 6.86886E-1 6.83036E-1 6.82124E-1 6.77436E-1 6.7839E-1 6.63727E-1 6.52458E-1 6.51752E-1 6.58528E-1 6.53667E-1 6.47248E-1
6.88496E-1 6.85029E-1 6.78903E-1 6.97707E-1 7.02736E-1 7.06225E-1 7.15423E-1 7.17514E-1 7.23868E-1 7.08283E-1 6.8073E-1 7.00961E-1 7.11472E-1 6.38487E-1 5.14972E-1 5.56283E-1 6.40898E-1 6.73056E-1 6.4678E-1 5.89763E-1 5.20977E-1 4.46828E-1 5.58252E-1 6.01963E-1 7.05949E-1 6.98004E-1 6.46827E-1 6.40777E-1 6.4963E-1 6.50313E-1 6.55681E-1 6.59071E-1 6.59324E-1 6.72674E-1 6.50862E-1 6.5941E-1 6.58678E-1 6.52779E-1 6.55131E-1 6.59004E-1 6.70477E-1 6.69556E-1 6.67154E-1 6.79561E-1 6.85096E-1 6.85611E-1 6.84062E-1 6.8509E-1 6.91278E-1 6.89728E-1 6.73708E-1 6.67456E-1 6.72111E-1 6.70292E-1 6.63501E-1 6.5507E-1 6.52889E-1 6.50071E-1 6.49643E-1 6.49225E-1 6.54171E-1
6.84256E-1 6.77421E-1 6.90192E-1 6.86813E-1 6.95386E-1 6.97197E-1 7.26178E-1 7.03427E-1 7.12101E-1 7.1034E-1 5.96955E-1 7.04832E-1 6.87732E-1 6.5437E-1 5.51869E-1 4.20546E-1 5.75211E-1 6.68519E-1 7.04914E-1 5.62259E-1 5.77626E-1 4.65876E-1 6.03485E-1 6.93655E-1 6.98502E-1 6.90868E-1 6.78652E-1 6.37353E-1 6.45614E-1 6.59006E-1 6.44879E-1 6.57667E-1 6.60481E-1 6.56787E-1 6.58465E-1 6.53667E-1 6.54905E-1 6.52384E-1 6.57971E-1 6.59022E-1 6.65833E-1 6.629E-1 6.75727E-1 6.79076E-1 6.81642E-1 6.86019E-1 6.87521E-1 6.85507E-1 6.91912E-1 6.78032E-1 6.78558E-1 6.79454E-1 6.53684E-1 6.60457E-1 6.54615E-1 6.5644E-1 6.64171E-1 6.6034E-1 6.48822E-1 6.48923E-1 6.47007E-1
6.90038E-1 6.83464E-1 7.09912E-1 7.20719E-1 7.20154E-1 7.2157E-1 7.07525E-1 6.9989E-1 7.1983E-1 6.77326E-1 6.07089E-1 6.9554E-1 7.06534E-1 6.26429E-1 4.98617E-1 5.23052E-1 6.07546E-1 6.71241E-1 6.88669E-1 6.98033E-1 6.52589E-1 5.18442E-1 5.6469E-1 6.77247E-1 6.8334E-1 6.62423E-1 6.63959E-1 6.39877E-1 6.44706E-1 6.48847E-1 6.46387E-1 6.60367E-1 6.52286E-1 6.58199E-1 6.51387E-1 6.49764E-1 6.48134E-1 6.53093E-1 6.53242E-1 6.5807E-1 6.63373E-1 6.72796E-1 6.66473E-1 6.81156E-1 6.81946E-1 6.77831E-1 6.86615E-1 6.85478E-1 6.87648E-1 6.67536E-1 6.59064E-1 6.53814E-1 6.5639E-1 6.60368E-1 6.48265E-1 6.43974E-1 6.43232E-1 6.42007E-1 6.46813E-1 6.48318E-1 6.48721E-1
6.88798E-1 6.82232E-1 7.04371E-1 7.24013E-1 7.25591E-1 6.9353E-1 7.04054E-1 7.04709E-1 6.7783E-1 6.49345E-1 7.02392E-1 6.97176E-1 7.05416E-1 6.27531E-1 5.12005E-1 4.78206E-1 5.88581E-1 6.67876E-1 7.05383E-1 5.52831E-1 6.09203E-1 5.01679E-1 5.73912E-1 6.88126E-1 6.77712E-1 6.6262E-1 6.37059E-1 6.41189E-1 6.44694E-1 6.54429E-1 6.421E-1 6.58797E-1 6.48625E-1 6.4835E-1 6.44194E-1 6.53025E-1 6.55298E-1 6.4575E-1 6.56079E-1 6.61823E-1 6.68499E-1 6.71019E-1 6.63989E-1 6.69774E-1 6.74459E-1 6.73713E-1 6.86904E-1 6.85257E-1 6.80451E-1 6.6385E-1 6.65E-1 6.54798E-1 6.59454E-1 6.57419E-1 6.60733E-1 6.55171E-1 6.52567E-1 6.52659E-1 6.44525E-1 6.41447E-1 6.49121E-1
6.92491E-1 6.95498E-1 6.8943E-1 6.75099E-1 6.94496E-1 7.10981E-1 6.99215E-1 6.91671E-1 6.75559E-1 6.12719E-1 5.98533E-1 6.95956E-1 6.92795E-1 6.36715E-1 5.64311E-1 4.93373E-1 5.96945E-1 6.65151E-1 6.76998E-1 6.25454E-1 5.22366E-1 4.89688E-1 6.14279E-1 6.75248E-1 6.51501E-1 6.34976E-1 6.29747E-1 6.35454E-1 6.43382E-1 6.47225E-1 6.46195E-1 6.54974E-1 6.64888E-1 6.68907E-1 6.48445E-1 6.48427E-1 6.48258E-1 6.47019E-1 6.55543E-1 6.63243E-1 6.685E-1 6.67628E-1 6.66319E-1 6.6499E-1 6.75505E-1 6.88826E-1 6.59744E-1 6.64993E-1 6.7698E-1 6.87329E-1 6.74072E-1 6.64523E-1 6.55807E-1 6.46987E-1 6.46324E-1 6.48472E-1 6.45037E-1 6.42159E-1 6.38683E-1 6.36197E-1 6.38758E-1
6.85307E-1 6.77084E-1 6.76008E-1 6.87732E-1 6.0583E-1 6.84315E-1 6.87537E-1 6.93154E-1 6.94859E-1 6.63114E-1 6.65649E-1 6.85068E-1 7.02079E-1 6.79421E-1 6.34141E-1 5.14244E-1 4.75162E-1 6.01129E-1 6.74693E-1 5.46889E-1 5.12901E-1 5.16533E-1 6.14001E-1 6.07359E-1 6.69715E-1 6.44368E-1 6.22712E-1 6.27912E-1 6.37823E-1 6.4562E-1 6.482E-1 6.49131E-1 6.71651E-1 6.50427E-1 6.50961E-1 6.4065E-1 6.55268E-1 6.48611E-1 6.46507E-1 6.62402E-1 6.69544E-1 6.71246E-1 6.68646E-1 6.64786E-1 6.65102E-1 6.49725E-1 6.63376E-1 6.78386E-1 6.89578E-1 6.88691E-1 6.73799E-1 6.64815E-1 6.59353E-1 6.48559E-1 6.3479E-1 6.38238E-1 6.44458E-1 6.3939E-1 6.35385E-1 6.33043E-1 6.32662E-1
6.79755E-1 6.70631E-1 6.6872E-1 6.29595E-1 5.95963E-1 6.91905E-1 6.72828E-1 6.76059E-1 6.89518E-1 6.0647E-1 6.74527E-1 6.80798E-1 6.52763E-1 6.96971E-1 6.55465E-1 5.62854E-1 5.78942E-1 6.17132E-1 6.74891E-1 6.53894E-1 5.74767E-1 4.98524E-1 4.70499E-1 5.74482E-1 6.79493E-1 6.88838E-1 6.63194E-1 6.24783E-1 6.35804E-1 6.4562E-1 6.4156E-1 6.49325E-1 6.70435E-1 6.43914E-1 6.58548E-1 6.44395E-1 6.45181E-1 6.52659E-1 6.46956E-1 6.62372E-1 6.70649E-1 6.70082E-1 6.68211E-1 6.63023E-1 6.67453E-1 6.76502E-1 6.7918E-1 6.80016E-1 6.82076E-1 6.77975E-1 6.59689E-1 6.53191E-1 6.46638E-1 6.49385E-1 6.55707E-1 6.51856E-1 6.37487E-1 6.31001E-1 6.29745E-1 6.28584E-1 6.30174E-1
6.69501E-1 6.65408E-1 6.8262E-1 6.80371E-1 6.17504E-1 6.85953E-1 6.83647E-1 6.92901E-1 6.83386E-1 6.8407E-1 6.82629E-1 6.87544E-1 6.94959E-1 6.55779E-1 6.19461E-1 5.76526E-1 5.86298E-1 6.6871E-1 6.60082E-1 5.76514E-1 6.4989E-1 5.79957E-1 4.77537E-1 6.27922E-1 6.90857E-1 6.30917E-1 6.89014E-1 6.21913E-1 6.31992E-1 6.43699E-1 6.41995E-1 6.51717E-1 6.7329E-1 6.38729E-1 6.54992E-1 6.44392E-1 6.51559E-1 6.40307E-1 6.50674E-1 6.5356E-1 6.65608E-1 6.73454E-1 6.59165E-1 6.64641E-1 6.6893E-1 6.72002E-1 6.7407E-1 6.68167E-1 6.62937E-1 6.74461E-1 6.56037E-1 6.51967E-1 6.54048E-1 6.35134E-1 6.4315E-1 6.4454E-1 6.34297E-1 6.25247E-1 6.22849E-1 6.21124E-1 6.27454E-1
6.61029E-1 6.62868E-1 6.75225E-1 6.68085E-1 6.80131E-1 6.74801E-1 6.68479E-1 6.04999E-1 6.88304E-1 6.9616E-1 6.92579E-1 6.91457E-1 6.91818E-1 6.42257E-1 5.67207E-1 5.08003E-1 6.09568E-1 6.71681E-1 6.63527E-1 6.77251E-1 6.8244E-1 6.34548E-1 5.44329E-1 6.25783E-1 6.69402E-1 6.69081E-1 6.43149E-1 6.15066E-1 6.31185E-1 6.42471E-1 6.47011E-1 6.53551E-1 6.79518E-1 6.59848E-1 6.40878E-1 6.30571E-1 6.34561E-1 6.46233E-1 6.4717E-1 6.58923E-1 6.62779E-1 6.66323E-1 6.5266E-1 6.40463E-1 6.49007E-1 6.6262E-1 6.50578E-1 6.39226E-1 6.43096E-1 6.57706E-1 6.50258E-1 6.47602E-1 6.47409E-1 6.46509E-1 6.38091E-1 6.32655E-1 6.29757E-1 6.24799E-1 6.20775E-1 6.18852E-1 6.16732E-1
6.61224E-1 6.49771E-1 6.62583E-1 6.5598E-1 6.6766E-1 6.77835E-1 6.59276E-1 6.54686E-1 6.74485E-1 6.78527E-1 6.3816E-1 6.70582E-1 6.85483E-1 6.13835E-1 5.26828E-1 4.6269E-1 5.85718E-1 6.15779E-1 6.69029E-1 6.78551E-1 6.56264E-1 6.88675E-1 6.61815E-1 5.66846E-1 6.7719E-1 6.60494E-1 6.3487E-1 6.15305E-1 6.24066E-1 6.43303E-1 6.51829E-1 6.63893E-1 6.73282E-1 6.44046E-1 6.20099E-1 6.38128E-1 6.25163E-1 6.32466E-1 6.49543E-1 6.57827E-1 6.52133E-1 6.38218E-1 6.27028E-1 6.24558E-1 6.28311E-1 6.39078E-1 6.33628E-1 6.38599E-1 6.42124E-1 6.51997E-1 6.5597E-1 6.40914E-1 6.28652E-1 6.353E-1 6.32959E-1 6.26254E-1 6.2436E-1 6.24782E-1 6.21713E-1 6.17237E-1 6.15705E-1
6.45048E-1 6.52997E-1 6.88992E-1 6.7493E-1 6.52838E-1 6.51471E-1 6.5487E-1 6.6927E-1 6.50635E-1 6.87368E-1 6.67267E-1 5.85111E-1 6.85344E-1 5.3407E-1 5.49698E-1 4.99151E-1 5.20741E-1 5.48237E-1 6.08869E-1 6.80742E-1 6.45808E-1 6.65186E-1 6.73275E-1 6.35807E-1 6.72253E-1 6.58683E-1 6.59758E-1 6.12237E-1 6.19673E-1 6.4345E-1 6.51729E-1 6.62304E-1 6.81368E-1 6.59621E-1 6.32162E-1 6.44322E-1 6.22814E-1 6.26523E-1 6.25232E-1 6.35635E-1 6.43668E-1 6.11943E-1 6.107E-1 6.35968E-1 6.2922E-1 6.37262E-1 6.3934E-1 6.47876E-1 6.53676E-1 6.52475E-1 6.48707E-1 6.44879E-1 6.37289E-1 6.2606E-1 6.22463E-1 6.2112E-1 6.19657E-1 6.19079E-1 6.1884E-1 6.13983E-1 6.11975E-1
6.34501E-1 6.67986E-1 6.76587E-1 6.8281E-1 6.65269E-1 6.45465E-1 6.61991E-1 6.77191E-1 6.70145E-1 6.6422E-1 6.79781E-1 6.42518E-1 6.8361E-1 6.12169E-1 5.02656E-1 4.54312E-1 5.39498E-1 5.93562E-1 5.77968E-1 5.85823E-1 6.70064E-1 6.81344E-1 6.47766E-1 6.68133E-1 6.50337E-1 6.57025E-1 6.34158E-1 6.16112E-1 6.16285E-1 6.26334E-1 6.48499E-1 6.63863E-1 6.82604E-1 6.87701E-1 6.41923E-1 6.32411E-1 6.38774E-1 6.15941E-1 6.21147E-1 6.22055E-1 6.17286E-1 6.28554E-1 6.18007E-1 6.35689E-1 6.23739E-1 6.1522E-1 6.31161E-1 6.42339E-1 6.46374E-1 6.45668E-1 6.43795E-1 6.37265E-1 6.35676E-1 6.2891E-1 6.19098E-1 6.1623E-1 6.16895E-1 6.14977E-1 6.12477E-1 6.11322E-1 6.08242E-1
6.39116E-1 6.44237E-1 6.44338E-1 6.44975E-1 6.59659E-1 6.50481E-1 6.62862E-1 6.28749E-1 5.61542E-1 6.13465E-1 6.04092E-1 6.71836E-1 6.76384E-1 6.59995E-1 5.40857E-1 4.11216E-1 5.42236E-1 6.58137E-1 6.72847E-1 6.39361E-1 6.92149E-1 6.7394E-1 6.63601E-1 6.34406E-1 6.59636E-1 6.45799E-1 6.22517E-1 6.0726E-1 6.12107E-1 6.26125E-1 6.36493E-1 6.59068E-1 6.82369E-1 6.89844E-1 6.38184E-1 6.10477E-1 6.41704E-1 6.20328E-1 6.13474E-1 6.13387E-1 6.16276E-1 6.22552E-1 6.28469E-1 6.08862E-1 6.19637E-1 6.30463E-1 6.36804E-1 6.38912E-1 6.38612E-1 6.39119E-1 6.36168E-1 6.28861E-1 6.29374E-1 6.15958E-1 6.10635E-1 6.09182E-1 6.1024E-1 6.04057E-1 6.03092E-1 5.98531E-1 6.04272E-1
6.49895E-1 6.46734E-1 6.49007E-1 6.51966E-1 6.82346E-1 6.52071E-1 6.65838E-1 5.92901E-1 4.96032E-1 5.87101E-1 5.55859E-1 6.24031E-1 6.70846E-1 6.31553E-1 5.06044E-1 4.6669E-1 5.15833E-1 6.02244E-1 6.02978E-1 6.41446E-1 6.38879E-1 6.77411E-1 6.4193E-1 6.78673E-1 6.38334E-1 6.31076E-1 6.16925E-1 6.07012E-1 6.10924E-1 6.15364E-1 6.35177E-1 6.56639E-1 6.80212E-1 6.68144E-1 6.69807E-1 6.31797E-1 6.23997E-1 6.14707E-1 6.07992E-1 6.06085E-1 6.21791E-1 6.32964E-1 6.30846E-1 6.04225E-1 6.2112E-1 6.37441E-1 6.31741E-1 6.39453E-1 6.29135E-1 6.29098E-1 6.27466E-1 6.2359E-1 6.21371E-1 6.08111E-1 6.02093E-1 6.00887E-1 5.97802E-1 5.9827E-1 5.97968E-1 5.9519E-1 5.93939E-1
6.48527E-1 6.38656E-1 6.70147E-1 6.7216E-1 6.64101E-1 6.38817E-1 6.51788E-1 6.16409E-1 5.70913E-1 6.17445E-1 6.06705E-1 5.58024E-1 6.21705E-1 5.92551E-1 4.93703E-1 4.86534E-1 5.02247E-1 5.02441E-1 5.87088E-1 6.55053E-1 6.61981E-1 6.48783E-1 6.72294E-1 6.83672E-1 6.68644E-1 6.62468E-1 6.13403E-1 6.10153E-1 6.13562E-1 6.13448E-1 6.37157E-1 6.72952E-1 6.72337E-1 6.74699E-1 6.77732E-1 6.44153E-1 6.09087E-1 6.22059E-1 6.17026E-1 6.20169E-1 6.2738E-1 6.26773E-1 6.13408E-1 5.98422E-1 5.97943E-1 6.22834E-1 6.24425E-1 6.25283E-1 6.21176E-1 6.20423E-1 6.07918E-1 6.11178E-1 6.14037E-1 6.10393E-1 6.03687E-1 6.01665E-1 6.00266E-1 5.96181E-1 5.94153E-1 5.92628E-1 5.91852E-1
6.73743E-1 6.52777E-1 6.56388E-1 6.29987E-1 6.58133E-1 6.35553E-1 6.21211E-1 5.45457E-1 4.68633E-1 6.19612E-1 6.42155E-1 6.45466E-1 5.75717E-1 5.87351E-1 5.05794E-1 5.19422E-1 5.1314E-1 5.50569E-1 6.22372E-1 6.35123E-1 6.25914E-1 6.6753E-1 6.72689E-1 6.63856E-1 6.7044E-1 6.7577E-1 6.26057E-1 6.07136E-1 6.11344E-1 6.1518E-1 6.38542E-1 6.70091E-1 6.81957E-1 6.64158E-1 6.29092E-1 6.45817E-1 6.12344E-1 6.15118E-1 6.08611E-1 6.41046E-1 6.3062E-1 6.35295E-1 6.01978E-1 6.00995E-1 6.01519E-1 6.01252E-1 6.11884E-1 6.14224E-1 6.15634E-1 6.05417E-1 6.00735E-1 6.08106E-1 6.12174E-1 6.12389E-1 6.05935E-1 5.99847E-1 5.94381E-1 5.91893E-1 5.91679E-1 5.89374E-1 5.88786E-1
6.72469E-1 6.39056E-1 6.3385E-1 5.59957E-1 6.1838E-1 6.40975E-1 6.39031E-1 5.70569E-1 5.48082E-1 5.60335E-1 6.34746E-1 6.49918E-1 5.85077E-1 5.73841E-1 4.83269E-1 5.16681E-1 5.46829E-1 5.2294E-1 5.27323E-1 5.25884E-1 5.85646E-1 5.53818E-1 6.74688E-1 6.71931E-1 6.73137E-1 6.45042E-1 6.26144E-1 6.12881E-1 6.08915E-1 6.13466E-1 6.24081E-1 6.58837E-1 6.76605E-1 6.78512E-1 6.33629E-1 6.56653E-1 6.55551E-1 6.03769E-1 6.14231E-1 6.21125E-1 6.23978E-1 6.41853E-1 6.11612E-1 6.02809E-1 5.9752E-1 5.92289E-1 6.09194E-1 6.10105E-1 6.03644E-1 6.01965E-1 6.05546E-1 6.07808E-1 6.06764E-1 6.06113E-1 6.01584E-1 5.94528E-1 5.90342E-1 5.8673E-1 5.84967E-1 5.85241E-1 5.8709E-1
6.2753E-1 6.24901E-1 6.27426E-1 6.31268E-1 5.94511E-1 6.43824E-1 6.31194E-1 6.16234E-1 6.52734E-1 6.21109E-1 6.52228E-1 6.68954E-1 6.6285E-1 6.1884E-1 4.91732E-1 5.32564E-1 5.26293E-1 4.84905E-1 5.62188E-1 5.95705E-1 6.68979E-1 6.68225E-1 6.62524E-1 6.5843E-1 6.69746E-1 6.33046E-1 6.16094E-1 6.03856E-1 6.02687E-1 6.07088E-1 6.28677E-1 6.58262E-1 6.86542E-1 6.49076E-1 6.43587E-1 6.84216E-1 6.62361E-1 6.14759E-1 6.17014E-1 6.12132E-1 6.21946E-1 6.29217E-1 5.98101E-1 5.89913E-1 5.8567E-1 5.89136E-1 6.05553E-1 6.01823E-1 6.01282E-1 5.97093E-1 6.01353E-1 6.0295E-1 6.0133E-1 6.0143E-1 5.99916E-1 5.90134E-1 5.80279E-1 5.7741E-1 5.77795E-1 5.8057E-1 5.81802E-1
6.18918E-1 6.15362E-1 6.21104E-1 6.27321E-1 6.35969E-1 6.29648E-1 6.40428E-1 6.20878E-1 6.48051E-1 6.50284E-1 6.46709E-1 5.43281E-1 5.93837E-1 5.6462E-1 4.22077E-1 5.28617E-1 5.47925E-1 4.73009E-1 5.75766E-1 6.45482E-1 6.45154E-1 6.68573E-1 6.30363E-1 6.67284E-1 6.63557E-1 6.25603E-1 6.09366E-1 6.00138E-1 6.0012E-1 6.07047E-1 6.26041E-1 6.51483E-1 6.74297E-1 6.67798E-1 6.27923E-1 6.58774E-1 6.68714E-1 6.15351E-1 5.9382E-1 6.10838E-1 6.31503E-1 6.23004E-1 5.97557E-1 5.87455E-1 5.90646E-1 5.81328E-1 5.9095E-1 5.93499E-1 6.02448E-1 6.03154E-1 5.95999E-1 5.96322E-1 5.95926E-1 5.94205E-1 5.94765E-1 5.85412E-1 5.73407E-1 5.70275E-1 5.63923E-1 5.67643E-1 5.69725E-1
