Artocarpus heterophyllus SDM files/Last interglacial/results (with bias file)/Arthet_0.asc
ncols         625
nrows         721
xllcorner     69.99986311115
yllcorner     5.99986151914999
cellsize      0.041666667
NODATA_value  -9999
[rows 297 to 323 of 721, columns 122 to 182 of 625]
4.60522E-1 4.57162E-1 4.58523E-1 4.60471E-1 4.62314E-1 4.56032E-1 4.59247E-1 4.59431E-1 4.61215E-1 4.61518E-1 4.59084E-1 4.58721E-1 4.5142E-1 4.56773E-1 4.54746E-1 4.56597E-1 4.50123E-1 4.48182E-1 4.52534E-1 4.54961E-1 4.60288E-1 4.54117E-1 4.50581E-1 4.48652E-1 4.47035E-1 4.37782E-1 4.37575E-1 4.38839E-1 4.5089E-1 4.50067E-1 4.44876E-1 4.42943E-1 4.45735E-1 4.49894E-1 4.54601E-1 4.50202E-1 4.45401E-1 4.42015E-1 4.39444E-1 4.41116E-1 4.46767E-1 4.46113E-1 4.5013E-1 4.47956E-1 4.48633E-1 4.49061E-1 4.53943E-1 4.58399E-1 4.48377E-1 4.39626E-1 4.4565E-1 4.49997E-1 4.52619E-1 4.52598E-1 4.45962E-1 4.42943E-1 4.44216E-1 4.38566E-1 4.38988E-1 4.3953E-1 4.36908E-1
4.61124E-1 4.56946E-1 4.58739E-1 4.60904E-1 4.63732E-1 4.60477E-1 4.6121E-1 4.64861E-1 4.64125E-1 4.62173E-1 4.62896E-1 4.60293E-1 4.57302E-1 4.55176E-1 4.59639E-1 4.58597E-1 4.54493E-1 4.49695E-1 4.51891E-1 4.55176E-1 4.57128E-1 4.58878E-1 4.54493E-1 4.50298E-1 4.49967E-1 4.45768E-1 4.44414E-1 4.41869E-1 4.51104E-1 4.51525E-1 4.49538E-1 4.44391E-1 4.4531E-1 4.4968E-1 4.54161E-1 4.52055E-1 4.52429E-1 4.40222E-1 4.40482E-1 4.46276E-1 4.50792E-1 4.51435E-1 4.5013E-1 4.48667E-1 4.48453E-1 4.49702E-1 4.54087E-1 4.50054E-1 4.47779E-1 4.50988E-1 4.64018E-1 4.5266E-1 4.54722E-1 4.5789E-1 4.44501E-1 4.46683E-1 4.54351E-1 4.52387E-1 4.43567E-1 4.4022E-1 4.36487E-1
4.62643E-1 4.60645E-1 4.67122E-1 4.62946E-1 4.6395E-1 4.61079E-1 4.63922E-1 4.64955E-1 4.67483E-1 4.71452E-1 4.6368E-1 4.64221E-1 4.60392E-1 4.5742E-1 4.60722E-1 4.60064E-1 4.56858E-1 4.54776E-1 4.51631E-1 4.5427E-1 4.55562E-1 4.57943E-1 4.59527E-1 4.57725E-1 4.51805E-1 4.46917E-1 4.43537E-1 4.44414E-1 4.51178E-1 4.57309E-1 4.5338E-1 4.44754E-1 4.46819E-1 4.49252E-1 4.52914E-1 4.54062E-1 4.52429E-1 4.48061E-1 4.44329E-1 4.41347E-1 4.52992E-1 4.52144E-1 4.53236E-1 4.53728E-1 4.50797E-1 4.50797E-1 4.53041E-1 4.48917E-1 4.49837E-1 4.48975E-1 4.57028E-1 4.61306E-1 4.65594E-1 4.64801E-1 4.57055E-1 4.58322E-1 4.55976E-1 4.53835E-1 4.6163E-1 4.47513E-1 4.45528E-1
4.67425E-1 4.70225E-1 4.68908E-1 4.71369E-1 4.72905E-1 4.61679E-1 4.69937E-1 4.7169E-1 4.74112E-1 4.75919E-1 4.73309E-1 4.70895E-1 4.66946E-1 4.61111E-1 4.71539E-1 4.68724E-1 4.68024E-1 4.63118E-1 4.5715E-1 4.55139E-1 4.57936E-1 4.55729E-1 4.66166E-1 4.60337E-1 4.57134E-1 4.51313E-1 4.4932E-1 4.45929E-1 4.50322E-1 4.57309E-1 4.54024E-1 4.53725E-1 4.53144E-1 4.57185E-1 4.52699E-1 4.54922E-1 4.52429E-1 4.49571E-1 4.47202E-1 4.52497E-1 4.52218E-1 4.59876E-1 4.64605E-1 4.54588E-1 4.51225E-1 4.55033E-1 4.58332E-1 4.51612E-1 4.52764E-1 4.56337E-1 4.57266E-1 4.60382E-1 4.59201E-1 4.6319E-1 4.61744E-1 4.56118E-1 4.52312E-1 4.51883E-1 4.55608E-1 4.56006E-1 4.46515E-1
4.68781E-1 4.68867E-1 4.70711E-1 4.71807E-1 4.7405E-1 4.70076E-1 4.71866E-1 4.72647E-1 4.74112E-1 4.76139E-1 4.73969E-1 4.74313E-1 4.72937E-1 4.73037E-1 4.74943E-1 4.7744E-1 4.67953E-1 4.6239E-1 4.62825E-1 4.61254E-1 4.6012E-1 4.63214E-1 4.64519E-1 4.66982E-1 4.66204E-1 4.53188E-1 4.55545E-1 4.49413E-1 4.50269E-1 4.56476E-1 4.57956E-1 4.5192E-1 4.53788E-1 4.5551E-1 4.60293E-1 4.58109E-1 4.58364E-1 4.53246E-1 4.5192E-1 4.55896E-1 4.55185E-1 4.60309E-1 4.62125E-1 4.65043E-1 4.59197E-1 4.56216E-1 4.58952E-1 4.57809E-1 4.613E-1 4.64404E-1 4.62052E-1 4.63888E-1 4.63075E-1 4.64492E-1 4.55794E-1 4.53678E-1 4.48833E-1 4.49401E-1 4.53742E-1 4.53666E-1 4.48771E-1
4.68781E-1 4.67425E-1 4.71369E-1 4.74441E-1 4.73561E-1 4.72578E-1 4.74408E-1 4.76089E-1 4.7688E-1 4.76311E-1 4.74298E-1 4.74262E-1 4.72647E-1 4.74283E-1 4.77881E-1 4.77591E-1 4.75791E-1 4.71106E-1 4.66102E-1 4.62766E-1 4.61037E-1 4.6077E-1 4.64519E-1 4.64672E-1 4.64069E-1 4.63688E-1 4.59177E-1 4.60429E-1 4.59838E-1 4.64682E-1 4.55967E-1 4.52852E-1 4.53788E-1 4.56587E-1 4.62684E-1 4.56764E-1 4.55687E-1 4.55041E-1 4.56075E-1 4.62356E-1 4.5862E-1 4.60742E-1 4.64823E-1 4.62619E-1 4.56863E-1 4.54244E-1 4.55723E-1 4.58776E-1 4.6455E-1 4.64975E-1 4.71681E-1 4.72077E-1 4.65732E-1 4.68883E-1 4.59628E-1 4.54266E-1 4.52215E-1 4.50395E-1 4.5294E-1 4.50664E-1 4.46186E-1
4.70521E-1 4.71736E-1 4.73122E-1 4.77193E-1 4.75697E-1 4.82118E-1 4.74628E-1 4.77464E-1 4.78913E-1 4.76752E-1 4.75665E-1 4.74702E-1 4.73525E-1 4.81995E-1 4.87067E-1 4.84934E-1 4.78775E-1 4.78369E-1 4.7116E-1 4.65823E-1 4.64247E-1 4.62075E-1 4.64248E-1 4.69379E-1 4.6701E-1 4.63905E-1 4.5777E-1 4.63319E-1 4.60909E-1 4.649E-1 4.66562E-1 4.52637E-1 4.57915E-1 4.58388E-1 4.63119E-1 4.58993E-1 4.55471E-1 4.55471E-1 4.53404E-1 4.58017E-1 4.62531E-1 4.62965E-1 4.7194E-1 4.6126E-1 4.57218E-1 4.64217E-1 4.64041E-1 4.63463E-1 4.65639E-1 4.67146E-1 4.70297E-1 4.74187E-1 4.76778E-1 4.68008E-1 4.62783E-1 4.55738E-1 4.61688E-1 4.65777E-1 4.58821E-1 4.49417E-1 4.5411E-1
4.72782E-1 4.72833E-1 4.75582E-1 4.82115E-1 4.83819E-1 4.75748E-1 4.82425E-1 4.80933E-1 4.85121E-1 4.8631E-1 4.83752E-1 4.85644E-1 4.83773E-1 4.84164E-1 4.81281E-1 4.84715E-1 4.80576E-1 4.80027E-1 4.79096E-1 4.77046E-1 4.72289E-1 4.71231E-1 4.71195E-1 4.75929E-1 4.71483E-1 4.65665E-1 4.67144E-1 4.64E-1 4.67571E-1 4.63594E-1 4.67872E-1 4.61023E-1 4.60935E-1 4.65138E-1 4.70655E-1 4.67898E-1 4.57549E-1 4.6247E-1 4.56746E-1 4.60162E-1 4.65098E-1 4.69484E-1 4.72379E-1 4.64861E-1 4.64134E-1 4.64942E-1 4.71518E-1 4.64622E-1 4.71588E-1 4.76574E-1 4.81224E-1 4.76876E-1 4.76116E-1 4.69196E-1 4.66618E-1 4.61966E-1 4.66184E-1 4.68365E-1 4.65709E-1 4.64341E-1 4.69327E-1
4.76884E-1 4.76443E-1 4.74353E-1 4.81837E-1 4.79792E-1 4.79337E-1 4.82446E-1 4.82531E-1 4.86842E-1 4.86281E-1 4.88733E-1 4.86382E-1 4.86587E-1 4.87328E-1 4.83001E-1 4.84393E-1 4.85552E-1 4.855E-1 4.83479E-1 4.82242E-1 4.78061E-1 4.73986E-1 4.72821E-1 4.75708E-1 4.77022E-1 4.71259E-1 4.72341E-1 4.66646E-1 4.77538E-1 4.66916E-1 4.66916E-1 4.59655E-1 4.62746E-1 4.65733E-1 4.68858E-1 4.68842E-1 4.64172E-1 4.6247E-1 4.6492E-1 4.7162E-1 4.67515E-1 4.76258E-1 4.73822E-1 4.67768E-1 4.67403E-1 4.65882E-1 4.72615E-1 4.74258E-1 4.76077E-1 4.75779E-1 4.7622E-1 4.8364E-1 4.8346E-1 4.73487E-1 4.71554E-1 4.6357E-1 4.63282E-1 4.68775E-1 4.7113E-1 4.70761E-1 4.61301E-1
4.83867E-1 4.81986E-1 4.85507E-1 4.84543E-1 4.8145E-1 4.82393E-1 4.84871E-1 4.80307E-1 4.84232E-1 4.85789E-1 4.89179E-1 4.87496E-1 4.87064E-1 4.8822E-1 4.84982E-1 4.83445E-1 4.84292E-1 4.82707E-1 4.83763E-1 4.87877E-1 4.84545E-1 4.80328E-1 4.7186E-1 4.74988E-1 4.78191E-1 4.76867E-1 4.73646E-1 4.69945E-1 4.74832E-1 4.76056E-1 4.71529E-1 4.67273E-1 4.69408E-1 4.67547E-1 4.6864E-1 4.70657E-1 4.67379E-1 4.63615E-1 4.65356E-1 4.73147E-1 4.76258E-1 4.76637E-1 4.80564E-1 4.74908E-1 4.741E-1 4.68128E-1 4.73344E-1 4.7718E-1 4.7718E-1 4.80725E-1 4.77409E-1 4.83432E-1 4.7984E-1 4.7745E-1 4.79735E-1 4.68577E-1 4.67657E-1 4.68404E-1 4.59627E-1 4.7151E-1 4.68612E-1
4.81744E-1 4.83115E-1 4.83573E-1 4.84886E-1 4.80536E-1 4.82745E-1 4.81974E-1 4.80528E-1 4.84899E-1 4.91717E-1 4.8851E-1 4.89711E-1 4.92334E-1 4.92165E-1 4.87885E-1 4.89546E-1 4.89749E-1 4.84329E-1 4.85365E-1 4.89276E-1 4.83278E-1 4.80549E-1 4.80127E-1 4.81012E-1 4.75587E-1 4.85121E-1 4.76581E-1 4.73427E-1 4.73293E-1 4.82288E-1 4.75815E-1 4.67055E-1 4.66915E-1 4.73645E-1 4.77111E-1 4.74669E-1 4.71829E-1 4.70941E-1 4.70338E-1 4.72937E-1 4.76258E-1 4.7714E-1 4.80343E-1 4.7454E-1 4.77786E-1 4.75931E-1 4.81604E-1 4.78647E-1 4.79584E-1 4.83727E-1 4.82612E-1 4.7819E-1 4.77969E-1 4.75509E-1 4.80399E-1 4.77195E-1 4.64741E-1 4.65648E-1 4.62474E-1 4.61311E-1 4.61745E-1
4.78758E-1 4.79683E-1 4.88507E-1 4.91345E-1 4.82835E-1 4.84426E-1 4.82731E-1 4.9064E-1 4.91345E-1 4.93506E-1 4.94453E-1 4.93967E-1 4.94868E-1 4.94692E-1 4.94498E-1 4.91972E-1 4.9109E-1 4.91143E-1 4.94551E-1 4.93395E-1 4.89774E-1 4.88434E-1 4.81209E-1 4.8414E-1 4.83853E-1 4.78191E-1 4.86791E-1 4.86058E-1 4.76929E-1 4.75407E-1 4.7419E-1 4.70188E-1 4.70941E-1 4.77567E-1 4.79432E-1 4.74956E-1 4.72487E-1 4.75362E-1 4.76464E-1 4.83462E-1 4.84288E-1 4.85291E-1 4.77632E-1 4.78007E-1 4.79996E-1 4.81621E-1 4.82065E-1 4.82853E-1 4.85921E-1 4.91344E-1 4.8816E-1 4.8268E-1 4.90429E-1 4.84665E-1 4.82805E-1 4.75249E-1 4.66315E-1 4.65891E-1 4.63675E-1 4.61663E-1 4.60677E-1
4.7882E-1 4.87872E-1 4.88026E-1 4.89959E-1 4.87825E-1 4.87231E-1 4.89641E-1 4.88708E-1 4.89877E-1 4.90674E-1 4.93955E-1 4.92581E-1 4.93399E-1 4.94692E-1 4.94498E-1 4.89769E-1 4.90583E-1 4.92433E-1 4.94042E-1 4.94876E-1 4.92947E-1 4.90444E-1 4.82545E-1 4.81607E-1 4.859E-1 4.86568E-1 4.86123E-1 4.86948E-1 4.83692E-1 4.77837E-1 4.72072E-1 4.71888E-1 4.74965E-1 4.80062E-1 4.76251E-1 4.75461E-1 4.76615E-1 4.77851E-1 4.78956E-1 4.84128E-1 4.85521E-1 4.84179E-1 4.85579E-1 4.87508E-1 4.81229E-1 4.89585E-1 4.87683E-1 4.951E-1 4.87902E-1 4.86798E-1 4.84795E-1 4.85685E-1 4.90876E-1 4.83828E-1 4.83517E-1 4.68697E-1 4.70211E-1 4.70984E-1 4.71778E-1 4.74946E-1 4.63021E-1
4.75392E-1 4.84377E-1 4.87803E-1 4.85824E-1 4.87602E-1 4.87506E-1 4.87506E-1 4.86574E-1 4.89086E-1 4.87984E-1 4.90622E-1 4.93967E-1 4.93399E-1 4.94296E-1 4.91621E-1 4.89411E-1 4.88876E-1 4.88616E-1 4.89562E-1 4.92964E-1 4.95024E-1 4.91713E-1 4.91244E-1 4.8414E-1 4.86715E-1 4.86791E-1 4.90638E-1 4.8376E-1 4.82583E-1 4.80341E-1 4.77699E-1 4.79722E-1 4.82976E-1 4.86847E-1 4.85324E-1 4.83895E-1 4.81287E-1 4.8324E-1 4.80904E-1 4.85743E-1 4.84346E-1 4.85134E-1 4.91101E-1 4.884E-1 4.87353E-1 4.93842E-1 4.94519E-1 5.01402E-1 4.99526E-1 4.94991E-1 4.94394E-1 4.88897E-1 4.85671E-1 4.88432E-1 4.86551E-1 4.65414E-1 4.65191E-1 4.67348E-1 4.73178E-1 4.75329E-1 4.81607E-1
4.80556E-1 4.83E-1 4.8504E-1 4.85874E-1 4.85336E-1 4.84891E-1 4.84725E-1 4.87952E-1 4.88862E-1 4.89587E-1 4.90791E-1 4.9756E-1 4.91015E-1 4.94521E-1 4.91542E-1 4.92876E-1 4.86694E-1 4.95654E-1 4.96682E-1 4.89276E-1 4.99391E-1 4.92384E-1 4.93035E-1 4.85959E-1 4.91573E-1 4.92693E-1 4.90654E-1 4.81696E-1 4.83343E-1 4.79908E-1 4.79722E-1 4.87762E-1 4.87317E-1 4.87156E-1 4.8509E-1 4.84427E-1 4.89926E-1 4.94413E-1 4.91E-1 4.83742E-1 4.85013E-1 4.91895E-1 4.91772E-1 4.88245E-1 4.90755E-1 4.93617E-1 4.9879E-1 4.98655E-1 4.95574E-1 4.96249E-1 5.00587E-1 4.96333E-1 4.92858E-1 4.97694E-1 4.93848E-1 4.66068E-1 4.65627E-1 4.68504E-1 4.71E-1 4.73877E-1 4.78024E-1
4.83093E-1 4.81401E-1 4.80709E-1 4.83623E-1 4.84E-1 4.82101E-1 4.91095E-1 4.87952E-1 4.9664E-1 4.93561E-1 4.90428E-1 4.97727E-1 4.98981E-1 4.97422E-1 5.00392E-1 4.96933E-1 4.95067E-1 4.93524E-1 4.96848E-1 4.94999E-1 4.98863E-1 5.01011E-1 4.99089E-1 4.98188E-1 4.97905E-1 5.01558E-1 4.89019E-1 4.87197E-1 4.87462E-1 4.82001E-1 4.84056E-1 4.86814E-1 4.90781E-1 4.88196E-1 4.85598E-1 4.89926E-1 4.92215E-1 4.94126E-1 4.89819E-1 4.93633E-1 4.95653E-1 4.96327E-1 4.97386E-1 4.95587E-1 4.97386E-1 4.94947E-1 4.95171E-1 4.94129E-1 4.90643E-1 4.92335E-1 4.96426E-1 4.96286E-1 4.91691E-1 4.93636E-1 4.95167E-1 4.92725E-1 4.75674E-1 4.72445E-1 4.7482E-1 4.76841E-1 4.75561E-1
4.83072E-1 4.82134E-1 4.8432E-1 4.83941E-1 4.77485E-1 4.81826E-1 4.84137E-1 4.90244E-1 4.93989E-1 4.96213E-1 4.94682E-1 4.95144E-1 4.96153E-1 4.98589E-1 4.97952E-1 4.96426E-1 4.92508E-1 4.91394E-1 4.93921E-1 4.91929E-1 4.93336E-1 4.98638E-1 5.00277E-1 5.01339E-1 4.97167E-1 4.95043E-1 4.95071E-1 4.88154E-1 4.88544E-1 4.9027E-1 4.88945E-1 4.93703E-1 4.98087E-1 4.9494E-1 4.9863E-1 4.95613E-1 4.93184E-1 4.91661E-1 4.92833E-1 4.95043E-1 4.96888E-1 5.00932E-1 5.02505E-1 4.97208E-1 5.03884E-1 5.02124E-1 5.0308E-1 4.99427E-1 4.98976E-1 4.96977E-1 4.99426E-1 4.99534E-1 4.90375E-1 4.90746E-1 4.82461E-1 4.89993E-1 4.94169E-1 4.83129E-1 4.7482E-1 4.78229E-1 4.77025E-1
4.84987E-1 4.95349E-1 4.91213E-1 4.85436E-1 4.84291E-1 4.87954E-1 4.88624E-1 4.89688E-1 4.92813E-1 4.93616E-1 4.96585E-1 4.96078E-1 4.95628E-1 4.95479E-1 4.96602E-1 4.94514E-1 4.94561E-1 4.92508E-1 4.93249E-1 4.94476E-1 4.91448E-1 4.9529E-1 4.97538E-1 5.02196E-1 4.94891E-1 4.93612E-1 4.94485E-1 4.89936E-1 4.94591E-1 4.90046E-1 4.91015E-1 4.95157E-1 5.02687E-1 4.96845E-1 4.97745E-1 5.01739E-1 4.99785E-1 4.97162E-1 4.95764E-1 5.05491E-1 4.96044E-1 5.04743E-1 5.03087E-1 5.05963E-1 5.0619E-1 5.05897E-1 5.02461E-1 5.02094E-1 5.01005E-1 5.00989E-1 4.99736E-1 4.91851E-1 4.94214E-1 4.9502E-1 4.94795E-1 4.89036E-1 4.88618E-1 5.08618E-1 4.97188E-1 4.82464E-1 4.91259E-1
4.91426E-1 4.98104E-1 4.94566E-1 4.91652E-1 4.87067E-1 4.9127E-1 4.91782E-1 4.90834E-1 4.87902E-1 4.9142E-1 4.94438E-1 4.96585E-1 4.95055E-1 4.96637E-1 5.02422E-1 4.97202E-1 4.92693E-1 4.94629E-1 4.92761E-1 4.97326E-1 4.95475E-1 4.94448E-1 5.00107E-1 5.04498E-1 4.99077E-1 4.95396E-1 4.91711E-1 4.94075E-1 4.94357E-1 4.87088E-1 4.9381E-1 5.00911E-1 5.04939E-1 5.07245E-1 5.07301E-1 5.03701E-1 5.00954E-1 4.9722E-1 5.01458E-1 5.06094E-1 5.04282E-1 5.06548E-1 5.08512E-1 5.10688E-1 5.16009E-1 5.12021E-1 5.08653E-1 5.07697E-1 4.98317E-1 5.01177E-1 4.97928E-1 4.92446E-1 5.04202E-1 5.09503E-1 4.88156E-1 4.90029E-1 4.85476E-1 5.05666E-1 4.98242E-1 4.99555E-1 5.00696E-1
4.93028E-1 4.99253E-1 4.9394E-1 4.91699E-1 4.87336E-1 4.91027E-1 4.89521E-1 4.90439E-1 4.90726E-1 4.93348E-1 4.94339E-1 4.93423E-1 4.99561E-1 4.98273E-1 5.0387E-1 4.9579E-1 5.00786E-1 4.90472E-1 4.987E-1 4.90025E-1 4.93399E-1 5.00594E-1 5.0223E-1 5.08193E-1 5.08163E-1 5.0855E-1 5.0144E-1 4.99207E-1 4.99658E-1 4.90546E-1 5.06628E-1 5.02484E-1 5.02992E-1 5.12044E-1 5.13737E-1 5.11229E-1 4.9968E-1 4.99287E-1 5.01232E-1 5.05118E-1 5.10467E-1 5.07962E-1 4.97916E-1 5.02657E-1 5.07495E-1 5.05558E-1 5.02864E-1 5.06614E-1 5.10644E-1 4.92934E-1 4.96228E-1 4.95609E-1 5.02721E-1 5.09422E-1 4.90885E-1 4.85836E-1 4.97967E-1 5.06259E-1 5.02295E-1 4.94677E-1 5.00001E-1
4.93286E-1 4.98878E-1 4.96696E-1 4.94894E-1 4.9499E-1 4.91698E-1 4.90214E-1 4.89818E-1 4.88673E-1 4.9167E-1 4.94837E-1 4.92923E-1 4.99393E-1 4.97759E-1 4.99061E-1 5.02565E-1 4.96785E-1 4.96848E-1 4.98025E-1 4.94124E-1 4.99442E-1 4.99144E-1 4.99878E-1 5.01513E-1 5.03321E-1 5.08412E-1 5.14778E-1 5.05487E-1 5.00227E-1 4.98122E-1 5.02731E-1 5.07082E-1 5.13868E-1 5.17765E-1 5.12892E-1 5.05866E-1 5.06307E-1 5.05537E-1 5.01883E-1 5.03042E-1 5.0676E-1 4.95619E-1 4.99346E-1 5.04438E-1 5.00018E-1 5.02393E-1 5.04661E-1 5.01361E-1 5.09191E-1 4.96258E-1 4.94015E-1 4.91157E-1 4.95529E-1 5.06974E-1 4.82003E-1 4.86112E-1 4.94838E-1 4.92579E-1 4.94092E-1 4.94882E-1 5.08192E-1
4.92614E-1 4.96605E-1 4.96471E-1 4.92191E-1 4.94265E-1 4.91199E-1 4.91603E-1 4.93675E-1 4.94348E-1 4.94618E-1 4.98694E-1 5.00922E-1 5.00818E-1 4.97257E-1 4.97422E-1 4.99674E-1 4.99408E-1 4.97771E-1 4.9505E-1 4.96966E-1 4.9875E-1 4.98316E-1 4.97E-1 5.00836E-1 5.04708E-1 5.07905E-1 5.0849E-1 5.0506E-1 5.01893E-1 5.01259E-1 4.98123E-1 5.03156E-1 5.05349E-1 5.14552E-1 5.01926E-1 5.05865E-1 4.99869E-1 4.95848E-1 5.00187E-1 4.91495E-1 4.96108E-1 4.94068E-1 4.96393E-1 4.99362E-1 4.93816E-1 4.98231E-1 5.03819E-1 4.99932E-1 5.05188E-1 4.99898E-1 4.92239E-1 4.96711E-1 4.9716E-1 4.9467E-1 4.91958E-1 4.91576E-1 4.91699E-1 5.09841E-1 5.06066E-1 4.81213E-1 4.74294E-1
5.02242E-1 5.03217E-1 4.94674E-1 5.00733E-1 5.02088E-1 4.94898E-1 4.99432E-1 4.95269E-1 4.95942E-1 4.95994E-1 4.97568E-1 5.00746E-1 4.98142E-1 4.992E-1 4.96471E-1 4.95998E-1 4.99466E-1 4.974E-1 4.97439E-1 4.99241E-1 4.9785E-1 4.99303E-1 4.9883E-1 5.01542E-1 5.02898E-1 5.0801E-1 5.12707E-1 5.13453E-1 5.04732E-1 5.05742E-1 4.98107E-1 5.03423E-1 5.09675E-1 5.14196E-1 5.02287E-1 4.94267E-1 4.91818E-1 4.87093E-1 4.92565E-1 4.91179E-1 5.0266E-1 4.9087E-1 4.93065E-1 5.0131E-1 4.94207E-1 5.03661E-1 5.00745E-1 4.97702E-1 4.93807E-1 4.97097E-1 4.96198E-1 4.97772E-1 4.91477E-1 4.89563E-1 4.91701E-1 4.94221E-1 4.93835E-1 4.95345E-1 4.93247E-1 4.81108E-1 4.79807E-1
5.02168E-1 5.01635E-1 5.0237E-1 5.00468E-1 5.01596E-1 5.01103E-1 4.98803E-1 4.97388E-1 4.93417E-1 4.98097E-1 4.94572E-1 4.97066E-1 5.00295E-1 4.99961E-1 4.98524E-1 4.96523E-1 4.98005E-1 4.95315E-1 5.02957E-1 5.04315E-1 5.03388E-1 5.0454E-1 5.03003E-1 4.99703E-1 5.08971E-1 5.08942E-1 5.19651E-1 5.17083E-1 5.12244E-1 5.10928E-1 5.08795E-1 5.08958E-1 5.10421E-1 5.12978E-1 5.11222E-1 4.9397E-1 4.91122E-1 4.93701E-1 4.88307E-1 4.94009E-1 4.93508E-1 4.9442E-1 4.98197E-1 5.0097E-1 4.9792E-1 5.01281E-1 5.04028E-1 5.03575E-1 4.99939E-1 4.98236E-1 4.98461E-1 4.99519E-1 4.96565E-1 4.95962E-1 4.95962E-1 4.96187E-1 4.96221E-1 4.84491E-1 4.90341E-1 4.86379E-1 4.86379E-1
4.99882E-1 4.99885E-1 5.00157E-1 5.01184E-1 5.013E-1 4.99128E-1 4.99028E-1 4.99028E-1 4.95102E-1 4.92521E-1 4.93722E-1 5.03783E-1 4.99382E-1 5.06424E-1 4.98045E-1 4.9744E-1 5.07057E-1 5.06365E-1 5.0506E-1 5.08502E-1 5.09157E-1 5.06364E-1 5.06683E-1 5.0598E-1 5.08129E-1 5.10065E-1 5.14652E-1 5.17735E-1 5.19813E-1 5.13207E-1 5.15346E-1 5.09243E-1 5.06277E-1 5.00272E-1 4.96667E-1 4.99859E-1 4.91254E-1 4.88255E-1 4.87971E-1 4.93672E-1 4.93343E-1 4.93758E-1 4.94255E-1 4.98654E-1 4.98535E-1 5.06201E-1 5.01867E-1 5.02283E-1 5.01832E-1 4.98168E-1 4.9653E-1 5.0154E-1 4.9634E-1 4.95817E-1 4.98808E-1 4.95666E-1 4.93278E-1 4.91012E-1 4.90788E-1 4.90376E-1 4.9404E-1
5.01727E-1 5.01973E-1 5.02688E-1 5.00974E-1 5.00748E-1 5.00974E-1 4.99128E-1 4.97541E-1 4.96297E-1 4.95651E-1 4.92344E-1 5.03827E-1 5.06109E-1 5.05792E-1 5.0596E-1 5.01396E-1 5.08145E-1 5.1007E-1 5.10768E-1 5.08949E-1 5.05892E-1 5.06618E-1 5.06375E-1 5.0688E-1 5.08534E-1 5.05964E-1 5.06239E-1 5.18187E-1 5.23057E-1 5.23212E-1 5.2028E-1 5.04838E-1 4.95215E-1 4.92812E-1 4.92415E-1 4.94737E-1 4.89316E-1 4.94308E-1 4.89797E-1 4.91586E-1 4.9238E-1 4.93905E-1 4.99428E-1 4.96558E-1 5.05885E-1 5.06033E-1 5.08336E-1 5.06112E-1 5.07393E-1 5.04233E-1 5.05606E-1 5.03924E-1 5.03317E-1 5.03924E-1 5.00004E-1 5.00078E-1 4.97679E-1 4.96779E-1 5.03962E-1 4.93367E-1 4.93815E-1
5.06385E-1 5.0343E-1 5.05468E-1 5.06525E-1 5.05091E-1 5.08965E-1 5.05101E-1 5.01609E-1 4.98858E-1 4.99836E-1 5.02584E-1 5.01527E-1 5.03109E-1 5.0561E-1 5.05207E-1 5.06425E-1 5.04216E-1 5.08025E-1 5.09858E-1 5.08099E-1 5.04397E-1 5.02118E-1 5.13145E-1 5.04008E-1 5.00586E-1 4.98129E-1 4.94666E-1 4.97182E-1 5.07907E-1 5.2208E-1 5.13263E-1 5.08059E-1 5.03266E-1 4.93434E-1 5.02574E-1 4.99702E-1 4.96667E-1 4.94757E-1 4.92946E-1 4.95174E-1 4.96022E-1 5.01458E-1 4.99653E-1 5.02998E-1 5.03847E-1 5.05353E-1 5.06713E-1 5.08138E-1 5.05736E-1 5.03516E-1 5.06353E-1 5.0377E-1 5.01137E-1 5.0046E-1 5.02589E-1 5.03196E-1 5.03735E-1 4.98311E-1 5.00465E-1 5.00239E-1 5.02356E-1
