Artocarpus heterophyllus SDM files/Last interglacial/results (with bias file)/Arthet_5.asc
ncols         625
nrows         721
xllcorner     69.99986311115
yllcorner     5.99986151914999
cellsize      0.041666667
NODATA_value  -9999
[rows 54 to 80 of 721, columns 183 to 243 of 625]
1.28893E-2 1.42693E-2 1.69166E-2 1.7834E-2 1.99353E-2 1.83619E-2 2.0913E-2 2.0948E-2 1.6216E-2 1.43725E-2 1.36105E-2 1.0865E-2 8.44702E-3 7.81136E-3 8.002E-3 9.02893E-3 9.62825E-3 1.00855E-2 1.30717E-2 1.0064E-2 7.32156E-3 6.11143E-3 9.5501E-3 1.36408E-2 1.53952E-2 1.39467E-2 1.25153E-2 1.03955E-2 1.01566E-2 1.16475E-2 9.39573E-3 9.45401E-3 1.28072E-2 1.2656E-2 1.17561E-2 1.23645E-2 1.04401E-2 1.23347E-2 1.07039E-2 1.07495E-2 9.98607E-3 7.9284E-3 8.79814E-3 9.77222E-3 1.16898E-2 1.26413E-2 1.0996E-2 9.20059E-3 8.10922E-3 7.49578E-3 6.61661E-3 6.23714E-3 5.96186E-3 5.46972E-3 7.00076E-3 8.28755E-3 9.56903E-3 9.14199E-3 8.98051E-3 7.86143E-3 6.40625E-3
1.28798E-2 1.65016E-2 1.70234E-2 2.20041E-2 1.69743E-2 1.59227E-2 2.02085E-2 1.90793E-2 2.00828E-2 1.45938E-2 1.03551E-2 1.05896E-2 9.74063E-3 8.19098E-3 8.75803E-3 7.42856E-3 7.99949E-3 8.48038E-3 1.05599E-2 1.17412E-2 8.23424E-3 5.45303E-3 6.46832E-3 1.11411E-2 1.5256E-2 1.52576E-2 1.52498E-2 1.35625E-2 1.4691E-2 1.46176E-2 1.43305E-2 1.38484E-2 1.37561E-2 1.28302E-2 1.18432E-2 1.26779E-2 1.3792E-2 1.26618E-2 1.20101E-2 1.30449E-2 1.27342E-2 1.21699E-2 1.29047E-2 1.19725E-2 1.25079E-2 1.27258E-2 1.24668E-2 1.05075E-2 9.25909E-3 9.16973E-3 7.54365E-3 7.33293E-3 7.33382E-3 7.71045E-3 6.80859E-3 7.39742E-3 9.48925E-3 9.18218E-3 7.88169E-3 8.86099E-3 9.16523E-3
1.42092E-2 1.76912E-2 1.90484E-2 1.77882E-2 1.71508E-2 1.13083E-2 1.29511E-2 1.75065E-2 2.03322E-2 1.65407E-2 1.15821E-2 1.07723E-2 9.1539E-3 9.51059E-3 8.63136E-3 7.82665E-3 8.16027E-3 8.85579E-3 7.7731E-3 9.83643E-3 1.10245E-2 8.53013E-3 6.88791E-3 9.28643E-3 1.44428E-2 1.42548E-2 1.50768E-2 1.48021E-2 1.30119E-2 1.41028E-2 1.29116E-2 1.39066E-2 1.12499E-2 8.65052E-3 6.66771E-3 8.47322E-3 9.88291E-3 9.11635E-3 9.23973E-3 1.25782E-2 1.10961E-2 1.09919E-2 1.29594E-2 1.06492E-2 9.63996E-3 1.00131E-2 1.20186E-2 1.29267E-2 1.16258E-2 1.096E-2 9.03426E-3 6.42052E-3 8.48937E-3 7.42466E-3 1.08551E-2 1.08509E-2 1.156E-2 9.69339E-3 1.07659E-2 1.1015E-2 1.02161E-2
1.29808E-2 1.67713E-2 1.80204E-2 1.83135E-2 1.62004E-2 1.19997E-2 1.05609E-2 1.25561E-2 1.6893E-2 2.10766E-2 1.97282E-2 1.62494E-2 1.32263E-2 1.07623E-2 9.49568E-3 8.30254E-3 8.06855E-3 7.57537E-3 7.22774E-3 7.97461E-3 8.81255E-3 1.03296E-2 9.3222E-3 8.60302E-3 1.31468E-2 1.34494E-2 1.25134E-2 1.16108E-2 1.03615E-2 1.02698E-2 9.19013E-3 1.09347E-2 1.17811E-2 9.70419E-3 7.90361E-3 6.88941E-3 7.9707E-3 8.55418E-3 1.00574E-2 1.2059E-2 1.02967E-2 9.84432E-3 1.24874E-2 1.13428E-2 9.53447E-3 9.31301E-3 1.07688E-2 1.12222E-2 1.31708E-2 1.29588E-2 1.19075E-2 1.08502E-2 1.15547E-2 1.15801E-2 1.06663E-2 8.36924E-3 8.80383E-3 1.02662E-2 8.13618E-3 7.06937E-3 7.37368E-3
1.29535E-2 1.462E-2 1.77382E-2 1.91586E-2 1.82875E-2 1.57285E-2 1.29512E-2 1.05984E-2 1.31759E-2 1.35002E-2 1.77268E-2 1.67161E-2 1.20581E-2 1.0721E-2 9.19894E-3 9.17045E-3 8.88857E-3 7.69836E-3 7.56514E-3 7.48554E-3 8.50245E-3 9.33908E-3 1.01117E-2 1.34022E-2 1.47464E-2 1.53533E-2 1.27089E-2 1.13383E-2 1.28751E-2 1.09778E-2 8.40309E-3 9.45981E-3 8.76025E-3 8.41569E-3 8.57583E-3 7.93232E-3 7.63033E-3 8.78961E-3 1.06902E-2 1.10059E-2 1.02459E-2 1.04765E-2 1.23966E-2 1.19392E-2 1.15786E-2 9.98935E-3 1.02586E-2 1.1807E-2 1.29986E-2 1.35767E-2 1.35411E-2 1.36419E-2 1.34985E-2 1.11251E-2 9.28781E-3 9.24766E-3 8.63404E-3 8.20962E-3 8.45551E-3 8.69315E-3 1.01939E-2
1.20669E-2 1.31397E-2 1.55162E-2 1.58708E-2 1.65701E-2 1.59661E-2 1.36339E-2 1.11549E-2 1.34384E-2 1.62234E-2 1.60512E-2 1.82829E-2 1.90298E-2 1.27955E-2 1.10645E-2 9.54254E-3 8.13574E-3 7.87431E-3 8.14292E-3 8.63457E-3 7.88132E-3 7.97252E-3 8.98522E-3 1.16873E-2 1.41372E-2 1.50662E-2 1.49829E-2 1.52392E-2 1.50419E-2 1.3426E-2 8.45951E-3 1.21732E-2 1.26309E-2 1.20605E-2 1.01039E-2 1.14969E-2 9.44556E-3 8.21018E-3 7.55776E-3 8.98018E-3 9.64847E-3 1.08689E-2 1.07809E-2 9.71739E-3 1.11786E-2 1.03528E-2 1.11736E-2 1.2494E-2 1.32751E-2 1.37358E-2 1.41483E-2 1.39143E-2 1.36667E-2 1.3761E-2 1.35915E-2 1.32469E-2 1.28107E-2 1.31743E-2 1.30037E-2 1.275E-2 1.24402E-2
1.21781E-2 1.20432E-2 1.34336E-2 1.45218E-2 1.35945E-2 1.37254E-2 1.38648E-2 1.37412E-2 1.43613E-2 1.32023E-2 1.22014E-2 1.34365E-2 1.77513E-2 1.51221E-2 1.00072E-2 8.53105E-3 9.04123E-3 8.0923E-3 7.86007E-3 7.58706E-3 7.91999E-3 8.76649E-3 9.13741E-3 1.12277E-2 1.10276E-2 1.14615E-2 1.47937E-2 1.22829E-2 1.1676E-2 1.4882E-2 1.50643E-2 1.49147E-2 1.4875E-2 1.45885E-2 1.39841E-2 1.26882E-2 1.19267E-2 9.92864E-3 8.31314E-3 7.10154E-3 8.81548E-3 9.57672E-3 7.96045E-3 8.43431E-3 9.4152E-3 1.03394E-2 1.13884E-2 1.2077E-2 1.26038E-2 1.28967E-2 1.40387E-2 1.39853E-2 1.39466E-2 1.41619E-2 1.38086E-2 1.27948E-2 1.2234E-2 1.13054E-2 1.08726E-2 1.20555E-2 1.2257E-2
1.27737E-2 1.34443E-2 1.35764E-2 1.3906E-2 1.5848E-2 1.41107E-2 1.29506E-2 1.34087E-2 1.37812E-2 1.2919E-2 1.40539E-2 1.6415E-2 2.02956E-2 1.3781E-2 1.15216E-2 1.16424E-2 9.43146E-3 8.43891E-3 8.34221E-3 9.02728E-3 8.40084E-3 9.32698E-3 9.67469E-3 1.03731E-2 9.64159E-3 1.05712E-2 1.28875E-2 1.32796E-2 1.03262E-2 1.27466E-2 1.30986E-2 1.04622E-2 9.59806E-3 1.25314E-2 1.4535E-2 1.38944E-2 1.29651E-2 1.14312E-2 8.1965E-3 8.32334E-3 7.29545E-3 6.81818E-3 8.31949E-3 8.90991E-3 1.01982E-2 9.56363E-3 1.06584E-2 1.30594E-2 1.36583E-2 1.33778E-2 1.38968E-2 1.43472E-2 1.42925E-2 1.42291E-2 1.37779E-2 1.23182E-2 1.19892E-2 1.22932E-2 1.10075E-2 1.06809E-2 1.07055E-2
1.65272E-2 1.39766E-2 1.4046E-2 1.58431E-2 1.71589E-2 1.76983E-2 1.64091E-2 1.46509E-2 1.5887E-2 1.59386E-2 1.40821E-2 1.33987E-2 1.60027E-2 1.9164E-2 1.64363E-2 1.3866E-2 1.06081E-2 9.35108E-3 1.02624E-2 9.12611E-3 8.63113E-3 9.76859E-3 9.41523E-3 9.79679E-3 7.8915E-3 8.49961E-3 1.0116E-2 1.38942E-2 1.26773E-2 1.10998E-2 1.04618E-2 7.15126E-3 7.73049E-3 9.94793E-3 9.48961E-3 9.52259E-3 1.39561E-2 1.28575E-2 1.08917E-2 1.19467E-2 1.05128E-2 8.59817E-3 8.15998E-3 8.9982E-3 1.23283E-2 1.00256E-2 1.04609E-2 1.31537E-2 1.42916E-2 1.47239E-2 1.45616E-2 1.38656E-2 1.34872E-2 1.23855E-2 1.2142E-2 1.19741E-2 1.23227E-2 1.29282E-2 1.32251E-2 1.11436E-2 1.06236E-2
2.05132E-2 1.77075E-2 1.74729E-2 1.91201E-2 1.86378E-2 1.56201E-2 1.70023E-2 1.653E-2 1.78849E-2 1.80139E-2 1.44697E-2 1.27164E-2 1.48746E-2 1.54435E-2 1.70558E-2 1.81744E-2 1.28833E-2 1.39807E-2 1.23304E-2 8.02482E-3 9.90868E-3 1.06788E-2 9.26701E-3 8.08012E-3 7.56729E-3 7.11616E-3 8.07394E-3 1.05034E-2 1.33943E-2 1.24329E-2 9.03558E-3 6.71732E-3 7.1205E-3 8.92626E-3 6.98986E-3 9.00794E-3 1.19551E-2 1.34831E-2 1.42747E-2 1.36986E-2 1.32874E-2 1.34296E-2 1.34236E-2 1.35572E-2 1.23536E-2 1.30003E-2 1.24441E-2 1.23335E-2 1.37491E-2 1.47392E-2 1.41955E-2 1.34212E-2 1.29521E-2 1.19562E-2 1.01779E-2 1.00541E-2 1.11041E-2 1.18316E-2 1.30152E-2 1.29831E-2 1.24812E-2
2.18579E-2 2.18637E-2 2.19894E-2 1.82817E-2 1.74771E-2 1.42536E-2 1.6329E-2 1.7704E-2 1.86107E-2 1.89078E-2 1.46888E-2 1.04785E-2 1.00326E-2 1.02823E-2 1.30333E-2 1.6103E-2 1.8545E-2 1.75053E-2 1.42127E-2 1.09261E-2 1.26608E-2 1.06258E-2 8.68938E-3 8.65042E-3 7.69822E-3 7.39245E-3 7.36337E-3 8.27526E-3 1.24492E-2 1.41237E-2 1.12833E-2 7.92991E-3 7.0434E-3 7.15308E-3 7.89557E-3 9.24713E-3 1.03709E-2 1.05225E-2 1.23766E-2 9.95617E-3 1.14218E-2 1.02456E-2 1.13047E-2 1.18338E-2 9.65299E-3 1.28971E-2 1.01528E-2 8.19097E-3 8.91547E-3 1.18667E-2 1.30579E-2 1.18619E-2 1.0726E-2 9.83926E-3 9.63678E-3 9.29754E-3 9.97976E-3 9.21084E-3 9.8785E-3 1.10057E-2 1.19804E-2
2.22975E-2 2.33088E-2 2.25068E-2 1.73513E-2 1.49907E-2 1.50865E-2 1.6313E-2 1.78089E-2 1.92247E-2 1.89953E-2 1.79944E-2 1.25696E-2 1.11068E-2 9.38339E-3 9.59836E-3 1.09484E-2 1.24679E-2 1.1908E-2 1.73338E-2 1.4318E-2 1.44246E-2 1.35905E-2 1.12626E-2 9.33793E-3 8.20591E-3 8.35335E-3 7.9064E-3 7.68624E-3 9.30877E-3 1.41565E-2 1.54099E-2 1.21938E-2 9.77428E-3 7.70851E-3 7.26109E-3 6.82359E-3 9.24076E-3 8.96125E-3 9.24434E-3 7.86142E-3 9.25063E-3 7.31451E-3 1.02745E-2 8.05928E-3 9.10354E-3 1.00977E-2 8.86412E-3 6.86587E-3 9.46554E-3 1.27987E-2 8.67791E-3 7.48874E-3 9.00089E-3 1.04286E-2 1.05518E-2 1.08511E-2 9.40655E-3 6.85362E-3 8.08021E-3 1.02517E-2 9.92898E-3
2.41247E-2 2.43372E-2 2.30083E-2 2.07677E-2 1.74306E-2 1.87249E-2 1.76516E-2 1.70775E-2 1.81873E-2 1.89596E-2 1.84114E-2 1.65213E-2 1.41773E-2 1.3272E-2 1.08614E-2 1.18964E-2 1.24287E-2 1.3668E-2 1.51442E-2 1.76528E-2 1.67725E-2 1.79815E-2 1.60813E-2 1.3789E-2 1.07127E-2 1.0484E-2 9.94708E-3 8.86522E-3 8.36209E-3 1.25215E-2 1.73272E-2 1.65329E-2 1.21993E-2 8.48384E-3 7.19317E-3 7.34936E-3 7.13933E-3 7.52391E-3 6.64388E-3 6.45542E-3 7.25569E-3 6.44816E-3 7.48383E-3 6.76429E-3 9.31402E-3 8.36918E-3 6.54394E-3 6.68989E-3 9.64322E-3 1.27498E-2 1.18017E-2 9.09086E-3 7.53082E-3 9.4553E-3 1.16777E-2 1.14453E-2 9.32935E-3 9.29317E-3 1.0323E-2 1.08714E-2 8.77476E-3
2.52012E-2 2.28024E-2 2.3129E-2 2.05859E-2 2.07067E-2 1.78742E-2 1.73733E-2 1.43634E-2 1.7287E-2 1.75419E-2 1.64449E-2 1.42401E-2 1.11063E-2 1.23531E-2 1.48329E-2 1.67294E-2 1.66991E-2 1.61151E-2 1.39534E-2 1.31142E-2 1.29563E-2 1.52064E-2 1.87615E-2 1.74587E-2 1.5912E-2 1.35846E-2 1.39686E-2 1.09985E-2 1.0249E-2 1.43251E-2 1.8524E-2 1.82459E-2 1.58846E-2 1.25787E-2 8.91431E-3 7.01887E-3 6.82295E-3 6.43273E-3 6.38088E-3 6.7165E-3 6.76485E-3 6.88584E-3 6.5073E-3 6.5177E-3 7.21946E-3 6.47531E-3 5.97682E-3 6.49201E-3 8.55911E-3 1.01671E-2 1.01681E-2 1.35919E-2 1.32829E-2 8.66636E-3 1.18708E-2 1.13785E-2 8.00241E-3 9.75235E-3 1.22794E-2 1.203E-2 1.16384E-2
2.25918E-2 1.98557E-2 2.37049E-2 2.14815E-2 2.12817E-2 1.84626E-2 1.62911E-2 1.4214E-2 1.5199E-2 1.63316E-2 1.46548E-2 1.29665E-2 1.09495E-2 1.0748E-2 1.22512E-2 1.35715E-2 1.49417E-2 1.48978E-2 1.23286E-2 1.10563E-2 1.01678E-2 1.19852E-2 1.5943E-2 1.84547E-2 1.9785E-2 1.92088E-2 1.8542E-2 1.45796E-2 1.46186E-2 1.6642E-2 1.71196E-2 1.4478E-2 1.81751E-2 1.69806E-2 1.28897E-2 9.32863E-3 7.14793E-3 7.18362E-3 7.66378E-3 7.83031E-3 6.81362E-3 6.90914E-3 6.52168E-3 6.91006E-3 6.46909E-3 6.17881E-3 6.51212E-3 6.84053E-3 7.13575E-3 7.37122E-3 1.07668E-2 1.30428E-2 1.45946E-2 1.23459E-2 1.33963E-2 1.23226E-2 7.34483E-3 8.83348E-3 1.20939E-2 1.23811E-2 1.20875E-2
2.08431E-2 1.85728E-2 2.12097E-2 2.24342E-2 2.19625E-2 2.2282E-2 1.79063E-2 1.52601E-2 1.37023E-2 1.40607E-2 1.42917E-2 1.30196E-2 1.17901E-2 1.0119E-2 1.23179E-2 1.40522E-2 1.46507E-2 1.47144E-2 1.04856E-2 8.77974E-3 9.43469E-3 1.19705E-2 1.52756E-2 1.65847E-2 1.58617E-2 1.83445E-2 1.95291E-2 1.95092E-2 1.77546E-2 1.68398E-2 1.1836E-2 9.44137E-3 1.34548E-2 1.79563E-2 1.75226E-2 1.43752E-2 1.09984E-2 1.14753E-2 8.49658E-3 9.37277E-3 7.04931E-3 8.39742E-3 6.94074E-3 7.0154E-3 6.63272E-3 6.7084E-3 6.41829E-3 7.15683E-3 8.56188E-3 1.03432E-2 1.0861E-2 9.55615E-3 1.33493E-2 1.10651E-2 8.32892E-3 1.20104E-2 1.25618E-2 1.2091E-2 1.36548E-2 1.08312E-2 9.63109E-3
2.30545E-2 2.06452E-2 2.10983E-2 2.26679E-2 2.21704E-2 2.09173E-2 2.1274E-2 1.83319E-2 1.50846E-2 1.33413E-2 1.38472E-2 1.40164E-2 1.36958E-2 1.29348E-2 1.38833E-2 1.64139E-2 1.68928E-2 1.48404E-2 1.18857E-2 9.13162E-3 9.43845E-3 1.41742E-2 1.70171E-2 1.40349E-2 1.41573E-2 1.77884E-2 1.95723E-2 1.93551E-2 1.80495E-2 1.62478E-2 1.20712E-2 9.49368E-3 1.01581E-2 1.41358E-2 1.75815E-2 1.82684E-2 1.70733E-2 1.5929E-2 1.21169E-2 1.07968E-2 1.01725E-2 8.24879E-3 7.95273E-3 8.23128E-3 9.16605E-3 7.72923E-3 6.77339E-3 7.66038E-3 9.09987E-3 9.77727E-3 1.05661E-2 8.98733E-3 1.23036E-2 1.05447E-2 6.51377E-3 7.09651E-3 7.99033E-3 8.89675E-3 1.27164E-2 1.41636E-2 1.37395E-2
2.51262E-2 2.10468E-2 2.0622E-2 2.08544E-2 2.22616E-2 1.90029E-2 1.99788E-2 2.02458E-2 1.72382E-2 1.50094E-2 1.37108E-2 1.35758E-2 1.43575E-2 1.17295E-2 1.15828E-2 1.62864E-2 1.71329E-2 1.54498E-2 1.25159E-2 1.04089E-2 8.81357E-3 1.24151E-2 1.28411E-2 1.22357E-2 1.49726E-2 1.8025E-2 1.87111E-2 1.58404E-2 1.7276E-2 1.86835E-2 1.59646E-2 1.29835E-2 9.77833E-3 9.77801E-3 1.35834E-2 1.81112E-2 1.83779E-2 1.82251E-2 1.57227E-2 1.40087E-2 1.25377E-2 1.07476E-2 9.83649E-3 1.06948E-2 8.92353E-3 8.91988E-3 7.44761E-3 7.90446E-3 7.66848E-3 9.14371E-3 1.04398E-2 1.10909E-2 1.3312E-2 1.10222E-2 7.61946E-3 6.22145E-3 6.05367E-3 7.45147E-3 1.07108E-2 9.15407E-3 1.29754E-2
2.69697E-2 2.18757E-2 2.1537E-2 2.15135E-2 2.24121E-2 2.08966E-2 1.93424E-2 1.97187E-2 1.95625E-2 1.81089E-2 1.43681E-2 1.38862E-2 1.30626E-2 1.37591E-2 1.46841E-2 1.85898E-2 1.89659E-2 1.58784E-2 1.27367E-2 1.07898E-2 9.03083E-3 9.98618E-3 1.27616E-2 1.27386E-2 1.47992E-2 1.72385E-2 1.81615E-2 1.6338E-2 1.58811E-2 1.84997E-2 1.76592E-2 1.59291E-2 1.21844E-2 8.7845E-3 1.0404E-2 1.47927E-2 1.8141E-2 1.83674E-2 1.68666E-2 1.46199E-2 1.24522E-2 1.29206E-2 1.26211E-2 1.17793E-2 9.07095E-3 8.1297E-3 8.28889E-3 7.22347E-3 8.34634E-3 1.04765E-2 1.08357E-2 1.29145E-2 1.28865E-2 1.09443E-2 7.45816E-3 6.03404E-3 6.026E-3 7.04286E-3 8.16212E-3 9.54947E-3 1.16288E-2
2.6047E-2 2.46759E-2 2.18754E-2 2.19926E-2 2.27369E-2 2.0201E-2 1.92505E-2 1.89839E-2 1.87408E-2 1.96983E-2 1.88238E-2 1.42451E-2 1.26769E-2 1.46955E-2 1.82466E-2 1.95066E-2 1.95927E-2 1.92113E-2 1.38426E-2 9.62104E-3 8.89016E-3 9.65929E-3 1.30295E-2 1.38701E-2 1.34668E-2 1.62077E-2 1.51364E-2 1.39132E-2 1.46334E-2 1.83481E-2 1.9066E-2 1.70797E-2 1.47E-2 1.00597E-2 8.60076E-3 1.26372E-2 1.73632E-2 1.85257E-2 1.84121E-2 1.6935E-2 1.40467E-2 1.29801E-2 1.39894E-2 1.36171E-2 1.27733E-2 1.0509E-2 1.02599E-2 1.00291E-2 8.58456E-3 1.17692E-2 1.10079E-2 1.23327E-2 1.4508E-2 1.13839E-2 8.19674E-3 6.25483E-3 6.30776E-3 6.51426E-3 7.39763E-3 1.08099E-2 8.22248E-3
2.77217E-2 2.76597E-2 2.56739E-2 2.24245E-2 2.22572E-2 2.18005E-2 1.95536E-2 1.8744E-2 1.9272E-2 1.8682E-2 2.00677E-2 1.89771E-2 1.615E-2 1.33327E-2 1.54648E-2 1.95728E-2 2.006E-2 1.9893E-2 1.55121E-2 1.02429E-2 8.68674E-3 1.12448E-2 1.3725E-2 1.39426E-2 1.36407E-2 1.20677E-2 1.18851E-2 1.29296E-2 1.32525E-2 1.58204E-2 1.94254E-2 1.8289E-2 1.5469E-2 1.1045E-2 8.31868E-3 1.11311E-2 1.56306E-2 1.82311E-2 1.84249E-2 1.81365E-2 1.73002E-2 1.46413E-2 1.31959E-2 1.45108E-2 1.46377E-2 1.43032E-2 1.36144E-2 1.33822E-2 1.26349E-2 1.34081E-2 1.2756E-2 1.38158E-2 1.39106E-2 1.10817E-2 9.09355E-3 6.6448E-3 6.36379E-3 6.17002E-3 7.40624E-3 8.97987E-3 9.27598E-3
2.60804E-2 2.77844E-2 2.62008E-2 2.37327E-2 2.14497E-2 2.16721E-2 2.07845E-2 2.05967E-2 2.01352E-2 1.98505E-2 1.88279E-2 1.98095E-2 1.94677E-2 1.62599E-2 1.30501E-2 1.86298E-2 2.02279E-2 2.07086E-2 1.77495E-2 1.18087E-2 1.07928E-2 1.28383E-2 1.41126E-2 1.43558E-2 1.26753E-2 1.31003E-2 1.33617E-2 1.25907E-2 1.44973E-2 1.68155E-2 1.82638E-2 1.89422E-2 1.69039E-2 1.30355E-2 8.35193E-3 9.48359E-3 1.47461E-2 1.75044E-2 1.56391E-2 1.77894E-2 1.81656E-2 1.51378E-2 1.43037E-2 1.41051E-2 1.41643E-2 1.54343E-2 1.51668E-2 1.53121E-2 1.49471E-2 1.55075E-2 1.45687E-2 1.53249E-2 1.39294E-2 1.2696E-2 1.14602E-2 1.03934E-2 8.02684E-3 6.43218E-3 6.28288E-3 8.1683E-3 7.41948E-3
2.49459E-2 2.54075E-2 2.64883E-2 2.75123E-2 2.32298E-2 2.20085E-2 2.15678E-2 2.08279E-2 2.09737E-2 2.01643E-2 2.03487E-2 2.01856E-2 2.0722E-2 1.93628E-2 1.59203E-2 1.92357E-2 2.09471E-2 2.11022E-2 1.97043E-2 1.60748E-2 1.67149E-2 1.78958E-2 1.58915E-2 1.48252E-2 1.39832E-2 1.23605E-2 1.38605E-2 1.42581E-2 1.55848E-2 1.5891E-2 1.67274E-2 1.74758E-2 1.86753E-2 1.56756E-2 1.02537E-2 9.15296E-3 1.36954E-2 1.66188E-2 1.25384E-2 1.48959E-2 1.77451E-2 1.77226E-2 1.57497E-2 1.51214E-2 1.38452E-2 1.39726E-2 1.46606E-2 1.55479E-2 1.39538E-2 1.36522E-2 1.32495E-2 1.49288E-2 1.23814E-2 1.37467E-2 1.33127E-2 1.28771E-2 1.00524E-2 8.34189E-3 6.54871E-3 6.49927E-3 6.40509E-3
2.61108E-2 2.75935E-2 2.79622E-2 2.69039E-2 2.7E-2 2.43336E-2 2.06832E-2 2.13455E-2 2.15228E-2 2.26452E-2 2.2034E-2 2.1932E-2 2.04885E-2 2.05197E-2 1.99949E-2 1.80254E-2 2.15662E-2 2.13768E-2 2.05362E-2 1.88958E-2 1.84877E-2 2.0044E-2 1.95691E-2 1.84049E-2 1.56385E-2 1.14807E-2 1.34788E-2 1.51383E-2 1.62484E-2 1.663E-2 1.75884E-2 1.85468E-2 1.89779E-2 1.78985E-2 1.30788E-2 9.36934E-3 1.42299E-2 1.46594E-2 1.07995E-2 1.1202E-2 1.44892E-2 1.70756E-2 1.65958E-2 1.39573E-2 1.18117E-2 1.31294E-2 1.47668E-2 1.47273E-2 1.46463E-2 1.27048E-2 1.31132E-2 1.45253E-2 1.39378E-2 1.20921E-2 1.00866E-2 1.14025E-2 1.24589E-2 1.07213E-2 9.72976E-3 8.16918E-3 8.05842E-3
2.79163E-2 2.62691E-2 2.54265E-2 2.5658E-2 2.7468E-2 2.58439E-2 2.09467E-2 2.21154E-2 2.21487E-2 2.29916E-2 1.95155E-2 2.06147E-2 1.90436E-2 1.93399E-2 2.02508E-2 2.04493E-2 2.09188E-2 2.1472E-2 2.02478E-2 1.77356E-2 1.86423E-2 2.07555E-2 2.08772E-2 2.00539E-2 1.66885E-2 1.17196E-2 1.06534E-2 1.22284E-2 1.56641E-2 1.8315E-2 1.93564E-2 1.98181E-2 1.94879E-2 1.81083E-2 1.46033E-2 9.75294E-3 1.42335E-2 1.32633E-2 9.89535E-3 9.31447E-3 1.11869E-2 1.47263E-2 1.78674E-2 1.42082E-2 1.16772E-2 1.22302E-2 1.34587E-2 1.4282E-2 1.36877E-2 1.36339E-2 1.2839E-2 1.36776E-2 1.28393E-2 1.14123E-2 1.07198E-2 1.16823E-2 1.10885E-2 1.19783E-2 1.21043E-2 1.07464E-2 1.02299E-2
2.65712E-2 2.78236E-2 2.63398E-2 2.57795E-2 2.37318E-2 2.77466E-2 2.59529E-2 2.24326E-2 2.2589E-2 2.26915E-2 2.14302E-2 2.08809E-2 2.07826E-2 2.00046E-2 1.99479E-2 1.96689E-2 1.87699E-2 2.14534E-2 1.81687E-2 1.58547E-2 1.88571E-2 2.13245E-2 2.15439E-2 2.07424E-2 1.48334E-2 1.11591E-2 9.77644E-3 1.02168E-2 1.23732E-2 1.73643E-2 1.74808E-2 1.80284E-2 1.88778E-2 1.74072E-2 1.36863E-2 1.00818E-2 1.36008E-2 1.16413E-2 1.05235E-2 8.93479E-3 8.61712E-3 1.14169E-2 1.52403E-2 1.80614E-2 1.38984E-2 1.34732E-2 1.31711E-2 1.34029E-2 1.22822E-2 1.27179E-2 1.25202E-2 1.25321E-2 1.23073E-2 1.12603E-2 1.01667E-2 9.1566E-3 1.03117E-2 1.13362E-2 1.12628E-2 1.12321E-2 1.03625E-2
2.57109E-2 2.73802E-2 2.51259E-2 2.35068E-2 2.2585E-2 2.40796E-2 2.74172E-2 2.3541E-2 2.20444E-2 2.06067E-2 2.01772E-2 2.08684E-2 2.0123E-2 1.82475E-2 1.79313E-2 1.76246E-2 1.78739E-2 2.03753E-2 2.06534E-2 1.96088E-2 1.87681E-2 2.18988E-2 2.145E-2 2.07988E-2 1.55323E-2 1.26666E-2 1.09901E-2 1.03966E-2 1.18023E-2 1.7296E-2 1.71179E-2 1.56759E-2 1.55129E-2 1.54864E-2 1.54625E-2 1.18465E-2 1.16668E-2 1.2282E-2 1.11833E-2 8.3522E-3 8.03541E-3 9.41242E-3 1.18302E-2 1.53559E-2 1.6311E-2 1.38852E-2 1.39557E-2 1.48518E-2 1.33108E-2 1.39704E-2 1.29989E-2 1.243E-2 1.13784E-2 1.14676E-2 1.20505E-2 1.17525E-2 9.53551E-3 1.00072E-2 1.10039E-2 1.06196E-2 1.03052E-2
