Artocarpus heterophyllus SDM files/Last interglacial/results (with bias file)/Arthet_9.asc
ncols         625
nrows         721
xllcorner     69.99986311115
yllcorner     5.99986151914999
cellsize      0.041666667
NODATA_value  -9999
[rows 54 to 80 of 721, columns 244 to 304 of 625]
8.99834E-3 8.26036E-3 9.67239E-3 1.02348E-2 1.04645E-2 1.03878E-2 1.03186E-2 1.0214E-2 1.02609E-2 9.99739E-3 9.83229E-3 9.41237E-3 8.90182E-3 8.56059E-3 7.93493E-3 6.98437E-3 7.80857E-3 7.83097E-3 7.29159E-3 6.64957E-3 6.07956E-3 6.01629E-3 6.47032E-3 6.93916E-3 7.30847E-3 6.71337E-3 6.37404E-3 6.99753E-3 7.60335E-3 8.13419E-3 7.8257E-3 6.84125E-3 7.27025E-3 7.77357E-3 8.01796E-3 7.74326E-3 7.39894E-3 7.16023E-3 7.00477E-3 6.39708E-3 6.51506E-3 7.11689E-3 7.99497E-3 8.99888E-3 9.18657E-3 9.16558E-3 8.66561E-3 8.58491E-3 8.25379E-3 8.08054E-3 7.07129E-3 5.73252E-3 5.1465E-3 6.00955E-3 7.0737E-3 7.5169E-3 7.84753E-3 8.37696E-3 8.68447E-3 8.01902E-3 7.811E-3
1.07708E-2 1.07592E-2 1.08689E-2 1.06205E-2 1.07191E-2 8.67969E-3 8.99118E-3 8.43083E-3 9.49154E-3 9.5899E-3 9.54516E-3 1.01685E-2 1.03675E-2 1.01775E-2 9.69655E-3 9.19543E-3 8.95857E-3 7.7858E-3 7.35962E-3 7.35962E-3 6.54331E-3 6.54365E-3 5.90825E-3 5.60325E-3 5.57758E-3 6.39243E-3 6.85404E-3 7.86356E-3 8.50894E-3 8.60077E-3 7.70028E-3 7.1629E-3 6.6495E-3 6.10822E-3 6.38917E-3 7.28763E-3 7.77873E-3 7.62177E-3 7.3241E-3 7.59849E-3 7.44302E-3 7.61981E-3 7.84186E-3 8.3701E-3 9.07971E-3 9.186E-3 9.21187E-3 8.59474E-3 7.47026E-3 7.87606E-3 7.55647E-3 6.30214E-3 5.43078E-3 6.00659E-3 5.97833E-3 6.69815E-3 7.72224E-3 8.35234E-3 7.9753E-3 8.41512E-3 8.4626E-3
9.6153E-3 9.76891E-3 9.16908E-3 8.28943E-3 8.41408E-3 9.61595E-3 1.04545E-2 8.63728E-3 9.07446E-3 8.42149E-3 7.80622E-3 8.966E-3 9.65361E-3 9.72627E-3 1.0057E-2 1.00948E-2 9.82857E-3 9.62985E-3 9.26705E-3 8.54233E-3 7.94833E-3 7.06149E-3 6.00967E-3 5.58807E-3 6.0574E-3 6.58164E-3 6.14795E-3 7.47669E-3 9.60518E-3 9.72643E-3 8.57968E-3 7.25762E-3 6.30627E-3 6.25321E-3 6.09068E-3 5.74407E-3 5.7729E-3 6.62962E-3 7.08476E-3 7.68434E-3 7.83733E-3 7.31369E-3 7.71309E-3 7.51847E-3 8.09915E-3 8.95905E-3 9.26518E-3 8.99648E-3 8.26847E-3 7.63131E-3 8.04809E-3 6.44103E-3 6.14784E-3 6.22987E-3 6.11213E-3 5.89175E-3 7.19047E-3 7.56514E-3 7.76682E-3 8.62353E-3 8.47383E-3
6.96793E-3 8.44442E-3 7.4909E-3 8.13579E-3 9.10846E-3 9.81336E-3 1.02634E-2 1.08911E-2 1.09116E-2 1.05238E-2 9.65102E-3 8.61243E-3 8.31948E-3 8.0368E-3 7.90356E-3 8.32311E-3 8.94633E-3 9.37819E-3 9.56069E-3 9.34945E-3 8.78701E-3 8.49079E-3 7.82969E-3 6.40209E-3 6.32433E-3 7.20445E-3 6.88553E-3 8.45119E-3 9.34853E-3 9.08239E-3 8.34033E-3 7.54982E-3 7.21683E-3 6.73818E-3 6.45227E-3 6.693E-3 6.80568E-3 6.31397E-3 6.17515E-3 6.55642E-3 7.01929E-3 6.18739E-3 6.718E-3 6.487E-3 6.79087E-3 8.25388E-3 9.18679E-3 9.0291E-3 8.53261E-3 7.55336E-3 7.54753E-3 7.0687E-3 7.00882E-3 7.0961E-3 6.88158E-3 6.80395E-3 7.48143E-3 6.98212E-3 6.95338E-3 7.66351E-3 8.35253E-3
8.03683E-3 9.27993E-3 9.79539E-3 1.06016E-2 9.49879E-3 7.65865E-3 7.29473E-3 9.11851E-3 8.6213E-3 9.89228E-3 1.04502E-2 1.01354E-2 9.09199E-3 8.24195E-3 7.08011E-3 6.68507E-3 7.02874E-3 7.36815E-3 7.6646E-3 8.59526E-3 7.86659E-3 8.61412E-3 8.29571E-3 8.40026E-3 8.5079E-3 8.80978E-3 9.58496E-3 9.70596E-3 8.18725E-3 8.53256E-3 9.01679E-3 8.63741E-3 8.15567E-3 7.55178E-3 6.94358E-3 7.4066E-3 6.87484E-3 6.80384E-3 7.25197E-3 7.02117E-3 6.45239E-3 5.36645E-3 5.90287E-3 5.45451E-3 5.75738E-3 7.23735E-3 8.99687E-3 9.11884E-3 8.72619E-3 8.28724E-3 7.41586E-3 6.71414E-3 6.92608E-3 7.36182E-3 7.93036E-3 7.39172E-3 7.67561E-3 7.91705E-3 7.75771E-3 7.18554E-3 7.74318E-3
1.12401E-2 1.13025E-2 1.11255E-2 1.10737E-2 1.03094E-2 9.74017E-3 8.99783E-3 8.37253E-3 8.54747E-3 7.35056E-3 9.03485E-3 1.00146E-2 9.83967E-3 9.47546E-3 8.78423E-3 7.80579E-3 7.80979E-3 7.77124E-3 7.6825E-3 8.12047E-3 7.56677E-3 7.85338E-3 7.65678E-3 7.85911E-3 9.70615E-3 9.90644E-3 9.97163E-3 9.82493E-3 8.62873E-3 8.87506E-3 8.88431E-3 9.08936E-3 8.84219E-3 8.55957E-3 8.16805E-3 7.68476E-3 7.67993E-3 7.49926E-3 7.60447E-3 7.98161E-3 7.63748E-3 6.92763E-3 6.71659E-3 6.14748E-3 6.65852E-3 7.45237E-3 8.75324E-3 8.36165E-3 8.72201E-3 8.3325E-3 7.30712E-3 6.46006E-3 6.85733E-3 7.06751E-3 7.52957E-3 7.8692E-3 8.18585E-3 8.09729E-3 7.35209E-3 7.66533E-3 7.90571E-3
1.26814E-2 1.29052E-2 1.27266E-2 1.27266E-2 1.27308E-2 1.25301E-2 1.23933E-2 1.1744E-2 1.1088E-2 1.02558E-2 9.56617E-3 9.90698E-3 9.83381E-3 9.32209E-3 8.82759E-3 8.26778E-3 7.74483E-3 7.55803E-3 6.77518E-3 6.71289E-3 6.49985E-3 6.97986E-3 7.91166E-3 9.61881E-3 1.02544E-2 1.03342E-2 9.67003E-3 8.52799E-3 8.92872E-3 8.97446E-3 8.85459E-3 9.01242E-3 9.12678E-3 8.41057E-3 8.21581E-3 7.55267E-3 7.935E-3 7.60636E-3 7.2555E-3 7.6179E-3 8.54425E-3 8.14291E-3 7.92798E-3 7.75844E-3 7.32126E-3 7.85128E-3 8.33161E-3 8.5453E-3 8.00602E-3 7.6997E-3 7.6493E-3 7.20251E-3 6.95682E-3 7.22798E-3 7.83634E-3 8.23442E-3 8.66966E-3 8.53135E-3 7.57201E-3 8.00859E-3 8.94271E-3
1.04957E-2 1.04859E-2 1.23478E-2 1.27308E-2 1.2996E-2 1.3097E-2 1.25015E-2 1.09941E-2 9.66949E-3 8.96621E-3 8.20446E-3 8.56094E-3 9.08333E-3 9.33259E-3 8.87411E-3 8.20607E-3 7.53523E-3 7.65088E-3 7.48222E-3 7.65088E-3 7.45927E-3 8.55211E-3 8.84768E-3 9.15535E-3 8.90251E-3 9.04187E-3 9.27287E-3 8.57258E-3 8.72252E-3 9.07597E-3 9.14429E-3 8.62869E-3 8.67443E-3 8.9752E-3 8.01316E-3 6.05032E-3 6.86437E-3 7.70974E-3 6.89957E-3 7.00984E-3 8.96054E-3 8.97023E-3 9.2143E-3 9.13265E-3 8.93833E-3 9.03923E-3 8.30394E-3 8.04301E-3 6.62028E-3 6.36528E-3 6.93949E-3 6.8054E-3 7.2009E-3 7.42085E-3 8.32662E-3 8.54213E-3 8.89278E-3 8.73029E-3 8.03366E-3 8.25903E-3 8.81654E-3
1.07797E-2 1.21026E-2 1.31121E-2 1.26248E-2 1.29032E-2 1.3413E-2 1.34633E-2 1.32216E-2 1.23901E-2 1.06468E-2 8.76728E-3 7.52548E-3 7.43042E-3 7.72948E-3 8.01546E-3 8.20304E-3 8.40127E-3 8.2692E-3 8.89299E-3 9.45801E-3 8.95154E-3 8.20843E-3 8.04918E-3 8.17088E-3 7.40697E-3 8.12076E-3 8.59053E-3 7.93569E-3 7.97333E-3 8.20275E-3 8.2823E-3 7.963E-3 8.22503E-3 8.68683E-3 8.6684E-3 7.50108E-3 6.48956E-3 7.79489E-3 7.19472E-3 7.55171E-3 9.22522E-3 9.50825E-3 9.83278E-3 9.94315E-3 9.57366E-3 8.82131E-3 8.13596E-3 7.65885E-3 6.94128E-3 7.45312E-3 7.17984E-3 7.7456E-3 8.02318E-3 8.47452E-3 9.09181E-3 8.98154E-3 9.86932E-3 9.191E-3 9.10466E-3 9.27316E-3 9.98094E-3
1.24794E-2 1.19833E-2 1.15155E-2 1.15977E-2 1.14633E-2 1.17476E-2 1.3059E-2 1.34133E-2 1.33996E-2 1.29582E-2 1.14805E-2 9.98375E-3 1.00822E-2 1.0073E-2 9.77438E-3 9.79272E-3 1.05336E-2 1.05083E-2 1.06409E-2 8.93238E-3 8.35811E-3 8.53203E-3 8.35028E-3 8.61455E-3 8.50684E-3 8.37951E-3 8.30134E-3 7.95387E-3 8.08274E-3 8.03731E-3 7.93588E-3 7.92592E-3 7.98165E-3 8.05346E-3 8.79322E-3 8.50749E-3 8.03513E-3 8.44913E-3 8.70013E-3 9.24392E-3 9.56947E-3 1.04229E-2 1.04327E-2 9.89022E-3 8.7271E-3 7.5706E-3 7.8273E-3 6.86947E-3 7.34278E-3 7.232E-3 7.56691E-3 7.8186E-3 8.8955E-3 9.34822E-3 1.0062E-2 1.03472E-2 1.05322E-2 1.04945E-2 1.05142E-2 1.07929E-2 1.12851E-2
1.18706E-2 9.79026E-3 9.58204E-3 1.12487E-2 8.84795E-3 9.53354E-3 1.06E-2 1.24079E-2 1.33185E-2 1.37052E-2 1.36057E-2 1.33209E-2 1.27007E-2 1.27894E-2 1.31195E-2 1.28567E-2 1.23037E-2 1.15143E-2 1.11637E-2 1.07819E-2 1.01964E-2 9.72713E-3 9.17187E-3 8.96007E-3 9.4281E-3 9.44026E-3 8.71933E-3 8.9281E-3 8.15237E-3 8.26488E-3 8.0233E-3 8.33806E-3 8.92502E-3 8.57849E-3 8.45619E-3 8.34054E-3 8.51276E-3 8.71646E-3 9.70424E-3 1.02977E-2 1.07265E-2 1.08568E-2 1.0027E-2 9.3414E-3 8.56606E-3 7.3454E-3 6.91779E-3 6.86727E-3 7.48222E-3 8.15991E-3 7.99042E-3 7.66868E-3 8.75597E-3 9.83951E-3 1.03764E-2 1.07999E-2 1.10535E-2 1.1168E-2 1.13248E-2 1.18419E-2 1.18414E-2
9.33615E-3 9.72143E-3 1.13304E-2 1.13678E-2 9.84667E-3 9.36285E-3 8.93776E-3 1.12971E-2 1.26936E-2 1.30335E-2 1.33871E-2 1.37098E-2 1.37741E-2 1.35672E-2 1.36054E-2 1.32977E-2 1.25973E-2 1.14523E-2 9.26048E-3 8.45298E-3 8.59347E-3 9.44697E-3 1.01129E-2 1.06116E-2 1.06614E-2 1.02308E-2 9.06482E-3 8.38676E-3 7.88672E-3 8.22055E-3 9.01955E-3 9.51317E-3 1.00208E-2 9.43406E-3 8.87933E-3 9.02713E-3 9.44626E-3 1.05779E-2 1.07667E-2 9.97174E-3 9.7768E-3 9.45426E-3 9.08321E-3 9.30644E-3 9.01712E-3 8.68548E-3 7.21611E-3 7.86316E-3 8.34742E-3 8.23934E-3 9.21702E-3 9.48788E-3 9.64878E-3 1.0609E-2 1.06201E-2 1.10021E-2 1.09218E-2 1.15274E-2 1.18971E-2 1.24394E-2 1.2451E-2
9.61632E-3 9.35888E-3 9.30644E-3 9.4451E-3 9.70433E-3 9.9124E-3 1.04902E-2 1.14109E-2 1.07914E-2 1.05997E-2 1.08849E-2 1.12453E-2 1.27567E-2 1.25775E-2 1.26932E-2 1.24156E-2 1.28699E-2 1.27879E-2 1.11955E-2 9.06728E-3 7.79663E-3 7.57802E-3 7.74546E-3 9.16706E-3 1.07689E-2 1.05639E-2 1.10869E-2 1.08959E-2 1.01616E-2 9.96793E-3 1.02308E-2 1.108E-2 1.09194E-2 1.06715E-2 1.10829E-2 1.18556E-2 1.18764E-2 1.17351E-2 1.09004E-2 9.79726E-3 1.02214E-2 9.21112E-3 9.44286E-3 1.01916E-2 1.0364E-2 9.43957E-3 7.99313E-3 8.14757E-3 9.16418E-3 9.79236E-3 9.86605E-3 9.4523E-3 1.02021E-2 1.10527E-2 1.15031E-2 1.21198E-2 1.15159E-2 1.19402E-2 1.22104E-2 1.28851E-2 1.30897E-2
1.13381E-2 9.00264E-3 7.71665E-3 9.31458E-3 8.7883E-3 8.39964E-3 9.69696E-3 1.09743E-2 1.1678E-2 1.19007E-2 1.14619E-2 1.15539E-2 1.19202E-2 1.17459E-2 1.14368E-2 1.14797E-2 1.22422E-2 1.21505E-2 1.28896E-2 1.20386E-2 1.06072E-2 9.47887E-3 8.27631E-3 8.73513E-3 1.00418E-2 1.10463E-2 1.1528E-2 1.11116E-2 1.17016E-2 1.18764E-2 1.20313E-2 1.20538E-2 1.2008E-2 1.18756E-2 1.15524E-2 1.17549E-2 1.1627E-2 1.19101E-2 1.1867E-2 1.1229E-2 1.10814E-2 1.07488E-2 1.0253E-2 1.04713E-2 1.18904E-2 1.08908E-2 9.03189E-3 8.76542E-3 9.15598E-3 9.93795E-3 1.06077E-2 1.00525E-2 9.77395E-3 1.05011E-2 1.20083E-2 1.2485E-2 1.26835E-2 1.27311E-2 1.20532E-2 1.15392E-2 1.24791E-2
1.13042E-2 1.10036E-2 1.10139E-2 1.0938E-2 8.31342E-3 8.04517E-3 1.06963E-2 1.17218E-2 1.21697E-2 1.19703E-2 1.08666E-2 1.05213E-2 1.11002E-2 1.2504E-2 1.29635E-2 1.28653E-2 1.22648E-2 1.17236E-2 1.22507E-2 1.28294E-2 1.25815E-2 1.22143E-2 1.1599E-2 1.15032E-2 1.12418E-2 1.16347E-2 1.21299E-2 1.24947E-2 1.25298E-2 1.24727E-2 1.20418E-2 1.19202E-2 1.14131E-2 1.17127E-2 1.20092E-2 1.15399E-2 1.1102E-2 1.05181E-2 1.12245E-2 1.22807E-2 1.27329E-2 1.28737E-2 1.21359E-2 1.21586E-2 1.32612E-2 1.31661E-2 1.06994E-2 1.0551E-2 1.0461E-2 1.04722E-2 1.14167E-2 1.15348E-2 1.1126E-2 1.1156E-2 1.20729E-2 1.158E-2 1.15701E-2 1.15281E-2 1.15497E-2 1.17248E-2 1.27017E-2
9.97604E-3 1.07068E-2 1.26592E-2 1.29265E-2 1.24904E-2 1.2073E-2 1.25756E-2 1.17264E-2 1.10553E-2 1.20995E-2 1.21104E-2 1.1375E-2 1.16254E-2 1.20981E-2 1.21853E-2 1.24565E-2 1.2254E-2 1.22174E-2 1.13364E-2 1.04911E-2 1.14054E-2 1.17698E-2 1.15973E-2 1.13738E-2 1.05637E-2 1.08219E-2 1.15587E-2 1.21181E-2 1.2635E-2 1.21189E-2 1.13176E-2 1.12746E-2 1.11708E-2 1.18535E-2 1.23349E-2 1.2009E-2 1.05886E-2 9.48402E-3 1.01146E-2 1.08953E-2 1.242E-2 1.37141E-2 1.39935E-2 1.38771E-2 1.39161E-2 1.40968E-2 1.39813E-2 1.30815E-2 1.30698E-2 1.29872E-2 1.25968E-2 1.22054E-2 1.27874E-2 1.30253E-2 1.26811E-2 1.18969E-2 1.13151E-2 1.0601E-2 9.6566E-3 1.11178E-2 1.34156E-2
1.31202E-2 1.31447E-2 1.35194E-2 1.37208E-2 1.38861E-2 1.40515E-2 1.31756E-2 1.18052E-2 1.15671E-2 1.219E-2 1.09265E-2 1.21062E-2 1.237E-2 1.25856E-2 1.33028E-2 1.2726E-2 1.27352E-2 1.28416E-2 1.2151E-2 1.07798E-2 1.02031E-2 1.04712E-2 1.0206E-2 9.90216E-3 1.02006E-2 1.06907E-2 1.11265E-2 1.16783E-2 1.17324E-2 1.18852E-2 1.13261E-2 1.10561E-2 1.14212E-2 1.20215E-2 1.24391E-2 1.2545E-2 1.17776E-2 1.18757E-2 1.18979E-2 1.17238E-2 1.1509E-2 1.33535E-2 1.42578E-2 1.43608E-2 1.44011E-2 1.44686E-2 1.42965E-2 1.42313E-2 1.38808E-2 1.35519E-2 1.37924E-2 1.39738E-2 1.42631E-2 1.42086E-2 1.40519E-2 1.31968E-2 1.32221E-2 1.28718E-2 1.26024E-2 1.35351E-2 1.40604E-2
1.13883E-2 1.01985E-2 9.82637E-3 1.15833E-2 1.28837E-2 1.37166E-2 1.32558E-2 1.31366E-2 1.29903E-2 1.3665E-2 1.31811E-2 1.35011E-2 1.33652E-2 1.31486E-2 1.38299E-2 1.32286E-2 1.19515E-2 1.21978E-2 1.20537E-2 1.1863E-2 1.0506E-2 9.71557E-3 9.11169E-3 9.11614E-3 9.83149E-3 1.01481E-2 1.05227E-2 1.04942E-2 1.0149E-2 9.94312E-3 1.01679E-2 1.04951E-2 1.10561E-2 1.13686E-2 1.2009E-2 1.1572E-2 1.17886E-2 1.1413E-2 1.14557E-2 1.16273E-2 1.18795E-2 1.25941E-2 1.34269E-2 1.39857E-2 1.46456E-2 1.46593E-2 1.48103E-2 1.45535E-2 1.41565E-2 1.35186E-2 1.39645E-2 1.46671E-2 1.48853E-2 1.4941E-2 1.4983E-2 1.51625E-2 1.50383E-2 1.49962E-2 1.50383E-2 1.48873E-2 1.45755E-2
8.80635E-3 7.97707E-3 7.62265E-3 1.17213E-2 1.07029E-2 1.2252E-2 1.34866E-2 1.17101E-2 1.37765E-2 1.41384E-2 1.40445E-2 1.37893E-2 1.31928E-2 1.16766E-2 1.15339E-2 1.25756E-2 1.20295E-2 1.12825E-2 1.04796E-2 1.03282E-2 1.1432E-2 1.05722E-2 1.01196E-2 9.61349E-3 8.99525E-3 9.29514E-3 9.67608E-3 1.01093E-2 9.48876E-3 9.7578E-3 1.04057E-2 1.07505E-2 1.11684E-2 1.21334E-2 1.22798E-2 1.15402E-2 1.15618E-2 1.05372E-2 1.05453E-2 1.09351E-2 1.08341E-2 1.14897E-2 1.19057E-2 1.22188E-2 1.37613E-2 1.51646E-2 1.48519E-2 1.40881E-2 1.36157E-2 1.33051E-2 1.40684E-2 1.4538E-2 1.49824E-2 1.53674E-2 1.55813E-2 1.5798E-2 1.58627E-2 1.6036E-2 1.56412E-2 1.5366E-2 1.53378E-2
6.33704E-3 5.93515E-3 8.13243E-3 9.79277E-3 1.04953E-2 9.93086E-3 1.24321E-2 1.17839E-2 1.32409E-2 1.30462E-2 1.33497E-2 1.24679E-2 1.04835E-2 1.02495E-2 1.20556E-2 1.15986E-2 1.0766E-2 1.11505E-2 9.75131E-3 8.08585E-3 8.73873E-3 9.14879E-3 1.10646E-2 1.0149E-2 9.33155E-3 9.57223E-3 9.61314E-3 9.39148E-3 1.06629E-2 1.06701E-2 1.09117E-2 1.16576E-2 1.13783E-2 1.15498E-2 1.24119E-2 1.32274E-2 1.32895E-2 1.25319E-2 1.19537E-2 1.09445E-2 1.07625E-2 1.07736E-2 1.11414E-2 1.19815E-2 1.44621E-2 1.52704E-2 1.4649E-2 1.3529E-2 1.29671E-2 1.28265E-2 1.34876E-2 1.42202E-2 1.47469E-2 1.49945E-2 1.52461E-2 1.56069E-2 1.63147E-2 1.61263E-2 1.64463E-2 1.6312E-2 1.60542E-2
6.62186E-3 6.16825E-3 6.39694E-3 7.50777E-3 8.79393E-3 7.11421E-3 1.01352E-2 1.13742E-2 1.05985E-2 1.00856E-2 1.20903E-2 1.18451E-2 1.11536E-2 9.60972E-3 1.06153E-2 1.03484E-2 8.31513E-3 9.36625E-3 9.02864E-3 8.28334E-3 7.33277E-3 7.74225E-3 8.55972E-3 9.88775E-3 1.05512E-2 1.15075E-2 1.14738E-2 1.07326E-2 1.08834E-2 1.17213E-2 1.18117E-2 1.16595E-2 1.08019E-2 1.06438E-2 1.23537E-2 1.31821E-2 1.35655E-2 1.36291E-2 1.30798E-2 1.28405E-2 1.26401E-2 1.19223E-2 1.34373E-2 1.46636E-2 1.55728E-2 1.57468E-2 1.5457E-2 1.29765E-2 1.18817E-2 1.17736E-2 1.20969E-2 1.30065E-2 1.31676E-2 1.40266E-2 1.47382E-2 1.51625E-2 1.53778E-2 1.58434E-2 1.64064E-2 1.6552E-2 1.62963E-2
6.72548E-3 6.08767E-3 6.35881E-3 7.69165E-3 6.49751E-3 9.11826E-3 1.14788E-2 8.82665E-3 9.15144E-3 7.99842E-3 9.44632E-3 9.9551E-3 9.75298E-3 8.88843E-3 8.54461E-3 8.99095E-3 8.52297E-3 7.85164E-3 8.32224E-3 8.04548E-3 7.85763E-3 8.47979E-3 9.33056E-3 1.05051E-2 9.55087E-3 1.04359E-2 1.1597E-2 1.28057E-2 1.26162E-2 1.32276E-2 1.32524E-2 1.2394E-2 9.60371E-3 7.79285E-3 9.91433E-3 1.24371E-2 1.36061E-2 1.35778E-2 1.37157E-2 1.40389E-2 1.39462E-2 1.42881E-2 1.43282E-2 1.45218E-2 1.36199E-2 1.46086E-2 1.60046E-2 1.59857E-2 1.48526E-2 1.43016E-2 1.39496E-2 1.38349E-2 1.33701E-2 1.39553E-2 1.41299E-2 1.45574E-2 1.39501E-2 1.44257E-2 1.60371E-2 1.65214E-2 1.70493E-2
7.13409E-3 6.47338E-3 6.51092E-3 6.64118E-3 7.59E-3 1.02747E-2 8.97442E-3 7.04261E-3 7.06844E-3 8.67567E-3 9.08246E-3 9.68785E-3 9.03114E-3 8.61954E-3 8.61857E-3 8.73173E-3 8.70641E-3 6.13703E-3 6.08221E-3 6.30685E-3 6.45087E-3 5.73784E-3 6.54304E-3 8.47948E-3 1.02926E-2 1.00748E-2 1.07935E-2 1.24469E-2 1.2736E-2 1.10911E-2 1.33664E-2 1.25245E-2 1.15292E-2 9.35574E-3 1.00339E-2 1.13938E-2 1.28084E-2 1.39544E-2 1.42479E-2 1.4585E-2 1.41653E-2 1.38816E-2 1.29739E-2 1.30622E-2 1.15114E-2 1.26379E-2 1.48669E-2 1.63842E-2 1.6514E-2 1.62434E-2 1.54611E-2 1.59304E-2 1.57218E-2 1.51229E-2 1.50713E-2 1.47695E-2 1.48952E-2 1.42762E-2 1.50107E-2 1.6151E-2 1.691E-2
8.1995E-3 6.40978E-3 6.77114E-3 6.68841E-3 7.80943E-3 7.70609E-3 6.92967E-3 6.96126E-3 7.04064E-3 7.88974E-3 9.46369E-3 9.65034E-3 9.93562E-3 8.69134E-3 8.60097E-3 7.94558E-3 7.84069E-3 6.3592E-3 5.40179E-3 5.0439E-3 4.86349E-3 5.56487E-3 5.70248E-3 6.97608E-3 7.67166E-3 9.65154E-3 1.0516E-2 1.04481E-2 1.16825E-2 1.19686E-2 1.17143E-2 1.24353E-2 1.38744E-2 1.34924E-2 1.36808E-2 1.37192E-2 1.40461E-2 1.38059E-2 1.4282E-2 1.45389E-2 1.40808E-2 1.22642E-2 1.17647E-2 1.22891E-2 1.18173E-2 1.09287E-2 1.24886E-2 1.54768E-2 1.68754E-2 1.71257E-2 1.71897E-2 1.72219E-2 1.68318E-2 1.6879E-2 1.66601E-2 1.6278E-2 1.60096E-2 1.66152E-2 1.66774E-2 1.67086E-2 1.75729E-2
7.94753E-3 6.99381E-3 6.80862E-3 6.66799E-3 7.14077E-3 6.89688E-3 6.71492E-3 7.23588E-3 8.01769E-3 9.13321E-3 1.06399E-2 1.05614E-2 9.37395E-3 9.16351E-3 8.91169E-3 7.90234E-3 7.60934E-3 6.33767E-3 5.58795E-3 5.95254E-3 5.19981E-3 6.69589E-3 6.76161E-3 8.38689E-3 8.32305E-3 8.68277E-3 9.98004E-3 9.51505E-3 1.13722E-2 1.33935E-2 1.20812E-2 9.23532E-3 9.78875E-3 1.22349E-2 1.36091E-2 1.37533E-2 1.43236E-2 1.49228E-2 1.35705E-2 1.31789E-2 1.4594E-2 1.27898E-2 1.17154E-2 1.06052E-2 1.09977E-2 1.09069E-2 1.11601E-2 1.31068E-2 1.48286E-2 1.70715E-2 1.7357E-2 1.65403E-2 1.62812E-2 1.6745E-2 1.7774E-2 1.80206E-2 1.8088E-2 1.80134E-2 1.8588E-2 1.83852E-2 1.83528E-2
8.40774E-3 7.82877E-3 7.58689E-3 6.727E-3 7.05132E-3 7.4282E-3 8.2304E-3 8.64887E-3 1.01189E-2 1.1167E-2 1.18301E-2 1.12609E-2 1.03748E-2 9.0878E-3 8.1056E-3 7.26689E-3 6.92431E-3 6.62433E-3 5.68414E-3 5.83018E-3 6.82977E-3 6.31137E-3 7.4993E-3 7.14706E-3 8.4172E-3 9.32261E-3 9.98939E-3 1.01872E-2 1.1963E-2 1.30759E-2 1.35077E-2 1.23527E-2 8.19817E-3 7.37941E-3 8.1302E-3 8.75055E-3 1.30594E-2 1.47453E-2 1.51416E-2 1.31135E-2 1.25224E-2 1.51349E-2 1.47535E-2 1.40254E-2 1.39521E-2 1.3222E-2 1.19761E-2 1.23148E-2 1.27009E-2 1.4896E-2 1.58413E-2 1.51303E-2 1.39432E-2 1.45946E-2 1.65616E-2 1.79991E-2 1.8373E-2 1.87172E-2 1.87976E-2 1.88503E-2 1.87891E-2
1.14685E-2 1.04415E-2 9.00132E-3 8.0145E-3 8.05316E-3 1.01486E-2 1.10991E-2 1.09544E-2 1.19162E-2 1.21621E-2 1.13032E-2 9.63751E-3 1.00433E-2 9.68313E-3 8.90253E-3 8.32838E-3 7.68256E-3 7.71144E-3 6.87561E-3 6.25698E-3 6.02935E-3 7.48421E-3 8.08331E-3 8.34526E-3 8.84436E-3 8.762E-3 9.70413E-3 1.10574E-2 1.22375E-2 1.28003E-2 1.33341E-2 1.34323E-2 1.14456E-2 9.07269E-3 7.91129E-3 8.85654E-3 1.07587E-2 1.18776E-2 1.3941E-2 1.51207E-2 1.41927E-2 1.37036E-2 1.60939E-2 1.63634E-2 1.61184E-2 1.61915E-2 1.58977E-2 1.52575E-2 1.46609E-2 1.33752E-2 1.29557E-2 1.34976E-2 1.41496E-2 1.47985E-2 1.38414E-2 1.62907E-2 1.80605E-2 1.67976E-2 1.73014E-2 1.8424E-2 1.81443E-2
