Artocarpus heterophyllus SDM files/Last interglacial/results (with bias file)/Arthet_4.asc
ncols         625
nrows         721
xllcorner     69.99986311115
yllcorner     5.99986151914999
cellsize      0.041666667
NODATA_value  -9999
[rows 432 to 458 of 721, columns 61 to 121 of 625]
-9999 -9999 -9999 -9999 -9999 -9999 -9999 -9999 -9999 -9999 -9999 8.99972E-1 8.89612E-1 8.86765E-1 8.69463E-1 8.61267E-1 8.52569E-1 8.32263E-1 8.07989E-1 7.85475E-1 7.68156E-1 7.64817E-1 7.37319E-1 7.42059E-1 7.28716E-1 7.25885E-1 7.49757E-1 7.42241E-1 7.05677E-1 6.87977E-1 6.84342E-1 6.8096E-1 6.60227E-1 6.21694E-1 5.89866E-1 5.51929E-1 5.102E-1 4.85824E-1 4.72769E-1 4.57155E-1 4.50902E-1 4.47524E-1 4.42556E-1 4.36958E-1 4.3486E-1 4.25458E-1 4.33544E-1 4.33249E-1 4.29826E-1 4.28912E-1 4.28155E-1 4.25876E-1 4.21989E-1 4.24591E-1 4.25656E-1 4.37547E-1 4.39445E-1 4.3879E-1 4.36699E-1 4.34944E-1 4.29612E-1
-9999 -9999 -9999 -9999 -9999 -9999 -9999 -9999 -9999 -9999 -9999 8.99884E-1 8.94647E-1 8.81271E-1 8.74494E-1 8.69624E-1 8.53678E-1 8.39974E-1 8.24156E-1 7.99695E-1 7.73711E-1 7.68683E-1 7.34971E-1 7.29862E-1 7.21885E-1 7.27194E-1 7.58893E-1 7.36842E-1 7.28438E-1 6.71223E-1 6.54276E-1 6.45607E-1 6.32584E-1 6.23834E-1 6.00719E-1 5.95446E-1 5.53516E-1 5.03449E-1 4.72887E-1 4.65555E-1 4.52551E-1 4.49475E-1 4.44818E-1 4.44268E-1 4.3811E-1 4.32884E-1 4.33413E-1 4.32466E-1 4.28527E-1 4.29099E-1 4.27879E-1 4.25669E-1 4.29452E-1 4.20526E-1 4.21947E-1 4.23409E-1 4.34608E-1 4.37866E-1 4.31589E-1 4.31266E-1 4.35364E-1
-9999 -9999 -9999 -9999 -9999 -9999 -9999 -9999 -9999 -9999 -9999 9.00271E-1 8.98199E-1 8.88682E-1 8.70041E-1 8.60403E-1 8.47518E-1 8.28692E-1 8.0796E-1 8.03827E-1 7.76427E-1 7.68849E-1 7.52489E-1 7.3642E-1 7.51396E-1 7.59992E-1 7.69002E-1 7.54737E-1 7.17301E-1 6.93879E-1 6.81004E-1 6.33907E-1 6.12644E-1 6.06265E-1 6.0326E-1 5.94925E-1 5.4675E-1 5.22467E-1 4.93594E-1 4.72458E-1 4.63829E-1 4.51371E-1 4.43659E-1 4.40235E-1 4.40083E-1 4.40256E-1 4.34679E-1 4.33696E-1 4.29601E-1 4.28146E-1 4.26691E-1 4.26358E-1 4.268E-1 4.27759E-1 4.17367E-1 4.28836E-1 4.28739E-1 4.33018E-1 4.34374E-1 4.3036E-1 4.3325E-1
-9999 -9999 -9999 -9999 -9999 -9999 -9999 -9999 -9999 -9999 -9999 -9999 8.9668E-1 8.85928E-1 8.77743E-1 8.69896E-1 8.56681E-1 8.32265E-1 8.15979E-1 8.06252E-1 7.91318E-1 7.81312E-1 7.57489E-1 7.69033E-1 7.84396E-1 7.60964E-1 7.57893E-1 7.58699E-1 7.34282E-1 7.2511E-1 6.95839E-1 6.7256E-1 6.31213E-1 5.96252E-1 5.91515E-1 6.01804E-1 5.59631E-1 5.29746E-1 5.1181E-1 4.96577E-1 4.82177E-1 4.68205E-1 4.45014E-1 4.41424E-1 4.43024E-1 4.42275E-1 4.49458E-1 4.47683E-1 4.30455E-1 4.2732E-1 4.26068E-1 4.25997E-1 4.25138E-1 4.31758E-1 4.2629E-1 4.25982E-1 4.30911E-1 4.29848E-1 4.29032E-1 4.29312E-1 4.31667E-1
-9999 -9999 -9999 -9999 -9999 -9999 -9999 -9999 -9999 -9999 -9999 -9999 8.92262E-1 8.84338E-1 8.80452E-1 8.7053E-1 8.50581E-1 8.31076E-1 8.19761E-1 8.05583E-1 7.92341E-1 7.92035E-1 7.86316E-1 7.61986E-1 7.5923E-1 7.69464E-1 7.45592E-1 7.47505E-1 7.28538E-1 7.06018E-1 7.09408E-1 6.56679E-1 6.39329E-1 6.09167E-1 5.90318E-1 6.0019E-1 5.79176E-1 5.33056E-1 5.27791E-1 5.17053E-1 4.98304E-1 5.0282E-1 4.73336E-1 4.46023E-1 4.49261E-1 4.58112E-1 4.52145E-1 4.50748E-1 4.40709E-1 4.37982E-1 4.42401E-1 4.29005E-1 4.23194E-1 4.3043E-1 4.28751E-1 4.26593E-1 4.30986E-1 4.2979E-1 4.29255E-1 4.27305E-1 4.36746E-1
-9999 -9999 -9999 -9999 -9999 -9999 -9999 -9999 -9999 -9999 -9999 -9999 -9999 8.8431E-1 8.78111E-1 8.66302E-1 8.51119E-1 8.30879E-1 8.12888E-1 8.03863E-1 7.85397E-1 7.85666E-1 7.74888E-1 7.65773E-1 7.35582E-1 7.62543E-1 7.49937E-1 7.37327E-1 7.20164E-1 7.25268E-1 6.84075E-1 6.7434E-1 6.42849E-1 6.03226E-1 5.81244E-1 5.77249E-1 5.74894E-1 5.50325E-1 5.38122E-1 5.09179E-1 5.15782E-1 5.01919E-1 4.91214E-1 4.83029E-1 4.65776E-1 4.66473E-1 4.5575E-1 4.47054E-1 4.44319E-1 4.43652E-1 4.48819E-1 4.36971E-1 4.34798E-1 4.29442E-1 4.27543E-1 4.28726E-1 4.36228E-1 4.35755E-1 4.28868E-1 4.29343E-1 4.35514E-1
-9999 -9999 -9999 -9999 -9999 -9999 -9999 -9999 -9999 -9999 -9999 -9999 -9999 8.87267E-1 8.79301E-1 8.71049E-1 8.57811E-1 8.36584E-1 8.08328E-1 7.98231E-1 7.82718E-1 7.83038E-1 7.61446E-1 7.55845E-1 7.49455E-1 7.70663E-1 7.5345E-1 7.32917E-1 6.99707E-1 7.21254E-1 6.82215E-1 6.57152E-1 6.56168E-1 6.28545E-1 6.0028E-1 5.60191E-1 5.66065E-1 5.54662E-1 5.30896E-1 5.21769E-1 5.18455E-1 5.0719E-1 4.9438E-1 4.97044E-1 4.82321E-1 4.53051E-1 4.50278E-1 4.48447E-1 4.43952E-1 4.40464E-1 4.48966E-1 4.47824E-1 4.43622E-1 4.39133E-1 4.30678E-1 4.29902E-1 4.34478E-1 4.23231E-1 4.25648E-1 4.33829E-1 4.25856E-1
-9999 -9999 -9999 -9999 -9999 -9999 -9999 -9999 -9999 -9999 -9999 -9999 -9999 -9999 8.77743E-1 8.70043E-1 8.55815E-1 8.4378E-1 8.14238E-1 8.00175E-1 7.81963E-1 7.77859E-1 7.57065E-1 7.48807E-1 7.5871E-1 7.6752E-1 7.50114E-1 7.40612E-1 7.25985E-1 7.18651E-1 7.33153E-1 6.75988E-1 6.39701E-1 6.13343E-1 5.86553E-1 5.71813E-1 5.61543E-1 5.6562E-1 5.22604E-1 5.26293E-1 5.16316E-1 5.09463E-1 4.90949E-1 4.93958E-1 4.86546E-1 4.7114E-1 4.57986E-1 4.41238E-1 4.43357E-1 4.36981E-1 4.48052E-1 4.51054E-1 4.41352E-1 4.42707E-1 4.3779E-1 4.39153E-1 4.29264E-1 4.28783E-1 4.28403E-1 4.31518E-1 4.33324E-1
-9999 -9999 -9999 -9999 -9999 -9999 -9999 -9999 -9999 -9999 -9999 -9999 -9999 8.83154E-1 8.76334E-1 8.66407E-1 8.5953E-1 8.44179E-1 8.28355E-1 8.02672E-1 7.88684E-1 7.69355E-1 7.55436E-1 7.45366E-1 7.4462E-1 7.51526E-1 7.42051E-1 7.51417E-1 7.3243E-1 7.11133E-1 7.20907E-1 6.67489E-1 6.5873E-1 6.50291E-1 6.17404E-1 5.80913E-1 5.6134E-1 5.50476E-1 5.29429E-1 5.33385E-1 5.27635E-1 5.14034E-1 4.82724E-1 4.82797E-1 4.74579E-1 4.76648E-1 4.61317E-1 4.39702E-1 4.43483E-1 4.3562E-1 4.32434E-1 4.35796E-1 4.35686E-1 4.45225E-1 4.41823E-1 4.41352E-1 4.33505E-1 4.28467E-1 4.28205E-1 4.2998E-1 4.33559E-1
-9999 -9999 -9999 -9999 -9999 -9999 -9999 -9999 -9999 -9999 -9999 -9999 -9999 -9999 8.79807E-1 8.65279E-1 8.5948E-1 8.4605E-1 8.3024E-1 8.10955E-1 7.9002E-1 7.78529E-1 7.59878E-1 7.55084E-1 7.44958E-1 7.35582E-1 7.23331E-1 7.2963E-1 7.44926E-1 7.22714E-1 7.33113E-1 6.8586E-1 6.34053E-1 6.22682E-1 6.11019E-1 6.08191E-1 5.61453E-1 5.39562E-1 5.22545E-1 5.24509E-1 5.257E-1 5.25678E-1 4.85696E-1 4.70793E-1 4.66382E-1 4.6873E-1 4.6771E-1 4.54454E-1 4.35977E-1 4.41081E-1 4.3183E-1 4.36776E-1 4.35562E-1 4.32749E-1 4.36563E-1 4.3775E-1 4.41292E-1 4.31056E-1 4.30213E-1 4.34726E-1 4.28344E-1
-9999 -9999 -9999 -9999 -9999 -9999 -9999 -9999 -9999 -9999 -9999 -9999 -9999 -9999 8.83928E-1 8.70544E-1 8.62308E-1 8.47887E-1 8.32934E-1 8.20053E-1 7.97634E-1 7.81968E-1 7.77937E-1 7.46777E-1 7.40437E-1 7.20288E-1 7.16303E-1 7.21208E-1 7.3824E-1 7.33062E-1 7.35027E-1 7.23751E-1 6.96172E-1 6.32458E-1 5.99968E-1 5.917E-1 5.96578E-1 5.56855E-1 5.31778E-1 5.30902E-1 5.27315E-1 5.26227E-1 4.96164E-1 4.72481E-1 4.61061E-1 4.59282E-1 4.55798E-1 4.56929E-1 4.5295E-1 4.42559E-1 4.39856E-1 4.36704E-1 4.36507E-1 4.32795E-1 4.28374E-1 4.31498E-1 4.36998E-1 4.39182E-1 4.37469E-1 4.35629E-1 4.34934E-1
-9999 -9999 -9999 -9999 -9999 -9999 -9999 -9999 -9999 -9999 -9999 -9999 -9999 -9999 8.78884E-1 8.71919E-1 8.57796E-1 8.52763E-1 8.25092E-1 8.06272E-1 7.98938E-1 7.73583E-1 7.595E-1 7.52408E-1 7.35356E-1 7.21484E-1 7.17108E-1 7.15752E-1 7.43457E-1 7.25378E-1 7.36674E-1 7.12902E-1 6.87044E-1 6.73604E-1 6.19921E-1 5.84921E-1 5.82318E-1 5.77739E-1 5.44538E-1 5.40443E-1 5.28798E-1 5.24256E-1 5.05607E-1 4.82892E-1 4.65208E-1 4.53112E-1 4.52452E-1 4.59213E-1 4.55598E-1 4.57325E-1 4.45052E-1 4.37648E-1 4.34951E-1 4.34032E-1 4.33628E-1 4.26915E-1 4.29264E-1 4.3631E-1 4.3485E-1 4.36559E-1 4.36831E-1
-9999 -9999 -9999 -9999 -9999 -9999 -9999 -9999 -9999 -9999 -9999 -9999 -9999 -9999 8.78819E-1 8.74988E-1 8.65681E-1 8.51986E-1 8.36381E-1 8.17287E-1 7.96063E-1 7.83605E-1 7.57345E-1 7.42001E-1 7.27309E-1 7.24813E-1 7.15904E-1 7.14595E-1 7.51535E-1 7.25115E-1 7.26169E-1 7.31997E-1 6.75664E-1 6.39764E-1 6.38371E-1 6.07818E-1 5.88335E-1 5.67115E-1 5.57462E-1 5.54479E-1 5.35621E-1 5.27415E-1 5.09705E-1 4.86359E-1 4.68662E-1 4.57818E-1 4.51909E-1 4.56376E-1 4.63673E-1 4.63999E-1 4.60216E-1 4.48613E-1 4.37559E-1 4.35366E-1 4.32304E-1 4.32178E-1 4.25507E-1 4.28892E-1 4.44912E-1 4.36267E-1 4.38822E-1
-9999 -9999 -9999 -9999 -9999 -9999 -9999 -9999 -9999 -9999 -9999 -9999 -9999 -9999 -9999 8.75125E-1 8.61756E-1 8.52439E-1 8.36465E-1 8.17287E-1 8.05137E-1 7.75036E-1 7.68281E-1 7.53809E-1 7.24055E-1 7.1296E-1 7.30286E-1 7.46951E-1 7.527E-1 7.29127E-1 7.31154E-1 7.15976E-1 7.11126E-1 6.65336E-1 6.34298E-1 6.01207E-1 5.81713E-1 5.66743E-1 5.73316E-1 5.65933E-1 5.41781E-1 5.16512E-1 4.94324E-1 4.85392E-1 4.70522E-1 4.55997E-1 4.49335E-1 4.55061E-1 4.5855E-1 4.53781E-1 4.63823E-1 4.51714E-1 4.40824E-1 4.37867E-1 4.33043E-1 4.32796E-1 4.27513E-1 4.27984E-1 4.32013E-1 4.46237E-1 4.39382E-1
-9999 -9999 -9999 -9999 -9999 -9999 -9999 -9999 -9999 -9999 -9999 -9999 -9999 -9999 -9999 8.73901E-1 8.664E-1 8.52102E-1 8.44059E-1 8.26515E-1 8.09944E-1 7.86326E-1 7.75333E-1 7.64033E-1 7.50261E-1 7.31893E-1 7.23363E-1 7.46916E-1 7.52859E-1 7.3549E-1 7.45742E-1 7.13085E-1 6.81276E-1 7.07508E-1 6.61294E-1 6.33239E-1 5.7344E-1 5.66295E-1 5.7182E-1 5.71715E-1 5.51438E-1 5.27964E-1 4.93094E-1 4.81144E-1 4.7225E-1 4.5863E-1 4.48711E-1 4.52408E-1 4.56015E-1 4.58231E-1 4.60646E-1 4.56511E-1 4.38699E-1 4.37934E-1 4.34251E-1 4.32708E-1 4.31794E-1 4.33053E-1 4.36357E-1 4.42005E-1 4.37542E-1
-9999 -9999 -9999 -9999 -9999 -9999 -9999 -9999 -9999 -9999 -9999 -9999 -9999 -9999 -9999 8.78493E-1 8.65532E-1 8.59817E-1 8.47E-1 8.34057E-1 8.16922E-1 7.95043E-1 7.71544E-1 7.59353E-1 7.58239E-1 7.6284E-1 7.6509E-1 7.74657E-1 7.51672E-1 7.34271E-1 7.37882E-1 7.29446E-1 6.72363E-1 7.03966E-1 6.7183E-1 6.29984E-1 5.95118E-1 5.64524E-1 5.69479E-1 5.66263E-1 5.60784E-1 5.27962E-1 4.89375E-1 4.86495E-1 4.78754E-1 4.63439E-1 4.51427E-1 4.61047E-1 4.57561E-1 4.608E-1 4.61054E-1 4.54331E-1 4.43496E-1 4.36482E-1 4.35722E-1 4.34071E-1 4.31486E-1 4.2941E-1 4.32492E-1 4.3548E-1 4.36958E-1
-9999 -9999 -9999 -9999 -9999 -9999 -9999 -9999 -9999 -9999 -9999 -9999 -9999 -9999 -9999 -9999 8.6623E-1 8.53926E-1 8.48885E-1 8.26048E-1 8.23871E-1 7.95315E-1 7.74269E-1 7.62915E-1 7.55221E-1 7.51825E-1 7.45665E-1 7.63044E-1 7.46737E-1 7.3057E-1 7.06284E-1 6.94825E-1 6.7863E-1 6.60659E-1 6.73434E-1 6.41605E-1 6.30047E-1 5.98531E-1 5.5912E-1 5.61263E-1 5.54139E-1 5.31937E-1 4.95389E-1 4.83472E-1 4.75228E-1 4.53509E-1 4.53189E-1 4.55309E-1 4.54103E-1 4.57347E-1 4.60509E-1 4.59899E-1 4.50055E-1 4.36654E-1 4.37234E-1 4.32734E-1 4.342E-1 4.30555E-1 4.31987E-1 4.31505E-1 4.36304E-1
-9999 -9999 -9999 -9999 -9999 -9999 -9999 -9999 -9999 -9999 -9999 -9999 -9999 -9999 -9999 8.77128E-1 8.66087E-1 8.63179E-1 8.52264E-1 8.3505E-1 8.22654E-1 7.99961E-1 7.74064E-1 7.63086E-1 7.48993E-1 7.358E-1 7.48934E-1 7.78643E-1 7.65748E-1 7.55731E-1 7.45333E-1 6.86222E-1 6.73151E-1 6.46492E-1 6.28103E-1 6.1804E-1 5.99925E-1 5.92534E-1 5.67171E-1 5.46018E-1 5.52474E-1 5.42515E-1 4.97949E-1 4.81679E-1 4.72468E-1 4.61561E-1 4.58639E-1 4.5885E-1 4.64351E-1 4.5724E-1 4.5954E-1 4.61151E-1 4.55841E-1 4.442E-1 4.37045E-1 4.31934E-1 4.31997E-1 4.39422E-1 4.4061E-1 4.3979E-1 4.43988E-1
-9999 -9999 -9999 -9999 -9999 -9999 -9999 -9999 -9999 -9999 -9999 -9999 -9999 -9999 -9999 8.77906E-1 8.75842E-1 8.61881E-1 8.51333E-1 8.39295E-1 8.1895E-1 8.10759E-1 7.81924E-1 7.69998E-1 7.54604E-1 7.48644E-1 7.42382E-1 7.64228E-1 7.74127E-1 7.61152E-1 7.41549E-1 7.23655E-1 6.83915E-1 6.80236E-1 6.62374E-1 6.42038E-1 6.05925E-1 5.8449E-1 5.62347E-1 5.42318E-1 5.30406E-1 5.44922E-1 5.08768E-1 4.82258E-1 4.66385E-1 4.60717E-1 4.66106E-1 4.57036E-1 4.6225E-1 4.71786E-1 4.66378E-1 4.60892E-1 4.5264E-1 4.56366E-1 4.34534E-1 4.40804E-1 4.38646E-1 4.38358E-1 4.38152E-1 4.40372E-1 4.4629E-1
-9999 -9999 -9999 -9999 -9999 -9999 -9999 -9999 -9999 -9999 -9999 -9999 -9999 -9999 -9999 -9999 8.75104E-1 8.62525E-1 8.49994E-1 8.31176E-1 8.2353E-1 8.0308E-1 7.99192E-1 7.75385E-1 7.52415E-1 7.5492E-1 7.52481E-1 7.63983E-1 7.74795E-1 7.67436E-1 7.64309E-1 7.41231E-1 7.07574E-1 6.72022E-1 6.53992E-1 6.33433E-1 6.13416E-1 5.90016E-1 5.72424E-1 5.29383E-1 5.31721E-1 5.45311E-1 5.24635E-1 4.88579E-1 4.69143E-1 4.66548E-1 4.71144E-1 4.59309E-1 4.58123E-1 4.6191E-1 4.7137E-1 4.63278E-1 4.55616E-1 4.59738E-1 4.64745E-1 4.48824E-1 4.37538E-1 4.41634E-1 4.39352E-1 4.38324E-1 4.43609E-1
-9999 -9999 -9999 -9999 -9999 -9999 -9999 -9999 -9999 -9999 -9999 -9999 -9999 -9999 -9999 -9999 8.75374E-1 8.64802E-1 8.53673E-1 8.47553E-1 8.21533E-1 8.05801E-1 7.92104E-1 7.87784E-1 7.63612E-1 7.49323E-1 7.47133E-1 7.59992E-1 7.70012E-1 7.53141E-1 7.44423E-1 7.52709E-1 7.20229E-1 6.84779E-1 6.76968E-1 6.40238E-1 6.19845E-1 5.89325E-1 5.6306E-1 5.51295E-1 5.31575E-1 5.38593E-1 5.27044E-1 4.93622E-1 4.75032E-1 4.66456E-1 4.64731E-1 4.66839E-1 4.5272E-1 4.55611E-1 4.66335E-1 4.58224E-1 4.6622E-1 4.60256E-1 4.66603E-1 4.57789E-1 4.55887E-1 4.48254E-1 4.43918E-1 4.41144E-1 4.40647E-1
-9999 -9999 -9999 -9999 -9999 -9999 -9999 -9999 -9999 -9999 -9999 -9999 -9999 -9999 -9999 -9999 -9999 8.65491E-1 8.53116E-1 8.40515E-1 8.34858E-1 8.22565E-1 7.89325E-1 7.87784E-1 7.67996E-1 7.53863E-1 7.54494E-1 7.65114E-1 7.73144E-1 7.64113E-1 7.33266E-1 7.09306E-1 7.3071E-1 7.13044E-1 6.80536E-1 6.33363E-1 6.19837E-1 5.99342E-1 5.64693E-1 5.43954E-1 5.30623E-1 5.22194E-1 5.11473E-1 5.02787E-1 4.87094E-1 4.71754E-1 4.62338E-1 4.60966E-1 4.5601E-1 4.50545E-1 4.59205E-1 4.58967E-1 4.62951E-1 4.60019E-1 4.66589E-1 4.65825E-1 4.55998E-1 4.5249E-1 4.45755E-1 4.43311E-1 4.41789E-1
-9999 -9999 -9999 -9999 -9999 -9999 -9999 -9999 -9999 -9999 -9999 -9999 -9999 -9999 -9999 -9999 -9999 8.67655E-1 8.59477E-1 8.49968E-1 8.38254E-1 8.16398E-1 7.99296E-1 7.90399E-1 7.69641E-1 7.50591E-1 7.51952E-1 7.48254E-1 7.70384E-1 7.71632E-1 7.62035E-1 7.38918E-1 6.96197E-1 7.00881E-1 7.07882E-1 6.73253E-1 6.47609E-1 6.08342E-1 5.63388E-1 5.45218E-1 5.33123E-1 5.13502E-1 4.9758E-1 4.91125E-1 4.82243E-1 4.79519E-1 4.72083E-1 4.6156E-1 4.59864E-1 4.54554E-1 4.60676E-1 4.55297E-1 4.58658E-1 4.59963E-1 4.6496E-1 4.60529E-1 4.58101E-1 4.53244E-1 4.48085E-1 4.48745E-1 4.44654E-1
-9999 -9999 -9999 -9999 -9999 -9999 -9999 -9999 -9999 -9999 -9999 -9999 -9999 -9999 -9999 -9999 -9999 8.70997E-1 8.62718E-1 8.50127E-1 8.35484E-1 8.17648E-1 8.08074E-1 7.87784E-1 7.75857E-1 7.58314E-1 7.49193E-1 7.43154E-1 7.44779E-1 7.45448E-1 7.48534E-1 7.53045E-1 7.15209E-1 6.84294E-1 6.8687E-1 6.77224E-1 6.5984E-1 6.40792E-1 5.91151E-1 5.54527E-1 5.33057E-1 5.13988E-1 5.02753E-1 4.93147E-1 4.75137E-1 4.7163E-1 4.66958E-1 4.65047E-1 4.59351E-1 4.62024E-1 4.59557E-1 4.6207E-1 4.57846E-1 4.53714E-1 4.56669E-1 4.53066E-1 4.55561E-1 4.52356E-1 4.46041E-1 4.48896E-1 4.58045E-1
-9999 -9999 -9999 -9999 -9999 -9999 -9999 -9999 -9999 -9999 -9999 -9999 -9999 -9999 -9999 -9999 -9999 8.76033E-1 8.60294E-1 8.47101E-1 8.33111E-1 8.26533E-1 8.03217E-1 7.89248E-1 7.76105E-1 7.59744E-1 7.49606E-1 7.39424E-1 7.24916E-1 7.17396E-1 7.23943E-1 7.37695E-1 7.291E-1 6.93011E-1 6.67816E-1 6.79835E-1 6.48218E-1 6.35942E-1 6.31907E-1 5.73488E-1 5.48479E-1 5.13524E-1 5.01991E-1 4.93195E-1 4.86465E-1 4.67925E-1 4.62973E-1 4.62642E-1 4.57763E-1 4.58401E-1 4.56531E-1 4.6227E-1 4.60755E-1 4.52639E-1 4.49971E-1 4.48389E-1 4.48893E-1 4.5038E-1 4.52346E-1 4.49522E-1 4.55387E-1
-9999 -9999 -9999 -9999 -9999 -9999 -9999 -9999 -9999 -9999 -9999 -9999 -9999 -9999 -9999 -9999 -9999 8.74956E-1 8.66428E-1 8.54575E-1 8.38333E-1 8.24861E-1 8.20731E-1 7.94244E-1 7.81209E-1 7.6206E-1 7.49606E-1 7.39172E-1 7.3467E-1 7.44991E-1 7.45252E-1 7.38716E-1 7.13964E-1 7.21607E-1 6.78017E-1 6.51235E-1 6.66552E-1 6.26948E-1 6.18747E-1 6.03608E-1 5.72127E-1 5.42188E-1 5.10653E-1 4.93381E-1 4.84159E-1 4.70238E-1 4.61407E-1 4.5945E-1 4.58173E-1 4.58401E-1 4.62149E-1 4.59414E-1 4.64953E-1 4.60925E-1 4.51044E-1 4.46826E-1 4.4601E-1 4.47655E-1 4.5021E-1 4.48635E-1 4.6106E-1
-9999 -9999 -9999 -9999 -9999 -9999 -9999 -9999 -9999 -9999 -9999 -9999 -9999 -9999 -9999 -9999 -9999 8.7674E-1 8.63343E-1 8.50983E-1 8.37821E-1 8.33824E-1 8.06809E-1 7.87982E-1 7.74905E-1 7.54462E-1 7.54615E-1 7.56926E-1 7.52813E-1 7.35199E-1 7.68335E-1 7.34759E-1 7.02896E-1 7.03582E-1 7.03539E-1 6.62557E-1 6.61609E-1 6.41319E-1 6.15623E-1 5.96354E-1 5.76217E-1 5.49662E-1 5.3764E-1 5.14154E-1 4.95171E-1 4.82929E-1 4.70192E-1 4.58492E-1 4.57201E-1 4.57429E-1 4.59192E-1 4.58572E-1 4.65366E-1 4.63014E-1 4.61507E-1 4.55008E-1 4.50053E-1 4.52889E-1 4.53746E-1 4.45829E-1 4.59065E-1
