Artocarpus heterophyllus SDM files/Last interglacial/results (with bias file)/Arthet_6.asc
ncols         625
nrows         721
xllcorner     69.99986311115
yllcorner     5.99986151914999
cellsize      0.041666667
NODATA_value  -9999
[rows 405 to 431 of 721, columns 549 to 609 of 625]
-9999 -9999 -9999 -9999 -9999 -9999 -9999 -9999 -9999 -9999 -9999 -9999 -9999 -9999 -9999 -9999 -9999 8.69599E-1 8.68758E-1 9.12349E-1 9.0543E-1 8.9898E-1 8.92805E-1 8.84939E-1 8.7758E-1 8.70622E-1 8.59994E-1 8.445E-1 8.36325E-1 8.26659E-1 8.15864E-1 7.96726E-1 7.90284E-1 7.86074E-1 7.82981E-1 7.7387E-1 7.73598E-1 7.58012E-1 7.56264E-1 7.53567E-1 7.42216E-1 7.31836E-1 7.08912E-1 6.95938E-1 6.80668E-1 6.62196E-1 6.46281E-1 6.53291E-1 6.50993E-1 6.48837E-1 6.19481E-1 6.192E-1 6.26938E-1 6.27293E-1 6.24204E-1 6.16756E-1 6.12512E-1 6.1869E-1 6.06418E-1 6.13121E-1 6.25058E-1
-9999 -9999 -9999 -9999 -9999 -9999 -9999 -9999 -9999 -9999 -9999 -9999 -9999 -9999 -9999 -9999 -9999 -9999 9.16205E-1 9.16725E-1 9.1208E-1 9.09017E-1 8.95594E-1 8.92198E-1 8.86693E-1 8.76613E-1 8.65305E-1 8.49071E-1 8.43127E-1 8.27782E-1 8.15384E-1 8.03922E-1 7.96967E-1 7.86371E-1 7.77275E-1 7.85785E-1 7.73577E-1 7.6288E-1 7.52257E-1 7.51678E-1 7.39725E-1 7.32499E-1 7.21E-1 7.01316E-1 6.89876E-1 6.75741E-1 6.62342E-1 6.538E-1 6.55009E-1 6.54689E-1 6.46908E-1 6.1885E-1 6.22167E-1 6.23617E-1 6.21814E-1 6.23035E-1 6.21046E-1 6.136E-1 6.21603E-1 6.20136E-1 6.18608E-1
-9999 -9999 -9999 -9999 -9999 -9999 -9999 -9999 -9999 -9999 -9999 -9999 -9999 -9999 -9999 -9999 -9999 -9999 9.20361E-1 9.14892E-1 9.0891E-1 9.00598E-1 8.97127E-1 8.92715E-1 8.86678E-1 8.77464E-1 -9999 8.48481E-1 8.42166E-1 8.32117E-1 8.2133E-1 8.10121E-1 7.95579E-1 7.86607E-1 7.77338E-1 7.79411E-1 7.75697E-1 7.64126E-1 7.59462E-1 7.46367E-1 7.34726E-1 7.24693E-1 7.26518E-1 7.1541E-1 6.96921E-1 6.83888E-1 6.76901E-1 6.55222E-1 6.57184E-1 6.51973E-1 6.49843E-1 6.30109E-1 6.20245E-1 6.16409E-1 6.17867E-1 6.19451E-1 6.24449E-1 6.20607E-1 6.20051E-1 6.27965E-1 6.27327E-1
-9999 -9999 -9999 -9999 -9999 -9999 -9999 -9999 -9999 -9999 -9999 -9999 -9999 -9999 -9999 -9999 -9999 -9999 -9999 9.19126E-1 9.12659E-1 9.09013E-1 9.01192E-1 8.97077E-1 8.90266E-1 8.83475E-1 -9999 8.5471E-1 8.48556E-1 8.31126E-1 8.1939E-1 8.10752E-1 8.00932E-1 7.94216E-1 7.82386E-1 7.68476E-1 7.70459E-1 7.63116E-1 7.57803E-1 7.47966E-1 7.38098E-1 7.2959E-1 7.30954E-1 7.22404E-1 7.00211E-1 6.84408E-1 6.74528E-1 6.59119E-1 6.44664E-1 6.49271E-1 6.38154E-1 6.39212E-1 6.2554E-1 6.25785E-1 6.19281E-1 6.15364E-1 6.19223E-1 6.23099E-1 6.23047E-1 6.25295E-1 6.26908E-1
-9999 -9999 -9999 -9999 -9999 -9999 -9999 -9999 -9999 -9999 -9999 -9999 -9999 -9999 -9999 -9999 -9999 -9999 -9999 -9999 9.14457E-1 9.08953E-1 8.98356E-1 8.99947E-1 8.89331E-1 8.83077E-1 8.75868E-1 -9999 8.51972E-1 8.3662E-1 8.2301E-1 8.15621E-1 8.05205E-1 7.9161E-1 7.86097E-1 7.76308E-1 7.72416E-1 7.64267E-1 7.59432E-1 7.50491E-1 7.53444E-1 7.39264E-1 7.37913E-1 7.30223E-1 7.17828E-1 6.98559E-1 6.83273E-1 6.65684E-1 6.57649E-1 6.4203E-1 6.45548E-1 6.42432E-1 6.26982E-1 6.28889E-1 6.30926E-1 6.31025E-1 6.27207E-1 6.30018E-1 6.29207E-1 6.26843E-1 6.24605E-1
-9999 -9999 -9999 -9999 -9999 -9999 -9999 -9999 -9999 -9999 -9999 -9999 -9999 -9999 -9999 -9999 -9999 -9999 -9999 -9999 -9999 9.09982E-1 9.02759E-1 8.94874E-1 8.93829E-1 8.8602E-1 8.75222E-1 -9999 8.51543E-1 8.41084E-1 8.28035E-1 8.15921E-1 8.08075E-1 7.90396E-1 7.87163E-1 7.77259E-1 7.71568E-1 7.58967E-1 7.61286E-1 7.5347E-1 7.48122E-1 7.46076E-1 7.4548E-1 7.40527E-1 7.28978E-1 7.11225E-1 6.92722E-1 6.71107E-1 6.68833E-1 6.54647E-1 6.53689E-1 6.51828E-1 6.37089E-1 6.31383E-1 6.34695E-1 6.37328E-1 6.33954E-1 6.31175E-1 6.27576E-1 6.27723E-1 6.26736E-1
-9999 -9999 -9999 -9999 -9999 -9999 -9999 -9999 -9999 -9999 -9999 -9999 -9999 -9999 -9999 8.92056E-1 -9999 8.92657E-1 8.9216E-1 -9999 -9999 -9999 -9999 8.97114E-1 8.8927E-1 8.88126E-1 -9999 8.65981E-1 8.57431E-1 8.42158E-1 8.3215E-1 8.24622E-1 8.03008E-1 7.95451E-1 7.85346E-1 7.81591E-1 7.74017E-1 7.6892E-1 7.62837E-1 7.53318E-1 7.53249E-1 7.47588E-1 7.41353E-1 7.39395E-1 7.3315E-1 7.14511E-1 7.02014E-1 6.84636E-1 6.66018E-1 6.61651E-1 6.58277E-1 6.55941E-1 6.48832E-1 6.34449E-1 6.3849E-1 6.33228E-1 6.3945E-1 6.34358E-1 6.30085E-1 6.26296E-1 6.27322E-1
-9999 -9999 -9999 -9999 -9999 -9999 -9999 -9999 -9999 -9999 -9999 -9999 -9999 -9999 8.94075E-1 8.83613E-1 8.88475E-1 8.88263E-1 8.96039E-1 8.87899E-1 8.78722E-1 -9999 -9999 -9999 8.90647E-1 8.90425E-1 -9999 8.67676E-1 8.58E-1 8.46325E-1 8.36843E-1 8.25115E-1 8.15058E-1 8.02306E-1 7.86678E-1 7.80871E-1 7.72066E-1 7.64813E-1 7.58889E-1 7.6134E-1 7.48528E-1 7.52333E-1 7.41258E-1 7.42871E-1 7.33737E-1 7.20158E-1 7.06277E-1 6.96032E-1 6.80837E-1 6.66699E-1 6.63921E-1 6.57544E-1 6.53394E-1 6.49901E-1 6.49901E-1 6.42987E-1 6.38104E-1 6.26941E-1 6.23949E-1 6.26442E-1 6.38011E-1
-9999 -9999 -9999 -9999 -9999 -9999 -9999 -9999 -9999 -9999 -9999 -9999 -9999 -9999 -9999 8.86076E-1 8.86153E-1 8.8905E-1 8.97533E-1 8.92457E-1 8.86287E-1 -9999 -9999 -9999 -9999 8.88608E-1 8.82147E-1 -9999 8.57694E-1 8.47675E-1 8.35742E-1 8.29562E-1 8.12905E-1 7.98993E-1 7.99979E-1 7.96693E-1 7.84945E-1 7.728E-1 7.63468E-1 7.52732E-1 7.54834E-1 7.54527E-1 7.50305E-1 7.44218E-1 7.37193E-1 7.23158E-1 7.07138E-1 6.85238E-1 6.82484E-1 6.68313E-1 6.67068E-1 6.66102E-1 6.54976E-1 6.54007E-1 6.54007E-1 6.43527E-1 6.47477E-1 6.32935E-1 6.2985E-1 6.28848E-1 6.40078E-1
-9999 -9999 -9999 -9999 -9999 -9999 -9999 -9999 -9999 -9999 -9999 -9999 -9999 -9999 -9999 8.87873E-1 8.86092E-1 8.70574E-1 8.90672E-1 8.9414E-1 8.8852E-1 -9999 -9999 -9999 -9999 8.88709E-1 8.87881E-1 -9999 -9999 -9999 -9999 8.30853E-1 8.20414E-1 8.08465E-1 8.01753E-1 7.89944E-1 7.8421E-1 7.7265E-1 7.64058E-1 7.63395E-1 7.54848E-1 7.53981E-1 7.49464E-1 7.42686E-1 7.37015E-1 7.17324E-1 7.05353E-1 6.90408E-1 6.84102E-1 6.68031E-1 6.66102E-1 6.67734E-1 6.61922E-1 6.55602E-1 6.54625E-1 6.54625E-1 6.52056E-1 6.4893E-1 6.38974E-1 6.44079E-1 6.45643E-1
-9999 -9999 -9999 -9999 -9999 -9999 -9999 -9999 -9999 -9999 -9999 -9999 -9999 -9999 -9999 -9999 8.88041E-1 8.75761E-1 8.7099E-1 8.86595E-1 8.85358E-1 -9999 9.17938E-1 -9999 -9999 -9999 8.86514E-1 -9999 -9999 -9999 8.42988E-1 8.38797E-1 8.27947E-1 8.12513E-1 8.06514E-1 7.90015E-1 7.86352E-1 7.77926E-1 7.6351E-1 7.64086E-1 7.61296E-1 7.50267E-1 7.48602E-1 7.42109E-1 7.42156E-1 7.22166E-1 7.13895E-1 7.00246E-1 6.87825E-1 6.75235E-1 6.73028E-1 6.67734E-1 6.63518E-1 6.5819E-1 6.56233E-1 6.56233E-1 6.52056E-1 6.51459E-1 6.43857E-1 6.45691E-1 6.52659E-1
-9999 -9999 -9999 -9999 -9999 -9999 -9999 -9999 -9999 -9999 -9999 -9999 -9999 -9999 -9999 -9999 -9999 8.86667E-1 8.77525E-1 8.69961E-1 8.85677E-1 -9999 -9999 -9999 -9999 -9999 -9999 -9999 -9999 -9999 8.5242E-1 8.38027E-1 8.28795E-1 8.19113E-1 8.13208E-1 8.06208E-1 7.84801E-1 7.78301E-1 7.63009E-1 7.5615E-1 7.61078E-1 7.60317E-1 7.56132E-1 7.4654E-1 7.4081E-1 7.36405E-1 7.18171E-1 7.06277E-1 6.97432E-1 6.8316E-1 6.80981E-1 6.72131E-1 6.6676E-1 6.65781E-1 6.63176E-1 6.63176E-1 6.53644E-1 6.53034E-1 6.51049E-1 6.50628E-1 6.53925E-1
-9999 -9999 -9999 -9999 -9999 -9999 -9999 -9999 -9999 -9999 -9999 -9999 -9999 -9999 -9999 -9999 -9999 -9999 -9999 8.89442E-1 -9999 -9999 8.76113E-1 -9999 -9999 -9999 -9999 -9999 -9999 -9999 -9999 -9999 8.36861E-1 8.18901E-1 8.02888E-1 7.98879E-1 7.93251E-1 7.84799E-1 7.7638E-1 7.6606E-1 7.54213E-1 7.55204E-1 7.51643E-1 7.50937E-1 7.42472E-1 7.38756E-1 7.26655E-1 7.20259E-1 7.02697E-1 6.9522E-1 6.84553E-1 6.80015E-1 6.6676E-1 6.65781E-1 6.63176E-1 6.64156E-1 6.64156E-1 6.53034E-1 6.50314E-1 6.58192E-1 6.61077E-1
-9999 -9999 -9999 -9999 -9999 -9999 -9999 -9999 -9999 -9999 -9999 -9999 -9999 -9999 -9999 -9999 -9999 -9999 -9999 -9999 -9999 8.78082E-1 8.73859E-1 -9999 -9999 -9999 -9999 -9999 -9999 -9999 -9999 -9999 8.34274E-1 8.26508E-1 8.17919E-1 7.98863E-1 7.90374E-1 7.87813E-1 7.8565E-1 7.77288E-1 7.58816E-1 7.59874E-1 7.46819E-1 7.4772E-1 7.47014E-1 7.40061E-1 7.25671E-1 7.15434E-1 7.02435E-1 6.96911E-1 6.90521E-1 6.80755E-1 6.7717E-1 6.71896E-1 6.64878E-1 6.64156E-1 6.64156E-1 6.62546E-1 6.54076E-1 6.59911E-1 6.63812E-1
-9999 -9999 -9999 -9999 -9999 -9999 -9999 -9999 -9999 -9999 -9999 -9999 -9999 -9999 -9999 -9999 -9999 -9999 -9999 -9999 -9999 -9999 -9999 -9999 -9999 -9999 -9999 -9999 -9999 -9999 -9999 -9999 -9999 8.31518E-1 8.22729E-1 8.01064E-1 7.8871E-1 7.76153E-1 7.74111E-1 7.72312E-1 7.71031E-1 7.59805E-1 7.53848E-1 7.50691E-1 7.40084E-1 7.40361E-1 7.32328E-1 7.17821E-1 7.08217E-1 6.95779E-1 6.91231E-1 6.79784E-1 6.81443E-1 6.71896E-1 6.71154E-1 6.6676E-1 6.65131E-1 6.65131E-1 6.63925E-1 6.65299E-1 6.63812E-1
-9999 -9999 -9999 -9999 -9999 -9999 -9999 -9999 -9999 -9999 -9999 -9999 -9999 -9999 -9999 -9999 -9999 -9999 -9999 -9999 -9999 -9999 -9999 -9999 -9999 -9999 -9999 -9999 -9999 -9999 -9999 -9999 8.39233E-1 8.32409E-1 8.23151E-1 8.05373E-1 7.92735E-1 7.79535E-1 7.70412E-1 7.67331E-1 7.65721E-1 7.64665E-1 7.53409E-1 7.57757E-1 7.46388E-1 7.52507E-1 7.37432E-1 7.19527E-1 7.14087E-1 6.93359E-1 6.8887E-1 6.88608E-1 6.89302E-1 6.7881E-1 6.80683E-1 6.79044E-1 6.73104E-1 6.73028E-1 6.65131E-1 6.6709E-1 6.66437E-1
-9999 -9999 -9999 -9999 -9999 -9999 -9999 -9999 -9999 -9999 -9999 -9999 -9999 -9999 -9999 -9999 -9999 -9999 -9999 -9999 -9999 -9999 -9999 -9999 -9999 -9999 -9999 -9999 -9999 -9999 -9999 -9999 -9999 8.29141E-1 8.20858E-1 8.11423E-1 7.96996E-1 7.90327E-1 7.75559E-1 7.73003E-1 7.6797E-1 7.67707E-1 7.58909E-1 7.55943E-1 7.60381E-1 7.60057E-1 7.366E-1 7.28958E-1 7.1871E-1 7.06954E-1 7.0041E-1 6.91231E-1 6.92133E-1 6.80981E-1 6.83315E-1 6.83315E-1 6.84288E-1 6.75625E-1 6.75625E-1 6.74347E-1 6.67423E-1
-9999 -9999 -9999 -9999 -9999 -9999 -9999 -9999 -9999 -9999 -9999 -9999 -9999 -9999 -9999 -9999 -9999 -9999 -9999 -9999 -9999 -9999 -9999 -9999 -9999 -9999 -9999 -9999 -9999 -9999 -9999 -9999 -9999 -9999 8.16764E-1 8.04405E-1 7.98157E-1 7.8894E-1 7.792E-1 7.79883E-1 7.72372E-1 7.68119E-1 7.69427E-1 7.56959E-1 7.5699E-1 7.57495E-1 7.52074E-1 7.40367E-1 7.28954E-1 7.19791E-1 7.04675E-1 7.01671E-1 6.94771E-1 6.90473E-1 6.91167E-1 6.83315E-1 6.83315E-1 6.83315E-1 6.80015E-1 6.76985E-1 6.76001E-1
-9999 -9999 -9999 -9999 -9999 -9999 -9999 -9999 -9999 -9999 -9999 -9999 -9999 -9999 -9999 -9999 -9999 -9999 -9999 -9999 -9999 -9999 -9999 -9999 -9999 -9999 -9999 -9999 -9999 -9999 -9999 -9999 -9999 -9999 8.25429E-1 8.09636E-1 8.02485E-1 7.88826E-1 7.89127E-1 7.76682E-1 7.70391E-1 7.71249E-1 7.66365E-1 7.65723E-1 7.6859E-1 7.60434E-1 7.63401E-1 7.55765E-1 7.44503E-1 7.22492E-1 7.05937E-1 7.02982E-1 7.01615E-1 6.9405E-1 6.94771E-1 6.92839E-1 6.84988E-1 6.84988E-1 6.83315E-1 6.77964E-1 6.76001E-1
-9999 -9999 -9999 -9999 -9999 -9999 -9999 -9999 -9999 -9999 -9999 -9999 -9999 -9999 -9999 -9999 -9999 -9999 -9999 -9999 -9999 -9999 -9999 -9999 -9999 -9999 -9999 -9999 -9999 -9999 -9999 -9999 -9999 -9999 -9999 8.1816E-1 8.07554E-1 8.00131E-1 7.93544E-1 7.86008E-1 7.75764E-1 7.78959E-1 7.70897E-1 7.78579E-1 7.72659E-1 7.62314E-1 7.57948E-1 7.60485E-1 7.45325E-1 7.31619E-1 7.13646E-1 7.08853E-1 7.01828E-1 7.04261E-1 6.94771E-1 6.93807E-1 6.92839E-1 6.91866E-1 6.91866E-1 6.82338E-1 6.76001E-1
-9999 -9999 -9999 -9999 -9999 -9999 -9999 -9999 -9999 -9999 -9999 -9999 -9999 -9999 -9999 -9999 -9999 -9999 -9999 -9999 -9999 -9999 -9999 -9999 -9999 -9999 -9999 -9999 -9999 -9999 -9999 -9999 -9999 -9999 -9999 -9999 8.11307E-1 8.01987E-1 7.8899E-1 7.81983E-1 7.8128E-1 7.89449E-1 7.80541E-1 7.74274E-1 7.76299E-1 7.76074E-1 7.66364E-1 7.59388E-1 7.59977E-1 7.42713E-1 7.24317E-1 7.11661E-1 7.08644E-1 7.03302E-1 7.03302E-1 6.93807E-1 6.92839E-1 6.91866E-1 6.91866E-1 6.91866E-1 6.92752E-1
-9999 -9999 -9999 -9999 -9999 -9999 -9999 -9999 -9999 -9999 -9999 -9999 -9999 -9999 -9999 -9999 -9999 -9999 -9999 -9999 -9999 -9999 -9999 -9999 -9999 -9999 -9999 -9999 -9999 -9999 -9999 -9999 -9999 -9999 8.35142E-1 8.2369E-1 8.18309E-1 8.04754E-1 8.01334E-1 7.86963E-1 7.85332E-1 7.78432E-1 7.81187E-1 7.79559E-1 7.79135E-1 7.81679E-1 7.72767E-1 7.62005E-1 7.61225E-1 7.56045E-1 7.35391E-1 7.19355E-1 7.09596E-1 7.08644E-1 7.03302E-1 7.00655E-1 6.92839E-1 6.93728E-1 6.93728E-1 6.91281E-1 6.90304E-1
-9999 -9999 -9999 -9999 -9999 -9999 -9999 -9999 -9999 -9999 -9999 -9999 -9999 -9999 -9999 -9999 -9999 -9999 -9999 -9999 -9999 -9999 -9999 -9999 -9999 -9999 -9999 -9999 -9999 -9999 -9999 -9999 -9999 -9999 8.37356E-1 8.31395E-1 8.23224E-1 8.15215E-1 8.00376E-1 7.91809E-1 7.87724E-1 7.85186E-1 7.88817E-1 7.8038E-1 7.79215E-1 7.764E-1 7.82186E-1 7.71679E-1 7.69326E-1 7.51183E-1 7.35391E-1 7.16349E-1 7.0567E-1 7.08644E-1 7.11066E-1 7.00841E-1 6.9932E-1 6.93942E-1 6.93942E-1 6.91281E-1 6.90304E-1
-9999 -9999 -9999 -9999 -9999 -9999 -9999 -9999 -9999 -9999 -9999 -9999 -9999 -9999 -9999 -9999 -9999 -9999 -9999 -9999 -9999 -9999 -9999 -9999 -9999 -9999 -9999 -9999 -9999 -9999 -9999 -9999 -9999 -9999 -9999 -9999 -9999 8.19565E-1 8.06341E-1 7.92713E-1 7.87604E-1 7.87646E-1 7.91459E-1 7.87842E-1 7.85877E-1 7.73417E-1 7.80077E-1 7.73748E-1 7.75862E-1 7.68545E-1 7.41527E-1 7.2704E-1 7.06616E-1 7.12249E-1 7.10488E-1 7.04423E-1 6.9932E-1 6.98351E-1 6.91495E-1 6.88831E-1 6.91495E-1
-9999 -9999 -9999 -9999 -9999 -9999 -9999 -9999 -9999 -9999 -9999 -9999 -9999 -9999 -9999 -9999 -9999 -9999 -9999 -9999 -9999 -9999 -9999 -9999 -9999 -9999 -9999 -9999 -9999 -9999 -9999 -9999 -9999 -9999 -9999 -9999 -9999 8.19352E-1 8.12193E-1 8.01875E-1 7.92606E-1 7.84087E-1 7.95854E-1 7.89904E-1 7.87546E-1 7.80306E-1 7.77342E-1 7.82517E-1 7.78637E-1 7.6668E-1 7.44988E-1 7.3373E-1 7.19732E-1 7.06801E-1 7.11671E-1 7.1314E-1 7.00286E-1 6.9932E-1 6.93443E-1 6.98351E-1 6.91102E-1
-9999 -9999 -9999 -9999 -9999 -9999 -9999 -9999 -9999 -9999 -9999 -9999 -9999 -9999 -9999 -9999 -9999 -9999 -9999 -9999 -9999 -9999 -9999 -9999 -9999 -9999 -9999 -9999 -9999 -9999 -9999 -9999 -9999 -9999 -9999 -9999 -9999 -9999 8.11301E-1 7.98553E-1 7.97332E-1 7.95385E-1 7.92459E-1 7.94025E-1 7.94587E-1 7.95001E-1 7.78093E-1 7.74034E-1 7.80849E-1 7.74388E-1 7.5232E-1 7.34618E-1 7.22366E-1 7.12213E-1 7.16118E-1 7.1314E-1 7.11066E-1 7.09384E-1 6.94998E-1 6.94026E-1 6.9208E-1
-9999 -9999 -9999 -9999 -9999 -9999 -9999 -9999 -9999 -9999 -9999 -9999 -9999 -9999 -9999 -9999 -9999 -9999 -9999 -9999 -9999 -9999 -9999 -9999 -9999 -9999 -9999 -9999 -9999 8.53179E-1 -9999 -9999 -9999 -9999 -9999 -9999 -9999 -9999 8.16422E-1 8.03091E-1 7.97303E-1 8.0852E-1 7.9875E-1 8.03103E-1 7.91541E-1 7.92474E-1 7.86885E-1 7.81794E-1 7.79684E-1 7.70594E-1 7.56582E-1 7.40717E-1 7.31835E-1 7.19557E-1 7.1451E-1 7.18404E-1 7.11066E-1 7.04507E-1 6.97675E-1 6.96704E-1 6.90518E-1
