Artocarpus heterophyllus SDM files/Last interglacial/results (with bias file)/Arthet_1.asc
ncols         625
nrows         721
xllcorner     69.99986311115
yllcorner     5.99986151914999
cellsize      0.041666667
NODATA_value  -9999
[rows 405 to 431 of 721, columns 122 to 182 of 625]
4.75451E-1 4.74934E-1 4.71399E-1 4.74897E-1 4.79588E-1 4.90449E-1 4.91564E-1 4.93971E-1 4.96344E-1 5.01715E-1 5.02895E-1 5.03161E-1 5.04875E-1 5.09908E-1 5.10643E-1 5.17146E-1 5.21033E-1 5.2543E-1 5.17694E-1 5.22973E-1 5.30097E-1 5.31644E-1 5.36587E-1 5.36172E-1 5.3621E-1 5.40148E-1 5.42002E-1 5.41807E-1 5.52737E-1 5.52085E-1 5.56686E-1 5.63791E-1 5.6502E-1 5.6335E-1 5.71413E-1 5.79424E-1 5.80445E-1 5.80982E-1 5.79094E-1 5.85201E-1 5.84687E-1 5.9673E-1 5.94566E-1 5.94753E-1 5.98122E-1 5.96105E-1 6.00074E-1 6.03162E-1 6.03628E-1 6.03246E-1 6.13638E-1 6.12396E-1 6.11676E-1 6.14184E-1 6.12242E-1 6.11876E-1 6.18043E-1 6.16954E-1 6.29542E-1 6.36566E-1 6.38459E-1
4.71277E-1 4.7381E-1 4.72889E-1 4.69201E-1 4.68419E-1 4.77477E-1 4.86749E-1 4.92826E-1 4.87605E-1 4.93867E-1 4.97658E-1 4.97235E-1 5.04874E-1 5.07564E-1 5.09407E-1 5.12155E-1 5.1624E-1 5.24124E-1 5.207E-1 5.22525E-1 5.2375E-1 5.28927E-1 5.30455E-1 5.31799E-1 5.42848E-1 5.38502E-1 5.4E-1 5.43264E-1 5.48227E-1 5.51256E-1 5.56372E-1 5.58122E-1 5.64326E-1 5.66272E-1 5.62177E-1 5.72739E-1 5.76038E-1 5.87975E-1 5.85021E-1 5.84363E-1 5.83996E-1 5.85703E-1 5.92099E-1 5.96546E-1 5.92873E-1 6.00447E-1 6.02306E-1 6.0651E-1 6.02586E-1 6.02185E-1 6.10319E-1 6.11504E-1 6.09649E-1 6.12574E-1 6.10456E-1 6.10105E-1 6.16853E-1 6.17858E-1 6.28746E-1 6.3517E-1 6.36125E-1
4.71931E-1 4.78865E-1 4.80084E-1 4.73092E-1 4.72901E-1 4.7344E-1 4.78666E-1 4.83372E-1 4.90727E-1 4.91956E-1 4.97161E-1 4.98868E-1 5.02961E-1 5.00103E-1 5.06223E-1 5.0694E-1 5.09265E-1 5.11049E-1 5.17486E-1 5.20357E-1 5.24949E-1 5.253E-1 5.28522E-1 5.30174E-1 5.35228E-1 5.39638E-1 5.36417E-1 5.37753E-1 5.43889E-1 5.46537E-1 5.50585E-1 5.57909E-1 5.56126E-1 5.61505E-1 5.64892E-1 5.71658E-1 5.69751E-1 5.75514E-1 5.86619E-1 5.85557E-1 5.85249E-1 5.84815E-1 5.9107E-1 5.95512E-1 5.95477E-1 6.03988E-1 6.05165E-1 6.03442E-1 6.01629E-1 6.04943E-1 6.02382E-1 6.11493E-1 6.13749E-1 6.06695E-1 6.05871E-1 6.04877E-1 6.10604E-1 6.18084E-1 6.27164E-1 6.23712E-1 6.32784E-1
4.77113E-1 4.77556E-1 4.90938E-1 4.8373E-1 4.74309E-1 4.70683E-1 4.75435E-1 4.80028E-1 4.88671E-1 4.89151E-1 4.89961E-1 4.93086E-1 4.97873E-1 5.00061E-1 5.04225E-1 5.04171E-1 5.07545E-1 5.09837E-1 5.2251E-1 5.19737E-1 5.1892E-1 5.2637E-1 5.2641E-1 5.2708E-1 5.28896E-1 5.33094E-1 5.35988E-1 5.34547E-1 5.40715E-1 5.45884E-1 5.52695E-1 5.49654E-1 5.54362E-1 5.5889E-1 5.61391E-1 5.68749E-1 5.65684E-1 5.69737E-1 5.75734E-1 5.82423E-1 5.86055E-1 5.82923E-1 5.95226E-1 5.90266E-1 5.94074E-1 5.96594E-1 6.03106E-1 5.98242E-1 5.98277E-1 6.04079E-1 6.07323E-1 6.1376E-1 6.10671E-1 6.08782E-1 6.10632E-1 6.06864E-1 6.11433E-1 6.12828E-1 6.23815E-1 6.26206E-1 6.31697E-1
4.69005E-1 4.84251E-1 4.86291E-1 4.96366E-1 4.80814E-1 4.74835E-1 4.69459E-1 4.78571E-1 4.8977E-1 4.85466E-1 4.87452E-1 4.90643E-1 4.92387E-1 5.07704E-1 5.02367E-1 4.9873E-1 5.09343E-1 5.05443E-1 5.19856E-1 5.30672E-1 5.27394E-1 5.31058E-1 5.20539E-1 5.19257E-1 5.21296E-1 5.35105E-1 5.39713E-1 5.31732E-1 5.37037E-1 5.41536E-1 5.44586E-1 5.44399E-1 5.54266E-1 5.61792E-1 5.599E-1 5.68024E-1 5.61553E-1 5.67593E-1 5.7246E-1 5.79375E-1 5.84585E-1 5.86544E-1 5.89235E-1 5.90361E-1 5.91737E-1 5.96243E-1 5.97402E-1 5.91083E-1 5.96195E-1 6.01738E-1 6.04758E-1 6.10715E-1 6.06652E-1 6.0448E-1 6.037E-1 6.05153E-1 6.04488E-1 6.09474E-1 6.20396E-1 6.16325E-1 6.26699E-1
4.69094E-1 4.78326E-1 4.92783E-1 4.96605E-1 4.85464E-1 4.70996E-1 4.72823E-1 4.78174E-1 4.89956E-1 4.99861E-1 4.92097E-1 4.8647E-1 4.93041E-1 4.97162E-1 5.02535E-1 4.9473E-1 5.09583E-1 5.10713E-1 5.21443E-1 5.36197E-1 5.23691E-1 5.2173E-1 5.19793E-1 5.22733E-1 5.24365E-1 5.40954E-1 5.42284E-1 5.31809E-1 5.34059E-1 5.35093E-1 5.40606E-1 5.42454E-1 5.51914E-1 5.60935E-1 5.64703E-1 5.56979E-1 5.64571E-1 5.68744E-1 5.7319E-1 5.72542E-1 5.75002E-1 5.81141E-1 5.87574E-1 5.95909E-1 5.89587E-1 5.95409E-1 5.97617E-1 5.95009E-1 6.00006E-1 5.98768E-1 5.99575E-1 6.07319E-1 6.03452E-1 6.12828E-1 6.07676E-1 6.06559E-1 6.06198E-1 6.11805E-1 6.09943E-1 6.14834E-1 6.20955E-1
4.69886E-1 4.8619E-1 4.92809E-1 4.97983E-1 4.92866E-1 4.8061E-1 4.77692E-1 4.91492E-1 4.86372E-1 4.9515E-1 4.82417E-1 4.89314E-1 4.92299E-1 4.99597E-1 4.99145E-1 5.00709E-1 5.22646E-1 5.17493E-1 5.15139E-1 5.1989E-1 5.24099E-1 5.16546E-1 5.24087E-1 5.14769E-1 5.24466E-1 5.45229E-1 5.4376E-1 5.34608E-1 5.35414E-1 5.34267E-1 5.35532E-1 5.35549E-1 5.4336E-1 5.54944E-1 5.61845E-1 5.60332E-1 5.63705E-1 5.74877E-1 5.76082E-1 5.65763E-1 5.73458E-1 5.83381E-1 5.80365E-1 5.86097E-1 5.93756E-1 6.00082E-1 6.05013E-1 5.95585E-1 5.8889E-1 5.97225E-1 5.96132E-1 6.07548E-1 6.07051E-1 5.9764E-1 5.99071E-1 6.09015E-1 6.1378E-1 6.05788E-1 6.10301E-1 6.08751E-1 6.18223E-1
4.74279E-1 4.82612E-1 4.88845E-1 4.98001E-1 4.94623E-1 4.9389E-1 4.9108E-1 4.93035E-1 4.9281E-1 4.97188E-1 4.93692E-1 4.92147E-1 4.88591E-1 4.97955E-1 5.00588E-1 5.04714E-1 5.13179E-1 5.20886E-1 5.10324E-1 5.27065E-1 5.19575E-1 5.16854E-1 5.1948E-1 5.22053E-1 5.30785E-1 5.43335E-1 5.40919E-1 5.34422E-1 5.31528E-1 5.3214E-1 5.39628E-1 5.34929E-1 5.45646E-1 5.52759E-1 5.52034E-1 5.58894E-1 5.65241E-1 5.7936E-1 5.69354E-1 5.65392E-1 5.86169E-1 5.80063E-1 5.78015E-1 5.85141E-1 5.86388E-1 5.98916E-1 6.07267E-1 6.02259E-1 5.86159E-1 5.87306E-1 5.97235E-1 5.98729E-1 6.07741E-1 6.10112E-1 6.09886E-1 6.10442E-1 6.10345E-1 6.07446E-1 6.08295E-1 6.0936E-1 6.11749E-1
4.65102E-1 4.78801E-1 4.83648E-1 4.92437E-1 4.93842E-1 5.00314E-1 5.03532E-1 5.0082E-1 4.98135E-1 5.00943E-1 5.0866E-1 5.04125E-1 4.97547E-1 5.01504E-1 5.04666E-1 5.09942E-1 5.12931E-1 5.16329E-1 5.21967E-1 5.27451E-1 5.27663E-1 5.24719E-1 5.20727E-1 5.29951E-1 5.41731E-1 5.38098E-1 5.36994E-1 5.34778E-1 5.3069E-1 5.30239E-1 5.40171E-1 5.38599E-1 5.46812E-1 5.4671E-1 5.54689E-1 5.56724E-1 5.64843E-1 5.66299E-1 5.64989E-1 5.68351E-1 5.80198E-1 5.87012E-1 5.81311E-1 5.90762E-1 5.82707E-1 5.93438E-1 5.92887E-1 5.93933E-1 5.98682E-1 6.07107E-1 5.89836E-1 5.93332E-1 5.96553E-1 5.94124E-1 5.99436E-1 6.11101E-1 6.18012E-1 6.10032E-1 6.10685E-1 6.15341E-1 6.15158E-1
4.6827E-1 4.75624E-1 4.8087E-1 4.83868E-1 4.86319E-1 4.93639E-1 5.04709E-1 5.08348E-1 4.97705E-1 4.99723E-1 5.06265E-1 5.07664E-1 5.05711E-1 4.99799E-1 5.04966E-1 5.13343E-1 5.16849E-1 5.21531E-1 5.29073E-1 5.24755E-1 5.31512E-1 5.3071E-1 5.38393E-1 5.44102E-1 5.43551E-1 5.37683E-1 5.36822E-1 5.37754E-1 5.35244E-1 5.34554E-1 5.34424E-1 5.4811E-1 5.53603E-1 5.54068E-1 5.52989E-1 5.50023E-1 5.58375E-1 5.64171E-1 5.61614E-1 5.67988E-1 5.80653E-1 5.88048E-1 5.7837E-1 5.82556E-1 5.8376E-1 5.87874E-1 5.93878E-1 5.95989E-1 6.03222E-1 6.03586E-1 5.94274E-1 5.95846E-1 5.95474E-1 5.8945E-1 5.92318E-1 5.97497E-1 6.14308E-1 6.14308E-1 6.17697E-1 6.15793E-1 6.13801E-1
4.70648E-1 4.76436E-1 4.77399E-1 4.75144E-1 4.82614E-1 4.89184E-1 4.96186E-1 4.97595E-1 4.98361E-1 5.10071E-1 5.10889E-1 5.11766E-1 5.06725E-1 5.02666E-1 5.10657E-1 5.11516E-1 5.14228E-1 5.1839E-1 5.27937E-1 5.26419E-1 5.30578E-1 5.29388E-1 5.37597E-1 5.41489E-1 5.53212E-1 5.42922E-1 5.42305E-1 5.48618E-1 5.47508E-1 5.43947E-1 5.4245E-1 5.49727E-1 5.52798E-1 5.53201E-1 5.5581E-1 5.62558E-1 5.59736E-1 5.53984E-1 5.63621E-1 5.68128E-1 5.73676E-1 5.7917E-1 5.79858E-1 5.80461E-1 5.88456E-1 5.88355E-1 5.94881E-1 5.93768E-1 5.99807E-1 6.04678E-1 5.9576E-1 5.99979E-1 5.90907E-1 5.93696E-1 5.88581E-1 5.92526E-1 5.94658E-1 6.07259E-1 6.0932E-1 6.17196E-1 6.18064E-1
4.6172E-1 4.72012E-1 4.79823E-1 4.7868E-1 4.81907E-1 4.87485E-1 4.92994E-1 4.85066E-1 4.887E-1 5.03383E-1 5.10544E-1 5.07354E-1 5.04896E-1 5.06675E-1 5.02823E-1 5.09614E-1 5.13777E-1 5.19784E-1 5.2527E-1 5.27368E-1 5.31611E-1 5.28453E-1 5.35842E-1 5.31859E-1 5.47993E-1 5.4321E-1 5.47479E-1 5.52514E-1 5.49407E-1 5.51016E-1 5.53638E-1 5.53095E-1 5.52743E-1 5.50922E-1 5.53871E-1 5.6785E-1 5.74329E-1 5.65353E-1 5.5569E-1 5.64011E-1 5.68484E-1 5.71143E-1 5.76906E-1 5.82806E-1 5.87625E-1 5.899E-1 5.87311E-1 5.9526E-1 5.95716E-1 6.02849E-1 6.00829E-1 5.95762E-1 5.96155E-1 5.84904E-1 5.87985E-1 5.9627E-1 5.90251E-1 5.92788E-1 5.96083E-1 6.09809E-1 6.16412E-1
4.51787E-1 4.6484E-1 4.72958E-1 4.78568E-1 4.88436E-1 4.823E-1 4.8248E-1 4.79625E-1 4.89147E-1 5.0169E-1 5.10668E-1 5.07466E-1 4.98437E-1 5.06972E-1 5.02308E-1 5.01928E-1 5.04754E-1 5.09426E-1 5.13824E-1 5.18041E-1 5.28347E-1 5.27429E-1 5.32462E-1 5.28848E-1 5.45198E-1 5.39516E-1 5.44497E-1 5.49895E-1 5.48653E-1 5.50649E-1 5.55795E-1 5.60491E-1 5.63546E-1 5.628E-1 5.65854E-1 5.64527E-1 5.68249E-1 5.70618E-1 5.55781E-1 5.65015E-1 5.68459E-1 5.6775E-1 5.73283E-1 5.86415E-1 5.9764E-1 5.8821E-1 5.83786E-1 5.97202E-1 5.9531E-1 6.02398E-1 5.98491E-1 5.9495E-1 5.99732E-1 5.99406E-1 5.96055E-1 5.95308E-1 5.89014E-1 5.93669E-1 6.02066E-1 6.04411E-1 6.08356E-1
4.54442E-1 4.58878E-1 4.67519E-1 4.77125E-1 4.82731E-1 4.79926E-1 4.87086E-1 4.86442E-1 4.88588E-1 4.99648E-1 5.0775E-1 5.10056E-1 5.05674E-1 5.06816E-1 5.09306E-1 5.0179E-1 5.01864E-1 5.03698E-1 5.06783E-1 5.08463E-1 5.21408E-1 5.26387E-1 5.26437E-1 5.29862E-1 5.38849E-1 5.42163E-1 5.42517E-1 5.49416E-1 5.52942E-1 5.46656E-1 5.54955E-1 5.55114E-1 5.65378E-1 5.6559E-1 5.61353E-1 5.6303E-1 5.70222E-1 5.7401E-1 5.63776E-1 5.59914E-1 5.7051E-1 5.66059E-1 5.7154E-1 5.89447E-1 5.92444E-1 5.87819E-1 5.91046E-1 5.84913E-1 5.89352E-1 5.99933E-1 5.99833E-1 6.0089E-1 5.97993E-1 6.00653E-1 6.0815E-1 5.97136E-1 5.96554E-1 5.90315E-1 5.92544E-1 6.04967E-1 6.04102E-1
4.5687E-1 4.56644E-1 4.62988E-1 4.72794E-1 4.78014E-1 4.81859E-1 4.77493E-1 4.83176E-1 4.89143E-1 4.97009E-1 5.02259E-1 5.08446E-1 5.1177E-1 5.12637E-1 5.22686E-1 5.20952E-1 5.04653E-1 5.03085E-1 5.07585E-1 5.17318E-1 5.22473E-1 5.23612E-1 5.26894E-1 5.22399E-1 5.31861E-1 5.36093E-1 5.43113E-1 5.44488E-1 5.44325E-1 5.45841E-1 5.46295E-1 5.53517E-1 5.59951E-1 5.66992E-1 5.65303E-1 5.57852E-1 5.67053E-1 5.7619E-1 5.81642E-1 5.69123E-1 5.73942E-1 5.70987E-1 5.665E-1 5.74886E-1 5.78778E-1 5.78314E-1 5.8435E-1 5.90359E-1 5.85907E-1 5.92233E-1 5.96637E-1 5.94275E-1 6.02358E-1 5.94195E-1 6.06247E-1 6.11061E-1 6.08429E-1 6.00185E-1 6.03584E-1 6.0156E-1 6.07193E-1
4.63508E-1 4.65153E-1 4.60711E-1 4.63534E-1 4.7466E-1 4.81184E-1 4.76955E-1 4.8177E-1 4.84561E-1 4.92465E-1 4.93427E-1 5.0302E-1 5.07803E-1 5.15893E-1 5.23634E-1 5.23403E-1 5.14482E-1 5.09916E-1 5.05563E-1 5.11225E-1 5.17661E-1 5.22392E-1 5.24086E-1 5.31883E-1 5.30195E-1 5.34254E-1 5.3717E-1 5.36831E-1 5.41389E-1 5.43663E-1 5.41917E-1 5.46205E-1 5.51239E-1 5.61219E-1 5.63878E-1 5.62492E-1 5.65527E-1 5.76756E-1 5.83031E-1 5.82807E-1 5.88002E-1 5.79186E-1 5.83858E-1 5.74055E-1 5.69827E-1 5.75432E-1 5.79589E-1 5.82474E-1 5.83569E-1 5.85902E-1 5.85886E-1 5.84178E-1 5.86498E-1 5.99747E-1 5.98165E-1 5.96478E-1 6.02266E-1 5.99569E-1 6.00928E-1 6.00386E-1 6.07847E-1
4.55565E-1 4.61042E-1 4.64391E-1 4.63087E-1 4.73084E-1 4.79266E-1 4.72721E-1 4.84053E-1 4.84297E-1 4.88999E-1 4.88629E-1 4.95548E-1 4.96195E-1 5.13337E-1 5.22397E-1 5.27892E-1 5.29636E-1 5.19544E-1 5.12084E-1 5.17299E-1 5.16892E-1 5.18766E-1 5.19287E-1 5.26929E-1 5.33171E-1 5.40695E-1 5.33935E-1 5.30716E-1 5.42144E-1 5.47369E-1 5.41759E-1 5.47511E-1 5.50197E-1 5.50433E-1 5.55344E-1 5.5933E-1 5.68879E-1 5.70466E-1 5.76932E-1 5.88274E-1 5.92161E-1 5.84541E-1 5.91072E-1 5.85047E-1 5.76416E-1 5.66488E-1 5.86455E-1 5.76363E-1 5.803E-1 5.79852E-1 5.84585E-1 5.81092E-1 5.78586E-1 5.80903E-1 5.87551E-1 6.02528E-1 6.04826E-1 5.99766E-1 6.0618E-1 6.05589E-1 6.03015E-1
4.52758E-1 4.54446E-1 4.57169E-1 4.58074E-1 4.74274E-1 4.75519E-1 4.71902E-1 4.86054E-1 4.86614E-1 4.80119E-1 4.85059E-1 4.94052E-1 5.01403E-1 5.03632E-1 5.11591E-1 5.20777E-1 5.29845E-1 5.2839E-1 5.25277E-1 5.17187E-1 5.22148E-1 5.2819E-1 5.25854E-1 5.3351E-1 5.33847E-1 5.37188E-1 5.31785E-1 5.30301E-1 5.44426E-1 5.4088E-1 5.38663E-1 5.48281E-1 5.52638E-1 5.46733E-1 5.52538E-1 5.5064E-1 5.53295E-1 5.63546E-1 5.74491E-1 5.79916E-1 5.89305E-1 5.77159E-1 5.94003E-1 5.96683E-1 5.90265E-1 5.75021E-1 5.91284E-1 5.92364E-1 5.78423E-1 5.74743E-1 5.77062E-1 5.83646E-1 5.7954E-1 5.81401E-1 5.88778E-1 6.04846E-1 5.94368E-1 6.01276E-1 6.00308E-1 5.99056E-1 5.99681E-1
4.59097E-1 4.61792E-1 4.56233E-1 4.5619E-1 4.60999E-1 4.63452E-1 4.75724E-1 4.89826E-1 4.82387E-1 4.84379E-1 4.8383E-1 4.89264E-1 4.94823E-1 5.0589E-1 5.11265E-1 5.20205E-1 5.25642E-1 5.28953E-1 5.3216E-1 5.26328E-1 5.22494E-1 5.26425E-1 5.30898E-1 5.38662E-1 5.39964E-1 5.39938E-1 5.4122E-1 5.36286E-1 5.41584E-1 5.35912E-1 5.38424E-1 5.37267E-1 5.4955E-1 5.5071E-1 5.53052E-1 5.50343E-1 5.52701E-1 5.57561E-1 5.66977E-1 5.7537E-1 5.80883E-1 5.79128E-1 5.93628E-1 5.93124E-1 5.96388E-1 5.82799E-1 5.95402E-1 5.84665E-1 5.8322E-1 5.76666E-1 5.70968E-1 5.76959E-1 5.82779E-1 5.9102E-1 5.85368E-1 5.95523E-1 5.94451E-1 5.92342E-1 5.91902E-1 5.92817E-1 5.9265E-1
4.70215E-1 4.66788E-1 4.61016E-1 4.5536E-1 4.59647E-1 4.63287E-1 4.66457E-1 4.78548E-1 4.82264E-1 4.77909E-1 4.87196E-1 4.91421E-1 4.94908E-1 5.00911E-1 5.07852E-1 5.12523E-1 5.20042E-1 5.25668E-1 5.33388E-1 5.44538E-1 5.34966E-1 5.25486E-1 5.26304E-1 5.26473E-1 5.3716E-1 5.41923E-1 5.47579E-1 5.49283E-1 5.44026E-1 5.36265E-1 5.41996E-1 5.46522E-1 5.52784E-1 5.55139E-1 5.55533E-1 5.56302E-1 5.52244E-1 5.59711E-1 5.65728E-1 5.7607E-1 5.76614E-1 5.73628E-1 5.85352E-1 5.90116E-1 5.97106E-1 5.91427E-1 5.89605E-1 5.86349E-1 5.83849E-1 5.88889E-1 5.74238E-1 5.74703E-1 5.77065E-1 5.76695E-1 5.91572E-1 5.95477E-1 5.94651E-1 5.85091E-1 5.84963E-1 5.86154E-1 5.87485E-1
4.69665E-1 4.71682E-1 4.64488E-1 4.66742E-1 4.57928E-1 4.63889E-1 4.66137E-1 4.69973E-1 4.80484E-1 4.7883E-1 4.87548E-1 4.8743E-1 4.92011E-1 4.96447E-1 5.02263E-1 5.07576E-1 5.11513E-1 5.18973E-1 5.23379E-1 5.35632E-1 5.39498E-1 5.37659E-1 5.21075E-1 5.24009E-1 5.24738E-1 5.31686E-1 5.42829E-1 5.47411E-1 5.52135E-1 5.38041E-1 5.38807E-1 5.40309E-1 5.5026E-1 5.51171E-1 5.53197E-1 5.5401E-1 5.58523E-1 5.58266E-1 5.55342E-1 5.69562E-1 5.75685E-1 5.72322E-1 5.70994E-1 5.8503E-1 5.96785E-1 5.89543E-1 5.91208E-1 5.89402E-1 5.80482E-1 5.88831E-1 5.84782E-1 5.92087E-1 5.85413E-1 5.7943E-1 5.86186E-1 5.86056E-1 5.82934E-1 5.88449E-1 5.8798E-1 5.89075E-1 5.87342E-1
4.6845E-1 4.6577E-1 4.68053E-1 4.69561E-1 4.63348E-1 4.60745E-1 4.62497E-1 4.66881E-1 4.7919E-1 4.78609E-1 4.8315E-1 4.78868E-1 4.90901E-1 4.94264E-1 5.00714E-1 5.02979E-1 5.06033E-1 5.13294E-1 5.25216E-1 5.34255E-1 5.42431E-1 5.37338E-1 5.30747E-1 5.3089E-1 5.263E-1 5.23732E-1 5.31778E-1 5.44788E-1 5.546E-1 5.4892E-1 5.35927E-1 5.34977E-1 5.381E-1 5.41805E-1 5.50104E-1 5.48258E-1 5.56333E-1 5.51239E-1 5.53168E-1 5.60005E-1 5.65593E-1 5.70911E-1 5.75104E-1 5.76592E-1 5.91676E-1 5.94207E-1 5.82135E-1 5.82484E-1 5.83233E-1 5.91477E-1 5.93695E-1 5.92182E-1 5.93273E-1 5.97966E-1 5.88465E-1 5.82207E-1 5.84396E-1 5.86798E-1 5.89468E-1 5.93327E-1 5.95644E-1
4.61839E-1 4.63375E-1 4.68068E-1 4.76737E-1 4.65618E-1 4.59378E-1 4.61011E-1 4.61504E-1 4.72263E-1 4.822E-1 4.87523E-1 4.91517E-1 4.88612E-1 4.85588E-1 4.91611E-1 5.01881E-1 5.10016E-1 5.0533E-1 5.21146E-1 5.25989E-1 5.33311E-1 5.41963E-1 5.36389E-1 5.36283E-1 5.25212E-1 5.24551E-1 5.27525E-1 5.35693E-1 5.50822E-1 5.45874E-1 5.51435E-1 5.47709E-1 5.40697E-1 5.3872E-1 5.5013E-1 5.46002E-1 5.47264E-1 5.47067E-1 5.50483E-1 5.58872E-1 5.59233E-1 5.57747E-1 5.60619E-1 5.67528E-1 5.80256E-1 5.93928E-1 5.87951E-1 5.76446E-1 5.77146E-1 5.8115E-1 5.95916E-1 5.89607E-1 5.95065E-1 6.00539E-1 5.97376E-1 5.80292E-1 5.79484E-1 5.81091E-1 5.89668E-1 5.90449E-1 6.05957E-1
4.5329E-1 4.62134E-1 4.70115E-1 4.69738E-1 4.6999E-1 4.67069E-1 4.57398E-1 4.60615E-1 4.65765E-1 4.76579E-1 4.85754E-1 4.8802E-1 4.85664E-1 4.87165E-1 4.91483E-1 4.98176E-1 4.93282E-1 5.03795E-1 5.1525E-1 5.18225E-1 5.26571E-1 5.36038E-1 5.43312E-1 5.42228E-1 5.36527E-1 5.29707E-1 5.22526E-1 5.28438E-1 5.4544E-1 5.44705E-1 5.49418E-1 5.5393E-1 5.48128E-1 5.43851E-1 5.56291E-1 5.52759E-1 5.44806E-1 5.45313E-1 5.46736E-1 5.65851E-1 5.68017E-1 5.59985E-1 5.5049E-1 5.58816E-1 5.72371E-1 5.84775E-1 5.76421E-1 5.78622E-1 5.76363E-1 5.82683E-1 5.93121E-1 5.82933E-1 5.8882E-1 5.91486E-1 5.96203E-1 5.94609E-1 5.95408E-1 5.87231E-1 5.82524E-1 5.88637E-1 5.93914E-1
4.51521E-1 4.60691E-1 4.67939E-1 4.67792E-1 4.75821E-1 4.66595E-1 4.57894E-1 4.55958E-1 4.59542E-1 4.63734E-1 4.72155E-1 4.85307E-1 4.8795E-1 4.89004E-1 4.92371E-1 4.95086E-1 4.91777E-1 5.05296E-1 5.13276E-1 5.18536E-1 5.24257E-1 5.3195E-1 5.38157E-1 5.44999E-1 5.32429E-1 5.32078E-1 5.26241E-1 5.27145E-1 5.3182E-1 5.43096E-1 5.47273E-1 5.50208E-1 5.45377E-1 5.37547E-1 5.55017E-1 5.56931E-1 5.57332E-1 5.51633E-1 5.45639E-1 5.51894E-1 5.63339E-1 5.64863E-1 5.61221E-1 5.5218E-1 5.61858E-1 5.67886E-1 5.70155E-1 5.76636E-1 5.79647E-1 5.7581E-1 5.76565E-1 5.85087E-1 5.8664E-1 5.90547E-1 5.87576E-1 5.94137E-1 5.96288E-1 5.88966E-1 5.93962E-1 5.81295E-1 5.85768E-1
4.47018E-1 4.53171E-1 4.66412E-1 4.72172E-1 4.74001E-1 4.6858E-1 4.62487E-1 4.63963E-1 4.59369E-1 4.62119E-1 4.68941E-1 4.79472E-1 4.86857E-1 4.96168E-1 4.87698E-1 4.82743E-1 4.96533E-1 5.02785E-1 5.07839E-1 5.1115E-1 5.17504E-1 5.22859E-1 5.30273E-1 5.43584E-1 5.34658E-1 5.23575E-1 5.2159E-1 5.21944E-1 5.25203E-1 5.33471E-1 5.38223E-1 5.45439E-1 5.47061E-1 5.39455E-1 5.40026E-1 5.49793E-1 5.54507E-1 5.5569E-1 5.51965E-1 5.51969E-1 5.66214E-1 5.64394E-1 5.65429E-1 5.60074E-1 5.58903E-1 5.69933E-1 5.64828E-1 5.73419E-1 5.83749E-1 5.8139E-1 5.74211E-1 5.72E-1 5.66857E-1 5.75802E-1 5.81835E-1 5.87831E-1 5.93111E-1 5.86234E-1 5.97564E-1 5.97128E-1 5.86882E-1
4.49143E-1 4.61558E-1 4.66089E-1 4.66664E-1 4.69055E-1 4.71634E-1 4.64253E-1 4.57722E-1 4.57317E-1 4.65574E-1 4.69113E-1 4.75706E-1 4.85879E-1 4.9219E-1 4.89448E-1 4.88611E-1 4.98074E-1 5.03526E-1 5.10655E-1 5.08661E-1 5.15961E-1 5.19201E-1 5.2741E-1 5.42069E-1 5.38354E-1 5.31344E-1 5.21377E-1 5.16375E-1 5.21935E-1 5.17372E-1 5.2816E-1 5.34529E-1 5.43492E-1 5.43123E-1 5.40178E-1 5.45597E-1 5.46868E-1 5.48086E-1 5.50835E-1 5.52179E-1 5.53171E-1 5.65596E-1 5.67025E-1 5.63049E-1 5.6572E-1 5.69146E-1 5.67043E-1 5.7425E-1 5.75595E-1 5.80897E-1 5.83937E-1 5.787E-1 5.7698E-1 5.65222E-1 5.71246E-1 5.77072E-1 5.83349E-1 5.91041E-1 5.87276E-1 5.97477E-1 6.01981E-1
