Artocarpus heterophyllus SDM files/Last interglacial/results (with bias file)/Arthet_1.asc
ncols         625
nrows         721
xllcorner     69.99986311115
yllcorner     5.99986151914999
cellsize      0.041666667
NODATA_value  -9999
[rows 351 to 377 of 721, columns 122 to 182 of 625]
5.08144E-1 5.05764E-1 5.14949E-1 5.16645E-1 5.17051E-1 5.1978E-1 5.28205E-1 5.31614E-1 5.3842E-1 5.41143E-1 5.43357E-1 5.5398E-1 5.55143E-1 5.5869E-1 5.58362E-1 5.48355E-1 5.378E-1 5.24527E-1 5.24177E-1 5.3328E-1 5.45837E-1 5.48941E-1 5.49522E-1 5.44482E-1 5.57529E-1 5.3872E-1 5.34019E-1 5.47212E-1 5.46179E-1 5.44815E-1 5.53999E-1 5.68715E-1 5.7143E-1 5.6468E-1 5.65237E-1 5.62546E-1 5.71382E-1 5.79669E-1 5.83025E-1 5.86241E-1 5.85751E-1 6.00195E-1 6.07406E-1 5.89603E-1 5.89236E-1 5.93561E-1 6.12047E-1 6.01863E-1 5.98762E-1 6.15734E-1 6.19758E-1 6.2496E-1 6.35095E-1 6.30277E-1 6.24824E-1 5.93388E-1 5.87646E-1 5.995E-1 6.13785E-1 5.9759E-1 5.86322E-1
5.00557E-1 5.04938E-1 5.29422E-1 5.18519E-1 5.17845E-1 5.273E-1 5.25132E-1 5.28603E-1 5.40709E-1 5.43148E-1 5.49461E-1 5.47083E-1 5.53869E-1 5.5522E-1 5.52376E-1 5.36266E-1 5.24176E-1 5.25536E-1 5.22347E-1 5.31319E-1 5.4372E-1 5.3361E-1 5.45821E-1 5.41436E-1 5.57226E-1 5.48959E-1 5.41188E-1 5.42548E-1 5.47164E-1 5.50524E-1 5.62562E-1 5.69488E-1 5.74166E-1 5.74168E-1 5.74054E-1 5.72497E-1 5.75862E-1 5.83455E-1 5.82125E-1 5.9139E-1 5.97631E-1 5.98721E-1 6.05208E-1 6.0202E-1 6.07745E-1 5.97677E-1 6.04703E-1 6.16214E-1 6.0886E-1 6.20495E-1 6.33643E-1 6.23767E-1 5.99498E-1 5.92289E-1 5.91351E-1 5.89797E-1 5.82941E-1 5.92413E-1 5.97715E-1 5.98675E-1 5.947E-1
5.0797E-1 5.10781E-1 5.17767E-1 5.23962E-1 5.23762E-1 5.28559E-1 5.27867E-1 5.38631E-1 5.42856E-1 5.5316E-1 5.51865E-1 5.47037E-1 5.54582E-1 5.51404E-1 5.4837E-1 5.42437E-1 5.31609E-1 5.36416E-1 5.28629E-1 5.33613E-1 5.40788E-1 5.2546E-1 5.30964E-1 5.34141E-1 5.4414E-1 5.42744E-1 5.459E-1 5.49307E-1 5.53572E-1 5.60818E-1 5.61414E-1 5.62029E-1 5.64001E-1 5.75402E-1 5.79744E-1 5.8329E-1 5.84118E-1 5.7617E-1 5.86307E-1 5.86137E-1 6.03296E-1 6.08115E-1 6.10031E-1 6.09571E-1 6.03937E-1 6.06051E-1 6.17785E-1 6.21031E-1 6.17338E-1 6.18029E-1 6.06853E-1 5.88379E-1 5.81706E-1 5.88766E-1 5.83915E-1 5.86981E-1 5.88336E-1 5.93977E-1 5.95521E-1 5.98898E-1 5.9981E-1
5.12769E-1 5.12047E-1 5.20766E-1 5.23566E-1 5.22962E-1 5.25762E-1 5.2648E-1 5.33093E-1 5.40117E-1 5.48146E-1 5.47995E-1 5.41575E-1 5.45854E-1 5.53251E-1 5.48925E-1 5.54295E-1 5.49133E-1 5.44865E-1 5.4676E-1 5.3339E-1 5.28072E-1 5.32204E-1 5.29291E-1 5.39688E-1 5.40022E-1 5.44197E-1 5.4848E-1 5.50725E-1 5.62983E-1 5.59121E-1 5.64057E-1 5.67972E-1 5.73676E-1 5.71606E-1 5.77803E-1 5.8365E-1 5.91549E-1 5.98415E-1 5.90921E-1 5.785E-1 5.80639E-1 5.99091E-1 6.06876E-1 6.09053E-1 5.98135E-1 6.09524E-1 6.22137E-1 6.1333E-1 6.00198E-1 6.01049E-1 6.01311E-1 5.93791E-1 5.85125E-1 5.85299E-1 5.84144E-1 5.87223E-1 5.89672E-1 5.97656E-1 5.97012E-1 5.9636E-1 6.02713E-1
5.19008E-1 5.07799E-1 5.19932E-1 5.18664E-1 5.22287E-1 5.23624E-1 5.23479E-1 5.25672E-1 5.33997E-1 5.31276E-1 5.35534E-1 5.35232E-1 5.41502E-1 5.44102E-1 5.43366E-1 5.39102E-1 5.43435E-1 5.47876E-1 5.46758E-1 5.35617E-1 5.34977E-1 5.36552E-1 5.36666E-1 5.42366E-1 5.42644E-1 5.50014E-1 5.5523E-1 5.54607E-1 5.55892E-1 5.60541E-1 5.616E-1 5.65027E-1 5.75188E-1 5.78736E-1 5.80907E-1 5.93215E-1 5.95943E-1 5.98604E-1 5.93199E-1 5.7926E-1 5.79755E-1 5.91866E-1 5.93656E-1 6.07309E-1 6.11621E-1 6.04265E-1 6.00123E-1 5.82267E-1 5.85597E-1 5.96811E-1 6.01336E-1 5.95967E-1 5.87524E-1 5.89748E-1 5.90348E-1 5.93467E-1 5.96085E-1 5.98705E-1 5.98106E-1 5.9792E-1 5.93672E-1
5.09597E-1 5.17554E-1 5.13834E-1 5.19699E-1 5.20197E-1 5.2358E-1 5.21224E-1 5.26666E-1 5.30585E-1 5.32935E-1 5.30609E-1 5.36055E-1 5.39909E-1 5.3792E-1 5.40549E-1 5.38151E-1 5.48032E-1 5.43611E-1 5.36654E-1 5.39281E-1 5.43716E-1 5.41423E-1 5.3908E-1 5.41507E-1 5.50551E-1 5.52364E-1 5.60022E-1 5.61254E-1 5.56451E-1 5.64883E-1 5.6928E-1 5.71522E-1 5.75688E-1 5.81818E-1 5.87457E-1 5.887E-1 5.88463E-1 5.89425E-1 5.84118E-1 5.75344E-1 5.78695E-1 5.90606E-1 5.83378E-1 5.94185E-1 5.94439E-1 5.87214E-1 5.87752E-1 5.97107E-1 5.96031E-1 5.96255E-1 5.9676E-1 5.91348E-1 6.01896E-1 5.98172E-1 5.93356E-1 5.87419E-1 5.96936E-1 5.96086E-1 5.94781E-1 5.99146E-1 5.98613E-1
5.14412E-1 5.17369E-1 5.12793E-1 5.15567E-1 5.18412E-1 5.26442E-1 5.29335E-1 5.2955E-1 5.28774E-1 5.31392E-1 5.32292E-1 5.32061E-1 5.34922E-1 5.37357E-1 5.38577E-1 5.44272E-1 5.44263E-1 5.43136E-1 5.37875E-1 5.43066E-1 5.40504E-1 5.42984E-1 5.43473E-1 5.48239E-1 5.52528E-1 5.59109E-1 5.61903E-1 5.638E-1 5.65149E-1 5.66141E-1 5.70151E-1 5.79136E-1 5.85491E-1 5.81991E-1 5.81241E-1 5.67964E-1 5.75366E-1 5.74108E-1 5.72759E-1 5.73633E-1 5.83226E-1 5.82955E-1 5.87557E-1 5.90995E-1 5.92093E-1 5.90168E-1 5.97553E-1 6.00756E-1 5.97042E-1 5.96115E-1 5.95965E-1 5.94595E-1 5.98381E-1 5.97733E-1 5.96721E-1 5.94209E-1 5.95477E-1 5.94192E-1 5.94137E-1 5.98401E-1 6.00064E-1
5.10642E-1 5.15705E-1 5.15307E-1 5.15737E-1 5.16608E-1 5.2309E-1 5.24486E-1 5.29052E-1 5.30376E-1 5.29656E-1 5.36965E-1 5.30006E-1 5.30529E-1 5.2872E-1 5.38436E-1 5.40971E-1 5.4336E-1 5.43302E-1 5.36503E-1 5.42499E-1 5.44494E-1 5.42575E-1 5.48881E-1 5.52979E-1 5.57728E-1 5.62322E-1 5.65044E-1 5.71451E-1 5.74995E-1 5.79356E-1 5.70074E-1 5.75914E-1 5.61109E-1 5.59896E-1 5.66518E-1 5.74761E-1 5.80746E-1 5.75913E-1 5.82211E-1 5.81064E-1 5.81419E-1 5.86857E-1 5.83125E-1 5.85927E-1 5.92698E-1 5.95803E-1 5.94174E-1 5.976E-1 5.96252E-1 5.92372E-1 5.97484E-1 5.96383E-1 5.96833E-1 5.96482E-1 5.92543E-1 5.94374E-1 5.94377E-1 5.90536E-1 5.92605E-1 5.94378E-1 5.98094E-1
5.12073E-1 5.16324E-1 5.16165E-1 5.15804E-1 5.24633E-1 5.21494E-1 5.24268E-1 5.28514E-1 5.31361E-1 5.30693E-1 5.30451E-1 5.27877E-1 5.34237E-1 5.34682E-1 5.33529E-1 5.37943E-1 5.44965E-1 5.46754E-1 5.46215E-1 5.42944E-1 5.4482E-1 5.51381E-1 5.45248E-1 5.46238E-1 5.51058E-1 5.59491E-1 5.68416E-1 5.65712E-1 5.6828E-1 5.70151E-1 5.76716E-1 5.69799E-1 5.61474E-1 5.64785E-1 5.72875E-1 5.76716E-1 5.80724E-1 5.7412E-1 5.81715E-1 5.83686E-1 5.85867E-1 5.86549E-1 5.91644E-1 5.90323E-1 5.88485E-1 5.91878E-1 5.97924E-1 6.04417E-1 5.9696E-1 5.89573E-1 5.96949E-1 5.96109E-1 5.9519E-1 5.91967E-1 5.9145E-1 5.94257E-1 5.90727E-1 5.90919E-1 5.95047E-1 5.88623E-1 5.94406E-1
5.14851E-1 5.1685E-1 5.18041E-1 5.19753E-1 5.23209E-1 5.20088E-1 5.21776E-1 5.26438E-1 5.37451E-1 5.31832E-1 5.29199E-1 5.30752E-1 5.35575E-1 5.33438E-1 5.33652E-1 5.36816E-1 5.5008E-1 5.48185E-1 5.45772E-1 5.38021E-1 5.45794E-1 5.56371E-1 5.46606E-1 5.43218E-1 5.47446E-1 5.50933E-1 5.55778E-1 5.57018E-1 5.59619E-1 5.72755E-1 5.71504E-1 5.68958E-1 5.7017E-1 5.76356E-1 5.74708E-1 5.77561E-1 5.81528E-1 5.8216E-1 5.83877E-1 5.83936E-1 5.9467E-1 5.93944E-1 5.91579E-1 5.88024E-1 5.8801E-1 5.95039E-1 5.99089E-1 5.99725E-1 5.93637E-1 5.92891E-1 5.9168E-1 6.00129E-1 5.91445E-1 5.91387E-1 5.91266E-1 5.90326E-1 5.96134E-1 5.97164E-1 5.93208E-1 5.97293E-1 5.97576E-1
5.15975E-1 5.22071E-1 5.25411E-1 5.24911E-1 5.23047E-1 5.18177E-1 5.22821E-1 5.3013E-1 5.35905E-1 5.31296E-1 5.35236E-1 5.36227E-1 5.41404E-1 5.3127E-1 5.36598E-1 5.4012E-1 5.48682E-1 5.50554E-1 5.46058E-1 5.35293E-1 5.4592E-1 5.55448E-1 5.59381E-1 5.50004E-1 5.48775E-1 5.45545E-1 5.50445E-1 5.54516E-1 5.60622E-1 5.65782E-1 5.66556E-1 5.67582E-1 5.76361E-1 5.76331E-1 5.75476E-1 5.71207E-1 5.7866E-1 5.78251E-1 5.81969E-1 5.89952E-1 5.94544E-1 5.90189E-1 5.91513E-1 5.87558E-1 5.91469E-1 5.9462E-1 5.98182E-1 5.9683E-1 5.92302E-1 5.92351E-1 5.91039E-1 5.99887E-1 5.97699E-1 5.97064E-1 5.97006E-1 5.97106E-1 5.97049E-1 5.93247E-1 5.90389E-1 5.97397E-1 5.94369E-1
5.16366E-1 5.18027E-1 5.26478E-1 5.20988E-1 5.14362E-1 5.18264E-1 5.25932E-1 5.36005E-1 5.28195E-1 5.28994E-1 5.38478E-1 5.4478E-1 5.38385E-1 5.32785E-1 5.27594E-1 5.41464E-1 5.5351E-1 5.50601E-1 5.46566E-1 5.40013E-1 5.45444E-1 5.5123E-1 5.57015E-1 5.54028E-1 5.49397E-1 5.47928E-1 5.54157E-1 5.57335E-1 5.57426E-1 5.62361E-1 5.67145E-1 5.69431E-1 5.71257E-1 5.78832E-1 5.73287E-1 5.76666E-1 5.79084E-1 5.80119E-1 5.87909E-1 5.89347E-1 5.90404E-1 5.90404E-1 5.96615E-1 5.94032E-1 5.94275E-1 5.96794E-1 5.98811E-1 5.97166E-1 5.94989E-1 5.92117E-1 5.96129E-1 5.97064E-1 5.94003E-1 5.93771E-1 5.97575E-1 5.98413E-1 5.93704E-1 5.93426E-1 5.93885E-1 5.97847E-1 5.9046E-1
5.16537E-1 5.22074E-1 5.28638E-1 5.23004E-1 5.19384E-1 5.18152E-1 5.32467E-1 5.34351E-1 5.23696E-1 5.29702E-1 5.4675E-1 5.50651E-1 5.42898E-1 5.3576E-1 5.33459E-1 5.38785E-1 5.46637E-1 5.53408E-1 5.56444E-1 5.53135E-1 5.54873E-1 5.57963E-1 5.51418E-1 5.49397E-1 5.51786E-1 5.53063E-1 5.57763E-1 5.58537E-1 5.60018E-1 5.65371E-1 5.67618E-1 5.73534E-1 5.75258E-1 5.77276E-1 5.75256E-1 5.74781E-1 5.79001E-1 5.85299E-1 5.88078E-1 5.87513E-1 5.87818E-1 5.86152E-1 5.93547E-1 5.92019E-1 5.94601E-1 5.97519E-1 6.00573E-1 5.97216E-1 5.95498E-1 5.99638E-1 5.96696E-1 5.94798E-1 5.96647E-1 5.94797E-1 5.97204E-1 5.95871E-1 5.90771E-1 5.9021E-1 5.97959E-1 5.96747E-1 5.91644E-1
5.17831E-1 5.2761E-1 5.27295E-1 5.1903E-1 5.18582E-1 5.25315E-1 5.34578E-1 5.29467E-1 5.28364E-1 5.37914E-1 5.46807E-1 5.51466E-1 5.41932E-1 5.32122E-1 5.38417E-1 5.42353E-1 5.49496E-1 5.52377E-1 5.55607E-1 5.49648E-1 5.55235E-1 5.61296E-1 5.5209E-1 5.52207E-1 5.55187E-1 5.64034E-1 5.59554E-1 5.63122E-1 5.72583E-1 5.67064E-1 5.6689E-1 5.68667E-1 5.7663E-1 5.78934E-1 5.76895E-1 5.76464E-1 5.81393E-1 5.85065E-1 5.86781E-1 5.84572E-1 5.8774E-1 5.90648E-1 5.89815E-1 5.94264E-1 5.95132E-1 5.95992E-1 5.9577E-1 5.94622E-1 5.97556E-1 6.00485E-1 5.97547E-1 5.94388E-1 5.97156E-1 5.94271E-1 5.97715E-1 5.94093E-1 5.91686E-1 5.92606E-1 6.00762E-1 6.00828E-1 6.0101E-1
5.20593E-1 5.26464E-1 5.22964E-1 5.17827E-1 5.21966E-1 5.24501E-1 5.23031E-1 5.24884E-1 5.36367E-1 5.39561E-1 5.47056E-1 5.46125E-1 5.3415E-1 5.30062E-1 5.39285E-1 5.38375E-1 5.46875E-1 5.61603E-1 5.59731E-1 5.46572E-1 5.55023E-1 5.59964E-1 5.53309E-1 5.51337E-1 5.59582E-1 5.64017E-1 5.65197E-1 5.67845E-1 5.72298E-1 5.68023E-1 5.6751E-1 5.7528E-1 5.7636E-1 5.76213E-1 5.74315E-1 5.82206E-1 5.80489E-1 5.81596E-1 5.85057E-1 5.88627E-1 5.90804E-1 5.91879E-1 5.95908E-1 5.91957E-1 5.97184E-1 5.94313E-1 5.93696E-1 5.94029E-1 5.97823E-1 5.98106E-1 6.04845E-1 6.02261E-1 5.96274E-1 5.9713E-1 6.03117E-1 6.03977E-1 5.96497E-1 6.03528E-1 6.04509E-1 6.05547E-1 6.10675E-1
5.21516E-1 5.26367E-1 5.20177E-1 5.18025E-1 5.16978E-1 5.1663E-1 5.20034E-1 5.2624E-1 5.38178E-1 5.39244E-1 5.46384E-1 5.47527E-1 5.2849E-1 5.397E-1 5.40568E-1 5.38476E-1 5.49611E-1 5.54812E-1 5.61898E-1 5.59598E-1 5.59872E-1 5.61936E-1 5.56583E-1 5.60592E-1 5.59147E-1 5.63656E-1 5.63772E-1 5.63714E-1 5.75081E-1 5.73315E-1 5.68742E-1 5.77612E-1 5.75417E-1 5.78927E-1 5.80779E-1 5.77173E-1 5.81041E-1 5.85304E-1 5.92227E-1 5.88265E-1 5.90041E-1 5.948E-1 6.02162E-1 5.98847E-1 5.99142E-1 5.92604E-1 5.93685E-1 5.94435E-1 5.95872E-1 5.99127E-1 6.07138E-1 6.06517E-1 6.00584E-1 5.93853E-1 6.07716E-1 6.06445E-1 6.06163E-1 6.01733E-1 6.07603E-1 6.06802E-1 6.15758E-1
5.18995E-1 5.18281E-1 5.17426E-1 5.22555E-1 5.22698E-1 5.21464E-1 5.20149E-1 5.2651E-1 5.42768E-1 5.42086E-1 5.39455E-1 5.3206E-1 5.33503E-1 5.36994E-1 5.41091E-1 5.43434E-1 5.4642E-1 5.47024E-1 5.55557E-1 5.67613E-1 5.65086E-1 5.61502E-1 5.56491E-1 5.60363E-1 5.59645E-1 5.63925E-1 5.63142E-1 5.70707E-1 5.71857E-1 5.71401E-1 5.77355E-1 5.7498E-1 5.73403E-1 5.84094E-1 5.77897E-1 5.76257E-1 5.80377E-1 5.87672E-1 5.86889E-1 5.88257E-1 5.92214E-1 6.03352E-1 6.06931E-1 6.01672E-1 5.90804E-1 5.92978E-1 6.00061E-1 6.02354E-1 6.01902E-1 6.07586E-1 6.1048E-1 6.06614E-1 6.00747E-1 6.05592E-1 6.14679E-1 6.11388E-1 6.02875E-1 6.05292E-1 6.15186E-1 6.11658E-1 6.12443E-1
5.09306E-1 5.11786E-1 5.12717E-1 5.21945E-1 5.22839E-1 5.27308E-1 5.21791E-1 5.24959E-1 5.36942E-1 5.40322E-1 5.4266E-1 5.39331E-1 5.36563E-1 5.34994E-1 5.37334E-1 5.44751E-1 5.43232E-1 5.47857E-1 5.54633E-1 5.57237E-1 5.64372E-1 5.64479E-1 5.70659E-1 5.64583E-1 5.58646E-1 5.60132E-1 5.73878E-1 5.7138E-1 5.70636E-1 5.79096E-1 5.77951E-1 5.72464E-1 5.72715E-1 5.85795E-1 5.80272E-1 5.8121E-1 5.79948E-1 5.84097E-1 5.83848E-1 5.8384E-1 5.94187E-1 6.04703E-1 6.08765E-1 5.99698E-1 5.90045E-1 5.97554E-1 6.03057E-1 6.07822E-1 6.08321E-1 6.13812E-1 6.00936E-1 6.00566E-1 6.07582E-1 6.1565E-1 6.16147E-1 6.11496E-1 6.05682E-1 6.08681E-1 6.16436E-1 6.1649E-1 6.07299E-1
5.09515E-1 5.13573E-1 5.22813E-1 5.21631E-1 5.21566E-1 5.2544E-1 5.2077E-1 5.20371E-1 5.30465E-1 5.36957E-1 5.40233E-1 5.46156E-1 5.44731E-1 5.34058E-1 5.40664E-1 5.43853E-1 5.40926E-1 5.4303E-1 5.52276E-1 5.55782E-1 5.65215E-1 5.69993E-1 5.68676E-1 5.69651E-1 5.66673E-1 5.69691E-1 5.70515E-1 5.73662E-1 5.69146E-1 5.82913E-1 5.80558E-1 5.69174E-1 5.75116E-1 5.84988E-1 5.80112E-1 5.84584E-1 5.87681E-1 5.83587E-1 5.8113E-1 5.92435E-1 5.96888E-1 6.02344E-1 6.09682E-1 6.02632E-1 5.99054E-1 5.9617E-1 6.05996E-1 6.14795E-1 6.21349E-1 6.10429E-1 6.03151E-1 6.03332E-1 6.1069E-1 6.18531E-1 6.14804E-1 6.11202E-1 6.09649E-1 6.16716E-1 6.16551E-1 6.13625E-1 6.14143E-1
5.10979E-1 5.14359E-1 5.12369E-1 5.2103E-1 5.25402E-1 5.23779E-1 5.23175E-1 5.2442E-1 5.26443E-1 5.33258E-1 5.43744E-1 5.47316E-1 5.46228E-1 5.4234E-1 5.39117E-1 5.38458E-1 5.39455E-1 5.41013E-1 5.50585E-1 5.52829E-1 5.60584E-1 5.68992E-1 5.68729E-1 5.70624E-1 5.6383E-1 5.69777E-1 5.76229E-1 5.75274E-1 5.67356E-1 5.89447E-1 5.82041E-1 5.7226E-1 5.72592E-1 5.83506E-1 5.84264E-1 5.83525E-1 5.8167E-1 5.82415E-1 5.84776E-1 5.85983E-1 5.94928E-1 6.01416E-1 6.07711E-1 6.15453E-1 6.07627E-1 6.02901E-1 6.06624E-1 6.12741E-1 6.19769E-1 6.14975E-1 6.00043E-1 6.07638E-1 6.09816E-1 6.21983E-1 6.23219E-1 6.20594E-1 6.18531E-1 6.2374E-1 6.1598E-1 6.18421E-1 6.19005E-1
5.13646E-1 5.08565E-1 5.1755E-1 5.2609E-1 5.26726E-1 5.20261E-1 5.23685E-1 5.2126E-1 5.2565E-1 5.31973E-1 5.42298E-1 5.49054E-1 5.42826E-1 5.49169E-1 5.4028E-1 5.355E-1 5.38154E-1 5.37979E-1 5.53994E-1 5.53955E-1 5.55861E-1 5.58088E-1 5.72113E-1 5.73586E-1 5.72197E-1 5.77433E-1 5.82615E-1 5.83114E-1 5.69374E-1 5.84149E-1 5.79978E-1 5.72829E-1 5.76102E-1 5.92242E-1 5.8108E-1 5.80057E-1 5.79073E-1 5.81976E-1 5.96287E-1 5.94697E-1 5.93352E-1 5.99351E-1 6.11231E-1 6.1996E-1 6.16194E-1 6.08547E-1 6.07378E-1 6.10543E-1 6.1864E-1 6.20928E-1 6.06434E-1 6.13877E-1 6.21703E-1 6.29462E-1 6.32102E-1 6.25384E-1 6.3244E-1 6.25271E-1 6.2403E-1 6.25554E-1 6.29244E-1
5.08537E-1 5.1278E-1 5.17511E-1 5.25643E-1 5.30604E-1 5.24075E-1 5.26438E-1 5.22852E-1 5.33091E-1 5.31562E-1 5.35343E-1 5.48119E-1 5.42844E-1 5.34215E-1 5.39802E-1 5.38382E-1 5.44962E-1 5.51482E-1 5.56677E-1 5.6277E-1 5.6067E-1 5.71954E-1 5.65817E-1 5.71485E-1 5.70837E-1 5.74544E-1 5.79872E-1 5.81395E-1 5.80013E-1 5.75E-1 5.67748E-1 5.72919E-1 5.83753E-1 5.8996E-1 5.84656E-1 5.88058E-1 5.82761E-1 5.87229E-1 5.8368E-1 5.9312E-1 5.95685E-1 6.02851E-1 6.1486E-1 6.15182E-1 6.21036E-1 6.16544E-1 6.12304E-1 6.14691E-1 6.24185E-1 6.15136E-1 6.15486E-1 6.24987E-1 6.24411E-1 6.37414E-1 6.34586E-1 6.29221E-1 6.3357E-1 6.26305E-1 6.24532E-1 6.29391E-1 6.27721E-1
5.10933E-1 5.12563E-1 5.19526E-1 5.2359E-1 5.29384E-1 5.24787E-1 5.31638E-1 5.38651E-1 5.46327E-1 5.50543E-1 5.38508E-1 5.32513E-1 5.34594E-1 5.40204E-1 5.35939E-1 5.3346E-1 5.44422E-1 5.4085E-1 5.43908E-1 5.57188E-1 5.64384E-1 5.77996E-1 5.78669E-1 5.77276E-1 5.65896E-1 5.71106E-1 5.67902E-1 5.80178E-1 5.83448E-1 5.81052E-1 5.73476E-1 5.80179E-1 5.8629E-1 5.8144E-1 5.87142E-1 5.82117E-1 5.83508E-1 5.8482E-1 5.89187E-1 5.90869E-1 6.00024E-1 6.05205E-1 6.14294E-1 6.1872E-1 6.19381E-1 6.17443E-1 6.28238E-1 6.22733E-1 6.20398E-1 6.15454E-1 6.19487E-1 6.27588E-1 6.25712E-1 6.33944E-1 6.40947E-1 6.31816E-1 6.32836E-1 6.28397E-1 6.27774E-1 6.28231E-1 6.25046E-1
5.12843E-1 5.20031E-1 5.18189E-1 5.30186E-1 5.3265E-1 5.21631E-1 5.35852E-1 5.35891E-1 5.31496E-1 5.51767E-1 5.50223E-1 5.3794E-1 5.39045E-1 5.45704E-1 5.44025E-1 5.41049E-1 5.39682E-1 5.3969E-1 5.38948E-1 5.52066E-1 5.6049E-1 5.73517E-1 5.82036E-1 5.80323E-1 5.73173E-1 5.70166E-1 5.74091E-1 5.74529E-1 5.76887E-1 5.84233E-1 5.8266E-1 5.83413E-1 5.80513E-1 5.83064E-1 5.87912E-1 5.82952E-1 5.86322E-1 5.89553E-1 5.89238E-1 5.94775E-1 5.99038E-1 6.02491E-1 6.17608E-1 6.25507E-1 6.2114E-1 6.17621E-1 6.23019E-1 6.31794E-1 6.23299E-1 6.16229E-1 6.31348E-1 6.34975E-1 6.27543E-1 6.35706E-1 6.38807E-1 6.30407E-1 6.25834E-1 6.25104E-1 6.2533E-1 6.2567E-1 6.22444E-1
5.15506E-1 5.16047E-1 5.38126E-1 5.38075E-1 5.299E-1 5.20864E-1 5.14922E-1 5.25041E-1 5.29624E-1 5.40258E-1 5.47729E-1 5.38271E-1 5.34762E-1 5.38068E-1 5.47985E-1 5.50111E-1 5.4036E-1 5.42565E-1 5.43063E-1 5.46192E-1 5.53999E-1 5.62855E-1 5.77074E-1 5.81451E-1 5.76991E-1 5.68504E-1 5.66561E-1 5.70869E-1 5.74278E-1 5.82268E-1 5.91338E-1 5.81833E-1 5.79817E-1 5.89253E-1 5.85704E-1 5.92476E-1 5.88079E-1 5.81594E-1 5.90797E-1 5.98497E-1 6.06717E-1 6.10834E-1 6.18537E-1 6.27737E-1 6.24163E-1 6.17331E-1 6.25309E-1 6.2735E-1 6.30243E-1 6.17763E-1 6.32012E-1 6.36885E-1 6.30226E-1 6.28653E-1 6.27124E-1 6.27859E-1 6.24305E-1 6.2527E-1 6.25843E-1 6.21499E-1 6.24255E-1
5.157E-1 5.23255E-1 5.38508E-1 5.29449E-1 5.25562E-1 5.24071E-1 5.14403E-1 5.12677E-1 5.16728E-1 5.26565E-1 5.37736E-1 5.34945E-1 5.3778E-1 5.44688E-1 5.4287E-1 5.45711E-1 5.49135E-1 5.47494E-1 5.47741E-1 5.48534E-1 5.49057E-1 5.55661E-1 5.68692E-1 5.87021E-1 5.80103E-1 5.76451E-1 5.72052E-1 5.66977E-1 5.76874E-1 5.83698E-1 5.86716E-1 5.84211E-1 5.926E-1 5.93452E-1 5.89077E-1 5.87355E-1 6.00165E-1 5.94186E-1 5.96781E-1 5.97599E-1 6.0817E-1 6.09641E-1 6.11997E-1 6.26861E-1 6.25335E-1 6.20755E-1 6.29074E-1 6.24584E-1 6.28581E-1 6.33654E-1 6.32048E-1 6.26295E-1 6.26384E-1 6.28589E-1 6.31805E-1 6.27526E-1 6.27804E-1 6.30794E-1 6.34863E-1 6.2998E-1 6.30315E-1
5.18134E-1 5.2365E-1 5.35892E-1 5.2564E-1 5.2067E-1 5.29207E-1 5.19731E-1 5.12964E-1 5.15714E-1 5.24806E-1 5.27189E-1 5.30946E-1 5.33169E-1 5.44449E-1 5.4084E-1 5.39052E-1 5.5323E-1 5.44694E-1 5.46435E-1 5.48992E-1 5.51085E-1 5.51451E-1 5.6575E-1 5.75144E-1 5.7788E-1 5.80363E-1 5.75058E-1 5.78762E-1 5.77531E-1 5.80758E-1 5.85086E-1 5.77022E-1 5.87008E-1 5.93097E-1 5.9293E-1 5.93036E-1 5.90011E-1 6.01259E-1 6.07021E-1 6.06297E-1 6.0827E-1 6.07383E-1 6.07612E-1 6.23253E-1 6.23008E-1 6.24657E-1 6.20068E-1 6.29778E-1 6.3838E-1 6.31667E-1 6.2638E-1 6.26402E-1 6.21548E-1 6.27514E-1 6.2965E-1 6.38015E-1 6.33101E-1 6.33947E-1 6.33834E-1 6.34746E-1 6.26028E-1
