Artocarpus heterophyllus SDM files/Last interglacial/results (with bias file)/Arthet_median.asc
ncols         625
nrows         721
xllcorner     69.99986311115
yllcorner     5.99986151914999
cellsize      0.041666667
NODATA_value  -9999
[rows 324 to 350 of 721, columns 488 to 548 of 625]
7.20632E-1 7.29091E-1 7.34649E-1 7.49713E-1 7.54792E-1 7.65113E-1 7.71806E-1 7.74852E-1 7.76902E-1 7.75366E-1 7.80599E-1 7.7572E-1 7.79372E-1 -9999 -9999 7.66773E-1 7.64141E-1 -9999 -9999 7.54588E-1 7.54667E-1 7.47187E-1 7.33883E-1 7.34184E-1 -9999 7.29084E-1 7.2382E-1 7.26653E-1 7.27826E-1 -9999 -9999 7.06597E-1 7.01056E-1 6.9355E-1 7.01504E-1 6.98674E-1 6.87585E-1 6.86727E-1 6.81386E-1 6.71537E-1 6.65076E-1 6.68124E-1 6.55995E-1 6.4975E-1 6.55536E-1 6.57701E-1 6.68847E-1 6.49326E-1 6.32325E-1 6.62463E-1 6.52227E-1 6.53122E-1 6.44183E-1 6.36821E-1 6.42014E-1 6.43413E-1 6.65065E-1 6.56194E-1 6.23204E-1 6.45203E-1 6.30616E-1
7.29268E-1 7.41744E-1 7.49106E-1 7.60178E-1 7.63114E-1 7.67753E-1 -9999 7.78984E-1 7.83748E-1 7.86904E-1 7.82054E-1 7.83994E-1 7.83462E-1 7.78647E-1 -9999 7.77819E-1 7.70088E-1 7.71953E-1 7.70605E-1 7.58316E-1 7.58487E-1 -9999 -9999 -9999 -9999 7.33882E-1 7.2856E-1 7.29156E-1 7.3019E-1 -9999 -9999 -9999 7.01522E-1 6.9679E-1 7.0081E-1 7.01052E-1 6.92277E-1 6.87975E-1 6.8942E-1 6.77186E-1 6.66665E-1 6.67692E-1 6.70818E-1 6.63334E-1 6.60907E-1 6.55866E-1 6.75112E-1 6.68934E-1 6.47705E-1 6.50475E-1 6.54735E-1 6.58965E-1 6.4443E-1 6.42641E-1 6.40171E-1 6.29858E-1 6.57302E-1 6.61771E-1 6.27701E-1 6.15416E-1 6.20377E-1
7.39385E-1 7.52765E-1 7.58592E-1 7.60396E-1 7.72946E-1 7.76437E-1 7.80776E-1 7.83181E-1 7.86093E-1 7.88023E-1 7.90393E-1 7.93659E-1 7.90234E-1 7.90037E-1 -9999 7.82078E-1 7.77156E-1 7.79407E-1 7.72794E-1 7.62533E-1 7.63025E-1 -9999 -9999 -9999 -9999 7.38727E-1 7.36471E-1 7.32955E-1 7.29008E-1 7.2949E-1 -9999 -9999 -9999 7.05158E-1 7.01016E-1 7.05837E-1 6.97059E-1 6.96859E-1 6.91119E-1 6.78517E-1 6.80508E-1 6.75203E-1 6.76645E-1 6.7313E-1 6.50027E-1 6.62963E-1 6.58833E-1 6.7565E-1 6.55341E-1 6.42021E-1 6.55062E-1 6.53511E-1 6.49699E-1 6.3793E-1 6.32638E-1 6.30526E-1 6.38823E-1 6.37613E-1 6.29056E-1 6.26969E-1 6.27696E-1
7.51988E-1 7.54502E-1 7.64139E-1 7.68936E-1 7.7983E-1 7.84339E-1 7.87514E-1 7.91134E-1 7.94158E-1 7.94227E-1 7.98221E-1 7.92728E-1 7.96271E-1 7.96502E-1 -9999 -9999 7.84641E-1 7.84126E-1 7.81483E-1 7.82306E-1 7.67302E-1 -9999 -9999 -9999 -9999 -9999 7.43829E-1 7.38154E-1 7.3323E-1 7.29084E-1 -9999 -9999 -9999 7.11134E-1 7.03513E-1 7.04648E-1 6.99861E-1 6.98966E-1 6.96542E-1 6.91743E-1 6.92611E-1 6.83498E-1 6.79021E-1 6.65348E-1 6.65175E-1 6.6093E-1 6.49464E-1 6.47952E-1 6.60561E-1 6.56744E-1 6.53065E-1 6.46924E-1 6.54544E-1 6.37686E-1 6.34357E-1 6.31645E-1 6.28079E-1 6.10532E-1 6.26303E-1 6.17592E-1 6.26518E-1
7.58108E-1 7.63118E-1 7.76437E-1 7.78633E-1 7.86217E-1 7.92765E-1 7.94665E-1 7.93029E-1 8.01736E-1 8.05134E-1 8.0239E-1 8.04768E-1 8.07622E-1 -9999 7.97471E-1 8.02987E-1 -9999 7.90966E-1 7.80519E-1 7.80602E-1 -9999 -9999 -9999 -9999 -9999 -9999 -9999 7.43863E-1 7.39213E-1 -9999 -9999 -9999 -9999 -9999 7.10708E-1 7.04059E-1 7.03675E-1 6.96005E-1 6.98074E-1 6.95994E-1 6.87713E-1 6.92488E-1 6.83983E-1 6.73387E-1 6.69893E-1 6.71973E-1 6.58019E-1 6.44707E-1 6.63519E-1 6.63406E-1 6.64702E-1 6.48712E-1 6.52061E-1 6.46054E-1 6.32067E-1 6.27008E-1 6.27311E-1 6.06176E-1 6.22625E-1 6.17046E-1 6.01942E-1
7.69982E-1 7.74733E-1 7.86099E-1 7.86053E-1 7.89116E-1 7.95301E-1 8.04929E-1 -9999 8.10084E-1 8.13831E-1 8.16841E-1 8.08259E-1 8.07693E-1 -9999 8.05512E-1 8.07497E-1 -9999 7.99531E-1 8.0002E-1 7.91779E-1 7.92757E-1 -9999 -9999 -9999 -9999 -9999 -9999 -9999 -9999 -9999 -9999 -9999 -9999 -9999 7.10889E-1 7.11727E-1 7.08678E-1 7.01127E-1 6.98503E-1 6.93787E-1 6.88044E-1 6.80541E-1 6.89312E-1 6.80027E-1 6.73824E-1 6.6825E-1 6.61892E-1 6.51825E-1 6.42672E-1 6.71372E-1 6.71628E-1 6.61003E-1 6.59234E-1 6.51896E-1 6.44818E-1 6.25382E-1 6.37199E-1 6.30829E-1 6.25854E-1 6.24448E-1 6.29014E-1
7.7937E-1 7.82574E-1 7.8604E-1 7.95078E-1 7.95623E-1 8.04163E-1 8.03724E-1 -9999 8.14374E-1 8.10043E-1 8.1499E-1 8.13657E-1 8.19709E-1 -9999 8.15057E-1 8.12557E-1 -9999 8.05648E-1 8.04216E-1 7.98975E-1 7.97766E-1 -9999 -9999 -9999 -9999 -9999 -9999 -9999 -9999 -9999 -9999 -9999 -9999 -9999 7.1886E-1 7.11029E-1 7.15214E-1 7.07385E-1 7.06996E-1 6.97232E-1 6.85773E-1 6.83311E-1 6.74074E-1 6.65492E-1 6.63798E-1 6.5489E-1 6.53693E-1 6.51671E-1 6.47016E-1 6.50923E-1 6.66279E-1 6.5907E-1 6.66571E-1 6.58374E-1 6.4527E-1 6.31235E-1 6.45704E-1 6.44698E-1 6.27263E-1 6.36138E-1 6.28554E-1
7.78913E-1 7.90017E-1 7.93941E-1 7.99725E-1 8.04251E-1 8.11025E-1 -9999 8.13351E-1 8.16748E-1 8.21454E-1 8.26024E-1 8.25641E-1 8.23738E-1 -9999 8.20284E-1 8.18362E-1 -9999 8.16346E-1 8.15094E-1 8.0712E-1 8.02075E-1 -9999 -9999 -9999 -9999 -9999 -9999 -9999 -9999 -9999 -9999 -9999 -9999 -9999 7.24356E-1 7.19728E-1 7.20252E-1 7.12553E-1 7.05928E-1 7.04218E-1 6.93005E-1 6.75853E-1 6.76153E-1 6.65784E-1 6.7144E-1 6.61025E-1 6.54867E-1 6.58318E-1 6.50662E-1 6.51332E-1 6.564E-1 6.74357E-1 6.48428E-1 6.63449E-1 6.5159E-1 6.32907E-1 6.4145E-1 6.29573E-1 6.24091E-1 6.32934E-1 6.29906E-1
7.95321E-1 8.01656E-1 7.99814E-1 8.09525E-1 8.15623E-1 8.17255E-1 -9999 8.23668E-1 8.26699E-1 8.33197E-1 8.23766E-1 8.23002E-1 8.24128E-1 -9999 8.32262E-1 8.23009E-1 8.21706E-1 8.22841E-1 8.19727E-1 8.13164E-1 -9999 -9999 -9999 -9999 -9999 -9999 -9999 -9999 -9999 -9999 -9999 -9999 -9999 -9999 -9999 7.2739E-1 7.20956E-1 7.19319E-1 7.12627E-1 7.06918E-1 6.93994E-1 6.79484E-1 6.64155E-1 6.70255E-1 6.75281E-1 6.76669E-1 6.70579E-1 6.582E-1 6.56862E-1 6.50588E-1 6.63103E-1 6.69114E-1 6.55645E-1 6.68603E-1 6.5108E-1 6.376E-1 6.4058E-1 6.13497E-1 6.13319E-1 6.23275E-1 6.24428E-1
8.00985E-1 8.06157E-1 8.11058E-1 8.15234E-1 8.24706E-1 -9999 8.29545E-1 8.34346E-1 8.25404E-1 8.26105E-1 8.32054E-1 8.34512E-1 -9999 -9999 8.32947E-1 -9999 -9999 8.29317E-1 8.25267E-1 8.17019E-1 -9999 -9999 -9999 -9999 -9999 -9999 -9999 -9999 -9999 -9999 -9999 -9999 -9999 -9999 -9999 7.26911E-1 7.29319E-1 7.26471E-1 7.22443E-1 7.17985E-1 7.00686E-1 6.94121E-1 6.83175E-1 6.73047E-1 6.70095E-1 6.9184E-1 6.79101E-1 6.72259E-1 6.76085E-1 6.66062E-1 6.43396E-1 6.7087E-1 6.63378E-1 6.70189E-1 6.48598E-1 6.3262E-1 6.33494E-1 6.06942E-1 6.11908E-1 6.23131E-1 6.1228E-1
8.05806E-1 8.17535E-1 8.20553E-1 8.19455E-1 8.29074E-1 8.31374E-1 8.34273E-1 8.31172E-1 8.35469E-1 8.38251E-1 8.37073E-1 8.35649E-1 -9999 -9999 8.38488E-1 -9999 8.34124E-1 8.3323E-1 -9999 -9999 -9999 -9999 -9999 -9999 -9999 -9999 -9999 -9999 -9999 -9999 -9999 -9999 -9999 -9999 -9999 -9999 7.34854E-1 7.32603E-1 7.20594E-1 7.21539E-1 7.12313E-1 6.94413E-1 6.92616E-1 6.85158E-1 6.81227E-1 6.70292E-1 6.89742E-1 6.81876E-1 6.62492E-1 6.45681E-1 6.65418E-1 6.88591E-1 6.65556E-1 6.6404E-1 6.44091E-1 6.33957E-1 6.26366E-1 6.09787E-1 6.1759E-1 6.28792E-1 6.12936E-1
8.1872E-1 8.28058E-1 8.18861E-1 8.29588E-1 8.3419E-1 8.31381E-1 8.43826E-1 8.42798E-1 8.43907E-1 8.42708E-1 8.41826E-1 -9999 -9999 -9999 -9999 -9999 -9999 -9999 -9999 -9999 -9999 -9999 -9999 -9999 -9999 -9999 -9999 -9999 -9999 -9999 -9999 -9999 -9999 -9999 -9999 -9999 7.38589E-1 7.32697E-1 7.20954E-1 7.17826E-1 7.16768E-1 7.02748E-1 6.9261E-1 6.85293E-1 6.74506E-1 6.66692E-1 6.81243E-1 6.66218E-1 6.56584E-1 6.46589E-1 6.47593E-1 6.70507E-1 6.57074E-1 6.65272E-1 6.57933E-1 6.34137E-1 6.23894E-1 6.07405E-1 6.15386E-1 6.31181E-1 6.20084E-1
8.26203E-1 8.3112E-1 8.35704E-1 8.34439E-1 8.37224E-1 8.42333E-1 8.47605E-1 8.45759E-1 8.41654E-1 -9999 -9999 -9999 -9999 -9999 -9999 -9999 -9999 -9999 -9999 -9999 -9999 -9999 -9999 -9999 -9999 -9999 -9999 -9999 -9999 -9999 -9999 -9999 -9999 -9999 -9999 -9999 -9999 7.37233E-1 7.29762E-1 7.14677E-1 7.10476E-1 7.0807E-1 7.00179E-1 6.87073E-1 6.76768E-1 6.78282E-1 6.67221E-1 6.79148E-1 6.61223E-1 6.55557E-1 6.58846E-1 6.57957E-1 6.61101E-1 6.65024E-1 6.50599E-1 6.44942E-1 6.25437E-1 6.08934E-1 6.108E-1 6.22482E-1 6.16564E-1
8.30996E-1 8.37469E-1 8.3407E-1 8.37346E-1 8.42173E-1 8.47144E-1 8.47213E-1 8.42496E-1 8.54344E-1 8.53416E-1 -9999 -9999 -9999 -9999 -9999 -9999 -9999 -9999 -9999 -9999 -9999 -9999 -9999 -9999 -9999 -9999 -9999 -9999 -9999 -9999 -9999 -9999 -9999 -9999 -9999 -9999 -9999 7.41023E-1 7.31062E-1 7.21056E-1 7.12128E-1 7.04261E-1 7.01448E-1 6.87028E-1 6.81737E-1 6.79774E-1 6.62808E-1 6.67658E-1 6.50052E-1 6.55212E-1 6.61277E-1 6.51512E-1 6.70812E-1 6.64467E-1 6.59665E-1 6.35411E-1 6.20477E-1 6.11777E-1 6.04418E-1 6.14822E-1 6.03166E-1
8.41317E-1 8.39749E-1 8.44185E-1 8.48129E-1 8.4655E-1 8.51365E-1 -9999 8.58125E-1 -9999 8.63509E-1 -9999 -9999 -9999 -9999 -9999 -9999 -9999 -9999 -9999 -9999 -9999 -9999 -9999 -9999 -9999 -9999 -9999 -9999 -9999 -9999 -9999 -9999 -9999 -9999 -9999 -9999 -9999 7.46296E-1 7.34484E-1 7.25548E-1 7.08963E-1 7.03645E-1 7.08393E-1 6.96567E-1 6.84142E-1 6.73924E-1 6.59854E-1 6.64254E-1 6.51769E-1 6.44721E-1 6.41828E-1 6.3847E-1 6.57968E-1 6.5131E-1 6.53663E-1 6.30497E-1 6.11782E-1 6.16351E-1 6.07105E-1 6.02165E-1 5.9539E-1
8.43099E-1 8.43642E-1 8.53086E-1 -9999 8.52988E-1 8.55184E-1 -9999 8.56941E-1 -9999 -9999 -9999 -9999 -9999 -9999 -9999 -9999 -9999 -9999 -9999 -9999 -9999 -9999 -9999 -9999 -9999 -9999 -9999 -9999 -9999 -9999 -9999 -9999 -9999 -9999 -9999 -9999 7.50438E-1 7.49633E-1 7.30835E-1 7.21909E-1 7.0176E-1 6.8784E-1 6.85133E-1 6.93247E-1 6.81213E-1 6.67401E-1 6.57678E-1 6.6104E-1 6.70834E-1 6.47371E-1 6.44707E-1 6.34861E-1 6.3805E-1 6.21785E-1 6.26472E-1 6.40486E-1 6.22295E-1 6.19972E-1 6.099E-1 5.97784E-1 5.90059E-1
8.5213E-1 -9999 -9999 -9999 8.58885E-1 8.45581E-1 -9999 -9999 -9999 -9999 -9999 -9999 -9999 -9999 -9999 -9999 -9999 -9999 -9999 -9999 -9999 -9999 -9999 -9999 -9999 -9999 -9999 -9999 -9999 -9999 -9999 -9999 -9999 -9999 -9999 -9999 7.61648E-1 7.48378E-1 7.35127E-1 7.2137E-1 7.02655E-1 6.94231E-1 6.90092E-1 6.86235E-1 6.7471E-1 6.69914E-1 6.62475E-1 6.49605E-1 6.64191E-1 6.60619E-1 6.50992E-1 6.53106E-1 6.41777E-1 6.20463E-1 6.42184E-1 6.484E-1 6.2434E-1 6.16211E-1 6.10207E-1 6.11481E-1 6.04887E-1
-9999 -9999 8.56256E-1 -9999 -9999 -9999 -9999 -9999 -9999 -9999 -9999 -9999 -9999 -9999 -9999 -9999 -9999 -9999 -9999 -9999 -9999 -9999 -9999 -9999 -9999 -9999 -9999 -9999 -9999 -9999 -9999 -9999 -9999 -9999 -9999 -9999 7.57989E-1 7.52065E-1 7.38974E-1 7.27602E-1 7.11676E-1 7.01487E-1 6.93024E-1 6.78316E-1 6.76895E-1 6.64757E-1 6.53051E-1 6.46778E-1 6.40746E-1 6.64714E-1 6.49664E-1 6.46474E-1 6.26797E-1 6.19033E-1 6.44394E-1 6.39452E-1 6.09988E-1 6.16542E-1 6.05005E-1 6.11073E-1 6.11224E-1
-9999 -9999 -9999 -9999 -9999 -9999 -9999 -9999 -9999 -9999 -9999 -9999 -9999 -9999 -9999 -9999 -9999 -9999 -9999 -9999 -9999 -9999 -9999 -9999 -9999 -9999 -9999 -9999 -9999 -9999 -9999 -9999 -9999 -9999 -9999 -9999 7.63172E-1 7.56371E-1 7.44399E-1 7.2717E-1 7.09963E-1 7.01789E-1 6.93158E-1 6.81579E-1 6.82774E-1 6.7051E-1 6.59029E-1 6.45228E-1 6.42108E-1 6.45503E-1 6.56766E-1 6.4523E-1 6.31125E-1 6.28112E-1 6.23749E-1 6.30177E-1 6.24512E-1 6.10244E-1 5.97281E-1 6.12292E-1 6.05666E-1
-9999 -9999 -9999 -9999 -9999 -9999 -9999 -9999 -9999 -9999 -9999 -9999 -9999 -9999 -9999 -9999 -9999 -9999 -9999 -9999 -9999 -9999 -9999 -9999 -9999 -9999 -9999 -9999 -9999 -9999 -9999 -9999 -9999 -9999 -9999 7.73418E-1 7.6743E-1 7.55874E-1 7.52379E-1 7.32354E-1 7.16349E-1 7.10428E-1 7.00377E-1 6.91398E-1 6.7818E-1 6.82006E-1 6.62488E-1 6.54038E-1 6.46437E-1 6.33398E-1 6.48091E-1 6.60325E-1 6.22777E-1 6.26203E-1 6.25447E-1 6.16628E-1 6.17128E-1 6.09663E-1 6.07234E-1 6.18465E-1 6.04898E-1
-9999 -9999 -9999 -9999 -9999 -9999 -9999 -9999 -9999 -9999 -9999 -9999 -9999 -9999 -9999 -9999 -9999 -9999 -9999 -9999 -9999 -9999 -9999 -9999 -9999 -9999 -9999 -9999 -9999 -9999 -9999 -9999 -9999 -9999 -9999 -9999 7.62401E-1 7.51601E-1 7.45122E-1 7.37985E-1 7.21332E-1 7.03044E-1 6.95223E-1 6.83303E-1 6.80802E-1 6.69035E-1 6.63366E-1 6.57725E-1 6.46739E-1 6.33578E-1 6.48134E-1 6.54506E-1 6.27368E-1 6.39394E-1 6.21445E-1 6.0881E-1 6.07294E-1 6.12385E-1 6.06512E-1 6.0265E-1 5.94683E-1
-9999 -9999 -9999 -9999 -9999 -9999 -9999 -9999 -9999 -9999 -9999 -9999 -9999 -9999 -9999 -9999 -9999 -9999 -9999 -9999 -9999 -9999 -9999 -9999 -9999 -9999 -9999 -9999 -9999 -9999 -9999 -9999 -9999 -9999 -9999 -9999 7.61258E-1 7.55052E-1 7.4267E-1 7.36078E-1 7.25254E-1 7.09919E-1 7.01963E-1 6.85956E-1 6.81628E-1 6.65799E-1 6.68494E-1 6.66793E-1 6.56642E-1 6.40763E-1 6.27517E-1 6.43813E-1 6.35764E-1 6.22836E-1 6.10682E-1 6.02644E-1 6.0708E-1 6.11146E-1 6.10898E-1 5.91592E-1 5.99567E-1
-9999 -9999 -9999 -9999 -9999 -9999 -9999 -9999 -9999 -9999 -9999 -9999 -9999 -9999 -9999 -9999 -9999 -9999 -9999 -9999 -9999 -9999 -9999 -9999 -9999 -9999 -9999 -9999 -9999 -9999 -9999 -9999 -9999 -9999 -9999 -9999 -9999 7.59594E-1 7.42097E-1 7.33411E-1 7.25386E-1 7.12886E-1 7.06232E-1 6.89607E-1 6.88283E-1 6.64764E-1 6.61555E-1 6.76707E-1 6.60597E-1 6.44348E-1 6.26327E-1 6.22555E-1 6.35931E-1 6.28874E-1 6.21754E-1 5.97959E-1 5.97961E-1 5.92613E-1 6.0096E-1 5.73232E-1 5.92989E-1
-9999 -9999 -9999 -9999 -9999 -9999 -9999 -9999 -9999 -9999 -9999 -9999 -9999 -9999 -9999 -9999 -9999 -9999 -9999 -9999 -9999 -9999 -9999 -9999 -9999 -9999 -9999 -9999 -9999 -9999 -9999 -9999 -9999 -9999 -9999 -9999 -9999 7.5768E-1 7.4182E-1 7.32189E-1 7.22962E-1 7.11581E-1 7.03019E-1 6.96051E-1 6.76772E-1 6.69093E-1 6.49689E-1 6.4833E-1 6.68001E-1 6.51363E-1 6.34929E-1 6.28596E-1 6.1271E-1 6.30022E-1 6.07367E-1 5.93082E-1 5.9146E-1 5.99454E-1 5.97699E-1 5.77946E-1 5.67029E-1
-9999 -9999 -9999 -9999 -9999 -9999 -9999 -9999 -9999 -9999 -9999 -9999 -9999 -9999 -9999 -9999 -9999 -9999 -9999 -9999 -9999 -9999 -9999 -9999 -9999 -9999 -9999 -9999 -9999 -9999 -9999 -9999 -9999 -9999 -9999 -9999 7.68727E-1 7.57429E-1 7.50473E-1 7.37096E-1 7.30391E-1 7.23744E-1 7.0309E-1 6.9974E-1 6.84928E-1 6.75256E-1 6.70716E-1 6.47426E-1 6.44457E-1 6.60594E-1 6.40891E-1 6.28954E-1 6.0819E-1 6.18003E-1 5.93803E-1 5.96243E-1 5.80175E-1 6.00934E-1 5.9287E-1 5.87935E-1 5.68524E-1
-9999 -9999 -9999 -9999 -9999 -9999 -9999 -9999 -9999 -9999 -9999 -9999 -9999 -9999 -9999 -9999 -9999 -9999 -9999 -9999 -9999 -9999 -9999 -9999 -9999 -9999 -9999 -9999 -9999 -9999 -9999 -9999 -9999 -9999 -9999 -9999 7.67417E-1 7.56855E-1 7.56486E-1 7.43764E-1 7.33078E-1 7.22608E-1 7.07318E-1 7.01204E-1 6.92835E-1 6.80306E-1 6.66857E-1 6.53099E-1 6.37286E-1 6.30963E-1 6.42962E-1 6.09141E-1 5.98715E-1 6.23246E-1 5.96198E-1 6.04847E-1 5.77619E-1 5.98313E-1 5.94169E-1 5.76545E-1 6.54697E-1
-9999 -9999 -9999 -9999 -9999 -9999 -9999 -9999 -9999 -9999 -9999 -9999 -9999 -9999 -9999 -9999 -9999 -9999 -9999 -9999 -9999 -9999 -9999 -9999 -9999 -9999 -9999 -9999 -9999 -9999 -9999 -9999 -9999 -9999 -9999 -9999 -9999 -9999 -9999 7.4166E-1 7.36669E-1 7.30865E-1 7.17705E-1 7.08757E-1 7.05224E-1 6.89889E-1 6.76417E-1 6.64603E-1 6.1837E-1 6.10064E-1 6.40969E-1 6.29195E-1 5.9317E-1 6.17165E-1 6.03905E-1 6.05756E-1 5.98671E-1 5.89819E-1 6.08382E-1 6.66254E-1 6.57362E-1
