Artocarpus heterophyllus SDM files/Last interglacial/results (with bias file)/Arthet_avg.asc
ncols         625
nrows         721
xllcorner     69.99986311115
yllcorner     5.99986151914999
cellsize      0.041666667
NODATA_value  -9999
[rows 270 to 296 of 721, columns 305 to 365 of 625]
4.55194E-1 4.56836E-1 4.52869E-1 4.52766E-1 4.52456E-1 4.49115E-1 4.52409E-1 4.54046E-1 4.51926E-1 4.53946E-1 4.52191E-1 4.49098E-1 4.41583E-1 4.47981E-1 4.59881E-1 4.5256E-1 4.47871E-1 4.48448E-1 4.69379E-1 4.71658E-1 4.67373E-1 4.67676E-1 4.6561E-1 4.57369E-1 4.68745E-1 4.5334E-1 4.58965E-1 4.62871E-1 4.64435E-1 4.69221E-1 4.84379E-1 4.53239E-1 4.43725E-1 4.39642E-1 4.45792E-1 4.42867E-1 4.39239E-1 4.40719E-1 4.39678E-1 4.39792E-1 4.42795E-1 4.43456E-1 4.42401E-1 4.46013E-1 4.44613E-1 4.43927E-1 4.46062E-1 4.46202E-1 4.48242E-1 4.50861E-1 4.5194E-1 4.50953E-1 4.52953E-1 4.50724E-1 4.627E-1 4.6034E-1 4.57481E-1 4.58892E-1 4.5854E-1 4.62811E-1 4.68197E-1
4.48577E-1 4.46618E-1 4.45245E-1 4.42481E-1 4.42708E-1 4.40141E-1 4.50761E-1 4.51175E-1 4.52451E-1 4.49205E-1 4.54916E-1 4.43234E-1 4.46556E-1 4.46155E-1 4.48085E-1 4.4913E-1 4.51023E-1 4.49068E-1 4.53926E-1 4.6151E-1 4.6969E-1 4.77424E-1 4.60338E-1 4.67958E-1 4.46081E-1 4.4395E-1 4.61788E-1 4.63788E-1 4.79972E-1 4.89401E-1 4.8788E-1 4.46894E-1 4.4065E-1 4.44578E-1 4.4567E-1 4.42289E-1 4.41932E-1 4.4258E-1 4.41673E-1 4.40018E-1 4.38907E-1 4.42196E-1 4.39061E-1 4.38217E-1 4.37831E-1 4.45603E-1 4.43197E-1 4.48306E-1 4.50616E-1 4.50369E-1 4.5498E-1 4.51975E-1 4.52506E-1 4.5358E-1 4.52751E-1 4.53766E-1 4.64908E-1 4.61708E-1 4.68294E-1 4.71283E-1 4.661E-1
4.47296E-1 4.41787E-1 4.4481E-1 4.4278E-1 4.43031E-1 4.42455E-1 4.42409E-1 4.45202E-1 4.46544E-1 4.45741E-1 4.46797E-1 4.4705E-1 4.47394E-1 4.47695E-1 4.44511E-1 4.49851E-1 4.54583E-1 4.47718E-1 4.51947E-1 4.54679E-1 4.67131E-1 4.68882E-1 4.68707E-1 4.7099E-1 4.59982E-1 4.62962E-1 4.8192E-1 4.81207E-1 4.5378E-1 4.76894E-1 4.6756E-1 4.3634E-1 4.40298E-1 4.42036E-1 4.37783E-1 4.35428E-1 4.38503E-1 4.44717E-1 4.44991E-1 4.39305E-1 4.44426E-1 4.41925E-1 4.39319E-1 4.36133E-1 4.35368E-1 4.34414E-1 4.62234E-1 4.46248E-1 4.49722E-1 4.51103E-1 4.51621E-1 4.55012E-1 4.55162E-1 4.54963E-1 4.56177E-1 4.55284E-1 4.56928E-1 4.60908E-1 4.60877E-1 4.65284E-1 4.65746E-1
4.55114E-1 4.5844E-1 4.584E-1 4.57745E-1 4.67187E-1 4.57681E-1 4.59652E-1 4.58452E-1 4.56151E-1 4.5069E-1 4.49652E-1 4.46664E-1 4.43417E-1 4.432E-1 4.50476E-1 4.47717E-1 4.48094E-1 4.46315E-1 4.50429E-1 4.54208E-1 4.56621E-1 4.56719E-1 4.76767E-1 4.7345E-1 4.66342E-1 4.75362E-1 4.87719E-1 4.88554E-1 4.78018E-1 4.62295E-1 4.40996E-1 4.38381E-1 4.4021E-1 4.42278E-1 4.38263E-1 4.39845E-1 4.4117E-1 4.39984E-1 4.43006E-1 4.40687E-1 4.38629E-1 4.38597E-1 4.35697E-1 4.3536E-1 4.33968E-1 4.37789E-1 4.42821E-1 4.41912E-1 4.45372E-1 4.45988E-1 4.45265E-1 4.53244E-1 4.55611E-1 4.5569E-1 4.56524E-1 4.55799E-1 4.56715E-1 4.57972E-1 4.62037E-1 4.63018E-1 4.62987E-1
4.3111E-1 4.26572E-1 4.26406E-1 4.2624E-1 4.32287E-1 4.40629E-1 4.46466E-1 4.43062E-1 4.41736E-1 4.47561E-1 4.37185E-1 4.30648E-1 4.35504E-1 4.42918E-1 4.62325E-1 4.63252E-1 4.64478E-1 4.63693E-1 4.60375E-1 4.62526E-1 4.8235E-1 4.79933E-1 4.85487E-1 4.92634E-1 4.88724E-1 4.94396E-1 4.83198E-1 4.77964E-1 4.8098E-1 4.53709E-1 4.37693E-1 4.40293E-1 4.46001E-1 4.42594E-1 4.40639E-1 4.43934E-1 4.46196E-1 4.45038E-1 4.41843E-1 4.39806E-1 4.40219E-1 4.32365E-1 4.24438E-1 4.24498E-1 4.47974E-1 4.54955E-1 4.41388E-1 4.44453E-1 4.46815E-1 4.46771E-1 4.45675E-1 4.53044E-1 4.54164E-1 4.53924E-1 4.56633E-1 4.54427E-1 4.55088E-1 4.55963E-1 4.62213E-1 4.63327E-1 4.62925E-1
4.21381E-1 4.21178E-1 4.28825E-1 4.28946E-1 4.39575E-1 4.36413E-1 4.27279E-1 4.31229E-1 4.30867E-1 4.47123E-1 4.51108E-1 4.62995E-1 4.53577E-1 4.59061E-1 4.50809E-1 4.68399E-1 4.7748E-1 4.80576E-1 4.79938E-1 4.85603E-1 4.93228E-1 4.88604E-1 4.84639E-1 4.98012E-1 4.75629E-1 4.54564E-1 4.4608E-1 4.44036E-1 4.46104E-1 4.35149E-1 4.47456E-1 4.52137E-1 4.44649E-1 4.4565E-1 4.47944E-1 4.45426E-1 4.4524E-1 4.41593E-1 4.45517E-1 4.39638E-1 4.32089E-1 4.37533E-1 4.48655E-1 4.63811E-1 4.65341E-1 4.59896E-1 4.58942E-1 4.58038E-1 4.54379E-1 4.46872E-1 4.45621E-1 4.54303E-1 4.49715E-1 4.55569E-1 4.53487E-1 4.54636E-1 4.55883E-1 4.54753E-1 4.56323E-1 4.57026E-1 4.57711E-1
4.2044E-1 4.25229E-1 4.3554E-1 4.28121E-1 4.2865E-1 4.26305E-1 4.19964E-1 4.21361E-1 4.4181E-1 4.82506E-1 4.80332E-1 4.74827E-1 4.70884E-1 4.70378E-1 4.63661E-1 4.59524E-1 4.51872E-1 4.50709E-1 4.36102E-1 4.37402E-1 4.32925E-1 4.42561E-1 4.37304E-1 4.41959E-1 4.42676E-1 4.40079E-1 4.40782E-1 4.36773E-1 4.46054E-1 4.4505E-1 4.43357E-1 4.53464E-1 4.4589E-1 4.42289E-1 4.51122E-1 4.63907E-1 4.49405E-1 4.38404E-1 4.39196E-1 4.44356E-1 4.50909E-1 4.57197E-1 4.70063E-1 4.65232E-1 4.59024E-1 4.60434E-1 4.53574E-1 4.4855E-1 4.42914E-1 4.45428E-1 4.46679E-1 4.49635E-1 4.55481E-1 4.55301E-1 4.54577E-1 4.52909E-1 4.53115E-1 4.53508E-1 4.52442E-1 4.53666E-1 4.59944E-1
4.39092E-1 4.50521E-1 4.42718E-1 4.23951E-1 4.18988E-1 4.34655E-1 4.18994E-1 4.27206E-1 4.26966E-1 4.47896E-1 4.44253E-1 4.34972E-1 4.36449E-1 4.27454E-1 4.26249E-1 4.30518E-1 4.30717E-1 4.3233E-1 4.38901E-1 4.36296E-1 4.30411E-1 4.2814E-1 4.34483E-1 4.30145E-1 4.29332E-1 4.32603E-1 4.35515E-1 4.37287E-1 4.46765E-1 4.43792E-1 4.51163E-1 4.47282E-1 4.48038E-1 4.48258E-1 4.51245E-1 4.58324E-1 4.34569E-1 4.43561E-1 4.51678E-1 4.69776E-1 4.70868E-1 4.70673E-1 4.65303E-1 4.63062E-1 4.58091E-1 4.45306E-1 4.45813E-1 4.51274E-1 4.58746E-1 4.56014E-1 4.48928E-1 4.49619E-1 4.45617E-1 4.45913E-1 4.44664E-1 4.54271E-1 4.50822E-1 4.51872E-1 4.50627E-1 4.74222E-1 4.69227E-1
4.30019E-1 4.29039E-1 4.32875E-1 4.2842E-1 4.24755E-1 4.28163E-1 4.25979E-1 4.30634E-1 4.31423E-1 4.25986E-1 4.22111E-1 4.31152E-1 4.29083E-1 4.26377E-1 4.31767E-1 4.33323E-1 4.34232E-1 4.26977E-1 4.33891E-1 4.28391E-1 4.45954E-1 4.6307E-1 4.50888E-1 4.27448E-1 4.4006E-1 4.35704E-1 4.4074E-1 4.39219E-1 4.45797E-1 4.5775E-1 4.52095E-1 4.48105E-1 4.44949E-1 4.54263E-1 4.54076E-1 4.38583E-1 4.4059E-1 4.51085E-1 4.55562E-1 4.55619E-1 4.46635E-1 4.43888E-1 4.43687E-1 4.41661E-1 4.39382E-1 4.41724E-1 4.45135E-1 4.47034E-1 4.47515E-1 4.50756E-1 4.45614E-1 4.42296E-1 4.41672E-1 4.48011E-1 4.43929E-1 4.43129E-1 4.57667E-1 4.56211E-1 4.48478E-1 4.58859E-1 4.69382E-1
4.25872E-1 4.19956E-1 4.19067E-1 4.20383E-1 4.28619E-1 4.23021E-1 4.21274E-1 4.32454E-1 4.45824E-1 4.41798E-1 4.22627E-1 4.42123E-1 4.47738E-1 4.47906E-1 4.45528E-1 4.29398E-1 4.36809E-1 4.25623E-1 4.43293E-1 4.34266E-1 4.35345E-1 4.39085E-1 4.40611E-1 4.4479E-1 4.46891E-1 4.46653E-1 4.3777E-1 4.4842E-1 4.63042E-1 4.74965E-1 4.70268E-1 4.64724E-1 4.59185E-1 4.59426E-1 4.57255E-1 4.42615E-1 4.38166E-1 4.43663E-1 4.48232E-1 4.42228E-1 4.46899E-1 4.48527E-1 4.45436E-1 4.41155E-1 4.40607E-1 4.38974E-1 4.40635E-1 4.41562E-1 4.44835E-1 4.47471E-1 4.43776E-1 4.50192E-1 4.60169E-1 4.40809E-1 4.54949E-1 4.53821E-1 4.56044E-1 4.49698E-1 4.68441E-1 4.70963E-1 4.77685E-1
4.22294E-1 4.26737E-1 4.32093E-1 4.31146E-1 4.29746E-1 4.30807E-1 4.21208E-1 4.46976E-1 4.49794E-1 4.35351E-1 4.22865E-1 4.37521E-1 4.52681E-1 4.56161E-1 4.37934E-1 4.27258E-1 4.44645E-1 4.54699E-1 4.51776E-1 4.43875E-1 4.4323E-1 4.54564E-1 4.59353E-1 4.52704E-1 4.44167E-1 4.45617E-1 4.39506E-1 4.55821E-1 4.72407E-1 4.72077E-1 4.55669E-1 4.56186E-1 4.49877E-1 4.48434E-1 4.44971E-1 4.43423E-1 4.42355E-1 4.36115E-1 4.42204E-1 4.54923E-1 4.55436E-1 4.55851E-1 4.48442E-1 4.40354E-1 4.37722E-1 4.42323E-1 4.40887E-1 4.49715E-1 4.58578E-1 4.46279E-1 4.43959E-1 4.52019E-1 4.60296E-1 4.62862E-1 4.7549E-1 4.75063E-1 4.72703E-1 4.69953E-1 4.84764E-1 4.87821E-1 4.86951E-1
4.32404E-1 4.28028E-1 4.33332E-1 4.31879E-1 4.24624E-1 4.2887E-1 4.18915E-1 4.35232E-1 4.48469E-1 4.43943E-1 4.35063E-1 4.25173E-1 4.24673E-1 4.54476E-1 4.57321E-1 4.38263E-1 4.64298E-1 4.64121E-1 4.61358E-1 4.57175E-1 4.60815E-1 4.53613E-1 4.48184E-1 4.36232E-1 4.34764E-1 4.36587E-1 4.37081E-1 4.45184E-1 4.49468E-1 4.53435E-1 4.48443E-1 4.53351E-1 4.65953E-1 4.66043E-1 4.51705E-1 4.55016E-1 4.45306E-1 4.40184E-1 4.47692E-1 4.49931E-1 4.52069E-1 4.61058E-1 4.46668E-1 4.39958E-1 4.40162E-1 4.42673E-1 4.45642E-1 4.41249E-1 4.44268E-1 4.38734E-1 4.42181E-1 4.57674E-1 4.74575E-1 4.77868E-1 4.84303E-1 4.84115E-1 4.77995E-1 4.72895E-1 4.84173E-1 4.84231E-1 4.82558E-1
4.33985E-1 4.3271E-1 4.34127E-1 4.35903E-1 4.27949E-1 4.2636E-1 4.28425E-1 4.27864E-1 4.49691E-1 4.54761E-1 4.46891E-1 4.4169E-1 4.35284E-1 4.42706E-1 4.5704E-1 4.49486E-1 4.44188E-1 4.46517E-1 4.32898E-1 4.37381E-1 4.28438E-1 4.27865E-1 4.2633E-1 4.31626E-1 4.451E-1 4.43274E-1 4.36727E-1 4.47137E-1 4.57023E-1 4.57811E-1 4.60234E-1 4.57862E-1 4.64513E-1 4.69057E-1 4.64406E-1 4.68998E-1 4.72333E-1 4.57103E-1 4.61887E-1 4.7009E-1 4.57982E-1 4.46381E-1 4.3308E-1 4.40005E-1 4.47484E-1 4.4447E-1 4.49523E-1 4.57489E-1 4.73206E-1 4.41152E-1 4.35274E-1 4.64868E-1 4.70284E-1 4.75331E-1 4.78183E-1 4.75036E-1 4.72782E-1 4.73844E-1 4.73959E-1 4.79232E-1 4.80522E-1
4.40863E-1 4.40379E-1 4.45252E-1 4.5728E-1 4.46819E-1 4.44489E-1 4.3528E-1 4.33253E-1 4.52795E-1 4.59749E-1 4.58514E-1 4.39203E-1 4.3162E-1 4.23125E-1 4.37604E-1 4.44678E-1 4.33469E-1 4.45858E-1 4.36811E-1 4.43955E-1 4.297E-1 4.28338E-1 4.29204E-1 4.39155E-1 4.61401E-1 4.48875E-1 4.39341E-1 4.31692E-1 4.50168E-1 4.66859E-1 4.768E-1 4.728E-1 4.6152E-1 4.65715E-1 4.67294E-1 4.73575E-1 4.63571E-1 4.59548E-1 4.68244E-1 4.71919E-1 4.53811E-1 4.41775E-1 4.42018E-1 4.45777E-1 4.48181E-1 4.61864E-1 4.71688E-1 4.68772E-1 4.51346E-1 4.42752E-1 4.55358E-1 4.68231E-1 4.7491E-1 4.80218E-1 4.79653E-1 4.72974E-1 4.73424E-1 4.76898E-1 4.74081E-1 4.85253E-1 4.85358E-1
4.36703E-1 4.27161E-1 4.26279E-1 4.41918E-1 4.388E-1 4.42506E-1 4.44318E-1 4.42465E-1 4.46657E-1 4.45392E-1 4.31433E-1 4.30782E-1 4.28362E-1 4.27035E-1 4.39196E-1 4.56097E-1 4.59177E-1 4.47647E-1 4.56263E-1 4.56685E-1 4.38755E-1 4.33884E-1 4.36742E-1 4.44583E-1 4.52363E-1 4.52606E-1 4.48671E-1 4.38071E-1 4.40979E-1 4.45591E-1 4.6072E-1 4.59593E-1 4.5304E-1 4.57514E-1 4.58736E-1 4.54535E-1 4.52607E-1 4.56947E-1 4.5848E-1 4.58791E-1 4.65448E-1 4.61039E-1 4.66433E-1 4.68086E-1 4.58893E-1 4.55632E-1 4.66851E-1 4.62463E-1 4.57213E-1 4.55076E-1 4.6998E-1 4.76571E-1 4.66564E-1 4.75648E-1 4.66244E-1 4.72363E-1 4.73116E-1 4.76747E-1 4.71534E-1 4.96233E-1 4.98467E-1
4.49838E-1 4.2429E-1 4.28289E-1 4.34018E-1 4.41061E-1 4.38382E-1 4.53259E-1 4.60339E-1 4.6095E-1 4.42105E-1 4.42174E-1 4.33485E-1 4.29382E-1 4.32595E-1 4.30756E-1 4.46429E-1 4.51431E-1 4.58243E-1 4.60914E-1 4.4577E-1 4.37092E-1 4.31608E-1 4.30607E-1 4.30946E-1 4.33051E-1 4.3845E-1 4.32323E-1 4.30749E-1 4.35491E-1 4.42792E-1 4.44646E-1 4.47911E-1 4.48828E-1 4.50926E-1 4.51913E-1 4.51243E-1 4.56359E-1 4.5861E-1 4.64542E-1 4.64051E-1 4.66752E-1 4.62504E-1 4.82005E-1 4.80108E-1 4.75777E-1 4.73486E-1 4.66556E-1 4.62588E-1 4.65404E-1 4.57541E-1 4.66377E-1 4.71496E-1 4.71469E-1 4.67871E-1 4.7212E-1 4.76953E-1 4.7819E-1 4.76269E-1 4.71646E-1 4.79456E-1 4.84525E-1
4.38467E-1 4.31263E-1 4.31149E-1 4.33302E-1 4.36153E-1 4.35984E-1 4.50858E-1 4.58878E-1 4.61692E-1 4.47845E-1 4.42445E-1 4.4185E-1 4.40229E-1 4.30015E-1 4.32537E-1 4.44424E-1 4.49612E-1 4.55499E-1 4.49956E-1 4.36889E-1 4.37058E-1 4.27915E-1 4.26739E-1 4.29477E-1 4.32035E-1 4.35589E-1 4.35181E-1 4.36429E-1 4.42563E-1 4.39601E-1 4.46332E-1 4.46727E-1 4.45796E-1 4.4829E-1 4.49746E-1 4.52E-1 4.46981E-1 4.49414E-1 4.5137E-1 4.52075E-1 4.45965E-1 4.57185E-1 4.61079E-1 4.63909E-1 4.70148E-1 4.66339E-1 4.54513E-1 4.70391E-1 4.76543E-1 4.72129E-1 4.63793E-1 4.73943E-1 4.70853E-1 4.77301E-1 4.8758E-1 4.77829E-1 4.70724E-1 4.78104E-1 4.69157E-1 4.71831E-1 4.90839E-1
4.31437E-1 4.31039E-1 4.3103E-1 4.32239E-1 4.38692E-1 4.39761E-1 4.60216E-1 4.59961E-1 4.57682E-1 4.40629E-1 4.37232E-1 4.42728E-1 4.3563E-1 4.276E-1 4.42039E-1 4.51715E-1 4.52368E-1 4.45094E-1 4.55395E-1 4.5399E-1 4.46752E-1 4.41491E-1 4.41809E-1 4.44302E-1 4.38768E-1 4.37652E-1 4.35565E-1 4.31735E-1 4.40844E-1 4.37826E-1 4.55254E-1 4.46755E-1 4.41822E-1 4.43528E-1 4.41066E-1 4.45429E-1 4.47735E-1 4.42789E-1 4.43585E-1 4.43204E-1 4.44643E-1 4.45148E-1 4.44877E-1 4.5812E-1 4.56295E-1 4.73935E-1 4.78215E-1 4.8665E-1 4.85892E-1 4.81996E-1 4.76746E-1 4.83278E-1 4.78325E-1 4.91061E-1 4.86988E-1 4.83874E-1 4.81226E-1 4.79448E-1 4.7858E-1 4.8673E-1 4.84203E-1
4.28138E-1 4.35276E-1 4.46361E-1 4.42881E-1 4.3629E-1 4.46482E-1 4.582E-1 4.69676E-1 4.69449E-1 4.63611E-1 4.48296E-1 4.43203E-1 4.35922E-1 4.29983E-1 4.33619E-1 4.34796E-1 4.4108E-1 4.51894E-1 4.45204E-1 4.42086E-1 4.48214E-1 4.51828E-1 4.49216E-1 4.37506E-1 4.40954E-1 4.38E-1 4.40124E-1 4.42176E-1 4.54332E-1 4.37776E-1 4.34906E-1 4.4869E-1 4.39913E-1 4.51895E-1 4.5494E-1 4.40292E-1 4.53322E-1 4.49583E-1 4.47748E-1 4.56749E-1 4.50956E-1 4.42113E-1 4.4416E-1 4.40414E-1 4.60302E-1 4.84422E-1 4.80985E-1 4.76772E-1 4.78845E-1 4.81332E-1 4.86995E-1 4.90312E-1 4.83334E-1 4.8921E-1 5.05723E-1 5.0123E-1 5.08132E-1 5.00382E-1 5.09215E-1 4.99134E-1 4.92765E-1
4.38266E-1 4.42603E-1 4.50816E-1 4.47514E-1 4.42034E-1 4.45665E-1 4.59563E-1 4.64047E-1 4.59823E-1 4.47882E-1 4.40935E-1 4.3573E-1 4.34805E-1 4.46245E-1 4.65839E-1 4.38365E-1 4.33909E-1 4.49181E-1 4.54502E-1 4.38049E-1 4.58654E-1 4.57286E-1 4.69985E-1 4.54628E-1 4.44325E-1 4.39333E-1 4.37793E-1 4.43896E-1 4.47709E-1 4.42146E-1 4.47287E-1 4.53522E-1 4.4772E-1 4.43081E-1 4.6383E-1 4.46385E-1 4.51764E-1 4.63906E-1 4.563E-1 4.58147E-1 4.65952E-1 4.52848E-1 4.58817E-1 4.46249E-1 4.48914E-1 4.58943E-1 4.73374E-1 4.80536E-1 4.801E-1 4.81392E-1 4.85116E-1 4.84397E-1 5.00836E-1 4.79683E-1 4.77712E-1 4.89064E-1 5.08581E-1 5.09134E-1 5.28807E-1 5.19356E-1 5.12027E-1
4.55755E-1 4.58843E-1 4.55159E-1 4.56187E-1 4.48504E-1 4.50633E-1 4.52902E-1 4.59073E-1 4.63312E-1 4.44899E-1 4.50477E-1 4.4572E-1 4.40328E-1 4.51134E-1 4.57778E-1 4.41977E-1 4.50267E-1 4.61238E-1 4.64319E-1 4.37262E-1 4.50349E-1 4.7437E-1 4.82819E-1 4.71444E-1 4.42504E-1 4.3765E-1 4.35895E-1 4.42039E-1 4.54686E-1 4.50701E-1 4.60166E-1 4.70302E-1 4.58759E-1 4.39581E-1 4.43042E-1 4.56308E-1 4.47966E-1 4.57077E-1 4.71689E-1 4.72105E-1 4.79248E-1 4.9489E-1 4.83364E-1 4.68059E-1 4.72379E-1 4.71671E-1 4.85692E-1 4.97402E-1 4.916E-1 4.84202E-1 4.92959E-1 4.98506E-1 4.95089E-1 4.86123E-1 4.78472E-1 4.78266E-1 5.05739E-1 5.09886E-1 5.03274E-1 5.03599E-1 5.15132E-1
4.46223E-1 4.54322E-1 4.64576E-1 4.65549E-1 4.69645E-1 4.64006E-1 4.64463E-1 4.64227E-1 4.71306E-1 4.50015E-1 4.40233E-1 4.39912E-1 4.49952E-1 4.51929E-1 4.74193E-1 4.6296E-1 4.53167E-1 4.54471E-1 4.39127E-1 4.36135E-1 4.42133E-1 4.55663E-1 4.71815E-1 4.66265E-1 4.58242E-1 4.47795E-1 4.43156E-1 4.53443E-1 4.55913E-1 4.6626E-1 4.74211E-1 4.75207E-1 4.67053E-1 4.49628E-1 4.44595E-1 4.54397E-1 4.55148E-1 4.6032E-1 4.66872E-1 4.67763E-1 4.75495E-1 4.86978E-1 4.86746E-1 5.02593E-1 4.98765E-1 4.96966E-1 4.95861E-1 4.91167E-1 4.91833E-1 4.93831E-1 4.91173E-1 4.97624E-1 4.98055E-1 4.82122E-1 4.81696E-1 4.78705E-1 4.99191E-1 4.76436E-1 4.76517E-1 4.80808E-1 4.92188E-1
4.44174E-1 4.42985E-1 4.60382E-1 4.6958E-1 4.70818E-1 4.7076E-1 4.77758E-1 4.78425E-1 4.84221E-1 4.78238E-1 4.67469E-1 4.70361E-1 4.74877E-1 4.7247E-1 4.792E-1 4.81983E-1 4.57748E-1 4.50266E-1 4.4559E-1 4.6024E-1 4.44696E-1 4.42542E-1 4.50388E-1 4.56745E-1 4.62193E-1 4.60569E-1 4.50849E-1 4.65461E-1 4.58468E-1 4.72917E-1 4.72955E-1 4.62649E-1 4.49347E-1 4.52207E-1 4.59051E-1 4.70917E-1 4.59429E-1 4.59633E-1 4.78601E-1 4.76988E-1 4.69296E-1 4.75127E-1 4.88549E-1 4.9005E-1 4.85565E-1 4.86758E-1 4.94635E-1 4.97622E-1 4.92474E-1 4.90432E-1 5.00167E-1 5.00542E-1 4.9546E-1 4.85087E-1 4.77354E-1 4.77591E-1 4.89706E-1 4.89254E-1 4.78608E-1 4.76169E-1 4.77652E-1
4.45413E-1 4.48606E-1 4.57194E-1 4.70867E-1 4.85433E-1 4.76242E-1 4.64129E-1 4.60946E-1 4.67728E-1 4.60105E-1 4.64856E-1 4.5806E-1 4.60421E-1 4.6225E-1 4.62347E-1 4.62939E-1 4.58414E-1 4.51643E-1 4.47996E-1 4.5427E-1 4.46138E-1 4.51475E-1 4.58167E-1 4.595E-1 4.65607E-1 4.7225E-1 4.71609E-1 4.69394E-1 4.57965E-1 4.5581E-1 4.51851E-1 4.51386E-1 4.61799E-1 4.61695E-1 4.75318E-1 4.65411E-1 4.54303E-1 4.53465E-1 4.60197E-1 4.60945E-1 4.64112E-1 4.66618E-1 4.70653E-1 4.66329E-1 4.67115E-1 4.68998E-1 4.8196E-1 4.90324E-1 4.92316E-1 4.95031E-1 4.89894E-1 4.88041E-1 4.85905E-1 4.89973E-1 4.80239E-1 4.7179E-1 4.92356E-1 5.12493E-1 5.19383E-1 5.1589E-1 4.84178E-1
4.3591E-1 4.51667E-1 4.64658E-1 4.55509E-1 4.55265E-1 4.62653E-1 4.57265E-1 4.6497E-1 4.67753E-1 4.62174E-1 4.56298E-1 4.68412E-1 4.67251E-1 4.68295E-1 4.61541E-1 4.59687E-1 4.58081E-1 4.57116E-1 4.41096E-1 4.37923E-1 4.40093E-1 4.4971E-1 4.58797E-1 4.61883E-1 4.5688E-1 4.74875E-1 4.68096E-1 4.6505E-1 4.81063E-1 4.44892E-1 4.52775E-1 4.56639E-1 4.75351E-1 4.6784E-1 4.71188E-1 4.7128E-1 4.62079E-1 4.54398E-1 4.65649E-1 4.5983E-1 4.59161E-1 4.51766E-1 4.62058E-1 4.782E-1 4.82524E-1 4.8091E-1 4.76117E-1 4.74744E-1 4.79086E-1 4.87452E-1 4.81543E-1 4.78734E-1 4.78676E-1 4.85281E-1 5.06169E-1 4.86834E-1 4.79689E-1 4.95587E-1 5.24802E-1 5.14991E-1 4.74199E-1
4.3937E-1 4.56975E-1 4.78917E-1 4.77603E-1 4.49823E-1 4.67831E-1 4.68564E-1 4.64397E-1 4.71467E-1 4.55107E-1 4.55364E-1 4.70352E-1 4.80152E-1 4.92511E-1 4.8701E-1 4.75899E-1 4.86225E-1 5.02317E-1 4.767E-1 4.42474E-1 4.46345E-1 4.43235E-1 4.67495E-1 4.5847E-1 4.54641E-1 4.72791E-1 4.85427E-1 4.67947E-1 4.51655E-1 4.5405E-1 4.51898E-1 4.79842E-1 4.94518E-1 4.96262E-1 4.96404E-1 5.03673E-1 4.6846E-1 4.82369E-1 4.78731E-1 5.16741E-1 5.02486E-1 4.55731E-1 4.52594E-1 4.58883E-1 4.6314E-1 4.68453E-1 4.76986E-1 5.08536E-1 5.12399E-1 4.91861E-1 4.87805E-1 4.87524E-1 4.83333E-1 4.74816E-1 4.81532E-1 4.85904E-1 4.73409E-1 4.73091E-1 4.80693E-1 4.76445E-1 4.97614E-1
4.56076E-1 4.46038E-1 4.58977E-1 4.89114E-1 4.49458E-1 4.76804E-1 4.6421E-1 4.89732E-1 4.81844E-1 4.57629E-1 4.65323E-1 4.61627E-1 4.69093E-1 4.70951E-1 4.6153E-1 4.64183E-1 4.60516E-1 4.83532E-1 4.73494E-1 4.47331E-1 4.40164E-1 4.44616E-1 4.60157E-1 4.58609E-1 4.53688E-1 4.75215E-1 4.95807E-1 4.63657E-1 4.57623E-1 4.47562E-1 4.52778E-1 4.59535E-1 4.60678E-1 4.68031E-1 4.82054E-1 4.83747E-1 4.82178E-1 4.75086E-1 4.73929E-1 4.97515E-1 4.79667E-1 4.57236E-1 4.58127E-1 4.64405E-1 4.59851E-1 4.59936E-1 4.72989E-1 4.70096E-1 4.67806E-1 4.77976E-1 4.78712E-1 4.79293E-1 4.75021E-1 4.75574E-1 4.70297E-1 4.7193E-1 4.80822E-1 4.93277E-1 4.78394E-1 4.71069E-1 4.64916E-1
