Artocarpus heterophyllus SDM files/Last interglacial/results (with bias file)/Arthet_max.asc
ncols         625
nrows         721
xllcorner     69.99986311115
yllcorner     5.99986151914999
cellsize      0.041666667
NODATA_value  -9999
[rows 81 to 107 of 721, columns 183 to 243 of 625]
2.57525E-2 2.64583E-2 2.71221E-2 2.5364E-2 2.47154E-2 2.66804E-2 2.60915E-2 2.53717E-2 2.23592E-2 2.24974E-2 2.16124E-2 2.07414E-2 2.10376E-2 2.00532E-2 1.89829E-2 2.04994E-2 2.11717E-2 2.0913E-2 1.92888E-2 1.8693E-2 1.93733E-2 2.17332E-2 2.08608E-2 2.11921E-2 1.83146E-2 1.59159E-2 1.51645E-2 1.3662E-2 1.41086E-2 1.59698E-2 1.56134E-2 1.64183E-2 1.56033E-2 1.48242E-2 1.40683E-2 1.29835E-2 1.24953E-2 1.37809E-2 1.13598E-2 9.21035E-3 7.93318E-3 9.28244E-3 1.20452E-2 1.25003E-2 1.40228E-2 1.727E-2 1.59313E-2 1.41976E-2 1.52818E-2 1.65876E-2 1.61447E-2 1.52004E-2 1.45145E-2 1.32176E-2 1.16611E-2 1.33871E-2 1.22165E-2 1.27983E-2 1.30378E-2 1.16713E-2 1.13508E-2
2.75994E-2 2.99378E-2 2.93843E-2 2.77204E-2 2.73692E-2 2.79291E-2 2.48575E-2 2.38824E-2 2.38696E-2 2.46572E-2 2.4175E-2 2.11784E-2 2.16113E-2 2.12077E-2 2.30667E-2 2.1964E-2 2.00823E-2 1.79484E-2 1.80841E-2 1.88243E-2 1.90838E-2 2.00749E-2 2.08353E-2 2.09855E-2 2.02618E-2 1.91471E-2 1.71636E-2 1.56198E-2 1.4624E-2 1.52244E-2 1.54914E-2 1.661E-2 1.6303E-2 1.52045E-2 1.38477E-2 1.20825E-2 1.14593E-2 1.22265E-2 1.02325E-2 8.60724E-3 8.44198E-3 9.19488E-3 1.16381E-2 9.04844E-3 9.49634E-3 1.4647E-2 1.76834E-2 1.64233E-2 1.61237E-2 1.59291E-2 1.48661E-2 1.57082E-2 1.60089E-2 1.50908E-2 1.26311E-2 1.17979E-2 1.36181E-2 1.4021E-2 1.4021E-2 1.16186E-2 1.35921E-2
3.42785E-2 3.04212E-2 3.29122E-2 2.87624E-2 2.78648E-2 2.71319E-2 2.56259E-2 2.44991E-2 2.62266E-2 2.56815E-2 2.5418E-2 2.49945E-2 2.47754E-2 2.47683E-2 2.05452E-2 2.12747E-2 1.73605E-2 1.78518E-2 1.71696E-2 1.61889E-2 1.74936E-2 1.85372E-2 2.04648E-2 2.09603E-2 2.08198E-2 1.9476E-2 1.78642E-2 1.53491E-2 1.50313E-2 1.34112E-2 1.33196E-2 1.54576E-2 1.58986E-2 1.55152E-2 1.46708E-2 1.22805E-2 1.03601E-2 9.58417E-3 9.54926E-3 8.84046E-3 9.11005E-3 9.3314E-3 1.04893E-2 8.71582E-3 9.23526E-3 1.18388E-2 1.51646E-2 1.8298E-2 1.66547E-2 1.37861E-2 1.40941E-2 1.56221E-2 1.65106E-2 1.7013E-2 1.5737E-2 1.43214E-2 1.25169E-2 1.34914E-2 1.54022E-2 1.43857E-2 1.39467E-2
3.73307E-2 3.49101E-2 3.45489E-2 3.58194E-2 3.14127E-2 2.99046E-2 2.91642E-2 2.82384E-2 2.7816E-2 2.62649E-2 2.57647E-2 2.54278E-2 2.44146E-2 2.29867E-2 2.0771E-2 2.12937E-2 1.87319E-2 1.89707E-2 1.65088E-2 1.57358E-2 1.71455E-2 1.86012E-2 1.9431E-2 2.08765E-2 2.25152E-2 2.04529E-2 1.70491E-2 1.48799E-2 1.52605E-2 1.34508E-2 1.35158E-2 1.52532E-2 1.52201E-2 1.5086E-2 1.34258E-2 1.1645E-2 1.02515E-2 9.69162E-3 9.81915E-3 9.88047E-3 1.07212E-2 1.12205E-2 1.08368E-2 9.93203E-3 9.97185E-3 1.06284E-2 1.25487E-2 1.57471E-2 1.78679E-2 1.8112E-2 1.63267E-2 1.51754E-2 1.66947E-2 1.76009E-2 1.76071E-2 1.76263E-2 1.68797E-2 1.68048E-2 1.59799E-2 1.5595E-2 1.45898E-2
3.88804E-2 4.24539E-2 4.33341E-2 3.39759E-2 3.13525E-2 3.74028E-2 3.67083E-2 3.31444E-2 3.23878E-2 2.72367E-2 2.52409E-2 2.59523E-2 2.50132E-2 2.24985E-2 2.12777E-2 2.12917E-2 1.94474E-2 1.90701E-2 1.77676E-2 1.86373E-2 1.82631E-2 1.96177E-2 2.16554E-2 2.19952E-2 2.35747E-2 2.12701E-2 1.9796E-2 1.57112E-2 1.50117E-2 1.25945E-2 1.43592E-2 1.36416E-2 1.45899E-2 1.38046E-2 1.20056E-2 1.13836E-2 1.03817E-2 1.06908E-2 1.11612E-2 1.20044E-2 1.30008E-2 1.32945E-2 1.29791E-2 1.23788E-2 1.06946E-2 1.05636E-2 1.09503E-2 1.25159E-2 1.51034E-2 1.84175E-2 1.82653E-2 1.67062E-2 1.63277E-2 1.79186E-2 1.82571E-2 1.77881E-2 1.78061E-2 1.73576E-2 1.66988E-2 1.66279E-2 1.59234E-2
4.51119E-2 4.40651E-2 4.2575E-2 4.41617E-2 4.37105E-2 4.05398E-2 4.20897E-2 4.28475E-2 3.52532E-2 3.27229E-2 2.88786E-2 2.87588E-2 2.41256E-2 2.29343E-2 2.30231E-2 2.40711E-2 2.21862E-2 1.97019E-2 1.99674E-2 2.22929E-2 1.98932E-2 1.96498E-2 1.94236E-2 2.31157E-2 2.43115E-2 2.31529E-2 2.37224E-2 1.94603E-2 1.47591E-2 1.35278E-2 1.42643E-2 1.28661E-2 1.29478E-2 1.45842E-2 1.44241E-2 1.26311E-2 1.12482E-2 1.22065E-2 1.32301E-2 1.48057E-2 1.52601E-2 1.36343E-2 1.32695E-2 1.18396E-2 1.05107E-2 9.65434E-3 1.03618E-2 9.17338E-3 1.14926E-2 1.54669E-2 1.85913E-2 1.86716E-2 1.83036E-2 1.67605E-2 1.73122E-2 1.64224E-2 1.67273E-2 1.71127E-2 1.6874E-2 1.63979E-2 1.54357E-2
4.56883E-2 3.79959E-2 3.22828E-2 3.32616E-2 3.16652E-2 3.24316E-2 3.36922E-2 4.64807E-2 4.33671E-2 4.17487E-2 3.70126E-2 2.78653E-2 2.96078E-2 2.68804E-2 2.42082E-2 2.32082E-2 2.49997E-2 2.66976E-2 2.3572E-2 2.47194E-2 2.16152E-2 2.26196E-2 2.31768E-2 2.32661E-2 2.50706E-2 2.4562E-2 2.23974E-2 2.35307E-2 1.8847E-2 1.7215E-2 1.47198E-2 1.32329E-2 1.34569E-2 1.4273E-2 1.43095E-2 1.24289E-2 1.31715E-2 1.47376E-2 1.48468E-2 1.58038E-2 1.56225E-2 1.29166E-2 1.10296E-2 1.11929E-2 1.0998E-2 1.03655E-2 1.03407E-2 1.0081E-2 8.88982E-3 9.33966E-3 1.54287E-2 1.8718E-2 1.85555E-2 1.53068E-2 1.42317E-2 1.4011E-2 1.50014E-2 1.64796E-2 1.6054E-2 1.49374E-2 1.35564E-2
4.88783E-2 4.39993E-2 3.28118E-2 3.1196E-2 3.37668E-2 4.29904E-2 4.21747E-2 5.00601E-2 4.5027E-2 4.7507E-2 3.89825E-2 3.26249E-2 3.45276E-2 2.66131E-2 2.65905E-2 2.67373E-2 2.54885E-2 2.81861E-2 2.62126E-2 2.84716E-2 2.11744E-2 1.90813E-2 2.01666E-2 2.33663E-2 2.53555E-2 2.65726E-2 2.68184E-2 2.38146E-2 2.36941E-2 2.02325E-2 1.64668E-2 1.51255E-2 1.4215E-2 1.39617E-2 1.54278E-2 1.28597E-2 1.36324E-2 1.69264E-2 1.72968E-2 1.73735E-2 1.57267E-2 1.22388E-2 1.09844E-2 1.12263E-2 1.28813E-2 1.19805E-2 1.05608E-2 1.06178E-2 9.36662E-3 8.44287E-3 9.73507E-3 1.60593E-2 1.7662E-2 1.78288E-2 1.60214E-2 1.45981E-2 1.31701E-2 1.38403E-2 1.50531E-2 1.36162E-2 1.13408E-2
4.45961E-2 3.72963E-2 3.50123E-2 3.4659E-2 4.05304E-2 3.94116E-2 4.27782E-2 4.59834E-2 5.23923E-2 5.09296E-2 4.43627E-2 4.33537E-2 3.36098E-2 2.71718E-2 2.78095E-2 3.10918E-2 2.91841E-2 3.07295E-2 3.21195E-2 2.58564E-2 2.13183E-2 1.89498E-2 1.77591E-2 1.89914E-2 2.09084E-2 2.43622E-2 3.0746E-2 2.81992E-2 2.36805E-2 1.80882E-2 1.76099E-2 1.82887E-2 1.51355E-2 1.36918E-2 1.56773E-2 1.40453E-2 1.43633E-2 1.88555E-2 1.88036E-2 1.77008E-2 1.69958E-2 1.41072E-2 1.33967E-2 1.43411E-2 1.51584E-2 1.35611E-2 1.20686E-2 1.20519E-2 9.71414E-3 9.5792E-3 1.09265E-2 1.17662E-2 1.57199E-2 1.76468E-2 1.77269E-2 1.75656E-2 1.54434E-2 1.30113E-2 1.20659E-2 1.11076E-2 1.02377E-2
4.21558E-2 3.62298E-2 3.4122E-2 3.84105E-2 3.38053E-2 4.09174E-2 3.22037E-2 3.60457E-2 4.3192E-2 5.51132E-2 5.2142E-2 4.67731E-2 4.12316E-2 3.35893E-2 2.67447E-2 3.04572E-2 3.20071E-2 3.40099E-2 3.1136E-2 2.54289E-2 2.07451E-2 1.93546E-2 2.17342E-2 2.23506E-2 2.47108E-2 2.89247E-2 3.14798E-2 2.96462E-2 2.31323E-2 1.87196E-2 2.09373E-2 2.11435E-2 1.56964E-2 1.38419E-2 1.38771E-2 1.81989E-2 1.98617E-2 2.10367E-2 2.12162E-2 2.04988E-2 1.9388E-2 1.84579E-2 1.80499E-2 1.72018E-2 1.62744E-2 1.54371E-2 1.50116E-2 1.40228E-2 1.03702E-2 9.378E-3 9.80371E-3 8.94356E-3 1.13814E-2 1.46592E-2 1.73977E-2 1.80684E-2 1.76121E-2 1.65376E-2 1.32921E-2 1.08274E-2 9.00619E-3
4.56245E-2 3.41563E-2 3.50833E-2 3.47717E-2 3.40852E-2 3.22892E-2 3.28366E-2 3.86275E-2 4.76755E-2 4.94654E-2 5.71362E-2 5.00804E-2 4.13831E-2 4.02017E-2 2.97962E-2 3.2095E-2 3.82784E-2 3.16128E-2 2.81216E-2 2.0807E-2 2.14992E-2 2.44217E-2 2.48948E-2 2.71238E-2 2.83894E-2 3.19298E-2 3.26607E-2 2.95447E-2 2.30773E-2 2.22259E-2 2.4257E-2 1.9661E-2 1.62007E-2 1.42302E-2 1.44145E-2 1.8099E-2 2.0896E-2 2.23436E-2 2.15248E-2 2.06279E-2 2.02657E-2 1.92074E-2 1.84525E-2 1.80223E-2 1.75428E-2 1.68433E-2 1.62333E-2 1.56111E-2 1.10424E-2 1.20399E-2 1.06209E-2 9.18034E-3 9.20169E-3 9.90543E-3 1.58172E-2 1.83848E-2 1.78957E-2 1.7261E-2 1.38251E-2 8.81693E-3 8.08745E-3
4.59718E-2 4.24319E-2 3.87823E-2 3.46808E-2 3.10364E-2 3.24398E-2 3.73289E-2 4.53645E-2 4.07773E-2 3.90118E-2 5.16183E-2 5.87996E-2 4.82704E-2 4.54318E-2 4.22335E-2 4.34286E-2 3.88505E-2 2.84995E-2 2.79707E-2 2.25705E-2 2.30435E-2 2.95582E-2 2.98078E-2 2.78948E-2 2.81948E-2 2.88768E-2 2.75951E-2 3.20823E-2 2.92111E-2 2.6199E-2 2.33038E-2 1.78259E-2 1.56273E-2 1.37735E-2 1.5721E-2 2.00513E-2 2.22327E-2 2.24192E-2 2.21144E-2 2.07731E-2 1.94547E-2 1.94216E-2 1.8491E-2 1.81961E-2 1.81081E-2 1.79486E-2 1.67976E-2 1.67925E-2 1.43761E-2 1.46294E-2 1.20191E-2 9.38593E-3 8.16871E-3 9.02447E-3 1.39151E-2 1.79865E-2 1.80442E-2 1.78183E-2 1.62528E-2 1.12263E-2 8.2813E-3
4.14411E-2 4.32718E-2 3.88184E-2 3.10671E-2 3.18305E-2 3.48142E-2 3.97541E-2 4.01587E-2 4.12777E-2 4.37936E-2 4.67887E-2 4.92125E-2 5.79629E-2 5.44232E-2 5.42649E-2 4.41034E-2 3.18441E-2 3.17248E-2 3.60491E-2 2.62439E-2 2.49998E-2 2.73554E-2 3.73613E-2 3.48029E-2 3.25741E-2 3.34677E-2 3.33152E-2 3.31176E-2 2.78262E-2 2.48642E-2 1.99861E-2 1.69678E-2 1.43602E-2 1.59617E-2 1.95764E-2 2.20265E-2 2.27746E-2 2.24665E-2 2.17002E-2 2.23848E-2 2.15178E-2 1.98796E-2 1.98566E-2 1.89024E-2 1.90326E-2 1.87657E-2 1.71987E-2 1.72874E-2 1.73022E-2 1.62916E-2 1.26572E-2 1.0248E-2 8.65931E-3 8.28388E-3 1.05897E-2 1.63612E-2 1.77099E-2 1.75931E-2 1.74519E-2 1.45245E-2 9.42853E-3
5.1677E-2 3.94955E-2 3.47725E-2 3.49078E-2 3.95805E-2 4.61631E-2 4.13382E-2 3.8807E-2 4.82632E-2 4.35058E-2 4.07602E-2 4.57641E-2 5.4087E-2 6.4025E-2 4.9573E-2 3.7187E-2 3.63201E-2 4.67468E-2 5.42829E-2 4.31936E-2 3.54446E-2 4.18567E-2 4.15558E-2 4.70832E-2 3.9082E-2 4.30133E-2 3.66016E-2 2.7902E-2 2.3748E-2 1.98911E-2 1.78364E-2 1.5602E-2 1.48578E-2 1.92932E-2 2.26324E-2 2.28734E-2 2.08662E-2 2.07975E-2 2.20927E-2 2.44875E-2 2.4755E-2 2.33673E-2 2.24102E-2 2.17258E-2 2.01938E-2 2.00091E-2 1.87609E-2 1.84165E-2 1.70949E-2 1.69703E-2 1.44084E-2 1.08099E-2 9.38449E-3 8.69384E-3 8.6294E-3 1.26657E-2 1.70867E-2 1.78867E-2 1.74112E-2 1.57284E-2 1.18844E-2
4.86966E-2 4.67508E-2 4.61478E-2 4.39407E-2 4.39374E-2 4.52928E-2 5.53493E-2 4.90128E-2 5.65455E-2 5.94959E-2 5.42349E-2 6.1143E-2 5.77991E-2 5.44471E-2 6.40261E-2 5.29261E-2 5.92525E-2 5.14649E-2 4.45033E-2 5.45537E-2 5.6448E-2 5.53606E-2 5.45132E-2 5.79973E-2 5.45442E-2 3.50114E-2 2.66281E-2 2.10377E-2 1.89758E-2 1.78321E-2 1.69432E-2 1.55262E-2 1.84262E-2 2.24246E-2 2.32854E-2 2.39458E-2 2.23286E-2 2.12632E-2 2.3684E-2 2.4924E-2 2.58363E-2 2.65555E-2 2.43424E-2 2.17632E-2 2.14567E-2 2.14623E-2 1.99473E-2 1.87152E-2 1.7852E-2 1.80247E-2 1.58998E-2 1.22609E-2 1.00059E-2 9.97348E-3 9.88031E-3 1.10127E-2 1.42765E-2 1.70139E-2 1.74534E-2 1.66442E-2 1.38427E-2
5.32394E-2 6.52332E-2 5.19567E-2 4.04746E-2 4.00946E-2 4.71922E-2 5.30065E-2 5.6022E-2 5.24457E-2 4.78104E-2 6.34107E-2 5.54429E-2 4.55252E-2 4.50867E-2 4.92055E-2 5.81451E-2 4.58138E-2 4.3242E-2 3.36777E-2 3.78039E-2 4.4518E-2 4.32113E-2 5.1528E-2 5.86579E-2 4.6252E-2 2.67345E-2 2.03402E-2 1.88632E-2 1.77385E-2 1.59382E-2 1.70528E-2 1.63285E-2 2.01771E-2 2.38103E-2 2.5736E-2 2.37901E-2 2.32279E-2 2.04788E-2 2.2996E-2 2.5822E-2 2.61326E-2 2.43778E-2 2.382E-2 2.31264E-2 2.31299E-2 2.19313E-2 2.17135E-2 2.07796E-2 1.83526E-2 1.82512E-2 1.78952E-2 1.52224E-2 1.1665E-2 1.01975E-2 9.50032E-3 9.61779E-3 1.0022E-2 1.46171E-2 1.70371E-2 1.70093E-2 1.57935E-2
8.3576E-2 6.54109E-2 5.47039E-2 4.77579E-2 4.80796E-2 5.45289E-2 4.00062E-2 4.82832E-2 4.80343E-2 4.88761E-2 6.02854E-2 5.25769E-2 4.11858E-2 3.85276E-2 4.08184E-2 4.18395E-2 3.76414E-2 3.15968E-2 3.46848E-2 3.02384E-2 3.17631E-2 3.66081E-2 5.14883E-2 6.48763E-2 4.31278E-2 2.72508E-2 2.2293E-2 1.95534E-2 1.96487E-2 1.95929E-2 1.8813E-2 2.01936E-2 2.41691E-2 2.52386E-2 2.45468E-2 2.43763E-2 2.21635E-2 2.14734E-2 2.29669E-2 2.58235E-2 2.66869E-2 2.51293E-2 2.46773E-2 2.53834E-2 2.42109E-2 2.33086E-2 2.23879E-2 2.16763E-2 2.02145E-2 1.90572E-2 1.93221E-2 1.73108E-2 1.39435E-2 1.18128E-2 1.00744E-2 9.28764E-3 9.77864E-3 1.18946E-2 1.43021E-2 1.6372E-2 1.68541E-2
8.49977E-2 8.10805E-2 6.752E-2 5.26257E-2 4.7052E-2 4.89439E-2 3.9767E-2 4.60182E-2 4.56531E-2 5.93031E-2 5.30982E-2 5.50038E-2 5.06108E-2 3.84417E-2 3.86512E-2 3.81515E-2 3.39585E-2 3.10692E-2 3.43162E-2 3.12727E-2 3.55947E-2 4.25052E-2 5.05731E-2 6.5922E-2 4.36127E-2 2.78794E-2 2.32514E-2 2.11369E-2 2.19012E-2 2.2339E-2 2.45737E-2 2.7405E-2 2.69028E-2 2.40463E-2 2.32761E-2 2.43498E-2 2.35232E-2 2.47279E-2 2.32364E-2 2.68901E-2 2.78115E-2 2.462E-2 2.54703E-2 2.61014E-2 2.5019E-2 2.40123E-2 2.3712E-2 2.33711E-2 2.21982E-2 2.12512E-2 2.00627E-2 1.89157E-2 1.71614E-2 1.3825E-2 1.21062E-2 9.89528E-3 9.55398E-3 9.72247E-3 1.24083E-2 1.49341E-2 1.67336E-2
6.9694E-2 7.51809E-2 6.98481E-2 6.90804E-2 4.92742E-2 4.63638E-2 4.16591E-2 4.37729E-2 4.77911E-2 6.13696E-2 5.1729E-2 4.72875E-2 4.4978E-2 3.62645E-2 3.96255E-2 4.78676E-2 4.80132E-2 4.15916E-2 4.55438E-2 4.26283E-2 3.6134E-2 4.36393E-2 5.77116E-2 7.38649E-2 5.41343E-2 3.28756E-2 2.28229E-2 2.85956E-2 2.47188E-2 2.73595E-2 3.43876E-2 3.31389E-2 2.91007E-2 2.56591E-2 2.59297E-2 2.66949E-2 2.47646E-2 2.56568E-2 2.76952E-2 2.53508E-2 2.99859E-2 2.8394E-2 2.67098E-2 2.47867E-2 2.54389E-2 2.43622E-2 2.55316E-2 2.42276E-2 2.29131E-2 2.15401E-2 1.99658E-2 1.89813E-2 1.87212E-2 1.52228E-2 1.29583E-2 1.11424E-2 1.06719E-2 1.04228E-2 1.18207E-2 1.43035E-2 1.51684E-2
6.90667E-2 6.35189E-2 5.46349E-2 6.73962E-2 6.21815E-2 5.28649E-2 5.52232E-2 5.65238E-2 5.82317E-2 5.81392E-2 4.90204E-2 4.182E-2 4.48342E-2 4.15431E-2 4.52359E-2 4.72063E-2 5.104E-2 5.66771E-2 5.2888E-2 4.21194E-2 3.82191E-2 4.79405E-2 5.86202E-2 7.4422E-2 6.00063E-2 5.26342E-2 5.62305E-2 4.5262E-2 3.49102E-2 4.09778E-2 4.36888E-2 3.82207E-2 3.29088E-2 3.42282E-2 3.0731E-2 2.58506E-2 2.61799E-2 2.73654E-2 2.72244E-2 2.73408E-2 2.81565E-2 3.05411E-2 2.93505E-2 2.72645E-2 2.7175E-2 2.61072E-2 2.83595E-2 2.73953E-2 2.37077E-2 2.19951E-2 1.98209E-2 1.9507E-2 1.96766E-2 1.65372E-2 1.37097E-2 1.25403E-2 1.26316E-2 1.22858E-2 1.31852E-2 1.30874E-2 1.23007E-2
1.06179E-1 8.73647E-2 6.14261E-2 6.55703E-2 6.57356E-2 5.68054E-2 5.61956E-2 5.53794E-2 5.5581E-2 5.34389E-2 4.88543E-2 4.38419E-2 5.23417E-2 4.96961E-2 4.79717E-2 4.16191E-2 3.86719E-2 4.30992E-2 6.67032E-2 6.64081E-2 5.68191E-2 5.76377E-2 5.48064E-2 5.50207E-2 8.66652E-2 5.82416E-2 5.60795E-2 6.6272E-2 6.67284E-2 6.28497E-2 5.90478E-2 4.61475E-2 4.24134E-2 3.78989E-2 3.04665E-2 2.65731E-2 2.67008E-2 2.86155E-2 2.79662E-2 2.89531E-2 3.03296E-2 3.18893E-2 3.04143E-2 2.7425E-2 2.75953E-2 2.8034E-2 3.014E-2 2.75662E-2 2.77859E-2 2.58438E-2 2.1371E-2 2.12269E-2 2.14611E-2 1.87518E-2 1.37949E-2 1.30854E-2 1.38687E-2 1.4061E-2 1.36299E-2 1.19836E-2 1.04129E-2
1.15843E-1 8.69882E-2 7.14827E-2 5.81553E-2 6.26996E-2 5.7882E-2 5.91765E-2 5.69137E-2 6.0746E-2 5.49211E-2 5.22747E-2 4.84828E-2 4.67648E-2 5.56301E-2 6.21968E-2 4.61107E-2 4.38888E-2 3.88227E-2 5.48601E-2 8.18773E-2 8.45053E-2 5.72751E-2 7.43925E-2 8.81638E-2 8.51036E-2 4.24291E-2 3.61936E-2 4.47202E-2 5.24964E-2 5.41584E-2 5.6171E-2 4.32777E-2 4.02528E-2 3.61378E-2 3.11801E-2 2.95091E-2 2.99697E-2 3.20785E-2 3.04484E-2 3.20747E-2 3.30129E-2 3.44579E-2 3.33061E-2 2.98685E-2 2.84124E-2 2.91167E-2 3.05182E-2 3.04141E-2 2.96856E-2 2.77234E-2 2.49666E-2 2.38649E-2 2.33345E-2 2.22628E-2 1.75297E-2 1.3791E-2 1.27496E-2 1.29674E-2 1.21151E-2 1.20988E-2 1.18802E-2
8.37548E-2 8.00363E-2 7.57914E-2 6.78716E-2 8.09612E-2 7.14149E-2 7.37119E-2 7.49541E-2 8.22866E-2 7.44445E-2 6.68675E-2 4.8989E-2 4.60613E-2 4.92714E-2 5.87021E-2 6.93865E-2 4.96002E-2 5.04107E-2 5.03627E-2 6.5532E-2 8.56248E-2 9.68492E-2 9.98251E-2 7.64415E-2 5.78133E-2 4.31214E-2 2.9672E-2 2.98972E-2 3.62046E-2 3.88703E-2 5.37602E-2 5.53112E-2 4.15023E-2 3.39684E-2 4.03675E-2 3.81812E-2 4.08033E-2 3.6856E-2 3.19103E-2 3.73207E-2 3.75649E-2 3.85607E-2 3.68363E-2 3.05248E-2 2.9848E-2 3.05195E-2 2.98293E-2 3.13289E-2 3.15185E-2 3.00412E-2 2.86098E-2 2.69356E-2 2.49769E-2 2.39707E-2 2.23512E-2 1.5668E-2 1.28505E-2 1.15069E-2 1.13212E-2 1.22564E-2 1.33677E-2
1.01455E-1 8.71138E-2 9.01064E-2 9.30995E-2 1.0665E-1 9.10185E-2 7.5058E-2 7.42269E-2 8.3708E-2 8.4137E-2 6.25401E-2 4.92974E-2 4.69379E-2 4.67851E-2 5.29017E-2 6.81731E-2 7.38725E-2 8.66072E-2 7.99116E-2 9.65692E-2 1.06962E-1 1.01459E-1 6.20756E-2 4.73444E-2 4.10741E-2 3.489E-2 3.10872E-2 2.83998E-2 2.98046E-2 3.51054E-2 4.37384E-2 5.62858E-2 4.37291E-2 5.07441E-2 5.09041E-2 4.83017E-2 4.73766E-2 4.34861E-2 4.33421E-2 4.2218E-2 4.09667E-2 4.06498E-2 3.89557E-2 3.65448E-2 3.22137E-2 3.48628E-2 3.05949E-2 3.13245E-2 3.15478E-2 3.06462E-2 2.87759E-2 3.01453E-2 2.69467E-2 2.56137E-2 2.48831E-2 1.96374E-2 1.44009E-2 1.26402E-2 1.20336E-2 1.23137E-2 1.16316E-2
9.83014E-2 1.4922E-1 1.55287E-1 1.75084E-1 1.55189E-1 1.63495E-1 1.22378E-1 1.32167E-1 9.52757E-2 1.30438E-1 8.15017E-2 6.20131E-2 4.97555E-2 5.68269E-2 6.12425E-2 8.40686E-2 8.37293E-2 9.74227E-2 1.05443E-1 1.22154E-1 1.01139E-1 9.13158E-2 7.29165E-2 5.06724E-2 3.35273E-2 3.14484E-2 3.31343E-2 3.51089E-2 3.61672E-2 3.41518E-2 3.53177E-2 4.52252E-2 5.36805E-2 5.7111E-2 5.02059E-2 4.72308E-2 4.13903E-2 3.97227E-2 3.52238E-2 4.44299E-2 4.40324E-2 4.05839E-2 4.10302E-2 3.72126E-2 3.55368E-2 3.82954E-2 3.47126E-2 3.13992E-2 3.08247E-2 2.94011E-2 3.06993E-2 3.24273E-2 2.99504E-2 2.63692E-2 2.68168E-2 2.32405E-2 1.64314E-2 1.45595E-2 1.34345E-2 1.41606E-2 1.33224E-2
1.47104E-1 1.87222E-1 2.50578E-1 2.41103E-1 2.45636E-1 2.46648E-1 1.93265E-1 2.11291E-1 1.44073E-1 1.60231E-1 1.34346E-1 6.93121E-2 6.91204E-2 5.957E-2 7.80837E-2 1.11769E-1 1.48401E-1 1.35276E-1 1.12213E-1 1.31016E-1 8.80382E-2 4.8686E-2 4.41378E-2 4.94946E-2 4.8297E-2 4.37435E-2 3.99388E-2 3.86858E-2 3.59718E-2 3.41155E-2 3.69517E-2 4.01514E-2 4.10133E-2 5.18158E-2 5.51969E-2 4.75588E-2 4.02382E-2 3.50788E-2 3.13428E-2 3.48012E-2 3.40252E-2 4.19488E-2 4.23885E-2 4.14586E-2 3.98187E-2 3.86436E-2 4.02234E-2 3.70575E-2 3.53317E-2 3.38879E-2 3.16887E-2 3.38096E-2 3.39645E-2 3.1025E-2 2.86863E-2 2.7102E-2 2.29899E-2 1.80562E-2 1.50576E-2 1.35748E-2 1.27085E-2
2.10298E-1 2.92224E-1 2.96643E-1 3.40219E-1 3.81107E-1 3.3475E-1 3.0708E-1 2.92446E-1 2.59419E-1 2.12819E-1 1.58732E-1 1.00319E-1 1.249E-1 6.9848E-2 9.49353E-2 1.50265E-1 1.14846E-1 1.0765E-1 9.46086E-2 1.0211E-1 1.09611E-1 5.41927E-2 3.28207E-2 3.41171E-2 3.80814E-2 3.69578E-2 3.60109E-2 3.36131E-2 3.56198E-2 3.84942E-2 3.59401E-2 3.93743E-2 3.98204E-2 4.29458E-2 5.4035E-2 4.85515E-2 3.7708E-2 3.32606E-2 3.19384E-2 3.17151E-2 3.55431E-2 4.09871E-2 3.83269E-2 4.1873E-2 4.19137E-2 4.14801E-2 4.08996E-2 3.85028E-2 3.70667E-2 3.75189E-2 3.67864E-2 3.71219E-2 3.53247E-2 3.49142E-2 3.26094E-2 2.98932E-2 2.72315E-2 2.37434E-2 1.89601E-2 1.59009E-2 1.34807E-2
