Artocarpus heterophyllus SDM files/Last interglacial/results (with bias file)/Arthet_8.asc
ncols         625
nrows         721
xllcorner     69.99986311115
yllcorner     5.99986151914999
cellsize      0.041666667
NODATA_value  -9999
[rows 243 to 269 of 721, columns 183 to 243 of 625]
4.56674E-1 4.56586E-1 4.61205E-1 4.52316E-1 4.69586E-1 4.7567E-1 4.7876E-1 4.70291E-1 4.57301E-1 4.52537E-1 4.61761E-1 4.68294E-1 4.73316E-1 4.76406E-1 4.88223E-1 4.85848E-1 4.85009E-1 4.87006E-1 4.8686E-1 4.90268E-1 4.92318E-1 4.96643E-1 4.93218E-1 4.90898E-1 4.991E-1 4.95855E-1 4.95428E-1 4.94491E-1 4.94084E-1 4.9022E-1 4.95942E-1 4.93434E-1 4.90146E-1 4.9027E-1 4.90359E-1 4.91099E-1 4.88527E-1 4.87874E-1 4.94756E-1 4.98766E-1 5.01139E-1 5.00917E-1 5.00905E-1 5.01155E-1 5.0398E-1 4.98992E-1 5.00454E-1 4.96939E-1 5.04572E-1 5.08401E-1 5.03277E-1 5.07714E-1 5.06421E-1 5.07177E-1 5.07869E-1 5.0563E-1 5.04579E-1 5.07298E-1 5.05675E-1 5.03404E-1 5.01766E-1
4.64447E-1 4.61985E-1 4.47315E-1 4.49366E-1 4.68377E-1 4.78534E-1 4.73283E-1 4.58523E-1 4.48805E-1 4.56362E-1 4.5639E-1 4.63425E-1 4.68118E-1 4.72609E-1 4.7714E-1 4.76904E-1 4.79902E-1 4.86479E-1 4.86675E-1 4.92757E-1 4.9176E-1 4.88227E-1 4.88071E-1 4.9592E-1 4.89669E-1 4.9715E-1 4.95368E-1 4.94524E-1 4.96498E-1 4.96091E-1 4.95366E-1 4.93222E-1 4.92943E-1 4.91302E-1 4.93935E-1 4.91037E-1 4.91651E-1 4.91609E-1 4.94045E-1 4.96194E-1 4.97145E-1 5.05377E-1 5.01405E-1 5.00715E-1 4.99117E-1 4.98992E-1 4.99607E-1 5.0578E-1 5.07712E-1 5.00027E-1 5.02852E-1 4.99059E-1 4.99717E-1 4.98323E-1 5.04118E-1 5.05754E-1 5.05507E-1 5.05946E-1 5.05787E-1 5.035E-1 5.00383E-1
4.69511E-1 4.62637E-1 4.45098E-1 4.49103E-1 4.56608E-1 4.55923E-1 4.65838E-1 4.52957E-1 4.48782E-1 4.53805E-1 4.57605E-1 4.64454E-1 4.72386E-1 4.71603E-1 4.75393E-1 4.84039E-1 4.77071E-1 4.80131E-1 4.87303E-1 4.91264E-1 4.88137E-1 4.90411E-1 4.90694E-1 4.9065E-1 4.87183E-1 4.85275E-1 4.91793E-1 4.91025E-1 4.88464E-1 4.93987E-1 4.8835E-1 4.92344E-1 4.93127E-1 4.9124E-1 4.87677E-1 4.87087E-1 4.94209E-1 4.91446E-1 4.87526E-1 4.9165E-1 4.9843E-1 4.98992E-1 4.94838E-1 4.93834E-1 4.95673E-1 4.90808E-1 4.95602E-1 5.04547E-1 5.01194E-1 5.00863E-1 5.00647E-1 5.02191E-1 4.99628E-1 4.94349E-1 5.04602E-1 5.04477E-1 5.04163E-1 5.03546E-1 5.01451E-1 4.99486E-1 4.99736E-1
4.72134E-1 4.62351E-1 4.45983E-1 4.52851E-1 4.61869E-1 4.58477E-1 4.46068E-1 4.5365E-1 4.46261E-1 4.58189E-1 4.64954E-1 4.69647E-1 4.69197E-1 4.7302E-1 4.74104E-1 4.77118E-1 4.78944E-1 4.81959E-1 4.81648E-1 4.81509E-1 4.8116E-1 4.85715E-1 4.85962E-1 4.90756E-1 4.85786E-1 4.86513E-1 4.89863E-1 4.88954E-1 4.88806E-1 4.88246E-1 4.87262E-1 4.86925E-1 4.88966E-1 4.84832E-1 4.81508E-1 4.86141E-1 4.90779E-1 4.89793E-1 4.84706E-1 4.85014E-1 4.89536E-1 4.92765E-1 4.9453E-1 4.97106E-1 4.92983E-1 4.96255E-1 4.91583E-1 4.94338E-1 4.95009E-1 4.94469E-1 4.94272E-1 4.94397E-1 4.99262E-1 4.93589E-1 5.0183E-1 4.98041E-1 4.97633E-1 4.94939E-1 4.9255E-1 4.92861E-1 4.93391E-1
4.72551E-1 4.56809E-1 4.46656E-1 4.61384E-1 4.65246E-1 4.49097E-1 4.39957E-1 4.4429E-1 4.49527E-1 4.55547E-1 4.61733E-1 4.59923E-1 4.61331E-1 4.71643E-1 4.7322E-1 4.7421E-1 4.84631E-1 4.85448E-1 4.8558E-1 4.86144E-1 4.86893E-1 4.86242E-1 4.83989E-1 4.80299E-1 4.90231E-1 4.89959E-1 4.8145E-1 4.87982E-1 4.88588E-1 4.88555E-1 4.84772E-1 4.84091E-1 4.84058E-1 4.81725E-1 4.8517E-1 4.86089E-1 4.84474E-1 4.91196E-1 4.86902E-1 4.87087E-1 4.83353E-1 4.84014E-1 4.85366E-1 4.91954E-1 4.92631E-1 4.95256E-1 4.88996E-1 4.92056E-1 4.91154E-1 4.93853E-1 4.93599E-1 4.9198E-1 4.89907E-1 4.89429E-1 4.90489E-1 4.95228E-1 4.9524E-1 4.95103E-1 4.92083E-1 4.9255E-1 4.89431E-1
4.65958E-1 4.59303E-1 4.40882E-1 4.57558E-1 4.58403E-1 4.49746E-1 4.42382E-1 4.44463E-1 4.54213E-1 4.61297E-1 4.59936E-1 4.56042E-1 4.59457E-1 4.63586E-1 4.70582E-1 4.74073E-1 4.7608E-1 4.82163E-1 4.77774E-1 4.91978E-1 4.83971E-1 4.85349E-1 4.85534E-1 4.81102E-1 4.83553E-1 4.79771E-1 4.77014E-1 4.81471E-1 4.84642E-1 4.88864E-1 4.84365E-1 4.83504E-1 4.83471E-1 4.81262E-1 4.87241E-1 4.81193E-1 4.84796E-1 4.90817E-1 4.87727E-1 4.85722E-1 4.83513E-1 4.85086E-1 4.82928E-1 4.89143E-1 4.87655E-1 4.8719E-1 4.86416E-1 4.85766E-1 4.85334E-1 4.85211E-1 4.89689E-1 4.90217E-1 4.84391E-1 4.90546E-1 4.9005E-1 4.88654E-1 4.88097E-1 4.88035E-1 4.86217E-1 4.84559E-1 4.8995E-1
4.66837E-1 4.498E-1 4.45606E-1 4.53209E-1 4.45976E-1 4.39393E-1 4.47764E-1 4.40614E-1 4.51209E-1 4.53467E-1 4.55307E-1 4.58241E-1 4.607E-1 4.66788E-1 4.67514E-1 4.73024E-1 4.81079E-1 4.86774E-1 4.80948E-1 4.87801E-1 4.83907E-1 4.81983E-1 4.82598E-1 4.84991E-1 4.80333E-1 4.73844E-1 4.73135E-1 4.78796E-1 4.7892E-1 4.79071E-1 4.77694E-1 4.76773E-1 4.79067E-1 4.85806E-1 4.87768E-1 4.80952E-1 4.85472E-1 4.81905E-1 4.79522E-1 4.78334E-1 4.84691E-1 4.78669E-1 4.85067E-1 4.83203E-1 4.87251E-1 4.86601E-1 4.86259E-1 4.86012E-1 4.85239E-1 4.84529E-1 4.80262E-1 4.84974E-1 4.84296E-1 4.83278E-1 4.84242E-1 4.85691E-1 4.8897E-1 4.88793E-1 4.84962E-1 4.83613E-1 4.8078E-1
4.49477E-1 4.47017E-1 4.50527E-1 4.50074E-1 4.53209E-1 4.40761E-1 4.47555E-1 4.39789E-1 4.42634E-1 4.4728E-1 4.48715E-1 4.51278E-1 4.62603E-1 4.57795E-1 4.72546E-1 4.70981E-1 4.81981E-1 4.88136E-1 4.78957E-1 4.75691E-1 4.77811E-1 4.78084E-1 4.77285E-1 4.80251E-1 4.72485E-1 4.78627E-1 4.73622E-1 4.73833E-1 4.77502E-1 4.73779E-1 4.75728E-1 4.7686E-1 4.81257E-1 4.86956E-1 4.86322E-1 4.85084E-1 4.8507E-1 4.78571E-1 4.78521E-1 4.78444E-1 4.76522E-1 4.78483E-1 4.81157E-1 4.86261E-1 4.87025E-1 4.86321E-1 4.80929E-1 4.85856E-1 4.8533E-1 4.85271E-1 4.8456E-1 4.85715E-1 4.84271E-1 4.83068E-1 4.79205E-1 4.82515E-1 4.8267E-1 4.85393E-1 4.82286E-1 4.79461E-1 4.80101E-1
4.54082E-1 4.46899E-1 4.41872E-1 4.52371E-1 4.43928E-1 4.50365E-1 4.49369E-1 4.3463E-1 4.42674E-1 4.51619E-1 4.52691E-1 4.5467E-1 4.56485E-1 4.58842E-1 4.67144E-1 4.67077E-1 4.76104E-1 4.86023E-1 4.78806E-1 4.75209E-1 4.74015E-1 4.72639E-1 4.72789E-1 4.77253E-1 4.74061E-1 4.75046E-1 4.75318E-1 4.78279E-1 4.78008E-1 4.68684E-1 4.72771E-1 4.79277E-1 4.84902E-1 4.87161E-1 4.82162E-1 4.80806E-1 4.82549E-1 4.81902E-1 4.77285E-1 4.757E-1 4.75735E-1 4.80997E-1 4.75735E-1 4.8223E-1 4.81752E-1 4.80929E-1 4.8059E-1 4.81395E-1 4.79795E-1 4.74781E-1 4.79607E-1 4.79871E-1 4.79847E-1 4.82789E-1 4.82904E-1 4.79606E-1 4.79177E-1 4.78622E-1 4.7699E-1 4.81015E-1 4.75132E-1
4.63256E-1 4.51603E-1 4.39987E-1 4.4831E-1 4.42415E-1 4.49397E-1 4.51243E-1 4.40772E-1 4.42892E-1 4.54331E-1 4.53882E-1 4.55041E-1 4.537E-1 4.58816E-1 4.68359E-1 4.73531E-1 4.66742E-1 4.77486E-1 4.67476E-1 4.76134E-1 4.70838E-1 4.69009E-1 4.72004E-1 4.68345E-1 4.65218E-1 4.65548E-1 4.67031E-1 4.75713E-1 4.6892E-1 4.70554E-1 4.74104E-1 4.75824E-1 4.76926E-1 4.73807E-1 4.7468E-1 4.79298E-1 4.79911E-1 4.79044E-1 4.78521E-1 4.82584E-1 4.85194E-1 4.85661E-1 4.80004E-1 4.86645E-1 4.81166E-1 4.77596E-1 4.79877E-1 4.79444E-1 4.78553E-1 4.84141E-1 4.79359E-1 4.849E-1 4.81354E-1 4.76826E-1 4.78237E-1 4.81481E-1 4.81827E-1 4.78792E-1 4.84883E-1 4.81653E-1 4.74733E-1
4.62573E-1 4.46861E-1 4.38971E-1 4.45639E-1 4.56555E-1 4.53817E-1 4.44874E-1 4.4662E-1 4.37852E-1 4.57052E-1 4.49413E-1 4.50631E-1 4.59261E-1 4.63148E-1 4.67326E-1 4.7387E-1 4.67202E-1 4.73554E-1 4.67146E-1 4.66175E-1 4.61519E-1 4.6744E-1 4.7079E-1 4.67586E-1 4.61455E-1 4.61898E-1 4.66999E-1 4.66578E-1 4.72613E-1 4.7219E-1 4.7555E-1 4.7046E-1 4.69817E-1 4.71944E-1 4.70842E-1 4.6996E-1 4.78861E-1 4.71517E-1 4.80894E-1 4.88813E-1 4.81778E-1 4.73242E-1 4.85066E-1 4.81774E-1 4.76079E-1 4.81651E-1 4.75796E-1 4.81774E-1 4.78549E-1 4.84514E-1 4.85026E-1 4.79192E-1 4.77865E-1 4.7802E-1 4.78665E-1 4.76088E-1 4.7707E-1 4.79683E-1 4.7907E-1 4.78397E-1 4.76597E-1
4.62091E-1 4.48863E-1 4.43787E-1 4.47624E-1 4.64398E-1 4.50418E-1 4.42088E-1 4.45932E-1 4.41837E-1 4.50664E-1 4.44783E-1 4.50515E-1 4.60468E-1 4.68538E-1 4.65247E-1 4.73926E-1 4.68601E-1 4.73102E-1 4.65304E-1 4.62043E-1 4.59098E-1 4.62613E-1 4.6594E-1 4.59843E-1 4.56304E-1 4.57661E-1 4.63289E-1 4.68707E-1 4.69424E-1 4.70462E-1 4.77907E-1 4.70336E-1 4.67264E-1 4.68234E-1 4.69115E-1 4.74096E-1 4.71636E-1 4.74245E-1 4.7608E-1 4.79162E-1 4.71632E-1 4.75648E-1 4.76562E-1 4.75857E-1 4.75153E-1 4.76378E-1 4.77276E-1 4.76032E-1 4.7648E-1 4.75281E-1 4.79948E-1 4.80228E-1 4.7811E-1 4.76854E-1 4.77009E-1 4.78514E-1 4.78269E-1 4.80073E-1 4.71187E-1 4.76329E-1 4.7386E-1
4.52624E-1 4.50428E-1 4.39809E-1 4.43385E-1 4.49866E-1 4.48632E-1 4.43622E-1 4.46485E-1 4.40695E-1 4.42982E-1 4.45245E-1 4.50344E-1 4.55882E-1 4.60722E-1 4.6579E-1 4.74595E-1 4.65481E-1 4.66912E-1 4.61054E-1 4.64033E-1 4.55928E-1 4.61054E-1 4.59217E-1 4.55858E-1 4.48729E-1 4.5318E-1 4.58903E-1 4.64992E-1 4.66502E-1 4.63527E-1 4.71069E-1 4.62649E-1 4.64761E-1 4.67116E-1 4.71338E-1 4.65281E-1 4.64118E-1 4.70328E-1 4.77209E-1 4.7333E-1 4.70688E-1 4.73064E-1 4.75674E-1 4.77112E-1 4.7091E-1 4.76378E-1 4.78982E-1 4.73208E-1 4.70173E-1 4.7452E-1 4.81512E-1 4.75878E-1 4.68949E-1 4.71972E-1 4.73133E-1 4.76223E-1 4.7916E-1 4.70506E-1 4.74799E-1 4.76759E-1 4.75881E-1
4.49293E-1 4.60769E-1 4.53478E-1 4.40527E-1 4.47442E-1 4.48216E-1 4.5368E-1 4.42315E-1 4.37259E-1 4.47359E-1 4.46855E-1 4.53469E-1 4.61335E-1 4.64423E-1 4.6361E-1 4.67507E-1 4.66057E-1 4.60359E-1 4.54702E-1 4.58298E-1 4.58717E-1 4.63077E-1 4.55482E-1 4.51833E-1 4.48165E-1 4.60207E-1 4.60475E-1 4.64449E-1 4.6361E-1 4.60321E-1 4.63925E-1 4.60609E-1 4.61905E-1 4.62284E-1 4.60367E-1 4.69084E-1 4.70492E-1 4.6575E-1 4.70862E-1 4.65889E-1 4.67889E-1 4.70851E-1 4.67785E-1 4.72589E-1 4.70485E-1 4.72008E-1 4.78001E-1 4.74418E-1 4.71116E-1 4.70766E-1 4.76408E-1 4.76705E-1 4.70318E-1 4.71281E-1 4.72676E-1 4.70037E-1 4.71652E-1 4.66596E-1 4.74657E-1 4.77633E-1 4.73466E-1
4.49229E-1 4.53588E-1 4.5862E-1 4.47257E-1 4.48676E-1 4.51102E-1 4.62519E-1 4.4798E-1 4.4178E-1 4.45098E-1 4.45637E-1 4.526E-1 4.62029E-1 4.64725E-1 4.68657E-1 4.67381E-1 4.60161E-1 4.54536E-1 4.57774E-1 4.55151E-1 4.56617E-1 4.57304E-1 4.54136E-1 4.53745E-1 4.53939E-1 4.61652E-1 4.61471E-1 4.61499E-1 4.58888E-1 4.61287E-1 4.66613E-1 4.66389E-1 4.61562E-1 4.5862E-1 4.59661E-1 4.65086E-1 4.65076E-1 4.65746E-1 4.67223E-1 4.67829E-1 4.73446E-1 4.67603E-1 4.68847E-1 4.67389E-1 4.66244E-1 4.67607E-1 4.80303E-1 4.76131E-1 4.7014E-1 4.69331E-1 4.73222E-1 4.67298E-1 4.71482E-1 4.70624E-1 4.71407E-1 4.75091E-1 4.73053E-1 4.70142E-1 4.71239E-1 4.67791E-1 4.65709E-1
4.57451E-1 4.47924E-1 4.46663E-1 4.49301E-1 4.49725E-1 4.5777E-1 4.585E-1 4.49261E-1 4.39361E-1 4.4238E-1 4.44269E-1 4.48175E-1 4.65388E-1 4.70022E-1 4.64786E-1 4.59335E-1 4.56435E-1 4.5596E-1 4.53041E-1 4.54161E-1 4.56197E-1 4.58248E-1 4.54884E-1 4.53608E-1 4.56074E-1 4.62859E-1 4.63758E-1 4.6099E-1 4.59641E-1 4.64873E-1 4.67937E-1 4.63425E-1 4.55248E-1 4.53578E-1 4.6312E-1 4.64177E-1 4.65356E-1 4.65263E-1 4.66195E-1 4.6674E-1 4.73016E-1 4.69172E-1 4.71594E-1 4.62559E-1 4.63916E-1 4.68451E-1 4.68277E-1 4.80089E-1 4.72684E-1 4.67579E-1 4.65928E-1 4.64794E-1 4.68136E-1 4.70753E-1 4.73357E-1 4.72384E-1 4.67719E-1 4.67641E-1 4.6939E-1 4.68033E-1 4.64966E-1
4.54162E-1 4.48508E-1 4.60829E-1 4.44849E-1 4.51678E-1 4.54844E-1 4.5606E-1 4.58738E-1 4.38452E-1 4.45938E-1 4.54879E-1 4.47415E-1 4.58473E-1 4.67703E-1 4.55295E-1 4.51099E-1 4.54103E-1 4.54498E-1 4.55086E-1 4.57329E-1 4.59129E-1 4.52273E-1 4.50666E-1 4.58049E-1 4.6036E-1 4.62491E-1 4.67106E-1 4.50304E-1 4.57615E-1 4.65289E-1 4.70408E-1 4.59917E-1 4.49203E-1 4.57419E-1 4.60375E-1 4.64905E-1 4.66199E-1 4.67986E-1 4.62411E-1 4.66007E-1 4.72752E-1 4.70201E-1 4.71168E-1 4.59705E-1 4.63708E-1 4.64584E-1 4.64994E-1 4.6992E-1 4.74702E-1 4.73354E-1 4.75683E-1 4.67883E-1 4.65535E-1 4.66533E-1 4.65517E-1 4.66516E-1 4.65789E-1 4.71614E-1 4.61689E-1 4.68308E-1 4.65304E-1
4.47899E-1 4.52492E-1 4.62165E-1 4.53036E-1 4.47468E-1 4.50754E-1 4.6432E-1 4.55547E-1 4.42256E-1 4.42756E-1 4.59594E-1 4.53975E-1 4.54785E-1 4.48961E-1 4.51799E-1 4.50489E-1 4.55897E-1 4.48076E-1 4.5741E-1 4.58678E-1 4.52865E-1 4.51761E-1 4.56312E-1 4.63947E-1 4.70028E-1 4.65509E-1 4.66192E-1 4.53706E-1 4.65716E-1 4.60631E-1 4.5349E-1 4.5038E-1 4.50342E-1 4.56007E-1 4.61456E-1 4.6303E-1 4.68135E-1 4.62784E-1 4.56591E-1 4.56713E-1 4.72332E-1 4.69631E-1 4.73489E-1 4.57267E-1 4.60477E-1 4.62316E-1 4.67588E-1 4.67481E-1 4.7315E-1 4.73817E-1 4.71663E-1 4.71541E-1 4.64632E-1 4.64665E-1 4.64215E-1 4.65338E-1 4.62326E-1 4.62675E-1 4.65123E-1 4.64214E-1 4.68419E-1
4.46948E-1 4.56514E-1 4.65716E-1 4.60054E-1 4.44302E-1 4.49276E-1 4.67698E-1 4.58246E-1 4.5045E-1 4.4305E-1 4.55255E-1 4.51488E-1 4.48902E-1 4.4707E-1 4.49958E-1 4.49548E-1 4.52168E-1 4.51559E-1 4.55802E-1 4.5044E-1 4.56339E-1 4.64124E-1 4.59754E-1 4.58143E-1 4.67158E-1 4.71385E-1 4.72316E-1 4.65537E-1 4.67136E-1 4.57275E-1 4.51522E-1 4.4958E-1 4.46433E-1 4.53511E-1 4.55001E-1 4.60199E-1 4.57582E-1 4.57558E-1 4.57178E-1 4.57164E-1 4.62509E-1 4.64442E-1 4.7091E-1 4.67134E-1 4.64094E-1 4.67965E-1 4.64823E-1 4.65526E-1 4.68211E-1 4.60612E-1 4.67858E-1 4.66748E-1 4.68401E-1 4.69419E-1 4.63733E-1 4.63189E-1 4.65656E-1 4.69422E-1 4.65983E-1 4.63838E-1 4.65031E-1
4.46477E-1 4.61805E-1 4.62193E-1 4.59754E-1 4.48381E-1 4.52357E-1 4.62241E-1 4.60681E-1 4.52138E-1 4.49045E-1 4.38664E-1 4.48327E-1 4.45108E-1 4.48388E-1 4.47459E-1 4.49233E-1 4.47884E-1 4.5174E-1 4.51687E-1 4.54103E-1 4.58193E-1 4.60618E-1 4.58198E-1 4.57453E-1 4.68786E-1 4.65537E-1 4.69404E-1 4.72143E-1 4.72318E-1 4.68276E-1 4.56683E-1 4.51788E-1 4.48505E-1 4.54583E-1 4.58111E-1 4.59319E-1 4.58716E-1 4.56083E-1 4.5893E-1 4.61084E-1 4.61505E-1 4.60594E-1 4.67474E-1 4.67686E-1 4.68305E-1 4.69444E-1 4.66678E-1 4.62631E-1 4.56763E-1 4.58295E-1 4.62231E-1 4.59285E-1 4.59187E-1 4.63052E-1 4.6543E-1 4.60053E-1 4.64447E-1 4.65082E-1 4.69911E-1 4.64971E-1 4.63657E-1
4.54875E-1 4.51383E-1 4.57389E-1 4.61371E-1 4.56321E-1 4.51386E-1 4.53309E-1 4.65158E-1 4.57883E-1 4.60523E-1 4.3236E-1 4.42368E-1 4.43546E-1 4.47264E-1 4.49087E-1 4.48623E-1 4.44608E-1 4.54925E-1 4.55696E-1 4.60858E-1 4.57015E-1 4.61791E-1 4.52448E-1 4.52968E-1 4.6219E-1 4.61443E-1 4.64104E-1 4.62021E-1 4.69525E-1 4.67078E-1 4.53936E-1 4.4264E-1 4.45305E-1 4.56688E-1 4.56149E-1 4.51063E-1 4.49038E-1 4.50106E-1 4.63636E-1 4.65246E-1 4.54897E-1 4.59754E-1 4.65965E-1 4.66783E-1 4.69069E-1 4.70058E-1 4.6548E-1 4.58612E-1 4.60944E-1 4.62121E-1 4.5761E-1 4.57208E-1 4.6436E-1 4.64299E-1 4.64058E-1 4.62366E-1 4.66018E-1 4.73147E-1 4.6339E-1 4.62497E-1 4.63932E-1
4.63018E-1 4.55653E-1 4.48034E-1 4.6389E-1 4.63724E-1 4.5418E-1 4.55371E-1 4.65187E-1 4.63168E-1 4.49108E-1 4.30061E-1 4.39608E-1 4.48007E-1 4.43192E-1 4.42607E-1 4.47782E-1 4.47248E-1 4.57911E-1 4.66023E-1 4.62309E-1 4.62869E-1 4.57493E-1 4.55365E-1 4.5471E-1 4.53596E-1 4.63743E-1 4.6642E-1 4.62528E-1 4.62983E-1 4.68139E-1 4.50558E-1 4.44031E-1 4.47764E-1 4.49532E-1 4.55307E-1 4.51391E-1 4.47802E-1 4.54123E-1 4.65192E-1 4.58111E-1 4.54543E-1 4.61088E-1 4.65821E-1 4.71039E-1 4.67535E-1 4.68627E-1 4.59038E-1 4.63472E-1 4.6953E-1 4.60201E-1 4.61492E-1 4.62398E-1 4.63667E-1 4.64315E-1 4.62474E-1 4.62278E-1 4.63629E-1 4.672E-1 4.68047E-1 4.63324E-1 4.62162E-1
4.65593E-1 4.61876E-1 4.53119E-1 4.52401E-1 4.59862E-1 4.5631E-1 4.52929E-1 4.59737E-1 4.65007E-1 4.47096E-1 4.5343E-1 4.30289E-1 4.45024E-1 4.48089E-1 4.44445E-1 4.48636E-1 4.49266E-1 4.56923E-1 4.65271E-1 4.64483E-1 4.58763E-1 4.51751E-1 4.50724E-1 4.55517E-1 4.56049E-1 4.69679E-1 4.73205E-1 4.59179E-1 4.5935E-1 4.64483E-1 4.60668E-1 4.57571E-1 4.45841E-1 4.4053E-1 4.44822E-1 4.49262E-1 4.56821E-1 4.59214E-1 4.72361E-1 4.58781E-1 4.45752E-1 4.54779E-1 4.61876E-1 4.68374E-1 4.69786E-1 4.63801E-1 4.63942E-1 4.59117E-1 4.60916E-1 4.57981E-1 4.59344E-1 4.5985E-1 4.71216E-1 4.68306E-1 4.6682E-1 4.64796E-1 4.6154E-1 4.64443E-1 4.66742E-1 4.68894E-1 4.61432E-1
4.54276E-1 4.63829E-1 4.63677E-1 4.5335E-1 4.56848E-1 4.60002E-1 4.49838E-1 4.48221E-1 4.60192E-1 4.62846E-1 4.49562E-1 4.32451E-1 4.4445E-1 4.51005E-1 4.43458E-1 4.52865E-1 4.51418E-1 4.68045E-1 4.73387E-1 4.54145E-1 4.5221E-1 4.53674E-1 4.49993E-1 4.5954E-1 4.53146E-1 4.65275E-1 4.65162E-1 4.71489E-1 4.70942E-1 4.6542E-1 4.56138E-1 4.60208E-1 4.45499E-1 4.41206E-1 4.52951E-1 4.56292E-1 4.63681E-1 4.56364E-1 4.75409E-1 4.51695E-1 4.45516E-1 4.56701E-1 4.68364E-1 4.70672E-1 4.71474E-1 4.68366E-1 4.73266E-1 4.67773E-1 4.64118E-1 4.52475E-1 4.57077E-1 4.55693E-1 4.56596E-1 4.59626E-1 4.63253E-1 4.59906E-1 4.59524E-1 4.61153E-1 4.56128E-1 4.61836E-1 4.58832E-1
4.49279E-1 4.59685E-1 4.68368E-1 4.63E-1 4.60342E-1 4.56295E-1 4.52645E-1 4.37506E-1 4.43277E-1 4.44353E-1 4.43769E-1 4.36232E-1 4.40398E-1 4.47571E-1 4.55404E-1 4.60706E-1 4.62169E-1 4.65362E-1 4.69929E-1 4.54965E-1 4.43343E-1 4.56869E-1 4.64951E-1 4.55247E-1 4.48318E-1 4.57149E-1 4.65652E-1 4.75139E-1 4.72044E-1 4.75842E-1 4.52345E-1 4.41425E-1 4.40173E-1 4.49625E-1 4.70103E-1 4.6139E-1 4.53825E-1 4.60047E-1 4.70051E-1 4.48886E-1 4.50554E-1 4.54333E-1 4.6735E-1 4.81326E-1 4.79876E-1 4.65012E-1 4.77105E-1 4.71637E-1 4.69415E-1 4.52914E-1 4.55003E-1 4.57261E-1 4.58219E-1 4.64945E-1 4.65658E-1 4.57544E-1 4.54889E-1 4.4889E-1 4.59847E-1 4.5799E-1 4.58179E-1
4.47035E-1 4.5015E-1 4.65084E-1 4.6611E-1 4.71253E-1 4.62053E-1 4.59408E-1 4.45807E-1 4.41122E-1 4.38017E-1 4.44064E-1 4.35826E-1 4.40372E-1 4.54374E-1 4.66358E-1 4.63909E-1 4.63034E-1 4.63094E-1 4.63346E-1 4.53054E-1 4.50684E-1 4.58521E-1 4.66042E-1 4.52255E-1 4.5148E-1 4.58196E-1 4.63771E-1 4.7127E-1 4.75158E-1 4.77357E-1 4.55701E-1 4.38871E-1 4.41359E-1 4.50681E-1 4.68946E-1 4.63909E-1 4.50728E-1 4.57147E-1 4.6736E-1 4.47959E-1 4.45113E-1 4.56842E-1 4.73862E-1 4.81292E-1 4.83013E-1 4.75689E-1 4.76628E-1 4.67606E-1 4.6665E-1 4.6111E-1 4.55735E-1 4.53843E-1 4.61415E-1 4.66582E-1 4.63742E-1 4.63288E-1 4.61738E-1 4.58831E-1 4.65133E-1 4.60576E-1 4.62693E-1
4.46412E-1 4.53799E-1 4.47499E-1 4.56639E-1 4.66212E-1 4.60552E-1 4.55755E-1 4.49934E-1 4.37081E-1 4.43443E-1 4.42519E-1 4.4609E-1 4.3623E-1 4.50707E-1 4.54954E-1 4.69269E-1 4.63789E-1 4.66674E-1 4.5493E-1 4.5258E-1 4.52141E-1 4.61803E-1 4.53768E-1 4.52665E-1 4.53495E-1 4.61418E-1 4.64977E-1 4.65467E-1 4.66157E-1 4.7834E-1 4.61158E-1 4.42689E-1 4.44885E-1 4.5477E-1 4.68622E-1 4.66339E-1 4.47251E-1 4.56911E-1 4.56918E-1 4.47172E-1 4.52244E-1 4.59893E-1 4.6906E-1 4.81083E-1 4.80128E-1 4.74743E-1 4.75542E-1 4.61985E-1 4.6046E-1 4.63487E-1 4.62776E-1 4.58426E-1 4.63045E-1 4.63927E-1 4.62709E-1 4.64918E-1 4.58955E-1 4.61425E-1 4.60992E-1 4.65608E-1 4.78598E-1
