Artocarpus heterophyllus SDM files/Last interglacial/results (with bias file)/Arthet_9.asc
ncols         625
nrows         721
xllcorner     69.99986311115
yllcorner     5.99986151914999
cellsize      0.041666667
NODATA_value  -9999
[rows 54 to 80 of 721, columns 549 to 609 of 625]
2.43325E-2 2.36807E-2 2.18222E-2 2.13729E-2 2.00967E-2 1.84495E-2 1.9349E-2 2.01643E-2 2.03015E-2 2.01643E-2 2.1744E-2 2.10127E-2 2.07262E-2 2.05825E-2 2.18931E-2 2.25015E-2 2.15973E-2 2.37704E-2 2.75858E-2 2.76185E-2 2.66227E-2 2.64357E-2 2.56146E-2 2.42672E-2 2.33753E-2 2.23664E-2 2.18286E-2 2.27467E-2 2.32224E-2 2.30574E-2 2.4474E-2 2.40452E-2 2.29966E-2 2.17887E-2 2.10265E-2 2.01643E-2 2.04407E-2 2.06417E-2 2.04156E-2 1.90189E-2 1.96797E-2 1.85042E-2 1.84716E-2 1.69609E-2 1.93971E-2 2.00352E-2 1.69609E-2 1.85498E-2 1.80997E-2 1.8172E-2 2.17613E-2 1.8226E-2 1.80997E-2 2.11242E-2 2.00184E-2 1.8484E-2 2.31905E-2 2.1849E-2 2.19992E-2 2.50386E-2 2.40329E-2
2.38403E-2 2.35166E-2 2.33547E-2 2.30372E-2 2.24193E-2 2.16681E-2 2.16612E-2 2.21096E-2 2.25683E-2 2.19603E-2 2.16612E-2 2.13031E-2 2.23485E-2 2.18955E-2 2.18955E-2 2.19603E-2 2.29691E-2 2.58086E-2 2.79894E-2 2.76081E-2 2.70845E-2 2.6083E-2 2.49312E-2 2.31282E-2 2.37675E-2 2.36059E-2 2.44449E-2 2.47619E-2 2.51132E-2 2.49337E-2 2.46187E-2 2.40317E-2 2.37268E-2 2.31172E-2 2.18704E-2 2.07261E-2 2.12337E-2 2.04407E-2 2.24042E-2 2.19237E-2 2.04644E-2 1.96533E-2 1.86042E-2 1.77298E-2 1.81002E-2 2.00119E-2 1.78515E-2 1.62076E-2 1.95352E-2 2.03363E-2 1.86067E-2 1.8902E-2 1.74866E-2 1.91269E-2 2.14766E-2 2.16687E-2 2.2089E-2 2.25503E-2 2.12041E-2 2.30775E-2 2.1497E-2
2.31103E-2 2.11437E-2 2.01468E-2 2.14263E-2 2.26351E-2 2.18729E-2 2.19579E-2 2.24147E-2 2.24147E-2 2.30374E-2 2.35172E-2 2.43385E-2 2.46734E-2 2.50104E-2 2.39291E-2 2.51305E-2 2.50069E-2 2.71575E-2 2.82679E-2 2.79056E-2 2.74038E-2 2.65021E-2 2.59345E-2 2.52093E-2 2.50378E-2 2.39307E-2 2.5705E-2 2.5834E-2 2.5861E-2 2.58199E-2 2.54465E-2 2.49236E-2 2.40989E-2 2.35138E-2 2.27425E-2 2.19877E-2 2.11557E-2 2.07236E-2 2.32524E-2 2.21924E-2 1.98492E-2 1.85372E-2 1.78546E-2 1.73682E-2 1.87281E-2 1.82248E-2 1.66626E-2 1.54431E-2 1.79036E-2 1.7975E-2 1.81458E-2 1.72466E-2 1.76067E-2 1.86601E-2 1.80284E-2 2.098E-2 2.20166E-2 2.23916E-2 2.0835E-2 2.11205E-2 2.17083E-2
2.46012E-2 2.13573E-2 1.92028E-2 1.95947E-2 2.12805E-2 2.08483E-2 2.12805E-2 2.08483E-2 2.01468E-2 2.02828E-2 2.00056E-2 1.87514E-2 1.96717E-2 2.19598E-2 2.46734E-2 2.67901E-2 2.76075E-2 2.80664E-2 2.83334E-2 2.80505E-2 2.80243E-2 2.80072E-2 2.79148E-2 2.72832E-2 2.6706E-2 2.62212E-2 2.65887E-2 2.67487E-2 2.63135E-2 2.54777E-2 2.44989E-2 2.48391E-2 2.47784E-2 2.2724E-2 2.3988E-2 2.27203E-2 2.1366E-2 2.30421E-2 2.37074E-2 2.22575E-2 2.24805E-2 2.17739E-2 2.10051E-2 2.04044E-2 1.9929E-2 1.77811E-2 1.7176E-2 1.87917E-2 2.02266E-2 2.04913E-2 1.89145E-2 2.02737E-2 1.96245E-2 1.84044E-2 2.13007E-2 2.0885E-2 2.09338E-2 2.1505E-2 2.32033E-2 2.13623E-2 1.90645E-2
2.49377E-2 2.45991E-2 2.3135E-2 2.1348E-2 2.31302E-2 2.31742E-2 2.31742E-2 2.33352E-2 2.21797E-2 2.20252E-2 2.23294E-2 2.23294E-2 2.24811E-2 2.37471E-2 2.54324E-2 2.61361E-2 2.40739E-2 2.5782E-2 2.72392E-2 2.81907E-2 2.85669E-2 2.83743E-2 2.79857E-2 2.8524E-2 2.77432E-2 2.7666E-2 2.77753E-2 2.76981E-2 2.71214E-2 2.60464E-2 2.51771E-2 2.40022E-2 2.4502E-2 2.46649E-2 2.45316E-2 2.3195E-2 2.27239E-2 2.35172E-2 2.36949E-2 2.24148E-2 2.38551E-2 2.16876E-2 1.96746E-2 1.93085E-2 1.58163E-2 1.57035E-2 1.59176E-2 1.70572E-2 1.85341E-2 1.70588E-2 1.46504E-2 1.72255E-2 2.07013E-2 2.18038E-2 2.21051E-2 2.17165E-2 2.19221E-2 2.41871E-2 2.25978E-2 2.30169E-2 2.48059E-2
2.22683E-2 2.31985E-2 2.39352E-2 2.36097E-2 2.41002E-2 2.47686E-2 2.47686E-2 2.45991E-2 2.39375E-2 2.39826E-2 2.49377E-2 2.46454E-2 2.51566E-2 2.5782E-2 2.71888E-2 2.69842E-2 2.44052E-2 2.32661E-2 2.23294E-2 2.35845E-2 2.61361E-2 2.81907E-2 2.81907E-2 2.85741E-2 2.87703E-2 2.85201E-2 2.8579E-2 2.83424E-2 2.80545E-2 2.74E-2 2.68293E-2 2.35867E-2 2.23293E-2 2.50982E-2 2.6298E-2 2.52933E-2 2.43331E-2 2.61761E-2 2.42518E-2 2.37471E-2 2.32638E-2 2.3539E-2 2.15038E-2 2.05E-2 1.8294E-2 1.75878E-2 1.61911E-2 1.66407E-2 1.75862E-2 1.47E-2 1.59631E-2 1.69887E-2 1.87149E-2 1.87149E-2 1.84578E-2 2.07542E-2 1.82147E-2 1.91065E-2 2.28569E-2 2.35581E-2 2.22044E-2
2.50141E-2 2.25759E-2 2.15137E-2 2.35184E-2 2.5708E-2 2.5708E-2 2.66042E-2 2.59839E-2 2.57048E-2 2.52807E-2 2.59839E-2 2.61655E-2 2.67117E-2 2.72703E-2 2.74499E-2 2.68892E-2 2.71287E-2 2.65743E-2 2.5853E-2 2.54265E-2 2.5782E-2 2.68706E-2 2.70474E-2 2.64949E-2 2.76126E-2 2.80753E-2 2.78097E-2 2.81845E-2 2.7796E-2 2.7228E-2 2.65134E-2 2.50817E-2 2.44057E-2 2.4747E-2 2.65197E-2 2.65755E-2 2.59635E-2 2.66342E-2 2.54223E-2 2.37469E-2 2.4583E-2 2.3903E-2 2.02896E-2 1.9775E-2 1.96403E-2 1.88007E-2 1.80806E-2 1.95054E-2 1.80806E-2 1.66458E-2 1.88395E-2 1.51141E-2 1.82051E-2 1.91054E-2 1.9775E-2 1.82079E-2 2.07542E-2 1.96403E-2 1.9775E-2 2.28478E-2 2.19192E-2
2.82442E-2 2.6598E-2 2.50141E-2 2.36821E-2 2.55308E-2 2.69696E-2 2.69696E-2 2.75322E-2 2.53561E-2 2.50119E-2 2.50119E-2 2.5708E-2 2.58107E-2 2.61655E-2 2.6525E-2 2.61655E-2 2.70784E-2 2.70784E-2 2.60324E-2 2.4478E-2 2.34937E-2 2.43135E-2 2.63989E-2 2.67614E-2 2.67614E-2 2.67614E-2 2.73209E-2 2.71287E-2 2.65743E-2 2.67614E-2 2.69511E-2 2.51566E-2 2.48152E-2 2.46483E-2 2.48207E-2 2.62258E-2 2.81028E-2 2.7914E-2 2.65857E-2 2.56787E-2 2.57344E-2 2.44783E-2 2.42372E-2 2.224E-2 1.86458E-2 1.88996E-2 1.79582E-2 2.10494E-2 1.8461E-2 1.90325E-2 2.10416E-2 1.81379E-2 1.92936E-2 2.30623E-2 2.09374E-2 1.77186E-2 2.08116E-2 2.30691E-2 2.24432E-2 2.02474E-2 2.1245E-2
2.7666E-2 2.80455E-2 2.843E-2 2.81793E-2 2.81793E-2 2.63153E-2 2.50119E-2 2.79935E-2 2.7798E-2 2.4842E-2 2.45046E-2 2.36821E-2 2.35186E-2 2.40061E-2 2.50119E-2 2.51843E-2 2.48423E-2 2.55364E-2 2.58107E-2 2.45991E-2 2.14921E-2 2.29261E-2 2.34937E-2 2.43135E-2 2.44836E-2 2.43135E-2 2.62258E-2 2.57562E-2 2.39805E-2 2.46483E-2 2.48207E-2 2.53395E-2 2.33328E-2 2.31741E-2 2.38225E-2 2.38225E-2 2.58703E-2 2.69685E-2 2.8278E-2 2.71115E-2 2.39826E-2 2.62671E-2 2.19421E-2 2.19373E-2 2.11987E-2 1.92516E-2 2.26032E-2 2.13916E-2 2.31434E-2 1.91671E-2 2.12464E-2 2.27627E-2 2.37214E-2 2.19873E-2 2.18383E-2 1.9433E-2 1.90325E-2 1.88996E-2 2.27627E-2 2.1245E-2 1.99758E-2
2.59068E-2 2.62662E-2 2.72914E-2 2.82442E-2 2.89702E-2 2.85656E-2 2.59585E-2 2.45773E-2 2.74217E-2 2.89702E-2 2.81793E-2 2.7798E-2 2.70439E-2 2.66775E-2 2.50119E-2 2.28826E-2 2.33573E-2 2.38429E-2 2.41716E-2 2.50147E-2 2.40061E-2 2.42175E-2 2.24615E-2 2.15523E-2 2.42225E-2 2.45563E-2 2.59474E-2 2.42175E-2 2.12581E-2 2.3727E-2 2.35679E-2 2.38225E-2 2.3657E-2 2.2769E-2 2.24588E-2 2.20876E-2 2.35633E-2 2.46561E-2 2.82972E-2 2.7414E-2 2.59303E-2 2.8128E-2 2.61094E-2 2.38174E-2 2.48207E-2 2.62255E-2 2.43211E-2 2.28231E-2 2.01693E-2 1.94279E-2 2.25186E-2 2.16021E-2 2.18383E-2 2.50749E-2 2.49613E-2 2.44973E-2 2.17518E-2 2.01695E-2 2.26578E-2 2.13102E-2 2.03118E-2
2.5382E-2 2.45279E-2 2.6091E-2 2.7373E-2 2.87173E-2 2.85153E-2 2.76878E-2 2.84625E-2 2.88527E-2 2.89702E-2 2.79839E-2 2.59585E-2 2.61359E-2 2.32721E-2 2.21779E-2 2.45773E-2 2.52591E-2 2.5959E-2 2.311E-2 2.34711E-2 2.54344E-2 2.50147E-2 2.27717E-2 2.19175E-2 2.14684E-2 2.05404E-2 2.1916E-2 2.42941E-2 2.09707E-2 2.09677E-2 2.11125E-2 2.30921E-2 2.30854E-2 2.45663E-2 2.59474E-2 2.45511E-2 2.17018E-2 2.5415E-2 2.87711E-2 2.98937E-2 2.99163E-2 2.9056E-2 2.59295E-2 2.75833E-2 2.82829E-2 2.4383E-2 2.35632E-2 2.30832E-2 2.05931E-2 2.00289E-2 2.3145E-2 2.6285E-2 2.29786E-2 2.47815E-2 2.26659E-2 2.26656E-2 2.74271E-2 2.45064E-2 2.23572E-2 2.28231E-2 2.26656E-2
2.29061E-2 2.21961E-2 2.51164E-2 2.6636E-2 2.68133E-2 2.62662E-2 2.57313E-2 2.76971E-2 2.96653E-2 2.96653E-2 2.94552E-2 2.84527E-2 2.76878E-2 2.62138E-2 2.58582E-2 2.54344E-2 2.74337E-2 2.80088E-2 2.57814E-2 2.29551E-2 2.34262E-2 2.44115E-2 2.4748E-2 2.2994E-2 2.0891E-2 2.11742E-2 2.2371E-2 2.28379E-2 2.33112E-2 2.20666E-2 1.9905E-2 2.26803E-2 1.96324E-2 2.1852E-2 2.67451E-2 2.88575E-2 2.54794E-2 2.60077E-2 2.38882E-2 2.7862E-2 3.23364E-2 2.95418E-2 3.09814E-2 2.87102E-2 2.40538E-2 2.30857E-2 2.70491E-2 2.55844E-2 2.11671E-2 2.07321E-2 2.10191E-2 2.25122E-2 2.49613E-2 2.72086E-2 2.39425E-2 2.68052E-2 2.42724E-2 2.59132E-2 2.64687E-2 2.47381E-2 2.25103E-2
2.63444E-2 2.39383E-2 2.39355E-2 2.44331E-2 2.56339E-2 2.52831E-2 2.68932E-2 2.82137E-2 2.71817E-2 2.91441E-2 3.01618E-2 2.74972E-2 2.62138E-2 2.56826E-2 2.39842E-2 2.44813E-2 2.73219E-2 2.88686E-2 2.71247E-2 2.35056E-2 2.27038E-2 2.36573E-2 2.48212E-2 2.13857E-2 2.17655E-2 2.13203E-2 2.41253E-2 2.27475E-2 2.47949E-2 2.5833E-2 2.47923E-2 2.47923E-2 2.53068E-2 2.61882E-2 2.71007E-2 2.90428E-2 3.02755E-2 3.08549E-2 2.78496E-2 2.36331E-2 3.11121E-2 3.27728E-2 3.10408E-2 2.78426E-2 2.78495E-2 2.56542E-2 2.26857E-2 2.88511E-2 2.37972E-2 2.46798E-2 2.25792E-2 2.48512E-2 2.25792E-2 2.96379E-2 2.60721E-2 2.18207E-2 2.27328E-2 2.19036E-2 2.30466E-2 2.12293E-2 2.02283E-2
2.65285E-2 2.62406E-2 2.57072E-2 2.62406E-2 2.59868E-2 2.76372E-2 2.88033E-2 2.68872E-2 2.47701E-2 2.61685E-2 2.78317E-2 2.91441E-2 2.95436E-2 2.73908E-2 2.62138E-2 2.48948E-2 2.66565E-2 2.88686E-2 2.84625E-2 2.39892E-2 2.19393E-2 2.36573E-2 2.39838E-2 2.3178E-2 2.44836E-2 2.5211E-2 2.6636E-2 2.62662E-2 2.7373E-2 2.85309E-2 2.73638E-2 2.7933E-2 2.80455E-2 2.87173E-2 2.92306E-2 2.78496E-2 2.56544E-2 2.88356E-2 3.25235E-2 3.00363E-2 2.88195E-2 3.35644E-2 3.08632E-2 3.15303E-2 2.92142E-2 3.13507E-2 2.80356E-2 3.10475E-2 2.9421E-2 2.95891E-2 2.92602E-2 2.68672E-2 2.62469E-2 2.3922E-2 3.1479E-2 2.68735E-2 2.75463E-2 2.75471E-2 2.57127E-2 2.30465E-2 2.24231E-2
2.47294E-2 2.55327E-2 2.60639E-2 2.77315E-2 2.84984E-2 2.82979E-2 2.67829E-2 2.55326E-2 2.51114E-2 2.49395E-2 2.60639E-2 2.68932E-2 2.9352E-2 2.95436E-2 2.81517E-2 2.66534E-2 2.73943E-2 2.85476E-2 2.77705E-2 2.54141E-2 2.34094E-2 2.43148E-2 2.55854E-2 2.55099E-2 2.48922E-2 2.62948E-2 2.79766E-2 2.90087E-2 2.94064E-2 3.01499E-2 3.01499E-2 3.05625E-2 2.83161E-2 3.09804E-2 3.18613E-2 3.16325E-2 2.99135E-2 2.75483E-2 2.87043E-2 2.81295E-2 3.14039E-2 2.99135E-2 3.38987E-2 3.38205E-2 3.35536E-2 3.34541E-2 3.29426E-2 3.3472E-2 3.3849E-2 3.34179E-2 2.73598E-2 2.83919E-2 2.54388E-2 2.65032E-2 2.87811E-2 3.35791E-2 2.89675E-2 2.71613E-2 2.45858E-2 2.29585E-2 2.12914E-2
2.51444E-2 2.42987E-2 2.53605E-2 2.67945E-2 2.81124E-2 2.84984E-2 2.81003E-2 2.79054E-2 2.66011E-2 2.55326E-2 2.48434E-2 2.55327E-2 2.7344E-2 2.90257E-2 2.94237E-2 2.67326E-2 2.92312E-2 2.91441E-2 2.74725E-2 2.42937E-2 2.42195E-2 2.59378E-2 2.62948E-2 2.72118E-2 2.64729E-2 2.57588E-2 2.74032E-2 2.92171E-2 2.96176E-2 2.94064E-2 3.00233E-2 3.03694E-2 2.99334E-2 2.95982E-2 3.17278E-2 3.32131E-2 3.30815E-2 3.30608E-2 2.85052E-2 2.81198E-2 2.93021E-2 2.99135E-2 3.01097E-2 3.03228E-2 3.49798E-2 3.02004E-2 2.50368E-2 2.91108E-2 3.43296E-2 3.14039E-2 2.62648E-2 3.03431E-2 2.68672E-2 2.81198E-2 2.85787E-2 3.46703E-2 2.97857E-2 2.86645E-2 2.42231E-2 1.94725E-2 2.1729E-2
2.67466E-2 2.67466E-2 2.62004E-2 2.56664E-2 2.65009E-2 2.74253E-2 2.89757E-2 2.93731E-2 2.91666E-2 2.7796E-2 2.69673E-2 2.81003E-2 2.67829E-2 2.48434E-2 2.64226E-2 2.78533E-2 2.84329E-2 2.90257E-2 2.69163E-2 2.58353E-2 2.3963E-2 2.60146E-2 2.78624E-2 2.84452E-2 2.76616E-2 2.46288E-2 2.55854E-2 2.68427E-2 2.7023E-2 2.51114E-2 2.76492E-2 2.78317E-2 2.70737E-2 2.84135E-2 2.98092E-2 2.95982E-2 2.98092E-2 3.10737E-2 2.8401E-2 3.19603E-2 3.30815E-2 3.35191E-2 2.83938E-2 2.36123E-2 2.88033E-2 3.1929E-2 2.63412E-2 2.65226E-2 3.39901E-2 3.52466E-2 3.33915E-2 3.04141E-2 2.69893E-2 2.84643E-2 2.98585E-2 3.55967E-2 2.86544E-2 2.62218E-2 2.56326E-2 2.3324E-2 2.16494E-2
2.51467E-2 2.70147E-2 2.67466E-2 2.77628E-2 2.73776E-2 2.66805E-2 2.83823E-2 2.89757E-2 2.93731E-2 2.97758E-2 2.97758E-2 2.8963E-2 2.83729E-2 2.83729E-2 2.79887E-2 2.87719E-2 2.81841E-2 2.99162E-2 2.85112E-2 2.76616E-2 2.71808E-2 2.53125E-2 2.67356E-2 2.88357E-2 2.84329E-2 2.56612E-2 2.49657E-2 2.6191E-2 2.53098E-2 2.38429E-2 2.6557E-2 2.77315E-2 2.7344E-2 2.75364E-2 2.69732E-2 2.56339E-2 2.75364E-2 2.52857E-2 2.67152E-2 2.70825E-2 3.15293E-2 2.93901E-2 2.59838E-2 2.89928E-2 3.22583E-2 2.93901E-2 2.44331E-2 3.17278E-2 3.6106E-2 2.95847E-2 2.93901E-2 2.93901E-2 3.37414E-2 2.96502E-2 3.66325E-2 3.46616E-2 3.25288E-2 2.76923E-2 2.76991E-2 2.65821E-2 2.25602E-2
2.66479E-2 2.72062E-2 2.73863E-2 2.79595E-2 2.81443E-2 2.87329E-2 2.94608E-2 2.92537E-2 2.98648E-2 2.98648E-2 2.95665E-2 2.97758E-2 2.93602E-2 2.81776E-2 2.66803E-2 2.57833E-2 2.70475E-2 2.87719E-2 3.07584E-2 3.0399E-2 3.07584E-2 2.73674E-2 2.832E-2 2.87087E-2 2.97206E-2 2.83164E-2 2.60144E-2 2.57369E-2 2.46288E-2 2.60119E-2 2.33594E-2 2.41715E-2 2.3679E-2 2.41715E-2 2.40061E-2 2.25689E-2 2.48431E-2 2.24134E-2 2.46753E-2 2.57176E-2 2.81124E-2 2.64226E-2 2.98986E-2 3.48529E-2 2.73378E-2 2.43373E-2 2.77197E-2 2.88894E-2 2.86862E-2 3.43459E-2 3.2906E-2 2.79015E-2 3.17956E-2 2.91343E-2 3.20708E-2 3.03582E-2 3.30107E-2 2.97529E-2 2.62997E-2 2.68175E-2 2.42271E-2
2.6005E-2 2.67266E-2 2.65398E-2 2.65398E-2 2.70147E-2 2.77628E-2 2.91272E-2 2.94067E-2 2.98648E-2 2.98648E-2 3.00614E-2 3.02742E-2 2.98516E-2 3.02742E-2 2.92439E-2 2.92439E-2 2.73128E-2 2.57833E-2 2.76094E-2 2.8571E-2 3.07584E-2 3.08152E-2 2.93602E-2 2.97075E-2 2.97075E-2 2.85112E-2 2.89091E-2 2.81251E-2 2.87087E-2 2.81251E-2 2.663E-2 2.57857E-2 2.64981E-2 2.59609E-2 2.54354E-2 2.25743E-2 2.26348E-2 2.21717E-2 2.16569E-2 2.41759E-2 2.79295E-2 2.66805E-2 2.31974E-2 2.87017E-2 3.22583E-2 2.41768E-2 2.31974E-2 2.84984E-2 2.88894E-2 2.92856E-2 3.26989E-2 3.57687E-2 3.67483E-2 3.60664E-2 3.45948E-2 2.93027E-2 2.57075E-2 2.57655E-2 3.15306E-2 2.83238E-2 2.71079E-2
2.49576E-2 2.42755E-2 2.42755E-2 2.29775E-2 2.72866E-2 2.88184E-2 2.9826E-2 3.0021E-2 3.03646E-2 2.98648E-2 3.07807E-2 3.02742E-2 3.00614E-2 3.00614E-2 2.91294E-2 3.00614E-2 3.02742E-2 3.00614E-2 2.98516E-2 2.80686E-2 3.04732E-2 3.13306E-2 3.08905E-2 2.94409E-2 2.84539E-2 2.87907E-2 2.73674E-2 2.87087E-2 3.0128E-2 2.99162E-2 3.04169E-2 2.93057E-2 2.89091E-2 2.70468E-2 2.57857E-2 2.35922E-2 2.35869E-2 2.31084E-2 2.39129E-2 2.57859E-2 2.87873E-2 2.85834E-2 2.63183E-2 2.65009E-2 3.34887E-2 2.49218E-2 2.39128E-2 2.57833E-2 2.67829E-2 2.72318E-2 2.99612E-2 3.59885E-2 3.88584E-2 3.86555E-2 3.9711E-2 3.81005E-2 3.28023E-2 3.10615E-2 3.00227E-2 3.35026E-2 3.42027E-2
2.43529E-2 2.28189E-2 2.05789E-2 2.29833E-2 2.73672E-2 2.84278E-2 2.9826E-2 2.96148E-2 3.0021E-2 2.98099E-2 3.01512E-2 3.01512E-2 3.07807E-2 3.01512E-2 2.93312E-2 2.99409E-2 3.1E-2 3.07807E-2 3.14245E-2 3.13306E-2 3.13306E-2 3.13306E-2 3.08905E-2 3.0051E-2 2.96448E-2 2.98516E-2 2.96448E-2 3.10516E-2 3.06889E-2 3.10516E-2 3.04732E-2 3.00614E-2 2.92439E-2 2.75001E-2 2.52646E-2 2.50894E-2 2.67596E-2 2.76915E-2 2.60377E-2 2.34962E-2 2.39831E-2 2.2482E-2 2.9062E-2 3.45535E-2 3.35896E-2 2.95563E-2 3.12369E-2 3.37356E-2 3.25606E-2 3.56131E-2 3.686E-2 3.31934E-2 3.10016E-2 2.86281E-2 3.26068E-2 4.23528E-2 4.39105E-2 4.36859E-2 4.14339E-2 3.90577E-2 3.68572E-2
2.25756E-2 2.18093E-2 2.04956E-2 2.38611E-2 2.73672E-2 2.89039E-2 2.9703E-2 2.9703E-2 2.94942E-2 2.86157E-2 2.90086E-2 2.90086E-2 2.87415E-2 2.93409E-2 2.99539E-2 2.97434E-2 3.07807E-2 2.97334E-2 2.99409E-2 3.14245E-2 3.14245E-2 3.14245E-2 3.0767E-2 3.0983E-2 3.0767E-2 3.0983E-2 3.0983E-2 3.06889E-2 3.04732E-2 3.12022E-2 3.07807E-2 3.02742E-2 3.02742E-2 2.94479E-2 2.80683E-2 2.7688E-2 2.71273E-2 2.86562E-2 2.92537E-2 2.82616E-2 2.88481E-2 2.8072E-2 3.17835E-2 3.17835E-2 2.67593E-2 2.63963E-2 2.65794E-2 2.78849E-2 2.92537E-2 2.92537E-2 3.99622E-2 3.3988E-2 2.8492E-2 2.68197E-2 3.43369E-2 3.15897E-2 3.47737E-2 3.75099E-2 3.80192E-2 4.40668E-2 4.30428E-2
1.94464E-2 1.91792E-2 2.19621E-2 2.57266E-2 2.77439E-2 2.85122E-2 2.93009E-2 2.79189E-2 2.66127E-2 2.66181E-2 2.66181E-2 2.75487E-2 2.77326E-2 2.83117E-2 3.04552E-2 3.02412E-2 3.02412E-2 3.08726E-2 2.94186E-2 2.98222E-2 2.95358E-2 3.1724E-2 3.14245E-2 3.14245E-2 3.0767E-2 3.12022E-2 3.12022E-2 3.12022E-2 3.03512E-2 2.95289E-2 2.79609E-2 2.95358E-2 2.95358E-2 3.03646E-2 2.97434E-2 2.93312E-2 3.03646E-2 3.14481E-2 3.1E-2 3.18787E-2 2.9136E-2 2.81554E-2 2.499E-2 2.8081E-2 2.58594E-2 2.34964E-2 2.36561E-2 2.36561E-2 2.5862E-2 3.03646E-2 3.42619E-2 3.57209E-2 3.0411E-2 2.95063E-2 3.08273E-2 2.99706E-2 2.95646E-2 2.84095E-2 2.96019E-2 3.68503E-2 3.73512E-2
2.22362E-2 2.31738E-2 2.46544E-2 2.44239E-2 2.67069E-2 2.82087E-2 2.7437E-2 2.4416E-2 2.34302E-2 2.30443E-2 2.40207E-2 2.68054E-2 2.83116E-2 2.97031E-2 2.86915E-2 2.8627E-2 2.8239E-2 2.9832E-2 3.00302E-2 3.06557E-2 3.04419E-2 3.195E-2 3.1724E-2 3.0859E-2 3.0859E-2 3.12956E-2 3.12956E-2 3.10757E-2 3.10757E-2 3.03512E-2 3.02311E-2 2.98222E-2 2.85385E-2 2.89341E-2 2.97434E-2 2.81519E-2 2.85422E-2 2.87415E-2 2.81554E-2 2.72082E-2 2.75882E-2 2.68388E-2 2.61145E-2 2.57594E-2 2.75882E-2 2.45556E-2 2.50635E-2 2.59358E-2 2.77737E-2 2.59357E-2 2.97434E-2 3.60515E-2 3.79507E-2 3.68503E-2 3.48549E-2 3.48026E-2 3.12209E-2 2.99323E-2 2.81884E-2 2.68991E-2 2.84095E-2
2.22362E-2 2.00459E-2 1.97633E-2 2.17831E-2 2.25446E-2 2.7075E-2 2.45845E-2 2.11318E-2 2.04132E-2 2.01313E-2 2.20254E-2 2.82087E-2 3.04154E-2 2.81913E-2 2.57927E-2 2.78146E-2 2.86361E-2 2.9832E-2 3.01197E-2 3.1389E-2 3.1389E-2 3.06557E-2 2.98221E-2 2.9911E-2 3.00302E-2 3.08726E-2 3.06557E-2 3.04419E-2 3.12956E-2 3.00232E-2 2.98222E-2 2.92162E-2 2.96238E-2 2.88203E-2 2.90202E-2 2.88205E-2 2.69182E-2 2.6734E-2 2.63708E-2 2.49677E-2 2.63708E-2 2.54094E-2 2.7025E-2 2.72887E-2 3.10926E-2 3.24116E-2 2.88203E-2 2.5874E-2 2.57594E-2 2.85422E-2 3.00974E-2 3.47358E-2 3.93446E-2 4.07199E-2 4.18906E-2 3.49434E-2 3.74647E-2 3.66039E-2 3.23524E-2 3.02688E-2 3.092E-2
2.13921E-2 2.18433E-2 2.16935E-2 2.45547E-2 2.45547E-2 2.48941E-2 2.11312E-2 2.16343E-2 2.10452E-2 2.21758E-2 2.56312E-2 2.91965E-2 2.89776E-2 2.40865E-2 2.54436E-2 2.63335E-2 2.89897E-2 3.05459E-2 3.09647E-2 3.07472E-2 3.01196E-2 3.05327E-2 2.93031E-2 2.81275E-2 2.91064E-2 2.97119E-2 3.1389E-2 2.9911E-2 3.06557E-2 2.8711E-2 2.87085E-2 2.90202E-2 3.03313E-2 2.76638E-2 2.7475E-2 2.8712E-2 2.88269E-2 2.71022E-2 2.72887E-2 2.74779E-2 2.6734E-2 2.58355E-2 2.92351E-2 3.1974E-2 2.82071E-2 2.92227E-2 3.47209E-2 2.91472E-2 2.87877E-2 3.21581E-2 3.31162E-2 3.72323E-2 4.01754E-2 4.01754E-2 4.22724E-2 4.27838E-2 3.47154E-2 3.59441E-2 3.75062E-2 3.45946E-2 3.1743E-2
