Artocarpus heterophyllus SDM files/Last interglacial/results (with bias file)/Arthet_stddev.asc
ncols         625
nrows         721
xllcorner     69.99986311115
yllcorner     5.99986151914999
cellsize      0.041666667
NODATA_value  -9999
[rows 351 to 377 of 721, columns 183 to 243 of 625]
1.48751E-2 1.5527E-2 1.48965E-2 1.43622E-2 1.48591E-2 1.50574E-2 1.5273E-2 1.41804E-2 1.22592E-2 1.17145E-2 1.20132E-2 1.27887E-2 1.25814E-2 1.25723E-2 1.1925E-2 1.21535E-2 1.20927E-2 1.18794E-2 1.15212E-2 1.14899E-2 1.1668E-2 1.12428E-2 1.1766E-2 1.15163E-2 1.15235E-2 1.11931E-2 1.09934E-2 1.10833E-2 1.08937E-2 1.10691E-2 1.12158E-2 1.15282E-2 1.18508E-2 1.22562E-2 1.24033E-2 1.24033E-2 1.27438E-2 1.26212E-2 1.23047E-2 1.22045E-2 1.26783E-2 1.2401E-2 1.3092E-2 1.31336E-2 1.31075E-2 1.33037E-2 1.3689E-2 1.36352E-2 1.33312E-2 1.36724E-2 1.3825E-2 1.37926E-2 1.41462E-2 1.38661E-2 1.37515E-2 1.45546E-2 1.39256E-2 1.37149E-2 1.4187E-2 1.3621E-2 1.3916E-2
1.48215E-2 1.47962E-2 1.42344E-2 1.47934E-2 1.45816E-2 1.34874E-2 1.33106E-2 1.28211E-2 1.17929E-2 1.16208E-2 1.18729E-2 1.19542E-2 1.1968E-2 1.20719E-2 1.21093E-2 1.18667E-2 1.16158E-2 1.12681E-2 1.09801E-2 1.10057E-2 1.11656E-2 1.13058E-2 1.13925E-2 1.12073E-2 1.11809E-2 1.06071E-2 1.0726E-2 1.02936E-2 1.05884E-2 1.09371E-2 1.12699E-2 1.15373E-2 1.17011E-2 1.22223E-2 1.2501E-2 1.23168E-2 1.25096E-2 1.26596E-2 1.2247E-2 1.28198E-2 1.30156E-2 1.29172E-2 1.31239E-2 1.3143E-2 1.3339E-2 1.3175E-2 1.3207E-2 1.34323E-2 1.33172E-2 1.36017E-2 1.35583E-2 1.3702E-2 1.37002E-2 1.36048E-2 1.3732E-2 1.3933E-2 1.37683E-2 1.35208E-2 1.38013E-2 1.36355E-2 1.3595E-2
1.46031E-2 1.4227E-2 1.41996E-2 1.38402E-2 1.3688E-2 1.30556E-2 1.28604E-2 1.26313E-2 1.20917E-2 1.16789E-2 1.18039E-2 1.14058E-2 1.10106E-2 1.12999E-2 1.1277E-2 1.12099E-2 1.02833E-2 1.10209E-2 1.03746E-2 1.08362E-2 1.03529E-2 1.05322E-2 1.1195E-2 1.07776E-2 1.01034E-2 9.93864E-3 1.05603E-2 1.05362E-2 1.06656E-2 1.10414E-2 1.12538E-2 1.14163E-2 1.16826E-2 1.21412E-2 1.22049E-2 1.24951E-2 1.24959E-2 1.25191E-2 1.25401E-2 1.27436E-2 1.30851E-2 1.28623E-2 1.27494E-2 1.30732E-2 1.31293E-2 1.33647E-2 1.32917E-2 1.32597E-2 1.35437E-2 1.34264E-2 1.34639E-2 1.3852E-2 1.36274E-2 1.37106E-2 1.38807E-2 1.35762E-2 1.31894E-2 1.29111E-2 1.31687E-2 1.32867E-2 1.36233E-2
1.4099E-2 1.39957E-2 1.35921E-2 1.34953E-2 1.32989E-2 1.26814E-2 1.22538E-2 1.22679E-2 1.22143E-2 1.15963E-2 1.20779E-2 1.19215E-2 1.04133E-2 1.08391E-2 1.14463E-2 1.05676E-2 1.12915E-2 1.1204E-2 1.14959E-2 1.0724E-2 1.00751E-2 1.10866E-2 1.03131E-2 1.12139E-2 1.14693E-2 1.1688E-2 1.11435E-2 1.0873E-2 1.11867E-2 1.12505E-2 1.13665E-2 1.14219E-2 1.15204E-2 1.19189E-2 1.2073E-2 1.24559E-2 1.25559E-2 1.27049E-2 1.25904E-2 1.27545E-2 1.28519E-2 1.30105E-2 1.28703E-2 1.29689E-2 1.28521E-2 1.30482E-2 1.3289E-2 1.32265E-2 1.31982E-2 1.36355E-2 1.37352E-2 1.37908E-2 1.37695E-2 1.34064E-2 1.31188E-2 1.28421E-2 1.28401E-2 1.25985E-2 1.36063E-2 1.35789E-2 1.3807E-2
1.38368E-2 1.35824E-2 1.33909E-2 1.33121E-2 1.30727E-2 1.31493E-2 1.22039E-2 1.18481E-2 1.18718E-2 1.17147E-2 1.17146E-2 1.18551E-2 1.13056E-2 1.13138E-2 1.17662E-2 1.05931E-2 1.10484E-2 1.1111E-2 1.10624E-2 1.09145E-2 1.07771E-2 1.04061E-2 1.15193E-2 1.09718E-2 1.10935E-2 1.02102E-2 1.05943E-2 1.0556E-2 1.12941E-2 1.10898E-2 1.11618E-2 1.14443E-2 1.11331E-2 1.11411E-2 1.17624E-2 1.17896E-2 1.23633E-2 1.26944E-2 1.28774E-2 1.26103E-2 1.29686E-2 1.30617E-2 1.30576E-2 1.30463E-2 1.29766E-2 1.3173E-2 1.28212E-2 1.30773E-2 1.31343E-2 1.3662E-2 1.35609E-2 1.36633E-2 1.31612E-2 1.23091E-2 1.20397E-2 1.28594E-2 1.26071E-2 1.27615E-2 1.38593E-2 1.45636E-2 1.40519E-2
1.37251E-2 1.36798E-2 1.33106E-2 1.30392E-2 1.2975E-2 1.30772E-2 1.25561E-2 1.18552E-2 1.16857E-2 1.16193E-2 1.13343E-2 1.18824E-2 1.19027E-2 1.13637E-2 9.86404E-3 1.04689E-2 1.01871E-2 1.11763E-2 1.13545E-2 1.06451E-2 1.08457E-2 1.12654E-2 1.01433E-2 1.0968E-2 1.14911E-2 1.06862E-2 1.09748E-2 1.11311E-2 1.12974E-2 1.14582E-2 1.14078E-2 1.11029E-2 1.0702E-2 1.14419E-2 1.18328E-2 1.21747E-2 1.24733E-2 1.24736E-2 1.2399E-2 1.28974E-2 1.28228E-2 1.30042E-2 1.29529E-2 1.31382E-2 1.30418E-2 1.32114E-2 1.30016E-2 1.32749E-2 1.32442E-2 1.34703E-2 1.33383E-2 1.30916E-2 1.28543E-2 1.34592E-2 1.40298E-2 1.40862E-2 1.33374E-2 1.35659E-2 1.42247E-2 1.40263E-2 1.4234E-2
1.32996E-2 1.30549E-2 1.30432E-2 1.27764E-2 1.26874E-2 1.28097E-2 1.21993E-2 1.2207E-2 1.23629E-2 1.21815E-2 1.17161E-2 1.14979E-2 1.18364E-2 1.13381E-2 9.70887E-3 1.00574E-2 1.02676E-2 1.14769E-2 1.16658E-2 1.09869E-2 1.07016E-2 1.15619E-2 1.01188E-2 1.16248E-2 1.17508E-2 1.12699E-2 1.1419E-2 1.11901E-2 1.12304E-2 1.16462E-2 1.19107E-2 1.15546E-2 1.10594E-2 1.12697E-2 1.20027E-2 1.21466E-2 1.23733E-2 1.25192E-2 1.25445E-2 1.24812E-2 1.26615E-2 1.29997E-2 1.30889E-2 1.3151E-2 1.32151E-2 1.32282E-2 1.32635E-2 1.33902E-2 1.34416E-2 1.36106E-2 1.30483E-2 1.29662E-2 1.32105E-2 1.35477E-2 1.384E-2 1.3807E-2 1.36867E-2 1.36917E-2 1.39781E-2 1.3431E-2 1.41949E-2
1.28495E-2 1.28037E-2 1.26379E-2 1.24715E-2 1.25167E-2 1.22976E-2 1.21181E-2 1.23501E-2 1.19779E-2 1.21373E-2 1.18909E-2 1.17454E-2 1.17929E-2 1.16802E-2 1.06699E-2 9.40401E-3 1.00128E-2 1.06235E-2 1.1682E-2 1.15797E-2 1.19664E-2 1.16315E-2 1.02322E-2 1.1624E-2 1.15011E-2 1.15571E-2 1.16497E-2 1.07846E-2 1.09246E-2 1.10319E-2 1.15565E-2 1.18745E-2 1.16176E-2 1.13607E-2 1.20568E-2 1.21585E-2 1.22445E-2 1.24285E-2 1.26739E-2 1.26682E-2 1.26894E-2 1.28146E-2 1.30997E-2 1.3198E-2 1.30756E-2 1.33343E-2 1.30047E-2 1.35618E-2 1.31498E-2 1.34115E-2 1.33483E-2 1.32325E-2 1.35921E-2 1.34465E-2 1.37248E-2 1.4067E-2 1.39293E-2 1.36931E-2 1.36569E-2 1.35688E-2 1.40219E-2
1.2519E-2 1.29558E-2 1.28387E-2 1.26022E-2 1.30187E-2 1.21548E-2 1.2419E-2 1.23023E-2 1.18668E-2 1.15793E-2 1.15956E-2 1.17147E-2 1.2013E-2 1.19618E-2 1.11386E-2 9.48896E-3 1.01706E-2 1.01629E-2 1.19667E-2 1.20977E-2 1.2121E-2 1.16427E-2 1.01523E-2 1.0186E-2 1.17684E-2 1.17481E-2 1.19247E-2 1.07136E-2 9.85639E-3 1.11362E-2 1.1383E-2 1.17793E-2 1.19501E-2 1.15571E-2 1.16833E-2 1.20615E-2 1.2197E-2 1.23702E-2 1.22969E-2 1.25403E-2 1.27726E-2 1.29855E-2 1.28832E-2 1.27111E-2 1.24439E-2 1.34722E-2 1.33934E-2 1.3695E-2 1.32788E-2 1.2985E-2 1.28782E-2 1.33786E-2 1.36936E-2 1.37643E-2 1.3672E-2 1.3896E-2 1.39501E-2 1.37025E-2 1.38654E-2 1.38391E-2 1.36267E-2
1.24704E-2 1.2531E-2 1.24744E-2 1.22426E-2 1.25264E-2 1.24457E-2 1.22567E-2 1.23735E-2 1.17459E-2 1.21826E-2 1.15393E-2 1.15434E-2 1.1535E-2 1.16174E-2 1.09155E-2 1.00941E-2 1.01385E-2 1.10016E-2 1.18178E-2 1.18092E-2 1.20159E-2 1.07623E-2 1.0335E-2 9.97853E-3 1.14468E-2 1.1541E-2 1.18805E-2 1.0772E-2 1.02257E-2 1.0726E-2 1.15086E-2 1.17829E-2 1.21566E-2 1.20095E-2 1.14949E-2 1.17379E-2 1.18826E-2 1.1663E-2 1.18766E-2 1.23702E-2 1.27815E-2 1.27546E-2 1.26266E-2 1.30947E-2 1.33635E-2 1.34673E-2 1.33423E-2 1.32122E-2 1.34154E-2 1.35566E-2 1.31364E-2 1.28447E-2 1.34607E-2 1.40662E-2 1.38127E-2 1.38335E-2 1.38416E-2 1.37412E-2 1.36892E-2 1.37841E-2 1.33439E-2
1.23399E-2 1.23808E-2 1.25852E-2 1.27332E-2 1.2282E-2 1.21848E-2 1.19054E-2 1.22803E-2 1.23085E-2 1.20141E-2 1.2E-2 1.12812E-2 1.15947E-2 1.17006E-2 1.14791E-2 1.08509E-2 9.74305E-3 1.07215E-2 1.17071E-2 1.178E-2 1.16312E-2 1.04732E-2 1.13162E-2 1.1114E-2 1.16162E-2 1.1573E-2 1.17973E-2 9.99579E-3 1.11858E-2 1.11757E-2 1.18577E-2 1.18599E-2 1.24703E-2 1.19406E-2 1.18744E-2 1.1318E-2 1.15153E-2 1.1153E-2 1.20142E-2 1.18546E-2 1.24273E-2 1.24044E-2 1.28291E-2 1.28291E-2 1.31248E-2 1.32167E-2 1.32221E-2 1.34659E-2 1.37655E-2 1.33739E-2 1.3213E-2 1.27037E-2 1.33249E-2 1.38349E-2 1.3637E-2 1.39807E-2 1.40428E-2 1.36419E-2 1.34026E-2 1.36672E-2 1.24377E-2
1.21503E-2 1.24108E-2 1.25109E-2 1.23368E-2 1.20671E-2 1.20759E-2 1.23275E-2 1.24632E-2 1.23101E-2 1.20333E-2 1.18272E-2 1.18186E-2 1.18121E-2 1.19188E-2 1.14316E-2 1.07767E-2 9.73195E-3 9.37907E-3 1.10481E-2 1.14212E-2 1.15099E-2 1.1212E-2 1.05794E-2 1.11509E-2 1.15283E-2 1.19764E-2 1.09433E-2 1.01551E-2 1.18609E-2 1.21852E-2 1.2286E-2 1.21015E-2 1.25211E-2 1.23669E-2 1.22026E-2 1.1037E-2 1.12455E-2 1.17567E-2 1.21432E-2 1.22478E-2 1.29368E-2 1.28588E-2 1.29662E-2 1.31839E-2 1.33074E-2 1.32147E-2 1.33547E-2 1.35257E-2 1.36842E-2 1.35608E-2 1.33347E-2 1.3485E-2 1.39192E-2 1.40515E-2 1.37602E-2 1.39601E-2 1.39171E-2 1.36035E-2 1.34199E-2 1.34154E-2 1.29974E-2
1.24459E-2 1.22948E-2 1.23934E-2 1.22629E-2 1.23829E-2 1.28246E-2 1.28434E-2 1.2763E-2 1.24114E-2 1.21332E-2 1.17212E-2 1.17559E-2 1.15689E-2 1.19109E-2 1.17029E-2 1.12559E-2 9.87246E-3 1.01219E-2 1.08677E-2 1.14898E-2 1.14566E-2 1.14359E-2 1.10491E-2 1.1736E-2 1.17612E-2 1.19962E-2 1.18245E-2 1.09743E-2 1.01867E-2 1.11447E-2 1.21892E-2 1.2105E-2 1.20574E-2 1.24507E-2 1.20855E-2 1.05451E-2 1.10366E-2 1.22991E-2 1.2606E-2 1.25816E-2 1.27944E-2 1.29698E-2 1.27134E-2 1.2556E-2 1.27267E-2 1.27223E-2 1.36637E-2 1.36814E-2 1.356E-2 1.34449E-2 1.35446E-2 1.35011E-2 1.41989E-2 1.39098E-2 1.41793E-2 1.40209E-2 1.37867E-2 1.36397E-2 1.34898E-2 1.28653E-2 1.32442E-2
1.25705E-2 1.20739E-2 1.20253E-2 1.19894E-2 1.30365E-2 1.24723E-2 1.23121E-2 1.26194E-2 1.27882E-2 1.23511E-2 1.21935E-2 1.20735E-2 1.16183E-2 1.17866E-2 1.16359E-2 1.14006E-2 1.15026E-2 1.01678E-2 9.50817E-3 1.10725E-2 1.13035E-2 1.14329E-2 1.13122E-2 1.1399E-2 1.20584E-2 1.16651E-2 1.19826E-2 1.14823E-2 1.10964E-2 1.23068E-2 1.24632E-2 1.19986E-2 1.21591E-2 1.23775E-2 1.23312E-2 1.07876E-2 1.09609E-2 1.1931E-2 1.23688E-2 1.28307E-2 1.22908E-2 1.23533E-2 1.24735E-2 1.19251E-2 1.24437E-2 1.35187E-2 1.36656E-2 1.3313E-2 1.38178E-2 1.37661E-2 1.37466E-2 1.38883E-2 1.39638E-2 1.3774E-2 1.38925E-2 1.35612E-2 1.32944E-2 1.37386E-2 1.37406E-2 1.27111E-2 1.31792E-2
1.23826E-2 1.23408E-2 1.25193E-2 1.25298E-2 1.28161E-2 1.26278E-2 1.21587E-2 1.22145E-2 1.24404E-2 1.2311E-2 1.23095E-2 1.20598E-2 1.19874E-2 1.1732E-2 1.14855E-2 1.14902E-2 1.12775E-2 1.02211E-2 9.41968E-3 1.06334E-2 1.0785E-2 1.11908E-2 1.10594E-2 1.13087E-2 1.17784E-2 1.15578E-2 1.15826E-2 1.12838E-2 1.19098E-2 1.2472E-2 1.21684E-2 1.22137E-2 1.22377E-2 1.22377E-2 1.19685E-2 1.07923E-2 1.10467E-2 1.17573E-2 1.17235E-2 1.2388E-2 1.20997E-2 1.27248E-2 1.23944E-2 1.22851E-2 1.29988E-2 1.35004E-2 1.30924E-2 1.29677E-2 1.39274E-2 1.39775E-2 1.39398E-2 1.37267E-2 1.38813E-2 1.3952E-2 1.3848E-2 1.35731E-2 1.35343E-2 1.37524E-2 1.37093E-2 1.22735E-2 1.33137E-2
1.2195E-2 1.25078E-2 1.22477E-2 1.2526E-2 1.27962E-2 1.2232E-2 1.21971E-2 1.25718E-2 1.24385E-2 1.24859E-2 1.25053E-2 1.18593E-2 1.18361E-2 1.17461E-2 1.15132E-2 1.15119E-2 1.1435E-2 1.0261E-2 1.03851E-2 1.11891E-2 1.12025E-2 1.09097E-2 1.06923E-2 1.07266E-2 1.16652E-2 1.16763E-2 1.17801E-2 1.16701E-2 1.20349E-2 1.24793E-2 1.23317E-2 1.212E-2 1.22573E-2 1.2184E-2 1.23685E-2 1.19088E-2 1.18796E-2 1.13735E-2 1.15523E-2 1.15977E-2 1.15251E-2 1.27079E-2 1.28646E-2 1.32765E-2 1.31417E-2 1.33095E-2 1.30102E-2 1.33613E-2 1.38118E-2 1.38892E-2 1.3589E-2 1.36835E-2 1.40622E-2 1.40067E-2 1.39454E-2 1.36986E-2 1.34526E-2 1.37198E-2 1.3374E-2 1.34034E-2 1.36085E-2
1.23143E-2 1.24644E-2 1.24814E-2 1.20032E-2 1.2222E-2 1.24629E-2 1.20291E-2 1.23103E-2 1.22278E-2 1.19004E-2 1.17965E-2 1.15683E-2 1.18175E-2 1.18862E-2 1.15228E-2 1.12835E-2 1.09185E-2 9.96033E-3 1.11711E-2 1.11667E-2 1.12768E-2 1.12037E-2 1.05374E-2 1.02919E-2 1.11807E-2 1.15018E-2 1.17744E-2 1.20183E-2 1.19479E-2 1.24578E-2 1.20847E-2 1.19462E-2 1.20438E-2 1.20045E-2 1.20154E-2 1.20435E-2 1.1897E-2 1.19705E-2 1.20032E-2 1.16291E-2 1.15729E-2 1.24402E-2 1.2728E-2 1.27515E-2 1.3001E-2 1.30544E-2 1.30624E-2 1.31428E-2 1.33017E-2 1.3623E-2 1.36857E-2 1.4065E-2 1.39028E-2 1.39566E-2 1.4011E-2 1.374E-2 1.36986E-2 1.36769E-2 1.37837E-2 1.37167E-2 1.35395E-2
1.20303E-2 1.18415E-2 1.19108E-2 1.19952E-2 1.21006E-2 1.21131E-2 1.2082E-2 1.20943E-2 1.21274E-2 1.18378E-2 1.19304E-2 1.17046E-2 1.17844E-2 1.16801E-2 1.16891E-2 1.12776E-2 1.06397E-2 9.65212E-3 1.12461E-2 1.12106E-2 1.13178E-2 1.14828E-2 1.04382E-2 1.04596E-2 1.07595E-2 1.10966E-2 1.2041E-2 1.18692E-2 1.20183E-2 1.24343E-2 1.1862E-2 1.17804E-2 1.15172E-2 1.17401E-2 1.16974E-2 1.20116E-2 1.21397E-2 1.19918E-2 1.21337E-2 1.20581E-2 1.18824E-2 1.21151E-2 1.2444E-2 1.26122E-2 1.30428E-2 1.28554E-2 1.30114E-2 1.28299E-2 1.31966E-2 1.31693E-2 1.31337E-2 1.36038E-2 1.35561E-2 1.41636E-2 1.40791E-2 1.3898E-2 1.37269E-2 1.36276E-2 1.37446E-2 1.34753E-2 1.33411E-2
1.20547E-2 1.19317E-2 1.18296E-2 1.16777E-2 1.15487E-2 1.17579E-2 1.17869E-2 1.19382E-2 1.20699E-2 1.18695E-2 1.18192E-2 1.14696E-2 1.16636E-2 1.16283E-2 1.15518E-2 1.1279E-2 1.05819E-2 1.02232E-2 1.09279E-2 1.12295E-2 1.1232E-2 1.14266E-2 1.08025E-2 1.07168E-2 1.10918E-2 1.05518E-2 1.14096E-2 1.16597E-2 1.2118E-2 1.21725E-2 1.23391E-2 1.20578E-2 1.19194E-2 1.18224E-2 1.17448E-2 1.16595E-2 1.18302E-2 1.15646E-2 1.18377E-2 1.20433E-2 1.17104E-2 1.16391E-2 1.21362E-2 1.24501E-2 1.26221E-2 1.26799E-2 1.25937E-2 1.22062E-2 1.362E-2 1.34328E-2 1.34328E-2 1.38196E-2 1.36591E-2 1.39036E-2 1.37842E-2 1.36206E-2 1.35626E-2 1.35404E-2 1.37497E-2 1.31424E-2 1.30326E-2
1.163E-2 1.20879E-2 1.16092E-2 1.22131E-2 1.14428E-2 1.17513E-2 1.16349E-2 1.1855E-2 1.16584E-2 1.15501E-2 1.18422E-2 1.16086E-2 1.1617E-2 1.14808E-2 1.15269E-2 1.14307E-2 1.07399E-2 1.04951E-2 1.07988E-2 1.08511E-2 1.09477E-2 1.1082E-2 1.13741E-2 1.10939E-2 1.1622E-2 1.10424E-2 1.12468E-2 1.20953E-2 1.239E-2 1.23261E-2 1.21088E-2 1.16266E-2 1.16854E-2 1.20839E-2 1.20069E-2 1.16731E-2 1.16243E-2 1.1312E-2 1.11215E-2 1.15713E-2 1.14677E-2 1.25945E-2 1.23449E-2 1.2239E-2 1.28113E-2 1.26171E-2 1.211E-2 1.23112E-2 1.32683E-2 1.33381E-2 1.36812E-2 1.35415E-2 1.35355E-2 1.38537E-2 1.37328E-2 1.35957E-2 1.33466E-2 1.35304E-2 1.34101E-2 1.31684E-2 1.33519E-2
1.2187E-2 1.20375E-2 1.18687E-2 1.20477E-2 1.20967E-2 1.11007E-2 1.1637E-2 1.16709E-2 1.11822E-2 1.1234E-2 1.1498E-2 1.14726E-2 1.14265E-2 1.13419E-2 1.1343E-2 1.13448E-2 1.11193E-2 1.08375E-2 1.1081E-2 1.09468E-2 1.10501E-2 1.07728E-2 1.05492E-2 1.09216E-2 1.1325E-2 1.10092E-2 1.15394E-2 1.20302E-2 1.24529E-2 1.21498E-2 1.16252E-2 1.1394E-2 1.18384E-2 1.21337E-2 1.20013E-2 1.17328E-2 1.18492E-2 1.15923E-2 1.13695E-2 1.16766E-2 1.18574E-2 1.25494E-2 1.24834E-2 1.24884E-2 1.29704E-2 1.20437E-2 1.17194E-2 1.32703E-2 1.30253E-2 1.32491E-2 1.31142E-2 1.33832E-2 1.33597E-2 1.35331E-2 1.37337E-2 1.36526E-2 1.37511E-2 1.3499E-2 1.34147E-2 1.29595E-2 1.31075E-2
1.23219E-2 1.24134E-2 1.21048E-2 1.20123E-2 1.18952E-2 1.10547E-2 1.15831E-2 1.15681E-2 1.08789E-2 1.13299E-2 1.13082E-2 1.12176E-2 1.12144E-2 1.08663E-2 1.09292E-2 1.09736E-2 1.11742E-2 1.11847E-2 1.10574E-2 1.10574E-2 1.09377E-2 1.09204E-2 1.03633E-2 1.07728E-2 1.13746E-2 1.17081E-2 1.1359E-2 1.19189E-2 1.21831E-2 1.19864E-2 1.173E-2 1.15539E-2 1.18138E-2 1.2461E-2 1.17643E-2 1.17407E-2 1.17088E-2 1.12913E-2 1.1403E-2 1.18248E-2 1.24428E-2 1.25055E-2 1.25984E-2 1.26226E-2 1.26864E-2 1.26819E-2 1.18024E-2 1.27669E-2 1.33766E-2 1.30914E-2 1.25949E-2 1.30257E-2 1.29885E-2 1.37636E-2 1.36522E-2 1.35752E-2 1.34768E-2 1.30635E-2 1.32939E-2 1.31546E-2 1.30864E-2
1.21924E-2 1.22899E-2 1.16954E-2 1.16531E-2 1.11709E-2 1.12933E-2 1.16438E-2 1.09799E-2 9.64541E-3 1.08095E-2 1.1393E-2 1.07848E-2 1.05081E-2 1.06595E-2 1.08027E-2 1.08182E-2 1.09516E-2 1.09215E-2 1.07678E-2 1.07039E-2 1.10625E-2 1.15323E-2 1.05251E-2 1.12905E-2 1.12895E-2 1.08287E-2 1.11548E-2 1.21077E-2 1.19178E-2 1.16969E-2 1.14449E-2 1.15335E-2 1.22567E-2 1.2173E-2 1.18424E-2 1.15123E-2 1.16627E-2 1.17658E-2 1.16059E-2 1.12588E-2 1.22103E-2 1.23748E-2 1.27432E-2 1.26845E-2 1.25339E-2 1.2786E-2 1.25824E-2 1.3407E-2 1.36208E-2 1.29871E-2 1.28672E-2 1.26562E-2 1.31225E-2 1.3043E-2 1.34555E-2 1.34746E-2 1.32565E-2 1.30554E-2 1.29623E-2 1.27598E-2 1.29442E-2
1.2543E-2 1.21606E-2 1.20714E-2 1.23529E-2 1.21858E-2 1.16548E-2 1.15921E-2 1.10482E-2 1.11147E-2 9.94758E-3 1.10914E-2 9.68482E-3 9.81692E-3 1.08826E-2 1.00753E-2 1.06185E-2 1.12646E-2 1.09481E-2 1.07489E-2 1.08116E-2 1.11675E-2 1.12313E-2 1.11607E-2 1.12379E-2 1.13382E-2 1.11329E-2 1.09631E-2 1.20575E-2 1.21807E-2 1.2129E-2 1.18209E-2 1.1799E-2 1.19056E-2 1.17529E-2 1.17377E-2 1.12461E-2 1.16247E-2 1.20445E-2 1.16685E-2 1.06142E-2 1.22131E-2 1.26157E-2 1.27862E-2 1.29842E-2 1.30226E-2 1.26418E-2 1.26933E-2 1.28861E-2 1.3297E-2 1.32666E-2 1.28294E-2 1.25126E-2 1.27705E-2 1.34463E-2 1.32315E-2 1.32875E-2 1.32723E-2 1.3167E-2 1.32262E-2 1.31737E-2 1.28282E-2
1.18168E-2 1.19122E-2 1.18123E-2 1.17649E-2 1.17892E-2 1.16557E-2 1.10017E-2 1.16857E-2 1.1228E-2 9.96081E-3 9.23012E-3 9.22365E-3 1.07233E-2 1.11646E-2 1.11351E-2 1.09965E-2 1.09921E-2 1.06206E-2 9.51573E-3 1.10162E-2 1.09552E-2 1.13167E-2 1.13406E-2 1.09147E-2 1.18142E-2 1.10882E-2 1.1354E-2 1.17223E-2 1.21807E-2 1.16131E-2 1.13638E-2 1.16976E-2 1.15003E-2 1.1454E-2 1.13578E-2 1.11206E-2 1.20267E-2 1.21037E-2 1.19217E-2 1.05671E-2 1.1096E-2 1.23631E-2 1.26096E-2 1.30567E-2 1.2692E-2 1.26819E-2 1.27582E-2 1.33567E-2 1.32834E-2 1.31734E-2 1.25506E-2 1.26713E-2 1.27632E-2 1.29213E-2 1.32523E-2 1.32128E-2 1.32723E-2 1.31975E-2 1.31649E-2 1.27038E-2 1.263E-2
1.14341E-2 1.1467E-2 1.13162E-2 1.13774E-2 1.1787E-2 1.14759E-2 1.08438E-2 1.14719E-2 1.06385E-2 9.40735E-3 8.72084E-3 9.90136E-3 1.17653E-2 1.21409E-2 1.17231E-2 1.03538E-2 1.16526E-2 9.58105E-3 1.01728E-2 1.15609E-2 1.15035E-2 1.13288E-2 1.11195E-2 1.10627E-2 1.17712E-2 1.20735E-2 1.14156E-2 1.1453E-2 1.21289E-2 1.15309E-2 1.15181E-2 1.18853E-2 1.16622E-2 1.15259E-2 1.15355E-2 1.11499E-2 1.17732E-2 1.23484E-2 1.16493E-2 1.05532E-2 1.09763E-2 1.17455E-2 1.16539E-2 1.28739E-2 1.28041E-2 1.29659E-2 1.30048E-2 1.32834E-2 1.35641E-2 1.31038E-2 1.25617E-2 1.26181E-2 1.28215E-2 1.24318E-2 1.34511E-2 1.33696E-2 1.31795E-2 1.28322E-2 1.27689E-2 1.27689E-2 1.21277E-2
1.22535E-2 1.19535E-2 1.18482E-2 1.16194E-2 1.14757E-2 1.14296E-2 1.12305E-2 1.13864E-2 9.51691E-3 8.99188E-3 8.87652E-3 1.01664E-2 1.14566E-2 1.13044E-2 1.07134E-2 1.18978E-2 1.07201E-2 8.60381E-3 1.10208E-2 1.16075E-2 1.14178E-2 1.15028E-2 1.1046E-2 1.18746E-2 1.1972E-2 1.22885E-2 1.1862E-2 1.15979E-2 1.18184E-2 1.13105E-2 1.17331E-2 1.20793E-2 1.19186E-2 1.15512E-2 1.18425E-2 1.13288E-2 1.15934E-2 1.23015E-2 1.20469E-2 1.14175E-2 1.11326E-2 1.17058E-2 1.14288E-2 1.22001E-2 1.20306E-2 1.31251E-2 1.35E-2 1.34615E-2 1.34472E-2 1.27816E-2 1.23414E-2 1.29098E-2 1.30073E-2 1.28104E-2 1.32563E-2 1.36002E-2 1.28631E-2 1.27689E-2 1.30593E-2 1.27689E-2 1.25543E-2
