Artocarpus heterophyllus SDM files/Last interglacial/results (with bias file)/Arthet_5.asc
ncols         625
nrows         721
xllcorner     69.99986311115
yllcorner     5.99986151914999
cellsize      0.041666667
NODATA_value  -9999
[rows 432 to 458 of 721, columns 244 to 304 of 625]
5.82083E-1 5.80014E-1 5.8007E-1 5.84158E-1 5.84663E-1 5.81693E-1 5.68459E-1 5.67723E-1 5.57162E-1 5.566E-1 5.63607E-1 5.64415E-1 5.5745E-1 5.59242E-1 5.61157E-1 5.66423E-1 5.77942E-1 5.85302E-1 5.89308E-1 5.85442E-1 5.79325E-1 5.76321E-1 6.01601E-1 5.89373E-1 5.77292E-1 5.67021E-1 5.78631E-1 5.69804E-1 5.71173E-1 5.7427E-1 5.76911E-1 5.7487E-1 5.7514E-1 5.82941E-1 5.86439E-1 5.81873E-1 6.00439E-1 5.85226E-1 5.86979E-1 6.08051E-1 6.38088E-1 6.22961E-1 5.92984E-1 5.89258E-1 6.17778E-1 6.34131E-1 5.91052E-1 6.32659E-1 6.44938E-1 6.39272E-1 6.5513E-1 6.12283E-1 6.17138E-1 6.55165E-1 6.7896E-1 6.90977E-1 6.89538E-1 6.66172E-1 7.12655E-1 7.0542E-1 6.74353E-1
5.82145E-1 5.77699E-1 5.70297E-1 5.79876E-1 5.82671E-1 5.92442E-1 5.84435E-1 5.83299E-1 5.72064E-1 5.50058E-1 5.63311E-1 5.62671E-1 5.50534E-1 5.48742E-1 5.52488E-1 5.61981E-1 5.63396E-1 5.74393E-1 5.88569E-1 5.82071E-1 5.77462E-1 5.88908E-1 5.93079E-1 6.02764E-1 5.95998E-1 5.83825E-1 5.66838E-1 5.64542E-1 5.72901E-1 5.72033E-1 5.76747E-1 5.72643E-1 5.86509E-1 5.88312E-1 5.8893E-1 5.93527E-1 5.93432E-1 5.98641E-1 6.05502E-1 6.2615E-1 6.00123E-1 6.02308E-1 6.09843E-1 6.05407E-1 6.13606E-1 6.20816E-1 6.24593E-1 6.50231E-1 6.3362E-1 6.54464E-1 6.79083E-1 6.50346E-1 6.18692E-1 6.15665E-1 6.48426E-1 6.7731E-1 7.10524E-1 6.96429E-1 6.98942E-1 6.70349E-1 6.49785E-1
5.86192E-1 5.87951E-1 5.77545E-1 5.65431E-1 5.74748E-1 5.89507E-1 5.93566E-1 5.73636E-1 5.83086E-1 5.81912E-1 5.7499E-1 5.92049E-1 5.62811E-1 5.48425E-1 5.47113E-1 5.51807E-1 5.65861E-1 5.63427E-1 5.78651E-1 5.78953E-1 5.82621E-1 5.87113E-1 5.9009E-1 5.94271E-1 6.06674E-1 5.87123E-1 5.70232E-1 5.66872E-1 5.66759E-1 5.68831E-1 5.6993E-1 5.84336E-1 5.85546E-1 5.87348E-1 5.92609E-1 6.0004E-1 6.01696E-1 6.23185E-1 6.02026E-1 5.98966E-1 6.262E-1 6.316E-1 6.43551E-1 6.13698E-1 5.93244E-1 6.30634E-1 6.61627E-1 6.74037E-1 6.31547E-1 6.36389E-1 6.62183E-1 6.69563E-1 6.40779E-1 6.2644E-1 6.56949E-1 7.0277E-1 7.18567E-1 7.16982E-1 7.10849E-1 6.86182E-1 6.63413E-1
5.91313E-1 5.93788E-1 5.87854E-1 5.56176E-1 5.61508E-1 5.70591E-1 5.87614E-1 5.75792E-1 5.78133E-1 5.90912E-1 5.98775E-1 5.85441E-1 5.74073E-1 5.54465E-1 5.55712E-1 5.5264E-1 5.58178E-1 5.62165E-1 5.76211E-1 5.7818E-1 5.85825E-1 5.89201E-1 5.92771E-1 5.82498E-1 5.75593E-1 5.80998E-1 5.88246E-1 5.6678E-1 5.60511E-1 5.65614E-1 5.77303E-1 5.83661E-1 5.86052E-1 5.8524E-1 5.96528E-1 6.08753E-1 6.15186E-1 6.1719E-1 6.01785E-1 6.37979E-1 6.54415E-1 6.57996E-1 6.27081E-1 5.97433E-1 6.41921E-1 6.7314E-1 6.56392E-1 6.74217E-1 6.3302E-1 6.38495E-1 6.78763E-1 6.60278E-1 6.32519E-1 6.54743E-1 6.5106E-1 6.94965E-1 7.14212E-1 7.22485E-1 6.93242E-1 6.76992E-1 6.41674E-1
5.96803E-1 5.98966E-1 5.83791E-1 5.64429E-1 5.45528E-1 5.55725E-1 5.62283E-1 5.75556E-1 5.76736E-1 5.7929E-1 5.89968E-1 5.97555E-1 5.83865E-1 5.53742E-1 5.62994E-1 5.48278E-1 5.51835E-1 5.63923E-1 5.78113E-1 5.80045E-1 5.81132E-1 5.86062E-1 5.8471E-1 5.69644E-1 5.8912E-1 5.87763E-1 5.7327E-1 5.64294E-1 5.61414E-1 5.64475E-1 5.73866E-1 5.81041E-1 5.83546E-1 5.78858E-1 5.96078E-1 5.97583E-1 6.19188E-1 6.23939E-1 6.50674E-1 6.25859E-1 6.52297E-1 6.49806E-1 6.06742E-1 6.24956E-1 6.5971E-1 6.54158E-1 6.90046E-1 6.81978E-1 6.48859E-1 6.51778E-1 6.51113E-1 6.66898E-1 6.5953E-1 6.5447E-1 6.58237E-1 6.67453E-1 6.95137E-1 6.98997E-1 6.91933E-1 6.96725E-1 6.65611E-1
5.94742E-1 5.93659E-1 5.91698E-1 5.68538E-1 5.64286E-1 5.51568E-1 5.53699E-1 5.5863E-1 5.70729E-1 5.70411E-1 5.71197E-1 5.86108E-1 5.82748E-1 5.73499E-1 5.49957E-1 5.45975E-1 5.51739E-1 5.65241E-1 5.75488E-1 5.79581E-1 5.7983E-1 5.82567E-1 5.76169E-1 5.69069E-1 5.77006E-1 5.77629E-1 5.75619E-1 5.65434E-1 5.64927E-1 5.63387E-1 5.80199E-1 5.75569E-1 5.8106E-1 5.84412E-1 5.88655E-1 6.08721E-1 6.41125E-1 6.61864E-1 6.52272E-1 6.48699E-1 6.58593E-1 6.46848E-1 6.30428E-1 6.62824E-1 6.38044E-1 6.57822E-1 6.75556E-1 6.83992E-1 6.84425E-1 6.85482E-1 6.64012E-1 6.85677E-1 6.99894E-1 7.01287E-1 7.04665E-1 6.84138E-1 7.10387E-1 6.69295E-1 7.09478E-1 6.73909E-1 6.93348E-1
5.92266E-1 5.9725E-1 5.99446E-1 5.6962E-1 5.64038E-1 5.66369E-1 5.54922E-1 5.55345E-1 5.6473E-1 5.6357E-1 5.71029E-1 5.7773E-1 5.84181E-1 5.77349E-1 5.47204E-1 5.48263E-1 5.48243E-1 5.62456E-1 5.70815E-1 5.71822E-1 5.77468E-1 5.76161E-1 5.66213E-1 5.64212E-1 5.72987E-1 5.86784E-1 5.68869E-1 5.62496E-1 5.62468E-1 5.64999E-1 5.78596E-1 5.85781E-1 5.98414E-1 5.95788E-1 6.1877E-1 6.31009E-1 6.46643E-1 6.53112E-1 6.24258E-1 6.38321E-1 6.3901E-1 6.38347E-1 6.46187E-1 6.34686E-1 6.12858E-1 6.42534E-1 6.64301E-1 6.85893E-1 6.86534E-1 6.84429E-1 6.89429E-1 6.8424E-1 6.45475E-1 6.83127E-1 7.16045E-1 7.1247E-1 6.74304E-1 6.60567E-1 6.78031E-1 6.87424E-1 6.64518E-1
5.75942E-1 5.81271E-1 5.78914E-1 5.70165E-1 5.6632E-1 5.68028E-1 5.56217E-1 5.58149E-1 5.6304E-1 5.4562E-1 5.5675E-1 5.66963E-1 5.7762E-1 5.66976E-1 5.49243E-1 5.52251E-1 5.49584E-1 5.58419E-1 5.71299E-1 5.72398E-1 5.69638E-1 5.67528E-1 5.65001E-1 5.68658E-1 5.8406E-1 6.09293E-1 5.97087E-1 5.55279E-1 5.55427E-1 5.72608E-1 5.88189E-1 5.85248E-1 5.93995E-1 6.09721E-1 6.36129E-1 6.26999E-1 6.42844E-1 6.29306E-1 6.2206E-1 6.3739E-1 6.39419E-1 6.74031E-1 6.448E-1 6.14836E-1 6.12048E-1 6.24804E-1 6.87045E-1 6.92295E-1 6.72873E-1 6.85128E-1 6.85999E-1 6.87737E-1 6.53665E-1 6.74152E-1 7.23102E-1 7.20445E-1 6.84946E-1 6.6254E-1 6.70131E-1 6.83625E-1 6.78394E-1
5.75648E-1 5.75014E-1 5.75488E-1 5.83516E-1 5.66245E-1 5.57231E-1 5.50274E-1 5.67373E-1 5.62E-1 5.56351E-1 5.58246E-1 5.5251E-1 5.60287E-1 5.64714E-1 5.51404E-1 5.50319E-1 5.52493E-1 5.60171E-1 5.67308E-1 5.66873E-1 5.67001E-1 5.66666E-1 5.65828E-1 5.84324E-1 5.98686E-1 5.97061E-1 5.64164E-1 5.52249E-1 5.65429E-1 5.77123E-1 5.9192E-1 6.01312E-1 6.15771E-1 6.22591E-1 6.21453E-1 6.27918E-1 6.10276E-1 6.07277E-1 6.25728E-1 6.56099E-1 6.5814E-1 6.63746E-1 6.07903E-1 6.11789E-1 6.27378E-1 6.66686E-1 6.74419E-1 6.87234E-1 6.55503E-1 6.62213E-1 6.8451E-1 6.51087E-1 6.3396E-1 6.65769E-1 6.76924E-1 6.66494E-1 6.80693E-1 6.65383E-1 6.74265E-1 6.89791E-1 6.89375E-1
5.673E-1 5.73881E-1 5.76458E-1 5.78736E-1 5.65309E-1 5.54202E-1 5.48636E-1 5.57054E-1 5.46614E-1 5.53436E-1 5.60134E-1 5.50952E-1 5.4879E-1 5.53007E-1 5.52522E-1 5.49698E-1 5.49053E-1 5.56192E-1 5.58215E-1 5.60188E-1 5.63679E-1 5.60422E-1 5.62728E-1 5.76687E-1 5.77312E-1 5.87781E-1 5.54602E-1 5.61317E-1 5.78205E-1 5.8663E-1 6.09256E-1 6.1249E-1 6.0293E-1 6.22573E-1 6.34934E-1 6.04584E-1 6.14712E-1 6.24205E-1 6.46451E-1 6.4202E-1 6.42717E-1 6.61457E-1 6.24514E-1 6.11385E-1 6.30561E-1 6.39146E-1 6.67506E-1 6.55461E-1 6.30503E-1 6.47949E-1 6.81861E-1 6.74524E-1 6.49782E-1 6.57276E-1 6.50647E-1 6.89775E-1 7.00756E-1 6.83782E-1 6.771E-1 6.98393E-1 7.00985E-1
5.69361E-1 5.6209E-1 5.66469E-1 5.66169E-1 5.6965E-1 5.56092E-1 5.46034E-1 5.49852E-1 5.43725E-1 5.46937E-1 5.5666E-1 5.4865E-1 5.48638E-1 5.55233E-1 5.44387E-1 5.46285E-1 5.542E-1 5.53265E-1 5.61744E-1 5.53556E-1 5.51028E-1 5.52665E-1 5.53611E-1 5.58547E-1 5.73179E-1 5.6299E-1 5.62745E-1 5.74039E-1 5.82971E-1 5.96811E-1 6.23866E-1 6.20204E-1 6.01077E-1 6.22388E-1 6.18079E-1 6.21195E-1 6.18154E-1 6.21233E-1 6.47724E-1 6.41549E-1 6.3733E-1 6.07792E-1 6.07759E-1 6.13831E-1 6.53369E-1 6.68688E-1 6.60879E-1 6.40715E-1 6.34023E-1 6.59335E-1 6.73326E-1 6.82565E-1 6.65293E-1 6.61808E-1 6.69973E-1 6.81314E-1 7.04781E-1 7.02502E-1 6.97048E-1 7.01635E-1 7.03577E-1
5.68951E-1 5.55624E-1 5.65035E-1 5.68205E-1 5.6704E-1 5.60052E-1 5.4158E-1 5.40329E-1 5.46913E-1 5.48822E-1 5.53097E-1 5.52238E-1 5.53105E-1 5.6335E-1 5.4672E-1 5.52796E-1 5.51589E-1 5.51822E-1 5.63161E-1 5.58243E-1 5.49415E-1 5.46083E-1 5.46553E-1 5.46997E-1 5.51184E-1 5.59038E-1 5.60954E-1 5.77868E-1 5.77792E-1 5.9548E-1 6.15975E-1 6.12208E-1 6.0031E-1 6.18558E-1 6.14485E-1 6.29519E-1 6.24743E-1 6.20934E-1 6.42923E-1 6.55863E-1 6.23645E-1 6.06829E-1 6.06433E-1 6.35825E-1 6.50029E-1 6.55229E-1 6.73985E-1 6.50869E-1 6.37818E-1 6.62911E-1 6.67418E-1 7.04699E-1 6.93618E-1 7.13855E-1 6.8973E-1 6.8686E-1 7.11883E-1 7.14748E-1 7.15624E-1 7.16729E-1 7.09562E-1
5.64237E-1 5.53082E-1 5.586E-1 5.62657E-1 5.6133E-1 5.54567E-1 5.40748E-1 5.40709E-1 5.4546E-1 5.44171E-1 5.39297E-1 5.45902E-1 5.61219E-1 5.52871E-1 5.43859E-1 5.4677E-1 5.42884E-1 5.57766E-1 5.69157E-1 5.77729E-1 5.88355E-1 5.74013E-1 5.42346E-1 5.36948E-1 5.48649E-1 5.49214E-1 5.60522E-1 5.86006E-1 5.7766E-1 5.93041E-1 6.03721E-1 6.17283E-1 5.97271E-1 5.95454E-1 6.2833E-1 6.3388E-1 6.18507E-1 6.04986E-1 6.21162E-1 6.21499E-1 6.14617E-1 6.10574E-1 6.01995E-1 6.34316E-1 6.50111E-1 6.55636E-1 6.67276E-1 6.51164E-1 6.43672E-1 6.71844E-1 6.95223E-1 7.28691E-1 7.2549E-1 7.04831E-1 6.936E-1 6.93666E-1 7.03099E-1 7.30918E-1 7.35366E-1 7.33758E-1 7.475E-1
5.54323E-1 5.52501E-1 5.58167E-1 5.6022E-1 5.57999E-1 5.4717E-1 5.68189E-1 5.60789E-1 5.31116E-1 5.38714E-1 5.44217E-1 5.54666E-1 5.5335E-1 5.66456E-1 5.4341E-1 5.40357E-1 5.47758E-1 5.5517E-1 5.7762E-1 5.93148E-1 5.88968E-1 5.80737E-1 5.47783E-1 5.42017E-1 5.40813E-1 5.50119E-1 5.66556E-1 5.66937E-1 5.70343E-1 5.77479E-1 5.86965E-1 5.96205E-1 6.00203E-1 6.07744E-1 6.25383E-1 6.27465E-1 6.15335E-1 5.98501E-1 6.26699E-1 6.36425E-1 6.31455E-1 6.16684E-1 6.15514E-1 6.20561E-1 6.40289E-1 6.69052E-1 6.41996E-1 6.45919E-1 6.696E-1 6.98402E-1 7.1489E-1 7.12939E-1 7.06931E-1 7.13777E-1 6.95684E-1 6.94552E-1 7.02712E-1 7.2859E-1 7.40892E-1 7.60781E-1 7.72377E-1
5.46322E-1 5.52133E-1 5.52594E-1 5.60242E-1 5.56035E-1 5.62631E-1 5.41023E-1 5.38543E-1 5.40464E-1 5.41573E-1 5.46491E-1 5.52761E-1 5.50302E-1 5.63094E-1 5.43547E-1 5.44983E-1 5.45881E-1 5.60291E-1 5.7288E-1 5.79778E-1 5.62187E-1 5.37113E-1 5.46991E-1 5.49123E-1 5.53237E-1 5.76955E-1 5.77994E-1 5.79084E-1 5.86069E-1 5.64164E-1 5.82358E-1 6.16574E-1 5.71259E-1 5.64358E-1 6.18833E-1 6.35152E-1 6.35013E-1 5.96632E-1 5.92606E-1 6.03563E-1 6.30069E-1 6.27336E-1 6.52901E-1 6.47824E-1 6.31172E-1 6.40654E-1 6.55602E-1 6.50621E-1 6.72199E-1 6.89297E-1 7.27074E-1 7.2048E-1 7.05567E-1 7.01647E-1 7.0948E-1 7.13315E-1 7.15693E-1 7.37284E-1 7.46074E-1 7.48229E-1 7.61824E-1
5.44057E-1 5.49506E-1 5.46412E-1 5.472E-1 5.50175E-1 5.59036E-1 5.48149E-1 5.37575E-1 5.36874E-1 5.36129E-1 5.42098E-1 5.51233E-1 5.61234E-1 5.56592E-1 5.57883E-1 5.63579E-1 5.49751E-1 5.606E-1 5.79148E-1 5.70421E-1 5.4781E-1 5.40375E-1 5.41378E-1 5.43863E-1 5.6989E-1 5.83152E-1 5.94768E-1 5.98507E-1 6.16092E-1 6.02428E-1 6.09056E-1 6.09196E-1 5.75419E-1 5.66282E-1 5.7764E-1 6.08444E-1 6.05928E-1 6.07067E-1 5.87117E-1 6.1515E-1 6.22873E-1 6.11079E-1 6.35876E-1 6.49575E-1 6.3263E-1 6.54122E-1 6.63053E-1 6.91723E-1 6.76446E-1 7.27808E-1 7.18245E-1 7.05809E-1 6.92052E-1 7.11195E-1 7.36205E-1 7.441E-1 7.30958E-1 7.6088E-1 7.49194E-1 7.55974E-1 7.58599E-1
5.4359E-1 5.50492E-1 5.41267E-1 5.34543E-1 5.36873E-1 5.43358E-1 5.51058E-1 5.49548E-1 5.48026E-1 5.47875E-1 5.39548E-1 5.37967E-1 5.42582E-1 5.50676E-1 5.59166E-1 5.69458E-1 5.67981E-1 5.69138E-1 5.61544E-1 5.79509E-1 5.77069E-1 5.55787E-1 5.43641E-1 5.4766E-1 5.54958E-1 5.77662E-1 5.94764E-1 6.13725E-1 6.17182E-1 6.18062E-1 6.14569E-1 5.85008E-1 6.03409E-1 5.76427E-1 5.63526E-1 6.10416E-1 6.1736E-1 5.92558E-1 6.08295E-1 6.23157E-1 6.29542E-1 6.12424E-1 6.1883E-1 6.4219E-1 6.5469E-1 6.35754E-1 6.59448E-1 6.88328E-1 6.97351E-1 7.09137E-1 7.23673E-1 7.11178E-1 7.01458E-1 7.13947E-1 7.47258E-1 7.45E-1 7.42756E-1 7.49996E-1 7.59329E-1 7.74714E-1 7.71576E-1
5.36343E-1 5.41218E-1 5.4167E-1 5.4469E-1 5.26155E-1 5.37769E-1 5.42679E-1 5.48642E-1 5.67347E-1 5.73873E-1 5.51197E-1 5.31636E-1 5.32296E-1 5.51688E-1 5.551E-1 5.60548E-1 5.66202E-1 5.53532E-1 5.71053E-1 5.77353E-1 5.52448E-1 5.5415E-1 5.5447E-1 5.61054E-1 5.51973E-1 5.69055E-1 5.93537E-1 6.03168E-1 6.11006E-1 6.17913E-1 5.96556E-1 5.96401E-1 6.07927E-1 5.95175E-1 5.74943E-1 5.66049E-1 5.80995E-1 6.19428E-1 6.22038E-1 6.24503E-1 6.19358E-1 6.22385E-1 6.38923E-1 6.40417E-1 6.38847E-1 6.51431E-1 6.56626E-1 6.97126E-1 6.85368E-1 6.95885E-1 7.22112E-1 7.21983E-1 7.08027E-1 7.30532E-1 7.39221E-1 7.51634E-1 7.49755E-1 7.56216E-1 7.62773E-1 7.76329E-1 7.7654E-1
5.42523E-1 5.34072E-1 5.32267E-1 5.34231E-1 5.29417E-1 5.35294E-1 5.40471E-1 5.48084E-1 5.70674E-1 5.3481E-1 5.38467E-1 5.38101E-1 5.44533E-1 5.52408E-1 5.58566E-1 5.56567E-1 5.54663E-1 5.59397E-1 5.72212E-1 5.63067E-1 5.55023E-1 5.51842E-1 5.54069E-1 5.56381E-1 5.53686E-1 5.69591E-1 5.873E-1 5.86427E-1 6.02647E-1 6.09582E-1 5.88697E-1 6.13118E-1 5.86847E-1 5.95221E-1 5.99015E-1 5.69286E-1 6.05147E-1 6.14171E-1 6.04668E-1 6.12723E-1 6.1215E-1 6.33434E-1 6.50879E-1 6.52634E-1 6.47141E-1 6.60728E-1 6.61384E-1 6.70885E-1 6.87412E-1 6.90021E-1 7.10412E-1 7.31669E-1 7.27984E-1 7.29674E-1 7.41643E-1 7.4638E-1 7.57882E-1 7.69653E-1 7.68721E-1 -9999 -9999
5.29306E-1 5.3518E-1 5.24601E-1 5.23827E-1 5.2614E-1 5.31257E-1 5.33453E-1 5.33883E-1 5.3977E-1 5.41224E-1 5.44044E-1 5.44035E-1 5.46849E-1 5.42825E-1 5.50217E-1 5.5106E-1 5.53682E-1 5.61664E-1 5.6217E-1 5.6116E-1 5.54448E-1 5.7087E-1 5.53984E-1 5.56357E-1 5.58275E-1 5.57549E-1 5.70591E-1 5.84486E-1 5.84841E-1 5.94705E-1 5.88116E-1 5.89626E-1 5.67611E-1 5.66905E-1 5.64318E-1 5.81405E-1 6.02211E-1 6.07587E-1 6.0479E-1 6.1395E-1 6.27815E-1 6.43859E-1 6.46944E-1 6.54245E-1 6.53292E-1 6.51696E-1 6.66082E-1 6.75366E-1 6.82986E-1 6.96787E-1 7.11169E-1 7.27757E-1 7.32779E-1 7.40939E-1 7.50253E-1 7.56195E-1 7.6187E-1 7.68304E-1 -9999 -9999 -9999
5.24854E-1 5.32304E-1 5.27958E-1 5.22328E-1 5.21864E-1 5.28225E-1 5.28753E-1 5.32373E-1 5.42557E-1 5.42509E-1 5.3656E-1 5.40701E-1 5.40547E-1 5.38586E-1 5.52923E-1 5.53168E-1 5.4761E-1 5.56352E-1 5.48832E-1 5.48597E-1 5.72115E-1 5.55101E-1 5.48059E-1 5.58729E-1 5.68433E-1 5.5608E-1 5.62878E-1 5.73893E-1 5.72669E-1 5.79881E-1 5.88176E-1 5.78219E-1 5.66745E-1 5.67389E-1 5.68709E-1 5.74586E-1 5.88675E-1 5.99271E-1 6.13986E-1 6.1466E-1 6.31711E-1 6.36977E-1 6.50637E-1 6.58183E-1 6.57108E-1 6.59936E-1 6.65485E-1 6.87473E-1 6.93847E-1 7.05786E-1 7.1161E-1 7.21417E-1 7.339E-1 7.4271E-1 7.57433E-1 7.61853E-1 -9999 -9999 -9999 -9999 -9999
5.17022E-1 5.29479E-1 5.23563E-1 5.21391E-1 5.16332E-1 5.21927E-1 5.26309E-1 5.29245E-1 5.31392E-1 5.3698E-1 5.32624E-1 5.35668E-1 5.35696E-1 5.40689E-1 5.44238E-1 5.43392E-1 5.45131E-1 5.51629E-1 5.54245E-1 5.43691E-1 5.58194E-1 5.54245E-1 5.46264E-1 5.48213E-1 5.55895E-1 5.60697E-1 5.7004E-1 5.66692E-1 5.70928E-1 5.7868E-1 5.79677E-1 5.69836E-1 5.69808E-1 5.75538E-1 5.83128E-1 5.82189E-1 5.90897E-1 5.9854E-1 6.0882E-1 6.14273E-1 6.24145E-1 6.43108E-1 6.47649E-1 6.50435E-1 6.54444E-1 6.64452E-1 6.77089E-1 6.86893E-1 6.98975E-1 7.12204E-1 7.21539E-1 7.34551E-1 7.43966E-1 7.57475E-1 7.55332E-1 -9999 -9999 -9999 -9999 -9999 -9999
5.10785E-1 5.24506E-1 5.20423E-1 5.15589E-1 5.15176E-1 5.17853E-1 5.23447E-1 5.35162E-1 5.33946E-1 5.28224E-1 5.30846E-1 5.32368E-1 5.41981E-1 5.43225E-1 5.44346E-1 5.38713E-1 5.34983E-1 5.36752E-1 5.42617E-1 5.46865E-1 5.50183E-1 5.44291E-1 5.42194E-1 5.47801E-1 5.4542E-1 5.52811E-1 5.57908E-1 5.61305E-1 5.62165E-1 5.71725E-1 5.71983E-1 5.74467E-1 5.68107E-1 5.72248E-1 5.70197E-1 5.87549E-1 5.94493E-1 6.03178E-1 6.08596E-1 6.20215E-1 6.24382E-1 6.29548E-1 6.41463E-1 6.55761E-1 6.65531E-1 6.77025E-1 6.80768E-1 6.91462E-1 7.03833E-1 7.18914E-1 7.28537E-1 7.4118E-1 7.50616E-1 7.55419E-1 -9999 -9999 -9999 -9999 -9999 -9999 -9999
5.10859E-1 5.22711E-1 5.16205E-1 5.12086E-1 5.11444E-1 5.20411E-1 5.23214E-1 5.28191E-1 5.23842E-1 5.22965E-1 5.28471E-1 5.32155E-1 5.40807E-1 5.41596E-1 5.39919E-1 5.35551E-1 5.35657E-1 5.37003E-1 5.447E-1 5.50317E-1 5.74236E-1 5.62012E-1 5.53477E-1 5.59407E-1 5.46231E-1 5.50976E-1 5.48199E-1 5.49921E-1 5.60747E-1 5.66702E-1 5.78297E-1 5.81831E-1 5.92735E-1 5.76443E-1 5.72933E-1 5.84325E-1 5.90938E-1 6.05291E-1 6.14675E-1 6.33161E-1 6.37639E-1 6.37852E-1 6.47585E-1 6.53003E-1 6.71282E-1 6.88768E-1 6.89039E-1 7.04685E-1 7.11904E-1 7.21184E-1 7.34869E-1 7.43747E-1 7.55227E-1 -9999 -9999 -9999 -9999 -9999 -9999 -9999 -9999
5.06444E-1 5.18508E-1 5.14193E-1 5.08667E-1 5.11911E-1 5.20123E-1 5.26279E-1 5.22433E-1 5.16498E-1 5.19725E-1 5.31641E-1 5.37186E-1 5.39518E-1 5.33812E-1 5.34037E-1 5.37686E-1 5.3544E-1 5.32457E-1 5.38514E-1 5.55028E-1 5.53235E-1 5.55118E-1 5.54351E-1 5.63696E-1 5.60371E-1 5.51838E-1 5.54235E-1 5.62522E-1 5.65939E-1 5.52906E-1 5.75472E-1 5.76481E-1 5.86371E-1 5.89878E-1 5.92494E-1 5.85322E-1 5.99657E-1 6.0968E-1 6.18754E-1 6.43715E-1 6.47038E-1 6.55738E-1 6.58832E-1 6.63189E-1 6.74657E-1 6.89417E-1 6.94644E-1 7.06421E-1 7.22625E-1 7.35968E-1 7.42026E-1 7.49352E-1 -9999 -9999 -9999 -9999 -9999 -9999 -9999 -9999 -9999
4.98381E-1 5.03969E-1 5.11778E-1 5.04723E-1 5.10269E-1 5.24243E-1 5.21925E-1 5.17653E-1 5.18046E-1 5.39522E-1 5.37848E-1 5.17088E-1 5.26321E-1 5.27363E-1 5.37747E-1 5.37412E-1 5.33754E-1 5.32336E-1 5.37703E-1 5.59225E-1 5.55415E-1 5.45101E-1 5.456E-1 5.65673E-1 5.67004E-1 5.61272E-1 5.63608E-1 5.74233E-1 5.68573E-1 5.58818E-1 5.62767E-1 5.73693E-1 5.8399E-1 6.04005E-1 6.04168E-1 5.96412E-1 5.99338E-1 6.1044E-1 6.1849E-1 6.37878E-1 6.45006E-1 6.53968E-1 6.61544E-1 6.7008E-1 6.81006E-1 6.869E-1 7.06186E-1 7.13019E-1 7.28438E-1 7.42485E-1 7.50966E-1 -9999 -9999 -9999 -9999 -9999 -9999 -9999 -9999 -9999 -9999
5.01981E-1 4.97002E-1 5.07096E-1 5.05071E-1 5.06252E-1 5.17355E-1 5.17721E-1 5.1235E-1 5.28E-1 5.39421E-1 5.37092E-1 5.23045E-1 5.23644E-1 5.31125E-1 5.36821E-1 5.46455E-1 5.30997E-1 5.25333E-1 5.33664E-1 5.44519E-1 5.54442E-1 5.57978E-1 5.44767E-1 5.65672E-1 5.70154E-1 5.67648E-1 5.67985E-1 5.68915E-1 5.67979E-1 5.64025E-1 5.65711E-1 5.78696E-1 5.75851E-1 5.91689E-1 5.96779E-1 6.02194E-1 6.09043E-1 6.16361E-1 6.23797E-1 6.38174E-1 6.4338E-1 6.5157E-1 6.61408E-1 6.72992E-1 6.80492E-1 6.94151E-1 7.05897E-1 7.15734E-1 7.35515E-1 7.26504E-1 7.32195E-1 -9999 7.80051E-1 -9999 -9999 -9999 -9999 -9999 -9999 -9999 -9999
