Artocarpus heterophyllus SDM files/Last interglacial/results (with bias file)/Arthet_2.asc
ncols         625
nrows         721
xllcorner     69.99986311115
yllcorner     5.99986151914999
cellsize      0.041666667
NODATA_value  -9999
[rows 567 to 593 of 721, columns 122 to 182 of 625]
9.03257E-1 8.95854E-1 8.83621E-1 8.81076E-1 8.78605E-1 8.71344E-1 8.72504E-1 8.72524E-1 8.71308E-1 8.78404E-1 8.86279E-1 8.82198E-1 8.80973E-1 8.81113E-1 8.62305E-1 8.56762E-1 8.55426E-1 8.47406E-1 8.26561E-1 8.05167E-1 8.0004E-1 7.83235E-1 7.66666E-1 7.44065E-1 7.34989E-1 7.26117E-1 7.03509E-1 6.87213E-1 6.79525E-1 6.78746E-1 6.95737E-1 7.13557E-1 7.54454E-1 7.29621E-1 7.23575E-1 7.5006E-1 7.69787E-1 7.52679E-1 7.52599E-1 7.18951E-1 7.11028E-1 6.72555E-1 6.60228E-1 6.63865E-1 6.88824E-1 6.95074E-1 6.70148E-1 6.65084E-1 6.47556E-1 6.21792E-1 6.16166E-1 5.88997E-1 5.95384E-1 5.94344E-1 5.88381E-1 6.01996E-1 5.91344E-1 5.66187E-1 5.68339E-1 5.66037E-1 5.56465E-1
9.07855E-1 8.97931E-1 8.9353E-1 8.93021E-1 8.91497E-1 8.78783E-1 8.72766E-1 8.67056E-1 8.70376E-1 8.66656E-1 8.8204E-1 8.91838E-1 8.84924E-1 8.76582E-1 8.63276E-1 8.5971E-1 8.57381E-1 8.5746E-1 8.43387E-1 8.17991E-1 8.20865E-1 8.07976E-1 7.68434E-1 7.48768E-1 7.37758E-1 7.26067E-1 7.22192E-1 6.95756E-1 6.84577E-1 6.83021E-1 6.82798E-1 6.91795E-1 7.03439E-1 7.11821E-1 7.18813E-1 7.51504E-1 7.62113E-1 7.67438E-1 7.3827E-1 7.24154E-1 7.37491E-1 7.20316E-1 6.64012E-1 6.53569E-1 6.6304E-1 6.85423E-1 6.78357E-1 6.6714E-1 6.4702E-1 6.45858E-1 6.43573E-1 5.92242E-1 5.97434E-1 5.77902E-1 5.71634E-1 5.89918E-1 6.15785E-1 5.67809E-1 5.67018E-1 5.62146E-1 5.63695E-1
9.08111E-1 9.09445E-1 8.96831E-1 8.9855E-1 8.9416E-1 8.82785E-1 8.73053E-1 8.70177E-1 8.73461E-1 8.55868E-1 8.68984E-1 8.98224E-1 8.91391E-1 8.77347E-1 8.683E-1 8.65936E-1 8.5735E-1 8.51032E-1 8.38778E-1 8.28877E-1 8.28579E-1 8.21727E-1 7.90181E-1 7.64375E-1 7.48502E-1 7.36409E-1 7.23018E-1 7.10467E-1 6.92317E-1 6.85049E-1 6.78892E-1 6.85122E-1 6.86692E-1 6.97759E-1 7.27616E-1 7.3194E-1 7.34227E-1 7.28736E-1 7.16973E-1 7.32429E-1 7.24889E-1 7.39358E-1 7.00645E-1 6.52498E-1 6.54684E-1 6.65965E-1 6.63081E-1 6.48572E-1 6.44507E-1 6.41204E-1 6.59379E-1 6.6358E-1 6.18701E-1 5.78571E-1 5.67113E-1 5.48488E-1 5.98778E-1 5.63244E-1 5.73537E-1 5.6396E-1 5.56656E-1
9.1759E-1 9.06891E-1 9.04726E-1 8.9729E-1 8.95536E-1 8.85158E-1 8.86053E-1 8.70409E-1 8.72509E-1 8.6591E-1 8.64191E-1 8.83408E-1 8.98545E-1 8.89385E-1 8.73835E-1 8.65533E-1 8.60076E-1 8.55788E-1 8.48825E-1 8.45886E-1 8.28862E-1 8.06893E-1 8.09614E-1 7.75741E-1 7.62006E-1 7.46891E-1 7.32192E-1 7.13814E-1 7.02698E-1 6.88748E-1 6.79829E-1 6.71512E-1 6.67726E-1 6.76023E-1 6.80804E-1 7.36369E-1 7.241E-1 7.13673E-1 6.93392E-1 6.93742E-1 7.0103E-1 7.11882E-1 7.05271E-1 6.64455E-1 6.4692E-1 6.61646E-1 6.39324E-1 6.32122E-1 6.39229E-1 6.3116E-1 6.33292E-1 6.06145E-1 6.59896E-1 6.33055E-1 6.32041E-1 5.84131E-1 5.96723E-1 5.64511E-1 5.67123E-1 5.64761E-1 5.53995E-1
9.20609E-1 9.1321E-1 9.07386E-1 9.02117E-1 8.9263E-1 8.88537E-1 8.83118E-1 8.82623E-1 8.742E-1 8.77054E-1 8.63954E-1 8.76495E-1 8.9824E-1 9.00988E-1 8.83415E-1 8.70259E-1 8.6249E-1 8.59515E-1 8.56771E-1 8.49024E-1 8.40127E-1 8.1572E-1 8.08741E-1 7.96333E-1 7.70964E-1 7.50375E-1 7.42862E-1 7.30607E-1 7.09125E-1 6.87365E-1 6.75711E-1 6.73708E-1 6.68469E-1 6.65089E-1 6.72291E-1 6.94513E-1 7.18062E-1 7.04511E-1 7.01325E-1 6.70427E-1 6.69858E-1 6.9585E-1 6.80368E-1 6.7853E-1 6.53933E-1 6.57672E-1 6.57684E-1 6.28537E-1 6.48287E-1 6.4171E-1 6.17929E-1 6.05761E-1 6.45858E-1 6.01963E-1 6.0295E-1 6.11689E-1 6.259E-1 5.97E-1 5.55843E-1 5.51455E-1 5.47717E-1
9.21802E-1 9.21318E-1 9.17589E-1 9.08197E-1 8.98611E-1 8.93806E-1 8.94804E-1 8.85987E-1 8.81372E-1 8.6948E-1 8.73795E-1 8.78837E-1 8.95627E-1 8.86592E-1 8.95177E-1 8.84311E-1 8.67698E-1 8.61337E-1 8.58214E-1 8.494E-1 8.46769E-1 8.35301E-1 8.20796E-1 8.1103E-1 7.84493E-1 7.6252E-1 7.51003E-1 7.38015E-1 7.1719E-1 6.99173E-1 6.88345E-1 6.7089E-1 6.7151E-1 6.63177E-1 6.58958E-1 6.72958E-1 6.67749E-1 6.97618E-1 6.8699E-1 6.78393E-1 6.76199E-1 6.80632E-1 6.68489E-1 6.74342E-1 6.73409E-1 6.6549E-1 6.64133E-1 6.51009E-1 6.50046E-1 6.41684E-1 6.09047E-1 6.15589E-1 6.09398E-1 6.01715E-1 5.88449E-1 5.94992E-1 5.93167E-1 6.03356E-1 5.80253E-1 5.77878E-1 5.52638E-1
-9999 9.24985E-1 9.18809E-1 9.10752E-1 9.0583E-1 8.97352E-1 8.95457E-1 8.88027E-1 8.86232E-1 8.69389E-1 8.79759E-1 8.78344E-1 8.88956E-1 8.7257E-1 8.72281E-1 8.84811E-1 8.82254E-1 8.7865E-1 8.62051E-1 8.52773E-1 8.47451E-1 8.45838E-1 8.32869E-1 8.12705E-1 8.02431E-1 7.83705E-1 7.57434E-1 7.35513E-1 7.27642E-1 7.12566E-1 6.94795E-1 6.77931E-1 6.6598E-1 6.67058E-1 6.55816E-1 6.53817E-1 6.54908E-1 6.69675E-1 6.70163E-1 6.71655E-1 6.80488E-1 6.70695E-1 6.67111E-1 6.79889E-1 6.77225E-1 6.79715E-1 6.63372E-1 6.67793E-1 6.44185E-1 6.4102E-1 6.4019E-1 6.16053E-1 5.9142E-1 5.91361E-1 5.91092E-1 5.82877E-1 5.94808E-1 5.69544E-1 5.82753E-1 5.74596E-1 5.70544E-1
-9999 9.28839E-1 9.25118E-1 9.17949E-1 9.13616E-1 9.04855E-1 9.03601E-1 8.93025E-1 8.85776E-1 8.78932E-1 8.80941E-1 8.75829E-1 8.68852E-1 8.71267E-1 8.59142E-1 8.58341E-1 8.63053E-1 8.6505E-1 8.73994E-1 8.62152E-1 8.53254E-1 8.47451E-1 8.37786E-1 8.27688E-1 8.21208E-1 7.93149E-1 7.67752E-1 7.45678E-1 7.2784E-1 7.15914E-1 6.99135E-1 6.88607E-1 6.75297E-1 6.62517E-1 6.51395E-1 6.50627E-1 6.48994E-1 6.46804E-1 6.74019E-1 6.67867E-1 6.84085E-1 6.71272E-1 6.7239E-1 6.82154E-1 6.93152E-1 6.80156E-1 6.77036E-1 6.78018E-1 6.45964E-1 6.46382E-1 6.31881E-1 6.50753E-1 6.14068E-1 6.08481E-1 6.00734E-1 5.97258E-1 5.95817E-1 5.95779E-1 5.84995E-1 5.75226E-1 5.75424E-1
-9999 9.32719E-1 9.25468E-1 9.2214E-1 9.11194E-1 9.09976E-1 9.01836E-1 8.98196E-1 8.9059E-1 8.91194E-1 8.83806E-1 8.82616E-1 8.67934E-1 8.6932E-1 8.621E-1 8.48184E-1 8.47588E-1 8.69291E-1 8.65426E-1 8.59868E-1 8.57995E-1 8.52588E-1 8.44215E-1 8.38691E-1 8.1852E-1 7.92911E-1 7.74122E-1 7.56952E-1 7.39518E-1 7.25512E-1 7.12374E-1 7.01201E-1 6.90637E-1 6.72585E-1 6.6361E-1 6.57819E-1 6.54598E-1 6.58465E-1 6.78054E-1 6.6911E-1 6.6663E-1 6.73165E-1 6.7096E-1 6.81539E-1 6.84849E-1 6.80231E-1 6.81996E-1 6.88037E-1 6.44113E-1 6.41338E-1 6.3407E-1 6.49008E-1 6.33981E-1 6.20138E-1 6.05572E-1 6.04327E-1 6.08327E-1 6.00113E-1 5.70268E-1 5.69267E-1 5.73129E-1
-9999 -9999 9.26939E-1 9.28001E-1 9.21349E-1 9.16614E-1 9.08683E-1 9.03786E-1 9.02571E-1 8.93891E-1 8.89593E-1 8.7443E-1 8.7771E-1 8.68503E-1 8.61165E-1 8.52931E-1 8.5108E-1 8.7601E-1 8.8568E-1 8.69573E-1 8.60215E-1 8.52329E-1 8.48396E-1 8.45784E-1 8.24568E-1 8.02835E-1 7.80019E-1 7.63091E-1 7.54422E-1 7.35838E-1 7.15894E-1 7.0325E-1 7.05413E-1 6.81289E-1 6.67475E-1 6.71137E-1 6.60688E-1 6.60748E-1 6.68308E-1 6.85097E-1 6.76305E-1 6.58873E-1 6.70899E-1 6.80633E-1 6.80496E-1 6.78166E-1 6.84849E-1 6.734E-1 6.60109E-1 6.45975E-1 6.49211E-1 6.515E-1 6.48044E-1 6.2021E-1 6.13001E-1 6.07638E-1 5.90227E-1 6.07175E-1 5.75687E-1 5.91371E-1 5.79919E-1
-9999 -9999 9.27526E-1 -9999 9.23527E-1 9.23212E-1 9.10848E-1 9.06903E-1 8.97039E-1 8.88512E-1 8.87591E-1 8.80319E-1 8.76036E-1 8.79937E-1 8.70098E-1 8.56395E-1 8.55872E-1 8.5821E-1 8.65953E-1 8.85394E-1 8.79691E-1 8.7178E-1 8.50534E-1 8.54305E-1 8.29679E-1 8.09792E-1 7.93955E-1 7.75406E-1 7.56806E-1 7.50327E-1 7.33192E-1 7.21419E-1 7.12995E-1 6.95739E-1 6.84716E-1 6.8339E-1 6.80358E-1 6.6816E-1 6.71861E-1 6.7332E-1 6.68817E-1 6.7467E-1 6.61715E-1 6.74595E-1 6.79131E-1 6.81833E-1 6.79238E-1 6.71108E-1 6.56752E-1 6.53531E-1 6.54775E-1 6.4311E-1 6.41981E-1 6.22289E-1 6.10171E-1 5.92201E-1 5.9425E-1 6.17138E-1 5.75934E-1 5.72699E-1 5.42827E-1
-9999 -9999 -9999 -9999 9.25308E-1 9.21333E-1 9.18088E-1 9.11485E-1 9.03986E-1 8.99273E-1 8.94042E-1 8.87427E-1 8.80894E-1 8.80767E-1 8.75465E-1 8.69819E-1 8.58539E-1 8.55191E-1 8.58048E-1 8.7048E-1 8.9421E-1 8.90109E-1 8.72165E-1 8.47836E-1 8.43081E-1 8.26636E-1 8.02903E-1 7.92012E-1 7.73279E-1 7.6905E-1 7.62889E-1 7.34042E-1 7.19745E-1 7.01511E-1 6.98553E-1 6.93862E-1 6.95481E-1 6.65373E-1 6.65371E-1 6.70573E-1 6.67772E-1 6.68604E-1 6.62353E-1 6.73585E-1 6.73695E-1 6.7506E-1 6.79183E-1 6.76583E-1 6.59692E-1 6.59075E-1 6.62745E-1 6.47528E-1 6.43041E-1 6.2661E-1 6.13132E-1 6.14567E-1 5.98186E-1 6.34228E-1 5.78657E-1 5.59452E-1 5.54729E-1
-9999 -9999 -9999 -9999 -9999 9.2363E-1 9.18643E-1 9.16431E-1 9.06716E-1 9.01195E-1 8.99345E-1 8.92271E-1 8.86971E-1 8.84453E-1 8.83382E-1 8.7707E-1 8.63032E-1 8.60336E-1 8.59414E-1 8.72037E-1 8.90911E-1 8.87729E-1 8.70856E-1 8.53448E-1 8.53889E-1 8.49845E-1 8.1785E-1 8.15181E-1 8.0174E-1 7.80642E-1 7.75318E-1 7.57302E-1 7.32005E-1 7.27959E-1 7.06508E-1 7.07378E-1 6.9234E-1 6.70108E-1 6.61102E-1 6.63445E-1 6.60639E-1 6.61168E-1 6.6312E-1 6.72006E-1 6.76052E-1 6.81948E-1 6.7653E-1 6.69527E-1 6.65046E-1 6.64986E-1 6.82815E-1 6.47856E-1 6.52987E-1 6.28663E-1 6.34945E-1 6.25737E-1 5.97996E-1 6.18108E-1 5.71203E-1 5.7891E-1 5.78744E-1
-9999 -9999 -9999 -9999 -9999 -9999 9.18986E-1 9.18791E-1 9.1011E-1 9.05995E-1 8.98326E-1 8.97748E-1 8.89039E-1 8.87118E-1 8.795E-1 8.72995E-1 8.70125E-1 8.93269E-1 8.87937E-1 8.72752E-1 8.81335E-1 8.86907E-1 8.82879E-1 8.68883E-1 8.57888E-1 8.5014E-1 8.43369E-1 8.29038E-1 8.25986E-1 7.97293E-1 7.88714E-1 7.67528E-1 7.4779E-1 7.49744E-1 7.38581E-1 7.11463E-1 6.89428E-1 6.7835E-1 6.65654E-1 6.6059E-1 6.63705E-1 6.64646E-1 6.55612E-1 6.65728E-1 6.80341E-1 6.83619E-1 6.81714E-1 6.65766E-1 6.56537E-1 6.64633E-1 6.76839E-1 6.4778E-1 6.46037E-1 6.26482E-1 6.14734E-1 6.08849E-1 6.04347E-1 6.2608E-1 5.87284E-1 6.03942E-1 5.84272E-1
-9999 -9999 -9999 -9999 -9999 -9999 -9999 9.14424E-1 9.17235E-1 9.1284E-1 9.03036E-1 9.01636E-1 8.92077E-1 8.85833E-1 8.88924E-1 8.9697E-1 8.87353E-1 9.01104E-1 9.03672E-1 8.98198E-1 8.8864E-1 8.80228E-1 8.76109E-1 8.71688E-1 8.63719E-1 8.59721E-1 8.47224E-1 8.36651E-1 8.3598E-1 8.28557E-1 8.03566E-1 7.63405E-1 7.50557E-1 7.63025E-1 7.60892E-1 7.16891E-1 7.00129E-1 6.8445E-1 6.75056E-1 6.65768E-1 6.64727E-1 6.68519E-1 6.5818E-1 6.58967E-1 6.65838E-1 6.88654E-1 6.93277E-1 6.73152E-1 6.53352E-1 6.62651E-1 6.70184E-1 6.51885E-1 6.39105E-1 6.36372E-1 6.23889E-1 6.15034E-1 6.40862E-1 6.08131E-1 5.97336E-1 6.04164E-1 5.97585E-1
-9999 -9999 -9999 -9999 -9999 -9999 -9999 -9999 9.17228E-1 9.10218E-1 9.07857E-1 9.01505E-1 8.96205E-1 8.96745E-1 8.88037E-1 8.89639E-1 8.85033E-1 8.85972E-1 9.01119E-1 9.07726E-1 9.00038E-1 8.9233E-1 8.85662E-1 8.77141E-1 8.74477E-1 8.59356E-1 8.61291E-1 8.43837E-1 8.46153E-1 8.42456E-1 8.02197E-1 7.77877E-1 7.69873E-1 7.76227E-1 7.59072E-1 7.20074E-1 7.02927E-1 6.87711E-1 6.89729E-1 6.83626E-1 6.82602E-1 6.65658E-1 6.62158E-1 6.63571E-1 6.66352E-1 6.82188E-1 6.63358E-1 6.67067E-1 6.61282E-1 6.76709E-1 6.75951E-1 6.52515E-1 6.53245E-1 6.41554E-1 6.37292E-1 6.20903E-1 6.56005E-1 6.22922E-1 6.18024E-1 6.04387E-1 6.09615E-1
-9999 -9999 -9999 -9999 -9999 -9999 -9999 -9999 -9999 9.14469E-1 9.09454E-1 9.07551E-1 9.04079E-1 8.99065E-1 8.91226E-1 8.79333E-1 8.97461E-1 8.99908E-1 9.05827E-1 9.12642E-1 9.04789E-1 8.97969E-1 8.88015E-1 8.83262E-1 8.76962E-1 8.66651E-1 8.56953E-1 8.56694E-1 8.57333E-1 8.47937E-1 8.24889E-1 7.96164E-1 7.88435E-1 7.91132E-1 7.69542E-1 7.61345E-1 7.18734E-1 6.98541E-1 6.89923E-1 6.82144E-1 6.78835E-1 6.74689E-1 6.77821E-1 6.7362E-1 6.68002E-1 6.69159E-1 6.68359E-1 6.60202E-1 6.71646E-1 6.7227E-1 6.72486E-1 6.57392E-1 6.41713E-1 6.39175E-1 6.10013E-1 6.38534E-1 6.40216E-1 6.29732E-1 6.3023E-1 5.99147E-1 5.78967E-1
-9999 -9999 -9999 -9999 -9999 -9999 -9999 -9999 -9999 -9999 9.13229E-1 9.09453E-1 9.0532E-1 8.98999E-1 8.97399E-1 8.89776E-1 8.89715E-1 8.8745E-1 9.03481E-1 9.24955E-1 9.14898E-1 9.02192E-1 8.90954E-1 8.89009E-1 8.80618E-1 8.70888E-1 8.62713E-1 8.59614E-1 8.65885E-1 8.5334E-1 8.36594E-1 8.1781E-1 8.17615E-1 8.05107E-1 7.98074E-1 7.79259E-1 7.44407E-1 7.18703E-1 7.0787E-1 6.96367E-1 6.86352E-1 6.8633E-1 6.90411E-1 6.66357E-1 6.64846E-1 6.73127E-1 6.67498E-1 6.69935E-1 6.75839E-1 6.65439E-1 6.83757E-1 6.34357E-1 6.35672E-1 6.29409E-1 6.44545E-1 6.35501E-1 6.42548E-1 6.4208E-1 6.39274E-1 5.79561E-1 5.63297E-1
-9999 -9999 -9999 -9999 -9999 -9999 -9999 -9999 -9999 -9999 -9999 9.08756E-1 9.07726E-1 9.04848E-1 9.04926E-1 9.04181E-1 8.98171E-1 8.79762E-1 8.78696E-1 9.08381E-1 9.20276E-1 9.11217E-1 9.00734E-1 8.92112E-1 8.90368E-1 8.76769E-1 8.71343E-1 8.70696E-1 8.66424E-1 8.61175E-1 8.46622E-1 8.3952E-1 8.3179E-1 8.11445E-1 7.88527E-1 7.70093E-1 7.52026E-1 7.28188E-1 7.15956E-1 7.012E-1 6.96273E-1 6.96623E-1 6.89649E-1 6.80552E-1 6.77801E-1 6.71048E-1 6.73703E-1 6.84431E-1 6.78507E-1 6.80055E-1 6.75396E-1 6.45072E-1 6.37677E-1 6.47027E-1 6.59918E-1 6.42302E-1 6.45262E-1 6.46727E-1 5.98294E-1 5.68501E-1 5.54494E-1
-9999 -9999 -9999 -9999 -9999 -9999 -9999 -9999 -9999 -9999 -9999 9.16998E-1 9.13101E-1 9.08972E-1 9.05938E-1 9.08347E-1 8.9677E-1 8.8894E-1 8.78505E-1 8.96371E-1 9.05417E-1 9.2284E-1 9.05795E-1 8.93668E-1 9.03905E-1 8.84106E-1 8.75766E-1 8.79867E-1 8.75552E-1 8.6453E-1 8.55329E-1 8.44337E-1 8.43899E-1 8.22675E-1 7.81575E-1 7.54705E-1 7.31872E-1 7.12088E-1 7.03588E-1 6.75762E-1 6.71491E-1 6.57415E-1 6.5208E-1 6.69471E-1 6.48412E-1 6.59143E-1 6.62292E-1 6.90906E-1 6.88771E-1 6.61672E-1 6.44978E-1 6.31539E-1 6.66895E-1 6.5012E-1 6.45707E-1 6.32653E-1 6.29834E-1 6.02056E-1 5.72708E-1 5.55261E-1 5.6885E-1
-9999 -9999 -9999 -9999 -9999 -9999 -9999 -9999 -9999 -9999 -9999 9.21937E-1 9.1762E-1 9.14766E-1 9.16955E-1 9.04482E-1 8.99065E-1 8.93404E-1 8.85858E-1 8.83819E-1 9.07307E-1 9.25544E-1 9.12089E-1 9.0955E-1 9.05728E-1 8.9788E-1 8.84181E-1 8.8693E-1 8.7161E-1 8.70615E-1 8.66345E-1 8.57006E-1 8.48069E-1 8.00832E-1 7.78569E-1 7.66095E-1 7.4835E-1 7.20989E-1 7.04244E-1 7.02383E-1 6.82279E-1 6.58074E-1 6.56397E-1 6.39986E-1 6.45646E-1 6.40318E-1 6.33976E-1 6.63996E-1 6.46501E-1 6.33366E-1 6.41524E-1 6.2068E-1 6.21448E-1 6.28316E-1 6.21118E-1 6.12678E-1 6.09745E-1 5.79453E-1 5.70419E-1 5.79435E-1 5.66386E-1
-9999 -9999 -9999 -9999 -9999 -9999 -9999 -9999 -9999 -9999 -9999 -9999 9.18058E-1 9.20175E-1 9.12838E-1 9.14961E-1 9.04022E-1 8.96061E-1 8.99576E-1 8.88829E-1 9.10794E-1 9.14732E-1 9.15414E-1 9.16519E-1 9.27826E-1 8.99561E-1 8.82948E-1 8.68405E-1 8.80096E-1 8.80748E-1 8.65275E-1 8.64202E-1 8.29484E-1 8.07551E-1 7.98864E-1 8.19234E-1 8.17901E-1 7.61179E-1 7.21476E-1 7.12636E-1 7.22469E-1 7.18444E-1 7.16778E-1 7.44179E-1 7.31818E-1 6.63396E-1 6.45539E-1 6.36038E-1 6.27965E-1 6.3019E-1 6.27887E-1 6.3261E-1 6.24063E-1 6.11325E-1 6.09821E-1 5.99665E-1 5.62255E-1 5.04493E-1 5.30257E-1 5.81081E-1 5.69401E-1
-9999 -9999 -9999 -9999 -9999 -9999 -9999 -9999 -9999 -9999 -9999 -9999 9.25781E-1 9.21574E-1 9.16779E-1 9.15705E-1 9.10582E-1 9.01438E-1 9.01293E-1 8.99671E-1 9.06741E-1 8.84905E-1 8.80091E-1 9.00621E-1 9.26851E-1 9.2219E-1 8.93549E-1 8.50266E-1 8.65775E-1 8.65035E-1 8.76296E-1 8.61237E-1 8.3765E-1 8.46072E-1 8.61018E-1 7.94665E-1 7.37403E-1 7.22595E-1 7.69133E-1 7.43952E-1 7.35451E-1 7.58105E-1 7.46157E-1 7.31792E-1 7.59953E-1 7.20403E-1 6.83436E-1 6.25773E-1 6.4402E-1 6.36315E-1 6.27616E-1 6.32317E-1 6.29943E-1 6.08414E-1 5.62756E-1 5.22056E-1 4.95305E-1 5.36173E-1 4.72677E-1 4.74795E-1 4.91477E-1
-9999 -9999 -9999 -9999 -9999 -9999 -9999 -9999 -9999 -9999 -9999 -9999 -9999 9.22262E-1 9.20044E-1 9.16803E-1 9.16543E-1 9.1391E-1 9.0566E-1 9.0214E-1 9.03988E-1 8.90309E-1 8.83112E-1 8.78021E-1 9.10849E-1 9.05306E-1 8.86961E-1 8.48473E-1 8.38713E-1 8.41903E-1 8.44842E-1 8.52454E-1 8.56521E-1 8.63184E-1 8.39924E-1 7.30138E-1 7.0262E-1 6.83477E-1 6.6936E-1 6.63819E-1 7.07619E-1 7.27785E-1 7.33759E-1 7.65145E-1 7.77312E-1 7.4213E-1 6.88138E-1 6.25942E-1 6.36082E-1 6.37332E-1 6.37993E-1 5.72606E-1 5.32619E-1 6.04191E-1 5.21485E-1 5.17545E-1 4.83606E-1 4.61834E-1 4.33865E-1 4.15067E-1 4.11894E-1
-9999 -9999 -9999 -9999 -9999 -9999 -9999 -9999 -9999 -9999 -9999 -9999 -9999 -9999 9.21451E-1 9.1894E-1 9.14058E-1 9.17022E-1 9.16148E-1 9.10751E-1 9.0153E-1 8.96629E-1 8.8729E-1 8.84612E-1 9.20927E-1 9.31074E-1 8.98655E-1 8.52339E-1 8.43546E-1 8.30631E-1 8.31587E-1 8.31737E-1 8.77013E-1 8.64583E-1 7.58831E-1 7.27061E-1 7.06614E-1 6.87575E-1 6.82566E-1 6.62498E-1 6.87233E-1 7.18626E-1 7.7919E-1 7.77063E-1 7.37966E-1 6.80091E-1 6.55502E-1 6.43971E-1 6.35354E-1 6.43091E-1 5.54491E-1 5.3243E-1 5.34063E-1 5.81051E-1 6.27677E-1 5.4879E-1 4.84664E-1 4.5305E-1 4.31543E-1 4.22195E-1 4.2522E-1
-9999 -9999 -9999 -9999 -9999 -9999 -9999 -9999 -9999 -9999 -9999 -9999 -9999 -9999 -9999 9.22134E-1 9.19489E-1 9.15388E-1 9.12496E-1 9.13847E-1 9.05586E-1 9.01345E-1 8.8957E-1 8.78013E-1 9.06517E-1 9.09838E-1 8.78108E-1 8.50637E-1 8.45637E-1 8.36662E-1 7.57387E-1 8.35183E-1 8.58092E-1 8.69848E-1 8.55963E-1 7.175E-1 7.31948E-1 7.28631E-1 7.19603E-1 7.42908E-1 7.69325E-1 7.83312E-1 7.52565E-1 7.19246E-1 7.05252E-1 6.61596E-1 6.49595E-1 6.43686E-1 6.44699E-1 6.2763E-1 5.73971E-1 5.22875E-1 5.17672E-1 5.07329E-1 6.34799E-1 5.35723E-1 4.76264E-1 4.69581E-1 4.40325E-1 4.30325E-1 4.3066E-1
-9999 -9999 -9999 -9999 -9999 -9999 -9999 -9999 -9999 -9999 -9999 -9999 -9999 -9999 -9999 9.22543E-1 9.20834E-1 9.19328E-1 9.14121E-1 9.19641E-1 9.07826E-1 9.04331E-1 8.94135E-1 8.94542E-1 9.04733E-1 8.96541E-1 8.64075E-1 8.547E-1 8.51159E-1 8.40592E-1 8.30116E-1 8.36512E-1 8.44649E-1 8.53828E-1 8.75743E-1 7.23194E-1 7.42058E-1 7.58366E-1 7.55976E-1 8.07314E-1 8.01153E-1 7.94286E-1 7.38058E-1 6.74661E-1 6.60839E-1 6.53487E-1 6.54215E-1 6.4994E-1 6.47163E-1 6.23972E-1 6.51223E-1 5.44108E-1 5.58218E-1 5.41209E-1 5.51787E-1 5.41931E-1 5.08672E-1 4.75524E-1 4.36469E-1 4.40894E-1 4.33116E-1
