Artocarpus heterophyllus SDM files/Last interglacial/results (with bias file)/Arthet_stddev.asc
ncols         625
nrows         721
xllcorner     69.99986311115
yllcorner     5.99986151914999
cellsize      0.041666667
NODATA_value  -9999
[rows 54 to 80 of 721, columns 549 to 609 of 625]
2.58128E-3 2.50727E-3 2.32771E-3 2.30119E-3 2.17978E-3 2.06678E-3 2.16478E-3 2.2371E-3 2.25061E-3 2.22758E-3 2.39425E-3 2.30794E-3 2.28385E-3 2.27527E-3 2.41645E-3 2.47191E-3 2.36708E-3 2.58715E-3 3.05281E-3 2.98074E-3 2.91918E-3 2.7954E-3 2.72935E-3 2.69532E-3 2.64535E-3 2.49686E-3 2.44553E-3 2.56217E-3 2.66106E-3 2.56734E-3 2.76098E-3 2.66972E-3 2.63783E-3 2.46E-3 2.32857E-3 2.25193E-3 2.29892E-3 2.32347E-3 2.34344E-3 2.16581E-3 2.30136E-3 2.15227E-3 2.10574E-3 1.99254E-3 2.21976E-3 2.30227E-3 1.99485E-3 2.16908E-3 2.07584E-3 2.12094E-3 2.4844E-3 2.07772E-3 2.07121E-3 2.38933E-3 2.2561E-3 2.08278E-3 2.62608E-3 2.42407E-3 2.44642E-3 2.65042E-3 2.53523E-3
2.52521E-3 2.49503E-3 2.49552E-3 2.47204E-3 2.40059E-3 2.3254E-3 2.341E-3 2.38892E-3 2.43963E-3 2.36859E-3 2.33773E-3 2.35004E-3 2.45392E-3 2.40499E-3 2.39632E-3 2.3489E-3 2.50034E-3 2.79339E-3 3.08553E-3 3.06293E-3 2.94719E-3 2.80935E-3 2.67399E-3 2.50652E-3 2.58273E-3 2.55996E-3 2.68479E-3 2.7132E-3 2.78702E-3 2.76288E-3 2.73924E-3 2.68574E-3 2.65496E-3 2.55232E-3 2.42426E-3 2.30377E-3 2.3761E-3 2.2948E-3 2.55445E-3 2.4791E-3 2.32064E-3 2.23059E-3 2.12385E-3 2.03621E-3 2.08654E-3 2.30952E-3 2.0573E-3 1.88459E-3 2.24253E-3 2.38055E-3 2.13628E-3 2.16371E-3 2.01052E-3 2.1762E-3 2.43295E-3 2.41176E-3 2.51146E-3 2.43019E-3 2.3367E-3 2.54678E-3 2.35917E-3
2.38827E-3 2.20009E-3 2.1294E-3 2.2641E-3 2.38413E-3 2.30288E-3 2.35695E-3 2.41039E-3 2.41102E-3 2.47815E-3 2.536E-3 2.61638E-3 2.64695E-3 2.67875E-3 2.61212E-3 2.68093E-3 2.65053E-3 2.87499E-3 2.99124E-3 2.98488E-3 3.01192E-3 2.89129E-3 2.86636E-3 2.66112E-3 2.65695E-3 2.58741E-3 2.73156E-3 2.89095E-3 2.79857E-3 2.81046E-3 2.77454E-3 2.72158E-3 2.7031E-3 2.6253E-3 2.54652E-3 2.42707E-3 2.35326E-3 2.31767E-3 2.65495E-3 2.49731E-3 2.21541E-3 2.05773E-3 2.0374E-3 1.99177E-3 2.1438E-3 2.09854E-3 1.93485E-3 1.80994E-3 2.03724E-3 2.07331E-3 2.0537E-3 1.99102E-3 2.03295E-3 2.09269E-3 2.02008E-3 2.30932E-3 2.40873E-3 2.47499E-3 2.25448E-3 2.29514E-3 2.34893E-3
2.52479E-3 2.19319E-3 2.05052E-3 2.10396E-3 2.25813E-3 2.21064E-3 2.25312E-3 2.20491E-3 2.13562E-3 2.15385E-3 2.13087E-3 2.05548E-3 2.14983E-3 2.35841E-3 2.61906E-3 2.84773E-3 2.93032E-3 2.96526E-3 2.99307E-3 2.98628E-3 2.96517E-3 2.98549E-3 3.01116E-3 2.91501E-3 2.87796E-3 2.78939E-3 2.82013E-3 2.90268E-3 2.85314E-3 2.70817E-3 2.59759E-3 2.64983E-3 2.67162E-3 2.43701E-3 2.59436E-3 2.44417E-3 2.31012E-3 2.50784E-3 2.65881E-3 2.41898E-3 2.48027E-3 2.45253E-3 2.31557E-3 2.28534E-3 2.2231E-3 2.00723E-3 1.95949E-3 2.13022E-3 2.2816E-3 2.34708E-3 2.13465E-3 2.28285E-3 2.21602E-3 2.06677E-3 2.39883E-3 2.35707E-3 2.33313E-3 2.34485E-3 2.46759E-3 2.38173E-3 2.07078E-3
2.56603E-3 2.54362E-3 2.3962E-3 2.2028E-3 2.39761E-3 2.38569E-3 2.3864E-3 2.39674E-3 2.32292E-3 2.31941E-3 2.35048E-3 2.35048E-3 2.35861E-3 2.4831E-3 2.65063E-3 2.71802E-3 2.46227E-3 2.65326E-3 2.82573E-3 2.91722E-3 2.95349E-3 2.92812E-3 2.9621E-3 2.99632E-3 3.01656E-3 3.01142E-3 2.97066E-3 2.95266E-3 2.87058E-3 2.84647E-3 2.66106E-3 2.54383E-3 2.61976E-3 2.65041E-3 2.68792E-3 2.49514E-3 2.4393E-3 2.53746E-3 2.64024E-3 2.41806E-3 2.57089E-3 2.365E-3 2.17347E-3 2.13904E-3 1.80406E-3 1.80913E-3 1.83268E-3 1.95149E-3 2.10162E-3 1.94076E-3 1.70946E-3 1.93793E-3 2.30833E-3 2.42356E-3 2.44896E-3 2.38481E-3 2.40988E-3 2.63357E-3 2.47984E-3 2.4523E-3 2.56803E-3
2.24019E-3 2.33257E-3 2.46293E-3 2.4296E-3 2.49073E-3 2.55787E-3 2.56559E-3 2.54286E-3 2.46535E-3 2.43311E-3 2.56766E-3 2.51878E-3 2.56479E-3 2.68721E-3 2.85897E-3 2.82744E-3 2.53338E-3 2.4012E-3 2.31089E-3 2.42474E-3 2.68713E-3 2.91602E-3 2.91722E-3 2.95387E-3 2.97855E-3 2.95137E-3 2.97139E-3 2.99029E-3 2.99559E-3 2.93896E-3 2.8587E-3 2.45999E-3 2.31808E-3 2.6492E-3 2.8382E-3 2.68356E-3 2.59608E-3 2.80786E-3 2.55812E-3 2.50743E-3 2.45639E-3 2.63598E-3 2.34383E-3 2.26787E-3 2.01959E-3 1.95597E-3 1.81567E-3 1.87203E-3 1.97929E-3 1.67514E-3 1.8136E-3 1.90181E-3 2.07315E-3 2.06637E-3 2.02748E-3 2.25708E-3 1.97311E-3 2.06524E-3 2.44808E-3 2.53968E-3 2.37745E-3
2.49436E-3 2.26692E-3 2.18422E-3 2.36541E-3 2.58966E-3 2.58491E-3 2.68972E-3 2.67654E-3 2.58502E-3 2.59642E-3 2.67351E-3 2.70039E-3 2.75625E-3 2.81157E-3 2.81587E-3 2.75883E-3 2.76794E-3 2.71306E-3 2.62898E-3 2.62624E-3 2.66429E-3 2.7919E-3 2.80029E-3 2.71839E-3 2.85862E-3 2.84699E-3 2.8857E-3 2.922E-3 2.89046E-3 2.83586E-3 2.7747E-3 2.6141E-3 2.55604E-3 2.59155E-3 2.79357E-3 2.83565E-3 2.72066E-3 2.86218E-3 2.68568E-3 2.48428E-3 2.60701E-3 2.55052E-3 2.16839E-3 2.14351E-3 2.12983E-3 2.0798E-3 1.99629E-3 2.14708E-3 2.00043E-3 1.85752E-3 2.08699E-3 1.70362E-3 2.02753E-3 2.0987E-3 2.15003E-3 1.98309E-3 2.2551E-3 2.1275E-3 2.13204E-3 2.43015E-3 2.33637E-3
2.76489E-3 2.66729E-3 2.49436E-3 2.35237E-3 2.53285E-3 2.71701E-3 2.71858E-3 2.77652E-3 2.5263E-3 2.479E-3 2.47021E-3 2.54873E-3 2.62324E-3 2.65973E-3 2.69657E-3 2.66592E-3 2.77748E-3 2.7857E-3 2.64636E-3 2.44892E-3 2.36672E-3 2.45806E-3 2.67176E-3 2.70771E-3 2.70267E-3 2.70941E-3 2.78321E-3 2.75879E-3 2.68624E-3 2.72973E-3 2.76298E-3 2.55914E-3 2.51694E-3 2.50094E-3 2.52745E-3 2.68252E-3 2.90996E-3 2.92322E-3 2.77398E-3 2.63133E-3 2.69319E-3 2.52534E-3 2.52016E-3 2.34098E-3 1.98307E-3 2.01907E-3 1.96448E-3 2.29797E-3 2.01921E-3 2.03369E-3 2.28309E-3 1.94989E-3 2.06987E-3 2.45306E-3 2.20925E-3 1.93079E-3 2.20179E-3 2.43746E-3 2.36692E-3 2.12758E-3 2.22912E-3
2.69971E-3 2.73617E-3 2.76925E-3 2.76638E-3 2.76495E-3 2.5309E-3 2.4654E-3 2.75082E-3 2.73559E-3 2.46805E-3 2.4375E-3 2.35234E-3 2.34379E-3 2.38895E-3 2.47267E-3 2.49279E-3 2.46169E-3 2.55011E-3 2.65874E-3 2.52064E-3 2.19927E-3 2.2977E-3 2.38983E-3 2.45746E-3 2.48633E-3 2.45927E-3 2.68335E-3 2.55869E-3 2.41862E-3 2.4969E-3 2.52469E-3 2.61522E-3 2.38222E-3 2.36384E-3 2.44059E-3 2.434E-3 2.65344E-3 2.77425E-3 2.99243E-3 2.80518E-3 2.43162E-3 2.72374E-3 2.25968E-3 2.29175E-3 2.22257E-3 2.05025E-3 2.37133E-3 2.24606E-3 2.45822E-3 2.02305E-3 2.24522E-3 2.39078E-3 2.50471E-3 2.2981E-3 2.29988E-3 2.05174E-3 2.0155E-3 2.00782E-3 2.39401E-3 2.23267E-3 2.09981E-3
2.42474E-3 2.46166E-3 2.63248E-3 2.74517E-3 2.84852E-3 2.79522E-3 2.51003E-3 2.37339E-3 2.65916E-3 2.84956E-3 2.76621E-3 2.73734E-3 2.6558E-3 2.62052E-3 2.49591E-3 2.29346E-3 2.34093E-3 2.38825E-3 2.41297E-3 2.52268E-3 2.41472E-3 2.41694E-3 2.24818E-3 2.17663E-3 2.42367E-3 2.45345E-3 2.60861E-3 2.4284E-3 2.15882E-3 2.38353E-3 2.37107E-3 2.44809E-3 2.44509E-3 2.29561E-3 2.2675E-3 2.26971E-3 2.35823E-3 2.51918E-3 2.89591E-3 2.81326E-3 2.58107E-3 2.86939E-3 2.61976E-3 2.44114E-3 2.57016E-3 2.74489E-3 2.54048E-3 2.3293E-3 2.06877E-3 2.0452E-3 2.3283E-3 2.21242E-3 2.2697E-3 2.61165E-3 2.53552E-3 2.60471E-3 2.21946E-3 2.07457E-3 2.3186E-3 2.17723E-3 2.09179E-3
2.38535E-3 2.30372E-3 2.44908E-3 2.5789E-3 2.73727E-3 2.71801E-3 2.62335E-3 2.72268E-3 2.7533E-3 2.84731E-3 2.72162E-3 2.49443E-3 2.52845E-3 2.26651E-3 2.18872E-3 2.40902E-3 2.48186E-3 2.55197E-3 2.26571E-3 2.28266E-3 2.5041E-3 2.53374E-3 2.28263E-3 2.15769E-3 2.13178E-3 2.0946E-3 2.18848E-3 2.41645E-3 2.12766E-3 2.13886E-3 2.15726E-3 2.34609E-3 2.33105E-3 2.48305E-3 2.62906E-3 2.46685E-3 2.17864E-3 2.52648E-3 2.8792E-3 3.04269E-3 3.01581E-3 2.96498E-3 2.55828E-3 2.75478E-3 2.86993E-3 2.44699E-3 2.39912E-3 2.34991E-3 2.09577E-3 2.04482E-3 2.36099E-3 2.7198E-3 2.31912E-3 2.51267E-3 2.27151E-3 2.3039E-3 2.74112E-3 2.48439E-3 2.2647E-3 2.33241E-3 2.31142E-3
2.16788E-3 2.09477E-3 2.33382E-3 2.50408E-3 2.5133E-3 2.46226E-3 2.40601E-3 2.62894E-3 2.85405E-3 2.85889E-3 2.83533E-3 2.71535E-3 2.65134E-3 2.50287E-3 2.46365E-3 2.48224E-3 2.71087E-3 2.78284E-3 2.52259E-3 2.23459E-3 2.30183E-3 2.41225E-3 2.46505E-3 2.26261E-3 2.07027E-3 2.12506E-3 2.22356E-3 2.27111E-3 2.31043E-3 2.1948E-3 2.0076E-3 2.25125E-3 1.9822E-3 2.2165E-3 2.61163E-3 2.84093E-3 2.46263E-3 2.50739E-3 2.34338E-3 2.69378E-3 3.20456E-3 2.92723E-3 3.05979E-3 2.86285E-3 2.37544E-3 2.2902E-3 2.7392E-3 2.58376E-3 2.13303E-3 2.09487E-3 2.11346E-3 2.27585E-3 2.52817E-3 2.78043E-3 2.40463E-3 2.63264E-3 2.43116E-3 2.56894E-3 2.63709E-3 2.4698E-3 2.2899E-3
2.45724E-3 2.20798E-3 2.22054E-3 2.26556E-3 2.3657E-3 2.32503E-3 2.46787E-3 2.60842E-3 2.54018E-3 2.70133E-3 2.83928E-3 2.59752E-3 2.4875E-3 2.42552E-3 2.28341E-3 2.32373E-3 2.60009E-3 2.79957E-3 2.5987E-3 2.23369E-3 2.19359E-3 2.28734E-3 2.41569E-3 2.07936E-3 2.16097E-3 2.11997E-3 2.37712E-3 2.18287E-3 2.41646E-3 2.51801E-3 2.40698E-3 2.40366E-3 2.45553E-3 2.52413E-3 2.61257E-3 2.84067E-3 2.95869E-3 3.033E-3 2.71058E-3 2.27415E-3 3.01772E-3 3.26438E-3 3.01676E-3 2.67243E-3 2.70788E-3 2.48875E-3 2.20387E-3 2.84106E-3 2.32447E-3 2.41758E-3 2.19453E-3 2.44606E-3 2.18203E-3 2.89278E-3 2.54797E-3 2.1235E-3 2.23488E-3 2.19957E-3 2.27327E-3 2.09543E-3 2.02483E-3
2.47142E-3 2.37626E-3 2.31802E-3 2.36752E-3 2.39213E-3 2.54733E-3 2.68438E-3 2.46463E-3 2.264E-3 2.40346E-3 2.55418E-3 2.71947E-3 2.79141E-3 2.53239E-3 2.4806E-3 2.29742E-3 2.46576E-3 2.79851E-3 2.74875E-3 2.27891E-3 2.12275E-3 2.29137E-3 2.32134E-3 2.23018E-3 2.36586E-3 2.40772E-3 2.54614E-3 2.48634E-3 2.59927E-3 2.74425E-3 2.57576E-3 2.64863E-3 2.71834E-3 2.72978E-3 2.84619E-3 2.68406E-3 2.41712E-3 2.79481E-3 3.11205E-3 2.9088E-3 2.76084E-3 3.35313E-3 2.97605E-3 3.05406E-3 2.82685E-3 3.06695E-3 2.69234E-3 3.03751E-3 2.85841E-3 2.8805E-3 2.86171E-3 2.53856E-3 2.54798E-3 2.23942E-3 3.015E-3 2.56199E-3 2.68727E-3 2.70186E-3 2.49954E-3 2.27113E-3 2.23427E-3
2.21455E-3 2.29998E-3 2.34883E-3 2.52482E-3 2.5966E-3 2.56751E-3 2.3877E-3 2.27699E-3 2.28794E-3 2.28371E-3 2.34218E-3 2.454E-3 2.73868E-3 2.77946E-3 2.6115E-3 2.4375E-3 2.52075E-3 2.65579E-3 2.59863E-3 2.33952E-3 2.18532E-3 2.33352E-3 2.4006E-3 2.45012E-3 2.31619E-3 2.44199E-3 2.63102E-3 2.71428E-3 2.7495E-3 2.88419E-3 2.88462E-3 2.91662E-3 2.64562E-3 2.94648E-3 3.03501E-3 3.00727E-3 2.84068E-3 2.56363E-3 2.69498E-3 2.63468E-3 2.97788E-3 2.79778E-3 3.21284E-3 3.21073E-3 3.16125E-3 3.15694E-3 3.10593E-3 3.23624E-3 3.26564E-3 3.24302E-3 2.56486E-3 2.69526E-3 2.36271E-3 2.47109E-3 2.69845E-3 3.25098E-3 2.73539E-3 2.63555E-3 2.33658E-3 2.20611E-3 2.05607E-3
2.20506E-3 2.13267E-3 2.29022E-3 2.41765E-3 2.53534E-3 2.58731E-3 2.53986E-3 2.51125E-3 2.37008E-3 2.28402E-3 2.22665E-3 2.29014E-3 2.44401E-3 2.63174E-3 2.68881E-3 2.39131E-3 2.66143E-3 2.72642E-3 2.48923E-3 2.20997E-3 2.26562E-3 2.41902E-3 2.44308E-3 2.54519E-3 2.46444E-3 2.35679E-3 2.53958E-3 2.72016E-3 2.76084E-3 2.71798E-3 2.78533E-3 2.90835E-3 2.84197E-3 2.70682E-3 2.95803E-3 3.15504E-3 3.08082E-3 3.17057E-3 2.66893E-3 2.62577E-3 2.74477E-3 2.82701E-3 2.82729E-3 2.83424E-3 3.33545E-3 2.80087E-3 2.32654E-3 2.73253E-3 3.27106E-3 2.9798E-3 2.41878E-3 2.89142E-3 2.49143E-3 2.6473E-3 2.66473E-3 3.33185E-3 2.81469E-3 2.66357E-3 2.33648E-3 1.90467E-3 2.11362E-3
2.35343E-3 2.36692E-3 2.29935E-3 2.23669E-3 2.32459E-3 2.4017E-3 2.55856E-3 2.62265E-3 2.58796E-3 2.43712E-3 2.39759E-3 2.53314E-3 2.38327E-3 2.22407E-3 2.36699E-3 2.5156E-3 2.57226E-3 2.6451E-3 2.41827E-3 2.33195E-3 2.18598E-3 2.36379E-3 2.53203E-3 2.62398E-3 2.51044E-3 2.22308E-3 2.37483E-3 2.48931E-3 2.49747E-3 2.30636E-3 2.54278E-3 2.55418E-3 2.45841E-3 2.60018E-3 2.73369E-3 2.72305E-3 2.74293E-3 2.89766E-3 2.5859E-3 2.98622E-3 3.07826E-3 3.11167E-3 2.57817E-3 2.17151E-3 2.64158E-3 2.96604E-3 2.41523E-3 2.41216E-3 3.14454E-3 3.26091E-3 3.08432E-3 2.82847E-3 2.50279E-3 2.6021E-3 2.70649E-3 3.32004E-3 2.63982E-3 2.43514E-3 2.41525E-3 2.21146E-3 2.03136E-3
2.2145E-3 2.33642E-3 2.34591E-3 2.38946E-3 2.34297E-3 2.32844E-3 2.47477E-3 2.54685E-3 2.60375E-3 2.63706E-3 2.63706E-3 2.54206E-3 2.47067E-3 2.48269E-3 2.44921E-3 2.52354E-3 2.4627E-3 2.65207E-3 2.50832E-3 2.48741E-3 2.39732E-3 2.26382E-3 2.40705E-3 2.63674E-3 2.59874E-3 2.30507E-3 2.26784E-3 2.37378E-3 2.30382E-3 2.16201E-3 2.4164E-3 2.52348E-3 2.46037E-3 2.48793E-3 2.42989E-3 2.36193E-3 2.50494E-3 2.33894E-3 2.46645E-3 2.48831E-3 2.94136E-3 2.71607E-3 2.36144E-3 2.66891E-3 2.94706E-3 2.73757E-3 2.23598E-3 2.93961E-3 3.33029E-3 2.68707E-3 2.70313E-3 2.69953E-3 3.1169E-3 2.67986E-3 3.38796E-3 3.19265E-3 3.00947E-3 2.54198E-3 2.58235E-3 2.46751E-3 2.09159E-3
2.30424E-3 2.35401E-3 2.34887E-3 2.40451E-3 2.40775E-3 2.46505E-3 2.53971E-3 2.50187E-3 2.56519E-3 2.57972E-3 2.58573E-3 2.63051E-3 2.57257E-3 2.44124E-3 2.30551E-3 2.25219E-3 2.34873E-3 2.51104E-3 2.74292E-3 2.69516E-3 2.77034E-3 2.37402E-3 2.47322E-3 2.51878E-3 2.6717E-3 2.48673E-3 2.32492E-3 2.25515E-3 2.22308E-3 2.3497E-3 2.1164E-3 2.20438E-3 2.15814E-3 2.20741E-3 2.19513E-3 2.07403E-3 2.27229E-3 2.08062E-3 2.26058E-3 2.34622E-3 2.56258E-3 2.37945E-3 2.7021E-3 3.18513E-3 2.45546E-3 2.21344E-3 2.49518E-3 2.60852E-3 2.568E-3 3.12639E-3 2.984E-3 2.46534E-3 2.85931E-3 2.58782E-3 2.85684E-3 2.72615E-3 2.98181E-3 2.7058E-3 2.36291E-3 2.4279E-3 2.1731E-3
2.21605E-3 2.25746E-3 2.23546E-3 2.23278E-3 2.31635E-3 2.36358E-3 2.48324E-3 2.44372E-3 2.55281E-3 2.56389E-3 2.5653E-3 2.60521E-3 2.53365E-3 2.61051E-3 2.49044E-3 2.48851E-3 2.31692E-3 2.24834E-3 2.3899E-3 2.47375E-3 2.73611E-3 2.72408E-3 2.56429E-3 2.63055E-3 2.62332E-3 2.49786E-3 2.56539E-3 2.46606E-3 2.52638E-3 2.47014E-3 2.3352E-3 2.2333E-3 2.31906E-3 2.27329E-3 2.22801E-3 2.0586E-3 2.04732E-3 2.03231E-3 2.0186E-3 2.22977E-3 2.56565E-3 2.35676E-3 2.11098E-3 2.60149E-3 2.94755E-3 2.16182E-3 2.11325E-3 2.57075E-3 2.60187E-3 2.61561E-3 2.94829E-3 3.22778E-3 3.29784E-3 3.20845E-3 3.08389E-3 2.58955E-3 2.32071E-3 2.2879E-3 2.80078E-3 2.52253E-3 2.34645E-3
2.15343E-3 2.08991E-3 2.09026E-3 2.01574E-3 2.30056E-3 2.41075E-3 2.49681E-3 2.50038E-3 2.54608E-3 2.55944E-3 2.57982E-3 2.59723E-3 2.57293E-3 2.57293E-3 2.40358E-3 2.56396E-3 2.61598E-3 2.57436E-3 2.54018E-3 2.35826E-3 2.57627E-3 2.70798E-3 2.64302E-3 2.48114E-3 2.38875E-3 2.43655E-3 2.36561E-3 2.50192E-3 2.67188E-3 2.64888E-3 2.65379E-3 2.60301E-3 2.57357E-3 2.34002E-3 2.2436E-3 2.08178E-3 2.10611E-3 2.06397E-3 2.13038E-3 2.28838E-3 2.57247E-3 2.55357E-3 2.31967E-3 2.32769E-3 2.99327E-3 2.17726E-3 2.12289E-3 2.2669E-3 2.38113E-3 2.34888E-3 2.56902E-3 3.23417E-3 3.42874E-3 3.38219E-3 3.4556E-3 3.32517E-3 2.82657E-3 2.65125E-3 2.53757E-3 2.93003E-3 2.98594E-3
2.08932E-3 1.99646E-3 1.86043E-3 2.03766E-3 2.27147E-3 2.37423E-3 2.48967E-3 2.46503E-3 2.49251E-3 2.46528E-3 2.50988E-3 2.50936E-3 2.57028E-3 2.51937E-3 2.422E-3 2.4723E-3 2.61229E-3 2.57915E-3 2.63944E-3 2.69112E-3 2.69193E-3 2.68951E-3 2.62786E-3 2.53233E-3 2.49656E-3 2.54289E-3 2.50348E-3 2.68985E-3 2.64122E-3 2.69561E-3 2.61933E-3 2.59026E-3 2.50128E-3 2.32242E-3 2.17568E-3 2.17714E-3 2.30042E-3 2.39406E-3 2.23429E-3 2.04757E-3 2.09822E-3 2.02167E-3 2.51091E-3 3.03593E-3 2.94943E-3 2.5846E-3 2.7647E-3 3.0205E-3 2.87621E-3 3.15259E-3 3.2494E-3 2.8961E-3 2.67541E-3 2.44212E-3 2.78663E-3 3.68499E-3 3.86198E-3 3.79142E-3 3.49706E-3 3.29211E-3 3.17961E-3
1.97781E-3 1.92463E-3 1.84442E-3 2.07259E-3 2.2705E-3 2.36656E-3 2.42031E-3 2.41989E-3 2.38862E-3 2.37364E-3 2.3991E-3 2.39847E-3 2.39135E-3 2.44413E-3 2.50485E-3 2.47026E-3 2.56848E-3 2.45276E-3 2.46682E-3 2.63044E-3 2.63044E-3 2.6359E-3 2.52968E-3 2.57846E-3 2.54394E-3 2.5805E-3 2.57512E-3 2.62726E-3 2.60129E-3 2.62026E-3 2.59534E-3 2.61205E-3 2.61918E-3 2.52503E-3 2.36456E-3 2.32904E-3 2.27713E-3 2.44576E-3 2.52721E-3 2.40758E-3 2.46876E-3 2.40976E-3 2.77762E-3 2.79195E-3 2.27871E-3 2.28356E-3 2.30579E-3 2.40802E-3 2.50473E-3 2.49538E-3 3.46016E-3 2.92331E-3 2.40734E-3 2.24182E-3 2.93336E-3 2.64883E-3 2.94238E-3 3.19081E-3 3.22574E-3 3.83632E-3 3.6367E-3
1.74342E-3 1.72987E-3 1.944E-3 2.16681E-3 2.29741E-3 2.34214E-3 2.39462E-3 2.26757E-3 2.17194E-3 2.20191E-3 2.20184E-3 2.27249E-3 2.27064E-3 2.31461E-3 2.49091E-3 2.46842E-3 2.4603E-3 2.5273E-3 2.38066E-3 2.40145E-3 2.43123E-3 2.57387E-3 2.62846E-3 2.6366E-3 2.53679E-3 2.60313E-3 2.60651E-3 2.61358E-3 2.51405E-3 2.42048E-3 2.28209E-3 2.45181E-3 2.45778E-3 2.56012E-3 2.51688E-3 2.44128E-3 2.56709E-3 2.69546E-3 2.64216E-3 2.73542E-3 2.46593E-3 2.36833E-3 2.15248E-3 2.4402E-3 2.2315E-3 2.0526E-3 2.07329E-3 2.07284E-3 2.25162E-3 2.53491E-3 2.92903E-3 3.10716E-3 2.45332E-3 2.44703E-3 2.49067E-3 2.48263E-3 2.45667E-3 2.34342E-3 2.44508E-3 3.08374E-3 3.09971E-3
1.87523E-3 1.92472E-3 2.01408E-3 2.06568E-3 2.20226E-3 2.2898E-3 2.22029E-3 2.01679E-3 1.9644E-3 1.99424E-3 2.07025E-3 2.22387E-3 2.31237E-3 2.42389E-3 2.31802E-3 2.33301E-3 2.30905E-3 2.42637E-3 2.42838E-3 2.49209E-3 2.45851E-3 2.61309E-3 2.58458E-3 2.49658E-3 2.4854E-3 2.56322E-3 2.56322E-3 2.53321E-3 2.54309E-3 2.52558E-3 2.45813E-3 2.4293E-3 2.33292E-3 2.39808E-3 2.50422E-3 2.31896E-3 2.37604E-3 2.40997E-3 2.3621E-3 2.28944E-3 2.34645E-3 2.27024E-3 2.22337E-3 2.19669E-3 2.33705E-3 2.08369E-3 2.12432E-3 2.19732E-3 2.34372E-3 2.18213E-3 2.4726E-3 3.02211E-3 3.19787E-3 3.06623E-3 2.8632E-3 2.84457E-3 2.55731E-3 2.482E-3 2.3562E-3 2.20624E-3 2.33487E-3
1.87665E-3 1.76102E-3 1.74939E-3 1.86641E-3 1.89646E-3 2.22407E-3 2.04096E-3 1.83796E-3 1.80921E-3 1.79654E-3 1.93055E-3 2.2855E-3 2.44242E-3 2.23897E-3 2.09099E-3 2.23696E-3 2.35613E-3 2.43203E-3 2.39685E-3 2.50834E-3 2.51041E-3 2.49254E-3 2.40265E-3 2.3731E-3 2.42989E-3 2.52376E-3 2.49767E-3 2.45783E-3 2.56261E-3 2.41189E-3 2.42537E-3 2.36369E-3 2.42145E-3 2.33075E-3 2.37092E-3 2.3467E-3 2.19924E-3 2.20028E-3 2.18704E-3 2.07263E-3 2.18734E-3 2.14509E-3 2.2839E-3 2.25063E-3 2.58351E-3 2.71657E-3 2.34819E-3 2.23146E-3 2.19184E-3 2.37646E-3 2.41067E-3 2.76432E-3 3.22703E-3 3.32352E-3 3.41581E-3 2.75134E-3 3.07494E-3 2.93901E-3 2.60807E-3 2.44531E-3 2.47957E-3
1.79721E-3 1.83047E-3 1.81473E-3 1.97159E-3 1.97172E-3 1.98836E-3 1.83524E-3 1.85242E-3 1.82425E-3 1.92629E-3 2.14458E-3 2.35711E-3 2.31036E-3 1.98569E-3 2.09547E-3 2.15908E-3 2.33341E-3 2.45484E-3 2.48118E-3 2.45718E-3 2.39221E-3 2.42699E-3 2.32091E-3 2.22964E-3 2.32082E-3 2.37402E-3 2.51394E-3 2.37289E-3 2.50997E-3 2.24635E-3 2.27075E-3 2.36201E-3 2.4399E-3 2.23619E-3 2.24286E-3 2.31862E-3 2.3839E-3 2.2347E-3 2.26027E-3 2.28538E-3 2.20833E-3 2.13268E-3 2.42588E-3 2.68888E-3 2.32896E-3 2.38947E-3 2.90716E-3 2.40783E-3 2.37368E-3 2.62445E-3 2.65477E-3 3.04307E-3 3.29059E-3 3.29176E-3 3.38236E-3 3.48777E-3 2.77118E-3 2.91933E-3 3.0938E-3 2.75669E-3 2.56408E-3
