Artocarpus heterophyllus SDM files/Last interglacial/results (with bias file)/Arthet_0.asc
ncols         625
nrows         721
xllcorner     69.99986311115
yllcorner     5.99986151914999
cellsize      0.041666667
NODATA_value  -9999
[rows 54 to 80 of 721, columns 488 to 548 of 625]
1.65666E-2 1.56456E-2 1.48731E-2 1.67305E-2 1.73042E-2 1.69108E-2 1.78644E-2 1.80236E-2 1.81848E-2 1.7374E-2 1.70631E-2 1.7582E-2 1.88693E-2 1.94258E-2 1.95114E-2 1.93747E-2 1.9683E-2 1.88076E-2 1.85123E-2 1.82212E-2 1.9071E-2 1.88077E-2 1.82604E-2 1.63357E-2 1.59294E-2 1.60378E-2 1.64077E-2 1.76589E-2 1.91149E-2 2.08255E-2 2.12813E-2 2.16166E-2 2.23017E-2 2.26517E-2 2.31674E-2 2.33003E-2 2.35687E-2 2.31398E-2 2.34251E-2 2.43292E-2 2.45381E-2 2.3834E-2 2.39968E-2 2.54069E-2 2.5594E-2 2.617E-2 2.65227E-2 2.67382E-2 2.5842E-2 2.73205E-2 2.70349E-2 2.69101E-2 2.65423E-2 2.46628E-2 2.33787E-2 2.53723E-2 2.7121E-2 2.803E-2 2.78949E-2 2.59888E-2 2.62239E-2
1.60121E-2 1.49075E-2 1.66515E-2 1.73165E-2 1.747E-2 1.87527E-2 1.96664E-2 1.90353E-2 1.8105E-2 1.56423E-2 1.66115E-2 1.81202E-2 1.96157E-2 1.95095E-2 1.90698E-2 1.907E-2 1.92902E-2 1.84325E-2 1.85598E-2 1.82677E-2 1.83479E-2 1.87715E-2 1.80964E-2 1.85123E-2 1.85123E-2 1.88892E-2 1.90574E-2 1.94948E-2 2.0259E-2 2.13849E-2 2.25202E-2 2.2874E-2 2.18054E-2 2.099E-2 2.2874E-2 2.33668E-2 2.23418E-2 2.28483E-2 2.37321E-2 2.41026E-2 2.32488E-2 2.3265E-2 2.54821E-2 2.62782E-2 2.66717E-2 2.70925E-2 2.70574E-2 2.56669E-2 2.52757E-2 2.66046E-2 2.74004E-2 2.68077E-2 2.7309E-2 2.61323E-2 2.47962E-2 2.48161E-2 2.7121E-2 2.81027E-2 2.85697E-2 2.70321E-2 2.65713E-2
1.93513E-2 1.71119E-2 1.53958E-2 1.67708E-2 1.859E-2 1.9808E-2 1.90842E-2 1.75377E-2 1.63396E-2 1.53963E-2 1.74414E-2 2.01238E-2 2.01539E-2 1.98717E-2 1.89872E-2 1.89021E-2 1.86411E-2 1.80592E-2 1.77746E-2 1.76962E-2 1.75378E-2 1.7741E-2 1.84765E-2 1.89525E-2 1.92054E-2 1.98218E-2 2.01367E-2 2.06351E-2 2.11094E-2 2.09052E-2 2.12353E-2 2.16762E-2 2.0863E-2 2.20176E-2 2.37629E-2 2.36361E-2 2.1091E-2 2.18054E-2 2.30067E-2 2.33668E-2 2.32059E-2 2.59985E-2 2.60579E-2 2.58774E-2 2.62782E-2 2.68707E-2 2.70311E-2 2.63204E-2 2.63204E-2 2.65012E-2 2.52757E-2 2.55239E-2 2.70152E-2 2.68275E-2 2.67717E-2 2.54251E-2 2.53788E-2 2.77801E-2 2.70882E-2 2.71542E-2 2.66131E-2
2.01213E-2 1.76665E-2 1.61622E-2 1.57303E-2 1.84312E-2 2.01005E-2 1.96981E-2 1.72604E-2 1.65669E-2 1.73469E-2 1.91901E-2 2.01238E-2 2.01539E-2 1.95602E-2 1.85227E-2 1.89506E-2 1.83948E-2 1.74941E-2 1.73375E-2 1.58233E-2 1.64197E-2 1.70745E-2 1.81992E-2 1.83604E-2 1.86543E-2 1.89039E-2 1.95114E-2 1.89384E-2 2.01367E-2 2.11094E-2 2.16294E-2 2.18179E-2 2.25827E-2 2.33963E-2 2.35969E-2 2.32718E-2 2.22524E-2 2.15687E-2 2.10475E-2 2.12813E-2 2.35301E-2 2.5033E-2 2.39367E-2 2.54223E-2 2.65401E-2 2.73678E-2 2.71784E-2 2.65012E-2 2.53509E-2 2.49637E-2 2.47957E-2 2.43705E-2 2.5134E-2 2.5134E-2 2.61998E-2 2.63378E-2 2.45097E-2 2.31773E-2 2.53372E-2 2.81027E-2 2.81518E-2
2.09006E-2 1.89568E-2 1.73867E-2 1.69246E-2 1.77247E-2 1.97828E-2 2.01269E-2 1.9749E-2 1.88186E-2 1.86995E-2 1.84878E-2 1.89175E-2 1.8784E-2 1.68341E-2 1.71933E-2 1.83258E-2 1.63038E-2 1.42017E-2 1.65341E-2 1.43329E-2 1.40721E-2 1.56186E-2 1.86232E-2 1.92551E-2 1.91203E-2 1.92902E-2 1.92902E-2 2.0836E-2 2.15011E-2 2.19362E-2 2.24735E-2 2.2827E-2 2.31855E-2 2.30235E-2 2.27786E-2 2.13795E-2 2.10474E-2 2.04525E-2 2.06808E-2 2.21715E-2 2.23639E-2 2.43406E-2 2.34745E-2 2.41719E-2 2.46493E-2 2.54223E-2 2.59539E-2 2.53813E-2 2.53813E-2 2.53813E-2 2.5208E-2 2.49198E-2 2.49637E-2 2.29515E-2 2.36283E-2 2.54821E-2 2.66847E-2 2.36736E-2 2.4778E-2 2.77306E-2 2.61707E-2
2.14417E-2 2.01588E-2 1.77889E-2 1.73194E-2 1.82987E-2 1.96402E-2 2.06076E-2 2.01162E-2 1.92598E-2 1.88666E-2 1.81504E-2 1.74235E-2 1.52185E-2 1.31218E-2 1.44363E-2 1.76385E-2 1.40052E-2 1.38456E-2 1.52891E-2 1.20953E-2 1.21515E-2 1.47441E-2 1.93574E-2 2.03864E-2 2.03332E-2 2.05106E-2 1.97346E-2 2.06562E-2 2.16537E-2 2.19959E-2 2.26952E-2 2.25355E-2 2.19704E-2 1.98957E-2 1.97199E-2 1.94114E-2 1.96433E-2 1.91647E-2 2.08255E-2 2.29378E-2 2.39661E-2 2.47205E-2 2.26017E-2 2.20579E-2 2.39661E-2 2.36361E-2 2.32718E-2 2.35687E-2 2.33315E-2 2.313E-2 2.53414E-2 2.67266E-2 2.67081E-2 2.41123E-2 2.30171E-2 2.31072E-2 2.58774E-2 2.78696E-2 2.9006E-2 2.96132E-2 2.35154E-2
2.2011E-2 2.17177E-2 1.97539E-2 2.00353E-2 2.00353E-2 2.09765E-2 2.13581E-2 2.08358E-2 1.89568E-2 1.77894E-2 1.7352E-2 1.58614E-2 1.26424E-2 1.15092E-2 1.36246E-2 1.79225E-2 1.38106E-2 1.32146E-2 1.36827E-2 1.0604E-2 1.2946E-2 1.50926E-2 1.88879E-2 1.92199E-2 1.86195E-2 1.95267E-2 2.00669E-2 1.95622E-2 1.91202E-2 1.92551E-2 1.95622E-2 2.06562E-2 2.02256E-2 1.91571E-2 1.70237E-2 1.76608E-2 1.98218E-2 2.16294E-2 2.09617E-2 2.47559E-2 2.26217E-2 2.32329E-2 2.37999E-2 2.20579E-2 2.34332E-2 2.31128E-2 2.19082E-2 2.05794E-2 2.20176E-2 2.44321E-2 2.55937E-2 2.53414E-2 2.71404E-2 2.59965E-2 2.54259E-2 2.41123E-2 2.46095E-2 2.69511E-2 2.72858E-2 2.87667E-2 2.98305E-2
2.24251E-2 2.22348E-2 2.10075E-2 2.16307E-2 2.16483E-2 2.18953E-2 2.14692E-2 2.03889E-2 1.93089E-2 1.77104E-2 1.61625E-2 1.52948E-2 1.12462E-2 1.12948E-2 1.45138E-2 1.7513E-2 1.294E-2 1.26114E-2 1.02784E-2 1.10312E-2 1.31873E-2 1.70556E-2 1.71934E-2 1.57566E-2 1.46688E-2 1.62414E-2 1.89175E-2 1.77046E-2 1.70288E-2 1.66079E-2 1.80848E-2 1.93919E-2 1.89874E-2 1.76962E-2 1.69872E-2 1.85236E-2 2.00148E-2 2.15011E-2 2.43613E-2 2.26217E-2 2.01333E-2 2.15473E-2 2.3462E-2 2.40342E-2 2.44102E-2 2.3178E-2 2.10073E-2 1.83065E-2 1.98658E-2 2.11548E-2 2.37629E-2 2.5992E-2 2.76424E-2 2.74497E-2 2.64776E-2 2.44878E-2 2.44414E-2 2.53813E-2 2.49927E-2 2.63563E-2 2.88547E-2
2.2483E-2 2.22995E-2 2.08585E-2 1.941E-2 2.03235E-2 2.14645E-2 2.16483E-2 2.02108E-2 1.94441E-2 1.84108E-2 1.60883E-2 1.33419E-2 1.20951E-2 1.224E-2 1.55993E-2 1.70021E-2 1.5937E-2 1.25502E-2 1.09814E-2 1.14826E-2 1.20636E-2 1.4177E-2 1.73586E-2 1.68416E-2 1.63098E-2 1.7513E-2 1.84048E-2 1.56797E-2 1.44659E-2 1.36834E-2 1.64292E-2 1.79563E-2 1.79891E-2 1.84066E-2 1.96128E-2 1.91203E-2 2.0836E-2 2.32171E-2 2.34503E-2 2.04464E-2 2.10563E-2 2.05935E-2 2.30014E-2 2.25827E-2 2.3298E-2 2.34994E-2 2.06807E-2 1.60512E-2 1.57203E-2 1.96929E-2 2.39988E-2 2.48943E-2 2.68056E-2 2.64343E-2 2.58512E-2 2.52817E-2 2.50653E-2 2.61349E-2 2.68441E-2 2.72596E-2 2.88547E-2
2.20034E-2 2.20495E-2 2.27537E-2 2.17367E-2 2.04064E-2 2.18048E-2 2.15499E-2 2.04414E-2 1.91382E-2 1.78331E-2 1.58318E-2 1.43704E-2 1.25855E-2 1.42814E-2 1.59946E-2 1.51583E-2 1.5052E-2 1.1623E-2 1.08534E-2 1.1891E-2 1.34328E-2 1.53735E-2 1.73894E-2 1.41342E-2 1.38761E-2 1.79224E-2 1.72675E-2 1.43991E-2 1.32445E-2 1.43021E-2 1.62414E-2 1.73469E-2 1.91358E-2 2.03864E-2 2.13733E-2 2.24038E-2 2.20905E-2 2.10742E-2 2.42233E-2 2.45696E-2 2.26139E-2 2.19184E-2 2.17269E-2 2.19861E-2 2.16445E-2 2.28418E-2 2.16875E-2 1.85218E-2 1.63811E-2 2.03772E-2 2.47559E-2 2.67454E-2 2.69696E-2 2.4974E-2 2.433E-2 2.13514E-2 2.28371E-2 2.55937E-2 2.82681E-2 2.98061E-2 2.98397E-2
2.25126E-2 2.26757E-2 2.34469E-2 2.1892E-2 2.20495E-2 2.20489E-2 2.1397E-2 2.09132E-2 1.98047E-2 1.84563E-2 1.6728E-2 1.5581E-2 1.44717E-2 1.57387E-2 1.63996E-2 1.59098E-2 1.33419E-2 1.41077E-2 1.33421E-2 1.30282E-2 1.54083E-2 1.64358E-2 1.71238E-2 1.63096E-2 1.61638E-2 1.63096E-2 1.61953E-2 1.4735E-2 1.49418E-2 1.66916E-2 1.73894E-2 1.65737E-2 1.92689E-2 1.95808E-2 2.15831E-2 2.12227E-2 1.9786E-2 2.29199E-2 2.63639E-2 2.59933E-2 2.48512E-2 2.30332E-2 2.2325E-2 2.20694E-2 2.13892E-2 2.17947E-2 2.24877E-2 2.18358E-2 2.19862E-2 2.383E-2 2.54282E-2 2.57504E-2 2.71604E-2 2.61895E-2 2.4495E-2 2.50466E-2 2.3239E-2 2.43014E-2 2.73015E-2 2.95956E-2 2.70723E-2
2.25721E-2 2.23217E-2 2.32023E-2 2.26757E-2 2.2399E-2 2.13964E-2 2.15499E-2 2.10616E-2 2.05855E-2 1.88837E-2 1.68856E-2 1.64679E-2 1.68541E-2 1.74035E-2 1.73616E-2 1.65783E-2 1.66954E-2 1.7239E-2 1.62007E-2 1.34667E-2 1.26752E-2 1.47527E-2 1.50523E-2 1.36819E-2 1.58002E-2 1.64645E-2 1.63096E-2 1.67635E-2 1.71546E-2 1.56826E-2 1.7513E-2 1.94067E-2 1.94387E-2 2.02063E-2 2.16164E-2 2.06553E-2 2.24644E-2 2.61455E-2 2.63639E-2 2.44685E-2 2.24787E-2 2.26347E-2 2.15959E-2 2.09278E-2 2.0601E-2 2.19E-2 2.31632E-2 2.38968E-2 2.38968E-2 2.42715E-2 2.43097E-2 2.35653E-2 2.58248E-2 2.64493E-2 2.3178E-2 2.61511E-2 2.57887E-2 2.66969E-2 2.77246E-2 2.96855E-2 2.69675E-2
2.30955E-2 2.22198E-2 2.28405E-2 2.26751E-2 2.30961E-2 2.23223E-2 2.20495E-2 2.15499E-2 2.10616E-2 1.99443E-2 1.82912E-2 1.82587E-2 1.95984E-2 1.91524E-2 1.82587E-2 1.83894E-2 1.72807E-2 1.62055E-2 1.47399E-2 1.35896E-2 1.27919E-2 1.5599E-2 1.7057E-2 1.70019E-2 1.75554E-2 1.68818E-2 1.75554E-2 1.74315E-2 1.8417E-2 1.75884E-2 1.75884E-2 1.71133E-2 1.91011E-2 2.11856E-2 2.11856E-2 2.03833E-2 2.52076E-2 2.66294E-2 2.56672E-2 2.00535E-2 2.00133E-2 1.86173E-2 2.24038E-2 2.0601E-2 2.05647E-2 2.29199E-2 2.36811E-2 2.22835E-2 2.27069E-2 2.38968E-2 2.28418E-2 2.3363E-2 2.46516E-2 2.64493E-2 2.49032E-2 2.52917E-2 2.38147E-2 2.37032E-2 2.50757E-2 2.73015E-2 2.85886E-2
2.23808E-2 2.25442E-2 2.29021E-2 2.23815E-2 2.16866E-2 2.30703E-2 2.27362E-2 2.25721E-2 2.19039E-2 2.17933E-2 2.06387E-2 2.00864E-2 1.87172E-2 1.64673E-2 1.58027E-2 1.53007E-2 1.54104E-2 1.63208E-2 1.47403E-2 1.27303E-2 1.19786E-2 1.34087E-2 1.64103E-2 1.88197E-2 1.87124E-2 1.84166E-2 1.8417E-2 1.96265E-2 1.97995E-2 2.01155E-2 1.99747E-2 1.83223E-2 1.90131E-2 1.99401E-2 1.94881E-2 2.03508E-2 2.45358E-2 2.63266E-2 2.28955E-2 1.73828E-2 1.67991E-2 1.69168E-2 2.02627E-2 2.04742E-2 2.12458E-2 2.33448E-2 2.29533E-2 2.20905E-2 2.19372E-2 2.11777E-2 2.39634E-2 2.60823E-2 2.73198E-2 2.64493E-2 2.58637E-2 2.56858E-2 2.41873E-2 2.49032E-2 2.54669E-2 2.49032E-2 2.68602E-2
2.0711E-2 1.98916E-2 2.05057E-2 2.13212E-2 2.23551E-2 2.30703E-2 2.32646E-2 2.27356E-2 2.20611E-2 2.15616E-2 1.97823E-2 1.87625E-2 1.83889E-2 1.70453E-2 1.75702E-2 1.71268E-2 1.68541E-2 1.75281E-2 1.5581E-2 1.49487E-2 1.44717E-2 1.66767E-2 1.85219E-2 1.74035E-2 1.85219E-2 2.02786E-2 2.09311E-2 2.14486E-2 2.11464E-2 2.0489E-2 2.05812E-2 2.10916E-2 1.95243E-2 1.86162E-2 1.75884E-2 1.94559E-2 2.53823E-2 2.62135E-2 2.35797E-2 1.92568E-2 1.87012E-2 1.7908E-2 1.67991E-2 1.84526E-2 2.15831E-2 2.26248E-2 2.18053E-2 2.23062E-2 1.94293E-2 2.24038E-2 2.62682E-2 2.6565E-2 2.55008E-2 2.63028E-2 2.71279E-2 2.63424E-2 2.4256E-2 2.377E-2 2.61193E-2 2.90532E-2 2.79336E-2
1.85303E-2 1.73543E-2 1.89147E-2 2.11419E-2 2.25205E-2 2.27104E-2 2.30703E-2 2.29021E-2 2.22198E-2 2.12242E-2 2.0241E-2 1.9438E-2 2.01056E-2 1.96472E-2 1.83023E-2 1.80126E-2 1.85668E-2 1.83029E-2 1.71263E-2 1.76844E-2 1.62051E-2 1.73739E-2 1.64378E-2 1.83609E-2 2.02008E-2 2.08509E-2 2.12127E-2 2.12127E-2 2.11464E-2 2.09628E-2 2.09628E-2 2.3007E-2 2.16714E-2 2.02042E-2 1.96609E-2 2.05812E-2 2.53823E-2 2.59954E-2 2.26965E-2 1.87839E-2 1.72254E-2 1.55017E-2 1.65372E-2 1.96804E-2 1.89156E-2 1.94912E-2 2.24644E-2 2.19965E-2 1.83602E-2 2.29822E-2 2.48481E-2 2.44985E-2 2.44074E-2 2.5286E-2 2.63028E-2 2.554E-2 2.554E-2 2.65261E-2 2.75492E-2 2.97119E-2 2.84501E-2
1.83682E-2 1.89831E-2 2.03308E-2 2.14783E-2 2.11648E-2 2.16608E-2 2.23551E-2 2.29015E-2 2.18727E-2 2.03858E-2 1.98923E-2 2.06822E-2 2.06822E-2 2.08609E-2 1.93E-2 1.94765E-2 2.01056E-2 1.93701E-2 1.77266E-2 1.87306E-2 1.55851E-2 1.78249E-2 1.71671E-2 1.84055E-2 2.07261E-2 2.19195E-2 2.18924E-2 2.07322E-2 1.99448E-2 2.12646E-2 2.26485E-2 2.33708E-2 2.35703E-2 2.217E-2 2.26807E-2 2.44939E-2 2.52699E-2 2.50203E-2 2.23439E-2 1.98761E-2 1.66837E-2 1.50094E-2 1.59428E-2 1.86299E-2 1.75093E-2 2.03146E-2 2.28809E-2 2.1169E-2 2.00133E-2 2.16164E-2 2.29822E-2 2.35445E-2 2.32155E-2 2.4966E-2 2.69791E-2 2.66027E-2 2.5834E-2 2.61193E-2 2.78251E-2 2.98006E-2 2.88493E-2
2.25786E-2 2.27688E-2 2.24128E-2 2.34965E-2 2.34973E-2 2.33252E-2 2.32632E-2 2.29898E-2 2.21175E-2 2.17725E-2 2.11933E-2 2.13469E-2 2.20889E-2 2.17732E-2 2.07117E-2 2.05333E-2 2.03865E-2 1.95077E-2 1.83029E-2 1.99323E-2 1.93372E-2 1.84339E-2 2.05753E-2 2.12373E-2 2.22672E-2 2.21076E-2 2.24584E-2 2.21399E-2 2.13018E-2 2.16063E-2 2.26515E-2 2.26515E-2 2.32039E-2 2.41797E-2 2.41141E-2 2.3942E-2 2.34028E-2 2.3942E-2 2.36051E-2 1.99271E-2 1.78292E-2 1.71114E-2 1.79153E-2 1.76311E-2 1.90967E-2 2.24926E-2 2.28809E-2 2.17114E-2 1.97899E-2 1.98878E-2 2.30442E-2 2.36088E-2 2.20555E-2 2.40857E-2 2.73485E-2 2.72067E-2 2.66027E-2 2.64185E-2 2.66027E-2 2.76297E-2 2.78631E-2
2.34755E-2 2.40456E-2 2.44256E-2 2.48111E-2 2.4629E-2 2.40696E-2 2.35228E-2 2.35228E-2 2.31563E-2 2.29007E-2 2.31563E-2 2.27951E-2 2.18719E-2 2.12785E-2 2.09144E-2 2.05857E-2 2.05857E-2 2.05857E-2 1.91794E-2 1.97887E-2 2.15756E-2 2.04271E-2 2.20789E-2 2.2979E-2 2.28138E-2 2.31749E-2 2.33732E-2 2.24902E-2 2.30101E-2 2.30101E-2 2.32082E-2 2.26861E-2 2.3634E-2 2.26803E-2 2.15388E-2 2.16349E-2 2.16349E-2 2.03099E-2 2.33708E-2 2.23636E-2 2.10381E-2 1.91325E-2 2.05263E-2 1.97497E-2 1.85339E-2 2.03103E-2 2.18847E-2 2.09082E-2 2.02052E-2 1.98878E-2 2.02052E-2 2.21733E-2 2.4358E-2 2.6515E-2 2.73485E-2 2.52086E-2 2.26016E-2 2.54284E-2 2.69791E-2 2.82571E-2 2.80587E-2
2.49948E-2 2.48102E-2 2.33252E-2 2.52012E-2 2.35228E-2 2.31563E-2 2.24381E-2 2.09128E-2 2.15575E-2 2.34965E-2 2.2439E-2 2.20881E-2 2.17422E-2 2.12473E-2 2.05849E-2 2.10653E-2 2.17422E-2 2.20889E-2 2.15865E-2 2.1248E-2 2.28456E-2 2.21648E-2 2.35757E-2 2.41511E-2 2.3913E-2 2.3913E-2 2.44658E-2 2.429E-2 2.37423E-2 2.44965E-2 2.34081E-2 2.18296E-2 2.1453E-2 2.11169E-2 1.95431E-2 1.77981E-2 1.98166E-2 2.05073E-2 2.20367E-2 2.21941E-2 2.26807E-2 2.12396E-2 2.08526E-2 2.05263E-2 1.91325E-2 1.72304E-2 1.93661E-2 1.86269E-2 2.13565E-2 2.17306E-2 2.19212E-2 2.40464E-2 2.61805E-2 2.65149E-2 2.55603E-2 2.14142E-2 1.94792E-2 2.32422E-2 2.58267E-2 2.79058E-2 2.6679E-2
2.55257E-2 2.60002E-2 2.60002E-2 2.64084E-2 2.64084E-2 2.58096E-2 2.52251E-2 2.33515E-2 2.42455E-2 2.5411E-2 2.37228E-2 2.15848E-2 2.15857E-2 2.20881E-2 2.2439E-2 2.17422E-2 2.12473E-2 2.14013E-2 2.2439E-2 2.2439E-2 2.34042E-2 2.43272E-2 2.45323E-2 2.4919E-2 2.429E-2 2.474E-2 2.52418E-2 2.57092E-2 2.50605E-2 2.32445E-2 2.18289E-2 2.06387E-2 2.2298E-2 2.16398E-2 1.83369E-2 1.74781E-2 1.85073E-2 2.13196E-2 2.1017E-2 2.25459E-2 2.17281E-2 2.18811E-2 2.09069E-2 1.96233E-2 1.83674E-2 1.77904E-2 1.69561E-2 1.79153E-2 2.12049E-2 2.33048E-2 2.44251E-2 2.55942E-2 2.59952E-2 2.48468E-2 2.25074E-2 2.08047E-2 2.15221E-2 2.38772E-2 2.63274E-2 2.6269E-2 2.4346E-2
2.6947E-2 2.67468E-2 2.65495E-2 2.56217E-2 2.41974E-2 2.60717E-2 2.76502E-2 2.72424E-2 2.72424E-2 2.62398E-2 2.44762E-2 2.28235E-2 2.20881E-2 2.4629E-2 2.42464E-2 2.40688E-2 2.37228E-2 2.26311E-2 2.27908E-2 2.42455E-2 2.52251E-2 2.50426E-2 2.50426E-2 2.51286E-2 2.53104E-2 2.57092E-2 2.474E-2 2.63037E-2 2.59254E-2 2.18807E-2 2.18496E-2 2.21976E-2 2.32698E-2 2.02238E-2 1.99951E-2 1.99951E-2 2.04588E-2 2.06864E-2 2.29032E-2 2.20363E-2 2.15388E-2 2.16916E-2 2.10531E-2 1.99372E-2 2.00767E-2 2.12014E-2 2.13881E-2 2.22284E-2 2.3837E-2 2.44248E-2 2.53787E-2 2.56655E-2 2.39166E-2 2.30204E-2 2.1471E-2 2.06198E-2 2.31407E-2 2.55942E-2 2.42931E-2 2.56324E-2 2.37522E-2
2.8524E-2 2.82308E-2 2.6163E-2 2.40871E-2 2.27263E-2 2.48091E-2 2.80824E-2 2.89654E-2 2.81003E-2 2.54353E-2 2.31553E-2 2.30209E-2 2.26018E-2 2.36703E-2 2.60002E-2 2.64093E-2 2.56217E-2 2.37865E-2 2.3077E-2 2.54796E-2 2.56225E-2 2.56217E-2 2.54363E-2 2.58358E-2 2.6112E-2 2.71328E-2 2.53351E-2 2.61129E-2 2.67443E-2 2.45993E-2 2.47735E-2 2.38419E-2 2.31061E-2 2.13567E-2 2.11701E-2 2.23562E-2 2.3436E-2 2.23911E-2 2.02238E-2 1.85775E-2 1.97254E-2 2.12215E-2 2.09224E-2 2.15388E-2 2.10531E-2 2.03974E-2 2.21937E-2 2.40067E-2 2.36688E-2 2.27408E-2 2.54486E-2 2.30407E-2 2.47023E-2 2.22157E-2 2.10025E-2 2.19212E-2 2.40836E-2 2.4253E-2 2.318E-2 2.10935E-2 2.29793E-2
2.8968E-2 2.92009E-2 2.76879E-2 2.44673E-2 2.37124E-2 2.28932E-2 2.70221E-2 2.85208E-2 2.88324E-2 2.81799E-2 2.54353E-2 2.55052E-2 2.5293E-2 2.42708E-2 2.50833E-2 2.55979E-2 2.73186E-2 2.79736E-2 2.56492E-2 2.59073E-2 2.58792E-2 2.67196E-2 2.62409E-2 2.61085E-2 2.68459E-2 2.7759E-2 2.79873E-2 2.71616E-2 2.73579E-2 2.59582E-2 2.49853E-2 2.34539E-2 2.27256E-2 2.2903E-2 2.41822E-2 2.41822E-2 2.55246E-2 2.45993E-2 1.94396E-2 1.8796E-2 1.93108E-2 2.31291E-2 2.42782E-2 2.26802E-2 1.84511E-2 1.96352E-2 2.1748E-2 2.40715E-2 1.90091E-2 1.92772E-2 2.31008E-2 2.40421E-2 2.34046E-2 2.11904E-2 2.12962E-2 2.3405E-2 1.94024E-2 1.9989E-2 2.37746E-2 1.92692E-2 2.04898E-2
2.69459E-2 2.83096E-2 2.91997E-2 2.6964E-2 2.78922E-2 2.68401E-2 2.58292E-2 2.52191E-2 2.86016E-2 2.99599E-2 2.92818E-2 2.77689E-2 2.5504E-2 2.39577E-2 2.58795E-2 2.58085E-2 2.79524E-2 2.88324E-2 2.9066E-2 2.84103E-2 2.86434E-2 2.86434E-2 2.8E-2 2.63308E-2 2.73375E-2 2.9067E-2 2.76916E-2 2.77852E-2 2.77852E-2 2.7467E-2 2.63648E-2 2.59582E-2 2.56253E-2 2.56272E-2 2.6217E-2 2.60314E-2 2.61442E-2 2.49861E-2 2.17336E-2 2.04902E-2 2.20933E-2 2.54084E-2 2.48724E-2 2.08151E-2 1.90508E-2 1.90194E-2 2.26053E-2 1.88862E-2 1.91897E-2 2.19034E-2 2.3529E-2 2.3567E-2 2.10932E-2 2.00281E-2 2.09619E-2 2.16351E-2 1.79154E-2 2.06331E-2 2.12962E-2 2.08167E-2 2.21728E-2
2.48047E-2 2.47392E-2 2.7574E-2 2.98774E-2 2.91997E-2 2.8983E-2 2.72603E-2 2.76865E-2 2.70619E-2 2.8983E-2 2.99599E-2 3.04256E-2 2.84091E-2 2.55052E-2 2.49005E-2 2.58795E-2 2.68959E-2 2.7543E-2 2.8852E-2 2.97581E-2 2.95406E-2 2.84354E-2 2.69491E-2 2.58529E-2 2.79736E-2 2.95195E-2 2.90895E-2 2.87402E-2 2.87402E-2 2.85341E-2 2.7664E-2 2.8096E-2 2.8096E-2 2.8096E-2 2.7664E-2 2.74679E-2 2.68536E-2 2.52703E-2 2.33438E-2 2.40109E-2 2.53426E-2 2.54424E-2 2.46987E-2 2.16324E-2 1.98315E-2 1.91626E-2 1.88736E-2 2.02694E-2 1.98052E-2 2.2445E-2 2.44875E-2 2.34035E-2 2.28806E-2 1.87855E-2 1.98498E-2 1.8246E-2 1.92763E-2 2.16914E-2 2.04004E-2 2.04004E-2 2.26817E-2
2.4419E-2 2.48047E-2 2.72232E-2 2.96424E-2 3.08128E-2 3.05828E-2 2.96716E-2 2.79143E-2 2.66447E-2 2.64258E-2 2.60174E-2 2.8983E-2 2.73401E-2 2.47177E-2 2.60706E-2 3.04256E-2 3.11442E-2 3.16263E-2 3.11627E-2 3.06875E-2 2.97828E-2 2.56963E-2 2.51906E-2 2.62519E-2 2.76048E-2 2.93025E-2 2.90895E-2 2.90895E-2 2.6697E-2 2.67913E-2 2.78639E-2 2.78639E-2 2.78639E-2 2.78639E-2 2.78639E-2 2.7664E-2 2.70441E-2 2.70441E-2 2.64387E-2 2.55583E-2 2.47735E-2 2.5629E-2 2.50549E-2 2.43819E-2 2.26788E-2 2.16886E-2 2.23446E-2 2.48362E-2 2.41068E-2 2.55131E-2 2.50878E-2 2.50878E-2 2.30834E-2 1.90671E-2 2.21311E-2 2.29415E-2 2.12449E-2 2.17323E-2 2.46398E-2 2.15836E-2 2.35105E-2
