Artocarpus heterophyllus SDM files/Last interglacial/results (with bias file)/Arthet_3.asc
ncols         625
nrows         721
xllcorner     69.99986311115
yllcorner     5.99986151914999
cellsize      0.041666667
NODATA_value  -9999
[rows 378 to 404 of 721, columns 549 to 609 of 625]
7.96753E-1 7.9281E-1 7.82965E-1 7.78029E-1 7.73899E-1 7.64082E-1 7.57595E-1 7.54617E-1 7.51005E-1 7.4545E-1 7.39062E-1 7.37006E-1 7.31273E-1 7.24902E-1 7.1891E-1 7.17304E-1 7.19731E-1 7.15289E-1 7.1345E-1 7.07449E-1 7.03667E-1 7.07229E-1 6.99215E-1 6.93834E-1 6.9059E-1 6.87869E-1 6.89386E-1 6.83755E-1 6.88104E-1 6.87459E-1 6.41173E-1 6.91174E-1 6.8325E-1 6.72093E-1 6.11979E-1 6.49645E-1 6.16752E-1 5.82872E-1 6.08298E-1 5.67926E-1 5.6558E-1 5.62249E-1 5.53244E-1 5.53511E-1 5.53524E-1 5.43997E-1 5.40578E-1 5.30203E-1 5.30453E-1 5.37695E-1 5.36733E-1 5.3015E-1 5.18254E-1 5.17357E-1 5.35044E-1 5.47289E-1 5.52244E-1 5.5457E-1 5.45857E-1 5.47132E-1 5.4573E-1
8.05792E-1 8.0201E-1 7.92778E-1 7.86035E-1 7.78452E-1 7.73637E-1 7.69447E-1 7.60362E-1 7.56774E-1 7.58168E-1 7.40536E-1 7.45913E-1 7.38212E-1 7.30765E-1 7.30117E-1 7.27417E-1 7.2954E-1 7.22819E-1 7.18585E-1 7.16714E-1 7.12937E-1 7.1162E-1 7.02399E-1 6.95544E-1 6.92125E-1 6.95655E-1 6.92821E-1 6.88095E-1 6.84028E-1 6.82958E-1 6.88923E-1 6.90056E-1 6.76099E-1 6.75301E-1 6.30244E-1 6.17803E-1 6.57227E-1 5.90178E-1 5.872E-1 5.82731E-1 5.71072E-1 5.8134E-1 5.67286E-1 5.63297E-1 5.53998E-1 5.43526E-1 5.40227E-1 5.34588E-1 5.31857E-1 5.44046E-1 5.58422E-1 5.57216E-1 5.42989E-1 5.31023E-1 5.36485E-1 5.44776E-1 5.52989E-1 5.54395E-1 5.50602E-1 5.46158E-1 5.48123E-1
8.16585E-1 8.00618E-1 8.02001E-1 7.92642E-1 7.87207E-1 7.78127E-1 7.73899E-1 7.69941E-1 7.60951E-1 7.57299E-1 7.52605E-1 7.52135E-1 7.4963E-1 7.38658E-1 7.34591E-1 7.33805E-1 7.29902E-1 7.25561E-1 7.24246E-1 7.20213E-1 7.20369E-1 7.15024E-1 7.06036E-1 7.01161E-1 6.97256E-1 6.93908E-1 6.93245E-1 6.92809E-1 6.86183E-1 6.86364E-1 6.91922E-1 6.93303E-1 6.78986E-1 6.58675E-1 6.30733E-1 6.1882E-1 6.40184E-1 6.49532E-1 6.0357E-1 5.90267E-1 5.89065E-1 5.78055E-1 5.72822E-1 5.62821E-1 5.49941E-1 5.43044E-1 5.42572E-1 5.42572E-1 5.37936E-1 5.51319E-1 5.63175E-1 5.6579E-1 5.64069E-1 5.53406E-1 5.50177E-1 5.45463E-1 5.5043E-1 5.45906E-1 5.48522E-1 5.47118E-1 5.46185E-1
8.19711E-1 -9999 8.06457E-1 7.98192E-1 7.97729E-1 7.88072E-1 7.83383E-1 7.79134E-1 7.70457E-1 7.66381E-1 7.62334E-1 7.50799E-1 7.51508E-1 7.50401E-1 7.40409E-1 7.41887E-1 7.36124E-1 7.40066E-1 7.31195E-1 7.26496E-1 7.19158E-1 7.1741E-1 7.13827E-1 7.12943E-1 7.06866E-1 6.99489E-1 6.89935E-1 6.95975E-1 6.89584E-1 6.90628E-1 6.94816E-1 6.92175E-1 6.92156E-1 6.78985E-1 6.56723E-1 6.30617E-1 6.18732E-1 6.56037E-1 6.56492E-1 6.12068E-1 6.00058E-1 5.83838E-1 5.73613E-1 5.63214E-1 5.54906E-1 5.44432E-1 5.44699E-1 5.44711E-1 5.37928E-1 5.54662E-1 5.63913E-1 5.73174E-1 5.71974E-1 5.59672E-1 5.45577E-1 5.38688E-1 5.54195E-1 5.54903E-1 5.49956E-1 5.48549E-1 5.48559E-1
7.90982E-1 -9999 8.12934E-1 8.06876E-1 8.07617E-1 7.97414E-1 7.94978E-1 7.83738E-1 7.79676E-1 7.75806E-1 7.73784E-1 7.63203E-1 7.61127E-1 7.59041E-1 7.5295E-1 7.47087E-1 7.3757E-1 7.40215E-1 7.30189E-1 7.32107E-1 7.28129E-1 7.24E-1 7.19151E-1 7.18088E-1 7.08566E-1 7.041E-1 7.01488E-1 6.97503E-1 6.96838E-1 6.96962E-1 7.00527E-1 6.96944E-1 6.89712E-1 6.74239E-1 6.90659E-1 6.78697E-1 6.43742E-1 6.26348E-1 6.56866E-1 6.22587E-1 5.97162E-1 5.81252E-1 5.7636E-1 5.72736E-1 5.60101E-1 5.51096E-1 5.46101E-1 5.46588E-1 5.39998E-1 5.42775E-1 5.57988E-1 5.67032E-1 5.55713E-1 5.39928E-1 5.37278E-1 5.30303E-1 5.45512E-1 5.52811E-1 5.52872E-1 5.51199E-1 5.52147E-1
-9999 7.86358E-1 8.25949E-1 8.12668E-1 8.08049E-1 8.0373E-1 7.99438E-1 7.95073E-1 7.90991E-1 7.87351E-1 7.83409E-1 7.75648E-1 7.69121E-1 7.67353E-1 7.64981E-1 7.57433E-1 7.47038E-1 7.43618E-1 7.39482E-1 7.32917E-1 7.33808E-1 7.25779E-1 7.19563E-1 7.20642E-1 7.14036E-1 7.13955E-1 7.10776E-1 7.03572E-1 7.01481E-1 6.96316E-1 6.98621E-1 7.02443E-1 6.99922E-1 6.95994E-1 6.87673E-1 6.70008E-1 6.46162E-1 6.25647E-1 6.16836E-1 6.34749E-1 6.19237E-1 5.88988E-1 5.89821E-1 5.80841E-1 5.67729E-1 5.58908E-1 5.53459E-1 5.47976E-1 5.46574E-1 5.39159E-1 5.44662E-1 5.56188E-1 5.5915E-1 5.42353E-1 5.40898E-1 5.36274E-1 5.32953E-1 5.39686E-1 5.43163E-1 5.4866E-1 5.56962E-1
-9999 7.87625E-1 8.27285E-1 8.19282E-1 8.15458E-1 8.13837E-1 8.08123E-1 7.9874E-1 7.95381E-1 7.91586E-1 -9999 7.85085E-1 7.79449E-1 7.74818E-1 7.73978E-1 7.66263E-1 7.58403E-1 7.51299E-1 7.47959E-1 7.40534E-1 7.38534E-1 7.37603E-1 7.33588E-1 7.26469E-1 7.21467E-1 7.20118E-1 7.13806E-1 7.11379E-1 7.08399E-1 7.06886E-1 7.04355E-1 6.99528E-1 7.02315E-1 6.93478E-1 6.95042E-1 6.77648E-1 6.45953E-1 6.3144E-1 6.17381E-1 6.20711E-1 6.43444E-1 6.01065E-1 5.90332E-1 5.85141E-1 5.78388E-1 5.67443E-1 5.58868E-1 5.49377E-1 5.45141E-1 5.45443E-1 5.40579E-1 5.49083E-1 5.73727E-1 5.76092E-1 5.66962E-1 5.51275E-1 5.41621E-1 5.32484E-1 5.37654E-1 5.43775E-1 5.51027E-1
-9999 7.96953E-1 7.89033E-1 -9999 8.23925E-1 8.24172E-1 8.14048E-1 -9999 -9999 -9999 -9999 -9999 7.91632E-1 7.87316E-1 7.83568E-1 7.74986E-1 7.71326E-1 7.63187E-1 7.57807E-1 7.5038E-1 7.44055E-1 7.39185E-1 7.40455E-1 7.34146E-1 7.25859E-1 7.23365E-1 7.18202E-1 7.16545E-1 7.11666E-1 7.05152E-1 7.05788E-1 6.97145E-1 7.01967E-1 7.05364E-1 6.96114E-1 6.92891E-1 6.7478E-1 6.37071E-1 6.28521E-1 6.20201E-1 6.3793E-1 6.49776E-1 5.93374E-1 5.95829E-1 5.88446E-1 5.74974E-1 5.74363E-1 5.54075E-1 5.48904E-1 5.49668E-1 5.45748E-1 5.4435E-1 5.6285E-1 5.79197E-1 5.85684E-1 5.80621E-1 5.70523E-1 5.4747E-1 5.39565E-1 5.40467E-1 5.48972E-1
-9999 -9999 7.91497E-1 7.86799E-1 7.81966E-1 8.25912E-1 8.21992E-1 8.22029E-1 -9999 -9999 -9999 -9999 7.92272E-1 7.90059E-1 7.84406E-1 7.84883E-1 7.75336E-1 7.75799E-1 7.68165E-1 7.59105E-1 7.56069E-1 7.50104E-1 7.46308E-1 7.41664E-1 7.37051E-1 7.25504E-1 7.27619E-1 7.18567E-1 7.17343E-1 7.08605E-1 7.06753E-1 7.06653E-1 7.07738E-1 7.10135E-1 6.90108E-1 6.95998E-1 6.96695E-1 6.6399E-1 6.34305E-1 6.29442E-1 6.35312E-1 6.44291E-1 6.27412E-1 5.98983E-1 5.93014E-1 5.84912E-1 5.93838E-1 5.68985E-1 5.61481E-1 5.59436E-1 5.48411E-1 5.45134E-1 5.56663E-1 5.77655E-1 5.83417E-1 5.86459E-1 5.90465E-1 5.73631E-1 5.48503E-1 5.47876E-1 5.48017E-1
-9999 -9999 8.07698E-1 7.9799E-1 7.917E-1 7.92314E-1 -9999 8.26504E-1 -9999 -9999 -9999 -9999 7.97717E-1 7.97436E-1 8.00038E-1 7.88502E-1 7.86523E-1 7.79425E-1 7.75532E-1 7.70504E-1 7.66329E-1 7.60103E-1 7.51325E-1 7.4698E-1 7.39761E-1 7.33857E-1 7.3538E-1 7.28163E-1 7.25443E-1 7.15409E-1 7.11291E-1 7.10637E-1 7.10163E-1 7.07469E-1 7.0784E-1 7.1031E-1 7.00876E-1 6.93666E-1 6.46806E-1 6.34194E-1 6.33228E-1 6.45497E-1 6.5685E-1 6.11518E-1 5.93496E-1 5.85458E-1 6.07361E-1 5.84323E-1 5.63043E-1 5.80031E-1 5.64065E-1 5.4668E-1 5.46078E-1 5.53993E-1 5.77991E-1 5.89672E-1 5.92963E-1 5.87813E-1 5.53698E-1 5.52599E-1 5.50857E-1
-9999 -9999 -9999 8.09134E-1 -9999 7.90193E-1 8.34737E-1 8.2546E-1 8.27273E-1 -9999 -9999 -9999 -9999 8.04572E-1 8.00833E-1 8.0006E-1 7.95637E-1 7.90986E-1 7.79555E-1 7.75995E-1 7.72148E-1 7.68048E-1 7.59382E-1 7.56329E-1 7.44549E-1 7.41458E-1 7.39863E-1 7.38692E-1 7.34333E-1 7.20791E-1 7.1641E-1 7.12847E-1 7.11595E-1 7.07033E-1 7.10902E-1 7.09415E-1 6.96239E-1 6.98178E-1 6.7314E-1 6.41453E-1 6.40979E-1 6.68767E-1 6.66392E-1 6.28489E-1 6.04222E-1 5.9205E-1 5.96786E-1 5.82001E-1 5.72231E-1 5.82328E-1 5.81095E-1 5.60864E-1 5.50938E-1 5.5317E-1 5.63029E-1 5.88075E-1 5.94722E-1 5.94579E-1 5.67211E-1 5.60186E-1 5.62432E-1
-9999 -9999 -9999 8.14749E-1 -9999 -9999 8.45083E-1 -9999 8.35432E-1 -9999 -9999 -9999 -9999 8.15417E-1 8.09616E-1 8.09442E-1 8.03981E-1 7.9532E-1 7.90763E-1 7.84681E-1 7.80658E-1 7.72443E-1 7.64813E-1 7.59223E-1 7.57622E-1 7.52298E-1 7.47067E-1 7.40096E-1 7.36267E-1 7.30941E-1 7.20827E-1 7.19573E-1 7.13526E-1 7.19286E-1 7.18207E-1 7.13128E-1 7.09209E-1 7.03145E-1 6.82582E-1 6.55215E-1 6.5249E-1 6.70309E-1 6.67308E-1 6.61555E-1 6.24557E-1 6.00634E-1 5.91651E-1 5.88165E-1 5.89535E-1 5.79328E-1 5.71684E-1 5.71961E-1 5.53591E-1 5.53978E-1 5.63384E-1 5.86977E-1 5.96651E-1 6.03548E-1 5.93594E-1 5.73077E-1 5.71493E-1
-9999 -9999 -9999 -9999 -9999 -9999 -9999 -9999 -9999 -9999 -9999 -9999 -9999 8.21777E-1 8.12899E-1 8.10969E-1 8.08298E-1 8.04012E-1 7.99778E-1 7.95668E-1 7.86972E-1 7.81305E-1 7.73407E-1 7.69511E-1 7.6253E-1 7.57878E-1 7.5864E-1 7.46997E-1 7.42025E-1 7.36078E-1 7.25936E-1 7.25458E-1 7.20679E-1 7.18251E-1 7.17905E-1 7.18317E-1 7.07072E-1 7.01018E-1 6.96385E-1 6.70076E-1 6.50953E-1 6.54697E-1 6.72008E-1 6.61365E-1 6.60388E-1 6.41011E-1 6.04846E-1 5.96081E-1 5.91611E-1 6.14369E-1 5.88647E-1 6.24507E-1 5.98409E-1 5.60275E-1 5.62912E-1 5.83754E-1 5.99396E-1 6.05315E-1 6.01689E-1 5.94783E-1 5.87961E-1
-9999 -9999 -9999 -9999 -9999 -9999 -9999 -9999 -9999 -9999 -9999 -9999 8.30995E-1 8.30823E-1 8.2929E-1 8.22153E-1 8.21512E-1 8.14656E-1 8.10697E-1 7.99778E-1 7.95858E-1 7.91565E-1 7.81805E-1 7.75185E-1 7.71533E-1 7.66233E-1 7.61259E-1 7.56602E-1 7.47811E-1 7.3981E-1 7.29327E-1 7.29106E-1 7.26238E-1 7.22597E-1 7.1933E-1 7.18094E-1 7.12083E-1 7.07982E-1 7.03762E-1 6.69918E-1 6.53811E-1 6.50826E-1 6.60086E-1 6.70707E-1 6.63585E-1 6.5556E-1 6.23015E-1 5.97737E-1 5.88963E-1 6.24948E-1 6.04325E-1 6.18589E-1 6.22024E-1 5.76744E-1 5.57809E-1 5.86015E-1 6.03018E-1 6.05906E-1 5.97549E-1 5.85515E-1 5.89352E-1
-9999 -9999 -9999 -9999 -9999 -9999 -9999 -9999 -9999 -9999 -9999 -9999 -9999 8.35629E-1 8.31958E-1 8.27746E-1 8.22063E-1 8.19123E-1 -9999 -9999 7.99773E-1 7.95884E-1 7.90572E-1 7.81998E-1 7.79749E-1 7.73365E-1 7.71684E-1 7.61387E-1 7.51478E-1 7.43875E-1 7.35873E-1 7.36214E-1 7.25008E-1 7.2419E-1 7.23942E-1 7.23697E-1 7.20189E-1 7.0329E-1 7.05636E-1 6.8787E-1 6.7491E-1 6.53791E-1 6.56218E-1 6.75862E-1 6.64983E-1 6.58331E-1 6.56018E-1 6.10378E-1 5.93843E-1 6.06364E-1 6.13262E-1 5.87526E-1 5.96304E-1 5.78285E-1 5.69806E-1 5.84591E-1 5.89438E-1 5.86603E-1 5.87665E-1 5.84188E-1 5.76734E-1
-9999 -9999 -9999 -9999 -9999 -9999 -9999 -9999 -9999 -9999 -9999 -9999 -9999 -9999 -9999 -9999 8.27097E-1 8.25417E-1 -9999 -9999 8.09345E-1 8.0528E-1 7.96553E-1 7.93207E-1 7.80151E-1 7.71796E-1 7.77287E-1 7.66251E-1 7.54866E-1 7.50365E-1 7.43674E-1 7.39597E-1 7.36551E-1 7.32913E-1 7.28853E-1 7.23179E-1 7.19708E-1 7.14804E-1 7.08395E-1 7.0221E-1 6.90037E-1 6.57584E-1 6.66281E-1 6.75329E-1 6.6688E-1 6.65411E-1 6.58295E-1 6.56831E-1 5.9671E-1 5.89309E-1 5.91361E-1 5.81276E-1 5.92552E-1 5.86872E-1 5.81052E-1 5.83608E-1 6.0825E-1 6.03899E-1 6.01131E-1 6.00331E-1 5.9332E-1
-9999 -9999 -9999 -9999 -9999 -9999 -9999 -9999 -9999 -9999 -9999 -9999 -9999 -9999 -9999 -9999 -9999 8.30855E-1 8.28284E-1 -9999 8.18218E-1 8.13772E-1 8.0728E-1 7.95447E-1 7.85215E-1 7.83484E-1 7.74326E-1 7.6925E-1 7.64927E-1 7.57137E-1 7.51527E-1 7.47409E-1 7.38726E-1 7.37758E-1 7.23959E-1 7.27632E-1 7.22598E-1 7.12124E-1 7.02659E-1 7.06122E-1 6.95665E-1 6.88695E-1 6.59517E-1 6.82661E-1 6.75055E-1 6.68033E-1 6.59802E-1 6.56904E-1 6.18571E-1 5.91854E-1 5.90558E-1 5.89042E-1 6.03026E-1 6.24143E-1 5.74135E-1 5.9137E-1 5.98963E-1 5.98163E-1 5.90431E-1 6.01154E-1 6.18579E-1
-9999 -9999 -9999 -9999 -9999 -9999 -9999 -9999 -9999 -9999 -9999 -9999 -9999 -9999 8.5321E-1 -9999 -9999 -9999 8.35613E-1 8.26838E-1 -9999 8.15641E-1 8.1166E-1 8.02356E-1 7.94758E-1 7.89469E-1 7.78722E-1 7.75053E-1 7.66895E-1 7.61454E-1 7.51364E-1 7.54648E-1 7.39051E-1 7.33021E-1 7.35715E-1 7.32644E-1 7.26885E-1 7.19774E-1 7.15894E-1 7.05456E-1 7.00333E-1 6.89803E-1 6.69804E-1 6.75665E-1 6.72814E-1 6.65049E-1 6.46905E-1 6.66001E-1 6.64495E-1 6.1802E-1 6.1771E-1 6.34187E-1 6.09774E-1 6.02621E-1 5.73582E-1 5.92753E-1 6.06264E-1 6.05542E-1 6.14721E-1 6.24141E-1 6.26564E-1
-9999 -9999 -9999 -9999 -9999 -9999 -9999 -9999 -9999 -9999 -9999 -9999 -9999 -9999 -9999 -9999 -9999 -9999 8.42713E-1 8.30919E-1 8.30634E-1 8.26229E-1 8.20608E-1 8.12364E-1 8.01357E-1 7.95121E-1 7.8567E-1 7.79027E-1 7.74087E-1 7.65499E-1 7.5795E-1 7.4995E-1 7.43975E-1 7.35051E-1 7.33459E-1 7.29555E-1 7.30262E-1 7.19531E-1 7.11385E-1 7.07987E-1 7.01633E-1 6.96145E-1 6.71767E-1 6.84163E-1 6.78157E-1 6.70441E-1 6.44542E-1 6.64398E-1 6.66303E-1 6.57605E-1 6.50876E-1 6.25107E-1 6.48049E-1 6.48702E-1 5.84293E-1 5.91304E-1 6.14542E-1 6.26348E-1 6.26334E-1 6.20912E-1 6.26579E-1
-9999 -9999 -9999 -9999 -9999 -9999 -9999 -9999 -9999 -9999 -9999 -9999 -9999 -9999 -9999 8.56962E-1 8.58394E-1 8.50476E-1 8.45999E-1 8.42288E-1 8.37808E-1 8.30487E-1 8.25192E-1 8.16641E-1 8.08232E-1 7.98248E-1 7.95171E-1 7.84589E-1 7.79923E-1 7.70936E-1 7.59717E-1 7.57512E-1 7.50861E-1 7.41813E-1 7.38842E-1 7.36114E-1 7.28136E-1 7.24591E-1 7.13814E-1 7.07756E-1 7.01177E-1 6.94839E-1 6.8489E-1 6.84341E-1 6.82449E-1 6.7109E-1 6.6634E-1 6.60537E-1 6.68187E-1 6.38148E-1 6.4843E-1 6.14004E-1 6.16877E-1 6.46155E-1 6.1236E-1 6.02401E-1 6.32554E-1 6.24231E-1 6.11162E-1 6.06316E-1 6.04382E-1
-9999 -9999 -9999 -9999 -9999 -9999 -9999 -9999 -9999 -9999 -9999 -9999 -9999 -9999 -9999 8.68058E-1 8.64928E-1 8.54581E-1 8.51057E-1 8.42263E-1 8.42749E-1 8.34256E-1 8.23472E-1 8.22852E-1 8.10964E-1 8.03223E-1 7.95437E-1 7.90689E-1 7.86775E-1 7.76291E-1 7.62991E-1 7.58783E-1 7.48655E-1 7.43449E-1 7.41473E-1 7.35671E-1 7.31305E-1 7.21197E-1 7.24096E-1 7.11392E-1 7.03127E-1 6.92545E-1 6.89816E-1 6.89003E-1 6.83812E-1 6.72197E-1 6.68234E-1 6.4356E-1 6.6759E-1 6.33869E-1 6.38695E-1 6.30477E-1 6.03825E-1 6.06726E-1 6.33679E-1 5.97094E-1 6.20793E-1 6.11585E-1 6.13173E-1 6.08188E-1 5.94077E-1
-9999 -9999 -9999 -9999 -9999 -9999 -9999 -9999 -9999 -9999 -9999 -9999 -9999 -9999 8.6776E-1 8.72075E-1 8.6863E-1 8.58589E-1 8.60168E-1 8.51657E-1 8.47926E-1 8.38166E-1 8.29143E-1 8.28061E-1 8.20942E-1 8.13911E-1 8.05337E-1 7.95342E-1 7.86673E-1 7.82668E-1 7.70674E-1 7.61545E-1 7.50649E-1 7.51061E-1 7.43466E-1 7.408E-1 7.28579E-1 7.25327E-1 7.26745E-1 7.16546E-1 7.07916E-1 7.01568E-1 6.88047E-1 6.91109E-1 6.82431E-1 6.71318E-1 6.72706E-1 6.5667E-1 6.68965E-1 6.67062E-1 6.51837E-1 6.43622E-1 6.14647E-1 5.93267E-1 5.99496E-1 6.01435E-1 6.15463E-1 6.04474E-1 6.0785E-1 6.2464E-1 6.28143E-1
-9999 -9999 -9999 -9999 -9999 -9999 -9999 -9999 -9999 -9999 -9999 -9999 -9999 -9999 8.71505E-1 8.69584E-1 8.70971E-1 8.63026E-1 8.59784E-1 8.5607E-1 8.51822E-1 8.41492E-1 8.32675E-1 8.36952E-1 8.24031E-1 8.14971E-1 8.09094E-1 7.93569E-1 7.90115E-1 7.85959E-1 7.74603E-1 7.6069E-1 7.60646E-1 7.5238E-1 7.4506E-1 7.39155E-1 7.35443E-1 7.27692E-1 7.18123E-1 7.21717E-1 7.14889E-1 7.05254E-1 6.97159E-1 6.89605E-1 6.79667E-1 6.81615E-1 6.72932E-1 6.665E-1 6.40406E-1 6.40864E-1 6.40379E-1 6.59832E-1 6.50067E-1 6.07433E-1 5.96654E-1 5.99508E-1 6.30547E-1 6.36041E-1 6.24818E-1 6.37952E-1 6.39801E-1
-9999 -9999 -9999 -9999 -9999 -9999 -9999 -9999 -9999 -9999 -9999 -9999 -9999 -9999 8.73972E-1 8.74809E-1 8.72107E-1 8.72152E-1 8.64533E-1 -9999 8.50027E-1 8.40533E-1 8.41333E-1 8.34984E-1 8.26978E-1 8.18772E-1 8.082E-1 7.99861E-1 7.96131E-1 7.8527E-1 7.78798E-1 7.68944E-1 7.63973E-1 7.55761E-1 7.48626E-1 7.38022E-1 7.38078E-1 7.31388E-1 7.26856E-1 7.21433E-1 7.18677E-1 7.03701E-1 6.96915E-1 6.87937E-1 6.80594E-1 6.78162E-1 6.7584E-1 6.65179E-1 6.67744E-1 6.49107E-1 6.40907E-1 6.53954E-1 6.60806E-1 6.28068E-1 6.06375E-1 5.98499E-1 6.17405E-1 6.20363E-1 6.39741E-1 6.4506E-1 6.34831E-1
-9999 -9999 -9999 -9999 -9999 -9999 -9999 -9999 -9999 -9999 -9999 -9999 -9999 -9999 -9999 8.76991E-1 8.7205E-1 8.71023E-1 8.69905E-1 8.59274E-1 8.6073E-1 8.48261E-1 8.45024E-1 8.39131E-1 8.3152E-1 8.22503E-1 8.14301E-1 8.09186E-1 8.00926E-1 7.90439E-1 7.83093E-1 7.7559E-1 7.6541E-1 7.63501E-1 7.57579E-1 7.4751E-1 7.37068E-1 7.33989E-1 7.30041E-1 7.26979E-1 7.14096E-1 7.11872E-1 7.03196E-1 6.91356E-1 6.84451E-1 6.78221E-1 6.77653E-1 6.79944E-1 6.65433E-1 6.62247E-1 6.63134E-1 6.46197E-1 6.59627E-1 6.36608E-1 6.29365E-1 6.17109E-1 6.37385E-1 6.3151E-1 6.20263E-1 6.11063E-1 6.00426E-1
-9999 -9999 -9999 -9999 -9999 -9999 -9999 -9999 -9999 -9999 -9999 -9999 -9999 -9999 -9999 -9999 8.76118E-1 8.74212E-1 8.7279E-1 8.6141E-1 8.60967E-1 8.5613E-1 8.541E-1 8.44324E-1 8.36125E-1 8.26712E-1 8.1789E-1 8.09941E-1 8.04902E-1 7.95941E-1 7.83453E-1 7.71725E-1 7.68216E-1 7.61644E-1 7.56941E-1 7.48687E-1 7.41819E-1 7.38743E-1 7.31886E-1 7.31933E-1 7.22357E-1 7.11471E-1 6.97453E-1 6.95811E-1 6.81265E-1 6.77978E-1 6.7335E-1 6.76123E-1 6.5301E-1 6.55927E-1 6.64105E-1 6.55901E-1 6.64107E-1 6.58234E-1 6.19577E-1 6.25873E-1 6.17354E-1 6.06225E-1 6.1891E-1 6.23735E-1 6.05905E-1
-9999 -9999 -9999 -9999 -9999 -9999 -9999 -9999 -9999 -9999 -9999 -9999 -9999 -9999 -9999 -9999 8.76388E-1 8.71223E-1 8.74288E-1 8.67184E-1 8.63515E-1 8.59637E-1 8.53345E-1 8.42916E-1 8.3777E-1 8.32748E-1 8.23849E-1 8.08795E-1 8.05749E-1 7.97944E-1 7.88228E-1 7.77288E-1 7.68909E-1 7.67681E-1 7.58707E-1 7.50583E-1 7.50262E-1 7.37988E-1 7.38926E-1 7.27657E-1 7.2462E-1 7.17808E-1 7.08532E-1 7.03793E-1 6.91339E-1 6.73596E-1 6.76871E-1 6.74147E-1 6.62669E-1 6.35325E-1 6.26097E-1 6.56127E-1 6.56857E-1 6.59739E-1 6.26369E-1 6.31205E-1 6.49004E-1 6.21805E-1 6.20315E-1 6.47541E-1 6.4782E-1
