Artocarpus heterophyllus SDM files/Last interglacial/results (with bias file)/Arthet_5.asc
ncols         625
nrows         721
xllcorner     69.99986311115
yllcorner     5.99986151914999
cellsize      0.041666667
NODATA_value  -9999
[rows 27 to 53 of 721, columns 61 to 121 of 625]
3.34744E-1 3.41633E-1 3.50423E-1 3.60202E-1 3.75531E-1 4.28711E-1 4.4072E-1 4.77494E-1 4.77491E-1 4.31353E-1 3.83973E-1 3.55484E-1 2.94298E-1 2.27633E-1 2.00769E-1 1.77647E-1 1.09155E-1 1.56594E-1 1.5603E-1 1.26723E-1 9.51567E-2 7.13537E-2 7.46254E-2 9.48246E-2 1.14105E-1 1.2114E-1 1.46464E-1 1.11442E-1 8.23547E-2 1.05787E-1 8.74351E-2 6.7984E-2 8.16303E-2 6.81082E-2 6.57434E-2 5.88055E-2 7.18443E-2 8.28896E-2 8.92787E-2 1.15946E-1 8.5833E-2 5.06891E-2 6.73283E-2 6.16419E-2 9.47191E-2 8.23325E-2 5.92023E-2 4.97622E-2 4.31521E-2 4.71202E-2 5.2146E-2 3.98394E-2 4.06192E-2 4.48388E-2 4.68505E-2 5.46098E-2 4.8184E-2 4.17782E-2 4.31762E-2 4.31144E-2 3.88051E-2
3.56165E-1 3.38875E-1 3.17226E-1 3.66799E-1 4.03357E-1 4.07046E-1 4.02848E-1 3.88843E-1 4.41058E-1 4.81757E-1 4.93017E-1 4.38471E-1 3.50227E-1 3.2518E-1 2.8038E-1 2.14902E-1 1.66562E-1 1.71211E-1 1.24785E-1 9.66346E-2 9.57769E-2 9.97545E-2 9.26544E-2 1.2224E-1 1.60514E-1 1.54292E-1 1.10747E-1 8.97137E-2 6.43455E-2 9.07671E-2 7.33548E-2 5.77634E-2 7.7228E-2 6.6953E-2 6.28051E-2 6.68978E-2 7.16978E-2 7.81444E-2 9.11871E-2 1.34375E-1 9.20126E-2 7.03932E-2 8.95351E-2 1.07917E-1 1.09929E-1 6.32799E-2 6.01584E-2 5.38863E-2 5.74105E-2 6.10716E-2 5.60711E-2 4.91263E-2 4.83395E-2 4.57782E-2 4.85214E-2 4.87375E-2 5.19802E-2 4.87619E-2 4.375E-2 4.24424E-2 4.04648E-2
3.24452E-1 3.23378E-1 3.43109E-1 3.51601E-1 4.03675E-1 4.1401E-1 3.64976E-1 3.96771E-1 4.31955E-1 5.20901E-1 5.43786E-1 4.52398E-1 3.77337E-1 3.39894E-1 2.80471E-1 2.46751E-1 1.78297E-1 1.45968E-1 1.47914E-1 1.37918E-1 1.13583E-1 9.21209E-2 1.61389E-1 1.90082E-1 1.44319E-1 9.67447E-2 1.00238E-1 8.52429E-2 6.51957E-2 7.01515E-2 6.60873E-2 5.56327E-2 5.91477E-2 7.08422E-2 7.18562E-2 8.41437E-2 7.60981E-2 1.00576E-1 1.24239E-1 1.52714E-1 1.42178E-1 1.39594E-1 1.34588E-1 1.38283E-1 1.26866E-1 1.2175E-1 1.11939E-1 9.85845E-2 8.80845E-2 8.8061E-2 6.64957E-2 6.1703E-2 5.77359E-2 5.7721E-2 5.67531E-2 4.93128E-2 4.60005E-2 4.90899E-2 4.1276E-2 4.37123E-2 5.12185E-2
2.56672E-1 3.17481E-1 4.0931E-1 4.21741E-1 4.19428E-1 4.37204E-1 4.70485E-1 5.22691E-1 5.257E-1 5.43619E-1 4.78241E-1 3.68323E-1 2.93892E-1 2.88941E-1 2.15725E-1 1.81485E-1 1.74983E-1 1.77085E-1 1.41898E-1 1.16737E-1 1.10266E-1 1.34822E-1 1.7799E-1 2.13783E-1 1.32445E-1 1.24161E-1 1.57289E-1 9.92064E-2 6.60117E-2 7.36255E-2 7.49548E-2 6.64119E-2 7.13612E-2 1.06721E-1 1.09276E-1 1.11557E-1 1.06933E-1 1.29125E-1 1.71698E-1 1.47309E-1 1.25683E-1 1.29559E-1 1.15683E-1 1.16123E-1 1.24809E-1 1.19204E-1 1.05312E-1 1.11945E-1 1.08179E-1 1.08661E-1 1.04177E-1 8.90308E-2 8.76659E-2 7.95208E-2 7.67034E-2 6.33202E-2 5.49163E-2 5.06773E-2 5.95348E-2 6.27341E-2 6.02662E-2
2.87157E-1 3.80474E-1 4.24088E-1 4.57549E-1 4.29216E-1 4.59208E-1 5.54345E-1 4.23951E-1 4.67056E-1 5.04887E-1 4.55914E-1 3.67284E-1 3.52145E-1 3.53219E-1 2.84976E-1 2.30815E-1 2.42447E-1 2.18497E-1 2.14628E-1 1.33533E-1 1.88343E-1 1.79145E-1 2.19254E-1 2.51612E-1 2.4487E-1 2.07336E-1 1.86561E-1 1.06685E-1 7.56002E-2 1.11061E-1 7.92706E-2 8.5104E-2 1.13767E-1 1.46772E-1 1.78905E-1 1.88663E-1 1.746E-1 1.56973E-1 1.71966E-1 1.42162E-1 1.11637E-1 1.21964E-1 1.17957E-1 1.07452E-1 1.26181E-1 1.04962E-1 9.10896E-2 9.22324E-2 7.46319E-2 8.00408E-2 9.03267E-2 1.01958E-1 1.06775E-1 9.89153E-2 8.2922E-2 7.77231E-2 7.03114E-2 6.45666E-2 7.77479E-2 5.77294E-2 4.86894E-2
3.73988E-1 4.36579E-1 4.57922E-1 4.87719E-1 4.8562E-1 5.11111E-1 5.5117E-1 4.35773E-1 3.30093E-1 4.1075E-1 4.64756E-1 4.48131E-1 4.44092E-1 4.22959E-1 3.5088E-1 2.43338E-1 3.09457E-1 2.86244E-1 2.58407E-1 1.81032E-1 2.2934E-1 2.67993E-1 2.86304E-1 2.64863E-1 2.8481E-1 2.47491E-1 1.33273E-1 7.84918E-2 1.22558E-1 1.52229E-1 1.1056E-1 1.53295E-1 1.81096E-1 2.10625E-1 2.06028E-1 1.40334E-1 1.55985E-1 1.80251E-1 1.46216E-1 1.44512E-1 1.29297E-1 1.10152E-1 1.23873E-1 1.20168E-1 1.24801E-1 1.24435E-1 1.15118E-1 8.8571E-2 8.44717E-2 8.43239E-2 8.22836E-2 1.05271E-1 8.56552E-2 8.42953E-2 7.58514E-2 6.93008E-2 7.39869E-2 8.14849E-2 7.36412E-2 6.43645E-2 5.53883E-2
3.83689E-1 4.37499E-1 4.42639E-1 4.82498E-1 5.3812E-1 5.70217E-1 5.38018E-1 4.2192E-1 2.83173E-1 3.78183E-1 4.60994E-1 4.73386E-1 4.6097E-1 4.20139E-1 3.62659E-1 2.99575E-1 3.63877E-1 3.35563E-1 2.40823E-1 2.8286E-1 3.41186E-1 3.69661E-1 3.29636E-1 3.20409E-1 2.57235E-1 1.77524E-1 1.18849E-1 8.7938E-2 1.3005E-1 1.78312E-1 1.15265E-1 1.20644E-1 1.78402E-1 2.41373E-1 1.91586E-1 1.29804E-1 1.40545E-1 1.72754E-1 1.59063E-1 1.44877E-1 1.42924E-1 1.43513E-1 1.67492E-1 1.37375E-1 1.27973E-1 1.30066E-1 1.17897E-1 1.0089E-1 9.44002E-2 8.15079E-2 8.21547E-2 1.09121E-1 1.06645E-1 1.00017E-1 1.02585E-1 8.90024E-2 9.42003E-2 7.95753E-2 8.45887E-2 7.45432E-2 6.14402E-2
4.03846E-1 4.40798E-1 4.7581E-1 4.26833E-1 4.7554E-1 5.8472E-1 5.61478E-1 4.34261E-1 3.04833E-1 3.74947E-1 4.57416E-1 4.66006E-1 4.5251E-1 4.24199E-1 4.25085E-1 3.87693E-1 4.04283E-1 4.05441E-1 3.1854E-1 4.02824E-1 3.99877E-1 3.43334E-1 2.39165E-1 2.64461E-1 2.06877E-1 1.45492E-1 9.10449E-2 1.28141E-1 1.82702E-1 2.05577E-1 1.93712E-1 2.0711E-1 2.34636E-1 2.43203E-1 1.88706E-1 1.71288E-1 1.63071E-1 1.65109E-1 1.54315E-1 1.64203E-1 1.94211E-1 1.8532E-1 1.91653E-1 1.77952E-1 1.50951E-1 1.21922E-1 1.15684E-1 9.95501E-2 9.20517E-2 8.58264E-2 8.10332E-2 9.61035E-2 7.22397E-2 7.47307E-2 8.15387E-2 7.13005E-2 8.41521E-2 8.57445E-2 9.45121E-2 7.98068E-2 6.76305E-2
4.4647E-1 4.8217E-1 5.02681E-1 4.56165E-1 3.98688E-1 5.63435E-1 5.89478E-1 4.27749E-1 3.40969E-1 3.3768E-1 4.42583E-1 4.70995E-1 4.39044E-1 4.44164E-1 4.43015E-1 4.14324E-1 4.47504E-1 4.30128E-1 4.21922E-1 4.59282E-1 3.5878E-1 2.60264E-1 2.16882E-1 1.98735E-1 2.35351E-1 1.67192E-1 1.03392E-1 1.37806E-1 1.89098E-1 2.59168E-1 2.82333E-1 2.8222E-1 2.7518E-1 2.10945E-1 1.67324E-1 1.58931E-1 1.82352E-1 1.90729E-1 2.03713E-1 2.28282E-1 2.43582E-1 2.27538E-1 2.3025E-1 1.97076E-1 1.86411E-1 1.79962E-1 1.54803E-1 1.14877E-1 1.16116E-1 1.01149E-1 9.48026E-2 8.23564E-2 7.16996E-2 6.51873E-2 6.11653E-2 5.76813E-2 7.21812E-2 7.32124E-2 7.67652E-2 8.63711E-2 8.58679E-2
5.49599E-1 5.17341E-1 5.34325E-1 4.47652E-1 4.12099E-1 6.03597E-1 6.08326E-1 4.86732E-1 3.57345E-1 3.66685E-1 4.87681E-1 4.87877E-1 4.7894E-1 4.69237E-1 4.74896E-1 4.89321E-1 5.05042E-1 4.99183E-1 4.62214E-1 4.9424E-1 3.73583E-1 2.64923E-1 3.31059E-1 2.65242E-1 3.29702E-1 3.0343E-1 2.01713E-1 1.63019E-1 2.08489E-1 2.04755E-1 2.63359E-1 2.8798E-1 2.02664E-1 1.46874E-1 1.69139E-1 1.86453E-1 2.40803E-1 2.43178E-1 2.67047E-1 2.69172E-1 2.56899E-1 2.511E-1 2.48626E-1 2.29307E-1 2.28988E-1 2.05243E-1 1.81637E-1 1.29629E-1 1.12082E-1 1.24397E-1 1.10346E-1 1.278E-1 9.79953E-2 8.23161E-2 7.1169E-2 6.96909E-2 6.86248E-2 6.01488E-2 7.35863E-2 7.14262E-2 7.18225E-2
5.59431E-1 5.66554E-1 5.54388E-1 5.37094E-1 5.23122E-1 5.63205E-1 6.0657E-1 5.76449E-1 4.00404E-1 4.74971E-1 5.08171E-1 5.00971E-1 4.93667E-1 5.01498E-1 5.46802E-1 5.3706E-1 5.51543E-1 5.42252E-1 5.08393E-1 5.27428E-1 4.35266E-1 3.20937E-1 4.3326E-1 4.00332E-1 4.26315E-1 3.83483E-1 3.4756E-1 2.70108E-1 2.11421E-1 2.21244E-1 3.26662E-1 2.63551E-1 1.83044E-1 1.77327E-1 2.11834E-1 2.40255E-1 2.68165E-1 2.80549E-1 2.8498E-1 2.77193E-1 2.74769E-1 2.64094E-1 2.43278E-1 2.35536E-1 2.30982E-1 2.18206E-1 1.67387E-1 1.35954E-1 1.32755E-1 1.50114E-1 1.71014E-1 1.67382E-1 1.26917E-1 1.03478E-1 8.55422E-2 7.26783E-2 6.11131E-2 5.7633E-2 6.06652E-2 6.91844E-2 5.97109E-2
5.86169E-1 5.67706E-1 5.64049E-1 5.71445E-1 5.81906E-1 5.91083E-1 5.94872E-1 5.44907E-1 5.35701E-1 5.2443E-1 5.20979E-1 4.88606E-1 4.85004E-1 5.64904E-1 5.73221E-1 5.76367E-1 5.67806E-1 5.5462E-1 5.5466E-1 5.39588E-1 4.8911E-1 4.22967E-1 4.94088E-1 4.94883E-1 4.3669E-1 4.21728E-1 4.08695E-1 3.91861E-1 2.94265E-1 3.14084E-1 3.44949E-1 2.53592E-1 1.93489E-1 2.05939E-1 2.32568E-1 2.39776E-1 2.58142E-1 2.78808E-1 2.86987E-1 2.86391E-1 2.79202E-1 2.68396E-1 2.58136E-1 2.33491E-1 2.18384E-1 2.11301E-1 1.81901E-1 1.9799E-1 2.22221E-1 2.23756E-1 2.16025E-1 1.72875E-1 1.24988E-1 9.38744E-2 8.29996E-2 6.71384E-2 5.99019E-2 6.36119E-2 6.35482E-2 6.22359E-2 6.096E-2
5.57839E-1 5.69154E-1 5.65246E-1 5.65566E-1 5.53532E-1 5.39795E-1 6.25021E-1 6.0717E-1 5.48325E-1 5.19897E-1 4.90216E-1 4.97285E-1 5.4386E-1 6.00722E-1 5.80287E-1 5.80087E-1 5.62591E-1 5.57981E-1 5.56887E-1 5.4599E-1 5.38209E-1 5.24797E-1 5.4739E-1 4.1309E-1 3.17329E-1 2.95062E-1 3.30324E-1 3.64383E-1 3.83062E-1 3.89932E-1 3.17953E-1 2.7369E-1 2.33844E-1 1.80048E-1 1.88943E-1 1.88713E-1 2.01223E-1 2.7305E-1 2.85135E-1 2.8541E-1 2.8204E-1 2.77863E-1 2.66354E-1 2.57684E-1 2.38659E-1 2.11759E-1 2.13296E-1 2.19991E-1 2.42384E-1 2.41071E-1 2.32706E-1 2.06421E-1 1.65716E-1 1.40146E-1 9.06788E-2 7.20836E-2 5.4135E-2 6.00706E-2 8.62725E-2 7.09675E-2 5.59106E-2
5.57335E-1 5.01369E-1 5.10482E-1 5.43491E-1 4.41351E-1 4.85161E-1 6.31671E-1 5.74635E-1 5.53249E-1 4.34654E-1 4.03592E-1 5.07622E-1 6.00761E-1 6.11257E-1 6.15833E-1 6.05955E-1 5.91576E-1 5.75996E-1 5.58023E-1 5.28853E-1 5.42811E-1 5.66963E-1 5.58976E-1 4.95967E-1 4.15966E-1 3.09307E-1 2.67661E-1 3.38069E-1 3.75643E-1 3.31137E-1 3.3323E-1 2.5666E-1 1.84477E-1 1.15046E-1 1.17723E-1 1.40654E-1 1.71182E-1 2.16015E-1 2.68868E-1 2.85079E-1 2.81216E-1 2.77456E-1 2.7571E-1 2.67788E-1 2.65624E-1 2.62376E-1 2.61909E-1 2.63168E-1 2.56323E-1 2.4358E-1 2.35363E-1 1.93949E-1 1.27435E-1 1.04963E-1 8.88968E-2 8.14116E-2 8.95651E-2 9.39212E-2 1.11402E-1 8.31553E-2 7.28662E-2
5.44537E-1 5.39862E-1 4.76894E-1 4.31215E-1 4.17794E-1 5.61274E-1 6.47983E-1 5.90164E-1 5.38055E-1 4.75906E-1 5.64425E-1 5.93767E-1 6.07924E-1 6.03036E-1 5.86909E-1 5.90831E-1 5.67459E-1 5.41189E-1 4.97871E-1 4.69712E-1 5.30931E-1 5.65301E-1 5.56539E-1 5.40792E-1 4.93382E-1 3.51611E-1 3.33991E-1 2.93476E-1 2.76014E-1 2.53634E-1 3.07855E-1 2.70917E-1 2.31914E-1 1.91619E-1 1.36218E-1 1.46684E-1 1.83325E-1 2.15878E-1 2.50256E-1 2.67528E-1 2.74401E-1 2.75737E-1 2.78266E-1 2.79383E-1 2.73883E-1 2.7006E-1 2.72699E-1 2.61237E-1 2.55457E-1 2.46556E-1 2.3695E-1 1.94935E-1 1.19788E-1 1.29109E-1 1.65952E-1 1.58948E-1 1.48012E-1 1.4136E-1 1.00434E-1 6.84087E-2 6.52468E-2
5.52466E-1 5.8104E-1 5.36056E-1 4.776E-1 4.92102E-1 5.85606E-1 6.11237E-1 5.91502E-1 5.96167E-1 5.8343E-1 6.21069E-1 6.1753E-1 6.29316E-1 6.07886E-1 5.9196E-1 5.83446E-1 5.40217E-1 5.19847E-1 4.42022E-1 3.98037E-1 4.65271E-1 5.47454E-1 5.61225E-1 5.07763E-1 5.11335E-1 4.7898E-1 3.53004E-1 2.88925E-1 2.80344E-1 2.23649E-1 2.45556E-1 2.43755E-1 2.22121E-1 1.85047E-1 1.55838E-1 1.17129E-1 1.06741E-1 1.24931E-1 1.8113E-1 2.22471E-1 2.53617E-1 2.71372E-1 2.79249E-1 2.76248E-1 2.75338E-1 2.69833E-1 2.7272E-1 2.6347E-1 2.58646E-1 2.47958E-1 2.38021E-1 2.10874E-1 1.83965E-1 2.16936E-1 2.05114E-1 1.80062E-1 1.81338E-1 1.36939E-1 9.36995E-2 8.04211E-2 1.0275E-1
5.61922E-1 5.69235E-1 5.83264E-1 5.89774E-1 5.68338E-1 6.17603E-1 5.96069E-1 5.92734E-1 6.20659E-1 6.31194E-1 6.12565E-1 6.3339E-1 6.15863E-1 5.80669E-1 5.5958E-1 5.47435E-1 5.25035E-1 4.76557E-1 3.87924E-1 3.50886E-1 4.45251E-1 4.64114E-1 5.63192E-1 5.21044E-1 5.05008E-1 4.96043E-1 4.56614E-1 4.09632E-1 3.12808E-1 3.14973E-1 2.87674E-1 2.14497E-1 1.94623E-1 1.96864E-1 1.45735E-1 9.46827E-2 1.28108E-1 1.23698E-1 1.33289E-1 1.42858E-1 1.87024E-1 2.35513E-1 2.53195E-1 2.79553E-1 2.69956E-1 2.77111E-1 2.68294E-1 2.6288E-1 2.58309E-1 2.53349E-1 2.43813E-1 2.45805E-1 2.3618E-1 2.27691E-1 1.92702E-1 1.42707E-1 1.52446E-1 1.59988E-1 1.5628E-1 1.45463E-1 1.27649E-1
5.59236E-1 5.56334E-1 5.78327E-1 5.8438E-1 5.91397E-1 6.33798E-1 5.84465E-1 5.81684E-1 6.39978E-1 6.50284E-1 6.22058E-1 6.32689E-1 5.97622E-1 5.61701E-1 5.62392E-1 5.61756E-1 5.3322E-1 5.01228E-1 4.27837E-1 3.62612E-1 3.83639E-1 3.93837E-1 5.6134E-1 5.38425E-1 5.03801E-1 4.76389E-1 4.69662E-1 4.70287E-1 4.31112E-1 4.11333E-1 3.65101E-1 3.11207E-1 2.96077E-1 2.33408E-1 1.42317E-1 1.58752E-1 2.06932E-1 2.06441E-1 2.03031E-1 2.00209E-1 2.36756E-1 2.56635E-1 2.68721E-1 2.71074E-1 2.6824E-1 2.65308E-1 2.67975E-1 2.65605E-1 2.60991E-1 2.56312E-1 2.4965E-1 2.48328E-1 2.40731E-1 2.34296E-1 2.2893E-1 2.15742E-1 1.84132E-1 1.47756E-1 1.0862E-1 9.45034E-2 8.93E-2
5.53274E-1 5.33676E-1 5.40215E-1 5.55379E-1 5.98441E-1 5.88689E-1 5.54919E-1 5.88815E-1 6.20806E-1 6.13758E-1 6.25472E-1 6.2808E-1 5.86129E-1 5.72047E-1 5.40192E-1 5.39947E-1 5.33504E-1 5.07907E-1 4.58723E-1 4.09517E-1 3.51488E-1 3.72829E-1 5.62981E-1 5.29749E-1 5.07357E-1 4.62044E-1 4.29119E-1 4.3638E-1 4.35951E-1 4.03848E-1 3.84962E-1 3.83326E-1 2.83484E-1 2.22112E-1 2.1883E-1 2.25727E-1 2.60173E-1 2.84925E-1 2.59531E-1 2.63991E-1 2.38024E-1 1.95232E-1 2.55038E-1 2.48522E-1 2.5178E-1 2.59195E-1 2.64146E-1 2.65441E-1 2.65746E-1 2.53623E-1 2.53744E-1 2.48809E-1 2.48603E-1 2.41583E-1 2.35885E-1 2.2856E-1 2.07041E-1 1.76129E-1 1.00876E-1 9.98805E-2 8.24245E-2
5.29918E-1 5.34975E-1 5.39157E-1 5.65854E-1 5.37979E-1 5.81064E-1 6.08669E-1 5.81355E-1 5.75332E-1 6.08654E-1 6.60621E-1 6.4393E-1 6.16948E-1 5.81258E-1 5.60095E-1 5.55103E-1 5.44848E-1 5.10552E-1 4.41492E-1 3.87002E-1 3.15886E-1 3.95073E-1 5.6425E-1 5.39206E-1 4.60806E-1 4.59502E-1 4.14053E-1 3.845E-1 3.97902E-1 3.28422E-1 3.2179E-1 3.50897E-1 3.70915E-1 3.41776E-1 3.3084E-1 3.13716E-1 3.02529E-1 2.50249E-1 1.89689E-1 2.41694E-1 1.86191E-1 1.52904E-1 1.58058E-1 1.94885E-1 2.37496E-1 2.4275E-1 2.51449E-1 2.59419E-1 2.67467E-1 2.55587E-1 2.50816E-1 2.48882E-1 2.50529E-1 2.44147E-1 2.39682E-1 2.28686E-1 2.02956E-1 1.6242E-1 1.59425E-1 1.15946E-1 1.00449E-1
5.24219E-1 5.27956E-1 5.31366E-1 5.28794E-1 5.73175E-1 6.26984E-1 6.5989E-1 6.22868E-1 5.6956E-1 5.70483E-1 5.84084E-1 5.92238E-1 6.16686E-1 5.89175E-1 5.93295E-1 5.76991E-1 5.44636E-1 4.86898E-1 4.00213E-1 3.60817E-1 3.37956E-1 3.64867E-1 5.64869E-1 5.55611E-1 4.56371E-1 4.29533E-1 4.17709E-1 3.48167E-1 3.51917E-1 3.013E-1 2.92459E-1 2.75667E-1 3.29433E-1 2.7357E-1 2.6753E-1 3.03076E-1 2.85939E-1 2.43575E-1 1.76597E-1 2.16349E-1 1.60977E-1 1.16533E-1 1.29398E-1 1.58225E-1 1.85745E-1 2.21711E-1 2.37676E-1 2.57899E-1 2.57675E-1 2.55908E-1 2.60024E-1 2.52803E-1 2.49497E-1 2.43217E-1 2.3496E-1 2.27496E-1 1.99805E-1 2.08088E-1 1.93216E-1 1.71024E-1 1.5231E-1
5.12898E-1 5.1928E-1 5.20331E-1 5.36898E-1 5.73606E-1 6.21422E-1 6.25057E-1 5.87762E-1 5.81297E-1 5.85524E-1 5.98505E-1 6.5951E-1 6.2746E-1 6.03669E-1 5.91638E-1 5.89215E-1 5.49476E-1 4.72396E-1 4.23636E-1 3.92113E-1 3.41155E-1 4.50289E-1 5.65279E-1 5.67596E-1 4.78009E-1 4.78373E-1 4.81471E-1 4.17296E-1 4.07432E-1 4.06069E-1 3.48807E-1 2.57868E-1 2.34333E-1 1.9445E-1 2.36292E-1 2.47355E-1 2.57359E-1 2.23181E-1 1.65905E-1 1.76579E-1 1.45109E-1 9.2605E-2 7.37171E-2 9.85952E-2 1.67214E-1 1.77346E-1 2.04062E-1 2.36699E-1 2.48892E-1 2.48507E-1 2.57615E-1 2.59431E-1 2.55416E-1 2.48034E-1 2.41994E-1 2.38776E-1 2.35259E-1 2.27932E-1 2.22613E-1 2.0397E-1 1.68239E-1
5.11879E-1 5.28981E-1 5.39263E-1 5.66688E-1 6.1171E-1 6.25511E-1 5.67043E-1 5.75891E-1 5.83706E-1 5.91193E-1 5.93783E-1 5.86171E-1 6.0561E-1 6.15751E-1 6.09926E-1 5.68967E-1 5.08742E-1 4.89224E-1 4.60043E-1 3.98254E-1 3.68355E-1 4.88888E-1 5.29514E-1 5.90039E-1 5.18335E-1 5.0518E-1 5.35822E-1 4.85729E-1 4.60846E-1 4.43628E-1 3.92689E-1 3.27685E-1 2.57383E-1 2.11214E-1 1.99264E-1 1.96639E-1 2.28498E-1 1.72469E-1 1.56555E-1 1.50303E-1 1.50638E-1 1.17273E-1 8.87974E-2 1.0208E-1 1.09704E-1 1.10202E-1 1.07386E-1 1.97293E-1 2.34041E-1 2.36707E-1 2.40883E-1 2.512E-1 2.5617E-1 2.54778E-1 2.49457E-1 2.46305E-1 2.38304E-1 2.32716E-1 2.25281E-1 1.86323E-1 1.74564E-1
5.18115E-1 5.35295E-1 5.7091E-1 6.08856E-1 6.09813E-1 5.62423E-1 5.52595E-1 5.67929E-1 5.77044E-1 6.01302E-1 6.11961E-1 6.30993E-1 6.22799E-1 6.025E-1 5.85559E-1 5.47397E-1 5.34473E-1 5.12032E-1 4.92968E-1 4.31522E-1 4.23612E-1 4.55446E-1 5.25631E-1 5.74677E-1 5.70666E-1 5.66744E-1 5.0817E-1 5.08679E-1 4.7767E-1 4.22312E-1 3.96667E-1 3.5854E-1 3.24743E-1 2.77579E-1 2.20784E-1 2.22211E-1 2.21393E-1 2.32915E-1 2.40274E-1 2.21626E-1 2.10425E-1 1.54296E-1 1.18301E-1 9.22326E-2 6.51114E-2 6.734E-2 9.13783E-2 1.42733E-1 2.13921E-1 2.16463E-1 2.24036E-1 2.32499E-1 2.48418E-1 2.56661E-1 2.50505E-1 2.55719E-1 2.44043E-1 2.35096E-1 2.31796E-1 2.11228E-1 2.05677E-1
5.23267E-1 5.4698E-1 5.80124E-1 5.71987E-1 5.42047E-1 5.42897E-1 5.57692E-1 5.63397E-1 5.74003E-1 5.96247E-1 6.3805E-1 5.96535E-1 5.73613E-1 5.72071E-1 5.68149E-1 5.67085E-1 5.6139E-1 5.53724E-1 5.18672E-1 4.60772E-1 4.18503E-1 4.40253E-1 5.32253E-1 5.3129E-1 5.88308E-1 5.62574E-1 4.65696E-1 4.32849E-1 4.5764E-1 4.09367E-1 3.40148E-1 3.43977E-1 2.97714E-1 2.57874E-1 2.72636E-1 2.98141E-1 2.75589E-1 3.06288E-1 2.78922E-1 2.23239E-1 1.8255E-1 1.8544E-1 1.80344E-1 1.10313E-1 6.20028E-2 5.74779E-2 9.18471E-2 1.2994E-1 1.752E-1 2.00669E-1 2.08467E-1 2.22294E-1 2.32917E-1 2.41728E-1 2.53861E-1 2.54552E-1 2.51474E-1 2.41884E-1 2.42713E-1 2.28596E-1 2.2303E-1
5.33375E-1 5.33014E-1 5.25519E-1 5.23618E-1 5.36161E-1 5.48002E-1 5.51135E-1 5.66375E-1 5.84706E-1 6.3335E-1 6.11185E-1 5.83594E-1 5.74183E-1 5.63638E-1 5.74693E-1 5.91315E-1 5.86813E-1 5.67626E-1 5.39163E-1 5.15234E-1 5.0163E-1 4.79572E-1 4.27169E-1 5.25774E-1 5.84099E-1 5.52409E-1 4.4175E-1 4.14425E-1 4.13108E-1 3.88324E-1 3.58421E-1 3.7612E-1 3.20936E-1 3.2255E-1 3.41819E-1 3.17913E-1 3.56995E-1 3.17172E-1 2.61735E-1 2.16952E-1 1.94319E-1 2.30465E-1 1.95217E-1 1.65922E-1 7.64779E-2 6.55004E-2 8.29933E-2 1.11304E-1 1.43734E-1 1.78476E-1 1.95894E-1 2.03566E-1 2.20636E-1 2.29493E-1 2.39271E-1 2.50014E-1 2.49582E-1 2.47432E-1 2.44579E-1 2.35315E-1 2.24811E-1
5.04353E-1 5.07563E-1 5.2109E-1 5.3541E-1 5.49294E-1 5.50975E-1 5.53334E-1 5.92795E-1 6.02415E-1 5.72085E-1 5.71334E-1 5.96373E-1 5.77622E-1 5.64615E-1 5.57905E-1 6.01591E-1 6.09665E-1 6.26733E-1 5.93779E-1 5.66809E-1 5.43302E-1 4.92241E-1 4.5393E-1 5.07113E-1 5.99988E-1 5.14467E-1 4.57179E-1 4.6979E-1 4.18721E-1 3.76936E-1 3.69195E-1 3.90997E-1 3.94886E-1 3.74921E-1 4.11464E-1 3.8992E-1 4.00329E-1 3.52564E-1 3.16607E-1 2.85778E-1 2.48919E-1 2.66769E-1 2.29891E-1 1.85868E-1 1.09576E-1 6.38976E-2 6.82563E-2 8.8037E-2 1.16182E-1 1.47819E-1 1.69433E-1 1.97028E-1 2.01698E-1 2.12888E-1 2.31325E-1 2.39156E-1 2.41868E-1 2.45076E-1 2.39424E-1 2.36959E-1 2.27551E-1
