Artocarpus heterophyllus SDM files/Last interglacial/results (with bias file)/Arthet_min.asc
ncols         625
nrows         721
xllcorner     69.99986311115
yllcorner     5.99986151914999
cellsize      0.041666667
NODATA_value  -9999
[rows 297 to 323 of 721, columns 244 to 304 of 625]
4.40624E-1 4.23086E-1 4.35891E-1 4.39894E-1 4.30911E-1 4.34049E-1 4.44683E-1 4.47426E-1 4.32351E-1 4.16386E-1 4.13802E-1 4.15617E-1 4.26403E-1 4.33311E-1 4.38457E-1 4.37104E-1 4.45658E-1 4.46139E-1 4.57163E-1 4.57173E-1 4.5472E-1 4.24971E-1 4.223E-1 4.2157E-1 4.27535E-1 4.27281E-1 4.41856E-1 4.42275E-1 4.42731E-1 4.51667E-1 4.53524E-1 4.55091E-1 4.4842E-1 4.46296E-1 4.3956E-1 4.50324E-1 4.63106E-1 4.63458E-1 4.49369E-1 4.50332E-1 4.54784E-1 4.50714E-1 4.64852E-1 4.78662E-1 4.64731E-1 4.6644E-1 4.7848E-1 4.87366E-1 4.72168E-1 4.62756E-1 4.56436E-1 4.65379E-1 4.63356E-1 4.80313E-1 4.76258E-1 4.84704E-1 4.65222E-1 4.60407E-1 4.4946E-1 4.71814E-1 4.4944E-1
4.35987E-1 4.34989E-1 4.38083E-1 4.35619E-1 4.49012E-1 4.4585E-1 4.44017E-1 4.4336E-1 4.20862E-1 4.1774E-1 4.16896E-1 4.2046E-1 4.34363E-1 4.36613E-1 4.36724E-1 4.36037E-1 4.38336E-1 4.54342E-1 4.57499E-1 4.64892E-1 4.51875E-1 4.31273E-1 4.20923E-1 4.28311E-1 4.24764E-1 4.27034E-1 4.44727E-1 4.48641E-1 4.47707E-1 4.55107E-1 4.58959E-1 4.57302E-1 4.56683E-1 4.55963E-1 4.52887E-1 4.60202E-1 4.61504E-1 4.69991E-1 4.57992E-1 4.57443E-1 4.52765E-1 4.69708E-1 4.71103E-1 4.92855E-1 4.71199E-1 4.68677E-1 4.87566E-1 4.88999E-1 4.75825E-1 4.64301E-1 4.68373E-1 4.71854E-1 4.76512E-1 4.81185E-1 4.9823E-1 4.96257E-1 4.66137E-1 4.73735E-1 4.5173E-1 4.60853E-1 4.75387E-1
4.43487E-1 4.4014E-1 4.46796E-1 4.53826E-1 4.55058E-1 4.47272E-1 4.33815E-1 4.36445E-1 4.20001E-1 4.23E-1 4.24744E-1 4.30888E-1 4.30812E-1 4.44844E-1 4.45203E-1 4.34636E-1 4.38015E-1 4.48117E-1 4.60367E-1 4.64239E-1 4.5038E-1 4.39598E-1 4.31826E-1 4.31356E-1 4.26187E-1 4.5E-1 4.35596E-1 4.42041E-1 4.68417E-1 4.53341E-1 4.52451E-1 4.70032E-1 4.64402E-1 4.62513E-1 4.72593E-1 4.73753E-1 4.6062E-1 4.61088E-1 4.67625E-1 4.78565E-1 4.60855E-1 4.799E-1 4.69154E-1 4.8094E-1 5.00329E-1 4.92235E-1 4.84457E-1 4.85181E-1 4.81133E-1 4.72233E-1 4.71485E-1 4.64167E-1 4.69441E-1 4.69148E-1 4.93432E-1 5.18106E-1 4.99674E-1 4.80314E-1 4.62101E-1 4.57266E-1 4.59141E-1
4.42116E-1 4.3388E-1 4.39872E-1 4.50823E-1 4.51554E-1 4.43619E-1 4.42713E-1 4.49315E-1 4.22775E-1 4.24785E-1 4.42243E-1 4.48662E-1 4.34283E-1 4.45923E-1 4.3293E-1 4.37051E-1 4.38504E-1 4.47933E-1 4.62423E-1 4.48023E-1 4.55636E-1 4.48495E-1 4.33685E-1 4.29688E-1 4.42762E-1 4.57076E-1 4.31712E-1 4.44002E-1 4.60717E-1 4.59205E-1 4.66944E-1 4.79579E-1 4.78074E-1 4.70522E-1 4.61251E-1 4.64715E-1 4.56649E-1 4.61012E-1 4.63202E-1 4.83318E-1 4.81051E-1 4.82846E-1 4.85083E-1 4.88776E-1 4.91237E-1 5.01686E-1 4.97589E-1 4.99272E-1 4.90879E-1 5.07457E-1 4.88194E-1 4.76776E-1 4.67938E-1 4.76061E-1 4.8463E-1 4.97285E-1 5.04308E-1 4.95027E-1 4.7086E-1 4.70284E-1 4.71026E-1
4.38524E-1 4.38346E-1 4.41501E-1 4.42852E-1 4.4261E-1 4.43988E-1 4.51095E-1 4.57818E-1 4.24922E-1 4.36361E-1 4.54559E-1 4.62467E-1 4.4446E-1 4.57938E-1 4.51817E-1 4.32832E-1 4.44198E-1 4.41743E-1 4.46863E-1 4.40614E-1 4.448E-1 4.4768E-1 4.48172E-1 4.34675E-1 4.48247E-1 4.60104E-1 4.29257E-1 4.42531E-1 4.51646E-1 4.60088E-1 4.68782E-1 4.71657E-1 4.66074E-1 4.61685E-1 4.5872E-1 4.6507E-1 4.60898E-1 4.62415E-1 4.65346E-1 4.73637E-1 4.64622E-1 4.77591E-1 4.73554E-1 4.82295E-1 4.86886E-1 4.96791E-1 4.97823E-1 4.98136E-1 4.96961E-1 5.1188E-1 4.96697E-1 4.86589E-1 4.9433E-1 5.02867E-1 4.88741E-1 4.93228E-1 4.97582E-1 4.9178E-1 4.67226E-1 4.76255E-1 4.7372E-1
4.3811E-1 4.3696E-1 4.38651E-1 4.45642E-1 4.45988E-1 4.43775E-1 4.54241E-1 4.57306E-1 4.31185E-1 4.35417E-1 4.47508E-1 4.52121E-1 4.60571E-1 4.71023E-1 4.6886E-1 4.59832E-1 4.54061E-1 4.29287E-1 4.37762E-1 4.395E-1 4.41517E-1 4.4844E-1 4.41625E-1 4.51597E-1 4.57187E-1 4.59668E-1 4.51105E-1 4.38574E-1 4.49972E-1 4.61273E-1 4.70805E-1 4.60529E-1 4.61084E-1 4.60346E-1 4.60922E-1 4.69107E-1 4.7285E-1 4.63738E-1 4.74678E-1 4.84144E-1 4.66057E-1 4.68524E-1 4.69932E-1 4.67155E-1 4.73707E-1 4.77145E-1 4.80539E-1 4.89289E-1 4.97926E-1 5.02664E-1 5.07813E-1 4.98126E-1 4.86916E-1 4.95745E-1 4.92243E-1 4.95362E-1 4.95817E-1 4.85518E-1 4.63794E-1 4.81021E-1 4.5154E-1
4.4134E-1 4.43147E-1 4.33449E-1 4.38862E-1 4.44821E-1 4.49192E-1 4.58209E-1 4.56536E-1 4.28466E-1 4.43728E-1 4.52501E-1 4.6051E-1 4.58298E-1 4.80117E-1 4.77851E-1 4.60378E-1 4.35533E-1 4.30191E-1 4.37683E-1 4.38763E-1 4.49984E-1 4.57599E-1 4.49887E-1 4.55958E-1 4.59694E-1 4.64267E-1 4.3945E-1 4.41796E-1 4.54749E-1 4.52313E-1 4.5946E-1 4.57316E-1 4.72596E-1 4.73946E-1 4.72211E-1 4.70071E-1 4.62021E-1 4.65508E-1 4.75348E-1 4.87674E-1 4.83465E-1 4.81443E-1 4.75301E-1 4.67531E-1 4.64416E-1 4.72722E-1 4.7891E-1 4.86634E-1 4.86148E-1 4.92158E-1 4.92258E-1 4.93189E-1 4.88365E-1 4.93702E-1 4.96628E-1 4.98662E-1 5.02162E-1 5.06348E-1 4.91278E-1 4.93479E-1 4.75542E-1
4.44584E-1 4.42372E-1 4.33004E-1 4.36683E-1 4.41474E-1 4.52276E-1 4.66609E-1 4.59452E-1 4.33194E-1 4.55618E-1 4.6817E-1 4.63692E-1 4.71356E-1 4.78519E-1 4.53065E-1 4.3248E-1 4.35686E-1 4.37546E-1 4.40425E-1 4.38426E-1 4.44297E-1 4.54897E-1 4.67524E-1 4.75675E-1 4.58975E-1 4.4854E-1 4.41336E-1 4.43353E-1 4.5784E-1 4.55692E-1 4.61811E-1 4.50666E-1 4.64109E-1 4.76365E-1 4.74395E-1 4.60083E-1 4.61263E-1 4.63976E-1 4.68615E-1 4.75074E-1 4.7697E-1 4.79549E-1 4.82328E-1 4.77014E-1 4.68853E-1 4.78397E-1 4.84312E-1 4.83744E-1 4.82169E-1 4.84639E-1 4.88272E-1 4.88895E-1 4.96701E-1 5.02968E-1 5.04194E-1 5.02498E-1 5.06176E-1 5.03114E-1 4.92723E-1 5.02147E-1 5.12896E-1
4.46064E-1 4.33795E-1 4.28518E-1 4.41638E-1 4.40692E-1 4.58688E-1 4.72799E-1 4.58837E-1 4.45574E-1 4.70792E-1 4.80282E-1 4.73702E-1 4.84779E-1 4.84374E-1 4.32203E-1 4.41947E-1 4.49595E-1 4.65451E-1 4.61892E-1 4.5144E-1 4.42643E-1 4.64745E-1 4.8626E-1 4.99697E-1 4.53018E-1 4.45808E-1 4.45926E-1 4.47934E-1 4.56139E-1 4.72476E-1 4.57699E-1 4.50329E-1 4.63014E-1 4.69166E-1 4.74312E-1 4.58178E-1 4.66755E-1 4.71859E-1 4.72091E-1 4.6285E-1 4.69388E-1 4.79354E-1 4.80991E-1 4.72246E-1 4.70547E-1 4.74091E-1 4.80594E-1 4.83412E-1 4.83573E-1 4.80977E-1 4.88104E-1 4.84832E-1 4.92273E-1 4.90762E-1 4.98207E-1 4.86209E-1 4.76288E-1 4.81718E-1 4.96144E-1 4.8939E-1 4.78123E-1
4.59107E-1 4.56335E-1 4.40834E-1 4.44501E-1 4.50066E-1 4.67152E-1 4.74163E-1 4.50838E-1 4.55788E-1 4.77843E-1 4.75025E-1 4.72928E-1 4.90922E-1 4.70241E-1 4.371E-1 4.55642E-1 4.61784E-1 5.0269E-1 4.9749E-1 4.47553E-1 4.48245E-1 4.54595E-1 4.80113E-1 5.00769E-1 4.84754E-1 4.43756E-1 4.46789E-1 4.51045E-1 4.57317E-1 4.71846E-1 4.60859E-1 4.5524E-1 4.55081E-1 4.60714E-1 4.61924E-1 4.64926E-1 4.70864E-1 4.71578E-1 4.70301E-1 4.6748E-1 4.73365E-1 4.73565E-1 4.79646E-1 4.83025E-1 4.72086E-1 4.75634E-1 4.83708E-1 4.78986E-1 4.79838E-1 4.62025E-1 4.71677E-1 4.957E-1 4.8652E-1 5.01135E-1 4.77959E-1 4.92047E-1 4.79832E-1 4.91448E-1 4.93064E-1 4.89078E-1 4.82353E-1
4.64586E-1 4.70361E-1 4.64773E-1 4.57952E-1 4.53069E-1 4.69349E-1 4.64606E-1 4.57525E-1 4.5685E-1 4.66593E-1 4.74484E-1 4.77417E-1 4.8816E-1 4.86416E-1 4.77904E-1 4.94483E-1 4.8158E-1 5.1041E-1 4.9707E-1 4.73441E-1 4.49993E-1 4.68841E-1 4.55466E-1 4.84672E-1 4.9784E-1 4.72236E-1 4.47438E-1 4.53425E-1 4.61731E-1 4.66289E-1 4.60646E-1 4.60514E-1 4.67884E-1 4.62933E-1 4.56543E-1 4.59178E-1 4.64702E-1 4.73388E-1 4.66461E-1 4.74851E-1 4.76908E-1 4.65168E-1 4.74504E-1 4.82508E-1 4.74595E-1 4.77048E-1 4.92188E-1 4.88333E-1 4.64819E-1 4.59248E-1 4.7084E-1 5.04623E-1 5.15244E-1 5.01719E-1 4.69587E-1 4.76347E-1 4.78715E-1 4.94138E-1 4.901E-1 4.94242E-1 4.82223E-1
4.64205E-1 4.77191E-1 4.69709E-1 4.66765E-1 4.67696E-1 4.7346E-1 4.62309E-1 4.70588E-1 4.6557E-1 4.72379E-1 4.72947E-1 4.66781E-1 4.80741E-1 4.86884E-1 5.06687E-1 4.98946E-1 5.12405E-1 4.98009E-1 4.99117E-1 4.89355E-1 5.00029E-1 4.66909E-1 4.57151E-1 4.69881E-1 4.92715E-1 5.10615E-1 4.92631E-1 4.56881E-1 4.57328E-1 4.58831E-1 4.61189E-1 4.67427E-1 4.64059E-1 4.6088E-1 4.63758E-1 4.56337E-1 4.61307E-1 4.70933E-1 4.73887E-1 4.73662E-1 4.73428E-1 4.66276E-1 4.80487E-1 4.72954E-1 4.76695E-1 4.82249E-1 4.81784E-1 4.92303E-1 4.68947E-1 4.70924E-1 4.79825E-1 4.98078E-1 5.02694E-1 5.04907E-1 4.74198E-1 4.81469E-1 4.78551E-1 5.05166E-1 4.85117E-1 5.05386E-1 4.99375E-1
4.61594E-1 4.65786E-1 4.60779E-1 4.77178E-1 4.8023E-1 4.84201E-1 4.61351E-1 4.78302E-1 4.80713E-1 4.84823E-1 4.85049E-1 4.82474E-1 4.79927E-1 4.81884E-1 4.89672E-1 4.96025E-1 4.9968E-1 5.05992E-1 5.04585E-1 5.11832E-1 4.99648E-1 5.00678E-1 4.87349E-1 4.6003E-1 4.66759E-1 4.9889E-1 5.11734E-1 4.94794E-1 4.54199E-1 4.55585E-1 4.57751E-1 4.59253E-1 4.70343E-1 4.62408E-1 4.63059E-1 4.58868E-1 4.5303E-1 4.64129E-1 4.63123E-1 4.65909E-1 4.68201E-1 4.75829E-1 4.77042E-1 4.73901E-1 4.84579E-1 4.86955E-1 4.76893E-1 4.75972E-1 4.62192E-1 4.72987E-1 4.75558E-1 4.96179E-1 4.88544E-1 4.92165E-1 4.8369E-1 4.79127E-1 4.7375E-1 4.75576E-1 4.91766E-1 5.03337E-1 4.91469E-1
4.58306E-1 4.6282E-1 4.66903E-1 4.72726E-1 4.91369E-1 4.8914E-1 4.75605E-1 4.81818E-1 4.846E-1 4.88337E-1 5.03712E-1 4.85329E-1 4.65083E-1 4.9554E-1 5.10915E-1 4.89584E-1 4.94249E-1 4.90475E-1 5.08857E-1 4.95652E-1 5.02444E-1 5.23189E-1 5.18667E-1 4.83232E-1 4.82168E-1 4.71441E-1 4.87539E-1 5.08856E-1 4.6716E-1 4.53195E-1 4.58107E-1 4.65362E-1 4.76323E-1 4.62478E-1 4.57493E-1 4.5555E-1 4.557E-1 4.64215E-1 4.64394E-1 4.65867E-1 4.64798E-1 4.76626E-1 4.69654E-1 4.80675E-1 4.80056E-1 4.84001E-1 4.88063E-1 4.73971E-1 4.63226E-1 4.65917E-1 4.70165E-1 4.77319E-1 4.88337E-1 4.94047E-1 4.95362E-1 4.83452E-1 4.64262E-1 4.71277E-1 4.80293E-1 4.91256E-1 4.97189E-1
4.59417E-1 4.58567E-1 4.7909E-1 4.69343E-1 4.86089E-1 4.88954E-1 4.84422E-1 4.93418E-1 4.98996E-1 4.89235E-1 5.00279E-1 4.74456E-1 4.8704E-1 5.08695E-1 4.94017E-1 4.73793E-1 4.8165E-1 4.96967E-1 5.00319E-1 4.9801E-1 5.21036E-1 5.2389E-1 5.0746E-1 4.98308E-1 4.74927E-1 4.78295E-1 4.75408E-1 4.9976E-1 4.98943E-1 4.96758E-1 4.94691E-1 5.02778E-1 4.95988E-1 4.66533E-1 4.55823E-1 4.55845E-1 4.59147E-1 4.61869E-1 4.58675E-1 4.79323E-1 4.78044E-1 4.71464E-1 4.66766E-1 4.71406E-1 4.8139E-1 4.84494E-1 4.7447E-1 4.79205E-1 4.75706E-1 4.74508E-1 4.66156E-1 4.67041E-1 4.81538E-1 4.83457E-1 4.85766E-1 4.87396E-1 4.81302E-1 4.61793E-1 4.70019E-1 4.75331E-1 4.84511E-1
4.77923E-1 4.68924E-1 4.81334E-1 4.85857E-1 4.88108E-1 4.87724E-1 4.97061E-1 4.9722E-1 4.86642E-1 4.82053E-1 4.75733E-1 4.73811E-1 4.88425E-1 4.87539E-1 4.80247E-1 4.84902E-1 4.91212E-1 4.88735E-1 5.013E-1 5.06092E-1 5.17679E-1 5.13008E-1 5.02169E-1 5.1226E-1 5.02799E-1 4.83839E-1 4.89437E-1 4.71055E-1 4.85495E-1 4.95187E-1 5.04281E-1 4.89516E-1 4.94855E-1 4.74923E-1 4.67385E-1 4.83154E-1 4.6011E-1 4.58029E-1 4.53797E-1 4.63278E-1 4.81098E-1 4.84132E-1 4.75989E-1 4.81195E-1 4.72189E-1 4.88433E-1 4.74316E-1 4.64932E-1 4.72798E-1 4.67625E-1 4.73076E-1 4.62851E-1 4.7251E-1 4.86551E-1 4.82155E-1 4.92152E-1 4.90583E-1 4.77676E-1 4.67886E-1 4.86278E-1 4.85646E-1
4.89786E-1 4.94469E-1 4.93702E-1 4.94331E-1 4.87245E-1 4.99507E-1 5.05002E-1 4.93623E-1 4.68619E-1 4.66234E-1 4.70426E-1 4.76837E-1 4.97741E-1 4.96598E-1 4.92572E-1 4.93788E-1 4.8469E-1 4.74038E-1 4.94831E-1 5.08711E-1 5.01191E-1 4.83707E-1 5.03798E-1 5.24782E-1 5.1066E-1 5.10666E-1 5.02577E-1 4.91809E-1 4.72277E-1 4.87092E-1 4.99101E-1 4.85822E-1 4.88935E-1 4.93463E-1 4.95437E-1 5.05621E-1 4.76237E-1 4.57849E-1 4.5471E-1 4.6577E-1 4.65519E-1 4.88023E-1 4.78563E-1 4.89064E-1 4.81068E-1 4.8462E-1 4.80998E-1 4.73199E-1 4.65822E-1 4.65971E-1 4.71624E-1 4.72941E-1 4.65059E-1 4.8147E-1 4.76256E-1 4.86692E-1 4.85208E-1 4.81816E-1 4.75269E-1 4.81136E-1 4.93462E-1
4.99455E-1 4.89553E-1 4.78838E-1 4.83799E-1 4.9105E-1 5.04838E-1 5.01442E-1 4.76082E-1 4.56901E-1 4.86118E-1 4.91974E-1 5.03153E-1 5.01994E-1 5.13032E-1 5.22458E-1 5.13532E-1 4.94622E-1 4.68714E-1 4.82875E-1 4.8551E-1 4.8582E-1 5.01738E-1 4.96324E-1 4.98565E-1 4.96625E-1 5.07178E-1 5.09308E-1 5.00348E-1 4.94493E-1 4.85214E-1 4.86063E-1 4.80836E-1 4.90803E-1 4.86222E-1 4.7377E-1 4.91158E-1 5.09351E-1 4.63018E-1 4.56655E-1 4.6939E-1 4.60633E-1 4.76227E-1 4.85578E-1 4.88114E-1 4.87804E-1 4.80755E-1 4.82131E-1 4.79137E-1 4.72424E-1 4.73085E-1 4.69605E-1 4.7078E-1 4.61873E-1 4.71591E-1 4.7167E-1 4.78448E-1 4.83096E-1 4.73172E-1 4.89152E-1 4.93147E-1 4.92802E-1
4.91116E-1 4.59835E-1 4.68426E-1 4.88623E-1 4.98441E-1 4.99684E-1 4.8548E-1 4.84394E-1 4.70616E-1 4.85351E-1 4.97388E-1 5.06334E-1 5.0082E-1 5.09166E-1 5.06527E-1 5.30325E-1 5.11907E-1 4.77643E-1 4.95223E-1 5.05502E-1 5.11629E-1 5.09646E-1 4.8645E-1 4.94521E-1 4.82444E-1 4.90716E-1 4.87004E-1 4.93283E-1 5.0076E-1 4.97339E-1 5.05061E-1 4.91423E-1 4.85739E-1 5.01301E-1 4.78346E-1 4.72239E-1 4.94628E-1 4.98737E-1 4.82067E-1 4.62857E-1 4.57659E-1 4.594E-1 4.82993E-1 4.87781E-1 4.95479E-1 4.90531E-1 4.82134E-1 4.7346E-1 4.70593E-1 4.86523E-1 4.74542E-1 4.73186E-1 4.69961E-1 4.65059E-1 4.63161E-1 4.73166E-1 4.66653E-1 4.71868E-1 4.83325E-1 4.91241E-1 5.0584E-1
4.68818E-1 4.53305E-1 4.69614E-1 4.93027E-1 5.00814E-1 5.03237E-1 4.77752E-1 4.73172E-1 4.8141E-1 5.0987E-1 5.11075E-1 5.04936E-1 4.94966E-1 4.81828E-1 5.08192E-1 5.23676E-1 5.14724E-1 5.04923E-1 4.94259E-1 5.12079E-1 5.06105E-1 5.21882E-1 4.87642E-1 4.93623E-1 4.97226E-1 4.9489E-1 4.73052E-1 4.73483E-1 4.80894E-1 4.82308E-1 4.92426E-1 4.93511E-1 5.03393E-1 5.01507E-1 5.1926E-1 4.89793E-1 4.78826E-1 4.917E-1 5.02488E-1 4.62648E-1 4.60093E-1 4.63411E-1 4.61527E-1 4.85405E-1 4.76869E-1 4.8594E-1 4.88105E-1 4.79628E-1 4.81418E-1 4.84998E-1 4.74567E-1 4.86875E-1 4.81443E-1 4.69997E-1 4.64491E-1 4.61511E-1 4.75166E-1 4.63492E-1 4.84738E-1 4.9422E-1 5.0758E-1
4.58863E-1 4.63487E-1 4.85848E-1 4.94258E-1 5.054E-1 5.0697E-1 4.79423E-1 4.69871E-1 4.90969E-1 5.12035E-1 4.94332E-1 4.75003E-1 4.76574E-1 5.03823E-1 4.94355E-1 5.0738E-1 5.08401E-1 5.21967E-1 5.03761E-1 5.15316E-1 5.08025E-1 5.23184E-1 5.20593E-1 5.01141E-1 5.02366E-1 5.08925E-1 4.87247E-1 4.74857E-1 4.9297E-1 4.7747E-1 4.69863E-1 4.8288E-1 4.96223E-1 5.03447E-1 5.05772E-1 4.95668E-1 5.15974E-1 4.95928E-1 5.03012E-1 4.64433E-1 4.59015E-1 4.61762E-1 4.6503E-1 4.80874E-1 4.82708E-1 4.87352E-1 4.91001E-1 4.84886E-1 4.78431E-1 4.90087E-1 4.86819E-1 4.72669E-1 4.81398E-1 4.78339E-1 4.9207E-1 4.75511E-1 4.81791E-1 4.6697E-1 4.83054E-1 4.83951E-1 4.91975E-1
4.67813E-1 4.80492E-1 4.76809E-1 4.93979E-1 5.05726E-1 5.11006E-1 4.97613E-1 4.70602E-1 4.7777E-1 5.00452E-1 4.81206E-1 4.86321E-1 4.88949E-1 5.01797E-1 5.17357E-1 4.82541E-1 4.97262E-1 5.13177E-1 5.12255E-1 5.1023E-1 4.95492E-1 5.06841E-1 5.17121E-1 5.14346E-1 4.97227E-1 5.15696E-1 5.07012E-1 4.74428E-1 4.93204E-1 4.9013E-1 4.71523E-1 4.75119E-1 4.84472E-1 4.95382E-1 4.85716E-1 5.01629E-1 5.03669E-1 5.12952E-1 5.21105E-1 4.75421E-1 4.6085E-1 4.62712E-1 4.67767E-1 4.78543E-1 4.87142E-1 4.85688E-1 4.86389E-1 4.91544E-1 4.79017E-1 4.96651E-1 4.98461E-1 4.80651E-1 4.76766E-1 4.71091E-1 4.95382E-1 4.90922E-1 4.79475E-1 4.72581E-1 4.92139E-1 4.91919E-1 4.96356E-1
4.74761E-1 4.88598E-1 4.66784E-1 4.76179E-1 4.88666E-1 4.97329E-1 5.06673E-1 4.71876E-1 4.76053E-1 4.83362E-1 4.94628E-1 4.95975E-1 4.99409E-1 5.0296E-1 5.23912E-1 4.9097E-1 4.93861E-1 4.89752E-1 5.11337E-1 5.19016E-1 4.99757E-1 5.04853E-1 4.93112E-1 5.08682E-1 5.16024E-1 5.18893E-1 5.23409E-1 4.79695E-1 4.86325E-1 5.09428E-1 4.71924E-1 4.76002E-1 4.73501E-1 4.86179E-1 4.82922E-1 4.94861E-1 5.13982E-1 5.13407E-1 5.1002E-1 4.68115E-1 4.60362E-1 4.6329E-1 4.68839E-1 4.78591E-1 4.95623E-1 4.94726E-1 4.87317E-1 4.89978E-1 4.8412E-1 4.89207E-1 4.8475E-1 4.71492E-1 4.68728E-1 4.70929E-1 4.73987E-1 4.92891E-1 4.87938E-1 4.76471E-1 4.92701E-1 5.03733E-1 5.05253E-1
5.06838E-1 4.96909E-1 4.73452E-1 4.7048E-1 4.84354E-1 5.13698E-1 5.11403E-1 4.74583E-1 4.90982E-1 5.04569E-1 5.10587E-1 4.89352E-1 4.78197E-1 4.96105E-1 5.08771E-1 5.1127E-1 5.24188E-1 5.16289E-1 5.04586E-1 5.12871E-1 4.91669E-1 4.9804E-1 5.04426E-1 5.00171E-1 5.06357E-1 5.139E-1 5.19109E-1 4.88259E-1 4.74092E-1 4.9581E-1 4.7891E-1 4.82287E-1 4.89473E-1 4.91523E-1 4.92118E-1 4.96046E-1 4.95657E-1 5.2514E-1 5.06679E-1 4.7459E-1 4.64969E-1 4.67516E-1 4.64216E-1 4.77088E-1 4.89907E-1 5.09901E-1 5.0206E-1 4.90362E-1 4.92546E-1 4.80041E-1 4.69781E-1 4.92889E-1 4.8525E-1 4.62957E-1 4.64004E-1 4.67159E-1 4.82065E-1 4.8633E-1 4.66415E-1 4.68471E-1 4.81E-1
5.16963E-1 5.14224E-1 4.84505E-1 4.70191E-1 4.84866E-1 4.98144E-1 5.17667E-1 4.82112E-1 4.94589E-1 5.27573E-1 5.07357E-1 5.01154E-1 4.8376E-1 4.91356E-1 5.00194E-1 5.03098E-1 5.16128E-1 5.12327E-1 5.33752E-1 5.23346E-1 4.87022E-1 4.97026E-1 5.13257E-1 5.16917E-1 4.90839E-1 5.12496E-1 5.21493E-1 5.04431E-1 4.81348E-1 5.00887E-1 4.88159E-1 4.8035E-1 5.03522E-1 4.80145E-1 4.94746E-1 5.09926E-1 4.99192E-1 4.9146E-1 4.82452E-1 4.79195E-1 4.76865E-1 4.75897E-1 4.62437E-1 4.80156E-1 4.89098E-1 5.05343E-1 5.11057E-1 4.87956E-1 4.94359E-1 5.01364E-1 5.07235E-1 5.22318E-1 4.95416E-1 4.6842E-1 5.03957E-1 4.7498E-1 4.57133E-1 4.7576E-1 4.88672E-1 4.65519E-1 4.75365E-1
5.11585E-1 5.2069E-1 4.93579E-1 4.75637E-1 4.82104E-1 4.9091E-1 5.03687E-1 4.90615E-1 5.04146E-1 5.25892E-1 5.11074E-1 5.1814E-1 4.89302E-1 4.9001E-1 5.11281E-1 4.89031E-1 4.9919E-1 5.10351E-1 5.21154E-1 5.04841E-1 4.90399E-1 4.98722E-1 5.07042E-1 5.09779E-1 4.99199E-1 5.08267E-1 5.19747E-1 5.19327E-1 4.93973E-1 4.97944E-1 5.08373E-1 4.72939E-1 5.05229E-1 5.09995E-1 5.08362E-1 5.17142E-1 4.69015E-1 4.71151E-1 4.69296E-1 4.82131E-1 4.68435E-1 4.63372E-1 4.7763E-1 4.83114E-1 5.01492E-1 4.89829E-1 5.06573E-1 5.20115E-1 5.1911E-1 5.16427E-1 5.19091E-1 5.17214E-1 4.91733E-1 4.64058E-1 4.90963E-1 5.10117E-1 4.83085E-1 4.5646E-1 4.74682E-1 4.74447E-1 4.82309E-1
5.05591E-1 5.16902E-1 5.02982E-1 4.76817E-1 4.82757E-1 4.94328E-1 4.92477E-1 5.05803E-1 5.0201E-1 5.11043E-1 5.29946E-1 5.26598E-1 5.06491E-1 4.90023E-1 5.05928E-1 5.11911E-1 4.88631E-1 5.0584E-1 5.01855E-1 5.02304E-1 4.99246E-1 5.0797E-1 5.11208E-1 4.84511E-1 5.00141E-1 5.04706E-1 5.10977E-1 5.23583E-1 5.17861E-1 5.09249E-1 5.08834E-1 4.83301E-1 4.81639E-1 5.02259E-1 5.08333E-1 5.03876E-1 4.67624E-1 4.69632E-1 4.73311E-1 4.71078E-1 4.80932E-1 4.5783E-1 4.46012E-1 4.67134E-1 4.84616E-1 4.65635E-1 4.60448E-1 4.73655E-1 4.82366E-1 4.99557E-1 4.98417E-1 5.09644E-1 4.90101E-1 4.90441E-1 4.59681E-1 4.80461E-1 4.8122E-1 4.65685E-1 4.66532E-1 4.98389E-1 4.94804E-1
