Artocarpus heterophyllus SDM files/Last interglacial/results (with bias file)/Arthet_4.asc
ncols         625
nrows         721
xllcorner     69.99986311115
yllcorner     5.99986151914999
cellsize      0.041666667
NODATA_value  -9999
[rows 378 to 404 of 721, columns 122 to 182 of 625]
5.07196E-1 5.2373E-1 5.48033E-1 5.44087E-1 5.39092E-1 5.31102E-1 5.26774E-1 5.27134E-1 5.3146E-1 5.35253E-1 5.40415E-1 5.36937E-1 5.34776E-1 5.46363E-1 5.52038E-1 5.48928E-1 5.57794E-1 5.61179E-1 5.59229E-1 5.59468E-1 5.70049E-1 5.75449E-1 5.75897E-1 5.85138E-1 5.85837E-1 5.89721E-1 6.03419E-1 6.07695E-1 6.02164E-1 6.03648E-1 6.05189E-1 6.06517E-1 6.04724E-1 6.15088E-1 6.17225E-1 6.27208E-1 6.22555E-1 6.30764E-1 6.33538E-1 6.32792E-1 6.26202E-1 6.3552E-1 6.35598E-1 6.47385E-1 6.43599E-1 6.47588E-1 6.52596E-1 6.49058E-1 6.56675E-1 6.51756E-1 6.59032E-1 6.53392E-1 6.47047E-1 6.57679E-1 6.52489E-1 6.48958E-1 6.39516E-1 6.40895E-1 6.42392E-1 6.58588E-1 6.51983E-1
5.07429E-1 5.08107E-1 5.2749E-1 5.41157E-1 5.47799E-1 5.52054E-1 5.33165E-1 5.25131E-1 5.28382E-1 5.41947E-1 5.41554E-1 5.35773E-1 5.3365E-1 5.39198E-1 5.42586E-1 5.48016E-1 5.5814E-1 5.53959E-1 5.53726E-1 5.60723E-1 5.64566E-1 5.68479E-1 5.76302E-1 5.84009E-1 5.81957E-1 5.8706E-1 5.98829E-1 6.04418E-1 6.10583E-1 6.09232E-1 6.04811E-1 6.03626E-1 6.10936E-1 6.15729E-1 6.16485E-1 6.2766E-1 6.32627E-1 6.31096E-1 6.32433E-1 6.3983E-1 6.39722E-1 6.3984E-1 6.36846E-1 6.43101E-1 6.44495E-1 6.4699E-1 6.44704E-1 6.52847E-1 6.51477E-1 6.56431E-1 6.58492E-1 6.57992E-1 6.57506E-1 6.63014E-1 6.55314E-1 6.39293E-1 6.40901E-1 6.36275E-1 6.40103E-1 6.42502E-1 6.43053E-1
5.1393E-1 5.11263E-1 5.27514E-1 5.35474E-1 5.44054E-1 5.51735E-1 5.3752E-1 5.22807E-1 5.26015E-1 5.37867E-1 5.38882E-1 5.37362E-1 5.42287E-1 5.43416E-1 5.41285E-1 5.40882E-1 5.54747E-1 5.55491E-1 5.55541E-1 5.62358E-1 5.61169E-1 5.62641E-1 5.74172E-1 5.76957E-1 5.82014E-1 5.88645E-1 5.87465E-1 5.98357E-1 5.98579E-1 6.11344E-1 6.08331E-1 6.11447E-1 6.1507E-1 6.09912E-1 6.13971E-1 6.16995E-1 6.31893E-1 6.29605E-1 6.31182E-1 6.32194E-1 6.43557E-1 6.4351E-1 6.49053E-1 6.43552E-1 6.43098E-1 6.51579E-1 6.4233E-1 6.47113E-1 6.55239E-1 6.61083E-1 6.60086E-1 6.62939E-1 6.57835E-1 6.56844E-1 6.57778E-1 6.53023E-1 6.4412E-1 6.55131E-1 6.39053E-1 6.37794E-1 6.37563E-1
5.09681E-1 5.11099E-1 5.3218E-1 5.35441E-1 5.32138E-1 5.3987E-1 5.32518E-1 5.29652E-1 5.24418E-1 5.26443E-1 5.34118E-1 5.37049E-1 5.38405E-1 5.43038E-1 5.43873E-1 5.43041E-1 5.50907E-1 5.53022E-1 5.55842E-1 5.57624E-1 5.64539E-1 5.61118E-1 5.76439E-1 5.7335E-1 5.73226E-1 5.8307E-1 5.91791E-1 5.90938E-1 5.94827E-1 6.08208E-1 6.15082E-1 6.12633E-1 6.16578E-1 6.07541E-1 6.0537E-1 6.16843E-1 6.29692E-1 6.31136E-1 6.32629E-1 6.40109E-1 6.38332E-1 6.48288E-1 6.46821E-1 6.46089E-1 6.41261E-1 6.5273E-1 6.55554E-1 6.51055E-1 6.5843E-1 6.59482E-1 6.55124E-1 6.56251E-1 6.58805E-1 6.52095E-1 6.51432E-1 6.55157E-1 6.61887E-1 6.65277E-1 6.432E-1 6.41675E-1 6.4225E-1
5.22575E-1 5.19798E-1 5.30196E-1 5.29036E-1 5.22836E-1 5.15252E-1 5.24743E-1 5.28333E-1 5.36943E-1 5.25837E-1 5.34191E-1 5.35559E-1 5.30127E-1 5.40593E-1 5.37778E-1 5.40491E-1 5.51408E-1 5.52296E-1 5.55433E-1 5.66082E-1 5.62388E-1 5.61305E-1 5.71651E-1 5.66296E-1 5.69793E-1 5.76482E-1 5.9184E-1 5.88143E-1 5.89623E-1 6.03021E-1 6.12018E-1 6.1297E-1 6.13562E-1 6.14791E-1 6.07025E-1 6.20415E-1 6.25847E-1 6.3057E-1 6.32527E-1 6.33803E-1 6.39546E-1 6.41211E-1 6.47576E-1 6.44201E-1 6.52466E-1 6.49571E-1 6.53251E-1 6.57367E-1 6.57216E-1 6.58801E-1 6.55967E-1 6.55769E-1 6.5438E-1 6.53356E-1 6.5074E-1 6.48617E-1 6.51368E-1 6.6816E-1 6.57381E-1 6.45974E-1 6.42947E-1
5.14183E-1 5.25304E-1 5.36439E-1 5.2269E-1 5.14102E-1 5.17717E-1 5.27641E-1 5.34217E-1 5.43462E-1 5.32625E-1 5.37782E-1 5.39508E-1 5.28049E-1 5.36172E-1 5.35232E-1 5.39135E-1 5.4559E-1 5.5213E-1 5.57899E-1 5.60495E-1 5.60738E-1 5.59759E-1 5.66081E-1 5.6698E-1 5.66838E-1 5.68461E-1 5.79218E-1 5.82635E-1 5.89626E-1 6.01377E-1 6.06469E-1 6.11018E-1 6.05629E-1 6.14583E-1 6.0757E-1 6.20816E-1 6.2435E-1 6.26108E-1 6.2891E-1 6.31511E-1 6.3398E-1 6.42061E-1 6.41938E-1 6.44859E-1 6.43056E-1 6.44693E-1 6.52897E-1 6.52141E-1 6.53555E-1 6.53857E-1 6.58178E-1 6.58631E-1 6.55269E-1 6.54865E-1 6.50744E-1 6.49112E-1 6.42477E-1 6.54676E-1 6.65339E-1 6.56841E-1 6.43302E-1
5.13254E-1 5.28936E-1 5.40988E-1 5.31263E-1 5.25742E-1 5.32084E-1 5.24144E-1 5.32395E-1 5.4286E-1 5.35783E-1 5.36706E-1 5.33045E-1 5.32987E-1 5.44831E-1 5.4346E-1 5.4444E-1 5.47663E-1 5.51852E-1 5.52008E-1 5.66597E-1 5.65833E-1 5.61671E-1 5.55673E-1 5.66727E-1 5.71506E-1 5.65108E-1 5.83464E-1 5.79161E-1 5.79476E-1 5.99968E-1 6.01673E-1 6.08279E-1 6.1777E-1 6.17533E-1 6.13994E-1 6.18203E-1 6.21537E-1 6.21681E-1 6.25007E-1 6.26572E-1 6.39512E-1 6.39501E-1 6.4178E-1 6.40561E-1 6.39047E-1 6.36879E-1 6.4551E-1 6.49782E-1 6.49328E-1 6.51391E-1 6.49228E-1 6.55477E-1 6.60033E-1 6.59652E-1 6.50608E-1 6.40765E-1 6.40076E-1 6.49412E-1 6.46475E-1 6.55077E-1 6.56732E-1
5.13561E-1 5.31369E-1 5.34044E-1 5.3491E-1 5.22483E-1 5.34724E-1 5.23155E-1 5.48676E-1 5.49412E-1 5.28557E-1 5.28004E-1 5.24835E-1 5.29814E-1 5.37426E-1 5.55157E-1 5.52179E-1 5.46415E-1 5.56963E-1 5.52473E-1 5.69092E-1 5.73498E-1 5.61862E-1 5.56303E-1 5.64835E-1 5.64254E-1 5.66839E-1 5.79972E-1 5.80068E-1 5.81321E-1 5.92321E-1 5.99808E-1 6.05373E-1 6.18511E-1 6.16886E-1 6.17688E-1 6.18259E-1 6.2233E-1 6.25535E-1 6.24647E-1 6.27094E-1 6.28762E-1 6.38206E-1 6.38357E-1 6.39417E-1 6.38895E-1 6.37747E-1 6.42293E-1 6.41453E-1 6.46966E-1 6.45406E-1 6.45306E-1 6.52857E-1 6.52101E-1 6.59177E-1 6.55065E-1 6.40895E-1 6.32848E-1 6.37203E-1 6.44831E-1 6.42681E-1 6.51333E-1
5.09322E-1 5.12129E-1 5.24019E-1 5.34228E-1 5.2621E-1 5.13832E-1 5.17433E-1 5.38523E-1 5.49825E-1 5.4784E-1 5.30963E-1 5.29751E-1 5.28006E-1 5.34181E-1 5.39987E-1 5.4618E-1 5.53784E-1 5.57229E-1 5.51971E-1 5.61467E-1 5.72188E-1 5.63151E-1 5.62686E-1 5.67978E-1 5.709E-1 5.65438E-1 5.70649E-1 5.79844E-1 5.7198E-1 5.84565E-1 5.89434E-1 6.00597E-1 6.15546E-1 6.14735E-1 6.1478E-1 6.11736E-1 6.29019E-1 6.29896E-1 6.26885E-1 6.33016E-1 6.28326E-1 6.36859E-1 6.3842E-1 6.36113E-1 6.36155E-1 6.40288E-1 6.37715E-1 6.33595E-1 6.33937E-1 6.44177E-1 6.43365E-1 6.44783E-1 6.46214E-1 6.46158E-1 6.52791E-1 6.46192E-1 6.39965E-1 6.37772E-1 6.32285E-1 6.34463E-1 6.40841E-1
5.02183E-1 5.05106E-1 5.17808E-1 5.20373E-1 5.17358E-1 5.21132E-1 5.32436E-1 5.28596E-1 5.35E-1 5.36648E-1 5.37208E-1 5.27267E-1 5.28368E-1 5.35633E-1 5.36693E-1 5.43036E-1 5.44231E-1 5.55701E-1 5.47883E-1 5.54633E-1 5.69141E-1 5.58051E-1 5.5953E-1 5.6215E-1 5.78997E-1 5.77348E-1 5.76557E-1 5.79245E-1 5.76498E-1 5.81736E-1 5.86715E-1 5.91031E-1 5.99563E-1 6.08819E-1 6.12018E-1 6.09261E-1 6.20542E-1 6.27615E-1 6.27542E-1 6.30761E-1 6.26462E-1 6.36549E-1 6.36462E-1 6.3755E-1 6.40258E-1 6.37303E-1 6.43717E-1 6.40156E-1 6.46568E-1 6.43335E-1 6.37505E-1 6.36491E-1 6.38005E-1 6.39877E-1 6.43584E-1 6.46589E-1 6.5112E-1 6.38069E-1 6.30038E-1 6.30475E-1 6.31667E-1
4.98094E-1 4.99935E-1 5.0336E-1 5.15761E-1 5.11531E-1 5.1782E-1 5.23928E-1 5.23033E-1 5.23928E-1 5.2559E-1 5.39256E-1 5.36183E-1 5.25756E-1 5.25296E-1 5.35745E-1 5.41258E-1 5.49443E-1 5.49345E-1 5.46484E-1 5.49542E-1 5.56892E-1 5.58663E-1 5.55675E-1 5.65429E-1 5.69342E-1 5.6882E-1 5.80972E-1 5.88594E-1 5.8604E-1 5.82641E-1 5.89452E-1 5.83627E-1 5.86858E-1 5.92095E-1 6.08848E-1 6.10207E-1 6.16635E-1 6.16845E-1 6.19023E-1 6.28171E-1 6.27619E-1 6.23229E-1 6.26565E-1 6.34738E-1 6.32713E-1 6.36255E-1 6.36709E-1 6.45742E-1 6.44289E-1 6.47013E-1 6.38414E-1 6.38173E-1 6.35799E-1 6.36288E-1 6.35276E-1 6.44669E-1 6.44739E-1 6.38051E-1 6.28018E-1 6.2879E-1 6.27655E-1
4.96124E-1 4.95564E-1 5.05818E-1 5.09163E-1 5.18306E-1 5.29361E-1 5.28651E-1 5.12048E-1 5.09149E-1 5.14588E-1 5.20388E-1 5.38531E-1 5.24981E-1 5.25528E-1 5.34302E-1 5.40002E-1 5.47702E-1 5.48769E-1 5.4986E-1 5.45286E-1 5.47089E-1 5.58532E-1 5.58694E-1 5.60533E-1 5.6351E-1 5.63302E-1 5.76453E-1 5.92216E-1 5.91811E-1 5.82287E-1 5.87847E-1 5.81456E-1 5.84903E-1 5.82894E-1 5.96069E-1 6.02761E-1 6.06262E-1 6.1006E-1 6.21416E-1 6.23759E-1 6.24364E-1 6.26407E-1 6.1756E-1 6.26704E-1 6.29324E-1 6.30976E-1 6.31884E-1 6.34022E-1 6.44155E-1 6.39003E-1 6.43773E-1 6.38111E-1 6.32243E-1 6.32885E-1 6.32535E-1 6.3634E-1 6.47761E-1 6.45481E-1 6.36411E-1 6.27907E-1 6.27801E-1
4.89658E-1 4.93913E-1 4.95937E-1 5.07034E-1 5.16041E-1 5.19134E-1 5.27698E-1 5.23469E-1 5.18626E-1 5.11698E-1 5.12206E-1 5.2682E-1 5.24388E-1 5.26998E-1 5.36189E-1 5.39097E-1 5.44006E-1 5.53117E-1 5.47555E-1 5.51107E-1 5.45017E-1 5.53073E-1 5.56753E-1 5.5589E-1 5.59941E-1 5.62325E-1 5.74374E-1 5.9129E-1 5.92351E-1 5.8922E-1 5.83314E-1 5.84824E-1 5.82834E-1 5.86485E-1 5.98385E-1 5.95271E-1 5.97197E-1 5.98956E-1 6.13444E-1 6.16993E-1 6.19195E-1 6.20469E-1 6.26672E-1 6.26868E-1 6.24887E-1 6.25534E-1 6.27466E-1 6.27676E-1 6.29846E-1 6.39365E-1 6.37548E-1 6.44064E-1 6.3824E-1 6.36471E-1 6.31295E-1 6.34948E-1 6.4252E-1 6.47339E-1 6.43317E-1 6.35275E-1 6.23857E-1
4.8539E-1 4.91146E-1 4.9196E-1 5.04651E-1 5.10273E-1 5.16847E-1 5.19049E-1 5.19801E-1 5.29693E-1 5.19171E-1 5.14892E-1 5.2486E-1 5.17525E-1 5.20851E-1 5.2395E-1 5.31523E-1 5.34437E-1 5.37829E-1 5.45147E-1 5.47333E-1 5.48811E-1 5.56384E-1 5.53697E-1 5.56879E-1 5.61598E-1 5.61369E-1 5.71205E-1 5.71958E-1 5.81502E-1 5.82164E-1 5.91867E-1 5.94349E-1 5.94423E-1 5.93803E-1 6.01078E-1 5.97922E-1 5.93369E-1 5.90752E-1 6.04898E-1 6.08585E-1 6.10727E-1 6.11733E-1 6.16281E-1 6.29231E-1 6.29231E-1 6.258E-1 6.24201E-1 6.21176E-1 6.21197E-1 6.33738E-1 6.34108E-1 6.3919E-1 6.37244E-1 6.30802E-1 6.26675E-1 6.31551E-1 6.33197E-1 6.42286E-1 6.44051E-1 6.36798E-1 6.31023E-1
4.81248E-1 4.86812E-1 4.89396E-1 4.91089E-1 5.0828E-1 5.14522E-1 5.11312E-1 5.15679E-1 5.30395E-1 5.28984E-1 5.23121E-1 5.22102E-1 5.2412E-1 5.29595E-1 5.20433E-1 5.29909E-1 5.30793E-1 5.34958E-1 5.44001E-1 5.40396E-1 5.40709E-1 5.51809E-1 5.52724E-1 5.53316E-1 5.59854E-1 5.62209E-1 5.62867E-1 5.68041E-1 5.77794E-1 5.77503E-1 5.82513E-1 5.89322E-1 5.99291E-1 5.98953E-1 6.04433E-1 6.09308E-1 6.0664E-1 5.99779E-1 5.95044E-1 5.99309E-1 6.04874E-1 6.1007E-1 6.13358E-1 6.20179E-1 6.27579E-1 6.26245E-1 6.25209E-1 6.22641E-1 6.20372E-1 6.26622E-1 6.29737E-1 6.35127E-1 6.3386E-1 6.3451E-1 6.29773E-1 6.32115E-1 6.25117E-1 6.30862E-1 6.35671E-1 6.36225E-1 6.48421E-1
4.81902E-1 4.84288E-1 4.86577E-1 4.99047E-1 4.99423E-1 5.08066E-1 5.10186E-1 5.13528E-1 5.23511E-1 5.27337E-1 5.22654E-1 5.24531E-1 5.32602E-1 5.35909E-1 5.32687E-1 5.31141E-1 5.32969E-1 5.34011E-1 5.35508E-1 5.43854E-1 5.38095E-1 5.39057E-1 5.48876E-1 5.51983E-1 5.51766E-1 5.59324E-1 5.59481E-1 5.57151E-1 5.74642E-1 5.73994E-1 5.8109E-1 5.83799E-1 5.93706E-1 5.95404E-1 5.90284E-1 5.95746E-1 6.03759E-1 6.02309E-1 6.03536E-1 6.10951E-1 6.01619E-1 6.06989E-1 6.05681E-1 6.11423E-1 6.23795E-1 6.24891E-1 6.25637E-1 6.26422E-1 6.21845E-1 6.26663E-1 6.21767E-1 6.32209E-1 6.30494E-1 6.36089E-1 6.31967E-1 6.28607E-1 6.28017E-1 6.31317E-1 6.29552E-1 6.29704E-1 6.35421E-1
4.80335E-1 4.80405E-1 4.83632E-1 4.89408E-1 5.02629E-1 5.02533E-1 5.06595E-1 5.11669E-1 5.14323E-1 5.17294E-1 5.19917E-1 5.21817E-1 5.30857E-1 5.32489E-1 5.3693E-1 5.33918E-1 5.38312E-1 5.40796E-1 5.3786E-1 5.41062E-1 5.47216E-1 5.38333E-1 5.47341E-1 5.5297E-1 5.49826E-1 5.48496E-1 5.56459E-1 5.51912E-1 5.56284E-1 5.68079E-1 5.77868E-1 5.79148E-1 5.89701E-1 5.9415E-1 5.94134E-1 5.89923E-1 5.89075E-1 5.91367E-1 6.00439E-1 6.12856E-1 6.12742E-1 6.13479E-1 6.05742E-1 6.05499E-1 6.07058E-1 6.19772E-1 6.24101E-1 6.23345E-1 6.19941E-1 6.21545E-1 6.16256E-1 6.18167E-1 6.2448E-1 6.33834E-1 6.30357E-1 6.31058E-1 6.30907E-1 6.32297E-1 6.32679E-1 6.33133E-1 6.32976E-1
4.79144E-1 4.77675E-1 4.7823E-1 4.84367E-1 4.98879E-1 4.98867E-1 5.04741E-1 5.067E-1 5.18189E-1 5.11148E-1 5.16401E-1 5.21898E-1 5.2979E-1 5.2817E-1 5.29639E-1 5.37183E-1 5.41865E-1 5.44029E-1 5.37965E-1 5.43134E-1 5.52655E-1 5.50168E-1 5.51378E-1 5.56458E-1 5.53309E-1 5.47132E-1 5.55626E-1 5.58114E-1 5.55568E-1 5.6462E-1 5.69597E-1 5.7444E-1 5.77736E-1 5.89758E-1 5.89758E-1 5.92866E-1 5.84294E-1 5.86799E-1 5.93279E-1 6.01518E-1 6.06941E-1 6.13715E-1 6.09999E-1 6.12217E-1 6.09776E-1 6.19609E-1 6.2341E-1 6.21059E-1 6.2391E-1 6.21429E-1 6.18076E-1 6.17386E-1 6.13602E-1 6.17864E-1 6.25842E-1 6.29251E-1 6.32073E-1 6.3483E-1 6.33223E-1 6.34383E-1 6.34535E-1
4.6789E-1 4.78992E-1 4.77031E-1 4.80404E-1 4.92103E-1 4.96925E-1 5.00241E-1 5.0255E-1 5.07016E-1 5.17368E-1 5.13066E-1 5.21211E-1 5.20341E-1 5.25813E-1 5.26721E-1 5.26773E-1 5.36794E-1 5.39144E-1 5.37088E-1 5.42249E-1 5.50758E-1 5.52119E-1 5.53032E-1 5.50979E-1 5.57683E-1 5.50759E-1 5.5703E-1 5.58807E-1 5.57886E-1 5.54578E-1 5.6354E-1 5.66857E-1 5.7091E-1 5.75687E-1 5.89714E-1 5.88675E-1 5.90182E-1 5.83324E-1 5.86045E-1 5.88264E-1 6.02412E-1 6.07631E-1 6.06316E-1 6.11257E-1 6.09568E-1 6.13901E-1 6.29585E-1 6.3041E-1 6.27221E-1 6.25688E-1 6.20524E-1 6.15367E-1 6.14116E-1 6.26669E-1 6.27365E-1 6.23691E-1 6.23518E-1 6.27738E-1 6.27586E-1 6.31114E-1 6.35399E-1
4.68843E-1 4.76735E-1 4.79547E-1 4.79005E-1 4.83678E-1 4.8665E-1 4.94933E-1 4.98694E-1 5.04225E-1 5.07408E-1 5.16688E-1 5.17273E-1 5.17399E-1 5.25316E-1 5.25656E-1 5.2794E-1 5.28371E-1 5.33857E-1 5.36205E-1 5.39262E-1 5.41026E-1 5.46948E-1 5.52048E-1 5.55404E-1 5.53842E-1 5.53445E-1 5.47998E-1 5.57149E-1 5.55885E-1 5.62504E-1 5.63678E-1 5.66372E-1 5.64782E-1 5.73917E-1 5.83728E-1 5.87309E-1 5.88754E-1 5.94049E-1 5.92446E-1 5.88845E-1 5.88991E-1 5.97932E-1 6.04348E-1 6.07361E-1 6.085E-1 6.20508E-1 6.25857E-1 6.27974E-1 6.27048E-1 6.24067E-1 6.25341E-1 6.30853E-1 6.27009E-1 6.34647E-1 6.24664E-1 6.22389E-1 6.22664E-1 6.24532E-1 6.31727E-1 6.31846E-1 6.36828E-1
4.66521E-1 4.68564E-1 4.7945E-1 4.80031E-1 4.83126E-1 4.82929E-1 4.93433E-1 4.93655E-1 4.97105E-1 5.00834E-1 5.128E-1 5.11963E-1 5.13626E-1 5.14347E-1 5.211E-1 5.2424E-1 5.27849E-1 5.23976E-1 5.32153E-1 5.32113E-1 5.38848E-1 5.44978E-1 5.50837E-1 5.52199E-1 5.54885E-1 5.58049E-1 5.54033E-1 5.61307E-1 5.59802E-1 5.54706E-1 5.65195E-1 5.68226E-1 5.69659E-1 5.76324E-1 5.75675E-1 5.8312E-1 5.86087E-1 5.85341E-1 5.91389E-1 5.95451E-1 5.94809E-1 5.93522E-1 5.98202E-1 6.05387E-1 6.09223E-1 6.1271E-1 6.19458E-1 6.23018E-1 6.25123E-1 6.19299E-1 6.22479E-1 6.21684E-1 6.26186E-1 6.36361E-1 6.38222E-1 6.27498E-1 6.26652E-1 6.29122E-1 6.3371E-1 6.33216E-1 6.4119E-1
4.72055E-1 4.68002E-1 4.79716E-1 4.86392E-1 4.86633E-1 4.80789E-1 4.89452E-1 4.90881E-1 4.94412E-1 5.07426E-1 5.06389E-1 5.05095E-1 5.08453E-1 5.12112E-1 5.21609E-1 5.19675E-1 5.22122E-1 5.23236E-1 5.30811E-1 5.27197E-1 5.33556E-1 5.44113E-1 5.49238E-1 5.48718E-1 5.4857E-1 5.53996E-1 5.56809E-1 5.63397E-1 5.63412E-1 5.58046E-1 5.65454E-1 5.66284E-1 5.61526E-1 5.71366E-1 5.76885E-1 5.79388E-1 5.79496E-1 5.82892E-1 5.90559E-1 5.92416E-1 5.92155E-1 5.96292E-1 6.00836E-1 6.02574E-1 6.07048E-1 6.09737E-1 6.11719E-1 6.12805E-1 6.22459E-1 6.21486E-1 6.17766E-1 6.18478E-1 6.21853E-1 6.31658E-1 6.22985E-1 6.38573E-1 6.39893E-1 6.40831E-1 6.35356E-1 6.30047E-1 6.24936E-1
4.69736E-1 4.73095E-1 4.78043E-1 4.88833E-1 4.88269E-1 4.78889E-1 4.8711E-1 4.90033E-1 4.93737E-1 4.96814E-1 5.03327E-1 5.04789E-1 5.06381E-1 5.03622E-1 5.06989E-1 5.18195E-1 5.2193E-1 5.27201E-1 5.29274E-1 5.24705E-1 5.29334E-1 5.27761E-1 5.42626E-1 5.44033E-1 5.44538E-1 5.49153E-1 5.55797E-1 5.53241E-1 5.65134E-1 5.63807E-1 5.61283E-1 5.61264E-1 5.69327E-1 5.69707E-1 5.68046E-1 5.73509E-1 5.77404E-1 5.82238E-1 5.91749E-1 5.88318E-1 5.86379E-1 5.88828E-1 5.93464E-1 6.03781E-1 6.08397E-1 6.05358E-1 6.07491E-1 6.19299E-1 6.1846E-1 6.19113E-1 6.19567E-1 6.20715E-1 6.18641E-1 6.18507E-1 6.28766E-1 6.35422E-1 6.44487E-1 6.46963E-1 6.36385E-1 6.27698E-1 6.26519E-1
4.62761E-1 4.73966E-1 4.77777E-1 4.86487E-1 4.89364E-1 4.87752E-1 4.83906E-1 4.89122E-1 4.9101E-1 4.9542E-1 4.9285E-1 5.05953E-1 5.057E-1 5.04184E-1 5.0394E-1 5.12942E-1 5.17251E-1 5.18877E-1 5.16658E-1 5.24628E-1 5.25239E-1 5.2815E-1 5.28808E-1 5.41739E-1 5.41178E-1 5.51531E-1 5.55676E-1 5.52733E-1 5.64105E-1 5.59903E-1 5.64783E-1 5.65601E-1 5.7648E-1 5.78532E-1 5.64959E-1 5.74774E-1 5.80308E-1 5.82667E-1 5.82729E-1 5.8791E-1 5.89863E-1 5.88681E-1 5.9513E-1 5.93554E-1 6.06373E-1 6.06257E-1 6.09053E-1 6.18775E-1 6.18914E-1 6.15969E-1 6.14335E-1 6.21439E-1 6.20475E-1 6.20436E-1 6.20344E-1 6.3243E-1 6.35958E-1 6.44497E-1 6.42308E-1 6.27926E-1 6.29719E-1
4.62163E-1 4.71642E-1 4.75451E-1 4.79963E-1 4.83813E-1 4.89817E-1 4.97449E-1 4.94866E-1 4.86582E-1 4.88897E-1 4.90062E-1 5.01648E-1 5.01141E-1 5.05505E-1 5.14176E-1 5.0421E-1 5.14192E-1 5.163E-1 5.13368E-1 5.22872E-1 5.28562E-1 5.23561E-1 5.23771E-1 5.34612E-1 5.38616E-1 5.46047E-1 5.46624E-1 5.485E-1 5.49551E-1 5.52907E-1 5.62282E-1 5.67716E-1 5.704E-1 5.75111E-1 5.78616E-1 5.82139E-1 5.84494E-1 5.77157E-1 5.7997E-1 5.89849E-1 5.92212E-1 5.91279E-1 5.91991E-1 5.98821E-1 6.06257E-1 6.05125E-1 6.09659E-1 6.09304E-1 6.12237E-1 6.13962E-1 6.12857E-1 6.17882E-1 6.19597E-1 6.21646E-1 6.22772E-1 6.25594E-1 6.30536E-1 6.36213E-1 6.41901E-1 6.45336E-1 6.43931E-1
4.67893E-1 4.70747E-1 4.74451E-1 4.77115E-1 4.79988E-1 4.88814E-1 4.99717E-1 4.93881E-1 4.86955E-1 4.83414E-1 4.86372E-1 4.90252E-1 5.02162E-1 5.11054E-1 5.10462E-1 5.0505E-1 5.08405E-1 5.07659E-1 5.10085E-1 5.14175E-1 5.19762E-1 5.18969E-1 5.29731E-1 5.3055E-1 5.33365E-1 5.34208E-1 5.33455E-1 5.47565E-1 5.48069E-1 5.49054E-1 5.58672E-1 5.63383E-1 5.68545E-1 5.73573E-1 5.80355E-1 5.86595E-1 5.884E-1 5.81679E-1 5.78467E-1 5.78557E-1 5.87427E-1 5.94923E-1 5.96431E-1 5.99295E-1 6.04695E-1 6.01872E-1 6.08698E-1 6.10415E-1 6.09982E-1 6.07914E-1 6.14893E-1 6.11871E-1 6.16039E-1 6.17594E-1 6.23075E-1 6.23529E-1 6.27847E-1 6.30654E-1 6.35318E-1 6.38772E-1 6.43895E-1
4.67519E-1 4.68051E-1 4.7165E-1 4.76666E-1 4.78544E-1 4.85477E-1 4.96623E-1 4.98306E-1 4.9586E-1 4.93142E-1 4.9043E-1 4.86688E-1 4.93685E-1 5.05587E-1 5.09806E-1 5.12923E-1 5.0894E-1 5.07554E-1 5.10684E-1 5.25913E-1 5.14938E-1 5.2901E-1 5.29594E-1 5.33558E-1 5.35638E-1 5.34661E-1 5.35278E-1 5.44449E-1 5.4988E-1 5.45869E-1 5.55674E-1 5.63995E-1 5.68451E-1 5.63059E-1 5.76338E-1 5.79378E-1 5.87867E-1 5.82865E-1 5.83061E-1 5.84098E-1 5.84575E-1 5.92246E-1 5.92488E-1 5.96664E-1 6.01788E-1 6.06617E-1 6.09833E-1 6.06862E-1 6.10561E-1 6.14034E-1 6.11889E-1 6.16341E-1 6.13408E-1 6.11959E-1 6.1714E-1 6.2127E-1 6.30118E-1 6.32932E-1 6.37938E-1 6.45518E-1 6.49449E-1
