Artocarpus heterophyllus SDM files/Last interglacial/results (with bias file)/Arthet_3.asc
ncols         625
nrows         721
xllcorner     69.99986311115
yllcorner     5.99986151914999
cellsize      0.041666667
NODATA_value  -9999
[rows 324 to 350 of 721, columns 366 to 426 of 625]
5.64652E-1 5.56308E-1 5.4342E-1 5.43066E-1 5.33713E-1 5.54973E-1 5.52524E-1 5.52425E-1 5.50055E-1 5.50154E-1 5.21723E-1 5.22599E-1 5.308E-1 5.4838E-1 5.38965E-1 5.44777E-1 5.58828E-1 5.74316E-1 5.78473E-1 5.82913E-1 5.82926E-1 5.5364E-1 5.52469E-1 5.6744E-1 5.97733E-1 6.0199E-1 5.85625E-1 5.74748E-1 5.65258E-1 5.44624E-1 5.55429E-1 5.65204E-1 5.7478E-1 5.70326E-1 5.66075E-1 5.64291E-1 5.7121E-1 5.72966E-1 5.72648E-1 5.74167E-1 5.81576E-1 5.82194E-1 5.82011E-1 5.79201E-1 5.81134E-1 5.85865E-1 5.86192E-1 5.82595E-1 5.83054E-1 5.80005E-1 5.85245E-1 5.82995E-1 5.85032E-1 5.82972E-1 5.89545E-1 5.92402E-1 5.94622E-1 5.92117E-1 5.92996E-1 5.93246E-1 5.90726E-1
5.45077E-1 5.53514E-1 5.75712E-1 5.50667E-1 5.47694E-1 5.82719E-1 5.74011E-1 5.6905E-1 5.44299E-1 5.38742E-1 5.22444E-1 5.28796E-1 5.32602E-1 5.36064E-1 5.402E-1 5.5178E-1 5.44043E-1 5.62042E-1 5.73673E-1 5.82632E-1 5.93004E-1 5.95206E-1 5.80515E-1 5.70289E-1 5.84092E-1 5.63411E-1 5.59007E-1 5.6082E-1 5.51744E-1 5.45108E-1 5.46433E-1 5.59406E-1 5.70742E-1 5.80249E-1 5.73143E-1 5.75E-1 5.74811E-1 5.76392E-1 5.79224E-1 5.8169E-1 5.83503E-1 5.8239E-1 5.89682E-1 5.87242E-1 5.84572E-1 5.81235E-1 5.78703E-1 5.86951E-1 5.84877E-1 5.82925E-1 5.82534E-1 5.82711E-1 5.88383E-1 5.90481E-1 5.92544E-1 5.92366E-1 5.97662E-1 5.97662E-1 5.9311E-1 5.98228E-1 5.96376E-1
5.60302E-1 5.72609E-1 5.62186E-1 5.94288E-1 5.7558E-1 5.71823E-1 5.79014E-1 5.66349E-1 5.64824E-1 5.72285E-1 5.31586E-1 5.34605E-1 5.40009E-1 5.43479E-1 5.49386E-1 5.45305E-1 5.50595E-1 5.58419E-1 5.71417E-1 5.84052E-1 5.84526E-1 5.94746E-1 6.07571E-1 6.08307E-1 6.07431E-1 6.06926E-1 5.38709E-1 5.3634E-1 5.52389E-1 5.95538E-1 5.61796E-1 5.47854E-1 5.71057E-1 5.79289E-1 5.76926E-1 5.76681E-1 5.80282E-1 5.79856E-1 5.76749E-1 5.83295E-1 5.90994E-1 5.91152E-1 5.89574E-1 5.96636E-1 5.85003E-1 5.87816E-1 5.82969E-1 5.81978E-1 5.80051E-1 5.80271E-1 5.83621E-1 5.83372E-1 5.88241E-1 5.88276E-1 5.85867E-1 5.95667E-1 5.93352E-1 5.98542E-1 5.98264E-1 5.96126E-1 6.01319E-1
5.74097E-1 5.7669E-1 5.52038E-1 5.64106E-1 5.52729E-1 5.55267E-1 5.52129E-1 5.44627E-1 5.61785E-1 5.76874E-1 5.41715E-1 5.38259E-1 5.39598E-1 5.37829E-1 5.44539E-1 5.44303E-1 5.55135E-1 5.70385E-1 5.59277E-1 5.68818E-1 5.87023E-1 5.96181E-1 5.99124E-1 6.02316E-1 5.9756E-1 5.92896E-1 5.47281E-1 5.48968E-1 5.61718E-1 6.00333E-1 6.00886E-1 5.70394E-1 5.70693E-1 5.76843E-1 5.77094E-1 5.81836E-1 5.79111E-1 5.80824E-1 5.84205E-1 5.87962E-1 5.90195E-1 5.92109E-1 5.95767E-1 5.93667E-1 5.94437E-1 5.90385E-1 5.93126E-1 5.885E-1 5.86188E-1 5.83976E-1 5.84011E-1 5.89223E-1 5.91153E-1 5.91153E-1 5.96554E-1 5.96625E-1 5.94416E-1 5.94309E-1 6.01676E-1 5.9935E-1 6.07091E-1
5.52774E-1 5.44896E-1 5.41636E-1 5.32207E-1 5.53853E-1 5.67384E-1 5.67002E-1 5.58334E-1 5.55012E-1 5.6761E-1 5.57526E-1 5.46709E-1 5.45332E-1 5.43512E-1 5.55358E-1 5.44109E-1 5.51995E-1 5.68449E-1 5.68056E-1 5.6734E-1 5.85705E-1 5.99558E-1 6.01701E-1 6.00366E-1 5.99973E-1 6.11175E-1 6.08302E-1 5.72861E-1 5.70302E-1 5.74934E-1 5.8211E-1 5.75199E-1 5.71303E-1 5.81888E-1 5.91427E-1 5.82991E-1 5.88351E-1 5.88348E-1 5.86726E-1 5.91367E-1 5.92948E-1 5.9019E-1 5.90725E-1 5.9769E-1 6.00453E-1 5.98978E-1 5.96826E-1 5.98239E-1 5.98167E-1 5.93858E-1 5.91402E-1 5.96661E-1 5.96518E-1 5.96482E-1 5.96482E-1 6.01819E-1 5.99821E-1 5.9761E-1 6.02841E-1 6.10107E-1 6.10179E-1
5.57621E-1 5.30382E-1 5.60907E-1 5.44042E-1 5.69375E-1 5.89634E-1 6.01101E-1 5.76002E-1 5.52854E-1 5.76298E-1 5.82654E-1 5.77005E-1 5.62E-1 5.79113E-1 5.66373E-1 5.47825E-1 5.54098E-1 5.5721E-1 5.65066E-1 5.68209E-1 5.73618E-1 5.88413E-1 5.92353E-1 6.02525E-1 6.18059E-1 6.12669E-1 6.05163E-1 6.06967E-1 6.02483E-1 5.7051E-1 5.72795E-1 5.81053E-1 5.87662E-1 5.83672E-1 5.90893E-1 5.86035E-1 5.90967E-1 5.92185E-1 5.92155E-1 5.93247E-1 5.9607E-1 5.95115E-1 5.95438E-1 5.9317E-1 6.02934E-1 6.01443E-1 5.99045E-1 5.97087E-1 5.9975E-1 5.97586E-1 5.9634E-1 5.94337E-1 6.01891E-1 5.99564E-1 5.97538E-1 5.97681E-1 6.05162E-1 6.02976E-1 6.08356E-1 6.13527E-1 6.13455E-1
6.07445E-1 5.38298E-1 5.82271E-1 5.65975E-1 5.53838E-1 5.75673E-1 5.8427E-1 5.84426E-1 5.71466E-1 5.62942E-1 5.9001E-1 5.88701E-1 5.92313E-1 5.99543E-1 5.58979E-1 5.52487E-1 5.66562E-1 5.54306E-1 5.54312E-1 5.69615E-1 5.72537E-1 5.81985E-1 6.03301E-1 6.05118E-1 6.05621E-1 6.05586E-1 6.02795E-1 6.00695E-1 5.73947E-1 5.86913E-1 5.7649E-1 5.81986E-1 5.86961E-1 5.91285E-1 5.90175E-1 5.88933E-1 5.88933E-1 5.95958E-1 5.95547E-1 5.97505E-1 5.95504E-1 5.93119E-1 5.98598E-1 5.98135E-1 5.97873E-1 6.03609E-1 5.99483E-1 5.99903E-1 5.95779E-1 5.98904E-1 6.00888E-1 6.01704E-1 6.02295E-1 6.02295E-1 6.02367E-1 6.08364E-1 6.06176E-1 6.1156E-1 6.11595E-1 6.1913E-1 6.21206E-1
5.4279E-1 5.42587E-1 5.91581E-1 5.57137E-1 5.51844E-1 5.50324E-1 5.70053E-1 5.92882E-1 5.77647E-1 5.60696E-1 5.71713E-1 5.95187E-1 5.99337E-1 6.00013E-1 6.05995E-1 6.08004E-1 6.05795E-1 5.71308E-1 5.68635E-1 5.73195E-1 5.72727E-1 5.93507E-1 5.89471E-1 5.91477E-1 5.94459E-1 6.03112E-1 6.02562E-1 6.2137E-1 5.87694E-1 5.7961E-1 5.71083E-1 5.89029E-1 5.90735E-1 5.98771E-1 5.96317E-1 5.94062E-1 5.98568E-1 6.00662E-1 6.03764E-1 6.01446E-1 6.01517E-1 5.98794E-1 6.0613E-1 6.01422E-1 6.01141E-1 6.01399E-1 6.0491E-1 6.00899E-1 5.96265E-1 6.04269E-1 5.98812E-1 6.03842E-1 6.04402E-1 6.09819E-1 6.07818E-1 6.13166E-1 6.13166E-1 6.18662E-1 6.18734E-1 6.21811E-1 6.24427E-1
5.4575E-1 5.62333E-1 5.88771E-1 5.57551E-1 5.73625E-1 5.59157E-1 5.55404E-1 5.74395E-1 5.91347E-1 5.91892E-1 5.91819E-1 5.98871E-1 5.92256E-1 5.87194E-1 5.97547E-1 6.07233E-1 6.06834E-1 6.08593E-1 6.05415E-1 5.78658E-1 5.86282E-1 5.93263E-1 5.97572E-1 5.91809E-1 6.09066E-1 5.96567E-1 6.05722E-1 6.02795E-1 6.11516E-1 6.1469E-1 6.03681E-1 5.96814E-1 5.97876E-1 6.02049E-1 6.07817E-1 6.03438E-1 6.03389E-1 6.08483E-1 6.08635E-1 6.11737E-1 6.11473E-1 6.09561E-1 6.04817E-1 6.09805E-1 6.02203E-1 6.09488E-1 6.07265E-1 6.05464E-1 6.01506E-1 6.01532E-1 6.09711E-1 6.07151E-1 6.12892E-1 6.15276E-1 6.15348E-1 6.18662E-1 6.18626E-1 6.24125E-1 6.24161E-1 6.27275E-1 6.33172E-1
5.50906E-1 5.68336E-1 5.49485E-1 5.65054E-1 5.96766E-1 5.7933E-1 5.649E-1 5.7497E-1 5.7135E-1 5.94903E-1 5.96668E-1 5.97459E-1 5.95102E-1 5.95673E-1 5.95744E-1 6.05131E-1 5.81313E-1 5.80236E-1 5.87553E-1 5.79077E-1 5.8717E-1 5.91303E-1 6.1315E-1 6.05955E-1 6.13799E-1 5.93921E-1 5.93884E-1 6.02563E-1 6.04048E-1 6.04775E-1 5.90693E-1 5.94921E-1 5.99288E-1 6.0253E-1 6.14735E-1 6.12508E-1 6.15475E-1 6.15189E-1 6.16933E-1 6.15117E-1 6.20722E-1 6.18798E-1 6.14697E-1 6.13398E-1 6.08342E-1 6.05245E-1 6.10667E-1 6.10439E-1 6.09084E-1 6.0759E-1 6.12816E-1 6.13036E-1 6.1846E-1 6.18219E-1 6.23851E-1 6.21642E-1 6.21607E-1 6.27107E-1 6.3496E-1 6.40425E-1 6.40857E-1
6.26511E-1 5.88201E-1 5.50447E-1 5.85165E-1 6.16385E-1 5.8766E-1 5.95156E-1 5.89061E-1 5.74789E-1 5.76388E-1 5.92043E-1 5.9253E-1 5.92576E-1 5.94806E-1 6.06911E-1 6.02225E-1 5.86111E-1 5.65647E-1 5.68183E-1 5.85769E-1 6.06142E-1 5.94143E-1 6.00988E-1 5.92235E-1 6.02802E-1 5.92262E-1 6.06334E-1 6.09329E-1 5.95909E-1 5.75372E-1 5.90464E-1 5.96976E-1 5.96835E-1 6.03299E-1 6.10382E-1 6.12095E-1 6.07944E-1 6.13222E-1 6.14866E-1 6.16228E-1 6.20152E-1 6.2068E-1 6.18657E-1 6.22869E-1 6.1637E-1 6.0933E-1 6.11507E-1 6.09619E-1 6.12218E-1 6.18072E-1 6.15779E-1 6.2124E-1 6.23534E-1 6.23534E-1 6.26503E-1 6.26708E-1 6.32643E-1 6.38073E-1 6.4046E-1 6.45923E-1 6.512E-1
6.04304E-1 5.5291E-1 5.67957E-1 5.81018E-1 5.76308E-1 5.56037E-1 5.70209E-1 5.67253E-1 5.69471E-1 5.83837E-1 5.86459E-1 5.94747E-1 6.01017E-1 6.03464E-1 6.01589E-1 5.98983E-1 5.98769E-1 5.83871E-1 5.75597E-1 5.96976E-1 6.20871E-1 6.29729E-1 5.86437E-1 5.95564E-1 6.31391E-1 6.294E-1 6.16078E-1 6.0633E-1 6.11329E-1 5.91048E-1 5.9554E-1 6.09027E-1 5.99907E-1 6.02273E-1 6.01065E-1 6.08482E-1 6.13413E-1 6.07414E-1 6.13789E-1 6.11764E-1 6.14398E-1 6.14875E-1 6.22573E-1 6.22979E-1 6.21296E-1 6.25152E-1 6.1776E-1 6.17172E-1 6.22925E-1 6.21046E-1 6.21041E-1 6.26463E-1 6.26499E-1 6.31892E-1 6.37505E-1 6.37541E-1 6.43475E-1 6.43367E-1 6.51071E-1 6.49964E-1 6.53241E-1
5.70476E-1 5.79719E-1 5.95112E-1 5.76768E-1 5.67795E-1 5.52339E-1 5.63036E-1 5.74986E-1 5.82532E-1 5.78596E-1 5.88768E-1 5.991E-1 6.01191E-1 6.00701E-1 5.96493E-1 5.92395E-1 5.99655E-1 6.0747E-1 6.19661E-1 6.18151E-1 6.19563E-1 6.1635E-1 6.1734E-1 6.28832E-1 6.34717E-1 6.17942E-1 5.84584E-1 5.96957E-1 6.16841E-1 6.0215E-1 5.94514E-1 6.05447E-1 5.99217E-1 6.00524E-1 6.04474E-1 6.03581E-1 6.18073E-1 6.22542E-1 6.13296E-1 6.17589E-1 6.15795E-1 6.17539E-1 6.23609E-1 6.21336E-1 6.31905E-1 6.29884E-1 6.23822E-1 6.28463E-1 6.28213E-1 6.28427E-1 6.34143E-1 6.31934E-1 6.35083E-1 6.37572E-1 6.40747E-1 6.46138E-1 6.46138E-1 6.48864E-1 6.53108E-1 6.60907E-1 6.6628E-1
5.63212E-1 5.76521E-1 5.98657E-1 5.79287E-1 5.61074E-1 5.84042E-1 5.74192E-1 5.71266E-1 5.75859E-1 5.82677E-1 5.8875E-1 5.8148E-1 5.90677E-1 5.91944E-1 5.9743E-1 6.00107E-1 6.02602E-1 6.07269E-1 6.07483E-1 6.15908E-1 6.11003E-1 6.12177E-1 6.27526E-1 6.37142E-1 6.46476E-1 6.4291E-1 6.44032E-1 6.31691E-1 6.43063E-1 6.38182E-1 6.3939E-1 6.34056E-1 6.04237E-1 6.1079E-1 6.10102E-1 6.16549E-1 6.20867E-1 6.31543E-1 6.27865E-1 6.18816E-1 6.22954E-1 6.23111E-1 6.26822E-1 6.24934E-1 6.32328E-1 6.28666E-1 6.32088E-1 6.32068E-1 6.33722E-1 6.36969E-1 6.39501E-1 6.45071E-1 6.42685E-1 6.40405E-1 6.40405E-1 6.45682E-1 6.5124E-1 6.51781E-1 6.61218E-1 6.7161E-1 6.79167E-1
6.02025E-1 5.76825E-1 5.84924E-1 5.83139E-1 5.58553E-1 6.043E-1 6.05769E-1 5.68877E-1 5.79515E-1 5.97143E-1 5.96559E-1 5.88594E-1 5.86294E-1 5.94956E-1 5.97706E-1 6.03868E-1 6.09325E-1 6.08946E-1 6.10463E-1 6.15634E-1 6.09919E-1 6.22999E-1 6.2917E-1 6.22487E-1 6.19277E-1 6.31708E-1 6.4638E-1 6.4552E-1 6.51433E-1 6.45362E-1 6.2899E-1 6.03799E-1 6.14868E-1 6.13829E-1 6.17733E-1 6.21776E-1 6.26422E-1 6.29908E-1 6.25936E-1 6.31648E-1 6.24272E-1 6.31895E-1 6.29896E-1 6.33284E-1 6.3572E-1 6.37271E-1 6.37123E-1 6.37283E-1 6.44713E-1 6.44606E-1 6.44749E-1 6.47895E-1 6.47967E-1 6.53291E-1 6.53605E-1 6.5664E-1 6.64453E-1 6.64489E-1 6.72063E-1 6.77885E-1 6.87679E-1
5.80711E-1 5.75497E-1 5.90065E-1 5.67154E-1 5.64578E-1 5.84805E-1 5.86729E-1 5.78813E-1 5.94089E-1 6.06198E-1 5.96498E-1 5.92991E-1 5.8894E-1 5.96685E-1 6.08467E-1 6.09003E-1 6.08967E-1 6.14648E-1 6.14771E-1 6.13267E-1 6.3023E-1 6.37877E-1 6.23471E-1 6.29176E-1 6.48591E-1 6.44832E-1 6.50156E-1 6.42397E-1 6.4537E-1 6.39826E-1 6.46425E-1 6.51992E-1 6.24014E-1 6.24384E-1 6.22993E-1 6.27349E-1 6.32564E-1 6.32618E-1 6.32646E-1 6.3246E-1 6.35638E-1 6.32252E-1 6.36351E-1 6.40536E-1 6.36228E-1 6.36559E-1 6.37799E-1 6.4529E-1 6.55558E-1 6.47835E-1 6.55594E-1 6.55666E-1 6.55737E-1 6.58843E-1 6.66597E-1 6.72034E-1 6.6997E-1 6.7533E-1 6.82842E-1 6.90386E-1 6.95736E-1
6.04542E-1 5.88887E-1 6.15837E-1 5.61902E-1 5.73408E-1 6.01907E-1 5.69502E-1 5.82632E-1 6.0465E-1 6.0411E-1 5.90959E-1 5.93496E-1 5.93276E-1 5.99956E-1 6.03683E-1 6.0345E-1 6.09044E-1 6.12007E-1 6.09795E-1 6.17592E-1 6.28728E-1 6.4273E-1 6.43777E-1 6.2771E-1 6.30767E-1 6.50592E-1 6.57863E-1 6.48956E-1 6.4681E-1 6.50326E-1 6.5734E-1 6.14355E-1 6.18057E-1 6.26372E-1 6.33636E-1 6.32161E-1 6.34793E-1 6.35546E-1 6.42092E-1 6.47798E-1 6.33944E-1 6.36489E-1 6.41149E-1 6.41231E-1 6.47191E-1 6.44835E-1 6.48074E-1 6.50643E-1 6.52822E-1 6.58204E-1 6.5824E-1 6.6423E-1 6.69634E-1 6.71962E-1 6.75259E-1 6.80609E-1 6.8068E-1 6.88246E-1 6.95716E-1 6.95681E-1 6.98804E-1
6.09548E-1 6.28042E-1 6.16567E-1 5.70749E-1 5.83123E-1 5.79213E-1 5.6883E-1 5.86098E-1 6.02263E-1 6.05032E-1 6.02073E-1 5.9876E-1 5.92578E-1 5.97631E-1 5.97097E-1 6.02485E-1 6.04568E-1 6.09861E-1 6.10265E-1 6.14428E-1 6.12921E-1 6.16347E-1 6.29076E-1 6.57182E-1 6.37452E-1 6.39771E-1 6.61494E-1 6.47352E-1 6.40824E-1 6.50113E-1 6.36164E-1 6.09065E-1 6.17519E-1 6.31376E-1 6.3717E-1 6.3153E-1 6.35891E-1 6.43847E-1 6.44272E-1 6.4204E-1 6.46082E-1 6.43174E-1 6.44176E-1 6.51752E-1 6.49812E-1 6.55674E-1 6.60974E-1 6.61339E-1 6.61482E-1 6.69093E-1 6.74383E-1 6.74525E-1 6.79948E-1 6.80593E-1 6.85983E-1 6.8386E-1 6.9138E-1 6.9131E-1 6.96658E-1 7.01991E-1 7.07272E-1
5.80789E-1 6.02586E-1 5.98219E-1 5.8048E-1 6.09831E-1 6.10633E-1 5.76158E-1 5.83452E-1 6.01241E-1 6.02942E-1 5.94639E-1 5.95711E-1 5.9509E-1 5.97222E-1 6.04454E-1 6.02342E-1 6.00295E-1 6.05684E-1 6.1146E-1 6.13899E-1 6.21733E-1 6.2553E-1 6.33411E-1 6.47803E-1 6.55641E-1 6.58306E-1 6.67972E-1 6.47438E-1 6.2522E-1 6.22061E-1 6.17971E-1 6.12135E-1 6.22975E-1 6.36505E-1 6.43967E-1 6.40571E-1 6.47453E-1 6.44054E-1 6.45225E-1 6.50399E-1 6.53594E-1 6.49748E-1 6.53333E-1 6.62799E-1 6.60827E-1 6.63913E-1 6.66311E-1 6.73987E-1 6.74529E-1 6.79951E-1 6.79916E-1 6.85323E-1 6.90722E-1 6.90723E-1 6.90864E-1 6.94151E-1 7.01991E-1 7.07167E-1 7.12396E-1 7.12396E-1 7.19688E-1
5.77119E-1 5.87467E-1 5.88623E-1 5.94166E-1 6.01129E-1 6.18449E-1 5.77326E-1 5.80881E-1 5.97119E-1 6.02753E-1 5.98294E-1 5.96738E-1 5.97023E-1 5.99024E-1 5.9901E-1 6.0854E-1 6.06495E-1 6.12271E-1 6.12426E-1 6.15775E-1 6.1455E-1 6.41982E-1 6.50744E-1 6.4909E-1 6.5492E-1 6.54924E-1 6.49108E-1 6.51435E-1 6.4289E-1 6.44243E-1 6.17095E-1 6.2895E-1 6.40078E-1 6.47575E-1 6.45347E-1 6.50307E-1 6.45851E-1 6.4544E-1 6.5556E-1 6.59182E-1 6.57014E-1 6.60362E-1 6.64135E-1 6.65415E-1 6.6929E-1 6.76986E-1 6.82332E-1 6.8251E-1 6.88198E-1 6.85E-1 6.90549E-1 6.88537E-1 6.96178E-1 7.01442E-1 7.06725E-1 7.02416E-1 7.10338E-1 7.15081E-1 7.20823E-1 7.25985E-1 7.33302E-1
5.77723E-1 6.04726E-1 5.9855E-1 6.13903E-1 5.93234E-1 6.16128E-1 5.82014E-1 5.84728E-1 5.91709E-1 6.00979E-1 6.05794E-1 5.95009E-1 5.91716E-1 5.98531E-1 6.00456E-1 6.02085E-1 6.0691E-1 6.06723E-1 6.06687E-1 6.12787E-1 6.16342E-1 6.18589E-1 6.48526E-1 6.4732E-1 6.43613E-1 6.55682E-1 6.64556E-1 6.61043E-1 6.42714E-1 6.17053E-1 6.23053E-1 6.33168E-1 6.47145E-1 6.50271E-1 6.53558E-1 6.54905E-1 6.58047E-1 6.59172E-1 6.65872E-1 6.69469E-1 6.66013E-1 6.6971E-1 6.72466E-1 6.77974E-1 6.79814E-1 6.80251E-1 6.91059E-1 6.8788E-1 6.93379E-1 6.98791E-1 6.96717E-1 7.04523E-1 7.04629E-1 7.09936E-1 7.15086E-1 7.18131E-1 7.23388E-1 7.2553E-1 7.256E-1 7.30791E-1 7.36238E-1
5.80791E-1 5.9721E-1 6.0984E-1 6.11535E-1 6.13422E-1 6.16998E-1 6.17613E-1 5.86625E-1 5.86565E-1 5.94737E-1 5.98973E-1 5.93562E-1 6.00181E-1 6.0002E-1 6.02016E-1 6.00257E-1 6.04403E-1 6.06369E-1 6.0948E-1 6.09805E-1 6.18133E-1 6.19498E-1 6.24588E-1 6.50765E-1 6.49066E-1 6.47998E-1 6.67713E-1 6.54787E-1 6.60001E-1 6.27849E-1 6.32037E-1 6.43363E-1 6.54925E-1 6.56935E-1 6.53129E-1 6.58108E-1 6.64589E-1 6.60558E-1 6.6754E-1 6.77939E-1 6.83577E-1 6.81952E-1 6.78058E-1 6.85041E-1 6.85148E-1 6.92635E-1 6.98552E-1 6.96443E-1 7.01777E-1 7.07269E-1 7.14578E-1 7.15004E-1 7.18159E-1 7.25465E-1 7.20286E-1 7.25531E-1 7.30757E-1 7.33801E-1 7.3589E-1 7.41101E-1 -9999
6.2369E-1 6.0872E-1 6.23819E-1 6.19663E-1 5.99691E-1 6.13897E-1 6.20116E-1 6.24309E-1 5.88516E-1 5.91398E-1 6.00046E-1 5.96895E-1 6.05734E-1 6.08165E-1 6.05069E-1 6.05706E-1 6.05222E-1 6.09551E-1 6.08621E-1 6.17175E-1 6.22368E-1 6.21872E-1 6.24746E-1 6.28299E-1 6.36146E-1 6.39973E-1 6.40817E-1 6.32497E-1 6.43534E-1 6.32731E-1 6.45956E-1 6.56391E-1 6.51632E-1 6.5472E-1 6.60101E-1 6.6306E-1 6.68074E-1 6.73784E-1 6.82155E-1 6.88995E-1 6.83142E-1 6.8898E-1 6.90346E-1 6.95861E-1 7.01232E-1 7.06585E-1 7.07086E-1 7.12532E-1 7.17916E-1 7.17951E-1 7.23105E-1 7.25169E-1 7.23417E-1 7.25431E-1 7.28172E-1 7.35997E-1 -9999 -9999 -9999 -9999 -9999
6.15561E-1 6.03802E-1 6.22888E-1 6.23547E-1 6.22324E-1 6.14348E-1 6.17544E-1 6.29063E-1 6.12709E-1 5.97933E-1 6.00587E-1 6.08881E-1 5.97305E-1 6.03476E-1 6.02539E-1 6.04547E-1 6.07786E-1 6.08923E-1 6.16201E-1 6.15828E-1 6.22494E-1 6.25969E-1 6.24752E-1 6.35117E-1 6.39859E-1 6.41637E-1 6.38563E-1 6.27987E-1 6.37018E-1 6.52461E-1 6.52286E-1 6.59843E-1 6.60007E-1 6.66383E-1 6.69429E-1 6.72722E-1 6.77839E-1 6.81056E-1 6.85756E-1 6.85332E-1 6.97805E-1 6.97699E-1 7.01138E-1 7.04393E-1 7.09771E-1 7.15061E-1 7.22256E-1 7.17561E-1 7.22821E-1 7.28238E-1 7.28514E-1 7.33616E-1 -9999 -9999 -9999 -9999 -9999 -9999 -9999 -9999 -9999
5.95219E-1 5.95004E-1 6.02572E-1 6.1878E-1 6.26899E-1 6.13657E-1 6.21257E-1 6.19206E-1 5.97582E-1 5.97405E-1 6.13767E-1 6.13455E-1 6.00743E-1 5.98899E-1 6.05905E-1 6.08371E-1 6.09273E-1 6.13085E-1 6.1766E-1 6.25133E-1 6.27668E-1 6.2841E-1 6.31335E-1 6.40247E-1 6.383E-1 6.3954E-1 6.44481E-1 6.33984E-1 6.33572E-1 6.54622E-1 6.62419E-1 6.67289E-1 6.67061E-1 6.6421E-1 6.71809E-1 6.81156E-1 6.91686E-1 6.84005E-1 6.90498E-1 7.01379E-1 7.06802E-1 7.11823E-1 7.16966E-1 7.15057E-1 7.22337E-1 7.22268E-1 7.2236E-1 -9999 -9999 -9999 -9999 -9999 -9999 -9999 -9999 -9999 -9999 -9999 -9999 -9999 -9999
5.9029E-1 5.94301E-1 5.94641E-1 6.08033E-1 6.10398E-1 6.1388E-1 6.22322E-1 6.03251E-1 5.93673E-1 6.08465E-1 6.15025E-1 6.10867E-1 6.15466E-1 6.01079E-1 6.05229E-1 6.14635E-1 6.076E-1 6.08488E-1 6.17839E-1 6.27481E-1 6.31413E-1 6.30859E-1 6.30854E-1 6.33708E-1 6.48348E-1 6.42407E-1 6.38126E-1 6.55004E-1 6.55578E-1 6.57234E-1 6.64022E-1 6.66251E-1 6.61529E-1 6.83276E-1 6.79225E-1 6.75676E-1 7.0378E-1 6.96023E-1 7.02827E-1 7.13296E-1 7.18851E-1 7.22416E-1 7.21919E-1 7.27434E-1 7.25403E-1 -9999 -9999 -9999 -9999 -9999 -9999 -9999 -9999 -9999 -9999 -9999 -9999 -9999 -9999 -9999 -9999
5.78316E-1 5.69393E-1 5.86156E-1 5.93322E-1 5.97537E-1 6.0502E-1 6.16165E-1 6.14263E-1 6.1032E-1 6.10642E-1 6.11258E-1 6.06462E-1 6.0517E-1 6.06208E-1 6.07684E-1 6.14749E-1 6.14489E-1 6.16699E-1 6.14988E-1 6.19928E-1 6.28206E-1 6.3416E-1 6.35027E-1 6.45415E-1 6.42855E-1 6.3571E-1 6.5045E-1 6.63415E-1 6.57031E-1 6.55809E-1 6.81027E-1 6.8169E-1 6.86668E-1 6.99574E-1 7.10764E-1 7.01562E-1 7.01744E-1 7.08595E-1 7.13575E-1 7.25744E-1 7.24036E-1 7.26988E-1 7.32208E-1 7.34247E-1 -9999 -9999 -9999 -9999 -9999 -9999 -9999 -9999 -9999 -9999 -9999 -9999 -9999 -9999 -9999 -9999 -9999
