Artocarpus heterophyllus SDM files/Last interglacial/results (with bias file)/Arthet_avg.asc
ncols         625
nrows         721
xllcorner     69.99986311115
yllcorner     5.99986151914999
cellsize      0.041666667
NODATA_value  -9999
[rows 216 to 242 of 721, columns 427 to 487 of 625]
4.08517E-1 3.81266E-1 4.11561E-1 4.07234E-1 4.83562E-1 3.49968E-1 2.98536E-1 3.23687E-1 4.77964E-1 4.37824E-1 4.42926E-1 4.25765E-1 4.44468E-1 5.64126E-1 6.15017E-1 7.08094E-1 7.07457E-1 6.4436E-1 5.34747E-1 5.78348E-1 5.32607E-1 6.15688E-1 5.5836E-1 6.12382E-1 6.22677E-1 6.74431E-1 7.08767E-1 6.71384E-1 5.83865E-1 4.18059E-1 4.78292E-1 2.68372E-1 4.36524E-1 5.58092E-1 6.05238E-1 3.00474E-1 3.33339E-1 2.52447E-1 4.74958E-1 3.93519E-1 2.77755E-1 1.65594E-1 2.36337E-1 3.27254E-1 1.83785E-1 1.29841E-1 2.02272E-1 1.92412E-1 2.84753E-1 2.73732E-1 3.66445E-1 4.77248E-1 3.04989E-1 3.96409E-1 5.88935E-1 5.34888E-1 5.06332E-1 4.24177E-1 2.96973E-1 3.17616E-1 3.26743E-1
5.10553E-1 4.32882E-1 4.94862E-1 4.89418E-1 5.36492E-1 3.83597E-1 4.33865E-1 4.15546E-1 4.03107E-1 4.79047E-1 5.12975E-1 3.96595E-1 3.86735E-1 5.49538E-1 6.83374E-1 7.13989E-1 6.82532E-1 6.03378E-1 5.66984E-1 6.74195E-1 6.78386E-1 7.03139E-1 6.93051E-1 7.02485E-1 7.00347E-1 6.87328E-1 7.09954E-1 7.10099E-1 6.79316E-1 6.45613E-1 6.21499E-1 4.26467E-1 4.04345E-1 4.77338E-1 6.18173E-1 6.00846E-1 5.41614E-1 4.62924E-1 5.31467E-1 5.78269E-1 3.75928E-1 2.00586E-1 2.22783E-1 3.87402E-1 1.8644E-1 1.66035E-1 3.01213E-1 2.34647E-1 2.92863E-1 4.12347E-1 3.66704E-1 5.40117E-1 4.15209E-1 4.43581E-1 6.16982E-1 4.7778E-1 3.44023E-1 2.97192E-1 3.03007E-1 3.96678E-1 3.4458E-1
5.63255E-1 4.7493E-1 5.5245E-1 5.84446E-1 5.52019E-1 4.76345E-1 5.42439E-1 4.54478E-1 4.73852E-1 5.22822E-1 6.00403E-1 5.27831E-1 4.18386E-1 5.80879E-1 6.1145E-1 6.897E-1 6.73586E-1 6.92042E-1 6.88666E-1 6.98349E-1 6.92613E-1 7.01188E-1 6.90392E-1 6.90183E-1 6.94518E-1 6.86557E-1 6.97268E-1 6.9391E-1 6.97458E-1 6.98194E-1 7.07111E-1 6.59362E-1 6.08281E-1 5.11116E-1 5.28254E-1 6.71528E-1 6.29802E-1 5.76836E-1 6.48203E-1 5.64789E-1 3.21618E-1 2.77167E-1 3.5981E-1 5.33573E-1 2.38018E-1 1.9403E-1 3.66614E-1 3.3367E-1 2.55769E-1 3.92644E-1 3.82108E-1 4.66666E-1 5.26346E-1 5.75942E-1 6.08654E-1 4.77873E-1 4.31543E-1 3.27423E-1 4.26332E-1 5.39737E-1 4.77673E-1
5.96676E-1 5.42819E-1 6.13834E-1 6.53377E-1 6.12743E-1 5.55855E-1 5.01647E-1 5.17153E-1 4.86451E-1 5.23287E-1 6.37392E-1 5.82292E-1 5.16984E-1 6.43238E-1 6.40772E-1 6.94938E-1 6.99026E-1 7.04481E-1 6.96644E-1 6.85443E-1 6.95232E-1 6.86944E-1 6.82562E-1 6.83249E-1 6.86972E-1 6.85278E-1 6.77823E-1 6.85743E-1 6.89124E-1 6.91743E-1 6.98243E-1 7.10658E-1 6.07519E-1 5.10988E-1 5.39144E-1 5.9506E-1 6.65912E-1 6.80239E-1 6.68455E-1 5.48342E-1 5.2881E-1 3.37479E-1 3.46375E-1 5.68901E-1 3.87138E-1 2.30023E-1 2.78806E-1 4.58592E-1 3.25506E-1 4.44241E-1 4.64043E-1 3.71637E-1 4.84985E-1 6.90399E-1 5.97371E-1 5.85384E-1 4.54894E-1 5.15082E-1 5.5907E-1 5.75852E-1 5.54507E-1
6.34449E-1 6.09594E-1 6.7694E-1 6.41415E-1 5.52897E-1 5.53567E-1 5.78666E-1 5.26673E-1 5.71945E-1 6.03341E-1 6.57782E-1 6.34607E-1 6.58719E-1 6.90262E-1 7.05513E-1 6.91507E-1 6.77289E-1 6.84255E-1 6.92181E-1 6.8963E-1 6.84637E-1 6.77335E-1 6.77807E-1 6.80963E-1 6.81569E-1 6.73385E-1 6.76576E-1 6.84509E-1 6.88844E-1 6.84676E-1 6.86445E-1 6.96601E-1 6.9728E-1 6.73288E-1 6.13787E-1 5.79495E-1 6.61434E-1 6.70052E-1 6.76717E-1 6.84054E-1 6.63347E-1 4.02482E-1 3.41328E-1 5.7478E-1 3.49793E-1 2.92139E-1 3.34548E-1 4.39254E-1 3.84293E-1 4.37221E-1 6.45173E-1 4.78924E-1 6.89185E-1 6.64959E-1 5.26301E-1 4.64831E-1 4.73474E-1 5.98927E-1 6.78455E-1 6.73314E-1 6.72441E-1
6.69447E-1 6.82308E-1 6.82132E-1 6.97673E-1 6.91669E-1 6.86865E-1 5.95977E-1 5.86373E-1 6.27475E-1 6.81702E-1 6.77721E-1 6.8096E-1 6.86024E-1 6.82592E-1 6.81592E-1 6.85669E-1 6.86995E-1 6.77725E-1 6.80562E-1 6.86718E-1 6.80779E-1 6.7945E-1 6.79931E-1 6.7829E-1 6.76755E-1 6.69993E-1 6.74696E-1 6.77458E-1 6.81544E-1 6.77804E-1 6.77064E-1 6.80176E-1 6.77188E-1 6.73115E-1 6.69764E-1 6.66626E-1 6.48668E-1 6.59503E-1 6.66254E-1 6.76296E-1 6.7459E-1 5.91386E-1 5.02464E-1 5.84912E-1 6.2986E-1 5.71457E-1 5.3922E-1 6.3452E-1 3.79507E-1 4.73525E-1 6.61502E-1 6.73739E-1 6.82384E-1 5.18943E-1 4.86135E-1 6.49931E-1 6.66587E-1 6.67811E-1 6.7238E-1 6.66166E-1 6.64475E-1
6.61035E-1 6.61569E-1 6.6154E-1 6.76079E-1 6.74798E-1 6.81294E-1 6.83201E-1 6.80342E-1 6.67359E-1 6.70569E-1 6.71468E-1 6.68214E-1 6.66997E-1 6.69135E-1 6.7118E-1 6.80558E-1 6.84357E-1 6.78267E-1 6.68906E-1 6.75986E-1 6.76648E-1 6.75315E-1 6.78906E-1 6.7881E-1 6.7229E-1 6.66359E-1 6.69938E-1 6.71842E-1 6.74421E-1 6.68384E-1 6.69867E-1 6.69285E-1 6.65855E-1 6.62735E-1 6.55136E-1 6.50253E-1 6.56484E-1 6.60812E-1 6.58263E-1 6.58961E-1 6.63249E-1 6.6331E-1 6.20627E-1 5.30831E-1 5.11424E-1 5.99527E-1 6.53238E-1 5.62456E-1 5.40325E-1 5.72499E-1 6.50843E-1 6.58707E-1 6.44916E-1 6.49092E-1 6.54081E-1 6.54041E-1 6.53714E-1 6.55998E-1 6.62493E-1 6.59489E-1 6.57752E-1
6.53397E-1 6.51968E-1 6.61036E-1 6.4954E-1 6.61199E-1 6.67015E-1 6.68346E-1 6.62367E-1 6.65105E-1 6.70399E-1 6.63817E-1 6.63592E-1 6.58885E-1 6.66522E-1 6.66773E-1 6.7272E-1 6.78141E-1 6.72814E-1 6.68454E-1 6.65089E-1 6.72875E-1 6.71776E-1 6.72982E-1 6.72996E-1 6.67456E-1 6.68392E-1 6.6623E-1 6.63018E-1 6.63387E-1 6.60777E-1 6.62861E-1 6.55807E-1 6.56608E-1 6.5129E-1 6.4957E-1 6.48667E-1 6.53199E-1 6.52199E-1 6.43196E-1 6.41898E-1 6.39513E-1 6.40416E-1 6.40882E-1 6.40502E-1 6.12441E-1 5.88001E-1 6.29083E-1 6.32335E-1 6.24213E-1 6.30891E-1 6.39984E-1 6.36858E-1 6.37524E-1 6.38588E-1 6.39903E-1 6.42134E-1 6.42747E-1 6.43345E-1 6.46232E-1 6.4584E-1 6.42691E-1
6.65367E-1 6.50364E-1 6.55261E-1 6.47228E-1 6.52583E-1 6.53335E-1 6.56256E-1 6.59843E-1 6.64927E-1 6.65027E-1 6.59941E-1 6.60199E-1 6.54727E-1 6.56108E-1 6.56525E-1 6.59487E-1 6.63757E-1 6.65802E-1 6.68283E-1 6.59824E-1 6.65697E-1 6.65565E-1 6.6772E-1 6.65791E-1 6.68636E-1 6.65211E-1 6.65794E-1 6.61009E-1 6.59406E-1 6.59621E-1 6.57828E-1 6.53552E-1 6.49317E-1 6.51747E-1 6.55065E-1 6.43287E-1 6.46998E-1 6.39557E-1 6.36062E-1 6.35387E-1 6.35292E-1 6.37462E-1 6.3147E-1 6.22857E-1 6.18356E-1 6.17638E-1 6.27524E-1 6.26312E-1 6.18228E-1 6.21709E-1 6.32321E-1 6.33019E-1 6.32766E-1 6.32444E-1 6.33976E-1 6.43175E-1 6.3575E-1 6.36021E-1 6.38251E-1 6.39672E-1 6.39833E-1
6.41451E-1 6.38618E-1 6.39619E-1 6.41521E-1 6.50003E-1 6.5136E-1 6.47189E-1 6.51521E-1 6.57682E-1 6.53847E-1 6.54874E-1 6.58054E-1 6.51689E-1 6.52161E-1 6.55062E-1 6.52057E-1 6.5655E-1 6.57875E-1 6.57331E-1 6.58987E-1 6.53784E-1 6.56717E-1 6.59604E-1 6.59857E-1 6.68911E-1 6.56672E-1 6.6197E-1 6.57274E-1 6.55636E-1 6.48679E-1 6.51815E-1 6.45195E-1 6.42221E-1 6.50915E-1 6.43676E-1 6.48942E-1 6.44979E-1 6.36079E-1 6.30368E-1 6.37178E-1 6.3147E-1 6.37078E-1 6.23413E-1 6.17096E-1 6.15446E-1 6.22132E-1 6.18161E-1 6.16641E-1 6.22985E-1 6.2206E-1 6.24817E-1 6.26267E-1 6.28013E-1 6.24265E-1 6.24672E-1 6.25961E-1 6.28109E-1 6.29023E-1 6.30717E-1 6.30527E-1 6.33269E-1
6.40694E-1 6.3869E-1 6.40775E-1 6.42468E-1 6.43796E-1 6.45441E-1 6.50881E-1 6.51622E-1 6.50111E-1 6.54745E-1 6.48575E-1 6.47314E-1 6.45498E-1 6.47687E-1 6.49997E-1 6.51983E-1 6.54392E-1 6.57472E-1 6.57976E-1 6.50569E-1 6.57657E-1 6.55245E-1 6.55084E-1 6.56097E-1 6.54752E-1 6.55519E-1 6.51477E-1 6.49502E-1 6.48106E-1 6.46057E-1 6.52567E-1 6.52515E-1 6.45064E-1 6.48562E-1 6.46498E-1 6.38314E-1 6.4343E-1 6.32835E-1 6.27526E-1 6.37916E-1 6.35847E-1 6.27449E-1 6.19324E-1 6.23051E-1 6.1517E-1 6.19689E-1 6.19084E-1 6.19011E-1 6.20001E-1 6.20695E-1 6.20674E-1 6.19737E-1 6.21824E-1 6.22086E-1 6.21126E-1 6.22172E-1 6.22518E-1 6.23646E-1 6.26522E-1 6.28511E-1 6.28077E-1
6.37017E-1 6.34888E-1 6.43612E-1 6.46195E-1 6.4087E-1 6.46676E-1 6.41827E-1 6.48497E-1 6.465E-1 6.45586E-1 6.53964E-1 6.51142E-1 6.49933E-1 6.50349E-1 6.47913E-1 6.47528E-1 6.45622E-1 6.46738E-1 6.53511E-1 6.46438E-1 6.5177E-1 6.54149E-1 6.51632E-1 6.52859E-1 6.53309E-1 6.50753E-1 6.50854E-1 6.46253E-1 6.47297E-1 6.43382E-1 6.42199E-1 6.44345E-1 6.44022E-1 6.38402E-1 6.38933E-1 6.35887E-1 6.35092E-1 6.30957E-1 6.2586E-1 6.26849E-1 6.23472E-1 6.23091E-1 6.17457E-1 6.18101E-1 6.18759E-1 6.19427E-1 6.17611E-1 6.16417E-1 6.17399E-1 6.14549E-1 6.14181E-1 6.14589E-1 6.14127E-1 6.17805E-1 6.1869E-1 6.1839E-1 6.21773E-1 6.21668E-1 6.20693E-1 6.23408E-1 6.22627E-1
6.38525E-1 6.385E-1 6.38587E-1 6.37367E-1 6.39024E-1 6.39356E-1 6.45486E-1 6.47878E-1 6.43685E-1 6.44463E-1 6.46987E-1 6.42775E-1 6.50474E-1 6.48312E-1 6.50074E-1 6.47585E-1 6.45809E-1 6.45052E-1 6.43406E-1 6.43263E-1 6.41878E-1 6.41655E-1 6.48382E-1 6.47339E-1 6.47468E-1 6.47811E-1 6.45899E-1 6.43924E-1 6.44349E-1 6.40406E-1 6.39437E-1 6.40751E-1 6.42656E-1 6.39101E-1 6.37163E-1 6.33966E-1 6.32191E-1 6.30013E-1 6.27675E-1 6.26547E-1 6.21605E-1 6.20317E-1 6.19512E-1 6.17765E-1 6.13755E-1 6.17024E-1 6.1606E-1 6.12616E-1 6.12706E-1 6.0898E-1 6.10726E-1 6.08898E-1 6.097E-1 6.11868E-1 6.17374E-1 6.17074E-1 6.17179E-1 6.18656E-1 6.17069E-1 6.18437E-1 6.21175E-1
6.31226E-1 6.31173E-1 6.41058E-1 6.39108E-1 6.44506E-1 6.36273E-1 6.36155E-1 6.3872E-1 6.37307E-1 6.44109E-1 6.42694E-1 6.44165E-1 6.45852E-1 6.3913E-1 6.38545E-1 6.3701E-1 6.44148E-1 6.35412E-1 6.44378E-1 6.42086E-1 6.40216E-1 6.41093E-1 6.38999E-1 6.39584E-1 6.38211E-1 6.40623E-1 6.38629E-1 6.36418E-1 6.33291E-1 6.38367E-1 6.39145E-1 6.37872E-1 6.39296E-1 6.3865E-1 6.36679E-1 6.33077E-1 6.32027E-1 6.28558E-1 6.26623E-1 6.23184E-1 6.21976E-1 6.20204E-1 6.18377E-1 6.12457E-1 6.11332E-1 6.15003E-1 6.10845E-1 6.12754E-1 6.11389E-1 6.0981E-1 6.09025E-1 6.09186E-1 6.10423E-1 6.11225E-1 6.10114E-1 6.11801E-1 6.12524E-1 6.13762E-1 6.16557E-1 6.17141E-1 6.18233E-1
6.30545E-1 6.31299E-1 6.33427E-1 6.31143E-1 6.32472E-1 6.41144E-1 6.40962E-1 6.38463E-1 6.37658E-1 6.37352E-1 6.35856E-1 6.35295E-1 6.35399E-1 6.42141E-1 6.37625E-1 6.35991E-1 6.3614E-1 6.34312E-1 6.34654E-1 6.35188E-1 6.39016E-1 6.38196E-1 6.39104E-1 6.36282E-1 6.36948E-1 6.35381E-1 6.35619E-1 6.33922E-1 6.32431E-1 6.30703E-1 6.3487E-1 6.34062E-1 6.34922E-1 6.31046E-1 6.28898E-1 6.33024E-1 6.3089E-1 6.2716E-1 6.23737E-1 6.21803E-1 6.22504E-1 6.17236E-1 6.21553E-1 6.17218E-1 6.16092E-1 6.12414E-1 6.10648E-1 6.10728E-1 6.07625E-1 6.07721E-1 6.08283E-1 6.10005E-1 6.07562E-1 6.07532E-1 6.07883E-1 6.11399E-1 6.12685E-1 6.11175E-1 6.12703E-1 6.2083E-1 6.1784E-1
6.26341E-1 6.26259E-1 6.32811E-1 6.30263E-1 6.32232E-1 6.34337E-1 6.34099E-1 6.33427E-1 6.40536E-1 6.37535E-1 6.36956E-1 6.35583E-1 6.3365E-1 6.3496E-1 6.31579E-1 6.35377E-1 6.35637E-1 6.31529E-1 6.31709E-1 6.32423E-1 6.32926E-1 6.3162E-1 6.3065E-1 6.29705E-1 6.34938E-1 6.32559E-1 6.33155E-1 6.311E-1 6.30303E-1 6.2893E-1 6.27942E-1 6.2469E-1 6.23398E-1 6.26993E-1 6.27934E-1 6.27956E-1 6.25876E-1 6.22111E-1 6.19612E-1 6.21907E-1 6.20537E-1 6.16412E-1 6.19763E-1 6.1583E-1 6.12391E-1 6.09395E-1 6.07348E-1 6.0791E-1 6.09045E-1 6.1029E-1 6.11816E-1 6.09693E-1 6.05053E-1 6.06979E-1 6.06738E-1 6.09372E-1 6.09372E-1 6.10978E-1 6.1056E-1 6.15548E-1 6.23555E-1
6.25513E-1 6.25443E-1 6.25356E-1 6.25311E-1 6.23839E-1 6.31835E-1 6.33772E-1 6.34035E-1 6.3133E-1 6.31172E-1 6.30452E-1 6.29378E-1 6.33199E-1 6.3593E-1 6.31675E-1 6.32468E-1 6.28181E-1 6.35085E-1 6.32934E-1 6.32012E-1 6.32679E-1 6.31466E-1 6.30161E-1 6.29775E-1 6.25365E-1 6.26353E-1 6.22319E-1 6.31695E-1 6.28695E-1 6.29684E-1 6.25486E-1 6.24274E-1 6.22659E-1 6.21816E-1 6.25122E-1 6.25144E-1 6.23656E-1 6.21559E-1 6.19301E-1 6.23668E-1 6.15014E-1 6.15719E-1 6.19379E-1 6.15446E-1 6.12086E-1 6.04353E-1 6.108E-1 6.09997E-1 6.06907E-1 6.09141E-1 6.12436E-1 6.0889E-1 6.06577E-1 6.04973E-1 6.07059E-1 6.0758E-1 6.08303E-1 6.1134E-1 6.11035E-1 6.18065E-1 6.19241E-1
6.18154E-1 6.24748E-1 6.18165E-1 6.25586E-1 6.23345E-1 6.25731E-1 6.23085E-1 6.2489E-1 6.31152E-1 6.30835E-1 6.31054E-1 6.30073E-1 6.26558E-1 6.25717E-1 6.24128E-1 6.3128E-1 6.27397E-1 6.28551E-1 6.24443E-1 6.25673E-1 6.24187E-1 6.30924E-1 6.23182E-1 6.29683E-1 6.28193E-1 6.26738E-1 6.24749E-1 6.23456E-1 6.23796E-1 6.2906E-1 6.1875E-1 6.26904E-1 6.23733E-1 6.24076E-1 6.22139E-1 6.25571E-1 6.25432E-1 6.27654E-1 6.21236E-1 6.16296E-1 6.18345E-1 6.14728E-1 6.1336E-1 6.08162E-1 6.06555E-1 6.05913E-1 6.05351E-1 6.07023E-1 6.06474E-1 6.09513E-1 6.09684E-1 6.075E-1 6.0631E-1 6.05106E-1 6.03823E-1 6.05186E-1 6.04272E-1 6.0755E-1 6.14511E-1 6.10985E-1 6.05537E-1
6.18309E-1 6.18264E-1 6.18219E-1 6.24796E-1 6.22702E-1 6.24993E-1 6.25057E-1 6.25413E-1 6.24958E-1 6.24467E-1 6.23874E-1 6.24566E-1 6.27664E-1 6.26562E-1 6.25906E-1 6.2429E-1 6.30179E-1 6.27848E-1 6.23822E-1 6.24647E-1 6.23677E-1 6.25036E-1 6.23165E-1 6.23425E-1 6.2189E-1 6.2713E-1 6.25376E-1 6.23922E-1 6.24665E-1 6.22969E-1 6.19341E-1 6.19925E-1 6.16594E-1 6.23286E-1 6.2115E-1 6.22462E-1 6.28962E-1 6.26863E-1 6.2505E-1 6.2136E-1 6.1684E-1 6.1531E-1 6.12187E-1 6.10171E-1 6.09046E-1 6.08563E-1 6.02682E-1 6.01153E-1 6.01233E-1 6.04523E-1 6.02562E-1 6.04798E-1 6.01403E-1 5.97286E-1 6.04323E-1 6.06038E-1 6.04175E-1 6.10443E-1 6.13422E-1 6.16806E-1 6.1729E-1
6.10958E-1 6.10923E-1 6.10869E-1 6.17488E-1 6.1627E-1 6.16217E-1 6.16284E-1 6.1622E-1 6.17734E-1 6.24165E-1 6.2495E-1 6.24713E-1 6.21857E-1 6.28078E-1 6.24762E-1 6.25344E-1 6.24779E-1 6.20492E-1 6.20132E-1 6.17211E-1 6.16206E-1 6.22418E-1 6.25397E-1 6.23364E-1 6.22725E-1 6.20748E-1 6.25291E-1 6.23618E-1 6.22164E-1 6.27597E-1 6.21417E-1 6.23779E-1 6.20124E-1 6.20914E-1 6.19138E-1 6.19966E-1 6.20347E-1 6.26966E-1 6.24055E-1 6.23537E-1 6.11857E-1 6.14393E-1 6.10622E-1 6.09656E-1 6.08852E-1 6.06134E-1 6.0311E-1 6.02629E-1 6.03753E-1 6.04086E-1 6.05809E-1 6.05155E-1 6.07564E-1 5.96721E-1 6.03132E-1 6.05941E-1 6.112E-1 6.12342E-1 6.14033E-1 6.24098E-1 6.27908E-1
6.08086E-1 6.10963E-1 6.10918E-1 6.11021E-1 6.10998E-1 6.17621E-1 6.09701E-1 6.16277E-1 6.18188E-1 6.18186E-1 6.18154E-1 6.24523E-1 6.21753E-1 6.22292E-1 6.19422E-1 6.18533E-1 6.20143E-1 6.22512E-1 6.21462E-1 6.18129E-1 6.1871E-1 6.16158E-1 6.23939E-1 6.242E-1 6.2218E-1 6.21054E-1 6.24024E-1 6.17685E-1 6.23036E-1 6.26068E-1 6.21862E-1 6.24245E-1 6.24873E-1 6.20894E-1 6.20221E-1 6.18123E-1 6.1768E-1 6.17782E-1 6.17723E-1 6.15966E-1 6.11713E-1 6.10264E-1 6.136E-1 6.1199E-1 6.08947E-1 6.06403E-1 6.05519E-1 6.04796E-1 6.04086E-1 6.0505E-1 5.99317E-1 5.97313E-1 5.98996E-1 5.97665E-1 5.96463E-1 6.01788E-1 6.1363E-1 6.1621E-1 6.17823E-1 6.22856E-1 6.23098E-1
6.06027E-1 6.05973E-1 6.08131E-1 6.10235E-1 6.11047E-1 6.13499E-1 6.08892E-1 6.13397E-1 6.20118E-1 6.23063E-1 6.22175E-1 6.20716E-1 6.20411E-1 6.26973E-1 6.2376E-1 6.23405E-1 6.23131E-1 6.19479E-1 6.2032E-1 6.24625E-1 6.26053E-1 6.24405E-1 6.23502E-1 6.26736E-1 6.20076E-1 6.28361E-1 6.26122E-1 6.24021E-1 6.22647E-1 6.21477E-1 6.21495E-1 6.26423E-1 6.23756E-1 6.24503E-1 6.15921E-1 6.20344E-1 6.17216E-1 6.17398E-1 6.1982E-1 6.18304E-1 6.14291E-1 6.09822E-1 6.08293E-1 6.04689E-1 5.99189E-1 6.01183E-1 6.06914E-1 6.06432E-1 6.04596E-1 6.02475E-1 5.99718E-1 6.00359E-1 5.98393E-1 5.98418E-1 6.02832E-1 6.05848E-1 6.16319E-1 6.1761E-1 6.21608E-1 6.21453E-1 6.22826E-1
6.06085E-1 6.06172E-1 6.06159E-1 6.08158E-1 6.1274E-1 6.12677E-1 6.1363E-1 6.13612E-1 6.1358E-1 6.13594E-1 6.20011E-1 6.1997E-1 6.2002E-1 6.20519E-1 6.17896E-1 6.17816E-1 6.24285E-1 6.25771E-1 6.22539E-1 6.21971E-1 6.19509E-1 6.18583E-1 6.2361E-1 6.24112E-1 6.25141E-1 6.2409E-1 6.2238E-1 6.2264E-1 6.25275E-1 6.24185E-1 6.22165E-1 6.22525E-1 6.19779E-1 6.18001E-1 6.18424E-1 6.16367E-1 6.13452E-1 6.18476E-1 6.17363E-1 6.17707E-1 6.15933E-1 6.12399E-1 6.10064E-1 6.04381E-1 6.01357E-1 6.00714E-1 6.02709E-1 5.97631E-1 6.0392E-1 5.9731E-1 6.02475E-1 5.98697E-1 5.99179E-1 6.04481E-1 6.08571E-1 6.08102E-1 6.18077E-1 6.21695E-1 6.24037E-1 6.23081E-1 6.25262E-1
5.98755E-1 6.05392E-1 6.05356E-1 6.08251E-1 6.06136E-1 6.06208E-1 6.06186E-1 6.12834E-1 6.10499E-1 6.10525E-1 6.13564E-1 6.13498E-1 6.13595E-1 6.19985E-1 6.19889E-1 6.19963E-1 6.17713E-1 6.17028E-1 6.24076E-1 6.20977E-1 6.20005E-1 6.19847E-1 6.19852E-1 6.18004E-1 6.23291E-1 6.26882E-1 6.25208E-1 6.23188E-1 6.20512E-1 6.21015E-1 6.17162E-1 6.19975E-1 6.2207E-1 6.19888E-1 6.17749E-1 6.1793E-1 6.15751E-1 6.11593E-1 6.1262E-1 6.18128E-1 6.16027E-1 6.14414E-1 6.10724E-1 6.04813E-1 6.02908E-1 6.01783E-1 5.99546E-1 5.98137E-1 5.97656E-1 6.04347E-1 5.99926E-1 6.07034E-1 6.08643E-1 6.10656E-1 6.10346E-1 6.11157E-1 6.12366E-1 6.14946E-1 6.21194E-1 6.22648E-1 6.2596E-1
5.98951E-1 5.98916E-1 5.96816E-1 5.96784E-1 6.05482E-1 6.05442E-1 6.06395E-1 6.04088E-1 6.04075E-1 6.04066E-1 6.1069E-1 6.1284E-1 6.10549E-1 6.1342E-1 6.1349E-1 6.17895E-1 6.17844E-1 6.15466E-1 6.15236E-1 6.21507E-1 6.1461E-1 6.18584E-1 6.20183E-1 6.19539E-1 6.2056E-1 6.19533E-1 6.18241E-1 6.2548E-1 6.21183E-1 6.21201E-1 6.19645E-1 6.1575E-1 6.16091E-1 6.2203E-1 6.13606E-1 6.18072E-1 6.1607E-1 6.14374E-1 6.11657E-1 6.12565E-1 6.17343E-1 6.13328E-1 6.11797E-1 6.06206E-1 6.04677E-1 6.00911E-1 5.98469E-1 5.97747E-1 5.96918E-1 5.94283E-1 6.02174E-1 6.02747E-1 6.09299E-1 6.06898E-1 6.09475E-1 6.13091E-1 6.16627E-1 6.136E-1 6.16075E-1 6.26202E-1 6.28185E-1
5.89204E-1 5.96685E-1 5.97004E-1 5.96991E-1 5.96978E-1 5.96702E-1 6.03313E-1 6.03317E-1 6.03435E-1 6.04237E-1 6.04251E-1 6.01914E-1 6.10638E-1 6.12784E-1 6.10454E-1 6.10467E-1 6.09026E-1 6.1562E-1 6.15749E-1 6.15491E-1 6.1528E-1 6.14968E-1 6.14676E-1 6.20787E-1 6.22471E-1 6.21577E-1 6.22702E-1 6.21208E-1 6.19554E-1 6.26633E-1 6.2215E-1 6.19765E-1 6.18554E-1 6.15726E-1 6.1627E-1 6.15507E-1 6.13627E-1 6.16013E-1 6.16195E-1 6.11853E-1 6.08806E-1 6.08871E-1 6.11345E-1 6.03267E-1 6.04529E-1 6.00557E-1 5.99433E-1 5.96383E-1 5.9309E-1 5.98603E-1 6.00509E-1 6.08011E-1 6.06255E-1 6.05933E-1 6.10141E-1 6.12563E-1 6.13956E-1 6.17554E-1 6.18845E-1 6.27216E-1 6.31648E-1
5.89272E-1 5.87294E-1 5.87273E-1 5.93909E-1 5.94754E-1 5.94718E-1 5.96877E-1 5.96859E-1 6.03498E-1 6.01197E-1 6.01184E-1 6.01999E-1 6.0419E-1 6.03924E-1 6.03893E-1 6.08316E-1 6.08262E-1 6.08336E-1 6.06101E-1 6.14763E-1 6.146E-1 6.14558E-1 6.12401E-1 6.14268E-1 6.13901E-1 6.16071E-1 6.21477E-1 6.23926E-1 6.21034E-1 6.21456E-1 6.16529E-1 6.16912E-1 6.15377E-1 6.18013E-1 6.1787E-1 6.15706E-1 6.16129E-1 6.13708E-1 6.16371E-1 6.12192E-1 6.10337E-1 6.07146E-1 6.06728E-1 6.00596E-1 5.98287E-1 6.00006E-1 5.99421E-1 5.97663E-1 5.96846E-1 6.00209E-1 5.98285E-1 5.98455E-1 5.99338E-1 6.02634E-1 6.09924E-1 6.13423E-1 6.15815E-1 6.19131E-1 6.20343E-1 6.26072E-1 6.27202E-1
