Artocarpus heterophyllus SDM files/Last interglacial/results (with bias file)/Arthet_3.asc
ncols         625
nrows         721
xllcorner     69.99986311115
yllcorner     5.99986151914999
cellsize      0.041666667
NODATA_value  -9999
[rows 351 to 377 of 721, columns 244 to 304 of 625]
5.55395E-1 5.62827E-1 5.64336E-1 5.61101E-1 5.54228E-1 5.56668E-1 5.62966E-1 5.54284E-1 5.61113E-1 5.5892E-1 5.73588E-1 5.73983E-1 5.86542E-1 5.74838E-1 5.41449E-1 5.46698E-1 5.36533E-1 5.36797E-1 5.39154E-1 5.4143E-1 5.36609E-1 5.33287E-1 5.30254E-1 5.31467E-1 5.32872E-1 5.3334E-1 5.35216E-1 5.35216E-1 5.32177E-1 5.35925E-1 5.39402E-1 5.33302E-1 5.26697E-1 5.2763E-1 5.26973E-1 5.32114E-1 5.33984E-1 5.32114E-1 5.3633E-1 5.40091E-1 5.4527E-1 5.53736E-1 5.49471E-1 5.38164E-1 5.4377E-1 5.4377E-1 5.40717E-1 5.41188E-1 5.39204E-1 5.46356E-1 5.57706E-1 5.68685E-1 5.49831E-1 5.29536E-1 5.39955E-1 5.4802E-1 5.52652E-1 5.78143E-1 5.2951E-1 5.23693E-1 5.41618E-1
5.60069E-1 5.6666E-1 5.77089E-1 5.65636E-1 5.61351E-1 5.59632E-1 5.63147E-1 5.62117E-1 5.63491E-1 5.62659E-1 5.78619E-1 5.87374E-1 5.85592E-1 5.78994E-1 5.45351E-1 5.43897E-1 5.31303E-1 5.40148E-1 5.36338E-1 5.43723E-1 5.41837E-1 5.3926E-1 5.38559E-1 5.39971E-1 5.34747E-1 5.35216E-1 5.34278E-1 5.36923E-1 5.37803E-1 5.41794E-1 5.36112E-1 5.35173E-1 5.33771E-1 5.33302E-1 5.34517E-1 5.39685E-1 5.46041E-1 5.41794E-1 5.40155E-1 5.38209E-1 5.48406E-1 5.44094E-1 5.42911E-1 5.40517E-1 5.38641E-1 5.43351E-1 5.44489E-1 5.41659E-1 5.49253E-1 5.56125E-1 5.69497E-1 5.71616E-1 5.63653E-1 5.41607E-1 5.49674E-1 5.41482E-1 5.42566E-1 5.42047E-1 5.43282E-1 5.32771E-1 5.45874E-1
5.63873E-1 5.64525E-1 5.72792E-1 5.68282E-1 5.73464E-1 5.60746E-1 5.62523E-1 5.6706E-1 5.65621E-1 5.78155E-1 5.81998E-1 5.73262E-1 5.84464E-1 5.80314E-1 5.54697E-1 5.50646E-1 5.46599E-1 5.35488E-1 5.4686E-1 5.42926E-1 5.4199E-1 5.41441E-1 5.41912E-1 5.39971E-1 5.39034E-1 5.39332E-1 5.41215E-1 5.42157E-1 5.48295E-1 5.48464E-1 5.42287E-1 5.34704E-1 5.34278E-1 5.35455E-1 5.40155E-1 5.39209E-1 5.42506E-1 5.44586E-1 5.42506E-1 5.40583E-1 5.39881E-1 5.46476E-1 5.43876E-1 5.43411E-1 5.44249E-1 5.4577E-1 5.44489E-1 5.43312E-1 5.57075E-1 5.58969E-1 5.67496E-1 5.54639E-1 5.64372E-1 5.54575E-1 5.41136E-1 5.44256E-1 5.49689E-1 5.39819E-1 5.42344E-1 5.37182E-1 5.53498E-1
5.7686E-1 5.78481E-1 5.77077E-1 5.78883E-1 5.76261E-1 5.66245E-1 5.65212E-1 5.62997E-1 5.79019E-1 5.81811E-1 5.75644E-1 5.80395E-1 5.90225E-1 5.77516E-1 5.52686E-1 5.52434E-1 5.55707E-1 5.53356E-1 5.51119E-1 5.48654E-1 5.51175E-1 5.43557E-1 5.43557E-1 5.44029E-1 5.43562E-1 5.42388E-1 5.39802E-1 5.44987E-1 5.50183E-1 5.50825E-1 5.43269E-1 5.41383E-1 5.41388E-1 5.44929E-1 5.44392E-1 5.41285E-1 5.40621E-1 5.49585E-1 5.44819E-1 5.4199E-1 5.46303E-1 5.46709E-1 5.45039E-1 5.44095E-1 5.44567E-1 5.4807E-1 5.52117E-1 5.52831E-1 5.69044E-1 5.65213E-1 5.66618E-1 5.58456E-1 5.69543E-1 5.67315E-1 5.578E-1 5.5213E-1 5.53246E-1 5.49467E-1 5.45923E-1 5.43064E-1 5.55893E-1
5.78463E-1 5.85662E-1 5.88362E-1 5.81569E-1 5.79793E-1 5.67414E-1 5.59486E-1 5.68705E-1 5.82784E-1 5.81846E-1 5.71667E-1 5.75245E-1 5.74287E-1 5.69555E-1 5.58927E-1 5.58705E-1 5.58169E-1 5.57406E-1 5.55506E-1 5.57288E-1 5.61094E-1 5.55919E-1 5.52123E-1 5.4781E-1 5.43863E-1 5.46224E-1 5.49853E-1 5.51196E-1 5.49237E-1 5.49884E-1 5.40403E-1 5.39462E-1 5.41859E-1 5.43514E-1 5.49419E-1 5.54152E-1 5.49178E-1 5.55809E-1 5.50959E-1 5.54096E-1 5.46769E-1 5.51975E-1 5.43152E-1 5.44567E-1 5.41506E-1 5.47901E-1 5.58758E-1 5.53773E-1 5.6761E-1 5.74521E-1 5.63966E-1 5.67809E-1 5.68287E-1 5.53976E-1 5.54489E-1 5.51422E-1 5.50714E-1 5.61824E-1 5.47597E-1 5.52805E-1 5.58029E-1
5.76742E-1 5.89282E-1 5.87296E-1 5.98153E-1 5.82408E-1 5.55454E-1 5.76425E-1 5.75117E-1 5.88048E-1 5.8897E-1 5.67469E-1 5.65505E-1 5.55489E-1 5.66731E-1 5.60608E-1 5.60617E-1 5.62841E-1 5.64748E-1 5.61351E-1 5.63186E-1 5.60267E-1 5.62047E-1 5.60625E-1 5.56161E-1 5.47637E-1 5.48433E-1 5.53644E-1 5.5736E-1 5.54985E-1 5.51772E-1 5.39462E-1 5.44984E-1 5.43981E-1 5.42334E-1 5.43281E-1 5.51787E-1 5.56051E-1 5.5909E-1 5.56237E-1 5.49133E-1 5.49607E-1 5.52189E-1 5.503E-1 5.49827E-1 5.55238E-1 5.51256E-1 5.53988E-1 5.66444E-1 5.63035E-1 5.64993E-1 5.66425E-1 5.7554E-1 5.7768E-1 5.68239E-1 5.53027E-1 5.53501E-1 5.54691E-1 5.60395E-1 5.51125E-1 5.55653E-1 5.70652E-1
5.77222E-1 5.82979E-1 5.87962E-1 6.00072E-1 5.74315E-1 5.69728E-1 5.79718E-1 5.82576E-1 5.89248E-1 5.88285E-1 5.77812E-1 5.63833E-1 5.58386E-1 5.6341E-1 5.56083E-1 5.56558E-1 5.60466E-1 5.57833E-1 5.67003E-1 5.63061E-1 5.62233E-1 5.59673E-1 5.59673E-1 5.58147E-1 5.54821E-1 5.50326E-1 5.53983E-1 5.56254E-1 5.58546E-1 5.5492E-1 5.46874E-1 5.49239E-1 5.47308E-1 5.44714E-1 5.48533E-1 5.5351E-1 5.56526E-1 5.61274E-1 5.55287E-1 5.55831E-1 5.53398E-1 5.49347E-1 5.49354E-1 5.48648E-1 5.54809E-1 5.54569E-1 5.64535E-1 5.68824E-1 5.76216E-1 5.63765E-1 5.52373E-1 5.61421E-1 5.7167E-1 5.73327E-1 5.63307E-1 5.65215E-1 5.63073E-1 5.62596E-1 5.61179E-1 5.66425E-1 5.7646E-1
5.89048E-1 5.80577E-1 5.85561E-1 5.97852E-1 5.76E-1 5.7828E-1 5.75589E-1 5.86916E-1 5.8131E-1 5.85412E-1 5.70558E-1 5.64126E-1 5.60056E-1 5.58451E-1 5.62095E-1 5.60984E-1 5.53414E-1 5.54982E-1 5.63663E-1 5.6748E-1 5.66525E-1 5.62591E-1 5.63549E-1 5.6498E-1 5.59406E-1 5.5632E-1 5.52703E-1 5.56085E-1 5.59806E-1 5.52081E-1 5.48999E-1 5.48961E-1 5.45884E-1 5.44047E-1 5.48772E-1 5.54934E-1 5.60632E-1 5.66345E-1 5.63437E-1 5.58674E-1 5.55287E-1 5.55096E-1 5.53446E-1 5.48648E-1 5.56234E-1 5.61244E-1 5.6978E-1 5.75034E-1 5.77175E-1 5.72627E-1 5.74999E-1 5.61643E-1 5.70463E-1 5.69264E-1 5.62321E-1 5.60691E-1 5.58552E-1 5.62824E-1 5.63301E-1 5.6285E-1 5.78135E-1
5.87202E-1 5.78419E-1 5.88205E-1 5.9313E-1 5.85362E-1 5.82176E-1 5.69901E-1 5.77259E-1 5.79647E-1 5.82997E-1 5.72951E-1 5.61545E-1 5.6132E-1 5.65611E-1 5.65675E-1 5.69086E-1 5.53793E-1 5.54274E-1 5.60094E-1 5.62952E-1 5.62957E-1 5.64387E-1 5.61409E-1 5.60698E-1 5.59172E-1 5.53712E-1 5.59408E-1 5.55527E-1 5.55527E-1 5.60751E-1 5.55937E-1 5.46874E-1 5.49734E-1 5.44519E-1 5.55469E-1 5.55877E-1 5.59204E-1 5.65867E-1 5.64867E-1 5.5915E-1 5.61054E-1 5.60111E-1 5.59635E-1 5.59641E-1 5.61997E-1 5.65118E-1 5.69408E-1 5.69302E-1 5.74616E-1 5.7796E-1 5.85387E-1 5.73867E-1 5.68308E-1 5.65643E-1 5.65705E-1 5.68108E-1 5.60672E-1 5.66863E-1 5.62132E-1 5.70726E-1 5.70451E-1
6.14711E-1 5.94413E-1 5.74786E-1 5.76582E-1 5.86096E-1 5.87516E-1 5.7588E-1 5.8259E-1 5.78749E-1 5.7655E-1 5.69403E-1 5.60359E-1 5.60844E-1 5.62273E-1 5.6186E-1 5.67895E-1 5.58852E-1 5.6028E-1 5.68171E-1 5.64148E-1 5.66953E-1 5.66476E-1 5.62561E-1 5.64468E-1 5.6439E-1 5.53712E-1 5.59408E-1 5.61234E-1 5.56477E-1 5.59265E-1 5.53999E-1 5.47369E-1 5.42116E-1 5.50018E-1 5.53335E-1 5.59981E-1 5.65459E-1 5.69272E-1 5.68316E-1 5.58488E-1 5.58963E-1 5.58449E-1 5.62022E-1 5.69235E-1 5.65353E-1 5.67974E-1 5.69408E-1 5.78439E-1 5.60791E-1 5.7796E-1 5.94021E-1 5.7573E-1 5.73814E-1 5.67614E-1 5.70976E-1 5.7002E-1 5.7099E-1 5.69556E-1 5.67249E-1 5.77697E-1 5.69804E-1
6.31989E-1 5.79707E-1 5.73089E-1 5.86507E-1 5.95956E-1 5.86978E-1 5.90524E-1 5.85462E-1 5.76131E-1 5.79009E-1 5.74494E-1 5.59229E-1 5.63516E-1 5.59556E-1 5.59321E-1 5.57901E-1 5.59804E-1 5.63138E-1 5.68027E-1 5.71255E-1 5.67325E-1 5.63038E-1 5.65422E-1 5.68288E-1 5.62959E-1 5.57963E-1 5.59866E-1 5.67011E-1 5.65043E-1 5.59265E-1 5.51628E-1 5.47369E-1 5.48787E-1 5.48087E-1 5.52387E-1 5.57127E-1 5.64982E-1 5.60654E-1 5.60693E-1 5.64028E-1 5.62801E-1 5.64232E-1 5.70669E-1 5.69713E-1 5.66785E-1 5.73775E-1 5.81202E-1 5.86845E-1 5.7994E-1 5.68626E-1 5.87783E-1 5.89645E-1 5.74529E-1 5.66181E-1 5.65313E-1 5.71525E-1 5.70104E-1 5.68682E-1 5.73945E-1 5.81843E-1 5.70096E-1
6.09593E-1 5.82148E-1 5.78537E-1 5.95612E-1 6.03187E-1 5.92451E-1 5.9485E-1 5.87387E-1 5.78037E-1 5.76598E-1 5.71387E-1 5.65602E-1 5.69971E-1 5.69792E-1 5.68601E-1 5.60756E-1 5.60997E-1 5.6443E-1 5.69461E-1 5.69335E-1 5.64939E-1 5.64808E-1 5.69158E-1 5.66769E-1 5.59325E-1 5.56004E-1 5.56302E-1 5.63918E-1 5.61944E-1 5.67899E-1 5.58327E-1 5.54534E-1 5.55009E-1 5.51906E-1 5.59097E-1 5.57603E-1 5.63504E-1 5.58275E-1 5.56373E-1 5.59747E-1 5.65702E-1 5.69956E-1 5.69956E-1 5.68757E-1 5.73062E-1 5.76651E-1 5.75445E-1 5.74008E-1 5.85469E-1 5.89061E-1 5.75311E-1 5.97705E-1 5.9194E-1 5.65532E-1 5.67111E-1 5.68323E-1 5.72149E-1 5.78308E-1 5.88623E-1 5.79504E-1 5.65878E-1
5.87624E-1 5.82031E-1 5.8773E-1 6.00754E-1 6.07421E-1 6.00159E-1 6.00144E-1 5.90742E-1 5.75905E-1 5.68561E-1 5.6614E-1 5.68528E-1 5.68358E-1 5.68677E-1 5.67487E-1 5.62957E-1 5.65758E-1 5.6919E-1 5.69805E-1 5.6379E-1 5.59462E-1 5.63424E-1 5.72112E-1 5.67657E-1 5.60753E-1 5.57188E-1 5.57728E-1 5.63198E-1 5.65047E-1 5.61938E-1 5.58139E-1 5.57663E-1 5.60277E-1 5.60042E-1 5.59566E-1 5.63376E-1 5.67382E-1 5.56373E-1 5.56849E-1 5.63103E-1 5.70495E-1 5.67088E-1 5.70434E-1 5.70191E-1 5.7402E-1 5.80722E-1 5.88863E-1 5.63494E-1 5.7783E-1 5.9459E-1 5.88564E-1 5.90008E-1 5.93457E-1 5.74077E-1 5.67897E-1 5.64028E-1 5.74779E-1 5.79574E-1 5.81787E-1 5.74126E-1 5.69607E-1
5.77031E-1 5.84611E-1 5.9303E-1 6.02679E-1 6.13277E-1 6.01669E-1 5.94117E-1 5.9388E-1 5.89097E-1 5.70459E-1 5.68096E-1 5.67394E-1 5.72485E-1 5.72017E-1 5.63522E-1 5.64787E-1 5.78825E-1 5.73557E-1 5.7104E-1 5.70876E-1 5.58656E-1 5.65227E-1 5.73601E-1 5.62958E-1 5.62005E-1 5.66835E-1 5.68268E-1 5.64629E-1 5.62663E-1 5.56477E-1 5.56237E-1 5.57663E-1 5.60042E-1 5.58378E-1 5.57624E-1 5.60518E-1 5.64283E-1 5.61667E-1 5.61667E-1 5.65481E-1 5.73845E-1 5.71451E-1 5.75761E-1 5.73845E-1 5.7306E-1 5.88946E-1 5.79534E-1 5.65443E-1 5.6921E-1 5.89787E-1 5.99636E-1 5.93581E-1 5.90084E-1 5.7521E-1 5.69809E-1 5.70713E-1 5.8011E-1 5.83212E-1 5.6984E-1 5.64669E-1 5.66741E-1
5.8996E-1 5.93761E-1 5.98347E-1 5.99065E-1 6.10373E-1 6.04333E-1 6.04317E-1 5.90567E-1 5.87976E-1 5.80778E-1 5.75038E-1 5.76476E-1 5.744E-1 5.75699E-1 5.62957E-1 5.69563E-1 5.80896E-1 5.79654E-1 5.6615E-1 5.63409E-1 5.61405E-1 5.64264E-1 5.64918E-1 5.60382E-1 5.5842E-1 5.66358E-1 5.62527E-1 5.70421E-1 5.6623E-1 5.66291E-1 5.6439E-1 5.66777E-1 5.61946E-1 5.60749E-1 5.61938E-1 5.58091E-1 5.61163E-1 5.58792E-1 5.62143E-1 5.67391E-1 5.72172E-1 5.73366E-1 5.75282E-1 5.74558E-1 5.91354E-1 6.03609E-1 5.87407E-1 5.6613E-1 5.77089E-1 5.76867E-1 5.95073E-1 6.04666E-1 5.9078E-1 5.68984E-1 5.69223E-1 5.84189E-1 5.76753E-1 5.85748E-1 5.70231E-1 5.67276E-1 5.70157E-1
6.15793E-1 6.08961E-1 6.1701E-1 6.08936E-1 6.03864E-1 6.053E-1 6.05767E-1 5.97836E-1 5.85303E-1 5.85584E-1 5.79605E-1 5.8441E-1 5.80866E-1 5.73855E-1 5.79442E-1 5.7083E-1 5.8431E-1 5.89932E-1 5.65771E-1 5.83077E-1 5.60827E-1 5.6443E-1 5.57926E-1 5.5651E-1 5.64926E-1 5.67791E-1 5.69165E-1 5.69943E-1 5.66777E-1 5.67791E-1 5.65345E-1 5.67732E-1 5.69157E-1 5.66531E-1 5.68442E-1 5.65297E-1 5.66966E-1 5.67452E-1 5.63097E-1 5.7367E-1 5.80131E-1 5.79171E-1 5.76232E-1 5.77424E-1 5.89174E-1 5.94903E-1 5.85964E-1 5.81238E-1 5.79229E-1 5.78048E-1 5.86459E-1 6.11281E-1 6.04331E-1 5.71549E-1 5.79455E-1 5.95755E-1 5.79433E-1 5.75209E-1 5.63909E-1 5.68578E-1 5.70867E-1
6.16762E-1 6.13632E-1 6.1557E-1 6.14339E-1 6.23038E-1 6.11665E-1 6.09652E-1 5.96384E-1 5.93757E-1 5.81751E-1 5.77496E-1 5.86143E-1 5.76378E-1 5.75673E-1 5.78303E-1 5.79026E-1 5.80453E-1 5.90881E-1 5.71454E-1 5.77316E-1 5.74886E-1 5.67281E-1 5.64236E-1 5.65131E-1 5.61046E-1 5.67304E-1 5.67246E-1 5.68201E-1 5.66291E-1 5.65336E-1 5.63914E-1 5.70172E-1 5.72086E-1 5.70413E-1 5.66531E-1 5.66488E-1 5.66966E-1 5.68399E-1 5.73182E-1 5.71746E-1 5.73389E-1 5.73868E-1 5.79391E-1 5.79154E-1 5.98362E-1 5.86775E-1 5.98118E-1 6.09142E-1 6.02394E-1 5.89613E-1 5.83077E-1 6.05979E-1 5.92576E-1 5.73034E-1 5.86149E-1 5.948E-1 5.9786E-1 5.73157E-1 5.66707E-1 5.79564E-1 5.71824E-1
6.02027E-1 6.06862E-1 6.04457E-1 6.01557E-1 6.14113E-1 6.18452E-1 6.20852E-1 6.09514E-1 5.98699E-1 5.86848E-1 5.83962E-1 5.87169E-1 5.78528E-1 5.84855E-1 5.73595E-1 5.78533E-1 5.89658E-1 5.7742E-1 5.80164E-1 5.7061E-1 5.88879E-1 5.66118E-1 5.65655E-1 5.67565E-1 5.67996E-1 5.75009E-1 5.64848E-1 5.71059E-1 5.71598E-1 5.6874E-1 5.65872E-1 5.7113E-1 5.75499E-1 5.68501E-1 5.67246E-1 5.6796E-1 5.69871E-1 5.71548E-1 5.86158E-1 5.85361E-1 5.7648E-1 5.79822E-1 5.84846E-1 5.74546E-1 5.86793E-1 5.79601E-1 5.99316E-1 6.05581E-1 6.11142E-1 6.06744E-1 5.91146E-1 5.98845E-1 6.13371E-1 5.95766E-1 5.85485E-1 6.11859E-1 5.69541E-1 5.65986E-1 5.68297E-1 5.92316E-1 5.74753E-1
6.05161E-1 6.10309E-1 6.0928E-1 5.97211E-1 6.0277E-1 6.21621E-1 6.23289E-1 6.17708E-1 6.0903E-1 5.96727E-1 5.97498E-1 5.88361E-1 5.99743E-1 5.94453E-1 5.79318E-1 5.81621E-1 5.84608E-1 5.84127E-1 5.90945E-1 5.76103E-1 5.91347E-1 5.66579E-1 5.68028E-1 5.65445E-1 5.88914E-1 5.7732E-1 5.74459E-1 5.83082E-1 5.67245E-1 5.66341E-1 5.72065E-1 5.68729E-1 5.72077E-1 5.68251E-1 5.72983E-1 5.70642E-1 5.78786E-1 5.84538E-1 5.81778E-1 5.82965E-1 5.84146E-1 5.84127E-1 5.86269E-1 5.69057E-1 5.69076E-1 5.77696E-1 5.82496E-1 5.87791E-1 6.05802E-1 6.1497E-1 6.09871E-1 6.15819E-1 6.01646E-1 6.00204E-1 6.02495E-1 6.11293E-1 5.65429E-1 5.61243E-1 5.72198E-1 5.97097E-1 5.80799E-1
6.07437E-1 6.05659E-1 6.22926E-1 5.92731E-1 6.09837E-1 6.1896E-1 6.13907E-1 6.15798E-1 6.18212E-1 6.01114E-1 5.92674E-1 5.91237E-1 5.98455E-1 6.03267E-1 5.97409E-1 5.79638E-1 5.91564E-1 5.94703E-1 6.02469E-1 5.83404E-1 5.93735E-1 5.75027E-1 5.75126E-1 5.6591E-1 5.84597E-1 5.85545E-1 5.86988E-1 5.9603E-1 5.76525E-1 5.72474E-1 5.73189E-1 5.7608E-1 5.7656E-1 5.75417E-1 5.79254E-1 5.78478E-1 5.75417E-1 5.84949E-1 5.88498E-1 5.86573E-1 5.89439E-1 5.82964E-1 5.71975E-1 5.69057E-1 5.86865E-1 5.87751E-1 5.97407E-1 5.90113E-1 5.89874E-1 6.08201E-1 6.21207E-1 6.33579E-1 6.10016E-1 6.45836E-1 6.08091E-1 6.04768E-1 5.6609E-1 5.59829E-1 5.68425E-1 5.86086E-1 5.86128E-1
6.1373E-1 6.11525E-1 6.19754E-1 6.08905E-1 6.16615E-1 6.24843E-1 6.20512E-1 6.32327E-1 6.1317E-1 5.96592E-1 5.90747E-1 5.99412E-1 6.03277E-1 5.92006E-1 5.88031E-1 5.82179E-1 5.92528E-1 6.06356E-1 6.05806E-1 5.85531E-1 5.99733E-1 5.82164E-1 5.74469E-1 5.73639E-1 5.92365E-1 5.8994E-1 5.88012E-1 6.04301E-1 5.93197E-1 5.87897E-1 5.76855E-1 5.85243E-1 5.78997E-1 5.84043E-1 5.78224E-1 5.87818E-1 5.92133E-1 5.90906E-1 5.95223E-1 5.92307E-1 5.952E-1 5.80839E-1 5.74349E-1 5.74387E-1 5.7894E-1 6.04925E-1 6.06085E-1 5.96199E-1 5.89936E-1 6.03912E-1 6.12842E-1 6.2563E-1 6.39948E-1 6.42329E-1 6.0592E-1 6.17122E-1 5.81769E-1 5.57036E-1 5.71844E-1 5.72913E-1 6.1395E-1
6.11522E-1 6.16367E-1 6.09388E-1 6.10841E-1 6.09152E-1 6.08668E-1 6.19075E-1 6.40548E-1 6.21949E-1 6.13188E-1 6.00436E-1 5.99234E-1 5.92801E-1 5.88731E-1 5.99805E-1 5.83252E-1 5.96625E-1 6.08431E-1 6.07281E-1 6.04693E-1 5.82365E-1 5.76643E-1 5.74965E-1 5.82815E-1 6.09297E-1 5.8551E-1 5.94723E-1 5.83607E-1 5.79839E-1 5.81655E-1 5.95647E-1 5.96931E-1 5.8142E-1 5.85989E-1 5.97037E-1 5.83026E-1 5.81347E-1 5.90688E-1 5.96936E-1 6.01499E-1 6.02442E-1 5.89954E-1 5.80359E-1 5.78204E-1 5.80364E-1 6.05122E-1 6.18648E-1 6.05096E-1 5.91622E-1 5.98354E-1 6.05846E-1 6.17662E-1 6.53292E-1 6.48746E-1 6.12086E-1 6.26886E-1 5.91233E-1 5.60827E-1 5.7046E-1 5.74419E-1 6.05629E-1
6.11522E-1 6.19758E-1 6.2076E-1 6.15681E-1 6.1084E-1 6.13508E-1 6.17142E-1 6.24874E-1 6.33544E-1 6.30653E-1 6.24145E-1 6.04106E-1 5.87541E-1 5.85612E-1 5.9403E-1 5.87239E-1 6.06348E-1 6.01681E-1 6.11292E-1 6.13809E-1 5.77838E-1 5.7239E-1 5.74965E-1 5.87709E-1 5.97716E-1 5.97837E-1 5.93436E-1 5.79003E-1 5.80498E-1 5.83623E-1 5.95902E-1 5.98498E-1 5.89098E-1 5.89098E-1 5.90305E-1 5.9388E-1 5.84973E-1 5.85935E-1 5.9115E-1 6.01561E-1 5.99544E-1 5.89978E-1 5.79421E-1 5.80124E-1 5.91471E-1 5.92373E-1 6.00556E-1 6.14773E-1 5.98612E-1 5.9112E-1 6.08221E-1 6.08442E-1 6.53727E-1 6.466E-1 6.29167E-1 6.27547E-1 6.02615E-1 5.64268E-1 5.67683E-1 5.75439E-1 6.12192E-1
6.18847E-1 6.11808E-1 6.10356E-1 6.12293E-1 6.13323E-1 6.18348E-1 6.24635E-1 6.14519E-1 6.26789E-1 6.30617E-1 6.28939E-1 6.24889E-1 6.02003E-1 5.84497E-1 5.86916E-1 5.97904E-1 6.07315E-1 6.11414E-1 6.26557E-1 6.19303E-1 5.88411E-1 5.8757E-1 5.85768E-1 6.00695E-1 5.96367E-1 5.94459E-1 5.84485E-1 5.802E-1 5.85729E-1 5.87854E-1 5.819E-1 5.97777E-1 5.98461E-1 5.92917E-1 5.89544E-1 5.91933E-1 5.89545E-1 5.81368E-1 5.89545E-1 5.91472E-1 5.98202E-1 6.02076E-1 5.87693E-1 5.88594E-1 5.88582E-1 5.87381E-1 6.16533E-1 6.31716E-1 6.0992E-1 5.95499E-1 5.96384E-1 6.2284E-1 6.52438E-1 6.34131E-1 6.06578E-1 6.27953E-1 6.00446E-1 5.70195E-1 5.69148E-1 5.76515E-1 6.08901E-1
6.13319E-1 6.21072E-1 6.18952E-1 6.17919E-1 6.1805E-1 6.13386E-1 6.19131E-1 6.28019E-1 6.29268E-1 6.23421E-1 6.06753E-1 6.25589E-1 6.05088E-1 5.96656E-1 5.89323E-1 6.00318E-1 6.05151E-1 6.12137E-1 5.96774E-1 6.04967E-1 5.97721E-1 6.13065E-1 6.08226E-1 6.0762E-1 6.03403E-1 6.02377E-1 5.89555E-1 5.86666E-1 5.93396E-1 5.90725E-1 5.80904E-1 5.90043E-1 6.02086E-1 6.04965E-1 6.04461E-1 5.93378E-1 5.92913E-1 5.78529E-1 5.90046E-1 5.9701E-1 5.89059E-1 5.98941E-1 5.97766E-1 5.9104E-1 5.9345E-1 5.91927E-1 6.05163E-1 6.4758E-1 6.14281E-1 5.92115E-1 5.94075E-1 6.57867E-1 6.54414E-1 6.47392E-1 5.93509E-1 6.01002E-1 5.86229E-1 5.74002E-1 5.74487E-1 5.72582E-1 6.02812E-1
6.08785E-1 6.14109E-1 6.27371E-1 6.22825E-1 6.08066E-1 6.29555E-1 6.30997E-1 6.27415E-1 6.25876E-1 6.27684E-1 6.02726E-1 6.09481E-1 6.03537E-1 6.05954E-1 5.9233E-1 5.9898E-1 6.08135E-1 6.11488E-1 5.90634E-1 6.07172E-1 5.97531E-1 6.11532E-1 6.11857E-1 6.24033E-1 6.04768E-1 5.98841E-1 5.93735E-1 5.91589E-1 5.92996E-1 5.95626E-1 5.84987E-1 5.91306E-1 5.89081E-1 6.0545E-1 6.12682E-1 6.11362E-1 6.00689E-1 5.95435E-1 5.91285E-1 6.04045E-1 5.96589E-1 6.08397E-1 6.04984E-1 6.01629E-1 6.0835E-1 5.9741E-1 6.16741E-1 6.36192E-1 6.40808E-1 5.99838E-1 5.99531E-1 6.27992E-1 6.61926E-1 6.57003E-1 6.07412E-1 6.11915E-1 5.83305E-1 5.9314E-1 5.82332E-1 5.76098E-1 5.95717E-1
6.15991E-1 6.19381E-1 6.15326E-1 6.14594E-1 6.22107E-1 6.32695E-1 6.32507E-1 6.24991E-1 6.33517E-1 6.25261E-1 6.01841E-1 6.06514E-1 6.0472E-1 5.99687E-1 6.02585E-1 5.97519E-1 6.0815E-1 6.12069E-1 5.94142E-1 6.04771E-1 6.00919E-1 6.08401E-1 6.08145E-1 6.16699E-1 6.18139E-1 6.03251E-1 5.84025E-1 5.86911E-1 5.91987E-1 5.90081E-1 5.9249E-1 5.92028E-1 5.85949E-1 5.95105E-1 6.06275E-1 6.08673E-1 6.10586E-1 6.04824E-1 6.01924E-1 6.05307E-1 6.04824E-1 6.1012E-1 6.08906E-1 6.15636E-1 6.066E-1 5.989E-1 6.10563E-1 6.33692E-1 6.31926E-1 6.00987E-1 6.03193E-1 6.38402E-1 6.64024E-1 6.73504E-1 6.69095E-1 6.18575E-1 5.83285E-1 5.94333E-1 5.76267E-1 5.81561E-1 5.89938E-1
