Artocarpus heterophyllus SDM files/Last interglacial/results (with bias file)/Arthet_7.asc
ncols         625
nrows         721
xllcorner     69.99986311115
yllcorner     5.99986151914999
cellsize      0.041666667
NODATA_value  -9999
[rows 297 to 323 of 721, columns 427 to 487 of 625]
4.95011E-1 4.93365E-1 4.9242E-1 4.91759E-1 4.98753E-1 5.00908E-1 5.01193E-1 5.02851E-1 5.02374E-1 5.08757E-1 5.06492E-1 5.06683E-1 5.04421E-1 5.05917E-1 5.12201E-1 5.12201E-1 5.13094E-1 5.12212E-1 5.2169E-1 5.2072E-1 5.20375E-1 5.20955E-1 5.28569E-1 5.27642E-1 5.28809E-1 5.30484E-1 5.35979E-1 5.38871E-1 5.40388E-1 5.40977E-1 5.42252E-1 5.47489E-1 5.50596E-1 5.50424E-1 5.508E-1 5.58417E-1 5.54809E-1 5.54809E-1 5.52679E-1 5.58209E-1 5.58209E-1 5.60345E-1 5.65072E-1 5.65072E-1 5.6293E-1 5.68507E-1 5.68507E-1 5.66358E-1 5.66923E-1 5.74107E-1 5.74107E-1 5.74107E-1 5.81304E-1 5.81304E-1 5.81886E-1 5.92576E-1 5.90413E-1 5.88249E-1 5.99802E-1 5.96317E-1 5.95467E-1
4.92987E-1 4.92231E-1 4.91948E-1 4.91382E-1 4.93309E-1 5.01073E-1 5.0159E-1 5.02796E-1 5.04075E-1 5.03693E-1 5.07815E-1 5.05822E-1 5.0799E-1 5.063E-1 5.1297E-1 5.12585E-1 5.10727E-1 5.11443E-1 5.20722E-1 5.19463E-1 5.18994E-1 5.19091E-1 5.21429E-1 5.27545E-1 5.28031E-1 5.27509E-1 5.31394E-1 5.39459E-1 5.37691E-1 5.40486E-1 5.40457E-1 5.48723E-1 5.50103E-1 5.51287E-1 5.5013E-1 5.56012E-1 5.56447E-1 5.54809E-1 5.61971E-1 5.58209E-1 5.56074E-1 5.56074E-1 5.66687E-1 5.65072E-1 5.6293E-1 5.70107E-1 5.66358E-1 5.66358E-1 5.66358E-1 5.74107E-1 5.74107E-1 5.74107E-1 5.81304E-1 -9999 5.88514E-1 5.88514E-1 5.86934E-1 5.86934E-1 5.9415E-1 5.9415E-1 5.9415E-1
4.92137E-1 4.91948E-1 4.89434E-1 4.91665E-1 4.93971E-1 5.00407E-1 5.00829E-1 4.99877E-1 4.99972E-1 4.99687E-1 5.07719E-1 5.07607E-1 5.07224E-1 5.05917E-1 5.12985E-1 5.12297E-1 5.11111E-1 5.10631E-1 5.17667E-1 5.1869E-1 5.19753E-1 5.19091E-1 5.19757E-1 5.27156E-1 5.26127E-1 5.27217E-1 5.28322E-1 5.38479E-1 5.38279E-1 5.41369E-1 5.41958E-1 5.48306E-1 5.48897E-1 5.49459E-1 5.48301E-1 5.55823E-1 5.562E-1 5.54562E-1 5.54809E-1 5.57697E-1 5.56074E-1 5.56074E-1 5.56074E-1 5.63764E-1 5.65072E-1 5.6293E-1 5.66647E-1 5.66358E-1 5.6421E-1 5.7354E-1 5.71953E-1 5.81304E-1 5.81886E-1 5.79729E-1 5.81304E-1 5.86349E-1 5.86349E-1 5.86934E-1 5.96317E-1 5.9415E-1 6.03537E-1
4.88493E-1 4.88211E-1 4.88963E-1 4.89999E-1 4.91382E-1 4.98468E-1 5.00353E-1 5.00448E-1 4.98482E-1 4.99877E-1 5.0732E-1 5.09393E-1 5.09584E-1 5.07605E-1 5.12697E-1 5.10439E-1 5.10535E-1 5.15951E-1 5.18246E-1 5.18343E-1 5.1898E-1 5.17642E-1 5.169E-1 5.2348E-1 5.24449E-1 5.26926E-1 5.28322E-1 5.35881E-1 5.36957E-1 5.38475E-1 5.41467E-1 5.48405E-1 5.46974E-1 5.49361E-1 5.46427E-1 5.52574E-1 5.56447E-1 5.54809E-1 5.59834E-1 5.59834E-1 5.56074E-1 5.56074E-1 5.63234E-1 5.61623E-1 5.61623E-1 5.61623E-1 5.67196E-1 5.64499E-1 5.62902E-1 5.72227E-1 5.71953E-1 5.79145E-1 5.81304E-1 5.81304E-1 5.79729E-1 5.87193E-1 5.8503E-1 5.9188E-1 5.94074E-1 6.01296E-1 6.03266E-1
4.80345E-1 4.9383E-1 4.89623E-1 4.89528E-1 4.98563E-1 4.98848E-1 5.02195E-1 4.97153E-1 4.98262E-1 5.05768E-1 5.07815E-1 5.0732E-1 5.08722E-1 5.09297E-1 5.14201E-1 5.10823E-1 5.10439E-1 5.13961E-1 5.09129E-1 5.18439E-1 5.17087E-1 5.15847E-1 5.16996E-1 5.24792E-1 5.26254E-1 5.25927E-1 5.28384E-1 5.36566E-1 5.37544E-1 5.36855E-1 5.39748E-1 5.45498E-1 5.48897E-1 5.49489E-1 5.47958E-1 5.45347E-1 5.53E-1 5.50879E-1 5.52679E-1 5.59834E-1 5.57697E-1 5.56074E-1 5.63234E-1 5.61091E-1 5.59481E-1 5.61623E-1 5.66647E-1 5.65049E-1 5.65049E-1 5.72227E-1 5.7354E-1 5.79145E-1 5.81304E-1 5.79729E-1 5.89097E-1 5.85614E-1 5.87776E-1 5.92241E-1 5.93563E-1 5.908E-1 5.9909E-1
4.89872E-1 4.95589E-1 4.94453E-1 4.96222E-1 4.95843E-1 5.02481E-1 5.01338E-1 5.02735E-1 5.03879E-1 5.03036E-1 5.0275E-1 5.1194E-1 5.12516E-1 5.10691E-1 5.10593E-1 5.13612E-1 5.11833E-1 5.06607E-1 5.13865E-1 5.13078E-1 5.1529E-1 5.19435E-1 5.16907E-1 5.2586E-1 5.26837E-1 5.2583E-1 5.29093E-1 5.36957E-1 5.38327E-1 5.36463E-1 5.35234E-1 5.47652E-1 5.48602E-1 5.4939E-1 5.48155E-1 5.46902E-1 5.50633E-1 5.50879E-1 5.50879E-1 5.58523E-1 5.59834E-1 5.5556E-1 5.61091E-1 5.61091E-1 5.59481E-1 5.59481E-1 5.66647E-1 5.67196E-1 5.67196E-1 5.72227E-1 5.72227E-1 5.70641E-1 5.77829E-1 5.79987E-1 5.87776E-1 5.85614E-1 5.85614E-1 5.92827E-1 6.00048E-1 5.95704E-1 5.9946E-1
4.94642E-1 4.94264E-1 4.94264E-1 4.9398E-1 4.94074E-1 5.04738E-1 4.97328E-1 5.03307E-1 5.0407E-1 5.03513E-1 5.09135E-1 5.09806E-1 5.12324E-1 5.1242E-1 5.09381E-1 5.16083E-1 5.12986E-1 5.07468E-1 5.14346E-1 5.16369E-1 5.13332E-1 5.16157E-1 5.19477E-1 5.20237E-1 5.25128E-1 5.2849E-1 5.29385E-1 5.27683E-1 5.37967E-1 5.39013E-1 5.37637E-1 5.3891E-1 5.47302E-1 5.47565E-1 5.48155E-1 5.48646E-1 5.54515E-1 5.50879E-1 5.4875E-1 5.5589E-1 5.57697E-1 5.5556E-1 5.61091E-1 5.61091E-1 5.61091E-1 5.66647E-1 5.66647E-1 5.66647E-1 5.67196E-1 5.7438E-1 5.81579E-1 5.79987E-1 5.79987E-1 5.87193E-1 5.87193E-1 5.87776E-1 5.94917E-1 5.94967E-1 5.99687E-1 5.99046E-1 6.04371E-1
4.92562E-1 4.92279E-1 4.92562E-1 4.93413E-1 4.94423E-1 5.01147E-1 5.00957E-1 5.03974E-1 5.05486E-1 5.0275E-1 5.0971E-1 5.12365E-1 5.13653E-1 5.11596E-1 5.18366E-1 5.14478E-1 5.14767E-1 5.12794E-1 5.17833E-1 5.16754E-1 5.13463E-1 5.15772E-1 5.2385E-1 5.21108E-1 5.29025E-1 5.30201E-1 5.33496E-1 5.32269E-1 5.3644E-1 5.39111E-1 5.38714E-1 5.36994E-1 5.37581E-1 5.4577E-1 5.48352E-1 5.53755E-1 5.54132E-1 5.4875E-1 5.4875E-1 5.5589E-1 5.54252E-1 5.52117E-1 5.52117E-1 5.61091E-1 5.61091E-1 5.59481E-1 5.66647E-1 5.66647E-1 5.72227E-1 5.7438E-1 5.76534E-1 5.82145E-1 5.82145E-1 5.89356E-1 5.87193E-1 5.87142E-1 5.94742E-1 5.91919E-1 5.98681E-1 5.96236E-1 6.04309E-1
4.95843E-1 4.95843E-1 4.95748E-1 4.93225E-1 4.95748E-1 5.02672E-1 5.0229E-1 5.01814E-1 5.01528E-1 5.12173E-1 5.12269E-1 5.12077E-1 5.12269E-1 5.11693E-1 5.17979E-1 5.16083E-1 5.1467E-1 5.10712E-1 5.11224E-1 5.19424E-1 5.1894E-1 5.20422E-1 5.21853E-1 5.30545E-1 5.28927E-1 5.30591E-1 5.31955E-1 5.33635E-1 5.43732E-1 5.40416E-1 5.44624E-1 5.37483E-1 5.42009E-1 5.49726E-1 5.48459E-1 5.453E-1 5.5253E-1 5.50399E-1 5.4875E-1 5.4875E-1 5.57826E-1 5.53753E-1 5.52117E-1 5.59263E-1 5.57638E-1 5.61091E-1 5.65332E-1 5.66647E-1 5.7383E-1 5.7438E-1 5.76534E-1 5.82145E-1 5.82145E-1 5.89356E-1 5.89349E-1 5.94208E-1 5.93318E-1 5.97766E-1 5.97217E-1 6.03576E-1 6.03027E-1
4.96222E-1 4.95937E-1 4.96411E-1 4.9612E-1 5.02672E-1 5.02576E-1 5.02386E-1 5.021E-1 5.021E-1 5.13038E-1 5.15217E-1 5.17397E-1 5.16722E-1 5.13676E-1 5.14405E-1 5.20102E-1 5.15938E-1 5.16323E-1 5.19668E-1 5.21682E-1 5.1865E-1 5.19423E-1 5.24529E-1 5.30837E-1 5.31714E-1 5.32495E-1 5.31955E-1 5.3881E-1 5.44223E-1 5.38851E-1 5.4329E-1 5.5121E-1 5.49627E-1 5.50022E-1 5.48647E-1 5.44933E-1 5.5253E-1 5.48268E-1 5.52329E-1 5.46621E-1 5.53753E-1 5.53753E-1 5.54047E-1 5.5712E-1 5.59263E-1 5.57638E-1 5.66947E-1 5.65332E-1 5.72511E-1 5.72511E-1 5.73061E-1 5.82414E-1 5.8803E-1 5.89356E-1 5.8928E-1 5.9341E-1 5.93044E-1 5.98984E-1 6.05475E-1 6.02294E-1 6.08691E-1
4.89427E-1 4.90652E-1 4.99224E-1 4.96696E-1 4.96506E-1 5.01084E-1 5.00894E-1 5.05311E-1 5.0738E-1 5.1618E-1 5.15698E-1 5.17143E-1 5.19134E-1 5.20487E-1 5.12228E-1 5.11876E-1 5.1777E-1 5.16998E-1 5.13146E-1 5.12359E-1 5.20003E-1 5.25258E-1 5.25402E-1 5.26082E-1 5.323E-1 5.33275E-1 5.34844E-1 5.33906E-1 5.33284E-1 5.42791E-1 5.44167E-1 5.4075E-1 5.46879E-1 5.48271E-1 5.47339E-1 5.46697E-1 5.46425E-1 5.52329E-1 5.52329E-1 5.52329E-1 5.57826E-1 5.55684E-1 5.55684E-1 5.5712E-1 5.612E-1 5.57638E-1 5.64798E-1 5.64798E-1 5.72511E-1 5.72511E-1 5.80256E-1 5.80256E-1 5.8803E-1 5.87828E-1 5.95942E-1 5.95211E-1 5.99167E-1 5.98252E-1 6.02202E-1 6.08783E-1 6.08141E-1
4.9542E-1 4.95799E-1 4.96273E-1 4.97739E-1 4.97549E-1 5.04484E-1 5.09004E-1 5.06551E-1 5.08051E-1 5.07763E-1 5.18459E-1 5.20003E-1 5.20003E-1 5.20352E-1 5.16635E-1 5.1652E-1 5.18784E-1 5.15327E-1 5.18806E-1 5.17106E-1 5.1614E-1 5.23743E-1 5.23079E-1 5.27442E-1 5.33275E-1 5.36949E-1 5.36701E-1 5.34883E-1 5.36056E-1 5.44167E-1 5.44265E-1 5.42476E-1 5.43639E-1 5.52799E-1 5.48987E-1 5.46519E-1 5.46858E-1 5.52329E-1 5.5186E-1 5.50194E-1 5.57339E-1 5.55684E-1 5.55684E-1 5.60695E-1 5.54977E-1 5.64278E-1 5.68893E-1 5.66947E-1 5.72511E-1 5.72511E-1 5.73061E-1 5.80256E-1 5.87463E-1 5.87728E-1 5.93334E-1 5.92968E-1 5.98056E-1 6.03502E-1 6.00322E-1 6.0635E-1 6.14171E-1
4.96463E-1 4.96747E-1 4.97127E-1 4.98784E-1 5.01233E-1 5.10155E-1 5.10155E-1 5.09963E-1 5.09579E-1 5.17607E-1 5.17414E-1 5.21416E-1 5.19521E-1 5.17607E-1 5.17484E-1 5.15026E-1 5.2044E-1 5.19247E-1 5.18361E-1 5.16911E-1 5.17587E-1 5.24713E-1 5.2578E-1 5.26605E-1 5.30156E-1 5.38319E-1 5.37478E-1 5.36349E-1 5.33846E-1 5.41531E-1 5.44953E-1 5.43021E-1 5.43921E-1 5.48537E-1 5.48537E-1 5.46858E-1 5.46858E-1 5.46858E-1 5.49723E-1 5.48059E-1 5.57339E-1 5.57339E-1 5.55196E-1 5.60695E-1 5.60695E-1 5.59053E-1 5.68372E-1 5.64798E-1 5.71046E-1 5.76619E-1 5.73061E-1 5.80256E-1 5.87436E-1 5.86921E-1 5.93334E-1 5.99091E-1 6.05033E-1 6.09259E-1 6.08709E-1 6.12929E-1 6.16408E-1
5.01809E-1 5.01999E-1 5.00227E-1 5.00322E-1 5.05695E-1 5.05599E-1 5.10922E-1 5.11315E-1 5.12805E-1 5.10634E-1 5.18958E-1 5.21037E-1 5.21424E-1 5.19145E-1 5.19435E-1 5.2647E-1 5.20407E-1 5.17395E-1 5.19423E-1 5.18166E-1 5.25489E-1 5.26072E-1 5.25309E-1 5.28284E-1 5.28549E-1 5.38525E-1 5.35559E-1 5.35755E-1 5.36936E-1 5.37034E-1 5.4376E-1 5.43921E-1 5.43921E-1 5.41702E-1 5.4011E-1 5.46406E-1 5.46406E-1 5.44729E-1 5.49723E-1 5.48414E-1 5.48059E-1 5.57339E-1 5.55196E-1 5.53543E-1 5.60695E-1 5.59053E-1 5.66217E-1 5.6674E-1 5.71975E-1 5.76619E-1 5.81864E-1 5.87463E-1 5.87311E-1 5.93954E-1 5.99803E-1 5.99091E-1 6.04941E-1 6.09076E-1 6.15382E-1 6.11828E-1 6.23533E-1
5.03143E-1 5.01189E-1 5.0138E-1 5.06077E-1 5.06651E-1 5.1001E-1 5.09819E-1 5.10202E-1 5.12468E-1 5.21763E-1 5.21763E-1 5.23749E-1 5.22974E-1 5.20698E-1 5.2546E-1 5.22557E-1 5.18436E-1 5.22731E-1 5.18938E-1 5.18938E-1 5.18373E-1 5.2628E-1 5.27349E-1 5.28029E-1 5.30106E-1 5.29814E-1 5.36439E-1 5.38848E-1 5.37614E-1 5.38351E-1 5.36811E-1 5.43921E-1 5.41798E-1 5.39676E-1 5.47228E-1 5.46406E-1 5.45099E-1 5.44276E-1 5.49723E-1 5.49723E-1 5.56867E-1 5.53883E-1 5.55196E-1 5.62354E-1 5.60695E-1 5.67865E-1 5.66217E-1 5.66217E-1 5.73923E-1 5.83824E-1 5.79704E-1 5.86131E-1 5.94528E-1 5.9304E-1 5.98888E-1 6.04921E-1 6.11066E-1 6.14923E-1 6.14372E-1 6.18772E-1 6.24796E-1
5.04583E-1 5.04488E-1 5.04297E-1 5.03915E-1 5.11656E-1 5.11656E-1 5.09775E-1 5.11546E-1 5.14007E-1 5.23119E-1 5.23506E-1 5.23506E-1 5.2103E-1 5.27306E-1 5.2533E-1 5.21853E-1 5.24478E-1 5.21705E-1 5.19398E-1 5.22939E-1 5.21526E-1 5.29646E-1 5.30815E-1 5.3023E-1 5.32896E-1 5.39425E-1 5.37681E-1 5.38104E-1 5.38511E-1 5.38511E-1 5.43921E-1 5.41798E-1 5.39676E-1 5.39676E-1 5.42971E-1 5.42971E-1 5.45099E-1 5.50094E-1 5.48414E-1 5.48414E-1 5.48414E-1 5.55552E-1 5.53883E-1 5.61036E-1 5.59378E-1 5.60695E-1 5.66217E-1 5.73399E-1 5.73923E-1 5.79792E-1 5.82494E-1 5.85402E-1 5.93588E-1 5.9962E-1 5.98065E-1 6.1123E-1 6.10405E-1 6.1529E-1 6.20859E-1 6.26311E-1 6.32514E-1
5.03103E-1 5.05443E-1 5.05443E-1 5.0331E-1 5.13119E-1 5.13408E-1 5.14081E-1 5.14178E-1 5.2032E-1 5.2119E-1 5.21166E-1 5.24864E-1 5.24573E-1 5.21633E-1 5.26981E-1 5.24302E-1 5.27153E-1 5.23158E-1 5.24102E-1 5.29354E-1 5.29841E-1 5.28613E-1 5.28516E-1 5.31497E-1 5.32472E-1 5.40133E-1 5.35987E-1 5.38104E-1 5.36396E-1 5.36396E-1 5.43504E-1 5.41798E-1 5.39676E-1 5.37555E-1 5.44662E-1 5.42971E-1 5.42971E-1 5.42971E-1 5.50094E-1 5.48414E-1 5.48414E-1 5.55552E-1 5.53409E-1 5.58887E-1 5.68207E-1 5.67865E-1 5.66543E-1 5.72074E-1 5.72074E-1 5.79792E-1 5.8504E-1 5.9234E-1 5.90422E-1 5.96273E-1 6.02943E-1 6.08974E-1 6.16069E-1 6.18487E-1 6.27848E-1 6.32146E-1 6.33252E-1
5.01546E-1 5.04652E-1 5.11149E-1 5.13023E-1 5.13985E-1 5.14755E-1 5.1514E-1 5.2246E-1 5.22751E-1 5.21146E-1 5.18962E-1 5.24055E-1 5.23376E-1 5.31124E-1 5.31319E-1 5.31925E-1 5.25971E-1 5.33434E-1 5.31887E-1 5.29294E-1 5.29586E-1 5.29781E-1 5.30747E-1 5.31287E-1 5.31446E-1 5.36806E-1 5.34691E-1 5.35995E-1 5.34281E-1 5.34281E-1 5.43504E-1 5.41798E-1 5.37555E-1 5.37555E-1 5.44662E-1 5.42971E-1 5.42971E-1 5.42971E-1 5.50094E-1 5.50094E-1 5.55552E-1 5.55552E-1 5.53409E-1 5.58887E-1 5.58887E-1 5.66543E-1 5.66543E-1 5.72074E-1 5.79266E-1 5.79792E-1 5.82867E-1 5.89532E-1 5.97181E-1 6.03029E-1 6.08882E-1 6.14821E-1 6.20849E-1 6.24786E-1 6.23409E-1 6.36634E-1 6.38339E-1
5.01831E-1 5.09079E-1 5.12433E-1 5.14695E-1 5.15369E-1 5.22981E-1 5.24047E-1 5.21959E-1 5.21727E-1 5.22114E-1 5.23914E-1 5.24831E-1 5.32196E-1 5.31594E-1 5.31646E-1 5.39976E-1 5.27866E-1 5.32851E-1 5.3111E-1 5.30646E-1 5.3046E-1 5.31203E-1 5.2933E-1 5.31828E-1 5.38922E-1 5.36806E-1 5.34691E-1 5.34691E-1 5.35995E-1 5.34281E-1 5.4138E-1 5.39676E-1 5.37555E-1 5.44662E-1 5.44662E-1 5.44662E-1 5.40843E-1 5.47957E-1 5.47957E-1 5.55552E-1 5.55552E-1 5.55552E-1 5.53409E-1 5.58887E-1 5.66051E-1 5.66051E-1 5.66543E-1 5.80922E-1 5.79266E-1 5.86871E-1 5.85818E-1 5.92751E-1 5.94369E-1 6.02296E-1 6.10136E-1 6.14638E-1 6.18212E-1 6.30346E-1 6.2906E-1 6.37689E-1 6.4286E-1
5.10747E-1 5.10843E-1 5.13683E-1 5.14357E-1 5.15031E-1 5.25019E-1 5.2492E-1 5.27967E-1 5.23599E-1 5.21322E-1 5.31496E-1 5.32256E-1 5.30767E-1 5.28665E-1 5.3575E-1 5.33638E-1 5.33596E-1 5.3188E-1 5.33554E-1 5.33554E-1 5.31828E-1 5.29338E-1 5.34303E-1 5.3642E-1 5.34691E-1 5.36806E-1 5.32576E-1 5.32576E-1 5.40071E-1 5.39256E-1 5.39256E-1 5.37134E-1 5.44662E-1 5.44662E-1 5.44662E-1 5.44662E-1 5.40843E-1 5.47957E-1 5.47957E-1 5.47957E-1 5.55552E-1 5.53409E-1 5.58887E-1 5.58887E-1 5.66051E-1 5.66051E-1 5.71564E-1 5.80922E-1 5.7924E-1 5.86091E-1 5.92026E-1 5.96001E-1 6.00305E-1 6.06241E-1 6.16259E-1 6.22105E-1 6.25123E-1 6.37981E-1 6.39687E-1 6.43319E-1 6.57391E-1
5.16204E-1 5.16624E-1 5.14838E-1 5.2264E-1 5.21186E-1 5.21864E-1 5.26216E-1 5.26572E-1 5.31559E-1 5.33661E-1 5.33661E-1 5.32871E-1 5.28665E-1 5.28665E-1 5.3399E-1 5.33638E-1 5.3188E-1 5.3014E-1 5.3642E-1 5.38168E-1 5.3642E-1 5.3642E-1 5.3642E-1 5.3642E-1 5.3642E-1 5.34691E-1 5.41402E-1 5.39667E-1 5.39667E-1 5.40975E-1 5.39256E-1 5.37134E-1 5.42532E-1 5.42532E-1 5.44662E-1 5.40843E-1 5.47957E-1 5.47957E-1 5.47957E-1 5.53409E-1 5.53409E-1 5.6056E-1 5.58887E-1 5.66051E-1 5.64389E-1 5.71564E-1 5.71564E-1 5.78755E-1 5.86195E-1 5.93947E-1 5.98056E-1 6.01664E-1 6.05691E-1 6.11627E-1 6.1965E-1 6.27487E-1 6.31234E-1 6.38707E-1 6.44429E-1 6.48603E-1 6.61735E-1
5.1784E-1 5.19441E-1 5.18361E-1 5.23512E-1 5.22348E-1 5.29787E-1 5.31903E-1 5.31903E-1 5.31903E-1 5.31903E-1 5.31559E-1 5.37863E-1 5.3575E-1 5.361E-1 5.3399E-1 5.38974E-1 5.37226E-1 5.37226E-1 5.3642E-1 5.36856E-1 5.3642E-1 5.43528E-1 5.38538E-1 5.45655E-1 5.43528E-1 5.41402E-1 5.39667E-1 5.43916E-1 5.39667E-1 5.39667E-1 5.3795E-1 5.44238E-1 5.44238E-1 5.42532E-1 5.46708E-1 5.45015E-1 5.47957E-1 5.47957E-1 5.55094E-1 5.53409E-1 5.53409E-1 5.6056E-1 5.66051E-1 5.66051E-1 5.66051E-1 5.71564E-1 5.78748E-1 5.78604E-1 5.82847E-1 5.99888E-1 5.9641E-1 6.0416E-1 6.05861E-1 6.16735E-1 6.25031E-1 6.28593E-1 6.35441E-1 6.43603E-1 6.49499E-1 6.62446E-1 6.66038E-1
5.19709E-1 5.26784E-1 5.23609E-1 5.24471E-1 5.30427E-1 5.30586E-1 5.30586E-1 5.30163E-1 5.36894E-1 5.34785E-1 5.36894E-1 5.36546E-1 5.41541E-1 5.3399E-1 5.38974E-1 5.38974E-1 5.37226E-1 5.42213E-1 5.43966E-1 5.42213E-1 5.45655E-1 5.43528E-1 5.43528E-1 5.43528E-1 5.43528E-1 5.41402E-1 5.39667E-1 5.41791E-1 5.46783E-1 5.46783E-1 5.4637E-1 5.42928E-1 5.44238E-1 5.46708E-1 5.46708E-1 5.52147E-1 5.47957E-1 5.47957E-1 5.55094E-1 5.53409E-1 5.53409E-1 5.6056E-1 5.66051E-1 5.68207E-1 5.73726E-1 5.78215E-1 5.77215E-1 5.82028E-1 5.90312E-1 5.9579E-1 6.02817E-1 6.04334E-1 6.09994E-1 6.22867E-1 6.27508E-1 6.31513E-1 6.4188E-1 6.4904E-1 6.54925E-1 6.68027E-1 6.73502E-1
5.27248E-1 5.24347E-1 5.31163E-1 5.30427E-1 5.30586E-1 5.28848E-1 5.35572E-1 5.35148E-1 5.34785E-1 5.32676E-1 5.39421E-1 5.39774E-1 5.41541E-1 5.4477E-1 5.4477E-1 5.43966E-1 5.43966E-1 5.42213E-1 5.43966E-1 5.43966E-1 5.45283E-1 5.45655E-1 5.43528E-1 5.43528E-1 5.43528E-1 5.48525E-1 5.53107E-1 5.48916E-1 5.4465E-1 5.50969E-1 5.48831E-1 5.48419E-1 5.54245E-1 5.52528E-1 5.48338E-1 5.51703E-1 5.52147E-1 5.53775E-1 5.53409E-1 5.6056E-1 5.6056E-1 5.66051E-1 5.65926E-1 5.72982E-1 5.7237E-1 5.76942E-1 5.83139E-1 5.89399E-1 5.95973E-1 6.0229E-1 6.03133E-1 6.09719E-1 6.15468E-1 6.30425E-1 6.33704E-1 6.39526E-1 6.50036E-1 6.55645E-1 6.68745E-1 6.74492E-1 6.87475E-1
5.33012E-1 5.32084E-1 5.32343E-1 5.37681E-1 5.35934E-1 5.33828E-1 5.33828E-1 5.38816E-1 5.3845E-1 5.37657E-1 5.4477E-1 5.4477E-1 5.4477E-1 5.46897E-1 5.4477E-1 5.511E-1 5.511E-1 5.511E-1 5.511E-1 5.511E-1 5.511E-1 5.52423E-1 5.52423E-1 5.5066E-1 5.54856E-1 5.4845E-1 5.48792E-1 5.55671E-1 5.55978E-1 5.55978E-1 5.55978E-1 5.54238E-1 5.48338E-1 5.55477E-1 5.52528E-1 5.58855E-1 5.5715E-1 5.51632E-1 5.60485E-1 5.60411E-1 5.65826E-1 5.65513E-1 5.72148E-1 5.7834E-1 5.7558E-1 5.81864E-1 5.88248E-1 5.93323E-1 5.98647E-1 6.07129E-1 6.11413E-1 6.17189E-1 6.23396E-1 6.35151E-1 6.41248E-1 6.46418E-1 6.55095E-1 6.58333E-1 6.74127E-1 6.85775E-1 6.87804E-1
5.30715E-1 5.37262E-1 5.39445E-1 5.37681E-1 5.33828E-1 5.40931E-1 5.38816E-1 5.36703E-1 5.43812E-1 5.4477E-1 5.42645E-1 5.51908E-1 5.50146E-1 5.50146E-1 5.48013E-1 5.48013E-1 5.511E-1 5.56488E-1 5.56488E-1 5.58256E-1 5.58106E-1 5.55864E-1 5.56061E-1 5.5719E-1 5.57814E-1 5.55136E-1 5.55136E-1 5.59579E-1 5.57605E-1 5.5578E-1 5.56733E-1 5.54694E-1 5.60869E-1 5.5941E-1 5.57409E-1 5.56638E-1 5.55805E-1 5.62273E-1 5.63077E-1 5.64871E-1 5.62833E-1 5.69913E-1 5.77159E-1 5.7449E-1 5.80954E-1 5.86971E-1 5.92018E-1 5.98373E-1 6.04398E-1 6.11874E-1 6.16245E-1 6.18297E-1 6.25396E-1 6.31316E-1 6.4387E-1 6.52275E-1 6.58333E-1 6.71046E-1 6.76418E-1 6.90197E-1 6.99047E-1
5.39559E-1 5.36008E-1 5.4312E-1 5.40566E-1 5.40931E-1 5.36703E-1 5.43812E-1 5.43812E-1 5.48814E-1 5.48441E-1 5.49773E-1 5.57298E-1 5.55157E-1 5.55157E-1 5.55157E-1 5.55157E-1 5.62321E-1 5.63657E-1 5.63657E-1 5.63657E-1 5.65431E-1 5.63154E-1 5.63055E-1 5.63006E-1 5.6335E-1 5.61398E-1 5.60946E-1 5.59338E-1 5.57405E-1 5.58216E-1 5.60366E-1 5.58628E-1 5.58268E-1 5.61287E-1 5.65143E-1 5.5698E-1 5.5707E-1 5.62084E-1 5.61903E-1 5.68256E-1 5.68735E-1 5.75554E-1 5.72978E-1 5.80969E-1 5.87077E-1 5.93464E-1 5.97824E-1 6.05754E-1 6.1169E-1 6.13105E-1 6.17654E-1 6.23028E-1 6.34954E-1 6.43595E-1 6.48849E-1 6.56618E-1 6.61841E-1 6.74619E-1 6.87044E-1 6.90675E-1 7.02879E-1
