Artocarpus heterophyllus SDM files/Last interglacial/results (with bias file)/Arthet_stddev.asc
ncols         625
nrows         721
xllcorner     69.99986311115
yllcorner     5.99986151914999
cellsize      0.041666667
NODATA_value  -9999
[rows 189 to 215 of 721, columns 0 to 60 of 625]
1.45998E-2 7.69685E-3 7.70343E-3 7.71413E-3 7.68152E-3 7.71642E-3 7.73862E-3 7.75254E-3 7.90533E-3 7.91915E-3 7.82339E-3 7.87893E-3 7.91639E-3 7.92714E-3 7.9397E-3 8.13853E-3 8.1744E-3 8.26683E-3 8.27412E-3 8.2828E-3 8.29777E-3 8.48992E-3 8.47607E-3 8.57223E-3 8.58602E-3 8.68899E-3 8.8771E-3 8.87401E-3 8.89987E-3 8.90813E-3 8.89773E-3 8.91516E-3 8.94908E-3 8.95188E-3 9.05173E-3 9.07524E-3 9.13866E-3 9.11366E-3 9.17691E-3 9.18171E-3 9.19177E-3 9.2019E-3 9.3103E-3 9.12036E-3 9.07473E-3 8.98859E-3 8.94183E-3 9.00544E-3 8.97287E-3 8.99104E-3 8.90778E-3 8.93021E-3 8.98219E-3 8.9594E-3 8.90472E-3 8.85332E-3 8.84437E-3 8.85312E-3 8.86478E-3 8.8049E-3 8.86478E-3
7.50087E-3 7.47208E-3 7.49177E-3 7.65476E-3 7.69984E-3 7.70569E-3 7.73862E-3 7.69112E-3 7.74219E-3 7.67676E-3 7.88463E-3 7.8493E-3 7.92171E-3 7.98295E-3 8.16024E-3 8.00146E-3 8.23975E-3 8.18098E-3 8.26683E-3 8.27288E-3 8.35284E-3 8.53021E-3 8.5172E-3 8.53189E-3 8.54637E-3 8.683E-3 8.74211E-3 8.75895E-3 8.75049E-3 8.86741E-3 8.85931E-3 8.92234E-3 8.92363E-3 8.90222E-3 9.06717E-3 9.11139E-3 9.1016E-3 9.13893E-3 9.18171E-3 9.2019E-3 9.20803E-3 9.28791E-3 9.19204E-3 9.26969E-3 9.08807E-3 9.17857E-3 9.15815E-3 9.04919E-3 8.9196E-3 8.98708E-3 8.92133E-3 8.97071E-3 8.96873E-3 9.0968E-3 8.99433E-3 8.95551E-3 8.86787E-3 8.86787E-3 8.79301E-3 8.79437E-3 8.79111E-3
7.48036E-3 7.5165E-3 7.47149E-3 7.5221E-3 7.67392E-3 7.66336E-3 7.71946E-3 7.67759E-3 7.66687E-3 7.68589E-3 7.73821E-3 7.9426E-3 7.95396E-3 7.94865E-3 7.96949E-3 8.0464E-3 8.19979E-3 8.28624E-3 8.30532E-3 8.32844E-3 8.33632E-3 8.36153E-3 8.49949E-3 8.62102E-3 8.63805E-3 8.63805E-3 8.72905E-3 8.6618E-3 8.74618E-3 8.92279E-3 8.86071E-3 8.87029E-3 8.80083E-3 8.9471E-3 9.1016E-3 9.01256E-3 9.17333E-3 9.18365E-3 9.19768E-3 9.28791E-3 9.23706E-3 9.25818E-3 9.14761E-3 9.17001E-3 9.10914E-3 9.231E-3 9.11393E-3 9.06032E-3 8.96618E-3 8.953E-3 8.97071E-3 8.91499E-3 8.98261E-3 9.00612E-3 8.98261E-3 8.88796E-3 8.80212E-3 8.80212E-3 8.89452E-3 8.76309E-3 8.77252E-3
7.35717E-3 7.48734E-3 7.47883E-3 7.47044E-3 7.53654E-3 7.55083E-3 7.6474E-3 7.62463E-3 7.69319E-3 7.721E-3 7.78623E-3 7.92162E-3 7.79539E-3 8.01134E-3 8.03208E-3 8.05272E-3 8.27512E-3 8.30892E-3 8.31293E-3 8.33632E-3 8.34769E-3 8.44771E-3 8.45112E-3 8.59214E-3 8.6751E-3 8.68366E-3 8.70467E-3 8.70467E-3 8.79148E-3 8.76135E-3 8.84216E-3 9.00253E-3 9.14266E-3 9.00439E-3 9.04858E-3 9.08511E-3 9.17723E-3 9.14678E-3 9.14353E-3 9.20779E-3 9.12552E-3 9.11458E-3 9.13841E-3 9.14962E-3 9.10914E-3 9.22214E-3 9.23793E-3 9.07384E-3 9.0254E-3 8.98464E-3 8.9593E-3 8.95118E-3 8.93483E-3 8.94666E-3 8.94551E-3 8.85155E-3 8.9407E-3 8.87007E-3 8.79422E-3 8.81343E-3 8.78844E-3
7.4613E-3 7.47149E-3 7.49672E-3 7.11929E-3 7.57235E-3 7.59414E-3 7.62463E-3 7.67411E-3 7.68216E-3 7.7107E-3 7.77224E-3 7.81234E-3 8.00049E-3 8.00756E-3 8.02937E-3 8.05272E-3 8.27512E-3 8.28078E-3 8.384E-3 8.39887E-3 8.4211E-3 8.43875E-3 8.53426E-3 8.55244E-3 8.60034E-3 8.70467E-3 8.84795E-3 8.73454E-3 8.75219E-3 8.94019E-3 8.94575E-3 9.03026E-3 8.94528E-3 8.94528E-3 9.06457E-3 9.14976E-3 9.13195E-3 9.14365E-3 9.20368E-3 9.09761E-3 9.09761E-3 9.22206E-3 9.13111E-3 9.13877E-3 9.11887E-3 9.18524E-3 9.16263E-3 9.01379E-3 9.03981E-3 9.05997E-3 9.06912E-3 8.97531E-3 8.84386E-3 8.94551E-3 8.87134E-3 8.93332E-3 8.96597E-3 8.8054E-3 8.81787E-3 8.81787E-3 8.78112E-3
7.47419E-3 7.1485E-3 7.60514E-3 7.56249E-3 7.57443E-3 7.56024E-3 7.63448E-3 7.60086E-3 7.66974E-3 7.75242E-3 7.70241E-3 7.79759E-3 7.90832E-3 8.00772E-3 8.01533E-3 8.02557E-3 8.12875E-3 8.13742E-3 8.28036E-3 8.26912E-3 8.40453E-3 8.50902E-3 8.54456E-3 8.55416E-3 8.71012E-3 8.7974E-3 8.80229E-3 8.85761E-3 8.85761E-3 8.92066E-3 8.94523E-3 8.8267E-3 8.89079E-3 9.05097E-3 9.04895E-3 9.04895E-3 9.09589E-3 9.07596E-3 9.06525E-3 9.07596E-3 9.2258E-3 9.22206E-3 9.09761E-3 9.13877E-3 9.10878E-3 9.09909E-3 9.11036E-3 9.09495E-3 8.92225E-3 9.0278E-3 8.89901E-3 8.91271E-3 8.84893E-3 8.87353E-3 8.93332E-3 8.97008E-3 8.8239E-3 8.8304E-3 8.8304E-3 8.49534E-3 8.46876E-3
7.13728E-3 7.18566E-3 7.2472E-3 7.68515E-3 7.2475E-3 7.1545E-3 7.5875E-3 7.60769E-3 7.73039E-3 7.745E-3 7.70913E-3 7.79444E-3 7.91629E-3 7.8233E-3 7.92797E-3 7.95191E-3 8.0578E-3 8.24286E-3 8.3779E-3 8.38147E-3 8.41215E-3 8.51735E-3 8.54556E-3 8.66107E-3 8.82472E-3 8.8603E-3 8.9814E-3 8.88604E-3 8.94523E-3 8.75737E-3 8.76686E-3 8.86361E-3 9.05106E-3 9.08211E-3 9.11374E-3 9.15789E-3 9.01455E-3 9.05544E-3 9.19273E-3 9.2147E-3 9.12911E-3 9.14033E-3 9.08794E-3 9.11666E-3 9.12911E-3 9.13322E-3 9.11546E-3 9.12546E-3 9.1136E-3 9.13739E-3 8.99322E-3 8.95698E-3 9.11825E-3 8.96597E-3 8.97841E-3 8.8747E-3 8.58499E-3 8.57267E-3 8.50751E-3 8.40922E-3 8.36984E-3
7.15376E-3 7.23759E-3 7.3127E-3 7.24876E-3 7.28839E-3 7.29525E-3 7.52021E-3 7.1957E-3 7.61881E-3 7.75587E-3 7.78796E-3 7.87904E-3 7.81305E-3 7.95154E-3 7.97428E-3 8.11274E-3 8.13206E-3 8.18934E-3 8.20964E-3 8.26956E-3 8.43558E-3 8.50767E-3 8.56836E-3 8.72099E-3 8.72099E-3 8.90585E-3 8.74793E-3 8.74793E-3 8.85786E-3 8.832E-3 8.94916E-3 9.06213E-3 9.08979E-3 9.20528E-3 9.08978E-3 9.11283E-3 9.02493E-3 8.98944E-3 9.11796E-3 9.14033E-3 9.16902E-3 9.15162E-3 9.00429E-3 9.14571E-3 9.18078E-3 9.18077E-3 9.20457E-3 9.15406E-3 9.16609E-3 9.17509E-3 9.08531E-3 9.1349E-3 9.0082E-3 9.1349E-3 8.6275E-3 8.6395E-3 8.45722E-3 8.46956E-3 8.44127E-3 8.40922E-3 8.28812E-3
7.25062E-3 7.31991E-3 7.25565E-3 7.32788E-3 7.25462E-3 7.2651E-3 7.35362E-3 7.43795E-3 7.3814E-3 7.39784E-3 7.49615E-3 7.5095E-3 7.51853E-3 7.94547E-3 8.04174E-3 8.11251E-3 8.16192E-3 8.29696E-3 8.30778E-3 8.19289E-3 8.33566E-3 8.42753E-3 8.43818E-3 8.55854E-3 8.67613E-3 8.85521E-3 8.69525E-3 8.64231E-3 8.67302E-3 8.90534E-3 9.03917E-3 8.94345E-3 9.03297E-3 9.03824E-3 9.04919E-3 9.00009E-3 9.01119E-3 9.14088E-3 9.14969E-3 9.05541E-3 9.05349E-3 9.09482E-3 9.1315E-3 9.14335E-3 9.19263E-3 9.21658E-3 9.17113E-3 9.17818E-3 8.88751E-3 8.89818E-3 8.98852E-3 9.01325E-3 9.03825E-3 9.00268E-3 8.59238E-3 8.55576E-3 8.43421E-3 8.54566E-3 8.50739E-3 8.29794E-3 8.34358E-3
7.33908E-3 7.30551E-3 7.32459E-3 7.30098E-3 7.3248E-3 7.28772E-3 7.46688E-3 7.47919E-3 7.40031E-3 7.47439E-3 7.48301E-3 7.50057E-3 7.67257E-3 7.69856E-3 7.71867E-3 7.90112E-3 7.7981E-3 8.22822E-3 8.28675E-3 8.32862E-3 8.33929E-3 8.43737E-3 8.4272E-3 8.59209E-3 8.60097E-3 8.64919E-3 8.66248E-3 8.69273E-3 8.90534E-3 8.92749E-3 9.03917E-3 9.05028E-3 9.15151E-3 9.06147E-3 9.1909E-3 9.18083E-3 9.17148E-3 9.18346E-3 9.15957E-3 9.01748E-3 9.16877E-3 9.13272E-3 9.09902E-3 9.10662E-3 9.14939E-3 9.03958E-3 9.08253E-3 9.23592E-3 9.18733E-3 9.14043E-3 8.68819E-3 8.7079E-3 8.76371E-3 8.63825E-3 8.54566E-3 8.47255E-3 8.36957E-3 8.35654E-3 8.3629E-3 8.23287E-3 8.32682E-3
7.40588E-3 7.38349E-3 7.31306E-3 7.33294E-3 7.39236E-3 7.47931E-3 7.49673E-3 7.51116E-3 7.52521E-3 7.49243E-3 7.60219E-3 7.6218E-3 7.67257E-3 7.69765E-3 7.70806E-3 7.67711E-3 7.89953E-3 8.06021E-3 8.37053E-3 8.50756E-3 8.36394E-3 8.48017E-3 8.38621E-3 8.57523E-3 8.5857E-3 8.86276E-3 8.87826E-3 8.94996E-3 9.03396E-3 8.94851E-3 9.08757E-3 9.19464E-3 9.1909E-3 9.1909E-3 9.21457E-3 9.23853E-3 9.16711E-3 9.14773E-3 9.18346E-3 9.19551E-3 9.21921E-3 9.1852E-3 9.15676E-3 9.15676E-3 9.10747E-3 9.06895E-3 8.88751E-3 8.98495E-3 8.79398E-3 8.88332E-3 8.63929E-3 8.69531E-3 8.6073E-3 8.59775E-3 8.52978E-3 8.43576E-3 8.38871E-3 8.49999E-3 8.52782E-3 8.20714E-3 8.26014E-3
7.50927E-3 7.51225E-3 7.52167E-3 7.50618E-3 7.51543E-3 7.53304E-3 7.68452E-3 7.68452E-3 7.71831E-3 7.73883E-3 7.69136E-3 7.7229E-3 7.72288E-3 7.68153E-3 7.78583E-3 7.81783E-3 8.03874E-3 8.09767E-3 8.1892E-3 8.17375E-3 8.17254E-3 8.27305E-3 8.6028E-3 8.83585E-3 9.012E-3 9.00216E-3 9.00268E-3 9.00268E-3 9.01451E-3 9.28824E-3 9.2153E-3 9.23965E-3 9.23442E-3 9.24655E-3 9.11806E-3 9.26277E-3 9.21563E-3 9.06524E-3 9.27163E-3 8.9239E-3 9.01455E-3 8.81082E-3 8.9166E-3 9.17627E-3 8.95442E-3 8.96765E-3 8.87045E-3 8.87045E-3 8.90269E-3 8.79662E-3 8.63469E-3 8.62668E-3 8.63929E-3 8.67755E-3 8.67308E-3 8.58187E-3 8.47467E-3 8.51463E-3 8.52782E-3 8.24678E-3 8.12292E-3
7.66508E-3 7.53119E-3 7.7447E-3 7.71299E-3 7.75996E-3 7.68452E-3 7.80713E-3 7.83447E-3 7.75049E-3 7.75786E-3 7.712E-3 7.83798E-3 7.87516E-3 7.89999E-3 7.92298E-3 7.9346E-3 8.02379E-3 8.22084E-3 8.25696E-3 8.37341E-3 8.49245E-3 8.29938E-3 8.65933E-3 8.70075E-3 8.75406E-3 8.74488E-3 8.69732E-3 8.87223E-3 9.16624E-3 9.05024E-3 9.07445E-3 9.11448E-3 8.95563E-3 8.8768E-3 8.89428E-3 8.7898E-3 8.88156E-3 8.88156E-3 8.87672E-3 8.9239E-3 8.79364E-3 9.02772E-3 9.07969E-3 9.06747E-3 8.91188E-3 8.82756E-3 8.8324E-3 8.90269E-3 8.77993E-3 8.78673E-3 8.76132E-3 8.70341E-3 8.69045E-3 8.69045E-3 8.6418E-3 8.51362E-3 8.57437E-3 8.50831E-3 8.36535E-3 8.19455E-3 8.04521E-3
7.67363E-3 7.68333E-3 7.78374E-3 7.81593E-3 7.91867E-3 7.84534E-3 7.8563E-3 7.84299E-3 7.85012E-3 7.8764E-3 7.88022E-3 7.97874E-3 8.00249E-3 8.13762E-3 8.03955E-3 8.06367E-3 8.31659E-3 8.34195E-3 8.28849E-3 8.41909E-3 8.54032E-3 8.68375E-3 8.72568E-3 8.87577E-3 8.87577E-3 8.90137E-3 8.8948E-3 8.91936E-3 8.94909E-3 9.13581E-3 8.98983E-3 8.95823E-3 8.92763E-3 8.89121E-3 8.89121E-3 8.9184E-3 8.95511E-3 8.90584E-3 8.83658E-3 8.85208E-3 8.81543E-3 8.93384E-3 8.90936E-3 8.90584E-3 8.94905E-3 8.72132E-3 8.77836E-3 8.77399E-3 8.81242E-3 8.97582E-3 8.85147E-3 8.72641E-3 8.68557E-3 8.75369E-3 8.61587E-3 8.61587E-3 8.64941E-3 8.46364E-3 8.49371E-3 8.30839E-3 8.27293E-3
7.94282E-3 8.00995E-3 7.88392E-3 8.06741E-3 8.01409E-3 8.13141E-3 7.88392E-3 7.8877E-3 8.12935E-3 8.14128E-3 8.0493E-3 8.03319E-3 8.17072E-3 8.16405E-3 8.29459E-3 8.48372E-3 8.36302E-3 8.54824E-3 8.53787E-3 8.57664E-3 8.75903E-3 8.75149E-3 8.76479E-3 8.91592E-3 8.85134E-3 8.85134E-3 9.08577E-3 9.05532E-3 9.08045E-3 8.99603E-3 8.99528E-3 8.83618E-3 8.81588E-3 8.95823E-3 8.96467E-3 8.98972E-3 8.93985E-3 8.84846E-3 8.93042E-3 8.88803E-3 8.83218E-3 8.92156E-3 9.25396E-3 8.94281E-3 8.829E-3 8.94642E-3 8.79954E-3 8.76143E-3 8.87455E-3 8.74197E-3 8.77887E-3 8.72349E-3 8.73013E-3 8.79968E-3 8.77718E-3 8.61063E-3 8.73804E-3 8.59117E-3 8.42433E-3 8.53058E-3 8.34082E-3
8.1833E-3 8.29171E-3 8.09066E-3 8.04767E-3 8.19877E-3 8.31528E-3 8.12935E-3 8.14263E-3 8.15328E-3 8.20206E-3 8.22631E-3 8.34851E-3 8.20146E-3 8.48471E-3 8.51003E-3 8.53662E-3 8.59303E-3 8.61604E-3 8.80534E-3 8.81903E-3 8.96034E-3 8.93361E-3 8.70197E-3 8.89265E-3 8.87742E-3 9.0654E-3 9.07848E-3 9.16365E-3 9.16043E-3 9.01725E-3 8.77677E-3 8.91841E-3 8.91848E-3 9.00793E-3 8.9947E-3 9.02123E-3 8.82401E-3 8.91722E-3 8.84516E-3 8.88147E-3 9.14824E-3 9.05559E-3 9.09483E-3 9.12131E-3 8.87785E-3 8.98966E-3 8.80244E-3 8.65731E-3 8.81601E-3 8.70441E-3 8.73406E-3 8.67633E-3 8.76281E-3 8.73223E-3 8.74392E-3 8.80495E-3 8.70216E-3 8.68697E-3 8.64318E-3 8.51829E-3 8.43672E-3
8.54199E-3 8.61375E-3 8.52524E-3 8.52524E-3 8.35178E-3 8.33607E-3 8.38834E-3 8.35787E-3 8.37018E-3 8.37777E-3 8.50053E-3 8.56751E-3 8.58118E-3 8.59493E-3 8.80409E-3 8.57223E-3 8.64841E-3 8.86049E-3 8.86049E-3 8.86049E-3 9.01897E-3 8.9118E-3 9.09176E-3 9.0985E-3 9.139E-3 9.12253E-3 9.13146E-3 8.99803E-3 8.98246E-3 8.81071E-3 8.77822E-3 8.8051E-3 8.81865E-3 8.76682E-3 8.98203E-3 8.99478E-3 8.97214E-3 8.97214E-3 9.01834E-3 9.11525E-3 8.96264E-3 9.00327E-3 9.00399E-3 8.87068E-3 8.87068E-3 8.78392E-3 8.82346E-3 8.80983E-3 8.75126E-3 8.7288E-3 8.74274E-3 8.56597E-3 8.67131E-3 8.75783E-3 8.75783E-3 8.77036E-3 8.63423E-3 8.57919E-3 8.54114E-3 8.50214E-3 8.45172E-3
8.66651E-3 8.70907E-3 8.70125E-3 8.65618E-3 8.41096E-3 8.68042E-3 8.69328E-3 8.75182E-3 8.74915E-3 8.95427E-3 8.83745E-3 8.68096E-3 8.68096E-3 8.69527E-3 8.63161E-3 8.70669E-3 8.79966E-3 8.59963E-3 8.64206E-3 8.80789E-3 8.89787E-3 8.89787E-3 9.10776E-3 9.03063E-3 9.08735E-3 9.10105E-3 9.08109E-3 9.18742E-3 8.85101E-3 8.79784E-3 8.78281E-3 8.77677E-3 8.80374E-3 8.93285E-3 8.93202E-3 9.06151E-3 8.94875E-3 8.98941E-3 8.88824E-3 8.82692E-3 8.79494E-3 8.88201E-3 8.85433E-3 8.86813E-3 8.77555E-3 8.69014E-3 8.73175E-3 8.77393E-3 8.64417E-3 8.6341E-3 8.60869E-3 8.56719E-3 8.6409E-3 8.6515E-3 8.66997E-3 8.77219E-3 8.75485E-3 8.51472E-3 8.28555E-3 8.32098E-3 8.36278E-3
8.91287E-3 8.95915E-3 8.97981E-3 8.99195E-3 8.97694E-3 8.74675E-3 8.762E-3 9.26702E-3 9.00945E-3 8.86265E-3 8.90678E-3 8.92976E-3 8.72747E-3 8.49181E-3 8.56543E-3 8.64076E-3 8.68653E-3 8.70111E-3 8.71575E-3 8.78834E-3 8.75958E-3 8.8184E-3 8.89257E-3 8.92073E-3 9.05147E-3 9.03773E-3 9.1148E-3 8.94938E-3 8.92614E-3 8.7707E-3 8.81343E-3 8.99724E-3 8.99804E-3 9.14618E-3 8.95251E-3 9.02588E-3 9.00365E-3 8.85045E-3 8.86434E-3 8.80654E-3 8.7812E-3 8.75711E-3 8.69969E-3 8.74224E-3 8.77514E-3 8.8673E-3 8.71412E-3 8.83515E-3 8.71967E-3 8.62202E-3 8.52813E-3 8.63523E-3 8.57658E-3 8.55604E-3 8.69552E-3 8.95758E-3 8.78961E-3 8.57061E-3 8.46996E-3 8.45697E-3 8.45638E-3
9.17432E-3 8.91858E-3 8.98171E-3 9.00918E-3 9.04406E-3 9.2824E-3 9.03072E-3 9.07248E-3 9.07675E-3 8.93355E-3 8.78992E-3 8.70988E-3 8.85969E-3 8.77075E-3 8.75667E-3 8.8082E-3 8.47611E-3 8.49042E-3 8.62559E-3 8.65353E-3 8.73172E-3 8.91003E-3 8.93933E-3 8.95983E-3 8.95428E-3 8.92581E-3 8.91167E-3 8.9874E-3 8.78484E-3 8.79903E-3 8.93119E-3 9.17577E-3 9.1517E-3 9.02028E-3 8.96376E-3 9.04741E-3 9.04118E-3 8.97889E-3 8.8076E-3 8.73909E-3 8.85052E-3 8.86495E-3 8.87943E-3 8.75071E-3 8.79661E-3 8.77764E-3 8.6711E-3 8.71562E-3 8.70072E-3 8.61205E-3 8.5169E-3 8.49849E-3 8.51738E-3 8.56495E-3 8.69448E-3 8.84919E-3 8.77493E-3 8.92015E-3 8.55355E-3 8.43269E-3 8.3643E-3
9.45991E-3 9.53472E-3 9.2645E-3 9.20089E-3 9.30775E-3 9.3716E-3 9.40966E-3 9.13403E-3 8.96058E-3 8.96749E-3 8.8269E-3 8.74706E-3 8.79397E-3 8.75926E-3 8.76898E-3 8.60592E-3 8.63529E-3 8.47432E-3 8.53401E-3 8.59865E-3 8.59865E-3 8.75711E-3 8.70467E-3 8.86241E-3 9.05926E-3 9.18584E-3 9.18584E-3 8.93132E-3 9.14757E-3 8.97419E-3 9.17797E-3 9.01567E-3 8.96812E-3 8.93962E-3 8.96812E-3 9.07774E-3 8.98209E-3 8.8219E-3 8.86716E-3 8.82317E-3 8.83649E-3 8.8502E-3 8.66946E-3 8.68362E-3 8.56991E-3 8.53508E-3 8.52055E-3 8.52055E-3 8.54968E-3 8.47614E-3 8.45449E-3 8.37598E-3 8.47323E-3 8.50259E-3 8.62278E-3 8.64822E-3 8.77035E-3 8.92012E-3 8.68847E-3 8.45997E-3 8.44683E-3
9.73955E-3 9.80308E-3 9.56356E-3 9.68867E-3 9.36983E-3 9.33798E-3 9.46404E-3 9.48953E-3 9.2107E-3 9.03705E-3 8.75667E-3 8.92068E-3 8.59429E-3 8.67945E-3 8.34843E-3 8.43769E-3 8.39392E-3 8.48998E-3 8.91476E-3 8.80389E-3 8.80144E-3 8.71091E-3 8.70467E-3 8.91143E-3 9.10973E-3 9.08227E-3 9.09597E-3 9.10028E-3 9.09124E-3 9.14665E-3 9.33693E-3 9.10501E-3 9.14267E-3 9.13412E-3 8.92589E-3 9.02148E-3 9.01788E-3 8.80998E-3 8.75112E-3 8.80809E-3 8.83492E-3 8.69745E-3 8.66823E-3 8.48813E-3 8.49091E-3 8.49091E-3 8.50219E-3 8.38106E-3 8.3906E-3 8.41108E-3 8.38456E-3 8.35472E-3 8.36072E-3 8.38195E-3 8.4187E-3 8.56303E-3 8.64486E-3 8.77035E-3 8.67244E-3 8.5799E-3 8.32069E-3
9.79686E-3 9.85327E-3 9.85803E-3 1.00066E-2 9.69251E-3 9.15878E-3 9.50452E-3 9.47748E-3 9.24924E-3 9.0935E-3 8.9996E-3 8.88631E-3 8.52749E-3 8.43649E-3 8.72391E-3 8.42892E-3 8.29487E-3 8.42383E-3 8.57337E-3 8.60274E-3 8.76448E-3 8.80259E-3 8.89447E-3 8.83123E-3 9.33616E-3 9.07705E-3 9.11923E-3 9.07253E-3 9.03083E-3 9.07253E-3 9.30275E-3 9.20837E-3 9.2061E-3 9.16214E-3 8.94516E-3 9.09844E-3 9.01531E-3 9.02381E-3 8.86415E-3 8.83492E-3 8.70382E-3 8.6247E-3 8.47043E-3 8.30751E-3 8.31342E-3 8.37395E-3 8.37557E-3 8.39478E-3 8.332E-3 8.42878E-3 8.41335E-3 8.32276E-3 8.21337E-3 8.39957E-3 8.50986E-3 8.6575E-3 8.79391E-3 8.74995E-3 8.72171E-3 8.49701E-3 8.25714E-3
1.04224E-2 1.0028E-2 1.01214E-2 9.93234E-3 9.72004E-3 9.73609E-3 9.4895E-3 9.28004E-3 9.62481E-3 9.06639E-3 8.91673E-3 8.74207E-3 8.59186E-3 8.63795E-3 8.67076E-3 8.48865E-3 8.48865E-3 8.61379E-3 8.33996E-3 8.47026E-3 8.43853E-3 8.57368E-3 8.95531E-3 9.14344E-3 9.40574E-3 9.3611E-3 9.32012E-3 9.08508E-3 9.04276E-3 9.36261E-3 9.15748E-3 9.0536E-3 8.95977E-3 8.97274E-3 9.00979E-3 9.012E-3 9.0018E-3 8.85731E-3 8.81271E-3 8.76448E-3 8.67198E-3 8.67198E-3 8.45136E-3 8.51163E-3 8.36276E-3 8.39374E-3 8.34499E-3 8.29694E-3 8.17529E-3 8.41121E-3 8.25239E-3 8.40092E-3 8.3128E-3 8.33542E-3 8.46494E-3 8.47692E-3 8.64908E-3 8.60301E-3 8.58942E-3 8.31153E-3 8.30612E-3
1.06757E-2 1.04293E-2 1.05361E-2 1.01853E-2 1.00422E-2 9.91769E-3 9.71981E-3 9.4662E-3 9.62686E-3 9.36676E-3 8.95421E-3 8.55448E-3 8.67338E-3 8.86382E-3 8.63733E-3 8.70383E-3 8.68112E-3 8.56505E-3 8.76041E-3 8.91525E-3 8.90807E-3 8.97846E-3 8.98964E-3 9.13904E-3 9.11848E-3 8.95648E-3 9.0543E-3 9.34658E-3 9.16004E-3 9.14561E-3 9.3912E-3 9.20428E-3 9.35393E-3 9.11864E-3 9.15899E-3 8.75859E-3 8.81849E-3 8.59305E-3 9.11819E-3 8.71546E-3 8.63847E-3 8.66436E-3 8.28003E-3 8.29562E-3 8.30957E-3 8.34057E-3 8.30957E-3 8.34057E-3 8.35869E-3 8.44587E-3 8.44587E-3 8.43189E-3 8.319E-3 8.4574E-3 8.60062E-3 8.55318E-3 8.6466E-3 8.60062E-3 8.2632E-3 8.16131E-3 8.15465E-3
1.09127E-2 1.06466E-2 1.06613E-2 1.07415E-2 1.05127E-2 1.02914E-2 9.94273E-3 9.79606E-3 9.73195E-3 9.61998E-3 9.44565E-3 9.3228E-3 8.64002E-3 9.18468E-3 8.68311E-3 8.70498E-3 8.73982E-3 8.75517E-3 8.8749E-3 9.09106E-3 9.09665E-3 9.16869E-3 9.4521E-3 9.408E-3 9.408E-3 8.92679E-3 8.93711E-3 8.9763E-3 9.17035E-3 9.1885E-3 9.17035E-3 9.2815E-3 9.29262E-3 9.32248E-3 9.11072E-3 9.04155E-3 9.0166E-3 8.83412E-3 8.85724E-3 8.68633E-3 8.63656E-3 8.48185E-3 8.3265E-3 8.47132E-3 8.46942E-3 8.47021E-3 8.4546E-3 8.52034E-3 8.53893E-3 8.53744E-3 8.41211E-3 8.36642E-3 8.44719E-3 8.51925E-3 8.48836E-3 8.17048E-3 8.35736E-3 8.27225E-3 8.21075E-3 7.91407E-3 7.87764E-3
1.1222E-2 1.09949E-2 1.10247E-2 1.10127E-2 1.08483E-2 1.07657E-2 1.05397E-2 1.02294E-2 9.71093E-3 9.79916E-3 9.68928E-3 9.34092E-3 9.18781E-3 9.34801E-3 9.30298E-3 9.20299E-3 8.98577E-3 8.9999E-3 9.02206E-3 9.30618E-3 9.20278E-3 9.44245E-3 9.354E-3 9.17362E-3 9.14379E-3 8.96947E-3 9.01657E-3 9.20122E-3 9.41695E-3 8.98265E-3 9.02132E-3 9.29639E-3 9.25957E-3 9.06682E-3 9.14366E-3 8.9679E-3 8.97671E-3 8.99217E-3 8.83183E-3 8.87474E-3 8.87398E-3 8.68754E-3 8.50846E-3 8.96181E-3 8.52578E-3 8.50381E-3 8.86199E-3 8.48786E-3 8.49473E-3 8.50841E-3 8.34811E-3 8.28551E-3 8.3022E-3 8.31789E-3 8.29188E-3 8.18057E-3 8.17026E-3 8.21154E-3 7.94611E-3 7.96384E-3 7.79064E-3
