Artocarpus heterophyllus SDM files/Last interglacial/results (with bias file)/Arthet_median.asc
ncols         625
nrows         721
xllcorner     69.99986311115
yllcorner     5.99986151914999
cellsize      0.041666667
NODATA_value  -9999
[rows 54 to 80 of 721, columns 122 to 182 of 625]
2.20811E-1 2.10297E-1 2.01431E-1 1.92955E-1 1.78551E-1 1.60757E-1 1.51079E-1 1.17775E-1 8.25489E-2 5.97797E-2 6.75039E-2 8.19627E-2 8.3179E-2 8.15197E-2 6.22833E-2 6.47462E-2 5.25177E-2 4.55364E-2 6.57704E-2 6.44387E-2 4.94822E-2 4.37238E-2 3.97461E-2 3.76701E-2 3.31776E-2 2.89018E-2 2.04749E-2 1.96041E-2 2.06484E-2 2.56445E-2 2.00887E-2 2.42922E-2 3.05595E-2 3.48732E-2 2.49385E-2 2.11939E-2 2.11099E-2 2.49451E-2 2.78226E-2 2.87932E-2 2.44555E-2 3.03116E-2 3.47646E-2 2.59984E-2 2.87082E-2 2.54078E-2 1.74961E-2 1.54893E-2 1.82112E-2 1.81742E-2 1.7481E-2 2.00315E-2 2.39588E-2 1.68064E-2 1.38732E-2 1.57644E-2 1.62079E-2 1.46807E-2 1.42106E-2 1.12151E-2 1.13911E-2
2.20468E-1 2.10996E-1 2.10126E-1 1.9564E-1 1.85348E-1 1.71796E-1 1.53487E-1 1.30324E-1 1.0019E-1 7.47857E-2 6.16102E-2 6.19141E-2 8.26349E-2 9.78073E-2 8.17346E-2 8.88566E-2 5.4167E-2 4.42643E-2 6.25574E-2 6.56162E-2 3.42616E-2 3.53786E-2 3.76772E-2 2.62293E-2 2.07598E-2 2.3557E-2 3.00736E-2 3.20333E-2 2.18536E-2 2.02485E-2 2.14524E-2 2.42423E-2 3.38904E-2 3.66225E-2 3.58271E-2 3.33254E-2 2.58052E-2 2.23321E-2 2.45176E-2 2.57137E-2 2.26084E-2 2.6766E-2 2.80175E-2 3.30525E-2 2.93871E-2 2.46528E-2 2.06681E-2 1.92294E-2 2.06119E-2 1.9656E-2 2.24732E-2 2.31295E-2 2.31647E-2 2.14216E-2 1.72334E-2 1.84459E-2 1.67973E-2 1.50587E-2 1.13458E-2 8.96738E-3 9.5416E-3
2.16648E-1 2.1058E-1 2.02065E-1 1.98215E-1 1.84249E-1 1.68267E-1 1.40688E-1 1.36039E-1 1.06942E-1 7.74557E-2 7.00661E-2 7.9395E-2 8.74083E-2 8.41009E-2 1.02945E-1 9.76011E-2 6.81858E-2 7.18646E-2 8.53636E-2 5.08615E-2 4.09942E-2 3.32313E-2 2.72919E-2 2.98114E-2 3.51143E-2 3.9762E-2 3.83858E-2 3.19624E-2 1.95145E-2 1.79818E-2 2.42745E-2 3.05943E-2 2.88591E-2 3.3479E-2 3.1499E-2 3.61385E-2 3.9686E-2 3.18575E-2 2.28134E-2 2.50432E-2 2.15992E-2 2.43495E-2 2.82638E-2 3.20352E-2 3.25555E-2 3.53475E-2 2.09313E-2 2.38444E-2 2.02288E-2 1.63796E-2 1.78692E-2 2.11057E-2 1.95533E-2 2.29659E-2 1.94043E-2 1.58622E-2 1.65653E-2 1.51783E-2 1.19571E-2 9.56807E-3 1.00537E-2
2.12606E-1 2.06864E-1 1.99582E-1 1.93E-1 1.79702E-1 1.64143E-1 1.55658E-1 1.38018E-1 1.11947E-1 8.03918E-2 6.4797E-2 6.78941E-2 7.17031E-2 6.23105E-2 1.0324E-1 1.18211E-1 9.68073E-2 8.79193E-2 6.64865E-2 3.65364E-2 3.62225E-2 4.74345E-2 4.95826E-2 4.31299E-2 4.04875E-2 3.61641E-2 3.50067E-2 2.92612E-2 2.46103E-2 2.70953E-2 2.73232E-2 2.32532E-2 3.16814E-2 3.01848E-2 2.28771E-2 2.63243E-2 3.4949E-2 4.06198E-2 3.7309E-2 3.11783E-2 2.22811E-2 2.15475E-2 2.44922E-2 2.86631E-2 2.86329E-2 2.66879E-2 3.56362E-2 2.80388E-2 2.80701E-2 2.08407E-2 1.69367E-2 1.47078E-2 1.65222E-2 2.07283E-2 2.23473E-2 1.81236E-2 1.57721E-2 1.8081E-2 1.57674E-2 1.15426E-2 1.04069E-2
2.04568E-1 1.97952E-1 1.87602E-1 1.86285E-1 1.78567E-1 1.68121E-1 1.56482E-1 1.47533E-1 1.32096E-1 9.63402E-2 6.33823E-2 7.03502E-2 8.83936E-2 7.14557E-2 8.86599E-2 1.15781E-1 1.00082E-1 7.28842E-2 6.30401E-2 6.66389E-2 6.1962E-2 3.82529E-2 3.8223E-2 2.64044E-2 3.10773E-2 2.38121E-2 3.53386E-2 2.91903E-2 3.44252E-2 2.86617E-2 2.47612E-2 2.7741E-2 3.31588E-2 2.358E-2 2.40415E-2 2.42179E-2 2.36373E-2 2.89703E-2 3.52004E-2 4.09475E-2 3.20365E-2 2.5619E-2 2.30034E-2 2.12E-2 2.66695E-2 3.64482E-2 3.98205E-2 2.24723E-2 2.38371E-2 2.39836E-2 1.85363E-2 1.40208E-2 1.71146E-2 2.02219E-2 2.17052E-2 2.00602E-2 2.04697E-2 1.99552E-2 1.90629E-2 1.59959E-2 1.09342E-2
1.84268E-1 1.89963E-1 1.83968E-1 1.82528E-1 1.76411E-1 1.59087E-1 1.60675E-1 1.39438E-1 1.00497E-1 8.36374E-2 7.79295E-2 1.0083E-1 1.10288E-1 7.07915E-2 6.19981E-2 7.30477E-2 1.04445E-1 1.19435E-1 8.89699E-2 7.16115E-2 5.6676E-2 5.93304E-2 6.2204E-2 5.59948E-2 3.84414E-2 3.52071E-2 3.22392E-2 3.34058E-2 4.19771E-2 3.31185E-2 3.48442E-2 2.52919E-2 2.92013E-2 2.33918E-2 2.23902E-2 2.22476E-2 2.37253E-2 2.88791E-2 3.42868E-2 3.825E-2 4.21437E-2 3.60766E-2 2.99812E-2 2.99691E-2 3.50027E-2 3.93559E-2 3.84744E-2 2.90489E-2 2.15485E-2 2.14568E-2 2.11694E-2 1.62528E-2 1.78598E-2 2.08088E-2 1.92777E-2 1.59969E-2 1.88256E-2 2.01141E-2 1.98275E-2 1.82838E-2 1.25784E-2
1.3945E-1 1.54845E-1 1.62227E-1 1.65494E-1 1.68155E-1 1.62315E-1 1.51941E-1 1.45124E-1 1.12033E-1 8.04662E-2 8.19035E-2 1.24535E-1 1.30169E-1 9.29129E-2 8.3735E-2 9.38035E-2 1.12256E-1 1.24506E-1 1.00175E-1 1.12977E-1 9.489E-2 5.59965E-2 3.87201E-2 3.9095E-2 4.81025E-2 4.19994E-2 4.08392E-2 4.49311E-2 4.91737E-2 4.06214E-2 3.99913E-2 3.61599E-2 3.46044E-2 2.55806E-2 2.76647E-2 3.15416E-2 3.12991E-2 3.25803E-2 2.43604E-2 2.7079E-2 3.92279E-2 4.42178E-2 4.37138E-2 4.78633E-2 4.78394E-2 4.54375E-2 2.77687E-2 2.03958E-2 2.16604E-2 1.98269E-2 2.36386E-2 2.07534E-2 1.74715E-2 1.94902E-2 1.84525E-2 1.6611E-2 1.77184E-2 1.87708E-2 1.98237E-2 1.90151E-2 1.38919E-2
1.3986E-1 1.41027E-1 1.82248E-1 1.67441E-1 1.48991E-1 1.4467E-1 1.54553E-1 1.38901E-1 1.14431E-1 8.77489E-2 1.19127E-1 1.4037E-1 1.58528E-1 1.24504E-1 1.19512E-1 1.60862E-1 1.10996E-1 1.45502E-1 1.6011E-1 1.13918E-1 8.39434E-2 6.8493E-2 5.54027E-2 3.62022E-2 3.46644E-2 3.49319E-2 3.47058E-2 3.83811E-2 5.05961E-2 4.79617E-2 5.51204E-2 4.27084E-2 3.7733E-2 3.96432E-2 2.78224E-2 2.77116E-2 2.98556E-2 2.36172E-2 2.1794E-2 2.16436E-2 2.90125E-2 4.15262E-2 4.6605E-2 4.78429E-2 3.86894E-2 2.93415E-2 2.35531E-2 2.24304E-2 2.04517E-2 2.41876E-2 2.35079E-2 2.51662E-2 2.05352E-2 1.76308E-2 1.72741E-2 1.60233E-2 1.68299E-2 1.80795E-2 2.00407E-2 1.9451E-2 1.61634E-2
1.66336E-1 1.58129E-1 1.92604E-1 1.98282E-1 1.43884E-1 1.37095E-1 1.35949E-1 1.26815E-1 1.02616E-1 7.07216E-2 1.02824E-1 1.58306E-1 1.8326E-1 1.73578E-1 1.89912E-1 1.99499E-1 1.49619E-1 1.43892E-1 1.29272E-1 9.08774E-2 6.187E-2 6.09594E-2 5.3498E-2 3.44322E-2 3.51003E-2 2.6011E-2 3.27071E-2 4.03802E-2 4.51286E-2 6.56254E-2 6.79745E-2 5.91173E-2 5.40222E-2 4.40925E-2 3.55293E-2 2.88669E-2 2.70317E-2 2.55593E-2 2.62638E-2 3.01811E-2 3.61604E-2 2.79128E-2 3.19475E-2 4.20387E-2 3.57874E-2 2.63349E-2 2.06271E-2 2.19956E-2 2.66723E-2 2.57201E-2 2.73144E-2 2.47743E-2 2.27189E-2 1.94597E-2 2.22881E-2 1.75397E-2 1.9931E-2 1.78019E-2 1.81646E-2 1.90465E-2 1.81307E-2
1.59714E-1 2.07E-1 2.08338E-1 2.12319E-1 1.78705E-1 1.23914E-1 1.13965E-1 1.08142E-1 7.50109E-2 8.09693E-2 1.03301E-1 1.20018E-1 1.58849E-1 2.23839E-1 2.35626E-1 2.00495E-1 1.81806E-1 1.22292E-1 1.44891E-1 1.13011E-1 8.60276E-2 1.11521E-1 7.68055E-2 8.44868E-2 5.95987E-2 5.06093E-2 4.6697E-2 6.43299E-2 8.16013E-2 9.08017E-2 6.99959E-2 7.03295E-2 4.68692E-2 5.64789E-2 4.68454E-2 3.41645E-2 2.98112E-2 2.66477E-2 2.77069E-2 3.09501E-2 2.85803E-2 2.03159E-2 2.49382E-2 3.51051E-2 4.19598E-2 3.28014E-2 2.45771E-2 2.45792E-2 2.2408E-2 2.21011E-2 2.43277E-2 2.90736E-2 2.84235E-2 2.16595E-2 2.41505E-2 1.98606E-2 1.97578E-2 2.1311E-2 1.75941E-2 1.81675E-2 1.68943E-2
1.34674E-1 1.83696E-1 2.57861E-1 2.3279E-1 2.0048E-1 1.74486E-1 1.28169E-1 8.83111E-2 9.64663E-2 1.17576E-1 1.13748E-1 1.1036E-1 1.52146E-1 1.78854E-1 1.7097E-1 2.56198E-1 2.25157E-1 2.08897E-1 2.07821E-1 1.92494E-1 1.79524E-1 1.61202E-1 1.09169E-1 1.30265E-1 9.65972E-2 6.72839E-2 8.40733E-2 1.22584E-1 8.99975E-2 5.31177E-2 3.41428E-2 5.10521E-2 5.87334E-2 4.2709E-2 3.80286E-2 3.37579E-2 3.57245E-2 2.90235E-2 2.75791E-2 2.67344E-2 2.49834E-2 2.22461E-2 2.76911E-2 3.5401E-2 4.03183E-2 3.76071E-2 2.84854E-2 2.34671E-2 1.96031E-2 2.46146E-2 2.22618E-2 2.68531E-2 3.02486E-2 2.71017E-2 2.24134E-2 2.1742E-2 2.02193E-2 2.42066E-2 1.96897E-2 1.69316E-2 1.86153E-2
2.03054E-1 2.18827E-1 3.22688E-1 2.60317E-1 2.2964E-1 2.00873E-1 1.72006E-1 1.21788E-1 1.23617E-1 1.53019E-1 1.45977E-1 1.20794E-1 1.02162E-1 1.19182E-1 1.77489E-1 2.31504E-1 2.3912E-1 1.51289E-1 1.12013E-1 1.44737E-1 1.23917E-1 1.56425E-1 1.43908E-1 1.57032E-1 1.44757E-1 9.90383E-2 1.42825E-1 8.99781E-2 5.08872E-2 4.1929E-2 5.34498E-2 4.21071E-2 4.54436E-2 5.6888E-2 5.1788E-2 4.10151E-2 3.91838E-2 3.3493E-2 2.95026E-2 2.66809E-2 2.51513E-2 2.93497E-2 3.27054E-2 2.6242E-2 3.54766E-2 3.99023E-2 3.81201E-2 2.77667E-2 2.10746E-2 2.44884E-2 2.82294E-2 3.05429E-2 2.99766E-2 2.38318E-2 2.38787E-2 2.22104E-2 2.54278E-2 2.30919E-2 2.40824E-2 1.91176E-2 1.76562E-2
3.20021E-1 3.83322E-1 3.8288E-1 3.18533E-1 2.31363E-1 2.1256E-1 1.59735E-1 1.28933E-1 1.57217E-1 1.70466E-1 1.15335E-1 1.01737E-1 1.0873E-1 1.24524E-1 1.26598E-1 1.41135E-1 2.57975E-1 1.71075E-1 1.09103E-1 1.02149E-1 7.39199E-2 9.03505E-2 8.3299E-2 1.01311E-1 1.36651E-1 1.6995E-1 1.61937E-1 8.30143E-2 8.1702E-2 6.24985E-2 5.05477E-2 4.956E-2 4.87719E-2 4.19561E-2 4.67574E-2 5.63706E-2 4.22429E-2 4.17296E-2 3.16017E-2 3.09171E-2 2.94316E-2 2.80273E-2 2.51959E-2 2.73481E-2 3.5041E-2 2.81334E-2 3.57571E-2 3.75261E-2 3.14925E-2 3.19969E-2 3.47341E-2 2.4771E-2 2.56551E-2 2.92811E-2 2.87873E-2 2.79082E-2 2.78705E-2 2.10087E-2 2.21579E-2 2.27568E-2 2.13249E-2
4.01655E-1 4.41113E-1 3.61913E-1 4.06179E-1 3.93235E-1 3.14981E-1 2.23479E-1 1.58021E-1 1.43789E-1 2.03236E-1 1.3785E-1 1.52694E-1 1.80405E-1 1.67199E-1 1.65307E-1 1.26363E-1 2.15683E-1 2.34261E-1 1.73348E-1 1.24605E-1 1.04003E-1 9.39793E-2 8.39272E-2 6.94155E-2 9.00605E-2 9.9308E-2 1.40087E-1 1.29263E-1 9.05359E-2 7.09464E-2 5.69894E-2 6.74712E-2 5.91004E-2 5.59796E-2 5.03583E-2 4.61753E-2 5.52419E-2 4.41678E-2 3.73261E-2 3.86038E-2 2.91259E-2 2.73109E-2 2.41024E-2 2.50245E-2 3.40898E-2 2.83634E-2 2.86981E-2 3.2497E-2 3.43448E-2 3.61913E-2 2.78365E-2 2.5201E-2 2.38337E-2 2.66868E-2 2.31133E-2 2.47471E-2 2.883E-2 2.43758E-2 1.98789E-2 2.1209E-2 2.19831E-2
4.60694E-1 3.96113E-1 3.04927E-1 2.59406E-1 3.33322E-1 3.96169E-1 3.16963E-1 2.13312E-1 2.1605E-1 2.71246E-1 1.85843E-1 2.14463E-1 2.15629E-1 2.34043E-1 2.59026E-1 2.18597E-1 1.97363E-1 2.93408E-1 1.9316E-1 1.69267E-1 1.47441E-1 1.04046E-1 7.50476E-2 5.62401E-2 6.45209E-2 6.54142E-2 8.17181E-2 1.5E-1 1.10094E-1 7.30619E-2 9.73273E-2 7.82695E-2 6.44537E-2 5.8222E-2 4.98072E-2 4.71402E-2 4.20973E-2 4.55208E-2 4.23779E-2 3.6268E-2 3.40145E-2 2.61974E-2 2.87978E-2 3.16361E-2 2.6512E-2 3.00595E-2 2.48517E-2 2.39421E-2 2.66641E-2 3.18976E-2 3.26361E-2 2.4981E-2 2.59599E-2 2.49296E-2 2.26134E-2 2.63181E-2 2.83682E-2 2.49376E-2 2.1275E-2 2.14018E-2 2.15986E-2
4.12658E-1 3.54621E-1 2.7211E-1 2.08605E-1 2.76033E-1 3.839E-1 3.78229E-1 3.44837E-1 3.40246E-1 3.63267E-1 3.45796E-1 3.4497E-1 3.26508E-1 3.28579E-1 3.3627E-1 3.37949E-1 3.26092E-1 3.09465E-1 2.73014E-1 2.28327E-1 1.97156E-1 1.72331E-1 1.12194E-1 9.77375E-2 9.09577E-2 7.10618E-2 8.09514E-2 1.13564E-1 1.47259E-1 1.49825E-1 1.2142E-1 1.04169E-1 1.02262E-1 8.54722E-2 6.75008E-2 5.28225E-2 4.8113E-2 4.54961E-2 4.55081E-2 4.1699E-2 3.97956E-2 2.66608E-2 2.7534E-2 2.72965E-2 2.46921E-2 2.80376E-2 2.33863E-2 2.35927E-2 2.37575E-2 2.47611E-2 3.12026E-2 3.26358E-2 2.37511E-2 2.36109E-2 2.2443E-2 2.4427E-2 2.49353E-2 2.82809E-2 2.54024E-2 2.31202E-2 2.15497E-2
4.41689E-1 4.0463E-1 3.53451E-1 2.33156E-1 2.46224E-1 3.03401E-1 2.86511E-1 3.2897E-1 3.46793E-1 2.9693E-1 2.52982E-1 3.19417E-1 3.20052E-1 2.98265E-1 2.81288E-1 2.59724E-1 2.36395E-1 2.34283E-1 2.62896E-1 2.38344E-1 2.09306E-1 1.76134E-1 1.61638E-1 1.52401E-1 1.06768E-1 8.4444E-2 7.1701E-2 8.28528E-2 1.00277E-1 1.04151E-1 1.4347E-1 1.26224E-1 9.71802E-2 8.66054E-2 6.99601E-2 5.57549E-2 5.32532E-2 5.46053E-2 5.42636E-2 4.6282E-2 4.63551E-2 3.64727E-2 2.96306E-2 2.7073E-2 2.73315E-2 2.4278E-2 2.45888E-2 2.79372E-2 2.91536E-2 3.10192E-2 3.08615E-2 3.35629E-2 2.69189E-2 2.30655E-2 2.19087E-2 2.19092E-2 2.24932E-2 2.50494E-2 2.46391E-2 2.62356E-2 2.18243E-2
4.13691E-1 3.74121E-1 2.64909E-1 2.34518E-1 3.1179E-1 3.70053E-1 2.60533E-1 2.54972E-1 2.72339E-1 2.62935E-1 1.64874E-1 2.13046E-1 3.06747E-1 2.85574E-1 2.66403E-1 2.42138E-1 2.1682E-1 2.01023E-1 2.16187E-1 2.27792E-1 2.26647E-1 1.99169E-1 1.58845E-1 1.40581E-1 1.28352E-1 1.12387E-1 1.02462E-1 7.85988E-2 7.1927E-2 9.03009E-2 1.2748E-1 1.41497E-1 1.2685E-1 8.85942E-2 6.76094E-2 5.22614E-2 6.41361E-2 7.11309E-2 4.88868E-2 4.52261E-2 5.12132E-2 4.4252E-2 3.70032E-2 3.35212E-2 2.91352E-2 3.15373E-2 2.9447E-2 3.03433E-2 3.16456E-2 3.28825E-2 3.01551E-2 3.33746E-2 2.62162E-2 2.20767E-2 2.13171E-2 2.31578E-2 2.22234E-2 2.24213E-2 2.45078E-2 2.61732E-2 2.4826E-2
3.62068E-1 4.18468E-1 3.65396E-1 4.11234E-1 3.93544E-1 3.86972E-1 3.59326E-1 2.39585E-1 2.22443E-1 2.64945E-1 1.52228E-1 1.62443E-1 2.7548E-1 2.81021E-1 2.7848E-1 2.45486E-1 2.15407E-1 1.8653E-1 2.01488E-1 2.38121E-1 2.29995E-1 2.13098E-1 1.96755E-1 1.49485E-1 1.01295E-1 8.64624E-2 8.07875E-2 6.57774E-2 8.13863E-2 1.18518E-1 7.52927E-2 9.80822E-2 1.56928E-1 1.15674E-1 9.76105E-2 9.19226E-2 1.05719E-1 8.26989E-2 7.17218E-2 4.84676E-2 4.39228E-2 5.24308E-2 4.73919E-2 3.58099E-2 3.36011E-2 3.09412E-2 3.13577E-2 2.6504E-2 2.84062E-2 2.44029E-2 2.33078E-2 2.979E-2 2.48705E-2 2.33763E-2 2.48825E-2 2.61514E-2 2.47371E-2 2.1802E-2 2.35005E-2 2.40808E-2 2.83261E-2
5.06887E-1 5.01746E-1 5.14385E-1 3.95454E-1 2.88321E-1 2.96725E-1 3.57682E-1 2.92653E-1 2.04827E-1 2.06821E-1 1.62075E-1 1.24039E-1 1.81033E-1 1.98503E-1 2.63329E-1 2.742E-1 2.08302E-1 1.66701E-1 1.82617E-1 2.31046E-1 2.37498E-1 1.77755E-1 1.7403E-1 1.54019E-1 1.09019E-1 1.40592E-1 1.45203E-1 1.02972E-1 8.62653E-2 8.98398E-2 7.22946E-2 1.1961E-1 1.64028E-1 1.42828E-1 1.32661E-1 1.2837E-1 9.55587E-2 6.67661E-2 5.5316E-2 5.75827E-2 4.09261E-2 4.64786E-2 5.403E-2 4.29653E-2 4.22853E-2 3.51661E-2 2.71261E-2 2.67907E-2 2.54563E-2 2.24274E-2 2.37447E-2 2.84643E-2 2.68565E-2 2.28255E-2 2.33479E-2 2.74667E-2 2.80899E-2 2.37011E-2 2.56904E-2 2.6342E-2 2.89608E-2
6.17781E-1 5.99437E-1 5.49687E-1 4.16451E-1 3.88554E-1 2.70986E-1 2.95208E-1 3.40402E-1 2.63912E-1 2.12604E-1 1.4361E-1 1.28022E-1 1.09342E-1 1.3688E-1 1.96737E-1 2.41456E-1 2.32783E-1 1.70955E-1 1.55682E-1 1.8506E-1 2.08898E-1 1.95899E-1 1.48287E-1 1.17009E-1 1.49796E-1 2.03949E-1 1.87053E-1 1.70175E-1 1.60832E-1 1.15989E-1 8.36626E-2 1.24019E-1 1.64684E-1 1.43807E-1 8.31857E-2 1.06817E-1 1.00518E-1 7.0306E-2 5.02367E-2 4.40671E-2 4.27656E-2 3.83407E-2 4.82321E-2 6.06015E-2 4.18298E-2 3.26239E-2 2.96325E-2 3.29808E-2 2.88967E-2 2.4858E-2 2.493E-2 2.8746E-2 2.69273E-2 2.18578E-2 2.75151E-2 2.35703E-2 2.54116E-2 2.82515E-2 2.81134E-2 2.79198E-2 2.95959E-2
6.1194E-1 6.0807E-1 6.14427E-1 5.67425E-1 4.74203E-1 4.48083E-1 3.3476E-1 2.92289E-1 3.00912E-1 2.70982E-1 2.39474E-1 2.07926E-1 1.47538E-1 1.30011E-1 1.04031E-1 1.64709E-1 1.52318E-1 1.51007E-1 1.68578E-1 1.44115E-1 1.51178E-1 1.43002E-1 1.45865E-1 1.70007E-1 2.53767E-1 2.9834E-1 2.8841E-1 2.65583E-1 2.11193E-1 1.46204E-1 1.08322E-1 8.94201E-2 1.3611E-1 1.70489E-1 7.83999E-2 7.48269E-2 6.62375E-2 7.82169E-2 5.23978E-2 4.5282E-2 6.28251E-2 5.525E-2 5.60173E-2 6.64218E-2 4.38789E-2 3.36213E-2 3.67245E-2 3.65552E-2 3.54206E-2 2.54395E-2 2.80541E-2 2.5563E-2 2.64827E-2 2.40784E-2 2.81477E-2 2.25519E-2 2.17915E-2 2.27679E-2 2.85715E-2 2.87681E-2 2.58609E-2
6.08991E-1 5.98024E-1 6.11779E-1 6.09913E-1 5.25676E-1 5.27254E-1 4.61258E-1 3.56497E-1 2.77785E-1 2.43906E-1 2.60999E-1 1.98728E-1 1.44808E-1 1.13305E-1 7.66616E-2 1.14887E-1 1.76825E-1 1.56974E-1 1.89032E-1 2.05563E-1 1.88191E-1 1.5944E-1 2.44071E-1 2.66034E-1 2.66587E-1 3.47256E-1 2.94567E-1 2.50321E-1 2.01209E-1 1.32776E-1 7.98973E-2 9.33292E-2 1.63834E-1 1.45368E-1 8.96422E-2 5.94303E-2 4.587E-2 5.58018E-2 5.81531E-2 7.92102E-2 9.18809E-2 8.52404E-2 6.96873E-2 5.2242E-2 3.51186E-2 3.09234E-2 3.1291E-2 3.88665E-2 3.27812E-2 2.93839E-2 3.34214E-2 2.84483E-2 2.79927E-2 2.48406E-2 2.58164E-2 2.2564E-2 2.52587E-2 2.74739E-2 2.7468E-2 2.61396E-2 2.57164E-2
6.41164E-1 6.31395E-1 6.03437E-1 6.04326E-1 5.76553E-1 5.51601E-1 4.93063E-1 4.53104E-1 3.26992E-1 3.2698E-1 3.19172E-1 2.78905E-1 2.39793E-1 2.02252E-1 1.13266E-1 1.39586E-1 2.00887E-1 2.46632E-1 2.25735E-1 2.24157E-1 2.54204E-1 2.06953E-1 2.14256E-1 3.0547E-1 3.38666E-1 3.88943E-1 3.10027E-1 2.49926E-1 1.75563E-1 1.26154E-1 9.42531E-2 1.08445E-1 1.58374E-1 7.55837E-2 6.5139E-2 5.56887E-2 5.60909E-2 7.56179E-2 6.12984E-2 1.06392E-1 8.16087E-2 5.13949E-2 4.75703E-2 4.29594E-2 3.90319E-2 3.0047E-2 3.61577E-2 3.91608E-2 4.35772E-2 3.6334E-2 2.99497E-2 2.78862E-2 3.66512E-2 3.50607E-2 2.57338E-2 2.37263E-2 2.70268E-2 2.73896E-2 2.3396E-2 2.32563E-2 2.39944E-2
5.98922E-1 6.13499E-1 5.85238E-1 5.7667E-1 5.86007E-1 5.4415E-1 4.47743E-1 3.71274E-1 3.93517E-1 4.09139E-1 3.4925E-1 2.76303E-1 2.71951E-1 1.91922E-1 1.83125E-1 1.48884E-1 2.06997E-1 3.28357E-1 2.68054E-1 1.93372E-1 2.87186E-1 3.07343E-1 2.94298E-1 3.21831E-1 3.84995E-1 4.40233E-1 4.09312E-1 2.9295E-1 2.42965E-1 2.60889E-1 1.85481E-1 1.26715E-1 1.83154E-1 1.09591E-1 1.40658E-1 1.41829E-1 1.4289E-1 1.17645E-1 1.04607E-1 1.12675E-1 5.66146E-2 4.10332E-2 4.8306E-2 6.19124E-2 5.58506E-2 3.93115E-2 3.6563E-2 3.20289E-2 3.50783E-2 4.74762E-2 3.47242E-2 3.34546E-2 4.49342E-2 3.29896E-2 3.09357E-2 2.80409E-2 2.76751E-2 2.43619E-2 2.32193E-2 2.269E-2 2.31707E-2
6.41821E-1 6.28913E-1 6.24716E-1 6.0875E-1 5.31731E-1 5.02012E-1 4.13247E-1 3.50273E-1 3.70568E-1 4.98796E-1 4.443E-1 3.14361E-1 3.27268E-1 3.25606E-1 2.66111E-1 2.67268E-1 3.00629E-1 3.70779E-1 3.19161E-1 2.89375E-1 2.76225E-1 3.24531E-1 3.90971E-1 4.36205E-1 5.0038E-1 4.11122E-1 3.17715E-1 3.32594E-1 3.32612E-1 2.74892E-1 1.79578E-1 1.08962E-1 1.57538E-1 1.81723E-1 1.55602E-1 1.33011E-1 1.23576E-1 1.55474E-1 1.46027E-1 9.8604E-2 6.43057E-2 6.37515E-2 8.82576E-2 5.92176E-2 4.14938E-2 3.89381E-2 3.55505E-2 3.14116E-2 3.64788E-2 4.89239E-2 4.14359E-2 4.74493E-2 4.38078E-2 3.90813E-2 2.8178E-2 2.55949E-2 2.77333E-2 2.44331E-2 2.38706E-2 2.49598E-2 2.21008E-2
6.4238E-1 6.54771E-1 6.47165E-1 6.34407E-1 6.44635E-1 6.06929E-1 5.1827E-1 5.17495E-1 5.04205E-1 5.76499E-1 4.81177E-1 3.92538E-1 4.19313E-1 4.1814E-1 4.27317E-1 3.28264E-1 3.20039E-1 4.03349E-1 4.03579E-1 4.14126E-1 3.51909E-1 4.40136E-1 4.94434E-1 5.59977E-1 5.0119E-1 3.75714E-1 2.96617E-1 2.58562E-1 2.51901E-1 2.55895E-1 2.21513E-1 1.34226E-1 8.09209E-2 1.05669E-1 8.5848E-2 7.21297E-2 1.00583E-1 1.23022E-1 1.52837E-1 1.30255E-1 1.04124E-1 1.10326E-1 6.47739E-2 5.23583E-2 6.13437E-2 4.37215E-2 4.67051E-2 3.62377E-2 4.03757E-2 4.32999E-2 5.59954E-2 5.69284E-2 3.4269E-2 2.77237E-2 2.76358E-2 2.784E-2 2.89006E-2 2.9773E-2 2.89261E-2 2.46314E-2 2.24992E-2
