Artocarpus heterophyllus SDM files/Last interglacial/results (with bias file)/Arthet_9.asc
ncols         625
nrows         721
xllcorner     69.99986311115
yllcorner     5.99986151914999
cellsize      0.041666667
NODATA_value  -9999
[rows 216 to 242 of 721, columns 122 to 182 of 625]
4.45949E-1 4.40745E-1 4.4258E-1 4.48473E-1 4.50605E-1 4.4885E-1 4.50044E-1 4.49729E-1 4.49362E-1 4.5409E-1 4.64317E-1 4.61206E-1 4.51895E-1 4.57782E-1 4.64396E-1 4.69436E-1 4.65647E-1 4.63182E-1 4.61565E-1 4.56773E-1 4.62325E-1 4.73251E-1 4.70372E-1 4.76728E-1 4.61003E-1 4.64834E-1 4.67424E-1 4.6921E-1 4.71195E-1 4.73141E-1 4.75808E-1 4.88704E-1 4.81529E-1 4.8151E-1 4.8521E-1 4.86084E-1 4.86084E-1 4.87962E-1 4.87962E-1 4.93039E-1 4.92692E-1 4.9907E-1 4.94832E-1 4.98297E-1 5.03092E-1 4.99613E-1 4.9188E-1 4.9393E-1 5.02005E-1 5.00698E-1 4.98381E-1 4.98356E-1 4.98655E-1 4.98003E-1 4.97466E-1 5.03238E-1 5.03238E-1 5.04811E-1 5.02361E-1 4.98878E-1 5.01167E-1
4.45949E-1 4.50001E-1 4.48726E-1 4.51222E-1 4.53389E-1 4.50925E-1 4.50615E-1 4.49686E-1 4.49996E-1 4.53078E-1 4.53754E-1 4.56867E-1 4.55574E-1 4.61203E-1 4.64727E-1 4.66933E-1 4.69141E-1 4.74344E-1 4.60322E-1 4.53584E-1 4.59144E-1 4.6679E-1 4.69187E-1 4.73868E-1 4.60253E-1 4.61564E-1 4.64024E-1 4.68455E-1 4.70361E-1 4.72803E-1 4.75489E-1 4.7406E-1 4.77158E-1 4.7985E-1 4.86785E-1 4.8766E-1 4.87983E-1 4.8766E-1 4.87251E-1 4.86928E-1 4.87551E-1 4.8849E-1 4.88711E-1 4.96925E-1 4.96329E-1 4.99294E-1 4.96169E-1 4.97767E-1 5.01449E-1 5.05973E-1 4.9595E-1 5.01581E-1 4.95488E-1 4.95392E-1 4.97607E-1 4.97396E-1 4.98117E-1 5.00009E-1 5.02758E-1 5.04811E-1 5.01167E-1
4.37075E-1 4.39846E-1 4.41636E-1 4.50193E-1 4.5056E-1 4.50615E-1 4.52767E-1 4.49686E-1 4.48394E-1 4.58389E-1 4.56243E-1 4.5488E-1 4.52756E-1 4.60953E-1 4.61895E-1 4.6665E-1 4.66318E-1 4.73983E-1 4.63347E-1 4.53241E-1 4.56641E-1 4.66522E-1 4.73752E-1 4.74318E-1 4.59966E-1 4.6382E-1 4.65648E-1 4.66279E-1 4.7034E-1 4.72645E-1 4.73978E-1 4.74471E-1 4.76456E-1 4.79166E-1 4.79466E-1 4.79807E-1 4.87408E-1 4.89542E-1 4.88829E-1 4.89865E-1 4.90142E-1 4.86261E-1 4.84905E-1 4.93789E-1 4.97645E-1 4.93789E-1 4.93789E-1 4.95728E-1 4.99999E-1 5.05651E-1 5.03297E-1 5.01635E-1 4.97261E-1 4.94532E-1 4.9707E-1 4.98443E-1 5.00537E-1 5.0524E-1 5.09406E-1 5.02045E-1 5.01648E-1
4.41339E-1 4.39234E-1 4.39242E-1 4.45341E-1 4.5087E-1 4.50615E-1 4.49377E-1 4.48394E-1 4.47719E-1 4.57707E-1 4.59014E-1 4.58701E-1 4.52499E-1 4.54993E-1 4.62734E-1 4.60026E-1 4.65004E-1 4.72784E-1 4.72606E-1 4.55343E-1 4.55328E-1 4.68427E-1 4.688E-1 4.71355E-1 4.61687E-1 4.65251E-1 4.65272E-1 4.65139E-1 4.66975E-1 4.69606E-1 4.77325E-1 4.73114E-1 4.7375E-1 4.76755E-1 4.79638E-1 4.82357E-1 4.90345E-1 4.81096E-1 4.83773E-1 4.90183E-1 4.90222E-1 4.80824E-1 4.82691E-1 4.86442E-1 4.85249E-1 4.84514E-1 4.85384E-1 4.86273E-1 4.92472E-1 4.95622E-1 4.91801E-1 5.00389E-1 4.99347E-1 4.92098E-1 4.92302E-1 5.00143E-1 5.05229E-1 5.05848E-1 5.02868E-1 5.02472E-1 4.9896E-1
4.41952E-1 4.42508E-1 4.40717E-1 4.46862E-1 4.48152E-1 4.50988E-1 4.47177E-1 4.38883E-1 4.43668E-1 4.51765E-1 4.54962E-1 4.54962E-1 4.54962E-1 4.58188E-1 4.64598E-1 4.59688E-1 4.65312E-1 4.70773E-1 4.65592E-1 4.56271E-1 4.55663E-1 4.62993E-1 4.61664E-1 4.65785E-1 4.68317E-1 4.65669E-1 4.6241E-1 4.64467E-1 4.64762E-1 4.67071E-1 4.69782E-1 4.70931E-1 4.70614E-1 4.7329E-1 4.82357E-1 4.82357E-1 4.8931E-1 4.81304E-1 4.87576E-1 4.88827E-1 4.83961E-1 4.76983E-1 4.77622E-1 4.76595E-1 4.79116E-1 4.84858E-1 4.84122E-1 4.8223E-1 4.83441E-1 4.83441E-1 4.80684E-1 4.83833E-1 4.9062E-1 4.93537E-1 4.89583E-1 4.94317E-1 4.9996E-1 4.93809E-1 4.98003E-1 4.97607E-1 4.97693E-1
4.4654E-1 4.43132E-1 4.43773E-1 4.44737E-1 4.48508E-1 4.54443E-1 4.4784E-1 4.40316E-1 4.42687E-1 4.4736E-1 4.51086E-1 4.51086E-1 4.53601E-1 4.56453E-1 4.58963E-1 4.58948E-1 4.61165E-1 4.65477E-1 4.58913E-1 4.61577E-1 4.5537E-1 4.58854E-1 4.70309E-1 4.70609E-1 4.74925E-1 4.72461E-1 4.6018E-1 4.61178E-1 4.70277E-1 4.67071E-1 4.72914E-1 4.71945E-1 4.74307E-1 4.73988E-1 4.74307E-1 4.80442E-1 4.76484E-1 4.79247E-1 4.81362E-1 4.86541E-1 4.87795E-1 4.83942E-1 4.7645E-1 4.76205E-1 4.77163E-1 4.78406E-1 4.78703E-1 4.84443E-1 4.86351E-1 4.83585E-1 4.83585E-1 4.86673E-1 4.94098E-1 4.98081E-1 4.91632E-1 4.9755E-1 4.94133E-1 4.91507E-1 4.92442E-1 4.92442E-1 4.9891E-1
4.37016E-1 4.36711E-1 4.43449E-1 4.4654E-1 4.4935E-1 4.49041E-1 4.46434E-1 4.43608E-1 4.42625E-1 4.48796E-1 4.53229E-1 4.53229E-1 4.52918E-1 4.56141E-1 4.59793E-1 4.60089E-1 4.60107E-1 4.59793E-1 4.56306E-1 4.55293E-1 4.55704E-1 4.58893E-1 4.67278E-1 4.70622E-1 4.63827E-1 4.65685E-1 4.59038E-1 4.59038E-1 4.63775E-1 4.64874E-1 4.72201E-1 4.75982E-1 4.75642E-1 4.81797E-1 4.8291E-1 4.87999E-1 4.83299E-1 4.72251E-1 4.74935E-1 4.74884E-1 4.80264E-1 4.77408E-1 4.77408E-1 4.79066E-1 4.8123E-1 4.78472E-1 4.80886E-1 4.78153E-1 4.85778E-1 4.85961E-1 4.87318E-1 4.92213E-1 4.98374E-1 4.893E-1 4.88914E-1 4.83699E-1 4.83631E-1 4.89304E-1 4.91182E-1 4.93091E-1 4.93415E-1
4.36769E-1 4.35131E-1 4.36389E-1 4.45863E-1 4.40369E-1 4.39757E-1 4.44878E-1 4.51676E-1 4.4508E-1 4.47497E-1 4.5093E-1 4.5093E-1 4.54148E-1 4.59785E-1 4.59785E-1 4.60161E-1 4.61679E-1 4.59419E-1 4.58793E-1 4.57462E-1 4.57462E-1 4.60165E-1 4.6526E-1 4.65638E-1 4.65008E-1 4.61448E-1 4.61961E-1 4.61628E-1 4.64559E-1 4.68528E-1 4.69539E-1 4.74125E-1 4.81708E-1 4.83978E-1 4.90014E-1 4.76922E-1 4.76808E-1 4.71549E-1 4.74548E-1 4.74796E-1 4.75115E-1 4.72345E-1 4.75212E-1 4.76393E-1 4.79663E-1 4.79E-1 4.7932E-1 4.80031E-1 4.80375E-1 4.78648E-1 4.78044E-1 4.90953E-1 4.83272E-1 4.88751E-1 4.88367E-1 4.86626E-1 4.86535E-1 4.83927E-1 4.89627E-1 4.89627E-1 4.89627E-1
4.36448E-1 4.36084E-1 4.35719E-1 4.41563E-1 4.42176E-1 4.46756E-1 4.40887E-1 4.52019E-1 4.48487E-1 4.41991E-1 4.47497E-1 4.43798E-1 4.52775E-1 4.50652E-1 4.59094E-1 4.59785E-1 4.5477E-1 4.60989E-1 4.60361E-1 4.59717E-1 4.59787E-1 4.61634E-1 4.61948E-1 4.64565E-1 4.61007E-1 4.61141E-1 4.63772E-1 4.62031E-1 4.66306E-1 4.69648E-1 4.70344E-1 4.73811E-1 4.814E-1 4.86268E-1 4.66642E-1 4.68536E-1 4.70018E-1 4.6645E-1 4.75115E-1 4.75115E-1 4.75115E-1 4.75415E-1 4.79156E-1 4.76393E-1 4.76413E-1 4.76782E-1 4.78083E-1 4.75364E-1 4.80123E-1 4.82435E-1 4.78816E-1 4.87458E-1 4.84653E-1 4.75655E-1 4.77695E-1 4.8076E-1 4.86396E-1 4.8324E-1 4.84501E-1 4.84179E-1 4.94091E-1
4.3578E-1 4.3823E-1 4.37864E-1 4.37802E-1 4.40887E-1 4.40581E-1 4.40887E-1 4.46111E-1 4.49017E-1 4.44786E-1 4.41991E-1 4.43798E-1 4.46308E-1 4.51892E-1 4.55461E-1 4.5592E-1 4.57283E-1 4.56971E-1 4.57283E-1 4.55589E-1 4.52463E-1 4.55657E-1 4.55345E-1 4.55657E-1 4.57942E-1 4.54856E-1 4.54544E-1 4.65229E-1 4.66242E-1 4.69984E-1 4.72198E-1 4.71304E-1 4.80701E-1 4.66897E-1 4.59816E-1 4.67231E-1 4.70584E-1 4.70451E-1 4.73049E-1 4.7257E-1 4.73467E-1 4.79496E-1 4.76393E-1 4.76712E-1 4.76712E-1 4.77421E-1 4.81926E-1 4.75727E-1 4.77044E-1 4.78153E-1 4.75977E-1 4.82045E-1 4.76355E-1 4.71538E-1 4.74185E-1 4.7138E-1 4.74707E-1 4.81463E-1 4.85467E-1 4.82053E-1 4.82053E-1
4.35769E-1 4.3823E-1 4.40633E-1 4.39663E-1 4.39663E-1 4.42466E-1 4.44616E-1 4.46529E-1 4.45803E-1 4.48027E-1 4.46616E-1 4.46616E-1 4.48111E-1 4.47736E-1 4.51645E-1 4.51955E-1 4.55164E-1 4.54689E-1 4.57976E-1 4.58863E-1 4.54966E-1 4.52823E-1 4.53445E-1 4.55723E-1 4.58338E-1 4.57088E-1 4.574E-1 4.61239E-1 4.64583E-1 4.64646E-1 4.65116E-1 4.65158E-1 4.64271E-1 4.67082E-1 4.56765E-1 4.67477E-1 4.70831E-1 4.73559E-1 4.76669E-1 4.77632E-1 4.77952E-1 4.73765E-1 4.707E-1 4.71335E-1 4.7774E-1 4.73348E-1 4.76887E-1 4.77592E-1 4.76458E-1 4.70221E-1 4.74921E-1 4.78813E-1 4.69165E-1 4.73126E-1 4.73422E-1 4.73037E-1 4.72333E-1 4.78044E-1 4.78338E-1 4.74037E-1 4.74329E-1
4.34943E-1 4.34275E-1 4.34579E-1 4.34213E-1 4.39294E-1 4.41789E-1 4.41789E-1 4.44616E-1 4.45528E-1 4.44815E-1 4.47344E-1 4.48466E-1 4.50894E-1 4.50584E-1 4.5346E-1 4.53771E-1 4.53149E-1 4.55966E-1 4.5959E-1 4.58289E-1 4.55952E-1 4.52512E-1 4.5472E-1 4.5472E-1 4.5472E-1 4.48856E-1 4.60978E-1 4.61673E-1 4.60078E-1 4.63515E-1 4.5759E-1 4.64913E-1 4.71061E-1 4.67911E-1 4.58224E-1 4.64874E-1 4.68219E-1 4.68147E-1 4.68463E-1 4.76988E-1 4.78272E-1 4.78272E-1 4.69784E-1 4.69784E-1 4.74004E-1 4.65277E-1 4.69641E-1 4.70407E-1 4.67371E-1 4.73657E-1 4.77573E-1 4.70162E-1 4.68832E-1 4.68151E-1 4.63698E-1 4.69959E-1 4.7091E-1 4.79685E-1 4.80584E-1 4.74356E-1 4.76844E-1
4.32854E-1 4.3249E-1 4.3249E-1 4.34213E-1 4.36996E-1 4.36692E-1 4.36008E-1 4.35638E-1 4.38749E-1 4.44539E-1 4.44231E-1 4.46708E-1 4.48823E-1 4.51266E-1 4.54541E-1 4.50797E-1 4.5277E-1 4.5959E-1 4.60598E-1 4.59784E-1 4.56245E-1 4.55242E-1 4.49066E-1 4.49165E-1 4.49165E-1 4.48477E-1 4.5238E-1 4.60664E-1 4.49791E-1 4.58379E-1 4.52816E-1 4.60442E-1 4.62826E-1 4.58791E-1 4.62083E-1 4.62711E-1 4.68463E-1 4.66047E-1 4.69096E-1 4.68521E-1 4.69226E-1 4.69929E-1 4.75256E-1 4.75006E-1 4.65073E-1 4.70742E-1 4.65976E-1 4.6858E-1 4.67938E-1 4.69627E-1 4.6885E-1 4.64841E-1 4.61117E-1 4.64013E-1 4.62306E-1 4.71302E-1 4.74801E-1 4.747E-1 4.76016E-1 4.8097E-1 4.78086E-1
4.30042E-1 4.32187E-1 4.34293E-1 4.34606E-1 4.37103E-1 4.3643E-1 4.3643E-1 4.38149E-1 4.38149E-1 4.38376E-1 4.38376E-1 4.40889E-1 4.43001E-1 4.51399E-1 4.46175E-1 4.4861E-1 4.50893E-1 4.54626E-1 4.57254E-1 4.54988E-1 4.53195E-1 4.51953E-1 4.51971E-1 4.51953E-1 4.50662E-1 4.48168E-1 4.51069E-1 4.49245E-1 4.51546E-1 4.51562E-1 4.54198E-1 4.54579E-1 4.55721E-1 4.55082E-1 4.63043E-1 4.6005E-1 4.61598E-1 4.68205E-1 4.69154E-1 4.69859E-1 4.70563E-1 4.72798E-1 4.66627E-1 4.66627E-1 4.69881E-1 4.67022E-1 4.67722E-1 4.65558E-1 4.66569E-1 4.67242E-1 4.60161E-1 4.56144E-1 4.68531E-1 4.67999E-1 4.63272E-1 4.66669E-1 4.69985E-1 4.7493E-1 4.71085E-1 4.7818E-1 4.71653E-1
4.27152E-1 4.32187E-1 4.26491E-1 4.34303E-1 4.36798E-1 4.36125E-1 4.3606E-1 4.37844E-1 4.38149E-1 4.40606E-1 4.43156E-1 4.4376E-1 4.43308E-1 4.45867E-1 4.47683E-1 4.45489E-1 4.5161E-1 4.52612E-1 4.52612E-1 4.54298E-1 4.54298E-1 4.49767E-1 4.51282E-1 4.54506E-1 4.54799E-1 4.53865E-1 4.50264E-1 4.48935E-1 4.51856E-1 4.48555E-1 4.51474E-1 4.54493E-1 4.54805E-1 4.56147E-1 4.55835E-1 4.55835E-1 4.58832E-1 4.62283E-1 4.71127E-1 4.77214E-1 4.66895E-1 4.63737E-1 4.64565E-1 4.67044E-1 4.62083E-1 4.68744E-1 4.5911E-1 4.70386E-1 4.62572E-1 4.65362E-1 4.62132E-1 4.60261E-1 4.66205E-1 4.664E-1 4.62258E-1 4.51031E-1 4.58847E-1 4.6182E-1 4.61096E-1 4.6008E-1 4.6781E-1
4.24785E-1 4.27181E-1 4.29652E-1 4.36798E-1 4.36798E-1 4.36125E-1 4.38949E-1 4.4179E-1 4.41418E-1 4.40674E-1 4.39984E-1 4.42769E-1 4.45651E-1 4.48772E-1 4.48072E-1 4.45181E-1 4.5161E-1 4.52908E-1 4.49772E-1 4.56757E-1 4.53364E-1 4.44246E-1 4.50173E-1 4.52621E-1 4.589E-1 4.57809E-1 4.47338E-1 4.48934E-1 4.47029E-1 4.50854E-1 4.43135E-1 4.43749E-1 4.55246E-1 4.55246E-1 4.57616E-1 4.54312E-1 4.57229E-1 4.61726E-1 4.67671E-1 4.64303E-1 4.54126E-1 4.55684E-1 4.60716E-1 4.63341E-1 4.64351E-1 4.68913E-1 4.59489E-1 4.65361E-1 4.60907E-1 4.63361E-1 4.67233E-1 4.65914E-1 4.60788E-1 4.5324E-1 4.55482E-1 4.51397E-1 4.49805E-1 4.6415E-1 4.61776E-1 4.67592E-1 4.69214E-1
4.24785E-1 4.24434E-1 4.28686E-1 4.31116E-1 4.34848E-1 4.33201E-1 4.37967E-1 4.35347E-1 4.33059E-1 4.4135E-1 4.35573E-1 4.34766E-1 4.37297E-1 4.47467E-1 4.48084E-1 4.47383E-1 4.49313E-1 4.50228E-1 4.51228E-1 4.56947E-1 4.44412E-1 4.4465E-1 4.46772E-1 4.4476E-1 4.47555E-1 4.47538E-1 4.52109E-1 4.57032E-1 4.40624E-1 4.43822E-1 4.43749E-1 4.46052E-1 4.46668E-1 4.47285E-1 4.49306E-1 4.49306E-1 4.56732E-1 4.58939E-1 4.58626E-1 4.55925E-1 4.52645E-1 4.61924E-1 4.56982E-1 4.53387E-1 4.63989E-1 4.70747E-1 4.59966E-1 4.63046E-1 4.66726E-1 4.63966E-1 4.62707E-1 4.51698E-1 4.5003E-1 4.42982E-1 4.51631E-1 4.52251E-1 4.53162E-1 4.61072E-1 4.67746E-1 4.66773E-1 4.66645E-1
4.24734E-1 4.26518E-1 4.26818E-1 4.28623E-1 4.36786E-1 4.33937E-1 4.35347E-1 4.35955E-1 4.39794E-1 4.3214E-1 4.35877E-1 4.38054E-1 4.37601E-1 4.38717E-1 4.39782E-1 4.42584E-1 4.47422E-1 4.48111E-1 4.4842E-1 4.52947E-1 4.46063E-1 4.46063E-1 4.51108E-1 4.48482E-1 4.46867E-1 4.47976E-1 4.55918E-1 4.45235E-1 4.43749E-1 4.46668E-1 4.46977E-1 4.46668E-1 4.46286E-1 4.47594E-1 4.49925E-1 4.46286E-1 4.49925E-1 4.49925E-1 4.49615E-1 4.50911E-1 4.51603E-1 4.52362E-1 4.53629E-1 4.60905E-1 4.64456E-1 4.63737E-1 4.58523E-1 4.56415E-1 4.56325E-1 4.56259E-1 4.51857E-1 4.48482E-1 4.47621E-1 4.44135E-1 4.51041E-1 4.58448E-1 4.59438E-1 4.59632E-1 4.59318E-1 4.5838E-1 4.58355E-1
4.27181E-1 4.26518E-1 4.26455E-1 4.2609E-1 4.3038E-1 4.33198E-1 4.36044E-1 4.43411E-1 4.43656E-1 4.28972E-1 4.37444E-1 4.38359E-1 4.38957E-1 4.37214E-1 4.39391E-1 4.42277E-1 4.42224E-1 4.46805E-1 4.42224E-1 4.4253E-1 4.43417E-1 4.38014E-1 4.41597E-1 4.39111E-1 4.385E-1 4.4451E-1 4.42087E-1 4.39367E-1 4.41781E-1 4.46594E-1 4.47211E-1 4.47594E-1 4.46885E-1 4.46902E-1 4.46902E-1 4.46885E-1 4.46286E-1 4.5016E-1 4.48195E-1 4.51548E-1 4.48958E-1 4.48958E-1 4.52764E-1 4.56622E-1 4.65058E-1 4.55514E-1 4.54497E-1 4.49272E-1 4.39793E-1 4.46794E-1 4.50108E-1 4.47694E-1 4.43751E-1 4.52162E-1 4.51947E-1 4.54984E-1 4.49118E-1 4.51092E-1 4.56035E-1 4.55748E-1 4.56035E-1
4.21462E-1 4.21462E-1 4.20739E-1 4.28558E-1 4.30748E-1 4.3038E-1 4.30302E-1 4.39214E-1 4.36328E-1 4.31699E-1 4.34522E-1 4.32848E-1 4.3603E-1 4.32764E-1 4.40003E-1 4.3704E-1 4.40926E-1 4.37954E-1 4.42765E-1 4.43343E-1 4.42729E-1 4.39736E-1 4.36829E-1 4.36146E-1 4.38717E-1 4.43822E-1 4.38411E-1 4.39905E-1 4.40211E-1 4.39905E-1 4.42535E-1 4.42014E-1 4.42014E-1 4.41707E-1 4.41691E-1 4.4039E-1 4.46193E-1 4.47811E-1 4.43606E-1 4.57119E-1 4.59045E-1 4.56962E-1 4.49746E-1 4.53667E-1 4.49977E-1 4.41131E-1 4.59975E-1 4.4335E-1 4.42207E-1 4.42436E-1 4.42664E-1 4.44567E-1 4.51823E-1 4.55749E-1 4.56425E-1 4.59413E-1 4.57599E-1 4.58825E-1 4.47337E-1 4.50978E-1 4.56347E-1
4.21761E-1 4.2415E-1 4.2415E-1 4.23787E-1 4.23478E-1 4.25654E-1 4.25287E-1 4.27707E-1 4.26977E-1 4.30084E-1 4.29712E-1 4.29641E-1 4.30232E-1 4.32315E-1 4.35157E-1 4.3478E-1 4.3887E-1 4.40347E-1 4.38745E-1 4.39051E-1 4.39356E-1 4.43578E-1 4.4064E-1 4.41509E-1 4.37925E-1 4.40226E-1 4.40456E-1 4.4015E-1 4.42152E-1 4.43149E-1 4.39844E-1 4.39829E-1 4.41938E-1 4.3902E-1 4.41109E-1 4.42104E-1 4.35538E-1 4.49269E-1 4.52397E-1 4.56433E-1 4.53899E-1 4.53395E-1 4.48612E-1 4.46025E-1 4.41437E-1 4.37118E-1 4.39538E-1 4.39538E-1 4.42338E-1 4.47868E-1 4.46904E-1 4.47499E-1 4.47884E-1 4.48268E-1 4.62099E-1 4.65679E-1 4.56998E-1 4.48651E-1 4.44475E-1 4.4834E-1 4.55937E-1
4.23851E-1 4.23851E-1 4.26928E-1 4.26263E-1 4.26254E-1 4.26554E-1 4.28076E-1 4.30152E-1 4.27333E-1 4.30072E-1 4.27195E-1 4.29571E-1 4.29801E-1 4.32012E-1 4.36234E-1 4.3428E-1 4.37757E-1 4.37757E-1 4.31642E-1 4.31628E-1 4.31642E-1 4.34819E-1 4.38026E-1 4.36793E-1 4.33591E-1 4.35304E-1 4.35289E-1 4.38879E-1 4.35668E-1 4.37139E-1 4.3802E-1 4.35344E-1 4.36027E-1 4.36332E-1 4.41132E-1 4.39675E-1 4.2774E-1 4.48154E-1 4.60499E-1 4.57536E-1 4.553E-1 4.56546E-1 4.44612E-1 4.32038E-1 4.30931E-1 4.36947E-1 4.37783E-1 4.41495E-1 4.40305E-1 4.51094E-1 4.5179E-1 4.53177E-1 4.52245E-1 4.48204E-1 4.56461E-1 4.45841E-1 4.40267E-1 4.4509E-1 4.52238E-1 4.59926E-1 4.60638E-1
4.25461E-1 4.23787E-1 4.23787E-1 4.26854E-1 4.23412E-1 4.28689E-1 4.29281E-1 4.32112E-1 4.30442E-1 4.27265E-1 4.26895E-1 4.23525E-1 4.27726E-1 4.30461E-1 4.37452E-1 4.38048E-1 4.35162E-1 4.29443E-1 4.32306E-1 4.29385E-1 4.29385E-1 4.31265E-1 4.3353E-1 4.34123E-1 4.36216E-1 4.36596E-1 4.392E-1 4.39579E-1 4.3506E-1 4.37139E-1 4.34074E-1 4.33556E-1 4.35648E-1 4.43751E-1 4.45483E-1 4.37067E-1 4.43438E-1 4.31031E-1 4.40051E-1 4.51025E-1 4.51837E-1 4.39403E-1 4.41945E-1 4.31396E-1 4.30774E-1 4.35205E-1 4.37719E-1 4.44565E-1 4.41802E-1 4.49166E-1 4.51169E-1 4.60351E-1 4.51763E-1 4.39727E-1 4.41895E-1 4.38665E-1 4.4422E-1 4.47934E-1 4.54468E-1 4.5755E-1 4.66493E-1
4.21729E-1 4.18091E-1 4.18091E-1 4.26488E-1 4.26187E-1 4.2046E-1 4.2324E-1 4.32414E-1 4.32099E-1 4.3036E-1 4.21823E-1 4.19887E-1 4.22648E-1 4.25737E-1 4.26724E-1 4.30363E-1 4.29745E-1 4.32897E-1 4.29443E-1 4.29385E-1 4.32839E-1 4.35486E-1 4.30647E-1 4.33018E-1 4.35912E-1 4.40729E-1 4.35416E-1 4.33523E-1 4.2996E-1 4.32185E-1 4.3506E-1 4.31992E-1 4.42937E-1 4.52482E-1 4.38188E-1 4.38626E-1 4.32936E-1 4.32239E-1 4.3218E-1 4.37493E-1 4.36883E-1 4.38712E-1 4.37276E-1 4.33931E-1 4.39639E-1 4.42294E-1 4.4099E-1 4.40382E-1 4.44134E-1 4.51376E-1 4.56569E-1 4.5228E-1 4.50229E-1 4.36269E-1 4.3582E-1 4.39559E-1 4.44329E-1 4.53464E-1 4.55783E-1 4.63881E-1 4.59329E-1
4.16021E-1 4.1875E-1 4.16242E-1 4.15651E-1 4.17708E-1 4.20758E-1 4.20758E-1 4.26348E-1 4.26949E-1 4.31406E-1 4.17614E-1 4.20594E-1 4.23673E-1 4.26783E-1 4.24199E-1 4.28572E-1 4.30348E-1 4.332E-1 4.29745E-1 4.32912E-1 4.28592E-1 4.25936E-1 4.24156E-1 4.25847E-1 4.30295E-1 4.32891E-1 4.34736E-1 4.30636E-1 4.29658E-1 4.2996E-1 4.3085E-1 4.42763E-1 4.4635E-1 4.42693E-1 4.34799E-1 4.27165E-1 4.26721E-1 4.28997E-1 4.35967E-1 4.36576E-1 4.35663E-1 4.29221E-1 4.29426E-1 4.42253E-1 4.42238E-1 4.41408E-1 4.44572E-1 4.31177E-1 4.41761E-1 4.52136E-1 4.58461E-1 4.54794E-1 4.41244E-1 4.29167E-1 4.31001E-1 4.39597E-1 4.51509E-1 4.522E-1 4.57164E-1 4.60272E-1 4.57101E-1
4.19714E-1 4.19642E-1 4.16909E-1 4.17977E-1 4.17977E-1 4.20051E-1 4.18301E-1 4.20392E-1 4.24069E-1 4.3599E-1 4.14524E-1 4.23075E-1 4.20891E-1 4.18566E-1 4.22307E-1 4.23203E-1 4.23203E-1 4.26698E-1 4.26098E-1 4.22322E-1 4.24471E-1 4.2477E-1 4.24082E-1 4.29677E-1 4.34148E-1 4.33253E-1 4.32344E-1 4.31061E-1 4.29658E-1 4.33146E-1 4.41971E-1 4.41901E-1 4.41932E-1 4.37614E-1 4.52325E-1 4.34411E-1 4.23326E-1 4.26467E-1 4.32459E-1 4.33446E-1 4.35281E-1 4.32006E-1 4.37089E-1 4.37559E-1 4.44012E-1 4.39216E-1 4.46461E-1 4.39876E-1 4.30271E-1 4.50713E-1 4.52882E-1 4.54979E-1 4.30542E-1 4.3047E-1 4.36885E-1 4.47428E-1 4.486E-1 4.48097E-1 4.61074E-1 4.50514E-1 4.47911E-1
4.22464E-1 4.19642E-1 4.19279E-1 4.18973E-1 4.19177E-1 4.21354E-1 4.18573E-1 4.20689E-1 4.26279E-1 4.305E-1 4.17247E-1 4.23972E-1 4.18935E-1 4.19812E-1 4.22606E-1 4.23203E-1 4.29854E-1 4.23274E-1 4.22307E-1 4.22307E-1 4.25382E-1 4.22235E-1 4.22235E-1 4.25198E-1 4.31898E-1 4.2518E-1 4.28037E-1 4.25387E-1 4.28533E-1 4.31784E-1 4.38797E-1 4.27313E-1 4.22415E-1 4.50178E-1 4.29175E-1 4.18766E-1 4.28958E-1 4.31854E-1 4.29561E-1 4.32762E-1 4.29482E-1 4.31657E-1 4.37274E-1 4.41488E-1 4.39596E-1 4.37891E-1 4.33416E-1 4.39828E-1 4.43723E-1 4.32003E-1 4.53123E-1 4.35589E-1 4.32969E-1 4.32866E-1 4.45072E-1 4.47347E-1 4.51618E-1 4.52846E-1 4.53785E-1 4.52244E-1 4.44008E-1
