Artocarpus heterophyllus SDM files/Last interglacial/results (with bias file)/Arthet_min.asc
ncols         625
nrows         721
xllcorner     69.99986311115
yllcorner     5.99986151914999
cellsize      0.041666667
NODATA_value  -9999
[rows 108 to 134 of 721, columns 488 to 548 of 625]
3.58089E-2 3.37399E-2 3.20281E-2 3.10813E-2 2.8614E-2 2.75443E-2 2.7345E-2 2.69351E-2 2.69351E-2 2.92687E-2 3.39969E-2 3.92305E-2 3.77251E-2 3.38342E-2 4.0107E-2 4.13077E-2 4.10022E-2 3.92368E-2 3.69967E-2 3.31252E-2 2.91135E-2 2.88895E-2 3.11752E-2 3.54479E-2 3.78935E-2 4.03003E-2 4.15051E-2 4.21197E-2 4.18153E-2 4.1515E-2 4.06172E-2 4.0669E-2 4.06364E-2 4.10338E-2 4.09289E-2 4.19848E-2 4.06422E-2 3.76755E-2 3.76923E-2 3.96724E-2 4.23384E-2 4.1911E-2 3.73671E-2 3.54628E-2 3.49674E-2 3.15219E-2 3.35044E-2 4.00563E-2 4.31703E-2 3.54083E-2 3.60969E-2 3.54235E-2 3.43045E-2 3.93233E-2 4.21837E-2 4.24117E-2 4.67218E-2 4.89819E-2 4.77153E-2 4.68875E-2 4.00991E-2
3.60747E-2 3.58078E-2 3.34949E-2 2.88384E-2 2.77605E-2 2.99265E-2 3.29933E-2 3.0399E-2 3.25142E-2 3.17997E-2 3.27687E-2 3.53697E-2 3.71683E-2 4.0107E-2 4.22274E-2 4.09093E-2 4.07037E-2 3.83841E-2 3.56578E-2 3.46132E-2 3.35964E-2 3.45984E-2 3.70517E-2 3.87365E-2 3.93161E-2 4.08987E-2 4.21197E-2 4.27425E-2 4.32107E-2 4.06172E-2 3.94349E-2 3.81718E-2 3.6361E-2 3.81581E-2 4.01818E-2 4.06557E-2 3.63642E-2 3.81006E-2 3.76681E-2 3.93305E-2 4.09738E-2 4.38816E-2 4.0849E-2 3.94437E-2 3.74683E-2 3.45205E-2 3.4356E-2 3.97439E-2 4.27229E-2 3.87399E-2 3.97695E-2 4.47163E-2 4.3816E-2 4.37442E-2 4.1708E-2 3.90242E-2 4.33069E-2 4.41485E-2 4.24321E-2 4.80804E-2 4.76411E-2
3.77159E-2 3.74371E-2 3.66124E-2 3.3995E-2 3.22739E-2 3.29983E-2 3.4764E-2 3.25256E-2 3.45147E-2 3.67029E-2 3.68971E-2 3.60909E-2 3.53004E-2 3.92272E-2 4.22274E-2 4.16058E-2 4.01064E-2 3.69967E-2 3.53834E-2 3.23766E-2 2.82717E-2 2.935E-2 3.09278E-2 3.31505E-2 3.70646E-2 4.10939E-2 4.21197E-2 4.27425E-2 4.18153E-2 3.80388E-2 3.75356E-2 3.75817E-2 3.57608E-2 3.88653E-2 4.24082E-2 4.33588E-2 3.98121E-2 4.13348E-2 4.41047E-2 4.37604E-2 4.46893E-2 4.12996E-2 4.08257E-2 4.00748E-2 3.94774E-2 4.03378E-2 4.35758E-2 4.5633E-2 4.56765E-2 4.50231E-2 4.54666E-2 3.96155E-2 4.17602E-2 3.71806E-2 3.81297E-2 3.57686E-2 3.89069E-2 3.65405E-2 3.45084E-2 3.84609E-2 4.75393E-2
3.88475E-2 3.88475E-2 3.88475E-2 3.85605E-2 3.85638E-2 3.91369E-2 3.82775E-2 3.7441E-2 3.74442E-2 3.74442E-2 3.82838E-2 3.88529E-2 3.85696E-2 4.0699E-2 4.13019E-2 4.01064E-2 3.5129E-2 2.98185E-2 3.02462E-2 2.80521E-2 2.7777E-2 2.95726E-2 3.49234E-2 3.57195E-2 3.70816E-2 3.9435E-2 4.00208E-2 4.06145E-2 3.83737E-2 3.5081E-2 3.38216E-2 3.78048E-2 3.88653E-2 4.06485E-2 4.30825E-2 4.33895E-2 4.29211E-2 4.26048E-2 4.31349E-2 4.07315E-2 4.275E-2 4.47093E-2 4.15055E-2 3.81774E-2 3.91407E-2 4.33366E-2 4.10753E-2 4.37033E-2 4.50183E-2 3.81538E-2 4.29513E-2 4.20672E-2 3.75474E-2 4.12581E-2 3.91991E-2 3.74393E-2 3.50512E-2 3.39323E-2 3.84729E-2 4.41703E-2 4.34773E-2
4.06981E-2 3.97235E-2 3.94248E-2 4.00099E-2 4.09101E-2 4.06062E-2 4.06062E-2 4.03065E-2 3.94231E-2 3.88498E-2 4.01041E-2 3.95199E-2 3.72601E-2 3.7807E-2 3.92272E-2 3.56383E-2 3.35936E-2 2.89054E-2 3.04632E-2 3.11671E-2 3.23526E-2 3.38397E-2 3.8456E-2 4.01977E-2 4.09063E-2 4.18124E-2 4.27396E-2 4.12162E-2 4.02651E-2 3.89021E-2 3.75638E-2 4.00198E-2 4.08712E-2 4.26211E-2 4.37946E-2 4.44329E-2 4.43855E-2 4.40607E-2 4.18397E-2 4.19047E-2 4.47897E-2 4.23626E-2 3.85059E-2 3.73648E-2 3.70535E-2 3.70862E-2 3.76577E-2 4.78294E-2 4.47085E-2 3.82572E-2 3.35154E-2 3.21357E-2 3.50973E-2 3.28403E-2 3.46666E-2 3.32081E-2 3.09916E-2 3.06769E-2 3.66734E-2 4.46483E-2 4.18662E-2
4.06944E-2 3.97165E-2 4.13016E-2 4.19133E-2 4.09067E-2 4.15155E-2 4.12071E-2 4.03065E-2 3.91358E-2 3.89349E-2 3.91369E-2 3.67091E-2 3.38342E-2 3.21167E-2 3.48469E-2 3.51149E-2 3.21196E-2 3.21196E-2 3.25982E-2 3.35936E-2 3.43455E-2 3.9026E-2 4.20055E-2 4.30528E-2 4.27396E-2 4.24308E-2 4.33707E-2 4.33707E-2 4.25672E-2 3.9972E-2 3.97241E-2 4.23102E-2 4.38997E-2 4.26272E-2 4.44168E-2 4.30715E-2 4.31573E-2 4.35084E-2 4.16387E-2 4.07008E-2 4.2602E-2 4.55772E-2 4.03906E-2 3.70262E-2 3.85213E-2 3.99464E-2 4.69327E-2 4.67891E-2 4.43919E-2 3.98873E-2 3.63648E-2 3.31187E-2 3.16842E-2 2.95479E-2 3.18918E-2 3.43743E-2 3.91574E-2 4.20693E-2 4.04622E-2 3.97047E-2 3.55454E-2
3.86421E-2 3.53537E-2 3.68833E-2 4.13016E-2 4.09949E-2 4.25401E-2 4.12071E-2 4.12987E-2 3.8375E-2 3.86458E-2 3.69784E-2 3.21167E-2 3.56253E-2 3.21167E-2 3.25861E-2 3.09278E-2 3.56281E-2 3.80848E-2 3.83703E-2 3.546E-2 3.16133E-2 3.57167E-2 4.04877E-2 4.24255E-2 4.21169E-2 4.00208E-2 4.35357E-2 4.41295E-2 4.37977E-2 4.19938E-2 4.02651E-2 4.08712E-2 4.4232E-2 4.38997E-2 4.1975E-2 3.81452E-2 3.48257E-2 3.79451E-2 3.55741E-2 3.50665E-2 3.79873E-2 4.10557E-2 4.5499E-2 4.59505E-2 4.7136E-2 4.70647E-2 4.70059E-2 4.48515E-2 4.40674E-2 3.99006E-2 3.33131E-2 3.43796E-2 3.06526E-2 3.15515E-2 3.80751E-2 4.26581E-2 4.42431E-2 3.96962E-2 3.44756E-2 3.098E-2 2.75306E-2
3.95114E-2 3.83566E-2 3.45699E-2 3.92212E-2 3.86423E-2 4.25331E-2 4.2221E-2 3.80862E-2 3.48548E-2 3.83633E-2 3.7804E-2 3.51092E-2 3.11672E-2 3.25833E-2 2.95556E-2 2.95584E-2 3.21012E-2 3.46532E-2 3.80848E-2 3.93105E-2 3.81767E-2 3.46893E-2 3.52098E-2 3.59912E-2 3.63554E-2 3.5317E-2 4.00708E-2 4.35357E-2 4.32083E-2 4.14277E-2 3.7817E-2 3.98111E-2 4.33087E-2 4.38979E-2 4.28518E-2 3.73597E-2 3.52084E-2 3.68127E-2 3.65197E-2 3.60682E-2 3.42664E-2 3.75448E-2 4.17111E-2 4.56523E-2 4.39051E-2 4.0384E-2 4.30282E-2 4.30243E-2 4.09093E-2 3.86097E-2 3.3621E-2 3.05364E-2 3.14112E-2 3.09672E-2 3.87908E-2 3.84023E-2 3.40238E-2 3.03667E-2 3.04522E-2 3.24856E-2 3.06602E-2
3.48243E-2 3.56091E-2 4.00989E-2 3.75154E-2 3.98045E-2 4.25331E-2 4.12952E-2 3.40717E-2 3.53607E-2 3.53639E-2 3.4587E-2 3.25803E-2 3.33326E-2 3.21167E-2 3.21167E-2 3.11672E-2 3.2652E-2 3.7049E-2 3.95991E-2 3.67941E-2 3.93105E-2 3.93105E-2 3.70755E-2 3.47889E-2 3.4792E-2 3.7239E-2 4.09253E-2 4.2052E-2 4.03174E-2 3.94744E-2 3.95632E-2 4.1832E-2 4.24037E-2 4.2406E-2 4.12867E-2 3.93963E-2 3.8471E-2 3.91373E-2 3.96155E-2 3.78372E-2 3.83657E-2 4.02473E-2 4.12575E-2 4.27998E-2 4.38604E-2 3.74025E-2 3.58585E-2 3.86701E-2 3.65693E-2 3.64396E-2 3.59707E-2 3.21156E-2 3.02093E-2 3.28207E-2 3.9479E-2 3.66843E-2 3.31943E-2 2.89567E-2 2.80624E-2 2.9532E-2 3.07999E-2
3.30505E-2 2.97599E-2 3.43084E-2 3.66844E-2 3.92212E-2 4.25331E-2 3.97998E-2 3.25738E-2 3.4838E-2 3.50926E-2 3.77995E-2 3.66968E-2 3.58968E-2 3.38342E-2 3.21167E-2 3.00295E-2 2.9407E-2 3.54488E-2 3.90181E-2 3.84723E-2 3.84723E-2 3.93105E-2 3.90453E-2 3.96249E-2 3.38436E-2 3.3097E-2 3.64303E-2 3.75299E-2 3.72635E-2 3.72635E-2 3.93374E-2 4.15932E-2 4.06732E-2 3.84782E-2 3.77814E-2 3.92672E-2 3.92841E-2 4.02785E-2 3.94464E-2 3.78885E-2 3.85765E-2 4.00938E-2 3.76112E-2 3.38715E-2 3.462E-2 4.2016E-2 3.71185E-2 3.14953E-2 3.15635E-2 3.21361E-2 3.15866E-2 3.26172E-2 3.62551E-2 3.76201E-2 3.26195E-2 3.20236E-2 3.24852E-2 3.18941E-2 3.07922E-2 3.23154E-2 3.05151E-2
3.4559E-2 3.18374E-2 2.97599E-2 3.30505E-2 3.53769E-2 3.86456E-2 3.6424E-2 3.21193E-2 2.8899E-2 3.04415E-2 3.61499E-2 3.53872E-2 3.48809E-2 3.13835E-2 2.95724E-2 2.98134E-2 2.89044E-2 3.46704E-2 3.46881E-2 3.2441E-2 3.81835E-2 3.933E-2 3.74453E-2 3.78206E-2 3.40328E-2 2.79679E-2 2.67617E-2 2.53717E-2 3.1416E-2 3.54278E-2 3.82803E-2 4.10319E-2 3.84782E-2 3.42065E-2 3.43231E-2 3.7269E-2 3.63764E-2 3.66032E-2 3.61067E-2 3.40107E-2 3.32606E-2 3.75121E-2 3.64004E-2 3.18192E-2 3.00849E-2 3.86078E-2 4.27288E-2 3.96032E-2 3.37166E-2 2.79087E-2 3.01805E-2 3.70891E-2 3.26335E-2 3.04117E-2 3.26208E-2 2.75795E-2 2.88985E-2 3.1389E-2 3.31235E-2 3.28697E-2 3.6264E-2
3.23401E-2 3.40779E-2 3.38277E-2 3.61734E-2 3.61794E-2 3.41003E-2 3.30963E-2 3.1414E-2 2.74201E-2 3.25898E-2 3.67155E-2 3.6991E-2 3.72697E-2 3.48809E-2 3.17026E-2 3.14057E-2 3.23902E-2 3.31915E-2 3.05497E-2 3.12586E-2 3.67987E-2 3.79844E-2 3.58122E-2 3.8643E-2 3.69763E-2 3.23767E-2 2.74824E-2 2.51025E-2 2.65926E-2 2.98096E-2 3.46295E-2 4.19086E-2 3.9582E-2 3.52453E-2 3.45456E-2 3.77267E-2 3.47901E-2 3.05641E-2 3.16653E-2 3.28078E-2 3.59398E-2 3.62098E-2 3.59351E-2 3.34537E-2 3.62947E-2 4.11902E-2 4.09275E-2 3.72817E-2 3.70008E-2 3.08973E-2 3.26489E-2 3.41953E-2 2.78427E-2 2.83319E-2 2.81263E-2 2.72905E-2 2.8364E-2 2.98675E-2 2.94599E-2 3.15301E-2 3.65358E-2
2.73991E-2 3.43965E-2 3.73368E-2 3.81024E-2 3.69905E-2 3.214E-2 2.95774E-2 2.72241E-2 2.76185E-2 3.28936E-2 3.7616E-2 3.4174E-2 3.26735E-2 3.54487E-2 3.70674E-2 3.70674E-2 3.59947E-2 3.22118E-2 3.17319E-2 3.19578E-2 3.39773E-2 3.60685E-2 3.34974E-2 3.33308E-2 3.33308E-2 3.61501E-2 3.46556E-2 3.12264E-2 2.47914E-2 2.38929E-2 2.84817E-2 4.2572E-2 4.05133E-2 3.35901E-2 2.90346E-2 3.3919E-2 3.76459E-2 3.1891E-2 2.7365E-2 2.887E-2 3.40066E-2 3.53163E-2 3.42125E-2 3.58128E-2 3.92426E-2 3.86167E-2 3.49753E-2 2.85595E-2 3.14799E-2 2.75664E-2 2.95339E-2 3.06663E-2 3.00907E-2 3.09392E-2 2.89392E-2 3.22646E-2 2.88167E-2 3.08466E-2 3.33518E-2 3.71124E-2 3.87918E-2
3.07454E-2 3.26533E-2 3.70608E-2 3.90362E-2 3.72642E-2 3.46872E-2 3.21861E-2 3.00187E-2 2.79832E-2 3.14587E-2 3.36667E-2 3.29093E-2 3.14547E-2 3.00508E-2 3.4938E-2 3.76215E-2 3.317E-2 3.12124E-2 2.96121E-2 2.90212E-2 3.37135E-2 3.68728E-2 3.56365E-2 3.14177E-2 3.18622E-2 3.41405E-2 3.00873E-2 2.80837E-2 2.98096E-2 2.50334E-2 3.09449E-2 4.11241E-2 3.72558E-2 2.84736E-2 2.46642E-2 2.90618E-2 3.76513E-2 3.6533E-2 3.28742E-2 2.93952E-2 3.09954E-2 3.26176E-2 3.19455E-2 3.31249E-2 3.50978E-2 3.56524E-2 3.20544E-2 2.63897E-2 2.77493E-2 2.77315E-2 2.64055E-2 2.78846E-2 3.2105E-2 3.8805E-2 3.39713E-2 3.44223E-2 3.71758E-2 3.8127E-2 3.93322E-2 3.89052E-2 3.69566E-2
3.41545E-2 3.59801E-2 3.57184E-2 3.51908E-2 3.59806E-2 3.46695E-2 3.54479E-2 3.467E-2 3.67889E-2 3.52087E-2 3.28608E-2 3.18603E-2 3.30996E-2 3.65337E-2 3.49588E-2 3.57372E-2 3.52296E-2 3.13815E-2 2.98161E-2 2.93553E-2 2.917E-2 3.71401E-2 3.48246E-2 2.90873E-2 3.16682E-2 3.26368E-2 2.60061E-2 2.1605E-2 2.2812E-2 2.98294E-2 3.86533E-2 4.02652E-2 3.59864E-2 2.95624E-2 2.59741E-2 2.68207E-2 3.57549E-2 3.55024E-2 3.25067E-2 2.72288E-2 2.99885E-2 2.93312E-2 3.01726E-2 2.94219E-2 3.34135E-2 3.34183E-2 3.10586E-2 2.94826E-2 2.796E-2 2.75826E-2 2.98026E-2 3.23305E-2 4.02439E-2 4.24851E-2 4.03643E-2 3.99956E-2 3.57548E-2 3.71818E-2 3.94314E-2 3.63356E-2 3.46892E-2
3.90356E-2 3.84629E-2 3.76206E-2 3.49365E-2 3.07657E-2 3.14582E-2 3.339E-2 3.76155E-2 3.93258E-2 3.87528E-2 3.76337E-2 3.79065E-2 3.70802E-2 3.87528E-2 3.87528E-2 3.93299E-2 3.90893E-2 3.41996E-2 3.02726E-2 3.27089E-2 3.372E-2 3.26983E-2 3.11487E-2 3.16682E-2 2.96107E-2 2.85142E-2 2.62376E-2 2.04313E-2 2.2653E-2 2.98294E-2 4.00204E-2 4.08166E-2 3.60718E-2 3.09357E-2 2.57465E-2 2.87692E-2 3.28278E-2 3.21543E-2 3.04849E-2 2.51663E-2 2.68635E-2 2.57448E-2 2.83261E-2 3.17761E-2 2.98281E-2 3.0617E-2 2.74413E-2 2.9781E-2 2.69332E-2 2.74037E-2 2.817E-2 2.9484E-2 3.6322E-2 4.07109E-2 2.9634E-2 3.31862E-2 3.0802E-2 3.12393E-2 3.72083E-2 3.24376E-2 3.45891E-2
3.96175E-2 3.93249E-2 3.93249E-2 3.81824E-2 3.26479E-2 2.86823E-2 3.31476E-2 3.76212E-2 3.90369E-2 3.93295E-2 3.93295E-2 3.87524E-2 3.93299E-2 3.90452E-2 3.99236E-2 3.99236E-2 3.99236E-2 3.8274E-2 3.66331E-2 3.62809E-2 3.73282E-2 3.45464E-2 3.05887E-2 3.1619E-2 2.71771E-2 2.50028E-2 2.02168E-2 2.08931E-2 2.31357E-2 3.02857E-2 4.06596E-2 3.94683E-2 3.58399E-2 2.99474E-2 2.68906E-2 2.70617E-2 2.85321E-2 2.64044E-2 2.68635E-2 2.87776E-2 2.57515E-2 2.77138E-2 2.80132E-2 2.93718E-2 3.07802E-2 2.67751E-2 2.76099E-2 2.87619E-2 3.01766E-2 3.31888E-2 3.03567E-2 3.24544E-2 3.78906E-2 3.68767E-2 2.95879E-2 3.03254E-2 3.03861E-2 3.00332E-2 3.1889E-2 3.3464E-2 3.11234E-2
4.05821E-2 4.02826E-2 4.02826E-2 3.93249E-2 3.81824E-2 3.73481E-2 3.73481E-2 3.96182E-2 3.93295E-2 4.02264E-2 4.02264E-2 4.02264E-2 4.02264E-2 4.02267E-2 3.99236E-2 3.99236E-2 3.99236E-2 3.96248E-2 3.87987E-2 3.55592E-2 3.57895E-2 3.65501E-2 3.49313E-2 2.99874E-2 2.73786E-2 2.37463E-2 2.34943E-2 2.62089E-2 2.55246E-2 3.71033E-2 4.26103E-2 3.5094E-2 3.03427E-2 2.81351E-2 2.55679E-2 2.75841E-2 2.6145E-2 2.45248E-2 2.42901E-2 2.85656E-2 2.69627E-2 2.62431E-2 2.97429E-2 3.2962E-2 3.09842E-2 3.47382E-2 2.98155E-2 2.94201E-2 3.40758E-2 3.11975E-2 3.55676E-2 3.48621E-2 3.54912E-2 4.00796E-2 3.68662E-2 3.50687E-2 3.40302E-2 3.2745E-2 3.20365E-2 3.09814E-2 3.19965E-2
4.02817E-2 4.02826E-2 4.02826E-2 3.99858E-2 3.99858E-2 3.96176E-2 3.96176E-2 4.05333E-2 4.02259E-2 3.93295E-2 4.02264E-2 4.02264E-2 3.99233E-2 3.96245E-2 3.99236E-2 3.99236E-2 3.99236E-2 3.93842E-2 3.85514E-2 3.78406E-2 3.67032E-2 3.33965E-2 3.59608E-2 3.02462E-2 2.86896E-2 2.7364E-2 2.25265E-2 2.597E-2 3.46853E-2 4.56663E-2 4.16747E-2 3.16929E-2 2.98939E-2 2.87338E-2 2.47075E-2 2.53336E-2 2.81054E-2 2.99275E-2 2.94487E-2 3.0864E-2 3.53993E-2 3.76731E-2 3.61612E-2 3.15026E-2 2.66892E-2 3.65186E-2 3.64655E-2 3.69305E-2 3.46156E-2 3.28935E-2 3.47585E-2 4.03385E-2 4.01424E-2 3.73003E-2 3.62375E-2 3.13367E-2 3.42778E-2 3.41208E-2 3.66313E-2 3.45337E-2 3.38552E-2
4.08444E-2 4.08444E-2 4.08451E-2 4.05333E-2 4.05326E-2 4.05326E-2 4.05333E-2 4.02259E-2 4.02259E-2 4.02259E-2 4.02264E-2 4.07769E-2 4.07769E-2 3.99233E-2 3.93842E-2 3.91772E-2 3.81243E-2 3.68221E-2 3.583E-2 3.55812E-2 3.70206E-2 3.54278E-2 3.31801E-2 3.24338E-2 3.24338E-2 3.04966E-2 2.46935E-2 3.07806E-2 4.29311E-2 4.82036E-2 3.75107E-2 3.15118E-2 3.02829E-2 2.77957E-2 2.89428E-2 3.00756E-2 2.71623E-2 2.92466E-2 3.19217E-2 3.16674E-2 2.96578E-2 2.88022E-2 3.30948E-2 3.70211E-2 3.12832E-2 3.86269E-2 2.98286E-2 3.4888E-2 4.10352E-2 3.95743E-2 4.30207E-2 3.71624E-2 3.92325E-2 3.5574E-2 3.40832E-2 3.52553E-2 3.51067E-2 3.68995E-2 4.06585E-2 3.81979E-2 3.85453E-2
4.08444E-2 4.08444E-2 4.08451E-2 4.05333E-2 4.05326E-2 4.05326E-2 4.05333E-2 4.02259E-2 4.07764E-2 4.07764E-2 4.07769E-2 4.07769E-2 4.02264E-2 3.91769E-2 3.66088E-2 3.53264E-2 3.25417E-2 3.18023E-2 3.06364E-2 2.9717E-2 3.09417E-2 3.26644E-2 3.02016E-2 2.81623E-2 2.88753E-2 3.39607E-2 2.90799E-2 2.97303E-2 4.14682E-2 4.98225E-2 4.20265E-2 3.22654E-2 3.10208E-2 3.02263E-2 3.10433E-2 2.90667E-2 2.69757E-2 2.78908E-2 2.79674E-2 2.81107E-2 2.56005E-2 2.96712E-2 3.35807E-2 2.95745E-2 3.15982E-2 3.9113E-2 3.73777E-2 3.6734E-2 3.66445E-2 3.94969E-2 3.66249E-2 3.71598E-2 3.84647E-2 3.50053E-2 3.50317E-2 3.60553E-2 3.79219E-2 3.59829E-2 3.88421E-2 3.295E-2 3.32233E-2
4.18177E-2 4.14965E-2 4.08444E-2 4.11805E-2 4.05326E-2 4.02252E-2 4.07757E-2 4.07764E-2 4.07764E-2 4.07764E-2 4.02259E-2 3.96829E-2 3.63278E-2 3.32708E-2 3.01758E-2 2.86025E-2 2.75462E-2 2.74673E-2 2.87565E-2 3.05606E-2 3.26901E-2 3.23448E-2 3.16007E-2 3.30709E-2 3.06587E-2 2.99356E-2 3.21986E-2 3.41114E-2 4.11602E-2 5.11888E-2 4.72414E-2 3.86983E-2 3.43355E-2 3.15007E-2 3.06322E-2 3.52804E-2 3.29011E-2 3.24669E-2 3.12974E-2 3.05096E-2 3.05882E-2 3.19019E-2 3.30357E-2 3.70026E-2 3.85995E-2 4.42816E-2 4.7689E-2 4.58628E-2 4.31097E-2 4.27359E-2 4.14139E-2 3.57001E-2 3.65197E-2 3.2405E-2 4.21571E-2 4.41068E-2 4.1428E-2 4.23192E-2 3.89411E-2 3.56528E-2 3.57706E-2
4.18177E-2 4.14965E-2 4.11798E-2 4.11798E-2 4.05333E-2 4.17438E-2 4.10879E-2 4.17438E-2 4.05333E-2 3.89381E-2 3.45315E-2 3.13255E-2 2.94847E-2 2.67169E-2 2.59111E-2 2.63087E-2 2.86025E-2 3.0802E-2 3.37222E-2 3.65802E-2 4.19762E-2 4.70262E-2 5.00513E-2 5.00513E-2 4.54846E-2 4.36173E-2 3.97956E-2 3.93962E-2 4.44231E-2 4.94977E-2 5.02323E-2 4.14648E-2 3.98944E-2 4.01442E-2 3.96011E-2 4.01458E-2 4.09968E-2 4.19564E-2 4.0905E-2 3.98684E-2 3.8465E-2 3.30316E-2 2.982E-2 3.2785E-2 3.42311E-2 3.35374E-2 3.91301E-2 4.41563E-2 3.28803E-2 3.20401E-2 3.87026E-2 3.73112E-2 4.06597E-2 4.088E-2 3.7572E-2 3.81353E-2 3.7919E-2 3.93523E-2 3.72395E-2 3.77125E-2 3.68173E-2
4.18177E-2 4.14965E-2 4.2064E-2 4.14965E-2 4.14965E-2 4.00756E-2 3.71516E-2 3.71516E-2 3.30102E-2 2.96978E-2 2.77436E-2 2.65003E-2 2.47029E-2 2.36976E-2 2.62994E-2 2.77037E-2 2.63929E-2 3.55668E-2 4.75442E-2 5.35617E-2 5.576E-2 5.69381E-2 5.73369E-2 5.58827E-2 5.4004E-2 5.1485E-2 4.91932E-2 4.66067E-2 4.26516E-2 3.92683E-2 4.16019E-2 4.1911E-2 4.83722E-2 4.74151E-2 5.09825E-2 4.74565E-2 4.34297E-2 3.86644E-2 3.17623E-2 3.14859E-2 3.27195E-2 2.88895E-2 2.88152E-2 2.98521E-2 2.8688E-2 3.07519E-2 3.00839E-2 3.95491E-2 3.84519E-2 3.07233E-2 3.69951E-2 4.27379E-2 3.954E-2 3.55259E-2 3.28351E-2 3.23369E-2 3.15111E-2 3.48735E-2 3.52845E-2 3.3587E-2 3.34002E-2
4.18168E-2 4.00741E-2 3.95332E-2 3.76614E-2 3.50346E-2 2.96972E-2 2.8373E-2 2.71032E-2 2.49217E-2 2.34306E-2 2.47193E-2 2.50633E-2 2.63927E-2 2.70103E-2 2.43317E-2 2.8096E-2 4.03445E-2 4.62069E-2 5.42852E-2 5.80222E-2 5.88852E-2 5.6959E-2 5.54878E-2 5.54275E-2 5.33315E-2 4.95601E-2 4.26056E-2 3.64083E-2 4.12525E-2 3.54799E-2 3.5769E-2 3.50588E-2 3.85787E-2 3.99378E-2 4.91196E-2 3.57684E-2 3.18182E-2 3.01828E-2 3.02184E-2 2.80656E-2 2.96165E-2 2.97116E-2 3.13468E-2 3.50688E-2 2.95867E-2 3.62267E-2 3.09763E-2 4.10605E-2 3.16491E-2 3.07726E-2 3.32952E-2 3.7447E-2 3.65897E-2 3.21018E-2 3.41149E-2 3.58272E-2 3.18922E-2 3.35727E-2 3.30767E-2 3.2696E-2 3.27517E-2
4.06952E-2 3.64495E-2 3.35438E-2 3.06364E-2 2.5885E-2 2.54905E-2 2.51023E-2 2.25289E-2 2.21818E-2 2.39679E-2 2.5054E-2 2.72206E-2 3.20977E-2 3.36116E-2 3.19531E-2 3.60118E-2 5.25378E-2 5.73723E-2 5.72781E-2 4.94467E-2 4.49265E-2 4.1112E-2 4.14153E-2 4.69548E-2 4.69548E-2 4.09047E-2 3.71781E-2 3.67454E-2 3.57651E-2 3.4724E-2 3.21595E-2 3.55378E-2 3.57769E-2 3.49999E-2 4.81021E-2 3.38074E-2 3.67312E-2 3.55658E-2 3.00032E-2 3.20775E-2 3.01499E-2 3.54026E-2 3.14609E-2 3.38111E-2 4.08238E-2 4.43408E-2 3.91484E-2 4.22894E-2 4.21296E-2 4.37459E-2 4.16843E-2 4.41073E-2 4.247E-2 3.76236E-2 4.03988E-2 3.98727E-2 3.62458E-2 3.45861E-2 3.25521E-2 3.66638E-2 3.69256E-2
3.55217E-2 2.8619E-2 2.51016E-2 2.7537E-2 2.29094E-2 2.38018E-2 2.02005E-2 2.23439E-2 2.10972E-2 2.28697E-2 2.92723E-2 4.04028E-2 4.7187E-2 4.94309E-2 5.0101E-2 5.01016E-2 5.52537E-2 4.87842E-2 4.43793E-2 4.46514E-2 4.81307E-2 4.44228E-2 3.8209E-2 4.12525E-2 4.18171E-2 4.03946E-2 3.92002E-2 3.45674E-2 3.70291E-2 3.37807E-2 3.24E-2 3.61077E-2 4.11317E-2 4.64746E-2 4.77486E-2 5.19594E-2 5.02031E-2 4.72143E-2 4.56177E-2 4.55428E-2 4.6932E-2 5.04721E-2 4.36253E-2 4.47309E-2 4.45204E-2 3.52366E-2 3.23051E-2 4.10322E-2 3.53442E-2 4.04706E-2 3.75036E-2 3.8078E-2 3.70491E-2 3.5139E-2 3.40038E-2 3.88099E-2 3.33775E-2 3.26628E-2 3.31482E-2 3.4313E-2 3.60572E-2
