Artocarpus heterophyllus SDM files/Last interglacial/results (with bias file)/Arthet_1.asc
ncols         625
nrows         721
xllcorner     69.99986311115
yllcorner     5.99986151914999
cellsize      0.041666667
NODATA_value  -9999
[rows 378 to 404 of 721, columns 61 to 121 of 625]
-9999 -9999 -9999 -9999 -9999 8.61386E-1 8.57768E-1 8.44343E-1 8.3439E-1 8.23129E-1 8.1482E-1 7.98626E-1 7.98378E-1 8.0361E-1 7.78094E-1 7.68842E-1 7.60543E-1 7.43286E-1 7.3246E-1 7.29604E-1 7.1095E-1 7.0272E-1 6.92447E-1 6.73451E-1 6.50195E-1 6.53836E-1 6.43198E-1 6.23026E-1 6.02019E-1 5.78871E-1 5.74294E-1 5.71482E-1 5.64436E-1 5.49426E-1 5.46421E-1 5.34163E-1 5.21448E-1 5.02677E-1 5.03074E-1 4.92349E-1 4.87999E-1 4.85889E-1 4.85155E-1 4.84063E-1 4.73037E-1 4.63561E-1 4.66756E-1 4.70084E-1 4.69586E-1 4.72975E-1 4.70579E-1 4.72811E-1 4.79677E-1 4.94988E-1 5.01055E-1 5.08139E-1 5.12192E-1 5.08724E-1 5.18992E-1 5.05583E-1 5.042E-1
-9999 -9999 -9999 -9999 8.69638E-1 8.61408E-1 8.56081E-1 8.51441E-1 8.33198E-1 8.22752E-1 8.16022E-1 8.04213E-1 8.02893E-1 8.01519E-1 7.9152E-1 7.7794E-1 7.68577E-1 7.41477E-1 7.30534E-1 7.27229E-1 7.09157E-1 6.9515E-1 6.92582E-1 6.76935E-1 6.64344E-1 6.51669E-1 6.40757E-1 6.16211E-1 5.90287E-1 5.73933E-1 5.68337E-1 5.55607E-1 5.54538E-1 5.44566E-1 5.35524E-1 5.29695E-1 5.17415E-1 5.05091E-1 4.94132E-1 4.88747E-1 4.85184E-1 4.82748E-1 4.8463E-1 4.79604E-1 4.73398E-1 4.64892E-1 4.71102E-1 4.71704E-1 4.63106E-1 4.65691E-1 4.72605E-1 4.78251E-1 4.77392E-1 4.97446E-1 5.05633E-1 5.05266E-1 5.02857E-1 5.09714E-1 5.22019E-1 5.14451E-1 5.0879E-1
-9999 -9999 -9999 -9999 8.68931E-1 8.63753E-1 8.55996E-1 8.49272E-1 8.29404E-1 8.17917E-1 8.21032E-1 8.0497E-1 7.95919E-1 7.81531E-1 7.79941E-1 7.68623E-1 7.56005E-1 7.38652E-1 7.31977E-1 7.04592E-1 6.9239E-1 6.77091E-1 6.77919E-1 6.63249E-1 6.50563E-1 6.55014E-1 6.40656E-1 6.10215E-1 5.94651E-1 5.77969E-1 5.63719E-1 5.49216E-1 5.41741E-1 5.41901E-1 5.28173E-1 5.22401E-1 5.06171E-1 5.00241E-1 4.94409E-1 4.89088E-1 4.83535E-1 4.78888E-1 4.84661E-1 4.82187E-1 4.8529E-1 4.7638E-1 4.7968E-1 4.71759E-1 4.66474E-1 4.68419E-1 4.70757E-1 4.71911E-1 4.81885E-1 4.97534E-1 4.98369E-1 4.9593E-1 4.96484E-1 5.00856E-1 5.11901E-1 5.15418E-1 5.12468E-1
-9999 -9999 -9999 -9999 8.70563E-1 8.68366E-1 8.58703E-1 8.47665E-1 8.39319E-1 8.27033E-1 8.21139E-1 8.10416E-1 8.05189E-1 7.90182E-1 7.76707E-1 7.59542E-1 7.41557E-1 7.35033E-1 7.44912E-1 7.12587E-1 6.94285E-1 6.77406E-1 6.67502E-1 6.66718E-1 6.54615E-1 6.46661E-1 6.27262E-1 6.14536E-1 6.06436E-1 5.78227E-1 5.65543E-1 5.51009E-1 5.38687E-1 5.24952E-1 5.19342E-1 5.12748E-1 5.07291E-1 4.97855E-1 4.93787E-1 4.87402E-1 4.78951E-1 4.77902E-1 4.77135E-1 4.78785E-1 4.83473E-1 4.82573E-1 4.77422E-1 4.80584E-1 4.79334E-1 4.78368E-1 4.70305E-1 4.66082E-1 4.76262E-1 4.91148E-1 4.8916E-1 4.85571E-1 4.90377E-1 4.95908E-1 5.00665E-1 5.10472E-1 5.12687E-1
-9999 -9999 -9999 -9999 8.76401E-1 8.71605E-1 8.71761E-1 8.39773E-1 8.31989E-1 8.33683E-1 8.26718E-1 8.06788E-1 7.98731E-1 8.01858E-1 7.92304E-1 7.70718E-1 7.40374E-1 7.40477E-1 7.4747E-1 7.3426E-1 7.09414E-1 6.83E-1 6.62706E-1 6.66334E-1 6.64508E-1 6.31661E-1 6.22786E-1 6.12502E-1 6.18824E-1 6.01473E-1 5.71016E-1 5.52369E-1 5.38296E-1 5.23615E-1 5.18243E-1 5.11702E-1 5.02159E-1 4.94288E-1 4.90494E-1 4.86619E-1 4.75461E-1 4.73098E-1 4.74306E-1 4.77535E-1 4.79121E-1 4.80973E-1 4.75733E-1 4.76843E-1 4.787E-1 4.81542E-1 4.79656E-1 4.73779E-1 4.79868E-1 4.84012E-1 4.82652E-1 4.77904E-1 4.8257E-1 4.89754E-1 4.92984E-1 5.07305E-1 5.11825E-1
-9999 -9999 -9999 -9999 8.8349E-1 8.79046E-1 8.77418E-1 8.45294E-1 8.43147E-1 8.42825E-1 8.29382E-1 8.17394E-1 8.14172E-1 7.92793E-1 8.00636E-1 7.83289E-1 7.53935E-1 7.40434E-1 7.31326E-1 7.34367E-1 7.27509E-1 7.09827E-1 6.97705E-1 6.82414E-1 6.59097E-1 6.29039E-1 6.30571E-1 6.11096E-1 6.12225E-1 6.09729E-1 5.88958E-1 5.66885E-1 5.51136E-1 5.27341E-1 5.1867E-1 5.11785E-1 5.03466E-1 4.97461E-1 4.90555E-1 4.8917E-1 4.76708E-1 4.74394E-1 4.75976E-1 4.76033E-1 4.78086E-1 4.7952E-1 4.79357E-1 4.81534E-1 4.78082E-1 4.80601E-1 4.81732E-1 4.81253E-1 4.84369E-1 4.82983E-1 4.8283E-1 4.82146E-1 4.84019E-1 4.8428E-1 4.98486E-1 5.02737E-1 5.11772E-1
-9999 -9999 -9999 -9999 8.89159E-1 8.82794E-1 8.78097E-1 8.62819E-1 8.47054E-1 8.49962E-1 8.43811E-1 8.22785E-1 8.27902E-1 8.14643E-1 8.07445E-1 7.85205E-1 7.67604E-1 7.39313E-1 7.43978E-1 7.24908E-1 7.178E-1 7.09758E-1 7.12624E-1 6.84779E-1 6.58386E-1 6.45795E-1 6.22363E-1 6.14744E-1 5.92021E-1 5.86275E-1 5.81541E-1 5.65153E-1 5.5399E-1 5.40387E-1 5.22879E-1 5.11172E-1 5.00514E-1 4.92214E-1 4.8202E-1 4.81578E-1 4.76402E-1 4.75914E-1 4.75099E-1 4.75894E-1 4.77423E-1 4.78374E-1 4.77523E-1 4.77754E-1 4.76675E-1 4.77046E-1 4.8067E-1 4.81735E-1 4.80533E-1 4.84879E-1 4.82671E-1 4.8828E-1 4.84333E-1 4.84638E-1 4.88109E-1 5.04173E-1 5.10484E-1
-9999 -9999 -9999 -9999 8.85493E-1 8.81275E-1 8.80779E-1 8.73616E-1 8.60296E-1 8.54284E-1 8.47201E-1 8.31277E-1 8.3211E-1 8.22516E-1 8.11418E-1 8.03236E-1 7.79942E-1 7.42162E-1 7.33532E-1 7.33981E-1 7.26315E-1 7.23802E-1 7.15082E-1 6.82958E-1 6.57824E-1 6.4016E-1 6.24942E-1 6.06879E-1 5.94673E-1 5.86662E-1 5.71998E-1 5.59831E-1 5.53183E-1 5.3753E-1 5.26822E-1 5.13952E-1 4.97365E-1 4.87887E-1 4.74551E-1 4.73872E-1 4.73718E-1 4.71281E-1 4.67252E-1 4.67845E-1 4.73968E-1 4.74862E-1 4.74594E-1 4.76339E-1 4.7928E-1 4.74427E-1 4.77371E-1 4.7638E-1 4.84614E-1 4.87453E-1 4.83045E-1 4.84331E-1 4.89527E-1 4.82961E-1 4.94861E-1 5.05807E-1 5.11068E-1
-9999 -9999 -9999 8.94314E-1 8.8887E-1 8.81275E-1 8.78983E-1 8.68204E-1 8.64461E-1 8.57406E-1 8.43741E-1 8.37588E-1 8.29171E-1 8.165E-1 8.17408E-1 8.04657E-1 7.90016E-1 7.5566E-1 7.38162E-1 7.39798E-1 7.27509E-1 7.19236E-1 7.04412E-1 6.87007E-1 6.69698E-1 6.51163E-1 6.35723E-1 6.18185E-1 6.02749E-1 5.9386E-1 5.77296E-1 5.59928E-1 5.57643E-1 5.43766E-1 5.35642E-1 5.16862E-1 4.93146E-1 4.84667E-1 4.8044E-1 4.7743E-1 4.68709E-1 4.65609E-1 4.61277E-1 4.64878E-1 4.65655E-1 4.73349E-1 4.73505E-1 4.73462E-1 4.75817E-1 4.70333E-1 4.7544E-1 4.72792E-1 4.77836E-1 4.82642E-1 4.82436E-1 4.80711E-1 4.78179E-1 4.88111E-1 4.92134E-1 5.05644E-1 5.08024E-1
-9999 -9999 -9999 9.01681E-1 8.90262E-1 8.87104E-1 8.8308E-1 8.70568E-1 8.68807E-1 8.52838E-1 8.44064E-1 8.35434E-1 8.2562E-1 8.23881E-1 8.13501E-1 8.10798E-1 7.91439E-1 7.85947E-1 7.68479E-1 7.40013E-1 7.44856E-1 7.3594E-1 7.20161E-1 7.07988E-1 6.92565E-1 6.69232E-1 6.47715E-1 6.32669E-1 6.0932E-1 5.94998E-1 5.78191E-1 5.6446E-1 5.57413E-1 5.49916E-1 5.38217E-1 5.18666E-1 4.89563E-1 4.8442E-1 4.80176E-1 4.77931E-1 4.73343E-1 4.59673E-1 4.60937E-1 4.57979E-1 4.58407E-1 4.6772E-1 4.63029E-1 4.72155E-1 4.74879E-1 4.69606E-1 4.71432E-1 4.7306E-1 4.78371E-1 4.79244E-1 4.84922E-1 4.80487E-1 4.81115E-1 4.88564E-1 4.91505E-1 5.0255E-1 5.04246E-1
-9999 -9999 9.03687E-1 9.01681E-1 8.94419E-1 8.92431E-1 8.8308E-1 8.74515E-1 8.681E-1 8.49076E-1 8.45E-1 8.36164E-1 8.27509E-1 8.23158E-1 8.24439E-1 8.11094E-1 7.94581E-1 7.8107E-1 7.77071E-1 7.5873E-1 7.48493E-1 7.40039E-1 7.18517E-1 7.0312E-1 6.87034E-1 6.70418E-1 6.53993E-1 6.46468E-1 6.31649E-1 6.08818E-1 5.8739E-1 5.79203E-1 5.71968E-1 5.56789E-1 5.36958E-1 5.12683E-1 4.94642E-1 4.88333E-1 4.81401E-1 4.76331E-1 4.67083E-1 4.59703E-1 4.59088E-1 4.56935E-1 4.56124E-1 4.58558E-1 4.59552E-1 4.6756E-1 4.69911E-1 4.71724E-1 4.67573E-1 4.70856E-1 4.76808E-1 4.80141E-1 4.79714E-1 4.83174E-1 4.80849E-1 4.84911E-1 4.86116E-1 4.98754E-1 5.00577E-1
-9999 -9999 9.03426E-1 9.05331E-1 8.97952E-1 8.92431E-1 8.86821E-1 8.76934E-1 8.74549E-1 8.62191E-1 8.43511E-1 8.418E-1 8.33408E-1 8.19875E-1 8.13484E-1 8.09708E-1 7.97716E-1 7.80649E-1 7.64069E-1 7.38968E-1 7.37058E-1 7.45244E-1 7.23026E-1 7.06528E-1 6.74494E-1 6.56461E-1 6.31758E-1 6.26353E-1 6.09798E-1 6.06004E-1 5.90167E-1 5.8095E-1 5.7121E-1 5.52111E-1 5.28027E-1 5.09014E-1 4.93777E-1 4.86338E-1 4.74499E-1 4.6908E-1 4.65876E-1 4.65107E-1 4.6227E-1 4.5636E-1 4.56221E-1 4.63263E-1 4.54653E-1 4.58393E-1 4.64834E-1 4.67812E-1 4.71515E-1 4.6783E-1 4.71761E-1 4.73641E-1 4.79033E-1 4.85333E-1 4.82874E-1 4.81865E-1 4.80477E-1 4.93054E-1 4.98897E-1
-9999 -9999 -9999 9.03687E-1 8.97952E-1 8.96001E-1 8.91047E-1 8.78691E-1 8.72484E-1 8.67593E-1 8.56133E-1 8.41135E-1 8.36576E-1 8.25188E-1 8.15916E-1 8.08394E-1 7.96999E-1 7.85454E-1 7.71049E-1 7.54952E-1 7.49036E-1 7.39509E-1 7.23678E-1 7.15434E-1 6.90732E-1 6.67465E-1 6.39885E-1 6.36422E-1 6.18453E-1 6.12607E-1 5.99964E-1 5.8937E-1 5.60862E-1 5.41909E-1 5.28116E-1 5.04081E-1 4.88682E-1 4.83473E-1 4.76251E-1 4.67297E-1 4.66271E-1 4.628E-1 4.62345E-1 4.56392E-1 4.54992E-1 4.53867E-1 4.52899E-1 4.55456E-1 4.58551E-1 4.65099E-1 4.68078E-1 4.64542E-1 4.68301E-1 4.73807E-1 4.77203E-1 4.83131E-1 4.87313E-1 4.82441E-1 4.82967E-1 4.8626E-1 4.93316E-1
-9999 -9999 -9999 9.06882E-1 9.01681E-1 8.9977E-1 8.91322E-1 8.78398E-1 8.74869E-1 8.65764E-1 8.56902E-1 8.46442E-1 8.32006E-1 8.2008E-1 8.17643E-1 8.05365E-1 7.93162E-1 7.86794E-1 7.77148E-1 7.63976E-1 7.51438E-1 7.27551E-1 7.11033E-1 7.09151E-1 6.96435E-1 6.61632E-1 6.48104E-1 6.23343E-1 6.06516E-1 6.02144E-1 6.04659E-1 5.97782E-1 5.75906E-1 5.5262E-1 5.28402E-1 5.15281E-1 5.035E-1 4.83721E-1 4.7611E-1 4.68385E-1 4.6508E-1 4.62195E-1 4.6032E-1 4.6049E-1 4.5202E-1 4.50612E-1 4.5253E-1 4.55191E-1 4.56542E-1 4.5944E-1 4.6447E-1 4.60023E-1 4.62249E-1 4.65009E-1 4.73549E-1 4.81699E-1 4.79984E-1 4.87653E-1 4.86897E-1 4.85385E-1 4.86512E-1
-9999 -9999 -9999 -9999 9.05331E-1 9.01637E-1 8.95718E-1 8.80881E-1 8.764E-1 8.66309E-1 8.58282E-1 8.38796E-1 8.36805E-1 8.26875E-1 8.17643E-1 8.10848E-1 7.98772E-1 7.83634E-1 7.73944E-1 7.57824E-1 7.49486E-1 7.39809E-1 7.16828E-1 7.15312E-1 7.05124E-1 6.72142E-1 6.56425E-1 6.46572E-1 6.11426E-1 6.03998E-1 6.14481E-1 5.89984E-1 5.59995E-1 5.47848E-1 5.27958E-1 5.09557E-1 5.02166E-1 4.91567E-1 4.83209E-1 4.69799E-1 4.65795E-1 4.60814E-1 4.60241E-1 4.57867E-1 4.55046E-1 4.50074E-1 4.5318E-1 4.53208E-1 4.57615E-1 4.60828E-1 4.62547E-1 4.60798E-1 4.63481E-1 4.59293E-1 4.6584E-1 4.70913E-1 4.76731E-1 4.84469E-1 4.85732E-1 4.86913E-1 4.88456E-1
-9999 -9999 -9999 -9999 9.07126E-1 9.05288E-1 8.99232E-1 8.86821E-1 8.78454E-1 8.69409E-1 8.64028E-1 8.47837E-1 8.36805E-1 8.23697E-1 8.22285E-1 8.0662E-1 7.8993E-1 7.801E-1 7.73918E-1 7.62773E-1 7.56607E-1 7.4051E-1 7.22972E-1 7.17151E-1 7.07803E-1 6.95274E-1 6.5367E-1 6.30574E-1 6.07452E-1 6.22488E-1 6.10055E-1 5.82894E-1 5.58446E-1 5.48521E-1 5.28928E-1 5.08548E-1 5.02293E-1 4.86041E-1 4.89138E-1 4.84096E-1 4.74463E-1 4.6735E-1 4.64658E-1 4.58029E-1 4.56265E-1 4.50434E-1 4.51316E-1 4.55025E-1 4.54674E-1 4.58868E-1 4.54471E-1 4.61825E-1 4.60544E-1 4.63969E-1 4.62006E-1 4.71208E-1 4.71965E-1 4.79556E-1 4.82838E-1 4.8377E-1 4.9246E-1
-9999 -9999 -9999 -9999 9.07126E-1 9.05288E-1 8.98707E-1 8.91322E-1 8.85744E-1 8.70625E-1 8.6334E-1 8.37541E-1 8.30265E-1 8.25341E-1 8.17882E-1 8.07928E-1 7.98222E-1 7.88602E-1 7.77455E-1 7.66178E-1 7.55484E-1 7.29291E-1 7.26955E-1 7.16419E-1 7.05381E-1 7.02311E-1 6.79405E-1 6.60579E-1 6.36276E-1 6.27957E-1 6.01838E-1 5.99168E-1 5.82814E-1 5.66756E-1 5.44136E-1 5.21497E-1 5.02749E-1 4.85824E-1 4.76314E-1 4.78454E-1 4.76774E-1 4.75331E-1 4.76426E-1 4.67255E-1 4.56779E-1 4.569E-1 4.54537E-1 4.5507E-1 4.56652E-1 4.60748E-1 4.60136E-1 4.59329E-1 4.62996E-1 4.6215E-1 4.61543E-1 4.62265E-1 4.6474E-1 4.73265E-1 4.77789E-1 4.80985E-1 4.8385E-1
-9999 -9999 -9999 -9999 9.08901E-1 9.07072E-1 8.98176E-1 8.96629E-1 8.85463E-1 8.78898E-1 8.68597E-1 8.54401E-1 8.38934E-1 8.36991E-1 8.22712E-1 8.09838E-1 8.02203E-1 7.88201E-1 7.78223E-1 7.60021E-1 7.43693E-1 7.34965E-1 7.28135E-1 7.11123E-1 6.92191E-1 6.91795E-1 6.9722E-1 6.69413E-1 6.49261E-1 6.17276E-1 5.91947E-1 5.78093E-1 5.61596E-1 5.50698E-1 5.33868E-1 5.28629E-1 5.13442E-1 4.87087E-1 4.75903E-1 4.72109E-1 4.68615E-1 4.68254E-1 4.7066E-1 4.69251E-1 4.63463E-1 4.62434E-1 4.56411E-1 4.5629E-1 4.56457E-1 4.57244E-1 4.60436E-1 4.61953E-1 4.65603E-1 4.665E-1 4.64163E-1 4.63328E-1 4.66365E-1 4.75666E-1 4.82378E-1 4.79415E-1 4.81507E-1
-9999 -9999 -9999 -9999 9.08901E-1 9.07126E-1 9.01637E-1 8.94152E-1 8.88884E-1 8.77283E-1 8.68988E-1 8.55747E-1 8.44615E-1 8.36317E-1 8.26609E-1 8.14917E-1 7.98655E-1 7.85038E-1 7.58131E-1 7.57979E-1 7.52725E-1 7.4443E-1 7.29198E-1 7.11233E-1 6.90538E-1 6.7619E-1 6.74972E-1 6.74548E-1 6.37893E-1 6.20165E-1 5.84141E-1 5.64222E-1 5.40965E-1 5.31918E-1 5.16282E-1 5.04046E-1 4.90274E-1 4.83466E-1 4.81324E-1 4.71116E-1 4.61672E-1 4.59085E-1 4.58887E-1 4.58638E-1 4.60957E-1 4.53093E-1 4.59221E-1 4.597E-1 4.54939E-1 4.5469E-1 4.56011E-1 4.57604E-1 4.62212E-1 4.63472E-1 4.66051E-1 4.69018E-1 4.67757E-1 4.78127E-1 4.84453E-1 4.79575E-1 4.81549E-1
-9999 -9999 -9999 -9999 9.10418E-1 9.08848E-1 9.0346E-1 8.96323E-1 8.84572E-1 8.72141E-1 8.68339E-1 8.52341E-1 8.37509E-1 8.36239E-1 8.21934E-1 8.12318E-1 8.06593E-1 7.8332E-1 7.75069E-1 7.63192E-1 7.56021E-1 7.40438E-1 7.25473E-1 7.03986E-1 6.88403E-1 6.64834E-1 6.68406E-1 6.73812E-1 6.52997E-1 6.26528E-1 5.89537E-1 5.78117E-1 5.57415E-1 5.50766E-1 5.35672E-1 5.22727E-1 4.96174E-1 4.85583E-1 4.82723E-1 4.59786E-1 4.66518E-1 4.54823E-1 4.55513E-1 4.53804E-1 4.55606E-1 4.52422E-1 4.5129E-1 4.53297E-1 4.53818E-1 4.49274E-1 4.50259E-1 4.53196E-1 4.55349E-1 4.61706E-1 4.64033E-1 4.6953E-1 4.79646E-1 4.71214E-1 4.83651E-1 4.81926E-1 4.77791E-1
-9999 -9999 -9999 -9999 9.12145E-1 9.08848E-1 9.01625E-1 9.00349E-1 8.90765E-1 8.80275E-1 8.68643E-1 8.58188E-1 8.3765E-1 8.36239E-1 8.24444E-1 8.14447E-1 8.04292E-1 7.93495E-1 7.76041E-1 7.61725E-1 7.54419E-1 7.2983E-1 7.05543E-1 7.05178E-1 6.86136E-1 6.57157E-1 6.56253E-1 6.68664E-1 6.58291E-1 6.32368E-1 5.94386E-1 5.75546E-1 5.46712E-1 5.2736E-1 5.15245E-1 5.14708E-1 5.1121E-1 5.05739E-1 4.98335E-1 4.72698E-1 4.63112E-1 4.55211E-1 4.53887E-1 4.50582E-1 4.59307E-1 4.5425E-1 4.45622E-1 4.45599E-1 4.47187E-1 4.45312E-1 4.48002E-1 4.51279E-1 4.59693E-1 4.60206E-1 4.65045E-1 4.67563E-1 4.76267E-1 4.84625E-1 4.80991E-1 4.75111E-1 4.73717E-1
-9999 -9999 -9999 -9999 -9999 9.1234E-1 9.01625E-1 8.9982E-1 8.91647E-1 8.84335E-1 8.6769E-1 8.63947E-1 8.48007E-1 8.40665E-1 8.29355E-1 8.1409E-1 8.0132E-1 7.90981E-1 7.80682E-1 7.61915E-1 7.54419E-1 7.35421E-1 7.11038E-1 7.13365E-1 6.93443E-1 6.74603E-1 6.44332E-1 6.46921E-1 6.46005E-1 6.31586E-1 6.07461E-1 5.9505E-1 5.61083E-1 5.41721E-1 5.18139E-1 4.96009E-1 4.87506E-1 5.00622E-1 5.00267E-1 4.80797E-1 4.61669E-1 4.63803E-1 4.56248E-1 4.60375E-1 4.54201E-1 4.51106E-1 4.56564E-1 4.54762E-1 4.44993E-1 4.46682E-1 4.45962E-1 4.50963E-1 4.53599E-1 4.61585E-1 4.66046E-1 4.65131E-1 4.68979E-1 4.81521E-1 4.79377E-1 4.71212E-1 4.70488E-1
-9999 -9999 -9999 -9999 -9999 9.11965E-1 9.05276E-1 9.01675E-1 8.92483E-1 8.85873E-1 8.73514E-1 8.62108E-1 8.4768E-1 8.40665E-1 8.26875E-1 8.11159E-1 8.04372E-1 7.94314E-1 7.81062E-1 7.65114E-1 7.51179E-1 7.33148E-1 7.21029E-1 7.08178E-1 6.88023E-1 6.73371E-1 6.44825E-1 6.41642E-1 6.20279E-1 6.13362E-1 6.02133E-1 5.96973E-1 5.80488E-1 5.49198E-1 5.43219E-1 5.31969E-1 4.90759E-1 4.79015E-1 4.79465E-1 4.79723E-1 4.62468E-1 4.55784E-1 4.5942E-1 4.54934E-1 4.53737E-1 4.511E-1 4.53926E-1 4.57737E-1 4.51079E-1 4.49187E-1 4.51459E-1 4.47362E-1 4.54385E-1 4.56483E-1 4.61985E-1 4.62433E-1 4.65898E-1 4.76177E-1 4.76175E-1 4.75409E-1 4.69559E-1
-9999 -9999 -9999 -9999 -9999 9.15385E-1 9.08464E-1 8.99832E-1 8.90534E-1 8.83292E-1 8.70185E-1 8.58427E-1 8.52282E-1 8.45697E-1 8.26529E-1 8.19263E-1 8.09147E-1 7.93943E-1 7.75572E-1 7.5911E-1 7.48338E-1 7.26906E-1 7.03463E-1 6.89497E-1 6.83199E-1 6.72853E-1 6.55043E-1 6.47683E-1 6.40968E-1 6.07831E-1 5.78778E-1 5.66868E-1 5.61266E-1 5.58313E-1 5.33796E-1 5.41503E-1 5.11349E-1 4.86581E-1 4.67169E-1 4.71147E-1 4.68848E-1 4.65056E-1 4.57547E-1 4.47448E-1 4.51653E-1 4.42373E-1 4.40529E-1 4.44803E-1 4.48844E-1 4.51374E-1 4.49372E-1 4.53141E-1 4.52831E-1 4.57583E-1 4.59606E-1 4.57599E-1 4.61948E-1 4.6965E-1 4.68375E-1 4.69857E-1 4.68926E-1
-9999 -9999 -9999 -9999 -9999 9.13706E-1 9.06706E-1 9.01274E-1 8.90663E-1 8.85744E-1 8.65149E-1 8.60671E-1 8.54558E-1 8.37935E-1 8.30725E-1 8.21724E-1 8.06914E-1 7.94314E-1 7.78693E-1 7.67808E-1 7.51179E-1 7.37332E-1 7.20694E-1 6.93388E-1 6.72497E-1 6.67399E-1 6.60258E-1 6.56258E-1 6.22645E-1 6.0593E-1 5.93078E-1 5.85985E-1 5.49259E-1 5.22109E-1 5.2571E-1 5.35596E-1 5.06741E-1 4.78265E-1 4.68708E-1 4.61559E-1 4.5474E-1 4.59215E-1 4.54731E-1 4.57623E-1 4.39644E-1 4.39939E-1 4.36026E-1 4.38674E-1 4.4547E-1 4.52166E-1 4.48032E-1 4.55768E-1 4.6011E-1 4.57538E-1 4.61676E-1 4.48323E-1 4.52841E-1 4.55926E-1 4.61738E-1 4.66857E-1 4.72941E-1
-9999 -9999 -9999 -9999 -9999 9.15439E-1 9.0852E-1 9.03137E-1 8.95872E-1 8.84884E-1 8.70094E-1 8.65386E-1 8.54236E-1 8.42674E-1 8.28617E-1 8.22076E-1 8.06914E-1 7.93943E-1 7.84344E-1 7.68192E-1 7.57858E-1 7.45272E-1 7.30078E-1 7.0612E-1 6.81688E-1 6.63994E-1 6.6643E-1 6.43669E-1 6.01658E-1 5.84128E-1 5.72495E-1 5.57739E-1 5.52664E-1 5.32275E-1 5.1661E-1 5.25454E-1 5.1079E-1 4.98424E-1 4.72821E-1 4.80283E-1 4.59365E-1 4.47114E-1 4.4344E-1 4.51017E-1 4.4521E-1 4.34268E-1 4.32449E-1 4.36614E-1 4.36026E-1 4.44538E-1 4.45529E-1 4.60616E-1 4.68283E-1 4.66585E-1 4.70062E-1 4.59316E-1 4.45248E-1 4.49473E-1 4.60258E-1 4.66535E-1 4.64919E-1
-9999 -9999 -9999 -9999 -9999 9.13539E-1 9.12066E-1 9.03397E-1 8.9821E-1 8.87906E-1 8.7581E-1 8.70326E-1 8.51972E-1 8.40649E-1 8.28617E-1 8.22076E-1 8.04322E-1 7.96535E-1 7.78882E-1 7.67808E-1 7.60207E-1 7.39806E-1 7.30115E-1 7.22321E-1 7.0384E-1 7.05117E-1 6.7698E-1 6.52293E-1 6.2948E-1 5.91578E-1 5.66005E-1 5.5427E-1 5.25992E-1 5.17505E-1 5.06468E-1 5.00212E-1 4.95654E-1 4.96679E-1 4.9599E-1 4.77743E-1 4.54843E-1 4.47013E-1 4.45879E-1 4.46386E-1 4.39964E-1 4.37663E-1 4.37413E-1 4.33917E-1 4.39165E-1 4.42604E-1 4.44528E-1 4.56482E-1 4.63198E-1 4.67665E-1 4.75213E-1 4.72502E-1 4.47E-1 4.43591E-1 4.49295E-1 4.62419E-1 4.69254E-1
