Artocarpus heterophyllus SDM files/Last interglacial/results (with bias file)/Arthet_max.asc
ncols         625
nrows         721
xllcorner     69.99986311115
yllcorner     5.99986151914999
cellsize      0.041666667
NODATA_value  -9999
[rows 0 to 26 of 721, columns 488 to 548 of 625]
9.52734E-3 9.42645E-3 9.50277E-3 9.23848E-3 8.92448E-3 8.74473E-3 8.53559E-3 8.31257E-3 8.58704E-3 8.52545E-3 8.12179E-3 6.58999E-3 5.32788E-3 5.4687E-3 5.00867E-3 5.94056E-3 6.43599E-3 7.85768E-3 9.43753E-3 9.81651E-3 9.71415E-3 9.89819E-3 9.41473E-3 9.50337E-3 9.79033E-3 9.801E-3 1.00857E-2 9.94553E-3 9.97089E-3 1.02363E-2 1.01011E-2 9.82269E-3 1.01374E-2 9.97209E-3 1.00769E-2 9.83677E-3 9.87081E-3 9.9839E-3 1.09028E-2 1.14513E-2 1.19186E-2 1.24147E-2 1.34911E-2 1.50823E-2 1.73267E-2 1.80823E-2 1.33931E-2 1.42853E-2 1.58486E-2 1.37461E-2 1.27409E-2 1.27034E-2 1.24588E-2 1.44336E-2 1.40043E-2 1.35153E-2 1.30795E-2 1.3678E-2 1.41029E-2 1.41887E-2 1.47169E-2
1.00232E-2 9.88266E-3 9.7304E-3 9.53415E-3 9.26935E-3 9.14995E-3 8.85825E-3 8.81346E-3 8.87789E-3 9.28338E-3 8.92132E-3 7.98141E-3 7.50689E-3 7.16475E-3 7.75555E-3 8.6859E-3 9.6369E-3 9.78734E-3 1.03844E-2 1.04961E-2 1.08587E-2 1.08984E-2 1.08201E-2 1.08881E-2 1.11947E-2 1.11875E-2 1.15043E-2 1.1908E-2 1.19221E-2 1.18716E-2 1.13827E-2 1.09912E-2 1.07263E-2 1.015E-2 1.01683E-2 1.03697E-2 1.06981E-2 1.09958E-2 1.08439E-2 1.08115E-2 1.09691E-2 1.16772E-2 1.23584E-2 1.34025E-2 1.52877E-2 1.60081E-2 1.32641E-2 1.27939E-2 1.31284E-2 1.29964E-2 1.41746E-2 1.45089E-2 1.30528E-2 1.2901E-2 1.27685E-2 1.36022E-2 1.31232E-2 1.27888E-2 1.32744E-2 1.33636E-2 1.35177E-2
9.5523E-3 9.98696E-3 1.02557E-2 1.02178E-2 9.88782E-3 9.8228E-3 9.97705E-3 9.96893E-3 1.00658E-2 1.00658E-2 1.0148E-2 9.92725E-3 1.00828E-2 9.94606E-3 9.98494E-3 1.01991E-2 1.03484E-2 1.06818E-2 1.08027E-2 1.09694E-2 1.09966E-2 1.07344E-2 1.06582E-2 1.06997E-2 1.03286E-2 1.00338E-2 9.71429E-3 9.85575E-3 1.09017E-2 1.17166E-2 1.25226E-2 1.3103E-2 1.37635E-2 1.39425E-2 1.31478E-2 1.32738E-2 1.32097E-2 1.33817E-2 1.2879E-2 1.28341E-2 1.28014E-2 1.2002E-2 1.17022E-2 1.19747E-2 1.27905E-2 1.59129E-2 1.26236E-2 1.13857E-2 1.15419E-2 1.1471E-2 1.22903E-2 1.26504E-2 1.29702E-2 1.2841E-2 1.28823E-2 1.26106E-2 1.23181E-2 1.23594E-2 1.23537E-2 1.24238E-2 1.26746E-2
8.98224E-3 9.41535E-3 9.85112E-3 1.04818E-2 1.03522E-2 1.02322E-2 1.01239E-2 1.02223E-2 1.01896E-2 9.74067E-3 8.72907E-3 8.5419E-3 9.74735E-3 1.0076E-2 9.61263E-3 9.5994E-3 9.57522E-3 9.80889E-3 1.04255E-2 1.00928E-2 1.01404E-2 1.07371E-2 1.01616E-2 9.79497E-3 8.71046E-3 8.15332E-3 8.19872E-3 7.92908E-3 9.37479E-3 9.13353E-3 1.01801E-2 1.0387E-2 1.16267E-2 1.13354E-2 1.18657E-2 1.2642E-2 1.2653E-2 1.39172E-2 1.46499E-2 1.54013E-2 1.65395E-2 1.71807E-2 1.69619E-2 1.60203E-2 1.50787E-2 1.65267E-2 1.26208E-2 1.10348E-2 1.0489E-2 1.0243E-2 1.05768E-2 1.07311E-2 1.09774E-2 1.14937E-2 1.14585E-2 1.12943E-2 1.13294E-2 1.11468E-2 1.13446E-2 1.11749E-2 1.11546E-2
9.03146E-3 9.25481E-3 9.60432E-3 9.82873E-3 9.26967E-3 8.72806E-3 8.61256E-3 8.56748E-3 8.48763E-3 8.16207E-3 8.1111E-3 8.20266E-3 9.31859E-3 1.01101E-2 9.81636E-3 9.60754E-3 9.22064E-3 8.98247E-3 9.12757E-3 9.66136E-3 1.03666E-2 1.04069E-2 1.03469E-2 9.59424E-3 8.13709E-3 8.67111E-3 8.07227E-3 8.8286E-3 9.46779E-3 1.01436E-2 1.01685E-2 9.28222E-3 9.17736E-3 9.30529E-3 9.47161E-3 8.97844E-3 9.44788E-3 9.49684E-3 9.75367E-3 9.97646E-3 1.21768E-2 1.24761E-2 1.32969E-2 1.45362E-2 1.46792E-2 1.49259E-2 1.72576E-2 1.77113E-2 1.65527E-2 1.47303E-2 1.46922E-2 1.56962E-2 1.44977E-2 1.45213E-2 1.43196E-2 1.40237E-2 1.39021E-2 1.29769E-2 1.15924E-2 1.11458E-2 1.06847E-2
9.90448E-3 9.67775E-3 9.50041E-3 9.31674E-3 8.77571E-3 8.25142E-3 7.46594E-3 7.04437E-3 7.26636E-3 7.03204E-3 7.61748E-3 9.44188E-3 1.03014E-2 1.00693E-2 9.65514E-3 9.01545E-3 8.89516E-3 9.06827E-3 9.57524E-3 9.54381E-3 1.01109E-2 1.08221E-2 1.04627E-2 1.0184E-2 9.35939E-3 9.57238E-3 9.54988E-3 1.01833E-2 1.02067E-2 1.04743E-2 1.03806E-2 9.60768E-3 1.00546E-2 1.00678E-2 1.03509E-2 1.03771E-2 9.7007E-3 8.46945E-3 7.69997E-3 8.65097E-3 9.59968E-3 1.02143E-2 9.76788E-3 1.10347E-2 1.17467E-2 1.2406E-2 1.43241E-2 1.48527E-2 1.72558E-2 1.62618E-2 1.6563E-2 1.48996E-2 1.34557E-2 1.31522E-2 1.43192E-2 1.56418E-2 1.72167E-2 1.79446E-2 1.81286E-2 1.72584E-2 1.6475E-2
1.01339E-2 1.00052E-2 9.82357E-3 9.54069E-3 9.41808E-3 9.08744E-3 8.80317E-3 8.20637E-3 8.60781E-3 8.69239E-3 9.12074E-3 9.82234E-3 9.89306E-3 9.75589E-3 9.09264E-3 9.15069E-3 9.50527E-3 9.9309E-3 1.01087E-2 1.03826E-2 1.04402E-2 1.01833E-2 1.01757E-2 1.05583E-2 1.01943E-2 1.0039E-2 9.51975E-3 9.69189E-3 9.81854E-3 1.03489E-2 1.03402E-2 9.90312E-3 1.09698E-2 1.07989E-2 1.11506E-2 1.06286E-2 1.04982E-2 9.87855E-3 9.85366E-3 1.02266E-2 1.06389E-2 1.08929E-2 1.12543E-2 1.10097E-2 1.18644E-2 1.28339E-2 1.28104E-2 1.3642E-2 1.42961E-2 1.29113E-2 1.23791E-2 1.21285E-2 1.19377E-2 1.11175E-2 1.10447E-2 1.17765E-2 1.26065E-2 1.37417E-2 1.57544E-2 1.71371E-2 1.79275E-2
1.0429E-2 1.04434E-2 1.01513E-2 9.79102E-3 9.44947E-3 9.49963E-3 9.89192E-3 9.89094E-3 9.87486E-3 9.99535E-3 1.00198E-2 1.01092E-2 9.8906E-3 9.68506E-3 9.40841E-3 9.60369E-3 1.02535E-2 1.08422E-2 1.07249E-2 1.08272E-2 1.08083E-2 1.06787E-2 1.0731E-2 1.04895E-2 1.07142E-2 1.07079E-2 1.00726E-2 1.00486E-2 1.02552E-2 1.07061E-2 1.1028E-2 1.12005E-2 1.1327E-2 1.14382E-2 1.12712E-2 1.12529E-2 1.14099E-2 1.11774E-2 1.10438E-2 1.12217E-2 1.1472E-2 1.16276E-2 1.15921E-2 1.20844E-2 1.22149E-2 1.18761E-2 1.34196E-2 1.4203E-2 1.32065E-2 1.26301E-2 1.21626E-2 1.19815E-2 1.19229E-2 1.17574E-2 1.21147E-2 1.28263E-2 1.26243E-2 1.26903E-2 1.39492E-2 1.56295E-2 1.70772E-2
1.08027E-2 1.09785E-2 1.06609E-2 1.00058E-2 9.65083E-3 1.00132E-2 1.03184E-2 1.06157E-2 1.05274E-2 1.0536E-2 1.06644E-2 1.0578E-2 1.0594E-2 1.03568E-2 1.0109E-2 1.02E-2 1.05389E-2 1.08656E-2 1.12158E-2 1.12027E-2 1.10303E-2 1.09672E-2 1.11827E-2 1.11903E-2 1.09651E-2 1.08272E-2 1.07976E-2 1.05461E-2 1.06686E-2 1.08096E-2 1.11736E-2 1.15307E-2 1.15954E-2 1.16265E-2 1.1665E-2 1.175E-2 1.18533E-2 1.19117E-2 1.17924E-2 1.19459E-2 1.21273E-2 1.23746E-2 1.25854E-2 1.27952E-2 1.27054E-2 1.19583E-2 1.29029E-2 1.34682E-2 1.38507E-2 1.39096E-2 1.41244E-2 1.34505E-2 1.39837E-2 1.38946E-2 1.39172E-2 1.3989E-2 1.39624E-2 1.41709E-2 1.46353E-2 1.56422E-2 1.64825E-2
1.04698E-2 1.0321E-2 1.09809E-2 1.04774E-2 1.03615E-2 1.04989E-2 1.12013E-2 1.09444E-2 1.10607E-2 1.10165E-2 1.09791E-2 1.12226E-2 1.10233E-2 1.08272E-2 1.08979E-2 1.08625E-2 1.10765E-2 1.11573E-2 1.13126E-2 1.14398E-2 1.13919E-2 1.11097E-2 1.07945E-2 1.12037E-2 1.14588E-2 1.08757E-2 1.04762E-2 1.04019E-2 1.07139E-2 1.14015E-2 1.16936E-2 1.19862E-2 1.14784E-2 1.14779E-2 1.15633E-2 1.14239E-2 1.16932E-2 1.16827E-2 1.13054E-2 1.13434E-2 1.23205E-2 1.272E-2 1.25328E-2 1.29082E-2 1.30777E-2 1.27143E-2 1.3346E-2 1.39568E-2 1.33192E-2 1.32999E-2 1.33107E-2 1.38405E-2 1.3935E-2 1.45915E-2 1.50677E-2 1.53067E-2 1.54008E-2 1.53785E-2 1.54399E-2 1.56902E-2 1.58542E-2
1.08656E-2 1.05613E-2 1.08151E-2 1.09925E-2 1.09178E-2 1.10158E-2 1.11238E-2 1.12062E-2 1.11601E-2 1.138E-2 1.15589E-2 1.15628E-2 1.16403E-2 1.16308E-2 1.14413E-2 1.13936E-2 1.12464E-2 1.15796E-2 1.15223E-2 1.14754E-2 1.14475E-2 1.1289E-2 1.13348E-2 1.09856E-2 1.11751E-2 1.11189E-2 1.04749E-2 9.78851E-3 1.01643E-2 1.14238E-2 1.19038E-2 1.21155E-2 1.21958E-2 1.18886E-2 1.1676E-2 1.24383E-2 1.27723E-2 1.27232E-2 1.26266E-2 1.20454E-2 1.1992E-2 1.15725E-2 1.14527E-2 1.13326E-2 1.23156E-2 1.36427E-2 1.35474E-2 1.29586E-2 1.27573E-2 1.28934E-2 1.33411E-2 1.32188E-2 1.28495E-2 1.28383E-2 1.29609E-2 1.30165E-2 1.37855E-2 1.38007E-2 1.41669E-2 1.46128E-2 1.52133E-2
1.1368E-2 1.13244E-2 1.15637E-2 1.19948E-2 1.15385E-2 1.1835E-2 1.17851E-2 1.1568E-2 1.14558E-2 1.1595E-2 1.15796E-2 1.13782E-2 1.16706E-2 1.18516E-2 1.22344E-2 1.20345E-2 1.17333E-2 1.15883E-2 1.16923E-2 1.1607E-2 1.17285E-2 1.1643E-2 1.16241E-2 1.16243E-2 1.1289E-2 1.10728E-2 1.07836E-2 1.02006E-2 9.99094E-3 1.05384E-2 1.15514E-2 1.233E-2 1.21962E-2 1.24255E-2 1.26229E-2 1.27897E-2 1.27631E-2 1.28105E-2 1.26231E-2 1.25834E-2 1.23886E-2 1.20149E-2 1.21316E-2 1.24398E-2 1.3092E-2 1.35613E-2 1.37257E-2 1.37312E-2 1.36564E-2 1.34576E-2 1.29944E-2 1.28112E-2 1.26114E-2 1.26479E-2 1.26891E-2 1.25924E-2 1.29389E-2 1.32515E-2 1.36864E-2 1.31588E-2 1.35677E-2
1.07508E-2 1.0408E-2 1.04477E-2 1.16025E-2 1.09368E-2 1.08598E-2 1.03753E-2 1.00828E-2 1.06733E-2 1.18575E-2 1.17973E-2 1.1278E-2 1.09847E-2 1.14342E-2 1.19439E-2 1.21297E-2 1.23795E-2 1.22586E-2 1.21346E-2 1.20991E-2 1.18921E-2 1.16143E-2 1.15953E-2 1.14661E-2 1.1303E-2 1.12021E-2 1.08197E-2 1.04916E-2 1.03326E-2 1.11131E-2 1.12413E-2 1.16085E-2 1.22898E-2 1.28097E-2 1.30046E-2 1.28028E-2 1.29254E-2 1.28835E-2 1.28151E-2 1.27237E-2 1.27317E-2 1.28352E-2 1.28391E-2 1.30919E-2 1.33828E-2 1.34902E-2 1.34421E-2 1.35332E-2 1.36022E-2 1.36108E-2 1.31957E-2 1.32457E-2 1.32545E-2 1.28705E-2 1.2832E-2 1.27431E-2 1.3275E-2 1.35401E-2 1.39383E-2 1.34562E-2 1.35147E-2
1.08015E-2 1.0604E-2 1.1385E-2 1.18374E-2 1.1042E-2 1.09565E-2 1.04958E-2 1.04927E-2 1.1388E-2 1.18575E-2 1.12804E-2 1.04648E-2 1.04744E-2 1.04615E-2 1.13582E-2 1.12722E-2 1.18142E-2 1.23708E-2 1.28175E-2 1.22917E-2 1.21017E-2 1.1578E-2 1.1591E-2 1.1425E-2 1.14561E-2 1.1285E-2 1.10285E-2 1.10388E-2 1.12816E-2 1.12181E-2 1.16409E-2 1.19E-2 1.22496E-2 1.24315E-2 1.29332E-2 1.30333E-2 1.30019E-2 1.30364E-2 1.30046E-2 1.2837E-2 1.23555E-2 1.24932E-2 1.2689E-2 1.27557E-2 1.29499E-2 1.33873E-2 1.3193E-2 1.31586E-2 1.295E-2 1.26896E-2 1.27273E-2 1.25686E-2 1.29565E-2 1.29068E-2 1.33445E-2 1.35961E-2 1.38014E-2 1.39447E-2 1.41415E-2 1.42578E-2 1.47708E-2
1.15478E-2 1.17963E-2 1.24129E-2 1.24306E-2 1.16017E-2 1.15103E-2 1.12674E-2 1.13215E-2 1.13525E-2 1.10775E-2 1.15552E-2 1.10633E-2 1.01701E-2 1.01662E-2 1.10274E-2 1.10211E-2 1.13651E-2 1.20057E-2 1.19973E-2 1.19125E-2 1.18192E-2 1.15537E-2 1.12394E-2 1.12162E-2 1.17653E-2 1.19727E-2 1.19519E-2 1.16513E-2 1.16419E-2 1.15395E-2 1.13392E-2 1.16161E-2 1.16964E-2 1.25177E-2 1.26054E-2 1.27556E-2 1.25681E-2 1.25175E-2 1.22783E-2 1.17358E-2 1.13296E-2 1.10613E-2 1.14389E-2 1.06642E-2 1.11963E-2 1.2295E-2 1.24442E-2 1.13313E-2 1.18617E-2 1.18951E-2 1.17149E-2 1.21096E-2 1.23036E-2 1.21444E-2 1.18147E-2 1.27098E-2 1.33521E-2 1.30985E-2 1.23925E-2 1.25154E-2 1.34539E-2
1.18356E-2 1.19064E-2 1.27643E-2 1.28068E-2 1.19543E-2 1.1628E-2 1.13454E-2 1.11314E-2 1.11812E-2 1.13639E-2 1.16489E-2 1.16705E-2 1.14521E-2 1.14623E-2 1.15266E-2 1.14001E-2 1.15016E-2 1.14244E-2 1.14523E-2 1.18E-2 1.19832E-2 1.18935E-2 1.16718E-2 1.18535E-2 1.21358E-2 1.19582E-2 1.1514E-2 1.19743E-2 1.17875E-2 1.15127E-2 1.13006E-2 1.1651E-2 1.21258E-2 1.26201E-2 1.21905E-2 1.17413E-2 1.12515E-2 1.08193E-2 1.11966E-2 1.12094E-2 1.15313E-2 1.0959E-2 1.05006E-2 1.08465E-2 1.12238E-2 1.19578E-2 1.19967E-2 1.20039E-2 1.23786E-2 1.2721E-2 1.28116E-2 1.31396E-2 1.34019E-2 1.31564E-2 1.31253E-2 1.36934E-2 1.38554E-2 1.31683E-2 1.24206E-2 1.20465E-2 1.16446E-2
1.22961E-2 1.23645E-2 1.26781E-2 1.23062E-2 1.2234E-2 1.21279E-2 1.20901E-2 1.20922E-2 1.20106E-2 1.19918E-2 1.20451E-2 1.18703E-2 1.1751E-2 1.18396E-2 1.15471E-2 1.17551E-2 1.18931E-2 1.2284E-2 1.23014E-2 1.26502E-2 1.26754E-2 1.28256E-2 1.28467E-2 1.2333E-2 1.22008E-2 1.18912E-2 1.15628E-2 1.14975E-2 1.14745E-2 1.12801E-2 1.11496E-2 1.14707E-2 1.18453E-2 1.16892E-2 1.2304E-2 1.27283E-2 1.29736E-2 1.27637E-2 1.16404E-2 1.21234E-2 1.19356E-2 1.1793E-2 1.20058E-2 1.20449E-2 1.15377E-2 1.17568E-2 1.19496E-2 1.19185E-2 1.25717E-2 1.29575E-2 1.32496E-2 1.34562E-2 1.34749E-2 1.34827E-2 1.37543E-2 1.41015E-2 1.42445E-2 1.38805E-2 1.33025E-2 1.32973E-2 1.27956E-2
1.28335E-2 1.27815E-2 1.28023E-2 1.28231E-2 1.24225E-2 1.23923E-2 1.28015E-2 1.2474E-2 1.24235E-2 1.23822E-2 1.21958E-2 1.19614E-2 1.16537E-2 1.19694E-2 1.20713E-2 1.19934E-2 1.20617E-2 1.20626E-2 1.20943E-2 1.24872E-2 1.30464E-2 1.34452E-2 1.32097E-2 1.26829E-2 1.21811E-2 1.23534E-2 1.17692E-2 1.11436E-2 1.14623E-2 1.18564E-2 1.21407E-2 1.20568E-2 1.17264E-2 1.30405E-2 1.35061E-2 1.33333E-2 1.32656E-2 1.32012E-2 1.31904E-2 1.29541E-2 1.27666E-2 1.24414E-2 1.20798E-2 1.16972E-2 1.18609E-2 1.11826E-2 1.14744E-2 1.23312E-2 1.28453E-2 1.31275E-2 1.35511E-2 1.35968E-2 1.35205E-2 1.36398E-2 1.36219E-2 1.36015E-2 1.42635E-2 1.43484E-2 1.4571E-2 1.41255E-2 1.35531E-2
1.31354E-2 1.30928E-2 1.30708E-2 1.31239E-2 1.2904E-2 1.30041E-2 1.35027E-2 1.36048E-2 1.34227E-2 1.26243E-2 1.27817E-2 1.2483E-2 1.2525E-2 1.26593E-2 1.26182E-2 1.25702E-2 1.26902E-2 1.27587E-2 1.28002E-2 1.28314E-2 1.28961E-2 1.30286E-2 1.32754E-2 1.33813E-2 1.32814E-2 1.26909E-2 1.1993E-2 1.17094E-2 1.18837E-2 1.28205E-2 1.29243E-2 1.17887E-2 1.15301E-2 1.20214E-2 1.25111E-2 1.26043E-2 1.32982E-2 1.35554E-2 1.32065E-2 1.34323E-2 1.33983E-2 1.32894E-2 1.36474E-2 1.36142E-2 1.3775E-2 1.35072E-2 1.26299E-2 1.30665E-2 1.2876E-2 1.2782E-2 1.27741E-2 1.32087E-2 1.37044E-2 1.38599E-2 1.42507E-2 1.43958E-2 1.4425E-2 1.41659E-2 1.421E-2 1.43615E-2 1.46725E-2
1.34106E-2 1.35399E-2 1.34354E-2 1.35141E-2 1.33377E-2 1.3186E-2 1.32728E-2 1.31569E-2 1.32535E-2 1.30211E-2 1.33532E-2 1.30208E-2 1.32442E-2 1.33962E-2 1.30652E-2 1.35042E-2 1.34295E-2 1.33394E-2 1.36246E-2 1.3542E-2 1.36086E-2 1.35073E-2 1.37729E-2 1.36506E-2 1.34853E-2 1.34634E-2 1.31716E-2 1.33006E-2 1.34004E-2 1.34768E-2 1.32359E-2 1.22119E-2 1.27436E-2 1.33358E-2 1.3225E-2 1.28789E-2 1.31225E-2 1.34487E-2 1.4093E-2 1.4432E-2 1.45168E-2 1.44933E-2 1.44076E-2 1.44835E-2 1.45277E-2 1.44623E-2 1.42128E-2 1.37138E-2 1.39773E-2 1.40588E-2 1.36744E-2 1.34126E-2 1.34634E-2 1.36092E-2 1.4461E-2 1.48032E-2 1.49091E-2 1.43291E-2 1.44668E-2 1.47591E-2 1.52698E-2
1.40779E-2 1.39086E-2 1.39086E-2 1.36287E-2 1.37914E-2 1.38193E-2 1.35758E-2 1.36553E-2 1.34921E-2 1.37638E-2 1.33811E-2 1.42002E-2 1.38282E-2 1.35933E-2 1.35609E-2 1.44042E-2 1.47584E-2 1.4429E-2 1.43238E-2 1.43134E-2 1.4421E-2 1.42522E-2 1.39496E-2 1.40045E-2 1.39948E-2 1.39391E-2 1.37901E-2 1.37589E-2 1.39501E-2 1.3905E-2 1.386E-2 1.35471E-2 1.41686E-2 1.4142E-2 1.41305E-2 1.42385E-2 1.425E-2 1.43902E-2 1.46103E-2 1.46063E-2 1.47336E-2 1.46977E-2 1.46822E-2 1.45045E-2 1.45912E-2 1.45203E-2 1.44693E-2 1.43215E-2 1.46042E-2 1.4545E-2 1.46596E-2 1.4791E-2 1.45177E-2 1.48303E-2 1.48047E-2 1.50101E-2 1.46035E-2 1.45205E-2 1.46059E-2 1.47395E-2 1.48622E-2
1.47784E-2 1.46968E-2 1.44623E-2 1.44609E-2 1.44455E-2 1.50221E-2 1.48019E-2 1.45822E-2 1.47011E-2 1.48004E-2 1.39826E-2 1.4047E-2 1.42731E-2 1.39235E-2 1.34854E-2 1.30643E-2 1.37284E-2 1.43489E-2 1.47865E-2 1.48966E-2 1.48966E-2 1.51072E-2 1.47839E-2 1.48736E-2 1.50152E-2 1.4699E-2 1.45406E-2 1.46689E-2 1.45763E-2 1.43577E-2 1.4115E-2 1.42616E-2 1.39614E-2 1.44924E-2 1.43626E-2 1.48847E-2 1.50548E-2 1.48791E-2 1.46328E-2 1.47935E-2 1.48022E-2 1.49109E-2 1.51481E-2 1.50284E-2 1.49561E-2 1.48107E-2 1.48634E-2 1.50739E-2 1.49316E-2 1.49253E-2 1.52036E-2 1.48905E-2 1.50372E-2 1.47482E-2 1.50734E-2 1.50427E-2 1.43651E-2 1.41316E-2 1.51633E-2 1.49424E-2 1.46818E-2
1.49195E-2 1.45951E-2 1.46951E-2 1.40706E-2 1.46298E-2 1.4978E-2 1.49848E-2 1.42464E-2 1.45171E-2 1.42846E-2 1.43958E-2 1.43898E-2 1.40103E-2 1.36277E-2 1.34467E-2 1.32692E-2 1.28461E-2 1.27066E-2 1.38292E-2 1.41417E-2 1.41717E-2 1.38372E-2 1.49957E-2 1.48847E-2 1.51009E-2 1.52529E-2 1.49902E-2 1.52416E-2 1.50214E-2 1.46665E-2 1.44833E-2 1.46992E-2 1.5239E-2 1.47185E-2 1.46715E-2 1.48467E-2 1.47709E-2 1.49123E-2 1.47957E-2 1.50618E-2 1.49888E-2 1.47901E-2 1.48288E-2 1.55354E-2 1.52498E-2 1.51239E-2 1.50604E-2 1.52986E-2 1.5546E-2 1.53842E-2 1.52409E-2 1.47024E-2 1.42299E-2 1.49982E-2 1.5223E-2 1.51954E-2 1.47056E-2 1.45953E-2 1.50601E-2 1.50297E-2 1.51816E-2
1.48416E-2 1.4757E-2 1.47906E-2 1.45688E-2 1.44738E-2 1.4436E-2 1.44172E-2 1.45447E-2 1.41695E-2 1.39596E-2 1.40172E-2 1.36502E-2 1.40488E-2 1.41971E-2 1.38826E-2 1.35787E-2 1.33305E-2 1.32824E-2 1.30174E-2 1.32611E-2 1.32716E-2 1.37478E-2 1.4253E-2 1.40415E-2 1.45436E-2 1.49807E-2 1.5213E-2 1.56526E-2 1.48457E-2 1.45899E-2 1.41522E-2 1.45844E-2 1.50107E-2 1.4613E-2 1.42247E-2 1.412E-2 1.4352E-2 1.45516E-2 1.40436E-2 1.42046E-2 1.44999E-2 1.45136E-2 1.46869E-2 1.54464E-2 1.5669E-2 1.50911E-2 1.50469E-2 1.51258E-2 1.52002E-2 1.55728E-2 1.54915E-2 1.51249E-2 1.46768E-2 1.45146E-2 1.47828E-2 1.48404E-2 1.46667E-2 1.49321E-2 1.56878E-2 1.5923E-2 1.5771E-2
1.47362E-2 1.51929E-2 1.51885E-2 1.5212E-2 1.55319E-2 1.54845E-2 1.50981E-2 1.50266E-2 1.47493E-2 1.44061E-2 1.40874E-2 1.39343E-2 1.33946E-2 1.28698E-2 1.3731E-2 1.37803E-2 1.3298E-2 1.30954E-2 1.29295E-2 1.25574E-2 1.26E-2 1.32518E-2 1.34855E-2 1.34764E-2 1.33491E-2 1.46524E-2 1.49764E-2 1.51895E-2 1.56381E-2 1.54826E-2 1.55173E-2 1.53274E-2 1.5322E-2 1.46811E-2 1.44875E-2 1.39549E-2 1.4099E-2 1.41916E-2 1.41559E-2 1.39902E-2 1.37376E-2 1.36956E-2 1.43736E-2 1.4403E-2 1.438E-2 1.53292E-2 1.55263E-2 1.50203E-2 1.51585E-2 1.55588E-2 1.55538E-2 1.54121E-2 1.54915E-2 1.55927E-2 1.52864E-2 1.55687E-2 1.54606E-2 1.55234E-2 1.62001E-2 1.61081E-2 1.62985E-2
1.50004E-2 1.4447E-2 1.44121E-2 1.43664E-2 1.45699E-2 1.54783E-2 1.55253E-2 1.56772E-2 1.53489E-2 1.49239E-2 1.47138E-2 1.44975E-2 1.41617E-2 1.38745E-2 1.37032E-2 1.33006E-2 1.28387E-2 1.26649E-2 1.21171E-2 1.23395E-2 1.36092E-2 1.31272E-2 1.31887E-2 1.37944E-2 1.38936E-2 1.46921E-2 1.39738E-2 1.43267E-2 1.55028E-2 1.62099E-2 1.60607E-2 1.60057E-2 1.55643E-2 1.49201E-2 1.46967E-2 1.42314E-2 1.42906E-2 1.42972E-2 1.47795E-2 1.44985E-2 1.41374E-2 1.34726E-2 1.24323E-2 1.30323E-2 1.41635E-2 1.52007E-2 1.54027E-2 1.52366E-2 1.53184E-2 1.50242E-2 1.48929E-2 1.52559E-2 1.57948E-2 1.57795E-2 1.64275E-2 1.60946E-2 1.60946E-2 1.65591E-2 1.67801E-2 1.68677E-2 1.69575E-2
1.52058E-2 1.47933E-2 1.45479E-2 1.48664E-2 1.47178E-2 1.48293E-2 1.46208E-2 1.52852E-2 1.54444E-2 1.54504E-2 1.46648E-2 1.45087E-2 1.42397E-2 1.46172E-2 1.43061E-2 1.3721E-2 1.33437E-2 1.29663E-2 1.28375E-2 1.31904E-2 1.40756E-2 1.40339E-2 1.38908E-2 1.34468E-2 1.40254E-2 1.4668E-2 1.49154E-2 1.51049E-2 1.55162E-2 1.57505E-2 1.54989E-2 1.60732E-2 1.62737E-2 1.56827E-2 1.50094E-2 1.44912E-2 1.44E-2 1.4026E-2 1.41051E-2 1.43741E-2 1.4395E-2 1.40768E-2 1.35413E-2 1.35914E-2 1.35039E-2 1.2658E-2 1.3672E-2 1.48584E-2 1.42714E-2 1.36718E-2 1.31065E-2 1.38709E-2 1.53927E-2 1.64479E-2 1.6963E-2 1.73855E-2 1.70526E-2 1.71011E-2 1.70596E-2 1.70596E-2 1.72053E-2
