Artocarpus heterophyllus SDM files/Last interglacial/results (with bias file)/Arthet_7.asc
ncols         625
nrows         721
xllcorner     69.99986311115
yllcorner     5.99986151914999
cellsize      0.041666667
NODATA_value  -9999
[rows 216 to 242 of 721, columns 305 to 365 of 625]
6.21301E-1 6.21858E-1 6.2212E-1 6.22275E-1 6.20244E-1 6.20593E-1 6.2068E-1 6.24742E-1 6.25178E-1 6.23249E-1 6.23511E-1 6.20275E-1 6.24089E-1 6.24526E-1 6.24104E-1 6.23033E-1 6.21738E-1 6.24189E-1 6.20719E-1 6.2312E-1 6.12184E-1 6.23203E-1 6.21274E-1 6.1952E-1 6.1274E-1 6.13001E-1 6.13524E-1 6.21443E-1 6.10544E-1 6.10805E-1 6.14969E-1 6.15317E-1 6.15492E-1 6.15753E-1 6.19235E-1 6.19499E-1 6.19674E-1 6.19935E-1 6.20023E-1 6.2011E-1 6.17919E-1 6.18007E-1 6.18355E-1 6.13118E-1 6.16689E-1 6.11452E-1 6.11888E-1 6.10397E-1 6.07454E-1 6.05835E-1 6.02897E-1 6.10194E-1 6.12197E-1 6.04064E-1 6.11362E-1 6.04064E-1 6.04064E-1 6.04064E-1 6.05316E-1 6.03079E-1 6.01075E-1
6.18795E-1 6.21422E-1 6.19319E-1 6.19667E-1 6.23319E-1 6.23668E-1 6.20063E-1 6.23957E-1 6.24648E-1 6.22893E-1 6.15584E-1 6.14546E-1 6.17087E-1 6.17523E-1 6.2527E-1 6.11938E-1 6.12374E-1 6.14909E-1 6.1315E-1 6.14953E-1 6.11223E-1 6.11833E-1 6.12182E-1 6.10255E-1 6.10603E-1 6.10865E-1 6.10813E-1 6.10987E-1 6.09585E-1 6.09934E-1 6.10544E-1 6.14184E-1 6.14445E-1 6.14969E-1 6.16522E-1 6.12877E-1 6.16783E-1 6.18976E-1 6.18976E-1 6.19412E-1 6.1963E-1 6.16217E-1 6.14463E-1 6.14638E-1 6.14987E-1 6.09752E-1 6.08087E-1 6.08348E-1 6.05408E-1 6.0418E-1 6.01723E-1 5.94344E-1 6.02897E-1 6.02897E-1 6.02897E-1 6.02897E-1 6.02897E-1 6.01919E-1 6.01919E-1 6.01919E-1 6.01919E-1
6.17186E-1 6.1736E-1 6.18716E-1 6.19144E-1 6.19406E-1 6.18349E-1 6.21121E-1 6.22236E-1 6.15456E-1 6.13354E-1 6.15805E-1 6.12659E-1 6.14285E-1 6.1691E-1 6.17174E-1 6.13691E-1 6.12025E-1 6.10272E-1 6.10359E-1 6.10534E-1 6.10789E-1 6.11225E-1 6.11574E-1 6.0956E-1 6.09908E-1 6.08154E-1 6.08764E-1 6.06753E-1 6.07363E-1 6.00498E-1 6.0102E-1 6.01194E-1 6.05176E-1 6.06998E-1 6.07347E-1 6.10827E-1 6.1293E-1 6.13018E-1 6.16953E-1 6.11705E-1 6.15112E-1 6.15199E-1 6.13446E-1 6.06894E-1 6.05142E-1 6.05665E-1 6.00352E-1 6.00612E-1 5.97764E-1 5.96538E-1 5.96972E-1 5.96525E-1 5.94344E-1 5.94344E-1 5.95605E-1 5.95605E-1 5.93373E-1 5.93373E-1 5.95463E-1 5.93462E-1 5.93462E-1
6.16837E-1 6.18106E-1 6.15083E-1 6.1862E-1 6.18969E-1 6.19231E-1 6.14316E-1 6.14584E-1 6.14497E-1 6.13005E-1 6.15369E-1 6.11962E-1 6.12485E-1 6.12833E-1 6.13095E-1 6.09616E-1 6.07689E-1 6.11674E-1 6.09837E-1 6.02708E-1 5.99597E-1 5.99945E-1 6.00206E-1 6.00467E-1 5.98631E-1 6.00247E-1 6.00769E-1 5.98846E-1 5.99281E-1 5.99541E-1 6.00063E-1 6.00759E-1 6.02466E-1 6.0264E-1 6.03075E-1 6.05263E-1 6.08742E-1 6.12495E-1 6.16081E-1 6.06923E-1 6.07271E-1 6.07709E-1 6.13182E-1 6.0137E-1 6.04792E-1 6.0396E-1 6.02295E-1 5.9527E-1 6.03003E-1 5.9094E-1 5.96364E-1 5.99066E-1 5.97276E-1 5.94433E-1 5.94433E-1 5.96525E-1 5.92202E-1 5.94293E-1 5.95554E-1 5.88358E-1 5.88358E-1
6.15224E-1 6.1548E-1 6.15573E-1 6.15916E-1 6.07636E-1 6.11343E-1 6.11604E-1 6.14316E-1 6.14323E-1 6.09802E-1 6.12831E-1 6.1181E-1 6.09686E-1 6.12398E-1 6.10383E-1 6.07078E-1 6.07341E-1 6.05503E-1 6.07039E-1 5.98641E-1 5.98989E-1 5.99423E-1 5.99684E-1 5.97762E-1 5.99296E-1 5.96188E-1 5.96709E-1 5.96883E-1 5.97404E-1 5.90549E-1 6.01671E-1 5.92539E-1 5.96252E-1 6.00763E-1 5.97208E-1 5.9948E-1 6.03129E-1 6.03216E-1 6.04783E-1 6.05044E-1 6.05307E-1 6.05917E-1 6.04077E-1 6.04425E-1 5.99183E-1 5.99531E-1 5.97957E-1 5.98391E-1 5.95354E-1 5.93782E-1 5.94389E-1 5.9338E-1 5.90337E-1 5.88063E-1 5.88063E-1 5.88063E-1 5.87186E-1 5.9066E-1 5.9066E-1 5.9066E-1 5.87186E-1
6.11223E-1 6.02956E-1 6.00092E-1 6.0824E-1 6.10602E-1 6.09625E-1 6.09887E-1 6.10235E-1 6.12859E-1 6.10671E-1 6.07446E-1 6.07969E-1 6.05869E-1 6.0613E-1 6.0613E-1 5.99257E-1 5.99607E-1 5.97772E-1 5.98204E-1 5.98206E-1 5.95099E-1 5.95359E-1 5.96719E-1 5.95232E-1 5.95667E-1 5.95667E-1 5.96014E-1 5.96362E-1 5.89595E-1 5.89942E-1 5.9158E-1 5.91753E-1 5.95466E-1 5.98176E-1 5.98785E-1 5.96687E-1 6.0042E-1 6.00507E-1 6.04086E-1 6.04434E-1 6.04785E-1 6.03206E-1 5.96335E-1 6.03989E-1 6.02065E-1 5.99097E-1 5.97518E-1 5.904E-1 5.94833E-1 5.95354E-1 5.88497E-1 5.91588E-1 5.93206E-1 5.93727E-1 5.84125E-1 5.91624E-1 5.89395E-1 5.89395E-1 5.92839E-1 5.90625E-1 5.87151E-1
6.02762E-1 6.03838E-1 6.07549E-1 6.07891E-1 6.07147E-1 6.04729E-1 6.07438E-1 6.07699E-1 6.08134E-1 6.06122E-1 6.06122E-1 5.98051E-1 5.98224E-1 5.98485E-1 5.98485E-1 5.95364E-1 5.99268E-1 5.95068E-1 5.95848E-1 5.95501E-1 5.94665E-1 5.96285E-1 5.92831E-1 5.86072E-1 5.87775E-1 5.86678E-1 5.87025E-1 5.87372E-1 5.87458E-1 5.87892E-1 5.89615E-1 5.93239E-1 5.94858E-1 5.95553E-1 5.98E-1 5.96335E-1 5.91149E-1 5.9124E-1 5.91587E-1 5.93206E-1 5.93382E-1 5.93846E-1 5.95553E-1 5.96074E-1 5.89573E-1 5.89746E-1 5.90353E-1 5.88865E-1 5.85754E-1 5.86187E-1 5.88799E-1 5.8714E-1 5.84043E-1 5.84476E-1 5.82249E-1 5.84771E-1 5.8429E-1 5.8429E-1 5.8429E-1 5.82082E-1 5.82082E-1
6.06759E-1 6.06933E-1 6.05095E-1 6.07543E-1 6.0763E-1 6.07891E-1 6.04729E-1 6.07351E-1 6.07612E-1 6.05773E-1 6.04574E-1 5.98911E-1 5.94233E-1 5.95955E-1 5.96216E-1 5.98574E-1 5.93948E-1 5.9446E-1 5.9358E-1 5.91869E-1 5.91958E-1 5.93409E-1 5.83032E-1 5.92918E-1 5.83724E-1 5.87515E-1 5.86505E-1 5.86852E-1 5.84934E-1 5.88579E-1 5.81818E-1 5.82077E-1 5.85865E-1 5.86125E-1 5.95771E-1 5.88913E-1 5.87165E-1 5.91062E-1 5.91236E-1 5.91327E-1 5.89491E-1 5.93152E-1 5.90103E-1 5.90623E-1 5.91057E-1 5.89399E-1 5.89746E-1 5.90267E-1 5.85317E-1 5.78388E-1 5.88103E-1 5.88539E-1 5.85527E-1 5.8596E-1 5.83472E-1 5.7672E-1 5.82458E-1 5.85196E-1 5.86465E-1 5.84256E-1 5.76984E-1
6.05037E-1 6.05385E-1 6.03287E-1 6.05821E-1 6.02572E-1 6.06256E-1 6.0292E-1 6.03355E-1 5.98679E-1 5.93278E-1 5.97192E-1 5.93879E-1 5.9414E-1 5.94233E-1 5.94498E-1 5.96044E-1 5.92749E-1 5.83209E-1 5.81899E-1 5.81899E-1 5.84334E-1 5.84594E-1 5.81326E-1 5.85027E-1 5.85545E-1 5.85891E-1 5.82624E-1 5.86266E-1 5.79425E-1 5.79681E-1 5.7994E-1 5.80113E-1 5.83812E-1 5.87352E-1 5.87872E-1 5.86298E-1 5.86645E-1 5.90455E-1 5.88618E-1 5.88705E-1 5.89058E-1 5.8186E-1 5.82379E-1 5.82812E-1 5.83331E-1 5.88875E-1 5.81851E-1 5.8237E-1 5.79434E-1 5.79784E-1 5.8013E-1 5.80562E-1 5.80995E-1 5.78163E-1 5.75855E-1 5.76114E-1 5.7667E-1 5.77101E-1 5.77876E-1 5.77887E-1 5.77887E-1
6.02503E-1 6.0495E-1 6.02939E-1 5.95994E-1 5.9835E-1 5.98611E-1 5.95287E-1 5.95634E-1 5.95975E-1 5.96243E-1 5.94409E-1 5.93452E-1 5.93803E-1 5.94314E-1 5.94233E-1 5.90944E-1 5.8393E-1 5.81844E-1 5.79932E-1 5.80191E-1 5.81726E-1 5.80807E-1 5.80894E-1 5.84679E-1 5.82765E-1 5.85371E-1 5.89017E-1 5.78648E-1 5.82514E-1 5.79162E-1 5.79335E-1 5.8286E-1 5.79685E-1 5.83552E-1 5.85259E-1 5.84504E-1 5.77491E-1 5.77664E-1 5.77364E-1 5.79723E-1 5.7981E-1 5.80156E-1 5.80588E-1 5.80761E-1 5.82726E-1 5.80979E-1 5.81245E-1 5.80492E-1 5.77299E-1 5.79002E-1 5.78163E-1 5.80683E-1 5.77852E-1 5.7837E-1 5.76148E-1 5.76576E-1 5.74703E-1 5.7875E-1 5.77324E-1 5.77669E-1 5.80057E-1
5.94951E-1 5.95212E-1 5.94096E-1 5.9209E-1 5.94531E-1 5.96081E-1 5.95194E-1 5.95454E-1 5.95548E-1 5.95895E-1 5.90409E-1 5.90843E-1 5.9119E-1 5.91623E-1 5.89614E-1 5.78892E-1 5.79238E-1 5.79584E-1 5.79499E-1 5.79932E-1 5.80189E-1 5.80362E-1 5.80448E-1 5.79614E-1 5.81226E-1 5.82678E-1 5.75672E-1 5.78125E-1 5.76216E-1 5.79817E-1 5.80076E-1 5.79156E-1 5.79508E-1 5.83033E-1 5.83293E-1 5.83898E-1 5.76973E-1 5.75058E-1 5.75317E-1 5.75668E-1 5.76014E-1 5.76186E-1 5.79896E-1 5.80415E-1 5.80934E-1 5.79189E-1 5.72183E-1 5.72527E-1 5.69517E-1 5.72031E-1 5.79728E-1 5.8016E-1 5.69898E-1 5.70414E-1 5.68114E-1 5.68802E-1 5.71141E-1 5.6953E-1 5.70047E-1 5.71885E-1 5.7223E-1
5.98159E-1 5.93489E-1 5.93836E-1 5.9526E-1 5.9209E-1 5.9235E-1 5.92698E-1 5.92871E-1 5.91898E-1 5.91991E-1 5.92256E-1 5.87031E-1 5.87378E-1 5.80371E-1 5.89358E-1 5.78892E-1 5.7761E-1 5.75615E-1 5.75787E-1 5.7596E-1 5.79843E-1 5.80016E-1 5.80102E-1 5.80448E-1 5.78537E-1 5.73711E-1 5.77509E-1 5.77509E-1 5.77855E-1 5.78107E-1 5.78531E-1 5.78799E-1 5.75451E-1 5.77879E-1 5.78138E-1 5.83373E-1 5.74368E-1 5.73352E-1 5.73444E-1 5.73703E-1 5.75409E-1 5.75755E-1 5.67573E-1 5.69188E-1 5.69791E-1 5.69877E-1 5.68863E-1 5.69207E-1 5.68828E-1 5.71341E-1 5.71858E-1 5.72117E-1 5.69123E-1 5.69639E-1 5.6959E-1 5.70107E-1 5.68497E-1 5.6867E-1 5.69154E-1 5.69584E-1 5.72523E-1
5.96399E-1 5.93061E-1 5.95763E-1 5.95338E-1 5.95338E-1 5.9209E-1 5.92264E-1 5.92611E-1 5.92784E-1 5.82361E-1 5.87716E-1 5.87727E-1 5.79766E-1 5.80025E-1 5.80284E-1 5.77178E-1 5.77524E-1 5.75442E-1 5.75528E-1 5.75697E-1 5.75783E-1 5.79666E-1 5.80012E-1 5.68232E-1 5.70852E-1 5.70943E-1 5.74737E-1 5.75082E-1 5.75255E-1 5.75758E-1 5.75758E-1 5.78185E-1 5.67602E-1 5.71283E-1 5.71714E-1 5.72059E-1 5.7274E-1 5.72834E-1 5.72834E-1 5.73093E-1 5.66534E-1 5.66964E-1 5.67143E-1 5.67487E-1 5.67745E-1 5.68261E-1 5.68433E-1 5.68691E-1 5.69035E-1 5.68123E-1 5.68467E-1 5.61744E-1 5.69414E-1 5.69844E-1 5.68902E-1 5.69418E-1 5.67809E-1 5.68235E-1 5.70573E-1 5.61654E-1 5.64326E-1
5.96051E-1 5.96312E-1 5.96573E-1 5.92472E-1 5.91569E-1 5.91917E-1 5.9209E-1 5.92264E-1 5.83868E-1 5.82188E-1 5.78814E-1 5.80282E-1 5.80714E-1 5.77423E-1 5.77682E-1 5.77941E-1 5.77005E-1 5.77264E-1 5.75438E-1 5.75351E-1 5.75438E-1 5.68455E-1 5.76042E-1 5.69137E-1 5.66805E-1 5.67069E-1 5.70948E-1 5.73537E-1 5.66381E-1 5.66631E-1 5.73959E-1 5.66897E-1 5.6826E-1 5.6743E-1 5.71361E-1 5.68368E-1 5.68798E-1 5.68721E-1 5.61831E-1 5.62003E-1 5.65847E-1 5.66362E-1 5.66706E-1 5.6705E-1 5.63977E-1 5.64321E-1 5.67996E-1 5.64922E-1 5.58124E-1 5.58295E-1 5.60539E-1 5.61225E-1 5.61825E-1 5.62083E-1 5.59791E-1 5.60219E-1 5.60602E-1 5.61198E-1 5.61369E-1 5.6295E-1 5.6338E-1
5.97145E-1 5.93784E-1 5.94044E-1 5.94391E-1 5.92472E-1 5.85453E-1 5.82293E-1 5.83608E-1 5.83608E-1 5.80466E-1 5.78555E-1 5.78734E-1 5.75614E-1 5.76045E-1 5.76131E-1 5.76308E-1 5.76567E-1 5.73552E-1 5.67668E-1 5.66571E-1 5.73893E-1 5.68111E-1 5.68283E-1 5.66296E-1 5.66633E-1 5.70511E-1 5.70683E-1 5.70847E-1 5.63614E-1 5.63958E-1 5.66287E-1 5.66381E-1 5.66553E-1 5.67061E-1 5.67405E-1 5.61707E-1 5.59693E-1 5.59873E-1 5.6013E-1 5.60301E-1 5.6073E-1 5.61073E-1 5.62775E-1 5.6329E-1 5.63462E-1 5.56669E-1 5.55656E-1 5.55912E-1 5.5761E-1 5.58582E-1 5.60025E-1 5.62697E-1 5.61311E-1 5.61733E-1 5.59185E-1 5.61601E-1 5.59912E-1 5.6034E-1 5.60855E-1 5.60941E-1 5.61168E-1
5.9671E-1 5.95849E-1 5.88737E-1 5.86821E-1 5.84983E-1 5.81721E-1 5.84075E-1 5.81003E-1 5.79178E-1 5.79178E-1 5.81695E-1 5.79696E-1 5.78648E-1 5.75614E-1 5.75872E-1 5.76045E-1 5.68975E-1 5.66059E-1 5.67324E-1 5.67417E-1 5.67503E-1 5.64069E-1 5.64499E-1 5.6396E-1 5.64131E-1 5.6061E-1 5.63272E-1 5.70502E-1 5.62077E-1 5.62324E-1 5.63775E-1 5.64033E-1 5.63958E-1 5.64301E-1 5.66889E-1 5.60005E-1 5.57028E-1 5.57208E-1 5.56984E-1 5.59958E-1 5.60215E-1 5.60558E-1 5.61159E-1 5.54117E-1 5.54373E-1 5.54972E-1 5.55143E-1 5.5764E-1 5.57811E-1 5.58325E-1 5.58496E-1 5.60738E-1 5.62779E-1 5.63122E-1 5.60658E-1 5.61E-1 5.61429E-1 5.52356E-1 5.59912E-1 5.55104E-1 5.5318E-1
5.89229E-1 5.85954E-1 5.8839E-1 5.86561E-1 5.86821E-1 5.81375E-1 5.81807E-1 5.81989E-1 5.79005E-1 5.79091E-1 5.79178E-1 5.75961E-1 5.7622E-1 5.66989E-1 5.67247E-1 5.66299E-1 5.68889E-1 5.66815E-1 5.67152E-1 5.64908E-1 5.67245E-1 5.65E-1 5.63352E-1 5.6361E-1 5.62422E-1 5.6232E-1 5.58981E-1 5.59324E-1 5.59656E-1 5.6307E-1 5.6214E-1 5.62152E-1 5.6241E-1 5.64033E-1 5.64291E-1 5.6472E-1 5.56676E-1 5.5678E-1 5.57122E-1 5.57379E-1 5.49873E-1 5.50299E-1 5.53348E-1 5.51067E-1 5.51237E-1 5.53729E-1 5.53985E-1 5.57126E-1 5.54669E-1 5.57725E-1 5.57986E-1 5.51116E-1 5.51458E-1 5.51884E-1 5.51661E-1 5.52002E-1 5.52173E-1 5.53953E-1 5.52015E-1 5.52185E-1 5.54676E-1
5.89055E-1 5.89142E-1 5.85954E-1 5.84039E-1 5.84299E-1 5.84637E-1 5.77716E-1 5.74548E-1 5.7498E-1 5.73783E-1 5.70464E-1 5.75636E-1 5.65186E-1 5.65529E-1 5.65701E-1 5.65873E-1 5.62598E-1 5.65098E-1 5.65527E-1 5.64818E-1 5.57691E-1 5.54514E-1 5.55718E-1 5.59404E-1 5.59567E-1 5.59738E-1 5.5991E-1 5.58896E-1 5.59228E-1 5.59386E-1 5.59386E-1 5.5957E-1 5.59827E-1 5.56297E-1 5.56627E-1 5.55956E-1 5.56213E-1 5.52998E-1 5.55411E-1 5.48561E-1 5.48902E-1 5.46371E-1 5.48858E-1 5.49205E-1 5.50817E-1 5.52199E-1 5.51329E-1 5.51585E-1 5.52011E-1 5.52272E-1 5.50434E-1 5.5069E-1 5.50946E-1 5.51372E-1 5.48923E-1 5.49263E-1 5.49604E-1 5.4969E-1 5.50031E-1 5.47926E-1 5.43224E-1
5.78054E-1 5.87757E-1 5.9003E-1 5.86101E-1 5.75396E-1 5.73566E-1 5.73911E-1 5.74256E-1 5.73257E-1 5.73602E-1 5.73688E-1 5.68137E-1 5.68481E-1 5.65186E-1 5.65358E-1 5.65615E-1 5.65787E-1 5.65959E-1 5.63974E-1 5.62404E-1 5.62404E-1 5.55371E-1 5.52113E-1 5.57845E-1 5.57931E-1 5.58027E-1 5.58284E-1 5.58445E-1 5.58616E-1 5.60229E-1 5.51819E-1 5.51919E-1 5.52175E-1 5.56028E-1 5.5637E-1 5.53212E-1 5.53553E-1 5.56054E-1 5.45647E-1 5.46072E-1 5.4586E-1 5.45945E-1 5.46379E-1 5.48943E-1 5.49284E-1 5.49625E-1 5.42706E-1 5.42791E-1 5.43137E-1 5.4364E-1 5.43816E-1 5.43986E-1 5.48379E-1 5.4872E-1 5.46189E-1 5.46274E-1 5.46784E-1 5.47118E-1 5.47118E-1 5.47409E-1 5.40408E-1
5.8142E-1 5.80146E-1 5.80405E-1 5.8275E-1 5.80757E-1 5.79013E-1 5.73652E-1 5.73911E-1 5.74256E-1 5.74515E-1 5.71179E-1 5.71532E-1 5.68302E-1 5.64928E-1 5.651E-1 5.65358E-1 5.65529E-1 5.56251E-1 5.56422E-1 5.54944E-1 5.54944E-1 5.58543E-1 5.55275E-1 5.58875E-1 5.59046E-1 5.51921E-1 5.59119E-1 5.48669E-1 5.50993E-1 5.51392E-1 5.51563E-1 5.51563E-1 5.51834E-1 5.5209E-1 5.45338E-1 5.47815E-1 5.51763E-1 5.45024E-1 5.45194E-1 5.44544E-1 5.44884E-1 5.44502E-1 5.38872E-1 5.46371E-1 5.41772E-1 5.39643E-1 5.40067E-1 5.40491E-1 5.4066E-1 5.40915E-1 5.41254E-1 5.44038E-1 5.43816E-1 5.44241E-1 5.37253E-1 5.44581E-1 5.39017E-1 5.38093E-1 5.38009E-1 5.39525E-1 5.37434E-1
5.81171E-1 5.81258E-1 5.83777E-1 5.80405E-1 5.80498E-1 5.8093E-1 5.77008E-1 5.77267E-1 5.68892E-1 5.66935E-1 5.62405E-1 5.60423E-1 5.67903E-1 5.64593E-1 5.65093E-1 5.57895E-1 5.54452E-1 5.55909E-1 5.56251E-1 5.61399E-1 5.58115E-1 5.58447E-1 5.57245E-1 5.57416E-1 5.57575E-1 5.57575E-1 5.57575E-1 5.50453E-1 5.51992E-1 5.52316E-1 5.52487E-1 5.52487E-1 5.5276E-1 5.49436E-1 5.44828E-1 5.45083E-1 5.45508E-1 5.44672E-1 5.44854E-1 5.41902E-1 5.37392E-1 5.37488E-1 5.37826E-1 5.37689E-1 5.35574E-1 5.35827E-1 5.37601E-1 5.39982E-1 5.40321E-1 5.33435E-1 5.4083E-1 5.33695E-1 5.33948E-1 5.34201E-1 5.34708E-1 5.34792E-1 5.3504E-1 5.3504E-1 5.35209E-1 5.35378E-1 5.35497E-1
5.75911E-1 5.83353E-1 5.8013E-1 5.80303E-1 5.78228E-1 5.78407E-1 5.68039E-1 5.68461E-1 5.68719E-1 5.68892E-1 5.65642E-1 5.65814E-1 5.60337E-1 5.60594E-1 5.57552E-1 5.55404E-1 5.55575E-1 5.55831E-1 5.59424E-1 5.57359E-1 5.54275E-1 5.57958E-1 5.58204E-1 5.47987E-1 5.47561E-1 5.50041E-1 5.47987E-1 5.50453E-1 5.48142E-1 5.51885E-1 5.51971E-1 5.50843E-1 5.51204E-1 5.44115E-1 5.41048E-1 5.41319E-1 5.4396E-1 5.44215E-1 5.42382E-1 5.44939E-1 5.34688E-1 5.37234E-1 5.34721E-1 5.35151E-1 5.35236E-1 5.28457E-1 5.35827E-1 5.36165E-1 5.29298E-1 5.29473E-1 5.29635E-1 5.32094E-1 5.33526E-1 5.33695E-1 5.33779E-1 5.34201E-1 5.34448E-1 5.32448E-1 5.32617E-1 5.32533E-1 5.32701E-1
5.75738E-1 5.75997E-1 5.72611E-1 5.72792E-1 5.708E-1 5.71059E-1 5.69232E-1 5.65958E-1 5.68461E-1 5.68642E-1 5.6547E-1 5.65728E-1 5.63743E-1 5.60508E-1 5.51161E-1 5.55062E-1 5.55404E-1 5.5566E-1 5.5566E-1 5.48723E-1 5.50338E-1 5.50498E-1 5.50583E-1 5.47403E-1 5.50912E-1 5.51153E-1 5.51238E-1 5.51477E-1 5.51458E-1 5.44454E-1 5.44624E-1 5.44624E-1 5.41219E-1 5.41474E-1 5.36965E-1 5.44387E-1 5.34351E-1 5.36726E-1 5.33619E-1 5.34041E-1 5.33239E-1 5.33408E-1 5.33746E-1 5.3528E-1 5.32938E-1 5.35871E-1 5.28449E-1 5.28701E-1 5.28954E-1 5.28968E-1 5.2922E-1 5.29389E-1 5.29641E-1 5.29888E-1 5.29972E-1 5.3014E-1 5.3389E-1 5.24829E-1 5.25164E-1 5.32261E-1 5.3243E-1
5.75565E-1 5.75738E-1 5.75911E-1 5.72619E-1 5.70628E-1 5.70972E-1 5.6993E-1 5.67233E-1 5.68266E-1 5.67256E-1 5.68728E-1 5.67686E-1 5.58563E-1 5.5309E-1 5.49788E-1 5.49873E-1 5.46764E-1 5.50517E-1 5.54213E-1 5.54213E-1 5.52239E-1 5.49112E-1 5.49198E-1 5.49353E-1 5.49368E-1 5.49524E-1 5.49609E-1 5.42595E-1 5.42595E-1 5.42746E-1 5.43001E-1 5.43171E-1 5.40004E-1 5.40174E-1 5.34402E-1 5.3705E-1 5.33928E-1 5.34182E-1 5.36811E-1 5.33704E-1 5.33957E-1 5.2605E-1 5.3129E-1 5.24457E-1 5.26816E-1 5.27152E-1 5.24656E-1 5.24908E-1 5.2909E-1 5.27605E-1 5.27605E-1 5.28954E-1 5.29214E-1 5.29467E-1 5.29551E-1 5.29719E-1 5.23947E-1 5.20884E-1 5.24618E-1 5.23647E-1 5.23563E-1
5.75248E-1 5.74271E-1 5.67193E-1 5.74702E-1 5.72795E-1 5.65721E-1 5.62436E-1 5.60617E-1 5.60874E-1 5.61217E-1 5.63715E-1 5.6381E-1 5.59673E-1 5.56328E-1 5.49624E-1 5.53292E-1 5.46679E-1 5.50176E-1 5.50584E-1 5.50669E-1 5.48529E-1 5.48857E-1 5.41863E-1 5.42018E-1 5.43308E-1 5.39872E-1 5.39956E-1 5.40192E-1 5.40295E-1 5.4034E-1 5.40595E-1 5.4298E-1 5.36004E-1 5.32873E-1 5.33127E-1 5.33145E-1 5.32384E-1 5.32822E-1 5.33076E-1 5.24992E-1 5.25244E-1 5.23608E-1 5.23859E-1 5.24121E-1 5.24289E-1 5.24457E-1 5.269E-1 5.27152E-1 5.27573E-1 5.27573E-1 5.25076E-1 5.2148E-1 5.21731E-1 5.25356E-1 5.21871E-1 5.19881E-1 5.23536E-1 5.23863E-1 5.24115E-1 5.2079E-1 5.22302E-1
5.67987E-1 5.68167E-1 5.68339E-1 5.67279E-1 5.67614E-1 5.6555E-1 5.65807E-1 5.64071E-1 5.62259E-1 5.61046E-1 5.61303E-1 5.61474E-1 5.56148E-1 5.48979E-1 5.52871E-1 5.49788E-1 5.42752E-1 5.42999E-1 5.43253E-1 5.43413E-1 5.41281E-1 5.3931E-1 5.39395E-1 5.39634E-1 5.39702E-1 5.39787E-1 5.39768E-1 5.39937E-1 5.32807E-1 5.33123E-1 5.33269E-1 5.33438E-1 5.33607E-1 5.3592E-1 5.32723E-1 5.33145E-1 5.2604E-1 5.25367E-1 5.25719E-1 5.22636E-1 5.22887E-1 5.23138E-1 5.23402E-1 5.2251E-1 5.22761E-1 5.24205E-1 5.20779E-1 5.20946E-1 5.23467E-1 5.23551E-1 5.21062E-1 5.21062E-1 5.21313E-1 5.2148E-1 5.1934E-1 5.2185E-1 5.2185E-1 5.17834E-1 5.21549E-1 5.21716E-1 5.22051E-1
5.66598E-1 5.67066E-1 5.64348E-1 5.647E-1 5.66103E-1 5.62168E-1 5.63556E-1 5.59068E-1 5.57252E-1 5.50225E-1 5.57594E-1 5.57937E-1 5.5083E-1 5.47601E-1 5.47857E-1 5.44565E-1 5.4138E-1 5.41541E-1 5.41711E-1 5.3991E-1 5.37784E-1 5.37941E-1 5.41443E-1 5.38095E-1 5.31041E-1 5.31209E-1 5.3119E-1 5.31275E-1 5.3484E-1 5.3287E-1 5.331E-1 5.33354E-1 5.32243E-1 5.32327E-1 5.34722E-1 5.32873E-1 5.24916E-1 5.25084E-1 5.25367E-1 5.25787E-1 5.22636E-1 5.22887E-1 5.22983E-1 5.23318E-1 5.2576E-1 5.22414E-1 5.2234E-1 5.19433E-1 5.196E-1 5.21867E-1 5.23216E-1 5.20652E-1 5.20819E-1 5.18838E-1 5.18838E-1 5.19164E-1 5.19248E-1 5.17368E-1 5.19956E-1 5.13144E-1 5.21704E-1
