Artocarpus heterophyllus SDM files/Last interglacial/results (with bias file)/Arthet_max.asc
ncols         625
nrows         721
xllcorner     69.99986311115
yllcorner     5.99986151914999
cellsize      0.041666667
NODATA_value  -9999
[rows 432 to 458 of 721, columns 183 to 243 of 625]
6.03293E-1 6.02932E-1 5.91304E-1 5.86668E-1 5.84269E-1 5.85125E-1 5.93513E-1 5.96103E-1 6.07587E-1 6.02566E-1 5.92403E-1 6.0059E-1 5.97334E-1 5.97663E-1 5.97658E-1 6.05171E-1 6.12516E-1 6.15832E-1 6.1455E-1 6.1342E-1 6.06194E-1 5.93175E-1 5.84925E-1 5.86077E-1 5.85536E-1 5.88493E-1 5.94918E-1 5.98959E-1 5.9626E-1 5.7848E-1 5.81574E-1 5.7491E-1 5.68596E-1 5.65954E-1 5.74251E-1 5.79556E-1 5.77196E-1 5.79662E-1 5.77441E-1 5.7645E-1 5.80237E-1 5.87531E-1 5.79814E-1 5.72864E-1 5.85896E-1 5.88522E-1 5.89531E-1 5.97278E-1 6.01794E-1 5.95294E-1 5.92357E-1 5.95449E-1 6.01316E-1 6.08167E-1 6.04249E-1 6.06917E-1 6.06916E-1 6.00494E-1 5.85352E-1 5.92898E-1 5.97462E-1
5.86284E-1 5.97401E-1 6.04788E-1 5.99016E-1 5.90508E-1 5.82759E-1 5.87696E-1 5.91094E-1 6.00433E-1 5.89029E-1 5.90734E-1 5.96766E-1 5.96264E-1 5.9862E-1 6.05918E-1 5.96236E-1 6.0301E-1 6.08737E-1 6.09305E-1 6.10092E-1 6.06895E-1 6.0344E-1 5.89281E-1 5.87376E-1 5.85611E-1 5.82349E-1 5.91305E-1 5.96088E-1 5.84001E-1 5.76532E-1 5.75382E-1 5.72386E-1 5.73765E-1 5.7292E-1 5.76836E-1 5.7712E-1 5.83469E-1 5.83538E-1 5.74735E-1 5.79038E-1 5.69091E-1 5.81345E-1 5.71071E-1 5.76362E-1 5.85007E-1 5.85362E-1 5.88199E-1 5.992E-1 6.00461E-1 5.94278E-1 5.96664E-1 5.94079E-1 5.97782E-1 6.02125E-1 5.9946E-1 6.06274E-1 6.07444E-1 6.02593E-1 5.97664E-1 6.05752E-1 6.07092E-1
5.7538E-1 5.84755E-1 5.99262E-1 5.99052E-1 6.04697E-1 6.02918E-1 5.97406E-1 5.87439E-1 5.85529E-1 5.84449E-1 5.86541E-1 5.97877E-1 6.01061E-1 6.03024E-1 5.97583E-1 5.91721E-1 5.96621E-1 6.01724E-1 6.04059E-1 6.08384E-1 6.06366E-1 6.03419E-1 5.96647E-1 5.89723E-1 5.83745E-1 5.83158E-1 5.86141E-1 5.96707E-1 5.90735E-1 5.76309E-1 5.70837E-1 5.70279E-1 5.73019E-1 5.71367E-1 5.76776E-1 5.77768E-1 5.79032E-1 5.83763E-1 5.73289E-1 5.7057E-1 5.78637E-1 5.7875E-1 5.79157E-1 5.80853E-1 5.78012E-1 5.81792E-1 5.88755E-1 5.9436E-1 5.94997E-1 5.93871E-1 5.9937E-1 6.01061E-1 5.90666E-1 5.92404E-1 5.97441E-1 6.01746E-1 6.05332E-1 5.94501E-1 6.01769E-1 6.06453E-1 6.10888E-1
5.67639E-1 5.71429E-1 5.79556E-1 5.91317E-1 5.96033E-1 6.07497E-1 6.04807E-1 5.92932E-1 5.85526E-1 5.8354E-1 5.8793E-1 5.99551E-1 6.02451E-1 6.05737E-1 5.97546E-1 5.89047E-1 5.92854E-1 5.84366E-1 5.96745E-1 5.92844E-1 6.0637E-1 5.97877E-1 6.0076E-1 5.89847E-1 5.81991E-1 5.79214E-1 5.83046E-1 5.91505E-1 5.93436E-1 5.78672E-1 5.71979E-1 5.71389E-1 5.7055E-1 5.69445E-1 5.76262E-1 5.76278E-1 5.76145E-1 5.77021E-1 5.70652E-1 5.67429E-1 5.74698E-1 5.6764E-1 5.70175E-1 5.76438E-1 5.86102E-1 5.82874E-1 5.85935E-1 5.88991E-1 5.88598E-1 5.88092E-1 5.91356E-1 5.997E-1 5.9332E-1 5.91344E-1 5.94611E-1 6.01189E-1 6.07339E-1 6.03162E-1 5.9553E-1 6.03382E-1 6.07587E-1
5.6825E-1 5.69936E-1 5.7125E-1 5.76089E-1 5.88196E-1 5.95059E-1 6.07074E-1 5.9849E-1 5.83362E-1 5.82689E-1 5.87317E-1 5.92797E-1 6.09546E-1 6.02303E-1 5.95808E-1 5.92218E-1 5.93502E-1 5.98226E-1 5.9031E-1 5.80863E-1 5.86877E-1 6.0023E-1 6.02368E-1 5.93337E-1 5.76731E-1 5.73068E-1 5.6896E-1 5.79889E-1 5.90947E-1 5.71716E-1 5.73123E-1 5.71338E-1 5.66817E-1 5.70168E-1 5.74442E-1 5.75864E-1 5.74816E-1 5.70644E-1 5.71303E-1 5.70374E-1 5.58952E-1 5.64466E-1 5.67126E-1 5.68876E-1 5.7776E-1 5.84366E-1 5.77101E-1 5.87134E-1 5.92247E-1 5.91576E-1 5.82725E-1 5.84056E-1 5.85947E-1 5.89458E-1 5.82675E-1 5.94771E-1 6.04988E-1 6.0867E-1 5.96982E-1 5.95009E-1 5.96191E-1
5.76806E-1 5.71469E-1 5.68007E-1 5.69755E-1 5.74066E-1 5.79022E-1 5.86682E-1 6.01002E-1 5.95001E-1 5.85218E-1 5.83744E-1 5.89069E-1 5.97814E-1 6.0587E-1 5.92833E-1 5.87213E-1 5.91845E-1 5.89128E-1 5.88407E-1 5.82416E-1 5.7881E-1 5.82866E-1 5.87515E-1 5.92458E-1 5.8829E-1 5.74922E-1 5.70722E-1 5.71972E-1 5.87053E-1 5.70848E-1 5.64059E-1 5.61482E-1 5.61221E-1 5.71891E-1 5.82416E-1 5.75557E-1 5.69523E-1 5.67108E-1 5.68513E-1 5.67453E-1 5.63188E-1 5.61167E-1 5.63765E-1 5.63474E-1 5.65452E-1 5.71088E-1 5.77035E-1 5.75484E-1 5.81804E-1 5.86716E-1 5.83442E-1 5.76183E-1 5.87514E-1 5.89061E-1 5.81628E-1 5.85906E-1 5.87246E-1 6.08769E-1 6.04366E-1 5.92294E-1 5.94166E-1
5.81654E-1 5.75793E-1 5.71446E-1 5.70683E-1 5.73584E-1 5.75201E-1 5.78714E-1 5.86647E-1 5.96583E-1 5.87981E-1 5.82184E-1 5.94151E-1 6.02948E-1 6.06215E-1 6.00372E-1 5.92342E-1 5.95408E-1 5.84949E-1 5.78617E-1 5.80156E-1 5.77318E-1 5.81028E-1 5.81607E-1 5.86463E-1 5.893E-1 5.79939E-1 5.75166E-1 5.72566E-1 5.69781E-1 5.65386E-1 5.59697E-1 5.57578E-1 5.57137E-1 5.59883E-1 5.74355E-1 5.706E-1 5.57543E-1 5.55746E-1 5.66455E-1 5.67981E-1 5.68607E-1 5.63467E-1 5.67768E-1 5.63265E-1 5.65175E-1 5.61762E-1 5.66271E-1 5.70388E-1 5.73863E-1 5.79323E-1 5.84259E-1 5.86836E-1 5.72014E-1 5.80945E-1 5.85385E-1 5.87266E-1 5.8725E-1 5.97818E-1 6.06319E-1 5.97497E-1 5.87338E-1
5.77732E-1 5.74867E-1 5.56958E-1 5.63795E-1 5.66036E-1 5.72542E-1 5.75502E-1 5.76366E-1 5.83451E-1 5.88566E-1 5.82393E-1 5.83266E-1 5.95785E-1 5.98926E-1 5.97068E-1 5.9692E-1 5.9742E-1 5.89209E-1 5.79718E-1 5.74652E-1 5.75646E-1 5.75831E-1 5.74249E-1 5.81823E-1 5.76507E-1 5.79679E-1 5.71104E-1 5.65652E-1 5.63779E-1 5.57164E-1 5.53725E-1 5.54911E-1 5.53112E-1 5.54445E-1 5.62108E-1 5.5839E-1 5.52282E-1 5.50591E-1 5.52116E-1 5.53525E-1 5.64818E-1 5.6941E-1 5.6434E-1 5.59181E-1 5.60494E-1 5.61421E-1 5.61997E-1 5.66842E-1 5.70012E-1 5.70342E-1 5.75927E-1 5.85107E-1 5.7239E-1 5.67543E-1 5.7139E-1 5.74642E-1 5.79059E-1 5.97282E-1 6.01521E-1 6.06704E-1 5.9492E-1
5.67896E-1 5.75302E-1 5.60289E-1 5.62482E-1 5.6416E-1 5.62986E-1 5.64067E-1 5.70177E-1 5.74196E-1 5.80826E-1 5.84686E-1 5.83373E-1 5.83148E-1 5.87864E-1 5.90081E-1 5.94275E-1 5.9533E-1 5.92755E-1 5.86942E-1 5.70175E-1 5.67233E-1 5.74074E-1 5.7375E-1 5.69434E-1 5.72493E-1 5.77007E-1 5.75831E-1 5.64206E-1 5.50608E-1 5.54332E-1 5.44544E-1 5.46374E-1 5.37265E-1 5.47158E-1 5.55502E-1 5.52903E-1 5.4894E-1 5.44047E-1 5.45973E-1 5.48594E-1 5.61258E-1 5.65295E-1 5.57821E-1 5.60206E-1 5.61093E-1 5.56933E-1 5.56985E-1 5.59365E-1 5.61941E-1 5.6718E-1 5.70886E-1 5.81402E-1 5.76487E-1 5.72448E-1 5.6786E-1 5.67235E-1 5.66428E-1 5.79707E-1 5.9095E-1 5.98688E-1 5.85494E-1
5.63472E-1 5.64872E-1 5.68402E-1 5.69062E-1 5.62847E-1 5.53885E-1 5.56133E-1 5.68679E-1 5.6963E-1 5.72436E-1 5.73483E-1 5.7839E-1 5.77441E-1 5.83852E-1 5.88526E-1 5.88043E-1 5.89972E-1 5.90336E-1 5.87424E-1 5.75927E-1 5.65719E-1 5.67015E-1 5.70812E-1 5.61442E-1 5.6532E-1 5.68119E-1 5.72322E-1 5.70288E-1 5.56955E-1 5.47773E-1 5.42944E-1 5.38258E-1 5.40884E-1 5.35017E-1 5.46812E-1 5.474E-1 5.44384E-1 5.42883E-1 5.44522E-1 5.46178E-1 5.50999E-1 5.57105E-1 5.4927E-1 5.57018E-1 5.63104E-1 5.61364E-1 5.55877E-1 5.53822E-1 5.60773E-1 5.58822E-1 5.65677E-1 5.72949E-1 5.77644E-1 5.77743E-1 5.69363E-1 5.6201E-1 5.64047E-1 5.67624E-1 5.78695E-1 5.91898E-1 5.77409E-1
5.67651E-1 5.68135E-1 5.67787E-1 5.65013E-1 5.59699E-1 5.56953E-1 5.57125E-1 5.60146E-1 5.57329E-1 5.68784E-1 5.73379E-1 5.71933E-1 5.73409E-1 5.75403E-1 5.80535E-1 5.85453E-1 5.85144E-1 5.87981E-1 5.80108E-1 5.724E-1 5.62447E-1 5.56877E-1 5.55987E-1 5.54783E-1 5.57157E-1 5.54144E-1 5.59762E-1 5.63722E-1 5.58297E-1 5.51705E-1 5.4136E-1 5.32998E-1 5.30416E-1 5.29945E-1 5.33308E-1 5.34285E-1 5.426E-1 5.40762E-1 5.4206E-1 5.4346E-1 5.45786E-1 5.54338E-1 5.4712E-1 5.47087E-1 5.526E-1 5.57641E-1 5.54728E-1 5.50216E-1 5.51962E-1 5.57693E-1 5.64581E-1 5.69254E-1 5.71961E-1 5.71425E-1 5.70258E-1 5.65077E-1 5.63032E-1 5.59951E-1 5.67596E-1 5.8628E-1 5.81632E-1
5.68647E-1 5.64392E-1 5.68735E-1 5.57862E-1 5.54921E-1 5.56793E-1 5.58315E-1 5.58841E-1 5.61518E-1 5.61381E-1 5.59529E-1 5.60268E-1 5.67415E-1 5.66172E-1 5.71101E-1 5.78978E-1 5.81486E-1 5.82802E-1 5.82316E-1 5.74661E-1 5.69881E-1 5.65776E-1 5.53915E-1 5.51796E-1 5.59955E-1 5.5113E-1 5.46071E-1 5.48258E-1 5.51811E-1 5.48276E-1 5.39843E-1 5.35655E-1 5.30971E-1 5.32249E-1 5.30911E-1 5.28548E-1 5.30101E-1 5.37754E-1 5.32304E-1 5.41334E-1 5.42008E-1 5.4785E-1 5.5013E-1 5.4499E-1 5.46779E-1 5.52155E-1 5.53085E-1 5.58424E-1 5.50555E-1 5.49196E-1 5.55292E-1 5.60475E-1 5.60619E-1 5.71507E-1 5.72958E-1 5.74279E-1 5.6655E-1 5.56803E-1 5.61392E-1 5.70143E-1 5.82542E-1
5.63857E-1 5.62888E-1 5.53733E-1 5.55598E-1 5.52454E-1 5.58831E-1 5.55805E-1 5.58953E-1 5.6237E-1 5.59884E-1 5.65742E-1 5.59883E-1 5.56399E-1 5.5578E-1 5.55927E-1 5.71452E-1 5.75499E-1 5.80387E-1 5.72663E-1 5.677E-1 5.59044E-1 5.71532E-1 5.63472E-1 5.45089E-1 5.60161E-1 5.58447E-1 5.47983E-1 5.42639E-1 5.42627E-1 5.46361E-1 5.43953E-1 5.32447E-1 5.33913E-1 5.32549E-1 5.30714E-1 5.30082E-1 5.27411E-1 5.28644E-1 5.35638E-1 5.2826E-1 5.39546E-1 5.42356E-1 5.49484E-1 5.4673E-1 5.40555E-1 5.43492E-1 5.48286E-1 5.46867E-1 5.50439E-1 5.49511E-1 5.49838E-1 5.50515E-1 5.48422E-1 5.61089E-1 5.66246E-1 5.72223E-1 5.71059E-1 5.65895E-1 5.58424E-1 5.60496E-1 5.71246E-1
5.60717E-1 5.58439E-1 5.49733E-1 5.56164E-1 5.62502E-1 5.60093E-1 5.51023E-1 5.62694E-1 5.57193E-1 5.61157E-1 5.63832E-1 5.65212E-1 5.63169E-1 5.5192E-1 5.53724E-1 5.58427E-1 5.63531E-1 5.6095E-1 5.55826E-1 5.51743E-1 5.55807E-1 5.59633E-1 5.50164E-1 5.40998E-1 5.42297E-1 5.43079E-1 5.36113E-1 5.41749E-1 5.42695E-1 5.43548E-1 5.41794E-1 5.31032E-1 5.31065E-1 5.32214E-1 5.25446E-1 5.24698E-1 5.25679E-1 5.23283E-1 5.25243E-1 5.25472E-1 5.33206E-1 5.29505E-1 5.42249E-1 5.49071E-1 5.44899E-1 5.41807E-1 5.41508E-1 5.41171E-1 5.44057E-1 5.44443E-1 5.50912E-1 5.49887E-1 5.46813E-1 5.52787E-1 5.5633E-1 5.67313E-1 5.65278E-1 5.66211E-1 5.60049E-1 5.5665E-1 5.6481E-1
5.60089E-1 5.53584E-1 5.47315E-1 5.54841E-1 5.66083E-1 5.66307E-1 5.58954E-1 5.63818E-1 5.599E-1 5.59699E-1 5.56198E-1 5.58498E-1 5.62645E-1 5.58624E-1 5.56172E-1 5.55932E-1 5.61669E-1 5.58218E-1 5.50139E-1 5.44057E-1 5.47555E-1 5.4957E-1 5.46183E-1 5.43789E-1 5.35058E-1 5.36781E-1 5.31943E-1 5.32146E-1 5.32103E-1 5.34351E-1 5.37003E-1 5.40547E-1 5.27959E-1 5.25192E-1 5.32169E-1 5.23107E-1 5.23929E-1 5.23929E-1 5.25594E-1 5.22968E-1 5.19911E-1 5.23421E-1 5.25726E-1 5.32563E-1 5.42481E-1 5.40797E-1 5.43878E-1 5.42112E-1 5.4094E-1 5.39061E-1 5.42684E-1 5.47117E-1 5.50791E-1 5.54564E-1 5.44135E-1 5.54997E-1 5.52207E-1 5.62736E-1 5.5833E-1 5.48458E-1 5.60358E-1
5.50988E-1 5.5631E-1 5.49596E-1 5.56469E-1 5.6421E-1 5.77606E-1 5.62394E-1 5.54338E-1 5.51091E-1 5.5351E-1 5.53902E-1 5.5223E-1 5.46634E-1 5.52878E-1 5.56016E-1 5.53482E-1 5.56817E-1 5.5128E-1 5.51486E-1 5.47792E-1 5.4094E-1 5.41529E-1 5.38961E-1 5.40366E-1 5.34577E-1 5.28688E-1 5.25543E-1 5.2417E-1 5.23096E-1 5.23976E-1 5.26538E-1 5.27873E-1 5.2884E-1 5.24145E-1 5.23673E-1 5.31154E-1 5.21342E-1 5.19874E-1 5.23578E-1 5.21569E-1 5.21795E-1 5.23088E-1 5.22416E-1 5.31116E-1 5.2973E-1 5.35387E-1 5.36629E-1 5.39654E-1 5.42727E-1 5.36586E-1 5.39672E-1 5.40952E-1 5.4705E-1 5.53209E-1 5.43451E-1 5.474E-1 5.495E-1 5.51824E-1 5.47435E-1 5.5286E-1 5.55145E-1
5.57195E-1 5.60771E-1 5.51847E-1 5.56724E-1 5.68216E-1 5.68696E-1 5.61015E-1 5.54372E-1 5.51197E-1 5.50111E-1 5.4958E-1 5.50636E-1 5.43273E-1 5.41943E-1 5.39796E-1 5.34278E-1 5.35273E-1 5.30847E-1 5.37778E-1 5.3861E-1 5.35841E-1 5.34961E-1 5.27435E-1 5.32895E-1 5.29416E-1 5.31071E-1 5.23104E-1 5.08654E-1 5.17876E-1 5.17779E-1 5.18674E-1 5.17909E-1 5.20822E-1 5.20387E-1 5.18434E-1 5.17998E-1 5.1638E-1 5.17264E-1 5.17595E-1 5.19191E-1 5.18752E-1 5.19415E-1 5.19747E-1 5.24332E-1 5.29779E-1 5.2568E-1 5.29539E-1 5.25635E-1 5.37991E-1 5.36922E-1 5.34566E-1 5.37627E-1 5.44387E-1 5.47849E-1 5.43385E-1 5.4214E-1 5.38373E-1 5.3864E-1 5.43316E-1 5.45678E-1 5.51491E-1
5.53208E-1 5.57502E-1 5.54061E-1 5.5743E-1 5.61873E-1 5.67212E-1 5.6287E-1 5.57775E-1 5.65486E-1 5.52342E-1 5.48939E-1 5.50122E-1 5.46713E-1 5.43964E-1 5.43694E-1 5.37542E-1 5.33568E-1 5.31909E-1 5.32321E-1 5.31964E-1 5.245E-1 5.29124E-1 5.27019E-1 5.21171E-1 5.28065E-1 5.23066E-1 5.20485E-1 5.14309E-1 5.1224E-1 5.12583E-1 5.11497E-1 5.11453E-1 5.12234E-1 5.11904E-1 5.14087E-1 5.11053E-1 5.106E-1 5.09392E-1 5.09063E-1 5.14527E-1 5.08629E-1 5.10987E-1 5.16157E-1 5.1709E-1 5.25026E-1 5.29748E-1 5.21793E-1 5.23013E-1 5.20294E-1 5.28897E-1 5.33256E-1 5.36551E-1 5.41956E-1 5.45417E-1 5.43722E-1 5.41446E-1 5.4242E-1 5.37447E-1 5.34855E-1 5.33782E-1 5.42466E-1
5.46676E-1 5.52257E-1 5.57155E-1 5.55688E-1 5.58546E-1 5.60078E-1 5.63918E-1 5.63256E-1 5.49236E-1 5.45348E-1 5.48043E-1 5.48831E-1 5.50955E-1 5.4599E-1 5.41696E-1 5.36555E-1 5.30988E-1 5.36553E-1 5.40642E-1 5.3593E-1 5.29908E-1 5.24427E-1 5.19877E-1 5.20921E-1 5.16355E-1 5.13756E-1 5.14838E-1 5.22187E-1 5.04938E-1 5.08753E-1 5.09736E-1 5.12532E-1 5.16664E-1 5.13762E-1 5.11177E-1 5.10072E-1 5.07477E-1 5.08081E-1 5.0472E-1 5.06419E-1 5.09852E-1 5.07245E-1 5.10599E-1 5.07583E-1 5.20629E-1 5.30031E-1 5.2325E-1 5.22202E-1 5.17204E-1 5.23413E-1 5.25071E-1 5.27004E-1 5.31616E-1 5.35326E-1 5.39986E-1 5.40366E-1 5.43141E-1 5.35237E-1 5.32954E-1 5.32822E-1 5.42803E-1
5.44986E-1 5.53099E-1 5.57914E-1 5.56189E-1 5.53825E-1 5.59115E-1 5.63496E-1 5.57922E-1 5.43873E-1 5.37664E-1 5.34047E-1 5.31568E-1 5.39334E-1 5.40159E-1 5.37589E-1 5.36218E-1 5.41736E-1 5.39793E-1 5.42991E-1 5.42639E-1 5.29509E-1 5.25145E-1 5.22869E-1 5.19195E-1 5.17752E-1 5.17801E-1 5.14602E-1 5.21948E-1 5.11737E-1 4.98021E-1 4.9955E-1 5.1038E-1 5.13812E-1 5.1339E-1 5.18163E-1 5.14449E-1 5.10263E-1 5.03627E-1 5.07034E-1 5.04216E-1 5.05707E-1 5.11282E-1 5.05251E-1 5.05017E-1 5.1309E-1 5.16069E-1 5.22769E-1 5.26433E-1 5.19877E-1 5.18247E-1 5.16187E-1 5.17777E-1 5.23755E-1 5.20808E-1 5.3225E-1 5.40702E-1 5.4052E-1 5.32285E-1 5.2929E-1 5.27128E-1 5.36048E-1
5.36509E-1 5.38977E-1 5.45635E-1 5.52472E-1 5.52724E-1 5.57708E-1 5.59692E-1 5.52854E-1 5.46518E-1 5.43549E-1 5.39631E-1 5.40926E-1 5.3453E-1 5.30381E-1 5.2531E-1 5.24605E-1 5.30792E-1 5.43803E-1 5.42269E-1 5.38962E-1 5.31786E-1 5.23552E-1 5.16939E-1 5.17778E-1 5.22469E-1 5.207E-1 5.20168E-1 5.21461E-1 5.09275E-1 4.9937E-1 5.03733E-1 5.03039E-1 5.04568E-1 5.10344E-1 5.10123E-1 5.10405E-1 5.09919E-1 5.06475E-1 5.03888E-1 5.03127E-1 5.05496E-1 5.0771E-1 5.1172E-1 5.07281E-1 5.02792E-1 5.09723E-1 5.23229E-1 5.27042E-1 5.25187E-1 5.19683E-1 5.16386E-1 5.13778E-1 5.13246E-1 5.14945E-1 5.26304E-1 5.3534E-1 5.37587E-1 5.29624E-1 5.30293E-1 5.26089E-1 5.28057E-1
5.35702E-1 5.26952E-1 5.36411E-1 5.4317E-1 5.51858E-1 5.58107E-1 5.5751E-1 5.47369E-1 5.47151E-1 5.39185E-1 5.35986E-1 5.38607E-1 5.33851E-1 5.24541E-1 5.23065E-1 5.2639E-1 5.27604E-1 5.36087E-1 5.46669E-1 5.29623E-1 5.33742E-1 5.2225E-1 5.10295E-1 5.14753E-1 5.25047E-1 5.22817E-1 5.2127E-1 5.12186E-1 5.12804E-1 4.96583E-1 4.97086E-1 4.95159E-1 5.00355E-1 5.06074E-1 5.04781E-1 5.04269E-1 5.03007E-1 4.98966E-1 4.97663E-1 4.95438E-1 4.97229E-1 5.04506E-1 5.08318E-1 5.07953E-1 5.08486E-1 5.01894E-1 5.09088E-1 5.21972E-1 5.26412E-1 5.19903E-1 5.17631E-1 5.16423E-1 5.12666E-1 5.1055E-1 5.12363E-1 5.24613E-1 5.3174E-1 5.29175E-1 5.29175E-1 5.26022E-1 5.25184E-1
5.32619E-1 5.28887E-1 5.33151E-1 5.36796E-1 5.51686E-1 5.46206E-1 5.48146E-1 5.48085E-1 5.49856E-1 5.36956E-1 5.34743E-1 5.43775E-1 5.34296E-1 5.26048E-1 5.26388E-1 5.27891E-1 5.28808E-1 5.28404E-1 5.35383E-1 5.32328E-1 5.28551E-1 5.15691E-1 5.18668E-1 5.26549E-1 5.31444E-1 5.24948E-1 5.22101E-1 5.17078E-1 5.10474E-1 4.9537E-1 4.95931E-1 4.9857E-1 4.95107E-1 4.97524E-1 5.00238E-1 5.00227E-1 5.0088E-1 5.05977E-1 4.93343E-1 4.93019E-1 4.94208E-1 4.99982E-1 4.99656E-1 5.0285E-1 5.06883E-1 5.02346E-1 5.08645E-1 5.1768E-1 5.24049E-1 5.20041E-1 5.12187E-1 5.12724E-1 5.14802E-1 5.10054E-1 5.12084E-1 5.15845E-1 5.19194E-1 5.27652E-1 5.26651E-1 5.23406E-1 5.19835E-1
5.3492E-1 5.41155E-1 5.39583E-1 5.38112E-1 5.33413E-1 5.41147E-1 5.48357E-1 5.43321E-1 5.34147E-1 5.33806E-1 5.33904E-1 5.38005E-1 5.35998E-1 5.40063E-1 5.3691E-1 5.33047E-1 5.31978E-1 5.25148E-1 5.33285E-1 5.24265E-1 5.19547E-1 5.17127E-1 5.14985E-1 5.19238E-1 5.18013E-1 5.18628E-1 5.11743E-1 5.09042E-1 5.06922E-1 4.96577E-1 4.92016E-1 4.93599E-1 4.9218E-1 4.91017E-1 4.92384E-1 4.95343E-1 4.94778E-1 4.97257E-1 4.96592E-1 4.88321E-1 4.91938E-1 5.00034E-1 5.01776E-1 4.97785E-1 5.01641E-1 5.04587E-1 5.02936E-1 5.13705E-1 5.21993E-1 5.21027E-1 5.10409E-1 5.07715E-1 5.11482E-1 5.12905E-1 5.08953E-1 5.16885E-1 5.15435E-1 5.17727E-1 5.2179E-1 5.19788E-1 5.1611E-1
5.2957E-1 5.3954E-1 5.4461E-1 5.44011E-1 5.45248E-1 5.45616E-1 5.46082E-1 5.48281E-1 5.28674E-1 5.23647E-1 5.22663E-1 5.30266E-1 5.31948E-1 5.3366E-1 5.35715E-1 5.3033E-1 5.29984E-1 5.33694E-1 5.40297E-1 5.33359E-1 5.20106E-1 5.17502E-1 5.13109E-1 5.12339E-1 5.15453E-1 5.14437E-1 5.03626E-1 4.99954E-1 4.92779E-1 4.89495E-1 4.85593E-1 4.91918E-1 4.8948E-1 4.84677E-1 4.87891E-1 4.88105E-1 4.87869E-1 4.94018E-1 4.95558E-1 4.90818E-1 4.86867E-1 4.90728E-1 4.99923E-1 4.99742E-1 4.98651E-1 4.97885E-1 5.02835E-1 5.03726E-1 5.1568E-1 5.16839E-1 5.13986E-1 5.05876E-1 5.05484E-1 5.08592E-1 5.11961E-1 5.10666E-1 5.08922E-1 5.14849E-1 5.18344E-1 5.15604E-1 5.12941E-1
5.19352E-1 5.28868E-1 5.32675E-1 5.38217E-1 5.41494E-1 5.40377E-1 5.46378E-1 5.42196E-1 5.30961E-1 5.23062E-1 5.15824E-1 5.18181E-1 5.23514E-1 5.31554E-1 5.34918E-1 5.35851E-1 5.25249E-1 5.24879E-1 5.38263E-1 5.31052E-1 5.35632E-1 5.27835E-1 5.19737E-1 5.11558E-1 5.07099E-1 5.02104E-1 4.95493E-1 4.91223E-1 4.87311E-1 4.83832E-1 4.83249E-1 4.82221E-1 4.81797E-1 4.82014E-1 4.81908E-1 4.83267E-1 4.82965E-1 4.8716E-1 4.90826E-1 4.90114E-1 4.86486E-1 4.88099E-1 4.88515E-1 4.98651E-1 4.97236E-1 4.98302E-1 4.96797E-1 5.03142E-1 5.12188E-1 5.09081E-1 5.11595E-1 5.02822E-1 4.96896E-1 5.07069E-1 5.08496E-1 5.06539E-1 5.04001E-1 5.03884E-1 5.09429E-1 5.14494E-1 5.09913E-1
5.18599E-1 5.17896E-1 5.27637E-1 5.29146E-1 5.40073E-1 5.40309E-1 5.42057E-1 5.42348E-1 5.24352E-1 5.14434E-1 5.13743E-1 5.23344E-1 5.16615E-1 5.22168E-1 5.27214E-1 5.23882E-1 5.26474E-1 5.26342E-1 5.31624E-1 5.2796E-1 5.27686E-1 5.24059E-1 5.23249E-1 5.18585E-1 5.10974E-1 5.04002E-1 5.02961E-1 4.93902E-1 4.86626E-1 4.80148E-1 4.80718E-1 4.80564E-1 4.81422E-1 4.7868E-1 4.78254E-1 4.75823E-1 4.75789E-1 4.80678E-1 4.83577E-1 4.8448E-1 4.86152E-1 4.91297E-1 4.84636E-1 4.89422E-1 4.90341E-1 4.95705E-1 4.95884E-1 4.98362E-1 5.01844E-1 5.09105E-1 5.06656E-1 5.03561E-1 4.98845E-1 5.12621E-1 5.08469E-1 5.00565E-1 5.02476E-1 5.04292E-1 5.10431E-1 5.13764E-1 5.17237E-1
