Artocarpus heterophyllus SDM files/Last interglacial/results (with bias file)/Arthet_3.asc
ncols         625
nrows         721
xllcorner     69.99986311115
yllcorner     5.99986151914999
cellsize      0.041666667
NODATA_value  -9999
[rows 81 to 107 of 721, columns 305 to 365 of 625]
1.70064E-2 1.70955E-2 1.71119E-2 1.74237E-2 1.71122E-2 1.65443E-2 1.56146E-2 1.4931E-2 1.55009E-2 1.63179E-2 1.80472E-2 1.95673E-2 2.04131E-2 2.0362E-2 2.00376E-2 1.97737E-2 1.98223E-2 1.94929E-2 1.94791E-2 1.89153E-2 1.77056E-2 1.69571E-2 1.80963E-2 1.91122E-2 1.96785E-2 2.08442E-2 2.14043E-2 2.18268E-2 2.21577E-2 2.22155E-2 2.1966E-2 2.17039E-2 2.16884E-2 2.17235E-2 2.10138E-2 2.19834E-2 2.26701E-2 2.27364E-2 2.30908E-2 2.22039E-2 2.15291E-2 2.18644E-2 2.13317E-2 2.14144E-2 2.17883E-2 2.17139E-2 2.18844E-2 2.19943E-2 2.20684E-2 2.16544E-2 2.11701E-2 2.09064E-2 2.00869E-2 1.94807E-2 1.94479E-2 1.92111E-2 1.9142E-2 1.90699E-2 1.92627E-2 2.06591E-2 2.28756E-2
1.82186E-2 1.81588E-2 1.67977E-2 1.73986E-2 1.73508E-2 1.65371E-2 1.52683E-2 1.50747E-2 1.46647E-2 1.72105E-2 1.878E-2 2.0184E-2 2.08771E-2 2.09157E-2 2.09035E-2 2.05571E-2 1.95851E-2 1.95713E-2 1.9503E-2 1.93797E-2 1.85084E-2 1.73615E-2 1.72517E-2 1.87781E-2 1.9767E-2 2.06803E-2 2.10363E-2 2.13249E-2 2.11632E-2 2.1385E-2 2.10618E-2 2.13504E-2 2.11523E-2 2.1199E-2 2.12322E-2 2.20575E-2 2.28439E-2 2.35934E-2 2.30307E-2 2.2736E-2 2.22113E-2 2.19128E-2 2.15508E-2 2.14157E-2 2.11691E-2 2.16919E-2 2.17804E-2 2.21033E-2 2.22104E-2 2.24637E-2 2.26045E-2 2.17626E-2 2.11428E-2 2.08865E-2 2.09244E-2 2.07684E-2 2.03266E-2 1.94103E-2 1.97949E-2 2.05059E-2 2.23198E-2
2.02505E-2 1.94756E-2 1.88815E-2 1.92682E-2 1.90154E-2 1.85118E-2 1.76118E-2 1.69243E-2 1.51339E-2 1.60817E-2 1.72422E-2 2.01303E-2 2.18241E-2 2.14331E-2 2.11195E-2 2.13581E-2 2.12184E-2 2.00017E-2 1.89881E-2 1.85475E-2 1.81069E-2 1.76602E-2 1.67951E-2 1.77912E-2 1.90671E-2 2.00085E-2 2.01891E-2 2.07206E-2 2.0829E-2 2.07872E-2 2.08992E-2 2.02578E-2 2.02975E-2 2.04303E-2 2.12079E-2 2.21403E-2 2.36125E-2 2.34621E-2 2.31007E-2 2.23728E-2 2.17541E-2 2.07071E-2 2.05877E-2 2.11233E-2 2.01242E-2 2.12002E-2 2.08144E-2 2.11489E-2 2.17767E-2 2.22382E-2 2.27115E-2 2.24786E-2 2.24722E-2 2.22184E-2 2.14417E-2 2.15397E-2 2.10323E-2 2.08587E-2 2.02979E-2 1.98986E-2 2.10843E-2
2.09125E-2 2.05844E-2 2.08852E-2 2.09397E-2 2.0759E-2 1.98844E-2 1.88153E-2 1.79862E-2 1.77775E-2 1.88858E-2 1.94993E-2 2.04779E-2 2.23788E-2 2.03779E-2 1.94505E-2 2.06366E-2 2.03424E-2 1.96628E-2 1.88935E-2 1.93574E-2 1.91516E-2 2.00905E-2 1.90587E-2 1.90339E-2 1.96349E-2 1.95949E-2 1.94242E-2 1.94876E-2 2.00135E-2 2.07595E-2 2.05377E-2 2.09687E-2 2.10892E-2 2.0194E-2 2.10393E-2 2.21364E-2 2.35921E-2 2.38403E-2 2.28531E-2 2.23164E-2 2.19305E-2 2.08451E-2 2.00227E-2 2.05948E-2 2.07799E-2 2.10598E-2 2.03722E-2 2.0271E-2 2.13539E-2 2.222E-2 2.22183E-2 2.25727E-2 2.27941E-2 2.19894E-2 2.19465E-2 2.12917E-2 2.15377E-2 2.07536E-2 2.01661E-2 1.78462E-2 1.92502E-2
2.07207E-2 2.0678E-2 2.05798E-2 2.01061E-2 2.08533E-2 1.99051E-2 1.54816E-2 1.53891E-2 1.62437E-2 1.73193E-2 2.00364E-2 2.20995E-2 2.25251E-2 2.05234E-2 1.7893E-2 1.7212E-2 1.69008E-2 1.79346E-2 1.81163E-2 1.94882E-2 1.95311E-2 2.11809E-2 2.19403E-2 2.08426E-2 2.12764E-2 2.08423E-2 2.06077E-2 1.98263E-2 1.99279E-2 1.96664E-2 2.14741E-2 2.19369E-2 2.22247E-2 2.14291E-2 2.25271E-2 2.43401E-2 2.50894E-2 2.39571E-2 2.23855E-2 2.20738E-2 2.16634E-2 2.06178E-2 1.9661E-2 1.99884E-2 2.09192E-2 2.13724E-2 2.18344E-2 2.1459E-2 2.15139E-2 2.21911E-2 2.23794E-2 2.26143E-2 2.26728E-2 2.08064E-2 2.14017E-2 2.14825E-2 2.06359E-2 2.0636E-2 1.98812E-2 1.83524E-2 1.96911E-2
1.62205E-2 2.00329E-2 2.11334E-2 2.10331E-2 2.17281E-2 2.17116E-2 2.02103E-2 1.97757E-2 1.89642E-2 2.01006E-2 2.06679E-2 2.21421E-2 2.28056E-2 2.24729E-2 2.00903E-2 1.77534E-2 1.63642E-2 1.70986E-2 1.59656E-2 1.79484E-2 2.05711E-2 2.33804E-2 2.44194E-2 2.44632E-2 2.414E-2 2.35863E-2 2.34891E-2 2.26339E-2 2.22925E-2 2.21284E-2 2.24933E-2 2.36726E-2 2.36177E-2 2.20577E-2 2.50118E-2 2.55805E-2 2.57809E-2 2.53517E-2 2.46142E-2 2.32018E-2 2.12357E-2 1.98895E-2 1.86397E-2 1.79142E-2 2.01378E-2 2.04821E-2 2.04091E-2 2.03661E-2 2.1718E-2 2.23735E-2 2.2751E-2 2.29706E-2 2.23717E-2 2.1575E-2 2.12983E-2 2.09959E-2 2.01639E-2 1.98772E-2 1.94943E-2 2.0063E-2 2.05319E-2
1.68714E-2 2.00067E-2 1.99741E-2 2.17309E-2 2.1597E-2 2.20845E-2 2.12632E-2 2.05012E-2 2.0955E-2 1.97617E-2 1.72008E-2 1.89984E-2 2.16477E-2 2.28379E-2 2.276E-2 2.05307E-2 1.95186E-2 2.14668E-2 1.89934E-2 1.90182E-2 2.06091E-2 2.44037E-2 2.54868E-2 2.59423E-2 2.61115E-2 2.61415E-2 2.50771E-2 2.5951E-2 2.5509E-2 2.53228E-2 2.44604E-2 2.52385E-2 2.52252E-2 2.55384E-2 2.6665E-2 2.51798E-2 2.46808E-2 2.5991E-2 2.66733E-2 2.49691E-2 2.33003E-2 2.23176E-2 2.10037E-2 1.97381E-2 1.89836E-2 1.7079E-2 1.84459E-2 1.9803E-2 2.06265E-2 2.03994E-2 2.21294E-2 2.27381E-2 2.17725E-2 2.11777E-2 2.14868E-2 2.05684E-2 1.97642E-2 1.94943E-2 2.10107E-2 2.37234E-2 2.5084E-2
1.64451E-2 1.89024E-2 1.73565E-2 2.01058E-2 2.1173E-2 2.0616E-2 1.88219E-2 1.79415E-2 1.64945E-2 1.36773E-2 1.31115E-2 1.77423E-2 2.04719E-2 2.15296E-2 2.2641E-2 2.14211E-2 1.8752E-2 2.04356E-2 2.28148E-2 2.28544E-2 2.38772E-2 2.48253E-2 2.50524E-2 2.53804E-2 2.67048E-2 2.71997E-2 2.72705E-2 2.73906E-2 2.76934E-2 2.7221E-2 2.71858E-2 2.69744E-2 2.70885E-2 2.72325E-2 2.70342E-2 2.53886E-2 2.41094E-2 2.37414E-2 2.50232E-2 2.48206E-2 2.7026E-2 2.75229E-2 2.62653E-2 2.44341E-2 2.30001E-2 2.04687E-2 2.23954E-2 1.97447E-2 1.82173E-2 1.89188E-2 2.05899E-2 2.16702E-2 2.11568E-2 2.01054E-2 2.05803E-2 1.94677E-2 1.96566E-2 2.08117E-2 2.45113E-2 2.86115E-2 2.89837E-2
1.82863E-2 1.77534E-2 1.77998E-2 1.85216E-2 1.96302E-2 2.03552E-2 1.9609E-2 1.80422E-2 1.54463E-2 1.57518E-2 1.59933E-2 1.65469E-2 1.7479E-2 1.70631E-2 1.98072E-2 1.91907E-2 1.74307E-2 1.7985E-2 1.92512E-2 1.99815E-2 1.96863E-2 2.24028E-2 2.28385E-2 2.23879E-2 2.58723E-2 2.68968E-2 2.76491E-2 2.78293E-2 2.84184E-2 2.79463E-2 2.78154E-2 2.79119E-2 2.79011E-2 2.801E-2 2.77341E-2 2.71972E-2 2.58129E-2 2.52506E-2 2.58832E-2 2.78953E-2 2.93255E-2 2.99458E-2 2.92544E-2 2.79989E-2 2.75785E-2 2.74125E-2 2.43727E-2 2.25343E-2 2.33005E-2 2.30889E-2 2.26108E-2 2.3569E-2 2.18582E-2 2.03797E-2 2.14556E-2 2.10892E-2 2.38368E-2 2.62996E-2 3.0161E-2 3.23466E-2 3.17201E-2
1.63569E-2 1.70461E-2 1.8063E-2 1.71251E-2 1.80944E-2 1.71475E-2 1.82867E-2 1.69419E-2 1.54665E-2 1.27284E-2 1.2038E-2 1.19438E-2 1.60672E-2 1.95662E-2 1.94318E-2 1.91292E-2 1.76307E-2 1.70481E-2 1.8647E-2 2.04838E-2 2.10509E-2 2.04142E-2 1.91876E-2 2.1192E-2 2.22699E-2 2.51783E-2 2.70753E-2 2.76846E-2 2.78257E-2 2.77672E-2 2.5743E-2 2.6866E-2 2.72118E-2 2.65069E-2 2.77913E-2 2.76937E-2 2.7838E-2 2.79284E-2 2.83428E-2 2.87135E-2 2.95548E-2 3.04006E-2 3.05587E-2 3.07576E-2 3.12857E-2 3.10302E-2 3.03176E-2 2.98004E-2 2.94631E-2 2.87343E-2 2.88607E-2 2.91422E-2 2.74776E-2 2.68395E-2 2.7332E-2 2.54129E-2 2.91961E-2 3.15436E-2 3.26626E-2 3.39069E-2 3.3446E-2
1.7183E-2 1.68808E-2 1.48925E-2 1.50733E-2 1.56617E-2 1.63845E-2 1.76042E-2 1.62725E-2 1.41297E-2 1.23449E-2 1.3087E-2 1.39727E-2 1.5993E-2 1.97876E-2 1.9687E-2 1.62742E-2 1.73511E-2 1.84508E-2 1.86914E-2 1.8608E-2 1.95507E-2 1.96423E-2 1.90877E-2 1.75079E-2 1.9532E-2 2.04486E-2 2.0502E-2 2.11101E-2 2.28429E-2 2.59831E-2 2.57809E-2 2.6588E-2 2.65388E-2 2.64194E-2 2.65679E-2 2.64554E-2 2.64669E-2 2.70238E-2 2.73567E-2 2.77271E-2 2.87132E-2 2.98104E-2 3.05641E-2 3.1458E-2 3.17249E-2 3.22061E-2 3.22896E-2 3.21748E-2 3.26545E-2 3.26163E-2 3.2502E-2 3.24529E-2 3.22592E-2 3.14369E-2 3.14777E-2 3.26167E-2 3.32443E-2 3.46328E-2 3.51116E-2 3.47339E-2 3.46526E-2
1.76804E-2 1.69336E-2 1.55923E-2 1.60058E-2 1.52788E-2 1.51198E-2 1.65846E-2 1.6747E-2 1.33735E-2 1.15961E-2 1.40796E-2 1.65379E-2 1.7639E-2 1.95061E-2 2.05456E-2 1.92876E-2 1.99977E-2 2.25891E-2 2.62747E-2 2.62875E-2 2.20816E-2 1.85158E-2 1.78981E-2 2.03987E-2 1.72833E-2 1.72494E-2 2.08095E-2 2.12792E-2 2.27556E-2 2.32252E-2 2.4489E-2 2.46595E-2 2.40973E-2 2.32143E-2 2.35282E-2 2.57769E-2 2.59145E-2 2.5304E-2 2.51738E-2 2.59387E-2 2.69044E-2 2.77338E-2 2.80837E-2 2.97421E-2 3.05346E-2 3.12255E-2 3.24371E-2 3.32982E-2 3.35744E-2 3.3482E-2 3.36559E-2 3.38777E-2 3.44999E-2 3.4203E-2 3.38677E-2 3.43361E-2 3.49246E-2 3.52939E-2 3.57247E-2 3.53468E-2 3.44812E-2
1.63067E-2 1.59404E-2 1.48608E-2 1.34791E-2 1.42168E-2 1.71453E-2 1.76967E-2 1.71285E-2 1.39338E-2 1.32186E-2 1.1648E-2 1.07556E-2 1.26076E-2 1.57972E-2 1.61984E-2 1.72468E-2 1.8115E-2 2.25829E-2 2.69825E-2 2.74105E-2 2.78925E-2 2.49239E-2 1.99626E-2 2.11019E-2 2.24372E-2 2.28108E-2 2.35354E-2 2.2815E-2 2.31347E-2 2.43814E-2 2.44844E-2 2.39561E-2 2.28163E-2 2.13902E-2 2.09018E-2 2.25594E-2 2.06834E-2 2.24983E-2 2.45465E-2 2.45672E-2 2.49796E-2 2.43167E-2 2.44954E-2 2.63877E-2 2.8706E-2 3.01946E-2 3.17616E-2 3.33061E-2 3.38545E-2 3.43318E-2 3.39216E-2 3.43526E-2 3.44862E-2 3.44082E-2 3.41318E-2 3.47618E-2 3.50215E-2 3.52033E-2 3.32075E-2 3.14073E-2 2.96953E-2
1.4522E-2 1.31951E-2 1.34535E-2 1.31637E-2 1.49443E-2 1.77191E-2 1.7743E-2 1.74247E-2 1.3288E-2 1.24641E-2 1.17626E-2 1.3246E-2 1.28786E-2 1.44742E-2 1.45978E-2 1.49905E-2 1.80769E-2 2.24166E-2 2.45448E-2 2.79182E-2 2.80637E-2 2.80015E-2 2.59451E-2 1.97051E-2 1.862E-2 2.14464E-2 2.2665E-2 2.33655E-2 2.43256E-2 2.57918E-2 2.52775E-2 2.30138E-2 2.07267E-2 2.38999E-2 2.65579E-2 2.67695E-2 2.52517E-2 2.41365E-2 2.34659E-2 2.08207E-2 2.18346E-2 2.20347E-2 2.32584E-2 2.42227E-2 2.68291E-2 2.84245E-2 3.08329E-2 3.26978E-2 3.35225E-2 3.44887E-2 3.4328E-2 3.40766E-2 3.45479E-2 3.47722E-2 3.50215E-2 3.51123E-2 3.49486E-2 3.34988E-2 2.97926E-2 2.81721E-2 2.99792E-2
1.49337E-2 1.5265E-2 1.53752E-2 1.48542E-2 1.57512E-2 1.78821E-2 1.84716E-2 1.77634E-2 1.53122E-2 1.40679E-2 1.3328E-2 1.32E-2 1.56169E-2 1.53715E-2 1.69587E-2 1.61723E-2 1.63992E-2 1.83531E-2 2.22926E-2 2.77696E-2 2.80637E-2 2.86949E-2 2.87058E-2 2.73311E-2 1.97956E-2 1.61275E-2 2.04468E-2 2.46807E-2 2.51947E-2 2.7183E-2 2.47245E-2 2.42353E-2 2.5298E-2 2.79032E-2 2.88202E-2 2.94636E-2 2.84637E-2 2.76049E-2 2.60554E-2 2.56279E-2 2.41831E-2 2.13974E-2 2.08151E-2 2.04201E-2 2.37545E-2 2.68564E-2 2.90614E-2 3.04097E-2 3.1669E-2 3.25958E-2 3.35707E-2 3.34814E-2 3.29486E-2 3.19696E-2 3.24197E-2 3.35524E-2 3.43824E-2 3.33227E-2 3.13558E-2 3.24126E-2 3.13919E-2
1.44689E-2 1.46236E-2 1.36283E-2 1.43713E-2 1.56982E-2 1.73573E-2 1.81836E-2 1.8177E-2 1.56181E-2 1.6175E-2 1.64473E-2 1.51636E-2 1.67737E-2 1.8054E-2 1.73818E-2 1.70885E-2 1.78781E-2 2.06009E-2 2.3062E-2 2.24166E-2 2.66552E-2 2.80233E-2 2.85234E-2 2.829E-2 2.44049E-2 1.93024E-2 1.81683E-2 2.23035E-2 2.48092E-2 2.52871E-2 2.7804E-2 2.6997E-2 2.90361E-2 2.94776E-2 2.95926E-2 2.96022E-2 2.89273E-2 2.61696E-2 2.52325E-2 2.66017E-2 2.6979E-2 2.63304E-2 2.42603E-2 2.23221E-2 2.28576E-2 2.52469E-2 2.47163E-2 2.54142E-2 2.84739E-2 2.96352E-2 3.19369E-2 3.23535E-2 3.00981E-2 2.84441E-2 3.16702E-2 3.23458E-2 3.40798E-2 3.52348E-2 3.49437E-2 3.53814E-2 3.37806E-2
1.59996E-2 1.63541E-2 1.5656E-2 1.59256E-2 1.73346E-2 1.8301E-2 1.90861E-2 1.95935E-2 1.92903E-2 1.85244E-2 1.72065E-2 1.81002E-2 1.93137E-2 1.90691E-2 1.76564E-2 1.8006E-2 1.83691E-2 1.91575E-2 1.90394E-2 2.16143E-2 2.26257E-2 2.52634E-2 2.84359E-2 2.77784E-2 2.51325E-2 2.43094E-2 2.25685E-2 2.16801E-2 2.21947E-2 2.30228E-2 2.43926E-2 2.69882E-2 2.60706E-2 2.60706E-2 2.87637E-2 2.95495E-2 2.93438E-2 2.84333E-2 2.90971E-2 2.9718E-2 2.96068E-2 2.90739E-2 2.69901E-2 2.44572E-2 2.55506E-2 2.55491E-2 2.55368E-2 2.61234E-2 2.78667E-2 2.9253E-2 3.07356E-2 3.05918E-2 2.79774E-2 2.72563E-2 2.9403E-2 3.16746E-2 3.34999E-2 3.45017E-2 3.51156E-2 3.30018E-2 2.89248E-2
1.54895E-2 1.70288E-2 1.66638E-2 1.45037E-2 1.47933E-2 1.69912E-2 1.84125E-2 1.97766E-2 2.04064E-2 2.07309E-2 2.07963E-2 2.10143E-2 2.09323E-2 2.12541E-2 2.06623E-2 1.97759E-2 1.80495E-2 1.63982E-2 1.67819E-2 1.81179E-2 2.01895E-2 1.96814E-2 2.41818E-2 2.43305E-2 2.49411E-2 2.26342E-2 2.27547E-2 2.12484E-2 2.01089E-2 1.89764E-2 2.01864E-2 2.42687E-2 2.80486E-2 2.48661E-2 2.48119E-2 2.69493E-2 2.59729E-2 2.67618E-2 2.91105E-2 2.99696E-2 3.01647E-2 2.95192E-2 2.80619E-2 2.84951E-2 2.83843E-2 2.81763E-2 2.83632E-2 2.87213E-2 2.76265E-2 2.6088E-2 2.8135E-2 2.97173E-2 2.96845E-2 2.89986E-2 2.85776E-2 2.91257E-2 3.13634E-2 3.27193E-2 3.43401E-2 3.35983E-2 3.16386E-2
1.49726E-2 1.72968E-2 1.53831E-2 1.26904E-2 1.56502E-2 1.79822E-2 1.93134E-2 2.03268E-2 2.06395E-2 2.12342E-2 2.15726E-2 2.17504E-2 2.16143E-2 2.14381E-2 2.12982E-2 2.06382E-2 1.95723E-2 1.58318E-2 1.46454E-2 1.59862E-2 1.29767E-2 1.37061E-2 1.77079E-2 2.03303E-2 2.44493E-2 2.14555E-2 2.10633E-2 1.87285E-2 1.95514E-2 1.88104E-2 1.78039E-2 2.35502E-2 2.89228E-2 2.53273E-2 1.93709E-2 2.07406E-2 2.31247E-2 2.32973E-2 2.61137E-2 2.66168E-2 2.86161E-2 2.97838E-2 3.00417E-2 2.99777E-2 2.75993E-2 2.54824E-2 2.70879E-2 2.93576E-2 2.93291E-2 2.64562E-2 2.5123E-2 2.44272E-2 2.53078E-2 2.9282E-2 2.96675E-2 2.89597E-2 3.05027E-2 3.25689E-2 3.34731E-2 3.34667E-2 3.07365E-2
1.55251E-2 1.68399E-2 1.51504E-2 1.41693E-2 1.58406E-2 1.88962E-2 2.02395E-2 2.07317E-2 2.1078E-2 2.14021E-2 2.18733E-2 2.22672E-2 2.23835E-2 2.2218E-2 2.17671E-2 1.96607E-2 1.95173E-2 1.59215E-2 1.41363E-2 1.21523E-2 1.15086E-2 1.17554E-2 1.43792E-2 2.15484E-2 2.55205E-2 2.46917E-2 2.29551E-2 1.97931E-2 2.20602E-2 2.19438E-2 2.5604E-2 2.74416E-2 2.67367E-2 2.68412E-2 2.46627E-2 2.0192E-2 1.89839E-2 1.85642E-2 2.18605E-2 2.49364E-2 2.57067E-2 2.5257E-2 2.86978E-2 3.01981E-2 2.93598E-2 2.80038E-2 2.54796E-2 2.57174E-2 2.81238E-2 2.89304E-2 2.98364E-2 2.93271E-2 2.57128E-2 2.57128E-2 2.71273E-2 2.74908E-2 2.89454E-2 3.09017E-2 3.0603E-2 3.1056E-2 2.75888E-2
1.47884E-2 1.42667E-2 1.35334E-2 1.45175E-2 1.66004E-2 1.94431E-2 2.04818E-2 2.0832E-2 2.10779E-2 2.15738E-2 2.14299E-2 2.14372E-2 2.18641E-2 2.14658E-2 2.11956E-2 2.07465E-2 1.97378E-2 1.79186E-2 1.33399E-2 1.28236E-2 1.39624E-2 1.44127E-2 1.85841E-2 2.42996E-2 2.53992E-2 2.49393E-2 2.32348E-2 2.30412E-2 2.29105E-2 2.14786E-2 2.83362E-2 2.65521E-2 2.07614E-2 2.15912E-2 2.44828E-2 2.49648E-2 2.18325E-2 2.35524E-2 2.47425E-2 2.43418E-2 2.46921E-2 2.39902E-2 2.5271E-2 2.78031E-2 2.80346E-2 2.73434E-2 2.73329E-2 2.63253E-2 2.81346E-2 2.94388E-2 3.04408E-2 3.0985E-2 3.04272E-2 2.89593E-2 2.85526E-2 2.81488E-2 2.93694E-2 3.00643E-2 3.00577E-2 3.01719E-2 2.90704E-2
1.45628E-2 1.30371E-2 1.44702E-2 1.56054E-2 1.67849E-2 1.85601E-2 1.98439E-2 1.97584E-2 2.09601E-2 2.12053E-2 2.12434E-2 2.12514E-2 2.15302E-2 2.16992E-2 2.11128E-2 2.02591E-2 1.95455E-2 1.75659E-2 1.33325E-2 1.14367E-2 1.39896E-2 1.79248E-2 2.29166E-2 2.42141E-2 2.21783E-2 2.08313E-2 2.15166E-2 2.13009E-2 1.71953E-2 1.77295E-2 2.67827E-2 2.09545E-2 2.0663E-2 2.37977E-2 2.47301E-2 2.40021E-2 2.40012E-2 2.48916E-2 2.43203E-2 2.24542E-2 2.29817E-2 2.33277E-2 2.36551E-2 2.36392E-2 2.31151E-2 2.12213E-2 2.20345E-2 2.29875E-2 2.32929E-2 2.64428E-2 2.87568E-2 2.59163E-2 2.35992E-2 2.20014E-2 2.35789E-2 2.1632E-2 2.51586E-2 2.62193E-2 2.92257E-2 2.81149E-2 2.81122E-2
1.63182E-2 1.52171E-2 1.56094E-2 1.86665E-2 1.74132E-2 1.65419E-2 1.81482E-2 1.88366E-2 1.88254E-2 1.99829E-2 2.0769E-2 2.1085E-2 2.17406E-2 2.18934E-2 2.03487E-2 1.94565E-2 1.76326E-2 1.50719E-2 1.10048E-2 1.25835E-2 1.58708E-2 2.04183E-2 2.43454E-2 2.37966E-2 2.04741E-2 1.90797E-2 1.77753E-2 1.49909E-2 1.55988E-2 2.31141E-2 2.65618E-2 2.56784E-2 2.56149E-2 2.1523E-2 2.27241E-2 2.45794E-2 2.38784E-2 2.50119E-2 2.52632E-2 2.42011E-2 2.41941E-2 2.39787E-2 2.32824E-2 2.46624E-2 2.52485E-2 2.73403E-2 2.53498E-2 2.49997E-2 2.30755E-2 2.36242E-2 2.54695E-2 2.55605E-2 1.97303E-2 1.9107E-2 2.31346E-2 1.94503E-2 1.5702E-2 2.18514E-2 2.7646E-2 2.42975E-2 2.0508E-2
1.96434E-2 1.92814E-2 1.95153E-2 2.04284E-2 2.06074E-2 2.08704E-2 2.05E-2 1.87346E-2 2.02222E-2 2.16389E-2 2.14383E-2 2.06038E-2 2.07018E-2 2.00674E-2 1.73586E-2 1.52461E-2 1.54461E-2 1.25266E-2 1.03997E-2 1.30342E-2 1.82814E-2 2.26974E-2 2.47618E-2 2.19625E-2 2.04862E-2 1.99081E-2 1.50694E-2 1.58101E-2 2.13303E-2 2.80359E-2 2.56142E-2 2.56142E-2 2.03383E-2 1.94918E-2 2.05484E-2 2.29036E-2 2.26956E-2 2.20335E-2 2.28759E-2 2.45432E-2 2.59736E-2 2.53546E-2 2.57248E-2 2.59513E-2 2.49848E-2 2.77172E-2 2.7301E-2 2.55632E-2 2.51074E-2 2.69427E-2 2.55679E-2 2.4255E-2 2.11667E-2 1.88199E-2 2.22321E-2 2.23248E-2 1.33046E-2 1.80106E-2 2.47941E-2 2.41929E-2 2.32852E-2
2.04584E-2 2.05426E-2 2.02182E-2 2.05375E-2 2.15861E-2 2.14424E-2 2.15742E-2 2.17681E-2 2.19227E-2 2.23968E-2 2.20575E-2 2.05674E-2 1.738E-2 1.73979E-2 1.59855E-2 1.32822E-2 1.36781E-2 1.06897E-2 1.12215E-2 1.3841E-2 2.00986E-2 2.39269E-2 2.41551E-2 2.22716E-2 2.19335E-2 2.07448E-2 1.63097E-2 1.3889E-2 2.10877E-2 2.82186E-2 2.66464E-2 2.18047E-2 2.15334E-2 2.20324E-2 2.36592E-2 2.36455E-2 2.42964E-2 2.40708E-2 2.36092E-2 2.65602E-2 2.86538E-2 2.67759E-2 2.46008E-2 2.69115E-2 2.90507E-2 2.74213E-2 2.30236E-2 1.94415E-2 2.05136E-2 2.64423E-2 2.58018E-2 2.35647E-2 1.9984E-2 1.86571E-2 1.93789E-2 2.09914E-2 1.86211E-2 1.46235E-2 2.31078E-2 2.45351E-2 2.16787E-2
2.01134E-2 2.05834E-2 2.12703E-2 2.10104E-2 2.19156E-2 2.17551E-2 2.22056E-2 2.22176E-2 2.28908E-2 2.30104E-2 2.29705E-2 2.10487E-2 2.14963E-2 2.19416E-2 1.8767E-2 1.45359E-2 1.12465E-2 1.05422E-2 1.1468E-2 1.39551E-2 2.10815E-2 2.37724E-2 2.4562E-2 2.2908E-2 2.07348E-2 1.93302E-2 1.41485E-2 1.83793E-2 2.41054E-2 2.91792E-2 2.93986E-2 2.58177E-2 2.27328E-2 2.21104E-2 2.59606E-2 2.88508E-2 2.95179E-2 2.87193E-2 2.54104E-2 2.78092E-2 3.10609E-2 3.09541E-2 2.79088E-2 2.67605E-2 2.9541E-2 2.96951E-2 2.78046E-2 2.45933E-2 2.00029E-2 2.31619E-2 2.4053E-2 2.41731E-2 2.1978E-2 1.93394E-2 2.12859E-2 2.27873E-2 2.13803E-2 1.71251E-2 2.11934E-2 2.47741E-2 2.26215E-2
1.91587E-2 1.92841E-2 2.08899E-2 2.18134E-2 2.22647E-2 2.23046E-2 2.2392E-2 2.27955E-2 2.28252E-2 2.31457E-2 2.32969E-2 2.32514E-2 2.33424E-2 2.29917E-2 1.82405E-2 1.27858E-2 1.25483E-2 1.36056E-2 1.15094E-2 1.49646E-2 2.15095E-2 2.37726E-2 2.48737E-2 2.34278E-2 2.04405E-2 1.67658E-2 1.39606E-2 1.96392E-2 2.61914E-2 3.1143E-2 2.98125E-2 2.61771E-2 2.65349E-2 2.83237E-2 3.02296E-2 3.18784E-2 3.20546E-2 3.20283E-2 3.22687E-2 3.23885E-2 3.23047E-2 3.21856E-2 2.9651E-2 2.70038E-2 3.02381E-2 2.63713E-2 2.44688E-2 2.4841E-2 2.3809E-2 2.44876E-2 2.44888E-2 2.32502E-2 1.94202E-2 1.76012E-2 2.03822E-2 2.43103E-2 1.95738E-2 1.44243E-2 1.77086E-2 2.33804E-2 2.12572E-2
