Artocarpus heterophyllus SDM files/Last interglacial/results (with bias file)/Arthet_7.asc
ncols         625
nrows         721
xllcorner     69.99986311115
yllcorner     5.99986151914999
cellsize      0.041666667
NODATA_value  -9999
[rows 378 to 404 of 721, columns 244 to 304 of 625]
6.16517E-1 6.20344E-1 6.15618E-1 6.11513E-1 6.19792E-1 6.23936E-1 6.21838E-1 6.24086E-1 6.26357E-1 6.29572E-1 6.25295E-1 6.2076E-1 6.11001E-1 6.07293E-1 6.02197E-1 6.11859E-1 6.18553E-1 6.1637E-1 5.99024E-1 6.06657E-1 6.03393E-1 6.03828E-1 6.05902E-1 6.0918E-1 6.12409E-1 6.1451E-1 5.97922E-1 5.97417E-1 5.88382E-1 5.89683E-1 5.87098E-1 5.83271E-1 5.80209E-1 5.83124E-1 5.83643E-1 5.81244E-1 5.81901E-1 5.80776E-1 5.83161E-1 5.81122E-1 5.88164E-1 5.91887E-1 5.85925E-1 5.90225E-1 5.90138E-1 5.92223E-1 5.9415E-1 6.02486E-1 6.0175E-1 5.97773E-1 5.96332E-1 5.88887E-1 5.98678E-1 6.1526E-1 6.28276E-1 6.08674E-1 5.65934E-1 5.6752E-1 5.55646E-1 5.54578E-1 5.58951E-1
6.16342E-1 6.15888E-1 6.26885E-1 6.12507E-1 6.23642E-1 6.16417E-1 6.19657E-1 6.17134E-1 6.2429E-1 6.2384E-1 6.20201E-1 6.27137E-1 6.08611E-1 6.08251E-1 6.0549E-1 6.10401E-1 6.16054E-1 6.18344E-1 6.10191E-1 6.15031E-1 6.04014E-1 6.13926E-1 6.13484E-1 6.1267E-1 6.17175E-1 6.14644E-1 6.14906E-1 6.08243E-1 5.8799E-1 6.05342E-1 5.8789E-1 5.83232E-1 5.8122E-1 5.90143E-1 5.84846E-1 5.82535E-1 5.97916E-1 5.80274E-1 5.76259E-1 5.81324E-1 5.87541E-1 6.03472E-1 5.89956E-1 5.89066E-1 5.91558E-1 5.9028E-1 5.87927E-1 6.03451E-1 5.96601E-1 5.97056E-1 6.07296E-1 5.91389E-1 5.9716E-1 6.32394E-1 6.23558E-1 5.75224E-1 5.62106E-1 5.57228E-1 5.59883E-1 5.62877E-1 5.73365E-1
6.21338E-1 6.2604E-1 6.33819E-1 6.22752E-1 6.28273E-1 6.16745E-1 6.11658E-1 6.16698E-1 6.26031E-1 6.25624E-1 6.16983E-1 6.19314E-1 6.08539E-1 6.05664E-1 6.04971E-1 6.10401E-1 6.2346E-1 6.20399E-1 6.07834E-1 6.06946E-1 6.12029E-1 6.11855E-1 6.09785E-1 6.11668E-1 6.2885E-1 6.25385E-1 6.32746E-1 6.18447E-1 6.13639E-1 6.10588E-1 5.97574E-1 5.87162E-1 5.7996E-1 5.96107E-1 6.05151E-1 5.8493E-1 5.90943E-1 5.95651E-1 5.8311E-1 5.89479E-1 5.95538E-1 5.88699E-1 5.9055E-1 5.92213E-1 5.92322E-1 5.91669E-1 5.89346E-1 6.02624E-1 5.95756E-1 5.89516E-1 5.84396E-1 5.87806E-1 5.91792E-1 6.18548E-1 6.10815E-1 5.75263E-1 5.74601E-1 5.63955E-1 5.60652E-1 5.56522E-1 5.7029E-1
6.26997E-1 6.29651E-1 6.3372E-1 6.35706E-1 6.37249E-1 6.22701E-1 6.18454E-1 6.16785E-1 6.17859E-1 6.29858E-1 6.19227E-1 6.07815E-1 6.07057E-1 6.06138E-1 6.0675E-1 6.13709E-1 6.23091E-1 6.21578E-1 6.06463E-1 6.06858E-1 6.11112E-1 6.08696E-1 6.10656E-1 6.09132E-1 6.22951E-1 6.32024E-1 6.29287E-1 6.30623E-1 6.23603E-1 6.14448E-1 6.12295E-1 5.99989E-1 5.88211E-1 5.89999E-1 6.05026E-1 6.11441E-1 6.14573E-1 6.06351E-1 6.11698E-1 5.97313E-1 5.96658E-1 5.98802E-1 6.03211E-1 5.90789E-1 5.92907E-1 5.91975E-1 5.93431E-1 5.98055E-1 5.93528E-1 5.95622E-1 5.82973E-1 5.78289E-1 5.91185E-1 5.88973E-1 5.79885E-1 5.7367E-1 5.6791E-1 5.64463E-1 5.64857E-1 5.6556E-1 5.67795E-1
6.22077E-1 6.29302E-1 6.34961E-1 6.37739E-1 6.34614E-1 6.20375E-1 6.17138E-1 6.24633E-1 6.18383E-1 6.27362E-1 6.21833E-1 6.10488E-1 6.08493E-1 6.08516E-1 6.09394E-1 6.14843E-1 6.24284E-1 6.1597E-1 6.01875E-1 6.06652E-1 6.11799E-1 6.08056E-1 6.09393E-1 6.05206E-1 6.08669E-1 6.27069E-1 6.29724E-1 6.25493E-1 6.19055E-1 6.25938E-1 6.29351E-1 6.09088E-1 6.00782E-1 5.99923E-1 6.06831E-1 6.00718E-1 6.1395E-1 6.13527E-1 6.11175E-1 6.12773E-1 6.04371E-1 6.06908E-1 6.02389E-1 5.91821E-1 5.87649E-1 5.86528E-1 5.90868E-1 5.96511E-1 5.91459E-1 5.79021E-1 5.75672E-1 5.73565E-1 5.7789E-1 5.71289E-1 5.6864E-1 5.68989E-1 5.63001E-1 5.61449E-1 5.60634E-1 5.65328E-1 5.63975E-1
6.23073E-1 6.24115E-1 6.32667E-1 6.38602E-1 6.32099E-1 6.22003E-1 6.17574E-1 6.20899E-1 6.28038E-1 6.25432E-1 6.23167E-1 6.172E-1 6.12605E-1 6.10975E-1 6.12271E-1 6.19892E-1 6.22659E-1 6.06365E-1 6.0466E-1 6.08046E-1 6.08046E-1 6.08394E-1 6.103E-1 6.02149E-1 6.02062E-1 6.17524E-1 6.25864E-1 6.24476E-1 6.25493E-1 6.22479E-1 6.27175E-1 6.36388E-1 6.23857E-1 6.12835E-1 6.06198E-1 6.06515E-1 6.12947E-1 6.11378E-1 6.04978E-1 6.13557E-1 6.08518E-1 6.10629E-1 6.07829E-1 5.92859E-1 5.96965E-1 5.94143E-1 5.99486E-1 6.09278E-1 5.89597E-1 5.78484E-1 5.77311E-1 5.87906E-1 5.71913E-1 5.70174E-1 5.68753E-1 5.70109E-1 5.75654E-1 5.60353E-1 5.63529E-1 5.6479E-1 5.65846E-1
6.33157E-1 6.24115E-1 6.30036E-1 6.35736E-1 6.26088E-1 6.19675E-1 6.17923E-1 6.2288E-1 6.25942E-1 6.24301E-1 6.17026E-1 6.12693E-1 6.15644E-1 6.12314E-1 6.22641E-1 6.14287E-1 6.18432E-1 6.07001E-1 6.07042E-1 6.15711E-1 6.15798E-1 6.06996E-1 6.15417E-1 6.0477E-1 5.96888E-1 6.10954E-1 6.25871E-1 6.23367E-1 6.22252E-1 6.12893E-1 6.15561E-1 6.25855E-1 6.27027E-1 6.13665E-1 6.09765E-1 6.07037E-1 6.13732E-1 6.08254E-1 6.06447E-1 6.09128E-1 6.07086E-1 6.1195E-1 6.09093E-1 6.05033E-1 5.97976E-1 5.96924E-1 6.03568E-1 6.09276E-1 5.95153E-1 5.84533E-1 5.89958E-1 5.89663E-1 5.87871E-1 5.79641E-1 5.79875E-1 5.68001E-1 5.69669E-1 5.69501E-1 5.65426E-1 5.66465E-1 5.70834E-1
6.34714E-1 6.35243E-1 6.41273E-1 6.4157E-1 6.28796E-1 6.22177E-1 6.17574E-1 6.20899E-1 6.2562E-1 6.24738E-1 6.16302E-1 6.10057E-1 6.12867E-1 6.11672E-1 6.20921E-1 6.24789E-1 6.23615E-1 6.10665E-1 6.11623E-1 6.08774E-1 6.05454E-1 6.15449E-1 6.22458E-1 6.0822E-1 6.05146E-1 6.11517E-1 6.27473E-1 6.28246E-1 6.21049E-1 6.15607E-1 6.19066E-1 6.20636E-1 6.2523E-1 6.12944E-1 6.08178E-1 6.05054E-1 6.09215E-1 6.04607E-1 6.05654E-1 6.07028E-1 6.06389E-1 6.04415E-1 6.09625E-1 6.11589E-1 6.07441E-1 6.02012E-1 6.05173E-1 6.04595E-1 5.94979E-1 5.93513E-1 5.90734E-1 5.8159E-1 5.741E-1 5.76917E-1 5.76526E-1 5.70848E-1 5.75945E-1 5.79813E-1 5.64874E-1 5.65942E-1 5.76294E-1
6.33885E-1 6.31552E-1 6.36222E-1 6.33116E-1 6.36579E-1 6.21158E-1 6.19937E-1 6.2387E-1 6.20399E-1 6.22233E-1 6.16618E-1 6.12459E-1 6.09185E-1 6.20638E-1 6.23503E-1 6.33121E-1 6.39859E-1 6.09208E-1 6.04595E-1 6.0565E-1 6.06782E-1 6.13356E-1 6.15018E-1 6.06517E-1 6.09291E-1 6.18779E-1 6.30602E-1 6.26351E-1 6.17508E-1 6.12682E-1 6.14053E-1 6.17784E-1 6.3039E-1 6.1669E-1 6.15823E-1 6.1161E-1 6.1218E-1 6.09905E-1 6.06274E-1 6.10527E-1 6.08267E-1 6.04856E-1 6.03491E-1 6.06296E-1 6.1106E-1 6.0682E-1 6.07308E-1 6.04466E-1 6.0278E-1 6.01233E-1 5.89945E-1 5.72736E-1 5.72483E-1 5.7044E-1 5.76271E-1 5.75831E-1 5.73959E-1 5.75253E-1 5.70495E-1 5.70667E-1 5.74211E-1
6.37985E-1 6.34783E-1 6.33285E-1 6.33692E-1 6.36405E-1 6.25156E-1 6.18447E-1 6.28567E-1 6.20399E-1 6.25483E-1 6.14698E-1 6.13898E-1 6.15952E-1 6.25497E-1 6.41073E-1 6.38625E-1 6.3825E-1 6.34593E-1 6.00331E-1 6.01602E-1 6.11526E-1 6.28773E-1 6.19905E-1 5.99228E-1 6.02658E-1 6.11934E-1 6.19666E-1 6.24887E-1 6.2729E-1 6.2308E-1 6.10998E-1 6.15821E-1 6.30068E-1 6.117E-1 6.12883E-1 6.10831E-1 6.11309E-1 6.10993E-1 6.06361E-1 6.15133E-1 6.18425E-1 6.0757E-1 6.03578E-1 6.15014E-1 6.1167E-1 6.12776E-1 6.15884E-1 6.00919E-1 6.02298E-1 6.03276E-1 5.92215E-1 5.79634E-1 5.70428E-1 5.65775E-1 5.73384E-1 5.70387E-1 5.71019E-1 5.70314E-1 5.70926E-1 5.6876E-1 5.67512E-1
6.44773E-1 6.3979E-1 6.35092E-1 6.31933E-1 6.3439E-1 6.29851E-1 6.18967E-1 6.21335E-1 6.32415E-1 6.29739E-1 6.15047E-1 6.18778E-1 6.1458E-1 6.39989E-1 6.45166E-1 6.41235E-1 6.37621E-1 6.38053E-1 6.16325E-1 6.02451E-1 6.19939E-1 6.39621E-1 6.19367E-1 6.04109E-1 6.21976E-1 6.00747E-1 6.13324E-1 6.23966E-1 6.21782E-1 6.22819E-1 6.16939E-1 6.21106E-1 6.3326E-1 6.1231E-1 6.12596E-1 6.08075E-1 6.07583E-1 6.1385E-1 6.15743E-1 6.16891E-1 6.06341E-1 6.16019E-1 6.08836E-1 6.15451E-1 6.19426E-1 6.13212E-1 6.14868E-1 6.12435E-1 6.10351E-1 5.97947E-1 5.94815E-1 5.83587E-1 5.69879E-1 5.68321E-1 5.67632E-1 5.69023E-1 5.68191E-1 5.67301E-1 5.65142E-1 5.61623E-1 5.61776E-1
6.40679E-1 6.42468E-1 6.34481E-1 6.3202E-1 6.3183E-1 6.27918E-1 6.30811E-1 6.33E-1 6.26012E-1 6.29238E-1 6.22141E-1 6.19025E-1 6.22768E-1 6.36023E-1 6.45864E-1 6.47808E-1 6.335E-1 6.40905E-1 6.23458E-1 6.16557E-1 6.2398E-1 6.46487E-1 6.30773E-1 6.34828E-1 6.14519E-1 6.00407E-1 6.03088E-1 6.1548E-1 6.25601E-1 6.22383E-1 6.16939E-1 6.20845E-1 6.24879E-1 6.1216E-1 6.08526E-1 6.07676E-1 6.08564E-1 6.10196E-1 6.12665E-1 6.13163E-1 6.12901E-1 6.10988E-1 6.08559E-1 6.15225E-1 6.10058E-1 6.11228E-1 6.18199E-1 6.137E-1 6.10761E-1 6.0221E-1 5.97546E-1 5.814E-1 5.8611E-1 5.79067E-1 5.65414E-1 5.64735E-1 5.72322E-1 5.7141E-1 5.60282E-1 5.56613E-1 5.59066E-1
6.3891E-1 6.42381E-1 6.3106E-1 6.35703E-1 6.27918E-1 6.32718E-1 6.35008E-1 6.37036E-1 6.2592E-1 6.249E-1 6.21213E-1 6.2108E-1 6.30116E-1 6.33344E-1 6.40857E-1 6.3713E-1 6.46746E-1 6.38684E-1 6.32824E-1 6.33494E-1 6.31279E-1 6.43638E-1 6.39184E-1 6.34273E-1 6.13738E-1 6.09806E-1 6.11993E-1 6.2192E-1 6.32922E-1 6.20478E-1 6.14382E-1 6.16125E-1 6.25376E-1 6.13741E-1 6.06718E-1 6.13516E-1 6.0686E-1 6.09808E-1 6.09982E-1 6.08922E-1 6.09779E-1 6.09431E-1 6.10401E-1 6.11098E-1 6.13601E-1 6.18593E-1 6.10552E-1 6.09096E-1 6.07593E-1 6.05777E-1 5.95711E-1 5.96479E-1 6.02051E-1 5.8441E-1 5.6028E-1 5.68747E-1 5.82664E-1 5.78334E-1 5.6808E-1 5.52796E-1 5.60417E-1
6.37862E-1 6.43579E-1 6.36052E-1 6.33493E-1 6.29777E-1 6.32718E-1 6.39198E-1 6.34771E-1 6.21664E-1 6.21865E-1 6.24094E-1 6.2519E-1 6.30238E-1 6.35499E-1 6.43839E-1 6.47051E-1 6.40308E-1 6.38221E-1 6.32702E-1 6.26572E-1 6.37228E-1 6.30555E-1 6.3547E-1 6.33888E-1 6.19236E-1 6.1537E-1 6.16682E-1 6.22179E-1 6.33096E-1 6.2912E-1 6.16748E-1 6.14091E-1 6.24329E-1 6.17698E-1 6.14898E-1 6.04646E-1 6.09475E-1 6.06764E-1 6.06837E-1 6.0675E-1 6.06837E-1 6.10758E-1 6.09107E-1 6.12341E-1 6.17973E-1 6.15499E-1 6.1112E-1 6.09485E-1 6.08204E-1 6.07681E-1 6.02057E-1 6.04829E-1 6.07582E-1 6.01251E-1 5.82152E-1 5.85472E-1 5.9102E-1 5.75641E-1 5.56606E-1 5.53447E-1 5.58585E-1
6.36042E-1 6.29052E-1 6.32306E-1 6.34104E-1 6.31511E-1 6.37831E-1 6.40924E-1 6.29982E-1 6.20692E-1 6.23985E-1 6.31209E-1 6.29551E-1 6.27032E-1 6.36471E-1 6.39087E-1 6.49569E-1 6.31071E-1 6.37219E-1 6.37737E-1 6.29308E-1 6.19356E-1 6.21799E-1 6.25974E-1 6.28401E-1 6.2155E-1 6.11832E-1 6.21345E-1 6.1902E-1 6.29159E-1 6.15223E-1 6.15008E-1 6.07044E-1 6.19685E-1 6.05425E-1 6.13747E-1 6.16175E-1 6.06139E-1 6.05819E-1 6.07477E-1 6.09194E-1 6.17286E-1 6.02187E-1 6.11469E-1 6.14761E-1 6.17275E-1 6.13906E-1 6.16186E-1 6.08527E-1 6.09751E-1 6.07015E-1 6.101E-1 6.10245E-1 6.09053E-1 6.06667E-1 6.06754E-1 6.10258E-1 6.03643E-1 5.79694E-1 5.58627E-1 5.53816E-1 5.58287E-1
6.44052E-1 6.39482E-1 6.31299E-1 6.36939E-1 6.3929E-1 6.39181E-1 6.3148E-1 6.21779E-1 6.23678E-1 6.28106E-1 6.38427E-1 6.22994E-1 6.26296E-1 6.49056E-1 6.48323E-1 6.39439E-1 6.25617E-1 6.41153E-1 6.44882E-1 6.36274E-1 6.17447E-1 6.2266E-1 6.2137E-1 6.35849E-1 6.42662E-1 6.14768E-1 6.17833E-1 6.19459E-1 6.293E-1 6.24525E-1 6.12142E-1 6.11742E-1 6.15508E-1 6.11951E-1 6.17555E-1 6.13272E-1 6.11864E-1 6.11115E-1 6.19829E-1 6.11905E-1 6.19984E-1 6.16758E-1 6.19774E-1 6.18815E-1 6.12112E-1 6.19338E-1 6.20298E-1 6.06644E-1 6.10089E-1 6.03697E-1 6.101E-1 6.11938E-1 6.10945E-1 6.12816E-1 6.16005E-1 6.21189E-1 6.07188E-1 5.78426E-1 5.63715E-1 5.59934E-1 5.5651E-1
6.47374E-1 6.37444E-1 6.38525E-1 6.2814E-1 6.34217E-1 6.41476E-1 6.28045E-1 6.2771E-1 6.38459E-1 6.37298E-1 6.29374E-1 6.12402E-1 6.31547E-1 6.47508E-1 6.47034E-1 6.2573E-1 6.37867E-1 6.40621E-1 6.37898E-1 6.44113E-1 6.25481E-1 6.29351E-1 6.28204E-1 6.35184E-1 6.37276E-1 6.30562E-1 6.13734E-1 6.22251E-1 6.18704E-1 6.218E-1 6.1516E-1 6.10762E-1 6.11459E-1 6.14305E-1 6.13834E-1 6.09227E-1 6.15206E-1 6.15948E-1 6.20649E-1 6.15309E-1 6.23593E-1 6.23274E-1 6.25681E-1 6.17148E-1 6.15307E-1 6.16567E-1 6.29936E-1 6.19883E-1 6.05528E-1 5.96572E-1 6.12473E-1 6.11851E-1 6.0996E-1 6.13834E-1 6.2034E-1 6.29602E-1 6.18769E-1 5.97921E-1 5.59882E-1 5.52384E-1 5.66895E-1
6.47985E-1 6.37435E-1 6.37523E-1 6.29598E-1 6.38657E-1 6.32044E-1 6.37137E-1 6.3824E-1 6.43504E-1 6.37337E-1 6.09338E-1 6.15844E-1 6.44991E-1 6.44411E-1 6.28422E-1 6.3636E-1 6.53374E-1 6.4846E-1 6.30417E-1 6.28118E-1 6.45386E-1 6.46433E-1 6.36996E-1 6.30823E-1 6.26996E-1 6.363E-1 6.40366E-1 6.18051E-1 6.10833E-1 6.21574E-1 6.22256E-1 6.09781E-1 6.11088E-1 6.14697E-1 6.11779E-1 6.1304E-1 6.12786E-1 6.13832E-1 6.17082E-1 6.18196E-1 6.22083E-1 6.17649E-1 6.2563E-1 6.2096E-1 6.16004E-1 6.15633E-1 6.2646E-1 6.20111E-1 6.18765E-1 6.00493E-1 6.09477E-1 6.07989E-1 6.12598E-1 6.09473E-1 6.17728E-1 6.25985E-1 6.26208E-1 6.01501E-1 5.68803E-1 5.66005E-1 5.59762E-1
6.44512E-1 6.36737E-1 6.38221E-1 6.36185E-1 6.34468E-1 6.36057E-1 6.40369E-1 6.42396E-1 6.38109E-1 6.25786E-1 6.20337E-1 6.39671E-1 6.44316E-1 6.32643E-1 6.52411E-1 6.55658E-1 6.6007E-1 6.46594E-1 6.3718E-1 6.47476E-1 6.51418E-1 6.41977E-1 6.40013E-1 6.3092E-1 6.26704E-1 6.27216E-1 6.37937E-1 6.14946E-1 6.02411E-1 6.10978E-1 6.199E-1 6.17674E-1 6.07866E-1 6.15482E-1 6.13123E-1 6.0759E-1 6.11272E-1 6.15686E-1 6.18725E-1 6.1733E-1 6.1575E-1 6.15924E-1 6.1983E-1 6.16482E-1 6.14694E-1 6.19656E-1 6.22423E-1 6.18676E-1 6.15004E-1 6.06148E-1 6.07628E-1 6.1571E-1 6.15187E-1 6.13793E-1 6.19986E-1 6.15155E-1 6.1655E-1 6.06249E-1 5.8285E-1 5.7099E-1 5.52439E-1
6.45241E-1 6.3614E-1 6.3644E-1 6.37542E-1 6.32797E-1 6.33783E-1 6.37628E-1 6.38374E-1 6.30779E-1 6.20051E-1 6.22772E-1 6.37228E-1 6.20219E-1 6.38376E-1 6.54205E-1 6.54122E-1 6.61165E-1 6.57046E-1 6.49743E-1 6.58004E-1 6.42456E-1 6.34329E-1 6.3783E-1 6.29526E-1 6.33186E-1 6.30531E-1 6.16915E-1 6.11359E-1 6.08289E-1 6.16955E-1 6.26386E-1 6.21216E-1 6.14075E-1 6.22882E-1 6.14727E-1 6.04677E-1 6.08927E-1 6.09901E-1 6.21585E-1 6.18171E-1 6.10437E-1 6.12354E-1 6.17621E-1 6.10926E-1 6.14359E-1 6.18076E-1 6.19518E-1 6.18317E-1 6.09684E-1 6.02165E-1 6.05227E-1 6.13724E-1 6.11884E-1 6.16853E-1 6.1006E-1 6.12287E-1 6.13182E-1 6.03791E-1 6.01995E-1 5.82982E-1 5.62916E-1
6.44854E-1 6.37794E-1 6.319E-1 6.33521E-1 6.29472E-1 6.31454E-1 6.34894E-1 6.34221E-1 6.28874E-1 6.17995E-1 6.23363E-1 6.21782E-1 6.20502E-1 6.33535E-1 6.38476E-1 6.38216E-1 6.40051E-1 6.42985E-1 6.43285E-1 6.59424E-1 6.55501E-1 6.39568E-1 6.34853E-1 6.36905E-1 6.2866E-1 6.16921E-1 6.27381E-1 6.13447E-1 6.03504E-1 6.10689E-1 6.16595E-1 6.23325E-1 6.05067E-1 6.12864E-1 6.17411E-1 6.14959E-1 6.05493E-1 6.07086E-1 6.12895E-1 6.20003E-1 6.11909E-1 6.07487E-1 6.12213E-1 6.09553E-1 6.17698E-1 6.14437E-1 6.15516E-1 6.1663E-1 6.16156E-1 6.0478E-1 5.98248E-1 6.07056E-1 6.14374E-1 6.16472E-1 6.11233E-1 6.09839E-1 6.14296E-1 6.00072E-1 6.06103E-1 6.03788E-1 5.71952E-1
6.37737E-1 6.30915E-1 6.24322E-1 6.2926E-1 6.25718E-1 6.27065E-1 6.33349E-1 6.29366E-1 6.32899E-1 6.22192E-1 6.19048E-1 6.21782E-1 6.2487E-1 6.38449E-1 6.47347E-1 6.39851E-1 6.24054E-1 6.54976E-1 6.47307E-1 6.51321E-1 6.56673E-1 6.45386E-1 6.42646E-1 6.3571E-1 6.18227E-1 6.27226E-1 6.36461E-1 6.20216E-1 6.00343E-1 6.16429E-1 6.15404E-1 6.22676E-1 6.10861E-1 6.13168E-1 6.24623E-1 6.26742E-1 6.16552E-1 6.05234E-1 6.09138E-1 6.26549E-1 6.10981E-1 6.06504E-1 6.05581E-1 6.0861E-1 6.19579E-1 6.13405E-1 6.13866E-1 6.22444E-1 6.14226E-1 6.09667E-1 5.97329E-1 6.0567E-1 6.14678E-1 6.18678E-1 6.15377E-1 6.1479E-1 6.03955E-1 6.10542E-1 6.06846E-1 6.02237E-1 5.90284E-1
6.37912E-1 6.27552E-1 6.27211E-1 6.25631E-1 6.22172E-1 6.31704E-1 6.29961E-1 6.26431E-1 6.24017E-1 6.29193E-1 6.22905E-1 6.19929E-1 6.26625E-1 6.47983E-1 6.55264E-1 6.34507E-1 6.39874E-1 6.597E-1 6.60778E-1 6.43475E-1 6.57445E-1 6.58312E-1 6.36288E-1 6.3364E-1 6.178E-1 6.26794E-1 6.32314E-1 6.16188E-1 6.0749E-1 6.06248E-1 6.17889E-1 6.17509E-1 6.124E-1 6.18077E-1 6.27094E-1 6.27119E-1 6.08462E-1 6.10223E-1 6.1209E-1 6.19895E-1 6.17073E-1 6.1298E-1 6.12255E-1 6.18626E-1 6.10635E-1 6.11506E-1 6.21242E-1 6.07465E-1 6.06086E-1 6.10626E-1 6.03262E-1 6.16216E-1 6.1387E-1 6.08751E-1 6.03979E-1 6.0836E-1 6.07175E-1 6.12069E-1 6.0554E-1 5.99003E-1 5.93648E-1
6.37181E-1 6.35272E-1 6.27478E-1 6.27608E-1 6.26515E-1 6.28261E-1 6.24644E-1 6.22627E-1 6.25286E-1 6.29716E-1 6.22643E-1 6.22092E-1 6.23726E-1 6.40854E-1 6.41486E-1 6.35881E-1 6.47655E-1 6.50073E-1 6.48027E-1 6.43295E-1 6.54718E-1 6.58266E-1 6.44725E-1 6.38701E-1 6.26576E-1 6.15355E-1 6.13471E-1 6.15351E-1 5.98112E-1 6.04228E-1 6.17939E-1 6.11644E-1 6.09309E-1 6.22667E-1 6.27671E-1 6.25181E-1 6.17044E-1 6.15817E-1 6.08158E-1 6.15692E-1 6.18469E-1 6.14201E-1 6.17808E-1 6.14667E-1 6.17721E-1 6.19545E-1 6.18998E-1 6.1174E-1 6.02696E-1 5.99476E-1 6.04786E-1 6.13765E-1 6.17752E-1 6.09614E-1 6.01321E-1 6.0699E-1 6.09667E-1 6.07392E-1 6.01291E-1 5.94562E-1 5.91494E-1
6.35992E-1 6.41521E-1 6.26199E-1 6.21791E-1 6.22619E-1 6.2158E-1 6.20573E-1 6.27029E-1 6.25286E-1 6.29891E-1 6.23125E-1 6.20801E-1 6.2178E-1 6.22954E-1 6.36562E-1 6.42043E-1 6.43483E-1 6.43033E-1 6.47638E-1 6.48664E-1 6.513E-1 6.51813E-1 6.46516E-1 6.44813E-1 6.45426E-1 6.2528E-1 6.1868E-1 6.30318E-1 5.99089E-1 6.07911E-1 6.19559E-1 6.01582E-1 6.17267E-1 6.17315E-1 6.27758E-1 6.28978E-1 6.12378E-1 6.12617E-1 6.09061E-1 6.12927E-1 6.14235E-1 6.12046E-1 6.12656E-1 6.09973E-1 6.10409E-1 6.14682E-1 6.10416E-1 6.04834E-1 6.07363E-1 6.08127E-1 6.09895E-1 6.05966E-1 6.06662E-1 6.00401E-1 5.98233E-1 6.04428E-1 6.08284E-1 6.07182E-1 6.04995E-1 6.00823E-1 5.97203E-1
6.25525E-1 6.32153E-1 6.26327E-1 6.21853E-1 6.2188E-1 6.19701E-1 6.22802E-1 6.25723E-1 6.23949E-1 6.23816E-1 6.26465E-1 6.35247E-1 6.2553E-1 6.13182E-1 6.21105E-1 6.4187E-1 6.40075E-1 6.4241E-1 6.47157E-1 6.43324E-1 6.5248E-1 6.43062E-1 6.40004E-1 6.50657E-1 6.47788E-1 6.43023E-1 6.36462E-1 6.12374E-1 6.0065E-1 6.1608E-1 6.16756E-1 6.12012E-1 6.04231E-1 6.09593E-1 6.20073E-1 6.27169E-1 6.06756E-1 6.08457E-1 6.08336E-1 6.11555E-1 6.1234E-1 6.1383E-1 6.18546E-1 6.18322E-1 6.13024E-1 6.13476E-1 6.09111E-1 6.02497E-1 6.05612E-1 6.0831E-1 6.08223E-1 6.09895E-1 6.05917E-1 6.02562E-1 5.96807E-1 6.02628E-1 6.0233E-1 6.01769E-1 6.05452E-1 6.02657E-1 5.95066E-1
6.2013E-1 6.40002E-1 6.41739E-1 6.19509E-1 6.20531E-1 6.15493E-1 6.25081E-1 6.24907E-1 6.27392E-1 6.21496E-1 6.25051E-1 6.31104E-1 6.29247E-1 6.18163E-1 6.20262E-1 6.28408E-1 6.37698E-1 6.446E-1 6.37301E-1 6.46772E-1 6.5716E-1 6.39471E-1 6.18845E-1 6.56601E-1 6.5327E-1 6.29977E-1 6.13338E-1 6.05632E-1 6.0093E-1 6.0776E-1 6.02053E-1 6.11865E-1 6.0857E-1 6.23125E-1 6.17272E-1 6.06984E-1 5.97445E-1 5.98938E-1 6.03488E-1 6.07415E-1 6.07044E-1 6.05783E-1 6.13734E-1 6.13674E-1 6.1212E-1 6.09677E-1 6.07068E-1 6.04772E-1 6.06309E-1 6.11045E-1 6.01579E-1 6.06995E-1 5.96794E-1 5.9662E-1 5.95487E-1 5.9434E-1 5.9926E-1 5.97933E-1 5.94291E-1 5.94828E-1 5.97405E-1
