Artocarpus heterophyllus SDM files/Last interglacial/results (with bias file)/Arthet_2.asc
ncols         625
nrows         721
xllcorner     69.99986311115
yllcorner     5.99986151914999
cellsize      0.041666667
NODATA_value  -9999
[rows 27 to 53 of 721, columns 427 to 487 of 625]
8.394E-3 8.41683E-3 8.68104E-3 8.93606E-3 9.04312E-3 8.73942E-3 8.66309E-3 9.12134E-3 8.90102E-3 8.84814E-3 9.0153E-3 9.00261E-3 8.84579E-3 8.94564E-3 8.99961E-3 9.00069E-3 8.90302E-3 8.6758E-3 8.61533E-3 8.86301E-3 8.72132E-3 8.75455E-3 8.86186E-3 9.07457E-3 9.0863E-3 9.29154E-3 9.45353E-3 9.67418E-3 9.5134E-3 9.75652E-3 9.53577E-3 9.42064E-3 9.695E-3 1.02067E-2 1.03749E-2 1.03303E-2 9.98661E-3 9.56774E-3 9.32433E-3 8.51173E-3 8.46871E-3 7.93966E-3 7.08994E-3 6.50881E-3 7.60274E-3 8.79121E-3 8.85108E-3 8.71054E-3 8.17873E-3 8.3006E-3 9.15973E-3 9.24332E-3 9.85209E-3 1.01702E-2 1.07691E-2 1.05508E-2 1.07198E-2 1.08903E-2 1.12934E-2 1.14744E-2 1.15214E-2
8.86821E-3 9.12747E-3 9.0252E-3 8.84525E-3 9.10276E-3 8.87309E-3 8.44932E-3 8.88858E-3 9.06932E-3 9.08219E-3 8.76501E-3 8.25488E-3 8.0283E-3 8.13422E-3 8.63671E-3 8.85537E-3 8.47636E-3 8.78099E-3 9.17198E-3 9.22463E-3 9.34485E-3 9.1211E-3 9.45903E-3 9.5515E-3 9.57649E-3 9.71094E-3 9.99718E-3 1.00287E-2 1.02112E-2 1.02347E-2 1.00692E-2 1.00194E-2 9.98145E-3 1.01422E-2 1.02877E-2 1.06806E-2 1.05638E-2 1.01871E-2 9.8606E-3 9.25204E-3 8.8182E-3 8.09865E-3 7.62855E-3 7.70271E-3 8.3902E-3 9.09169E-3 9.62742E-3 9.63072E-3 9.29387E-3 9.43146E-3 9.43497E-3 9.83486E-3 1.05444E-2 1.0833E-2 1.10095E-2 1.08237E-2 1.10007E-2 1.11522E-2 1.14724E-2 1.16436E-2 1.15162E-2
8.97414E-3 8.16971E-3 8.18152E-3 8.65014E-3 8.85659E-3 9.04371E-3 8.97597E-3 9.15653E-3 9.13768E-3 8.55913E-3 7.97185E-3 8.32934E-3 8.56764E-3 8.81393E-3 8.86513E-3 9.10109E-3 9.08691E-3 9.32312E-3 9.44918E-3 9.64453E-3 9.69755E-3 9.69135E-3 9.78405E-3 9.87812E-3 9.83426E-3 9.955E-3 9.96128E-3 9.98032E-3 1.00939E-2 1.02939E-2 1.0263E-2 1.01853E-2 1.02317E-2 1.03219E-2 1.04672E-2 1.08145E-2 1.0663E-2 1.09812E-2 1.05709E-2 1.02232E-2 9.70418E-3 8.71897E-3 8.62114E-3 9.17759E-3 9.62909E-3 9.98998E-3 1.02423E-2 1.01271E-2 9.59722E-3 9.53742E-3 9.83468E-3 1.05448E-2 1.08201E-2 1.10593E-2 1.15045E-2 1.15525E-2 1.1551E-2 1.17402E-2 1.19612E-2 1.19869E-2 1.21559E-2
8.31389E-3 7.7389E-3 8.20078E-3 8.9769E-3 9.41308E-3 9.46899E-3 9.44935E-3 9.42739E-3 9.15073E-3 9.19437E-3 9.27031E-3 9.17122E-3 9.50595E-3 9.20127E-3 9.16399E-3 9.24018E-3 9.51249E-3 9.55126E-3 9.70496E-3 9.92171E-3 1.0169E-2 1.02197E-2 1.0146E-2 1.04378E-2 1.03511E-2 1.04697E-2 1.06117E-2 1.06371E-2 1.05699E-2 1.0604E-2 1.06412E-2 1.07292E-2 1.03674E-2 1.05549E-2 1.07733E-2 1.09178E-2 1.08455E-2 1.07325E-2 1.09708E-2 1.06019E-2 9.55299E-3 9.19251E-3 9.1363E-3 1.0149E-2 1.02563E-2 9.94409E-3 9.99701E-3 9.94676E-3 9.94504E-3 1.03784E-2 1.08171E-2 1.11395E-2 1.122E-2 1.1277E-2 1.15268E-2 1.17014E-2 1.18946E-2 1.18938E-2 1.19939E-2 1.21868E-2 1.20731E-2
7.61873E-3 7.8605E-3 8.38879E-3 9.0726E-3 9.44195E-3 9.61126E-3 9.57827E-3 9.47627E-3 9.68946E-3 9.7947E-3 9.94636E-3 9.59371E-3 9.92162E-3 9.82959E-3 9.92153E-3 9.82596E-3 9.80655E-3 9.94422E-3 9.69201E-3 9.77995E-3 9.98113E-3 1.0234E-2 1.0238E-2 1.02604E-2 1.04126E-2 1.05564E-2 1.06382E-2 1.05433E-2 1.07674E-2 1.09109E-2 1.09245E-2 1.08248E-2 1.07223E-2 1.09633E-2 1.11768E-2 1.1029E-2 1.10046E-2 1.09226E-2 1.06444E-2 1.04319E-2 9.84666E-3 9.43527E-3 9.9919E-3 1.03155E-2 1.03145E-2 9.03493E-3 8.98094E-3 9.35244E-3 1.04119E-2 1.06224E-2 1.09637E-2 1.13137E-2 1.1762E-2 1.15249E-2 1.17088E-2 1.1951E-2 1.21404E-2 1.21442E-2 1.20847E-2 1.20855E-2 1.2277E-2
8.18915E-3 7.75267E-3 8.19683E-3 9.45059E-3 9.40402E-3 9.84994E-3 9.9037E-3 9.9732E-3 1.00166E-2 1.04009E-2 1.03404E-2 1.03272E-2 1.03133E-2 1.03535E-2 1.03856E-2 1.04316E-2 1.04857E-2 1.06327E-2 1.04579E-2 1.05255E-2 1.04708E-2 1.04573E-2 1.04772E-2 1.06596E-2 1.06998E-2 1.08713E-2 1.07412E-2 1.0809E-2 1.10285E-2 1.12752E-2 1.12891E-2 1.09713E-2 1.11724E-2 1.13364E-2 1.11481E-2 1.12547E-2 1.13179E-2 1.11297E-2 1.07644E-2 1.09369E-2 1.03767E-2 1.0152E-2 1.05928E-2 1.0102E-2 9.47973E-3 8.60902E-3 8.28605E-3 9.16361E-3 9.68429E-3 1.03239E-2 1.10011E-2 1.15341E-2 1.1733E-2 1.16537E-2 1.18379E-2 1.17685E-2 1.18391E-2 1.17691E-2 1.20295E-2 1.24113E-2 1.26064E-2
8.64893E-3 9.0072E-3 9.48786E-3 9.76443E-3 9.78917E-3 9.96535E-3 1.02368E-2 1.02024E-2 1.04803E-2 1.05988E-2 1.06596E-2 1.05169E-2 1.06647E-2 1.08317E-2 1.08935E-2 1.11188E-2 1.10976E-2 1.11892E-2 1.12246E-2 1.11524E-2 1.12517E-2 1.1216E-2 1.11231E-2 1.11511E-2 1.12219E-2 1.08995E-2 1.09686E-2 1.09276E-2 1.06595E-2 1.05752E-2 1.1158E-2 1.14438E-2 1.13798E-2 1.14448E-2 1.15016E-2 1.13792E-2 1.11411E-2 1.12821E-2 1.07585E-2 1.03195E-2 1.03506E-2 1.02663E-2 1.04291E-2 1.03127E-2 9.68886E-3 8.94353E-3 7.98066E-3 7.9407E-3 8.79478E-3 9.75402E-3 1.03703E-2 1.0658E-2 1.12752E-2 1.16367E-2 1.16528E-2 1.16543E-2 1.18394E-2 1.20256E-2 1.21449E-2 1.22187E-2 1.24107E-2
9.3254E-3 9.71123E-3 1.0007E-2 9.92119E-3 1.00664E-2 9.97874E-3 1.04216E-2 1.05743E-2 1.07695E-2 1.08509E-2 1.10089E-2 1.10275E-2 1.10975E-2 1.12894E-2 1.11611E-2 1.11663E-2 1.12371E-2 1.12178E-2 1.12637E-2 1.12067E-2 1.13604E-2 1.14447E-2 1.14371E-2 1.14406E-2 1.1578E-2 1.1607E-2 1.1445E-2 1.14449E-2 1.14521E-2 1.14222E-2 1.18075E-2 1.15467E-2 1.18058E-2 1.18968E-2 1.18133E-2 1.16688E-2 1.11696E-2 1.07949E-2 1.12703E-2 1.07429E-2 1.04238E-2 1.02031E-2 1.02653E-2 1.05304E-2 1.04743E-2 9.88905E-3 9.42557E-3 8.78449E-3 8.78348E-3 9.13684E-3 1.02051E-2 1.09196E-2 1.09223E-2 1.10207E-2 1.12771E-2 1.15537E-2 1.14733E-2 1.15557E-2 1.18409E-2 1.17712E-2 1.1477E-2
9.86827E-3 1.00529E-2 9.34204E-3 9.11337E-3 1.01016E-2 1.04364E-2 1.00434E-2 9.88858E-3 1.03573E-2 1.09741E-2 1.08924E-2 1.07066E-2 1.04647E-2 1.07853E-2 1.13301E-2 1.13896E-2 1.14117E-2 1.16743E-2 1.15324E-2 1.16794E-2 1.15602E-2 1.14509E-2 1.14942E-2 1.14041E-2 1.17508E-2 1.20987E-2 1.20682E-2 1.2058E-2 1.20427E-2 1.19575E-2 1.21399E-2 1.20338E-2 1.21578E-2 1.22803E-2 1.20466E-2 1.14931E-2 1.13421E-2 1.11345E-2 1.11449E-2 1.07327E-2 1.04177E-2 1.04176E-2 1.05559E-2 1.08895E-2 1.06962E-2 9.93881E-3 9.47291E-3 8.73351E-3 9.20363E-3 1.03667E-2 1.08737E-2 1.06459E-2 1.00632E-2 1.0879E-2 1.14672E-2 1.17211E-2 1.12782E-2 1.08216E-2 1.13471E-2 1.11598E-2 1.1049E-2
9.95963E-3 9.25919E-3 8.38153E-3 9.57145E-3 1.03287E-2 9.86247E-3 9.57054E-3 9.93396E-3 1.04707E-2 1.10143E-2 1.12014E-2 1.09716E-2 1.06783E-2 1.12227E-2 1.15664E-2 1.17608E-2 1.19564E-2 1.1788E-2 1.19989E-2 1.19532E-2 1.16943E-2 1.1619E-2 1.12073E-2 1.1123E-2 1.16214E-2 1.20343E-2 1.25088E-2 1.25048E-2 1.24157E-2 1.23195E-2 1.23741E-2 1.23273E-2 1.23038E-2 1.23354E-2 1.21397E-2 1.18063E-2 1.17776E-2 1.21803E-2 1.19092E-2 1.10618E-2 1.04749E-2 1.0412E-2 1.05532E-2 1.09914E-2 1.053E-2 9.83103E-3 9.02934E-3 7.92778E-3 9.0415E-3 1.01161E-2 1.07048E-2 1.04772E-2 9.83299E-3 1.08781E-2 1.15211E-2 1.17195E-2 1.15084E-2 1.02532E-2 1.0896E-2 1.10041E-2 1.13866E-2
1.0288E-2 9.64342E-3 9.80104E-3 1.05402E-2 1.09093E-2 1.09627E-2 1.08282E-2 1.10722E-2 1.12949E-2 1.15114E-2 1.13182E-2 1.10258E-2 1.06777E-2 1.11663E-2 1.15596E-2 1.17173E-2 1.19416E-2 1.15153E-2 1.17843E-2 1.17292E-2 1.20146E-2 1.18027E-2 1.19201E-2 1.16574E-2 1.19407E-2 1.25785E-2 1.26016E-2 1.271E-2 1.27794E-2 1.27524E-2 1.25385E-2 1.24598E-2 1.22064E-2 1.20158E-2 1.27161E-2 1.24936E-2 1.25253E-2 1.24216E-2 1.21411E-2 1.17908E-2 1.13727E-2 1.1151E-2 1.12027E-2 1.08654E-2 1.07184E-2 1.03585E-2 9.36472E-3 9.01201E-3 9.09724E-3 1.02353E-2 1.04917E-2 1.05997E-2 1.03414E-2 1.1278E-2 1.14615E-2 1.15063E-2 1.13857E-2 1.01851E-2 1.03253E-2 1.0907E-2 1.08584E-2
1.01414E-2 9.5324E-3 1.03492E-2 1.09091E-2 1.12509E-2 1.17099E-2 1.19377E-2 1.19831E-2 1.18216E-2 1.18218E-2 1.18029E-2 1.08499E-2 1.13423E-2 1.17368E-2 1.20149E-2 1.19141E-2 1.16967E-2 1.12506E-2 1.2019E-2 1.20817E-2 1.23793E-2 1.24051E-2 1.22148E-2 1.21994E-2 1.21995E-2 1.2493E-2 1.2855E-2 1.2875E-2 1.27421E-2 1.28166E-2 1.27679E-2 1.25818E-2 1.2084E-2 1.22889E-2 1.27291E-2 1.28903E-2 1.28209E-2 1.26207E-2 1.23275E-2 1.22026E-2 1.12929E-2 1.17491E-2 1.14756E-2 1.08686E-2 1.05026E-2 1.05968E-2 9.56349E-3 9.15853E-3 8.60638E-3 9.53044E-3 1.02352E-2 1.09246E-2 1.08479E-2 1.02709E-2 1.03447E-2 1.11039E-2 1.13085E-2 1.08561E-2 1.1082E-2 1.05687E-2 1.02991E-2
1.01453E-2 1.06922E-2 1.152E-2 1.21036E-2 1.23117E-2 1.2437E-2 1.22616E-2 1.1597E-2 1.16813E-2 1.16811E-2 1.10582E-2 1.13761E-2 1.19204E-2 1.2015E-2 1.20913E-2 1.20147E-2 1.19055E-2 1.19027E-2 1.22124E-2 1.22092E-2 1.2057E-2 1.22507E-2 1.26687E-2 1.21625E-2 1.24085E-2 1.30012E-2 1.31693E-2 1.29933E-2 1.31727E-2 1.28961E-2 1.2669E-2 1.23385E-2 1.20986E-2 1.29918E-2 1.2981E-2 1.30468E-2 1.28974E-2 1.26518E-2 1.30029E-2 1.14748E-2 1.08004E-2 1.10807E-2 1.15867E-2 1.06709E-2 1.05769E-2 1.09616E-2 1.07535E-2 9.6522E-3 9.15347E-3 9.8834E-3 1.07373E-2 1.06608E-2 1.04811E-2 1.05079E-2 1.08473E-2 1.06028E-2 1.11986E-2 1.09455E-2 1.0412E-2 1.00241E-2 9.66055E-3
1.06871E-2 1.14939E-2 1.22672E-2 1.25127E-2 1.24848E-2 1.15978E-2 1.07608E-2 1.03325E-2 1.12078E-2 1.12718E-2 1.18717E-2 1.22019E-2 1.22714E-2 1.24577E-2 1.21916E-2 1.19246E-2 1.22891E-2 1.1837E-2 1.18393E-2 1.21123E-2 1.16544E-2 1.17394E-2 1.23973E-2 1.21153E-2 1.25927E-2 1.27933E-2 1.29012E-2 1.27023E-2 1.32032E-2 1.30484E-2 1.31339E-2 1.27658E-2 1.24285E-2 1.32983E-2 1.31193E-2 1.30386E-2 1.32572E-2 1.26304E-2 1.20686E-2 1.07214E-2 9.11925E-3 1.08436E-2 1.15697E-2 1.1485E-2 1.17025E-2 1.16486E-2 1.12214E-2 1.04052E-2 9.39566E-3 9.65837E-3 1.07077E-2 1.10527E-2 1.09922E-2 1.15102E-2 1.16103E-2 1.1475E-2 1.1149E-2 1.04114E-2 9.97558E-3 1.00348E-2 1.10338E-2
1.06175E-2 1.10787E-2 1.24991E-2 1.27083E-2 1.21969E-2 1.0668E-2 1.03306E-2 1.07428E-2 1.1578E-2 1.12687E-2 1.16204E-2 1.12725E-2 1.07473E-2 1.13561E-2 1.1453E-2 1.10953E-2 1.19964E-2 1.23299E-2 1.2062E-2 1.1621E-2 1.08577E-2 1.07638E-2 1.17237E-2 1.18228E-2 1.16386E-2 1.22044E-2 1.23961E-2 1.1839E-2 1.26885E-2 1.35624E-2 1.35071E-2 1.33946E-2 1.24302E-2 1.19441E-2 1.27591E-2 1.2438E-2 1.26176E-2 1.26803E-2 1.16074E-2 1.03099E-2 1.00091E-2 1.09355E-2 1.07807E-2 1.09079E-2 1.11148E-2 1.19119E-2 1.17701E-2 1.1237E-2 1.06062E-2 1.01514E-2 1.09742E-2 1.09777E-2 1.18807E-2 1.21738E-2 1.1901E-2 1.14508E-2 1.14493E-2 1.09692E-2 1.04585E-2 1.07264E-2 1.09778E-2
1.11388E-2 1.07263E-2 1.20557E-2 1.21356E-2 1.07426E-2 9.75749E-3 1.08745E-2 1.12183E-2 1.16599E-2 1.17125E-2 1.19776E-2 1.13487E-2 1.10875E-2 1.18284E-2 1.21716E-2 1.21117E-2 1.22555E-2 1.23485E-2 1.22546E-2 1.18018E-2 1.0998E-2 1.06375E-2 1.10489E-2 1.15893E-2 1.15048E-2 1.12425E-2 1.15901E-2 1.26472E-2 1.16911E-2 1.32443E-2 1.32223E-2 1.31628E-2 1.25749E-2 1.18072E-2 1.21697E-2 1.2183E-2 1.16206E-2 1.19143E-2 1.08467E-2 1.09211E-2 1.10948E-2 1.12731E-2 1.01743E-2 1.03223E-2 1.11628E-2 1.22745E-2 1.24487E-2 1.22478E-2 1.15063E-2 1.15554E-2 1.20171E-2 1.20731E-2 1.24564E-2 1.20917E-2 1.16352E-2 1.07956E-2 1.09965E-2 1.04089E-2 1.01534E-2 1.02258E-2 9.97487E-3
1.20784E-2 1.13381E-2 1.21465E-2 1.22766E-2 1.13156E-2 1.02831E-2 1.12048E-2 1.18174E-2 1.20711E-2 1.22222E-2 1.22836E-2 1.18436E-2 1.06211E-2 1.22186E-2 1.28081E-2 1.2787E-2 1.23817E-2 1.17874E-2 1.21469E-2 1.20784E-2 1.16074E-2 1.11716E-2 1.06369E-2 1.07945E-2 1.13722E-2 1.11927E-2 1.16733E-2 1.25226E-2 1.17048E-2 1.30289E-2 1.32174E-2 1.24711E-2 1.22766E-2 1.27622E-2 1.25961E-2 1.19919E-2 1.14049E-2 1.11586E-2 1.16383E-2 1.12748E-2 1.17218E-2 1.16224E-2 1.07668E-2 1.09205E-2 1.1259E-2 1.23682E-2 1.28089E-2 1.26181E-2 1.22964E-2 1.25252E-2 1.25425E-2 1.27348E-2 1.28241E-2 1.22551E-2 1.12547E-2 1.09673E-2 1.06226E-2 1.01247E-2 9.59051E-3 1.01788E-2 1.01347E-2
1.28307E-2 1.16691E-2 1.13049E-2 1.09508E-2 1.11242E-2 1.05257E-2 1.08419E-2 1.18292E-2 1.212E-2 1.27635E-2 1.25137E-2 1.20359E-2 1.14972E-2 1.26615E-2 1.35905E-2 1.34392E-2 1.3202E-2 1.20278E-2 1.22928E-2 1.26194E-2 1.20244E-2 1.15661E-2 1.14832E-2 1.06819E-2 1.10135E-2 1.10139E-2 1.24905E-2 1.24016E-2 1.21215E-2 1.28963E-2 1.2913E-2 1.23136E-2 1.21383E-2 1.27445E-2 1.32632E-2 1.32966E-2 1.26656E-2 1.08718E-2 1.17532E-2 1.16698E-2 1.13885E-2 1.18616E-2 1.16384E-2 1.14559E-2 1.13596E-2 1.21753E-2 1.33872E-2 1.2924E-2 1.24039E-2 1.29627E-2 1.28876E-2 1.31405E-2 1.2843E-2 1.21403E-2 1.13238E-2 1.17682E-2 1.02279E-2 1.01969E-2 1.00351E-2 1.05083E-2 9.94606E-3
1.33342E-2 1.25236E-2 1.12695E-2 1.07434E-2 1.01506E-2 1.04672E-2 1.16046E-2 1.20728E-2 1.21774E-2 1.23723E-2 1.25702E-2 1.23836E-2 1.27414E-2 1.3244E-2 1.3744E-2 1.38853E-2 1.37655E-2 1.27754E-2 1.25949E-2 1.26881E-2 1.23083E-2 1.16509E-2 1.17344E-2 1.14636E-2 1.08543E-2 1.10966E-2 1.21919E-2 1.2401E-2 1.17412E-2 1.22648E-2 1.19302E-2 1.22081E-2 1.20317E-2 1.20195E-2 1.26964E-2 1.34056E-2 1.29831E-2 1.21486E-2 1.17705E-2 1.0873E-2 9.86227E-3 1.14555E-2 1.22273E-2 1.20519E-2 1.15093E-2 1.13131E-2 1.24289E-2 1.24301E-2 1.32384E-2 1.33501E-2 1.37194E-2 1.3695E-2 1.27106E-2 1.22829E-2 1.1528E-2 1.11968E-2 1.14007E-2 1.12201E-2 1.01694E-2 1.11046E-2 1.14803E-2
1.33656E-2 1.27669E-2 1.18196E-2 1.10891E-2 1.05694E-2 1.09804E-2 1.16056E-2 1.15216E-2 1.07775E-2 1.16981E-2 1.20758E-2 1.25691E-2 1.29721E-2 1.39504E-2 1.42369E-2 1.44541E-2 1.3776E-2 1.3568E-2 1.37715E-2 1.32297E-2 1.21701E-2 1.16047E-2 1.17745E-2 1.20615E-2 1.17837E-2 1.0805E-2 1.13575E-2 1.19632E-2 1.22621E-2 1.16077E-2 1.12437E-2 1.21588E-2 1.2367E-2 1.16076E-2 1.25512E-2 1.22111E-2 1.2121E-2 1.16563E-2 1.24685E-2 1.12725E-2 9.94696E-3 1.14545E-2 1.2115E-2 1.17543E-2 1.12312E-2 1.15766E-2 1.23339E-2 1.18647E-2 1.26268E-2 1.32413E-2 1.36629E-2 1.40287E-2 1.28815E-2 1.25694E-2 1.22823E-2 1.20885E-2 1.18144E-2 1.1609E-2 1.16667E-2 1.17493E-2 1.12221E-2
1.34324E-2 1.32922E-2 1.18725E-2 1.13997E-2 1.14836E-2 1.21834E-2 1.25477E-2 1.20466E-2 1.12213E-2 1.0857E-2 1.20269E-2 1.27213E-2 1.31312E-2 1.39756E-2 1.43807E-2 1.42763E-2 1.36783E-2 1.31601E-2 1.30492E-2 1.29526E-2 1.19791E-2 1.06211E-2 1.06077E-2 1.17595E-2 1.16732E-2 1.1224E-2 1.21373E-2 1.19609E-2 1.16918E-2 1.08861E-2 1.11445E-2 1.07947E-2 1.17763E-2 1.0889E-2 1.2157E-2 1.14243E-2 1.08889E-2 1.09682E-2 1.28547E-2 1.15347E-2 1.09968E-2 1.10621E-2 1.26549E-2 1.19091E-2 1.14386E-2 1.24813E-2 1.30883E-2 1.35062E-2 1.33137E-2 1.33016E-2 1.37667E-2 1.47612E-2 1.41522E-2 1.30844E-2 1.28793E-2 1.21771E-2 1.17139E-2 1.14287E-2 1.17775E-2 1.19075E-2 1.07474E-2
1.36317E-2 1.33219E-2 1.27949E-2 1.26897E-2 1.26646E-2 1.27994E-2 1.30856E-2 1.24911E-2 1.15844E-2 1.12198E-2 1.14747E-2 1.25195E-2 1.29818E-2 1.39332E-2 1.45763E-2 1.37826E-2 1.33183E-2 1.31076E-2 1.2901E-2 1.2995E-2 1.23486E-2 1.11077E-2 1.10911E-2 1.19105E-2 1.03622E-2 1.0858E-2 1.24799E-2 1.14545E-2 1.10944E-2 1.00019E-2 9.71487E-3 9.01123E-3 1.04818E-2 1.0574E-2 1.16758E-2 1.0934E-2 1.03757E-2 1.16756E-2 1.27469E-2 1.1807E-2 1.07308E-2 1.15066E-2 1.27485E-2 1.19955E-2 1.15219E-2 1.2368E-2 1.2394E-2 1.27782E-2 1.36102E-2 1.39427E-2 1.47231E-2 1.49894E-2 1.47666E-2 1.40973E-2 1.25721E-2 1.25373E-2 1.22323E-2 1.15626E-2 1.18649E-2 1.12471E-2 1.0894E-2
1.28182E-2 1.25223E-2 1.28839E-2 1.24806E-2 1.34439E-2 1.27851E-2 1.21034E-2 1.20009E-2 1.18107E-2 1.26768E-2 1.23842E-2 1.29779E-2 1.36109E-2 1.43656E-2 1.46023E-2 1.38426E-2 1.24063E-2 1.08259E-2 1.19021E-2 1.27787E-2 1.25887E-2 1.26904E-2 1.26898E-2 1.15514E-2 1.04032E-2 1.16205E-2 1.23852E-2 1.15507E-2 1.05859E-2 9.08957E-3 7.96801E-3 7.5856E-3 9.34725E-3 9.58409E-3 1.04827E-2 9.59996E-3 1.11761E-2 1.22999E-2 1.30082E-2 1.18584E-2 1.07759E-2 1.16403E-2 1.28065E-2 1.32313E-2 1.23828E-2 1.21392E-2 1.22792E-2 1.2289E-2 1.39306E-2 1.49384E-2 1.50816E-2 1.50805E-2 1.47408E-2 1.47316E-2 1.30341E-2 1.18527E-2 1.2022E-2 1.26052E-2 1.20207E-2 1.28047E-2 1.25141E-2
1.26694E-2 1.27632E-2 1.29656E-2 1.23767E-2 1.30647E-2 1.35237E-2 1.2879E-2 1.16244E-2 1.15255E-2 1.26681E-2 1.36831E-2 1.29787E-2 1.47038E-2 1.44564E-2 1.35128E-2 1.3416E-2 1.30669E-2 1.18751E-2 1.32426E-2 1.32566E-2 1.25871E-2 1.38216E-2 1.41035E-2 1.29101E-2 1.21156E-2 1.32533E-2 1.28939E-2 1.24706E-2 1.13839E-2 1.03396E-2 8.83305E-3 7.86763E-3 8.08571E-3 8.17828E-3 8.09828E-3 7.79815E-3 1.09865E-2 1.25913E-2 1.26054E-2 1.08556E-2 9.30858E-3 1.14438E-2 1.33173E-2 1.35429E-2 1.27306E-2 1.34457E-2 1.36595E-2 1.36624E-2 1.52319E-2 1.56599E-2 1.4973E-2 1.44791E-2 1.51546E-2 1.52658E-2 1.44915E-2 1.38227E-2 1.41405E-2 1.33946E-2 1.34112E-2 1.34283E-2 1.26261E-2
1.25238E-2 1.28196E-2 1.19398E-2 1.13799E-2 1.26071E-2 1.4239E-2 1.38377E-2 1.27336E-2 1.26252E-2 1.31315E-2 1.42027E-2 1.56242E-2 1.55944E-2 1.55457E-2 1.46589E-2 1.3262E-2 1.3051E-2 1.32588E-2 1.46287E-2 1.47183E-2 1.44141E-2 1.4437E-2 1.44424E-2 1.40195E-2 1.36987E-2 1.34836E-2 1.32732E-2 1.27653E-2 1.18903E-2 1.06298E-2 9.57859E-3 8.89641E-3 8.20239E-3 8.52241E-3 8.66175E-3 9.53566E-3 1.15709E-2 1.29388E-2 1.1895E-2 1.05112E-2 9.92767E-3 1.20566E-2 1.32082E-2 1.40818E-2 1.40825E-2 1.48291E-2 1.46529E-2 1.36672E-2 1.45409E-2 1.53524E-2 1.5939E-2 1.58067E-2 1.57134E-2 1.54088E-2 1.506E-2 1.40477E-2 1.35923E-2 1.41269E-2 1.41247E-2 1.34913E-2 1.21813E-2
1.15636E-2 1.16507E-2 1.12824E-2 1.21667E-2 1.28626E-2 1.32246E-2 1.2224E-2 1.2672E-2 1.37603E-2 1.43945E-2 1.49562E-2 1.57601E-2 1.6348E-2 1.60701E-2 1.47933E-2 1.342E-2 1.35583E-2 1.40541E-2 1.47416E-2 1.49755E-2 1.46243E-2 1.46267E-2 1.46835E-2 1.43502E-2 1.43086E-2 1.37032E-2 1.32762E-2 1.28607E-2 1.23655E-2 1.14165E-2 1.08787E-2 1.01265E-2 7.99871E-3 9.08352E-3 1.10247E-2 1.1756E-2 1.26391E-2 1.21565E-2 1.11563E-2 1.10609E-2 1.15045E-2 1.30555E-2 1.39119E-2 1.45878E-2 1.49416E-2 1.54171E-2 1.55377E-2 1.38441E-2 1.40491E-2 1.45429E-2 1.59132E-2 1.6517E-2 1.60881E-2 1.5735E-2 1.527E-2 1.44969E-2 1.31897E-2 1.30597E-2 1.29624E-2 1.18868E-2 1.17823E-2
1.15112E-2 1.13274E-2 1.13268E-2 1.20656E-2 1.13299E-2 1.18777E-2 1.21706E-2 1.28617E-2 1.39259E-2 1.48348E-2 1.52772E-2 1.51992E-2 1.51995E-2 1.58008E-2 1.39559E-2 1.26883E-2 1.42687E-2 1.51857E-2 1.54083E-2 1.53193E-2 1.46302E-2 1.47409E-2 1.49682E-2 1.48603E-2 1.4538E-2 1.4086E-2 1.38648E-2 1.33338E-2 1.24595E-2 1.1188E-2 1.04768E-2 1.02308E-2 8.91963E-3 1.0629E-2 1.2883E-2 1.33548E-2 1.26557E-2 1.14207E-2 1.19248E-2 1.05834E-2 1.18647E-2 1.3692E-2 1.3595E-2 1.38138E-2 1.38146E-2 1.45933E-2 1.56618E-2 1.54369E-2 1.60422E-2 1.59259E-2 1.50912E-2 1.49657E-2 1.6552E-2 1.59321E-2 1.60594E-2 1.49295E-2 1.35473E-2 1.28167E-2 1.31152E-2 1.47922E-2 1.55064E-2
