Artocarpus heterophyllus SDM files/Last interglacial/results (with bias file)/Arthet_min.asc
ncols         625
nrows         721
xllcorner     69.99986311115
yllcorner     5.99986151914999
cellsize      0.041666667
NODATA_value  -9999
[rows 108 to 134 of 721, columns 0 to 60 of 625]
3.44559E-1 4.31574E-1 4.28989E-1 4.06459E-1 4.06204E-1 4.14685E-1 4.11661E-1 4.06883E-1 3.78395E-1 3.7337E-1 3.72787E-1 3.71237E-1 3.72136E-1 3.73574E-1 3.69928E-1 3.6288E-1 3.68711E-1 3.61025E-1 3.65352E-1 3.64669E-1 3.62435E-1 3.59033E-1 3.60697E-1 3.61351E-1 3.55989E-1 3.57891E-1 3.54819E-1 3.56865E-1 3.5994E-1 3.54562E-1 3.56822E-1 3.58941E-1 3.56212E-1 3.5799E-1 3.58577E-1 3.71247E-1 3.66162E-1 3.70084E-1 3.72745E-1 3.75027E-1 3.75235E-1 3.77263E-1 3.79524E-1 3.80017E-1 3.81916E-1 3.84737E-1 3.84094E-1 3.87315E-1 3.89467E-1 3.92073E-1 3.8494E-1 3.88396E-1 3.88247E-1 3.90491E-1 3.90537E-1 3.90751E-1 3.87344E-1 3.93101E-1 3.93101E-1 3.86619E-1 3.88106E-1
3.68883E-1 4.4444E-1 4.28835E-1 4.17461E-1 4.11181E-1 4.10066E-1 4.05106E-1 4.01572E-1 3.82502E-1 3.76588E-1 3.73435E-1 3.72784E-1 3.72182E-1 3.73362E-1 3.71138E-1 3.62735E-1 3.70431E-1 3.64671E-1 3.65237E-1 3.62377E-1 3.62683E-1 3.59191E-1 3.62282E-1 3.58726E-1 3.55705E-1 3.57578E-1 3.56865E-1 3.61549E-1 3.63219E-1 3.59463E-1 3.60195E-1 3.58487E-1 3.58689E-1 3.70717E-1 3.70924E-1 3.72948E-1 3.67873E-1 3.68123E-1 3.72445E-1 3.743E-1 3.75704E-1 3.75913E-1 3.79597E-1 3.80063E-1 3.82035E-1 3.83941E-1 3.83941E-1 3.84529E-1 3.88985E-1 3.91541E-1 3.83407E-1 3.89078E-1 3.85422E-1 3.85469E-1 3.85681E-1 3.85576E-1 3.8523E-1 3.85442E-1 3.85203E-1 3.88981E-1 3.87367E-1
3.59993E-1 4.29812E-1 4.31067E-1 4.20065E-1 3.96999E-1 4.01583E-1 4.10499E-1 3.97299E-1 3.85461E-1 3.78844E-1 3.73975E-1 3.72875E-1 3.66793E-1 3.6979E-1 3.65237E-1 3.71676E-1 3.69283E-1 3.63875E-1 3.646E-1 3.62024E-1 3.58819E-1 3.60641E-1 3.60944E-1 3.55468E-1 3.56176E-1 3.53178E-1 3.57212E-1 3.5343E-1 3.55625E-1 3.59967E-1 3.62258E-1 3.58531E-1 3.68106E-1 3.70012E-1 3.70174E-1 3.72195E-1 3.69418E-1 3.69902E-1 3.72445E-1 3.743E-1 3.74833E-1 3.77751E-1 3.79807E-1 3.82049E-1 3.8379E-1 3.83941E-1 3.85702E-1 3.862E-1 3.88958E-1 3.85957E-1 3.88187E-1 3.83004E-1 3.84899E-1 3.84992E-1 3.86957E-1 3.88713E-1 3.87558E-1 3.87074E-1 3.8883E-1 3.87301E-1 3.89376E-1
2.54485E-1 3.63287E-1 4.37827E-1 4.19988E-1 4.11078E-1 4.06641E-1 4.07099E-1 3.91315E-1 3.96957E-1 3.81063E-1 3.68659E-1 3.74446E-1 3.6657E-1 3.73583E-1 3.65463E-1 3.65487E-1 3.70246E-1 3.70327E-1 3.62842E-1 3.62038E-1 3.59135E-1 3.61002E-1 3.61217E-1 3.57354E-1 3.57949E-1 3.53534E-1 3.61207E-1 3.55773E-1 3.5788E-1 3.60047E-1 3.61848E-1 3.66414E-1 3.68267E-1 3.70058E-1 3.66486E-1 3.68625E-1 3.68876E-1 3.71748E-1 3.73663E-1 3.69097E-1 3.7698E-1 3.79165E-1 3.8187E-1 3.78515E-1 3.78529E-1 3.859E-1 3.80306E-1 3.82796E-1 3.83667E-1 3.88557E-1 3.83099E-1 3.84751E-1 3.84751E-1 3.85009E-1 3.86945E-1 3.8703E-1 3.86957E-1 3.89531E-1 3.91342E-1 3.97118E-1 3.97165E-1
2.11544E-1 3.33301E-1 4.491E-1 4.26947E-1 4.12789E-1 3.96543E-1 4.04579E-1 4.0189E-1 3.94994E-1 3.87635E-1 3.85676E-1 3.75351E-1 3.74486E-1 3.67088E-1 3.67029E-1 3.72519E-1 3.71665E-1 3.63059E-1 3.63964E-1 3.63753E-1 3.60042E-1 3.61205E-1 3.5707E-1 3.57327E-1 3.62464E-1 3.55118E-1 3.5623E-1 3.59273E-1 3.59473E-1 3.61619E-1 3.63996E-1 3.66503E-1 3.70051E-1 3.70328E-1 3.65092E-1 3.67181E-1 3.70674E-1 3.73082E-1 3.75984E-1 3.78111E-1 3.73312E-1 3.75189E-1 3.77385E-1 3.77594E-1 3.8041E-1 3.82735E-1 3.83065E-1 3.85206E-1 3.87752E-1 3.92363E-1 3.85299E-1 3.85029E-1 3.85029E-1 3.87194E-1 3.87194E-1 3.88904E-1 3.86945E-1 3.88747E-1 3.90921E-1 3.89139E-1 3.97118E-1
1.97241E-1 3.26362E-1 4.48207E-1 4.30201E-1 4.16114E-1 4.04142E-1 4.17797E-1 4.10019E-1 3.93677E-1 3.85668E-1 3.79475E-1 3.79158E-1 3.70536E-1 3.72318E-1 3.66014E-1 3.74169E-1 3.70946E-1 3.66218E-1 3.66153E-1 3.59784E-1 3.61511E-1 3.61929E-1 3.58416E-1 3.60269E-1 3.58613E-1 3.62068E-1 3.63241E-1 3.59476E-1 3.59675E-1 3.56469E-1 3.58046E-1 3.67423E-1 3.69935E-1 3.64592E-1 3.6642E-1 3.67061E-1 3.71054E-1 3.71539E-1 3.74358E-1 3.70694E-1 3.74584E-1 3.74909E-1 3.7556E-1 3.77657E-1 3.79758E-1 3.81887E-1 3.81887E-1 3.85019E-1 3.90431E-1 3.89824E-1 3.8923E-1 3.87632E-1 3.89397E-1 3.89658E-1 3.89172E-1 3.87194E-1 3.88618E-1 3.88997E-1 3.97241E-1 3.97166E-1 3.99276E-1
2.59016E-1 3.24828E-1 4.51154E-1 4.36018E-1 4.23454E-1 4.13257E-1 4.06236E-1 4.17092E-1 3.99086E-1 3.98054E-1 3.82751E-1 3.77314E-1 3.83907E-1 3.75044E-1 3.72483E-1 3.73849E-1 3.716E-1 3.67144E-1 3.6406E-1 3.60214E-1 3.61873E-1 3.62499E-1 3.62181E-1 3.59529E-1 3.59433E-1 3.62386E-1 3.58912E-1 3.61188E-1 3.63621E-1 3.58002E-1 3.67423E-1 3.69228E-1 3.63573E-1 3.6626E-1 3.6642E-1 3.70893E-1 3.72792E-1 3.73233E-1 3.68877E-1 3.72564E-1 3.72817E-1 3.75082E-1 3.77558E-1 3.79496E-1 3.81676E-1 3.82052E-1 3.84041E-1 3.87036E-1 3.91644E-1 3.89457E-1 3.89076E-1 3.87295E-1 3.8929E-1 3.8967E-1 3.91372E-1 3.99818E-1 3.99034E-1 3.99204E-1 3.93268E-1 3.97241E-1 3.91371E-1
2.90522E-1 3.50235E-1 4.52373E-1 4.34939E-1 4.19727E-1 4.03739E-1 4.09688E-1 4.05237E-1 3.97807E-1 3.95487E-1 3.91553E-1 3.82497E-1 3.79724E-1 3.75494E-1 3.74876E-1 3.68817E-1 3.68656E-1 3.68893E-1 3.61169E-1 3.61975E-1 3.67743E-1 3.62284E-1 3.65003E-1 3.59259E-1 3.6108E-1 3.62386E-1 3.59069E-1 3.61505E-1 3.63984E-1 3.67468E-1 3.67789E-1 3.69161E-1 3.65513E-1 3.6658E-1 3.68432E-1 3.65446E-1 3.67603E-1 3.69508E-1 3.71436E-1 3.72038E-1 3.74829E-1 3.75489E-1 3.78059E-1 3.80334E-1 3.82234E-1 3.8261E-1 3.86655E-1 3.89258E-1 3.92011E-1 3.87652E-1 3.88635E-1 3.89457E-1 3.92241E-1 3.92194E-1 3.91906E-1 3.93676E-1 3.95727E-1 3.99528E-1 3.93483E-1 3.93577E-1 3.99176E-1
3.01203E-1 3.7332E-1 4.48956E-1 4.333E-1 4.15511E-1 4.04179E-1 4.00862E-1 4.13061E-1 3.94007E-1 3.99379E-1 3.84619E-1 3.82827E-1 3.80053E-1 3.77253E-1 3.77683E-1 3.70923E-1 3.73052E-1 3.69466E-1 3.61372E-1 3.67293E-1 3.6827E-1 3.644E-1 3.63992E-1 3.61351E-1 3.61283E-1 3.64279E-1 3.61552E-1 3.65406E-1 3.657E-1 3.69273E-1 3.63733E-1 3.63777E-1 3.65718E-1 3.67727E-1 3.70938E-1 3.65766E-1 3.67856E-1 3.67924E-1 3.71714E-1 3.7229E-1 3.74525E-1 3.77545E-1 3.778E-1 3.82351E-1 3.78798E-1 3.81351E-1 3.81845E-1 3.84113E-1 3.86964E-1 3.82983E-1 3.93353E-1 3.9143E-1 3.94255E-1 3.94302E-1 3.93246E-1 3.95757E-1 3.95588E-1 3.95588E-1 3.95899E-1 3.95916E-1 4.00918E-1
3.35737E-1 4.50604E-1 4.38207E-1 4.33218E-1 4.16567E-1 4.09648E-1 4.0985E-1 4.09973E-1 4.01192E-1 3.97122E-1 3.88006E-1 3.81978E-1 3.78975E-1 3.77681E-1 3.76631E-1 3.72756E-1 3.73066E-1 3.71801E-1 3.6798E-1 3.67614E-1 3.68707E-1 3.64674E-1 3.6601E-1 3.62528E-1 3.6327E-1 3.64598E-1 3.62525E-1 3.67199E-1 3.67274E-1 3.68039E-1 3.63937E-1 3.63937E-1 3.65807E-1 3.67887E-1 3.65491E-1 3.6758E-1 3.68061E-1 3.69759E-1 3.71967E-1 3.742E-1 3.76504E-1 3.76713E-1 3.74182E-1 3.74877E-1 3.81213E-1 3.81634E-1 3.94748E-1 3.88647E-1 3.85602E-1 3.93966E-1 3.91918E-1 3.93813E-1 3.93642E-1 3.93521E-1 3.9608E-1 3.96201E-1 3.96249E-1 3.94364E-1 3.94243E-1 3.94122E-1 3.94018E-1
4.06838E-1 4.31065E-1 4.17041E-1 4.24486E-1 4.26984E-1 4.12495E-1 4.06219E-1 3.88661E-1 4.04167E-1 3.96244E-1 3.89704E-1 3.85149E-1 3.81033E-1 3.79468E-1 3.78846E-1 3.73009E-1 3.70376E-1 3.71653E-1 3.65585E-1 3.6978E-1 3.62706E-1 3.66469E-1 3.62292E-1 3.63782E-1 3.64523E-1 3.60911E-1 3.70553E-1 3.65021E-1 3.67595E-1 3.69846E-1 3.643E-1 3.65878E-1 3.67727E-1 3.62427E-1 3.66579E-1 3.67693E-1 3.69804E-1 3.71805E-1 3.72012E-1 3.6872E-1 3.70957E-1 3.7294E-1 3.74227E-1 3.76566E-1 3.8162E-1 3.83841E-1 3.94748E-1 3.85317E-1 3.92024E-1 3.94255E-1 3.94423E-1 3.96053E-1 3.96932E-1 3.96373E-1 3.96467E-1 3.96127E-1 3.96127E-1 3.96006E-1 3.95716E-1 3.93833E-1 3.93665E-1
3.57398E-1 3.66356E-1 3.91308E-1 4.35298E-1 4.31309E-1 4.0213E-1 3.9643E-1 3.99981E-1 4.07182E-1 4.02017E-1 3.9429E-1 3.87947E-1 3.80078E-1 3.74794E-1 3.75241E-1 3.74204E-1 3.73376E-1 3.71206E-1 3.70631E-1 3.66233E-1 3.64331E-1 3.66879E-1 3.62676E-1 3.6404E-1 3.64021E-1 3.67045E-1 3.65373E-1 3.66813E-1 3.67846E-1 3.66052E-1 3.64345E-1 3.66127E-1 3.67932E-1 3.62675E-1 3.68641E-1 3.7132E-1 3.71643E-1 3.73758E-1 3.74037E-1 3.70724E-1 3.73695E-1 3.73902E-1 3.76194E-1 3.79558E-1 3.91816E-1 3.85968E-1 3.94494E-1 3.93497E-1 3.9388E-1 3.94001E-1 3.94169E-1 3.94169E-1 3.95167E-1 3.969E-1 3.96947E-1 3.98887E-1 3.96515E-1 3.96515E-1 3.95958E-1 3.95763E-1 3.90195E-1
2.83886E-1 3.36176E-1 3.63709E-1 4.43508E-1 4.29403E-1 4.0225E-1 4.01715E-1 4.15447E-1 4.09736E-1 4.0217E-1 3.9976E-1 3.90425E-1 3.83483E-1 3.80603E-1 3.7809E-1 3.78179E-1 3.69952E-1 3.72868E-1 3.72632E-1 3.66713E-1 3.67778E-1 3.67521E-1 3.63038E-1 3.62523E-1 3.64384E-1 3.59657E-1 3.70677E-1 3.67183E-1 3.62725E-1 3.66426E-1 3.67701E-1 3.68197E-1 3.6437E-1 3.66668E-1 3.69437E-1 3.71527E-1 3.64484E-1 3.68238E-1 3.6856E-1 3.70841E-1 3.7294E-1 3.7331E-1 3.79348E-1 3.81742E-1 3.94016E-1 3.96215E-1 3.93282E-1 3.93497E-1 3.88163E-1 3.95984E-1 3.88329E-1 3.94216E-1 3.90209E-1 3.91201E-1 3.90377E-1 3.91201E-1 3.9329E-1 3.90773E-1 3.88675E-1 3.90652E-1 3.90746E-1
2.72952E-1 3.4773E-1 4.28988E-1 4.28823E-1 4.24851E-1 4.04316E-1 3.99958E-1 4.20577E-1 4.10083E-1 4.03362E-1 4.04746E-1 3.94757E-1 3.82642E-1 3.8335E-1 3.80343E-1 3.76827E-1 3.69671E-1 3.72352E-1 3.73002E-1 3.68395E-1 3.69641E-1 3.6372E-1 3.64962E-1 3.57364E-1 3.59207E-1 3.6912E-1 3.65552E-1 3.67174E-1 3.64629E-1 3.68376E-1 3.68067E-1 3.63007E-1 3.64879E-1 3.68409E-1 3.69914E-1 3.64592E-1 3.6838E-1 3.68283E-1 3.70518E-1 3.72707E-1 3.73031E-1 3.86139E-1 3.81458E-1 3.91957E-1 3.92566E-1 3.84123E-1 3.85548E-1 3.8795E-1 3.88163E-1 3.90247E-1 3.90367E-1 3.90089E-1 3.90256E-1 3.91248E-1 3.9108E-1 3.91127E-1 3.90913E-1 3.90626E-1 3.90151E-1 3.90699E-1 3.90412E-1
3.36014E-1 3.93724E-1 4.3248E-1 4.29985E-1 4.30391E-1 4.17138E-1 4.04412E-1 4.25515E-1 4.11621E-1 4.04685E-1 4.03656E-1 3.97089E-1 3.92104E-1 3.90367E-1 3.8696E-1 3.83989E-1 3.77412E-1 3.7655E-1 3.68936E-1 3.68922E-1 3.70098E-1 3.65403E-1 3.65396E-1 3.60731E-1 3.68555E-1 3.70866E-1 3.67334E-1 3.69093E-1 3.64493E-1 3.70279E-1 3.68273E-1 3.64854E-1 3.66522E-1 3.63306E-1 3.64433E-1 3.66475E-1 3.68265E-1 3.70587E-1 3.70839E-1 3.73117E-1 3.78217E-1 3.80543E-1 3.8576E-1 3.86886E-1 3.83627E-1 3.85373E-1 3.85548E-1 3.89746E-1 3.8996E-1 3.9008E-1 3.90414E-1 3.90866E-1 3.92718E-1 3.93007E-1 3.90913E-1 3.9096E-1 3.90626E-1 3.90672E-1 3.90719E-1 3.92607E-1 3.90198E-1
3.66647E-1 3.18109E-1 4.24907E-1 4.44635E-1 4.37019E-1 4.29574E-1 4.16814E-1 4.25017E-1 4.17252E-1 4.12236E-1 4.13868E-1 3.9457E-1 3.95562E-1 3.89147E-1 3.88674E-1 3.80413E-1 3.79383E-1 3.77086E-1 3.76656E-1 3.71066E-1 3.70421E-1 3.67451E-1 3.6196E-1 3.62983E-1 3.70531E-1 3.65696E-1 3.67815E-1 3.65429E-1 3.66179E-1 3.64778E-1 3.66336E-1 3.68192E-1 3.68192E-1 3.63733E-1 3.66359E-1 3.6668E-1 3.70238E-1 3.70561E-1 3.75101E-1 3.78651E-1 3.8131E-1 3.83683E-1 3.8439E-1 3.86341E-1 3.8326E-1 3.85004E-1 3.87456E-1 3.85916E-1 3.89746E-1 3.84564E-1 3.90294E-1 3.91285E-1 3.85593E-1 3.85639E-1 3.91332E-1 3.85427E-1 3.83525E-1 3.85105E-1 3.85105E-1 3.87219E-1 3.86736E-1
3.34831E-1 3.12888E-1 3.90149E-1 4.57989E-1 4.3807E-1 4.30279E-1 4.24859E-1 4.1888E-1 4.1787E-1 4.04866E-1 4.10897E-1 3.99954E-1 3.95899E-1 3.90129E-1 3.89429E-1 3.82227E-1 3.78723E-1 3.78799E-1 3.72859E-1 3.72704E-1 3.66759E-1 3.68723E-1 3.63683E-1 3.70992E-1 3.66996E-1 3.67506E-1 3.69314E-1 3.66544E-1 3.66686E-1 3.65142E-1 3.68144E-1 3.68144E-1 3.63047E-1 3.64637E-1 3.66404E-1 3.68586E-1 3.64799E-1 3.74938E-1 3.75666E-1 3.77981E-1 3.80591E-1 3.83399E-1 3.86774E-1 3.86774E-1 3.83554E-1 3.86356E-1 3.80658E-1 3.80658E-1 3.81844E-1 3.85169E-1 3.85215E-1 3.87399E-1 3.85639E-1 3.85639E-1 3.85381E-1 3.85473E-1 3.85473E-1 3.8552E-1 3.85851E-1 3.85566E-1 3.85883E-1
3.23488E-1 3.16949E-1 2.96639E-1 4.53008E-1 4.37691E-1 4.31843E-1 4.27745E-1 4.27892E-1 4.37515E-1 4.2212E-1 4.10218E-1 4.03202E-1 3.94063E-1 3.91679E-1 3.91894E-1 3.87767E-1 3.81563E-1 3.80079E-1 3.7506E-1 3.72509E-1 3.68561E-1 3.69277E-1 3.7314E-1 3.74469E-1 3.69569E-1 3.6934E-1 3.65568E-1 3.62869E-1 3.64504E-1 3.66671E-1 3.68189E-1 3.69146E-1 3.65698E-1 3.65938E-1 3.66725E-1 3.64914E-1 3.72976E-1 3.75412E-1 3.77609E-1 3.77981E-1 3.81402E-1 3.84235E-1 3.78939E-1 3.77968E-1 3.80789E-1 3.81585E-1 3.81585E-1 3.81423E-1 3.81752E-1 3.8347E-1 3.85554E-1 3.85647E-1 3.85427E-1 3.87352E-1 3.85261E-1 3.85261E-1 3.87399E-1 3.87445E-1 3.89488E-1 3.89807E-1 3.8769E-1
2.93875E-1 2.91188E-1 3.52682E-1 4.15256E-1 4.46263E-1 4.28733E-1 4.23109E-1 4.14079E-1 4.35158E-1 4.1918E-1 4.0267E-1 4.03127E-1 3.96264E-1 3.93275E-1 3.93884E-1 3.83365E-1 3.82644E-1 3.75522E-1 3.75436E-1 3.68717E-1 3.69618E-1 3.71123E-1 3.75059E-1 3.68631E-1 3.69937E-1 3.69939E-1 3.67428E-1 3.68701E-1 3.64753E-1 3.66876E-1 3.68395E-1 3.6293E-1 3.65788E-1 3.68445E-1 3.68721E-1 3.63252E-1 3.75177E-1 3.75503E-1 3.77491E-1 3.75332E-1 3.79967E-1 3.78192E-1 3.76686E-1 3.80578E-1 3.81171E-1 3.81171E-1 3.81539E-1 3.81304E-1 3.82997E-1 3.83327E-1 3.85673E-1 3.85813E-1 3.85905E-1 3.85647E-1 3.83774E-1 3.85905E-1 3.87492E-1 3.89488E-1 3.87776E-1 3.85725E-1 3.87668E-1
3.7926E-1 3.42052E-1 3.66991E-1 3.82082E-1 4.54591E-1 4.33715E-1 4.11212E-1 4.28946E-1 4.24058E-1 4.25114E-1 4.13596E-1 4.07699E-1 3.92589E-1 3.891E-1 3.87445E-1 3.87398E-1 3.86115E-1 3.7781E-1 3.77087E-1 3.69245E-1 3.71608E-1 3.75076E-1 3.76884E-1 3.70389E-1 3.72111E-1 3.71681E-1 3.68341E-1 3.70284E-1 3.66485E-1 3.66614E-1 3.63292E-1 3.65564E-1 3.6779E-1 3.68445E-1 3.68721E-1 3.73331E-1 3.75295E-1 3.76424E-1 3.78624E-1 3.75851E-1 3.77874E-1 3.77874E-1 3.8025E-1 3.81007E-1 3.80961E-1 3.8129E-1 3.83429E-1 3.83233E-1 3.84977E-1 3.85024E-1 3.79766E-1 3.79727E-1 3.79727E-1 3.85693E-1 3.88151E-1 3.80381E-1 3.80381E-1 3.78299E-1 3.85725E-1 3.79758E-1 3.79594E-1
4.00826E-1 4.29938E-1 4.64275E-1 4.62193E-1 4.42316E-1 4.30351E-1 4.20961E-1 4.29762E-1 4.27881E-1 4.17432E-1 3.98883E-1 4.06303E-1 3.93913E-1 3.89918E-1 3.85476E-1 3.85581E-1 3.79726E-1 3.78243E-1 3.7194E-1 3.71455E-1 3.73668E-1 3.7561E-1 3.75801E-1 3.73998E-1 3.75696E-1 3.69445E-1 3.70967E-1 3.65004E-1 3.68423E-1 3.63033E-1 3.65884E-1 3.67478E-1 3.67719E-1 3.71082E-1 3.73572E-1 3.75295E-1 3.76378E-1 3.76587E-1 3.78742E-1 3.75897E-1 3.77639E-1 3.77966E-1 3.80013E-1 3.80724E-1 3.78939E-1 3.80961E-1 3.7574E-1 3.77579E-1 3.8135E-1 3.77991E-1 3.77873E-1 3.77618E-1 3.79727E-1 3.78089E-1 3.79843E-1 3.78089E-1 3.77926E-1 3.80485E-1 3.78239E-1 3.78193E-1 3.78623E-1
4.40731E-1 4.3831E-1 4.33464E-1 4.44441E-1 4.46982E-1 4.34512E-1 4.26672E-1 4.35109E-1 4.27767E-1 4.04983E-1 4.06222E-1 4.16387E-1 4.01388E-1 3.93798E-1 3.90085E-1 3.87675E-1 3.81569E-1 3.80115E-1 3.73867E-1 3.73335E-1 3.76279E-1 3.77317E-1 3.77661E-1 3.74254E-1 3.68708E-1 3.70282E-1 3.65178E-1 3.65323E-1 3.673E-1 3.64027E-1 3.65973E-1 3.67684E-1 3.67764E-1 3.72833E-1 3.7561E-1 3.75565E-1 3.78415E-1 3.72939E-1 3.77593E-1 3.79639E-1 3.77874E-1 3.77757E-1 3.78493E-1 3.78657E-1 3.78703E-1 3.78985E-1 3.77253E-1 3.77344E-1 3.75732E-1 3.75474E-1 3.7771E-1 3.75846E-1 3.77834E-1 3.7788E-1 3.77808E-1 3.79725E-1 3.79725E-1 3.78787E-1 3.78787E-1 3.78623E-1 3.731E-1
3.98826E-1 4.38038E-1 4.06528E-1 4.70452E-1 4.5323E-1 4.27176E-1 4.20316E-1 4.10781E-1 4.07183E-1 4.04446E-1 4.20445E-1 4.16607E-1 4.05667E-1 3.94001E-1 3.90253E-1 3.83547E-1 3.82316E-1 3.81637E-1 3.73746E-1 3.78403E-1 3.7665E-1 3.77689E-1 3.73071E-1 3.74345E-1 3.7231E-1 3.72889E-1 3.67069E-1 3.6739E-1 3.6208E-1 3.64346E-1 3.74395E-1 3.68201E-1 3.71289E-1 3.73406E-1 3.74679E-1 3.78656E-1 3.73294E-1 3.77012E-1 3.77521E-1 3.75617E-1 3.77639E-1 3.7792E-1 3.76569E-1 3.72926E-1 3.7325E-1 3.73412E-1 3.75998E-1 3.78101E-1 3.7637E-1 3.78474E-1 3.76533E-1 3.78383E-1 3.78428E-1 3.76696E-1 3.78474E-1 3.78356E-1 3.80543E-1 3.80543E-1 3.80543E-1 3.78178E-1 3.77669E-1
4.41317E-1 3.62478E-1 4.57565E-1 4.67581E-1 4.51157E-1 4.31712E-1 4.2751E-1 4.22766E-1 4.14332E-1 4.07788E-1 4.21333E-1 4.15207E-1 4.03644E-1 3.91495E-1 3.8795E-1 3.87997E-1 3.83518E-1 3.77703E-1 3.83369E-1 3.84162E-1 3.80269E-1 3.73962E-1 3.74947E-1 3.72334E-1 3.7268E-1 3.67744E-1 3.67378E-1 3.69278E-1 3.6385E-1 3.66256E-1 3.70042E-1 3.73157E-1 3.73274E-1 3.74206E-1 3.7671E-1 3.73266E-1 3.75454E-1 3.755E-1 3.75291E-1 3.76045E-1 3.72551E-1 3.70697E-1 3.72809E-1 3.73088E-1 3.72138E-1 3.75835E-1 3.76089E-1 3.76207E-1 3.78265E-1 3.78311E-1 3.78311E-1 3.78592E-1 3.78428E-1 3.78311E-1 3.78193E-1 3.75001E-1 3.72893E-1 3.72731E-1 3.7782E-1 3.79308E-1 3.78907E-1
4.31504E-1 4.29271E-1 4.65657E-1 4.44965E-1 4.31291E-1 4.36769E-1 4.24929E-1 4.14922E-1 4.1118E-1 4.22097E-1 4.24043E-1 4.08713E-1 4.06329E-1 4.02399E-1 3.91278E-1 3.87985E-1 3.85444E-1 3.78122E-1 3.8534E-1 3.80631E-1 3.82293E-1 3.75772E-1 3.78478E-1 3.78233E-1 3.74418E-1 3.69483E-1 3.69277E-1 3.65695E-1 3.66237E-1 3.68818E-1 3.78539E-1 3.73203E-1 3.7576E-1 3.74531E-1 3.72987E-1 3.75091E-1 3.75011E-1 3.75291E-1 3.69756E-1 3.70123E-1 3.70709E-1 3.73073E-1 3.73073E-1 3.71425E-1 3.73885E-1 3.74255E-1 3.76423E-1 3.7076E-1 3.70501E-1 3.70501E-1 3.78101E-1 3.70617E-1 3.77853E-1 3.70707E-1 3.77971E-1 3.7782E-1 3.79227E-1 3.80398E-1 3.79389E-1 3.77669E-1 3.80165E-1
4.48128E-1 4.61745E-1 4.50515E-1 4.38361E-1 4.537E-1 4.39785E-1 4.24854E-1 4.29581E-1 4.3083E-1 4.16816E-1 4.16796E-1 4.22903E-1 4.18624E-1 3.97149E-1 3.91064E-1 3.85702E-1 3.78751E-1 3.78332E-1 3.87169E-1 3.82446E-1 3.76352E-1 3.78427E-1 3.80172E-1 3.74569E-1 3.76944E-1 3.71291E-1 3.72777E-1 3.68603E-1 3.68908E-1 3.71225E-1 3.73295E-1 3.74282E-1 3.76086E-1 3.70851E-1 3.73033E-1 3.7324E-1 3.75091E-1 3.69801E-1 3.69846E-1 3.70123E-1 3.72435E-1 3.71502E-1 3.71845E-1 3.73672E-1 3.74113E-1 3.76143E-1 3.76143E-1 3.70599E-1 3.70599E-1 3.70644E-1 3.68891E-1 3.70715E-1 3.75983E-1 3.76151E-1 3.77518E-1 3.77901E-1 3.78988E-1 3.78988E-1 3.78756E-1 3.80165E-1 3.78523E-1
4.49917E-1 4.54943E-1 4.29887E-1 4.05025E-1 4.67637E-1 4.527E-1 4.45485E-1 4.43095E-1 4.3687E-1 4.37155E-1 4.2959E-1 4.25114E-1 4.14405E-1 4.01226E-1 3.95141E-1 3.91613E-1 3.82087E-1 3.88307E-1 3.82552E-1 3.84237E-1 3.78076E-1 3.80967E-1 3.80428E-1 3.7494E-1 3.77153E-1 3.7173E-1 3.74497E-1 3.70998E-1 3.70706E-1 3.73076E-1 3.7634E-1 3.7606E-1 3.70942E-1 3.73357E-1 3.73357E-1 3.75253E-1 3.6768E-1 3.69685E-1 3.69846E-1 3.70916E-1 3.71179E-1 3.73276E-1 3.73555E-1 3.73879E-1 3.76121E-1 3.70532E-1 3.76192E-1 3.75612E-1 3.75612E-1 3.75612E-1 3.76915E-1 3.75833E-1 3.69929E-1 3.77333E-1 3.7882E-1 3.71196E-1 3.72746E-1 3.74376E-1 3.78534E-1 3.78453E-1 3.72372E-1
