Artocarpus heterophyllus SDM files/Last interglacial/results (with bias file)/Arthet_8.asc
ncols         625
nrows         721
xllcorner     69.99986311115
yllcorner     5.99986151914999
cellsize      0.041666667
NODATA_value  -9999
[rows 540 to 566 of 721, columns 183 to 243 of 625]
5.11072E-1 5.17579E-1 5.25892E-1 5.82143E-1 5.992E-1 5.67709E-1 4.96701E-1 5.52056E-1 5.58529E-1 5.31755E-1 5.46255E-1 4.70555E-1 5.01138E-1 3.20263E-1 2.53748E-1 3.8298E-1 4.04388E-1 4.50099E-1 4.57329E-1 4.6595E-1 4.04928E-1 4.55884E-1 2.71281E-1 4.40581E-1 4.33353E-1 4.349E-1 4.49086E-1 4.51216E-1 4.23216E-1 4.39236E-1 3.89902E-1 4.21068E-1 3.29374E-1 2.52198E-1 2.48907E-1 3.84462E-1 3.80187E-1 3.889E-1 3.95835E-1 4.092E-1 4.01939E-1 4.10524E-1 4.19139E-1 4.11275E-1 4.35392E-1 4.14801E-1 3.99284E-1 4.30594E-1 4.56667E-1 3.79126E-1 3.58286E-1 4.51799E-1 4.92212E-1 5.30085E-1 3.56356E-1 4.4319E-1 4.37026E-1 5.07852E-1 5.30042E-1 5.29361E-1 5.69978E-1
5.14217E-1 5.27433E-1 5.40273E-1 5.0665E-1 5.52127E-1 6.03382E-1 6.13019E-1 5.64749E-1 5.56571E-1 5.3806E-1 5.50858E-1 5.28464E-1 5.20865E-1 5.05432E-1 4.38685E-1 4.85366E-1 4.67964E-1 4.63431E-1 4.65278E-1 5.01049E-1 5.08813E-1 4.47943E-1 4.06608E-1 4.51991E-1 4.24545E-1 4.29499E-1 4.43684E-1 4.44874E-1 4.09502E-1 4.0422E-1 4.0971E-1 3.99415E-1 4.19691E-1 2.40959E-1 2.40532E-1 3.12097E-1 3.39155E-1 3.98604E-1 3.88101E-1 3.90136E-1 4.05034E-1 3.99817E-1 3.97519E-1 4.1326E-1 4.34683E-1 3.37307E-1 3.83258E-1 4.01923E-1 4.38826E-1 4.74215E-1 4.23907E-1 4.62031E-1 5.04543E-1 3.86108E-1 5.12064E-1 4.64048E-1 3.78417E-1 4.2774E-1 4.87986E-1 5.55275E-1 5.69269E-1
5.18963E-1 5.22962E-1 3.53782E-1 3.92461E-1 4.88958E-1 5.42866E-1 5.39115E-1 5.38345E-1 5.31126E-1 5.62368E-1 5.68892E-1 5.49866E-1 5.19934E-1 5.39693E-1 4.01046E-1 3.54062E-1 3.33427E-1 4.34969E-1 1.76774E-1 4.2316E-1 4.83955E-1 4.32905E-1 4.97433E-1 4.61049E-1 4.36519E-1 4.39651E-1 4.18134E-1 4.25258E-1 4.13493E-1 4.24796E-1 4.15366E-1 2.71039E-1 2.27522E-1 2.3281E-1 3.09484E-1 3.75225E-1 3.81387E-1 3.78516E-1 3.90249E-1 3.84833E-1 3.76902E-1 3.90663E-1 3.79656E-1 4.01344E-1 4.24317E-1 3.91708E-1 3.45148E-1 3.91384E-1 4.17825E-1 3.77467E-1 4.1861E-1 4.53781E-1 4.30658E-1 4.72765E-1 4.95527E-1 4.77817E-1 3.97973E-1 4.59463E-1 5.12808E-1 5.57228E-1 5.42567E-1
5.32033E-1 5.34853E-1 4.5859E-1 5.38861E-1 4.40702E-1 4.44929E-1 5.27544E-1 5.19629E-1 5.04384E-1 5.0886E-1 4.88775E-1 4.12187E-1 4.62181E-1 4.59123E-1 3.08407E-1 3.14488E-1 2.81876E-1 3.76243E-1 2.68477E-1 3.43693E-1 3.58876E-1 2.95219E-1 3.12515E-1 3.3255E-1 3.23514E-1 3.29278E-1 4.11796E-1 4.2758E-1 4.24335E-1 4.03362E-1 4.26463E-1 2.43849E-1 2.45859E-1 2.68596E-1 2.79658E-1 3.89219E-1 3.72734E-1 3.72944E-1 3.91066E-1 3.96443E-1 3.66914E-1 3.83834E-1 3.84233E-1 3.81182E-1 3.8992E-1 4.18347E-1 3.87676E-1 4.19315E-1 4.48031E-1 3.51282E-1 4.10423E-1 4.37243E-1 4.49631E-1 4.65166E-1 5.09008E-1 3.88543E-1 4.29427E-1 4.75785E-1 5.32858E-1 5.41318E-1 5.08236E-1
5.20104E-1 5.32512E-1 4.20886E-1 4.4657E-1 3.78399E-1 4.84816E-1 5.18388E-1 5.1144E-1 5.01745E-1 5.05947E-1 4.01123E-1 3.52938E-1 3.42646E-1 3.40899E-1 2.74893E-1 3.83112E-1 2.4308E-1 3.05312E-1 3.27718E-1 2.81653E-1 3.38814E-1 4.15075E-1 4.59458E-1 4.68572E-1 4.48797E-1 3.21447E-1 4.09998E-1 4.42787E-1 4.34139E-1 4.00274E-1 3.16006E-1 2.76756E-1 4.27217E-1 2.67314E-1 2.87696E-1 3.90125E-1 3.82758E-1 3.77838E-1 3.8751E-1 3.9759E-1 4.02275E-1 3.75484E-1 3.4852E-1 3.81891E-1 3.88555E-1 4.02204E-1 4.04836E-1 4.01146E-1 4.31565E-1 4.40321E-1 4.42623E-1 4.57383E-1 4.64274E-1 4.63665E-1 4.96715E-1 5.13844E-1 5.35553E-1 5.35058E-1 5.4004E-1 5.3629E-1 5.18746E-1
5.1121E-1 5.34708E-1 4.99679E-1 5.01823E-1 3.83877E-1 5.21189E-1 5.13468E-1 4.37986E-1 3.13637E-1 4.98635E-1 4.40731E-1 3.52908E-1 3.43306E-1 2.9186E-1 2.72481E-1 4.22429E-1 2.38183E-1 4.68582E-1 4.80549E-1 4.60864E-1 4.98075E-1 4.94253E-1 4.84987E-1 4.30298E-1 4.55766E-1 3.53624E-1 4.1229E-1 4.30852E-1 4.20759E-1 2.62356E-1 2.7646E-1 2.51345E-1 3.17443E-1 2.96103E-1 3.96382E-1 3.91307E-1 3.77292E-1 3.75862E-1 3.80082E-1 3.90433E-1 3.98011E-1 4.00291E-1 3.97438E-1 4.02262E-1 3.94308E-1 4.08225E-1 4.10009E-1 4.22349E-1 4.32217E-1 4.35281E-1 4.40223E-1 4.64632E-1 4.96081E-1 3.4047E-1 4.18513E-1 5.04239E-1 5.24339E-1 5.36002E-1 5.43677E-1 5.29787E-1 5.28475E-1
5.23325E-1 4.91657E-1 5.35164E-1 4.65225E-1 4.24867E-1 5.17752E-1 5.09215E-1 5.16797E-1 3.22634E-1 4.2645E-1 4.98306E-1 4.04491E-1 3.29426E-1 2.93713E-1 2.65209E-1 3.45579E-1 3.06586E-1 4.72926E-1 4.79308E-1 4.87285E-1 4.16715E-1 4.306E-1 4.75822E-1 4.74469E-1 4.53669E-1 4.44144E-1 4.35934E-1 4.38295E-1 4.15106E-1 2.69246E-1 2.6955E-1 2.49834E-1 3.3159E-1 3.41761E-1 3.94335E-1 4.0308E-1 3.88155E-1 3.75363E-1 3.78473E-1 3.93415E-1 3.93727E-1 3.96124E-1 4.12397E-1 3.84911E-1 4.01083E-1 4.08825E-1 4.34108E-1 4.29158E-1 4.1608E-1 4.21157E-1 4.43643E-1 4.54519E-1 4.83835E-1 4.14135E-1 4.99767E-1 5.15083E-1 5.29143E-1 5.27545E-1 5.46842E-1 5.45526E-1 5.44886E-1
5.33432E-1 5.07381E-1 5.33218E-1 5.13987E-1 5.04435E-1 5.15731E-1 5.14857E-1 4.76836E-1 3.68948E-1 3.57048E-1 3.35227E-1 2.99385E-1 2.67514E-1 2.77416E-1 4.93619E-1 2.50549E-1 3.36294E-1 4.80868E-1 3.57396E-1 2.92945E-1 3.55904E-1 3.46615E-1 4.67888E-1 4.61476E-1 4.63064E-1 4.44129E-1 4.29034E-1 4.17405E-1 3.24961E-1 3.54699E-1 2.63546E-1 2.87765E-1 4.19676E-1 4.21289E-1 4.10172E-1 4.05727E-1 3.99126E-1 3.84023E-1 3.83588E-1 3.88135E-1 3.90888E-1 3.99681E-1 4.15525E-1 4.19407E-1 4.00555E-1 4.01991E-1 4.20703E-1 4.2405E-1 4.25636E-1 4.28597E-1 4.28138E-1 4.4587E-1 4.64302E-1 4.80626E-1 4.86845E-1 5.07931E-1 5.14515E-1 5.31485E-1 5.41613E-1 5.55376E-1 5.32514E-1
5.41954E-1 5.55325E-1 5.56834E-1 4.24502E-1 5.25435E-1 5.15584E-1 5.22879E-1 5.67299E-1 5.04499E-1 5.44583E-1 5.47818E-1 5.13252E-1 4.0653E-1 3.02104E-1 2.52324E-1 2.56237E-1 4.70292E-1 4.80795E-1 4.97188E-1 4.39201E-1 4.74743E-1 4.79508E-1 4.88576E-1 4.7542E-1 4.75327E-1 4.57984E-1 4.38957E-1 4.13421E-1 2.67568E-1 2.56847E-1 2.7285E-1 4.2242E-1 3.8209E-1 4.0465E-1 4.12777E-1 3.98715E-1 4.04725E-1 3.98411E-1 3.8138E-1 3.80065E-1 3.94484E-1 4.00271E-1 3.81323E-1 3.95572E-1 4.045E-1 4.17934E-1 4.21017E-1 4.22796E-1 4.2964E-1 4.34431E-1 4.43806E-1 4.55249E-1 4.70631E-1 4.7943E-1 4.91398E-1 5.10261E-1 5.21593E-1 5.37193E-1 5.48344E-1 5.56554E-1 5.61682E-1
5.67516E-1 5.71526E-1 5.12804E-1 4.51248E-1 5.1899E-1 5.11491E-1 5.17628E-1 5.30227E-1 5.68301E-1 5.24549E-1 5.26264E-1 5.72446E-1 2.7167E-1 2.68858E-1 2.9065E-1 2.59573E-1 4.97127E-1 4.8994E-1 5.0196E-1 4.85597E-1 3.71219E-1 4.3461E-1 4.74703E-1 4.68089E-1 4.67554E-1 4.68298E-1 4.46783E-1 3.67242E-1 3.48229E-1 2.56196E-1 4.25501E-1 4.3467E-1 3.46225E-1 3.8296E-1 4.10546E-1 4.0451E-1 4.0841E-1 4.03089E-1 3.90527E-1 3.77317E-1 3.90616E-1 3.97816E-1 4.07765E-1 3.97961E-1 4.04258E-1 4.18631E-1 4.21211E-1 4.29987E-1 4.38205E-1 4.42671E-1 4.47311E-1 4.70224E-1 4.8243E-1 4.83646E-1 4.99629E-1 5.18645E-1 5.28127E-1 5.43668E-1 5.49287E-1 5.65723E-1 5.35034E-1
5.49047E-1 5.60506E-1 5.84402E-1 4.39693E-1 5.31654E-1 5.19021E-1 5.11565E-1 5.08238E-1 5.49074E-1 5.19263E-1 5.48442E-1 3.28929E-1 3.34883E-1 3.5879E-1 3.62651E-1 1.96935E-1 3.96668E-1 4.42568E-1 4.72016E-1 4.97147E-1 3.83598E-1 2.082E-1 3.92111E-1 4.46426E-1 4.50556E-1 4.58413E-1 4.37336E-1 3.4931E-1 2.66003E-1 3.25832E-1 4.07907E-1 4.2794E-1 3.51416E-1 4.08044E-1 4.11959E-1 4.20523E-1 4.09975E-1 3.95164E-1 3.96557E-1 3.84441E-1 3.95342E-1 4.05949E-1 4.01869E-1 4.08916E-1 4.12801E-1 4.18906E-1 4.24309E-1 4.30432E-1 4.41472E-1 4.45678E-1 4.56883E-1 4.71544E-1 4.84005E-1 4.90432E-1 5.03625E-1 5.18997E-1 5.32297E-1 5.49808E-1 5.54114E-1 5.68158E-1 5.78187E-1
5.58113E-1 5.04907E-1 5.6326E-1 4.76612E-1 5.40208E-1 5.20843E-1 5.12363E-1 5.13868E-1 5.35814E-1 5.16236E-1 4.74119E-1 4.30533E-1 4.20563E-1 4.67283E-1 3.93216E-1 2.79303E-1 2.11367E-1 3.95749E-1 4.18511E-1 5.0914E-1 4.59967E-1 4.28632E-1 1.99524E-1 4.27548E-1 4.23617E-1 4.36859E-1 4.42651E-1 2.25346E-1 2.38866E-1 3.6985E-1 3.90408E-1 4.19476E-1 4.03444E-1 3.99765E-1 3.94937E-1 4.13986E-1 4.11632E-1 3.94384E-1 3.85847E-1 3.9353E-1 3.95838E-1 4.0609E-1 3.99029E-1 4.02579E-1 4.10422E-1 4.19403E-1 4.27664E-1 4.30198E-1 4.36735E-1 4.51672E-1 4.64858E-1 4.72175E-1 4.83663E-1 4.94176E-1 5.09078E-1 5.2643E-1 5.35467E-1 5.48234E-1 5.61647E-1 5.75466E-1 5.8173E-1
6.28804E-1 6.09942E-1 5.55263E-1 5.1785E-1 5.42822E-1 5.26444E-1 5.10605E-1 5.17756E-1 4.21971E-1 4.50355E-1 4.01704E-1 5.69647E-1 2.71366E-1 3.28249E-1 5.77893E-1 5.08326E-1 2.62906E-1 3.24434E-1 3.80635E-1 4.89583E-1 4.7186E-1 4.54405E-1 3.98716E-1 3.60549E-1 4.32877E-1 4.14427E-1 3.87098E-1 2.34394E-1 4.00727E-1 3.05141E-1 3.82443E-1 3.90599E-1 3.86479E-1 3.82851E-1 3.80986E-1 3.83779E-1 3.98712E-1 3.94423E-1 3.83618E-1 3.85058E-1 3.97649E-1 4.10813E-1 4.17045E-1 4.11988E-1 4.14036E-1 4.19295E-1 4.23779E-1 4.2927E-1 4.40316E-1 4.51524E-1 4.57439E-1 4.71637E-1 4.87525E-1 4.95141E-1 5.15377E-1 5.32977E-1 5.43156E-1 5.54158E-1 5.65205E-1 5.76902E-1 5.89999E-1
5.42034E-1 5.69165E-1 5.87575E-1 5.49892E-1 5.39053E-1 5.29786E-1 5.17026E-1 5.20618E-1 4.1207E-1 4.18491E-1 3.54615E-1 4.65586E-1 3.3052E-1 2.37611E-1 5.29138E-1 5.96662E-1 4.27433E-1 3.08021E-1 3.97862E-1 5.05063E-1 4.72916E-1 4.49045E-1 4.31907E-1 3.8356E-1 3.73068E-1 4.1152E-1 4.24744E-1 3.93096E-1 2.06323E-1 2.63633E-1 3.81935E-1 3.85693E-1 3.42582E-1 3.83693E-1 3.78441E-1 3.77421E-1 3.83834E-1 3.83261E-1 3.85663E-1 3.83617E-1 3.91664E-1 4.00829E-1 4.10738E-1 4.08454E-1 4.16184E-1 4.21078E-1 4.30455E-1 4.31727E-1 4.46459E-1 4.57116E-1 4.64524E-1 4.76848E-1 4.816E-1 4.97012E-1 5.14961E-1 5.30464E-1 5.44417E-1 5.59249E-1 5.75132E-1 5.79058E-1 5.9502E-1
5.0414E-1 5.97983E-1 5.89413E-1 5.70946E-1 5.51693E-1 5.29159E-1 5.23761E-1 5.22748E-1 5.69079E-1 5.53543E-1 3.85764E-1 3.50857E-1 3.21068E-1 3.04037E-1 5.23489E-1 5.49736E-1 4.87328E-1 4.2551E-1 3.78346E-1 5.08997E-1 4.90567E-1 4.9638E-1 4.39933E-1 4.23443E-1 3.86618E-1 3.06691E-1 2.31276E-1 2.53994E-1 2.19611E-1 2.56864E-1 3.6104E-1 3.9144E-1 3.89623E-1 3.84445E-1 3.8222E-1 3.88173E-1 3.88984E-1 4.00402E-1 4.04366E-1 3.95969E-1 3.94885E-1 4.03926E-1 4.12793E-1 4.09555E-1 4.19411E-1 4.27551E-1 4.33403E-1 4.40201E-1 4.48461E-1 4.60883E-1 4.66375E-1 4.80435E-1 4.80875E-1 4.99394E-1 5.22896E-1 5.40143E-1 5.3973E-1 5.5826E-1 5.69552E-1 5.81549E-1 6.05549E-1
5.97729E-1 5.99675E-1 5.77481E-1 5.73327E-1 5.91654E-1 5.49305E-1 5.32436E-1 5.2546E-1 5.50007E-1 5.46981E-1 5.89943E-1 4.29818E-1 3.05711E-1 3.48199E-1 5.21321E-1 5.24251E-1 4.35393E-1 3.84431E-1 3.62705E-1 4.87308E-1 4.74938E-1 4.89847E-1 4.40268E-1 3.55946E-1 3.47508E-1 3.17311E-1 4.25714E-1 2.74643E-1 2.6747E-1 2.84127E-1 3.5928E-1 3.977E-1 4.08787E-1 4.06164E-1 3.9784E-1 3.95286E-1 3.91145E-1 4.06723E-1 4.18686E-1 4.23107E-1 4.07011E-1 4.05918E-1 4.12184E-1 4.15501E-1 4.20327E-1 4.32627E-1 4.32514E-1 4.39269E-1 4.51429E-1 4.5802E-1 4.70535E-1 4.84386E-1 4.89905E-1 5.01083E-1 5.20848E-1 5.44267E-1 5.51059E-1 5.75129E-1 5.75338E-1 5.91544E-1 6.05255E-1
5.86056E-1 5.99183E-1 5.78304E-1 5.7984E-1 5.88042E-1 5.62871E-1 5.28102E-1 5.3244E-1 5.7271E-1 5.38756E-1 5.37728E-1 3.71216E-1 2.6852E-1 4.02039E-1 5.04321E-1 4.99407E-1 5.34243E-1 4.88748E-1 3.51419E-1 4.8571E-1 4.74809E-1 4.52353E-1 4.70247E-1 3.39152E-1 3.86979E-1 1.98651E-1 2.74238E-1 2.13963E-1 4.12137E-1 4.03058E-1 3.47887E-1 4.01806E-1 4.06849E-1 4.16556E-1 4.10036E-1 4.0401E-1 3.8947E-1 4.11038E-1 4.18143E-1 4.1422E-1 4.15334E-1 4.09642E-1 4.14069E-1 4.21649E-1 4.26188E-1 4.32991E-1 4.3798E-1 4.42973E-1 4.54834E-1 4.6254E-1 4.70594E-1 4.86586E-1 4.96123E-1 5.09474E-1 5.17664E-1 5.43843E-1 5.63402E-1 5.76649E-1 5.8248E-1 5.98431E-1 5.52619E-1
5.60196E-1 5.78919E-1 5.84385E-1 5.73481E-1 5.57195E-1 5.7372E-1 5.57557E-1 5.3492E-1 5.47812E-1 5.71881E-1 5.7968E-1 2.57198E-1 2.94196E-1 4.62826E-1 5.07987E-1 5.01752E-1 4.97362E-1 4.65959E-1 3.20651E-1 4.76055E-1 4.62418E-1 4.54492E-1 4.51342E-1 4.15694E-1 1.90721E-1 1.81729E-1 2.55958E-1 4.13555E-1 4.24414E-1 3.08782E-1 4.10166E-1 4.17656E-1 4.10724E-1 4.25557E-1 4.25951E-1 3.21443E-1 3.92207E-1 4.16322E-1 4.15504E-1 4.17766E-1 4.14437E-1 4.18276E-1 4.19396E-1 4.23183E-1 4.26301E-1 4.37404E-1 4.38927E-1 4.51302E-1 4.62221E-1 4.70033E-1 4.84766E-1 4.93814E-1 5.01809E-1 5.18287E-1 5.23605E-1 5.36673E-1 5.58308E-1 5.80512E-1 5.91083E-1 6.05677E-1 5.71253E-1
5.60066E-1 5.7924E-1 5.72732E-1 5.89297E-1 5.7572E-1 5.71689E-1 5.532E-1 5.36482E-1 5.43383E-1 5.48661E-1 5.60786E-1 2.67116E-1 5.37657E-1 5.34887E-1 5.16749E-1 5.1041E-1 5.13366E-1 4.82484E-1 4.47327E-1 4.87156E-1 4.74671E-1 4.51648E-1 4.38258E-1 4.51344E-1 1.87997E-1 1.92354E-1 4.24339E-1 4.20839E-1 4.19034E-1 3.02116E-1 4.10912E-1 4.02474E-1 4.23107E-1 4.26026E-1 4.26951E-1 3.45445E-1 3.99402E-1 3.98563E-1 4.15058E-1 4.11883E-1 4.18488E-1 4.17142E-1 4.20461E-1 4.25157E-1 4.35826E-1 4.41926E-1 4.52154E-1 4.50214E-1 4.62816E-1 4.69484E-1 4.81676E-1 4.89551E-1 5.09349E-1 5.17205E-1 5.31438E-1 5.44012E-1 5.55809E-1 5.72593E-1 6.0019E-1 6.1423E-1 5.72116E-1
5.69808E-1 5.78495E-1 5.8958E-1 5.80897E-1 5.88908E-1 5.86166E-1 5.60537E-1 5.47645E-1 5.58387E-1 5.59803E-1 5.51011E-1 5.16556E-1 3.37951E-1 5.30665E-1 5.22735E-1 5.01273E-1 5.19037E-1 4.46364E-1 4.55764E-1 4.00854E-1 4.25668E-1 4.27912E-1 4.39826E-1 3.81412E-1 1.90401E-1 3.3343E-1 4.28539E-1 4.28715E-1 3.9434E-1 4.05378E-1 4.29945E-1 4.27752E-1 4.35139E-1 4.39423E-1 4.22971E-1 3.33762E-1 3.5543E-1 4.07741E-1 4.12962E-1 4.15525E-1 4.15863E-1 4.25902E-1 4.25482E-1 4.25039E-1 4.35396E-1 4.47652E-1 4.48217E-1 4.60345E-1 4.70892E-1 4.80286E-1 4.90801E-1 4.96451E-1 5.17134E-1 5.25445E-1 5.38636E-1 5.50098E-1 5.61722E-1 5.81396E-1 6.11715E-1 6.21956E-1 6.34723E-1
5.57649E-1 5.69988E-1 5.74235E-1 5.83569E-1 5.89395E-1 5.91574E-1 5.81078E-1 5.62538E-1 5.56478E-1 5.63473E-1 5.63253E-1 5.46783E-1 4.21681E-1 5.47718E-1 5.30775E-1 5.10104E-1 5.19504E-1 5.21559E-1 4.20563E-1 4.21983E-1 3.30607E-1 2.91183E-1 3.17551E-1 1.94901E-1 4.35002E-1 4.36212E-1 4.38097E-1 4.49763E-1 4.46594E-1 4.03497E-1 4.26094E-1 4.45639E-1 4.38359E-1 4.40501E-1 4.55082E-1 3.43356E-1 4.3708E-1 4.08004E-1 4.19319E-1 4.18653E-1 4.23258E-1 4.30558E-1 4.33205E-1 4.35936E-1 4.38099E-1 4.43252E-1 4.51942E-1 4.6245E-1 4.75128E-1 4.83425E-1 4.9767E-1 5.05063E-1 5.1875E-1 5.37626E-1 5.4547E-1 5.52042E-1 5.68216E-1 5.89033E-1 5.80183E-1 6.21796E-1 6.37465E-1
5.72353E-1 5.69255E-1 5.66084E-1 5.7331E-1 5.7133E-1 5.7234E-1 5.70082E-1 5.81673E-1 5.68339E-1 5.68614E-1 5.62457E-1 5.37375E-1 4.39816E-1 5.54622E-1 5.37467E-1 5.08464E-1 5.19533E-1 4.95833E-1 5.05438E-1 4.97704E-1 4.34888E-1 3.16032E-1 2.6512E-1 2.89592E-1 4.40828E-1 4.33889E-1 4.23828E-1 4.30436E-1 4.39281E-1 4.47473E-1 4.41267E-1 4.48818E-1 4.43685E-1 4.44825E-1 3.47758E-1 4.26675E-1 4.39917E-1 4.29631E-1 4.34242E-1 4.31578E-1 4.28968E-1 4.29958E-1 4.43306E-1 4.40868E-1 4.45155E-1 4.54586E-1 4.5787E-1 4.71662E-1 4.77625E-1 4.93182E-1 5.04939E-1 5.1221E-1 5.20902E-1 5.43048E-1 5.49001E-1 5.59953E-1 5.70186E-1 5.91595E-1 6.16059E-1 5.76478E-1 6.23346E-1
5.69063E-1 5.71943E-1 5.69687E-1 5.64368E-1 5.70146E-1 5.70144E-1 5.57123E-1 5.81356E-1 5.78704E-1 5.66919E-1 5.42033E-1 5.38112E-1 4.64298E-1 5.5865E-1 5.34529E-1 5.31177E-1 5.22413E-1 5.01122E-1 4.86691E-1 4.89865E-1 3.90303E-1 3.20438E-1 2.89082E-1 4.68618E-1 4.6436E-1 4.81916E-1 3.86798E-1 4.3277E-1 4.41919E-1 4.42203E-1 4.44802E-1 4.43643E-1 4.43708E-1 4.49807E-1 4.45623E-1 3.66248E-1 3.67184E-1 4.31746E-1 4.36085E-1 4.32412E-1 4.38722E-1 4.41429E-1 4.44893E-1 4.52763E-1 4.56318E-1 4.60404E-1 4.62542E-1 4.74908E-1 4.84203E-1 4.97403E-1 5.03251E-1 5.18938E-1 5.25366E-1 5.50792E-1 5.5928E-1 5.69799E-1 5.76544E-1 6.00167E-1 6.17938E-1 6.34333E-1 6.47067E-1
5.7725E-1 5.89201E-1 5.87146E-1 5.77823E-1 5.84884E-1 5.80918E-1 5.57864E-1 5.60315E-1 5.71612E-1 5.74814E-1 5.05305E-1 4.31087E-1 4.60094E-1 5.68314E-1 5.37928E-1 5.46247E-1 5.26539E-1 5.15924E-1 4.81224E-1 4.79109E-1 3.98177E-1 3.53449E-1 3.4703E-1 4.56086E-1 4.52727E-1 4.65034E-1 2.87254E-1 4.38869E-1 4.44064E-1 4.46504E-1 4.50079E-1 4.54066E-1 4.52185E-1 3.95448E-1 4.37994E-1 3.27508E-1 4.3275E-1 4.3728E-1 4.33005E-1 4.3817E-1 4.39063E-1 4.39438E-1 4.47836E-1 4.5358E-1 4.60655E-1 4.66805E-1 4.71328E-1 4.83385E-1 4.87553E-1 4.95845E-1 5.09362E-1 5.29765E-1 5.32252E-1 5.56195E-1 5.67269E-1 5.7428E-1 5.92197E-1 6.07928E-1 6.20218E-1 6.32717E-1 6.49874E-1
5.72315E-1 5.82469E-1 5.8299E-1 5.8061E-1 6.05461E-1 5.93913E-1 5.94439E-1 5.57903E-1 5.49534E-1 5.55373E-1 5.70768E-1 4.36769E-1 4.10019E-1 5.5836E-1 5.55623E-1 5.3667E-1 5.06292E-1 5.13288E-1 4.94341E-1 4.77632E-1 4.43826E-1 3.7181E-1 2.49289E-1 4.47348E-1 4.46989E-1 4.39599E-1 4.44158E-1 4.50856E-1 4.47407E-1 4.52145E-1 4.62403E-1 4.48474E-1 4.4157E-1 4.35015E-1 4.45297E-1 3.68911E-1 4.35777E-1 4.34034E-1 4.39724E-1 4.45686E-1 4.47867E-1 4.50313E-1 4.54788E-1 4.54945E-1 4.65781E-1 4.72995E-1 4.6897E-1 4.7998E-1 5.00022E-1 5.07396E-1 5.12984E-1 5.27004E-1 5.4464E-1 5.5996E-1 5.76545E-1 5.8536E-1 6.02939E-1 6.1661E-1 6.32411E-1 6.4229E-1 6.53445E-1
5.67663E-1 5.70657E-1 5.73858E-1 5.76301E-1 5.65258E-1 5.87287E-1 5.91951E-1 5.84966E-1 5.64569E-1 5.50366E-1 5.48114E-1 4.58005E-1 4.10436E-1 5.63446E-1 5.4555E-1 5.3348E-1 5.22677E-1 4.65511E-1 4.68978E-1 4.88935E-1 4.34128E-1 3.76996E-1 2.76776E-1 4.59826E-1 4.46137E-1 4.56465E-1 4.67988E-1 3.48302E-1 4.55051E-1 4.71568E-1 4.80135E-1 2.22843E-1 2.86722E-1 4.26855E-1 4.38732E-1 4.24602E-1 4.37485E-1 4.42616E-1 4.40362E-1 4.48873E-1 4.46775E-1 4.5028E-1 4.65058E-1 4.63452E-1 4.70421E-1 4.78148E-1 4.81333E-1 4.92204E-1 4.95977E-1 5.10834E-1 5.24239E-1 5.39629E-1 5.54287E-1 5.71708E-1 5.68734E-1 5.65315E-1 6.14957E-1 5.91851E-1 5.9424E-1 6.4983E-1 6.59934E-1
5.65205E-1 5.54761E-1 5.66436E-1 5.79709E-1 5.61105E-1 5.7265E-1 5.73918E-1 5.83648E-1 5.24455E-1 5.68436E-1 5.42631E-1 5.51823E-1 5.62161E-1 4.3641E-1 5.59544E-1 5.12813E-1 5.20286E-1 4.35611E-1 4.25761E-1 4.40899E-1 4.24578E-1 2.88147E-1 3.04938E-1 4.61376E-1 4.4545E-1 4.74717E-1 4.7167E-1 2.74132E-1 4.79331E-1 4.6746E-1 3.68913E-1 3.30768E-1 4.53184E-1 2.96656E-1 4.07606E-1 4.41214E-1 4.36153E-1 4.44015E-1 4.47177E-1 4.53717E-1 4.42922E-1 4.49301E-1 4.60315E-1 4.60846E-1 4.69764E-1 4.84684E-1 4.81812E-1 4.99515E-1 5.06442E-1 5.18137E-1 5.26695E-1 5.42218E-1 5.50606E-1 5.77053E-1 5.88135E-1 6.03258E-1 6.15613E-1 6.27309E-1 6.41268E-1 6.53576E-1 6.61316E-1
