Artocarpus heterophyllus SDM files/Last interglacial/results (with bias file)/Arthet_4.asc
ncols         625
nrows         721
xllcorner     69.99986311115
yllcorner     5.99986151914999
cellsize      0.041666667
NODATA_value  -9999
[rows 378 to 404 of 721, columns 244 to 304 of 625]
6.06105E-1 6.10715E-1 6.06069E-1 6.01572E-1 6.10359E-1 6.15542E-1 6.14458E-1 6.15758E-1 6.18709E-1 6.22324E-1 6.18447E-1 6.1505E-1 6.04218E-1 6.00373E-1 5.9361E-1 6.03859E-1 6.10954E-1 6.10652E-1 5.90347E-1 5.97726E-1 5.96212E-1 5.96965E-1 5.99587E-1 6.05877E-1 6.09568E-1 6.13963E-1 5.95138E-1 5.96106E-1 5.87374E-1 5.8963E-1 5.89424E-1 5.84688E-1 5.8193E-1 5.86031E-1 5.86932E-1 5.84366E-1 5.8635E-1 5.84397E-1 5.87587E-1 5.84997E-1 5.92875E-1 5.97448E-1 5.90497E-1 5.95554E-1 5.95404E-1 5.97223E-1 5.98757E-1 6.10418E-1 6.09345E-1 6.04047E-1 6.01341E-1 5.94511E-1 6.07858E-1 6.26223E-1 6.41147E-1 6.16268E-1 5.69795E-1 5.72672E-1 5.59696E-1 5.58504E-1 5.64834E-1
6.05803E-1 6.0561E-1 6.17417E-1 6.02287E-1 6.15978E-1 6.06058E-1 6.10679E-1 6.08853E-1 6.16734E-1 6.17531E-1 6.12833E-1 6.2321E-1 6.02596E-1 6.02032E-1 5.98854E-1 6.02941E-1 6.1078E-1 6.14685E-1 6.03689E-1 6.09497E-1 5.98205E-1 6.0983E-1 6.0814E-1 6.10021E-1 6.16889E-1 6.14177E-1 6.14631E-1 6.1017E-1 5.88141E-1 6.07487E-1 5.90534E-1 5.85466E-1 5.82727E-1 5.96987E-1 5.89412E-1 5.87153E-1 6.06224E-1 5.83166E-1 5.7958E-1 5.85809E-1 5.91527E-1 6.11608E-1 5.94937E-1 5.94965E-1 5.96928E-1 5.96313E-1 5.92974E-1 6.12934E-1 6.03566E-1 6.04162E-1 6.17578E-1 5.97975E-1 6.05955E-1 6.45365E-1 6.35541E-1 5.79459E-1 5.65782E-1 5.60815E-1 5.65431E-1 5.68734E-1 5.82875E-1
6.11434E-1 6.17561E-1 6.27383E-1 6.14332E-1 6.21049E-1 6.09417E-1 6.02887E-1 6.08097E-1 6.18771E-1 6.20601E-1 6.08234E-1 6.14787E-1 6.03443E-1 5.99156E-1 5.98935E-1 6.02941E-1 6.17754E-1 6.17292E-1 6.01886E-1 6.01556E-1 6.07511E-1 6.07852E-1 6.05231E-1 6.09236E-1 6.32368E-1 6.27967E-1 6.37378E-1 6.23085E-1 6.17457E-1 6.16145E-1 6.00897E-1 5.89658E-1 5.8203E-1 6.01143E-1 6.13749E-1 5.89005E-1 5.97165E-1 6.00926E-1 5.86374E-1 5.93948E-1 6.00273E-1 5.92593E-1 5.95421E-1 5.97381E-1 5.98751E-1 5.98012E-1 5.94497E-1 6.13797E-1 6.04468E-1 5.95677E-1 5.90242E-1 5.95228E-1 6.00358E-1 6.31694E-1 6.21458E-1 5.806E-1 5.81381E-1 5.69298E-1 5.6641E-1 5.62446E-1 5.80092E-1
6.16673E-1 6.20264E-1 6.26877E-1 6.27724E-1 6.31001E-1 6.15731E-1 6.10034E-1 6.08248E-1 6.10733E-1 6.25886E-1 6.14636E-1 6.01278E-1 6.0157E-1 6.01861E-1 5.99501E-1 6.07693E-1 6.18697E-1 6.18885E-1 6.01623E-1 6.01405E-1 6.07805E-1 6.05225E-1 6.06741E-1 6.06623E-1 6.23918E-1 6.35053E-1 6.33831E-1 6.37149E-1 6.3024E-1 6.20338E-1 6.17931E-1 6.02858E-1 5.90785E-1 5.93763E-1 6.12815E-1 6.20278E-1 6.23701E-1 6.14315E-1 6.20322E-1 6.01845E-1 6.01228E-1 6.04127E-1 6.09531E-1 5.95298E-1 5.98587E-1 5.98148E-1 5.99047E-1 6.06147E-1 6.01714E-1 6.03722E-1 5.88714E-1 5.84096E-1 5.99581E-1 5.96687E-1 5.87324E-1 5.80638E-1 5.73898E-1 5.69856E-1 5.70841E-1 5.72166E-1 5.76056E-1
6.11702E-1 6.19659E-1 6.26467E-1 6.30891E-1 6.28998E-1 6.13306E-1 6.08743E-1 6.17217E-1 6.1164E-1 6.21591E-1 6.16606E-1 6.04304E-1 6.01538E-1 6.03471E-1 6.03354E-1 6.09657E-1 6.22646E-1 6.1452E-1 5.98112E-1 6.02923E-1 6.08361E-1 6.05991E-1 6.06434E-1 6.02658E-1 6.07693E-1 6.30138E-1 6.34588E-1 6.3165E-1 6.24825E-1 6.36663E-1 6.38572E-1 6.12939E-1 6.03405E-1 6.03432E-1 6.12097E-1 6.06275E-1 6.24103E-1 6.21885E-1 6.18999E-1 6.21477E-1 6.1076E-1 6.13865E-1 6.08226E-1 5.95904E-1 5.92396E-1 5.91639E-1 5.97071E-1 6.05386E-1 5.98377E-1 5.83712E-1 5.80325E-1 5.78459E-1 5.84355E-1 5.77174E-1 5.73746E-1 5.75105E-1 5.6795E-1 5.66229E-1 5.65812E-1 5.71806E-1 5.71045E-1
6.12418E-1 6.13889E-1 6.24716E-1 6.3141E-1 6.25608E-1 6.14578E-1 6.09499E-1 6.13344E-1 6.22136E-1 6.20163E-1 6.18146E-1 6.1229E-1 6.06917E-1 6.05699E-1 6.07356E-1 6.16027E-1 6.20789E-1 6.03957E-1 6.00444E-1 6.05338E-1 6.05338E-1 6.05942E-1 6.08914E-1 5.99861E-1 5.9971E-1 6.19862E-1 6.32261E-1 6.30789E-1 6.3165E-1 6.30617E-1 6.38702E-1 6.47449E-1 6.31396E-1 6.17958E-1 6.11052E-1 6.13152E-1 6.2178E-1 6.19056E-1 6.12088E-1 6.22839E-1 6.1663E-1 6.19421E-1 6.15861E-1 5.97861E-1 6.02235E-1 5.99751E-1 6.07994E-1 6.19441E-1 5.95534E-1 5.83156E-1 5.8262E-1 5.95526E-1 5.76442E-1 5.74956E-1 5.74429E-1 5.76439E-1 5.8265E-1 5.64671E-1 5.687E-1 5.7146E-1 5.73367E-1
6.23279E-1 6.13889E-1 6.21147E-1 6.28398E-1 6.18133E-1 6.12151E-1 6.10104E-1 6.15169E-1 6.19487E-1 6.19184E-1 6.11988E-1 6.07068E-1 6.12355E-1 6.0729E-1 6.19723E-1 6.10789E-1 6.15394E-1 6.03526E-1 6.02699E-1 6.14001E-1 6.14152E-1 6.06018E-1 6.16775E-1 6.05227E-1 5.9668E-1 6.13817E-1 6.32486E-1 6.2977E-1 6.29471E-1 6.18468E-1 6.24714E-1 6.36918E-1 6.36932E-1 6.19817E-1 6.15953E-1 6.14059E-1 6.23142E-1 6.15839E-1 6.13943E-1 6.17689E-1 6.16073E-1 6.21979E-1 6.18359E-1 6.12639E-1 6.03797E-1 6.0274E-1 6.12325E-1 6.18945E-1 6.01406E-1 5.89473E-1 5.97213E-1 5.96388E-1 5.95153E-1 5.86538E-1 5.88932E-1 5.73716E-1 5.76433E-1 5.77112E-1 5.71021E-1 5.73096E-1 5.80102E-1
6.24023E-1 6.265E-1 6.33356E-1 6.3483E-1 6.21841E-1 6.1488E-1 6.09499E-1 6.13344E-1 6.19553E-1 6.2087E-1 6.13247E-1 6.0501E-1 6.0737E-1 6.06907E-1 6.18637E-1 6.20859E-1 6.21585E-1 6.06228E-1 6.0789E-1 6.07055E-1 6.04951E-1 6.16691E-1 6.26829E-1 6.10031E-1 6.06385E-1 6.13022E-1 6.3408E-1 6.36351E-1 6.28194E-1 6.22735E-1 6.2713E-1 6.29855E-1 6.35875E-1 6.18981E-1 6.14134E-1 6.11524E-1 6.1784E-1 6.12047E-1 6.14199E-1 6.15676E-1 6.14863E-1 6.13041E-1 6.1955E-1 6.21792E-1 6.15919E-1 6.09273E-1 6.13453E-1 6.12152E-1 6.01104E-1 5.99804E-1 5.96818E-1 5.86807E-1 5.79509E-1 5.84005E-1 5.83358E-1 5.77677E-1 5.8406E-1 5.89186E-1 5.71634E-1 5.73164E-1 5.86631E-1
6.23536E-1 6.21103E-1 6.272E-1 6.2484E-1 6.29721E-1 6.14721E-1 6.12604E-1 6.1735E-1 6.15014E-1 6.17208E-1 6.12887E-1 6.10071E-1 6.0448E-1 6.17517E-1 6.20527E-1 6.30479E-1 6.42913E-1 6.08533E-1 6.01666E-1 6.04129E-1 6.06092E-1 6.13061E-1 6.1677E-1 6.06511E-1 6.13499E-1 6.25238E-1 6.41143E-1 6.35614E-1 6.24567E-1 6.18703E-1 6.20671E-1 6.26237E-1 6.41506E-1 6.23371E-1 6.23157E-1 6.18354E-1 6.20567E-1 6.18251E-1 6.15973E-1 6.2082E-1 6.17323E-1 6.12606E-1 6.11842E-1 6.1584E-1 6.21583E-1 6.15826E-1 6.15659E-1 6.11623E-1 6.10336E-1 6.08557E-1 5.95821E-1 5.77309E-1 5.77658E-1 5.76039E-1 5.83025E-1 5.83519E-1 5.81583E-1 5.83834E-1 5.78157E-1 5.78457E-1 5.83002E-1
6.296E-1 6.2409E-1 6.24052E-1 6.25702E-1 6.29418E-1 6.18125E-1 6.1101E-1 6.21965E-1 6.15014E-1 6.21688E-1 6.10543E-1 6.10314E-1 6.11987E-1 6.23064E-1 6.43078E-1 6.40474E-1 6.40779E-1 6.38878E-1 6.00088E-1 6.00561E-1 6.12388E-1 6.33363E-1 6.24843E-1 5.99779E-1 6.03903E-1 6.14635E-1 6.25843E-1 6.36325E-1 6.37794E-1 6.31521E-1 6.1709E-1 6.24151E-1 6.41361E-1 6.17316E-1 6.18961E-1 6.1759E-1 6.19053E-1 6.20445E-1 6.16125E-1 6.25817E-1 6.29427E-1 6.16113E-1 6.11993E-1 6.25909E-1 6.22642E-1 6.22433E-1 6.25887E-1 6.087E-1 6.10674E-1 6.10884E-1 5.98556E-1 5.84933E-1 5.76151E-1 5.71161E-1 5.79648E-1 5.7701E-1 5.78089E-1 5.78124E-1 5.78906E-1 5.76123E-1 5.75257E-1
6.35245E-1 6.31122E-1 6.25576E-1 6.23646E-1 6.26913E-1 6.2258E-1 6.10988E-1 6.141E-1 6.26297E-1 6.26104E-1 6.09798E-1 6.13936E-1 6.11219E-1 6.39635E-1 6.46414E-1 6.44083E-1 6.42283E-1 6.43977E-1 6.19557E-1 6.01067E-1 6.22217E-1 6.48345E-1 6.25353E-1 6.06941E-1 6.28197E-1 6.0363E-1 6.22355E-1 6.35727E-1 6.31985E-1 6.32266E-1 6.24577E-1 6.309E-1 6.441E-1 6.18375E-1 6.19778E-1 6.14472E-1 6.15825E-1 6.24496E-1 6.26877E-1 6.27663E-1 6.15613E-1 6.26149E-1 6.17821E-1 6.26666E-1 6.31471E-1 6.2319E-1 6.26066E-1 6.21562E-1 6.18853E-1 6.0505E-1 6.01786E-1 5.89595E-1 5.74991E-1 5.73808E-1 5.7322E-1 5.74991E-1 5.74498E-1 5.74218E-1 5.72079E-1 5.68261E-1 5.68209E-1
6.3075E-1 6.3382E-1 6.24516E-1 6.23798E-1 6.24404E-1 6.20222E-1 6.24245E-1 6.27052E-1 6.21251E-1 6.26149E-1 6.2083E-1 6.15522E-1 6.20746E-1 6.36266E-1 6.47625E-1 6.50769E-1 6.35044E-1 6.46371E-1 6.28255E-1 6.19741E-1 6.27098E-1 6.56287E-1 6.3974E-1 6.44585E-1 6.18787E-1 6.04124E-1 6.09225E-1 6.25409E-1 6.37377E-1 6.31509E-1 6.24577E-1 6.30446E-1 6.35471E-1 6.19021E-1 6.15575E-1 6.1538E-1 6.16808E-1 6.20364E-1 6.23769E-1 6.23728E-1 6.23274E-1 6.21244E-1 6.18275E-1 6.26406E-1 6.20276E-1 6.22282E-1 6.29063E-1 6.23447E-1 6.1925E-1 6.09969E-1 6.04856E-1 5.87761E-1 5.93208E-1 5.85421E-1 5.71806E-1 5.70745E-1 5.79736E-1 5.78824E-1 5.65943E-1 5.63403E-1 5.65181E-1
6.28682E-1 6.33668E-1 6.22133E-1 6.26636E-1 6.20222E-1 6.25009E-1 6.29183E-1 6.33272E-1 6.21381E-1 6.21222E-1 6.18327E-1 6.17196E-1 6.27382E-1 6.32586E-1 6.40167E-1 6.35312E-1 6.50576E-1 6.45416E-1 6.38697E-1 6.38935E-1 6.37953E-1 6.52957E-1 6.5048E-1 6.44271E-1 6.18007E-1 6.14936E-1 6.18913E-1 6.32678E-1 6.45397E-1 6.29548E-1 6.2145E-1 6.24477E-1 6.36277E-1 6.22462E-1 6.13717E-1 6.21762E-1 6.15511E-1 6.19718E-1 6.2002E-1 6.18561E-1 6.20393E-1 6.19788E-1 6.20171E-1 6.21382E-1 6.24822E-1 6.29778E-1 6.19617E-1 6.17994E-1 6.16322E-1 6.14082E-1 6.033E-1 6.04977E-1 6.12107E-1 5.90972E-1 5.67713E-1 5.74824E-1 5.92276E-1 5.86458E-1 5.7438E-1 5.61733E-1 5.66907E-1
6.26866E-1 6.34635E-1 6.27241E-1 6.25008E-1 6.21518E-1 6.25009E-1 6.32911E-1 6.31255E-1 6.16601E-1 6.18557E-1 6.22338E-1 6.22348E-1 6.29143E-1 6.35358E-1 6.47619E-1 6.49727E-1 6.43809E-1 6.42986E-1 6.37784E-1 6.29984E-1 6.445E-1 6.40711E-1 6.46723E-1 6.44903E-1 6.25329E-1 6.21962E-1 6.24515E-1 6.32206E-1 6.45699E-1 6.38658E-1 6.23851E-1 6.21758E-1 6.3446E-1 6.26471E-1 6.23246E-1 6.12986E-1 6.18857E-1 6.15722E-1 6.16192E-1 6.16041E-1 6.16192E-1 6.21217E-1 6.19642E-1 6.22752E-1 6.30337E-1 6.26437E-1 6.20634E-1 6.19077E-1 6.17756E-1 6.16848E-1 6.10858E-1 6.1476E-1 6.18977E-1 6.10178E-1 5.89178E-1 5.9364E-1 5.99825E-1 5.81701E-1 5.64971E-1 5.6218E-1 5.64741E-1
6.25665E-1 6.18713E-1 6.23353E-1 6.26068E-1 6.23182E-1 6.29595E-1 6.35859E-1 6.27212E-1 6.15908E-1 6.19719E-1 6.27735E-1 6.28232E-1 6.25195E-1 6.36059E-1 6.37758E-1 6.52257E-1 6.3335E-1 6.43786E-1 6.44003E-1 6.34641E-1 6.22461E-1 6.267E-1 6.3299E-1 6.38097E-1 6.28788E-1 6.17485E-1 6.29695E-1 6.27267E-1 6.40508E-1 6.23365E-1 6.22124E-1 6.14196E-1 6.2901E-1 6.12385E-1 6.22516E-1 6.25817E-1 6.1438E-1 6.14995E-1 6.17716E-1 6.19793E-1 6.2798E-1 6.09809E-1 6.21239E-1 6.24786E-1 6.29126E-1 6.24281E-1 6.26037E-1 6.17413E-1 6.19161E-1 6.16924E-1 6.2096E-1 6.21939E-1 6.21477E-1 6.18061E-1 6.18212E-1 6.22501E-1 6.13225E-1 5.86003E-1 5.66328E-1 5.61747E-1 5.64397E-1
6.34848E-1 6.30477E-1 6.21273E-1 6.29047E-1 6.33651E-1 6.34404E-1 6.27301E-1 6.17183E-1 6.18575E-1 6.23372E-1 6.36618E-1 6.22857E-1 6.26445E-1 6.53204E-1 6.53611E-1 6.45118E-1 6.28039E-1 6.45527E-1 6.51805E-1 6.45615E-1 6.22539E-1 6.28163E-1 6.28425E-1 6.44949E-1 6.53418E-1 6.20027E-1 6.25612E-1 6.27195E-1 6.39239E-1 6.33965E-1 6.18487E-1 6.18972E-1 6.24306E-1 6.21002E-1 6.27892E-1 6.22093E-1 6.2085E-1 6.21988E-1 6.31947E-1 6.22866E-1 6.32298E-1 6.27434E-1 6.31395E-1 6.2973E-1 6.22768E-1 6.30638E-1 6.31975E-1 6.15809E-1 6.19629E-1 6.12794E-1 6.2096E-1 6.24853E-1 6.23858E-1 6.26489E-1 6.3113E-1 6.36319E-1 6.1713E-1 5.84831E-1 5.7255E-1 5.66433E-1 5.62567E-1
6.38272E-1 6.27949E-1 6.29092E-1 6.19344E-1 6.27874E-1 6.36072E-1 6.22021E-1 6.22075E-1 6.33084E-1 6.33727E-1 6.3038E-1 6.11001E-1 6.31414E-1 6.50494E-1 6.52286E-1 6.28497E-1 6.42359E-1 6.44626E-1 6.44054E-1 6.54882E-1 6.32404E-1 6.36885E-1 6.35713E-1 6.44831E-1 6.47417E-1 6.3962E-1 6.19732E-1 6.2992E-1 6.25962E-1 6.31412E-1 6.23371E-1 6.18583E-1 6.19794E-1 6.25088E-1 6.23103E-1 6.17584E-1 6.25771E-1 6.27027E-1 6.3264E-1 6.26643E-1 6.36738E-1 6.35832E-1 6.3911E-1 6.28143E-1 6.25815E-1 6.28304E-1 6.45284E-1 6.32024E-1 6.14674E-1 6.04628E-1 6.2331E-1 6.24702E-1 6.23027E-1 6.27847E-1 6.36599E-1 6.45559E-1 6.30955E-1 6.0656E-1 5.69201E-1 5.59462E-1 5.74179E-1
6.39331E-1 6.2914E-1 6.29292E-1 6.20262E-1 6.3126E-1 6.25427E-1 6.32713E-1 6.35515E-1 6.43246E-1 6.37932E-1 6.08539E-1 6.1363E-1 6.4574E-1 6.47946E-1 6.31592E-1 6.37462E-1 6.59665E-1 6.55617E-1 6.35441E-1 6.34671E-1 6.56108E-1 6.58334E-1 6.46356E-1 6.38715E-1 6.35049E-1 6.47794E-1 6.52381E-1 6.2486E-1 6.17246E-1 6.32796E-1 6.33505E-1 6.1815E-1 6.2042E-1 6.258E-1 6.20808E-1 6.22924E-1 6.22851E-1 6.24668E-1 6.28995E-1 6.3002E-1 6.34667E-1 6.29515E-1 6.39919E-1 6.32822E-1 6.27026E-1 6.27588E-1 6.41326E-1 6.3285E-1 6.30916E-1 6.09811E-1 6.20682E-1 6.20566E-1 6.26025E-1 6.2249E-1 6.33309E-1 6.4217E-1 6.41826E-1 6.10822E-1 5.76867E-1 5.72916E-1 5.68281E-1
6.3689E-1 6.27929E-1 6.30503E-1 6.28902E-1 6.27532E-1 6.31203E-1 6.35761E-1 6.39206E-1 6.34675E-1 6.22312E-1 6.17713E-1 6.38617E-1 6.47788E-1 6.36414E-1 6.57097E-1 6.62067E-1 6.70449E-1 6.57529E-1 6.45638E-1 6.56794E-1 6.62674E-1 6.5217E-1 6.50265E-1 6.38937E-1 6.34473E-1 6.3546E-1 6.49433E-1 6.21401E-1 6.08647E-1 6.21286E-1 6.3279E-1 6.27764E-1 6.15747E-1 6.27163E-1 6.23178E-1 6.16045E-1 6.21168E-1 6.26294E-1 6.30656E-1 6.28233E-1 6.27127E-1 6.2743E-1 6.333E-1 6.28422E-1 6.26601E-1 6.32997E-1 6.36892E-1 6.3136E-1 6.2662E-1 6.16259E-1 6.18782E-1 6.29359E-1 6.2845E-1 6.27555E-1 6.35164E-1 6.30168E-1 6.32304E-1 6.17795E-1 5.9035E-1 5.78155E-1 5.61973E-1
6.37212E-1 6.2793E-1 6.28423E-1 6.31284E-1 6.26555E-1 6.27382E-1 6.33928E-1 6.35777E-1 6.29862E-1 6.17463E-1 6.19443E-1 6.38794E-1 6.20843E-1 6.40435E-1 6.59953E-1 6.60522E-1 6.70143E-1 6.6911E-1 6.6072E-1 6.70766E-1 6.52874E-1 6.42912E-1 6.474E-1 6.37715E-1 6.41242E-1 6.381E-1 6.24742E-1 6.18285E-1 6.15421E-1 6.27888E-1 6.40553E-1 6.32681E-1 6.22773E-1 6.34917E-1 6.26E-1 6.1236E-1 6.17144E-1 6.20026E-1 6.34379E-1 6.29827E-1 6.20122E-1 6.23451E-1 6.3008E-1 6.22234E-1 6.26933E-1 6.31562E-1 6.34032E-1 6.32373E-1 6.21178E-1 6.12641E-1 6.15882E-1 6.2682E-1 6.2526E-1 6.31668E-1 6.23567E-1 6.26872E-1 6.26884E-1 6.15322E-1 6.13868E-1 5.90929E-1 5.69146E-1
6.36568E-1 6.29818E-1 6.2409E-1 6.26928E-1 6.23409E-1 6.24952E-1 6.29908E-1 6.32146E-1 6.27303E-1 6.15561E-1 6.21352E-1 6.20247E-1 6.19634E-1 6.32236E-1 6.38744E-1 6.38882E-1 6.42656E-1 6.48376E-1 6.48651E-1 6.67131E-1 6.68731E-1 6.48695E-1 6.43874E-1 6.46263E-1 6.35196E-1 6.24197E-1 6.38412E-1 6.19797E-1 6.09385E-1 6.19616E-1 6.28315E-1 6.3541E-1 6.13444E-1 6.25172E-1 6.2975E-1 6.24628E-1 6.13816E-1 6.15254E-1 6.23672E-1 6.33007E-1 6.22032E-1 6.17214E-1 6.24159E-1 6.21137E-1 6.3185E-1 6.27453E-1 6.2963E-1 6.30655E-1 6.29911E-1 6.15611E-1 6.07997E-1 6.19123E-1 6.28299E-1 6.30638E-1 6.25306E-1 6.22884E-1 6.27611E-1 6.11718E-1 6.19755E-1 6.15763E-1 5.78571E-1
6.31327E-1 6.24955E-1 6.17154E-1 6.23067E-1 6.19575E-1 6.21883E-1 6.29121E-1 6.25733E-1 6.32648E-1 6.21205E-1 6.1651E-1 6.20247E-1 6.25238E-1 6.4187E-1 6.51972E-1 6.46787E-1 6.29433E-1 6.6477E-1 6.56559E-1 6.60963E-1 6.70029E-1 6.55702E-1 6.52639E-1 6.45528E-1 6.23976E-1 6.36773E-1 6.48032E-1 6.27381E-1 6.05584E-1 6.2686E-1 6.26362E-1 6.34685E-1 6.2011E-1 6.25297E-1 6.38749E-1 6.39157E-1 6.25801E-1 6.13673E-1 6.18783E-1 6.40558E-1 6.21704E-1 6.16441E-1 6.16826E-1 6.208E-1 6.32577E-1 6.26574E-1 6.28062E-1 6.37016E-1 6.2743E-1 6.22466E-1 6.07676E-1 6.1801E-1 6.2886E-1 6.33588E-1 6.28758E-1 6.28113E-1 6.16863E-1 6.23976E-1 6.21013E-1 6.143E-1 6.00156E-1
6.31629E-1 6.2177E-1 6.20529E-1 6.19423E-1 6.16945E-1 6.27306E-1 6.26194E-1 6.23582E-1 6.21004E-1 6.27992E-1 6.23075E-1 6.19548E-1 6.26646E-1 6.5322E-1 6.64062E-1 6.42754E-1 6.45033E-1 6.69452E-1 6.7231E-1 6.55069E-1 6.69742E-1 6.72658E-1 6.45085E-1 6.4273E-1 6.24267E-1 6.3559E-1 6.43089E-1 6.23981E-1 6.14517E-1 6.1418E-1 6.30666E-1 6.27911E-1 6.22429E-1 6.30485E-1 6.42104E-1 6.39854E-1 6.16849E-1 6.18581E-1 6.21416E-1 6.32444E-1 6.28487E-1 6.24252E-1 6.25188E-1 6.31899E-1 6.23053E-1 6.24567E-1 6.35839E-1 6.19905E-1 6.18421E-1 6.23688E-1 6.14722E-1 6.31225E-1 6.27913E-1 6.21876E-1 6.1606E-1 6.20784E-1 6.20329E-1 6.26658E-1 6.18743E-1 6.11177E-1 6.04666E-1
6.30446E-1 6.30023E-1 6.2105E-1 6.21245E-1 6.21234E-1 6.24261E-1 6.21498E-1 6.19635E-1 6.23234E-1 6.289E-1 6.22621E-1 6.20812E-1 6.22617E-1 6.43785E-1 6.47435E-1 6.40987E-1 6.55037E-1 6.57338E-1 6.56323E-1 6.5047E-1 6.64085E-1 6.71281E-1 6.56375E-1 6.4892E-1 6.33894E-1 6.21384E-1 6.2031E-1 6.2241E-1 6.03047E-1 6.12683E-1 6.29856E-1 6.20877E-1 6.19312E-1 6.35922E-1 6.41603E-1 6.37747E-1 6.26995E-1 6.25791E-1 6.16758E-1 6.27326E-1 6.30909E-1 6.26371E-1 6.3175E-1 6.27542E-1 6.31599E-1 6.33847E-1 6.3362E-1 6.25213E-1 6.14093E-1 6.11047E-1 6.17726E-1 6.28605E-1 6.32807E-1 6.23058E-1 6.12717E-1 6.1969E-1 6.23055E-1 6.20738E-1 6.13898E-1 6.06392E-1 6.02642E-1
6.29221E-1 6.37747E-1 6.21368E-1 6.15726E-1 6.1713E-1 6.1782E-1 6.17092E-1 6.2376E-1 6.23234E-1 6.29203E-1 6.23486E-1 6.21061E-1 6.2176E-1 6.23769E-1 6.41863E-1 6.49082E-1 6.50407E-1 6.50514E-1 6.55678E-1 6.59775E-1 6.62543E-1 6.64403E-1 6.59719E-1 6.57721E-1 6.57317E-1 6.32604E-1 6.25892E-1 6.40265E-1 6.04719E-1 6.1814E-1 6.31546E-1 6.09395E-1 6.29688E-1 6.28876E-1 6.42946E-1 6.43121E-1 6.21093E-1 6.22385E-1 6.18366E-1 6.24198E-1 6.26469E-1 6.24303E-1 6.25363E-1 6.22701E-1 6.23458E-1 6.28325E-1 6.23787E-1 6.17031E-1 6.19673E-1 6.21334E-1 6.24455E-1 6.19263E-1 6.20474E-1 6.1246E-1 6.09929E-1 6.17431E-1 6.2201E-1 6.20393E-1 6.18228E-1 6.13845E-1 6.08774E-1
6.1919E-1 6.27854E-1 6.21624E-1 6.16719E-1 6.18136E-1 6.15579E-1 6.19938E-1 6.2399E-1 6.23433E-1 6.23174E-1 6.26761E-1 6.36906E-1 6.28157E-1 6.13795E-1 6.23076E-1 6.48184E-1 6.4821E-1 6.49488E-1 6.55798E-1 6.52363E-1 6.62816E-1 6.53868E-1 6.51921E-1 6.6486E-1 6.6124E-1 6.55344E-1 6.47051E-1 6.19408E-1 6.08364E-1 6.27337E-1 6.29073E-1 6.23414E-1 6.14057E-1 6.2112E-1 6.33059E-1 6.40357E-1 6.15159E-1 6.17759E-1 6.18434E-1 6.23491E-1 6.24853E-1 6.27049E-1 6.3268E-1 6.32647E-1 6.26311E-1 6.27466E-1 6.22828E-1 6.14149E-1 6.18265E-1 6.22253E-1 6.22102E-1 6.24133E-1 6.1969E-1 6.15845E-1 6.08718E-1 6.15972E-1 6.15418E-1 6.14409E-1 6.18897E-1 6.15674E-1 6.07109E-1
6.14413E-1 6.37631E-1 6.41411E-1 6.16018E-1 6.17682E-1 6.11842E-1 6.22318E-1 6.22015E-1 6.25311E-1 6.20814E-1 6.2345E-1 6.30973E-1 6.31599E-1 6.20043E-1 6.2182E-1 6.3233E-1 6.43552E-1 6.53954E-1 6.45636E-1 6.585E-1 6.71125E-1 6.50946E-1 6.29192E-1 6.72859E-1 6.68185E-1 6.40868E-1 6.23036E-1 6.15063E-1 6.10117E-1 6.20444E-1 6.12499E-1 6.23928E-1 6.18941E-1 6.35746E-1 6.27383E-1 6.1504E-1 6.0485E-1 6.07049E-1 6.13632E-1 6.18821E-1 6.18574E-1 6.1766E-1 6.27275E-1 6.27533E-1 6.26068E-1 6.23984E-1 6.20493E-1 6.17717E-1 6.19476E-1 6.25191E-1 6.14373E-1 6.21119E-1 6.09689E-1 6.09387E-1 6.0774E-1 6.06462E-1 6.11789E-1 6.10202E-1 6.05701E-1 6.06562E-1 6.09377E-1
