Artocarpus heterophyllus SDM files/Last interglacial/results (with bias file)/Arthet_1.asc
ncols         625
nrows         721
xllcorner     69.99986311115
yllcorner     5.99986151914999
cellsize      0.041666667
NODATA_value  -9999
[rows 459 to 485 of 721, columns 122 to 182 of 625]
4.61481E-1 4.6423E-1 4.70422E-1 4.61456E-1 4.59887E-1 4.66186E-1 4.6083E-1 4.66628E-1 4.66699E-1 4.65154E-1 4.65317E-1 4.56827E-1 4.57803E-1 4.58551E-1 4.55403E-1 4.54076E-1 4.56216E-1 4.5772E-1 4.59137E-1 4.5761E-1 4.62918E-1 4.56323E-1 4.62896E-1 4.66203E-1 4.59013E-1 4.6141E-1 4.68684E-1 4.72816E-1 4.67946E-1 4.66255E-1 4.68318E-1 4.7016E-1 4.68941E-1 4.70793E-1 4.77058E-1 4.83546E-1 4.75951E-1 4.8722E-1 4.79723E-1 4.70836E-1 4.70541E-1 4.72052E-1 4.7443E-1 4.77464E-1 4.83206E-1 4.92882E-1 5.03864E-1 5.11168E-1 5.13699E-1 5.11051E-1 5.19002E-1 5.23352E-1 5.2471E-1 5.1844E-1 5.206E-1 5.25556E-1 5.23559E-1 5.08891E-1 5.08137E-1 5.14247E-1 5.1643E-1
4.60705E-1 4.65471E-1 4.66165E-1 4.62252E-1 4.60213E-1 4.6358E-1 4.66761E-1 4.64326E-1 4.65368E-1 4.673E-1 4.69428E-1 4.67011E-1 4.60605E-1 4.57883E-1 4.56627E-1 4.56837E-1 4.55631E-1 4.59483E-1 4.57513E-1 4.54692E-1 4.61307E-1 4.61711E-1 4.52682E-1 4.60877E-1 4.56801E-1 4.60829E-1 4.60426E-1 4.65292E-1 4.63565E-1 4.6598E-1 4.66309E-1 4.67407E-1 4.64212E-1 4.68163E-1 4.80876E-1 4.85905E-1 4.8873E-1 4.89084E-1 4.83492E-1 4.73369E-1 4.71701E-1 4.71269E-1 4.73113E-1 4.76716E-1 4.83824E-1 4.92129E-1 4.97521E-1 5.02513E-1 5.08257E-1 5.04541E-1 5.1994E-1 5.26041E-1 5.30973E-1 5.30619E-1 5.20497E-1 5.21953E-1 5.28718E-1 5.13812E-1 5.08705E-1 5.06656E-1 5.07941E-1
4.62962E-1 4.64091E-1 4.61865E-1 4.63245E-1 4.67691E-1 4.70483E-1 4.68164E-1 4.66589E-1 4.63322E-1 4.62875E-1 4.66927E-1 4.67793E-1 4.68663E-1 4.68559E-1 4.64387E-1 4.55677E-1 4.57061E-1 4.56903E-1 4.58719E-1 4.59026E-1 4.68788E-1 4.61696E-1 4.57691E-1 4.55573E-1 4.60382E-1 4.57077E-1 4.62633E-1 4.58219E-1 4.62192E-1 4.62702E-1 4.6368E-1 4.59051E-1 4.63797E-1 4.63351E-1 4.70761E-1 4.79467E-1 4.87287E-1 4.88952E-1 4.82869E-1 4.75267E-1 4.73514E-1 4.73051E-1 4.79306E-1 4.76979E-1 4.80606E-1 4.86014E-1 4.91815E-1 4.98659E-1 4.97306E-1 5.01938E-1 5.10924E-1 5.21321E-1 5.22378E-1 5.21807E-1 5.16152E-1 5.17053E-1 5.31883E-1 5.26927E-1 5.17887E-1 5.10115E-1 5.0498E-1
4.63672E-1 4.67906E-1 4.64752E-1 4.68398E-1 4.72329E-1 4.75583E-1 4.7225E-1 4.68796E-1 4.67093E-1 4.62799E-1 4.67397E-1 4.64782E-1 4.65374E-1 4.64324E-1 4.66698E-1 4.56173E-1 4.55756E-1 4.58229E-1 4.57963E-1 4.59213E-1 4.60757E-1 4.63183E-1 4.62235E-1 4.60805E-1 4.61298E-1 4.63877E-1 4.62691E-1 4.63337E-1 4.60256E-1 4.55107E-1 4.60605E-1 4.56511E-1 4.56398E-1 4.61025E-1 4.64296E-1 4.7621E-1 4.85804E-1 4.85718E-1 4.73587E-1 4.73125E-1 4.75741E-1 4.80836E-1 4.74622E-1 4.74208E-1 4.68116E-1 4.73925E-1 4.82851E-1 4.85306E-1 4.86543E-1 5.0131E-1 5.07684E-1 5.14018E-1 5.12449E-1 5.07597E-1 5.10537E-1 5.10152E-1 5.19055E-1 5.13299E-1 5.19618E-1 5.23627E-1 5.12425E-1
4.69832E-1 4.71137E-1 4.71093E-1 4.67599E-1 4.6929E-1 4.72786E-1 4.74734E-1 4.69063E-1 4.67964E-1 4.67348E-1 4.64313E-1 4.69106E-1 4.62434E-1 4.73273E-1 4.65571E-1 4.6309E-1 4.64487E-1 4.62201E-1 4.56673E-1 4.53786E-1 4.55546E-1 4.57032E-1 4.57673E-1 4.59842E-1 4.61303E-1 4.65802E-1 4.67929E-1 4.59286E-1 4.64269E-1 4.49945E-1 4.51768E-1 4.54577E-1 4.56475E-1 4.60601E-1 4.60753E-1 4.69855E-1 4.78782E-1 4.8039E-1 4.7218E-1 4.74011E-1 4.74457E-1 4.69407E-1 4.7492E-1 4.79251E-1 4.68851E-1 4.76963E-1 4.71977E-1 4.77834E-1 4.80288E-1 4.90196E-1 4.98741E-1 5.1011E-1 5.07808E-1 5.04659E-1 5.01265E-1 5.0691E-1 5.13949E-1 5.18056E-1 5.17198E-1 5.22642E-1 5.25416E-1
4.71915E-1 4.7598E-1 4.72492E-1 4.69604E-1 4.67898E-1 4.71631E-1 4.71169E-1 4.66251E-1 4.71605E-1 4.65631E-1 4.71119E-1 4.66938E-1 4.70516E-1 4.63316E-1 4.63493E-1 4.64278E-1 4.66315E-1 4.70442E-1 4.5762E-1 4.53671E-1 4.57784E-1 4.58624E-1 4.59564E-1 4.54077E-1 4.53443E-1 4.5547E-1 4.57558E-1 4.69073E-1 4.65479E-1 4.5858E-1 4.58423E-1 4.57319E-1 4.61673E-1 4.58798E-1 4.58124E-1 4.66007E-1 4.72728E-1 4.74894E-1 4.77988E-1 4.72153E-1 4.7766E-1 4.81636E-1 4.66879E-1 4.74803E-1 4.76715E-1 4.7536E-1 4.7697E-1 4.78654E-1 4.76112E-1 4.84859E-1 4.91755E-1 4.9768E-1 4.99044E-1 4.98684E-1 4.94315E-1 4.96472E-1 5.03141E-1 5.11293E-1 5.14409E-1 5.16178E-1 5.17243E-1
4.71366E-1 4.74594E-1 4.73539E-1 4.69704E-1 4.69082E-1 4.70421E-1 4.68804E-1 4.64257E-1 4.64197E-1 4.69858E-1 4.71706E-1 4.70781E-1 4.74357E-1 4.70583E-1 4.68166E-1 4.65364E-1 4.66165E-1 4.68604E-1 4.59748E-1 4.54229E-1 4.61116E-1 4.64126E-1 4.62866E-1 4.54426E-1 4.51475E-1 4.53121E-1 4.56151E-1 4.64471E-1 4.68096E-1 4.64755E-1 4.62368E-1 4.58045E-1 4.6568E-1 4.60901E-1 4.56447E-1 4.65824E-1 4.69789E-1 4.77876E-1 4.82249E-1 4.76805E-1 4.77473E-1 4.84232E-1 4.726E-1 4.75129E-1 4.82494E-1 4.8465E-1 4.83404E-1 4.77711E-1 4.78436E-1 4.78415E-1 4.86262E-1 4.93343E-1 4.97191E-1 4.98805E-1 4.94784E-1 4.94614E-1 4.95903E-1 5.04406E-1 5.1085E-1 5.12877E-1 5.11842E-1
4.71296E-1 4.76211E-1 4.75318E-1 4.73159E-1 4.71227E-1 4.69693E-1 4.68801E-1 4.68646E-1 4.70081E-1 4.67855E-1 4.69371E-1 4.72511E-1 4.67385E-1 4.72E-1 4.72782E-1 4.74272E-1 4.66884E-1 4.69301E-1 4.66746E-1 4.66628E-1 4.68556E-1 4.61864E-1 4.66258E-1 4.53093E-1 4.52251E-1 4.51931E-1 4.53216E-1 4.56309E-1 4.58069E-1 4.65813E-1 4.64484E-1 4.58693E-1 4.59128E-1 4.58424E-1 4.62918E-1 4.72473E-1 4.71254E-1 4.70571E-1 4.75516E-1 4.74827E-1 4.73599E-1 4.6975E-1 4.71022E-1 4.70147E-1 4.78038E-1 4.82226E-1 4.8635E-1 4.83643E-1 4.80559E-1 4.7738E-1 4.87794E-1 4.94977E-1 4.90217E-1 4.90249E-1 4.83501E-1 4.83989E-1 4.8788E-1 4.95016E-1 5.06144E-1 5.09826E-1 5.04096E-1
4.75457E-1 4.74713E-1 4.72836E-1 4.84526E-1 4.77265E-1 4.74049E-1 4.70609E-1 4.73397E-1 4.6763E-1 4.6686E-1 4.76072E-1 4.7173E-1 4.70696E-1 4.71358E-1 4.71627E-1 4.7317E-1 4.74642E-1 4.70419E-1 4.65463E-1 4.64811E-1 4.72437E-1 4.55955E-1 4.62451E-1 4.54294E-1 4.56478E-1 4.60385E-1 4.51756E-1 4.5182E-1 4.54104E-1 4.64142E-1 4.6754E-1 4.65028E-1 4.54655E-1 4.52523E-1 4.59282E-1 4.68539E-1 4.69943E-1 4.73548E-1 4.79828E-1 4.65321E-1 4.71386E-1 4.6614E-1 4.66227E-1 4.69642E-1 4.73163E-1 4.76661E-1 4.83898E-1 4.8279E-1 4.80453E-1 4.80349E-1 4.78933E-1 4.89814E-1 4.91831E-1 4.86199E-1 4.83471E-1 4.82517E-1 4.85073E-1 4.90704E-1 5.02967E-1 4.95396E-1 5.03509E-1
4.84127E-1 4.80827E-1 4.79331E-1 4.83307E-1 4.87044E-1 4.80064E-1 4.85354E-1 4.86303E-1 4.77876E-1 4.73753E-1 4.7534E-1 4.74655E-1 4.68829E-1 4.69618E-1 4.7004E-1 4.69677E-1 4.7059E-1 4.65809E-1 4.63143E-1 4.66429E-1 4.72813E-1 4.67058E-1 4.63244E-1 4.58266E-1 4.61271E-1 4.60395E-1 4.55849E-1 4.55146E-1 4.55812E-1 4.62458E-1 4.64242E-1 4.6267E-1 4.54369E-1 4.56009E-1 4.55808E-1 4.56627E-1 4.64205E-1 4.71802E-1 4.76545E-1 4.80305E-1 4.62991E-1 4.63571E-1 4.66948E-1 4.68584E-1 4.70271E-1 4.71943E-1 4.76474E-1 4.73682E-1 4.81811E-1 4.7936E-1 4.80248E-1 4.83977E-1 4.84928E-1 4.87557E-1 4.86936E-1 4.8054E-1 4.82025E-1 4.89133E-1 4.8862E-1 4.90063E-1 4.91666E-1
4.9541E-1 4.88551E-1 4.79922E-1 4.87908E-1 4.89887E-1 4.90364E-1 4.9499E-1 4.92669E-1 4.86231E-1 4.76722E-1 4.75281E-1 4.73277E-1 4.68736E-1 4.68768E-1 4.68876E-1 4.69558E-1 4.71822E-1 4.71044E-1 4.67683E-1 4.61407E-1 4.663E-1 4.60456E-1 4.63683E-1 4.59895E-1 4.55584E-1 4.55842E-1 4.55867E-1 4.53383E-1 4.54313E-1 4.63036E-1 4.62781E-1 4.62886E-1 4.54603E-1 4.5325E-1 4.57485E-1 4.58621E-1 4.56922E-1 4.61034E-1 4.67656E-1 4.74853E-1 4.76113E-1 4.72054E-1 4.67412E-1 4.70177E-1 4.71291E-1 4.72983E-1 4.72514E-1 4.65512E-1 4.72031E-1 4.7571E-1 4.79058E-1 4.77889E-1 4.82481E-1 4.83972E-1 4.82752E-1 4.73481E-1 4.79594E-1 4.82908E-1 4.82826E-1 4.86078E-1 4.87582E-1
4.96904E-1 4.9259E-1 4.89108E-1 4.89663E-1 4.97427E-1 4.95949E-1 5.00651E-1 4.92936E-1 4.82654E-1 4.81281E-1 4.78284E-1 4.76082E-1 4.7421E-1 4.66532E-1 4.66618E-1 4.67501E-1 4.70037E-1 4.69719E-1 4.67926E-1 4.65911E-1 4.71352E-1 4.61381E-1 4.61517E-1 4.64875E-1 4.57989E-1 4.54367E-1 4.53973E-1 4.53637E-1 4.50387E-1 4.48173E-1 4.59052E-1 4.61901E-1 4.49569E-1 4.51363E-1 4.5674E-1 4.57199E-1 4.54334E-1 4.54934E-1 4.59472E-1 4.64739E-1 4.70758E-1 4.73433E-1 4.68822E-1 4.71579E-1 4.68112E-1 4.62613E-1 4.65701E-1 4.65612E-1 4.62461E-1 4.63191E-1 4.69478E-1 4.70411E-1 4.7438E-1 4.82908E-1 4.82854E-1 4.76293E-1 4.76338E-1 4.79491E-1 4.83418E-1 4.84429E-1 4.8399E-1
4.91625E-1 4.90722E-1 4.91969E-1 4.91609E-1 4.88748E-1 4.94189E-1 4.94432E-1 4.95923E-1 4.84194E-1 4.88848E-1 4.87911E-1 4.83599E-1 4.79206E-1 4.78468E-1 4.74275E-1 4.72756E-1 4.65723E-1 4.68238E-1 4.66723E-1 4.65114E-1 4.64648E-1 4.61579E-1 4.60342E-1 4.6545E-1 4.62431E-1 4.55995E-1 4.53753E-1 4.5295E-1 4.55433E-1 4.50901E-1 4.53097E-1 4.61924E-1 4.56646E-1 4.53655E-1 4.54786E-1 4.51032E-1 4.53311E-1 4.61276E-1 4.6031E-1 4.64255E-1 4.66981E-1 4.6759E-1 4.71025E-1 4.74754E-1 4.7101E-1 4.6051E-1 4.60762E-1 4.6183E-1 4.69353E-1 4.59668E-1 4.63734E-1 4.64296E-1 4.67405E-1 4.70193E-1 4.75207E-1 4.83636E-1 4.76862E-1 4.78179E-1 4.83061E-1 4.85396E-1 4.84464E-1
4.93123E-1 4.92114E-1 4.94001E-1 4.93093E-1 4.89382E-1 4.92192E-1 4.84396E-1 4.82837E-1 4.85999E-1 4.94985E-1 4.9472E-1 4.93746E-1 4.90058E-1 4.86335E-1 4.82909E-1 4.79062E-1 4.7489E-1 4.67983E-1 4.65514E-1 4.65678E-1 4.59008E-1 4.63891E-1 4.60431E-1 4.64353E-1 4.66114E-1 4.59746E-1 4.54111E-1 4.4722E-1 4.53299E-1 4.49205E-1 4.54561E-1 4.53993E-1 4.52897E-1 4.49154E-1 4.51684E-1 4.57852E-1 4.56703E-1 4.60415E-1 4.63539E-1 4.58837E-1 4.54883E-1 4.60077E-1 4.69256E-1 4.73967E-1 4.58834E-1 4.57827E-1 4.62472E-1 4.5767E-1 4.61008E-1 4.62809E-1 4.60842E-1 4.60015E-1 4.64626E-1 4.62941E-1 4.62794E-1 4.66826E-1 4.77395E-1 4.74046E-1 4.76697E-1 4.76662E-1 4.86558E-1
4.9862E-1 5.01724E-1 4.98026E-1 5.0609E-1 5.05616E-1 4.9524E-1 4.85713E-1 4.81666E-1 4.80407E-1 4.82896E-1 4.84134E-1 4.93204E-1 4.91237E-1 4.89814E-1 4.85035E-1 4.82746E-1 4.78542E-1 4.69376E-1 4.6976E-1 4.63449E-1 4.62428E-1 4.61979E-1 4.63266E-1 4.59956E-1 4.61832E-1 4.63037E-1 4.59309E-1 4.54742E-1 4.469E-1 4.45111E-1 4.47048E-1 4.51694E-1 4.52986E-1 4.51236E-1 4.49246E-1 4.53076E-1 4.56464E-1 4.5923E-1 4.63141E-1 4.601E-1 4.53869E-1 4.59411E-1 4.59365E-1 4.74678E-1 4.67135E-1 4.54673E-1 4.54961E-1 4.56713E-1 4.59961E-1 4.6244E-1 4.56506E-1 4.56718E-1 4.58734E-1 4.61113E-1 4.64489E-1 4.69213E-1 4.71037E-1 4.68687E-1 4.6584E-1 4.72983E-1 4.77864E-1
5.09957E-1 5.19138E-1 5.10436E-1 5.14674E-1 5.22205E-1 5.12207E-1 5.05774E-1 4.98019E-1 4.9412E-1 4.8853E-1 4.87472E-1 4.88879E-1 4.83168E-1 4.82638E-1 4.87389E-1 4.89889E-1 4.7739E-1 4.75524E-1 4.75142E-1 4.66201E-1 4.64024E-1 4.56633E-1 4.53759E-1 4.54664E-1 4.5844E-1 4.58975E-1 4.63493E-1 4.60378E-1 4.48803E-1 4.47941E-1 4.47858E-1 4.48357E-1 4.5035E-1 4.57355E-1 4.55123E-1 4.6421E-1 4.61062E-1 4.59785E-1 4.61128E-1 4.60865E-1 4.52348E-1 4.57353E-1 4.60903E-1 4.63261E-1 4.55754E-1 4.48499E-1 4.51295E-1 4.5429E-1 4.5728E-1 4.57773E-1 4.60641E-1 4.63232E-1 4.64622E-1 4.60473E-1 4.61389E-1 4.66865E-1 4.73331E-1 4.66704E-1 4.6958E-1 4.65983E-1 4.67692E-1
5.08437E-1 5.1582E-1 5.13972E-1 5.13047E-1 5.2385E-1 5.2507E-1 5.22598E-1 5.09965E-1 5.04543E-1 4.96657E-1 4.93726E-1 4.84157E-1 4.85504E-1 4.82785E-1 4.8199E-1 4.82842E-1 4.77896E-1 4.79756E-1 4.75603E-1 4.7565E-1 4.73282E-1 4.67863E-1 4.65807E-1 4.56006E-1 4.5596E-1 4.5563E-1 4.57186E-1 4.58717E-1 4.55913E-1 4.46186E-1 4.49691E-1 4.49564E-1 4.50971E-1 4.53297E-1 4.5927E-1 4.62984E-1 4.57616E-1 4.61599E-1 4.65787E-1 4.60718E-1 4.52319E-1 4.51624E-1 4.54409E-1 4.54831E-1 4.53287E-1 4.49428E-1 4.50259E-1 4.54701E-1 4.56467E-1 4.57527E-1 4.57641E-1 4.59327E-1 4.56458E-1 4.6089E-1 4.6341E-1 4.62688E-1 4.6624E-1 4.65355E-1 4.70199E-1 4.7526E-1 4.72315E-1
5.17495E-1 5.29839E-1 5.19789E-1 5.11871E-1 5.2369E-1 5.25174E-1 5.30721E-1 5.15174E-1 5.11918E-1 5.09636E-1 4.97168E-1 4.97164E-1 4.96313E-1 4.96159E-1 4.91199E-1 4.80118E-1 4.79921E-1 4.77595E-1 4.74176E-1 4.7402E-1 4.72657E-1 4.70017E-1 4.61192E-1 4.66919E-1 4.52828E-1 4.55212E-1 4.55069E-1 4.55473E-1 4.537E-1 4.50874E-1 4.51348E-1 4.5228E-1 4.52631E-1 4.51887E-1 4.52209E-1 4.6198E-1 4.55573E-1 4.62176E-1 4.64059E-1 4.63591E-1 4.58556E-1 4.54719E-1 4.54204E-1 4.45511E-1 4.51809E-1 4.50728E-1 4.50336E-1 4.55868E-1 4.59332E-1 4.59163E-1 4.61873E-1 4.62609E-1 4.66536E-1 4.69877E-1 4.72592E-1 4.62072E-1 4.64083E-1 4.61817E-1 4.70162E-1 4.78975E-1 4.68576E-1
5.15659E-1 5.29997E-1 5.2798E-1 5.14557E-1 5.20828E-1 5.30722E-1 5.30161E-1 5.19929E-1 5.19659E-1 5.14509E-1 5.12316E-1 4.96375E-1 4.99068E-1 5.01397E-1 4.9723E-1 4.91849E-1 4.8048E-1 4.78236E-1 4.76528E-1 4.77344E-1 4.72795E-1 4.73505E-1 4.67871E-1 4.60189E-1 4.57647E-1 4.52019E-1 4.52937E-1 4.53355E-1 4.51604E-1 4.51255E-1 4.52378E-1 4.52732E-1 4.53634E-1 4.50545E-1 4.51414E-1 4.51219E-1 4.55721E-1 4.54208E-1 4.55764E-1 4.57491E-1 4.64979E-1 4.56388E-1 4.59427E-1 4.54025E-1 4.50146E-1 4.5038E-1 4.50154E-1 4.54508E-1 4.58685E-1 4.59181E-1 4.60814E-1 4.57554E-1 4.64053E-1 4.71585E-1 4.66273E-1 4.67588E-1 4.71006E-1 4.72245E-1 4.73647E-1 4.76039E-1 4.74697E-1
5.14659E-1 5.26212E-1 5.23922E-1 5.19384E-1 5.17394E-1 5.39725E-1 5.32579E-1 5.28429E-1 5.25665E-1 5.22924E-1 5.16581E-1 5.07615E-1 5.10533E-1 5.0411E-1 4.97285E-1 4.9422E-1 4.90861E-1 4.85443E-1 4.82585E-1 4.7706E-1 4.74952E-1 4.71439E-1 4.69196E-1 4.65541E-1 4.57208E-1 4.59011E-1 4.61412E-1 4.60768E-1 4.5228E-1 4.49489E-1 4.60524E-1 4.6256E-1 4.53675E-1 4.50602E-1 4.43592E-1 4.46242E-1 4.50014E-1 4.46984E-1 4.51353E-1 4.57647E-1 4.56169E-1 4.61362E-1 4.52647E-1 4.56102E-1 4.56652E-1 4.54814E-1 4.5619E-1 4.51299E-1 4.55169E-1 4.53078E-1 4.54799E-1 4.6212E-1 4.65223E-1 4.67175E-1 4.65789E-1 4.65017E-1 4.72057E-1 4.71361E-1 4.67782E-1 4.74585E-1 4.77711E-1
5.248E-1 5.3734E-1 5.3305E-1 5.24838E-1 5.18445E-1 5.22622E-1 5.29531E-1 5.33521E-1 5.29441E-1 5.27231E-1 5.22698E-1 5.14129E-1 5.15668E-1 5.14338E-1 5.11848E-1 5.02828E-1 4.96597E-1 4.99418E-1 4.89817E-1 4.75848E-1 4.74249E-1 4.74506E-1 4.68208E-1 4.62357E-1 4.61293E-1 4.58587E-1 4.58249E-1 4.58824E-1 4.58545E-1 4.54958E-1 4.59583E-1 4.63552E-1 4.59795E-1 4.56077E-1 4.46045E-1 4.4821E-1 4.48457E-1 4.46203E-1 4.50747E-1 4.53988E-1 4.48899E-1 4.52342E-1 4.52691E-1 4.53578E-1 4.5547E-1 4.54727E-1 4.55739E-1 4.52722E-1 4.5164E-1 4.49393E-1 4.51914E-1 4.54204E-1 4.59648E-1 4.62074E-1 4.66429E-1 4.62116E-1 4.64498E-1 4.68232E-1 4.66078E-1 4.68332E-1 4.69775E-1
5.24961E-1 5.4365E-1 5.39754E-1 5.35654E-1 5.24802E-1 5.15314E-1 5.27175E-1 5.36545E-1 5.2381E-1 5.16046E-1 5.21609E-1 5.28335E-1 5.21859E-1 5.16679E-1 5.20268E-1 5.08643E-1 4.98584E-1 4.96328E-1 5.00512E-1 4.80948E-1 4.75793E-1 4.71839E-1 4.72115E-1 4.62889E-1 4.67574E-1 4.602E-1 4.58668E-1 4.59019E-1 4.51598E-1 4.53068E-1 4.56044E-1 4.61218E-1 4.5454E-1 4.48934E-1 4.45885E-1 4.49214E-1 4.47323E-1 4.48198E-1 4.49556E-1 4.49272E-1 4.46195E-1 4.52075E-1 4.51565E-1 4.51745E-1 4.53913E-1 4.55059E-1 4.5781E-1 4.53065E-1 4.51851E-1 4.49185E-1 4.48886E-1 4.53998E-1 4.55366E-1 4.54398E-1 4.599E-1 4.63236E-1 4.66208E-1 4.72056E-1 4.62604E-1 4.69178E-1 4.67854E-1
5.29086E-1 5.29144E-1 5.3945E-1 5.44588E-1 5.38608E-1 5.24767E-1 5.19156E-1 5.3527E-1 5.25817E-1 5.16927E-1 5.17974E-1 5.17392E-1 5.1943E-1 5.24318E-1 5.22201E-1 5.08318E-1 5.015E-1 5.04625E-1 5.00814E-1 4.82457E-1 4.78192E-1 4.7538E-1 4.76874E-1 4.68887E-1 4.65973E-1 4.64629E-1 4.61569E-1 4.60394E-1 4.54404E-1 4.58982E-1 4.54274E-1 4.53826E-1 4.53301E-1 4.49412E-1 4.48815E-1 4.51299E-1 4.44442E-1 4.45363E-1 4.43544E-1 4.44272E-1 4.49449E-1 4.4886E-1 4.50764E-1 4.50098E-1 4.5141E-1 4.54641E-1 4.51412E-1 4.5385E-1 4.50838E-1 4.53365E-1 4.47884E-1 4.53052E-1 4.54037E-1 4.54898E-1 4.59411E-1 4.60624E-1 4.61789E-1 4.62181E-1 4.63383E-1 4.67096E-1 4.69056E-1
5.3724E-1 5.31696E-1 5.34318E-1 5.32421E-1 5.43304E-1 5.51222E-1 5.41055E-1 5.45956E-1 5.22993E-1 5.19841E-1 5.25738E-1 5.15512E-1 5.16166E-1 5.29672E-1 5.07289E-1 5.22162E-1 5.26192E-1 5.02529E-1 5.02919E-1 4.93885E-1 4.79138E-1 4.79429E-1 4.87537E-1 4.72279E-1 4.72508E-1 4.64929E-1 4.64384E-1 4.6196E-1 4.59429E-1 4.58963E-1 4.56283E-1 4.5577E-1 4.55306E-1 4.49154E-1 4.49805E-1 4.50356E-1 4.51163E-1 4.45917E-1 4.45493E-1 4.44865E-1 4.41722E-1 4.43412E-1 4.46563E-1 4.48475E-1 4.44632E-1 4.50797E-1 4.48287E-1 4.49412E-1 4.50773E-1 4.45772E-1 4.4581E-1 4.45682E-1 4.48261E-1 4.50112E-1 4.52206E-1 4.57168E-1 4.59313E-1 4.5625E-1 4.60849E-1 4.64429E-1 4.65787E-1
5.50853E-1 5.44635E-1 5.37249E-1 5.2959E-1 5.31622E-1 5.47566E-1 5.49969E-1 5.62749E-1 5.41133E-1 5.29742E-1 5.26994E-1 5.20977E-1 5.20888E-1 5.30394E-1 5.20405E-1 5.14474E-1 5.06079E-1 5.09164E-1 5.18396E-1 4.98649E-1 4.90377E-1 4.88498E-1 4.93714E-1 4.88209E-1 4.81056E-1 4.74448E-1 4.71441E-1 4.63037E-1 4.65282E-1 4.59654E-1 4.55974E-1 4.55227E-1 4.55558E-1 4.51147E-1 4.51121E-1 4.52537E-1 4.51634E-1 4.53518E-1 4.5382E-1 4.46649E-1 4.42445E-1 4.40461E-1 4.43333E-1 4.45575E-1 4.46094E-1 4.4705E-1 4.43851E-1 4.48472E-1 4.4787E-1 4.4912E-1 4.42095E-1 4.43287E-1 4.43548E-1 4.42277E-1 4.45113E-1 4.48649E-1 4.51868E-1 4.55099E-1 4.50373E-1 4.51709E-1 4.55781E-1
5.51689E-1 5.39922E-1 5.33455E-1 5.44467E-1 5.47937E-1 5.56142E-1 5.48283E-1 5.49858E-1 5.51439E-1 5.46834E-1 5.42002E-1 5.26593E-1 5.25373E-1 5.21602E-1 5.27584E-1 5.24175E-1 5.05877E-1 5.06913E-1 5.12182E-1 5.1047E-1 4.9923E-1 4.87361E-1 4.95297E-1 5.00847E-1 4.87812E-1 4.81234E-1 4.79785E-1 4.6716E-1 4.66729E-1 4.61047E-1 4.5884E-1 4.57096E-1 4.62161E-1 4.57301E-1 4.52474E-1 4.51946E-1 4.52409E-1 4.45528E-1 4.50228E-1 4.48979E-1 4.48139E-1 4.46853E-1 4.40461E-1 4.42634E-1 4.41933E-1 4.41615E-1 4.45263E-1 4.42997E-1 4.46824E-1 4.48208E-1 4.50868E-1 4.49056E-1 4.43847E-1 4.37977E-1 4.45927E-1 4.48901E-1 4.47314E-1 4.50542E-1 4.52581E-1 4.55485E-1 4.49488E-1
5.36996E-1 5.38809E-1 5.3924E-1 5.56708E-1 5.54117E-1 5.54851E-1 5.53793E-1 5.59447E-1 5.56115E-1 5.48147E-1 5.54127E-1 5.49245E-1 5.45517E-1 5.34493E-1 5.37477E-1 5.22541E-1 5.29896E-1 5.10481E-1 5.09518E-1 5.06667E-1 5.02431E-1 4.97646E-1 4.94665E-1 4.98821E-1 4.91247E-1 4.90148E-1 4.88237E-1 4.73481E-1 4.75109E-1 4.63203E-1 4.64434E-1 4.66524E-1 4.61928E-1 4.61353E-1 4.53562E-1 4.529E-1 4.51582E-1 4.50467E-1 4.46876E-1 4.49949E-1 4.49684E-1 4.48087E-1 4.47629E-1 4.41765E-1 4.34451E-1 4.43633E-1 4.4161E-1 4.41432E-1 4.46677E-1 4.4813E-1 4.48307E-1 4.52294E-1 4.49885E-1 4.3544E-1 4.42164E-1 4.47214E-1 4.47181E-1 4.49417E-1 4.50291E-1 4.46205E-1 4.48967E-1
