Artocarpus heterophyllus SDM files/Last interglacial/results (with bias file)/Arthet_0.asc
ncols         625
nrows         721
xllcorner     69.99986311115
yllcorner     5.99986151914999
cellsize      0.041666667
NODATA_value  -9999
[rows 351 to 377 of 721, columns 549 to 609 of 625]
3.73898E-1 3.70731E-1 5.06463E-1 6.74009E-1 6.67252E-1 6.60546E-1 6.48308E-1 6.76774E-1 6.75755E-1 6.61768E-1 6.75228E-1 5.3001E-1 6.63065E-1 7.09077E-1 6.49804E-1 6.97187E-1 6.68135E-1 5.44005E-1 5.96354E-1 7.11683E-1 5.61956E-1 4.62131E-1 4.68931E-1 5.08678E-1 6.36215E-1 6.70813E-1 6.62128E-1 6.23118E-1 6.05419E-1 5.96803E-1 5.93752E-1 5.89024E-1 6.00314E-1 6.12635E-1 6.03294E-1 5.82208E-1 5.80919E-1 5.72639E-1 5.61097E-1 5.58299E-1 5.56612E-1 5.50986E-1 5.5521E-1 5.65907E-1 5.7044E-1 5.59791E-1 5.58232E-1 5.58251E-1 5.57732E-1 5.54781E-1 5.56454E-1 5.53067E-1 5.43204E-1 5.4191E-1 5.36753E-1 5.23781E-1 5.25853E-1 5.27619E-1 5.2582E-1 5.27202E-1 5.32401E-1
4.45901E-1 6.48132E-1 4.6186E-1 4.00963E-1 6.71212E-1 6.63656E-1 6.45066E-1 6.76936E-1 6.82465E-1 6.81107E-1 5.92125E-1 5.75564E-1 6.19122E-1 6.9419E-1 7.03753E-1 7.0808E-1 5.96585E-1 5.58406E-1 5.31906E-1 6.28143E-1 6.53151E-1 5.04822E-1 5.82412E-1 6.35489E-1 6.77152E-1 6.69651E-1 6.53632E-1 6.27425E-1 6.03374E-1 6.00791E-1 6.16392E-1 5.7937E-1 5.9495E-1 5.99164E-1 5.99311E-1 5.75829E-1 5.69713E-1 5.60512E-1 5.58085E-1 5.59629E-1 5.5831E-1 5.52021E-1 5.49246E-1 5.66059E-1 5.66216E-1 5.57825E-1 5.57242E-1 5.5381E-1 5.5177E-1 5.52004E-1 5.5071E-1 5.45108E-1 5.36912E-1 5.36058E-1 5.2923E-1 5.21707E-1 5.17665E-1 5.24856E-1 5.27075E-1 5.28458E-1 5.37571E-1
6.46954E-1 6.43974E-1 6.64969E-1 6.65136E-1 6.76903E-1 6.67122E-1 6.52083E-1 6.70483E-1 6.721E-1 6.84016E-1 5.66714E-1 6.90934E-1 7.03693E-1 6.90035E-1 7.04957E-1 6.97571E-1 7.07541E-1 6.00439E-1 5.94519E-1 6.39867E-1 6.70948E-1 6.50279E-1 4.89473E-1 5.5056E-1 6.77052E-1 6.06766E-1 6.20264E-1 6.61306E-1 6.14978E-1 6.05107E-1 6.23094E-1 5.91061E-1 5.87202E-1 5.81564E-1 5.89241E-1 5.76951E-1 5.66125E-1 5.62792E-1 5.61048E-1 5.66187E-1 5.53554E-1 5.47085E-1 5.41996E-1 5.5831E-1 5.6425E-1 5.49532E-1 5.51703E-1 5.51819E-1 5.42644E-1 5.41865E-1 5.34805E-1 5.32953E-1 5.29934E-1 5.22867E-1 5.18955E-1 5.17964E-1 5.19707E-1 5.18816E-1 5.2216E-1 5.21797E-1 5.32338E-1
6.75491E-1 6.30175E-1 6.45689E-1 6.69926E-1 6.75298E-1 6.64897E-1 6.55142E-1 6.6467E-1 6.72376E-1 6.72805E-1 6.80377E-1 6.73903E-1 6.96606E-1 6.93076E-1 7.00924E-1 6.77329E-1 6.95927E-1 6.32298E-1 5.62832E-1 6.52269E-1 6.41619E-1 6.9837E-1 5.19675E-1 5.28151E-1 4.91124E-1 5.02203E-1 5.98052E-1 6.54654E-1 6.33599E-1 6.00845E-1 5.89617E-1 5.82189E-1 5.83512E-1 5.77429E-1 5.70936E-1 5.68659E-1 5.67653E-1 5.70077E-1 5.67381E-1 5.64979E-1 5.58288E-1 5.49822E-1 5.44712E-1 5.48808E-1 5.62515E-1 5.51637E-1 5.46706E-1 5.41932E-1 5.4582E-1 5.41717E-1 5.28647E-1 5.26112E-1 5.22997E-1 5.19707E-1 5.2241E-1 5.3106E-1 5.29933E-1 5.24595E-1 5.24479E-1 5.23079E-1 5.2591E-1
6.84023E-1 6.59735E-1 6.46641E-1 6.57617E-1 6.72238E-1 6.61804E-1 6.62245E-1 6.73072E-1 6.6703E-1 6.78903E-1 6.75623E-1 6.57365E-1 6.91401E-1 6.06143E-1 6.90816E-1 6.80996E-1 7.02784E-1 6.96821E-1 7.15226E-1 5.82883E-1 5.6969E-1 7.04106E-1 5.73111E-1 5.35107E-1 3.88961E-1 4.0123E-1 4.85377E-1 6.08035E-1 6.43159E-1 6.30755E-1 5.98056E-1 5.9598E-1 5.84039E-1 5.78479E-1 5.69492E-1 5.71598E-1 5.69839E-1 5.76827E-1 5.7884E-1 5.7307E-1 5.65977E-1 5.56394E-1 5.46443E-1 5.46661E-1 5.581E-1 5.52142E-1 5.37833E-1 5.37788E-1 5.33696E-1 5.28695E-1 5.26489E-1 5.23138E-1 5.27021E-1 5.29745E-1 5.37143E-1 5.4056E-1 5.40095E-1 5.37171E-1 5.28852E-1 5.28369E-1 5.26044E-1
6.83111E-1 6.77894E-1 6.33223E-1 6.52453E-1 6.69563E-1 6.55301E-1 6.64366E-1 6.74363E-1 6.63243E-1 6.65532E-1 6.67833E-1 6.70715E-1 6.80073E-1 6.81961E-1 6.99268E-1 6.82157E-1 7.14901E-1 6.1073E-1 7.10578E-1 6.30317E-1 6.0907E-1 6.88888E-1 6.37216E-1 6.55243E-1 4.40355E-1 4.89522E-1 5.88912E-1 6.26699E-1 6.63585E-1 6.27246E-1 6.01537E-1 6.13884E-1 6.04559E-1 5.7978E-1 5.74291E-1 5.66468E-1 5.69382E-1 5.80058E-1 5.88832E-1 5.8598E-1 5.73958E-1 5.55735E-1 5.48144E-1 5.44796E-1 5.5175E-1 5.51434E-1 5.35147E-1 5.3492E-1 5.3041E-1 5.28737E-1 5.28174E-1 5.31525E-1 5.32322E-1 5.37377E-1 5.45897E-1 5.47826E-1 5.49122E-1 5.44207E-1 5.38115E-1 5.30563E-1 5.27786E-1
6.41925E-1 6.79347E-1 6.54612E-1 6.51647E-1 6.73591E-1 6.77716E-1 6.75656E-1 6.73238E-1 6.65616E-1 6.68283E-1 6.73502E-1 6.91359E-1 6.721E-1 6.88517E-1 6.68324E-1 6.7386E-1 6.89267E-1 7.10574E-1 5.98227E-1 6.77211E-1 6.31845E-1 6.8225E-1 7.13662E-1 6.51361E-1 5.13079E-1 4.30672E-1 5.0998E-1 6.06822E-1 6.73548E-1 6.2099E-1 6.01438E-1 6.11391E-1 6.03195E-1 5.96624E-1 5.82355E-1 5.6913E-1 5.83107E-1 5.89918E-1 5.89316E-1 5.91165E-1 5.76829E-1 5.58854E-1 5.50716E-1 5.47628E-1 5.48365E-1 5.49869E-1 5.34915E-1 5.33927E-1 5.35668E-1 5.3433E-1 5.38471E-1 5.39935E-1 5.41567E-1 5.39536E-1 5.41396E-1 5.47118E-1 5.45224E-1 5.41797E-1 5.34483E-1 5.31492E-1 5.28831E-1
6.56009E-1 6.60845E-1 6.79685E-1 6.6571E-1 6.85904E-1 6.87487E-1 6.85353E-1 6.79184E-1 6.7227E-1 6.81568E-1 6.87197E-1 6.83152E-1 6.67083E-1 6.84853E-1 6.74754E-1 6.78171E-1 6.21532E-1 6.61508E-1 5.61434E-1 6.27538E-1 5.59365E-1 6.973E-1 7.1087E-1 5.48412E-1 5.66506E-1 5.9059E-1 6.51559E-1 6.75164E-1 6.6353E-1 6.25622E-1 6.03417E-1 6.32012E-1 6.19439E-1 6.27106E-1 6.01958E-1 5.74458E-1 5.81791E-1 5.88584E-1 5.86247E-1 5.81831E-1 5.79884E-1 5.68737E-1 5.49935E-1 5.47154E-1 5.44243E-1 5.5174E-1 5.33384E-1 5.29702E-1 5.29373E-1 5.32619E-1 5.38287E-1 5.49356E-1 5.44066E-1 5.4786E-1 5.44374E-1 5.45263E-1 5.44969E-1 5.44292E-1 5.41332E-1 5.36484E-1 5.36037E-1
6.80812E-1 6.38867E-1 6.7467E-1 6.39929E-1 6.54816E-1 6.64696E-1 6.89419E-1 6.76472E-1 6.69895E-1 6.71695E-1 6.95628E-1 6.79591E-1 6.83309E-1 6.79272E-1 7.04864E-1 6.75861E-1 6.86169E-1 7.06479E-1 6.15974E-1 7.18037E-1 5.92426E-1 6.82948E-1 6.72111E-1 6.15579E-1 6.12448E-1 6.8103E-1 6.8398E-1 6.78304E-1 6.62952E-1 6.17267E-1 6.27849E-1 6.18445E-1 6.18196E-1 6.26211E-1 6.26096E-1 5.84955E-1 5.77057E-1 5.85622E-1 5.78412E-1 5.7468E-1 5.78776E-1 5.62805E-1 5.48434E-1 5.37608E-1 5.35049E-1 5.40891E-1 5.31133E-1 5.36774E-1 5.32274E-1 5.34233E-1 5.41432E-1 5.45361E-1 5.48567E-1 5.5762E-1 5.5381E-1 5.50314E-1 5.40763E-1 5.37627E-1 5.37479E-1 5.36717E-1 5.39513E-1
6.9426E-1 6.49193E-1 6.76408E-1 6.50137E-1 6.48969E-1 6.65532E-1 6.81373E-1 6.77577E-1 6.6833E-1 6.78999E-1 6.7628E-1 6.78174E-1 6.90772E-1 7.06099E-1 7.13679E-1 6.90044E-1 6.98055E-1 6.87736E-1 7.04041E-1 7.08301E-1 6.16431E-1 6.46071E-1 6.76214E-1 7.23091E-1 5.7684E-1 6.40284E-1 6.55118E-1 6.42081E-1 6.22491E-1 6.04106E-1 6.06453E-1 5.97089E-1 5.93272E-1 6.13322E-1 6.18071E-1 5.85924E-1 5.75357E-1 5.79989E-1 5.76337E-1 5.62514E-1 5.57973E-1 5.50904E-1 5.45107E-1 5.45461E-1 5.37491E-1 5.36311E-1 5.32058E-1 5.32097E-1 5.34017E-1 5.35739E-1 5.4352E-1 5.49144E-1 5.50916E-1 5.585E-1 5.55145E-1 5.48145E-1 5.43181E-1 5.39601E-1 5.40162E-1 5.37516E-1 5.33452E-1
6.99932E-1 6.65466E-1 6.70013E-1 6.59873E-1 6.32361E-1 6.68823E-1 6.69077E-1 6.82887E-1 6.78397E-1 6.60202E-1 6.78748E-1 6.79591E-1 6.85278E-1 6.96117E-1 7.13963E-1 7.13342E-1 7.00519E-1 7.16473E-1 7.0423E-1 7.11406E-1 7.12842E-1 7.09913E-1 6.95004E-1 6.96358E-1 6.40948E-1 6.28048E-1 6.80002E-1 6.53136E-1 6.24501E-1 6.02947E-1 6.05819E-1 6.00208E-1 5.8388E-1 5.92214E-1 6.07692E-1 5.90282E-1 5.74778E-1 5.74411E-1 5.76381E-1 5.6474E-1 5.62323E-1 5.64158E-1 5.53246E-1 5.45928E-1 5.4721E-1 5.35384E-1 5.36775E-1 5.28779E-1 5.34597E-1 5.36149E-1 5.46169E-1 5.49144E-1 5.51611E-1 5.6038E-1 5.62736E-1 5.54973E-1 5.52326E-1 5.47609E-1 5.45209E-1 5.39081E-1 5.39636E-1
7.12393E-1 6.78585E-1 6.73257E-1 6.7904E-1 6.44463E-1 6.71776E-1 6.6494E-1 6.86158E-1 6.59096E-1 6.69154E-1 6.70394E-1 7.02239E-1 6.7891E-1 6.92944E-1 7.14033E-1 7.30178E-1 7.20016E-1 7.25773E-1 7.11458E-1 5.84498E-1 7.09266E-1 7.15681E-1 6.86073E-1 6.70958E-1 7.10645E-1 6.32487E-1 6.74484E-1 6.84585E-1 6.46022E-1 6.18539E-1 6.23332E-1 6.06787E-1 6.05593E-1 5.80662E-1 5.96577E-1 5.83708E-1 5.65374E-1 5.69787E-1 5.71349E-1 5.70942E-1 5.63269E-1 5.64433E-1 5.57544E-1 5.50599E-1 5.45939E-1 5.42553E-1 5.34283E-1 5.27701E-1 5.40382E-1 5.43917E-1 5.46125E-1 5.55791E-1 5.5844E-1 5.62961E-1 5.64168E-1 5.67213E-1 5.8867E-1 5.79017E-1 5.61255E-1 5.59829E-1 5.50145E-1
7.19705E-1 6.97403E-1 6.74019E-1 6.76791E-1 6.61577E-1 6.6274E-1 6.53598E-1 6.84457E-1 6.75258E-1 6.75391E-1 6.60138E-1 6.77075E-1 6.81099E-1 6.82766E-1 7.07792E-1 7.07967E-1 7.09677E-1 7.03255E-1 7.04922E-1 7.17267E-1 7.09134E-1 6.94992E-1 6.72452E-1 6.51898E-1 6.94896E-1 7.15279E-1 6.85338E-1 6.69765E-1 6.32844E-1 6.6151E-1 6.25798E-1 6.278E-1 6.24852E-1 5.79201E-1 5.84022E-1 5.79773E-1 5.62073E-1 5.68768E-1 5.7141E-1 5.66864E-1 5.64925E-1 5.55321E-1 5.51602E-1 5.50922E-1 5.50912E-1 5.4269E-1 5.29678E-1 5.31472E-1 5.35507E-1 5.38095E-1 5.41699E-1 5.55038E-1 5.59156E-1 5.61531E-1 5.61351E-1 5.63203E-1 5.86858E-1 5.89587E-1 5.70039E-1 5.6551E-1 5.65267E-1
7.21947E-1 7.0324E-1 6.88721E-1 6.78889E-1 6.76767E-1 6.51343E-1 6.60471E-1 6.61919E-1 6.81325E-1 6.82842E-1 6.75245E-1 6.72408E-1 6.76836E-1 6.88163E-1 6.84512E-1 6.77761E-1 6.77761E-1 6.8055E-1 6.94751E-1 7.18434E-1 5.9547E-1 7.16788E-1 6.87445E-1 6.9604E-1 6.54168E-1 7.03874E-1 6.96316E-1 6.50512E-1 6.33496E-1 6.55816E-1 6.56586E-1 6.19332E-1 6.36688E-1 5.89583E-1 5.80593E-1 5.66992E-1 5.56279E-1 5.62153E-1 5.70154E-1 5.60322E-1 5.5394E-1 5.57506E-1 5.54324E-1 5.47383E-1 5.36266E-1 5.3697E-1 5.31481E-1 5.28918E-1 5.48335E-1 5.45466E-1 5.48654E-1 5.53866E-1 5.59596E-1 5.63656E-1 5.60109E-1 5.57031E-1 5.59323E-1 5.69072E-1 5.63625E-1 5.62604E-1 5.68849E-1
7.13035E-1 7.0762E-1 6.91349E-1 6.83908E-1 6.84516E-1 6.6528E-1 6.64618E-1 6.65238E-1 6.77737E-1 6.72515E-1 6.86877E-1 6.82813E-1 6.74678E-1 6.81925E-1 6.80151E-1 6.88557E-1 6.92807E-1 6.83983E-1 6.93445E-1 7.06179E-1 7.18434E-1 7.12316E-1 7.06875E-1 6.96437E-1 6.77292E-1 6.43921E-1 6.58591E-1 6.45693E-1 6.14059E-1 6.32494E-1 6.68275E-1 6.10859E-1 6.26647E-1 6.07551E-1 5.93421E-1 5.77653E-1 5.65986E-1 5.61991E-1 5.69104E-1 5.58337E-1 5.4734E-1 5.47235E-1 5.4451E-1 5.42578E-1 5.34753E-1 5.361E-1 5.36769E-1 5.45501E-1 5.46426E-1 5.53252E-1 5.56432E-1 5.5141E-1 5.59596E-1 5.53832E-1 5.52661E-1 5.47504E-1 5.51615E-1 5.48052E-1 5.58551E-1 5.59912E-1 5.67838E-1
6.97209E-1 7.08726E-1 6.9508E-1 6.8775E-1 6.84881E-1 6.75869E-1 6.48815E-1 6.66084E-1 6.69692E-1 6.6875E-1 6.62981E-1 6.92892E-1 6.87895E-1 6.8568E-1 6.91289E-1 7.00654E-1 7.07322E-1 7.13272E-1 7.08529E-1 7.11071E-1 7.23925E-1 7.13131E-1 7.11069E-1 7.10916E-1 6.95091E-1 6.69312E-1 6.4361E-1 6.4422E-1 6.23267E-1 5.98707E-1 6.47227E-1 6.3774E-1 5.98842E-1 6.16362E-1 5.85749E-1 5.83662E-1 5.66222E-1 5.64472E-1 5.67454E-1 5.63424E-1 5.51272E-1 5.40018E-1 5.35848E-1 5.40343E-1 5.34522E-1 5.39649E-1 5.41696E-1 5.41515E-1 5.48647E-1 5.45948E-1 5.46341E-1 5.45874E-1 5.53458E-1 5.5574E-1 5.51626E-1 5.49454E-1 5.45882E-1 5.57736E-1 5.56328E-1 5.5584E-1 5.62499E-1
7.06718E-1 7.08285E-1 7.00559E-1 6.83264E-1 6.81386E-1 6.8528E-1 6.74748E-1 6.67948E-1 6.62707E-1 6.70896E-1 6.67547E-1 6.80431E-1 6.9437E-1 6.90991E-1 6.87939E-1 7.13701E-1 7.14564E-1 7.18716E-1 7.28271E-1 7.06482E-1 7.11447E-1 7.13274E-1 7.06611E-1 7.13678E-1 6.92609E-1 7.12152E-1 6.96916E-1 6.98665E-1 6.51631E-1 6.11744E-1 6.19956E-1 6.38715E-1 6.03842E-1 6.10485E-1 5.8418E-1 5.76918E-1 5.68438E-1 5.62488E-1 5.70537E-1 5.65463E-1 5.56069E-1 5.5001E-1 5.34752E-1 5.36176E-1 5.3559E-1 5.40346E-1 5.43791E-1 5.48141E-1 5.5201E-1 5.43643E-1 5.43054E-1 5.44286E-1 5.49549E-1 5.54616E-1 5.47277E-1 5.44864E-1 5.50131E-1 5.43845E-1 5.50766E-1 5.51782E-1 5.52471E-1
7.34452E-1 7.22209E-1 7.07954E-1 6.87038E-1 6.85232E-1 6.83528E-1 6.67056E-1 6.6706E-1 6.90785E-1 6.63598E-1 6.58197E-1 6.74158E-1 6.93536E-1 6.9045E-1 6.92991E-1 6.95172E-1 7.04696E-1 7.04961E-1 7.28457E-1 6.96202E-1 7.0355E-1 7.06855E-1 7.14663E-1 7.11537E-1 7.1636E-1 7.09532E-1 6.8623E-1 6.52291E-1 6.30031E-1 6.10477E-1 5.92802E-1 6.16539E-1 6.15266E-1 6.04804E-1 6.00406E-1 5.69127E-1 5.66141E-1 5.65079E-1 5.64811E-1 5.64791E-1 5.58551E-1 5.50721E-1 5.41847E-1 5.35775E-1 5.34753E-1 5.38503E-1 5.47123E-1 5.52165E-1 5.52889E-1 5.59925E-1 5.57118E-1 5.5507E-1 5.52954E-1 5.47386E-1 5.46496E-1 5.42674E-1 5.38953E-1 5.36869E-1 5.46327E-1 5.45547E-1 5.48347E-1
7.07257E-1 7.3634E-1 7.17826E-1 6.9711E-1 6.87856E-1 6.86983E-1 6.81775E-1 6.67729E-1 6.86851E-1 6.72305E-1 6.65162E-1 6.57807E-1 6.98973E-1 6.77091E-1 7.02269E-1 6.93743E-1 6.95957E-1 7.0298E-1 7.14759E-1 7.01109E-1 6.88077E-1 6.95374E-1 6.97149E-1 7.25419E-1 7.13579E-1 6.81219E-1 6.66518E-1 6.73858E-1 6.63374E-1 6.20746E-1 5.92182E-1 6.0434E-1 6.07016E-1 6.22203E-1 6.15068E-1 5.7088E-1 5.66612E-1 5.63194E-1 5.63398E-1 5.6514E-1 5.59508E-1 5.52002E-1 5.43477E-1 5.36935E-1 5.34985E-1 5.36376E-1 5.43801E-1 5.51364E-1 5.58078E-1 5.65649E-1 5.64E-1 5.62376E-1 5.5539E-1 5.49849E-1 5.37797E-1 5.35014E-1 5.34314E-1 5.33627E-1 5.42478E-1 5.44171E-1 5.51479E-1
6.71924E-1 7.29394E-1 7.2994E-1 7.0628E-1 6.94246E-1 6.88798E-1 6.88538E-1 6.80595E-1 6.90359E-1 6.83786E-1 6.69866E-1 6.53943E-1 6.9616E-1 7.00394E-1 6.8091E-1 6.99039E-1 6.91563E-1 6.9468E-1 6.96803E-1 6.81726E-1 6.91257E-1 6.98629E-1 6.92963E-1 7.15033E-1 7.09471E-1 7.08623E-1 6.89684E-1 7.09171E-1 6.63578E-1 6.21234E-1 6.02618E-1 5.95874E-1 6.02073E-1 6.21897E-1 6.20481E-1 5.75952E-1 5.67966E-1 5.60916E-1 5.57409E-1 5.55179E-1 5.50511E-1 5.45341E-1 5.40554E-1 5.35422E-1 5.3519E-1 5.34985E-1 5.39897E-1 5.53198E-1 5.58207E-1 5.63907E-1 5.62965E-1 5.60896E-1 5.50808E-1 5.40319E-1 5.4222E-1 5.39559E-1 5.44831E-1 5.44439E-1 5.42397E-1 5.51255E-1 5.46746E-1
6.92126E-1 7.02694E-1 7.37139E-1 7.2121E-1 6.97633E-1 6.90601E-1 6.90959E-1 6.84958E-1 6.93016E-1 6.86656E-1 6.88363E-1 6.55959E-1 6.75374E-1 7.00828E-1 6.81315E-1 7.01132E-1 7.10831E-1 6.96471E-1 7.07498E-1 7.0065E-1 6.92017E-1 7.18061E-1 7.15458E-1 7.28475E-1 7.28382E-1 6.96949E-1 7.14698E-1 7.14428E-1 6.90901E-1 6.44405E-1 6.13249E-1 5.90517E-1 5.9815E-1 6.16949E-1 6.33222E-1 5.8192E-1 5.72123E-1 5.66432E-1 5.63833E-1 5.58553E-1 5.51289E-1 5.43244E-1 5.42545E-1 5.40089E-1 5.38095E-1 5.3389E-1 5.38232E-1 5.49888E-1 5.55882E-1 5.56932E-1 5.55301E-1 5.47964E-1 5.35675E-1 5.41031E-1 5.45965E-1 5.45799E-1 5.52147E-1 5.52949E-1 5.50859E-1 5.54772E-1 5.43629E-1
7.00263E-1 6.95357E-1 7.00691E-1 7.27167E-1 7.08801E-1 7.02005E-1 6.92794E-1 6.91347E-1 6.93343E-1 6.93402E-1 6.93075E-1 6.57206E-1 6.73936E-1 7.00763E-1 7.00442E-1 6.88278E-1 6.98819E-1 7.11706E-1 7.1183E-1 7.33142E-1 7.05374E-1 7.31708E-1 7.08094E-1 7.1564E-1 7.16186E-1 7.24861E-1 7.25194E-1 7.167E-1 6.91781E-1 6.49217E-1 6.19623E-1 6.0211E-1 5.88945E-1 6.1671E-1 6.39568E-1 5.88176E-1 5.74725E-1 5.67375E-1 5.62185E-1 5.56786E-1 5.54675E-1 5.49763E-1 5.42656E-1 5.40897E-1 5.37973E-1 5.29951E-1 5.36608E-1 5.42792E-1 5.48122E-1 5.44267E-1 5.38688E-1 5.42663E-1 5.41997E-1 5.53244E-1 5.54021E-1 5.54069E-1 5.56247E-1 5.56026E-1 5.51723E-1 5.54225E-1 5.56092E-1
7.15816E-1 6.89842E-1 6.94001E-1 7.27427E-1 7.09233E-1 7.04091E-1 7.00808E-1 6.92975E-1 6.95063E-1 6.96453E-1 6.96126E-1 6.79126E-1 6.68323E-1 6.81132E-1 7.05899E-1 6.8445E-1 7.05196E-1 6.92876E-1 7.02261E-1 7.24178E-1 7.16733E-1 7.23482E-1 7.09125E-1 7.13482E-1 7.01947E-1 7.08953E-1 7.21671E-1 7.03056E-1 7.21157E-1 6.78154E-1 6.52185E-1 6.15869E-1 5.94909E-1 6.12168E-1 6.34871E-1 5.95554E-1 5.79867E-1 5.7361E-1 5.70506E-1 5.66637E-1 5.57612E-1 5.57501E-1 5.47441E-1 5.44512E-1 5.33439E-1 5.31337E-1 5.30922E-1 5.35924E-1 5.41551E-1 5.35679E-1 5.34855E-1 5.38226E-1 5.42762E-1 5.54199E-1 5.49253E-1 5.51042E-1 5.59299E-1 5.59367E-1 5.51605E-1 5.5214E-1 5.56467E-1
6.98942E-1 6.90309E-1 6.94001E-1 7.19509E-1 7.18E-1 7.05196E-1 7.04601E-1 7.02246E-1 6.91101E-1 7.00063E-1 6.97807E-1 6.9912E-1 6.61349E-1 6.66601E-1 6.93273E-1 6.91676E-1 7.08983E-1 7.11948E-1 7.11622E-1 7.17284E-1 7.18014E-1 7.11297E-1 7.07805E-1 7.07305E-1 6.99151E-1 7.00284E-1 7.19924E-1 7.03413E-1 7.15458E-1 6.82198E-1 6.77681E-1 6.40183E-1 6.02509E-1 5.88763E-1 6.18736E-1 6.07387E-1 5.90461E-1 5.84599E-1 5.80097E-1 5.66189E-1 5.65047E-1 5.62932E-1 5.50947E-1 5.47078E-1 5.37036E-1 5.32513E-1 5.31384E-1 5.33587E-1 5.4166E-1 5.45754E-1 5.37445E-1 5.3637E-1 5.42154E-1 5.53489E-1 5.55457E-1 5.604E-1 5.62121E-1 5.60072E-1 5.52064E-1 5.52143E-1 5.49503E-1
7.27579E-1 7.21635E-1 7.06638E-1 7.09018E-1 7.16325E-1 7.13027E-1 7.06469E-1 7.07462E-1 7.04332E-1 7.15156E-1 7.01237E-1 7.06876E-1 6.85448E-1 6.88556E-1 6.99746E-1 6.91719E-1 6.84014E-1 7.03137E-1 7.1177E-1 7.29487E-1 7.34203E-1 7.00291E-1 7.05854E-1 6.97169E-1 6.88329E-1 6.90969E-1 7.02917E-1 7.22286E-1 7.27758E-1 7.20167E-1 6.78048E-1 6.53452E-1 6.1539E-1 5.97821E-1 6.11188E-1 6.10443E-1 5.92608E-1 5.91731E-1 5.86268E-1 5.83531E-1 5.73309E-1 5.65758E-1 5.57024E-1 5.47078E-1 5.42133E-1 5.36387E-1 5.35208E-1 5.33587E-1 5.38012E-1 5.45744E-1 5.4446E-1 5.43228E-1 5.47049E-1 5.50315E-1 5.56068E-1 5.57334E-1 5.63619E-1 5.53536E-1 5.54641E-1 5.51674E-1 5.53706E-1
7.37373E-1 7.27503E-1 7.12135E-1 7.2016E-1 7.16801E-1 7.1493E-1 7.15642E-1 7.09549E-1 7.08609E-1 7.04634E-1 7.12092E-1 7.05805E-1 7.0922E-1 6.9534E-1 7.10813E-1 7.0416E-1 6.91227E-1 6.9497E-1 7.11349E-1 7.19807E-1 7.24902E-1 7.08233E-1 7.0133E-1 6.96041E-1 7.00919E-1 7.13349E-1 7.0142E-1 7.22952E-1 7.34625E-1 7.22286E-1 6.7431E-1 6.70737E-1 6.40082E-1 6.0342E-1 5.96609E-1 5.94595E-1 5.85473E-1 5.81868E-1 5.84004E-1 5.75724E-1 5.67098E-1 5.59514E-1 5.52205E-1 5.44598E-1 5.45298E-1 5.39527E-1 5.36387E-1 5.35208E-1 5.36739E-1 5.4619E-1 5.51565E-1 5.4398E-1 5.4413E-1 5.49151E-1 5.4845E-1 5.54787E-1 5.58153E-1 5.64475E-1 5.58308E-1 5.51569E-1 5.51949E-1
7.43892E-1 7.30804E-1 7.21947E-1 7.20691E-1 7.20362E-1 7.16186E-1 7.17426E-1 7.18113E-1 7.19168E-1 7.11877E-1 7.24748E-1 7.20888E-1 7.11667E-1 6.94057E-1 7.23416E-1 7.23023E-1 7.16795E-1 7.00485E-1 7.22191E-1 7.10152E-1 7.18036E-1 7.21904E-1 7.08699E-1 6.97007E-1 6.93976E-1 7.06997E-1 7.11535E-1 7.06982E-1 7.07014E-1 7.28264E-1 7.0835E-1 6.88896E-1 6.81748E-1 6.16732E-1 6.03269E-1 6.1908E-1 5.80091E-1 5.7963E-1 5.72052E-1 5.63093E-1 5.60109E-1 5.55975E-1 5.53038E-1 5.53049E-1 5.52443E-1 5.45331E-1 5.44165E-1 5.36135E-1 5.37203E-1 5.44428E-1 5.5158E-1 5.45855E-1 5.37966E-1 5.39801E-1 5.47749E-1 5.52187E-1 5.60508E-1 5.58628E-1 5.51285E-1 5.53676E-1 5.52417E-1
