Artocarpus heterophyllus SDM files/Last interglacial/results (with bias file)/Arthet_median.asc
ncols         625
nrows         721
xllcorner     69.99986311115
yllcorner     5.99986151914999
cellsize      0.041666667
NODATA_value  -9999
[rows 243 to 269 of 721, columns 549 to 609 of 625]
6.70065E-1 6.70065E-1 6.64052E-1 6.65873E-1 6.66651E-1 6.6452E-1 6.65696E-1 6.71971E-1 6.74825E-1 6.66139E-1 6.70879E-1 6.72925E-1 6.68094E-1 6.69227E-1 6.68193E-1 6.73126E-1 6.81996E-1 6.84173E-1 6.85759E-1 6.84142E-1 6.8295E-1 6.76644E-1 6.8384E-1 6.85924E-1 6.87431E-1 6.91241E-1 7E-1 7.05096E-1 7.19724E-1 7.18845E-1 6.95945E-1 6.5368E-1 6.82464E-1 6.97534E-1 7.4071E-1 7.29315E-1 7.21437E-1 6.4783E-1 5.70966E-1 6.72533E-1 6.24705E-1 6.18245E-1 5.37192E-1 6.89664E-1 6.8478E-1 6.53123E-1 7.51526E-1 7.11579E-1 6.92544E-1 6.65804E-1 5.14873E-1 3.43297E-1 4.52973E-1 4.64266E-1 6.0094E-1 6.10624E-1 5.75603E-1 4.10539E-1 3.90541E-1 5.54185E-1 6.94795E-1
6.71345E-1 6.71702E-1 6.72759E-1 6.6421E-1 6.69249E-1 6.72472E-1 6.7576E-1 6.69175E-1 6.69638E-1 6.72929E-1 6.72104E-1 6.74462E-1 6.72768E-1 6.71987E-1 6.73931E-1 6.84342E-1 6.86865E-1 6.8613E-1 6.84749E-1 6.83563E-1 6.8237E-1 6.87708E-1 6.81923E-1 6.83706E-1 7.01029E-1 7.08061E-1 6.99742E-1 7.19563E-1 7.16969E-1 6.63556E-1 6.28673E-1 6.47338E-1 6.95591E-1 7.14045E-1 7.30119E-1 7.27442E-1 6.75915E-1 5.5085E-1 5.94373E-1 6.9918E-1 6.14878E-1 5.19027E-1 5.33297E-1 6.11748E-1 6.8917E-1 7.51667E-1 7.44495E-1 7.01423E-1 6.55952E-1 5.10738E-1 4.12891E-1 3.86396E-1 5.12505E-1 5.79114E-1 5.02863E-1 4.031E-1 3.68239E-1 3.32948E-1 4.13359E-1 5.06106E-1 6.46517E-1
6.74417E-1 6.70207E-1 6.69205E-1 6.6991E-1 6.71966E-1 6.76799E-1 6.8031E-1 6.82197E-1 6.8452E-1 6.87821E-1 6.86044E-1 6.84597E-1 6.8057E-1 6.79714E-1 6.82369E-1 6.77661E-1 6.78335E-1 6.79551E-1 6.73062E-1 6.75361E-1 6.75962E-1 6.82016E-1 6.97388E-1 7.01898E-1 6.94929E-1 7.14461E-1 7.14343E-1 7.14075E-1 6.87842E-1 6.78503E-1 6.55184E-1 6.8823E-1 7.19761E-1 7.25358E-1 7.23146E-1 7.14719E-1 5.75095E-1 5.78361E-1 6.14405E-1 6.71294E-1 4.94282E-1 4.68389E-1 6.0203E-1 6.48161E-1 7.22704E-1 7.50459E-1 7.5093E-1 6.83912E-1 5.96756E-1 4.47447E-1 4.71569E-1 3.91729E-1 4.31071E-1 4.68933E-1 3.61239E-1 4.13931E-1 3.79566E-1 4.51892E-1 5.19394E-1 5.81338E-1 6.82613E-1
6.78209E-1 6.77543E-1 6.75686E-1 6.74728E-1 6.7718E-1 6.75827E-1 6.7232E-1 6.71938E-1 6.72006E-1 6.65339E-1 6.74724E-1 6.75627E-1 6.84331E-1 6.83655E-1 6.8087E-1 6.81986E-1 6.82622E-1 6.72532E-1 6.76848E-1 6.79455E-1 6.81078E-1 7.03618E-1 6.97765E-1 7.00165E-1 7.01349E-1 7.10427E-1 7.19428E-1 7.14196E-1 6.765E-1 6.55954E-1 6.92436E-1 6.99016E-1 7.35203E-1 7.26596E-1 7.25808E-1 6.23753E-1 6.17027E-1 6.80156E-1 7.16686E-1 5.79597E-1 5.72206E-1 5.83641E-1 5.43575E-1 7.32287E-1 7.51904E-1 7.55207E-1 7.55676E-1 7.01436E-1 5.4108E-1 5.09789E-1 4.26417E-1 3.35095E-1 3.51436E-1 3.50055E-1 3.75995E-1 4.90221E-1 5.95722E-1 6.49342E-1 6.49496E-1 6.82341E-1 6.76394E-1
6.82723E-1 6.83313E-1 6.80581E-1 6.77586E-1 6.80452E-1 6.79442E-1 6.7319E-1 6.71813E-1 6.78172E-1 6.76761E-1 6.80189E-1 6.81997E-1 6.86582E-1 6.87957E-1 6.82964E-1 6.85289E-1 6.82934E-1 6.83664E-1 6.88398E-1 6.99024E-1 7.02397E-1 7.03328E-1 6.96586E-1 6.96178E-1 7.05141E-1 7.20799E-1 6.62418E-1 6.74912E-1 7.0351E-1 6.54314E-1 6.83354E-1 7.00299E-1 7.28785E-1 7.30911E-1 6.54787E-1 6.13999E-1 5.85609E-1 6.64442E-1 7.23992E-1 5.80153E-1 6.79298E-1 5.61328E-1 6.69542E-1 7.33519E-1 7.47835E-1 6.84021E-1 7.19321E-1 7.43397E-1 6.77935E-1 5.53371E-1 3.61755E-1 2.88006E-1 2.87954E-1 3.54632E-1 4.67632E-1 5.06153E-1 6.79677E-1 7.00193E-1 6.7635E-1 6.82117E-1 6.71679E-1
6.93506E-1 6.85136E-1 6.8583E-1 6.92491E-1 6.92855E-1 6.93538E-1 6.87201E-1 6.92245E-1 6.92802E-1 6.8811E-1 6.8909E-1 6.94117E-1 6.90453E-1 6.91397E-1 6.87843E-1 6.84327E-1 6.86184E-1 6.9866E-1 7.01905E-1 6.97599E-1 7.02975E-1 7.07069E-1 7.01992E-1 7.01873E-1 7.24583E-1 6.43664E-1 5.39292E-1 6.04335E-1 6.64332E-1 6.44295E-1 6.60181E-1 7.13632E-1 7.3308E-1 6.42922E-1 5.94144E-1 4.93412E-1 5.63015E-1 5.94723E-1 7.02126E-1 7.02768E-1 7.45066E-1 7.31879E-1 7.43302E-1 7.4401E-1 7.48509E-1 5.88487E-1 6.1031E-1 7.54734E-1 6.22637E-1 4.91078E-1 4.94005E-1 4.57048E-1 4.0575E-1 3.73994E-1 5.15962E-1 6.90995E-1 7.26082E-1 7.03944E-1 6.83633E-1 6.78155E-1 6.8586E-1
7.0005E-1 6.97727E-1 6.89536E-1 6.94815E-1 6.93217E-1 6.95536E-1 6.90103E-1 6.89784E-1 6.97758E-1 6.99912E-1 7.02377E-1 6.95453E-1 6.92597E-1 6.91121E-1 6.8898E-1 6.93531E-1 7.02922E-1 6.98526E-1 7.00106E-1 6.94407E-1 7.12592E-1 7.17313E-1 7.14213E-1 7.15869E-1 6.0457E-1 4.39953E-1 4.31581E-1 5.42684E-1 5.24837E-1 5.87934E-1 6.70545E-1 6.99364E-1 6.91719E-1 5.94386E-1 5.24161E-1 5.20161E-1 6.50929E-1 6.10635E-1 6.51469E-1 7.16746E-1 7.57968E-1 7.48417E-1 7.51386E-1 7.38235E-1 6.12269E-1 5.47824E-1 6.85245E-1 7.49383E-1 4.91353E-1 4.10234E-1 6.03877E-1 6.28593E-1 5.11041E-1 4.62387E-1 5.65388E-1 6.7675E-1 7.2297E-1 6.984E-1 6.8906E-1 6.91438E-1 6.97043E-1
6.93802E-1 6.8543E-1 6.91504E-1 6.90269E-1 6.93217E-1 6.93441E-1 6.99226E-1 6.96251E-1 7.02052E-1 7.04775E-1 7.05593E-1 6.99856E-1 6.88448E-1 6.93017E-1 7.0028E-1 7.03004E-1 6.96906E-1 7.07359E-1 7.0797E-1 7.08756E-1 7.17121E-1 7.13459E-1 6.70283E-1 5.38366E-1 5.25639E-1 4.81726E-1 3.94557E-1 3.56603E-1 3.82038E-1 5.01171E-1 6.28481E-1 6.72379E-1 6.70353E-1 5.8525E-1 5.11807E-1 6.30003E-1 6.89366E-1 7.1461E-1 7.3257E-1 7.0224E-1 7.54627E-1 7.10283E-1 7.40554E-1 7.05338E-1 5.54476E-1 6.54374E-1 7.11804E-1 7.57743E-1 6.42575E-1 4.85094E-1 6.68423E-1 6.5227E-1 4.83913E-1 6.17576E-1 7.18364E-1 6.97913E-1 7.18384E-1 6.93751E-1 6.8752E-1 6.93152E-1 6.84258E-1
6.93433E-1 6.93331E-1 6.79434E-1 6.91235E-1 6.87563E-1 6.87932E-1 6.95043E-1 6.95403E-1 6.96605E-1 7.08153E-1 7.06974E-1 6.96433E-1 7.02075E-1 7.12008E-1 7.10676E-1 7.04608E-1 7.04963E-1 7.14143E-1 7.19619E-1 7.21475E-1 6.94757E-1 6.45289E-1 6.35636E-1 6.01829E-1 5.91928E-1 5.67556E-1 4.70645E-1 3.7546E-1 3.45667E-1 4.3524E-1 5.93584E-1 6.49162E-1 6.22826E-1 5.63555E-1 5.14776E-1 5.63404E-1 6.51127E-1 7.07816E-1 7.09677E-1 7.35524E-1 7.59197E-1 6.22565E-1 7.19426E-1 6.2395E-1 5.05549E-1 6.666E-1 5.87116E-1 5.51948E-1 7.51121E-1 6.37171E-1 7.46117E-1 7.44749E-1 7.25285E-1 7.16887E-1 7.19804E-1 7.11125E-1 7.06815E-1 7.03209E-1 6.99697E-1 6.8977E-1 6.90475E-1
7.06921E-1 7.03915E-1 7.005E-1 6.94908E-1 6.96871E-1 6.91135E-1 6.96277E-1 6.97133E-1 6.99949E-1 7.04535E-1 7.11061E-1 7.14471E-1 7.21225E-1 7.11123E-1 7.12068E-1 7.15188E-1 7.23144E-1 7.13038E-1 6.18588E-1 6.97567E-1 6.46562E-1 7.03333E-1 6.84738E-1 6.12151E-1 5.05872E-1 5.62144E-1 5.33696E-1 3.789E-1 3.85211E-1 4.13797E-1 5.70924E-1 6.35737E-1 5.75517E-1 5.08447E-1 5.16908E-1 6.42697E-1 6.73694E-1 7.29931E-1 6.95051E-1 7.31302E-1 7.36565E-1 6.45342E-1 6.7095E-1 6.4315E-1 4.91704E-1 5.58025E-1 4.94732E-1 5.59029E-1 7.38136E-1 7.50548E-1 7.46261E-1 6.92133E-1 7.15604E-1 7.40046E-1 7.17979E-1 7.07244E-1 7.05912E-1 7.00412E-1 6.98676E-1 6.95726E-1 6.96043E-1
7.11953E-1 7.05336E-1 6.99462E-1 7.02083E-1 7.02083E-1 7.01401E-1 6.99316E-1 7.04755E-1 6.99086E-1 7.07654E-1 7.13869E-1 7.14354E-1 7.09739E-1 7.14334E-1 7.23439E-1 7.25234E-1 7.39708E-1 6.26045E-1 5.94347E-1 6.85833E-1 6.56827E-1 7.02633E-1 7.24855E-1 7.0534E-1 6.825E-1 7.02859E-1 5.76242E-1 4.71145E-1 5.20851E-1 5.24522E-1 5.9371E-1 5.9756E-1 5.58916E-1 5.3545E-1 4.99435E-1 5.86347E-1 6.87356E-1 7.18234E-1 7.02812E-1 7.37433E-1 7.20714E-1 6.80823E-1 5.58919E-1 4.88894E-1 4.64121E-1 3.75147E-1 4.40354E-1 5.75065E-1 6.78594E-1 6.33318E-1 7.10316E-1 6.6963E-1 7.19565E-1 7.29789E-1 7.1109E-1 7.01287E-1 7.04399E-1 7.03365E-1 6.97709E-1 6.90004E-1 6.9056E-1
7.20628E-1 7.08891E-1 7.01612E-1 7.01917E-1 7.08807E-1 7.08807E-1 7.12848E-1 7.14279E-1 7.13269E-1 7.07426E-1 7.0412E-1 7.10971E-1 7.14213E-1 7.23439E-1 7.30334E-1 7.42598E-1 6.66889E-1 6.7682E-1 6.51185E-1 7.27487E-1 6.81394E-1 7.29547E-1 7.14105E-1 6.33708E-1 4.95086E-1 6.56774E-1 6.64052E-1 6.31051E-1 5.95692E-1 6.04383E-1 6.32105E-1 6.56761E-1 5.98208E-1 4.65849E-1 5.22125E-1 6.81321E-1 7.37785E-1 6.92834E-1 7.05088E-1 6.86159E-1 6.95117E-1 6.72354E-1 5.62652E-1 5.01658E-1 5.56018E-1 4.1201E-1 5.00766E-1 5.57114E-1 6.57202E-1 6.95759E-1 7.34604E-1 7.03317E-1 7.27856E-1 7.176E-1 7.09892E-1 7.06614E-1 7.00346E-1 6.92218E-1 6.9247E-1 6.90229E-1 6.91303E-1
7.21328E-1 7.1579E-1 7.14985E-1 7.0743E-1 7.12212E-1 7.11455E-1 7.10921E-1 7.16548E-1 7.28688E-1 7.10523E-1 7.10266E-1 7.17471E-1 7.27512E-1 7.37264E-1 7.18084E-1 6.44254E-1 6.35507E-1 6.92364E-1 6.88886E-1 7.29111E-1 7.33522E-1 7.39146E-1 6.22945E-1 5.57713E-1 4.55144E-1 6.27869E-1 6.42544E-1 6.69428E-1 6.87193E-1 6.72903E-1 6.93844E-1 6.28916E-1 5.31259E-1 5.03454E-1 6.28278E-1 7.04504E-1 6.95938E-1 6.00349E-1 6.49757E-1 6.76099E-1 7.06078E-1 6.07589E-1 4.95191E-1 5.20242E-1 6.47168E-1 5.04862E-1 6.17805E-1 7.30808E-1 7.4842E-1 7.52553E-1 7.52461E-1 7.4236E-1 7.30452E-1 7.13554E-1 7.06845E-1 7.0559E-1 7.0336E-1 7.00746E-1 6.91356E-1 6.95131E-1 6.93536E-1
7.29019E-1 7.19573E-1 7.28797E-1 7.20106E-1 7.12264E-1 7.13105E-1 7.07055E-1 7.24755E-1 7.27185E-1 7.20232E-1 7.2382E-1 7.36353E-1 7.32614E-1 6.81006E-1 6.23264E-1 6.75711E-1 7.00586E-1 6.89044E-1 7.32942E-1 7.2677E-1 7.39338E-1 6.66848E-1 6.03204E-1 4.92357E-1 4.06668E-1 6.15997E-1 5.99762E-1 6.57294E-1 6.89582E-1 6.89059E-1 6.73094E-1 6.29071E-1 5.76196E-1 6.15164E-1 6.14072E-1 7.12194E-1 7.21314E-1 6.74846E-1 5.61438E-1 6.32466E-1 6.90409E-1 5.91247E-1 5.63006E-1 6.17789E-1 6.82752E-1 6.09686E-1 6.71247E-1 7.47946E-1 6.96411E-1 5.94743E-1 6.85982E-1 7.30277E-1 7.21126E-1 7.1453E-1 7.07848E-1 7.03536E-1 6.996E-1 7.06994E-1 7.00819E-1 7.03614E-1 6.90482E-1
7.24005E-1 7.18805E-1 7.16133E-1 7.24902E-1 7.11908E-1 7.23219E-1 7.11455E-1 7.18761E-1 7.37087E-1 7.36859E-1 7.43655E-1 7.34214E-1 6.98998E-1 6.00397E-1 6.25124E-1 6.69742E-1 7.10004E-1 7.32738E-1 7.42724E-1 7.47147E-1 6.87418E-1 6.20308E-1 6.14808E-1 4.79338E-1 5.08478E-1 5.55116E-1 5.84918E-1 6.75397E-1 6.99767E-1 6.90987E-1 6.49964E-1 5.5659E-1 6.45842E-1 6.12866E-1 6.70169E-1 7.08971E-1 6.96368E-1 6.6014E-1 5.86772E-1 6.83281E-1 6.37576E-1 5.3744E-1 6.0607E-1 6.51249E-1 6.0534E-1 7.16766E-1 7.40272E-1 7.21513E-1 5.82E-1 6.26897E-1 7.05326E-1 7.289E-1 7.13294E-1 7.10208E-1 7.0967E-1 7.08816E-1 6.97709E-1 7.04829E-1 7.00563E-1 6.99204E-1 6.96343E-1
7.37681E-1 7.35668E-1 7.18004E-1 7.21602E-1 7.17255E-1 7.26496E-1 7.16106E-1 7.2226E-1 7.35301E-1 7.24551E-1 6.9801E-1 6.04297E-1 6.7873E-1 6.52997E-1 5.86977E-1 6.15356E-1 7.01166E-1 7.31585E-1 7.29063E-1 7.49361E-1 7.3937E-1 5.89155E-1 5.37761E-1 5.5765E-1 6.85774E-1 5.84105E-1 6.15979E-1 6.92129E-1 6.50675E-1 6.96721E-1 6.17899E-1 5.92236E-1 7.00464E-1 6.52614E-1 7.03053E-1 6.84242E-1 6.53812E-1 6.70855E-1 6.37129E-1 6.70123E-1 6.18686E-1 5.2166E-1 5.93905E-1 5.39544E-1 5.24451E-1 6.79935E-1 5.70617E-1 5.74544E-1 5.38147E-1 6.90974E-1 7.34555E-1 7.18761E-1 7.10747E-1 7.14116E-1 7.11529E-1 7.0726E-1 7.06995E-1 7.04996E-1 7.04724E-1 6.98177E-1 6.99144E-1
7.34268E-1 7.42589E-1 7.29996E-1 7.23808E-1 7.22106E-1 7.33618E-1 7.33274E-1 7.31672E-1 7.5137E-1 6.81314E-1 6.29178E-1 6.78178E-1 6.83771E-1 6.92447E-1 6.25416E-1 5.77441E-1 6.84043E-1 7.28486E-1 7.53968E-1 7.31189E-1 6.56955E-1 5.50294E-1 6.50381E-1 7.36089E-1 6.99884E-1 5.51796E-1 6.29371E-1 6.64379E-1 6.64014E-1 7.20852E-1 6.47307E-1 6.53327E-1 7.22077E-1 6.91227E-1 6.36697E-1 6.23284E-1 6.01539E-1 6.50958E-1 6.40853E-1 6.544E-1 5.56458E-1 5.12417E-1 4.98611E-1 5.45653E-1 5.66338E-1 5.76181E-1 5.04379E-1 5.85374E-1 6.41303E-1 7.37529E-1 7.21479E-1 7.14453E-1 7.07511E-1 7.14384E-1 7.12247E-1 7.06558E-1 7.08246E-1 7.05802E-1 7.01896E-1 7.00815E-1 7.02961E-1
7.12328E-1 7.39634E-1 7.40069E-1 7.22776E-1 7.29065E-1 7.37374E-1 7.45464E-1 7.50599E-1 6.52288E-1 6.67767E-1 6.83853E-1 7.30238E-1 6.90797E-1 7.19751E-1 6.39106E-1 7.30611E-1 7.4401E-1 7.41743E-1 7.44694E-1 6.83233E-1 6.35138E-1 6.64279E-1 7.502E-1 6.33892E-1 6.03215E-1 5.79848E-1 6.88409E-1 6.9573E-1 7.02161E-1 7.24924E-1 6.75785E-1 7.41402E-1 7.10309E-1 6.07124E-1 6.32872E-1 5.93387E-1 6.44645E-1 6.08642E-1 5.79163E-1 6.24863E-1 5.655E-1 4.40776E-1 4.40869E-1 5.3417E-1 5.82039E-1 6.4666E-1 6.44174E-1 6.16103E-1 6.63461E-1 7.33657E-1 7.25188E-1 7.21771E-1 7.18395E-1 7.10493E-1 7.14669E-1 7.06295E-1 7.06459E-1 7.04981E-1 7.02682E-1 7.0019E-1 7.01758E-1
6.89947E-1 7.08789E-1 7.27665E-1 7.2767E-1 7.4478E-1 7.13806E-1 6.67426E-1 7.1257E-1 6.38456E-1 7.1823E-1 6.98684E-1 7.22717E-1 7.2894E-1 6.98193E-1 7.33915E-1 7.43296E-1 7.53206E-1 6.48699E-1 6.39889E-1 7.43249E-1 7.34872E-1 7.50257E-1 7.0281E-1 5.50283E-1 4.70676E-1 6.2668E-1 6.90899E-1 6.83876E-1 7.39174E-1 7.48342E-1 7.416E-1 7.50247E-1 6.74223E-1 6.05064E-1 6.47759E-1 6.14592E-1 6.34376E-1 5.95278E-1 5.38292E-1 5.59231E-1 5.19835E-1 4.12665E-1 4.47064E-1 4.5367E-1 4.90094E-1 6.0699E-1 7.21463E-1 7.43868E-1 7.32978E-1 7.29221E-1 7.19918E-1 7.15229E-1 7.15581E-1 7.06251E-1 7.09875E-1 7.06645E-1 7.04515E-1 7.02373E-1 7.07114E-1 7.05791E-1 7.01766E-1
7.20574E-1 7.22655E-1 7.28875E-1 7.06517E-1 6.26593E-1 7.04656E-1 6.77433E-1 7.23244E-1 7.26176E-1 6.94463E-1 7.28971E-1 7.36726E-1 7.15748E-1 7.36185E-1 7.26133E-1 6.57603E-1 6.31792E-1 6.13736E-1 7.18098E-1 7.4291E-1 5.91288E-1 6.76544E-1 7.25128E-1 6.49529E-1 5.94071E-1 7.23179E-1 7.17284E-1 7.19793E-1 7.58933E-1 7.55337E-1 7.64833E-1 7.30154E-1 6.7442E-1 6.80986E-1 6.07832E-1 6.04431E-1 6.02638E-1 5.17563E-1 5.12229E-1 5.54839E-1 4.6213E-1 5.27778E-1 6.41002E-1 5.69209E-1 5.41451E-1 6.10424E-1 6.97962E-1 7.43155E-1 7.30786E-1 7.19093E-1 7.17115E-1 7.13014E-1 7.11083E-1 7.0612E-1 7.05303E-1 7.0492E-1 7.03617E-1 7.04214E-1 7.08481E-1 7.07625E-1 7.05481E-1
6.96731E-1 7.00255E-1 7.201E-1 6.68014E-1 6.84319E-1 7.05774E-1 7.16997E-1 6.90418E-1 7.18265E-1 6.97861E-1 7.22205E-1 7.2096E-1 7.1942E-1 7.46707E-1 7.31242E-1 7.49786E-1 6.68453E-1 6.88751E-1 7.514E-1 7.13038E-1 6.47957E-1 6.42709E-1 6.86732E-1 5.20825E-1 6.25664E-1 7.41961E-1 7.20562E-1 7.60744E-1 7.69441E-1 7.61713E-1 7.63942E-1 7.42429E-1 6.55605E-1 6.9414E-1 6.68123E-1 6.10722E-1 6.17007E-1 5.35564E-1 6.12419E-1 6.87052E-1 5.71678E-1 6.56143E-1 6.81069E-1 7.23496E-1 6.72003E-1 6.63377E-1 7.42414E-1 7.40069E-1 7.27121E-1 7.24332E-1 7.22086E-1 7.17884E-1 7.14356E-1 7.07322E-1 7.05462E-1 7.04729E-1 7.04792E-1 7.01548E-1 7.06085E-1 6.94511E-1 7.02443E-1
6.84934E-1 7.03435E-1 7.22646E-1 7.03473E-1 6.88959E-1 7.21438E-1 6.89291E-1 6.91865E-1 6.94598E-1 7.00015E-1 7.26436E-1 7.05575E-1 7.39179E-1 7.28344E-1 7.48146E-1 7.61518E-1 7.23935E-1 7.41764E-1 7.18442E-1 6.662E-1 7.03381E-1 6.47799E-1 5.40322E-1 5.74317E-1 7.07674E-1 7.45966E-1 7.44197E-1 7.59727E-1 7.59369E-1 7.24132E-1 7.56088E-1 7.10317E-1 6.58213E-1 6.89771E-1 6.70616E-1 6.4035E-1 6.29016E-1 5.71834E-1 6.56274E-1 7.23864E-1 6.22756E-1 7.32608E-1 7.29138E-1 7.45762E-1 6.09919E-1 6.78777E-1 7.44422E-1 7.30018E-1 7.26599E-1 7.12891E-1 7.09431E-1 7.09152E-1 7.0897E-1 7.07321E-1 7.11335E-1 7.03395E-1 7.07617E-1 7.08696E-1 6.98987E-1 7.05574E-1 7.09278E-1
6.82359E-1 6.93053E-1 6.87052E-1 6.87882E-1 6.87989E-1 6.917E-1 6.90152E-1 6.98773E-1 7.00136E-1 7.11653E-1 7.21577E-1 7.32319E-1 7.46454E-1 7.24463E-1 7.57103E-1 6.98475E-1 7.4193E-1 7.54572E-1 7.1625E-1 7.40227E-1 6.79041E-1 5.50626E-1 5.73387E-1 6.96498E-1 7.57999E-1 7.39831E-1 7.3928E-1 7.60701E-1 7.55989E-1 7.27107E-1 7.45312E-1 7.02748E-1 7.2093E-1 6.88239E-1 7.16125E-1 7.05E-1 7.23116E-1 6.44847E-1 6.72082E-1 7.37681E-1 7.45914E-1 7.07462E-1 7.39027E-1 7.14444E-1 6.26781E-1 7.33356E-1 7.31227E-1 7.2632E-1 7.20579E-1 7.09349E-1 7.17093E-1 7.10233E-1 7.0698E-1 7.02199E-1 6.96983E-1 6.97297E-1 7.01629E-1 7.07732E-1 7.10109E-1 7.07108E-1 7.06596E-1
6.83809E-1 6.86663E-1 6.95509E-1 6.87106E-1 6.85808E-1 6.9175E-1 6.98451E-1 7.06293E-1 7.09397E-1 7.21468E-1 7.28421E-1 7.52839E-1 7.20709E-1 7.38432E-1 7.56124E-1 7.45257E-1 7.46991E-1 7.42471E-1 7.51655E-1 7.54569E-1 6.8118E-1 5.72692E-1 6.62725E-1 7.56689E-1 7.59394E-1 7.58481E-1 7.5813E-1 7.63763E-1 7.64978E-1 7.53667E-1 7.59018E-1 7.48084E-1 6.85358E-1 7.15333E-1 7.23557E-1 6.88664E-1 7.58176E-1 6.12885E-1 6.10718E-1 7.05589E-1 7.15747E-1 7.47248E-1 7.38758E-1 7.11677E-1 6.96088E-1 7.32291E-1 7.27533E-1 7.22921E-1 7.17725E-1 7.06586E-1 7.02263E-1 7.01426E-1 7.01651E-1 7.05461E-1 7.07883E-1 7.08643E-1 7.06329E-1 7.11652E-1 7.03395E-1 7.06514E-1 7.0756E-1
6.90081E-1 6.88968E-1 6.8804E-1 6.87199E-1 6.91226E-1 6.99142E-1 7.00035E-1 6.97739E-1 7.02143E-1 7.22725E-1 7.51138E-1 7.35957E-1 7.16725E-1 7.46688E-1 7.11655E-1 7.30252E-1 7.47625E-1 7.56679E-1 7.45234E-1 7.55586E-1 6.88055E-1 6.22794E-1 7.46052E-1 7.55316E-1 7.58126E-1 7.63666E-1 7.58305E-1 7.61466E-1 7.71501E-1 7.61642E-1 7.71581E-1 7.10727E-1 6.48994E-1 7.48095E-1 7.26534E-1 7.16026E-1 7.49393E-1 6.17414E-1 6.39823E-1 7.12606E-1 7.40741E-1 7.39844E-1 7.3635E-1 7.32484E-1 7.33438E-1 7.27883E-1 7.2071E-1 7.09667E-1 7.13622E-1 7.0804E-1 7.04017E-1 7.01614E-1 7.06374E-1 7.02071E-1 7.02941E-1 7.00455E-1 6.97458E-1 7.02181E-1 7.04941E-1 7.07024E-1 7.06473E-1
6.90962E-1 6.9012E-1 6.89365E-1 6.91812E-1 7.01592E-1 6.99601E-1 6.9805E-1 7.02575E-1 7.17315E-1 7.31327E-1 7.4131E-1 7.39014E-1 7.17757E-1 7.44057E-1 7.44017E-1 7.41534E-1 7.50209E-1 7.36001E-1 7.51955E-1 6.60366E-1 7.36593E-1 6.92875E-1 7.56297E-1 7.53709E-1 7.663E-1 7.58484E-1 7.589E-1 7.63147E-1 7.61897E-1 7.67069E-1 7.61076E-1 6.44675E-1 6.82445E-1 7.46168E-1 7.25223E-1 7.25412E-1 7.41658E-1 7.46058E-1 7.33636E-1 6.65751E-1 7.47938E-1 7.39161E-1 7.36143E-1 7.40692E-1 7.36062E-1 7.24922E-1 7.18196E-1 7.04134E-1 7.09594E-1 7.04227E-1 7.01596E-1 7.04939E-1 7.05639E-1 7.03836E-1 7.02927E-1 7.0289E-1 7.03755E-1 7.03644E-1 6.99852E-1 7.04582E-1 7.02694E-1
6.90341E-1 6.89706E-1 6.91039E-1 6.9704E-1 7.02476E-1 6.93343E-1 6.98487E-1 7.11597E-1 7.2294E-1 7.44476E-1 7.36115E-1 7.18949E-1 7.21238E-1 7.38103E-1 7.4079E-1 7.35877E-1 7.28003E-1 7.54904E-1 7.4496E-1 7.5387E-1 7.43121E-1 7.30066E-1 7.54992E-1 7.54357E-1 7.54881E-1 7.55441E-1 7.5772E-1 7.80311E-1 7.71401E-1 7.73676E-1 7.63783E-1 6.8966E-1 7.20843E-1 7.41704E-1 7.31284E-1 6.71939E-1 7.31724E-1 7.41969E-1 7.19531E-1 7.35497E-1 7.40319E-1 7.40341E-1 7.43935E-1 7.35722E-1 7.23986E-1 7.17945E-1 7.10696E-1 7.07928E-1 7.0673E-1 7.0252E-1 7.05084E-1 7.05386E-1 7.07539E-1 7.04786E-1 6.99474E-1 7.05716E-1 7.07804E-1 7.0682E-1 7.00667E-1 6.98081E-1 7.02077E-1
