Artocarpus heterophyllus SDM files/Last interglacial/results (with bias file)/Arthet_max.asc
ncols         625
nrows         721
xllcorner     69.99986311115
yllcorner     5.99986151914999
cellsize      0.041666667
NODATA_value  -9999
[rows 108 to 134 of 721, columns 244 to 304 of 625]
1.46248E-2 1.41558E-2 1.33592E-2 1.30264E-2 1.54493E-2 1.70327E-2 1.74389E-2 1.65751E-2 1.66572E-2 1.5983E-2 1.52651E-2 1.50276E-2 1.32867E-2 1.08922E-2 9.74983E-3 9.56023E-3 9.83507E-3 1.00733E-2 1.0469E-2 1.1247E-2 1.06629E-2 1.06948E-2 1.08068E-2 1.24426E-2 1.28036E-2 1.35172E-2 1.41114E-2 1.31477E-2 1.22982E-2 1.16411E-2 1.21361E-2 1.13305E-2 1.06536E-2 1.16277E-2 1.16229E-2 1.2629E-2 1.31889E-2 1.39226E-2 1.39235E-2 1.31253E-2 1.50318E-2 1.33008E-2 1.38783E-2 1.37941E-2 1.44876E-2 1.41846E-2 1.33864E-2 1.48417E-2 1.53991E-2 1.65031E-2 1.95701E-2 2.02533E-2 2.02484E-2 2.09521E-2 2.13329E-2 2.01554E-2 1.62125E-2 1.53729E-2 1.62538E-2 1.75962E-2 2.04131E-2
1.71414E-2 1.48036E-2 1.41252E-2 1.44752E-2 1.56278E-2 1.64779E-2 1.74181E-2 1.69691E-2 1.71365E-2 1.64378E-2 1.56555E-2 1.54353E-2 1.33536E-2 1.12345E-2 9.99117E-3 1.04624E-2 1.04275E-2 1.06216E-2 1.07604E-2 1.02105E-2 1.05103E-2 1.14074E-2 1.25977E-2 1.12827E-2 1.08383E-2 1.15026E-2 1.38143E-2 1.43067E-2 1.29847E-2 1.30105E-2 1.25394E-2 1.04139E-2 1.07847E-2 1.23322E-2 1.25463E-2 1.20017E-2 1.31354E-2 1.26346E-2 1.29976E-2 1.27228E-2 1.36471E-2 1.21285E-2 1.22149E-2 1.26241E-2 1.45636E-2 1.50821E-2 1.56443E-2 1.66233E-2 1.74089E-2 1.81638E-2 1.9906E-2 2.0132E-2 2.03849E-2 2.08642E-2 2.14593E-2 2.054E-2 1.78518E-2 1.81264E-2 1.70835E-2 1.79417E-2 1.94672E-2
2.16278E-2 1.93113E-2 1.74941E-2 1.65417E-2 1.6506E-2 1.55761E-2 1.57579E-2 1.65386E-2 1.68792E-2 1.68675E-2 1.40922E-2 1.28268E-2 1.36891E-2 1.13456E-2 1.16955E-2 1.14887E-2 1.15189E-2 1.07268E-2 1.01947E-2 1.0356E-2 1.08343E-2 1.19163E-2 1.23397E-2 1.20902E-2 1.14937E-2 1.21981E-2 1.14376E-2 1.26868E-2 1.30812E-2 1.37722E-2 1.35238E-2 1.17792E-2 1.138E-2 1.27024E-2 1.36221E-2 1.3385E-2 1.22582E-2 1.13179E-2 1.16129E-2 1.23111E-2 1.32185E-2 1.19115E-2 1.17625E-2 1.23443E-2 1.35765E-2 1.47385E-2 1.53939E-2 1.62889E-2 1.70086E-2 1.87541E-2 1.99454E-2 2.06063E-2 2.07673E-2 2.09112E-2 2.07851E-2 2.0198E-2 2.07383E-2 2.06326E-2 2.11684E-2 2.19596E-2 2.2994E-2
2.28816E-2 2.00873E-2 1.8211E-2 1.6296E-2 1.5666E-2 1.5195E-2 1.45516E-2 1.5775E-2 1.70234E-2 1.76258E-2 1.56667E-2 1.37861E-2 1.42842E-2 1.39783E-2 1.39208E-2 1.28875E-2 1.19456E-2 1.17573E-2 1.14834E-2 1.07958E-2 1.07566E-2 1.08286E-2 1.0974E-2 1.21422E-2 1.38177E-2 1.21453E-2 1.00926E-2 1.06945E-2 1.19394E-2 1.34378E-2 1.27129E-2 1.39491E-2 1.37095E-2 1.38659E-2 1.3819E-2 1.35747E-2 1.33147E-2 1.28704E-2 1.23858E-2 1.31484E-2 1.41737E-2 1.34783E-2 1.27101E-2 1.30535E-2 1.43486E-2 1.2951E-2 1.37201E-2 1.55112E-2 1.65885E-2 1.91753E-2 1.99147E-2 1.99864E-2 2.05106E-2 2.04788E-2 1.92088E-2 1.82341E-2 1.95967E-2 2.0327E-2 2.17919E-2 2.24112E-2 2.33338E-2
2.52384E-2 2.33965E-2 1.91649E-2 1.65617E-2 1.62408E-2 1.64773E-2 1.68003E-2 1.66503E-2 1.77881E-2 1.78331E-2 1.85156E-2 1.64557E-2 1.39933E-2 1.32117E-2 1.30488E-2 1.28617E-2 1.22908E-2 1.14294E-2 1.13788E-2 1.12631E-2 1.1255E-2 1.09477E-2 1.18201E-2 1.24599E-2 1.3225E-2 1.38234E-2 1.03355E-2 1.04956E-2 1.07854E-2 1.28395E-2 1.12086E-2 1.24946E-2 1.35673E-2 1.41258E-2 1.4238E-2 1.44335E-2 1.32375E-2 1.33655E-2 1.27903E-2 1.30772E-2 1.43653E-2 1.53043E-2 1.50946E-2 1.49749E-2 1.54997E-2 1.54103E-2 1.60841E-2 1.66681E-2 1.68746E-2 1.92163E-2 1.99938E-2 2.03087E-2 2.01759E-2 1.81098E-2 1.63189E-2 1.70376E-2 1.78695E-2 2.12799E-2 2.15352E-2 2.23686E-2 2.32959E-2
2.99391E-2 2.76682E-2 2.34807E-2 1.86976E-2 1.77561E-2 1.8281E-2 1.77588E-2 1.67422E-2 1.73302E-2 1.84918E-2 1.92591E-2 1.8525E-2 1.88002E-2 1.6336E-2 1.32951E-2 1.24223E-2 1.19705E-2 1.30282E-2 1.31718E-2 1.25165E-2 1.09906E-2 1.11774E-2 1.15628E-2 1.07323E-2 1.23635E-2 1.4049E-2 1.12505E-2 1.0681E-2 1.10014E-2 1.21053E-2 1.02193E-2 1.17874E-2 1.39508E-2 1.34799E-2 1.45318E-2 1.47085E-2 1.37866E-2 1.32927E-2 1.23134E-2 1.30389E-2 1.4663E-2 1.5877E-2 1.5358E-2 1.49797E-2 1.53336E-2 1.44187E-2 1.48575E-2 1.70537E-2 1.79936E-2 1.80548E-2 1.94591E-2 2.05787E-2 2.05713E-2 1.77754E-2 1.41473E-2 1.61394E-2 1.7441E-2 1.998E-2 2.12438E-2 2.25126E-2 2.33745E-2
3.65162E-2 3.12241E-2 2.59579E-2 2.30724E-2 2.11673E-2 2.12514E-2 2.0182E-2 1.99114E-2 1.87337E-2 1.79741E-2 1.94439E-2 1.98898E-2 1.94769E-2 2.01544E-2 1.7586E-2 1.30252E-2 1.31657E-2 1.39536E-2 1.49255E-2 1.25017E-2 1.16019E-2 1.19053E-2 1.07268E-2 1.14708E-2 1.15118E-2 1.24518E-2 1.38185E-2 1.19686E-2 1.12478E-2 1.12946E-2 1.0191E-2 1.10294E-2 1.40009E-2 1.32388E-2 1.41269E-2 1.39192E-2 1.37214E-2 1.39642E-2 1.2758E-2 1.42799E-2 1.50192E-2 1.52735E-2 1.48237E-2 1.50387E-2 1.42967E-2 1.55024E-2 1.69587E-2 1.47899E-2 1.43776E-2 1.44265E-2 1.61708E-2 1.78376E-2 1.92124E-2 1.92789E-2 1.6522E-2 1.5909E-2 1.70645E-2 1.89106E-2 2.07004E-2 2.24483E-2 2.33325E-2
3.74339E-2 3.70068E-2 3.41407E-2 3.1468E-2 2.9186E-2 2.56781E-2 2.26728E-2 2.05167E-2 2.14085E-2 2.02821E-2 2.02204E-2 2.17432E-2 2.17837E-2 2.12265E-2 2.15772E-2 1.8653E-2 1.66615E-2 1.68106E-2 1.51676E-2 1.31998E-2 1.2947E-2 1.24354E-2 1.22359E-2 1.15835E-2 1.16078E-2 1.28042E-2 1.27427E-2 1.28177E-2 1.20652E-2 1.08961E-2 1.15118E-2 1.23934E-2 1.35016E-2 1.2535E-2 1.29665E-2 1.24692E-2 1.29032E-2 1.29965E-2 1.35683E-2 1.38131E-2 1.47956E-2 1.52184E-2 1.4808E-2 1.42435E-2 1.48167E-2 1.6168E-2 1.64843E-2 1.74949E-2 1.61471E-2 1.39535E-2 1.34912E-2 1.3494E-2 1.52053E-2 1.77673E-2 1.96135E-2 1.97447E-2 1.83604E-2 1.87386E-2 1.98319E-2 2.17841E-2 2.19535E-2
4.03033E-2 3.96953E-2 3.99062E-2 3.62155E-2 3.43763E-2 3.05911E-2 2.93052E-2 2.47144E-2 2.19569E-2 2.32946E-2 2.33953E-2 2.31633E-2 2.39797E-2 2.31367E-2 2.20696E-2 2.14458E-2 2.14176E-2 2.05873E-2 1.84844E-2 1.49362E-2 1.4603E-2 1.34234E-2 1.23274E-2 1.23142E-2 1.26344E-2 1.1858E-2 1.18527E-2 1.17071E-2 1.23529E-2 1.21372E-2 1.15705E-2 1.26351E-2 1.21365E-2 1.17827E-2 1.23888E-2 1.34918E-2 1.38975E-2 1.34287E-2 1.37559E-2 1.37723E-2 1.37195E-2 1.44859E-2 1.57553E-2 1.50712E-2 1.46205E-2 1.50086E-2 1.6731E-2 1.70609E-2 1.768E-2 1.69255E-2 1.62517E-2 1.34422E-2 1.28529E-2 1.50729E-2 1.71053E-2 1.95011E-2 1.99815E-2 1.98311E-2 1.94306E-2 1.95681E-2 2.12815E-2
3.40009E-2 3.21348E-2 3.60832E-2 3.909E-2 3.86015E-2 3.62105E-2 3.30902E-2 2.89804E-2 2.61332E-2 2.74297E-2 2.65229E-2 2.3972E-2 2.43505E-2 2.38784E-2 2.3153E-2 2.22985E-2 2.1888E-2 2.18938E-2 2.12891E-2 2.01877E-2 1.81807E-2 1.49572E-2 1.39775E-2 1.3507E-2 1.29801E-2 1.21702E-2 1.19874E-2 1.24149E-2 1.32949E-2 1.22526E-2 1.21783E-2 1.28668E-2 1.19763E-2 1.26318E-2 1.3412E-2 1.30034E-2 1.39144E-2 1.47461E-2 1.33623E-2 1.37089E-2 1.46681E-2 1.52987E-2 1.57965E-2 1.43872E-2 1.35946E-2 1.42314E-2 1.55195E-2 1.58772E-2 1.62961E-2 1.84643E-2 1.7697E-2 1.56662E-2 1.27533E-2 1.36904E-2 1.45918E-2 1.56414E-2 1.96399E-2 1.98267E-2 1.9714E-2 1.77192E-2 1.93389E-2
3.56535E-2 3.39426E-2 3.44846E-2 3.16013E-2 3.44861E-2 3.58909E-2 3.72903E-2 3.40814E-2 3.21984E-2 2.8799E-2 2.59363E-2 2.4138E-2 2.39718E-2 2.3274E-2 2.27979E-2 2.30684E-2 2.29236E-2 2.26343E-2 2.20206E-2 2.15686E-2 2.13407E-2 1.96637E-2 1.73234E-2 1.51141E-2 1.43126E-2 1.25615E-2 1.39968E-2 1.49535E-2 1.33315E-2 1.32839E-2 1.25104E-2 1.33125E-2 1.24943E-2 1.35434E-2 1.30168E-2 1.33517E-2 1.43609E-2 1.36826E-2 1.44337E-2 1.54854E-2 1.63956E-2 1.55504E-2 1.48743E-2 1.43834E-2 1.40147E-2 1.47571E-2 1.5993E-2 1.57586E-2 1.71381E-2 1.87072E-2 1.88942E-2 1.66387E-2 1.38328E-2 1.36128E-2 1.44384E-2 1.55012E-2 1.67236E-2 1.96558E-2 2.00344E-2 1.65334E-2 1.5998E-2
4.13941E-2 4.46551E-2 3.53831E-2 3.35834E-2 3.24311E-2 3.3364E-2 3.2171E-2 3.30469E-2 2.97384E-2 2.65549E-2 2.62382E-2 2.54526E-2 2.48611E-2 2.46571E-2 2.19531E-2 2.18182E-2 2.24039E-2 2.27976E-2 2.28573E-2 2.22064E-2 2.19987E-2 2.13518E-2 2.01586E-2 1.84417E-2 1.61855E-2 1.43419E-2 1.5853E-2 1.35464E-2 1.37884E-2 1.43971E-2 1.40096E-2 1.41982E-2 1.39498E-2 1.50566E-2 1.41601E-2 1.35897E-2 1.41424E-2 1.36712E-2 1.48853E-2 1.50937E-2 1.57583E-2 1.56495E-2 1.62583E-2 1.61719E-2 1.57858E-2 1.54117E-2 1.58895E-2 1.68496E-2 1.82057E-2 1.90679E-2 1.94644E-2 1.89343E-2 1.47644E-2 1.31459E-2 1.4858E-2 1.42666E-2 1.36866E-2 1.70718E-2 1.92152E-2 1.92258E-2 1.76731E-2
3.77585E-2 4.67931E-2 4.59245E-2 4.03282E-2 3.52693E-2 3.47253E-2 3.21532E-2 3.06376E-2 2.78764E-2 2.73472E-2 2.87485E-2 3.08081E-2 2.84169E-2 2.68007E-2 2.46921E-2 2.31861E-2 2.23188E-2 2.26741E-2 2.27691E-2 2.33414E-2 2.25967E-2 2.16962E-2 2.21164E-2 2.17082E-2 2.13473E-2 1.98868E-2 1.94839E-2 1.62023E-2 1.65522E-2 1.71187E-2 1.61824E-2 1.41218E-2 1.5956E-2 1.43545E-2 1.5947E-2 1.50918E-2 1.44093E-2 1.59399E-2 1.44234E-2 1.49017E-2 1.48631E-2 1.60605E-2 1.65497E-2 1.76014E-2 1.81051E-2 1.78453E-2 1.77936E-2 1.78528E-2 1.91784E-2 1.97474E-2 1.91238E-2 1.93829E-2 1.75513E-2 1.45091E-2 1.37769E-2 1.38936E-2 1.49163E-2 1.61627E-2 1.77853E-2 1.88958E-2 1.86016E-2
4.0205E-2 4.06183E-2 4.43888E-2 4.30919E-2 3.70351E-2 3.87763E-2 3.42066E-2 3.82222E-2 3.2092E-2 3.18807E-2 2.86313E-2 2.78442E-2 2.94461E-2 2.91763E-2 2.47445E-2 2.342E-2 2.3735E-2 2.28716E-2 2.35442E-2 2.42437E-2 2.4877E-2 2.37639E-2 2.3008E-2 2.24584E-2 2.26667E-2 2.30212E-2 2.29081E-2 2.15193E-2 2.01792E-2 1.66165E-2 1.66419E-2 1.72451E-2 1.80747E-2 1.53913E-2 1.68917E-2 1.77362E-2 1.72551E-2 1.69648E-2 1.54863E-2 1.66147E-2 1.59268E-2 1.6491E-2 1.75566E-2 1.80084E-2 1.81366E-2 1.6787E-2 1.76019E-2 1.87272E-2 1.98228E-2 1.99158E-2 2.00376E-2 1.92514E-2 1.90861E-2 1.75014E-2 1.5708E-2 1.44941E-2 1.56901E-2 1.43656E-2 1.60679E-2 1.68416E-2 1.86485E-2
4.25774E-2 4.51683E-2 4.27659E-2 3.65759E-2 4.15444E-2 3.97686E-2 3.81213E-2 4.17512E-2 4.09175E-2 3.79804E-2 3.46643E-2 2.82614E-2 2.74516E-2 2.9753E-2 2.71784E-2 2.43795E-2 2.3988E-2 2.36463E-2 2.35398E-2 2.47187E-2 2.42154E-2 2.3653E-2 2.33463E-2 2.33706E-2 2.35947E-2 2.3823E-2 2.36553E-2 2.36846E-2 2.35759E-2 2.25297E-2 2.09132E-2 2.04493E-2 1.81019E-2 1.67263E-2 1.6258E-2 1.92228E-2 1.93414E-2 1.89104E-2 1.72919E-2 1.79008E-2 1.72895E-2 1.68227E-2 1.63353E-2 1.69775E-2 1.72418E-2 1.6926E-2 1.70649E-2 1.73291E-2 1.94695E-2 2.00202E-2 2.05995E-2 1.96173E-2 1.98132E-2 1.91936E-2 1.84614E-2 1.59847E-2 1.53558E-2 1.59756E-2 1.5119E-2 1.545E-2 1.74797E-2
4.23886E-2 4.35943E-2 4.33751E-2 4.02941E-2 4.76992E-2 4.37259E-2 4.5067E-2 3.98044E-2 4.24811E-2 4.17015E-2 3.28603E-2 3.19594E-2 3.28031E-2 3.33337E-2 3.13252E-2 2.77507E-2 2.55284E-2 2.6279E-2 2.46261E-2 2.4999E-2 2.4788E-2 2.30662E-2 2.15309E-2 2.34445E-2 2.41551E-2 2.41432E-2 2.43367E-2 2.45312E-2 2.4064E-2 2.4259E-2 2.38253E-2 2.29056E-2 2.15371E-2 1.85703E-2 1.71062E-2 1.8375E-2 2.09695E-2 2.09229E-2 2.05892E-2 2.00702E-2 1.86659E-2 1.82364E-2 1.70721E-2 1.67604E-2 1.6676E-2 1.63886E-2 1.71409E-2 1.83139E-2 1.8187E-2 1.85013E-2 2.03905E-2 2.04599E-2 1.9156E-2 1.87685E-2 1.93091E-2 1.88805E-2 1.66807E-2 1.66368E-2 1.61926E-2 1.54102E-2 1.55409E-2
4.29406E-2 4.6071E-2 4.52837E-2 4.47563E-2 4.29718E-2 3.97709E-2 4.62016E-2 3.84773E-2 3.3865E-2 3.64757E-2 3.15604E-2 3.32564E-2 2.94436E-2 3.00386E-2 3.36977E-2 3.38954E-2 3.10254E-2 2.88538E-2 2.67091E-2 2.50078E-2 2.43823E-2 2.23823E-2 2.04024E-2 2.24637E-2 2.50393E-2 2.54402E-2 2.51478E-2 2.52674E-2 2.42031E-2 2.45588E-2 2.46688E-2 2.47704E-2 2.44361E-2 2.14868E-2 1.87654E-2 2.1486E-2 2.11249E-2 2.09493E-2 2.04675E-2 2.07112E-2 1.96367E-2 1.88356E-2 1.82546E-2 1.84157E-2 1.80566E-2 1.68841E-2 1.77557E-2 1.72616E-2 1.70562E-2 1.78758E-2 1.95369E-2 2.01497E-2 1.92939E-2 1.74553E-2 1.73371E-2 1.98282E-2 1.9215E-2 1.80747E-2 1.73848E-2 1.61716E-2 1.48137E-2
4.58946E-2 4.31196E-2 4.76076E-2 4.60418E-2 4.57648E-2 4.06494E-2 3.91892E-2 4.01792E-2 3.42434E-2 3.45564E-2 3.47155E-2 4.12582E-2 3.38184E-2 3.00244E-2 2.981E-2 3.2049E-2 3.19476E-2 2.94175E-2 2.78919E-2 2.79857E-2 2.53311E-2 2.19419E-2 2.18551E-2 2.38103E-2 2.4839E-2 2.68725E-2 2.63218E-2 2.64256E-2 2.5796E-2 2.52451E-2 2.59384E-2 2.56416E-2 2.61203E-2 2.64191E-2 2.61841E-2 2.41908E-2 2.24643E-2 2.07073E-2 2.1149E-2 2.02581E-2 2.11625E-2 2.29187E-2 2.17108E-2 2.00761E-2 1.92491E-2 1.78949E-2 1.73051E-2 1.78961E-2 1.71602E-2 1.74729E-2 1.74082E-2 1.9192E-2 1.97297E-2 1.76312E-2 1.7E-2 1.99034E-2 1.93257E-2 1.9645E-2 1.86909E-2 1.61013E-2 1.6094E-2
5.04421E-2 4.18355E-2 4.52206E-2 4.67154E-2 4.74034E-2 4.43721E-2 4.24285E-2 4.47633E-2 3.82339E-2 3.76716E-2 3.65527E-2 3.61553E-2 3.19537E-2 3.05531E-2 3.03014E-2 3.36604E-2 3.19539E-2 3.0339E-2 2.8823E-2 2.81377E-2 2.86356E-2 2.42586E-2 2.19339E-2 2.4681E-2 2.63356E-2 2.77249E-2 2.6588E-2 2.6443E-2 2.71717E-2 2.68646E-2 2.67908E-2 2.69089E-2 2.72416E-2 2.73793E-2 2.71042E-2 2.69563E-2 2.55472E-2 2.43937E-2 2.37429E-2 2.36307E-2 2.42049E-2 2.41602E-2 2.31345E-2 2.26909E-2 2.12E-2 2.09361E-2 1.97304E-2 1.92444E-2 1.86641E-2 1.75769E-2 1.70651E-2 1.79675E-2 1.76484E-2 1.77816E-2 1.83403E-2 2.04329E-2 1.85377E-2 1.77579E-2 1.74579E-2 1.70921E-2 1.65727E-2
5.47236E-2 4.84126E-2 4.42687E-2 4.7876E-2 4.59394E-2 4.53429E-2 4.50104E-2 4.54907E-2 4.16998E-2 3.99177E-2 3.84007E-2 3.50413E-2 3.36769E-2 3.35917E-2 3.09842E-2 3.10277E-2 3.01861E-2 2.94748E-2 2.92207E-2 2.79467E-2 2.87576E-2 2.8759E-2 2.75115E-2 2.75013E-2 2.79164E-2 2.85081E-2 2.79126E-2 2.77235E-2 2.77238E-2 2.84971E-2 2.86718E-2 2.81954E-2 2.82671E-2 2.79252E-2 2.82358E-2 2.71198E-2 2.59383E-2 2.60978E-2 2.62248E-2 2.69464E-2 2.63795E-2 2.58706E-2 2.57008E-2 2.63512E-2 2.55505E-2 2.60637E-2 2.45912E-2 2.21291E-2 1.93163E-2 1.82978E-2 1.79749E-2 1.71384E-2 1.71858E-2 1.78911E-2 2.1006E-2 2.15407E-2 2.01253E-2 1.8322E-2 1.79902E-2 1.75791E-2 1.90755E-2
4.51825E-2 4.55477E-2 4.74075E-2 4.88475E-2 4.29259E-2 4.4717E-2 4.61861E-2 4.56754E-2 4.2476E-2 4.08397E-2 3.90523E-2 3.67885E-2 3.91919E-2 3.71651E-2 3.54567E-2 3.4887E-2 3.19942E-2 3.02173E-2 2.94878E-2 2.85533E-2 2.87925E-2 2.83475E-2 2.91832E-2 2.9394E-2 2.98856E-2 2.96762E-2 2.98178E-2 2.95037E-2 2.79568E-2 2.90163E-2 2.92356E-2 2.93507E-2 2.90129E-2 2.90217E-2 2.89408E-2 2.85508E-2 2.79138E-2 2.74076E-2 2.7533E-2 2.68681E-2 2.62642E-2 2.59688E-2 2.6396E-2 2.63153E-2 2.58414E-2 2.64418E-2 2.67981E-2 2.64219E-2 2.36249E-2 2.15044E-2 2.01197E-2 1.86779E-2 2.01897E-2 2.0055E-2 2.2077E-2 2.28526E-2 2.23191E-2 2.11395E-2 1.95785E-2 1.88813E-2 2.04323E-2
4.85791E-2 4.41013E-2 4.63618E-2 4.48242E-2 4.19708E-2 4.19193E-2 4.47352E-2 4.40988E-2 4.26343E-2 4.28001E-2 3.72426E-2 3.56713E-2 3.53925E-2 3.56247E-2 3.67292E-2 3.9056E-2 3.69992E-2 3.47366E-2 2.99508E-2 2.98E-2 2.85215E-2 2.84241E-2 2.858E-2 3.038E-2 3.04841E-2 3.0703E-2 3.05932E-2 3.03011E-2 2.88274E-2 3.04151E-2 3.003E-2 3.09319E-2 3.03344E-2 2.97717E-2 3.02184E-2 2.97244E-2 2.93984E-2 2.92403E-2 2.75267E-2 2.61503E-2 2.53596E-2 2.50646E-2 2.46335E-2 2.48501E-2 2.53119E-2 2.65209E-2 2.74772E-2 2.80193E-2 2.79002E-2 2.77011E-2 2.68669E-2 2.53203E-2 2.34034E-2 2.26435E-2 2.33006E-2 2.19372E-2 2.28185E-2 2.36444E-2 2.13483E-2 2.03739E-2 2.263E-2
4.73895E-2 4.06438E-2 4.15419E-2 4.23779E-2 3.96897E-2 3.85884E-2 4.54838E-2 4.32602E-2 4.53935E-2 4.1775E-2 3.93534E-2 3.54586E-2 3.33426E-2 3.54457E-2 3.46265E-2 3.49231E-2 3.68712E-2 3.66512E-2 3.53293E-2 3.24567E-2 3.02675E-2 2.75284E-2 2.85506E-2 3.08974E-2 3.01591E-2 3.13067E-2 3.17107E-2 3.08841E-2 2.9743E-2 3.14721E-2 3.11117E-2 3.12835E-2 3.03611E-2 3.03116E-2 3.08748E-2 2.96592E-2 2.92955E-2 3.0067E-2 2.91817E-2 2.41422E-2 2.19582E-2 2.12231E-2 2.14131E-2 2.13145E-2 2.07459E-2 2.10829E-2 2.35597E-2 2.71082E-2 2.84092E-2 2.85498E-2 2.85336E-2 2.81221E-2 2.68362E-2 2.54348E-2 2.42883E-2 2.47447E-2 2.4624E-2 2.45889E-2 2.30262E-2 2.34871E-2 2.47598E-2
5.67106E-2 5.19461E-2 4.57588E-2 4.32148E-2 4.1731E-2 4.60619E-2 4.56909E-2 4.21645E-2 4.22197E-2 4.38593E-2 3.45992E-2 3.33818E-2 3.43532E-2 3.62991E-2 3.62313E-2 3.49271E-2 3.45015E-2 3.61604E-2 3.68608E-2 3.56234E-2 3.68312E-2 3.27732E-2 3.37762E-2 3.57345E-2 3.23361E-2 3.14232E-2 2.79292E-2 2.74533E-2 3.00577E-2 3.16042E-2 3.11294E-2 2.99849E-2 2.93769E-2 3.12282E-2 3.05419E-2 3.05737E-2 3.15736E-2 3.04838E-2 3.02848E-2 2.52193E-2 2.32521E-2 2.39398E-2 2.27117E-2 2.18176E-2 2.16801E-2 2.12851E-2 2.1142E-2 2.30259E-2 2.53903E-2 2.75436E-2 2.84779E-2 2.72253E-2 2.61116E-2 2.41652E-2 2.28881E-2 2.43423E-2 2.56613E-2 2.68048E-2 2.53698E-2 2.53396E-2 2.61634E-2
7.77181E-2 5.94532E-2 4.86225E-2 5.38202E-2 4.62763E-2 4.78796E-2 4.57194E-2 4.17388E-2 4.15216E-2 4.39051E-2 3.70707E-2 3.47972E-2 3.44255E-2 3.81579E-2 3.451E-2 3.49984E-2 3.37081E-2 3.27562E-2 3.35533E-2 3.60789E-2 3.87324E-2 3.9763E-2 4.07543E-2 3.99666E-2 3.69128E-2 3.14545E-2 2.53436E-2 2.18118E-2 2.1849E-2 2.29062E-2 2.48275E-2 2.56986E-2 2.84639E-2 3.18926E-2 3.24104E-2 3.21588E-2 3.05699E-2 3.0099E-2 2.95254E-2 2.67305E-2 2.79145E-2 2.84883E-2 2.68397E-2 2.52655E-2 2.46256E-2 2.46607E-2 2.33818E-2 2.28025E-2 2.33047E-2 2.40067E-2 2.6548E-2 2.77385E-2 2.79848E-2 2.71372E-2 2.70162E-2 2.77666E-2 2.84394E-2 2.7329E-2 2.89319E-2 2.63435E-2 2.44484E-2
8.89891E-2 5.27149E-2 4.73231E-2 5.65801E-2 6.19372E-2 5.79837E-2 6.06262E-2 5.01792E-2 3.92067E-2 4.062E-2 4.30115E-2 3.8192E-2 3.60461E-2 3.70129E-2 3.42085E-2 3.49122E-2 3.30437E-2 3.60615E-2 3.78204E-2 3.4392E-2 3.72537E-2 4.27794E-2 4.516E-2 4.25596E-2 3.43977E-2 2.31751E-2 1.78149E-2 1.61998E-2 1.6527E-2 1.87774E-2 2.19453E-2 2.16334E-2 2.47445E-2 3.00888E-2 3.20926E-2 3.13026E-2 2.93211E-2 2.94047E-2 2.86221E-2 2.64189E-2 2.69427E-2 2.79187E-2 2.83783E-2 2.86159E-2 2.7898E-2 2.79465E-2 2.79753E-2 2.7803E-2 2.78889E-2 2.62585E-2 2.77153E-2 2.94329E-2 3.01981E-2 3.1362E-2 3.09799E-2 3.08123E-2 2.9859E-2 3.03447E-2 3.01283E-2 3.05295E-2 2.98105E-2
7.99786E-2 5.71888E-2 4.43945E-2 4.94444E-2 6.13917E-2 7.35501E-2 6.63559E-2 6.60414E-2 4.69201E-2 4.47898E-2 5.16961E-2 4.54048E-2 4.04231E-2 3.67198E-2 3.72898E-2 3.57298E-2 3.67095E-2 3.60544E-2 3.82858E-2 3.54173E-2 3.43142E-2 4.08388E-2 4.79398E-2 4.56434E-2 3.24606E-2 1.98913E-2 1.33956E-2 1.56006E-2 1.99109E-2 2.21672E-2 2.24455E-2 2.27137E-2 2.63118E-2 2.9569E-2 3.11872E-2 3.28655E-2 2.94289E-2 2.90355E-2 2.79142E-2 2.61167E-2 2.52825E-2 2.56163E-2 2.71132E-2 2.73338E-2 2.83439E-2 2.75898E-2 2.87949E-2 2.97802E-2 3.00748E-2 3.01116E-2 2.97718E-2 3.1248E-2 3.10891E-2 3.15983E-2 3.19197E-2 3.1928E-2 3.13399E-2 3.17848E-2 2.99725E-2 3.1322E-2 3.20122E-2
