Artocarpus heterophyllus SDM files/Last interglacial/results (with bias file)/Arthet_median.asc
ncols         625
nrows         721
xllcorner     69.99986311115
yllcorner     5.99986151914999
cellsize      0.041666667
NODATA_value  -9999
[rows 135 to 161 of 721, columns 427 to 487 of 625]
3.37747E-2 3.36192E-2 3.21085E-2 2.92488E-2 2.99772E-2 3.12694E-2 3.21595E-2 3.40106E-2 3.60173E-2 3.23755E-2 3.37629E-2 3.20904E-2 2.92374E-2 3.33472E-2 3.72763E-2 3.93977E-2 4.50518E-2 4.6935E-2 4.71602E-2 4.54905E-2 4.32826E-2 3.44185E-2 3.37649E-2 3.60088E-2 3.57528E-2 4.05382E-2 4.09036E-2 4.04855E-2 3.89086E-2 3.99955E-2 4.11105E-2 3.98568E-2 3.77788E-2 3.9714E-2 3.9714E-2 3.93743E-2 3.83645E-2 3.85103E-2 3.6185E-2 3.49752E-2 3.3215E-2 3.40352E-2 3.78618E-2 3.8921E-2 4.00706E-2 4.00706E-2 4.02824E-2 3.95422E-2 4.09884E-2 4.06426E-2 3.96047E-2 4.01525E-2 4.18925E-2 4.35155E-2 4.41062E-2 4.32496E-2 3.85862E-2 4.19145E-2 3.77933E-2 3.19055E-2 3.44789E-2
3.17359E-2 3.55499E-2 3.57254E-2 3.06275E-2 3.37868E-2 3.17115E-2 3.18744E-2 3.23242E-2 3.61411E-2 3.87958E-2 3.84552E-2 3.60642E-2 3.13169E-2 3.34657E-2 3.38164E-2 3.57552E-2 4.55998E-2 4.6924E-2 4.32826E-2 4.02026E-2 3.50091E-2 3.09228E-2 3.09228E-2 3.2836E-2 3.5204E-2 3.4635E-2 3.62521E-2 3.23241E-2 3.32388E-2 3.68161E-2 3.99955E-2 3.80448E-2 3.6186E-2 3.62433E-2 3.62433E-2 3.77788E-2 3.59348E-2 3.69456E-2 3.74605E-2 3.67712E-2 3.72833E-2 3.78618E-2 3.78618E-2 3.78618E-2 3.75419E-2 3.62567E-2 3.30443E-2 3.60729E-2 3.86533E-2 3.53899E-2 2.96755E-2 3.36976E-2 4.01525E-2 4.15531E-2 4.04298E-2 3.53772E-2 3.58946E-2 3.73097E-2 3.36551E-2 2.96479E-2 2.99338E-2
3.10121E-2 2.90511E-2 3.39434E-2 3.47436E-2 3.86392E-2 3.79531E-2 4.09256E-2 4.22431E-2 4.42304E-2 4.24476E-2 3.98821E-2 3.65531E-2 3.00724E-2 2.92374E-2 3.16939E-2 3.33472E-2 4.22062E-2 4.68154E-2 4.58919E-2 4.00604E-2 3.26522E-2 3.21989E-2 3.2704E-2 3.04919E-2 3.53697E-2 3.39429E-2 3.69319E-2 3.66136E-2 3.32388E-2 3.71243E-2 3.55005E-2 3.71831E-2 3.30077E-2 3.16538E-2 3.28826E-2 3.67486E-2 3.59348E-2 3.41222E-2 3.44928E-2 3.49509E-2 3.59355E-2 3.40165E-2 3.27316E-2 3.40352E-2 3.55201E-2 3.3215E-2 3.27334E-2 3.42033E-2 3.57331E-2 3.62567E-2 3.53899E-2 3.6789E-2 3.80024E-2 3.92725E-2 3.48667E-2 3.55513E-2 3.22634E-2 3.40338E-2 2.86587E-2 2.68662E-2 2.41122E-2
3.66748E-2 3.16111E-2 3.16613E-2 3.72465E-2 3.93679E-2 4.20023E-2 4.0365E-2 4.30328E-2 4.05645E-2 3.73462E-2 3.54942E-2 3.16437E-2 2.99143E-2 2.64819E-2 2.9083E-2 3.16939E-2 3.88571E-2 4.51984E-2 4.65132E-2 4.44833E-2 3.80452E-2 3.59952E-2 3.3164E-2 3.3164E-2 3.50645E-2 3.55552E-2 3.4635E-2 3.64234E-2 3.4819E-2 3.18756E-2 3.10451E-2 3.28305E-2 3.39399E-2 3.48965E-2 3.27245E-2 3.306E-2 3.55752E-2 3.17852E-2 3.01143E-2 3.04099E-2 3.35209E-2 3.46551E-2 3.24211E-2 3.37146E-2 3.13197E-2 3.27316E-2 3.13214E-2 3.13214E-2 3.22564E-2 3.52164E-2 2.95404E-2 2.96755E-2 3.30459E-2 3.94615E-2 3.9525E-2 3.37094E-2 3.322E-2 2.84103E-2 2.51387E-2 2.57424E-2 2.80914E-2
4.51017E-2 4.05983E-2 3.84213E-2 4.39512E-2 4.21765E-2 3.97486E-2 3.92029E-2 4.36278E-2 4.11274E-2 3.19057E-2 3.20395E-2 3.11534E-2 3.03382E-2 2.93707E-2 3.12028E-2 3.00724E-2 3.76414E-2 4.33805E-2 4.64361E-2 4.61124E-2 3.45254E-2 3.35767E-2 3.4048E-2 3.225E-2 3.225E-2 3.15287E-2 3.2704E-2 3.29315E-2 3.33943E-2 4.03935E-2 4.03935E-2 3.89598E-2 4.17334E-2 4.0815E-2 3.70604E-2 3.99198E-2 3.65754E-2 3.05609E-2 2.88024E-2 2.99631E-2 3.32216E-2 3.51402E-2 3.33854E-2 3.21076E-2 3.11759E-2 2.96735E-2 3.19476E-2 3.17858E-2 3.22564E-2 3.52164E-2 3.16369E-2 3.4205E-2 3.94615E-2 4.02232E-2 3.93462E-2 3.59163E-2 3.05843E-2 2.85093E-2 2.44498E-2 2.36563E-2 2.48956E-2
3.96858E-2 4.11621E-2 4.00416E-2 4.17331E-2 3.55728E-2 4.06624E-2 4.06672E-2 4.05005E-2 4.00087E-2 3.31018E-2 3.53139E-2 3.41833E-2 3.39362E-2 3.12028E-2 3.58802E-2 3.36394E-2 3.45906E-2 4.35892E-2 4.57818E-2 4.1472E-2 3.58078E-2 4.19024E-2 3.8619E-2 3.45254E-2 3.42836E-2 3.42836E-2 3.86964E-2 3.57999E-2 3.33943E-2 3.33943E-2 4.24579E-2 4.73582E-2 4.34839E-2 4.06669E-2 3.86326E-2 4.40951E-2 3.76016E-2 3.19436E-2 3.35233E-2 2.96697E-2 3.39914E-2 3.90453E-2 3.66333E-2 3.66333E-2 3.38803E-2 3.05647E-2 3.05647E-2 2.92377E-2 3.24229E-2 3.42033E-2 3.14783E-2 3.67738E-2 4.14092E-2 4.02232E-2 3.73276E-2 2.94124E-2 2.91097E-2 2.66039E-2 2.32451E-2 2.2724E-2 2.42787E-2
3.48623E-2 3.40605E-2 3.22053E-2 3.43795E-2 3.50804E-2 3.50804E-2 3.93976E-2 3.88566E-2 3.66347E-2 3.68189E-2 3.4825E-2 3.81925E-2 3.98114E-2 3.95223E-2 3.83004E-2 3.79683E-2 3.74462E-2 3.8361E-2 3.36928E-2 3.69488E-2 3.75054E-2 4.21119E-2 4.19481E-2 3.93588E-2 4.02661E-2 4.10196E-2 3.66136E-2 3.97784E-2 3.38095E-2 4.03935E-2 4.2093E-2 4.44615E-2 3.60479E-2 3.97079E-2 4.47021E-2 4.40951E-2 4.62959E-2 3.88389E-2 3.30588E-2 2.89468E-2 3.39914E-2 3.79821E-2 3.33854E-2 2.98227E-2 2.89536E-2 2.92368E-2 3.01161E-2 3.21076E-2 2.99789E-2 3.01168E-2 3.52164E-2 4.10361E-2 4.13119E-2 3.82365E-2 3.48877E-2 2.92596E-2 2.62091E-2 2.42098E-2 2.56847E-2 2.80863E-2 2.55758E-2
4.26253E-2 4.11621E-2 4.05983E-2 4.11621E-2 3.96858E-2 4.1428E-2 3.88566E-2 3.38124E-2 3.28795E-2 3.31018E-2 3.58091E-2 3.73336E-2 4.00087E-2 4.29274E-2 4.21809E-2 3.66123E-2 3.3796E-2 3.19775E-2 3.29164E-2 3.88952E-2 3.69892E-2 4.28315E-2 4.69771E-2 3.66901E-2 4.57146E-2 3.72604E-2 3.52504E-2 4.53912E-2 3.44678E-2 3.62999E-2 4.28798E-2 4.69522E-2 4.65521E-2 4.74993E-2 4.63234E-2 3.85716E-2 3.60478E-2 3.72612E-2 3.21069E-2 3.10173E-2 3.40964E-2 4.06737E-2 4.00511E-2 3.45471E-2 2.76892E-2 3.10195E-2 3.33874E-2 3.40478E-2 3.17985E-2 3.54011E-2 3.93772E-2 4.01257E-2 3.92586E-2 3.60841E-2 3.02906E-2 2.85048E-2 2.36486E-2 2.45559E-2 2.72638E-2 2.68609E-2 3.25502E-2
2.99708E-2 3.03961E-2 3.00184E-2 3.24951E-2 3.78846E-2 4.02377E-2 3.5258E-2 4.06624E-2 3.93976E-2 3.39863E-2 3.4825E-2 4.00087E-2 4.56764E-2 4.69408E-2 4.33545E-2 3.07526E-2 3.15112E-2 3.28846E-2 3.51311E-2 4.44081E-2 4.46283E-2 5.01995E-2 4.9171E-2 4.43124E-2 4.65717E-2 4.57694E-2 4.27448E-2 5.01657E-2 4.07333E-2 3.46296E-2 4.46069E-2 5.34243E-2 3.58551E-2 3.32338E-2 3.75194E-2 4.00539E-2 3.23692E-2 3.42279E-2 2.89468E-2 3.01121E-2 3.42822E-2 3.49534E-2 3.96526E-2 3.17985E-2 3.17985E-2 3.59949E-2 3.3553E-2 3.76082E-2 3.4217E-2 3.74041E-2 3.85123E-2 3.81912E-2 3.62731E-2 3.29137E-2 2.77159E-2 2.44393E-2 2.41889E-2 2.71215E-2 3.00886E-2 3.60624E-2 4.5157E-2
3.17061E-2 3.03961E-2 2.95979E-2 3.11541E-2 3.35876E-2 3.47148E-2 3.47148E-2 4.35591E-2 4.16318E-2 3.4464E-2 3.39863E-2 3.40402E-2 4.50559E-2 4.84682E-2 4.44879E-2 3.35023E-2 3.72539E-2 3.9374E-2 3.88338E-2 3.80284E-2 3.85581E-2 4.95234E-2 4.2096E-2 5.02667E-2 4.74402E-2 4.10196E-2 4.10196E-2 4.10844E-2 5.34109E-2 3.87516E-2 4.57837E-2 5.04372E-2 3.68055E-2 3.24678E-2 3.18688E-2 3.5004E-2 3.55505E-2 3.32865E-2 3.02623E-2 3.65516E-2 4.26069E-2 3.959E-2 4.46248E-2 3.91098E-2 3.47164E-2 3.42222E-2 4.11684E-2 3.88452E-2 3.67847E-2 3.55723E-2 3.68143E-2 3.60961E-2 3.42189E-2 2.94076E-2 2.31364E-2 2.43076E-2 2.43076E-2 2.44393E-2 3.23912E-2 5.11117E-2 5.7742E-2
3.40066E-2 3.17061E-2 3.21543E-2 3.45396E-2 4.40912E-2 4.15662E-2 4.15662E-2 4.56045E-2 4.16318E-2 4.01452E-2 3.74632E-2 3.43424E-2 4.63046E-2 4.91177E-2 4.38832E-2 3.52398E-2 3.49338E-2 3.54234E-2 3.72539E-2 4.11015E-2 4.40218E-2 4.52425E-2 4.07457E-2 4.2528E-2 3.88192E-2 3.49272E-2 3.34971E-2 3.44443E-2 4.68726E-2 4.48347E-2 3.86936E-2 5.53477E-2 4.28344E-2 3.48153E-2 3.29252E-2 3.48704E-2 3.20672E-2 3.4388E-2 3.40988E-2 3.69483E-2 4.75062E-2 4.24512E-2 3.97764E-2 4.20147E-2 4.3262E-2 4.38096E-2 4.49146E-2 4.08234E-2 3.88452E-2 3.49013E-2 3.43949E-2 3.1194E-2 3.13357E-2 2.57239E-2 2.54261E-2 2.76653E-2 2.59493E-2 2.90772E-2 4.02974E-2 5.48189E-2 5.97362E-2
3.59575E-2 4.01742E-2 4.05342E-2 4.42337E-2 5.12223E-2 4.39131E-2 3.98825E-2 4.15662E-2 4.33836E-2 4.01452E-2 3.85155E-2 4.12669E-2 4.65279E-2 4.02087E-2 4.07668E-2 4.04115E-2 3.54234E-2 3.67406E-2 3.49338E-2 3.59194E-2 3.46872E-2 3.51734E-2 3.51734E-2 3.61649E-2 3.93588E-2 3.90221E-2 3.90221E-2 3.95641E-2 4.29647E-2 5.81165E-2 5.38779E-2 5.83976E-2 4.22508E-2 3.99891E-2 3.62983E-2 3.26481E-2 3.82225E-2 4.61625E-2 5.07699E-2 4.92465E-2 4.03311E-2 3.27463E-2 3.10276E-2 3.27492E-2 3.08737E-2 3.71819E-2 3.85739E-2 3.42243E-2 3.5751E-2 3.5751E-2 3.5751E-2 3.49032E-2 2.89757E-2 2.55627E-2 2.7707E-2 2.90772E-2 3.41869E-2 3.67696E-2 3.99094E-2 4.96059E-2 5.94799E-2
5.04535E-2 5.25447E-2 5.32592E-2 5.00077E-2 5.33428E-2 5.21627E-2 5.1462E-2 4.70184E-2 4.51319E-2 4.45889E-2 4.33836E-2 4.5203E-2 3.38658E-2 2.87599E-2 3.66347E-2 3.7195E-2 3.48785E-2 3.72539E-2 4.04754E-2 3.70963E-2 3.66001E-2 3.87579E-2 4.03951E-2 3.92967E-2 4.03951E-2 5.11536E-2 5.35306E-2 5.64905E-2 5.60084E-2 5.6854E-2 5.94797E-2 6.67768E-2 6.07846E-2 4.8182E-2 3.99891E-2 3.43313E-2 3.9294E-2 4.94122E-2 5.80832E-2 3.8846E-2 3.24326E-2 3.36798E-2 3.10276E-2 3.17972E-2 3.25854E-2 3.35575E-2 3.42222E-2 3.14923E-2 3.19616E-2 3.21244E-2 2.89689E-2 3.24353E-2 2.85436E-2 2.41908E-2 3.38637E-2 3.33678E-2 3.22635E-2 3.14673E-2 2.81053E-2 3.99094E-2 6.07912E-2
3.79517E-2 3.44849E-2 4.40218E-2 5.04535E-2 5.06902E-2 4.45187E-2 3.95325E-2 4.15662E-2 3.48926E-2 3.62533E-2 3.90518E-2 3.69471E-2 2.84625E-2 3.14129E-2 3.91136E-2 4.15396E-2 3.50622E-2 4.1595E-2 4.90167E-2 4.56255E-2 4.75218E-2 4.42426E-2 4.07457E-2 3.94837E-2 3.6335E-2 3.98465E-2 4.32762E-2 4.17442E-2 4.89331E-2 4.99229E-2 4.8593E-2 4.53934E-2 5.6854E-2 6.23867E-2 5.49642E-2 4.29019E-2 4.23175E-2 5.62004E-2 5.96358E-2 3.99321E-2 3.2883E-2 3.36798E-2 3.227E-2 3.61074E-2 3.29136E-2 3.68717E-2 3.45704E-2 3.40676E-2 3.3082E-2 3.35736E-2 3.3402E-2 3.11923E-2 3.49032E-2 4.07685E-2 4.39413E-2 3.87952E-2 3.50447E-2 3.02635E-2 2.72822E-2 3.69633E-2 6.06298E-2
4.08614E-2 3.39527E-2 3.69715E-2 4.52444E-2 4.50608E-2 4.44486E-2 3.638E-2 3.6196E-2 3.56959E-2 3.58778E-2 3.43415E-2 2.92776E-2 2.77604E-2 3.81322E-2 4.42683E-2 3.89712E-2 4.15396E-2 5.3805E-2 4.92578E-2 4.53386E-2 4.25977E-2 3.40946E-2 3.6335E-2 3.57967E-2 4.16784E-2 4.22551E-2 4.65646E-2 4.59329E-2 4.65646E-2 4.85079E-2 4.72786E-2 4.53934E-2 4.75192E-2 4.40054E-2 6.40852E-2 4.59374E-2 3.82252E-2 4.84935E-2 5.24244E-2 4.08255E-2 3.52562E-2 3.33454E-2 3.48243E-2 3.71232E-2 3.78471E-2 4.17454E-2 3.50582E-2 3.45704E-2 3.84345E-2 3.3252E-2 3.97897E-2 3.52579E-2 4.11155E-2 5.01849E-2 4.16932E-2 3.45367E-2 3.25712E-2 3.087E-2 3.02595E-2 3.8607E-2 5.89319E-2
3.54042E-2 3.6913E-2 3.69715E-2 4.48435E-2 4.3247E-2 3.98195E-2 3.56792E-2 3.63655E-2 3.7926E-2 3.5917E-2 3.09734E-2 2.71937E-2 3.23464E-2 4.38071E-2 4.69101E-2 3.85287E-2 4.32862E-2 5.52632E-2 4.27479E-2 3.77594E-2 3.45577E-2 3.71374E-2 4.45524E-2 4.48519E-2 4.97663E-2 3.98404E-2 4.22386E-2 3.7037E-2 3.75547E-2 3.86103E-2 4.20102E-2 4.28061E-2 4.01237E-2 4.46122E-2 6.52984E-2 5.3586E-2 5.28684E-2 4.8086E-2 5.70236E-2 4.04598E-2 3.63594E-2 3.91724E-2 4.13082E-2 4.42405E-2 4.46329E-2 4.46329E-2 3.75204E-2 3.91441E-2 4.37326E-2 4.10603E-2 4.62581E-2 4.58936E-2 5.41444E-2 4.81194E-2 3.57391E-2 3.17912E-2 3.40355E-2 3.17912E-2 3.27406E-2 3.45384E-2 4.75362E-2
3.44303E-2 4.01108E-2 4.14352E-2 4.50608E-2 4.26575E-2 4.16988E-2 4.28619E-2 4.09978E-2 4.08428E-2 3.57309E-2 3.11039E-2 3.11491E-2 4.31728E-2 5.22896E-2 4.97168E-2 4.88822E-2 4.98515E-2 5.74786E-2 4.52673E-2 3.81163E-2 4.08821E-2 5.17501E-2 5.53614E-2 4.77768E-2 4.07399E-2 3.59644E-2 3.59644E-2 3.7037E-2 3.96933E-2 4.25247E-2 4.7688E-2 6.0573E-2 5.722E-2 4.48459E-2 6.47383E-2 6.09655E-2 6.84649E-2 6.47959E-2 6.38174E-2 5.24281E-2 4.84132E-2 4.2392E-2 5.41236E-2 5.06874E-2 5.23339E-2 5.42238E-2 5.50438E-2 5.31427E-2 5.30754E-2 4.6818E-2 5.11753E-2 6.00824E-2 5.85986E-2 4.33441E-2 3.47156E-2 3.93747E-2 3.59258E-2 3.47124E-2 3.43846E-2 3.10319E-2 3.7504E-2
4.75161E-2 4.60139E-2 4.0309E-2 3.98109E-2 3.94594E-2 4.03728E-2 4.40549E-2 4.42337E-2 3.8105E-2 3.42972E-2 3.63637E-2 3.68385E-2 4.99635E-2 5.29382E-2 5.22279E-2 5.46541E-2 5.04734E-2 4.97926E-2 5.23099E-2 5.54822E-2 5.81328E-2 6.05131E-2 4.41723E-2 3.66058E-2 3.44914E-2 3.59644E-2 4.30449E-2 4.50844E-2 4.08043E-2 5.21725E-2 7.21071E-2 7.56948E-2 7.37184E-2 7.07467E-2 6.37657E-2 5.84801E-2 4.74361E-2 4.67944E-2 5.73567E-2 5.88639E-2 5.41236E-2 5.08476E-2 6.10608E-2 6.00488E-2 6.01427E-2 6.34281E-2 5.69966E-2 5.19008E-2 4.6818E-2 4.54541E-2 3.93702E-2 5.99127E-2 5.51543E-2 3.54039E-2 4.03309E-2 4.63307E-2 3.86313E-2 4.05423E-2 3.80759E-2 3.93617E-2 4.07118E-2
3.47661E-2 3.70862E-2 3.19839E-2 3.3652E-2 3.53104E-2 3.18692E-2 3.51322E-2 4.44464E-2 3.77226E-2 4.51319E-2 4.87865E-2 4.92086E-2 4.97729E-2 5.03941E-2 5.10823E-2 4.77255E-2 4.46426E-2 4.71531E-2 4.23889E-2 6.25877E-2 5.46213E-2 4.60226E-2 4.03302E-2 3.51093E-2 3.5165E-2 4.22386E-2 4.64913E-2 5.2537E-2 6.51876E-2 6.37855E-2 7.53445E-2 6.9054E-2 4.80104E-2 4.90797E-2 4.48459E-2 5.25181E-2 4.61606E-2 3.67264E-2 4.65522E-2 4.19405E-2 5.05882E-2 5.71129E-2 6.79125E-2 6.85349E-2 6.65161E-2 6.22978E-2 5.0767E-2 4.84493E-2 5.25164E-2 4.17287E-2 4.05409E-2 5.48317E-2 4.88481E-2 4.0741E-2 5.31179E-2 5.31208E-2 4.83475E-2 3.82673E-2 3.68014E-2 5.14144E-2 4.78945E-2
3.1965E-2 3.36362E-2 3.19543E-2 3.12413E-2 3.16834E-2 3.22599E-2 3.76645E-2 5.04914E-2 4.41381E-2 5.70425E-2 5.65465E-2 4.8544E-2 4.91552E-2 4.56445E-2 4.01289E-2 3.77716E-2 3.77716E-2 4.65136E-2 6.09408E-2 6.31835E-2 5.05407E-2 4.32015E-2 3.66058E-2 3.74361E-2 3.46025E-2 3.51533E-2 3.5165E-2 4.54696E-2 5.64756E-2 7.33711E-2 7.93771E-2 6.88249E-2 5.19961E-2 4.44709E-2 3.66684E-2 4.01798E-2 3.96291E-2 3.52262E-2 3.75548E-2 4.21412E-2 4.74361E-2 5.70573E-2 6.3805E-2 7.12529E-2 6.53733E-2 4.89267E-2 3.58774E-2 3.37075E-2 4.27436E-2 3.52258E-2 3.40356E-2 4.5677E-2 5.91195E-2 6.05682E-2 5.82363E-2 5.5399E-2 4.21213E-2 3.55868E-2 4.61122E-2 6.36771E-2 5.28648E-2
3.4013E-2 3.32117E-2 3.42314E-2 3.31425E-2 3.19708E-2 3.25137E-2 3.88556E-2 5.18191E-2 5.46986E-2 5.88695E-2 5.80857E-2 4.36201E-2 5.0755E-2 4.17921E-2 3.51793E-2 3.64899E-2 4.03877E-2 4.18581E-2 6.63119E-2 6.18218E-2 4.78685E-2 3.81009E-2 3.59075E-2 3.90248E-2 3.67704E-2 3.76905E-2 3.51252E-2 4.36397E-2 5.57222E-2 6.96388E-2 8.23917E-2 6.97381E-2 4.7935E-2 4.0396E-2 3.67991E-2 3.86409E-2 3.72292E-2 3.77191E-2 4.06527E-2 5.00848E-2 4.07686E-2 4.29529E-2 4.58469E-2 5.99628E-2 6.03503E-2 4.11282E-2 4.05382E-2 3.47114E-2 3.40333E-2 3.27323E-2 3.08546E-2 3.30489E-2 4.86203E-2 6.25042E-2 5.90112E-2 5.33606E-2 4.72175E-2 3.7717E-2 5.4632E-2 7.2229E-2 5.56549E-2
3.96853E-2 4.33862E-2 3.71413E-2 3.6519E-2 3.51511E-2 3.47053E-2 3.88117E-2 4.97513E-2 6.17186E-2 6.45303E-2 6.63685E-2 5.13541E-2 5.68163E-2 4.53827E-2 3.74129E-2 4.55835E-2 5.84527E-2 6.44765E-2 6.89932E-2 5.12298E-2 4.31334E-2 3.75766E-2 3.48161E-2 4.45524E-2 4.68284E-2 3.76704E-2 3.57065E-2 3.8427E-2 3.92939E-2 5.49779E-2 8.12522E-2 7.91191E-2 5.17793E-2 4.20348E-2 3.87526E-2 4.7592E-2 4.84295E-2 4.38366E-2 4.23669E-2 6.12715E-2 4.74786E-2 4.01831E-2 4.02955E-2 6.32903E-2 5.20615E-2 4.07504E-2 3.54035E-2 3.62726E-2 3.22512E-2 3.17808E-2 3.32177E-2 3.73439E-2 4.48373E-2 6.0447E-2 6.61826E-2 6.00284E-2 7.04694E-2 4.70294E-2 5.6971E-2 7.87575E-2 4.97356E-2
4.62804E-2 5.6073E-2 4.85323E-2 4.66051E-2 4.21763E-2 3.92433E-2 4.06066E-2 4.86505E-2 6.11833E-2 6.80423E-2 7.37489E-2 6.31664E-2 6.52356E-2 4.62296E-2 3.93086E-2 5.10823E-2 6.59005E-2 7.71647E-2 6.65212E-2 5.12298E-2 3.79819E-2 3.57684E-2 3.62449E-2 4.29458E-2 6.32822E-2 4.69423E-2 4.26417E-2 3.98062E-2 4.27884E-2 5.40512E-2 7.60842E-2 8.71807E-2 6.18947E-2 5.581E-2 5.82618E-2 6.09698E-2 6.39822E-2 5.55168E-2 4.90531E-2 6.63563E-2 5.94261E-2 5.36799E-2 4.16035E-2 5.32127E-2 6.88885E-2 4.27578E-2 3.68067E-2 3.48883E-2 3.47114E-2 3.38806E-2 3.43822E-2 3.25835E-2 3.33883E-2 4.54863E-2 5.90112E-2 7.66653E-2 8.51097E-2 6.40565E-2 6.15549E-2 8.14304E-2 5.21682E-2
7.00436E-2 7.20594E-2 7.12939E-2 5.71322E-2 6.10878E-2 5.01406E-2 4.53498E-2 4.51488E-2 5.93623E-2 7.55887E-2 8.47559E-2 7.90795E-2 6.46816E-2 4.80739E-2 3.78401E-2 4.04684E-2 4.30247E-2 5.79512E-2 7.39057E-2 4.54915E-2 3.87461E-2 4.2777E-2 4.64968E-2 4.85748E-2 6.94241E-2 6.56116E-2 5.46645E-2 6.21095E-2 5.80339E-2 6.6047E-2 7.96036E-2 7.96107E-2 7.06622E-2 7.1003E-2 7.85043E-2 7.30047E-2 7.69237E-2 6.57015E-2 6.77944E-2 7.97342E-2 7.06364E-2 6.38458E-2 4.60992E-2 6.41554E-2 7.51615E-2 4.21462E-2 4.63822E-2 3.64548E-2 3.59257E-2 4.31722E-2 3.77252E-2 3.45582E-2 3.80875E-2 4.56992E-2 6.0019E-2 7.96345E-2 8.99831E-2 8.08726E-2 7.26799E-2 7.05375E-2 5.56935E-2
5.26174E-2 5.62815E-2 6.18116E-2 7.22378E-2 7.44903E-2 6.13747E-2 6.61621E-2 6.62652E-2 7.65831E-2 8.65924E-2 8.12898E-2 7.84542E-2 5.86033E-2 4.0869E-2 4.37754E-2 5.24201E-2 6.28576E-2 5.59854E-2 8.06977E-2 7.04564E-2 6.26394E-2 6.44318E-2 7.18383E-2 7.18383E-2 7.84899E-2 7.78348E-2 7.17186E-2 7.79146E-2 8.07236E-2 8.53426E-2 8.89568E-2 8.89647E-2 9.01988E-2 9.14477E-2 9.14477E-2 8.65477E-2 8.8972E-2 8.64441E-2 7.69143E-2 8.43698E-2 8.77004E-2 6.87815E-2 7.06191E-2 7.35725E-2 7.65186E-2 5.53983E-2 5.69962E-2 3.6991E-2 3.88424E-2 4.09497E-2 5.19474E-2 4.72747E-2 4.07647E-2 5.29349E-2 6.5667E-2 7.98717E-2 8.29029E-2 8.423E-2 6.49106E-2 5.4157E-2 5.59332E-2
7.64929E-2 7.80774E-2 7.34065E-2 7.91816E-2 6.25101E-2 6.44297E-2 6.97537E-2 7.64645E-2 8.54001E-2 8.77992E-2 8.59397E-2 8.59397E-2 7.84634E-2 7.06149E-2 6.86844E-2 8.06887E-2 8.65052E-2 8.65052E-2 8.89284E-2 8.70572E-2 8.82768E-2 8.95018E-2 9.278E-2 9.40614E-2 9.40708E-2 9.33781E-2 9.46659E-2 9.46659E-2 9.46748E-2 9.46748E-2 9.46748E-2 9.46748E-2 9.46831E-2 9.59865E-2 9.59865E-2 9.68817E-2 9.68897E-2 9.82202E-2 9.75034E-2 9.96722E-2 9.96798E-2 9.69971E-2 9.56793E-2 9.10637E-2 9.29692E-2 9.04441E-2 6.14422E-2 4.59409E-2 4.93328E-2 6.17573E-2 4.68241E-2 6.10335E-2 6.53324E-2 6.62036E-2 8.30322E-2 8.46063E-2 8.34707E-2 8.66218E-2 7.62375E-2 6.93379E-2 6.99172E-2
7.48455E-2 7.64929E-2 6.7278E-2 6.69396E-2 4.9725E-2 3.84528E-2 5.3063E-2 7.06787E-2 8.77992E-2 8.78755E-2 7.62832E-2 7.08337E-2 6.28885E-2 7.80565E-2 8.7148E-2 7.67924E-2 6.41356E-2 6.56466E-2 7.29439E-2 8.00952E-2 9.02531E-2 8.06268E-2 8.01792E-2 8.64228E-2 9.02626E-2 9.21056E-2 9.46659E-2 9.08481E-2 8.65247E-2 8.53426E-2 8.77375E-2 8.83861E-2 9.42674E-2 8.81559E-2 8.92808E-2 9.37613E-2 9.63761E-2 9.90456E-2 9.90133E-2 9.7633E-2 8.49369E-2 7.95979E-2 8.50588E-2 6.29997E-2 7.30051E-2 7.85815E-2 8.77947E-2 7.4543E-2 8.1228E-2 7.5176E-2 7.11209E-2 6.86732E-2 5.40866E-2 5.83893E-2 7.55479E-2 7.89888E-2 6.68847E-2 6.20943E-2 7.14782E-2 8.30448E-2 7.37494E-2
