Artocarpus heterophyllus SDM files/Last interglacial/results (with bias file)/Arthet_6.asc
ncols         625
nrows         721
xllcorner     69.99986311115
yllcorner     5.99986151914999
cellsize      0.041666667
NODATA_value  -9999
[rows 54 to 80 of 721, columns 427 to 487 of 625]
1.49617E-2 1.47242E-2 1.51397E-2 1.46262E-2 1.356E-2 1.36364E-2 1.44631E-2 1.55108E-2 1.64587E-2 1.70766E-2 1.76174E-2 1.72489E-2 1.61577E-2 1.70148E-2 1.62819E-2 1.53209E-2 1.56048E-2 1.68545E-2 1.6797E-2 1.62294E-2 1.65756E-2 1.67651E-2 1.72834E-2 1.70248E-2 1.66714E-2 1.60853E-2 1.62683E-2 1.56865E-2 1.44342E-2 1.27679E-2 1.06731E-2 1.26029E-2 1.33923E-2 1.49576E-2 1.66944E-2 1.64483E-2 1.51554E-2 1.39404E-2 1.3871E-2 1.57392E-2 1.70852E-2 1.65972E-2 1.48188E-2 1.52633E-2 1.74601E-2 1.73989E-2 1.87587E-2 1.91215E-2 1.89702E-2 1.88086E-2 1.84913E-2 1.86493E-2 1.85881E-2 1.94725E-2 1.93047E-2 1.87392E-2 1.75155E-2 1.65054E-2 1.75002E-2 1.8976E-2 2.02365E-2
1.67734E-2 1.66389E-2 1.65419E-2 1.56082E-2 1.47256E-2 1.47198E-2 1.4866E-2 1.54121E-2 1.54667E-2 1.75109E-2 1.76458E-2 1.6611E-2 1.55716E-2 1.63983E-2 1.78987E-2 1.77824E-2 1.70575E-2 1.68873E-2 1.62469E-2 1.67521E-2 1.69848E-2 1.63603E-2 1.74762E-2 1.75191E-2 1.6969E-2 1.59027E-2 1.58783E-2 1.54538E-2 1.35342E-2 1.32214E-2 1.36675E-2 1.36114E-2 1.41881E-2 1.51356E-2 1.73177E-2 1.70737E-2 1.55961E-2 1.49145E-2 1.57861E-2 1.68077E-2 1.80293E-2 1.65112E-2 1.44319E-2 1.31073E-2 1.72024E-2 1.83769E-2 1.97396E-2 2.02062E-2 2.00083E-2 1.95178E-2 1.86737E-2 1.94372E-2 1.98406E-2 2.04956E-2 2.02115E-2 1.81568E-2 1.83356E-2 1.83198E-2 1.7251E-2 1.76534E-2 1.97583E-2
1.81563E-2 1.72402E-2 1.60599E-2 1.34545E-2 1.22963E-2 1.33399E-2 1.47032E-2 1.51467E-2 1.60324E-2 1.73413E-2 1.7126E-2 1.57374E-2 1.52037E-2 1.59916E-2 1.69578E-2 1.79482E-2 1.85146E-2 1.77207E-2 1.77994E-2 1.72899E-2 1.76761E-2 1.71301E-2 1.74411E-2 1.76655E-2 1.75736E-2 1.56844E-2 1.52055E-2 1.5176E-2 1.4009E-2 1.40999E-2 1.48026E-2 1.48816E-2 1.50563E-2 1.6704E-2 1.73004E-2 1.67145E-2 1.72703E-2 1.72235E-2 1.7704E-2 1.8881E-2 1.9227E-2 1.807E-2 1.74353E-2 1.75843E-2 1.84861E-2 1.93306E-2 2.04467E-2 2.04248E-2 2.034E-2 2.05686E-2 1.97565E-2 1.94531E-2 1.89784E-2 2.02839E-2 2.03131E-2 2.03475E-2 2.03809E-2 2.00157E-2 1.85818E-2 1.76776E-2 2.08762E-2
1.78921E-2 1.58757E-2 1.5018E-2 1.49081E-2 1.41407E-2 1.42525E-2 1.5771E-2 1.58026E-2 1.65097E-2 1.72402E-2 1.64426E-2 1.5379E-2 1.52784E-2 1.54588E-2 1.59078E-2 1.68322E-2 1.75827E-2 1.85066E-2 1.89888E-2 1.88985E-2 1.78579E-2 1.90968E-2 1.93324E-2 1.82139E-2 1.85657E-2 1.76662E-2 1.69262E-2 1.64425E-2 1.6086E-2 1.50864E-2 1.43323E-2 1.54936E-2 1.61314E-2 1.65532E-2 1.64723E-2 1.68421E-2 1.80466E-2 1.79199E-2 1.90553E-2 1.95852E-2 2.03137E-2 2.01712E-2 1.99233E-2 1.99416E-2 2.0469E-2 2.07264E-2 2.09964E-2 2.08312E-2 2.05958E-2 2.06147E-2 1.93948E-2 1.74602E-2 1.77562E-2 2.00053E-2 1.99349E-2 1.9729E-2 2.05789E-2 2.1047E-2 2.02973E-2 2.05114E-2 2.11337E-2
1.7763E-2 1.71019E-2 1.6823E-2 1.64572E-2 1.62148E-2 1.62074E-2 1.71651E-2 1.68421E-2 1.73237E-2 1.75794E-2 1.72292E-2 1.67405E-2 1.68495E-2 1.72436E-2 1.71284E-2 1.65601E-2 1.66957E-2 1.77809E-2 1.76694E-2 1.866E-2 1.84262E-2 2.02136E-2 2.06242E-2 1.95419E-2 1.83941E-2 1.93651E-2 1.88006E-2 1.79924E-2 1.73578E-2 1.69047E-2 1.6489E-2 1.61619E-2 1.65686E-2 1.7046E-2 1.75211E-2 1.69959E-2 1.61426E-2 1.58606E-2 1.80373E-2 2.07892E-2 2.13474E-2 2.11901E-2 2.06012E-2 2.08093E-2 2.10577E-2 2.10254E-2 2.06899E-2 2.04895E-2 2.0499E-2 2.04707E-2 2.0006E-2 1.99673E-2 1.81669E-2 1.91857E-2 1.93423E-2 1.83632E-2 1.92429E-2 2.10687E-2 2.13523E-2 2.12136E-2 2.14368E-2
1.69296E-2 1.75557E-2 1.71976E-2 1.79226E-2 1.77928E-2 1.74674E-2 1.76931E-2 1.76903E-2 1.74889E-2 1.79908E-2 1.76345E-2 1.72569E-2 1.76345E-2 1.77961E-2 1.80372E-2 1.80372E-2 1.86675E-2 1.91879E-2 1.84605E-2 1.79968E-2 1.9447E-2 2.08927E-2 2.0553E-2 1.91917E-2 1.7454E-2 1.90899E-2 1.94157E-2 1.84642E-2 1.75315E-2 1.81163E-2 1.7871E-2 1.723E-2 1.74599E-2 1.72894E-2 1.85331E-2 1.86438E-2 1.82374E-2 1.73632E-2 1.92667E-2 2.14765E-2 2.13494E-2 2.02212E-2 1.99684E-2 2.01652E-2 2.10645E-2 2.08528E-2 1.99003E-2 1.87874E-2 2.01652E-2 1.86358E-2 1.96338E-2 2.11127E-2 2.07862E-2 2.09121E-2 1.98104E-2 1.94716E-2 2.0345E-2 1.94896E-2 1.84795E-2 2.09905E-2 2.18382E-2
1.69062E-2 1.78461E-2 1.79458E-2 1.78343E-2 1.80584E-2 1.79514E-2 1.73655E-2 1.75111E-2 1.77559E-2 1.83622E-2 1.84029E-2 1.82556E-2 1.82904E-2 1.85652E-2 1.87964E-2 1.86785E-2 1.91334E-2 1.95418E-2 1.96605E-2 1.97795E-2 1.99289E-2 2.16123E-2 2.13258E-2 1.85355E-2 1.7678E-2 1.93548E-2 1.90198E-2 1.82101E-2 1.76609E-2 1.8548E-2 1.9015E-2 1.86301E-2 1.82398E-2 1.8003E-2 1.83913E-2 1.88575E-2 1.95761E-2 1.94466E-2 2.0775E-2 2.17703E-2 2.18264E-2 2.21646E-2 2.16989E-2 2.1971E-2 2.12056E-2 2.0765E-2 1.93828E-2 1.99807E-2 2.08912E-2 2.11536E-2 2.1442E-2 2.19355E-2 2.10975E-2 2.00201E-2 2.09279E-2 2.06639E-2 1.97629E-2 1.93257E-2 1.94866E-2 1.8387E-2 2.25664E-2
1.52635E-2 1.73554E-2 1.68765E-2 1.58552E-2 1.75217E-2 1.76144E-2 1.68598E-2 1.63992E-2 1.64042E-2 1.78738E-2 1.82562E-2 1.88697E-2 1.9301E-2 1.9391E-2 1.94343E-2 1.95062E-2 1.91881E-2 1.93726E-2 2.00606E-2 2.06229E-2 2.08442E-2 2.14046E-2 2.12258E-2 2.03314E-2 1.99068E-2 1.99735E-2 1.9466E-2 1.85309E-2 1.86658E-2 1.87071E-2 1.98214E-2 1.97013E-2 1.76744E-2 1.78782E-2 1.89572E-2 1.91421E-2 1.89173E-2 1.89435E-2 2.0209E-2 2.07629E-2 2.23749E-2 2.2624E-2 2.20757E-2 2.20893E-2 2.18692E-2 2.24493E-2 2.21244E-2 2.14562E-2 2.0503E-2 2.22125E-2 2.25906E-2 2.19827E-2 2.2256E-2 2.07399E-2 2.06471E-2 2.08969E-2 2.0381E-2 1.95805E-2 1.84994E-2 1.91072E-2 2.26357E-2
1.67562E-2 1.64655E-2 1.68891E-2 1.68606E-2 1.75719E-2 1.69965E-2 1.77086E-2 1.83235E-2 1.80272E-2 1.74939E-2 1.67923E-2 1.69097E-2 1.84801E-2 1.90299E-2 1.98297E-2 1.99392E-2 1.97604E-2 2.04651E-2 2.09588E-2 2.1959E-2 2.2238E-2 2.20849E-2 2.19442E-2 2.19106E-2 2.05032E-2 2.15538E-2 2.12196E-2 1.98098E-2 1.83014E-2 1.8209E-2 2.00877E-2 2.01737E-2 1.76624E-2 1.88919E-2 1.99232E-2 1.88451E-2 1.79543E-2 1.87756E-2 2.00029E-2 2.08573E-2 2.17881E-2 2.24113E-2 2.22702E-2 2.16515E-2 2.14257E-2 2.2478E-2 2.28001E-2 2.30852E-2 2.26738E-2 2.31383E-2 2.29679E-2 2.27617E-2 2.19568E-2 2.25358E-2 2.22952E-2 2.2422E-2 2.16854E-2 2.07016E-2 2.05169E-2 2.25012E-2 2.29628E-2
1.61679E-2 1.67308E-2 1.58513E-2 1.7225E-2 1.75719E-2 1.70408E-2 1.61423E-2 1.80727E-2 1.7959E-2 1.67372E-2 1.6514E-2 1.68578E-2 1.72465E-2 1.7168E-2 1.85353E-2 1.98389E-2 2.06261E-2 2.07583E-2 2.14618E-2 2.19812E-2 2.18848E-2 2.03578E-2 1.90391E-2 2.08585E-2 2.16531E-2 2.20883E-2 2.11704E-2 2.0526E-2 1.97868E-2 2.06538E-2 2.16711E-2 2.2027E-2 2.01431E-2 1.9351E-2 2.08112E-2 1.98933E-2 1.89587E-2 1.92937E-2 2.11185E-2 1.98878E-2 2.11802E-2 2.1039E-2 2.12396E-2 2.11625E-2 2.06198E-2 2.23922E-2 2.25734E-2 2.26762E-2 2.36929E-2 2.35064E-2 2.33263E-2 2.31133E-2 2.23916E-2 2.29961E-2 2.29363E-2 2.32549E-2 2.27862E-2 2.26348E-2 2.27966E-2 2.31062E-2 2.29246E-2
1.80221E-2 1.75995E-2 1.89321E-2 1.95547E-2 1.95188E-2 1.70623E-2 1.77637E-2 2.05317E-2 1.93242E-2 1.84889E-2 1.63727E-2 1.8429E-2 1.8723E-2 1.68451E-2 1.87797E-2 2.25759E-2 2.28382E-2 2.0691E-2 2.0631E-2 2.16285E-2 2.02992E-2 1.80571E-2 1.4128E-2 1.58826E-2 2.02055E-2 2.29814E-2 2.23322E-2 2.1759E-2 2.20413E-2 2.25357E-2 2.28393E-2 2.29736E-2 2.17568E-2 2.2279E-2 2.22735E-2 2.17929E-2 2.10665E-2 2.09431E-2 2.06998E-2 1.94415E-2 2.09232E-2 2.00293E-2 1.89653E-2 1.89682E-2 2.12346E-2 2.24265E-2 2.32914E-2 2.3863E-2 2.41129E-2 2.39451E-2 2.3747E-2 2.3114E-2 2.16679E-2 2.18316E-2 2.28049E-2 2.32058E-2 2.33513E-2 2.30667E-2 2.33084E-2 2.31239E-2 2.31239E-2
1.98092E-2 2.0528E-2 2.03834E-2 2.05923E-2 1.98787E-2 1.74734E-2 1.96506E-2 2.19106E-2 2.19139E-2 2.07915E-2 1.80179E-2 1.85422E-2 1.95554E-2 1.9855E-2 2.17006E-2 2.46887E-2 2.26469E-2 2.10812E-2 2.17489E-2 2.09011E-2 1.87798E-2 1.4354E-2 1.42515E-2 1.70131E-2 2.10129E-2 2.33333E-2 2.31408E-2 2.34481E-2 2.35071E-2 2.35323E-2 2.40046E-2 2.43379E-2 2.4323E-2 2.41658E-2 2.38312E-2 2.36278E-2 2.28978E-2 2.23894E-2 2.19326E-2 2.03026E-2 2.11255E-2 2.18029E-2 2.20834E-2 2.11085E-2 2.13548E-2 2.2158E-2 2.28092E-2 2.34561E-2 2.45036E-2 2.42996E-2 2.38236E-2 2.16647E-2 2.01054E-2 1.93805E-2 2.05775E-2 2.14205E-2 2.17296E-2 2.27376E-2 2.28609E-2 2.38053E-2 2.35953E-2
2.28243E-2 2.28033E-2 2.28467E-2 2.25532E-2 2.12871E-2 1.98409E-2 2.08237E-2 2.45092E-2 2.39686E-2 2.11929E-2 1.86716E-2 2.01847E-2 2.05745E-2 2.21956E-2 2.66715E-2 2.60928E-2 2.19264E-2 1.95302E-2 2.06592E-2 2.16473E-2 1.99799E-2 1.60328E-2 1.81378E-2 2.02172E-2 2.26035E-2 2.38235E-2 2.27168E-2 2.31845E-2 2.28594E-2 2.36915E-2 2.43052E-2 2.45817E-2 2.55612E-2 2.50058E-2 2.50058E-2 2.48025E-2 2.43605E-2 2.40345E-2 2.35548E-2 2.15525E-2 2.30234E-2 2.31873E-2 2.29717E-2 2.23673E-2 2.25367E-2 2.32783E-2 2.28398E-2 2.32071E-2 2.4575E-2 2.46552E-2 2.37658E-2 2.15698E-2 2.1138E-2 2.12926E-2 2.2061E-2 2.11608E-2 2.07023E-2 2.27223E-2 2.2762E-2 2.35838E-2 2.29373E-2
2.35098E-2 2.24752E-2 2.32561E-2 2.43E-2 2.36643E-2 2.18101E-2 2.32539E-2 2.5943E-2 2.35896E-2 2.13824E-2 1.96389E-2 2.15777E-2 2.44636E-2 2.70784E-2 2.81354E-2 2.73555E-2 2.34184E-2 2.0042E-2 1.94025E-2 1.88795E-2 1.92409E-2 1.89873E-2 2.05E-2 2.21612E-2 2.43604E-2 2.37322E-2 2.30192E-2 2.38087E-2 2.36353E-2 2.46365E-2 2.53857E-2 2.59136E-2 2.52127E-2 2.59107E-2 2.56829E-2 2.53442E-2 2.53846E-2 2.48458E-2 2.48801E-2 2.40824E-2 2.4525E-2 2.48496E-2 2.48496E-2 2.48725E-2 2.47196E-2 2.42184E-2 2.4515E-2 2.27796E-2 2.33876E-2 2.34789E-2 2.39759E-2 2.3482E-2 2.34411E-2 2.31162E-2 2.34088E-2 2.28994E-2 2.26628E-2 2.31707E-2 2.36598E-2 2.34187E-2 2.24997E-2
2.48462E-2 2.46547E-2 2.50402E-2 2.50134E-2 2.5021E-2 2.54104E-2 2.68495E-2 2.66511E-2 2.61495E-2 2.50851E-2 2.49393E-2 2.57968E-2 2.67057E-2 2.74701E-2 2.69704E-2 2.43589E-2 2.23908E-2 1.95639E-2 1.77313E-2 1.74175E-2 1.66903E-2 1.68286E-2 1.97078E-2 2.40989E-2 2.51101E-2 2.53996E-2 2.52661E-2 2.55688E-2 2.64613E-2 2.64532E-2 2.67716E-2 2.63062E-2 2.60895E-2 2.5147E-2 2.54593E-2 2.54944E-2 2.49954E-2 2.51841E-2 2.51301E-2 2.46984E-2 2.46795E-2 2.51532E-2 2.49946E-2 2.54274E-2 2.55734E-2 2.55617E-2 2.48659E-2 2.33077E-2 2.37724E-2 2.43322E-2 2.38485E-2 2.4771E-2 2.4561E-2 2.45535E-2 2.45272E-2 2.45249E-2 2.38646E-2 2.34568E-2 2.37026E-2 2.29535E-2 2.25066E-2
2.55694E-2 2.6105E-2 2.51192E-2 2.66992E-2 2.70574E-2 2.74058E-2 2.77626E-2 2.75642E-2 2.72224E-2 2.70641E-2 2.72574E-2 2.61902E-2 2.58763E-2 2.53779E-2 2.50915E-2 2.21503E-2 2.00269E-2 1.7649E-2 1.80042E-2 1.68825E-2 1.68105E-2 1.79386E-2 2.18761E-2 2.61133E-2 2.68274E-2 2.69543E-2 2.64273E-2 2.70013E-2 2.68675E-2 2.47204E-2 2.69375E-2 2.68593E-2 2.61495E-2 2.51739E-2 2.47116E-2 2.50337E-2 2.46992E-2 2.51228E-2 2.56693E-2 2.47007E-2 2.39302E-2 2.49466E-2 2.52188E-2 2.55639E-2 2.58264E-2 2.61272E-2 2.59387E-2 2.5057E-2 2.51977E-2 2.59268E-2 2.59148E-2 2.51944E-2 2.51829E-2 2.50564E-2 2.55251E-2 2.55134E-2 2.48205E-2 2.37702E-2 2.37062E-2 2.31715E-2 2.21655E-2
2.70375E-2 2.69739E-2 2.60056E-2 2.70665E-2 2.71179E-2 2.71943E-2 2.75192E-2 2.67536E-2 2.64413E-2 2.60861E-2 2.60901E-2 2.60542E-2 2.54939E-2 2.50271E-2 2.30959E-2 2.15282E-2 2.04339E-2 1.9283E-2 1.83676E-2 1.85333E-2 1.99098E-2 2.24757E-2 2.67496E-2 2.77624E-2 2.78915E-2 2.70882E-2 2.54467E-2 2.41984E-2 2.4703E-2 2.64382E-2 2.76549E-2 2.72755E-2 2.67428E-2 2.60389E-2 2.58524E-2 2.56134E-2 2.58155E-2 2.5169E-2 2.5169E-2 2.3686E-2 2.42659E-2 2.49489E-2 2.44824E-2 2.46907E-2 2.61297E-2 2.57604E-2 2.62779E-2 2.59016E-2 2.62996E-2 2.6345E-2 2.61805E-2 2.46655E-2 2.4612E-2 2.47072E-2 2.44767E-2 2.43569E-2 2.47445E-2 2.4536E-2 2.41693E-2 2.31995E-2 2.15199E-2
2.76561E-2 2.68714E-2 2.6892E-2 2.65132E-2 2.60096E-2 2.63015E-2 2.62371E-2 2.57637E-2 2.52789E-2 2.46441E-2 2.39873E-2 2.45177E-2 2.51113E-2 2.44023E-2 2.35691E-2 2.19741E-2 2.11787E-2 1.65523E-2 1.57409E-2 1.74369E-2 2.34411E-2 2.74657E-2 2.85705E-2 2.79742E-2 2.66026E-2 2.57708E-2 2.29906E-2 2.19918E-2 2.47841E-2 2.7626E-2 2.85996E-2 2.77919E-2 2.5996E-2 2.48957E-2 2.50667E-2 2.57392E-2 2.27538E-2 2.3804E-2 2.50475E-2 2.45375E-2 2.36082E-2 2.44611E-2 2.51258E-2 2.55619E-2 2.62419E-2 2.68849E-2 2.71557E-2 2.72588E-2 2.72672E-2 2.67149E-2 2.60447E-2 2.52021E-2 2.48141E-2 2.3996E-2 2.35032E-2 2.30954E-2 2.30495E-2 2.24312E-2 2.31855E-2 2.3194E-2 2.15926E-2
2.72634E-2 2.64459E-2 2.56273E-2 2.49147E-2 2.54532E-2 2.52338E-2 2.40646E-2 2.31394E-2 2.21846E-2 2.21574E-2 2.26981E-2 2.30417E-2 2.40057E-2 2.19498E-2 2.23118E-2 2.34744E-2 2.20146E-2 1.96233E-2 2.03984E-2 2.38177E-2 2.68026E-2 2.85365E-2 2.90077E-2 2.77088E-2 2.64708E-2 2.63042E-2 2.53512E-2 2.41089E-2 2.51229E-2 2.79471E-2 2.83942E-2 2.78345E-2 2.62534E-2 2.41906E-2 2.41244E-2 2.41E-2 2.37515E-2 2.31111E-2 2.34365E-2 2.24652E-2 2.26517E-2 2.37195E-2 2.59334E-2 2.6372E-2 2.66328E-2 2.69549E-2 2.75761E-2 2.73465E-2 2.78192E-2 2.71369E-2 2.65562E-2 2.5989E-2 2.51328E-2 2.42453E-2 2.31267E-2 2.2697E-2 2.17837E-2 2.05211E-2 2.07043E-2 2.09766E-2 2.27425E-2
2.68198E-2 2.60414E-2 2.33865E-2 2.1251E-2 2.28227E-2 2.40806E-2 2.38839E-2 2.44326E-2 2.50943E-2 2.6138E-2 2.59804E-2 2.56289E-2 2.60098E-2 2.69815E-2 2.76394E-2 2.7784E-2 2.62909E-2 2.52567E-2 2.53944E-2 2.71755E-2 2.88341E-2 2.9605E-2 2.93937E-2 2.74843E-2 2.78805E-2 2.82083E-2 2.77705E-2 2.68586E-2 2.62559E-2 2.63404E-2 2.69335E-2 2.77973E-2 2.59232E-2 2.52184E-2 2.3655E-2 2.3064E-2 2.36735E-2 2.42804E-2 2.35944E-2 2.24019E-2 2.29089E-2 2.4567E-2 2.62949E-2 2.64447E-2 2.71348E-2 2.74881E-2 2.81171E-2 2.84778E-2 2.77271E-2 2.80243E-2 2.69262E-2 2.55833E-2 2.43495E-2 2.33635E-2 2.22877E-2 2.18305E-2 2.1066E-2 2.06636E-2 2.18977E-2 2.30116E-2 2.43213E-2
2.60973E-2 2.52308E-2 2.40543E-2 2.18136E-2 2.24614E-2 2.28997E-2 2.24786E-2 2.46449E-2 2.98369E-2 3.16528E-2 3.12281E-2 3.12328E-2 3.04986E-2 2.89112E-2 2.91352E-2 2.97317E-2 2.84838E-2 2.72296E-2 2.72879E-2 2.91024E-2 3.02082E-2 2.96684E-2 2.9375E-2 2.80484E-2 2.9157E-2 2.89239E-2 2.80415E-2 2.73213E-2 2.62552E-2 2.67206E-2 2.50965E-2 2.50062E-2 2.63541E-2 2.57763E-2 2.51644E-2 2.54242E-2 2.57779E-2 2.49452E-2 2.27943E-2 2.44633E-2 2.46778E-2 2.6961E-2 2.65609E-2 2.57019E-2 2.5976E-2 2.72413E-2 2.81541E-2 2.84586E-2 2.85126E-2 2.771E-2 2.70279E-2 2.5415E-2 2.4828E-2 2.41846E-2 2.36748E-2 2.27074E-2 2.13343E-2 2.0851E-2 2.32468E-2 2.45252E-2 2.4911E-2
2.58024E-2 2.6536E-2 2.40597E-2 2.30716E-2 2.32773E-2 2.37803E-2 2.70676E-2 3.00098E-2 3.27225E-2 3.32427E-2 3.29651E-2 3.26816E-2 3.10273E-2 2.89335E-2 2.7957E-2 3.07889E-2 2.82517E-2 2.57392E-2 2.71424E-2 2.85247E-2 3.01757E-2 3.06788E-2 2.80027E-2 2.71389E-2 2.95107E-2 3.02491E-2 2.90558E-2 2.56034E-2 2.57981E-2 2.75799E-2 2.70549E-2 2.68164E-2 2.59929E-2 2.54538E-2 2.51096E-2 2.44753E-2 2.66289E-2 2.67322E-2 2.59084E-2 2.70972E-2 2.72762E-2 2.70103E-2 2.6163E-2 2.64299E-2 2.75201E-2 2.84833E-2 2.87869E-2 2.85458E-2 2.88806E-2 2.82865E-2 2.76003E-2 2.63682E-2 2.46889E-2 2.39809E-2 2.35982E-2 2.18741E-2 2.11624E-2 2.00652E-2 2.23691E-2 2.5146E-2 2.61645E-2
2.97573E-2 3.12126E-2 3.07728E-2 2.94706E-2 2.72409E-2 2.83191E-2 3.14648E-2 3.27505E-2 3.27355E-2 3.2946E-2 3.19544E-2 3.18959E-2 2.96115E-2 2.47834E-2 2.40009E-2 3.02814E-2 3.04256E-2 2.77682E-2 2.76186E-2 2.67183E-2 2.82359E-2 2.89769E-2 2.77876E-2 2.7867E-2 3.07585E-2 2.99203E-2 2.76419E-2 2.49182E-2 2.45029E-2 2.53377E-2 2.65964E-2 2.61517E-2 2.47166E-2 2.58998E-2 2.56889E-2 2.60566E-2 2.73204E-2 2.8619E-2 2.7285E-2 2.80652E-2 2.7635E-2 2.7004E-2 2.56271E-2 2.62679E-2 2.6932E-2 2.81997E-2 2.74164E-2 2.74542E-2 2.83658E-2 2.80352E-2 2.78246E-2 2.69044E-2 2.57531E-2 2.44433E-2 2.31442E-2 2.31194E-2 2.2071E-2 2.15E-2 2.12568E-2 2.32876E-2 2.70341E-2
3.20747E-2 3.2504E-2 3.22356E-2 3.19712E-2 3.0548E-2 3.14425E-2 3.21788E-2 3.259E-2 3.28005E-2 3.22051E-2 3.12511E-2 3.08472E-2 2.82583E-2 2.24621E-2 2.31629E-2 2.91916E-2 3.1365E-2 2.98518E-2 2.79709E-2 2.72468E-2 2.5673E-2 2.60665E-2 2.57099E-2 2.66191E-2 2.9434E-2 3.01608E-2 2.59898E-2 2.58504E-2 2.49979E-2 2.68259E-2 2.73249E-2 2.6055E-2 2.53206E-2 2.56083E-2 2.68293E-2 2.73288E-2 2.86873E-2 2.91287E-2 2.81106E-2 2.67926E-2 2.70705E-2 2.56466E-2 2.54985E-2 2.46473E-2 2.64634E-2 2.8312E-2 2.74903E-2 2.84091E-2 2.80038E-2 2.80781E-2 2.70116E-2 2.76586E-2 2.73838E-2 2.65747E-2 2.60066E-2 2.6036E-2 2.53497E-2 2.56362E-2 2.44171E-2 2.43722E-2 2.68212E-2
3.26951E-2 3.21096E-2 3.10476E-2 3.14694E-2 3.1455E-2 2.76761E-2 2.57341E-2 3.02385E-2 3.3011E-2 3.2606E-2 2.94505E-2 2.75632E-2 2.82714E-2 2.33607E-2 2.55687E-2 2.91302E-2 3.09603E-2 2.95666E-2 2.98311E-2 2.99157E-2 2.87989E-2 2.83656E-2 2.68782E-2 2.70123E-2 2.87628E-2 3.08272E-2 2.76613E-2 2.62071E-2 2.78744E-2 2.73673E-2 2.84529E-2 2.78573E-2 2.63003E-2 2.57251E-2 2.71857E-2 2.7093E-2 2.87576E-2 2.98194E-2 2.84608E-2 2.88128E-2 2.90885E-2 2.94923E-2 2.85802E-2 2.88978E-2 2.84131E-2 2.8958E-2 2.90161E-2 2.97268E-2 2.85498E-2 2.72361E-2 2.61975E-2 2.57831E-2 2.73913E-2 2.82101E-2 2.74131E-2 2.48431E-2 2.73343E-2 2.62624E-2 2.43094E-2 2.27884E-2 2.54674E-2
3.27131E-2 3.11187E-2 2.93272E-2 2.76258E-2 2.75751E-2 2.59472E-2 2.64284E-2 3.08372E-2 3.17715E-2 2.89057E-2 2.64152E-2 2.53333E-2 2.57998E-2 2.64697E-2 2.74069E-2 2.9872E-2 3.10739E-2 3.12531E-2 3.22631E-2 3.13744E-2 3.10301E-2 2.94709E-2 2.87373E-2 2.94637E-2 3.09167E-2 3.06962E-2 2.9867E-2 2.88425E-2 2.88381E-2 2.8933E-2 2.94057E-2 2.94372E-2 2.80847E-2 2.64107E-2 2.75976E-2 2.80085E-2 2.78527E-2 2.92485E-2 2.97685E-2 3.01509E-2 2.96595E-2 3.05984E-2 3.08453E-2 3.12451E-2 3.05668E-2 2.92739E-2 2.92299E-2 2.79679E-2 2.5906E-2 2.50011E-2 2.52433E-2 2.49187E-2 2.63677E-2 2.73787E-2 2.6565E-2 2.50425E-2 2.61414E-2 2.81184E-2 2.61518E-2 2.3081E-2 2.42869E-2
2.96884E-2 2.75886E-2 2.80955E-2 2.72446E-2 2.74338E-2 2.90364E-2 2.97833E-2 3.11589E-2 3.07227E-2 2.85388E-2 2.68006E-2 2.53356E-2 2.36322E-2 2.6003E-2 2.88181E-2 3.0867E-2 3.07417E-2 3.28874E-2 3.27694E-2 3.18333E-2 3.01379E-2 2.98021E-2 3.00238E-2 3.10256E-2 3.09243E-2 3.17694E-2 3.15477E-2 3.02861E-2 3.08995E-2 3.0736E-2 2.97467E-2 2.91349E-2 3.04912E-2 3.02141E-2 2.88944E-2 2.91909E-2 2.90455E-2 2.94535E-2 3.04145E-2 3.11149E-2 3.15777E-2 3.19865E-2 3.15459E-2 3.06696E-2 2.77121E-2 2.77262E-2 2.75096E-2 2.71068E-2 2.72088E-2 2.58466E-2 2.64486E-2 2.43305E-2 2.53561E-2 2.6724E-2 2.47325E-2 2.52039E-2 2.59152E-2 2.81253E-2 2.76975E-2 2.45822E-2 2.33222E-2
