Artocarpus heterophyllus SDM files/Last interglacial/results (with bias file)/Arthet_6.asc
ncols         625
nrows         721
xllcorner     69.99986311115
yllcorner     5.99986151914999
cellsize      0.041666667
NODATA_value  -9999
[rows 324 to 350 of 721, columns 305 to 365 of 625]
5.33427E-1 5.59539E-1 5.35894E-1 5.5724E-1 5.3924E-1 5.56113E-1 5.06242E-1 4.80607E-1 4.82263E-1 4.92309E-1 4.83327E-1 4.85063E-1 5.00503E-1 5.27019E-1 5.09341E-1 5.20667E-1 5.26342E-1 5.20838E-1 5.21982E-1 5.23153E-1 5.24789E-1 5.12466E-1 5.04884E-1 4.94655E-1 4.94125E-1 5.00359E-1 4.92695E-1 4.92131E-1 4.8945E-1 4.92434E-1 4.99067E-1 4.98659E-1 5.07401E-1 5.01637E-1 5.06953E-1 4.96596E-1 4.94919E-1 4.97505E-1 5.05081E-1 5.19549E-1 5.23081E-1 5.24429E-1 5.12521E-1 5.19809E-1 5.24888E-1 5.15267E-1 5.18813E-1 5.26615E-1 5.1455E-1 5.25627E-1 5.34893E-1 5.20733E-1 5.06252E-1 4.90338E-1 5.04725E-1 4.96273E-1 5.12921E-1 5.07289E-1 5.10859E-1 5.06479E-1 4.96632E-1
5.12459E-1 5.14036E-1 5.20119E-1 5.24598E-1 5.54266E-1 5.4491E-1 4.85242E-1 4.78E-1 4.82037E-1 4.88879E-1 4.83434E-1 4.92171E-1 4.98398E-1 5.14347E-1 5.10733E-1 5.06196E-1 5.12106E-1 5.25608E-1 5.24796E-1 5.241E-1 5.17252E-1 5.24789E-1 5.08512E-1 5.03754E-1 4.85317E-1 5.06191E-1 4.99037E-1 4.9262E-1 4.88609E-1 4.98088E-1 5.04898E-1 5.18696E-1 5.19044E-1 5.14171E-1 5.10859E-1 5.00026E-1 4.9453E-1 4.94391E-1 4.95492E-1 5.03903E-1 5.07914E-1 5.11617E-1 5.22648E-1 5.26129E-1 5.16557E-1 5.19632E-1 5.26051E-1 5.08314E-1 5.24526E-1 5.32924E-1 5.13248E-1 5.0289E-1 5.02828E-1 4.94752E-1 4.95833E-1 5.03535E-1 5.12741E-1 4.91812E-1 4.83267E-1 4.8912E-1 4.98667E-1
5.03355E-1 5.05767E-1 5.09343E-1 5.15475E-1 5.31786E-1 5.1092E-1 4.91121E-1 4.85273E-1 4.8472E-1 4.85942E-1 4.92626E-1 5.07583E-1 5.05891E-1 5.20014E-1 5.1637E-1 4.98326E-1 5.0896E-1 5.25891E-1 5.32772E-1 5.15061E-1 5.04379E-1 5.16498E-1 5.01625E-1 4.97536E-1 4.86385E-1 4.93241E-1 5.05127E-1 4.97646E-1 5.01498E-1 4.9616E-1 5.0679E-1 5.23996E-1 5.24235E-1 5.21889E-1 5.21832E-1 5.16404E-1 4.97829E-1 4.96665E-1 4.83652E-1 4.86749E-1 4.96661E-1 5.15504E-1 5.201E-1 5.15225E-1 5.19809E-1 5.1216E-1 5.08257E-1 5.11578E-1 5.21341E-1 5.06509E-1 5.09822E-1 5.00149E-1 4.90964E-1 4.97537E-1 5.09147E-1 5.03055E-1 5.15382E-1 5.11598E-1 4.98819E-1 4.83607E-1 5.07206E-1
5.09864E-1 5.09814E-1 5.09899E-1 5.04796E-1 5.19591E-1 4.97438E-1 4.8734E-1 4.86412E-1 4.85254E-1 4.85942E-1 4.9888E-1 5.11974E-1 5.08309E-1 5.14787E-1 5.06169E-1 4.96037E-1 5.17732E-1 5.29572E-1 5.21929E-1 5.28749E-1 5.05753E-1 5.10126E-1 5.2049E-1 5.10086E-1 4.93407E-1 4.90724E-1 5.03961E-1 4.98714E-1 4.94347E-1 4.94417E-1 4.97572E-1 5.07031E-1 5.0918E-1 5.12877E-1 5.13855E-1 5.23205E-1 5.08911E-1 4.94754E-1 4.91651E-1 4.98708E-1 5.00252E-1 4.98155E-1 5.04296E-1 5.14078E-1 5.15829E-1 5.08519E-1 5.13519E-1 5.23796E-1 5.18798E-1 5.14258E-1 5.06831E-1 4.97041E-1 4.92208E-1 5.0222E-1 5.09692E-1 4.97282E-1 5.19032E-1 5.2613E-1 5.08638E-1 4.87554E-1 5.08927E-1
5.13548E-1 5.12448E-1 5.14619E-1 5.16377E-1 5.32235E-1 4.94346E-1 4.9003E-1 4.89068E-1 4.83131E-1 4.9579E-1 5.08638E-1 5.15878E-1 5.19707E-1 5.18439E-1 4.97697E-1 4.98781E-1 5.10445E-1 5.23098E-1 5.14838E-1 5.26443E-1 5.16963E-1 5.14891E-1 5.11578E-1 5.08948E-1 5.04038E-1 4.98168E-1 4.96891E-1 4.906E-1 4.8952E-1 4.88437E-1 4.9178E-1 5.03712E-1 5.0206E-1 5.05246E-1 5.11215E-1 5.19745E-1 5.20198E-1 5.14267E-1 5.15914E-1 5.21634E-1 5.1782E-1 5.07627E-1 4.98026E-1 5.08373E-1 5.07399E-1 5.14385E-1 5.21604E-1 5.21693E-1 5.20428E-1 5.19626E-1 5.22504E-1 5.17204E-1 5.01971E-1 5.06252E-1 5.04781E-1 5.02389E-1 5.12525E-1 5.04767E-1 5.01729E-1 5.01471E-1 5.13566E-1
5.05896E-1 5.14748E-1 5.19242E-1 5.18121E-1 5.21345E-1 5.11009E-1 4.90356E-1 4.85442E-1 4.90484E-1 5.01837E-1 5.13232E-1 5.14928E-1 5.26075E-1 4.88258E-1 4.90042E-1 5.13643E-1 5.20567E-1 5.2124E-1 4.99821E-1 5.14602E-1 5.25248E-1 5.18591E-1 5.17715E-1 5.09382E-1 5.00013E-1 5.00936E-1 4.96774E-1 4.92379E-1 4.88856E-1 4.87013E-1 4.87545E-1 4.88692E-1 4.95749E-1 4.97871E-1 5.05788E-1 5.12121E-1 5.3527E-1 5.18291E-1 5.16102E-1 5.28491E-1 5.07957E-1 5.08238E-1 5.01602E-1 5.11632E-1 5.05441E-1 5.14365E-1 5.19561E-1 5.20685E-1 5.17332E-1 5.17052E-1 5.18547E-1 5.21908E-1 5.1862E-1 5.07829E-1 5.13329E-1 5.03966E-1 5.08919E-1 5.05453E-1 5.14602E-1 5.23089E-1 5.33731E-1
5.11158E-1 5.11397E-1 5.14486E-1 5.16657E-1 5.13113E-1 4.95468E-1 4.91037E-1 4.89395E-1 4.91182E-1 5.10346E-1 5.20505E-1 5.35E-1 5.28897E-1 4.94482E-1 4.92822E-1 5.04706E-1 5.16601E-1 5.23856E-1 5.05367E-1 5.23174E-1 5.31027E-1 5.21688E-1 5.0807E-1 5.03987E-1 5.00555E-1 5.07509E-1 4.98475E-1 4.97262E-1 4.92641E-1 4.85861E-1 4.91993E-1 4.86754E-1 4.86361E-1 5.04521E-1 5.1081E-1 5.15562E-1 5.16065E-1 5.08055E-1 5.16738E-1 5.19337E-1 5.22478E-1 5.07471E-1 5.14897E-1 5.11485E-1 5.16588E-1 5.19046E-1 5.14639E-1 5.19903E-1 5.15712E-1 5.14609E-1 5.14066E-1 5.15875E-1 5.14682E-1 5.11345E-1 5.10272E-1 5.11602E-1 5.11617E-1 5.10766E-1 5.26731E-1 5.48146E-1 5.50076E-1
5.12218E-1 5.08481E-1 5.12197E-1 5.2233E-1 4.99715E-1 4.90554E-1 4.90626E-1 4.90681E-1 4.89453E-1 4.98107E-1 5.1074E-1 5.29305E-1 5.33746E-1 4.98408E-1 4.953E-1 5.08441E-1 5.03905E-1 5.16728E-1 5.07426E-1 5.07713E-1 5.23888E-1 5.35299E-1 5.22926E-1 5.13755E-1 5.01665E-1 5.09102E-1 5.14161E-1 5.02198E-1 4.98673E-1 4.95992E-1 4.88735E-1 4.95998E-1 4.96854E-1 5.02367E-1 5.14424E-1 5.24445E-1 5.11653E-1 5.05616E-1 5.14989E-1 5.1696E-1 5.2601E-1 5.20649E-1 5.17225E-1 5.14435E-1 5.10837E-1 5.13028E-1 5.11549E-1 5.09142E-1 5.07432E-1 5.11053E-1 5.11262E-1 5.17062E-1 5.18544E-1 5.15639E-1 5.14279E-1 5.19245E-1 5.22663E-1 5.2938E-1 5.3044E-1 5.3385E-1 5.21221E-1
4.98591E-1 5.05156E-1 5.22108E-1 5.46685E-1 5.07161E-1 4.88968E-1 4.98313E-1 4.97872E-1 4.90504E-1 4.98687E-1 5.13377E-1 5.17742E-1 5.21256E-1 5.00803E-1 4.97553E-1 5.07113E-1 5.03326E-1 5.15868E-1 5.23924E-1 5.07007E-1 5.20839E-1 5.28215E-1 5.17626E-1 5.08743E-1 5.10629E-1 5.06365E-1 5.22751E-1 5.16626E-1 5.09789E-1 5.12257E-1 5.06069E-1 4.88755E-1 5.07978E-1 5.05262E-1 5.18284E-1 5.11818E-1 5.17605E-1 5.16161E-1 5.14654E-1 5.19917E-1 5.26339E-1 5.16246E-1 5.13434E-1 5.13004E-1 5.11764E-1 5.14604E-1 5.10774E-1 5.21771E-1 5.10302E-1 5.05668E-1 5.02528E-1 5.13999E-1 5.21708E-1 5.34719E-1 5.37018E-1 5.35717E-1 5.31327E-1 5.3827E-1 5.37552E-1 5.44279E-1 5.31684E-1
5.11129E-1 5.20771E-1 5.18638E-1 5.31557E-1 5.51548E-1 5.07554E-1 4.98326E-1 5.05824E-1 4.97025E-1 5.02661E-1 5.16573E-1 5.14719E-1 5.07364E-1 5.01303E-1 5.05674E-1 4.98038E-1 4.96942E-1 5.08043E-1 5.05968E-1 5.17547E-1 5.16633E-1 5.31496E-1 5.21117E-1 5.05861E-1 4.98985E-1 5.009E-1 5.07157E-1 5.15732E-1 5.13028E-1 5.0091E-1 5.13166E-1 4.98021E-1 5.03371E-1 5.08738E-1 5.09159E-1 5.05192E-1 5.16976E-1 5.19964E-1 5.22338E-1 5.27192E-1 5.26001E-1 5.29375E-1 5.27192E-1 5.13649E-1 5.12359E-1 5.20393E-1 5.20662E-1 5.32612E-1 5.18662E-1 5.14399E-1 5.04046E-1 5.16238E-1 5.19069E-1 5.29437E-1 5.34664E-1 5.47511E-1 5.45034E-1 5.56051E-1 5.6079E-1 5.43833E-1 5.28235E-1
5.01787E-1 5.05567E-1 4.96808E-1 4.97096E-1 5.03335E-1 5.23016E-1 5.14185E-1 5.10841E-1 4.98039E-1 4.9412E-1 4.98565E-1 5.01937E-1 5.1074E-1 5.08099E-1 5.17023E-1 5.11972E-1 4.98313E-1 5.02309E-1 5.06553E-1 5.16186E-1 5.10203E-1 5.18585E-1 5.16331E-1 5.2335E-1 5.25624E-1 5.06681E-1 4.9316E-1 4.98264E-1 5.07883E-1 5.0442E-1 5.04047E-1 5.04381E-1 5.13727E-1 5.19526E-1 5.07714E-1 5.14159E-1 5.21923E-1 5.2247E-1 5.29018E-1 5.27887E-1 5.3893E-1 5.33875E-1 5.37512E-1 5.37968E-1 5.26433E-1 5.22734E-1 5.31249E-1 5.26705E-1 5.15388E-1 5.08908E-1 5.13576E-1 5.15398E-1 5.19225E-1 5.3359E-1 5.33704E-1 5.52723E-1 5.43626E-1 5.47463E-1 5.55792E-1 5.56623E-1 5.54885E-1
4.96838E-1 4.95872E-1 4.94375E-1 4.91103E-1 4.88566E-1 4.89791E-1 4.98168E-1 5.13512E-1 5.23499E-1 5.20191E-1 4.99689E-1 5.21632E-1 5.19616E-1 5.11456E-1 5.11657E-1 5.12517E-1 5.08876E-1 5.14088E-1 5.09363E-1 5.0662E-1 5.10153E-1 5.21121E-1 5.16162E-1 5.06257E-1 5.06724E-1 5.12402E-1 5.0913E-1 4.95816E-1 4.95734E-1 4.99441E-1 4.98527E-1 5.04008E-1 5.06867E-1 5.15262E-1 5.15925E-1 5.10971E-1 5.18218E-1 5.23667E-1 5.2749E-1 5.32017E-1 5.48861E-1 5.44984E-1 5.46113E-1 5.59134E-1 5.34177E-1 5.2179E-1 5.34014E-1 5.26695E-1 5.15048E-1 5.13585E-1 5.08982E-1 5.06852E-1 5.13179E-1 5.27671E-1 5.35008E-1 5.40939E-1 5.41412E-1 5.4854E-1 5.51245E-1 5.61689E-1 5.69545E-1
4.96197E-1 4.94783E-1 4.96441E-1 4.89644E-1 4.90198E-1 4.89832E-1 4.92666E-1 5.03474E-1 5.08049E-1 5.09525E-1 5.06338E-1 5.07878E-1 5.30156E-1 5.34936E-1 5.20513E-1 5.04791E-1 5.10557E-1 5.30959E-1 5.32739E-1 5.17464E-1 5.1706E-1 5.11549E-1 5.27564E-1 5.13381E-1 4.99275E-1 4.98342E-1 5.06083E-1 5.1038E-1 5.13202E-1 5.05835E-1 5.01695E-1 5.10052E-1 5.10749E-1 5.13917E-1 5.13917E-1 5.19341E-1 5.2478E-1 5.25985E-1 5.28286E-1 5.39033E-1 5.47907E-1 5.46667E-1 5.6073E-1 5.6528E-1 5.68023E-1 5.70756E-1 5.41737E-1 5.27185E-1 5.31138E-1 5.49488E-1 5.12777E-1 5.0812E-1 5.30132E-1 5.30741E-1 5.22735E-1 5.34562E-1 5.43845E-1 5.45119E-1 5.42835E-1 5.67965E-1 5.71546E-1
5.00136E-1 4.9986E-1 4.92781E-1 5.00551E-1 4.96062E-1 4.95694E-1 4.94716E-1 5.11099E-1 5.14666E-1 5.09553E-1 5.1292E-1 5.01212E-1 5.07527E-1 5.29189E-1 5.40611E-1 5.25518E-1 5.08381E-1 5.17064E-1 5.21861E-1 5.31759E-1 5.30315E-1 5.15676E-1 5.13441E-1 5.28997E-1 5.14449E-1 5.04126E-1 5.07508E-1 5.02041E-1 5.09617E-1 5.09106E-1 5.05144E-1 5.07042E-1 5.10646E-1 5.12128E-1 5.16219E-1 5.20776E-1 5.23247E-1 5.27279E-1 5.27904E-1 5.40742E-1 5.44092E-1 5.27059E-1 5.43239E-1 5.49254E-1 5.60956E-1 5.75531E-1 5.60624E-1 5.42097E-1 5.35104E-1 5.38993E-1 5.31041E-1 5.09954E-1 5.28783E-1 5.17748E-1 5.23489E-1 5.34489E-1 5.40506E-1 5.40366E-1 5.5766E-1 5.64126E-1 5.59282E-1
4.98081E-1 4.9986E-1 5.01802E-1 4.98527E-1 4.94037E-1 4.95832E-1 5.06652E-1 5.09E-1 5.11518E-1 5.10428E-1 5.12751E-1 5.04891E-1 5.09722E-1 5.1349E-1 5.10858E-1 5.27054E-1 5.15163E-1 5.19179E-1 5.25715E-1 5.23617E-1 5.27368E-1 5.31252E-1 5.26549E-1 5.3004E-1 5.27775E-1 5.05724E-1 5.04324E-1 5.03338E-1 5.02094E-1 5.08417E-1 5.10769E-1 5.11885E-1 5.15746E-1 5.18382E-1 5.18455E-1 5.26477E-1 5.29962E-1 5.27717E-1 5.35254E-1 5.40666E-1 5.42018E-1 5.33525E-1 5.38474E-1 5.42077E-1 5.46299E-1 5.65238E-1 5.58917E-1 5.18686E-1 5.19097E-1 5.16457E-1 5.3466E-1 5.24672E-1 5.16526E-1 5.19034E-1 5.31949E-1 5.44044E-1 5.37991E-1 5.49606E-1 5.62183E-1 5.64854E-1 5.44628E-1
4.9661E-1 4.98081E-1 5.05383E-1 4.97837E-1 4.94037E-1 4.95556E-1 5.03238E-1 5.03886E-1 5.11937E-1 5.14412E-1 5.07288E-1 5.09505E-1 5.10486E-1 5.11988E-1 5.18229E-1 5.17274E-1 5.19513E-1 5.21586E-1 5.25469E-1 5.22403E-1 5.20742E-1 5.23217E-1 5.26824E-1 5.25419E-1 5.26425E-1 5.176E-1 5.15736E-1 5.06725E-1 5.01679E-1 5.09523E-1 5.09703E-1 5.12723E-1 5.17411E-1 5.26847E-1 5.29427E-1 5.22886E-1 5.28579E-1 5.31209E-1 5.34976E-1 5.34318E-1 5.38565E-1 5.36199E-1 5.57123E-1 5.65669E-1 5.73226E-1 5.71356E-1 5.58375E-1 5.21472E-1 5.15421E-1 5.15212E-1 5.20267E-1 5.21001E-1 5.15336E-1 5.19054E-1 5.30088E-1 5.47626E-1 5.51328E-1 5.54391E-1 5.75174E-1 5.61803E-1 5.52696E-1
4.91408E-1 4.94831E-1 5.05945E-1 5.05343E-1 4.94175E-1 5.05533E-1 5.02684E-1 5.06839E-1 5.15502E-1 5.15961E-1 5.11823E-1 5.17794E-1 5.18642E-1 5.21036E-1 5.26614E-1 5.27921E-1 5.22033E-1 5.25978E-1 5.2057E-1 5.15124E-1 5.19423E-1 5.24661E-1 5.27986E-1 5.2258E-1 5.24062E-1 5.23764E-1 5.086E-1 5.21331E-1 5.13268E-1 5.13118E-1 5.12187E-1 5.24392E-1 5.20635E-1 5.26313E-1 5.29296E-1 5.24811E-1 5.28848E-1 5.31661E-1 5.31758E-1 5.3921E-1 5.36498E-1 5.32968E-1 5.4278E-1 5.48519E-1 5.59485E-1 5.63486E-1 5.5524E-1 5.35131E-1 5.15846E-1 5.12765E-1 5.16832E-1 5.05404E-1 5.14043E-1 5.14183E-1 5.22373E-1 5.46265E-1 5.58533E-1 5.52925E-1 5.7676E-1 5.79386E-1 5.86645E-1
4.91134E-1 4.95387E-1 5.07144E-1 5.06582E-1 5.02216E-1 5.04018E-1 5.09278E-1 5.13456E-1 5.17785E-1 5.17651E-1 5.21432E-1 5.23699E-1 5.1935E-1 5.24935E-1 5.25532E-1 5.31536E-1 5.25426E-1 5.15801E-1 5.30575E-1 5.28442E-1 5.2004E-1 5.27518E-1 5.24297E-1 5.27065E-1 5.30058E-1 5.33761E-1 5.18977E-1 5.19602E-1 5.17941E-1 5.16309E-1 5.18131E-1 5.19675E-1 5.24526E-1 5.28474E-1 5.26231E-1 5.28208E-1 5.30701E-1 5.36143E-1 5.36569E-1 5.35876E-1 5.30946E-1 5.35253E-1 5.39161E-1 5.45307E-1 5.63428E-1 5.63006E-1 5.51013E-1 5.45174E-1 5.27899E-1 5.25968E-1 5.08972E-1 5.03612E-1 5.07354E-1 5.10658E-1 5.22667E-1 5.37247E-1 5.48341E-1 5.68165E-1 5.66394E-1 5.76265E-1 5.94794E-1
5.01512E-1 5.05244E-1 5.02355E-1 5.03192E-1 5.03186E-1 5.02535E-1 5.03504E-1 5.09465E-1 5.16546E-1 5.14902E-1 5.21994E-1 5.33482E-1 5.23814E-1 5.32642E-1 5.33094E-1 5.32385E-1 5.3258E-1 5.29623E-1 5.21123E-1 5.23515E-1 5.26988E-1 5.23375E-1 5.25495E-1 5.30493E-1 5.34709E-1 5.29041E-1 5.24805E-1 5.16302E-1 5.17452E-1 5.2624E-1 5.20782E-1 5.21485E-1 5.2242E-1 5.22702E-1 5.21485E-1 5.30016E-1 5.35589E-1 5.3518E-1 5.37111E-1 5.34446E-1 5.35297E-1 5.35679E-1 5.41246E-1 5.40829E-1 5.44694E-1 5.48826E-1 5.5043E-1 5.28549E-1 5.42076E-1 5.18719E-1 5.0975E-1 5.18562E-1 5.08702E-1 5.20983E-1 5.22105E-1 5.31709E-1 5.50501E-1 5.65239E-1 5.93868E-1 5.72959E-1 5.5782E-1
4.9811E-1 5.00736E-1 5.0171E-1 5.02402E-1 5.0871E-1 5.08849E-1 5.15116E-1 5.15396E-1 5.16102E-1 5.17363E-1 5.24936E-1 5.2536E-1 5.28738E-1 5.31551E-1 5.32259E-1 5.29895E-1 5.29205E-1 5.30913E-1 5.26332E-1 5.22867E-1 5.26233E-1 5.2058E-1 5.18436E-1 5.21072E-1 5.24831E-1 5.24848E-1 5.29586E-1 5.23868E-1 5.269E-1 5.18434E-1 5.28655E-1 5.30731E-1 5.33076E-1 5.37988E-1 5.38283E-1 5.30848E-1 5.32636E-1 5.28016E-1 5.29571E-1 5.32234E-1 5.33469E-1 5.37755E-1 5.41295E-1 5.29159E-1 5.47625E-1 5.5143E-1 5.36778E-1 5.26213E-1 5.29717E-1 5.21281E-1 5.10666E-1 5.11306E-1 5.08474E-1 5.19297E-1 5.24428E-1 5.37789E-1 5.43002E-1 5.57508E-1 5.72559E-1 5.73841E-1 5.56557E-1
5.07695E-1 5.12831E-1 5.09938E-1 5.00497E-1 5.05138E-1 5.15914E-1 5.17331E-1 5.17239E-1 5.21724E-1 5.25804E-1 5.2651E-1 5.26792E-1 5.31116E-1 5.23184E-1 5.24452E-1 5.26803E-1 5.26826E-1 5.28521E-1 5.28002E-1 5.24626E-1 5.37963E-1 5.23425E-1 5.28691E-1 5.21208E-1 5.22384E-1 5.26705E-1 5.27841E-1 5.30228E-1 5.30794E-1 5.30194E-1 5.30859E-1 5.22881E-1 5.28767E-1 5.34564E-1 5.40259E-1 5.38984E-1 5.28181E-1 5.25522E-1 5.26792E-1 5.27599E-1 5.45665E-1 5.48944E-1 5.58619E-1 5.51017E-1 5.64447E-1 5.64294E-1 5.54302E-1 5.44032E-1 5.52159E-1 5.50282E-1 5.32341E-1 5.04917E-1 5.11347E-1 5.18196E-1 5.22057E-1 5.47882E-1 5.49317E-1 5.40725E-1 5.61103E-1 5.77728E-1 5.63081E-1
5.03987E-1 5.11572E-1 5.1045E-1 5.09944E-1 5.14833E-1 5.19536E-1 5.20006E-1 5.16513E-1 5.30241E-1 5.30524E-1 5.27174E-1 5.33215E-1 5.4022E-1 5.30224E-1 5.29527E-1 5.31656E-1 5.29494E-1 5.30915E-1 5.25055E-1 5.32152E-1 5.47933E-1 5.28368E-1 5.32648E-1 5.29909E-1 5.20831E-1 5.29433E-1 5.27866E-1 5.28143E-1 5.29396E-1 5.31043E-1 5.30811E-1 5.35627E-1 5.38889E-1 5.30401E-1 5.29292E-1 5.43805E-1 5.42018E-1 5.36654E-1 5.40909E-1 5.37668E-1 5.40276E-1 5.44385E-1 5.50661E-1 5.37833E-1 5.28612E-1 5.36549E-1 5.35835E-1 5.41267E-1 5.38438E-1 5.41318E-1 5.35997E-1 5.29474E-1 5.2097E-1 5.21348E-1 5.20549E-1 5.51506E-1 5.32496E-1 5.49857E-1 5.71543E-1 5.80853E-1 5.74009E-1
5.09904E-1 5.22196E-1 5.1172E-1 5.11444E-1 5.15487E-1 5.22144E-1 5.22049E-1 5.25848E-1 5.3244E-1 5.33184E-1 5.25749E-1 5.41215E-1 5.47263E-1 5.29485E-1 5.31897E-1 5.32865E-1 5.33307E-1 5.32425E-1 5.3219E-1 5.46526E-1 5.47078E-1 5.45383E-1 5.32227E-1 5.26864E-1 5.2481E-1 5.21253E-1 5.22344E-1 5.25759E-1 5.38526E-1 5.29962E-1 5.35458E-1 5.36853E-1 5.42024E-1 5.46925E-1 5.38248E-1 5.4769E-1 5.57896E-1 5.34003E-1 5.30746E-1 5.38836E-1 5.43184E-1 5.54661E-1 5.55908E-1 5.67206E-1 5.54491E-1 5.43667E-1 5.50795E-1 5.36246E-1 5.36837E-1 5.29249E-1 5.34772E-1 5.35056E-1 5.47542E-1 5.34645E-1 5.14064E-1 5.37607E-1 5.29764E-1 5.45984E-1 5.6819E-1 5.7207E-1 5.76463E-1
5.22718E-1 5.38829E-1 5.33757E-1 5.17955E-1 5.24818E-1 5.23141E-1 5.32229E-1 5.27358E-1 5.29602E-1 5.25996E-1 5.27462E-1 5.39095E-1 5.46472E-1 5.29865E-1 5.31422E-1 5.33265E-1 5.36341E-1 5.32998E-1 5.37155E-1 5.4298E-1 5.61545E-1 5.54075E-1 5.40277E-1 5.39677E-1 5.32159E-1 5.20927E-1 5.26374E-1 5.31453E-1 5.35174E-1 5.34622E-1 5.33079E-1 5.32228E-1 5.37754E-1 5.35491E-1 5.39721E-1 5.45187E-1 5.57481E-1 5.50096E-1 5.47547E-1 5.29569E-1 5.4667E-1 5.50687E-1 5.56333E-1 5.52518E-1 5.55904E-1 5.62057E-1 5.61064E-1 5.73891E-1 5.62039E-1 5.38961E-1 5.31178E-1 5.22074E-1 5.42226E-1 5.47198E-1 5.28485E-1 5.33882E-1 5.50283E-1 5.68896E-1 5.62343E-1 5.42001E-1 5.63198E-1
5.36985E-1 5.42107E-1 5.32978E-1 5.22327E-1 5.26457E-1 5.29802E-1 5.33395E-1 5.43858E-1 5.4292E-1 5.33004E-1 5.25362E-1 5.38092E-1 5.37642E-1 5.37023E-1 5.39015E-1 5.38605E-1 5.36444E-1 5.38437E-1 5.34584E-1 5.42564E-1 5.54909E-1 5.58712E-1 5.70062E-1 5.67234E-1 5.66418E-1 5.32559E-1 5.33596E-1 5.34731E-1 5.28463E-1 5.3358E-1 5.3393E-1 5.2931E-1 5.3267E-1 5.33521E-1 5.42364E-1 5.46941E-1 5.56004E-1 5.57717E-1 5.55653E-1 5.4314E-1 5.46846E-1 5.36093E-1 5.31173E-1 5.38279E-1 5.44249E-1 5.56532E-1 5.54676E-1 5.46525E-1 5.24163E-1 5.27791E-1 5.38668E-1 5.24636E-1 5.29015E-1 5.25924E-1 5.29565E-1 5.39697E-1 5.47342E-1 5.53227E-1 5.29945E-1 5.40377E-1 5.49785E-1
5.40848E-1 5.43543E-1 5.39149E-1 5.37246E-1 5.31857E-1 5.30768E-1 5.51345E-1 5.48624E-1 5.61379E-1 5.30282E-1 5.42148E-1 5.45092E-1 5.41999E-1 5.35214E-1 5.43635E-1 5.44808E-1 5.37881E-1 5.40552E-1 5.38052E-1 5.38522E-1 5.3966E-1 5.41055E-1 5.48486E-1 5.41482E-1 5.45436E-1 5.40674E-1 5.41529E-1 5.4398E-1 5.29934E-1 5.33503E-1 5.28214E-1 5.33016E-1 5.3803E-1 5.3803E-1 5.43395E-1 5.44797E-1 5.52759E-1 5.70401E-1 5.57568E-1 5.67176E-1 5.603E-1 5.38181E-1 5.29552E-1 5.25609E-1 5.29925E-1 5.32727E-1 5.3932E-1 5.42865E-1 5.42487E-1 5.25271E-1 5.24074E-1 5.23835E-1 5.29989E-1 5.31813E-1 5.36597E-1 5.39542E-1 5.34151E-1 5.41331E-1 5.41847E-1 5.48027E-1 5.52508E-1
5.44418E-1 5.47721E-1 5.40518E-1 5.48352E-1 5.36431E-1 5.29919E-1 5.32893E-1 5.35457E-1 5.49379E-1 5.37373E-1 5.55465E-1 5.5125E-1 5.39033E-1 5.42962E-1 5.38681E-1 5.41655E-1 5.39053E-1 5.39459E-1 5.39359E-1 5.37138E-1 5.38823E-1 5.36728E-1 5.37314E-1 5.37029E-1 5.37314E-1 5.34791E-1 5.4057E-1 5.36687E-1 5.44909E-1 5.34178E-1 5.31849E-1 5.34932E-1 5.37171E-1 5.38697E-1 5.3937E-1 5.34581E-1 5.45625E-1 5.66579E-1 5.76179E-1 5.86509E-1 5.72548E-1 5.74452E-1 5.39895E-1 5.30461E-1 5.25408E-1 5.20499E-1 5.19054E-1 5.2036E-1 5.3044E-1 5.29043E-1 5.19929E-1 5.24791E-1 5.26342E-1 5.28868E-1 5.38009E-1 5.39149E-1 5.3279E-1 5.34323E-1 5.36667E-1 5.41021E-1 5.55834E-1
