Artocarpus heterophyllus SDM files/Last interglacial/results (with bias file)/Arthet_8.asc
ncols         625
nrows         721
xllcorner     69.99986311115
yllcorner     5.99986151914999
cellsize      0.041666667
NODATA_value  -9999
[rows 27 to 53 of 721, columns 366 to 426 of 625]
8.75449E-3 9.16792E-3 9.24957E-3 9.19041E-3 9.23262E-3 9.08218E-3 9.18489E-3 9.48386E-3 9.67521E-3 9.64423E-3 9.65994E-3 9.63591E-3 9.45954E-3 9.65497E-3 9.85081E-3 1.00626E-2 1.03935E-2 1.02509E-2 1.02348E-2 1.0445E-2 1.06299E-2 1.08362E-2 1.08408E-2 1.07696E-2 1.08729E-2 1.0995E-2 1.11399E-2 1.11642E-2 1.14067E-2 1.15564E-2 1.16893E-2 1.21907E-2 1.16949E-2 1.18264E-2 1.1729E-2 1.12559E-2 1.13489E-2 1.20087E-2 1.20828E-2 1.18349E-2 1.20056E-2 1.1811E-2 1.09406E-2 1.0856E-2 1.13041E-2 1.15045E-2 1.17118E-2 1.20675E-2 1.23301E-2 1.23743E-2 1.23878E-2 1.22087E-2 1.20639E-2 1.21895E-2 1.26525E-2 1.2442E-2 1.21192E-2 1.18044E-2 1.1711E-2 1.20085E-2 1.20197E-2
8.20382E-3 8.69074E-3 9.02892E-3 9.31391E-3 9.48275E-3 9.4846E-3 9.52898E-3 9.53845E-3 9.65028E-3 9.75951E-3 1.00398E-2 1.00299E-2 1.0215E-2 1.02458E-2 1.02532E-2 1.04345E-2 1.05514E-2 1.0665E-2 1.07885E-2 1.08168E-2 1.10339E-2 1.11218E-2 1.11045E-2 1.10722E-2 1.1275E-2 1.17064E-2 1.18489E-2 1.1768E-2 1.17412E-2 1.17773E-2 1.15746E-2 1.21422E-2 1.20457E-2 1.1695E-2 1.18046E-2 1.11348E-2 1.16331E-2 1.1722E-2 1.18005E-2 1.12986E-2 1.18295E-2 1.18374E-2 1.12017E-2 1.16163E-2 1.17302E-2 1.23078E-2 1.24638E-2 1.2675E-2 1.28711E-2 1.28641E-2 1.27826E-2 1.26464E-2 1.27273E-2 1.22983E-2 1.17608E-2 1.12813E-2 1.16933E-2 1.18376E-2 1.23113E-2 1.22571E-2 1.22057E-2
8.12022E-3 8.52394E-3 8.9511E-3 8.84209E-3 9.20436E-3 9.46244E-3 9.31101E-3 9.25288E-3 9.60721E-3 9.8424E-3 9.94432E-3 1.01626E-2 1.02345E-2 1.02432E-2 1.05508E-2 1.06648E-2 1.09369E-2 1.09797E-2 1.11559E-2 1.12033E-2 1.11758E-2 1.13372E-2 1.11583E-2 1.14258E-2 1.1828E-2 1.16946E-2 1.17093E-2 1.18472E-2 1.18028E-2 1.10038E-2 1.18527E-2 1.20887E-2 1.19284E-2 1.18095E-2 1.14366E-2 1.14876E-2 1.13432E-2 1.16781E-2 1.17924E-2 1.18258E-2 1.20942E-2 1.19921E-2 1.1921E-2 1.14582E-2 1.19498E-2 1.27988E-2 1.28493E-2 1.30318E-2 1.28723E-2 1.31051E-2 1.28256E-2 1.26345E-2 1.22236E-2 1.16417E-2 1.14916E-2 1.15075E-2 1.17316E-2 1.22062E-2 1.25536E-2 1.25525E-2 1.27782E-2
8.60455E-3 9.02302E-3 8.84659E-3 8.49357E-3 9.05569E-3 9.27047E-3 9.28978E-3 9.23604E-3 9.48617E-3 9.15944E-3 8.86369E-3 8.91325E-3 9.23775E-3 9.65385E-3 1.02534E-2 9.93756E-3 1.02317E-2 1.01588E-2 1.08092E-2 1.13555E-2 1.14911E-2 1.15299E-2 1.14926E-2 1.14972E-2 1.10119E-2 1.0818E-2 1.08258E-2 1.14182E-2 1.17846E-2 1.12629E-2 1.16939E-2 1.18308E-2 1.21265E-2 1.21172E-2 1.18572E-2 1.14002E-2 1.15437E-2 1.1812E-2 1.23693E-2 1.15628E-2 1.19687E-2 1.19972E-2 1.18194E-2 1.1787E-2 1.18459E-2 1.29667E-2 1.3242E-2 1.27725E-2 1.28352E-2 1.27375E-2 1.27931E-2 1.26823E-2 1.25795E-2 1.20096E-2 1.18581E-2 1.1564E-2 1.18777E-2 1.23103E-2 1.26691E-2 1.26083E-2 1.25695E-2
8.75144E-3 8.86472E-3 8.79253E-3 8.96773E-3 8.9168E-3 9.02569E-3 9.48906E-3 9.61725E-3 9.70894E-3 9.46734E-3 9.34636E-3 9.20341E-3 9.6045E-3 9.75503E-3 9.92392E-3 9.67371E-3 9.83791E-3 1.01447E-2 1.05566E-2 1.08781E-2 1.11631E-2 1.1362E-2 1.12349E-2 1.08762E-2 1.07948E-2 1.11098E-2 1.11978E-2 1.143E-2 1.16645E-2 1.16828E-2 1.18426E-2 1.24869E-2 1.23466E-2 1.23032E-2 1.24434E-2 1.19985E-2 1.18946E-2 1.19398E-2 1.19705E-2 1.18354E-2 1.22583E-2 1.22002E-2 1.21772E-2 1.2517E-2 1.25676E-2 1.28291E-2 1.28876E-2 1.28944E-2 1.29644E-2 1.28544E-2 1.26362E-2 1.22043E-2 1.18333E-2 1.16864E-2 1.1484E-2 1.10427E-2 1.10618E-2 1.15621E-2 1.20777E-2 1.13715E-2 1.07253E-2
9.03561E-3 8.93606E-3 9.1559E-3 9.23885E-3 9.16106E-3 9.07271E-3 9.47488E-3 9.79407E-3 9.50141E-3 9.26155E-3 9.21824E-3 9.41743E-3 9.85383E-3 9.39833E-3 9.35049E-3 9.57498E-3 1.02901E-2 1.04948E-2 1.09127E-2 1.04486E-2 1.02983E-2 1.05001E-2 1.05147E-2 1.04849E-2 1.10711E-2 1.14059E-2 1.16054E-2 1.18358E-2 1.20769E-2 1.21354E-2 1.22952E-2 1.23252E-2 1.22616E-2 1.18519E-2 1.23371E-2 1.2146E-2 1.20702E-2 1.21653E-2 1.22648E-2 1.24122E-2 1.26864E-2 1.298E-2 1.29998E-2 1.27194E-2 1.28018E-2 1.30234E-2 1.30469E-2 1.28315E-2 1.30498E-2 1.3042E-2 1.27459E-2 1.2477E-2 1.24829E-2 1.2289E-2 1.17688E-2 1.18958E-2 1.1997E-2 1.21041E-2 1.21152E-2 1.15127E-2 1.18046E-2
9.13636E-3 9.05575E-3 9.10335E-3 9.03234E-3 9.44295E-3 8.99979E-3 9.27564E-3 9.28976E-3 9.09887E-3 8.95188E-3 9.03379E-3 9.48382E-3 9.45959E-3 9.18172E-3 9.3197E-3 9.76505E-3 1.03748E-2 1.05516E-2 1.07941E-2 1.05723E-2 1.06501E-2 1.09414E-2 1.10872E-2 1.13228E-2 1.14962E-2 1.22112E-2 1.23339E-2 1.23153E-2 1.23473E-2 1.24066E-2 1.24617E-2 1.23921E-2 1.20085E-2 1.2146E-2 1.26645E-2 1.27603E-2 1.26495E-2 1.24786E-2 1.26372E-2 1.24514E-2 1.21114E-2 1.28103E-2 1.31331E-2 1.3308E-2 1.35678E-2 1.35673E-2 1.35074E-2 1.3591E-2 1.34447E-2 1.34447E-2 1.29591E-2 1.27561E-2 1.27856E-2 1.26229E-2 1.18231E-2 1.21602E-2 1.22759E-2 1.24691E-2 1.2152E-2 1.19208E-2 1.20385E-2
8.88256E-3 8.88526E-3 8.32561E-3 8.62189E-3 9.09238E-3 9.27319E-3 9.17656E-3 9.11383E-3 8.98408E-3 8.82986E-3 8.8501E-3 9.3241E-3 9.22919E-3 9.22194E-3 9.53308E-3 1.00426E-2 1.04161E-2 1.0598E-2 1.08724E-2 1.08021E-2 1.05423E-2 1.05442E-2 1.08046E-2 1.0671E-2 1.127E-2 1.1298E-2 1.10739E-2 1.06305E-2 1.09312E-2 1.18877E-2 1.29209E-2 1.25035E-2 1.25417E-2 1.2478E-2 1.32183E-2 1.32729E-2 1.31446E-2 1.29132E-2 1.27471E-2 1.28211E-2 1.24181E-2 1.26849E-2 1.3268E-2 1.37007E-2 1.3748E-2 1.35476E-2 1.35357E-2 1.34447E-2 1.3267E-2 1.34136E-2 1.30615E-2 1.30424E-2 1.2894E-2 1.23408E-2 1.169E-2 1.23629E-2 1.28747E-2 1.25189E-2 1.19547E-2 1.19356E-2 1.2244E-2
8.54731E-3 8.56757E-3 8.37449E-3 8.40146E-3 8.41274E-3 9.46251E-3 9.20765E-3 8.95454E-3 8.59177E-3 8.32045E-3 9.21747E-3 9.59663E-3 9.51552E-3 9.1265E-3 9.30989E-3 1.0089E-2 1.07423E-2 9.83585E-3 9.38336E-3 1.00356E-2 9.91815E-3 1.00735E-2 9.90926E-3 1.00464E-2 1.03224E-2 1.03916E-2 1.0176E-2 1.00251E-2 1.05638E-2 1.14048E-2 1.22817E-2 1.21092E-2 1.21737E-2 1.21174E-2 1.28127E-2 1.33214E-2 1.3506E-2 1.35735E-2 1.33038E-2 1.2861E-2 1.28553E-2 1.28303E-2 1.31869E-2 1.33022E-2 1.37368E-2 1.38333E-2 1.35445E-2 1.36427E-2 1.3816E-2 1.36109E-2 1.36832E-2 1.3337E-2 1.25527E-2 1.19014E-2 1.18423E-2 1.2918E-2 1.26497E-2 1.20876E-2 1.11494E-2 1.12558E-2 1.22932E-2
8.12421E-3 8.40225E-3 8.39498E-3 7.47383E-3 8.03424E-3 9.72576E-3 9.41816E-3 8.75194E-3 7.61803E-3 8.08892E-3 9.43645E-3 9.83735E-3 1.00619E-2 9.53552E-3 7.91689E-3 9.60286E-3 1.03349E-2 9.55303E-3 9.23645E-3 9.72807E-3 9.47914E-3 9.87036E-3 1.01107E-2 1.05263E-2 1.09379E-2 1.07386E-2 1.08843E-2 1.08678E-2 1.08349E-2 1.13895E-2 1.20586E-2 1.16761E-2 1.22001E-2 1.25743E-2 1.30637E-2 1.32588E-2 1.31766E-2 1.35856E-2 1.36838E-2 1.36595E-2 1.32805E-2 1.31312E-2 1.35325E-2 1.35784E-2 1.36634E-2 1.38981E-2 1.39942E-2 1.40523E-2 1.38305E-2 1.39439E-2 1.35471E-2 1.27552E-2 1.22834E-2 1.23178E-2 1.3E-2 1.24855E-2 1.20184E-2 1.20098E-2 1.08703E-2 1.15631E-2 1.27931E-2
8.41369E-3 8.75835E-3 9.36868E-3 8.30343E-3 7.70294E-3 9.61423E-3 9.42524E-3 8.42994E-3 7.71833E-3 8.67656E-3 9.19417E-3 9.74103E-3 1.03177E-2 9.68629E-3 7.69474E-3 9.03646E-3 9.36877E-3 9.13947E-3 9.21707E-3 9.53593E-3 9.64394E-3 9.84939E-3 1.02184E-2 1.05817E-2 1.07529E-2 1.0793E-2 1.08162E-2 1.11132E-2 1.15305E-2 1.18068E-2 1.23244E-2 1.21155E-2 1.20398E-2 1.27885E-2 1.27929E-2 1.28782E-2 1.27898E-2 1.34833E-2 1.39151E-2 1.3853E-2 1.35525E-2 1.36226E-2 1.38694E-2 1.39994E-2 1.41167E-2 1.41972E-2 1.44179E-2 1.40719E-2 1.39034E-2 1.39762E-2 1.36236E-2 1.3372E-2 1.34094E-2 1.32849E-2 1.3426E-2 1.32804E-2 1.27653E-2 1.27584E-2 1.21875E-2 1.2523E-2 1.3624E-2
1.05028E-2 1.04687E-2 1.03484E-2 9.21317E-3 8.45613E-3 8.75395E-3 8.86397E-3 7.73173E-3 7.07846E-3 7.08377E-3 9.08126E-3 1.02433E-2 1.04512E-2 1.01502E-2 7.10161E-3 7.93066E-3 8.2655E-3 8.86438E-3 9.5225E-3 9.9785E-3 1.03954E-2 1.06436E-2 1.07442E-2 1.04796E-2 1.0376E-2 1.05137E-2 1.07273E-2 1.07408E-2 1.12923E-2 1.21156E-2 1.24681E-2 1.23091E-2 1.22695E-2 1.27199E-2 1.29696E-2 1.30816E-2 1.32043E-2 1.33636E-2 1.31417E-2 1.39366E-2 1.41802E-2 1.45803E-2 1.4499E-2 1.44589E-2 1.41608E-2 1.43046E-2 1.4129E-2 1.4393E-2 1.39179E-2 1.38671E-2 1.37797E-2 1.42355E-2 1.41251E-2 1.4217E-2 1.41798E-2 1.39735E-2 1.35995E-2 1.35271E-2 1.37604E-2 1.38305E-2 1.40377E-2
1.13156E-2 1.11116E-2 1.08162E-2 9.96428E-3 8.39626E-3 8.26566E-3 8.46679E-3 8.86732E-3 7.36132E-3 7.63106E-3 9.68476E-3 1.08507E-2 1.09501E-2 9.99145E-3 6.84844E-3 7.72988E-3 8.7281E-3 9.38566E-3 9.47279E-3 9.94944E-3 1.08584E-2 1.12923E-2 1.1375E-2 1.12304E-2 1.08699E-2 1.03829E-2 1.05885E-2 1.08411E-2 1.14455E-2 1.16428E-2 1.21971E-2 1.29386E-2 1.30831E-2 1.30949E-2 1.32605E-2 1.34415E-2 1.40183E-2 1.38636E-2 1.38861E-2 1.41198E-2 1.43288E-2 1.43122E-2 1.41527E-2 1.43028E-2 1.38792E-2 1.34774E-2 1.42453E-2 1.43258E-2 1.43335E-2 1.41452E-2 1.36768E-2 1.41685E-2 1.49905E-2 1.51144E-2 1.48841E-2 1.43361E-2 1.33289E-2 1.30266E-2 1.4423E-2 1.47233E-2 1.4404E-2
1.16042E-2 1.16339E-2 1.15122E-2 1.0463E-2 9.49913E-3 9.35691E-3 9.48306E-3 9.21669E-3 8.41885E-3 8.10393E-3 1.00218E-2 1.13303E-2 1.07803E-2 8.13612E-3 6.55778E-3 7.27012E-3 8.75526E-3 9.70813E-3 1.02344E-2 1.01578E-2 1.11783E-2 1.17439E-2 1.18302E-2 1.1898E-2 1.15845E-2 1.15374E-2 1.18486E-2 1.20851E-2 1.23151E-2 1.26847E-2 1.30284E-2 1.34846E-2 1.38194E-2 1.41861E-2 1.42302E-2 1.44218E-2 1.45953E-2 1.43674E-2 1.45632E-2 1.46855E-2 1.45426E-2 1.46355E-2 1.42065E-2 1.37945E-2 1.41526E-2 1.40727E-2 1.46672E-2 1.49075E-2 1.46798E-2 1.43736E-2 1.44828E-2 1.47381E-2 1.54469E-2 1.54464E-2 1.55075E-2 1.4667E-2 1.36182E-2 1.41361E-2 1.55201E-2 1.54869E-2 1.50611E-2
1.22593E-2 1.20998E-2 1.18006E-2 1.16699E-2 1.07991E-2 1.02849E-2 1.02155E-2 9.76655E-3 8.99899E-3 9.12362E-3 1.06346E-2 1.08353E-2 9.40643E-3 7.63016E-3 6.60878E-3 7.55232E-3 8.97716E-3 9.63038E-3 1.01054E-2 1.06943E-2 1.06818E-2 1.18411E-2 1.0966E-2 1.17963E-2 1.18457E-2 1.14022E-2 1.24627E-2 1.29624E-2 1.28133E-2 1.29764E-2 1.28468E-2 1.3655E-2 1.39143E-2 1.38132E-2 1.42744E-2 1.41636E-2 1.3615E-2 1.35507E-2 1.32197E-2 1.36999E-2 1.4043E-2 1.47285E-2 1.4142E-2 1.39067E-2 1.40285E-2 1.41167E-2 1.40119E-2 1.42895E-2 1.50747E-2 1.46259E-2 1.45684E-2 1.54045E-2 1.5895E-2 1.60464E-2 1.55611E-2 1.46762E-2 1.464E-2 1.57332E-2 1.6207E-2 1.60994E-2 1.47576E-2
1.2717E-2 1.24576E-2 1.21943E-2 1.19672E-2 1.15881E-2 1.08151E-2 9.96653E-3 9.69489E-3 9.37797E-3 1.01797E-2 1.05437E-2 1.13548E-2 9.75045E-3 8.98935E-3 8.24872E-3 8.58628E-3 9.36918E-3 1.01752E-2 1.07295E-2 1.03383E-2 1.03986E-2 1.18113E-2 1.12524E-2 1.16799E-2 1.18705E-2 1.14049E-2 1.21806E-2 1.26391E-2 1.23537E-2 1.17216E-2 1.19776E-2 1.21732E-2 1.28251E-2 1.23455E-2 1.30885E-2 1.29312E-2 1.27901E-2 1.27651E-2 1.27531E-2 1.35707E-2 1.39373E-2 1.48866E-2 1.46034E-2 1.44904E-2 1.47261E-2 1.44821E-2 1.414E-2 1.47869E-2 1.49886E-2 1.5131E-2 1.53615E-2 1.56232E-2 1.60714E-2 1.55391E-2 1.50793E-2 1.44002E-2 1.43267E-2 1.4343E-2 1.4822E-2 1.62548E-2 1.58143E-2
1.27135E-2 1.24963E-2 1.22978E-2 1.24917E-2 1.23451E-2 1.23328E-2 1.18493E-2 1.0871E-2 1.03409E-2 1.05448E-2 1.07693E-2 1.15258E-2 1.0636E-2 1.01961E-2 9.28808E-3 9.81467E-3 1.04318E-2 1.04027E-2 1.08789E-2 1.09173E-2 1.13804E-2 1.22327E-2 1.23884E-2 1.30868E-2 1.27612E-2 1.21838E-2 1.18576E-2 1.19469E-2 1.21268E-2 1.09111E-2 1.14528E-2 1.20042E-2 1.17806E-2 1.18749E-2 1.20477E-2 1.28338E-2 1.2869E-2 1.28463E-2 1.28097E-2 1.33194E-2 1.36492E-2 1.4382E-2 1.34307E-2 1.34211E-2 1.47514E-2 1.49109E-2 1.43798E-2 1.41665E-2 1.52398E-2 1.53211E-2 1.57249E-2 1.59026E-2 1.56423E-2 1.62545E-2 1.5667E-2 1.53482E-2 1.49304E-2 1.48686E-2 1.49462E-2 1.57086E-2 1.63605E-2
1.24701E-2 1.23902E-2 1.31679E-2 1.29765E-2 1.2966E-2 1.28479E-2 1.28711E-2 1.27877E-2 1.20084E-2 1.15013E-2 1.04517E-2 1.04866E-2 1.12847E-2 1.14977E-2 1.06531E-2 1.07458E-2 1.13107E-2 1.14797E-2 1.19375E-2 1.23318E-2 1.25258E-2 1.28469E-2 1.32643E-2 1.33687E-2 1.34155E-2 1.24152E-2 1.18146E-2 1.15319E-2 1.22614E-2 1.2469E-2 1.22372E-2 1.09597E-2 1.0123E-2 1.13621E-2 1.2756E-2 1.29593E-2 1.27467E-2 1.20608E-2 1.27116E-2 1.30422E-2 1.38834E-2 1.46566E-2 1.34427E-2 1.41893E-2 1.49711E-2 1.43892E-2 1.3579E-2 1.41115E-2 1.51939E-2 1.54581E-2 1.51935E-2 1.51913E-2 1.50573E-2 1.55113E-2 1.64905E-2 1.5947E-2 1.55446E-2 1.5507E-2 1.54276E-2 1.66932E-2 1.70778E-2
1.2613E-2 1.21174E-2 1.30637E-2 1.31604E-2 1.32846E-2 1.35503E-2 1.35308E-2 1.3037E-2 1.27118E-2 1.27871E-2 1.18866E-2 1.09268E-2 1.11788E-2 1.16075E-2 1.17057E-2 1.20842E-2 1.26396E-2 1.28368E-2 1.30408E-2 1.2991E-2 1.29804E-2 1.34228E-2 1.40536E-2 1.40457E-2 1.39036E-2 1.33658E-2 1.28614E-2 1.26776E-2 1.31577E-2 1.34118E-2 1.39134E-2 1.28797E-2 1.04425E-2 1.01058E-2 1.25449E-2 1.32747E-2 1.40041E-2 1.33908E-2 1.38069E-2 1.44215E-2 1.54356E-2 1.57448E-2 1.50547E-2 1.48726E-2 1.45789E-2 1.40975E-2 1.35343E-2 1.41155E-2 1.50451E-2 1.53401E-2 1.43066E-2 1.44573E-2 1.46319E-2 1.60918E-2 1.6829E-2 1.67806E-2 1.66904E-2 1.6163E-2 1.68046E-2 1.68215E-2 1.69623E-2
1.29787E-2 1.2696E-2 1.30086E-2 1.2769E-2 1.1872E-2 1.3165E-2 1.39939E-2 1.39473E-2 1.36444E-2 1.31458E-2 1.28556E-2 1.25124E-2 1.2762E-2 1.30794E-2 1.31126E-2 1.3166E-2 1.34076E-2 1.36253E-2 1.37569E-2 1.34286E-2 1.37117E-2 1.42468E-2 1.42534E-2 1.44733E-2 1.39496E-2 1.35552E-2 1.37773E-2 1.31888E-2 1.41361E-2 1.47091E-2 1.48677E-2 1.4526E-2 1.32793E-2 1.16278E-2 1.27786E-2 1.3845E-2 1.41062E-2 1.43686E-2 1.48566E-2 1.57573E-2 1.63581E-2 1.65874E-2 1.65908E-2 1.65134E-2 1.60131E-2 1.50216E-2 1.46146E-2 1.44025E-2 1.4723E-2 1.54385E-2 1.42725E-2 1.44497E-2 1.50632E-2 1.63109E-2 1.70238E-2 1.72451E-2 1.70273E-2 1.73838E-2 1.69488E-2 1.68291E-2 1.76061E-2
1.36596E-2 1.3612E-2 1.35032E-2 1.339E-2 1.29428E-2 1.27412E-2 1.33529E-2 1.38645E-2 1.42066E-2 1.36356E-2 1.33567E-2 1.35568E-2 1.34384E-2 1.36749E-2 1.38916E-2 1.41127E-2 1.41982E-2 1.41816E-2 1.42245E-2 1.40617E-2 1.42151E-2 1.45155E-2 1.45404E-2 1.43644E-2 1.4476E-2 1.37624E-2 1.40437E-2 1.41066E-2 1.49057E-2 1.55551E-2 1.54977E-2 1.57433E-2 1.49962E-2 1.36529E-2 1.34306E-2 1.5016E-2 1.50818E-2 1.43262E-2 1.56846E-2 1.6705E-2 1.70921E-2 1.73956E-2 1.75683E-2 1.75076E-2 1.71553E-2 1.67434E-2 1.62732E-2 1.59563E-2 1.58127E-2 1.63171E-2 1.61617E-2 1.51401E-2 1.45374E-2 1.55778E-2 1.69521E-2 1.58883E-2 1.65953E-2 1.71214E-2 1.72358E-2 1.77781E-2 1.79489E-2
1.26475E-2 1.43017E-2 1.43312E-2 1.39792E-2 1.36115E-2 1.31139E-2 1.31868E-2 1.41229E-2 1.46802E-2 1.46098E-2 1.34681E-2 1.36951E-2 1.38732E-2 1.45293E-2 1.43831E-2 1.4453E-2 1.44244E-2 1.43565E-2 1.46048E-2 1.46023E-2 1.45085E-2 1.45701E-2 1.50774E-2 1.50496E-2 1.46068E-2 1.4308E-2 1.47474E-2 1.51921E-2 1.595E-2 1.63584E-2 1.6405E-2 1.5968E-2 1.57862E-2 1.53693E-2 1.49456E-2 1.5577E-2 1.64394E-2 1.67027E-2 1.68428E-2 1.67571E-2 1.75377E-2 1.80505E-2 1.82007E-2 1.81165E-2 1.75744E-2 1.69895E-2 1.79388E-2 1.77279E-2 1.73993E-2 1.69377E-2 1.6464E-2 1.60487E-2 1.47509E-2 1.57918E-2 1.75556E-2 1.73857E-2 1.78292E-2 1.75336E-2 1.73886E-2 1.71131E-2 1.74309E-2
1.25801E-2 1.43773E-2 1.50074E-2 1.43864E-2 1.39381E-2 1.36462E-2 1.36297E-2 1.34817E-2 1.4504E-2 1.42874E-2 1.36197E-2 1.29227E-2 1.2894E-2 1.37529E-2 1.39688E-2 1.39573E-2 1.48384E-2 1.52585E-2 1.52537E-2 1.51875E-2 1.51546E-2 1.52765E-2 1.53761E-2 1.565E-2 1.56274E-2 1.58016E-2 1.57741E-2 1.62817E-2 1.65608E-2 1.6763E-2 1.66627E-2 1.647E-2 1.61929E-2 1.66424E-2 1.67515E-2 1.73676E-2 1.74516E-2 1.76253E-2 1.68423E-2 1.67288E-2 1.76521E-2 1.84299E-2 1.87248E-2 1.89294E-2 1.87084E-2 1.8365E-2 1.8332E-2 1.82704E-2 1.81068E-2 1.76462E-2 1.76002E-2 1.71294E-2 1.65703E-2 1.72387E-2 1.80226E-2 1.8098E-2 1.73807E-2 1.72E-2 1.66089E-2 1.62353E-2 1.68058E-2
1.11332E-2 1.45737E-2 1.52301E-2 1.47062E-2 1.39774E-2 1.36617E-2 1.38598E-2 1.38358E-2 1.37692E-2 1.3616E-2 1.36653E-2 1.35698E-2 1.30088E-2 1.29193E-2 1.3772E-2 1.46203E-2 1.52059E-2 1.50166E-2 1.48538E-2 1.61572E-2 1.54616E-2 1.61917E-2 1.62236E-2 1.63321E-2 1.63424E-2 1.61411E-2 1.65914E-2 1.7193E-2 1.73387E-2 1.74899E-2 1.71152E-2 1.61486E-2 1.68738E-2 1.74062E-2 1.84132E-2 1.85458E-2 1.82316E-2 1.67399E-2 1.63049E-2 1.58306E-2 1.7181E-2 1.89506E-2 1.91375E-2 1.94596E-2 1.94469E-2 1.93278E-2 1.91681E-2 1.87266E-2 1.79702E-2 1.7118E-2 1.66472E-2 1.64088E-2 1.65887E-2 1.72963E-2 1.8344E-2 1.85147E-2 1.80107E-2 1.73534E-2 1.73783E-2 1.69668E-2 1.6538E-2
1.42548E-2 1.47483E-2 1.39188E-2 1.28853E-2 1.33238E-2 1.38778E-2 1.42851E-2 1.40148E-2 1.39072E-2 1.41138E-2 1.43509E-2 1.44749E-2 1.47014E-2 1.47254E-2 1.508E-2 1.5325E-2 1.49214E-2 1.41841E-2 1.51601E-2 1.63367E-2 1.60609E-2 1.58681E-2 1.64209E-2 1.66486E-2 1.66103E-2 1.67735E-2 1.64754E-2 1.6199E-2 1.77445E-2 1.74263E-2 1.68142E-2 1.6278E-2 1.83834E-2 1.88589E-2 1.91495E-2 1.89029E-2 1.72054E-2 1.66622E-2 1.72046E-2 1.76787E-2 1.86966E-2 1.95155E-2 1.98437E-2 1.98955E-2 1.99762E-2 2.00118E-2 1.95745E-2 1.85915E-2 1.8279E-2 1.69238E-2 1.58642E-2 1.52261E-2 1.51612E-2 1.66351E-2 1.8493E-2 1.87946E-2 1.77706E-2 1.71767E-2 1.71108E-2 1.73592E-2 1.69703E-2
1.37115E-2 1.36695E-2 1.28782E-2 1.30372E-2 1.38017E-2 1.43826E-2 1.46984E-2 1.49543E-2 1.50907E-2 1.58983E-2 1.59744E-2 1.56434E-2 1.5555E-2 1.54321E-2 1.58848E-2 1.60934E-2 1.56894E-2 1.55071E-2 1.52433E-2 1.52649E-2 1.67782E-2 1.6641E-2 1.68645E-2 1.60313E-2 1.63879E-2 1.56589E-2 1.50249E-2 1.59002E-2 1.68257E-2 1.79347E-2 1.77235E-2 1.83008E-2 1.90032E-2 1.88766E-2 1.88095E-2 1.90687E-2 1.88093E-2 1.8677E-2 1.90981E-2 1.92288E-2 1.98747E-2 2.01557E-2 2.02738E-2 2.02184E-2 2.02961E-2 2.01293E-2 1.97303E-2 1.83309E-2 1.74181E-2 1.62822E-2 1.57994E-2 1.49991E-2 1.4911E-2 1.64628E-2 1.84449E-2 1.82128E-2 1.70152E-2 1.65704E-2 1.6468E-2 1.70854E-2 1.64945E-2
1.39344E-2 1.49179E-2 1.45642E-2 1.45776E-2 1.48536E-2 1.52231E-2 1.52814E-2 1.53378E-2 1.64144E-2 1.70022E-2 1.71608E-2 1.68467E-2 1.72007E-2 1.72316E-2 1.72736E-2 1.72845E-2 1.7141E-2 1.74491E-2 1.72137E-2 1.7116E-2 1.72122E-2 1.75618E-2 1.69576E-2 1.72763E-2 1.67488E-2 1.61376E-2 1.69967E-2 1.70555E-2 1.74656E-2 1.73085E-2 1.84172E-2 1.86859E-2 1.97494E-2 1.92842E-2 1.88509E-2 1.82714E-2 1.84721E-2 1.88994E-2 1.96492E-2 2.03584E-2 2.04358E-2 2.06874E-2 2.09926E-2 2.06307E-2 2.04005E-2 2.03068E-2 1.9182E-2 1.85902E-2 1.72444E-2 1.64361E-2 1.6051E-2 1.55907E-2 1.60451E-2 1.56882E-2 1.82236E-2 1.87028E-2 1.61634E-2 1.52852E-2 1.65308E-2 1.63934E-2 1.5751E-2
