Artocarpus heterophyllus SDM files/Last interglacial/results (with bias file)/Arthet_avg.asc
ncols         625
nrows         721
xllcorner     69.99986311115
yllcorner     5.99986151914999
cellsize      0.041666667
NODATA_value  -9999
[rows 189 to 215 of 721, columns 183 to 243 of 625]
5.50134E-1 5.53661E-1 5.5413E-1 5.53812E-1 5.57434E-1 5.63881E-1 5.66662E-1 5.60545E-1 5.68324E-1 5.64327E-1 5.74318E-1 5.74432E-1 5.75299E-1 5.7612E-1 5.74326E-1 5.74629E-1 5.74755E-1 5.75437E-1 5.79954E-1 5.76901E-1 5.76796E-1 5.74421E-1 5.74875E-1 5.75292E-1 5.73385E-1 5.77137E-1 5.77933E-1 5.77019E-1 5.77666E-1 5.80697E-1 5.82313E-1 5.85618E-1 5.86023E-1 5.8664E-1 5.87207E-1 5.88129E-1 5.91792E-1 5.92673E-1 5.90537E-1 5.90995E-1 5.91608E-1 5.93003E-1 5.93461E-1 5.96185E-1 5.93785E-1 6.0383E-1 6.05523E-1 6.03561E-1 5.94624E-1 5.93354E-1 5.91627E-1 5.89342E-1 5.96652E-1 5.91563E-1 5.98876E-1 5.99565E-1 5.95571E-1 5.93683E-1 5.946E-1 5.95678E-1 5.94945E-1
5.52702E-1 5.5334E-1 5.53828E-1 5.56433E-1 5.56153E-1 5.59287E-1 5.67042E-1 5.6979E-1 5.65677E-1 5.72679E-1 5.74255E-1 5.7423E-1 5.72487E-1 5.72665E-1 5.73947E-1 5.74591E-1 5.74894E-1 5.75387E-1 5.78256E-1 5.79002E-1 5.75772E-1 5.76227E-1 5.76577E-1 5.77896E-1 5.76063E-1 5.76101E-1 5.82804E-1 5.79053E-1 5.77323E-1 5.84421E-1 5.80583E-1 5.81794E-1 5.82094E-1 5.86235E-1 5.86692E-1 5.8739E-1 5.87966E-1 5.9172E-1 5.89958E-1 5.96952E-1 5.9679E-1 5.95521E-1 5.90256E-1 5.93127E-1 5.97288E-1 5.96186E-1 5.9929E-1 5.99979E-1 5.98249E-1 5.96601E-1 5.95299E-1 5.93949E-1 5.93701E-1 5.94388E-1 5.94923E-1 5.84779E-1 5.92848E-1 5.92996E-1 5.93913E-1 5.93333E-1 5.91068E-1
5.52552E-1 5.52763E-1 5.56259E-1 5.56898E-1 5.58833E-1 5.59246E-1 5.5949E-1 5.6301E-1 5.63349E-1 5.65966E-1 5.66457E-1 5.7197E-1 5.7541E-1 5.72878E-1 5.73029E-1 5.77106E-1 5.74705E-1 5.77599E-1 5.7813E-1 5.75648E-1 5.76205E-1 5.76179E-1 5.76265E-1 5.76948E-1 5.75873E-1 5.76025E-1 5.76632E-1 5.77207E-1 5.78252E-1 5.80364E-1 5.80829E-1 5.78863E-1 5.7989E-1 5.83042E-1 5.84792E-1 5.81933E-1 5.85534E-1 5.89322E-1 5.89731E-1 5.86496E-1 5.94524E-1 5.94988E-1 5.93107E-1 5.94463E-1 5.94692E-1 5.92395E-1 5.98817E-1 5.97103E-1 5.95374E-1 5.95913E-1 5.96371E-1 5.92411E-1 5.92869E-1 5.9393E-1 5.9299E-1 5.90856E-1 5.91314E-1 5.89278E-1 5.93225E-1 5.92875E-1 5.93104E-1
5.55198E-1 5.52538E-1 5.5529E-1 5.55688E-1 5.60753E-1 5.61986E-1 5.59299E-1 5.624E-1 5.62777E-1 5.63949E-1 5.64477E-1 5.65933E-1 5.68347E-1 5.78928E-1 5.7309E-1 5.76187E-1 5.76718E-1 5.76642E-1 5.77902E-1 5.77927E-1 5.78927E-1 5.79496E-1 5.76432E-1 5.73979E-1 5.74509E-1 5.72792E-1 5.79852E-1 5.76299E-1 5.79744E-1 5.78328E-1 5.79125E-1 5.77507E-1 5.81778E-1 5.82637E-1 5.83254E-1 5.83514E-1 5.84503E-1 5.86231E-1 5.94073E-1 5.88304E-1 5.88301E-1 5.86895E-1 5.87351E-1 5.88666E-1 5.91152E-1 5.9288E-1 5.93194E-1 5.91253E-1 5.93832E-1 5.93565E-1 5.94023E-1 5.92296E-1 5.90145E-1 5.91143E-1 5.92058E-1 5.89548E-1 5.90627E-1 5.91393E-1 5.90195E-1 5.91111E-1 5.91945E-1
5.47637E-1 5.47625E-1 5.51192E-1 5.58121E-1 5.58369E-1 5.61129E-1 5.64582E-1 5.61932E-1 5.62362E-1 5.62739E-1 5.66377E-1 5.67042E-1 5.70813E-1 5.71267E-1 5.6984E-1 5.76058E-1 5.72033E-1 5.74279E-1 5.74431E-1 5.74431E-1 5.78192E-1 5.76297E-1 5.74489E-1 5.76562E-1 5.74677E-1 5.72452E-1 5.82302E-1 5.82948E-1 5.80649E-1 5.75027E-1 5.76534E-1 5.77065E-1 5.78022E-1 5.76759E-1 5.7824E-1 5.79046E-1 5.79145E-1 5.86864E-1 5.88212E-1 5.87983E-1 5.88012E-1 5.8642E-1 5.86895E-1 5.87351E-1 5.8999E-1 5.90905E-1 5.91133E-1 5.90939E-1 5.91336E-1 5.92252E-1 5.9271E-1 5.93168E-1 5.88833E-1 5.9699E-1 5.91371E-1 5.89709E-1 5.87286E-1 5.88201E-1 5.88658E-1 5.89574E-1 5.91029E-1
5.48062E-1 5.50657E-1 5.56638E-1 5.60575E-1 5.6129E-1 5.57283E-1 5.63688E-1 5.64846E-1 5.65261E-1 5.65053E-1 5.65242E-1 5.68804E-1 5.70359E-1 5.71192E-1 5.68668E-1 5.69009E-1 5.74866E-1 5.69372E-1 5.7173E-1 5.69697E-1 5.72411E-1 5.74145E-1 5.74524E-1 5.75016E-1 5.74617E-1 5.70402E-1 5.79632E-1 5.7744E-1 5.78056E-1 5.69939E-1 5.72819E-1 5.73349E-1 5.7512E-1 5.76376E-1 5.79704E-1 5.8513E-1 5.79534E-1 5.8383E-1 5.80586E-1 5.90456E-1 5.88131E-1 5.85587E-1 5.84255E-1 5.84712E-1 5.87351E-1 5.87808E-1 5.90676E-1 5.88508E-1 5.90127E-1 5.9194E-1 5.92985E-1 5.97058E-1 5.97746E-1 5.93407E-1 5.97219E-1 5.95011E-1 5.93502E-1 5.94273E-1 5.94813E-1 5.86248E-1 5.8972E-1
5.47611E-1 5.47448E-1 5.52706E-1 5.52827E-1 5.53593E-1 5.57298E-1 5.63743E-1 5.57346E-1 5.64235E-1 5.67918E-1 5.68275E-1 5.68825E-1 5.69239E-1 5.69865E-1 5.71419E-1 5.66819E-1 5.74278E-1 5.65428E-1 5.68749E-1 5.72165E-1 5.70185E-1 5.70352E-1 5.70466E-1 5.71823E-1 5.70373E-1 5.70714E-1 5.68148E-1 5.68662E-1 5.71851E-1 5.79164E-1 5.74809E-1 5.7118E-1 5.72088E-1 5.7258E-1 5.76924E-1 5.78043E-1 5.78742E-1 5.76039E-1 5.79046E-1 5.87269E-1 5.88274E-1 5.87253E-1 5.83171E-1 5.83608E-1 5.84077E-1 5.8758E-1 5.85413E-1 5.86099E-1 5.89408E-1 5.90094E-1 5.91009E-1 5.94915E-1 5.95216E-1 5.94844E-1 5.93407E-1 5.94323E-1 5.94865E-1 5.95324E-1 5.95782E-1 5.94284E-1 5.91195E-1
5.47498E-1 5.50159E-1 5.5018E-1 5.53052E-1 5.53428E-1 5.56498E-1 5.5775E-1 5.57497E-1 5.60257E-1 5.66966E-1 5.67842E-1 5.68711E-1 5.69088E-1 5.67374E-1 5.65418E-1 5.66781E-1 5.62229E-1 5.69144E-1 5.69163E-1 5.6952E-1 5.66357E-1 5.70768E-1 5.70881E-1 5.68843E-1 5.66361E-1 5.70053E-1 5.71281E-1 5.69128E-1 5.6824E-1 5.72305E-1 5.70788E-1 5.71059E-1 5.7457E-1 5.7261E-1 5.75941E-1 5.73557E-1 5.74828E-1 5.75664E-1 5.76375E-1 5.86088E-1 5.86716E-1 5.87563E-1 5.85192E-1 5.83352E-1 5.90353E-1 5.92839E-1 5.86709E-1 5.86083E-1 5.93378E-1 5.94065E-1 5.94523E-1 5.94996E-1 5.96113E-1 5.93188E-1 5.92949E-1 5.93865E-1 5.94552E-1 5.94781E-1 5.93284E-1 5.93742E-1 5.92245E-1
5.40141E-1 5.4599E-1 5.41377E-1 5.49839E-1 5.53578E-1 5.56648E-1 5.56949E-1 5.54317E-1 5.57873E-1 5.58099E-1 5.58004E-1 5.59674E-1 5.67369E-1 5.65279E-1 5.62933E-1 5.63067E-1 5.63444E-1 5.62229E-1 5.62531E-1 5.62474E-1 5.6918E-1 5.66695E-1 5.68558E-1 5.69012E-1 5.68563E-1 5.69054E-1 5.67683E-1 5.66272E-1 5.66394E-1 5.7053E-1 5.6979E-1 5.704E-1 5.71551E-1 5.72383E-1 5.72989E-1 5.73784E-1 5.74322E-1 5.72461E-1 5.79948E-1 5.84137E-1 5.85094E-1 5.85743E-1 5.7957E-1 5.83028E-1 5.83921E-1 5.8148E-1 5.8637E-1 5.88643E-1 5.89661E-1 5.93607E-1 5.95096E-1 5.94827E-1 5.9544E-1 5.90319E-1 5.90579E-1 5.92319E-1 5.93006E-1 5.9128E-1 5.90557E-1 5.91244E-1 5.91702E-1
5.47095E-1 5.3958E-1 5.47297E-1 5.50617E-1 5.50438E-1 5.54004E-1 5.52456E-1 5.52718E-1 5.5523E-1 5.56444E-1 5.56707E-1 5.57901E-1 5.6481E-1 5.64027E-1 5.62707E-1 5.63607E-1 5.60907E-1 5.61806E-1 5.62845E-1 5.6292E-1 5.63184E-1 5.66788E-1 5.58363E-1 5.58514E-1 5.66209E-1 5.66285E-1 5.66927E-1 5.67985E-1 5.69043E-1 5.70778E-1 5.72851E-1 5.67816E-1 5.71261E-1 5.69162E-1 5.69653E-1 5.70296E-1 5.71994E-1 5.72569E-1 5.79769E-1 5.7354E-1 5.80564E-1 5.81181E-1 5.8391E-1 5.81925E-1 5.82424E-1 5.80167E-1 5.80536E-1 5.81856E-1 5.86611E-1 5.83059E-1 5.92973E-1 5.93431E-1 5.91934E-1 5.89308E-1 5.90319E-1 5.9088E-1 5.91763E-1 5.90038E-1 5.91621E-1 5.88187E-1 5.90385E-1
5.47743E-1 5.4311E-1 5.4527E-1 5.41639E-1 5.44511E-1 5.51704E-1 5.52117E-1 5.53332E-1 5.53003E-1 5.53303E-1 5.5429E-1 5.57713E-1 5.55972E-1 5.5313E-1 5.55567E-1 5.62966E-1 5.63343E-1 5.6143E-1 5.61522E-1 5.6156E-1 5.61861E-1 5.60798E-1 5.60913E-1 5.58534E-1 5.65757E-1 5.6275E-1 5.6456E-1 5.65541E-1 5.6641E-1 5.75705E-1 5.75949E-1 5.68531E-1 5.6925E-1 5.71753E-1 5.69455E-1 5.69956E-1 5.70599E-1 5.71431E-1 5.72233E-1 5.81339E-1 5.81711E-1 5.8016E-1 5.80644E-1 5.81796E-1 5.79377E-1 5.89322E-1 5.84732E-1 5.84976E-1 5.88438E-1 5.89176E-1 5.90178E-1 5.90865E-1 5.91629E-1 5.91626E-1 5.89379E-1 5.89685E-1 5.98144E-1 5.96188E-1 5.91305E-1 5.91992E-1 5.96449E-1
5.41193E-1 5.47195E-1 5.47038E-1 5.48261E-1 5.44536E-1 5.51605E-1 5.45544E-1 5.52267E-1 5.54793E-1 5.55972E-1 5.51191E-1 5.54697E-1 5.55722E-1 5.5298E-1 5.55395E-1 5.62017E-1 5.62318E-1 5.61221E-1 5.59267E-1 5.59213E-1 5.57209E-1 5.57284E-1 5.57848E-1 5.58643E-1 5.65925E-1 5.65853E-1 5.64446E-1 5.64297E-1 5.65278E-1 5.73405E-1 5.67069E-1 5.72196E-1 5.71629E-1 5.71617E-1 5.72018E-1 5.72623E-1 5.70182E-1 5.70901E-1 5.80568E-1 5.8122E-1 5.81567E-1 5.81955E-1 5.79388E-1 5.79956E-1 5.85842E-1 5.79525E-1 5.80709E-1 5.87454E-1 5.8514E-1 5.85606E-1 5.8959E-1 5.90331E-1 5.91573E-1 5.9017E-1 5.88775E-1 5.87425E-1 5.87733E-1 5.88419E-1 5.90213E-1 5.97281E-1 5.95127E-1
5.44124E-1 5.37503E-1 5.4336E-1 5.51106E-1 5.44274E-1 5.44636E-1 5.47563E-1 5.4532E-1 5.45992E-1 5.52791E-1 5.50929E-1 5.54622E-1 5.54885E-1 5.48227E-1 5.52905E-1 5.51056E-1 5.53303E-1 5.5349E-1 5.59191E-1 5.59101E-1 5.57058E-1 5.57509E-1 5.57773E-1 5.58036E-1 5.56493E-1 5.56907E-1 5.63805E-1 5.64295E-1 5.64636E-1 5.65655E-1 5.65862E-1 5.67296E-1 5.71464E-1 5.69086E-1 5.68293E-1 5.68576E-1 5.70022E-1 5.70712E-1 5.71355E-1 5.74205E-1 5.81258E-1 5.79067E-1 5.82183E-1 5.79747E-1 5.80476E-1 5.78969E-1 5.79569E-1 5.80793E-1 5.87798E-1 5.85178E-1 5.8585E-1 5.88874E-1 5.89964E-1 5.86992E-1 5.87064E-1 5.88833E-1 5.87427E-1 5.94565E-1 5.89756E-1 5.90213E-1 5.89365E-1
5.43245E-1 5.39644E-1 5.41155E-1 5.44003E-1 5.44368E-1 5.48785E-1 5.49384E-1 5.45046E-1 5.43664E-1 5.52641E-1 5.53293E-1 5.48052E-1 5.48757E-1 5.52508E-1 5.52734E-1 5.53857E-1 5.51056E-1 5.53431E-1 5.53768E-1 5.52457E-1 5.49456E-1 5.57171E-1 5.57359E-1 5.57698E-1 5.58488E-1 5.55945E-1 5.56678E-1 5.58035E-1 5.57643E-1 5.64883E-1 5.67872E-1 5.66088E-1 5.66881E-1 5.68541E-1 5.69363E-1 5.7231E-1 5.7284E-1 5.70022E-1 5.70863E-1 5.72005E-1 5.78924E-1 5.79235E-1 5.79564E-1 5.79895E-1 5.80251E-1 5.76473E-1 5.76976E-1 5.79537E-1 5.79732E-1 5.84116E-1 5.8524E-1 5.88916E-1 5.89587E-1 5.86603E-1 5.86613E-1 5.84553E-1 5.85865E-1 5.86557E-1 5.87961E-1 5.88419E-1 5.97668E-1
5.42594E-1 5.40048E-1 5.39571E-1 5.44227E-1 5.44302E-1 5.41536E-1 5.42864E-1 5.40236E-1 5.45681E-1 5.42974E-1 5.46566E-1 5.47881E-1 5.45184E-1 5.4506E-1 5.46121E-1 5.46532E-1 5.53146E-1 5.53109E-1 5.51469E-1 5.50197E-1 5.49494E-1 5.52255E-1 5.52443E-1 5.50888E-1 5.51788E-1 5.58601E-1 5.59336E-1 5.56828E-1 5.5758E-1 5.61338E-1 5.67214E-1 5.68137E-1 5.69195E-1 5.67785E-1 5.68428E-1 5.62128E-1 5.72499E-1 5.72197E-1 5.7107E-1 5.73751E-1 5.74471E-1 5.72573E-1 5.79083E-1 5.76094E-1 5.80205E-1 5.76215E-1 5.7649E-1 5.76943E-1 5.77203E-1 5.84345E-1 5.84557E-1 5.84583E-1 5.88851E-1 5.88248E-1 5.85312E-1 5.8455E-1 5.84942E-1 5.86109E-1 5.8916E-1 5.86862E-1 5.90118E-1
5.41958E-1 5.35528E-1 5.42669E-1 5.44742E-1 5.45004E-1 5.44526E-1 5.4202E-1 5.42232E-1 5.43374E-1 5.37291E-1 5.44374E-1 5.45663E-1 5.45925E-1 5.45321E-1 5.45097E-1 5.46383E-1 5.46619E-1 5.44615E-1 5.51372E-1 5.50085E-1 5.50197E-1 5.49995E-1 5.50519E-1 5.50707E-1 5.49079E-1 5.49716E-1 5.56972E-1 5.59675E-1 5.57354E-1 5.57973E-1 5.58424E-1 5.66871E-1 5.68855E-1 5.67332E-1 5.68087E-1 5.68541E-1 5.71918E-1 5.69122E-1 5.69841E-1 5.71315E-1 5.72234E-1 5.70133E-1 5.70512E-1 5.79977E-1 5.80527E-1 5.7571E-1 5.74989E-1 5.75572E-1 5.76107E-1 5.77123E-1 5.8394E-1 5.84493E-1 5.84535E-1 5.87987E-1 5.84927E-1 5.82759E-1 5.82271E-1 5.85865E-1 5.86417E-1 5.86249E-1 5.89029E-1
5.36543E-1 5.38275E-1 5.35894E-1 5.44209E-1 5.35512E-1 5.43312E-1 5.43722E-1 5.40518E-1 5.40431E-1 5.41833E-1 5.38131E-1 5.38233E-1 5.38531E-1 5.43417E-1 5.45769E-1 5.4552E-1 5.46748E-1 5.44664E-1 5.42589E-1 5.42701E-1 5.49656E-1 5.47738E-1 5.50369E-1 5.50594E-1 5.50969E-1 5.55086E-1 5.55574E-1 5.57047E-1 5.5797E-1 5.58068E-1 5.58236E-1 5.66796E-1 5.67816E-1 5.68383E-1 5.66898E-1 5.68087E-1 5.68881E-1 5.69387E-1 5.65795E-1 5.69689E-1 5.70446E-1 5.70986E-1 5.78289E-1 5.72282E-1 5.81088E-1 5.70782E-1 5.75569E-1 5.7305E-1 5.7337E-1 5.73742E-1 5.73953E-1 5.84168E-1 5.84477E-1 5.83401E-1 5.83027E-1 5.84782E-1 5.83639E-1 5.84565E-1 5.86035E-1 5.88979E-1 5.85499E-1
5.39169E-1 5.38637E-1 5.35586E-1 5.39971E-1 5.35326E-1 5.35772E-1 5.42688E-1 5.44133E-1 5.43562E-1 5.40804E-1 5.41161E-1 5.42713E-1 5.38568E-1 5.35911E-1 5.43753E-1 5.46411E-1 5.44233E-1 5.44419E-1 5.44531E-1 5.42626E-1 5.50006E-1 5.4724E-1 5.47165E-1 5.50856E-1 5.51044E-1 5.51456E-1 5.49109E-1 5.49596E-1 5.56797E-1 5.60371E-1 5.61162E-1 5.58386E-1 5.59214E-1 5.61786E-1 5.66989E-1 5.67064E-1 5.67442E-1 5.68957E-1 5.6538E-1 5.69538E-1 5.70257E-1 5.70597E-1 5.71024E-1 5.7425E-1 5.70332E-1 5.71157E-1 5.74439E-1 5.74902E-1 5.7305E-1 5.7329E-1 5.73565E-1 5.80536E-1 5.81072E-1 5.82509E-1 5.81618E-1 5.81489E-1 5.82114E-1 5.83963E-1 5.84581E-1 5.84889E-1 5.85961E-1
5.33244E-1 5.30724E-1 5.30084E-1 5.37138E-1 5.36233E-1 5.39029E-1 5.36397E-1 5.36806E-1 5.35343E-1 5.42218E-1 5.41609E-1 5.4187E-1 5.43273E-1 5.43412E-1 5.39163E-1 5.37527E-1 5.42206E-1 5.42169E-1 5.44494E-1 5.44531E-1 5.44445E-1 5.43316E-1 5.43376E-1 5.47427E-1 5.50096E-1 5.50508E-1 5.51756E-1 5.52281E-1 5.52325E-1 5.59291E-1 5.59874E-1 5.60477E-1 5.61259E-1 5.5895E-1 5.61598E-1 5.63144E-1 5.67442E-1 5.68311E-1 5.63981E-1 5.6466E-1 5.65871E-1 5.72876E-1 5.73331E-1 5.73747E-1 5.6965E-1 5.70395E-1 5.67779E-1 5.75568E-1 5.6862E-1 5.75622E-1 5.72957E-1 5.73565E-1 5.74067E-1 5.74356E-1 5.81358E-1 5.78714E-1 5.78467E-1 5.83627E-1 5.83855E-1 5.84456E-1 5.82944E-1
5.32432E-1 5.31094E-1 5.33997E-1 5.3075E-1 5.38552E-1 5.3712E-1 5.36813E-1 5.37252E-1 5.34797E-1 5.35019E-1 5.36569E-1 5.33995E-1 5.38518E-1 5.43572E-1 5.35175E-1 5.39326E-1 5.34754E-1 5.3468E-1 5.36036E-1 5.42418E-1 5.44669E-1 5.42517E-1 5.42629E-1 5.43674E-1 5.43381E-1 5.50358E-1 5.43866E-1 5.50883E-1 5.54715E-1 5.52588E-1 5.53263E-1 5.60062E-1 5.57814E-1 5.60611E-1 5.60966E-1 5.60359E-1 5.6121E-1 5.65467E-1 5.66298E-1 5.62803E-1 5.62538E-1 5.62701E-1 5.6976E-1 5.67973E-1 5.68238E-1 5.69801E-1 5.70358E-1 5.71729E-1 5.69822E-1 5.74321E-1 5.74263E-1 5.74941E-1 5.75247E-1 5.73435E-1 5.73857E-1 5.71279E-1 5.71404E-1 5.79352E-1 5.80302E-1 5.81726E-1 5.82816E-1
5.32988E-1 5.33174E-1 5.32925E-1 5.31084E-1 5.30569E-1 5.30148E-1 5.31071E-1 5.27807E-1 5.38982E-1 5.36357E-1 5.36691E-1 5.33716E-1 5.3468E-1 5.35137E-1 5.38596E-1 5.31988E-1 5.35386E-1 5.37936E-1 5.34865E-1 5.34891E-1 5.3595E-1 5.42493E-1 5.40642E-1 5.40627E-1 5.4401E-1 5.44458E-1 5.41953E-1 5.53369E-1 5.53406E-1 5.51489E-1 5.55654E-1 5.5618E-1 5.53507E-1 5.61117E-1 5.61758E-1 5.61964E-1 5.59675E-1 5.58406E-1 5.58519E-1 5.65958E-1 5.6663E-1 5.63119E-1 5.67575E-1 5.65106E-1 5.65659E-1 5.68351E-1 5.70132E-1 5.68533E-1 5.68156E-1 5.71877E-1 5.69496E-1 5.72276E-1 5.72568E-1 5.72771E-1 5.69915E-1 5.72498E-1 5.70931E-1 5.74853E-1 5.82202E-1 5.83063E-1 5.8118E-1
5.27136E-1 5.34108E-1 5.3608E-1 5.33665E-1 5.33888E-1 5.28856E-1 5.29476E-1 5.2777E-1 5.28695E-1 5.29255E-1 5.33097E-1 5.33672E-1 5.36906E-1 5.32974E-1 5.35183E-1 5.35313E-1 5.31701E-1 5.37973E-1 5.37701E-1 5.37813E-1 5.37738E-1 5.34965E-1 5.4253E-1 5.42629E-1 5.42912E-1 5.43435E-1 5.4701E-1 5.44575E-1 5.51407E-1 5.5384E-1 5.54553E-1 5.55134E-1 5.56368E-1 5.56349E-1 5.54633E-1 5.61871E-1 5.60203E-1 5.60559E-1 5.61125E-1 5.69253E-1 5.56937E-1 5.6428E-1 5.64884E-1 5.63113E-1 5.59082E-1 5.68405E-1 5.69262E-1 5.70182E-1 5.68005E-1 5.63743E-1 5.64867E-1 5.6517E-1 5.65481E-1 5.72276E-1 5.69267E-1 5.69348E-1 5.6866E-1 5.7649E-1 5.72607E-1 5.73352E-1 5.7146E-1
5.29462E-1 5.29315E-1 5.29328E-1 5.29914E-1 5.27656E-1 5.25344E-1 5.30223E-1 5.22449E-1 5.26051E-1 5.31213E-1 5.32837E-1 5.31529E-1 5.31269E-1 5.31084E-1 5.36952E-1 5.38301E-1 5.35052E-1 5.34793E-1 5.31134E-1 5.31171E-1 5.31319E-1 5.38036E-1 5.37776E-1 5.44401E-1 5.39544E-1 5.45387E-1 5.45686E-1 5.46172E-1 5.47459E-1 5.47741E-1 5.54923E-1 5.55691E-1 5.53228E-1 5.55474E-1 5.56038E-1 5.56489E-1 5.55888E-1 5.63073E-1 5.58349E-1 5.59119E-1 5.59345E-1 5.59045E-1 5.66267E-1 5.59883E-1 5.60373E-1 5.61758E-1 5.59409E-1 5.69187E-1 5.67892E-1 5.64442E-1 5.6339E-1 5.63955E-1 5.64755E-1 5.65066E-1 5.65292E-1 5.71905E-1 5.69153E-1 5.71702E-1 5.74823E-1 5.72268E-1 5.70667E-1
5.26353E-1 5.23502E-1 5.26131E-1 5.3092E-1 5.27545E-1 5.28581E-1 5.24264E-1 5.24237E-1 5.2819E-1 5.25029E-1 5.29425E-1 5.29758E-1 5.29467E-1 5.29017E-1 5.31188E-1 5.30631E-1 5.38189E-1 5.3335E-1 5.3746E-1 5.37274E-1 5.33955E-1 5.34215E-1 5.39946E-1 5.3785E-1 5.40393E-1 5.40952E-1 5.4535E-1 5.45799E-1 5.46247E-1 5.46621E-1 5.48078E-1 5.48747E-1 5.55316E-1 5.55787E-1 5.56257E-1 5.54036E-1 5.54361E-1 5.54206E-1 5.60708E-1 5.5195E-1 5.59233E-1 5.59174E-1 5.56883E-1 5.54434E-1 5.58011E-1 5.64596E-1 5.57633E-1 5.58834E-1 5.56308E-1 5.54721E-1 5.63887E-1 5.64792E-1 5.61457E-1 5.62022E-1 5.64634E-1 5.61995E-1 5.6268E-1 5.62631E-1 5.66974E-1 5.71474E-1 5.71945E-1
5.23501E-1 5.23722E-1 5.23478E-1 5.24289E-1 5.20746E-1 5.27583E-1 5.29395E-1 5.2749E-1 5.28929E-1 5.26369E-1 5.23685E-1 5.30595E-1 5.30224E-1 5.28274E-1 5.30047E-1 5.34176E-1 5.30828E-1 5.30457E-1 5.31428E-1 5.35428E-1 5.33116E-1 5.33517E-1 5.33517E-1 5.33443E-1 5.40393E-1 5.40728E-1 5.40976E-1 5.38293E-1 5.39652E-1 5.42956E-1 5.50028E-1 5.50553E-1 5.51041E-1 5.49331E-1 5.49744E-1 5.56878E-1 5.55156E-1 5.53665E-1 5.51185E-1 5.53465E-1 5.54603E-1 5.61576E-1 5.5964E-1 5.57222E-1 5.54747E-1 5.60199E-1 5.59017E-1 5.55181E-1 5.55502E-1 5.56116E-1 5.55021E-1 5.5148E-1 5.55345E-1 5.64566E-1 5.65547E-1 5.63992E-1 5.61128E-1 5.62567E-1 5.6412E-1 5.62187E-1 5.63186E-1
5.17997E-1 5.18147E-1 5.22995E-1 5.24216E-1 5.21434E-1 5.24392E-1 5.24542E-1 5.24236E-1 5.28423E-1 5.25851E-1 5.25553E-1 5.26583E-1 5.26612E-1 5.22653E-1 5.3226E-1 5.32291E-1 5.28873E-1 5.29975E-1 5.32969E-1 5.32317E-1 5.33233E-1 5.36822E-1 5.35527E-1 5.32555E-1 5.33801E-1 5.3395E-1 5.34506E-1 5.38368E-1 5.38686E-1 5.42657E-1 5.43195E-1 5.43793E-1 5.50778E-1 5.51341E-1 5.49107E-1 5.50434E-1 5.48461E-1 5.55233E-1 5.53629E-1 5.53911E-1 5.51206E-1 5.52289E-1 5.53481E-1 5.57659E-1 5.55123E-1 5.57863E-1 5.55371E-1 5.55596E-1 5.55445E-1 5.55907E-1 5.54546E-1 5.54207E-1 5.51679E-1 5.54781E-1 5.55495E-1 5.61625E-1 5.63615E-1 5.60827E-1 5.62605E-1 5.61321E-1 5.65167E-1
5.20319E-1 5.17297E-1 5.19917E-1 5.26646E-1 5.24511E-1 5.24468E-1 5.22725E-1 5.22442E-1 5.20738E-1 5.22282E-1 5.28412E-1 5.25553E-1 5.26509E-1 5.26427E-1 5.25613E-1 5.25937E-1 5.25106E-1 5.29113E-1 5.3246E-1 5.30253E-1 5.30144E-1 5.31058E-1 5.37558E-1 5.33771E-1 5.30877E-1 5.35019E-1 5.3513E-1 5.34952E-1 5.41706E-1 5.41983E-1 5.42206E-1 5.4383E-1 5.44167E-1 5.51229E-1 5.51717E-1 5.49758E-1 5.50343E-1 5.47795E-1 5.46065E-1 5.47184E-1 5.541E-1 5.52214E-1 5.50106E-1 5.4746E-1 5.4761E-1 5.49791E-1 5.57449E-1 5.54719E-1 5.55296E-1 5.55371E-1 5.50789E-1 5.57627E-1 5.53693E-1 5.53601E-1 5.57722E-1 5.52746E-1 5.58173E-1 5.61466E-1 5.58258E-1 5.59928E-1 5.64184E-1
