Artocarpus heterophyllus SDM files/Last interglacial/results (with bias file)/Arthet_9.asc
ncols         625
nrows         721
xllcorner     69.99986311115
yllcorner     5.99986151914999
cellsize      0.041666667
NODATA_value  -9999
[rows 513 to 539 of 721, columns 122 to 182 of 625]
6.83927E-1 6.71114E-1 6.511E-1 6.36998E-1 6.34112E-1 6.18052E-1 6.04578E-1 5.90006E-1 5.86895E-1 5.74192E-1 5.67325E-1 5.71383E-1 5.77409E-1 5.70734E-1 5.76699E-1 6.03191E-1 5.95006E-1 5.91208E-1 5.75685E-1 5.88416E-1 5.75717E-1 5.67474E-1 5.76707E-1 6.01219E-1 5.1566E-1 5.80687E-1 5.72545E-1 6.12828E-1 5.02015E-1 4.61337E-1 5.90986E-1 5.82324E-1 3.76471E-1 3.08111E-1 2.684E-1 2.54465E-1 3.16728E-1 4.01953E-1 2.99419E-1 2.25676E-1 2.38196E-1 2.67519E-1 1.75938E-1 1.66361E-1 1.66178E-1 1.6832E-1 1.62806E-1 2.02155E-1 2.51987E-1 2.51935E-1 2.32001E-1 1.94702E-1 1.32521E-1 2.34994E-1 2.45583E-1 1.83154E-1 1.28483E-1 1.1995E-1 1.32745E-1 1.44367E-1 1.81188E-1
6.89468E-1 6.79083E-1 6.62183E-1 6.43623E-1 6.34385E-1 6.24272E-1 6.1467E-1 6.02439E-1 5.8909E-1 5.82112E-1 5.72233E-1 5.74621E-1 5.73607E-1 5.70132E-1 5.75346E-1 5.83458E-1 6.00383E-1 6.08012E-1 5.93195E-1 5.82174E-1 5.78779E-1 5.7512E-1 5.7135E-1 6.08189E-1 4.66169E-1 5.97906E-1 5.67527E-1 5.64616E-1 5.97705E-1 4.96226E-1 5.62236E-1 3.7892E-1 2.95309E-1 2.9699E-1 2.68414E-1 2.52721E-1 3.52453E-1 2.86891E-1 2.31834E-1 2.19016E-1 2.08711E-1 1.81462E-1 1.70409E-1 1.51364E-1 1.68329E-1 2.06832E-1 2.27834E-1 2.59354E-1 2.1833E-1 2.61097E-1 1.8759E-1 1.43026E-1 1.30745E-1 2.06179E-1 2.59615E-1 1.46806E-1 1.17638E-1 1.18211E-1 1.32898E-1 1.45896E-1 1.64882E-1
7.14903E-1 7.03516E-1 6.80206E-1 6.45504E-1 6.27204E-1 6.25183E-1 6.17557E-1 6.08182E-1 5.98401E-1 5.85364E-1 5.81589E-1 5.71392E-1 5.74386E-1 5.73531E-1 5.70919E-1 5.77985E-1 6.04873E-1 6.14894E-1 5.91897E-1 5.85611E-1 5.79311E-1 5.78182E-1 5.70341E-1 5.93863E-1 4.98255E-1 5.43136E-1 5.68936E-1 5.59681E-1 6.07226E-1 4.62399E-1 3.66561E-1 3.96812E-1 2.97206E-1 2.94919E-1 2.54733E-1 3.39739E-1 3.54849E-1 2.68243E-1 2.00749E-1 1.77571E-1 1.73192E-1 1.6148E-1 1.53707E-1 1.72594E-1 2.00892E-1 2.49743E-1 2.56223E-1 3.08321E-1 2.32492E-1 1.91469E-1 1.39903E-1 1.29938E-1 1.26497E-1 1.79347E-1 2.33475E-1 1.40755E-1 1.16103E-1 1.2307E-1 1.25976E-1 1.38179E-1 1.74608E-1
7.19091E-1 7.09785E-1 6.95404E-1 6.75256E-1 6.37471E-1 6.30308E-1 6.20524E-1 6.10358E-1 6.02825E-1 5.84681E-1 5.79716E-1 5.74911E-1 5.71471E-1 5.68524E-1 5.73457E-1 5.7007E-1 5.99367E-1 5.9575E-1 5.94229E-1 5.91987E-1 5.85141E-1 5.82235E-1 5.76897E-1 5.74877E-1 5.25568E-1 4.78028E-1 5.73543E-1 5.59268E-1 5.59687E-1 5.09442E-1 3.56494E-1 2.87219E-1 2.78557E-1 2.96885E-1 2.86641E-1 2.56698E-1 2.66581E-1 2.66987E-1 1.94532E-1 1.80041E-1 1.63939E-1 1.5112E-1 2.01503E-1 2.11217E-1 1.96437E-1 2.36932E-1 2.38307E-1 2.81537E-1 2.13833E-1 1.39868E-1 1.41756E-1 1.33108E-1 1.43866E-1 1.33967E-1 2.2532E-1 1.88086E-1 1.07909E-1 1.24626E-1 1.16326E-1 1.53236E-1 1.75955E-1
7.27264E-1 7.10932E-1 7.04026E-1 6.94911E-1 6.55179E-1 6.36443E-1 6.14982E-1 6.15725E-1 6.03853E-1 5.94927E-1 5.83108E-1 5.8382E-1 5.74065E-1 5.73955E-1 5.78653E-1 5.81711E-1 5.88671E-1 5.82717E-1 5.9308E-1 5.97795E-1 6.0563E-1 5.83855E-1 5.77855E-1 5.76925E-1 5.88176E-1 4.69714E-1 4.67537E-1 5.63374E-1 5.5867E-1 5.53754E-1 3.68566E-1 2.70578E-1 3.39416E-1 2.74593E-1 2.33533E-1 2.19557E-1 2.06779E-1 2.15139E-1 1.96473E-1 1.73374E-1 1.57211E-1 1.59881E-1 2.28238E-1 2.24509E-1 1.95317E-1 2.35698E-1 2.58947E-1 2.481E-1 2.04237E-1 1.63687E-1 1.70122E-1 1.35443E-1 1.20141E-1 1.25888E-1 1.91624E-1 1.92756E-1 1.2232E-1 1.03619E-1 1.20243E-1 1.60251E-1 1.46038E-1
7.35461E-1 7.13519E-1 7.10029E-1 7.03878E-1 6.84135E-1 6.5593E-1 6.23573E-1 6.18638E-1 6.08651E-1 5.95762E-1 5.89955E-1 5.80598E-1 5.80948E-1 5.88235E-1 5.74109E-1 5.74129E-1 6.11736E-1 5.95151E-1 5.83836E-1 5.93453E-1 5.99108E-1 5.93626E-1 5.79919E-1 5.74979E-1 5.80227E-1 5.67655E-1 3.46727E-1 5.00956E-1 5.66909E-1 4.60112E-1 3.46915E-1 3.16635E-1 4.04675E-1 2.24768E-1 2.14703E-1 2.31251E-1 2.13056E-1 1.86902E-1 1.84285E-1 1.69032E-1 1.67468E-1 1.43127E-1 1.94368E-1 2.41016E-1 1.83871E-1 1.98642E-1 2.316E-1 2.58684E-1 2.11882E-1 1.55695E-1 1.39016E-1 1.32673E-1 1.1355E-1 1.53624E-1 2.08612E-1 2.22289E-1 1.36389E-1 1.01942E-1 1.33327E-1 1.74585E-1 1.09824E-1
7.53825E-1 7.3778E-1 7.14894E-1 7.02507E-1 6.93877E-1 6.69623E-1 6.38084E-1 6.25027E-1 6.14849E-1 6.03424E-1 5.9854E-1 5.82532E-1 5.93563E-1 5.92128E-1 5.81348E-1 5.82115E-1 6.05091E-1 6.18955E-1 6.05894E-1 5.89764E-1 5.89161E-1 5.8558E-1 5.81965E-1 5.72016E-1 5.73004E-1 5.8205E-1 3.4705E-1 4.04877E-1 4.95528E-1 4.78654E-1 3.37564E-1 3.86235E-1 3.99195E-1 2.1984E-1 2.85998E-1 2.63602E-1 2.19045E-1 1.95486E-1 1.92808E-1 1.70404E-1 1.42246E-1 1.30205E-1 1.41081E-1 2.02075E-1 2.21881E-1 2.14731E-1 1.88586E-1 2.25284E-1 1.84188E-1 1.31609E-1 1.48443E-1 1.45731E-1 1.1792E-1 1.26044E-1 2.02844E-1 1.82662E-1 1.33391E-1 1.03497E-1 1.59328E-1 2.77596E-1 9.10812E-2
7.74297E-1 7.51048E-1 7.18605E-1 7.04252E-1 6.78664E-1 6.70838E-1 6.51034E-1 6.34969E-1 6.27656E-1 6.17648E-1 6.04032E-1 5.82069E-1 5.94215E-1 5.77451E-1 5.7424E-1 5.99442E-1 6.312E-1 6.33024E-1 6.25577E-1 6.0177E-1 5.9001E-1 5.80261E-1 5.81537E-1 5.76431E-1 5.74137E-1 5.82685E-1 4.32327E-1 4.29736E-1 3.52162E-1 3.19279E-1 3.49549E-1 5.75626E-1 2.84958E-1 2.33589E-1 3.25922E-1 2.62252E-1 2.27359E-1 2.08662E-1 1.74172E-1 1.70063E-1 1.34277E-1 1.24168E-1 1.52562E-1 1.70299E-1 1.58741E-1 1.9453E-1 2.06196E-1 2.06437E-1 1.53769E-1 1.29552E-1 1.25475E-1 1.25732E-1 1.21312E-1 1.19422E-1 1.60826E-1 2.18837E-1 1.28683E-1 1.3855E-1 1.60638E-1 9.62482E-2 8.66566E-2
7.81709E-1 7.71951E-1 7.43969E-1 6.95002E-1 6.82891E-1 6.70493E-1 6.56289E-1 6.38706E-1 6.28616E-1 6.2197E-1 6.04292E-1 5.92895E-1 5.92966E-1 5.89061E-1 5.7249E-1 5.69261E-1 6.15504E-1 6.47405E-1 6.37142E-1 6.1334E-1 5.95339E-1 5.8966E-1 5.87075E-1 5.76006E-1 5.71231E-1 5.74261E-1 5.48068E-1 3.89997E-1 3.02429E-1 3.08577E-1 4.11494E-1 5.98475E-1 3.40663E-1 2.71769E-1 2.93049E-1 2.17345E-1 1.98669E-1 1.7835E-1 1.51717E-1 1.45633E-1 1.49046E-1 1.14558E-1 1.22346E-1 1.60068E-1 1.769E-1 1.58879E-1 1.98235E-1 1.90848E-1 1.62784E-1 1.42815E-1 1.6837E-1 1.44038E-1 1.7254E-1 1.32459E-1 1.18413E-1 1.68011E-1 1.51027E-1 1.75396E-1 1.3562E-1 8.86861E-2 8.45102E-2
8.00879E-1 7.85091E-1 7.57841E-1 7.10039E-1 6.78117E-1 6.68681E-1 6.69313E-1 6.57746E-1 6.39048E-1 6.33167E-1 6.17167E-1 5.92723E-1 5.93982E-1 5.99832E-1 5.78136E-1 5.71789E-1 5.72021E-1 6.42225E-1 6.20637E-1 6.18514E-1 6.12374E-1 6.06066E-1 5.93433E-1 5.85354E-1 5.70124E-1 5.70894E-1 6.11096E-1 5.80135E-1 3.43862E-1 2.67548E-1 4.72729E-1 4.67316E-1 2.71247E-1 2.10644E-1 2.76555E-1 2.46589E-1 2.04036E-1 1.79233E-1 1.43566E-1 1.75697E-1 1.67021E-1 1.30835E-1 1.00674E-1 1.08754E-1 1.48239E-1 1.49477E-1 1.84692E-1 1.90925E-1 2.72007E-1 1.79361E-1 1.61214E-1 1.49508E-1 2.73584E-1 1.43145E-1 9.37562E-2 1.62243E-1 1.7756E-1 2.27596E-1 1.56688E-1 9.13597E-2 1.09777E-1
8.05179E-1 7.91301E-1 7.65631E-1 7.22942E-1 6.86043E-1 6.75354E-1 6.78698E-1 6.72036E-1 6.56395E-1 6.26321E-1 6.04348E-1 5.92823E-1 5.96014E-1 5.9456E-1 5.84866E-1 5.73791E-1 5.69763E-1 6.09397E-1 5.99144E-1 6.2863E-1 5.98061E-1 6.13225E-1 5.51104E-1 5.8934E-1 5.72874E-1 5.69449E-1 6.09258E-1 6.35858E-1 3.57637E-1 2.88014E-1 5.13465E-1 4.52243E-1 3.91524E-1 2.89895E-1 2.18744E-1 1.94579E-1 1.94501E-1 1.68664E-1 1.65192E-1 1.64921E-1 1.25943E-1 1.06837E-1 1.2714E-1 1.01748E-1 1.01228E-1 1.29906E-1 1.5073E-1 2.17302E-1 2.51883E-1 1.43956E-1 1.88258E-1 1.4458E-1 1.1101E-1 1.27804E-1 8.78743E-2 1.47359E-1 1.95076E-1 1.80544E-1 1.0589E-1 1.16837E-1 1.3977E-1
8.15418E-1 7.90056E-1 7.68788E-1 7.36599E-1 7.11323E-1 6.87718E-1 6.75297E-1 6.75851E-1 6.63441E-1 6.4105E-1 6.15448E-1 6.02661E-1 5.95447E-1 5.92185E-1 5.95866E-1 5.75926E-1 5.7087E-1 5.74401E-1 5.86966E-1 6.17643E-1 6.32448E-1 6.08309E-1 6.05183E-1 5.93595E-1 5.86551E-1 5.71726E-1 6.01266E-1 4.89001E-1 3.8555E-1 3.55188E-1 5.76612E-1 6.11282E-1 5.14819E-1 3.25503E-1 2.86763E-1 2.31572E-1 2.10337E-1 1.77971E-1 2.00677E-1 1.50326E-1 1.07438E-1 1.14036E-1 1.27397E-1 1.09344E-1 9.92195E-2 1.14947E-1 1.30836E-1 1.75994E-1 1.96756E-1 2.12719E-1 1.83527E-1 1.37401E-1 1.2744E-1 1.24361E-1 9.44964E-2 1.19066E-1 1.69402E-1 1.89221E-1 1.80339E-1 1.84544E-1 1.05027E-1
8.10844E-1 7.95298E-1 7.85686E-1 7.49622E-1 7.40331E-1 7.02956E-1 6.69183E-1 6.61561E-1 6.60307E-1 6.48189E-1 6.28313E-1 6.13555E-1 6.02467E-1 5.95854E-1 5.93172E-1 5.7853E-1 5.74828E-1 5.63391E-1 5.91017E-1 5.75181E-1 6.25011E-1 6.01142E-1 6.05957E-1 5.87235E-1 5.84658E-1 5.73716E-1 6.05237E-1 6.1343E-1 5.80555E-1 4.30849E-1 5.73732E-1 6.02825E-1 4.38316E-1 3.24009E-1 2.83216E-1 2.52623E-1 2.196E-1 2.10337E-1 2.05691E-1 1.49847E-1 1.18543E-1 1.07867E-1 1.24801E-1 1.16802E-1 1.15215E-1 9.03246E-2 1.13284E-1 1.58853E-1 2.19273E-1 1.22264E-1 1.50604E-1 1.25096E-1 1.30612E-1 1.36429E-1 1.10401E-1 9.77777E-2 1.46793E-1 1.89257E-1 2.27158E-1 3.05647E-1 1.30148E-1
8.24824E-1 7.93114E-1 8.00701E-1 7.78955E-1 7.79123E-1 7.30345E-1 6.84737E-1 6.83171E-1 6.6286E-1 6.36805E-1 6.39284E-1 6.26809E-1 6.07254E-1 5.9844E-1 5.96379E-1 5.89062E-1 5.74217E-1 5.68808E-1 5.80402E-1 5.63316E-1 5.94598E-1 6.17048E-1 5.64214E-1 5.97278E-1 5.90192E-1 5.72606E-1 5.6808E-1 6.06904E-1 5.42984E-1 5.80389E-1 5.77299E-1 6.13415E-1 4.59109E-1 2.93502E-1 2.50968E-1 2.41016E-1 2.61345E-1 1.71721E-1 1.49403E-1 1.35689E-1 1.0968E-1 1.10151E-1 9.41187E-2 1.13426E-1 1.17712E-1 9.36904E-2 9.25605E-2 1.23995E-1 1.65474E-1 1.09921E-1 1.18311E-1 9.8589E-2 1.73248E-1 1.55052E-1 1.24068E-1 1.02439E-1 1.02919E-1 1.59225E-1 2.00477E-1 1.4705E-1 1.14838E-1
8.27928E-1 8.22797E-1 8.07452E-1 7.88819E-1 7.82297E-1 7.48864E-1 6.98535E-1 6.96121E-1 6.75205E-1 6.47484E-1 6.46122E-1 6.27491E-1 6.10369E-1 6.01429E-1 5.91496E-1 5.93194E-1 5.82585E-1 5.74739E-1 5.83279E-1 5.98298E-1 6.00998E-1 6.01654E-1 5.92571E-1 4.45404E-1 5.03824E-1 5.81778E-1 5.70622E-1 6.16968E-1 6.21863E-1 4.74043E-1 5.74764E-1 6.06413E-1 3.89523E-1 3.23282E-1 2.36614E-1 2.22103E-1 2.55503E-1 1.84426E-1 1.48692E-1 1.17917E-1 1.22109E-1 1.43793E-1 1.19235E-1 9.22916E-2 9.57784E-2 9.42558E-2 9.11294E-2 1.03803E-1 1.32691E-1 1.2119E-1 1.107E-1 1.2955E-1 1.8355E-1 1.50451E-1 1.23958E-1 1.03726E-1 9.94962E-2 1.39653E-1 1.94198E-1 1.73539E-1 1.91229E-1
8.34873E-1 8.16648E-1 8.15653E-1 8.00105E-1 7.85284E-1 7.73876E-1 7.1381E-1 6.92352E-1 6.81968E-1 6.59641E-1 6.47949E-1 6.73935E-1 6.23649E-1 6.04523E-1 5.98276E-1 5.92524E-1 5.82171E-1 5.76315E-1 5.73007E-1 5.66417E-1 6.0004E-1 6.14898E-1 5.73321E-1 5.70478E-1 3.81823E-1 5.22572E-1 5.79292E-1 6.13208E-1 6.19561E-1 5.40204E-1 2.20248E-1 4.46596E-1 3.60789E-1 3.1399E-1 2.46273E-1 1.66551E-1 2.15503E-1 2.07117E-1 1.53205E-1 1.06453E-1 1.27641E-1 1.65633E-1 1.40193E-1 1.01369E-1 9.25823E-2 9.37464E-2 9.17569E-2 9.65821E-2 1.26245E-1 1.39566E-1 1.29406E-1 2.67232E-1 2.02845E-1 1.35523E-1 1.108E-1 1.14413E-1 9.86295E-2 1.34564E-1 1.51473E-1 1.82688E-1 2.10304E-1
8.35546E-1 8.18609E-1 8.13017E-1 8.08413E-1 7.98756E-1 7.80059E-1 7.27692E-1 7.07605E-1 6.79716E-1 6.48732E-1 6.45573E-1 6.36453E-1 6.29772E-1 6.21758E-1 6.08645E-1 5.97708E-1 5.92803E-1 5.77744E-1 5.73164E-1 5.6646E-1 6.06293E-1 6.06467E-1 6.30835E-1 5.82409E-1 3.77162E-1 5.66457E-1 5.02868E-1 6.20298E-1 6.21058E-1 6.22068E-1 2.28451E-1 3.86863E-1 3.15622E-1 2.59516E-1 2.24002E-1 1.53553E-1 1.47546E-1 1.86244E-1 1.52623E-1 1.10838E-1 1.00372E-1 1.22989E-1 1.49874E-1 1.22528E-1 1.17135E-1 9.62899E-2 9.16965E-2 9.66926E-2 1.1935E-1 1.48134E-1 1.84429E-1 1.9992E-1 1.63805E-1 1.31571E-1 1.12873E-1 1.21422E-1 9.78125E-2 1.54384E-1 1.44251E-1 1.4697E-1 2.25743E-1
8.44882E-1 8.31513E-1 8.21567E-1 8.08773E-1 8.00812E-1 7.92759E-1 7.47668E-1 7.28799E-1 6.78469E-1 6.5479E-1 6.49712E-1 6.35682E-1 6.31853E-1 6.25625E-1 6.06067E-1 5.95181E-1 5.85878E-1 5.80609E-1 5.7232E-1 5.61399E-1 5.82056E-1 6.15494E-1 6.38263E-1 6.54844E-1 3.78144E-1 5.42861E-1 6.1962E-1 6.21998E-1 3.55783E-1 3.7442E-1 3.59658E-1 2.7679E-1 3.02747E-1 2.24002E-1 2.0043E-1 1.56024E-1 1.63097E-1 1.33342E-1 1.28049E-1 1.38078E-1 1.05087E-1 1.05234E-1 1.20194E-1 1.3742E-1 1.30816E-1 1.17163E-1 9.74339E-2 9.26055E-2 1.20382E-1 1.48295E-1 2.22732E-1 1.22441E-1 1.34115E-1 1.18127E-1 1.29342E-1 1.30478E-1 9.47035E-2 1.27469E-1 1.5456E-1 1.61577E-1 1.74096E-1
8.44885E-1 8.32857E-1 8.27107E-1 8.19333E-1 8.11786E-1 8.03553E-1 7.88284E-1 7.47948E-1 6.93885E-1 6.68111E-1 6.45844E-1 6.47798E-1 6.37824E-1 6.2109E-1 6.07828E-1 6.03257E-1 5.97536E-1 5.81704E-1 5.73426E-1 5.58755E-1 5.98349E-1 6.12117E-1 6.04543E-1 6.41607E-1 6.44648E-1 3.65572E-1 3.86769E-1 5.60359E-1 6.25498E-1 2.04914E-1 3.07857E-1 2.5478E-1 2.45209E-1 2.26278E-1 1.9158E-1 1.8104E-1 2.03134E-1 1.7447E-1 1.62022E-1 1.821E-1 1.1062E-1 1.10385E-1 1.29094E-1 1.28601E-1 1.43115E-1 1.2307E-1 9.98319E-2 9.99655E-2 1.32024E-1 1.94486E-1 1.31166E-1 1.37896E-1 1.39367E-1 1.33189E-1 1.33616E-1 1.36583E-1 1.1554E-1 1.25355E-1 1.35013E-1 1.49972E-1 1.76386E-1
8.4327E-1 8.37765E-1 8.3409E-1 8.21961E-1 8.11782E-1 8.03772E-1 7.95505E-1 7.65529E-1 7.3151E-1 6.87269E-1 6.57999E-1 6.50985E-1 6.42536E-1 6.56656E-1 6.11865E-1 6.08521E-1 5.99316E-1 5.84468E-1 5.72339E-1 5.58045E-1 5.94959E-1 6.04011E-1 6.31229E-1 6.23656E-1 6.43381E-1 4.81852E-1 3.2812E-1 3.44719E-1 5.32321E-1 2.91636E-1 2.25962E-1 2.06185E-1 1.62003E-1 2.58905E-1 2.90353E-1 2.76096E-1 2.47832E-1 1.88193E-1 1.65236E-1 1.82142E-1 1.16128E-1 1.1151E-1 1.17876E-1 1.25282E-1 1.21881E-1 1.18058E-1 1.05289E-1 1.01649E-1 1.43214E-1 1.58361E-1 1.6112E-1 1.35164E-1 1.40585E-1 1.41762E-1 1.43297E-1 1.26582E-1 1.40676E-1 1.23975E-1 1.32003E-1 1.5019E-1 1.60694E-1
8.44137E-1 8.3467E-1 8.28958E-1 8.26438E-1 8.11782E-1 8.01411E-1 7.84679E-1 7.81756E-1 7.39793E-1 7.08278E-1 6.85623E-1 6.70527E-1 6.899E-1 6.69511E-1 6.18482E-1 6.08772E-1 6.1092E-1 5.94032E-1 5.76666E-1 6.03E-1 6.09796E-1 6.05199E-1 4.73146E-1 5.64525E-1 6.36241E-1 4.57125E-1 2.61943E-1 3.39529E-1 5.83368E-1 3.61621E-1 2.52042E-1 1.9319E-1 1.64004E-1 2.72777E-1 4.13978E-1 3.00422E-1 2.39338E-1 2.06277E-1 2.19825E-1 1.56561E-1 1.49199E-1 1.09911E-1 1.00091E-1 9.86892E-2 9.70345E-2 9.5801E-2 9.73204E-2 9.92057E-2 1.33892E-1 1.44173E-1 1.63913E-1 1.72423E-1 1.67681E-1 1.55645E-1 1.47521E-1 1.45615E-1 1.5515E-1 1.55812E-1 1.45103E-1 1.36595E-1 1.55762E-1
8.514E-1 8.45726E-1 8.26726E-1 8.26098E-1 8.1899E-1 8.08421E-1 7.95453E-1 7.95646E-1 7.48942E-1 7.1389E-1 7.07263E-1 6.9214E-1 7.10567E-1 6.71363E-1 6.33023E-1 6.18866E-1 6.12566E-1 6.39398E-1 6.11401E-1 5.64486E-1 5.50716E-1 5.90437E-1 4.84053E-1 4.45284E-1 5.6659E-1 4.90525E-1 3.26301E-1 2.70038E-1 3.19461E-1 2.89232E-1 2.17072E-1 1.96021E-1 2.13054E-1 2.29906E-1 5.15843E-1 3.42254E-1 2.63513E-1 2.31702E-1 1.84594E-1 1.75032E-1 2.06911E-1 1.43606E-1 1.173E-1 1.1603E-1 1.00475E-1 1.10995E-1 1.35632E-1 1.01975E-1 1.06777E-1 1.38116E-1 1.50071E-1 1.89616E-1 1.78372E-1 1.75641E-1 1.71972E-1 1.55962E-1 1.51435E-1 1.69331E-1 1.83593E-1 1.63856E-1 1.77619E-1
8.48569E-1 8.46941E-1 8.41847E-1 8.36567E-1 8.18645E-1 8.17071E-1 7.9725E-1 7.93896E-1 7.67355E-1 7.38978E-1 7.20888E-1 7.33748E-1 7.14552E-1 6.41776E-1 6.37238E-1 6.23943E-1 6.1814E-1 5.96958E-1 5.85131E-1 5.72244E-1 5.58264E-1 5.6705E-1 5.77759E-1 4.71497E-1 3.57683E-1 4.82772E-1 4.18174E-1 3.20639E-1 2.70262E-1 2.52266E-1 2.28645E-1 1.87261E-1 2.83934E-1 1.99936E-1 3.61304E-1 3.33492E-1 2.98761E-1 2.42797E-1 1.63174E-1 2.11226E-1 2.42455E-1 1.66433E-1 1.41837E-1 1.58964E-1 1.09161E-1 9.99697E-2 1.31563E-1 1.1608E-1 1.1576E-1 1.629E-1 1.81602E-1 2.89816E-1 1.69373E-1 1.54638E-1 1.60626E-1 1.72378E-1 1.44596E-1 1.75914E-1 2.07228E-1 1.66687E-1 2.08537E-1
8.46778E-1 8.46662E-1 8.38427E-1 8.38772E-1 8.31544E-1 8.18662E-1 8.04676E-1 7.97638E-1 7.8379E-1 7.50078E-1 7.66527E-1 6.90189E-1 6.77865E-1 6.49651E-1 6.41433E-1 6.28501E-1 6.15039E-1 5.94885E-1 5.88093E-1 5.75625E-1 5.74174E-1 5.78962E-1 6.34416E-1 5.33781E-1 4.26976E-1 3.7122E-1 3.4157E-1 2.75315E-1 2.91494E-1 3.35279E-1 2.91131E-1 1.91625E-1 2.57429E-1 3.03356E-1 3.84249E-1 3.43639E-1 2.95416E-1 1.56147E-1 1.81561E-1 1.56483E-1 2.42787E-1 1.9181E-1 1.77441E-1 1.92232E-1 1.20483E-1 1.15211E-1 1.29378E-1 1.28997E-1 1.20607E-1 1.59449E-1 1.40078E-1 1.34932E-1 1.48842E-1 1.40122E-1 1.58794E-1 1.96783E-1 1.54163E-1 1.78393E-1 2.43241E-1 1.85603E-1 1.94956E-1
8.48317E-1 8.43601E-1 8.46596E-1 8.38772E-1 8.3188E-1 8.24535E-1 8.19358E-1 8.03774E-1 8.24878E-1 7.47853E-1 7.71254E-1 7.12655E-1 7.5112E-1 6.67001E-1 6.48547E-1 6.32306E-1 6.20784E-1 6.07919E-1 5.95984E-1 5.8485E-1 6.09742E-1 6.26712E-1 6.45097E-1 5.10414E-1 4.60464E-1 3.93188E-1 3.20497E-1 3.54675E-1 3.41258E-1 3.28197E-1 3.80339E-1 2.41789E-1 1.85765E-1 3.1358E-1 2.96313E-1 2.98851E-1 2.94451E-1 2.08006E-1 2.06074E-1 2.25439E-1 2.13307E-1 2.27574E-1 2.28898E-1 2.02659E-1 1.38554E-1 1.06518E-1 1.5182E-1 1.60628E-1 1.21862E-1 3.04679E-1 3.12542E-1 2.43873E-1 2.32323E-1 1.49036E-1 1.87926E-1 1.94773E-1 1.42744E-1 2.39494E-1 2.07135E-1 2.2452E-1 2.28206E-1
8.46874E-1 8.49722E-1 8.44239E-1 8.34697E-1 8.34114E-1 8.30063E-1 8.18449E-1 8.08257E-1 8.00221E-1 7.57736E-1 7.36038E-1 7.20337E-1 7.29932E-1 7.07316E-1 7.17424E-1 6.37434E-1 6.30729E-1 6.15021E-1 6.093E-1 5.87232E-1 6.09796E-1 5.40111E-1 5.75585E-1 4.79538E-1 3.85517E-1 3.39968E-1 3.36629E-1 4.74965E-1 3.139E-1 3.26515E-1 4.77512E-1 3.62577E-1 2.74627E-1 2.68306E-1 2.68286E-1 2.00353E-1 1.72068E-1 1.73685E-1 2.24959E-1 3.43803E-1 2.5055E-1 2.80601E-1 2.7614E-1 2.25775E-1 1.72342E-1 1.21962E-1 1.58428E-1 1.75724E-1 1.69172E-1 4.84748E-1 2.98188E-1 2.46967E-1 1.97808E-1 1.5086E-1 2.616E-1 2.60244E-1 1.85329E-1 2.06264E-1 2.10308E-1 2.46723E-1 2.58456E-1
8.42557E-1 8.43808E-1 8.41937E-1 8.41849E-1 8.31881E-1 8.2973E-1 8.52071E-1 8.11244E-1 8.02537E-1 7.85279E-1 7.88532E-1 7.32496E-1 7.54991E-1 7.21192E-1 7.10806E-1 7.04863E-1 6.45821E-1 6.16679E-1 6.03902E-1 5.93005E-1 6.25828E-1 5.42461E-1 5.17165E-1 4.23375E-1 3.74607E-1 3.35686E-1 3.91246E-1 5.03009E-1 3.88592E-1 2.86952E-1 4.29637E-1 4.52588E-1 3.83347E-1 4.43422E-1 3.16878E-1 2.74395E-1 2.31726E-1 2.00703E-1 1.90515E-1 3.91282E-1 2.60738E-1 3.72417E-1 3.69322E-1 2.77958E-1 2.04056E-1 1.33213E-1 1.63742E-1 1.71759E-1 1.85214E-1 2.90047E-1 1.89462E-1 1.90893E-1 1.61445E-1 1.34881E-1 3.16261E-1 3.44896E-1 2.2806E-1 2.0323E-1 2.68061E-1 3.09638E-1 3.46771E-1
