Artocarpus heterophyllus SDM files/Last interglacial/results (with bias file)/Arthet_2.asc
ncols         625
nrows         721
xllcorner     69.99986311115
yllcorner     5.99986151914999
cellsize      0.041666667
NODATA_value  -9999
[rows 81 to 107 of 721, columns 305 to 365 of 625]
1.38047E-2 1.384E-2 1.40106E-2 1.44525E-2 1.40234E-2 1.32767E-2 1.23464E-2 1.17958E-2 1.23862E-2 1.32927E-2 1.5036E-2 1.65397E-2 1.74113E-2 1.73259E-2 1.68959E-2 1.65788E-2 1.66605E-2 1.61933E-2 1.62492E-2 1.55453E-2 1.42257E-2 1.35565E-2 1.48125E-2 1.58772E-2 1.63891E-2 1.75995E-2 1.81402E-2 1.83133E-2 1.86235E-2 1.86469E-2 1.83841E-2 1.80498E-2 1.81261E-2 1.80505E-2 1.71715E-2 1.83977E-2 1.92426E-2 1.93887E-2 1.95487E-2 1.85432E-2 1.81092E-2 1.84652E-2 1.78596E-2 1.80402E-2 1.84232E-2 1.83904E-2 1.84597E-2 1.85139E-2 1.86157E-2 1.79847E-2 1.74204E-2 1.70735E-2 1.62414E-2 1.57185E-2 1.56248E-2 1.54566E-2 1.52913E-2 1.51824E-2 1.53563E-2 1.68109E-2 1.9208E-2
1.53165E-2 1.50819E-2 1.35783E-2 1.45318E-2 1.43312E-2 1.32245E-2 1.22347E-2 1.20439E-2 1.16426E-2 1.42525E-2 1.58114E-2 1.71666E-2 1.78241E-2 1.77716E-2 1.77855E-2 1.72729E-2 1.62322E-2 1.62882E-2 1.61193E-2 1.60023E-2 1.50508E-2 1.3906E-2 1.38459E-2 1.54789E-2 1.65007E-2 1.73814E-2 1.76118E-2 1.78101E-2 1.7522E-2 1.76109E-2 1.73291E-2 1.75236E-2 1.73582E-2 1.75296E-2 1.74018E-2 1.84987E-2 1.95085E-2 2.02549E-2 1.9524E-2 1.89944E-2 1.85369E-2 1.80956E-2 1.78581E-2 1.76575E-2 1.7317E-2 1.80626E-2 1.79478E-2 1.83066E-2 1.85814E-2 1.8849E-2 1.89151E-2 1.78801E-2 1.71686E-2 1.69146E-2 1.69999E-2 1.67877E-2 1.63187E-2 1.54562E-2 1.59089E-2 1.654E-2 1.83201E-2
1.73456E-2 1.64586E-2 1.5874E-2 1.62942E-2 1.59893E-2 1.54482E-2 1.45037E-2 1.38021E-2 1.2067E-2 1.30946E-2 1.40878E-2 1.69985E-2 1.87808E-2 1.82286E-2 1.77879E-2 1.81081E-2 1.79995E-2 1.66054E-2 1.54526E-2 1.5068E-2 1.46324E-2 1.42746E-2 1.34341E-2 1.44994E-2 1.57328E-2 1.64535E-2 1.65373E-2 1.71092E-2 1.71523E-2 1.70701E-2 1.70412E-2 1.64299E-2 1.65085E-2 1.65607E-2 1.75269E-2 1.86494E-2 2.02653E-2 1.99494E-2 1.93837E-2 1.85211E-2 1.78083E-2 1.67834E-2 1.67221E-2 1.74542E-2 1.62473E-2 1.75587E-2 1.6883E-2 1.72962E-2 1.78566E-2 1.85016E-2 1.90311E-2 1.86264E-2 1.847E-2 1.82064E-2 1.73559E-2 1.74609E-2 1.69996E-2 1.68503E-2 1.64104E-2 1.60915E-2 1.698E-2
1.79257E-2 1.75508E-2 1.79143E-2 1.79375E-2 1.7709E-2 1.67694E-2 1.56294E-2 1.48372E-2 1.45517E-2 1.58511E-2 1.64639E-2 1.73727E-2 1.92497E-2 1.69047E-2 1.59594E-2 1.73535E-2 1.6885E-2 1.61781E-2 1.5396E-2 1.6056E-2 1.57735E-2 1.68619E-2 1.56114E-2 1.56025E-2 1.61939E-2 1.59551E-2 1.57472E-2 1.58326E-2 1.63237E-2 1.72029E-2 1.68994E-2 1.744E-2 1.7434E-2 1.64178E-2 1.73266E-2 1.86613E-2 2.00826E-2 2.02822E-2 1.8879E-2 1.85817E-2 1.81045E-2 1.69859E-2 1.61469E-2 1.6939E-2 1.70199E-2 1.73501E-2 1.64134E-2 1.62891E-2 1.74517E-2 1.85042E-2 1.81092E-2 1.88088E-2 1.8667E-2 1.77288E-2 1.77791E-2 1.70801E-2 1.74024E-2 1.68354E-2 1.63566E-2 1.43364E-2 1.54376E-2
1.77605E-2 1.76743E-2 1.74822E-2 1.69239E-2 1.7833E-2 1.67123E-2 1.23032E-2 1.23138E-2 1.31011E-2 1.41832E-2 1.68949E-2 1.89684E-2 1.93105E-2 1.70432E-2 1.44208E-2 1.38319E-2 1.35189E-2 1.44739E-2 1.46746E-2 1.60231E-2 1.60463E-2 1.78936E-2 1.86132E-2 1.72515E-2 1.7813E-2 1.72652E-2 1.70211E-2 1.60465E-2 1.62209E-2 1.59033E-2 1.7867E-2 1.83707E-2 1.85913E-2 1.76802E-2 1.8975E-2 2.0926E-2 2.16057E-2 2.00786E-2 1.8297E-2 1.81635E-2 1.76842E-2 1.66727E-2 1.57821E-2 1.61116E-2 1.7207E-2 1.76976E-2 1.79582E-2 1.75832E-2 1.76711E-2 1.84926E-2 1.83415E-2 1.88356E-2 1.84571E-2 1.67448E-2 1.71648E-2 1.72299E-2 1.66717E-2 1.67216E-2 1.61105E-2 1.48058E-2 1.58111E-2
1.32497E-2 1.71065E-2 1.81741E-2 1.79764E-2 1.87414E-2 1.86632E-2 1.69833E-2 1.66599E-2 1.57785E-2 1.70006E-2 1.75347E-2 1.90053E-2 1.96124E-2 1.91416E-2 1.65756E-2 1.43668E-2 1.30915E-2 1.37983E-2 1.26482E-2 1.46198E-2 1.7188E-2 2.00243E-2 2.10851E-2 2.10229E-2 2.06301E-2 1.99745E-2 1.98559E-2 1.89291E-2 1.86279E-2 1.84008E-2 1.87794E-2 2.01756E-2 1.98266E-2 1.81571E-2 2.15761E-2 2.21904E-2 2.22743E-2 2.16339E-2 2.07936E-2 1.91983E-2 1.71437E-2 1.59542E-2 1.47826E-2 1.41664E-2 1.64477E-2 1.65828E-2 1.64067E-2 1.64586E-2 1.78221E-2 1.84028E-2 1.89631E-2 1.89781E-2 1.81061E-2 1.73809E-2 1.71766E-2 1.69401E-2 1.63332E-2 1.60928E-2 1.57388E-2 1.63046E-2 1.66711E-2
1.39868E-2 1.70953E-2 1.68696E-2 1.88333E-2 1.85261E-2 1.898E-2 1.80189E-2 1.72472E-2 1.77192E-2 1.64238E-2 1.38793E-2 1.56165E-2 1.83876E-2 1.96274E-2 1.95199E-2 1.70418E-2 1.60551E-2 1.81692E-2 1.55084E-2 1.55188E-2 1.71385E-2 2.09785E-2 2.20872E-2 2.24689E-2 2.254E-2 2.25734E-2 2.13789E-2 2.23029E-2 2.18456E-2 2.15821E-2 2.0521E-2 2.15456E-2 2.16688E-2 2.19005E-2 2.31235E-2 2.12965E-2 2.06288E-2 2.21646E-2 2.30313E-2 2.0938E-2 1.92278E-2 1.83412E-2 1.70396E-2 1.5814E-2 1.51692E-2 1.32835E-2 1.46746E-2 1.59497E-2 1.67096E-2 1.63253E-2 1.80607E-2 1.86258E-2 1.75122E-2 1.70653E-2 1.72806E-2 1.66268E-2 1.59779E-2 1.57388E-2 1.69125E-2 1.94657E-2 2.07194E-2
1.35807E-2 1.59337E-2 1.42642E-2 1.70683E-2 1.81209E-2 1.74464E-2 1.5448E-2 1.44956E-2 1.31914E-2 1.05744E-2 1.02155E-2 1.45933E-2 1.72982E-2 1.82659E-2 1.93774E-2 1.79254E-2 1.51434E-2 1.69844E-2 1.94463E-2 1.93883E-2 2.04035E-2 2.13362E-2 2.14308E-2 2.15663E-2 2.30703E-2 2.35876E-2 2.36181E-2 2.3667E-2 2.4018E-2 2.35259E-2 2.34017E-2 2.32261E-2 2.3392E-2 2.36743E-2 2.33897E-2 2.11986E-2 1.99821E-2 1.95656E-2 2.11375E-2 2.07928E-2 2.32885E-2 2.36963E-2 2.22232E-2 2.02893E-2 1.88578E-2 1.64548E-2 1.84387E-2 1.56656E-2 1.43247E-2 1.49254E-2 1.66163E-2 1.74956E-2 1.69899E-2 1.62188E-2 1.65944E-2 1.5748E-2 1.58548E-2 1.68181E-2 2.02086E-2 2.42882E-2 2.45588E-2
1.54061E-2 1.47334E-2 1.47526E-2 1.53793E-2 1.65792E-2 1.72507E-2 1.64389E-2 1.46755E-2 1.22256E-2 1.26144E-2 1.28704E-2 1.33725E-2 1.42327E-2 1.37554E-2 1.65132E-2 1.57163E-2 1.39182E-2 1.44408E-2 1.57226E-2 1.63758E-2 1.59743E-2 1.87809E-2 1.8971E-2 1.85539E-2 2.22494E-2 2.32616E-2 2.39798E-2 2.40561E-2 2.46251E-2 2.41239E-2 2.38651E-2 2.39974E-2 2.42498E-2 2.42956E-2 2.39739E-2 2.32731E-2 2.16551E-2 2.10563E-2 2.20542E-2 2.41495E-2 2.56019E-2 2.62037E-2 2.52774E-2 2.38184E-2 2.34419E-2 2.3173E-2 1.99993E-2 1.82618E-2 1.91319E-2 1.87933E-2 1.82752E-2 1.93182E-2 1.78251E-2 1.65038E-2 1.73894E-2 1.71477E-2 1.95268E-2 2.18551E-2 2.57941E-2 2.79625E-2 2.72507E-2
1.34262E-2 1.41317E-2 1.50022E-2 1.3914E-2 1.49969E-2 1.39225E-2 1.52069E-2 1.36668E-2 1.22331E-2 9.70699E-3 9.17756E-3 9.14247E-3 1.3007E-2 1.64165E-2 1.61564E-2 1.5752E-2 1.41211E-2 1.35763E-2 1.52092E-2 1.70756E-2 1.75305E-2 1.66226E-2 1.53736E-2 1.7446E-2 1.84161E-2 2.14003E-2 2.32281E-2 2.37927E-2 2.39632E-2 2.37353E-2 2.13993E-2 2.28729E-2 2.33542E-2 2.23847E-2 2.39967E-2 2.38628E-2 2.39228E-2 2.40711E-2 2.45468E-2 2.49119E-2 2.56981E-2 2.66212E-2 2.66881E-2 2.67731E-2 2.73498E-2 2.69068E-2 2.60557E-2 2.54014E-2 2.50613E-2 2.43367E-2 2.43859E-2 2.46079E-2 2.29572E-2 2.22097E-2 2.27874E-2 2.11641E-2 2.46505E-2 2.70541E-2 2.82293E-2 2.94887E-2 2.86852E-2
1.43776E-2 1.3817E-2 1.17956E-2 1.20188E-2 1.25797E-2 1.3317E-2 1.46038E-2 1.31047E-2 1.10353E-2 9.42771E-3 1.01954E-2 1.10176E-2 1.29285E-2 1.657E-2 1.6259E-2 1.28127E-2 1.39412E-2 1.5084E-2 1.52374E-2 1.509E-2 1.58526E-2 1.59489E-2 1.53347E-2 1.38139E-2 1.58343E-2 1.66268E-2 1.66487E-2 1.71875E-2 1.88224E-2 2.19154E-2 2.19813E-2 2.27576E-2 2.2679E-2 2.22597E-2 2.26004E-2 2.23577E-2 2.22771E-2 2.28739E-2 2.3224E-2 2.36701E-2 2.47025E-2 2.58038E-2 2.65677E-2 2.74033E-2 2.7641E-2 2.80812E-2 2.81171E-2 2.79606E-2 2.84212E-2 2.82742E-2 2.81179E-2 2.81517E-2 2.78323E-2 2.69169E-2 2.69339E-2 2.81055E-2 2.87167E-2 3.01638E-2 3.06234E-2 3.00886E-2 2.98167E-2
1.4821E-2 1.38997E-2 1.24943E-2 1.29329E-2 1.21501E-2 1.20888E-2 1.35687E-2 1.35812E-2 1.02641E-2 8.76485E-3 1.11471E-2 1.34174E-2 1.4415E-2 1.624E-2 1.72516E-2 1.57474E-2 1.65201E-2 1.9111E-2 2.28044E-2 2.26171E-2 1.81344E-2 1.47206E-2 1.42772E-2 1.66908E-2 1.36124E-2 1.36518E-2 1.70688E-2 1.73407E-2 1.8874E-2 1.92294E-2 2.05066E-2 2.03974E-2 1.98677E-2 1.89264E-2 1.92923E-2 2.17863E-2 2.17718E-2 2.1151E-2 2.0733E-2 2.15922E-2 2.27453E-2 2.33736E-2 2.37193E-2 2.54517E-2 2.6224E-2 2.69667E-2 2.83071E-2 2.91591E-2 2.92735E-2 2.91244E-2 2.9198E-2 2.96013E-2 2.99363E-2 2.97354E-2 2.93441E-2 2.97917E-2 3.04286E-2 3.06996E-2 3.11606E-2 3.04789E-2 2.94957E-2
1.34064E-2 1.29136E-2 1.18226E-2 1.05782E-2 1.13028E-2 1.41535E-2 1.47071E-2 1.38629E-2 1.08083E-2 1.01555E-2 8.73761E-3 7.99063E-3 9.72738E-3 1.26586E-2 1.28803E-2 1.38779E-2 1.46674E-2 1.91221E-2 2.3501E-2 2.3772E-2 2.41998E-2 2.09704E-2 1.59627E-2 1.7336E-2 1.87322E-2 1.90486E-2 1.97553E-2 1.88972E-2 1.91933E-2 2.04654E-2 2.06332E-2 1.98269E-2 1.85337E-2 1.71874E-2 1.6846E-2 1.84223E-2 1.6536E-2 1.83058E-2 2.03834E-2 2.01358E-2 2.06467E-2 1.98711E-2 2.00188E-2 2.20526E-2 2.43838E-2 2.586E-2 2.75469E-2 2.90291E-2 2.95088E-2 2.98462E-2 2.96192E-2 2.99166E-2 2.99729E-2 2.98243E-2 2.94541E-2 3.01035E-2 3.03297E-2 3.04057E-2 2.83909E-2 2.7E-2 2.54347E-2
1.15418E-2 1.03345E-2 1.05286E-2 1.02284E-2 1.20093E-2 1.47715E-2 1.47256E-2 1.41652E-2 1.01814E-2 9.46221E-3 8.86207E-3 1.03413E-2 9.92283E-3 1.14499E-2 1.14542E-2 1.1754E-2 1.47167E-2 1.88877E-2 2.08744E-2 2.43038E-2 2.43653E-2 2.42462E-2 2.18388E-2 1.56433E-2 1.47417E-2 1.75502E-2 1.87444E-2 1.93594E-2 2.0468E-2 2.20732E-2 2.11507E-2 1.86135E-2 1.6482E-2 1.98603E-2 2.26852E-2 2.27009E-2 2.09725E-2 1.98144E-2 1.9121E-2 1.65204E-2 1.75762E-2 1.76529E-2 1.88474E-2 1.98989E-2 2.25099E-2 2.38639E-2 2.64666E-2 2.82866E-2 2.91206E-2 3.00468E-2 2.97264E-2 2.95456E-2 2.99962E-2 3.00902E-2 3.03294E-2 3.0367E-2 3.00424E-2 2.86016E-2 2.55486E-2 2.41772E-2 2.55964E-2
1.20106E-2 1.22495E-2 1.23393E-2 1.18081E-2 1.27611E-2 1.49032E-2 1.54107E-2 1.44269E-2 1.20018E-2 1.09036E-2 1.02383E-2 1.01359E-2 1.24815E-2 1.21169E-2 1.3662E-2 1.2714E-2 1.2965E-2 1.4827E-2 1.86668E-2 2.4148E-2 2.43658E-2 2.49572E-2 2.48648E-2 2.32862E-2 1.56874E-2 1.2455E-2 1.66183E-2 2.07449E-2 2.13675E-2 2.33414E-2 2.03866E-2 1.9842E-2 2.12416E-2 2.39545E-2 2.49652E-2 2.54479E-2 2.42976E-2 2.32398E-2 2.16534E-2 2.11915E-2 1.96574E-2 1.71236E-2 1.66779E-2 1.62591E-2 1.945E-2 2.24239E-2 2.46381E-2 2.58452E-2 2.70429E-2 2.78954E-2 2.89116E-2 2.88031E-2 2.77658E-2 2.7091E-2 2.74729E-2 2.84683E-2 2.95536E-2 2.84346E-2 2.70634E-2 2.7802E-2 2.69991E-2
1.14047E-2 1.16169E-2 1.06255E-2 1.14585E-2 1.2747E-2 1.43094E-2 1.5033E-2 1.48404E-2 1.22798E-2 1.28842E-2 1.31071E-2 1.18865E-2 1.35249E-2 1.47173E-2 1.38332E-2 1.35258E-2 1.43874E-2 1.71271E-2 1.94804E-2 1.84834E-2 2.28768E-2 2.42556E-2 2.46734E-2 2.42731E-2 2.01428E-2 1.52096E-2 1.41884E-2 1.83581E-2 2.09389E-2 2.13172E-2 2.38941E-2 2.28674E-2 2.51515E-2 2.55537E-2 2.56022E-2 2.55068E-2 2.45064E-2 2.14328E-2 2.05135E-2 2.22362E-2 2.25096E-2 2.18638E-2 1.98072E-2 1.81672E-2 1.84833E-2 2.07522E-2 2.0171E-2 2.08079E-2 2.36789E-2 2.46712E-2 2.7274E-2 2.74449E-2 2.55967E-2 2.40286E-2 2.67496E-2 2.74935E-2 2.92921E-2 3.04133E-2 2.99184E-2 3.03564E-2 2.91001E-2
1.30984E-2 1.33591E-2 1.24536E-2 1.28358E-2 1.42995E-2 1.52739E-2 1.60099E-2 1.63586E-2 1.58297E-2 1.49206E-2 1.36414E-2 1.46231E-2 1.59004E-2 1.55431E-2 1.39389E-2 1.43824E-2 1.47097E-2 1.54783E-2 1.52943E-2 1.79214E-2 1.88142E-2 2.13491E-2 2.46363E-2 2.38521E-2 2.09908E-2 2.01729E-2 1.84361E-2 1.74547E-2 1.8038E-2 1.89145E-2 2.02328E-2 2.29524E-2 2.17335E-2 2.17335E-2 2.46124E-2 2.5482E-2 2.50819E-2 2.37751E-2 2.48605E-2 2.55504E-2 2.53027E-2 2.45583E-2 2.21405E-2 2.00128E-2 2.08996E-2 2.09654E-2 2.10318E-2 2.15048E-2 2.30397E-2 2.45164E-2 2.58671E-2 2.5491E-2 2.34908E-2 2.30989E-2 2.48222E-2 2.66604E-2 2.85581E-2 2.95967E-2 3.01059E-2 2.84899E-2 2.49374E-2
1.2597E-2 1.42361E-2 1.35385E-2 1.14074E-2 1.17748E-2 1.38971E-2 1.52489E-2 1.66509E-2 1.72094E-2 1.74944E-2 1.74543E-2 1.75435E-2 1.751E-2 1.77964E-2 1.70308E-2 1.59494E-2 1.42029E-2 1.27233E-2 1.32036E-2 1.45225E-2 1.64414E-2 1.58718E-2 2.03776E-2 2.02592E-2 2.1087E-2 1.83268E-2 1.84654E-2 1.69808E-2 1.58806E-2 1.49537E-2 1.61776E-2 2.01757E-2 2.40125E-2 2.03585E-2 2.02362E-2 2.26595E-2 2.14142E-2 2.23011E-2 2.48827E-2 2.57706E-2 2.58515E-2 2.4835E-2 2.32308E-2 2.38035E-2 2.37582E-2 2.34689E-2 2.36333E-2 2.39848E-2 2.30595E-2 2.17412E-2 2.33284E-2 2.47965E-2 2.49114E-2 2.44416E-2 2.41281E-2 2.46825E-2 2.65399E-2 2.79531E-2 2.92786E-2 2.8927E-2 2.74226E-2
1.20626E-2 1.44609E-2 1.22869E-2 9.78692E-3 1.26504E-2 1.48702E-2 1.60987E-2 1.71758E-2 1.74572E-2 1.80127E-2 1.83922E-2 1.83048E-2 1.81709E-2 1.78724E-2 1.75037E-2 1.67868E-2 1.56487E-2 1.21244E-2 1.11933E-2 1.24349E-2 9.62018E-3 1.04283E-2 1.41054E-2 1.64849E-2 2.05781E-2 1.71812E-2 1.68344E-2 1.45759E-2 1.55876E-2 1.47022E-2 1.38588E-2 1.9464E-2 2.48921E-2 2.08124E-2 1.53654E-2 1.64599E-2 1.87035E-2 1.8937E-2 2.16477E-2 2.20408E-2 2.41411E-2 2.5368E-2 2.56941E-2 2.54481E-2 2.29428E-2 2.11324E-2 2.23879E-2 2.46529E-2 2.45457E-2 2.21009E-2 2.09623E-2 2.04418E-2 2.11923E-2 2.45015E-2 2.50045E-2 2.45314E-2 2.57706E-2 2.76848E-2 2.85784E-2 2.86138E-2 2.64787E-2
1.26681E-2 1.3967E-2 1.20253E-2 1.11608E-2 1.27924E-2 1.57869E-2 1.70628E-2 1.75711E-2 1.78702E-2 1.81623E-2 1.85875E-2 1.8915E-2 1.8963E-2 1.87301E-2 1.79926E-2 1.56904E-2 1.56339E-2 1.22071E-2 1.06463E-2 8.92674E-3 8.37742E-3 8.73511E-3 1.11209E-2 1.77265E-2 2.17822E-2 2.07254E-2 1.86727E-2 1.56207E-2 1.79742E-2 1.75463E-2 2.1537E-2 2.32601E-2 2.24868E-2 2.25291E-2 2.00894E-2 1.6143E-2 1.50422E-2 1.46729E-2 1.75739E-2 2.03626E-2 2.10297E-2 2.0543E-2 2.40704E-2 2.57589E-2 2.46656E-2 2.33975E-2 2.12567E-2 2.13982E-2 2.33102E-2 2.39682E-2 2.49548E-2 2.4639E-2 2.15778E-2 2.15786E-2 2.30367E-2 2.32908E-2 2.45287E-2 2.64097E-2 2.62477E-2 2.66346E-2 2.38681E-2
1.18235E-2 1.13036E-2 1.06182E-2 1.15495E-2 1.35555E-2 1.6364E-2 1.73889E-2 1.77995E-2 1.79016E-2 1.8082E-2 1.78205E-2 1.79716E-2 1.8384E-2 1.76787E-2 1.74154E-2 1.69036E-2 1.57208E-2 1.39583E-2 9.98179E-3 9.54964E-3 1.06225E-2 1.10318E-2 1.49943E-2 2.05432E-2 2.15441E-2 2.09048E-2 1.87693E-2 1.89221E-2 1.86325E-2 1.71314E-2 2.4336E-2 2.20263E-2 1.66394E-2 1.72404E-2 2.01732E-2 2.04649E-2 1.77002E-2 1.9048E-2 2.02855E-2 1.98042E-2 2.02301E-2 1.96797E-2 2.06356E-2 2.30957E-2 2.31865E-2 2.24673E-2 2.27005E-2 2.1898E-2 2.32508E-2 2.45685E-2 2.55162E-2 2.59594E-2 2.55636E-2 2.4501E-2 2.4141E-2 2.39269E-2 2.50156E-2 2.55992E-2 2.58502E-2 2.60147E-2 2.52976E-2
1.1539E-2 1.01172E-2 1.14872E-2 1.26078E-2 1.35779E-2 1.54781E-2 1.67812E-2 1.65347E-2 1.77715E-2 1.80234E-2 1.797E-2 1.78157E-2 1.79296E-2 1.79979E-2 1.73821E-2 1.62969E-2 1.5731E-2 1.36312E-2 1.0045E-2 8.33202E-3 1.07566E-2 1.43085E-2 1.91962E-2 2.04292E-2 1.78023E-2 1.65803E-2 1.73654E-2 1.71272E-2 1.34485E-2 1.38144E-2 2.25946E-2 1.67195E-2 1.64588E-2 1.93066E-2 2.02818E-2 1.94448E-2 1.93965E-2 2.03459E-2 1.98456E-2 1.82808E-2 1.87989E-2 1.90792E-2 1.93484E-2 1.9385E-2 1.90521E-2 1.73948E-2 1.806E-2 1.89147E-2 1.92431E-2 2.18627E-2 2.40979E-2 2.17613E-2 1.96737E-2 1.81894E-2 1.97252E-2 1.81563E-2 2.11803E-2 2.23911E-2 2.50877E-2 2.43429E-2 2.43429E-2
1.33613E-2 1.20722E-2 1.24943E-2 1.55861E-2 1.39895E-2 1.32086E-2 1.47765E-2 1.53193E-2 1.53734E-2 1.65497E-2 1.73171E-2 1.75115E-2 1.84839E-2 1.84762E-2 1.63997E-2 1.55152E-2 1.37972E-2 1.14796E-2 8.07378E-3 9.44659E-3 1.25089E-2 1.66965E-2 2.06526E-2 1.95739E-2 1.63336E-2 1.5124E-2 1.39935E-2 1.15703E-2 1.19343E-2 1.90344E-2 2.2224E-2 2.12998E-2 2.10983E-2 1.74336E-2 1.82981E-2 2.00436E-2 1.92865E-2 2.04713E-2 2.0605E-2 1.97977E-2 1.98179E-2 1.97011E-2 1.91347E-2 2.04045E-2 2.08765E-2 2.25976E-2 2.10903E-2 2.07886E-2 1.91298E-2 1.96711E-2 2.11901E-2 2.14207E-2 1.61627E-2 1.55322E-2 1.92657E-2 1.61203E-2 1.26897E-2 1.83012E-2 2.37242E-2 2.08326E-2 1.72583E-2
1.67755E-2 1.60626E-2 1.63641E-2 1.74709E-2 1.7324E-2 1.75866E-2 1.69111E-2 1.5068E-2 1.6864E-2 1.84506E-2 1.7744E-2 1.67335E-2 1.71215E-2 1.64974E-2 1.35728E-2 1.17355E-2 1.18857E-2 9.37004E-3 7.57374E-3 9.92051E-3 1.47323E-2 1.8948E-2 2.10174E-2 1.77212E-2 1.63952E-2 1.5933E-2 1.1732E-2 1.2222E-2 1.72789E-2 2.39053E-2 2.09968E-2 2.09958E-2 1.63899E-2 1.56261E-2 1.64577E-2 1.83807E-2 1.84293E-2 1.7943E-2 1.86303E-2 2.01044E-2 2.12715E-2 2.09365E-2 2.13861E-2 2.15552E-2 2.07902E-2 2.29792E-2 2.27495E-2 2.12705E-2 2.08778E-2 2.25212E-2 2.14085E-2 2.02959E-2 1.74908E-2 1.52897E-2 1.84121E-2 1.85581E-2 1.05333E-2 1.47764E-2 2.10486E-2 2.06731E-2 1.98802E-2
1.77113E-2 1.74565E-2 1.68665E-2 1.73667E-2 1.86688E-2 1.83683E-2 1.81912E-2 1.82774E-2 1.85673E-2 1.90948E-2 1.83888E-2 1.66396E-2 1.36362E-2 1.3645E-2 1.2469E-2 1.00903E-2 1.03394E-2 7.85387E-3 8.20619E-3 1.06743E-2 1.6343E-2 2.0213E-2 2.02287E-2 1.80012E-2 1.76943E-2 1.67234E-2 1.28201E-2 1.06333E-2 1.69442E-2 2.39805E-2 2.18876E-2 1.7726E-2 1.74168E-2 1.78211E-2 1.92878E-2 1.93402E-2 1.98771E-2 1.98647E-2 1.94133E-2 2.18204E-2 2.37582E-2 2.24553E-2 2.05107E-2 2.24242E-2 2.41109E-2 2.29548E-2 1.91278E-2 1.58361E-2 1.68098E-2 2.1999E-2 2.15658E-2 1.96753E-2 1.642E-2 1.52305E-2 1.5847E-2 1.72909E-2 1.53736E-2 1.17039E-2 1.95732E-2 2.09976E-2 1.83831E-2
1.72622E-2 1.76796E-2 1.84484E-2 1.78739E-2 1.88792E-2 1.83415E-2 1.90949E-2 1.90272E-2 1.96259E-2 1.96759E-2 1.94131E-2 1.69786E-2 1.77582E-2 1.80961E-2 1.4959E-2 1.12767E-2 8.42328E-3 7.75095E-3 8.47273E-3 1.0758E-2 1.72521E-2 1.99816E-2 2.0741E-2 1.86918E-2 1.67438E-2 1.54728E-2 1.09113E-2 1.43835E-2 1.9843E-2 2.49072E-2 2.47929E-2 2.14217E-2 1.86909E-2 1.81079E-2 2.12686E-2 2.40474E-2 2.46444E-2 2.4041E-2 2.12064E-2 2.32786E-2 2.62346E-2 2.59522E-2 2.35285E-2 2.2481E-2 2.47117E-2 2.5047E-2 2.34455E-2 2.06171E-2 1.64148E-2 1.9216E-2 1.9967E-2 2.02319E-2 1.82681E-2 1.5848E-2 1.7567E-2 1.90065E-2 1.80831E-2 1.41389E-2 1.7802E-2 2.11657E-2 1.92689E-2
1.60612E-2 1.61124E-2 1.79669E-2 1.89143E-2 1.92734E-2 1.92164E-2 1.92529E-2 1.95924E-2 1.96051E-2 1.99127E-2 1.9976E-2 1.97762E-2 1.9814E-2 1.91782E-2 1.46099E-2 9.79603E-3 9.52491E-3 1.02954E-2 8.62638E-3 1.15507E-2 1.76672E-2 1.98835E-2 2.10512E-2 1.91497E-2 1.65813E-2 1.33061E-2 1.07681E-2 1.55961E-2 2.17776E-2 2.68334E-2 2.49755E-2 2.17865E-2 2.21139E-2 2.36319E-2 2.52444E-2 2.71414E-2 2.71093E-2 2.68675E-2 2.71359E-2 2.72358E-2 2.72002E-2 2.70242E-2 2.49558E-2 2.26435E-2 2.51944E-2 2.22832E-2 2.04612E-2 2.07694E-2 1.98304E-2 2.04585E-2 2.05495E-2 1.94583E-2 1.59765E-2 1.42893E-2 1.67528E-2 2.06758E-2 1.62572E-2 1.16567E-2 1.45971E-2 1.98739E-2 1.7959E-2
