Artocarpus heterophyllus SDM files/Last interglacial/results (with bias file)/Arthet_4.asc
ncols         625
nrows         721
xllcorner     69.99986311115
yllcorner     5.99986151914999
cellsize      0.041666667
NODATA_value  -9999
[rows 297 to 323 of 721, columns 305 to 365 of 625]
4.46995E-1 4.45115E-1 4.65158E-1 4.87077E-1 4.84744E-1 4.75497E-1 4.65619E-1 4.44034E-1 4.54131E-1 4.4226E-1 4.37637E-1 4.36405E-1 4.46879E-1 4.41089E-1 4.42736E-1 4.56196E-1 4.4671E-1 4.6072E-1 4.5707E-1 4.40414E-1 4.37373E-1 4.46159E-1 4.63044E-1 4.66389E-1 4.47124E-1 4.54248E-1 4.71122E-1 4.56944E-1 4.35617E-1 4.35841E-1 4.58184E-1 4.83947E-1 4.45598E-1 4.42366E-1 4.58689E-1 4.47644E-1 4.71579E-1 4.7095E-1 4.46849E-1 4.63735E-1 5.00604E-1 5.01167E-1 4.66529E-1 4.50394E-1 4.50575E-1 4.46553E-1 4.82517E-1 4.77435E-1 4.47027E-1 4.54752E-1 4.49077E-1 4.67631E-1 4.63347E-1 4.61914E-1 4.67845E-1 4.69911E-1 4.65002E-1 4.92959E-1 4.99947E-1 4.79736E-1 4.64698E-1
4.58013E-1 4.54408E-1 4.41571E-1 4.4819E-1 4.7258E-1 4.96671E-1 4.84191E-1 4.73767E-1 4.54752E-1 4.64287E-1 4.36453E-1 4.58478E-1 4.68693E-1 4.83896E-1 4.62129E-1 4.49667E-1 4.54469E-1 4.70256E-1 4.81642E-1 4.45302E-1 4.47224E-1 4.466E-1 4.45408E-1 4.41906E-1 4.45373E-1 4.48372E-1 4.70204E-1 4.92805E-1 4.98759E-1 4.90001E-1 4.64193E-1 4.56677E-1 4.46404E-1 4.6278E-1 4.80514E-1 4.63885E-1 5.21692E-1 4.9381E-1 4.47605E-1 4.61857E-1 4.74653E-1 4.86309E-1 5.04388E-1 5.001E-1 5.21424E-1 4.88089E-1 5.06378E-1 5.19099E-1 4.84482E-1 4.75372E-1 4.7069E-1 4.83105E-1 4.81641E-1 4.83388E-1 4.88284E-1 4.86771E-1 4.80883E-1 4.91543E-1 4.99243E-1 4.99461E-1 4.9087E-1
4.67267E-1 4.35913E-1 4.35364E-1 4.85351E-1 4.83274E-1 4.80779E-1 4.96717E-1 4.70603E-1 4.61809E-1 4.85622E-1 4.71494E-1 5.06222E-1 4.98667E-1 5.01204E-1 4.7693E-1 4.84838E-1 4.98805E-1 4.78286E-1 4.61994E-1 4.6246E-1 4.86377E-1 4.58493E-1 4.5394E-1 4.65113E-1 4.40395E-1 4.44701E-1 4.55159E-1 4.73102E-1 4.92622E-1 5.26491E-1 5.17167E-1 5.05171E-1 4.70678E-1 4.74113E-1 4.7642E-1 5.22611E-1 4.94147E-1 4.99955E-1 4.57112E-1 4.61183E-1 4.75488E-1 4.88141E-1 4.77347E-1 4.766E-1 5.10378E-1 5.35657E-1 5.15786E-1 4.88292E-1 5.02871E-1 4.94773E-1 4.95191E-1 4.98972E-1 5.00473E-1 5.04413E-1 4.93813E-1 4.85007E-1 4.84117E-1 4.87524E-1 4.92307E-1 4.98361E-1 4.80874E-1
4.74689E-1 4.65252E-1 4.37533E-1 4.75299E-1 4.5603E-1 4.5794E-1 4.53291E-1 4.59382E-1 4.82367E-1 4.85998E-1 4.74656E-1 4.84332E-1 4.92558E-1 4.89674E-1 4.81827E-1 4.86033E-1 4.88716E-1 4.90806E-1 4.95001E-1 4.84918E-1 4.99377E-1 4.99035E-1 4.77251E-1 4.59976E-1 4.38085E-1 4.4125E-1 4.49879E-1 4.58009E-1 4.5844E-1 4.86002E-1 5.24147E-1 5.2379E-1 4.87149E-1 4.74765E-1 4.94232E-1 4.90421E-1 5.44686E-1 5.09627E-1 4.50568E-1 4.54009E-1 4.51146E-1 4.8183E-1 5.22292E-1 4.82015E-1 4.83893E-1 5.17488E-1 4.72705E-1 4.82255E-1 4.92848E-1 5.03214E-1 5.03615E-1 5.07994E-1 5.10118E-1 5.09823E-1 5.00494E-1 4.98916E-1 5.03434E-1 5.00171E-1 4.97958E-1 4.98698E-1 4.89147E-1
4.41624E-1 4.48167E-1 4.56329E-1 4.54467E-1 4.82659E-1 5.06749E-1 5.01727E-1 4.7128E-1 4.7363E-1 4.81651E-1 4.73319E-1 4.8423E-1 4.71907E-1 4.7608E-1 4.81518E-1 4.9466E-1 4.94556E-1 4.74862E-1 4.77473E-1 4.71863E-1 4.92245E-1 5.2717E-1 5.30154E-1 4.61722E-1 4.42041E-1 4.42906E-1 4.49689E-1 5.02496E-1 4.96492E-1 5.02208E-1 5.16149E-1 4.89694E-1 4.56913E-1 4.62022E-1 4.77733E-1 4.88889E-1 5.0981E-1 5.41E-1 4.55726E-1 4.68574E-1 5.02845E-1 4.66272E-1 5.18446E-1 5.02239E-1 5.26865E-1 5.12096E-1 4.77055E-1 4.81447E-1 4.7528E-1 4.83679E-1 4.86825E-1 4.95681E-1 5.00077E-1 4.91556E-1 4.96992E-1 5.08253E-1 5.06057E-1 5.01424E-1 4.99699E-1 4.98232E-1 4.91987E-1
4.48431E-1 4.71636E-1 4.77107E-1 4.83758E-1 5.03487E-1 4.92287E-1 4.82891E-1 4.67483E-1 4.68229E-1 4.7531E-1 4.76428E-1 4.851E-1 4.91565E-1 4.89621E-1 4.88084E-1 4.85738E-1 5.01953E-1 4.89312E-1 4.71293E-1 4.80122E-1 5.0828E-1 4.92716E-1 5.33927E-1 4.67246E-1 4.92981E-1 4.99995E-1 4.57527E-1 4.87172E-1 5.19166E-1 5.35093E-1 5.13941E-1 4.8453E-1 4.53264E-1 4.61173E-1 4.62592E-1 4.79222E-1 5.10304E-1 4.96787E-1 4.56653E-1 4.82452E-1 5.22737E-1 5.1217E-1 5.09429E-1 5.15773E-1 4.9676E-1 4.81231E-1 4.87545E-1 4.92845E-1 4.8959E-1 5.03735E-1 4.9839E-1 4.93945E-1 5.05451E-1 4.9444E-1 4.96355E-1 4.97297E-1 4.96422E-1 5.02105E-1 5.04506E-1 5.02974E-1 5.06385E-1
4.78377E-1 4.76062E-1 4.79313E-1 4.71624E-1 4.80884E-1 4.89076E-1 4.87859E-1 4.77781E-1 4.67225E-1 4.81543E-1 4.8678E-1 4.85828E-1 4.81525E-1 4.72802E-1 4.73118E-1 4.82716E-1 4.81704E-1 4.71815E-1 4.66118E-1 4.72598E-1 4.91556E-1 5.12987E-1 5.32968E-1 4.84881E-1 4.82106E-1 5.20914E-1 4.89717E-1 5.11839E-1 5.2241E-1 5.18638E-1 5.18037E-1 4.7359E-1 4.60629E-1 4.63194E-1 4.62563E-1 4.88931E-1 5.40774E-1 5.32128E-1 4.82178E-1 4.55687E-1 4.99485E-1 5.49548E-1 5.36791E-1 5.30946E-1 4.79281E-1 4.73802E-1 4.77251E-1 4.81403E-1 4.88371E-1 4.97581E-1 5.07075E-1 5.01773E-1 5.02565E-1 5.03525E-1 4.95012E-1 4.98768E-1 5.01985E-1 4.94975E-1 4.99739E-1 5.11412E-1 5.09124E-1
4.85048E-1 4.71505E-1 4.75182E-1 4.80534E-1 4.79363E-1 4.82853E-1 4.9691E-1 4.89385E-1 4.75221E-1 4.74332E-1 4.7844E-1 4.77471E-1 4.75955E-1 4.71762E-1 4.79304E-1 4.74331E-1 4.80253E-1 4.87396E-1 4.90035E-1 4.80799E-1 4.81431E-1 4.88444E-1 5.03116E-1 4.92743E-1 4.88722E-1 4.95744E-1 5.10956E-1 5.15405E-1 5.17508E-1 5.13671E-1 5.24625E-1 5.17969E-1 4.99501E-1 4.87699E-1 5.03886E-1 5.25043E-1 5.47474E-1 5.3269E-1 5.00534E-1 4.55351E-1 4.66126E-1 5.13405E-1 5.3812E-1 5.0559E-1 4.85535E-1 4.87986E-1 4.84323E-1 4.94179E-1 4.92291E-1 5.12629E-1 5.05689E-1 5.09593E-1 5.11129E-1 5.06148E-1 4.92962E-1 4.90724E-1 5.05123E-1 5.06631E-1 5.01671E-1 5.07558E-1 5.06003E-1
4.83313E-1 4.81746E-1 4.77825E-1 4.92903E-1 4.872E-1 4.86266E-1 4.88146E-1 4.95577E-1 4.78715E-1 4.76544E-1 4.77389E-1 4.7688E-1 4.77997E-1 4.7984E-1 4.78663E-1 4.79131E-1 4.77998E-1 4.76352E-1 4.88368E-1 4.89838E-1 4.69088E-1 4.71259E-1 4.87417E-1 4.96116E-1 4.84057E-1 4.8051E-1 4.83005E-1 4.96919E-1 5.02836E-1 4.96492E-1 5.03315E-1 4.99073E-1 4.90566E-1 4.85305E-1 5.02414E-1 5.31545E-1 5.3154E-1 5.33353E-1 5.02319E-1 4.72007E-1 5.2785E-1 4.96506E-1 4.68251E-1 4.74009E-1 4.78408E-1 4.74156E-1 4.92329E-1 5.06416E-1 5.17248E-1 5.06885E-1 5.18829E-1 5.14219E-1 5.15743E-1 5.00154E-1 5.05388E-1 5.05713E-1 5.04264E-1 5.15074E-1 5.16108E-1 5.10986E-1 4.96547E-1
4.86542E-1 4.76661E-1 4.83722E-1 4.96211E-1 4.78523E-1 4.90542E-1 4.95843E-1 4.97699E-1 4.87581E-1 4.74698E-1 4.78726E-1 4.76601E-1 4.82603E-1 4.72674E-1 4.76843E-1 4.96102E-1 4.99921E-1 4.92482E-1 4.90894E-1 4.87988E-1 4.7916E-1 4.79441E-1 4.91099E-1 5.02346E-1 4.81204E-1 5.05777E-1 4.87079E-1 4.70935E-1 4.8083E-1 4.84402E-1 4.87439E-1 5.14005E-1 4.95284E-1 4.72018E-1 4.83503E-1 5.16821E-1 5.06946E-1 5.43486E-1 4.99957E-1 4.81405E-1 4.99867E-1 5.12746E-1 4.80102E-1 4.7072E-1 4.76753E-1 4.84584E-1 4.85393E-1 4.97217E-1 5.03446E-1 4.9224E-1 4.9805E-1 5.03935E-1 5.13477E-1 5.11524E-1 4.99339E-1 5.13989E-1 5.11078E-1 5.15652E-1 5.15829E-1 5.13849E-1 5.00977E-1
4.82598E-1 4.86373E-1 4.81107E-1 4.85893E-1 4.74917E-1 4.8284E-1 4.84523E-1 4.95395E-1 4.96518E-1 4.83555E-1 4.82088E-1 4.77966E-1 4.76807E-1 4.84988E-1 4.91573E-1 4.83238E-1 4.83528E-1 4.92198E-1 5.03834E-1 5.05511E-1 4.81164E-1 5.15434E-1 5.13388E-1 4.90831E-1 5.00332E-1 4.76499E-1 4.98467E-1 5.10088E-1 4.84063E-1 4.88878E-1 4.91796E-1 4.96767E-1 5.37635E-1 4.93442E-1 4.72977E-1 4.84378E-1 4.92025E-1 5.31839E-1 5.12892E-1 4.78106E-1 5.25462E-1 4.86817E-1 4.79621E-1 4.90178E-1 5.01035E-1 4.98096E-1 4.89321E-1 4.74292E-1 4.94E-1 5.00258E-1 4.92422E-1 5.00668E-1 5.08863E-1 5.10627E-1 5.03233E-1 4.97342E-1 5.04878E-1 5.16157E-1 5.14146E-1 5.04452E-1 4.97983E-1
4.88679E-1 5.02256E-1 4.87078E-1 5.04719E-1 4.83681E-1 4.85722E-1 4.94659E-1 4.9765E-1 4.97229E-1 4.95759E-1 4.90962E-1 4.79637E-1 4.74605E-1 4.92478E-1 4.89834E-1 4.84289E-1 4.83932E-1 4.77269E-1 4.86489E-1 5.37902E-1 5.03664E-1 5.24848E-1 5.2688E-1 4.91214E-1 5.07784E-1 4.98444E-1 5.07316E-1 4.81224E-1 5.12337E-1 4.87922E-1 4.93696E-1 4.94753E-1 4.92664E-1 4.76223E-1 4.69672E-1 4.80617E-1 4.84883E-1 5.04343E-1 5.16312E-1 5.09927E-1 5.10092E-1 4.90522E-1 4.81396E-1 4.70589E-1 4.85384E-1 5.01794E-1 4.81847E-1 4.85648E-1 4.9855E-1 4.97317E-1 4.99359E-1 5.0325E-1 5.07671E-1 5.10273E-1 5.02337E-1 4.90776E-1 4.92864E-1 5.13585E-1 5.12199E-1 5.0202E-1 4.98752E-1
4.9241E-1 4.99879E-1 5.0567E-1 5.10888E-1 4.90968E-1 4.85159E-1 4.89444E-1 4.92206E-1 5.0899E-1 5.04556E-1 4.92335E-1 4.84289E-1 4.92543E-1 5.16528E-1 5.04083E-1 4.78454E-1 5.02244E-1 4.88813E-1 4.67919E-1 4.94045E-1 5.3066E-1 5.26919E-1 5.19256E-1 5.08656E-1 4.81824E-1 4.8898E-1 5.21897E-1 5.08408E-1 5.1807E-1 5.01324E-1 4.86395E-1 5.04029E-1 5.03359E-1 4.85484E-1 4.98391E-1 4.62922E-1 4.77659E-1 4.84359E-1 4.94153E-1 5.21542E-1 5.26911E-1 5.1008E-1 4.76599E-1 4.88049E-1 4.87316E-1 4.82233E-1 4.83311E-1 4.96262E-1 5.04475E-1 5.09807E-1 5.11009E-1 4.96206E-1 4.91526E-1 5.00376E-1 5.04732E-1 4.9803E-1 4.92924E-1 5.08914E-1 5.05196E-1 5.0354E-1 4.93812E-1
5.0096E-1 4.88566E-1 5.01084E-1 5.04598E-1 4.9092E-1 4.80362E-1 4.94091E-1 4.89038E-1 4.9715E-1 4.9733E-1 4.91808E-1 4.85669E-1 5.02056E-1 5.0258E-1 5.08383E-1 4.84484E-1 4.9587E-1 5.13968E-1 4.92719E-1 4.97412E-1 5.43187E-1 5.46868E-1 5.24366E-1 5.1396E-1 4.8012E-1 4.8703E-1 5.03355E-1 5.2514E-1 5.22216E-1 4.90727E-1 4.87376E-1 4.99324E-1 5.32202E-1 5.1592E-1 4.95951E-1 4.84896E-1 4.66754E-1 4.81834E-1 4.89557E-1 5.10282E-1 5.25464E-1 5.28413E-1 4.83963E-1 4.79351E-1 4.76192E-1 4.86113E-1 4.88665E-1 4.79248E-1 4.93308E-1 4.96687E-1 5.07745E-1 4.87126E-1 4.80954E-1 4.9209E-1 4.90199E-1 4.97075E-1 5.01853E-1 5.09692E-1 5.05022E-1 5.038E-1 5.00368E-1
4.85837E-1 4.82454E-1 4.86058E-1 5.00712E-1 5.05618E-1 5.02908E-1 4.94653E-1 4.93233E-1 4.90229E-1 4.83756E-1 4.85715E-1 4.86079E-1 5.00229E-1 5.18462E-1 5.11764E-1 4.91409E-1 4.94895E-1 5.05995E-1 5.38783E-1 5.40801E-1 5.4156E-1 5.35119E-1 5.29092E-1 5.08065E-1 5.0986E-1 4.91282E-1 4.89022E-1 5.04895E-1 5.25314E-1 5.0609E-1 4.90761E-1 5.18708E-1 5.39416E-1 5.23899E-1 5.09054E-1 4.82649E-1 4.8566E-1 4.68173E-1 4.74385E-1 4.88525E-1 5.08007E-1 5.41241E-1 4.92705E-1 4.83999E-1 4.80197E-1 4.92558E-1 4.9103E-1 4.83464E-1 4.76108E-1 4.95223E-1 5.1176E-1 4.98878E-1 4.74836E-1 4.88468E-1 4.86725E-1 4.98903E-1 5.0197E-1 4.99496E-1 5.05806E-1 5.06522E-1 5.00021E-1
5.05317E-1 4.84155E-1 4.87012E-1 4.92074E-1 4.9744E-1 4.95796E-1 4.97001E-1 4.91699E-1 4.9407E-1 4.92594E-1 4.82257E-1 4.82289E-1 4.78553E-1 4.82136E-1 5.00418E-1 5.01104E-1 4.80305E-1 4.92721E-1 4.95042E-1 4.99774E-1 5.28256E-1 5.16894E-1 5.06594E-1 5.20158E-1 5.18137E-1 5.13876E-1 5.2675E-1 5.1493E-1 5.01309E-1 5.21987E-1 5.1559E-1 4.87252E-1 5.16819E-1 5.27327E-1 5.09422E-1 4.95826E-1 5.0374E-1 4.89897E-1 4.76331E-1 4.67981E-1 4.8195E-1 5.0775E-1 5.02497E-1 4.81071E-1 4.89073E-1 4.93393E-1 4.92477E-1 4.9324E-1 4.77701E-1 4.81287E-1 5.0312E-1 5.03305E-1 4.80184E-1 4.78793E-1 4.91866E-1 4.98184E-1 4.92674E-1 4.96887E-1 4.90988E-1 4.99032E-1 5.01136E-1
5.00259E-1 4.8356E-1 5.00387E-1 5.01515E-1 5.05676E-1 4.92724E-1 5.01641E-1 4.97771E-1 4.94697E-1 5.02757E-1 4.8223E-1 4.89353E-1 4.84791E-1 4.82502E-1 4.78895E-1 4.85195E-1 4.76916E-1 4.70618E-1 4.74492E-1 4.84513E-1 4.89436E-1 5.01758E-1 4.73647E-1 4.92977E-1 4.68901E-1 4.85097E-1 5.04611E-1 5.1967E-1 5.22321E-1 5.1665E-1 5.20319E-1 4.97812E-1 4.80639E-1 4.84893E-1 4.88221E-1 4.92185E-1 5.17047E-1 4.97821E-1 5.0201E-1 4.7857E-1 4.82702E-1 4.95826E-1 5.10231E-1 4.80505E-1 4.79411E-1 4.79155E-1 4.75912E-1 4.83635E-1 4.75668E-1 4.81301E-1 4.86886E-1 5.08314E-1 4.98492E-1 4.76706E-1 4.85369E-1 4.89484E-1 4.9146E-1 4.92929E-1 5.04306E-1 4.96113E-1 5.00215E-1
4.87773E-1 4.81504E-1 5.01386E-1 5.10331E-1 5.10809E-1 4.95052E-1 4.95151E-1 5.05E-1 5.11771E-1 5.0295E-1 4.95062E-1 4.89932E-1 4.98839E-1 4.9974E-1 5.15241E-1 5.01438E-1 5.11443E-1 4.68634E-1 4.73361E-1 5.14134E-1 4.71379E-1 4.63701E-1 4.74025E-1 4.70273E-1 4.61074E-1 4.54595E-1 4.67925E-1 4.91901E-1 5.13305E-1 5.0371E-1 5.24645E-1 5.06971E-1 5.12305E-1 5.00895E-1 4.92011E-1 4.93179E-1 5.06151E-1 4.98801E-1 4.90405E-1 4.85544E-1 4.66105E-1 4.93151E-1 4.95721E-1 4.89467E-1 4.98597E-1 4.82821E-1 4.76912E-1 4.79733E-1 4.73056E-1 4.88487E-1 5.03717E-1 5.04932E-1 4.99312E-1 4.85953E-1 4.84199E-1 4.8168E-1 4.81586E-1 4.90609E-1 4.94104E-1 5.11895E-1 5.08817E-1
4.90256E-1 4.83723E-1 4.8498E-1 4.95939E-1 5.02267E-1 5.07531E-1 5.03302E-1 4.99838E-1 5.07276E-1 5.26179E-1 5.07202E-1 5.04962E-1 5.38174E-1 5.27937E-1 5.39618E-1 5.14447E-1 5.25899E-1 4.62605E-1 4.71185E-1 5.0553E-1 5.08496E-1 4.62213E-1 4.75213E-1 4.97969E-1 4.67109E-1 4.62327E-1 4.61263E-1 4.79858E-1 4.83712E-1 4.91123E-1 5.04615E-1 5.26534E-1 5.21416E-1 5.13905E-1 4.89507E-1 4.94257E-1 5.09145E-1 4.99728E-1 4.95115E-1 4.90934E-1 4.79313E-1 4.87676E-1 5.18653E-1 5.11728E-1 5.23873E-1 4.9258E-1 4.83968E-1 4.78798E-1 4.80467E-1 4.74558E-1 4.82061E-1 4.85319E-1 4.85966E-1 4.98476E-1 5.00188E-1 4.98165E-1 4.83453E-1 5.01233E-1 5.01865E-1 5.02051E-1 5.00233E-1
5.06279E-1 4.90288E-1 4.87071E-1 4.87068E-1 4.93592E-1 5.11024E-1 5.11975E-1 4.96948E-1 4.83975E-1 5.14955E-1 5.35633E-1 5.41447E-1 5.20798E-1 5.37849E-1 5.37993E-1 5.16096E-1 4.68381E-1 4.60084E-1 4.67184E-1 4.72563E-1 4.84311E-1 4.85942E-1 4.6788E-1 4.95725E-1 4.8746E-1 4.60658E-1 4.51448E-1 4.5835E-1 4.60862E-1 4.69475E-1 4.70029E-1 4.93296E-1 5.33289E-1 5.2254E-1 4.93652E-1 4.90801E-1 4.94145E-1 5.04662E-1 4.85981E-1 4.83348E-1 4.9563E-1 4.79088E-1 4.68897E-1 4.84436E-1 4.9523E-1 4.9449E-1 4.93458E-1 4.86181E-1 4.81658E-1 4.87409E-1 4.7127E-1 4.7372E-1 4.82664E-1 4.78552E-1 4.9835E-1 4.96922E-1 4.87326E-1 4.82661E-1 4.86429E-1 4.80137E-1 5.05833E-1
4.99467E-1 4.99933E-1 5.00289E-1 4.9065E-1 4.90124E-1 4.95334E-1 5.09041E-1 5.00482E-1 4.81835E-1 5.00951E-1 5.6653E-1 5.549E-1 5.49209E-1 5.45529E-1 5.34576E-1 5.22797E-1 4.86741E-1 4.8323E-1 4.67941E-1 4.70173E-1 4.96307E-1 4.98146E-1 4.69159E-1 4.95866E-1 5.10371E-1 4.87898E-1 4.54174E-1 4.56493E-1 4.65314E-1 4.78501E-1 4.68197E-1 4.79847E-1 5.22193E-1 5.22416E-1 5.08683E-1 4.88069E-1 4.85394E-1 5.04351E-1 5.01365E-1 4.9861E-1 4.90837E-1 4.83246E-1 4.73818E-1 4.65286E-1 4.89676E-1 4.95322E-1 4.84491E-1 4.79284E-1 4.83239E-1 4.83006E-1 4.85961E-1 4.74898E-1 4.8249E-1 4.8134E-1 4.81433E-1 4.92603E-1 4.94213E-1 4.85456E-1 4.77995E-1 4.58828E-1 4.89608E-1
4.91365E-1 4.79472E-1 4.82731E-1 4.74599E-1 4.86677E-1 5.07961E-1 5.01303E-1 4.91852E-1 4.90036E-1 4.8268E-1 5.15977E-1 5.24979E-1 5.40429E-1 5.43652E-1 5.39834E-1 5.30515E-1 4.87993E-1 4.67649E-1 4.71156E-1 4.82302E-1 4.83456E-1 4.78704E-1 4.71192E-1 4.82992E-1 5.08354E-1 5.10181E-1 4.51947E-1 4.55063E-1 4.60305E-1 4.762E-1 4.91958E-1 4.70435E-1 4.77754E-1 4.8199E-1 5.00599E-1 4.86495E-1 4.76764E-1 4.79721E-1 4.85922E-1 5.01538E-1 4.89957E-1 4.65785E-1 4.88037E-1 4.61462E-1 4.95425E-1 5.07588E-1 4.95925E-1 4.90645E-1 4.85692E-1 4.93885E-1 4.85309E-1 4.99559E-1 4.99331E-1 4.91939E-1 4.81533E-1 4.77261E-1 4.98431E-1 5.07955E-1 4.80812E-1 4.75016E-1 4.84114E-1
4.8165E-1 4.66677E-1 4.67254E-1 4.91003E-1 4.99753E-1 5.20819E-1 5.05099E-1 5.06234E-1 4.90002E-1 5.38442E-1 5.1287E-1 4.46054E-1 4.90074E-1 5.01483E-1 5.00892E-1 5.12607E-1 4.83564E-1 4.70375E-1 4.81555E-1 4.88403E-1 4.73338E-1 4.67484E-1 4.75715E-1 4.74601E-1 4.81005E-1 4.9857E-1 4.70076E-1 4.66147E-1 4.62254E-1 4.81959E-1 4.88576E-1 4.81391E-1 4.72081E-1 4.7845E-1 4.78262E-1 4.81851E-1 4.62884E-1 4.60413E-1 4.82257E-1 4.90526E-1 4.75582E-1 4.77014E-1 4.86186E-1 4.67083E-1 4.78849E-1 5.10006E-1 5.12305E-1 4.95575E-1 4.86227E-1 4.80541E-1 4.89241E-1 4.8539E-1 5.03712E-1 5.08816E-1 5.0255E-1 4.8242E-1 4.70063E-1 4.96121E-1 4.70573E-1 4.58031E-1 4.83322E-1
4.82377E-1 4.73973E-1 4.72289E-1 4.86673E-1 5.07735E-1 5.05118E-1 5.38494E-1 5.3451E-1 5.04666E-1 5.29053E-1 4.9393E-1 4.73795E-1 4.59515E-1 4.98303E-1 4.81944E-1 4.7794E-1 4.78359E-1 4.77062E-1 4.88918E-1 4.81955E-1 4.71987E-1 4.65812E-1 4.68323E-1 4.73547E-1 4.74447E-1 4.86133E-1 4.53467E-1 4.55509E-1 4.56635E-1 4.68401E-1 4.86427E-1 4.88761E-1 4.88964E-1 4.82136E-1 4.8679E-1 4.96878E-1 4.75804E-1 4.66648E-1 4.73148E-1 4.79399E-1 4.65729E-1 4.69872E-1 4.7867E-1 4.68145E-1 4.70952E-1 4.85831E-1 5.07073E-1 4.96805E-1 4.93445E-1 4.88145E-1 4.83037E-1 4.78053E-1 4.8635E-1 5.08853E-1 4.84038E-1 4.46251E-1 4.71617E-1 5.00809E-1 4.91736E-1 4.69243E-1 4.92122E-1
4.89609E-1 5.01049E-1 4.72981E-1 4.70677E-1 4.83804E-1 4.90555E-1 5.05976E-1 5.1487E-1 4.73466E-1 4.72672E-1 4.93757E-1 4.96177E-1 4.76662E-1 4.66124E-1 4.89234E-1 4.86414E-1 4.76502E-1 4.82356E-1 4.90497E-1 4.71432E-1 4.59852E-1 4.66395E-1 4.60468E-1 4.65865E-1 4.66417E-1 4.64726E-1 4.51436E-1 4.55364E-1 4.58712E-1 4.60865E-1 4.77023E-1 4.95864E-1 4.86641E-1 4.6832E-1 4.84124E-1 4.69787E-1 4.6655E-1 4.65738E-1 4.69133E-1 4.78856E-1 4.79793E-1 4.6874E-1 4.72058E-1 4.81267E-1 4.82267E-1 4.90626E-1 5.01159E-1 5.06047E-1 4.95262E-1 4.90384E-1 4.88522E-1 4.7287E-1 4.83383E-1 4.83823E-1 4.65914E-1 4.592E-1 4.65775E-1 5.02739E-1 5.1706E-1 4.7368E-1 5.05661E-1
5.00004E-1 5.18508E-1 5.08917E-1 4.92351E-1 4.69125E-1 5.04976E-1 5.04902E-1 4.70669E-1 4.51256E-1 4.50956E-1 4.65276E-1 5.01714E-1 4.71021E-1 4.64854E-1 4.95804E-1 4.81064E-1 4.85138E-1 4.90912E-1 4.90579E-1 4.7433E-1 4.63734E-1 4.62962E-1 4.60138E-1 4.58094E-1 4.61366E-1 4.57788E-1 4.58134E-1 4.62928E-1 4.6183E-1 4.58633E-1 4.72138E-1 5.00418E-1 4.95248E-1 4.62025E-1 4.77802E-1 4.69217E-1 4.65049E-1 4.70486E-1 4.70789E-1 4.74721E-1 4.75947E-1 4.81047E-1 4.82575E-1 4.79063E-1 4.88857E-1 4.83523E-1 5.00722E-1 4.99024E-1 4.85977E-1 4.88256E-1 4.92873E-1 4.73878E-1 4.89273E-1 4.88643E-1 4.94564E-1 4.76401E-1 4.71586E-1 4.91273E-1 4.75795E-1 4.65942E-1 4.68348E-1
5.22919E-1 5.37781E-1 4.85994E-1 5.09438E-1 5.10765E-1 5.11871E-1 4.89504E-1 4.47417E-1 4.53412E-1 4.54355E-1 4.54124E-1 4.66271E-1 4.75132E-1 4.77565E-1 5.04956E-1 4.83435E-1 4.84773E-1 4.91114E-1 4.9473E-1 4.98334E-1 4.8826E-1 4.79208E-1 4.67266E-1 4.66883E-1 4.59291E-1 4.67522E-1 4.7283E-1 4.62004E-1 4.58746E-1 4.62482E-1 4.70643E-1 4.7654E-1 4.81509E-1 4.71942E-1 4.75538E-1 4.74072E-1 4.74876E-1 4.67493E-1 4.74854E-1 4.83075E-1 4.92155E-1 4.89555E-1 4.78462E-1 4.82175E-1 4.95119E-1 5.03735E-1 5.07184E-1 4.86487E-1 4.85803E-1 4.84361E-1 4.97329E-1 4.77095E-1 4.73397E-1 4.61567E-1 4.92113E-1 4.99112E-1 4.77575E-1 4.78493E-1 4.77609E-1 4.78153E-1 4.67939E-1
