Artocarpus heterophyllus SDM files/Last interglacial/results (with bias file)/Arthet_min.asc
ncols         625
nrows         721
xllcorner     69.99986311115
yllcorner     5.99986151914999
cellsize      0.041666667
NODATA_value  -9999
[rows 162 to 188 of 721, columns 122 to 182 of 625]
4.36923E-1 4.35886E-1 4.38266E-1 4.37865E-1 4.37044E-1 4.39553E-1 4.40995E-1 4.4385E-1 4.50517E-1 4.533E-1 4.50836E-1 4.51625E-1 4.56656E-1 4.60188E-1 4.60712E-1 4.63518E-1 4.66232E-1 4.652E-1 4.72036E-1 4.75687E-1 4.78283E-1 4.81268E-1 4.8822E-1 4.88653E-1 4.43981E-1 4.46766E-1 4.52017E-1 4.5508E-1 4.53099E-1 4.60213E-1 4.60481E-1 4.60748E-1 4.63035E-1 4.65441E-1 4.73526E-1 4.73351E-1 4.75707E-1 4.80259E-1 4.79419E-1 4.79241E-1 4.84057E-1 4.83409E-1 4.86257E-1 4.86547E-1 4.88234E-1 4.88111E-1 4.84963E-1 4.87478E-1 4.84781E-1 4.85097E-1 4.86687E-1 4.85156E-1 4.8771E-1 4.85423E-1 4.86079E-1 4.8872E-1 4.95997E-1 4.94185E-1 4.94821E-1 5.00547E-1 5.00818E-1
4.3345E-1 4.36681E-1 4.37934E-1 4.38553E-1 4.40226E-1 4.40131E-1 4.46234E-1 4.41196E-1 4.50204E-1 4.5059E-1 4.53969E-1 4.51223E-1 4.54334E-1 4.56876E-1 4.58369E-1 4.58644E-1 4.61743E-1 4.63048E-1 4.72224E-1 4.72158E-1 4.72823E-1 4.78733E-1 4.44064E-1 4.45723E-1 4.43435E-1 4.46766E-1 4.52017E-1 4.54697E-1 4.54528E-1 4.54964E-1 4.60651E-1 4.62595E-1 4.6288E-1 4.65614E-1 4.67758E-1 4.75046E-1 4.77815E-1 4.80083E-1 4.84631E-1 4.84414E-1 4.84414E-1 4.86223E-1 4.83858E-1 4.85882E-1 4.88143E-1 4.90348E-1 4.84301E-1 4.89533E-1 4.82334E-1 4.84705E-1 4.84974E-1 4.88351E-1 4.9018E-1 4.92746E-1 4.93761E-1 4.96422E-1 4.99273E-1 5.02115E-1 5.02031E-1 5.02691E-1 5.05915E-1
4.35581E-1 4.37278E-1 4.37455E-1 4.38965E-1 4.38909E-1 4.45011E-1 4.48559E-1 4.44188E-1 4.48352E-1 4.49651E-1 4.50692E-1 4.51186E-1 4.51858E-1 4.52516E-1 4.53137E-1 4.56622E-1 4.68471E-1 4.65685E-1 4.68435E-1 4.71971E-1 4.71971E-1 4.72584E-1 4.43634E-1 4.43634E-1 4.45989E-1 4.43865E-1 4.52017E-1 4.54261E-1 4.52283E-1 4.59828E-1 4.62498E-1 4.6031E-1 4.65172E-1 4.70363E-1 4.72692E-1 4.74871E-1 4.80044E-1 4.85042E-1 4.84808E-1 4.81822E-1 4.84215E-1 4.86222E-1 4.86061E-1 4.8561E-1 4.88108E-1 4.87533E-1 4.86903E-1 4.91575E-1 4.87312E-1 4.82196E-1 4.88065E-1 4.88082E-1 4.91095E-1 4.93113E-1 4.95859E-1 4.98796E-1 5.01927E-1 5.01927E-1 5.02678E-1 5.08396E-1 5.13792E-1
4.35087E-1 4.34551E-1 4.44308E-1 4.3585E-1 4.45504E-1 4.47225E-1 4.47315E-1 4.46962E-1 4.48301E-1 4.50608E-1 4.53497E-1 4.54642E-1 4.51909E-1 4.53099E-1 4.56016E-1 4.56776E-1 4.6562E-1 4.64976E-1 4.67877E-1 4.68435E-1 4.71784E-1 4.81616E-1 4.40743E-1 4.43469E-1 4.43899E-1 4.45989E-1 4.51067E-1 4.52017E-1 4.54093E-1 4.59219E-1 4.59657E-1 4.6238E-1 4.67273E-1 4.67758E-1 4.72692E-1 4.75046E-1 4.79596E-1 4.84592E-1 4.87012E-1 4.86561E-1 4.8355E-1 4.83372E-1 4.83137E-1 4.8561E-1 4.87657E-1 4.89917E-1 4.89464E-1 4.84928E-1 4.84749E-1 4.81594E-1 4.87343E-1 4.8742E-1 4.9025E-1 4.92989E-1 4.95589E-1 4.96314E-1 5.06755E-1 4.96776E-1 5.07589E-1 5.11013E-1 5.11744E-1
4.3896E-1 4.39123E-1 4.41282E-1 4.44418E-1 4.42465E-1 4.45717E-1 4.45197E-1 4.46802E-1 4.49126E-1 4.50565E-1 4.5068E-1 4.51425E-1 4.52024E-1 4.60367E-1 4.55466E-1 4.55986E-1 4.5945E-1 4.64976E-1 4.68792E-1 4.68198E-1 4.70892E-1 4.38372E-1 4.40578E-1 4.40578E-1 4.41387E-1 4.50952E-1 4.53495E-1 4.53159E-1 4.53594E-1 4.54245E-1 4.6442E-1 4.64249E-1 4.66831E-1 4.74384E-1 4.76819E-1 4.79437E-1 4.82396E-1 4.86737E-1 4.86737E-1 4.86362E-1 4.83726E-1 4.85555E-1 4.89966E-1 4.92871E-1 4.90095E-1 4.8999E-1 4.89143E-1 4.85106E-1 4.84478E-1 4.81669E-1 4.87073E-1 4.89794E-1 4.90065E-1 4.98146E-1 5.00634E-1 5.00723E-1 5.034E-1 4.99715E-1 5.05154E-1 5.10807E-1 5.11474E-1
4.37956E-1 4.39301E-1 4.40479E-1 4.40872E-1 4.44383E-1 4.45816E-1 4.47427E-1 4.47564E-1 4.49216E-1 4.50914E-1 4.50446E-1 4.51591E-1 4.49228E-1 4.50499E-1 4.54425E-1 4.57887E-1 4.6553E-1 4.68403E-1 4.67913E-1 4.32704E-1 4.32541E-1 4.3786E-1 4.40893E-1 4.40578E-1 4.45788E-1 4.48466E-1 4.51386E-1 4.5578E-1 4.56048E-1 4.61188E-1 4.61188E-1 4.66171E-1 4.66831E-1 4.76722E-1 4.79552E-1 4.79378E-1 4.84142E-1 4.88984E-1 4.85891E-1 4.86539E-1 4.86084E-1 4.86084E-1 4.90321E-1 4.87533E-1 4.9045E-1 4.89497E-1 4.88868E-1 4.84617E-1 4.8399E-1 4.86403E-1 4.86675E-1 4.94625E-1 4.97598E-1 4.97872E-1 5.00361E-1 5.01091E-1 5.03487E-1 4.99235E-1 5.0553E-1 5.15674E-1 5.18741E-1
4.16417E-1 4.4142E-1 4.39328E-1 4.42584E-1 4.44528E-1 4.41991E-1 4.45918E-1 4.47646E-1 4.47748E-1 4.51958E-1 4.51313E-1 4.50833E-1 4.5168E-1 4.51782E-1 4.56213E-1 4.59638E-1 4.62617E-1 4.29371E-1 4.2975E-1 4.32487E-1 4.32487E-1 4.3786E-1 4.38287E-1 4.40893E-1 4.48034E-1 4.49871E-1 4.50304E-1 4.5323E-1 4.5578E-1 4.63242E-1 4.63682E-1 4.65821E-1 4.65921E-1 4.78831E-1 4.79105E-1 4.81686E-1 4.81512E-1 4.86517E-1 4.86319E-1 4.86319E-1 4.88518E-1 4.93503E-1 4.88059E-1 4.87257E-1 4.87081E-1 4.86507E-1 4.81816E-1 4.81641E-1 4.84167E-1 4.86091E-1 4.86582E-1 4.91695E-1 4.94806E-1 4.98054E-1 4.98233E-1 5.01275E-1 5.06639E-1 5.0376E-1 5.10455E-1 5.18383E-1 5.1343E-1
4.14148E-1 4.13784E-1 4.14171E-1 4.41325E-1 4.16063E-1 4.44426E-1 4.45716E-1 4.16679E-1 4.47284E-1 4.1819E-1 4.19637E-1 4.51313E-1 4.53856E-1 4.54311E-1 4.55274E-1 4.5556E-1 4.23707E-1 4.27895E-1 4.27474E-1 4.28273E-1 4.35035E-1 4.4015E-1 4.40083E-1 4.41902E-1 4.42331E-1 4.49792E-1 4.50225E-1 4.52845E-1 4.60011E-1 4.62802E-1 4.63242E-1 4.6559E-1 4.68176E-1 4.78566E-1 4.79014E-1 4.81464E-1 4.82285E-1 4.89312E-1 4.89132E-1 4.8868E-1 4.88067E-1 4.90309E-1 4.88059E-1 4.9013E-1 4.89502E-1 4.88945E-1 4.88859E-1 4.86895E-1 4.89087E-1 4.8891E-1 4.88733E-1 4.89677E-1 4.94806E-1 4.9526E-1 4.98113E-1 5.0042E-1 5.06726E-1 5.03857E-1 5.09596E-1 5.12755E-1 5.16135E-1
4.14172E-1 4.14561E-1 4.14171E-1 4.14171E-1 4.14209E-1 4.16063E-1 4.14522E-1 4.14492E-1 4.1433E-1 4.17142E-1 4.17523E-1 4.19945E-1 4.2018E-1 4.20657E-1 4.20344E-1 4.20305E-1 4.25374E-1 4.25855E-1 4.25288E-1 4.27474E-1 4.34938E-1 4.37268E-1 4.39317E-1 4.39559E-1 4.46445E-1 4.48973E-1 4.49792E-1 4.54878E-1 4.59741E-1 4.60011E-1 4.64928E-1 4.68133E-1 4.75677E-1 4.78541E-1 4.78989E-1 4.81433E-1 4.87341E-1 4.89359E-1 4.8868E-1 4.90888E-1 4.85909E-1 4.90483E-1 4.89907E-1 4.89455E-1 4.88828E-1 4.86754E-1 4.89804E-1 4.86223E-1 4.86895E-1 4.89453E-1 4.8891E-1 4.89638E-1 4.95343E-1 4.99875E-1 4.98294E-1 5.00785E-1 5.00603E-1 5.06382E-1 5.09322E-1 5.12488E-1 5.10056E-1
4.1376E-1 4.11935E-1 4.11935E-1 4.11975E-1 4.14171E-1 4.1236E-1 4.12743E-1 4.12261E-1 4.14492E-1 4.16979E-1 4.17108E-1 4.17288E-1 4.17747E-1 4.19764E-1 4.27249E-1 4.27315E-1 4.22619E-1 4.25594E-1 4.33043E-1 4.31552E-1 4.36336E-1 4.36762E-1 4.41541E-1 4.39097E-1 4.46815E-1 4.46609E-1 4.48747E-1 4.49998E-1 4.55085E-1 4.64884E-1 4.65325E-1 4.67546E-1 4.75085E-1 4.78145E-1 4.80985E-1 4.81894E-1 4.89403E-1 4.87352E-1 4.8645E-1 4.85827E-1 4.90258E-1 4.90205E-1 4.90081E-1 4.86934E-1 4.86811E-1 4.91459E-1 4.91284E-1 4.89303E-1 4.9111E-1 4.86499E-1 4.8869E-1 4.89539E-1 4.95038E-1 5.02825E-1 5.02921E-1 5.00052E-1 5.02826E-1 5.05983E-1 5.12213E-1 5.12213E-1 5.15192E-1
4.11499E-1 4.11548E-1 4.16114E-1 4.09721E-1 4.11564E-1 4.1236E-1 4.12743E-1 4.14593E-1 4.16499E-1 4.14873E-1 4.15099E-1 4.17108E-1 4.1717E-1 4.21962E-1 4.2276E-1 4.24817E-1 4.27578E-1 4.27799E-1 4.29502E-1 4.29318E-1 4.35953E-1 4.35953E-1 4.38832E-1 4.41112E-1 4.46162E-1 4.48868E-1 4.49509E-1 4.52272E-1 4.57391E-1 4.62281E-1 4.67442E-1 4.67884E-1 4.75078E-1 4.78138E-1 4.80996E-1 4.81924E-1 4.89452E-1 4.86931E-1 4.8648E-1 4.86029E-1 4.85128E-1 4.89806E-1 4.89752E-1 4.87436E-1 4.89697E-1 4.94462E-1 4.90381E-1 4.89755E-1 4.87023E-1 4.86849E-1 4.89142E-1 4.96937E-1 4.89991E-1 4.94946E-1 5.02521E-1 5.00113E-1 5.0275E-1 5.11446E-1 5.11723E-1 5.11812E-1 5.14917E-1
4.10699E-1 4.11088E-1 4.11475E-1 4.09721E-1 4.13969E-1 4.10104E-1 4.10104E-1 4.12743E-1 4.12643E-1 4.19486E-1 4.17061E-1 4.17288E-1 4.22717E-1 4.21643E-1 4.24173E-1 4.22604E-1 4.27592E-1 4.29902E-1 4.28299E-1 4.30223E-1 4.3893E-1 4.36114E-1 4.36379E-1 4.41112E-1 4.48645E-1 4.47024E-1 4.49733E-1 4.52081E-1 4.54627E-1 4.64184E-1 4.64458E-1 4.67434E-1 4.75705E-1 4.78149E-1 4.78596E-1 4.81972E-1 4.86129E-1 4.86129E-1 4.91559E-1 4.91559E-1 4.85627E-1 4.90152E-1 4.89855E-1 4.89923E-1 4.94796E-1 4.94743E-1 4.97494E-1 4.90381E-1 4.94801E-1 4.89581E-1 4.94905E-1 4.97113E-1 4.97302E-1 4.95579E-1 5.02883E-1 5.00113E-1 5.02884E-1 5.0606E-1 5.11908E-1 5.11998E-1 5.14514E-1
4.08498E-1 4.15675E-1 4.09271E-1 4.09311E-1 4.14299E-1 4.11948E-1 4.11948E-1 4.1418E-1 4.14976E-1 4.1982E-1 4.22072E-1 4.22072E-1 4.22299E-1 4.24947E-1 4.25329E-1 4.24398E-1 4.24817E-1 4.25197E-1 4.27856E-1 4.32978E-1 4.39327E-1 4.39088E-1 4.3924E-1 4.42131E-1 4.48808E-1 4.51153E-1 4.51857E-1 4.56703E-1 4.59919E-1 4.64184E-1 4.66608E-1 4.6705E-1 4.74416E-1 4.77284E-1 4.80677E-1 4.80677E-1 4.85228E-1 4.85678E-1 4.85228E-1 4.83215E-1 4.88229E-1 4.9072E-1 4.90548E-1 4.89923E-1 4.9497E-1 4.9497E-1 4.94515E-1 4.90241E-1 4.92807E-1 4.94941E-1 4.9459E-1 4.97831E-1 4.97656E-1 4.99972E-1 5.0075E-1 5.00293E-1 5.00313E-1 5.03617E-1 5.09211E-1 5.09671E-1 5.14239E-1
4.11581E-1 4.13457E-1 4.16065E-1 4.12474E-1 4.10476E-1 4.15098E-1 4.17304E-1 4.17341E-1 4.13124E-1 4.2039E-1 4.17476E-1 4.2249E-1 4.2249E-1 4.22717E-1 4.23516E-1 4.25749E-1 4.2513E-1 4.25354E-1 4.25197E-1 4.29856E-1 4.3006E-1 4.39561E-1 4.39401E-1 4.39195E-1 4.46324E-1 4.5175E-1 4.5175E-1 4.53958E-1 4.59254E-1 4.62058E-1 4.64634E-1 4.66636E-1 4.69547E-1 4.74491E-1 4.77844E-1 4.8356E-1 4.83215E-1 4.83215E-1 4.83215E-1 4.8649E-1 4.89199E-1 4.90318E-1 4.95367E-1 4.95194E-1 4.89694E-1 4.9497E-1 4.92312E-1 4.88046E-1 4.93084E-1 4.92562E-1 4.9522E-1 4.9522E-1 4.95045E-1 4.97935E-1 5.00348E-1 4.97678E-1 5.00846E-1 5.00939E-1 5.05572E-1 5.1115E-1 5.08478E-1
4.09786E-1 4.12793E-1 4.13846E-1 4.14646E-1 4.14712E-1 4.15098E-1 4.15483E-1 4.18141E-1 4.18141E-1 4.15771E-1 4.22613E-1 4.18207E-1 4.2329E-1 4.25103E-1 4.25904E-1 4.29872E-1 4.29832E-1 4.3394E-1 4.30013E-1 4.27592E-1 4.34189E-1 4.36857E-1 4.36903E-1 4.39401E-1 4.41512E-1 4.48608E-1 4.50754E-1 4.51577E-1 4.61226E-1 4.61692E-1 4.64146E-1 4.66241E-1 4.74556E-1 4.75001E-1 4.7553E-1 4.80954E-1 4.78976E-1 4.79423E-1 4.8649E-1 4.85588E-1 4.88295E-1 4.90403E-1 4.90403E-1 4.95367E-1 4.92885E-1 4.95194E-1 4.95021E-1 4.91146E-1 4.93296E-1 4.93191E-1 4.93121E-1 4.98254E-1 4.95323E-1 4.98213E-1 4.98313E-1 4.97857E-1 5.00444E-1 5.08418E-1 5.10873E-1 5.1115E-1 5.13204E-1
4.10174E-1 4.12381E-1 4.12819E-1 4.1286E-1 4.12233E-1 4.15445E-1 4.15483E-1 4.18105E-1 4.16151E-1 4.21575E-1 4.21575E-1 4.21453E-1 4.24062E-1 4.25942E-1 4.3045E-1 4.3045E-1 4.30677E-1 4.27967E-1 4.34555E-1 4.3017E-1 4.30013E-1 4.36796E-1 4.37063E-1 4.38928E-1 4.43937E-1 4.45855E-1 4.51306E-1 4.53304E-1 4.60584E-1 4.60419E-1 4.61692E-1 4.66728E-1 4.71657E-1 4.75001E-1 4.7553E-1 4.80505E-1 4.80505E-1 4.78697E-1 4.78528E-1 4.83519E-1 4.87722E-1 4.87893E-1 4.90856E-1 4.94242E-1 4.95194E-1 4.95194E-1 4.96423E-1 4.93695E-1 4.91219E-1 4.892E-1 5.02612E-1 5.01492E-1 4.95955E-1 4.96147E-1 4.9597E-1 5.00317E-1 5.03589E-1 5.0814E-1 5.08822E-1 5.10689E-1 5.13389E-1
4.12381E-1 4.13181E-1 4.13181E-1 4.14909E-1 4.15445E-1 4.15445E-1 4.1769E-1 4.18105E-1 4.18905E-1 4.21575E-1 4.21958E-1 4.23833E-1 4.28175E-1 4.28175E-1 4.30825E-1 4.26324E-1 4.28966E-1 4.34555E-1 4.34555E-1 4.34938E-1 4.34701E-1 4.39712E-1 4.37175E-1 4.39471E-1 4.44258E-1 4.46453E-1 4.49439E-1 4.50483E-1 4.58158E-1 4.57994E-1 4.58895E-1 4.6708E-1 4.69227E-1 4.72165E-1 4.72691E-1 4.78499E-1 4.78499E-1 4.80505E-1 4.86238E-1 4.83519E-1 4.86519E-1 4.8888E-1 4.90906E-1 4.88796E-1 4.96412E-1 4.96104E-1 4.96104E-1 4.94727E-1 4.98968E-1 5.00519E-1 5.05561E-1 4.99061E-1 4.98482E-1 4.96233E-1 4.98281E-1 4.95246E-1 5.00594E-1 5.05911E-1 5.05728E-1 5.07775E-1 5.10689E-1
4.10945E-1 4.12381E-1 4.13594E-1 4.13206E-1 4.13658E-1 4.1407E-1 4.12064E-1 4.18905E-1 4.19321E-1 4.19705E-1 4.22793E-1 4.22793E-1 4.25054E-1 4.26315E-1 4.30825E-1 4.33116E-1 4.33107E-1 4.3498E-1 4.33501E-1 4.33459E-1 4.40097E-1 4.3984E-1 4.37985E-1 4.41538E-1 4.5303E-1 4.46176E-1 4.53465E-1 4.48413E-1 4.51585E-1 4.56429E-1 4.58293E-1 4.61736E-1 4.69227E-1 4.72247E-1 4.70536E-1 4.76312E-1 4.76711E-1 4.75931E-1 4.84052E-1 4.84052E-1 4.84502E-1 4.84333E-1 4.89266E-1 4.91359E-1 4.96867E-1 4.96326E-1 4.93599E-1 4.96981E-1 4.99557E-1 5.01577E-1 5.02454E-1 4.96866E-1 4.9971E-1 4.98849E-1 5.01005E-1 5.00369E-1 5.00594E-1 5.06092E-1 5.05452E-1 5.0814E-1 5.07775E-1
4.11356E-1 4.11743E-1 4.14393E-1 4.14773E-1 4.14779E-1 4.18887E-1 4.17073E-1 4.19321E-1 4.19737E-1 4.20538E-1 4.22237E-1 4.29546E-1 4.29546E-1 4.29546E-1 4.27538E-1 4.31248E-1 4.33501E-1 4.33501E-1 4.29738E-1 4.36202E-1 4.38621E-1 4.35946E-1 4.37165E-1 4.4627E-1 4.50576E-1 4.54694E-1 4.52386E-1 4.51424E-1 4.54634E-1 4.619E-1 4.64374E-1 4.64566E-1 4.69484E-1 4.67501E-1 4.70092E-1 4.75865E-1 4.76312E-1 4.76312E-1 4.83471E-1 4.81638E-1 4.8365E-1 4.87073E-1 4.87073E-1 4.97427E-1 4.96867E-1 4.96867E-1 4.97203E-1 4.93283E-1 4.95002E-1 5.09765E-1 5.04001E-1 5.03141E-1 5.02756E-1 5.03849E-1 5.00904E-1 5.03138E-1 5.02959E-1 5.00051E-1 5.05687E-1 5.04979E-1 5.04811E-1
4.12566E-1 4.12154E-1 4.14773E-1 4.15572E-1 4.15986E-1 4.15627E-1 4.18652E-1 4.18652E-1 4.20538E-1 4.27691E-1 4.23442E-1 4.30391E-1 4.30775E-1 4.30353E-1 4.32064E-1 4.3435E-1 4.3435E-1 4.34761E-1 4.3472E-1 4.3472E-1 4.35115E-1 4.37322E-1 4.36896E-1 4.38638E-1 4.40584E-1 4.49973E-1 4.47973E-1 4.52293E-1 4.5954E-1 4.60039E-1 4.62526E-1 4.62363E-1 4.66581E-1 4.67104E-1 4.69694E-1 4.72924E-1 4.75865E-1 4.76312E-1 4.83873E-1 4.84773E-1 4.84202E-1 4.87073E-1 4.87073E-1 4.93081E-1 4.93714E-1 4.95029E-1 4.9374E-1 4.93821E-1 5.06801E-1 5.07605E-1 5.04566E-1 5.04566E-1 5.09053E-1 5.04543E-1 5.00587E-1 5.02859E-1 5.00369E-1 4.99646E-1 5.02269E-1 5.04979E-1 5.04979E-1
4.12566E-1 4.14806E-1 4.15186E-1 4.164E-1 4.16786E-1 4.16405E-1 4.19484E-1 4.19867E-1 4.20284E-1 4.2254E-1 4.2334E-1 4.2934E-1 4.29774E-1 4.27488E-1 4.32005E-1 4.33295E-1 4.35199E-1 4.37911E-1 4.3472E-1 4.35145E-1 4.42625E-1 4.43009E-1 4.43134E-1 4.44619E-1 4.40584E-1 4.44976E-1 4.49914E-1 4.52727E-1 4.53162E-1 4.60039E-1 4.62526E-1 4.62526E-1 4.70401E-1 4.70072E-1 4.70072E-1 4.75465E-1 4.75465E-1 4.7888E-1 4.83873E-1 4.84322E-1 4.8696E-1 4.8667E-1 4.85403E-1 4.92675E-1 4.95655E-1 4.95655E-1 4.96276E-1 4.98438E-1 5.09411E-1 5.06436E-1 5.05024E-1 5.14346E-1 5.1161E-1 5.04085E-1 5.0013E-1 4.99863E-1 5.00141E-1 4.99826E-1 4.99646E-1 5.01908E-1 5.04521E-1
4.18275E-1 4.17876E-1 4.17859E-1 4.19078E-1 4.17615E-1 4.17615E-1 4.199E-1 4.20284E-1 4.23762E-1 4.27485E-1 4.30575E-1 4.31382E-1 4.25883E-1 4.3282E-1 4.35135E-1 4.36893E-1 4.36311E-1 4.35612E-1 4.3557E-1 4.39149E-1 4.41131E-1 4.43439E-1 4.4987E-1 4.50082E-1 4.56001E-1 4.50203E-1 4.50347E-1 4.53657E-1 4.54048E-1 4.61311E-1 4.62526E-1 4.70401E-1 4.68415E-1 4.70798E-1 4.70798E-1 4.76029E-1 4.75863E-1 4.78478E-1 4.78478E-1 4.83918E-1 4.85223E-1 4.85169E-1 4.83304E-1 4.92647E-1 4.90975E-1 4.95994E-1 4.96449E-1 4.95821E-1 5.05981E-1 5.12692E-1 5.21625E-1 5.16182E-1 5.05155E-1 5.01408E-1 5.01329E-1 5.0041E-1 5.02969E-1 5.01748E-1 4.98963E-1 5.02254E-1 5.0184E-1
4.19106E-1 4.19494E-1 4.19078E-1 4.20298E-1 4.20714E-1 4.211E-1 4.19139E-1 4.27487E-1 4.24181E-1 4.26728E-1 4.27149E-1 4.27379E-1 4.29001E-1 4.30842E-1 4.33169E-1 4.39412E-1 4.37725E-1 4.35211E-1 4.37121E-1 4.40004E-1 4.38038E-1 4.45979E-1 4.47074E-1 4.47262E-1 4.49973E-1 4.46067E-1 4.51938E-1 4.54484E-1 4.54484E-1 4.61829E-1 4.63801E-1 4.66317E-1 4.71361E-1 4.70962E-1 4.71612E-1 4.77003E-1 4.76893E-1 4.76727E-1 4.78926E-1 4.79328E-1 4.82638E-1 4.85956E-1 4.86473E-1 4.93959E-1 4.93406E-1 4.98166E-1 4.98959E-1 5.03876E-1 5.09162E-1 5.24991E-1 5.07626E-1 5.02239E-1 5.03986E-1 5.03852E-1 5.01329E-1 5.00063E-1 5.02971E-1 4.99381E-1 4.96228E-1 4.99122E-1 5.01748E-1
4.19938E-1 4.20327E-1 4.1991E-1 4.20298E-1 4.22839E-1 4.23257E-1 4.2406E-1 4.24864E-1 4.24879E-1 4.2553E-1 4.27799E-1 4.30059E-1 4.32111E-1 4.33589E-1 4.33438E-1 4.35904E-1 4.41121E-1 4.40537E-1 4.40537E-1 4.4135E-1 4.4448E-1 4.44864E-1 4.54969E-1 4.52325E-1 4.44914E-1 4.433E-1 4.55059E-1 4.53242E-1 4.57391E-1 4.62269E-1 4.64242E-1 4.64242E-1 4.67441E-1 4.69388E-1 4.71776E-1 4.74415E-1 4.77661E-1 4.79667E-1 4.80351E-1 4.80195E-1 4.87833E-1 4.87694E-1 4.88549E-1 4.94541E-1 5.06206E-1 5.09127E-1 5.13601E-1 5.03111E-1 4.97178E-1 5.13075E-1 5.07174E-1 5.00924E-1 4.9629E-1 5.00764E-1 4.97744E-1 4.98152E-1 4.978E-1 4.9686E-1 4.96258E-1 4.93568E-1 4.98797E-1
4.23305E-1 4.1899E-1 4.18961E-1 4.20981E-1 4.28347E-1 4.2448E-1 4.24479E-1 4.25703E-1 4.28396E-1 4.28627E-1 4.30521E-1 4.32958E-1 4.32958E-1 4.34825E-1 4.39412E-1 4.41783E-1 4.41979E-1 4.4155E-1 4.41394E-1 4.44136E-1 4.45788E-1 4.59142E-1 4.58357E-1 4.46256E-1 4.4834E-1 4.50715E-1 4.56306E-1 4.54029E-1 4.56145E-1 4.61015E-1 4.65058E-1 4.69012E-1 4.68054E-1 4.72374E-1 4.74979E-1 4.74861E-1 4.73145E-1 4.80115E-1 4.80563E-1 4.80966E-1 4.85528E-1 4.87694E-1 4.88549E-1 4.91168E-1 4.94671E-1 5.00887E-1 5.08635E-1 4.97309E-1 4.96693E-1 5.03399E-1 4.96429E-1 4.93565E-1 4.97857E-1 4.93312E-1 4.95254E-1 4.92231E-1 5.02546E-1 4.96348E-1 4.95998E-1 4.96258E-1 4.9854E-1
4.21695E-1 4.21528E-1 4.22084E-1 4.24362E-1 4.24748E-1 4.25168E-1 4.27592E-1 4.28013E-1 4.31138E-1 4.31793E-1 4.3408E-1 4.33655E-1 4.36101E-1 4.43228E-1 4.37453E-1 4.37918E-1 4.42681E-1 4.42252E-1 4.40133E-1 4.44566E-1 4.45788E-1 4.51607E-1 4.51689E-1 4.53447E-1 4.53769E-1 4.52017E-1 4.59618E-1 4.5474E-1 4.56954E-1 4.56954E-1 4.64635E-1 4.70446E-1 4.6546E-1 4.73263E-1 4.75479E-1 4.75925E-1 4.73754E-1 4.78555E-1 4.80563E-1 4.85969E-1 4.80518E-1 4.8339E-1 4.88952E-1 4.91278E-1 4.91731E-1 4.99569E-1 5.09603E-1 5.02719E-1 4.92723E-1 4.90311E-1 4.93417E-1 4.93565E-1 4.9961E-1 4.92141E-1 4.92376E-1 4.92365E-1 4.91921E-1 4.93851E-1 4.93233E-1 4.98616E-1 4.98616E-1
4.20357E-1 4.20338E-1 4.20724E-1 4.23036E-1 4.23554E-1 4.24087E-1 4.25971E-1 4.28396E-1 4.31523E-1 4.29892E-1 4.34504E-1 4.35313E-1 4.34888E-1 4.36818E-1 4.38441E-1 4.36393E-1 4.41102E-1 4.36349E-1 4.41102E-1 4.4287E-1 4.43397E-1 4.45834E-1 4.45496E-1 4.54363E-1 4.56434E-1 4.57406E-1 4.62724E-1 4.60945E-1 4.64652E-1 4.60737E-1 4.62121E-1 4.77871E-1 4.63761E-1 4.67677E-1 4.71323E-1 4.73762E-1 4.74154E-1 4.74044E-1 4.7839E-1 4.78344E-1 4.78792E-1 4.8384E-1 4.92353E-1 4.91002E-1 4.93763E-1 5.05314E-1 4.98692E-1 4.86051E-1 4.88037E-1 4.8962E-1 4.94949E-1 4.9005E-1 4.90448E-1 4.89824E-1 4.86847E-1 4.91225E-1 4.91641E-1 4.92989E-1 4.93397E-1 4.9629E-1 4.95939E-1
