Artocarpus heterophyllus SDM files/Last interglacial/results (with bias file)/Arthet_0.asc
ncols         625
nrows         721
xllcorner     69.99986311115
yllcorner     5.99986151914999
cellsize      0.041666667
NODATA_value  -9999
[rows 270 to 296 of 721, columns 61 to 121 of 625]
3.95447E-1 4.02393E-1 4.06755E-1 4.05705E-1 4.05907E-1 4.20515E-1 4.13431E-1 4.18856E-1 4.14787E-1 4.0873E-1 4.14745E-1 4.10632E-1 4.12288E-1 4.22718E-1 4.50297E-1 4.29571E-1 4.37282E-1 4.40987E-1 4.39217E-1 4.45254E-1 4.55174E-1 4.4196E-1 4.44877E-1 4.30105E-1 4.42524E-1 4.37048E-1 4.21588E-1 4.24942E-1 4.13504E-1 4.03973E-1 4.09645E-1 4.08539E-1 4.02299E-1 4.02829E-1 4.01439E-1 4.06349E-1 4.01879E-1 4.05076E-1 4.05682E-1 4.07742E-1 4.06098E-1 4.07129E-1 4.09024E-1 4.09853E-1 4.14599E-1 4.1073E-1 4.09467E-1 4.14516E-1 4.16497E-1 4.15679E-1 4.13795E-1 4.19672E-1 4.33715E-1 4.31776E-1 4.33047E-1 4.32438E-1 4.29708E-1 4.2468E-1 4.22971E-1 4.16761E-1 4.10118E-1
3.99837E-1 4.06329E-1 4.10359E-1 4.07542E-1 4.12002E-1 4.23714E-1 4.05942E-1 3.96981E-1 4.04228E-1 4.07267E-1 4.15823E-1 4.15154E-1 4.19746E-1 4.2492E-1 4.48457E-1 4.21867E-1 4.27379E-1 4.26883E-1 4.41528E-1 4.53758E-1 4.52224E-1 4.45333E-1 4.62033E-1 4.41671E-1 4.36611E-1 4.28857E-1 4.31165E-1 4.39188E-1 4.26391E-1 4.07892E-1 4.07335E-1 4.05402E-1 4.09288E-1 4.07465E-1 4.07153E-1 4.02553E-1 4.05488E-1 4.01811E-1 4.03626E-1 4.08128E-1 4.03824E-1 4.0608E-1 4.09226E-1 4.14711E-1 4.10237E-1 4.08192E-1 4.08992E-1 4.21627E-1 4.19221E-1 4.15067E-1 4.16403E-1 4.19448E-1 4.25853E-1 4.31973E-1 4.36805E-1 4.36773E-1 4.32621E-1 4.30099E-1 4.25311E-1 4.27524E-1 4.26459E-1
4.03616E-1 4.0109E-1 4.09978E-1 4.14237E-1 4.09826E-1 5.02002E-1 5.32676E-1 4.68671E-1 4.00515E-1 4.16503E-1 4.22485E-1 4.22304E-1 4.28936E-1 4.28838E-1 4.28622E-1 4.19226E-1 4.36644E-1 4.3739E-1 4.4904E-1 4.58865E-1 4.32866E-1 4.48111E-1 4.54396E-1 4.45079E-1 4.39178E-1 4.23452E-1 4.34157E-1 4.40661E-1 4.40289E-1 4.26414E-1 4.07606E-1 4.07631E-1 4.02967E-1 4.07845E-1 4.0582E-1 4.02753E-1 4.03499E-1 4.02011E-1 4.03626E-1 4.07926E-1 4.06281E-1 4.09428E-1 4.13416E-1 4.10161E-1 4.11491E-1 4.10527E-1 4.11159E-1 4.17272E-1 4.22262E-1 4.15659E-1 4.17426E-1 4.21348E-1 4.1645E-1 4.2897E-1 4.36362E-1 4.37625E-1 4.38727E-1 4.35769E-1 4.3451E-1 4.31359E-1 4.36404E-1
4.02756E-1 4.00034E-1 4.08705E-1 4.16355E-1 4.8347E-1 5.41411E-1 4.77734E-1 4.06345E-1 4.08614E-1 4.22526E-1 4.23495E-1 4.24561E-1 4.29352E-1 4.47733E-1 4.31581E-1 4.344E-1 4.33423E-1 4.40306E-1 4.4897E-1 4.43296E-1 4.29545E-1 4.47583E-1 4.47337E-1 4.52248E-1 4.44418E-1 4.24528E-1 4.15836E-1 4.20792E-1 4.36618E-1 4.32923E-1 4.04141E-1 4.04235E-1 4.11107E-1 4.04078E-1 4.04598E-1 4.06559E-1 4.08542E-1 4.04885E-1 4.05459E-1 4.09739E-1 4.03824E-1 4.08579E-1 4.15282E-1 4.07204E-1 4.05354E-1 4.10047E-1 4.11362E-1 4.19499E-1 4.2037E-1 4.18889E-1 4.19094E-1 4.21121E-1 4.25213E-1 4.25584E-1 4.2407E-1 4.31444E-1 4.40173E-1 4.39576E-1 4.35526E-1 4.40825E-1 4.34779E-1
3.96483E-1 3.99154E-1 4.10395E-1 5.19811E-1 5.59647E-1 5.23115E-1 4.25229E-1 4.03821E-1 4.17382E-1 4.1863E-1 4.07641E-1 4.28428E-1 4.36762E-1 4.26206E-1 4.2815E-1 4.28282E-1 4.31084E-1 4.44369E-1 4.54993E-1 4.22575E-1 4.26132E-1 4.48169E-1 4.43362E-1 4.49374E-1 4.51953E-1 4.21025E-1 4.22179E-1 4.11142E-1 4.26077E-1 4.33719E-1 4.1389E-1 4.04235E-1 4.10904E-1 4.11825E-1 4.0582E-1 4.06962E-1 4.10952E-1 4.07298E-1 4.1175E-1 4.05664E-1 4.03968E-1 4.06355E-1 4.09256E-1 4.1299E-1 4.08928E-1 4.09844E-1 4.13961E-1 4.19088E-1 4.23661E-1 4.20782E-1 4.18889E-1 4.21327E-1 4.22151E-1 4.27687E-1 4.21776E-1 4.2407E-1 4.24463E-1 4.2826E-1 4.31005E-1 4.37977E-1 4.39463E-1
3.94164E-1 3.95231E-1 4.17141E-1 5.28873E-1 5.57615E-1 5.15757E-1 4.08682E-1 4.14001E-1 4.13698E-1 4.21944E-1 4.06602E-1 4.24395E-1 4.25051E-1 4.19974E-1 4.34205E-1 4.21195E-1 4.40742E-1 4.46232E-1 4.58428E-1 4.19755E-1 4.3778E-1 4.48938E-1 4.4639E-1 4.41953E-1 4.49046E-1 4.19441E-1 4.1353E-1 4.14595E-1 4.10348E-1 4.11893E-1 4.13176E-1 4.04577E-1 4.03168E-1 4.06625E-1 4.09576E-1 4.14814E-1 4.15034E-1 4.16697E-1 4.18587E-1 4.11786E-1 4.05406E-1 4.16204E-1 4.12106E-1 4.09333E-1 4.11079E-1 4.12217E-1 4.15432E-1 4.18883E-1 4.20564E-1 4.1701E-1 4.1192E-1 4.16476E-1 4.15877E-1 4.21982E-1 4.2409E-1 4.20985E-1 4.228E-1 4.2506E-1 4.27345E-1 4.30487E-1 4.35376E-1
3.96858E-1 3.91571E-1 3.98426E-1 4.16224E-1 4.28E-1 4.28152E-1 4.19699E-1 4.15896E-1 4.34096E-1 4.40983E-1 4.21001E-1 4.28908E-1 4.14242E-1 4.1744E-1 4.18907E-1 4.24328E-1 4.27037E-1 4.50988E-1 4.39849E-1 4.17334E-1 4.35921E-1 4.45901E-1 4.32448E-1 4.44385E-1 4.48709E-1 4.21014E-1 4.20777E-1 4.17964E-1 4.14713E-1 4.22779E-1 4.19925E-1 4.10221E-1 4.07366E-1 4.06903E-1 4.10488E-1 4.19792E-1 4.12567E-1 4.1909E-1 4.2228E-1 4.25647E-1 4.18911E-1 4.18295E-1 4.14251E-1 4.15161E-1 4.13475E-1 4.14819E-1 4.18267E-1 4.23024E-1 4.20564E-1 4.22432E-1 4.22056E-1 4.20165E-1 4.1473E-1 4.27121E-1 4.25184E-1 4.26803E-1 4.21398E-1 4.22181E-1 4.3007E-1 4.3215E-1 4.34472E-1
3.99728E-1 4.48354E-1 3.99415E-1 4.16496E-1 4.18878E-1 4.13651E-1 4.19227E-1 4.34676E-1 4.18728E-1 4.26549E-1 4.33555E-1 4.31271E-1 4.18917E-1 4.28747E-1 4.20392E-1 4.35962E-1 4.25012E-1 4.50454E-1 4.47158E-1 4.22004E-1 4.45212E-1 4.42635E-1 4.30893E-1 4.50585E-1 4.54188E-1 4.33497E-1 4.16178E-1 4.25474E-1 4.31256E-1 4.12661E-1 4.1101E-1 4.24406E-1 4.02687E-1 4.06413E-1 4.04101E-1 4.13788E-1 4.14477E-1 4.17022E-1 4.20665E-1 4.276E-1 4.23055E-1 4.21796E-1 4.26669E-1 4.21516E-1 4.18309E-1 4.17652E-1 4.19742E-1 4.19742E-1 4.22019E-1 4.22019E-1 4.21492E-1 4.19221E-1 4.22268E-1 4.18366E-1 4.24977E-1 4.17786E-1 4.21604E-1 4.22567E-1 4.23957E-1 4.29193E-1 4.3317E-1
4.01862E-1 4.10785E-1 4.03797E-1 4.02935E-1 3.99381E-1 4.04234E-1 4.39463E-1 4.31432E-1 4.32001E-1 4.36018E-1 4.20144E-1 4.19951E-1 4.20709E-1 4.27926E-1 4.3154E-1 4.32403E-1 4.3711E-1 4.56411E-1 4.46658E-1 4.2663E-1 4.48249E-1 4.30964E-1 4.32486E-1 4.55296E-1 4.55153E-1 4.38E-1 4.14092E-1 4.34595E-1 4.15891E-1 4.20819E-1 4.06299E-1 4.08063E-1 4.06591E-1 4.01254E-1 4.00388E-1 4.10435E-1 4.07343E-1 4.15747E-1 4.16E-1 4.20717E-1 4.24407E-1 4.2771E-1 4.26236E-1 4.24154E-1 4.24154E-1 4.24774E-1 4.2515E-1 4.25131E-1 4.25545E-1 4.27232E-1 4.22019E-1 4.26575E-1 4.18663E-1 4.19074E-1 4.19074E-1 4.20838E-1 4.17708E-1 4.20743E-1 4.21877E-1 4.25359E-1 4.30835E-1
3.93277E-1 3.93277E-1 3.96705E-1 3.94915E-1 4.10051E-1 4.11235E-1 4.29652E-1 4.43639E-1 4.40737E-1 4.54125E-1 4.40157E-1 4.02604E-1 4.22624E-1 4.20041E-1 4.31911E-1 4.31284E-1 4.37396E-1 4.54497E-1 4.25132E-1 4.25365E-1 4.3913E-1 4.25546E-1 4.25721E-1 4.50336E-1 4.52143E-1 4.41476E-1 4.13019E-1 4.143E-1 4.2256E-1 4.21291E-1 4.14001E-1 4.04761E-1 4.03654E-1 4.03344E-1 3.99686E-1 4.07287E-1 4.09579E-1 4.14927E-1 4.17567E-1 4.22408E-1 4.29813E-1 4.32382E-1 4.27856E-1 4.2872E-1 4.28096E-1 4.27025E-1 4.35424E-1 4.273E-1 4.26401E-1 4.24717E-1 4.20634E-1 4.30987E-1 4.24977E-1 4.25599E-1 4.19048E-1 4.23222E-1 4.1809E-1 4.19438E-1 4.2121E-1 4.25981E-1 4.29089E-1
3.92475E-1 3.92708E-1 4.2274E-1 4.20664E-1 4.24207E-1 4.18466E-1 4.1801E-1 4.25828E-1 4.44499E-1 4.30938E-1 4.33886E-1 4.08878E-1 4.18666E-1 4.13763E-1 4.22542E-1 4.15465E-1 4.36446E-1 4.53832E-1 4.24366E-1 4.31929E-1 4.41144E-1 4.28172E-1 4.32609E-1 4.3975E-1 4.37585E-1 4.27529E-1 4.08557E-1 4.03474E-1 3.97319E-1 4.06816E-1 4.10494E-1 3.99023E-1 4.01694E-1 4.06786E-1 4.00022E-1 3.9878E-1 4.08314E-1 4.08995E-1 4.13304E-1 4.20394E-1 4.27155E-1 4.26987E-1 4.28064E-1 4.31417E-1 4.31E-1 4.28304E-1 4.37551E-1 4.34165E-1 4.27004E-1 4.19812E-1 4.2258E-1 4.32183E-1 4.3404E-1 4.27005E-1 4.20792E-1 4.13492E-1 4.16613E-1 4.18158E-1 4.18363E-1 4.19922E-1 4.21967E-1
4.02241E-1 4.10484E-1 4.1478E-1 4.19075E-1 4.24966E-1 4.21964E-1 4.28465E-1 4.31398E-1 4.25705E-1 4.09685E-1 4.19203E-1 4.18109E-1 4.2173E-1 4.17623E-1 4.2056E-1 4.20941E-1 4.22438E-1 4.50905E-1 4.23984E-1 4.29891E-1 4.43521E-1 4.4084E-1 4.33657E-1 4.24456E-1 4.25268E-1 4.14955E-1 4.14636E-1 4.10759E-1 4.1059E-1 3.97707E-1 3.99972E-1 4.03882E-1 3.98888E-1 3.96478E-1 4.03014E-1 3.99553E-1 4.06232E-1 4.09855E-1 4.13304E-1 4.18281E-1 4.21565E-1 4.23496E-1 4.2744E-1 4.31417E-1 4.35637E-1 4.3626E-1 4.39025E-1 4.41121E-1 4.30955E-1 4.22524E-1 4.28385E-1 4.33188E-1 4.29683E-1 4.31782E-1 4.27453E-1 4.21047E-1 4.15257E-1 4.14194E-1 4.18742E-1 4.211E-1 4.19026E-1
3.89964E-1 4.05171E-1 4.02399E-1 4.0484E-1 4.24984E-1 4.21346E-1 4.35235E-1 4.41988E-1 4.2064E-1 4.08602E-1 4.08887E-1 4.11631E-1 4.12816E-1 4.19546E-1 4.19943E-1 4.26797E-1 4.26118E-1 4.21904E-1 4.26192E-1 4.26829E-1 4.37974E-1 4.48372E-1 4.5546E-1 4.30775E-1 4.49146E-1 4.15177E-1 4.13211E-1 4.14782E-1 4.28672E-1 4.19105E-1 3.99191E-1 4.00374E-1 4.07078E-1 4.07781E-1 3.99841E-1 4.04799E-1 4.04739E-1 4.11755E-1 4.13313E-1 4.10742E-1 4.20013E-1 4.28797E-1 4.27597E-1 4.30723E-1 4.36856E-1 4.40732E-1 4.43531E-1 4.46515E-1 4.34908E-1 4.23696E-1 4.27868E-1 4.34206E-1 4.33741E-1 4.33489E-1 4.32245E-1 4.23886E-1 4.12449E-1 4.16378E-1 4.20435E-1 4.22592E-1 4.18785E-1
4.00135E-1 4.13683E-1 4.10904E-1 4.05002E-1 4.13051E-1 4.16573E-1 4.28671E-1 4.17035E-1 4.22774E-1 4.02099E-1 4.07388E-1 4.1053E-1 4.20206E-1 4.18216E-1 4.22493E-1 4.30722E-1 4.40084E-1 4.22446E-1 4.20211E-1 4.29375E-1 4.36109E-1 4.42221E-1 4.50087E-1 4.51607E-1 4.45718E-1 4.2417E-1 4.14382E-1 4.17291E-1 4.3089E-1 4.08467E-1 4.00552E-1 3.93031E-1 3.96997E-1 4.00057E-1 4.02625E-1 4.02517E-1 4.0224E-1 4.11552E-1 4.20394E-1 4.29188E-1 4.24116E-1 4.25121E-1 4.23774E-1 4.24114E-1 4.21306E-1 4.25454E-1 4.32689E-1 4.38107E-1 4.42982E-1 4.27238E-1 4.32011E-1 4.31348E-1 4.31328E-1 4.40033E-1 4.38081E-1 4.32348E-1 4.24169E-1 4.22465E-1 4.24701E-1 4.22141E-1 4.20277E-1
3.96943E-1 4.1258E-1 4.27996E-1 4.01183E-1 4.08395E-1 4.14528E-1 4.17326E-1 4.11767E-1 3.98072E-1 3.99739E-1 4.03383E-1 4.13704E-1 4.2128E-1 4.2E-1 4.27996E-1 4.35975E-1 4.46555E-1 4.44406E-1 4.32586E-1 4.24963E-1 4.36019E-1 4.3449E-1 4.4302E-1 4.39453E-1 4.40123E-1 4.18333E-1 4.20428E-1 4.11644E-1 4.2061E-1 4.02035E-1 3.94107E-1 3.9505E-1 3.92487E-1 3.99658E-1 4.0155E-1 4.00951E-1 4.07263E-1 4.1329E-1 4.23027E-1 4.26156E-1 4.29874E-1 4.30478E-1 4.23228E-1 4.24645E-1 4.20084E-1 4.22702E-1 4.26927E-1 4.30142E-1 4.34961E-1 4.40355E-1 4.34301E-1 4.36191E-1 4.36585E-1 4.33211E-1 4.33219E-1 4.3269E-1 4.27282E-1 4.28912E-1 4.2841E-1 4.19306E-1 4.20856E-1
3.90946E-1 3.97539E-1 4.01563E-1 3.97987E-1 3.98445E-1 4.12836E-1 4.1749E-1 4.14796E-1 4.00257E-1 3.94943E-1 4.05187E-1 4.08117E-1 4.19753E-1 4.2128E-1 4.27627E-1 4.36058E-1 4.36837E-1 4.50265E-1 4.56071E-1 4.24963E-1 4.25799E-1 4.37916E-1 4.34736E-1 4.36206E-1 4.31336E-1 4.26692E-1 4.27665E-1 4.18168E-1 4.22172E-1 4.10044E-1 3.96658E-1 3.93927E-1 3.92093E-1 3.95509E-1 3.95113E-1 4.00447E-1 4.02353E-1 4.05159E-1 4.16098E-1 4.20463E-1 4.27713E-1 4.09917E-1 4.09366E-1 4.18831E-1 4.22191E-1 4.19097E-1 4.25263E-1 4.28072E-1 4.28788E-1 4.35068E-1 4.31873E-1 4.35994E-1 4.43903E-1 4.33638E-1 4.28814E-1 4.26035E-1 4.30599E-1 4.33009E-1 4.27578E-1 4.28753E-1 4.24342E-1
3.8582E-1 3.88236E-1 3.94245E-1 3.9691E-1 4.0153E-1 4.08126E-1 3.98028E-1 4.14323E-1 4.02796E-1 3.98915E-1 4.04081E-1 4.08319E-1 4.09426E-1 4.19342E-1 4.20842E-1 4.2675E-1 4.3821E-1 4.43267E-1 4.48649E-1 4.27474E-1 4.27757E-1 4.22896E-1 4.19447E-1 4.28451E-1 4.21136E-1 4.18988E-1 4.13902E-1 4.1537E-1 4.22405E-1 4.29684E-1 4.09858E-1 3.99844E-1 3.94899E-1 4.00859E-1 3.93822E-1 3.94788E-1 4.06811E-1 4.14598E-1 4.22872E-1 4.21715E-1 4.28076E-1 4.20954E-1 4.08237E-1 4.08642E-1 4.14618E-1 4.14276E-1 4.17614E-1 4.20197E-1 4.29412E-1 4.37032E-1 4.35863E-1 4.39756E-1 4.48018E-1 4.37028E-1 4.38901E-1 4.31194E-1 4.32902E-1 4.37016E-1 4.29421E-1 4.31241E-1 4.28473E-1
3.80732E-1 3.86664E-1 3.89265E-1 3.94838E-1 3.97776E-1 3.84084E-1 3.86494E-1 4.06042E-1 3.96273E-1 4.0068E-1 4.01079E-1 4.10447E-1 4.1279E-1 4.16487E-1 4.21048E-1 4.20918E-1 4.3099E-1 4.32669E-1 4.45821E-1 4.24427E-1 4.36111E-1 4.26128E-1 4.23723E-1 4.16476E-1 4.12652E-1 4.15803E-1 4.08388E-1 4.12971E-1 4.25486E-1 4.18977E-1 4.07097E-1 4.00904E-1 3.97138E-1 3.96285E-1 3.92345E-1 3.93093E-1 3.98043E-1 4.00756E-1 4.06988E-1 4.07954E-1 4.21454E-1 4.21644E-1 4.203E-1 4.0957E-1 4.09631E-1 4.14276E-1 4.16847E-1 4.21753E-1 4.31584E-1 4.41043E-1 4.42136E-1 4.4393E-1 4.43936E-1 4.43055E-1 4.41863E-1 4.35175E-1 4.40266E-1 4.37864E-1 4.31612E-1 4.30931E-1 4.31349E-1
3.77128E-1 3.80866E-1 3.84674E-1 3.90172E-1 3.83573E-1 3.89083E-1 3.9312E-1 3.84418E-1 3.93684E-1 3.96712E-1 3.98014E-1 3.98014E-1 4.0712E-1 4.06918E-1 4.09196E-1 4.11614E-1 4.23529E-1 4.31913E-1 4.35139E-1 4.23581E-1 4.32013E-1 4.28659E-1 4.19447E-1 4.23929E-1 4.13525E-1 4.09474E-1 4.06906E-1 4.15554E-1 4.15543E-1 4.18757E-1 4.11665E-1 4.07013E-1 3.97699E-1 4.00978E-1 3.97059E-1 3.99265E-1 3.96333E-1 3.98442E-1 4.014E-1 4.00787E-1 4.07713E-1 4.12104E-1 4.16865E-1 4.14072E-1 4.14684E-1 4.19375E-1 4.22547E-1 4.27735E-1 4.37737E-1 4.41549E-1 4.47389E-1 4.46099E-1 4.44578E-1 4.46514E-1 4.47098E-1 4.47754E-1 4.39379E-1 4.29739E-1 4.3203E-1 4.32036E-1 4.36087E-1
3.71451E-1 3.80866E-1 3.84674E-1 3.91125E-1 3.94254E-1 3.96259E-1 3.8202E-1 3.86925E-1 3.94671E-1 3.95969E-1 3.97464E-1 3.98818E-1 4.05432E-1 4.08635E-1 4.16718E-1 4.11062E-1 4.117E-1 4.36481E-1 4.19349E-1 4.25296E-1 4.32641E-1 4.33731E-1 4.24841E-1 4.21155E-1 4.13087E-1 4.12407E-1 4.0922E-1 4.08546E-1 4.10396E-1 4.19633E-1 4.16601E-1 4.14196E-1 4.05206E-1 4.01368E-1 4.01568E-1 3.97751E-1 3.99849E-1 3.98527E-1 3.90679E-1 3.98255E-1 4.04441E-1 4.12658E-1 4.11801E-1 4.16279E-1 4.17614E-1 4.18803E-1 4.24585E-1 4.27823E-1 4.41724E-1 4.50042E-1 4.51061E-1 4.47864E-1 4.48808E-1 4.54627E-1 4.54557E-1 4.47791E-1 4.44698E-1 4.41687E-1 4.43595E-1 4.42729E-1 4.39422E-1
3.77286E-1 3.79606E-1 3.81253E-1 3.85989E-1 3.95688E-1 3.95878E-1 3.8328E-1 3.89004E-1 3.90069E-1 3.93553E-1 3.97464E-1 3.9425E-1 4.02562E-1 4.11158E-1 4.28694E-1 4.20225E-1 4.16614E-1 4.2367E-1 4.1614E-1 4.24544E-1 4.25343E-1 4.24172E-1 4.25255E-1 4.20743E-1 4.15644E-1 4.14126E-1 4.09412E-1 4.06419E-1 4.06129E-1 4.08674E-1 4.04815E-1 4.03298E-1 4.07557E-1 4.0562E-1 4.02686E-1 4.04096E-1 4.03895E-1 4.09432E-1 4.03116E-1 4.0065E-1 4.04929E-1 4.05315E-1 4.17707E-1 4.21565E-1 4.23165E-1 4.32934E-1 4.26038E-1 4.29079E-1 4.42967E-1 4.52019E-1 4.57751E-1 4.52224E-1 4.55572E-1 4.5913E-1 4.55932E-1 4.49349E-1 4.46014E-1 4.47506E-1 4.4551E-1 4.43916E-1 4.42219E-1
3.72485E-1 3.68508E-1 3.7642E-1 3.80185E-1 3.78344E-1 3.81525E-1 3.82586E-1 3.93893E-1 3.98433E-1 3.98259E-1 4.03508E-1 3.92249E-1 4.02562E-1 4.0872E-1 4.13827E-1 4.25622E-1 4.32507E-1 4.27358E-1 4.19051E-1 4.36426E-1 4.40815E-1 4.30415E-1 4.35306E-1 4.24882E-1 4.19747E-1 4.17552E-1 4.17333E-1 4.10396E-1 4.15314E-1 4.11913E-1 4.08068E-1 4.11449E-1 4.08877E-1 4.12736E-1 4.09315E-1 4.04314E-1 4.08139E-1 4.12178E-1 4.10357E-1 4.06255E-1 4.07784E-1 4.12834E-1 4.1336E-1 4.16505E-1 4.17852E-1 4.17816E-1 4.24167E-1 4.30027E-1 4.38215E-1 4.51997E-1 4.53111E-1 4.5092E-1 4.57513E-1 4.58582E-1 4.55892E-1 4.52204E-1 4.48841E-1 4.49E-1 4.49729E-1 4.46701E-1 4.46746E-1
3.70414E-1 3.72485E-1 3.76412E-1 3.78536E-1 3.81719E-1 3.77754E-1 3.81499E-1 3.90321E-1 3.98055E-1 3.9408E-1 4.04635E-1 3.97464E-1 3.96712E-1 4.09125E-1 4.14031E-1 4.17972E-1 4.2676E-1 4.2753E-1 4.27953E-1 4.35723E-1 4.36556E-1 4.29145E-1 4.34746E-1 4.25746E-1 4.2414E-1 4.16924E-1 4.13225E-1 4.10396E-1 4.16837E-1 4.1843E-1 4.10638E-1 4.18606E-1 4.13585E-1 4.13641E-1 4.10832E-1 4.08139E-1 4.09205E-1 4.12859E-1 4.16346E-1 4.09302E-1 4.19147E-1 4.13698E-1 4.18443E-1 4.16539E-1 4.28053E-1 4.24898E-1 4.26979E-1 4.36777E-1 4.41637E-1 4.51549E-1 4.54923E-1 4.56793E-1 4.55458E-1 4.56382E-1 4.58577E-1 4.54955E-1 4.51948E-1 4.52774E-1 4.54564E-1 4.4866E-1 4.4866E-1
3.63975E-1 3.71418E-1 3.75152E-1 3.75152E-1 3.80639E-1 3.79172E-1 3.81306E-1 3.92415E-1 3.94311E-1 3.96736E-1 3.94291E-1 4.0051E-1 3.9977E-1 4.08203E-1 4.10529E-1 4.10231E-1 4.19995E-1 4.10468E-1 4.27965E-1 4.32627E-1 4.36766E-1 4.26295E-1 4.3292E-1 4.34045E-1 4.21683E-1 4.1926E-1 4.13225E-1 4.16019E-1 4.1802E-1 4.21896E-1 4.1954E-1 4.20868E-1 4.20246E-1 4.20863E-1 4.14072E-1 4.08341E-1 4.09609E-1 4.08458E-1 4.14163E-1 4.14854E-1 4.19557E-1 4.15918E-1 4.24494E-1 4.23929E-1 4.30312E-1 4.38467E-1 4.45592E-1 4.48799E-1 4.41743E-1 4.48847E-1 4.60193E-1 4.59446E-1 4.53872E-1 4.56598E-1 4.60126E-1 4.5523E-1 4.5349E-1 4.52345E-1 4.54994E-1 4.51047E-1 4.48233E-1
3.68644E-1 3.71418E-1 3.75812E-1 3.76003E-1 3.7562E-1 3.81499E-1 3.8041E-1 3.8701E-1 3.87205E-1 3.95239E-1 3.96538E-1 4.00761E-1 3.9826E-1 4.08203E-1 4.16384E-1 4.06161E-1 4.10152E-1 4.15161E-1 4.202E-1 4.25551E-1 4.35145E-1 4.29842E-1 4.35355E-1 4.32174E-1 4.29592E-1 4.298E-1 4.24142E-1 4.19955E-1 4.1802E-1 4.17595E-1 4.19325E-1 4.23572E-1 4.16437E-1 4.20131E-1 4.15092E-1 4.12715E-1 4.1096E-1 4.10485E-1 4.15071E-1 4.17864E-1 4.19147E-1 4.2353E-1 4.28084E-1 4.29191E-1 4.29345E-1 4.36885E-1 4.47655E-1 4.49254E-1 4.45686E-1 4.55413E-1 4.56449E-1 4.61179E-1 4.58163E-1 4.57521E-1 4.63147E-1 4.56497E-1 4.55129E-1 4.59263E-1 4.57635E-1 4.53444E-1 4.50194E-1
3.6965E-1 3.74352E-1 3.74734E-1 3.76866E-1 3.74543E-1 3.82565E-1 3.81082E-1 3.85521E-1 3.85716E-1 3.95041E-1 3.96736E-1 3.98111E-1 3.98646E-1 4.05578E-1 4.12276E-1 4.0819E-1 4.08617E-1 4.14897E-1 4.0915E-1 4.26089E-1 4.23315E-1 4.26407E-1 4.34007E-1 4.36279E-1 4.32751E-1 4.35303E-1 4.34045E-1 4.22809E-1 4.2179E-1 4.18005E-1 4.16878E-1 4.11238E-1 4.11377E-1 4.17218E-1 4.22296E-1 4.18973E-1 4.1512E-1 4.14459E-1 4.18602E-1 4.22789E-1 4.22566E-1 4.24701E-1 4.29105E-1 4.30828E-1 4.3716E-1 4.45046E-1 4.52119E-1 4.49966E-1 4.51277E-1 4.59354E-1 4.59138E-1 4.61179E-1 4.66173E-1 4.65825E-1 4.67312E-1 4.62375E-1 4.56886E-1 4.62385E-1 4.63607E-1 4.53611E-1 4.57807E-1
3.72594E-1 3.79344E-1 3.77741E-1 3.79215E-1 3.77933E-1 3.79215E-1 3.80888E-1 3.84419E-1 3.88312E-1 3.99456E-1 4.00174E-1 4.03639E-1 3.99765E-1 4.08467E-1 4.1156E-1 4.04323E-1 4.00611E-1 4.07584E-1 4.06274E-1 4.19868E-1 4.2238E-1 4.21967E-1 4.21841E-1 4.31843E-1 4.35401E-1 4.34935E-1 4.35706E-1 4.41095E-1 4.26885E-1 4.25536E-1 4.28132E-1 4.13797E-1 4.11377E-1 4.16152E-1 4.21139E-1 4.16755E-1 4.19982E-1 4.15671E-1 4.21137E-1 4.24161E-1 4.2553E-1 4.28272E-1 4.30917E-1 4.30272E-1 4.33337E-1 4.47958E-1 4.5447E-1 4.57008E-1 4.5199E-1 4.57211E-1 4.61208E-1 4.66223E-1 4.7002E-1 4.72291E-1 4.69088E-1 4.66495E-1 4.62923E-1 4.65989E-1 4.65202E-1 4.59122E-1 4.57144E-1
