Artocarpus heterophyllus SDM files/Last interglacial/results (with bias file)/Arthet_stddev.asc
ncols         625
nrows         721
xllcorner     69.99986311115
yllcorner     5.99986151914999
cellsize      0.041666667
NODATA_value  -9999
[rows 270 to 296 of 721, columns 0 to 60 of 625]
1.16794E-2 1.10046E-2 1.10359E-2 1.04631E-2 1.26877E-2 1.47728E-2 1.92689E-2 1.36392E-2 1.56467E-2 1.56467E-2 2.59466E-2 1.98718E-2 2.60731E-2 2.6652E-2 2.60101E-2 2.30667E-2 2.26912E-2 2.36631E-2 2.24616E-2 2.26518E-2 2.27169E-2 2.27265E-2 2.30827E-2 2.32214E-2 2.2786E-2 2.28756E-2 2.02299E-2 2.29734E-2 2.02098E-2 2.33545E-2 2.36365E-2 2.3516E-2 1.99968E-2 2.0035E-2 2.40164E-2 2.41941E-2 2.40857E-2 2.43078E-2 2.44244E-2 2.45663E-2 2.43405E-2 2.44686E-2 2.4838E-2 2.47921E-2 2.50989E-2 2.52866E-2 2.50113E-2 2.54229E-2 2.41387E-2 2.46722E-2 2.51454E-2 2.46424E-2 2.42887E-2 2.4687E-2 2.45861E-2 2.48314E-2 2.54367E-2 2.60694E-2 2.37266E-2 2.19285E-2 1.22714E-2
1.15401E-2 1.16734E-2 1.10728E-2 1.11539E-2 1.21445E-2 1.18534E-2 1.42993E-2 1.71164E-2 1.85084E-2 2.0412E-2 2.05478E-2 2.40301E-2 2.31917E-2 2.38671E-2 2.40301E-2 2.6245E-2 2.34508E-2 2.3313E-2 2.27273E-2 2.27388E-2 2.2783E-2 2.2875E-2 2.27696E-2 2.31101E-2 2.33002E-2 2.3047E-2 2.37495E-2 2.3625E-2 2.35378E-2 2.04515E-2 2.37997E-2 2.38978E-2 2.36781E-2 2.37071E-2 2.4207E-2 2.43763E-2 2.45606E-2 2.445E-2 2.42178E-2 2.42718E-2 2.42873E-2 2.41839E-2 2.50383E-2 2.50845E-2 2.51372E-2 2.55177E-2 2.58332E-2 2.4099E-2 2.47405E-2 2.52335E-2 2.50891E-2 2.53065E-2 2.45675E-2 2.45824E-2 2.45878E-2 2.51084E-2 2.62831E-2 2.64859E-2 2.35721E-2 2.18957E-2 1.22403E-2
1.09459E-2 1.10744E-2 1.15841E-2 1.09558E-2 1.37323E-2 1.09234E-2 1.35208E-2 1.6944E-2 1.51699E-2 2.16094E-2 2.12109E-2 2.19817E-2 2.32889E-2 2.31829E-2 2.34926E-2 2.34295E-2 2.34206E-2 2.32716E-2 2.31526E-2 2.31617E-2 2.30991E-2 2.2874E-2 2.28388E-2 2.30949E-2 2.31452E-2 2.33211E-2 2.34774E-2 2.37775E-2 2.36045E-2 2.3655E-2 2.39643E-2 2.39644E-2 2.42351E-2 2.4187E-2 2.41704E-2 2.41598E-2 2.42781E-2 2.42773E-2 2.42808E-2 2.42351E-2 2.44845E-2 2.47431E-2 2.48667E-2 2.51474E-2 2.55307E-2 2.57743E-2 2.61467E-2 2.44912E-2 2.50431E-2 2.48957E-2 2.49629E-2 2.50152E-2 2.49198E-2 2.49517E-2 2.47703E-2 2.73476E-2 2.76356E-2 2.72061E-2 2.68014E-2 2.58741E-2 1.24582E-2
1.11232E-2 1.15841E-2 1.12208E-2 1.06987E-2 1.47151E-2 1.31879E-2 1.77302E-2 1.64445E-2 1.51699E-2 2.18902E-2 1.85691E-2 1.69039E-2 2.55446E-2 2.36276E-2 2.56385E-2 2.34322E-2 2.34864E-2 2.39708E-2 2.32824E-2 2.28822E-2 2.30529E-2 2.32086E-2 2.31762E-2 2.28391E-2 2.33141E-2 2.35373E-2 2.34927E-2 2.36966E-2 2.35494E-2 2.36652E-2 2.39623E-2 2.40012E-2 2.40622E-2 2.39154E-2 2.40732E-2 2.43952E-2 2.44512E-2 2.45745E-2 2.49929E-2 2.49596E-2 2.48536E-2 2.44728E-2 2.49148E-2 2.52492E-2 2.55823E-2 2.5715E-2 2.58851E-2 2.60166E-2 2.49672E-2 2.47421E-2 2.5063E-2 2.53041E-2 2.56499E-2 2.76166E-2 2.75238E-2 2.79061E-2 2.82658E-2 2.85586E-2 2.89887E-2 1.31926E-2 1.28533E-2
1.10305E-2 1.05981E-2 1.09637E-2 1.08222E-2 1.2367E-2 1.2137E-2 1.61217E-2 1.68703E-2 1.50373E-2 2.13819E-2 2.63964E-2 2.02482E-2 2.63964E-2 2.43466E-2 2.33496E-2 2.35594E-2 2.35947E-2 2.36489E-2 2.37799E-2 2.31365E-2 2.35314E-2 2.39158E-2 2.35045E-2 2.29053E-2 2.34242E-2 2.35931E-2 2.40593E-2 2.41643E-2 2.39565E-2 2.43537E-2 2.46586E-2 2.43354E-2 2.43983E-2 2.46044E-2 2.4775E-2 2.47824E-2 2.46666E-2 2.51929E-2 2.51483E-2 2.52917E-2 2.53138E-2 2.52852E-2 2.49541E-2 2.37689E-2 2.56188E-2 2.60255E-2 2.61278E-2 2.63581E-2 2.48154E-2 2.50708E-2 2.52211E-2 2.60091E-2 2.80043E-2 2.77471E-2 2.82195E-2 2.83082E-2 2.85099E-2 2.83989E-2 2.91706E-2 1.30222E-2 1.31842E-2
1.1102E-2 9.40587E-3 1.07824E-2 1.2439E-2 1.2439E-2 1.33751E-2 1.45831E-2 1.52658E-2 1.93919E-2 1.95973E-2 2.54467E-2 2.75308E-2 2.48687E-2 2.3372E-2 2.43575E-2 2.39714E-2 2.38415E-2 2.37411E-2 2.43668E-2 2.3495E-2 2.37869E-2 2.38757E-2 2.40674E-2 2.33411E-2 2.33873E-2 2.39466E-2 2.40182E-2 2.43846E-2 2.40727E-2 2.46516E-2 2.47305E-2 2.53179E-2 2.53236E-2 2.50633E-2 2.52883E-2 2.54148E-2 2.5362E-2 2.50199E-2 2.50388E-2 2.54128E-2 2.56129E-2 2.58947E-2 2.43125E-2 2.44846E-2 2.53272E-2 2.58499E-2 2.59581E-2 2.60963E-2 2.47888E-2 2.50772E-2 2.52775E-2 2.74724E-2 2.77052E-2 2.72784E-2 2.78159E-2 2.83002E-2 2.8397E-2 2.83902E-2 1.38469E-2 1.34999E-2 1.30718E-2
9.84902E-3 9.84902E-3 1.13075E-2 1.2439E-2 1.30717E-2 1.28247E-2 2.00321E-2 2.25545E-2 1.89635E-2 1.88537E-2 2.1367E-2 2.41716E-2 2.42179E-2 2.53396E-2 2.42725E-2 2.40058E-2 2.41357E-2 2.39431E-2 2.39431E-2 2.3928E-2 2.40208E-2 2.30862E-2 2.37357E-2 2.35275E-2 2.3416E-2 2.40505E-2 2.39032E-2 2.41452E-2 2.45895E-2 2.48906E-2 2.49382E-2 2.51639E-2 2.5385E-2 2.57595E-2 2.52883E-2 2.5539E-2 2.54866E-2 2.54981E-2 2.55078E-2 2.54769E-2 2.55541E-2 2.41355E-2 2.44312E-2 2.45435E-2 2.49773E-2 2.62886E-2 2.59878E-2 2.57796E-2 2.63932E-2 2.49745E-2 2.63996E-2 2.69157E-2 2.74327E-2 2.7688E-2 2.82277E-2 2.86581E-2 2.88787E-2 2.83565E-2 2.78387E-2 1.33927E-2 1.26392E-2
9.53188E-3 1.05957E-2 9.9798E-3 1.09148E-2 1.42455E-2 1.32505E-2 1.259E-2 2.18376E-2 2.3934E-2 1.9701E-2 2.34906E-2 2.55186E-2 2.43778E-2 2.44239E-2 2.41535E-2 2.48158E-2 2.44972E-2 2.42399E-2 2.42359E-2 2.43284E-2 2.38013E-2 2.34875E-2 2.3328E-2 2.42576E-2 2.42768E-2 2.40416E-2 2.41893E-2 2.45577E-2 2.47648E-2 2.47148E-2 2.48404E-2 2.52205E-2 2.56044E-2 2.5359E-2 2.60114E-2 2.59426E-2 2.58904E-2 2.58498E-2 2.58107E-2 2.55299E-2 2.39002E-2 2.39776E-2 2.43339E-2 2.44467E-2 2.49394E-2 2.63106E-2 2.61921E-2 2.61367E-2 2.63518E-2 2.66321E-2 2.72052E-2 2.75642E-2 2.85862E-2 2.79626E-2 2.90271E-2 2.89088E-2 2.88693E-2 3.02502E-2 3.01972E-2 1.33737E-2 1.24139E-2
9.63855E-3 1.09288E-2 9.80246E-3 1.2078E-2 1.56843E-2 1.50506E-2 1.3664E-2 1.63848E-2 2.54101E-2 2.46947E-2 2.59282E-2 2.7796E-2 2.43677E-2 2.44224E-2 2.46684E-2 2.45173E-2 2.44082E-2 2.38491E-2 2.36413E-2 2.41786E-2 2.39378E-2 2.46452E-2 2.45031E-2 2.45509E-2 2.43193E-2 2.43676E-2 2.42076E-2 2.46736E-2 2.49814E-2 2.50999E-2 2.51891E-2 2.55655E-2 2.60827E-2 2.62107E-2 2.64486E-2 2.63859E-2 2.59008E-2 2.57159E-2 2.57829E-2 2.43655E-2 2.41061E-2 2.42135E-2 2.4563E-2 2.47536E-2 2.46072E-2 2.49523E-2 2.50651E-2 2.51892E-2 2.52743E-2 2.69875E-2 2.74117E-2 2.7843E-2 2.85256E-2 2.80554E-2 2.86972E-2 2.92935E-2 2.79235E-2 2.88049E-2 2.76805E-2 2.78845E-2 2.51501E-2
9.39821E-3 1.04852E-2 1.06378E-2 1.23629E-2 1.57736E-2 1.81825E-2 1.73532E-2 1.83988E-2 2.01994E-2 2.56026E-2 2.8313E-2 2.50767E-2 2.44893E-2 2.45826E-2 2.48238E-2 2.4997E-2 2.45823E-2 2.39103E-2 2.24586E-2 2.30722E-2 2.40464E-2 2.3864E-2 2.48177E-2 2.53896E-2 2.58587E-2 2.54848E-2 2.57559E-2 2.51492E-2 2.53739E-2 2.57543E-2 2.54124E-2 2.62786E-2 2.62075E-2 2.63894E-2 2.65121E-2 2.65002E-2 2.59713E-2 2.55586E-2 2.44577E-2 2.45545E-2 2.45896E-2 2.50748E-2 2.51786E-2 2.54973E-2 2.49194E-2 2.53462E-2 2.55529E-2 2.54946E-2 2.7274E-2 2.76964E-2 2.71037E-2 2.75449E-2 2.80772E-2 2.88367E-2 2.92811E-2 2.85577E-2 2.89338E-2 2.96121E-2 2.711E-2 3.05713E-2 1.47248E-2
1.06378E-2 1.08179E-2 1.20615E-2 1.27616E-2 1.66466E-2 1.77091E-2 1.90398E-2 2.13823E-2 2.33871E-2 2.45414E-2 2.68323E-2 2.61397E-2 2.48906E-2 2.46844E-2 2.53764E-2 2.59344E-2 2.56531E-2 2.43141E-2 2.35791E-2 2.39529E-2 2.48376E-2 2.50977E-2 2.58349E-2 2.5766E-2 2.61991E-2 2.55585E-2 2.57052E-2 2.5602E-2 2.57032E-2 2.59264E-2 2.60152E-2 2.58628E-2 2.63516E-2 2.63364E-2 2.64404E-2 2.73466E-2 2.69935E-2 2.46655E-2 2.44489E-2 2.46289E-2 2.46197E-2 2.48856E-2 2.50572E-2 2.55907E-2 2.55872E-2 2.51217E-2 2.52913E-2 2.53094E-2 2.70721E-2 2.80532E-2 2.74757E-2 2.75514E-2 2.7807E-2 2.79698E-2 2.75973E-2 2.80721E-2 2.86358E-2 3.01955E-2 1.51318E-2 1.48495E-2 1.41589E-2
1.07268E-2 1.12584E-2 1.21356E-2 1.30923E-2 1.52546E-2 1.62488E-2 1.72869E-2 1.95369E-2 2.20503E-2 2.54484E-2 2.78126E-2 2.49974E-2 2.50015E-2 2.45309E-2 2.56524E-2 2.66227E-2 2.71451E-2 2.72314E-2 2.66729E-2 2.50339E-2 2.54026E-2 2.55699E-2 2.59921E-2 2.61128E-2 2.61547E-2 2.61489E-2 2.60059E-2 2.64417E-2 2.60443E-2 2.6221E-2 2.65629E-2 2.7063E-2 2.65743E-2 2.67368E-2 2.69798E-2 2.72932E-2 2.54245E-2 2.5134E-2 2.52656E-2 2.48831E-2 2.46561E-2 2.5127E-2 2.5486E-2 2.56627E-2 2.5771E-2 2.57467E-2 2.54081E-2 2.70829E-2 2.74252E-2 2.74442E-2 2.72914E-2 2.77363E-2 2.80254E-2 2.60726E-2 2.67952E-2 2.70758E-2 1.46933E-2 1.48211E-2 1.48184E-2 1.4756E-2 1.37909E-2
1.10935E-2 1.10724E-2 1.17131E-2 1.35843E-2 1.47534E-2 1.61393E-2 1.81471E-2 2.10685E-2 2.24947E-2 2.71055E-2 2.68253E-2 2.50526E-2 2.49935E-2 2.53914E-2 2.63394E-2 2.60663E-2 2.66197E-2 2.69949E-2 2.70246E-2 2.66605E-2 2.62933E-2 2.60682E-2 2.62193E-2 2.63289E-2 2.65017E-2 2.68417E-2 2.67319E-2 2.70058E-2 2.6569E-2 2.59904E-2 2.74895E-2 2.72956E-2 2.76161E-2 2.72891E-2 2.71733E-2 2.57372E-2 2.58149E-2 2.60155E-2 2.60445E-2 2.55331E-2 2.5645E-2 2.51922E-2 2.5618E-2 2.56585E-2 2.5895E-2 2.62816E-2 2.598E-2 2.76076E-2 2.76366E-2 2.76045E-2 2.79699E-2 2.74763E-2 2.64617E-2 2.64098E-2 2.70694E-2 2.74768E-2 2.75173E-2 1.48406E-2 1.49004E-2 1.43121E-2 1.41688E-2
1.15355E-2 1.1831E-2 1.24206E-2 1.47534E-2 1.51326E-2 1.70972E-2 1.9122E-2 2.24348E-2 2.5131E-2 2.79446E-2 2.49758E-2 2.51555E-2 2.52392E-2 2.56018E-2 2.58048E-2 2.6177E-2 2.62283E-2 2.62054E-2 2.65957E-2 2.67173E-2 2.66135E-2 2.68372E-2 2.69082E-2 2.67252E-2 2.69122E-2 2.72581E-2 2.72636E-2 2.76064E-2 2.77522E-2 2.73873E-2 2.77969E-2 2.77919E-2 2.85244E-2 2.79207E-2 2.57672E-2 2.58649E-2 2.61425E-2 2.6167E-2 2.61182E-2 2.60948E-2 2.57107E-2 2.61397E-2 2.59358E-2 2.61775E-2 2.62309E-2 2.60052E-2 2.76958E-2 2.82875E-2 2.8199E-2 2.83465E-2 2.84077E-2 2.67893E-2 2.72299E-2 2.66813E-2 2.75957E-2 2.77714E-2 1.53479E-2 1.48305E-2 1.47962E-2 1.49051E-2 1.45132E-2
1.18624E-2 1.22391E-2 1.2544E-2 1.56281E-2 1.65563E-2 1.80711E-2 2.03309E-2 2.36789E-2 2.74704E-2 2.65728E-2 2.50152E-2 2.50967E-2 2.54557E-2 2.5764E-2 2.57518E-2 2.63413E-2 2.63526E-2 2.61449E-2 2.63427E-2 2.66637E-2 2.69456E-2 2.71742E-2 2.75866E-2 2.75255E-2 2.73018E-2 2.77254E-2 2.78419E-2 2.81002E-2 2.81154E-2 2.79977E-2 2.8232E-2 2.80307E-2 2.7817E-2 2.61294E-2 2.59669E-2 2.60573E-2 2.59519E-2 2.59585E-2 2.57139E-2 2.60048E-2 2.63714E-2 2.67406E-2 2.62686E-2 2.63181E-2 2.60312E-2 2.61031E-2 2.79709E-2 2.79975E-2 2.86186E-2 2.83467E-2 2.69304E-2 2.71989E-2 2.72488E-2 2.70421E-2 2.79699E-2 2.84743E-2 1.48975E-2 1.48672E-2 1.49385E-2 1.49757E-2 1.48807E-2
1.20662E-2 1.33198E-2 1.41353E-2 1.69255E-2 1.75663E-2 1.97859E-2 2.3005E-2 2.65005E-2 2.82589E-2 2.54287E-2 2.5211E-2 2.52643E-2 2.55606E-2 2.56033E-2 2.59168E-2 2.6294E-2 2.66881E-2 2.6312E-2 2.6461E-2 2.69627E-2 2.72915E-2 2.72498E-2 2.76589E-2 2.80745E-2 2.74793E-2 2.81464E-2 2.83186E-2 2.84829E-2 2.85927E-2 2.87578E-2 2.90472E-2 2.85325E-2 2.67947E-2 2.69549E-2 2.6413E-2 2.62507E-2 2.62017E-2 2.64003E-2 2.6457E-2 2.66304E-2 2.64561E-2 2.66827E-2 2.66631E-2 2.63835E-2 2.62246E-2 2.82615E-2 2.86688E-2 2.86496E-2 2.902E-2 2.65274E-2 2.77199E-2 2.7555E-2 2.74343E-2 2.80012E-2 1.6133E-2 1.55084E-2 1.51137E-2 1.5176E-2 1.51867E-2 1.54512E-2 1.47575E-2
1.28004E-2 1.35668E-2 1.44028E-2 1.80452E-2 1.86065E-2 2.15239E-2 2.50396E-2 2.73149E-2 2.57256E-2 2.55285E-2 2.496E-2 2.51125E-2 2.54171E-2 2.5776E-2 2.60828E-2 2.64134E-2 2.68494E-2 2.72329E-2 2.69112E-2 2.7248E-2 2.77038E-2 2.75877E-2 2.80745E-2 2.84331E-2 2.88612E-2 2.85193E-2 2.8693E-2 2.89632E-2 2.9358E-2 2.90506E-2 2.91209E-2 2.74704E-2 2.77577E-2 2.74105E-2 2.73032E-2 2.6493E-2 2.65703E-2 2.66841E-2 2.6505E-2 2.64968E-2 2.64653E-2 2.6504E-2 2.66726E-2 2.69045E-2 2.61083E-2 2.83318E-2 2.85896E-2 2.88245E-2 2.70498E-2 2.73105E-2 2.80302E-2 2.79249E-2 2.83185E-2 2.86619E-2 1.61978E-2 1.61571E-2 1.53015E-2 1.53613E-2 1.52815E-2 1.52919E-2 1.48563E-2
1.34819E-2 1.44195E-2 1.47677E-2 1.84179E-2 2.13499E-2 2.29181E-2 2.73747E-2 2.71087E-2 2.54926E-2 2.51756E-2 2.54711E-2 2.51608E-2 2.55231E-2 2.57363E-2 2.6363E-2 2.68068E-2 2.71981E-2 2.74166E-2 2.77045E-2 2.74823E-2 2.80608E-2 2.81337E-2 2.84422E-2 2.89344E-2 2.91374E-2 2.93882E-2 2.9884E-2 2.94047E-2 2.95359E-2 2.94939E-2 2.7742E-2 2.80661E-2 2.79923E-2 2.76578E-2 2.77653E-2 2.76004E-2 2.68593E-2 2.72012E-2 2.72552E-2 2.70801E-2 2.75743E-2 2.75547E-2 2.75845E-2 2.78333E-2 2.88182E-2 2.83092E-2 2.92751E-2 2.73572E-2 2.71352E-2 2.73814E-2 2.78468E-2 2.8041E-2 1.6405E-2 1.65394E-2 1.63217E-2 1.578E-2 1.54642E-2 1.54949E-2 1.55E-2 1.55052E-2 1.4894E-2
1.49122E-2 1.47819E-2 1.55826E-2 1.87861E-2 2.20314E-2 2.56073E-2 2.87872E-2 2.5701E-2 2.51756E-2 2.53293E-2 2.56347E-2 2.57908E-2 2.62195E-2 2.60672E-2 2.65311E-2 2.69174E-2 2.70799E-2 2.74688E-2 2.81143E-2 2.75654E-2 2.86106E-2 2.83787E-2 2.86331E-2 2.9063E-2 2.96435E-2 3.00913E-2 3.02902E-2 2.99759E-2 3.00328E-2 3.01753E-2 2.77498E-2 2.78172E-2 2.8125E-2 2.76661E-2 2.77653E-2 2.69759E-2 2.67444E-2 2.7351E-2 2.68534E-2 2.7247E-2 2.77051E-2 2.74369E-2 2.76229E-2 2.95172E-2 2.91704E-2 2.93598E-2 2.79078E-2 2.76283E-2 2.75763E-2 2.79684E-2 1.79313E-2 2.85318E-2 1.64307E-2 1.63697E-2 1.64427E-2 1.63146E-2 1.59856E-2 1.56054E-2 1.55856E-2 1.53611E-2 1.50642E-2
1.23672E-2 1.51758E-2 1.66672E-2 2.04908E-2 2.38614E-2 2.53224E-2 2.86116E-2 2.7839E-2 2.67284E-2 2.48124E-2 2.49162E-2 2.53779E-2 2.59561E-2 2.61255E-2 2.65986E-2 2.66965E-2 2.63244E-2 2.6714E-2 2.70489E-2 2.78986E-2 2.81963E-2 2.87694E-2 2.92584E-2 2.96899E-2 2.97655E-2 2.98685E-2 3.07465E-2 3.0743E-2 3.04319E-2 2.80122E-2 2.83168E-2 2.85041E-2 2.85546E-2 2.78069E-2 2.86216E-2 2.80009E-2 2.83205E-2 2.75422E-2 2.74637E-2 2.74403E-2 2.76142E-2 2.79307E-2 2.97171E-2 2.93627E-2 2.98424E-2 2.80597E-2 2.81715E-2 2.8566E-2 2.75867E-2 2.81283E-2 3.01803E-2 1.71585E-2 1.6641E-2 1.65747E-2 1.65241E-2 1.59888E-2 1.6101E-2 1.56457E-2 1.56017E-2 1.51163E-2 1.49307E-2
1.18948E-2 1.61162E-2 1.77002E-2 2.46108E-2 2.55558E-2 2.16562E-2 1.76416E-2 1.6526E-2 1.49803E-2 1.75572E-2 2.52473E-2 2.50421E-2 2.65052E-2 2.71495E-2 2.80752E-2 2.72363E-2 2.66159E-2 2.60205E-2 2.59589E-2 2.68528E-2 2.79518E-2 2.85694E-2 2.88425E-2 2.96052E-2 3.04309E-2 3.07465E-2 3.09389E-2 3.07134E-2 2.84494E-2 2.77012E-2 2.78801E-2 2.86996E-2 2.88698E-2 2.86923E-2 2.90074E-2 2.86808E-2 2.89853E-2 2.85553E-2 2.73892E-2 2.76436E-2 2.77394E-2 2.97073E-2 2.99437E-2 3.01082E-2 2.80454E-2 2.84214E-2 2.85231E-2 2.89576E-2 2.97025E-2 1.84599E-2 1.85221E-2 1.7316E-2 1.67658E-2 1.67834E-2 1.67737E-2 1.61895E-2 1.60145E-2 1.61417E-2 1.5525E-2 1.5073E-2 1.50443E-2
1.54507E-2 1.81431E-2 1.93468E-2 2.43322E-2 2.54484E-2 2.68657E-2 2.66648E-2 2.6618E-2 2.63445E-2 2.52276E-2 2.54582E-2 2.60872E-2 2.63874E-2 2.81304E-2 2.89683E-2 3.04148E-2 3.04643E-2 3.05998E-2 2.98446E-2 2.77361E-2 2.85617E-2 2.80173E-2 2.84246E-2 3.01447E-2 3.06312E-2 3.12095E-2 3.16871E-2 2.88303E-2 2.78317E-2 2.82001E-2 2.76707E-2 2.83098E-2 2.91604E-2 2.81273E-2 2.86432E-2 2.87318E-2 2.90965E-2 2.84776E-2 2.89456E-2 3.04304E-2 3.0153E-2 3.03213E-2 2.99795E-2 2.82161E-2 2.85325E-2 2.85015E-2 2.89259E-2 3.04016E-2 1.91471E-2 1.86885E-2 1.86019E-2 1.79723E-2 1.6943E-2 1.67579E-2 1.69496E-2 1.62735E-2 1.61402E-2 1.62093E-2 1.55294E-2 1.51117E-2 1.51467E-2
1.91191E-2 1.99183E-2 2.19346E-2 2.74275E-2 2.66619E-2 2.59679E-2 2.71402E-2 2.74285E-2 2.67108E-2 2.52483E-2 2.55917E-2 2.60662E-2 2.67226E-2 2.77256E-2 2.84449E-2 2.96103E-2 2.98663E-2 3.04669E-2 3.04857E-2 3.04814E-2 3.2814E-2 3.07876E-2 3.01834E-2 3.15409E-2 3.11023E-2 3.19262E-2 3.38692E-2 3.14446E-2 3.05773E-2 2.94235E-2 2.83264E-2 2.94167E-2 2.97712E-2 2.87846E-2 2.95091E-2 2.94445E-2 2.94445E-2 2.88655E-2 3.05279E-2 3.06421E-2 3.06663E-2 3.04238E-2 2.87602E-2 2.85186E-2 2.86829E-2 3.10044E-2 3.11085E-2 3.10474E-2 3.14005E-2 1.94177E-2 1.87252E-2 1.81865E-2 1.712E-2 1.73111E-2 1.71205E-2 1.64034E-2 1.6431E-2 1.6345E-2 1.59336E-2 1.57701E-2 1.53055E-2
1.80904E-2 2.20735E-2 2.42053E-2 2.77928E-2 2.57675E-2 2.5024E-2 2.5662E-2 2.59999E-2 2.65322E-2 2.58904E-2 2.5859E-2 2.64474E-2 2.69931E-2 2.73292E-2 2.79216E-2 2.89314E-2 2.97405E-2 2.97056E-2 3.00389E-2 3.13769E-2 3.15196E-2 3.09991E-2 3.12869E-2 3.18637E-2 3.18587E-2 3.25375E-2 3.15784E-2 3.19572E-2 3.21142E-2 3.10275E-2 3.04839E-2 3.16175E-2 2.99172E-2 2.97771E-2 2.99885E-2 2.95049E-2 3.16788E-2 3.07288E-2 3.05023E-2 3.08988E-2 3.09771E-2 3.05165E-2 2.91295E-2 2.8659E-2 2.91195E-2 3.12591E-2 3.09227E-2 3.16025E-2 1.97084E-2 1.98136E-2 1.95548E-2 1.84298E-2 1.84377E-2 1.81318E-2 1.74706E-2 1.67939E-2 1.65719E-2 1.65582E-2 1.65988E-2 1.59814E-2 1.60158E-2
2.51131E-2 2.60946E-2 2.37524E-2 2.60192E-2 2.4558E-2 2.51304E-2 2.52863E-2 2.5523E-2 2.58904E-2 2.63705E-2 2.61345E-2 2.66105E-2 2.64985E-2 2.74604E-2 2.76376E-2 2.87027E-2 2.88214E-2 2.82606E-2 2.94613E-2 2.97998E-2 3.01899E-2 3.04371E-2 3.11609E-2 3.17362E-2 3.14379E-2 3.19639E-2 3.14094E-2 3.11763E-2 3.14979E-2 3.1271E-2 3.12463E-2 3.16964E-2 3.09273E-2 3.09641E-2 3.05019E-2 3.20934E-2 3.19017E-2 3.13902E-2 3.08488E-2 3.08881E-2 3.11305E-2 2.9146E-2 2.91113E-2 2.9417E-2 3.1456E-2 3.16594E-2 3.15614E-2 2.00003E-2 2.00861E-2 1.9942E-2 1.91606E-2 1.87417E-2 1.86742E-2 1.86333E-2 1.77709E-2 1.71489E-2 1.71382E-2 1.69622E-2 1.62422E-2 1.63214E-2 1.61146E-2
2.44021E-2 2.35719E-2 2.27279E-2 2.45431E-2 2.45248E-2 2.49035E-2 2.51469E-2 2.53048E-2 2.57649E-2 2.61418E-2 2.65249E-2 2.72181E-2 2.7287E-2 2.83906E-2 2.79859E-2 2.85867E-2 2.97689E-2 2.93953E-2 2.85167E-2 2.9435E-2 2.96872E-2 3.01331E-2 2.99097E-2 3.11122E-2 3.02079E-2 3.08871E-2 3.11147E-2 3.14573E-2 3.10861E-2 3.15682E-2 3.13163E-2 3.11751E-2 3.12204E-2 3.30245E-2 3.24307E-2 3.22556E-2 3.20367E-2 3.14931E-2 3.17356E-2 3.18396E-2 2.99408E-2 3.02212E-2 3.00782E-2 2.98189E-2 2.10781E-2 2.09264E-2 2.01715E-2 2.03535E-2 2.02429E-2 1.96636E-2 1.956E-2 1.97595E-2 1.90583E-2 1.90707E-2 1.82278E-2 1.82079E-2 1.72607E-2 1.7298E-2 1.71625E-2 1.66165E-2 1.64411E-2
2.32875E-2 2.30124E-2 2.24765E-2 2.47068E-2 2.46567E-2 2.50601E-2 2.51497E-2 2.54064E-2 2.56585E-2 2.6026E-2 2.65708E-2 2.7185E-2 2.68167E-2 2.7447E-2 2.74565E-2 2.82352E-2 2.88671E-2 2.89886E-2 2.93144E-2 2.90859E-2 2.96952E-2 3.03098E-2 2.957E-2 3.01335E-2 2.99306E-2 3.1213E-2 3.14119E-2 3.05511E-2 3.14607E-2 3.1709E-2 3.19743E-2 3.16601E-2 3.35131E-2 3.36895E-2 3.24068E-2 3.21606E-2 3.21708E-2 3.19037E-2 3.19116E-2 3.02184E-2 3.05271E-2 3.05671E-2 3.03896E-2 2.97761E-2 2.11538E-2 2.10918E-2 2.056E-2 2.04702E-2 2.04838E-2 1.99747E-2 1.99476E-2 1.99E-2 1.98115E-2 1.8583E-2 1.91348E-2 1.82997E-2 1.83258E-2 1.71549E-2 1.69735E-2 1.67466E-2 1.68275E-2
