Artocarpus heterophyllus SDM files/Environmental layers/bio18.asc
ncols  625
nrows  721
xllcorner  69.958333335383
yllcorner  5.95833333415099
cellsize 0.041666666667
NODATA_value  -9999
[rows 315 to 359 of 721, columns 96 to 191 of 625]
9 9 9 11 11 14 14 12 11 11 11 12 11 11 11 12 12 13 13 13 14 16 16 15 13 13 13 13 179 264 261 252 242 252 255 244 231 235 246 254 247 237 248 257 250 263 254 264 256 249 262 275 278 286 282 277 262 259 266 258 267 288 309 300 289 283 297 303 312 282 266 298 288 279 275 315 277 272 260 255 320 288 244 274 305 289 295 331 305 347 327 276 259 258 255 254
10 9 9 11 12 14 13 11 11 13 11 13 13 11 12 11 13 13 13 14 15 15 15 13 13 13 13 13 24 157 165 159 238 260 249 241 232 237 252 252 251 240 246 256 253 270 254 265 267 258 251 256 260 293 302 291 266 254 252 258 282 307 313 306 316 309 299 318 276 259 287 274 262 282 259 325 298 267 259 259 302 274 252 255 259 254 275 302 338 281 327 285 258 266 265 255
11 11 11 11 13 14 14 13 11 13 13 13 13 12 13 12 13 13 13 13 15 15 15 14 13 14 13 13 15 16 17 17 94 241 247 247 234 234 252 255 260 245 242 260 265 256 253 267 270 259 253 253 272 297 293 274 274 272 266 267 300 319 292 314 278 302 275 286 275 267 294 272 265 285 271 294 300 271 269 269 264 264 260 248 284 333 298 287 269 263 261 257 253 262 264 264
11 11 11 12 14 14 14 13 12 13 14 13 13 13 13 13 13 13 13 13 14 16 16 15 13 13 14 14 15 16 15 16 17 17 26 186 240 232 240 255 265 254 241 251 265 254 258 274 268 265 259 253 263 295 305 299 299 306 295 299 329 343 305 290 277 288 270 299 292 286 280 280 268 296 275 281 282 271 269 276 264 269 267 259 269 305 273 263 261 257 263 265 253 252 259 262
11 11 11 11 13 16 15 13 13 13 15 14 13 13 14 13 13 13 13 13 14 16 15 15 13 13 13 15 15 15 15 17 17 17 17 18 25 155 237 240 261 268 246 248 267 257 259 276 275 269 267 263 264 299 313 320 308 311 318 319 308 341 312 308 298 276 267 281 261 264 280 281 273 285 285 283 280 271 274 277 274 269 274 272 270 266 263 256 258 258 258 261 265 252 255 252
11 11 11 11 12 16 15 13 13 14 15 15 13 13 14 13 13 13 13 13 14 16 15 15 13 13 14 15 15 15 15 17 17 17 17 17 17 17 186 240 261 279 246 245 265 264 260 284 287 278 271 273 261 275 277 321 313 324 330 320 319 303 308 306 276 263 265 287 285 267 273 279 273 278 284 281 279 272 271 271 270 267 269 264 264 260 259 258 257 257 259 262 264 258 251 248
11 11 11 11 12 14 14 13 13 13 16 15 13 13 14 13 13 13 14 13 14 15 15 15 13 14 14 15 15 15 15 16 16 17 17 18 17 17 34 195 249 272 258 238 249 280 286 286 278 283 280 279 268 241 249 285 323 339 328 308 300 288 290 289 275 261 263 275 278 274 263 281 268 279 281 279 273 268 269 265 263 264 260 261 259 267 259 258 253 255 249 251 254 254 246 248
11 12 14 14 15 13 13 14 14 13 13 14 13 13 13 13 13 13 13 13 13 13 13 13 13 14 15 15 14 14 15 15 15 16 17 17 17 17 17 53 189 268 278 261 260 286 289 287 287 278 292 279 266 232 222 237 294 293 286 288 276 281 290 286 279 269 260 261 274 276 260 277 268 275 274 275 264 267 262 267 260 254 257 261 257 255 252 251 248 249 245 244 251 269 292 284
11 11 11 12 16 15 17 15 15 14 13 13 13 13 14 13 13 13 13 13 13 13 12 13 13 13 14 14 13 13 14 13 15 15 16 17 17 17 17 17 80 286 294 286 276 289 295 306 295 244 212 199 270 247 235 238 242 258 274 258 267 266 288 290 281 280 272 256 271 271 261 264 269 264 264 258 263 269 267 260 262 259 256 262 259 246 244 245 243 237 244 291 300 295 293 247
11 11 11 12 12 11 15 13 13 14 13 13 13 13 14 13 13 13 13 13 13 12 12 13 12 13 13 14 13 13 13 13 14 15 15 17 16 15 16 17 35 297 315 308 270 202 133 199 177 121 31 27 37 80 209 239 236 253 271 256 267 249 273 295 299 280 271 259 263 262 258 266 264 263 259 257 256 264 271 264 255 256 259 255 251 245 239 234 228 229 266 298 257 238 254 248
12 13 13 13 13 12 13 13 13 15 14 13 13 13 13 13 13 15 13 13 13 12 12 12 13 13 13 12 12 12 13 13 14 16 17 18 16 14 15 17 78 316 322 304 318 203 56 20 29 54 31 18 18 17 35 189 238 251 247 245 244 264 283 287 285 284 271 256 253 257 263 267 272 270 262 256 263 262 271 266 254 257 253 250 243 237 232 232 274 256 290 267 255 262 252 239
13 13 13 13 13 13 13 13 13 15 15 15 13 13 13 13 14 14 13 13 13 13 13 13 13 13 12 11 11 13 12 12 15 17 19 17 14 13 15 17 84 235 321 321 243 130 57 19 17 19 18 18 17 18 17 16 133 264 245 233 251 264 287 275 265 276 270 260 259 253 250 254 255 264 260 260 260 259 262 266 253 252 254 249 238 238 281 298 292 314 276 254 253 249 242 240
13 13 13 13 15 13 13 14 14 15 15 15 15 13 13 13 14 14 14 13 13 13 13 13 12 12 12 11 11 13 12 13 13 13 17 17 13 13 13 16 18 101 130 71 17 79 19 17 16 17 17 18 18 18 16 17 52 211 223 222 238 251 281 275 256 260 273 252 248 252 268 252 253 256 254 257 252 253 252 254 254 249 240 239 236 292 291 269 277 325 270 255 271 261 246 234
13 13 14 15 15 15 15 16 17 16 15 15 15 15 14 15 15 14 14 13 13 13 13 12 13 13 12 12 13 13 13 13 13 13 16 16 13 13 13 14 15 17 16 18 17 17 17 17 16 16 16 18 19 18 16 18 17 16 83 240 231 258 286 270 250 263 257 241 248 249 256 259 257 259 257 251 251 251 248 251 251 242 253 269 243 247 269 295 248 294 304 274 266 257 240 234
14 14 14 15 15 16 17 17 18 18 18 16 15 15 14 14 16 13 14 13 13 13 13 12 13 13 13 13 13 13 13 13 13 13 13 13 13 14 14 15 16 15 16 16 16 16 17 16 16 16 16 18 17 18 16 17 17 17 117 267 247 245 285 274 244 247 242 245 268 259 251 250 257 259 261 255 251 254 251 245 247 248 245 272 251 246 278 323 268 259 324 325 272 259 237 237
15 15 15 15 15 16 20 17 17 19 20 16 16 15 15 17 17 16 14 13 13 13 13 13 13 13 13 13 13 13 13 14 13 14 13 13 14 15 15 15 16 16 16 16 16 16 17 16 16 16 16 16 17 16 16 16 17 18 19 152 270 241 281 261 247 253 251 250 253 266 260 249 253 254 257 258 251 249 249 244 263 252 256 274 277 253 257 332 269 294 329 287 267 262 250 239
15 15 15 15 15 16 18 21 17 19 18 19 16 15 17 19 20 18 15 13 13 13 13 14 13 13 14 14 13 13 13 14 14 14 15 14 14 15 15 15 15 16 16 16 16 16 16 16 16 16 17 17 18 18 17 17 17 18 18 40 86 254 280 242 240 241 257 260 259 259 267 255 254 252 249 249 249 243 248 257 295 266 265 266 317 293 258 302 255 276 310 306 296 303 261 247
15 15 16 17 18 19 20 23 21 18 17 16 15 15 16 17 21 19 17 15 13 14 13 13 13 14 13 14 14 13 13 14 14 14 14 15 15 15 15 16 16 16 16 16 17 17 17 17 17 18 18 18 18 19 18 18 18 18 18 19 20 215 272 254 248 244 248 248 249 253 256 260 251 251 250 248 240 239 262 310 298 292 260 267 331 308 269 334 322 295 320 306 267 294 304 276
16 17 17 17 18 19 21 24 24 22 17 17 15 16 18 19 20 20 18 15 14 15 14 14 14 14 14 14 14 14 14 15 15 15 15 15 16 15 16 18 17 16 16 16 18 18 20 18 18 20 18 18 18 19 19 18 18 19 18 20 21 176 274 263 249 250 253 246 245 250 252 256 255 249 248 252 254 253 250 264 314 318 259 261 296 326 308 319 323 315 319 298 310 311 347 334
18 18 19 18 19 20 23 25 26 24 22 18 18 16 16 22 20 17 15 16 15 15 15 15 15 15 15 15 14 15 15 15 15 15 15 16 18 17 16 18 18 17 16 16 17 19 21 20 18 21 20 19 19 18 20 18 18 19 20 21 22 21 265 263 245 245 259 262 253 249 252 252 253 251 259 268 263 256 259 255 307 303 261 275 306 324 348 341 327 310 325 287 304 328 341 315
19 23 23 21 21 22 27 26 27 25 20 20 22 24 20 20 20 19 20 18 18 20 18 17 16 16 15 16 15 15 14 16 16 16 17 15 17 18 17 19 18 17 17 16 17 18 19 20 21 23 22 20 20 20 22 19 18 20 22 22 22 21 62 174 237 246 252 253 257 252 250 254 253 250 252 268 258 261 271 281 329 286 267 278 319 350 349 325 312 308 309 279 278 312 331 314
18 21 23 19 18 20 27 23 20 20 24 22 23 27 24 22 24 23 20 17 16 20 21 21 19 17 16 16 16 15 15 15 16 18 17 15 17 19 18 19 18 17 17 18 18 18 19 19 21 23 22 21 21 21 23 20 20 20 23 22 22 22 21 30 174 256 250 249 250 252 255 259 264 256 247 261 256 269 303 302 318 314 280 270 306 301 298 305 287 311 305 280 273 301 304 274
21 20 18 20 22 19 21 21 18 22 27 26 24 23 27 26 25 23 19 17 17 17 18 20 21 19 18 18 17 16 17 15 15 18 16 16 16 19 19 19 19 18 17 18 18 18 18 21 21 24 22 21 22 21 22 23 23 24 23 22 22 21 20 39 156 261 257 256 250 251 255 260 266 280 258 261 269 313 285 287 311 276 271 263 279 279 265 263 271 305 289 270 280 277 285 296
20 19 25 27 22 26 27 22 19 24 29 26 30 25 29 27 26 25 23 21 19 20 19 17 19 21 20 19 18 17 17 15 17 18 17 17 17 18 20 19 18 18 18 18 18 19 19 19 21 23 23 22 22 23 23 24 24 25 24 22 21 20 20 20 84 253 250 254 258 257 257 256 256 266 279 335 328 297 265 290 296 255 274 264 287 275 269 262 264 272 275 275 280 282 282 284
21 22 27 25 19 26 24 21 21 20 21 23 29 28 30 29 27 25 25 23 21 23 22 20 17 19 21 21 20 19 17 18 19 18 18 18 18 20 20 18 18 18 18 18 18 18 20 21 21 21 22 23 25 25 25 24 23 24 24 23 21 20 20 20 20 230 265 254 256 258 274 269 287 343 335 338 313 266 281 320 257 259 259 269 283 285 270 256 261 260 268 271 273 278 280 282
28 27 27 24 23 25 20 23 25 23 24 29 25 23 27 29 28 27 27 26 23 24 23 22 19 18 21 22 21 19 17 18 19 19 20 19 19 20 19 18 19 19 19 19 20 18 19 21 21 22 22 23 26 26 25 25 24 23 22 21 20 20 20 20 20 213 269 255 255 264 265 317 328 303 307 313 307 274 304 298 257 264 270 268 259 268 254 252 254 260 255 253 256 274 289 290
25 29 27 27 28 24 23 27 26 28 30 27 24 21 23 22 23 26 25 22 26 26 25 23 22 20 20 21 21 18 19 19 20 21 21 21 20 20 19 18 19 20 20 21 21 20 21 21 21 22 22 24 26 27 25 24 23 23 23 22 21 21 21 20 31 264 274 266 265 267 284 364 368 322 279 281 279 280 282 268 262 287 291 280 275 284 261 260 287 332 291 310 257 286 307 311
26 30 29 29 27 24 26 28 32 30 27 23 20 20 20 20 20 20 20 19 22 25 25 24 23 22 21 21 21 19 20 22 22 22 22 22 21 20 20 18 20 20 24 24 22 22 21 22 22 23 24 25 26 26 25 24 25 25 24 22 21 20 21 21 20 271 277 293 274 291 356 348 315 312 285 269 268 266 255 264 270 267 274 269 290 281 288 276 318 367 361 352 276 283 305 293
24 29 30 29 29 31 29 22 24 23 22 21 20 22 21 20 20 19 19 19 20 24 25 24 23 22 22 21 18 19 18 20 22 24 24 24 24 22 20 19 19 20 23 23 23 24 25 24 23 23 25 27 27 26 25 25 25 25 24 22 23 22 20 20 21 223 280 314 322 295 343 350 278 270 269 288 286 299 289 274 285 283 267 292 309 314 296 330 375 364 352 330 302 328 335 323
21 20 20 25 26 24 22 22 22 22 22 22 22 22 21 20 20 20 19 19 19 21 25 25 23 23 22 21 18 17 18 18 20 22 23 23 23 23 21 20 19 21 22 22 25 26 27 25 23 23 25 28 27 26 26 27 25 25 25 24 22 23 22 21 21 233 314 285 305 271 280 277 254 267 302 318 312 274 282 289 301 319 290 291 350 361 323 351 381 373 345 308 309 360 335 345
22 19 19 20 21 22 22 22 22 22 22 22 22 22 21 20 20 20 21 20 19 19 23 25 24 25 24 22 20 18 18 20 21 22 24 23 22 21 21 19 19 21 22 22 27 29 27 25 25 26 25 29 28 28 27 25 25 25 25 26 24 24 23 22 22 251 261 277 261 259 262 261 270 276 272 271 279 297 282 278 285 305 319 312 307 382 368 370 374 350 355 355 338 373 353 347
19 20 21 22 22 22 22 22 22 22 22 22 21 21 22 20 20 20 20 20 21 19 19 18 18 18 19 19 17 19 21 20 22 24 24 23 22 21 23 24 21 19 24 25 31 29 27 26 26 29 30 31 29 27 26 26 25 27 24 26 24 25 25 24 24 147 23 79 267 267 265 261 264 265 276 265 274 281 300 286 290 323 377 344 356 373 403 401 383 334 338 386 376 376 351 316
21 21 22 22 22 22 22 22 22 22 22 22 21 20 20 20 20 21 22 21 21 21 20 18 17 17 17 17 17 17 16 17 19 21 24 23 22 22 27 27 23 20 21 24 30 30 29 30 30 29 30 29 28 28 29 28 26 23 23 23 23 24 23 23 24 25 22 21 224 258 260 269 276 269 281 270 267 268 274 279 289 317 323 354 427 415 425 408 384 305 325 374 398 397 368 316
21 22 22 22 22 22 22 22 22 22 22 22 22 21 21 20 20 21 22 22 22 19 20 19 17 17 17 17 17 16 15 15 16 17 18 18 18 19 23 24 25 21 22 26 28 29 29 30 29 29 29 30 29 29 30 29 28 26 23 23 22 22 22 22 24 22 21 32 245 268 261 260 269 283 295 280 302 273 278 301 302 288 301 376 396 381 417 379 351 309 350 348 379 350 389 342
22 22 22 22 24 24 23 23 24 23 22 22 22 22 21 21 20 20 20 20 20 19 20 18 17 17 17 17 16 15 15 15 15 15 17 16 17 18 19 19 22 23 24 29 29 26 22 24 27 28 27 29 30 26 30 28 26 25 22 22 22 22 22 23 22 22 21 140 276 292 279 267 264 261 270 269 305 285 278 332 329 401 422 385 383 392 374 348 329 340 322 304 335 317 385 404
23 25 24 23 24 25 26 26 27 27 25 24 23 22 22 22 22 21 20 20 20 19 19 17 17 17 19 17 16 16 16 16 15 15 16 16 16 17 18 19 20 23 27 29 28 27 23 23 26 28 24 29 29 26 28 25 23 22 22 25 27 27 27 22 22 22 23 78 256 288 316 272 270 289 308 267 274 289 322 388 379 428 419 355 301 356 385 374 305 323 348 295 309 316 361 369
24 27 27 25 26 27 28 28 29 30 30 28 26 25 23 22 22 22 21 20 20 20 19 17 18 20 21 18 15 17 19 17 18 17 16 16 16 18 19 21 24 26 28 28 28 27 23 26 23 25 23 25 28 26 22 22 22 22 22 25 27 27 23 22 22 24 79 242 254 259 298 296 310 277 343 359 310 372 409 402 377 373 364 337 298 318 330 309 294 311 313 315 330 330 339 341
23 24 25 27 27 29 29 30 32 32 31 30 29 27 25 24 23 22 22 21 20 20 19 17 17 18 21 20 16 17 17 16 15 15 15 16 17 21 20 21 26 24 26 26 25 27 23 26 25 22 22 23 23 22 22 22 22 22 22 22 22 22 23 26 23 85 95 259 294 302 321 335 315 340 358 375 394 417 410 387 365 376 364 314 301 300 294 294 303 303 301 315 325 320 317 320
23 24 26 27 29 30 29 34 34 33 31 30 29 28 26 26 24 24 22 22 21 20 20 19 18 17 18 18 17 17 18 16 16 15 16 16 16 17 18 18 19 19 20 23 21 26 26 24 23 22 22 22 21 21 22 22 22 22 22 23 23 22 23 103 273 331 299 273 276 293 299 290 291 347 398 333 363 352 390 378 350 331 317 294 290 286 277 291 291 288 296 308 316 317 309 295
24 25 25 27 34 34 35 36 35 34 33 31 29 29 28 27 26 26 24 23 22 22 21 20 20 20 18 18 18 18 18 18 17 17 17 16 17 18 18 18 18 19 19 19 20 21 21 21 22 21 21 21 20 21 22 22 22 22 22 22 22 23 33 174 318 382 348 317 268 276 303 340 365 373 356 324 331 327 334 323 306 299 283 283 283 279 275 281 280 290 294 296 302 311 309 303
23 24 28 36 37 37 37 36 36 36 34 32 32 31 30 29 29 27 25 25 24 22 22 21 20 20 20 20 19 18 18 18 18 18 18 18 18 18 18 18 18 20 20 20 20 20 20 20 21 20 20 20 20 21 22 22 22 22 22 23 25 52 181 314 316 292 279 141 213 294 286 303 301 303 303 309 294 305 292 289 284 288 281 280 277 273 273 271 285 293 295 290 290 281 313 313
25 29 29 36 38 37 37 36 36 35 35 34 33 32 31 29 28 27 28 28 25 24 23 23 22 22 20 20 20 19 19 19 18 18 19 19 19 18 18 19 18 19 20 20 20 20 20 20 20 20 20 20 20 20 21 22 22 22 25 30 59 187 47 46 31 31 30 29 28 39 138 266 275 277 281 294 282 284 277 274 279 281 278 277 276 268 268 272 284 289 289 285 279 281 290 314
32 36 38 36 37 40 39 38 37 36 35 34 34 33 31 30 29 28 30 30 28 25 24 24 24 23 22 21 21 20 20 20 20 20 20 20 20 20 20 20 19 19 19 20 20 20 20 20 20 20 20 20 20 22 23 24 29 30 34 33 31 31 29 29 29 29 29 28 29 29 29 85 257 269 275 281 278 273 270 271 273 273 272 274 271 271 268 272 279 283 286 283 273 282 309 315
38 38 39 39 37 34 39 40 40 39 37 36 34 33 34 31 31 31 31 30 28 26 25 26 25 24 22 23 22 22 21 21 21 20 20 21 21 20 20 20 20 20 20 19 20 20 20 20 20 21 20 20 20 22 22 22 25 27 30 29 28 28 27 27 28 28 27 28 29 29 29 27 142 266 270 271 274 268 269 271 270 270 270 270 269 277 271 272 278 281 286 278 280 285 308 325
39 40 40 38 39 38 36 36 35 37 39 38 37 35 35 32 34 34 32 30 29 26 26 28 26 25 23 23 22 23 22 23 22 22 21 22 22 20 21 21 21 20 20 20 21 21 20 20 23 24 24 24 23 22 22 22 24 25 26 27 27 27 27 27 27 27 27 28 28 29 29 28 28 198 265 267 270 267 267 268 268 271 272 268 273 274 275 277 281 281 277 278 284 295 326 319
