Artocarpus heterophyllus SDM files/Environmental layers/bio15.asc
ncols  625
nrows  721
xllcorner  69.958333335383
yllcorner  5.95833333415099
cellsize 0.041666666667
NODATA_value  -9999
[rows 0 to 43 of 721, columns 0 to 95 of 625]
81 83 82 79 78 78 78 77 79 78 76 76 78 78 78 77 76 76 75 74 73 73 73 73 73 69 69 69 70 72 72 71 71 71 71 72 72 71 71 71 70 69 68 67 66 65 63 62 60 58 57 55 53 51 48 48 47 45 46 45 44 43 43 43 43 43 43 45 47 50 49 49 51 54 54 57 57 58 60 62 63 64 65 67 68 69 69 70 70 70 70 70 70 70 70 70
81 82 83 80 79 78 78 77 78 77 77 78 78 78 77 75 76 75 73 71 70 72 73 73 70 69 68 68 70 72 72 72 72 71 69 71 70 71 70 69 69 68 67 66 65 63 62 60 58 57 55 53 52 50 48 45 46 46 45 45 43 43 43 43 43 43 44 45 49 49 48 50 50 54 54 57 57 59 60 61 62 64 65 66 67 68 69 69 69 70 70 70 69 70 70 70
81 81 81 80 79 78 77 77 77 77 79 78 77 76 77 74 75 72 71 70 70 72 73 71 68 67 67 67 68 70 70 72 71 71 70 69 69 70 68 68 68 67 66 65 63 61 60 58 57 55 53 52 51 49 45 46 47 45 43 44 43 43 43 43 44 44 44 45 48 48 50 51 51 54 55 56 57 59 59 60 61 63 64 65 66 67 68 68 69 69 69 69 69 69 70 69
81 80 80 79 78 78 78 77 77 78 78 76 75 74 76 74 73 71 71 70 71 73 72 70 68 67 67 66 67 68 69 70 71 70 70 69 68 67 67 66 66 65 64 63 61 60 58 57 55 53 51 51 49 47 47 46 45 44 43 43 43 43 43 43 44 44 45 46 48 48 51 50 52 54 54 55 58 57 58 59 60 62 63 64 65 66 67 67 68 68 68 68 68 69 69 69
80 80 80 79 79 79 79 78 78 77 76 76 74 73 74 74 72 71 70 71 73 72 69 67 67 66 67 68 67 69 70 70 70 69 69 68 66 65 66 66 65 63 62 61 59 58 56 55 53 52 51 50 48 47 47 44 44 45 43 43 43 43 43 43 44 44 46 46 47 48 50 51 52 54 54 55 57 57 58 59 60 61 62 63 64 65 66 67 67 67 67 67 68 68 68 68
81 80 80 80 80 81 79 77 77 76 75 75 74 73 73 73 71 70 71 73 73 70 68 67 66 66 68 70 68 69 70 69 69 69 68 66 64 65 64 64 63 61 60 59 57 56 54 53 52 51 50 48 48 46 45 44 44 44 43 44 43 43 43 43 44 44 45 46 47 48 49 51 52 53 54 55 56 57 57 58 59 60 61 62 63 64 64 65 65 66 66 66 66 67 67 67
82 81 82 82 82 81 79 77 77 76 75 75 74 73 73 72 71 71 73 73 72 71 69 67 65 65 66 69 69 69 68 67 68 67 66 65 65 62 61 62 61 59 58 56 55 54 53 51 51 50 49 47 47 45 46 45 44 44 44 44 44 43 44 44 44 44 45 46 47 48 50 51 52 53 54 55 56 57 57 58 58 59 60 61 62 62 63 63 64 64 64 65 65 65 65 66
83 83 83 82 82 79 78 77 76 76 75 75 74 73 72 72 72 73 72 71 71 67 67 67 65 65 67 67 68 66 65 66 67 66 65 64 63 61 60 60 58 57 56 54 53 52 51 50 49 48 48 46 46 46 45 45 44 44 44 44 44 44 44 44 44 45 46 49 49 49 50 51 52 53 54 57 56 56 57 57 58 59 59 60 60 61 61 61 62 62 62 63 63 63 64 64
83 83 83 82 80 79 78 77 77 77 77 76 74 73 72 73 73 71 69 68 69 67 66 66 65 65 66 67 67 65 64 66 66 65 64 63 61 59 59 58 56 55 53 52 51 50 49 49 48 47 47 46 46 45 45 45 44 44 44 44 44 44 44 44 45 45 46 47 48 49 50 51 52 53 54 55 56 56 57 57 58 58 58 58 59 59 60 59 60 60 60 61 61 61 62 62
83 83 83 80 79 78 78 77 76 77 78 78 75 73 72 74 73 71 68 68 68 67 66 66 65 65 64 65 66 66 66 65 64 63 63 61 60 58 57 56 54 53 51 50 49 48 48 47 47 47 46 46 45 45 45 45 44 44 44 44 44 44 44 45 45 46 47 48 49 50 50 51 53 54 55 55 56 57 57 57 57 58 58 58 58 58 58 58 58 58 58 58 58 58 59 59
84 82 82 81 79 79 79 79 77 76 78 78 77 74 72 72 72 70 68 67 67 66 66 68 66 67 64 66 66 65 65 64 63 62 61 60 58 57 55 53 52 51 49 49 48 47 47 47 46 46 46 46 46 45 45 45 45 45 45 45 45 45 45 45 46 47 48 48 49 50 51 52 54 54 55 55 56 56 57 57 57 58 57 57 57 57 57 57 56 56 56 56 56 56 56 57
83 81 80 80 79 78 79 80 80 79 79 78 76 73 71 71 70 70 69 67 66 66 65 68 67 67 64 66 63 64 64 63 62 61 59 58 56 55 53 51 50 49 48 47 46 46 46 46 46 46 46 46 46 45 45 45 45 45 45 45 45 45 46 46 47 48 49 52 50 51 52 53 53 54 55 55 56 57 57 57 58 58 58 57 57 56 56 56 55 55 55 54 54 53 54 54
82 81 80 80 79 79 79 79 80 79 79 77 74 73 71 71 70 71 70 68 67 66 67 68 67 65 64 63 62 63 62 61 60 59 57 56 54 53 51 50 48 47 47 46 46 46 46 46 46 46 46 46 46 46 46 46 46 46 46 46 46 46 47 47 48 50 53 53 51 52 53 53 54 54 55 56 56 57 58 58 58 58 58 57 57 56 56 55 54 53 53 52 52 52 52 52
81 81 81 81 80 81 80 80 80 79 79 76 74 72 72 72 71 71 72 68 68 68 68 67 65 63 63 64 63 61 61 60 59 57 56 54 52 51 49 48 47 46 46 46 46 46 46 46 46 46 46 46 46 47 47 47 47 47 47 47 47 48 48 49 50 52 53 52 53 53 54 54 54 55 56 56 57 58 58 58 59 58 58 58 57 56 56 54 54 53 52 51 51 50 50 49
81 82 82 82 82 81 81 80 80 79 77 75 74 74 75 74 73 71 71 70 67 68 67 66 64 62 63 62 62 61 60 59 57 55 54 52 51 49 48 47 46 46 46 46 46 46 46 46 46 47 47 47 47 48 48 48 48 48 49 48 50 50 50 50 51 53 57 57 59 55 55 55 56 56 56 57 58 58 59 59 59 59 59 59 58 57 56 55 54 52 52 50 49 49 48 48
81 82 83 82 82 81 81 80 79 78 76 76 74 73 75 74 73 72 71 70 67 67 66 65 64 62 62 62 61 59 59 57 56 54 52 51 49 48 47 46 46 46 46 46 46 46 46 47 47 48 48 48 48 49 49 49 50 50 50 50 50 52 51 52 52 53 54 59 57 56 56 56 57 57 58 58 59 59 59 60 60 60 60 60 59 59 57 56 54 53 51 50 49 48 47 46
80 80 82 82 82 81 81 80 79 79 78 77 74 72 73 71 71 72 71 69 68 67 66 64 63 62 61 60 59 58 57 56 54 52 51 49 48 47 46 46 46 46 46 46 46 47 47 48 48 49 49 49 50 50 50 51 51 51 51 52 52 52 53 53 54 55 57 57 57 58 57 58 58 59 59 59 59 60 60 61 61 61 60 60 60 59 58 57 54 53 51 49 48 47 46 45
80 80 82 82 82 81 81 80 79 78 78 77 76 73 73 72 70 71 70 69 67 66 65 63 62 61 60 59 58 57 56 54 53 51 50 48 47 47 46 46 46 46 46 47 47 48 48 49 49 50 50 51 51 51 52 52 52 52 53 53 53 54 54 55 56 56 58 59 58 59 60 59 59 60 60 60 61 61 61 62 62 62 61 61 60 59 58 56 54 53 51 49 48 46 45 45
80 81 83 82 82 81 81 80 79 78 77 76 75 74 74 72 71 70 69 68 67 65 64 63 61 60 59 58 57 56 55 53 52 50 49 48 47 46 46 46 46 47 47 48 48 49 49 50 50 51 51 52 52 53 53 53 54 54 54 54 55 55 56 57 57 58 59 60 60 60 60 60 61 61 61 62 62 63 63 63 63 63 62 61 60 59 58 57 56 54 52 50 48 46 45 44
80 81 82 82 82 81 80 80 79 78 77 76 75 74 73 73 71 70 69 68 66 65 63 62 60 59 58 57 56 55 54 52 51 49 48 47 47 46 46 47 47 47 48 49 49 50 50 51 51 52 52 53 53 54 54 54 55 55 56 56 56 57 57 58 59 60 60 61 61 61 62 62 62 63 63 63 64 64 64 64 64 63 63 62 61 60 59 57 55 53 52 50 48 46 45 44
81 80 81 82 82 81 80 79 78 77 76 76 75 74 73 72 71 70 69 67 66 64 62 61 60 59 57 56 55 54 53 51 50 49 48 47 47 47 47 47 48 48 49 50 50 51 51 52 52 53 53 54 54 55 55 56 56 56 57 57 58 58 59 59 60 61 61 62 63 63 63 64 64 65 65 65 65 66 66 65 65 65 64 63 62 63 61 57 56 54 52 50 48 46 45 44
83 81 80 82 80 81 80 79 78 77 76 75 74 73 73 72 70 69 68 66 65 64 62 60 59 58 56 55 54 53 52 51 49 48 48 47 47 47 47 48 49 49 50 51 51 52 52 53 53 54 54 55 55 56 56 57 57 58 58 59 59 60 60 61 61 62 63 63 64 64 65 65 66 66 67 67 67 69 68 68 70 71 66 66 65 65 60 59 57 55 52 50 49 47 45 43
84 82 82 82 81 80 80 78 78 77 76 75 74 73 72 71 70 69 67 66 64 63 61 60 58 57 56 55 54 52 51 50 49 48 48 48 48 48 48 49 50 50 51 52 52 53 53 54 54 55 55 56 56 57 57 58 58 59 59 60 60 61 62 62 63 63 64 64 65 66 66 67 68 68 69 69 69 69 69 69 68 69 68 67 64 65 63 60 57 56 53 51 49 47 45 44
83 83 82 81 81 80 79 78 77 76 75 74 73 72 71 70 69 68 67 65 64 62 61 59 58 56 55 54 53 52 51 50 49 48 48 48 48 49 49 50 50 51 52 53 53 54 54 55 55 55 56 56 57 57 58 58 59 60 60 61 62 62 63 63 64 64 65 66 66 67 68 69 70 70 71 71 71 71 71 71 70 69 68 66 66 64 65 61 59 57 54 52 49 48 46 43
83 82 82 81 80 79 79 78 77 75 74 73 72 71 71 70 69 68 66 65 63 62 60 59 57 56 55 54 52 52 50 50 49 49 48 48 49 49 50 50 51 52 53 54 54 54 55 55 56 56 57 57 58 58 58 59 60 60 61 62 62 63 64 64 65 65 66 67 68 68 69 70 71 72 73 73 73 74 74 73 72 71 70 69 67 66 66 62 60 57 54 52 50 49 46 43
83 82 81 80 80 79 78 77 76 75 74 73 72 71 70 69 68 67 65 64 63 61 60 58 57 56 55 53 52 51 50 50 49 49 49 49 49 50 50 51 52 53 53 54 55 55 56 56 56 57 57 58 58 59 59 59 60 61 61 62 63 64 64 65 66 66 67 68 69 70 71 72 73 74 74 75 75 76 77 75 74 73 72 70 70 68 65 62 59 57 55 52 50 48 45 44
82 82 81 79 79 78 77 76 75 74 73 72 71 70 69 68 67 66 65 64 62 61 60 58 57 56 54 53 52 51 50 50 49 49 49 50 50 50 51 52 53 53 54 55 55 56 56 57 57 58 58 58 59 59 59 60 60 61 62 62 63 64 65 66 66 67 68 69 70 71 72 73 74 75 76 77 77 78 78 77 76 75 74 75 72 68 65 63 61 58 56 53 51 49 46 43
82 81 80 79 79 77 77 76 75 73 72 71 70 69 68 68 67 66 65 63 62 61 59 58 57 56 54 53 52 51 51 50 50 50 50 50 51 51 51 52 53 54 54 55 56 57 57 57 58 58 59 59 59 59 60 60 60 61 62 63 64 64 65 66 67 68 69 70 71 72 73 74 75 76 78 79 79 80 80 79 78 78 76 74 72 69 67 64 62 60 59 54 51 51 46 44
81 80 79 78 77 77 75 74 74 72 71 70 69 69 68 66 66 65 64 63 62 61 59 58 57 55 54 53 52 51 51 51 50 50 50 51 51 51 52 53 53 54 55 56 56 57 58 58 59 59 59 60 60 60 60 60 61 62 62 63 64 65 66 67 68 69 70 71 72 73 74 75 76 78 79 80 81 81 82 81 80 79 78 77 73 71 68 67 63 61 60 56 53 51 48 44
80 79 78 77 76 75 74 73 72 71 70 69 69 68 67 66 65 64 63 62 62 60 59 58 57 55 55 53 52 52 51 51 51 51 51 51 51 52 52 53 54 55 55 56 57 58 58 59 60 60 60 60 60 60 60 61 61 62 63 63 64 65 66 67 68 69 71 72 73 74 75 76 77 79 80 81 82 83 83 83 82 81 80 77 75 72 69 67 64 61 61 56 53 50 47 43
79 78 77 76 75 74 73 72 71 70 69 68 68 67 66 65 65 64 63 62 61 60 59 58 57 56 54 53 53 52 51 51 51 51 51 51 52 52 53 54 54 55 56 56 58 58 59 60 60 60 61 61 61 61 61 61 62 62 63 64 65 66 67 68 69 70 72 73 74 75 76 77 78 80 81 82 84 84 85 84 84 82 80 78 76 73 70 68 65 62 60 55 53 49 46 43
77 76 76 74 73 72 72 71 70 69 68 67 67 66 65 65 64 63 62 62 61 60 59 58 57 56 55 54 53 52 52 52 51 51 52 52 53 53 53 54 55 56 56 57 58 59 60 60 61 61 61 62 61 61 62 62 63 63 64 65 66 67 68 69 70 72 72 74 75 76 77 78 79 81 82 83 84 85 86 85 85 83 82 79 77 74 71 69 66 65 59 55 52 49 46 43
75 74 73 73 73 72 71 69 68 68 67 66 66 65 64 64 63 62 62 61 61 60 59 58 57 56 55 54 53 52 52 52 52 52 52 53 53 53 54 55 56 56 57 58 59 60 60 61 62 62 62 62 62 62 63 63 63 64 65 66 67 68 69 70 72 73 74 75 76 77 78 79 80 81 83 84 85 86 86 86 85 84 82 80 78 75 72 69 67 65 60 56 52 49 46 43
73 72 72 71 71 69 68 68 67 66 66 65 64 64 63 62 62 62 61 61 60 59 59 58 57 56 55 54 53 53 52 52 52 52 53 53 53 54 55 56 56 57 58 59 60 60 61 62 62 63 63 63 63 63 64 64 65 65 66 67 68 69 71 72 73 74 75 76 77 78 79 80 81 82 83 84 85 86 87 87 86 85 83 81 79 76 73 70 69 64 60 56 52 49 45 42
71 70 69 68 67 67 66 66 65 65 64 64 64 63 62 62 62 61 61 60 59 59 58 58 57 56 55 54 54 53 53 53 52 53 53 53 54 55 55 56 57 58 59 60 61 61 62 63 63 64 64 64 64 64 65 65 66 66 68 69 70 71 72 73 74 76 77 77 78 79 80 81 81 82 84 85 86 86 87 87 86 85 83 81 79 76 74 71 69 64 60 56 52 49 45 42
69 68 67 66 65 65 64 64 63 63 63 62 62 62 62 62 61 61 60 60 60 59 58 58 57 56 55 54 54 53 53 53 53 53 54 54 54 55 56 57 58 59 60 61 62 62 63 63 64 64 65 65 65 65 66 66 67 68 69 70 71 72 74 75 76 77 78 79 79 80 81 82 82 83 84 85 86 86 86 86 85 84 83 81 79 76 74 70 67 64 60 56 52 49 45 42
67 66 65 64 63 63 63 62 62 61 61 61 61 61 60 60 61 60 60 59 59 59 58 57 56 56 55 54 53 53 53 53 53 53 54 54 55 56 57 58 59 60 61 62 62 63 64 64 65 65 66 66 66 66 67 68 68 69 71 72 73 74 75 76 77 78 79 80 81 81 82 82 83 83 84 85 85 86 86 85 85 84 82 81 78 76 73 70 67 64 60 56 52 49 46 43
64 63 62 62 61 61 60 60 60 60 59 59 59 59 59 60 60 60 59 59 59 58 57 57 56 56 55 54 53 53 53 53 53 54 54 55 56 57 58 59 60 61 62 62 63 64 65 65 66 66 67 67 67 68 68 69 70 71 72 73 75 76 77 78 79 80 80 81 82 82 83 83 84 84 85 85 85 85 85 84 84 82 81 79 77 75 72 70 67 63 60 56 52 49 46 43
62 61 60 60 59 58 58 58 58 58 58 58 58 58 59 59 59 59 59 59 59 58 57 57 56 55 55 54 54 53 53 53 53 54 55 56 56 58 59 60 61 62 62 63 64 65 65 66 67 67 67 68 68 69 69 70 71 72 74 75 76 77 78 79 80 81 82 82 83 83 84 84 84 84 85 85 85 84 84 83 82 81 80 78 76 74 72 69 66 63 59 56 53 49 46 43
60 59 58 57 57 56 56 56 56 56 56 56 57 57 57 58 58 58 58 58 57 57 57 56 56 55 54 54 53 53 53 53 54 54 55 56 57 58 59 60 61 62 63 64 65 65 66 67 67 68 68 69 69 70 71 72 73 74 75 76 78 79 80 81 81 82 83 83 84 84 84 85 85 85 85 85 84 84 83 82 81 80 78 77 75 73 70 68 65 62 59 56 52 49 46 44
57 56 55 55 55 55 54 54 54 54 55 55 55 56 56 56 57 57 58 57 57 57 57 56 55 54 54 53 53 53 53 53 54 54 55 57 57 59 60 61 62 63 63 64 65 66 67 67 68 69 69 70 70 71 72 73 74 75 77 78 79 80 81 82 82 83 84 84 84 85 85 85 85 85 85 84 84 83 82 81 80 79 77 75 74 72 69 67 64 62 59 56 53 50 47 44
55 54 54 53 53 53 52 52 53 53 53 53 54 54 55 55 56 56 56 56 57 56 56 56 55 54 53 53 53 53 52 53 54 54 55 57 58 59 60 61 62 63 64 64 65 66 67 67 68 69 70 70 71 72 73 74 75 76 78 79 80 81 82 82 83 83 84 84 85 85 85 85 85 85 85 84 83 82 81 80 79 78 76 74 72 70 68 66 64 61 59 56 53 50 47 44
53 52 52 51 51 51 51 50 51 51 51 52 52 53 53 54 54 55 55 55 55 55 55 54 54 53 53 53 52 52 52 53 53 54 56 57 58 59 60 61 62 62 63 64 65 66 67 67 68 69 70 71 71 73 74 75 76 77 78 79 81 81 82 83 83 84 84 85 85 85 86 86 85 85 85 84 83 82 81 80 78 77 75 73 71 69 67 65 63 61 59 56 53 51 48 45
52 51 50 50 49 49 49 49 49 49 50 50 51 51 52 52 53 53 54 54 54 54 54 53 53 53 52 52 52 52 52 53 53 54 56 56 57 59 60 61 61 62 63 64 64 65 66 67 68 69 70 71 72 73 74 75 77 78 79 80 81 82 82 83 84 84 84 85 85 85 85 85 85 85 84 84 83 82 81 79 78 76 74 73 70 69 67 65 63 61 59 56 54 51 48 46
