Artocarpus heterophyllus SDM files/Environmental layers/bio15.asc
ncols  625
nrows  721
xllcorner  69.958333335383
yllcorner  5.95833333415099
cellsize 0.041666666667
NODATA_value  -9999
[rows 0 to 43 of 721, columns 96 to 191 of 625]
69 69 69 68 67 68 66 66 66 64 64 63 62 62 61 60 59 57 56 54 53 53 52 51 49 47 47 46 45 45 45 44 44 44 43 43 43 43 43 43 42 42 42 43 42 41 41 41 41 41 41 42 41 41 41 42 42 42 43 44 43 45 44 46 45 47 46 48 48 49 50 51 52 55 55 57 58 60 60 62 64 65 66 67 67 69 70 71 72 72 73 75 76 76 78 78
69 69 69 68 67 67 67 65 64 63 63 62 62 61 60 59 58 56 55 54 52 51 50 50 48 48 46 45 45 45 44 44 44 44 43 43 43 43 43 43 42 42 42 42 42 42 42 41 41 41 41 41 41 41 41 41 41 41 42 43 42 43 44 44 44 44 44 45 45 47 49 49 51 53 53 55 57 59 58 61 61 62 63 64 66 65 67 69 70 71 73 73 74 75 76 77
69 69 68 67 67 65 64 64 63 62 61 61 60 60 59 57 57 55 55 53 52 50 49 48 48 47 46 45 45 45 44 44 44 44 43 43 43 43 43 43 43 42 42 42 42 42 42 42 42 41 41 41 41 40 40 40 40 40 41 42 42 42 43 42 42 42 43 44 44 44 47 47 50 51 51 52 55 56 57 58 58 60 61 63 64 64 65 67 68 70 71 71 73 74 75 74
69 68 68 67 66 65 64 64 63 62 61 60 59 59 58 56 56 55 54 52 51 50 50 50 48 47 46 45 45 45 44 44 44 44 44 43 43 43 43 43 43 42 42 42 42 42 42 42 41 41 41 41 41 40 40 40 40 40 40 41 40 40 41 41 41 41 43 42 43 43 44 45 47 47 49 49 51 53 55 55 57 57 58 60 62 64 65 66 66 67 69 70 71 73 74 73
68 67 67 66 66 64 63 63 62 61 60 59 58 58 56 55 55 54 53 51 50 49 50 48 46 46 45 45 45 44 44 44 44 44 44 44 44 43 43 43 43 43 43 42 42 42 42 42 41 41 41 41 41 41 41 40 39 40 40 40 40 39 40 40 40 40 40 41 41 42 44 44 45 45 47 49 50 50 52 54 55 55 56 60 60 61 63 63 65 66 67 69 70 72 72 73
67 66 66 65 64 63 62 62 61 60 58 58 57 56 55 54 53 52 51 50 49 48 47 47 46 46 45 45 45 44 44 44 44 44 44 44 44 43 43 43 43 43 43 43 42 42 42 42 42 41 42 41 41 41 40 40 40 40 39 39 39 39 39 39 40 39 39 40 40 41 41 41 42 44 44 46 48 49 50 50 52 53 56 58 58 59 60 61 63 64 65 67 68 70 71 72
65 65 65 64 63 62 61 60 60 59 58 57 55 54 53 52 51 51 50 49 48 47 46 46 46 45 45 44 44 44 44 44 44 44 44 44 44 44 43 44 43 43 43 43 43 43 43 42 42 42 42 42 42 41 40 41 39 40 39 39 39 38 38 39 39 39 39 39 39 39 39 40 42 42 42 44 46 47 48 49 50 52 54 56 57 57 59 60 61 63 63 65 66 69 69 71
64 64 63 63 62 61 60 59 58 57 56 55 54 53 51 51 50 49 49 48 47 46 46 45 45 45 45 44 44 44 44 44 44 44 44 44 44 44 44 44 44 44 44 43 44 43 43 43 43 42 42 42 42 42 40 41 40 40 40 39 39 38 38 38 38 38 38 38 37 38 38 38 40 41 41 43 43 44 46 47 48 49 52 54 55 56 58 58 59 61 62 63 64 66 68 69
62 62 62 61 61 60 59 58 57 56 54 53 52 51 50 50 49 48 47 47 46 45 45 45 45 45 44 44 44 44 44 44 44 44 44 44 44 44 44 44 44 44 44 44 44 44 44 43 43 43 43 43 43 42 42 41 41 41 40 40 39 39 39 38 38 38 38 38 37 38 37 39 38 38 39 40 41 43 43 45 46 48 49 51 52 53 54 56 57 59 60 61 64 64 66 67
59 59 59 59 59 58 57 56 55 54 53 52 51 50 49 49 48 47 46 46 45 45 45 44 44 44 44 44 44 44 44 44 44 44 44 44 44 44 44 44 44 44 44 44 44 44 44 44 44 43 43 43 43 42 42 42 41 41 41 40 40 39 39 38 38 38 37 37 37 36 36 37 38 38 39 39 40 41 43 44 44 46 47 49 50 51 52 53 55 56 57 59 61 62 64 65
57 57 57 57 56 56 56 55 53 53 51 50 49 49 48 47 46 46 46 45 45 45 44 44 44 44 44 44 44 44 44 44 44 44 44 44 44 45 45 45 45 45 45 45 45 45 45 44 44 44 44 44 44 43 43 42 43 42 41 41 40 40 39 39 38 38 37 37 37 36 36 36 36 36 37 39 40 40 41 43 43 45 46 47 47 49 50 52 53 55 56 58 59 60 62 64
54 54 54 54 54 54 53 53 52 51 50 49 48 48 47 46 46 45 45 44 44 44 44 44 44 43 44 43 44 44 44 44 44 44 44 45 45 45 45 45 45 45 45 45 45 45 45 45 45 44 44 44 44 44 43 43 43 42 42 41 41 40 39 39 38 38 37 37 37 36 36 35 35 35 36 36 38 39 40 42 43 44 44 45 46 46 49 50 51 53 55 56 58 59 60 62
52 52 52 52 52 52 51 51 50 49 48 48 47 46 45 45 44 44 44 44 44 43 43 44 43 43 43 44 44 44 44 44 44 44 45 45 45 45 45 46 46 46 46 46 46 45 45 46 45 45 45 45 45 44 44 44 43 43 42 41 41 41 40 39 39 38 37 37 36 36 36 35 35 34 35 36 37 37 38 40 41 42 43 43 44 46 47 48 50 51 53 55 56 58 59 60
49 50 50 50 50 50 49 49 48 48 47 46 46 45 45 44 44 44 43 43 43 43 43 43 43 43 43 44 44 44 44 44 44 45 45 45 45 45 46 46 46 46 46 46 46 46 46 46 46 46 46 46 45 45 45 44 44 43 43 42 41 41 40 40 39 38 38 37 36 36 35 35 35 35 34 34 36 37 38 39 40 40 40 41 42 43 45 46 48 50 51 52 55 56 58 59
48 47 47 47 47 47 47 47 47 46 46 45 45 44 44 43 43 43 43 43 43 43 43 43 43 43 43 43 43 44 44 44 45 45 45 46 46 46 46 46 46 47 46 47 46 46 46 46 46 46 46 46 46 46 45 45 45 44 43 43 42 41 40 40 39 38 38 37 36 36 35 35 34 34 34 34 34 36 37 38 38 39 41 41 42 43 43 46 47 48 50 52 55 56 57 58
46 46 46 46 46 46 46 46 46 45 44 44 44 43 43 42 43 43 43 43 43 43 43 43 43 43 43 43 44 44 44 45 45 45 45 46 46 46 47 47 47 47 47 47 47 47 47 47 47 47 47 47 46 46 46 45 44 44 44 43 42 42 41 40 40 38 38 37 36 36 35 35 34 35 34 34 33 34 35 36 37 38 39 39 40 42 43 44 45 47 49 51 53 54 56 57
45 44 44 44 44 44 44 44 44 44 43 43 43 43 42 42 42 42 42 42 42 42 43 43 43 43 43 43 44 44 44 45 45 45 46 46 46 46 47 47 47 47 47 48 48 48 48 48 48 48 48 47 47 47 46 46 46 45 43 44 43 42 41 40 40 39 38 38 37 36 35 35 35 34 33 33 33 33 34 35 36 37 38 38 39 41 42 44 46 47 48 49 52 54 55 57
44 44 43 43 43 43 43 43 43 42 42 42 42 42 42 42 42 42 42 42 42 42 42 43 43 43 43 43 44 44 45 45 45 46 46 46 46 47 47 47 48 48 48 48 48 48 48 48 48 48 48 48 48 48 47 47 46 46 44 44 43 43 42 41 41 40 38 38 37 36 35 35 34 34 33 33 33 34 34 34 34 35 37 37 38 40 41 43 44 46 47 50 50 52 54 56
43 43 43 42 42 42 42 42 42 42 42 42 42 42 41 41 41 42 42 42 42 42 42 42 43 43 43 44 44 45 45 45 46 46 46 46 47 47 47 47 48 48 48 48 49 48 49 50 49 49 49 49 48 48 48 47 47 46 46 45 44 43 42 41 41 40 39 38 37 36 35 35 34 34 33 33 33 33 33 33 33 34 35 36 37 39 40 42 44 44 47 48 50 51 52 56
43 42 42 41 42 42 42 42 41 41 42 41 41 41 41 41 41 41 41 42 42 42 42 42 43 43 43 44 44 45 45 46 46 46 47 47 47 47 47 48 48 48 49 49 49 49 50 49 50 50 50 50 49 49 49 48 47 47 46 46 45 43 42 42 41 40 39 38 37 36 36 35 34 34 33 33 32 33 34 33 33 34 34 36 37 39 40 41 42 44 46 47 50 51 52 54
42 42 41 41 41 41 41 41 41 41 41 41 40 40 40 40 41 41 41 42 42 42 42 43 43 43 44 44 45 45 46 46 46 47 47 47 47 47 48 48 48 48 49 49 49 50 50 50 50 50 50 50 50 50 49 48 48 47 47 46 45 45 44 42 42 41 40 38 38 37 36 36 35 34 33 33 32 32 32 33 32 33 34 35 36 38 39 41 42 44 46 47 49 50 52 53
42 41 41 41 40 41 40 40 40 40 40 40 40 40 40 40 40 41 41 41 42 42 42 43 43 43 44 44 45 45 46 46 47 47 47 47 47 47 47 48 48 49 49 49 50 50 51 51 51 51 51 51 51 50 50 49 49 48 48 47 46 45 44 43 42 41 40 39 38 37 36 35 35 34 33 33 32 32 31 32 33 32 34 34 36 37 38 39 41 43 44 47 48 49 51 53
42 41 41 40 40 40 40 40 40 40 40 40 40 40 40 40 40 41 41 41 42 42 42 43 43 43 44 44 45 46 46 47 47 47 47 47 47 47 47 48 48 49 49 50 50 51 51 51 51 52 52 51 52 51 51 50 50 49 48 48 47 46 45 44 43 42 40 39 38 37 36 35 34 34 33 32 32 32 32 32 32 33 33 34 35 36 37 38 40 42 44 46 48 49 51 51
42 41 40 40 39 39 39 39 39 39 39 39 39 40 40 40 40 41 41 42 42 42 42 43 43 43 44 45 45 46 46 47 47 47 47 47 48 48 48 48 49 49 49 50 51 51 52 52 52 53 53 52 52 52 51 51 50 49 49 48 47 47 46 44 43 42 41 40 39 37 36 36 35 34 33 32 32 31 32 31 32 33 33 33 34 36 36 38 39 41 43 45 46 48 49 51
42 41 40 39 39 39 39 38 39 39 39 39 39 40 40 40 40 41 41 42 42 42 42 43 43 44 44 45 45 46 46 47 47 47 47 47 48 48 48 48 49 49 50 51 51 52 52 53 53 54 54 53 54 53 52 51 51 50 49 49 48 47 46 45 44 42 42 40 40 38 37 36 35 34 33 33 32 31 32 31 32 32 33 33 34 36 36 38 39 41 43 44 45 47 49 50
42 41 39 39 39 38 38 39 39 39 39 39 39 39 40 40 41 41 41 42 42 42 43 43 43 44 44 45 45 46 46 47 47 47 47 48 48 48 48 49 49 50 50 51 52 52 53 54 54 54 54 54 54 53 53 52 52 51 50 50 49 48 47 45 45 43 41 41 38 38 37 36 35 34 33 32 32 32 31 32 31 32 32 33 33 34 36 37 40 40 43 44 45 46 48 50
42 40 39 39 38 38 38 38 38 38 39 39 39 40 40 40 41 41 41 42 42 43 43 43 44 44 44 45 45 46 46 47 47 47 48 48 48 48 49 49 50 50 51 52 52 53 54 54 55 55 55 55 55 54 54 53 52 52 51 50 49 49 48 46 45 43 42 41 39 38 36 36 35 34 33 33 32 32 31 31 32 31 32 32 35 35 36 37 39 41 42 44 47 46 49 50
42 40 39 38 38 38 38 38 38 38 39 39 39 40 40 40 41 41 42 42 42 43 43 43 44 44 44 45 45 46 46 47 47 47 48 48 48 48 49 50 50 51 51 52 53 54 54 55 56 56 56 56 56 55 54 54 53 52 51 51 50 49 48 46 45 44 42 40 39 38 37 36 35 34 33 33 32 31 31 31 31 32 32 33 33 35 36 37 39 40 43 45 45 46 47 49
41 40 38 38 37 37 37 37 38 38 38 39 39 40 40 41 41 41 42 42 42 43 43 43 44 44 44 45 45 46 46 46 47 47 48 48 48 49 49 50 50 51 52 52 53 54 55 55 56 56 56 57 56 55 55 55 54 53 52 51 50 49 48 47 45 44 43 41 40 38 37 35 35 34 34 32 30 30 32 31 31 32 32 33 34 35 36 37 38 40 41 44 45 45 46 48
41 39 38 37 37 37 37 38 38 38 39 39 40 40 40 41 41 42 42 42 42 43 43 43 44 44 44 45 45 45 46 46 46 47 47 48 48 49 49 50 51 51 52 53 54 54 55 56 56 57 57 57 56 56 56 55 54 53 52 52 51 50 48 47 45 44 43 41 40 38 37 36 35 34 33 32 31 31 31 31 31 31 32 33 34 34 35 37 39 40 41 43 45 45 47 48
41 39 38 37 37 37 37 38 38 38 39 39 40 40 40 41 41 41 42 42 42 43 43 43 43 44 44 44 45 45 45 46 46 47 47 48 48 49 50 50 51 51 52 53 54 55 55 56 57 57 57 57 57 56 56 55 54 54 53 52 51 50 49 47 46 44 43 41 40 39 37 36 35 34 33 32 31 32 31 31 31 32 33 33 34 35 37 37 38 40 41 42 44 46 47 48
41 39 38 37 37 37 37 37 38 39 39 39 40 40 41 41 41 41 42 42 42 42 43 43 43 43 44 44 44 45 45 45 46 46 47 48 48 49 50 50 51 51 52 53 54 54 55 56 57 57 57 57 57 57 56 56 55 54 53 52 51 50 49 47 45 44 43 41 40 39 37 36 35 34 33 33 32 32 31 31 31 32 32 34 34 36 38 37 39 40 41 42 43 45 46 48
40 39 37 37 37 37 37 38 38 39 39 40 40 40 41 41 41 41 41 42 42 42 42 43 43 43 43 44 44 44 45 45 46 46 47 47 48 49 49 50 51 51 52 53 54 54 55 56 56 57 57 57 57 57 56 55 55 53 53 51 51 50 49 47 45 44 43 41 40 38 37 36 35 34 33 33 32 32 32 31 32 32 32 33 35 36 38 38 39 40 41 42 43 46 46 48
40 38 37 37 37 37 37 37 38 39 39 40 40 41 41 41 41 41 41 41 41 42 42 42 42 43 43 43 44 44 44 45 45 46 46 47 48 49 49 50 50 51 52 52 53 54 55 56 56 57 57 57 57 56 56 55 54 54 53 52 50 49 48 47 46 44 42 41 39 38 37 36 35 34 33 33 32 32 32 31 31 33 32 32 33 34 36 39 40 40 41 42 43 45 48 48
40 38 37 36 36 36 37 37 38 39 39 40 40 41 41 41 41 41 41 41 41 41 41 42 42 42 42 43 43 43 44 44 45 45 46 47 47 48 49 49 50 51 51 52 53 53 54 55 56 56 56 56 56 56 55 55 54 53 53 52 50 49 48 46 45 43 42 41 39 38 37 36 35 34 33 33 32 32 32 31 32 32 33 34 34 36 37 38 40 41 41 43 44 45 47 47
40 38 37 36 36 36 37 37 38 39 39 40 40 41 41 41 41 40 40 40 41 41 41 41 41 42 42 42 43 43 43 44 44 45 46 46 47 47 48 49 49 50 51 51 52 53 54 54 55 55 56 56 56 55 55 54 53 53 52 52 51 48 47 46 44 43 41 40 39 38 37 36 35 34 33 33 32 32 31 31 32 32 33 34 35 36 37 38 39 41 41 43 44 45 47 47
40 38 37 36 36 36 36 37 38 39 39 40 40 40 40 40 40 40 40 40 40 40 40 41 41 41 41 42 42 42 43 43 44 44 45 46 46 47 48 48 49 49 50 51 51 52 53 54 54 55 55 55 55 54 54 53 52 52 51 50 49 48 47 46 44 42 41 40 39 37 36 35 35 34 33 33 32 32 32 32 32 32 32 34 35 35 36 38 39 41 41 43 44 45 46 48
40 38 37 36 36 35 36 37 38 38 39 40 40 40 40 40 40 40 39 39 39 40 40 40 40 40 41 41 41 42 42 43 43 44 45 45 46 47 47 48 48 49 50 50 51 51 52 53 54 54 54 54 54 53 53 52 52 51 50 49 48 48 46 44 43 42 41 39 38 37 36 35 35 34 33 32 32 32 32 32 32 32 33 34 34 35 37 38 39 41 41 42 44 44 46 47
41 38 37 36 35 35 36 36 37 38 39 39 39 39 39 39 39 39 39 39 39 39 39 39 39 40 40 40 41 41 42 42 43 43 44 45 45 46 46 47 48 48 49 49 50 51 51 52 53 53 53 53 53 52 52 51 51 50 49 48 47 46 45 43 42 41 40 39 38 37 36 35 34 34 33 32 32 32 32 32 32 32 33 33 34 35 36 37 38 40 41 43 44 45 46 47
41 39 37 36 35 35 35 36 37 37 38 38 39 39 39 39 39 38 38 38 38 38 38 38 39 39 39 40 40 41 41 42 42 43 43 44 45 45 46 46 47 47 48 49 49 50 50 51 52 52 52 52 52 51 51 50 49 49 48 47 46 45 44 43 41 40 40 39 38 36 35 35 34 33 33 32 32 32 32 32 32 32 32 33 34 35 36 37 39 40 41 42 43 45 46 48
41 39 37 36 35 35 35 35 36 36 37 38 38 38 38 38 38 38 38 38 37 37 38 38 38 38 39 39 39 40 40 41 42 42 43 43 44 45 45 46 46 47 47 48 48 49 50 50 51 51 51 51 51 50 50 49 48 48 47 46 45 44 43 42 41 40 39 38 37 36 35 34 34 33 33 32 32 32 32 31 32 32 32 33 34 35 36 36 38 39 40 41 44 44 46 47
42 40 38 36 35 34 34 35 35 36 36 37 37 37 37 37 37 37 37 37 37 37 37 37 37 37 38 38 39 39 40 40 41 41 42 43 43 44 44 45 45 46 46 47 47 48 49 49 50 50 50 50 50 49 48 48 47 46 45 45 44 43 42 41 40 39 38 37 36 36 35 34 33 33 33 32 32 31 32 32 32 32 32 33 33 34 35 36 38 39 40 43 42 44 45 47
42 41 38 36 35 34 34 34 34 35 35 36 36 36 36 37 36 36 36 36 36 36 36 36 36 36 37 38 38 39 39 40 40 41 42 42 43 43 44 44 45 45 45 46 47 47 48 48 48 49 49 49 48 48 47 47 46 45 44 44 43 42 41 40 39 38 38 37 36 35 35 34 33 33 32 32 32 32 32 33 32 32 32 33 34 34 36 36 37 38 40 42 42 45 46 46
44 41 39 37 35 34 34 33 34 34 34 34 35 35 35 36 35 35 36 35 36 35 35 35 36 36 36 37 37 38 38 39 40 40 41 41 42 42 43 44 44 44 45 45 46 46 47 47 47 48 48 47 47 47 46 46 45 44 44 43 42 41 40 39 39 38 37 36 36 35 34 34 33 33 32 32 32 32 32 32 32 32 32 34 34 34 36 36 37 38 39 41 43 44 45 46
