Artocarpus heterophyllus SDM files/Environmental layers/bio15.asc
ncols  625
nrows  721
xllcorner  69.958333335383
yllcorner  5.95833333415099
cellsize 0.041666666667
NODATA_value  -9999
[rows 176 to 219 of 721, columns 288 to 383 of 625]
102 102 102 102 102 101 101 102 102 102 101 102 102 101 101 101 101 101 101 101 101 99 102 102 101 97 94 94 93 93 93 93 92 91 93 91 88 88 89 95 94 88 83 83 82 81 80 79 80 80 79 79 75 73 77 70 70 69 68 68 68 66 65 66 68 65 65 65 66 69 68 68 69 69 70 71 72 74 76 83 79 79 79 80 81 82 83 84 84 85 86 87 88 90 92 94
103 102 102 102 102 102 102 102 102 102 102 102 102 102 102 102 102 101 100 102 102 97 96 95 97 97 97 94 94 101 102 102 100 97 99 91 91 92 89 94 95 92 87 85 84 83 83 82 81 80 80 78 82 81 79 76 72 71 74 75 74 69 67 68 71 68 67 67 69 70 69 69 70 71 72 73 74 75 78 81 78 79 80 81 82 82 83 83 84 85 86 86 87 89 90 92
103 103 102 102 102 101 101 101 102 101 102 102 102 102 101 101 102 102 101 102 100 101 101 99 94 94 95 97 96 98 102 104 104 103 102 98 99 99 95 97 96 96 89 87 85 85 84 83 83 82 81 80 79 82 83 83 80 78 80 75 71 70 70 69 73 74 76 76 76 72 76 72 72 74 73 76 76 76 79 81 80 80 81 82 83 83 83 84 84 85 86 87 87 88 89 90
104 103 103 102 102 102 101 101 101 102 102 101 101 102 102 101 102 102 102 101 100 96 97 100 99 100 97 99 100 99 102 104 104 103 103 102 101 100 98 98 98 97 94 89 87 86 85 85 85 85 82 82 81 79 80 80 85 84 82 75 73 72 72 72 72 75 73 80 81 81 78 74 74 79 77 78 77 78 80 80 81 82 84 83 85 84 84 85 85 86 86 87 88 88 89 90
104 104 103 102 102 101 101 102 102 102 102 102 102 102 102 102 101 100 102 101 99 99 97 98 98 100 102 102 101 101 104 103 104 104 103 103 102 101 101 100 98 98 92 88 90 91 89 86 86 89 84 84 82 81 80 79 80 86 83 80 75 74 74 74 75 75 74 75 78 84 83 85 85 87 82 79 79 81 84 82 83 84 87 85 86 85 85 85 86 86 87 87 88 89 89 90
105 104 103 103 102 102 102 102 102 102 102 102 102 102 102 102 101 98 96 101 102 102 98 104 104 103 105 106 105 106 106 105 105 104 104 103 103 102 101 100 100 100 97 95 97 97 94 89 95 94 88 92 91 84 81 81 84 87 87 84 78 81 77 77 77 77 77 77 80 87 87 88 84 85 83 80 82 84 86 88 90 92 87 90 86 86 86 86 87 87 87 88 88 89 90 90
105 104 104 103 103 102 102 102 102 102 101 102 102 102 102 102 102 101 101 102 103 103 102 101 105 105 105 106 106 106 106 105 105 105 104 104 103 102 102 101 101 100 99 100 99 99 98 97 97 96 93 95 94 89 86 88 90 90 89 89 87 87 79 79 79 79 79 80 80 87 90 87 82 81 82 83 83 84 86 91 95 96 93 94 90 87 87 87 88 88 88 89 89 90 90 91
105 105 104 104 103 103 103 103 103 102 102 101 102 102 102 102 102 102 102 103 103 104 104 101 101 104 106 106 106 106 106 104 102 105 105 104 103 103 102 102 102 100 101 100 99 99 99 98 97 97 97 96 95 94 93 93 92 92 90 91 91 87 83 82 81 81 82 82 85 93 92 93 86 83 84 85 85 86 87 88 93 97 94 97 94 93 88 89 89 89 89 90 90 90 91 91
106 105 105 104 104 103 103 103 103 103 103 103 103 103 103 103 103 103 103 103 103 103 103 104 104 103 104 106 106 106 105 105 104 103 105 105 104 104 103 102 102 102 101 101 100 100 99 99 98 98 97 97 97 96 95 94 93 93 92 92 92 90 92 86 85 84 90 87 91 94 94 95 90 88 86 87 87 88 89 91 98 98 98 99 96 94 91 90 90 90 91 91 91 91 92 92
106 106 105 105 104 104 104 103 103 103 103 103 103 103 103 103 103 103 103 103 103 104 104 104 104 105 105 105 106 106 105 106 105 105 105 105 105 104 104 103 103 102 102 102 101 100 100 99 99 99 98 97 97 96 96 95 94 94 94 94 93 94 94 92 95 93 96 96 96 97 96 97 94 88 92 93 90 89 90 94 99 101 101 94 92 92 91 92 92 92 92 92 92 92 93 93
106 106 106 105 105 104 104 104 104 104 104 104 104 104 103 103 103 103 103 103 103 104 104 104 105 105 105 105 106 106 105 105 106 106 105 105 105 105 104 104 103 103 102 102 102 101 101 100 100 99 98 98 97 97 96 96 95 95 94 94 95 95 96 96 96 97 97 98 98 98 98 98 93 97 100 99 99 92 93 101 102 102 101 94 94 95 94 93 93 93 93 93 93 94 94 94
107 106 106 105 105 105 104 104 104 104 104 104 104 104 104 104 103 103 103 104 103 104 104 104 104 105 105 105 105 105 105 105 105 106 105 105 105 105 104 104 104 103 103 103 102 102 101 101 100 99 99 98 98 97 97 96 96 96 95 95 95 96 97 97 97 98 98 100 100 99 100 101 101 101 101 102 100 96 99 103 104 104 100 99 96 95 95 95 95 95 95 95 95 95 95 96
107 106 106 106 105 105 105 104 104 104 104 104 104 104 104 104 104 104 104 104 104 104 104 104 104 104 105 105 105 105 105 105 105 106 106 105 106 105 105 104 104 104 104 103 103 102 102 101 101 100 99 99 98 98 97 97 97 97 96 96 97 97 97 98 98 99 100 101 101 100 101 102 102 102 102 102 99 102 101 105 105 105 105 100 96 96 96 96 96 96 96 96 96 96 96 96
107 107 106 106 105 105 105 105 105 105 104 104 104 104 104 104 104 104 104 104 104 104 104 104 104 104 105 105 105 105 105 106 106 106 106 106 106 106 105 105 105 104 104 103 103 102 102 102 101 100 100 99 99 98 98 97 97 97 97 97 97 98 98 99 99 100 100 101 101 101 103 103 103 103 104 100 101 105 106 106 107 105 100 97 98 98 98 98 98 98 99 101 100 97 98 98
107 107 106 106 106 105 105 105 105 105 105 105 105 105 105 104 104 104 105 104 104 104 104 104 104 105 105 105 105 105 106 106 106 106 106 106 106 106 105 105 105 104 104 104 103 103 103 102 101 101 100 100 99 99 98 98 98 98 98 98 98 98 99 100 100 101 101 102 102 102 103 103 103 104 105 105 104 106 106 106 106 103 99 99 100 104 102 105 106 101 103 106 100 99 99 99
107 107 106 106 106 106 106 105 105 105 105 105 105 105 105 105 105 105 105 105 105 104 104 105 104 105 105 105 106 106 106 106 106 106 106 106 106 106 106 105 105 105 104 104 104 103 103 102 102 101 101 100 100 99 99 99 99 98 98 99 99 99 100 100 101 102 102 103 103 103 104 104 104 105 106 106 106 106 108 108 108 106 103 107 106 108 107 109 109 108 104 109 106 103 100 102
108 107 107 107 107 106 106 106 106 106 106 106 105 106 105 106 106 106 106 105 105 105 105 105 105 105 105 106 106 106 106 107 107 107 107 107 106 106 106 106 105 105 105 104 104 104 103 103 102 102 101 101 100 100 99 99 99 99 99 99 100 100 100 101 102 102 103 103 104 104 104 105 105 106 106 106 106 107 107 108 109 109 110 110 108 110 110 110 109 109 106 109 109 105 104 108
108 108 108 107 107 107 107 107 106 106 106 106 106 106 106 106 106 106 106 106 106 106 106 106 106 106 106 106 107 107 107 107 107 107 107 107 107 107 106 106 106 106 105 105 105 104 104 103 103 102 102 101 101 101 100 100 100 100 100 100 100 101 101 102 102 103 103 104 104 105 105 105 105 106 106 106 107 107 108 108 109 109 110 110 110 110 110 111 110 110 109 110 110 109 110 109
109 109 108 108 108 108 107 107 107 107 107 107 107 107 107 107 107 107 107 107 107 107 107 107 107 107 107 107 108 108 108 108 108 108 108 108 108 107 107 107 106 106 106 105 105 104 104 104 103 103 102 102 102 101 101 101 101 101 101 101 101 101 102 103 103 104 104 104 105 105 105 106 106 106 107 107 107 107 108 108 109 109 110 110 111 110 110 110 110 110 110 110 110 110 110 110
110 109 109 109 108 108 108 108 108 108 107 108 107 107 107 108 108 108 108 108 108 108 108 108 108 108 108 108 108 109 109 109 109 109 109 108 108 108 108 107 107 107 106 106 105 105 104 104 104 103 103 103 102 102 102 102 101 101 101 102 102 102 103 103 103 104 104 105 105 105 106 106 106 106 106 107 107 108 108 109 109 109 110 110 111 111 111 110 111 111 110 110 111 110 110 111
110 110 110 109 109 109 109 109 109 108 108 108 108 108 108 108 109 109 109 109 109 109 109 109 109 109 109 109 109 109 110 110 109 110 109 109 109 108 108 108 108 107 107 106 106 106 105 105 104 104 104 103 103 103 102 102 102 102 102 102 102 103 103 104 104 104 105 105 105 105 106 106 106 106 107 107 108 108 109 109 110 110 110 111 111 111 110 111 111 111 111 110 111 110 110 111
111 111 111 110 110 110 110 110 109 109 109 109 109 109 109 109 109 109 110 110 110 110 110 110 110 110 110 110 110 110 110 110 110 110 110 110 109 109 109 108 108 108 107 107 106 106 106 105 105 105 104 104 104 103 103 103 103 103 103 103 103 103 104 104 105 105 105 105 106 106 106 106 106 107 107 108 108 108 109 109 110 110 110 111 111 111 111 111 111 111 111 110 110 110 110 110
112 111 111 111 111 111 111 110 110 110 110 110 110 110 110 110 110 110 110 110 111 111 111 111 111 111 111 111 111 111 111 111 111 111 110 110 110 109 109 109 109 108 108 107 107 106 106 106 106 105 105 105 105 104 104 104 103 103 103 103 104 104 104 104 105 105 106 106 106 106 106 107 107 107 107 108 108 108 109 109 110 110 110 111 111 111 111 110 110 110 110 110 110 110 110 110
112 112 112 112 112 112 111 111 111 111 111 111 111 111 111 111 111 111 111 111 111 111 111 111 111 112 112 112 111 112 111 111 111 111 111 110 110 110 109 109 109 108 108 108 107 107 107 106 106 106 105 105 105 104 104 104 104 104 104 104 104 104 105 105 105 106 106 106 106 107 107 107 108 108 108 108 108 109 109 110 110 110 110 111 111 111 111 110 110 110 110 110 110 110 110 111
113 113 113 112 112 112 112 112 112 112 112 112 112 112 112 112 112 112 112 112 112 112 112 112 112 112 112 112 112 112 112 112 111 111 111 111 110 110 110 109 109 109 108 108 108 107 107 107 107 106 106 106 105 105 105 105 105 105 105 105 105 105 105 105 105 106 106 106 107 107 107 107 107 107 108 108 109 109 109 110 110 110 110 111 111 111 110 110 110 110 110 110 110 110 110 110
113 113 114 113 113 113 113 113 113 113 112 113 113 113 113 112 113 113 113 113 113 113 113 113 113 113 113 113 113 113 112 112 112 112 111 111 111 110 110 110 109 109 109 109 108 108 108 107 107 107 107 106 106 106 106 105 105 105 105 105 105 105 105 106 106 106 106 107 107 107 107 107 108 107 107 106 108 109 109 110 110 110 111 111 111 111 110 110 110 109 109 109 109 109 109 109
114 114 114 114 114 114 114 114 113 113 113 113 113 113 113 113 113 113 113 114 114 114 113 113 113 113 113 113 113 113 113 113 112 112 112 111 111 111 110 110 110 109 109 109 109 109 108 108 108 107 107 107 107 107 106 106 106 106 106 106 106 106 106 106 106 107 107 107 107 107 108 108 108 108 108 108 109 109 110 110 110 111 109 109 110 110 110 110 109 109 109 108 108 108 109 107
115 115 115 115 115 114 115 114 114 114 114 114 114 114 114 114 114 114 114 114 114 114 114 114 114 114 114 114 114 113 113 113 113 112 112 112 111 111 111 110 110 110 110 109 109 109 109 109 108 108 108 108 107 107 107 107 107 107 106 106 107 107 107 107 107 107 107 108 108 108 108 108 108 109 109 109 109 109 110 110 110 110 110 107 109 110 110 109 109 109 108 108 108 108 108 108
115 115 115 115 115 115 115 115 115 115 115 115 115 115 115 115 115 115 115 115 115 115 115 115 114 114 114 114 114 114 113 113 113 113 112 112 112 112 111 111 111 110 110 110 110 110 110 109 109 109 109 108 108 108 108 108 107 107 107 107 107 108 108 108 108 108 108 108 108 108 108 109 109 109 109 109 109 109 110 110 110 110 110 110 107 108 108 109 109 109 108 108 107 108 108 108
116 116 116 116 116 116 116 116 116 115 115 115 115 115 115 115 115 115 115 115 115 115 115 115 115 115 115 115 114 114 114 114 113 113 113 112 112 112 111 111 111 111 111 110 110 110 110 110 110 110 109 109 109 109 109 109 109 108 108 108 108 109 109 109 109 109 109 109 109 109 109 109 109 109 109 110 110 110 110 110 110 110 111 111 110 110 109 108 109 108 108 108 107 107 107 107
117 116 117 117 116 116 116 116 116 116 116 116 116 116 116 116 116 116 116 116 116 116 116 116 115 115 115 115 115 115 114 114 114 113 113 113 112 112 112 112 111 111 111 111 111 111 111 111 111 110 110 110 110 110 110 110 110 110 109 109 109 109 110 110 110 110 110 110 110 110 110 110 110 110 110 110 110 110 110 110 111 111 111 110 110 110 110 109 109 109 108 107 107 107 107 107
117 117 117 117 117 117 117 117 117 117 117 117 116 116 116 116 116 116 116 116 116 116 116 116 116 116 115 115 115 115 115 114 114 113 113 113 113 112 112 112 112 112 111 111 111 111 111 111 111 111 111 111 111 111 111 111 111 111 111 110 110 110 110 110 110 111 110 110 110 111 110 111 111 111 111 111 111 110 110 111 111 111 111 111 110 110 110 109 109 108 108 108 108 107 107 107
118 118 117 118 118 117 118 118 117 117 117 117 117 117 117 117 117 117 117 117 117 116 116 116 116 116 116 116 115 115 115 115 114 114 114 113 113 113 113 112 112 112 112 112 112 112 112 112 112 112 112 112 112 112 112 112 111 111 111 111 111 111 111 111 111 111 111 111 111 111 111 111 111 111 111 111 111 111 111 111 111 111 111 111 111 110 110 110 109 109 108 108 108 107 107 107
118 118 118 118 118 118 118 118 118 118 118 118 117 117 117 117 117 117 117 117 117 117 117 117 116 116 116 116 116 116 115 115 115 114 114 114 113 113 113 113 113 113 112 112 112 112 112 112 112 112 112 112 112 113 112 112 112 112 112 112 112 112 112 112 112 112 112 112 112 112 112 112 112 112 111 111 111 111 111 111 111 111 111 111 111 111 110 110 109 109 108 108 108 108 107 107
119 119 119 119 119 119 119 118 118 118 118 118 118 118 118 118 118 118 117 117 117 117 117 117 117 116 116 116 116 116 116 115 115 115 114 114 114 113 113 113 113 113 113 113 113 113 113 113 113 113 113 113 113 113 113 113 113 113 113 113 113 113 113 113 113 113 112 112 112 112 112 112 112 112 112 112 112 111 112 111 111 111 111 111 111 111 110 110 110 109 109 108 108 108 108 107
119 119 119 119 119 119 119 119 119 119 118 118 118 118 118 118 118 118 118 118 118 118 117 117 117 117 117 117 116 116 116 115 115 115 114 114 114 114 113 113 113 113 113 113 113 113 113 113 113 113 113 113 114 114 114 114 114 114 114 114 114 113 113 113 113 113 113 113 113 112 112 112 112 112 112 112 112 112 111 112 112 111 111 111 111 111 111 110 110 110 109 109 109 108 108 108
120 120 119 120 120 119 119 119 119 119 119 119 119 119 118 118 118 118 118 118 118 118 118 118 117 117 117 117 116 116 116 116 115 115 115 114 114 114 114 114 114 113 113 113 113 113 114 113 114 114 114 114 114 114 114 114 114 114 114 114 114 114 114 114 113 113 113 113 113 113 113 112 112 112 112 112 112 112 112 112 112 112 112 111 111 111 111 111 110 110 110 109 109 109 109 109
120 120 120 120 120 120 120 120 120 120 119 119 119 119 119 119 119 118 118 118 118 118 118 118 118 117 117 117 117 116 116 116 115 115 115 115 114 114 114 114 114 114 114 114 114 114 114 114 114 114 114 114 114 114 114 114 115 114 114 114 114 114 114 114 113 113 113 113 113 113 112 112 112 112 112 112 112 112 112 112 112 112 112 112 112 111 111 111 111 111 110 110 110 110 109 109
121 121 121 121 121 121 120 120 120 120 120 119 119 119 119 119 119 119 119 119 118 118 118 118 118 118 118 117 117 117 116 116 116 115 115 115 115 114 114 114 114 114 114 114 114 114 114 114 114 114 114 114 115 115 115 115 115 115 114 114 114 114 114 114 113 113 113 113 113 112 112 112 112 112 112 112 112 112 112 112 112 112 112 112 112 112 111 111 111 111 111 111 110 110 110 110
121 121 121 121 121 121 121 121 120 120 120 120 119 119 119 119 119 119 119 119 119 119 119 118 118 118 118 117 117 117 117 116 116 116 115 115 115 115 115 115 115 114 114 114 114 114 114 114 115 115 115 115 115 115 115 115 115 115 115 114 114 114 114 114 114 113 113 113 113 112 112 112 112 112 112 112 112 112 112 112 112 112 112 112 112 112 112 112 111 111 111 111 111 111 110 110
122 121 122 122 121 121 121 121 121 121 121 120 120 120 120 119 119 119 119 119 119 119 119 118 118 118 118 118 117 117 117 116 116 116 116 115 115 115 115 115 115 115 115 115 115 115 115 115 115 115 115 115 115 115 115 115 115 115 115 114 114 114 114 114 113 113 113 113 113 112 112 112 112 112 112 112 112 112 112 112 112 112 112 112 112 112 112 112 112 112 112 111 111 111 111 111
122 122 122 122 122 122 122 121 121 121 121 121 120 120 120 120 120 120 119 119 119 119 119 119 118 118 118 118 117 117 117 117 116 116 116 116 115 115 115 115 115 115 115 115 115 115 115 115 115 115 115 115 115 115 115 115 115 115 115 115 114 114 114 114 114 114 113 113 113 113 112 112 112 112 112 112 112 112 112 112 112 112 112 112 112 112 112 112 112 112 112 112 111 111 111 111
123 122 122 122 123 122 122 122 122 122 121 121 121 120 120 120 120 120 120 119 119 119 119 119 119 118 118 118 118 117 117 117 117 117 116 116 116 116 116 115 115 115 115 115 115 115 115 115 115 115 115 115 115 115 115 115 115 115 115 115 115 114 114 114 114 114 113 113 113 113 112 112 112 112 112 112 112 112 112 112 112 112 112 112 112 112 112 112 112 112 112 112 112 112 111 111
123 123 123 123 123 123 123 122 122 122 122 121 121 121 120 120 120 120 120 120 120 119 119 119 119 119 119 118 118 118 118 117 117 117 116 116 116 116 116 116 116 116 115 116 115 115 115 116 116 116 116 116 116 116 116 116 115 115 115 115 115 115 114 114 114 114 114 113 113 113 113 112 112 112 112 112 112 112 112 112 112 112 112 112 112 112 112 112 112 112 112 112 112 112 112 111
