Artocarpus heterophyllus SDM files/Environmental layers/bio18.asc
ncols  625
nrows  721
xllcorner  69.958333335383
yllcorner  5.95833333415099
cellsize 0.041666666667
NODATA_value  -9999
[rows 225 to 269 of 721, columns 192 to 287 of 625]
84 84 82 83 84 85 87 88 89 89 87 87 92 92 92 91 93 94 94 95 93 90 91 90 93 89 90 88 87 88 91 92 92 92 91 91 92 92 93 94 94 94 94 96 96 96 97 98 99 101 101 101 102 104 105 106 105 105 106 107 113 114 115 118 120 122 124 126 128 129 131 133 135 138 141 143 147 149 152 155 158 159 162 166 169 170 173 175 173 175 178 182 184 187 189 192
83 83 86 89 89 90 89 87 88 90 91 91 92 93 92 93 93 93 93 95 96 96 94 96 94 91 90 91 93 89 87 90 91 92 92 91 93 92 93 94 94 94 94 96 96 97 97 97 98 99 100 101 101 103 104 102 103 106 107 109 111 112 114 116 117 119 121 123 125 127 130 131 132 134 138 140 142 144 147 150 152 155 157 160 161 165 169 171 171 169 173 177 178 181 183 186
84 86 88 89 89 90 91 93 93 92 92 93 93 93 93 93 94 94 93 93 94 95 95 96 96 93 92 92 91 90 88 86 88 93 93 93 92 93 93 93 94 95 95 96 96 97 97 97 97 99 100 101 101 103 105 102 101 100 102 107 109 110 112 113 115 117 118 120 122 124 126 128 130 131 135 137 138 140 142 145 147 150 153 156 158 159 161 164 168 168 163 168 173 176 178 180
88 88 89 91 92 92 93 93 93 93 94 95 95 95 95 94 94 94 93 90 89 89 92 95 97 97 94 92 90 92 91 87 90 92 93 93 93 94 95 95 94 94 96 95 96 96 97 98 97 98 99 100 101 101 102 103 106 105 101 100 106 109 110 112 113 115 116 118 120 122 124 126 125 128 131 134 136 137 139 141 144 146 148 151 155 156 157 159 161 167 168 161 166 172 174 176
90 91 94 94 94 101 95 94 95 95 95 96 95 94 96 97 96 94 95 92 94 91 88 89 91 94 96 93 94 91 89 87 88 93 89 89 88 93 95 96 97 95 95 94 94 95 97 98 98 98 99 99 99 100 101 101 103 106 105 101 101 105 109 110 112 113 114 116 118 120 122 124 124 124 129 130 132 135 137 139 141 143 145 147 151 153 155 156 157 159 164 164 159 162 170 172
98 99 96 97 98 104 101 97 96 97 98 99 99 97 96 96 96 99 97 94 94 93 95 97 93 89 94 95 93 93 96 93 94 93 95 96 89 89 94 96 97 98 98 98 97 94 98 98 98 98 98 99 98 100 100 100 101 103 105 105 102 101 102 106 110 111 112 114 115 117 120 121 124 123 125 128 129 131 135 137 139 142 143 145 147 149 152 155 156 157 157 160 164 159 164 171
98 105 101 98 99 102 108 107 101 100 101 103 101 101 100 99 99 98 98 97 99 91 95 98 96 98 98 97 91 95 98 98 98 97 98 98 95 90 89 95 98 98 98 98 99 96 95 98 98 98 98 98 98 99 100 100 99 101 103 105 106 103 103 102 107 111 112 112 114 116 118 120 121 123 122 126 127 128 131 135 136 140 140 142 145 146 148 150 152 155 156 157 158 163 167 168
107 112 106 105 104 102 107 107 105 103 104 107 105 105 102 101 100 99 97 99 98 94 96 98 96 97 98 93 92 97 98 98 98 98 98 99 98 94 94 97 98 98 98 98 98 100 98 94 99 98 98 98 98 99 99 100 100 99 102 103 105 106 102 102 105 109 111 113 113 115 117 118 120 122 122 124 125 128 129 132 134 137 139 140 142 144 146 147 149 151 154 156 156 157 161 163
111 112 107 107 108 110 111 110 109 106 106 110 109 108 106 105 102 101 99 100 94 96 99 99 97 96 96 92 95 98 98 98 98 98 98 98 99 97 91 93 95 98 99 99 98 98 99 96 97 99 99 97 98 98 99 98 100 100 100 102 104 106 103 102 103 108 109 111 112 114 116 118 119 120 122 123 124 125 127 130 132 135 138 140 141 143 145 146 147 149 152 154 156 156 158 161
115 109 112 117 117 115 113 115 113 110 108 111 113 113 110 107 104 103 102 102 94 96 99 99 100 97 93 93 96 98 98 98 99 98 98 99 98 99 101 100 92 96 98 99 99 99 99 94 96 97 97 97 98 99 100 99 99 101 100 101 102 105 102 100 102 109 110 111 112 112 114 116 119 120 121 122 124 125 125 129 131 131 135 138 139 141 143 145 146 148 149 150 154 156 157 159
113 115 121 121 119 120 114 120 120 115 110 109 116 116 113 114 110 109 109 106 99 94 101 99 99 95 98 96 97 98 99 99 99 98 99 100 101 99 97 100 97 93 93 95 100 101 98 94 96 97 97 97 97 99 98 100 99 99 101 101 102 102 105 102 102 108 110 111 112 112 113 115 117 119 121 121 123 125 125 126 128 132 135 136 138 140 142 143 144 146 149 151 153 154 155 157
118 123 126 125 121 118 115 123 124 117 115 115 118 123 123 119 116 106 105 101 98 100 101 99 97 94 98 99 100 99 98 98 99 100 100 100 100 101 101 99 99 101 96 94 101 100 100 93 93 96 97 96 97 98 98 98 100 100 100 102 102 102 105 105 101 105 108 111 113 113 112 115 116 117 120 123 123 124 126 128 127 130 133 136 137 139 141 143 144 146 148 150 151 152 153 155
127 124 126 130 127 126 126 124 130 131 129 123 119 114 121 116 108 101 104 103 101 101 101 99 100 95 97 99 100 101 100 98 98 100 101 101 101 102 103 99 102 102 103 96 96 97 97 96 93 97 96 96 97 97 98 98 99 100 98 100 101 103 105 107 107 104 104 106 112 114 115 114 114 114 119 121 123 125 126 128 129 130 130 133 137 139 140 142 144 146 148 149 151 151 151 154
134 128 117 120 123 127 119 117 110 115 112 111 106 107 111 110 102 106 104 103 101 101 101 101 99 97 100 99 99 99 101 101 100 100 100 101 101 101 99 101 102 104 103 101 102 101 99 100 97 96 94 92 98 97 97 97 98 100 101 100 99 102 105 106 108 110 110 108 108 112 113 114 115 112 118 121 123 125 126 128 130 132 134 134 134 137 140 143 142 145 146 149 151 153 154 152
122 118 113 117 114 117 119 115 114 112 111 112 112 116 113 108 108 106 105 103 102 102 103 99 100 98 102 101 101 99 100 101 102 102 101 101 101 101 100 102 102 103 102 102 103 101 101 100 100 100 99 93 97 98 97 96 98 99 100 101 98 103 104 106 107 108 110 112 110 113 116 117 118 117 114 119 122 123 125 128 130 131 134 137 137 139 139 141 142 145 144 146 151 151 154 155
129 118 115 117 117 115 121 123 120 117 117 114 114 114 112 111 110 107 105 103 104 104 105 99 102 101 102 101 103 101 101 102 102 103 103 102 102 101 102 103 102 102 102 101 101 100 99 100 100 100 100 95 94 96 98 96 97 98 99 101 100 100 103 105 107 108 110 111 112 112 114 116 118 119 121 118 118 119 123 128 130 132 132 136 139 140 142 142 143 143 147 147 150 150 151 154
141 124 119 116 116 116 123 122 122 120 121 119 116 116 113 112 111 108 107 105 104 104 103 99 103 103 103 103 103 102 102 103 103 103 102 102 103 102 102 97 97 96 99 97 97 100 98 98 99 99 98 95 94 92 95 95 98 96 98 100 101 102 101 105 107 108 108 110 112 112 113 115 116 118 120 121 124 123 121 128 130 132 134 137 138 140 142 143 144 146 148 149 149 151 150 152
137 124 122 119 118 117 124 126 121 122 120 117 117 117 115 113 112 109 108 105 104 102 101 104 105 104 103 103 103 103 102 103 104 104 103 103 103 99 99 98 102 100 96 95 94 93 94 96 95 97 98 99 96 97 100 99 97 97 99 99 98 99 100 105 106 107 108 110 112 112 113 115 116 117 119 121 123 124 121 127 130 132 133 135 138 140 141 144 145 144 147 148 150 151 151 151
123 122 121 121 122 123 123 125 123 122 118 120 119 118 116 115 114 112 108 106 106 104 105 105 104 105 104 104 104 103 100 102 103 104 105 103 100 99 96 103 105 103 101 100 100 99 97 100 100 100 100 100 98 99 99 100 100 101 100 103 101 102 100 105 107 108 108 110 111 112 113 114 116 117 118 120 122 126 124 122 127 132 133 135 137 140 142 143 146 147 148 149 150 152 151 153
124 124 124 125 124 124 122 125 123 119 122 122 119 118 116 114 114 110 108 108 108 106 107 106 105 105 104 100 102 103 97 95 97 103 101 102 102 100 99 103 103 103 102 101 101 96 98 99 99 99 99 99 99 98 99 99 99 101 98 102 99 99 99 104 106 107 109 110 111 112 112 113 115 116 117 120 122 123 126 129 126 127 134 135 137 139 141 144 145 147 148 150 151 152 153 153
124 125 125 127 127 126 124 122 123 123 124 122 120 120 120 119 114 110 108 109 109 108 108 107 107 107 102 106 105 108 105 103 101 100 100 103 102 103 103 102 101 102 102 102 101 95 97 99 99 99 99 99 99 100 99 99 99 100 99 100 100 99 98 102 105 107 108 108 110 111 112 113 115 116 117 120 121 123 124 127 130 129 128 137 137 139 141 143 146 147 147 149 151 152 152 152
126 126 127 129 126 125 127 124 125 126 126 125 125 123 123 119 118 117 113 109 110 109 109 108 108 106 103 107 105 107 109 109 105 101 97 104 104 103 103 103 102 101 100 98 97 97 99 99 99 99 100 100 100 101 100 100 103 100 103 104 105 104 101 100 102 106 105 108 106 107 110 112 113 116 117 119 120 122 124 126 129 132 128 137 136 139 142 144 145 147 149 150 151 152 153 153
129 129 131 128 125 125 126 126 127 129 128 130 130 126 125 122 121 116 112 109 110 111 110 108 108 104 107 108 105 107 109 108 103 103 98 103 103 103 103 103 102 102 99 97 99 99 101 100 99 99 99 100 102 100 101 105 102 100 102 105 105 106 106 105 105 104 104 105 109 107 108 107 113 114 116 118 119 121 124 126 129 133 127 132 133 138 142 143 145 146 148 151 151 152 153 154
125 125 126 124 125 127 126 125 127 131 128 132 131 127 126 124 121 119 113 112 112 111 111 108 105 107 108 111 107 109 109 105 103 102 97 103 103 103 103 103 103 103 98 100 101 101 101 101 101 100 100 100 101 101 104 105 100 104 106 106 105 106 108 108 106 104 108 109 110 110 111 108 111 110 115 117 120 121 123 126 129 132 134 132 131 133 140 143 145 147 149 150 152 153 154 153
128 130 128 125 131 125 128 122 124 129 133 128 126 126 124 121 119 117 114 113 112 112 110 106 105 109 111 111 111 109 107 106 105 100 99 104 104 103 103 103 103 102 98 102 101 101 100 101 101 102 102 103 102 102 106 104 102 106 106 107 106 108 108 107 105 107 108 108 109 110 110 110 109 108 114 115 120 122 124 127 129 131 135 137 136 134 137 141 143 147 149 150 151 152 154 154
128 131 132 126 131 124 128 127 123 128 133 129 128 125 122 121 119 118 115 114 113 111 107 105 105 108 109 106 109 109 107 104 101 105 99 101 105 104 104 104 102 99 98 104 102 103 101 102 102 102 103 105 105 105 107 105 101 107 109 109 108 109 107 108 105 109 109 109 110 109 110 112 112 108 115 113 119 122 124 126 129 131 132 136 140 143 142 142 140 142 145 151 152 152 154 154
129 132 133 131 127 123 126 132 128 133 134 131 130 126 124 124 120 117 116 116 112 110 111 108 110 112 110 108 105 107 104 104 105 107 99 103 104 104 103 102 100 101 102 106 105 102 102 105 102 103 106 106 105 109 110 105 104 109 111 110 110 109 108 110 107 110 109 110 109 110 111 112 114 110 114 113 114 119 125 126 128 130 134 136 138 142 146 146 146 143 143 148 148 149 147 151
131 135 133 131 127 129 128 134 131 134 134 134 129 125 128 125 121 118 116 115 113 112 117 116 114 113 113 111 108 107 103 106 108 102 103 105 105 105 105 105 102 102 107 107 105 104 107 104 104 107 109 107 108 114 113 109 105 111 111 111 111 111 109 111 109 110 111 110 110 111 112 111 111 113 117 118 119 116 125 127 129 132 135 138 140 141 144 147 152 154 148 148 150 156 146 149
136 138 135 130 126 132 129 133 134 136 137 135 131 126 130 127 124 118 113 116 111 112 116 118 117 113 111 110 110 107 105 109 108 103 107 107 105 103 109 107 104 102 109 109 108 106 106 107 108 111 110 111 111 116 115 113 107 113 114 113 112 112 112 112 111 111 111 111 112 113 111 112 114 116 116 117 118 118 125 128 132 134 136 140 142 143 145 147 151 152 153 152 154 154 148 152
137 132 130 128 129 130 128 132 137 137 135 135 131 130 130 128 122 117 113 118 115 116 117 120 118 115 114 113 110 107 108 112 107 105 107 109 108 103 112 112 108 104 110 114 111 110 109 113 111 115 111 114 117 118 117 118 109 115 117 115 116 114 113 113 113 114 113 113 113 111 113 114 116 116 117 121 122 121 123 130 133 137 139 141 144 146 147 149 150 152 153 154 151 156 151 152
137 136 135 128 131 131 133 132 138 136 134 133 132 133 132 132 120 120 122 120 123 121 120 122 120 118 116 113 111 110 110 111 108 111 109 113 110 107 110 115 112 109 109 116 113 115 115 115 117 116 116 119 120 120 122 121 112 115 119 118 118 116 115 115 116 115 115 114 113 113 115 117 119 120 121 122 128 127 124 131 131 134 139 143 146 147 151 152 149 150 152 152 151 158 160 152
139 139 138 127 135 132 138 137 140 137 136 133 132 129 130 128 124 125 128 123 127 123 124 126 127 121 118 116 114 113 111 111 114 114 114 116 111 110 114 120 118 116 116 115 118 121 120 120 123 120 120 120 120 118 119 123 114 120 122 121 121 119 119 119 119 118 117 115 115 118 118 121 122 122 126 127 132 132 133 134 139 140 137 145 148 149 150 153 155 158 158 156 156 159 160 160
145 140 142 131 133 137 143 141 138 137 135 134 133 133 136 127 130 129 134 128 128 129 130 131 129 122 119 117 116 114 113 110 114 117 120 118 112 117 111 117 123 123 123 120 121 126 126 127 125 123 126 125 122 125 125 123 120 115 120 124 124 123 123 122 120 117 118 117 120 121 123 126 125 127 129 133 136 134 139 142 144 149 144 146 148 149 158 168 161 160 161 160 159 161 161 161
145 138 142 138 136 141 143 141 139 139 136 135 138 137 129 131 131 132 141 136 134 130 135 138 129 124 123 120 117 121 117 113 113 121 125 121 118 119 116 116 119 123 129 130 128 128 127 128 128 129 127 126 126 131 130 129 124 127 120 126 128 127 126 124 120 120 123 126 126 126 127 130 130 131 140 140 137 141 145 148 151 155 156 153 153 170 177 176 172 166 162 162 162 163 162 163
149 139 141 143 143 141 142 138 140 138 137 139 138 134 129 128 137 139 143 140 140 141 140 133 131 130 126 123 126 123 118 115 113 118 129 130 124 128 125 124 125 129 130 135 135 134 135 132 131 130 131 133 132 135 131 132 130 135 132 126 133 129 127 125 121 124 141 132 131 134 128 134 155 145 142 145 143 147 150 157 153 166 170 168 172 171 172 176 174 178 168 166 164 164 165 161
151 143 142 147 144 140 138 136 134 139 134 134 132 135 139 128 132 140 145 147 150 150 146 142 136 131 129 131 128 125 123 119 118 117 121 129 130 130 131 133 134 134 132 132 137 140 138 135 134 140 140 138 140 136 135 139 139 136 132 134 134 132 127 129 124 132 140 133 130 124 142 157 157 152 150 151 150 148 156 171 175 172 173 172 173 175 171 173 171 179 172 169 166 170 168 168
149 155 144 144 143 143 138 140 134 137 135 132 139 137 147 133 137 141 141 146 150 155 154 150 140 138 135 136 134 131 124 125 129 121 125 128 130 135 143 143 140 141 142 141 138 139 140 139 141 144 146 145 142 143 145 138 143 139 138 133 133 138 132 133 129 134 153 152 146 135 151 155 155 159 156 157 159 164 170 176 174 176 176 178 178 176 177 175 173 174 183 176 166 171 176 170
153 160 150 144 143 144 143 141 135 134 140 136 144 144 151 143 139 142 147 146 150 157 160 151 145 145 141 141 138 129 129 134 132 126 129 132 136 140 150 146 149 150 148 146 147 147 147 146 140 149 149 146 144 153 147 143 137 143 139 136 135 145 145 129 155 156 152 165 168 158 162 154 158 169 166 171 175 169 174 175 176 174 173 175 180 181 179 178 176 176 180 177 171 170 170 171
157 162 153 148 147 148 146 140 135 131 141 143 150 153 151 152 143 147 155 158 156 163 165 157 153 146 146 147 136 133 140 146 138 134 137 139 146 152 153 151 157 157 154 153 155 155 154 153 147 146 152 151 150 149 146 139 146 149 141 134 136 135 164 151 173 177 178 173 167 159 172 168 168 168 173 168 186 174 186 189 180 181 188 179 181 181 182 181 182 181 180 179 177 177 175 174
162 161 164 154 145 148 145 144 137 136 141 150 153 153 151 152 146 148 164 167 164 164 170 171 171 153 146 141 141 135 153 159 147 137 142 145 157 158 160 160 163 163 161 155 156 159 158 158 155 150 146 158 153 147 143 147 148 142 138 142 132 144 145 142 164 179 182 178 172 170 177 192 191 186 181 184 184 175 213 189 172 207 191 186 186 188 187 186 183 203 186 192 180 180 179 176
151 160 165 151 142 146 142 140 136 142 158 159 155 155 156 159 156 156 159 167 169 172 170 171 169 153 154 151 154 143 158 159 148 140 148 152 164 163 166 171 173 170 166 164 163 161 161 162 161 160 153 151 147 151 143 147 155 134 157 178 163 139 135 168 180 184 180 178 180 181 196 199 197 193 205 199 221 209 211 231 200 186 189 189 186 180 218 207 205 242 230 234 194 184 180 180
162 153 164 151 147 140 140 142 146 143 156 161 156 152 167 169 160 152 157 166 171 184 186 175 160 154 160 165 162 157 167 163 156 145 146 158 175 172 170 180 184 181 177 173 170 167 171 174 170 162 161 156 156 147 147 173 150 140 172 187 180 167 170 176 183 188 185 173 182 186 201 195 194 198 207 210 213 231 232 235 203 196 212 196 186 220 210 236 243 247 254 254 246 198 184 183
160 162 155 154 144 139 145 149 153 151 161 159 155 155 170 171 168 162 169 169 174 184 193 185 168 163 169 178 168 165 176 171 157 153 153 165 172 180 183 185 184 187 185 177 173 179 172 170 168 160 158 155 156 148 171 160 156 187 184 192 170 167 164 193 186 197 195 194 195 183 189 194 192 197 206 212 222 228 234 239 204 230 240 210 216 226 234 239 249 251 256 259 263 206 216 203
166 163 158 167 147 147 141 150 156 160 166 165 157 169 172 168 169 170 180 177 174 185 195 189 177 167 174 188 177 178 181 179 161 165 162 174 179 187 198 196 190 188 188 183 181 178 172 176 161 158 157 147 150 185 206 167 194 194 187 178 167 178 177 194 196 196 193 197 192 190 194 199 201 199 202 211 213 213 213 209 205 215 233 222 219 225 234 241 251 259 259 262 250 231 250 257
176 151 167 165 164 154 145 151 162 168 170 163 164 175 174 171 176 175 185 181 183 194 193 185 176 182 178 199 193 189 183 176 167 169 174 180 189 202 208 204 198 194 189 186 182 179 182 173 161 154 147 160 167 193 199 180 185 192 193 197 176 194 202 197 200 202 200 198 194 192 193 201 205 200 200 196 218 217 211 205 214 217 240 234 229 238 244 241 248 254 256 257 242 223 238 246
