Artocarpus heterophyllus SDM files/Environmental layers/bio18.asc
ncols  625
nrows  721
xllcorner  69.958333335383
yllcorner  5.95833333415099
cellsize 0.041666666667
NODATA_value  -9999
[rows 90 to 134 of 721, columns 288 to 383 of 625]
34 69 87 60 52 51 41 38 40 46 61 70 98 105 132 140 132 119 91 101 133 128 121 113 91 128 154 152 143 145 116 76 99 148 119 113 122 129 126 114 130 141 118 117 121 122 113 80 78 68 71 96 77 82 95 84 88 80 70 66 60 58 61 61 64 69 79 83 89 97 103 116 119 117 108 83 77 85 109 183 213 218 208 203 213 128 91 141 179 146 152 124 97 89 120 151
56 74 94 75 84 99 77 61 62 57 57 100 113 103 126 113 91 89 76 108 135 115 122 121 102 120 167 160 125 102 91 79 72 107 91 69 49 61 119 155 145 126 167 160 125 131 114 117 96 109 117 134 122 83 102 112 133 118 101 103 94 83 79 71 65 61 63 66 69 70 73 75 79 77 76 74 78 96 109 109 104 133 217 229 225 164 125 185 245 218 223 218 163 111 110 192
79 78 78 74 99 111 109 88 98 85 74 65 68 94 115 109 126 132 99 118 132 141 117 92 87 122 160 167 177 177 142 110 123 112 104 75 50 50 57 98 157 114 91 97 86 119 117 106 103 132 144 156 150 143 156 138 117 142 128 145 136 115 94 81 71 64 61 64 68 68 70 73 76 79 76 78 120 147 165 189 177 141 99 149 190 172 151 154 175 193 220 180 137 129 108 170
60 62 54 61 105 109 105 79 115 122 114 92 93 112 104 96 111 114 137 151 157 157 116 81 87 116 165 179 174 162 162 137 162 157 109 81 76 51 53 57 100 165 158 128 116 118 95 68 116 158 162 112 76 100 139 151 169 186 170 168 147 131 104 114 84 74 65 65 70 70 68 71 74 76 83 111 171 188 151 204 176 125 114 134 203 181 171 224 205 176 193 195 204 164 136 117
39 39 53 78 101 104 53 91 117 135 138 147 133 119 85 126 127 145 124 130 120 121 106 83 83 117 158 166 178 181 134 151 134 167 151 123 95 59 53 56 58 84 174 179 127 87 82 74 127 132 107 84 66 68 80 102 131 133 177 195 196 186 146 125 92 90 84 77 75 76 106 109 106 96 78 110 156 125 143 145 178 155 127 148 169 222 214 261 279 279 284 247 244 220 193 157
43 40 38 46 67 67 44 60 80 113 146 152 162 150 133 102 97 124 144 145 152 126 117 104 101 115 159 151 158 173 131 130 167 166 145 103 81 116 71 61 59 67 123 180 183 117 93 92 66 86 63 61 61 65 97 149 172 121 142 152 192 195 168 144 162 146 115 125 82 87 129 149 100 90 74 75 87 82 111 141 189 165 185 176 234 241 246 264 279 279 283 284 275 293 235 220
44 42 39 59 55 51 44 62 77 70 98 117 157 169 121 88 114 116 102 109 137 117 95 83 77 80 109 138 158 142 115 135 181 169 161 144 142 108 109 81 60 66 107 99 132 151 134 119 107 78 112 105 73 69 80 120 80 70 87 101 151 179 170 178 170 160 138 112 103 112 153 166 126 108 86 82 79 120 194 198 181 164 214 194 229 245 244 264 258 262 270 277 270 265 265 270
69 50 48 57 49 57 77 108 96 60 66 102 163 170 123 97 116 124 99 75 116 145 132 108 96 74 75 79 87 99 94 96 126 165 191 190 166 144 135 127 86 99 89 128 123 142 165 156 140 106 73 135 136 104 140 125 88 76 77 102 129 119 117 122 114 115 158 175 134 104 114 128 139 140 118 116 93 118 151 111 111 114 120 127 146 165 182 207 222 220 252 250 250 238 237 245
69 69 55 41 70 75 76 120 123 84 69 138 175 178 144 120 116 124 117 78 129 165 118 103 96 69 69 67 67 88 83 104 131 145 168 208 202 177 211 168 138 131 85 158 157 175 150 184 178 121 67 147 193 165 152 140 124 128 101 89 79 89 173 186 155 110 110 170 188 194 166 121 128 150 124 110 108 106 152 174 127 123 125 132 125 159 173 165 161 164 194 198 211 170 203 188
78 73 48 42 68 90 106 125 129 75 116 170 162 157 171 165 143 118 112 88 142 145 122 89 76 68 69 71 69 72 77 83 122 184 177 216 221 226 230 201 165 112 73 94 144 179 135 167 102 92 97 97 144 198 211 211 172 159 146 159 109 82 103 150 182 165 133 121 111 131 184 188 181 178 153 136 145 136 204 241 168 163 159 136 152 202 203 193 182 183 173 170 191 157 174 203
70 56 40 62 93 109 115 139 96 54 103 167 143 127 167 171 164 127 148 145 149 140 114 79 69 66 76 92 114 95 98 138 150 151 189 210 236 219 208 185 136 85 77 87 161 117 121 159 69 120 175 146 112 129 211 168 144 178 166 180 153 117 121 132 140 158 124 106 107 103 112 132 135 162 156 131 120 149 158 236 235 197 169 157 205 240 197 191 191 190 204 194 197 198 174 160
55 44 54 91 119 112 106 116 82 66 68 155 126 119 152 140 165 149 166 173 145 150 143 97 79 95 85 73 83 96 112 121 140 188 180 218 239 227 177 152 106 83 168 161 140 166 203 167 92 173 177 142 142 180 166 139 183 206 193 181 175 192 205 232 216 207 210 161 160 211 227 233 193 239 184 167 134 169 161 236 253 190 200 242 245 272 198 223 239 247 220 231 212 284 237 210
83 53 78 107 93 91 101 77 99 76 71 139 106 120 132 120 160 128 131 163 151 107 153 149 132 139 137 126 115 122 86 108 184 188 198 226 246 197 160 137 85 131 195 197 204 219 183 117 103 110 131 188 139 137 164 132 155 174 179 191 220 202 185 153 207 215 242 235 194 218 278 257 202 273 273 201 151 226 254 182 228 188 234 279 285 246 191 218 261 276 254 213 256 281 228 218
89 83 113 127 83 84 87 67 85 58 100 114 89 90 132 159 147 123 79 106 101 77 100 92 117 143 103 79 124 158 133 135 202 207 202 234 235 178 151 118 89 179 191 201 226 195 133 77 138 131 197 197 185 163 179 211 201 191 173 191 195 193 221 160 177 204 199 172 215 245 278 280 223 241 318 246 174 214 234 273 232 224 227 267 208 193 219 211 181 225 264 263 287 287 239 246
91 114 131 117 85 77 65 59 52 58 116 85 65 74 74 86 68 58 58 84 111 93 62 65 88 101 79 75 119 166 190 197 213 227 217 241 214 173 144 92 104 177 198 211 228 209 128 75 130 191 182 183 164 176 190 213 218 180 153 215 231 193 140 188 259 273 252 171 215 262 293 290 267 242 287 309 199 200 269 247 233 255 233 221 202 177 171 226 267 277 242 236 254 316 285 286
85 119 144 130 105 102 90 74 53 80 107 64 79 137 102 125 85 56 73 71 58 78 62 89 62 69 69 77 102 168 148 158 204 225 238 235 212 176 138 103 88 168 200 218 223 168 111 78 89 161 197 203 152 118 132 175 218 187 110 144 197 205 158 165 187 248 277 228 208 221 255 291 249 245 291 323 237 190 255 289 267 283 274 232 234 194 228 275 274 290 331 324 279 264 268 287
109 104 131 120 110 129 101 72 51 91 73 58 114 143 111 113 105 68 92 94 66 57 62 64 66 66 69 73 81 87 92 129 205 230 222 210 235 187 129 102 78 159 199 218 214 161 111 62 101 165 170 150 117 79 91 107 125 114 108 108 150 186 124 227 236 214 230 215 225 268 309 306 261 209 311 344 274 217 298 286 247 303 293 291 261 217 226 235 249 223 258 290 266 250 319 345
98 89 106 122 104 102 97 59 53 82 54 57 98 154 145 133 114 83 92 90 90 89 65 61 67 70 97 69 90 100 84 82 183 229 229 201 208 171 136 107 132 112 163 212 197 134 96 66 97 102 85 105 105 89 91 96 134 161 157 140 127 140 131 252 246 228 254 287 241 225 307 302 264 180 286 339 300 213 280 329 302 271 231 257 266 248 239 191 197 210 194 226 238 241 270 297
110 87 88 81 77 77 74 57 53 60 55 55 89 138 136 142 133 117 101 69 59 72 86 72 80 117 131 87 67 71 79 73 92 173 222 216 239 215 144 86 87 75 118 163 133 88 72 69 65 64 67 69 76 85 89 98 170 211 200 171 164 183 143 183 154 155 214 246 269 234 295 239 209 184 283 334 319 208 311 340 265 311 324 291 246 228 283 262 257 268 276 280 229 191 193 224
112 99 95 92 87 80 66 57 55 80 53 84 83 67 85 74 74 66 63 55 56 62 68 63 62 120 156 142 87 134 113 118 100 76 107 129 208 215 151 83 68 68 73 83 68 65 66 64 63 62 65 67 71 79 83 102 180 194 193 176 213 197 203 141 170 222 275 269 259 292 290 226 143 161 223 308 281 223 283 336 305 212 203 204 199 195 203 187 210 218 217 260 262 329 269 293
133 125 135 127 103 93 68 57 57 67 75 111 108 82 87 63 60 60 53 53 57 65 70 69 67 81 114 145 170 184 185 193 169 171 145 114 117 211 222 130 63 65 69 112 87 88 113 88 70 62 65 67 70 73 76 84 166 200 120 112 184 134 205 100 133 165 207 226 233 280 278 199 146 134 143 244 235 327 281 310 321 262 223 183 156 175 250 177 151 271 270 261 284 250 328 344
102 90 102 95 97 99 66 60 58 82 115 135 110 101 78 74 72 65 57 57 61 67 72 74 71 71 103 117 118 126 140 192 184 157 156 156 87 163 213 187 106 85 80 134 103 137 113 71 59 61 63 65 68 71 73 73 90 112 83 77 91 124 143 96 127 110 134 207 201 213 264 239 149 113 124 223 248 322 271 321 321 295 243 240 170 167 250 218 138 179 228 254 239 283 318 357
113 93 125 121 93 81 84 66 57 62 125 160 118 110 88 80 69 63 58 58 64 66 82 102 83 75 74 84 98 111 106 124 152 117 88 77 79 87 152 211 215 152 117 116 127 91 75 64 62 60 86 78 68 72 72 69 71 73 75 78 84 99 88 135 106 102 170 218 184 216 202 194 116 108 115 138 242 314 241 207 243 233 188 193 196 175 217 205 145 147 145 180 182 211 257 301
108 128 106 89 146 143 134 109 94 77 82 140 149 127 105 87 70 66 60 67 65 69 84 97 116 97 95 81 97 104 117 136 74 74 76 77 79 79 157 190 210 147 166 127 105 115 96 78 56 60 93 153 147 170 147 111 127 107 77 88 134 109 141 129 101 95 154 183 212 138 103 91 96 103 109 115 249 280 210 155 131 119 115 120 142 163 145 142 143 149 165 160 152 185 206 214
143 124 95 99 80 137 170 167 153 134 97 74 90 136 116 106 76 90 95 83 76 69 92 106 109 112 103 97 139 146 143 182 110 75 75 71 74 105 145 185 177 142 190 126 126 157 130 81 83 111 101 127 138 130 177 179 161 149 106 196 179 133 123 141 140 140 176 192 165 113 88 89 94 104 132 202 289 271 191 166 129 117 119 107 115 120 119 120 124 132 139 144 157 153 161 164
132 127 113 85 93 82 123 163 181 177 141 114 83 83 110 123 113 91 80 68 72 73 76 134 131 116 115 112 118 183 136 106 119 100 111 115 123 149 136 159 164 192 194 123 77 79 123 87 70 70 86 75 77 81 99 114 118 89 98 149 172 140 147 147 219 203 204 219 221 173 119 103 215 210 194 244 293 257 226 241 197 170 152 111 176 118 133 119 119 133 209 171 151 154 145 143
155 159 148 133 130 127 80 143 182 185 164 175 139 105 94 122 151 103 75 93 79 86 79 79 130 146 160 134 101 175 112 69 72 130 184 210 193 190 164 144 175 195 166 108 140 111 122 70 69 69 71 71 74 75 78 78 79 98 166 188 139 123 83 122 227 247 172 163 195 144 149 198 230 216 268 276 241 250 189 240 241 236 196 158 199 153 231 249 205 159 196 256 218 205 191 159
162 157 138 134 151 135 87 105 180 196 179 171 161 135 97 116 174 157 103 83 90 117 87 105 112 117 134 117 116 154 114 78 75 124 209 232 223 220 167 149 136 118 103 81 153 163 118 78 66 68 71 72 75 77 82 95 121 128 150 222 181 125 83 118 185 171 145 83 94 152 103 200 129 204 199 213 205 213 116 127 162 194 105 91 103 133 151 180 244 247 215 246 245 263 280 198
161 169 177 165 159 119 91 95 153 200 197 173 194 179 136 122 136 174 146 94 98 113 105 123 146 128 124 132 140 143 107 76 81 136 195 220 215 221 182 151 126 169 158 132 109 186 132 107 67 70 79 108 100 65 78 101 162 190 161 215 135 96 63 71 137 214 218 123 88 99 79 103 87 99 154 105 92 88 80 98 91 96 87 84 87 88 107 128 149 177 186 184 208 277 247 252
135 124 133 119 120 100 108 142 130 199 214 207 200 193 169 139 134 168 182 126 116 144 156 161 170 141 131 129 183 155 116 79 86 133 203 226 235 218 169 144 161 190 194 132 173 210 155 113 82 56 75 111 134 102 102 99 158 197 147 126 102 98 63 66 142 228 187 117 129 181 165 114 116 113 140 112 82 76 75 78 80 84 86 87 89 90 151 143 91 94 106 122 153 181 170 186
122 121 161 139 123 95 101 134 149 172 209 221 216 188 210 177 158 155 168 161 140 139 156 171 191 177 145 138 162 125 104 85 92 109 188 232 240 196 135 114 190 209 212 174 165 206 143 105 118 58 51 67 76 87 87 119 142 168 140 108 94 90 63 66 150 207 182 119 123 163 182 161 142 156 153 115 101 85 75 76 79 80 85 89 94 94 94 95 96 95 95 98 103 128 128 127
153 151 159 149 149 121 113 102 173 158 185 200 224 228 213 216 189 172 172 186 198 186 192 215 203 184 177 174 122 89 101 123 91 118 207 222 224 147 104 107 173 212 217 198 194 218 202 159 104 75 52 51 52 59 104 140 128 155 108 94 85 85 71 91 89 155 157 185 199 160 192 150 127 165 173 106 142 150 144 102 77 81 84 87 89 91 93 93 94 96 97 99 104 98 104 110
181 184 182 175 150 153 155 114 139 188 159 144 182 212 217 216 220 213 185 205 179 177 210 225 203 166 147 136 111 99 117 122 133 153 234 215 181 113 103 111 131 153 184 156 139 187 173 139 143 99 78 58 60 111 92 122 151 133 126 98 107 114 106 113 69 66 89 133 171 193 205 203 158 104 82 77 80 116 158 118 107 96 79 83 85 87 90 92 92 93 93 92 98 102 151 165
185 197 196 185 176 179 164 141 130 192 227 189 124 193 208 209 224 232 194 179 187 151 170 225 223 220 175 183 145 153 175 182 183 222 230 179 129 93 99 152 152 140 130 96 136 159 131 152 135 112 86 67 66 91 113 104 154 122 111 94 72 118 100 104 68 74 70 112 85 115 184 195 199 163 118 80 168 176 136 139 117 177 123 87 96 88 88 134 141 96 92 86 90 107 190 241
169 202 208 209 213 216 193 173 157 160 221 198 143 197 208 225 244 238 224 195 180 161 125 191 235 239 232 226 202 184 232 226 217 231 211 201 119 92 93 123 164 214 153 118 172 173 140 122 127 104 87 106 83 53 70 114 120 88 80 76 62 119 119 104 129 104 67 65 64 88 109 81 99 136 155 104 88 197 204 165 134 128 192 187 185 137 80 98 133 110 144 80 83 97 196 231
200 209 218 222 225 225 223 196 186 182 179 191 209 238 244 233 228 226 247 234 229 197 156 130 194 221 206 194 230 153 216 239 233 207 192 188 128 100 145 185 185 189 148 127 181 182 159 125 107 113 122 135 114 85 55 70 81 62 59 61 61 119 113 90 121 133 142 96 68 79 91 75 63 71 147 157 74 99 156 96 123 196 181 208 227 209 139 138 152 160 118 78 79 135 108 164
146 134 140 192 222 233 232 232 227 225 212 160 212 250 245 254 246 232 246 240 245 220 175 151 146 125 114 116 212 130 194 251 245 215 192 160 133 95 166 164 211 213 128 105 175 178 152 120 127 120 158 167 141 115 94 70 57 56 61 60 66 127 138 99 83 78 97 127 137 89 67 60 65 78 110 163 123 91 151 168 164 192 194 214 243 219 212 142 90 83 134 89 135 116 112 142
100 116 89 105 159 218 231 242 240 233 208 171 159 204 230 258 255 227 234 264 253 232 202 241 207 137 118 111 204 133 201 250 243 238 199 167 131 106 203 141 169 191 125 82 122 186 185 159 132 126 172 173 152 126 106 92 68 61 67 80 96 158 116 119 92 78 119 130 95 88 88 75 64 76 113 107 94 98 81 110 141 146 149 179 206 220 239 184 115 99 81 105 204 226 216 210
122 120 96 83 86 111 159 192 217 236 236 225 246 175 180 239 259 188 248 269 261 215 252 262 213 165 144 150 243 139 210 246 244 238 213 175 139 119 191 143 139 176 115 85 106 170 182 158 136 142 169 166 146 124 107 94 73 68 92 112 135 160 118 135 100 91 87 140 141 113 102 89 78 91 143 105 151 170 90 83 88 78 96 112 152 141 194 194 204 192 168 108 121 156 196 243
194 208 182 151 108 86 92 109 128 176 182 192 176 173 215 241 204 184 227 239 222 212 270 253 211 189 165 238 211 136 192 244 249 234 228 192 158 143 227 178 135 167 94 119 155 161 136 123 147 170 179 169 155 144 137 103 69 61 108 122 169 163 164 140 118 120 105 104 155 105 110 97 94 87 81 84 146 169 110 188 139 101 93 84 82 87 124 138 171 149 206 190 202 204 221 234
236 217 230 209 175 149 117 101 139 181 244 226 205 179 181 224 214 176 242 238 197 250 278 265 249 227 245 256 187 163 218 251 247 231 234 220 199 180 240 193 151 168 125 181 189 168 156 128 116 154 184 169 170 156 135 113 98 63 109 121 184 156 178 170 156 128 118 121 119 102 93 116 140 114 128 103 80 110 136 176 158 141 102 111 96 84 86 91 104 94 97 128 154 158 131 136
257 256 254 252 242 220 211 163 215 215 241 248 196 233 229 154 264 250 247 259 255 257 281 282 276 266 258 239 167 186 190 255 254 242 251 240 236 210 244 188 157 137 143 194 187 186 160 135 129 135 175 164 172 172 157 118 108 77 96 144 180 168 194 167 190 160 126 128 126 113 94 138 137 182 194 133 77 73 154 157 123 123 88 98 89 97 103 85 88 89 92 97 100 103 109 132
218 228 213 219 244 267 245 185 154 177 229 202 186 225 174 149 171 207 217 218 200 208 249 265 280 276 268 233 151 201 209 210 219 230 235 242 219 221 247 190 144 161 184 193 187 186 164 159 128 123 138 178 153 143 148 121 105 86 81 150 170 181 202 183 179 192 141 161 142 122 105 108 112 162 157 120 85 77 116 183 142 98 99 102 86 98 87 96 107 109 109 98 97 119 103 122
205 221 213 212 197 195 216 233 180 156 154 128 171 183 213 219 128 139 122 146 160 150 174 244 259 266 268 204 146 191 145 200 138 150 180 199 178 230 179 180 119 145 191 193 189 189 179 167 138 126 123 161 173 147 130 165 119 103 68 150 173 179 192 177 170 197 177 183 171 136 106 153 179 148 131 118 168 106 96 185 154 110 142 95 116 94 126 112 101 105 142 164 127 105 107 133
223 252 227 192 217 211 186 164 185 150 150 170 171 134 130 217 141 142 124 151 144 110 122 168 205 226 244 152 159 176 120 111 116 108 116 142 157 170 151 186 155 164 174 189 189 174 182 164 164 129 120 150 180 162 141 151 152 116 74 115 184 202 203 168 149 168 203 207 170 170 135 154 144 120 126 109 197 127 145 190 115 132 116 109 150 137 161 119 133 147 183 180 123 106 127 208
