Artocarpus heterophyllus SDM files/Environmental layers/bio18.asc
ncols  625
nrows  721
xllcorner  69.958333335383
yllcorner  5.95833333415099
cellsize 0.041666666667
NODATA_value  -9999
[rows 0 to 44 of 721, columns 96 to 191 of 625]
119 113 105 99 70 41 47 68 45 55 71 81 91 51 94 125 120 81 89 67 105 132 128 132 102 68 54 71 85 105 79 47 51 62 75 58 64 74 70 62 76 73 77 78 66 62 69 54 38 43 57 69 59 56 52 57 44 29 62 52 39 55 45 53 39 26 38 60 50 34 35 43 50 63 47 53 51 56 48 44 42 37 36 32 36 42 29 41 56 36 38 61 67 63 60 48
128 117 99 72 65 49 43 47 52 42 51 77 72 57 77 123 125 89 56 78 120 100 108 135 121 109 80 47 55 72 107 68 48 77 50 53 56 68 73 48 48 75 76 73 58 47 37 59 58 33 56 59 65 57 59 56 29 48 63 53 41 57 52 45 46 37 25 53 38 35 49 44 60 54 47 63 56 56 45 61 51 47 46 50 44 27 24 55 60 43 44 40 67 64 67 53
120 105 128 118 99 59 48 53 52 41 40 45 46 60 94 109 121 65 49 56 110 105 91 81 125 98 81 82 73 47 79 91 58 71 50 73 79 62 52 73 50 43 56 62 68 71 53 35 33 45 60 58 65 60 41 33 34 52 61 59 50 49 55 55 44 38 23 34 52 30 44 55 64 61 43 57 65 63 55 43 48 44 50 38 30 31 33 47 59 56 47 40 41 55 50 36
117 133 137 136 88 83 100 89 76 63 55 44 44 42 53 94 84 66 45 68 130 131 117 119 114 118 117 118 95 59 52 56 53 48 48 57 87 68 47 65 74 48 35 48 65 70 54 37 37 63 66 64 65 48 46 58 51 58 57 56 56 52 57 45 40 34 21 30 57 49 45 29 42 49 46 38 44 63 61 49 51 45 33 49 48 37 33 35 53 55 60 55 46 49 43 31
145 154 138 134 113 113 135 123 131 116 98 79 73 51 41 67 50 64 47 84 119 136 145 136 83 94 98 113 93 99 57 86 87 66 49 57 89 56 43 41 69 74 47 38 38 67 65 43 35 62 66 48 61 56 60 41 61 62 46 59 49 38 55 48 47 28 32 29 33 52 58 49 45 35 53 63 51 41 58 63 60 37 42 63 52 44 46 37 43 49 50 56 60 51 54 34
145 141 157 135 150 140 121 81 83 88 103 77 76 65 42 48 50 95 56 65 114 129 108 139 124 75 70 95 117 110 81 84 87 52 59 71 89 75 64 41 60 76 74 56 36 39 65 45 34 61 67 47 34 47 41 40 35 51 35 48 46 28 53 56 50 41 32 33 25 28 43 49 44 54 39 57 62 57 47 47 39 45 58 65 51 45 36 47 40 29 28 46 58 62 47 34
110 136 153 154 151 132 117 135 91 109 67 74 112 83 47 44 47 91 54 67 69 75 105 108 128 60 79 119 102 70 85 97 93 59 59 68 65 57 66 47 47 41 62 65 62 45 44 60 38 59 66 61 44 31 32 28 23 23 24 23 26 25 35 57 56 52 40 24 36 36 30 22 27 43 46 55 60 62 57 61 53 65 63 64 57 44 47 43 55 36 35 39 45 43 34 42
104 137 146 145 150 145 151 121 127 105 70 107 115 75 51 43 46 90 85 79 74 59 53 77 104 51 87 93 113 77 57 71 79 73 54 58 52 52 50 48 61 40 36 37 37 46 38 39 40 60 55 46 32 39 41 48 27 32 53 39 50 33 34 35 44 46 51 35 43 36 48 44 29 21 34 32 27 43 46 43 50 58 66 63 59 58 57 56 53 28 62 45 54 55 41 47
92 120 121 136 145 150 151 150 145 113 118 121 93 62 81 47 55 91 122 148 120 115 70 45 71 58 70 88 100 82 88 72 73 94 66 50 43 45 48 66 79 60 53 40 49 43 40 49 35 34 40 36 38 59 41 57 49 41 56 42 53 44 53 36 53 48 49 53 50 49 43 55 44 35 33 52 42 28 52 37 38 55 58 62 52 45 39 37 35 30 36 39 44 40 42 49
111 96 84 118 125 115 140 144 152 149 145 124 101 83 98 52 59 102 125 145 162 139 79 69 56 71 64 60 59 69 78 77 70 68 77 82 44 44 48 50 83 75 79 55 64 59 52 53 59 33 40 58 63 59 53 48 56 38 35 51 52 56 54 53 55 43 34 54 51 39 40 51 55 53 51 46 52 28 49 52 40 39 39 58 59 56 47 41 40 43 51 47 50 46 53 63
104 64 92 103 80 91 111 127 111 152 156 144 129 101 101 51 60 67 91 126 151 161 121 102 66 94 75 63 65 65 75 63 56 59 68 98 67 42 50 54 62 58 59 71 67 73 65 68 60 44 52 39 62 50 50 49 32 47 32 54 37 58 45 32 48 29 43 52 44 43 35 28 48 46 57 56 54 48 50 55 44 54 48 38 38 43 43 46 57 52 58 55 47 50 60 72
83 69 95 69 60 97 122 129 99 139 149 136 93 64 88 60 73 88 51 82 118 130 122 130 99 87 106 70 113 69 87 88 54 53 70 86 87 51 43 46 46 50 49 49 54 64 65 71 60 54 59 40 64 44 37 50 37 36 32 39 36 54 52 40 37 30 47 55 51 47 37 25 29 35 43 53 57 58 59 58 57 51 52 54 46 39 52 45 57 58 55 50 53 50 60 71
57 69 91 88 61 101 75 94 76 104 111 89 61 57 56 52 82 108 74 52 69 117 123 121 140 117 136 79 145 117 103 90 51 56 52 53 73 85 65 43 39 40 41 48 59 57 63 63 68 61 52 57 59 62 41 34 32 32 48 38 35 34 50 30 32 33 35 50 52 45 41 35 33 21 26 41 41 41 50 61 59 56 53 50 44 52 61 52 61 63 64 57 49 53 65 64
58 54 57 60 62 80 77 57 62 71 84 56 76 101 97 67 85 152 114 66 51 89 140 146 134 159 150 92 150 136 115 65 58 64 66 56 60 58 76 78 65 36 39 43 47 57 53 64 58 41 39 46 48 55 56 41 36 29 42 54 53 41 42 43 24 28 37 53 56 47 43 47 34 39 23 31 50 59 52 57 54 45 42 40 33 31 47 53 56 61 53 56 58 49 48 56
67 60 59 55 54 57 56 65 53 55 58 60 85 137 106 101 125 105 141 88 69 74 86 93 96 102 141 139 141 150 113 107 94 57 57 55 57 53 54 54 65 40 37 44 65 71 67 69 65 52 32 35 46 58 45 32 32 30 38 45 50 53 52 31 26 48 37 34 51 51 48 49 47 50 33 24 23 46 60 61 57 58 54 51 50 50 36 44 58 47 50 40 45 45 40 34
83 80 69 78 65 106 78 88 59 104 119 90 100 180 125 121 173 130 121 89 73 54 104 129 104 136 97 147 160 152 141 138 85 90 106 78 52 53 50 47 43 38 34 35 40 49 58 63 65 67 55 34 36 47 57 49 30 28 35 44 45 40 42 46 24 42 34 31 46 53 35 44 55 49 42 35 23 24 55 57 47 61 54 49 47 35 39 34 39 45 33 30 28 45 40 27
93 114 91 74 76 154 131 76 70 99 117 165 171 165 151 117 174 151 144 133 88 62 142 178 168 139 164 117 157 145 106 73 69 64 75 105 53 55 51 47 40 36 33 29 28 30 39 54 52 62 58 35 33 36 47 47 48 32 34 42 49 44 27 45 32 31 36 37 40 43 25 52 57 53 46 49 34 23 51 49 41 61 59 47 44 41 40 37 31 23 18 19 30 53 57 52
122 147 93 92 82 95 145 101 70 140 126 168 154 192 198 156 168 115 130 136 73 62 95 169 194 175 171 177 157 163 107 140 93 112 80 95 78 57 49 45 38 42 38 43 36 25 36 45 48 65 59 52 37 34 36 38 40 30 34 35 40 48 29 29 32 32 35 34 50 34 31 38 51 52 43 41 36 26 34 38 30 52 60 59 55 59 57 56 47 42 24 32 42 38 50 50
201 172 105 125 124 99 184 100 84 174 182 213 224 195 199 193 179 117 72 75 87 79 96 113 141 109 101 142 179 154 160 149 106 138 102 86 111 82 57 52 44 88 77 55 35 29 21 22 31 44 50 51 42 35 34 38 42 34 33 32 34 40 43 35 41 31 35 37 37 27 33 45 53 35 34 28 24 27 40 46 36 31 50 54 56 62 49 50 56 43 27 46 59 47 40 36
254 185 170 172 151 132 239 148 108 192 241 230 225 214 182 130 113 97 132 77 112 140 117 85 97 171 143 154 113 172 173 140 144 136 123 104 112 110 74 52 49 87 81 59 35 33 23 28 26 25 34 40 39 33 31 33 33 35 35 31 32 33 34 34 32 44 49 50 29 35 29 44 49 50 49 47 28 25 27 36 54 47 35 45 62 64 58 51 30 35 37 45 61 51 53 43
257 268 235 248 173 171 242 194 155 191 259 233 202 193 170 229 155 165 161 83 113 203 166 136 102 97 176 198 168 148 173 170 146 139 126 127 122 119 95 59 89 77 68 52 57 37 27 21 30 40 35 37 27 31 35 36 28 34 33 29 29 33 29 31 26 26 26 26 24 23 38 30 29 43 54 53 42 26 24 42 52 53 51 42 58 62 59 55 49 42 37 57 61 42 46 56
261 274 241 267 262 244 257 269 223 255 261 257 254 266 234 227 158 226 150 88 94 198 203 189 173 113 97 167 178 188 175 162 153 146 118 118 117 112 94 77 107 83 58 36 37 33 34 27 20 28 42 53 52 51 44 48 28 38 29 30 32 37 46 41 34 32 23 26 41 35 27 53 37 29 52 45 34 40 21 25 29 45 45 58 60 54 57 57 51 40 30 34 45 37 60 57
332 333 322 238 280 261 285 258 277 279 250 242 237 274 254 216 228 200 116 131 93 145 158 184 205 175 100 143 176 186 172 143 112 109 95 89 79 85 103 102 103 83 76 61 57 48 46 29 22 22 19 33 45 55 56 54 46 52 38 32 33 34 45 46 47 45 40 41 43 51 36 44 54 37 41 51 43 36 40 26 24 31 44 58 59 53 34 57 63 59 52 28 29 33 50 43
394 338 273 284 232 267 262 279 272 269 254 199 241 250 268 244 225 141 167 208 127 101 213 171 199 202 151 103 131 160 182 144 134 127 72 120 116 90 91 97 92 108 92 93 79 75 49 26 38 31 25 19 22 40 30 47 55 52 43 46 35 36 33 43 42 42 47 35 24 46 53 46 52 49 47 51 50 41 50 28 27 24 39 47 51 57 33 31 39 49 53 44 30 34 45 33
318 292 347 228 204 288 192 251 290 209 259 220 238 205 259 188 166 202 259 215 147 102 157 206 221 230 202 148 168 158 148 127 119 108 79 106 129 137 122 119 99 90 107 98 73 60 44 33 51 39 36 25 18 22 25 45 52 55 48 36 40 39 34 31 39 31 31 29 25 28 33 49 45 48 39 38 51 43 55 48 37 22 28 27 45 44 33 56 58 61 49 48 39 41 38 47
390 396 326 338 317 227 191 300 324 239 192 244 232 270 275 244 178 247 241 176 173 133 196 157 171 212 226 167 204 191 164 163 141 96 93 76 123 141 133 134 116 107 97 102 91 92 65 43 63 45 35 43 27 25 18 25 27 45 54 47 44 40 37 33 29 28 24 23 29 46 49 29 51 39 36 34 35 30 52 46 38 33 22 25 29 30 44 49 65 58 56 39 62 45 45 47
386 415 334 285 247 186 263 344 267 306 193 217 242 268 296 251 241 280 226 229 192 157 230 252 177 218 231 213 199 186 199 158 128 107 91 69 80 133 132 141 135 121 96 107 92 89 89 66 74 55 39 34 32 19 24 45 48 37 50 48 50 41 38 35 29 28 30 25 27 38 45 31 53 30 39 29 46 28 41 54 52 31 38 23 29 38 53 52 63 68 62 53 61 53 65 60
478 452 425 370 324 182 291 334 284 206 213 293 285 294 285 237 254 275 267 238 229 220 164 229 241 199 237 171 229 175 162 191 187 151 134 125 98 76 73 74 123 131 113 102 84 73 89 82 68 62 50 36 21 18 41 49 54 54 47 51 55 45 40 47 45 37 40 30 30 33 36 34 41 37 28 28 29 27 40 46 51 46 44 25 25 30 45 54 56 65 69 65 56 68 65 68
537 442 466 365 297 215 206 176 172 125 149 160 177 224 244 223 261 254 264 262 247 267 249 234 258 223 186 166 220 221 180 121 200 191 183 176 139 162 136 88 57 74 120 111 99 71 66 82 73 56 40 29 28 18 30 47 57 56 54 55 56 53 48 46 53 38 51 32 34 36 34 34 35 33 32 29 28 29 39 48 48 49 52 35 24 26 29 43 56 65 63 72 61 49 45 36
490 472 462 344 190 230 268 206 270 180 138 191 190 136 160 133 176 211 195 234 205 240 266 221 206 165 176 154 141 160 163 141 100 164 164 192 180 163 115 119 96 61 80 108 106 83 69 75 76 55 40 34 37 23 34 43 40 45 50 55 53 56 55 49 51 54 46 37 39 34 39 35 40 36 37 28 28 32 42 46 34 48 42 43 32 27 30 43 58 53 63 72 72 65 60 57
380 298 293 314 193 224 321 258 255 228 151 243 268 246 254 190 194 146 176 166 217 218 228 212 153 227 240 263 226 168 186 183 172 129 98 129 184 180 158 114 112 121 55 86 106 78 80 83 75 62 37 28 20 26 19 22 43 48 54 54 51 52 55 47 54 57 51 48 47 46 32 43 41 43 44 33 27 31 32 31 28 34 34 47 36 28 29 36 45 39 62 70 61 71 71 65
324 499 367 208 306 246 266 323 263 284 189 191 213 266 276 218 220 169 254 241 239 230 198 203 196 238 265 259 260 233 222 225 237 220 154 103 96 123 164 121 75 113 66 51 71 79 56 83 69 62 53 34 21 32 32 17 24 30 48 43 32 46 56 48 35 52 59 59 55 46 43 53 48 55 50 34 32 39 30 31 30 30 29 31 35 29 31 30 47 62 68 71 66 49 37 39
404 540 450 263 276 304 270 291 191 265 265 197 218 251 250 266 183 139 176 158 184 202 170 213 163 206 241 264 266 271 259 214 231 221 182 186 100 82 72 78 78 58 47 59 45 45 34 46 55 35 46 33 21 37 41 31 19 17 23 22 24 45 56 45 35 50 57 55 45 36 48 48 56 64 58 46 38 53 35 36 36 33 31 29 30 30 32 31 36 46 55 67 70 74 56 67
439 373 394 358 376 336 239 264 209 208 233 270 270 270 282 293 238 214 288 245 213 191 172 169 138 198 239 249 275 252 267 254 220 209 237 178 146 166 116 117 138 103 81 52 45 48 49 32 30 32 24 22 29 45 54 49 29 26 24 27 22 20 44 33 36 58 60 59 61 52 57 54 64 53 42 40 41 59 43 40 42 38 34 31 32 33 33 33 33 56 56 47 54 74 74 69
484 514 345 327 313 226 185 191 176 217 218 216 230 275 235 277 255 290 309 309 306 250 202 227 150 155 197 229 230 231 258 232 232 237 236 220 197 201 135 158 133 149 113 88 88 90 78 48 25 53 41 23 21 26 29 38 35 43 41 45 27 21 21 18 36 52 61 62 65 64 64 61 62 47 61 52 47 61 41 44 58 52 42 35 33 31 31 31 32 34 49 61 65 66 75 64
555 486 269 190 210 136 125 143 172 155 127 190 176 260 245 232 263 220 276 289 303 298 287 258 168 220 195 246 205 163 274 259 197 260 232 189 216 201 180 177 145 149 139 128 119 109 84 59 34 64 58 34 19 20 31 36 37 36 26 19 17 29 33 17 24 38 52 53 65 62 56 67 62 62 68 45 55 61 46 50 64 44 41 39 34 32 26 28 28 32 38 57 56 63 67 54
404 343 258 189 164 151 160 120 163 204 110 130 230 261 250 218 220 212 216 226 237 268 306 299 209 223 283 243 253 159 229 292 236 220 184 139 152 132 185 180 171 98 106 113 105 99 59 32 62 57 31 24 27 26 21 22 29 39 28 23 18 21 31 18 17 25 34 49 57 53 60 65 67 64 66 61 59 53 59 57 61 45 41 35 49 43 47 36 28 31 37 48 64 69 62 43
326 318 266 229 192 167 136 129 130 172 200 168 220 162 151 168 168 216 254 277 277 314 301 277 299 291 281 310 206 215 169 246 292 268 198 201 173 161 124 120 110 76 66 56 47 55 44 52 69 51 29 36 45 50 36 24 38 53 49 39 30 19 33 29 22 18 22 37 36 57 67 70 69 68 70 64 65 65 65 63 52 59 43 41 55 56 55 34 30 31 37 41 54 45 47 62
445 410 335 227 183 159 136 128 118 123 157 211 209 139 96 100 110 170 196 185 256 296 333 282 217 285 318 286 254 280 249 235 245 276 222 245 225 201 187 142 117 90 99 69 70 72 74 66 41 52 43 50 70 65 36 23 24 29 26 34 30 20 38 52 35 28 21 19 27 46 48 58 54 67 69 69 68 68 68 67 62 56 47 58 47 63 52 47 29 29 40 35 42 60 66 70
778 586 415 319 209 188 156 137 125 110 108 114 116 105 99 99 104 181 239 237 278 304 295 288 233 250 243 307 294 292 267 292 294 281 270 262 228 191 187 153 182 114 136 98 95 77 101 78 53 76 73 57 55 55 36 40 31 31 26 24 34 23 22 37 55 52 29 23 19 29 29 37 32 42 52 57 54 58 59 62 62 60 64 60 55 61 47 41 32 44 47 32 40 46 51 54
688 605 367 297 242 202 168 144 127 115 109 108 102 99 99 100 101 164 256 258 216 216 230 205 253 309 293 305 299 268 207 150 196 255 288 228 231 216 184 187 161 160 138 119 115 71 52 55 58 95 93 79 62 59 49 51 35 54 39 30 46 30 30 24 27 33 44 40 25 21 22 21 20 24 29 31 36 44 39 58 44 58 64 66 64 61 61 56 43 58 42 30 30 35 50 58
618 700 644 534 346 278 211 165 141 125 114 106 100 98 99 98 100 157 193 141 139 150 136 233 289 313 262 202 170 161 204 201 189 144 175 213 213 233 205 194 179 182 171 154 152 126 76 55 50 55 67 79 73 76 59 68 57 57 52 34 42 55 54 38 42 48 30 23 21 35 47 31 26 21 24 25 24 25 31 35 38 45 51 61 64 59 65 63 63 63 49 29 22 21 49 65
689 817 604 610 528 458 329 258 207 134 114 112 103 97 99 99 102 114 106 110 177 246 213 174 162 181 168 222 206 231 293 272 282 238 160 195 246 254 246 197 189 195 197 171 141 147 110 75 55 79 46 49 43 68 59 57 78 85 48 54 39 57 40 38 56 60 36 30 25 27 45 54 46 30 24 24 21 19 22 21 30 33 41 42 52 43 43 46 60 65 57 42 22 24 44 46
710 614 461 445 415 375 266 207 148 150 140 116 116 103 99 100 100 101 99 100 115 136 187 240 265 258 248 269 293 286 254 220 241 264 202 250 194 198 209 204 201 202 146 113 90 139 112 61 93 106 83 81 59 51 51 60 68 77 60 43 43 59 53 51 42 48 44 40 41 32 25 34 59 59 55 47 45 37 25 21 19 23 26 29 29 34 30 31 48 60 66 53 41 35 67 57
607 564 425 282 282 244 270 292 176 163 148 137 122 115 108 101 102 99 98 98 104 102 139 157 273 277 284 313 295 248 201 270 303 287 249 254 241 239 210 149 195 206 154 177 139 98 87 57 84 126 111 109 97 85 75 81 97 97 95 80 76 74 46 54 63 51 58 51 39 38 29 43 56 54 46 59 44 56 40 33 24 23 21 19 19 23 22 28 33 43 54 65 61 55 57 46
