Artocarpus heterophyllus SDM files/Environmental layers/bio15.asc
ncols  625
nrows  721
xllcorner  69.958333335383
yllcorner  5.95833333415099
cellsize 0.041666666667
NODATA_value  -9999
[rows 88 to 131 of 721, columns 480 to 575 of 625]
124 124 124 123 123 122 122 122 123 123 123 123 123 123 124 124 124 125 125 125 124 124 123 124 124 124 123 123 123 122 123 123 123 123 123 123 123 123 122 122 122 122 121 121 121 121 121 120 120 120 119 119 119 118 118 117 117 117 116 116 116 116 115 115 115 115 114 114 114 114 114 113 113 113 113 113 112 112 112 112 112 112 112 111 111 111 111 111 110 110 110 110 109 109 109 109
124 123 123 123 124 123 122 123 123 123 124 123 123 123 124 124 124 124 124 124 124 124 124 123 123 123 123 123 123 122 123 123 123 123 123 123 123 123 122 122 122 122 121 121 121 121 121 120 120 119 119 119 119 118 118 117 117 117 116 116 116 115 115 115 115 114 114 114 114 114 113 113 113 113 112 112 112 112 112 112 112 111 111 111 111 111 110 110 110 110 110 110 109 109 109 108
125 124 125 125 125 124 124 123 123 123 123 123 123 123 123 123 123 123 124 124 124 124 123 124 123 123 123 122 122 122 122 122 122 123 123 123 123 123 123 122 122 122 121 121 121 120 120 120 120 119 119 119 118 118 118 117 117 116 116 116 115 115 115 115 114 114 114 114 114 113 113 113 113 112 112 112 112 112 112 111 111 111 111 111 110 110 110 110 110 110 109 109 109 109 108 108
124 124 124 124 124 123 123 123 123 123 123 123 124 123 123 123 123 123 124 123 124 124 123 123 122 122 122 122 122 122 122 122 122 123 123 122 123 123 122 122 122 121 121 120 120 120 119 119 119 119 119 119 119 118 118 117 116 116 116 116 115 115 115 114 114 114 114 114 113 113 113 113 112 112 112 112 112 111 111 111 111 111 110 110 110 110 110 110 110 109 109 109 109 108 108 108
124 123 123 123 123 123 123 123 123 123 123 123 124 123 124 123 124 124 124 123 123 123 123 123 122 122 122 122 122 122 122 122 122 123 122 122 122 122 122 121 121 120 120 120 119 119 119 119 118 118 118 118 118 117 117 118 117 117 116 115 115 115 115 114 114 114 114 114 113 113 113 112 112 112 112 111 111 111 111 111 110 110 110 110 110 109 110 109 109 109 109 108 108 108 108 108
123 123 123 123 123 123 123 123 123 123 123 123 123 122 123 122 123 123 124 124 123 123 123 123 123 122 122 121 122 122 122 122 122 122 122 122 122 122 121 121 120 120 119 119 119 119 118 118 118 118 118 118 118 117 117 117 117 116 116 116 115 115 115 114 114 114 114 113 113 113 112 112 112 111 111 111 111 110 110 110 110 110 110 109 110 109 109 109 109 109 109 108 108 108 108 107
123 123 123 123 123 123 123 123 123 123 123 122 122 122 123 123 123 122 122 122 123 123 123 123 122 122 122 121 121 121 121 122 122 122 121 122 122 122 121 120 120 119 119 119 119 118 118 118 118 118 118 117 117 117 117 116 116 116 116 115 115 114 114 114 114 114 113 113 113 113 112 111 111 111 111 111 110 110 110 110 109 109 109 109 109 109 109 109 109 109 108 108 108 107 107 107
123 123 123 123 123 123 123 123 123 122 122 122 122 123 122 122 122 123 122 122 123 123 123 123 122 123 122 121 122 121 121 121 122 122 122 121 122 121 120 120 119 119 119 118 118 118 118 118 118 118 117 117 117 117 117 116 116 116 115 115 115 114 114 114 114 113 113 113 112 112 111 111 111 111 110 110 110 109 109 109 109 109 109 109 109 109 109 109 108 108 108 108 108 107 107 107
123 123 123 123 123 123 123 123 124 123 122 122 122 122 122 122 122 122 122 122 123 123 122 122 122 122 122 121 121 121 121 121 122 122 121 121 121 121 120 119 119 119 119 118 118 118 118 118 117 117 117 117 117 117 116 116 116 115 115 115 114 114 114 114 113 113 113 113 112 112 111 111 110 110 110 109 109 109 109 109 109 109 109 109 109 109 109 108 108 108 108 107 107 107 107 106
123 123 123 123 123 123 123 123 123 123 122 122 121 121 121 121 122 122 122 122 122 122 122 122 122 122 122 121 121 121 121 121 120 121 121 121 121 121 120 119 120 119 118 118 118 117 118 117 117 117 117 117 116 116 116 116 115 115 115 114 114 114 114 113 113 113 113 112 112 112 111 111 110 110 109 109 109 108 108 108 108 108 108 108 108 108 108 108 108 108 107 107 107 107 106 106
123 123 123 123 123 123 123 122 122 122 122 122 122 121 122 121 121 122 122 122 122 122 122 122 122 122 122 121 121 121 121 121 121 120 120 121 121 120 120 120 119 118 118 118 118 118 118 117 117 117 117 117 116 116 116 116 115 115 114 114 114 113 113 113 113 113 112 112 112 111 111 110 109 109 109 108 108 108 108 108 108 108 108 108 108 108 108 108 108 107 107 107 107 106 106 106
123 122 122 123 123 123 123 122 122 122 122 122 122 121 121 121 121 121 122 122 122 122 123 122 122 122 122 121 121 121 120 120 120 120 120 120 120 121 120 120 119 119 118 118 118 118 117 117 117 117 117 116 116 116 115 115 115 114 114 114 113 113 113 113 112 112 112 112 111 111 110 109 109 109 108 108 108 107 107 107 107 107 107 107 108 107 107 107 107 107 106 106 106 106 105 105
122 122 123 123 122 123 123 123 122 122 122 122 121 121 121 121 121 121 122 123 122 122 123 123 123 122 122 122 122 121 121 120 120 120 120 120 120 121 120 119 119 118 118 118 118 118 117 117 117 117 117 116 116 116 116 115 114 114 114 113 113 113 112 112 112 112 112 111 111 110 110 109 109 108 108 107 107 107 107 107 107 107 107 107 107 107 107 107 107 106 106 106 106 105 105 105
122 122 122 122 123 123 123 123 123 123 122 122 121 121 121 121 121 121 122 122 122 122 123 123 123 122 122 122 122 122 121 120 120 120 120 120 120 120 120 119 119 118 118 118 118 117 118 117 117 117 116 116 116 115 115 115 114 114 113 113 113 112 112 112 112 111 111 111 110 110 109 109 108 108 108 107 107 107 106 106 106 107 107 107 107 107 107 107 106 106 106 105 105 105 105 104
123 123 122 122 123 123 123 123 123 123 123 122 121 121 121 121 122 122 122 122 122 122 123 123 123 122 122 122 122 121 120 120 120 120 120 120 120 120 120 119 119 118 118 118 117 117 117 117 117 117 116 115 116 115 115 114 114 114 113 113 112 112 112 112 111 111 111 111 110 109 109 108 108 107 107 107 106 106 106 106 106 106 106 106 106 106 106 106 106 105 105 105 105 104 104 104
123 123 123 123 123 123 123 123 123 123 122 121 122 121 122 122 122 122 122 122 122 122 122 123 123 122 122 121 122 121 120 120 120 120 120 120 120 120 120 119 119 119 118 118 118 117 117 117 117 116 116 115 115 115 115 114 113 113 113 112 112 112 112 111 111 111 111 110 110 109 108 108 108 107 107 106 106 106 106 105 105 106 106 106 106 106 106 105 105 105 104 104 104 104 104 103
122 123 123 123 123 123 123 123 123 122 122 122 122 122 122 122 122 122 122 122 122 122 122 123 122 122 121 121 121 121 120 120 120 120 120 120 120 120 119 119 119 118 118 118 117 117 117 117 116 116 116 115 115 114 114 114 114 112 112 112 112 111 111 111 111 110 110 110 109 109 108 108 107 107 106 106 105 105 105 105 105 105 105 105 105 105 105 104 104 104 104 104 103 103 103 103
123 123 123 123 123 123 123 123 123 123 122 122 122 122 122 122 122 122 122 122 122 122 122 122 122 122 121 122 121 120 120 120 120 120 120 120 120 119 119 119 118 118 118 118 118 117 117 116 116 116 116 115 115 114 114 113 113 113 112 112 111 111 111 111 110 110 110 109 109 108 108 107 107 106 106 105 105 105 105 105 105 104 105 105 104 105 104 104 104 103 103 103 103 103 103 103
123 123 123 123 123 124 123 123 123 123 123 122 122 122 122 122 122 122 122 122 123 123 122 122 122 122 121 121 120 120 120 120 120 120 120 120 120 119 119 119 118 118 118 118 117 117 117 116 116 116 115 115 114 114 113 113 113 112 112 111 111 111 111 110 110 110 109 109 108 107 107 107 106 106 105 105 105 104 104 104 104 104 104 104 104 104 104 103 103 103 103 103 102 102 102 102
123 124 124 124 124 124 124 124 124 124 123 123 123 122 122 122 122 122 122 122 123 122 122 122 122 122 121 120 120 120 120 120 120 119 120 120 120 120 119 119 118 118 118 117 117 116 116 116 115 115 115 114 114 114 113 113 112 112 111 111 111 110 110 109 109 109 109 108 108 107 107 106 106 105 105 105 104 104 104 104 103 104 103 103 103 103 103 103 102 102 102 102 102 102 102 102
124 124 124 124 124 124 124 124 124 123 123 123 123 123 122 122 122 122 122 122 122 122 122 122 122 121 120 120 120 120 120 120 120 120 120 119 119 119 118 118 118 117 117 117 117 116 116 115 115 115 115 114 114 113 113 112 112 112 111 111 110 110 109 109 109 109 109 108 107 107 106 106 105 105 104 104 104 103 103 103 103 103 103 103 103 103 102 102 102 102 102 101 102 101 101 101
124 124 124 124 124 124 124 124 124 123 123 123 123 123 123 122 122 122 122 122 122 121 121 122 121 120 120 120 120 120 120 120 120 119 119 119 119 119 118 118 117 117 117 117 117 116 116 115 115 115 114 114 114 113 112 112 112 111 111 110 110 110 109 109 109 108 108 107 107 106 106 105 105 104 104 103 103 103 103 103 102 102 102 102 102 102 102 102 102 101 101 101 101 101 101 101
125 124 124 124 124 125 124 124 124 124 124 123 123 123 123 122 122 122 122 122 121 121 121 121 121 120 120 120 120 120 120 120 119 119 119 119 119 118 118 117 117 117 117 116 116 116 115 115 115 114 114 113 113 113 112 112 111 111 110 110 110 109 109 109 108 108 107 107 106 106 105 105 104 104 103 103 103 102 102 102 102 102 102 102 101 101 101 101 101 101 101 101 101 101 101 100
125 124 124 125 125 124 124 124 124 124 124 124 123 123 123 123 122 122 122 121 121 120 120 120 120 120 120 120 120 120 120 120 119 119 119 119 118 118 117 117 117 117 117 116 116 116 115 115 114 114 114 113 113 112 112 111 111 111 110 110 109 109 108 108 108 107 107 106 106 105 105 104 104 103 103 103 102 102 102 102 101 101 101 101 101 101 101 100 100 100 100 100 100 100 100 100
125 125 125 124 125 125 125 125 124 124 124 124 124 124 123 123 122 121 121 121 121 120 120 120 120 120 120 120 120 120 120 120 119 119 119 118 118 117 117 117 117 116 116 116 115 115 115 114 114 113 114 113 112 112 112 111 110 110 110 109 109 109 108 108 107 107 107 106 106 105 104 104 103 103 103 102 102 102 101 101 101 101 101 100 100 100 100 100 100 100 100 100 100 100 100 99
125 125 124 125 125 125 125 125 124 124 124 124 123 123 123 123 122 121 121 121 120 120 120 120 120 120 120 120 120 120 120 119 119 119 118 118 118 117 117 117 116 116 116 115 115 115 114 114 114 113 113 113 112 112 112 111 110 110 109 109 109 108 108 107 107 107 106 106 105 105 104 104 103 103 102 102 101 101 101 100 100 100 100 100 100 100 100 99 99 99 99 99 99 99 99 99
125 125 125 125 125 125 125 125 124 124 124 124 123 123 122 122 122 121 121 121 120 120 120 120 120 120 120 120 120 120 119 119 119 118 118 118 118 117 117 116 116 116 115 115 115 114 114 114 114 113 113 112 112 111 111 111 110 110 109 109 109 108 108 107 107 106 106 105 105 104 104 103 102 102 102 101 101 101 100 100 100 100 100 99 99 99 99 99 99 99 99 99 99 99 99 99
125 125 125 125 125 125 125 125 125 124 124 124 123 123 122 122 122 122 121 121 120 121 120 120 120 120 120 120 119 119 119 119 119 118 118 117 117 117 117 116 116 115 115 115 114 114 114 114 113 113 112 112 112 112 111 111 110 110 109 109 108 108 108 107 107 106 105 105 104 104 103 103 102 102 101 101 100 100 100 100 100 99 99 99 99 98 98 98 98 98 98 98 98 98 98 98
125 125 125 125 125 125 125 125 125 124 124 124 124 123 122 123 122 122 121 121 121 121 120 120 120 120 120 120 120 119 119 119 118 118 118 117 117 117 116 116 116 115 115 115 114 114 114 113 113 113 112 112 112 111 111 110 110 110 109 109 108 108 107 107 107 106 105 105 104 103 103 102 102 101 101 100 100 100 100 99 99 99 99 99 98 98 98 98 98 97 97 97 97 97 97 97
126 126 125 125 125 125 125 125 125 125 124 124 124 124 123 123 122 122 121 121 121 121 120 120 120 120 120 119 119 119 119 119 118 118 118 117 117 116 116 116 115 115 115 115 114 114 113 113 113 113 113 112 112 111 111 110 110 110 109 109 108 108 107 107 107 106 105 104 104 103 102 102 101 101 100 100 100 100 99 99 99 98 98 98 98 97 97 97 97 97 97 97 97 97 97 97
126 126 126 126 126 125 125 125 125 125 125 124 124 123 123 123 122 122 122 122 121 121 121 120 120 120 120 119 119 119 119 118 118 118 118 117 117 117 116 116 115 115 115 115 114 114 114 114 113 113 112 112 112 111 110 110 110 109 110 109 108 108 107 107 106 106 105 104 103 102 102 101 101 100 100 100 99 99 99 99 99 98 98 98 97 97 97 96 96 96 96 96 96 96 96 96
126 126 126 126 125 126 125 125 125 125 125 124 124 123 123 123 123 122 122 122 121 121 121 120 120 120 120 119 119 119 118 118 118 118 118 117 117 117 116 116 115 115 115 115 114 114 114 113 113 113 113 112 112 111 111 110 110 110 109 109 108 108 107 107 106 105 105 104 103 102 102 101 100 100 100 99 99 99 99 98 98 98 97 97 97 96 96 96 96 96 96 95 95 96 96 96
126 126 126 126 126 126 126 125 125 125 124 124 124 124 123 123 123 122 122 122 121 121 121 120 120 120 119 119 119 119 118 118 118 118 118 118 117 117 116 116 116 115 115 115 114 114 114 114 113 113 113 112 112 111 111 111 110 110 109 109 108 108 107 107 106 105 105 104 103 102 101 101 100 100 99 99 99 99 99 98 98 97 97 97 96 96 95 95 95 95 95 95 95 95 95 95
127 127 126 126 126 126 126 126 126 125 125 125 124 124 123 123 123 123 123 122 121 121 121 120 120 119 119 119 119 119 118 118 118 118 118 117 117 117 117 116 116 116 115 115 114 114 114 114 114 113 113 113 112 111 111 111 110 110 109 109 108 108 107 107 106 105 105 104 103 102 101 101 100 100 99 99 99 99 98 98 98 97 97 96 96 95 95 95 95 95 94 94 95 95 95 95
127 127 127 127 127 126 126 126 126 125 125 125 124 124 124 123 123 123 122 122 121 121 121 120 120 119 119 119 119 118 118 118 118 118 118 118 117 117 117 116 116 116 115 115 115 114 114 114 114 113 113 113 112 112 111 111 110 110 109 109 108 108 107 107 106 105 104 104 103 102 101 101 100 100 99 99 99 98 98 98 97 97 96 96 95 95 95 94 94 94 94 94 94 94 95 95
127 127 127 127 127 127 126 126 126 125 125 124 124 124 124 123 123 123 122 122 122 122 120 120 120 119 119 119 119 119 118 118 118 118 118 118 118 117 117 117 116 116 116 115 115 115 115 114 114 114 113 113 113 112 112 111 111 110 109 109 109 108 107 106 106 105 104 103 103 102 101 101 100 100 99 99 98 98 98 97 97 96 96 95 95 95 94 94 94 94 94 94 94 95 94 94
128 128 128 127 127 127 127 126 126 126 125 124 124 124 124 123 123 123 123 123 123 122 121 120 120 119 119 119 118 119 118 118 118 118 118 118 118 118 117 117 117 116 116 115 115 115 115 115 114 114 114 113 113 112 112 111 111 110 110 109 108 108 107 106 106 105 104 103 103 102 101 101 100 100 99 99 98 98 98 97 97 96 96 95 94 94 94 94 94 94 94 94 94 94 94 95
128 128 128 128 128 127 127 126 126 125 125 124 124 123 124 123 123 123 123 123 122 122 121 120 120 119 119 119 119 119 119 119 118 118 118 118 118 118 117 117 117 116 116 116 116 115 115 115 115 114 114 114 113 113 112 112 111 110 110 109 108 108 107 106 105 105 104 103 103 102 101 101 100 100 99 99 98 98 97 97 96 96 95 95 95 94 94 94 94 94 94 94 94 94 94 94
129 128 128 128 128 127 126 127 126 125 125 124 124 124 123 123 123 123 123 123 122 122 121 120 120 120 120 119 119 119 119 119 119 119 119 118 118 118 118 117 117 117 116 116 116 116 115 115 115 115 114 114 113 113 112 112 111 110 110 109 108 108 107 106 105 105 104 103 103 102 101 101 101 100 100 99 99 98 97 97 96 96 95 95 94 94 94 93 93 94 94 94 94 94 94 94
129 129 128 128 128 128 127 126 126 125 125 125 124 124 124 123 123 124 123 123 122 122 122 121 121 120 120 120 119 119 119 119 119 119 119 118 118 118 119 118 117 117 116 116 116 116 116 116 115 115 115 114 114 113 112 112 112 111 110 109 108 108 107 106 106 105 104 103 103 102 102 101 100 100 99 99 98 98 97 97 96 96 95 95 94 94 94 94 94 94 94 93 94 94 94 94
129 129 128 128 128 128 127 126 126 125 125 125 124 124 123 123 124 124 124 123 123 122 122 121 121 121 120 120 120 119 119 119 119 119 119 119 119 119 119 118 118 118 117 117 116 116 116 116 115 115 115 114 114 113 113 112 111 111 110 109 109 108 107 107 106 105 104 103 103 102 102 101 101 100 100 99 99 98 97 97 96 96 95 95 94 94 94 94 94 94 94 94 94 94 94 94
129 129 128 128 128 127 127 126 126 125 124 124 124 124 123 124 124 124 123 123 123 123 122 122 122 121 121 120 120 119 120 119 119 119 119 119 119 118 119 119 118 117 117 117 117 116 116 116 116 116 115 115 114 114 113 113 112 111 111 110 109 108 107 107 106 105 104 104 103 103 102 101 101 100 99 99 98 98 97 97 96 95 95 95 94 94 94 94 94 94 94 94 94 94 94 93
130 129 129 128 128 128 127 126 126 125 124 123 124 124 124 124 124 124 124 124 124 123 123 123 122 122 121 121 121 120 120 120 120 119 119 119 119 119 118 118 118 118 118 117 117 117 117 116 116 116 116 115 115 114 113 113 112 112 111 110 109 108 108 107 106 105 105 104 103 103 102 101 101 100 100 99 98 98 97 97 96 95 95 94 94 94 94 94 94 94 94 94 94 94 94 94
130 129 129 128 128 128 127 126 126 126 125 125 124 124 124 124 124 124 124 124 124 123 123 123 122 122 122 121 120 121 120 120 121 119 119 119 119 119 119 119 118 118 118 118 118 117 117 117 116 116 116 115 115 114 114 113 112 112 111 110 109 109 108 107 106 106 105 104 104 103 102 102 101 100 100 99 99 98 97 97 96 96 95 95 93 94 94 94 93 93 93 93 94 94 94 95
