Artocarpus altilis SDM files/MIS19/results (with bias file)/Artalt_7.asc
ncols         1201
nrows         481
xllcorner     119.99986351115
yllcorner     -15.00013828885
cellsize      0.041666667
NODATA_value  -9999
[rows 192 to 223 of 481, columns 288 to 359 of 1201]
-9999 6.98686E-1 7.14007E-1 7.1816E-1 7.20718E-1 7.1506E-1 7.00299E-1 7.07413E-1 6.77813E-1 4.60051E-1 3.04748E-1 2.44273E-1 2.18276E-1 2.13415E-1 3.15368E-1 4.27673E-1 5.02227E-1 5.52651E-1 6.60231E-1 6.29056E-1 6.09892E-1 5.74419E-1 5.39616E-1 5.66025E-1 5.65701E-1 5.42175E-1 5.1044E-1 5.19079E-1 4.96367E-1 5.20439E-1 5.41437E-1 5.1738E-1 5.24829E-1 5.22938E-1 5.06615E-1 5.30702E-1 5.18658E-1 4.99826E-1 5.09208E-1 4.92018E-1 5.25241E-1 5.12977E-1 5.02356E-1 5.5738E-1 4.86727E-1 3.40201E-1 3.53705E-1 4.52789E-1 5.33362E-1 4.01965E-1 3.23821E-1 2.18758E-1 2.52859E-1 3.69202E-1 4.21475E-1 3.22074E-1 2.68219E-1 2.76423E-1 3.62357E-1 4.48448E-1 5.82389E-1 5.80766E-1 2.69175E-1 4.17965E-1 6.04934E-1 5.80199E-1 4.75976E-1 3.08419E-1 5.35356E-1 -9999 -9999 -9999
-9999 -9999 -9999 -9999 -9999 -9999 -9999 -9999 -9999 7.10588E-1 6.55286E-1 4.02554E-1 3.10353E-1 2.21564E-1 2.64493E-1 4.0012E-1 4.77011E-1 5.3632E-1 6.64353E-1 6.58793E-1 6.0759E-1 6.06596E-1 5.61806E-1 5.20534E-1 5.25395E-1 5.28924E-1 5.12305E-1 4.73104E-1 4.62778E-1 5.08385E-1 5.2374E-1 5.21389E-1 5.17734E-1 5.09001E-1 5.10377E-1 5.13623E-1 5.04096E-1 4.83129E-1 4.85917E-1 4.70138E-1 5.2602E-1 5.38562E-1 5.07851E-1 5.64065E-1 4.92532E-1 3.52227E-1 3.62599E-1 4.26247E-1 4.57414E-1 4.33351E-1 4.07266E-1 2.40282E-1 1.63996E-1 3.18374E-1 4.12186E-1 3.54271E-1 2.639E-1 2.66808E-1 3.71441E-1 4.79003E-1 5.51101E-1 4.83414E-1 3.09841E-1 3.82298E-1 5.85067E-1 5.63215E-1 3.31114E-1 5.14919E-1 5.99934E-1 -9999 -9999 -9999
-9999 -9999 -9999 -9999 -9999 -9999 -9999 -9999 -9999 -9999 -9999 6.80117E-1 4.43138E-1 3.14322E-1 2.85087E-1 3.28017E-1 4.37536E-1 5.3932E-1 6.49968E-1 6.49567E-1 6.15009E-1 6.15051E-1 5.7837E-1 5.26285E-1 5.27525E-1 5.10611E-1 4.73104E-1 4.71428E-1 4.89349E-1 4.6295E-1 4.88675E-1 5.23601E-1 5.05226E-1 5.01511E-1 5.00997E-1 4.82178E-1 4.83266E-1 4.69335E-1 4.61572E-1 4.79578E-1 5.57407E-1 5.67135E-1 5.82032E-1 5.29856E-1 3.58224E-1 5.19682E-1 5.1138E-1 4.87129E-1 4.00874E-1 4.62343E-1 4.68329E-1 3.02029E-1 1.83056E-1 2.60828E-1 3.26751E-1 3.25973E-1 3.88728E-1 3.67132E-1 3.03253E-1 4.85648E-1 5.59372E-1 3.71339E-1 2.77418E-1 2.99463E-1 5.21714E-1 5.31992E-1 3.18523E-1 5.11389E-1 6.16006E-1 -9999 -9999 -9999
-9999 -9999 -9999 -9999 -9999 -9999 -9999 -9999 -9999 -9999 6.43095E-1 4.82006E-1 6.26061E-1 3.9007E-1 2.84198E-1 3.44425E-1 3.66814E-1 4.71043E-1 5.83529E-1 6.54389E-1 6.19037E-1 6.18892E-1 5.90674E-1 5.72435E-1 5.99099E-1 5.41948E-1 5.38101E-1 5.2468E-1 5.44519E-1 4.93533E-1 5.25896E-1 5.0371E-1 4.72433E-1 4.67439E-1 4.77501E-1 4.74912E-1 4.60391E-1 4.38396E-1 4.33255E-1 5.56373E-1 5.63383E-1 -9999 5.95712E-1 5.97683E-1 2.87624E-1 5.21013E-1 4.62541E-1 4.22132E-1 4.29896E-1 4.24494E-1 4.48049E-1 2.99813E-1 2.12013E-1 1.75733E-1 2.38913E-1 3.54492E-1 4.14106E-1 3.20669E-1 3.56931E-1 4.89166E-1 5.33762E-1 3.68802E-1 2.56485E-1 2.78676E-1 4.6816E-1 4.7841E-1 2.96335E-1 4.98476E-1 5.97222E-1 -9999 -9999 -9999
-9999 -9999 -9999 -9999 -9999 -9999 -9999 -9999 -9999 -9999 6.80548E-1 6.45079E-1 6.81714E-1 6.42282E-1 5.03461E-1 4.43365E-1 4.25886E-1 4.54775E-1 5.44121E-1 6.59239E-1 6.34364E-1 6.22308E-1 5.80393E-1 5.65369E-1 5.53238E-1 5.61919E-1 5.71432E-1 5.54713E-1 5.53599E-1 5.243E-1 5.42831E-1 5.10863E-1 5.06954E-1 5.17366E-1 5.08817E-1 4.97689E-1 4.85644E-1 4.16923E-1 4.1638E-1 5.86314E-1 5.93433E-1 5.98722E-1 5.84994E-1 4.80886E-1 4.25696E-1 5.27351E-1 5.44578E-1 4.02732E-1 3.9963E-1 3.44897E-1 4.0915E-1 2.56448E-1 2.11648E-1 2.19042E-1 3.04254E-1 3.7044E-1 4.23471E-1 3.31158E-1 3.65891E-1 4.57808E-1 5.05745E-1 4.03378E-1 2.53907E-1 2.40038E-1 3.85127E-1 5.2146E-1 3.78022E-1 5.57751E-1 5.93338E-1 -9999 -9999 -9999
-9999 -9999 -9999 -9999 -9999 -9999 -9999 -9999 -9999 -9999 -9999 -9999 -9999 7.02843E-1 6.6242E-1 6.38451E-1 4.16196E-1 4.02852E-1 5.58458E-1 6.66442E-1 6.30679E-1 6.06523E-1 5.73312E-1 5.84349E-1 5.52593E-1 5.63249E-1 5.29425E-1 5.34926E-1 5.1718E-1 5.33782E-1 5.53425E-1 5.24634E-1 5.31172E-1 5.32733E-1 5.41989E-1 5.23777E-1 4.99437E-1 4.75944E-1 5.02678E-1 5.72258E-1 6.00414E-1 5.58898E-1 5.71293E-1 3.77679E-1 4.17946E-1 4.18796E-1 4.0949E-1 3.8872E-1 3.06175E-1 2.99092E-1 3.30892E-1 2.35722E-1 2.32414E-1 3.13604E-1 3.22201E-1 3.39935E-1 4.14778E-1 3.85366E-1 3.52024E-1 4.17473E-1 3.65742E-1 3.40818E-1 3.45058E-1 2.17034E-1 2.51737E-1 4.22543E-1 5.46903E-1 5.66884E-1 5.23298E-1 5.85592E-1 -9999 -9999
-9999 -9999 -9999 -9999 -9999 -9999 -9999 -9999 -9999 -9999 -9999 -9999 -9999 -9999 5.46963E-1 4.15573E-1 3.51693E-1 4.2623E-1 6.43957E-1 6.62286E-1 6.30851E-1 6.04558E-1 5.98455E-1 6.00245E-1 5.77431E-1 5.60142E-1 5.54951E-1 5.65339E-1 5.57699E-1 5.82008E-1 5.43442E-1 5.47554E-1 5.63969E-1 5.56876E-1 5.36227E-1 5.46105E-1 5.38168E-1 5.17672E-1 5.38253E-1 5.65663E-1 5.41366E-1 4.81674E-1 5.16447E-1 3.41015E-1 3.22862E-1 4.58179E-1 3.12071E-1 3.61771E-1 3.0161E-1 3.2202E-1 2.17406E-1 2.69581E-1 2.91064E-1 2.95032E-1 2.67211E-1 2.52485E-1 2.76903E-1 3.7476E-1 4.11561E-1 4.33246E-1 3.73947E-1 2.68808E-1 3.88456E-1 2.72258E-1 2.29319E-1 3.73907E-1 5.49956E-1 5.06157E-1 4.27832E-1 5.90487E-1 5.65075E-1 -9999
-9999 -9999 -9999 -9999 -9999 -9999 -9999 -9999 -9999 -9999 -9999 -9999 -9999 -9999 6.6087E-1 4.94185E-1 3.84536E-1 5.39876E-1 7.20802E-1 6.6555E-1 6.20698E-1 6.09617E-1 6.18369E-1 5.85134E-1 5.80792E-1 5.58146E-1 5.98586E-1 6.00031E-1 5.72526E-1 6.00516E-1 5.55203E-1 5.71796E-1 5.76788E-1 5.97758E-1 5.3431E-1 5.78294E-1 5.63464E-1 5.33448E-1 5.45445E-1 5.80173E-1 3.91676E-1 3.79155E-1 5.4859E-1 3.51574E-1 2.7488E-1 4.12357E-1 2.16642E-1 2.76438E-1 3.24011E-1 2.60583E-1 2.34068E-1 2.60822E-1 3.32243E-1 3.49744E-1 3.45285E-1 2.58846E-1 2.09084E-1 3.71597E-1 3.61828E-1 3.76461E-1 3.81388E-1 3.43493E-1 3.85642E-1 2.86316E-1 2.02355E-1 3.17612E-1 4.23854E-1 5.01127E-1 3.60162E-1 5.46895E-1 5.40864E-1 5.88423E-1
-9999 -9999 -9999 -9999 -9999 -9999 -9999 -9999 -9999 -9999 -9999 -9999 -9999 -9999 -9999 6.11319E-1 3.95867E-1 4.63688E-1 -9999 6.86727E-1 6.08346E-1 6.09314E-1 6.11297E-1 5.79847E-1 6.05299E-1 5.60658E-1 5.92471E-1 6.00848E-1 5.90389E-1 5.89223E-1 5.96083E-1 5.89223E-1 5.79321E-1 5.97364E-1 5.57265E-1 5.94253E-1 5.76603E-1 5.57244E-1 5.33093E-1 5.71346E-1 3.73177E-1 3.41522E-1 6.1551E-1 4.1762E-1 2.21149E-1 3.1242E-1 2.4399E-1 2.26456E-1 3.26215E-1 2.53595E-1 2.46494E-1 3.3428E-1 3.61137E-1 3.6682E-1 3.44314E-1 2.73824E-1 2.3064E-1 3.68287E-1 3.74635E-1 3.09341E-1 2.73526E-1 3.02758E-1 3.11953E-1 2.96699E-1 2.19207E-1 2.16264E-1 3.58431E-1 5.08307E-1 3.3012E-1 4.10465E-1 3.50842E-1 5.21662E-1
-9999 -9999 -9999 -9999 -9999 -9999 -9999 -9999 -9999 -9999 -9999 -9999 -9999 -9999 -9999 -9999 7.07402E-1 7.20573E-1 -9999 6.18331E-1 5.73701E-1 5.91984E-1 5.98457E-1 6.13175E-1 5.5637E-1 5.68686E-1 6.02157E-1 6.12163E-1 5.9557E-1 6.01825E-1 6.16317E-1 5.91879E-1 5.86224E-1 6.17774E-1 6.08544E-1 5.89253E-1 5.75715E-1 5.45401E-1 5.30392E-1 5.43383E-1 4.19221E-1 2.96101E-1 5.12932E-1 4.90503E-1 2.0245E-1 2.59405E-1 2.13342E-1 2.88217E-1 2.24646E-1 2.76447E-1 3.42707E-1 3.99197E-1 3.74937E-1 3.58543E-1 3.37154E-1 3.36743E-1 3.08335E-1 3.98241E-1 4.13579E-1 2.53112E-1 2.22228E-1 2.73181E-1 3.40547E-1 3.25625E-1 2.36494E-1 1.69833E-1 2.20092E-1 3.70207E-1 3.40376E-1 2.78049E-1 2.35484E-1 3.23007E-1
-9999 -9999 -9999 -9999 -9999 -9999 -9999 -9999 -9999 -9999 -9999 -9999 -9999 -9999 6.9162E-1 5.29214E-1 5.73787E-1 6.21588E-1 6.72667E-1 6.30651E-1 5.83337E-1 5.95636E-1 6.11889E-1 6.11264E-1 5.59002E-1 5.84815E-1 6.09013E-1 6.03583E-1 5.93197E-1 6.0087E-1 5.98423E-1 5.84338E-1 5.69138E-1 6.28865E-1 6.09608E-1 6.06692E-1 6.07044E-1 5.41433E-1 5.63507E-1 5.36412E-1 4.78595E-1 2.91746E-1 3.69253E-1 3.66815E-1 2.91156E-1 2.5395E-1 2.10075E-1 2.22359E-1 2.07977E-1 2.9802E-1 3.90958E-1 3.67614E-1 3.46387E-1 3.25633E-1 3.35495E-1 3.08358E-1 3.23296E-1 3.14624E-1 3.29081E-1 2.53739E-1 2.54874E-1 3.54435E-1 3.60871E-1 3.43792E-1 2.91298E-1 2.02736E-1 1.75126E-1 3.43212E-1 3.23526E-1 3.21889E-1 3.17112E-1 3.35095E-1
-9999 -9999 -9999 -9999 -9999 -9999 -9999 -9999 -9999 -9999 -9999 -9999 -9999 -9999 6.90977E-1 5.36551E-1 6.23492E-1 6.97056E-1 7.0623E-1 6.41479E-1 5.74746E-1 5.89172E-1 6.09345E-1 6.17869E-1 6.17424E-1 6.25253E-1 6.19002E-1 5.94794E-1 5.90416E-1 5.99571E-1 6.03771E-1 6.15824E-1 5.85578E-1 6.19914E-1 6.13394E-1 6.33786E-1 6.33097E-1 6.01701E-1 6.06217E-1 6.24745E-1 6.10041E-1 3.26304E-1 2.78628E-1 3.21343E-1 2.88198E-1 2.20871E-1 2.82503E-1 2.11518E-1 3.30241E-1 3.98954E-1 4.4627E-1 3.47702E-1 3.39034E-1 3.18398E-1 2.15117E-1 2.12017E-1 2.12978E-1 2.08683E-1 1.90962E-1 2.62142E-1 3.08754E-1 3.36271E-1 3.78763E-1 3.49899E-1 3.16436E-1 2.36395E-1 1.44682E-1 3.16565E-1 4.30992E-1 2.78575E-1 2.43541E-1 3.16111E-1
-9999 -9999 -9999 -9999 -9999 -9999 -9999 -9999 -9999 -9999 -9999 -9999 -9999 -9999 -9999 7.08204E-1 5.48878E-1 6.70031E-1 7.10421E-1 6.87268E-1 6.72349E-1 6.48761E-1 6.03996E-1 6.13371E-1 6.30937E-1 6.21855E-1 6.25078E-1 5.96465E-1 6.29696E-1 6.22224E-1 6.19944E-1 6.46574E-1 6.19108E-1 5.99556E-1 6.23063E-1 6.06892E-1 6.06722E-1 6.19006E-1 6.22285E-1 5.85917E-1 4.70269E-1 4.26752E-1 2.67622E-1 3.32093E-1 3.30113E-1 3.12405E-1 4.11676E-1 4.33182E-1 5.16897E-1 4.0452E-1 3.60278E-1 3.98349E-1 2.84046E-1 1.95041E-1 2.16883E-1 1.90913E-1 1.81045E-1 1.86344E-1 2.1491E-1 2.9143E-1 3.65971E-1 2.57468E-1 3.244E-1 3.68831E-1 3.46446E-1 2.76882E-1 1.54922E-1 2.53342E-1 4.32618E-1 2.27984E-1 2.14438E-1 2.36491E-1
-9999 -9999 -9999 -9999 -9999 -9999 -9999 -9999 -9999 -9999 -9999 -9999 -9999 -9999 -9999 -9999 6.68512E-1 7.12071E-1 -9999 -9999 -9999 6.56319E-1 6.6437E-1 6.48891E-1 6.71746E-1 6.82899E-1 6.66918E-1 6.1241E-1 6.39032E-1 6.55271E-1 6.53866E-1 6.50831E-1 6.4675E-1 6.17297E-1 6.51123E-1 6.38628E-1 6.14484E-1 6.10228E-1 6.3471E-1 5.95995E-1 4.09885E-1 3.5355E-1 3.47185E-1 3.24361E-1 4.69234E-1 3.82699E-1 4.6361E-1 5.1453E-1 3.9493E-1 4.12747E-1 3.44517E-1 3.00465E-1 2.21187E-1 2.58517E-1 2.39629E-1 2.6062E-1 2.63383E-1 2.48372E-1 2.39982E-1 2.53456E-1 3.31685E-1 3.59562E-1 3.439E-1 3.82838E-1 3.71524E-1 2.7261E-1 1.35479E-1 2.77195E-1 4.10665E-1 4.03837E-1 2.12918E-1 2.24549E-1
-9999 -9999 -9999 -9999 -9999 -9999 -9999 -9999 -9999 -9999 -9999 -9999 -9999 -9999 -9999 -9999 -9999 -9999 -9999 -9999 -9999 6.54126E-1 6.59029E-1 6.16545E-1 6.58137E-1 6.58661E-1 6.65285E-1 6.72228E-1 6.55263E-1 6.53337E-1 6.71255E-1 6.72472E-1 6.6215E-1 6.40624E-1 6.65462E-1 6.27246E-1 6.34372E-1 6.40898E-1 6.59896E-1 6.34465E-1 5.38421E-1 3.27848E-1 5.00494E-1 4.24647E-1 4.53177E-1 4.30609E-1 3.93346E-1 5.11822E-1 3.45613E-1 3.46437E-1 3.78728E-1 2.97361E-1 2.57077E-1 3.34656E-1 2.71993E-1 3.38194E-1 2.89648E-1 2.58931E-1 2.62869E-1 2.06117E-1 2.96321E-1 3.49456E-1 3.399E-1 3.71568E-1 2.3293E-1 2.6738E-1 2.11172E-1 3.16342E-1 3.22931E-1 3.71725E-1 3.72148E-1 2.38822E-1
-9999 -9999 -9999 -9999 -9999 -9999 -9999 -9999 -9999 -9999 -9999 -9999 -9999 -9999 -9999 -9999 -9999 -9999 -9999 -9999 -9999 6.50342E-1 6.18637E-1 6.28536E-1 6.16908E-1 6.57986E-1 6.65763E-1 6.74164E-1 6.48815E-1 6.81978E-1 6.58042E-1 6.27054E-1 6.68271E-1 6.59327E-1 6.56119E-1 6.36095E-1 6.66749E-1 6.68902E-1 6.60033E-1 6.42308E-1 6.10236E-1 4.15284E-1 4.32989E-1 6.62721E-1 3.89106E-1 4.16179E-1 3.92732E-1 5.29105E-1 4.14837E-1 2.81516E-1 2.38979E-1 3.35215E-1 2.26668E-1 3.60529E-1 3.75125E-1 3.67117E-1 3.29795E-1 2.80805E-1 2.68516E-1 2.25787E-1 2.39832E-1 2.60039E-1 2.14547E-1 2.84025E-1 2.93469E-1 2.99199E-1 2.87753E-1 3.80058E-1 3.52727E-1 3.40935E-1 4.5748E-1 2.18885E-1
-9999 -9999 -9999 -9999 -9999 -9999 -9999 -9999 -9999 -9999 -9999 -9999 -9999 -9999 -9999 -9999 -9999 5.81334E-1 4.79174E-1 5.77792E-1 5.85093E-1 6.19603E-1 6.17912E-1 6.37253E-1 6.60551E-1 6.68396E-1 6.64533E-1 6.75123E-1 6.82436E-1 6.52348E-1 6.20416E-1 6.43768E-1 6.7747E-1 6.66704E-1 6.54288E-1 6.69577E-1 -9999 -9999 6.51613E-1 -9999 6.04891E-1 6.03806E-1 4.09395E-1 6.12952E-1 4.2031E-1 4.11148E-1 3.72598E-1 3.9048E-1 5.15282E-1 3.45976E-1 2.09741E-1 2.59529E-1 2.40161E-1 3.54131E-1 3.88106E-1 3.8037E-1 3.50077E-1 2.20428E-1 2.40992E-1 2.50748E-1 2.20883E-1 2.45722E-1 2.0426E-1 1.82482E-1 2.77729E-1 2.19458E-1 2.49219E-1 4.51449E-1 4.58118E-1 4.87837E-1 5.18227E-1 4.32946E-1
-9999 -9999 -9999 -9999 -9999 -9999 -9999 -9999 -9999 -9999 -9999 -9999 -9999 -9999 -9999 -9999 -9999 5.58854E-1 3.32708E-1 4.08288E-1 4.54228E-1 4.74904E-1 4.47341E-1 5.30735E-1 5.90789E-1 6.25235E-1 6.43468E-1 6.73073E-1 6.50832E-1 6.37761E-1 6.31875E-1 6.37922E-1 6.67158E-1 6.97705E-1 6.8699E-1 6.96996E-1 -9999 -9999 -9999 -9999 6.28138E-1 -9999 4.60212E-1 4.69283E-1 6.37061E-1 4.78327E-1 4.52635E-1 2.89733E-1 3.75294E-1 4.5348E-1 2.55755E-1 2.38076E-1 3.63721E-1 3.41359E-1 3.89543E-1 3.65605E-1 3.54592E-1 3.02766E-1 2.44186E-1 2.59339E-1 2.51587E-1 2.47363E-1 2.28706E-1 2.69699E-1 2.3781E-1 2.30321E-1 3.1018E-1 3.5708E-1 5.08971E-1 4.84299E-1 5.3697E-1 5.11553E-1
-9999 -9999 -9999 -9999 -9999 -9999 -9999 -9999 -9999 -9999 -9999 -9999 -9999 -9999 -9999 -9999 -9999 6.47476E-1 3.63611E-1 3.79195E-1 3.78554E-1 4.12476E-1 3.80577E-1 3.89635E-1 4.52483E-1 5.64702E-1 6.3733E-1 6.34485E-1 6.64803E-1 6.87873E-1 6.57198E-1 6.3556E-1 6.74909E-1 7.06541E-1 -9999 -9999 -9999 -9999 -9999 -9999 -9999 -9999 -9999 5.64982E-1 5.89489E-1 5.32749E-1 5.16718E-1 3.98472E-1 2.83489E-1 2.56385E-1 3.71164E-1 3.38119E-1 4.34115E-1 3.71081E-1 3.38484E-1 2.95108E-1 3.33471E-1 3.44934E-1 2.97153E-1 3.36842E-1 2.77648E-1 2.49834E-1 2.52325E-1 3.05113E-1 3.2176E-1 2.98621E-1 3.10053E-1 3.51138E-1 4.63712E-1 3.93007E-1 3.76758E-1 4.02553E-1
-9999 -9999 -9999 -9999 -9999 -9999 -9999 -9999 -9999 -9999 -9999 -9999 -9999 -9999 -9999 -9999 -9999 -9999 5.46647E-1 3.46296E-1 3.41068E-1 3.54604E-1 3.41443E-1 3.46154E-1 3.94195E-1 4.55006E-1 5.82186E-1 6.38088E-1 6.64308E-1 6.88689E-1 6.80862E-1 6.50129E-1 6.7607E-1 6.83593E-1 -9999 -9999 -9999 -9999 -9999 -9999 -9999 -9999 -9999 -9999 6.19169E-1 5.14408E-1 4.4964E-1 3.66311E-1 3.41E-1 3.39455E-1 4.75101E-1 4.89059E-1 4.05512E-1 4.78347E-1 3.53628E-1 2.85431E-1 2.8052E-1 2.79779E-1 3.50757E-1 2.27826E-1 2.39989E-1 2.88144E-1 2.96316E-1 2.76907E-1 3.13323E-1 3.54329E-1 3.43107E-1 3.65352E-1 3.71757E-1 3.31571E-1 4.76638E-1 2.36117E-1
-9999 -9999 -9999 -9999 -9999 -9999 -9999 -9999 -9999 -9999 -9999 -9999 -9999 -9999 -9999 -9999 -9999 -9999 6.4036E-1 3.7592E-1 2.95003E-1 2.96448E-1 2.78302E-1 2.88158E-1 3.25567E-1 4.04235E-1 4.8694E-1 6.72178E-1 6.78452E-1 6.96336E-1 7.1067E-1 6.50573E-1 6.67431E-1 6.89895E-1 6.62408E-1 -9999 -9999 -9999 -9999 -9999 -9999 -9999 -9999 -9999 -9999 4.64803E-1 4.27141E-1 3.83765E-1 5.69098E-1 5.37268E-1 5.85281E-1 5.83005E-1 4.12185E-1 3.42019E-1 2.6002E-1 2.09902E-1 2.54999E-1 2.28956E-1 2.83433E-1 3.84871E-1 3.43731E-1 3.05313E-1 2.82947E-1 3.04055E-1 2.25394E-1 2.45483E-1 3.41711E-1 3.5585E-1 3.57979E-1 3.03233E-1 3.12349E-1 5.29638E-1
-9999 -9999 -9999 -9999 -9999 -9999 -9999 -9999 -9999 -9999 -9999 -9999 -9999 -9999 -9999 -9999 -9999 -9999 6.02263E-1 4.30128E-1 2.6758E-1 2.3702E-1 2.28413E-1 2.64206E-1 3.04496E-1 3.6349E-1 4.57716E-1 6.30384E-1 6.523E-1 6.76307E-1 6.86351E-1 7.01031E-1 6.80429E-1 6.8647E-1 6.94927E-1 -9999 -9999 -9999 -9999 -9999 -9999 -9999 -9999 -9999 -9999 4.97916E-1 5.76539E-1 6.06848E-1 5.70969E-1 6.41175E-1 6.24818E-1 5.21124E-1 3.33894E-1 2.28183E-1 3.01708E-1 3.51965E-1 3.35068E-1 3.89938E-1 3.84065E-1 3.39363E-1 3.9696E-1 4.07916E-1 4.04739E-1 3.10661E-1 2.69958E-1 2.77478E-1 1.71963E-1 2.83918E-1 2.87437E-1 2.70441E-1 2.39288E-1 5.31012E-1
-9999 -9999 -9999 -9999 -9999 -9999 -9999 -9999 -9999 -9999 -9999 -9999 -9999 -9999 -9999 -9999 -9999 -9999 -9999 6.2144E-1 3.1471E-1 2.53878E-1 2.53902E-1 2.51978E-1 2.34258E-1 3.41786E-1 3.67104E-1 4.79185E-1 6.26895E-1 6.91655E-1 6.86391E-1 7.00186E-1 6.98855E-1 7.04224E-1 7.4398E-1 -9999 -9999 -9999 -9999 -9999 -9999 -9999 -9999 -9999 -9999 -9999 6.16015E-1 -9999 6.21269E-1 6.31336E-1 5.45627E-1 4.27367E-1 3.3471E-1 2.66577E-1 3.09431E-1 4.0867E-1 4.91686E-1 4.57616E-1 5.10044E-1 4.71553E-1 3.47157E-1 3.67753E-1 3.33382E-1 2.50873E-1 1.46868E-1 3.38996E-1 3.85386E-1 1.34237E-1 1.15226E-1 1.0143E-1 2.45987E-1 2.59847E-1
-9999 -9999 -9999 -9999 -9999 -9999 -9999 -9999 -9999 -9999 -9999 -9999 -9999 -9999 -9999 -9999 -9999 -9999 6.12582E-1 6.47587E-1 4.88956E-1 3.27566E-1 2.67001E-1 2.3746E-1 2.37349E-1 3.18391E-1 3.7352E-1 4.21694E-1 4.97486E-1 6.86046E-1 7.16923E-1 7.06148E-1 7.03461E-1 7.1656E-1 -9999 -9999 -9999 -9999 -9999 -9999 -9999 -9999 -9999 -9999 -9999 -9999 -9999 -9999 6.1577E-1 4.73813E-1 4.06907E-1 6.0049E-1 3.03604E-1 3.28535E-1 4.36183E-1 3.9346E-1 5.56965E-1 -9999 5.78649E-1 5.4054E-1 2.89428E-1 2.24993E-1 3.02619E-1 3.37231E-1 5.20725E-1 5.27274E-1 5.7069E-1 4.39318E-1 3.27813E-1 3.99206E-1 3.89876E-1 3.40031E-1
-9999 -9999 -9999 -9999 -9999 -9999 -9999 -9999 -9999 -9999 -9999 -9999 -9999 -9999 -9999 -9999 -9999 -9999 -9999 6.27247E-1 4.90883E-1 3.26975E-1 2.46905E-1 2.42423E-1 2.71348E-1 2.85914E-1 2.79382E-1 2.96737E-1 4.10407E-1 6.11675E-1 7.40724E-1 7.28241E-1 7.27579E-1 -9999 -9999 7.1686E-1 7.14978E-1 -9999 -9999 -9999 -9999 -9999 -9999 -9999 -9999 -9999 -9999 -9999 -9999 4.97E-1 3.53067E-1 5.31387E-1 6.19518E-1 5.18164E-1 3.61054E-1 5.61752E-1 6.1725E-1 5.80196E-1 5.78431E-1 4.6033E-1 2.90873E-1 3.17725E-1 4.58724E-1 5.81697E-1 5.52334E-1 5.42634E-1 5.36168E-1 5.03964E-1 5.59106E-1 4.7317E-1 4.39794E-1 2.28771E-1
-9999 -9999 -9999 -9999 -9999 -9999 -9999 -9999 -9999 -9999 -9999 -9999 -9999 -9999 -9999 -9999 -9999 -9999 -9999 -9999 6.84407E-1 4.08525E-1 3.24718E-1 3.54233E-1 3.89261E-1 3.76566E-1 3.03628E-1 2.94679E-1 3.95014E-1 5.52454E-1 7.3751E-1 7.44282E-1 7.30141E-1 -9999 7.15476E-1 7.14888E-1 7.15134E-1 -9999 -9999 -9999 -9999 -9999 -9999 -9999 -9999 -9999 -9999 -9999 -9999 -9999 -9999 -9999 6.40032E-1 5.73174E-1 5.48442E-1 3.76731E-1 6.07247E-1 4.2192E-1 5.54143E-1 4.8499E-1 3.34578E-1 3.25544E-1 -9999 5.70681E-1 5.28021E-1 5.27388E-1 5.22161E-1 5.22174E-1 5.14944E-1 4.26833E-1 4.96357E-1 5.33451E-1
-9999 -9999 -9999 -9999 -9999 -9999 -9999 -9999 -9999 -9999 -9999 -9999 -9999 -9999 -9999 -9999 -9999 -9999 -9999 -9999 -9999 6.42421E-1 5.30642E-1 4.22451E-1 5.39695E-1 7.02863E-1 6.38612E-1 5.05712E-1 5.06055E-1 5.82053E-1 6.76055E-1 7.21259E-1 7.32287E-1 -9999 -9999 -9999 -9999 -9999 -9999 -9999 -9999 -9999 -9999 -9999 -9999 -9999 -9999 -9999 -9999 -9999 -9999 -9999 -9999 -9999 -9999 -9999 -9999 -9999 -9999 -9999 -9999 -9999 5.66349E-1 5.62121E-1 5.45893E-1 5.40849E-1 5.17483E-1 5.17056E-1 5.15976E-1 5.19607E-1 5.37979E-1 4.45215E-1
-9999 -9999 -9999 -9999 -9999 -9999 -9999 -9999 -9999 -9999 -9999 -9999 -9999 -9999 -9999 -9999 -9999 -9999 -9999 -9999 -9999 6.20956E-1 6.76626E-1 6.83407E-1 6.98328E-1 -9999 -9999 -9999 -9999 -9999 -9999 7.2062E-1 6.41384E-1 -9999 -9999 -9999 -9999 -9999 -9999 -9999 -9999 -9999 -9999 -9999 -9999 -9999 -9999 -9999 -9999 -9999 -9999 -9999 -9999 -9999 -9999 -9999 -9999 -9999 -9999 -9999 -9999 -9999 5.71764E-1 5.40443E-1 5.39228E-1 5.46391E-1 5.43063E-1 5.49673E-1 5.54857E-1 5.57603E-1 5.48578E-1 4.92685E-1
-9999 -9999 -9999 -9999 -9999 -9999 -9999 -9999 -9999 -9999 -9999 -9999 -9999 -9999 -9999 -9999 -9999 -9999 -9999 -9999 -9999 -9999 -9999 -9999 -9999 -9999 -9999 -9999 -9999 -9999 -9999 7.14243E-1 6.83367E-1 6.94942E-1 -9999 -9999 -9999 -9999 -9999 -9999 -9999 -9999 -9999 -9999 -9999 -9999 -9999 -9999 -9999 -9999 -9999 -9999 -9999 -9999 -9999 -9999 -9999 -9999 -9999 -9999 -9999 -9999 -9999 5.55276E-1 5.66663E-1 5.45361E-1 5.48827E-1 5.64925E-1 5.68436E-1 5.76102E-1 5.62187E-1 5.17817E-1
-9999 -9999 -9999 -9999 -9999 -9999 -9999 -9999 -9999 -9999 -9999 -9999 -9999 -9999 -9999 -9999 -9999 -9999 -9999 -9999 -9999 -9999 -9999 -9999 -9999 -9999 -9999 -9999 -9999 -9999 -9999 7.14981E-1 7.14428E-1 6.94984E-1 6.83111E-1 6.5679E-1 -9999 -9999 -9999 -9999 -9999 -9999 -9999 -9999 -9999 -9999 -9999 -9999 -9999 -9999 -9999 -9999 -9999 -9999 -9999 -9999 -9999 -9999 -9999 -9999 -9999 -9999 -9999 -9999 -9999 5.55828E-1 5.49533E-1 5.83828E-1 5.77989E-1 4.88587E-1 4.07026E-1 4.06353E-1
-9999 -9999 -9999 -9999 -9999 -9999 -9999 -9999 -9999 -9999 -9999 -9999 -9999 -9999 -9999 -9999 -9999 -9999 -9999 -9999 -9999 -9999 -9999 -9999 -9999 -9999 -9999 -9999 -9999 -9999 -9999 -9999 -9999 6.99241E-1 7.10534E-1 6.5051E-1 6.85312E-1 7.36777E-1 -9999 -9999 -9999 -9999 -9999 -9999 -9999 -9999 -9999 -9999 -9999 -9999 -9999 -9999 -9999 -9999 -9999 -9999 -9999 -9999 -9999 -9999 -9999 -9999 -9999 -9999 -9999 5.83998E-1 5.67461E-1 5.35972E-1 3.35337E-1 2.78803E-1 2.09707E-1 2.4601E-1
-9999 -9999 -9999 -9999 -9999 -9999 -9999 -9999 -9999 -9999 -9999 -9999 -9999 -9999 -9999 -9999 -9999 -9999 -9999 -9999 -9999 -9999 -9999 -9999 -9999 -9999 -9999 -9999 -9999 -9999 -9999 -9999 -9999 -9999 6.9754E-1 7.01477E-1 7.38498E-1 7.20463E-1 7.17452E-1 -9999 -9999 -9999 -9999 -9999 -9999 -9999 -9999 -9999 -9999 -9999 -9999 -9999 -9999 -9999 -9999 -9999 -9999 -9999 -9999 -9999 -9999 -9999 -9999 -9999 -9999 -9999 -9999 5.78205E-1 5.86633E-1 5.82729E-1 5.05545E-1 4.81895E-1
