Artocarpus altilis SDM files/MIS19/results (with bias file)/Artalt_6.asc
ncols         1201
nrows         481
xllcorner     119.99986351115
yllcorner     -15.00013828885
cellsize      0.041666667
NODATA_value  -9999
[rows 160 to 191 of 481, columns 432 to 503 of 1201]
3.89833E-1 3.91402E-1 3.91605E-1 3.90571E-1 3.9786E-1 3.41001E-1 3.5113E-1 -9999 -9999 -9999 -9999 -9999 -9999 -9999 -9999 -9999 -9999 -9999 -9999 3.21985E-1 -9999 -9999 -9999 -9999 -9999 -9999 -9999 -9999 -9999 -9999 -9999 -9999 -9999 -9999 -9999 -9999 -9999 -9999 -9999 -9999 -9999 -9999 -9999 -9999 -9999 -9999 -9999 -9999 -9999 -9999 -9999 -9999 -9999 -9999 -9999 -9999 -9999 -9999 -9999 -9999 -9999 -9999 -9999 -9999 -9999 -9999 -9999 -9999 -9999 -9999 -9999 -9999
3.84076E-1 3.83942E-1 3.87049E-1 3.87931E-1 3.89563E-1 3.88821E-1 3.9362E-1 3.49859E-1 3.71319E-1 -9999 -9999 -9999 -9999 -9999 -9999 -9999 -9999 -9999 3.31521E-1 3.66718E-1 -9999 -9999 -9999 -9999 -9999 -9999 -9999 -9999 -9999 -9999 -9999 -9999 -9999 -9999 -9999 -9999 -9999 -9999 -9999 -9999 -9999 -9999 -9999 -9999 -9999 -9999 -9999 -9999 -9999 -9999 -9999 -9999 -9999 -9999 -9999 -9999 -9999 -9999 -9999 -9999 -9999 -9999 -9999 -9999 -9999 -9999 -9999 -9999 -9999 -9999 -9999 -9999
4.53871E-1 4.55529E-1 4.65391E-1 4.67049E-1 4.60894E-1 4.70412E-1 4.55415E-1 3.96653E-1 4.13103E-1 4.16238E-1 4.27554E-1 3.6577E-1 -9999 -9999 -9999 -9999 -9999 -9999 -9999 -9999 -9999 -9999 -9999 -9999 -9999 -9999 -9999 -9999 -9999 -9999 -9999 -9999 -9999 -9999 -9999 -9999 -9999 -9999 -9999 -9999 -9999 -9999 -9999 -9999 -9999 -9999 -9999 -9999 -9999 -9999 -9999 -9999 -9999 -9999 -9999 -9999 -9999 -9999 -9999 -9999 -9999 -9999 -9999 -9999 -9999 -9999 -9999 -9999 -9999 -9999 -9999 -9999
4.74859E-1 4.4411E-1 4.57982E-1 4.87617E-1 4.73372E-1 4.8721E-1 4.8647E-1 4.7993E-1 4.82947E-1 4.81739E-1 4.87405E-1 4.89554E-1 4.18211E-1 4.22686E-1 4.31744E-1 4.41938E-1 -9999 -9999 -9999 -9999 -9999 -9999 -9999 -9999 -9999 -9999 -9999 -9999 -9999 -9999 -9999 -9999 -9999 -9999 -9999 -9999 -9999 -9999 -9999 -9999 -9999 -9999 -9999 -9999 -9999 -9999 -9999 -9999 -9999 -9999 -9999 -9999 -9999 -9999 -9999 -9999 -9999 -9999 -9999 -9999 -9999 -9999 -9999 -9999 -9999 -9999 -9999 -9999 -9999 -9999 -9999 -9999
4.4276E-1 4.54487E-1 4.92352E-1 5.00468E-1 5.16963E-1 4.90351E-1 4.94802E-1 5.08708E-1 5.05707E-1 5.14245E-1 5.28189E-1 5.3311E-1 5.07554E-1 5.03415E-1 4.95088E-1 4.91245E-1 4.31807E-1 3.86109E-1 -9999 -9999 -9999 -9999 -9999 -9999 -9999 -9999 -9999 -9999 -9999 -9999 -9999 -9999 -9999 -9999 -9999 -9999 -9999 -9999 -9999 -9999 -9999 -9999 -9999 -9999 -9999 -9999 -9999 -9999 -9999 -9999 -9999 -9999 -9999 -9999 -9999 -9999 -9999 -9999 -9999 -9999 -9999 -9999 -9999 -9999 -9999 -9999 -9999 -9999 -9999 -9999 -9999 -9999
3.97917E-1 4.16201E-1 4.54967E-1 4.84416E-1 4.83013E-1 4.84366E-1 4.45497E-1 4.66498E-1 4.6529E-1 4.32588E-1 3.98815E-1 4.94051E-1 4.68707E-1 4.83649E-1 5.21075E-1 5.06313E-1 4.97696E-1 4.34795E-1 3.96915E-1 -9999 -9999 -9999 -9999 -9999 -9999 -9999 -9999 -9999 -9999 -9999 -9999 -9999 -9999 -9999 -9999 -9999 -9999 -9999 -9999 -9999 -9999 -9999 -9999 -9999 -9999 -9999 -9999 -9999 -9999 -9999 -9999 -9999 -9999 -9999 -9999 -9999 -9999 -9999 -9999 -9999 -9999 -9999 -9999 -9999 -9999 -9999 -9999 -9999 -9999 -9999 -9999 -9999
4.8453E-1 4.68167E-1 4.60928E-1 4.81797E-1 4.4914E-1 4.21528E-1 3.63891E-1 4.09702E-1 3.31559E-1 2.95859E-1 4.35747E-1 3.45487E-1 4.21528E-1 5.05762E-1 5.12037E-1 5.4008E-1 5.18861E-1 5.15453E-1 5.09354E-1 4.60113E-1 -9999 -9999 -9999 -9999 -9999 -9999 -9999 -9999 -9999 -9999 -9999 -9999 -9999 -9999 -9999 -9999 -9999 -9999 -9999 -9999 -9999 -9999 -9999 -9999 -9999 -9999 -9999 -9999 -9999 -9999 -9999 -9999 -9999 -9999 -9999 -9999 -9999 -9999 -9999 -9999 -9999 -9999 -9999 -9999 -9999 -9999 -9999 -9999 -9999 -9999 -9999 -9999
4.40653E-1 4.72003E-1 4.39706E-1 4.408E-1 4.40943E-1 4.32247E-1 3.61771E-1 2.66274E-1 2.32758E-1 3.07941E-1 4.01833E-1 3.12973E-1 4.41612E-1 4.62169E-1 4.88188E-1 4.81508E-1 5.33582E-1 5.55786E-1 5.39453E-1 5.50173E-1 4.96529E-1 4.89247E-1 4.48757E-1 4.28379E-1 4.2205E-1 -9999 -9999 -9999 -9999 -9999 -9999 -9999 -9999 -9999 -9999 -9999 -9999 -9999 -9999 -9999 -9999 -9999 -9999 -9999 -9999 -9999 -9999 -9999 -9999 -9999 -9999 -9999 -9999 -9999 -9999 -9999 -9999 -9999 -9999 -9999 -9999 -9999 -9999 -9999 -9999 -9999 -9999 -9999 -9999 -9999 -9999 -9999
3.34693E-1 3.74844E-1 3.51422E-1 3.9035E-1 3.77164E-1 4.00045E-1 4.14333E-1 3.20997E-1 2.20437E-1 2.44672E-1 2.75349E-1 3.93687E-1 4.05643E-1 4.12221E-1 3.68542E-1 4.39761E-1 4.99196E-1 5.49278E-1 6.1201E-1 6.17463E-1 4.92513E-1 5.84606E-1 5.66013E-1 4.92643E-1 5.05006E-1 4.50587E-1 -9999 4.38418E-1 -9999 -9999 -9999 -9999 -9999 -9999 -9999 -9999 -9999 -9999 -9999 -9999 -9999 -9999 -9999 -9999 -9999 -9999 -9999 -9999 -9999 -9999 -9999 -9999 -9999 -9999 -9999 -9999 -9999 -9999 -9999 -9999 -9999 -9999 -9999 -9999 -9999 -9999 -9999 -9999 -9999 -9999 -9999 -9999
3.74779E-1 3.15904E-1 2.76207E-1 2.49124E-1 3.73325E-1 3.61692E-1 4.32526E-1 3.71764E-1 3.32868E-1 1.8676E-1 2.6573E-1 3.01818E-1 4.38502E-1 4.3561E-1 3.56723E-1 3.65472E-1 4.54081E-1 5.37128E-1 5.96129E-1 3.37221E-1 2.42733E-1 5.19774E-1 5.93857E-1 5.94512E-1 5.73695E-1 5.0868E-1 5.23266E-1 4.46877E-1 -9999 4.6914E-1 4.7362E-1 -9999 -9999 -9999 -9999 -9999 -9999 -9999 -9999 -9999 -9999 -9999 -9999 -9999 -9999 -9999 -9999 -9999 -9999 -9999 -9999 -9999 -9999 -9999 -9999 -9999 -9999 -9999 -9999 -9999 -9999 -9999 -9999 -9999 -9999 -9999 -9999 -9999 -9999 -9999 -9999 -9999
3.86097E-1 3.774E-1 3.51037E-1 2.59024E-1 2.29917E-1 3.50627E-1 4.03285E-1 4.1449E-1 3.94389E-1 2.4449E-1 2.21786E-1 2.63757E-1 3.73928E-1 3.93728E-1 4.11014E-1 3.78947E-1 3.98116E-1 5.10905E-1 5.5562E-1 2.06001E-1 4.37343E-1 5.55116E-1 5.80523E-1 5.57136E-1 6.04433E-1 6.14133E-1 5.91118E-1 5.96771E-1 5.30205E-1 4.73797E-1 -9999 -9999 -9999 -9999 -9999 -9999 -9999 -9999 -9999 -9999 -9999 -9999 -9999 -9999 -9999 -9999 -9999 -9999 -9999 -9999 -9999 -9999 -9999 -9999 -9999 -9999 -9999 -9999 -9999 -9999 -9999 -9999 -9999 -9999 -9999 -9999 -9999 -9999 -9999 -9999 -9999 -9999
3.33607E-1 3.51015E-1 3.45232E-1 3.16755E-1 1.76917E-1 1.75123E-1 3.14867E-1 4.26346E-1 4.06232E-1 2.99104E-1 1.8061E-1 1.72332E-1 2.63761E-1 1.95263E-1 3.10009E-1 4.07911E-1 3.48107E-1 4.67993E-1 4.84111E-1 3.1011E-1 4.64676E-1 5.64893E-1 5.69529E-1 5.23321E-1 5.76973E-1 6.3308E-1 5.98927E-1 6.22017E-1 6.05798E-1 5.35376E-1 4.86864E-1 4.90867E-1 -9999 -9999 4.4942E-1 4.50864E-1 4.5164E-1 -9999 -9999 -9999 -9999 -9999 -9999 -9999 -9999 -9999 -9999 -9999 -9999 -9999 -9999 -9999 -9999 -9999 -9999 -9999 -9999 -9999 -9999 -9999 -9999 -9999 -9999 -9999 -9999 -9999 -9999 -9999 -9999 -9999 -9999 -9999
3.42008E-1 2.86782E-1 2.71538E-1 3.431E-1 2.53222E-1 2.05995E-1 1.787E-1 3.42049E-1 4.05847E-1 3.4351E-1 2.65781E-1 2.17179E-1 2.50429E-1 2.02258E-1 2.2977E-1 2.9792E-1 2.78766E-1 4.07232E-1 4.20139E-1 4.56729E-1 5.30287E-1 5.48058E-1 5.4929E-1 5.45819E-1 5.89784E-1 6.03593E-1 6.12209E-1 6.02625E-1 6.00866E-1 6.31914E-1 6.27241E-1 5.53471E-1 5.69649E-1 5.13454E-1 -9999 -9999 5.29341E-1 -9999 -9999 -9999 -9999 -9999 -9999 -9999 -9999 -9999 -9999 -9999 -9999 -9999 -9999 -9999 -9999 -9999 -9999 -9999 -9999 -9999 -9999 -9999 -9999 -9999 -9999 -9999 -9999 -9999 -9999 -9999 -9999 -9999 -9999 -9999
3.3354E-1 3.00122E-1 3.18836E-1 2.439E-1 2.58776E-1 1.76193E-1 2.08636E-1 1.68512E-1 3.20921E-1 4.04701E-1 3.87454E-1 3.31351E-1 2.76204E-1 3.22301E-1 2.26732E-1 2.04993E-1 2.9741E-1 3.8255E-1 3.24325E-1 4.14973E-1 4.81937E-1 5.76954E-1 5.68795E-1 5.6131E-1 6.01033E-1 6.18414E-1 6.30076E-1 5.939E-1 5.63082E-1 6.15334E-1 6.53934E-1 6.3508E-1 6.57164E-1 6.58494E-1 5.89157E-1 5.1743E-1 5.507E-1 -9999 -9999 -9999 -9999 -9999 -9999 -9999 -9999 -9999 -9999 -9999 -9999 -9999 -9999 -9999 -9999 -9999 -9999 -9999 -9999 -9999 -9999 -9999 -9999 -9999 -9999 -9999 -9999 -9999 -9999 -9999 -9999 -9999 -9999 -9999
2.08754E-1 2.80553E-1 3.40013E-1 3.10699E-1 2.28312E-1 2.58305E-1 2.34418E-1 2.80583E-1 2.9749E-1 3.89505E-1 3.96416E-1 3.97314E-1 3.78193E-1 2.88068E-1 3.17213E-1 2.02679E-1 2.06594E-1 2.92138E-1 2.82868E-1 2.66258E-1 4.67583E-1 5.45641E-1 5.26209E-1 4.31116E-1 3.56331E-1 3.74625E-1 3.11133E-1 2.77127E-1 2.43318E-1 5.55911E-1 5.79431E-1 6.34386E-1 7.11249E-1 7.25802E-1 7.16343E-1 6.69556E-1 5.95813E-1 5.51733E-1 -9999 -9999 -9999 -9999 -9999 -9999 -9999 -9999 -9999 -9999 -9999 -9999 -9999 -9999 -9999 -9999 -9999 -9999 -9999 -9999 -9999 -9999 -9999 -9999 -9999 -9999 -9999 -9999 -9999 -9999 -9999 -9999 -9999 -9999
3.0916E-1 2.9325E-1 2.57186E-1 1.9713E-1 1.78098E-1 2.0798E-1 2.65549E-1 2.4181E-1 3.1845E-1 3.29891E-1 3.99538E-1 4.08553E-1 4.01282E-1 3.67543E-1 3.2001E-1 2.35615E-1 3.0419E-1 3.30861E-1 3.63957E-1 3.85174E-1 4.6311E-1 4.02112E-1 2.65533E-1 2.16186E-1 1.94032E-1 2.21823E-1 2.8341E-1 3.31401E-1 3.87246E-1 4.88887E-1 4.47671E-1 6.00236E-1 6.39475E-1 6.77268E-1 5.69331E-1 5.20469E-1 6.57295E-1 6.02296E-1 5.44201E-1 5.66217E-1 -9999 -9999 -9999 -9999 -9999 -9999 -9999 -9999 -9999 -9999 -9999 -9999 -9999 -9999 -9999 -9999 -9999 -9999 -9999 -9999 -9999 -9999 -9999 -9999 -9999 -9999 -9999 -9999 -9999 -9999 -9999 -9999
3.96979E-1 3.48127E-1 2.42394E-1 2.22336E-1 1.75865E-1 1.99974E-1 2.14669E-1 1.6504E-1 2.93744E-1 2.58001E-1 2.92517E-1 3.83877E-1 3.64603E-1 3.92104E-1 2.96652E-1 2.04639E-1 2.92096E-1 4.21782E-1 4.48075E-1 4.7379E-1 4.92995E-1 4.79004E-1 4.75072E-1 4.53965E-1 4.30216E-1 4.65686E-1 5.02349E-1 5.44564E-1 5.52605E-1 5.62777E-1 5.1702E-1 5.7261E-1 6.47162E-1 6.36813E-1 6.22216E-1 5.99146E-1 5.21042E-1 6.56284E-1 6.12318E-1 6.17431E-1 5.61738E-1 5.69469E-1 -9999 -9999 -9999 -9999 -9999 -9999 -9999 7.35056E-1 7.06309E-1 6.8466E-1 -9999 -9999 -9999 -9999 -9999 -9999 -9999 -9999 -9999 -9999 -9999 -9999 -9999 -9999 -9999 -9999 -9999 -9999 -9999 -9999
3.74961E-1 2.90851E-1 2.56043E-1 2.82831E-1 1.80865E-1 1.69561E-1 1.72337E-1 1.82791E-1 1.73495E-1 2.04623E-1 2.54723E-1 2.76297E-1 3.2881E-1 3.43143E-1 2.79854E-1 2.15522E-1 2.96849E-1 4.17885E-1 4.18329E-1 4.39657E-1 4.15493E-1 4.17915E-1 4.35845E-1 4.38899E-1 5.04589E-1 5.10451E-1 5.32557E-1 5.63042E-1 5.04799E-1 5.5017E-1 5.79486E-1 6.01166E-1 5.83659E-1 6.70759E-1 6.68385E-1 5.7644E-1 5.76403E-1 6.2308E-1 7.0194E-1 7.10924E-1 7.11814E-1 6.43177E-1 6.64138E-1 6.01605E-1 6.14515E-1 6.30724E-1 6.49335E-1 7.52542E-1 7.83315E-1 8.24858E-1 7.26865E-1 7.6742E-1 7.14782E-1 -9999 -9999 -9999 -9999 -9999 -9999 -9999 -9999 -9999 -9999 -9999 -9999 -9999 -9999 -9999 -9999 -9999 -9999 -9999
2.54387E-1 1.81501E-1 1.76064E-1 2.14478E-1 3.05205E-1 2.08565E-1 1.69738E-1 1.86198E-1 1.59114E-1 1.92809E-1 1.57716E-1 2.0806E-1 2.14924E-1 2.46606E-1 2.16649E-1 2.17246E-1 3.10264E-1 3.89172E-1 3.84522E-1 3.5988E-1 2.084E-1 2.91231E-1 3.26695E-1 3.45371E-1 4.73614E-1 5.13243E-1 5.12821E-1 5.04711E-1 5.0915E-1 4.09457E-1 4.97723E-1 5.62281E-1 4.70239E-1 5.58937E-1 6.11914E-1 5.99297E-1 5.94741E-1 6.19127E-1 7.21827E-1 7.6543E-1 7.12172E-1 6.93592E-1 7.14903E-1 7.27894E-1 6.67494E-1 6.83243E-1 6.97205E-1 7.26985E-1 8.36626E-1 8.22134E-1 4.21182E-1 4.29193E-1 5.30862E-1 8.62177E-1 8.60317E-1 -9999 9.27133E-1 9.19032E-1 8.15068E-1 -9999 -9999 -9999 -9999 -9999 -9999 -9999 -9999 -9999 -9999 -9999 -9999 -9999
1.63415E-1 1.70292E-1 1.61762E-1 1.6734E-1 2.22591E-1 1.96739E-1 1.78781E-1 1.65779E-1 1.22317E-1 1.28696E-1 1.56636E-1 1.55889E-1 1.53451E-1 1.25475E-1 9.98476E-2 1.44349E-1 1.74155E-1 2.05728E-1 2.68151E-1 2.89617E-1 2.7283E-1 2.8731E-1 2.58762E-1 3.71268E-1 2.78156E-1 4.49871E-1 4.83712E-1 4.5132E-1 4.20644E-1 4.27912E-1 4.32622E-1 4.66745E-1 4.95969E-1 5.3779E-1 6.20829E-1 6.22599E-1 5.93818E-1 5.54941E-1 6.17013E-1 7.19035E-1 6.05219E-1 6.14302E-1 6.98085E-1 7.50333E-1 7.44529E-1 7.58854E-1 7.56627E-1 7.74464E-1 8.038E-1 8.36156E-1 4.95113E-1 5.45548E-1 4.64546E-1 5.10925E-1 6.62938E-1 7.75945E-1 9.31998E-1 6.25465E-1 4.64859E-1 7.86957E-1 8.40895E-1 9.21989E-1 9.24827E-1 8.38942E-1 -9999 -9999 -9999 -9999 -9999 -9999 -9999 -9999
1.64583E-1 1.67624E-1 1.71009E-1 1.81864E-1 1.99814E-1 1.96682E-1 1.50817E-1 1.28159E-1 1.17303E-1 1.15862E-1 1.13512E-1 1.25005E-1 1.0971E-1 9.57916E-2 1.14696E-1 1.38771E-1 1.12329E-1 1.5745E-1 1.73862E-1 1.46721E-1 1.85084E-1 1.79714E-1 2.3377E-1 2.58543E-1 2.88724E-1 3.90047E-1 3.64902E-1 3.26142E-1 4.38343E-1 3.41198E-1 2.68886E-1 3.93098E-1 4.3412E-1 5.3767E-1 6.05133E-1 5.47898E-1 4.60449E-1 5.15247E-1 5.23028E-1 6.66993E-1 6.55526E-1 6.24012E-1 7.01246E-1 6.45904E-1 7.38831E-1 7.75569E-1 7.71365E-1 7.91782E-1 8.06641E-1 8.2461E-1 7.06159E-1 7.23281E-1 5.3971E-1 4.82365E-1 4.37958E-1 5.37759E-1 7.82559E-1 5.93974E-1 4.07018E-1 3.913E-1 4.06776E-1 4.02088E-1 4.28534E-1 5.6782E-1 7.00709E-1 8.65888E-1 -9999 -9999 -9999 -9999 -9999 -9999
1.50448E-1 1.2986E-1 1.26521E-1 1.46587E-1 1.36284E-1 1.686E-1 2.54901E-1 1.84409E-1 1.51326E-1 1.43336E-1 1.37641E-1 1.23292E-1 1.13149E-1 7.89913E-2 7.92248E-2 9.89478E-2 7.36473E-2 9.13862E-2 8.76063E-2 1.05535E-1 1.38328E-1 1.51674E-1 1.41439E-1 1.75705E-1 2.71535E-1 2.54538E-1 2.23741E-1 2.32394E-1 4.02083E-1 2.94456E-1 2.5731E-1 3.18502E-1 3.61071E-1 4.26137E-1 4.50084E-1 4.11486E-1 3.69304E-1 5.51294E-1 6.35538E-1 6.00106E-1 4.51228E-1 6.27691E-1 6.70292E-1 6.15057E-1 6.98864E-1 7.32771E-1 7.46923E-1 7.77065E-1 7.81034E-1 7.78312E-1 8.19191E-1 8.35715E-1 7.66084E-1 5.33622E-1 3.75523E-1 4.33589E-1 5.08715E-1 7.21054E-1 7.14716E-1 4.29765E-1 2.46085E-1 3.04983E-1 2.37529E-1 3.124E-1 4.0123E-1 7.09611E-1 6.80085E-1 -9999 -9999 -9999 -9999 -9999
1.4172E-1 1.62006E-1 1.39229E-1 1.18702E-1 1.40883E-1 1.52857E-1 1.94847E-1 2.44209E-1 1.67892E-1 1.88454E-1 1.7237E-1 1.64557E-1 1.47493E-1 1.06229E-1 1.04677E-1 6.85648E-2 5.39114E-2 7.6825E-2 7.34277E-2 8.81299E-2 8.2657E-2 9.27219E-2 1.13866E-1 1.29073E-1 1.20742E-1 1.06565E-1 1.22578E-1 1.91406E-1 3.35479E-1 3.00765E-1 3.58295E-1 4.05766E-1 4.5961E-1 3.96103E-1 4.45663E-1 4.66757E-1 3.80294E-1 5.33613E-1 6.41049E-1 4.88319E-1 3.59864E-1 5.13331E-1 6.37019E-1 5.53403E-1 6.7823E-1 5.4211E-1 4.0699E-1 6.6605E-1 7.8664E-1 7.78169E-1 8.07532E-1 8.29434E-1 8.25014E-1 7.62895E-1 4.8584E-1 4.21311E-1 3.80824E-1 5.17079E-1 6.76172E-1 7.21566E-1 7.12446E-1 5.08161E-1 4.10518E-1 3.94999E-1 5.62725E-1 7.03259E-1 -9999 -9999 -9999 -9999 -9999 -9999
1.35263E-1 1.35143E-1 1.62429E-1 1.52056E-1 1.63347E-1 1.44196E-1 1.57999E-1 2.09588E-1 2.5088E-1 2.05249E-1 2.59259E-1 2.02555E-1 1.66325E-1 1.47445E-1 1.55914E-1 9.77427E-2 7.16157E-2 1.04305E-1 9.6257E-2 1.00087E-1 1.29558E-1 1.12361E-1 6.43885E-2 6.86418E-2 7.49847E-2 7.84563E-2 1.12604E-1 1.82645E-1 2.58861E-1 2.42489E-1 2.1494E-1 2.88452E-1 2.47775E-1 3.60001E-1 4.63605E-1 5.42996E-1 4.66814E-1 5.36687E-1 5.37108E-1 5.64886E-1 3.94058E-1 3.72176E-1 5.20105E-1 5.84315E-1 4.14761E-1 4.66478E-1 3.8118E-1 3.5646E-1 5.73566E-1 6.91526E-1 7.08859E-1 7.0843E-1 7.06059E-1 8.10355E-1 7.56643E-1 5.86358E-1 4.47565E-1 6.04619E-1 7.8016E-1 7.97581E-1 8.63363E-1 8.76848E-1 8.38101E-1 7.22914E-1 7.529E-1 7.86359E-1 9.06588E-1 8.15887E-1 8.85738E-1 8.94456E-1 8.97638E-1 8.3056E-1
1.72779E-1 1.59424E-1 2.22892E-1 2.85143E-1 2.62005E-1 1.82473E-1 1.48212E-1 1.45516E-1 2.12837E-1 2.82565E-1 2.68304E-1 2.46699E-1 2.22352E-1 1.78926E-1 1.40317E-1 9.43669E-2 1.19924E-1 1.1823E-1 1.04076E-1 1.40271E-1 1.29277E-1 1.36345E-1 1.04209E-1 1.04699E-1 1.06716E-1 1.34306E-1 1.52599E-1 1.52928E-1 1.52366E-1 1.48418E-1 2.0408E-1 2.36455E-1 1.84407E-1 2.44241E-1 2.4966E-1 4.13805E-1 4.39848E-1 5.05364E-1 5.18505E-1 4.80994E-1 4.15087E-1 3.42479E-1 5.13156E-1 4.32469E-1 4.25124E-1 3.49745E-1 2.7709E-1 2.8423E-1 4.10013E-1 3.73636E-1 3.93328E-1 3.35862E-1 3.82029E-1 5.87191E-1 7.08434E-1 8.17488E-1 7.88581E-1 7.1859E-1 7.4399E-1 7.48847E-1 8.49926E-1 8.25274E-1 8.26361E-1 5.37268E-1 5.76828E-1 7.42902E-1 8.62185E-1 8.77073E-1 8.16796E-1 8.79896E-1 8.74296E-1 5.24621E-1
1.90703E-1 1.97063E-1 2.22007E-1 2.08119E-1 1.73035E-1 1.86997E-1 1.7757E-1 2.07042E-1 1.59269E-1 2.20874E-1 2.97361E-1 2.77884E-1 2.53734E-1 2.13245E-1 2.05113E-1 1.75687E-1 1.69285E-1 1.39845E-1 1.33237E-1 1.5574E-1 1.34371E-1 1.32906E-1 1.07584E-1 1.3641E-1 1.67442E-1 1.49507E-1 1.80114E-1 1.80198E-1 2.08137E-1 2.15193E-1 2.35893E-1 2.14181E-1 2.10707E-1 2.23614E-1 2.72106E-1 3.91222E-1 4.63198E-1 4.09491E-1 3.40906E-1 4.03195E-1 4.19537E-1 3.30286E-1 3.70658E-1 3.59748E-1 3.88897E-1 3.63585E-1 3.06642E-1 2.82616E-1 3.268E-1 3.68044E-1 4.06969E-1 3.72303E-1 3.26199E-1 3.84841E-1 4.17436E-1 6.28723E-1 6.97359E-1 5.35271E-1 5.24226E-1 4.835E-1 5.99353E-1 6.82714E-1 7.90427E-1 6.47593E-1 6.4369E-1 5.91883E-1 7.53007E-1 8.92789E-1 8.95042E-1 8.94461E-1 8.8847E-1 8.42627E-1
1.74219E-1 1.98513E-1 2.09988E-1 2.38094E-1 2.39064E-1 2.67562E-1 2.51572E-1 2.47528E-1 2.62553E-1 2.63661E-1 1.84609E-1 2.70304E-1 2.8312E-1 2.73929E-1 2.80133E-1 2.76505E-1 2.38682E-1 1.72406E-1 1.72104E-1 1.70973E-1 1.66043E-1 1.19085E-1 1.26968E-1 1.63507E-1 1.73768E-1 1.77006E-1 2.11394E-1 2.17605E-1 2.86247E-1 2.96378E-1 3.26427E-1 3.09014E-1 2.88276E-1 2.63861E-1 2.40065E-1 2.57808E-1 3.60809E-1 3.83755E-1 2.85675E-1 2.51064E-1 2.82417E-1 3.5226E-1 2.73633E-1 3.21764E-1 3.20517E-1 2.98215E-1 3.16342E-1 2.67259E-1 2.95206E-1 3.39536E-1 3.58135E-1 3.73377E-1 4.02513E-1 3.29602E-1 3.51434E-1 4.09589E-1 6.1513E-1 5.97615E-1 4.99041E-1 5.4022E-1 5.5878E-1 6.11193E-1 7.07549E-1 7.64054E-1 7.37045E-1 6.85192E-1 7.06515E-1 8.4019E-1 8.6589E-1 8.07453E-1 6.63508E-1 6.19656E-1
2.40495E-1 2.84172E-1 2.7398E-1 2.96527E-1 3.1111E-1 3.13527E-1 3.16581E-1 3.17685E-1 3.19702E-1 3.53229E-1 2.82132E-1 2.1616E-1 1.73277E-1 1.93681E-1 1.99922E-1 2.50021E-1 2.45373E-1 2.17842E-1 2.57021E-1 2.01873E-1 1.85287E-1 1.7142E-1 1.81054E-1 1.90507E-1 2.05265E-1 2.36697E-1 2.89737E-1 3.30073E-1 3.8181E-1 3.51832E-1 3.19759E-1 3.35247E-1 3.62766E-1 3.59306E-1 3.65181E-1 4.18731E-1 4.44622E-1 4.42733E-1 2.66437E-1 2.8234E-1 3.48473E-1 3.31978E-1 2.88049E-1 3.14101E-1 3.16048E-1 3.18991E-1 3.15342E-1 2.85964E-1 3.01855E-1 3.19731E-1 3.33459E-1 3.25144E-1 3.67688E-1 3.99255E-1 3.83687E-1 3.92274E-1 4.5924E-1 4.73928E-1 5.67502E-1 6.69814E-1 7.01475E-1 6.92782E-1 7.23835E-1 7.65225E-1 8.21746E-1 8.13935E-1 8.56287E-1 8.38457E-1 7.92646E-1 4.96033E-1 3.6805E-1 4.79449E-1
2.46579E-1 2.92875E-1 3.0924E-1 3.06239E-1 3.31322E-1 3.26666E-1 3.3392E-1 3.33627E-1 3.62386E-1 3.77283E-1 3.81688E-1 3.30611E-1 3.05789E-1 2.63262E-1 2.04927E-1 2.09473E-1 2.1088E-1 2.33003E-1 2.85758E-1 2.78978E-1 2.62601E-1 2.88069E-1 2.59425E-1 2.7151E-1 2.99896E-1 3.48967E-1 3.23662E-1 3.34198E-1 3.32624E-1 3.11225E-1 2.88093E-1 3.34077E-1 3.28272E-1 2.96706E-1 2.9708E-1 3.78904E-1 4.07394E-1 4.65085E-1 3.77138E-1 3.47276E-1 3.1506E-1 3.284E-1 2.77521E-1 2.9766E-1 3.32198E-1 3.38135E-1 3.5609E-1 3.05917E-1 3.20055E-1 3.16959E-1 3.75206E-1 4.12071E-1 3.79695E-1 3.50476E-1 3.84841E-1 3.57142E-1 3.23245E-1 3.488E-1 4.50316E-1 5.02696E-1 5.24487E-1 6.17908E-1 7.16198E-1 8.02576E-1 8.21047E-1 8.0097E-1 8.42372E-1 8.52513E-1 8.15234E-1 5.27431E-1 4.49614E-1 4.17654E-1
3.22555E-1 3.21606E-1 3.25029E-1 3.24319E-1 3.21414E-1 3.50426E-1 3.5145E-1 3.48263E-1 3.63316E-1 3.98356E-1 3.97348E-1 3.67041E-1 3.58254E-1 3.64117E-1 3.30208E-1 2.67457E-1 1.97758E-1 2.20399E-1 2.79841E-1 3.03729E-1 3.0146E-1 3.26713E-1 3.21871E-1 2.88637E-1 3.36324E-1 3.63085E-1 3.68589E-1 3.73969E-1 3.47759E-1 3.62378E-1 3.61977E-1 3.32568E-1 3.90493E-1 3.10335E-1 3.30309E-1 3.69088E-1 3.85512E-1 4.13004E-1 3.6114E-1 3.34105E-1 2.8009E-1 2.53201E-1 2.70756E-1 3.0527E-1 3.42081E-1 3.6819E-1 3.3662E-1 3.07046E-1 2.75439E-1 3.42537E-1 3.35655E-1 3.84435E-1 3.92075E-1 3.5392E-1 2.96534E-1 3.78553E-1 4.03931E-1 3.33407E-1 3.03059E-1 4.55006E-1 5.34403E-1 5.55869E-1 6.48836E-1 7.6659E-1 8.01734E-1 8.05409E-1 8.2684E-1 8.25246E-1 7.99739E-1 6.61745E-1 4.4634E-1 3.644E-1
3.38814E-1 3.15613E-1 3.21158E-1 3.47177E-1 3.41896E-1 3.43952E-1 3.54807E-1 3.74749E-1 3.86477E-1 3.86563E-1 3.90581E-1 3.84266E-1 3.7113E-1 3.69965E-1 3.55269E-1 3.64822E-1 3.51338E-1 2.53425E-1 2.13271E-1 3.01107E-1 3.25049E-1 3.45574E-1 3.07696E-1 3.13164E-1 3.42922E-1 3.92098E-1 4.2482E-1 3.96331E-1 3.97676E-1 4.16707E-1 3.78726E-1 3.70717E-1 3.81114E-1 3.15704E-1 3.78368E-1 3.86146E-1 3.68663E-1 4.0301E-1 3.23691E-1 2.91855E-1 2.44761E-1 2.09265E-1 2.75459E-1 2.74136E-1 2.96228E-1 3.58664E-1 3.29444E-1 2.99523E-1 3.07807E-1 3.04613E-1 2.70804E-1 3.1465E-1 4.02772E-1 4.14786E-1 3.94244E-1 3.55678E-1 3.84944E-1 4.00007E-1 3.65178E-1 4.32453E-1 3.81991E-1 4.60925E-1 6.9826E-1 6.67463E-1 6.95833E-1 7.68613E-1 8.14827E-1 7.95308E-1 7.90676E-1 7.71954E-1 7.64838E-1 7.07367E-1
3.43226E-1 3.44613E-1 3.39168E-1 3.40515E-1 3.6844E-1 3.77653E-1 3.87511E-1 3.78202E-1 3.827E-1 3.84747E-1 3.89391E-1 3.92305E-1 3.89593E-1 3.94999E-1 3.99465E-1 3.80495E-1 3.72544E-1 3.72053E-1 3.37778E-1 2.7363E-1 3.40203E-1 3.28023E-1 3.22698E-1 3.3095E-1 3.14338E-1 3.04099E-1 3.51956E-1 3.53391E-1 3.8572E-1 3.86594E-1 3.7468E-1 3.95938E-1 3.89146E-1 4.20155E-1 4.38476E-1 3.93445E-1 2.90918E-1 3.53383E-1 3.82926E-1 2.79825E-1 1.96746E-1 2.06756E-1 2.26834E-1 2.06731E-1 2.82024E-1 3.49924E-1 3.76523E-1 3.35091E-1 3.14353E-1 2.99792E-1 3.21271E-1 3.21227E-1 3.84314E-1 3.48576E-1 3.61849E-1 3.45319E-1 3.43954E-1 2.98387E-1 2.89199E-1 3.43198E-1 4.20072E-1 4.60253E-1 5.70814E-1 4.99142E-1 5.91626E-1 6.6247E-1 7.69922E-1 7.8798E-1 7.79818E-1 7.56544E-1 7.50254E-1 7.25678E-1
