Artocarpus altilis SDM files/MIS19/results (with bias file)/Artalt_3.asc
ncols         1201
nrows         481
xllcorner     119.99986351115
yllcorner     -15.00013828885
cellsize      0.041666667
NODATA_value  -9999
[rows 448 to 479 of 481, columns 504 to 575 of 1201]
-9999 -9999 -9999 -9999 -9999 -9999 -9999 -9999 -9999 -9999 -9999 -9999 4.73768E-1 4.94017E-1 4.52372E-1 4.15846E-1 4.46237E-1 4.15981E-1 3.9228E-1 3.64505E-1 4.03736E-1 4.3456E-1 4.36575E-1 3.84714E-1 3.74258E-1 3.27548E-1 3.36615E-1 3.39094E-1 3.2669E-1 3.01241E-1 2.9749E-1 2.78409E-1 2.70907E-1 2.58489E-1 2.42969E-1 2.37111E-1 2.21883E-1 2.22425E-1 2.42534E-1 2.09769E-1 2.07388E-1 2.1322E-1 1.96421E-1 2.11791E-1 1.84554E-1 1.741E-1 1.61694E-1 1.52388E-1 1.61735E-1 1.64318E-1 1.69995E-1 1.69155E-1 1.65431E-1 1.58514E-1 1.55748E-1 1.54317E-1 1.39788E-1 1.55405E-1 1.43909E-1 2.00193E-1 2.14588E-1 2.32189E-1 -9999 -9999 2.68194E-1 2.70628E-1 -9999 -9999 -9999 -9999 -9999 -9999
-9999 -9999 -9999 -9999 -9999 -9999 -9999 -9999 -9999 -9999 -9999 4.74048E-1 4.79189E-1 4.7995E-1 4.49888E-1 4.11772E-1 4.35289E-1 3.98487E-1 3.80726E-1 3.46121E-1 3.73371E-1 3.62431E-1 3.82323E-1 3.6175E-1 3.56587E-1 3.24223E-1 3.42844E-1 3.37757E-1 3.19582E-1 2.91859E-1 2.79343E-1 2.64494E-1 2.58561E-1 2.45693E-1 2.40177E-1 2.34489E-1 2.11089E-1 2.10979E-1 2.31391E-1 2.15804E-1 2.11806E-1 2.02918E-1 2.0812E-1 1.94073E-1 1.8658E-1 1.59746E-1 1.48816E-1 1.52742E-1 1.58377E-1 1.64875E-1 1.65464E-1 1.61311E-1 1.55376E-1 1.47476E-1 1.37099E-1 1.47569E-1 1.36616E-1 1.33492E-1 1.42112E-1 1.9888E-1 2.12644E-1 2.1234E-1 -9999 -9999 2.55579E-1 -9999 -9999 -9999 -9999 -9999 -9999 -9999
-9999 -9999 -9999 -9999 -9999 -9999 -9999 -9999 -9999 -9999 -9999 4.75098E-1 4.48857E-1 4.62783E-1 4.29345E-1 3.94369E-1 4.30214E-1 4.00266E-1 4.2879E-1 3.91572E-1 3.66855E-1 3.42836E-1 3.25746E-1 3.05998E-1 3.416E-1 3.3066E-1 3.28415E-1 3.12471E-1 3.01328E-1 2.78511E-1 2.72501E-1 2.51953E-1 2.53315E-1 2.34027E-1 2.35978E-1 2.22179E-1 1.94714E-1 1.91282E-1 2.11113E-1 2.08959E-1 2.04539E-1 1.90955E-1 1.91526E-1 1.89147E-1 1.69496E-1 1.53941E-1 1.54733E-1 1.48625E-1 1.47117E-1 1.47302E-1 1.54598E-1 1.62731E-1 1.56935E-1 1.53714E-1 1.47548E-1 1.51698E-1 1.35352E-1 1.26085E-1 1.27287E-1 1.84304E-1 2.10516E-1 -9999 -9999 -9999 -9999 -9999 -9999 -9999 -9999 -9999 -9999 -9999
-9999 -9999 -9999 -9999 -9999 -9999 -9999 -9999 -9999 -9999 -9999 4.56996E-1 4.32583E-1 3.92081E-1 4.13229E-1 3.89702E-1 4.13314E-1 3.93355E-1 4.21511E-1 3.84531E-1 4.09214E-1 3.92016E-1 3.72152E-1 3.60768E-1 3.51824E-1 3.63869E-1 3.1982E-1 3.0844E-1 3.06217E-1 2.8078E-1 2.7132E-1 2.52276E-1 2.47615E-1 2.35922E-1 2.22339E-1 2.12122E-1 2.04962E-1 1.91169E-1 2.06216E-1 1.99093E-1 1.90632E-1 1.78509E-1 1.85196E-1 1.75093E-1 1.59834E-1 1.66247E-1 1.50706E-1 1.42745E-1 1.42604E-1 1.46549E-1 1.45357E-1 1.49036E-1 1.50858E-1 1.49781E-1 1.5463E-1 1.40074E-1 1.23979E-1 1.20396E-1 1.25071E-1 1.81964E-1 1.98722E-1 -9999 -9999 2.20758E-1 -9999 -9999 -9999 -9999 -9999 -9999 -9999 -9999
-9999 -9999 -9999 -9999 -9999 -9999 -9999 -9999 -9999 -9999 -9999 4.51245E-1 4.18188E-1 3.79936E-1 4.14635E-1 3.82227E-1 4.01532E-1 3.71792E-1 4.0422E-1 3.70469E-1 4.02592E-1 3.784E-1 3.9256E-1 3.73579E-1 3.5145E-1 3.35888E-1 3.1056E-1 2.91491E-1 2.73233E-1 2.55891E-1 2.58184E-1 2.44324E-1 2.35462E-1 2.32449E-1 2.17313E-1 2.15312E-1 1.95655E-1 1.82519E-1 1.9982E-1 1.90415E-1 1.9087E-1 1.70891E-1 1.69725E-1 1.63534E-1 1.64849E-1 1.50267E-1 1.45529E-1 1.36187E-1 1.33497E-1 1.36162E-1 1.37292E-1 1.33489E-1 1.33237E-1 1.33601E-1 1.33118E-1 1.24302E-1 1.13685E-1 1.09987E-1 1.29118E-1 1.61824E-1 1.7563E-1 1.93715E-1 -9999 -9999 -9999 -9999 -9999 -9999 -9999 -9999 -9999 -9999
-9999 -9999 -9999 -9999 -9999 -9999 -9999 -9999 -9999 -9999 -9999 4.46628E-1 4.16417E-1 3.79035E-1 4.0585E-1 3.72217E-1 3.412E-1 3.64411E-1 3.40589E-1 3.598E-1 3.42626E-1 3.7274E-1 3.59062E-1 3.48684E-1 3.35581E-1 3.10403E-1 3.08399E-1 2.81298E-1 2.58442E-1 2.30446E-1 2.3663E-1 2.31675E-1 2.06263E-1 1.94045E-1 2.02424E-1 1.77394E-1 1.83293E-1 1.83444E-1 1.84096E-1 1.76138E-1 1.73965E-1 1.58599E-1 1.5069E-1 1.63101E-1 1.50417E-1 1.35701E-1 1.34241E-1 1.31932E-1 1.2754E-1 1.29022E-1 1.29073E-1 1.09436E-1 1.0646E-1 1.16955E-1 1.22081E-1 1.16885E-1 1.06565E-1 1.0431E-1 1.22986E-1 1.49112E-1 1.69301E-1 1.79375E-1 1.76735E-1 -9999 -9999 1.97358E-1 -9999 -9999 -9999 -9999 -9999 -9999
-9999 -9999 -9999 -9999 -9999 -9999 -9999 -9999 -9999 -9999 -9999 4.36348E-1 3.96552E-1 3.77566E-1 3.51224E-1 3.69336E-1 3.31541E-1 3.64257E-1 3.80555E-1 3.56609E-1 3.35016E-1 3.69136E-1 3.41257E-1 3.36204E-1 3.21525E-1 3.05736E-1 2.96649E-1 2.60137E-1 2.38736E-1 2.29376E-1 2.2444E-1 2.16335E-1 2.0083E-1 1.8229E-1 1.89563E-1 1.58537E-1 1.48675E-1 1.55077E-1 1.50786E-1 1.68479E-1 1.68181E-1 1.59315E-1 1.47171E-1 1.51037E-1 1.48446E-1 1.44652E-1 1.34953E-1 1.30396E-1 1.25004E-1 1.18128E-1 1.07328E-1 1.0875E-1 1.02772E-1 9.77383E-2 1.0734E-1 1.03065E-1 9.29622E-2 1.33637E-1 1.38052E-1 1.44294E-1 1.55568E-1 1.73718E-1 1.66838E-1 -9999 -9999 -9999 -9999 1.99405E-1 -9999 -9999 -9999 -9999
-9999 -9999 -9999 -9999 -9999 -9999 -9999 -9999 -9999 -9999 -9999 4.22631E-1 3.81092E-1 3.64267E-1 3.39886E-1 3.51099E-1 3.31652E-1 3.46695E-1 3.23947E-1 3.51322E-1 3.23652E-1 3.40347E-1 3.27589E-1 3.22573E-1 3.05858E-1 2.97815E-1 2.90712E-1 2.64064E-1 2.26804E-1 2.23393E-1 2.29055E-1 2.08604E-1 1.85455E-1 1.80741E-1 1.73865E-1 1.4602E-1 1.43831E-1 1.43049E-1 1.47489E-1 1.59782E-1 1.67633E-1 1.4702E-1 1.39833E-1 1.39608E-1 1.3754E-1 1.30194E-1 1.28532E-1 1.27659E-1 1.23028E-1 1.15302E-1 1.09357E-1 9.60216E-2 7.70821E-2 9.57343E-2 9.50301E-2 9.78991E-2 9.02648E-2 1.23984E-1 1.28722E-1 1.35246E-1 1.4885E-1 1.62516E-1 1.53026E-1 -9999 -9999 1.80885E-1 1.71533E-1 -9999 -9999 -9999 -9999 -9999
-9999 -9999 -9999 -9999 -9999 -9999 -9999 -9999 -9999 -9999 -9999 4.21553E-1 3.85178E-1 3.67587E-1 3.29603E-1 3.45147E-1 3.26362E-1 3.38911E-1 3.14347E-1 3.40901E-1 3.2154E-1 3.2752E-1 3.28176E-1 2.94631E-1 2.88151E-1 2.93112E-1 2.68771E-1 2.44922E-1 2.36905E-1 2.38127E-1 2.07694E-1 1.9143E-1 1.75485E-1 1.75428E-1 1.55874E-1 1.39542E-1 1.4688E-1 1.41257E-1 1.44292E-1 1.51494E-1 1.44975E-1 1.40357E-1 1.27053E-1 1.25782E-1 1.30555E-1 1.21864E-1 1.25262E-1 1.15437E-1 1.12607E-1 1.10287E-1 9.42912E-2 9.73663E-2 9.08615E-2 8.46458E-2 8.69677E-2 8.13772E-2 8.01415E-2 1.19229E-1 1.23432E-1 1.29866E-1 1.36906E-1 1.40744E-1 1.47362E-1 1.48178E-1 -9999 -9999 -9999 -9999 -9999 1.81119E-1 -9999 -9999
-9999 -9999 -9999 -9999 -9999 -9999 -9999 -9999 -9999 -9999 -9999 -9999 3.91092E-1 4.08005E-1 3.70122E-1 3.36938E-1 3.19608E-1 3.30597E-1 3.09873E-1 2.86719E-1 3.16566E-1 2.80977E-1 2.70173E-1 2.90691E-1 2.81685E-1 2.81203E-1 2.80711E-1 2.5496E-1 2.37989E-1 2.24975E-1 2.05436E-1 1.88178E-1 1.83936E-1 1.67669E-1 1.57929E-1 1.42021E-1 1.45989E-1 1.44828E-1 1.39456E-1 1.35601E-1 1.35977E-1 1.29341E-1 1.21174E-1 1.23184E-1 1.1247E-1 1.15182E-1 1.17308E-1 1.06938E-1 1.10417E-1 9.85765E-2 9.01614E-2 8.26306E-2 7.91267E-2 7.56982E-2 7.91917E-2 7.52625E-2 7.50013E-2 9.32672E-2 1.11726E-1 1.21241E-1 1.25141E-1 1.37376E-1 1.35386E-1 1.39681E-1 1.40558E-1 -9999 -9999 -9999 -9999 -9999 -9999 -9999
-9999 -9999 -9999 -9999 -9999 -9999 -9999 -9999 -9999 -9999 -9999 -9999 -9999 3.44066E-1 3.59845E-1 3.38072E-1 3.02809E-1 3.28347E-1 3.0205E-1 2.73551E-1 2.87749E-1 2.78762E-1 2.53072E-1 2.42593E-1 2.7863E-1 2.63381E-1 2.70609E-1 2.52679E-1 2.37566E-1 2.2626E-1 2.11721E-1 1.81864E-1 1.7888E-1 1.65685E-1 1.68825E-1 1.53411E-1 1.5408E-1 1.46129E-1 1.32086E-1 1.28176E-1 1.27563E-1 1.28529E-1 1.20769E-1 1.21078E-1 1.09654E-1 1.07863E-1 1.12257E-1 1.04355E-1 9.81622E-2 9.49738E-2 8.86504E-2 7.53712E-2 7.21617E-2 7.14509E-2 7.45466E-2 7.36638E-2 7.45376E-2 8.73244E-2 1.08119E-1 1.13738E-1 1.13993E-1 1.16885E-1 1.26306E-1 1.2694E-1 1.3419E-1 -9999 -9999 -9999 -9999 -9999 -9999 -9999
-9999 -9999 -9999 -9999 -9999 -9999 -9999 -9999 -9999 -9999 -9999 -9999 -9999 3.33664E-1 3.1093E-1 3.32956E-1 3.04758E-1 2.68775E-1 2.91156E-1 2.67367E-1 2.47107E-1 2.31194E-1 2.58339E-1 2.49645E-1 2.80164E-1 2.79216E-1 2.69551E-1 2.418E-1 2.40483E-1 2.28532E-1 1.89078E-1 1.92884E-1 1.8051E-1 1.64856E-1 1.71608E-1 1.60546E-1 1.52916E-1 1.33062E-1 1.25437E-1 1.24255E-1 1.29076E-1 1.27209E-1 1.2165E-1 1.15799E-1 1.09201E-1 1.0434E-1 1.00469E-1 9.82586E-2 9.02418E-2 8.50086E-2 7.99547E-2 7.67465E-2 6.94735E-2 6.82307E-2 6.87204E-2 7.46601E-2 7.41391E-2 8.74744E-2 1.00328E-1 9.78968E-2 1.08804E-1 1.09627E-1 1.11358E-1 1.21615E-1 1.26908E-1 -9999 -9999 -9999 -9999 -9999 -9999 -9999
-9999 -9999 -9999 -9999 -9999 -9999 -9999 -9999 -9999 -9999 -9999 -9999 -9999 -9999 3.62561E-1 3.31771E-1 2.98765E-1 2.72097E-1 2.43909E-1 2.64368E-1 2.41266E-1 2.73311E-1 2.57013E-1 2.39956E-1 2.78342E-1 2.62561E-1 2.67168E-1 2.43169E-1 2.33324E-1 2.0706E-1 1.9337E-1 1.88593E-1 1.88543E-1 1.81392E-1 1.66021E-1 1.53536E-1 1.38292E-1 1.24897E-1 1.29371E-1 1.25832E-1 1.27778E-1 1.19106E-1 1.11532E-1 1.0096E-1 1.03059E-1 9.84348E-2 9.35016E-2 8.7434E-2 8.08803E-2 7.76335E-2 7.38243E-2 7.47053E-2 7.15023E-2 6.67653E-2 6.65732E-2 7.20502E-2 8.07281E-2 8.15311E-2 9.13217E-2 9.33021E-2 9.91235E-2 1.03374E-1 1.02958E-1 1.14034E-1 1.12835E-1 -9999 -9999 -9999 -9999 -9999 -9999 -9999
-9999 -9999 -9999 -9999 -9999 -9999 -9999 -9999 -9999 -9999 -9999 -9999 -9999 -9999 3.62688E-1 3.2216E-1 2.86667E-1 2.68248E-1 2.5183E-1 2.61595E-1 2.47542E-1 2.31201E-1 2.62061E-1 2.41507E-1 2.65354E-1 2.59804E-1 2.54967E-1 2.32729E-1 2.12878E-1 2.07316E-1 2.01507E-1 1.92964E-1 1.83618E-1 1.62652E-1 1.65847E-1 1.49542E-1 1.42872E-1 1.25716E-1 1.24028E-1 1.31202E-1 1.23569E-1 1.14914E-1 1.13444E-1 1.05216E-1 9.98616E-2 9.45194E-2 7.96645E-2 7.67305E-2 7.7802E-2 7.65368E-2 7.17761E-2 7.06266E-2 6.51216E-2 6.80946E-2 6.49384E-2 6.61623E-2 7.38048E-2 7.88143E-2 8.49983E-2 8.61062E-2 8.8159E-2 8.61205E-2 9.33977E-2 9.2567E-2 9.41705E-2 -9999 -9999 -9999 -9999 -9999 -9999 -9999
-9999 -9999 -9999 -9999 -9999 -9999 -9999 -9999 -9999 -9999 -9999 -9999 -9999 -9999 3.57485E-1 3.13895E-1 2.79487E-1 2.68956E-1 2.49043E-1 2.75635E-1 2.46754E-1 2.69027E-1 2.50726E-1 2.41272E-1 2.58486E-1 2.47586E-1 2.34957E-1 2.3482E-1 2.2102E-1 2.10999E-1 2.0472E-1 1.95228E-1 1.72175E-1 1.66528E-1 1.62744E-1 1.46334E-1 1.2897E-1 1.18264E-1 1.2697E-1 1.25027E-1 1.1247E-1 1.17913E-1 1.10879E-1 1.0407E-1 9.62917E-2 8.01474E-2 6.91905E-2 7.21273E-2 7.30151E-2 6.99088E-2 7.05355E-2 6.74519E-2 6.47554E-2 6.90075E-2 6.19627E-2 6.11726E-2 5.9656E-2 7.0278E-2 7.71496E-2 7.44928E-2 7.74051E-2 7.83738E-2 7.88476E-2 8.06909E-2 8.90715E-2 9.01013E-2 1.02442E-1 9.29637E-2 -9999 -9999 -9999 -9999
-9999 -9999 -9999 -9999 -9999 -9999 -9999 -9999 -9999 -9999 -9999 -9999 -9999 -9999 2.99967E-1 3.02736E-1 2.83848E-1 2.65333E-1 2.84998E-1 2.66422E-1 2.88927E-1 2.5913E-1 2.46755E-1 2.35277E-1 2.55708E-1 2.48133E-1 2.47492E-1 2.32594E-1 2.20343E-1 2.07367E-1 1.92511E-1 1.9098E-1 1.70415E-1 1.7339E-1 1.65677E-1 1.3965E-1 1.24511E-1 1.13386E-1 1.21791E-1 1.16828E-1 1.12323E-1 1.11775E-1 1.04182E-1 9.12111E-2 8.5023E-2 6.87368E-2 6.63571E-2 7.70644E-2 6.82684E-2 6.62419E-2 6.5311E-2 6.39875E-2 6.53987E-2 6.2456E-2 6.01841E-2 5.83933E-2 5.15464E-2 5.33635E-2 6.58584E-2 6.74201E-2 7.22287E-2 7.21396E-2 6.90258E-2 7.34612E-2 8.0827E-2 8.34106E-2 -9999 -9999 -9999 -9999 -9999 -9999
-9999 -9999 -9999 -9999 -9999 -9999 -9999 -9999 -9999 -9999 -9999 -9999 -9999 3.34641E-1 3.50375E-1 3.04914E-1 2.79396E-1 2.56155E-1 2.83477E-1 2.57542E-1 2.46246E-1 2.62084E-1 2.47277E-1 2.67133E-1 2.52835E-1 2.42392E-1 2.46757E-1 2.34667E-1 2.17128E-1 2.04026E-1 1.92943E-1 1.75905E-1 1.72778E-1 1.56788E-1 1.49722E-1 1.31614E-1 1.17681E-1 1.19271E-1 1.25949E-1 1.21579E-1 1.14528E-1 9.96161E-2 9.27162E-2 8.54568E-2 7.22129E-2 7.79272E-2 6.61292E-2 6.07754E-2 6.54786E-2 5.98074E-2 5.80311E-2 6.13832E-2 5.73915E-2 5.53549E-2 5.26299E-2 4.9653E-2 4.51549E-2 4.92903E-2 5.98876E-2 6.45649E-2 6.05979E-2 6.30015E-2 6.50384E-2 6.30599E-2 7.12608E-2 7.35738E-2 -9999 -9999 -9999 -9999 -9999 -9999
-9999 -9999 -9999 -9999 -9999 -9999 -9999 -9999 -9999 -9999 -9999 -9999 -9999 3.42657E-1 3.50982E-1 3.07861E-1 2.68913E-1 3.04704E-1 2.77893E-1 2.55371E-1 2.76969E-1 2.59444E-1 2.79375E-1 2.56875E-1 2.41652E-1 2.38214E-1 2.36712E-1 2.19142E-1 2.11037E-1 1.91836E-1 1.88637E-1 1.71882E-1 1.58999E-1 1.4992E-1 1.412E-1 1.30426E-1 1.27168E-1 1.23167E-1 1.21253E-1 1.14455E-1 1.04234E-1 9.41456E-2 8.75384E-2 7.77594E-2 8.37748E-2 7.76973E-2 7.92469E-2 7.12257E-2 6.37692E-2 6.24117E-2 6.18509E-2 5.78171E-2 5.27638E-2 4.92476E-2 4.48548E-2 4.53097E-2 4.30174E-2 4.45926E-2 5.49E-2 4.92654E-2 5.36652E-2 5.65038E-2 5.96443E-2 6.01851E-2 6.68354E-2 6.45132E-2 6.65348E-2 -9999 -9999 -9999 -9999 -9999
-9999 -9999 -9999 -9999 -9999 -9999 -9999 -9999 -9999 -9999 -9999 -9999 3.3934E-1 3.9794E-1 3.31367E-1 3.03712E-1 2.6171E-1 2.93531E-1 2.71427E-1 2.56611E-1 2.67862E-1 2.46391E-1 2.77659E-1 2.5243E-1 2.43157E-1 2.39123E-1 2.39398E-1 2.10075E-1 2.0388E-1 1.80701E-1 1.7325E-1 1.66831E-1 1.60828E-1 1.51269E-1 1.44761E-1 1.3698E-1 1.30728E-1 1.21664E-1 1.15719E-1 1.08648E-1 9.67835E-2 9.37472E-2 8.74021E-2 7.57019E-2 8.3433E-2 8.29283E-2 7.27834E-2 6.29655E-2 6.6346E-2 6.13574E-2 5.72991E-2 4.95799E-2 4.51266E-2 4.36226E-2 3.8145E-2 4.22511E-2 4.04088E-2 4.08343E-2 3.84887E-2 4.4848E-2 4.76488E-2 4.82507E-2 5.29058E-2 5.0833E-2 5.38809E-2 5.55537E-2 6.12555E-2 -9999 -9999 -9999 -9999 -9999
-9999 -9999 -9999 -9999 -9999 -9999 -9999 -9999 -9999 -9999 -9999 -9999 3.53498E-1 3.7701E-1 3.25451E-1 2.99242E-1 2.64413E-1 2.8507E-1 2.6774E-1 2.49309E-1 2.63725E-1 2.38256E-1 2.27592E-1 2.53281E-1 2.37151E-1 2.22575E-1 2.23773E-1 2.09328E-1 1.89506E-1 1.85101E-1 1.63457E-1 1.59161E-1 1.58407E-1 1.47961E-1 1.3288E-1 1.32332E-1 1.19953E-1 1.15395E-1 1.08262E-1 1.07068E-1 9.60965E-2 9.26471E-2 8.07427E-2 7.78108E-2 7.33247E-2 6.91137E-2 7.24354E-2 5.88197E-2 5.50771E-2 5.10574E-2 4.27021E-2 4.4367E-2 4.18577E-2 3.78529E-2 3.6463E-2 3.88364E-2 4.03751E-2 3.51927E-2 3.55655E-2 4.12815E-2 4.48524E-2 4.66555E-2 4.75834E-2 4.63089E-2 4.94817E-2 5.29398E-2 5.53411E-2 5.77243E-2 5.16654E-2 -9999 -9999 -9999
-9999 -9999 -9999 -9999 -9999 -9999 -9999 -9999 -9999 -9999 -9999 -9999 3.51809E-1 3.15288E-1 3.20244E-1 2.98893E-1 2.65082E-1 2.76465E-1 2.61905E-1 2.35143E-1 2.59615E-1 2.29977E-1 2.20601E-1 2.35561E-1 2.18272E-1 2.09692E-1 2.06263E-1 2.04134E-1 1.82745E-1 1.79279E-1 1.66173E-1 1.61912E-1 1.41943E-1 1.38852E-1 1.38368E-1 1.19248E-1 1.2324E-1 1.13257E-1 1.06382E-1 1.02386E-1 9.08513E-2 8.81972E-2 8.49794E-2 7.414E-2 6.58682E-2 6.1537E-2 6.55818E-2 5.13646E-2 4.5051E-2 4.34392E-2 4.16048E-2 3.95303E-2 3.79659E-2 3.49837E-2 3.82139E-2 3.59082E-2 3.59235E-2 3.37031E-2 3.314E-2 3.78406E-2 4.20451E-2 4.39275E-2 4.29677E-2 4.28429E-2 4.75334E-2 4.50361E-2 5.42531E-2 5.16007E-2 5.39145E-2 5.7095E-2 5.74603E-2 5.78087E-2
-9999 -9999 -9999 -9999 -9999 -9999 -9999 -9999 -9999 -9999 -9999 -9999 3.34189E-1 3.60058E-1 3.13082E-1 2.92035E-1 2.63186E-1 2.72235E-1 2.5459E-1 2.19975E-1 2.47403E-1 2.33377E-1 2.17624E-1 2.25735E-1 2.24427E-1 2.20523E-1 2.11702E-1 1.9462E-1 1.8326E-1 1.71392E-1 1.52855E-1 1.48878E-1 1.45865E-1 1.38612E-1 1.2275E-1 1.19715E-1 1.09343E-1 1.08856E-1 1.00813E-1 9.49254E-2 8.65926E-2 7.97653E-2 7.88373E-2 7.48604E-2 6.83644E-2 6.06098E-2 5.3104E-2 3.9239E-2 4.13942E-2 3.67524E-2 4.0545E-2 3.55171E-2 3.32213E-2 3.33625E-2 3.29639E-2 3.22396E-2 3.40552E-2 3.11626E-2 2.94023E-2 2.7594E-2 3.63555E-2 3.7262E-2 3.98169E-2 3.96722E-2 4.12108E-2 4.17495E-2 4.67143E-2 4.67024E-2 4.6848E-2 4.82038E-2 5.03347E-2 5.2211E-2
-9999 -9999 -9999 -9999 -9999 -9999 -9999 -9999 -9999 -9999 -9999 -9999 3.25253E-1 3.41638E-1 3.09427E-1 2.91159E-1 2.56262E-1 2.70219E-1 2.5101E-1 2.21185E-1 2.3903E-1 2.20699E-1 2.08439E-1 2.27281E-1 2.14366E-1 2.11702E-1 1.96853E-1 1.91198E-1 1.71698E-1 1.5659E-1 1.47725E-1 1.45416E-1 1.37906E-1 1.29495E-1 1.17694E-1 1.11532E-1 1.03848E-1 1.01593E-1 9.328E-2 8.73023E-2 8.62447E-2 7.65373E-2 6.98101E-2 6.72811E-2 6.73773E-2 5.50307E-2 4.86079E-2 4.76813E-2 3.88506E-2 3.65276E-2 3.66905E-2 3.33811E-2 3.46011E-2 3.4185E-2 3.3748E-2 3.17783E-2 3.09846E-2 2.80077E-2 2.45641E-2 2.49001E-2 3.1746E-2 3.163E-2 3.44564E-2 3.3726E-2 3.92997E-2 4.04299E-2 4.10115E-2 4.36986E-2 3.99505E-2 4.19546E-2 4.53392E-2 4.62523E-2
-9999 -9999 -9999 -9999 -9999 -9999 -9999 -9999 -9999 -9999 -9999 -9999 -9999 3.41048E-1 3.15377E-1 2.81347E-1 2.57078E-1 2.67348E-1 2.33425E-1 2.13901E-1 1.96305E-1 2.2079E-1 2.03644E-1 2.13036E-1 1.99176E-1 1.85312E-1 1.76442E-1 1.73407E-1 1.62076E-1 1.56739E-1 1.52731E-1 1.41633E-1 1.30001E-1 1.23182E-1 1.15953E-1 1.05297E-1 1.0231E-1 9.46675E-2 8.66928E-2 8.26976E-2 7.4526E-2 7.0374E-2 6.68141E-2 6.06626E-2 5.67442E-2 4.88528E-2 4.41986E-2 4.0645E-2 3.94979E-2 3.35257E-2 3.19787E-2 3.6887E-2 3.48771E-2 3.08483E-2 2.96177E-2 3.04488E-2 2.57169E-2 2.4624E-2 2.36944E-2 2.29863E-2 2.88339E-2 2.78557E-2 3.11061E-2 3.34731E-2 3.3739E-2 3.52672E-2 3.52635E-2 3.72995E-2 3.76828E-2 3.75194E-2 3.85284E-2 4.12965E-2
-9999 -9999 -9999 -9999 -9999 -9999 -9999 -9999 -9999 -9999 -9999 -9999 -9999 3.40526E-1 3.20793E-1 2.61516E-1 2.33997E-1 2.12012E-1 2.20299E-1 2.03691E-1 1.86054E-1 2.0693E-1 1.89365E-1 1.8209E-1 1.6783E-1 1.74685E-1 1.68576E-1 1.61573E-1 1.61635E-1 1.55233E-1 1.40167E-1 1.38377E-1 1.28318E-1 1.11935E-1 1.09356E-1 1.03327E-1 9.60764E-2 9.06877E-2 8.45758E-2 8.16614E-2 7.39527E-2 6.9079E-2 6.21087E-2 5.33987E-2 5.00526E-2 4.41673E-2 3.86277E-2 3.7704E-2 3.29013E-2 3.14082E-2 3.70479E-2 3.16565E-2 2.72614E-2 2.44809E-2 2.44854E-2 2.57141E-2 2.36769E-2 2.44847E-2 2.08756E-2 2.48749E-2 2.65179E-2 2.87876E-2 2.76143E-2 3.04764E-2 2.81822E-2 3.03288E-2 2.89958E-2 3.02204E-2 3.30658E-2 3.12795E-2 3.30486E-2 3.57865E-2
-9999 -9999 -9999 -9999 -9999 -9999 -9999 -9999 -9999 -9999 -9999 -9999 -9999 3.34683E-1 3.09675E-1 2.4768E-1 2.32615E-1 2.06917E-1 2.17393E-1 1.91059E-1 1.79951E-1 1.65713E-1 1.70158E-1 1.7727E-1 1.87302E-1 1.76624E-1 1.64153E-1 1.6469E-1 1.57943E-1 1.50814E-1 1.36797E-1 1.33822E-1 1.20025E-1 1.07515E-1 1.06788E-1 1.01304E-1 9.21605E-2 8.98243E-2 8.18058E-2 7.59026E-2 6.75692E-2 6.1529E-2 5.81853E-2 5.027E-2 4.78298E-2 4.76004E-2 4.36637E-2 3.63534E-2 3.27201E-2 3.15391E-2 3.33025E-2 2.65947E-2 2.56678E-2 2.49532E-2 2.25501E-2 2.26361E-2 2.20031E-2 2.24801E-2 2.00705E-2 2.32685E-2 2.59587E-2 2.60292E-2 2.5426E-2 2.65646E-2 2.60423E-2 2.65393E-2 2.65227E-2 2.81409E-2 3.01515E-2 2.9328E-2 2.80303E-2 2.76761E-2
-9999 -9999 -9999 -9999 -9999 -9999 -9999 -9999 -9999 -9999 -9999 -9999 -9999 3.26039E-1 2.89808E-1 2.47467E-1 2.30632E-1 2.0485E-1 2.16789E-1 1.87346E-1 1.79415E-1 1.64698E-1 1.72857E-1 1.66163E-1 1.76576E-1 1.7213E-1 1.56708E-1 1.51253E-1 1.52461E-1 1.43497E-1 1.28096E-1 1.24993E-1 1.1466E-1 1.0253E-1 9.97953E-2 9.01405E-2 9.00608E-2 8.15995E-2 7.69921E-2 7.15587E-2 6.12714E-2 5.84013E-2 5.51013E-2 5.42419E-2 4.83622E-2 4.35414E-2 3.99716E-2 3.31664E-2 3.43422E-2 3.45435E-2 3.12835E-2 2.566E-2 2.43796E-2 2.18875E-2 1.98893E-2 1.92247E-2 1.72173E-2 2.00859E-2 1.92934E-2 2.17962E-2 2.3096E-2 2.3674E-2 2.28837E-2 2.35821E-2 2.35957E-2 2.46001E-2 2.34141E-2 2.26624E-2 2.59023E-2 2.58201E-2 2.65275E-2 2.61871E-2
-9999 -9999 -9999 -9999 -9999 -9999 -9999 -9999 -9999 -9999 -9999 -9999 -9999 3.227E-1 2.82868E-1 2.47299E-1 2.26694E-1 2.04711E-1 2.20313E-1 1.94528E-1 1.72818E-1 1.54568E-1 1.72312E-1 1.62761E-1 1.44176E-1 1.71695E-1 1.43484E-1 1.41574E-1 1.4422E-1 1.31189E-1 1.23272E-1 1.11213E-1 1.07584E-1 9.62893E-2 9.09643E-2 9.17065E-2 8.15192E-2 7.69693E-2 7.31267E-2 6.38044E-2 6.13687E-2 5.49408E-2 4.82259E-2 4.80248E-2 4.2142E-2 3.79524E-2 3.50201E-2 3.16957E-2 3.39152E-2 3.04489E-2 2.79783E-2 2.52354E-2 2.63017E-2 2.28563E-2 1.99287E-2 2.23174E-2 1.69607E-2 1.9256E-2 1.86099E-2 1.90991E-2 2.05051E-2 1.99577E-2 1.9982E-2 2.07431E-2 2.1949E-2 2.2298E-2 2.20798E-2 2.18856E-2 2.27114E-2 2.30885E-2 2.24352E-2 2.31966E-2
-9999 -9999 -9999 -9999 -9999 -9999 -9999 -9999 -9999 -9999 -9999 -9999 -9999 2.49559E-1 2.77121E-1 2.33058E-1 2.14484E-1 1.94922E-1 1.71894E-1 1.84023E-1 1.67971E-1 1.50313E-1 1.73106E-1 1.5241E-1 1.42324E-1 1.61698E-1 1.43461E-1 1.4271E-1 1.32439E-1 1.25753E-1 1.1082E-1 1.04804E-1 1.05504E-1 8.99271E-2 9.3958E-2 8.1067E-2 7.33228E-2 7.15849E-2 6.69905E-2 6.00355E-2 5.45833E-2 5.16674E-2 4.40286E-2 3.82203E-2 3.79782E-2 3.69356E-2 3.24286E-2 2.72025E-2 2.79413E-2 2.59976E-2 2.3679E-2 2.11378E-2 2.29265E-2 1.97569E-2 1.85945E-2 1.95379E-2 1.88079E-2 1.77716E-2 1.86733E-2 1.92329E-2 2.04256E-2 1.8815E-2 1.82398E-2 1.94157E-2 1.89944E-2 1.85614E-2 1.92015E-2 1.84458E-2 1.89146E-2 2.01125E-2 2.06869E-2 2.05364E-2
-9999 -9999 -9999 -9999 -9999 -9999 -9999 -9999 -9999 -9999 -9999 -9999 -9999 2.43982E-1 2.56509E-1 2.23676E-1 2.09558E-1 1.81488E-1 1.57146E-1 1.71709E-1 1.61625E-1 1.47361E-1 1.53948E-1 1.39646E-1 1.38685E-1 1.47289E-1 1.35265E-1 1.28984E-1 1.24213E-1 1.18802E-1 1.051E-1 1.01867E-1 9.84384E-2 8.71052E-2 7.9909E-2 7.40011E-2 6.66695E-2 6.51583E-2 5.77069E-2 5.1547E-2 5.29738E-2 4.68806E-2 4.016E-2 3.58535E-2 3.39834E-2 3.36818E-2 3.2312E-2 2.60865E-2 2.62795E-2 2.21043E-2 2.00613E-2 2.03017E-2 2.03635E-2 1.95272E-2 1.88671E-2 2.03276E-2 1.59191E-2 1.81744E-2 1.65022E-2 1.6813E-2 1.70925E-2 1.66851E-2 1.56914E-2 1.65132E-2 1.70714E-2 1.57727E-2 1.74926E-2 1.71268E-2 1.62838E-2 1.59223E-2 1.83281E-2 1.83869E-2
-9999 -9999 -9999 -9999 -9999 -9999 -9999 -9999 -9999 -9999 -9999 -9999 -9999 -9999 2.52029E-1 2.22006E-1 1.98003E-1 1.74892E-1 1.60946E-1 1.66578E-1 1.52015E-1 1.34132E-1 1.44188E-1 1.33143E-1 1.28159E-1 1.1535E-1 1.27466E-1 1.16954E-1 1.17871E-1 1.12969E-1 1.00701E-1 9.67395E-2 8.71991E-2 8.22788E-2 7.76187E-2 7.29536E-2 6.55628E-2 6.20396E-2 5.69926E-2 5.39685E-2 4.86309E-2 4.58922E-2 4.0376E-2 3.92743E-2 3.13303E-2 2.85628E-2 2.72516E-2 2.52154E-2 2.49036E-2 2.57672E-2 2.54293E-2 2.03149E-2 1.81029E-2 1.67597E-2 1.6934E-2 1.51223E-2 1.4168E-2 1.4051E-2 1.48433E-2 1.52286E-2 1.60145E-2 1.51516E-2 1.3625E-2 1.57477E-2 1.60198E-2 1.63498E-2 1.42682E-2 1.51429E-2 1.55494E-2 1.50811E-2 1.60762E-2 1.594E-2
-9999 -9999 -9999 -9999 -9999 -9999 -9999 -9999 -9999 -9999 -9999 -9999 -9999 -9999 2.43374E-1 2.31027E-1 1.9053E-1 1.72537E-1 1.63349E-1 1.61028E-1 1.48634E-1 1.35669E-1 1.34826E-1 1.26904E-1 1.14406E-1 1.28614E-1 1.26103E-1 1.08615E-1 1.07972E-1 1.05747E-1 9.30795E-2 9.10168E-2 8.82334E-2 7.4194E-2 7.32787E-2 6.70325E-2 6.36847E-2 5.39752E-2 5.40989E-2 4.84557E-2 4.61367E-2 4.60739E-2 4.05547E-2 3.7894E-2 3.65127E-2 3.33141E-2 2.85011E-2 2.7333E-2 2.77294E-2 2.56385E-2 2.24097E-2 2.16085E-2 1.98697E-2 1.52919E-2 1.43161E-2 1.3163E-2 1.31307E-2 1.46139E-2 1.25998E-2 1.31437E-2 1.43956E-2 1.36851E-2 1.3063E-2 1.34596E-2 1.36134E-2 1.24404E-2 1.18427E-2 1.30399E-2 1.35346E-2 1.35346E-2 1.38432E-2 1.43537E-2
