Artocarpus altilis SDM files/MIS19/results (with bias file)/Artalt_8.asc
ncols         1201
nrows         481
xllcorner     119.99986351115
yllcorner     -15.00013828885
cellsize      0.041666667
NODATA_value  -9999
[rows 416 to 447 of 481, columns 216 to 287 of 1201]
-9999 -9999 -9999 -9999 -9999 -9999 -9999 -9999 -9999 -9999 -9999 -9999 -9999 -9999 -9999 -9999 -9999 -9999 -9999 -9999 -9999 -9999 -9999 -9999 -9999 -9999 -9999 -9999 -9999 -9999 -9999 -9999 -9999 -9999 -9999 -9999 -9999 -9999 -9999 -9999 -9999 -9999 -9999 -9999 -9999 6.57221E-2 -9999 -9999 5.91785E-2 5.36205E-2 6.02677E-2 5.42638E-2 4.10692E-2 3.83038E-2 3.70967E-2 3.0902E-2 3.07028E-2 2.94698E-2 2.9228E-2 2.80953E-2 2.87095E-2 2.64274E-2 2.68958E-2 2.6461E-2 2.6438E-2 2.59871E-2 2.56902E-2 2.53169E-2 2.90715E-2 2.76933E-2 2.70875E-2 2.37997E-2
-9999 -9999 -9999 -9999 -9999 -9999 -9999 -9999 -9999 -9999 -9999 -9999 -9999 -9999 -9999 -9999 -9999 -9999 -9999 -9999 -9999 -9999 -9999 -9999 -9999 -9999 -9999 -9999 -9999 -9999 -9999 -9999 -9999 -9999 -9999 -9999 -9999 -9999 -9999 -9999 -9999 -9999 -9999 -9999 6.52001E-2 6.28812E-2 5.94469E-2 5.48406E-2 4.92846E-2 5.07629E-2 4.81874E-2 5.41063E-2 4.89931E-2 3.60258E-2 2.96261E-2 2.9457E-2 2.77298E-2 2.65421E-2 2.52674E-2 2.54984E-2 2.40787E-2 2.38403E-2 2.29029E-2 2.27507E-2 2.28877E-2 2.27644E-2 2.26028E-2 2.22747E-2 2.57034E-2 2.5731E-2 2.03372E-2 1.93292E-2
-9999 -9999 -9999 -9999 -9999 -9999 -9999 -9999 -9999 -9999 -9999 -9999 -9999 -9999 -9999 -9999 -9999 -9999 -9999 -9999 -9999 -9999 -9999 -9999 -9999 -9999 -9999 -9999 -9999 -9999 -9999 -9999 -9999 -9999 -9999 -9999 -9999 1.15835E-1 1.07397E-1 1.12125E-1 8.64196E-2 -9999 -9999 7.05892E-2 6.67594E-2 7.47166E-2 5.73606E-2 5.0544E-2 4.73938E-2 4.66082E-2 4.44424E-2 4.1768E-2 4.54406E-2 3.31015E-2 2.77459E-2 2.71771E-2 2.58612E-2 2.3871E-2 2.3523E-2 2.81813E-2 2.21931E-2 2.12425E-2 2.08454E-2 2.04376E-2 2.14269E-2 2.10161E-2 2.06344E-2 2.40283E-2 2.36147E-2 2.27908E-2 1.76277E-2 1.83403E-2
-9999 -9999 -9999 -9999 -9999 -9999 -9999 -9999 -9999 -9999 -9999 -9999 -9999 -9999 -9999 -9999 -9999 -9999 -9999 -9999 -9999 -9999 -9999 -9999 -9999 -9999 -9999 -9999 -9999 -9999 -9999 -9999 -9999 -9999 1.41697E-1 -9999 -9999 1.14201E-1 1.06903E-1 1.13775E-1 1.00821E-1 9.16733E-2 6.85645E-2 6.90067E-2 6.45471E-2 7.34956E-2 6.72405E-2 5.96699E-2 5.51356E-2 4.25437E-2 4.01458E-2 3.90397E-2 3.46329E-2 2.73927E-2 2.5842E-2 2.46901E-2 2.25553E-2 2.14381E-2 2.10915E-2 2.12564E-2 1.95906E-2 1.96364E-2 1.8711E-2 1.83118E-2 1.79706E-2 1.76277E-2 1.80045E-2 2.08199E-2 2.03031E-2 2.10209E-2 2.03087E-2 2.03328E-2
-9999 -9999 -9999 -9999 -9999 -9999 -9999 -9999 -9999 -9999 -9999 -9999 -9999 -9999 -9999 -9999 -9999 -9999 -9999 -9999 -9999 -9999 -9999 -9999 -9999 -9999 -9999 -9999 -9999 -9999 -9999 -9999 -9999 -9999 1.47469E-1 -9999 -9999 1.11735E-1 9.88154E-2 9.29689E-2 8.53691E-2 9.02438E-2 6.6717E-2 5.57093E-2 6.23068E-2 4.78647E-2 4.49613E-2 6.05057E-2 5.39975E-2 3.94331E-2 3.98153E-2 4.21536E-2 3.20616E-2 2.41392E-2 2.25019E-2 2.27159E-2 2.21553E-2 2.11719E-2 2.03442E-2 2.00355E-2 2.26997E-2 1.78862E-2 1.72188E-2 1.69979E-2 1.7236E-2 1.63698E-2 1.65025E-2 1.93166E-2 1.86688E-2 1.78598E-2 1.72414E-2 1.73024E-2
-9999 -9999 -9999 -9999 -9999 -9999 -9999 -9999 -9999 -9999 -9999 -9999 -9999 -9999 -9999 -9999 -9999 -9999 -9999 -9999 -9999 -9999 -9999 -9999 -9999 -9999 -9999 -9999 -9999 -9999 -9999 -9999 -9999 1.45594E-1 1.35013E-1 -9999 -9999 1.04525E-1 1.1955E-1 1.08049E-1 9.60128E-2 6.95388E-2 6.4709E-2 5.14149E-2 4.76476E-2 4.19299E-2 4.06498E-2 4.84615E-2 4.42537E-2 4.60473E-2 3.62021E-2 3.99485E-2 2.90959E-2 2.35607E-2 2.2035E-2 2.07237E-2 2.02501E-2 1.99959E-2 1.91113E-2 1.85786E-2 2.14052E-2 1.97665E-2 1.54809E-2 1.50976E-2 1.48295E-2 1.523E-2 1.77807E-2 1.67477E-2 1.72404E-2 1.99817E-2 1.49984E-2 1.5244E-2
-9999 -9999 -9999 -9999 -9999 -9999 -9999 -9999 -9999 -9999 -9999 -9999 -9999 -9999 -9999 -9999 -9999 -9999 -9999 -9999 -9999 -9999 -9999 -9999 -9999 -9999 -9999 -9999 -9999 -9999 -9999 -9999 -9999 1.43894E-1 1.38831E-1 1.20277E-1 1.14364E-1 1.05147E-1 1.18607E-1 1.00788E-1 8.81455E-2 6.78969E-2 5.01569E-2 4.72995E-2 4.40023E-2 4.07324E-2 3.95568E-2 3.62913E-2 4.07619E-2 4.51085E-2 3.9853E-2 3.87997E-2 2.89077E-2 2.10987E-2 2.05854E-2 1.93125E-2 1.87794E-2 1.47792E-2 1.42452E-2 1.67055E-2 1.98853E-2 1.75062E-2 1.32934E-2 1.45343E-2 1.43078E-2 1.39172E-2 1.33506E-2 1.5109E-2 1.52062E-2 1.75616E-2 1.37536E-2 1.34972E-2
-9999 -9999 -9999 -9999 -9999 -9999 -9999 -9999 -9999 -9999 -9999 -9999 -9999 -9999 -9999 -9999 -9999 -9999 -9999 -9999 -9999 -9999 -9999 -9999 -9999 -9999 -9999 -9999 -9999 -9999 -9999 -9999 1.54349E-1 1.47556E-1 1.32588E-1 1.16991E-1 1.12177E-1 1.01855E-1 9.2553E-2 9.97106E-2 8.86718E-2 6.3459E-2 4.8137E-2 5.57561E-2 4.09914E-2 3.72674E-2 3.61687E-2 3.47477E-2 3.71335E-2 3.63756E-2 4.00284E-2 3.42807E-2 3.38881E-2 2.40536E-2 1.89325E-2 1.71809E-2 1.41632E-2 1.40096E-2 1.66301E-2 1.88565E-2 1.81651E-2 1.62534E-2 1.26761E-2 1.22469E-2 1.20649E-2 1.18918E-2 1.43062E-2 1.44778E-2 1.34292E-2 1.28673E-2 1.25504E-2 1.21032E-2
-9999 -9999 -9999 -9999 -9999 -9999 -9999 -9999 -9999 -9999 -9999 -9999 -9999 -9999 -9999 -9999 -9999 -9999 -9999 -9999 -9999 -9999 -9999 -9999 -9999 -9999 -9999 -9999 -9999 -9999 -9999 -9999 1.58418E-1 1.44817E-1 1.30713E-1 1.17264E-1 1.07964E-1 9.76742E-2 8.63199E-2 8.07417E-2 8.74316E-2 7.50387E-2 5.84906E-2 5.33193E-2 3.9471E-2 3.69179E-2 3.34463E-2 3.32037E-2 3.65388E-2 3.34673E-2 3.2003E-2 4.01482E-2 2.43395E-2 1.85046E-2 1.78561E-2 1.37433E-2 1.32512E-2 1.22376E-2 1.17413E-2 1.48401E-2 1.63585E-2 1.4886E-2 1.16328E-2 9.58644E-3 1.10711E-2 1.141E-2 1.36202E-2 1.26305E-2 1.45505E-2 1.41013E-2 1.35024E-2 1.31835E-2
-9999 -9999 -9999 -9999 -9999 -9999 -9999 -9999 -9999 -9999 -9999 -9999 -9999 -9999 -9999 -9999 -9999 -9999 -9999 -9999 -9999 -9999 -9999 -9999 -9999 -9999 -9999 -9999 -9999 -9999 -9999 -9999 1.65759E-1 1.3961E-1 1.51671E-1 1.10424E-1 1.02039E-1 7.69262E-2 7.13089E-2 6.53697E-2 6.85236E-2 6.3987E-2 5.68443E-2 6.1509E-2 4.66291E-2 3.4355E-2 3.20313E-2 3.02632E-2 2.88339E-2 3.30136E-2 3.56088E-2 3.17932E-2 2.31225E-2 1.72633E-2 1.37529E-2 1.25418E-2 1.21681E-2 1.46133E-2 1.32939E-2 1.37016E-2 1.51245E-2 1.35338E-2 1.07058E-2 8.34464E-3 1.01173E-2 1.02263E-2 1.18843E-2 1.38751E-2 1.31774E-2 1.56094E-2 1.52934E-2 1.14302E-2
-9999 -9999 -9999 -9999 -9999 -9999 -9999 -9999 -9999 -9999 -9999 -9999 -9999 -9999 -9999 -9999 -9999 -9999 -9999 -9999 -9999 -9999 -9999 -9999 -9999 -9999 -9999 -9999 -9999 -9999 -9999 -9999 1.55096E-1 1.37371E-1 1.5605E-1 1.30243E-1 9.53901E-2 8.44463E-2 6.38545E-2 5.96104E-2 5.44776E-2 5.17329E-2 5.66595E-2 5.06409E-2 4.38763E-2 3.99137E-2 3.02232E-2 2.92283E-2 2.6346E-2 3.10311E-2 3.33241E-2 2.90823E-2 1.75735E-2 1.64255E-2 1.27998E-2 1.23667E-2 1.15409E-2 1.33485E-2 1.26082E-2 1.21507E-2 1.1042E-2 9.81704E-3 8.09435E-3 7.9591E-3 9.2869E-3 9.20926E-3 1.13022E-2 1.30917E-2 1.46633E-2 1.42408E-2 1.04321E-2 8.05351E-3
-9999 -9999 -9999 -9999 -9999 -9999 -9999 -9999 -9999 -9999 -9999 -9999 -9999 -9999 -9999 -9999 -9999 -9999 -9999 -9999 -9999 -9999 -9999 -9999 -9999 -9999 -9999 -9999 -9999 -9999 -9999 -9999 1.47062E-1 1.38511E-1 1.50413E-1 1.27994E-1 9.40451E-2 8.27738E-2 7.58483E-2 7.07282E-2 6.30295E-2 5.81707E-2 5.33934E-2 4.88415E-2 5.21441E-2 3.82945E-2 2.90919E-2 2.61564E-2 3.01304E-2 2.75038E-2 3.02583E-2 2.22948E-2 2.09576E-2 1.22988E-2 1.16265E-2 1.17735E-2 1.03768E-2 1.02158E-2 1.21066E-2 1.28421E-2 1.01984E-2 9.47707E-3 7.24899E-3 7.18081E-3 7.10819E-3 8.37644E-3 1.00128E-2 1.16084E-2 1.09491E-2 8.22907E-3 7.729E-3 7.86221E-3
-9999 -9999 -9999 -9999 -9999 -9999 -9999 -9999 -9999 -9999 -9999 -9999 -9999 -9999 -9999 -9999 -9999 -9999 -9999 -9999 -9999 -9999 -9999 -9999 -9999 -9999 -9999 -9999 -9999 -9999 -9999 -9999 1.46566E-1 1.31606E-1 1.41311E-1 1.2227E-1 9.3365E-2 7.98782E-2 7.10031E-2 6.78708E-2 6.05523E-2 6.7528E-2 5.95097E-2 5.41957E-2 4.83849E-2 3.68933E-2 3.3849E-2 3.89458E-2 4.28251E-2 3.93313E-2 3.48303E-2 2.10162E-2 1.56667E-2 1.1845E-2 1.16497E-2 1.07479E-2 9.73191E-3 9.59755E-3 1.40587E-2 1.22039E-2 1.13028E-2 8.7077E-3 6.45537E-3 6.52687E-3 8.07215E-3 1.14583E-2 8.8873E-3 1.06371E-2 1.01279E-2 9.0966E-3 7.36481E-3 8.37208E-3
-9999 -9999 -9999 -9999 -9999 -9999 -9999 -9999 -9999 -9999 -9999 -9999 -9999 -9999 -9999 -9999 -9999 -9999 -9999 -9999 -9999 -9999 -9999 -9999 -9999 -9999 -9999 -9999 -9999 -9999 -9999 -9999 1.46491E-1 1.27518E-1 1.1347E-1 1.01905E-1 7.50993E-2 8.17822E-2 6.20205E-2 5.1993E-2 4.90469E-2 6.36279E-2 5.76194E-2 6.34122E-2 4.7664E-2 3.52322E-2 4.0537E-2 3.60726E-2 3.47155E-2 3.67932E-2 2.63269E-2 1.95674E-2 1.45733E-2 1.1205E-2 1.3132E-2 1.21315E-2 1.10539E-2 1.12274E-2 1.32378E-2 1.42501E-2 1.0594E-2 9.88612E-3 9.46692E-3 6.12841E-3 7.41817E-3 7.11649E-3 8.41883E-3 1.02946E-2 1.0829E-2 8.54528E-3 8.00514E-3 6.28449E-3
-9999 -9999 -9999 -9999 -9999 -9999 -9999 -9999 -9999 -9999 -9999 -9999 -9999 -9999 -9999 -9999 -9999 -9999 -9999 -9999 -9999 -9999 -9999 -9999 -9999 -9999 -9999 -9999 2.09165E-1 -9999 -9999 1.5378E-1 1.36767E-1 1.20613E-1 9.0032E-2 8.39804E-2 7.38735E-2 6.67077E-2 5.67464E-2 5.45281E-2 5.4829E-2 5.12184E-2 4.79321E-2 5.18254E-2 5.64336E-2 4.2917E-2 3.759E-2 3.47312E-2 3.20346E-2 2.91016E-2 2.56757E-2 2.29122E-2 1.30652E-2 1.08944E-2 1.19859E-2 1.11997E-2 1.03641E-2 9.71829E-3 9.46691E-3 1.39724E-2 1.18694E-2 1.15574E-2 1.02392E-2 5.17748E-3 6.62306E-3 8.26831E-3 7.44511E-3 7.36189E-3 1.01113E-2 7.63084E-3 5.86408E-3 5.87424E-3
-9999 -9999 -9999 -9999 -9999 -9999 -9999 -9999 -9999 -9999 -9999 -9999 -9999 -9999 -9999 -9999 -9999 -9999 -9999 -9999 -9999 -9999 -9999 -9999 -9999 -9999 -9999 2.76133E-1 2.40196E-1 1.82638E-1 1.65635E-1 1.53478E-1 1.16042E-1 1.02362E-1 8.8902E-2 7.86598E-2 7.1341E-2 6.02988E-2 5.69142E-2 5.06522E-2 5.51295E-2 4.75156E-2 4.59723E-2 4.01519E-2 4.34566E-2 4.02154E-2 3.73206E-2 4.12213E-2 3.72048E-2 3.51206E-2 3.78948E-2 3.23366E-2 1.58794E-2 9.66275E-3 9.08282E-3 9.13674E-3 9.80308E-3 9.60218E-3 1.11699E-2 1.2614E-2 8.99604E-3 1.0761E-2 7.72866E-3 5.88537E-3 5.76552E-3 5.92696E-3 5.70553E-3 8.62854E-3 9.42973E-3 6.97091E-3 6.82145E-3 5.34164E-3
-9999 -9999 -9999 -9999 -9999 -9999 -9999 -9999 -9999 -9999 -9999 -9999 -9999 -9999 -9999 -9999 -9999 -9999 -9999 -9999 -9999 -9999 -9999 -9999 -9999 -9999 -9999 2.73593E-1 2.39708E-1 1.83031E-1 1.66523E-1 1.49481E-1 1.13799E-1 1.0013E-1 8.48036E-2 7.42002E-2 6.80422E-2 6.14099E-2 5.41976E-2 4.69531E-2 5.30059E-2 5.50373E-2 4.19885E-2 3.97026E-2 4.27057E-2 3.90108E-2 3.6388E-2 4.15213E-2 3.68428E-2 3.98859E-2 2.87637E-2 2.53207E-2 1.51517E-2 1.10268E-2 8.61199E-3 8.42762E-3 7.48638E-3 8.66396E-3 8.00313E-3 9.34337E-3 1.08019E-2 7.67304E-3 7.25131E-3 5.51099E-3 4.52132E-3 5.39015E-3 5.28419E-3 6.61201E-3 8.92853E-3 6.63459E-3 6.24885E-3 4.88632E-3
-9999 -9999 -9999 -9999 -9999 -9999 -9999 -9999 -9999 -9999 -9999 -9999 -9999 -9999 -9999 -9999 -9999 -9999 -9999 -9999 -9999 -9999 -9999 -9999 -9999 -9999 -9999 2.28969E-1 2.48372E-1 2.1616E-1 1.66095E-1 1.46084E-1 1.29043E-1 9.53758E-2 8.09714E-2 7.37216E-2 6.63114E-2 6.97291E-2 6.38718E-2 5.73431E-2 7.61411E-2 5.40866E-2 4.17774E-2 3.91076E-2 5.15052E-2 4.6057E-2 4.25394E-2 4.00722E-2 4.25031E-2 3.63491E-2 2.69093E-2 1.58328E-2 1.40768E-2 9.7618E-3 9.79451E-3 7.60795E-3 8.33662E-3 7.79793E-3 7.48251E-3 6.90294E-3 8.10241E-3 7.3262E-3 6.80538E-3 4.30187E-3 4.26242E-3 5.21508E-3 5.19803E-3 5.03066E-3 5.6323E-3 6.31916E-3 6.1077E-3 5.62252E-3
-9999 -9999 -9999 -9999 -9999 -9999 -9999 -9999 -9999 -9999 -9999 -9999 -9999 -9999 -9999 -9999 -9999 -9999 -9999 -9999 -9999 -9999 -9999 -9999 -9999 -9999 2.51278E-1 2.71339E-1 2.4012E-1 2.06979E-1 1.6422E-1 1.43537E-1 1.05216E-1 1.31384E-1 8.19008E-2 8.84728E-2 6.36363E-2 7.12842E-2 6.30566E-2 7.00497E-2 1.10469E-1 9.41605E-2 4.8247E-2 4.4058E-2 5.09034E-2 5.52975E-2 3.94232E-2 3.90398E-2 4.97544E-2 4.33825E-2 2.56393E-2 1.4976E-2 1.10508E-2 1.00127E-2 9.51682E-3 8.67254E-3 8.04857E-3 7.38821E-3 6.86558E-3 6.56228E-3 7.58875E-3 5.7135E-3 5.18959E-3 4.92702E-3 3.6549E-3 4.87518E-3 4.76562E-3 4.49302E-3 5.48582E-3 6.21309E-3 7.0026E-3 5.27478E-3
-9999 -9999 -9999 -9999 -9999 -9999 -9999 -9999 -9999 -9999 -9999 -9999 -9999 -9999 -9999 -9999 -9999 -9999 -9999 -9999 -9999 -9999 -9999 -9999 2.91597E-1 -9999 2.48748E-1 2.63849E-1 2.69714E-1 1.76283E-1 1.57671E-1 1.42732E-1 1.29709E-1 1.51913E-1 9.41704E-2 8.43105E-2 7.14102E-2 6.59504E-2 6.28111E-2 6.86596E-2 1.9285E-1 2.39452E-1 1.18249E-1 7.51922E-2 4.71171E-2 6.09376E-2 3.89204E-2 3.57723E-2 5.03469E-2 4.12777E-2 2.38671E-2 1.43908E-2 1.12191E-2 1.00268E-2 9.27971E-3 8.49637E-3 7.4317E-3 7.42112E-3 8.35215E-3 6.49095E-3 7.31992E-3 5.18101E-3 4.97612E-3 3.83208E-3 4.4749E-3 4.46426E-3 4.35118E-3 4.13751E-3 5.01648E-3 6.02232E-3 5.20262E-3 4.93694E-3
-9999 -9999 -9999 -9999 -9999 -9999 -9999 -9999 -9999 -9999 -9999 -9999 -9999 -9999 -9999 -9999 -9999 -9999 -9999 -9999 -9999 -9999 -9999 -9999 2.84335E-1 3.20428E-1 2.41437E-1 2.59281E-1 2.3364E-1 1.74923E-1 1.56874E-1 1.40684E-1 1.00488E-1 9.07459E-2 9.40281E-2 7.97924E-2 5.85102E-2 5.33929E-2 4.98602E-2 5.62113E-2 1.63243E-1 2.95933E-1 2.7378E-1 1.81201E-1 6.56874E-2 6.03409E-2 4.49888E-2 4.07112E-2 4.63619E-2 3.21482E-2 1.91973E-2 1.37791E-2 1.03777E-2 9.63529E-3 8.75398E-3 7.92926E-3 7.27957E-3 6.80362E-3 6.33251E-3 7.77013E-3 8.28777E-3 5.14662E-3 5.02842E-3 4.78919E-3 4.50996E-3 4.3777E-3 4.0143E-3 3.82386E-3 4.63062E-3 4.34604E-3 4.33627E-3 4.9041E-3
-9999 -9999 -9999 -9999 -9999 -9999 -9999 -9999 -9999 -9999 -9999 -9999 -9999 -9999 -9999 -9999 -9999 -9999 -9999 -9999 -9999 -9999 -9999 -9999 2.85309E-1 2.66767E-1 2.31791E-1 2.11114E-1 1.91413E-1 1.67971E-1 1.5199E-1 1.10358E-1 9.56728E-2 8.36426E-2 7.41695E-2 6.51868E-2 5.75012E-2 5.08815E-2 4.69667E-2 4.21589E-2 7.47622E-2 2.16986E-1 2.77353E-1 2.36816E-1 1.62056E-1 5.56435E-2 5.33508E-2 4.7758E-2 3.52583E-2 2.52622E-2 2.2284E-2 1.27947E-2 1.03881E-2 9.31015E-3 1.03508E-2 7.96064E-3 8.70771E-3 7.74577E-3 5.92332E-3 7.03757E-3 6.80912E-3 6.3129E-3 5.77022E-3 5.56186E-3 4.18841E-3 4.16348E-3 6.41771E-3 5.67023E-3 5.41357E-3 5.26768E-3 6.17211E-3 5.74868E-3
-9999 -9999 -9999 -9999 -9999 -9999 -9999 -9999 -9999 -9999 -9999 -9999 -9999 -9999 -9999 -9999 -9999 -9999 -9999 -9999 -9999 -9999 -9999 -9999 -9999 2.42094E-1 2.30935E-1 -9999 1.87673E-1 1.68198E-1 1.42506E-1 1.27278E-1 9.29075E-2 7.87754E-2 7.27584E-2 6.31329E-2 5.78518E-2 5.97825E-2 4.34349E-2 4.07966E-2 4.62787E-2 9.95542E-2 2.19141E-1 2.13903E-1 8.71288E-2 6.54321E-2 5.90325E-2 4.53115E-2 3.42505E-2 2.42828E-2 1.6849E-2 1.23292E-2 1.16236E-2 1.10171E-2 1.00122E-2 7.42914E-3 1.0815E-2 7.52793E-3 7.40165E-3 6.89496E-3 6.43672E-3 7.24859E-3 6.86408E-3 5.13233E-3 4.18014E-3 8.13391E-3 1.00521E-2 5.2322E-3 5.08109E-3 3.84246E-3 4.68614E-3 4.27142E-3
-9999 -9999 -9999 -9999 -9999 -9999 -9999 -9999 -9999 -9999 -9999 -9999 -9999 -9999 -9999 -9999 -9999 -9999 -9999 -9999 -9999 -9999 -9999 -9999 -9999 -9999 -9999 -9999 -9999 1.59864E-1 1.3616E-1 1.01118E-1 9.28463E-2 7.74692E-2 7.35967E-2 6.13367E-2 6.75515E-2 7.24121E-2 5.1702E-2 3.66396E-2 3.35401E-2 4.04141E-2 6.64394E-2 8.6858E-2 6.4425E-2 9.97355E-2 7.1378E-2 4.33164E-2 3.21453E-2 2.42344E-2 2.10213E-2 1.58407E-2 1.16935E-2 1.30761E-2 9.8135E-3 9.34429E-3 1.362E-2 9.0014E-3 8.95159E-3 8.67891E-3 7.6182E-3 7.1991E-3 6.74616E-3 4.51818E-3 4.6893E-3 7.46855E-3 6.86126E-3 6.27081E-3 7.37035E-3 4.45727E-3 4.48799E-3 4.41269E-3
-9999 -9999 -9999 -9999 -9999 -9999 -9999 -9999 -9999 -9999 -9999 -9999 -9999 -9999 -9999 -9999 -9999 -9999 -9999 -9999 -9999 -9999 -9999 -9999 -9999 -9999 -9999 -9999 -9999 1.18924E-1 1.12465E-1 9.75084E-2 9.06091E-2 7.93269E-2 6.91492E-2 6.08226E-2 6.56959E-2 5.94922E-2 6.10828E-2 5.3277E-2 3.92203E-2 3.65151E-2 3.59311E-2 8.77722E-2 7.65813E-2 9.56475E-2 6.81456E-2 5.11288E-2 3.16478E-2 3.16919E-2 3.9138E-2 1.49304E-2 1.38388E-2 9.89831E-3 9.82829E-3 9.56234E-3 1.05847E-2 1.22852E-2 1.06632E-2 1.00129E-2 9.44478E-3 6.85271E-3 6.38272E-3 4.14032E-3 4.70074E-3 4.53578E-3 8.98097E-3 9.42932E-3 8.40376E-3 5.07329E-3 4.46096E-3 5.23182E-3
-9999 -9999 -9999 -9999 -9999 -9999 -9999 -9999 -9999 -9999 -9999 -9999 -9999 -9999 -9999 -9999 -9999 -9999 -9999 -9999 -9999 -9999 -9999 -9999 -9999 -9999 -9999 -9999 1.34508E-1 1.26199E-1 1.09039E-1 9.77944E-2 8.30181E-2 7.40925E-2 8.11235E-2 7.14165E-2 7.88431E-2 6.82325E-2 5.89727E-2 6.46436E-2 4.5102E-2 4.04441E-2 3.35712E-2 7.44278E-2 8.9895E-2 9.43148E-2 5.38102E-2 3.28923E-2 3.14026E-2 3.74154E-2 1.03034E-1 2.15183E-2 1.69048E-2 1.22241E-2 1.15769E-2 1.0753E-2 9.86391E-3 1.22426E-2 1.32853E-2 1.27332E-2 1.03853E-2 5.78686E-3 7.54626E-3 5.82202E-3 4.15763E-3 4.63623E-3 7.04679E-3 1.15747E-2 7.74175E-3 3.21027E-3 3.6316E-3 3.8883E-3
-9999 -9999 -9999 -9999 -9999 -9999 -9999 -9999 -9999 -9999 -9999 -9999 -9999 -9999 -9999 -9999 -9999 -9999 -9999 -9999 -9999 -9999 -9999 -9999 -9999 -9999 -9999 -9999 1.97833E-1 1.43472E-1 1.05678E-1 9.62887E-2 8.08872E-2 7.1794E-2 6.65512E-2 5.84965E-2 6.24598E-2 6.4135E-2 7.11485E-2 6.33397E-2 5.33364E-2 3.93932E-2 3.86221E-2 1.22957E-1 1.54579E-1 1.08102E-1 6.21043E-2 4.02675E-2 4.74349E-2 2.88865E-2 1.08986E-1 5.74833E-2 1.60698E-2 1.49033E-2 1.3749E-2 1.05699E-2 1.01608E-2 1.20249E-2 1.37871E-2 1.47657E-2 8.72257E-3 7.11791E-3 7.56162E-3 7.0984E-3 5.40732E-3 5.12544E-3 6.69667E-3 1.15301E-2 9.32713E-3 4.11357E-3 3.6674E-3 3.72015E-3
-9999 -9999 -9999 -9999 -9999 -9999 -9999 -9999 -9999 -9999 -9999 -9999 -9999 -9999 -9999 -9999 -9999 -9999 -9999 -9999 -9999 3.89104E-1 -9999 -9999 -9999 -9999 2.09699E-1 1.78524E-1 1.95289E-1 1.37032E-1 9.82383E-2 9.08986E-2 8.12652E-2 6.80177E-2 6.36907E-2 5.42359E-2 5.77542E-2 6.17103E-2 4.61783E-2 4.84048E-2 4.4817E-2 3.94148E-2 3.63926E-2 8.29354E-2 1.24116E-1 1.26882E-1 5.17898E-2 3.81526E-2 4.56749E-2 4.05173E-2 7.42409E-2 9.24847E-2 3.64607E-2 3.32686E-2 1.9631E-2 1.23344E-2 1.2215E-2 1.42441E-2 1.58047E-2 1.31807E-2 6.72935E-3 7.52868E-3 9.37725E-3 8.93341E-3 7.46966E-3 4.2907E-3 6.47541E-3 1.1155E-2 5.66208E-3 4.15216E-3 5.62409E-3 4.30895E-3
-9999 -9999 -9999 -9999 -9999 -9999 -9999 -9999 -9999 -9999 -9999 -9999 -9999 -9999 -9999 -9999 -9999 -9999 -9999 4.34284E-1 4.09029E-1 3.81438E-1 -9999 -9999 -9999 2.18202E-1 2.01122E-1 2.13399E-1 1.81043E-1 1.3211E-1 9.88645E-2 8.67473E-2 7.84653E-2 6.9839E-2 5.59054E-2 5.07251E-2 4.54982E-2 4.97432E-2 4.40564E-2 3.63331E-2 3.3559E-2 3.2537E-2 3.56553E-2 3.33036E-2 8.51826E-2 8.31848E-2 5.06138E-2 4.72388E-2 5.64646E-2 4.90164E-2 4.8097E-2 6.00211E-2 5.70046E-2 7.15132E-2 2.25876E-2 1.15057E-2 1.11058E-2 1.04756E-2 1.23267E-2 1.1196E-2 9.54983E-3 9.81802E-3 1.16594E-2 8.0403E-3 7.21959E-3 5.63185E-3 6.32435E-3 1.0693E-2 7.63552E-3 5.94091E-3 6.9985E-3 4.81443E-3
-9999 -9999 -9999 -9999 -9999 -9999 -9999 -9999 -9999 -9999 -9999 -9999 -9999 -9999 -9999 -9999 -9999 -9999 -9999 4.38198E-1 4.00639E-1 3.76699E-1 3.29619E-1 2.66671E-1 2.33818E-1 2.06538E-1 1.90383E-1 2.06459E-1 2.08521E-1 1.25574E-1 1.13142E-1 9.38253E-2 6.82409E-2 6.47203E-2 5.37204E-2 5.03285E-2 4.45433E-2 3.77878E-2 5.04371E-2 3.51412E-2 2.78808E-2 3.10159E-2 3.38711E-2 3.77903E-2 5.32452E-2 5.68401E-2 4.06495E-2 4.68334E-2 5.20536E-2 5.76614E-2 5.35475E-2 5.86378E-2 2.30332E-2 4.183E-2 3.44762E-2 1.69279E-2 1.64545E-2 1.60877E-2 2.3603E-2 2.16054E-2 1.28633E-2 1.54054E-2 1.35808E-2 9.94831E-3 9.1617E-3 6.09795E-3 7.01811E-3 1.35988E-2 1.45922E-2 1.02768E-2 6.23529E-3 5.75461E-3
-9999 -9999 -9999 -9999 -9999 -9999 -9999 -9999 -9999 -9999 -9999 -9999 -9999 -9999 -9999 -9999 -9999 -9999 -9999 4.21644E-1 4.05047E-1 4.79217E-1 3.12001E-1 2.33305E-1 2.15798E-1 2.02207E-1 1.85692E-1 1.63565E-1 2.05528E-1 1.46854E-1 1.03741E-1 7.70374E-2 6.67055E-2 6.03779E-2 5.23657E-2 4.59538E-2 3.98346E-2 3.63111E-2 3.15217E-2 2.83652E-2 2.56E-2 3.03769E-2 3.38618E-2 5.30468E-2 4.79285E-2 3.74607E-2 4.04471E-2 4.32828E-2 3.21032E-2 3.52419E-2 3.33242E-2 5.30923E-2 1.68703E-2 2.01379E-2 3.59305E-2 1.85538E-2 1.88469E-2 1.44113E-2 2.29044E-2 3.07952E-2 2.44203E-2 2.8658E-2 2.14236E-2 2.30152E-2 1.33915E-2 8.82992E-3 1.29266E-2 1.28125E-2 1.82325E-2 1.67253E-2 1.4909E-2 8.92878E-3
-9999 -9999 -9999 -9999 -9999 -9999 -9999 -9999 -9999 -9999 -9999 -9999 -9999 -9999 -9999 -9999 -9999 -9999 -9999 4.23674E-1 4.6097E-1 4.74933E-1 3.49862E-1 2.71138E-1 2.11021E-1 1.98367E-1 1.72737E-1 1.5441E-1 1.68535E-1 1.74312E-1 1.22353E-1 8.53574E-2 6.40059E-2 5.65296E-2 4.99436E-2 4.33994E-2 3.96385E-2 3.35463E-2 2.50657E-2 2.19284E-2 2.55071E-2 2.8352E-2 4.91282E-2 6.07226E-2 3.61023E-2 4.25299E-2 3.75555E-2 3.31037E-2 2.3225E-2 1.78401E-2 2.06289E-2 1.62809E-2 1.21259E-2 1.54462E-2 2.31674E-2 1.33765E-2 9.01484E-3 8.18393E-3 1.27438E-2 4.19241E-2 4.32466E-2 3.41323E-2 3.63163E-2 3.37125E-2 1.47656E-2 8.58056E-3 1.47851E-2 9.89251E-3 2.65301E-2 1.77572E-2 1.34193E-2 6.59035E-3
