Artocarpus altilis SDM files/MIS19/results (with bias file)/Artalt_min.asc
ncols         1201
nrows         481
xllcorner     119.99986351115
yllcorner     -15.00013828885
cellsize      0.041666667
NODATA_value  -9999
[rows 416 to 447 of 481, columns 216 to 287 of 1201]
-9999 -9999 -9999 -9999 -9999 -9999 -9999 -9999 -9999 -9999 -9999 -9999 -9999 -9999 -9999 -9999 -9999 -9999 -9999 -9999 -9999 -9999 -9999 -9999 -9999 -9999 -9999 -9999 -9999 -9999 -9999 -9999 -9999 -9999 -9999 -9999 -9999 -9999 -9999 -9999 -9999 -9999 -9999 -9999 -9999 2.71959E-2 -9999 -9999 2.33171E-2 2.08081E-2 2.33302E-2 2.06519E-2 1.53486E-2 1.40665E-2 1.35E-2 1.09944E-2 1.09071E-2 1.03602E-2 1.02568E-2 9.76388E-3 9.92413E-3 9.04601E-3 9.14636E-3 8.96176E-3 8.95277E-3 8.7629E-3 8.63835E-3 8.39276E-3 9.7461E-3 9.07987E-3 8.91929E-3 7.76494E-3
-9999 -9999 -9999 -9999 -9999 -9999 -9999 -9999 -9999 -9999 -9999 -9999 -9999 -9999 -9999 -9999 -9999 -9999 -9999 -9999 -9999 -9999 -9999 -9999 -9999 -9999 -9999 -9999 -9999 -9999 -9999 -9999 -9999 -9999 -9999 -9999 -9999 -9999 -9999 -9999 -9999 -9999 -9999 -9999 2.66701E-2 2.57602E-2 2.39417E-2 2.1665E-2 1.89273E-2 1.94124E-2 1.82021E-2 2.03763E-2 1.83414E-2 1.31426E-2 1.05357E-2 1.0355E-2 9.60244E-3 9.09128E-3 8.55337E-3 8.55943E-3 8.05672E-3 7.95201E-3 7.56419E-3 7.50224E-3 7.47628E-3 7.42584E-3 7.36109E-3 7.15911E-3 8.35881E-3 8.28212E-3 6.45002E-3 6.05627E-3
-9999 -9999 -9999 -9999 -9999 -9999 -9999 -9999 -9999 -9999 -9999 -9999 -9999 -9999 -9999 -9999 -9999 -9999 -9999 -9999 -9999 -9999 -9999 -9999 -9999 -9999 -9999 -9999 -9999 -9999 -9999 -9999 -9999 -9999 -9999 -9999 -9999 5.59495E-2 5.0426E-2 5.2677E-2 3.905E-2 -9999 -9999 2.97065E-2 2.74777E-2 3.06702E-2 2.29131E-2 1.97512E-2 1.82067E-2 1.7619E-2 1.64406E-2 1.52228E-2 1.66885E-2 1.1832E-2 9.70254E-3 9.36231E-3 8.79954E-3 7.96381E-3 7.73691E-3 9.38208E-3 7.27104E-3 6.8833E-3 6.72427E-3 6.56214E-3 6.88382E-3 6.72092E-3 6.50108E-3 7.61083E-3 7.51348E-3 7.11661E-3 5.39792E-3 5.60948E-3
-9999 -9999 -9999 -9999 -9999 -9999 -9999 -9999 -9999 -9999 -9999 -9999 -9999 -9999 -9999 -9999 -9999 -9999 -9999 -9999 -9999 -9999 -9999 -9999 -9999 -9999 -9999 -9999 -9999 -9999 -9999 -9999 -9999 -9999 7.22266E-2 -9999 -9999 5.49558E-2 5.00931E-2 5.30961E-2 4.60211E-2 4.08235E-2 2.95059E-2 2.88789E-2 2.65817E-2 2.99744E-2 2.70929E-2 2.35246E-2 2.13124E-2 1.58762E-2 1.46289E-2 1.41417E-2 1.2392E-2 9.54525E-3 8.88277E-3 8.3063E-3 7.42E-3 6.96398E-3 6.82325E-3 6.82457E-3 6.28772E-3 6.23914E-3 5.87565E-3 5.65891E-3 5.52835E-3 5.39792E-3 5.48524E-3 6.36509E-3 6.22423E-3 6.43221E-3 6.15344E-3 6.10725E-3
-9999 -9999 -9999 -9999 -9999 -9999 -9999 -9999 -9999 -9999 -9999 -9999 -9999 -9999 -9999 -9999 -9999 -9999 -9999 -9999 -9999 -9999 -9999 -9999 -9999 -9999 -9999 -9999 -9999 -9999 -9999 -9999 -9999 -9999 7.59799E-2 -9999 -9999 5.2962E-2 4.58523E-2 4.24232E-2 3.80835E-2 3.99916E-2 2.84681E-2 2.30259E-2 2.56317E-2 1.88387E-2 1.72321E-2 2.34717E-2 2.05543E-2 1.45916E-2 1.44676E-2 1.52109E-2 1.12528E-2 8.15506E-3 7.47676E-3 7.48496E-3 7.25675E-3 6.85319E-3 6.52041E-3 6.33646E-3 7.23842E-3 5.55669E-3 5.30082E-3 5.21377E-3 5.24519E-3 4.92335E-3 4.91961E-3 5.7952E-3 5.60226E-3 5.30523E-3 5.0255E-3 5.04596E-3
-9999 -9999 -9999 -9999 -9999 -9999 -9999 -9999 -9999 -9999 -9999 -9999 -9999 -9999 -9999 -9999 -9999 -9999 -9999 -9999 -9999 -9999 -9999 -9999 -9999 -9999 -9999 -9999 -9999 -9999 -9999 -9999 -9999 7.4805E-2 6.79541E-2 -9999 -9999 4.87057E-2 5.60667E-2 4.97528E-2 4.32323E-2 3.00089E-2 2.7423E-2 2.10018E-2 1.89342E-2 1.61508E-2 1.53599E-2 1.83224E-2 1.63597E-2 1.69903E-2 1.29717E-2 1.42116E-2 1.00725E-2 7.90905E-3 7.21534E-3 6.74522E-3 6.48211E-3 6.38144E-3 6.03065E-3 5.76692E-3 6.65662E-3 6.0854E-3 4.68891E-3 4.4921E-3 4.39541E-3 4.49727E-3 5.22833E-3 4.89812E-3 5.0192E-3 5.8461E-3 4.30946E-3 4.34375E-3
-9999 -9999 -9999 -9999 -9999 -9999 -9999 -9999 -9999 -9999 -9999 -9999 -9999 -9999 -9999 -9999 -9999 -9999 -9999 -9999 -9999 -9999 -9999 -9999 -9999 -9999 -9999 -9999 -9999 -9999 -9999 -9999 -9999 7.30305E-2 7.04431E-2 5.87595E-2 5.50901E-2 4.91245E-2 5.54991E-2 4.60224E-2 3.92074E-2 2.91073E-2 2.05504E-2 1.89331E-2 1.73145E-2 1.55655E-2 1.48538E-2 1.3339E-2 1.49043E-2 1.63884E-2 1.41649E-2 1.3682E-2 9.88477E-3 6.97665E-3 6.68976E-3 6.17824E-3 5.96243E-3 4.53004E-3 4.32771E-3 5.05124E-3 6.07001E-3 5.2897E-3 3.91816E-3 4.32819E-3 4.20092E-3 4.01673E-3 3.77955E-3 4.30476E-3 4.29275E-3 5.01751E-3 3.86118E-3 3.73344E-3
-9999 -9999 -9999 -9999 -9999 -9999 -9999 -9999 -9999 -9999 -9999 -9999 -9999 -9999 -9999 -9999 -9999 -9999 -9999 -9999 -9999 -9999 -9999 -9999 -9999 -9999 -9999 -9999 -9999 -9999 -9999 -9999 7.98692E-2 7.54081E-2 6.64117E-2 5.67385E-2 5.37455E-2 4.75549E-2 4.21317E-2 4.49413E-2 3.91245E-2 2.69828E-2 1.95307E-2 2.25363E-2 1.60021E-2 1.40682E-2 1.3408E-2 1.26346E-2 1.34065E-2 1.29114E-2 1.40922E-2 1.18579E-2 1.16636E-2 8.01875E-3 6.08829E-3 5.39347E-3 4.33963E-3 4.23587E-3 5.01638E-3 5.68035E-3 5.42239E-3 4.81718E-3 3.68812E-3 3.49492E-3 3.39667E-3 3.305E-3 3.98025E-3 4.03761E-3 3.71641E-3 3.52099E-3 3.41102E-3 3.26372E-3
-9999 -9999 -9999 -9999 -9999 -9999 -9999 -9999 -9999 -9999 -9999 -9999 -9999 -9999 -9999 -9999 -9999 -9999 -9999 -9999 -9999 -9999 -9999 -9999 -9999 -9999 -9999 -9999 -9999 -9999 -9999 -9999 8.25577E-2 7.36407E-2 6.46854E-2 5.6895E-2 5.17299E-2 4.51218E-2 3.86456E-2 3.55114E-2 3.80505E-2 3.19763E-2 2.41388E-2 2.13158E-2 1.52661E-2 1.38954E-2 1.22926E-2 1.19218E-2 1.30119E-2 1.16461E-2 1.10069E-2 1.39824E-2 8.12871E-3 5.97564E-3 5.65065E-3 4.22443E-3 3.99507E-3 3.61892E-3 3.40054E-3 4.35244E-3 4.81009E-3 4.35684E-3 3.31198E-3 2.66736E-3 3.05145E-3 3.10455E-3 3.74108E-3 3.44242E-3 3.96548E-3 3.8132E-3 3.61411E-3 3.50516E-3
-9999 -9999 -9999 -9999 -9999 -9999 -9999 -9999 -9999 -9999 -9999 -9999 -9999 -9999 -9999 -9999 -9999 -9999 -9999 -9999 -9999 -9999 -9999 -9999 -9999 -9999 -9999 -9999 -9999 -9999 -9999 -9999 8.66466E-2 7.03266E-2 7.59761E-2 5.32644E-2 4.81398E-2 3.4801E-2 3.16425E-2 2.8092E-2 2.91517E-2 2.67461E-2 2.30807E-2 2.47186E-2 1.81899E-2 1.28263E-2 1.16413E-2 1.07214E-2 9.99463E-3 1.14518E-2 1.22903E-2 1.07819E-2 7.6202E-3 5.47712E-3 4.22541E-3 3.77067E-3 3.59535E-3 4.3168E-3 3.87691E-3 3.9383E-3 4.35895E-3 3.87268E-3 2.98733E-3 2.24329E-3 2.72982E-3 2.73548E-3 3.18809E-3 3.70005E-3 3.46733E-3 4.18543E-3 4.07782E-3 2.96441E-3
-9999 -9999 -9999 -9999 -9999 -9999 -9999 -9999 -9999 -9999 -9999 -9999 -9999 -9999 -9999 -9999 -9999 -9999 -9999 -9999 -9999 -9999 -9999 -9999 -9999 -9999 -9999 -9999 -9999 -9999 -9999 -9999 7.96712E-2 6.88892E-2 7.79806E-2 6.37101E-2 4.41904E-2 3.83199E-2 2.75744E-2 2.53099E-2 2.25938E-2 2.0966E-2 2.27476E-2 1.97952E-2 1.68528E-2 1.49696E-2 1.09244E-2 1.02729E-2 9.01862E-3 1.05935E-2 1.13282E-2 9.73247E-3 5.59985E-3 5.14644E-3 3.86432E-3 3.66492E-3 3.36375E-3 3.8975E-3 3.63087E-3 3.46344E-3 3.07705E-3 2.7105E-3 2.18176E-3 2.11437E-3 2.45139E-3 2.39853E-3 2.95998E-3 3.44143E-3 3.8705E-3 3.76697E-3 2.66936E-3 2.00048E-3
-9999 -9999 -9999 -9999 -9999 -9999 -9999 -9999 -9999 -9999 -9999 -9999 -9999 -9999 -9999 -9999 -9999 -9999 -9999 -9999 -9999 -9999 -9999 -9999 -9999 -9999 -9999 -9999 -9999 -9999 -9999 -9999 7.44875E-2 6.89913E-2 7.44344E-2 6.17654E-2 4.34417E-2 3.73861E-2 3.34569E-2 3.03691E-2 2.62684E-2 2.35314E-2 2.11606E-2 1.88993E-2 2.00759E-2 1.4205E-2 1.04113E-2 9.03122E-3 1.03122E-2 9.20237E-3 1.01331E-2 7.27858E-3 6.67421E-3 3.75445E-3 3.46499E-3 3.44771E-3 2.97739E-3 2.88997E-3 3.41633E-3 3.62641E-3 2.81509E-3 2.56886E-3 1.90241E-3 1.86039E-3 1.81774E-3 2.13516E-3 2.57294E-3 2.99029E-3 2.80533E-3 2.05458E-3 1.89961E-3 1.92092E-3
-9999 -9999 -9999 -9999 -9999 -9999 -9999 -9999 -9999 -9999 -9999 -9999 -9999 -9999 -9999 -9999 -9999 -9999 -9999 -9999 -9999 -9999 -9999 -9999 -9999 -9999 -9999 -9999 -9999 -9999 -9999 -9999 7.41879E-2 6.52336E-2 6.94186E-2 5.87287E-2 4.30382E-2 3.57257E-2 3.0788E-2 2.88152E-2 2.49905E-2 2.751E-2 2.37067E-2 2.10484E-2 1.84347E-2 1.353E-2 1.20434E-2 1.37633E-2 1.50024E-2 1.3477E-2 1.16827E-2 6.76595E-3 4.85753E-3 3.54395E-3 3.43843E-3 3.11276E-3 2.74803E-3 2.67252E-3 3.97663E-3 3.4036E-3 3.12153E-3 2.33462E-3 1.66386E-3 1.65177E-3 2.05849E-3 2.97659E-3 2.23982E-3 2.68055E-3 2.54533E-3 2.25154E-3 1.77169E-3 2.0098E-3
-9999 -9999 -9999 -9999 -9999 -9999 -9999 -9999 -9999 -9999 -9999 -9999 -9999 -9999 -9999 -9999 -9999 -9999 -9999 -9999 -9999 -9999 -9999 -9999 -9999 -9999 -9999 -9999 -9999 -9999 -9999 -9999 7.40904E-2 6.26531E-2 5.46442E-2 4.80276E-2 3.37544E-2 3.64083E-2 2.65513E-2 2.13148E-2 1.98016E-2 2.55459E-2 2.27128E-2 2.48289E-2 1.80623E-2 1.27823E-2 1.44544E-2 1.26112E-2 1.18769E-2 1.24957E-2 8.66578E-3 6.25488E-3 4.48112E-3 3.30771E-3 3.85451E-3 3.49637E-3 3.14383E-3 3.13454E-3 3.68406E-3 3.98949E-3 2.87822E-3 2.64208E-3 2.47893E-3 1.54276E-3 1.85053E-3 1.75768E-3 2.09541E-3 2.57333E-3 2.70429E-3 2.08055E-3 1.91891E-3 1.46896E-3
-9999 -9999 -9999 -9999 -9999 -9999 -9999 -9999 -9999 -9999 -9999 -9999 -9999 -9999 -9999 -9999 -9999 -9999 -9999 -9999 -9999 -9999 -9999 -9999 -9999 -9999 -9999 -9999 1.14107E-1 -9999 -9999 7.95176E-2 6.85049E-2 5.89536E-2 4.20146E-2 3.84804E-2 3.27588E-2 2.91268E-2 2.37756E-2 2.23991E-2 2.20601E-2 2.00577E-2 1.8438E-2 1.96962E-2 2.13976E-2 1.56731E-2 1.3297E-2 1.2019E-2 1.08588E-2 9.62881E-3 8.31785E-3 7.28839E-3 3.95084E-3 3.19145E-3 3.47688E-3 3.19338E-3 2.90039E-3 2.6776E-3 2.56253E-3 3.84645E-3 3.23548E-3 3.0687E-3 2.69304E-3 1.27666E-3 1.62393E-3 2.04849E-3 1.81505E-3 1.76971E-3 2.48315E-3 1.82567E-3 1.362E-3 1.34862E-3
-9999 -9999 -9999 -9999 -9999 -9999 -9999 -9999 -9999 -9999 -9999 -9999 -9999 -9999 -9999 -9999 -9999 -9999 -9999 -9999 -9999 -9999 -9999 -9999 -9999 -9999 -9999 1.61028E-1 1.37195E-1 9.89682E-2 8.73969E-2 7.93043E-2 5.73093E-2 4.8906E-2 4.13645E-2 3.54564E-2 3.13725E-2 2.56617E-2 2.36376E-2 2.04302E-2 2.20039E-2 1.84259E-2 1.74893E-2 1.4758E-2 1.591E-2 1.44309E-2 1.30042E-2 1.42611E-2 1.26577E-2 1.16539E-2 1.253E-2 1.04879E-2 4.86408E-3 2.80732E-3 2.57193E-3 2.5635E-3 2.70276E-3 2.6078E-3 3.04071E-3 3.41872E-3 2.37134E-3 2.83646E-3 1.98224E-3 1.44511E-3 1.39506E-3 1.414E-3 1.34646E-3 2.06163E-3 2.27682E-3 1.63039E-3 1.57056E-3 1.19879E-3
-9999 -9999 -9999 -9999 -9999 -9999 -9999 -9999 -9999 -9999 -9999 -9999 -9999 -9999 -9999 -9999 -9999 -9999 -9999 -9999 -9999 -9999 -9999 -9999 -9999 -9999 -9999 1.59681E-1 1.35663E-1 9.91929E-2 8.79288E-2 7.6662E-2 5.59028E-2 4.75635E-2 3.89845E-2 3.29689E-2 2.95865E-2 2.59954E-2 2.22514E-2 1.85713E-2 2.07461E-2 2.14706E-2 1.57551E-2 1.43909E-2 1.54421E-2 1.37538E-2 1.26087E-2 1.42259E-2 1.23793E-2 1.3363E-2 9.35057E-3 8.05455E-3 4.58731E-3 3.19481E-3 2.40654E-3 2.34329E-3 2.00045E-3 2.31684E-3 2.09948E-3 2.45765E-3 2.84521E-3 1.96463E-3 1.83183E-3 1.34624E-3 1.07891E-3 1.26885E-3 1.22413E-3 1.53186E-3 2.12422E-3 1.53324E-3 1.42175E-3 1.07207E-3
-9999 -9999 -9999 -9999 -9999 -9999 -9999 -9999 -9999 -9999 -9999 -9999 -9999 -9999 -9999 -9999 -9999 -9999 -9999 -9999 -9999 -9999 -9999 -9999 -9999 -9999 -9999 1.24641E-1 1.40745E-1 1.19495E-1 8.75998E-2 7.44083E-2 6.35661E-2 4.47482E-2 3.67825E-2 3.26936E-2 2.86255E-2 2.95562E-2 2.64554E-2 2.30995E-2 3.07126E-2 2.09685E-2 1.56556E-2 1.4127E-2 1.86909E-2 1.63845E-2 1.4815E-2 1.36075E-2 1.4331E-2 1.20113E-2 8.68489E-3 4.83919E-3 4.1832E-3 2.77241E-3 2.72753E-3 2.06236E-3 2.23246E-3 2.05363E-3 1.92892E-3 1.76435E-3 2.07917E-3 1.85353E-3 1.69222E-3 1.03003E-3 9.91429E-4 1.21768E-3 1.21312E-3 1.15164E-3 1.26563E-3 1.42794E-3 1.36859E-3 1.2467E-3
-9999 -9999 -9999 -9999 -9999 -9999 -9999 -9999 -9999 -9999 -9999 -9999 -9999 -9999 -9999 -9999 -9999 -9999 -9999 -9999 -9999 -9999 -9999 -9999 -9999 -9999 1.36859E-1 1.56696E-1 1.34801E-1 1.13119E-1 8.62731E-2 7.27124E-2 5.06105E-2 6.32971E-2 3.72473E-2 3.94686E-2 2.71789E-2 3.00618E-2 2.57737E-2 2.84594E-2 4.57517E-2 3.83763E-2 1.8127E-2 1.60352E-2 1.83894E-2 1.97648E-2 1.35948E-2 1.31516E-2 1.68815E-2 1.4496E-2 8.17154E-3 4.51563E-3 3.20087E-3 2.80077E-3 2.63255E-3 2.37005E-3 2.13486E-3 1.92067E-3 1.75229E-3 1.65638E-3 1.91757E-3 1.40859E-3 1.24842E-3 1.158E-3 8.18584E-4 1.11965E-3 1.08867E-3 1.00016E-3 1.21256E-3 1.38386E-3 1.56852E-3 1.15071E-3
-9999 -9999 -9999 -9999 -9999 -9999 -9999 -9999 -9999 -9999 -9999 -9999 -9999 -9999 -9999 -9999 -9999 -9999 -9999 -9999 -9999 -9999 -9999 -9999 1.58703E-1 -9999 1.35652E-1 1.51077E-1 1.53964E-1 9.43894E-2 8.18977E-2 7.21755E-2 6.33493E-2 7.44462E-2 4.29982E-2 3.71591E-2 3.07114E-2 2.75116E-2 2.561E-2 2.74633E-2 8.4746E-2 1.08183E-1 4.84646E-2 2.87428E-2 1.6832E-2 2.18497E-2 1.33578E-2 1.19045E-2 1.69284E-2 1.3606E-2 7.54196E-3 4.29313E-3 3.26079E-3 2.807E-3 2.55118E-3 2.30777E-3 1.9535E-3 1.90957E-3 2.15975E-3 1.63366E-3 1.83273E-3 1.25984E-3 1.18975E-3 8.77412E-4 1.0167E-3 1.00334E-3 9.71631E-4 9.02578E-4 1.09623E-3 1.32973E-3 1.13111E-3 1.05846E-3
-9999 -9999 -9999 -9999 -9999 -9999 -9999 -9999 -9999 -9999 -9999 -9999 -9999 -9999 -9999 -9999 -9999 -9999 -9999 -9999 -9999 -9999 -9999 -9999 1.5472E-1 1.87416E-1 1.31683E-1 1.47605E-1 1.30764E-1 9.26053E-2 8.13478E-2 7.08437E-2 4.77095E-2 4.19457E-2 4.25357E-2 3.49189E-2 2.43998E-2 2.17892E-2 1.97627E-2 2.20137E-2 6.93791E-2 1.36672E-1 1.24826E-1 7.65162E-2 2.43945E-2 2.17183E-2 1.54932E-2 1.36687E-2 1.54122E-2 1.03696E-2 5.88438E-3 4.06963E-3 2.96033E-3 2.67018E-3 2.37141E-3 2.11744E-3 1.90411E-3 1.73084E-3 1.58291E-3 1.95378E-3 2.08841E-3 1.23577E-3 1.18772E-3 1.11872E-3 1.02653E-3 9.78416E-4 8.78698E-4 8.27113E-4 1.00246E-3 9.25713E-4 9.22679E-4 1.03854E-3
-9999 -9999 -9999 -9999 -9999 -9999 -9999 -9999 -9999 -9999 -9999 -9999 -9999 -9999 -9999 -9999 -9999 -9999 -9999 -9999 -9999 -9999 -9999 -9999 1.55317E-1 1.45324E-1 1.26584E-1 1.15741E-1 1.02974E-1 8.79736E-2 7.74192E-2 5.36975E-2 4.486E-2 3.78795E-2 3.25595E-2 2.76841E-2 2.39003E-2 2.05001E-2 1.83516E-2 1.60224E-2 2.89543E-2 9.36077E-2 1.24608E-1 1.03372E-1 6.59582E-2 1.9965E-2 1.8562E-2 1.61566E-2 1.15231E-2 7.93072E-3 6.85117E-3 3.70853E-3 2.93047E-3 2.55921E-3 2.82064E-3 2.10416E-3 2.27423E-3 1.98599E-3 1.45579E-3 1.74277E-3 1.67257E-3 1.52251E-3 1.36253E-3 1.30016E-3 9.35459E-4 9.18723E-4 1.44019E-3 1.25883E-3 1.17624E-3 1.12396E-3 1.32322E-3 1.21108E-3
-9999 -9999 -9999 -9999 -9999 -9999 -9999 -9999 -9999 -9999 -9999 -9999 -9999 -9999 -9999 -9999 -9999 -9999 -9999 -9999 -9999 -9999 -9999 -9999 -9999 1.32172E-1 1.26193E-1 -9999 1.00457E-1 8.72767E-2 7.13656E-2 6.17585E-2 4.27864E-2 3.51252E-2 3.17834E-2 2.66004E-2 2.38474E-2 2.4088E-2 1.68163E-2 1.53792E-2 1.70579E-2 3.8583E-2 9.36057E-2 9.1226E-2 3.29163E-2 2.34253E-2 2.06136E-2 1.52554E-2 1.11048E-2 7.54637E-3 4.99569E-3 3.5035E-3 3.25632E-3 3.01803E-3 2.70317E-3 1.93041E-3 2.84735E-3 1.91588E-3 1.85499E-3 1.699E-3 1.55885E-3 1.74576E-3 1.63233E-3 1.18854E-3 9.44498E-4 1.86582E-3 2.36819E-3 1.1498E-3 1.09858E-3 8.10289E-4 9.80944E-4 8.82763E-4
-9999 -9999 -9999 -9999 -9999 -9999 -9999 -9999 -9999 -9999 -9999 -9999 -9999 -9999 -9999 -9999 -9999 -9999 -9999 -9999 -9999 -9999 -9999 -9999 -9999 -9999 -9999 -9999 -9999 8.17848E-2 6.73314E-2 4.7599E-2 4.27364E-2 3.4388E-2 3.19045E-2 2.5382E-2 2.77707E-2 2.93765E-2 2.0039E-2 1.359E-2 1.20309E-2 1.43713E-2 2.43052E-2 3.25433E-2 2.30037E-2 3.64724E-2 2.53654E-2 1.4405E-2 1.02422E-2 7.44102E-3 6.30832E-3 4.62563E-3 3.24771E-3 3.60628E-3 2.65558E-3 2.46687E-3 3.62781E-3 2.31094E-3 2.26978E-3 2.16242E-3 1.85685E-3 1.71183E-3 1.59807E-3 1.06287E-3 1.05358E-3 1.69226E-3 1.54E-3 1.37747E-3 1.62887E-3 9.4086E-4 9.28919E-4 9.00726E-4
-9999 -9999 -9999 -9999 -9999 -9999 -9999 -9999 -9999 -9999 -9999 -9999 -9999 -9999 -9999 -9999 -9999 -9999 -9999 -9999 -9999 -9999 -9999 -9999 -9999 -9999 -9999 -9999 -9999 5.84168E-2 5.44274E-2 4.54653E-2 4.14308E-2 3.50488E-2 2.95123E-2 2.5112E-2 2.67969E-2 2.3417E-2 2.3687E-2 2.01259E-2 1.41597E-2 1.29284E-2 1.23987E-2 3.20861E-2 2.72034E-2 3.45604E-2 2.38662E-2 1.71436E-2 1.003E-2 9.75423E-3 1.21647E-2 4.31908E-3 3.87052E-3 2.66457E-3 2.65827E-3 2.49806E-3 2.73886E-3 3.18536E-3 2.69833E-3 2.49547E-3 2.32133E-3 1.62703E-3 1.48966E-3 9.64667E-4 1.06353E-3 9.99116E-4 2.01555E-3 2.11418E-3 1.87112E-3 1.07898E-3 9.21191E-4 1.07552E-3
-9999 -9999 -9999 -9999 -9999 -9999 -9999 -9999 -9999 -9999 -9999 -9999 -9999 -9999 -9999 -9999 -9999 -9999 -9999 -9999 -9999 -9999 -9999 -9999 -9999 -9999 -9999 -9999 6.76056E-2 6.23477E-2 5.23394E-2 4.56044E-2 3.71038E-2 3.21832E-2 3.49395E-2 2.97559E-2 3.2344E-2 2.72124E-2 2.26477E-2 2.4617E-2 1.64853E-2 1.43484E-2 1.14949E-2 2.65882E-2 3.23405E-2 3.39176E-2 1.82983E-2 1.0524E-2 9.82985E-3 1.15996E-2 3.47796E-2 6.32647E-3 4.79388E-3 3.31066E-3 3.0945E-3 2.79067E-3 2.56018E-3 3.13387E-3 3.38928E-3 3.21735E-3 2.57646E-3 1.41546E-3 1.77107E-3 1.33741E-3 9.32415E-4 1.02078E-3 1.54016E-3 2.61022E-3 1.72364E-3 6.90643E-4 7.48398E-4 7.75768E-4
-9999 -9999 -9999 -9999 -9999 -9999 -9999 -9999 -9999 -9999 -9999 -9999 -9999 -9999 -9999 -9999 -9999 -9999 -9999 -9999 -9999 -9999 -9999 -9999 -9999 -9999 -9999 -9999 1.03594E-1 7.1864E-2 5.02524E-2 4.46924E-2 3.5887E-2 3.08745E-2 2.8051E-2 2.36239E-2 2.48539E-2 2.51458E-2 2.76995E-2 2.39304E-2 1.9655E-2 1.38661E-2 1.32473E-2 4.58617E-2 5.90568E-2 3.94874E-2 2.11954E-2 1.29774E-2 1.51258E-2 8.75818E-3 3.65736E-2 1.8162E-2 4.51518E-3 4.09323E-3 3.66731E-3 2.73093E-3 2.59985E-3 3.03024E-3 3.47535E-3 3.74116E-3 2.20363E-3 1.73434E-3 1.75667E-3 1.62265E-3 1.19733E-3 1.14133E-3 1.44459E-3 2.59319E-3 2.07524E-3 8.80413E-4 7.46865E-4 7.34251E-4
-9999 -9999 -9999 -9999 -9999 -9999 -9999 -9999 -9999 -9999 -9999 -9999 -9999 -9999 -9999 -9999 -9999 -9999 -9999 -9999 -9999 2.29362E-1 -9999 -9999 -9999 -9999 1.14604E-1 9.31703E-2 1.01774E-1 6.77452E-2 4.62417E-2 4.15197E-2 3.60686E-2 2.88367E-2 2.65444E-2 2.14848E-2 2.25364E-2 2.39244E-2 1.71451E-2 1.77866E-2 1.61236E-2 1.37329E-2 1.22792E-2 2.94685E-2 4.61989E-2 4.69322E-2 1.74018E-2 1.2127E-2 1.4416E-2 1.25136E-2 2.38385E-2 3.04542E-2 1.08219E-2 9.65414E-3 5.3946E-3 3.22076E-3 3.13608E-3 3.62E-3 4.02746E-3 3.31816E-3 1.67005E-3 1.80246E-3 2.19384E-3 2.06658E-3 1.68709E-3 9.50874E-4 1.3851E-3 2.48772E-3 1.23686E-3 8.75531E-4 1.16024E-3 8.60882E-4
-9999 -9999 -9999 -9999 -9999 -9999 -9999 -9999 -9999 -9999 -9999 -9999 -9999 -9999 -9999 -9999 -9999 -9999 -9999 2.58253E-1 2.42126E-1 2.24623E-1 -9999 -9999 -9999 1.20003E-1 1.08642E-1 1.1406E-1 9.31283E-2 6.51693E-2 4.61198E-2 3.91291E-2 3.44882E-2 2.97918E-2 2.25393E-2 1.99628E-2 1.74208E-2 1.88216E-2 1.61939E-2 1.29589E-2 1.16031E-2 1.1051E-2 1.19787E-2 1.08701E-2 2.97758E-2 2.91146E-2 1.67179E-2 1.5187E-2 1.80251E-2 1.52222E-2 1.46959E-2 1.87544E-2 1.73731E-2 2.21618E-2 6.27297E-3 3.02053E-3 2.82551E-3 2.62418E-3 3.10902E-3 2.73495E-3 2.3409E-3 2.3387E-3 2.75064E-3 1.82913E-3 1.63018E-3 1.2324E-3 1.34334E-3 2.35802E-3 1.63738E-3 1.22668E-3 1.43977E-3 9.65101E-4
-9999 -9999 -9999 -9999 -9999 -9999 -9999 -9999 -9999 -9999 -9999 -9999 -9999 -9999 -9999 -9999 -9999 -9999 -9999 2.60934E-1 2.36924E-1 2.21956E-1 1.93684E-1 1.46134E-1 1.28249E-1 1.13387E-1 1.0204E-1 1.09203E-1 1.0853E-1 6.10871E-2 5.30231E-2 4.2288E-2 2.92282E-2 2.70694E-2 2.14289E-2 1.97537E-2 1.69319E-2 1.38024E-2 1.8563E-2 1.24165E-2 9.41589E-3 1.03034E-2 1.11154E-2 1.23204E-2 1.75269E-2 1.87777E-2 1.29898E-2 1.48505E-2 1.64041E-2 1.80863E-2 1.64299E-2 1.80445E-2 6.8111E-3 1.21484E-2 9.84201E-3 4.51373E-3 4.22967E-3 4.06783E-3 6.07153E-3 5.4927E-3 3.1068E-3 3.71984E-3 3.21214E-3 2.2802E-3 2.0704E-3 1.36249E-3 1.49841E-3 3.011E-3 3.24601E-3 2.1901E-3 1.27189E-3 1.16242E-3
-9999 -9999 -9999 -9999 -9999 -9999 -9999 -9999 -9999 -9999 -9999 -9999 -9999 -9999 -9999 -9999 -9999 -9999 -9999 2.50603E-1 2.39742E-1 3.19636E-1 1.83321E-1 1.28024E-1 1.18739E-1 1.10203E-1 9.87583E-2 8.31858E-2 1.05501E-1 7.17139E-2 4.79873E-2 3.39935E-2 2.83883E-2 2.50638E-2 2.09598E-2 1.78E-2 1.48869E-2 1.3114E-2 1.1101E-2 9.72013E-3 8.45975E-3 1.00202E-2 1.09836E-2 1.76856E-2 1.56857E-2 1.18841E-2 1.26431E-2 1.34627E-2 9.65103E-3 1.04855E-2 9.76749E-3 1.60541E-2 4.83874E-3 5.58022E-3 1.01534E-2 5.0546E-3 4.98727E-3 3.69496E-3 5.89487E-3 8.07516E-3 6.17636E-3 7.22241E-3 5.2459E-3 5.60966E-3 3.11588E-3 1.95586E-3 2.88562E-3 2.78767E-3 4.09299E-3 3.71643E-3 3.25327E-3 1.85651E-3
-9999 -9999 -9999 -9999 -9999 -9999 -9999 -9999 -9999 -9999 -9999 -9999 -9999 -9999 -9999 -9999 -9999 -9999 -9999 2.51955E-1 2.93779E-1 3.15507E-1 2.17875E-1 1.59537E-1 1.16404E-1 1.07471E-1 8.99861E-2 7.79903E-2 8.39117E-2 8.58445E-2 5.73052E-2 3.78217E-2 2.69346E-2 2.30577E-2 1.97456E-2 1.6562E-2 1.47875E-2 1.20028E-2 8.62412E-3 7.29547E-3 8.33699E-3 9.19694E-3 1.62448E-2 2.048E-2 1.14679E-2 1.34883E-2 1.16431E-2 1.00482E-2 6.87782E-3 5.12405E-3 5.80217E-3 4.58596E-3 3.3882E-3 4.18272E-3 6.26662E-3 3.58481E-3 2.33909E-3 2.09249E-3 3.1939E-3 1.10173E-2 1.1442E-2 8.68585E-3 9.28166E-3 8.5461E-3 3.508E-3 1.95862E-3 3.32609E-3 2.11063E-3 6.11269E-3 4.04316E-3 2.94342E-3 1.39706E-3
