Artocarpus altilis SDM files/MIS19/results (with bias file)/Artalt_min.asc
ncols         1201
nrows         481
xllcorner     119.99986351115
yllcorner     -15.00013828885
cellsize      0.041666667
NODATA_value  -9999
[rows 416 to 447 of 481, columns 360 to 431 of 1201]
5.61496E-2 5.64054E-2 7.68088E-2 7.07081E-2 7.19798E-2 6.94398E-2 7.29715E-2 1.12122E-1 1.34696E-1 1.31526E-1 1.47857E-1 1.47628E-1 1.30283E-1 1.29989E-1 9.86404E-2 7.52532E-2 6.23729E-2 7.00081E-2 8.28279E-2 1.27767E-1 1.08312E-1 7.92003E-2 8.44232E-2 9.86045E-2 6.12754E-2 6.46219E-2 -9999 -9999 -9999 -9999 -9999 6.35871E-2 7.72992E-2 7.42415E-2 1.08419E-1 9.88927E-2 9.73433E-2 8.34216E-2 8.84382E-2 8.89459E-2 7.02712E-2 9.05766E-2 9.04853E-2 9.62326E-2 9.12065E-2 8.15634E-2 6.30254E-2 -9999 -9999 -9999 -9999 -9999 -9999 -9999 -9999 -9999 -9999 -9999 -9999 -9999 -9999 -9999 -9999 -9999 -9999 -9999 -9999 -9999 -9999 -9999 -9999 -9999
4.41819E-2 5.04923E-2 8.18938E-2 9.1511E-2 7.84082E-2 9.17708E-2 6.71777E-2 6.80931E-2 1.05435E-1 1.02328E-1 1.11105E-1 1.13445E-1 1.06667E-1 1.0947E-1 1.06572E-1 5.14414E-2 5.44881E-2 7.29105E-2 1.11648E-1 1.08976E-1 9.4336E-2 7.11572E-2 6.91111E-2 6.47673E-2 5.30725E-2 -9999 -9999 -9999 -9999 -9999 -9999 6.92482E-2 8.39221E-2 6.64124E-2 9.79691E-2 9.43614E-2 9.1028E-2 7.20315E-2 7.48575E-2 8.16629E-2 6.8008E-2 8.89299E-2 8.50676E-2 8.32071E-2 7.81292E-2 5.39805E-2 4.11829E-2 4.52507E-2 -9999 -9999 -9999 -9999 -9999 -9999 -9999 -9999 -9999 -9999 -9999 -9999 -9999 -9999 -9999 -9999 -9999 -9999 -9999 -9999 -9999 -9999 -9999 -9999
3.61034E-2 6.69597E-2 6.30885E-2 7.75801E-2 9.24222E-2 9.29347E-2 6.63742E-2 5.41029E-2 5.53874E-2 5.15254E-2 6.60266E-2 7.99425E-2 8.05992E-2 9.52844E-2 6.63426E-2 4.23884E-2 4.95164E-2 9.95244E-2 1.05568E-1 8.59886E-2 7.89271E-2 5.83686E-2 4.70803E-2 4.54162E-2 4.62562E-2 -9999 -9999 -9999 -9999 -9999 5.8886E-2 6.14335E-2 7.31355E-2 7.47983E-2 8.36616E-2 8.22224E-2 7.49015E-2 6.70487E-2 6.56059E-2 7.3438E-2 6.93014E-2 6.63436E-2 7.27582E-2 7.3467E-2 7.54671E-2 4.67203E-2 3.69038E-2 3.76723E-2 -9999 -9999 -9999 -9999 -9999 -9999 -9999 -9999 -9999 -9999 -9999 -9999 -9999 -9999 -9999 -9999 -9999 -9999 -9999 -9999 -9999 -9999 -9999 -9999
2.29731E-2 2.67404E-2 6.58991E-2 8.10999E-2 7.92375E-2 7.89777E-2 7.40372E-2 5.85228E-2 4.65974E-2 6.05026E-2 5.83985E-2 7.1854E-2 8.38868E-2 8.02971E-2 6.8774E-2 4.0708E-2 7.02474E-2 8.69387E-2 8.02832E-2 7.11474E-2 6.16381E-2 5.04188E-2 3.96386E-2 4.15152E-2 3.91755E-2 4.12884E-2 4.08523E-2 4.94483E-2 -9999 5.36117E-2 5.60962E-2 5.89318E-2 7.19876E-2 6.74203E-2 7.77505E-2 7.30574E-2 6.97141E-2 6.153E-2 6.06126E-2 6.44718E-2 4.70561E-2 4.78691E-2 3.93877E-2 4.08632E-2 4.06348E-2 3.13493E-2 -9999 -9999 -9999 -9999 -9999 -9999 -9999 -9999 -9999 -9999 -9999 -9999 -9999 -9999 -9999 -9999 -9999 -9999 -9999 -9999 -9999 -9999 -9999 -9999 -9999 -9999
2.12478E-2 3.05562E-2 3.43569E-2 5.31107E-2 8.25264E-2 7.90224E-2 7.58445E-2 5.79703E-2 6.32888E-2 6.24993E-2 5.84306E-2 6.08413E-2 6.93858E-2 6.70947E-2 5.04739E-2 6.65613E-2 5.391E-2 7.14296E-2 6.74073E-2 6.22828E-2 5.50343E-2 4.40397E-2 3.49743E-2 3.54249E-2 3.75307E-2 4.62364E-2 4.74982E-2 4.62329E-2 4.54546E-2 4.59973E-2 4.85426E-2 6.20673E-2 6.79445E-2 6.60904E-2 6.70626E-2 6.6204E-2 6.18395E-2 5.83396E-2 4.79518E-2 5.04656E-2 6.35241E-2 3.48033E-2 2.77163E-2 4.13221E-2 3.22715E-2 -9999 -9999 -9999 -9999 -9999 -9999 -9999 -9999 -9999 -9999 -9999 -9999 -9999 -9999 -9999 -9999 -9999 -9999 -9999 -9999 -9999 -9999 -9999 -9999 -9999 -9999 -9999
1.71622E-2 1.82672E-2 1.85791E-2 2.72128E-2 3.29134E-2 6.53987E-2 6.36996E-2 5.80106E-2 5.93588E-2 6.29868E-2 6.19048E-2 5.9898E-2 6.22768E-2 6.41687E-2 6.1892E-2 5.31716E-2 5.58728E-2 5.46501E-2 6.04175E-2 5.43737E-2 4.77093E-2 3.92066E-2 4.2216E-2 4.05409E-2 4.09408E-2 4.21089E-2 5.34756E-2 3.99073E-2 3.98859E-2 4.10919E-2 4.35384E-2 6.03577E-2 6.1242E-2 6.12943E-2 6.02026E-2 6.06279E-2 5.84429E-2 5.37015E-2 5.08856E-2 4.86543E-2 5.7647E-2 4.46322E-2 4.1128E-2 3.94019E-2 3.12763E-2 3.05318E-2 -9999 -9999 -9999 -9999 -9999 -9999 -9999 -9999 -9999 -9999 -9999 -9999 -9999 -9999 -9999 -9999 -9999 -9999 -9999 -9999 -9999 -9999 -9999 -9999 -9999 -9999
1.35271E-2 1.40342E-2 1.50197E-2 4.42097E-2 4.26135E-2 5.31317E-2 5.52596E-2 5.31671E-2 5.16649E-2 4.66711E-2 5.26542E-2 5.2024E-2 5.46431E-2 5.48351E-2 5.14514E-2 4.64868E-2 5.15122E-2 5.05367E-2 5.15547E-2 4.54461E-2 4.12022E-2 4.58681E-2 4.4111E-2 4.35106E-2 3.59033E-2 4.93177E-2 4.74541E-2 4.34423E-2 3.29667E-2 3.57434E-2 4.80583E-2 5.48614E-2 5.72205E-2 5.37119E-2 5.54666E-2 5.28776E-2 5.13644E-2 4.65282E-2 4.977E-2 4.47763E-2 2.64727E-2 2.87381E-2 3.11455E-2 -9999 -9999 -9999 -9999 -9999 -9999 -9999 -9999 -9999 -9999 -9999 -9999 -9999 -9999 -9999 -9999 -9999 -9999 -9999 -9999 -9999 -9999 -9999 -9999 -9999 -9999 -9999 -9999 -9999
1.0404E-2 1.13999E-2 1.15615E-2 1.42719E-2 1.25302E-2 3.2588E-2 2.63941E-2 2.92102E-2 1.9114E-2 1.83804E-2 2.93399E-2 3.28427E-2 4.2436E-2 4.53291E-2 4.20626E-2 4.02945E-2 4.01761E-2 3.97348E-2 4.20927E-2 3.79558E-2 3.71222E-2 4.34281E-2 4.11145E-2 4.19236E-2 3.99804E-2 4.29589E-2 3.52584E-2 3.64569E-2 2.78096E-2 3.98595E-2 4.14842E-2 4.77118E-2 4.65571E-2 4.49322E-2 4.6284E-2 4.25529E-2 3.55048E-2 3.3013E-2 3.63282E-2 3.21313E-2 2.43273E-2 2.81938E-2 2.92776E-2 -9999 -9999 -9999 -9999 -9999 -9999 -9999 -9999 -9999 -9999 -9999 -9999 -9999 -9999 -9999 -9999 -9999 -9999 -9999 -9999 -9999 -9999 -9999 -9999 -9999 -9999 -9999 -9999 -9999
8.63921E-3 9.57788E-3 1.29941E-2 9.54838E-3 1.12018E-2 1.40023E-2 8.67898E-3 1.4005E-2 1.99178E-2 2.25794E-2 3.91978E-2 4.0226E-2 4.11237E-2 3.77077E-2 3.54458E-2 3.18495E-2 3.30908E-2 3.39448E-2 3.45995E-2 3.4323E-2 3.69647E-2 3.54203E-2 3.57613E-2 3.60748E-2 3.7525E-2 3.55144E-2 3.43145E-2 2.22272E-2 2.58482E-2 3.66685E-2 3.71493E-2 4.35017E-2 4.05822E-2 3.99941E-2 3.65598E-2 3.16922E-2 2.97836E-2 2.50027E-2 2.60194E-2 3.86111E-2 2.14851E-2 -9999 -9999 -9999 -9999 -9999 -9999 -9999 -9999 -9999 -9999 -9999 -9999 -9999 -9999 -9999 -9999 -9999 -9999 -9999 -9999 -9999 -9999 -9999 -9999 -9999 -9999 -9999 -9999 -9999 -9999 -9999
6.73793E-3 8.16524E-3 9.68181E-3 9.63186E-3 1.0468E-2 1.0308E-2 1.54136E-2 1.95959E-2 2.54796E-2 2.49429E-2 3.38522E-2 3.2761E-2 3.15149E-2 3.22306E-2 2.75787E-2 2.69646E-2 2.71438E-2 2.82852E-2 3.09426E-2 2.81738E-2 3.02394E-2 3.0593E-2 3.04375E-2 3.15582E-2 3.24963E-2 2.84888E-2 2.9219E-2 2.53354E-2 2.38413E-2 3.69271E-2 3.60856E-2 3.39612E-2 3.58569E-2 3.3344E-2 2.55958E-2 2.55292E-2 2.51068E-2 2.37582E-2 1.79463E-2 1.94155E-2 2.62093E-2 -9999 -9999 -9999 -9999 -9999 -9999 -9999 -9999 -9999 -9999 -9999 -9999 -9999 -9999 -9999 -9999 -9999 -9999 -9999 -9999 -9999 -9999 -9999 -9999 -9999 -9999 -9999 -9999 -9999 -9999 -9999
7.7632E-3 8.84526E-3 1.23163E-2 1.27415E-2 1.35874E-2 2.14711E-2 2.68738E-2 2.63888E-2 2.5909E-2 2.64187E-2 2.09572E-2 2.19075E-2 2.44366E-2 2.74548E-2 2.31505E-2 2.14139E-2 2.14623E-2 2.31832E-2 2.3159E-2 2.47855E-2 2.42036E-2 2.48158E-2 2.49475E-2 2.60738E-2 2.48376E-2 2.71447E-2 2.69183E-2 2.87157E-2 3.08148E-2 3.28428E-2 3.01951E-2 2.96144E-2 2.85783E-2 2.18649E-2 1.86569E-2 1.89887E-2 1.99495E-2 2.41157E-2 1.75185E-2 1.88003E-2 1.95041E-2 2.02183E-2 -9999 -9999 -9999 -9999 -9999 -9999 -9999 -9999 -9999 -9999 -9999 -9999 -9999 -9999 -9999 -9999 -9999 -9999 -9999 -9999 -9999 -9999 -9999 -9999 -9999 -9999 -9999 -9999 -9999 -9999
9.82101E-3 7.97639E-3 1.34274E-2 1.71406E-2 1.03561E-2 1.4564E-2 2.45151E-2 2.30809E-2 1.92081E-2 2.27004E-2 2.00866E-2 2.13775E-2 2.04824E-2 2.14806E-2 1.77047E-2 1.37777E-2 1.48891E-2 1.91121E-2 1.5031E-2 1.55671E-2 1.83632E-2 2.02815E-2 1.88753E-2 2.03077E-2 1.82849E-2 1.92892E-2 1.95583E-2 2.31625E-2 2.43222E-2 2.61684E-2 2.48661E-2 2.61977E-2 2.74228E-2 2.42073E-2 1.95552E-2 1.38279E-2 2.25382E-2 1.62866E-2 1.69557E-2 1.5749E-2 1.65209E-2 1.58671E-2 -9999 -9999 -9999 -9999 -9999 -9999 -9999 -9999 -9999 -9999 -9999 -9999 -9999 -9999 -9999 -9999 -9999 -9999 -9999 -9999 -9999 -9999 -9999 -9999 -9999 -9999 -9999 -9999 -9999 -9999
1.2875E-2 5.04673E-3 5.61453E-3 1.34993E-2 1.66651E-2 1.16984E-2 1.79308E-2 1.99799E-2 1.97112E-2 1.78945E-2 1.85842E-2 1.65611E-2 1.67914E-2 1.84809E-2 1.54405E-2 1.23303E-2 1.34391E-2 1.54294E-2 1.35268E-2 1.36383E-2 1.35698E-2 1.60993E-2 1.50668E-2 1.50709E-2 1.51078E-2 1.60396E-2 1.55051E-2 1.63936E-2 1.80682E-2 1.83692E-2 1.83616E-2 1.65591E-2 1.79812E-2 1.99508E-2 1.68457E-2 1.5845E-2 1.3801E-2 1.56409E-2 1.55934E-2 -9999 -9999 -9999 -9999 -9999 -9999 -9999 -9999 -9999 -9999 -9999 -9999 -9999 -9999 -9999 -9999 -9999 -9999 -9999 -9999 -9999 -9999 -9999 -9999 -9999 -9999 -9999 -9999 -9999 -9999 -9999 -9999 -9999
4.77333E-3 3.86949E-3 6.73505E-3 1.39547E-2 1.79251E-2 1.43416E-2 1.06881E-2 1.43563E-2 1.59405E-2 1.50357E-2 1.49997E-2 1.05767E-2 1.35755E-2 1.52394E-2 1.11708E-2 8.68491E-3 1.01476E-2 1.24313E-2 1.22467E-2 1.15934E-2 1.40291E-2 1.16021E-2 1.34997E-2 1.39986E-2 1.4344E-2 1.64407E-2 1.6007E-2 1.36315E-2 1.72772E-2 1.87589E-2 1.49086E-2 1.39589E-2 1.46292E-2 1.80374E-2 1.50975E-2 1.1782E-2 1.60866E-2 -9999 1.19816E-2 1.22625E-2 1.22625E-2 -9999 -9999 -9999 -9999 -9999 -9999 -9999 -9999 -9999 -9999 -9999 -9999 -9999 -9999 -9999 -9999 -9999 -9999 -9999 -9999 -9999 -9999 -9999 -9999 -9999 -9999 -9999 -9999 -9999 -9999 -9999
4.62276E-3 3.40473E-3 1.21891E-2 1.098E-2 1.39478E-2 1.11393E-2 9.72053E-3 1.18735E-2 1.41838E-2 1.1992E-2 8.89209E-3 9.60175E-3 1.36346E-2 1.25092E-2 9.51983E-3 7.78523E-3 6.91314E-3 1.03084E-2 1.06563E-2 1.05571E-2 1.25449E-2 1.10936E-2 9.89791E-3 1E-2 1.03528E-2 1.13295E-2 1.12924E-2 9.21555E-3 1.36738E-2 1.35922E-2 1.27402E-2 1.1157E-2 1.0646E-2 1.67528E-2 1.61838E-2 1.61221E-2 1.79959E-2 1.10493E-2 -9999 1.22275E-2 1.38796E-2 1.38102E-2 -9999 -9999 -9999 -9999 -9999 -9999 -9999 -9999 -9999 -9999 -9999 -9999 -9999 -9999 -9999 -9999 -9999 -9999 -9999 -9999 -9999 -9999 -9999 -9999 -9999 -9999 -9999 -9999 -9999 -9999
2.18409E-3 3.51607E-3 5.74859E-3 6.73848E-3 7.91874E-3 8.24394E-3 9.36604E-3 1.01605E-2 1.16825E-2 9.63E-3 6.64885E-3 8.90963E-3 1.05429E-2 9.55547E-3 6.28281E-3 7.86227E-3 6.55271E-3 1.0154E-2 8.51729E-3 7.52245E-3 9.53024E-3 8.54919E-3 7.27816E-3 7.39415E-3 9.20219E-3 9.08002E-3 1.0502E-2 8.5703E-3 7.84994E-3 1.1805E-2 1.00834E-2 8.83959E-3 1.23952E-2 1.61125E-2 1.00918E-2 1.40642E-2 1.60796E-2 1.38152E-2 1.48471E-2 9.39585E-3 -9999 -9999 -9999 -9999 -9999 -9999 -9999 -9999 -9999 -9999 -9999 -9999 -9999 -9999 -9999 -9999 -9999 -9999 -9999 -9999 -9999 -9999 -9999 -9999 -9999 -9999 -9999 -9999 -9999 -9999 -9999 -9999
1.96341E-3 3.05543E-3 4.19614E-3 4.21484E-3 5.86857E-3 6.53123E-3 7.74137E-3 8.45542E-3 8.08188E-3 6.98053E-3 6.21974E-3 8.91366E-3 8.49774E-3 6.08621E-3 4.62652E-3 4.84213E-3 5.137E-3 8.51791E-3 7.23613E-3 6.80933E-3 6.37349E-3 6.51439E-3 6.16498E-3 5.07386E-3 6.52811E-3 7.15086E-3 1.11121E-2 7.78001E-3 7.54993E-3 1.08454E-2 1.0151E-2 8.44544E-3 1.03765E-2 1.2781E-2 9.48579E-3 7.14337E-3 9.3994E-3 1.02903E-2 9.37434E-3 9.28291E-3 -9999 -9999 -9999 -9999 -9999 -9999 -9999 -9999 -9999 -9999 -9999 -9999 -9999 -9999 -9999 -9999 -9999 -9999 -9999 -9999 -9999 -9999 -9999 -9999 -9999 -9999 -9999 -9999 -9999 -9999 -9999 -9999
1.81594E-3 2.8631E-3 3.87187E-3 6.44483E-3 7.12992E-3 6.14227E-3 6.67546E-3 6.94559E-3 6.01294E-3 6.32366E-3 7.17345E-3 7.81701E-3 6.59502E-3 5.81202E-3 4.28267E-3 3.4968E-3 3.40596E-3 7.86327E-3 4.93025E-3 5.68548E-3 5.47916E-3 4.04788E-3 4.37914E-3 5.47228E-3 4.57153E-3 6.59201E-3 7.50958E-3 6.87521E-3 5.23988E-3 8.25028E-3 7.34139E-3 5.61547E-3 6.04115E-3 8.78762E-3 1.31844E-2 9.26016E-3 9.4806E-3 7.62428E-3 7.63135E-3 8.55032E-3 -9999 -9999 -9999 -9999 -9999 -9999 -9999 -9999 -9999 -9999 -9999 -9999 -9999 -9999 -9999 -9999 -9999 -9999 -9999 -9999 -9999 -9999 -9999 -9999 -9999 -9999 -9999 -9999 -9999 -9999 -9999 -9999
2.0106E-3 2.33862E-3 3.41358E-3 4.31005E-3 5.09323E-3 5.38948E-3 5.0477E-3 4.3348E-3 4.19281E-3 5.01124E-3 6.58819E-3 3.93257E-3 4.25253E-3 3.98647E-3 2.50005E-3 2.83716E-3 3.01224E-3 6.89922E-3 4.60523E-3 3.32693E-3 3.73051E-3 3.87561E-3 3.79454E-3 4.20507E-3 4.82597E-3 7.35237E-3 6.5682E-3 4.51973E-3 4.62785E-3 7.79911E-3 7.23471E-3 4.90587E-3 5.12366E-3 7.02028E-3 9.52671E-3 8.67975E-3 6.48809E-3 7.33765E-3 -9999 -9999 -9999 -9999 -9999 -9999 -9999 -9999 -9999 -9999 -9999 -9999 -9999 -9999 -9999 -9999 -9999 -9999 -9999 -9999 -9999 -9999 -9999 -9999 -9999 -9999 -9999 -9999 -9999 -9999 -9999 -9999 -9999 -9999
2.16057E-3 1.99268E-3 2.41822E-3 3.45996E-3 4.26579E-3 4.05257E-3 3.01955E-3 3.56587E-3 4.07006E-3 4.76445E-3 5.40848E-3 4.96371E-3 4.64883E-3 3.8012E-3 3.32727E-3 2.70472E-3 2.15917E-3 3.1278E-3 2.8271E-3 2.9513E-3 2.4519E-3 3.93958E-3 3.31011E-3 2.7318E-3 3.93062E-3 4.24104E-3 4.05408E-3 4.122E-3 4.40642E-3 5.90593E-3 5.87765E-3 4.26761E-3 5.02118E-3 7.06047E-3 9.44906E-3 7.43059E-3 5.93387E-3 5.91298E-3 -9999 -9999 -9999 -9999 -9999 -9999 -9999 -9999 -9999 -9999 -9999 -9999 -9999 -9999 -9999 -9999 -9999 -9999 -9999 -9999 -9999 -9999 -9999 -9999 -9999 -9999 -9999 -9999 -9999 -9999 -9999 -9999 -9999 -9999
2.62652E-3 2.6283E-3 2.02386E-3 2.19984E-3 2.63782E-3 3.06827E-3 3.0792E-3 3.59306E-3 4.72249E-3 5.73098E-3 5.90786E-3 5.54721E-3 5.0884E-3 3.24339E-3 2.24863E-3 2.39365E-3 2.91322E-3 4.59861E-3 5.33675E-3 2.84946E-3 2.22152E-3 3.28187E-3 3.33741E-3 3.31688E-3 2.75575E-3 3.89692E-3 3.54243E-3 3.57183E-3 4.30164E-3 3.99357E-3 3.90743E-3 4.24894E-3 4.50779E-3 6.6177E-3 7.94994E-3 4.87551E-3 4.94756E-3 -9999 -9999 -9999 -9999 -9999 -9999 -9999 -9999 -9999 -9999 -9999 -9999 -9999 -9999 -9999 -9999 -9999 -9999 -9999 -9999 -9999 -9999 -9999 -9999 -9999 -9999 -9999 -9999 -9999 -9999 -9999 -9999 -9999 -9999 -9999
1.36309E-3 2.96287E-3 3.11678E-3 2.67025E-3 2.47595E-3 2.78226E-3 3.22204E-3 3.74682E-3 5.20427E-3 4.8591E-3 4.5746E-3 4.17628E-3 3.49999E-3 2.9577E-3 3.02137E-3 2.36022E-3 2.45206E-3 4.98317E-3 4.07493E-3 2.73894E-3 2.15264E-3 1.94612E-3 2.94063E-3 2.23485E-3 3.57321E-3 3.70857E-3 3.11873E-3 3.40973E-3 4.00441E-3 3.51993E-3 3.3163E-3 3.44381E-3 3.68095E-3 5.61241E-3 6.34933E-3 4.41823E-3 -9999 -9999 -9999 -9999 -9999 -9999 -9999 -9999 -9999 -9999 -9999 -9999 -9999 -9999 -9999 -9999 -9999 -9999 -9999 -9999 -9999 -9999 -9999 -9999 -9999 -9999 -9999 -9999 -9999 -9999 -9999 -9999 -9999 -9999 -9999 -9999
1.58636E-3 3.01554E-3 3.07883E-3 2.7848E-3 2.36645E-3 2.7421E-3 3.42706E-3 3.71793E-3 4.12442E-3 3.40607E-3 3.60058E-3 2.84753E-3 3.08095E-3 2.31891E-3 2.17767E-3 1.85978E-3 3.2327E-3 3.8118E-3 3.29074E-3 2.15731E-3 1.75507E-3 1.78471E-3 1.92846E-3 1.93665E-3 3.00438E-3 2.80154E-3 2.11909E-3 3.11812E-3 3.34508E-3 3.1263E-3 -9999 -9999 3.73402E-3 3.54066E-3 3.46466E-3 3.93239E-3 -9999 -9999 -9999 -9999 -9999 -9999 -9999 -9999 -9999 -9999 -9999 -9999 -9999 -9999 -9999 -9999 -9999 -9999 -9999 -9999 -9999 -9999 -9999 -9999 -9999 -9999 -9999 -9999 -9999 -9999 -9999 -9999 -9999 -9999 -9999 -9999
2.04754E-3 2.12324E-3 2.42769E-3 2.38146E-3 2.1661E-3 2.64257E-3 3.13774E-3 3.27566E-3 2.4211E-3 1.90256E-3 1.99633E-3 1.68231E-3 1.88882E-3 2.08764E-3 2.14628E-3 2.21645E-3 3.97782E-3 3.4451E-3 2.57204E-3 1.90136E-3 2.25403E-3 1.77443E-3 1.88717E-3 2.47289E-3 2.33961E-3 2.99359E-3 -9999 3.03944E-3 2.55595E-3 -9999 -9999 3.74736E-3 4.81139E-3 3.33959E-3 3.11888E-3 3.21308E-3 -9999 -9999 -9999 -9999 -9999 -9999 -9999 -9999 -9999 -9999 -9999 -9999 -9999 -9999 -9999 -9999 -9999 -9999 -9999 -9999 -9999 -9999 -9999 -9999 -9999 -9999 -9999 -9999 -9999 -9999 -9999 -9999 -9999 -9999 -9999 -9999
1.03381E-3 1.26805E-3 1.44439E-3 1.56388E-3 1.9584E-3 2.888E-3 3.03225E-3 2.65126E-3 1.58256E-3 1.91779E-3 1.47066E-3 1.47102E-3 2.01503E-3 1.94601E-3 1.85332E-3 2.96248E-3 3.25463E-3 2.64447E-3 2.16991E-3 1.66633E-3 1.37287E-3 1.48012E-3 -9999 1.66127E-3 1.95E-3 2.03559E-3 2.49062E-3 -9999 -9999 -9999 -9999 3.06061E-3 3.22044E-3 2.94596E-3 -9999 -9999 -9999 -9999 -9999 -9999 -9999 -9999 -9999 -9999 -9999 -9999 -9999 -9999 -9999 -9999 -9999 -9999 -9999 -9999 -9999 -9999 -9999 -9999 -9999 -9999 -9999 -9999 -9999 -9999 -9999 -9999 -9999 -9999 -9999 -9999 -9999 -9999
7.99347E-4 1.46211E-3 1.78525E-3 1.68322E-3 2.0581E-3 2.34655E-3 1.80525E-3 1.20033E-3 1.16345E-3 1.18307E-3 1.18264E-3 1.42324E-3 1.44755E-3 1.71405E-3 2.15573E-3 2.69513E-3 2.28709E-3 2.20069E-3 2.25902E-3 1.72925E-3 1.52545E-3 1.39445E-3 -9999 1.57021E-3 -9999 1.84391E-3 1.75512E-3 1.78608E-3 -9999 -9999 -9999 -9999 -9999 -9999 -9999 -9999 -9999 -9999 -9999 -9999 -9999 -9999 -9999 -9999 -9999 -9999 -9999 -9999 -9999 -9999 -9999 -9999 -9999 -9999 -9999 -9999 -9999 -9999 -9999 -9999 -9999 -9999 -9999 -9999 -9999 -9999 -9999 -9999 -9999 -9999 -9999 -9999
9.69244E-4 1.09683E-3 1.21671E-3 1.8014E-3 2.07434E-3 2.09571E-3 1.44175E-3 1.19981E-3 1.28319E-3 1.08067E-3 1.11168E-3 1.72986E-3 1.36444E-3 1.793E-3 1.6651E-3 1.45205E-3 2.14116E-3 2.22626E-3 2.0868E-3 2.5805E-3 1.75208E-3 2.04429E-3 1.40524E-3 1.41429E-3 -9999 -9999 1.91684E-3 2.51094E-3 -9999 -9999 -9999 -9999 -9999 -9999 -9999 -9999 -9999 -9999 -9999 -9999 -9999 -9999 -9999 -9999 -9999 -9999 -9999 -9999 -9999 -9999 -9999 -9999 -9999 -9999 -9999 -9999 -9999 -9999 -9999 -9999 -9999 -9999 -9999 -9999 -9999 -9999 -9999 -9999 -9999 -9999 -9999 -9999
8.67205E-4 1.19669E-3 1.23139E-3 1.66342E-3 1.9338E-3 1.46018E-3 1.08057E-3 1.17713E-3 1.34336E-3 1.16079E-3 1.11352E-3 1.61759E-3 1.68532E-3 1.74216E-3 1.15525E-3 1.39607E-3 1.87608E-3 1.41567E-3 1.66457E-3 2.61153E-3 1.07892E-3 1.21908E-3 1.78271E-3 1.37468E-3 -9999 1.73811E-3 2.45703E-3 2.61832E-3 2.33951E-3 1.92326E-3 2.48758E-3 -9999 -9999 -9999 -9999 -9999 -9999 -9999 -9999 -9999 -9999 -9999 -9999 -9999 -9999 -9999 -9999 -9999 -9999 -9999 -9999 -9999 -9999 -9999 -9999 -9999 -9999 -9999 -9999 -9999 -9999 -9999 -9999 -9999 -9999 -9999 -9999 -9999 -9999 -9999 -9999 -9999
9.58593E-4 1.22444E-3 1.29605E-3 1.53198E-3 1.6127E-3 1.19341E-3 8.43174E-4 9.15916E-4 1.17765E-3 1.08189E-3 1.04807E-3 1.28981E-3 1.48762E-3 2.1579E-3 9.00483E-4 1.50576E-3 1.41421E-3 1.60979E-3 1.05008E-3 2.40906E-3 1.00846E-3 1.06851E-3 1.11447E-3 -9999 -9999 1.55415E-3 2.31913E-3 2.09216E-3 2.1865E-3 1.91503E-3 2.07116E-3 -9999 -9999 -9999 -9999 -9999 -9999 -9999 -9999 -9999 -9999 -9999 -9999 -9999 -9999 -9999 -9999 -9999 -9999 -9999 -9999 -9999 -9999 -9999 -9999 -9999 -9999 -9999 -9999 -9999 -9999 -9999 -9999 -9999 -9999 -9999 -9999 -9999 -9999 -9999 -9999 -9999
9.67912E-4 1.02863E-3 1.0183E-3 1.19167E-3 1.41842E-3 9.16212E-4 8.00824E-4 8.81328E-4 1.10562E-3 1.05013E-3 1.09173E-3 1.03374E-3 1.09476E-3 1.909E-3 1.27769E-3 9.23071E-4 1.0349E-3 1.14872E-3 8.42742E-4 1.40004E-3 9.87318E-4 -9999 -9999 -9999 -9999 -9999 1.72871E-3 2.00017E-3 -9999 -9999 -9999 -9999 -9999 -9999 -9999 -9999 -9999 -9999 -9999 -9999 -9999 -9999 -9999 -9999 -9999 -9999 -9999 -9999 -9999 -9999 -9999 -9999 -9999 -9999 -9999 -9999 -9999 -9999 -9999 -9999 -9999 -9999 -9999 -9999 -9999 -9999 -9999 -9999 -9999 -9999 -9999 -9999
9.41696E-4 8.14085E-4 7.73424E-4 8.45072E-4 9.70251E-4 7.07854E-4 6.93866E-4 8.08915E-4 9.2393E-4 9.01888E-4 1.07406E-3 1.31019E-3 9.71126E-4 1.78958E-3 1.74989E-3 1.82494E-3 1.01889E-3 1.05029E-3 8.53783E-4 8.87694E-4 9.64738E-4 -9999 -9999 -9999 -9999 -9999 -9999 1.93827E-3 -9999 1.5751E-3 -9999 1.50462E-3 -9999 -9999 -9999 -9999 -9999 -9999 -9999 -9999 -9999 -9999 -9999 -9999 -9999 -9999 -9999 -9999 -9999 -9999 -9999 -9999 -9999 -9999 -9999 -9999 -9999 -9999 -9999 -9999 -9999 -9999 -9999 -9999 -9999 -9999 -9999 -9999 -9999 -9999 -9999 -9999
6.74322E-4 6.90221E-4 5.51895E-4 7.67868E-4 8.04487E-4 6.25418E-4 7.13204E-4 8.50143E-4 8.61614E-4 1.01514E-3 1.48955E-3 1.28057E-3 1.01613E-3 1.27465E-3 1.14856E-3 1.42853E-3 1.01308E-3 1.16405E-3 9.48677E-4 9.63815E-4 9.36701E-4 -9999 -9999 -9999 -9999 -9999 -9999 -9999 -9999 2.17804E-3 1.64211E-3 1.57859E-3 -9999 1.87457E-3 1.85174E-3 -9999 -9999 -9999 -9999 -9999 2.08552E-3 -9999 -9999 -9999 -9999 -9999 2.90754E-3 2.81198E-3 -9999 -9999 -9999 -9999 -9999 -9999 -9999 -9999 -9999 -9999 -9999 -9999 -9999 -9999 -9999 -9999 -9999 -9999 -9999 -9999 -9999 -9999 -9999 -9999
