Artocarpus altilis SDM files/MIS19/results (with bias file)/Artalt_8.asc
ncols         1201
nrows         481
xllcorner     119.99986351115
yllcorner     -15.00013828885
cellsize      0.041666667
NODATA_value  -9999
[rows 128 to 159 of 481, columns 0 to 71 of 1201]
2.03783E-1 -9999 -9999 -9999 -9999 -9999 -9999 -9999 -9999 -9999 -9999 -9999 -9999 -9999 -9999 -9999 -9999 -9999 -9999 -9999 -9999 -9999 -9999 -9999 -9999 -9999 -9999 -9999 -9999 -9999 -9999 -9999 -9999 -9999 -9999 -9999 -9999 -9999 -9999 -9999 -9999 -9999 -9999 -9999 7.30697E-1 7.41536E-1 8.00271E-1 7.4885E-1 7.60879E-1 8.27518E-1 8.48096E-1 7.93867E-1 -9999 8.01013E-1 -9999 8.22764E-1 9.21118E-1 -9999 -9999 -9999 -9999 -9999 -9999 -9999 -9999 -9999 -9999 -9999 -9999 -9999 -9999 -9999
2.80497E-1 1.52886E-1 -9999 -9999 -9999 -9999 -9999 -9999 -9999 -9999 -9999 -9999 -9999 -9999 -9999 -9999 -9999 -9999 -9999 -9999 -9999 -9999 -9999 -9999 -9999 -9999 -9999 -9999 -9999 -9999 -9999 -9999 -9999 -9999 -9999 -9999 -9999 -9999 -9999 -9999 -9999 -9999 -9999 7.21359E-1 7.23298E-1 8.44369E-1 8.03887E-1 8.08921E-1 8.18669E-1 8.16135E-1 8.7344E-1 8.73361E-1 -9999 8.06323E-1 -9999 -9999 9.16733E-1 9.16705E-1 -9999 -9999 -9999 -9999 -9999 -9999 -9999 -9999 -9999 -9999 -9999 -9999 -9999 -9999
2.95633E-1 1.76399E-1 -9999 -9999 -9999 -9999 -9999 -9999 -9999 -9999 -9999 -9999 -9999 -9999 -9999 -9999 -9999 -9999 -9999 -9999 -9999 -9999 -9999 -9999 -9999 -9999 -9999 -9999 -9999 -9999 -9999 -9999 -9999 -9999 -9999 -9999 -9999 -9999 -9999 -9999 -9999 -9999 7.28743E-1 7.30331E-1 7.22912E-1 8.50411E-1 8.33669E-1 8.08505E-1 8.75507E-1 8.1545E-1 8.83253E-1 8.74834E-1 -9999 -9999 -9999 -9999 -9999 7.3847E-1 -9999 -9999 -9999 -9999 -9999 -9999 -9999 -9999 -9999 -9999 -9999 -9999 -9999 -9999
2.89398E-1 2.27021E-1 -9999 -9999 -9999 -9999 -9999 -9999 -9999 -9999 -9999 -9999 -9999 -9999 -9999 -9999 -9999 -9999 -9999 -9999 -9999 -9999 -9999 -9999 -9999 -9999 -9999 -9999 -9999 -9999 -9999 -9999 -9999 -9999 -9999 -9999 -9999 -9999 -9999 -9999 7.19384E-1 7.81601E-1 8.32945E-1 8.494E-1 7.96589E-1 8.41152E-1 8.00291E-1 8.18083E-1 7.60536E-1 7.66681E-1 8.22127E-1 -9999 -9999 -9999 -9999 -9999 -9999 -9999 7.42127E-1 -9999 -9999 -9999 -9999 -9999 -9999 -9999 -9999 -9999 -9999 -9999 -9999 -9999
2.53756E-1 2.22149E-1 -9999 -9999 -9999 -9999 -9999 -9999 -9999 -9999 -9999 -9999 -9999 -9999 -9999 -9999 -9999 -9999 -9999 -9999 -9999 -9999 -9999 -9999 -9999 -9999 -9999 -9999 -9999 -9999 -9999 -9999 -9999 -9999 -9999 -9999 -9999 -9999 -9999 -9999 7.71586E-1 8.34495E-1 8.06028E-1 8.51553E-1 7.86364E-1 8.53779E-1 7.59988E-1 -9999 -9999 -9999 -9999 -9999 -9999 -9999 -9999 -9999 -9999 -9999 -9999 -9999 7.82865E-1 8.30917E-1 8.2348E-1 6.77369E-1 -9999 -9999 -9999 -9999 -9999 -9999 7.7713E-1 -9999
1.82221E-1 1.64211E-1 -9999 -9999 -9999 -9999 -9999 -9999 -9999 -9999 -9999 -9999 -9999 -9999 -9999 -9999 -9999 -9999 -9999 -9999 -9999 -9999 -9999 -9999 -9999 -9999 -9999 -9999 -9999 -9999 -9999 -9999 -9999 -9999 -9999 -9999 -9999 -9999 -9999 7.12004E-1 8.20276E-1 8.30377E-1 8.54846E-1 8.63863E-1 8.56555E-1 8.6551E-1 -9999 -9999 -9999 -9999 -9999 -9999 -9999 -9999 -9999 -9999 -9999 -9999 -9999 -9999 8.17352E-1 8.12645E-1 7.66831E-1 6.77366E-1 -9999 -9999 -9999 -9999 -9999 -9999 -9999 -9999
1.24948E-1 1.89909E-1 -9999 -9999 -9999 -9999 -9999 -9999 -9999 -9999 -9999 -9999 -9999 -9999 -9999 -9999 -9999 -9999 -9999 -9999 -9999 -9999 -9999 -9999 -9999 -9999 -9999 -9999 -9999 -9999 -9999 -9999 -9999 -9999 -9999 -9999 -9999 -9999 7.07157E-1 7.60755E-1 8.3883E-1 -9999 -9999 -9999 -9999 -9999 -9999 -9999 -9999 -9999 -9999 -9999 -9999 -9999 -9999 -9999 -9999 -9999 -9999 -9999 -9999 -9999 -9999 -9999 -9999 -9999 -9999 -9999 -9999 -9999 -9999 -9999
1.12624E-1 2.43477E-1 -9999 -9999 -9999 -9999 -9999 -9999 -9999 -9999 -9999 -9999 -9999 -9999 -9999 -9999 -9999 -9999 -9999 -9999 -9999 -9999 -9999 -9999 -9999 -9999 -9999 -9999 -9999 -9999 -9999 -9999 -9999 -9999 -9999 -9999 -9999 -9999 7.06506E-1 -9999 -9999 -9999 -9999 -9999 -9999 -9999 -9999 -9999 -9999 -9999 -9999 -9999 -9999 -9999 -9999 -9999 -9999 -9999 -9999 -9999 -9999 -9999 -9999 6.98775E-1 -9999 -9999 -9999 7.40484E-1 7.70198E-1 7.76777E-1 7.80978E-1 8.08156E-1
1.0871E-1 1.71104E-1 -9999 -9999 -9999 -9999 -9999 -9999 -9999 -9999 -9999 -9999 -9999 -9999 -9999 -9999 -9999 -9999 -9999 -9999 -9999 -9999 -9999 -9999 -9999 -9999 -9999 -9999 -9999 -9999 -9999 -9999 -9999 -9999 -9999 -9999 -9999 -9999 -9999 -9999 -9999 -9999 -9999 -9999 -9999 -9999 -9999 -9999 -9999 -9999 -9999 -9999 -9999 -9999 -9999 -9999 -9999 -9999 -9999 -9999 -9999 -9999 -9999 -9999 -9999 7.3516E-1 7.39371E-1 7.97748E-1 8.26816E-1 8.36702E-1 8.40328E-1 8.53661E-1
9.87834E-2 1.48698E-1 1.69155E-1 -9999 -9999 -9999 -9999 -9999 -9999 -9999 -9999 -9999 -9999 -9999 -9999 -9999 -9999 -9999 -9999 -9999 -9999 -9999 -9999 -9999 -9999 -9999 -9999 -9999 -9999 -9999 -9999 -9999 -9999 -9999 -9999 -9999 -9999 -9999 -9999 -9999 -9999 -9999 -9999 -9999 -9999 -9999 -9999 -9999 -9999 -9999 -9999 -9999 -9999 -9999 -9999 -9999 -9999 -9999 -9999 -9999 -9999 -9999 -9999 -9999 -9999 7.25128E-1 7.03269E-1 6.38345E-1 6.0292E-1 5.93762E-1 6.85217E-1 4.8231E-1
7.38058E-2 1.13818E-1 2.10821E-1 -9999 -9999 -9999 -9999 -9999 -9999 -9999 -9999 -9999 -9999 -9999 -9999 -9999 -9999 -9999 -9999 -9999 -9999 -9999 -9999 -9999 -9999 -9999 -9999 -9999 -9999 -9999 -9999 -9999 -9999 -9999 -9999 -9999 -9999 -9999 -9999 -9999 -9999 -9999 7.77195E-1 -9999 -9999 7.9151E-1 -9999 -9999 -9999 -9999 -9999 -9999 -9999 -9999 -9999 -9999 -9999 -9999 -9999 -9999 -9999 -9999 -9999 -9999 -9999 -9999 -9999 -9999 6.53337E-1 5.30881E-1 5.20819E-1 5.13389E-1
7.10724E-2 9.20366E-2 1.80117E-1 1.60968E-1 -9999 -9999 -9999 -9999 -9999 -9999 -9999 -9999 -9999 -9999 -9999 -9999 -9999 -9999 -9999 -9999 -9999 -9999 -9999 -9999 -9999 -9999 -9999 -9999 -9999 -9999 -9999 -9999 -9999 -9999 -9999 -9999 -9999 -9999 -9999 -9999 -9999 -9999 -9999 -9999 -9999 -9999 -9999 -9999 -9999 -9999 -9999 -9999 6.67963E-1 6.33466E-1 6.10616E-1 6.16342E-1 5.95133E-1 6.04327E-1 5.14945E-1 5.05043E-1 6.14655E-1 6.05344E-1 6.1221E-1 6.15104E-1 -9999 -9999 7.52624E-1 7.25136E-1 7.42022E-1 6.63115E-1 5.67947E-1 5.50208E-1
7.23538E-2 9.44109E-2 1.20737E-1 2.14518E-1 1.79424E-1 -9999 -9999 -9999 -9999 -9999 -9999 -9999 -9999 -9999 -9999 -9999 -9999 -9999 -9999 -9999 -9999 -9999 -9999 -9999 -9999 -9999 -9999 -9999 -9999 -9999 -9999 -9999 -9999 -9999 -9999 -9999 -9999 -9999 8.33406E-1 6.87425E-1 -9999 -9999 -9999 -9999 -9999 -9999 -9999 -9999 -9999 -9999 -9999 7.4019E-1 7.60232E-1 7.25273E-1 5.90037E-1 4.33056E-1 4.12726E-1 4.06162E-1 3.38951E-1 4.44811E-1 4.31613E-1 4.16417E-1 4.71182E-1 5.33618E-1 5.81164E-1 6.07743E-1 4.43691E-1 3.80668E-1 3.82513E-1 3.88797E-1 3.79512E-1 3.73072E-1
6.10945E-2 7.52279E-2 9.37413E-2 1.51456E-1 2.04279E-1 1.88539E-1 -9999 -9999 -9999 -9999 -9999 -9999 -9999 -9999 -9999 -9999 -9999 -9999 -9999 -9999 -9999 -9999 -9999 -9999 -9999 -9999 -9999 -9999 -9999 -9999 -9999 -9999 -9999 -9999 -9999 -9999 7.23714E-1 7.91161E-1 8.3483E-1 7.24656E-1 -9999 -9999 -9999 -9999 -9999 -9999 -9999 -9999 -9999 -9999 -9999 7.21472E-1 7.22832E-1 6.95679E-1 5.78126E-1 3.53346E-1 3.18169E-1 3.48682E-1 3.06493E-1 2.96404E-1 2.96721E-1 3.19499E-1 3.14615E-1 3.38875E-1 3.50467E-1 3.16222E-1 2.81507E-1 2.87397E-1 3.25295E-1 3.55778E-1 3.95624E-1 5.20892E-1
6.51823E-2 6.81721E-2 8.21808E-2 9.09909E-2 1.73972E-1 2.07747E-1 1.93088E-1 -9999 -9999 2.16649E-1 -9999 -9999 -9999 -9999 -9999 -9999 -9999 -9999 -9999 -9999 -9999 -9999 -9999 -9999 -9999 -9999 -9999 -9999 -9999 -9999 -9999 -9999 -9999 -9999 -9999 7.68071E-1 7.22874E-1 7.53575E-1 7.49864E-1 7.74997E-1 -9999 -9999 -9999 -9999 -9999 -9999 -9999 -9999 -9999 -9999 -9999 6.81539E-1 6.30079E-1 5.74523E-1 4.7E-1 3.28942E-1 2.63617E-1 2.54025E-1 2.47798E-1 2.34023E-1 2.3565E-1 2.39692E-1 2.0645E-1 2.16638E-1 2.3103E-1 2.77869E-1 3.29839E-1 3.66275E-1 4.17258E-1 4.76794E-1 5.11009E-1 5.82034E-1
5.56124E-2 6.75416E-2 6.89142E-2 7.38236E-2 8.49796E-2 1.71995E-1 2.10848E-1 1.82555E-1 2.06258E-1 2.01544E-1 2.117E-1 -9999 -9999 -9999 -9999 -9999 -9999 -9999 -9999 -9999 -9999 -9999 -9999 -9999 -9999 -9999 -9999 -9999 -9999 -9999 -9999 -9999 -9999 -9999 7.45061E-1 7.16659E-1 5.65063E-1 5.49697E-1 5.17157E-1 4.62899E-1 6.92342E-1 7.28161E-1 7.11334E-1 6.96033E-1 -9999 -9999 -9999 6.54808E-1 6.40255E-1 6.07766E-1 6.25191E-1 6.16963E-1 5.35801E-1 4.69349E-1 3.77034E-1 2.64771E-1 2.36638E-1 2.09221E-1 2.2279E-1 1.93599E-1 2.02105E-1 1.74066E-1 2.17348E-1 2.7496E-1 3.17075E-1 3.60967E-1 3.6742E-1 4.67108E-1 5.80209E-1 5.81965E-1 -9999 -9999
5.8857E-2 6.02994E-2 5.19364E-2 6.26531E-2 6.98602E-2 8.59209E-2 1.70478E-1 1.99121E-1 1.81333E-1 2.35694E-1 2.80943E-1 2.30155E-1 2.68179E-1 -9999 -9999 -9999 -9999 -9999 -9999 -9999 -9999 -9999 -9999 -9999 -9999 -9999 -9999 -9999 -9999 -9999 -9999 -9999 -9999 7.0675E-1 7.20816E-1 6.45584E-1 4.40543E-1 3.98707E-1 3.71955E-1 3.23309E-1 5.12769E-1 6.38882E-1 6.66404E-1 6.25413E-1 6.37501E-1 5.90752E-1 6.3584E-1 5.53605E-1 4.9395E-1 4.70747E-1 4.07472E-1 4.49146E-1 3.73504E-1 2.59609E-1 2.33672E-1 2.19486E-1 1.98797E-1 2.03426E-1 1.78628E-1 2.21934E-1 3.38805E-1 3.23099E-1 3.88581E-1 4.59757E-1 4.65605E-1 4.04477E-1 3.93271E-1 5.06079E-1 -9999 -9999 -9999 -9999
5.67804E-2 6.86779E-2 7.48788E-2 5.72402E-2 5.85713E-2 6.97217E-2 8.63653E-2 1.29519E-1 2.06245E-1 2.30972E-1 2.76104E-1 3.05638E-1 2.6653E-1 -9999 -9999 -9999 -9999 -9999 -9999 -9999 -9999 -9999 -9999 -9999 -9999 -9999 -9999 -9999 -9999 -9999 -9999 -9999 7.16429E-1 7.04268E-1 6.85999E-1 4.86318E-1 5.03187E-1 3.83826E-1 2.52828E-1 2.94206E-1 4.58558E-1 4.88811E-1 5.35719E-1 5.13951E-1 6.37577E-1 4.57457E-1 4.4173E-1 4.00856E-1 4.49776E-1 4.32153E-1 3.5071E-1 2.54312E-1 2.34109E-1 2.61484E-1 2.06585E-1 1.95032E-1 1.94938E-1 2.83928E-1 3.11354E-1 3.46946E-1 3.97078E-1 3.74857E-1 4.88355E-1 5.53884E-1 5.57356E-1 5.33265E-1 5.30283E-1 5.77997E-1 -9999 -9999 -9999 -9999
6.25655E-2 9.1571E-2 9.48525E-2 9.00491E-2 9.42547E-2 9.57875E-2 8.8652E-2 1.01322E-1 1.24884E-1 1.51035E-1 2.09698E-1 2.65997E-1 3.04092E-1 2.98649E-1 -9999 -9999 -9999 -9999 -9999 -9999 -9999 -9999 -9999 -9999 -9999 -9999 -9999 -9999 -9999 -9999 -9999 6.95696E-1 5.12542E-1 4.06063E-1 6.21899E-1 6.86713E-1 6.21736E-1 4.14441E-1 2.47505E-1 2.38327E-1 4.06103E-1 4.87919E-1 4.46425E-1 4.36731E-1 4.42381E-1 5.46795E-1 4.44946E-1 4.72056E-1 4.34738E-1 3.54903E-1 3.78775E-1 2.71276E-1 2.13028E-1 2.93944E-1 2.88011E-1 2.85575E-1 3.00487E-1 3.73765E-1 4.41593E-1 4.49846E-1 5.0159E-1 4.82949E-1 6.30168E-1 5.45686E-1 6.27216E-1 6.87077E-1 6.67111E-1 -9999 -9999 -9999 -9999 -9999
6.95433E-2 9.27557E-2 8.89035E-2 1.07511E-1 8.63329E-2 9.58476E-2 1.27309E-1 1.78656E-1 2.05124E-1 2.09174E-1 1.65353E-1 1.98509E-1 2.93691E-1 4.31976E-1 3.73274E-1 -9999 -9999 -9999 -9999 -9999 -9999 -9999 -9999 -9999 -9999 -9999 -9999 -9999 -9999 -9999 6.93748E-1 6.02833E-1 3.73731E-1 4.22836E-1 4.43589E-1 5.49959E-1 5.35016E-1 4.26985E-1 2.65892E-1 2.41989E-1 2.94707E-1 3.21719E-1 3.35269E-1 3.24494E-1 3.18124E-1 3.57853E-1 6.11468E-1 5.01749E-1 4.77965E-1 4.89611E-1 4.05355E-1 3.88531E-1 3.90085E-1 4.04655E-1 4.19022E-1 3.65361E-1 4.35288E-1 4.91596E-1 5.07189E-1 5.74368E-1 6.45192E-1 6.36635E-1 5.28913E-1 6.35665E-1 8.06433E-1 7.37859E-1 -9999 -9999 -9999 -9999 -9999 -9999
6.12744E-2 6.21998E-2 7.0991E-2 7.62066E-2 7.53162E-2 9.22345E-2 9.04499E-2 9.99831E-2 1.23793E-1 1.5468E-1 1.70951E-1 2.43785E-1 3.54133E-1 5.33682E-1 4.64085E-1 -9999 -9999 -9999 -9999 -9999 -9999 -9999 -9999 -9999 -9999 -9999 -9999 -9999 -9999 -9999 7.06475E-1 5.03282E-1 4.04526E-1 3.81066E-1 3.92464E-1 3.8339E-1 4.40316E-1 5.89147E-1 4.24412E-1 3.19886E-1 2.13313E-1 3.27779E-1 3.08686E-1 3.04898E-1 3.05021E-1 3.83222E-1 3.60807E-1 4.5523E-1 3.99023E-1 4.74662E-1 4.37877E-1 3.51662E-1 3.62733E-1 4.10409E-1 4.07799E-1 4.08852E-1 5.40606E-1 5.6941E-1 6.3032E-1 6.8043E-1 7.56415E-1 7.05321E-1 6.6291E-1 8.912E-1 8.06861E-1 6.71489E-1 -9999 -9999 -9999 -9999 -9999 -9999
6.23172E-2 6.09693E-2 6.18778E-2 6.35201E-2 6.57797E-2 6.88977E-2 7.55856E-2 8.07313E-2 9.46292E-2 1.14575E-1 1.39983E-1 2.33663E-1 3.34485E-1 5.16758E-1 4.65194E-1 -9999 -9999 -9999 -9999 -9999 -9999 -9999 -9999 -9999 -9999 -9999 -9999 -9999 -9999 7.27461E-1 4.64762E-1 4.60481E-1 4.35786E-1 3.39767E-1 2.5928E-1 2.94151E-1 3.78359E-1 4.20796E-1 5.192E-1 4.3502E-1 3.55513E-1 2.96538E-1 2.20164E-1 2.28944E-1 2.96646E-1 3.77714E-1 3.50435E-1 3.23725E-1 3.32758E-1 3.2116E-1 4.3754E-1 4.01334E-1 3.17114E-1 4.57029E-1 4.22654E-1 5.80488E-1 6.39933E-1 6.75003E-1 7.25044E-1 8.27078E-1 8.60281E-1 7.37216E-1 8.4672E-1 8.76703E-1 -9999 -9999 -9999 -9999 -9999 4.58658E-1 3.97463E-1 5.22883E-1
7.89125E-2 7.69402E-2 7.32764E-2 7.52765E-2 7.14435E-2 8.08132E-2 7.97235E-2 7.71871E-2 9.0264E-2 1.07199E-1 1.31287E-1 1.6432E-1 2.51011E-1 4.51194E-1 -9999 -9999 -9999 -9999 -9999 -9999 -9999 -9999 -9999 -9999 -9999 -9999 -9999 -9999 7.76107E-1 6.88797E-1 5.18588E-1 4.1841E-1 3.25893E-1 2.04382E-1 1.65215E-1 2.91597E-1 3.0405E-1 3.17492E-1 3.77777E-1 3.82624E-1 4.23619E-1 4.12249E-1 3.44783E-1 3.33834E-1 3.46985E-1 3.67596E-1 3.50457E-1 4.04051E-1 4.79666E-1 3.75643E-1 4.48179E-1 4.4226E-1 4.25453E-1 5.99132E-1 5.22817E-1 6.62718E-1 7.39052E-1 8.58982E-1 9.20588E-1 9.18556E-1 8.74174E-1 8.59147E-1 9.11984E-1 8.96439E-1 -9999 -9999 -9999 -9999 5.15436E-1 3.52023E-1 2.83723E-1 3.35829E-1
7.53335E-2 9.8838E-2 8.65441E-2 9.50181E-2 8.53398E-2 7.21173E-2 9.14452E-2 9.96919E-2 1.30224E-1 1.2182E-1 1.26377E-1 1.60186E-1 1.96104E-1 3.69843E-1 4.60827E-1 -9999 -9999 -9999 -9999 -9999 -9999 -9999 -9999 -9999 -9999 -9999 -9999 -9999 7.88516E-1 6.64201E-1 4.61776E-1 3.92785E-1 2.92112E-1 1.9945E-1 1.46745E-1 2.20183E-1 1.93454E-1 2.75338E-1 3.27235E-1 3.60537E-1 4.01304E-1 3.51591E-1 4.96672E-1 5.23674E-1 5.26833E-1 5.05319E-1 5.29125E-1 5.55221E-1 5.41166E-1 4.8828E-1 4.78602E-1 5.03175E-1 6.35161E-1 6.25326E-1 6.56418E-1 7.30702E-1 8.48018E-1 9.13061E-1 9.12526E-1 8.93823E-1 9.32393E-1 9.57506E-1 9.5674E-1 -9999 -9999 -9999 -9999 4.7023E-1 3.73402E-1 2.6469E-1 2.44497E-1 2.62423E-1
8.93576E-2 8.03059E-2 7.20935E-2 8.73857E-2 9.24311E-2 9.58158E-2 9.58458E-2 1.49793E-1 1.19402E-1 1.19173E-1 1.34629E-1 1.62833E-1 1.96802E-1 2.83995E-1 4.99726E-1 6.45401E-1 -9999 -9999 -9999 -9999 -9999 -9999 -9999 -9999 -9999 -9999 -9999 7.84173E-1 7.89528E-1 6.64218E-1 4.13537E-1 3.926E-1 2.57189E-1 2.16237E-1 2.1471E-1 1.61709E-1 1.61692E-1 2.17427E-1 3.18051E-1 3.66297E-1 3.13192E-1 3.24897E-1 3.80114E-1 3.44779E-1 3.45547E-1 3.41329E-1 3.90867E-1 3.57351E-1 3.16642E-1 3.53872E-1 4.10208E-1 4.89043E-1 6.76067E-1 7.51131E-1 7.98742E-1 8.70903E-1 9.47285E-1 9.54975E-1 9.10454E-1 9.42873E-1 9.56986E-1 9.28098E-1 -9999 -9999 -9999 7.48747E-1 7.22847E-1 4.4071E-1 2.79695E-1 3.01266E-1 2.70321E-1 3.23135E-1
9.72279E-2 8.02461E-2 7.75954E-2 8.56705E-2 1.12953E-1 1.31191E-1 1.49031E-1 1.76733E-1 1.35324E-1 1.75726E-1 1.84766E-1 1.98209E-1 2.06425E-1 3.10631E-1 5.59946E-1 6.99038E-1 -9999 7.1814E-1 7.91733E-1 8.01086E-1 8.16607E-1 -9999 -9999 -9999 -9999 -9999 -9999 8.28713E-1 7.14397E-1 4.13326E-1 4.3605E-1 4.42006E-1 3.47705E-1 3.37292E-1 3.00063E-1 2.12737E-1 2.97244E-1 3.83449E-1 3.63296E-1 3.51269E-1 3.21341E-1 3.62376E-1 4.20092E-1 3.96905E-1 4.08287E-1 4.2581E-1 4.00066E-1 3.13525E-1 3.51259E-1 3.41256E-1 3.82838E-1 5.70073E-1 6.94411E-1 8.12852E-1 9.01184E-1 9.26912E-1 9.37015E-1 9.49433E-1 9.57691E-1 9.63482E-1 9.57272E-1 -9999 -9999 -9999 -9999 7.60472E-1 7.36575E-1 3.41785E-1 4.41334E-1 4.08399E-1 4.33479E-1 4.11409E-1
1.27265E-1 1.15623E-1 1.00378E-1 9.85496E-2 1.14189E-1 1.23842E-1 1.70291E-1 1.89094E-1 2.09119E-1 2.0254E-1 2.22118E-1 2.20686E-1 1.7453E-1 2.86581E-1 6.32089E-1 6.63828E-1 6.97148E-1 7.99988E-1 8.15264E-1 8.1197E-1 7.81973E-1 8.13541E-1 8.36434E-1 8.62186E-1 8.32543E-1 -9999 8.41846E-1 8.14138E-1 4.74194E-1 4.44206E-1 4.48258E-1 4.41065E-1 3.08852E-1 2.75473E-1 2.25531E-1 1.96572E-1 3.18694E-1 2.91985E-1 3.60666E-1 3.00111E-1 3.98511E-1 3.32423E-1 3.09175E-1 3.75735E-1 4.09545E-1 4.3298E-1 4.05309E-1 3.6954E-1 3.5666E-1 4.22371E-1 5.77313E-1 6.92013E-1 7.44851E-1 8.83841E-1 9.48096E-1 9.53634E-1 9.57761E-1 9.62303E-1 9.62327E-1 9.5932E-1 -9999 -9999 -9999 -9999 -9999 -9999 -9999 5.58337E-1 4.86192E-1 4.78656E-1 4.88898E-1 5.13517E-1
1.58495E-1 1.54676E-1 1.14441E-1 1.27132E-1 1.61569E-1 1.67151E-1 1.739E-1 1.67719E-1 1.81954E-1 2.71741E-1 2.60857E-1 1.92E-1 1.79159E-1 3.09079E-1 5.80926E-1 6.72571E-1 7.69153E-1 7.18407E-1 8.01922E-1 7.60555E-1 6.52261E-1 7.2404E-1 6.77225E-1 5.60745E-1 6.84778E-1 8.16731E-1 8.38249E-1 6.31692E-1 6.2398E-1 4.63598E-1 3.59164E-1 3.02754E-1 3.53528E-1 2.39147E-1 1.86788E-1 2.08555E-1 2.46364E-1 2.82922E-1 3.53088E-1 3.25352E-1 3.30073E-1 3.54008E-1 3.42906E-1 3.89648E-1 4.68494E-1 4.16553E-1 4.32749E-1 3.4503E-1 3.97636E-1 4.75134E-1 6.28109E-1 6.8023E-1 7.6963E-1 9.45985E-1 9.56376E-1 9.60044E-1 9.66735E-1 9.61801E-1 9.58279E-1 -9999 -9999 -9999 -9999 -9999 -9999 -9999 8.90475E-1 6.7735E-1 5.60306E-1 5.20134E-1 4.61617E-1 5.72509E-1
1.69742E-1 1.646E-1 1.87414E-1 1.75109E-1 2.09148E-1 2.10945E-1 2.21904E-1 2.19874E-1 1.80458E-1 2.14194E-1 3.35633E-1 2.14464E-1 2.43509E-1 3.35025E-1 5.51466E-1 6.60101E-1 6.32325E-1 7.20546E-1 7.87791E-1 6.46119E-1 5.51721E-1 4.84562E-1 4.60909E-1 4.32156E-1 4.2631E-1 5.25918E-1 5.7188E-1 4.74376E-1 4.46507E-1 4.70772E-1 2.82055E-1 1.9545E-1 2.14898E-1 1.71448E-1 1.92977E-1 2.20351E-1 2.68124E-1 3.03099E-1 3.55001E-1 3.09515E-1 2.42069E-1 3.02402E-1 3.49832E-1 3.78297E-1 4.73387E-1 5.70555E-1 5.09877E-1 3.90378E-1 4.92522E-1 6.26305E-1 6.61368E-1 7.81021E-1 8.98302E-1 9.60088E-1 9.48721E-1 9.58147E-1 9.6108E-1 9.6457E-1 -9999 -9999 -9999 -9999 -9999 -9999 -9999 8.83383E-1 8.69488E-1 9.00429E-1 6.36312E-1 5.45668E-1 4.86092E-1 6.15142E-1
1.57622E-1 1.86113E-1 2.24113E-1 2.1782E-1 2.29721E-1 2.18954E-1 2.44443E-1 2.76898E-1 2.1329E-1 2.5459E-1 3.47767E-1 2.09203E-1 2.1163E-1 3.45798E-1 4.86897E-1 6.248E-1 6.00792E-1 7.5741E-1 6.49888E-1 5.97507E-1 5.15969E-1 3.7065E-1 3.55336E-1 3.46041E-1 3.43653E-1 3.77504E-1 3.77305E-1 3.34938E-1 3.82539E-1 3.25974E-1 2.84722E-1 2.70389E-1 2.76484E-1 2.55027E-1 2.35361E-1 2.40009E-1 2.65425E-1 2.74806E-1 3.25469E-1 2.69073E-1 3.08442E-1 4.32062E-1 4.65686E-1 4.77499E-1 5.06254E-1 5.10857E-1 4.99518E-1 5.68097E-1 5.66163E-1 6.65625E-1 7.53328E-1 8.27986E-1 9.39698E-1 9.65799E-1 9.61701E-1 9.60681E-1 9.57085E-1 9.60683E-1 -9999 -9999 -9999 -9999 -9999 -9999 -9999 -9999 8.81153E-1 8.79807E-1 8.47485E-1 5.82879E-1 5.82024E-1 8.62693E-1
1.85395E-1 2.33859E-1 2.46674E-1 2.29114E-1 2.22336E-1 2.6031E-1 3.04448E-1 3.10735E-1 2.5255E-1 3.29658E-1 3.4676E-1 2.15397E-1 2.32249E-1 3.67809E-1 4.90456E-1 5.80625E-1 5.77795E-1 7.36233E-1 5.45057E-1 5.70497E-1 4.48442E-1 3.08051E-1 2.74198E-1 2.87953E-1 2.67159E-1 2.40231E-1 2.48479E-1 3.10549E-1 3.80656E-1 3.22939E-1 4.01329E-1 3.69634E-1 3.83304E-1 2.76865E-1 2.21455E-1 3.01193E-1 2.10986E-1 1.64905E-1 2.57372E-1 2.47149E-1 3.45306E-1 4.20754E-1 4.74555E-1 4.74756E-1 4.34975E-1 4.45301E-1 6.10741E-1 7.2269E-1 6.71974E-1 7.30146E-1 8.6106E-1 9.35703E-1 9.5391E-1 9.59882E-1 9.56716E-1 9.63872E-1 -9999 -9999 -9999 -9999 -9999 -9999 -9999 -9999 -9999 -9999 -9999 -9999 8.21646E-1 6.12788E-1 8.90614E-1 8.99844E-1
1.98338E-1 2.00101E-1 2.86838E-1 2.14395E-1 2.70985E-1 2.62644E-1 2.66474E-1 2.6813E-1 3.51423E-1 3.76267E-1 2.71251E-1 2.29396E-1 2.54887E-1 3.7404E-1 5.30087E-1 5.4664E-1 5.63356E-1 5.88724E-1 5.59677E-1 5.44417E-1 3.96859E-1 2.6171E-1 2.44828E-1 2.45922E-1 2.03133E-1 1.82135E-1 2.36469E-1 3.58106E-1 3.92331E-1 4.01837E-1 6.42421E-1 4.3966E-1 3.33419E-1 1.81596E-1 2.22483E-1 2.88738E-1 1.751E-1 2.56418E-1 3.58576E-1 3.04425E-1 2.79769E-1 4.30128E-1 4.49251E-1 3.92647E-1 4.97654E-1 6.03268E-1 8.06358E-1 8.69197E-1 8.96713E-1 8.85965E-1 9.45385E-1 9.51869E-1 9.48814E-1 9.52752E-1 -9999 -9999 -9999 -9999 -9999 -9999 -9999 -9999 -9999 -9999 -9999 -9999 -9999 -9999 9.26648E-1 9.03442E-1 9.3972E-1 -9999
