Artocarpus altilis SDM files/MIS19/results (with bias file)/Artalt_avg.asc
ncols         1201
nrows         481
xllcorner     119.99986351115
yllcorner     -15.00013828885
cellsize      0.041666667
NODATA_value  -9999
[rows 416 to 447 of 481, columns 360 to 431 of 1201]
1.53625E-1 1.56481E-1 2.03465E-1 1.88274E-1 1.92895E-1 1.88163E-1 1.96709E-1 2.80796E-1 3.21513E-1 3.17032E-1 3.48336E-1 3.47531E-1 3.16325E-1 3.15402E-1 2.53716E-1 2.03855E-1 1.75783E-1 1.93917E-1 2.26785E-1 3.18503E-1 2.89129E-1 2.09697E-1 2.23005E-1 2.52264E-1 1.6853E-1 1.76239E-1 -9999 -9999 -9999 -9999 -9999 1.70413E-1 2.01083E-1 1.94195E-1 2.71363E-1 2.58343E-1 2.54827E-1 2.21687E-1 2.30619E-1 2.22678E-1 1.76903E-1 2.21819E-1 2.197E-1 2.36326E-1 2.31961E-1 1.96686E-1 1.5723E-1 -9999 -9999 -9999 -9999 -9999 -9999 -9999 -9999 -9999 -9999 -9999 -9999 -9999 -9999 -9999 -9999 -9999 -9999 -9999 -9999 -9999 -9999 -9999 -9999 -9999
1.30418E-1 1.47678E-1 2.229E-1 2.42482E-1 2.14187E-1 2.42143E-1 1.87056E-1 1.88679E-1 2.71635E-1 2.66544E-1 2.88085E-1 2.88613E-1 2.75255E-1 2.81657E-1 2.82884E-1 1.49965E-1 1.61475E-1 2.0978E-1 2.97006E-1 3.02346E-1 2.54328E-1 1.96056E-1 1.91922E-1 1.80157E-1 1.51973E-1 -9999 -9999 -9999 -9999 -9999 -9999 1.87923E-1 2.18339E-1 1.79088E-1 2.55116E-1 2.5362E-1 2.4729E-1 2.00484E-1 2.02858E-1 2.07249E-1 1.73018E-1 2.25123E-1 2.24772E-1 2.18838E-1 1.98415E-1 1.38343E-1 1.08929E-1 1.19605E-1 -9999 -9999 -9999 -9999 -9999 -9999 -9999 -9999 -9999 -9999 -9999 -9999 -9999 -9999 -9999 -9999 -9999 -9999 -9999 -9999 -9999 -9999 -9999 -9999
1.12791E-1 1.94286E-1 1.8463E-1 2.16854E-1 2.51287E-1 2.52084E-1 1.89373E-1 1.61365E-1 1.65763E-1 1.54413E-1 1.91138E-1 2.24674E-1 2.28002E-1 2.5938E-1 1.92414E-1 1.34313E-1 1.55912E-1 2.74606E-1 2.9731E-1 2.54848E-1 2.25819E-1 1.71181E-1 1.42641E-1 1.39178E-1 1.40559E-1 -9999 -9999 -9999 -9999 -9999 1.69859E-1 1.74287E-1 1.98392E-1 2.01794E-1 2.26317E-1 2.29405E-1 2.10126E-1 1.90008E-1 1.85182E-1 1.99894E-1 1.84048E-1 1.70737E-1 1.89032E-1 1.88821E-1 1.93353E-1 1.2359E-1 1.00198E-1 1.0158E-1 -9999 -9999 -9999 -9999 -9999 -9999 -9999 -9999 -9999 -9999 -9999 -9999 -9999 -9999 -9999 -9999 -9999 -9999 -9999 -9999 -9999 -9999 -9999 -9999
7.7756E-2 8.98041E-2 1.9859E-1 2.34967E-1 2.31548E-1 2.2818E-1 2.16277E-1 1.77057E-1 1.48518E-1 1.87747E-1 1.81062E-1 2.15132E-1 2.43684E-1 2.3381E-1 2.05568E-1 1.32483E-1 2.13882E-1 2.68005E-1 2.49793E-1 2.14076E-1 1.85447E-1 1.56082E-1 1.27693E-1 1.32994E-1 1.26448E-1 1.32203E-1 1.31402E-1 1.53603E-1 -9999 1.59948E-1 1.64714E-1 1.7186E-1 2.06072E-1 1.89265E-1 2.16548E-1 2.11897E-1 2.03051E-1 1.7872E-1 1.7482E-1 1.81601E-1 1.28106E-1 1.31258E-1 1.08936E-1 1.12854E-1 1.13132E-1 8.83639E-2 -9999 -9999 -9999 -9999 -9999 -9999 -9999 -9999 -9999 -9999 -9999 -9999 -9999 -9999 -9999 -9999 -9999 -9999 -9999 -9999 -9999 -9999 -9999 -9999 -9999 -9999
7.63243E-2 1.05117E-1 1.18602E-1 1.71201E-1 2.44999E-1 2.35765E-1 2.30029E-1 1.84116E-1 1.98959E-1 1.97488E-1 1.86934E-1 1.96808E-1 2.16939E-1 2.10005E-1 1.64518E-1 2.08952E-1 1.75734E-1 2.25081E-1 2.12561E-1 1.97795E-1 1.72833E-1 1.43304E-1 1.1939E-1 1.20159E-1 1.24673E-1 1.49266E-1 1.51559E-1 1.45423E-1 1.42137E-1 1.43345E-1 1.50368E-1 1.83468E-1 2.01339E-1 1.95798E-1 1.95263E-1 1.99107E-1 1.88127E-1 1.75197E-1 1.4354E-1 1.44168E-1 1.77788E-1 1.01018E-1 8.25452E-2 1.16545E-1 9.31111E-2 -9999 -9999 -9999 -9999 -9999 -9999 -9999 -9999 -9999 -9999 -9999 -9999 -9999 -9999 -9999 -9999 -9999 -9999 -9999 -9999 -9999 -9999 -9999 -9999 -9999 -9999 -9999
6.58108E-2 7.0301E-2 7.1999E-2 9.92742E-2 1.17877E-1 2.10602E-1 2.07089E-1 1.92906E-1 1.95407E-1 2.05253E-1 2.02996E-1 1.99095E-1 2.03689E-1 2.17123E-1 2.09199E-1 1.77716E-1 1.85554E-1 1.8355E-1 2.04329E-1 1.90609E-1 1.58175E-1 1.34952E-1 1.44846E-1 1.39015E-1 1.40345E-1 1.42618E-1 1.71256E-1 1.30825E-1 1.31133E-1 1.3366E-1 1.40302E-1 1.8914E-1 1.89042E-1 1.86619E-1 1.89678E-1 1.88234E-1 1.78545E-1 1.6664E-1 1.57279E-1 1.48803E-1 1.73961E-1 1.27771E-1 1.19044E-1 1.14888E-1 9.19528E-2 9.06013E-2 -9999 -9999 -9999 -9999 -9999 -9999 -9999 -9999 -9999 -9999 -9999 -9999 -9999 -9999 -9999 -9999 -9999 -9999 -9999 -9999 -9999 -9999 -9999 -9999 -9999 -9999
5.61123E-2 5.79448E-2 6.30298E-2 1.62023E-1 1.54326E-1 1.85262E-1 1.93739E-1 1.86991E-1 1.83773E-1 1.64766E-1 1.85805E-1 1.86962E-1 1.9506E-1 1.97609E-1 1.91595E-1 1.76258E-1 1.85225E-1 1.80798E-1 1.85347E-1 1.6879E-1 1.43917E-1 1.60315E-1 1.54342E-1 1.50811E-1 1.2926E-1 1.72675E-1 1.64687E-1 1.44932E-1 1.14179E-1 1.22301E-1 1.56833E-1 1.78407E-1 1.81077E-1 1.78756E-1 1.80277E-1 1.72155E-1 1.65347E-1 1.49123E-1 1.57881E-1 1.35013E-1 8.22848E-2 8.86113E-2 9.44934E-2 -9999 -9999 -9999 -9999 -9999 -9999 -9999 -9999 -9999 -9999 -9999 -9999 -9999 -9999 -9999 -9999 -9999 -9999 -9999 -9999 -9999 -9999 -9999 -9999 -9999 -9999 -9999 -9999 -9999
4.63415E-2 5.03565E-2 5.05836E-2 6.12338E-2 5.35626E-2 1.27084E-1 1.02074E-1 1.12584E-1 7.6975E-2 7.4859E-2 1.14416E-1 1.26871E-1 1.59785E-1 1.80773E-1 1.69477E-1 1.60732E-1 1.58834E-1 1.52477E-1 1.6548E-1 1.44004E-1 1.36743E-1 1.62244E-1 1.53298E-1 1.54838E-1 1.43623E-1 1.54942E-1 1.25366E-1 1.28635E-1 1.00395E-1 1.37769E-1 1.41343E-1 1.61869E-1 1.63493E-1 1.57366E-1 1.58337E-1 1.45278E-1 1.20392E-1 1.11338E-1 1.1597E-1 1.00368E-1 7.82062E-2 8.86001E-2 8.99377E-2 -9999 -9999 -9999 -9999 -9999 -9999 -9999 -9999 -9999 -9999 -9999 -9999 -9999 -9999 -9999 -9999 -9999 -9999 -9999 -9999 -9999 -9999 -9999 -9999 -9999 -9999 -9999 -9999 -9999
4.05221E-2 4.56234E-2 5.82497E-2 4.43951E-2 5.19946E-2 6.29108E-2 4.06233E-2 6.19464E-2 8.52419E-2 9.68698E-2 1.56231E-1 1.64248E-1 1.66431E-1 1.59547E-1 1.50553E-1 1.35561E-1 1.39674E-1 1.43734E-1 1.45103E-1 1.42388E-1 1.45719E-1 1.44999E-1 1.38806E-1 1.39591E-1 1.44848E-1 1.41179E-1 1.30123E-1 8.40286E-2 9.68253E-2 1.32314E-1 1.31921E-1 1.52897E-1 1.48331E-1 1.44555E-1 1.29819E-1 1.12568E-1 1.04741E-1 8.27221E-2 8.56047E-2 1.25399E-1 7.21049E-2 -9999 -9999 -9999 -9999 -9999 -9999 -9999 -9999 -9999 -9999 -9999 -9999 -9999 -9999 -9999 -9999 -9999 -9999 -9999 -9999 -9999 -9999 -9999 -9999 -9999 -9999 -9999 -9999 -9999 -9999 -9999
3.44408E-2 4.0752E-2 4.72783E-2 4.74744E-2 5.11863E-2 5.08063E-2 7.3153E-2 9.03763E-2 1.12335E-1 1.09424E-1 1.47855E-1 1.4609E-1 1.43116E-1 1.45072E-1 1.26271E-1 1.22523E-1 1.20723E-1 1.26658E-1 1.35516E-1 1.25409E-1 1.31937E-1 1.32578E-1 1.30381E-1 1.33496E-1 1.35487E-1 1.19452E-1 1.15797E-1 9.88178E-2 9.43859E-2 1.39516E-1 1.34222E-1 1.247E-1 1.34534E-1 1.25365E-1 9.57886E-2 9.06829E-2 8.93021E-2 8.16593E-2 6.32528E-2 6.79184E-2 8.90417E-2 -9999 -9999 -9999 -9999 -9999 -9999 -9999 -9999 -9999 -9999 -9999 -9999 -9999 -9999 -9999 -9999 -9999 -9999 -9999 -9999 -9999 -9999 -9999 -9999 -9999 -9999 -9999 -9999 -9999 -9999 -9999
4.13474E-2 4.62516E-2 6.24433E-2 6.47401E-2 6.83509E-2 1.02682E-1 1.24528E-1 1.21248E-1 1.20216E-1 1.23552E-1 9.71475E-2 1.02687E-1 1.16774E-1 1.30898E-1 1.11913E-1 1.02333E-1 1.0203E-1 1.10007E-1 1.09732E-1 1.14414E-1 1.12723E-1 1.14736E-1 1.13403E-1 1.16316E-1 1.0978E-1 1.14972E-1 1.11008E-1 1.17485E-1 1.25078E-1 1.30003E-1 1.23082E-1 1.17935E-1 1.12628E-1 8.34826E-2 6.95005E-2 7.00423E-2 7.23912E-2 8.57276E-2 6.44651E-2 6.55062E-2 6.76453E-2 7.03438E-2 -9999 -9999 -9999 -9999 -9999 -9999 -9999 -9999 -9999 -9999 -9999 -9999 -9999 -9999 -9999 -9999 -9999 -9999 -9999 -9999 -9999 -9999 -9999 -9999 -9999 -9999 -9999 -9999 -9999 -9999
5.28579E-2 4.31405E-2 7.04399E-2 8.67604E-2 5.49252E-2 7.45793E-2 1.21987E-1 1.14152E-1 9.41947E-2 1.15395E-1 9.97783E-2 1.09817E-1 1.00617E-1 1.09979E-1 9.1156E-2 7.02358E-2 7.70846E-2 9.6042E-2 7.57392E-2 7.74446E-2 9.14765E-2 9.75371E-2 9.04094E-2 9.59904E-2 8.56255E-2 8.78955E-2 8.52664E-2 1.02874E-1 1.07532E-1 1.12136E-1 1.07161E-1 1.08049E-1 1.11218E-1 9.41715E-2 7.52696E-2 5.44536E-2 8.37992E-2 6.06187E-2 6.33394E-2 5.93834E-2 6.16934E-2 6.03148E-2 -9999 -9999 -9999 -9999 -9999 -9999 -9999 -9999 -9999 -9999 -9999 -9999 -9999 -9999 -9999 -9999 -9999 -9999 -9999 -9999 -9999 -9999 -9999 -9999 -9999 -9999 -9999 -9999 -9999 -9999
6.92775E-2 2.91067E-2 3.31994E-2 7.35071E-2 8.76184E-2 6.35729E-2 9.18522E-2 1.08119E-1 1.01991E-1 9.79482E-2 1.00462E-1 8.88845E-2 8.76459E-2 1.00628E-1 8.26721E-2 6.61421E-2 6.96833E-2 8.08276E-2 6.85616E-2 6.93513E-2 7.23539E-2 8.14193E-2 7.63232E-2 7.47669E-2 7.36311E-2 7.45355E-2 7.20757E-2 7.4833E-2 8.07269E-2 8.37367E-2 8.13997E-2 7.0108E-2 7.78378E-2 8.43598E-2 6.76106E-2 6.34957E-2 5.47139E-2 6.0515E-2 6.06461E-2 -9999 -9999 -9999 -9999 -9999 -9999 -9999 -9999 -9999 -9999 -9999 -9999 -9999 -9999 -9999 -9999 -9999 -9999 -9999 -9999 -9999 -9999 -9999 -9999 -9999 -9999 -9999 -9999 -9999 -9999 -9999 -9999 -9999
2.91978E-2 2.42133E-2 4.12544E-2 7.88181E-2 9.92497E-2 8.06541E-2 6.04607E-2 7.98706E-2 9.31242E-2 8.69979E-2 8.561E-2 6.11224E-2 7.78845E-2 8.64459E-2 6.33215E-2 5.02222E-2 5.58039E-2 6.95157E-2 6.54986E-2 6.23555E-2 7.30886E-2 6.30283E-2 7.06128E-2 7.23299E-2 7.36253E-2 8.19797E-2 7.92664E-2 6.50993E-2 8.01098E-2 8.7089E-2 6.75726E-2 6.20449E-2 6.39264E-2 7.63807E-2 6.27389E-2 4.99852E-2 6.66993E-2 -9999 4.94568E-2 5.02021E-2 5.02021E-2 -9999 -9999 -9999 -9999 -9999 -9999 -9999 -9999 -9999 -9999 -9999 -9999 -9999 -9999 -9999 -9999 -9999 -9999 -9999 -9999 -9999 -9999 -9999 -9999 -9999 -9999 -9999 -9999 -9999 -9999 -9999
2.95357E-2 2.2714E-2 7.16736E-2 6.52819E-2 8.49127E-2 6.84074E-2 5.86411E-2 7.01992E-2 8.65928E-2 7.29025E-2 5.43522E-2 5.86794E-2 8.19776E-2 7.42125E-2 5.66507E-2 4.57957E-2 4.02323E-2 5.89317E-2 6.00741E-2 5.90507E-2 7.05026E-2 6.02785E-2 5.30858E-2 5.46248E-2 5.39304E-2 5.76544E-2 5.69822E-2 4.57844E-2 6.726E-2 6.79861E-2 5.94168E-2 5.07331E-2 4.84448E-2 7.37328E-2 7.10937E-2 6.81586E-2 7.38387E-2 4.7611E-2 -9999 4.96243E-2 5.39325E-2 5.3564E-2 -9999 -9999 -9999 -9999 -9999 -9999 -9999 -9999 -9999 -9999 -9999 -9999 -9999 -9999 -9999 -9999 -9999 -9999 -9999 -9999 -9999 -9999 -9999 -9999 -9999 -9999 -9999 -9999 -9999 -9999
1.55409E-2 2.42554E-2 3.73605E-2 4.30814E-2 5.06825E-2 5.38322E-2 6.09771E-2 6.53346E-2 7.45046E-2 6.09088E-2 4.32563E-2 5.71866E-2 6.64959E-2 5.90052E-2 4.00488E-2 4.75413E-2 3.93812E-2 6.04584E-2 5.04874E-2 4.36524E-2 5.49125E-2 4.9064E-2 4.0331E-2 4.04141E-2 5.01494E-2 4.91612E-2 5.54611E-2 4.45699E-2 4.05863E-2 5.86715E-2 4.81841E-2 4.23946E-2 5.747E-2 7.34404E-2 4.56897E-2 6.33428E-2 7.04098E-2 5.95098E-2 6.27632E-2 4.20826E-2 -9999 -9999 -9999 -9999 -9999 -9999 -9999 -9999 -9999 -9999 -9999 -9999 -9999 -9999 -9999 -9999 -9999 -9999 -9999 -9999 -9999 -9999 -9999 -9999 -9999 -9999 -9999 -9999 -9999 -9999 -9999 -9999
1.47049E-2 2.19538E-2 2.94641E-2 2.92653E-2 3.9713E-2 4.46422E-2 5.33531E-2 5.71419E-2 5.47679E-2 4.68474E-2 4.29919E-2 6.00553E-2 5.56661E-2 4.03918E-2 2.93927E-2 3.09751E-2 3.23945E-2 5.37514E-2 4.47429E-2 4.18049E-2 3.82573E-2 3.82826E-2 3.60686E-2 2.97012E-2 3.68919E-2 4.01376E-2 5.97573E-2 4.15808E-2 4.0224E-2 5.64488E-2 5.16556E-2 4.18233E-2 5.0044E-2 6.05781E-2 4.42568E-2 3.38615E-2 4.29887E-2 4.62027E-2 4.16047E-2 4.17051E-2 -9999 -9999 -9999 -9999 -9999 -9999 -9999 -9999 -9999 -9999 -9999 -9999 -9999 -9999 -9999 -9999 -9999 -9999 -9999 -9999 -9999 -9999 -9999 -9999 -9999 -9999 -9999 -9999 -9999 -9999 -9999 -9999
1.42347E-2 2.15199E-2 2.84499E-2 4.48607E-2 5.00199E-2 4.53456E-2 4.87609E-2 4.93624E-2 4.31002E-2 4.50547E-2 5.0383E-2 5.35429E-2 4.5024E-2 3.97061E-2 2.85101E-2 2.37066E-2 2.33538E-2 5.11043E-2 3.19718E-2 3.621E-2 3.44579E-2 2.55682E-2 2.72875E-2 3.26952E-2 2.77064E-2 3.80094E-2 4.1472E-2 3.82769E-2 2.91902E-2 4.38191E-2 3.88303E-2 2.97326E-2 3.11482E-2 4.34721E-2 6.39286E-2 4.42803E-2 4.50918E-2 3.55757E-2 3.5108E-2 3.8972E-2 -9999 -9999 -9999 -9999 -9999 -9999 -9999 -9999 -9999 -9999 -9999 -9999 -9999 -9999 -9999 -9999 -9999 -9999 -9999 -9999 -9999 -9999 -9999 -9999 -9999 -9999 -9999 -9999 -9999 -9999 -9999 -9999
1.64165E-2 1.86499E-2 2.60163E-2 3.19179E-2 3.78388E-2 4.1538E-2 3.89399E-2 3.33576E-2 3.17307E-2 3.77528E-2 4.80142E-2 2.91199E-2 3.08398E-2 2.9244E-2 1.81683E-2 2.04507E-2 2.13423E-2 4.6409E-2 3.09859E-2 2.26441E-2 2.48858E-2 2.55195E-2 2.49485E-2 2.65737E-2 2.99014E-2 4.37334E-2 3.83776E-2 2.70126E-2 2.68448E-2 4.29677E-2 3.91829E-2 2.72531E-2 2.76163E-2 3.64953E-2 4.85701E-2 4.26384E-2 3.25347E-2 3.57371E-2 -9999 -9999 -9999 -9999 -9999 -9999 -9999 -9999 -9999 -9999 -9999 -9999 -9999 -9999 -9999 -9999 -9999 -9999 -9999 -9999 -9999 -9999 -9999 -9999 -9999 -9999 -9999 -9999 -9999 -9999 -9999 -9999 -9999 -9999
1.79092E-2 1.63715E-2 1.98136E-2 2.73365E-2 3.33773E-2 3.21476E-2 2.46977E-2 2.89784E-2 3.25239E-2 3.73693E-2 4.06436E-2 3.74876E-2 3.54242E-2 2.87355E-2 2.42946E-2 2.00457E-2 1.64288E-2 2.24229E-2 2.05203E-2 2.10753E-2 1.75171E-2 2.66302E-2 2.32275E-2 1.8797E-2 2.53387E-2 2.70032E-2 2.52285E-2 2.53574E-2 2.63739E-2 3.41852E-2 3.36787E-2 2.53516E-2 2.79708E-2 3.79651E-2 4.98784E-2 3.81516E-2 3.06549E-2 3.07045E-2 -9999 -9999 -9999 -9999 -9999 -9999 -9999 -9999 -9999 -9999 -9999 -9999 -9999 -9999 -9999 -9999 -9999 -9999 -9999 -9999 -9999 -9999 -9999 -9999 -9999 -9999 -9999 -9999 -9999 -9999 -9999 -9999 -9999 -9999
2.25905E-2 2.21053E-2 1.73945E-2 1.83316E-2 2.15333E-2 2.5095E-2 2.62559E-2 3.01445E-2 3.85798E-2 4.57607E-2 4.54669E-2 4.22762E-2 3.84281E-2 2.56583E-2 1.74167E-2 1.86659E-2 2.20019E-2 3.36061E-2 3.76201E-2 2.09065E-2 1.64032E-2 2.31042E-2 2.35382E-2 2.27301E-2 1.85976E-2 2.57514E-2 2.31215E-2 2.28078E-2 2.68205E-2 2.4574E-2 2.36967E-2 2.51814E-2 2.59204E-2 3.68355E-2 4.41759E-2 2.69156E-2 2.67461E-2 -9999 -9999 -9999 -9999 -9999 -9999 -9999 -9999 -9999 -9999 -9999 -9999 -9999 -9999 -9999 -9999 -9999 -9999 -9999 -9999 -9999 -9999 -9999 -9999 -9999 -9999 -9999 -9999 -9999 -9999 -9999 -9999 -9999 -9999 -9999
1.26489E-2 2.56903E-2 2.65792E-2 2.30757E-2 2.12988E-2 2.42261E-2 2.8235E-2 3.26611E-2 4.30854E-2 3.94437E-2 3.6745E-2 3.30213E-2 2.73859E-2 2.41688E-2 2.32836E-2 1.87387E-2 1.9427E-2 3.77746E-2 2.97822E-2 2.0599E-2 1.64183E-2 1.49836E-2 2.12651E-2 1.63327E-2 2.46916E-2 2.50114E-2 2.12376E-2 2.26678E-2 2.5748E-2 2.27024E-2 2.11183E-2 2.15382E-2 2.22815E-2 3.24159E-2 3.54214E-2 2.54208E-2 -9999 -9999 -9999 -9999 -9999 -9999 -9999 -9999 -9999 -9999 -9999 -9999 -9999 -9999 -9999 -9999 -9999 -9999 -9999 -9999 -9999 -9999 -9999 -9999 -9999 -9999 -9999 -9999 -9999 -9999 -9999 -9999 -9999 -9999 -9999 -9999
1.50934E-2 2.78173E-2 2.84332E-2 2.49707E-2 2.14507E-2 2.45811E-2 3.1358E-2 3.31233E-2 3.46227E-2 2.81994E-2 2.92725E-2 2.33286E-2 2.46197E-2 1.97927E-2 1.80077E-2 1.57144E-2 2.59224E-2 3.02275E-2 2.52E-2 1.69828E-2 1.38591E-2 1.41206E-2 1.49812E-2 1.50415E-2 2.15795E-2 2.00016E-2 1.54206E-2 2.1409E-2 2.22889E-2 2.06834E-2 -9999 -9999 2.35586E-2 2.18437E-2 2.11765E-2 2.35554E-2 -9999 -9999 -9999 -9999 -9999 -9999 -9999 -9999 -9999 -9999 -9999 -9999 -9999 -9999 -9999 -9999 -9999 -9999 -9999 -9999 -9999 -9999 -9999 -9999 -9999 -9999 -9999 -9999 -9999 -9999 -9999 -9999 -9999 -9999 -9999 -9999
1.96433E-2 2.04761E-2 2.35069E-2 2.2749E-2 2.09944E-2 2.53244E-2 2.95035E-2 2.93748E-2 2.13102E-2 1.68223E-2 1.72744E-2 1.45756E-2 1.63306E-2 1.84989E-2 1.80792E-2 1.88892E-2 3.25683E-2 2.76041E-2 2.04075E-2 1.56013E-2 1.80389E-2 1.42861E-2 1.47608E-2 1.91039E-2 1.72945E-2 2.17772E-2 -9999 2.10134E-2 1.85177E-2 -9999 -9999 2.30809E-2 3.03644E-2 2.14545E-2 1.96874E-2 2.02487E-2 -9999 -9999 -9999 -9999 -9999 -9999 -9999 -9999 -9999 -9999 -9999 -9999 -9999 -9999 -9999 -9999 -9999 -9999 -9999 -9999 -9999 -9999 -9999 -9999 -9999 -9999 -9999 -9999 -9999 -9999 -9999 -9999 -9999 -9999 -9999 -9999
1.05092E-2 1.26523E-2 1.45787E-2 1.59801E-2 1.94947E-2 2.78588E-2 2.81144E-2 2.37426E-2 1.45391E-2 1.72152E-2 1.33665E-2 1.3351E-2 1.79241E-2 1.76664E-2 1.60184E-2 2.5422E-2 2.81346E-2 2.21808E-2 1.81589E-2 1.39906E-2 1.1579E-2 1.24183E-2 -9999 1.37341E-2 1.49038E-2 1.53921E-2 1.88788E-2 -9999 -9999 -9999 -9999 2.0438E-2 2.12714E-2 1.95541E-2 -9999 -9999 -9999 -9999 -9999 -9999 -9999 -9999 -9999 -9999 -9999 -9999 -9999 -9999 -9999 -9999 -9999 -9999 -9999 -9999 -9999 -9999 -9999 -9999 -9999 -9999 -9999 -9999 -9999 -9999 -9999 -9999 -9999 -9999 -9999 -9999 -9999 -9999
8.68245E-3 1.49418E-2 1.84042E-2 1.78221E-2 2.11831E-2 2.31933E-2 1.71486E-2 1.17231E-2 1.11618E-2 1.14107E-2 1.14343E-2 1.34485E-2 1.36972E-2 1.61755E-2 2.0003E-2 2.41142E-2 2.0064E-2 1.87051E-2 1.906E-2 1.48814E-2 1.31004E-2 1.21899E-2 -9999 1.31715E-2 -9999 1.42953E-2 1.40761E-2 1.42296E-2 -9999 -9999 -9999 -9999 -9999 -9999 -9999 -9999 -9999 -9999 -9999 -9999 -9999 -9999 -9999 -9999 -9999 -9999 -9999 -9999 -9999 -9999 -9999 -9999 -9999 -9999 -9999 -9999 -9999 -9999 -9999 -9999 -9999 -9999 -9999 -9999 -9999 -9999 -9999 -9999 -9999 -9999 -9999 -9999
1.05413E-2 1.16499E-2 1.31694E-2 1.93636E-2 2.1739E-2 2.05369E-2 1.43779E-2 1.21167E-2 1.26571E-2 1.08915E-2 1.12004E-2 1.66518E-2 1.33686E-2 1.7125E-2 1.52906E-2 1.30202E-2 1.91914E-2 1.97929E-2 1.81095E-2 2.20044E-2 1.51337E-2 1.72572E-2 1.23518E-2 1.26121E-2 -9999 -9999 1.4705E-2 1.97186E-2 -9999 -9999 -9999 -9999 -9999 -9999 -9999 -9999 -9999 -9999 -9999 -9999 -9999 -9999 -9999 -9999 -9999 -9999 -9999 -9999 -9999 -9999 -9999 -9999 -9999 -9999 -9999 -9999 -9999 -9999 -9999 -9999 -9999 -9999 -9999 -9999 -9999 -9999 -9999 -9999 -9999 -9999 -9999 -9999
9.96984E-3 1.36589E-2 1.38126E-2 1.85741E-2 2.00678E-2 1.50825E-2 1.12143E-2 1.21182E-2 1.37228E-2 1.20593E-2 1.13934E-2 1.60402E-2 1.64405E-2 1.70634E-2 1.10043E-2 1.29492E-2 1.71164E-2 1.2846E-2 1.48194E-2 2.32158E-2 9.77076E-3 1.07146E-2 1.53387E-2 1.21686E-2 -9999 1.45023E-2 1.94298E-2 2.05745E-2 1.84688E-2 1.49193E-2 1.9128E-2 -9999 -9999 -9999 -9999 -9999 -9999 -9999 -9999 -9999 -9999 -9999 -9999 -9999 -9999 -9999 -9999 -9999 -9999 -9999 -9999 -9999 -9999 -9999 -9999 -9999 -9999 -9999 -9999 -9999 -9999 -9999 -9999 -9999 -9999 -9999 -9999 -9999 -9999 -9999 -9999 -9999
1.14483E-2 1.47087E-2 1.53329E-2 1.73549E-2 1.71022E-2 1.26928E-2 9.14224E-3 9.76485E-3 1.2447E-2 1.14141E-2 1.09035E-2 1.33092E-2 1.51241E-2 2.0999E-2 8.89267E-3 1.40392E-2 1.3209E-2 1.47536E-2 1.001E-2 2.16767E-2 9.41332E-3 9.76784E-3 1.01962E-2 -9999 -9999 1.29105E-2 1.83695E-2 1.69062E-2 1.73234E-2 1.43834E-2 1.55591E-2 -9999 -9999 -9999 -9999 -9999 -9999 -9999 -9999 -9999 -9999 -9999 -9999 -9999 -9999 -9999 -9999 -9999 -9999 -9999 -9999 -9999 -9999 -9999 -9999 -9999 -9999 -9999 -9999 -9999 -9999 -9999 -9999 -9999 -9999 -9999 -9999 -9999 -9999 -9999 -9999 -9999
1.21751E-2 1.25724E-2 1.25013E-2 1.38888E-2 1.52448E-2 1.01307E-2 8.94365E-3 9.703E-3 1.19707E-2 1.14025E-2 1.17343E-2 1.07163E-2 1.15533E-2 1.92145E-2 1.25439E-2 9.16018E-3 9.99358E-3 1.09832E-2 8.1212E-3 1.29518E-2 9.40864E-3 -9999 -9999 -9999 -9999 -9999 1.36013E-2 1.65843E-2 -9999 -9999 -9999 -9999 -9999 -9999 -9999 -9999 -9999 -9999 -9999 -9999 -9999 -9999 -9999 -9999 -9999 -9999 -9999 -9999 -9999 -9999 -9999 -9999 -9999 -9999 -9999 -9999 -9999 -9999 -9999 -9999 -9999 -9999 -9999 -9999 -9999 -9999 -9999 -9999 -9999 -9999 -9999 -9999
1.19715E-2 1.04323E-2 9.67254E-3 1.0286E-2 1.09489E-2 8.15695E-3 8.07343E-3 9.13304E-3 1.03917E-2 1.01482E-2 1.17519E-2 1.40067E-2 1.02579E-2 1.82312E-2 1.80008E-2 1.77946E-2 1.00293E-2 1.02906E-2 8.4488E-3 8.56918E-3 9.31613E-3 -9999 -9999 -9999 -9999 -9999 -9999 1.63362E-2 -9999 1.34618E-2 -9999 1.28149E-2 -9999 -9999 -9999 -9999 -9999 -9999 -9999 -9999 -9999 -9999 -9999 -9999 -9999 -9999 -9999 -9999 -9999 -9999 -9999 -9999 -9999 -9999 -9999 -9999 -9999 -9999 -9999 -9999 -9999 -9999 -9999 -9999 -9999 -9999 -9999 -9999 -9999 -9999 -9999 -9999
8.95675E-3 8.94856E-3 7.22918E-3 9.61238E-3 9.484E-3 7.49853E-3 8.558E-3 9.88765E-3 9.98292E-3 1.15296E-2 1.62445E-2 1.3902E-2 1.08415E-2 1.35015E-2 1.17491E-2 1.43333E-2 1.02719E-2 1.15392E-2 9.35241E-3 9.36418E-3 9.28185E-3 -9999 -9999 -9999 -9999 -9999 -9999 -9999 -9999 1.78728E-2 1.3602E-2 1.32558E-2 -9999 1.46027E-2 1.43528E-2 -9999 -9999 -9999 -9999 -9999 1.44215E-2 -9999 -9999 -9999 -9999 -9999 1.73458E-2 1.69363E-2 -9999 -9999 -9999 -9999 -9999 -9999 -9999 -9999 -9999 -9999 -9999 -9999 -9999 -9999 -9999 -9999 -9999 -9999 -9999 -9999 -9999 -9999 -9999 -9999
