Artocarpus altilis SDM files/MIS19/results (with bias file)/Artalt_0.asc
ncols         1201
nrows         481
xllcorner     119.99986351115
yllcorner     -15.00013828885
cellsize      0.041666667
NODATA_value  -9999
[rows 128 to 159 of 481, columns 0 to 71 of 1201]
1.82559E-1 -9999 -9999 -9999 -9999 -9999 -9999 -9999 -9999 -9999 -9999 -9999 -9999 -9999 -9999 -9999 -9999 -9999 -9999 -9999 -9999 -9999 -9999 -9999 -9999 -9999 -9999 -9999 -9999 -9999 -9999 -9999 -9999 -9999 -9999 -9999 -9999 -9999 -9999 -9999 -9999 -9999 -9999 -9999 6.52936E-1 6.64633E-1 7.49728E-1 6.72765E-1 6.85906E-1 7.80563E-1 8.35112E-1 7.23222E-1 -9999 7.3084E-1 -9999 7.61837E-1 9.12238E-1 -9999 -9999 -9999 -9999 -9999 -9999 -9999 -9999 -9999 -9999 -9999 -9999 -9999 -9999 -9999
2.8103E-1 1.29534E-1 -9999 -9999 -9999 -9999 -9999 -9999 -9999 -9999 -9999 -9999 -9999 -9999 -9999 -9999 -9999 -9999 -9999 -9999 -9999 -9999 -9999 -9999 -9999 -9999 -9999 -9999 -9999 -9999 -9999 -9999 -9999 -9999 -9999 -9999 -9999 -9999 -9999 -9999 -9999 -9999 -9999 6.43035E-1 6.45263E-1 8.17573E-1 7.53707E-1 7.59528E-1 7.70523E-1 7.67813E-1 8.60339E-1 8.50325E-1 -9999 7.37055E-1 -9999 -9999 9.07517E-1 9.03424E-1 -9999 -9999 -9999 -9999 -9999 -9999 -9999 -9999 -9999 -9999 -9999 -9999 -9999 -9999
3.04187E-1 1.58774E-1 -9999 -9999 -9999 -9999 -9999 -9999 -9999 -9999 -9999 -9999 -9999 -9999 -9999 -9999 -9999 -9999 -9999 -9999 -9999 -9999 -9999 -9999 -9999 -9999 -9999 -9999 -9999 -9999 -9999 -9999 -9999 -9999 -9999 -9999 -9999 -9999 -9999 -9999 -9999 -9999 6.50763E-1 6.52607E-1 6.44802E-1 8.33384E-1 8.17027E-1 7.95012E-1 8.60682E-1 7.67034E-1 8.69518E-1 8.61905E-1 -9999 -9999 -9999 -9999 -9999 6.7851E-1 -9999 -9999 -9999 -9999 -9999 -9999 -9999 -9999 -9999 -9999 -9999 -9999 -9999 -9999
2.98093E-1 2.14921E-1 -9999 -9999 -9999 -9999 -9999 -9999 -9999 -9999 -9999 -9999 -9999 -9999 -9999 -9999 -9999 -9999 -9999 -9999 -9999 -9999 -9999 -9999 -9999 -9999 -9999 -9999 -9999 -9999 -9999 -9999 -9999 -9999 -9999 -9999 -9999 -9999 -9999 -9999 6.40605E-1 7.28709E-1 8.04676E-1 8.2298E-1 7.82217E-1 8.14015E-1 7.49778E-1 7.69494E-1 6.85912E-1 6.92702E-1 7.74612E-1 -9999 -9999 -9999 -9999 -9999 -9999 -9999 7.10901E-1 -9999 -9999 -9999 -9999 -9999 -9999 -9999 -9999 -9999 -9999 -9999 -9999 -9999
2.64291E-1 2.10459E-1 -9999 -9999 -9999 -9999 -9999 -9999 -9999 -9999 -9999 -9999 -9999 -9999 -9999 -9999 -9999 -9999 -9999 -9999 -9999 -9999 -9999 -9999 -9999 -9999 -9999 -9999 -9999 -9999 -9999 -9999 -9999 -9999 -9999 -9999 -9999 -9999 -9999 -9999 7.17718E-1 8.15809E-1 7.89541E-1 8.34519E-1 7.73852E-1 8.38483E-1 6.84752E-1 -9999 -9999 -9999 -9999 -9999 -9999 -9999 -9999 -9999 -9999 -9999 -9999 -9999 7.78574E-1 8.35794E-1 8.28952E-1 6.55047E-1 -9999 -9999 -9999 -9999 -9999 -9999 7.80489E-1 -9999
1.95011E-1 1.48E-1 -9999 -9999 -9999 -9999 -9999 -9999 -9999 -9999 -9999 -9999 -9999 -9999 -9999 -9999 -9999 -9999 -9999 -9999 -9999 -9999 -9999 -9999 -9999 -9999 -9999 -9999 -9999 -9999 -9999 -9999 -9999 -9999 -9999 -9999 -9999 -9999 -9999 6.32792E-1 8.02172E-1 8.12939E-1 8.2856E-1 8.47723E-1 8.30857E-1 8.49774E-1 -9999 -9999 -9999 -9999 -9999 -9999 -9999 -9999 -9999 -9999 -9999 -9999 -9999 -9999 8.21051E-1 8.16404E-1 7.61997E-1 6.54795E-1 -9999 -9999 -9999 -9999 -9999 -9999 -9999 -9999
1.30701E-1 1.81917E-1 -9999 -9999 -9999 -9999 -9999 -9999 -9999 -9999 -9999 -9999 -9999 -9999 -9999 -9999 -9999 -9999 -9999 -9999 -9999 -9999 -9999 -9999 -9999 -9999 -9999 -9999 -9999 -9999 -9999 -9999 -9999 -9999 -9999 -9999 -9999 -9999 6.27544E-1 7.05871E-1 8.20473E-1 -9999 -9999 -9999 -9999 -9999 -9999 -9999 -9999 -9999 -9999 -9999 -9999 -9999 -9999 -9999 -9999 -9999 -9999 -9999 -9999 -9999 -9999 -9999 -9999 -9999 -9999 -9999 -9999 -9999 -9999 -9999
1.18185E-1 2.53678E-1 -9999 -9999 -9999 -9999 -9999 -9999 -9999 -9999 -9999 -9999 -9999 -9999 -9999 -9999 -9999 -9999 -9999 -9999 -9999 -9999 -9999 -9999 -9999 -9999 -9999 -9999 -9999 -9999 -9999 -9999 -9999 -9999 -9999 -9999 -9999 -9999 6.26921E-1 -9999 -9999 -9999 -9999 -9999 -9999 -9999 -9999 -9999 -9999 -9999 -9999 -9999 -9999 -9999 -9999 -9999 -9999 -9999 -9999 -9999 -9999 -9999 -9999 7.0085E-1 -9999 -9999 -9999 7.47351E-1 7.75734E-1 7.82314E-1 7.86308E-1 8.12422E-1
1.11047E-1 1.85432E-1 -9999 -9999 -9999 -9999 -9999 -9999 -9999 -9999 -9999 -9999 -9999 -9999 -9999 -9999 -9999 -9999 -9999 -9999 -9999 -9999 -9999 -9999 -9999 -9999 -9999 -9999 -9999 -9999 -9999 -9999 -9999 -9999 -9999 -9999 -9999 -9999 -9999 -9999 -9999 -9999 -9999 -9999 -9999 -9999 -9999 -9999 -9999 -9999 -9999 -9999 -9999 -9999 -9999 -9999 -9999 -9999 -9999 -9999 -9999 -9999 -9999 -9999 -9999 7.49925E-1 7.44332E-1 8.11844E-1 8.3949E-1 8.49112E-1 8.52894E-1 8.67197E-1
1.01668E-1 1.56997E-1 1.63487E-1 -9999 -9999 -9999 -9999 -9999 -9999 -9999 -9999 -9999 -9999 -9999 -9999 -9999 -9999 -9999 -9999 -9999 -9999 -9999 -9999 -9999 -9999 -9999 -9999 -9999 -9999 -9999 -9999 -9999 -9999 -9999 -9999 -9999 -9999 -9999 -9999 -9999 -9999 -9999 -9999 -9999 -9999 -9999 -9999 -9999 -9999 -9999 -9999 -9999 -9999 -9999 -9999 -9999 -9999 -9999 -9999 -9999 -9999 -9999 -9999 -9999 -9999 7.39133E-1 7.21977E-1 6.65835E-1 6.27652E-1 6.09662E-1 7.09013E-1 5.09724E-1
7.75988E-2 1.20261E-1 2.22926E-1 -9999 -9999 -9999 -9999 -9999 -9999 -9999 -9999 -9999 -9999 -9999 -9999 -9999 -9999 -9999 -9999 -9999 -9999 -9999 -9999 -9999 -9999 -9999 -9999 -9999 -9999 -9999 -9999 -9999 -9999 -9999 -9999 -9999 -9999 -9999 -9999 -9999 -9999 -9999 7.24457E-1 -9999 -9999 7.40513E-1 -9999 -9999 -9999 -9999 -9999 -9999 -9999 -9999 -9999 -9999 -9999 -9999 -9999 -9999 -9999 -9999 -9999 -9999 -9999 -9999 -9999 -9999 6.75634E-1 5.6009E-1 5.53119E-1 5.47834E-1
7.29455E-2 1.01528E-1 1.93846E-1 1.56083E-1 -9999 -9999 -9999 -9999 -9999 -9999 -9999 -9999 -9999 -9999 -9999 -9999 -9999 -9999 -9999 -9999 -9999 -9999 -9999 -9999 -9999 -9999 -9999 -9999 -9999 -9999 -9999 -9999 -9999 -9999 -9999 -9999 -9999 -9999 -9999 -9999 -9999 -9999 -9999 -9999 -9999 -9999 -9999 -9999 -9999 -9999 -9999 -9999 6.62866E-1 6.31312E-1 6.10759E-1 6.30454E-1 6.1166E-1 6.22549E-1 5.42301E-1 5.32817E-1 6.34946E-1 6.29279E-1 6.34917E-1 6.37057E-1 -9999 -9999 7.71377E-1 7.49149E-1 7.64269E-1 6.89987E-1 5.92277E-1 5.85429E-1
7.34007E-2 9.93522E-2 1.28116E-1 2.26096E-1 1.73318E-1 -9999 -9999 -9999 -9999 -9999 -9999 -9999 -9999 -9999 -9999 -9999 -9999 -9999 -9999 -9999 -9999 -9999 -9999 -9999 -9999 -9999 -9999 -9999 -9999 -9999 -9999 -9999 -9999 -9999 -9999 -9999 -9999 -9999 8.16288E-1 6.81452E-1 -9999 -9999 -9999 -9999 -9999 -9999 -9999 -9999 -9999 -9999 -9999 7.27716E-1 7.59858E-1 7.22985E-1 5.91965E-1 4.44355E-1 4.31884E-1 4.21495E-1 3.51667E-1 4.75348E-1 4.56905E-1 4.37757E-1 5.05057E-1 5.66557E-1 6.13453E-1 6.40585E-1 4.75815E-1 3.9913E-1 4.07551E-1 4.06482E-1 3.98136E-1 4.00284E-1
6.28359E-2 7.88746E-2 1.04217E-1 1.65875E-1 2.09453E-1 1.81723E-1 -9999 -9999 -9999 -9999 -9999 -9999 -9999 -9999 -9999 -9999 -9999 -9999 -9999 -9999 -9999 -9999 -9999 -9999 -9999 -9999 -9999 -9999 -9999 -9999 -9999 -9999 -9999 -9999 -9999 -9999 6.77786E-1 7.69831E-1 8.17785E-1 7.1743E-1 -9999 -9999 -9999 -9999 -9999 -9999 -9999 -9999 -9999 -9999 -9999 7.10065E-1 7.25014E-1 7.02199E-1 5.98439E-1 3.70174E-1 3.37507E-1 3.69274E-1 3.29327E-1 3.22313E-1 3.20745E-1 3.43645E-1 3.41842E-1 3.66018E-1 3.72855E-1 3.27737E-1 2.84728E-1 2.95091E-1 3.49568E-1 3.82659E-1 4.12943E-1 5.50169E-1
6.67445E-2 6.92766E-2 8.96683E-2 9.75548E-2 1.87057E-1 2.12947E-1 1.86028E-1 -9999 -9999 2.07014E-1 -9999 -9999 -9999 -9999 -9999 -9999 -9999 -9999 -9999 -9999 -9999 -9999 -9999 -9999 -9999 -9999 -9999 -9999 -9999 -9999 -9999 -9999 -9999 -9999 -9999 7.61385E-1 7.21472E-1 7.46249E-1 7.45187E-1 7.66557E-1 -9999 -9999 -9999 -9999 -9999 -9999 -9999 -9999 -9999 -9999 -9999 6.86253E-1 6.38449E-1 5.88098E-1 4.93512E-1 3.40289E-1 2.85825E-1 2.69469E-1 2.56791E-1 2.47168E-1 2.56835E-1 2.48545E-1 2.13338E-1 2.23312E-1 2.37173E-1 2.80764E-1 3.35463E-1 3.90326E-1 4.33019E-1 4.98454E-1 5.365E-1 6.05498E-1
5.89368E-2 6.85335E-2 7.45899E-2 8.18575E-2 9.35767E-2 1.85568E-1 2.16006E-1 1.76206E-1 1.9778E-1 1.93105E-1 2.02356E-1 -9999 -9999 -9999 -9999 -9999 -9999 -9999 -9999 -9999 -9999 -9999 -9999 -9999 -9999 -9999 -9999 -9999 -9999 -9999 -9999 -9999 -9999 -9999 7.2559E-1 7.18024E-1 5.53201E-1 5.43971E-1 5.09564E-1 4.62595E-1 6.93337E-1 7.10944E-1 6.95464E-1 6.81019E-1 -9999 -9999 -9999 6.45105E-1 6.45339E-1 6.15844E-1 6.33594E-1 6.25235E-1 5.50878E-1 4.90328E-1 3.99694E-1 2.86716E-1 2.46909E-1 2.17195E-1 2.29851E-1 2.03509E-1 2.09012E-1 1.78503E-1 2.19712E-1 2.74853E-1 3.16506E-1 3.71113E-1 3.94938E-1 4.88581E-1 6.03088E-1 6.03076E-1 -9999 -9999
6.19896E-2 6.14641E-2 5.47868E-2 6.75199E-2 7.7581E-2 9.44348E-2 1.8374E-1 2.04491E-1 1.74677E-1 2.38459E-1 2.90422E-1 2.19109E-1 2.53349E-1 -9999 -9999 -9999 -9999 -9999 -9999 -9999 -9999 -9999 -9999 -9999 -9999 -9999 -9999 -9999 -9999 -9999 -9999 -9999 -9999 6.88435E-1 7.16079E-1 6.40129E-1 4.39611E-1 3.89475E-1 3.60548E-1 3.10671E-1 5.03102E-1 6.43504E-1 6.6669E-1 6.31068E-1 6.4345E-1 6.01459E-1 6.40075E-1 5.66606E-1 5.12471E-1 4.8105E-1 4.24751E-1 4.71767E-1 3.92787E-1 2.77842E-1 2.42113E-1 2.32059E-1 2.04316E-1 2.05438E-1 1.84135E-1 2.23658E-1 3.29751E-1 3.16154E-1 3.78671E-1 4.48805E-1 4.66544E-1 4.20012E-1 4.0678E-1 5.28265E-1 -9999 -9999 -9999 -9999
6.09651E-2 6.95654E-2 7.51037E-2 5.93627E-2 6.12421E-2 7.54009E-2 9.60697E-2 1.42737E-1 2.18748E-1 2.42405E-1 2.85215E-1 3.14341E-1 2.52061E-1 -9999 -9999 -9999 -9999 -9999 -9999 -9999 -9999 -9999 -9999 -9999 -9999 -9999 -9999 -9999 -9999 -9999 -9999 -9999 6.99229E-1 6.99731E-1 6.79292E-1 4.75294E-1 4.97091E-1 3.73462E-1 2.40663E-1 2.8064E-1 4.59964E-1 4.82554E-1 5.40925E-1 5.1291E-1 6.33431E-1 4.59232E-1 4.40613E-1 4.07111E-1 4.5817E-1 4.37123E-1 3.63406E-1 2.62341E-1 2.36958E-1 2.62506E-1 2.1046E-1 1.98915E-1 1.97338E-1 2.79205E-1 3.04771E-1 3.37882E-1 3.86293E-1 3.65309E-1 4.77116E-1 5.47455E-1 5.6048E-1 5.52896E-1 5.41615E-1 5.98092E-1 -9999 -9999 -9999 -9999
6.66003E-2 9.29161E-2 9.61569E-2 8.98407E-2 9.4227E-2 9.64032E-2 9.27138E-2 1.07817E-1 1.33841E-1 1.62283E-1 2.23454E-1 2.76982E-1 3.13268E-1 2.80922E-1 -9999 -9999 -9999 -9999 -9999 -9999 -9999 -9999 -9999 -9999 -9999 -9999 -9999 -9999 -9999 -9999 -9999 6.79681E-1 5.03964E-1 4.02135E-1 6.25378E-1 6.8509E-1 6.20765E-1 4.08195E-1 2.35711E-1 2.27788E-1 4.04569E-1 4.9539E-1 4.46991E-1 4.35192E-1 4.47597E-1 5.33969E-1 4.42328E-1 4.70914E-1 4.41645E-1 3.72909E-1 3.81526E-1 2.63689E-1 2.16576E-1 2.87608E-1 2.81979E-1 2.8112E-1 2.9587E-1 3.64663E-1 4.29908E-1 4.37956E-1 4.90957E-1 4.71708E-1 6.31094E-1 5.56474E-1 6.44526E-1 6.99362E-1 6.84539E-1 -9999 -9999 -9999 -9999 -9999
7.44565E-2 9.75625E-2 9.26674E-2 1.08273E-1 8.85501E-2 9.72344E-2 1.28342E-1 1.79965E-1 2.13104E-1 2.19748E-1 1.74568E-1 2.10263E-1 3.05876E-1 4.3537E-1 3.48485E-1 -9999 -9999 -9999 -9999 -9999 -9999 -9999 -9999 -9999 -9999 -9999 -9999 -9999 -9999 -9999 6.77868E-1 6.03682E-1 3.6346E-1 4.32396E-1 4.39507E-1 5.59168E-1 5.18599E-1 4.25669E-1 2.53076E-1 2.3197E-1 2.81781E-1 3.26556E-1 3.5141E-1 3.41049E-1 3.35223E-1 3.67655E-1 5.98606E-1 5.04705E-1 4.77311E-1 4.90221E-1 4.13584E-1 3.77993E-1 3.78833E-1 3.93328E-1 4.07493E-1 3.55639E-1 4.23278E-1 4.7913E-1 4.94466E-1 5.66469E-1 6.46395E-1 6.38174E-1 5.39642E-1 6.43652E-1 8.14707E-1 7.47548E-1 -9999 -9999 -9999 -9999 -9999 -9999
6.65226E-2 6.96215E-2 7.77824E-2 8.2121E-2 7.80528E-2 9.31323E-2 9.34154E-2 1.08964E-1 1.33752E-1 1.62601E-1 1.75803E-1 2.46971E-1 3.54965E-1 5.34279E-1 4.55016E-1 -9999 -9999 -9999 -9999 -9999 -9999 -9999 -9999 -9999 -9999 -9999 -9999 -9999 -9999 -9999 7.05087E-1 4.96761E-1 3.96039E-1 3.68894E-1 3.90843E-1 3.92889E-1 4.38927E-1 5.76199E-1 4.21657E-1 3.07004E-1 2.06264E-1 3.15326E-1 3.06849E-1 3.04906E-1 3.08539E-1 3.87171E-1 3.67153E-1 4.57655E-1 4.13534E-1 4.73228E-1 4.32035E-1 3.40666E-1 3.52091E-1 3.99922E-1 3.96963E-1 3.96954E-1 5.28865E-1 5.59499E-1 6.28454E-1 6.83418E-1 7.47481E-1 7.01597E-1 6.65776E-1 8.94651E-1 8.12207E-1 6.83156E-1 -9999 -9999 -9999 -9999 -9999 -9999
6.65676E-2 6.64493E-2 6.77282E-2 7.01611E-2 6.96732E-2 7.2742E-2 7.85924E-2 8.56585E-2 1.04191E-1 1.25492E-1 1.47925E-1 2.38241E-1 3.44451E-1 5.16007E-1 4.55352E-1 -9999 -9999 -9999 -9999 -9999 -9999 -9999 -9999 -9999 -9999 -9999 -9999 -9999 -9999 7.24685E-1 4.67055E-1 4.69147E-1 4.36776E-1 3.25853E-1 2.46839E-1 2.80002E-1 3.69836E-1 4.24442E-1 5.0433E-1 4.32701E-1 3.43579E-1 2.84366E-1 2.13569E-1 2.21557E-1 2.84958E-1 3.67748E-1 3.56986E-1 3.40488E-1 3.51469E-1 3.34178E-1 4.37896E-1 3.90466E-1 3.09118E-1 4.43921E-1 4.10076E-1 5.70195E-1 6.36156E-1 6.74882E-1 7.33285E-1 8.19344E-1 8.60417E-1 7.2718E-1 8.44632E-1 8.77859E-1 -9999 -9999 -9999 -9999 -9999 4.87396E-1 4.20998E-1 5.43654E-1
7.93236E-2 7.72952E-2 7.54153E-2 7.68296E-2 7.41208E-2 8.26532E-2 8.15978E-2 7.9207E-2 9.10492E-2 1.10444E-1 1.4115E-1 1.7312E-1 2.55138E-1 4.54835E-1 -9999 -9999 -9999 -9999 -9999 -9999 -9999 -9999 -9999 -9999 -9999 -9999 -9999 -9999 7.69474E-1 6.90538E-1 5.21072E-1 4.10338E-1 3.11802E-1 1.97949E-1 1.63883E-1 2.77876E-1 3.03401E-1 3.26341E-1 3.82843E-1 3.85588E-1 4.33642E-1 4.05546E-1 3.32312E-1 3.21511E-1 3.34605E-1 3.55293E-1 3.38707E-1 3.94496E-1 4.78704E-1 3.6516E-1 4.41496E-1 4.32147E-1 4.12639E-1 5.93381E-1 5.11722E-1 6.58981E-1 7.4203E-1 8.53729E-1 9.19645E-1 9.19099E-1 8.76861E-1 8.57756E-1 9.11143E-1 8.95692E-1 -9999 -9999 -9999 -9999 5.33442E-1 3.67927E-1 3.08208E-1 3.51152E-1
7.74778E-2 9.8697E-2 8.86979E-2 9.45193E-2 8.58258E-2 7.50395E-2 9.22861E-2 1.02951E-1 1.30503E-1 1.21067E-1 1.27276E-1 1.59276E-1 2.02281E-1 3.79616E-1 4.51887E-1 -9999 -9999 -9999 -9999 -9999 -9999 -9999 -9999 -9999 -9999 -9999 -9999 -9999 7.80466E-1 6.55286E-1 4.6141E-1 3.82163E-1 2.78157E-1 1.92611E-1 1.50347E-1 2.12375E-1 1.87905E-1 2.62159E-1 3.30447E-1 3.65703E-1 4.07773E-1 3.60609E-1 5.01091E-1 5.26661E-1 5.26849E-1 5.0136E-1 5.26821E-1 5.5624E-1 5.43204E-1 4.82529E-1 4.71861E-1 4.95876E-1 6.30171E-1 6.23359E-1 6.53362E-1 7.3559E-1 8.39405E-1 9.13011E-1 9.11613E-1 8.92968E-1 9.29313E-1 9.52917E-1 9.53789E-1 -9999 -9999 -9999 -9999 4.88147E-1 3.94936E-1 2.7849E-1 2.58152E-1 2.78217E-1
9.02781E-2 8.24609E-2 7.56539E-2 8.97652E-2 9.34519E-2 9.63255E-2 9.60255E-2 1.47586E-1 1.20125E-1 1.1941E-1 1.34648E-1 1.59839E-1 1.91044E-1 2.90901E-1 5.0373E-1 6.37854E-1 -9999 -9999 -9999 -9999 -9999 -9999 -9999 -9999 -9999 -9999 -9999 7.7633E-1 7.86076E-1 6.6763E-1 4.08978E-1 3.83322E-1 2.43688E-1 2.06227E-1 2.06709E-1 1.61629E-1 1.63576E-1 2.10636E-1 3.05204E-1 3.6633E-1 3.18029E-1 3.12616E-1 3.70518E-1 3.57143E-1 3.60644E-1 3.57055E-1 4.01441E-1 3.73474E-1 3.31894E-1 3.63048E-1 4.0024E-1 4.77826E-1 6.76672E-1 7.50799E-1 7.87648E-1 8.64717E-1 9.44384E-1 9.51497E-1 9.09071E-1 9.39712E-1 9.5232E-1 9.2518E-1 -9999 -9999 -9999 7.52537E-1 7.27697E-1 4.62292E-1 3.02563E-1 3.04819E-1 2.77368E-1 3.26933E-1
9.9284E-2 8.35536E-2 8.13511E-2 8.92148E-2 1.12923E-1 1.28578E-1 1.46191E-1 1.73454E-1 1.35316E-1 1.73179E-1 1.8232E-1 1.9577E-1 1.96656E-1 2.96218E-1 5.49267E-1 6.90024E-1 -9999 6.97613E-1 7.82406E-1 7.86749E-1 8.03942E-1 -9999 -9999 -9999 -9999 -9999 -9999 8.20128E-1 7.08175E-1 4.06353E-1 4.34536E-1 4.37606E-1 3.34421E-1 3.2785E-1 2.86561E-1 2.0391E-1 2.84507E-1 3.71906E-1 3.6412E-1 3.46333E-1 3.09085E-1 3.51952E-1 4.12043E-1 4.05684E-1 4.00691E-1 4.19588E-1 4.07386E-1 3.21856E-1 3.54905E-1 3.29861E-1 3.70508E-1 5.60511E-1 6.98682E-1 8.00601E-1 8.98269E-1 9.26011E-1 9.34452E-1 9.45632E-1 9.53509E-1 9.58505E-1 9.51854E-1 -9999 -9999 -9999 -9999 7.63431E-1 7.40457E-1 3.50741E-1 4.41452E-1 3.99204E-1 4.25727E-1 4.02922E-1
1.26425E-1 1.16145E-1 1.02678E-1 1.01885E-1 1.16468E-1 1.23623E-1 1.65535E-1 1.86844E-1 2.03322E-1 1.93982E-1 2.15989E-1 2.15658E-1 1.70655E-1 2.71779E-1 6.24677E-1 6.57794E-1 6.7848E-1 7.88929E-1 8.01813E-1 8.01195E-1 7.74305E-1 8.05149E-1 8.28207E-1 8.54833E-1 8.22928E-1 -9999 8.32658E-1 8.08375E-1 4.73778E-1 4.40798E-1 4.43327E-1 4.47514E-1 2.94969E-1 2.6251E-1 2.16195E-1 1.8942E-1 3.05249E-1 2.91656E-1 3.49697E-1 2.87128E-1 3.9462E-1 3.42588E-1 3.22834E-1 3.80698E-1 4.00929E-1 4.36192E-1 4.02154E-1 3.70043E-1 3.45178E-1 4.10176E-1 5.68437E-1 6.92866E-1 7.47819E-1 8.79724E-1 9.45419E-1 9.50387E-1 9.54025E-1 9.58137E-1 9.57719E-1 9.53842E-1 -9999 -9999 -9999 -9999 -9999 -9999 -9999 5.65737E-1 4.82077E-1 4.72124E-1 4.83733E-1 5.09172E-1
1.52783E-1 1.50055E-1 1.15959E-1 1.28027E-1 1.58769E-1 1.63411E-1 1.69246E-1 1.67271E-1 1.81876E-1 2.62638E-1 2.54305E-1 1.88825E-1 1.76051E-1 2.94108E-1 5.85238E-1 6.69942E-1 7.64182E-1 7.07848E-1 7.94215E-1 7.57592E-1 6.38277E-1 7.15853E-1 6.64716E-1 5.65902E-1 6.75501E-1 8.09537E-1 8.30698E-1 6.17401E-1 6.1418E-1 4.60842E-1 3.45597E-1 2.88883E-1 3.40207E-1 2.29083E-1 1.79668E-1 2.00633E-1 2.3467E-1 2.69645E-1 3.49218E-1 3.12461E-1 3.24798E-1 3.42615E-1 3.46014E-1 3.81454E-1 4.63912E-1 4.08022E-1 4.23892E-1 3.33215E-1 3.85697E-1 4.62272E-1 6.26191E-1 6.85537E-1 7.58087E-1 9.43083E-1 9.52627E-1 9.5586E-1 9.62247E-1 9.56963E-1 9.53266E-1 -9999 -9999 -9999 -9999 -9999 -9999 -9999 8.85474E-1 6.68056E-1 5.6574E-1 5.18798E-1 4.56083E-1 5.74362E-1
1.66755E-1 1.62091E-1 1.81835E-1 1.69801E-1 2.01297E-1 2.01125E-1 2.1104E-1 2.15E-1 1.81909E-1 2.13857E-1 3.25833E-1 2.06006E-1 2.31756E-1 3.20704E-1 5.56568E-1 6.63969E-1 6.23575E-1 7.12924E-1 7.82484E-1 6.31961E-1 5.52304E-1 4.7442E-1 4.49125E-1 4.18793E-1 4.15916E-1 5.29634E-1 5.67021E-1 4.7111E-1 4.43661E-1 4.68862E-1 2.67906E-1 1.86116E-1 2.04354E-1 1.65825E-1 1.86477E-1 2.11335E-1 2.55954E-1 2.89858E-1 3.43183E-1 2.96387E-1 2.30893E-1 2.90001E-1 3.38078E-1 3.67959E-1 4.70644E-1 5.7768E-1 5.08261E-1 3.78484E-1 4.81102E-1 6.25417E-1 6.6124E-1 7.68534E-1 8.94841E-1 9.56208E-1 9.44325E-1 9.53568E-1 9.56012E-1 9.59295E-1 -9999 -9999 -9999 -9999 -9999 -9999 -9999 8.79937E-1 8.66197E-1 8.93691E-1 6.25891E-1 5.50222E-1 4.8263E-1 6.24658E-1
1.60925E-1 1.86811E-1 2.14976E-1 2.09059E-1 2.21358E-1 2.08124E-1 2.3256E-1 2.68538E-1 2.13013E-1 2.51902E-1 3.33052E-1 2.02727E-1 2.02974E-1 3.3171E-1 4.82327E-1 6.18346E-1 5.89064E-1 7.55044E-1 6.36789E-1 5.88465E-1 5.09113E-1 3.55561E-1 3.40693E-1 3.31597E-1 3.28997E-1 3.63473E-1 3.64959E-1 3.22416E-1 3.73738E-1 3.13032E-1 2.70748E-1 2.56651E-1 2.6303E-1 2.42454E-1 2.24152E-1 2.29152E-1 2.52996E-1 2.61763E-1 3.16708E-1 2.56141E-1 2.95832E-1 4.23338E-1 4.6131E-1 4.73412E-1 5.07271E-1 5.14296E-1 4.98814E-1 5.68818E-1 5.61415E-1 6.71255E-1 7.40944E-1 8.1893E-1 9.36467E-1 9.61055E-1 9.56564E-1 9.55626E-1 9.5176E-1 9.55062E-1 -9999 -9999 -9999 -9999 -9999 -9999 -9999 -9999 8.77179E-1 8.75919E-1 8.44124E-1 5.84019E-1 5.89092E-1 8.61387E-1
1.90295E-1 2.33331E-1 2.33798E-1 2.16473E-1 2.1532E-1 2.51842E-1 2.91011E-1 3.01489E-1 2.50518E-1 3.22362E-1 3.32168E-1 2.06461E-1 2.21549E-1 3.54452E-1 4.90659E-1 5.68347E-1 5.62284E-1 7.30526E-1 5.44161E-1 5.72498E-1 4.34764E-1 2.9672E-1 2.65507E-1 2.77422E-1 2.57768E-1 2.28841E-1 2.34364E-1 2.96806E-1 3.72308E-1 3.10892E-1 3.9539E-1 3.58867E-1 3.71481E-1 2.63682E-1 2.10934E-1 2.87693E-1 2.02265E-1 1.62525E-1 2.45748E-1 2.35348E-1 3.3318E-1 4.12642E-1 4.73891E-1 4.75562E-1 4.3018E-1 4.40155E-1 6.14669E-1 7.10883E-1 6.68822E-1 7.17572E-1 8.55933E-1 9.32288E-1 9.48957E-1 9.5459E-1 9.5125E-1 9.58392E-1 -9999 -9999 -9999 -9999 -9999 -9999 -9999 -9999 -9999 -9999 -9999 -9999 8.17441E-1 6.02026E-1 8.86446E-1 8.95443E-1
2.03836E-1 2.09319E-1 2.79371E-1 2.02729E-1 2.56755E-1 2.55807E-1 2.60066E-1 2.65077E-1 3.43109E-1 3.61197E-1 2.61816E-1 2.18937E-1 2.42169E-1 3.60292E-1 5.2665E-1 5.43567E-1 5.53768E-1 5.86325E-1 5.6396E-1 5.42525E-1 3.81343E-1 2.54037E-1 2.40632E-1 2.4138E-1 2.00844E-1 1.75645E-1 2.24044E-1 3.46171E-1 3.85034E-1 3.97247E-1 6.33058E-1 4.3716E-1 3.19958E-1 1.74412E-1 2.1188E-1 2.75137E-1 1.70431E-1 2.45163E-1 3.46459E-1 2.9149E-1 2.6711E-1 4.21919E-1 4.46632E-1 3.84433E-1 4.97003E-1 6.06763E-1 8.02642E-1 8.66489E-1 8.9281E-1 8.84564E-1 9.39842E-1 9.46002E-1 9.42697E-1 9.46985E-1 -9999 -9999 -9999 -9999 -9999 -9999 -9999 -9999 -9999 -9999 -9999 -9999 -9999 -9999 9.17575E-1 8.96668E-1 9.33601E-1 -9999
