Artocarpus altilis SDM files/MIS19/results (with bias file)/Artalt_min.asc
ncols         1201
nrows         481
xllcorner     119.99986351115
yllcorner     -15.00013828885
cellsize      0.041666667
NODATA_value  -9999
[rows 320 to 351 of 481, columns 504 to 575 of 1201]
3.38784E-1 3.47386E-1 3.29952E-1 3.33393E-1 3.33479E-1 3.46697E-1 3.42454E-1 3.43754E-1 3.39943E-1 3.45069E-1 3.44383E-1 3.56582E-1 3.5882E-1 3.61731E-1 3.55512E-1 3.52037E-1 3.49461E-1 3.73893E-1 3.77048E-1 3.74897E-1 3.70252E-1 3.79169E-1 3.83216E-1 3.89833E-1 3.6639E-1 3.64769E-1 3.75571E-1 3.85856E-1 3.92042E-1 3.89041E-1 3.71605E-1 3.89842E-1 3.77263E-1 3.90814E-1 3.8767E-1 3.89765E-1 3.95551E-1 4.02319E-1 4.17039E-1 4.17592E-1 4.04468E-1 4.23676E-1 4.2224E-1 4.23037E-1 4.27349E-1 4.26956E-1 4.28847E-1 4.31151E-1 4.28429E-1 4.27978E-1 4.45514E-1 4.54278E-1 4.54299E-1 4.54619E-1 4.83141E-1 4.63461E-1 4.61776E-1 4.79674E-1 4.73597E-1 4.75877E-1 5.0878E-1 4.97809E-1 5.16946E-1 5.24351E-1 -9999 -9999 -9999 -9999 -9999 -9999 -9999 -9999
3.32175E-1 3.38458E-1 3.45219E-1 3.36394E-1 3.29031E-1 3.36797E-1 3.48419E-1 3.43552E-1 3.51025E-1 3.32222E-1 3.40208E-1 3.44427E-1 3.46727E-1 3.61388E-1 3.41742E-1 3.45945E-1 3.53334E-1 3.66387E-1 3.63477E-1 3.59912E-1 3.72018E-1 3.78086E-1 3.78239E-1 3.79971E-1 3.76826E-1 3.78552E-1 3.94942E-1 3.83531E-1 3.79696E-1 3.66764E-1 3.83556E-1 3.87446E-1 3.93823E-1 3.99337E-1 3.9794E-1 4.09909E-1 4.17155E-1 4.09425E-1 4.13424E-1 4.06847E-1 4.14306E-1 4.24693E-1 4.25015E-1 4.29519E-1 4.32589E-1 4.30082E-1 4.44149E-1 4.35917E-1 4.50665E-1 4.49959E-1 4.50088E-1 4.51622E-1 4.66212E-1 4.83545E-1 4.7446E-1 4.73847E-1 4.81688E-1 4.74229E-1 4.80049E-1 4.85643E-1 4.90044E-1 4.99348E-1 4.9519E-1 4.91247E-1 5.1462E-1 -9999 -9999 -9999 -9999 -9999 -9999 -9999
3.27233E-1 3.33726E-1 3.32363E-1 3.25477E-1 3.26343E-1 3.30351E-1 3.34016E-1 3.42539E-1 3.38451E-1 3.33865E-1 3.33708E-1 3.57591E-1 3.47382E-1 3.46267E-1 3.50044E-1 3.55699E-1 3.46143E-1 3.48598E-1 3.52956E-1 3.59985E-1 3.61053E-1 3.75921E-1 3.65382E-1 3.77185E-1 3.68894E-1 3.61793E-1 3.82612E-1 3.95923E-1 3.84041E-1 3.74935E-1 3.67227E-1 3.85906E-1 3.83247E-1 3.94157E-1 3.96622E-1 4.10337E-1 4.10491E-1 4.20476E-1 4.1367E-1 4.0328E-1 4.29225E-1 4.28936E-1 4.35295E-1 4.35793E-1 4.3054E-1 4.45666E-1 4.48995E-1 4.50473E-1 4.51798E-1 4.48974E-1 4.72481E-1 4.69651E-1 4.80703E-1 4.80974E-1 4.60695E-1 4.81004E-1 4.7658E-1 4.76744E-1 4.98553E-1 4.85878E-1 5.06512E-1 5.00295E-1 4.95328E-1 4.99097E-1 5.118E-1 -9999 -9999 -9999 -9999 -9999 -9999 -9999
3.31089E-1 3.35022E-1 3.36466E-1 3.4506E-1 3.37085E-1 3.25415E-1 3.28867E-1 3.34957E-1 3.39113E-1 3.42298E-1 3.47094E-1 3.48007E-1 3.39502E-1 3.38193E-1 3.52505E-1 3.48949E-1 3.51261E-1 3.63055E-1 3.45642E-1 3.49778E-1 3.55396E-1 3.62085E-1 3.6026E-1 3.83685E-1 3.72685E-1 3.66915E-1 3.84934E-1 3.79606E-1 3.79542E-1 3.93484E-1 3.70599E-1 3.72436E-1 3.80017E-1 3.91619E-1 4.03499E-1 4.13473E-1 4.13691E-1 4.19401E-1 4.0821E-1 3.9869E-1 4.22992E-1 4.31014E-1 4.22119E-1 4.17837E-1 4.34008E-1 4.31514E-1 4.53037E-1 4.54104E-1 4.59711E-1 4.61832E-1 4.7791E-1 4.80442E-1 4.81597E-1 4.82138E-1 4.8062E-1 4.81919E-1 4.92183E-1 4.87544E-1 4.97487E-1 4.98222E-1 5.06713E-1 5.05722E-1 5.17083E-1 5.15822E-1 5.41142E-1 5.41056E-1 5.44567E-1 -9999 -9999 -9999 -9999 -9999
3.25281E-1 3.53211E-1 3.29838E-1 3.31186E-1 3.37012E-1 3.24093E-1 3.27659E-1 3.30698E-1 3.37499E-1 3.38546E-1 3.37315E-1 3.43892E-1 3.4121E-1 3.5353E-1 3.42226E-1 3.492E-1 3.57665E-1 3.53337E-1 3.56378E-1 3.44774E-1 3.49473E-1 3.50748E-1 3.54048E-1 3.64058E-1 3.65563E-1 3.57542E-1 3.77599E-1 3.76289E-1 3.82452E-1 3.82911E-1 3.70309E-1 3.66006E-1 3.79157E-1 3.87193E-1 3.98099E-1 3.90104E-1 4.13639E-1 4.19916E-1 4.06363E-1 4.05773E-1 4.18338E-1 4.31726E-1 4.16285E-1 4.04848E-1 4.28489E-1 4.24073E-1 4.31187E-1 4.521E-1 4.58535E-1 4.66531E-1 4.62674E-1 4.73403E-1 4.71891E-1 4.93156E-1 4.78372E-1 4.99321E-1 5.09222E-1 5.05228E-1 5.30663E-1 5.23995E-1 5.19354E-1 5.21277E-1 5.2347E-1 5.23202E-1 5.40648E-1 5.48593E-1 5.41088E-1 5.59625E-1 -9999 -9999 -9999 -9999
3.20726E-1 3.41403E-1 3.36024E-1 3.27222E-1 3.36463E-1 3.3693E-1 3.28562E-1 3.30096E-1 3.34234E-1 3.36276E-1 3.35464E-1 3.45671E-1 3.28179E-1 3.43004E-1 3.41601E-1 3.44742E-1 3.43077E-1 3.45799E-1 3.5512E-1 3.49018E-1 3.38403E-1 3.4939E-1 3.47319E-1 3.52328E-1 3.54831E-1 3.47972E-1 3.69557E-1 3.80352E-1 3.76402E-1 3.6322E-1 3.70157E-1 3.68047E-1 3.75996E-1 3.87937E-1 3.93591E-1 4.0802E-1 3.88478E-1 3.93312E-1 3.92079E-1 3.97472E-1 4.14022E-1 4.43727E-1 4.35244E-1 4.30597E-1 4.47024E-1 4.41524E-1 4.25048E-1 4.36649E-1 4.40049E-1 4.56179E-1 4.57577E-1 4.73403E-1 4.7471E-1 4.98334E-1 5.08292E-1 4.97023E-1 5.02045E-1 5.06024E-1 5.21389E-1 5.21437E-1 -9999 5.43115E-1 5.44907E-1 5.35232E-1 5.51781E-1 -9999 5.66596E-1 5.69757E-1 -9999 -9999 -9999 -9999
3.22281E-1 3.28513E-1 3.32177E-1 3.46007E-1 3.33939E-1 3.27707E-1 3.36264E-1 3.22373E-1 3.24543E-1 3.35386E-1 3.39358E-1 3.4847E-1 3.38167E-1 3.39063E-1 3.41803E-1 3.4935E-1 3.49943E-1 3.39851E-1 3.40844E-1 3.42165E-1 3.4411E-1 3.55726E-1 3.54178E-1 3.59245E-1 3.47965E-1 3.67257E-1 3.6531E-1 3.72361E-1 3.60443E-1 3.58885E-1 3.65065E-1 3.70127E-1 3.77778E-1 3.94159E-1 3.86609E-1 3.89368E-1 4.04527E-1 4.04166E-1 4.10351E-1 4.34456E-1 4.38774E-1 4.48337E-1 4.35227E-1 4.21975E-1 4.47765E-1 4.37302E-1 4.40305E-1 4.21182E-1 4.37114E-1 4.61192E-1 4.54021E-1 4.58946E-1 4.96663E-1 4.98308E-1 4.9883E-1 4.93802E-1 5.16268E-1 5.23658E-1 5.22161E-1 5.36356E-1 5.45935E-1 5.41527E-1 -9999 -9999 -9999 -9999 -9999 5.91925E-1 -9999 -9999 -9999 -9999
3.38009E-1 3.42247E-1 3.43585E-1 3.46492E-1 3.31753E-1 3.28359E-1 3.31853E-1 3.3635E-1 3.41462E-1 3.31602E-1 3.28867E-1 3.29377E-1 3.28175E-1 3.36205E-1 3.33347E-1 3.45095E-1 3.60103E-1 3.56731E-1 3.42363E-1 3.53891E-1 3.4314E-1 3.55823E-1 3.62032E-1 3.51525E-1 3.60772E-1 3.49588E-1 3.47091E-1 3.60983E-1 3.54567E-1 3.49933E-1 3.56836E-1 3.63839E-1 3.68237E-1 3.75793E-1 3.77902E-1 3.87008E-1 3.91533E-1 3.96165E-1 4.12461E-1 4.17731E-1 4.45247E-1 4.27931E-1 4.39165E-1 4.44396E-1 4.28186E-1 4.45096E-1 4.39132E-1 4.35874E-1 4.40991E-1 4.44586E-1 4.54407E-1 4.60929E-1 4.83576E-1 4.92328E-1 5.00098E-1 5.19554E-1 5.18072E-1 5.42458E-1 5.37686E-1 5.4703E-1 5.50537E-1 5.5281E-1 5.74885E-1 -9999 -9999 -9999 -9999 -9999 -9999 -9999 -9999 -9999
3.42231E-1 3.47714E-1 3.4833E-1 3.45514E-1 3.32596E-1 3.47235E-1 3.3039E-1 3.31409E-1 3.38755E-1 3.40374E-1 3.40457E-1 3.28975E-1 3.29593E-1 3.33273E-1 3.24181E-1 3.50816E-1 3.63132E-1 3.60549E-1 3.36937E-1 3.41121E-1 3.39488E-1 3.49828E-1 3.5001E-1 3.48836E-1 3.53813E-1 3.49878E-1 3.47363E-1 3.61485E-1 3.60868E-1 3.7048E-1 3.71646E-1 3.72766E-1 3.65462E-1 3.70243E-1 3.71182E-1 3.81155E-1 3.91161E-1 3.99993E-1 4.11257E-1 4.16714E-1 4.3219E-1 4.31407E-1 4.33103E-1 4.54634E-1 4.33613E-1 4.32417E-1 4.50922E-1 4.35127E-1 4.37957E-1 4.33792E-1 4.68786E-1 4.81386E-1 4.80581E-1 4.9611E-1 4.92851E-1 5.16042E-1 5.41758E-1 5.42042E-1 -9999 5.67113E-1 5.71582E-1 5.68183E-1 5.74014E-1 5.71581E-1 -9999 -9999 -9999 -9999 -9999 -9999 -9999 -9999
3.52251E-1 3.69077E-1 3.52366E-1 3.43524E-1 3.4229E-1 3.40589E-1 3.46619E-1 3.2544E-1 3.2603E-1 3.3626E-1 3.40958E-1 3.38782E-1 3.40885E-1 3.38284E-1 3.44971E-1 3.62668E-1 3.45114E-1 3.43353E-1 3.44693E-1 3.46124E-1 3.5283E-1 3.46199E-1 3.51343E-1 3.56707E-1 3.48819E-1 3.48822E-1 3.52873E-1 3.63923E-1 3.75883E-1 3.71301E-1 3.6961E-1 3.69995E-1 3.78988E-1 3.79739E-1 3.75911E-1 3.80464E-1 4.04419E-1 4.01455E-1 4.00083E-1 4.21016E-1 4.2624E-1 4.11851E-1 4.54586E-1 4.4852E-1 4.36085E-1 4.27302E-1 4.47345E-1 4.47784E-1 4.51173E-1 4.67554E-1 4.74942E-1 4.92164E-1 4.86199E-1 4.83315E-1 5.18461E-1 5.3834E-1 5.38574E-1 5.46396E-1 5.66099E-1 -9999 -9999 -9999 5.80682E-1 5.89775E-1 -9999 -9999 -9999 -9999 -9999 -9999 -9999 -9999
3.52962E-1 3.6269E-1 3.70515E-1 3.62123E-1 3.35472E-1 3.39991E-1 3.52188E-1 3.4074E-1 3.22913E-1 3.33214E-1 3.28598E-1 3.34487E-1 3.26555E-1 3.61241E-1 3.47521E-1 3.47036E-1 3.52119E-1 3.58204E-1 3.63049E-1 3.44417E-1 3.45484E-1 3.45134E-1 3.39501E-1 3.48598E-1 3.59917E-1 3.63293E-1 3.47197E-1 3.58812E-1 3.68096E-1 3.78584E-1 3.74876E-1 3.71131E-1 3.74479E-1 3.71192E-1 3.89658E-1 3.96377E-1 4.04955E-1 4.12292E-1 4.18691E-1 4.06038E-1 4.06643E-1 4.25411E-1 4.51372E-1 4.4143E-1 4.2542E-1 4.29836E-1 4.4895E-1 4.67736E-1 4.68735E-1 4.73554E-1 4.9059E-1 4.92417E-1 4.95259E-1 5.16629E-1 5.2095E-1 5.38387E-1 5.43255E-1 5.57225E-1 5.70531E-1 5.91262E-1 -9999 -9999 5.94931E-1 5.95221E-1 -9999 -9999 -9999 -9999 -9999 -9999 -9999 -9999
3.38729E-1 3.54105E-1 3.56306E-1 3.61955E-1 3.60499E-1 3.41776E-1 3.36906E-1 3.38652E-1 3.3719E-1 3.39164E-1 3.5707E-1 3.56069E-1 3.49488E-1 3.68447E-1 3.44188E-1 3.46944E-1 3.51481E-1 3.51149E-1 3.49777E-1 3.6427E-1 3.67731E-1 3.4923E-1 3.4617E-1 3.48693E-1 3.58767E-1 3.57213E-1 3.63193E-1 3.68481E-1 3.75448E-1 3.7327E-1 3.71862E-1 3.73925E-1 3.78187E-1 3.83595E-1 3.91599E-1 3.99332E-1 4.05275E-1 4.07099E-1 4.17024E-1 4.21319E-1 4.26226E-1 4.32139E-1 4.38862E-1 4.4333E-1 4.44519E-1 4.62698E-1 4.64367E-1 4.6929E-1 4.70547E-1 4.93994E-1 5.11535E-1 5.1142E-1 5.14873E-1 5.365E-1 5.36756E-1 5.56298E-1 5.68344E-1 5.61762E-1 5.65508E-1 5.85541E-1 -9999 -9999 -9999 -9999 -9999 -9999 -9999 -9999 -9999 -9999 -9999 -9999
3.55068E-1 3.62508E-1 3.58897E-1 3.55526E-1 3.54813E-1 3.57869E-1 3.654E-1 3.37751E-1 3.60521E-1 3.6342E-1 3.46875E-1 3.65506E-1 3.71367E-1 3.69524E-1 3.56405E-1 3.69923E-1 3.49586E-1 3.51114E-1 3.54266E-1 3.61398E-1 3.57829E-1 3.54076E-1 3.55424E-1 3.51833E-1 3.69447E-1 3.73849E-1 3.62376E-1 3.68342E-1 3.71902E-1 3.85917E-1 3.97977E-1 3.87944E-1 3.9576E-1 4.01626E-1 4.04606E-1 4.11711E-1 4.07226E-1 4.06987E-1 4.1218E-1 4.22627E-1 4.2733E-1 4.31519E-1 4.50465E-1 4.55019E-1 4.47163E-1 4.57166E-1 4.89106E-1 4.94751E-1 5.1604E-1 4.95161E-1 5.13538E-1 5.35117E-1 5.40145E-1 5.44069E-1 5.61385E-1 5.67329E-1 5.74827E-1 5.7509E-1 -9999 -9999 -9999 -9999 -9999 -9999 -9999 -9999 -9999 -9999 -9999 -9999 -9999 -9999
3.80223E-1 3.91859E-1 3.6248E-1 3.58537E-1 3.54075E-1 3.60242E-1 3.65578E-1 3.49746E-1 3.66732E-1 3.47238E-1 3.49697E-1 3.61781E-1 3.65513E-1 3.63911E-1 3.63945E-1 3.78754E-1 3.64665E-1 3.7799E-1 3.83898E-1 3.57645E-1 3.34512E-1 3.39941E-1 3.57814E-1 3.47222E-1 3.69837E-1 3.67545E-1 3.89526E-1 3.90299E-1 3.99208E-1 4.05592E-1 4.0082E-1 4.04865E-1 4.12718E-1 4.16965E-1 4.05495E-1 4.11696E-1 4.16355E-1 4.27295E-1 4.31287E-1 4.36402E-1 4.37929E-1 4.42407E-1 4.62435E-1 4.71328E-1 4.72765E-1 4.87522E-1 4.94902E-1 4.92771E-1 4.94679E-1 4.98882E-1 5.20157E-1 5.24377E-1 5.43267E-1 5.58473E-1 5.61251E-1 5.8889E-1 5.865E-1 5.71953E-1 -9999 -9999 -9999 -9999 -9999 -9999 -9999 -9999 -9999 -9999 -9999 -9999 -9999 -9999
3.86943E-1 4.0864E-1 3.98396E-1 3.90889E-1 3.49568E-1 3.66859E-1 3.73458E-1 3.7199E-1 3.72579E-1 3.6435E-1 3.71543E-1 3.72236E-1 3.66749E-1 3.63437E-1 3.57301E-1 3.64026E-1 3.83285E-1 3.81596E-1 3.8326E-1 3.69567E-1 3.5317E-1 3.65955E-1 3.6279E-1 3.63106E-1 3.56733E-1 3.73571E-1 3.79824E-1 3.89716E-1 3.96636E-1 3.97419E-1 4.20375E-1 4.2507E-1 4.08134E-1 4.16318E-1 4.21676E-1 4.38959E-1 4.42551E-1 4.44039E-1 4.48778E-1 4.54424E-1 4.58496E-1 4.68286E-1 4.76018E-1 4.9122E-1 4.99413E-1 4.88196E-1 5.00826E-1 5.14208E-1 5.11556E-1 5.12433E-1 5.20472E-1 5.3005E-1 5.55871E-1 5.72168E-1 5.85663E-1 5.89909E-1 5.91757E-1 5.94639E-1 -9999 -9999 -9999 -9999 -9999 -9999 -9999 -9999 -9999 -9999 -9999 -9999 -9999 -9999
4.12361E-1 3.99646E-1 4.16119E-1 3.95213E-1 3.73572E-1 3.57494E-1 3.95625E-1 3.76204E-1 3.82864E-1 3.77254E-1 3.80172E-1 3.85579E-1 3.87415E-1 3.6543E-1 3.59516E-1 3.59275E-1 3.68422E-1 3.77763E-1 3.59475E-1 3.59684E-1 3.6169E-1 3.66322E-1 3.5878E-1 3.70397E-1 3.86187E-1 3.86817E-1 3.85864E-1 4.00198E-1 3.99117E-1 4.05348E-1 4.18281E-1 4.25762E-1 4.3219E-1 4.38917E-1 4.44691E-1 4.41925E-1 4.45133E-1 4.4975E-1 4.69326E-1 4.7371E-1 4.75488E-1 4.8939E-1 4.94524E-1 4.99279E-1 5.01835E-1 5.07182E-1 5.08148E-1 5.22327E-1 5.27618E-1 5.38608E-1 5.21557E-1 5.38146E-1 5.59432E-1 5.74286E-1 5.85377E-1 6.01665E-1 6.02141E-1 6.02443E-1 6.03723E-1 -9999 -9999 -9999 -9999 -9999 -9999 -9999 -9999 -9999 -9999 -9999 -9999 -9999
4.35549E-1 4.07791E-1 4.11297E-1 3.94304E-1 3.88199E-1 3.87483E-1 3.94348E-1 3.95014E-1 3.96436E-1 3.79956E-1 3.84213E-1 3.9004E-1 3.86313E-1 3.93286E-1 3.92626E-1 3.89011E-1 3.70368E-1 3.71202E-1 3.6511E-1 3.7476E-1 3.72661E-1 3.57065E-1 3.73555E-1 3.80312E-1 3.89017E-1 4.03901E-1 4.07044E-1 4.15432E-1 4.20303E-1 4.2506E-1 4.37193E-1 4.47945E-1 4.40527E-1 4.47191E-1 4.53006E-1 4.57811E-1 4.70273E-1 4.71605E-1 4.74381E-1 4.79175E-1 4.86743E-1 4.96232E-1 5.00316E-1 5.01158E-1 5.07321E-1 5.07925E-1 5.12026E-1 5.2955E-1 5.31401E-1 5.49265E-1 5.59654E-1 5.63783E-1 5.62627E-1 5.70548E-1 5.93449E-1 5.91054E-1 6.00156E-1 5.99136E-1 6.15187E-1 -9999 -9999 -9999 -9999 -9999 -9999 -9999 -9999 -9999 -9999 -9999 -9999 -9999
4.46418E-1 4.3261E-1 4.20785E-1 4.26941E-1 4.18624E-1 4.04177E-1 3.921E-1 4.11119E-1 4.07346E-1 4.01084E-1 4.09319E-1 3.9722E-1 3.94817E-1 3.90471E-1 3.98108E-1 3.97593E-1 3.96799E-1 3.87729E-1 3.8489E-1 3.86981E-1 3.70565E-1 3.76964E-1 3.79529E-1 3.94055E-1 4.05837E-1 4.12715E-1 4.14627E-1 4.27179E-1 4.34371E-1 4.39731E-1 4.41853E-1 4.46806E-1 4.49687E-1 4.79257E-1 4.81939E-1 4.61996E-1 4.66838E-1 4.77329E-1 4.82314E-1 5.00831E-1 5.08115E-1 5.17819E-1 5.06285E-1 5.05797E-1 5.27417E-1 5.27963E-1 5.34734E-1 5.49255E-1 5.54668E-1 5.58666E-1 5.85584E-1 5.87689E-1 5.8182E-1 5.85553E-1 5.9403E-1 6.08752E-1 6.11914E-1 6.15337E-1 6.21647E-1 -9999 -9999 -9999 -9999 -9999 -9999 -9999 -9999 -9999 -9999 -9999 -9999 -9999
4.44406E-1 4.50584E-1 4.40393E-1 4.37223E-1 4.50678E-1 4.3455E-1 4.23646E-1 4.40072E-1 4.31827E-1 4.30377E-1 4.1582E-1 3.9703E-1 3.99051E-1 4.03926E-1 3.97672E-1 4.01967E-1 4.0246E-1 4.00959E-1 4.02435E-1 3.94482E-1 3.8771E-1 4.07148E-1 3.98882E-1 4.11731E-1 4.14329E-1 4.12623E-1 4.25165E-1 4.33042E-1 4.39301E-1 4.37432E-1 4.44947E-1 4.44802E-1 4.53624E-1 4.69592E-1 4.85974E-1 4.86721E-1 4.88849E-1 4.94586E-1 4.83054E-1 4.92947E-1 5.15547E-1 5.26142E-1 5.19539E-1 5.30928E-1 5.3474E-1 5.32078E-1 5.30436E-1 5.65327E-1 5.78116E-1 5.81792E-1 5.89079E-1 5.93698E-1 6.12169E-1 6.08449E-1 -9999 -9999 -9999 -9999 -9999 -9999 -9999 -9999 -9999 -9999 -9999 -9999 -9999 -9999 -9999 -9999 -9999 -9999
4.69183E-1 4.61352E-1 4.49776E-1 4.44118E-1 4.51535E-1 4.54886E-1 4.44368E-1 4.43701E-1 4.33553E-1 4.27842E-1 4.24687E-1 4.11759E-1 4.21903E-1 4.26917E-1 4.20776E-1 4.02324E-1 4.0666E-1 4.13442E-1 4.09531E-1 4.1133E-1 4.0656E-1 4.12951E-1 4.19603E-1 4.36043E-1 4.43246E-1 4.41366E-1 4.54114E-1 4.58198E-1 4.61341E-1 4.75134E-1 4.65039E-1 4.70961E-1 4.70961E-1 4.71069E-1 4.88126E-1 4.97833E-1 4.99298E-1 4.99527E-1 5.08955E-1 5.27311E-1 5.24585E-1 5.25952E-1 5.39529E-1 5.46824E-1 5.54045E-1 5.49669E-1 5.68599E-1 5.68343E-1 5.74126E-1 5.97496E-1 5.96306E-1 -9999 6.1463E-1 6.13085E-1 6.16613E-1 -9999 -9999 -9999 -9999 -9999 -9999 -9999 -9999 -9999 -9999 -9999 -9999 -9999 -9999 -9999 -9999 -9999
4.70586E-1 4.843E-1 4.61146E-1 4.51853E-1 4.67866E-1 4.6053E-1 4.61716E-1 4.55389E-1 4.47962E-1 4.53513E-1 4.3996E-1 4.33685E-1 4.26969E-1 4.4531E-1 4.46827E-1 4.45523E-1 4.31045E-1 4.35212E-1 4.41467E-1 4.28319E-1 4.35417E-1 4.42171E-1 4.36095E-1 4.33182E-1 4.45973E-1 4.49967E-1 4.59313E-1 4.62499E-1 4.61444E-1 4.68066E-1 4.87338E-1 4.99276E-1 4.80792E-1 4.8581E-1 5.08495E-1 5.13678E-1 5.05975E-1 5.22197E-1 5.24317E-1 5.38E-1 5.49526E-1 5.42236E-1 5.47237E-1 5.62133E-1 5.65957E-1 5.78754E-1 5.80453E-1 5.96913E-1 -9999 -9999 -9999 -9999 6.12683E-1 6.15534E-1 6.16691E-1 -9999 -9999 -9999 -9999 -9999 -9999 -9999 -9999 -9999 -9999 -9999 -9999 -9999 6.42633E-1 6.4279E-1 -9999 -9999
-9999 4.89311E-1 4.83454E-1 4.58561E-1 4.44444E-1 4.60899E-1 4.44189E-1 4.45086E-1 -9999 -9999 -9999 4.55605E-1 4.52244E-1 4.43476E-1 4.22448E-1 4.50781E-1 4.47884E-1 4.47953E-1 4.41926E-1 4.54934E-1 4.67501E-1 4.74738E-1 4.6322E-1 4.75289E-1 4.69559E-1 4.75837E-1 4.8092E-1 4.79759E-1 -9999 4.80904E-1 5.09805E-1 5.18279E-1 5.03169E-1 5.06091E-1 5.12158E-1 5.23961E-1 5.40124E-1 5.36441E-1 5.4683E-1 5.5233E-1 5.57319E-1 5.59696E-1 5.66206E-1 5.74508E-1 5.80206E-1 5.85659E-1 5.96055E-1 -9999 -9999 -9999 -9999 -9999 -9999 -9999 -9999 -9999 -9999 -9999 -9999 -9999 -9999 -9999 -9999 -9999 -9999 -9999 -9999 -9999 -9999 -9999 -9999 -9999
-9999 -9999 5.07458E-1 4.75754E-1 4.53684E-1 4.8317E-1 -9999 -9999 -9999 -9999 -9999 -9999 -9999 -9999 4.74236E-1 4.76194E-1 -9999 -9999 -9999 -9999 -9999 -9999 -9999 -9999 -9999 -9999 -9999 5.11346E-1 5.15827E-1 5.20809E-1 5.09187E-1 5.17939E-1 5.23952E-1 5.28354E-1 5.34444E-1 5.52978E-1 5.61376E-1 5.60491E-1 5.60491E-1 5.47828E-1 5.6763E-1 5.75905E-1 5.76447E-1 5.95725E-1 6.01978E-1 -9999 -9999 -9999 -9999 -9999 -9999 -9999 -9999 -9999 -9999 -9999 -9999 -9999 -9999 -9999 -9999 -9999 -9999 -9999 -9999 -9999 -9999 -9999 -9999 -9999 -9999 -9999
-9999 -9999 -9999 -9999 -9999 -9999 -9999 -9999 -9999 -9999 -9999 -9999 -9999 -9999 -9999 -9999 -9999 -9999 -9999 -9999 -9999 -9999 -9999 -9999 -9999 -9999 -9999 5.19323E-1 5.2427E-1 5.26378E-1 5.29451E-1 5.22823E-1 -9999 -9999 -9999 5.51079E-1 5.60701E-1 5.56258E-1 5.72925E-1 5.73815E-1 5.96558E-1 5.88387E-1 6.02655E-1 5.96048E-1 -9999 -9999 -9999 -9999 -9999 -9999 -9999 -9999 -9999 -9999 -9999 -9999 -9999 -9999 -9999 -9999 -9999 -9999 -9999 -9999 -9999 -9999 -9999 -9999 -9999 -9999 -9999 -9999
-9999 -9999 -9999 -9999 -9999 -9999 -9999 -9999 -9999 -9999 -9999 -9999 -9999 -9999 -9999 -9999 -9999 -9999 -9999 -9999 -9999 -9999 -9999 -9999 -9999 -9999 -9999 -9999 -9999 5.44649E-1 5.45663E-1 -9999 -9999 -9999 -9999 -9999 5.80661E-1 5.8718E-1 5.95736E-1 6.01061E-1 5.99349E-1 5.9931E-1 -9999 -9999 -9999 -9999 -9999 -9999 -9999 -9999 -9999 -9999 -9999 -9999 -9999 -9999 -9999 -9999 -9999 -9999 -9999 -9999 -9999 -9999 -9999 -9999 -9999 -9999 -9999 -9999 -9999 -9999
-9999 -9999 -9999 -9999 -9999 -9999 -9999 -9999 -9999 -9999 -9999 -9999 -9999 -9999 -9999 -9999 -9999 -9999 -9999 -9999 -9999 -9999 -9999 -9999 -9999 -9999 -9999 -9999 -9999 -9999 -9999 -9999 -9999 -9999 -9999 -9999 -9999 -9999 -9999 6.02873E-1 6.09023E-1 6.15722E-1 6.06262E-1 6.34478E-1 -9999 -9999 -9999 -9999 -9999 -9999 -9999 -9999 -9999 -9999 -9999 -9999 -9999 -9999 -9999 -9999 -9999 -9999 -9999 -9999 -9999 -9999 -9999 -9999 -9999 -9999 -9999 -9999
-9999 -9999 -9999 -9999 -9999 -9999 -9999 -9999 -9999 -9999 -9999 -9999 -9999 -9999 -9999 -9999 -9999 -9999 -9999 -9999 -9999 -9999 -9999 -9999 -9999 -9999 -9999 -9999 -9999 -9999 -9999 -9999 -9999 -9999 -9999 -9999 6.20694E-1 -9999 6.16195E-1 6.20712E-1 6.24979E-1 6.17092E-1 6.23923E-1 6.40669E-1 -9999 -9999 -9999 -9999 -9999 -9999 -9999 -9999 -9999 -9999 -9999 -9999 -9999 -9999 -9999 -9999 -9999 -9999 -9999 -9999 -9999 -9999 -9999 -9999 -9999 -9999 -9999 -9999
-9999 -9999 -9999 -9999 -9999 -9999 -9999 -9999 -9999 -9999 -9999 -9999 -9999 -9999 -9999 -9999 -9999 -9999 -9999 -9999 -9999 -9999 -9999 -9999 -9999 -9999 -9999 -9999 -9999 -9999 -9999 -9999 -9999 -9999 -9999 -9999 5.86071E-1 6.09438E-1 6.40407E-1 6.24428E-1 6.31358E-1 6.45224E-1 -9999 -9999 -9999 -9999 -9999 -9999 -9999 -9999 -9999 -9999 -9999 -9999 -9999 -9999 -9999 -9999 -9999 -9999 -9999 -9999 -9999 -9999 -9999 -9999 -9999 -9999 -9999 -9999 -9999 -9999
-9999 -9999 -9999 -9999 -9999 -9999 -9999 -9999 -9999 -9999 -9999 -9999 -9999 -9999 -9999 -9999 -9999 -9999 -9999 -9999 -9999 -9999 -9999 -9999 -9999 -9999 -9999 -9999 -9999 -9999 -9999 -9999 -9999 -9999 -9999 -9999 -9999 -9999 -9999 -9999 -9999 -9999 -9999 -9999 -9999 -9999 -9999 -9999 -9999 -9999 -9999 -9999 -9999 -9999 -9999 -9999 -9999 -9999 -9999 -9999 -9999 -9999 -9999 -9999 -9999 -9999 -9999 -9999 -9999 -9999 -9999 -9999
-9999 -9999 -9999 -9999 -9999 -9999 -9999 -9999 -9999 -9999 -9999 -9999 -9999 6.34318E-1 -9999 -9999 -9999 -9999 -9999 -9999 -9999 -9999 -9999 -9999 -9999 -9999 -9999 -9999 -9999 -9999 -9999 -9999 -9999 -9999 -9999 -9999 -9999 -9999 -9999 -9999 -9999 -9999 -9999 -9999 -9999 -9999 -9999 -9999 -9999 -9999 -9999 -9999 -9999 -9999 -9999 -9999 -9999 -9999 -9999 -9999 6.42846E-1 6.3652E-1 -9999 -9999 -9999 -9999 -9999 -9999 -9999 -9999 -9999 -9999
-9999 -9999 -9999 -9999 -9999 -9999 -9999 -9999 -9999 -9999 -9999 -9999 -9999 -9999 -9999 -9999 -9999 -9999 -9999 -9999 -9999 -9999 -9999 -9999 -9999 -9999 -9999 -9999 -9999 -9999 6.69795E-1 6.58519E-1 -9999 -9999 -9999 -9999 -9999 -9999 -9999 -9999 -9999 -9999 -9999 -9999 -9999 -9999 -9999 -9999 -9999 -9999 -9999 -9999 -9999 -9999 -9999 -9999 -9999 -9999 -9999 6.33052E-1 -9999 -9999 -9999 6.21793E-1 -9999 -9999 7.14896E-1 -9999 -9999 -9999 -9999 -9999
-9999 -9999 -9999 -9999 -9999 -9999 -9999 -9999 -9999 -9999 -9999 -9999 -9999 6.87905E-1 -9999 -9999 -9999 -9999 -9999 -9999 -9999 -9999 -9999 -9999 -9999 -9999 -9999 -9999 -9999 -9999 -9999 -9999 -9999 -9999 -9999 -9999 -9999 -9999 -9999 -9999 -9999 -9999 -9999 -9999 -9999 -9999 -9999 -9999 -9999 -9999 -9999 -9999 -9999 -9999 -9999 6.42081E-1 -9999 -9999 -9999 -9999 -9999 -9999 -9999 6.02858E-1 -9999 -9999 7.10505E-1 -9999 -9999 -9999 -9999 -9999
