Artocarpus altilis SDM files/MIS19/results (with bias file)/Artalt_4.asc
ncols         1201
nrows         481
xllcorner     119.99986351115
yllcorner     -15.00013828885
cellsize      0.041666667
NODATA_value  -9999
[rows 320 to 351 of 481, columns 504 to 575 of 1201]
3.62971E-1 3.69416E-1 3.55502E-1 3.59199E-1 3.56916E-1 3.65818E-1 3.64132E-1 3.6183E-1 3.60823E-1 3.62988E-1 3.56025E-1 3.67742E-1 3.70438E-1 3.74019E-1 3.67604E-1 3.58156E-1 3.51869E-1 3.74985E-1 3.83342E-1 3.82268E-1 3.76009E-1 3.85337E-1 3.92334E-1 4.01E-1 3.76987E-1 3.71468E-1 3.81731E-1 3.95163E-1 4.05438E-1 4.00169E-1 3.83007E-1 4.00369E-1 3.92186E-1 4.03209E-1 4.06738E-1 4.05886E-1 4.14044E-1 4.21391E-1 4.40944E-1 4.4426E-1 4.35846E-1 4.51306E-1 4.5208E-1 4.54157E-1 4.59071E-1 4.60621E-1 4.6306E-1 4.67833E-1 4.67602E-1 4.6766E-1 4.86048E-1 4.95379E-1 4.95825E-1 4.96664E-1 5.28637E-1 5.06352E-1 5.04518E-1 5.25139E-1 5.188E-1 5.21379E-1 5.57997E-1 5.45981E-1 5.64043E-1 5.74003E-1 -9999 -9999 -9999 -9999 -9999 -9999 -9999 -9999
3.57405E-1 3.65365E-1 3.72036E-1 3.63379E-1 3.5557E-1 3.61922E-1 3.70048E-1 3.65039E-1 3.74791E-1 3.54239E-1 3.54549E-1 3.59913E-1 3.60742E-1 3.76326E-1 3.53395E-1 3.57692E-1 3.59E-1 3.72282E-1 3.71024E-1 3.68152E-1 3.76842E-1 3.85527E-1 3.87319E-1 3.88011E-1 3.8459E-1 3.8471E-1 4.01324E-1 3.92814E-1 3.96003E-1 3.77209E-1 3.94381E-1 3.97728E-1 4.05181E-1 4.12724E-1 4.1194E-1 4.26197E-1 4.35732E-1 4.30499E-1 4.38053E-1 4.32303E-1 4.39748E-1 4.49268E-1 4.51765E-1 4.56761E-1 4.62549E-1 4.62747E-1 4.75832E-1 4.70248E-1 4.84973E-1 4.86515E-1 4.88862E-1 4.92073E-1 5.08685E-1 5.28666E-1 5.1894E-1 5.18057E-1 5.26933E-1 5.1902E-1 5.25408E-1 5.31583E-1 5.36515E-1 5.47838E-1 5.43295E-1 5.39173E-1 5.65522E-1 -9999 -9999 -9999 -9999 -9999 -9999 -9999
3.56046E-1 3.61652E-1 3.61785E-1 3.55216E-1 3.52813E-1 3.5646E-1 3.60137E-1 3.66472E-1 3.61455E-1 3.56412E-1 3.50252E-1 3.71665E-1 3.63829E-1 3.63869E-1 3.61291E-1 3.64732E-1 3.53033E-1 3.54716E-1 3.57095E-1 3.63795E-1 3.67264E-1 3.79271E-1 3.72964E-1 3.80904E-1 3.76988E-1 3.67732E-1 3.85919E-1 4.04247E-1 3.93674E-1 3.85355E-1 3.76314E-1 3.95083E-1 3.92769E-1 4.05107E-1 4.08481E-1 4.26369E-1 4.27243E-1 4.39489E-1 4.39415E-1 4.27359E-1 4.48399E-1 4.52978E-1 4.6312E-1 4.66436E-1 4.59834E-1 4.74742E-1 4.76244E-1 4.87767E-1 4.91777E-1 4.86997E-1 5.12577E-1 5.09975E-1 5.24517E-1 5.25403E-1 5.02482E-1 5.26117E-1 5.21339E-1 5.21512E-1 5.46015E-1 5.315E-1 5.55064E-1 5.48545E-1 5.43281E-1 5.47611E-1 5.62229E-1 -9999 -9999 -9999 -9999 -9999 -9999 -9999
3.57339E-1 3.65026E-1 3.68037E-1 3.75632E-1 3.66873E-1 3.56203E-1 3.57946E-1 3.60078E-1 3.63738E-1 3.66485E-1 3.68712E-1 3.64469E-1 3.57653E-1 3.52792E-1 3.64194E-1 3.63418E-1 3.57408E-1 3.69965E-1 3.503E-1 3.50085E-1 3.57651E-1 3.62479E-1 3.66179E-1 3.87162E-1 3.80581E-1 3.71677E-1 3.87461E-1 3.8614E-1 3.85918E-1 4.02352E-1 3.79546E-1 3.81952E-1 3.87731E-1 4.00877E-1 4.14544E-1 4.30483E-1 4.29165E-1 4.35997E-1 4.3183E-1 4.23441E-1 4.40444E-1 4.55447E-1 4.56197E-1 4.53451E-1 4.63093E-1 4.5736E-1 4.83799E-1 4.87967E-1 4.94792E-1 4.97348E-1 5.1697E-1 5.17117E-1 5.25573E-1 5.26307E-1 5.2508E-1 5.26403E-1 5.38855E-1 5.33901E-1 5.44601E-1 5.4557E-1 5.54841E-1 5.54106E-1 5.67554E-1 5.66187E-1 5.92763E-1 5.92969E-1 5.96971E-1 -9999 -9999 -9999 -9999 -9999
3.5487E-1 3.80191E-1 3.61338E-1 3.62253E-1 3.69025E-1 3.53332E-1 3.5704E-1 3.56435E-1 3.64299E-1 3.67188E-1 3.63831E-1 3.64042E-1 3.60055E-1 3.69963E-1 3.56309E-1 3.64684E-1 3.68627E-1 3.62056E-1 3.61771E-1 3.48546E-1 3.50109E-1 3.50809E-1 3.54048E-1 3.65932E-1 3.71001E-1 3.60024E-1 3.77599E-1 3.80966E-1 3.88637E-1 3.87417E-1 3.80594E-1 3.7634E-1 3.85858E-1 3.94044E-1 4.05884E-1 4.06543E-1 4.26888E-1 4.37909E-1 4.25912E-1 4.25459E-1 4.35681E-1 4.54619E-1 4.46859E-1 4.37693E-1 4.56337E-1 4.56202E-1 4.62172E-1 4.8126E-1 4.8813E-1 5.00185E-1 5.0311E-1 5.10956E-1 5.14066E-1 5.38409E-1 5.21996E-1 5.45795E-1 5.56407E-1 5.52282E-1 5.77338E-1 5.74372E-1 5.69367E-1 5.7157E-1 5.73682E-1 5.73811E-1 5.92787E-1 6.01942E-1 5.94129E-1 6.06925E-1 -9999 -9999 -9999 -9999
3.54507E-1 3.74241E-1 3.72373E-1 3.6413E-1 3.71691E-1 3.67998E-1 3.59036E-1 3.61345E-1 3.62532E-1 3.63387E-1 3.61026E-1 3.72699E-1 3.52927E-1 3.56856E-1 3.56975E-1 3.6437E-1 3.55168E-1 3.52133E-1 3.6383E-1 3.53866E-1 3.38403E-1 3.4939E-1 3.47319E-1 3.52328E-1 3.54831E-1 3.47972E-1 3.69557E-1 3.84577E-1 3.79117E-1 3.68843E-1 3.7531E-1 3.77112E-1 3.79865E-1 3.93139E-1 3.999E-1 4.23179E-1 4.06568E-1 4.13291E-1 4.12938E-1 4.17952E-1 4.30597E-1 4.61125E-1 4.55245E-1 4.5462E-1 4.7002E-1 4.71096E-1 4.61177E-1 4.69734E-1 4.70715E-1 4.856E-1 4.91492E-1 5.10956E-1 5.13494E-1 5.37973E-1 5.51226E-1 5.42774E-1 5.48419E-1 5.52991E-1 5.70122E-1 5.677E-1 -9999 5.95399E-1 5.97507E-1 5.87288E-1 6.03221E-1 -9999 6.15774E-1 6.22468E-1 -9999 -9999 -9999 -9999
3.55391E-1 3.64755E-1 3.67613E-1 3.8088E-1 3.72544E-1 3.60503E-1 3.70669E-1 3.55903E-1 3.53293E-1 3.65984E-1 3.66163E-1 3.72544E-1 3.64752E-1 3.56289E-1 3.60015E-1 3.65355E-1 3.62194E-1 3.54571E-1 3.49683E-1 3.43331E-1 3.4411E-1 3.55726E-1 3.54178E-1 3.59245E-1 3.47965E-1 3.67257E-1 3.6531E-1 3.72361E-1 3.63054E-1 3.62156E-1 3.68656E-1 3.77101E-1 3.80459E-1 3.99154E-1 3.96613E-1 4.00884E-1 4.15714E-1 4.14486E-1 4.20332E-1 4.47787E-1 4.54018E-1 4.68034E-1 4.6354E-1 4.48531E-1 4.72677E-1 4.7005E-1 4.73514E-1 4.54535E-1 4.66482E-1 4.90971E-1 4.9378E-1 4.9484E-1 5.33842E-1 5.38152E-1 5.41504E-1 5.39151E-1 5.62621E-1 5.72447E-1 5.71197E-1 5.84142E-1 5.92292E-1 5.84437E-1 -9999 -9999 -9999 -9999 -9999 6.42562E-1 -9999 -9999 -9999 -9999
3.69054E-1 3.72999E-1 3.75082E-1 3.8194E-1 3.71658E-1 3.64034E-1 3.66863E-1 3.68047E-1 3.71775E-1 3.63238E-1 3.57946E-1 3.55546E-1 3.52413E-1 3.57703E-1 3.51771E-1 3.561E-1 3.73767E-1 3.7172E-1 3.51432E-1 3.55165E-1 3.4314E-1 3.55823E-1 3.62032E-1 3.51525E-1 3.60772E-1 3.49588E-1 3.47091E-1 3.60983E-1 3.56505E-1 3.50669E-1 3.58753E-1 3.68785E-1 3.70849E-1 3.8224E-1 3.86225E-1 3.97478E-1 4.01624E-1 4.10244E-1 4.27469E-1 4.31713E-1 4.61558E-1 4.46406E-1 4.60456E-1 4.65738E-1 4.55418E-1 4.69181E-1 4.68492E-1 4.70753E-1 4.7087E-1 4.7763E-1 4.91414E-1 4.96789E-1 5.19348E-1 5.32768E-1 5.41881E-1 5.66509E-1 5.63906E-1 5.91626E-1 5.87085E-1 5.953E-1 5.98876E-1 5.97327E-1 6.19036E-1 -9999 -9999 -9999 -9999 -9999 -9999 -9999 -9999 -9999
3.80819E-1 3.80663E-1 3.81722E-1 3.79815E-1 3.70559E-1 3.75369E-1 3.64894E-1 3.63283E-1 3.68879E-1 3.67272E-1 3.68302E-1 3.54586E-1 3.51304E-1 3.54968E-1 3.39024E-1 3.60374E-1 3.79125E-1 3.76753E-1 3.4806E-1 3.46776E-1 3.42303E-1 3.49828E-1 3.5001E-1 3.48836E-1 3.53813E-1 3.49878E-1 3.47363E-1 3.61485E-1 3.60868E-1 3.7048E-1 3.72076E-1 3.72766E-1 3.677E-1 3.75557E-1 3.76102E-1 3.88969E-1 3.99843E-1 4.12399E-1 4.23001E-1 4.27176E-1 4.47078E-1 4.52528E-1 4.48903E-1 4.77816E-1 4.60942E-1 4.59005E-1 4.772E-1 4.6827E-1 4.74933E-1 4.69612E-1 5.03408E-1 5.17877E-1 5.20318E-1 5.36593E-1 5.35511E-1 5.57882E-1 5.84417E-1 5.87878E-1 -9999 6.15852E-1 6.22042E-1 6.18451E-1 6.24717E-1 6.18067E-1 -9999 -9999 -9999 -9999 -9999 -9999 -9999 -9999
3.87544E-1 3.98227E-1 3.87529E-1 3.81793E-1 3.80165E-1 3.75926E-1 3.83028E-1 3.61159E-1 3.58576E-1 3.67014E-1 3.66154E-1 3.66379E-1 3.65875E-1 3.57643E-1 3.56928E-1 3.74906E-1 3.64942E-1 3.56824E-1 3.53734E-1 3.49045E-1 3.53253E-1 3.46199E-1 3.51343E-1 3.56707E-1 3.48819E-1 3.48822E-1 3.52873E-1 3.63923E-1 3.75883E-1 3.71301E-1 3.69707E-1 3.70434E-1 3.79733E-1 3.81519E-1 3.81323E-1 3.86313E-1 4.10195E-1 4.13012E-1 4.1058E-1 4.31203E-1 4.40949E-1 4.33043E-1 4.69416E-1 4.69746E-1 4.63885E-1 4.52087E-1 4.72798E-1 4.76258E-1 4.81493E-1 5.00993E-1 5.11586E-1 5.27277E-1 5.24499E-1 5.25216E-1 5.60114E-1 5.79017E-1 5.79907E-1 5.91292E-1 6.095E-1 -9999 -9999 -9999 6.29242E-1 6.38583E-1 -9999 -9999 -9999 -9999 -9999 -9999 -9999 -9999
3.85172E-1 3.96143E-1 4.03397E-1 3.98595E-1 3.72079E-1 3.78831E-1 3.90916E-1 3.75414E-1 3.56797E-1 3.64156E-1 3.5361E-1 3.63658E-1 3.46563E-1 3.74057E-1 3.68344E-1 3.67152E-1 3.67568E-1 3.66869E-1 3.67452E-1 3.4783E-1 3.46016E-1 3.45134E-1 3.39501E-1 3.48598E-1 3.59917E-1 3.63293E-1 3.47197E-1 3.58812E-1 3.68096E-1 3.78584E-1 3.74876E-1 3.71131E-1 3.74479E-1 3.71192E-1 3.91987E-1 3.99719E-1 4.09832E-1 4.20498E-1 4.28426E-1 4.18168E-1 4.22631E-1 4.37285E-1 4.65927E-1 4.64364E-1 4.52175E-1 4.56571E-1 4.75652E-1 4.9515E-1 4.98715E-1 5.05003E-1 5.25816E-1 5.28522E-1 5.36415E-1 5.58744E-1 5.61601E-1 5.80413E-1 5.84149E-1 6.01183E-1 6.1831E-1 6.38486E-1 -9999 -9999 6.3858E-1 6.38583E-1 -9999 -9999 -9999 -9999 -9999 -9999 -9999 -9999
3.77119E-1 3.93258E-1 3.9231E-1 3.97445E-1 3.96461E-1 3.80872E-1 3.74139E-1 3.73454E-1 3.68873E-1 3.65085E-1 3.81939E-1 3.79522E-1 3.68001E-1 3.86868E-1 3.67641E-1 3.60788E-1 3.64468E-1 3.60321E-1 3.56481E-1 3.6427E-1 3.67731E-1 3.4923E-1 3.4617E-1 3.48693E-1 3.58767E-1 3.57213E-1 3.63193E-1 3.68481E-1 3.75448E-1 3.7327E-1 3.71862E-1 3.74107E-1 3.78187E-1 3.84205E-1 3.93226E-1 4.01858E-1 4.08827E-1 4.14185E-1 4.25644E-1 4.3286E-1 4.39091E-1 4.44324E-1 4.56262E-1 4.63468E-1 4.66166E-1 4.89126E-1 4.93622E-1 4.96418E-1 5.00899E-1 5.23663E-1 5.45752E-1 5.51105E-1 5.53942E-1 5.77367E-1 5.80031E-1 5.96373E-1 6.10194E-1 6.0822E-1 6.10181E-1 6.30213E-1 -9999 -9999 -9999 -9999 -9999 -9999 -9999 -9999 -9999 -9999 -9999 -9999
3.97473E-1 4.02445E-1 3.97362E-1 3.95448E-1 3.92515E-1 3.93273E-1 4.04805E-1 3.76248E-1 3.85748E-1 3.9548E-1 3.78029E-1 3.88745E-1 3.93653E-1 3.87856E-1 3.77062E-1 3.85306E-1 3.65804E-1 3.59223E-1 3.60897E-1 3.63311E-1 3.57829E-1 3.54076E-1 3.55424E-1 3.51833E-1 3.69447E-1 3.73849E-1 3.62376E-1 3.68342E-1 3.71902E-1 3.85917E-1 3.97977E-1 3.87944E-1 3.96744E-1 4.02836E-1 4.07371E-1 4.17018E-1 4.13222E-1 4.14195E-1 4.21315E-1 4.33756E-1 4.40049E-1 4.48213E-1 4.69016E-1 4.76359E-1 4.71005E-1 4.80933E-1 5.10129E-1 5.18583E-1 5.41595E-1 5.27861E-1 5.50013E-1 5.70697E-1 5.79089E-1 5.81939E-1 6.02712E-1 6.06514E-1 6.14888E-1 6.18512E-1 -9999 -9999 -9999 -9999 -9999 -9999 -9999 -9999 -9999 -9999 -9999 -9999 -9999 -9999
4.17564E-1 4.30653E-1 4.03666E-1 4.00599E-1 3.94459E-1 3.98369E-1 4.09203E-1 3.86799E-1 3.96186E-1 3.84818E-1 3.8566E-1 3.92542E-1 3.89865E-1 3.82955E-1 3.84091E-1 3.95696E-1 3.74762E-1 3.7799E-1 3.83898E-1 3.61318E-1 3.34512E-1 3.39941E-1 3.57814E-1 3.47222E-1 3.69837E-1 3.67545E-1 3.89526E-1 3.90299E-1 3.99208E-1 4.05592E-1 4.0082E-1 4.04865E-1 4.14064E-1 4.18559E-1 4.06917E-1 4.15048E-1 4.21409E-1 4.33942E-1 4.41426E-1 4.48792E-1 4.51577E-1 4.58958E-1 4.79031E-1 4.91513E-1 4.95302E-1 5.09233E-1 5.19219E-1 5.19246E-1 5.23918E-1 5.2952E-1 5.51799E-1 5.59286E-1 5.78104E-1 5.97928E-1 6.01704E-1 6.28362E-1 6.25534E-1 6.14842E-1 -9999 -9999 -9999 -9999 -9999 -9999 -9999 -9999 -9999 -9999 -9999 -9999 -9999 -9999
4.29936E-1 4.4724E-1 4.36037E-1 4.30797E-1 3.94642E-1 4.07886E-1 4.08533E-1 4.04386E-1 4.04302E-1 3.95351E-1 4.00252E-1 4.02522E-1 3.91319E-1 3.85606E-1 3.78228E-1 3.82938E-1 3.93625E-1 3.8797E-1 3.88848E-1 3.69567E-1 3.5317E-1 3.65955E-1 3.6279E-1 3.63106E-1 3.56733E-1 3.73571E-1 3.79824E-1 3.89716E-1 3.96636E-1 3.97419E-1 4.20375E-1 4.2507E-1 4.08134E-1 4.16318E-1 4.21676E-1 4.43103E-1 4.48853E-1 4.497E-1 4.56345E-1 4.64932E-1 4.67559E-1 4.8021E-1 4.88662E-1 5.07709E-1 5.17284E-1 5.10748E-1 5.27136E-1 5.42145E-1 5.44931E-1 5.41401E-1 5.57222E-1 5.68474E-1 5.91312E-1 6.08454E-1 6.22734E-1 6.25573E-1 6.2844E-1 6.36927E-1 -9999 -9999 -9999 -9999 -9999 -9999 -9999 -9999 -9999 -9999 -9999 -9999 -9999 -9999
4.56419E-1 4.44726E-1 4.53866E-1 4.38918E-1 4.19452E-1 4.00739E-1 4.30355E-1 4.15087E-1 4.20261E-1 4.12819E-1 4.10433E-1 4.15682E-1 4.12325E-1 3.90349E-1 3.82731E-1 3.79069E-1 3.82089E-1 3.85124E-1 3.59475E-1 3.59684E-1 3.6169E-1 3.66322E-1 3.5878E-1 3.70397E-1 3.86187E-1 3.86817E-1 3.85864E-1 4.00198E-1 3.99117E-1 4.05348E-1 4.18281E-1 4.25762E-1 4.32562E-1 4.40073E-1 4.45597E-1 4.43866E-1 4.50779E-1 4.54361E-1 4.76524E-1 4.81285E-1 4.83186E-1 4.99019E-1 5.07994E-1 5.14854E-1 5.19805E-1 5.28597E-1 5.2955E-1 5.48158E-1 5.56922E-1 5.70381E-1 5.59068E-1 5.73255E-1 5.91199E-1 6.09567E-1 6.21773E-1 6.35218E-1 6.391E-1 6.45662E-1 6.38867E-1 -9999 -9999 -9999 -9999 -9999 -9999 -9999 -9999 -9999 -9999 -9999 -9999 -9999
4.82783E-1 4.55377E-1 4.53384E-1 4.3409E-1 4.23901E-1 4.24014E-1 4.28008E-1 4.30444E-1 4.31494E-1 4.13668E-1 4.16712E-1 4.2197E-1 4.15589E-1 4.16296E-1 4.10956E-1 4.05058E-1 3.8075E-1 3.71202E-1 3.6511E-1 3.7476E-1 3.72661E-1 3.57065E-1 3.73555E-1 3.80312E-1 3.89017E-1 4.03901E-1 4.07044E-1 4.15432E-1 4.20303E-1 4.2506E-1 4.37193E-1 4.47945E-1 4.40527E-1 4.47191E-1 4.53006E-1 4.57919E-1 4.73502E-1 4.75489E-1 4.79443E-1 4.85275E-1 4.95057E-1 5.07462E-1 5.17585E-1 5.18557E-1 5.27375E-1 5.31359E-1 5.37182E-1 5.58727E-1 5.61648E-1 5.83412E-1 5.93168E-1 5.98979E-1 5.951E-1 6.05935E-1 6.32725E-1 6.28626E-1 6.404E-1 6.39106E-1 6.5437E-1 -9999 -9999 -9999 -9999 -9999 -9999 -9999 -9999 -9999 -9999 -9999 -9999 -9999
4.95254E-1 4.7616E-1 4.63095E-1 4.62138E-1 4.51677E-1 4.42174E-1 4.30616E-1 4.4564E-1 4.43631E-1 4.34595E-1 4.40972E-1 4.25862E-1 4.20446E-1 4.13074E-1 4.17988E-1 4.13804E-1 4.09826E-1 3.94677E-1 3.8489E-1 3.86981E-1 3.70565E-1 3.76964E-1 3.79529E-1 3.94055E-1 4.05837E-1 4.12715E-1 4.14627E-1 4.27179E-1 4.34371E-1 4.39731E-1 4.41853E-1 4.46806E-1 4.49687E-1 4.79257E-1 4.82244E-1 4.61996E-1 4.67904E-1 4.80626E-1 4.87589E-1 5.07424E-1 5.14118E-1 5.29227E-1 5.20054E-1 5.23234E-1 5.46577E-1 5.48631E-1 5.59592E-1 5.77475E-1 5.82388E-1 5.86312E-1 6.16131E-1 6.21085E-1 6.16222E-1 6.24964E-1 6.32734E-1 6.47966E-1 6.50859E-1 6.56602E-1 6.61376E-1 -9999 -9999 -9999 -9999 -9999 -9999 -9999 -9999 -9999 -9999 -9999 -9999 -9999
4.92847E-1 4.97396E-1 4.86128E-1 4.73929E-1 4.88266E-1 4.72997E-1 4.65319E-1 4.77498E-1 4.68633E-1 4.63442E-1 4.51303E-1 4.29358E-1 4.25587E-1 4.26447E-1 4.16814E-1 4.19817E-1 4.16672E-1 4.04549E-1 4.02435E-1 3.94482E-1 3.8771E-1 4.07148E-1 3.98882E-1 4.11731E-1 4.14329E-1 4.12623E-1 4.25165E-1 4.33042E-1 4.39301E-1 4.37432E-1 4.44947E-1 4.44802E-1 4.53624E-1 4.69592E-1 4.86712E-1 4.8773E-1 4.90803E-1 4.98976E-1 4.87081E-1 5.01109E-1 5.20535E-1 5.39163E-1 5.33405E-1 5.47363E-1 5.52383E-1 5.53614E-1 5.55712E-1 5.89215E-1 6.0539E-1 6.13457E-1 6.2334E-1 6.28236E-1 6.44295E-1 6.41398E-1 -9999 -9999 -9999 -9999 -9999 -9999 -9999 -9999 -9999 -9999 -9999 -9999 -9999 -9999 -9999 -9999 -9999 -9999
5.13261E-1 5.10231E-1 4.97496E-1 4.88295E-1 4.93969E-1 4.96191E-1 4.85146E-1 4.8523E-1 4.76501E-1 4.67842E-1 4.61622E-1 4.41882E-1 4.49288E-1 4.48749E-1 4.39883E-1 4.19751E-1 4.102E-1 4.13442E-1 4.09531E-1 4.1133E-1 4.0656E-1 4.12951E-1 4.19603E-1 4.36043E-1 4.43246E-1 4.41366E-1 4.54114E-1 4.58198E-1 4.61341E-1 4.75134E-1 4.65039E-1 4.70961E-1 4.70961E-1 4.71069E-1 4.88126E-1 4.98059E-1 5.01291E-1 5.0356E-1 5.14625E-1 5.3031E-1 5.30423E-1 5.37037E-1 5.50384E-1 5.618E-1 5.72201E-1 5.71308E-1 5.92252E-1 5.94383E-1 6.02455E-1 6.28533E-1 6.24431E-1 -9999 6.47703E-1 6.4774E-1 6.53642E-1 -9999 -9999 -9999 -9999 -9999 -9999 -9999 -9999 -9999 -9999 -9999 -9999 -9999 -9999 -9999 -9999 -9999
5.20869E-1 5.36654E-1 5.13085E-1 5.0124E-1 5.11229E-1 5.06791E-1 5.04556E-1 4.9425E-1 4.78837E-1 4.7794E-1 4.68125E-1 4.61588E-1 4.56133E-1 4.65016E-1 4.6232E-1 4.56318E-1 4.31045E-1 4.35212E-1 4.44722E-1 4.34272E-1 4.39327E-1 4.44856E-1 4.40868E-1 4.35729E-1 4.45973E-1 4.49967E-1 4.59313E-1 4.62499E-1 4.61444E-1 4.68066E-1 4.87338E-1 4.9971E-1 4.80792E-1 4.8581E-1 5.08726E-1 5.13678E-1 5.069E-1 5.25244E-1 5.27228E-1 5.41302E-1 5.5719E-1 5.53478E-1 5.57332E-1 5.75335E-1 5.80539E-1 5.9699E-1 6.0232E-1 6.21481E-1 -9999 -9999 -9999 -9999 6.46256E-1 6.53202E-1 6.50666E-1 -9999 -9999 -9999 -9999 -9999 -9999 -9999 -9999 -9999 -9999 -9999 -9999 -9999 6.92132E-1 6.92111E-1 -9999 -9999
-9999 5.44268E-1 5.32767E-1 5.05716E-1 4.86118E-1 4.96181E-1 4.78213E-1 4.78061E-1 -9999 -9999 -9999 4.82998E-1 4.82177E-1 4.70219E-1 4.47903E-1 4.68042E-1 4.56965E-1 4.5851E-1 4.50929E-1 4.60317E-1 4.69827E-1 4.75081E-1 4.6322E-1 4.76285E-1 4.69559E-1 4.75837E-1 4.8092E-1 4.79759E-1 -9999 4.80904E-1 5.09805E-1 5.18413E-1 5.03169E-1 5.06091E-1 5.12158E-1 5.23961E-1 5.41246E-1 5.38118E-1 5.49316E-1 5.5233E-1 5.6088E-1 5.66503E-1 5.761E-1 5.85333E-1 5.97195E-1 6.0441E-1 6.15319E-1 -9999 -9999 -9999 -9999 -9999 -9999 -9999 -9999 -9999 -9999 -9999 -9999 -9999 -9999 -9999 -9999 -9999 -9999 -9999 -9999 -9999 -9999 -9999 -9999 -9999
-9999 -9999 5.56633E-1 5.20538E-1 4.92288E-1 5.11411E-1 -9999 -9999 -9999 -9999 -9999 -9999 -9999 -9999 4.90633E-1 4.83659E-1 -9999 -9999 -9999 -9999 -9999 -9999 -9999 -9999 -9999 -9999 -9999 5.11346E-1 5.15827E-1 5.20809E-1 5.09187E-1 5.17939E-1 5.23952E-1 5.28354E-1 5.34444E-1 5.52978E-1 5.61376E-1 5.60491E-1 5.60491E-1 5.47828E-1 5.71344E-1 5.83133E-1 5.8424E-1 6.07729E-1 6.17337E-1 -9999 -9999 -9999 -9999 -9999 -9999 -9999 -9999 -9999 -9999 -9999 -9999 -9999 -9999 -9999 -9999 -9999 -9999 -9999 -9999 -9999 -9999 -9999 -9999 -9999 -9999 -9999
-9999 -9999 -9999 -9999 -9999 -9999 -9999 -9999 -9999 -9999 -9999 -9999 -9999 -9999 -9999 -9999 -9999 -9999 -9999 -9999 -9999 -9999 -9999 -9999 -9999 -9999 -9999 5.2009E-1 5.2427E-1 5.26378E-1 5.29451E-1 5.22823E-1 -9999 -9999 -9999 5.51079E-1 5.60701E-1 5.56258E-1 5.72925E-1 5.73815E-1 6.02052E-1 5.95891E-1 6.1069E-1 6.03406E-1 -9999 -9999 -9999 -9999 -9999 -9999 -9999 -9999 -9999 -9999 -9999 -9999 -9999 -9999 -9999 -9999 -9999 -9999 -9999 -9999 -9999 -9999 -9999 -9999 -9999 -9999 -9999 -9999
-9999 -9999 -9999 -9999 -9999 -9999 -9999 -9999 -9999 -9999 -9999 -9999 -9999 -9999 -9999 -9999 -9999 -9999 -9999 -9999 -9999 -9999 -9999 -9999 -9999 -9999 -9999 -9999 -9999 5.44649E-1 5.45663E-1 -9999 -9999 -9999 -9999 -9999 5.80661E-1 5.8718E-1 5.95736E-1 6.01061E-1 6.0342E-1 5.9931E-1 -9999 -9999 -9999 -9999 -9999 -9999 -9999 -9999 -9999 -9999 -9999 -9999 -9999 -9999 -9999 -9999 -9999 -9999 -9999 -9999 -9999 -9999 -9999 -9999 -9999 -9999 -9999 -9999 -9999 -9999
-9999 -9999 -9999 -9999 -9999 -9999 -9999 -9999 -9999 -9999 -9999 -9999 -9999 -9999 -9999 -9999 -9999 -9999 -9999 -9999 -9999 -9999 -9999 -9999 -9999 -9999 -9999 -9999 -9999 -9999 -9999 -9999 -9999 -9999 -9999 -9999 -9999 -9999 -9999 6.02873E-1 6.1203E-1 6.19456E-1 6.11611E-1 6.44729E-1 -9999 -9999 -9999 -9999 -9999 -9999 -9999 -9999 -9999 -9999 -9999 -9999 -9999 -9999 -9999 -9999 -9999 -9999 -9999 -9999 -9999 -9999 -9999 -9999 -9999 -9999 -9999 -9999
-9999 -9999 -9999 -9999 -9999 -9999 -9999 -9999 -9999 -9999 -9999 -9999 -9999 -9999 -9999 -9999 -9999 -9999 -9999 -9999 -9999 -9999 -9999 -9999 -9999 -9999 -9999 -9999 -9999 -9999 -9999 -9999 -9999 -9999 -9999 -9999 6.28515E-1 -9999 6.17993E-1 6.23389E-1 6.28814E-1 6.21689E-1 6.31521E-1 6.50864E-1 -9999 -9999 -9999 -9999 -9999 -9999 -9999 -9999 -9999 -9999 -9999 -9999 -9999 -9999 -9999 -9999 -9999 -9999 -9999 -9999 -9999 -9999 -9999 -9999 -9999 -9999 -9999 -9999
-9999 -9999 -9999 -9999 -9999 -9999 -9999 -9999 -9999 -9999 -9999 -9999 -9999 -9999 -9999 -9999 -9999 -9999 -9999 -9999 -9999 -9999 -9999 -9999 -9999 -9999 -9999 -9999 -9999 -9999 -9999 -9999 -9999 -9999 -9999 -9999 5.92611E-1 6.12955E-1 6.45879E-1 6.27757E-1 6.36384E-1 6.52416E-1 -9999 -9999 -9999 -9999 -9999 -9999 -9999 -9999 -9999 -9999 -9999 -9999 -9999 -9999 -9999 -9999 -9999 -9999 -9999 -9999 -9999 -9999 -9999 -9999 -9999 -9999 -9999 -9999 -9999 -9999
-9999 -9999 -9999 -9999 -9999 -9999 -9999 -9999 -9999 -9999 -9999 -9999 -9999 -9999 -9999 -9999 -9999 -9999 -9999 -9999 -9999 -9999 -9999 -9999 -9999 -9999 -9999 -9999 -9999 -9999 -9999 -9999 -9999 -9999 -9999 -9999 -9999 -9999 -9999 -9999 -9999 -9999 -9999 -9999 -9999 -9999 -9999 -9999 -9999 -9999 -9999 -9999 -9999 -9999 -9999 -9999 -9999 -9999 -9999 -9999 -9999 -9999 -9999 -9999 -9999 -9999 -9999 -9999 -9999 -9999 -9999 -9999
-9999 -9999 -9999 -9999 -9999 -9999 -9999 -9999 -9999 -9999 -9999 -9999 -9999 7.1133E-1 -9999 -9999 -9999 -9999 -9999 -9999 -9999 -9999 -9999 -9999 -9999 -9999 -9999 -9999 -9999 -9999 -9999 -9999 -9999 -9999 -9999 -9999 -9999 -9999 -9999 -9999 -9999 -9999 -9999 -9999 -9999 -9999 -9999 -9999 -9999 -9999 -9999 -9999 -9999 -9999 -9999 -9999 -9999 -9999 -9999 -9999 6.89575E-1 6.85189E-1 -9999 -9999 -9999 -9999 -9999 -9999 -9999 -9999 -9999 -9999
-9999 -9999 -9999 -9999 -9999 -9999 -9999 -9999 -9999 -9999 -9999 -9999 -9999 -9999 -9999 -9999 -9999 -9999 -9999 -9999 -9999 -9999 -9999 -9999 -9999 -9999 -9999 -9999 -9999 -9999 6.98737E-1 6.84637E-1 -9999 -9999 -9999 -9999 -9999 -9999 -9999 -9999 -9999 -9999 -9999 -9999 -9999 -9999 -9999 -9999 -9999 -9999 -9999 -9999 -9999 -9999 -9999 -9999 -9999 -9999 -9999 6.70044E-1 -9999 -9999 -9999 6.49706E-1 -9999 -9999 7.32433E-1 -9999 -9999 -9999 -9999 -9999
-9999 -9999 -9999 -9999 -9999 -9999 -9999 -9999 -9999 -9999 -9999 -9999 -9999 7.68012E-1 -9999 -9999 -9999 -9999 -9999 -9999 -9999 -9999 -9999 -9999 -9999 -9999 -9999 -9999 -9999 -9999 -9999 -9999 -9999 -9999 -9999 -9999 -9999 -9999 -9999 -9999 -9999 -9999 -9999 -9999 -9999 -9999 -9999 -9999 -9999 -9999 -9999 -9999 -9999 -9999 -9999 6.94038E-1 -9999 -9999 -9999 -9999 -9999 -9999 -9999 6.31227E-1 -9999 -9999 7.37704E-1 -9999 -9999 -9999 -9999 -9999
