Artocarpus altilis SDM files/MIS19/results (with bias file)/Artalt_6.asc
ncols         1201
nrows         481
xllcorner     119.99986351115
yllcorner     -15.00013828885
cellsize      0.041666667
NODATA_value  -9999
[rows 128 to 159 of 481, columns 288 to 359 of 1201]
-9999 -9999 -9999 -9999 -9999 -9999 -9999 -9999 -9999 -9999 -9999 -9999 -9999 -9999 -9999 -9999 -9999 -9999 -9999 -9999 -9999 -9999 -9999 -9999 -9999 -9999 -9999 -9999 -9999 -9999 -9999 -9999 -9999 -9999 -9999 -9999 -9999 -9999 -9999 -9999 -9999 -9999 -9999 -9999 -9999 -9999 -9999 -9999 -9999 -9999 -9999 -9999 -9999 -9999 -9999 -9999 -9999 -9999 -9999 -9999 -9999 -9999 -9999 -9999 -9999 -9999 -9999 -9999 -9999 -9999 -9999 -9999
-9999 -9999 -9999 8.9028E-1 8.87737E-1 -9999 9.46245E-1 9.55321E-1 9.32511E-1 9.14544E-1 8.93901E-1 9.17177E-1 9.52658E-1 9.61758E-1 9.51326E-1 9.74343E-1 9.81516E-1 9.62731E-1 -9999 -9999 -9999 -9999 -9999 -9999 -9999 -9999 -9999 -9999 -9999 -9999 -9999 -9999 -9999 -9999 -9999 -9999 -9999 -9999 -9999 -9999 -9999 -9999 -9999 -9999 -9999 -9999 -9999 -9999 -9999 -9999 -9999 -9999 -9999 -9999 -9999 -9999 -9999 -9999 -9999 -9999 -9999 -9999 -9999 -9999 -9999 -9999 -9999 -9999 -9999 -9999 -9999 -9999
-9999 -9999 -9999 -9999 9.22947E-1 9.14929E-1 7.43414E-1 7.24689E-1 6.22636E-1 4.81783E-1 4.651E-1 5.24989E-1 6.42538E-1 7.8417E-1 7.51671E-1 7.09248E-1 7.9027E-1 7.25512E-1 9.24737E-1 9.84848E-1 -9999 -9999 -9999 -9999 -9999 -9999 -9999 -9999 -9999 -9999 -9999 -9999 -9999 -9999 -9999 -9999 -9999 -9999 -9999 -9999 -9999 -9999 -9999 -9999 -9999 -9999 -9999 -9999 -9999 -9999 -9999 -9999 -9999 -9999 -9999 -9999 -9999 -9999 -9999 -9999 -9999 -9999 -9999 -9999 -9999 -9999 -9999 -9999 -9999 -9999 -9999 -9999
-9999 -9999 9.03095E-1 8.69323E-1 8.46847E-1 7.0182E-1 6.47377E-1 7.93381E-1 8.14947E-1 7.68722E-1 8.168E-1 5.87332E-1 2.73101E-1 3.56726E-1 3.34363E-1 4.2554E-1 4.49773E-1 3.29302E-1 6.05858E-1 9.55365E-1 9.64522E-1 9.9093E-1 9.88302E-1 9.88102E-1 -9999 -9999 -9999 -9999 -9999 -9999 -9999 -9999 -9999 -9999 -9999 -9999 -9999 -9999 -9999 -9999 -9999 -9999 -9999 -9999 -9999 -9999 -9999 -9999 -9999 -9999 -9999 -9999 -9999 -9999 -9999 -9999 -9999 -9999 -9999 -9999 -9999 -9999 -9999 -9999 -9999 -9999 -9999 -9999 -9999 -9999 -9999 -9999
-9999 8.71617E-1 8.70855E-1 8.28353E-1 8.24956E-1 8.0351E-1 8.20263E-1 6.40223E-1 5.67074E-1 5.75062E-1 7.69739E-1 5.38074E-1 3.7058E-1 3.34499E-1 2.70391E-1 2.41852E-1 1.87276E-1 3.26949E-1 7.08372E-1 8.81941E-1 7.30906E-1 6.52303E-1 9.01046E-1 9.86139E-1 9.90695E-1 -9999 -9999 -9999 -9999 -9999 -9999 -9999 -9999 -9999 -9999 -9999 -9999 -9999 -9999 -9999 -9999 -9999 -9999 -9999 -9999 -9999 -9999 -9999 -9999 -9999 -9999 -9999 -9999 -9999 -9999 -9999 -9999 -9999 -9999 -9999 -9999 -9999 -9999 -9999 -9999 -9999 -9999 -9999 -9999 -9999 -9999 -9999
-9999 8.63092E-1 6.0921E-1 4.73863E-1 5.71978E-1 6.24891E-1 6.05664E-1 5.40866E-1 4.61472E-1 4.15474E-1 5.35551E-1 5.41646E-1 5.8597E-1 5.49533E-1 5.29707E-1 4.60933E-1 3.29221E-1 3.74381E-1 4.75664E-1 6.73145E-1 5.18902E-1 7.24351E-1 7.23126E-1 6.199E-1 9.45714E-1 9.73334E-1 9.90375E-1 9.92203E-1 -9999 -9999 -9999 -9999 -9999 -9999 -9999 -9999 -9999 -9999 -9999 -9999 -9999 -9999 -9999 -9999 -9999 -9999 -9999 -9999 -9999 -9999 -9999 -9999 -9999 -9999 -9999 -9999 -9999 -9999 -9999 -9999 -9999 -9999 -9999 -9999 -9999 -9999 -9999 -9999 -9999 -9999 -9999 -9999
7.05616E-1 6.78513E-1 4.40264E-1 3.21987E-1 3.65641E-1 3.99528E-1 3.68038E-1 3.08303E-1 2.75444E-1 2.93294E-1 3.95122E-1 4.05912E-1 4.27566E-1 4.36536E-1 4.33663E-1 3.71079E-1 3.38088E-1 2.36139E-1 3.69955E-1 3.69535E-1 3.59423E-1 5.25009E-1 4.49261E-1 3.50031E-1 5.92068E-1 6.9285E-1 8.903E-1 9.70071E-1 9.93665E-1 -9999 -9999 -9999 -9999 -9999 -9999 -9999 -9999 -9999 -9999 -9999 -9999 -9999 -9999 -9999 -9999 -9999 -9999 -9999 -9999 -9999 -9999 -9999 -9999 -9999 -9999 -9999 -9999 -9999 -9999 -9999 -9999 -9999 -9999 -9999 -9999 -9999 -9999 -9999 -9999 -9999 -9999 -9999
4.09055E-1 4.45468E-1 4.36043E-1 3.23496E-1 1.95511E-1 1.71071E-1 1.73203E-1 2.38791E-1 1.63392E-1 2.1296E-1 3.08754E-1 2.90288E-1 3.98267E-1 2.9428E-1 2.81458E-1 4.83013E-1 3.22339E-1 2.7249E-1 2.1228E-1 2.12544E-1 2.75859E-1 2.82284E-1 2.33819E-1 2.49541E-1 3.08567E-1 4.00899E-1 6.0733E-1 8.62518E-1 8.99828E-1 9.85065E-1 9.92433E-1 -9999 -9999 -9999 -9999 -9999 -9999 -9999 -9999 -9999 -9999 -9999 -9999 -9999 -9999 -9999 -9999 -9999 -9999 -9999 -9999 -9999 -9999 -9999 -9999 -9999 -9999 -9999 -9999 -9999 -9999 -9999 -9999 -9999 -9999 -9999 -9999 -9999 -9999 -9999 -9999 -9999
3.94868E-1 2.94954E-1 3.54111E-1 2.64696E-1 2.38698E-1 1.49204E-1 1.37573E-1 1.081E-1 1.15068E-1 1.5945E-1 1.92951E-1 2.51396E-1 3.04238E-1 2.38366E-1 3.48364E-1 3.91659E-1 3.71982E-1 3.16887E-1 1.95935E-1 1.565E-1 1.63178E-1 1.22964E-1 1.75232E-1 1.76101E-1 1.55004E-1 3.02987E-1 4.68576E-1 5.95185E-1 7.41049E-1 8.80772E-1 9.69095E-1 9.92534E-1 -9999 -9999 -9999 -9999 -9999 -9999 -9999 -9999 -9999 -9999 -9999 -9999 -9999 -9999 -9999 -9999 -9999 -9999 -9999 -9999 -9999 -9999 -9999 -9999 -9999 -9999 -9999 -9999 -9999 -9999 -9999 -9999 -9999 -9999 -9999 -9999 -9999 -9999 -9999 -9999
5.49972E-1 3.21804E-1 3.49131E-1 2.78549E-1 2.29755E-1 2.4875E-1 1.74925E-1 1.24341E-1 1.39193E-1 1.6377E-1 1.62841E-1 1.67172E-1 1.87996E-1 1.65302E-1 2.31613E-1 1.98237E-1 1.65662E-1 1.25695E-1 1.18461E-1 1.59459E-1 1.6143E-1 1.54168E-1 1.50294E-1 1.45677E-1 1.95016E-1 2.23408E-1 2.90132E-1 5.2101E-1 5.26376E-1 6.12815E-1 6.73706E-1 9.85646E-1 9.95445E-1 -9999 -9999 -9999 -9999 -9999 -9999 -9999 -9999 -9999 -9999 -9999 -9999 -9999 -9999 -9999 -9999 -9999 -9999 -9999 -9999 -9999 -9999 -9999 -9999 -9999 -9999 -9999 -9999 -9999 -9999 -9999 -9999 -9999 -9999 -9999 -9999 -9999 -9999 -9999
6.09824E-1 5.3502E-1 5.46757E-1 4.79054E-1 3.7186E-1 3.25825E-1 2.85907E-1 2.08843E-1 2.29809E-1 2.6942E-1 2.99609E-1 3.2211E-1 2.92943E-1 2.28874E-1 2.25286E-1 1.95268E-1 2.125E-1 1.55562E-1 1.7803E-1 2.55827E-1 2.79555E-1 2.33041E-1 1.84031E-1 1.52061E-1 1.3516E-1 1.50044E-1 1.79364E-1 1.78424E-1 1.95315E-1 4.12523E-1 6.26171E-1 7.8834E-1 9.55549E-1 9.9618E-1 9.96369E-1 9.96625E-1 9.97656E-1 9.97489E-1 9.97986E-1 9.97234E-1 9.96844E-1 9.98041E-1 9.86817E-1 9.99006E-1 9.97275E-1 9.9819E-1 9.93684E-1 9.98496E-1 9.91579E-1 -9999 -9999 -9999 -9999 -9999 -9999 -9999 -9999 -9999 -9999 -9999 -9999 -9999 -9999 -9999 -9999 -9999 -9999 -9999 -9999 -9999 -9999 -9999
6.13343E-1 6.21221E-1 6.13031E-1 5.46877E-1 4.54591E-1 3.44856E-1 2.55862E-1 2.19431E-1 3.01526E-1 3.28816E-1 3.15172E-1 3.48616E-1 2.61792E-1 2.33504E-1 2.29461E-1 2.76938E-1 2.55649E-1 2.62539E-1 2.92219E-1 3.86215E-1 3.89079E-1 3.51127E-1 3.49672E-1 2.96973E-1 2.70388E-1 2.79827E-1 2.51829E-1 2.0169E-1 1.86083E-1 2.48856E-1 3.09575E-1 3.81698E-1 6.13063E-1 8.3518E-1 9.78786E-1 9.73195E-1 9.9386E-1 9.90307E-1 9.97029E-1 9.93494E-1 9.97568E-1 9.9845E-1 9.89352E-1 9.98171E-1 9.60165E-1 8.8175E-1 9.45389E-1 9.97224E-1 9.99042E-1 -9999 -9999 -9999 -9999 -9999 -9999 -9999 -9999 -9999 -9999 -9999 -9999 -9999 -9999 -9999 -9999 -9999 -9999 -9999 -9999 -9999 -9999 -9999
5.07299E-1 4.44019E-1 3.77573E-1 3.64277E-1 3.14651E-1 3.10306E-1 2.96389E-1 2.32089E-1 2.35997E-1 3.13085E-1 3.67669E-1 3.3466E-1 2.81622E-1 2.00527E-1 1.82512E-1 2.30956E-1 1.59337E-1 1.43616E-1 1.4394E-1 1.92653E-1 2.74767E-1 4.54284E-1 5.1301E-1 5.05879E-1 5.05287E-1 5.18941E-1 4.62307E-1 3.94885E-1 3.11728E-1 2.65779E-1 3.54355E-1 6.12457E-1 6.55706E-1 6.81737E-1 8.352E-1 9.19014E-1 9.91042E-1 9.92713E-1 9.89152E-1 9.92529E-1 9.93311E-1 9.97975E-1 9.99288E-1 9.98711E-1 9.91923E-1 8.26366E-1 9.58143E-1 9.86131E-1 9.80896E-1 9.98732E-1 9.87459E-1 -9999 -9999 -9999 -9999 -9999 -9999 -9999 -9999 -9999 -9999 -9999 -9999 -9999 -9999 -9999 -9999 -9999 -9999 -9999 -9999 -9999
2.95143E-1 2.63449E-1 3.17124E-1 3.20164E-1 3.42238E-1 3.20961E-1 3.01536E-1 3.15961E-1 2.68647E-1 2.52937E-1 3.03575E-1 2.95805E-1 3.00612E-1 3.33188E-1 3.69949E-1 2.08122E-1 1.97494E-1 2.53914E-1 2.83307E-1 3.50844E-1 3.78577E-1 4.58552E-1 5.49199E-1 5.39867E-1 5.12919E-1 5.2382E-1 5.20414E-1 4.9062E-1 5.21756E-1 5.71066E-1 5.61855E-1 6.45298E-1 5.17841E-1 4.13095E-1 4.72943E-1 6.92776E-1 6.47406E-1 8.07674E-1 8.31453E-1 8.60071E-1 9.78049E-1 9.97859E-1 9.98739E-1 9.98591E-1 9.92523E-1 9.26603E-1 9.95467E-1 9.7099E-1 9.5557E-1 9.89461E-1 9.91936E-1 9.78438E-1 -9999 -9999 -9999 -9999 -9999 -9999 -9999 -9999 -9999 -9999 -9999 -9999 -9999 -9999 -9999 -9999 -9999 -9999 -9999 -9999
3.2278E-1 3.16927E-1 2.3836E-1 2.9187E-1 3.63094E-1 3.60603E-1 4.10411E-1 3.77537E-1 3.22238E-1 3.24621E-1 2.91989E-1 2.90943E-1 3.33488E-1 3.34647E-1 3.8342E-1 4.09884E-1 3.30767E-1 3.10295E-1 3.09418E-1 2.89146E-1 3.6881E-1 3.8383E-1 4.53667E-1 3.95569E-1 2.76E-1 2.29374E-1 2.28736E-1 2.08146E-1 3.04828E-1 4.04795E-1 4.06966E-1 4.63921E-1 5.33301E-1 5.31307E-1 3.27502E-1 3.82216E-1 5.25063E-1 5.35365E-1 6.56902E-1 6.86027E-1 6.94046E-1 8.43221E-1 9.65056E-1 9.96168E-1 9.9891E-1 9.95378E-1 9.71447E-1 9.4423E-1 9.40743E-1 9.90979E-1 9.75994E-1 9.78582E-1 -9999 -9999 -9999 -9999 -9999 -9999 -9999 -9999 -9999 -9999 -9999 -9999 -9999 -9999 -9999 -9999 -9999 -9999 -9999 -9999
5.02885E-1 4.96707E-1 4.50608E-1 3.93848E-1 4.07307E-1 4.5078E-1 4.25547E-1 3.93782E-1 3.31099E-1 3.12035E-1 2.75465E-1 2.6207E-1 3.40695E-1 3.3605E-1 2.30349E-1 3.18696E-1 3.08178E-1 3.24144E-1 2.89944E-1 2.269E-1 2.07815E-1 2.27195E-1 2.67145E-1 2.94604E-1 2.72204E-1 2.79192E-1 2.63442E-1 2.73444E-1 2.79934E-1 2.47076E-1 2.3538E-1 2.64014E-1 2.64409E-1 4.53203E-1 3.19533E-1 2.30703E-1 3.92199E-1 5.14107E-1 3.09432E-1 6.57184E-1 6.35763E-1 5.46216E-1 7.53925E-1 9.1353E-1 9.7964E-1 9.937E-1 9.35318E-1 9.89549E-1 9.98015E-1 9.92264E-1 9.78057E-1 -9999 -9999 -9999 -9999 -9999 -9999 -9999 -9999 -9999 -9999 -9999 -9999 -9999 -9999 -9999 -9999 8.51691E-1 8.36681E-1 8.21145E-1 7.39162E-1 -9999
5.11669E-1 4.52291E-1 4.07523E-1 4.13272E-1 3.69762E-1 4.42816E-1 3.66527E-1 3.85443E-1 3.55485E-1 3.71565E-1 2.98597E-1 2.59277E-1 2.36583E-1 3.30596E-1 2.59151E-1 2.48085E-1 2.43176E-1 2.80076E-1 2.88666E-1 2.53071E-1 1.91853E-1 2.47309E-1 2.4007E-1 2.83649E-1 3.5364E-1 3.75095E-1 3.86974E-1 3.40894E-1 3.28874E-1 2.61157E-1 2.18498E-1 2.64325E-1 1.90833E-1 2.62161E-1 3.01625E-1 2.08336E-1 4.21509E-1 2.63456E-1 2.40189E-1 3.10989E-1 6.24245E-1 4.90736E-1 5.47854E-1 5.87163E-1 6.74777E-1 9.09899E-1 9.89074E-1 9.81983E-1 9.98245E-1 9.98165E-1 -9999 -9999 -9999 -9999 -9999 -9999 -9999 -9999 -9999 -9999 -9999 -9999 -9999 -9999 -9999 -9999 7.84691E-1 8.77957E-1 9.63873E-1 9.30038E-1 7.61159E-1 -9999
4.35904E-1 4.15689E-1 4.16954E-1 4.0271E-1 3.54948E-1 4.11428E-1 3.51493E-1 3.32804E-1 3.18003E-1 3.4699E-1 3.28221E-1 3.3322E-1 2.66973E-1 2.91036E-1 3.17835E-1 1.99719E-1 1.88988E-1 1.65596E-1 1.58733E-1 1.50484E-1 1.54594E-1 1.92189E-1 2.73882E-1 2.98722E-1 3.29147E-1 2.78539E-1 2.50654E-1 2.74499E-1 2.11522E-1 2.48822E-1 2.67204E-1 2.26909E-1 1.66993E-1 1.94237E-1 3.2094E-1 1.79144E-1 2.89536E-1 2.21945E-1 1.6979E-1 3.56997E-1 6.54088E-1 7.32815E-1 3.84426E-1 3.23089E-1 5.23419E-1 7.16286E-1 7.31499E-1 8.00696E-1 9.21415E-1 9.99196E-1 -9999 -9999 -9999 -9999 -9999 -9999 -9999 -9999 -9999 -9999 -9999 -9999 -9999 -9999 -9999 -9999 7.61228E-1 9.45759E-1 9.0675E-1 8.95112E-1 7.74238E-1 7.43054E-1
5.00653E-1 4.75749E-1 4.81218E-1 4.49706E-1 4.12312E-1 3.60198E-1 3.72764E-1 3.26258E-1 3.20532E-1 3.22874E-1 3.60773E-1 3.56079E-1 3.29756E-1 3.38814E-1 3.25694E-1 2.48259E-1 2.29659E-1 1.42293E-1 1.23496E-1 1.95512E-1 2.3832E-1 2.37049E-1 2.75438E-1 2.85874E-1 2.53312E-1 2.58929E-1 2.8509E-1 3.069E-1 2.77555E-1 3.00576E-1 1.9777E-1 1.65712E-1 1.42331E-1 1.61997E-1 1.84891E-1 1.83419E-1 2.05472E-1 1.66988E-1 3.03715E-1 4.59742E-1 3.32846E-1 5.8314E-1 3.21945E-1 2.60484E-1 2.88572E-1 4.99478E-1 4.91566E-1 4.12519E-1 6.51993E-1 9.76259E-1 -9999 -9999 -9999 -9999 -9999 -9999 -9999 -9999 -9999 -9999 -9999 -9999 -9999 -9999 -9999 -9999 -9999 8.21247E-1 9.39995E-1 9.07251E-1 7.67615E-1 7.123E-1
4.39282E-1 4.01955E-1 4.11258E-1 4.60997E-1 4.00107E-1 3.47392E-1 3.24301E-1 2.96924E-1 2.88262E-1 2.9531E-1 3.17636E-1 3.29806E-1 3.2112E-1 3.84178E-1 3.08091E-1 2.6798E-1 1.88792E-1 1.4937E-1 1.57731E-1 2.74287E-1 2.36659E-1 1.60774E-1 1.51211E-1 1.56662E-1 1.71188E-1 2.09572E-1 2.67296E-1 1.91494E-1 1.87973E-1 1.60427E-1 1.60977E-1 2.24223E-1 1.9642E-1 1.61907E-1 1.71929E-1 1.42336E-1 1.45411E-1 1.60903E-1 2.36818E-1 3.23089E-1 2.25095E-1 3.99642E-1 4.92898E-1 2.90739E-1 2.53118E-1 3.12973E-1 4.86601E-1 2.84325E-1 4.65898E-1 6.69445E-1 9.95926E-1 -9999 -9999 -9999 -9999 -9999 -9999 -9999 -9999 -9999 -9999 -9999 -9999 -9999 -9999 -9999 8.03716E-1 7.10081E-1 8.3579E-1 9.01897E-1 8.09659E-1 7.00972E-1
4.45835E-1 3.66775E-1 3.51381E-1 3.51786E-1 3.49858E-1 3.2699E-1 3.08306E-1 2.97415E-1 2.844E-1 2.77449E-1 2.96132E-1 2.96484E-1 2.66252E-1 3.17462E-1 3.62189E-1 2.55155E-1 2.29949E-1 2.02784E-1 1.92313E-1 2.6882E-1 2.60032E-1 2.28966E-1 1.87079E-1 1.59628E-1 1.31062E-1 1.48964E-1 1.7821E-1 2.09919E-1 1.71498E-1 1.64547E-1 1.67923E-1 2.39724E-1 2.10843E-1 2.25635E-1 2.34135E-1 1.36432E-1 1.48959E-1 1.27474E-1 1.69481E-1 1.99736E-1 1.66328E-1 2.57684E-1 4.50884E-1 4.87849E-1 3.97677E-1 2.34037E-1 3.38996E-1 2.24844E-1 3.03146E-1 4.33685E-1 9.32098E-1 9.99442E-1 -9999 -9999 -9999 -9999 -9999 -9999 -9999 -9999 -9999 -9999 -9999 -9999 -9999 -9999 -9999 -9999 7.43246E-1 6.83556E-1 7.01986E-1 -9999
3.34637E-1 3.21726E-1 3.49259E-1 3.36305E-1 3.16211E-1 3.06032E-1 3.12079E-1 2.85049E-1 2.53008E-1 2.53763E-1 2.62045E-1 2.68357E-1 2.74261E-1 2.78708E-1 3.79621E-1 3.1346E-1 2.55004E-1 1.94698E-1 1.76465E-1 3.14484E-1 2.43901E-1 1.50829E-1 1.05453E-1 1.54055E-1 1.23794E-1 1.68176E-1 1.72411E-1 2.65838E-1 2.02311E-1 2.76869E-1 2.8997E-1 2.71363E-1 2.03749E-1 2.84929E-1 3.00423E-1 1.9653E-1 1.37355E-1 1.70688E-1 1.61311E-1 2.13833E-1 2.04939E-1 2.63367E-1 3.77657E-1 4.73741E-1 3.79531E-1 3.05111E-1 1.80097E-1 1.70689E-1 3.36316E-1 5.23757E-1 8.25816E-1 9.95263E-1 9.99503E-1 -9999 -9999 -9999 -9999 -9999 -9999 -9999 -9999 -9999 -9999 -9999 -9999 -9999 -9999 -9999 -9999 -9999 -9999 -9999
3.11283E-1 2.7305E-1 2.91982E-1 3.43705E-1 3.4036E-1 3.46143E-1 3.50076E-1 3.15524E-1 2.86643E-1 2.69822E-1 2.77294E-1 2.61861E-1 2.74694E-1 3.52204E-1 3.71763E-1 3.25907E-1 3.2563E-1 2.10319E-1 2.60856E-1 2.42886E-1 2.23457E-1 1.41739E-1 1.38866E-1 2.19932E-1 1.79649E-1 2.74527E-1 1.53764E-1 2.05585E-1 3.43195E-1 3.34426E-1 2.59587E-1 1.9748E-1 2.4967E-1 2.30383E-1 2.0073E-1 2.23974E-1 1.40595E-1 1.79865E-1 1.90796E-1 3.47435E-1 3.14797E-1 3.23167E-1 3.24758E-1 2.95532E-1 2.69174E-1 2.5223E-1 2.46193E-1 2.23167E-1 2.20913E-1 2.70727E-1 5.09012E-1 8.01441E-1 9.61188E-1 9.9839E-1 -9999 -9999 -9999 -9999 -9999 -9999 -9999 -9999 -9999 -9999 -9999 -9999 -9999 -9999 -9999 -9999 -9999 -9999
3.49161E-1 2.90399E-1 2.95599E-1 3.13987E-1 3.48629E-1 3.70306E-1 3.72601E-1 3.71602E-1 3.51762E-1 3.13909E-1 2.92086E-1 3.01827E-1 3.22619E-1 3.43147E-1 3.65159E-1 3.47176E-1 2.95756E-1 1.93196E-1 2.15108E-1 2.41955E-1 1.47909E-1 1.34535E-1 2.34545E-1 2.28672E-1 2.60775E-1 3.04916E-1 3.22013E-1 3.12637E-1 2.23854E-1 2.66143E-1 3.70503E-1 3.27769E-1 2.17322E-1 1.66568E-1 1.88024E-1 1.8886E-1 1.56463E-1 2.2569E-1 2.08555E-1 2.73612E-1 3.13781E-1 2.23454E-1 2.14443E-1 2.5535E-1 2.79711E-1 2.36392E-1 1.53811E-1 2.06123E-1 2.82489E-1 2.67701E-1 4.05311E-1 7.1422E-1 8.14701E-1 9.72445E-1 -9999 -9999 -9999 -9999 -9999 -9999 -9999 -9999 -9999 -9999 -9999 -9999 -9999 -9999 -9999 -9999 -9999 -9999
3.40485E-1 3.43305E-1 3.28881E-1 3.19936E-1 2.86416E-1 2.9379E-1 3.04282E-1 2.96445E-1 3.24364E-1 3.27144E-1 3.07927E-1 3.1912E-1 3.39612E-1 3.95929E-1 4.05461E-1 4.13331E-1 3.64364E-1 2.51802E-1 2.03591E-1 2.75668E-1 2.43068E-1 1.44369E-1 2.40167E-1 2.27521E-1 3.41128E-1 4.12325E-1 3.49287E-1 2.93129E-1 2.79244E-1 2.55728E-1 2.56288E-1 2.40588E-1 3.27281E-1 3.22746E-1 2.09518E-1 2.14566E-1 1.76146E-1 2.52662E-1 2.08589E-1 2.62102E-1 2.75567E-1 2.12339E-1 2.40602E-1 1.70053E-1 2.36354E-1 2.36036E-1 1.9441E-1 1.68943E-1 4.06824E-1 2.61681E-1 3.01878E-1 6.20484E-1 9.41894E-1 9.89906E-1 9.90309E-1 -9999 -9999 -9999 -9999 -9999 -9999 -9999 -9999 -9999 -9999 -9999 -9999 -9999 -9999 -9999 -9999 -9999
3.47561E-1 3.38772E-1 3.52866E-1 3.59634E-1 3.15597E-1 2.87092E-1 2.72212E-1 2.89185E-1 3.07072E-1 3.39097E-1 3.5291E-1 3.64645E-1 3.72335E-1 4.14687E-1 5.0486E-1 4.91269E-1 4.87047E-1 4.44556E-1 3.52487E-1 2.75487E-1 2.63354E-1 2.15511E-1 1.51815E-1 2.69488E-1 4.01073E-1 3.56682E-1 2.64751E-1 2.48185E-1 2.70639E-1 3.25256E-1 2.94141E-1 2.86025E-1 2.04957E-1 2.57576E-1 3.1792E-1 3.09791E-1 2.40985E-1 3.19443E-1 2.50899E-1 1.75318E-1 1.76471E-1 2.03464E-1 2.3718E-1 1.79984E-1 1.72024E-1 2.81737E-1 1.68604E-1 1.75999E-1 3.4323E-1 4.1537E-1 2.00276E-1 4.03441E-1 7.60462E-1 9.8842E-1 9.84911E-1 -9999 -9999 -9999 -9999 -9999 -9999 -9999 -9999 -9999 -9999 -9999 -9999 -9999 -9999 -9999 -9999 -9999
4.04907E-1 3.37303E-1 3.53045E-1 4.33035E-1 3.4858E-1 2.88075E-1 3.01428E-1 3.16119E-1 3.43654E-1 3.37411E-1 3.98038E-1 3.89486E-1 3.99038E-1 4.35152E-1 4.58956E-1 4.71982E-1 5.08623E-1 4.86336E-1 3.78405E-1 3.23198E-1 2.15724E-1 1.79948E-1 2.71288E-1 2.85989E-1 1.8712E-1 1.86645E-1 2.12714E-1 3.14374E-1 2.78623E-1 2.62127E-1 2.47228E-1 2.45812E-1 2.27185E-1 1.77184E-1 1.56858E-1 2.37865E-1 1.55712E-1 3.15229E-1 2.024E-1 1.29796E-1 1.33036E-1 2.46868E-1 2.56144E-1 2.20078E-1 1.44626E-1 1.94464E-1 1.98585E-1 2.12964E-1 2.80733E-1 6.02705E-1 3.49719E-1 3.22525E-1 5.99571E-1 9.82848E-1 -9999 -9999 -9999 -9999 -9999 -9999 -9999 -9999 -9999 -9999 -9999 -9999 -9999 -9999 -9999 -9999 -9999 -9999
5.09825E-1 3.8281E-1 4.29849E-1 4.88613E-1 5.33008E-1 3.64542E-1 3.35517E-1 3.64001E-1 3.67695E-1 3.88671E-1 3.98716E-1 4.77626E-1 4.71666E-1 4.72384E-1 5.2213E-1 4.85066E-1 5.00865E-1 4.82642E-1 4.136E-1 3.8112E-1 3.28813E-1 2.31602E-1 2.76648E-1 2.15369E-1 2.11415E-1 2.13195E-1 2.88065E-1 2.47734E-1 2.51805E-1 2.79151E-1 2.65939E-1 2.45207E-1 2.15775E-1 2.06015E-1 2.02008E-1 2.05465E-1 1.7549E-1 2.35793E-1 1.45544E-1 1.47029E-1 1.75219E-1 1.49915E-1 1.21198E-1 1.44748E-1 1.48241E-1 1.58653E-1 1.62945E-1 1.95935E-1 3.08111E-1 5.42697E-1 6.35597E-1 4.85339E-1 8.49707E-1 9.849E-1 -9999 -9999 -9999 -9999 -9999 -9999 -9999 -9999 -9999 -9999 -9999 -9999 -9999 -9999 -9999 -9999 -9999 -9999
5.56585E-1 5.46189E-1 5.28904E-1 5.37287E-1 5.69569E-1 5.64321E-1 4.52915E-1 4.12987E-1 4.18392E-1 4.20072E-1 4.78064E-1 5.16633E-1 4.5306E-1 4.21297E-1 4.98835E-1 4.80949E-1 4.93224E-1 3.8886E-1 3.48183E-1 4.54779E-1 3.74226E-1 3.21622E-1 2.93056E-1 2.44231E-1 2.7153E-1 3.06513E-1 3.16606E-1 3.02069E-1 3.37858E-1 3.60354E-1 3.77033E-1 3.32873E-1 2.9348E-1 2.50043E-1 2.41975E-1 2.65664E-1 2.43096E-1 2.46329E-1 2.04713E-1 1.81476E-1 2.19206E-1 1.64719E-1 1.45444E-1 1.25828E-1 1.89226E-1 2.13884E-1 1.74872E-1 3.14815E-1 4.51061E-1 4.21537E-1 6.52858E-1 8.50976E-1 9.28807E-1 9.81822E-1 -9999 -9999 -9999 -9999 -9999 -9999 -9999 -9999 -9999 -9999 -9999 -9999 -9999 -9999 -9999 -9999 -9999 -9999
5.4778E-1 5.65476E-1 5.66121E-1 5.74487E-1 5.49035E-1 5.41337E-1 5.13588E-1 4.81226E-1 4.39262E-1 4.49295E-1 4.92378E-1 5.03742E-1 4.645E-1 4.39864E-1 4.54155E-1 5.45095E-1 4.43674E-1 4.06306E-1 3.74313E-1 4.75578E-1 4.20449E-1 4.24934E-1 3.30275E-1 3.11177E-1 3.31157E-1 3.21449E-1 3.3273E-1 3.88553E-1 3.81862E-1 4.23759E-1 4.34587E-1 4.15E-1 3.61496E-1 3.58862E-1 2.83812E-1 3.13369E-1 2.90734E-1 2.7413E-1 2.73952E-1 2.95081E-1 2.89274E-1 2.36487E-1 1.7956E-1 1.78891E-1 2.19921E-1 2.3513E-1 1.68872E-1 2.50694E-1 2.67669E-1 3.87713E-1 6.79797E-1 8.54724E-1 9.64625E-1 9.78684E-1 -9999 -9999 -9999 -9999 -9999 -9999 -9999 -9999 -9999 -9999 -9999 -9999 -9999 -9999 -9999 -9999 -9999 -9999
5.43091E-1 5.62755E-1 5.88504E-1 5.64595E-1 5.29081E-1 5.06957E-1 5.2387E-1 5.23038E-1 5.01591E-1 5.14974E-1 5.53403E-1 5.20723E-1 5.20255E-1 4.32676E-1 4.27746E-1 5.4351E-1 4.72176E-1 4.00003E-1 4.51853E-1 4.59821E-1 3.78096E-1 5.09375E-1 3.8938E-1 3.53407E-1 3.70034E-1 3.49529E-1 3.45114E-1 3.68992E-1 4.2557E-1 4.53282E-1 5.67201E-1 5.9625E-1 4.92494E-1 4.37351E-1 4.26182E-1 3.70018E-1 3.50042E-1 3.46775E-1 2.91542E-1 3.03235E-1 3.67848E-1 4.00519E-1 2.91792E-1 2.6019E-1 3.06401E-1 2.54052E-1 2.87704E-1 2.57367E-1 3.33293E-1 5.55699E-1 8.59681E-1 8.9875E-1 9.55934E-1 9.68739E-1 -9999 -9999 -9999 -9999 -9999 -9999 -9999 -9999 -9999 -9999 -9999 -9999 -9999 -9999 -9999 -9999 -9999 -9999
5.76479E-1 5.92316E-1 5.8347E-1 5.51216E-1 5.21789E-1 5.3378E-1 5.44192E-1 5.16776E-1 4.94532E-1 5.41358E-1 5.64E-1 5.05987E-1 4.70385E-1 4.04547E-1 4.43492E-1 5.21194E-1 5.01489E-1 4.20638E-1 4.7488E-1 4.39108E-1 3.94238E-1 5.2035E-1 4.81138E-1 4.09994E-1 4.37887E-1 4.49734E-1 3.86323E-1 3.92388E-1 4.46075E-1 5.41082E-1 6.05264E-1 6.22231E-1 6.00938E-1 5.7226E-1 5.32765E-1 4.96011E-1 4.89477E-1 4.81255E-1 4.57253E-1 4.49804E-1 4.64653E-1 5.54251E-1 5.7427E-1 5.19099E-1 5.0228E-1 4.62815E-1 1.95648E-1 3.93682E-1 5.71952E-1 7.09247E-1 8.86977E-1 9.44387E-1 9.55295E-1 -9999 -9999 -9999 -9999 -9999 -9999 -9999 -9999 -9999 -9999 -9999 -9999 -9999 -9999 -9999 -9999 -9999 -9999 -9999
