Artocarpus altilis SDM files/MIS19/results (with bias file)/Artalt_stddev.asc
ncols         1201
nrows         481
xllcorner     119.99986351115
yllcorner     -15.00013828885
cellsize      0.041666667
NODATA_value  -9999
[rows 416 to 447 of 481, columns 360 to 431 of 1201]
4.91769E-2 5.11263E-2 6.64893E-2 6.12385E-2 6.34311E-2 6.27517E-2 6.55613E-2 9.41921E-2 1.06188E-1 1.05828E-1 1.17682E-1 1.17577E-1 1.10341E-1 1.10194E-1 9.0481E-2 7.30961E-2 6.30108E-2 6.88235E-2 8.34074E-2 1.15104E-1 9.36237E-2 7.60929E-2 8.11083E-2 9.294E-2 6.06882E-2 6.31027E-2 -9999 -9999 -9999 -9999 -9999 5.96643E-2 7.16975E-2 6.94311E-2 9.08802E-2 8.07516E-2 7.77163E-2 6.86525E-2 7.1972E-2 7.46806E-2 6.06643E-2 7.76644E-2 7.61024E-2 7.75662E-2 7.04612E-2 6.78455E-2 5.35839E-2 -9999 -9999 -9999 -9999 -9999 -9999 -9999 -9999 -9999 -9999 -9999 -9999 -9999 -9999 -9999 -9999 -9999 -9999 -9999 -9999 -9999 -9999 -9999 -9999 -9999
4.48935E-2 5.09927E-2 7.8317E-2 8.56048E-2 7.52386E-2 8.54819E-2 6.6272E-2 6.65094E-2 9.68555E-2 9.62433E-2 1.07541E-1 1.05458E-1 1.01891E-1 1.04533E-1 1.01423E-1 5.49852E-2 6.07573E-2 8.0928E-2 1.15147E-1 1.02995E-1 9.2404E-2 7.41158E-2 7.33315E-2 6.86969E-2 5.68966E-2 -9999 -9999 -9999 -9999 -9999 -9999 6.98964E-2 8.16147E-2 6.59769E-2 8.91495E-2 8.18596E-2 7.86514E-2 6.52891E-2 6.42645E-2 7.09196E-2 6.31893E-2 7.63623E-2 7.12172E-2 6.90524E-2 6.77928E-2 4.85206E-2 3.75399E-2 4.11678E-2 -9999 -9999 -9999 -9999 -9999 -9999 -9999 -9999 -9999 -9999 -9999 -9999 -9999 -9999 -9999 -9999 -9999 -9999 -9999 -9999 -9999 -9999 -9999 -9999
4.10489E-2 7.23536E-2 6.91338E-2 8.03655E-2 9.44733E-2 9.45685E-2 7.11718E-2 6.08556E-2 6.29762E-2 5.83411E-2 7.30414E-2 8.69383E-2 8.91826E-2 1.01781E-1 7.66584E-2 5.34607E-2 6.25749E-2 1.10068E-1 1.1383E-1 9.20385E-2 8.69597E-2 6.86866E-2 5.64805E-2 5.57743E-2 5.59543E-2 -9999 -9999 -9999 -9999 -9999 6.70658E-2 6.77567E-2 7.7219E-2 7.79458E-2 8.22941E-2 7.51107E-2 6.90222E-2 6.30004E-2 6.11553E-2 6.6143E-2 6.60718E-2 6.3216E-2 6.64027E-2 6.5667E-2 6.71741E-2 4.48086E-2 3.55078E-2 3.57348E-2 -9999 -9999 -9999 -9999 -9999 -9999 -9999 -9999 -9999 -9999 -9999 -9999 -9999 -9999 -9999 -9999 -9999 -9999 -9999 -9999 -9999 -9999 -9999 -9999
3.03818E-2 3.48869E-2 7.93827E-2 9.42202E-2 9.36741E-2 9.11729E-2 8.73413E-2 7.06793E-2 5.98998E-2 7.73987E-2 7.44814E-2 8.90375E-2 1.01636E-1 9.79499E-2 8.78603E-2 5.42398E-2 9.05373E-2 1.01522E-1 9.5097E-2 8.66807E-2 7.95416E-2 6.59018E-2 5.35774E-2 5.56657E-2 5.32284E-2 5.54108E-2 5.52746E-2 6.52266E-2 -9999 6.52661E-2 6.61647E-2 6.86937E-2 7.9345E-2 7.59764E-2 8.10487E-2 7.40905E-2 6.94688E-2 6.15379E-2 5.96858E-2 6.22605E-2 5.02669E-2 5.18213E-2 4.13363E-2 4.2723E-2 4.32348E-2 3.25528E-2 -9999 -9999 -9999 -9999 -9999 -9999 -9999 -9999 -9999 -9999 -9999 -9999 -9999 -9999 -9999 -9999 -9999 -9999 -9999 -9999 -9999 -9999 -9999 -9999 -9999 -9999
3.14068E-2 4.34276E-2 4.94476E-2 7.27666E-2 1.04041E-1 1.00533E-1 9.95798E-2 8.00678E-2 8.61751E-2 8.59138E-2 8.21441E-2 8.75851E-2 9.69827E-2 9.38601E-2 7.30665E-2 9.36514E-2 7.83352E-2 9.54317E-2 8.98986E-2 8.40706E-2 7.70666E-2 6.33048E-2 5.28485E-2 5.29493E-2 5.39315E-2 6.56558E-2 6.60519E-2 6.23834E-2 6.05789E-2 6.08695E-2 6.35034E-2 7.75458E-2 8.01333E-2 7.78637E-2 7.63714E-2 7.22576E-2 6.7348E-2 6.18548E-2 5.22624E-2 5.56975E-2 6.73018E-2 4.0169E-2 3.20975E-2 4.50905E-2 3.50972E-2 -9999 -9999 -9999 -9999 -9999 -9999 -9999 -9999 -9999 -9999 -9999 -9999 -9999 -9999 -9999 -9999 -9999 -9999 -9999 -9999 -9999 -9999 -9999 -9999 -9999 -9999 -9999
2.86415E-2 3.07591E-2 3.17652E-2 4.33057E-2 5.27063E-2 9.61325E-2 9.53932E-2 9.06573E-2 9.11134E-2 9.49071E-2 9.44222E-2 9.36561E-2 9.45496E-2 9.79919E-2 9.44615E-2 8.39466E-2 8.72434E-2 8.69657E-2 9.19999E-2 8.06409E-2 7.39417E-2 6.26597E-2 6.73082E-2 6.4589E-2 6.5051E-2 6.54891E-2 7.79301E-2 5.81784E-2 5.83812E-2 5.89404E-2 6.14316E-2 7.94079E-2 7.81466E-2 7.62089E-2 7.2112E-2 7.05335E-2 6.62021E-2 6.07946E-2 5.7588E-2 5.53075E-2 6.34104E-2 5.26147E-2 4.72338E-2 4.58996E-2 3.52928E-2 3.50933E-2 -9999 -9999 -9999 -9999 -9999 -9999 -9999 -9999 -9999 -9999 -9999 -9999 -9999 -9999 -9999 -9999 -9999 -9999 -9999 -9999 -9999 -9999 -9999 -9999 -9999 -9999
2.60419E-2 2.67942E-2 2.96695E-2 8.0138E-2 7.5274E-2 9.07087E-2 8.9957E-2 8.6967E-2 8.62951E-2 8.1257E-2 8.66846E-2 8.86092E-2 9.19931E-2 9.41411E-2 8.57859E-2 7.97817E-2 8.80035E-2 8.54545E-2 8.80408E-2 7.50274E-2 7.07472E-2 7.8524E-2 7.56488E-2 7.33641E-2 6.24309E-2 8.02843E-2 7.58191E-2 6.81855E-2 5.34638E-2 5.63748E-2 7.23113E-2 7.74396E-2 7.66276E-2 7.16372E-2 7.06127E-2 6.59839E-2 6.26294E-2 5.66059E-2 5.92038E-2 5.50111E-2 3.48796E-2 3.72998E-2 3.9165E-2 -9999 -9999 -9999 -9999 -9999 -9999 -9999 -9999 -9999 -9999 -9999 -9999 -9999 -9999 -9999 -9999 -9999 -9999 -9999 -9999 -9999 -9999 -9999 -9999 -9999 -9999 -9999 -9999 -9999
2.27284E-2 2.45517E-2 2.44788E-2 3.03785E-2 2.64227E-2 6.56279E-2 5.23376E-2 5.76203E-2 3.91669E-2 3.84709E-2 5.91615E-2 6.5148E-2 8.30989E-2 8.56421E-2 7.95022E-2 7.45737E-2 7.44749E-2 7.61667E-2 7.73368E-2 7.12769E-2 7.02085E-2 7.95622E-2 7.48428E-2 7.50761E-2 7.18037E-2 7.36734E-2 6.25363E-2 6.33073E-2 4.85344E-2 6.66639E-2 6.75632E-2 7.28673E-2 6.88428E-2 6.46484E-2 6.36189E-2 5.81713E-2 4.82355E-2 4.54225E-2 4.9783E-2 4.47342E-2 3.41722E-2 3.79579E-2 3.77039E-2 -9999 -9999 -9999 -9999 -9999 -9999 -9999 -9999 -9999 -9999 -9999 -9999 -9999 -9999 -9999 -9999 -9999 -9999 -9999 -9999 -9999 -9999 -9999 -9999 -9999 -9999 -9999 -9999 -9999
2.06527E-2 2.35953E-2 2.98961E-2 2.24952E-2 2.73763E-2 3.35775E-2 2.13988E-2 3.26635E-2 4.568E-2 5.22664E-2 8.5162E-2 8.65059E-2 8.70545E-2 7.92576E-2 7.37036E-2 6.62006E-2 6.89453E-2 7.12071E-2 7.13859E-2 6.93797E-2 7.44058E-2 6.99212E-2 6.99724E-2 7.01887E-2 7.27447E-2 6.63742E-2 6.42992E-2 4.21389E-2 4.82616E-2 6.6377E-2 6.52488E-2 7.09454E-2 6.46835E-2 6.10823E-2 5.42696E-2 4.70531E-2 4.43759E-2 3.87151E-2 3.98596E-2 5.46574E-2 3.27094E-2 -9999 -9999 -9999 -9999 -9999 -9999 -9999 -9999 -9999 -9999 -9999 -9999 -9999 -9999 -9999 -9999 -9999 -9999 -9999 -9999 -9999 -9999 -9999 -9999 -9999 -9999 -9999 -9999 -9999 -9999 -9999
1.86698E-2 2.17938E-2 2.58292E-2 2.61586E-2 2.80655E-2 2.80188E-2 4.09868E-2 5.13452E-2 6.38273E-2 6.18159E-2 8.20306E-2 7.57502E-2 7.51744E-2 7.56803E-2 6.56894E-2 6.31502E-2 6.23863E-2 6.55408E-2 6.9012E-2 6.35334E-2 6.69014E-2 6.69157E-2 6.51404E-2 6.60047E-2 6.62839E-2 5.74728E-2 5.95448E-2 5.28298E-2 4.91896E-2 6.88305E-2 6.53002E-2 6.02973E-2 6.03592E-2 5.50952E-2 4.28314E-2 4.26521E-2 4.20463E-2 3.9442E-2 2.98753E-2 3.1896E-2 4.26201E-2 -9999 -9999 -9999 -9999 -9999 -9999 -9999 -9999 -9999 -9999 -9999 -9999 -9999 -9999 -9999 -9999 -9999 -9999 -9999 -9999 -9999 -9999 -9999 -9999 -9999 -9999 -9999 -9999 -9999 -9999 -9999
2.40451E-2 2.66358E-2 3.65948E-2 3.80126E-2 3.99321E-2 6.18917E-2 7.57012E-2 7.32254E-2 7.3026E-2 7.19568E-2 5.91304E-2 6.00719E-2 6.39295E-2 7.02393E-2 6.05827E-2 5.46777E-2 5.54975E-2 5.84594E-2 5.82719E-2 5.95534E-2 5.90804E-2 5.98766E-2 5.83535E-2 5.89028E-2 5.50957E-2 5.69923E-2 5.88959E-2 6.21628E-2 6.52493E-2 6.65192E-2 5.89001E-2 5.56243E-2 5.26469E-2 4.1629E-2 3.57707E-2 3.57718E-2 3.65019E-2 4.25728E-2 3.15532E-2 3.06504E-2 3.15358E-2 3.28811E-2 -9999 -9999 -9999 -9999 -9999 -9999 -9999 -9999 -9999 -9999 -9999 -9999 -9999 -9999 -9999 -9999 -9999 -9999 -9999 -9999 -9999 -9999 -9999 -9999 -9999 -9999 -9999 -9999 -9999 -9999
3.21934E-2 2.62491E-2 4.38016E-2 5.42244E-2 3.42402E-2 4.71173E-2 7.42755E-2 6.90895E-2 5.96213E-2 6.59062E-2 6.08424E-2 6.3096E-2 6.08857E-2 6.21578E-2 5.15547E-2 4.00606E-2 4.45606E-2 5.33526E-2 4.28647E-2 4.34559E-2 5.06361E-2 5.25521E-2 4.85158E-2 5.07199E-2 4.51014E-2 4.61341E-2 4.71146E-2 5.29898E-2 5.49387E-2 5.6324E-2 5.26154E-2 5.24419E-2 5.32458E-2 4.76951E-2 3.97661E-2 2.80893E-2 4.31252E-2 2.99289E-2 3.13797E-2 2.96222E-2 3.05468E-2 3.02888E-2 -9999 -9999 -9999 -9999 -9999 -9999 -9999 -9999 -9999 -9999 -9999 -9999 -9999 -9999 -9999 -9999 -9999 -9999 -9999 -9999 -9999 -9999 -9999 -9999 -9999 -9999 -9999 -9999 -9999 -9999
4.51493E-2 1.83174E-2 2.13511E-2 4.84184E-2 5.81195E-2 4.16829E-2 5.99025E-2 6.51395E-2 6.39816E-2 5.80063E-2 6.01844E-2 5.28449E-2 5.5294E-2 5.9559E-2 4.81048E-2 3.91066E-2 4.35716E-2 4.71024E-2 4.21509E-2 4.27617E-2 4.26627E-2 4.54908E-2 4.26506E-2 4.18069E-2 4.06113E-2 4.3112E-2 4.1688E-2 4.27323E-2 4.5407E-2 4.39396E-2 4.17806E-2 3.78294E-2 3.91937E-2 4.1716E-2 3.68432E-2 3.45422E-2 2.83741E-2 3.08173E-2 3.10188E-2 -9999 -9999 -9999 -9999 -9999 -9999 -9999 -9999 -9999 -9999 -9999 -9999 -9999 -9999 -9999 -9999 -9999 -9999 -9999 -9999 -9999 -9999 -9999 -9999 -9999 -9999 -9999 -9999 -9999 -9999 -9999 -9999 -9999
1.97054E-2 1.60054E-2 2.81877E-2 5.47811E-2 6.5116E-2 5.34258E-2 4.18875E-2 5.2613E-2 5.785E-2 5.35554E-2 5.2133E-2 3.81132E-2 4.85229E-2 5.24201E-2 3.83189E-2 3.11509E-2 3.61829E-2 4.23666E-2 4.17348E-2 3.98903E-2 4.58249E-2 3.75591E-2 4.10138E-2 4.16514E-2 4.22018E-2 4.53123E-2 4.42715E-2 3.83362E-2 4.63009E-2 4.63616E-2 3.83379E-2 3.46689E-2 3.52861E-2 4.12524E-2 3.50598E-2 2.72674E-2 3.7236E-2 -9999 2.64238E-2 2.66598E-2 2.66598E-2 -9999 -9999 -9999 -9999 -9999 -9999 -9999 -9999 -9999 -9999 -9999 -9999 -9999 -9999 -9999 -9999 -9999 -9999 -9999 -9999 -9999 -9999 -9999 -9999 -9999 -9999 -9999 -9999 -9999 -9999 -9999
2.04924E-2 1.56262E-2 5.09859E-2 4.67525E-2 5.51779E-2 4.45702E-2 4.05134E-2 4.80572E-2 5.55995E-2 4.63232E-2 3.46225E-2 3.80111E-2 5.18518E-2 4.62822E-2 3.54093E-2 3.09071E-2 2.80757E-2 3.92074E-2 3.95903E-2 3.87383E-2 4.30969E-2 3.87625E-2 3.37777E-2 3.25882E-2 3.36472E-2 3.54348E-2 3.48074E-2 2.88827E-2 4.04618E-2 3.8177E-2 3.43598E-2 3.01666E-2 2.8801E-2 4.0975E-2 3.94401E-2 3.86059E-2 4.09435E-2 2.62571E-2 -9999 2.6173E-2 2.75264E-2 2.72965E-2 -9999 -9999 -9999 -9999 -9999 -9999 -9999 -9999 -9999 -9999 -9999 -9999 -9999 -9999 -9999 -9999 -9999 -9999 -9999 -9999 -9999 -9999 -9999 -9999 -9999 -9999 -9999 -9999 -9999 -9999
1.0977E-2 1.75704E-2 2.7178E-2 3.19821E-2 3.62579E-2 3.64105E-2 4.12732E-2 4.39556E-2 4.93114E-2 3.98012E-2 2.86094E-2 3.7775E-2 4.32867E-2 3.78722E-2 2.63988E-2 3.26659E-2 2.80168E-2 4.13143E-2 3.42679E-2 3.04472E-2 3.66446E-2 3.25948E-2 2.72614E-2 2.70815E-2 3.22116E-2 3.14314E-2 3.4935E-2 2.89717E-2 2.62349E-2 3.54796E-2 2.96289E-2 2.60796E-2 3.47039E-2 4.18707E-2 2.70426E-2 3.57459E-2 3.89639E-2 3.41191E-2 3.55176E-2 2.38338E-2 -9999 -9999 -9999 -9999 -9999 -9999 -9999 -9999 -9999 -9999 -9999 -9999 -9999 -9999 -9999 -9999 -9999 -9999 -9999 -9999 -9999 -9999 -9999 -9999 -9999 -9999 -9999 -9999 -9999 -9999 -9999 -9999
1.06998E-2 1.6251E-2 2.23028E-2 2.20056E-2 3.04647E-2 3.32005E-2 3.69126E-2 3.90769E-2 3.74588E-2 3.17007E-2 2.96265E-2 4.10153E-2 3.69541E-2 2.69794E-2 2.1473E-2 2.27574E-2 2.36215E-2 3.8003E-2 3.11263E-2 3.01527E-2 2.71551E-2 2.68148E-2 2.51682E-2 2.00364E-2 2.52059E-2 2.7358E-2 3.81331E-2 2.74738E-2 2.65082E-2 3.52196E-2 3.16893E-2 2.62848E-2 3.0986E-2 3.54459E-2 2.6735E-2 1.98935E-2 2.56031E-2 2.71915E-2 2.34024E-2 2.36693E-2 -9999 -9999 -9999 -9999 -9999 -9999 -9999 -9999 -9999 -9999 -9999 -9999 -9999 -9999 -9999 -9999 -9999 -9999 -9999 -9999 -9999 -9999 -9999 -9999 -9999 -9999 -9999 -9999 -9999 -9999 -9999 -9999
1.06278E-2 1.63455E-2 2.21091E-2 3.50626E-2 3.78193E-2 3.3063E-2 3.49422E-2 3.47456E-2 3.03959E-2 3.17167E-2 3.5216E-2 3.68157E-2 3.07424E-2 2.70162E-2 2.14015E-2 1.74132E-2 1.72706E-2 3.67615E-2 2.36822E-2 2.66143E-2 2.51034E-2 1.80208E-2 1.91084E-2 2.23948E-2 1.90726E-2 2.63105E-2 2.79787E-2 2.59191E-2 1.90652E-2 2.88612E-2 2.54508E-2 1.87884E-2 1.93556E-2 2.73227E-2 3.80379E-2 2.72047E-2 2.76106E-2 2.06886E-2 2.02071E-2 2.23239E-2 -9999 -9999 -9999 -9999 -9999 -9999 -9999 -9999 -9999 -9999 -9999 -9999 -9999 -9999 -9999 -9999 -9999 -9999 -9999 -9999 -9999 -9999 -9999 -9999 -9999 -9999 -9999 -9999 -9999 -9999 -9999 -9999
1.29575E-2 1.45939E-2 2.05738E-2 2.56244E-2 2.94154E-2 3.06404E-2 2.86797E-2 2.44223E-2 2.29651E-2 2.74181E-2 3.4122E-2 2.07064E-2 2.16641E-2 2.09053E-2 1.37911E-2 1.55079E-2 1.60424E-2 3.40124E-2 2.34325E-2 1.66456E-2 1.81198E-2 1.84488E-2 1.801E-2 1.87523E-2 2.09091E-2 3.09362E-2 2.6788E-2 1.84193E-2 1.79602E-2 2.89604E-2 2.60799E-2 1.77387E-2 1.7629E-2 2.36254E-2 2.98066E-2 2.66615E-2 1.98581E-2 2.14187E-2 -9999 -9999 -9999 -9999 -9999 -9999 -9999 -9999 -9999 -9999 -9999 -9999 -9999 -9999 -9999 -9999 -9999 -9999 -9999 -9999 -9999 -9999 -9999 -9999 -9999 -9999 -9999 -9999 -9999 -9999 -9999 -9999 -9999 -9999
1.43034E-2 1.29657E-2 1.61778E-2 2.26571E-2 2.66218E-2 2.42229E-2 1.88011E-2 2.18606E-2 2.43918E-2 2.7839E-2 2.95013E-2 2.72031E-2 2.57852E-2 2.09118E-2 1.91465E-2 1.54357E-2 1.24288E-2 1.69912E-2 1.56183E-2 1.59023E-2 1.27889E-2 1.9574E-2 1.73932E-2 1.3443E-2 1.80776E-2 1.915E-2 1.76107E-2 1.75777E-2 1.799E-2 2.36627E-2 2.31594E-2 1.71935E-2 1.82506E-2 2.51421E-2 3.13511E-2 2.45179E-2 1.90687E-2 1.91663E-2 -9999 -9999 -9999 -9999 -9999 -9999 -9999 -9999 -9999 -9999 -9999 -9999 -9999 -9999 -9999 -9999 -9999 -9999 -9999 -9999 -9999 -9999 -9999 -9999 -9999 -9999 -9999 -9999 -9999 -9999 -9999 -9999 -9999 -9999
1.90307E-2 1.83735E-2 1.45186E-2 1.50725E-2 1.80236E-2 2.0361E-2 2.05448E-2 2.32191E-2 2.95034E-2 3.46976E-2 3.33518E-2 3.07225E-2 2.79019E-2 1.91294E-2 1.36938E-2 1.47672E-2 1.71835E-2 2.67085E-2 2.93399E-2 1.60182E-2 1.21866E-2 1.73312E-2 1.76837E-2 1.67727E-2 1.31413E-2 1.86546E-2 1.65787E-2 1.61329E-2 1.87717E-2 1.7023E-2 1.62531E-2 1.70501E-2 1.72308E-2 2.49221E-2 2.86698E-2 1.74435E-2 1.70948E-2 -9999 -9999 -9999 -9999 -9999 -9999 -9999 -9999 -9999 -9999 -9999 -9999 -9999 -9999 -9999 -9999 -9999 -9999 -9999 -9999 -9999 -9999 -9999 -9999 -9999 -9999 -9999 -9999 -9999 -9999 -9999 -9999 -9999 -9999 -9999
1.06231E-2 2.23452E-2 2.29128E-2 1.99467E-2 1.83325E-2 2.03321E-2 2.25053E-2 2.58379E-2 3.33305E-2 3.00049E-2 2.71763E-2 2.40646E-2 2.00671E-2 1.81373E-2 1.88806E-2 1.49742E-2 1.55216E-2 2.9587E-2 2.35752E-2 1.59989E-2 1.24295E-2 1.13714E-2 1.61611E-2 1.20577E-2 1.83525E-2 1.83228E-2 1.55827E-2 1.64247E-2 1.83446E-2 1.61527E-2 1.48819E-2 1.50193E-2 1.52406E-2 2.23838E-2 2.39767E-2 1.68967E-2 -9999 -9999 -9999 -9999 -9999 -9999 -9999 -9999 -9999 -9999 -9999 -9999 -9999 -9999 -9999 -9999 -9999 -9999 -9999 -9999 -9999 -9999 -9999 -9999 -9999 -9999 -9999 -9999 -9999 -9999 -9999 -9999 -9999 -9999 -9999 -9999
1.32379E-2 2.41899E-2 2.3084E-2 2.12997E-2 1.8314E-2 2.09781E-2 2.54754E-2 2.65564E-2 2.66827E-2 2.1336E-2 2.16878E-2 1.7289E-2 1.81611E-2 1.53082E-2 1.50622E-2 1.29238E-2 2.15513E-2 2.41436E-2 2.03915E-2 1.34547E-2 1.06451E-2 1.08643E-2 1.1428E-2 1.14738E-2 1.63427E-2 1.5062E-2 1.13352E-2 1.5788E-2 1.61636E-2 1.49065E-2 -9999 -9999 1.65547E-2 1.51109E-2 1.45533E-2 1.60301E-2 -9999 -9999 -9999 -9999 -9999 -9999 -9999 -9999 -9999 -9999 -9999 -9999 -9999 -9999 -9999 -9999 -9999 -9999 -9999 -9999 -9999 -9999 -9999 -9999 -9999 -9999 -9999 -9999 -9999 -9999 -9999 -9999 -9999 -9999 -9999 -9999
1.78413E-2 1.8044E-2 1.96842E-2 1.88923E-2 1.7532E-2 2.1173E-2 2.43167E-2 2.35555E-2 1.66102E-2 1.30304E-2 1.31791E-2 1.11218E-2 1.25192E-2 1.45855E-2 1.52706E-2 1.60796E-2 2.65462E-2 2.21192E-2 1.67399E-2 1.26126E-2 1.44502E-2 1.11042E-2 1.12985E-2 1.50273E-2 1.28747E-2 1.66132E-2 -9999 1.55516E-2 1.40314E-2 -9999 -9999 1.59729E-2 2.20924E-2 1.52062E-2 1.37737E-2 1.4163E-2 -9999 -9999 -9999 -9999 -9999 -9999 -9999 -9999 -9999 -9999 -9999 -9999 -9999 -9999 -9999 -9999 -9999 -9999 -9999 -9999 -9999 -9999 -9999 -9999 -9999 -9999 -9999 -9999 -9999 -9999 -9999 -9999 -9999 -9999 -9999 -9999
9.39827E-3 1.15401E-2 1.29947E-2 1.35989E-2 1.64787E-2 2.3255E-2 2.28818E-2 1.87555E-2 1.15077E-2 1.34983E-2 1.04769E-2 1.04555E-2 1.40135E-2 1.40995E-2 1.36656E-2 2.11407E-2 2.21486E-2 1.81184E-2 1.52739E-2 1.14118E-2 9.17319E-3 9.833E-3 -9999 1.08209E-2 1.12605E-2 1.15691E-2 1.46856E-2 -9999 -9999 -9999 -9999 1.48068E-2 1.53267E-2 1.40986E-2 -9999 -9999 -9999 -9999 -9999 -9999 -9999 -9999 -9999 -9999 -9999 -9999 -9999 -9999 -9999 -9999 -9999 -9999 -9999 -9999 -9999 -9999 -9999 -9999 -9999 -9999 -9999 -9999 -9999 -9999 -9999 -9999 -9999 -9999 -9999 -9999 -9999 -9999
7.96876E-3 1.38782E-2 1.67382E-2 1.55365E-2 1.81439E-2 1.95242E-2 1.3894E-2 9.52579E-3 8.95667E-3 9.19584E-3 9.22421E-3 1.0767E-2 1.09775E-2 1.3019E-2 1.62304E-2 1.92778E-2 1.67506E-2 1.58799E-2 1.61274E-2 1.23285E-2 1.05266E-2 9.86543E-3 -9999 1.04479E-2 -9999 1.08754E-2 1.09112E-2 1.09926E-2 -9999 -9999 -9999 -9999 -9999 -9999 -9999 -9999 -9999 -9999 -9999 -9999 -9999 -9999 -9999 -9999 -9999 -9999 -9999 -9999 -9999 -9999 -9999 -9999 -9999 -9999 -9999 -9999 -9999 -9999 -9999 -9999 -9999 -9999 -9999 -9999 -9999 -9999 -9999 -9999 -9999 -9999 -9999 -9999
9.96208E-3 1.09303E-2 1.21224E-2 1.6919E-2 1.88585E-2 1.70143E-2 1.19201E-2 1.00413E-2 1.03629E-2 8.96226E-3 9.22241E-3 1.35816E-2 1.09103E-2 1.39035E-2 1.29684E-2 1.12402E-2 1.61852E-2 1.66353E-2 1.55267E-2 1.87867E-2 1.25646E-2 1.42069E-2 1.00304E-2 1.03288E-2 -9999 -9999 1.11295E-2 1.56654E-2 -9999 -9999 -9999 -9999 -9999 -9999 -9999 -9999 -9999 -9999 -9999 -9999 -9999 -9999 -9999 -9999 -9999 -9999 -9999 -9999 -9999 -9999 -9999 -9999 -9999 -9999 -9999 -9999 -9999 -9999 -9999 -9999 -9999 -9999 -9999 -9999 -9999 -9999 -9999 -9999 -9999 -9999 -9999 -9999
9.65826E-3 1.29254E-2 1.2967E-2 1.65658E-2 1.7251E-2 1.27531E-2 9.41429E-3 1.01537E-2 1.14974E-2 1.01307E-2 9.56041E-3 1.32771E-2 1.34869E-2 1.40467E-2 9.74138E-3 1.13743E-2 1.45168E-2 1.11493E-2 1.27965E-2 1.95915E-2 7.99946E-3 8.65917E-3 1.27136E-2 9.91456E-3 -9999 1.15039E-2 1.5489E-2 1.63688E-2 1.46857E-2 1.13688E-2 1.50044E-2 -9999 -9999 -9999 -9999 -9999 -9999 -9999 -9999 -9999 -9999 -9999 -9999 -9999 -9999 -9999 -9999 -9999 -9999 -9999 -9999 -9999 -9999 -9999 -9999 -9999 -9999 -9999 -9999 -9999 -9999 -9999 -9999 -9999 -9999 -9999 -9999 -9999 -9999 -9999 -9999 -9999
1.09964E-2 1.35898E-2 1.39711E-2 1.55679E-2 1.46717E-2 1.08046E-2 7.78557E-3 8.25851E-3 1.05853E-2 9.64378E-3 9.2133E-3 1.12868E-2 1.26593E-2 1.73606E-2 7.7774E-3 1.2394E-2 1.16457E-2 1.29266E-2 8.63417E-3 1.83698E-2 7.82175E-3 8.03723E-3 8.40565E-3 -9999 -9999 1.01784E-2 1.46316E-2 1.35829E-2 1.3778E-2 1.07468E-2 1.16543E-2 -9999 -9999 -9999 -9999 -9999 -9999 -9999 -9999 -9999 -9999 -9999 -9999 -9999 -9999 -9999 -9999 -9999 -9999 -9999 -9999 -9999 -9999 -9999 -9999 -9999 -9999 -9999 -9999 -9999 -9999 -9999 -9999 -9999 -9999 -9999 -9999 -9999 -9999 -9999 -9999 -9999
1.1423E-2 1.16432E-2 1.15185E-2 1.25468E-2 1.30802E-2 8.76436E-3 7.72649E-3 8.34662E-3 1.02925E-2 9.78295E-3 1.01182E-2 9.56076E-3 9.8607E-3 1.61379E-2 1.13221E-2 8.0393E-3 8.67646E-3 9.51564E-3 6.8265E-3 1.10933E-2 7.90385E-3 -9999 -9999 -9999 -9999 -9999 1.04184E-2 1.35039E-2 -9999 -9999 -9999 -9999 -9999 -9999 -9999 -9999 -9999 -9999 -9999 -9999 -9999 -9999 -9999 -9999 -9999 -9999 -9999 -9999 -9999 -9999 -9999 -9999 -9999 -9999 -9999 -9999 -9999 -9999 -9999 -9999 -9999 -9999 -9999 -9999 -9999 -9999 -9999 -9999 -9999 -9999 -9999 -9999
1.11837E-2 9.73435E-3 8.88487E-3 9.36365E-3 9.56807E-3 7.14087E-3 7.09254E-3 7.93383E-3 9.06031E-3 8.91565E-3 1.02322E-2 1.21244E-2 9.22357E-3 1.53803E-2 1.52526E-2 1.56416E-2 8.79328E-3 9.0092E-3 7.21068E-3 7.22309E-3 7.8778E-3 -9999 -9999 -9999 -9999 -9999 -9999 1.34135E-2 -9999 1.07945E-2 -9999 1.02405E-2 -9999 -9999 -9999 -9999 -9999 -9999 -9999 -9999 -9999 -9999 -9999 -9999 -9999 -9999 -9999 -9999 -9999 -9999 -9999 -9999 -9999 -9999 -9999 -9999 -9999 -9999 -9999 -9999 -9999 -9999 -9999 -9999 -9999 -9999 -9999 -9999 -9999 -9999 -9999 -9999
8.51926E-3 8.33881E-3 6.70936E-3 8.84196E-3 8.45998E-3 6.666E-3 7.65475E-3 8.7535E-3 8.82371E-3 1.01402E-2 1.41726E-2 1.20176E-2 9.8158E-3 1.16113E-2 1.04417E-2 1.27014E-2 9.15023E-3 1.02024E-2 7.99611E-3 7.94502E-3 7.95338E-3 -9999 -9999 -9999 -9999 -9999 -9999 -9999 -9999 1.45019E-2 1.07241E-2 1.05219E-2 -9999 1.11469E-2 1.0919E-2 -9999 -9999 -9999 -9999 -9999 1.02635E-2 -9999 -9999 -9999 -9999 -9999 1.13275E-2 1.11201E-2 -9999 -9999 -9999 -9999 -9999 -9999 -9999 -9999 -9999 -9999 -9999 -9999 -9999 -9999 -9999 -9999 -9999 -9999 -9999 -9999 -9999 -9999 -9999 -9999
