Artocarpus altilis SDM files/MIS19/results (with bias file)/Artalt_5.asc
ncols         1201
nrows         481
xllcorner     119.99986351115
yllcorner     -15.00013828885
cellsize      0.041666667
NODATA_value  -9999
[rows 288 to 319 of 481, columns 432 to 503 of 1201]
-9999 -9999 -9999 -9999 -9999 -9999 -9999 -9999 -9999 -9999 -9999 -9999 -9999 5.01758E-1 4.77254E-1 4.61804E-1 4.56662E-1 4.45834E-1 4.45334E-1 4.16561E-1 4.1139E-1 3.86476E-1 3.84702E-1 3.75362E-1 3.64633E-1 3.54498E-1 3.47294E-1 3.46877E-1 3.42505E-1 3.40709E-1 3.28912E-1 3.22291E-1 3.27264E-1 2.95547E-1 2.93746E-1 3.01755E-1 2.78726E-1 2.85552E-1 2.79157E-1 2.84514E-1 2.62E-1 2.67168E-1 2.70349E-1 2.82826E-1 2.938E-1 2.72996E-1 2.79608E-1 2.6475E-1 2.64272E-1 2.88823E-1 3.06441E-1 3.0461E-1 3.15069E-1 3.14751E-1 3.0884E-1 2.91789E-1 2.88824E-1 2.91004E-1 2.9781E-1 2.98162E-1 3.20955E-1 3.2612E-1 3.12634E-1 3.20067E-1 3.19663E-1 3.22365E-1 3.17609E-1 3.20972E-1 3.29664E-1 3.31018E-1 3.34992E-1 3.52291E-1
-9999 -9999 -9999 -9999 -9999 -9999 -9999 -9999 -9999 -9999 -9999 -9999 -9999 -9999 4.72648E-1 4.72299E-1 4.5677E-1 4.43706E-1 4.45439E-1 4.25896E-1 4.04865E-1 3.83958E-1 3.76079E-1 3.65868E-1 3.5234E-1 3.52588E-1 3.52628E-1 3.4895E-1 3.37434E-1 3.34684E-1 3.31845E-1 3.36167E-1 3.21216E-1 2.89869E-1 2.93784E-1 2.93149E-1 2.93689E-1 2.73448E-1 2.94285E-1 2.81784E-1 2.74377E-1 2.73085E-1 2.80531E-1 2.88831E-1 2.75886E-1 2.73045E-1 2.67909E-1 2.80597E-1 2.74537E-1 2.82187E-1 2.99511E-1 3.03721E-1 3.16818E-1 3.12325E-1 3.07161E-1 3.05527E-1 2.88079E-1 2.88505E-1 3.08253E-1 3.1072E-1 3.1695E-1 3.20599E-1 3.3049E-1 3.34335E-1 3.36872E-1 3.40135E-1 3.31583E-1 3.35683E-1 3.38326E-1 3.42792E-1 3.44924E-1 3.48474E-1
-9999 -9999 -9999 -9999 -9999 -9999 -9999 -9999 -9999 -9999 -9999 -9999 -9999 -9999 -9999 -9999 4.58716E-1 4.4743E-1 4.39969E-1 4.4061E-1 4.17314E-1 3.99475E-1 3.93739E-1 3.82726E-1 3.5749E-1 3.71293E-1 3.46097E-1 3.41423E-1 3.33743E-1 3.278E-1 3.30333E-1 3.23574E-1 3.1298E-1 3.02974E-1 2.9308E-1 2.87928E-1 2.94788E-1 2.8715E-1 2.90552E-1 2.79602E-1 2.75766E-1 2.76693E-1 2.90747E-1 2.90812E-1 2.83461E-1 2.68366E-1 2.67908E-1 2.84632E-1 2.82442E-1 2.878E-1 3.0272E-1 3.03931E-1 3.18856E-1 3.10724E-1 3.05224E-1 2.83194E-1 2.89994E-1 2.89837E-1 3.12568E-1 2.94875E-1 3.29081E-1 3.33024E-1 3.40614E-1 3.47982E-1 3.32925E-1 3.36188E-1 3.39358E-1 3.45873E-1 3.46649E-1 3.45785E-1 3.33435E-1 3.47526E-1
-9999 -9999 -9999 -9999 -9999 -9999 -9999 -9999 -9999 -9999 -9999 -9999 -9999 -9999 -9999 -9999 -9999 4.48763E-1 4.33089E-1 4.31582E-1 4.09734E-1 3.95705E-1 3.87596E-1 3.82217E-1 3.75595E-1 3.64667E-1 3.68615E-1 3.42027E-1 3.37966E-1 3.32617E-1 3.34978E-1 3.30864E-1 3.20783E-1 3.04244E-1 3.00932E-1 3.00921E-1 2.84516E-1 2.94766E-1 2.83437E-1 2.90969E-1 2.70116E-1 2.67062E-1 2.86408E-1 2.90207E-1 2.92864E-1 2.81706E-1 2.83326E-1 3.00417E-1 3.03354E-1 3.17374E-1 3.26668E-1 3.1316E-1 3.23438E-1 3.06366E-1 2.97546E-1 2.92517E-1 2.98816E-1 2.93899E-1 3.06716E-1 2.93232E-1 3.2139E-1 3.39233E-1 3.30425E-1 3.27756E-1 3.23794E-1 3.29553E-1 3.35343E-1 3.41513E-1 3.50745E-1 3.33366E-1 3.45472E-1 3.50856E-1
-9999 -9999 -9999 -9999 -9999 -9999 -9999 -9999 -9999 -9999 -9999 -9999 -9999 -9999 -9999 -9999 -9999 4.46639E-1 4.36151E-1 4.22474E-1 4.1899E-1 4.11944E-1 3.88871E-1 3.82971E-1 3.78173E-1 3.74592E-1 3.72806E-1 3.6257E-1 3.37805E-1 3.31737E-1 3.31049E-1 3.26553E-1 3.20816E-1 3.16125E-1 3.19803E-1 3.03472E-1 2.92489E-1 2.92984E-1 2.90341E-1 2.87773E-1 2.80688E-1 2.84782E-1 2.93084E-1 2.88427E-1 2.92543E-1 2.91218E-1 2.84171E-1 3.04181E-1 2.98067E-1 3.22326E-1 3.06461E-1 3.17644E-1 3.06275E-1 2.886E-1 2.85289E-1 2.88079E-1 2.99307E-1 2.99196E-1 3.04058E-1 2.92402E-1 3.04194E-1 3.33846E-1 3.29083E-1 3.16524E-1 3.17731E-1 3.31234E-1 3.37298E-1 3.29431E-1 3.2998E-1 3.33445E-1 3.47503E-1 3.58303E-1
-9999 -9999 -9999 -9999 -9999 -9999 -9999 -9999 -9999 -9999 -9999 -9999 -9999 -9999 -9999 -9999 4.75448E-1 4.77808E-1 4.75507E-1 4.50631E-1 4.25791E-1 4.18293E-1 4.05967E-1 3.95403E-1 3.73166E-1 3.68617E-1 3.65611E-1 3.60935E-1 3.5188E-1 3.36245E-1 3.25596E-1 3.22746E-1 3.19986E-1 3.17759E-1 3.10969E-1 3.03256E-1 2.96576E-1 2.94426E-1 3.0341E-1 3.01923E-1 2.93166E-1 2.94873E-1 2.8524E-1 2.83085E-1 2.95002E-1 2.90319E-1 2.99213E-1 3.02279E-1 3.10656E-1 3.09308E-1 3.10207E-1 3.02404E-1 2.8828E-1 2.86045E-1 2.8233E-1 2.9626E-1 3.09068E-1 2.9596E-1 2.98384E-1 3.04123E-1 3.08007E-1 3.29621E-1 3.42341E-1 3.3541E-1 3.40976E-1 3.43724E-1 3.2822E-1 3.31931E-1 3.35659E-1 3.31534E-1 3.30998E-1 3.51018E-1
-9999 -9999 -9999 -9999 -9999 -9999 -9999 -9999 -9999 -9999 -9999 -9999 -9999 -9999 -9999 -9999 4.73114E-1 4.50524E-1 4.37936E-1 4.32411E-1 4.17807E-1 4.09904E-1 4.06579E-1 3.97804E-1 3.7802E-1 3.71748E-1 3.66698E-1 3.60257E-1 3.51617E-1 3.44274E-1 3.38566E-1 3.21538E-1 3.2093E-1 3.17568E-1 3.15875E-1 3.13146E-1 3.06221E-1 3.10585E-1 2.96687E-1 2.93586E-1 2.92907E-1 3.00797E-1 3.0595E-1 3.01742E-1 2.98041E-1 2.98061E-1 3.02189E-1 2.98145E-1 2.97889E-1 2.91404E-1 2.88014E-1 2.83961E-1 2.79132E-1 2.81441E-1 2.84691E-1 2.98349E-1 3.03868E-1 3.09589E-1 3.06126E-1 3.16171E-1 3.21845E-1 3.45536E-1 3.46574E-1 3.57546E-1 3.44012E-1 3.28622E-1 3.3676E-1 3.37446E-1 3.33747E-1 3.42455E-1 3.469E-1 3.48449E-1
-9999 -9999 -9999 -9999 -9999 -9999 -9999 -9999 -9999 -9999 -9999 -9999 -9999 -9999 -9999 -9999 4.68829E-1 4.56948E-1 4.58259E-1 4.29355E-1 4.20406E-1 4.07886E-1 3.9938E-1 3.92584E-1 3.87617E-1 3.67821E-1 3.64524E-1 3.56992E-1 3.44011E-1 3.38133E-1 3.35888E-1 3.21502E-1 3.22536E-1 3.22466E-1 2.98294E-1 3.12333E-1 3.17362E-1 3.13648E-1 2.96593E-1 3.00754E-1 3.04204E-1 3.04549E-1 3.02503E-1 2.74446E-1 2.95514E-1 2.91015E-1 3.00692E-1 2.93837E-1 2.96881E-1 2.98298E-1 2.90196E-1 2.85034E-1 2.8818E-1 2.86835E-1 2.8662E-1 2.91765E-1 3.1117E-1 3.09793E-1 3.05633E-1 3.14054E-1 3.4156E-1 3.4406E-1 3.28213E-1 3.3089E-1 3.38139E-1 3.40396E-1 3.32712E-1 3.36299E-1 3.35589E-1 3.38085E-1 3.50533E-1 3.57509E-1
-9999 -9999 -9999 -9999 -9999 -9999 -9999 -9999 -9999 -9999 -9999 -9999 -9999 -9999 -9999 -9999 -9999 -9999 4.47903E-1 4.40022E-1 4.20981E-1 4.17662E-1 4.15128E-1 4.04084E-1 3.92787E-1 3.83561E-1 3.61961E-1 3.62814E-1 3.5544E-1 3.41723E-1 3.33724E-1 3.2321E-1 3.17062E-1 3.21145E-1 3.19005E-1 3.17503E-1 3.21602E-1 3.0515E-1 3.27404E-1 3.32858E-1 3.17079E-1 3.16936E-1 3.01058E-1 2.928E-1 3.00508E-1 2.88721E-1 2.88582E-1 2.92791E-1 3.02784E-1 2.88501E-1 2.88073E-1 2.88227E-1 2.9279E-1 2.87342E-1 2.9903E-1 3.09314E-1 3.22579E-1 3.02956E-1 3.21754E-1 3.36782E-1 3.5184E-1 3.41315E-1 3.23933E-1 3.2265E-1 3.33924E-1 3.36661E-1 3.38207E-1 3.34843E-1 3.39598E-1 3.34897E-1 3.45508E-1 3.48372E-1
-9999 -9999 -9999 -9999 -9999 -9999 -9999 -9999 -9999 -9999 -9999 -9999 -9999 -9999 -9999 4.92406E-1 4.98577E-1 -9999 -9999 -9999 4.42363E-1 4.21968E-1 4.07549E-1 3.99492E-1 3.92222E-1 3.84876E-1 3.61426E-1 3.54502E-1 3.5428E-1 3.51674E-1 3.45655E-1 3.33739E-1 3.28751E-1 3.25916E-1 3.18727E-1 3.15794E-1 3.2462E-1 3.26591E-1 3.20562E-1 2.93663E-1 2.92004E-1 2.95948E-1 2.95622E-1 2.81629E-1 2.81863E-1 2.83641E-1 2.82637E-1 2.82661E-1 2.83379E-1 2.7799E-1 2.80966E-1 2.80418E-1 2.80493E-1 2.84918E-1 2.93952E-1 3.08784E-1 3.15889E-1 3.27584E-1 3.47901E-1 3.47866E-1 3.35826E-1 3.35552E-1 3.23869E-1 3.2777E-1 3.29168E-1 3.3204E-1 3.36306E-1 3.38414E-1 3.47884E-1 3.41408E-1 3.55266E-1 3.49093E-1
-9999 -9999 -9999 -9999 -9999 -9999 -9999 -9999 -9999 5.7352E-1 5.57753E-1 5.54643E-1 5.34533E-1 5.22566E-1 5.06385E-1 5.06507E-1 4.81465E-1 4.67717E-1 4.56129E-1 4.43248E-1 4.37856E-1 4.32941E-1 3.98528E-1 3.96239E-1 3.92741E-1 3.85058E-1 3.81539E-1 3.62193E-1 3.5682E-1 3.57751E-1 3.48673E-1 3.50045E-1 3.35521E-1 3.36984E-1 3.2279E-1 3.26992E-1 3.29514E-1 3.1244E-1 3.07425E-1 2.94823E-1 2.89851E-1 2.91656E-1 2.89406E-1 2.90511E-1 2.95581E-1 2.84788E-1 2.84966E-1 2.8287E-1 2.87887E-1 2.93071E-1 2.95143E-1 2.98598E-1 2.91272E-1 2.90516E-1 3.01315E-1 3.22833E-1 3.17773E-1 3.49024E-1 3.33941E-1 3.43222E-1 3.26901E-1 3.29872E-1 3.37389E-1 3.30305E-1 3.34812E-1 3.31563E-1 3.41872E-1 3.38791E-1 3.44356E-1 3.53586E-1 3.62805E-1 3.72933E-1
-9999 -9999 -9999 -9999 -9999 -9999 5.71276E-1 5.80185E-1 5.68195E-1 5.72219E-1 5.69249E-1 5.59459E-1 5.41823E-1 5.14305E-1 5.03726E-1 4.97704E-1 4.96306E-1 4.76545E-1 4.54552E-1 4.48024E-1 4.28069E-1 4.30629E-1 4.1072E-1 3.91183E-1 3.90692E-1 3.79524E-1 3.80968E-1 3.81866E-1 3.68416E-1 3.63516E-1 3.5136E-1 3.54167E-1 3.33834E-1 3.40969E-1 3.44541E-1 3.35078E-1 3.14041E-1 3.03947E-1 3.01724E-1 3.04112E-1 3.13209E-1 2.97382E-1 2.98662E-1 2.93685E-1 2.9229E-1 2.93296E-1 2.96444E-1 2.99287E-1 3.00759E-1 3.0813E-1 3.01474E-1 2.98157E-1 2.96563E-1 2.98983E-1 3.17741E-1 3.32927E-1 3.17717E-1 3.45725E-1 3.37178E-1 3.28728E-1 3.29974E-1 3.28955E-1 3.37298E-1 3.3895E-1 3.35009E-1 3.41825E-1 3.47035E-1 3.39955E-1 3.61264E-1 3.6009E-1 3.68563E-1 3.55645E-1
-9999 -9999 -9999 -9999 -9999 5.54326E-1 5.56059E-1 5.52493E-1 5.42052E-1 5.7277E-1 5.59564E-1 5.54004E-1 5.44021E-1 5.1536E-1 5.04772E-1 4.93963E-1 4.9393E-1 4.71893E-1 4.49773E-1 4.43736E-1 4.28565E-1 4.18442E-1 4.0467E-1 4.02354E-1 3.92877E-1 3.90606E-1 3.97685E-1 3.90317E-1 3.67169E-1 3.57666E-1 3.46171E-1 3.44835E-1 3.52713E-1 3.41059E-1 3.37403E-1 3.26957E-1 3.17952E-1 3.05181E-1 3.22161E-1 3.10696E-1 3.10265E-1 3.15054E-1 2.98924E-1 2.97264E-1 2.96426E-1 2.96093E-1 2.93202E-1 2.97701E-1 3.05481E-1 3.16671E-1 3.00209E-1 2.98037E-1 2.96269E-1 2.93297E-1 3.08264E-1 3.28226E-1 3.28805E-1 3.44226E-1 3.4175E-1 3.40322E-1 3.27489E-1 3.27504E-1 3.35408E-1 3.40171E-1 3.46606E-1 3.42239E-1 3.52627E-1 3.50622E-1 3.60302E-1 3.60261E-1 3.70696E-1 3.50723E-1
-9999 -9999 -9999 5.66602E-1 5.65652E-1 5.66301E-1 5.65271E-1 5.50851E-1 5.39694E-1 5.67852E-1 5.55609E-1 5.4914E-1 5.45767E-1 5.23203E-1 5.07824E-1 4.99154E-1 4.91073E-1 4.69516E-1 4.54019E-1 4.45742E-1 4.34609E-1 4.24605E-1 4.25087E-1 4.07955E-1 4.00952E-1 3.8992E-1 3.91735E-1 3.84763E-1 3.61885E-1 3.60668E-1 3.52974E-1 3.48017E-1 3.4746E-1 3.37221E-1 3.28524E-1 3.27931E-1 3.28623E-1 3.27645E-1 3.32831E-1 3.1992E-1 3.08103E-1 3.10169E-1 3.11821E-1 3.12223E-1 2.9838E-1 2.90453E-1 3.1092E-1 3.19732E-1 3.12518E-1 3.13208E-1 3.07231E-1 3.10575E-1 2.97572E-1 3.0153E-1 3.29363E-1 3.43697E-1 3.3538E-1 3.43774E-1 3.33042E-1 3.28871E-1 3.19514E-1 3.39374E-1 3.3995E-1 3.3738E-1 3.43906E-1 3.46163E-1 3.44042E-1 3.48381E-1 3.66077E-1 3.58668E-1 3.61332E-1 3.6146E-1
-9999 -9999 5.64471E-1 5.74381E-1 5.6488E-1 5.68906E-1 5.65672E-1 5.56595E-1 5.37576E-1 5.68107E-1 5.59178E-1 5.52174E-1 5.43408E-1 5.36576E-1 5.01405E-1 5.04874E-1 4.97938E-1 4.80481E-1 4.59597E-1 4.44843E-1 4.31535E-1 4.24772E-1 4.28686E-1 4.21955E-1 4.02087E-1 3.94442E-1 4.00248E-1 3.85575E-1 3.7503E-1 3.6061E-1 3.58859E-1 3.51365E-1 3.54596E-1 3.47654E-1 3.32896E-1 3.32128E-1 3.28218E-1 3.36044E-1 3.29236E-1 3.35855E-1 3.11163E-1 3.13166E-1 3.16598E-1 3.13557E-1 3.19164E-1 3.01389E-1 3.07603E-1 3.16597E-1 3.22753E-1 3.17666E-1 3.13813E-1 3.11502E-1 3.08513E-1 3.15739E-1 3.32236E-1 3.44649E-1 3.36924E-1 3.51099E-1 3.4151E-1 3.32245E-1 3.35416E-1 3.44574E-1 3.33638E-1 3.37039E-1 3.38742E-1 3.41261E-1 3.45547E-1 3.50008E-1 3.62151E-1 3.63348E-1 3.62415E-1 3.59027E-1
-9999 5.66166E-1 5.64592E-1 5.59585E-1 5.54626E-1 5.59517E-1 5.55951E-1 5.7393E-1 5.294E-1 5.66395E-1 5.54753E-1 5.4811E-1 5.4071E-1 5.19656E-1 4.89345E-1 4.88479E-1 4.8189E-1 4.70855E-1 4.70991E-1 4.39317E-1 4.26861E-1 4.27157E-1 4.2759E-1 4.22411E-1 3.95901E-1 4.03139E-1 4.00496E-1 3.88059E-1 3.81224E-1 3.7631E-1 3.6061E-1 3.62174E-1 3.56384E-1 3.56934E-1 3.52288E-1 3.32744E-1 3.30147E-1 3.40052E-1 3.28917E-1 3.33253E-1 3.3465E-1 3.3608E-1 3.19372E-1 3.12047E-1 3.17267E-1 3.1495E-1 3.10582E-1 3.16113E-1 3.27959E-1 3.16647E-1 3.12745E-1 3.19341E-1 3.13076E-1 3.27926E-1 3.34495E-1 3.46787E-1 3.52976E-1 3.46758E-1 3.44386E-1 3.26819E-1 3.52747E-1 3.42305E-1 3.45473E-1 3.4494E-1 3.37078E-1 3.38329E-1 3.62559E-1 3.50231E-1 3.6257E-1 3.71769E-1 3.54979E-1 3.55251E-1
5.87206E-1 5.70773E-1 5.66688E-1 5.61941E-1 5.54552E-1 5.55148E-1 5.401E-1 5.30699E-1 5.2902E-1 5.60342E-1 5.58714E-1 5.52293E-1 5.40422E-1 5.13525E-1 4.86533E-1 4.85308E-1 4.78872E-1 4.69841E-1 4.70882E-1 4.67064E-1 4.29574E-1 4.35442E-1 4.23734E-1 4.21734E-1 3.86412E-1 4.12171E-1 3.91453E-1 3.88628E-1 3.81164E-1 3.79869E-1 3.85462E-1 3.72417E-1 3.68456E-1 3.6352E-1 3.52233E-1 3.50442E-1 3.53835E-1 3.37237E-1 3.39106E-1 3.36255E-1 3.46464E-1 3.43605E-1 3.32557E-1 3.26795E-1 3.25102E-1 3.24799E-1 3.21355E-1 3.18974E-1 3.33018E-1 3.35742E-1 3.27772E-1 3.26415E-1 3.14146E-1 3.35295E-1 3.46401E-1 3.51287E-1 3.52582E-1 3.50505E-1 3.48666E-1 3.32857E-1 3.51735E-1 3.42108E-1 3.50329E-1 3.48182E-1 3.43974E-1 3.38307E-1 3.41947E-1 3.38465E-1 3.67286E-1 3.61265E-1 3.58736E-1 3.69474E-1
4.99141E-1 5.77467E-1 5.65446E-1 5.56304E-1 5.56037E-1 5.57245E-1 5.43616E-1 5.36732E-1 5.70874E-1 5.61656E-1 5.47555E-1 5.38609E-1 5.28818E-1 5.13289E-1 4.92005E-1 4.92181E-1 4.83401E-1 4.74463E-1 4.71482E-1 4.6816E-1 4.59808E-1 4.40528E-1 4.24009E-1 4.19134E-1 3.99876E-1 4.16738E-1 3.92136E-1 3.93656E-1 3.81688E-1 3.86997E-1 3.96166E-1 3.82721E-1 3.68308E-1 3.5886E-1 3.60831E-1 3.58688E-1 3.60635E-1 3.55552E-1 3.40431E-1 3.43762E-1 3.55962E-1 3.52811E-1 3.51299E-1 3.32204E-1 3.25481E-1 3.26271E-1 3.23196E-1 3.24343E-1 3.36637E-1 3.31972E-1 3.30665E-1 3.36194E-1 3.2781E-1 3.35489E-1 3.44061E-1 3.59329E-1 3.50601E-1 3.53092E-1 3.35501E-1 3.3614E-1 3.44129E-1 3.55025E-1 3.53768E-1 3.5512E-1 3.42391E-1 3.40498E-1 3.38004E-1 3.36536E-1 3.63392E-1 3.53855E-1 3.63247E-1 3.68008E-1
5.78907E-1 5.70814E-1 5.61553E-1 5.465E-1 5.52216E-1 5.51194E-1 5.46757E-1 5.39416E-1 5.66104E-1 5.52475E-1 5.41131E-1 5.36842E-1 5.2732E-1 5.08095E-1 4.88431E-1 4.9853E-1 4.90375E-1 4.73728E-1 4.72659E-1 4.67072E-1 4.65127E-1 4.40313E-1 4.21979E-1 4.16841E-1 4.16401E-1 4.23764E-1 4.19979E-1 3.92812E-1 3.78972E-1 3.99232E-1 3.93445E-1 3.94994E-1 3.78133E-1 3.66124E-1 3.64512E-1 3.68035E-1 3.69676E-1 3.69873E-1 3.56825E-1 3.58233E-1 3.70028E-1 3.52744E-1 3.44781E-1 3.376E-1 3.32476E-1 3.26537E-1 3.25204E-1 3.38338E-1 3.43218E-1 3.58346E-1 3.55355E-1 3.32501E-1 3.33053E-1 3.40911E-1 3.45542E-1 3.59235E-1 3.37334E-1 3.39584E-1 3.40932E-1 3.38505E-1 3.46154E-1 3.63928E-1 3.51475E-1 3.45525E-1 3.39286E-1 3.35716E-1 3.4072E-1 3.57033E-1 3.56321E-1 3.6255E-1 3.7381E-1 3.68027E-1
5.70176E-1 5.67918E-1 5.59037E-1 5.51815E-1 5.44622E-1 5.48482E-1 5.3723E-1 5.25939E-1 5.51427E-1 5.46023E-1 5.37216E-1 5.33621E-1 5.23901E-1 5.03031E-1 4.97845E-1 4.85571E-1 4.81665E-1 4.7742E-1 4.7742E-1 4.6451E-1 4.5716E-1 4.62511E-1 4.37027E-1 4.21547E-1 4.30382E-1 4.2135E-1 4.19391E-1 3.92506E-1 3.8245E-1 4.15346E-1 4.25247E-1 4.03391E-1 3.74237E-1 3.74791E-1 3.72356E-1 3.79128E-1 3.89147E-1 3.78534E-1 3.69302E-1 3.73587E-1 3.84568E-1 3.58752E-1 3.52444E-1 3.48735E-1 3.41665E-1 3.35218E-1 3.47815E-1 3.4612E-1 3.47339E-1 3.53419E-1 3.46841E-1 3.32826E-1 3.424E-1 3.52333E-1 3.53409E-1 3.56137E-1 3.34089E-1 3.35967E-1 3.45204E-1 3.41994E-1 3.38207E-1 3.55651E-1 3.54879E-1 3.52202E-1 3.43527E-1 3.45191E-1 3.50106E-1 3.34709E-1 3.56377E-1 3.65902E-1 3.7282E-1 3.73211E-1
4.81204E-1 4.82471E-1 5.59893E-1 5.46886E-1 5.36244E-1 5.40969E-1 5.29713E-1 5.2085E-1 5.49422E-1 5.48879E-1 5.41996E-1 5.36192E-1 5.28035E-1 5.09717E-1 5.05192E-1 4.93904E-1 4.85703E-1 4.72704E-1 4.70043E-1 4.63796E-1 4.58497E-1 4.57174E-1 4.32404E-1 4.16488E-1 4.41934E-1 4.25124E-1 4.2737E-1 3.99741E-1 4.12029E-1 4.18347E-1 4.28982E-1 4.1483E-1 4.09404E-1 3.95212E-1 3.88491E-1 3.87522E-1 3.94148E-1 3.90278E-1 3.78716E-1 3.78444E-1 3.90818E-1 3.58443E-1 3.50832E-1 3.70813E-1 3.62221E-1 3.46434E-1 3.67593E-1 3.46362E-1 3.70894E-1 3.61105E-1 3.54121E-1 3.5096E-1 3.49366E-1 3.60844E-1 3.51143E-1 3.48081E-1 3.45605E-1 3.49283E-1 3.38753E-1 3.33044E-1 3.37425E-1 3.51271E-1 3.59123E-1 3.39434E-1 3.39901E-1 3.47647E-1 3.53991E-1 3.47441E-1 3.41519E-1 3.52049E-1 3.60399E-1 3.72422E-1
4.777E-1 4.87739E-1 5.6581E-1 5.63569E-1 5.40791E-1 5.39449E-1 5.25447E-1 5.08971E-1 5.0826E-1 5.44176E-1 5.35605E-1 5.35048E-1 5.31574E-1 5.1641E-1 5.12373E-1 5.12547E-1 4.8881E-1 4.73024E-1 4.67504E-1 4.63384E-1 4.53786E-1 4.44023E-1 4.3925E-1 4.28148E-1 4.42327E-1 4.22491E-1 4.26811E-1 4.25039E-1 4.20246E-1 4.23928E-1 4.35559E-1 4.16515E-1 4.08386E-1 4.00322E-1 4.01647E-1 3.98128E-1 4.01248E-1 3.95492E-1 3.94857E-1 4.11532E-1 3.92162E-1 3.76971E-1 3.76212E-1 3.81814E-1 3.67613E-1 3.69044E-1 3.6788E-1 3.71147E-1 3.83788E-1 3.69025E-1 3.49872E-1 3.55254E-1 3.49796E-1 3.60487E-1 3.59476E-1 3.62461E-1 3.579E-1 3.57859E-1 3.3452E-1 3.44032E-1 3.59913E-1 3.62596E-1 3.56333E-1 3.54416E-1 3.42645E-1 3.35904E-1 3.4679E-1 3.47249E-1 3.39526E-1 3.69374E-1 3.74994E-1 3.69898E-1
4.79598E-1 4.82146E-1 5.60577E-1 5.5526E-1 5.4805E-1 5.38055E-1 5.24122E-1 5.13232E-1 5.14646E-1 5.41388E-1 5.30631E-1 5.2385E-1 5.12501E-1 5.01903E-1 4.93711E-1 5.13702E-1 4.81357E-1 4.6794E-1 4.65759E-1 4.61143E-1 4.53688E-1 4.53741E-1 4.61057E-1 4.5089E-1 4.31235E-1 4.37458E-1 4.26811E-1 4.35313E-1 4.33669E-1 4.33818E-1 4.34293E-1 4.29344E-1 4.17878E-1 4.05663E-1 4.0819E-1 4.04707E-1 4.06663E-1 4.08047E-1 4.04736E-1 4.04186E-1 4.04625E-1 3.93448E-1 3.87135E-1 3.95297E-1 3.86353E-1 3.73362E-1 3.76159E-1 3.89443E-1 3.6163E-1 3.74417E-1 3.74681E-1 3.8139E-1 3.64987E-1 3.75536E-1 3.81572E-1 3.65318E-1 3.56317E-1 3.42851E-1 3.44836E-1 3.72256E-1 3.77124E-1 3.56354E-1 3.44965E-1 3.51135E-1 3.56591E-1 3.36019E-1 3.49695E-1 3.44696E-1 3.44554E-1 3.60855E-1 3.77675E-1 3.77372E-1
4.7879E-1 4.75289E-1 5.59287E-1 5.34444E-1 5.26415E-1 5.34533E-1 5.32557E-1 5.51457E-1 5.53563E-1 5.46594E-1 5.39584E-1 5.23936E-1 5.11578E-1 4.96726E-1 4.94386E-1 4.89406E-1 4.76557E-1 4.76723E-1 4.73614E-1 4.72633E-1 4.59738E-1 4.61121E-1 4.47599E-1 4.42819E-1 4.36035E-1 4.43952E-1 4.41657E-1 4.62804E-1 4.55702E-1 4.42001E-1 4.28712E-1 4.2634E-1 4.29776E-1 4.32537E-1 4.27973E-1 4.22894E-1 4.32862E-1 4.2132E-1 4.21819E-1 4.22387E-1 4.20082E-1 4.19684E-1 3.94947E-1 4.00095E-1 3.9021E-1 3.834E-1 4.01645E-1 3.92126E-1 3.79461E-1 3.75975E-1 3.82115E-1 3.88569E-1 3.73518E-1 3.7902E-1 3.73026E-1 3.58331E-1 3.49229E-1 3.49858E-1 3.52854E-1 3.61639E-1 3.60386E-1 3.42304E-1 3.60862E-1 3.53595E-1 3.55709E-1 3.51759E-1 3.45046E-1 3.49769E-1 3.51094E-1 3.58875E-1 3.71034E-1 3.61909E-1
4.74694E-1 4.78031E-1 5.47624E-1 5.34819E-1 5.2494E-1 5.18634E-1 5.32917E-1 5.167E-1 5.51416E-1 5.43397E-1 5.39313E-1 5.23072E-1 5.12807E-1 5.02638E-1 4.98777E-1 4.86175E-1 4.81689E-1 4.66985E-1 4.65673E-1 4.7811E-1 4.72355E-1 4.6712E-1 4.54233E-1 4.42719E-1 4.68755E-1 4.6073E-1 4.47784E-1 4.49502E-1 4.47683E-1 4.34302E-1 4.34382E-1 4.39509E-1 4.32862E-1 4.3691E-1 4.30417E-1 4.31359E-1 4.48178E-1 4.45483E-1 4.35997E-1 4.26093E-1 4.25778E-1 4.18476E-1 4.16457E-1 4.10102E-1 4.10705E-1 4.07952E-1 4.15346E-1 3.87611E-1 3.79421E-1 3.76748E-1 3.95119E-1 4.01459E-1 3.88674E-1 3.74563E-1 3.74898E-1 3.5433E-1 3.52386E-1 3.48763E-1 3.61581E-1 3.7207E-1 3.60418E-1 3.50457E-1 3.59486E-1 3.54478E-1 3.46463E-1 3.51852E-1 3.46663E-1 3.59161E-1 3.60867E-1 3.61387E-1 3.73452E-1 3.74088E-1
5.54611E-1 5.56908E-1 5.43974E-1 5.32074E-1 5.30381E-1 5.23087E-1 5.12285E-1 5.22944E-1 5.55737E-1 5.54173E-1 5.47738E-1 5.30689E-1 5.10882E-1 5.03064E-1 4.96599E-1 4.96676E-1 4.91965E-1 4.88277E-1 4.70003E-1 4.68671E-1 4.69148E-1 4.77648E-1 4.5659E-1 4.64698E-1 4.6111E-1 4.61635E-1 4.46805E-1 4.70353E-1 4.55056E-1 4.51796E-1 4.41724E-1 4.49301E-1 4.34047E-1 4.4218E-1 4.5338E-1 4.45283E-1 4.48546E-1 4.60915E-1 4.62358E-1 4.35598E-1 4.27409E-1 4.35014E-1 4.34059E-1 4.20807E-1 4.17712E-1 4.19796E-1 4.24058E-1 3.96213E-1 4.12786E-1 4.0875E-1 4.01422E-1 4.00002E-1 3.73026E-1 3.68832E-1 3.84882E-1 3.74899E-1 3.65792E-1 3.55111E-1 3.70919E-1 3.68977E-1 3.79346E-1 3.50927E-1 3.65425E-1 3.42683E-1 3.59588E-1 3.58259E-1 3.51847E-1 3.54541E-1 3.57413E-1 3.5926E-1 3.66486E-1 3.67794E-1
5.53051E-1 5.42488E-1 5.41814E-1 5.27069E-1 5.26522E-1 5.22036E-1 5.20773E-1 5.13067E-1 5.09773E-1 5.4262E-1 5.38803E-1 5.38084E-1 5.11982E-1 5.09644E-1 5.05486E-1 5.06584E-1 4.93116E-1 4.88827E-1 4.87742E-1 4.77698E-1 4.7185E-1 4.70965E-1 4.72299E-1 4.7136E-1 4.7293E-1 4.52492E-1 4.60459E-1 4.74362E-1 4.71743E-1 4.59055E-1 4.52457E-1 4.53057E-1 4.54262E-1 4.55971E-1 4.58587E-1 4.63104E-1 4.52862E-1 4.63383E-1 4.6175E-1 4.54422E-1 4.47055E-1 4.35536E-1 4.36273E-1 4.20278E-1 4.24425E-1 4.26333E-1 4.24824E-1 4.17018E-1 4.1178E-1 4.18448E-1 4.0404E-1 3.97497E-1 3.97737E-1 3.85541E-1 3.81571E-1 3.81265E-1 3.70209E-1 3.65144E-1 3.62108E-1 3.65638E-1 3.81962E-1 3.77026E-1 3.79422E-1 3.61748E-1 3.69789E-1 3.54411E-1 3.62643E-1 3.70498E-1 3.6347E-1 3.60362E-1 3.63523E-1 3.70797E-1
5.48311E-1 5.47125E-1 5.38577E-1 5.27615E-1 5.28079E-1 5.22701E-1 5.22037E-1 5.20561E-1 5.17984E-1 5.4243E-1 5.42259E-1 5.28138E-1 5.14115E-1 5.11646E-1 5.06542E-1 5.11677E-1 5.08409E-1 5.02372E-1 4.88804E-1 4.7596E-1 4.84875E-1 4.82487E-1 4.80331E-1 4.78397E-1 4.73836E-1 4.53137E-1 4.66388E-1 4.67948E-1 4.71589E-1 -9999 4.86811E-1 4.66395E-1 4.67851E-1 4.71042E-1 4.70955E-1 4.63881E-1 4.64636E-1 4.62442E-1 -9999 -9999 -9999 -9999 4.29592E-1 4.39447E-1 4.42937E-1 4.36808E-1 4.33345E-1 4.31449E-1 4.34923E-1 4.30431E-1 4.12739E-1 4.09048E-1 4.03451E-1 3.83997E-1 3.86394E-1 3.98133E-1 3.71714E-1 3.73509E-1 3.63402E-1 3.69284E-1 3.74522E-1 3.80423E-1 3.72559E-1 3.7506E-1 3.77179E-1 3.56932E-1 3.5594E-1 3.73258E-1 3.82839E-1 3.60664E-1 3.64059E-1 3.74783E-1
5.46893E-1 5.42463E-1 5.4401E-1 5.39775E-1 5.37818E-1 5.27567E-1 5.29232E-1 5.20652E-1 5.17905E-1 5.43024E-1 5.39109E-1 5.30683E-1 5.17206E-1 5.20492E-1 5.20324E-1 5.19384E-1 5.05262E-1 4.93184E-1 4.83522E-1 4.85186E-1 4.87354E-1 4.89125E-1 4.79804E-1 4.6872E-1 4.73911E-1 4.62808E-1 4.64263E-1 -9999 -9999 -9999 -9999 4.8638E-1 4.86984E-1 4.95892E-1 4.78157E-1 4.69532E-1 4.65797E-1 -9999 -9999 -9999 -9999 -9999 -9999 -9999 -9999 -9999 4.55066E-1 4.42509E-1 4.4158E-1 4.40457E-1 4.12391E-1 4.09165E-1 4.05124E-1 3.89063E-1 3.97402E-1 3.88182E-1 3.82237E-1 3.82842E-1 3.89125E-1 3.76726E-1 3.87468E-1 3.89355E-1 3.64405E-1 3.62375E-1 3.62898E-1 3.56696E-1 3.65584E-1 3.75272E-1 3.80167E-1 3.75679E-1 3.63095E-1 3.71931E-1
5.49702E-1 5.4907E-1 5.45333E-1 5.47755E-1 5.36993E-1 5.36038E-1 5.368E-1 5.30841E-1 5.24218E-1 5.17843E-1 5.45895E-1 5.42458E-1 5.33969E-1 5.23147E-1 5.13239E-1 5.19829E-1 5.25874E-1 4.99289E-1 4.93803E-1 5.0621E-1 4.87633E-1 4.98767E-1 4.84484E-1 4.76514E-1 4.70726E-1 4.84447E-1 -9999 -9999 -9999 -9999 -9999 -9999 -9999 -9999 -9999 -9999 -9999 -9999 -9999 -9999 -9999 -9999 -9999 -9999 -9999 -9999 4.57464E-1 4.5607E-1 4.50948E-1 4.47153E-1 4.36358E-1 4.06037E-1 4.11536E-1 4.09678E-1 4.10993E-1 4.0143E-1 3.94463E-1 3.93654E-1 4.07381E-1 3.91138E-1 3.87899E-1 3.79953E-1 3.75845E-1 3.72791E-1 3.64136E-1 3.5937E-1 3.79903E-1 3.7275E-1 3.72646E-1 3.6067E-1 3.59446E-1 3.60323E-1
5.58356E-1 4.69849E-1 4.74491E-1 5.46173E-1 5.47209E-1 5.42508E-1 5.34772E-1 5.35931E-1 5.25296E-1 5.17484E-1 5.47343E-1 5.4229E-1 5.35625E-1 5.31473E-1 5.21713E-1 5.27716E-1 5.12746E-1 5.16361E-1 5.04308E-1 5.05312E-1 4.99172E-1 5.06135E-1 4.97499E-1 4.84522E-1 -9999 -9999 -9999 -9999 -9999 -9999 -9999 -9999 -9999 -9999 -9999 -9999 -9999 -9999 -9999 -9999 -9999 -9999 -9999 -9999 -9999 -9999 -9999 4.39196E-1 4.53978E-1 4.42029E-1 4.27041E-1 4.23771E-1 4.17461E-1 4.21551E-1 4.17844E-1 4.14812E-1 3.96156E-1 4.16163E-1 4.11109E-1 3.95441E-1 3.9023E-1 3.80081E-1 3.7774E-1 3.92676E-1 3.7217E-1 3.69987E-1 3.7886E-1 3.77825E-1 3.71281E-1 3.74318E-1 3.71542E-1 3.54695E-1
5.59093E-1 4.7298E-1 4.70426E-1 4.63484E-1 5.39892E-1 5.56974E-1 5.49109E-1 5.48693E-1 5.2487E-1 5.21835E-1 5.15427E-1 5.4751E-1 5.48602E-1 5.35676E-1 5.28935E-1 5.22745E-1 5.21217E-1 5.19511E-1 5.19032E-1 5.07365E-1 5.02932E-1 5.18779E-1 5.11269E-1 4.9067E-1 -9999 -9999 -9999 -9999 -9999 -9999 -9999 -9999 -9999 -9999 -9999 -9999 -9999 -9999 -9999 -9999 -9999 -9999 -9999 -9999 -9999 -9999 -9999 -9999 4.45317E-1 4.61759E-1 4.7338E-1 4.31442E-1 4.20907E-1 4.2736E-1 4.23392E-1 4.19599E-1 4.18972E-1 4.20373E-1 4.0337E-1 3.98478E-1 4.00553E-1 3.7623E-1 3.75607E-1 3.78522E-1 3.77463E-1 3.78468E-1 3.8823E-1 3.72752E-1 3.69237E-1 3.73224E-1 3.76533E-1 3.78018E-1
