Artocarpus altilis SDM files/MIS19/results (with bias file)/Artalt_1.asc
ncols         1201
nrows         481
xllcorner     119.99986351115
yllcorner     -15.00013828885
cellsize      0.041666667
NODATA_value  -9999
[rows 288 to 319 of 481, columns 576 to 647 of 1201]
2.31869E-1 2.72189E-1 2.27529E-1 2.16317E-1 2.14843E-1 2.70551E-1 3.46298E-1 4.2641E-1 4.27722E-1 4.16265E-1 1.60542E-1 8.26807E-2 5.72177E-2 4.48402E-2 1.71913E-1 5.35703E-2 5.92971E-2 2.49181E-1 3.10237E-1 2.16026E-1 1.82004E-1 1.24882E-1 2.66871E-1 1.71608E-1 1.63253E-1 2.28349E-1 3.03975E-1 2.7501E-1 1.88676E-1 2.15635E-1 1.75852E-1 3.56816E-1 3.36091E-1 3.43822E-1 3.301E-1 2.36094E-1 2.07089E-1 2.54796E-1 2.46819E-1 2.39318E-1 1.89661E-1 1.57523E-1 1.49263E-1 1.51698E-1 1.46741E-1 1.63532E-1 1.30383E-1 1.42433E-1 1.81328E-1 1.79928E-1 1.92916E-1 2.05097E-1 2.33104E-1 2.12055E-1 2.2716E-1 2.17125E-1 2.15851E-1 2.09958E-1 2.10878E-1 1.89376E-1 2.23473E-1 1.3679E-1 2.86773E-1 2.04465E-1 2.03116E-1 1.78423E-1 6.67643E-2 1.49986E-1 2.38768E-1 3.33537E-1 5.37396E-1 5.32719E-1
2.98827E-1 3.51931E-1 3.05743E-1 2.09719E-1 2.13439E-1 2.00175E-1 2.26381E-1 4.3892E-1 4.01768E-1 2.50473E-1 1.35636E-1 9.33384E-2 1.64708E-1 1.17999E-1 2.06638E-1 1.88271E-1 2.0608E-1 2.55095E-1 3.158E-1 2.08483E-1 2.60097E-1 2.12878E-1 2.22147E-1 2.36708E-1 2.42131E-1 1.92341E-1 2.75E-1 3.07121E-1 2.414E-1 1.93789E-1 1.71496E-1 2.97367E-1 3.70093E-1 3.37832E-1 2.83154E-1 3.04249E-1 3.13371E-1 3.15782E-1 2.53511E-1 2.65265E-1 2.03854E-1 1.82681E-1 1.68497E-1 1.64236E-1 1.50588E-1 1.5042E-1 1.46054E-1 1.7257E-1 1.85495E-1 1.80666E-1 2.1105E-1 2.10104E-1 2.36085E-1 2.30003E-1 2.20526E-1 2.1683E-1 2.36013E-1 2.07459E-1 2.03369E-1 1.98557E-1 2.05514E-1 1.90486E-1 2.53096E-1 2.13589E-1 2.02561E-1 2.11473E-1 5.2827E-2 1.2985E-1 1.97051E-1 2.34758E-1 2.65113E-1 4.0251E-1
3.46924E-1 3.77255E-1 3.78637E-1 2.94056E-1 2.15947E-1 2.09851E-1 2.01062E-1 3.8292E-1 3.18827E-1 3.12293E-1 3.09434E-1 1.7059E-1 1.76851E-1 2.05471E-1 2.27567E-1 2.42975E-1 2.64258E-1 2.95786E-1 3.01445E-1 2.60855E-1 2.99368E-1 1.72612E-1 1.69314E-1 1.51435E-1 1.1239E-1 1.38569E-1 2.31478E-1 3.84565E-1 2.96671E-1 3.55166E-1 4.2065E-1 4.7192E-1 3.88626E-1 1.83297E-1 2.13344E-1 3.49845E-1 3.03442E-1 2.49891E-1 3.05857E-1 2.62627E-1 1.90617E-1 1.78185E-1 2.08242E-1 1.80151E-1 1.23437E-1 1.16817E-1 1.51184E-1 1.54677E-1 1.96439E-1 2.07034E-1 1.89231E-1 2.05346E-1 1.98533E-1 1.85526E-1 1.88912E-1 2.10452E-1 2.22652E-1 2.15863E-1 1.98006E-1 2.20668E-1 2.20417E-1 2.53933E-1 2.34646E-1 1.95409E-1 2.12531E-1 2.01284E-1 6.89693E-2 1.95303E-1 2.15529E-1 3.21719E-1 3.14776E-1 3.25842E-1
3.93944E-1 3.90116E-1 3.63152E-1 3.88766E-1 3.29845E-1 2.26688E-1 2.00936E-1 2.8883E-1 3.58271E-1 4.13148E-1 4.0219E-1 3.14858E-1 2.23691E-1 2.56888E-1 2.46905E-1 2.72957E-1 2.73591E-1 3.03096E-1 3.56632E-1 3.18729E-1 2.03395E-1 1.79751E-1 3.4558E-1 2.7159E-1 1.6275E-1 2.71114E-1 2.83722E-1 2.08288E-1 2.69729E-1 2.83326E-1 2.34642E-1 4.05022E-1 1.61655E-1 3.23061E-1 3.29961E-1 3.8067E-1 3.22004E-1 2.79943E-1 3.26302E-1 2.62389E-1 1.84719E-1 1.86516E-1 1.9606E-1 1.70185E-1 1.33841E-1 1.2196E-1 1.49683E-1 1.65449E-1 1.76249E-1 1.78943E-1 1.73014E-1 1.91308E-1 2.22683E-1 2.1136E-1 2.14382E-1 1.69873E-1 1.86352E-1 1.87177E-1 1.9809E-1 1.79449E-1 1.94587E-1 2.93421E-1 2.33181E-1 1.89279E-1 2.09631E-1 1.73233E-1 7.17967E-2 1.78674E-1 2.7873E-1 3.43087E-1 3.96633E-1 5.00282E-1
3.86935E-1 3.75496E-1 3.64779E-1 3.87205E-1 3.73235E-1 3.66387E-1 2.62174E-1 2.55873E-1 4.10943E-1 4.17079E-1 3.85681E-1 3.49794E-1 2.57264E-1 2.08286E-1 2.7207E-1 2.81668E-1 3.16863E-1 3.07429E-1 4.33941E-1 4.63032E-1 4.4583E-1 4.11712E-1 4.02983E-1 2.07741E-1 1.92332E-1 1.96245E-1 2.90669E-1 1.5095E-1 2.21814E-1 3.24034E-1 2.71421E-1 3.98872E-1 1.43839E-1 3.47095E-1 3.32297E-1 3.69895E-1 2.8752E-1 2.23033E-1 3.16334E-1 2.92132E-1 2.36532E-1 2.16032E-1 2.15001E-1 2.18867E-1 1.48374E-1 1.48947E-1 1.53056E-1 1.57288E-1 2.04986E-1 1.91778E-1 2.03131E-1 1.73107E-1 2.03514E-1 2.07501E-1 1.79808E-1 2.31574E-1 1.83865E-1 1.685E-1 1.89279E-1 1.89195E-1 1.92997E-1 2.86033E-1 2.20325E-1 1.85876E-1 2.00908E-1 1.84812E-1 9.15578E-2 2.16815E-1 2.98318E-1 3.25057E-1 3.55731E-1 3.53139E-1
3.54382E-1 3.65884E-1 3.56728E-1 3.55546E-1 3.64536E-1 3.4883E-1 3.05717E-1 2.58546E-1 2.38265E-1 3.55661E-1 4.04049E-1 4.13687E-1 2.93952E-1 2.64439E-1 2.96277E-1 2.7373E-1 3.93286E-1 3.28092E-1 4.48233E-1 4.99929E-1 4.82487E-1 3.9788E-1 4.20524E-1 3.43405E-1 2.07637E-1 1.86994E-1 2.06769E-1 2.80389E-1 2.80376E-1 2.10211E-1 3.74992E-1 4.01726E-1 1.70044E-1 2.73809E-1 3.8423E-1 3.83019E-1 3.90187E-1 1.97291E-1 1.99236E-1 2.59558E-1 2.45446E-1 2.03323E-1 1.95939E-1 1.76318E-1 1.59606E-1 1.66418E-1 1.69418E-1 1.99568E-1 1.82088E-1 2.13353E-1 2.04855E-1 2.0954E-1 1.92392E-1 1.63879E-1 1.86649E-1 1.76483E-1 1.99496E-1 1.59858E-1 1.69702E-1 1.72685E-1 2.57161E-1 2.25128E-1 2.48201E-1 1.87134E-1 1.89614E-1 1.87023E-1 1.82464E-1 1.03957E-1 2.17886E-1 1.71549E-1 2.3613E-1 2.90102E-1
2.60641E-1 2.85301E-1 3.49929E-1 3.54058E-1 3.58347E-1 3.83301E-1 2.82321E-1 2.1846E-1 1.87585E-1 2.13036E-1 2.33022E-1 3.43734E-1 2.9358E-1 3.00823E-1 3.34228E-1 2.88867E-1 4.12754E-1 4.49494E-1 4.81011E-1 4.94905E-1 4.12838E-1 3.55806E-1 3.59771E-1 3.63691E-1 2.87702E-1 3.11095E-1 2.17522E-1 1.8582E-1 2.48624E-1 2.81103E-1 3.5782E-1 4.58018E-1 2.1171E-1 4.6528E-1 4.26588E-1 4.47076E-1 3.86145E-1 1.98595E-1 1.54834E-1 1.23955E-1 9.74069E-2 9.30755E-2 1.00353E-1 9.65159E-2 1.22138E-1 1.47222E-1 1.56043E-1 1.93699E-1 1.55559E-1 1.79688E-1 2.27987E-1 1.57676E-1 1.94059E-1 1.98888E-1 1.83446E-1 1.7153E-1 1.90033E-1 1.99274E-1 2.09374E-1 2.54975E-1 2.11162E-1 1.73741E-1 2.07448E-1 1.9642E-1 1.72181E-1 1.77094E-1 1.7275E-1 8.31569E-2 1.59756E-1 1.93988E-1 2.3148E-1 3.38096E-1
1.96518E-1 2.39648E-1 3.10008E-1 3.57195E-1 3.57515E-1 3.23998E-1 2.2294E-1 2.26828E-1 2.37584E-1 3.20792E-1 3.33329E-1 2.78154E-1 3.90153E-1 3.62896E-1 3.76018E-1 4.05296E-1 4.16698E-1 4.87052E-1 4.87793E-1 4.59305E-1 4.13873E-1 3.54355E-1 3.59924E-1 3.63102E-1 3.61979E-1 4.09907E-1 3.93563E-1 2.19265E-1 3.48876E-1 3.32013E-1 3.7044E-1 5.14177E-1 2.85073E-1 4.84534E-1 5.4675E-1 3.5476E-1 2.6253E-1 1.50375E-1 1.45983E-1 1.7388E-1 1.94314E-1 1.68987E-1 1.4596E-1 1.48994E-1 8.78585E-2 1.83037E-1 1.9245E-1 1.84736E-1 1.86358E-1 1.73687E-1 1.83147E-1 1.59709E-1 1.90797E-1 1.69608E-1 1.91948E-1 1.93512E-1 1.7157E-1 1.87917E-1 1.94079E-1 2.17528E-1 1.71084E-1 1.6912E-1 2.1014E-1 2.08472E-1 1.90249E-1 1.63986E-1 1.65712E-1 1.13165E-1 2.08814E-1 2.45029E-1 2.65592E-1 3.48524E-1
1.73603E-1 1.89224E-1 2.58196E-1 3.27854E-1 3.38753E-1 2.97192E-1 2.69428E-1 3.16739E-1 3.40131E-1 3.55144E-1 3.8657E-1 3.9169E-1 3.63809E-1 4.02776E-1 4.45925E-1 4.25326E-1 4.42492E-1 4.76879E-1 4.8699E-1 4.7618E-1 4.13053E-1 4.18329E-1 4.25149E-1 4.29359E-1 4.28341E-1 4.33232E-1 5.0611E-1 3.3842E-1 2.6613E-1 5.07415E-1 3.85185E-1 4.6529E-1 4.85653E-1 4.6901E-1 5.55549E-1 3.28161E-1 2.86435E-1 1.85272E-1 1.38714E-1 1.47805E-1 1.58596E-1 1.10375E-1 1.32557E-1 1.02228E-1 6.32892E-2 2.07615E-1 2.03343E-1 1.81834E-1 1.64883E-1 1.7957E-1 1.42702E-1 1.6133E-1 1.86306E-1 1.83358E-1 2.28053E-1 2.0132E-1 1.70211E-1 1.81603E-1 1.7383E-1 1.88467E-1 1.68469E-1 1.51431E-1 1.66366E-1 1.91379E-1 2.28642E-1 1.74877E-1 1.50764E-1 1.28951E-1 1.08136E-1 1.58671E-1 2.32655E-1 2.82871E-1
2.88013E-1 2.54165E-1 2.79423E-1 2.99911E-1 3.5291E-1 3.34559E-1 3.46304E-1 3.46643E-1 3.34844E-1 3.66408E-1 4.03539E-1 4.13008E-1 4.11588E-1 4.37258E-1 4.44017E-1 4.61259E-1 4.64644E-1 4.80061E-1 5.06736E-1 4.76999E-1 4.82903E-1 4.20862E-1 4.25269E-1 4.93168E-1 5.02576E-1 4.33951E-1 5.12756E-1 3.79848E-1 4.02968E-1 3.43644E-1 3.30486E-1 5.36119E-1 5.58056E-1 4.87491E-1 4.93925E-1 4.22649E-1 4.76401E-1 2.78964E-1 1.12658E-1 7.66765E-2 8.29023E-2 4.71538E-2 3.70126E-2 4.5807E-2 1.09075E-1 2.22727E-1 1.4284E-1 1.26467E-1 8.66977E-2 1.35634E-1 1.37293E-1 1.53806E-1 2.28894E-1 2.16951E-1 2.40012E-1 2.17609E-1 1.97453E-1 2.04379E-1 1.64509E-1 1.48568E-1 1.57783E-1 1.52422E-1 1.40778E-1 1.6873E-1 1.87377E-1 1.79041E-1 1.51351E-1 1.3212E-1 1.10912E-1 1.49589E-1 2.01963E-1 2.30435E-1
3.44627E-1 3.11904E-1 2.67558E-1 3.27447E-1 3.40146E-1 3.33695E-1 3.54758E-1 3.3504E-1 3.69857E-1 3.96124E-1 4.08232E-1 4.2425E-1 4.2956E-1 4.43868E-1 4.49816E-1 4.62205E-1 4.6669E-1 4.79615E-1 5.0932E-1 4.61538E-1 4.859E-1 4.93787E-1 4.96731E-1 4.99255E-1 5.052E-1 4.97262E-1 5.45045E-1 3.78962E-1 3.7389E-1 2.27654E-1 3.03398E-1 5.33834E-1 5.56299E-1 5.2088E-1 5.48419E-1 4.00806E-1 4.95283E-1 4.07001E-1 1.32043E-1 6.70001E-2 7.37465E-2 6.28578E-2 1.57419E-1 6.70169E-2 6.0083E-2 1.42704E-1 1.80303E-1 7.45172E-2 7.62913E-2 8.22992E-2 1.19624E-1 1.97272E-1 2.45928E-1 2.60027E-1 2.50976E-1 2.48306E-1 2.0923E-1 2.26577E-1 2.04172E-1 1.98348E-1 1.38333E-1 1.32937E-1 1.53769E-1 1.55053E-1 1.88527E-1 1.89042E-1 1.62651E-1 1.36334E-1 1.19065E-1 1.30834E-1 1.98358E-1 9.81783E-2
2.99502E-1 2.90328E-1 2.49397E-1 2.1914E-1 2.45025E-1 3.45579E-1 3.6936E-1 3.73071E-1 3.18313E-1 3.95674E-1 4.09158E-1 4.18964E-1 4.36769E-1 4.47952E-1 4.55114E-1 4.81504E-1 4.90887E-1 5.03111E-1 4.88229E-1 4.94209E-1 5.2187E-1 4.93842E-1 4.76131E-1 5.31086E-1 5.35588E-1 5.40518E-1 5.46798E-1 5.05123E-1 3.30121E-1 3.58165E-1 2.989E-1 5.23558E-1 5.31531E-1 5.21612E-1 5.50061E-1 5.07672E-1 4.97525E-1 5.16445E-1 2.42675E-1 8.35003E-2 1.38869E-1 2.85481E-1 1.17325E-1 8.13693E-2 3.53705E-2 8.79857E-2 2.29893E-1 1.31061E-1 8.96039E-2 1.07748E-1 9.38569E-2 2.05737E-1 2.73547E-1 2.76984E-1 2.48123E-1 2.41619E-1 2.37001E-1 2.2146E-1 1.99636E-1 2.04898E-1 1.43582E-1 1.07152E-1 1.22455E-1 1.37898E-1 1.53257E-1 1.80768E-1 1.418E-1 1.25484E-1 1.05351E-1 1.6784E-1 1.16748E-1 6.54694E-2
3.29893E-1 3.25948E-1 3.21645E-1 2.82489E-1 2.97072E-1 3.00469E-1 3.74187E-1 3.73408E-1 3.83796E-1 3.9507E-1 4.04092E-1 4.16057E-1 4.28873E-1 4.49403E-1 4.80086E-1 4.88422E-1 4.97077E-1 4.99769E-1 5.08232E-1 5.14399E-1 5.25559E-1 5.0708E-1 5.12299E-1 5.35128E-1 5.35945E-1 5.40037E-1 5.47063E-1 5.44315E-1 4.68985E-1 3.78408E-1 2.76605E-1 4.82266E-1 5.40408E-1 5.55894E-1 5.48598E-1 5.44372E-1 3.51919E-1 4.32767E-1 3.23657E-1 1.60028E-1 2.44716E-1 3.45095E-1 4.6565E-2 2.49767E-2 3.47987E-2 2.06845E-1 2.73961E-1 6.84997E-2 1.49562E-1 9.42753E-2 1.00212E-1 2.67696E-1 2.88438E-1 2.21483E-1 2.11427E-1 2.30617E-1 2.56978E-1 2.03995E-1 2.0952E-1 2.07098E-1 1.99633E-1 1.64999E-1 1.42551E-1 1.15829E-1 1.31696E-1 1.49613E-1 1.32893E-1 1.19637E-1 1.19835E-1 1.57628E-1 1.15388E-1 8.52144E-2
3.27847E-1 3.23054E-1 3.19022E-1 3.2007E-1 3.2361E-1 3.27994E-1 3.64068E-1 3.76917E-1 3.74564E-1 3.90415E-1 4.08949E-1 4.20502E-1 4.5434E-1 4.69451E-1 4.81303E-1 4.86874E-1 5.03634E-1 5.10998E-1 5.18236E-1 5.25105E-1 5.17842E-1 5.26128E-1 5.30789E-1 5.34551E-1 5.36895E-1 5.42875E-1 5.41813E-1 5.4517E-1 5.39058E-1 4.52763E-1 4.08424E-1 3.80836E-1 5.29095E-1 5.86275E-1 5.68609E-1 5.44012E-1 4.96754E-1 3.53293E-1 3.7775E-1 3.54817E-1 3.97175E-1 2.44366E-1 5.51963E-2 2.99561E-2 2.69852E-2 1.05096E-1 2.77714E-1 9.0045E-2 2.08411E-1 6.42488E-2 8.62452E-2 2.78732E-1 1.88983E-1 1.51134E-1 2.50232E-1 2.08012E-1 2.1718E-1 1.70468E-1 2.14926E-1 2.3797E-1 2.19193E-1 1.70044E-1 1.4364E-1 1.32065E-1 1.12907E-1 1.68363E-1 1.03517E-1 1.26094E-1 1.31668E-1 1.08326E-1 1.82619E-1 8.69422E-2
3.36348E-1 3.30542E-1 3.28087E-1 3.28199E-1 3.46576E-1 3.56887E-1 3.66895E-1 3.7858E-1 3.85233E-1 4.19478E-1 4.31386E-1 4.21896E-1 4.44308E-1 4.66038E-1 4.60404E-1 4.81367E-1 4.97482E-1 5.1369E-1 5.20196E-1 5.19586E-1 5.2647E-1 5.29806E-1 5.27525E-1 5.37572E-1 5.38507E-1 5.55812E-1 5.3839E-1 5.63725E-1 5.66321E-1 5.4043E-1 4.34239E-1 4.47644E-1 4.38699E-1 5.45016E-1 5.78096E-1 5.40562E-1 5.29767E-1 2.46166E-1 3.85239E-1 3.81537E-1 2.73484E-1 1.40804E-1 5.72802E-2 3.24387E-2 4.00398E-2 1.89729E-1 3.06306E-1 2.53931E-1 1.08761E-1 8.1056E-2 9.96308E-2 1.43281E-1 9.83121E-2 2.46966E-1 2.73245E-1 1.96505E-1 3.15166E-1 2.26007E-1 2.2986E-1 2.22737E-1 2.42776E-1 1.56576E-1 1.70461E-1 1.90224E-1 1.25682E-1 1.60063E-1 1.16852E-1 1.33475E-1 9.37627E-2 1.30178E-1 1.70559E-1 1.15402E-1
3.35404E-1 3.35778E-1 3.48448E-1 3.53245E-1 3.60597E-1 3.67015E-1 3.70781E-1 3.8147E-1 3.92566E-1 4.33435E-1 4.38689E-1 4.41964E-1 4.42825E-1 4.58843E-1 4.69564E-1 4.81008E-1 5.18356E-1 4.92286E-1 5.14445E-1 5.18886E-1 5.48624E-1 5.3111E-1 5.31984E-1 5.35496E-1 5.5977E-1 5.61516E-1 5.62805E-1 5.68592E-1 5.66874E-1 5.66511E-1 4.66334E-1 4.77856E-1 4.1557E-1 4.84162E-1 5.27936E-1 5.45903E-1 4.36264E-1 3.39276E-1 4.56635E-1 3.86739E-1 2.3293E-1 1.20774E-1 7.4277E-2 4.49523E-2 2.9949E-2 5.41672E-2 2.36921E-1 3.29704E-1 1.94568E-1 1.70231E-1 8.48667E-2 8.27544E-2 1.04794E-1 1.23992E-1 3.37553E-1 2.05329E-1 2.25614E-1 1.95711E-1 1.94442E-1 2.01913E-1 2.14187E-1 2.11316E-1 2.11579E-1 1.41443E-1 1.27284E-1 1.25873E-1 1.04881E-1 1.21794E-1 1.0522E-1 1.22571E-1 1.74959E-1 1.41684E-1
3.60316E-1 3.60103E-1 3.56826E-1 3.71872E-1 3.71275E-1 3.57336E-1 3.7321E-1 4.03008E-1 4.01049E-1 4.337E-1 4.30152E-1 4.50697E-1 4.51921E-1 4.88524E-1 4.63454E-1 4.79165E-1 5.10662E-1 5.31847E-1 5.07792E-1 5.11079E-1 5.54292E-1 5.53912E-1 5.54082E-1 5.571E-1 5.65132E-1 5.65066E-1 5.66208E-1 5.66011E-1 5.84822E-1 5.65052E-1 5.10758E-1 4.97541E-1 4.70747E-1 4.83284E-1 5.6739E-1 5.29669E-1 4.6952E-1 2.9532E-1 4.87453E-1 2.65296E-1 1.5067E-1 1.32631E-1 7.01769E-2 4.12423E-2 3.47814E-2 7.6608E-2 2.29172E-1 3.02497E-1 3.30378E-1 3.01158E-1 1.56697E-1 8.91908E-2 6.39667E-2 1.72767E-1 3.19933E-1 2.1742E-1 2.58151E-1 1.56407E-1 2.30518E-1 1.75183E-1 2.20073E-1 2.32806E-1 2.21389E-1 9.51247E-2 1.26747E-1 1.17421E-1 1.25553E-1 1.25024E-1 1.42344E-1 9.43867E-2 1.56163E-1 1.53837E-1
3.71906E-1 3.63488E-1 3.65312E-1 3.95588E-1 3.82515E-1 3.99926E-1 4.07092E-1 4.04429E-1 4.31648E-1 4.27808E-1 4.42647E-1 4.42312E-1 4.70504E-1 4.82135E-1 -9999 -9999 -9999 5.34254E-1 5.30684E-1 5.3029E-1 5.4981E-1 5.52072E-1 5.57517E-1 5.59236E-1 5.57289E-1 5.57781E-1 5.61503E-1 5.61262E-1 5.83361E-1 5.85601E-1 5.01238E-1 4.91888E-1 5.24413E-1 5.00449E-1 5.9059E-1 5.45174E-1 4.57079E-1 3.34215E-1 3.5996E-1 2.60847E-1 2.23561E-1 2.71389E-1 1.27723E-1 1.69433E-1 7.6491E-2 8.02971E-2 2.07409E-1 2.9584E-1 3.35116E-1 2.11798E-1 2.28491E-1 9.20783E-2 2.58109E-1 3.4808E-1 3.70495E-1 2.91782E-1 1.97121E-1 1.71655E-1 2.08378E-1 1.99401E-1 2.1169E-1 2.79638E-1 1.73466E-1 1.11636E-1 1.07409E-1 1.34985E-1 1.54932E-1 1.63895E-1 1.76563E-1 8.92346E-2 1.55773E-1 2.45682E-1
3.66496E-1 3.77671E-1 3.97729E-1 4.0024E-1 4.07375E-1 4.00372E-1 4.0488E-1 4.13185E-1 4.30874E-1 4.12309E-1 4.39398E-1 4.5819E-1 -9999 -9999 -9999 -9999 -9999 -9999 -9999 5.63488E-1 5.40708E-1 5.392E-1 5.48488E-1 5.52102E-1 5.54774E-1 5.52819E-1 5.53747E-1 5.53621E-1 5.79254E-1 5.82195E-1 5.22707E-1 5.22118E-1 5.38049E-1 5.14902E-1 5.40971E-1 5.62748E-1 4.77156E-1 3.43307E-1 3.31172E-1 3.39253E-1 3.21122E-1 3.09196E-1 3.24235E-1 1.33083E-1 7.15777E-2 1.10691E-1 2.02674E-1 2.87015E-1 3.58739E-1 3.71925E-1 3.40605E-1 1.47888E-1 3.65398E-1 2.50356E-1 2.98145E-1 4.20217E-1 2.32984E-1 1.76791E-1 1.56429E-1 1.66753E-1 2.93054E-1 2.45065E-1 1.24024E-1 1.7227E-1 1.8237E-1 1.88991E-1 2.14151E-1 1.86145E-1 1.27762E-1 1.39392E-1 2.08534E-1 1.85536E-1
4.00583E-1 3.96042E-1 3.99646E-1 3.93386E-1 4.16809E-1 4.04797E-1 4.11955E-1 -9999 4.50493E-1 4.57858E-1 4.77196E-1 4.76721E-1 4.88398E-1 -9999 -9999 -9999 -9999 -9999 -9999 -9999 5.54966E-1 5.58779E-1 5.60467E-1 5.43399E-1 5.77363E-1 5.73565E-1 5.75975E-1 5.71427E-1 5.71036E-1 5.7719E-1 5.73674E-1 5.61396E-1 5.35926E-1 5.27738E-1 5.63722E-1 5.5895E-1 4.96544E-1 4.72684E-1 3.95816E-1 3.2028E-1 3.24834E-1 3.01942E-1 3.23924E-1 2.57299E-1 2.2239E-1 2.46028E-1 1.2127E-1 2.48804E-1 3.39452E-1 3.87388E-1 4.03212E-1 4.68248E-1 2.68122E-1 1.27721E-1 2.96723E-1 3.94755E-1 3.12863E-1 3.09278E-1 2.68336E-1 2.47227E-1 3.60922E-1 3.09269E-1 1.61489E-1 2.13823E-1 2.50138E-1 2.52439E-1 2.17496E-1 1.67361E-1 1.20538E-1 1.84503E-1 1.42822E-1 1.34591E-1
-9999 -9999 4.38159E-1 4.3328E-1 4.38365E-1 4.32604E-1 4.48801E-1 -9999 -9999 -9999 -9999 5.08299E-1 5.12453E-1 -9999 -9999 -9999 -9999 -9999 -9999 -9999 -9999 -9999 5.89526E-1 5.69466E-1 5.65553E-1 5.66427E-1 5.92231E-1 5.66512E-1 5.94161E-1 5.74326E-1 5.68143E-1 5.41757E-1 5.24757E-1 5.17481E-1 5.52355E-1 5.7634E-1 5.70422E-1 5.38758E-1 5.09892E-1 2.98706E-1 3.37169E-1 4.03573E-1 3.36252E-1 3.0472E-1 2.57168E-1 2.97891E-1 2.44759E-1 2.25754E-1 2.90819E-1 3.48837E-1 4.24334E-1 3.89495E-1 1.28254E-1 1.68453E-1 2.81744E-1 3.38864E-1 2.65891E-1 2.43085E-1 2.32511E-1 3.32846E-1 4.21368E-1 3.60984E-1 3.35741E-1 2.83781E-1 2.79331E-1 2.1535E-1 1.69752E-1 1.68149E-1 1.61117E-1 1.26482E-1 1.26699E-1 1.94466E-1
-9999 -9999 -9999 -9999 -9999 -9999 -9999 -9999 -9999 -9999 -9999 -9999 -9999 -9999 -9999 -9999 -9999 -9999 -9999 -9999 -9999 -9999 -9999 -9999 5.89567E-1 -9999 -9999 5.90578E-1 5.9342E-1 5.92014E-1 5.91199E-1 5.80883E-1 5.30831E-1 5.36791E-1 5.84504E-1 5.72886E-1 5.67824E-1 5.6368E-1 4.87435E-1 3.43283E-1 4.08411E-1 4.36184E-1 5.14254E-1 4.10754E-1 3.37291E-1 2.99958E-1 2.97591E-1 3.31217E-1 2.77117E-1 3.55198E-1 1.473E-1 4.29621E-1 2.41375E-1 1.73278E-1 3.65149E-1 2.76306E-1 2.55597E-1 2.48572E-1 2.44153E-1 2.96827E-1 3.93171E-1 4.30686E-1 3.81757E-1 2.71781E-1 2.05635E-1 1.44334E-1 1.41456E-1 1.3146E-1 1.23785E-1 1.48065E-1 1.70372E-1 1.69882E-1
-9999 -9999 -9999 -9999 -9999 -9999 -9999 -9999 -9999 -9999 -9999 -9999 -9999 -9999 -9999 -9999 -9999 -9999 -9999 -9999 -9999 -9999 -9999 -9999 -9999 -9999 -9999 -9999 -9999 -9999 -9999 -9999 6.07136E-1 5.78734E-1 5.86459E-1 5.5643E-1 5.52152E-1 5.47158E-1 5.44789E-1 4.01583E-1 5.53114E-1 5.76849E-1 5.70029E-1 5.78E-1 4.91255E-1 3.2107E-1 3.03682E-1 4.03169E-1 3.73881E-1 4.01175E-1 2.68679E-1 5.18653E-1 2.70599E-1 2.41425E-1 3.24209E-1 1.93191E-1 2.74087E-1 3.20102E-1 2.38171E-1 2.83757E-1 4.40806E-1 4.70008E-1 3.81071E-1 3.10444E-1 1.95844E-1 1.26898E-1 1.40774E-1 1.41358E-1 1.44953E-1 1.1585E-1 1.23758E-1 1.21325E-1
-9999 -9999 -9999 -9999 -9999 -9999 -9999 -9999 -9999 -9999 -9999 -9999 -9999 -9999 -9999 -9999 -9999 -9999 -9999 -9999 -9999 -9999 -9999 -9999 -9999 -9999 -9999 -9999 -9999 -9999 -9999 -9999 -9999 6.06377E-1 6.06166E-1 5.8228E-1 6.04376E-1 5.82895E-1 5.78462E-1 5.32694E-1 5.87598E-1 5.881E-1 5.93053E-1 5.71816E-1 5.73363E-1 4.87046E-1 4.52339E-1 5.24949E-1 5.20105E-1 5.17798E-1 4.56127E-1 2.06717E-1 3.75895E-1 2.79097E-1 2.17708E-1 2.14881E-1 3.42709E-1 4.04929E-1 2.48633E-1 3.3202E-1 4.51423E-1 4.71807E-1 3.93952E-1 3.41258E-1 2.65499E-1 1.3236E-1 1.2999E-1 1.28907E-1 1.27852E-1 9.82295E-2 1.02798E-1 8.72573E-2
-9999 -9999 -9999 -9999 -9999 -9999 -9999 -9999 -9999 -9999 -9999 -9999 -9999 -9999 -9999 -9999 -9999 -9999 -9999 -9999 -9999 -9999 -9999 -9999 -9999 -9999 -9999 -9999 -9999 -9999 -9999 -9999 -9999 -9999 -9999 -9999 -9999 -9999 -9999 5.97939E-1 6.00138E-1 6.04911E-1 5.77681E-1 5.58293E-1 5.16545E-1 5.44039E-1 5.42264E-1 5.23986E-1 5.25524E-1 5.18474E-1 3.25914E-1 2.72026E-1 2.90033E-1 2.39684E-1 2.3006E-1 2.23463E-1 4.36584E-1 4.79815E-1 2.4588E-1 3.22969E-1 4.4724E-1 4.89161E-1 4.19298E-1 3.85295E-1 2.40592E-1 1.4533E-1 1.70803E-1 1.10578E-1 9.70619E-2 1.09944E-1 8.88216E-2 9.56623E-2
-9999 -9999 -9999 -9999 -9999 -9999 -9999 -9999 -9999 -9999 -9999 -9999 -9999 -9999 -9999 -9999 -9999 -9999 -9999 -9999 -9999 -9999 -9999 -9999 -9999 -9999 -9999 -9999 -9999 -9999 -9999 -9999 -9999 -9999 -9999 -9999 -9999 -9999 -9999 -9999 -9999 -9999 -9999 4.93394E-1 5.33998E-1 5.6379E-1 5.89275E-1 5.86154E-1 5.53189E-1 2.84373E-1 2.37837E-1 2.39703E-1 2.08195E-1 2.42815E-1 2.378E-1 2.66231E-1 5.19819E-1 5.18425E-1 4.24432E-1 3.81711E-1 4.40177E-1 4.39836E-1 3.68747E-1 3.73663E-1 2.44922E-1 1.84885E-1 1.60684E-1 1.54712E-1 1.20425E-1 1.56339E-1 9.75428E-2 1.05044E-1
-9999 -9999 -9999 -9999 -9999 -9999 -9999 -9999 -9999 -9999 -9999 -9999 -9999 -9999 -9999 -9999 -9999 -9999 -9999 -9999 -9999 -9999 -9999 -9999 -9999 -9999 -9999 -9999 -9999 -9999 -9999 -9999 -9999 -9999 -9999 -9999 -9999 -9999 -9999 -9999 -9999 -9999 -9999 -9999 6.03333E-1 6.07989E-1 6.06333E-1 5.69996E-1 3.50229E-1 2.49754E-1 2.50291E-1 2.50994E-1 2.08966E-1 2.52644E-1 2.46779E-1 2.76179E-1 5.89321E-1 5.31384E-1 4.40945E-1 4.11542E-1 4.93746E-1 3.6903E-1 3.13991E-1 3.04775E-1 3.2388E-1 2.71294E-1 2.6452E-1 1.68701E-1 1.46631E-1 1.70899E-1 1.07971E-1 9.6532E-2
-9999 -9999 -9999 -9999 -9999 -9999 -9999 -9999 -9999 -9999 -9999 -9999 -9999 -9999 -9999 -9999 -9999 -9999 -9999 -9999 -9999 -9999 -9999 -9999 -9999 -9999 -9999 -9999 -9999 -9999 -9999 -9999 -9999 -9999 -9999 -9999 -9999 -9999 -9999 -9999 -9999 -9999 -9999 -9999 -9999 -9999 -9999 -9999 -9999 2.50165E-1 2.49575E-1 2.52186E-1 2.51439E-1 2.527E-1 3.01403E-1 3.26586E-1 4.72241E-1 5.10864E-1 5.01389E-1 3.87115E-1 4.23511E-1 3.41407E-1 2.50763E-1 2.78814E-1 2.96483E-1 2.0475E-1 2.59634E-1 1.87473E-1 2.08003E-1 1.81352E-1 1.25485E-1 8.45904E-2
-9999 -9999 -9999 -9999 -9999 -9999 -9999 -9999 -9999 -9999 -9999 -9999 -9999 -9999 -9999 -9999 -9999 -9999 -9999 -9999 -9999 -9999 -9999 -9999 -9999 -9999 -9999 -9999 -9999 -9999 -9999 -9999 -9999 -9999 -9999 -9999 -9999 -9999 -9999 -9999 -9999 -9999 -9999 -9999 -9999 -9999 -9999 -9999 -9999 -9999 2.517E-1 2.52077E-1 3.04309E-1 2.97497E-1 4.13591E-1 3.89879E-1 4.4716E-1 5.55434E-1 5.61638E-1 3.62116E-1 3.7617E-1 3.13829E-1 2.54789E-1 2.53564E-1 2.87235E-1 2.17797E-1 1.95467E-1 2.21897E-1 1.95707E-1 1.47078E-1 1.11176E-1 9.45814E-2
-9999 -9999 -9999 -9999 -9999 -9999 -9999 -9999 -9999 -9999 -9999 -9999 -9999 -9999 -9999 -9999 -9999 -9999 -9999 -9999 -9999 -9999 -9999 -9999 -9999 -9999 -9999 -9999 -9999 -9999 -9999 -9999 -9999 -9999 -9999 -9999 -9999 -9999 -9999 -9999 -9999 -9999 -9999 -9999 -9999 -9999 -9999 -9999 -9999 -9999 2.63207E-1 3.02143E-1 3.62923E-1 4.11683E-1 5.50624E-1 5.29021E-1 5.63153E-1 5.75385E-1 5.96447E-1 4.01646E-1 3.73573E-1 3.29533E-1 2.86959E-1 2.8942E-1 2.98393E-1 2.6893E-1 1.68341E-1 1.5107E-1 1.48766E-1 1.20626E-1 1.54967E-1 1.19479E-1
-9999 -9999 -9999 -9999 -9999 -9999 -9999 -9999 -9999 -9999 -9999 -9999 -9999 -9999 -9999 -9999 -9999 -9999 -9999 -9999 -9999 -9999 -9999 -9999 -9999 -9999 -9999 -9999 -9999 -9999 -9999 -9999 -9999 -9999 -9999 -9999 -9999 -9999 -9999 -9999 -9999 -9999 -9999 -9999 -9999 -9999 -9999 -9999 -9999 -9999 -9999 3.75353E-1 4.24471E-1 4.94376E-1 5.87301E-1 5.90743E-1 5.65668E-1 5.70921E-1 6.08317E-1 4.6044E-1 3.92297E-1 3.34678E-1 3.10439E-1 3.29518E-1 3.20763E-1 2.09533E-1 1.35776E-1 1.91063E-1 1.72697E-1 1.26033E-1 1.83744E-1 1.46588E-1
-9999 -9999 -9999 -9999 -9999 -9999 -9999 -9999 -9999 -9999 -9999 -9999 -9999 -9999 -9999 -9999 -9999 -9999 -9999 -9999 -9999 -9999 -9999 -9999 -9999 -9999 -9999 -9999 -9999 -9999 -9999 -9999 -9999 -9999 -9999 -9999 -9999 -9999 -9999 -9999 -9999 -9999 -9999 -9999 -9999 -9999 -9999 -9999 -9999 -9999 -9999 -9999 4.94378E-1 6.29558E-1 6.13372E-1 5.94692E-1 5.52008E-1 5.79039E-1 5.69914E-1 5.97214E-1 4.63018E-1 3.90992E-1 3.72141E-1 3.89059E-1 3.38361E-1 2.40761E-1 1.92323E-1 2.52735E-1 2.18338E-1 1.51666E-1 2.00996E-1 1.90381E-1
