Artocarpus altilis SDM files/MIS19/results (with bias file)/Artalt_max.asc
ncols         1201
nrows         481
xllcorner     119.99986351115
yllcorner     -15.00013828885
cellsize      0.041666667
NODATA_value  -9999
[rows 160 to 191 of 481, columns 432 to 503 of 1201]
4.51146E-1 4.52588E-1 4.52727E-1 4.49756E-1 4.56414E-1 3.97517E-1 4.08893E-1 -9999 -9999 -9999 -9999 -9999 -9999 -9999 -9999 -9999 -9999 -9999 -9999 3.68167E-1 -9999 -9999 -9999 -9999 -9999 -9999 -9999 -9999 -9999 -9999 -9999 -9999 -9999 -9999 -9999 -9999 -9999 -9999 -9999 -9999 -9999 -9999 -9999 -9999 -9999 -9999 -9999 -9999 -9999 -9999 -9999 -9999 -9999 -9999 -9999 -9999 -9999 -9999 -9999 -9999 -9999 -9999 -9999 -9999 -9999 -9999 -9999 -9999 -9999 -9999 -9999 -9999
4.43888E-1 4.43759E-1 4.46617E-1 4.47404E-1 4.46882E-1 4.4623E-1 4.50627E-1 4.05802E-1 4.27533E-1 -9999 -9999 -9999 -9999 -9999 -9999 -9999 -9999 -9999 3.80514E-1 4.11692E-1 -9999 -9999 -9999 -9999 -9999 -9999 -9999 -9999 -9999 -9999 -9999 -9999 -9999 -9999 -9999 -9999 -9999 -9999 -9999 -9999 -9999 -9999 -9999 -9999 -9999 -9999 -9999 -9999 -9999 -9999 -9999 -9999 -9999 -9999 -9999 -9999 -9999 -9999 -9999 -9999 -9999 -9999 -9999 -9999 -9999 -9999 -9999 -9999 -9999 -9999 -9999 -9999
5.14042E-1 5.15463E-1 5.24239E-1 5.25653E-1 5.18086E-1 5.28695E-1 5.11098E-1 4.53449E-1 4.70388E-1 4.73176E-1 4.85451E-1 4.2246E-1 -9999 -9999 -9999 -9999 -9999 -9999 -9999 -9999 -9999 -9999 -9999 -9999 -9999 -9999 -9999 -9999 -9999 -9999 -9999 -9999 -9999 -9999 -9999 -9999 -9999 -9999 -9999 -9999 -9999 -9999 -9999 -9999 -9999 -9999 -9999 -9999 -9999 -9999 -9999 -9999 -9999 -9999 -9999 -9999 -9999 -9999 -9999 -9999 -9999 -9999 -9999 -9999 -9999 -9999 -9999 -9999 -9999 -9999 -9999 -9999
5.33649E-1 5.05374E-1 5.17679E-1 5.44819E-1 5.33559E-1 5.47843E-1 5.43828E-1 5.37156E-1 5.39807E-1 5.36512E-1 5.43715E-1 5.43317E-1 4.70849E-1 4.74874E-1 4.82947E-1 4.89969E-1 -9999 -9999 -9999 -9999 -9999 -9999 -9999 -9999 -9999 -9999 -9999 -9999 -9999 -9999 -9999 -9999 -9999 -9999 -9999 -9999 -9999 -9999 -9999 -9999 -9999 -9999 -9999 -9999 -9999 -9999 -9999 -9999 -9999 -9999 -9999 -9999 -9999 -9999 -9999 -9999 -9999 -9999 -9999 -9999 -9999 -9999 -9999 -9999 -9999 -9999 -9999 -9999 -9999 -9999 -9999 -9999
5.10532E-1 5.20433E-1 5.51301E-1 5.60579E-1 5.79419E-1 5.6525E-1 5.68881E-1 5.83999E-1 5.77596E-1 5.84343E-1 5.84702E-1 5.86665E-1 5.5907E-1 5.53349E-1 5.43946E-1 5.38406E-1 4.79047E-1 4.33396E-1 -9999 -9999 -9999 -9999 -9999 -9999 -9999 -9999 -9999 -9999 -9999 -9999 -9999 -9999 -9999 -9999 -9999 -9999 -9999 -9999 -9999 -9999 -9999 -9999 -9999 -9999 -9999 -9999 -9999 -9999 -9999 -9999 -9999 -9999 -9999 -9999 -9999 -9999 -9999 -9999 -9999 -9999 -9999 -9999 -9999 -9999 -9999 -9999 -9999 -9999 -9999 -9999 -9999 -9999
4.49893E-1 4.74001E-1 5.20983E-1 5.57104E-1 5.60356E-1 5.65246E-1 5.23476E-1 5.40067E-1 5.43634E-1 4.97404E-1 4.54593E-1 5.53117E-1 5.19979E-1 5.29175E-1 5.67615E-1 5.51575E-1 5.41999E-1 4.7972E-1 4.43165E-1 -9999 -9999 -9999 -9999 -9999 -9999 -9999 -9999 -9999 -9999 -9999 -9999 -9999 -9999 -9999 -9999 -9999 -9999 -9999 -9999 -9999 -9999 -9999 -9999 -9999 -9999 -9999 -9999 -9999 -9999 -9999 -9999 -9999 -9999 -9999 -9999 -9999 -9999 -9999 -9999 -9999 -9999 -9999 -9999 -9999 -9999 -9999 -9999 -9999 -9999 -9999 -9999 -9999
5.466E-1 5.43957E-1 5.29737E-1 5.54936E-1 5.25771E-1 5.00619E-1 4.39489E-1 4.88455E-1 3.94501E-1 3.40238E-1 4.97312E-1 3.87412E-1 4.66003E-1 5.52933E-1 5.58332E-1 5.84068E-1 5.62518E-1 5.57397E-1 5.49968E-1 5.06336E-1 -9999 -9999 -9999 -9999 -9999 -9999 -9999 -9999 -9999 -9999 -9999 -9999 -9999 -9999 -9999 -9999 -9999 -9999 -9999 -9999 -9999 -9999 -9999 -9999 -9999 -9999 -9999 -9999 -9999 -9999 -9999 -9999 -9999 -9999 -9999 -9999 -9999 -9999 -9999 -9999 -9999 -9999 -9999 -9999 -9999 -9999 -9999 -9999 -9999 -9999 -9999 -9999
5.1917E-1 5.51929E-1 5.14451E-1 5.11376E-1 5.11504E-1 5.05306E-1 4.33843E-1 3.24364E-1 2.81973E-1 3.53451E-1 4.59169E-1 3.53521E-1 4.88852E-1 5.12117E-1 5.33213E-1 5.2518E-1 5.78519E-1 5.99692E-1 5.82438E-1 5.9384E-1 5.44545E-1 5.38125E-1 4.93315E-1 4.71199E-1 4.63546E-1 -9999 -9999 -9999 -9999 -9999 -9999 -9999 -9999 -9999 -9999 -9999 -9999 -9999 -9999 -9999 -9999 -9999 -9999 -9999 -9999 -9999 -9999 -9999 -9999 -9999 -9999 -9999 -9999 -9999 -9999 -9999 -9999 -9999 -9999 -9999 -9999 -9999 -9999 -9999 -9999 -9999 -9999 -9999 -9999 -9999 -9999 -9999
3.99111E-1 4.44092E-1 4.17401E-1 4.52438E-1 4.33154E-1 4.55363E-1 4.83721E-1 3.82714E-1 2.76198E-1 2.95218E-1 3.21361E-1 4.40416E-1 4.54082E-1 4.66959E-1 4.10137E-1 4.82165E-1 5.42773E-1 5.95155E-1 6.58525E-1 6.6516E-1 5.3223E-1 6.24213E-1 6.05052E-1 5.3252E-1 5.43314E-1 4.90963E-1 -9999 4.80103E-1 -9999 -9999 -9999 -9999 -9999 -9999 -9999 -9999 -9999 -9999 -9999 -9999 -9999 -9999 -9999 -9999 -9999 -9999 -9999 -9999 -9999 -9999 -9999 -9999 -9999 -9999 -9999 -9999 -9999 -9999 -9999 -9999 -9999 -9999 -9999 -9999 -9999 -9999 -9999 -9999 -9999 -9999 -9999 -9999
4.39061E-1 3.73353E-1 3.31358E-1 2.96139E-1 4.31888E-1 4.10202E-1 4.98195E-1 4.34485E-1 3.96506E-1 2.36635E-1 3.14101E-1 3.47012E-1 4.87804E-1 4.94054E-1 3.97329E-1 4.03767E-1 4.96846E-1 5.87099E-1 6.55836E-1 3.88844E-1 2.86448E-1 5.54362E-1 6.29985E-1 6.28298E-1 6.09586E-1 5.48646E-1 5.61262E-1 4.85599E-1 -9999 5.07187E-1 5.09061E-1 -9999 -9999 -9999 -9999 -9999 -9999 -9999 -9999 -9999 -9999 -9999 -9999 -9999 -9999 -9999 -9999 -9999 -9999 -9999 -9999 -9999 -9999 -9999 -9999 -9999 -9999 -9999 -9999 -9999 -9999 -9999 -9999 -9999 -9999 -9999 -9999 -9999 -9999 -9999 -9999 -9999
4.52824E-1 4.4633E-1 4.21476E-1 3.15508E-1 2.79897E-1 3.98652E-1 4.59521E-1 4.76156E-1 4.60961E-1 3.06822E-1 2.80227E-1 3.15529E-1 4.3149E-1 4.46195E-1 4.54316E-1 4.17733E-1 4.35141E-1 5.55163E-1 6.14122E-1 2.46327E-1 4.70079E-1 5.93441E-1 6.19339E-1 5.90596E-1 6.38815E-1 6.49168E-1 6.24288E-1 6.26981E-1 5.65178E-1 5.11371E-1 -9999 -9999 -9999 -9999 -9999 -9999 -9999 -9999 -9999 -9999 -9999 -9999 -9999 -9999 -9999 -9999 -9999 -9999 -9999 -9999 -9999 -9999 -9999 -9999 -9999 -9999 -9999 -9999 -9999 -9999 -9999 -9999 -9999 -9999 -9999 -9999 -9999 -9999 -9999 -9999 -9999 -9999
3.91247E-1 4.1353E-1 4.09603E-1 3.7955E-1 2.242E-1 2.18387E-1 3.57413E-1 4.82241E-1 4.66132E-1 3.54916E-1 2.22588E-1 2.14332E-1 3.27587E-1 2.38477E-1 3.57589E-1 4.61633E-1 3.85629E-1 5.09199E-1 5.27166E-1 3.46307E-1 4.98133E-1 6.03952E-1 6.07725E-1 5.5712E-1 6.11863E-1 6.67344E-1 6.32478E-1 6.51489E-1 6.36804E-1 5.69628E-1 5.26983E-1 5.30448E-1 -9999 -9999 4.87286E-1 4.8857E-1 4.89244E-1 -9999 -9999 -9999 -9999 -9999 -9999 -9999 -9999 -9999 -9999 -9999 -9999 -9999 -9999 -9999 -9999 -9999 -9999 -9999 -9999 -9999 -9999 -9999 -9999 -9999 -9999 -9999 -9999 -9999 -9999 -9999 -9999 -9999 -9999 -9999
3.98467E-1 3.39628E-1 3.18252E-1 4.09076E-1 3.12363E-1 2.61941E-1 2.25174E-1 3.84952E-1 4.53168E-1 3.89088E-1 3.08938E-1 2.64139E-1 3.01782E-1 2.48029E-1 2.83589E-1 3.47812E-1 3.20843E-1 4.47063E-1 4.58439E-1 4.8911E-1 5.67686E-1 5.87181E-1 5.8809E-1 5.82938E-1 6.27043E-1 6.40949E-1 6.48106E-1 6.3564E-1 6.2989E-1 6.59923E-1 6.57144E-1 5.87253E-1 6.03335E-1 5.50113E-1 -9999 -9999 5.5961E-1 -9999 -9999 -9999 -9999 -9999 -9999 -9999 -9999 -9999 -9999 -9999 -9999 -9999 -9999 -9999 -9999 -9999 -9999 -9999 -9999 -9999 -9999 -9999 -9999 -9999 -9999 -9999 -9999 -9999 -9999 -9999 -9999 -9999 -9999 -9999
3.8385E-1 3.46659E-1 3.73539E-1 2.91778E-1 3.10968E-1 2.22487E-1 2.56773E-1 2.06994E-1 3.61239E-1 4.4905E-1 4.31193E-1 3.73757E-1 3.18902E-1 3.69342E-1 2.84275E-1 2.52227E-1 3.43997E-1 4.242E-1 3.65867E-1 4.51771E-1 5.19204E-1 6.21462E-1 6.19736E-1 6.05488E-1 6.43506E-1 6.64648E-1 6.73342E-1 6.3461E-1 5.95365E-1 6.44466E-1 6.82703E-1 6.63747E-1 6.86633E-1 6.87674E-1 6.19994E-1 5.51481E-1 5.82333E-1 -9999 -9999 -9999 -9999 -9999 -9999 -9999 -9999 -9999 -9999 -9999 -9999 -9999 -9999 -9999 -9999 -9999 -9999 -9999 -9999 -9999 -9999 -9999 -9999 -9999 -9999 -9999 -9999 -9999 -9999 -9999 -9999 -9999 -9999 -9999
2.5901E-1 3.26188E-1 3.97947E-1 3.67483E-1 2.82729E-1 3.08426E-1 2.81424E-1 3.2248E-1 3.37354E-1 4.31479E-1 4.39413E-1 4.42741E-1 4.2883E-1 3.3302E-1 3.67069E-1 2.50374E-1 2.52738E-1 3.34971E-1 3.2455E-1 3.06767E-1 5.0459E-1 5.9924E-1 5.8854E-1 4.96035E-1 4.26887E-1 4.39501E-1 3.77857E-1 3.32476E-1 2.82747E-1 5.87311E-1 6.11544E-1 6.62647E-1 7.41104E-1 7.57081E-1 7.45101E-1 6.94828E-1 6.23583E-1 5.83281E-1 -9999 -9999 -9999 -9999 -9999 -9999 -9999 -9999 -9999 -9999 -9999 -9999 -9999 -9999 -9999 -9999 -9999 -9999 -9999 -9999 -9999 -9999 -9999 -9999 -9999 -9999 -9999 -9999 -9999 -9999 -9999 -9999 -9999 -9999
3.49288E-1 3.3549E-1 3.10776E-1 2.58019E-1 2.22983E-1 2.62754E-1 3.16193E-1 2.89529E-1 3.63333E-1 3.71017E-1 4.42224E-1 4.55869E-1 4.50892E-1 4.21077E-1 3.71196E-1 2.78188E-1 3.41197E-1 3.66184E-1 3.95335E-1 4.16167E-1 5.00621E-1 4.39855E-1 3.15681E-1 2.58755E-1 2.33203E-1 2.59869E-1 3.28374E-1 3.69613E-1 4.18409E-1 5.1675E-1 4.72704E-1 6.27428E-1 6.71136E-1 7.1138E-1 6.06505E-1 5.45638E-1 6.7776E-1 6.29142E-1 5.76782E-1 5.97849E-1 -9999 -9999 -9999 -9999 -9999 -9999 -9999 -9999 -9999 -9999 -9999 -9999 -9999 -9999 -9999 -9999 -9999 -9999 -9999 -9999 -9999 -9999 -9999 -9999 -9999 -9999 -9999 -9999 -9999 -9999 -9999 -9999
4.48748E-1 4.06895E-1 2.8787E-1 2.74996E-1 2.21359E-1 2.54035E-1 2.73814E-1 2.05879E-1 3.50661E-1 3.09528E-1 3.40726E-1 4.34144E-1 4.1507E-1 4.52667E-1 3.5491E-1 2.51329E-1 3.30916E-1 4.58217E-1 4.85411E-1 5.12107E-1 5.32959E-1 5.16414E-1 5.09023E-1 4.86492E-1 4.59713E-1 4.94794E-1 5.32856E-1 5.75651E-1 5.82451E-1 5.93251E-1 5.43246E-1 6.0154E-1 6.75665E-1 6.68782E-1 6.52056E-1 6.28125E-1 5.4408E-1 6.74833E-1 6.39848E-1 6.46214E-1 5.93976E-1 6.02778E-1 -9999 -9999 -9999 -9999 -9999 -9999 -9999 7.68109E-1 7.3393E-1 7.07414E-1 -9999 -9999 -9999 -9999 -9999 -9999 -9999 -9999 -9999 -9999 -9999 -9999 -9999 -9999 -9999 -9999 -9999 -9999 -9999 -9999
4.32923E-1 3.50353E-1 3.02754E-1 3.30494E-1 2.30991E-1 2.13603E-1 2.22461E-1 2.31715E-1 2.22601E-1 2.54277E-1 3.16301E-1 3.31253E-1 3.77153E-1 3.95543E-1 3.32127E-1 2.6185E-1 3.35371E-1 4.58449E-1 4.65605E-1 4.9437E-1 4.67304E-1 4.60707E-1 4.77758E-1 4.74873E-1 5.40802E-1 5.47951E-1 5.71303E-1 6.03973E-1 5.44593E-1 5.8636E-1 6.1378E-1 6.36406E-1 6.13058E-1 7.01751E-1 7.01759E-1 6.06407E-1 6.00306E-1 6.40373E-1 7.24149E-1 7.35808E-1 7.36418E-1 6.72278E-1 6.94194E-1 6.36701E-1 6.49835E-1 6.65761E-1 6.81564E-1 7.80188E-1 8.11208E-1 8.51776E-1 7.58698E-1 7.80599E-1 7.39168E-1 -9999 -9999 -9999 -9999 -9999 -9999 -9999 -9999 -9999 -9999 -9999 -9999 -9999 -9999 -9999 -9999 -9999 -9999 -9999
3.14441E-1 2.31525E-1 2.21349E-1 2.68439E-1 3.5093E-1 2.70752E-1 2.20224E-1 2.43824E-1 2.10144E-1 2.49162E-1 2.08556E-1 2.71427E-1 2.76888E-1 3.18282E-1 2.79885E-1 2.72591E-1 3.67812E-1 4.36872E-1 4.32413E-1 4.13744E-1 2.48557E-1 3.4392E-1 3.74985E-1 3.85145E-1 5.11517E-1 5.54509E-1 5.62183E-1 5.56075E-1 5.59544E-1 4.50614E-1 5.30332E-1 6.00987E-1 5.01871E-1 5.89598E-1 6.4341E-1 6.32489E-1 6.22345E-1 6.45286E-1 7.43732E-1 7.93443E-1 7.42068E-1 7.18363E-1 7.36921E-1 7.49789E-1 6.96923E-1 7.12236E-1 7.23938E-1 7.55013E-1 8.5754E-1 8.50783E-1 4.77198E-1 4.7713E-1 5.69781E-1 8.73716E-1 8.70606E-1 -9999 9.38519E-1 9.3204E-1 8.4338E-1 -9999 -9999 -9999 -9999 -9999 -9999 -9999 -9999 -9999 -9999 -9999 -9999 -9999
2.06762E-1 2.15336E-1 2.02051E-1 2.06245E-1 2.71421E-1 2.53636E-1 2.29576E-1 2.19752E-1 1.66441E-1 1.71738E-1 2.11835E-1 2.0725E-1 2.13359E-1 1.8783E-1 1.39459E-1 1.94733E-1 2.29154E-1 2.66424E-1 3.32312E-1 3.68227E-1 3.38546E-1 3.54286E-1 3.13004E-1 4.20809E-1 3.32262E-1 4.9074E-1 5.36937E-1 5.03213E-1 4.73589E-1 4.80252E-1 4.75488E-1 5.00855E-1 5.26705E-1 5.69309E-1 6.55545E-1 6.60917E-1 6.32079E-1 5.89836E-1 6.41462E-1 7.50131E-1 6.39206E-1 6.38805E-1 7.22379E-1 7.69291E-1 7.65638E-1 7.81373E-1 7.77559E-1 7.94273E-1 8.23985E-1 8.59999E-1 5.49447E-1 5.99954E-1 5.21286E-1 5.61416E-1 6.95857E-1 7.92024E-1 9.43303E-1 6.99685E-1 5.36636E-1 8.25955E-1 8.70987E-1 9.44085E-1 9.42079E-1 8.65949E-1 -9999 -9999 -9999 -9999 -9999 -9999 -9999 -9999
2.10496E-1 2.14282E-1 2.1625E-1 2.2664E-1 2.50288E-1 2.46272E-1 1.89582E-1 1.65351E-1 1.52348E-1 1.54503E-1 1.52588E-1 1.73587E-1 1.70008E-1 1.49884E-1 1.60274E-1 2.00616E-1 1.619E-1 2.15239E-1 2.34003E-1 1.98352E-1 2.48254E-1 2.32563E-1 2.94614E-1 3.12911E-1 3.52129E-1 4.42537E-1 4.29291E-1 3.75442E-1 4.86898E-1 4.01977E-1 3.24618E-1 4.31903E-1 4.65998E-1 5.73393E-1 6.48227E-1 5.96478E-1 4.96327E-1 5.47139E-1 5.53949E-1 6.96515E-1 6.90715E-1 6.51289E-1 7.31315E-1 6.71929E-1 7.60436E-1 7.95911E-1 7.9047E-1 8.11115E-1 8.25078E-1 8.41527E-1 7.31025E-1 7.49812E-1 6.13308E-1 5.47956E-1 4.88114E-1 5.79566E-1 8.01499E-1 6.70105E-1 4.93568E-1 4.83594E-1 5.07887E-1 4.96263E-1 5.12733E-1 6.46897E-1 7.41633E-1 8.7433E-1 -9999 -9999 -9999 -9999 -9999 -9999
1.90301E-1 1.64167E-1 1.61733E-1 1.85478E-1 1.71678E-1 2.06533E-1 2.9605E-1 2.30902E-1 1.84917E-1 1.80203E-1 1.7456E-1 1.61336E-1 1.56563E-1 1.24585E-1 1.2572E-1 1.62179E-1 1.14854E-1 1.39641E-1 1.38502E-1 1.58067E-1 2.03451E-1 2.08815E-1 2.00464E-1 2.30624E-1 3.46291E-1 3.23273E-1 2.79625E-1 2.76889E-1 4.47711E-1 3.53931E-1 3.07456E-1 3.58568E-1 3.98853E-1 4.63945E-1 4.92852E-1 4.57177E-1 4.07579E-1 5.78969E-1 6.70033E-1 6.48039E-1 4.92823E-1 6.56705E-1 7.07523E-1 6.47748E-1 7.29301E-1 7.6149E-1 7.72966E-1 7.99693E-1 8.0292E-1 7.98795E-1 8.3544E-1 8.54671E-1 7.94974E-1 6.13117E-1 4.34135E-1 4.82998E-1 5.62435E-1 7.32253E-1 7.40258E-1 5.03341E-1 3.21187E-1 3.74196E-1 3.09713E-1 3.73188E-1 4.48049E-1 7.16725E-1 6.88053E-1 -9999 -9999 -9999 -9999 -9999
1.77703E-1 1.99064E-1 1.74261E-1 1.53977E-1 1.75686E-1 1.88408E-1 2.41992E-1 2.86485E-1 2.07364E-1 2.30544E-1 2.0757E-1 2.02326E-1 1.89001E-1 1.44255E-1 1.44904E-1 1.11426E-1 8.26345E-2 1.10026E-1 1.04338E-1 1.22843E-1 1.21913E-1 1.39596E-1 1.81204E-1 1.97488E-1 1.88012E-1 1.53373E-1 1.64705E-1 2.36146E-1 4.00771E-1 3.69271E-1 4.13415E-1 4.48988E-1 4.92886E-1 4.2966E-1 4.7274E-1 4.98856E-1 4.22853E-1 5.63604E-1 6.79018E-1 5.42096E-1 4.15706E-1 5.47194E-1 6.76076E-1 6.02224E-1 7.20614E-1 6.07392E-1 4.71337E-1 6.95524E-1 8.11505E-1 8.06397E-1 8.30213E-1 8.51236E-1 8.46115E-1 7.90411E-1 5.47541E-1 4.6706E-1 4.22578E-1 5.37731E-1 6.78054E-1 7.27596E-1 7.21334E-1 5.5695E-1 4.5228E-1 4.36773E-1 5.82992E-1 7.03259E-1 -9999 -9999 -9999 -9999 -9999 -9999
1.69856E-1 1.69737E-1 2.01804E-1 1.84364E-1 2.028E-1 1.76015E-1 1.9131E-1 2.5119E-1 2.89295E-1 2.43553E-1 2.98653E-1 2.49472E-1 2.05902E-1 1.87548E-1 2.07091E-1 1.37903E-1 1.03896E-1 1.42011E-1 1.30283E-1 1.36609E-1 1.73109E-1 1.56359E-1 1.02214E-1 1.00992E-1 1.09367E-1 1.11499E-1 1.51714E-1 2.28985E-1 3.16071E-1 3.02709E-1 2.64426E-1 3.54151E-1 3.00001E-1 4.12265E-1 5.01784E-1 5.80075E-1 5.06284E-1 5.77159E-1 5.85369E-1 6.17817E-1 4.55633E-1 4.22487E-1 5.58843E-1 6.39841E-1 4.99153E-1 5.51688E-1 4.46545E-1 4.08504E-1 6.15131E-1 7.30132E-1 7.54021E-1 7.51448E-1 7.37314E-1 8.32711E-1 7.83353E-1 6.27396E-1 4.9592E-1 6.17493E-1 7.92756E-1 8.05798E-1 8.708E-1 8.8473E-1 8.50486E-1 7.44699E-1 7.60419E-1 7.92511E-1 9.2476E-1 8.38189E-1 9.04319E-1 9.12728E-1 9.18808E-1 8.60969E-1
2.13557E-1 1.99544E-1 2.60867E-1 3.20385E-1 3.03105E-1 2.27025E-1 1.82545E-1 1.77726E-1 2.53634E-1 3.17212E-1 3.06055E-1 2.89848E-1 2.66311E-1 2.15275E-1 1.78725E-1 1.26839E-1 1.55098E-1 1.55674E-1 1.38191E-1 1.83045E-1 1.70695E-1 1.82182E-1 1.38927E-1 1.40608E-1 1.4296E-1 1.74753E-1 1.94812E-1 1.9531E-1 1.93612E-1 1.87748E-1 2.4712E-1 2.88996E-1 2.26144E-1 2.91192E-1 2.91058E-1 4.54263E-1 4.98167E-1 5.57993E-1 5.78464E-1 5.43402E-1 4.92044E-1 4.09445E-1 5.68159E-1 5.01722E-1 5.09541E-1 4.20902E-1 3.34801E-1 3.34561E-1 4.71573E-1 4.38248E-1 4.6204E-1 4.01625E-1 4.34173E-1 6.38417E-1 7.37561E-1 8.42352E-1 8.17403E-1 7.47902E-1 7.65501E-1 7.65565E-1 8.67017E-1 8.43681E-1 8.49743E-1 6.07949E-1 6.30238E-1 7.66833E-1 8.74405E-1 8.96734E-1 8.38589E-1 8.97679E-1 8.98159E-1 5.93588E-1
2.2844E-1 2.32907E-1 2.56715E-1 2.43946E-1 2.0907E-1 2.22433E-1 2.13659E-1 2.42492E-1 1.93796E-1 2.59441E-1 3.35263E-1 3.17727E-1 2.97832E-1 2.53509E-1 2.44102E-1 2.07601E-1 2.03964E-1 1.77693E-1 1.6769E-1 1.97954E-1 1.73146E-1 1.77534E-1 1.44175E-1 1.75911E-1 2.08235E-1 1.88883E-1 2.19529E-1 2.17436E-1 2.46259E-1 2.51873E-1 2.7477E-1 2.50355E-1 2.47702E-1 2.62626E-1 3.24514E-1 4.33366E-1 5.06839E-1 4.81401E-1 4.1488E-1 4.78126E-1 4.98114E-1 3.89588E-1 4.44381E-1 4.24311E-1 4.59765E-1 4.34709E-1 3.68079E-1 3.33969E-1 3.81383E-1 4.24441E-1 4.70644E-1 4.41216E-1 3.89342E-1 4.46117E-1 4.69579E-1 6.64759E-1 7.41382E-1 6.07626E-1 5.982E-1 5.46547E-1 6.38256E-1 6.99261E-1 8.06023E-1 6.79433E-1 6.75656E-1 6.32376E-1 7.64806E-1 9.1238E-1 9.14945E-1 9.14494E-1 9.09302E-1 8.70277E-1
2.09233E-1 2.32381E-1 2.42708E-1 2.67606E-1 2.68505E-1 2.95964E-1 2.79174E-1 2.76276E-1 2.90555E-1 2.9644E-1 2.26325E-1 3.1301E-1 3.2957E-1 3.17796E-1 3.22401E-1 3.21377E-1 2.84932E-1 2.03634E-1 2.04925E-1 2.06492E-1 2.02158E-1 1.55678E-1 1.61849E-1 2.01659E-1 2.10988E-1 2.12919E-1 2.47774E-1 2.60443E-1 3.24118E-1 3.36484E-1 3.6819E-1 3.51324E-1 3.31264E-1 3.09739E-1 2.82588E-1 3.04164E-1 4.03097E-1 4.4975E-1 3.42364E-1 3.01261E-1 3.3147E-1 4.2451E-1 3.22288E-1 3.72866E-1 3.80055E-1 3.53239E-1 3.78877E-1 3.17186E-1 3.40921E-1 3.94458E-1 4.22427E-1 4.40115E-1 4.69739E-1 3.93706E-1 4.14666E-1 4.58977E-1 6.64182E-1 6.50952E-1 5.43169E-1 5.68615E-1 5.765E-1 6.19514E-1 7.08461E-1 7.67589E-1 7.49293E-1 7.023E-1 7.16549E-1 8.63622E-1 8.92921E-1 8.45842E-1 7.3206E-1 6.96314E-1
2.71176E-1 3.14538E-1 3.03205E-1 3.2535E-1 3.40195E-1 3.42327E-1 3.4657E-1 3.45952E-1 3.47788E-1 3.84595E-1 3.12675E-1 2.51097E-1 2.14744E-1 2.37739E-1 2.45195E-1 2.9521E-1 2.90556E-1 2.56909E-1 2.94333E-1 2.4264E-1 2.23495E-1 2.02649E-1 2.13209E-1 2.24009E-1 2.46189E-1 2.76274E-1 3.2635E-1 3.6624E-1 4.22372E-1 3.97069E-1 3.70751E-1 3.82818E-1 4.13645E-1 4.10271E-1 4.07719E-1 4.57435E-1 4.8636E-1 5.00781E-1 3.20345E-1 3.31408E-1 4.12897E-1 3.93097E-1 3.33913E-1 3.63807E-1 3.70463E-1 3.72705E-1 3.75825E-1 3.34588E-1 3.50473E-1 3.64136E-1 3.86548E-1 3.82499E-1 4.30814E-1 4.68763E-1 4.52252E-1 4.65197E-1 5.23162E-1 5.41832E-1 6.12792E-1 6.96152E-1 7.0896E-1 6.92782E-1 7.23835E-1 7.65225E-1 8.24009E-1 8.20106E-1 8.65137E-1 8.61949E-1 8.30867E-1 5.67712E-1 4.25527E-1 5.31141E-1
2.73963E-1 3.21959E-1 3.38531E-1 3.35763E-1 3.61637E-1 3.58994E-1 3.65418E-1 3.65101E-1 3.92701E-1 4.09469E-1 4.16632E-1 3.61936E-1 3.35906E-1 2.94489E-1 2.42838E-1 2.52938E-1 2.54289E-1 2.70803E-1 3.20816E-1 3.14356E-1 2.97161E-1 3.21328E-1 2.96508E-1 3.06991E-1 3.33814E-1 3.77761E-1 3.55964E-1 3.6871E-1 3.73013E-1 3.49539E-1 3.34235E-1 3.7393E-1 3.7447E-1 3.46527E-1 3.43913E-1 4.23728E-1 4.58963E-1 5.22521E-1 4.52253E-1 4.20957E-1 3.8694E-1 3.95389E-1 3.27234E-1 3.48797E-1 3.91767E-1 3.95143E-1 4.20095E-1 3.63246E-1 3.74202E-1 3.65165E-1 4.28852E-1 4.74697E-1 4.5325E-1 4.19639E-1 4.50412E-1 4.26737E-1 3.90148E-1 4.11907E-1 5.04385E-1 5.64774E-1 5.81241E-1 6.52715E-1 7.29963E-1 8.14137E-1 8.3124E-1 8.10958E-1 8.58073E-1 8.72829E-1 8.47692E-1 6.08365E-1 5.12116E-1 4.86095E-1
3.50636E-1 3.51286E-1 3.54303E-1 3.53599E-1 3.52649E-1 3.81987E-1 3.82938E-1 3.80069E-1 3.95185E-1 4.31725E-1 4.34415E-1 4.01652E-1 3.91914E-1 3.97181E-1 3.62961E-1 3.00951E-1 2.38629E-1 2.61741E-1 3.15257E-1 3.37809E-1 3.35622E-1 3.5922E-1 3.60575E-1 3.2456E-1 3.66303E-1 3.92337E-1 3.98974E-1 4.08764E-1 3.79597E-1 3.96357E-1 4.00323E-1 3.69692E-1 4.31714E-1 3.58337E-1 3.7313E-1 4.12847E-1 4.31578E-1 4.7296E-1 4.41277E-1 4.07243E-1 3.5301E-1 3.13524E-1 3.24182E-1 3.54562E-1 4.00912E-1 4.33973E-1 3.98881E-1 3.64664E-1 3.2839E-1 4.00558E-1 3.94271E-1 4.43641E-1 4.5485E-1 4.18993E-1 3.5495E-1 4.43557E-1 4.7747E-1 4.02379E-1 3.54664E-1 5.16191E-1 5.85462E-1 5.90253E-1 6.59394E-1 7.76872E-1 8.13431E-1 8.16479E-1 8.41714E-1 8.44736E-1 8.24446E-1 7.05257E-1 5.08725E-1 4.04471E-1
3.68521E-1 3.45816E-1 3.50738E-1 3.77436E-1 3.72757E-1 3.7624E-1 3.87567E-1 4.0895E-1 4.19361E-1 4.19347E-1 4.24754E-1 4.18972E-1 4.05355E-1 4.0423E-1 3.89181E-1 3.97791E-1 3.83792E-1 2.88553E-1 2.53354E-1 3.35361E-1 3.54864E-1 3.79837E-1 3.45631E-1 3.50652E-1 3.77062E-1 4.27284E-1 4.60215E-1 4.32607E-1 4.32054E-1 4.5257E-1 4.15988E-1 4.03562E-1 4.1649E-1 3.55053E-1 4.13682E-1 4.37472E-1 4.22432E-1 4.56652E-1 4.00529E-1 3.63104E-1 3.17644E-1 2.63598E-1 3.36194E-1 3.33523E-1 3.42043E-1 4.13389E-1 3.8771E-1 3.46163E-1 3.61421E-1 3.59021E-1 3.24502E-1 3.60217E-1 4.64833E-1 4.8317E-1 4.61922E-1 4.24101E-1 4.5896E-1 4.7712E-1 4.21144E-1 4.89561E-1 4.35539E-1 5.12013E-1 7.14175E-1 6.98044E-1 7.14594E-1 7.81924E-1 8.27831E-1 8.09811E-1 8.10525E-1 7.96053E-1 7.9494E-1 7.37589E-1
3.72389E-1 3.75192E-1 3.70265E-1 3.73173E-1 3.99944E-1 4.09824E-1 4.20221E-1 4.11958E-1 4.15879E-1 4.19605E-1 4.25468E-1 4.28019E-1 4.23797E-1 4.30506E-1 4.34246E-1 4.15437E-1 4.06295E-1 4.04264E-1 3.69582E-1 3.05197E-1 3.7034E-1 3.58856E-1 3.52481E-1 3.61434E-1 3.44428E-1 3.37721E-1 3.82097E-1 3.84995E-1 4.17759E-1 4.20034E-1 4.07426E-1 4.26827E-1 4.22396E-1 4.53758E-1 4.7569E-1 4.44478E-1 3.46357E-1 3.99546E-1 4.3762E-1 3.48454E-1 2.51818E-1 2.59533E-1 2.86861E-1 2.57712E-1 3.25581E-1 4.01763E-1 4.27788E-1 3.90558E-1 3.65763E-1 3.46451E-1 3.72395E-1 3.67461E-1 4.4362E-1 4.0775E-1 4.26237E-1 4.03966E-1 4.06146E-1 3.59013E-1 3.4406E-1 3.93977E-1 4.70657E-1 5.21658E-1 6.37949E-1 5.6009E-1 6.18063E-1 6.73936E-1 7.81208E-1 8.01927E-1 7.96964E-1 7.7979E-1 7.75511E-1 7.60054E-1
