Artocarpus altilis SDM files/MIS19/results (with bias file)/Artalt_0.asc
ncols         1201
nrows         481
xllcorner     119.99986351115
yllcorner     -15.00013828885
cellsize      0.041666667
NODATA_value  -9999
[rows 448 to 479 of 481, columns 504 to 575 of 1201]
-9999 -9999 -9999 -9999 -9999 -9999 -9999 -9999 -9999 -9999 -9999 -9999 5.31112E-1 5.8542E-1 5.41735E-1 4.9907E-1 5.65156E-1 5.28638E-1 5.03595E-1 4.69128E-1 5.42116E-1 5.54111E-1 5.14414E-1 4.52151E-1 4.3438E-1 3.78379E-1 3.88222E-1 3.98129E-1 3.88238E-1 3.57826E-1 3.50744E-1 3.30316E-1 3.22335E-1 3.06548E-1 2.8985E-1 2.80348E-1 2.63325E-1 2.59693E-1 2.84435E-1 2.46689E-1 2.39891E-1 2.47727E-1 2.2543E-1 2.51318E-1 2.2442E-1 2.08751E-1 1.95043E-1 1.79023E-1 1.87652E-1 1.92465E-1 1.98698E-1 1.9815E-1 1.91726E-1 1.84873E-1 1.8636E-1 1.81252E-1 1.6082E-1 1.8109E-1 1.67674E-1 2.21591E-1 2.36471E-1 2.54484E-1 -9999 -9999 2.95862E-1 2.96096E-1 -9999 -9999 -9999 -9999 -9999 -9999
-9999 -9999 -9999 -9999 -9999 -9999 -9999 -9999 -9999 -9999 -9999 5.31612E-1 5.36951E-1 5.71477E-1 5.39996E-1 4.94971E-1 5.53417E-1 5.09166E-1 4.90179E-1 4.47791E-1 5.07888E-1 4.91511E-1 4.85639E-1 4.59504E-1 4.15585E-1 4.10821E-1 4.02028E-1 3.99871E-1 3.80561E-1 3.47425E-1 3.34216E-1 3.12143E-1 3.03601E-1 2.90147E-1 2.8432E-1 2.80569E-1 2.53984E-1 2.49285E-1 2.72305E-1 2.55312E-1 2.51266E-1 2.41653E-1 2.47758E-1 2.29281E-1 2.2662E-1 1.92644E-1 1.77061E-1 1.79583E-1 1.85746E-1 1.94693E-1 1.95436E-1 1.91156E-1 1.84943E-1 1.72742E-1 1.6706E-1 1.74758E-1 1.57501E-1 1.56264E-1 1.64128E-1 2.21911E-1 2.38202E-1 2.37773E-1 -9999 -9999 2.8276E-1 -9999 -9999 -9999 -9999 -9999 -9999 -9999
-9999 -9999 -9999 -9999 -9999 -9999 -9999 -9999 -9999 -9999 -9999 5.32634E-1 5.01357E-1 5.48996E-1 5.14227E-1 4.76735E-1 5.48974E-1 5.16191E-1 5.81387E-1 5.35243E-1 5.03484E-1 4.68267E-1 4.45116E-1 4.18252E-1 4.4115E-1 4.28404E-1 3.89524E-1 3.72845E-1 3.57555E-1 3.30273E-1 3.20951E-1 2.96515E-1 3.03501E-1 2.79462E-1 2.82094E-1 2.64816E-1 2.32034E-1 2.23967E-1 2.50548E-1 2.50549E-1 2.47836E-1 2.30267E-1 2.27143E-1 2.27061E-1 2.01543E-1 1.81126E-1 1.83706E-1 1.76843E-1 1.7504E-1 1.75391E-1 1.85475E-1 1.96377E-1 1.90253E-1 1.90895E-1 1.84585E-1 1.81164E-1 1.56099E-1 1.46548E-1 1.52161E-1 2.08418E-1 2.37764E-1 -9999 -9999 -9999 -9999 -9999 -9999 -9999 -9999 -9999 -9999 -9999
-9999 -9999 -9999 -9999 -9999 -9999 -9999 -9999 -9999 -9999 -9999 5.09635E-1 4.84921E-1 4.43006E-1 4.96924E-1 4.72266E-1 5.30851E-1 5.08869E-1 5.6938E-1 5.28061E-1 5.3001E-1 5.11141E-1 4.85717E-1 4.73537E-1 4.63912E-1 4.42162E-1 3.86321E-1 3.71563E-1 3.69432E-1 3.38482E-1 3.25409E-1 3.01681E-1 2.94452E-1 2.79194E-1 2.64699E-1 2.53598E-1 2.45634E-1 2.25803E-1 2.45021E-1 2.37285E-1 2.30285E-1 2.14066E-1 2.20167E-1 2.09332E-1 1.87688E-1 1.99811E-1 1.82608E-1 1.73543E-1 1.71499E-1 1.7634E-1 1.74293E-1 1.85078E-1 1.92282E-1 1.83046E-1 1.8387E-1 1.57699E-1 1.38836E-1 1.38392E-1 1.47114E-1 2.09408E-1 2.27118E-1 -9999 -9999 2.52829E-1 -9999 -9999 -9999 -9999 -9999 -9999 -9999 -9999
-9999 -9999 -9999 -9999 -9999 -9999 -9999 -9999 -9999 -9999 -9999 5.03745E-1 4.70218E-1 4.30368E-1 4.98817E-1 4.64148E-1 5.17769E-1 4.80843E-1 5.50906E-1 5.08439E-1 5.23926E-1 4.92943E-1 4.76315E-1 4.55927E-1 4.32473E-1 4.11994E-1 3.80539E-1 3.60178E-1 3.39247E-1 3.13591E-1 3.17104E-1 3.01726E-1 2.8862E-1 2.83149E-1 2.63963E-1 2.61737E-1 2.35041E-1 2.16504E-1 2.40224E-1 2.29724E-1 2.30613E-1 2.0599E-1 2.04631E-1 1.96344E-1 2.00118E-1 1.81601E-1 1.74865E-1 1.61535E-1 1.60215E-1 1.66459E-1 1.67937E-1 1.65628E-1 1.64104E-1 1.57903E-1 1.52403E-1 1.38112E-1 1.27473E-1 1.27251E-1 1.52547E-1 1.87656E-1 2.02421E-1 2.23907E-1 -9999 -9999 -9999 -9999 -9999 -9999 -9999 -9999 -9999 -9999
-9999 -9999 -9999 -9999 -9999 -9999 -9999 -9999 -9999 -9999 -9999 4.9915E-1 4.68523E-1 4.29671E-1 4.85436E-1 4.53485E-1 4.15698E-1 4.72764E-1 4.46045E-1 4.96332E-1 4.76589E-1 4.87184E-1 4.71821E-1 4.21726E-1 4.04166E-1 3.77606E-1 3.75745E-1 3.45979E-1 3.1724E-1 2.80408E-1 2.90669E-1 2.88253E-1 2.56572E-1 2.42309E-1 2.55009E-1 2.20705E-1 2.23257E-1 2.21396E-1 2.22531E-1 2.11785E-1 2.11924E-1 1.94123E-1 1.81523E-1 1.95789E-1 1.81925E-1 1.62237E-1 1.57901E-1 1.55553E-1 1.5329E-1 1.58451E-1 1.61975E-1 1.37512E-1 1.29035E-1 1.39864E-1 1.40974E-1 1.30836E-1 1.21429E-1 1.23452E-1 1.45822E-1 1.74026E-1 1.97384E-1 2.08321E-1 2.05463E-1 -9999 -9999 2.27659E-1 -9999 -9999 -9999 -9999 -9999 -9999
-9999 -9999 -9999 -9999 -9999 -9999 -9999 -9999 -9999 -9999 -9999 4.88913E-1 4.47517E-1 4.28304E-1 4.00918E-1 4.50343E-1 4.05038E-1 4.76847E-1 5.2386E-1 4.92593E-1 4.67546E-1 4.87135E-1 4.47736E-1 4.08546E-1 3.89404E-1 3.68936E-1 3.62899E-1 3.19481E-1 2.92522E-1 2.77219E-1 2.7199E-1 2.68439E-1 2.50762E-1 2.24967E-1 2.36116E-1 1.97831E-1 1.84348E-1 1.91489E-1 1.84713E-1 2.05247E-1 2.05426E-1 1.95356E-1 1.79283E-1 1.82251E-1 1.79416E-1 1.75467E-1 1.64629E-1 1.59459E-1 1.51963E-1 1.41796E-1 1.28309E-1 1.36124E-1 1.27136E-1 1.16085E-1 1.24557E-1 1.15975E-1 1.09604E-1 1.56098E-1 1.60666E-1 1.68879E-1 1.82436E-1 2.03932E-1 1.96402E-1 -9999 -9999 -9999 -9999 2.3003E-1 -9999 -9999 -9999 -9999
-9999 -9999 -9999 -9999 -9999 -9999 -9999 -9999 -9999 -9999 -9999 4.74836E-1 4.31365E-1 4.14226E-1 3.88844E-1 4.3079E-1 4.09278E-1 4.52861E-1 4.27148E-1 4.86767E-1 4.54037E-1 4.50423E-1 4.3248E-1 3.9004E-1 3.68871E-1 3.60539E-1 3.5646E-1 3.23614E-1 2.73867E-1 2.70768E-1 2.82629E-1 2.59554E-1 2.2624E-1 2.19411E-1 2.15844E-1 1.78141E-1 1.72436E-1 1.73267E-1 1.7793E-1 1.95754E-1 2.08857E-1 1.8487E-1 1.74392E-1 1.71026E-1 1.70519E-1 1.60289E-1 1.57276E-1 1.56359E-1 1.51242E-1 1.4387E-1 1.35705E-1 1.15858E-1 8.65678E-2 1.18393E-1 1.14294E-1 1.11975E-1 1.05954E-1 1.46695E-1 1.51913E-1 1.60358E-1 1.76859E-1 1.91775E-1 1.81371E-1 -9999 -9999 2.11853E-1 2.01751E-1 -9999 -9999 -9999 -9999 -9999
-9999 -9999 -9999 -9999 -9999 -9999 -9999 -9999 -9999 -9999 -9999 4.74314E-1 4.35991E-1 4.17792E-1 3.77973E-1 4.24178E-1 4.03416E-1 4.48044E-1 4.16013E-1 4.78834E-1 4.51628E-1 4.31922E-1 4.37309E-1 3.90508E-1 3.83635E-1 3.58793E-1 3.28743E-1 2.99359E-1 2.88236E-1 2.95421E-1 2.57945E-1 2.3763E-1 2.15111E-1 2.15484E-1 1.91267E-1 1.69088E-1 1.75817E-1 1.71361E-1 1.76209E-1 1.88288E-1 1.80895E-1 1.73924E-1 1.58447E-1 1.56982E-1 1.64025E-1 1.52314E-1 1.54927E-1 1.43697E-1 1.37688E-1 1.38291E-1 1.19406E-1 1.21935E-1 1.13459E-1 1.0546E-1 1.06397E-1 9.76664E-2 9.98748E-2 1.42707E-1 1.47442E-1 1.54429E-1 1.63729E-1 1.6791E-1 1.76863E-1 1.7778E-1 -9999 -9999 -9999 -9999 -9999 2.08318E-1 -9999 -9999
-9999 -9999 -9999 -9999 -9999 -9999 -9999 -9999 -9999 -9999 -9999 -9999 4.42942E-1 4.92039E-1 4.51311E-1 4.15314E-1 3.96079E-1 4.34774E-1 4.10951E-1 3.8404E-1 4.45766E-1 3.95402E-1 3.86007E-1 3.86142E-1 3.7628E-1 3.79342E-1 3.45209E-1 3.13738E-1 2.94833E-1 2.80394E-1 2.53153E-1 2.31213E-1 2.24614E-1 2.06238E-1 1.91587E-1 1.71932E-1 1.78373E-1 1.77115E-1 1.72432E-1 1.66452E-1 1.66792E-1 1.59691E-1 1.48958E-1 1.5274E-1 1.41613E-1 1.43357E-1 1.47315E-1 1.33836E-1 1.38149E-1 1.22203E-1 1.14831E-1 1.05559E-1 1.00225E-1 9.43242E-2 9.68736E-2 9.32362E-2 9.27917E-2 1.13483E-1 1.34316E-1 1.46363E-1 1.50723E-1 1.65791E-1 1.63468E-1 1.68263E-1 1.69268E-1 -9999 -9999 -9999 -9999 -9999 -9999 -9999
-9999 -9999 -9999 -9999 -9999 -9999 -9999 -9999 -9999 -9999 -9999 -9999 -9999 3.93656E-1 4.40235E-1 4.16535E-1 3.77291E-1 4.35959E-1 4.01833E-1 3.64583E-1 4.06925E-1 3.96577E-1 3.61006E-1 3.48522E-1 3.79624E-1 3.57897E-1 3.37032E-1 3.14034E-1 2.94491E-1 2.81885E-1 2.65418E-1 2.24093E-1 2.20974E-1 2.03755E-1 2.05701E-1 1.88338E-1 1.91085E-1 1.82075E-1 1.63919E-1 1.56466E-1 1.54488E-1 1.58705E-1 1.46191E-1 1.49481E-1 1.35427E-1 1.35138E-1 1.41704E-1 1.32284E-1 1.25166E-1 1.20334E-1 1.13138E-1 9.70735E-2 9.18631E-2 9.00367E-2 9.2136E-2 9.11035E-2 9.35209E-2 1.06791E-1 1.3153E-1 1.37948E-1 1.39641E-1 1.42768E-1 1.53271E-1 1.53975E-1 1.62168E-1 -9999 -9999 -9999 -9999 -9999 -9999 -9999
-9999 -9999 -9999 -9999 -9999 -9999 -9999 -9999 -9999 -9999 -9999 -9999 -9999 3.82843E-1 3.58355E-1 4.10917E-1 3.79582E-1 3.35314E-1 3.89377E-1 3.57231E-1 3.3336E-1 3.14459E-1 3.75134E-1 3.64314E-1 3.85144E-1 3.53426E-1 3.38975E-1 3.04548E-1 3.03427E-1 2.9002E-1 2.36519E-1 2.39001E-1 2.22639E-1 2.02959E-1 2.15271E-1 2.02333E-1 1.93405E-1 1.68196E-1 1.54617E-1 1.50662E-1 1.56511E-1 1.60487E-1 1.54062E-1 1.47287E-1 1.39411E-1 1.3352E-1 1.29217E-1 1.25268E-1 1.17031E-1 1.08284E-1 1.00551E-1 9.68523E-2 8.72128E-2 8.55316E-2 8.527E-2 9.19487E-2 9.19959E-2 1.07108E-1 1.22835E-1 1.20123E-1 1.3368E-1 1.34549E-1 1.36504E-1 1.48096E-1 1.54053E-1 -9999 -9999 -9999 -9999 -9999 -9999 -9999
-9999 -9999 -9999 -9999 -9999 -9999 -9999 -9999 -9999 -9999 -9999 -9999 -9999 -9999 4.47542E-1 4.09428E-1 3.731E-1 3.39602E-1 3.07384E-1 3.57629E-1 3.29771E-1 3.97185E-1 3.76631E-1 3.54988E-1 3.86825E-1 3.64197E-1 3.40118E-1 3.09243E-1 2.95015E-1 2.59498E-1 2.39345E-1 2.36581E-1 2.36683E-1 2.30837E-1 2.13087E-1 1.96254E-1 1.76136E-1 1.55443E-1 1.60807E-1 1.56462E-1 1.62558E-1 1.50857E-1 1.38618E-1 1.24041E-1 1.29736E-1 1.25726E-1 1.22064E-1 1.12201E-1 1.03458E-1 9.75548E-2 9.14133E-2 9.43641E-2 8.95609E-2 8.39368E-2 8.33276E-2 8.87102E-2 9.88173E-2 1.00357E-1 1.12663E-1 1.16075E-1 1.22731E-1 1.28749E-1 1.26901E-1 1.39536E-1 1.38183E-1 -9999 -9999 -9999 -9999 -9999 -9999 -9999
-9999 -9999 -9999 -9999 -9999 -9999 -9999 -9999 -9999 -9999 -9999 -9999 -9999 -9999 4.477E-1 3.98909E-1 3.59313E-1 3.38521E-1 3.19858E-1 3.57963E-1 3.40908E-1 3.2096E-1 3.87265E-1 3.57499E-1 3.71046E-1 3.644E-1 3.26017E-1 2.97453E-1 2.68639E-1 2.60087E-1 2.56403E-1 2.49104E-1 2.38095E-1 2.08865E-1 2.12888E-1 1.91585E-1 1.83593E-1 1.59516E-1 1.56371E-1 1.68482E-1 1.59248E-1 1.47394E-1 1.45953E-1 1.34646E-1 1.27887E-1 1.2348E-1 1.04197E-1 9.831E-2 9.77848E-2 9.63094E-2 8.92083E-2 8.94089E-2 8.04952E-2 8.74074E-2 8.40508E-2 8.43968E-2 9.23928E-2 9.73828E-2 1.05519E-1 1.07821E-1 1.10216E-1 1.07659E-1 1.16087E-1 1.14881E-1 1.1574E-1 -9999 -9999 -9999 -9999 -9999 -9999 -9999
-9999 -9999 -9999 -9999 -9999 -9999 -9999 -9999 -9999 -9999 -9999 -9999 -9999 -9999 4.42043E-1 3.8983E-1 3.54687E-1 3.42668E-1 3.1983E-1 3.82028E-1 3.43298E-1 3.99658E-1 3.72719E-1 3.60763E-1 3.62313E-1 3.49383E-1 3.30592E-1 2.99914E-1 2.84227E-1 2.72325E-1 2.62585E-1 2.51899E-1 2.22247E-1 2.13719E-1 2.11697E-1 1.91956E-1 1.66902E-1 1.5072E-1 1.6156E-1 1.61178E-1 1.44662E-1 1.52802E-1 1.44416E-1 1.36332E-1 1.25591E-1 1.03688E-1 8.34215E-2 9.20851E-2 9.30914E-2 8.70976E-2 8.98903E-2 8.56759E-2 8.06186E-2 8.9462E-2 8.07135E-2 8.04561E-2 7.73626E-2 8.83773E-2 9.7541E-2 9.5173E-2 9.87495E-2 9.98215E-2 1.00213E-1 1.01142E-1 1.10028E-1 1.1122E-1 1.26603E-1 1.14536E-1 -9999 -9999 -9999 -9999
-9999 -9999 -9999 -9999 -9999 -9999 -9999 -9999 -9999 -9999 -9999 -9999 -9999 -9999 3.50596E-1 3.8123E-1 3.63579E-1 3.42156E-1 3.93431E-1 3.71373E-1 4.28436E-1 3.86813E-1 3.71047E-1 3.5682E-1 3.62732E-1 3.53303E-1 3.23888E-1 3.03461E-1 2.86047E-1 2.71274E-1 2.50893E-1 2.49166E-1 2.2027E-1 2.26411E-1 2.17503E-1 1.81872E-1 1.59966E-1 1.4365E-1 1.5552E-1 1.49063E-1 1.47612E-1 1.46962E-1 1.3632E-1 1.17956E-1 1.07998E-1 8.24704E-2 7.843E-2 1.01227E-1 8.9072E-2 8.29444E-2 8.19767E-2 8.19037E-2 8.59932E-2 8.24373E-2 7.87726E-2 7.73789E-2 6.92406E-2 6.91137E-2 8.33401E-2 8.5252E-2 9.27043E-2 9.2419E-2 8.77388E-2 9.1907E-2 1.00652E-1 1.0358E-1 -9999 -9999 -9999 -9999 -9999 -9999
-9999 -9999 -9999 -9999 -9999 -9999 -9999 -9999 -9999 -9999 -9999 -9999 -9999 3.91844E-1 4.38789E-1 3.87775E-1 3.58536E-1 3.31714E-1 3.91776E-1 3.60208E-1 3.46573E-1 3.94856E-1 3.75421E-1 3.84066E-1 3.63052E-1 3.50067E-1 3.26361E-1 3.12274E-1 2.88334E-1 2.70029E-1 2.57043E-1 2.33741E-1 2.30074E-1 2.08616E-1 1.95855E-1 1.70347E-1 1.50404E-1 1.52424E-1 1.63991E-1 1.60615E-1 1.52095E-1 1.32029E-1 1.20901E-1 1.09885E-1 8.89069E-2 9.79106E-2 8.14209E-2 7.39878E-2 8.50093E-2 7.32819E-2 7.22742E-2 7.9574E-2 7.62431E-2 7.3684E-2 6.95748E-2 6.583E-2 5.98428E-2 6.35836E-2 7.64346E-2 8.36149E-2 7.78137E-2 7.99511E-2 8.32441E-2 8.05168E-2 8.96044E-2 9.21649E-2 -9999 -9999 -9999 -9999 -9999 -9999
-9999 -9999 -9999 -9999 -9999 -9999 -9999 -9999 -9999 -9999 -9999 -9999 -9999 4.00436E-1 4.39554E-1 3.91177E-1 3.46502E-1 4.2154E-1 3.89276E-1 3.57792E-1 4.18177E-1 3.95674E-1 3.99269E-1 3.71271E-1 3.52014E-1 3.48605E-1 3.15074E-1 2.94119E-1 2.84294E-1 2.58E-1 2.54456E-1 2.3159E-1 2.11036E-1 1.98132E-1 1.85663E-1 1.6896E-1 1.6527E-1 1.62306E-1 1.60015E-1 1.5185E-1 1.37839E-1 1.24128E-1 1.13473E-1 9.77362E-2 1.10377E-1 1.0506E-1 1.05992E-1 9.49463E-2 8.22693E-2 8.16737E-2 8.25279E-2 7.8437E-2 7.12471E-2 6.5337E-2 5.69288E-2 5.92938E-2 5.69316E-2 5.80551E-2 7.20452E-2 6.42153E-2 6.88943E-2 7.23272E-2 7.61438E-2 7.6538E-2 8.45323E-2 8.23478E-2 8.32952E-2 -9999 -9999 -9999 -9999 -9999
-9999 -9999 -9999 -9999 -9999 -9999 -9999 -9999 -9999 -9999 -9999 -9999 3.97172E-1 4.91169E-1 4.17831E-1 3.86627E-1 3.38327E-1 4.08261E-1 3.81343E-1 3.63287E-1 4.06723E-1 3.78937E-1 4.01652E-1 3.69926E-1 3.58257E-1 3.24333E-1 3.24938E-1 2.86368E-1 2.75706E-1 2.44575E-1 2.3297E-1 2.22933E-1 2.1342E-1 2.04434E-1 1.94022E-1 1.8448E-1 1.74845E-1 1.62273E-1 1.55001E-1 1.44729E-1 1.28738E-1 1.23666E-1 1.13822E-1 9.64453E-2 1.10974E-1 1.14501E-1 1.00316E-1 8.75987E-2 9.10472E-2 8.57038E-2 7.86937E-2 6.72193E-2 5.96654E-2 5.78334E-2 4.73171E-2 5.67527E-2 5.33047E-2 5.42438E-2 5.11734E-2 5.77551E-2 6.11903E-2 6.19404E-2 6.81198E-2 6.60424E-2 6.85639E-2 7.10848E-2 7.71773E-2 -9999 -9999 -9999 -9999 -9999
-9999 -9999 -9999 -9999 -9999 -9999 -9999 -9999 -9999 -9999 -9999 -9999 4.12212E-1 4.68522E-1 4.11315E-1 3.8565E-1 3.4528E-1 3.98143E-1 3.77046E-1 3.54187E-1 4.01321E-1 3.68234E-1 3.54206E-1 3.71406E-1 3.50813E-1 3.01113E-1 3.02783E-1 2.82298E-1 2.58598E-1 2.50409E-1 2.2397E-1 2.18835E-1 2.17921E-1 2.04779E-1 1.81609E-1 1.81113E-1 1.63439E-1 1.56069E-1 1.47558E-1 1.44506E-1 1.2935E-1 1.23422E-1 1.06763E-1 1.03616E-1 9.72137E-2 9.14688E-2 1.01495E-1 8.34713E-2 7.66021E-2 7.15119E-2 5.7834E-2 5.86764E-2 5.43176E-2 4.76058E-2 4.65148E-2 5.05581E-2 5.44251E-2 4.72764E-2 4.70794E-2 5.29665E-2 5.79521E-2 6.01119E-2 6.11734E-2 5.9572E-2 6.34329E-2 6.80545E-2 7.10413E-2 7.38474E-2 6.6719E-2 -9999 -9999 -9999
-9999 -9999 -9999 -9999 -9999 -9999 -9999 -9999 -9999 -9999 -9999 -9999 4.10554E-1 3.71413E-1 4.0568E-1 3.854E-1 3.46175E-1 3.87727E-1 3.69916E-1 3.36601E-1 3.96168E-1 3.57187E-1 3.4476E-1 3.48927E-1 3.23187E-1 3.12091E-1 2.81816E-1 2.7922E-1 2.53074E-1 2.48847E-1 2.32585E-1 2.24557E-1 1.97138E-1 1.9127E-1 1.90879E-1 1.64792E-1 1.69929E-1 1.57312E-1 1.48543E-1 1.43479E-1 1.25337E-1 1.20946E-1 1.16954E-1 1.0004E-1 8.68789E-2 8.11768E-2 9.24037E-2 6.90573E-2 6.25631E-2 5.94153E-2 5.53467E-2 5.14421E-2 4.92078E-2 4.44952E-2 4.99234E-2 4.74279E-2 4.93816E-2 4.59634E-2 4.45957E-2 4.9888E-2 5.51584E-2 5.73749E-2 5.62404E-2 5.60088E-2 6.1144E-2 5.81319E-2 6.97938E-2 6.66287E-2 7.01511E-2 7.39845E-2 7.44243E-2 7.40342E-2
-9999 -9999 -9999 -9999 -9999 -9999 -9999 -9999 -9999 -9999 -9999 -9999 3.91859E-1 4.49908E-1 3.97708E-1 3.77849E-1 3.44236E-1 3.82918E-1 3.61067E-1 3.17446E-1 3.8023E-1 3.65844E-1 3.44569E-1 3.3616E-1 3.38406E-1 3.05782E-1 2.94946E-1 2.7388E-1 2.56443E-1 2.38938E-1 2.13107E-1 2.05986E-1 2.02426E-1 1.95567E-1 1.73053E-1 1.67195E-1 1.54185E-1 1.51862E-1 1.41625E-1 1.3408E-1 1.2155E-1 1.11467E-1 1.10278E-1 1.04108E-1 9.16096E-2 8.16994E-2 7.19361E-2 4.91284E-2 5.64382E-2 5.02096E-2 5.40294E-2 4.54771E-2 4.17513E-2 4.31784E-2 4.28198E-2 4.25096E-2 4.76464E-2 4.36203E-2 4.08098E-2 3.78588E-2 4.82189E-2 4.97278E-2 5.24634E-2 5.27365E-2 5.3602E-2 5.48492E-2 6.08438E-2 6.15041E-2 6.165E-2 6.33281E-2 6.5901E-2 6.81568E-2
-9999 -9999 -9999 -9999 -9999 -9999 -9999 -9999 -9999 -9999 -9999 -9999 3.82667E-1 4.29632E-1 3.93609E-1 3.76902E-1 3.36136E-1 3.80532E-1 3.56832E-1 3.19218E-1 3.69414E-1 3.48931E-1 3.32344E-1 3.42241E-1 3.25218E-1 2.94946E-1 2.73493E-1 2.66579E-1 2.39383E-1 2.1775E-1 2.04374E-1 2.04294E-1 1.94747E-1 1.81863E-1 1.6285E-1 1.55149E-1 1.45386E-1 1.41059E-1 1.31998E-1 1.22755E-1 1.21492E-1 1.08704E-1 9.73571E-2 9.43511E-2 9.46694E-2 7.40241E-2 6.46959E-2 6.56608E-2 5.04603E-2 4.69994E-2 4.71111E-2 4.20991E-2 4.57262E-2 4.6406E-2 4.54759E-2 4.2736E-2 4.31876E-2 3.84432E-2 3.38271E-2 3.39025E-2 4.16465E-2 4.03314E-2 4.58647E-2 4.5366E-2 5.18449E-2 5.38429E-2 5.45873E-2 5.73917E-2 5.32068E-2 5.55122E-2 5.97129E-2 6.09853E-2
-9999 -9999 -9999 -9999 -9999 -9999 -9999 -9999 -9999 -9999 -9999 -9999 -9999 4.29093E-1 4.00458E-1 3.65592E-1 3.37233E-1 3.77156E-1 3.34959E-1 3.10159E-1 2.87426E-1 3.49303E-1 3.25836E-1 3.23417E-1 3.0154E-1 2.83544E-1 2.71547E-1 2.41551E-1 2.24737E-1 2.18225E-1 2.13424E-1 1.99376E-1 1.824E-1 1.73843E-1 1.62616E-1 1.47234E-1 1.41821E-1 1.3224E-1 1.20588E-1 1.13104E-1 1.01173E-1 9.8508E-2 9.27392E-2 8.48908E-2 7.76061E-2 6.41669E-2 5.85258E-2 5.60306E-2 5.38775E-2 4.23163E-2 4.03488E-2 5.09212E-2 4.77869E-2 4.19139E-2 4.07799E-2 4.28661E-2 3.45399E-2 3.29973E-2 3.30614E-2 3.14944E-2 3.85214E-2 3.55694E-2 4.15936E-2 4.4742E-2 4.50982E-2 4.68512E-2 4.72331E-2 4.9481E-2 5.09896E-2 5.02963E-2 5.06861E-2 5.40278E-2
-9999 -9999 -9999 -9999 -9999 -9999 -9999 -9999 -9999 -9999 -9999 -9999 -9999 4.2885E-1 4.06799E-1 3.38851E-1 3.06537E-1 2.83743E-1 3.18332E-1 2.9706E-1 2.74143E-1 3.30398E-1 3.02261E-1 2.92428E-1 2.72425E-1 2.69193E-1 2.60967E-1 2.51422E-1 2.29588E-1 2.21368E-1 1.99486E-1 1.97638E-1 1.82454E-1 1.59298E-1 1.5417E-1 1.44789E-1 1.35599E-1 1.28696E-1 1.20809E-1 1.15566E-1 1.04312E-1 9.67965E-2 8.66266E-2 7.17072E-2 6.69819E-2 5.81611E-2 5.05757E-2 4.99603E-2 4.1244E-2 4.049E-2 5.17572E-2 4.2286E-2 3.48688E-2 3.13088E-2 3.2145E-2 3.51271E-2 3.21058E-2 3.4692E-2 2.93497E-2 3.3278E-2 3.57067E-2 3.81999E-2 3.64026E-2 4.14873E-2 3.80093E-2 4.09483E-2 3.89596E-2 4.0418E-2 4.52453E-2 4.28531E-2 4.43913E-2 4.75657E-2
-9999 -9999 -9999 -9999 -9999 -9999 -9999 -9999 -9999 -9999 -9999 -9999 -9999 4.22472E-1 3.90349E-1 3.22888E-1 3.08544E-1 2.77581E-1 3.14685E-1 2.80726E-1 2.66225E-1 2.47396E-1 2.75647E-1 2.88979E-1 2.89371E-1 2.7487E-1 2.57838E-1 2.36248E-1 2.24851E-1 2.1603E-1 1.97902E-1 1.93881E-1 1.73698E-1 1.55408E-1 1.52624E-1 1.45623E-1 1.32073E-1 1.27605E-1 1.17221E-1 1.0807E-1 9.59463E-2 8.70338E-2 8.06824E-2 6.75272E-2 6.49436E-2 6.79022E-2 6.12134E-2 4.87305E-2 4.20129E-2 4.21275E-2 4.66225E-2 3.4366E-2 3.33232E-2 3.26995E-2 2.98766E-2 3.08073E-2 2.93654E-2 3.17407E-2 2.86266E-2 3.19158E-2 3.54176E-2 3.50691E-2 3.41743E-2 3.66012E-2 3.5249E-2 3.65564E-2 3.61585E-2 3.78552E-2 4.16024E-2 4.00507E-2 3.82034E-2 3.75461E-2
-9999 -9999 -9999 -9999 -9999 -9999 -9999 -9999 -9999 -9999 -9999 -9999 -9999 4.12899E-1 3.67918E-1 3.22795E-1 3.02915E-1 2.75247E-1 3.14002E-1 2.75902E-1 2.65599E-1 2.46193E-1 2.82958E-1 2.73289E-1 2.75004E-1 2.68974E-1 2.47613E-1 2.40108E-1 2.20696E-1 2.09078E-1 1.86451E-1 1.80183E-1 1.66833E-1 1.48983E-1 1.4543E-1 1.30887E-1 1.30884E-1 1.18178E-1 1.10903E-1 1.02424E-1 8.67156E-2 8.19826E-2 7.77307E-2 7.73705E-2 6.83904E-2 6.25389E-2 5.63674E-2 4.37539E-2 4.702E-2 4.93788E-2 4.40143E-2 3.3503E-2 3.23463E-2 2.89353E-2 2.60438E-2 2.54834E-2 2.24613E-2 2.82857E-2 2.68788E-2 3.00918E-2 3.15441E-2 3.29206E-2 3.12004E-2 3.28069E-2 3.21974E-2 3.36019E-2 3.20668E-2 3.09437E-2 3.57359E-2 3.55811E-2 3.60618E-2 3.55355E-2
-9999 -9999 -9999 -9999 -9999 -9999 -9999 -9999 -9999 -9999 -9999 -9999 -9999 4.09455E-1 3.63898E-1 3.22568E-1 2.98308E-1 2.75234E-1 3.18767E-1 2.85549E-1 2.57026E-1 2.3262E-1 2.82265E-1 2.68623E-1 2.41472E-1 2.68487E-1 2.26448E-1 2.26691E-1 2.10179E-1 1.90665E-1 1.80321E-1 1.62261E-1 1.55503E-1 1.40656E-1 1.33761E-1 1.33186E-1 1.18166E-1 1.10769E-1 1.05761E-1 9.22447E-2 8.79557E-2 7.82919E-2 6.8124E-2 6.93293E-2 5.86934E-2 5.37821E-2 4.80463E-2 4.18137E-2 4.80012E-2 4.38861E-2 3.92151E-2 3.38215E-2 3.69535E-2 3.16568E-2 2.7213E-2 3.20847E-2 2.30539E-2 2.71636E-2 2.47709E-2 2.56261E-2 2.80373E-2 2.75069E-2 2.74324E-2 2.88869E-2 3.07018E-2 3.03563E-2 3.00407E-2 3.02393E-2 3.14069E-2 3.19303E-2 3.07029E-2 3.1567E-2
-9999 -9999 -9999 -9999 -9999 -9999 -9999 -9999 -9999 -9999 -9999 -9999 -9999 3.00682E-1 3.57338E-1 3.0583E-1 2.83829E-1 2.60361E-1 2.35173E-1 2.72028E-1 2.50691E-1 2.29788E-1 2.8337E-1 2.53573E-1 2.38865E-1 2.5489E-1 2.29242E-1 2.28192E-1 1.94723E-1 1.83486E-1 1.61656E-1 1.5377E-1 1.54856E-1 1.32264E-1 1.37675E-1 1.18882E-1 1.07246E-1 1.04919E-1 9.75038E-2 8.60742E-2 7.80279E-2 7.31985E-2 6.07805E-2 5.26275E-2 5.20288E-2 5.17254E-2 4.41858E-2 3.53692E-2 3.74676E-2 3.59864E-2 3.15129E-2 2.77256E-2 3.24005E-2 2.65397E-2 2.51337E-2 2.81907E-2 2.65059E-2 2.58053E-2 2.69812E-2 2.74815E-2 2.90887E-2 2.64026E-2 2.51994E-2 2.77783E-2 2.62062E-2 2.55476E-2 2.68615E-2 2.58173E-2 2.62939E-2 2.75768E-2 2.85944E-2 2.85673E-2
-9999 -9999 -9999 -9999 -9999 -9999 -9999 -9999 -9999 -9999 -9999 -9999 -9999 2.94667E-1 3.29923E-1 2.91594E-1 2.78141E-1 2.44148E-1 2.14177E-1 2.55883E-1 2.42344E-1 2.23073E-1 2.52728E-1 2.31958E-1 2.3354E-1 2.34777E-1 2.14991E-1 2.06203E-1 1.81599E-1 1.72277E-1 1.54229E-1 1.5003E-1 1.45487E-1 1.28576E-1 1.17426E-1 1.08099E-1 9.71192E-2 9.40114E-2 8.30811E-2 7.40559E-2 7.55357E-2 6.63136E-2 5.56404E-2 4.85335E-2 4.63856E-2 4.73245E-2 4.53619E-2 3.44687E-2 3.58668E-2 2.91229E-2 2.59593E-2 2.65669E-2 2.74742E-2 2.70048E-2 2.70357E-2 2.96352E-2 2.20733E-2 2.66484E-2 2.43462E-2 2.42717E-2 2.44826E-2 2.34469E-2 2.16704E-2 2.31135E-2 2.45614E-2 2.14741E-2 2.4381E-2 2.40524E-2 2.28672E-2 2.21763E-2 2.55926E-2 2.57047E-2
-9999 -9999 -9999 -9999 -9999 -9999 -9999 -9999 -9999 -9999 -9999 -9999 -9999 -9999 3.28528E-1 2.89699E-1 2.61195E-1 2.3619E-1 2.1898E-1 2.49093E-1 2.29506E-1 2.02647E-1 2.3894E-1 2.22638E-1 2.15281E-1 1.96151E-1 2.04203E-1 1.89146E-1 1.73379E-1 1.64679E-1 1.4851E-1 1.41365E-1 1.2875E-1 1.22159E-1 1.14386E-1 1.068E-1 9.69316E-2 9.09816E-2 8.42057E-2 8.01432E-2 7.19268E-2 6.72529E-2 5.84765E-2 5.45898E-2 4.32428E-2 3.86231E-2 3.66126E-2 3.38002E-2 3.41762E-2 3.62706E-2 3.69631E-2 2.77361E-2 2.43061E-2 2.25739E-2 2.43527E-2 2.12811E-2 1.92993E-2 1.9893E-2 2.21434E-2 2.26425E-2 2.34886E-2 2.15359E-2 1.86121E-2 2.2963E-2 2.382E-2 2.40222E-2 2.01324E-2 2.1569E-2 2.16692E-2 2.10407E-2 2.24699E-2 2.25554E-2
-9999 -9999 -9999 -9999 -9999 -9999 -9999 -9999 -9999 -9999 -9999 -9999 -9999 -9999 3.15111E-1 3.03828E-1 2.52257E-1 2.33355E-1 2.22088E-1 2.38941E-1 2.22387E-1 2.07428E-1 2.25171E-1 2.13456E-1 1.94652E-1 2.05764E-1 2.02281E-1 1.74844E-1 1.58131E-1 1.53255E-1 1.3661E-1 1.33864E-1 1.28563E-1 1.09897E-1 1.0862E-1 1.00085E-1 9.43343E-2 8.00728E-2 8.02698E-2 7.25989E-2 6.85268E-2 6.76089E-2 6.01328E-2 5.65401E-2 5.39568E-2 4.95037E-2 4.10001E-2 4.00129E-2 4.14038E-2 3.79875E-2 3.2957E-2 3.10297E-2 2.8724E-2 2.06069E-2 1.97932E-2 1.78407E-2 1.82702E-2 2.15034E-2 1.7987E-2 1.89753E-2 2.10754E-2 1.9507E-2 1.83136E-2 1.94486E-2 2.00435E-2 1.74207E-2 1.63889E-2 1.85953E-2 1.88378E-2 1.88378E-2 1.9498E-2 2.03606E-2
