Artocarpus altilis SDM files/MIS19/results (with bias file)/Artalt_5.asc
ncols         1201
nrows         481
xllcorner     119.99986351115
yllcorner     -15.00013828885
cellsize      0.041666667
NODATA_value  -9999
[rows 160 to 191 of 481, columns 288 to 359 of 1201]
6.21018E-1 6.10164E-1 6.08148E-1 5.84835E-1 5.89033E-1 5.77394E-1 5.73392E-1 5.55197E-1 5.34485E-1 5.75138E-1 5.88003E-1 5.40398E-1 5.01236E-1 5.10232E-1 5.19606E-1 5.74661E-1 5.36042E-1 4.90772E-1 5.39858E-1 4.87253E-1 4.94787E-1 5.61123E-1 5.46503E-1 5.21348E-1 5.08694E-1 5.27859E-1 5.52493E-1 4.45885E-1 4.60451E-1 5.00708E-1 5.4335E-1 5.81823E-1 5.37279E-1 5.17266E-1 5.20509E-1 5.14247E-1 5.88294E-1 5.2204E-1 5.63025E-1 6.27105E-1 5.88647E-1 6.23381E-1 7.44575E-1 7.50764E-1 7.23966E-1 6.98819E-1 4.78637E-1 3.03493E-1 4.33541E-1 7.23928E-1 9.16962E-1 9.2378E-1 -9999 -9999 -9999 -9999 -9999 -9999 -9999 -9999 -9999 -9999 -9999 -9999 -9999 -9999 -9999 -9999 -9999 -9999 -9999 -9999
6.31884E-1 6.17773E-1 6.05518E-1 6.04005E-1 6.10372E-1 5.91564E-1 5.70874E-1 5.7188E-1 5.58795E-1 6.02301E-1 5.81483E-1 5.44501E-1 5.30679E-1 5.37305E-1 5.48221E-1 5.99918E-1 5.37195E-1 5.16981E-1 5.56511E-1 4.78104E-1 5.01878E-1 5.61116E-1 5.77693E-1 5.41706E-1 5.79894E-1 5.26955E-1 5.32742E-1 4.47509E-1 4.29836E-1 4.01665E-1 4.84675E-1 5.0975E-1 4.744E-1 5.16382E-1 5.44949E-1 5.13437E-1 5.16584E-1 6.15126E-1 5.94231E-1 5.01526E-1 4.508E-1 4.68003E-1 5.1107E-1 7.74927E-1 7.84939E-1 7.78338E-1 7.75127E-1 5.20812E-1 4.31858E-1 5.65233E-1 9.40607E-1 -9999 -9999 -9999 -9999 -9999 -9999 -9999 -9999 -9999 -9999 -9999 -9999 -9999 -9999 -9999 -9999 -9999 -9999 -9999 -9999 -9999
6.53382E-1 6.22142E-1 6.04256E-1 6.02715E-1 6.10386E-1 5.83966E-1 5.93411E-1 6.01972E-1 5.87327E-1 6.07105E-1 5.9145E-1 5.66735E-1 5.44536E-1 5.72108E-1 5.72792E-1 5.89308E-1 5.60803E-1 5.45232E-1 5.66979E-1 5.17323E-1 5.18966E-1 5.37193E-1 6.02086E-1 5.29352E-1 5.95055E-1 6.06072E-1 5.5818E-1 5.70108E-1 5.46575E-1 4.29888E-1 4.27524E-1 4.37731E-1 5.06384E-1 5.60783E-1 5.36938E-1 6.26851E-1 6.19224E-1 5.97561E-1 5.33771E-1 5.92676E-1 5.65997E-1 4.80939E-1 4.27475E-1 6.73323E-1 7.28353E-1 7.80132E-1 8.19675E-1 8.12263E-1 5.64502E-1 5.03042E-1 8.43212E-1 -9999 8.62932E-1 8.70262E-1 -9999 -9999 -9999 -9999 -9999 -9999 -9999 -9999 -9999 -9999 -9999 -9999 -9999 -9999 -9999 -9999 -9999 -9999
6.19804E-1 6.25704E-1 6.16326E-1 6.12223E-1 6.08276E-1 6.04597E-1 6.0864E-1 6.38247E-1 6.07393E-1 6.044E-1 5.87697E-1 5.66035E-1 5.48643E-1 5.55237E-1 5.94084E-1 5.94706E-1 5.52897E-1 5.64751E-1 5.82868E-1 5.66807E-1 5.51269E-1 5.27015E-1 5.84682E-1 5.90818E-1 6.00794E-1 5.88025E-1 5.75098E-1 6.0383E-1 6.11174E-1 5.81478E-1 5.00805E-1 4.15494E-1 5.23368E-1 5.814E-1 5.73009E-1 5.41906E-1 5.50296E-1 5.10523E-1 5.01438E-1 4.39132E-1 5.15736E-1 4.5823E-1 4.13022E-1 5.43265E-1 6.20146E-1 7.26776E-1 7.32771E-1 8.14617E-1 5.70157E-1 5.03348E-1 7.99782E-1 -9999 8.51879E-1 7.92963E-1 -9999 -9999 -9999 -9999 -9999 -9999 -9999 -9999 -9999 -9999 -9999 -9999 -9999 -9999 -9999 -9999 -9999 -9999
6.22692E-1 6.20578E-1 6.52107E-1 6.20336E-1 6.1002E-1 6.1084E-1 6.13847E-1 6.22164E-1 6.53402E-1 6.28638E-1 6.21459E-1 5.97886E-1 5.68095E-1 5.58107E-1 5.85659E-1 6.09237E-1 5.4908E-1 5.89632E-1 5.8181E-1 5.90081E-1 5.91819E-1 5.66633E-1 5.53108E-1 6.03281E-1 6.11255E-1 5.97054E-1 5.48474E-1 5.44702E-1 5.72469E-1 5.66025E-1 5.59432E-1 5.48381E-1 4.94384E-1 4.64917E-1 5.2062E-1 4.57523E-1 5.14576E-1 4.3578E-1 4.91855E-1 4.99622E-1 4.65864E-1 4.7725E-1 5.35847E-1 5.18979E-1 5.49655E-1 6.08871E-1 6.04181E-1 5.44089E-1 5.87277E-1 5.25E-1 7.93598E-1 8.873E-1 8.65606E-1 8.4441E-1 -9999 -9999 -9999 -9999 8.6939E-1 -9999 -9999 -9999 -9999 -9999 -9999 -9999 -9999 -9999 -9999 -9999 -9999 -9999
6.28996E-1 6.22076E-1 6.24885E-1 6.6239E-1 6.29817E-1 6.2615E-1 6.19375E-1 6.2006E-1 6.09391E-1 6.45807E-1 6.36375E-1 6.24331E-1 6.01612E-1 5.98343E-1 5.86704E-1 6.0602E-1 6.0961E-1 5.96836E-1 5.73983E-1 5.86424E-1 6.08082E-1 6.00015E-1 5.91165E-1 6.04961E-1 6.08067E-1 5.70865E-1 5.02322E-1 4.67223E-1 5.25612E-1 5.62835E-1 5.83507E-1 5.81163E-1 6.35728E-1 4.97061E-1 4.34044E-1 4.17955E-1 4.11023E-1 4.81246E-1 4.19476E-1 4.34099E-1 4.59558E-1 4.56864E-1 4.61691E-1 4.55216E-1 5.91928E-1 4.69542E-1 4.24635E-1 5.06895E-1 4.86968E-1 5.1651E-1 7.86512E-1 8.09986E-1 8.3701E-1 8.39171E-1 -9999 -9999 -9999 -9999 -9999 -9999 -9999 -9999 -9999 -9999 -9999 -9999 -9999 -9999 -9999 -9999 -9999 -9999
6.19835E-1 6.20926E-1 6.27773E-1 6.25907E-1 6.57225E-1 6.39405E-1 6.20671E-1 6.17539E-1 6.03515E-1 6.2578E-1 6.32532E-1 6.33462E-1 6.33376E-1 6.37221E-1 6.18114E-1 5.96452E-1 6.07221E-1 5.86928E-1 5.7561E-1 5.92334E-1 6.16267E-1 6.4144E-1 6.21579E-1 5.98442E-1 6.10297E-1 5.96375E-1 5.51881E-1 5.37551E-1 5.45855E-1 5.70212E-1 6.14724E-1 5.82723E-1 5.04201E-1 4.95831E-1 5.63085E-1 4.91414E-1 4.74272E-1 4.27938E-1 4.59043E-1 4.28759E-1 4.15394E-1 4.24594E-1 4.49631E-1 5.81727E-1 6.67428E-1 4.89071E-1 4.94634E-1 5.5153E-1 4.67635E-1 4.29743E-1 6.60293E-1 8.12488E-1 7.96391E-1 8.2312E-1 -9999 -9999 -9999 -9999 -9999 -9999 -9999 -9999 -9999 -9999 -9999 -9999 -9999 -9999 -9999 -9999 -9999 -9999
6.40684E-1 6.46616E-1 6.24738E-1 6.19876E-1 6.29996E-1 6.37295E-1 6.39444E-1 6.18421E-1 6.33232E-1 6.30884E-1 6.42319E-1 6.3033E-1 6.11254E-1 6.17E-1 6.27986E-1 6.13591E-1 6.00521E-1 6.04288E-1 6.00072E-1 5.99735E-1 6.07581E-1 6.17958E-1 6.02817E-1 6.06869E-1 5.99677E-1 6.05103E-1 5.95868E-1 5.99954E-1 6.18187E-1 5.98067E-1 5.35834E-1 5.00403E-1 4.91092E-1 4.57119E-1 4.46148E-1 5.72269E-1 6.12625E-1 5.14151E-1 4.55001E-1 4.14635E-1 4.42934E-1 4.9078E-1 5.40804E-1 5.94508E-1 5.25728E-1 4.43301E-1 4.69387E-1 5.7531E-1 4.44519E-1 4.19666E-1 5.10253E-1 7.70457E-1 7.92407E-1 -9999 -9999 -9999 -9999 -9999 -9999 -9999 -9999 -9999 -9999 -9999 -9999 -9999 -9999 -9999 -9999 -9999 -9999 -9999
6.30543E-1 6.52623E-1 6.45149E-1 6.34256E-1 6.40832E-1 6.36508E-1 6.39178E-1 6.59856E-1 6.32973E-1 6.37065E-1 6.29284E-1 6.29322E-1 6.10789E-1 6.03709E-1 6.17915E-1 6.11394E-1 6.24955E-1 6.16378E-1 5.97924E-1 6.01421E-1 6.08257E-1 6.06057E-1 6.17104E-1 6.02623E-1 5.92532E-1 6.00197E-1 6.03053E-1 6.03417E-1 5.97892E-1 5.86704E-1 5.76253E-1 5.4526E-1 5.62629E-1 5.85307E-1 5.06375E-1 4.3198E-1 5.78128E-1 6.07439E-1 5.57808E-1 5.29371E-1 5.4698E-1 5.59008E-1 4.90106E-1 5.05281E-1 5.03432E-1 4.54997E-1 4.32285E-1 4.67986E-1 4.8118E-1 4.39148E-1 5.22056E-1 6.87251E-1 7.83285E-1 -9999 -9999 -9999 8.31072E-1 8.3474E-1 -9999 -9999 -9999 -9999 -9999 -9999 7.72046E-1 -9999 -9999 -9999 -9999 -9999 -9999 -9999
6.56649E-1 6.51486E-1 6.51604E-1 6.59072E-1 6.50229E-1 6.33061E-1 6.40102E-1 6.55169E-1 6.59366E-1 6.41214E-1 6.24155E-1 6.33925E-1 6.30045E-1 6.103E-1 6.10674E-1 6.14498E-1 6.16549E-1 6.26809E-1 6.07708E-1 6.08356E-1 6.09705E-1 5.99058E-1 6.06398E-1 6.03167E-1 6.1035E-1 5.93231E-1 6.00876E-1 5.93817E-1 5.98913E-1 5.76327E-1 6.01666E-1 6.01989E-1 5.87957E-1 5.59962E-1 5.65512E-1 4.8892E-1 4.29945E-1 4.24334E-1 4.13631E-1 4.97737E-1 6.17785E-1 5.7961E-1 5.22772E-1 5.75302E-1 5.97585E-1 5.83982E-1 5.70436E-1 5.00908E-1 5.08268E-1 3.66277E-1 5.69758E-1 7.40837E-1 -9999 -9999 -9999 -9999 7.10978E-1 6.86495E-1 -9999 -9999 -9999 -9999 -9999 -9999 7.76228E-1 7.75735E-1 -9999 -9999 -9999 -9999 -9999 -9999
6.9285E-1 6.3408E-1 6.36068E-1 6.48593E-1 6.55853E-1 6.52599E-1 6.42817E-1 6.41272E-1 6.58913E-1 6.24533E-1 6.28768E-1 6.33368E-1 6.39475E-1 6.09223E-1 6.09961E-1 6.16499E-1 6.20107E-1 6.21917E-1 6.231E-1 6.22459E-1 6.22121E-1 6.08297E-1 5.99904E-1 6.07073E-1 5.88294E-1 5.94577E-1 5.95105E-1 5.99357E-1 5.94346E-1 5.87788E-1 5.92208E-1 6.02503E-1 6.00456E-1 5.66525E-1 5.20882E-1 4.77451E-1 4.44142E-1 4.80411E-1 5.40472E-1 4.19978E-1 5.87926E-1 6.01298E-1 5.91763E-1 6.14684E-1 6.45703E-1 6.54885E-1 6.84125E-1 5.90859E-1 5.10778E-1 4.08119E-1 6.2073E-1 7.59194E-1 -9999 -9999 -9999 6.72288E-1 5.37462E-1 5.79863E-1 -9999 -9999 -9999 -9999 -9999 -9999 -9999 7.74833E-1 -9999 -9999 -9999 -9999 -9999 -9999
6.92109E-1 6.58746E-1 6.49639E-1 6.50554E-1 6.5307E-1 6.55859E-1 6.41273E-1 6.36864E-1 6.56394E-1 6.49502E-1 6.56628E-1 6.28444E-1 6.36216E-1 6.21327E-1 6.10982E-1 6.41137E-1 6.28E-1 6.20559E-1 6.17873E-1 6.18179E-1 6.07791E-1 6.05706E-1 6.01248E-1 6.07536E-1 6.07243E-1 5.88802E-1 5.88435E-1 5.93059E-1 5.90623E-1 5.9454E-1 5.83951E-1 5.85538E-1 5.93434E-1 5.98003E-1 5.9464E-1 6.06238E-1 5.42346E-1 5.46565E-1 6.00138E-1 6.02522E-1 6.29756E-1 6.21439E-1 6.27119E-1 6.28858E-1 6.44034E-1 6.74152E-1 6.88703E-1 4.706E-1 4.89222E-1 4.1501E-1 5.22066E-1 7.51588E-1 -9999 -9999 -9999 7.00489E-1 4.7349E-1 6.93073E-1 -9999 -9999 -9999 -9999 -9999 -9999 -9999 7.70485E-1 -9999 -9999 -9999 -9999 -9999 -9999
-9999 -9999 6.74078E-1 6.75579E-1 6.58555E-1 6.52585E-1 6.54479E-1 6.35432E-1 6.65594E-1 6.52137E-1 6.53738E-1 6.26521E-1 6.36469E-1 6.42585E-1 6.18527E-1 6.25493E-1 6.29645E-1 6.1828E-1 6.19491E-1 6.196E-1 6.02093E-1 6.00335E-1 6.0399E-1 5.85705E-1 6.01719E-1 5.83519E-1 5.90659E-1 5.85414E-1 5.82291E-1 5.89625E-1 5.83948E-1 5.91463E-1 5.84709E-1 5.91354E-1 5.88536E-1 6.04797E-1 6.03671E-1 5.92586E-1 5.91974E-1 6.26974E-1 6.15735E-1 6.18415E-1 6.15135E-1 6.17249E-1 6.57741E-1 6.50344E-1 6.62723E-1 5.74388E-1 4.98742E-1 4.44521E-1 4.12313E-1 7.1555E-1 -9999 -9999 -9999 -9999 5.77506E-1 7.05416E-1 -9999 -9999 -9999 -9999 -9999 -9999 -9999 7.514E-1 -9999 7.06277E-1 -9999 -9999 -9999 -9999
-9999 -9999 -9999 -9999 6.74824E-1 6.5231E-1 6.51831E-1 6.59409E-1 6.72947E-1 6.45144E-1 6.45869E-1 6.30437E-1 6.50192E-1 6.47605E-1 6.37906E-1 6.26091E-1 6.25283E-1 6.212E-1 5.96525E-1 6.03275E-1 5.9606E-1 6.0804E-1 5.98501E-1 6.04378E-1 6.04064E-1 5.8284E-1 5.81825E-1 5.78951E-1 5.83365E-1 5.78355E-1 5.76317E-1 5.70358E-1 5.76639E-1 5.71913E-1 5.78128E-1 5.78185E-1 5.79246E-1 5.78575E-1 5.79919E-1 5.80213E-1 6.01058E-1 6.11642E-1 6.12039E-1 6.00906E-1 6.45515E-1 6.45595E-1 6.40027E-1 4.81413E-1 4.1914E-1 5.01491E-1 4.39381E-1 6.20581E-1 -9999 -9999 -9999 -9999 6.87962E-1 -9999 -9999 -9999 -9999 -9999 -9999 -9999 -9999 -9999 -9999 -9999 -9999 -9999 -9999 -9999
-9999 -9999 -9999 -9999 -9999 6.70885E-1 6.50227E-1 6.64142E-1 6.66808E-1 6.47026E-1 6.60626E-1 6.79448E-1 6.93306E-1 -9999 6.34916E-1 6.32434E-1 6.22156E-1 6.21109E-1 6.17413E-1 6.24374E-1 6.24146E-1 6.04647E-1 6.03208E-1 5.98345E-1 6.04302E-1 6.03243E-1 6.02937E-1 6.22277E-1 -9999 6.03004E-1 6.10652E-1 5.75658E-1 5.84711E-1 5.96766E-1 5.73635E-1 5.72093E-1 5.75453E-1 5.75259E-1 5.67956E-1 5.91493E-1 5.78585E-1 5.76342E-1 6.00553E-1 6.02415E-1 6.05749E-1 6.05139E-1 6.32535E-1 5.73624E-1 4.4162E-1 4.04213E-1 3.69131E-1 6.41336E-1 -9999 -9999 -9999 -9999 -9999 -9999 -9999 -9999 -9999 -9999 -9999 -9999 -9999 -9999 7.26658E-1 -9999 -9999 -9999 -9999 -9999
-9999 -9999 -9999 -9999 -9999 -9999 6.70864E-1 6.58277E-1 6.7468E-1 6.86343E-1 6.80601E-1 -9999 -9999 -9999 -9999 6.32471E-1 6.21397E-1 6.27731E-1 6.52475E-1 6.53261E-1 6.27162E-1 6.16687E-1 6.01834E-1 5.9998E-1 6.32457E-1 -9999 -9999 -9999 -9999 -9999 -9999 -9999 -9999 -9999 -9999 -9999 -9999 -9999 -9999 -9999 5.9156E-1 5.87176E-1 5.84463E-1 5.67704E-1 5.86957E-1 6.04482E-1 6.17143E-1 4.85435E-1 4.99284E-1 3.88883E-1 3.27733E-1 5.70015E-1 -9999 -9999 -9999 -9999 -9999 -9999 -9999 -9999 6.97472E-1 7.01027E-1 -9999 -9999 -9999 -9999 -9999 -9999 6.75965E-1 -9999 -9999 -9999
-9999 -9999 -9999 -9999 -9999 -9999 -9999 -9999 -9999 -9999 -9999 -9999 -9999 -9999 -9999 6.55901E-1 6.62723E-1 6.53637E-1 -9999 -9999 -9999 -9999 6.28777E-1 6.2602E-1 -9999 -9999 -9999 -9999 -9999 -9999 -9999 -9999 -9999 -9999 -9999 -9999 -9999 -9999 -9999 -9999 -9999 -9999 -9999 6.0097E-1 5.75043E-1 6.07673E-1 5.45078E-1 4.73324E-1 4.63056E-1 4.24645E-1 3.04481E-1 5.39652E-1 6.18329E-1 -9999 -9999 -9999 -9999 -9999 -9999 -9999 6.55144E-1 6.33617E-1 -9999 -9999 -9999 -9999 -9999 -9999 -9999 -9999 -9999 -9999
-9999 -9999 -9999 -9999 -9999 -9999 -9999 -9999 -9999 -9999 -9999 -9999 -9999 -9999 -9999 -9999 -9999 -9999 -9999 -9999 -9999 -9999 -9999 -9999 -9999 -9999 -9999 -9999 -9999 -9999 -9999 -9999 -9999 -9999 -9999 -9999 -9999 -9999 -9999 -9999 -9999 -9999 -9999 -9999 5.95966E-1 5.67736E-1 5.71433E-1 5.02051E-1 5.77985E-1 5.95594E-1 3.34496E-1 3.85544E-1 5.48196E-1 -9999 -9999 -9999 -9999 -9999 -9999 6.62617E-1 6.07032E-1 6.37594E-1 -9999 -9999 -9999 -9999 -9999 -9999 -9999 -9999 -9999 -9999
-9999 -9999 -9999 -9999 -9999 -9999 -9999 -9999 -9999 -9999 -9999 -9999 -9999 -9999 -9999 -9999 -9999 -9999 -9999 -9999 -9999 -9999 -9999 -9999 -9999 -9999 -9999 -9999 -9999 5.99995E-1 -9999 -9999 -9999 -9999 -9999 5.76348E-1 5.81215E-1 -9999 -9999 -9999 -9999 -9999 -9999 -9999 5.75029E-1 5.67419E-1 5.73546E-1 5.85726E-1 5.44436E-1 5.53196E-1 3.58189E-1 3.68471E-1 5.26773E-1 6.87041E-1 -9999 -9999 -9999 -9999 -9999 -9999 5.71857E-1 5.18949E-1 6.08869E-1 -9999 -9999 -9999 -9999 -9999 -9999 -9999 -9999 6.21639E-1
-9999 -9999 -9999 -9999 -9999 -9999 -9999 -9999 -9999 -9999 -9999 -9999 -9999 -9999 -9999 -9999 -9999 -9999 -9999 -9999 -9999 -9999 -9999 -9999 -9999 6.17135E-1 5.91504E-1 5.7083E-1 5.72135E-1 5.51961E-1 5.70316E-1 5.74057E-1 5.73672E-1 -9999 -9999 5.62221E-1 5.41708E-1 5.50614E-1 -9999 -9999 -9999 5.3213E-1 5.33213E-1 5.4281E-1 5.8562E-1 5.84815E-1 5.93413E-1 6.02775E-1 4.44227E-1 3.48426E-1 3.86187E-1 3.9499E-1 3.80174E-1 5.7018E-1 6.51339E-1 -9999 -9999 -9999 -9999 -9999 6.61884E-1 6.14861E-1 -9999 -9999 -9999 -9999 -9999 -9999 -9999 -9999 -9999 -9999
-9999 -9999 -9999 -9999 -9999 -9999 -9999 -9999 -9999 -9999 -9999 -9999 -9999 -9999 -9999 -9999 -9999 -9999 -9999 -9999 -9999 -9999 -9999 -9999 6.11773E-1 5.93318E-1 5.71981E-1 5.48532E-1 5.55314E-1 5.46361E-1 5.45974E-1 5.54693E-1 5.73092E-1 -9999 5.75556E-1 -9999 5.35829E-1 5.34738E-1 5.40841E-1 5.72967E-1 -9999 5.59444E-1 5.35781E-1 5.47082E-1 5.80962E-1 6.02369E-1 6.11494E-1 6.08386E-1 5.69342E-1 2.97324E-1 4.31072E-1 4.49824E-1 3.70198E-1 3.60396E-1 5.78868E-1 6.64328E-1 -9999 -9999 -9999 6.52564E-1 6.11356E-1 6.53735E-1 6.88531E-1 6.88346E-1 -9999 -9999 -9999 -9999 -9999 -9999 -9999 -9999
-9999 -9999 -9999 -9999 -9999 -9999 -9999 -9999 -9999 -9999 -9999 -9999 -9999 -9999 -9999 -9999 -9999 -9999 -9999 -9999 -9999 -9999 -9999 6.24677E-1 5.92413E-1 5.73753E-1 5.53635E-1 5.58439E-1 5.79812E-1 5.77148E-1 5.57596E-1 5.56228E-1 5.50607E-1 5.51928E-1 5.43706E-1 5.398E-1 -9999 5.54535E-1 5.51039E-1 5.73838E-1 5.66785E-1 5.45519E-1 5.68499E-1 5.5255E-1 4.93772E-1 5.73946E-1 5.12454E-1 6.16167E-1 5.70405E-1 2.99802E-1 3.40907E-1 4.73784E-1 3.95165E-1 3.37607E-1 4.43691E-1 6.04344E-1 6.30541E-1 6.244E-1 -9999 5.85656E-1 4.12804E-1 4.27282E-1 3.98984E-1 4.65199E-1 -9999 -9999 -9999 -9999 -9999 -9999 -9999 -9999
-9999 -9999 -9999 -9999 -9999 -9999 -9999 -9999 -9999 -9999 -9999 -9999 -9999 -9999 -9999 -9999 -9999 -9999 -9999 -9999 -9999 -9999 -9999 6.15121E-1 5.90637E-1 5.76176E-1 5.57848E-1 5.61441E-1 5.83189E-1 5.79389E-1 5.50808E-1 5.3265E-1 5.27726E-1 5.47953E-1 5.46417E-1 5.41355E-1 5.72894E-1 5.65649E-1 5.48426E-1 5.46325E-1 5.39161E-1 5.40823E-1 5.63355E-1 4.66075E-1 3.39329E-1 4.0611E-1 3.64071E-1 5.12931E-1 5.47921E-1 3.79875E-1 3.32774E-1 5.2363E-1 3.78402E-1 3.52901E-1 3.82859E-1 5.24178E-1 6.2754E-1 6.24768E-1 6.07673E-1 4.88672E-1 3.41146E-1 3.15166E-1 2.49409E-1 4.47283E-1 -9999 -9999 -9999 -9999 -9999 -9999 -9999 -9999
-9999 -9999 -9999 -9999 -9999 -9999 -9999 -9999 -9999 6.83705E-1 6.85796E-1 -9999 -9999 -9999 -9999 -9999 -9999 -9999 -9999 -9999 -9999 -9999 6.17921E-1 5.93984E-1 5.9455E-1 5.76971E-1 5.56012E-1 5.38062E-1 5.58477E-1 5.3756E-1 5.27777E-1 5.2877E-1 5.58179E-1 5.50042E-1 5.46456E-1 5.45239E-1 5.50876E-1 5.51531E-1 5.37983E-1 5.2023E-1 5.50027E-1 5.51902E-1 5.51032E-1 5.11166E-1 4.57945E-1 3.90809E-1 3.87437E-1 3.36656E-1 5.49252E-1 3.81327E-1 3.47691E-1 4.50832E-1 4.17061E-1 3.92018E-1 3.86299E-1 4.66311E-1 6.12259E-1 -9999 6.00831E-1 4.6989E-1 3.50012E-1 3.12528E-1 2.30491E-1 4.13994E-1 -9999 -9999 -9999 -9999 -9999 -9999 -9999 -9999
-9999 -9999 -9999 -9999 6.18979E-1 5.12826E-1 -9999 -9999 -9999 6.88629E-1 6.78339E-1 5.96659E-1 6.79065E-1 6.68669E-1 -9999 -9999 -9999 -9999 -9999 -9999 -9999 6.34343E-1 6.10321E-1 5.93474E-1 5.92809E-1 5.75004E-1 5.55208E-1 5.40838E-1 5.36116E-1 5.12378E-1 5.37838E-1 5.55817E-1 5.56117E-1 5.53279E-1 5.48282E-1 5.50683E-1 5.52541E-1 5.53221E-1 5.33981E-1 5.23808E-1 5.23076E-1 5.24654E-1 5.46061E-1 5.56343E-1 5.63007E-1 4.12008E-1 3.94322E-1 3.74733E-1 4.02518E-1 4.62985E-1 3.87322E-1 4.8816E-1 5.0644E-1 3.64282E-1 3.92667E-1 3.60963E-1 5.42691E-1 -9999 -9999 5.48797E-1 3.20011E-1 2.3722E-1 1.87481E-1 3.54541E-1 -9999 -9999 -9999 -9999 -9999 -9999 -9999 -9999
-9999 -9999 6.87425E-1 6.12079E-1 4.61704E-1 3.95926E-1 3.62243E-1 3.69819E-1 3.92876E-1 5.57096E-1 6.419E-1 6.52412E-1 5.65309E-1 5.14696E-1 5.67196E-1 -9999 -9999 -9999 -9999 -9999 6.38282E-1 6.14172E-1 5.91921E-1 5.98458E-1 5.98374E-1 5.80038E-1 5.35703E-1 5.17427E-1 5.36818E-1 5.37688E-1 5.70878E-1 5.63346E-1 5.58066E-1 5.55192E-1 5.52184E-1 5.33878E-1 5.36847E-1 5.36168E-1 5.01106E-1 5.25386E-1 5.41249E-1 5.35027E-1 5.5824E-1 5.41441E-1 5.56978E-1 5.58014E-1 3.88916E-1 4.61492E-1 3.497E-1 3.86896E-1 4.32805E-1 4.09849E-1 4.3429E-1 4.08009E-1 3.65777E-1 3.49337E-1 4.01402E-1 5.63416E-1 -9999 5.73352E-1 2.85466E-1 1.73585E-1 2.10723E-1 3.97637E-1 -9999 -9999 -9999 4.56007E-1 4.84542E-1 -9999 -9999 -9999
6.35405E-1 6.64305E-1 6.71959E-1 5.26161E-1 4.34896E-1 4.18443E-1 3.99663E-1 4.5832E-1 4.79288E-1 5.66191E-1 6.32436E-1 6.02843E-1 5.6259E-1 4.303E-1 4.30862E-1 5.73742E-1 -9999 -9999 -9999 6.35404E-1 6.12524E-1 5.93145E-1 5.97764E-1 5.99169E-1 5.96652E-1 5.97841E-1 5.78955E-1 5.57232E-1 5.37213E-1 5.71201E-1 5.64153E-1 5.43925E-1 5.36434E-1 5.57993E-1 5.35044E-1 5.36198E-1 5.16559E-1 4.87745E-1 5.27923E-1 5.47321E-1 5.52258E-1 5.27061E-1 5.72594E-1 4.92328E-1 3.7447E-1 4.88873E-1 4.45125E-1 4.43072E-1 4.01887E-1 3.61762E-1 3.65726E-1 3.25827E-1 2.98487E-1 4.20928E-1 3.84693E-1 3.84929E-1 3.60861E-1 4.53499E-1 -9999 5.66404E-1 3.09625E-1 1.61834E-1 2.09673E-1 4.71227E-1 -9999 -9999 -9999 5.30328E-1 5.14626E-1 -9999 -9999 -9999
6.22825E-1 5.75348E-1 4.30046E-1 3.59905E-1 3.27964E-1 3.18105E-1 3.27499E-1 3.79629E-1 4.17128E-1 4.47163E-1 4.40515E-1 5.22215E-1 4.67708E-1 4.41327E-1 5.5149E-1 5.58899E-1 6.40074E-1 6.53449E-1 6.52653E-1 6.31791E-1 6.13853E-1 5.95936E-1 5.93545E-1 5.80678E-1 5.78955E-1 5.77967E-1 5.79531E-1 5.64125E-1 5.47091E-1 5.46227E-1 5.00776E-1 5.21446E-1 5.17599E-1 5.4251E-1 5.3996E-1 5.15194E-1 4.92477E-1 4.9158E-1 5.32431E-1 5.36546E-1 5.4506E-1 5.10622E-1 4.78763E-1 4.05833E-1 2.67129E-1 3.72371E-1 3.11557E-1 3.4176E-1 3.74966E-1 3.9827E-1 3.94586E-1 3.76517E-1 3.29925E-1 3.55063E-1 5.02567E-1 3.75941E-1 3.56499E-1 4.5715E-1 5.50468E-1 -9999 3.52523E-1 1.6205E-1 1.76715E-1 4.24427E-1 -9999 -9999 -9999 -9999 -9999 -9999 -9999 -9999
6.12624E-1 4.88929E-1 3.66823E-1 2.98437E-1 2.8937E-1 2.82986E-1 2.66921E-1 2.95259E-1 3.31452E-1 3.61248E-1 3.67043E-1 3.90656E-1 4.30074E-1 4.27303E-1 4.9033E-1 6.01841E-1 5.65871E-1 5.974E-1 6.31239E-1 6.13596E-1 6.13431E-1 6.15449E-1 6.01514E-1 6.03435E-1 5.82316E-1 5.60884E-1 5.59719E-1 5.43297E-1 5.22715E-1 5.25874E-1 5.2503E-1 5.26968E-1 5.2404E-1 5.25819E-1 5.2539E-1 5.21174E-1 4.9653E-1 4.97009E-1 5.37516E-1 5.31499E-1 4.70712E-1 4.78884E-1 4.48832E-1 3.28113E-1 2.89904E-1 3.00287E-1 3.03907E-1 3.06568E-1 4.53461E-1 3.97725E-1 3.82374E-1 4.25105E-1 3.89052E-1 2.8811E-1 3.80384E-1 4.27129E-1 4.0032E-1 4.40114E-1 5.34123E-1 6.20117E-1 4.81634E-1 2.10614E-1 1.71671E-1 3.67022E-1 -9999 -9999 -9999 -9999 -9999 -9999 -9999 -9999
6.64389E-1 3.71226E-1 3.56921E-1 3.85495E-1 4.05633E-1 4.22031E-1 3.63731E-1 3.57054E-1 3.13022E-1 2.84142E-1 3.03513E-1 3.30638E-1 3.65783E-1 4.42822E-1 4.76799E-1 5.24575E-1 6.36384E-1 5.14093E-1 6.1515E-1 6.16273E-1 6.17233E-1 6.1861E-1 6.2035E-1 6.1964E-1 5.99473E-1 5.81073E-1 5.60454E-1 5.22658E-1 4.82616E-1 4.67193E-1 4.91606E-1 5.04125E-1 5.03048E-1 5.07361E-1 5.01223E-1 5.06354E-1 5.21616E-1 4.97827E-1 5.16841E-1 5.32613E-1 4.84326E-1 4.47454E-1 4.53471E-1 3.72024E-1 3.76918E-1 3.53147E-1 3.56402E-1 3.32925E-1 4.27285E-1 3.6926E-1 3.57404E-1 4.25645E-1 4.10027E-1 3.8731E-1 3.15626E-1 3.00407E-1 4.00111E-1 4.05549E-1 4.97927E-1 5.94544E-1 5.45576E-1 2.76079E-1 1.7913E-1 3.20766E-1 -9999 -9999 -9999 -9999 -9999 -9999 -9999 -9999
6.04169E-1 5.86635E-1 4.82462E-1 4.64901E-1 5.2663E-1 5.42512E-1 4.66107E-1 4.7109E-1 4.18052E-1 3.17141E-1 2.87055E-1 2.83043E-1 3.09175E-1 3.74787E-1 4.53244E-1 5.00159E-1 5.46874E-1 6.55393E-1 6.64664E-1 6.53436E-1 6.18339E-1 6.25904E-1 6.21593E-1 6.21097E-1 6.00288E-1 6.02774E-1 5.83855E-1 5.40402E-1 5.25958E-1 5.05677E-1 5.14433E-1 5.16001E-1 5.06916E-1 5.08262E-1 5.04117E-1 5.05921E-1 5.08626E-1 5.0203E-1 5.2459E-1 5.18159E-1 5.06844E-1 4.58524E-1 4.31117E-1 4.82686E-1 3.71646E-1 3.44325E-1 4.0591E-1 3.50305E-1 3.56043E-1 3.77139E-1 3.43077E-1 4.0229E-1 3.92109E-1 4.27061E-1 3.81662E-1 2.594E-1 3.53759E-1 3.85522E-1 4.10412E-1 5.42159E-1 5.62178E-1 3.60791E-1 2.08817E-1 4.00941E-1 5.81521E-1 -9999 -9999 5.22235E-1 5.09122E-1 -9999 -9999 -9999
7.32842E-1 7.06901E-1 6.68108E-1 7.34869E-1 7.62907E-1 7.67285E-1 7.44686E-1 7.01617E-1 5.97585E-1 3.75619E-1 3.09485E-1 2.73099E-1 2.51059E-1 2.97277E-1 4.26592E-1 4.56779E-1 5.08103E-1 5.82532E-1 6.37167E-1 6.37764E-1 6.17045E-1 6.0345E-1 6.02113E-1 6.02514E-1 5.80729E-1 5.68041E-1 5.45389E-1 5.6761E-1 5.70877E-1 5.53089E-1 5.35178E-1 5.31506E-1 5.14884E-1 5.11153E-1 5.08262E-1 5.10176E-1 5.13051E-1 5.06668E-1 5.27305E-1 4.97976E-1 5.09873E-1 4.84331E-1 5.05008E-1 5.47003E-1 4.0018E-1 3.30579E-1 3.98389E-1 4.05408E-1 3.65152E-1 3.758E-1 2.54506E-1 2.73106E-1 3.51387E-1 3.92143E-1 3.85359E-1 2.81775E-1 2.62151E-1 3.41207E-1 3.48745E-1 4.74466E-1 5.54067E-1 4.90336E-1 2.29991E-1 3.64782E-1 5.49402E-1 -9999 4.25562E-1 4.13257E-1 4.51623E-1 -9999 -9999 -9999
