Artocarpus altilis SDM files/MIS19/results (with bias file)/Artalt_stddev.asc
ncols         1201
nrows         481
xllcorner     119.99986351115
yllcorner     -15.00013828885
cellsize      0.041666667
NODATA_value  -9999
[rows 416 to 447 of 481, columns 504 to 575 of 1201]
-9999 -9999 -9999 -9999 -9999 -9999 -9999 -9999 -9999 -9999 -9999 -9999 -9999 -9999 -9999 -9999 3.86105E-2 4.38844E-2 3.87245E-2 3.69893E-2 3.10061E-2 4.08051E-2 4.44472E-2 4.86135E-2 4.34415E-2 5.18451E-2 5.50732E-2 5.97649E-2 7.2633E-2 7.69389E-2 8.34465E-2 8.21835E-2 8.49158E-2 8.43033E-2 8.86094E-2 8.68735E-2 8.76117E-2 8.73741E-2 8.25105E-2 8.05285E-2 7.77279E-2 7.08072E-2 6.9049E-2 6.85383E-2 6.83194E-2 6.59471E-2 5.92508E-2 6.00532E-2 5.71902E-2 5.35825E-2 -9999 -9999 -9999 -9999 -9999 -9999 -9999 4.6352E-2 -9999 -9999 -9999 -9999 -9999 -9999 -9999 -9999 -9999 -9999 -9999 -9999 -9999 -9999
-9999 -9999 -9999 -9999 -9999 -9999 -9999 -9999 -9999 -9999 -9999 -9999 -9999 -9999 -9999 -9999 4.15299E-2 4.21418E-2 4.01419E-2 3.94999E-2 3.35501E-2 4.1214E-2 4.49772E-2 5.07006E-2 4.66105E-2 5.41127E-2 6.16139E-2 6.70763E-2 7.08892E-2 7.88459E-2 8.23886E-2 8.28862E-2 8.52839E-2 8.72213E-2 8.90641E-2 8.92304E-2 8.90645E-2 8.72659E-2 8.24548E-2 8.20251E-2 8.13584E-2 7.65581E-2 7.10884E-2 6.8709E-2 6.86625E-2 6.8885E-2 5.93552E-2 5.73846E-2 5.69532E-2 5.4006E-2 5.50235E-2 5.49526E-2 5.42497E-2 4.98241E-2 -9999 -9999 -9999 -9999 -9999 -9999 -9999 -9999 -9999 -9999 -9999 -9999 -9999 -9999 -9999 -9999 -9999 -9999
-9999 -9999 -9999 -9999 -9999 -9999 -9999 -9999 -9999 -9999 -9999 -9999 -9999 -9999 -9999 5.06187E-2 4.27509E-2 4.77686E-2 4.9347E-2 4.32353E-2 4.59504E-2 3.98851E-2 3.89116E-2 4.62072E-2 4.76233E-2 6.16159E-2 6.56811E-2 7.02199E-2 7.35631E-2 7.62926E-2 8.42227E-2 8.79079E-2 8.54238E-2 9.25362E-2 9.21688E-2 9.29383E-2 9.11099E-2 8.73294E-2 8.80588E-2 8.42644E-2 8.06739E-2 8.14745E-2 7.60836E-2 7.16626E-2 7.29087E-2 7.12766E-2 6.11389E-2 5.58868E-2 5.65578E-2 5.62618E-2 5.47813E-2 5.6555E-2 5.2729E-2 4.88571E-2 4.7115E-2 -9999 -9999 -9999 -9999 -9999 -9999 -9999 -9999 -9999 -9999 -9999 -9999 -9999 -9999 -9999 -9999 -9999
-9999 -9999 -9999 -9999 -9999 -9999 -9999 -9999 -9999 -9999 -9999 -9999 -9999 -9999 -9999 5.34262E-2 4.55991E-2 4.90902E-2 3.91311E-2 4.50383E-2 3.64966E-2 3.5762E-2 4.44802E-2 5.09052E-2 5.82476E-2 6.43476E-2 6.6631E-2 7.1445E-2 7.56048E-2 7.99498E-2 8.68138E-2 9.06257E-2 9.07207E-2 9.34097E-2 9.48568E-2 9.47397E-2 9.28419E-2 9.03723E-2 8.83021E-2 8.52649E-2 8.54582E-2 8.38905E-2 7.85173E-2 7.27854E-2 6.95672E-2 6.90256E-2 6.17126E-2 5.47949E-2 5.57562E-2 5.67764E-2 5.52634E-2 5.63565E-2 5.38734E-2 5.04563E-2 4.40962E-2 -9999 -9999 -9999 -9999 -9999 -9999 -9999 -9999 -9999 -9999 -9999 -9999 -9999 -9999 -9999 -9999 -9999
-9999 -9999 -9999 -9999 -9999 -9999 -9999 -9999 -9999 -9999 -9999 -9999 -9999 -9999 5.02034E-2 5.94696E-2 4.80757E-2 5.05893E-2 4.46702E-2 4.97743E-2 4.55207E-2 5.17312E-2 5.66019E-2 5.38787E-2 6.33953E-2 7.09418E-2 7.05362E-2 7.56054E-2 8.29359E-2 8.34257E-2 9.18782E-2 9.22184E-2 9.47066E-2 9.44517E-2 9.717E-2 9.49448E-2 9.51184E-2 9.2907E-2 9.1153E-2 9.10456E-2 8.8577E-2 8.72153E-2 8.0887E-2 7.26785E-2 7.61003E-2 6.55484E-2 5.83976E-2 5.54029E-2 5.64857E-2 5.59418E-2 5.58916E-2 5.5638E-2 5.30802E-2 4.58682E-2 4.61477E-2 -9999 -9999 -9999 -9999 -9999 -9999 -9999 -9999 -9999 -9999 -9999 -9999 -9999 -9999 -9999 -9999 -9999
-9999 -9999 -9999 -9999 -9999 -9999 -9999 -9999 -9999 -9999 -9999 -9999 -9999 -9999 5.37784E-2 4.9395E-2 6.28924E-2 5.6858E-2 6.05165E-2 5.59783E-2 5.8701E-2 5.06937E-2 5.36532E-2 5.69379E-2 6.96611E-2 7.89187E-2 7.4993E-2 7.7083E-2 8.52562E-2 8.62085E-2 9.43841E-2 9.65139E-2 9.56811E-2 9.58558E-2 9.84821E-2 9.5711E-2 9.77831E-2 9.51628E-2 9.43981E-2 9.21771E-2 8.99171E-2 8.61483E-2 7.97381E-2 7.61316E-2 7.84635E-2 6.86987E-2 6.26687E-2 5.78888E-2 5.77229E-2 5.5982E-2 5.48849E-2 5.47733E-2 5.19019E-2 4.96084E-2 4.9799E-2 4.97679E-2 -9999 -9999 -9999 -9999 -9999 -9999 -9999 -9999 -9999 -9999 -9999 -9999 -9999 -9999 -9999 -9999
-9999 -9999 -9999 -9999 -9999 -9999 -9999 -9999 -9999 -9999 -9999 -9999 -9999 -9999 5.90517E-2 5.19719E-2 5.8153E-2 -9999 6.33072E-2 6.1496E-2 6.41889E-2 6.99132E-2 7.50074E-2 7.17214E-2 7.77884E-2 7.97535E-2 7.84129E-2 8.31606E-2 8.61569E-2 8.85008E-2 9.59998E-2 9.74223E-2 9.8428E-2 9.74172E-2 9.99211E-2 9.96861E-2 9.85249E-2 9.89482E-2 9.69681E-2 9.61136E-2 9.00825E-2 8.80132E-2 8.32235E-2 8.47177E-2 8.07844E-2 7.55666E-2 6.24946E-2 5.64649E-2 5.63098E-2 5.76589E-2 5.67453E-2 5.51941E-2 5.38227E-2 5.11139E-2 5.198E-2 5.18213E-2 5.23211E-2 4.98492E-2 -9999 -9999 -9999 -9999 -9999 -9999 -9999 -9999 -9999 -9999 -9999 -9999 -9999 -9999
-9999 -9999 -9999 -9999 -9999 -9999 -9999 -9999 -9999 -9999 -9999 -9999 -9999 -9999 -9999 -9999 -9999 -9999 7.57042E-2 7.27493E-2 7.68156E-2 7.07557E-2 6.20964E-2 7.36922E-2 8.03207E-2 7.36111E-2 7.74728E-2 8.60789E-2 8.9981E-2 9.20412E-2 9.66156E-2 1.003E-1 9.97466E-2 1.00547E-1 1.02434E-1 1.0231E-1 1.01975E-1 1.0161E-1 9.9689E-2 9.50257E-2 9.07603E-2 8.95605E-2 8.53828E-2 8.62452E-2 7.53962E-2 7.44176E-2 6.21832E-2 5.48832E-2 5.38117E-2 5.66555E-2 6.09954E-2 6.39659E-2 5.62264E-2 4.73817E-2 5.08346E-2 4.95723E-2 4.54022E-2 4.80124E-2 4.91622E-2 -9999 -9999 -9999 -9999 -9999 -9999 -9999 -9999 -9999 -9999 -9999 -9999 -9999
-9999 -9999 -9999 -9999 -9999 -9999 -9999 -9999 -9999 -9999 -9999 -9999 -9999 -9999 -9999 -9999 -9999 -9999 -9999 7.60304E-2 6.67877E-2 7.523E-2 6.56264E-2 6.74924E-2 7.25317E-2 7.89454E-2 8.52461E-2 8.90789E-2 9.58988E-2 9.84108E-2 1.00125E-1 1.02184E-1 1.02249E-1 1.02685E-1 1.0479E-1 1.05754E-1 1.05031E-1 1.03827E-1 1.02055E-1 9.7587E-2 9.23249E-2 9.02146E-2 8.45392E-2 8.283E-2 8.01467E-2 7.12311E-2 6.4279E-2 5.55701E-2 5.52151E-2 6.02229E-2 6.3255E-2 6.11183E-2 4.69349E-2 4.11511E-2 4.62927E-2 4.71838E-2 4.69794E-2 4.83649E-2 4.84596E-2 -9999 -9999 -9999 -9999 -9999 -9999 -9999 -9999 -9999 -9999 -9999 -9999 -9999
-9999 -9999 -9999 -9999 -9999 -9999 -9999 -9999 -9999 -9999 -9999 -9999 -9999 -9999 -9999 -9999 -9999 -9999 -9999 7.77849E-2 8.13711E-2 7.95931E-2 7.22814E-2 7.46898E-2 8.30317E-2 8.653E-2 9.12004E-2 9.06465E-2 9.85604E-2 1.00125E-1 1.03047E-1 1.06023E-1 1.06078E-1 1.05282E-1 1.08373E-1 1.07581E-1 1.05805E-1 1.06705E-1 1.03453E-1 9.71742E-2 9.48575E-2 8.80683E-2 8.40979E-2 8.50699E-2 8.31622E-2 7.18619E-2 6.16543E-2 5.63635E-2 5.65608E-2 6.14445E-2 5.74628E-2 5.04145E-2 4.78743E-2 4.48251E-2 4.88979E-2 4.72986E-2 4.70891E-2 4.84095E-2 4.87042E-2 -9999 -9999 -9999 -9999 -9999 -9999 -9999 -9999 -9999 -9999 -9999 -9999 -9999
-9999 -9999 -9999 -9999 -9999 -9999 -9999 -9999 -9999 -9999 -9999 -9999 -9999 -9999 -9999 -9999 -9999 -9999 7.90877E-2 7.14047E-2 7.66237E-2 8.38621E-2 8.788E-2 8.63894E-2 9.18357E-2 9.12192E-2 9.40477E-2 9.55592E-2 1.02898E-1 1.01897E-1 1.05533E-1 1.07666E-1 1.08364E-1 1.05961E-1 1.08554E-1 1.07111E-1 1.08025E-1 1.06771E-1 9.98951E-2 9.36097E-2 9.22847E-2 8.68281E-2 8.47309E-2 8.06818E-2 7.72794E-2 6.63272E-2 6.0715E-2 5.89662E-2 6.26252E-2 6.10558E-2 6.01728E-2 5.56719E-2 4.8826E-2 4.4289E-2 4.8997E-2 4.89267E-2 4.8118E-2 4.85025E-2 -9999 -9999 -9999 -9999 -9999 -9999 -9999 -9999 -9999 -9999 -9999 -9999 -9999 -9999
-9999 -9999 -9999 -9999 -9999 -9999 -9999 -9999 -9999 -9999 -9999 -9999 -9999 -9999 -9999 -9999 -9999 -9999 8.06414E-2 7.53355E-2 8.04193E-2 8.72953E-2 7.87565E-2 7.94655E-2 8.53714E-2 9.25417E-2 9.84092E-2 1.03025E-1 1.04095E-1 1.04086E-1 1.07095E-1 1.08619E-1 1.08278E-1 1.07509E-1 1.09349E-1 1.07666E-1 1.07061E-1 1.06191E-1 1.01347E-1 8.6367E-2 8.50301E-2 8.44844E-2 8.44939E-2 8.26264E-2 7.85444E-2 7.47472E-2 6.93937E-2 6.79999E-2 6.45087E-2 6.70133E-2 6.74526E-2 5.50708E-2 4.74347E-2 4.14732E-2 4.95986E-2 4.87062E-2 4.93687E-2 5.09889E-2 -9999 -9999 -9999 -9999 -9999 -9999 -9999 -9999 -9999 -9999 -9999 -9999 -9999 -9999
-9999 -9999 -9999 -9999 -9999 -9999 -9999 -9999 -9999 -9999 -9999 -9999 -9999 -9999 -9999 -9999 -9999 8.76314E-2 8.18423E-2 7.73105E-2 7.69484E-2 8.44014E-2 8.25113E-2 8.0416E-2 9.25684E-2 9.77006E-2 1.00133E-1 1.08677E-1 1.07375E-1 1.08737E-1 1.09314E-1 1.10376E-1 1.1166E-1 1.10141E-1 1.08559E-1 1.07555E-1 1.06758E-1 1.0429E-1 1.0095E-1 8.65582E-2 8.27461E-2 8.45789E-2 8.27821E-2 8.32153E-2 8.09222E-2 7.52274E-2 7.55785E-2 6.83122E-2 6.46374E-2 6.80486E-2 6.08114E-2 5.25672E-2 4.3826E-2 3.93768E-2 4.88896E-2 5.16452E-2 5.03375E-2 -9999 -9999 -9999 -9999 -9999 -9999 -9999 -9999 -9999 -9999 -9999 -9999 -9999 -9999 -9999
-9999 -9999 -9999 -9999 -9999 -9999 -9999 -9999 -9999 -9999 -9999 -9999 -9999 -9999 -9999 -9999 -9999 8.10553E-2 7.42858E-2 7.29005E-2 7.33033E-2 9.04693E-2 9.76498E-2 1.00637E-1 9.88232E-2 9.91938E-2 1.03514E-1 1.0698E-1 1.09246E-1 1.11309E-1 1.12908E-1 1.11315E-1 1.1269E-1 1.1034E-1 1.08885E-1 1.09162E-1 1.08174E-1 1.0565E-1 1.00668E-1 8.77267E-2 8.43801E-2 8.45104E-2 8.67085E-2 8.77372E-2 8.10993E-2 7.68956E-2 7.07411E-2 6.53505E-2 6.84307E-2 5.89407E-2 5.31109E-2 4.5593E-2 4.33167E-2 4.11476E-2 4.82367E-2 5.2728E-2 5.15417E-2 5.44825E-2 5.41127E-2 5.31286E-2 5.1622E-2 5.07822E-2 -9999 -9999 -9999 -9999 -9999 -9999 -9999 -9999 -9999 -9999
-9999 -9999 -9999 -9999 -9999 -9999 -9999 -9999 -9999 -9999 -9999 -9999 -9999 -9999 -9999 8.39366E-2 6.29436E-2 5.57798E-2 5.90033E-2 7.55785E-2 9.03402E-2 9.82064E-2 1.04631E-1 1.0724E-1 1.0794E-1 1.06208E-1 1.0644E-1 1.08659E-1 1.11476E-1 1.13695E-1 1.15364E-1 1.12569E-1 1.13803E-1 1.1108E-1 1.07133E-1 1.08557E-1 1.07364E-1 1.04288E-1 9.41506E-2 8.87289E-2 8.6542E-2 8.6654E-2 8.93857E-2 9.0091E-2 8.1438E-2 7.41613E-2 7.37748E-2 6.70804E-2 6.75432E-2 5.91087E-2 5.33972E-2 4.79921E-2 4.26643E-2 4.12493E-2 4.52931E-2 5.11201E-2 5.29009E-2 5.44349E-2 5.46141E-2 5.23811E-2 5.14336E-2 5.13757E-2 5.11685E-2 -9999 -9999 -9999 -9999 -9999 -9999 -9999 -9999 -9999
-9999 -9999 -9999 -9999 -9999 -9999 -9999 -9999 -9999 -9999 -9999 -9999 -9999 -9999 6.93865E-2 6.40431E-2 5.83984E-2 4.97032E-2 6.36449E-2 8.3292E-2 8.85396E-2 1.02903E-1 1.07806E-1 1.06186E-1 1.1115E-1 1.09109E-1 1.10423E-1 1.12748E-1 1.14664E-1 1.16133E-1 1.15932E-1 1.15946E-1 1.13551E-1 1.10085E-1 1.05951E-1 1.06191E-1 1.06416E-1 1.00956E-1 9.36102E-2 9.13933E-2 9.10175E-2 8.8951E-2 9.18021E-2 8.59948E-2 7.65269E-2 7.68979E-2 7.85696E-2 7.2316E-2 7.7984E-2 6.31785E-2 5.76221E-2 5.16864E-2 4.73961E-2 4.43799E-2 4.38746E-2 5.18167E-2 5.40724E-2 5.57897E-2 5.39729E-2 5.09456E-2 5.06941E-2 -9999 -9999 -9999 -9999 -9999 -9999 -9999 -9999 -9999 -9999 -9999
-9999 -9999 -9999 -9999 -9999 -9999 -9999 -9999 -9999 -9999 -9999 -9999 -9999 9.08738E-2 7.5669E-2 7.30347E-2 7.47233E-2 6.85828E-2 6.85861E-2 8.07077E-2 9.10261E-2 9.72951E-2 1.0678E-1 1.09187E-1 1.06715E-1 1.09682E-1 1.13996E-1 1.13047E-1 1.15415E-1 1.17881E-1 1.17294E-1 1.17106E-1 1.12184E-1 1.0875E-1 1.08661E-1 1.0735E-1 1.04743E-1 1.05094E-1 9.88409E-2 9.31379E-2 9.08732E-2 9.11942E-2 8.99225E-2 8.3132E-2 7.8272E-2 7.92613E-2 7.5184E-2 6.86006E-2 7.11595E-2 6.07463E-2 5.31543E-2 5.52237E-2 5.19255E-2 4.81266E-2 4.44007E-2 4.57847E-2 5.37658E-2 5.71726E-2 5.24419E-2 4.9527E-2 5.15622E-2 -9999 -9999 -9999 -9999 -9999 -9999 -9999 -9999 -9999 -9999 -9999
-9999 -9999 -9999 -9999 -9999 -9999 -9999 -9999 -9999 -9999 -9999 -9999 -9999 8.20372E-2 8.27036E-2 8.83939E-2 7.72889E-2 7.43696E-2 7.78157E-2 8.08256E-2 9.40309E-2 1.00341E-1 1.02678E-1 1.07602E-1 1.11663E-1 1.13493E-1 1.1361E-1 1.13865E-1 1.15448E-1 1.16082E-1 1.16522E-1 1.14708E-1 1.1387E-1 1.10438E-1 1.08975E-1 1.07425E-1 1.05639E-1 1.03278E-1 1.01259E-1 9.64755E-2 9.07758E-2 9.16044E-2 9.19676E-2 8.51326E-2 7.592E-2 7.88502E-2 7.27702E-2 6.917E-2 6.87593E-2 6.43239E-2 5.69755E-2 5.2977E-2 5.94496E-2 5.19252E-2 4.47833E-2 4.67115E-2 5.48539E-2 5.70877E-2 5.71064E-2 4.86567E-2 5.11016E-2 -9999 -9999 -9999 -9999 -9999 -9999 -9999 -9999 -9999 -9999 -9999
-9999 -9999 -9999 -9999 -9999 -9999 -9999 -9999 -9999 -9999 -9999 -9999 -9999 -9999 9.67029E-2 7.66397E-2 7.70988E-2 8.48478E-2 9.12288E-2 8.99677E-2 9.66101E-2 1.03687E-1 1.08814E-1 1.10938E-1 1.14103E-1 1.16073E-1 1.16667E-1 1.16968E-1 1.16847E-1 1.17482E-1 1.17564E-1 1.15176E-1 1.11993E-1 1.10672E-1 1.06544E-1 1.04957E-1 1.03085E-1 1.00856E-1 9.80887E-2 9.32049E-2 8.89134E-2 9.10806E-2 8.98314E-2 8.48817E-2 8.02774E-2 7.8811E-2 7.46406E-2 7.03803E-2 6.97267E-2 6.13738E-2 5.27058E-2 4.94441E-2 5.41056E-2 4.63311E-2 4.28812E-2 4.5211E-2 5.60873E-2 5.67517E-2 5.63133E-2 4.86601E-2 5.36837E-2 -9999 -9999 -9999 -9999 -9999 -9999 -9999 -9999 -9999 5.4712E-2 -9999
-9999 -9999 -9999 -9999 -9999 -9999 -9999 -9999 -9999 -9999 -9999 -9999 -9999 -9999 1.01622E-1 8.53984E-2 8.27763E-2 9.43001E-2 9.74801E-2 9.33263E-2 1.0361E-1 1.08193E-1 1.10743E-1 1.18112E-1 1.21539E-1 1.20112E-1 1.20491E-1 1.2313E-1 1.21404E-1 1.19632E-1 1.20145E-1 1.14468E-1 1.14771E-1 1.10751E-1 1.10926E-1 1.07359E-1 1.0539E-1 9.73587E-2 9.22848E-2 9.26273E-2 8.78167E-2 8.83031E-2 8.94151E-2 9.00539E-2 8.51404E-2 8.09688E-2 7.33016E-2 6.76668E-2 6.83537E-2 6.48517E-2 5.85046E-2 5.13499E-2 5.04715E-2 4.94306E-2 4.751E-2 5.0843E-2 5.49811E-2 5.92409E-2 6.08702E-2 5.37203E-2 5.65108E-2 -9999 -9999 -9999 -9999 -9999 -9999 -9999 -9999 -9999 -9999 -9999
-9999 -9999 -9999 -9999 -9999 -9999 -9999 -9999 -9999 -9999 -9999 -9999 -9999 -9999 1.04145E-1 9.99178E-2 9.86638E-2 1.01134E-1 1.00626E-1 9.95059E-2 1.07089E-1 1.12053E-1 1.19483E-1 1.22773E-1 1.25503E-1 1.28732E-1 1.23829E-1 1.24159E-1 1.22808E-1 1.2062E-1 1.20773E-1 1.17272E-1 1.14811E-1 1.13428E-1 1.11851E-1 1.07291E-1 1.04715E-1 9.36908E-2 9.40359E-2 9.42745E-2 8.96053E-2 9.2656E-2 9.15058E-2 8.99261E-2 8.28649E-2 8.64286E-2 7.56986E-2 7.60503E-2 7.14402E-2 6.80603E-2 6.2884E-2 5.5434E-2 5.62109E-2 5.59919E-2 5.49872E-2 5.14928E-2 5.02759E-2 5.84538E-2 6.25739E-2 5.21954E-2 5.90222E-2 -9999 -9999 -9999 -9999 -9999 -9999 -9999 -9999 -9999 -9999 -9999
-9999 -9999 -9999 -9999 -9999 -9999 -9999 -9999 -9999 -9999 -9999 -9999 -9999 -9999 -9999 1.05562E-1 1.05067E-1 1.09551E-1 1.15059E-1 1.04491E-1 1.11972E-1 1.20313E-1 1.28131E-1 1.22143E-1 1.28965E-1 1.26751E-1 1.27092E-1 1.27037E-1 1.24267E-1 1.23681E-1 1.2147E-1 1.20195E-1 1.15913E-1 1.16106E-1 1.14189E-1 1.09374E-1 9.81322E-2 9.5301E-2 9.57131E-2 9.35668E-2 9.39362E-2 9.4801E-2 9.29733E-2 8.93073E-2 8.83208E-2 8.68233E-2 7.76727E-2 7.85631E-2 6.70097E-2 6.98247E-2 6.45208E-2 5.66685E-2 5.91874E-2 5.46701E-2 5.6772E-2 4.94533E-2 4.65667E-2 5.98582E-2 5.9978E-2 5.61685E-2 6.02537E-2 6.2432E-2 -9999 -9999 -9999 -9999 -9999 -9999 -9999 -9999 -9999 -9999
-9999 -9999 -9999 -9999 -9999 -9999 -9999 -9999 -9999 -9999 -9999 -9999 -9999 -9999 -9999 1.12618E-1 1.13001E-1 1.15542E-1 1.18684E-1 1.1316E-1 1.1737E-1 1.27485E-1 1.31635E-1 1.31594E-1 1.29515E-1 1.28965E-1 1.29008E-1 1.24154E-1 1.24935E-1 1.24279E-1 1.24723E-1 1.21851E-1 1.23004E-1 1.16216E-1 1.08257E-1 9.75518E-2 9.74048E-2 9.78525E-2 1.00971E-1 1.01566E-1 9.92806E-2 9.70145E-2 9.51961E-2 9.42261E-2 8.78792E-2 8.48942E-2 8.09983E-2 7.8726E-2 6.59559E-2 6.7093E-2 6.7295E-2 6.17335E-2 6.01228E-2 5.69711E-2 5.62175E-2 5.05889E-2 4.96297E-2 5.76307E-2 6.36226E-2 5.74707E-2 6.13562E-2 -9999 -9999 -9999 -9999 -9999 -9999 -9999 -9999 -9999 -9999 -9999
-9999 -9999 -9999 -9999 -9999 -9999 -9999 -9999 -9999 -9999 -9999 -9999 -9999 -9999 -9999 -9999 1.19969E-1 1.20759E-1 1.25104E-1 1.20232E-1 1.29025E-1 1.32614E-1 1.28353E-1 1.30664E-1 1.29571E-1 1.27071E-1 1.26721E-1 1.25995E-1 1.26283E-1 1.272E-1 1.26081E-1 1.24733E-1 1.12296E-1 1.0351E-1 1.01112E-1 9.52093E-2 9.64008E-2 9.9433E-2 1.03266E-1 1.0172E-1 9.8755E-2 9.70717E-2 9.73483E-2 9.07773E-2 8.65016E-2 8.17358E-2 7.66339E-2 6.7451E-2 6.32339E-2 6.40387E-2 6.36213E-2 6.45077E-2 6.07999E-2 5.98481E-2 6.25851E-2 5.51363E-2 5.11562E-2 6.21462E-2 6.25691E-2 5.87282E-2 6.41945E-2 -9999 6.82867E-2 -9999 -9999 -9999 -9999 -9999 -9999 -9999 -9999 -9999
-9999 -9999 -9999 -9999 -9999 -9999 -9999 -9999 -9999 -9999 -9999 -9999 -9999 -9999 -9999 1.20513E-1 1.22967E-1 1.24878E-1 1.27922E-1 1.25723E-1 1.33783E-1 1.32024E-1 1.31084E-1 1.3043E-1 1.27659E-1 1.33005E-1 1.30644E-1 1.27185E-1 1.22765E-1 1.23386E-1 1.24705E-1 1.13994E-1 1.0161E-1 1.01582E-1 9.86335E-2 9.62753E-2 9.31401E-2 9.8206E-2 1.02722E-1 9.98586E-2 9.44269E-2 9.31599E-2 9.39534E-2 9.17457E-2 8.75488E-2 8.38327E-2 7.45287E-2 7.00579E-2 7.22328E-2 6.51156E-2 6.47222E-2 6.5006E-2 6.38626E-2 6.52512E-2 6.07544E-2 5.33858E-2 5.38526E-2 5.69914E-2 6.36947E-2 6.01387E-2 6.51629E-2 -9999 -9999 -9999 -9999 -9999 -9999 -9999 -9999 -9999 -9999 -9999
-9999 -9999 -9999 -9999 -9999 -9999 -9999 -9999 -9999 -9999 -9999 -9999 -9999 -9999 1.19926E-1 1.22075E-1 1.22775E-1 1.28158E-1 1.31545E-1 1.34368E-1 1.35261E-1 1.36815E-1 1.38192E-1 1.35191E-1 1.32533E-1 1.30409E-1 1.2728E-1 1.19539E-1 1.16232E-1 1.19562E-1 1.17297E-1 1.06171E-1 1.03054E-1 1.02582E-1 1.02761E-1 1.02845E-1 1.00833E-1 1.00864E-1 1.01382E-1 9.84321E-2 9.68631E-2 9.67811E-2 9.53527E-2 9.59882E-2 8.93661E-2 8.76561E-2 7.32259E-2 7.47644E-2 7.186E-2 6.16338E-2 6.56456E-2 6.78315E-2 6.95006E-2 6.76495E-2 5.99524E-2 5.8506E-2 6.0873E-2 5.6275E-2 6.16402E-2 6.32213E-2 6.84789E-2 7.0747E-2 -9999 -9999 7.13569E-2 -9999 -9999 -9999 -9999 -9999 6.75647E-2 6.75062E-2
-9999 -9999 -9999 -9999 -9999 -9999 -9999 -9999 -9999 -9999 -9999 -9999 -9999 -9999 1.20432E-1 1.23002E-1 1.26491E-1 1.29041E-1 1.35424E-1 1.3609E-1 1.41375E-1 1.39953E-1 1.43008E-1 1.38772E-1 1.34419E-1 1.31543E-1 1.2723E-1 1.2072E-1 1.18118E-1 1.21134E-1 1.1275E-1 1.13016E-1 1.0773E-1 1.06994E-1 1.10886E-1 1.07872E-1 1.05874E-1 1.06175E-1 1.0374E-1 1.03783E-1 1.01014E-1 9.87884E-2 1.00328E-1 9.46809E-2 8.98784E-2 8.44524E-2 7.78035E-2 7.55306E-2 7.0643E-2 6.88098E-2 7.12863E-2 7.36673E-2 7.31758E-2 7.35352E-2 7.28987E-2 6.64392E-2 6.1154E-2 5.83734E-2 6.4192E-2 6.449E-2 6.15605E-2 7.43892E-2 7.40821E-2 -9999 -9999 -9999 -9999 -9999 -9999 -9999 -9999 -9999
-9999 -9999 -9999 -9999 -9999 -9999 -9999 -9999 -9999 -9999 -9999 -9999 -9999 -9999 1.2259E-1 1.25159E-1 1.27754E-1 1.32977E-1 1.37576E-1 1.42226E-1 1.44813E-1 1.43689E-1 1.4108E-1 1.41008E-1 1.34709E-1 1.34796E-1 1.2632E-1 1.23487E-1 1.23728E-1 1.23747E-1 1.18303E-1 1.18104E-1 1.13476E-1 1.16244E-1 1.13609E-1 1.10541E-1 1.08026E-1 1.08835E-1 1.05936E-1 1.0329E-1 1.00548E-1 1.01123E-1 9.57031E-2 9.63208E-2 9.76435E-2 9.25668E-2 8.60786E-2 7.86452E-2 7.95921E-2 7.75084E-2 7.7697E-2 7.57911E-2 7.7071E-2 7.83311E-2 7.1567E-2 6.33994E-2 5.62717E-2 6.43343E-2 6.30982E-2 6.95083E-2 5.89342E-2 7.14285E-2 7.36268E-2 -9999 -9999 -9999 -9999 -9999 -9999 -9999 -9999 7.2184E-2
-9999 -9999 -9999 -9999 -9999 -9999 -9999 -9999 -9999 -9999 -9999 -9999 -9999 1.22427E-1 1.24395E-1 1.26294E-1 1.32051E-1 1.38048E-1 1.39445E-1 1.40028E-1 1.46981E-1 1.45176E-1 1.42218E-1 1.38439E-1 1.35737E-1 1.30601E-1 1.18262E-1 1.2356E-1 1.2963E-1 1.2722E-1 1.18512E-1 1.18067E-1 1.17948E-1 1.15968E-1 1.16757E-1 1.1057E-1 1.14125E-1 1.11626E-1 1.04944E-1 1.02683E-1 1.0255E-1 1.03316E-1 1.01012E-1 9.91548E-2 1.0088E-1 9.28829E-2 8.46029E-2 8.28702E-2 8.1802E-2 8.20417E-2 8.6099E-2 7.35999E-2 7.81374E-2 7.49654E-2 6.76143E-2 5.94884E-2 5.79861E-2 7.12057E-2 7.15523E-2 7.02029E-2 6.89804E-2 7.45383E-2 7.71046E-2 -9999 -9999 7.77811E-2 -9999 -9999 -9999 -9999 -9999 -9999
-9999 -9999 -9999 -9999 -9999 -9999 -9999 -9999 -9999 -9999 -9999 -9999 1.21478E-1 1.21617E-1 1.26929E-1 1.30779E-1 1.31583E-1 1.33689E-1 1.41329E-1 1.48117E-1 1.49866E-1 1.50262E-1 1.45651E-1 1.45536E-1 1.40588E-1 1.27266E-1 1.20698E-1 1.23089E-1 1.26147E-1 1.22983E-1 1.20923E-1 1.23771E-1 1.17499E-1 1.18075E-1 1.12284E-1 1.09772E-1 1.07472E-1 1.05361E-1 1.04598E-1 1.05486E-1 1.035E-1 1.00122E-1 1.00489E-1 9.81306E-2 9.61926E-2 9.13593E-2 8.64122E-2 7.9548E-2 8.02349E-2 8.054E-2 8.52438E-2 6.99912E-2 7.5435E-2 7.30169E-2 7.54316E-2 6.6514E-2 6.04356E-2 6.62841E-2 7.73451E-2 7.77053E-2 7.33137E-2 7.80798E-2 7.80667E-2 -9999 -9999 -9999 -9999 -9999 -9999 -9999 -9999 -9999
-9999 -9999 -9999 -9999 -9999 -9999 -9999 -9999 -9999 -9999 -9999 -9999 1.2113E-1 1.23483E-1 1.29333E-1 1.32605E-1 1.30435E-1 1.42654E-1 1.42868E-1 1.50152E-1 1.51066E-1 1.50525E-1 1.46108E-1 1.42721E-1 1.37139E-1 1.24203E-1 1.17212E-1 1.26037E-1 1.22515E-1 1.25986E-1 1.26686E-1 1.27742E-1 1.21207E-1 1.14915E-1 1.1532E-1 1.08661E-1 1.04556E-1 1.03643E-1 1.04769E-1 9.88834E-2 9.86569E-2 9.9279E-2 9.63878E-2 9.71674E-2 9.87282E-2 9.44566E-2 8.30673E-2 7.65547E-2 7.57903E-2 7.89537E-2 7.75468E-2 6.47219E-2 6.74322E-2 7.08051E-2 7.31079E-2 6.9515E-2 6.18183E-2 6.04162E-2 7.86671E-2 8.1661E-2 7.97024E-2 7.9066E-2 7.9771E-2 -9999 -9999 -9999 -9999 -9999 -9999 -9999 -9999 -9999
-9999 -9999 -9999 -9999 -9999 -9999 -9999 -9999 -9999 -9999 -9999 -9999 1.22015E-1 1.27134E-1 1.30994E-1 1.32255E-1 1.31426E-1 1.36074E-1 1.44456E-1 1.51202E-1 1.50643E-1 1.45223E-1 1.44979E-1 1.40858E-1 1.30245E-1 1.20374E-1 1.15978E-1 1.25653E-1 1.28567E-1 1.29524E-1 1.23212E-1 1.20059E-1 1.14459E-1 1.11735E-1 1.08895E-1 1.01867E-1 1.04358E-1 1.0522E-1 9.95384E-2 9.80833E-2 9.1732E-2 9.57472E-2 9.62023E-2 9.7438E-2 9.57308E-2 8.93238E-2 7.94599E-2 7.33712E-2 7.42897E-2 7.76415E-2 7.45893E-2 7.19903E-2 6.31796E-2 6.23643E-2 6.97442E-2 6.73823E-2 6.11226E-2 7.0745E-2 7.78301E-2 7.99326E-2 7.99227E-2 8.23469E-2 -9999 -9999 -9999 -9999 -9999 -9999 -9999 -9999 -9999 -9999
