Artocarpus altilis SDM files/MIS19/results (with bias file)/Artalt_6.asc
ncols         1201
nrows         481
xllcorner     119.99986351115
yllcorner     -15.00013828885
cellsize      0.041666667
NODATA_value  -9999
[rows 256 to 287 of 481, columns 432 to 503 of 1201]
5.43397E-1 4.99948E-1 5.05191E-1 5.05201E-1 5.01627E-1 4.9888E-1 4.7781E-1 4.74404E-1 4.80443E-1 4.77721E-1 4.82649E-1 4.49395E-1 4.53309E-1 4.51564E-1 4.50759E-1 4.48056E-1 4.49477E-1 4.48219E-1 4.44254E-1 4.20934E-1 4.22504E-1 4.22174E-1 4.24796E-1 4.22609E-1 4.1846E-1 4.1751E-1 4.22997E-1 3.93084E-1 3.79031E-1 4.4176E-1 4.08941E-1 3.1868E-1 3.7989E-1 3.82449E-1 3.19348E-1 3.18395E-1 2.74959E-1 2.80316E-1 1.89605E-1 1.66932E-1 2.60083E-1 1.75643E-1 1.69243E-1 1.93519E-1 2.58914E-1 1.77103E-1 1.32548E-1 1.28058E-1 1.20202E-1 1.78659E-1 2.93461E-1 3.16522E-1 2.10996E-1 1.81924E-1 1.37158E-1 1.34992E-1 1.24099E-1 1.66843E-1 1.35107E-1 1.25945E-1 1.28916E-1 1.25545E-1 1.43523E-1 1.45982E-1 1.6894E-1 2.76623E-1 1.90242E-1 1.16584E-1 2.00476E-1 2.58599E-1 2.57264E-1 1.66886E-1
5.38236E-1 4.56976E-1 5.01294E-1 5.0454E-1 5.05925E-1 5.19205E-1 5.14601E-1 4.85334E-1 4.76079E-1 4.81755E-1 4.76868E-1 4.57029E-1 4.49265E-1 4.48268E-1 4.43702E-1 4.54067E-1 4.46124E-1 4.4452E-1 4.48626E-1 4.26607E-1 4.48746E-1 4.28866E-1 4.25158E-1 3.91941E-1 4.20782E-1 4.17884E-1 4.31708E-1 3.29026E-1 3.2143E-1 3.85514E-1 3.41007E-1 3.85347E-1 4.07622E-1 3.40925E-1 3.38276E-1 4.03121E-1 2.78777E-1 2.82498E-1 2.31231E-1 1.73988E-1 2.56845E-1 2.83864E-1 1.7371E-1 2.0966E-1 2.16343E-1 1.79324E-1 1.44776E-1 1.34327E-1 1.51513E-1 1.49887E-1 2.23991E-1 2.44168E-1 2.12988E-1 1.73899E-1 1.39119E-1 1.39987E-1 1.39295E-1 1.27184E-1 1.57333E-1 1.32236E-1 1.2704E-1 1.25199E-1 1.58001E-1 1.92911E-1 1.80626E-1 1.65418E-1 1.28468E-1 1.37396E-1 2.4516E-1 2.70162E-1 1.92902E-1 1.78987E-1
-9999 4.75902E-1 4.98434E-1 5.331E-1 5.10529E-1 4.63438E-1 4.37873E-1 4.76138E-1 4.764E-1 4.86008E-1 4.37566E-1 4.58054E-1 4.56628E-1 4.46684E-1 4.52419E-1 4.54298E-1 4.5039E-1 4.29956E-1 3.9484E-1 3.95827E-1 3.91004E-1 3.92424E-1 3.88272E-1 3.89991E-1 3.90749E-1 3.91153E-1 3.95329E-1 2.76323E-1 2.69526E-1 3.2401E-1 3.24548E-1 3.28505E-1 2.71817E-1 2.69535E-1 2.82891E-1 2.8436E-1 2.81896E-1 2.33489E-1 1.9667E-1 1.41903E-1 1.9596E-1 3.24554E-1 2.18782E-1 2.14024E-1 1.81961E-1 1.46609E-1 1.34948E-1 1.34598E-1 1.20438E-1 1.5617E-1 1.86782E-1 2.96141E-1 2.17107E-1 1.79584E-1 1.13263E-1 1.29179E-1 1.32263E-1 1.42625E-1 1.43297E-1 1.32895E-1 1.3206E-1 1.28468E-1 1.61667E-1 1.97741E-1 1.60521E-1 1.31567E-1 1.17229E-1 1.70383E-1 2.73614E-1 2.2698E-1 1.61574E-1 1.84405E-1
-9999 -9999 -9999 4.10011E-1 3.84767E-1 3.87267E-1 4.58591E-1 4.40878E-1 4.8138E-1 4.9091E-1 3.69878E-1 3.54528E-1 4.20108E-1 4.23051E-1 4.25695E-1 4.1888E-1 3.97516E-1 3.96203E-1 3.9698E-1 3.935E-1 3.92601E-1 3.94339E-1 3.93466E-1 3.89947E-1 3.34016E-1 3.29884E-1 3.284E-1 2.75602E-1 2.70262E-1 2.72723E-1 3.26472E-1 3.25476E-1 2.7501E-1 2.72648E-1 2.18617E-1 2.67787E-1 2.21911E-1 2.37814E-1 1.49262E-1 1.35059E-1 1.61916E-1 2.02607E-1 2.73036E-1 1.83736E-1 1.45893E-1 1.34816E-1 1.33584E-1 1.27268E-1 1.15396E-1 1.92869E-1 1.91741E-1 2.33204E-1 3.22978E-1 1.81475E-1 1.32268E-1 1.4569E-1 1.09276E-1 1.0675E-1 1.05061E-1 1.0842E-1 1.04989E-1 1.22397E-1 1.34109E-1 1.57962E-1 1.65079E-1 1.3102E-1 1.4994E-1 1.80239E-1 2.37453E-1 1.95655E-1 1.60605E-1 1.55153E-1
-9999 -9999 -9999 -9999 3.78774E-1 3.83837E-1 3.8423E-1 3.68639E-1 4.42665E-1 4.72646E-1 3.06364E-1 3.70625E-1 3.55528E-1 3.54936E-1 3.5405E-1 3.48899E-1 3.52771E-1 3.34441E-1 3.34091E-1 3.33783E-1 3.31496E-1 3.31105E-1 3.30095E-1 3.31144E-1 2.75504E-1 2.73309E-1 2.76542E-1 2.75883E-1 2.73408E-1 2.77756E-1 2.62169E-1 2.57503E-1 2.77214E-1 2.72767E-1 2.25023E-1 2.21031E-1 2.26756E-1 1.83842E-1 1.51573E-1 1.40016E-1 1.26773E-1 1.5587E-1 2.22693E-1 1.82499E-1 1.84815E-1 1.37601E-1 1.59152E-1 1.63708E-1 1.32866E-1 1.60704E-1 1.63493E-1 1.72163E-1 2.07805E-1 1.84872E-1 1.49394E-1 1.11496E-1 1.36935E-1 1.33854E-1 1.66954E-1 1.35152E-1 1.25373E-1 1.6808E-1 1.36458E-1 1.4933E-1 1.38214E-1 1.32889E-1 1.32521E-1 1.23042E-1 1.97194E-1 1.64806E-1 1.66149E-1 1.29269E-1
-9999 -9999 -9999 -9999 -9999 3.48576E-1 3.27868E-1 3.25956E-1 3.27522E-1 3.06997E-1 3.07603E-1 3.0819E-1 2.92615E-1 3.53365E-1 3.54781E-1 3.55891E-1 3.57405E-1 3.3801E-1 3.36807E-1 3.36702E-1 3.35165E-1 3.33686E-1 3.36685E-1 2.79006E-1 2.77487E-1 2.76776E-1 2.794E-1 2.77321E-1 2.62269E-1 2.77264E-1 1.86906E-1 2.11232E-1 2.09665E-1 2.70435E-1 2.28306E-1 2.2681E-1 1.84691E-1 1.53763E-1 1.50184E-1 1.39004E-1 1.272E-1 1.59011E-1 1.62673E-1 1.66705E-1 1.8203E-1 1.49157E-1 1.41348E-1 1.449E-1 1.06661E-1 1.20493E-1 1.20979E-1 1.48867E-1 1.99536E-1 1.73051E-1 1.50647E-1 1.13923E-1 1.28626E-1 1.39921E-1 1.39829E-1 1.2865E-1 1.68783E-1 1.41872E-1 1.01768E-1 1.53126E-1 1.8523E-1 1.13319E-1 1.00013E-1 1.2475E-1 1.55515E-1 1.63458E-1 1.3843E-1 1.07067E-1
-9999 -9999 -9999 -9999 -9999 2.86478E-1 2.63541E-1 2.64087E-1 2.51929E-1 2.51683E-1 3.07301E-1 3.10314E-1 3.08701E-1 2.96503E-1 2.97162E-1 2.96388E-1 2.95114E-1 2.80736E-1 2.81325E-1 2.81816E-1 2.80719E-1 2.80059E-1 2.83839E-1 2.31009E-1 2.28636E-1 2.29242E-1 2.30418E-1 2.27107E-1 2.15721E-1 2.81293E-1 2.28831E-1 2.16803E-1 2.08669E-1 2.76513E-1 1.88929E-1 1.86267E-1 1.53519E-1 1.53109E-1 1.30291E-1 1.30589E-1 1.29824E-1 1.63102E-1 1.64105E-1 1.64558E-1 2.11604E-1 1.89207E-1 1.46381E-1 1.06181E-1 1.36027E-1 1.36626E-1 1.2575E-1 1.36579E-1 1.32028E-1 1.31374E-1 1.72834E-1 1.54314E-1 1.14827E-1 1.42953E-1 1.33333E-1 1.33258E-1 1.44277E-1 1.16222E-1 1.04317E-1 1.6946E-1 1.17359E-1 1.11042E-1 8.01804E-2 1.27063E-1 1.37686E-1 1.33951E-1 1.11348E-1 1.017E-1
-9999 -9999 -9999 -9999 -9999 -9999 2.62666E-1 2.63331E-1 2.66558E-1 2.55559E-1 2.57147E-1 3.14174E-1 2.56426E-1 2.4387E-1 2.97986E-1 2.46538E-1 2.42603E-1 2.95798E-1 2.43738E-1 2.30868E-1 2.83025E-1 2.321E-1 2.32208E-1 2.29417E-1 2.27839E-1 2.31258E-1 2.295E-1 2.29016E-1 2.30395E-1 2.173E-1 2.32938E-1 1.77564E-1 1.69508E-1 2.6573E-1 1.91541E-1 1.89646E-1 1.44642E-1 1.32226E-1 1.31201E-1 1.34137E-1 1.33194E-1 1.65527E-1 1.65741E-1 1.69098E-1 1.62067E-1 1.78362E-1 1.47406E-1 1.43498E-1 1.35403E-1 1.28694E-1 1.28946E-1 1.18121E-1 1.15593E-1 1.90251E-1 2.17804E-1 1.50455E-1 1.18409E-1 1.08431E-1 1.07452E-1 1.43644E-1 1.19062E-1 1.07328E-1 1.02998E-1 1.42779E-1 1.16057E-1 8.59033E-2 8.37218E-2 1.02707E-1 1.38894E-1 1.05627E-1 1.11878E-1 1.01619E-1
-9999 -9999 -9999 -9999 -9999 -9999 -9999 2.62788E-1 2.67706E-1 2.69182E-1 2.59049E-1 2.55543E-1 2.55505E-1 2.57132E-1 2.45268E-1 2.42635E-1 2.44512E-1 2.43536E-1 2.44906E-1 2.32288E-1 2.33403E-1 2.3336E-1 2.3177E-1 2.29324E-1 2.30593E-1 2.33892E-1 1.87392E-1 2.29351E-1 1.87269E-1 1.75449E-1 1.93453E-1 1.44037E-1 1.71124E-1 2.1656E-1 1.9355E-1 1.5493E-1 1.41346E-1 1.31666E-1 1.36868E-1 1.34557E-1 1.35555E-1 1.34175E-1 1.68403E-1 1.81085E-1 1.34233E-1 1.64823E-1 1.81999E-1 1.48045E-1 1.39818E-1 1.39849E-1 1.28539E-1 1.57567E-1 2.37615E-1 2.54441E-1 2.26424E-1 1.53354E-1 1.10268E-1 1.07798E-1 1.36164E-1 1.50133E-1 1.1384E-1 1.004E-1 1.24453E-1 1.35619E-1 1.19501E-1 8.61153E-2 7.88298E-2 1.04065E-1 1.05374E-1 1.14827E-1 1.05675E-1 1.03276E-1
-9999 -9999 -9999 -9999 -9999 -9999 -9999 2.63327E-1 2.63102E-1 2.66745E-1 2.56383E-1 2.0748E-1 2.0784E-1 2.556E-1 2.45321E-1 1.98102E-1 2.45783E-1 2.45094E-1 2.44334E-1 2.45993E-1 1.90572E-1 1.89108E-1 1.8827E-1 2.3364E-1 1.87729E-1 1.91648E-1 1.88342E-1 1.87653E-1 1.8961E-1 1.87868E-1 1.91569E-1 1.42312E-1 1.72674E-1 2.18967E-1 1.90425E-1 1.56124E-1 1.42878E-1 1.3438E-1 1.37049E-1 1.34936E-1 1.38101E-1 1.36168E-1 1.36603E-1 1.47827E-1 1.35559E-1 1.35683E-1 1.81467E-1 1.5218E-1 1.39464E-1 1.41031E-1 1.03794E-1 1.58379E-1 2.13311E-1 2.11154E-1 2.31808E-1 1.23052E-1 1.12214E-1 1.36724E-1 1.42342E-1 1.23305E-1 1.10939E-1 1.01428E-1 1.36078E-1 1.38597E-1 1.21518E-1 8.64828E-2 1.00218E-1 1.07814E-1 1.33566E-1 1.11485E-1 1.08698E-1 1.03232E-1
-9999 -9999 -9999 -9999 -9999 -9999 -9999 -9999 3.20806E-1 2.68742E-1 2.74048E-1 2.52665E-1 2.57872E-1 2.56742E-1 2.61112E-1 2.01202E-1 2.00292E-1 2.00678E-1 2.00721E-1 1.99485E-1 1.91138E-1 1.88852E-1 1.883E-1 1.91234E-1 1.89898E-1 1.87685E-1 1.88255E-1 1.88225E-1 1.8808E-1 1.88042E-1 1.91037E-1 1.76563E-1 1.76563E-1 1.89483E-1 1.93638E-1 1.57485E-1 1.43927E-1 1.43443E-1 1.36575E-1 1.37137E-1 1.39734E-1 1.36757E-1 1.37156E-1 1.39039E-1 1.38593E-1 1.37646E-1 1.87351E-1 1.5261E-1 1.39731E-1 1.31468E-1 1.26959E-1 1.63552E-1 2.16499E-1 1.76651E-1 1.91548E-1 1.24221E-1 1.1286E-1 1.1271E-1 1.53672E-1 1.15401E-1 1.13274E-1 1.06443E-1 1.04174E-1 1.41538E-1 1.21465E-1 8.78319E-2 1.01806E-1 1.10735E-1 1.11555E-1 1.12778E-1 1.07435E-1 9.91026E-2
-9999 -9999 -9999 -9999 -9999 -9999 -9999 -9999 3.23495E-1 3.2458E-1 2.71875E-1 2.57013E-1 2.57858E-1 2.11972E-1 2.14813E-1 2.62197E-1 1.98776E-1 2.01248E-1 1.98602E-1 1.99884E-1 2.02638E-1 2.00237E-1 1.87848E-1 1.92184E-1 1.90125E-1 1.88225E-1 1.90131E-1 1.90914E-1 1.91625E-1 1.89748E-1 1.92777E-1 1.75911E-1 1.75521E-1 1.78313E-1 1.53309E-1 1.93669E-1 1.75017E-1 1.44273E-1 1.36675E-1 1.3635E-1 1.41464E-1 1.38072E-1 1.37356E-1 1.38933E-1 1.48966E-1 1.38625E-1 1.54841E-1 1.41552E-1 1.39717E-1 1.3243E-1 1.32967E-1 1.44522E-1 1.43747E-1 1.51928E-1 1.55767E-1 1.25632E-1 1.13335E-1 1.14359E-1 1.26187E-1 1.16307E-1 1.14148E-1 1.15617E-1 1.0605E-1 1.43145E-1 1.1483E-1 1.12108E-1 1.11389E-1 1.15686E-1 1.15144E-1 1.38895E-1 1.2675E-1 1.07325E-1
-9999 -9999 -9999 -9999 -9999 -9999 -9999 -9999 4.20024E-1 4.11172E-1 2.65592E-1 2.53985E-1 2.10014E-1 2.61359E-1 2.55805E-1 2.09892E-1 1.97874E-1 2.14765E-1 1.97985E-1 2.00664E-1 1.99563E-1 1.98283E-1 2.02982E-1 2.02508E-1 1.90813E-1 1.89177E-1 1.9054E-1 1.90973E-1 1.83616E-1 1.72968E-1 1.74962E-1 1.73374E-1 1.72338E-1 1.71336E-1 1.49357E-1 1.8561E-1 1.73224E-1 1.37679E-1 1.41327E-1 1.33691E-1 1.37209E-1 1.37802E-1 1.38008E-1 1.37506E-1 1.40319E-1 1.50065E-1 1.5423E-1 1.41703E-1 1.34118E-1 1.33623E-1 1.07227E-1 1.07564E-1 1.32595E-1 1.44625E-1 1.27393E-1 1.53418E-1 1.12991E-1 1.45579E-1 1.19532E-1 1.14779E-1 1.19256E-1 1.10306E-1 1.07162E-1 1.15025E-1 1.15857E-1 1.15287E-1 1.13933E-1 1.15994E-1 1.39571E-1 1.27073E-1 1.02154E-1 1.0347E-1
-9999 -9999 -9999 -9999 -9999 -9999 -9999 -9999 4.41183E-1 4.8758E-1 3.26409E-1 3.28897E-1 2.74375E-1 2.59633E-1 2.62056E-1 2.6325E-1 2.61619E-1 2.61146E-1 2.63257E-1 2.62449E-1 2.42867E-1 1.99053E-1 2.01492E-1 2.00493E-1 2.34503E-1 1.8664E-1 1.87111E-1 1.83901E-1 1.82931E-1 1.69195E-1 1.69299E-1 1.7147E-1 1.72017E-1 1.68853E-1 1.65523E-1 1.84526E-1 2.20483E-1 1.57177E-1 1.37184E-1 1.40504E-1 1.4212E-1 1.73828E-1 1.32113E-1 1.32156E-1 1.47213E-1 1.55134E-1 1.71568E-1 1.76428E-1 1.67513E-1 1.34196E-1 1.33847E-1 1.35661E-1 1.44568E-1 1.4541E-1 1.56257E-1 1.4589E-1 1.14411E-1 1.28323E-1 1.26484E-1 1.20385E-1 1.4891E-1 1.3533E-1 1.07814E-1 1.08495E-1 1.15659E-1 1.17496E-1 1.17752E-1 1.43089E-1 1.32998E-1 1.03728E-1 1.12523E-1 1.37837E-1
-9999 -9999 -9999 -9999 -9999 -9999 -9999 -9999 4.40238E-1 4.91973E-1 4.68266E-1 3.92255E-1 3.32037E-1 3.34589E-1 3.17858E-1 3.16881E-1 3.10631E-1 2.61395E-1 3.18623E-1 2.44132E-1 2.41378E-1 2.50178E-1 2.48118E-1 2.48191E-1 2.38431E-1 2.28382E-1 1.9404E-1 2.36309E-1 2.25582E-1 2.15799E-1 1.77549E-1 1.78367E-1 2.17768E-1 2.01426E-1 1.62431E-1 1.77387E-1 1.79853E-1 2.01822E-1 1.24652E-1 1.74192E-1 2.08032E-1 1.92944E-1 1.60868E-1 1.33919E-1 1.47931E-1 2.06826E-1 2.03721E-1 1.58683E-1 1.62483E-1 1.32794E-1 1.34069E-1 1.35334E-1 1.36894E-1 1.43038E-1 1.56364E-1 1.57714E-1 1.18582E-1 1.58703E-1 1.82375E-1 1.82397E-1 1.80083E-1 1.06706E-1 1.10946E-1 1.10042E-1 1.16327E-1 1.18715E-1 1.44682E-1 1.41418E-1 1.62561E-1 1.04594E-1 1.41449E-1 1.3873E-1
-9999 -9999 -9999 -9999 -9999 -9999 -9999 -9999 -9999 5.59154E-1 4.83949E-1 3.90643E-1 3.28518E-1 3.31078E-1 3.13986E-1 3.12245E-1 2.57241E-1 2.60544E-1 3.19378E-1 2.96875E-1 2.4756E-1 3.20439E-1 2.4079E-1 2.9901E-1 2.93168E-1 2.86404E-1 2.36838E-1 2.8323E-1 2.67246E-1 2.61709E-1 2.1307E-1 2.14471E-1 2.63215E-1 2.44661E-1 1.93466E-1 1.59341E-1 1.7303E-1 2.14711E-1 1.58567E-1 2.18619E-1 2.02005E-1 1.91796E-1 1.5438E-1 1.26504E-1 1.78433E-1 2.04167E-1 2.01512E-1 1.54509E-1 1.6058E-1 1.62718E-1 1.64274E-1 1.34859E-1 1.35832E-1 1.43688E-1 1.55731E-1 1.57897E-1 1.48149E-1 1.84431E-1 2.22164E-1 1.69067E-1 1.34491E-1 1.10534E-1 1.12133E-1 1.18159E-1 1.17408E-1 1.5031E-1 1.78972E-1 1.80477E-1 1.34245E-1 1.33087E-1 1.4435E-1 1.42459E-1
-9999 -9999 -9999 -9999 -9999 -9999 -9999 -9999 -9999 5.62921E-1 5.30255E-1 4.90006E-1 3.98282E-1 3.9899E-1 3.32407E-1 3.33503E-1 3.37356E-1 3.36192E-1 3.86117E-1 3.56917E-1 3.17238E-1 3.79033E-1 3.44567E-1 2.9078E-1 2.77084E-1 2.81454E-1 2.78837E-1 3.29008E-1 2.55369E-1 2.5027E-1 2.54388E-1 2.02897E-1 2.60349E-1 2.90028E-1 2.34626E-1 1.5288E-1 1.6972E-1 2.54717E-1 1.94886E-1 3.1361E-1 3.55816E-1 2.20521E-1 1.51345E-1 1.64329E-1 2.10133E-1 2.92008E-1 2.40954E-1 1.99908E-1 1.53843E-1 1.58847E-1 2.00002E-1 1.85713E-1 1.28287E-1 1.32211E-1 1.42631E-1 1.56246E-1 2.35074E-1 2.21635E-1 2.22341E-1 1.68298E-1 1.39844E-1 1.41874E-1 1.37688E-1 1.48222E-1 1.49233E-1 2.29055E-1 2.20558E-1 2.02954E-1 1.34326E-1 1.43483E-1 1.43275E-1 1.924E-1
-9999 -9999 -9999 -9999 -9999 -9999 -9999 -9999 -9999 5.6304E-1 5.58917E-1 5.34932E-1 5.35363E-1 4.76727E-1 4.7597E-1 4.78255E-1 4.77073E-1 4.77217E-1 4.9622E-1 4.45319E-1 3.55588E-1 2.92333E-1 3.4885E-1 3.44305E-1 3.39656E-1 3.38588E-1 3.32233E-1 3.95466E-1 3.69271E-1 2.48558E-1 3.02979E-1 2.28731E-1 2.5367E-1 3.60736E-1 2.32431E-1 1.87832E-1 2.01967E-1 2.46034E-1 2.52191E-1 3.77846E-1 3.21264E-1 2.14308E-1 1.77372E-1 1.60693E-1 3.01249E-1 3.36902E-1 2.33775E-1 2.20647E-1 1.84121E-1 1.89604E-1 1.91118E-1 1.55004E-1 1.57054E-1 1.60919E-1 1.6089E-1 1.88528E-1 2.664E-1 2.17777E-1 2.72321E-1 2.03832E-1 1.47952E-1 1.72397E-1 1.3834E-1 1.46176E-1 1.88491E-1 2.72795E-1 2.08043E-1 2.08632E-1 1.68474E-1 1.80639E-1 1.81521E-1 2.37548E-1
-9999 -9999 -9999 -9999 -9999 -9999 -9999 -9999 -9999 -9999 5.63899E-1 5.33773E-1 5.3387E-1 5.39663E-1 5.12677E-1 5.16949E-1 4.72987E-1 4.52655E-1 4.51225E-1 4.44583E-1 3.74407E-1 3.68591E-1 4.31021E-1 4.258E-1 3.99916E-1 4.4023E-1 4.23618E-1 4.17128E-1 3.93213E-1 3.57214E-1 2.95031E-1 2.97103E-1 2.37976E-1 3.65247E-1 2.66073E-1 2.24332E-1 1.95645E-1 2.96751E-1 3.92566E-1 3.70308E-1 3.1082E-1 1.72786E-1 1.75147E-1 1.97889E-1 3.55723E-1 3.26451E-1 2.80807E-1 2.67345E-1 2.18872E-1 1.81136E-1 1.87118E-1 1.91412E-1 1.87278E-1 1.54013E-1 1.58122E-1 1.71152E-1 2.78071E-1 3.79643E-1 2.96724E-1 1.61232E-1 1.34756E-1 1.78645E-1 1.67765E-1 1.83637E-1 2.78134E-1 2.73556E-1 3.12732E-1 2.53657E-1 2.08529E-1 1.80131E-1 2.37701E-1 2.90536E-1
-9999 -9999 -9999 -9999 -9999 -9999 -9999 -9999 -9999 -9999 -9999 5.65821E-1 5.41245E-1 5.40728E-1 5.4289E-1 5.12876E-1 5.09397E-1 4.71069E-1 4.77101E-1 4.82076E-1 5.13424E-1 4.67654E-1 4.61774E-1 4.51905E-1 4.28805E-1 4.24031E-1 4.13682E-1 4.07807E-1 3.86935E-1 3.889E-1 3.41793E-1 2.91254E-1 3.66111E-1 3.80488E-1 2.55606E-1 2.38154E-1 2.87745E-1 3.8821E-1 3.80154E-1 3.5378E-1 2.95648E-1 1.69711E-1 2.26586E-1 2.76103E-1 3.53678E-1 3.19932E-1 3.58288E-1 3.14015E-1 2.62871E-1 2.17694E-1 2.36049E-1 2.73518E-1 2.25801E-1 1.86664E-1 1.9948E-1 1.73666E-1 2.71046E-1 3.99066E-1 2.86202E-1 1.95971E-1 1.72857E-1 2.1818E-1 2.20797E-1 3.3729E-1 4.20012E-1 4.25779E-1 2.47415E-1 2.07567E-1 2.53896E-1 2.19304E-1 2.93367E-1 3.99798E-1
-9999 -9999 -9999 -9999 -9999 -9999 -9999 -9999 -9999 -9999 -9999 -9999 5.68094E-1 5.45069E-1 5.44021E-1 5.12594E-1 5.19233E-1 5.1569E-1 5.21216E-1 5.01463E-1 4.95746E-1 4.65759E-1 4.60459E-1 4.40605E-1 4.40254E-1 4.16296E-1 4.17548E-1 4.13162E-1 3.91969E-1 3.73011E-1 2.80966E-1 2.97389E-1 4.00738E-1 3.54628E-1 2.6824E-1 3.54631E-1 3.92813E-1 3.79787E-1 3.51076E-1 3.19622E-1 2.59948E-1 2.12312E-1 3.52621E-1 3.53266E-1 3.41582E-1 3.45807E-1 3.28296E-1 3.02059E-1 3.06126E-1 2.55916E-1 2.1231E-1 3.37797E-1 2.6549E-1 2.71128E-1 2.22217E-1 1.93157E-1 2.62303E-1 3.85187E-1 2.41427E-1 1.90633E-1 2.10401E-1 3.35366E-1 4.20754E-1 4.15292E-1 3.99346E-1 3.69059E-1 2.93942E-1 2.17387E-1 2.64091E-1 2.68481E-1 3.5814E-1 4.62945E-1
-9999 -9999 -9999 -9999 -9999 -9999 -9999 -9999 -9999 -9999 -9999 -9999 -9999 5.7026E-1 5.45386E-1 5.43262E-1 5.17118E-1 5.17041E-1 5.03058E-1 4.97298E-1 4.9103E-1 4.96422E-1 4.49765E-1 4.47909E-1 4.35312E-1 4.10672E-1 4.04881E-1 4.04889E-1 3.9078E-1 3.89522E-1 3.89783E-1 3.92401E-1 3.86743E-1 3.71674E-1 3.79443E-1 3.70096E-1 3.83641E-1 3.4422E-1 3.15359E-1 3.10953E-1 2.5324E-1 3.66269E-1 3.65722E-1 3.52036E-1 3.23573E-1 3.3074E-1 3.34957E-1 3.40998E-1 3.25053E-1 2.98775E-1 3.05784E-1 2.71054E-1 3.65491E-1 3.45684E-1 2.56506E-1 2.27796E-1 3.05418E-1 3.8157E-1 3.10889E-1 3.05214E-1 4.23087E-1 4.07653E-1 3.87965E-1 3.63175E-1 3.64791E-1 3.31885E-1 2.94501E-1 3.00083E-1 4.04393E-1 3.87693E-1 4.54644E-1 4.47501E-1
-9999 -9999 -9999 -9999 -9999 -9999 -9999 -9999 -9999 -9999 -9999 -9999 -9999 -9999 5.72377E-1 5.51184E-1 5.35558E-1 5.34882E-1 5.27644E-1 4.89269E-1 4.78018E-1 4.77374E-1 4.38862E-1 4.43198E-1 4.28748E-1 4.20708E-1 4.1804E-1 4.10239E-1 3.92838E-1 3.81102E-1 3.75517E-1 3.70179E-1 3.73529E-1 3.77161E-1 3.6546E-1 3.69887E-1 3.53667E-1 3.17062E-1 3.22575E-1 3.2584E-1 3.48573E-1 3.55707E-1 3.43082E-1 3.3917E-1 3.16055E-1 3.21553E-1 3.33159E-1 3.41888E-1 3.2004E-1 3.11998E-1 3.1233E-1 3.22173E-1 3.55335E-1 3.36186E-1 3.07952E-1 2.71639E-1 3.59881E-1 4.01817E-1 3.88608E-1 3.88482E-1 3.67202E-1 3.96668E-1 3.55096E-1 3.53071E-1 3.20446E-1 3.48566E-1 2.88576E-1 2.9116E-1 3.12723E-1 4.45747E-1 4.37075E-1 4.36395E-1
-9999 -9999 -9999 -9999 -9999 -9999 -9999 -9999 -9999 -9999 -9999 -9999 -9999 -9999 -9999 5.78366E-1 5.39599E-1 5.3001E-1 5.34522E-1 4.9141E-1 4.74545E-1 4.77851E-1 4.58393E-1 4.22848E-1 4.20723E-1 4.17928E-1 4.20213E-1 4.14655E-1 3.79651E-1 3.70287E-1 3.6855E-1 3.83183E-1 3.78554E-1 3.61615E-1 3.58197E-1 3.63597E-1 3.2873E-1 3.1048E-1 3.39107E-1 3.37806E-1 3.49507E-1 3.50747E-1 3.32718E-1 3.04888E-1 3.06692E-1 3.34439E-1 3.38717E-1 3.24983E-1 3.25967E-1 3.08898E-1 3.28086E-1 3.61875E-1 3.2201E-1 3.40556E-1 3.29129E-1 2.60562E-1 3.83925E-1 3.9237E-1 3.78746E-1 3.82875E-1 3.51091E-1 3.86739E-1 3.78875E-1 3.4794E-1 3.37126E-1 3.60207E-1 3.4411E-1 4.00133E-1 4.40284E-1 4.45492E-1 4.32182E-1 4.10077E-1
-9999 -9999 -9999 -9999 -9999 -9999 -9999 -9999 -9999 -9999 -9999 -9999 -9999 -9999 -9999 5.75125E-1 5.36168E-1 5.23293E-1 5.22537E-1 5.06473E-1 4.69556E-1 4.69647E-1 4.47317E-1 4.37846E-1 4.36745E-1 4.4545E-1 4.2377E-1 3.9751E-1 3.66858E-1 3.61161E-1 3.53476E-1 3.55275E-1 3.7364E-1 3.48572E-1 3.52992E-1 3.44654E-1 3.25879E-1 3.48084E-1 3.52707E-1 3.34592E-1 3.42198E-1 3.21011E-1 3.19829E-1 2.97749E-1 2.97401E-1 3.20708E-1 3.36899E-1 3.21969E-1 3.26215E-1 3.18425E-1 3.25688E-1 3.48537E-1 3.35128E-1 3.31177E-1 3.40488E-1 3.67235E-1 3.83742E-1 3.93934E-1 3.73877E-1 3.4621E-1 3.28977E-1 3.67945E-1 3.67105E-1 3.4158E-1 3.67529E-1 3.88229E-1 3.91913E-1 3.96895E-1 4.24344E-1 4.2269E-1 4.24945E-1 3.8105E-1
-9999 -9999 -9999 -9999 -9999 -9999 -9999 -9999 -9999 -9999 -9999 -9999 -9999 -9999 -9999 5.69851E-1 5.55767E-1 5.44032E-1 5.07037E-1 4.99061E-1 4.88295E-1 4.87176E-1 4.57949E-1 4.37273E-1 4.41671E-1 4.41514E-1 4.04654E-1 3.87921E-1 3.62965E-1 3.52999E-1 3.48616E-1 3.48104E-1 3.69811E-1 3.39556E-1 3.63034E-1 3.39101E-1 3.40901E-1 3.20829E-1 3.2813E-1 3.28579E-1 3.11092E-1 3.05535E-1 2.90851E-1 2.89585E-1 3.09827E-1 3.15426E-1 3.45158E-1 3.12103E-1 3.07511E-1 2.88716E-1 3.10391E-1 3.15827E-1 3.49376E-1 3.19218E-1 3.55474E-1 3.69495E-1 3.79764E-1 3.68161E-1 3.49524E-1 3.34413E-1 3.45987E-1 3.5904E-1 3.43038E-1 3.37299E-1 3.61014E-1 3.92489E-1 4.15779E-1 3.96594E-1 4.20433E-1 4.38038E-1 4.20694E-1 3.73508E-1
-9999 -9999 -9999 -9999 -9999 -9999 -9999 -9999 -9999 -9999 -9999 -9999 -9999 -9999 6.08996E-1 5.95561E-1 5.49628E-1 5.39101E-1 5.07802E-1 4.90836E-1 4.80816E-1 4.74574E-1 4.69278E-1 4.33732E-1 4.22418E-1 4.23439E-1 3.88638E-1 3.76741E-1 3.58558E-1 3.74925E-1 3.43275E-1 3.58744E-1 3.3648E-1 3.47281E-1 3.58785E-1 3.3536E-1 3.32837E-1 3.34443E-1 3.21084E-1 3.14749E-1 2.93495E-1 2.9414E-1 3.02128E-1 3.03682E-1 3.04248E-1 3.04891E-1 3.38861E-1 3.26872E-1 3.04916E-1 2.99767E-1 3.1114E-1 3.28926E-1 3.38145E-1 3.29483E-1 3.72942E-1 3.56464E-1 3.69597E-1 3.4974E-1 3.31857E-1 3.27971E-1 3.67374E-1 3.53782E-1 3.56577E-1 3.38473E-1 3.7175E-1 3.98287E-1 3.94877E-1 3.91986E-1 4.14941E-1 4.23376E-1 4.14403E-1 3.72012E-1
-9999 -9999 -9999 -9999 -9999 -9999 -9999 -9999 -9999 -9999 -9999 -9999 -9999 -9999 6.01657E-1 5.68076E-1 5.57693E-1 5.33783E-1 5.27629E-1 4.92919E-1 4.8101E-1 4.63067E-1 4.56313E-1 4.57391E-1 4.19515E-1 4.14299E-1 3.74822E-1 3.66084E-1 3.60441E-1 3.66086E-1 3.49889E-1 3.51633E-1 3.47268E-1 3.51129E-1 3.33991E-1 3.22448E-1 3.28721E-1 3.1201E-1 3.06808E-1 2.89503E-1 2.83579E-1 2.90381E-1 2.95352E-1 2.87511E-1 2.97295E-1 2.97152E-1 3.31935E-1 3.08285E-1 2.88726E-1 2.94136E-1 3.17399E-1 3.22332E-1 3.5133E-1 3.55086E-1 3.63508E-1 3.77349E-1 3.5552E-1 3.50044E-1 3.27435E-1 3.2885E-1 3.60248E-1 3.38984E-1 3.53352E-1 3.30867E-1 3.59486E-1 3.71775E-1 3.71924E-1 3.6566E-1 4.11203E-1 4.13168E-1 4.22045E-1 3.8841E-1
-9999 -9999 -9999 -9999 -9999 -9999 -9999 -9999 -9999 -9999 -9999 -9999 -9999 -9999 5.85196E-1 5.79071E-1 5.41748E-1 5.23228E-1 5.17005E-1 5.08875E-1 4.66065E-1 4.57113E-1 4.47944E-1 4.4724E-1 4.20284E-1 4.09542E-1 3.66091E-1 3.93681E-1 3.55956E-1 3.59452E-1 3.44237E-1 3.41557E-1 3.43516E-1 3.44989E-1 3.14606E-1 3.20318E-1 3.20642E-1 3.17577E-1 2.99609E-1 2.78824E-1 2.80268E-1 2.75198E-1 3.0082E-1 2.77724E-1 3.07755E-1 3.17368E-1 3.32582E-1 3.09246E-1 2.84867E-1 3.0726E-1 3.04059E-1 3.34088E-1 3.4649E-1 3.55452E-1 3.59486E-1 3.55506E-1 3.5189E-1 3.42904E-1 3.16301E-1 3.23268E-1 3.42706E-1 3.62124E-1 3.44816E-1 3.48138E-1 3.60183E-1 3.59091E-1 3.66208E-1 3.594E-1 3.90359E-1 4.07672E-1 4.17888E-1 4.06604E-1
-9999 -9999 -9999 -9999 -9999 -9999 -9999 -9999 -9999 -9999 -9999 -9999 -9999 -9999 -9999 5.87129E-1 5.40332E-1 5.23125E-1 5.25326E-1 5.08745E-1 4.95197E-1 4.61088E-1 4.53264E-1 4.42277E-1 4.26568E-1 3.97837E-1 3.87885E-1 3.78892E-1 3.7905E-1 3.70567E-1 3.38187E-1 3.55326E-1 3.39443E-1 3.37409E-1 3.32334E-1 3.13565E-1 3.13297E-1 2.87553E-1 2.92703E-1 2.8609E-1 2.89241E-1 2.73031E-1 2.76083E-1 2.90876E-1 3.14445E-1 3.30436E-1 3.13835E-1 2.93654E-1 2.89696E-1 2.97958E-1 2.99605E-1 3.24295E-1 3.40947E-1 3.54401E-1 3.36128E-1 3.45467E-1 3.31603E-1 3.3362E-1 3.18589E-1 3.33121E-1 3.39544E-1 3.57156E-1 3.40282E-1 3.66188E-1 3.59652E-1 3.53219E-1 3.44971E-1 3.5045E-1 3.87224E-1 4.17721E-1 4.14394E-1 4.12474E-1
-9999 -9999 -9999 -9999 -9999 -9999 -9999 -9999 -9999 -9999 -9999 -9999 -9999 6.4501E-1 5.89717E-1 5.78088E-1 5.80106E-1 5.29428E-1 5.12613E-1 5.04653E-1 4.91965E-1 4.75864E-1 4.46192E-1 4.35669E-1 4.25589E-1 4.11577E-1 3.82671E-1 3.77617E-1 3.76314E-1 3.6325E-1 3.47366E-1 3.49824E-1 3.27215E-1 3.25052E-1 3.24556E-1 2.97527E-1 3.03967E-1 2.82657E-1 2.83018E-1 2.82298E-1 2.86588E-1 2.73975E-1 2.76292E-1 2.77517E-1 3.07901E-1 2.9844E-1 3.01024E-1 2.89401E-1 2.83409E-1 3.03282E-1 3.06053E-1 3.22694E-1 3.29378E-1 3.35822E-1 3.10082E-1 3.08654E-1 3.21998E-1 3.21951E-1 3.30448E-1 3.1931E-1 3.32628E-1 3.49786E-1 3.51616E-1 3.42278E-1 3.47867E-1 3.5871E-1 3.34218E-1 3.45852E-1 3.69336E-1 4.04433E-1 4.22799E-1 4.19749E-1
-9999 -9999 -9999 -9999 -9999 -9999 -9999 -9999 -9999 -9999 -9999 -9999 6.43397E-1 6.29209E-1 5.77284E-1 5.7608E-1 5.73131E-1 5.42184E-1 5.13993E-1 4.98157E-1 4.85598E-1 4.79113E-1 4.43364E-1 4.33191E-1 4.15769E-1 4.00551E-1 3.89838E-1 3.82059E-1 3.63299E-1 3.48228E-1 3.43958E-1 3.40577E-1 3.39693E-1 3.25056E-1 2.92692E-1 2.90382E-1 2.91383E-1 2.87735E-1 2.70747E-1 2.97461E-1 2.79748E-1 2.70644E-1 2.76889E-1 3.01455E-1 3.10203E-1 3.08795E-1 2.99585E-1 2.80043E-1 2.74943E-1 2.79457E-1 3.06916E-1 3.12296E-1 3.18726E-1 3.37829E-1 3.24819E-1 3.07093E-1 3.08365E-1 3.17152E-1 3.20782E-1 3.25538E-1 3.28329E-1 3.61479E-1 3.53402E-1 3.54569E-1 3.61355E-1 3.50898E-1 3.54605E-1 3.60318E-1 3.46547E-1 3.72508E-1 3.69659E-1 3.97892E-1
