Artocarpus altilis SDM files/MIS19/results (with bias file)/Artalt_stddev.asc
ncols         1201
nrows         481
xllcorner     119.99986351115
yllcorner     -15.00013828885
cellsize      0.041666667
NODATA_value  -9999
[rows 448 to 479 of 481, columns 504 to 575 of 1201]
-9999 -9999 -9999 -9999 -9999 -9999 -9999 -9999 -9999 -9999 -9999 -9999 1.22109E-1 1.28366E-1 1.32613E-1 1.33101E-1 1.41348E-1 1.41794E-1 1.44283E-1 1.43114E-1 1.50779E-1 1.51059E-1 1.43309E-1 1.35069E-1 1.32383E-1 1.21861E-1 1.25436E-1 1.31696E-1 1.31104E-1 1.25055E-1 1.2189E-1 1.18826E-1 1.16636E-1 1.11334E-1 1.08286E-1 1.04533E-1 1.00918E-1 9.9073E-2 1.0452E-1 9.50493E-2 8.99828E-2 9.21889E-2 8.60142E-2 9.44216E-2 8.90396E-2 8.26225E-2 7.82766E-2 7.10595E-2 7.29548E-2 7.56748E-2 7.66215E-2 7.53893E-2 7.28845E-2 7.08774E-2 7.33998E-2 7.13832E-2 6.25572E-2 6.77645E-2 6.40606E-2 7.73378E-2 8.03597E-2 8.35444E-2 -9999 -9999 9.12043E-2 8.91127E-2 -9999 -9999 -9999 -9999 -9999 -9999
-9999 -9999 -9999 -9999 -9999 -9999 -9999 -9999 -9999 -9999 -9999 1.22346E-1 1.21935E-1 1.30737E-1 1.33832E-1 1.33646E-1 1.42401E-1 1.42561E-1 1.44156E-1 1.42662E-1 1.52285E-1 1.49653E-1 1.45029E-1 1.42227E-1 1.31865E-1 1.35468E-1 1.31815E-1 1.34491E-1 1.30719E-1 1.24238E-1 1.21786E-1 1.14532E-1 1.11531E-1 1.08911E-1 1.06857E-1 1.07317E-1 1.00734E-1 9.70037E-2 1.0318E-1 9.96742E-2 9.79255E-2 9.52975E-2 9.63412E-2 9.03886E-2 9.0585E-2 7.89253E-2 7.26965E-2 7.23571E-2 7.4485E-2 7.77635E-2 7.79413E-2 7.62734E-2 7.41242E-2 6.89594E-2 6.77254E-2 6.94312E-2 6.31578E-2 6.28459E-2 6.40274E-2 8.04344E-2 8.42941E-2 8.55539E-2 -9999 -9999 9.01092E-2 -9999 -9999 -9999 -9999 -9999 -9999 -9999
-9999 -9999 -9999 -9999 -9999 -9999 -9999 -9999 -9999 -9999 -9999 1.22178E-1 1.2147E-1 1.29705E-1 1.331E-1 1.35089E-1 1.4393E-1 1.4608E-1 1.54814E-1 1.54948E-1 1.54107E-1 1.49709E-1 1.46705E-1 1.43075E-1 1.44995E-1 1.44589E-1 1.33892E-1 1.30285E-1 1.2654E-1 1.20375E-1 1.16998E-1 1.10872E-1 1.15116E-1 1.08381E-1 1.08952E-1 1.03256E-1 9.36198E-2 8.95489E-2 9.93212E-2 1.00199E-1 1.00584E-1 9.43223E-2 9.1276E-2 9.21555E-2 8.19241E-2 7.38221E-2 7.59992E-2 7.37793E-2 7.33874E-2 7.35431E-2 7.72417E-2 8.0929E-2 7.86711E-2 7.98069E-2 7.82746E-2 7.60782E-2 6.46861E-2 6.13613E-2 6.27865E-2 7.92088E-2 8.74799E-2 -9999 -9999 -9999 -9999 -9999 -9999 -9999 -9999 -9999 -9999 -9999
-9999 -9999 -9999 -9999 -9999 -9999 -9999 -9999 -9999 -9999 -9999 1.2073E-1 1.23025E-1 1.25139E-1 1.34021E-1 1.35972E-1 1.45551E-1 1.4683E-1 1.53462E-1 1.56131E-1 1.54067E-1 1.54808E-1 1.53408E-1 1.54058E-1 1.54134E-1 1.47311E-1 1.36235E-1 1.32971E-1 1.3296E-1 1.26344E-1 1.22652E-1 1.16153E-1 1.13159E-1 1.07538E-1 1.04552E-1 1.01768E-1 9.92373E-2 9.18593E-2 9.84933E-2 9.75044E-2 9.59968E-2 8.95844E-2 9.02673E-2 8.73647E-2 7.87529E-2 8.30394E-2 7.84857E-2 7.56969E-2 7.44682E-2 7.5601E-2 7.42766E-2 8.09571E-2 8.6936E-2 8.06449E-2 7.88047E-2 6.5498E-2 5.82643E-2 5.89329E-2 6.17701E-2 8.30174E-2 8.80235E-2 -9999 -9999 9.34643E-2 -9999 -9999 -9999 -9999 -9999 -9999 -9999 -9999
-9999 -9999 -9999 -9999 -9999 -9999 -9999 -9999 -9999 -9999 -9999 1.21204E-1 1.24107E-1 1.25548E-1 1.34394E-1 1.36227E-1 1.46196E-1 1.45195E-1 1.55526E-1 1.54801E-1 1.55589E-1 1.53591E-1 1.49886E-1 1.49908E-1 1.47017E-1 1.43667E-1 1.37603E-1 1.34979E-1 1.31606E-1 1.2355E-1 1.24286E-1 1.21234E-1 1.16934E-1 1.13978E-1 1.07764E-1 1.07484E-1 9.75991E-2 9.06158E-2 1.00115E-1 9.71537E-2 9.75437E-2 8.8581E-2 8.83219E-2 8.52855E-2 8.67121E-2 8.03322E-2 7.62694E-2 7.03338E-2 7.0852E-2 7.46228E-2 7.4756E-2 7.43287E-2 7.45482E-2 6.93598E-2 6.50525E-2 5.8689E-2 5.45757E-2 5.61741E-2 6.59967E-2 7.83025E-2 8.3119E-2 8.97231E-2 -9999 -9999 -9999 -9999 -9999 -9999 -9999 -9999 -9999 -9999
-9999 -9999 -9999 -9999 -9999 -9999 -9999 -9999 -9999 -9999 -9999 1.21745E-1 1.24382E-1 1.25896E-1 1.32203E-1 1.36797E-1 1.34192E-1 1.45645E-1 1.46331E-1 1.55335E-1 1.55942E-1 1.54002E-1 1.54098E-1 1.43788E-1 1.40309E-1 1.36414E-1 1.36441E-1 1.3121E-1 1.24233E-1 1.134E-1 1.17521E-1 1.18572E-1 1.08835E-1 1.05212E-1 1.09867E-1 9.80449E-2 9.65788E-2 9.55262E-2 9.59672E-2 9.22228E-2 9.33882E-2 8.7426E-2 8.11257E-2 8.51379E-2 8.16373E-2 7.325E-2 7.05116E-2 7.01576E-2 6.9845E-2 7.29886E-2 7.54987E-2 6.53524E-2 6.08221E-2 6.39224E-2 6.21196E-2 5.76273E-2 5.4836E-2 5.59416E-2 6.56911E-2 7.60744E-2 8.42356E-2 8.72997E-2 8.68436E-2 -9999 -9999 9.01435E-2 -9999 -9999 -9999 -9999 -9999 -9999
-9999 -9999 -9999 -9999 -9999 -9999 -9999 -9999 -9999 -9999 -9999 1.22917E-1 1.24789E-1 1.26157E-1 1.26836E-1 1.36867E-1 1.34078E-1 1.48672E-1 1.56664E-1 1.55373E-1 1.55902E-1 1.56956E-1 1.50907E-1 1.43467E-1 1.39817E-1 1.35815E-1 1.35675E-1 1.26193E-1 1.19028E-1 1.12318E-1 1.11826E-1 1.13659E-1 1.0824E-1 9.81388E-2 1.02554E-1 8.98759E-2 8.51575E-2 8.75352E-2 8.53684E-2 9.19205E-2 9.22383E-2 8.91891E-2 8.26396E-2 8.27109E-2 8.22414E-2 8.03776E-2 7.72785E-2 7.51797E-2 7.18894E-2 6.70132E-2 6.14387E-2 6.75667E-2 6.1398E-2 5.58554E-2 5.76555E-2 5.3072E-2 5.28381E-2 7.13411E-2 7.3189E-2 7.64064E-2 8.16427E-2 8.85127E-2 8.72227E-2 -9999 -9999 -9999 -9999 9.05864E-2 -9999 -9999 -9999 -9999
-9999 -9999 -9999 -9999 -9999 -9999 -9999 -9999 -9999 -9999 -9999 1.23885E-1 1.25241E-1 1.26197E-1 1.26636E-1 1.37676E-1 1.37609E-1 1.46124E-1 1.46497E-1 1.55823E-1 1.55831E-1 1.53925E-1 1.50645E-1 1.39667E-1 1.35732E-1 1.35355E-1 1.3528E-1 1.28072E-1 1.13148E-1 1.1315E-1 1.18373E-1 1.12421E-1 9.8819E-2 9.5778E-2 9.69783E-2 8.13583E-2 7.77655E-2 7.98197E-2 8.16473E-2 9.04979E-2 9.72884E-2 8.88672E-2 8.44985E-2 8.12652E-2 8.20514E-2 7.79242E-2 7.58027E-2 7.55358E-2 7.34332E-2 7.16382E-2 6.71801E-2 5.62685E-2 4.3921E-2 5.91847E-2 5.60003E-2 5.3746E-2 5.22868E-2 7.08509E-2 7.30773E-2 7.63789E-2 8.25691E-2 8.64803E-2 8.4572E-2 -9999 -9999 9.11909E-2 8.82874E-2 -9999 -9999 -9999 -9999 -9999
-9999 -9999 -9999 -9999 -9999 -9999 -9999 -9999 -9999 -9999 -9999 1.2472E-1 1.25603E-1 1.26265E-1 1.2651E-1 1.37633E-1 1.37556E-1 1.49196E-1 1.46297E-1 1.58934E-1 1.55927E-1 1.50534E-1 1.53833E-1 1.45866E-1 1.45621E-1 1.38135E-1 1.30106E-1 1.22869E-1 1.19257E-1 1.23982E-1 1.13366E-1 1.06778E-1 9.7105E-2 9.74669E-2 8.83189E-2 7.88416E-2 8.0809E-2 8.07202E-2 8.33736E-2 8.9956E-2 8.73635E-2 8.40416E-2 7.84145E-2 7.81019E-2 8.14546E-2 7.69883E-2 7.69918E-2 7.34635E-2 6.9153E-2 7.0412E-2 6.29184E-2 6.30768E-2 5.87353E-2 5.4938E-2 5.45237E-2 5.04127E-2 5.2849E-2 7.15357E-2 7.37498E-2 7.62552E-2 8.00022E-2 8.19709E-2 8.5669E-2 8.58592E-2 -9999 -9999 -9999 -9999 -9999 8.66151E-2 -9999 -9999
-9999 -9999 -9999 -9999 -9999 -9999 -9999 -9999 -9999 -9999 -9999 -9999 1.26459E-1 1.35164E-1 1.36984E-1 1.37878E-1 1.37664E-1 1.46523E-1 1.46349E-1 1.45625E-1 1.55873E-1 1.48073E-1 1.50597E-1 1.45662E-1 1.45202E-1 1.48371E-1 1.37132E-1 1.2883E-1 1.25257E-1 1.22099E-1 1.11774E-1 1.04528E-1 1.01396E-1 9.55733E-2 8.88586E-2 8.18368E-2 8.52167E-2 8.48808E-2 8.4591E-2 8.14955E-2 8.10225E-2 7.91866E-2 7.39465E-2 7.66681E-2 7.36355E-2 7.33518E-2 7.60639E-2 7.01007E-2 7.22739E-2 6.47299E-2 6.19452E-2 5.87706E-2 5.46465E-2 5.05395E-2 5.05605E-2 5.0221E-2 5.08123E-2 6.0568E-2 7.06287E-2 7.625E-2 7.72499E-2 8.34196E-2 8.28427E-2 8.38681E-2 8.40987E-2 -9999 -9999 -9999 -9999 -9999 -9999 -9999
-9999 -9999 -9999 -9999 -9999 -9999 -9999 -9999 -9999 -9999 -9999 -9999 -9999 1.27215E-1 1.37382E-1 1.3784E-1 1.37172E-1 1.49299E-1 1.46113E-1 1.41379E-1 1.51632E-1 1.51188E-1 1.45814E-1 1.44847E-1 1.51308E-1 1.46716E-1 1.3924E-1 1.31578E-1 1.2684E-1 1.23837E-1 1.20161E-1 1.03387E-1 1.03036E-1 9.63E-2 9.59655E-2 9.15773E-2 9.30177E-2 9.00093E-2 8.27565E-2 7.8736E-2 7.80928E-2 7.97647E-2 7.47698E-2 7.60112E-2 7.02609E-2 7.16129E-2 7.49612E-2 7.15014E-2 6.88297E-2 6.60055E-2 6.23425E-2 5.52651E-2 5.21702E-2 5.04007E-2 5.10573E-2 5.07552E-2 5.27803E-2 5.88464E-2 7.1539E-2 7.42407E-2 7.64045E-2 7.70494E-2 8.05402E-2 8.06976E-2 8.25884E-2 -9999 -9999 -9999 -9999 -9999 -9999 -9999
-9999 -9999 -9999 -9999 -9999 -9999 -9999 -9999 -9999 -9999 -9999 -9999 -9999 1.27371E-1 1.26319E-1 1.37866E-1 1.3738E-1 1.31896E-1 1.45862E-1 1.4089E-1 1.39106E-1 1.37328E-1 1.52968E-1 1.52183E-1 1.54685E-1 1.46535E-1 1.42282E-1 1.33296E-1 1.33332E-1 1.30298E-1 1.11472E-1 1.1112E-1 1.04582E-1 9.75787E-2 1.04676E-1 1.00811E-1 9.76974E-2 8.75143E-2 7.99282E-2 7.83043E-2 8.08802E-2 8.42193E-2 8.17531E-2 7.917E-2 7.60902E-2 7.34671E-2 7.25766E-2 6.98356E-2 6.73733E-2 6.16996E-2 5.66856E-2 5.50724E-2 5.01032E-2 4.94244E-2 4.89695E-2 5.22841E-2 5.33163E-2 6.16638E-2 6.93904E-2 6.87054E-2 7.48352E-2 7.50024E-2 7.54918E-2 7.94082E-2 8.0806E-2 -9999 -9999 -9999 -9999 -9999 -9999 -9999
-9999 -9999 -9999 -9999 -9999 -9999 -9999 -9999 -9999 -9999 -9999 -9999 -9999 -9999 1.40735E-1 1.37632E-1 1.37477E-1 1.32749E-1 1.30135E-1 1.44131E-1 1.41909E-1 1.57371E-1 1.56113E-1 1.54427E-1 1.57862E-1 1.5325E-1 1.45531E-1 1.36732E-1 1.32236E-1 1.20487E-1 1.12481E-1 1.13275E-1 1.13389E-1 1.13515E-1 1.07654E-1 1.00628E-1 9.26457E-2 8.19006E-2 8.45E-2 8.38967E-2 8.78883E-2 8.20191E-2 7.55699E-2 6.94604E-2 7.27548E-2 7.15018E-2 7.1294E-2 6.51479E-2 6.03817E-2 5.67111E-2 5.35029E-2 5.50662E-2 5.23561E-2 4.98208E-2 5.00348E-2 5.26512E-2 5.82979E-2 5.97358E-2 6.66567E-2 6.91721E-2 7.19923E-2 7.52047E-2 7.29408E-2 7.7309E-2 7.69705E-2 -9999 -9999 -9999 -9999 -9999 -9999 -9999
-9999 -9999 -9999 -9999 -9999 -9999 -9999 -9999 -9999 -9999 -9999 -9999 -9999 -9999 1.40755E-1 1.37698E-1 1.36703E-1 1.35675E-1 1.34454E-1 1.47352E-1 1.46054E-1 1.44213E-1 1.59957E-1 1.54693E-1 1.56777E-1 1.56289E-1 1.44117E-1 1.35448E-1 1.25907E-1 1.22216E-1 1.23041E-1 1.2313E-1 1.19831E-1 1.08051E-1 1.08998E-1 1.01005E-1 9.79168E-2 8.669E-2 8.55268E-2 9.26128E-2 8.91341E-2 8.30293E-2 8.27312E-2 7.74298E-2 7.43446E-2 7.28223E-2 6.27266E-2 5.86966E-2 5.76486E-2 5.72082E-2 5.37175E-2 5.43284E-2 4.8948E-2 5.42731E-2 5.32966E-2 5.34319E-2 5.77829E-2 5.9847E-2 6.46583E-2 6.67934E-2 6.75329E-2 6.65678E-2 7.00374E-2 6.94508E-2 6.92471E-2 -9999 -9999 -9999 -9999 -9999 -9999 -9999
-9999 -9999 -9999 -9999 -9999 -9999 -9999 -9999 -9999 -9999 -9999 -9999 -9999 -9999 1.40938E-1 1.3769E-1 1.39491E-1 1.38833E-1 1.37307E-1 1.54576E-1 1.49274E-1 1.63779E-1 1.58979E-1 1.58063E-1 1.56025E-1 1.54994E-1 1.50169E-1 1.38329E-1 1.33904E-1 1.32145E-1 1.28076E-1 1.25126E-1 1.14429E-1 1.10555E-1 1.11401E-1 1.04553E-1 9.27004E-2 8.45232E-2 9.0042E-2 9.0872E-2 8.35596E-2 8.76411E-2 8.44596E-2 8.12048E-2 7.53001E-2 6.37231E-2 5.16589E-2 5.64429E-2 5.75389E-2 5.38686E-2 5.59674E-2 5.38468E-2 5.14107E-2 5.69816E-2 5.23939E-2 5.34473E-2 5.14644E-2 5.73725E-2 6.28075E-2 6.23401E-2 6.45487E-2 6.48262E-2 6.47845E-2 6.4323E-2 6.76643E-2 6.89554E-2 7.51301E-2 6.99981E-2 -9999 -9999 -9999 -9999
-9999 -9999 -9999 -9999 -9999 -9999 -9999 -9999 -9999 -9999 -9999 -9999 -9999 -9999 1.29788E-1 1.40793E-1 1.43372E-1 1.4206E-1 1.55184E-1 1.54643E-1 1.67469E-1 1.62813E-1 1.6191E-1 1.60874E-1 1.59164E-1 1.58344E-1 1.49874E-1 1.44599E-1 1.39376E-1 1.35007E-1 1.27473E-1 1.27228E-1 1.15518E-1 1.19416E-1 1.16481E-1 1.01226E-1 9.0229E-2 8.21184E-2 8.85337E-2 8.71165E-2 8.83976E-2 8.82353E-2 8.22492E-2 7.22984E-2 6.63812E-2 5.25723E-2 5.10513E-2 6.45053E-2 5.79354E-2 5.33069E-2 5.37817E-2 5.39448E-2 5.72688E-2 5.52773E-2 5.26723E-2 5.26529E-2 4.8364E-2 4.73954E-2 5.57996E-2 5.73593E-2 6.26061E-2 6.23162E-2 5.92345E-2 6.08548E-2 6.48328E-2 6.57192E-2 -9999 -9999 -9999 -9999 -9999 -9999
-9999 -9999 -9999 -9999 -9999 -9999 -9999 -9999 -9999 -9999 -9999 -9999 -9999 1.34476E-1 1.44762E-1 1.4446E-1 1.43213E-1 1.41594E-1 1.55321E-1 1.53597E-1 1.52934E-1 1.66581E-1 1.65051E-1 1.66773E-1 1.62321E-1 1.61199E-1 1.53189E-1 1.5168E-1 1.43112E-1 1.37644E-1 1.34228E-1 1.25819E-1 1.25188E-1 1.16983E-1 1.0928E-1 9.74859E-2 8.70761E-2 8.88703E-2 9.60115E-2 9.6277E-2 9.2921E-2 8.27864E-2 7.57827E-2 6.91039E-2 5.85787E-2 6.3905E-2 5.48919E-2 4.99518E-2 5.62203E-2 4.92806E-2 4.95727E-2 5.43788E-2 5.30817E-2 5.13515E-2 4.86361E-2 4.64175E-2 4.24843E-2 4.49222E-2 5.34675E-2 5.86025E-2 5.49153E-2 5.53428E-2 5.78761E-2 5.64483E-2 6.11484E-2 6.18994E-2 -9999 -9999 -9999 -9999 -9999 -9999
-9999 -9999 -9999 -9999 -9999 -9999 -9999 -9999 -9999 -9999 -9999 -9999 -9999 1.34546E-1 1.44864E-1 1.44619E-1 1.42596E-1 1.59521E-1 1.5865E-1 1.53725E-1 1.70794E-1 1.6981E-1 1.67781E-1 1.65838E-1 1.64093E-1 1.64208E-1 1.52127E-1 1.47002E-1 1.45638E-1 1.37071E-1 1.36624E-1 1.28289E-1 1.18721E-1 1.13546E-1 1.07011E-1 9.84039E-2 9.76347E-2 9.79233E-2 9.73464E-2 9.40395E-2 8.69018E-2 7.97908E-2 7.24462E-2 6.56379E-2 7.42325E-2 7.23447E-2 7.2077E-2 6.56952E-2 5.75547E-2 5.72392E-2 5.85791E-2 5.65079E-2 5.16633E-2 4.69352E-2 4.06724E-2 4.25506E-2 4.17787E-2 4.22654E-2 5.28171E-2 4.75303E-2 5.03996E-2 5.25347E-2 5.48641E-2 5.47254E-2 5.94337E-2 5.88168E-2 5.84043E-2 -9999 -9999 -9999 -9999 -9999
-9999 -9999 -9999 -9999 -9999 -9999 -9999 -9999 -9999 -9999 -9999 -9999 1.3492E-1 1.43258E-1 1.45176E-1 1.447E-1 1.42276E-1 1.59368E-1 1.58237E-1 1.57402E-1 1.70506E-1 1.68942E-1 1.71145E-1 1.69082E-1 1.68174E-1 1.59259E-1 1.59399E-1 1.49033E-1 1.44416E-1 1.34806E-1 1.29849E-1 1.25255E-1 1.20708E-1 1.20253E-1 1.15152E-1 1.11557E-1 1.06736E-1 1.00174E-1 9.82189E-2 9.2029E-2 8.41972E-2 8.06349E-2 7.57641E-2 6.68208E-2 7.60868E-2 7.94988E-2 7.17367E-2 6.4214E-2 6.66733E-2 6.45015E-2 5.88225E-2 5.00357E-2 4.36799E-2 4.29544E-2 3.55344E-2 4.28854E-2 4.01071E-2 4.12863E-2 3.91806E-2 4.35534E-2 4.63426E-2 4.73503E-2 5.09542E-2 5.01933E-2 5.13545E-2 5.3328E-2 5.61248E-2 -9999 -9999 -9999 -9999 -9999
-9999 -9999 -9999 -9999 -9999 -9999 -9999 -9999 -9999 -9999 -9999 -9999 1.34804E-1 1.44468E-1 1.45296E-1 1.48136E-1 1.46144E-1 1.59166E-1 1.58271E-1 1.56721E-1 1.70216E-1 1.68163E-1 1.66995E-1 1.69281E-1 1.67538E-1 1.53387E-1 1.53673E-1 1.47835E-1 1.41866E-1 1.37522E-1 1.31135E-1 1.3017E-1 1.29989E-1 1.25641E-1 1.13469E-1 1.13469E-1 1.04873E-1 1.00565E-1 9.84039E-2 9.53618E-2 8.7476E-2 8.29033E-2 7.50608E-2 7.4276E-2 7.04315E-2 6.70289E-2 7.37952E-2 6.27008E-2 5.77041E-2 5.49326E-2 4.42716E-2 4.38392E-2 4.08683E-2 3.6622E-2 3.65293E-2 3.91738E-2 4.25461E-2 3.76793E-2 3.70838E-2 4.11795E-2 4.5714E-2 4.72742E-2 4.74736E-2 4.69048E-2 4.93137E-2 5.21765E-2 5.4268E-2 5.60999E-2 5.31964E-2 -9999 -9999 -9999
-9999 -9999 -9999 -9999 -9999 -9999 -9999 -9999 -9999 -9999 -9999 -9999 1.35008E-1 1.34624E-1 1.45433E-1 1.48316E-1 1.46345E-1 1.58802E-1 1.5792E-1 1.5542E-1 1.6999E-1 1.6725E-1 1.66101E-1 1.67385E-1 1.61535E-1 1.60177E-1 1.50861E-1 1.50473E-1 1.43892E-1 1.43172E-1 1.38684E-1 1.34099E-1 1.23809E-1 1.19846E-1 1.19886E-1 1.09197E-1 1.10687E-1 1.05889E-1 1.02052E-1 1.00534E-1 8.88578E-2 8.57011E-2 8.44068E-2 7.36298E-2 6.57355E-2 6.23631E-2 6.93489E-2 5.30681E-2 4.93682E-2 4.60401E-2 4.2524E-2 3.96048E-2 3.89123E-2 3.64353E-2 4.00837E-2 3.91809E-2 4.06633E-2 3.80349E-2 3.6848E-2 4.11001E-2 4.54998E-2 4.70474E-2 4.65633E-2 4.63461E-2 4.89789E-2 4.75933E-2 5.45011E-2 5.31403E-2 5.59189E-2 5.75632E-2 5.77488E-2 5.62798E-2
-9999 -9999 -9999 -9999 -9999 -9999 -9999 -9999 -9999 -9999 -9999 -9999 1.35162E-1 1.45055E-1 1.45285E-1 1.48081E-1 1.46267E-1 1.58656E-1 1.57369E-1 1.53504E-1 1.69028E-1 1.71198E-1 1.69299E-1 1.66083E-1 1.69534E-1 1.60405E-1 1.58982E-1 1.53512E-1 1.47458E-1 1.41293E-1 1.316E-1 1.27336E-1 1.26641E-1 1.26402E-1 1.16476E-1 1.12284E-1 1.07438E-1 1.044E-1 1.00087E-1 9.65187E-2 8.87253E-2 8.3194E-2 8.27638E-2 7.87646E-2 7.05718E-2 6.46455E-2 5.54596E-2 4.04689E-2 4.39206E-2 3.97442E-2 4.25444E-2 3.71584E-2 3.51247E-2 3.62871E-2 3.62092E-2 3.65073E-2 4.09688E-2 3.76595E-2 3.52931E-2 3.2757E-2 4.16235E-2 4.31411E-2 4.48547E-2 4.58538E-2 4.55516E-2 4.72079E-2 5.06301E-2 5.21171E-2 5.21653E-2 5.29518E-2 5.41053E-2 5.50948E-2
-9999 -9999 -9999 -9999 -9999 -9999 -9999 -9999 -9999 -9999 -9999 -9999 1.35023E-1 1.45554E-1 1.45188E-1 1.48043E-1 1.45678E-1 1.58537E-1 1.57076E-1 1.53705E-1 1.6826E-1 1.69731E-1 1.68037E-1 1.69944E-1 1.68077E-1 1.58982E-1 1.52711E-1 1.51623E-1 1.41406E-1 1.34006E-1 1.28252E-1 1.31299E-1 1.27618E-1 1.21615E-1 1.09921E-1 1.07745E-1 1.03553E-1 1.00052E-1 9.70222E-2 9.05417E-2 9.01975E-2 8.32072E-2 7.49121E-2 7.4001E-2 7.40588E-2 6.00282E-2 5.33897E-2 5.28526E-2 4.07131E-2 3.80971E-2 3.8618E-2 3.59094E-2 3.9379E-2 4.06697E-2 3.99041E-2 3.77754E-2 3.77959E-2 3.36971E-2 3.02309E-2 3.03377E-2 3.65887E-2 3.62407E-2 4.09704E-2 4.15204E-2 4.57209E-2 4.78207E-2 4.88136E-2 4.95373E-2 4.74505E-2 4.88197E-2 5.0898E-2 5.17752E-2
-9999 -9999 -9999 -9999 -9999 -9999 -9999 -9999 -9999 -9999 -9999 -9999 -9999 1.45577E-1 1.45344E-1 1.47534E-1 1.4576E-1 1.58361E-1 1.55285E-1 1.52703E-1 1.49789E-1 1.69777E-1 1.67305E-1 1.67857E-1 1.61856E-1 1.59287E-1 1.57299E-1 1.44094E-1 1.37731E-1 1.36399E-1 1.35443E-1 1.30055E-1 1.23012E-1 1.19466E-1 1.13668E-1 1.05332E-1 1.0134E-1 9.71697E-2 8.99056E-2 8.39392E-2 7.74337E-2 7.65063E-2 7.26241E-2 6.85339E-2 6.25495E-2 5.3949E-2 5.00037E-2 4.66823E-2 4.51166E-2 3.65507E-2 3.59451E-2 4.49485E-2 4.23246E-2 3.81531E-2 3.73945E-2 3.88004E-2 3.11281E-2 2.97491E-2 3.05224E-2 2.90698E-2 3.57974E-2 3.34588E-2 3.89645E-2 4.15727E-2 4.23136E-2 4.29068E-2 4.39895E-2 4.61268E-2 4.74241E-2 4.66398E-2 4.5897E-2 4.75553E-2
-9999 -9999 -9999 -9999 -9999 -9999 -9999 -9999 -9999 -9999 -9999 -9999 -9999 1.45588E-1 1.45457E-1 1.42527E-1 1.39699E-1 1.40341E-1 1.5362E-1 1.51094E-1 1.47841E-1 1.67829E-1 1.61063E-1 1.59675E-1 1.56473E-1 1.56899E-1 1.5545E-1 1.53654E-1 1.44732E-1 1.42922E-1 1.32711E-1 1.32509E-1 1.25778E-1 1.15178E-1 1.11119E-1 1.05806E-1 1.01691E-1 9.82208E-2 9.43364E-2 9.0222E-2 8.28538E-2 7.69879E-2 7.00751E-2 5.8738E-2 5.69913E-2 5.0203E-2 4.45809E-2 4.28834E-2 3.67475E-2 3.72E-2 4.64802E-2 3.83297E-2 3.26598E-2 3.00417E-2 3.12513E-2 3.32778E-2 3.07718E-2 3.32865E-2 2.83738E-2 3.175E-2 3.4776E-2 3.71276E-2 3.57941E-2 4.07385E-2 3.79787E-2 4.04173E-2 3.89887E-2 4.03119E-2 4.43827E-2 4.26757E-2 4.29193E-2 4.50614E-2
-9999 -9999 -9999 -9999 -9999 -9999 -9999 -9999 -9999 -9999 -9999 -9999 -9999 1.45594E-1 1.41731E-1 1.41254E-1 1.43206E-1 1.39529E-1 1.53222E-1 1.48838E-1 1.46591E-1 1.43305E-1 1.57008E-1 1.62321E-1 1.63299E-1 1.60964E-1 1.5794E-1 1.49164E-1 1.437E-1 1.41872E-1 1.35424E-1 1.34315E-1 1.25989E-1 1.16533E-1 1.13099E-1 1.10939E-1 1.02756E-1 9.89896E-2 9.41235E-2 8.73461E-2 7.94596E-2 7.29928E-2 6.68558E-2 5.82051E-2 5.73997E-2 6.01986E-2 5.41904E-2 4.38029E-2 3.95414E-2 3.98526E-2 4.3241E-2 3.30768E-2 3.30084E-2 3.24202E-2 3.00222E-2 3.08942E-2 2.90456E-2 3.08967E-2 2.86424E-2 3.19096E-2 3.59015E-2 3.55623E-2 3.5372E-2 3.79439E-2 3.67576E-2 3.82042E-2 3.80987E-2 3.8827E-2 4.23466E-2 4.07569E-2 3.94719E-2 3.8886E-2
-9999 -9999 -9999 -9999 -9999 -9999 -9999 -9999 -9999 -9999 -9999 -9999 -9999 1.45537E-1 1.4091E-1 1.41247E-1 1.39324E-1 1.39216E-1 1.5315E-1 1.48117E-1 1.46497E-1 1.43102E-1 1.61403E-1 1.59779E-1 1.61036E-1 1.60011E-1 1.55973E-1 1.54459E-1 1.45904E-1 1.43199E-1 1.32379E-1 1.27831E-1 1.24075E-1 1.14553E-1 1.13412E-1 1.04584E-1 1.04675E-1 9.64962E-2 9.16747E-2 8.51196E-2 7.37417E-2 6.99115E-2 6.77298E-2 6.81591E-2 6.20684E-2 5.75585E-2 5.17045E-2 4.14937E-2 4.54505E-2 4.75231E-2 4.2416E-2 3.37269E-2 3.34305E-2 3.01492E-2 2.75387E-2 2.66709E-2 2.3219E-2 2.85834E-2 2.73685E-2 3.13005E-2 3.31278E-2 3.51538E-2 3.37136E-2 3.56052E-2 3.48738E-2 3.6379E-2 3.53585E-2 3.4458E-2 3.81717E-2 3.80288E-2 3.79453E-2 3.75308E-2
-9999 -9999 -9999 -9999 -9999 -9999 -9999 -9999 -9999 -9999 -9999 -9999 -9999 1.45506E-1 1.44066E-1 1.41227E-1 1.38825E-1 1.39219E-1 1.53687E-1 1.4956E-1 1.45065E-1 1.4044E-1 1.61303E-1 1.59E-1 1.53718E-1 1.59955E-1 1.48413E-1 1.51581E-1 1.43544E-1 1.35589E-1 1.30816E-1 1.22652E-1 1.17821E-1 1.11665E-1 1.09368E-1 1.06783E-1 9.76802E-2 9.25665E-2 8.95527E-2 8.08372E-2 7.70365E-2 6.94322E-2 6.26603E-2 6.40172E-2 5.50823E-2 5.04371E-2 4.54668E-2 4.20224E-2 4.79765E-2 4.38004E-2 3.90524E-2 3.51613E-2 3.87293E-2 3.41726E-2 2.97577E-2 3.36324E-2 2.47717E-2 2.86322E-2 2.65775E-2 2.81012E-2 3.10979E-2 3.0904E-2 3.11417E-2 3.30391E-2 3.49459E-2 3.39467E-2 3.36975E-2 3.47344E-2 3.515E-2 3.55348E-2 3.43438E-2 3.48184E-2
-9999 -9999 -9999 -9999 -9999 -9999 -9999 -9999 -9999 -9999 -9999 -9999 -9999 1.30248E-1 1.43717E-1 1.39631E-1 1.37116E-1 1.33875E-1 1.32805E-1 1.47568E-1 1.43952E-1 1.42982E-1 1.61477E-1 1.56188E-1 1.53191E-1 1.57509E-1 1.52117E-1 1.51884E-1 1.39632E-1 1.33578E-1 1.224E-1 1.1993E-1 1.20405E-1 1.0872E-1 1.10712E-1 1.00101E-1 9.32443E-2 9.12183E-2 8.59231E-2 7.60923E-2 7.06956E-2 6.72019E-2 5.73094E-2 5.09535E-2 5.03837E-2 4.97498E-2 4.40553E-2 3.67723E-2 3.80813E-2 3.65714E-2 3.29201E-2 3.03396E-2 3.47674E-2 2.96604E-2 2.83774E-2 3.0984E-2 2.87647E-2 2.91077E-2 3.06354E-2 3.1572E-2 3.34819E-2 3.0929E-2 2.99893E-2 3.30749E-2 3.11328E-2 3.05527E-2 3.24384E-2 3.16084E-2 3.13893E-2 3.20445E-2 3.34884E-2 3.36364E-2
-9999 -9999 -9999 -9999 -9999 -9999 -9999 -9999 -9999 -9999 -9999 -9999 -9999 1.29654E-1 1.3855E-1 1.34845E-1 1.36393E-1 1.31283E-1 1.25619E-1 1.4491E-1 1.42413E-1 1.3846E-1 1.52895E-1 1.48575E-1 1.52044E-1 1.53395E-1 1.45748E-1 1.43594E-1 1.33129E-1 1.27568E-1 1.20131E-1 1.18817E-1 1.17294E-1 1.07423E-1 1.00718E-1 9.35454E-2 8.67874E-2 8.3498E-2 7.56944E-2 6.96503E-2 6.96558E-2 6.32486E-2 5.51073E-2 4.83765E-2 4.67398E-2 4.71691E-2 4.58902E-2 3.66402E-2 3.7558E-2 3.14191E-2 2.87028E-2 2.98312E-2 3.1299E-2 3.11564E-2 3.12491E-2 3.31848E-2 2.54868E-2 3.06522E-2 2.87173E-2 2.89188E-2 2.95165E-2 2.86087E-2 2.71037E-2 2.89999E-2 3.08624E-2 2.69698E-2 3.03265E-2 3.02328E-2 2.92273E-2 2.84479E-2 3.13672E-2 3.14876E-2
-9999 -9999 -9999 -9999 -9999 -9999 -9999 -9999 -9999 -9999 -9999 -9999 -9999 -9999 1.41736E-1 1.34628E-1 1.30875E-1 1.29903E-1 1.26618E-1 1.43699E-1 1.39858E-1 1.30786E-1 1.50178E-1 1.4652E-1 1.44766E-1 1.39821E-1 1.43151E-1 1.39056E-1 1.30828E-1 1.25292E-1 1.20043E-1 1.1321E-1 1.08691E-1 1.05013E-1 9.95151E-2 9.41487E-2 8.88607E-2 8.40577E-2 7.99269E-2 7.79646E-2 7.10866E-2 6.68137E-2 5.91729E-2 5.46003E-2 4.56759E-2 4.1217E-2 3.91188E-2 3.70777E-2 3.7569E-2 4.04137E-2 4.14303E-2 3.22139E-2 2.87499E-2 2.70824E-2 2.88266E-2 2.5526E-2 2.3266E-2 2.45135E-2 2.7236E-2 2.8269E-2 2.94116E-2 2.76476E-2 2.45904E-2 3.02825E-2 3.12245E-2 3.10856E-2 2.65994E-2 2.80695E-2 2.80221E-2 2.74982E-2 2.87796E-2 2.91332E-2
-9999 -9999 -9999 -9999 -9999 -9999 -9999 -9999 -9999 -9999 -9999 -9999 -9999 -9999 1.37295E-1 1.39431E-1 1.29519E-1 1.29395E-1 1.27258E-1 1.38718E-1 1.35344E-1 1.34953E-1 1.47123E-1 1.4433E-1 1.39379E-1 1.43521E-1 1.42658E-1 1.31957E-1 1.2324E-1 1.18961E-1 1.13232E-1 1.10613E-1 1.06214E-1 9.88337E-2 9.71792E-2 9.23193E-2 8.76038E-2 7.78266E-2 7.79631E-2 7.31741E-2 6.92646E-2 6.71595E-2 6.22845E-2 6.02736E-2 5.73147E-2 5.35833E-2 4.56987E-2 4.56863E-2 4.63248E-2 4.34207E-2 3.83219E-2 3.662E-2 3.4549E-2 2.58254E-2 2.46384E-2 2.22891E-2 2.3131E-2 2.66358E-2 2.27135E-2 2.40747E-2 2.69554E-2 2.59231E-2 2.51748E-2 2.65161E-2 2.70804E-2 2.36455E-2 2.2474E-2 2.54201E-2 2.54737E-2 2.54737E-2 2.59946E-2 2.69139E-2
