Artocarpus altilis SDM files/MIS19/results (with bias file)/Artalt_median.asc
ncols         1201
nrows         481
xllcorner     119.99986351115
yllcorner     -15.00013828885
cellsize      0.041666667
NODATA_value  -9999
[rows 416 to 447 of 481, columns 216 to 287 of 1201]
-9999 -9999 -9999 -9999 -9999 -9999 -9999 -9999 -9999 -9999 -9999 -9999 -9999 -9999 -9999 -9999 -9999 -9999 -9999 -9999 -9999 -9999 -9999 -9999 -9999 -9999 -9999 -9999 -9999 -9999 -9999 -9999 -9999 -9999 -9999 -9999 -9999 -9999 -9999 -9999 -9999 -9999 -9999 -9999 -9999 8.62197E-2 -9999 -9999 8.11507E-2 7.55754E-2 8.20984E-2 7.47319E-2 5.96994E-2 5.62618E-2 5.51051E-2 4.83848E-2 4.80917E-2 4.65215E-2 4.61242E-2 4.45772E-2 4.5793E-2 4.23163E-2 4.33628E-2 4.27792E-2 4.27262E-2 4.20977E-2 4.16833E-2 4.14726E-2 4.45886E-2 4.24663E-2 4.15867E-2 3.9501E-2
-9999 -9999 -9999 -9999 -9999 -9999 -9999 -9999 -9999 -9999 -9999 -9999 -9999 -9999 -9999 -9999 -9999 -9999 -9999 -9999 -9999 -9999 -9999 -9999 -9999 -9999 -9999 -9999 -9999 -9999 -9999 -9999 -9999 -9999 -9999 -9999 -9999 -9999 -9999 -9999 -9999 -9999 -9999 -9999 8.55065E-2 8.27791E-2 8.09496E-2 7.56987E-2 6.98731E-2 7.27714E-2 6.92193E-2 7.47866E-2 6.83325E-2 5.35664E-2 4.64717E-2 4.64927E-2 4.41736E-2 4.25784E-2 4.07303E-2 4.13742E-2 3.90258E-2 3.88543E-2 3.75446E-2 3.73116E-2 3.78687E-2 3.77024E-2 3.74446E-2 3.6926E-2 3.94158E-2 3.9477E-2 3.38046E-2 3.21046E-2
-9999 -9999 -9999 -9999 -9999 -9999 -9999 -9999 -9999 -9999 -9999 -9999 -9999 -9999 -9999 -9999 -9999 -9999 -9999 -9999 -9999 -9999 -9999 -9999 -9999 -9999 -9999 -9999 -9999 -9999 -9999 -9999 -9999 -9999 -9999 -9999 -9999 1.27635E-1 1.23054E-1 1.3366E-1 1.03891E-1 -9999 -9999 9.17425E-2 8.6908E-2 9.69235E-2 7.83885E-2 7.06232E-2 6.71771E-2 6.73061E-2 6.4763E-2 6.11374E-2 6.40552E-2 4.96102E-2 4.41019E-2 4.34764E-2 4.16957E-2 3.89257E-2 3.87331E-2 4.31549E-2 3.66121E-2 3.52747E-2 3.46062E-2 3.3914E-2 3.56114E-2 3.49163E-2 3.42866E-2 3.67914E-2 3.62783E-2 3.49806E-2 2.92921E-2 3.05126E-2
-9999 -9999 -9999 -9999 -9999 -9999 -9999 -9999 -9999 -9999 -9999 -9999 -9999 -9999 -9999 -9999 -9999 -9999 -9999 -9999 -9999 -9999 -9999 -9999 -9999 -9999 -9999 -9999 -9999 -9999 -9999 -9999 -9999 -9999 1.45511E-1 -9999 -9999 1.26451E-1 1.23128E-1 1.36111E-1 1.24139E-1 1.15193E-1 8.79274E-2 9.00889E-2 8.52033E-2 9.68602E-2 8.87569E-2 8.02147E-2 7.47254E-2 6.19399E-2 5.8927E-2 5.71574E-2 5.18789E-2 4.37195E-2 4.14095E-2 4.0054E-2 3.70987E-2 3.55467E-2 3.50149E-2 3.52297E-2 3.25265E-2 3.263E-2 3.10844E-2 3.0445E-2 2.98713E-2 2.92921E-2 2.99138E-2 3.18671E-2 3.11674E-2 3.22766E-2 3.12656E-2 3.12081E-2
-9999 -9999 -9999 -9999 -9999 -9999 -9999 -9999 -9999 -9999 -9999 -9999 -9999 -9999 -9999 -9999 -9999 -9999 -9999 -9999 -9999 -9999 -9999 -9999 -9999 -9999 -9999 -9999 -9999 -9999 -9999 -9999 -9999 -9999 1.50605E-1 -9999 -9999 1.26776E-1 1.14418E-1 1.10489E-1 1.04931E-1 1.1417E-1 8.70393E-2 7.25897E-2 8.41132E-2 6.62621E-2 6.37015E-2 8.18276E-2 7.37644E-2 5.75637E-2 5.87815E-2 5.92711E-2 4.85855E-2 3.91854E-2 3.67448E-2 3.7353E-2 3.6523E-2 3.51753E-2 3.38077E-2 3.32421E-2 3.47472E-2 2.96909E-2 2.85679E-2 2.82291E-2 2.86831E-2 2.7186E-2 2.74293E-2 2.95792E-2 2.86885E-2 2.73975E-2 2.64322E-2 2.65449E-2
-9999 -9999 -9999 -9999 -9999 -9999 -9999 -9999 -9999 -9999 -9999 -9999 -9999 -9999 -9999 -9999 -9999 -9999 -9999 -9999 -9999 -9999 -9999 -9999 -9999 -9999 -9999 -9999 -9999 -9999 -9999 -9999 -9999 1.48816E-1 1.40753E-1 -9999 -9999 1.21199E-1 1.40003E-1 1.3068E-1 1.20399E-1 8.90246E-2 8.50458E-2 6.8276E-2 6.56637E-2 5.95214E-2 5.87934E-2 6.97799E-2 6.43722E-2 6.43144E-2 5.40113E-2 5.62692E-2 4.44176E-2 3.8474E-2 3.61208E-2 3.43298E-2 3.36596E-2 3.3231E-2 3.1772E-2 3.08314E-2 3.27783E-2 3.03115E-2 2.57041E-2 2.51349E-2 2.46583E-2 2.53201E-2 2.71974E-2 2.56675E-2 2.64952E-2 2.82378E-2 2.30191E-2 2.3488E-2
-9999 -9999 -9999 -9999 -9999 -9999 -9999 -9999 -9999 -9999 -9999 -9999 -9999 -9999 -9999 -9999 -9999 -9999 -9999 -9999 -9999 -9999 -9999 -9999 -9999 -9999 -9999 -9999 -9999 -9999 -9999 -9999 -9999 1.48898E-1 1.42956E-1 1.29946E-1 1.26199E-1 1.21069E-1 1.39303E-1 1.23729E-1 1.11266E-1 8.79112E-2 6.62009E-2 6.46704E-2 6.16004E-2 5.85596E-2 5.74257E-2 5.39171E-2 5.98477E-2 6.34272E-2 5.61718E-2 5.48315E-2 4.4266E-2 3.44244E-2 3.41164E-2 3.20479E-2 3.12085E-2 2.64904E-2 2.56148E-2 2.7724E-2 3.04704E-2 2.6783E-2 2.20696E-2 2.42023E-2 2.38198E-2 2.31642E-2 2.21527E-2 2.31801E-2 2.3344E-2 2.49114E-2 2.11776E-2 2.07676E-2
-9999 -9999 -9999 -9999 -9999 -9999 -9999 -9999 -9999 -9999 -9999 -9999 -9999 -9999 -9999 -9999 -9999 -9999 -9999 -9999 -9999 -9999 -9999 -9999 -9999 -9999 -9999 -9999 -9999 -9999 -9999 -9999 1.55916E-1 1.51318E-1 1.39076E-1 1.27617E-1 1.24811E-1 1.17583E-1 1.10794E-1 1.2325E-1 1.1226E-1 8.30872E-2 6.43987E-2 7.69522E-2 5.79542E-2 5.49029E-2 5.40008E-2 5.22295E-2 5.47881E-2 5.46776E-2 5.64764E-2 4.8288E-2 4.7956E-2 3.6859E-2 3.14267E-2 2.85343E-2 2.54412E-2 2.5227E-2 2.76738E-2 2.88956E-2 2.78267E-2 2.49125E-2 2.10978E-2 2.04035E-2 2.00763E-2 1.97416E-2 2.19325E-2 2.22223E-2 2.05901E-2 1.97522E-2 1.92876E-2 1.85548E-2
-9999 -9999 -9999 -9999 -9999 -9999 -9999 -9999 -9999 -9999 -9999 -9999 -9999 -9999 -9999 -9999 -9999 -9999 -9999 -9999 -9999 -9999 -9999 -9999 -9999 -9999 -9999 -9999 -9999 -9999 -9999 -9999 1.5965E-1 1.49395E-1 1.3945E-1 1.27921E-1 1.19361E-1 1.143E-1 1.0533E-1 1.01229E-1 1.11597E-1 9.74248E-2 8.02043E-2 7.39057E-2 5.65994E-2 5.47476E-2 5.06358E-2 5.09787E-2 5.41681E-2 5.06005E-2 4.8863E-2 5.2274E-2 3.73864E-2 3.07419E-2 2.97463E-2 2.46195E-2 2.38389E-2 2.20049E-2 2.11256E-2 2.46918E-2 2.50291E-2 2.28662E-2 1.93779E-2 1.72649E-2 1.84178E-2 1.89571E-2 2.09042E-2 1.93631E-2 2.06388E-2 1.99981E-2 1.91221E-2 1.86964E-2
-9999 -9999 -9999 -9999 -9999 -9999 -9999 -9999 -9999 -9999 -9999 -9999 -9999 -9999 -9999 -9999 -9999 -9999 -9999 -9999 -9999 -9999 -9999 -9999 -9999 -9999 -9999 -9999 -9999 -9999 -9999 -9999 1.6617E-1 1.45534E-1 1.65885E-1 1.20666E-1 1.15485E-1 8.76861E-2 8.36044E-2 8.07E-2 9.01102E-2 8.61193E-2 7.84162E-2 8.12232E-2 6.58262E-2 5.18709E-2 4.89502E-2 4.72616E-2 4.54924E-2 4.99436E-2 5.03234E-2 4.48826E-2 3.55661E-2 2.87187E-2 2.47285E-2 2.25431E-2 2.18545E-2 2.42851E-2 2.20844E-2 2.28166E-2 2.31666E-2 2.07412E-2 1.78171E-2 1.50308E-2 1.67926E-2 1.70017E-2 1.82425E-2 1.965E-2 1.86758E-2 2.04201E-2 2.00235E-2 1.61928E-2
-9999 -9999 -9999 -9999 -9999 -9999 -9999 -9999 -9999 -9999 -9999 -9999 -9999 -9999 -9999 -9999 -9999 -9999 -9999 -9999 -9999 -9999 -9999 -9999 -9999 -9999 -9999 -9999 -9999 -9999 -9999 -9999 1.58394E-1 1.44082E-1 1.70571E-1 1.47085E-1 1.10953E-1 1.00359E-1 7.77415E-2 7.43286E-2 7.05485E-2 6.96668E-2 7.85913E-2 7.08158E-2 6.25662E-2 5.77397E-2 4.66735E-2 4.56892E-2 4.19952E-2 4.73889E-2 4.69568E-2 4.11643E-2 2.92359E-2 2.73424E-2 2.30468E-2 2.22577E-2 2.07566E-2 2.21665E-2 2.09236E-2 2.02106E-2 1.83239E-2 1.63185E-2 1.45868E-2 1.43408E-2 1.54334E-2 1.53282E-2 1.73787E-2 1.85293E-2 1.91776E-2 1.86631E-2 1.48077E-2 1.23719E-2
-9999 -9999 -9999 -9999 -9999 -9999 -9999 -9999 -9999 -9999 -9999 -9999 -9999 -9999 -9999 -9999 -9999 -9999 -9999 -9999 -9999 -9999 -9999 -9999 -9999 -9999 -9999 -9999 -9999 -9999 -9999 -9999 1.52643E-1 1.47106E-1 1.65385E-1 1.46613E-1 1.09558E-1 9.88832E-2 9.41149E-2 9.14323E-2 8.46583E-2 7.96418E-2 7.39307E-2 6.90789E-2 7.07881E-2 5.59553E-2 4.53224E-2 4.14593E-2 4.60524E-2 4.20487E-2 4.27373E-2 3.43232E-2 3.22207E-2 2.21247E-2 2.09165E-2 2.11836E-2 1.86564E-2 1.83653E-2 2.00852E-2 1.96884E-2 1.69297E-2 1.57309E-2 1.30458E-2 1.29253E-2 1.27945E-2 1.38819E-2 1.53715E-2 1.64484E-2 1.55518E-2 1.26491E-2 1.18796E-2 1.20763E-2
-9999 -9999 -9999 -9999 -9999 -9999 -9999 -9999 -9999 -9999 -9999 -9999 -9999 -9999 -9999 -9999 -9999 -9999 -9999 -9999 -9999 -9999 -9999 -9999 -9999 -9999 -9999 -9999 -9999 -9999 -9999 -9999 1.52115E-1 1.4019E-1 1.57416E-1 1.42038E-1 1.09147E-1 9.69792E-2 9.04029E-2 8.94142E-2 8.19842E-2 8.8676E-2 7.90924E-2 7.36734E-2 6.66661E-2 5.48984E-2 5.08512E-2 5.48908E-2 5.57947E-2 5.13078E-2 4.55203E-2 3.23125E-2 2.60159E-2 2.1339E-2 2.09545E-2 1.92968E-2 1.75039E-2 1.72676E-2 2.15569E-2 1.86999E-2 1.73559E-2 1.44616E-2 1.16085E-2 1.17406E-2 1.34011E-2 1.61994E-2 1.36452E-2 1.50701E-2 1.4375E-2 1.28781E-2 1.12912E-2 1.18295E-2
-9999 -9999 -9999 -9999 -9999 -9999 -9999 -9999 -9999 -9999 -9999 -9999 -9999 -9999 -9999 -9999 -9999 -9999 -9999 -9999 -9999 -9999 -9999 -9999 -9999 -9999 -9999 -9999 -9999 -9999 -9999 -9999 1.52525E-1 1.37565E-1 1.24548E-1 1.1574E-1 8.65139E-2 1.00637E-1 7.67918E-2 6.85008E-2 6.62808E-2 8.38694E-2 7.80281E-2 8.23324E-2 6.64596E-2 5.25452E-2 5.72653E-2 5.10406E-2 4.93222E-2 4.82277E-2 3.74167E-2 3.00612E-2 2.42361E-2 2.01778E-2 2.1854E-2 2.01336E-2 1.83663E-2 1.87189E-2 2.03501E-2 2.01819E-2 1.62748E-2 1.51621E-2 1.44945E-2 1.10251E-2 1.23368E-2 1.18247E-2 1.28973E-2 1.45798E-2 1.41558E-2 1.21134E-2 1.1327E-2 9.6223E-3
-9999 -9999 -9999 -9999 -9999 -9999 -9999 -9999 -9999 -9999 -9999 -9999 -9999 -9999 -9999 -9999 -9999 -9999 -9999 -9999 -9999 -9999 -9999 -9999 -9999 -9999 -9999 -9999 2.04153E-1 -9999 -9999 1.55371E-1 1.43668E-1 1.30317E-1 9.84555E-2 9.43647E-2 8.70066E-2 7.98967E-2 7.23809E-2 7.18823E-2 7.60123E-2 7.19673E-2 6.84695E-2 7.13666E-2 7.36762E-2 6.06896E-2 5.30176E-2 4.92217E-2 4.54512E-2 4.13105E-2 3.64532E-2 3.25336E-2 2.17274E-2 1.96492E-2 1.99266E-2 1.86357E-2 1.7227E-2 1.61409E-2 1.57501E-2 1.98479E-2 1.68636E-2 1.63816E-2 1.45087E-2 9.30473E-3 1.10011E-2 1.26684E-2 1.14137E-2 1.13005E-2 1.32009E-2 1.08051E-2 8.96898E-3 9.01003E-3
-9999 -9999 -9999 -9999 -9999 -9999 -9999 -9999 -9999 -9999 -9999 -9999 -9999 -9999 -9999 -9999 -9999 -9999 -9999 -9999 -9999 -9999 -9999 -9999 -9999 -9999 -9999 2.64534E-1 2.3518E-1 1.82638E-1 1.66236E-1 1.55107E-1 1.21201E-1 1.08852E-1 9.7538E-2 9.03833E-2 8.49173E-2 7.50569E-2 7.37461E-2 6.86044E-2 7.64773E-2 6.75175E-2 6.62874E-2 5.91833E-2 6.15361E-2 5.70346E-2 5.29971E-2 5.40356E-2 4.88776E-2 4.61565E-2 4.60179E-2 3.92102E-2 2.44545E-2 1.74001E-2 1.63627E-2 1.64726E-2 1.63314E-2 1.59818E-2 1.71893E-2 1.79311E-2 1.38119E-2 1.52456E-2 1.18589E-2 9.78347E-3 9.56654E-3 9.83518E-3 9.49178E-3 1.22327E-2 1.22928E-2 9.86644E-3 9.64805E-3 8.17203E-3
-9999 -9999 -9999 -9999 -9999 -9999 -9999 -9999 -9999 -9999 -9999 -9999 -9999 -9999 -9999 -9999 -9999 -9999 -9999 -9999 -9999 -9999 -9999 -9999 -9999 -9999 -9999 2.63171E-1 2.34211E-1 1.83031E-1 1.67108E-1 1.5261E-1 1.19083E-1 1.07347E-1 9.46235E-2 8.69104E-2 8.21515E-2 7.73589E-2 7.12954E-2 6.54093E-2 7.41302E-2 7.44136E-2 6.14229E-2 5.92768E-2 6.02032E-2 5.53162E-2 5.15892E-2 5.4585E-2 4.83788E-2 4.84291E-2 3.78692E-2 3.3324E-2 2.33366E-2 1.8373E-2 1.55177E-2 1.51745E-2 1.34829E-2 1.44286E-2 1.3312E-2 1.43807E-2 1.53547E-2 1.17711E-2 1.11081E-2 9.14406E-3 8.10741E-3 8.94524E-3 8.77739E-3 1.01322E-2 1.16597E-2 9.38047E-3 8.84192E-3 7.47608E-3
-9999 -9999 -9999 -9999 -9999 -9999 -9999 -9999 -9999 -9999 -9999 -9999 -9999 -9999 -9999 -9999 -9999 -9999 -9999 -9999 -9999 -9999 -9999 -9999 -9999 -9999 -9999 2.21113E-1 2.41501E-1 2.1616E-1 1.66755E-1 1.50734E-1 1.39013E-1 1.03934E-1 9.19094E-2 8.66617E-2 8.11003E-2 9.05878E-2 8.53579E-2 7.91139E-2 9.61903E-2 7.41247E-2 6.11704E-2 5.83787E-2 6.73091E-2 6.04053E-2 5.59248E-2 5.26694E-2 5.15694E-2 4.41616E-2 3.54738E-2 2.4457E-2 2.16982E-2 1.62655E-2 1.63205E-2 1.37007E-2 1.38652E-2 1.29707E-2 1.2463E-2 1.14703E-2 1.24563E-2 1.12468E-2 1.04222E-2 7.7605E-3 7.64828E-3 8.65198E-3 8.61781E-3 8.34777E-3 8.64169E-3 8.92554E-3 8.62304E-3 7.93947E-3
-9999 -9999 -9999 -9999 -9999 -9999 -9999 -9999 -9999 -9999 -9999 -9999 -9999 -9999 -9999 -9999 -9999 -9999 -9999 -9999 -9999 -9999 -9999 -9999 -9999 -9999 2.44745E-1 2.59971E-1 2.33874E-1 2.06979E-1 1.65105E-1 1.49484E-1 1.11004E-1 1.48679E-1 9.33271E-2 1.08272E-1 7.91305E-2 9.26722E-2 8.46464E-2 9.32612E-2 1.22353E-1 1.04842E-1 6.81696E-2 6.22846E-2 6.67432E-2 6.69762E-2 5.19172E-2 5.1461E-2 5.59737E-2 4.88212E-2 3.38301E-2 2.31236E-2 1.84439E-2 1.67183E-2 1.5843E-2 1.44186E-2 1.34074E-2 1.2277E-2 1.141E-2 1.09018E-2 1.16431E-2 9.47741E-3 8.61527E-3 8.17604E-3 6.54688E-3 8.08099E-3 7.89325E-3 7.44787E-3 8.40249E-3 8.76673E-3 9.1175E-3 7.449E-3
-9999 -9999 -9999 -9999 -9999 -9999 -9999 -9999 -9999 -9999 -9999 -9999 -9999 -9999 -9999 -9999 -9999 -9999 -9999 -9999 -9999 -9999 -9999 -9999 2.83496E-1 -9999 2.43799E-1 2.529E-1 2.69714E-1 1.76704E-1 1.59419E-1 1.49108E-1 1.42217E-1 1.75664E-1 1.12764E-1 1.04208E-1 9.2328E-2 8.80087E-2 8.52577E-2 9.23466E-2 1.9285E-1 2.39452E-1 1.20834E-1 8.44765E-2 6.2008E-2 6.82358E-2 5.14204E-2 4.71891E-2 5.68657E-2 4.65272E-2 3.15386E-2 2.22558E-2 1.87369E-2 1.67257E-2 1.54452E-2 1.41547E-2 1.23671E-2 1.23555E-2 1.28388E-2 1.07866E-2 1.12335E-2 8.58721E-3 8.28798E-3 6.86896E-3 7.41332E-3 7.3913E-3 7.20379E-3 6.85033E-3 7.67522E-3 8.51039E-3 7.34572E-3 6.9788E-3
-9999 -9999 -9999 -9999 -9999 -9999 -9999 -9999 -9999 -9999 -9999 -9999 -9999 -9999 -9999 -9999 -9999 -9999 -9999 -9999 -9999 -9999 -9999 -9999 2.76485E-1 3.11753E-1 2.36265E-1 2.50391E-1 2.3364E-1 1.75483E-1 1.59093E-1 1.4788E-1 1.08303E-1 1.01626E-1 1.14283E-1 1.0136E-1 7.60032E-2 7.13604E-2 6.97712E-2 7.97335E-2 1.64227E-1 2.95933E-1 2.9134E-1 1.85212E-1 7.43173E-2 6.81129E-2 5.50096E-2 4.97562E-2 5.23823E-2 3.93105E-2 2.74402E-2 2.12767E-2 1.73109E-2 1.60812E-2 1.45778E-2 1.32047E-2 1.21083E-2 1.13294E-2 1.05371E-2 1.19313E-2 1.17431E-2 8.54031E-3 8.34687E-3 7.93167E-3 7.47367E-3 7.2569E-3 6.64057E-3 6.32061E-3 7.08133E-3 6.64752E-3 6.6384E-3 6.93198E-3
-9999 -9999 -9999 -9999 -9999 -9999 -9999 -9999 -9999 -9999 -9999 -9999 -9999 -9999 -9999 -9999 -9999 -9999 -9999 -9999 -9999 -9999 -9999 -9999 2.7807E-1 2.61257E-1 2.28096E-1 2.09464E-1 1.91913E-1 1.6897E-1 1.5839E-1 1.15887E-1 1.04817E-1 9.62602E-2 8.93722E-2 8.25279E-2 7.48181E-2 6.94868E-2 6.64772E-2 6.17394E-2 9.77316E-2 2.20757E-1 2.96237E-1 2.57406E-1 1.68915E-1 6.30946E-2 6.04407E-2 5.4012E-2 4.31306E-2 3.34144E-2 2.94467E-2 1.97726E-2 1.73685E-2 1.55258E-2 1.59506E-2 1.32813E-2 1.33983E-2 1.1906E-2 9.85973E-3 1.08239E-2 1.04687E-2 9.69219E-3 8.83254E-3 8.52681E-3 6.94424E-3 6.90306E-3 9.0684E-3 8.02098E-3 7.64497E-3 7.44597E-3 8.05025E-3 7.4925E-3
-9999 -9999 -9999 -9999 -9999 -9999 -9999 -9999 -9999 -9999 -9999 -9999 -9999 -9999 -9999 -9999 -9999 -9999 -9999 -9999 -9999 -9999 -9999 -9999 -9999 2.38841E-1 2.27905E-1 -9999 1.87673E-1 1.72318E-1 1.51445E-1 1.41402E-1 1.05091E-1 9.27466E-2 8.8306E-2 8.08251E-2 7.64857E-2 8.18179E-2 6.26062E-2 6.02452E-2 6.89453E-2 1.12165E-1 2.25393E-1 2.2156E-1 9.4282E-2 7.13462E-2 6.35639E-2 5.13918E-2 4.1949E-2 3.21307E-2 2.41166E-2 1.90664E-2 1.79588E-2 1.69766E-2 1.54593E-2 1.23907E-2 1.53969E-2 1.1577E-2 1.14E-2 1.06007E-2 9.89644E-3 1.02913E-2 9.72429E-3 7.86124E-3 7.01509E-3 1.06663E-2 1.26347E-2 7.40621E-3 7.16767E-3 5.87685E-3 6.62381E-3 6.03545E-3
-9999 -9999 -9999 -9999 -9999 -9999 -9999 -9999 -9999 -9999 -9999 -9999 -9999 -9999 -9999 -9999 -9999 -9999 -9999 -9999 -9999 -9999 -9999 -9999 -9999 -9999 -9999 -9999 -9999 1.66699E-1 1.47204E-1 1.10988E-1 1.05209E-1 9.18609E-2 9.09069E-2 8.07591E-2 9.02155E-2 9.64814E-2 7.41314E-2 5.54929E-2 5.25483E-2 6.20297E-2 8.11861E-2 9.43321E-2 7.34902E-2 1.05737E-1 7.63004E-2 4.91972E-2 3.94725E-2 3.2153E-2 2.77374E-2 2.26655E-2 1.80597E-2 1.86631E-2 1.52611E-2 1.4522E-2 1.79489E-2 1.28087E-2 1.27543E-2 1.23482E-2 1.08289E-2 1.02324E-2 9.54785E-3 7.14458E-3 7.28384E-3 9.81658E-3 8.99198E-3 8.23812E-3 9.45984E-3 6.3023E-3 6.34679E-3 6.22665E-3
-9999 -9999 -9999 -9999 -9999 -9999 -9999 -9999 -9999 -9999 -9999 -9999 -9999 -9999 -9999 -9999 -9999 -9999 -9999 -9999 -9999 -9999 -9999 -9999 -9999 -9999 -9999 -9999 -9999 1.23252E-1 1.18931E-1 1.08458E-1 1.03738E-1 9.53771E-2 8.73084E-2 8.03445E-2 8.88182E-2 8.2769E-2 8.39296E-2 7.48188E-2 5.89853E-2 5.60284E-2 5.54773E-2 9.35709E-2 8.29957E-2 1.01746E-1 7.40846E-2 5.64726E-2 3.89719E-2 3.89138E-2 4.30733E-2 2.1492E-2 1.97597E-2 1.5286E-2 1.5434E-2 1.47839E-2 1.51133E-2 1.62166E-2 1.40462E-2 1.3171E-2 1.24021E-2 9.73043E-3 9.04842E-3 6.59146E-3 7.33187E-3 7.10152E-3 1.11281E-2 1.16764E-2 1.06353E-2 6.85793E-3 6.31781E-3 6.86638E-3
-9999 -9999 -9999 -9999 -9999 -9999 -9999 -9999 -9999 -9999 -9999 -9999 -9999 -9999 -9999 -9999 -9999 -9999 -9999 -9999 -9999 -9999 -9999 -9999 -9999 -9999 -9999 -9999 1.36944E-1 1.30632E-1 1.16608E-1 1.08976E-1 9.82405E-2 9.11824E-2 1.03641E-1 9.45376E-2 1.05016E-1 9.26021E-2 8.17696E-2 8.44289E-2 6.39855E-2 5.76974E-2 5.19661E-2 8.4333E-2 9.57069E-2 1.00961E-1 5.90394E-2 4.05322E-2 3.86781E-2 4.26059E-2 1.12701E-1 2.6363E-2 2.23819E-2 1.74906E-2 1.65462E-2 1.53841E-2 1.4339E-2 1.62065E-2 1.63405E-2 1.57079E-2 1.3255E-2 8.54836E-3 9.91133E-3 8.31075E-3 6.56037E-3 7.24267E-3 9.25883E-3 1.38633E-2 9.98257E-3 4.83894E-3 5.22346E-3 5.49922E-3
-9999 -9999 -9999 -9999 -9999 -9999 -9999 -9999 -9999 -9999 -9999 -9999 -9999 -9999 -9999 -9999 -9999 -9999 -9999 -9999 -9999 -9999 -9999 -9999 -9999 -9999 -9999 -9999 2.06754E-1 1.53245E-1 1.14898E-1 1.0822E-1 9.69251E-2 9.01831E-2 8.62746E-2 7.93103E-2 8.66771E-2 8.83621E-2 9.34547E-2 8.32172E-2 7.02623E-2 5.63538E-2 5.53065E-2 1.29419E-1 1.63371E-1 1.19282E-1 6.82502E-2 4.5946E-2 5.26695E-2 3.55958E-2 1.20623E-1 6.88709E-2 2.13823E-2 1.9739E-2 1.81544E-2 1.51266E-2 1.45343E-2 1.59361E-2 1.68519E-2 1.78161E-2 1.18296E-2 9.78007E-3 9.92654E-3 9.31942E-3 7.66566E-3 7.43373E-3 8.80001E-3 1.38182E-2 1.16619E-2 5.89652E-3 5.23014E-3 5.25617E-3
-9999 -9999 -9999 -9999 -9999 -9999 -9999 -9999 -9999 -9999 -9999 -9999 -9999 -9999 -9999 -9999 -9999 -9999 -9999 -9999 -9999 3.82635E-1 -9999 -9999 -9999 -9999 2.11744E-1 1.83676E-1 2.06266E-1 1.49157E-1 1.08063E-1 1.04832E-1 9.75684E-2 8.7365E-2 8.39775E-2 7.51195E-2 8.16006E-2 8.61756E-2 6.94424E-2 6.90187E-2 6.41572E-2 5.64012E-2 5.22809E-2 9.03811E-2 1.35183E-1 1.38469E-1 5.76873E-2 4.35201E-2 5.09189E-2 4.55851E-2 8.70716E-2 1.048E-1 4.08288E-2 3.70861E-2 2.33419E-2 1.64386E-2 1.62506E-2 1.74158E-2 1.88481E-2 1.62837E-2 9.49173E-3 1.0128E-2 1.18336E-2 1.13117E-2 9.70922E-3 6.37119E-3 8.50702E-3 1.3401E-2 7.73075E-3 5.89464E-3 7.36216E-3 5.81674E-3
-9999 -9999 -9999 -9999 -9999 -9999 -9999 -9999 -9999 -9999 -9999 -9999 -9999 -9999 -9999 -9999 -9999 -9999 -9999 4.31367E-1 4.05281E-1 3.75043E-1 -9999 -9999 -9999 2.18202E-1 2.03075E-1 2.21707E-1 1.95611E-1 1.44228E-1 1.10943E-1 1.01966E-1 9.57256E-2 8.90165E-2 7.68237E-2 7.13745E-2 6.59885E-2 7.39607E-2 6.5957E-2 5.60272E-2 5.19961E-2 5.0401E-2 5.1131E-2 4.78986E-2 9.33479E-2 9.09152E-2 5.68536E-2 5.27841E-2 6.2756E-2 5.48742E-2 5.42732E-2 7.20741E-2 6.91976E-2 8.35018E-2 2.64589E-2 1.55566E-2 1.47844E-2 1.40725E-2 1.53742E-2 1.39486E-2 1.24449E-2 1.24224E-2 1.42227E-2 1.03297E-2 9.48864E-3 7.62704E-3 8.32387E-3 1.28867E-2 9.67079E-3 7.6961E-3 8.79258E-3 6.41591E-3
-9999 -9999 -9999 -9999 -9999 -9999 -9999 -9999 -9999 -9999 -9999 -9999 -9999 -9999 -9999 -9999 -9999 -9999 -9999 4.36857E-1 3.9746E-1 3.72358E-1 3.28847E-1 2.66671E-1 2.33818E-1 2.09354E-1 1.94575E-1 2.17349E-1 2.27175E-1 1.39747E-1 1.3304E-1 1.157E-1 8.60591E-2 8.49919E-2 7.49141E-2 7.13043E-2 6.5824E-2 5.78952E-2 7.16942E-2 5.44372E-2 4.65122E-2 4.80395E-2 4.85934E-2 5.02163E-2 6.07446E-2 6.35961E-2 4.64415E-2 5.28579E-2 5.86366E-2 6.40662E-2 6.04643E-2 7.06559E-2 2.82439E-2 4.86618E-2 4.0758E-2 2.05895E-2 1.957E-2 1.90329E-2 2.71997E-2 2.51327E-2 1.55819E-2 1.80833E-2 1.62018E-2 1.23605E-2 1.15204E-2 8.31628E-3 8.95145E-3 1.6968E-2 1.95825E-2 1.32289E-2 8.01157E-3 7.4867E-3
-9999 -9999 -9999 -9999 -9999 -9999 -9999 -9999 -9999 -9999 -9999 -9999 -9999 -9999 -9999 -9999 -9999 -9999 -9999 4.21644E-1 4.0219E-1 4.67876E-1 3.12001E-1 2.33305E-1 2.18142E-1 2.0726E-1 1.91016E-1 1.74416E-1 2.25043E-1 1.70344E-1 1.23489E-1 9.32809E-2 8.50421E-2 7.97999E-2 7.32051E-2 6.68786E-2 6.02922E-2 5.67461E-2 5.1E-2 4.69289E-2 4.30284E-2 4.72396E-2 4.8701E-2 6.0101E-2 5.4567E-2 4.62064E-2 4.62076E-2 4.8548E-2 3.6675E-2 4.01952E-2 3.82303E-2 6.48558E-2 2.15741E-2 2.41504E-2 4.24559E-2 2.267E-2 2.25144E-2 1.77816E-2 2.65421E-2 4.06136E-2 3.05872E-2 3.83855E-2 2.72864E-2 3.15479E-2 1.65047E-2 1.10816E-2 1.61683E-2 1.61901E-2 2.60523E-2 2.4089E-2 2.17577E-2 1.16929E-2
-9999 -9999 -9999 -9999 -9999 -9999 -9999 -9999 -9999 -9999 -9999 -9999 -9999 -9999 -9999 -9999 -9999 -9999 -9999 4.23674E-1 4.56656E-1 4.65685E-1 3.49862E-1 2.72233E-1 2.16182E-1 2.04191E-1 1.78539E-1 1.65341E-1 1.89104E-1 2.02591E-1 1.50182E-1 1.07893E-1 8.31164E-2 7.68717E-2 7.1207E-2 6.4395E-2 6.02903E-2 5.34543E-2 4.13322E-2 3.76654E-2 4.2848E-2 4.40519E-2 6.0252E-2 6.62669E-2 4.44967E-2 4.84451E-2 4.28508E-2 3.76863E-2 2.90772E-2 2.43362E-2 2.56647E-2 2.08418E-2 1.63224E-2 1.95915E-2 2.65693E-2 1.72885E-2 1.23868E-2 1.14104E-2 1.59763E-2 5.67806E-2 5.58747E-2 4.70049E-2 4.7704E-2 4.43376E-2 1.98601E-2 1.12311E-2 1.98388E-2 1.19074E-2 3.72621E-2 2.67106E-2 2.00228E-2 8.98903E-3
