Artocarpus altilis SDM files/MIS19/results (with bias file)/Artalt_max.asc
ncols         1201
nrows         481
xllcorner     119.99986351115
yllcorner     -15.00013828885
cellsize      0.041666667
NODATA_value  -9999
[rows 416 to 447 of 481, columns 216 to 287 of 1201]
-9999 -9999 -9999 -9999 -9999 -9999 -9999 -9999 -9999 -9999 -9999 -9999 -9999 -9999 -9999 -9999 -9999 -9999 -9999 -9999 -9999 -9999 -9999 -9999 -9999 -9999 -9999 -9999 -9999 -9999 -9999 -9999 -9999 -9999 -9999 -9999 -9999 -9999 -9999 -9999 -9999 -9999 -9999 -9999 -9999 1.05255E-1 -9999 -9999 9.96269E-2 9.10819E-2 1.02305E-1 9.30898E-2 7.1253E-2 6.74095E-2 6.58283E-2 5.61964E-2 5.59221E-2 5.39787E-2 5.37234E-2 5.20462E-2 5.36972E-2 4.95058E-2 5.09073E-2 5.0215E-2 5.02113E-2 4.95235E-2 4.90694E-2 4.92075E-2 5.60659E-2 5.55156E-2 5.38174E-2 4.66605E-2
-9999 -9999 -9999 -9999 -9999 -9999 -9999 -9999 -9999 -9999 -9999 -9999 -9999 -9999 -9999 -9999 -9999 -9999 -9999 -9999 -9999 -9999 -9999 -9999 -9999 -9999 -9999 -9999 -9999 -9999 -9999 -9999 -9999 -9999 -9999 -9999 -9999 -9999 -9999 -9999 -9999 -9999 -9999 -9999 1.05666E-1 1.01293E-1 9.75336E-2 9.11799E-2 8.40015E-2 8.73669E-2 8.36357E-2 9.38825E-2 8.49584E-2 6.29783E-2 5.32434E-2 5.39768E-2 5.13579E-2 4.95231E-2 4.77247E-2 4.88332E-2 4.59866E-2 4.53788E-2 4.39279E-2 4.3721E-2 4.45336E-2 4.43273E-2 4.41162E-2 4.43508E-2 5.20314E-2 5.31702E-2 4.08332E-2 3.95517E-2
-9999 -9999 -9999 -9999 -9999 -9999 -9999 -9999 -9999 -9999 -9999 -9999 -9999 -9999 -9999 -9999 -9999 -9999 -9999 -9999 -9999 -9999 -9999 -9999 -9999 -9999 -9999 -9999 -9999 -9999 -9999 -9999 -9999 -9999 -9999 -9999 -9999 1.72421E-1 1.59821E-1 1.61397E-1 1.29692E-1 -9999 -9999 1.11832E-1 1.07634E-1 1.20404E-1 9.45803E-2 8.45253E-2 8.04688E-2 8.06902E-2 7.85074E-2 7.45858E-2 8.00367E-2 5.91211E-2 5.02268E-2 5.04401E-2 4.84099E-2 4.53829E-2 4.55791E-2 5.48434E-2 4.27247E-2 4.11592E-2 4.05793E-2 4.00096E-2 4.21283E-2 4.1613E-2 4.20218E-2 5.08282E-2 4.96181E-2 4.94956E-2 3.74627E-2 3.92464E-2
-9999 -9999 -9999 -9999 -9999 -9999 -9999 -9999 -9999 -9999 -9999 -9999 -9999 -9999 -9999 -9999 -9999 -9999 -9999 -9999 -9999 -9999 -9999 -9999 -9999 -9999 -9999 -9999 -9999 -9999 -9999 -9999 -9999 -9999 2.09206E-1 -9999 -9999 1.7006E-1 1.59416E-1 1.65431E-1 1.48523E-1 1.37574E-1 1.05636E-1 1.09764E-1 1.03803E-1 1.19494E-1 1.0983E-1 9.902E-2 9.28754E-2 7.41765E-2 7.14942E-2 6.97324E-2 6.23334E-2 4.95558E-2 4.75447E-2 4.66576E-2 4.33241E-2 4.15414E-2 4.09631E-2 4.21937E-2 3.82632E-2 3.91545E-2 3.80188E-2 3.83602E-2 3.79169E-2 3.74627E-2 3.87228E-2 4.6641E-2 4.52892E-2 4.72154E-2 4.64842E-2 4.72204E-2
-9999 -9999 -9999 -9999 -9999 -9999 -9999 -9999 -9999 -9999 -9999 -9999 -9999 -9999 -9999 -9999 -9999 -9999 -9999 -9999 -9999 -9999 -9999 -9999 -9999 -9999 -9999 -9999 -9999 -9999 -9999 -9999 -9999 -9999 2.17358E-1 -9999 -9999 1.66458E-1 1.4726E-1 1.39082E-1 1.28886E-1 1.36124E-1 1.03762E-1 9.07983E-2 1.00295E-1 8.0257E-2 7.73998E-2 1.02347E-1 9.23949E-2 6.89339E-2 7.11585E-2 7.51392E-2 5.85681E-2 4.47993E-2 4.25576E-2 4.35303E-2 4.27199E-2 4.09716E-2 4.00012E-2 4.03361E-2 4.71745E-2 3.69546E-2 3.60903E-2 3.58764E-2 3.7061E-2 3.58106E-2 3.67958E-2 4.4663E-2 4.31778E-2 4.19325E-2 4.18818E-2 4.20322E-2
-9999 -9999 -9999 -9999 -9999 -9999 -9999 -9999 -9999 -9999 -9999 -9999 -9999 -9999 -9999 -9999 -9999 -9999 -9999 -9999 -9999 -9999 -9999 -9999 -9999 -9999 -9999 -9999 -9999 -9999 -9999 -9999 -9999 2.1435E-1 1.99584E-1 -9999 -9999 1.55863E-1 1.73367E-1 1.58615E-1 1.43129E-1 1.07055E-1 1.01016E-1 8.42301E-2 7.89065E-2 7.11067E-2 7.04245E-2 8.41239E-2 7.81651E-2 8.06238E-2 6.52511E-2 7.28812E-2 5.32628E-2 4.3782E-2 4.28498E-2 3.96852E-2 3.99071E-2 3.95918E-2 3.85534E-2 3.85651E-2 4.65079E-2 4.3589E-2 3.32387E-2 3.35843E-2 3.31569E-2 3.43776E-2 4.24426E-2 4.03091E-2 4.20768E-2 5.05465E-2 3.71081E-2 3.8523E-2
-9999 -9999 -9999 -9999 -9999 -9999 -9999 -9999 -9999 -9999 -9999 -9999 -9999 -9999 -9999 -9999 -9999 -9999 -9999 -9999 -9999 -9999 -9999 -9999 -9999 -9999 -9999 -9999 -9999 -9999 -9999 -9999 -9999 2.11863E-1 2.0467E-1 1.7816E-1 1.70021E-1 1.56347E-1 1.72331E-1 1.48317E-1 1.32122E-1 1.05169E-1 8.23193E-2 7.77326E-2 7.31946E-2 6.96048E-2 6.88125E-2 6.42293E-2 7.24401E-2 8.02618E-2 7.28706E-2 7.20682E-2 5.37213E-2 3.9906E-2 3.94975E-2 3.79E-2 3.73633E-2 2.97085E-2 2.9041E-2 3.61992E-2 4.4581E-2 3.9586E-2 2.97583E-2 3.21846E-2 3.25341E-2 3.26654E-2 3.23731E-2 3.80243E-2 3.90231E-2 4.62938E-2 3.54905E-2 3.57989E-2
-9999 -9999 -9999 -9999 -9999 -9999 -9999 -9999 -9999 -9999 -9999 -9999 -9999 -9999 -9999 -9999 -9999 -9999 -9999 -9999 -9999 -9999 -9999 -9999 -9999 -9999 -9999 -9999 -9999 -9999 -9999 -9999 2.26338E-1 2.16957E-1 1.96133E-1 1.73454E-1 1.67009E-1 1.52306E-1 1.38896E-1 1.48822E-1 1.34145E-1 9.87661E-2 7.89744E-2 9.06155E-2 6.84337E-2 6.41192E-2 6.343E-2 6.20342E-2 6.63838E-2 6.63482E-2 7.46391E-2 6.51533E-2 6.53056E-2 4.61272E-2 3.6731E-2 3.46834E-2 2.83971E-2 2.88263E-2 3.62783E-2 4.32095E-2 4.22397E-2 3.80185E-2 2.90669E-2 2.91225E-2 2.94072E-2 2.96481E-2 3.75682E-2 3.79135E-2 3.5463E-2 3.46718E-2 3.42466E-2 3.33846E-2
-9999 -9999 -9999 -9999 -9999 -9999 -9999 -9999 -9999 -9999 -9999 -9999 -9999 -9999 -9999 -9999 -9999 -9999 -9999 -9999 -9999 -9999 -9999 -9999 -9999 -9999 -9999 -9999 -9999 -9999 -9999 -9999 2.32016E-1 2.13058E-1 1.92952E-1 1.73927E-1 1.60683E-1 1.46113E-1 1.29795E-1 1.23211E-1 1.34195E-1 1.16529E-1 9.33945E-2 8.7372E-2 6.63777E-2 6.37347E-2 5.87931E-2 6.00239E-2 6.62273E-2 6.1926E-2 5.98366E-2 7.92906E-2 4.66518E-2 3.55748E-2 3.56856E-2 2.7305E-2 2.72755E-2 2.59917E-2 2.59169E-2 3.3904E-2 3.88247E-2 3.55226E-2 2.768E-2 2.25698E-2 2.79546E-2 2.96066E-2 3.65876E-2 3.42176E-2 4.15236E-2 4.07684E-2 3.96632E-2 3.92249E-2
-9999 -9999 -9999 -9999 -9999 -9999 -9999 -9999 -9999 -9999 -9999 -9999 -9999 -9999 -9999 -9999 -9999 -9999 -9999 -9999 -9999 -9999 -9999 -9999 -9999 -9999 -9999 -9999 -9999 -9999 -9999 -9999 2.42345E-1 2.05484E-1 2.08986E-1 1.63891E-1 1.52411E-1 1.2465E-1 1.15822E-1 1.06502E-1 1.07162E-1 1.01499E-1 9.21067E-2 9.99532E-2 7.77675E-2 5.95362E-2 5.68693E-2 5.51666E-2 5.36565E-2 6.12207E-2 6.84128E-2 6.25331E-2 4.53406E-2 3.4202E-2 2.73814E-2 2.58275E-2 2.58499E-2 3.28369E-2 3.04033E-2 3.23957E-2 3.71555E-2 3.34581E-2 2.63235E-2 2.08193E-2 2.64172E-2 2.72309E-2 3.31128E-2 4.11521E-2 4.00103E-2 4.80558E-2 4.75735E-2 3.53286E-2
-9999 -9999 -9999 -9999 -9999 -9999 -9999 -9999 -9999 -9999 -9999 -9999 -9999 -9999 -9999 -9999 -9999 -9999 -9999 -9999 -9999 -9999 -9999 -9999 -9999 -9999 -9999 -9999 -9999 -9999 -9999 -9999 2.27019E-1 2.02391E-1 2.16494E-1 1.81794E-1 1.43003E-1 1.26626E-1 1.03835E-1 9.69963E-2 8.89992E-2 8.4653E-2 9.30251E-2 8.46917E-2 7.41234E-2 6.87537E-2 5.36686E-2 5.35643E-2 4.93892E-2 5.83474E-2 6.53393E-2 5.84398E-2 3.4572E-2 3.32354E-2 2.62238E-2 2.61977E-2 2.51136E-2 3.04556E-2 2.94155E-2 2.89036E-2 2.72155E-2 2.44713E-2 2.00525E-2 2.0266E-2 2.51966E-2 2.5685E-2 3.29672E-2 3.97608E-2 4.63544E-2 4.48127E-2 3.29606E-2 2.54389E-2
-9999 -9999 -9999 -9999 -9999 -9999 -9999 -9999 -9999 -9999 -9999 -9999 -9999 -9999 -9999 -9999 -9999 -9999 -9999 -9999 -9999 -9999 -9999 -9999 -9999 -9999 -9999 -9999 -9999 -9999 -9999 -9999 2.15561E-1 2.03822E-1 2.09999E-1 1.80863E-1 1.40769E-1 1.24037E-1 1.14839E-1 1.09583E-1 1.00057E-1 9.47886E-2 8.82547E-2 8.2493E-2 8.77993E-2 6.66291E-2 5.18041E-2 4.85075E-2 5.63723E-2 5.28137E-2 6.07625E-2 4.44265E-2 4.35563E-2 2.45709E-2 2.42386E-2 2.5431E-2 2.30952E-2 2.3352E-2 2.93055E-2 3.24721E-2 2.54718E-2 2.44042E-2 1.87627E-2 1.90578E-2 1.93488E-2 2.41272E-2 3.00148E-2 3.64169E-2 3.46419E-2 2.57818E-2 2.48752E-2 2.56238E-2
-9999 -9999 -9999 -9999 -9999 -9999 -9999 -9999 -9999 -9999 -9999 -9999 -9999 -9999 -9999 -9999 -9999 -9999 -9999 -9999 -9999 -9999 -9999 -9999 -9999 -9999 -9999 -9999 -9999 -9999 -9999 -9999 2.14717E-1 1.94309E-1 1.97561E-1 1.73404E-1 1.39844E-1 1.19999E-1 1.09001E-1 1.06236E-1 9.68024E-2 1.08981E-1 9.7432E-2 9.07894E-2 8.21038E-2 6.38507E-2 6.11943E-2 7.18479E-2 8.41169E-2 8.01387E-2 7.3395E-2 4.27834E-2 3.2171E-2 2.45684E-2 2.47506E-2 2.35202E-2 2.22552E-2 2.25441E-2 3.56731E-2 3.1493E-2 2.96325E-2 2.27888E-2 1.71651E-2 1.80153E-2 2.31986E-2 3.52431E-2 2.74532E-2 3.46428E-2 3.3096E-2 3.03462E-2 2.46054E-2 2.94683E-2
-9999 -9999 -9999 -9999 -9999 -9999 -9999 -9999 -9999 -9999 -9999 -9999 -9999 -9999 -9999 -9999 -9999 -9999 -9999 -9999 -9999 -9999 -9999 -9999 -9999 -9999 -9999 -9999 -9999 -9999 -9999 -9999 2.14974E-1 1.8868E-1 1.6799E-1 1.52469E-1 1.21893E-1 1.2342E-1 1.01243E-1 8.49973E-2 8.04001E-2 1.03757E-1 9.55111E-2 1.05254E-1 8.14518E-2 6.18633E-2 7.3965E-2 6.7806E-2 6.80555E-2 7.62773E-2 5.4389E-2 4.01498E-2 3.02937E-2 2.37542E-2 2.9672E-2 2.81802E-2 2.62056E-2 2.77158E-2 3.46075E-2 3.84516E-2 2.85662E-2 2.73655E-2 2.71582E-2 1.70188E-2 2.21736E-2 2.16184E-2 2.6509E-2 3.39837E-2 3.74052E-2 2.93641E-2 2.82054E-2 2.19684E-2
-9999 -9999 -9999 -9999 -9999 -9999 -9999 -9999 -9999 -9999 -9999 -9999 -9999 -9999 -9999 -9999 -9999 -9999 -9999 -9999 -9999 -9999 -9999 -9999 -9999 -9999 -9999 -9999 3.00459E-1 -9999 -9999 2.25372E-1 2.0154E-1 1.78741E-1 1.44987E-1 1.35711E-1 1.19858E-1 1.08349E-1 9.26393E-2 8.90756E-2 8.94892E-2 8.56836E-2 8.15073E-2 8.86705E-2 9.80136E-2 7.5851E-2 6.90819E-2 6.64612E-2 6.34222E-2 5.99239E-2 5.45393E-2 4.99947E-2 2.78415E-2 2.34272E-2 2.75095E-2 2.64769E-2 2.52548E-2 2.42909E-2 2.44913E-2 3.90163E-2 3.34328E-2 3.41392E-2 3.05687E-2 1.47987E-2 2.0302E-2 2.62447E-2 2.42354E-2 2.46564E-2 3.59026E-2 2.69206E-2 2.06447E-2 2.12194E-2
-9999 -9999 -9999 -9999 -9999 -9999 -9999 -9999 -9999 -9999 -9999 -9999 -9999 -9999 -9999 -9999 -9999 -9999 -9999 -9999 -9999 -9999 -9999 -9999 -9999 -9999 -9999 3.64711E-1 3.20488E-1 2.65621E-1 2.41921E-1 2.2506E-1 1.84828E-1 1.64087E-1 1.43132E-1 1.27274E-1 1.1572E-1 9.82243E-2 9.28426E-2 8.29493E-2 9.07698E-2 7.99774E-2 7.89495E-2 7.09492E-2 7.64466E-2 7.27465E-2 7.10388E-2 8.32295E-2 7.70886E-2 7.60214E-2 8.63298E-2 7.54867E-2 3.49341E-2 2.09175E-2 2.0587E-2 2.11061E-2 2.45488E-2 2.47124E-2 3.01542E-2 3.60869E-2 2.54511E-2 3.20825E-2 2.2841E-2 1.78607E-2 1.79579E-2 1.90242E-2 1.87059E-2 3.08172E-2 3.44262E-2 2.5565E-2 2.57606E-2 2.00195E-2
-9999 -9999 -9999 -9999 -9999 -9999 -9999 -9999 -9999 -9999 -9999 -9999 -9999 -9999 -9999 -9999 -9999 -9999 -9999 -9999 -9999 -9999 -9999 -9999 -9999 -9999 -9999 3.62017E-1 3.19697E-1 2.66499E-1 2.43625E-1 2.1965E-1 1.81518E-1 1.60676E-1 1.36739E-1 1.20122E-1 1.10313E-1 1.00032E-1 8.83417E-2 7.81852E-2 8.88956E-2 9.17886E-2 7.2561E-2 7.13122E-2 7.61506E-2 7.27907E-2 6.97614E-2 8.57125E-2 7.80964E-2 8.894E-2 6.38908E-2 5.80975E-2 3.39871E-2 2.52768E-2 1.99617E-2 1.96849E-2 1.87539E-2 2.28363E-2 2.17657E-2 2.66637E-2 3.23501E-2 2.2738E-2 2.19576E-2 1.6801E-2 1.3641E-2 1.7654E-2 1.78602E-2 2.3635E-2 3.34987E-2 2.48161E-2 2.40328E-2 1.90492E-2
-9999 -9999 -9999 -9999 -9999 -9999 -9999 -9999 -9999 -9999 -9999 -9999 -9999 -9999 -9999 -9999 -9999 -9999 -9999 -9999 -9999 -9999 -9999 -9999 -9999 -9999 -9999 3.26739E-1 3.31001E-1 2.91496E-1 2.43325E-1 2.15219E-1 1.91136E-1 1.53247E-1 1.3078E-1 1.19447E-1 1.07768E-1 1.09388E-1 1.02169E-1 9.38446E-2 1.23793E-1 9.09335E-2 7.22463E-2 7.03919E-2 9.64337E-2 8.90553E-2 8.52697E-2 8.38847E-2 9.39882E-2 8.26933E-2 6.0391E-2 3.50598E-2 3.25926E-2 2.30805E-2 2.4057E-2 1.85487E-2 2.18338E-2 2.10116E-2 2.0991E-2 1.95519E-2 2.40276E-2 2.21733E-2 2.11676E-2 1.30568E-2 1.34834E-2 1.7317E-2 1.72629E-2 1.73382E-2 2.11862E-2 2.46185E-2 2.41348E-2 2.25696E-2
-9999 -9999 -9999 -9999 -9999 -9999 -9999 -9999 -9999 -9999 -9999 -9999 -9999 -9999 -9999 -9999 -9999 -9999 -9999 -9999 -9999 -9999 -9999 -9999 -9999 -9999 3.57014E-1 3.5882E-1 3.20016E-1 2.78923E-1 2.41209E-1 2.12016E-1 1.6864E-1 1.8623E-1 1.32809E-1 1.33901E-1 1.03592E-1 1.12831E-1 1.02287E-1 1.14117E-1 1.84815E-1 1.60682E-1 8.28001E-2 7.83284E-2 9.63782E-2 1.11532E-1 8.01364E-2 8.30103E-2 1.14605E-1 1.0192E-1 5.87897E-2 3.39024E-2 2.53844E-2 2.44572E-2 2.36178E-2 2.18837E-2 2.14559E-2 2.03313E-2 1.94967E-2 1.89848E-2 2.30599E-2 1.71413E-2 1.62519E-2 1.60934E-2 1.23209E-2 1.66427E-2 1.64068E-2 1.62377E-2 2.12652E-2 2.48669E-2 2.90892E-2 2.17849E-2
-9999 -9999 -9999 -9999 -9999 -9999 -9999 -9999 -9999 -9999 -9999 -9999 -9999 -9999 -9999 -9999 -9999 -9999 -9999 -9999 -9999 -9999 -9999 -9999 4.08747E-1 -9999 3.54344E-1 3.49499E-1 3.39558E-1 2.58317E-1 2.32176E-1 2.11016E-1 1.92329E-1 2.12457E-1 1.4176E-1 1.28717E-1 1.10665E-1 1.05093E-1 1.02352E-1 1.13713E-1 3.40397E-1 4.37884E-1 2.21176E-1 1.42879E-1 9.08385E-2 1.27757E-1 7.99671E-2 7.73592E-2 1.18502E-1 9.93078E-2 5.54386E-2 3.32098E-2 2.56397E-2 2.44356E-2 2.32654E-2 2.17044E-2 2.00471E-2 2.08755E-2 2.44435E-2 1.8877E-2 2.26012E-2 1.58667E-2 1.58948E-2 1.24104E-2 1.55125E-2 1.58029E-2 1.55754E-2 1.54689E-2 1.9752E-2 2.45092E-2 2.1611E-2 2.10379E-2
-9999 -9999 -9999 -9999 -9999 -9999 -9999 -9999 -9999 -9999 -9999 -9999 -9999 -9999 -9999 -9999 -9999 -9999 -9999 -9999 -9999 -9999 -9999 -9999 3.99535E-1 4.20316E-1 3.44553E-1 3.44242E-1 3.14989E-1 2.56471E-1 2.31229E-1 2.0826E-1 1.61808E-1 1.46819E-1 1.41301E-1 1.22663E-1 9.60393E-2 8.752E-2 8.35982E-2 9.52502E-2 2.9296E-1 5.46459E-1 5.21612E-1 3.68872E-1 1.31066E-1 1.26554E-1 9.66399E-2 9.10489E-2 1.10862E-1 7.63452E-2 4.4687E-2 3.22858E-2 2.44421E-2 2.38975E-2 2.25119E-2 2.08386E-2 1.97929E-2 1.94652E-2 1.86567E-2 2.38912E-2 2.65597E-2 1.61627E-2 1.62894E-2 1.57794E-2 1.55897E-2 1.5666E-2 1.48637E-2 1.44434E-2 1.84688E-2 1.78348E-2 1.78422E-2 2.14112E-2
-9999 -9999 -9999 -9999 -9999 -9999 -9999 -9999 -9999 -9999 -9999 -9999 -9999 -9999 -9999 -9999 -9999 -9999 -9999 -9999 -9999 -9999 -9999 -9999 4.01043E-1 3.77759E-1 3.32312E-1 3.05298E-1 2.79271E-1 2.46495E-1 2.24344E-1 1.76947E-1 1.54248E-1 1.3553E-1 1.20733E-1 1.06546E-1 9.41765E-2 8.3726E-2 7.95589E-2 7.30217E-2 1.28419E-1 4.15877E-1 5.39686E-1 4.82587E-1 3.50173E-1 1.17125E-1 1.185E-1 1.10794E-1 8.22085E-2 5.968E-2 5.42959E-2 3.09582E-2 2.50483E-2 2.33907E-2 2.77788E-2 2.13791E-2 2.50789E-2 2.29427E-2 1.797E-2 2.21896E-2 2.17628E-2 2.0795E-2 1.96554E-2 1.93074E-2 1.49679E-2 1.5236E-2 2.53896E-2 2.27521E-2 2.25777E-2 2.27641E-2 2.78073E-2 2.66706E-2
-9999 -9999 -9999 -9999 -9999 -9999 -9999 -9999 -9999 -9999 -9999 -9999 -9999 -9999 -9999 -9999 -9999 -9999 -9999 -9999 -9999 -9999 -9999 -9999 -9999 3.46238E-1 3.31448E-1 -9999 2.73744E-1 2.47095E-1 2.10663E-1 1.8954E-1 1.50249E-1 1.27939E-1 1.18506E-1 1.03222E-1 9.47309E-2 9.82125E-2 7.38252E-2 7.11452E-2 8.28017E-2 1.89519E-1 4.41439E-1 4.46564E-1 1.86657E-1 1.4585E-1 1.36311E-1 1.05939E-1 8.09999E-2 5.83525E-2 4.14995E-2 3.09386E-2 2.98477E-2 2.93827E-2 2.73468E-2 2.05331E-2 3.2463E-2 2.25927E-2 2.28948E-2 2.19184E-2 2.10804E-2 2.52174E-2 2.43572E-2 1.8049E-2 1.50877E-2 3.27401E-2 4.21447E-2 2.13285E-2 2.12925E-2 1.59573E-2 2.08787E-2 1.94018E-2
-9999 -9999 -9999 -9999 -9999 -9999 -9999 -9999 -9999 -9999 -9999 -9999 -9999 -9999 -9999 -9999 -9999 -9999 -9999 -9999 -9999 -9999 -9999 -9999 -9999 -9999 -9999 -9999 -9999 2.3552E-1 2.01822E-1 1.6304E-1 1.50279E-1 1.25946E-1 1.20062E-1 1.00548E-1 1.09816E-1 1.1852E-1 8.79125E-2 6.42274E-2 6.02379E-2 7.37392E-2 1.31529E-1 1.81915E-1 1.39049E-1 2.35779E-1 1.67856E-1 1.03459E-1 7.84131E-2 5.97283E-2 5.33855E-2 4.0009E-2 3.05381E-2 3.63651E-2 2.71748E-2 2.69744E-2 4.23492E-2 2.80538E-2 2.86015E-2 2.86096E-2 2.59921E-2 2.56954E-2 2.4077E-2 1.64332E-2 1.80741E-2 3.0694E-2 2.85091E-2 2.69827E-2 3.29596E-2 1.94716E-2 2.04048E-2 2.05731E-2
-9999 -9999 -9999 -9999 -9999 -9999 -9999 -9999 -9999 -9999 -9999 -9999 -9999 -9999 -9999 -9999 -9999 -9999 -9999 -9999 -9999 -9999 -9999 -9999 -9999 -9999 -9999 -9999 -9999 1.90369E-1 1.80583E-1 1.57463E-1 1.46901E-1 1.29185E-1 1.12916E-1 9.97579E-2 1.07598E-1 1.00643E-1 1.03845E-1 9.23754E-2 7.05443E-2 6.57376E-2 6.71994E-2 1.91454E-1 1.74966E-1 2.30561E-1 1.64705E-1 1.26731E-1 7.80852E-2 8.25735E-2 1.09276E-1 3.88468E-2 3.76011E-2 2.7175E-2 2.79755E-2 2.78059E-2 3.29061E-2 4.00592E-2 3.60851E-2 3.47366E-2 3.35054E-2 2.44377E-2 2.3411E-2 1.54704E-2 1.81292E-2 1.83791E-2 3.96553E-2 4.35167E-2 3.89785E-2 2.29598E-2 2.03934E-2 2.53586E-2
-9999 -9999 -9999 -9999 -9999 -9999 -9999 -9999 -9999 -9999 -9999 -9999 -9999 -9999 -9999 -9999 -9999 -9999 -9999 -9999 -9999 -9999 -9999 -9999 -9999 -9999 -9999 -9999 2.14188E-1 2.01709E-1 1.75345E-1 1.58154E-1 1.35066E-1 1.20771E-1 1.27268E-1 1.1505E-1 1.28584E-1 1.13525E-1 1.01156E-1 1.12799E-1 7.96398E-2 7.51873E-2 6.34503E-2 1.61623E-1 2.09666E-1 2.29414E-1 1.30209E-1 7.99486E-2 7.93183E-2 1.01374E-1 3.11713E-1 5.95587E-2 4.73538E-2 3.51393E-2 3.39923E-2 3.33229E-2 3.17145E-2 4.10308E-2 4.69052E-2 4.56045E-2 3.79667E-2 2.10283E-2 2.89059E-2 2.23412E-2 1.645E-2 1.88691E-2 3.10106E-2 5.57501E-2 3.57654E-2 1.47141E-2 1.72305E-2 1.88573E-2
-9999 -9999 -9999 -9999 -9999 -9999 -9999 -9999 -9999 -9999 -9999 -9999 -9999 -9999 -9999 -9999 -9999 -9999 -9999 -9999 -9999 -9999 -9999 -9999 -9999 -9999 -9999 -9999 2.68823E-1 2.12896E-1 1.70668E-1 1.56061E-1 1.31915E-1 1.17671E-1 1.09483E-1 9.75672E-2 1.0503E-1 1.08362E-1 1.21014E-1 1.12689E-1 9.80868E-2 7.43429E-2 7.65766E-2 2.8345E-1 3.68895E-1 2.66992E-1 1.56789E-1 1.01948E-1 1.28565E-1 7.71838E-2 3.33871E-1 1.79649E-1 4.62118E-2 4.40805E-2 4.27286E-2 3.30157E-2 3.22544E-2 4.15651E-2 4.9994E-2 5.52908E-2 3.33629E-2 2.73239E-2 2.95641E-2 2.85454E-2 2.17847E-2 2.1487E-2 3.01567E-2 5.59741E-2 4.56179E-2 1.94936E-2 1.7524E-2 1.83698E-2
-9999 -9999 -9999 -9999 -9999 -9999 -9999 -9999 -9999 -9999 -9999 -9999 -9999 -9999 -9999 -9999 -9999 -9999 -9999 -9999 -9999 5.02402E-1 -9999 -9999 -9999 -9999 3.0515E-1 2.62512E-1 2.66212E-1 2.04072E-1 1.59398E-1 1.48027E-1 1.32772E-1 1.11763E-1 1.04913E-1 9.17732E-2 9.85713E-2 1.05443E-1 8.00888E-2 8.55148E-2 8.21192E-2 7.58916E-2 7.42897E-2 1.90894E-1 2.98914E-1 3.19971E-1 1.28236E-1 9.87911E-2 1.25986E-1 1.15711E-1 2.28153E-1 2.93481E-1 1.15839E-1 1.09545E-1 6.40487E-2 4.054E-2 4.11724E-2 5.09447E-2 5.88681E-2 5.00471E-2 2.57938E-2 2.93401E-2 3.82965E-2 3.71302E-2 3.21753E-2 1.87935E-2 2.95877E-2 5.49542E-2 2.71156E-2 2.04397E-2 2.83581E-2 2.18494E-2
-9999 -9999 -9999 -9999 -9999 -9999 -9999 -9999 -9999 -9999 -9999 -9999 -9999 -9999 -9999 -9999 -9999 -9999 -9999 5.54968E-1 5.26296E-1 4.93558E-1 -9999 -9999 -9999 3.1659E-1 2.93202E-1 2.90069E-1 2.48357E-1 1.97889E-1 1.60793E-1 1.41655E-1 1.28561E-1 1.14833E-1 9.23819E-2 8.54848E-2 7.81816E-2 8.51258E-2 7.82703E-2 6.37976E-2 6.22703E-2 6.23296E-2 7.31585E-2 7.20494E-2 2.10079E-1 2.11828E-1 1.29398E-1 1.26244E-1 1.60577E-1 1.4566E-1 1.47424E-1 1.92334E-1 1.91001E-1 2.51126E-1 7.59772E-2 3.8514E-2 3.81251E-2 3.79185E-2 4.65967E-2 4.25836E-2 3.76633E-2 3.96368E-2 4.95612E-2 3.43453E-2 3.26247E-2 2.54999E-2 2.93064E-2 5.37634E-2 3.80807E-2 3.01246E-2 3.75829E-2 2.5447E-2
-9999 -9999 -9999 -9999 -9999 -9999 -9999 -9999 -9999 -9999 -9999 -9999 -9999 -9999 -9999 -9999 -9999 -9999 -9999 5.59965E-1 5.16938E-1 4.88867E-1 4.34449E-1 3.81239E-1 3.37411E-1 3.00976E-1 2.79426E-1 2.81636E-1 2.83349E-1 1.88636E-1 1.70599E-1 1.42063E-1 1.12241E-1 1.06701E-1 8.89587E-2 8.44502E-2 7.55989E-2 6.68686E-2 8.95763E-2 6.27695E-2 5.13087E-2 6.17877E-2 7.24649E-2 8.59889E-2 1.32207E-1 1.46332E-1 1.04776E-1 1.28654E-1 1.51311E-1 1.76012E-1 1.70246E-1 1.92624E-1 7.70789E-2 1.45595E-1 1.22393E-1 6.06356E-2 6.05593E-2 6.10877E-2 9.61624E-2 8.9537E-2 5.26511E-2 6.64855E-2 6.04887E-2 4.42607E-2 4.25632E-2 2.86187E-2 3.415E-2 7.17306E-2 7.96144E-2 5.73719E-2 3.38319E-2 3.16799E-2
-9999 -9999 -9999 -9999 -9999 -9999 -9999 -9999 -9999 -9999 -9999 -9999 -9999 -9999 -9999 -9999 -9999 -9999 -9999 5.42327E-1 5.22138E-1 5.53433E-1 4.13839E-1 3.37508E-1 3.14024E-1 2.96012E-1 2.73433E-1 2.42456E-1 2.83138E-1 2.0957E-1 1.56755E-1 1.26632E-1 1.09939E-1 9.96536E-2 8.67837E-2 7.66774E-2 6.82195E-2 6.39926E-2 5.58381E-2 5.0795E-2 4.88431E-2 6.14428E-2 7.42932E-2 1.27757E-1 1.19128E-1 9.35644E-2 1.08753E-1 1.22435E-1 9.15698E-2 1.07322E-1 1.04154E-1 1.79752E-1 5.63665E-2 6.91923E-2 1.3029E-1 6.84422E-2 7.17976E-2 5.59087E-2 9.33943E-2 1.32816E-1 1.07355E-1 1.32827E-1 9.93609E-2 1.12214E-1 6.39814E-2 4.39548E-2 6.69082E-2 6.99639E-2 1.03203E-1 9.59723E-2 8.80321E-2 5.18573E-2
-9999 -9999 -9999 -9999 -9999 -9999 -9999 -9999 -9999 -9999 -9999 -9999 -9999 -9999 -9999 -9999 -9999 -9999 -9999 5.4482E-1 5.56384E-1 5.50232E-1 4.34288E-1 3.65378E-1 3.08414E-1 2.91083E-1 2.55649E-1 2.29723E-1 2.38812E-1 2.47797E-1 1.77278E-1 1.3022E-1 1.05785E-1 9.36332E-2 8.29169E-2 7.28222E-2 6.7627E-2 5.89438E-2 4.53775E-2 4.01396E-2 4.97056E-2 5.88531E-2 1.15331E-1 1.50257E-1 8.9622E-2 1.11348E-1 1.01942E-1 9.26194E-2 6.67342E-2 5.20418E-2 6.40696E-2 5.26648E-2 4.15902E-2 5.28585E-2 8.23006E-2 4.96095E-2 3.44877E-2 3.28351E-2 5.33189E-2 1.89783E-1 2.00377E-1 1.62784E-1 1.78379E-1 1.67611E-1 7.41673E-2 4.39788E-2 7.93128E-2 5.30643E-2 1.56913E-1 1.05444E-1 8.07611E-2 4.02291E-2
