Artocarpus altilis SDM files/MIS19/results (with bias file)/Artalt_9.asc
ncols         1201
nrows         481
xllcorner     119.99986351115
yllcorner     -15.00013828885
cellsize      0.041666667
NODATA_value  -9999
[rows 128 to 159 of 481, columns 288 to 359 of 1201]
-9999 -9999 -9999 -9999 -9999 -9999 -9999 -9999 -9999 -9999 -9999 -9999 -9999 -9999 -9999 -9999 -9999 -9999 -9999 -9999 -9999 -9999 -9999 -9999 -9999 -9999 -9999 -9999 -9999 -9999 -9999 -9999 -9999 -9999 -9999 -9999 -9999 -9999 -9999 -9999 -9999 -9999 -9999 -9999 -9999 -9999 -9999 -9999 -9999 -9999 -9999 -9999 -9999 -9999 -9999 -9999 -9999 -9999 -9999 -9999 -9999 -9999 -9999 -9999 -9999 -9999 -9999 -9999 -9999 -9999 -9999 -9999
-9999 -9999 -9999 8.64605E-1 8.70205E-1 -9999 9.42948E-1 9.52833E-1 9.30024E-1 9.13916E-1 8.97991E-1 9.20277E-1 9.51263E-1 9.60495E-1 9.5086E-1 9.71778E-1 9.78311E-1 9.58802E-1 -9999 -9999 -9999 -9999 -9999 -9999 -9999 -9999 -9999 -9999 -9999 -9999 -9999 -9999 -9999 -9999 -9999 -9999 -9999 -9999 -9999 -9999 -9999 -9999 -9999 -9999 -9999 -9999 -9999 -9999 -9999 -9999 -9999 -9999 -9999 -9999 -9999 -9999 -9999 -9999 -9999 -9999 -9999 -9999 -9999 -9999 -9999 -9999 -9999 -9999 -9999 -9999 -9999 -9999
-9999 -9999 -9999 -9999 9.17107E-1 9.10107E-1 7.53442E-1 7.37427E-1 6.49308E-1 5.02892E-1 4.86325E-1 5.4877E-1 6.79526E-1 8.23526E-1 7.97805E-1 7.44755E-1 8.28483E-1 7.6959E-1 9.26371E-1 9.81771E-1 -9999 -9999 -9999 -9999 -9999 -9999 -9999 -9999 -9999 -9999 -9999 -9999 -9999 -9999 -9999 -9999 -9999 -9999 -9999 -9999 -9999 -9999 -9999 -9999 -9999 -9999 -9999 -9999 -9999 -9999 -9999 -9999 -9999 -9999 -9999 -9999 -9999 -9999 -9999 -9999 -9999 -9999 -9999 -9999 -9999 -9999 -9999 -9999 -9999 -9999 -9999 -9999
-9999 -9999 8.91285E-1 8.62217E-1 8.43296E-1 7.10693E-1 6.61954E-1 8.00525E-1 8.21409E-1 7.8129E-1 8.28378E-1 6.25323E-1 3.10209E-1 4.03913E-1 3.84807E-1 4.81306E-1 5.09245E-1 3.7979E-1 6.37531E-1 9.55055E-1 9.6257E-1 9.88553E-1 9.85042E-1 9.83717E-1 -9999 -9999 -9999 -9999 -9999 -9999 -9999 -9999 -9999 -9999 -9999 -9999 -9999 -9999 -9999 -9999 -9999 -9999 -9999 -9999 -9999 -9999 -9999 -9999 -9999 -9999 -9999 -9999 -9999 -9999 -9999 -9999 -9999 -9999 -9999 -9999 -9999 -9999 -9999 -9999 -9999 -9999 -9999 -9999 -9999 -9999 -9999 -9999
-9999 8.6325E-1 8.64879E-1 8.33835E-1 8.30558E-1 8.17071E-1 8.33706E-1 6.91814E-1 6.04964E-1 6.13478E-1 8.03865E-1 5.73063E-1 4.01143E-1 3.67339E-1 3.06191E-1 2.82058E-1 2.23656E-1 3.72527E-1 7.61216E-1 9.03223E-1 7.73265E-1 6.82433E-1 9.0905E-1 9.83602E-1 9.88294E-1 -9999 -9999 -9999 -9999 -9999 -9999 -9999 -9999 -9999 -9999 -9999 -9999 -9999 -9999 -9999 -9999 -9999 -9999 -9999 -9999 -9999 -9999 -9999 -9999 -9999 -9999 -9999 -9999 -9999 -9999 -9999 -9999 -9999 -9999 -9999 -9999 -9999 -9999 -9999 -9999 -9999 -9999 -9999 -9999 -9999 -9999 -9999
-9999 8.5822E-1 6.42096E-1 5.03194E-1 6.10762E-1 6.82744E-1 6.48747E-1 5.89337E-1 5.13691E-1 4.65603E-1 5.81593E-1 5.89663E-1 6.3089E-1 5.96381E-1 5.80233E-1 5.1436E-1 3.80489E-1 4.35706E-1 5.38999E-1 7.18542E-1 5.75149E-1 7.61894E-1 7.60183E-1 6.6118E-1 9.50197E-1 9.70878E-1 9.87454E-1 9.89033E-1 -9999 -9999 -9999 -9999 -9999 -9999 -9999 -9999 -9999 -9999 -9999 -9999 -9999 -9999 -9999 -9999 -9999 -9999 -9999 -9999 -9999 -9999 -9999 -9999 -9999 -9999 -9999 -9999 -9999 -9999 -9999 -9999 -9999 -9999 -9999 -9999 -9999 -9999 -9999 -9999 -9999 -9999 -9999 -9999
7.18918E-1 7.00753E-1 4.65708E-1 3.56835E-1 4.1692E-1 4.58486E-1 4.28491E-1 3.67566E-1 3.37164E-1 3.49949E-1 4.53742E-1 4.67601E-1 4.82994E-1 4.95839E-1 4.93809E-1 4.22605E-1 3.97398E-1 2.87504E-1 4.43336E-1 4.44541E-1 4.34775E-1 5.95713E-1 5.2032E-1 4.14689E-1 6.42051E-1 7.28505E-1 9.04049E-1 9.67162E-1 9.90676E-1 -9999 -9999 -9999 -9999 -9999 -9999 -9999 -9999 -9999 -9999 -9999 -9999 -9999 -9999 -9999 -9999 -9999 -9999 -9999 -9999 -9999 -9999 -9999 -9999 -9999 -9999 -9999 -9999 -9999 -9999 -9999 -9999 -9999 -9999 -9999 -9999 -9999 -9999 -9999 -9999 -9999 -9999 -9999
4.23308E-1 4.69481E-1 4.63021E-1 3.5266E-1 2.28012E-1 2.13659E-1 2.21047E-1 3.00931E-1 2.12055E-1 2.62148E-1 3.65644E-1 3.41587E-1 4.56512E-1 3.46517E-1 3.32112E-1 5.48312E-1 3.85704E-1 3.35243E-1 2.74876E-1 2.78381E-1 3.56767E-1 3.6652E-1 3.08878E-1 3.19301E-1 3.8331E-1 4.64986E-1 6.51667E-1 8.84005E-1 9.0641E-1 9.81322E-1 9.89183E-1 -9999 -9999 -9999 -9999 -9999 -9999 -9999 -9999 -9999 -9999 -9999 -9999 -9999 -9999 -9999 -9999 -9999 -9999 -9999 -9999 -9999 -9999 -9999 -9999 -9999 -9999 -9999 -9999 -9999 -9999 -9999 -9999 -9999 -9999 -9999 -9999 -9999 -9999 -9999 -9999 -9999
4.04266E-1 3.14242E-1 3.74969E-1 2.9283E-1 2.70065E-1 1.77928E-1 1.72888E-1 1.46815E-1 1.5549E-1 2.03518E-1 2.37578E-1 3.01133E-1 3.60495E-1 2.88273E-1 4.09703E-1 4.63965E-1 4.42374E-1 3.9283E-1 2.6278E-1 2.16593E-1 2.28363E-1 1.76244E-1 2.40495E-1 2.41002E-1 2.12923E-1 3.72146E-1 5.33006E-1 6.43591E-1 7.74807E-1 8.97305E-1 9.6625E-1 9.89747E-1 -9999 -9999 -9999 -9999 -9999 -9999 -9999 -9999 -9999 -9999 -9999 -9999 -9999 -9999 -9999 -9999 -9999 -9999 -9999 -9999 -9999 -9999 -9999 -9999 -9999 -9999 -9999 -9999 -9999 -9999 -9999 -9999 -9999 -9999 -9999 -9999 -9999 -9999 -9999 -9999
5.62078E-1 3.33542E-1 3.62547E-1 2.98471E-1 2.51699E-1 2.7803E-1 2.03435E-1 1.56366E-1 1.74064E-1 1.99784E-1 1.98177E-1 2.0191E-1 2.27676E-1 2.02341E-1 2.84967E-1 2.47857E-1 2.1253E-1 1.71469E-1 1.62881E-1 2.06841E-1 2.07841E-1 2.02356E-1 2.04661E-1 1.98434E-1 2.63004E-1 2.92663E-1 3.5776E-1 5.892E-1 5.8538E-1 6.5709E-1 7.0742E-1 9.82438E-1 9.93346E-1 -9999 -9999 -9999 -9999 -9999 -9999 -9999 -9999 -9999 -9999 -9999 -9999 -9999 -9999 -9999 -9999 -9999 -9999 -9999 -9999 -9999 -9999 -9999 -9999 -9999 -9999 -9999 -9999 -9999 -9999 -9999 -9999 -9999 -9999 -9999 -9999 -9999 -9999 -9999
6.23091E-1 5.57401E-1 5.69735E-1 5.11349E-1 3.90812E-1 3.51042E-1 3.16923E-1 2.38097E-1 2.65721E-1 3.07108E-1 3.37872E-1 3.62581E-1 3.34231E-1 2.6879E-1 2.6742E-1 2.35412E-1 2.58072E-1 1.94167E-1 2.22881E-1 3.08025E-1 3.30385E-1 2.79347E-1 2.29167E-1 1.98491E-1 1.81507E-1 1.99979E-1 2.37943E-1 2.39081E-1 2.52187E-1 4.71687E-1 6.73658E-1 8.28192E-1 9.56429E-1 9.94388E-1 9.94456E-1 9.94525E-1 9.9551E-1 9.95587E-1 9.96373E-1 9.94536E-1 9.93949E-1 9.96026E-1 9.81238E-1 9.97913E-1 9.95149E-1 9.96334E-1 9.90696E-1 9.97172E-1 9.88227E-1 -9999 -9999 -9999 -9999 -9999 -9999 -9999 -9999 -9999 -9999 -9999 -9999 -9999 -9999 -9999 -9999 -9999 -9999 -9999 -9999 -9999 -9999 -9999
6.37857E-1 6.46278E-1 6.4568E-1 5.87856E-1 4.87277E-1 3.69512E-1 2.80555E-1 2.46836E-1 3.39167E-1 3.66021E-1 3.52993E-1 3.91894E-1 3.03029E-1 2.80065E-1 2.78557E-1 3.33951E-1 3.13607E-1 3.20977E-1 3.50481E-1 4.47972E-1 4.44104E-1 3.99532E-1 3.95457E-1 3.4176E-1 3.15549E-1 3.28313E-1 3.01981E-1 2.49304E-1 2.3248E-1 3.00711E-1 3.61644E-1 4.31327E-1 6.53054E-1 8.61087E-1 9.77516E-1 9.70368E-1 9.91287E-1 9.86962E-1 9.94931E-1 9.90467E-1 9.95638E-1 9.96844E-1 9.84703E-1 9.96699E-1 9.54866E-1 8.87724E-1 9.44273E-1 9.95499E-1 9.98079E-1 -9999 -9999 -9999 -9999 -9999 -9999 -9999 -9999 -9999 -9999 -9999 -9999 -9999 -9999 -9999 -9999 -9999 -9999 -9999 -9999 -9999 -9999 -9999
5.52027E-1 4.7784E-1 4.04484E-1 3.91305E-1 3.3555E-1 3.32584E-1 3.18909E-1 2.56782E-1 2.64317E-1 3.52136E-1 4.10509E-1 3.72524E-1 3.15378E-1 2.31528E-1 2.17581E-1 2.7464E-1 1.9447E-1 1.79427E-1 1.80361E-1 2.34469E-1 3.22742E-1 5.11802E-1 5.73308E-1 5.65582E-1 5.64122E-1 5.78834E-1 5.21316E-1 4.52628E-1 3.61209E-1 3.11698E-1 4.07577E-1 6.65307E-1 6.99833E-1 7.19972E-1 8.70129E-1 9.30877E-1 9.89885E-1 9.90432E-1 9.8597E-1 9.89835E-1 9.90727E-1 9.96532E-1 9.98433E-1 9.97485E-1 9.89171E-1 8.37346E-1 9.5718E-1 9.833E-1 9.77058E-1 9.97543E-1 9.81378E-1 -9999 -9999 -9999 -9999 -9999 -9999 -9999 -9999 -9999 -9999 -9999 -9999 -9999 -9999 -9999 -9999 -9999 -9999 -9999 -9999 -9999
3.18359E-1 2.86677E-1 3.43115E-1 3.43045E-1 3.6672E-1 3.43587E-1 3.22939E-1 3.41817E-1 2.92589E-1 2.79134E-1 3.36582E-1 3.29027E-1 3.37133E-1 3.73085E-1 4.16582E-1 2.42209E-1 2.34555E-1 2.98113E-1 3.33679E-1 4.07763E-1 4.37551E-1 5.22873E-1 6.14858E-1 6.08026E-1 5.80714E-1 5.93167E-1 5.91716E-1 5.609E-1 5.8939E-1 6.348E-1 6.25236E-1 7.02363E-1 5.77833E-1 4.71213E-1 5.3056E-1 7.34516E-1 6.88649E-1 8.25951E-1 8.44782E-1 8.83292E-1 9.77752E-1 9.96758E-1 9.9784E-1 9.9752E-1 9.89999E-1 9.2562E-1 9.93896E-1 9.68375E-1 9.52398E-1 9.854E-1 9.877E-1 9.70417E-1 -9999 -9999 -9999 -9999 -9999 -9999 -9999 -9999 -9999 -9999 -9999 -9999 -9999 -9999 -9999 -9999 -9999 -9999 -9999 -9999
3.52755E-1 3.40582E-1 2.58254E-1 3.16985E-1 3.9019E-1 3.8482E-1 4.37337E-1 4.01914E-1 3.46501E-1 3.54198E-1 3.20651E-1 3.23601E-1 3.728E-1 3.77122E-1 4.38262E-1 4.70628E-1 3.84843E-1 3.67697E-1 3.71627E-1 3.49051E-1 4.42555E-1 4.58304E-1 5.2895E-1 4.68371E-1 3.33841E-1 2.79755E-1 2.80959E-1 2.57244E-1 3.69252E-1 4.80127E-1 4.7809E-1 5.37045E-1 6.02902E-1 5.99613E-1 3.92925E-1 4.52645E-1 5.89744E-1 5.91078E-1 7.00614E-1 7.2235E-1 7.26147E-1 8.59359E-1 9.67034E-1 9.94929E-1 9.98185E-1 9.93598E-1 9.7002E-1 9.42062E-1 9.38361E-1 9.8764E-1 9.68212E-1 9.69768E-1 -9999 -9999 -9999 -9999 -9999 -9999 -9999 -9999 -9999 -9999 -9999 -9999 -9999 -9999 -9999 -9999 -9999 -9999 -9999 -9999
5.3699E-1 5.31153E-1 4.85691E-1 4.25549E-1 4.44019E-1 4.9721E-1 4.72367E-1 4.24515E-1 3.55196E-1 3.3738E-1 3.0107E-1 2.92793E-1 3.82175E-1 3.81656E-1 2.65583E-1 3.75044E-1 3.65775E-1 3.87747E-1 3.53406E-1 2.81277E-1 2.55999E-1 2.78583E-1 3.26058E-1 3.58018E-1 3.26462E-1 3.36243E-1 3.19562E-1 3.33147E-1 3.44154E-1 3.08606E-1 2.96486E-1 3.32394E-1 3.3418E-1 5.35152E-1 3.93151E-1 2.97641E-1 4.66936E-1 5.84809E-1 3.77376E-1 7.10778E-1 6.81036E-1 5.97441E-1 7.86537E-1 9.3207E-1 9.80177E-1 9.92535E-1 9.38602E-1 9.87749E-1 9.96547E-1 9.87851E-1 9.70433E-1 -9999 -9999 -9999 -9999 -9999 -9999 -9999 -9999 -9999 -9999 -9999 -9999 -9999 -9999 -9999 -9999 8.21526E-1 8.03059E-1 7.85613E-1 7.07513E-1 -9999
5.35698E-1 4.80956E-1 4.38098E-1 4.49848E-1 3.89223E-1 4.88929E-1 3.89873E-1 4.17399E-1 3.85735E-1 4.04083E-1 3.2493E-1 2.84439E-1 2.67489E-1 3.73787E-1 2.97096E-1 2.94295E-1 2.96556E-1 3.46345E-1 3.59596E-1 3.19284E-1 2.41899E-1 3.06393E-1 2.97469E-1 3.48369E-1 4.30811E-1 4.56953E-1 4.67773E-1 4.19478E-1 4.04166E-1 3.29951E-1 2.80257E-1 3.37966E-1 2.55251E-1 3.42215E-1 3.8287E-1 2.82665E-1 5.09532E-1 3.40916E-1 3.15601E-1 3.83966E-1 6.83511E-1 5.48108E-1 6.1186E-1 6.37625E-1 7.16873E-1 9.27583E-1 9.89162E-1 9.81677E-1 9.97192E-1 9.96714E-1 -9999 -9999 -9999 -9999 -9999 -9999 -9999 -9999 -9999 -9999 -9999 -9999 -9999 -9999 -9999 -9999 7.52537E-1 8.42999E-1 9.37636E-1 8.96283E-1 7.21779E-1 -9999
4.59822E-1 4.43696E-1 4.48348E-1 4.33879E-1 3.72277E-1 4.53889E-1 3.72122E-1 3.58476E-1 3.43041E-1 3.81614E-1 3.58689E-1 3.68082E-1 2.96476E-1 3.26355E-1 3.61351E-1 2.37057E-1 2.31376E-1 2.09162E-1 2.03669E-1 1.90699E-1 1.93559E-1 2.39603E-1 3.37929E-1 3.71658E-1 4.07286E-1 3.46371E-1 3.12139E-1 3.44659E-1 2.67304E-1 3.15049E-1 3.41717E-1 2.99948E-1 2.32072E-1 2.67183E-1 4.15418E-1 2.51742E-1 3.81306E-1 3.00523E-1 2.38444E-1 4.35557E-1 7.15907E-1 7.79798E-1 4.50253E-1 3.91053E-1 5.93067E-1 7.61917E-1 7.68516E-1 8.21871E-1 9.37031E-1 9.98484E-1 -9999 -9999 -9999 -9999 -9999 -9999 -9999 -9999 -9999 -9999 -9999 -9999 -9999 -9999 -9999 -9999 7.26636E-1 9.15008E-1 8.70803E-1 8.57099E-1 7.36627E-1 7.00536E-1
5.29096E-1 5.06412E-1 5.13418E-1 4.83438E-1 4.51077E-1 3.81081E-1 4.02179E-1 3.55746E-1 3.54351E-1 3.58514E-1 4.04648E-1 3.97609E-1 3.66921E-1 3.76293E-1 3.67738E-1 2.8835E-1 2.76201E-1 1.78235E-1 1.57141E-1 2.44186E-1 2.95016E-1 2.98603E-1 3.49376E-1 3.64119E-1 3.25282E-1 3.29626E-1 3.57262E-1 3.84148E-1 3.51751E-1 3.80953E-1 2.58298E-1 2.2188E-1 1.95593E-1 2.25354E-1 2.61878E-1 2.63676E-1 2.91874E-1 2.39094E-1 3.93492E-1 5.47949E-1 4.10346E-1 6.56883E-1 3.89237E-1 3.27745E-1 3.63841E-1 5.79881E-1 5.62321E-1 4.8377E-1 7.04283E-1 9.78052E-1 -9999 -9999 -9999 -9999 -9999 -9999 -9999 -9999 -9999 -9999 -9999 -9999 -9999 -9999 -9999 -9999 -9999 7.80835E-1 9.06087E-1 8.68797E-1 7.27548E-1 6.67045E-1
4.68654E-1 4.37773E-1 4.50863E-1 4.98813E-1 4.44884E-1 3.68685E-1 3.49188E-1 3.20883E-1 3.16453E-1 3.31079E-1 3.56635E-1 3.71682E-1 3.62142E-1 4.29924E-1 3.43778E-1 3.08834E-1 2.25041E-1 1.82643E-1 1.97887E-1 3.34071E-1 2.92387E-1 2.04137E-1 1.9878E-1 2.08292E-1 2.27015E-1 2.72559E-1 3.42066E-1 2.45344E-1 2.41733E-1 2.07851E-1 2.09867E-1 2.87944E-1 2.55605E-1 2.18669E-1 2.37008E-1 2.09519E-1 2.1595E-1 2.35577E-1 3.2507E-1 4.1637E-1 3.01375E-1 4.86805E-1 5.68951E-1 3.63371E-1 3.26357E-1 4.01169E-1 5.74354E-1 3.68588E-1 5.47439E-1 7.19316E-1 9.94665E-1 -9999 -9999 -9999 -9999 -9999 -9999 -9999 -9999 -9999 -9999 -9999 -9999 -9999 -9999 -9999 7.65964E-1 6.72639E-1 7.88888E-1 8.55292E-1 7.58319E-1 6.56866E-1
4.78979E-1 3.99634E-1 3.71253E-1 3.70759E-1 3.73066E-1 3.48434E-1 3.30058E-1 3.24669E-1 3.12576E-1 3.08398E-1 3.33826E-1 3.3241E-1 2.97967E-1 3.56621E-1 4.01802E-1 2.91679E-1 2.69362E-1 2.45689E-1 2.36079E-1 3.27163E-1 3.22195E-1 2.93201E-1 2.45427E-1 2.1126E-1 1.7531E-1 1.95311E-1 2.306E-1 2.68889E-1 2.19222E-1 2.09806E-1 2.14168E-1 3.04901E-1 2.70009E-1 2.89278E-1 3.04301E-1 1.95354E-1 2.16381E-1 1.8815E-1 2.42945E-1 2.73128E-1 2.3029E-1 3.38813E-1 5.3955E-1 5.70981E-1 4.80812E-1 3.15153E-1 4.4024E-1 3.13073E-1 3.94832E-1 5.09623E-1 9.44573E-1 9.98769E-1 -9999 -9999 -9999 -9999 -9999 -9999 -9999 -9999 -9999 -9999 -9999 -9999 -9999 -9999 -9999 -9999 6.99884E-1 6.38041E-1 6.53232E-1 -9999
3.50882E-1 3.41439E-1 3.72387E-1 3.57096E-1 3.35033E-1 3.26564E-1 3.3502E-1 3.08227E-1 2.75193E-1 2.805E-1 2.9152E-1 3.01296E-1 3.10014E-1 3.1396E-1 4.23732E-1 3.48248E-1 2.94249E-1 2.34707E-1 2.1594E-1 3.77051E-1 3.00876E-1 1.98568E-1 1.40876E-1 2.01073E-1 1.61039E-1 2.19445E-1 2.21419E-1 3.29114E-1 2.51214E-1 3.40634E-1 3.57877E-1 3.3758E-1 2.58705E-1 3.58418E-1 3.80738E-1 2.62447E-1 1.97014E-1 2.38447E-1 2.25735E-1 2.86115E-1 2.73657E-1 3.42124E-1 4.68467E-1 5.64779E-1 4.68062E-1 3.97225E-1 2.60861E-1 2.49468E-1 4.35259E-1 6.01884E-1 8.50644E-1 9.94131E-1 9.9892E-1 -9999 -9999 -9999 -9999 -9999 -9999 -9999 -9999 -9999 -9999 -9999 -9999 -9999 -9999 -9999 -9999 -9999 -9999 -9999
3.26645E-1 2.89492E-1 3.16155E-1 3.72934E-1 3.69109E-1 3.77461E-1 3.8215E-1 3.43889E-1 3.15076E-1 3.00192E-1 3.14071E-1 2.92749E-1 3.12894E-1 3.98604E-1 4.13174E-1 3.62629E-1 3.7062E-1 2.49895E-1 3.15907E-1 2.98857E-1 2.84714E-1 1.8421E-1 1.79676E-1 2.75947E-1 2.26606E-1 3.32724E-1 1.92998E-1 2.5607E-1 4.12907E-1 4.04307E-1 3.19222E-1 2.48727E-1 3.16768E-1 2.97512E-1 2.63952E-1 2.93598E-1 1.95563E-1 2.43529E-1 2.56875E-1 4.41218E-1 4.02667E-1 4.12649E-1 4.14994E-1 3.85857E-1 3.6078E-1 3.43363E-1 3.42772E-1 3.12978E-1 3.06322E-1 3.5347E-1 5.78748E-1 8.26195E-1 9.63094E-1 9.97368E-1 -9999 -9999 -9999 -9999 -9999 -9999 -9999 -9999 -9999 -9999 -9999 -9999 -9999 -9999 -9999 -9999 -9999 -9999
3.73564E-1 3.12013E-1 3.24244E-1 3.41948E-1 3.81036E-1 4.0609E-1 4.1061E-1 4.08805E-1 3.86872E-1 3.46381E-1 3.258E-1 3.40669E-1 3.65903E-1 3.86731E-1 4.04549E-1 3.86272E-1 3.31337E-1 2.31799E-1 2.59638E-1 2.87842E-1 1.86102E-1 1.72461E-1 2.92583E-1 2.81866E-1 3.17025E-1 3.65243E-1 3.82665E-1 3.76455E-1 2.7416E-1 3.27597E-1 4.49153E-1 3.99323E-1 2.72172E-1 2.14014E-1 2.43656E-1 2.46541E-1 2.08603E-1 2.94454E-1 2.74209E-1 3.57223E-1 4.05988E-1 2.98627E-1 2.92956E-1 3.44476E-1 3.82573E-1 3.28852E-1 2.26886E-1 2.9356E-1 3.66191E-1 3.45371E-1 4.83253E-1 7.52275E-1 8.43419E-1 9.6887E-1 -9999 -9999 -9999 -9999 -9999 -9999 -9999 -9999 -9999 -9999 -9999 -9999 -9999 -9999 -9999 -9999 -9999 -9999
3.67799E-1 3.73171E-1 3.59914E-1 3.52258E-1 3.11413E-1 3.20749E-1 3.34348E-1 3.25018E-1 3.56991E-1 3.59877E-1 3.42185E-1 3.56941E-1 3.80426E-1 4.42566E-1 4.63918E-1 4.76535E-1 4.01368E-1 2.86171E-1 2.43452E-1 3.26988E-1 2.91954E-1 1.83653E-1 2.97452E-1 2.81476E-1 4.05469E-1 4.85044E-1 4.20285E-1 3.5378E-1 3.38583E-1 3.10306E-1 3.1336E-1 2.97918E-1 4.04717E-1 3.99165E-1 2.67085E-1 2.74337E-1 2.28666E-1 3.23594E-1 2.72264E-1 3.45938E-1 3.62597E-1 2.90327E-1 3.2942E-1 2.43191E-1 3.3346E-1 3.31274E-1 2.77454E-1 2.43532E-1 4.94907E-1 3.28942E-1 3.74372E-1 6.73209E-1 9.47541E-1 9.8668E-1 9.85558E-1 -9999 -9999 -9999 -9999 -9999 -9999 -9999 -9999 -9999 -9999 -9999 -9999 -9999 -9999 -9999 -9999 -9999
3.78966E-1 3.71627E-1 3.88272E-1 3.96859E-1 3.45049E-1 3.14972E-1 3.00227E-1 3.22698E-1 3.44971E-1 3.81257E-1 3.96431E-1 4.08967E-1 4.17295E-1 4.80372E-1 5.64194E-1 5.46941E-1 5.39846E-1 5.04585E-1 3.91109E-1 3.18278E-1 3.16781E-1 2.63821E-1 1.89342E-1 3.29797E-1 4.76462E-1 4.31365E-1 3.24676E-1 2.98506E-1 3.25895E-1 3.96687E-1 3.58335E-1 3.51345E-1 2.56781E-1 3.266E-1 3.99802E-1 3.90742E-1 3.08799E-1 4.02181E-1 3.23512E-1 2.44893E-1 2.50362E-1 2.82965E-1 3.23029E-1 2.57723E-1 2.51721E-1 3.9018E-1 2.41466E-1 2.48253E-1 4.26751E-1 4.81514E-1 2.57124E-1 4.67395E-1 7.99011E-1 9.84585E-1 9.78613E-1 -9999 -9999 -9999 -9999 -9999 -9999 -9999 -9999 -9999 -9999 -9999 -9999 -9999 -9999 -9999 -9999 -9999
4.41603E-1 3.70592E-1 3.92115E-1 4.92146E-1 3.85808E-1 3.14911E-1 3.37528E-1 3.55422E-1 3.87314E-1 3.79907E-1 4.6005E-1 4.48021E-1 4.62745E-1 4.95693E-1 5.15397E-1 5.22925E-1 5.60786E-1 5.42674E-1 4.31011E-1 3.60921E-1 2.53027E-1 2.18708E-1 3.27243E-1 3.45434E-1 2.32554E-1 2.29898E-1 2.57562E-1 3.77108E-1 3.3589E-1 3.1573E-1 3.0111E-1 3.01642E-1 2.82553E-1 2.24339E-1 2.0081E-1 3.03726E-1 2.04225E-1 3.95254E-1 2.68397E-1 1.84782E-1 1.91534E-1 3.33482E-1 3.50911E-1 3.08589E-1 2.13039E-1 2.77838E-1 2.80053E-1 2.92464E-1 3.56003E-1 6.6258E-1 4.03057E-1 3.72463E-1 6.3155E-1 9.7779E-1 -9999 -9999 -9999 -9999 -9999 -9999 -9999 -9999 -9999 -9999 -9999 -9999 -9999 -9999 -9999 -9999 -9999 -9999
5.35096E-1 4.25769E-1 4.81292E-1 5.409E-1 5.79011E-1 4.18136E-1 3.74996E-1 4.07538E-1 4.11702E-1 4.50283E-1 4.63923E-1 5.34428E-1 5.25738E-1 5.27886E-1 5.72895E-1 5.31699E-1 5.52498E-1 5.39351E-1 4.74197E-1 4.33372E-1 3.69231E-1 2.7333E-1 3.2962E-1 2.5947E-1 2.57308E-1 2.60605E-1 3.47367E-1 2.96942E-1 3.01646E-1 3.32459E-1 3.17214E-1 2.94633E-1 2.63935E-1 2.55269E-1 2.5176E-1 2.57504E-1 2.22511E-1 2.98952E-1 1.94012E-1 2.00613E-1 2.35882E-1 2.1135E-1 1.81344E-1 2.15687E-1 2.13132E-1 2.21607E-1 2.26844E-1 2.61739E-1 3.74354E-1 6.04298E-1 6.74147E-1 5.20376E-1 8.60115E-1 9.80164E-1 -9999 -9999 -9999 -9999 -9999 -9999 -9999 -9999 -9999 -9999 -9999 -9999 -9999 -9999 -9999 -9999 -9999 -9999
5.76401E-1 5.77154E-1 5.64674E-1 5.76045E-1 6.05976E-1 5.9942E-1 4.93456E-1 4.67585E-1 4.76864E-1 4.7956E-1 5.37962E-1 5.6811E-1 5.00248E-1 4.67362E-1 5.53179E-1 5.26461E-1 5.43726E-1 4.39942E-1 3.83002E-1 5.18673E-1 4.18669E-1 3.61166E-1 3.38796E-1 2.87175E-1 3.24165E-1 3.64002E-1 3.7516E-1 3.56526E-1 3.94856E-1 4.17057E-1 4.34068E-1 3.83945E-1 3.44948E-1 2.98817E-1 2.92991E-1 3.22157E-1 2.97687E-1 3.01309E-1 2.56208E-1 2.32142E-1 2.77628E-1 2.17775E-1 2.01902E-1 1.8181E-1 2.5685E-1 2.7785E-1 2.33747E-1 3.91567E-1 5.24443E-1 4.84278E-1 6.91153E-1 8.62363E-1 9.25757E-1 9.76218E-1 -9999 -9999 -9999 -9999 -9999 -9999 -9999 -9999 -9999 -9999 -9999 -9999 -9999 -9999 -9999 -9999 -9999 -9999
5.66689E-1 5.91181E-1 5.93243E-1 6.04548E-1 5.79221E-1 5.69781E-1 5.44301E-1 5.2356E-1 4.8938E-1 5.01571E-1 5.4773E-1 5.51434E-1 5.08112E-1 4.84127E-1 5.04299E-1 5.90589E-1 4.89165E-1 4.56268E-1 4.28382E-1 5.39269E-1 4.85378E-1 4.87439E-1 3.68873E-1 3.57323E-1 3.82882E-1 3.73539E-1 3.86001E-1 4.45895E-1 4.35149E-1 4.79386E-1 4.86019E-1 4.62617E-1 4.10043E-1 4.08705E-1 3.31559E-1 3.67981E-1 3.43505E-1 3.248E-1 3.2558E-1 3.51146E-1 3.45196E-1 2.89485E-1 2.28897E-1 2.3023E-1 2.76638E-1 2.99434E-1 2.18752E-1 3.1459E-1 3.28034E-1 4.37102E-1 7.25963E-1 8.5868E-1 9.58102E-1 9.7112E-1 -9999 -9999 -9999 -9999 -9999 -9999 -9999 -9999 -9999 -9999 -9999 -9999 -9999 -9999 -9999 -9999 -9999 -9999
5.63442E-1 5.87924E-1 6.11716E-1 5.92439E-1 5.5196E-1 5.35198E-1 5.58401E-1 5.55739E-1 5.41067E-1 5.61583E-1 5.96826E-1 5.65035E-1 5.6672E-1 4.77698E-1 4.78371E-1 5.93844E-1 5.18521E-1 4.50607E-1 5.08938E-1 5.2146E-1 4.33983E-1 5.73391E-1 4.4751E-1 3.94213E-1 4.18296E-1 3.96346E-1 3.9404E-1 4.1943E-1 4.79797E-1 5.21032E-1 6.40619E-1 6.69386E-1 5.62801E-1 4.87087E-1 4.75991E-1 4.18836E-1 3.98787E-1 3.95974E-1 3.37724E-1 3.51912E-1 4.2169E-1 4.52889E-1 3.39578E-1 3.07599E-1 3.56863E-1 3.03546E-1 3.43357E-1 3.08278E-1 3.82981E-1 5.9681E-1 8.71386E-1 8.9576E-1 9.48263E-1 9.57845E-1 -9999 -9999 -9999 -9999 -9999 -9999 -9999 -9999 -9999 -9999 -9999 -9999 -9999 -9999 -9999 -9999 -9999 -9999
5.98336E-1 6.18107E-1 6.05335E-1 5.71561E-1 5.46884E-1 5.62791E-1 5.77406E-1 5.48357E-1 5.30519E-1 5.86657E-1 6.02057E-1 5.45126E-1 5.07276E-1 4.49581E-1 4.91994E-1 5.77894E-1 5.51091E-1 4.72498E-1 5.32888E-1 4.94667E-1 4.50452E-1 5.81401E-1 5.40642E-1 4.68396E-1 5.07333E-1 5.18463E-1 4.29825E-1 4.39801E-1 5.17358E-1 6.19828E-1 6.78294E-1 6.9569E-1 6.74418E-1 6.50439E-1 6.1048E-1 5.69943E-1 5.59088E-1 5.35663E-1 5.08574E-1 4.99965E-1 5.16916E-1 6.12328E-1 6.45975E-1 5.67437E-1 5.44392E-1 5.03559E-1 2.41327E-1 4.54934E-1 6.19285E-1 7.52117E-1 8.92372E-1 9.39269E-1 9.46971E-1 -9999 -9999 -9999 -9999 -9999 -9999 -9999 -9999 -9999 -9999 -9999 -9999 -9999 -9999 -9999 -9999 -9999 -9999 -9999
