Artocarpus altilis SDM files/MIS19/results (with bias file)/Artalt_avg.asc
ncols         1201
nrows         481
xllcorner     119.99986351115
yllcorner     -15.00013828885
cellsize      0.041666667
NODATA_value  -9999
[rows 320 to 351 of 481, columns 504 to 575 of 1201]
3.9278E-1 4.00029E-1 3.83064E-1 3.85726E-1 3.83475E-1 3.94815E-1 3.90915E-1 3.89913E-1 3.86746E-1 3.88594E-1 3.84003E-1 3.96241E-1 3.97849E-1 3.99914E-1 3.93077E-1 3.86381E-1 3.81075E-1 4.10892E-1 4.14522E-1 4.12966E-1 4.0869E-1 4.20447E-1 4.26079E-1 4.34955E-1 4.07852E-1 4.06583E-1 4.20067E-1 4.32403E-1 4.40852E-1 4.38083E-1 4.18028E-1 4.40064E-1 4.2612E-1 4.41851E-1 4.39486E-1 4.42344E-1 4.49571E-1 4.58281E-1 4.76451E-1 4.77342E-1 4.62792E-1 4.85547E-1 4.83872E-1 4.85291E-1 4.90722E-1 4.90332E-1 4.92719E-1 4.95706E-1 4.92439E-1 4.9192E-1 5.12236E-1 5.22785E-1 5.22839E-1 5.23464E-1 5.57074E-1 5.34044E-1 5.31984E-1 5.52825E-1 5.45636E-1 5.48372E-1 5.87279E-1 5.74248E-1 5.94782E-1 6.03706E-1 -9999 -9999 -9999 -9999 -9999 -9999 -9999 -9999
3.87316E-1 3.94849E-1 4.00211E-1 3.90744E-1 3.82106E-1 3.88566E-1 3.98488E-1 3.91816E-1 4.00015E-1 3.77626E-1 3.82883E-1 3.85879E-1 3.87999E-1 4.01865E-1 3.7988E-1 3.83085E-1 3.87474E-1 4.00188E-1 3.97855E-1 3.94448E-1 4.09932E-1 4.18209E-1 4.18601E-1 4.21708E-1 4.18426E-1 4.22002E-1 4.42748E-1 4.28546E-1 4.2555E-1 4.11088E-1 4.30928E-1 4.36482E-1 4.44835E-1 4.52124E-1 4.50374E-1 4.65451E-1 4.74352E-1 4.65948E-1 4.71328E-1 4.6409E-1 4.73568E-1 4.8619E-1 4.86735E-1 4.92439E-1 4.96452E-1 4.9387E-1 5.09795E-1 5.00008E-1 5.18019E-1 5.17255E-1 5.17519E-1 5.19488E-1 5.3714E-1 5.57292E-1 5.46551E-1 5.45489E-1 5.55014E-1 5.46245E-1 5.53305E-1 5.60054E-1 5.65307E-1 5.7602E-1 5.71055E-1 5.66431E-1 5.93807E-1 -9999 -9999 -9999 -9999 -9999 -9999 -9999
3.85483E-1 3.90862E-1 3.89441E-1 3.81435E-1 3.79991E-1 3.83252E-1 3.86142E-1 3.93354E-1 3.87474E-1 3.81599E-1 3.77325E-1 4.01541E-1 3.90731E-1 3.89595E-1 3.88445E-1 3.93289E-1 3.81698E-1 3.83754E-1 3.84896E-1 3.9399E-1 3.95693E-1 4.14891E-1 4.02652E-1 4.17566E-1 4.08336E-1 4.01323E-1 4.2632E-1 4.42604E-1 4.29248E-1 4.20406E-1 4.11561E-1 4.33829E-1 4.30961E-1 4.44699E-1 4.47969E-1 4.65409E-1 4.65666E-1 4.77997E-1 4.71054E-1 4.5944E-1 4.89773E-1 4.90337E-1 4.98617E-1 4.99422E-1 4.93331E-1 5.11121E-1 5.14654E-1 5.17086E-1 5.18881E-1 5.15735E-1 5.43627E-1 5.40167E-1 5.52931E-1 5.53778E-1 5.29988E-1 5.54191E-1 5.48811E-1 5.49011E-1 5.74727E-1 5.60088E-1 5.84202E-1 5.77024E-1 5.71273E-1 5.75702E-1 5.90485E-1 -9999 -9999 -9999 -9999 -9999 -9999 -9999
3.8866E-1 3.94401E-1 3.95197E-1 4.02241E-1 3.93618E-1 3.81138E-1 3.84288E-1 3.87118E-1 3.90504E-1 3.93106E-1 3.94541E-1 3.93586E-1 3.84221E-1 3.81261E-1 3.92988E-1 3.89604E-1 3.87841E-1 3.9939E-1 3.79205E-1 3.81228E-1 3.88872E-1 3.97458E-1 3.95722E-1 4.24048E-1 4.12272E-1 4.06295E-1 4.2849E-1 4.22203E-1 4.23026E-1 4.40578E-1 4.14598E-1 4.17769E-1 4.26591E-1 4.40625E-1 4.55483E-1 4.68112E-1 4.6901E-1 4.76428E-1 4.63902E-1 4.53099E-1 4.82252E-1 4.92269E-1 4.82761E-1 4.78214E-1 4.97079E-1 4.94339E-1 5.19318E-1 5.20836E-1 5.27869E-1 5.30517E-1 5.49258E-1 5.52241E-1 5.54032E-1 5.54707E-1 5.53349E-1 5.54928E-1 5.6704E-1 5.61415E-1 5.73059E-1 5.73937E-1 5.84137E-1 5.83284E-1 5.96477E-1 5.94978E-1 6.24254E-1 6.24156E-1 6.28243E-1 -9999 -9999 -9999 -9999 -9999
3.8619E-1 4.12005E-1 3.8992E-1 3.91097E-1 3.95529E-1 3.80446E-1 3.83256E-1 3.83612E-1 3.91661E-1 3.92052E-1 3.88644E-1 3.92391E-1 3.87756E-1 3.97867E-1 3.84505E-1 3.92363E-1 3.97117E-1 3.91551E-1 3.91921E-1 3.7874E-1 3.80868E-1 3.83517E-1 3.88164E-1 4.00232E-1 4.03658E-1 3.94575E-1 4.21516E-1 4.17653E-1 4.2589E-1 4.2724E-1 4.13552E-1 4.09452E-1 4.24802E-1 4.3464E-1 4.48186E-1 4.39934E-1 4.67996E-1 4.75645E-1 4.61194E-1 4.61158E-1 4.75767E-1 4.91935E-1 4.74759E-1 4.62219E-1 4.90034E-1 4.8586E-1 4.9365E-1 5.18049E-1 5.26097E-1 5.35593E-1 5.31206E-1 5.43633E-1 5.42025E-1 5.6723E-1 5.50086E-1 5.74778E-1 5.86176E-1 5.81918E-1 6.11462E-1 6.041E-1 5.98574E-1 6.00848E-1 6.03493E-1 6.03506E-1 6.23465E-1 6.32399E-1 6.23953E-1 6.45023E-1 -9999 -9999 -9999 -9999
3.84541E-1 4.04413E-1 3.99879E-1 3.89595E-1 3.97394E-1 3.95681E-1 3.86172E-1 3.87717E-1 3.8873E-1 3.90622E-1 3.87415E-1 3.98037E-1 3.76609E-1 3.87494E-1 3.86064E-1 3.90779E-1 3.82894E-1 3.83607E-1 3.92919E-1 3.83773E-1 3.70358E-1 3.84567E-1 3.81822E-1 3.86962E-1 3.90231E-1 3.88784E-1 4.09684E-1 4.21909E-1 4.17585E-1 4.03771E-1 4.1282E-1 4.11271E-1 4.20398E-1 4.34712E-1 4.42187E-1 4.60063E-1 4.37983E-1 4.44414E-1 4.43635E-1 4.50554E-1 4.70182E-1 5.05083E-1 4.95403E-1 4.90588E-1 5.10548E-1 5.04229E-1 4.86605E-1 4.99978E-1 5.04091E-1 5.22473E-1 5.24498E-1 5.43633E-1 5.45311E-1 5.73249E-1 5.84861E-1 5.71952E-1 5.77497E-1 5.82326E-1 6.00527E-1 6.00484E-1 -9999 6.25606E-1 6.27695E-1 6.16748E-1 6.35807E-1 -9999 6.52555E-1 6.56271E-1 -9999 -9999 -9999 -9999
3.85946E-1 3.93303E-1 3.96437E-1 4.10759E-1 3.97681E-1 3.87919E-1 3.97427E-1 3.81002E-1 3.80918E-1 3.92079E-1 3.93127E-1 4.00925E-1 3.89296E-1 3.86447E-1 3.88364E-1 3.94731E-1 3.93226E-1 3.82519E-1 3.79239E-1 3.7675E-1 3.7936E-1 3.93761E-1 3.9078E-1 3.9757E-1 3.85283E-1 4.101E-1 4.05304E-1 4.11546E-1 3.9888E-1 3.97822E-1 4.05977E-1 4.12969E-1 4.21938E-1 4.4198E-1 4.3392E-1 4.37658E-1 4.5604E-1 4.56281E-1 4.64241E-1 4.92924E-1 4.98601E-1 5.10307E-1 4.95182E-1 4.80113E-1 5.1079E-1 4.99135E-1 5.02955E-1 4.81522E-1 5.00315E-1 5.27979E-1 5.20573E-1 5.26321E-1 5.7045E-1 5.72604E-1 5.73389E-1 5.67446E-1 5.93705E-1 6.02044E-1 6.00911E-1 6.16882E-1 6.28161E-1 6.22796E-1 -9999 -9999 -9999 -9999 -9999 6.80849E-1 -9999 -9999 -9999 -9999
4.02075E-1 4.05537E-1 4.06449E-1 4.1102E-1 3.95617E-1 3.90796E-1 3.93755E-1 3.95076E-1 3.99454E-1 3.88826E-1 3.84288E-1 3.82467E-1 3.79112E-1 3.86064E-1 3.78944E-1 3.89336E-1 4.06448E-1 4.00669E-1 3.83021E-1 3.90521E-1 3.78326E-1 3.92835E-1 3.97903E-1 3.88881E-1 3.99753E-1 3.873E-1 3.86292E-1 4.01736E-1 3.9107E-1 3.86603E-1 3.95818E-1 4.04511E-1 4.10866E-1 4.19435E-1 4.23275E-1 4.34484E-1 4.40337E-1 4.46725E-1 4.65783E-1 4.72482E-1 5.05182E-1 4.85052E-1 4.98654E-1 5.05309E-1 4.88069E-1 5.07357E-1 5.01195E-1 4.97491E-1 5.04451E-1 5.09178E-1 5.19985E-1 5.28041E-1 5.54679E-1 5.65332E-1 5.74173E-1 5.96999E-1 5.95154E-1 6.23523E-1 6.17864E-1 6.2889E-1 6.33025E-1 6.35532E-1 6.60419E-1 -9999 -9999 -9999 -9999 -9999 -9999 -9999 -9999 -9999
4.10076E-1 4.12542E-1 4.12939E-1 4.1049E-1 3.96752E-1 4.07024E-1 3.92696E-1 3.91093E-1 3.97348E-1 3.96368E-1 3.96219E-1 3.82277E-1 3.80807E-1 3.83713E-1 3.69876E-1 3.96819E-1 4.10701E-1 4.06225E-1 3.78366E-1 3.80145E-1 3.76889E-1 3.86271E-1 3.8487E-1 3.8719E-1 3.93383E-1 3.88133E-1 3.87368E-1 4.02439E-1 4.02538E-1 4.09939E-1 4.12035E-1 4.14194E-1 4.06356E-1 4.12045E-1 4.14139E-1 4.26586E-1 4.39717E-1 4.50596E-1 4.63927E-1 4.70858E-1 4.89194E-1 4.8874E-1 4.91442E-1 5.16263E-1 4.93051E-1 4.92479E-1 5.13955E-1 4.96417E-1 5.00271E-1 4.95799E-1 5.36286E-1 5.51185E-1 5.50398E-1 5.69225E-1 5.65361E-1 5.92479E-1 6.21578E-1 6.2209E-1 -9999 6.50863E-1 6.5615E-1 6.52184E-1 6.58981E-1 6.5669E-1 -9999 -9999 -9999 -9999 -9999 -9999 -9999 -9999
4.18835E-1 4.32886E-1 4.18955E-1 4.11187E-1 4.07111E-1 4.06314E-1 4.10904E-1 3.88433E-1 3.86629E-1 3.9522E-1 3.97207E-1 3.94951E-1 3.94255E-1 3.87741E-1 3.91773E-1 4.11141E-1 3.93419E-1 3.87848E-1 3.87121E-1 3.84213E-1 3.89879E-1 3.85314E-1 3.9093E-1 4.00175E-1 3.87301E-1 3.88603E-1 3.94123E-1 4.05288E-1 4.18918E-1 4.12357E-1 4.0837E-1 4.09865E-1 4.20766E-1 4.21863E-1 4.19483E-1 4.25486E-1 4.53516E-1 4.51383E-1 4.50533E-1 4.75432E-1 4.81539E-1 4.65726E-1 5.15937E-1 5.08343E-1 4.95134E-1 4.85826E-1 5.09373E-1 5.10164E-1 5.14578E-1 5.33771E-1 5.43209E-1 5.63171E-1 5.56314E-1 5.53072E-1 5.94575E-1 6.17372E-1 6.17691E-1 6.26348E-1 6.48543E-1 -9999 -9999 -9999 6.65816E-1 6.76229E-1 -9999 -9999 -9999 -9999 -9999 -9999 -9999 -9999
4.1945E-1 4.30145E-1 4.36473E-1 4.29052E-1 4.01917E-1 4.08215E-1 4.18018E-1 4.03475E-1 3.83818E-1 3.92747E-1 3.84517E-1 3.91186E-1 3.78353E-1 4.12324E-1 4.00399E-1 3.97271E-1 3.99396E-1 4.02736E-1 4.04578E-1 3.85399E-1 3.84194E-1 3.88787E-1 3.87011E-1 3.97642E-1 4.00666E-1 4.05001E-1 3.86445E-1 3.99605E-1 4.10684E-1 4.21746E-1 4.14722E-1 4.12457E-1 4.16473E-1 4.11984E-1 4.33897E-1 4.42789E-1 4.53039E-1 4.62908E-1 4.71342E-1 4.57379E-1 4.58526E-1 4.80212E-1 5.10704E-1 4.99466E-1 4.82566E-1 4.88196E-1 5.10481E-1 5.32524E-1 5.33981E-1 5.40128E-1 5.60245E-1 5.62573E-1 5.66438E-1 5.91445E-1 5.96608E-1 6.16585E-1 6.22362E-1 6.38072E-1 6.53038E-1 6.77054E-1 -9999 -9999 6.81099E-1 6.81417E-1 -9999 -9999 -9999 -9999 -9999 -9999 -9999 -9999
4.09861E-1 4.25337E-1 4.2452E-1 4.29132E-1 4.27871E-1 4.09597E-1 4.02934E-1 4.01776E-1 3.98252E-1 3.98084E-1 4.15502E-1 4.11982E-1 4.01966E-1 4.22733E-1 3.97201E-1 3.95701E-1 3.99422E-1 3.97155E-1 3.93851E-1 4.0402E-1 4.08719E-1 3.89383E-1 3.88824E-1 4.047E-1 4.00484E-1 3.98444E-1 4.05557E-1 4.10912E-1 4.18744E-1 4.16671E-1 4.09676E-1 4.13018E-1 4.1937E-1 4.25768E-1 4.35255E-1 4.45464E-1 4.53322E-1 4.54882E-1 4.67928E-1 4.73772E-1 4.8023E-1 4.87777E-1 4.95681E-1 5.01639E-1 5.03288E-1 5.24952E-1 5.27301E-1 5.33327E-1 5.3517E-1 5.62954E-1 5.83579E-1 5.83843E-1 5.88036E-1 6.13194E-1 6.13667E-1 6.3569E-1 6.49033E-1 6.42611E-1 6.46939E-1 6.69345E-1 -9999 -9999 -9999 -9999 -9999 -9999 -9999 -9999 -9999 -9999 -9999 -9999
4.28721E-1 4.35221E-1 4.29326E-1 4.26314E-1 4.22962E-1 4.25895E-1 4.34306E-1 4.0333E-1 4.20672E-1 4.27801E-1 4.09148E-1 4.22479E-1 4.27265E-1 4.23593E-1 4.09857E-1 4.21506E-1 4.00109E-1 3.97338E-1 4.00083E-1 4.03791E-1 4.03126E-1 4.06233E-1 4.1023E-1 4.07257E-1 4.16045E-1 4.21203E-1 4.03625E-1 4.11252E-1 4.14855E-1 4.31148E-1 4.425E-1 4.28615E-1 4.38465E-1 4.46177E-1 4.50243E-1 4.58572E-1 4.54934E-1 4.54749E-1 4.61697E-1 4.7419E-1 4.80419E-1 4.86197E-1 5.08696E-1 5.1476E-1 5.05604E-1 5.17708E-1 5.54907E-1 5.62209E-1 5.87255E-1 5.63435E-1 5.85021E-1 6.09966E-1 6.1632E-1 6.20991E-1 6.40719E-1 6.47655E-1 6.56581E-1 6.57093E-1 -9999 -9999 -9999 -9999 -9999 -9999 -9999 -9999 -9999 -9999 -9999 -9999 -9999 -9999
4.52545E-1 4.64879E-1 4.34933E-1 4.31585E-1 4.2505E-1 4.30474E-1 4.36869E-1 4.15847E-1 4.30969E-1 4.13727E-1 4.16048E-1 4.24197E-1 4.22245E-1 4.19058E-1 4.18857E-1 4.31057E-1 4.12657E-1 4.23473E-1 4.27857E-1 4.02906E-1 3.87184E-1 3.93701E-1 4.0338E-1 4.02719E-1 4.13815E-1 4.19756E-1 4.35682E-1 4.33396E-1 4.44687E-1 4.51922E-1 4.46929E-1 4.48176E-1 4.57447E-1 4.63032E-1 4.50029E-1 4.58342E-1 4.64598E-1 4.77684E-1 4.83216E-1 4.9005E-1 4.92143E-1 4.98187E-1 5.22054E-1 5.32381E-1 5.34425E-1 5.52977E-1 5.61093E-1 5.5861E-1 5.61234E-1 5.66591E-1 5.91497E-1 5.96936E-1 6.18542E-1 6.35848E-1 6.39259E-1 6.70671E-1 6.6783E-1 6.52185E-1 -9999 -9999 -9999 -9999 -9999 -9999 -9999 -9999 -9999 -9999 -9999 -9999 -9999 -9999
4.6363E-1 4.81603E-1 4.70253E-1 4.63883E-1 4.23706E-1 4.38466E-1 4.41632E-1 4.3774E-1 4.38347E-1 4.28763E-1 4.34922E-1 4.35134E-1 4.26278E-1 4.21079E-1 4.13482E-1 4.19175E-1 4.32881E-1 4.29386E-1 4.3082E-1 4.14862E-1 4.07919E-1 4.21934E-1 4.19645E-1 4.20109E-1 4.13845E-1 4.22857E-1 4.30198E-1 4.35623E-1 4.41999E-1 4.43754E-1 4.66893E-1 4.71992E-1 4.5104E-1 4.6072E-1 4.68025E-1 4.89174E-1 4.94062E-1 4.95921E-1 5.02248E-1 5.09825E-1 5.14914E-1 5.26271E-1 5.36202E-1 5.54028E-1 5.64492E-1 5.52525E-1 5.67031E-1 5.82402E-1 5.79582E-1 5.81731E-1 5.90901E-1 6.02696E-1 6.32408E-1 6.50671E-1 6.65374E-1 6.7029E-1 6.72541E-1 6.76313E-1 -9999 -9999 -9999 -9999 -9999 -9999 -9999 -9999 -9999 -9999 -9999 -9999 -9999 -9999
4.8978E-1 4.76801E-1 4.87598E-1 4.7001E-1 4.48893E-1 4.30492E-1 4.65215E-1 4.46352E-1 4.51931E-1 4.44525E-1 4.44631E-1 4.489E-1 4.48146E-1 4.25167E-1 4.17776E-1 4.15267E-1 4.20683E-1 4.26232E-1 4.14645E-1 4.14913E-1 4.17715E-1 4.20047E-1 4.14637E-1 4.28117E-1 4.30161E-1 4.3085E-1 4.30022E-1 4.45127E-1 4.42275E-1 4.5103E-1 4.63089E-1 4.71816E-1 4.77836E-1 4.86705E-1 4.94196E-1 4.91255E-1 4.95818E-1 5.01683E-1 5.25175E-1 5.30842E-1 5.33134E-1 5.49472E-1 5.56365E-1 5.62578E-1 5.66024E-1 5.73055E-1 5.74264E-1 5.90616E-1 5.97489E-1 6.097E-1 5.90808E-1 6.10933E-1 6.35024E-1 6.51688E-1 6.64986E-1 6.82541E-1 6.83338E-1 6.84123E-1 6.85098E-1 -9999 -9999 -9999 -9999 -9999 -9999 -9999 -9999 -9999 -9999 -9999 -9999 -9999
5.14584E-1 4.86326E-1 4.86559E-1 4.66594E-1 4.59183E-1 4.58449E-1 4.64432E-1 4.64592E-1 4.65782E-1 4.4705E-1 4.50654E-1 4.55339E-1 4.49649E-1 4.53106E-1 4.50315E-1 4.44806E-1 4.24693E-1 4.25246E-1 4.20896E-1 4.32287E-1 4.29903E-1 4.1222E-1 4.31427E-1 4.3945E-1 4.42699E-1 4.49434E-1 4.56006E-1 4.61447E-1 4.66182E-1 4.71647E-1 4.85259E-1 4.96652E-1 4.8961E-1 4.97223E-1 5.0306E-1 5.07895E-1 5.24339E-1 5.26125E-1 5.29818E-1 5.36076E-1 5.45972E-1 5.56642E-1 5.62407E-1 5.63483E-1 5.71497E-1 5.72575E-1 5.77867E-1 5.98298E-1 6.00685E-1 6.21324E-1 6.33928E-1 6.39063E-1 6.37442E-1 6.45654E-1 6.71793E-1 6.70356E-1 6.79771E-1 6.80038E-1 6.97337E-1 -9999 -9999 -9999 -9999 -9999 -9999 -9999 -9999 -9999 -9999 -9999 -9999 -9999
5.26457E-1 5.09304E-1 4.96699E-1 4.99271E-1 4.89689E-1 4.7745E-1 4.65127E-1 4.80826E-1 4.77525E-1 4.69734E-1 4.76522E-1 4.61632E-1 4.5704E-1 4.50997E-1 4.57478E-1 4.54582E-1 4.51425E-1 4.41533E-1 4.40859E-1 4.37585E-1 4.27389E-1 4.34996E-1 4.38045E-1 4.51538E-1 4.5627E-1 4.62949E-1 4.65164E-1 4.74312E-1 4.79612E-1 4.89003E-1 4.90241E-1 4.95302E-1 4.98889E-1 5.31919E-1 5.3514E-1 5.11829E-1 5.17918E-1 5.31683E-1 5.38288E-1 5.60009E-1 5.69203E-1 5.80199E-1 5.6785E-1 5.67598E-1 5.93E-1 5.93826E-1 6.02638E-1 6.191E-1 6.25699E-1 6.30582E-1 6.61724E-1 6.64476E-1 6.57538E-1 6.62423E-1 6.72435E-1 6.88341E-1 6.9202E-1 6.96186E-1 7.03382E-1 -9999 -9999 -9999 -9999 -9999 -9999 -9999 -9999 -9999 -9999 -9999 -9999 -9999
5.24997E-1 5.30071E-1 5.18627E-1 5.10538E-1 5.24389E-1 5.0813E-1 4.99049E-1 5.1258E-1 5.0357E-1 4.99583E-1 4.84266E-1 4.64117E-1 4.63488E-1 4.64745E-1 4.57284E-1 4.60868E-1 4.58734E-1 4.54149E-1 4.54928E-1 4.50071E-1 4.45777E-1 4.63644E-1 4.54098E-1 4.5996E-1 4.59569E-1 4.67542E-1 4.70868E-1 4.79312E-1 4.8351E-1 4.92289E-1 4.91733E-1 4.92611E-1 5.02967E-1 5.20516E-1 5.38489E-1 5.39482E-1 5.42323E-1 5.49948E-1 5.37272E-1 5.50362E-1 5.76689E-1 5.88943E-1 5.8261E-1 5.95276E-1 6.00149E-1 5.97213E-1 5.95537E-1 6.36614E-1 6.50707E-1 6.55549E-1 6.64526E-1 6.70058E-1 6.90139E-1 6.85824E-1 -9999 -9999 -9999 -9999 -9999 -9999 -9999 -9999 -9999 -9999 -9999 -9999 -9999 -9999 -9999 -9999 -9999 -9999
5.48705E-1 5.41775E-1 5.29263E-1 5.21812E-1 5.27848E-1 5.30637E-1 5.18913E-1 5.18245E-1 5.07312E-1 4.99826E-1 4.94392E-1 4.78728E-1 4.87121E-1 4.88631E-1 4.81057E-1 4.61226E-1 4.61319E-1 4.70333E-1 4.6647E-1 4.72355E-1 4.67409E-1 4.68507E-1 4.70962E-1 4.85934E-1 4.91701E-1 4.96093E-1 5.00701E-1 5.04894E-1 5.07556E-1 5.26481E-1 5.13773E-1 5.21098E-1 5.21098E-1 5.20457E-1 5.39725E-1 5.51675E-1 5.53745E-1 5.54262E-1 5.66465E-1 5.87317E-1 5.84252E-1 5.86519E-1 6.03489E-1 6.12993E-1 6.20302E-1 6.1717E-1 6.38778E-1 6.38694E-1 6.45963E-1 6.72642E-1 6.70955E-1 -9999 6.9136E-1 6.89676E-1 6.94028E-1 -9999 -9999 -9999 -9999 -9999 -9999 -9999 -9999 -9999 -9999 -9999 -9999 -9999 -9999 -9999 -9999 -9999
5.52476E-1 5.66435E-1 5.42037E-1 5.3152E-1 5.43934E-1 5.37763E-1 5.35497E-1 5.27714E-1 5.16265E-1 5.1815E-1 5.07086E-1 4.99591E-1 4.94175E-1 5.06569E-1 5.05066E-1 5.01552E-1 4.92427E-1 4.93401E-1 4.9493E-1 4.80044E-1 4.85832E-1 4.91301E-1 4.863E-1 4.81287E-1 4.91806E-1 4.96659E-1 5.05641E-1 5.08199E-1 5.07306E-1 5.18158E-1 5.35543E-1 5.49139E-1 5.29194E-1 5.35159E-1 5.60954E-1 5.67745E-1 5.60087E-1 5.78756E-1 5.81435E-1 5.98768E-1 6.11535E-1 6.04905E-1 6.11036E-1 6.27822E-1 6.32689E-1 6.48747E-1 6.51159E-1 6.6949E-1 -9999 -9999 -9999 -9999 6.87233E-1 6.90974E-1 6.93862E-1 -9999 -9999 -9999 -9999 -9999 -9999 -9999 -9999 -9999 -9999 -9999 -9999 -9999 7.17923E-1 7.18053E-1 -9999 -9999
-9999 5.73763E-1 5.62373E-1 5.37114E-1 5.1973E-1 5.32635E-1 5.16418E-1 5.1731E-1 -9999 -9999 -9999 5.22771E-1 5.19714E-1 5.10052E-1 4.87923E-1 5.112E-1 5.05845E-1 5.03443E-1 4.95805E-1 5.06335E-1 5.1637E-1 5.22166E-1 5.10421E-1 5.22459E-1 5.16856E-1 5.23661E-1 5.30176E-1 5.2963E-1 -9999 5.35623E-1 5.60639E-1 5.6885E-1 5.54096E-1 5.58619E-1 5.66351E-1 5.8196E-1 5.96772E-1 5.94465E-1 6.07624E-1 6.14747E-1 6.18694E-1 6.22005E-1 6.3042E-1 6.4077E-1 6.48372E-1 6.55192E-1 6.6594E-1 -9999 -9999 -9999 -9999 -9999 -9999 -9999 -9999 -9999 -9999 -9999 -9999 -9999 -9999 -9999 -9999 -9999 -9999 -9999 -9999 -9999 -9999 -9999 -9999 -9999
-9999 -9999 5.84032E-1 5.53532E-1 5.30258E-1 5.5043E-1 -9999 -9999 -9999 -9999 -9999 -9999 -9999 -9999 5.35349E-1 5.33671E-1 -9999 -9999 -9999 -9999 -9999 -9999 -9999 -9999 -9999 -9999 -9999 5.59661E-1 5.63106E-1 5.71169E-1 5.60497E-1 5.68408E-1 5.77312E-1 5.81114E-1 5.89456E-1 6.09641E-1 6.20102E-1 6.2341E-1 6.2341E-1 6.20322E-1 6.2931E-1 6.39933E-1 6.4066E-1 6.62662E-1 6.70599E-1 -9999 -9999 -9999 -9999 -9999 -9999 -9999 -9999 -9999 -9999 -9999 -9999 -9999 -9999 -9999 -9999 -9999 -9999 -9999 -9999 -9999 -9999 -9999 -9999 -9999 -9999 -9999
-9999 -9999 -9999 -9999 -9999 -9999 -9999 -9999 -9999 -9999 -9999 -9999 -9999 -9999 -9999 -9999 -9999 -9999 -9999 -9999 -9999 -9999 -9999 -9999 -9999 -9999 -9999 5.65639E-1 5.71234E-1 5.73893E-1 5.7841E-1 5.74199E-1 -9999 -9999 -9999 6.17797E-1 6.22684E-1 6.29154E-1 6.43193E-1 6.39414E-1 6.60716E-1 6.53026E-1 6.68426E-1 6.60285E-1 -9999 -9999 -9999 -9999 -9999 -9999 -9999 -9999 -9999 -9999 -9999 -9999 -9999 -9999 -9999 -9999 -9999 -9999 -9999 -9999 -9999 -9999 -9999 -9999 -9999 -9999 -9999 -9999
-9999 -9999 -9999 -9999 -9999 -9999 -9999 -9999 -9999 -9999 -9999 -9999 -9999 -9999 -9999 -9999 -9999 -9999 -9999 -9999 -9999 -9999 -9999 -9999 -9999 -9999 -9999 -9999 -9999 5.95132E-1 5.96728E-1 -9999 -9999 -9999 -9999 -9999 6.49104E-1 6.50494E-1 6.59756E-1 6.65497E-1 6.61566E-1 6.70262E-1 -9999 -9999 -9999 -9999 -9999 -9999 -9999 -9999 -9999 -9999 -9999 -9999 -9999 -9999 -9999 -9999 -9999 -9999 -9999 -9999 -9999 -9999 -9999 -9999 -9999 -9999 -9999 -9999 -9999 -9999
-9999 -9999 -9999 -9999 -9999 -9999 -9999 -9999 -9999 -9999 -9999 -9999 -9999 -9999 -9999 -9999 -9999 -9999 -9999 -9999 -9999 -9999 -9999 -9999 -9999 -9999 -9999 -9999 -9999 -9999 -9999 -9999 -9999 -9999 -9999 -9999 -9999 -9999 -9999 6.70641E-1 6.68151E-1 6.76426E-1 6.67652E-1 6.96915E-1 -9999 -9999 -9999 -9999 -9999 -9999 -9999 -9999 -9999 -9999 -9999 -9999 -9999 -9999 -9999 -9999 -9999 -9999 -9999 -9999 -9999 -9999 -9999 -9999 -9999 -9999 -9999 -9999
-9999 -9999 -9999 -9999 -9999 -9999 -9999 -9999 -9999 -9999 -9999 -9999 -9999 -9999 -9999 -9999 -9999 -9999 -9999 -9999 -9999 -9999 -9999 -9999 -9999 -9999 -9999 -9999 -9999 -9999 -9999 -9999 -9999 -9999 -9999 -9999 6.74497E-1 -9999 6.74071E-1 6.79689E-1 6.85009E-1 6.78188E-1 6.86796E-1 7.04316E-1 -9999 -9999 -9999 -9999 -9999 -9999 -9999 -9999 -9999 -9999 -9999 -9999 -9999 -9999 -9999 -9999 -9999 -9999 -9999 -9999 -9999 -9999 -9999 -9999 -9999 -9999 -9999 -9999
-9999 -9999 -9999 -9999 -9999 -9999 -9999 -9999 -9999 -9999 -9999 -9999 -9999 -9999 -9999 -9999 -9999 -9999 -9999 -9999 -9999 -9999 -9999 -9999 -9999 -9999 -9999 -9999 -9999 -9999 -9999 -9999 -9999 -9999 -9999 -9999 6.36263E-1 6.6309E-1 6.98349E-1 6.81482E-1 6.87339E-1 7.04329E-1 -9999 -9999 -9999 -9999 -9999 -9999 -9999 -9999 -9999 -9999 -9999 -9999 -9999 -9999 -9999 -9999 -9999 -9999 -9999 -9999 -9999 -9999 -9999 -9999 -9999 -9999 -9999 -9999 -9999 -9999
-9999 -9999 -9999 -9999 -9999 -9999 -9999 -9999 -9999 -9999 -9999 -9999 -9999 -9999 -9999 -9999 -9999 -9999 -9999 -9999 -9999 -9999 -9999 -9999 -9999 -9999 -9999 -9999 -9999 -9999 -9999 -9999 -9999 -9999 -9999 -9999 -9999 -9999 -9999 -9999 -9999 -9999 -9999 -9999 -9999 -9999 -9999 -9999 -9999 -9999 -9999 -9999 -9999 -9999 -9999 -9999 -9999 -9999 -9999 -9999 -9999 -9999 -9999 -9999 -9999 -9999 -9999 -9999 -9999 -9999 -9999 -9999
-9999 -9999 -9999 -9999 -9999 -9999 -9999 -9999 -9999 -9999 -9999 -9999 -9999 7.10367E-1 -9999 -9999 -9999 -9999 -9999 -9999 -9999 -9999 -9999 -9999 -9999 -9999 -9999 -9999 -9999 -9999 -9999 -9999 -9999 -9999 -9999 -9999 -9999 -9999 -9999 -9999 -9999 -9999 -9999 -9999 -9999 -9999 -9999 -9999 -9999 -9999 -9999 -9999 -9999 -9999 -9999 -9999 -9999 -9999 -9999 -9999 7.16871E-1 7.11092E-1 -9999 -9999 -9999 -9999 -9999 -9999 -9999 -9999 -9999 -9999
-9999 -9999 -9999 -9999 -9999 -9999 -9999 -9999 -9999 -9999 -9999 -9999 -9999 -9999 -9999 -9999 -9999 -9999 -9999 -9999 -9999 -9999 -9999 -9999 -9999 -9999 -9999 -9999 -9999 -9999 7.20062E-1 7.08816E-1 -9999 -9999 -9999 -9999 -9999 -9999 -9999 -9999 -9999 -9999 -9999 -9999 -9999 -9999 -9999 -9999 -9999 -9999 -9999 -9999 -9999 -9999 -9999 -9999 -9999 -9999 -9999 7.06206E-1 -9999 -9999 -9999 6.92772E-1 -9999 -9999 7.7902E-1 -9999 -9999 -9999 -9999 -9999
-9999 -9999 -9999 -9999 -9999 -9999 -9999 -9999 -9999 -9999 -9999 -9999 -9999 7.59897E-1 -9999 -9999 -9999 -9999 -9999 -9999 -9999 -9999 -9999 -9999 -9999 -9999 -9999 -9999 -9999 -9999 -9999 -9999 -9999 -9999 -9999 -9999 -9999 -9999 -9999 -9999 -9999 -9999 -9999 -9999 -9999 -9999 -9999 -9999 -9999 -9999 -9999 -9999 -9999 -9999 -9999 7.16303E-1 -9999 -9999 -9999 -9999 -9999 -9999 -9999 6.7315E-1 -9999 -9999 7.76234E-1 -9999 -9999 -9999 -9999 -9999
