Artocarpus altilis SDM files/MIS19/results (with bias file)/Artalt_9.asc
ncols         1201
nrows         481
xllcorner     119.99986351115
yllcorner     -15.00013828885
cellsize      0.041666667
NODATA_value  -9999
[rows 160 to 191 of 481, columns 288 to 359 of 1201]
6.26116E-1 6.11185E-1 6.03229E-1 5.70869E-1 5.87713E-1 5.71497E-1 5.66211E-1 5.47055E-1 5.29696E-1 5.85204E-1 5.85862E-1 5.27091E-1 4.85525E-1 5.12438E-1 5.25936E-1 5.89581E-1 5.41871E-1 4.91366E-1 5.53262E-1 4.93094E-1 5.02784E-1 5.80258E-1 5.62609E-1 5.33923E-1 5.20575E-1 5.46024E-1 5.72086E-1 4.40174E-1 4.52843E-1 5.03939E-1 5.66574E-1 6.06005E-1 5.56493E-1 5.36857E-1 5.40685E-1 5.32821E-1 6.15302E-1 5.37309E-1 5.81006E-1 6.31896E-1 5.77248E-1 6.23654E-1 7.7033E-1 7.78197E-1 7.53421E-1 7.26417E-1 4.63392E-1 2.7157E-1 4.13103E-1 7.5119E-1 9.33635E-1 9.39294E-1 -9999 -9999 -9999 -9999 -9999 -9999 -9999 -9999 -9999 -9999 -9999 -9999 -9999 -9999 -9999 -9999 -9999 -9999 -9999 -9999
6.34237E-1 6.13236E-1 6.00293E-1 5.97772E-1 6.06406E-1 5.80363E-1 5.67892E-1 5.74556E-1 5.6426E-1 6.15384E-1 5.71483E-1 5.3154E-1 5.24274E-1 5.4557E-1 5.5988E-1 6.1863E-1 5.42992E-1 5.23114E-1 5.70982E-1 4.77102E-1 5.10441E-1 5.79458E-1 5.96625E-1 5.55191E-1 5.99442E-1 5.40136E-1 5.47476E-1 4.53226E-1 4.16987E-1 3.82473E-1 4.89137E-1 5.26035E-1 4.76278E-1 5.3907E-1 5.68998E-1 5.32244E-1 5.31096E-1 6.42113E-1 6.16174E-1 4.90662E-1 4.35723E-1 4.53081E-1 5.01439E-1 8.01011E-1 8.1029E-1 8.04471E-1 7.99533E-1 5.11432E-1 4.16665E-1 5.64286E-1 9.51736E-1 -9999 -9999 -9999 -9999 -9999 -9999 -9999 -9999 -9999 -9999 -9999 -9999 -9999 -9999 -9999 -9999 -9999 -9999 -9999 -9999 -9999
6.50731E-1 6.1806E-1 5.98631E-1 6.04002E-1 6.05382E-1 5.76432E-1 6.0069E-1 6.11998E-1 5.97456E-1 6.18802E-1 5.88134E-1 5.62627E-1 5.37773E-1 5.83217E-1 5.86739E-1 6.05177E-1 5.66712E-1 5.55165E-1 5.80374E-1 5.2421E-1 5.28434E-1 5.49248E-1 6.24401E-1 5.38604E-1 6.14943E-1 6.27543E-1 5.75732E-1 5.90923E-1 5.65249E-1 4.21918E-1 4.14529E-1 4.26747E-1 5.28486E-1 5.86123E-1 5.57792E-1 6.55343E-1 6.44146E-1 6.19803E-1 5.24702E-1 5.883E-1 5.61521E-1 4.66226E-1 4.09861E-1 7.00321E-1 7.5478E-1 8.05331E-1 8.38943E-1 8.30635E-1 5.61238E-1 4.91407E-1 8.64871E-1 -9999 8.82585E-1 8.8522E-1 -9999 -9999 -9999 -9999 -9999 -9999 -9999 -9999 -9999 -9999 -9999 -9999 -9999 -9999 -9999 -9999 -9999 -9999
6.19384E-1 6.26368E-1 6.17569E-1 6.13106E-1 6.09491E-1 6.11114E-1 6.19881E-1 6.47077E-1 6.15739E-1 6.12734E-1 5.85047E-1 5.54111E-1 5.48342E-1 5.61192E-1 6.09176E-1 6.09263E-1 5.59016E-1 5.7742E-1 5.97297E-1 5.79734E-1 5.63605E-1 5.36598E-1 6.02062E-1 6.09967E-1 6.22143E-1 6.04576E-1 5.93095E-1 6.2741E-1 6.35747E-1 6.02149E-1 5.13545E-1 3.99891E-1 5.45416E-1 6.08121E-1 5.98361E-1 5.55338E-1 5.51964E-1 5.02274E-1 4.94131E-1 4.25382E-1 5.15751E-1 4.47309E-1 3.9616E-1 5.47919E-1 6.47195E-1 7.53472E-1 7.52736E-1 8.32432E-1 5.69186E-1 4.95626E-1 8.26537E-1 -9999 8.74736E-1 8.17098E-1 -9999 -9999 -9999 -9999 -9999 -9999 -9999 -9999 -9999 -9999 -9999 -9999 -9999 -9999 -9999 -9999 -9999 -9999
6.28091E-1 6.20669E-1 6.53519E-1 6.21922E-1 6.16155E-1 6.18296E-1 6.22528E-1 6.31783E-1 6.64111E-1 6.38156E-1 6.25395E-1 6.00042E-1 5.7475E-1 5.64068E-1 5.98961E-1 6.26385E-1 5.53721E-1 6.04218E-1 5.94544E-1 6.05846E-1 6.0773E-1 5.79603E-1 5.66012E-1 6.21814E-1 6.32022E-1 6.16013E-1 5.61532E-1 5.60417E-1 5.93516E-1 5.85499E-1 5.77524E-1 5.66855E-1 5.08905E-1 4.62815E-1 5.36368E-1 4.45193E-1 5.13882E-1 4.23246E-1 4.89004E-1 4.98336E-1 4.5679E-1 4.7272E-1 5.39871E-1 5.19434E-1 5.75242E-1 6.33595E-1 5.92992E-1 5.36767E-1 6.04559E-1 5.22338E-1 8.21378E-1 9.08473E-1 8.88975E-1 8.69371E-1 -9999 -9999 -9999 -9999 8.91956E-1 -9999 -9999 -9999 -9999 -9999 -9999 -9999 -9999 -9999 -9999 -9999 -9999 -9999
6.30429E-1 6.28074E-1 6.30984E-1 6.70244E-1 6.37719E-1 6.3569E-1 6.22537E-1 6.23971E-1 6.13215E-1 6.56916E-1 6.47417E-1 6.34348E-1 6.14474E-1 6.11088E-1 6.00343E-1 6.22492E-1 6.25806E-1 6.11882E-1 5.84352E-1 6.01397E-1 6.26907E-1 6.18113E-1 6.0682E-1 6.24045E-1 6.27143E-1 5.83754E-1 5.07468E-1 4.7066E-1 5.38864E-1 5.8218E-1 6.03321E-1 6.03577E-1 6.61961E-1 5.09767E-1 4.22786E-1 4.0247E-1 3.94917E-1 4.81348E-1 4.05721E-1 4.23451E-1 4.52756E-1 4.50624E-1 4.57046E-1 4.53068E-1 6.22463E-1 4.61772E-1 4.07583E-1 5.09707E-1 4.82239E-1 5.10979E-1 8.13389E-1 8.358E-1 8.63688E-1 8.6704E-1 -9999 -9999 -9999 -9999 -9999 -9999 -9999 -9999 -9999 -9999 -9999 -9999 -9999 -9999 -9999 -9999 -9999 -9999
6.23504E-1 6.28792E-1 6.34792E-1 6.33391E-1 6.66243E-1 6.48485E-1 6.24648E-1 6.15074E-1 6.06397E-1 6.35889E-1 6.45245E-1 6.46541E-1 6.49274E-1 6.52973E-1 6.32524E-1 6.09269E-1 6.21884E-1 5.99876E-1 5.87169E-1 6.08412E-1 6.34508E-1 6.63628E-1 6.41716E-1 6.15099E-1 6.29226E-1 6.12705E-1 5.63975E-1 5.49414E-1 5.61007E-1 5.88177E-1 6.39481E-1 6.04808E-1 5.16633E-1 5.09927E-1 5.87746E-1 5.06933E-1 4.89889E-1 4.16746E-1 4.55481E-1 4.15998E-1 4.01677E-1 4.17384E-1 4.53452E-1 6.13061E-1 6.99038E-1 4.99315E-1 5.00652E-1 5.79545E-1 4.59161E-1 4.14225E-1 6.90365E-1 8.42763E-1 8.28861E-1 8.54279E-1 -9999 -9999 -9999 -9999 -9999 -9999 -9999 -9999 -9999 -9999 -9999 -9999 -9999 -9999 -9999 -9999 -9999 -9999
6.46236E-1 6.56367E-1 6.31055E-1 6.26494E-1 6.39691E-1 6.49043E-1 6.49471E-1 6.26419E-1 6.43156E-1 6.41116E-1 6.55368E-1 6.36175E-1 6.16851E-1 6.23438E-1 6.33067E-1 6.28425E-1 6.14899E-1 6.18944E-1 6.14152E-1 6.13971E-1 6.2376E-1 6.37171E-1 6.17996E-1 6.22624E-1 6.16807E-1 6.23298E-1 6.12301E-1 6.18012E-1 6.4068E-1 6.18678E-1 5.4733E-1 5.09952E-1 5.01163E-1 4.63902E-1 4.51683E-1 5.99097E-1 6.40453E-1 5.31357E-1 4.62899E-1 4.02064E-1 4.43943E-1 5.10787E-1 5.6524E-1 6.22605E-1 5.44301E-1 4.33696E-1 4.68556E-1 6.03646E-1 4.36209E-1 4.05842E-1 5.11669E-1 8.04479E-1 8.26468E-1 -9999 -9999 -9999 -9999 -9999 -9999 -9999 -9999 -9999 -9999 -9999 -9999 -9999 -9999 -9999 -9999 -9999 -9999 -9999
6.35911E-1 6.64283E-1 6.54361E-1 6.44605E-1 6.53687E-1 6.45509E-1 6.49429E-1 6.72594E-1 6.44689E-1 6.52575E-1 6.41385E-1 6.36359E-1 6.16203E-1 6.08548E-1 6.29727E-1 6.22056E-1 6.40563E-1 6.34015E-1 6.11881E-1 6.16199E-1 6.24387E-1 6.21746E-1 6.35403E-1 6.17208E-1 6.08493E-1 6.17495E-1 6.21523E-1 6.21795E-1 6.16079E-1 6.05207E-1 5.91728E-1 5.57208E-1 5.80724E-1 6.08865E-1 5.19163E-1 4.33617E-1 6.05344E-1 6.35226E-1 5.81666E-1 5.50006E-1 5.70479E-1 5.8244E-1 5.04208E-1 5.22327E-1 5.2084E-1 4.66747E-1 4.39517E-1 4.72806E-1 5.00811E-1 4.27594E-1 5.49179E-1 7.22207E-1 8.19321E-1 -9999 -9999 -9999 8.50108E-1 8.5294E-1 -9999 -9999 -9999 -9999 -9999 -9999 8.12219E-1 -9999 -9999 -9999 -9999 -9999 -9999 -9999
6.65126E-1 6.63201E-1 6.63109E-1 6.71068E-1 6.62323E-1 6.41497E-1 6.53535E-1 6.67263E-1 6.72078E-1 6.55E-1 6.30435E-1 6.47187E-1 6.36948E-1 6.21238E-1 6.2237E-1 6.29591E-1 6.32151E-1 6.45456E-1 6.22546E-1 6.25756E-1 6.27038E-1 6.13342E-1 6.22462E-1 6.18724E-1 6.27752E-1 6.09682E-1 6.18634E-1 6.10382E-1 6.169E-1 5.93927E-1 6.2228E-1 6.22181E-1 6.0793E-1 5.76146E-1 5.8489E-1 4.9946E-1 4.31841E-1 4.16936E-1 4.00549E-1 5.16718E-1 6.4643E-1 6.02651E-1 5.38192E-1 5.98472E-1 6.23237E-1 6.06234E-1 5.92974E-1 5.16516E-1 5.27762E-1 3.4607E-1 6.01356E-1 7.77286E-1 -9999 -9999 -9999 -9999 7.28382E-1 7.10407E-1 -9999 -9999 -9999 -9999 -9999 -9999 8.16349E-1 8.09554E-1 -9999 -9999 -9999 -9999 -9999 -9999
7.04933E-1 6.3752E-1 6.43724E-1 6.58993E-1 6.68278E-1 6.66372E-1 6.56289E-1 6.51519E-1 6.71285E-1 6.35367E-1 6.44674E-1 6.47087E-1 6.53752E-1 6.14726E-1 6.21981E-1 6.32386E-1 6.3641E-1 6.38938E-1 6.39147E-1 6.39454E-1 6.39684E-1 6.25072E-1 6.14195E-1 6.23355E-1 6.03608E-1 6.10669E-1 6.11897E-1 6.16915E-1 6.11081E-1 6.04513E-1 6.10928E-1 6.22598E-1 6.21206E-1 5.82231E-1 5.31634E-1 4.83741E-1 4.4971E-1 4.93766E-1 5.58129E-1 4.24514E-1 6.12697E-1 6.26037E-1 6.14702E-1 6.39726E-1 6.73605E-1 6.84729E-1 7.14869E-1 6.11017E-1 5.30876E-1 3.97802E-1 6.54214E-1 7.94841E-1 -9999 -9999 -9999 6.96941E-1 5.5086E-1 6.08812E-1 -9999 -9999 -9999 -9999 -9999 -9999 -9999 8.10812E-1 -9999 -9999 -9999 -9999 -9999 -9999
7.03962E-1 6.67596E-1 6.60043E-1 6.60995E-1 6.65412E-1 6.66218E-1 6.51773E-1 6.47304E-1 6.70429E-1 6.64674E-1 6.75215E-1 6.34594E-1 6.50382E-1 6.34489E-1 6.228E-1 6.61303E-1 6.45987E-1 6.33416E-1 6.33391E-1 6.33818E-1 6.24424E-1 6.22053E-1 6.16237E-1 6.24792E-1 6.23047E-1 6.0481E-1 6.03242E-1 6.09455E-1 6.05967E-1 6.11603E-1 6.00483E-1 6.02322E-1 6.12288E-1 6.18486E-1 6.1456E-1 6.2833E-1 5.55697E-1 5.62074E-1 6.22881E-1 6.26144E-1 6.5572E-1 6.46835E-1 6.53202E-1 6.54742E-1 6.71672E-1 7.03837E-1 7.18998E-1 4.83129E-1 5.09133E-1 4.03732E-1 5.47965E-1 7.8785E-1 -9999 -9999 -9999 7.30554E-1 4.87377E-1 7.30723E-1 -9999 -9999 -9999 -9999 -9999 -9999 -9999 8.06876E-1 -9999 -9999 -9999 -9999 -9999 -9999
-9999 -9999 6.86734E-1 6.88702E-1 6.72182E-1 6.64814E-1 6.67912E-1 6.47649E-1 6.83878E-1 6.68964E-1 6.68759E-1 6.38444E-1 6.52913E-1 6.61461E-1 6.31754E-1 6.43665E-1 6.48285E-1 6.34265E-1 6.35958E-1 6.35498E-1 6.17099E-1 6.15182E-1 6.1972E-1 5.99942E-1 6.17154E-1 5.97337E-1 6.06474E-1 6.00853E-1 5.9619E-1 6.0544E-1 5.99506E-1 6.08852E-1 6.0201E-1 6.10322E-1 6.07114E-1 6.26162E-1 6.24149E-1 6.13406E-1 6.12075E-1 6.50945E-1 6.38469E-1 6.4259E-1 6.39293E-1 6.41736E-1 6.86436E-1 6.78E-1 6.92238E-1 5.96376E-1 5.17797E-1 4.56161E-1 4.03233E-1 7.51282E-1 -9999 -9999 -9999 -9999 6.00581E-1 7.43749E-1 -9999 -9999 -9999 -9999 -9999 -9999 -9999 7.89407E-1 -9999 7.55805E-1 -9999 -9999 -9999 -9999
-9999 -9999 -9999 -9999 6.88168E-1 6.64149E-1 6.63156E-1 6.74223E-1 6.90397E-1 6.59947E-1 6.60306E-1 6.44352E-1 6.69874E-1 6.68249E-1 6.55593E-1 6.445E-1 6.43981E-1 6.38042E-1 6.07332E-1 6.19294E-1 6.06682E-1 6.24179E-1 6.12379E-1 6.19654E-1 6.19215E-1 5.96172E-1 5.95094E-1 5.92345E-1 5.98404E-1 5.92295E-1 5.90645E-1 5.83534E-1 5.91661E-1 5.86701E-1 5.94075E-1 5.94672E-1 5.9637E-1 5.96002E-1 5.97925E-1 5.99093E-1 6.21611E-1 6.33585E-1 6.3566E-1 6.2198E-1 6.73359E-1 6.7206E-1 6.66531E-1 4.93704E-1 4.10749E-1 5.22794E-1 4.30995E-1 6.55767E-1 -9999 -9999 -9999 -9999 7.21207E-1 -9999 -9999 -9999 -9999 -9999 -9999 -9999 -9999 -9999 -9999 -9999 -9999 -9999 -9999 -9999
-9999 -9999 -9999 -9999 -9999 6.85148E-1 6.61046E-1 6.77563E-1 6.82878E-1 6.619E-1 6.78511E-1 7.00699E-1 7.17511E-1 -9999 6.48944E-1 6.45171E-1 6.39072E-1 6.37608E-1 6.33664E-1 6.43349E-1 6.4181E-1 6.21214E-1 6.18862E-1 6.12161E-1 6.20156E-1 6.18371E-1 6.17672E-1 6.43437E-1 -9999 6.19303E-1 6.30011E-1 5.90557E-1 6.02093E-1 6.14021E-1 5.88202E-1 5.86941E-1 5.91051E-1 5.92354E-1 5.82927E-1 6.10378E-1 5.977E-1 5.94982E-1 6.21819E-1 6.23717E-1 6.28439E-1 6.28657E-1 6.59869E-1 5.95442E-1 4.56089E-1 3.95364E-1 3.51713E-1 6.77918E-1 -9999 -9999 -9999 -9999 -9999 -9999 -9999 -9999 -9999 -9999 -9999 -9999 -9999 -9999 7.68857E-1 -9999 -9999 -9999 -9999 -9999
-9999 -9999 -9999 -9999 -9999 -9999 6.84858E-1 6.7168E-1 6.92461E-1 7.07102E-1 7.01392E-1 -9999 -9999 -9999 -9999 6.45834E-1 6.38549E-1 6.46205E-1 6.75029E-1 6.7643E-1 6.46022E-1 6.31429E-1 6.16938E-1 6.14346E-1 6.52599E-1 -9999 -9999 -9999 -9999 -9999 -9999 -9999 -9999 -9999 -9999 -9999 -9999 -9999 -9999 -9999 6.10864E-1 6.0609E-1 6.02238E-1 5.84803E-1 6.06555E-1 6.29018E-1 6.42377E-1 4.98979E-1 5.19928E-1 3.77177E-1 3.04014E-1 6.03203E-1 -9999 -9999 -9999 -9999 -9999 -9999 -9999 -9999 7.3338E-1 7.35774E-1 -9999 -9999 -9999 -9999 -9999 -9999 7.25454E-1 -9999 -9999 -9999
-9999 -9999 -9999 -9999 -9999 -9999 -9999 -9999 -9999 -9999 -9999 -9999 -9999 -9999 -9999 6.76136E-1 6.84051E-1 6.76038E-1 -9999 -9999 -9999 -9999 6.48204E-1 6.44121E-1 -9999 -9999 -9999 -9999 -9999 -9999 -9999 -9999 -9999 -9999 -9999 -9999 -9999 -9999 -9999 -9999 -9999 -9999 -9999 6.22629E-1 5.94637E-1 6.32261E-1 5.62144E-1 4.8545E-1 4.80433E-1 4.35237E-1 2.78119E-1 5.69896E-1 6.51553E-1 -9999 -9999 -9999 -9999 -9999 -9999 -9999 6.888E-1 6.64079E-1 -9999 -9999 -9999 -9999 -9999 -9999 -9999 -9999 -9999 -9999
-9999 -9999 -9999 -9999 -9999 -9999 -9999 -9999 -9999 -9999 -9999 -9999 -9999 -9999 -9999 -9999 -9999 -9999 -9999 -9999 -9999 -9999 -9999 -9999 -9999 -9999 -9999 -9999 -9999 -9999 -9999 -9999 -9999 -9999 -9999 -9999 -9999 -9999 -9999 -9999 -9999 -9999 -9999 -9999 6.17038E-1 5.86466E-1 5.92561E-1 5.14562E-1 6.03375E-1 6.23286E-1 3.12959E-1 3.74937E-1 5.79364E-1 -9999 -9999 -9999 -9999 -9999 -9999 6.95366E-1 6.35948E-1 6.69666E-1 -9999 -9999 -9999 -9999 -9999 -9999 -9999 -9999 -9999 -9999
-9999 -9999 -9999 -9999 -9999 -9999 -9999 -9999 -9999 -9999 -9999 -9999 -9999 -9999 -9999 -9999 -9999 -9999 -9999 -9999 -9999 -9999 -9999 -9999 -9999 -9999 -9999 -9999 -9999 6.15958E-1 -9999 -9999 -9999 -9999 -9999 5.92059E-1 5.97201E-1 -9999 -9999 -9999 -9999 -9999 -9999 -9999 5.9564E-1 5.86975E-1 5.96131E-1 6.09261E-1 5.65046E-1 5.78626E-1 3.40964E-1 3.5605E-1 5.57275E-1 7.27274E-1 -9999 -9999 -9999 -9999 -9999 -9999 5.95649E-1 5.41587E-1 6.46593E-1 -9999 -9999 -9999 -9999 -9999 -9999 -9999 -9999 6.73156E-1
-9999 -9999 -9999 -9999 -9999 -9999 -9999 -9999 -9999 -9999 -9999 -9999 -9999 -9999 -9999 -9999 -9999 -9999 -9999 -9999 -9999 -9999 -9999 -9999 -9999 6.30794E-1 6.03445E-1 5.80068E-1 5.82075E-1 5.59872E-1 5.83173E-1 5.88741E-1 5.87357E-1 -9999 -9999 5.73843E-1 5.52182E-1 5.64207E-1 -9999 -9999 -9999 5.43543E-1 5.45902E-1 5.58429E-1 6.08156E-1 6.08625E-1 6.18941E-1 6.30073E-1 4.54547E-1 3.29089E-1 3.76962E-1 3.90523E-1 3.72295E-1 6.04375E-1 6.89962E-1 -9999 -9999 -9999 -9999 -9999 6.97024E-1 6.48193E-1 -9999 -9999 -9999 -9999 -9999 -9999 -9999 -9999 -9999 -9999
-9999 -9999 -9999 -9999 -9999 -9999 -9999 -9999 -9999 -9999 -9999 -9999 -9999 -9999 -9999 -9999 -9999 -9999 -9999 -9999 -9999 -9999 -9999 -9999 6.21342E-1 6.0008E-1 5.75995E-1 5.44841E-1 5.58717E-1 5.4327E-1 5.48449E-1 5.64853E-1 5.8859E-1 -9999 5.90735E-1 -9999 5.45569E-1 5.43868E-1 5.53077E-1 5.90954E-1 -9999 5.74296E-1 5.48899E-1 5.63858E-1 6.05218E-1 6.29567E-1 6.4025E-1 6.38441E-1 5.93151E-1 2.69743E-1 4.32479E-1 4.71129E-1 3.65324E-1 3.47971E-1 6.14522E-1 7.04323E-1 -9999 -9999 -9999 6.85197E-1 6.39791E-1 6.88928E-1 7.26688E-1 7.2645E-1 -9999 -9999 -9999 -9999 -9999 -9999 -9999 -9999
-9999 -9999 -9999 -9999 -9999 -9999 -9999 -9999 -9999 -9999 -9999 -9999 -9999 -9999 -9999 -9999 -9999 -9999 -9999 -9999 -9999 -9999 -9999 6.35354E-1 5.94279E-1 5.73959E-1 5.51598E-1 5.62776E-1 5.9253E-1 5.89398E-1 5.68923E-1 5.67004E-1 5.59892E-1 5.61643E-1 5.51267E-1 5.4712E-1 -9999 5.65629E-1 5.66058E-1 5.9211E-1 5.8301E-1 5.60828E-1 5.87256E-1 5.69734E-1 5.1188E-1 6.01054E-1 5.32763E-1 6.48301E-1 5.96793E-1 2.72128E-1 3.23018E-1 4.95139E-1 4.03913E-1 3.20517E-1 4.66834E-1 6.42151E-1 6.65502E-1 6.58895E-1 -9999 6.10573E-1 4.22474E-1 4.45464E-1 3.93477E-1 4.96741E-1 -9999 -9999 -9999 -9999 -9999 -9999 -9999 -9999
-9999 -9999 -9999 -9999 -9999 -9999 -9999 -9999 -9999 -9999 -9999 -9999 -9999 -9999 -9999 -9999 -9999 -9999 -9999 -9999 -9999 -9999 -9999 6.18732E-1 5.85596E-1 5.76439E-1 5.5777E-1 5.67878E-1 5.97881E-1 5.92542E-1 5.54577E-1 5.35579E-1 5.24724E-1 5.52092E-1 5.55373E-1 5.49948E-1 5.90078E-1 5.80719E-1 5.62844E-1 5.60309E-1 5.5212E-1 5.55545E-1 5.81538E-1 4.75197E-1 3.11897E-1 4.09558E-1 3.45566E-1 5.38515E-1 5.73906E-1 3.68635E-1 3.12022E-1 5.509E-1 3.82656E-1 3.39406E-1 3.7777E-1 5.54996E-1 6.65089E-1 6.60108E-1 6.37282E-1 5.03759E-1 3.34624E-1 2.98371E-1 2.25603E-1 4.78023E-1 -9999 -9999 -9999 -9999 -9999 -9999 -9999 -9999
-9999 -9999 -9999 -9999 -9999 -9999 -9999 -9999 -9999 7.00061E-1 7.05006E-1 -9999 -9999 -9999 -9999 -9999 -9999 -9999 -9999 -9999 -9999 -9999 6.2235E-1 5.90573E-1 5.96964E-1 5.78759E-1 5.49401E-1 5.30986E-1 5.59247E-1 5.35441E-1 5.18548E-1 5.19849E-1 5.70639E-1 5.54906E-1 5.5037E-1 5.54069E-1 5.64772E-1 5.65991E-1 5.49192E-1 5.31093E-1 5.66509E-1 5.69827E-1 5.69435E-1 5.22818E-1 4.66652E-1 3.82671E-1 3.74917E-1 3.14258E-1 5.79119E-1 3.74639E-1 3.30559E-1 4.69482E-1 4.30521E-1 3.91702E-1 3.81223E-1 4.91525E-1 6.51418E-1 -9999 6.30973E-1 4.83323E-1 3.55974E-1 2.97755E-1 2.06284E-1 4.23141E-1 -9999 -9999 -9999 -9999 -9999 -9999 -9999 -9999
-9999 -9999 -9999 -9999 6.10233E-1 5.01919E-1 -9999 -9999 -9999 7.06497E-1 6.93175E-1 5.93928E-1 7.01931E-1 6.85724E-1 -9999 -9999 -9999 -9999 -9999 -9999 -9999 6.40756E-1 6.07615E-1 5.90164E-1 5.88931E-1 5.70145E-1 5.4858E-1 5.35139E-1 5.29162E-1 4.97252E-1 5.37003E-1 5.62095E-1 5.62515E-1 5.60028E-1 5.52527E-1 5.61314E-1 5.66724E-1 5.68236E-1 5.47945E-1 5.35597E-1 5.35469E-1 5.38324E-1 5.62766E-1 5.76923E-1 5.86321E-1 4.19502E-1 3.84539E-1 3.60088E-1 3.96493E-1 4.85181E-1 3.79579E-1 5.13421E-1 5.31649E-1 3.52105E-1 3.90012E-1 3.50697E-1 5.77227E-1 -9999 -9999 5.71213E-1 3.05361E-1 2.1183E-1 1.66243E-1 3.54089E-1 -9999 -9999 -9999 -9999 -9999 -9999 -9999 -9999
-9999 -9999 7.04698E-1 6.19931E-1 4.58239E-1 3.69825E-1 3.29935E-1 3.44302E-1 3.5749E-1 5.60602E-1 6.51286E-1 6.64457E-1 5.56389E-1 4.98324E-1 5.60016E-1 -9999 -9999 -9999 -9999 -9999 6.44744E-1 6.12087E-1 5.87691E-1 6.02441E-1 6.02629E-1 5.76874E-1 5.22434E-1 5.0258E-1 5.3043E-1 5.36794E-1 5.86704E-1 5.7236E-1 5.66445E-1 5.62113E-1 5.57901E-1 5.4375E-1 5.50385E-1 5.49319E-1 5.02105E-1 5.35274E-1 5.54549E-1 5.5132E-1 5.78E-1 5.63753E-1 5.8407E-1 5.83073E-1 3.75444E-1 4.84197E-1 3.30402E-1 3.78872E-1 4.49532E-1 4.07132E-1 4.52232E-1 4.22793E-1 3.57559E-1 3.36801E-1 4.17694E-1 5.99165E-1 -9999 5.99418E-1 2.64627E-1 1.47112E-1 1.92021E-1 4.08888E-1 -9999 -9999 -9999 4.70529E-1 5.07194E-1 -9999 -9999 -9999
6.3436E-1 6.67775E-1 6.81765E-1 5.15108E-1 4.04905E-1 3.8535E-1 3.63706E-1 4.53348E-1 4.92805E-1 5.86627E-1 6.54097E-1 6.02682E-1 5.53798E-1 4.20298E-1 4.30098E-1 5.91717E-1 -9999 -9999 -9999 6.43172E-1 6.11618E-1 5.84262E-1 5.9464E-1 6.03438E-1 5.94611E-1 5.96584E-1 5.75662E-1 5.53185E-1 5.31272E-1 5.87466E-1 5.72587E-1 5.50548E-1 5.3534E-1 5.66042E-1 5.39293E-1 5.46963E-1 5.28396E-1 4.87353E-1 5.3263E-1 5.59262E-1 5.69272E-1 5.44168E-1 5.95844E-1 5.11558E-1 3.57216E-1 5.14723E-1 4.43519E-1 4.4383E-1 3.94906E-1 3.44939E-1 3.5255E-1 3.03687E-1 2.67985E-1 4.38978E-1 3.9485E-1 3.93418E-1 3.52073E-1 4.79257E-1 -9999 5.9468E-1 2.91895E-1 1.36415E-1 1.91767E-1 5.08102E-1 -9999 -9999 -9999 5.54745E-1 5.40656E-1 -9999 -9999 -9999
6.32995E-1 5.72462E-1 4.06461E-1 3.12152E-1 2.77187E-1 2.67634E-1 2.78405E-1 3.49127E-1 3.93471E-1 4.34914E-1 4.17076E-1 5.20519E-1 4.55918E-1 4.35373E-1 5.68759E-1 5.76688E-1 6.65604E-1 6.73022E-1 6.59658E-1 6.31551E-1 6.18487E-1 5.93609E-1 5.89959E-1 5.83647E-1 5.75662E-1 5.69172E-1 5.71356E-1 5.61619E-1 5.49646E-1 5.49033E-1 4.86989E-1 5.1554E-1 5.11063E-1 5.45012E-1 5.40554E-1 5.1315E-1 4.87896E-1 4.82139E-1 5.38567E-1 5.52826E-1 5.63409E-1 5.27223E-1 4.94465E-1 3.9374E-1 2.29279E-1 3.56242E-1 2.80123E-1 3.21661E-1 3.52116E-1 4.01769E-1 3.88328E-1 3.66395E-1 3.09869E-1 3.42988E-1 5.29128E-1 3.82797E-1 3.46888E-1 4.83531E-1 5.86913E-1 -9999 3.50449E-1 1.29867E-1 1.57719E-1 4.57147E-1 -9999 -9999 -9999 -9999 -9999 -9999 -9999 -9999
6.08569E-1 4.71587E-1 3.27185E-1 2.60263E-1 2.50511E-1 2.43967E-1 2.27722E-1 2.59108E-1 2.90454E-1 3.17687E-1 3.2436E-1 3.50519E-1 4.04449E-1 4.19252E-1 5.05128E-1 6.25417E-1 5.80606E-1 6.06715E-1 6.40947E-1 6.16902E-1 6.23973E-1 6.20112E-1 6.1157E-1 6.13962E-1 5.80062E-1 5.5142E-1 5.50994E-1 5.33253E-1 5.10914E-1 5.14709E-1 5.14121E-1 5.21767E-1 5.18566E-1 5.27329E-1 5.26729E-1 5.20838E-1 4.93958E-1 4.94588E-1 5.45404E-1 5.43006E-1 4.76344E-1 4.90583E-1 4.48374E-1 2.84402E-1 2.40419E-1 2.52E-1 2.60246E-1 2.59984E-1 4.73395E-1 3.91032E-1 3.7302E-1 4.34287E-1 3.84037E-1 2.53041E-1 3.75657E-1 4.46783E-1 4.01062E-1 4.65222E-1 5.65688E-1 6.57077E-1 4.95395E-1 1.71959E-1 1.48205E-1 3.69402E-1 -9999 -9999 -9999 -9999 -9999 -9999 -9999 -9999
6.77053E-1 3.55447E-1 3.24276E-1 3.54093E-1 3.73112E-1 3.88404E-1 3.2735E-1 3.19121E-1 2.77799E-1 2.38697E-1 2.47828E-1 2.74543E-1 3.3265E-1 4.36336E-1 4.93507E-1 5.43396E-1 6.60086E-1 5.20654E-1 6.34279E-1 6.31426E-1 6.23232E-1 6.30012E-1 6.33074E-1 6.25998E-1 5.98566E-1 5.79234E-1 5.50821E-1 5.0519E-1 4.57084E-1 4.41261E-1 4.73457E-1 4.86055E-1 4.90684E-1 5.01811E-1 4.87604E-1 5.00412E-1 5.21454E-1 4.95172E-1 5.17395E-1 5.39407E-1 4.80112E-1 4.41155E-1 4.49733E-1 3.29847E-1 3.53723E-1 3.26562E-1 3.22858E-1 2.96581E-1 4.32641E-1 3.55272E-1 3.42176E-1 4.28296E-1 4.09625E-1 3.82421E-1 2.89379E-1 2.78067E-1 4.02507E-1 4.14259E-1 5.30196E-1 6.3111E-1 5.69315E-1 2.39672E-1 1.44449E-1 3.13268E-1 -9999 -9999 -9999 -9999 -9999 -9999 -9999 -9999
6.0665E-1 5.88971E-1 4.76637E-1 4.58454E-1 5.22868E-1 5.41354E-1 4.48738E-1 4.47685E-1 3.94364E-1 2.83951E-1 2.40422E-1 2.28675E-1 2.58547E-1 3.53479E-1 4.47421E-1 5.18272E-1 5.67333E-1 6.81502E-1 6.89772E-1 6.77589E-1 6.24786E-1 6.3965E-1 6.29363E-1 6.29285E-1 5.93952E-1 6.03202E-1 5.83136E-1 5.23215E-1 5.20361E-1 4.92608E-1 5.1441E-1 5.11822E-1 4.9546E-1 4.97036E-1 4.91026E-1 4.9981E-1 5.02996E-1 5.00562E-1 5.3176E-1 5.24193E-1 5.044E-1 4.41177E-1 4.14629E-1 4.69474E-1 3.42388E-1 3.15065E-1 3.91538E-1 3.11717E-1 3.28058E-1 3.58538E-1 3.23522E-1 3.97736E-1 3.85607E-1 4.36987E-1 3.76085E-1 2.2888E-1 3.44598E-1 3.83245E-1 4.21817E-1 5.75326E-1 5.89155E-1 3.44466E-1 1.71122E-1 4.26655E-1 6.19907E-1 -9999 -9999 5.46465E-1 5.37987E-1 -9999 -9999 -9999
7.50011E-1 7.22477E-1 6.75776E-1 7.46356E-1 7.79529E-1 7.82788E-1 7.59873E-1 7.1733E-1 6.12257E-1 3.51533E-1 2.66063E-1 2.21263E-1 2.01871E-1 2.67554E-1 4.15427E-1 4.52396E-1 5.25529E-1 6.02426E-1 6.59718E-1 6.57841E-1 6.17348E-1 6.04153E-1 5.9713E-1 5.97693E-1 5.67469E-1 5.60811E-1 5.30711E-1 5.61118E-1 5.70178E-1 5.57471E-1 5.38387E-1 5.27508E-1 5.09682E-1 5.00754E-1 4.97036E-1 5.04575E-1 5.14225E-1 5.06457E-1 5.34988E-1 4.95614E-1 4.96707E-1 4.69468E-1 4.98563E-1 5.5656E-1 3.88817E-1 2.95154E-1 3.8624E-1 3.94282E-1 3.29624E-1 3.48205E-1 2.12338E-1 2.46167E-1 3.36873E-1 3.87869E-1 3.80728E-1 2.50882E-1 2.31326E-1 3.3014E-1 3.40346E-1 5.02319E-1 5.84632E-1 4.92539E-1 1.91264E-1 3.65958E-1 5.86009E-1 -9999 4.36739E-1 4.28184E-1 4.78129E-1 -9999 -9999 -9999
