Artocarpus altilis SDM files/MIS19/results (with bias file)/Artalt_0.asc
ncols         1201
nrows         481
xllcorner     119.99986351115
yllcorner     -15.00013828885
cellsize      0.041666667
NODATA_value  -9999
[rows 192 to 223 of 481, columns 0 to 71 of 1201]
3.41249E-1 2.12328E-1 2.87944E-1 3.85824E-1 6.82195E-1 7.49512E-1 -9999 -9999 -9999 -9999 -9999 -9999 -9999 -9999 -9999 -9999 -9999 -9999 -9999 -9999 -9999 -9999 -9999 -9999 -9999 6.33019E-1 3.95445E-1 2.77411E-1 2.96349E-1 3.32401E-1 3.35343E-1 3.01176E-1 3.38605E-1 3.45723E-1 3.31497E-1 3.04737E-1 2.82574E-1 2.93855E-1 3.28974E-1 2.81151E-1 2.72796E-1 2.73447E-1 3.4338E-1 3.47722E-1 3.50177E-1 3.64783E-1 3.1144E-1 3.07293E-1 3.11657E-1 2.83448E-1 3.07969E-1 3.29304E-1 4.27116E-1 5.27807E-1 6.13811E-1 7.70355E-1 6.90811E-1 -9999 -9999 -9999 -9999 -9999 -9999 -9999 -9999 -9999 -9999 -9999 -9999 -9999 -9999 -9999
2.50588E-1 2.54255E-1 2.55704E-1 4.31855E-1 7.01375E-1 7.25747E-1 -9999 -9999 -9999 -9999 -9999 -9999 -9999 -9999 -9999 -9999 -9999 -9999 -9999 -9999 -9999 -9999 -9999 -9999 -9999 5.49998E-1 4.93846E-1 3.27806E-1 3.05255E-1 3.03689E-1 3.22721E-1 3.20976E-1 2.78263E-1 2.47688E-1 2.37682E-1 2.47375E-1 2.95369E-1 3.34872E-1 3.02899E-1 2.98313E-1 3.15993E-1 3.33925E-1 3.34236E-1 3.32776E-1 3.29095E-1 3.40823E-1 3.76431E-1 3.5331E-1 3.25791E-1 3.44558E-1 3.10311E-1 3.09031E-1 2.92521E-1 3.06158E-1 4.24253E-1 6.55856E-1 6.54333E-1 6.65626E-1 7.02399E-1 -9999 -9999 -9999 -9999 -9999 -9999 -9999 -9999 -9999 -9999 -9999 -9999 -9999
4.21457E-1 3.78269E-1 2.92926E-1 4.21416E-1 5.77075E-1 6.88628E-1 7.07739E-1 -9999 -9999 -9999 -9999 -9999 -9999 -9999 -9999 -9999 -9999 -9999 -9999 -9999 -9999 -9999 -9999 -9999 -9999 5.71507E-1 5.48056E-1 3.18746E-1 3.02932E-1 2.49735E-1 2.49684E-1 3.15659E-1 2.19824E-1 1.93041E-1 2.35405E-1 2.80989E-1 2.83398E-1 3.01211E-1 2.82203E-1 3.02565E-1 2.81564E-1 2.9259E-1 3.03543E-1 3.69182E-1 3.53987E-1 3.58146E-1 4.35888E-1 3.92525E-1 3.50114E-1 3.73238E-1 3.38491E-1 3.21889E-1 3.09747E-1 3.31596E-1 2.77747E-1 3.54157E-1 5.12564E-1 6.66851E-1 7.03006E-1 6.71631E-1 7.61465E-1 -9999 -9999 -9999 -9999 -9999 -9999 -9999 -9999 -9999 -9999 -9999
4.1784E-1 4.2554E-1 3.2096E-1 3.68627E-1 4.37594E-1 6.86327E-1 7.11896E-1 -9999 -9999 -9999 -9999 -9999 -9999 -9999 -9999 -9999 -9999 -9999 -9999 -9999 -9999 -9999 -9999 -9999 -9999 6.06509E-1 5.51063E-1 3.56434E-1 2.68794E-1 1.90972E-1 2.46773E-1 2.73893E-1 2.54851E-1 1.93887E-1 2.3957E-1 2.91147E-1 2.98199E-1 3.23029E-1 3.31622E-1 3.27575E-1 2.63761E-1 2.42674E-1 2.48859E-1 3.04434E-1 2.36125E-1 2.46689E-1 2.54411E-1 3.66697E-1 4.4498E-1 4.12455E-1 3.79101E-1 4.24649E-1 3.60495E-1 3.59251E-1 3.31308E-1 3.85062E-1 3.33941E-1 -9999 5.19628E-1 7.54603E-1 7.56968E-1 6.63399E-1 6.84879E-1 -9999 -9999 -9999 -9999 -9999 -9999 -9999 -9999 -9999
4.27927E-1 4.77054E-1 3.62563E-1 2.6555E-1 3.72609E-1 4.70979E-1 7.43854E-1 -9999 -9999 -9999 -9999 -9999 -9999 -9999 -9999 -9999 -9999 -9999 -9999 -9999 -9999 -9999 -9999 -9999 -9999 6.12793E-1 3.90274E-1 2.76204E-1 2.70431E-1 1.71122E-1 1.85051E-1 2.41715E-1 2.94089E-1 2.51045E-1 2.15414E-1 2.40998E-1 3.15394E-1 3.6369E-1 3.48986E-1 3.30543E-1 3.13209E-1 2.71402E-1 2.77799E-1 2.81419E-1 2.91155E-1 2.9876E-1 2.4664E-1 2.22586E-1 3.64347E-1 5.05768E-1 4.62317E-1 4.33488E-1 4.34953E-1 3.41242E-1 3.08167E-1 3.75512E-1 3.71757E-1 4.11769E-1 6.25827E-1 6.12924E-1 -9999 -9999 6.77712E-1 -9999 -9999 -9999 -9999 -9999 -9999 -9999 -9999 -9999
3.41202E-1 4.50619E-1 4.011E-1 2.65804E-1 3.16544E-1 5.75535E-1 7.20513E-1 7.03599E-1 6.81554E-1 6.71475E-1 -9999 -9999 -9999 -9999 -9999 -9999 -9999 -9999 -9999 -9999 -9999 -9999 -9999 -9999 5.89514E-1 5.89227E-1 3.22309E-1 1.98379E-1 2.38935E-1 1.5543E-1 1.79946E-1 2.40399E-1 2.90735E-1 2.94877E-1 2.58059E-1 2.44052E-1 3.24426E-1 2.71548E-1 3.08912E-1 3.24805E-1 3.18926E-1 3.29478E-1 3.14953E-1 2.70672E-1 2.79804E-1 2.6991E-1 2.59447E-1 2.31654E-1 2.30625E-1 4.31721E-1 5.88584E-1 5.63727E-1 3.72607E-1 3.58661E-1 4.13295E-1 4.54046E-1 3.95296E-1 3.9134E-1 7.07098E-1 7.30228E-1 -9999 -9999 -9999 -9999 -9999 -9999 -9999 -9999 -9999 -9999 -9999 -9999
2.42654E-1 4.14555E-1 3.75087E-1 3.62212E-1 3.54643E-1 6.33569E-1 6.73614E-1 6.95737E-1 6.82592E-1 6.82756E-1 -9999 -9999 -9999 -9999 -9999 -9999 -9999 -9999 -9999 -9999 -9999 -9999 -9999 5.98267E-1 5.91292E-1 4.49047E-1 2.6039E-1 1.96703E-1 1.40319E-1 1.47078E-1 1.69901E-1 2.06707E-1 2.44237E-1 2.78982E-1 2.59675E-1 2.74142E-1 2.41609E-1 2.7936E-1 3.53433E-1 4.00935E-1 3.06763E-1 3.41842E-1 3.04381E-1 2.40595E-1 2.49915E-1 2.90867E-1 2.31346E-1 2.30278E-1 2.26731E-1 2.79667E-1 3.74116E-1 4.2727E-1 3.9024E-1 3.92242E-1 3.9316E-1 4.93539E-1 5.63747E-1 4.54269E-1 6.68645E-1 -9999 -9999 -9999 6.31323E-1 6.39114E-1 -9999 -9999 -9999 -9999 -9999 -9999 -9999 -9999
1.87956E-1 3.1696E-1 4.57684E-1 4.35217E-1 4.33791E-1 6.629E-1 6.99311E-1 6.95491E-1 6.84033E-1 6.84822E-1 6.7773E-1 -9999 -9999 -9999 -9999 -9999 -9999 -9999 -9999 -9999 -9999 -9999 -9999 5.9014E-1 5.50497E-1 3.33864E-1 1.86253E-1 1.60762E-1 1.49761E-1 1.74484E-1 1.81776E-1 1.89991E-1 2.19873E-1 2.31055E-1 2.67863E-1 1.98851E-1 2.63297E-1 2.25477E-1 3.3486E-1 2.33482E-1 2.28839E-1 2.30644E-1 2.55971E-1 2.69688E-1 2.65958E-1 2.44352E-1 2.4856E-1 2.51336E-1 2.0765E-1 2.70384E-1 3.90983E-1 3.02315E-1 3.35979E-1 4.97075E-1 5.10388E-1 6.02544E-1 6.40637E-1 6.59161E-1 6.93463E-1 -9999 6.03759E-1 6.22054E-1 -9999 -9999 -9999 -9999 -9999 -9999 -9999 -9999 -9999 -9999
2.00421E-1 2.09733E-1 3.31126E-1 3.70195E-1 3.94463E-1 5.85171E-1 6.17545E-1 7.03874E-1 6.7992E-1 6.87498E-1 -9999 -9999 -9999 -9999 -9999 -9999 -9999 -9999 -9999 -9999 -9999 -9999 5.35578E-1 5.36203E-1 3.92911E-1 2.77949E-1 1.67128E-1 1.84814E-1 1.81501E-1 2.03295E-1 1.99547E-1 1.631E-1 1.91721E-1 2.14181E-1 2.09216E-1 1.82713E-1 2.32383E-1 1.78721E-1 2.33442E-1 2.31239E-1 1.89403E-1 2.30326E-1 2.71261E-1 2.48467E-1 3.54634E-1 2.43675E-1 2.62125E-1 2.70886E-1 3.33665E-1 3.87558E-1 3.41501E-1 2.4114E-1 2.92536E-1 4.44704E-1 4.54684E-1 5.10393E-1 4.94997E-1 5.41197E-1 -9999 -9999 -9999 -9999 -9999 -9999 -9999 -9999 -9999 -9999 -9999 -9999 -9999 -9999
1.75537E-1 1.60739E-1 2.80841E-1 3.58036E-1 3.95069E-1 5.14406E-1 5.54549E-1 6.84054E-1 6.92124E-1 6.92364E-1 -9999 -9999 -9999 -9999 -9999 -9999 -9999 -9999 -9999 -9999 -9999 5.13371E-1 4.89918E-1 3.11922E-1 2.42255E-1 2.57518E-1 1.9283E-1 2.01525E-1 1.74896E-1 2.33689E-1 2.00461E-1 1.46689E-1 1.65256E-1 2.04947E-1 2.03711E-1 1.99609E-1 2.05402E-1 1.77177E-1 1.6874E-1 2.8389E-1 1.59642E-1 1.83118E-1 2.39976E-1 2.52543E-1 2.4102E-1 1.7585E-1 2.19228E-1 2.30664E-1 3.46866E-1 3.42584E-1 2.40942E-1 2.5764E-1 3.16227E-1 4.55149E-1 5.22263E-1 4.16167E-1 3.06522E-1 4.73846E-1 -9999 -9999 -9999 -9999 5.7207E-1 -9999 -9999 5.17471E-1 -9999 5.55289E-1 -9999 -9999 -9999 -9999
1.45172E-1 1.62164E-1 2.55701E-1 3.45127E-1 3.26719E-1 3.95941E-1 4.78411E-1 6.55222E-1 6.82701E-1 6.99174E-1 -9999 -9999 -9999 -9999 -9999 -9999 -9999 -9999 -9999 -9999 -9999 4.86874E-1 3.04478E-1 2.21971E-1 1.93215E-1 2.40896E-1 2.10728E-1 2.1133E-1 1.59543E-1 1.71137E-1 2.5705E-1 1.92729E-1 2.01128E-1 2.02032E-1 1.90762E-1 2.05574E-1 1.49985E-1 1.49138E-1 2.11715E-1 1.69889E-1 2.20779E-1 1.739E-1 2.49266E-1 2.20822E-1 2.80378E-1 1.94796E-1 2.57913E-1 3.07581E-1 2.65795E-1 3.42247E-1 2.39398E-1 3.14464E-1 2.91259E-1 4.30415E-1 5.46222E-1 4.31305E-1 4.17741E-1 3.64162E-1 4.46853E-1 -9999 -9999 -9999 5.48028E-1 -9999 -9999 -9999 -9999 -9999 -9999 -9999 4.94285E-1 -9999
1.5992E-1 1.46699E-1 1.96782E-1 2.99365E-1 3.12121E-1 4.25213E-1 5.97168E-1 5.35443E-1 7.03852E-1 7.14599E-1 -9999 -9999 -9999 -9999 -9999 -9999 -9999 -9999 -9999 -9999 4.85945E-1 2.91331E-1 1.9774E-1 1.70345E-1 1.54502E-1 1.84988E-1 2.22577E-1 2.08416E-1 1.65253E-1 1.81931E-1 2.15951E-1 2.97062E-1 3.1329E-1 2.43058E-1 2.55041E-1 2.3121E-1 1.72533E-1 2.16504E-1 2.51673E-1 2.26589E-1 2.18978E-1 1.46683E-1 2.25629E-1 1.83864E-1 1.30915E-1 1.51249E-1 2.46631E-1 3.19151E-1 3.10118E-1 3.66598E-1 3.23888E-1 3.47373E-1 3.93212E-1 3.71471E-1 4.36715E-1 5.12438E-1 5.13119E-1 3.76641E-1 4.24103E-1 5.82784E-1 -9999 -9999 -9999 -9999 -9999 -9999 -9999 -9999 -9999 -9999 -9999 -9999
1.94821E-1 1.76559E-1 1.33854E-1 2.28964E-1 2.56113E-1 3.76312E-1 4.84426E-1 6.61366E-1 7.12252E-1 7.17472E-1 -9999 -9999 -9999 -9999 -9999 -9999 -9999 -9999 -9999 -9999 4.79782E-1 3.44945E-1 2.19875E-1 2.29166E-1 1.62803E-1 1.70102E-1 1.97894E-1 1.91111E-1 1.86441E-1 2.31495E-1 2.48059E-1 2.40332E-1 2.82701E-1 2.7671E-1 2.48079E-1 2.57628E-1 2.58381E-1 2.27429E-1 2.4384E-1 2.11315E-1 2.09676E-1 1.94171E-1 2.05937E-1 2.31315E-1 1.46069E-1 1.43648E-1 1.56709E-1 1.83001E-1 2.3048E-1 2.483E-1 3.02642E-1 3.56532E-1 4.08203E-1 4.31197E-1 4.64682E-1 4.69899E-1 -9999 4.41441E-1 4.00965E-1 6.09519E-1 -9999 -9999 -9999 -9999 -9999 -9999 -9999 -9999 -9999 -9999 -9999 -9999
2.48963E-1 1.49256E-1 1.59767E-1 2.25451E-1 2.09301E-1 3.35285E-1 5.01951E-1 6.29122E-1 6.69742E-1 7.26289E-1 -9999 -9999 -9999 -9999 -9999 -9999 -9999 -9999 -9999 -9999 -9999 4.06944E-1 2.96396E-1 2.2089E-1 2.06344E-1 1.86184E-1 1.57684E-1 1.56259E-1 1.70788E-1 2.00005E-1 2.26719E-1 2.1608E-1 2.75609E-1 3.01071E-1 2.71026E-1 2.51169E-1 2.42134E-1 2.02596E-1 2.43922E-1 1.73031E-1 2.15996E-1 2.27939E-1 2.455E-1 2.43173E-1 1.65906E-1 2.41568E-1 1.45162E-1 1.5502E-1 1.57006E-1 1.9774E-1 2.83667E-1 2.11541E-1 3.5785E-1 3.60706E-1 3.14261E-1 3.29894E-1 5.03356E-1 -9999 5.35563E-1 -9999 -9999 -9999 -9999 -9999 -9999 -9999 -9999 -9999 -9999 -9999 -9999 -9999
1.86764E-1 2.01323E-1 2.24458E-1 2.46788E-1 2.31246E-1 3.76868E-1 4.9093E-1 5.72432E-1 6.21855E-1 6.66739E-1 6.8855E-1 -9999 -9999 -9999 -9999 -9999 -9999 -9999 -9999 -9999 -9999 4.11799E-1 3.10051E-1 2.43461E-1 1.98822E-1 1.93918E-1 1.83259E-1 1.53549E-1 1.42081E-1 1.98697E-1 1.92004E-1 2.39166E-1 2.50209E-1 1.6198E-1 1.9628E-1 2.23349E-1 1.64694E-1 2.20202E-1 2.03223E-1 1.89216E-1 2.31399E-1 2.74411E-1 2.32474E-1 2.6577E-1 2.37466E-1 2.69739E-1 2.30436E-1 2.01642E-1 2.28907E-1 1.28385E-1 1.61668E-1 2.14649E-1 4.59757E-1 4.54658E-1 3.42389E-1 3.95867E-1 5.51202E-1 -9999 -9999 -9999 -9999 -9999 -9999 -9999 -9999 -9999 -9999 -9999 -9999 -9999 -9999 -9999
2.8353E-1 2.81252E-1 2.68482E-1 3.10294E-1 3.24781E-1 3.70679E-1 4.38063E-1 4.98061E-1 6.60386E-1 7.32535E-1 6.81186E-1 -9999 -9999 -9999 -9999 -9999 -9999 -9999 -9999 -9999 -9999 -9999 4.38158E-1 3.66585E-1 2.79932E-1 2.77905E-1 1.9649E-1 1.78606E-1 1.44725E-1 1.4576E-1 1.94067E-1 2.09829E-1 1.84028E-1 1.78986E-1 2.32954E-1 3.1204E-1 2.5254E-1 2.20702E-1 1.76682E-1 1.64917E-1 2.4702E-1 2.92592E-1 2.65839E-1 2.90691E-1 3.2615E-1 3.12157E-1 2.76437E-1 2.38795E-1 2.27436E-1 1.67998E-1 2.38578E-1 1.91926E-1 2.90423E-1 2.71919E-1 4.39825E-1 5.16835E-1 5.07874E-1 -9999 -9999 -9999 -9999 -9999 -9999 -9999 -9999 -9999 -9999 -9999 -9999 -9999 -9999 -9999
4.18098E-1 3.73543E-1 2.76496E-1 3.84225E-1 3.52217E-1 4.35251E-1 4.50295E-1 5.97261E-1 7.20304E-1 7.44055E-1 6.96777E-1 -9999 -9999 -9999 -9999 -9999 -9999 -9999 -9999 -9999 -9999 -9999 -9999 4.72549E-1 3.98083E-1 2.60651E-1 1.92995E-1 1.80423E-1 1.55408E-1 1.18209E-1 1.69306E-1 1.9919E-1 1.74623E-1 1.94076E-1 2.30006E-1 2.92189E-1 2.15229E-1 1.64332E-1 2.36853E-1 1.64388E-1 1.97027E-1 2.47086E-1 2.74257E-1 2.67785E-1 3.48379E-1 3.35954E-1 2.54202E-1 2.55579E-1 2.2745E-1 2.63482E-1 2.58443E-1 1.89146E-1 2.63624E-1 2.93738E-1 2.84635E-1 -9999 -9999 -9999 -9999 -9999 -9999 -9999 -9999 -9999 -9999 -9999 -9999 -9999 -9999 -9999 -9999 -9999
5.18327E-1 4.15433E-1 3.30877E-1 4.26232E-1 3.78741E-1 3.50073E-1 4.37867E-1 6.81255E-1 7.36875E-1 7.31746E-1 6.82038E-1 -9999 -9999 -9999 -9999 -9999 -9999 -9999 -9999 -9999 -9999 -9999 -9999 -9999 4.06088E-1 3.07777E-1 2.25269E-1 1.97665E-1 1.44508E-1 1.43133E-1 1.6923E-1 1.87707E-1 2.08711E-1 1.50176E-1 1.93628E-1 2.75101E-1 2.26429E-1 1.49876E-1 2.56773E-1 2.09661E-1 1.56326E-1 1.56857E-1 2.3287E-1 1.81072E-1 3.06435E-1 2.26534E-1 2.40841E-1 2.05974E-1 1.78737E-1 2.90457E-1 1.89828E-1 1.97303E-1 2.24257E-1 1.70828E-1 2.55509E-1 2.89395E-1 -9999 -9999 -9999 -9999 -9999 -9999 -9999 -9999 -9999 -9999 -9999 -9999 -9999 -9999 -9999 -9999
5.80154E-1 5.62537E-1 4.85723E-1 5.19529E-1 5.2835E-1 4.72687E-1 6.24407E-1 7.47923E-1 7.31582E-1 7.0932E-1 6.63587E-1 -9999 -9999 -9999 -9999 -9999 -9999 -9999 -9999 -9999 -9999 -9999 -9999 -9999 -9999 -9999 3.0928E-1 2.72174E-1 2.08352E-1 2.07627E-1 2.20032E-1 2.48241E-1 1.94077E-1 1.39147E-1 1.84635E-1 1.72426E-1 2.05868E-1 1.59598E-1 1.60553E-1 1.85137E-1 1.42352E-1 1.43423E-1 1.48565E-1 1.15119E-1 1.41863E-1 1.69397E-1 2.00907E-1 2.87919E-1 2.52365E-1 3.30779E-1 2.75606E-1 2.69302E-1 2.91673E-1 1.49172E-1 2.04534E-1 3.28905E-1 2.53398E-1 2.85483E-1 3.52235E-1 -9999 -9999 -9999 -9999 -9999 -9999 -9999 -9999 -9999 -9999 -9999 -9999 -9999
5.85405E-1 5.31559E-1 5.313E-1 5.84497E-1 5.20825E-1 6.35879E-1 7.08578E-1 7.04501E-1 7.24781E-1 6.88943E-1 6.75754E-1 -9999 -9999 -9999 -9999 -9999 -9999 -9999 -9999 -9999 -9999 -9999 -9999 -9999 -9999 -9999 3.39765E-1 3.32488E-1 3.0498E-1 2.85223E-1 2.0848E-1 1.46052E-1 1.46619E-1 1.75569E-1 1.68255E-1 1.39172E-1 1.25276E-1 1.32356E-1 1.26251E-1 1.35837E-1 1.08819E-1 1.06677E-1 1.02337E-1 1.48694E-1 1.32417E-1 1.33838E-1 1.88518E-1 2.73331E-1 2.53083E-1 2.75051E-1 2.39648E-1 3.74773E-1 3.34806E-1 2.3198E-1 2.83271E-1 3.23216E-1 2.20405E-1 2.98753E-1 4.24579E-1 4.02889E-1 -9999 -9999 -9999 -9999 -9999 -9999 -9999 -9999 -9999 -9999 -9999 -9999
5.51202E-1 5.66714E-1 5.68711E-1 5.82789E-1 5.87695E-1 6.33903E-1 7.09473E-1 7.32966E-1 6.83228E-1 6.63409E-1 -9999 -9999 -9999 -9999 -9999 -9999 -9999 -9999 -9999 -9999 -9999 -9999 -9999 -9999 -9999 -9999 -9999 4.07192E-1 4.27292E-1 3.55906E-1 3.03825E-1 1.40702E-1 1.61129E-1 1.47274E-1 1.8326E-1 9.10159E-2 1.22179E-1 1.48738E-1 1.5565E-1 2.23028E-1 1.05352E-1 1.15174E-1 1.33615E-1 1.90613E-1 1.33361E-1 1.71876E-1 2.25002E-1 2.87359E-1 2.36852E-1 2.39817E-1 2.69527E-1 3.41697E-1 2.4092E-1 2.22423E-1 1.94866E-1 2.52356E-1 3.31271E-1 4.70025E-1 4.46348E-1 3.37513E-1 -9999 -9999 -9999 -9999 -9999 -9999 -9999 -9999 -9999 -9999 -9999 -9999
4.90194E-1 5.82284E-1 5.47246E-1 6.42914E-1 6.33641E-1 6.95192E-1 7.09208E-1 6.72039E-1 6.59008E-1 5.62109E-1 -9999 -9999 -9999 -9999 -9999 -9999 -9999 -9999 -9999 -9999 -9999 -9999 -9999 -9999 -9999 -9999 -9999 -9999 -9999 3.22524E-1 2.82875E-1 1.85595E-1 1.66438E-1 1.75581E-1 1.79867E-1 1.18087E-1 1.64783E-1 9.98634E-2 1.56535E-1 1.81774E-1 1.08364E-1 2.04545E-1 1.90187E-1 1.21205E-1 1.0718E-1 1.42604E-1 2.32642E-1 2.95015E-1 2.93758E-1 2.60302E-1 2.60196E-1 2.68209E-1 2.27731E-1 1.97276E-1 2.24435E-1 2.78732E-1 3.47563E-1 4.30999E-1 2.88994E-1 2.48976E-1 2.79835E-1 -9999 -9999 -9999 -9999 -9999 -9999 -9999 -9999 -9999 -9999 -9999
4.93122E-1 5.36914E-1 6.23524E-1 6.54817E-1 6.17299E-1 6.09441E-1 6.91412E-1 6.76242E-1 6.6599E-1 -9999 -9999 -9999 -9999 -9999 -9999 -9999 -9999 -9999 -9999 -9999 -9999 -9999 -9999 -9999 -9999 -9999 -9999 -9999 -9999 3.91916E-1 4.21009E-1 2.42E-1 1.73435E-1 1.89442E-1 1.98076E-1 2.07829E-1 1.57386E-1 1.4671E-1 1.54353E-1 1.88403E-1 2.21717E-1 2.60426E-1 1.31857E-1 1.05551E-1 1.43938E-1 1.1833E-1 1.9293E-1 2.71113E-1 3.15923E-1 2.77903E-1 2.56872E-1 2.62616E-1 2.42573E-1 2.14541E-1 2.30488E-1 3.59507E-1 3.9339E-1 2.88627E-1 2.78773E-1 2.99895E-1 3.47242E-1 3.46765E-1 3.73393E-1 4.69679E-1 4.66117E-1 -9999 -9999 3.74141E-1 -9999 -9999 -9999 -9999
3.67974E-1 4.78583E-1 6.16504E-1 6.65764E-1 6.74051E-1 6.57029E-1 7.03817E-1 6.77146E-1 5.81454E-1 -9999 -9999 -9999 -9999 -9999 -9999 -9999 -9999 -9999 -9999 -9999 -9999 -9999 -9999 -9999 -9999 -9999 -9999 -9999 -9999 -9999 -9999 2.63063E-1 2.14436E-1 2.54995E-1 2.41183E-1 1.87662E-1 2.49758E-1 2.24656E-1 2.15379E-1 2.17222E-1 2.6772E-1 2.05086E-1 1.6737E-1 1.5987E-1 2.0009E-1 2.03416E-1 2.04047E-1 2.26091E-1 3.28589E-1 2.9721E-1 2.58401E-1 2.61955E-1 2.32422E-1 2.13304E-1 2.49904E-1 2.32546E-1 2.4026E-1 3.66081E-1 2.60511E-1 3.09184E-1 3.92856E-1 3.92141E-1 5.27426E-1 5.46701E-1 4.52288E-1 -9999 -9999 -9999 -9999 -9999 -9999 -9999
3.45935E-1 4.62068E-1 6.05959E-1 6.72663E-1 6.70412E-1 6.34339E-1 5.4579E-1 5.57491E-1 5.50023E-1 -9999 -9999 -9999 -9999 -9999 -9999 -9999 -9999 -9999 -9999 -9999 -9999 -9999 -9999 -9999 -9999 -9999 -9999 -9999 -9999 -9999 -9999 3.13236E-1 3.22581E-1 3.29707E-1 3.06499E-1 2.97306E-1 3.03606E-1 1.55715E-1 1.8391E-1 2.23141E-1 2.02063E-1 1.23842E-1 1.2704E-1 1.33441E-1 2.28668E-1 2.24592E-1 1.89176E-1 2.57043E-1 3.17884E-1 2.88424E-1 2.51147E-1 2.31792E-1 2.10281E-1 2.1502E-1 2.09588E-1 2.32563E-1 3.0202E-1 2.80731E-1 2.85877E-1 3.47318E-1 2.72585E-1 3.07905E-1 3.81611E-1 -9999 -9999 -9999 3.83258E-1 -9999 -9999 -9999 -9999 -9999
3.47363E-1 5.46926E-1 6.02346E-1 6.37275E-1 6.68144E-1 6.23372E-1 6.25632E-1 5.35674E-1 5.43905E-1 -9999 -9999 -9999 -9999 -9999 -9999 -9999 -9999 -9999 -9999 -9999 -9999 -9999 -9999 -9999 -9999 -9999 -9999 -9999 -9999 -9999 -9999 -9999 -9999 -9999 3.73965E-1 4.06537E-1 3.29636E-1 2.10154E-1 1.82913E-1 1.9998E-1 1.56414E-1 1.21439E-1 1.25841E-1 1.70424E-1 2.77508E-1 2.54316E-1 2.00196E-1 2.16554E-1 1.57897E-1 1.88844E-1 2.54665E-1 2.14754E-1 1.90664E-1 1.78885E-1 2.04556E-1 2.11678E-1 2.39551E-1 3.24672E-1 4.46911E-1 3.19401E-1 2.50565E-1 3.50034E-1 3.63575E-1 4.74669E-1 4.24054E-1 2.99302E-1 3.31167E-1 -9999 -9999 -9999 -9999 3.18087E-1
3.57816E-1 5.74525E-1 5.80672E-1 6.25957E-1 6.44315E-1 6.62176E-1 6.3287E-1 5.36416E-1 5.39536E-1 -9999 -9999 -9999 -9999 -9999 -9999 -9999 -9999 -9999 -9999 -9999 -9999 -9999 -9999 -9999 -9999 -9999 -9999 -9999 -9999 -9999 -9999 3.34286E-1 3.3971E-1 3.19793E-1 3.54234E-1 -9999 -9999 2.42927E-1 2.18405E-1 1.86816E-1 1.32271E-1 1.343E-1 2.08133E-1 2.56123E-1 3.23254E-1 2.38778E-1 1.53525E-1 1.66399E-1 2.19819E-1 3.10483E-1 2.73311E-1 1.97668E-1 1.60263E-1 2.02494E-1 2.08279E-1 2.06512E-1 2.05109E-1 2.46496E-1 3.06917E-1 2.54105E-1 2.66084E-1 3.76049E-1 3.69189E-1 4.78871E-1 4.09666E-1 -9999 4.10066E-1 3.75597E-1 4.48083E-1 -9999 2.6472E-1 4.70476E-1
3.90802E-1 5.14724E-1 3.89678E-1 3.9488E-1 5.37479E-1 6.36514E-1 6.26533E-1 5.32118E-1 5.31424E-1 -9999 -9999 -9999 -9999 -9999 -9999 -9999 -9999 -9999 -9999 -9999 -9999 -9999 -9999 -9999 -9999 -9999 -9999 -9999 -9999 -9999 -9999 3.32538E-1 3.27378E-1 2.89303E-1 3.89526E-1 4.30169E-1 -9999 -9999 2.2499E-1 1.99669E-1 1.75088E-1 1.90835E-1 2.2546E-1 2.84022E-1 3.04518E-1 2.85351E-1 2.0469E-1 2.52377E-1 2.79654E-1 2.1061E-1 1.78846E-1 1.62504E-1 1.79366E-1 2.10057E-1 2.39178E-1 2.49015E-1 2.27779E-1 1.65791E-1 1.71676E-1 1.93654E-1 2.46427E-1 3.14267E-1 3.61577E-1 3.71502E-1 3.37692E-1 -9999 4.42483E-1 3.92596E-1 4.0319E-1 6.9456E-1 2.63703E-1 4.55058E-1
3.7721E-1 3.43197E-1 3.41123E-1 3.55386E-1 3.85186E-1 5.79108E-1 6.03866E-1 5.14496E-1 5.1581E-1 5.25959E-1 -9999 -9999 -9999 -9999 -9999 -9999 -9999 -9999 -9999 -9999 -9999 -9999 -9999 -9999 -9999 -9999 -9999 -9999 -9999 -9999 -9999 -9999 -9999 3.78885E-1 4.18066E-1 4.08227E-1 -9999 -9999 2.24925E-1 2.01584E-1 1.99563E-1 1.6243E-1 2.15161E-1 2.76321E-1 2.92718E-1 3.13775E-1 2.35064E-1 2.1108E-1 1.85648E-1 1.64128E-1 1.75876E-1 1.73705E-1 1.90178E-1 2.25973E-1 2.31073E-1 2.14001E-1 1.65334E-1 2.00921E-1 1.76843E-1 2.20268E-1 2.03909E-1 2.63512E-1 3.64632E-1 2.83943E-1 2.67517E-1 3.72968E-1 3.15305E-1 3.96117E-1 4.34953E-1 6.31296E-1 2.32504E-1 2.82693E-1
5.30541E-1 3.48151E-1 3.82027E-1 3.62212E-1 3.62082E-1 5.58967E-1 5.85092E-1 5.98464E-1 6.12354E-1 5.15803E-1 -9999 -9999 -9999 -9999 -9999 -9999 -9999 -9999 -9999 -9999 -9999 -9999 -9999 -9999 -9999 -9999 -9999 -9999 -9999 -9999 -9999 -9999 -9999 3.97227E-1 4.74464E-1 3.7941E-1 3.09013E-1 2.25281E-1 2.32335E-1 2.07521E-1 1.95108E-1 1.7672E-1 2.16646E-1 2.84049E-1 2.9193E-1 3.44807E-1 2.56277E-1 2.04422E-1 1.73827E-1 1.65009E-1 2.116E-1 1.46735E-1 1.76479E-1 1.6733E-1 1.86149E-1 1.92889E-1 2.68192E-1 2.23457E-1 3.24828E-1 3.5681E-1 2.96223E-1 3.51253E-1 2.42997E-1 2.41823E-1 2.97085E-1 3.45264E-1 3.10134E-1 3.40817E-1 4.49534E-1 6.0329E-1 -9999 2.55167E-1
6.52511E-1 4.4102E-1 4.60031E-1 3.61323E-1 4.00594E-1 4.37473E-1 5.67793E-1 5.69639E-1 6.06931E-1 -9999 -9999 -9999 -9999 -9999 -9999 -9999 -9999 -9999 -9999 -9999 -9999 -9999 -9999 -9999 -9999 -9999 -9999 -9999 -9999 -9999 -9999 -9999 -9999 -9999 -9999 3.95151E-1 2.95589E-1 2.37107E-1 2.35513E-1 1.92353E-1 1.76725E-1 2.11124E-1 2.31196E-1 2.71371E-1 3.19424E-1 2.4264E-1 2.41194E-1 2.18801E-1 1.79378E-1 1.70073E-1 1.90716E-1 1.97377E-1 1.92802E-1 2.01751E-1 2.16794E-1 2.48305E-1 2.66969E-1 2.40651E-1 3.01838E-1 2.45332E-1 1.74849E-1 2.03095E-1 2.37365E-1 2.84509E-1 2.75209E-1 2.82352E-1 3.32995E-1 3.25038E-1 3.97837E-1 6.21441E-1 -9999 -9999
6.63241E-1 4.67039E-1 4.64726E-1 4.55033E-1 4.17942E-1 4.17367E-1 4.65529E-1 5.52184E-1 4.95191E-1 -9999 -9999 -9999 -9999 -9999 -9999 -9999 -9999 -9999 -9999 -9999 -9999 -9999 -9999 -9999 -9999 -9999 -9999 -9999 -9999 -9999 -9999 -9999 -9999 -9999 -9999 -9999 3.00469E-1 2.5837E-1 2.46986E-1 2.01697E-1 1.98248E-1 2.09511E-1 2.1691E-1 2.67907E-1 3.28015E-1 2.69401E-1 2.53804E-1 2.22652E-1 1.86065E-1 1.51365E-1 1.56526E-1 1.81452E-1 1.83895E-1 2.0633E-1 2.02269E-1 2.71078E-1 3.22001E-1 3.31903E-1 3.11757E-1 2.10831E-1 2.19812E-1 1.97171E-1 3.10305E-1 4.52066E-1 3.86906E-1 2.7655E-1 3.01477E-1 2.461E-1 3.51428E-1 6.80417E-1 -9999 -9999
