Artocarpus altilis SDM files/MIS19/results (with bias file)/Artalt_5.asc
ncols         1201
nrows         481
xllcorner     119.99986351115
yllcorner     -15.00013828885
cellsize      0.041666667
NODATA_value  -9999
[rows 448 to 479 of 481, columns 504 to 575 of 1201]
-9999 -9999 -9999 -9999 -9999 -9999 -9999 -9999 -9999 -9999 -9999 -9999 7.94312E-1 8.41138E-1 8.144E-1 7.79728E-1 8.35974E-1 8.07598E-1 7.93553E-1 7.63373E-1 8.19192E-1 8.30878E-1 7.96118E-1 7.32386E-1 7.08346E-1 6.41142E-1 6.54884E-1 6.81022E-1 6.76353E-1 6.37542E-1 6.2307E-1 5.9982E-1 5.87954E-1 5.61188E-1 5.40388E-1 5.21338E-1 4.97741E-1 4.8923E-1 5.24382E-1 4.68411E-1 4.47029E-1 4.60537E-1 4.26923E-1 4.71946E-1 4.35104E-1 4.03564E-1 3.79554E-1 3.44507E-1 3.56805E-1 3.69439E-1 3.76785E-1 3.73189E-1 3.61193E-1 3.5095E-1 3.61316E-1 3.4966E-1 3.06353E-1 3.344E-1 3.11943E-1 3.91677E-1 4.11513E-1 4.34032E-1 -9999 -9999 4.88638E-1 4.8198E-1 -9999 -9999 -9999 -9999 -9999 -9999
-9999 -9999 -9999 -9999 -9999 -9999 -9999 -9999 -9999 -9999 -9999 7.95168E-1 7.98807E-1 8.34382E-1 8.15313E-1 7.77545E-1 8.29094E-1 7.94271E-1 7.83121E-1 7.4616E-1 7.97619E-1 7.79453E-1 7.65617E-1 7.39747E-1 6.92967E-1 6.86512E-1 6.84075E-1 6.90095E-1 6.69722E-1 6.27443E-1 6.11488E-1 5.73527E-1 5.58683E-1 5.41815E-1 5.31754E-1 5.3088E-1 4.91189E-1 4.75753E-1 5.11611E-1 4.88944E-1 4.81044E-1 4.66468E-1 4.74295E-1 4.44323E-1 4.41873E-1 3.80241E-1 3.49241E-1 3.4963E-1 3.60838E-1 3.77893E-1 3.79058E-1 3.70884E-1 3.60596E-1 3.36365E-1 3.298E-1 3.40742E-1 3.06871E-1 3.03355E-1 3.09766E-1 4.01867E-1 4.25872E-1 4.29259E-1 -9999 -9999 4.75647E-1 -9999 -9999 -9999 -9999 -9999 -9999 -9999
-9999 -9999 -9999 -9999 -9999 -9999 -9999 -9999 -9999 -9999 -9999 7.95697E-1 7.66555E-1 8.13113E-1 7.91851E-1 7.65914E-1 8.28634E-1 8.08219E-1 8.59287E-1 8.25563E-1 7.99775E-1 7.61987E-1 7.38464E-1 7.09766E-1 7.34869E-1 7.24278E-1 6.80654E-1 6.62923E-1 6.40983E-1 6.03983E-1 5.8709E-1 5.517E-1 5.70418E-1 5.32632E-1 5.36736E-1 5.07201E-1 4.53971E-1 4.34524E-1 4.8478E-1 4.88067E-1 4.87795E-1 4.55585E-1 4.43451E-1 4.47504E-1 3.96311E-1 3.56067E-1 3.65412E-1 3.52861E-1 3.50237E-1 3.51137E-1 3.70482E-1 3.90067E-1 3.79801E-1 3.83141E-1 3.76598E-1 3.68083E-1 3.12379E-1 2.93306E-1 2.98347E-1 3.89163E-1 4.35643E-1 -9999 -9999 -9999 -9999 -9999 -9999 -9999 -9999 -9999 -9999 -9999
-9999 -9999 -9999 -9999 -9999 -9999 -9999 -9999 -9999 -9999 -9999 7.72041E-1 7.55877E-1 7.25133E-1 7.79865E-1 7.6417E-1 8.18162E-1 8.04231E-1 8.46895E-1 8.22877E-1 8.21531E-1 8.0986E-1 7.87511E-1 7.80521E-1 7.74725E-1 7.55117E-1 6.88166E-1 6.6957E-1 6.68386E-1 6.27493E-1 6.07539E-1 5.71334E-1 5.57512E-1 5.29599E-1 5.1072E-1 4.9459E-1 4.81188E-1 4.43347E-1 4.78221E-1 4.69809E-1 4.61122E-1 4.28875E-1 4.3541E-1 4.19552E-1 3.77635E-1 3.99732E-1 3.7258E-1 3.57084E-1 3.51478E-1 3.58876E-1 3.54092E-1 3.83124E-1 4.10139E-1 3.85177E-1 3.80891E-1 3.18979E-1 2.80952E-1 2.80815E-1 2.91451E-1 4.02543E-1 4.3018E-1 -9999 -9999 4.65734E-1 -9999 -9999 -9999 -9999 -9999 -9999 -9999 -9999
-9999 -9999 -9999 -9999 -9999 -9999 -9999 -9999 -9999 -9999 -9999 7.68033E-1 7.4576E-1 7.15433E-1 7.82117E-1 7.58241E-1 8.09633E-1 7.78232E-1 8.37784E-1 8.0477E-1 8.20254E-1 7.92945E-1 7.85982E-1 7.71666E-1 7.51408E-1 7.2809E-1 6.89178E-1 6.68544E-1 6.43391E-1 6.01555E-1 6.07565E-1 5.87954E-1 5.65229E-1 5.53031E-1 5.20748E-1 5.1834E-1 4.68414E-1 4.33174E-1 4.8032E-1 4.63845E-1 4.66004E-1 4.20574E-1 4.18764E-1 4.03523E-1 4.12142E-1 3.7764E-1 3.59855E-1 3.31814E-1 3.32813E-1 3.49385E-1 3.519E-1 3.48727E-1 3.52276E-1 3.32606E-1 3.14862E-1 2.82932E-1 2.60299E-1 2.63668E-1 3.09271E-1 3.72824E-1 3.97799E-1 4.33816E-1 -9999 -9999 -9999 -9999 -9999 -9999 -9999 -9999 -9999 -9999
-9999 -9999 -9999 -9999 -9999 -9999 -9999 -9999 -9999 -9999 -9999 7.65248E-1 7.44899E-1 7.15593E-1 7.65337E-1 7.5096E-1 7.13587E-1 7.73086E-1 7.54474E-1 7.97308E-1 7.84672E-1 7.90229E-1 7.79727E-1 7.30916E-1 7.09218E-1 6.84389E-1 6.83554E-1 6.48206E-1 6.07299E-1 5.48718E-1 5.69411E-1 5.7163E-1 5.19586E-1 4.97993E-1 5.22209E-1 4.59844E-1 4.57355E-1 4.52431E-1 4.55017E-1 4.35643E-1 4.4047E-1 4.09E-1 3.79678E-1 4.02621E-1 3.82477E-1 3.413E-1 3.30546E-1 3.27765E-1 3.25741E-1 3.39443E-1 3.49691E-1 3.01183E-1 2.83836E-1 3.01475E-1 2.97179E-1 2.74334E-1 2.57029E-1 2.57944E-1 3.0439E-1 3.56645E-1 3.98258E-1 4.15328E-1 4.11927E-1 -9999 -9999 4.37591E-1 -9999 -9999 -9999 -9999 -9999 -9999
-9999 -9999 -9999 -9999 -9999 -9999 -9999 -9999 -9999 -9999 -9999 7.59E-1 7.28172E-1 7.15008E-1 6.93671E-1 7.48612E-1 7.04825E-1 7.84089E-1 8.20996E-1 7.94742E-1 7.78223E-1 7.97601E-1 7.54616E-1 7.21211E-1 6.9808E-1 6.72475E-1 6.7244E-1 6.15015E-1 5.74526E-1 5.43562E-1 5.38662E-1 5.43025E-1 5.14253E-1 4.64545E-1 4.87019E-1 4.18922E-1 3.94289E-1 4.06769E-1 3.9537E-1 4.30828E-1 4.32654E-1 4.15988E-1 3.83287E-1 3.85599E-1 3.82228E-1 3.74349E-1 3.56891E-1 3.46361E-1 3.30867E-1 3.09025E-1 2.82402E-1 3.07857E-1 2.82392E-1 2.58854E-1 2.70494E-1 2.48384E-1 2.40663E-1 3.29434E-1 3.38029E-1 3.54131E-1 3.79893E-1 4.16397E-1 4.07184E-1 -9999 -9999 -9999 -9999 4.40787E-1 -9999 -9999 -9999 -9999
-9999 -9999 -9999 -9999 -9999 -9999 -9999 -9999 -9999 -9999 -9999 7.4917E-1 7.15608E-1 7.03355E-1 6.83196E-1 7.34847E-1 7.17691E-1 7.59135E-1 7.40706E-1 7.9159E-1 7.68581E-1 7.64233E-1 7.43907E-1 6.9748E-1 6.71955E-1 6.65608E-1 6.66943E-1 6.22963E-1 5.4303E-1 5.41598E-1 5.66823E-1 5.32956E-1 4.66884E-1 4.53244E-1 4.55189E-1 3.78429E-1 3.62697E-1 3.70236E-1 3.78983E-1 4.20128E-1 4.51408E-1 4.07962E-1 3.8626E-1 3.73665E-1 3.76217E-1 3.55625E-1 3.46925E-1 3.45952E-1 3.35966E-1 3.24793E-1 3.0461E-1 2.56197E-1 1.97654E-1 2.69469E-1 2.56861E-1 2.47893E-1 2.37361E-1 3.21825E-1 3.32236E-1 3.48608E-1 3.7957E-1 4.0181E-1 3.88767E-1 -9999 -9999 4.3021E-1 4.14403E-1 -9999 -9999 -9999 -9999 -9999
-9999 -9999 -9999 -9999 -9999 -9999 -9999 -9999 -9999 -9999 -9999 7.504E-1 7.20249E-1 7.06475E-1 6.7389E-1 7.29522E-1 7.12947E-1 7.63781E-1 7.31947E-1 7.94227E-1 7.67115E-1 7.4249E-1 7.56285E-1 7.01734E-1 6.97511E-1 6.72711E-1 6.32145E-1 5.90403E-1 5.72185E-1 5.92454E-1 5.33976E-1 5.00219E-1 4.53978E-1 4.55772E-1 4.10268E-1 3.64058E-1 3.7451E-1 3.71931E-1 3.83832E-1 4.13925E-1 4.00695E-1 3.85168E-1 3.56303E-1 3.5433E-1 3.69882E-1 3.47476E-1 3.49366E-1 3.30522E-1 3.1326E-1 3.17877E-1 2.79988E-1 2.8225E-1 2.62699E-1 2.46503E-1 2.45779E-1 2.25927E-1 2.3356E-1 3.21672E-1 3.31779E-1 3.44214E-1 3.62711E-1 3.71595E-1 3.89653E-1 3.9088E-1 -9999 -9999 -9999 -9999 -9999 4.12592E-1 -9999 -9999
-9999 -9999 -9999 -9999 -9999 -9999 -9999 -9999 -9999 -9999 -9999 -9999 7.27825E-1 7.78253E-1 7.49628E-1 7.23056E-1 7.0741E-1 7.46462E-1 7.28302E-1 7.0684E-1 7.63043E-1 7.07882E-1 7.0912E-1 6.98583E-1 6.91754E-1 7.03111E-1 6.60664E-1 6.18417E-1 5.95146E-1 5.76243E-1 5.2571E-1 4.87938E-1 4.73703E-1 4.43072E-1 4.11322E-1 3.75482E-1 3.91296E-1 3.89841E-1 3.85524E-1 3.7135E-1 3.70702E-1 3.59827E-1 3.3586E-1 3.47063E-1 3.29704E-1 3.29884E-1 3.41573E-1 3.12994E-1 3.23617E-1 2.89349E-1 2.74387E-1 2.58147E-1 2.40842E-1 2.23275E-1 2.24511E-1 2.22322E-1 2.23027E-1 2.66986E-1 3.13074E-1 3.39332E-1 3.454E-1 3.75195E-1 3.71717E-1 3.78157E-1 3.79585E-1 -9999 -9999 -9999 -9999 -9999 -9999 -9999
-9999 -9999 -9999 -9999 -9999 -9999 -9999 -9999 -9999 -9999 -9999 -9999 -9999 6.88474E-1 7.41693E-1 7.23937E-1 6.91511E-1 7.55044E-1 7.20986E-1 6.80618E-1 7.24747E-1 7.1782E-1 6.7843E-1 6.68707E-1 7.11318E-1 6.83884E-1 6.61186E-1 6.26767E-1 5.99552E-1 5.82348E-1 5.6024E-1 4.79542E-1 4.76603E-1 4.43359E-1 4.43838E-1 4.18027E-1 4.2502E-1 4.09694E-1 3.73884E-1 3.55298E-1 3.53258E-1 3.61341E-1 3.37423E-1 3.4321E-1 3.14953E-1 3.1913E-1 3.34632E-1 3.16931E-1 3.03692E-1 2.91655E-1 2.75405E-1 2.41768E-1 2.27351E-1 2.19967E-1 2.22985E-1 2.21329E-1 2.29172E-1 2.57224E-1 3.14512E-1 3.27386E-1 3.35829E-1 3.39792E-1 3.57632E-1 3.5859E-1 3.70087E-1 -9999 -9999 -9999 -9999 -9999 -9999 -9999
-9999 -9999 -9999 -9999 -9999 -9999 -9999 -9999 -9999 -9999 -9999 -9999 -9999 6.79856E-1 6.57212E-1 7.19561E-1 6.93793E-1 6.44518E-1 7.11568E-1 6.73982E-1 6.52787E-1 6.35334E-1 7.09095E-1 7.00106E-1 7.24542E-1 6.93423E-1 6.71238E-1 6.25277E-1 6.25142E-1 6.07608E-1 5.13145E-1 5.13889E-1 4.82228E-1 4.46876E-1 4.78649E-1 4.577E-1 4.41851E-1 3.92308E-1 3.58051E-1 3.51099E-1 3.63985E-1 3.77719E-1 3.65221E-1 3.52233E-1 3.36885E-1 3.2419E-1 3.189E-1 3.07161E-1 2.93789E-1 2.69001E-1 2.48075E-1 2.40163E-1 2.17118E-1 2.13507E-1 2.11673E-1 2.26736E-1 2.30044E-1 2.66938E-1 3.02076E-1 2.98163E-1 3.26846E-1 3.27883E-1 3.30713E-1 3.50731E-1 3.59105E-1 -9999 -9999 -9999 -9999 -9999 -9999 -9999
-9999 -9999 -9999 -9999 -9999 -9999 -9999 -9999 -9999 -9999 -9999 -9999 -9999 -9999 7.56218E-1 7.17862E-1 6.88943E-1 6.50221E-1 6.18513E-1 6.84278E-1 6.58564E-1 7.34991E-1 7.17887E-1 6.99361E-1 7.34765E-1 7.07368E-1 6.82187E-1 6.38847E-1 6.15861E-1 5.56253E-1 5.17891E-1 5.19361E-1 5.19961E-1 5.16932E-1 4.87167E-1 4.53461E-1 4.14212E-1 3.65162E-1 3.77063E-1 3.73664E-1 3.90235E-1 3.63525E-1 3.35045E-1 3.06216E-1 3.20832E-1 3.13958E-1 3.09971E-1 2.83014E-1 2.61719E-1 2.45574E-1 2.31935E-1 2.38659E-1 2.26044E-1 2.13995E-1 2.1393E-1 2.2578E-1 2.50698E-1 2.56406E-1 2.8679E-1 2.97429E-1 3.10718E-1 3.25144E-1 3.16252E-1 3.38431E-1 3.36472E-1 -9999 -9999 -9999 -9999 -9999 -9999 -9999
-9999 -9999 -9999 -9999 -9999 -9999 -9999 -9999 -9999 -9999 -9999 -9999 -9999 -9999 7.56383E-1 7.09717E-1 6.76342E-1 6.57691E-1 6.40274E-1 6.93652E-1 6.78155E-1 6.59441E-1 7.36435E-1 7.02822E-1 7.21525E-1 7.16122E-1 6.68515E-1 6.27414E-1 5.78667E-1 5.62066E-1 5.63101E-1 5.5897E-1 5.41576E-1 4.85161E-1 4.91152E-1 4.51481E-1 4.36275E-1 3.8371E-1 3.77885E-1 4.0995E-1 3.92327E-1 3.6473E-1 3.63711E-1 3.39288E-1 3.2503E-1 3.16297E-1 2.70094E-1 2.52637E-1 2.48876E-1 2.4652E-1 2.31107E-1 2.32696E-1 2.09747E-1 2.31526E-1 2.25615E-1 2.26048E-1 2.45269E-1 2.54875E-1 2.75851E-1 2.84512E-1 2.88449E-1 2.83515E-1 3.00084E-1 2.9717E-1 2.96844E-1 -9999 -9999 -9999 -9999 -9999 -9999 -9999
-9999 -9999 -9999 -9999 -9999 -9999 -9999 -9999 -9999 -9999 -9999 -9999 -9999 -9999 7.52339E-1 7.02553E-1 6.80859E-1 6.69997E-1 6.48714E-1 7.30798E-1 6.888E-1 7.54218E-1 7.24134E-1 7.14352E-1 7.13227E-1 7.029E-1 6.77445E-1 6.34412E-1 6.14403E-1 6.00835E-1 5.82314E-1 5.66948E-1 5.14076E-1 4.96485E-1 4.98461E-1 4.63724E-1 4.08499E-1 3.70908E-1 3.96135E-1 3.99588E-1 3.64894E-1 3.83989E-1 3.67972E-1 3.52522E-1 3.26281E-1 2.73286E-1 2.21484E-1 2.41531E-1 2.45762E-1 2.30151E-1 2.38993E-1 2.29125E-1 2.18577E-1 2.42437E-1 2.20992E-1 2.24231E-1 2.15131E-1 2.41501E-1 2.65303E-1 2.62459E-1 2.71938E-1 2.73454E-1 2.73401E-1 2.71895E-1 2.88189E-1 2.93048E-1 3.2321E-1 2.98561E-1 -9999 -9999 -9999 -9999
-9999 -9999 -9999 -9999 -9999 -9999 -9999 -9999 -9999 -9999 -9999 -9999 -9999 -9999 6.60466E-1 7.04506E-1 6.98399E-1 6.78859E-1 7.40407E-1 7.23378E-1 7.83323E-1 7.43332E-1 7.30703E-1 7.20151E-1 7.2274E-1 7.14398E-1 6.83766E-1 6.55416E-1 6.28457E-1 6.09463E-1 5.73041E-1 5.71271E-1 5.16116E-1 5.32916E-1 5.18391E-1 4.46057E-1 3.95687E-1 3.58283E-1 3.87576E-1 3.79849E-1 3.82805E-1 3.8187E-1 3.55487E-1 3.10625E-1 2.85201E-1 2.23751E-1 2.1679E-1 2.75156E-1 2.44598E-1 2.26098E-1 2.27453E-1 2.27768E-1 2.41006E-1 2.32208E-1 2.21099E-1 2.20223E-1 2.0103E-1 1.96748E-1 2.33325E-1 2.39561E-1 2.61872E-1 2.60588E-1 2.47284E-1 2.54642E-1 2.73167E-1 2.77848E-1 -9999 -9999 -9999 -9999 -9999 -9999
-9999 -9999 -9999 -9999 -9999 -9999 -9999 -9999 -9999 -9999 -9999 -9999 -9999 7.06371E-1 7.5956E-1 7.19518E-1 6.94159E-1 6.69776E-1 7.39547E-1 7.12887E-1 7.01608E-1 7.5912E-1 7.42659E-1 7.56882E-1 7.32164E-1 7.21074E-1 6.94846E-1 6.81751E-1 6.44405E-1 6.16473E-1 5.98287E-1 5.5707E-1 5.52876E-1 5.13641E-1 4.80738E-1 4.26067E-1 3.79061E-1 3.86181E-1 4.18315E-1 4.17363E-1 4.01003E-1 3.54487E-1 3.24001E-1 2.94999E-1 2.47969E-1 2.71309E-1 2.31242E-1 2.10133E-1 2.36576E-1 2.07028E-1 2.07647E-1 2.28007E-1 2.21146E-1 2.13718E-1 2.02063E-1 1.92362E-1 1.75442E-1 1.85269E-1 2.21498E-1 2.43249E-1 2.27141E-1 2.29603E-1 2.40229E-1 2.33538E-1 2.54312E-1 2.58251E-1 -9999 -9999 -9999 -9999 -9999 -9999
-9999 -9999 -9999 -9999 -9999 -9999 -9999 -9999 -9999 -9999 -9999 -9999 -9999 7.13512E-1 7.60364E-1 7.225E-1 6.83484E-1 7.71862E-1 7.47004E-1 7.11498E-1 7.8565E-1 7.68743E-1 7.69109E-1 7.46352E-1 7.29616E-1 7.28991E-1 6.85457E-1 6.60121E-1 6.49583E-1 6.06772E-1 6.03684E-1 5.63686E-1 5.20139E-1 4.95647E-1 4.66891E-1 4.27981E-1 4.23314E-1 4.22823E-1 4.19506E-1 4.03777E-1 3.71465E-1 3.39418E-1 3.08323E-1 2.77186E-1 3.13801E-1 3.03178E-1 3.02902E-1 2.74698E-1 2.40462E-1 2.38952E-1 2.44143E-1 2.34144E-1 2.13412E-1 1.9375E-1 1.68182E-1 1.75346E-1 1.7137E-1 1.73281E-1 2.17203E-1 1.94519E-1 2.06696E-1 2.15753E-1 2.25689E-1 2.25309E-1 2.45648E-1 2.42367E-1 2.4115E-1 -9999 -9999 -9999 -9999 -9999
-9999 -9999 -9999 -9999 -9999 -9999 -9999 -9999 -9999 -9999 -9999 -9999 7.1166E-1 7.96901E-1 7.44272E-1 7.19184E-1 6.76481E-1 7.62099E-1 7.40426E-1 7.25717E-1 7.77636E-1 7.56158E-1 7.80275E-1 7.54839E-1 7.453E-1 7.1106E-1 7.12311E-1 6.61174E-1 6.40494E-1 5.91366E-1 5.68744E-1 5.48307E-1 5.27971E-1 5.21579E-1 4.98238E-1 4.80813E-1 4.59071E-1 4.30307E-1 4.19328E-1 3.92642E-1 3.56818E-1 3.42093E-1 3.20218E-1 2.8054E-1 3.20631E-1 3.33476E-1 2.9869E-1 2.6539E-1 2.75998E-1 2.65573E-1 2.42228E-1 2.05515E-1 1.79448E-1 1.75959E-1 1.45553E-1 1.75295E-1 1.63647E-1 1.68098E-1 1.59086E-1 1.77272E-1 1.88544E-1 1.92245E-1 2.08045E-1 2.04366E-1 2.09248E-1 2.17384E-1 2.29979E-1 -9999 -9999 -9999 -9999 -9999
-9999 -9999 -9999 -9999 -9999 -9999 -9999 -9999 -9999 -9999 -9999 -9999 7.23635E-1 7.81871E-1 7.39513E-1 7.27817E-1 6.92552E-1 7.54473E-1 7.37485E-1 7.17672E-1 7.73368E-1 7.474E-1 7.35828E-1 7.5696E-1 7.3942E-1 6.79598E-1 6.81878E-1 6.51881E-1 6.22487E-1 6.03986E-1 5.67773E-1 5.61795E-1 5.60681E-1 5.38704E-1 4.85409E-1 4.85366E-1 4.4607E-1 4.27445E-1 4.1548E-1 4.03543E-1 3.68068E-1 3.49577E-1 3.13784E-1 3.0984E-1 2.93444E-1 2.78756E-1 3.07655E-1 2.58227E-1 2.37001E-1 2.24879E-1 1.80541E-1 1.79356E-1 1.67043E-1 1.4921E-1 1.4845E-1 1.59497E-1 1.72738E-1 1.52079E-1 1.49618E-1 1.66403E-1 1.8455E-1 1.90965E-1 1.922E-1 1.89254E-1 1.99498E-1 2.11826E-1 2.20536E-1 2.28178E-1 2.14399E-1 -9999 -9999 -9999
-9999 -9999 -9999 -9999 -9999 -9999 -9999 -9999 -9999 -9999 -9999 -9999 7.22717E-1 6.90101E-1 7.35639E-1 7.28037E-1 6.93715E-1 7.4627E-1 7.31631E-1 7.0221E-1 7.69765E-1 7.37931E-1 7.27385E-1 7.38131E-1 7.06135E-1 6.95571E-1 6.60813E-1 6.58033E-1 6.25011E-1 6.20284E-1 5.96721E-1 5.7733E-1 5.27928E-1 5.11945E-1 5.1215E-1 4.61359E-1 4.6958E-1 4.46228E-1 4.28342E-1 4.20271E-1 3.70131E-1 3.57316E-1 3.50635E-1 3.05271E-1 2.71566E-1 2.56951E-1 2.86815E-1 2.18364E-1 2.01208E-1 1.87498E-1 1.73069E-1 1.61135E-1 1.5782E-1 1.47163E-1 1.62346E-1 1.58083E-1 1.63675E-1 1.52685E-1 1.4756E-1 1.64704E-1 1.82348E-1 1.88666E-1 1.86411E-1 1.85511E-1 1.97048E-1 1.90644E-1 2.20526E-1 2.14153E-1 2.2567E-1 2.33397E-1 2.34274E-1 2.28944E-1
-9999 -9999 -9999 -9999 -9999 -9999 -9999 -9999 -9999 -9999 -9999 -9999 7.07867E-1 7.68737E-1 7.29485E-1 7.22514E-1 6.92678E-1 7.43187E-1 7.24521E-1 6.84157E-1 7.57126E-1 7.54669E-1 7.36434E-1 7.26528E-1 7.38137E-1 7.03665E-1 6.92862E-1 6.66949E-1 6.37586E-1 6.08162E-1 5.62136E-1 5.44687E-1 5.40587E-1 5.35802E-1 4.89999E-1 4.72771E-1 4.49461E-1 4.38151E-1 4.17872E-1 4.01645E-1 3.67942E-1 3.43389E-1 3.41233E-1 3.24237E-1 2.90543E-1 2.64969E-1 2.2753E-1 1.64162E-1 1.78971E-1 1.61125E-1 1.72351E-1 1.4983E-1 1.41205E-1 1.4579E-1 1.45298E-1 1.46282E-1 1.63944E-1 1.50469E-1 1.40827E-1 1.30172E-1 1.65508E-1 1.71523E-1 1.78564E-1 1.82164E-1 1.81294E-1 1.87761E-1 2.02556E-1 2.081E-1 2.08254E-1 2.11969E-1 2.17306E-1 2.21898E-1
-9999 -9999 -9999 -9999 -9999 -9999 -9999 -9999 -9999 -9999 -9999 -9999 7.01124E-1 7.54168E-1 7.26234E-1 7.21862E-1 6.85231E-1 7.41412E-1 7.21331E-1 6.8648E-1 7.48727E-1 7.40684E-1 7.26256E-1 7.418E-1 7.26175E-1 6.92862E-1 6.6134E-1 6.53991E-1 6.08897E-1 5.72237E-1 5.46013E-1 5.56379E-1 5.39043E-1 5.11876E-1 4.62298E-1 4.50553E-1 4.31045E-1 4.17051E-1 4.01926E-1 3.74838E-1 3.73038E-1 3.42139E-1 3.07147E-1 3.02562E-1 3.03522E-1 2.44567E-1 2.16645E-1 2.14312E-1 1.64753E-1 1.53815E-1 1.55581E-1 1.43968E-1 1.57661E-1 1.62474E-1 1.59423E-1 1.50756E-1 1.50796E-1 1.33966E-1 1.1961E-1 1.19745E-1 1.44652E-1 1.43048E-1 1.61896E-1 1.63555E-1 1.81015E-1 1.89407E-1 1.93174E-1 1.972E-1 1.87736E-1 1.93687E-1 2.03024E-1 2.0673E-1
-9999 -9999 -9999 -9999 -9999 -9999 -9999 -9999 -9999 -9999 -9999 -9999 -9999 7.54029E-1 7.32061E-1 7.12236E-1 6.86609E-1 7.38953E-1 7.0199E-1 6.78234E-1 6.54832E-1 7.41583E-1 7.20498E-1 7.24386E-1 6.93937E-1 6.76758E-1 6.63738E-1 6.15804E-1 5.85795E-1 5.77928E-1 5.72388E-1 5.49187E-1 5.16244E-1 5.00044E-1 4.74263E-1 4.37793E-1 4.21363E-1 4.0212E-1 3.71017E-1 3.47119E-1 3.18628E-1 3.13832E-1 2.96888E-1 2.78764E-1 2.5444E-1 2.18169E-1 2.01675E-1 1.87858E-1 1.81114E-1 1.46187E-1 1.43237E-1 1.79494E-1 1.68698E-1 1.51446E-1 1.48209E-1 1.54013E-1 1.23238E-1 1.17585E-1 1.20231E-1 1.14169E-1 1.40407E-1 1.3111E-1 1.52802E-1 1.63242E-1 1.65945E-1 1.68862E-1 1.72891E-1 1.81583E-1 1.86563E-1 1.83461E-1 1.81277E-1 1.88728E-1
-9999 -9999 -9999 -9999 -9999 -9999 -9999 -9999 -9999 -9999 -9999 -9999 -9999 7.5457E-1 7.37648E-1 6.79003E-1 6.4748E-1 6.33558E-1 6.86252E-1 6.65078E-1 6.40757E-1 7.24787E-1 6.87776E-1 6.78606E-1 6.57644E-1 6.61228E-1 6.52263E-1 6.41394E-1 6.10699E-1 6.00011E-1 5.57013E-1 5.56035E-1 5.25258E-1 4.77083E-1 4.60759E-1 4.37704E-1 4.18945E-1 4.03571E-1 3.86179E-1 3.69188E-1 3.38124E-1 3.1399E-1 2.84484E-1 2.37927E-1 2.29687E-1 2.01738E-1 1.78298E-1 1.71706E-1 1.46433E-1 1.47614E-1 1.84952E-1 1.5205E-1 1.29033E-1 1.18245E-1 1.22867E-1 1.31033E-1 1.20978E-1 1.30569E-1 1.10873E-1 1.23872E-1 1.35433E-1 1.4482E-1 1.39409E-1 1.58746E-1 1.47459E-1 1.57435E-1 1.51592E-1 1.57069E-1 1.73168E-1 1.66185E-1 1.67697E-1 1.76939E-1
-9999 -9999 -9999 -9999 -9999 -9999 -9999 -9999 -9999 -9999 -9999 -9999 -9999 7.50036E-1 7.15496E-1 6.64336E-1 6.59544E-1 6.26878E-1 6.82852E-1 6.48038E-1 6.32235E-1 6.10536E-1 6.60923E-1 6.84448E-1 6.9179E-1 6.76478E-1 6.57836E-1 6.28346E-1 6.04572E-1 5.94121E-1 5.65298E-1 5.59069E-1 5.20348E-1 4.79089E-1 4.66233E-1 4.55143E-1 4.20329E-1 4.05279E-1 3.83159E-1 3.55082E-1 3.21489E-1 2.94625E-1 2.69973E-1 2.33901E-1 2.30023E-1 2.40563E-1 2.16167E-1 1.74184E-1 1.56488E-1 1.5746E-1 1.70943E-1 1.30061E-1 1.29396E-1 1.27058E-1 1.1741E-1 1.20781E-1 1.1368E-1 1.2088E-1 1.11461E-1 1.23892E-1 1.39143E-1 1.37803E-1 1.36887E-1 1.4676E-1 1.42063E-1 1.47547E-1 1.47217E-1 1.50653E-1 1.64404E-1 1.58241E-1 1.52937E-1 1.50638E-1
-9999 -9999 -9999 -9999 -9999 -9999 -9999 -9999 -9999 -9999 -9999 -9999 -9999 7.42887E-1 6.96558E-1 6.64658E-1 6.44783E-1 6.2482E-1 6.82416E-1 6.42882E-1 6.31766E-1 6.09572E-1 6.78849E-1 6.68233E-1 6.77181E-1 6.70764E-1 6.46274E-1 6.37644E-1 6.09322E-1 5.94026E-1 5.48503E-1 5.30206E-1 5.10323E-1 4.68958E-1 4.63182E-1 4.2551E-1 4.25961E-1 3.91436E-1 3.71224E-1 3.4431E-1 2.96943E-1 2.81272E-1 2.71868E-1 2.72954E-1 2.4757E-1 2.28532E-1 2.04949E-1 1.63876E-1 1.79316E-1 1.87114E-1 1.66636E-1 1.31848E-1 1.30335E-1 1.17261E-1 1.06916E-1 1.03529E-1 9.00623E-2 1.11071E-1 1.05965E-1 1.20845E-1 1.27705E-1 1.35381E-1 1.29657E-1 1.36816E-1 1.34067E-1 1.40053E-1 1.35787E-1 1.32172E-1 1.47175E-1 1.46617E-1 1.46664E-1 1.44996E-1
-9999 -9999 -9999 -9999 -9999 -9999 -9999 -9999 -9999 -9999 -9999 -9999 -9999 7.40867E-1 7.02504E-1 6.64363E-1 6.4023E-1 6.25263E-1 6.87747E-1 6.54054E-1 6.22415E-1 5.93011E-1 6.7835E-1 6.63775E-1 6.32216E-1 6.70542E-1 6.11257E-1 6.21691E-1 5.96057E-1 5.59274E-1 5.40179E-1 5.02909E-1 4.83078E-1 4.54383E-1 4.43021E-1 4.34242E-1 3.95283E-1 3.73798E-1 3.61035E-1 3.23985E-1 3.08817E-1 2.77674E-1 2.49284E-1 2.54192E-1 2.18354E-1 1.99231E-1 1.79387E-1 1.64897E-1 1.88368E-1 1.71298E-1 1.52616E-1 1.36906E-1 1.50657E-1 1.32454E-1 1.15033E-1 1.30428E-1 9.54684E-2 1.10472E-1 1.02133E-1 1.07782E-1 1.19185E-1 1.18223E-1 1.18985E-1 1.26239E-1 1.33583E-1 1.30151E-1 1.29147E-1 1.32844E-1 1.34692E-1 1.36264E-1 1.3165E-1 1.33731E-1
-9999 -9999 -9999 -9999 -9999 -9999 -9999 -9999 -9999 -9999 -9999 -9999 -9999 6.26006E-1 6.96861E-1 6.47867E-1 6.25177E-1 5.99353E-1 5.79175E-1 6.40013E-1 6.15331E-1 5.99436E-1 6.7944E-1 6.46637E-1 6.2944E-1 6.55792E-1 6.24528E-1 6.23242E-1 5.74586E-1 5.48515E-1 5.0158E-1 4.88967E-1 4.91428E-1 4.39823E-1 4.49657E-1 4.03599E-1 3.74013E-1 3.66064E-1 3.43891E-1 3.04224E-1 2.81597E-1 2.67248E-1 2.26947E-1 2.00728E-1 1.98514E-1 1.95853E-1 1.72659E-1 1.43427E-1 1.48735E-1 1.42552E-1 1.27932E-1 1.17345E-1 1.34609E-1 1.14338E-1 1.09239E-1 1.19367E-1 1.10753E-1 1.11502E-1 1.1724E-1 1.20538E-1 1.27794E-1 1.17809E-1 1.14055E-1 1.25715E-1 1.18429E-1 1.16137E-1 1.23269E-1 1.1992E-1 1.19312E-1 1.22244E-1 1.2777E-1 1.28229E-1
-9999 -9999 -9999 -9999 -9999 -9999 -9999 -9999 -9999 -9999 -9999 -9999 -9999 6.20236E-1 6.62478E-1 6.24232E-1 6.19641E-1 5.80712E-1 5.4304E-1 6.22079E-1 6.05751E-1 5.8154E-1 6.35917E-1 6.10967E-1 6.23076E-1 6.31863E-1 5.96698E-1 5.85257E-1 5.46219E-1 5.22767E-1 4.9001E-1 4.83388E-1 4.7577E-1 4.33492E-1 4.04699E-1 3.75449E-1 3.46435E-1 3.33593E-1 3.01077E-1 2.75591E-1 2.76647E-1 2.50054E-1 2.16516E-1 1.8982E-1 1.83079E-1 1.84678E-1 1.79284E-1 1.42394E-1 1.45982E-1 1.21556E-1 1.10723E-1 1.14963E-1 1.20479E-1 1.19674E-1 1.19924E-1 1.27651E-1 9.75136E-2 1.17327E-1 1.0944E-1 1.09899E-1 1.12003E-1 1.0844E-1 1.02484E-1 1.09717E-1 1.16665E-1 1.01962E-1 1.14857E-1 1.14345E-1 1.10335E-1 1.07369E-1 1.18997E-1 1.19458E-1
-9999 -9999 -9999 -9999 -9999 -9999 -9999 -9999 -9999 -9999 -9999 -9999 -9999 -9999 6.71182E-1 6.22448E-1 5.91293E-1 5.71415E-1 5.49621E-1 6.14237E-1 5.90176E-1 5.45435E-1 6.2065E-1 5.99983E-1 5.90489E-1 5.64563E-1 5.83074E-1 5.61776E-1 5.34278E-1 5.11052E-1 4.847E-1 4.59793E-1 4.37608E-1 4.21845E-1 3.98957E-1 3.76624E-1 3.53452E-1 3.33775E-1 3.16162E-1 3.07258E-1 2.79393E-1 2.62114E-1 2.31451E-1 2.14187E-1 1.77612E-1 1.59928E-1 1.51805E-1 1.43371E-1 1.45173E-1 1.55976E-1 1.59674E-1 1.23632E-1 1.1014E-1 1.0357E-1 1.1014E-1 9.7294E-2 8.85664E-2 9.31174E-2 1.03301E-1 1.07009E-1 1.11204E-1 1.04294E-1 9.25507E-2 1.14101E-1 1.17523E-1 1.17107E-1 1.00041E-1 1.05721E-1 1.05667E-1 1.03568E-1 1.08631E-1 1.09832E-1
-9999 -9999 -9999 -9999 -9999 -9999 -9999 -9999 -9999 -9999 -9999 -9999 -9999 -9999 6.493E-1 6.46929E-1 5.81074E-1 5.68098E-1 5.54085E-1 5.92938E-1 5.72178E-1 5.61896E-1 6.03384E-1 5.88218E-1 5.62175E-1 5.84956E-1 5.80491E-1 5.31049E-1 5.00646E-1 4.83793E-1 4.55503E-1 4.46978E-1 4.29321E-1 3.93999E-1 3.87906E-1 3.6682E-1 3.47659E-1 3.06666E-1 3.0727E-1 2.86906E-1 2.71294E-1 2.63587E-1 2.42975E-1 2.34182E-1 2.22618E-1 2.07727E-1 1.76429E-1 1.76004E-1 1.78706E-1 1.67036E-1 1.46973E-1 1.40251E-1 1.32006E-1 9.82239E-2 9.36369E-2 8.46015E-2 8.76119E-2 1.01026E-1 8.57927E-2 9.08516E-2 1.01572E-1 9.74153E-2 9.44089E-2 9.94598E-2 1.01511E-1 8.85886E-2 8.41313E-2 9.52399E-2 9.55981E-2 9.55981E-2 9.76756E-2 1.01206E-1
