Artocarpus altilis SDM files/MIS19/results (with bias file)/Artalt_7.asc
ncols         1201
nrows         481
xllcorner     119.99986351115
yllcorner     -15.00013828885
cellsize      0.041666667
NODATA_value  -9999
[rows 320 to 351 of 481, columns 504 to 575 of 1201]
3.96586E-1 4.04346E-1 3.90245E-1 3.93014E-1 3.9073E-1 4.02999E-1 3.98679E-1 3.97804E-1 3.98292E-1 4.00324E-1 3.95735E-1 4.08775E-1 4.10401E-1 4.12479E-1 4.09002E-1 4.02126E-1 3.96577E-1 4.25042E-1 4.28475E-1 4.26773E-1 4.22389E-1 4.34996E-1 4.4079E-1 4.50123E-1 4.24991E-1 4.23919E-1 4.38489E-1 4.51512E-1 4.60178E-1 4.57306E-1 4.39329E-1 4.59295E-1 4.47548E-1 4.60876E-1 4.61506E-1 4.64726E-1 4.72302E-1 4.81488E-1 5.00521E-1 5.01154E-1 4.888E-1 5.095E-1 5.07482E-1 5.08601E-1 5.14218E-1 5.13574E-1 5.16003E-1 5.18817E-1 5.15095E-1 5.14478E-1 5.32042E-1 5.4319E-1 5.43155E-1 5.43409E-1 5.74213E-1 5.54495E-1 5.52378E-1 5.69749E-1 5.62039E-1 5.64784E-1 6.00251E-1 5.871E-1 6.06048E-1 6.11168E-1 -9999 -9999 -9999 -9999 -9999 -9999 -9999 -9999
3.90783E-1 3.98626E-1 4.04238E-1 3.98311E-1 3.89148E-1 3.96056E-1 4.06772E-1 3.99639E-1 4.08164E-1 3.88425E-1 3.94502E-1 3.97519E-1 3.99884E-1 4.14483E-1 3.94997E-1 3.98339E-1 4.03315E-1 4.16822E-1 4.14248E-1 4.10572E-1 4.23761E-1 4.32456E-1 4.32742E-1 4.36191E-1 4.32702E-1 4.36655E-1 4.58842E-1 4.47399E-1 4.47225E-1 4.32029E-1 4.49687E-1 4.55598E-1 4.64395E-1 4.71943E-1 4.70021E-1 4.85908E-1 4.95224E-1 4.89843E-1 4.95173E-1 4.87105E-1 4.97129E-1 5.10725E-1 5.11051E-1 5.16995E-1 5.20893E-1 5.17639E-1 5.30838E-1 5.20077E-1 5.39087E-1 5.38017E-1 5.38019E-1 5.39854E-1 5.58145E-1 5.74816E-1 5.63533E-1 5.62734E-1 5.72379E-1 5.63099E-1 5.70302E-1 5.77155E-1 5.82433E-1 5.88799E-1 5.83771E-1 5.78739E-1 6.02062E-1 -9999 -9999 -9999 -9999 -9999 -9999 -9999
3.88652E-1 3.94364E-1 3.92744E-1 3.88276E-1 3.86933E-1 3.9039E-1 3.93422E-1 4.01182E-1 3.94956E-1 3.92725E-1 3.88463E-1 4.10311E-1 4.02708E-1 4.01403E-1 4.00406E-1 4.0568E-1 3.97157E-1 3.99386E-1 4.00522E-1 4.10423E-1 4.12084E-1 4.29223E-1 4.19577E-1 4.32107E-1 4.25719E-1 4.18368E-1 4.41552E-1 4.58562E-1 4.48121E-1 4.42164E-1 4.32667E-1 4.52948E-1 4.49777E-1 4.64384E-1 4.6778E-1 4.86008E-1 4.86207E-1 4.99163E-1 4.94901E-1 4.82329E-1 5.11451E-1 5.15505E-1 5.23813E-1 5.2434E-1 5.17896E-1 5.32752E-1 5.36863E-1 5.38235E-1 5.39786E-1 5.36506E-1 5.61386E-1 5.57779E-1 5.71059E-1 5.71575E-1 5.51048E-1 5.71563E-1 5.66039E-1 5.66245E-1 5.88378E-1 5.77565E-1 5.97859E-1 5.90226E-1 5.84078E-1 5.88449E-1 5.99106E-1 -9999 -9999 -9999 -9999 -9999 -9999 -9999
3.88112E-1 3.97993E-1 3.98689E-1 4.0615E-1 4.01208E-1 3.8787E-1 3.91337E-1 3.94538E-1 3.98133E-1 4.00898E-1 4.02473E-1 4.01791E-1 3.95722E-1 3.92778E-1 4.05328E-1 4.01512E-1 4.00072E-1 4.12246E-1 3.94539E-1 3.96907E-1 4.05063E-1 4.14532E-1 4.12204E-1 4.39027E-1 4.29957E-1 4.2382E-1 4.43953E-1 4.40818E-1 4.41722E-1 4.60378E-1 4.36038E-1 4.39363E-1 4.45278E-1 4.60272E-1 4.76034E-1 4.88977E-1 4.89994E-1 4.97751E-1 4.87521E-1 4.75662E-1 5.03551E-1 5.17658E-1 5.10347E-1 5.05192E-1 5.22051E-1 5.1935E-1 5.41538E-1 5.42767E-1 5.49962E-1 5.52669E-1 5.67838E-1 5.71212E-1 5.72173E-1 5.72833E-1 5.71118E-1 5.72762E-1 5.80605E-1 5.74825E-1 5.8698E-1 5.8782E-1 5.98202E-1 5.96972E-1 6.05862E-1 6.04341E-1 6.3008E-1 6.34571E-1 6.34024E-1 -9999 -9999 -9999 -9999 -9999
3.8533E-1 4.12563E-1 3.93163E-1 3.94436E-1 3.98997E-1 3.8728E-1 3.90224E-1 3.90802E-1 3.99291E-1 3.99531E-1 3.96007E-1 4.00368E-1 3.95478E-1 4.06254E-1 3.96225E-1 4.04512E-1 4.09708E-1 4.03904E-1 4.04392E-1 3.9415E-1 3.96489E-1 3.99489E-1 4.0456E-1 4.17421E-1 4.20885E-1 4.11368E-1 4.36899E-1 4.36071E-1 4.44822E-1 4.46424E-1 4.34809E-1 4.30324E-1 4.43518E-1 4.54096E-1 4.68556E-1 4.62633E-1 4.89228E-1 4.96975E-1 4.85057E-1 4.84895E-1 4.96852E-1 5.13624E-1 4.98311E-1 4.88358E-1 5.14764E-1 5.13683E-1 5.18225E-1 5.40392E-1 5.48755E-1 5.58397E-1 5.53028E-1 5.62181E-1 5.59968E-1 5.81539E-1 5.68132E-1 5.89163E-1 6.01061E-1 5.96439E-1 6.22665E-1 6.14324E-1 6.087E-1 6.10968E-1 6.1375E-1 6.13383E-1 6.29545E-1 6.38758E-1 6.29869E-1 6.47769E-1 -9999 -9999 -9999 -9999
3.83317E-1 4.04237E-1 4.03376E-1 3.92441E-1 4.00774E-1 3.9924E-1 3.89229E-1 3.94868E-1 3.96076E-1 3.98172E-1 3.94808E-1 4.05956E-1 3.87266E-1 3.95509E-1 3.93871E-1 4.02646E-1 3.94531E-1 3.95644E-1 4.05329E-1 3.95738E-1 3.85388E-1 3.97095E-1 3.97839E-1 4.03327E-1 4.06863E-1 4.05777E-1 4.27959E-1 4.40681E-1 4.36168E-1 4.24643E-1 4.34483E-1 4.32436E-1 4.39057E-1 4.54369E-1 4.62278E-1 4.8065E-1 4.60379E-1 4.67086E-1 4.6608E-1 4.73509E-1 4.91016E-1 5.24053E-1 5.17719E-1 5.12081E-1 5.33375E-1 5.30026E-1 5.14189E-1 5.2483E-1 5.29433E-1 5.45182E-1 5.4679E-1 5.62181E-1 5.63778E-1 5.88419E-1 6.00236E-1 5.86347E-1 5.92227E-1 5.97113E-1 6.11218E-1 6.11478E-1 -9999 6.32316E-1 6.34383E-1 6.22976E-1 6.38169E-1 -9999 6.55835E-1 6.5916E-1 -9999 -9999 -9999 -9999
3.84842E-1 3.92335E-1 3.95681E-1 4.10776E-1 4.00874E-1 3.90952E-1 4.00879E-1 3.87591E-1 3.87821E-1 3.99517E-1 4.00829E-1 4.09259E-1 3.96684E-1 3.94267E-1 3.96174E-1 4.03029E-1 4.01637E-1 3.94083E-1 3.90833E-1 3.88587E-1 3.91551E-1 4.07081E-1 4.03795E-1 4.11145E-1 4.01773E-1 4.24797E-1 4.23303E-1 4.29876E-1 4.19582E-1 4.18398E-1 4.27214E-1 4.34479E-1 4.40854E-1 4.62216E-1 4.56829E-1 4.60711E-1 4.76679E-1 4.76956E-1 4.85473E-1 5.11629E-1 5.17436E-1 5.29436E-1 5.20714E-1 5.04679E-1 5.33566E-1 5.243E-1 5.28284E-1 5.09113E-1 5.25605E-1 5.51086E-1 5.46071E-1 5.48466E-1 5.86045E-1 5.87964E-1 5.88443E-1 5.81982E-1 6.04759E-1 6.13279E-1 6.1184E-1 6.24214E-1 6.35948E-1 6.30862E-1 -9999 -9999 -9999 -9999 -9999 6.80441E-1 -9999 -9999 -9999 -9999
4.01946E-1 4.05589E-1 4.06477E-1 4.10999E-1 3.98593E-1 3.93808E-1 3.96974E-1 3.98551E-1 4.03258E-1 3.96E-1 3.91337E-1 3.8956E-1 3.86083E-1 3.93622E-1 3.86149E-1 3.9363E-1 4.15665E-1 4.09313E-1 3.94971E-1 3.99299E-1 3.9041E-1 4.05968E-1 4.11259E-1 4.01845E-1 4.13515E-1 4.03954E-1 4.03004E-1 4.19562E-1 4.11146E-1 4.06448E-1 4.16352E-1 4.25505E-1 4.32589E-1 4.41526E-1 4.45486E-1 4.57394E-1 4.63727E-1 4.70206E-1 4.86768E-1 4.94007E-1 5.24467E-1 5.07006E-1 5.21237E-1 5.28275E-1 5.13049E-1 5.30035E-1 5.26844E-1 5.22331E-1 5.30072E-1 5.34692E-1 5.41903E-1 5.50464E-1 5.74286E-1 5.80371E-1 5.89581E-1 6.08315E-1 6.06545E-1 6.31111E-1 6.25272E-1 6.36723E-1 6.40951E-1 6.43978E-1 6.65339E-1 -9999 -9999 -9999 -9999 -9999 -9999 -9999 -9999 -9999
4.09821E-1 4.12804E-1 4.13181E-1 4.10543E-1 3.99952E-1 4.07274E-1 3.95905E-1 3.94361E-1 4.0107E-1 4.00215E-1 3.99975E-1 3.89412E-1 3.88094E-1 3.91142E-1 3.76858E-1 4.01701E-1 4.15849E-1 4.15183E-1 3.89898E-1 3.92103E-1 3.88782E-1 3.98934E-1 3.97348E-1 4.00135E-1 4.06813E-1 4.01143E-1 4.0049E-1 4.1653E-1 4.20497E-1 4.28169E-1 4.30393E-1 4.32815E-1 4.27745E-1 4.33629E-1 4.3593E-1 4.49126E-1 4.63195E-1 4.7457E-1 4.85104E-1 4.92622E-1 5.11837E-1 5.10738E-1 5.14057E-1 5.39863E-1 5.18556E-1 5.17915E-1 5.36888E-1 5.21384E-1 5.25036E-1 5.20289E-1 5.5525E-1 5.7076E-1 5.69576E-1 5.84607E-1 5.80355E-1 6.04245E-1 6.30091E-1 6.30256E-1 -9999 6.55247E-1 6.60465E-1 6.56423E-1 6.63336E-1 6.61242E-1 -9999 -9999 -9999 -9999 -9999 -9999 -9999 -9999
4.19266E-1 4.301E-1 4.19403E-1 4.11011E-1 4.06708E-1 4.06088E-1 4.10797E-1 3.91322E-1 3.8962E-1 3.98785E-1 4.01246E-1 3.98671E-1 3.98053E-1 3.91502E-1 3.96234E-1 4.16665E-1 4.01473E-1 3.95916E-1 3.95405E-1 3.92594E-1 3.98721E-1 3.94184E-1 4.00167E-1 4.10328E-1 4.00263E-1 4.01773E-1 4.07754E-1 4.19588E-1 4.34148E-1 4.30908E-1 4.26431E-1 4.28049E-1 4.39773E-1 4.40866E-1 4.41671E-1 4.48118E-1 4.74561E-1 4.75531E-1 4.74685E-1 4.97584E-1 5.03708E-1 4.89981E-1 5.36061E-1 5.31677E-1 5.20815E-1 5.11043E-1 5.32143E-1 5.32659E-1 5.37114E-1 5.52902E-1 5.62425E-1 5.79101E-1 5.76079E-1 5.72313E-1 6.06634E-1 6.25978E-1 6.26234E-1 6.34955E-1 6.53689E-1 -9999 -9999 -9999 6.70835E-1 6.77071E-1 -9999 -9999 -9999 -9999 -9999 -9999 -9999 -9999
4.15871E-1 4.26974E-1 4.33605E-1 4.25581E-1 4.01379E-1 4.07849E-1 4.1812E-1 4.03101E-1 3.86554E-1 3.96177E-1 3.87874E-1 3.94593E-1 3.81656E-1 4.13773E-1 4.04843E-1 4.01501E-1 4.03987E-1 4.07923E-1 4.1005E-1 3.93976E-1 3.92813E-1 3.98414E-1 3.97219E-1 4.0857E-1 4.10555E-1 4.15215E-1 3.99437E-1 4.13518E-1 4.25407E-1 4.37166E-1 4.33306E-1 4.31009E-1 4.35324E-1 4.30458E-1 4.53778E-1 4.63261E-1 4.74137E-1 4.8442E-1 4.93303E-1 4.81918E-1 4.82778E-1 5.02568E-1 5.3062E-1 5.2209E-1 5.07467E-1 5.13459E-1 5.33294E-1 5.52355E-1 5.53619E-1 5.59912E-1 5.76192E-1 5.78525E-1 5.82004E-1 6.03527E-1 6.09035E-1 6.25203E-1 6.31293E-1 6.42832E-1 6.58021E-1 6.78329E-1 -9999 -9999 6.82899E-1 6.83259E-1 -9999 -9999 -9999 -9999 -9999 -9999 -9999 -9999
4.05417E-1 4.21553E-1 4.20901E-1 4.25747E-1 4.24395E-1 4.09276E-1 4.02392E-1 4.01315E-1 3.9782E-1 3.98052E-1 4.1639E-1 4.12731E-1 4.02516E-1 4.2435E-1 4.01266E-1 4.00298E-1 4.04247E-1 4.02087E-1 3.98722E-1 4.09739E-1 4.14799E-1 3.9848E-1 3.98291E-1 4.12626E-1 4.10416E-1 4.08249E-1 4.15858E-1 4.21513E-1 4.29843E-1 4.31821E-1 4.27787E-1 4.31412E-1 4.38354E-1 4.45159E-1 4.5528E-1 4.66203E-1 4.74562E-1 4.75911E-1 4.89773E-1 4.95757E-1 5.02533E-1 5.10647E-1 5.18606E-1 5.24672E-1 5.26274E-1 5.44579E-1 5.46771E-1 5.53332E-1 5.54941E-1 5.79731E-1 5.96348E-1 5.96051E-1 6.00476E-1 6.21986E-1 6.22217E-1 6.40958E-1 6.5472E-1 6.4742E-1 6.52083E-1 6.70873E-1 -9999 -9999 -9999 -9999 -9999 -9999 -9999 -9999 -9999 -9999 -9999 -9999
4.24869E-1 4.31861E-1 4.25771E-1 4.22509E-1 4.19138E-1 4.22384E-1 4.30883E-1 4.02701E-1 4.1756E-1 4.24568E-1 4.09325E-1 4.23792E-1 4.28849E-1 4.25249E-1 4.10643E-1 4.23202E-1 4.04818E-1 4.02378E-1 4.05368E-1 4.09481E-1 4.09558E-1 4.13961E-1 4.18304E-1 4.15198E-1 4.23307E-1 4.28796E-1 4.13699E-1 4.21899E-1 4.25706E-1 4.43076E-1 4.54966E-1 4.44216E-1 4.54703E-1 4.62976E-1 4.67208E-1 4.75892E-1 4.76065E-1 4.75758E-1 4.83045E-1 4.96256E-1 5.02773E-1 5.0857E-1 5.28156E-1 5.34311E-1 5.28578E-1 5.37193E-1 5.72264E-1 5.79646E-1 6.01181E-1 5.80032E-1 5.97736E-1 6.19325E-1 6.25573E-1 6.30527E-1 6.46177E-1 6.53582E-1 6.62708E-1 6.62868E-1 -9999 -9999 -9999 -9999 -9999 -9999 -9999 -9999 -9999 -9999 -9999 -9999 -9999 -9999
4.45733E-1 4.58498E-1 4.31457E-1 4.27888E-1 4.21152E-1 4.26996E-1 4.33275E-1 4.11716E-1 4.28083E-1 4.09466E-1 4.12016E-1 4.25162E-1 4.23449E-1 4.20479E-1 4.2017E-1 4.33113E-1 4.1421E-1 4.26538E-1 4.30858E-1 4.08612E-1 3.94289E-1 4.00898E-1 4.09912E-1 4.11014E-1 4.20535E-1 4.28063E-1 4.43675E-1 4.41002E-1 4.5306E-1 4.60719E-1 4.59781E-1 4.60842E-1 4.70589E-1 4.76548E-1 4.67053E-1 4.75815E-1 4.82374E-1 4.9622E-1 5.01819E-1 5.08907E-1 5.11021E-1 5.17186E-1 5.38009E-1 5.48617E-1 5.50551E-1 5.70168E-1 5.78503E-1 5.75684E-1 5.78165E-1 5.8364E-1 6.05085E-1 6.10419E-1 6.28428E-1 6.4145E-1 6.44887E-1 6.73113E-1 6.70216E-1 6.58017E-1 -9999 -9999 -9999 -9999 -9999 -9999 -9999 -9999 -9999 -9999 -9999 -9999 -9999 -9999
4.5692E-1 4.75974E-1 4.64175E-1 4.5737E-1 4.19411E-1 4.35156E-1 4.38878E-1 4.34965E-1 4.35653E-1 4.25658E-1 4.32253E-1 4.32336E-1 4.27758E-1 4.22433E-1 4.14517E-1 4.20613E-1 4.35442E-1 4.32022E-1 4.33578E-1 4.17538E-1 4.12298E-1 4.26287E-1 4.23995E-1 4.24993E-1 4.22846E-1 4.30797E-1 4.38624E-1 4.43569E-1 4.50216E-1 4.52145E-1 4.76439E-1 4.81816E-1 4.63831E-1 4.74145E-1 4.81994E-1 5.04173E-1 5.09202E-1 5.11241E-1 5.17814E-1 5.25612E-1 5.31148E-1 5.42932E-1 5.53384E-1 5.67258E-1 5.78146E-1 5.6967E-1 5.8001E-1 5.96022E-1 5.92541E-1 5.95152E-1 6.04041E-1 6.11577E-1 6.38286E-1 6.5727E-1 6.67983E-1 6.73233E-1 6.75464E-1 6.7879E-1 -9999 -9999 -9999 -9999 -9999 -9999 -9999 -9999 -9999 -9999 -9999 -9999 -9999 -9999
4.79513E-1 4.70523E-1 4.82269E-1 4.63497E-1 4.41293E-1 4.2665E-1 4.591E-1 4.43558E-1 4.49496E-1 4.41847E-1 4.4231E-1 4.46754E-1 4.46302E-1 4.2657E-1 4.18905E-1 4.16474E-1 4.22509E-1 4.2867E-1 4.18656E-1 4.19736E-1 4.22253E-1 4.24275E-1 4.20048E-1 4.34532E-1 4.37556E-1 4.38339E-1 4.37476E-1 4.53416E-1 4.50297E-1 4.59717E-1 4.72298E-1 4.81565E-1 4.87805E-1 4.9721E-1 5.05221E-1 5.06527E-1 5.11085E-1 5.17433E-1 5.37577E-1 5.43554E-1 5.45973E-1 5.63072E-1 5.70006E-1 5.76365E-1 5.79772E-1 5.86843E-1 5.88114E-1 6.00243E-1 6.07108E-1 6.19686E-1 6.03945E-1 6.20579E-1 6.41467E-1 6.58528E-1 6.67648E-1 6.86269E-1 6.86744E-1 6.86905E-1 6.84219E-1 -9999 -9999 -9999 -9999 -9999 -9999 -9999 -9999 -9999 -9999 -9999 -9999 -9999
5.0515E-1 4.80306E-1 4.80924E-1 4.60195E-1 4.52762E-1 4.5193E-1 4.58381E-1 4.58394E-1 4.5966E-1 4.44633E-1 4.48485E-1 4.53402E-1 4.47605E-1 4.51608E-1 4.48994E-1 4.43353E-1 4.27281E-1 4.29313E-1 4.25404E-1 4.37052E-1 4.34597E-1 4.17563E-1 4.36974E-1 4.4513E-1 4.47871E-1 4.53602E-1 4.6094E-1 4.66247E-1 4.71199E-1 4.76983E-1 4.91346E-1 5.03318E-1 5.00496E-1 5.08549E-1 5.14686E-1 5.19736E-1 5.36983E-1 5.38825E-1 5.42646E-1 5.49197E-1 5.59486E-1 5.70486E-1 5.76028E-1 5.77151E-1 5.85352E-1 5.86172E-1 5.91574E-1 6.08009E-1 6.10407E-1 6.27005E-1 6.40221E-1 6.45407E-1 6.43987E-1 6.52319E-1 6.74608E-1 6.73203E-1 6.82803E-1 6.8301E-1 6.96637E-1 -9999 -9999 -9999 -9999 -9999 -9999 -9999 -9999 -9999 -9999 -9999 -9999 -9999
5.17439E-1 4.99887E-1 4.86832E-1 4.89999E-1 4.80165E-1 4.67089E-1 4.58778E-1 4.75409E-1 4.71834E-1 4.63888E-1 4.71079E-1 4.60225E-1 4.55594E-1 4.49462E-1 4.56417E-1 4.53598E-1 4.50464E-1 4.45289E-1 4.45862E-1 4.41904E-1 4.32345E-1 4.4047E-1 4.43927E-1 4.5753E-1 4.61407E-1 4.68328E-1 4.70682E-1 4.79764E-1 4.85167E-1 4.95355E-1 4.96576E-1 5.01885E-1 5.05701E-1 5.40528E-1 5.43908E-1 5.23869E-1 5.30254E-1 5.44719E-1 5.51566E-1 5.69744E-1 5.79518E-1 5.90606E-1 5.82074E-1 5.81477E-1 6.0339E-1 6.04121E-1 6.12987E-1 6.25265E-1 6.32222E-1 6.37336E-1 6.64975E-1 6.67569E-1 6.60234E-1 6.64841E-1 6.75334E-1 6.87347E-1 6.91209E-1 6.95317E-1 7.02962E-1 -9999 -9999 -9999 -9999 -9999 -9999 -9999 -9999 -9999 -9999 -9999 -9999 -9999
5.15957E-1 5.21364E-1 5.09473E-1 5.01642E-1 5.16026E-1 4.98999E-1 4.89321E-1 5.0369E-1 4.99041E-1 4.951E-1 4.78887E-1 4.62611E-1 4.62339E-1 4.63856E-1 4.56284E-1 4.6011E-1 4.58072E-1 4.54489E-1 4.55837E-1 4.51259E-1 4.47091E-1 4.65603E-1 4.59881E-1 4.64865E-1 4.64051E-1 4.73845E-1 4.75978E-1 4.84901E-1 4.89137E-1 4.99586E-1 4.97981E-1 4.98989E-1 5.09957E-1 5.28479E-1 5.47333E-1 5.48365E-1 5.51307E-1 5.59201E-1 5.50525E-1 5.64067E-1 5.87472E-1 5.99646E-1 5.92929E-1 6.06013E-1 6.11033E-1 6.07591E-1 6.05491E-1 6.39336E-1 6.53794E-1 6.5845E-1 6.67583E-1 6.73328E-1 6.89971E-1 6.8538E-1 -9999 -9999 -9999 -9999 -9999 -9999 -9999 -9999 -9999 -9999 -9999 -9999 -9999 -9999 -9999 -9999 -9999 -9999
5.41063E-1 5.33451E-1 5.20447E-1 5.12909E-1 5.19316E-1 5.22303E-1 5.10079E-1 5.09322E-1 5.02517E-1 4.94878E-1 4.89381E-1 4.73496E-1 4.82418E-1 4.84319E-1 4.7659E-1 4.60519E-1 4.62134E-1 4.72373E-1 4.68418E-1 4.75094E-1 4.69967E-1 4.70459E-1 4.72338E-1 4.87669E-1 4.93452E-1 4.99E-1 5.0272E-1 5.07121E-1 5.09867E-1 5.30077E-1 5.21216E-1 5.29014E-1 5.29014E-1 5.28278E-1 5.48631E-1 5.61287E-1 5.63339E-1 5.63716E-1 5.76523E-1 5.94013E-1 5.95262E-1 5.97202E-1 6.10407E-1 6.2005E-1 6.27416E-1 6.2384E-1 6.41619E-1 6.41314E-1 6.48726E-1 6.71762E-1 6.70267E-1 -9999 6.91185E-1 6.89272E-1 6.93596E-1 -9999 -9999 -9999 -9999 -9999 -9999 -9999 -9999 -9999 -9999 -9999 -9999 -9999 -9999 -9999 -9999 -9999
5.44566E-1 5.59015E-1 5.38346E-1 5.27499E-1 5.36035E-1 5.29388E-1 5.27199E-1 5.19352E-1 5.07933E-1 5.10291E-1 4.98553E-1 4.95416E-1 4.89704E-1 5.03191E-1 5.01837E-1 4.98458E-1 4.91364E-1 4.91968E-1 4.92373E-1 4.8082E-1 4.8697E-1 4.92704E-1 4.87364E-1 4.82195E-1 4.93268E-1 4.98433E-1 5.07826E-1 5.10456E-1 5.09532E-1 5.21257E-1 5.39267E-1 5.53588E-1 5.37336E-1 5.43666E-1 5.66172E-1 5.7342E-1 5.70056E-1 5.84841E-1 5.87692E-1 6.06013E-1 6.19039E-1 6.11805E-1 6.18374E-1 6.30989E-1 6.35996E-1 6.52559E-1 6.5476E-1 6.6905E-1 -9999 -9999 -9999 -9999 6.86826E-1 6.90361E-1 6.93715E-1 -9999 -9999 -9999 -9999 -9999 -9999 -9999 -9999 -9999 -9999 -9999 -9999 -9999 6.42633E-1 6.4279E-1 -9999 -9999
-9999 5.66541E-1 5.5492E-1 5.3351E-1 5.15655E-1 5.24757E-1 5.07958E-1 5.08973E-1 -9999 -9999 -9999 5.14957E-1 5.11574E-1 5.01739E-1 4.83422E-1 5.08192E-1 5.03404E-1 5.00423E-1 4.92511E-1 5.03659E-1 5.14233E-1 5.20356E-1 5.08133E-1 5.2059E-1 5.14884E-1 5.22055E-1 5.28994E-1 5.28473E-1 -9999 5.35407E-1 5.60952E-1 5.69498E-1 5.58894E-1 5.63763E-1 5.7199E-1 5.88683E-1 6.03863E-1 6.01494E-1 6.15356E-1 6.18654E-1 6.221E-1 6.25322E-1 6.33945E-1 6.44781E-1 6.52237E-1 6.59248E-1 6.65758E-1 -9999 -9999 -9999 -9999 -9999 -9999 -9999 -9999 -9999 -9999 -9999 -9999 -9999 -9999 -9999 -9999 -9999 -9999 -9999 -9999 -9999 -9999 -9999 -9999 -9999
-9999 -9999 5.47414E-1 5.46004E-1 5.22149E-1 5.14222E-1 -9999 -9999 -9999 -9999 -9999 -9999 -9999 -9999 5.28728E-1 5.2779E-1 -9999 -9999 -9999 -9999 -9999 -9999 -9999 -9999 -9999 -9999 -9999 5.59634E-1 5.63158E-1 5.71864E-1 5.60809E-1 5.69018E-1 5.78578E-1 5.82499E-1 5.91413E-1 6.12649E-1 6.238E-1 6.27891E-1 6.27891E-1 6.26017E-1 6.33209E-1 6.44132E-1 6.4485E-1 6.62876E-1 6.70954E-1 -9999 -9999 -9999 -9999 -9999 -9999 -9999 -9999 -9999 -9999 -9999 -9999 -9999 -9999 -9999 -9999 -9999 -9999 -9999 -9999 -9999 -9999 -9999 -9999 -9999 -9999 -9999
-9999 -9999 -9999 -9999 -9999 -9999 -9999 -9999 -9999 -9999 -9999 -9999 -9999 -9999 -9999 -9999 -9999 -9999 -9999 -9999 -9999 -9999 -9999 -9999 -9999 -9999 -9999 5.65617E-1 5.71601E-1 5.74435E-1 5.7929E-1 5.75124E-1 -9999 -9999 -9999 6.22756E-1 6.27077E-1 6.35215E-1 6.49643E-1 6.44884E-1 6.61287E-1 6.57833E-1 6.6922E-1 6.60668E-1 -9999 -9999 -9999 -9999 -9999 -9999 -9999 -9999 -9999 -9999 -9999 -9999 -9999 -9999 -9999 -9999 -9999 -9999 -9999 -9999 -9999 -9999 -9999 -9999 -9999 -9999 -9999 -9999
-9999 -9999 -9999 -9999 -9999 -9999 -9999 -9999 -9999 -9999 -9999 -9999 -9999 -9999 -9999 -9999 -9999 -9999 -9999 -9999 -9999 -9999 -9999 -9999 -9999 -9999 -9999 -9999 -9999 5.92064E-1 5.93785E-1 -9999 -9999 -9999 -9999 -9999 6.50909E-1 6.51544E-1 6.61282E-1 6.67313E-1 6.62181E-1 6.73171E-1 -9999 -9999 -9999 -9999 -9999 -9999 -9999 -9999 -9999 -9999 -9999 -9999 -9999 -9999 -9999 -9999 -9999 -9999 -9999 -9999 -9999 -9999 -9999 -9999 -9999 -9999 -9999 -9999 -9999 -9999
-9999 -9999 -9999 -9999 -9999 -9999 -9999 -9999 -9999 -9999 -9999 -9999 -9999 -9999 -9999 -9999 -9999 -9999 -9999 -9999 -9999 -9999 -9999 -9999 -9999 -9999 -9999 -9999 -9999 -9999 -9999 -9999 -9999 -9999 -9999 -9999 -9999 -9999 -9999 6.73284E-1 6.68947E-1 6.77666E-1 6.68379E-1 6.68727E-1 -9999 -9999 -9999 -9999 -9999 -9999 -9999 -9999 -9999 -9999 -9999 -9999 -9999 -9999 -9999 -9999 -9999 -9999 -9999 -9999 -9999 -9999 -9999 -9999 -9999 -9999 -9999 -9999
-9999 -9999 -9999 -9999 -9999 -9999 -9999 -9999 -9999 -9999 -9999 -9999 -9999 -9999 -9999 -9999 -9999 -9999 -9999 -9999 -9999 -9999 -9999 -9999 -9999 -9999 -9999 -9999 -9999 -9999 -9999 -9999 -9999 -9999 -9999 -9999 6.74716E-1 -9999 6.75158E-1 6.8105E-1 6.86597E-1 6.79461E-1 6.88323E-1 6.7667E-1 -9999 -9999 -9999 -9999 -9999 -9999 -9999 -9999 -9999 -9999 -9999 -9999 -9999 -9999 -9999 -9999 -9999 -9999 -9999 -9999 -9999 -9999 -9999 -9999 -9999 -9999 -9999 -9999
-9999 -9999 -9999 -9999 -9999 -9999 -9999 -9999 -9999 -9999 -9999 -9999 -9999 -9999 -9999 -9999 -9999 -9999 -9999 -9999 -9999 -9999 -9999 -9999 -9999 -9999 -9999 -9999 -9999 -9999 -9999 -9999 -9999 -9999 -9999 -9999 6.44137E-1 6.63139E-1 6.70382E-1 6.82714E-1 6.5859E-1 6.76665E-1 -9999 -9999 -9999 -9999 -9999 -9999 -9999 -9999 -9999 -9999 -9999 -9999 -9999 -9999 -9999 -9999 -9999 -9999 -9999 -9999 -9999 -9999 -9999 -9999 -9999 -9999 -9999 -9999 -9999 -9999
-9999 -9999 -9999 -9999 -9999 -9999 -9999 -9999 -9999 -9999 -9999 -9999 -9999 -9999 -9999 -9999 -9999 -9999 -9999 -9999 -9999 -9999 -9999 -9999 -9999 -9999 -9999 -9999 -9999 -9999 -9999 -9999 -9999 -9999 -9999 -9999 -9999 -9999 -9999 -9999 -9999 -9999 -9999 -9999 -9999 -9999 -9999 -9999 -9999 -9999 -9999 -9999 -9999 -9999 -9999 -9999 -9999 -9999 -9999 -9999 -9999 -9999 -9999 -9999 -9999 -9999 -9999 -9999 -9999 -9999 -9999 -9999
-9999 -9999 -9999 -9999 -9999 -9999 -9999 -9999 -9999 -9999 -9999 -9999 -9999 6.34318E-1 -9999 -9999 -9999 -9999 -9999 -9999 -9999 -9999 -9999 -9999 -9999 -9999 -9999 -9999 -9999 -9999 -9999 -9999 -9999 -9999 -9999 -9999 -9999 -9999 -9999 -9999 -9999 -9999 -9999 -9999 -9999 -9999 -9999 -9999 -9999 -9999 -9999 -9999 -9999 -9999 -9999 -9999 -9999 -9999 -9999 -9999 6.42846E-1 6.3652E-1 -9999 -9999 -9999 -9999 -9999 -9999 -9999 -9999 -9999 -9999
-9999 -9999 -9999 -9999 -9999 -9999 -9999 -9999 -9999 -9999 -9999 -9999 -9999 -9999 -9999 -9999 -9999 -9999 -9999 -9999 -9999 -9999 -9999 -9999 -9999 -9999 -9999 -9999 -9999 -9999 6.90607E-1 6.78861E-1 -9999 -9999 -9999 -9999 -9999 -9999 -9999 -9999 -9999 -9999 -9999 -9999 -9999 -9999 -9999 -9999 -9999 -9999 -9999 -9999 -9999 -9999 -9999 -9999 -9999 -9999 -9999 6.33052E-1 -9999 -9999 -9999 6.21793E-1 -9999 -9999 7.14896E-1 -9999 -9999 -9999 -9999 -9999
-9999 -9999 -9999 -9999 -9999 -9999 -9999 -9999 -9999 -9999 -9999 -9999 -9999 6.87905E-1 -9999 -9999 -9999 -9999 -9999 -9999 -9999 -9999 -9999 -9999 -9999 -9999 -9999 -9999 -9999 -9999 -9999 -9999 -9999 -9999 -9999 -9999 -9999 -9999 -9999 -9999 -9999 -9999 -9999 -9999 -9999 -9999 -9999 -9999 -9999 -9999 -9999 -9999 -9999 -9999 -9999 6.42081E-1 -9999 -9999 -9999 -9999 -9999 -9999 -9999 6.02858E-1 -9999 -9999 7.10505E-1 -9999 -9999 -9999 -9999 -9999
