Artocarpus altilis SDM files/MIS19/results (with bias file)/Artalt_7.asc
ncols         1201
nrows         481
xllcorner     119.99986351115
yllcorner     -15.00013828885
cellsize      0.041666667
NODATA_value  -9999
[rows 448 to 479 of 481, columns 504 to 575 of 1201]
-9999 -9999 -9999 -9999 -9999 -9999 -9999 -9999 -9999 -9999 -9999 -9999 5.65979E-1 5.64878E-1 5.1633E-1 4.69939E-1 4.82173E-1 4.44346E-1 4.18708E-1 3.84217E-1 4.03603E-1 4.15091E-1 4.30962E-1 3.968E-1 3.51737E-1 3.2251E-1 3.07507E-1 3.16215E-1 3.31175E-1 3.05018E-1 2.98347E-1 2.81668E-1 2.77476E-1 2.65712E-1 2.5229E-1 2.42926E-1 2.28841E-1 2.19664E-1 2.44206E-1 2.12983E-1 2.06921E-1 2.14313E-1 1.98673E-1 2.23552E-1 2.07214E-1 1.91276E-1 1.81933E-1 1.63276E-1 1.67864E-1 1.72598E-1 1.79099E-1 1.81164E-1 1.75765E-1 1.74713E-1 1.8063E-1 1.76295E-1 1.53932E-1 1.70553E-1 1.5812E-1 1.90184E-1 2.02235E-1 2.17208E-1 -9999 -9999 2.58172E-1 2.5883E-1 -9999 -9999 -9999 -9999 -9999 -9999
-9999 -9999 -9999 -9999 -9999 -9999 -9999 -9999 -9999 -9999 -9999 5.66666E-1 5.7278E-1 5.49681E-1 5.14789E-1 4.65553E-1 4.69738E-1 4.24058E-1 4.04783E-1 3.62653E-1 3.70552E-1 3.55628E-1 3.50821E-1 3.27217E-1 3.33094E-1 2.8457E-1 3.20002E-1 3.17333E-1 3.23315E-1 2.94404E-1 2.85109E-1 2.63767E-1 2.55784E-1 2.45965E-1 2.43621E-1 2.42809E-1 2.22122E-1 2.15032E-1 2.31955E-1 2.18117E-1 2.17233E-1 2.10559E-1 2.16871E-1 2.03089E-1 2.06633E-1 1.7679E-1 1.60977E-1 1.61563E-1 1.65587E-1 1.74557E-1 1.75349E-1 1.7344E-1 1.69415E-1 1.6158E-1 1.58105E-1 1.68646E-1 1.51E-1 1.47605E-1 1.50259E-1 1.87385E-1 2.03196E-1 1.99832E-1 -9999 -9999 2.44836E-1 -9999 -9999 -9999 -9999 -9999 -9999 -9999
-9999 -9999 -9999 -9999 -9999 -9999 -9999 -9999 -9999 -9999 -9999 5.67798E-1 5.32333E-1 5.25036E-1 4.86891E-1 4.45803E-1 4.65399E-1 4.31094E-1 4.4081E-1 3.95429E-1 3.65616E-1 3.33901E-1 3.13437E-1 2.89968E-1 3.10108E-1 2.98614E-1 3.07223E-1 3.15445E-1 3.00489E-1 2.77671E-1 2.68843E-1 2.48715E-1 2.5842E-1 2.38147E-1 2.40884E-1 2.27301E-1 2.00675E-1 1.90444E-1 2.13392E-1 2.16109E-1 2.16032E-1 2.01447E-1 1.96234E-1 1.98716E-1 1.78746E-1 1.60861E-1 1.63209E-1 1.58432E-1 1.56537E-1 1.56927E-1 1.67166E-1 1.78271E-1 1.74247E-1 1.8214E-1 1.75904E-1 1.77592E-1 1.50623E-1 1.38602E-1 1.42246E-1 1.76359E-1 1.99425E-1 -9999 -9999 -9999 -9999 -9999 -9999 -9999 -9999 -9999 -9999 -9999
-9999 -9999 -9999 -9999 -9999 -9999 -9999 -9999 -9999 -9999 -9999 5.4175E-1 5.13667E-1 4.65456E-1 4.67847E-1 4.41137E-1 4.46452E-1 4.23617E-1 4.29333E-1 3.88654E-1 3.90683E-1 3.72526E-1 3.492E-1 3.37981E-1 3.29192E-1 3.5678E-1 3.2786E-1 3.13557E-1 3.11445E-1 2.84858E-1 2.72292E-1 2.52824E-1 2.46189E-1 2.34949E-1 2.23866E-1 2.15972E-1 2.11053E-1 1.91882E-1 2.07832E-1 2.00133E-1 1.98615E-1 1.85287E-1 1.89187E-1 1.81028E-1 1.64026E-1 1.76278E-1 1.63805E-1 1.56663E-1 1.52538E-1 1.57625E-1 1.55582E-1 1.70752E-1 1.85441E-1 1.79221E-1 1.82969E-1 1.56155E-1 1.34069E-1 1.30965E-1 1.34164E-1 1.76612E-1 1.88568E-1 -9999 -9999 2.13551E-1 -9999 -9999 -9999 -9999 -9999 -9999 -9999 -9999
-9999 -9999 -9999 -9999 -9999 -9999 -9999 -9999 -9999 -9999 -9999 5.35028E-1 4.96859E-1 4.50884E-1 4.70073E-1 4.3229E-1 4.32786E-1 3.95456E-1 4.11138E-1 3.70499E-1 3.85046E-1 3.56028E-1 3.90557E-1 3.69895E-1 3.73989E-1 3.53319E-1 3.25981E-1 3.09523E-1 2.921E-1 2.66947E-1 2.70665E-1 2.58816E-1 2.45948E-1 2.40986E-1 2.25506E-1 2.23264E-1 2.00346E-1 1.82661E-1 2.02637E-1 1.95101E-1 1.96046E-1 1.77192E-1 1.75816E-1 1.67924E-1 1.73832E-1 1.57937E-1 1.53752E-1 1.40809E-1 1.41301E-1 1.49329E-1 1.50762E-1 1.52676E-1 1.56912E-1 1.53454E-1 1.49435E-1 1.34699E-1 1.21192E-1 1.18502E-1 1.35533E-1 1.57649E-1 1.67168E-1 1.85083E-1 -9999 -9999 -9999 -9999 -9999 -9999 -9999 -9999 -9999 -9999
-9999 -9999 -9999 -9999 -9999 -9999 -9999 -9999 -9999 -9999 -9999 5.29853E-1 4.94975E-1 4.50186E-1 4.55907E-1 4.20782E-1 3.80501E-1 3.87322E-1 3.60577E-1 3.59076E-1 3.40687E-1 3.50729E-1 3.36431E-1 3.37009E-1 3.20371E-1 3.19241E-1 3.17402E-1 2.95584E-1 2.70778E-1 2.38145E-1 2.48136E-1 2.48832E-1 2.23636E-1 2.12103E-1 2.24874E-1 1.93245E-1 1.90986E-1 1.86722E-1 1.87907E-1 1.77664E-1 1.80187E-1 1.67438E-1 1.55431E-1 1.67358E-1 1.55934E-1 1.39069E-1 1.36595E-1 1.34051E-1 1.34873E-1 1.41031E-1 1.48456E-1 1.25748E-1 1.20258E-1 1.32132E-1 1.35942E-1 1.26361E-1 1.14079E-1 1.09861E-1 1.26732E-1 1.44342E-1 1.61943E-1 1.69969E-1 1.67221E-1 -9999 -9999 1.88718E-1 -9999 -9999 -9999 -9999 -9999 -9999
-9999 -9999 -9999 -9999 -9999 -9999 -9999 -9999 -9999 -9999 -9999 5.18304E-1 4.70594E-1 4.4868E-1 4.17124E-1 4.17375E-1 3.69086E-1 3.90999E-1 3.84673E-1 3.5555E-1 3.32327E-1 3.5012E-1 3.14924E-1 3.24118E-1 3.06109E-1 2.86999E-1 3.0438E-1 2.69261E-1 2.46359E-1 2.32089E-1 2.26934E-1 2.29208E-1 2.17751E-1 1.95275E-1 2.0636E-1 1.75592E-1 1.62008E-1 1.66834E-1 1.57898E-1 1.73463E-1 1.7371E-1 1.6623E-1 1.52859E-1 1.53864E-1 1.51068E-1 1.49475E-1 1.40866E-1 1.37787E-1 1.30556E-1 1.23989E-1 1.15365E-1 1.24933E-1 1.15447E-1 1.0792E-1 1.17479E-1 1.09444E-1 9.91445E-2 1.27395E-1 1.29721E-1 1.37227E-1 1.47598E-1 1.65378E-1 1.58188E-1 -9999 -9999 -9999 -9999 1.91065E-1 -9999 -9999 -9999 -9999
-9999 -9999 -9999 -9999 -9999 -9999 -9999 -9999 -9999 -9999 -9999 5.02181E-1 4.51944E-1 4.32348E-1 4.03117E-1 3.96376E-1 3.7326E-1 3.67343E-1 3.41913E-1 3.50159E-1 3.19977E-1 3.16808E-1 3.01255E-1 3.06644E-1 2.86908E-1 2.79044E-1 2.979E-1 2.69508E-1 2.25343E-1 2.22397E-1 2.36612E-1 2.20244E-1 1.91213E-1 1.84894E-1 1.86083E-1 1.54046E-1 1.46714E-1 1.47231E-1 1.49549E-1 1.64104E-1 1.76373E-1 1.59879E-1 1.49598E-1 1.44681E-1 1.46093E-1 1.36163E-1 1.33522E-1 1.3262E-1 1.29548E-1 1.25722E-1 1.19527E-1 1.0229E-1 7.91309E-2 1.06681E-1 1.0407E-1 1.04635E-1 9.60354E-2 1.18132E-1 1.21164E-1 1.28808E-1 1.41987E-1 1.53807E-1 1.43994E-1 -9999 -9999 1.70384E-1 1.63316E-1 -9999 -9999 -9999 -9999 -9999
-9999 -9999 -9999 -9999 -9999 -9999 -9999 -9999 -9999 -9999 -9999 5.0187E-1 4.57443E-1 4.36505E-1 3.90555E-1 3.89239E-1 3.66996E-1 3.62053E-1 3.30983E-1 3.42283E-1 3.17811E-1 3.0068E-1 3.05109E-1 2.64885E-1 2.59072E-1 2.76883E-1 2.70704E-1 2.45961E-1 2.35603E-1 2.45294E-1 2.15343E-1 1.98814E-1 1.80188E-1 1.80611E-1 1.62127E-1 1.4305E-1 1.45575E-1 1.43141E-1 1.47547E-1 1.58836E-1 1.53874E-1 1.47276E-1 1.36123E-1 1.34652E-1 1.4142E-1 1.29963E-1 1.30875E-1 1.21708E-1 1.16905E-1 1.20081E-1 1.05933E-1 1.07164E-1 1.00328E-1 9.28005E-2 9.47613E-2 8.6547E-2 8.70359E-2 1.14083E-1 1.16691E-1 1.21281E-1 1.29639E-1 1.31452E-1 1.39453E-1 1.4031E-1 -9999 -9999 -9999 -9999 -9999 1.67751E-1 -9999 -9999
-9999 -9999 -9999 -9999 -9999 -9999 -9999 -9999 -9999 -9999 -9999 -9999 4.65817E-1 4.62768E-1 4.18461E-1 3.79779E-1 3.59221E-1 3.49432E-1 3.26071E-1 3.00112E-1 3.12525E-1 2.69072E-1 2.60558E-1 2.6116E-1 2.52819E-1 2.54962E-1 2.64094E-1 2.55947E-1 2.41075E-1 2.30434E-1 2.07934E-1 1.89938E-1 1.83968E-1 1.71448E-1 1.57891E-1 1.41466E-1 1.47421E-1 1.46204E-1 1.43516E-1 1.38005E-1 1.38134E-1 1.33536E-1 1.25295E-1 1.28733E-1 1.21222E-1 1.21366E-1 1.25014E-1 1.1374E-1 1.16248E-1 1.05541E-1 1.01257E-1 9.21761E-2 8.74931E-2 8.19215E-2 8.4063E-2 8.05653E-2 8.01606E-2 9.28845E-2 1.04535E-1 1.13564E-1 1.17573E-1 1.29184E-1 1.27035E-1 1.31459E-1 1.32391E-1 -9999 -9999 -9999 -9999 -9999 -9999 -9999
-9999 -9999 -9999 -9999 -9999 -9999 -9999 -9999 -9999 -9999 -9999 -9999 -9999 4.08834E-1 4.06523E-1 3.81079E-1 3.39279E-1 3.5007E-1 3.17212E-1 2.8201E-1 2.78539E-1 2.69651E-1 2.39807E-1 2.29484E-1 2.54688E-1 2.3682E-1 2.5592E-1 2.55707E-1 2.37198E-1 2.28467E-1 2.15807E-1 1.83022E-1 1.80032E-1 1.66417E-1 1.66135E-1 1.52008E-1 1.5671E-1 1.50347E-1 1.3521E-1 1.26618E-1 1.26374E-1 1.30277E-1 1.20978E-1 1.23622E-1 1.1186E-1 1.13279E-1 1.1948E-1 1.11945E-1 1.06594E-1 1.02057E-1 9.7968E-2 8.39011E-2 7.88256E-2 7.73884E-2 7.78349E-2 7.68161E-2 8.0017E-2 8.65054E-2 1.01723E-1 1.05886E-1 1.07155E-1 1.0999E-1 1.17702E-1 1.18344E-1 1.25843E-1 -9999 -9999 -9999 -9999 -9999 -9999 -9999
-9999 -9999 -9999 -9999 -9999 -9999 -9999 -9999 -9999 -9999 -9999 -9999 -9999 3.96394E-1 3.67976E-1 3.75071E-1 3.41729E-1 2.95705E-1 3.05255E-1 2.75072E-1 2.52859E-1 2.35544E-1 2.50859E-1 2.4175E-1 2.58918E-1 2.70234E-1 2.57204E-1 2.45904E-1 2.44854E-1 2.35408E-1 1.91311E-1 1.91227E-1 1.78851E-1 1.63116E-1 1.74183E-1 1.64341E-1 1.58219E-1 1.38709E-1 1.24535E-1 1.20753E-1 1.27036E-1 1.31626E-1 1.27433E-1 1.22788E-1 1.16923E-1 1.12891E-1 1.08662E-1 1.05034E-1 9.98493E-2 9.16072E-2 8.42906E-2 8.21207E-2 7.39833E-2 7.23016E-2 7.1091E-2 7.51923E-2 7.50242E-2 8.27056E-2 9.38358E-2 9.13952E-2 1.01758E-1 1.02538E-1 1.04303E-1 1.13017E-1 1.18423E-1 -9999 -9999 -9999 -9999 -9999 -9999 -9999
-9999 -9999 -9999 -9999 -9999 -9999 -9999 -9999 -9999 -9999 -9999 -9999 -9999 -9999 4.14068E-1 3.73425E-1 3.3494E-1 3.00284E-1 2.66972E-1 2.75067E-1 2.49119E-1 2.69201E-1 2.51602E-1 2.33446E-1 2.59877E-1 2.41184E-1 2.57809E-1 2.49981E-1 2.36667E-1 2.06826E-1 1.88598E-1 1.88507E-1 1.88619E-1 1.85511E-1 1.73977E-1 1.60627E-1 1.43865E-1 1.2501E-1 1.28089E-1 1.24974E-1 1.31205E-1 1.2235E-1 1.12136E-1 1.02079E-1 1.07437E-1 1.04057E-1 1.02995E-1 9.37607E-2 8.68517E-2 8.01978E-2 7.55199E-2 7.83947E-2 7.39241E-2 6.96198E-2 6.79025E-2 6.97843E-2 7.54353E-2 7.65977E-2 8.47264E-2 8.75336E-2 9.19708E-2 9.70738E-2 9.56724E-2 1.05317E-1 1.04107E-1 -9999 -9999 -9999 -9999 -9999 -9999 -9999
-9999 -9999 -9999 -9999 -9999 -9999 -9999 -9999 -9999 -9999 -9999 -9999 -9999 -9999 4.14245E-1 3.62234E-1 3.20387E-1 2.98686E-1 2.79385E-1 2.74934E-1 2.58988E-1 2.40602E-1 2.60243E-1 2.35591E-1 2.46451E-1 2.4087E-1 2.44721E-1 2.38543E-1 2.11852E-1 2.04253E-1 2.03485E-1 1.99172E-1 1.91618E-1 1.6724E-1 1.71105E-1 1.53684E-1 1.48416E-1 1.2826E-1 1.23627E-1 1.34411E-1 1.27739E-1 1.18746E-1 1.17286E-1 1.09274E-1 1.04944E-1 1.02774E-1 8.85336E-2 8.17965E-2 7.91383E-2 7.77384E-2 7.20014E-2 7.24055E-2 6.523E-2 7.14723E-2 6.91643E-2 6.74491E-2 7.0447E-2 7.27153E-2 7.84132E-2 8.02193E-2 8.23335E-2 8.00692E-2 8.60996E-2 8.50308E-2 8.46021E-2 -9999 -9999 -9999 -9999 -9999 -9999 -9999
-9999 -9999 -9999 -9999 -9999 -9999 -9999 -9999 -9999 -9999 -9999 -9999 -9999 -9999 4.08139E-1 3.52605E-1 3.15068E-1 3.02521E-1 2.78884E-1 2.96734E-1 2.60727E-1 2.7038E-1 2.47867E-1 2.37849E-1 2.39076E-1 2.28358E-1 2.13427E-1 2.21397E-1 2.25829E-1 2.14447E-1 2.05714E-1 1.9877E-1 1.76885E-1 1.69232E-1 1.69592E-1 1.55756E-1 1.34671E-1 1.1994E-1 1.26148E-1 1.27531E-1 1.14309E-1 1.21661E-1 1.15647E-1 1.09796E-1 1.01541E-1 8.41195E-2 6.83346E-2 7.47562E-2 7.44953E-2 6.87673E-2 7.14326E-2 6.77537E-2 6.48587E-2 7.20764E-2 6.59682E-2 6.55372E-2 6.17246E-2 6.57464E-2 7.24549E-2 7.13595E-2 7.33099E-2 7.42506E-2 7.45896E-2 7.43571E-2 7.96766E-2 7.93522E-2 9.23054E-2 8.21725E-2 -9999 -9999 -9999 -9999
-9999 -9999 -9999 -9999 -9999 -9999 -9999 -9999 -9999 -9999 -9999 -9999 -9999 -9999 3.58748E-1 3.43066E-1 3.23994E-1 3.01556E-1 3.07686E-1 2.86676E-1 2.95038E-1 2.59311E-1 2.45953E-1 2.34119E-1 2.38964E-1 2.31104E-1 2.41741E-1 2.23639E-1 2.08469E-1 2.13004E-1 1.97335E-1 1.95709E-1 1.72284E-1 1.77656E-1 1.72029E-1 1.4413E-1 1.26357E-1 1.11791E-1 1.20572E-1 1.15699E-1 1.16483E-1 1.15876E-1 1.08019E-1 9.3011E-2 8.47999E-2 6.55078E-2 6.34665E-2 8.15694E-2 7.14933E-2 6.54014E-2 6.49775E-2 6.47717E-2 6.86123E-2 6.63659E-2 6.3082E-2 6.26168E-2 5.61943E-2 5.42173E-2 6.13445E-2 6.19585E-2 6.80285E-2 6.77765E-2 6.39128E-2 6.54591E-2 7.16877E-2 7.41682E-2 -9999 -9999 -9999 -9999 -9999 -9999
-9999 -9999 -9999 -9999 -9999 -9999 -9999 -9999 -9999 -9999 -9999 -9999 -9999 4.06141E-1 4.04307E-1 3.49608E-1 3.18712E-1 2.90751E-1 3.06123E-1 2.76083E-1 2.63355E-1 2.65759E-1 2.49157E-1 2.55958E-1 2.38764E-1 2.27978E-1 2.43501E-1 2.30641E-1 2.28265E-1 2.1134E-1 2.02271E-1 1.83679E-1 1.80231E-1 1.63236E-1 1.52107E-1 1.31524E-1 1.15863E-1 1.15815E-1 1.2568E-1 1.24346E-1 1.18457E-1 1.03728E-1 9.39545E-2 8.43713E-2 6.94018E-2 7.63423E-2 6.40831E-2 5.88041E-2 6.67623E-2 5.73046E-2 5.70033E-2 6.25247E-2 6.0539E-2 5.91182E-2 5.54157E-2 5.27843E-2 4.77191E-2 4.84794E-2 5.53815E-2 6.1231E-2 5.63961E-2 5.74221E-2 6.00581E-2 5.77289E-2 6.24451E-2 6.45679E-2 -9999 -9999 -9999 -9999 -9999 -9999
-9999 -9999 -9999 -9999 -9999 -9999 -9999 -9999 -9999 -9999 -9999 -9999 -9999 4.16105E-1 4.05161E-1 3.53239E-1 3.06128E-1 3.34584E-1 3.0328E-1 2.73847E-1 2.85558E-1 2.65992E-1 2.69014E-1 2.45119E-1 2.29049E-1 2.26308E-1 2.33217E-1 2.33335E-1 2.23917E-1 2.02685E-1 1.99353E-1 1.81238E-1 1.62874E-1 1.5139E-1 1.42699E-1 1.28149E-1 1.24824E-1 1.23859E-1 1.21779E-1 1.16307E-1 1.05654E-1 9.51025E-2 8.57831E-2 7.55766E-2 8.55241E-2 8.18011E-2 8.15316E-2 7.29785E-2 6.35419E-2 6.32326E-2 6.44393E-2 6.22452E-2 5.66647E-2 5.14639E-2 4.45366E-2 4.61769E-2 4.46233E-2 4.42908E-2 5.31091E-2 4.72861E-2 4.89737E-2 5.09951E-2 5.32773E-2 5.36028E-2 5.82696E-2 5.72943E-2 5.64441E-2 -9999 -9999 -9999 -9999 -9999
-9999 -9999 -9999 -9999 -9999 -9999 -9999 -9999 -9999 -9999 -9999 -9999 4.1242E-1 4.6146E-1 3.8178E-1 3.4844E-1 2.97647E-1 3.21635E-1 2.95677E-1 2.7857E-1 2.75571E-1 2.51728E-1 2.706E-1 2.43525E-1 2.33784E-1 2.40625E-1 2.41199E-1 2.25409E-1 2.15754E-1 1.90042E-1 1.79654E-1 1.70797E-1 1.62467E-1 1.56421E-1 1.47266E-1 1.40901E-1 1.32478E-1 1.23511E-1 1.16936E-1 1.09843E-1 9.74177E-2 9.3127E-2 8.56513E-2 7.41941E-2 8.60848E-2 9.00917E-2 7.85354E-2 7.0308E-2 7.02225E-2 6.73994E-2 6.12852E-2 5.29104E-2 4.63815E-2 4.4709E-2 3.71707E-2 4.43312E-2 4.07344E-2 4.14556E-2 3.93568E-2 4.12615E-2 4.26876E-2 4.25651E-2 4.74985E-2 4.64404E-2 4.6377E-2 4.82599E-2 5.15494E-2 -9999 -9999 -9999 -9999 -9999
-9999 -9999 -9999 -9999 -9999 -9999 -9999 -9999 -9999 -9999 -9999 -9999 4.29835E-1 4.36725E-1 3.7482E-1 3.46983E-1 3.04464E-1 3.11843E-1 2.91614E-1 2.70012E-1 2.70877E-1 2.42706E-1 2.31029E-1 2.44802E-1 2.27639E-1 2.2006E-1 2.21576E-1 2.03762E-1 1.9967E-1 1.92492E-1 1.70936E-1 1.66229E-1 1.65393E-1 1.55957E-1 1.37936E-1 1.37491E-1 1.23915E-1 1.1758E-1 1.09974E-1 1.07554E-1 9.60892E-2 9.09625E-2 7.9391E-2 7.83819E-2 7.4659E-2 7.11562E-2 8.10287E-2 6.84526E-2 6.11935E-2 5.73717E-2 4.51933E-2 4.47219E-2 4.06512E-2 3.62692E-2 3.57866E-2 3.84413E-2 4.1496E-2 3.58508E-2 3.51848E-2 3.67234E-2 3.93338E-2 4.03682E-2 4.1125E-2 3.99394E-2 4.22839E-2 4.58258E-2 4.73895E-2 4.87625E-2 4.32109E-2 -9999 -9999 -9999
-9999 -9999 -9999 -9999 -9999 -9999 -9999 -9999 -9999 -9999 -9999 -9999 4.27964E-1 3.82597E-1 3.68842E-1 3.46751E-1 3.0542E-1 3.01824E-1 2.84848E-1 2.53664E-1 2.66447E-1 2.33483E-1 2.23241E-1 2.26096E-1 2.05632E-1 1.96769E-1 2.02878E-1 2.00585E-1 1.94057E-1 1.9014E-1 1.78038E-1 1.71058E-1 1.48984E-1 1.44041E-1 1.43694E-1 1.22785E-1 1.27387E-1 1.18086E-1 1.12106E-1 1.07559E-1 9.35897E-2 8.99529E-2 8.643E-2 7.44249E-2 6.63108E-2 6.26017E-2 7.21028E-2 5.55191E-2 4.96535E-2 4.65163E-2 4.17447E-2 3.81804E-2 3.68244E-2 3.38869E-2 3.74539E-2 3.59629E-2 3.75122E-2 3.4573E-2 3.29032E-2 3.45878E-2 3.69755E-2 3.80739E-2 3.71806E-2 3.70001E-2 3.97701E-2 3.74511E-2 4.55924E-2 4.31414E-2 4.57251E-2 4.87166E-2 4.90617E-2 4.89087E-2
-9999 -9999 -9999 -9999 -9999 -9999 -9999 -9999 -9999 -9999 -9999 -9999 4.06331E-1 4.16473E-1 3.60351E-1 3.38817E-1 3.03451E-1 2.97272E-1 2.76517E-1 2.36087E-1 2.52821E-1 2.40244E-1 2.22633E-1 2.15643E-1 2.17016E-1 2.23308E-1 2.13593E-1 2.12588E-1 1.96721E-1 1.81005E-1 1.60588E-1 1.54534E-1 1.51327E-1 1.47194E-1 1.29516E-1 1.24602E-1 1.14977E-1 1.13213E-1 1.05904E-1 1.00877E-1 9.15073E-2 8.27785E-2 8.17283E-2 7.6536E-2 6.87217E-2 6.2349E-2 5.51142E-2 3.87948E-2 4.39137E-2 3.87079E-2 3.98928E-2 3.35777E-2 3.14129E-2 3.2221E-2 3.18096E-2 3.19343E-2 3.58495E-2 3.26883E-2 3.02538E-2 2.78294E-2 3.20775E-2 3.31675E-2 3.42309E-2 3.43331E-2 3.40036E-2 3.48318E-2 3.87167E-2 3.90898E-2 3.92011E-2 4.04754E-2 4.24429E-2 4.41799E-2
-9999 -9999 -9999 -9999 -9999 -9999 -9999 -9999 -9999 -9999 -9999 -9999 3.95807E-1 3.94575E-1 3.5599E-1 3.37828E-1 2.9502E-1 2.95005E-1 2.72564E-1 2.37728E-1 2.43711E-1 2.26227E-1 2.127E-1 2.20151E-1 2.06354E-1 2.13593E-1 1.95096E-1 1.8906E-1 1.81414E-1 1.62162E-1 1.50585E-1 1.5014E-1 1.44065E-1 1.33003E-1 1.19053E-1 1.12329E-1 1.05671E-1 1.02198E-1 9.73643E-2 9.10524E-2 8.99376E-2 8.14786E-2 7.18776E-2 6.92485E-2 6.93962E-2 5.54723E-2 4.86843E-2 4.8794E-2 3.7455E-2 3.46495E-2 3.42055E-2 3.10397E-2 3.33329E-2 3.38874E-2 3.33849E-2 3.17948E-2 3.20186E-2 2.80815E-2 2.44382E-2 2.42854E-2 2.71337E-2 2.61153E-2 2.96973E-2 2.92188E-2 3.25724E-2 3.39588E-2 3.39061E-2 3.61279E-2 3.34827E-2 3.4564E-2 3.76702E-2 3.86226E-2
-9999 -9999 -9999 -9999 -9999 -9999 -9999 -9999 -9999 -9999 -9999 -9999 -9999 3.94026E-1 3.63326E-1 3.25886E-1 2.96186E-1 2.91807E-1 2.52209E-1 2.29516E-1 2.09105E-1 2.26553E-1 2.07455E-1 2.04906E-1 1.87994E-1 1.74027E-1 1.64848E-1 1.67943E-1 1.54147E-1 1.48715E-1 1.44737E-1 1.45779E-1 1.31266E-1 1.2597E-1 1.16554E-1 1.05486E-1 1.01132E-1 9.45945E-2 8.64113E-2 8.06731E-2 7.31176E-2 7.15283E-2 6.68922E-2 6.12542E-2 5.59156E-2 4.72089E-2 4.38209E-2 4.12638E-2 3.8846E-2 3.06459E-2 2.9358E-2 3.66198E-2 3.40723E-2 3.02667E-2 2.9496E-2 3.10449E-2 2.4933E-2 2.35552E-2 2.37085E-2 2.22581E-2 2.46487E-2 2.27006E-2 2.5986E-2 2.78221E-2 2.75851E-2 2.88177E-2 2.90702E-2 3.06331E-2 3.17194E-2 3.07512E-2 3.14393E-2 3.39255E-2
-9999 -9999 -9999 -9999 -9999 -9999 -9999 -9999 -9999 -9999 -9999 -9999 -9999 3.93857E-1 3.70168E-1 2.98339E-1 2.64956E-1 2.4136E-1 2.36946E-1 2.17713E-1 1.9737E-1 2.11134E-1 1.89123E-1 1.81451E-1 1.66057E-1 1.63063E-1 1.5686E-1 1.49733E-1 1.57432E-1 1.50563E-1 1.45492E-1 1.4387E-1 1.30963E-1 1.13385E-1 1.09308E-1 1.01642E-1 9.55623E-2 9.13062E-2 8.61063E-2 8.18906E-2 7.3925E-2 6.89916E-2 6.16797E-2 5.07835E-2 4.77438E-2 4.18346E-2 3.63474E-2 3.53845E-2 2.97431E-2 2.91197E-2 3.61996E-2 2.97272E-2 2.50974E-2 2.26894E-2 2.33832E-2 2.49874E-2 2.32061E-2 2.4708E-2 2.05933E-2 2.11574E-2 2.21214E-2 2.34194E-2 2.23526E-2 2.53405E-2 2.25122E-2 2.46316E-2 2.34272E-2 2.47322E-2 2.75034E-2 2.57548E-2 2.6594E-2 2.9269E-2
-9999 -9999 -9999 -9999 -9999 -9999 -9999 -9999 -9999 -9999 -9999 -9999 -9999 3.87023E-1 3.53072E-1 2.81818E-1 2.66607E-1 2.35148E-1 2.33631E-1 2.03176E-1 1.90442E-1 1.74154E-1 1.68512E-1 1.78367E-1 1.78102E-1 1.66973E-1 1.5413E-1 1.62633E-1 1.53466E-1 1.46141E-1 1.43725E-1 1.40196E-1 1.23073E-1 1.09754E-1 1.07691E-1 1.01771E-1 9.23226E-2 8.88412E-2 8.16369E-2 7.5579E-2 6.69031E-2 6.07791E-2 5.58712E-2 4.71612E-2 4.59489E-2 4.77876E-2 4.25108E-2 3.37537E-2 2.96794E-2 2.96477E-2 3.20586E-2 2.40196E-2 2.33288E-2 2.30407E-2 2.13763E-2 2.19118E-2 2.0995E-2 2.23101E-2 1.99267E-2 2.0354E-2 2.14416E-2 2.09875E-2 2.06269E-2 2.18211E-2 2.08223E-2 2.13486E-2 2.14551E-2 2.28735E-2 2.48799E-2 2.39784E-2 2.2805E-2 2.24762E-2
-9999 -9999 -9999 -9999 -9999 -9999 -9999 -9999 -9999 -9999 -9999 -9999 -9999 3.7676E-1 3.29311E-1 2.8175E-1 2.61309E-1 2.32824E-1 2.3302E-1 1.98923E-1 1.89902E-1 1.73133E-1 1.73732E-1 1.66329E-1 1.67081E-1 1.62505E-1 1.46541E-1 1.41027E-1 1.49624E-1 1.40047E-1 1.33721E-1 1.28648E-1 1.1722E-1 1.0431E-1 1.01321E-1 9.10664E-2 9.10632E-2 8.21978E-2 7.6392E-2 7.08799E-2 5.94713E-2 5.57896E-2 5.35458E-2 5.27271E-2 4.72024E-2 4.33325E-2 3.85418E-2 3.02126E-2 3.27244E-2 3.35075E-2 2.93896E-2 2.29254E-2 2.23066E-2 1.99598E-2 1.82645E-2 1.77628E-2 1.56965E-2 1.91829E-2 1.7812E-2 1.86402E-2 1.87482E-2 1.95434E-2 1.83895E-2 1.91491E-2 1.86889E-2 1.97486E-2 1.87052E-2 1.80378E-2 2.09273E-2 2.08515E-2 2.14531E-2 2.11455E-2
-9999 -9999 -9999 -9999 -9999 -9999 -9999 -9999 -9999 -9999 -9999 -9999 -9999 3.73143E-1 3.24646E-1 2.81511E-1 2.56617E-1 2.32831E-1 2.37388E-1 2.07475E-1 1.82464E-1 1.61583E-1 1.73203E-1 1.62796E-1 1.42545E-1 1.6214E-1 1.31459E-1 1.31294E-1 1.4095E-1 1.25471E-1 1.28421E-1 1.1335E-1 1.07977E-1 9.7329E-2 9.16097E-2 9.13997E-2 8.07747E-2 7.49671E-2 7.21672E-2 6.25364E-2 5.92564E-2 5.25482E-2 4.62354E-2 4.71585E-2 4.00702E-2 3.64477E-2 3.22119E-2 2.88044E-2 3.27237E-2 2.96418E-2 2.58601E-2 2.27888E-2 2.46409E-2 2.14539E-2 1.85642E-2 2.13136E-2 1.52318E-2 1.76581E-2 1.5137E-2 1.54465E-2 1.65887E-2 1.61139E-2 1.58447E-2 1.66864E-2 1.74551E-2 1.77125E-2 1.75202E-2 1.75393E-2 1.81044E-2 1.84367E-2 1.78424E-2 1.85014E-2
-9999 -9999 -9999 -9999 -9999 -9999 -9999 -9999 -9999 -9999 -9999 -9999 -9999 3.01353E-1 3.17758E-1 2.64299E-1 2.41924E-1 2.18381E-1 1.93139E-1 1.95556E-1 1.77003E-1 1.58833E-1 1.74051E-1 1.51492E-1 1.40637E-1 1.51942E-1 1.33131E-1 1.32374E-1 1.28391E-1 1.19735E-1 1.1284E-1 1.06225E-1 1.0713E-1 9.0378E-2 9.48485E-2 8.11251E-2 7.1898E-2 7.12654E-2 6.54707E-2 5.77466E-2 5.15118E-2 4.81897E-2 4.05662E-2 3.49486E-2 3.4686E-2 3.39689E-2 2.93433E-2 2.4054E-2 2.50515E-2 2.38188E-2 2.10241E-2 1.87021E-2 2.1359E-2 1.77154E-2 1.68783E-2 1.84154E-2 1.69842E-2 1.64965E-2 1.67871E-2 1.6311E-2 1.67979E-2 1.52642E-2 1.44668E-2 1.56389E-2 1.48596E-2 1.44826E-2 1.52001E-2 1.4542E-2 1.48022E-2 1.58178E-2 1.64827E-2 1.6361E-2
-9999 -9999 -9999 -9999 -9999 -9999 -9999 -9999 -9999 -9999 -9999 -9999 -9999 2.94507E-1 2.89597E-1 2.50235E-1 2.36214E-1 2.02339E-1 1.73164E-1 1.81497E-1 1.69857E-1 1.53562E-1 1.51227E-1 1.35941E-1 1.36754E-1 1.37143E-1 1.23261E-1 1.17055E-1 1.18236E-1 1.11194E-1 1.06607E-1 1.03111E-1 9.9352E-2 8.73501E-2 7.85477E-2 7.2586E-2 6.40242E-2 6.17642E-2 5.4383E-2 4.75394E-2 4.8712E-2 4.32801E-2 3.60267E-2 3.19431E-2 3.06719E-2 3.06943E-2 2.93179E-2 2.30071E-2 2.34567E-2 1.91248E-2 1.71522E-2 1.75688E-2 1.81809E-2 1.77166E-2 1.77404E-2 1.91029E-2 1.42405E-2 1.67452E-2 1.53395E-2 1.43222E-2 1.4006E-2 1.33713E-2 1.22528E-2 1.31016E-2 1.36292E-2 1.20873E-2 1.3709E-2 1.34034E-2 1.26771E-2 1.23565E-2 1.44362E-2 1.4489E-2
-9999 -9999 -9999 -9999 -9999 -9999 -9999 -9999 -9999 -9999 -9999 -9999 -9999 -9999 2.87754E-1 2.48321E-1 2.19636E-1 1.94537E-1 1.778E-1 1.75646E-1 1.58972E-1 1.36985E-1 1.41048E-1 1.2921E-1 1.23946E-1 1.10489E-1 1.15652E-1 1.0521E-1 1.11748E-1 1.05257E-1 9.28329E-2 9.62434E-2 8.59803E-2 8.21262E-2 7.61076E-2 7.02913E-2 6.36754E-2 5.91993E-2 5.49167E-2 5.17552E-2 4.64327E-2 4.29891E-2 3.65925E-2 3.51627E-2 2.75824E-2 2.46033E-2 2.37611E-2 2.18049E-2 2.19463E-2 2.30798E-2 2.32299E-2 1.78359E-2 1.59606E-2 1.49283E-2 1.55984E-2 1.36061E-2 1.228E-2 1.25556E-2 1.3697E-2 1.35708E-2 1.34737E-2 1.21484E-2 1.0571E-2 1.29566E-2 1.31561E-2 1.30896E-2 1.116E-2 1.19286E-2 1.20383E-2 1.16402E-2 1.2493E-2 1.23918E-2
-9999 -9999 -9999 -9999 -9999 -9999 -9999 -9999 -9999 -9999 -9999 -9999 -9999 -9999 2.74369E-1 2.62315E-1 2.10753E-1 1.91771E-1 1.80819E-1 1.67347E-1 1.53358E-1 1.40586E-1 1.31034E-1 1.22649E-1 1.09449E-1 1.16746E-1 1.14307E-1 9.57656E-2 1.0019E-1 9.67266E-2 8.41315E-2 9.01161E-2 8.60841E-2 7.12562E-2 7.15137E-2 6.5969E-2 6.16342E-2 5.17034E-2 5.18549E-2 4.68005E-2 4.3818E-2 4.32573E-2 3.8278E-2 3.55575E-2 3.37375E-2 3.09334E-2 2.56634E-2 2.52539E-2 2.59875E-2 2.37312E-2 2.05942E-2 1.93882E-2 1.80047E-2 1.3256E-2 1.2682E-2 1.14253E-2 1.14257E-2 1.31629E-2 1.07427E-2 1.10685E-2 1.18795E-2 1.08611E-2 1.02146E-2 1.07807E-2 1.08339E-2 9.49761E-3 8.98459E-3 1.01158E-2 1.03278E-2 1.03278E-2 1.07918E-2 1.12398E-2
