Artocarpus altilis SDM files/MIS19/results (with bias file)/Artalt_8.asc
ncols         1201
nrows         481
xllcorner     119.99986351115
yllcorner     -15.00013828885
cellsize      0.041666667
NODATA_value  -9999
[rows 128 to 159 of 481, columns 288 to 359 of 1201]
-9999 -9999 -9999 -9999 -9999 -9999 -9999 -9999 -9999 -9999 -9999 -9999 -9999 -9999 -9999 -9999 -9999 -9999 -9999 -9999 -9999 -9999 -9999 -9999 -9999 -9999 -9999 -9999 -9999 -9999 -9999 -9999 -9999 -9999 -9999 -9999 -9999 -9999 -9999 -9999 -9999 -9999 -9999 -9999 -9999 -9999 -9999 -9999 -9999 -9999 -9999 -9999 -9999 -9999 -9999 -9999 -9999 -9999 -9999 -9999 -9999 -9999 -9999 -9999 -9999 -9999 -9999 -9999 -9999 -9999 -9999 -9999
-9999 -9999 -9999 9.03626E-1 9.02735E-1 -9999 9.58116E-1 9.66156E-1 9.48811E-1 9.35526E-1 9.19596E-1 9.38463E-1 9.67326E-1 9.74611E-1 9.67269E-1 9.83982E-1 9.88949E-1 9.7529E-1 -9999 -9999 -9999 -9999 -9999 -9999 -9999 -9999 -9999 -9999 -9999 -9999 -9999 -9999 -9999 -9999 -9999 -9999 -9999 -9999 -9999 -9999 -9999 -9999 -9999 -9999 -9999 -9999 -9999 -9999 -9999 -9999 -9999 -9999 -9999 -9999 -9999 -9999 -9999 -9999 -9999 -9999 -9999 -9999 -9999 -9999 -9999 -9999 -9999 -9999 -9999 -9999 -9999 -9999
-9999 -9999 -9999 -9999 9.36125E-1 9.30327E-1 7.7514E-1 7.59791E-1 6.77704E-1 5.28007E-1 5.09338E-1 5.77303E-1 7.11158E-1 8.51031E-1 8.30165E-1 7.79217E-1 8.57209E-1 8.02203E-1 9.45231E-1 9.90831E-1 -9999 -9999 -9999 -9999 -9999 -9999 -9999 -9999 -9999 -9999 -9999 -9999 -9999 -9999 -9999 -9999 -9999 -9999 -9999 -9999 -9999 -9999 -9999 -9999 -9999 -9999 -9999 -9999 -9999 -9999 -9999 -9999 -9999 -9999 -9999 -9999 -9999 -9999 -9999 -9999 -9999 -9999 -9999 -9999 -9999 -9999 -9999 -9999 -9999 -9999 -9999 -9999
-9999 -9999 9.16905E-1 8.87358E-1 8.66116E-1 7.277E-1 6.82592E-1 8.16171E-1 8.39611E-1 7.98391E-1 8.43014E-1 6.50193E-1 3.424E-1 4.31551E-1 4.1535E-1 5.13408E-1 5.39247E-1 4.10898E-1 6.63733E-1 9.7007E-1 9.77023E-1 9.9508E-1 9.93501E-1 9.93126E-1 -9999 -9999 -9999 -9999 -9999 -9999 -9999 -9999 -9999 -9999 -9999 -9999 -9999 -9999 -9999 -9999 -9999 -9999 -9999 -9999 -9999 -9999 -9999 -9999 -9999 -9999 -9999 -9999 -9999 -9999 -9999 -9999 -9999 -9999 -9999 -9999 -9999 -9999 -9999 -9999 -9999 -9999 -9999 -9999 -9999 -9999 -9999 -9999
-9999 8.85702E-1 8.8842E-1 8.51215E-1 8.46845E-1 8.29701E-1 8.46928E-1 7.1281E-1 6.22255E-1 6.29164E-1 8.19467E-1 5.88485E-1 4.23595E-1 3.924E-1 3.34428E-1 3.09999E-1 2.5016E-1 3.9835E-1 7.84951E-1 9.24472E-1 8.09519E-1 7.18138E-1 9.29715E-1 9.92117E-1 9.94945E-1 -9999 -9999 -9999 -9999 -9999 -9999 -9999 -9999 -9999 -9999 -9999 -9999 -9999 -9999 -9999 -9999 -9999 -9999 -9999 -9999 -9999 -9999 -9999 -9999 -9999 -9999 -9999 -9999 -9999 -9999 -9999 -9999 -9999 -9999 -9999 -9999 -9999 -9999 -9999 -9999 -9999 -9999 -9999 -9999 -9999 -9999 -9999
-9999 8.78973E-1 6.60167E-1 5.15815E-1 6.2526E-1 6.97968E-1 6.61274E-1 5.95983E-1 5.30409E-1 4.85694E-1 5.87923E-1 5.9503E-1 6.36798E-1 6.08176E-1 5.97457E-1 5.37805E-1 4.12201E-1 4.668E-1 5.64584E-1 7.41472E-1 6.06131E-1 7.86106E-1 7.90183E-1 6.93659E-1 9.64631E-1 9.83926E-1 9.94823E-1 9.95843E-1 -9999 -9999 -9999 -9999 -9999 -9999 -9999 -9999 -9999 -9999 -9999 -9999 -9999 -9999 -9999 -9999 -9999 -9999 -9999 -9999 -9999 -9999 -9999 -9999 -9999 -9999 -9999 -9999 -9999 -9999 -9999 -9999 -9999 -9999 -9999 -9999 -9999 -9999 -9999 -9999 -9999 -9999 -9999 -9999
7.30071E-1 7.12727E-1 4.75321E-1 3.74481E-1 4.32895E-1 4.72969E-1 4.47352E-1 3.89085E-1 3.57905E-1 3.69268E-1 4.6813E-1 4.83675E-1 4.96696E-1 5.17884E-1 5.09893E-1 4.44387E-1 4.22647E-1 3.16011E-1 4.71584E-1 4.81952E-1 4.67493E-1 6.37907E-1 5.64977E-1 4.51119E-1 6.76698E-1 7.56342E-1 9.2629E-1 9.81587E-1 9.9676E-1 -9999 -9999 -9999 -9999 -9999 -9999 -9999 -9999 -9999 -9999 -9999 -9999 -9999 -9999 -9999 -9999 -9999 -9999 -9999 -9999 -9999 -9999 -9999 -9999 -9999 -9999 -9999 -9999 -9999 -9999 -9999 -9999 -9999 -9999 -9999 -9999 -9999 -9999 -9999 -9999 -9999 -9999 -9999
4.43183E-1 4.79542E-1 4.67295E-1 3.67266E-1 2.49303E-1 2.29305E-1 2.34133E-1 3.14377E-1 2.22682E-1 2.76994E-1 3.79568E-1 3.5754E-1 4.68411E-1 3.70199E-1 3.51208E-1 5.60194E-1 4.08398E-1 3.6069E-1 2.96492E-1 2.98473E-1 3.79013E-1 3.95185E-1 3.31917E-1 3.44333E-1 4.18021E-1 4.97661E-1 6.76514E-1 9.08988E-1 9.29124E-1 9.91632E-1 9.9599E-1 -9999 -9999 -9999 -9999 -9999 -9999 -9999 -9999 -9999 -9999 -9999 -9999 -9999 -9999 -9999 -9999 -9999 -9999 -9999 -9999 -9999 -9999 -9999 -9999 -9999 -9999 -9999 -9999 -9999 -9999 -9999 -9999 -9999 -9999 -9999 -9999 -9999 -9999 -9999 -9999 -9999
4.21092E-1 3.30026E-1 3.84011E-1 3.10448E-1 2.88018E-1 1.94803E-1 1.844E-1 1.49215E-1 1.57996E-1 2.13086E-1 2.5155E-1 3.15921E-1 3.72286E-1 3.07175E-1 4.23593E-1 4.78663E-1 4.61629E-1 4.1804E-1 2.76767E-1 2.23524E-1 2.33298E-1 1.76034E-1 2.46874E-1 2.51412E-1 2.20996E-1 3.98248E-1 5.66336E-1 6.71449E-1 8.10438E-1 9.21798E-1 9.80932E-1 9.95993E-1 -9999 -9999 -9999 -9999 -9999 -9999 -9999 -9999 -9999 -9999 -9999 -9999 -9999 -9999 -9999 -9999 -9999 -9999 -9999 -9999 -9999 -9999 -9999 -9999 -9999 -9999 -9999 -9999 -9999 -9999 -9999 -9999 -9999 -9999 -9999 -9999 -9999 -9999 -9999 -9999
5.73242E-1 3.46655E-1 3.70058E-1 3.14053E-1 2.72715E-1 2.94602E-1 2.22111E-1 1.67451E-1 1.8726E-1 2.14136E-1 2.13169E-1 2.17777E-1 2.43098E-1 2.1895E-1 2.99124E-1 2.66041E-1 2.26303E-1 1.77463E-1 1.6557E-1 2.15268E-1 2.18977E-1 2.12264E-1 2.11584E-1 2.05899E-1 2.74741E-1 3.12915E-1 3.851E-1 6.28634E-1 6.27159E-1 6.90099E-1 7.44427E-1 9.91912E-1 9.97789E-1 -9999 -9999 -9999 -9999 -9999 -9999 -9999 -9999 -9999 -9999 -9999 -9999 -9999 -9999 -9999 -9999 -9999 -9999 -9999 -9999 -9999 -9999 -9999 -9999 -9999 -9999 -9999 -9999 -9999 -9999 -9999 -9999 -9999 -9999 -9999 -9999 -9999 -9999 -9999
6.25025E-1 5.62593E-1 5.75416E-1 5.19868E-1 3.94141E-1 3.60602E-1 3.29407E-1 2.56682E-1 2.80917E-1 3.20521E-1 3.48773E-1 3.69794E-1 3.44753E-1 2.838E-1 2.8262E-1 2.50091E-1 2.72109E-1 2.08519E-1 2.35533E-1 3.20379E-1 3.4375E-1 2.97797E-1 2.47322E-1 2.11855E-1 1.90655E-1 2.10065E-1 2.53097E-1 2.56296E-1 2.73779E-1 5.04431E-1 7.03031E-1 8.60559E-1 9.72286E-1 9.98328E-1 9.98472E-1 9.98646E-1 9.99101E-1 9.99005E-1 9.99235E-1 9.98944E-1 9.98785E-1 9.99305E-1 9.93611E-1 9.9969E-1 9.99134E-1 9.9946E-1 9.97512E-1 9.99472E-1 9.96682E-1 -9999 -9999 -9999 -9999 -9999 -9999 -9999 -9999 -9999 -9999 -9999 -9999 -9999 -9999 -9999 -9999 -9999 -9999 -9999 -9999 -9999 -9999 -9999
6.35455E-1 6.44552E-1 6.42943E-1 5.90505E-1 4.92098E-1 3.74116E-1 2.94819E-1 2.63234E-1 3.47181E-1 3.72138E-1 3.57737E-1 3.94522E-1 3.17638E-1 2.95611E-1 2.92437E-1 3.4564E-1 3.27408E-1 3.3446E-1 3.62953E-1 4.54839E-1 4.50548E-1 4.08938E-1 4.06761E-1 3.59964E-1 3.34894E-1 3.48407E-1 3.24036E-1 2.73148E-1 2.54389E-1 3.29036E-1 3.96195E-1 4.65196E-1 6.79109E-1 8.95042E-1 9.88609E-1 9.85012E-1 9.97248E-1 9.95505E-1 9.98864E-1 9.97171E-1 9.99044E-1 9.99456E-1 9.9491E-1 9.99362E-1 9.78449E-1 9.29429E-1 9.67355E-1 9.98985E-1 9.99697E-1 -9999 -9999 -9999 -9999 -9999 -9999 -9999 -9999 -9999 -9999 -9999 -9999 -9999 -9999 -9999 -9999 -9999 -9999 -9999 -9999 -9999 -9999 -9999
5.49915E-1 4.79832E-1 4.0285E-1 3.88149E-1 3.41598E-1 3.38293E-1 3.28061E-1 2.72117E-1 2.79816E-1 3.55351E-1 4.06647E-1 3.754E-1 3.26892E-1 2.48278E-1 2.31897E-1 2.87344E-1 2.09721E-1 1.93395E-1 1.94121E-1 2.48831E-1 3.35896E-1 5.13449E-1 5.73905E-1 5.70672E-1 5.7375E-1 5.91861E-1 5.41149E-1 4.77472E-1 3.92304E-1 3.40889E-1 4.33998E-1 6.91219E-1 7.38056E-1 7.58426E-1 9.0399E-1 9.55376E-1 9.96041E-1 9.97025E-1 9.95226E-1 9.9683E-1 9.97118E-1 9.99259E-1 9.99783E-1 9.99593E-1 9.9661E-1 8.82108E-1 9.75089E-1 9.93391E-1 9.89935E-1 9.99563E-1 9.94806E-1 -9999 -9999 -9999 -9999 -9999 -9999 -9999 -9999 -9999 -9999 -9999 -9999 -9999 -9999 -9999 -9999 -9999 -9999 -9999 -9999 -9999
3.25158E-1 2.96175E-1 3.4579E-1 3.45291E-1 3.63926E-1 3.46121E-1 3.29822E-1 3.46231E-1 3.04157E-1 2.91457E-1 3.4267E-1 3.35843E-1 3.44243E-1 3.7636E-1 4.12888E-1 2.57957E-1 2.48291E-1 3.08159E-1 3.40466E-1 4.12543E-1 4.44985E-1 5.24628E-1 6.21208E-1 6.22006E-1 6.07478E-1 6.20838E-1 6.21735E-1 5.92345E-1 6.19014E-1 6.60611E-1 6.53675E-1 7.35633E-1 6.24935E-1 5.26357E-1 5.881E-1 7.80928E-1 7.37833E-1 8.71349E-1 8.93736E-1 9.2397E-1 9.89548E-1 9.99256E-1 9.99599E-1 9.99553E-1 9.96876E-1 9.5315E-1 9.98212E-1 9.84771E-1 9.74199E-1 9.94654E-1 9.9599E-1 9.8973E-1 -9999 -9999 -9999 -9999 -9999 -9999 -9999 -9999 -9999 -9999 -9999 -9999 -9999 -9999 -9999 -9999 -9999 -9999 -9999 -9999
3.55794E-1 3.45333E-1 2.73097E-1 3.23641E-1 3.85674E-1 3.82059E-1 4.35676E-1 3.97731E-1 3.47293E-1 3.55593E-1 3.29149E-1 3.2949E-1 3.71039E-1 3.7604E-1 4.32841E-1 4.64989E-1 3.92145E-1 3.72596E-1 3.83416E-1 3.62818E-1 4.51429E-1 4.64766E-1 5.4136E-1 4.88199E-1 3.58505E-1 3.05062E-1 3.06378E-1 2.83476E-1 4.00695E-1 5.17474E-1 5.2239E-1 5.81602E-1 6.568E-1 6.56451E-1 4.50888E-1 5.04289E-1 6.42627E-1 6.5353E-1 7.56266E-1 7.68838E-1 7.85373E-1 9.01608E-1 9.83615E-1 9.98608E-1 9.99675E-1 9.98233E-1 9.84855E-1 9.65305E-1 9.61342E-1 9.95841E-1 9.88138E-1 9.89908E-1 -9999 -9999 -9999 -9999 -9999 -9999 -9999 -9999 -9999 -9999 -9999 -9999 -9999 -9999 -9999 -9999 -9999 -9999 -9999 -9999
5.33412E-1 5.23596E-1 4.8432E-1 4.29888E-1 4.43755E-1 4.8913E-1 4.63065E-1 4.16066E-1 3.53254E-1 3.39649E-1 3.10065E-1 2.99446E-1 3.7813E-1 3.75557E-1 2.79144E-1 3.74281E-1 3.67717E-1 3.91873E-1 3.62974E-1 2.94247E-1 2.71076E-1 2.90665E-1 3.38761E-1 3.69031E-1 3.42397E-1 3.51083E-1 3.38097E-1 3.50928E-1 3.65448E-1 3.35283E-1 3.2681E-1 3.68951E-1 3.7325E-1 5.78044E-1 4.37139E-1 3.31971E-1 5.12566E-1 6.50717E-1 4.33452E-1 7.55796E-1 7.37653E-1 6.66665E-1 8.33301E-1 9.61352E-1 9.91777E-1 9.97612E-1 9.65162E-1 9.9517E-1 9.99217E-1 9.96691E-1 9.89469E-1 -9999 -9999 -9999 -9999 -9999 -9999 -9999 -9999 -9999 -9999 -9999 -9999 -9999 -9999 -9999 -9999 9.06648E-1 8.9526E-1 8.81935E-1 8.13107E-1 -9999
5.32426E-1 4.78322E-1 4.41258E-1 4.47438E-1 3.9355E-1 4.79633E-1 3.86921E-1 4.07163E-1 3.79009E-1 3.9254E-1 3.25912E-1 2.92928E-1 2.752E-1 3.6452E-1 3.02051E-1 3.03306E-1 3.04371E-1 3.51654E-1 3.6411E-1 3.27631E-1 2.54152E-1 3.12808E-1 3.04901E-1 3.55289E-1 4.35604E-1 4.66896E-1 4.85834E-1 4.42852E-1 4.34144E-1 3.58661E-1 3.05632E-1 3.65341E-1 2.77238E-1 3.70655E-1 4.18606E-1 3.06773E-1 5.53441E-1 3.84346E-1 3.47365E-1 4.29072E-1 7.25795E-1 6.13433E-1 6.76262E-1 7.17757E-1 7.84484E-1 9.57482E-1 9.95882E-1 9.91887E-1 9.99387E-1 9.99412E-1 -9999 -9999 -9999 -9999 -9999 -9999 -9999 -9999 -9999 -9999 -9999 -9999 -9999 -9999 -9999 -9999 8.54978E-1 9.25019E-1 9.80425E-1 9.57782E-1 8.26795E-1 -9999
4.63753E-1 4.44797E-1 4.47188E-1 4.34644E-1 3.76393E-1 4.48056E-1 3.68162E-1 3.53217E-1 3.40154E-1 3.68119E-1 3.51876E-1 3.5747E-1 2.97849E-1 3.25346E-1 3.52957E-1 2.47238E-1 2.40337E-1 2.21861E-1 2.12076E-1 2.0117E-1 2.03552E-1 2.48316E-1 3.41605E-1 3.7491E-1 4.19329E-1 3.65262E-1 3.31876E-1 3.60072E-1 2.87845E-1 3.34985E-1 3.63816E-1 3.24239E-1 2.45692E-1 2.81393E-1 4.42833E-1 2.6498E-1 4.08665E-1 3.26137E-1 2.47217E-1 4.71427E-1 7.61297E-1 8.25988E-1 5.18361E-1 4.58142E-1 6.65212E-1 8.27149E-1 8.36911E-1 8.82148E-1 9.63107E-1 9.99732E-1 -9999 -9999 -9999 -9999 -9999 -9999 -9999 -9999 -9999 -9999 -9999 -9999 -9999 -9999 -9999 -9999 8.34484E-1 9.66714E-1 9.35994E-1 9.26924E-1 8.37265E-1 8.09878E-1
5.19271E-1 4.96838E-1 5.03618E-1 4.74865E-1 4.44228E-1 3.7751E-1 3.9167E-1 3.47518E-1 3.45312E-1 3.48541E-1 3.85987E-1 3.8188E-1 3.5655E-1 3.64005E-1 3.58609E-1 2.92834E-1 2.80484E-1 1.88579E-1 1.66104E-1 2.48653E-1 2.96342E-1 3.05214E-1 3.53928E-1 3.73798E-1 3.38846E-1 3.38274E-1 3.6895E-1 4.0105E-1 3.71245E-1 4.01912E-1 2.78626E-1 2.3582E-1 2.03313E-1 2.34191E-1 2.70082E-1 2.69676E-1 2.99393E-1 2.4458E-1 4.20859E-1 5.93119E-1 4.62312E-1 7.02559E-1 4.47477E-1 3.80349E-1 4.17952E-1 6.51906E-1 6.46148E-1 5.67114E-1 7.64506E-1 9.88829E-1 -9999 -9999 -9999 -9999 -9999 -9999 -9999 -9999 -9999 -9999 -9999 -9999 -9999 -9999 -9999 -9999 -9999 8.75598E-1 9.60774E-1 9.38034E-1 8.32399E-1 7.80124E-1
4.62052E-1 4.32988E-1 4.43049E-1 4.86656E-1 4.34781E-1 3.62507E-1 3.39172E-1 3.16658E-1 3.13873E-1 3.23518E-1 3.46836E-1 3.58587E-1 3.51451E-1 4.05449E-1 3.36498E-1 3.06399E-1 2.34023E-1 1.92858E-1 2.05107E-1 3.2834E-1 2.95322E-1 2.15294E-1 2.06596E-1 2.16134E-1 2.36308E-1 2.80696E-1 3.47157E-1 2.59691E-1 2.57266E-1 2.23798E-1 2.23592E-1 3.01218E-1 2.69449E-1 2.31042E-1 2.45898E-1 2.08789E-1 2.12407E-1 2.33907E-1 3.39372E-1 4.5317E-1 3.28137E-1 5.30069E-1 6.20051E-1 4.06592E-1 3.66275E-1 4.50199E-1 6.48513E-1 4.20777E-1 6.11733E-1 7.6994E-1 9.9839E-1 -9999 -9999 -9999 -9999 -9999 -9999 -9999 -9999 -9999 -9999 -9999 -9999 -9999 -9999 -9999 8.6577E-1 7.86287E-1 8.82949E-1 9.29466E-1 8.56699E-1 7.67011E-1
4.67498E-1 3.92802E-1 3.65504E-1 3.66056E-1 3.63966E-1 3.3779E-1 3.22786E-1 3.16518E-1 3.08621E-1 3.03465E-1 3.22503E-1 3.23172E-1 2.95674E-1 3.4385E-1 3.83647E-1 2.91193E-1 2.71136E-1 2.51418E-1 2.4106E-1 3.20428E-1 3.19952E-1 2.97237E-1 2.52598E-1 2.18614E-1 1.82289E-1 2.01696E-1 2.36138E-1 2.7515E-1 2.32491E-1 2.22573E-1 2.27909E-1 3.15129E-1 2.86334E-1 3.07287E-1 3.23206E-1 1.99673E-1 2.14706E-1 1.84642E-1 2.43442E-1 2.86077E-1 2.42806E-1 3.62386E-1 5.84801E-1 6.23041E-1 5.4256E-1 3.506E-1 4.90688E-1 3.35295E-1 4.33565E-1 5.62163E-1 9.65743E-1 9.99838E-1 -9999 -9999 -9999 -9999 -9999 -9999 -9999 -9999 -9999 -9999 -9999 -9999 -9999 -9999 -9999 -9999 8.10284E-1 7.50507E-1 7.6936E-1 -9999
3.4609E-1 3.31614E-1 3.61781E-1 3.47308E-1 3.25073E-1 3.18083E-1 3.24867E-1 3.02419E-1 2.75381E-1 2.79968E-1 2.89104E-1 2.96168E-1 3.01916E-1 3.09294E-1 3.96388E-1 3.37956E-1 2.9284E-1 2.39937E-1 2.22008E-1 3.62947E-1 3.02406E-1 2.04646E-1 1.46592E-1 2.03755E-1 1.68911E-1 2.21292E-1 2.26915E-1 3.29918E-1 2.60803E-1 3.44182E-1 3.63832E-1 3.50811E-1 2.74828E-1 3.71413E-1 4.01747E-1 2.81113E-1 1.99242E-1 2.45875E-1 2.29958E-1 2.9812E-1 2.90618E-1 3.67279E-1 5.07894E-1 6.23844E-1 5.38851E-1 4.47628E-1 2.67179E-1 2.49693E-1 4.72444E-1 6.61512E-1 8.83729E-1 9.98131E-1 9.99854E-1 -9999 -9999 -9999 -9999 -9999 -9999 -9999 -9999 -9999 -9999 -9999 -9999 -9999 -9999 -9999 -9999 -9999 -9999 -9999
3.19135E-1 2.8816E-1 3.07982E-1 3.548E-1 3.53331E-1 3.61542E-1 3.63517E-1 3.3018E-1 3.05879E-1 2.94933E-1 3.051E-1 2.89013E-1 3.06142E-1 3.77455E-1 3.87745E-1 3.45842E-1 3.52642E-1 2.53399E-1 3.05198E-1 2.94416E-1 2.8361E-1 1.93771E-1 1.84716E-1 2.75019E-1 2.31401E-1 3.30347E-1 2.04192E-1 2.62561E-1 4.07559E-1 4.03174E-1 3.30701E-1 2.68273E-1 3.3216E-1 3.20644E-1 2.85705E-1 3.14396E-1 2.04379E-1 2.54905E-1 2.68165E-1 4.65343E-1 4.37249E-1 4.54901E-1 4.64222E-1 4.3179E-1 3.95793E-1 3.73343E-1 3.6233E-1 3.24881E-1 3.21363E-1 3.86729E-1 6.32237E-1 8.62951E-1 9.78427E-1 9.99394E-1 -9999 -9999 -9999 -9999 -9999 -9999 -9999 -9999 -9999 -9999 -9999 -9999 -9999 -9999 -9999 -9999 -9999 -9999
3.64523E-1 3.04506E-1 3.16476E-1 3.28789E-1 3.60475E-1 3.84287E-1 3.86058E-1 3.85258E-1 3.64568E-1 3.29201E-1 3.15745E-1 3.28815E-1 3.51796E-1 3.67786E-1 3.83051E-1 3.63283E-1 3.21657E-1 2.38913E-1 2.59114E-1 2.84555E-1 1.96271E-1 1.81236E-1 2.87876E-1 2.80257E-1 3.13E-1 3.54488E-1 3.73105E-1 3.74333E-1 2.84463E-1 3.34753E-1 4.48288E-1 4.07773E-1 2.87766E-1 2.30543E-1 2.56465E-1 2.60338E-1 2.22416E-1 3.09181E-1 2.94454E-1 3.82624E-1 4.37897E-1 3.29976E-1 3.18615E-1 3.7852E-1 4.06341E-1 3.49306E-1 2.26708E-1 3.00809E-1 3.95091E-1 3.80296E-1 5.35969E-1 7.8891E-1 8.77362E-1 9.83814E-1 -9999 -9999 -9999 -9999 -9999 -9999 -9999 -9999 -9999 -9999 -9999 -9999 -9999 -9999 -9999 -9999 -9999 -9999
3.55963E-1 3.59785E-1 3.4673E-1 3.35404E-1 3.01069E-1 3.07766E-1 3.17461E-1 3.11473E-1 3.34968E-1 3.39112E-1 3.26155E-1 3.40853E-1 3.63467E-1 4.21559E-1 4.43183E-1 4.53307E-1 3.83446E-1 2.82584E-1 2.47761E-1 3.14854E-1 2.86557E-1 1.93871E-1 2.91383E-1 2.77501E-1 3.85716E-1 4.60429E-1 4.12264E-1 3.56553E-1 3.43081E-1 3.16421E-1 3.19558E-1 3.11567E-1 4.12156E-1 4.0922E-1 2.84571E-1 2.89005E-1 2.45416E-1 3.39113E-1 2.95328E-1 3.72544E-1 3.98217E-1 3.1246E-1 3.47994E-1 2.53255E-1 3.44666E-1 3.42638E-1 2.8532E-1 2.48707E-1 5.35251E-1 3.70301E-1 4.205E-1 7.22489E-1 9.65723E-1 9.94698E-1 9.95044E-1 -9999 -9999 -9999 -9999 -9999 -9999 -9999 -9999 -9999 -9999 -9999 -9999 -9999 -9999 -9999 -9999 -9999
3.7115E-1 3.59711E-1 3.75535E-1 3.8335E-1 3.28653E-1 3.02662E-1 2.923E-1 3.10965E-1 3.28955E-1 3.582E-1 3.73886E-1 3.87841E-1 3.97987E-1 4.57816E-1 5.32362E-1 5.16414E-1 5.12973E-1 4.77555E-1 3.71109E-1 3.08248E-1 3.10551E-1 2.64504E-1 2.01296E-1 3.18177E-1 4.50246E-1 4.20898E-1 3.27918E-1 3.00982E-1 3.2547E-1 3.89422E-1 3.6382E-1 3.5886E-1 2.73071E-1 3.40598E-1 4.09375E-1 4.05882E-1 3.31672E-1 4.15681E-1 3.4875E-1 2.61338E-1 2.62637E-1 2.90786E-1 3.4289E-1 2.68167E-1 2.53177E-1 4.02282E-1 2.48222E-1 2.55408E-1 4.63471E-1 5.25885E-1 2.92144E-1 5.13255E-1 8.37905E-1 9.93779E-1 9.91565E-1 -9999 -9999 -9999 -9999 -9999 -9999 -9999 -9999 -9999 -9999 -9999 -9999 -9999 -9999 -9999 -9999 -9999
4.31754E-1 3.64553E-1 3.85348E-1 4.75904E-1 3.73161E-1 3.04176E-1 3.25382E-1 3.3939E-1 3.65393E-1 3.59547E-1 4.37095E-1 4.27586E-1 4.41053E-1 4.70325E-1 4.88907E-1 4.95323E-1 5.30094E-1 5.13604E-1 4.12582E-1 3.41962E-1 2.57125E-1 2.27546E-1 3.15245E-1 3.3484E-1 2.42327E-1 2.36473E-1 2.61464E-1 3.65902E-1 3.35652E-1 3.18859E-1 3.08466E-1 3.11538E-1 2.95727E-1 2.40739E-1 2.16371E-1 3.14382E-1 2.19816E-1 4.04445E-1 2.88734E-1 1.90942E-1 1.92616E-1 3.46914E-1 3.70519E-1 3.23604E-1 2.11754E-1 2.82988E-1 2.86151E-1 3.05572E-1 3.85241E-1 6.95489E-1 4.50053E-1 4.1897E-1 6.61225E-1 9.90022E-1 -9999 -9999 -9999 -9999 -9999 -9999 -9999 -9999 -9999 -9999 -9999 -9999 -9999 -9999 -9999 -9999 -9999 -9999
5.16659E-1 4.19207E-1 4.69414E-1 5.21027E-1 5.51313E-1 4.05281E-1 3.63665E-1 3.93051E-1 3.95331E-1 4.31479E-1 4.42736E-1 5.03457E-1 4.96391E-1 4.97328E-1 5.37721E-1 5.05252E-1 5.2102E-1 5.1007E-1 4.50583E-1 4.15292E-1 3.48432E-1 2.75428E-1 3.18848E-1 2.63461E-1 2.60855E-1 2.62066E-1 3.34103E-1 2.94136E-1 2.98378E-1 3.26821E-1 3.16498E-1 3.00058E-1 2.73716E-1 2.66528E-1 2.62179E-1 2.68051E-1 2.38723E-1 3.10565E-1 2.08882E-1 2.10241E-1 2.45802E-1 2.19273E-1 1.77546E-1 2.10795E-1 2.12639E-1 2.27548E-1 2.36136E-1 2.77581E-1 4.04091E-1 6.35904E-1 6.97533E-1 5.49582E-1 8.83604E-1 9.9095E-1 -9999 -9999 -9999 -9999 -9999 -9999 -9999 -9999 -9999 -9999 -9999 -9999 -9999 -9999 -9999 -9999 -9999 -9999
5.5358E-1 5.51651E-1 5.42177E-1 5.51329E-1 5.74028E-1 5.65448E-1 4.725E-1 4.48231E-1 4.5812E-1 4.61403E-1 5.10917E-1 5.34468E-1 4.74418E-1 4.45718E-1 5.1918E-1 4.9968E-1 5.14109E-1 4.22877E-1 3.7157E-1 4.88506E-1 3.99934E-1 3.42975E-1 3.26759E-1 2.84467E-1 3.14572E-1 3.45568E-1 3.56002E-1 3.41575E-1 3.75571E-1 3.95627E-1 4.10804E-1 3.74817E-1 3.45056E-1 3.07396E-1 2.99887E-1 3.24766E-1 3.06746E-1 3.12425E-1 2.72665E-1 2.47213E-1 2.91367E-1 2.34598E-1 2.11562E-1 1.8359E-1 2.66114E-1 2.94109E-1 2.51952E-1 4.19162E-1 5.62251E-1 5.23876E-1 7.21709E-1 8.84397E-1 9.48303E-1 9.88846E-1 -9999 -9999 -9999 -9999 -9999 -9999 -9999 -9999 -9999 -9999 -9999 -9999 -9999 -9999 -9999 -9999 -9999 -9999
5.43719E-1 5.66687E-1 5.67022E-1 5.74145E-1 5.48367E-1 5.396E-1 5.17684E-1 5.01124E-1 4.73826E-1 4.83029E-1 5.20164E-1 5.21171E-1 4.82717E-1 4.61143E-1 4.78679E-1 5.56578E-1 4.6592E-1 4.35386E-1 4.09749E-1 5.05253E-1 4.58271E-1 4.6304E-1 3.48798E-1 3.39748E-1 3.60009E-1 3.52891E-1 3.64145E-1 4.15841E-1 4.06924E-1 4.51025E-1 4.64732E-1 4.4587E-1 3.97325E-1 3.98944E-1 3.35565E-1 3.65691E-1 3.48007E-1 3.34443E-1 3.37351E-1 3.60038E-1 3.57151E-1 3.10363E-1 2.50621E-1 2.48013E-1 2.96601E-1 3.22687E-1 2.44257E-1 3.43968E-1 3.61801E-1 4.67658E-1 7.50469E-1 8.84124E-1 9.76106E-1 9.86792E-1 -9999 -9999 -9999 -9999 -9999 -9999 -9999 -9999 -9999 -9999 -9999 -9999 -9999 -9999 -9999 -9999 -9999 -9999
5.41223E-1 5.64305E-1 5.84349E-1 5.6531E-1 5.25481E-1 5.10078E-1 5.29819E-1 5.25973E-1 5.17413E-1 5.38382E-1 5.61841E-1 5.36147E-1 5.38594E-1 4.60942E-1 4.56509E-1 5.58187E-1 4.9132E-1 4.34417E-1 4.80209E-1 4.92553E-1 4.14874E-1 5.37696E-1 4.29016E-1 3.74407E-1 3.91105E-1 3.71994E-1 3.68761E-1 3.9337E-1 4.5382E-1 4.98837E-1 6.12492E-1 6.398E-1 5.47336E-1 4.74881E-1 4.61498E-1 4.08971E-1 3.93103E-1 3.94021E-1 3.49554E-1 3.5998E-1 4.22073E-1 4.52918E-1 3.59176E-1 3.30127E-1 3.75522E-1 3.31562E-1 3.7301E-1 3.3656E-1 4.06743E-1 6.09447E-1 8.88825E-1 9.20803E-1 9.69097E-1 9.79466E-1 -9999 -9999 -9999 -9999 -9999 -9999 -9999 -9999 -9999 -9999 -9999 -9999 -9999 -9999 -9999 -9999 -9999 -9999
5.75708E-1 5.91437E-1 5.78478E-1 5.44588E-1 5.24296E-1 5.36632E-1 5.51203E-1 5.21769E-1 5.07571E-1 5.5888E-1 5.70461E-1 5.19484E-1 4.86183E-1 4.36077E-1 4.72472E-1 5.46826E-1 5.24542E-1 4.56024E-1 5.04365E-1 4.71951E-1 4.30731E-1 5.43866E-1 5.10081E-1 4.47472E-1 4.78023E-1 4.9143E-1 4.12906E-1 4.18514E-1 4.91218E-1 5.90453E-1 6.4995E-1 6.70911E-1 6.5678E-1 6.32863E-1 5.95577E-1 5.59396E-1 5.46447E-1 5.31664E-1 4.98254E-1 4.88592E-1 5.06021E-1 6.11255E-1 6.45009E-1 5.74627E-1 5.51426E-1 5.10417E-1 2.74899E-1 4.78777E-1 6.34279E-1 7.74738E-1 9.11824E-1 9.59577E-1 9.6874E-1 -9999 -9999 -9999 -9999 -9999 -9999 -9999 -9999 -9999 -9999 -9999 -9999 -9999 -9999 -9999 -9999 -9999 -9999 -9999
