Artocarpus altilis SDM files/MIS19/results (with bias file)/Artalt_4.asc
ncols         1201
nrows         481
xllcorner     119.99986351115
yllcorner     -15.00013828885
cellsize      0.041666667
NODATA_value  -9999
[rows 128 to 159 of 481, columns 0 to 71 of 1201]
1.92783E-1 -9999 -9999 -9999 -9999 -9999 -9999 -9999 -9999 -9999 -9999 -9999 -9999 -9999 -9999 -9999 -9999 -9999 -9999 -9999 -9999 -9999 -9999 -9999 -9999 -9999 -9999 -9999 -9999 -9999 -9999 -9999 -9999 -9999 -9999 -9999 -9999 -9999 -9999 -9999 -9999 -9999 -9999 -9999 6.56499E-1 6.5743E-1 7.28741E-1 6.70139E-1 6.80389E-1 7.50676E-1 7.88696E-1 7.16664E-1 -9999 7.24245E-1 -9999 7.31862E-1 8.62059E-1 -9999 -9999 -9999 -9999 -9999 -9999 -9999 -9999 -9999 -9999 -9999 -9999 -9999 -9999 -9999
2.61746E-1 1.48839E-1 -9999 -9999 -9999 -9999 -9999 -9999 -9999 -9999 -9999 -9999 -9999 -9999 -9999 -9999 -9999 -9999 -9999 -9999 -9999 -9999 -9999 -9999 -9999 -9999 -9999 -9999 -9999 -9999 -9999 -9999 -9999 -9999 -9999 -9999 -9999 -9999 -9999 -9999 -9999 -9999 -9999 6.47737E-1 6.50501E-1 7.77294E-1 7.28332E-1 7.30826E-1 7.40747E-1 7.42233E-1 8.13582E-1 8.07609E-1 -9999 7.24621E-1 -9999 -9999 8.54184E-1 8.415E-1 -9999 -9999 -9999 -9999 -9999 -9999 -9999 -9999 -9999 -9999 -9999 -9999 -9999 -9999
2.733E-1 1.71105E-1 -9999 -9999 -9999 -9999 -9999 -9999 -9999 -9999 -9999 -9999 -9999 -9999 -9999 -9999 -9999 -9999 -9999 -9999 -9999 -9999 -9999 -9999 -9999 -9999 -9999 -9999 -9999 -9999 -9999 -9999 -9999 -9999 -9999 -9999 -9999 -9999 -9999 -9999 -9999 -9999 6.4588E-1 6.48286E-1 6.41032E-1 7.8423E-1 7.66536E-1 7.43309E-1 8.16046E-1 7.51489E-1 8.28317E-1 8.22162E-1 -9999 -9999 -9999 -9999 -9999 6.61036E-1 -9999 -9999 -9999 -9999 -9999 -9999 -9999 -9999 -9999 -9999 -9999 -9999 -9999 -9999
2.66423E-1 2.1431E-1 -9999 -9999 -9999 -9999 -9999 -9999 -9999 -9999 -9999 -9999 -9999 -9999 -9999 -9999 -9999 -9999 -9999 -9999 -9999 -9999 -9999 -9999 -9999 -9999 -9999 -9999 -9999 -9999 -9999 -9999 -9999 -9999 -9999 -9999 -9999 -9999 -9999 -9999 6.33107E-1 6.96172E-1 7.60185E-1 7.75292E-1 7.27311E-1 7.75432E-1 7.35194E-1 7.54038E-1 6.94513E-1 6.94885E-1 7.52228E-1 -9999 -9999 -9999 -9999 -9999 -9999 -9999 6.81071E-1 -9999 -9999 -9999 -9999 -9999 -9999 -9999 -9999 -9999 -9999 -9999 -9999 -9999
2.40041E-1 2.10399E-1 -9999 -9999 -9999 -9999 -9999 -9999 -9999 -9999 -9999 -9999 -9999 -9999 -9999 -9999 -9999 -9999 -9999 -9999 -9999 -9999 -9999 -9999 -9999 -9999 -9999 -9999 -9999 -9999 -9999 -9999 -9999 -9999 -9999 -9999 -9999 -9999 -9999 -9999 6.87544E-1 7.58618E-1 7.30664E-1 7.83658E-1 7.16093E-1 7.88026E-1 6.887E-1 -9999 -9999 -9999 -9999 -9999 -9999 -9999 -9999 -9999 -9999 -9999 -9999 -9999 7.43689E-1 7.90589E-1 7.84556E-1 6.66361E-1 -9999 -9999 -9999 -9999 -9999 -9999 7.86415E-1 -9999
1.7462E-1 1.61109E-1 -9999 -9999 -9999 -9999 -9999 -9999 -9999 -9999 -9999 -9999 -9999 -9999 -9999 -9999 -9999 -9999 -9999 -9999 -9999 -9999 -9999 -9999 -9999 -9999 -9999 -9999 -9999 -9999 -9999 -9999 -9999 -9999 -9999 -9999 -9999 -9999 -9999 6.24733E-1 7.41719E-1 7.52171E-1 7.81841E-1 7.95871E-1 7.90995E-1 8.02895E-1 -9999 -9999 -9999 -9999 -9999 -9999 -9999 -9999 -9999 -9999 -9999 -9999 -9999 -9999 7.68549E-1 7.55425E-1 7.2073E-1 6.63073E-1 -9999 -9999 -9999 -9999 -9999 -9999 -9999 -9999
1.26146E-1 1.85941E-1 -9999 -9999 -9999 -9999 -9999 -9999 -9999 -9999 -9999 -9999 -9999 -9999 -9999 -9999 -9999 -9999 -9999 -9999 -9999 -9999 -9999 -9999 -9999 -9999 -9999 -9999 -9999 -9999 -9999 -9999 -9999 -9999 -9999 -9999 -9999 -9999 6.21181E-1 6.78787E-1 7.62599E-1 -9999 -9999 -9999 -9999 -9999 -9999 -9999 -9999 -9999 -9999 -9999 -9999 -9999 -9999 -9999 -9999 -9999 -9999 -9999 -9999 -9999 -9999 -9999 -9999 -9999 -9999 -9999 -9999 -9999 -9999 -9999
1.08669E-1 2.35098E-1 -9999 -9999 -9999 -9999 -9999 -9999 -9999 -9999 -9999 -9999 -9999 -9999 -9999 -9999 -9999 -9999 -9999 -9999 -9999 -9999 -9999 -9999 -9999 -9999 -9999 -9999 -9999 -9999 -9999 -9999 -9999 -9999 -9999 -9999 -9999 -9999 6.22783E-1 -9999 -9999 -9999 -9999 -9999 -9999 -9999 -9999 -9999 -9999 -9999 -9999 -9999 -9999 -9999 -9999 -9999 -9999 -9999 -9999 -9999 -9999 -9999 -9999 6.7906E-1 -9999 -9999 -9999 7.64572E-1 7.92528E-1 8.01371E-1 8.05655E-1 8.33633E-1
9.85196E-2 1.67745E-1 -9999 -9999 -9999 -9999 -9999 -9999 -9999 -9999 -9999 -9999 -9999 -9999 -9999 -9999 -9999 -9999 -9999 -9999 -9999 -9999 -9999 -9999 -9999 -9999 -9999 -9999 -9999 -9999 -9999 -9999 -9999 -9999 -9999 -9999 -9999 -9999 -9999 -9999 -9999 -9999 -9999 -9999 -9999 -9999 -9999 -9999 -9999 -9999 -9999 -9999 -9999 -9999 -9999 -9999 -9999 -9999 -9999 -9999 -9999 -9999 -9999 -9999 -9999 7.25285E-1 7.47316E-1 8.02516E-1 8.34839E-1 8.47786E-1 8.55581E-1 8.6437E-1
9.22156E-2 1.46329E-1 1.69899E-1 -9999 -9999 -9999 -9999 -9999 -9999 -9999 -9999 -9999 -9999 -9999 -9999 -9999 -9999 -9999 -9999 -9999 -9999 -9999 -9999 -9999 -9999 -9999 -9999 -9999 -9999 -9999 -9999 -9999 -9999 -9999 -9999 -9999 -9999 -9999 -9999 -9999 -9999 -9999 -9999 -9999 -9999 -9999 -9999 -9999 -9999 -9999 -9999 -9999 -9999 -9999 -9999 -9999 -9999 -9999 -9999 -9999 -9999 -9999 -9999 -9999 -9999 7.11214E-1 6.9274E-1 6.2858E-1 5.95419E-1 5.97225E-1 6.89516E-1 5.02662E-1
7.35605E-2 1.17226E-1 2.07378E-1 -9999 -9999 -9999 -9999 -9999 -9999 -9999 -9999 -9999 -9999 -9999 -9999 -9999 -9999 -9999 -9999 -9999 -9999 -9999 -9999 -9999 -9999 -9999 -9999 -9999 -9999 -9999 -9999 -9999 -9999 -9999 -9999 -9999 -9999 -9999 -9999 -9999 -9999 -9999 6.96776E-1 -9999 -9999 7.07862E-1 -9999 -9999 -9999 -9999 -9999 -9999 -9999 -9999 -9999 -9999 -9999 -9999 -9999 -9999 -9999 -9999 -9999 -9999 -9999 -9999 -9999 -9999 6.61296E-1 5.40338E-1 5.36365E-1 5.30586E-1
6.64015E-2 9.92782E-2 1.79772E-1 1.6341E-1 -9999 -9999 -9999 -9999 -9999 -9999 -9999 -9999 -9999 -9999 -9999 -9999 -9999 -9999 -9999 -9999 -9999 -9999 -9999 -9999 -9999 -9999 -9999 -9999 -9999 -9999 -9999 -9999 -9999 -9999 -9999 -9999 -9999 -9999 -9999 -9999 -9999 -9999 -9999 -9999 -9999 -9999 -9999 -9999 -9999 -9999 -9999 -9999 6.17165E-1 5.91878E-1 5.77612E-1 5.86822E-1 5.72649E-1 5.82637E-1 4.9785E-1 4.89705E-1 6.15331E-1 6.04653E-1 6.13326E-1 6.21846E-1 -9999 -9999 7.64135E-1 7.38926E-1 7.58734E-1 6.8183E-1 5.93063E-1 5.74363E-1
6.50821E-2 9.09605E-2 1.23578E-1 2.11484E-1 1.78817E-1 -9999 -9999 -9999 -9999 -9999 -9999 -9999 -9999 -9999 -9999 -9999 -9999 -9999 -9999 -9999 -9999 -9999 -9999 -9999 -9999 -9999 -9999 -9999 -9999 -9999 -9999 -9999 -9999 -9999 -9999 -9999 -9999 -9999 7.34868E-1 6.12921E-1 -9999 -9999 -9999 -9999 -9999 -9999 -9999 -9999 -9999 -9999 -9999 6.67224E-1 6.86793E-1 6.5233E-1 5.26098E-1 4.11741E-1 4.01005E-1 3.94385E-1 3.41058E-1 4.50013E-1 4.33864E-1 4.26897E-1 4.83847E-1 5.47602E-1 5.95452E-1 6.21395E-1 4.78889E-1 3.87235E-1 4.00617E-1 3.88663E-1 3.81293E-1 3.97586E-1
5.75423E-2 7.28831E-2 1.0242E-1 1.54949E-1 2.03629E-1 1.86296E-1 -9999 -9999 -9999 -9999 -9999 -9999 -9999 -9999 -9999 -9999 -9999 -9999 -9999 -9999 -9999 -9999 -9999 -9999 -9999 -9999 -9999 -9999 -9999 -9999 -9999 -9999 -9999 -9999 -9999 -9999 6.0019E-1 6.71107E-1 7.34012E-1 6.54344E-1 -9999 -9999 -9999 -9999 -9999 -9999 -9999 -9999 -9999 -9999 -9999 6.52227E-1 6.57422E-1 6.34341E-1 5.35584E-1 3.55545E-1 3.29067E-1 3.54607E-1 3.29239E-1 3.18783E-1 3.25615E-1 3.40235E-1 3.43885E-1 3.67153E-1 3.68581E-1 3.06982E-1 2.47917E-1 2.70344E-1 3.43334E-1 3.80126E-1 4.08287E-1 5.27899E-1
6.05678E-2 6.04673E-2 8.69383E-2 9.84719E-2 1.77241E-1 2.06712E-1 1.90225E-1 -9999 -9999 2.08273E-1 -9999 -9999 -9999 -9999 -9999 -9999 -9999 -9999 -9999 -9999 -9999 -9999 -9999 -9999 -9999 -9999 -9999 -9999 -9999 -9999 -9999 -9999 -9999 -9999 -9999 6.48925E-1 5.99152E-1 6.41865E-1 6.37487E-1 6.61718E-1 -9999 -9999 -9999 -9999 -9999 -9999 -9999 -9999 -9999 -9999 -9999 6.26201E-1 5.84015E-1 5.41869E-1 4.52313E-1 3.28195E-1 2.81237E-1 2.58724E-1 2.38378E-1 2.37237E-1 2.57264E-1 2.30257E-1 1.93876E-1 2.01591E-1 2.1412E-1 2.4623E-1 3.0238E-1 3.78778E-1 4.22477E-1 4.73009E-1 5.06118E-1 5.84054E-1
5.72714E-2 5.91009E-2 7.21772E-2 8.17605E-2 9.52745E-2 1.74769E-1 2.09339E-1 1.81657E-1 2.0048E-1 1.96347E-1 2.04395E-1 -9999 -9999 -9999 -9999 -9999 -9999 -9999 -9999 -9999 -9999 -9999 -9999 -9999 -9999 -9999 -9999 -9999 -9999 -9999 -9999 -9999 -9999 -9999 6.28687E-1 5.95228E-1 4.70376E-1 4.56528E-1 4.35229E-1 4.17548E-1 5.86723E-1 6.35137E-1 6.30375E-1 6.17595E-1 -9999 -9999 -9999 5.94471E-1 5.83381E-1 5.61111E-1 5.81496E-1 5.75338E-1 5.0559E-1 4.52972E-1 3.72132E-1 2.80867E-1 2.32576E-1 2.02271E-1 2.11756E-1 1.94447E-1 1.91439E-1 1.52123E-1 1.83428E-1 2.26993E-1 2.6773E-1 3.4239E-1 3.86417E-1 4.63448E-1 5.72264E-1 5.79213E-1 -9999 -9999
6.02754E-2 5.39363E-2 5.11422E-2 6.52282E-2 7.78436E-2 9.65131E-2 1.74717E-1 1.99776E-1 1.80188E-1 2.27737E-1 2.59499E-1 2.18832E-1 2.478E-1 -9999 -9999 -9999 -9999 -9999 -9999 -9999 -9999 -9999 -9999 -9999 -9999 -9999 -9999 -9999 -9999 -9999 -9999 -9999 -9999 5.95984E-1 6.03665E-1 5.34849E-1 3.97694E-1 3.39736E-1 3.11612E-1 2.84916E-1 4.60649E-1 5.55665E-1 5.84873E-1 5.48428E-1 5.59018E-1 5.26812E-1 5.78915E-1 5.03997E-1 4.53607E-1 4.36264E-1 3.86893E-1 4.28999E-1 3.63259E-1 2.69223E-1 2.25023E-1 2.22586E-1 1.85685E-1 1.73266E-1 1.66812E-1 1.90215E-1 2.76051E-1 2.57514E-1 3.24149E-1 3.97207E-1 4.12902E-1 3.93765E-1 3.96665E-1 5.13206E-1 -9999 -9999 -9999 -9999
6.10938E-2 6.05368E-2 5.97857E-2 5.2865E-2 5.57989E-2 7.29956E-2 9.53717E-2 1.34035E-1 2.06297E-1 2.26897E-1 2.59163E-1 2.80192E-1 2.46871E-1 -9999 -9999 -9999 -9999 -9999 -9999 -9999 -9999 -9999 -9999 -9999 -9999 -9999 -9999 -9999 -9999 -9999 -9999 -9999 6.04412E-1 5.90353E-1 5.85106E-1 4.52664E-1 4.57124E-1 3.28938E-1 2.00767E-1 2.46673E-1 4.15984E-1 4.20248E-1 4.65223E-1 4.4724E-1 5.51746E-1 4.38615E-1 4.12384E-1 3.756E-1 4.07479E-1 3.99232E-1 3.32254E-1 2.41377E-1 2.0901E-1 2.27665E-1 1.87453E-1 1.76729E-1 1.66109E-1 2.26786E-1 2.55176E-1 2.89733E-1 3.39524E-1 3.17918E-1 4.3602E-1 5.09219E-1 5.03443E-1 5.17311E-1 5.08186E-1 5.66139E-1 -9999 -9999 -9999 -9999
6.64143E-2 8.11652E-2 8.15575E-2 6.99426E-2 7.16738E-2 7.82035E-2 8.42715E-2 1.00831E-1 1.25239E-1 1.50378E-1 2.05629E-1 2.53065E-1 2.77688E-1 2.70965E-1 -9999 -9999 -9999 -9999 -9999 -9999 -9999 -9999 -9999 -9999 -9999 -9999 -9999 -9999 -9999 -9999 -9999 5.88501E-1 4.35598E-1 3.63027E-1 5.2251E-1 5.78658E-1 5.15798E-1 3.66757E-1 2.01934E-1 1.93682E-1 3.42256E-1 4.42861E-1 3.9656E-1 3.88627E-1 3.98833E-1 4.97156E-1 4.33381E-1 4.47934E-1 3.92519E-1 3.51045E-1 3.36448E-1 2.1946E-1 1.67655E-1 2.43335E-1 2.40567E-1 2.35081E-1 2.51995E-1 3.22055E-1 3.95497E-1 4.04928E-1 4.65191E-1 4.41536E-1 6.01384E-1 5.27245E-1 5.99866E-1 6.42659E-1 6.35505E-1 -9999 -9999 -9999 -9999 -9999
7.32868E-2 9.04713E-2 8.4454E-2 9.03991E-2 7.64391E-2 8.10201E-2 1.0606E-1 1.47876E-1 1.84196E-1 1.93399E-1 1.60754E-1 1.87713E-1 2.62312E-1 3.74169E-1 3.26589E-1 -9999 -9999 -9999 -9999 -9999 -9999 -9999 -9999 -9999 -9999 -9999 -9999 -9999 -9999 -9999 5.88151E-1 4.93252E-1 3.17203E-1 3.65682E-1 3.77535E-1 4.64748E-1 4.65602E-1 4.04821E-1 2.24187E-1 1.98403E-1 2.37037E-1 2.86509E-1 3.21182E-1 3.14043E-1 3.10213E-1 3.41485E-1 5.5888E-1 4.91168E-1 4.57667E-1 4.53911E-1 3.72E-1 3.43724E-1 3.4718E-1 3.64137E-1 3.76968E-1 3.21802E-1 3.95765E-1 4.61673E-1 4.76921E-1 5.49E-1 6.31484E-1 6.20253E-1 5.04809E-1 5.99794E-1 7.45596E-1 6.98553E-1 -9999 -9999 -9999 -9999 -9999 -9999
6.61303E-2 7.12614E-2 7.71345E-2 7.91855E-2 7.06609E-2 7.82341E-2 8.23017E-2 1.03912E-1 1.30268E-1 1.53719E-1 1.63061E-1 2.20152E-1 2.98262E-1 4.48981E-1 4.01868E-1 -9999 -9999 -9999 -9999 -9999 -9999 -9999 -9999 -9999 -9999 -9999 -9999 -9999 -9999 -9999 5.91435E-1 4.33725E-1 3.42206E-1 3.10563E-1 3.22978E-1 3.38295E-1 3.77881E-1 5.14778E-1 4.05655E-1 2.80517E-1 1.72721E-1 2.78091E-1 2.61813E-1 2.63938E-1 2.72924E-1 3.41277E-1 3.42807E-1 4.17651E-1 3.86136E-1 4.39765E-1 3.94083E-1 3.03725E-1 3.05918E-1 3.57027E-1 3.56397E-1 3.7115E-1 5.19362E-1 5.53931E-1 6.215E-1 6.84981E-1 7.28919E-1 6.76761E-1 6.44273E-1 8.32705E-1 7.61233E-1 6.42037E-1 -9999 -9999 -9999 -9999 -9999 -9999
6.42659E-2 6.57809E-2 6.71468E-2 7.01161E-2 6.54559E-2 6.67593E-2 6.91388E-2 7.91755E-2 1.00892E-1 1.22498E-1 1.41839E-1 2.11216E-1 2.88539E-1 4.40004E-1 4.01947E-1 -9999 -9999 -9999 -9999 -9999 -9999 -9999 -9999 -9999 -9999 -9999 -9999 -9999 -9999 6.04447E-1 4.10462E-1 3.96055E-1 3.60135E-1 2.69404E-1 1.99264E-1 2.39085E-1 3.33326E-1 3.7003E-1 4.60995E-1 4.13368E-1 3.19039E-1 2.54759E-1 1.78568E-1 1.85605E-1 2.52535E-1 3.31899E-1 3.19711E-1 3.23148E-1 3.2929E-1 3.09481E-1 3.82571E-1 3.72833E-1 2.74898E-1 4.23212E-1 3.86427E-1 5.67195E-1 6.41322E-1 6.85798E-1 7.47304E-1 8.09283E-1 8.07746E-1 7.0785E-1 8.05624E-1 8.26057E-1 -9999 -9999 -9999 -9999 -9999 4.55479E-1 3.99771E-1 5.19656E-1
6.88534E-2 6.64489E-2 6.67677E-2 6.34843E-2 6.57598E-2 6.99399E-2 6.03601E-2 5.71329E-2 6.95225E-2 9.47616E-2 1.29962E-1 1.62557E-1 2.2396E-1 3.87063E-1 -9999 -9999 -9999 -9999 -9999 -9999 -9999 -9999 -9999 -9999 -9999 -9999 -9999 -9999 6.50802E-1 5.60669E-1 4.36877E-1 3.53625E-1 2.61313E-1 1.52151E-1 1.21269E-1 2.29045E-1 2.5641E-1 2.88522E-1 3.4146E-1 3.45593E-1 3.86032E-1 3.82184E-1 3.05816E-1 2.90871E-1 3.05496E-1 3.30178E-1 3.16872E-1 3.79959E-1 4.43833E-1 3.3508E-1 4.07665E-1 4.16747E-1 3.92001E-1 5.91331E-1 5.00292E-1 6.65798E-1 7.50816E-1 8.42551E-1 8.8422E-1 8.63855E-1 8.11984E-1 8.27646E-1 8.77298E-1 8.40477E-1 -9999 -9999 -9999 -9999 5.07781E-1 3.55874E-1 3.05078E-1 3.44693E-1
7.07011E-2 8.32067E-2 7.7692E-2 7.4351E-2 6.4798E-2 6.5854E-2 6.98919E-2 6.474E-2 8.61121E-2 8.50279E-2 1.00165E-1 1.24398E-1 1.75764E-1 3.22514E-1 3.99588E-1 -9999 -9999 -9999 -9999 -9999 -9999 -9999 -9999 -9999 -9999 -9999 -9999 -9999 6.64685E-1 5.56248E-1 4.06628E-1 3.30822E-1 2.31826E-1 1.51591E-1 1.10868E-1 1.62403E-1 1.45196E-1 2.1901E-1 2.88645E-1 3.19846E-1 3.57793E-1 3.22197E-1 4.61096E-1 5.06439E-1 5.1271E-1 4.89687E-1 5.12401E-1 5.35004E-1 5.11506E-1 4.59659E-1 4.45952E-1 4.82326E-1 6.3238E-1 6.25937E-1 6.59662E-1 7.50599E-1 8.41647E-1 8.9411E-1 8.7678E-1 8.51149E-1 9.00637E-1 9.24443E-1 9.13262E-1 -9999 -9999 -9999 -9999 4.65291E-1 3.71651E-1 2.6546E-1 2.47614E-1 2.68468E-1
7.88151E-2 7.37421E-2 6.96153E-2 7.81939E-2 7.44577E-2 7.00203E-2 7.24498E-2 9.88752E-2 9.08773E-2 8.82269E-2 9.70539E-2 1.08674E-1 1.42648E-1 2.47456E-1 4.20062E-1 5.32155E-1 -9999 -9999 -9999 -9999 -9999 -9999 -9999 -9999 -9999 -9999 -9999 6.57639E-1 6.61991E-1 5.43499E-1 3.65627E-1 3.3665E-1 2.1029E-1 1.72355E-1 1.70411E-1 1.24933E-1 1.23804E-1 1.74241E-1 2.77834E-1 3.14835E-1 2.81696E-1 2.84141E-1 3.40154E-1 3.34387E-1 3.34679E-1 3.28135E-1 3.60926E-1 3.44421E-1 3.09166E-1 3.29325E-1 3.67081E-1 4.64208E-1 6.84622E-1 7.64619E-1 7.99195E-1 8.60616E-1 9.2105E-1 9.30556E-1 8.8474E-1 9.21431E-1 9.24481E-1 8.74724E-1 -9999 -9999 -9999 6.92918E-1 6.69627E-1 4.35886E-1 2.97178E-1 2.72359E-1 2.54083E-1 2.92575E-1
8.58937E-2 7.50791E-2 7.41128E-2 7.95039E-2 9.02025E-2 9.18969E-2 9.85236E-2 1.26719E-1 1.0271E-1 1.1215E-1 1.17418E-1 1.20865E-1 1.34278E-1 2.40996E-1 4.58399E-1 5.76059E-1 -9999 6.02442E-1 6.71948E-1 6.88263E-1 6.87204E-1 -9999 -9999 -9999 -9999 -9999 -9999 7.03791E-1 6.02502E-1 3.60081E-1 3.82378E-1 3.81182E-1 2.84283E-1 2.63819E-1 2.33853E-1 1.71523E-1 2.50888E-1 3.39866E-1 3.11547E-1 2.91462E-1 2.84314E-1 3.34324E-1 3.92154E-1 3.59769E-1 3.77138E-1 3.94204E-1 3.60644E-1 2.92064E-1 3.14075E-1 3.05989E-1 3.45598E-1 5.54115E-1 7.06428E-1 8.06513E-1 8.87006E-1 9.13553E-1 9.17459E-1 9.23955E-1 9.33199E-1 9.33615E-1 9.21562E-1 -9999 -9999 -9999 -9999 7.02266E-1 6.80464E-1 3.35632E-1 3.85434E-1 3.73637E-1 3.90644E-1 3.75403E-1
1.00118E-1 9.39732E-2 8.76727E-2 8.75956E-2 9.49435E-2 9.39255E-2 1.1884E-1 1.43585E-1 1.48394E-1 1.33076E-1 1.40416E-1 1.36161E-1 1.12369E-1 2.16916E-1 5.24778E-1 5.59488E-1 5.86739E-1 6.69741E-1 7.03489E-1 6.90374E-1 6.61582E-1 6.92664E-1 7.12663E-1 7.31069E-1 7.01696E-1 -9999 7.11627E-1 6.89103E-1 4.28431E-1 3.88584E-1 3.80473E-1 3.75165E-1 2.52565E-1 2.17069E-1 1.72999E-1 1.566E-1 2.59957E-1 2.4938E-1 3.10809E-1 2.58897E-1 3.36027E-1 3.06353E-1 2.95647E-1 3.3431E-1 3.84369E-1 3.82044E-1 3.47484E-1 3.22544E-1 3.24761E-1 3.88547E-1 5.61435E-1 7.00261E-1 7.60746E-1 8.67811E-1 9.34192E-1 9.38871E-1 9.4172E-1 9.43994E-1 9.3558E-1 9.2715E-1 -9999 -9999 -9999 -9999 -9999 -9999 -9999 5.15019E-1 4.66738E-1 4.50484E-1 4.515E-1 4.89742E-1
1.14586E-1 1.10068E-1 9.3966E-2 1.01038E-1 1.10603E-1 1.10774E-1 1.20555E-1 1.32156E-1 1.43628E-1 1.89832E-1 1.77507E-1 1.22313E-1 1.17149E-1 2.35533E-1 4.73236E-1 5.65535E-1 6.42232E-1 6.10679E-1 6.7794E-1 6.48451E-1 5.49466E-1 6.06861E-1 5.67828E-1 4.92143E-1 5.67426E-1 6.86743E-1 7.08586E-1 5.35648E-1 5.15524E-1 4.08662E-1 2.98745E-1 2.43545E-1 2.87664E-1 1.85713E-1 1.48482E-1 1.66971E-1 1.99508E-1 2.35061E-1 2.93601E-1 2.69035E-1 2.7219E-1 3.00533E-1 3.02928E-1 3.57012E-1 4.50046E-1 3.92377E-1 4.06548E-1 3.1101E-1 3.63775E-1 4.43922E-1 6.24627E-1 6.89361E-1 7.62443E-1 9.30694E-1 9.3547E-1 9.38706E-1 9.46119E-1 9.34449E-1 9.29026E-1 -9999 -9999 -9999 -9999 -9999 -9999 -9999 8.17048E-1 6.37386E-1 5.55477E-1 4.96594E-1 4.25982E-1 5.58726E-1
1.35761E-1 1.26493E-1 1.23949E-1 1.16786E-1 1.36994E-1 1.40571E-1 1.50249E-1 1.60325E-1 1.45309E-1 1.66861E-1 2.29777E-1 1.42754E-1 1.6666E-1 2.63388E-1 4.50508E-1 5.45996E-1 5.35597E-1 6.09111E-1 6.74561E-1 5.49174E-1 4.80213E-1 4.03516E-1 3.79732E-1 3.52064E-1 3.50055E-1 4.58729E-1 4.99252E-1 4.15556E-1 3.91921E-1 4.13321E-1 2.36283E-1 1.53967E-1 1.73616E-1 1.34117E-1 1.51674E-1 1.77701E-1 2.17702E-1 2.53033E-1 3.00649E-1 2.55901E-1 2.05394E-1 2.63543E-1 3.1643E-1 3.48934E-1 4.52075E-1 5.45926E-1 4.97754E-1 3.56103E-1 4.63557E-1 6.23757E-1 6.62346E-1 7.66264E-1 8.79627E-1 9.44802E-1 9.27921E-1 9.3729E-1 9.3334E-1 9.37709E-1 -9999 -9999 -9999 -9999 -9999 -9999 -9999 8.17079E-1 8.01046E-1 8.46988E-1 6.08825E-1 5.29961E-1 4.63102E-1 6.20706E-1
1.38818E-1 1.51125E-1 1.49701E-1 1.4411E-1 1.5616E-1 1.50567E-1 1.69494E-1 1.96396E-1 1.66285E-1 1.91659E-1 2.47073E-1 1.42368E-1 1.4816E-1 2.71937E-1 4.19634E-1 5.10057E-1 5.07605E-1 6.32094E-1 5.53641E-1 5.11851E-1 4.39406E-1 2.93239E-1 2.77443E-1 2.70791E-1 2.6676E-1 3.04895E-1 3.16395E-1 2.91686E-1 3.34628E-1 2.83517E-1 2.42541E-1 2.2646E-1 2.30618E-1 2.0825E-1 1.9227E-1 1.95587E-1 2.05913E-1 2.16144E-1 2.58911E-1 2.23657E-1 2.68554E-1 4.01335E-1 4.39967E-1 4.57435E-1 4.66973E-1 4.75057E-1 4.88279E-1 5.61525E-1 5.51149E-1 6.70346E-1 7.3922E-1 8.08173E-1 9.20794E-1 9.45064E-1 9.39229E-1 9.33867E-1 9.27789E-1 9.3221E-1 -9999 -9999 -9999 -9999 -9999 -9999 -9999 -9999 8.10936E-1 8.09966E-1 7.83391E-1 5.60063E-1 5.86449E-1 8.14697E-1
1.63702E-1 1.87993E-1 1.72408E-1 1.57909E-1 1.56695E-1 1.8426E-1 2.18699E-1 2.21225E-1 1.91504E-1 2.38114E-1 2.4721E-1 1.50528E-1 1.65818E-1 2.93964E-1 4.27766E-1 4.75952E-1 4.8608E-1 6.20482E-1 4.8446E-1 4.99047E-1 3.71926E-1 2.3227E-1 2.03484E-1 2.16967E-1 2.01521E-1 1.85021E-1 2.00705E-1 2.65738E-1 3.39227E-1 2.84933E-1 3.68168E-1 3.30087E-1 3.18755E-1 2.22767E-1 1.79762E-1 2.4511E-1 1.64119E-1 1.29314E-1 2.16221E-1 2.09587E-1 2.96204E-1 3.87055E-1 4.28972E-1 4.32593E-1 4.16383E-1 4.25903E-1 6.09476E-1 6.96274E-1 6.68413E-1 7.12782E-1 8.34435E-1 9.13295E-1 9.30422E-1 9.32667E-1 9.26963E-1 9.36897E-1 -9999 -9999 -9999 -9999 -9999 -9999 -9999 -9999 -9999 -9999 -9999 -9999 7.56762E-1 5.89295E-1 8.43753E-1 8.34701E-1
1.7523E-1 1.81947E-1 2.08073E-1 1.51958E-1 1.92983E-1 1.88959E-1 1.9501E-1 2.0221E-1 2.51801E-1 2.70824E-1 1.87033E-1 1.63025E-1 1.86863E-1 2.98191E-1 4.52303E-1 4.70271E-1 4.82024E-1 5.16314E-1 4.92893E-1 4.74802E-1 3.18471E-1 1.92484E-1 1.78855E-1 1.79788E-1 1.4879E-1 1.36845E-1 1.8613E-1 3.1215E-1 3.428E-1 3.7107E-1 5.55976E-1 4.04402E-1 2.86561E-1 1.43399E-1 1.79962E-1 2.33705E-1 1.37935E-1 2.13288E-1 3.20031E-1 2.65325E-1 2.41383E-1 3.99697E-1 4.27809E-1 3.68265E-1 4.82568E-1 5.96267E-1 7.66753E-1 8.32803E-1 8.63323E-1 8.55666E-1 9.16718E-1 9.20594E-1 9.13363E-1 9.20597E-1 -9999 -9999 -9999 -9999 -9999 -9999 -9999 -9999 -9999 -9999 -9999 -9999 -9999 -9999 8.69834E-1 8.54832E-1 8.85177E-1 -9999
