Artocarpus altilis SDM files/MIS19/results (with bias file)/Artalt_9.asc
ncols         1201
nrows         481
xllcorner     119.99986351115
yllcorner     -15.00013828885
cellsize      0.041666667
NODATA_value  -9999
[rows 416 to 447 of 481, columns 360 to 431 of 1201]
2.02706E-1 2.0375E-1 2.58975E-1 2.43845E-1 2.48518E-1 2.42532E-1 2.51251E-1 3.53078E-1 4.03932E-1 3.99511E-1 4.41654E-1 4.39705E-1 4.09265E-1 4.07118E-1 3.33031E-1 2.73E-1 2.35198E-1 2.54207E-1 2.95048E-1 4.08047E-1 3.63361E-1 2.88744E-1 3.01948E-1 3.40664E-1 2.35061E-1 2.43032E-1 -9999 -9999 -9999 -9999 -9999 2.37247E-1 2.77742E-1 2.71325E-1 3.6083E-1 3.37426E-1 3.29124E-1 2.91618E-1 3.07388E-1 3.08481E-1 2.53081E-1 3.0966E-1 3.08612E-1 3.23295E-1 3.07161E-1 2.81542E-1 2.28921E-1 -9999 -9999 -9999 -9999 -9999 -9999 -9999 -9999 -9999 -9999 -9999 -9999 -9999 -9999 -9999 -9999 -9999 -9999 -9999 -9999 -9999 -9999 -9999 -9999 -9999
1.76506E-1 1.94154E-1 2.85532E-1 3.14976E-1 2.76674E-1 3.1274E-1 2.48425E-1 2.50246E-1 3.54095E-1 3.48155E-1 3.803E-1 3.81778E-1 3.68395E-1 3.72176E-1 3.69901E-1 2.07953E-1 2.19561E-1 2.7703E-1 3.83731E-1 3.73828E-1 3.40595E-1 2.73054E-1 2.66719E-1 2.5446E-1 2.16233E-1 -9999 -9999 -9999 -9999 -9999 -9999 2.63517E-1 3.0408E-1 2.54684E-1 3.43419E-1 3.32067E-1 3.21448E-1 2.65233E-1 2.74411E-1 2.92771E-1 2.52331E-1 3.11331E-1 3.0031E-1 2.92723E-1 2.80181E-1 2.04503E-1 1.61911E-1 1.76833E-1 -9999 -9999 -9999 -9999 -9999 -9999 -9999 -9999 -9999 -9999 -9999 -9999 -9999 -9999 -9999 -9999 -9999 -9999 -9999 -9999 -9999 -9999 -9999 -9999
1.5505E-1 2.55819E-1 2.45353E-1 2.89252E-1 3.33563E-1 3.34307E-1 2.59434E-1 2.21113E-1 2.25272E-1 2.13495E-1 2.61023E-1 3.0562E-1 3.07366E-1 3.48538E-1 2.6847E-1 1.8957E-1 2.12078E-1 3.60994E-1 3.82373E-1 3.28429E-1 3.10044E-1 2.44649E-1 2.05092E-1 2.00255E-1 2.01212E-1 -9999 -9999 -9999 -9999 -9999 2.42868E-1 2.47651E-1 2.82029E-1 2.87675E-1 3.11683E-1 3.01981E-1 2.80691E-1 2.57568E-1 2.51871E-1 2.75362E-1 2.6366E-1 2.50901E-1 2.70245E-1 2.70262E-1 2.75839E-1 1.84517E-1 1.50109E-1 1.5187E-1 -9999 -9999 -9999 -9999 -9999 -9999 -9999 -9999 -9999 -9999 -9999 -9999 -9999 -9999 -9999 -9999 -9999 -9999 -9999 -9999 -9999 -9999 -9999 -9999
1.10565E-1 1.26696E-1 2.68614E-1 3.15075E-1 3.10928E-1 3.07572E-1 2.93746E-1 2.44395E-1 2.05295E-1 2.54661E-1 2.46973E-1 2.92185E-1 3.31933E-1 3.19503E-1 2.89463E-1 1.86587E-1 2.87676E-1 3.39041E-1 3.21115E-1 2.9544E-1 2.67345E-1 2.26311E-1 1.86457E-1 1.92023E-1 1.84084E-1 1.90151E-1 1.89419E-1 2.21659E-1 -9999 2.30549E-1 2.36647E-1 2.4446E-1 2.88218E-1 2.73229E-1 3.01307E-1 2.87553E-1 2.75219E-1 2.48004E-1 2.43366E-1 2.54106E-1 1.93458E-1 1.97668E-1 1.6478E-1 1.69824E-1 1.71384E-1 1.33824E-1 -9999 -9999 -9999 -9999 -9999 -9999 -9999 -9999 -9999 -9999 -9999 -9999 -9999 -9999 -9999 -9999 -9999 -9999 -9999 -9999 -9999 -9999 -9999 -9999 -9999 -9999
1.10331E-1 1.50457E-1 1.65626E-1 2.37E-1 3.3479E-1 3.24708E-1 3.18143E-1 2.58211E-1 2.7336E-1 2.71791E-1 2.59699E-1 2.70395E-1 3.00062E-1 2.92727E-1 2.35316E-1 2.91389E-1 2.47388E-1 3.06094E-1 2.93851E-1 2.77767E-1 2.51845E-1 2.10424E-1 1.75573E-1 1.75956E-1 1.81628E-1 2.16343E-1 2.18479E-1 2.12076E-1 2.08502E-1 2.10382E-1 2.19277E-1 2.63853E-1 2.82957E-1 2.77243E-1 2.76768E-1 2.72735E-1 2.57881E-1 2.41138E-1 2.0437E-1 2.11064E-1 2.57206E-1 1.54126E-1 1.2633E-1 1.76318E-1 1.41254E-1 -9999 -9999 -9999 -9999 -9999 -9999 -9999 -9999 -9999 -9999 -9999 -9999 -9999 -9999 -9999 -9999 -9999 -9999 -9999 -9999 -9999 -9999 -9999 -9999 -9999 -9999 -9999
9.66513E-2 1.02647E-1 1.04548E-1 1.43154E-1 1.70198E-1 2.96032E-1 2.91324E-1 2.7412E-1 2.76579E-1 2.87975E-1 2.84972E-1 2.80585E-1 2.85683E-1 2.97853E-1 2.87704E-1 2.55212E-1 2.64216E-1 2.63081E-1 2.844E-1 2.58258E-1 2.33576E-1 1.99563E-1 2.10381E-1 2.02563E-1 2.05516E-1 2.07751E-1 2.47654E-1 1.94126E-1 1.95526E-1 1.98824E-1 2.06543E-1 2.67662E-1 2.69116E-1 2.65748E-1 2.61346E-1 2.59737E-1 2.50736E-1 2.32346E-1 2.22047E-1 2.12126E-1 2.43328E-1 1.94569E-1 1.80441E-1 1.74526E-1 1.3954E-1 1.37838E-1 -9999 -9999 -9999 -9999 -9999 -9999 -9999 -9999 -9999 -9999 -9999 -9999 -9999 -9999 -9999 -9999 -9999 -9999 -9999 -9999 -9999 -9999 -9999 -9999 -9999 -9999
8.39178E-2 8.65884E-2 9.32215E-2 2.29273E-1 2.2163E-1 2.64108E-1 2.7223E-1 2.65037E-1 2.61175E-1 2.41114E-1 2.63372E-1 2.64553E-1 2.73616E-1 2.75022E-1 2.58333E-1 2.43267E-1 2.60849E-1 2.56199E-1 2.61073E-1 2.33794E-1 2.17614E-1 2.34431E-1 2.27049E-1 2.22365E-1 1.91463E-1 2.4492E-1 2.36755E-1 2.15999E-1 1.74853E-1 1.84096E-1 2.32117E-1 2.55094E-1 2.59103E-1 2.48368E-1 2.50594E-1 2.38431E-1 2.31516E-1 2.12606E-1 2.232E-1 2.01401E-1 1.27844E-1 1.37377E-1 1.45172E-1 -9999 -9999 -9999 -9999 -9999 -9999 -9999 -9999 -9999 -9999 -9999 -9999 -9999 -9999 -9999 -9999 -9999 -9999 -9999 -9999 -9999 -9999 -9999 -9999 -9999 -9999 -9999 -9999 -9999
7.03436E-2 7.63631E-2 7.6539E-2 9.28036E-2 8.16045E-2 1.88081E-1 1.55954E-1 1.70775E-1 1.1834E-1 1.14591E-1 1.72865E-1 1.90036E-1 2.33925E-1 2.47604E-1 2.31783E-1 2.22351E-1 2.22306E-1 2.23336E-1 2.29528E-1 2.12396E-1 2.07917E-1 2.3279E-1 2.23808E-1 2.24927E-1 2.14616E-1 2.24892E-1 1.93585E-1 1.96731E-1 1.55675E-1 2.08009E-1 2.12908E-1 2.35937E-1 2.30256E-1 2.20947E-1 2.22233E-1 2.06373E-1 1.75037E-1 1.62838E-1 1.75617E-1 1.56429E-1 1.22537E-1 1.38009E-1 1.38627E-1 -9999 -9999 -9999 -9999 -9999 -9999 -9999 -9999 -9999 -9999 -9999 -9999 -9999 -9999 -9999 -9999 -9999 -9999 -9999 -9999 -9999 -9999 -9999 -9999 -9999 -9999 -9999 -9999 -9999
6.21415E-2 6.9771E-2 8.9098E-2 6.80242E-2 8.00524E-2 9.72903E-2 6.34204E-2 9.54889E-2 1.30064E-1 1.46765E-1 2.27264E-1 2.35175E-1 2.37849E-1 2.2291E-1 2.09631E-1 1.93209E-1 2.00817E-1 2.05247E-1 2.06123E-1 2.03011E-1 2.14351E-1 2.0579E-1 2.05751E-1 2.06854E-1 2.12937E-1 2.01176E-1 1.95737E-1 1.32408E-1 1.50504E-1 1.99991E-1 2.00603E-1 2.24883E-1 2.1257E-1 2.0602E-1 1.89101E-1 1.64786E-1 1.54808E-1 1.30775E-1 1.34501E-1 1.89703E-1 1.14163E-1 -9999 -9999 -9999 -9999 -9999 -9999 -9999 -9999 -9999 -9999 -9999 -9999 -9999 -9999 -9999 -9999 -9999 -9999 -9999 -9999 -9999 -9999 -9999 -9999 -9999 -9999 -9999 -9999 -9999 -9999 -9999
5.37053E-2 6.28719E-2 7.34961E-2 7.33902E-2 7.90509E-2 7.8583E-2 1.11969E-1 1.36992E-1 1.67763E-1 1.64938E-1 2.14108E-1 2.05567E-1 2.02965E-1 2.05354E-1 1.78041E-1 1.75356E-1 1.7822E-1 1.84085E-1 1.94345E-1 1.79956E-1 1.90636E-1 1.90672E-1 1.88309E-1 1.92628E-1 1.94005E-1 1.73338E-1 1.7762E-1 1.55906E-1 1.47528E-1 2.06454E-1 2.00928E-1 1.8923E-1 1.96967E-1 1.83289E-1 1.42998E-1 1.40249E-1 1.38156E-1 1.29589E-1 1.00787E-1 1.08049E-1 1.40892E-1 -9999 -9999 -9999 -9999 -9999 -9999 -9999 -9999 -9999 -9999 -9999 -9999 -9999 -9999 -9999 -9999 -9999 -9999 -9999 -9999 -9999 -9999 -9999 -9999 -9999 -9999 -9999 -9999 -9999 -9999 -9999
6.4801E-2 7.17549E-2 9.66743E-2 1.00277E-1 1.04921E-1 1.54437E-1 1.86492E-1 1.82457E-1 1.81938E-1 1.83531E-1 1.51615E-1 1.5698E-1 1.71582E-1 1.85863E-1 1.60937E-1 1.50224E-1 1.5253E-1 1.61802E-1 1.60928E-1 1.6685E-1 1.64645E-1 1.65858E-1 1.64239E-1 1.69269E-1 1.6144E-1 1.71028E-1 1.71661E-1 1.80112E-1 1.88744E-1 1.94896E-1 1.80559E-1 1.74978E-1 1.67606E-1 1.30542E-1 1.11686E-1 1.12324E-1 1.15689E-1 1.36345E-1 1.03204E-1 1.04108E-1 1.07399E-1 1.11204E-1 -9999 -9999 -9999 -9999 -9999 -9999 -9999 -9999 -9999 -9999 -9999 -9999 -9999 -9999 -9999 -9999 -9999 -9999 -9999 -9999 -9999 -9999 -9999 -9999 -9999 -9999 -9999 -9999 -9999 -9999
8.32348E-2 6.84161E-2 1.09817E-1 1.34314E-1 8.69686E-2 1.16691E-1 1.81362E-1 1.71939E-1 1.47349E-1 1.68108E-1 1.53031E-1 1.61823E-1 1.54042E-1 1.59562E-1 1.34573E-1 1.08142E-1 1.17644E-1 1.43969E-1 1.16413E-1 1.18057E-1 1.37898E-1 1.46955E-1 1.36883E-1 1.43534E-1 1.30522E-1 1.3411E-1 1.34069E-1 1.55327E-1 1.60811E-1 1.67777E-1 1.59114E-1 1.62393E-1 1.66551E-1 1.47057E-1 1.2113E-1 8.84291E-2 1.33869E-1 9.72789E-2 1.01735E-1 9.55637E-2 9.90795E-2 9.72369E-2 -9999 -9999 -9999 -9999 -9999 -9999 -9999 -9999 -9999 -9999 -9999 -9999 -9999 -9999 -9999 -9999 -9999 -9999 -9999 -9999 -9999 -9999 -9999 -9999 -9999 -9999 -9999 -9999 -9999 -9999
1.09946E-1 4.71817E-2 5.33185E-2 1.15246E-1 1.37545E-1 1.01034E-1 1.43658E-1 1.59986E-1 1.56415E-1 1.44923E-1 1.50167E-1 1.34892E-1 1.35451E-1 1.46307E-1 1.22591E-1 1.02738E-1 1.10289E-1 1.24387E-1 1.09419E-1 1.10087E-1 1.11645E-1 1.24508E-1 1.17405E-1 1.15252E-1 1.13763E-1 1.18568E-1 1.14663E-1 1.18667E-1 1.27513E-1 1.28462E-1 1.24831E-1 1.11389E-1 1.19383E-1 1.28774E-1 1.09722E-1 1.03548E-1 8.89786E-2 9.74171E-2 9.82473E-2 -9999 -9999 -9999 -9999 -9999 -9999 -9999 -9999 -9999 -9999 -9999 -9999 -9999 -9999 -9999 -9999 -9999 -9999 -9999 -9999 -9999 -9999 -9999 -9999 -9999 -9999 -9999 -9999 -9999 -9999 -9999 -9999 -9999
4.80753E-2 3.96887E-2 6.61717E-2 1.24064E-1 1.51874E-1 1.25998E-1 9.71372E-2 1.23756E-1 1.37402E-1 1.2973E-1 1.28377E-1 9.43064E-2 1.1866E-1 1.29492E-1 9.88562E-2 7.93414E-2 8.96134E-2 1.08112E-1 1.05403E-1 9.98334E-2 1.16463E-1 9.8674E-2 1.09875E-1 1.12312E-1 1.14195E-1 1.26493E-1 1.22858E-1 1.04619E-1 1.26674E-1 1.34089E-1 1.08177E-1 9.94776E-2 1.02171E-1 1.2136E-1 1.02496E-1 8.19555E-2 1.08909E-1 -9999 8.10733E-2 8.21621E-2 8.21621E-2 -9999 -9999 -9999 -9999 -9999 -9999 -9999 -9999 -9999 -9999 -9999 -9999 -9999 -9999 -9999 -9999 -9999 -9999 -9999 -9999 -9999 -9999 -9999 -9999 -9999 -9999 -9999 -9999 -9999 -9999 -9999
4.89413E-2 3.72865E-2 1.14167E-1 1.04117E-1 1.28871E-1 1.05241E-1 9.30201E-2 1.09642E-1 1.29188E-1 1.10304E-1 8.46967E-2 9.07148E-2 1.23405E-1 1.1342E-1 8.8956E-2 7.4658E-2 6.73673E-2 9.51861E-2 9.74177E-2 9.50824E-2 1.10393E-1 9.77928E-2 8.643E-2 8.65225E-2 8.79007E-2 9.36302E-2 9.29131E-2 7.67056E-2 1.08038E-1 1.06692E-1 9.61001E-2 8.42273E-2 8.04302E-2 1.17404E-1 1.13163E-1 1.11103E-1 1.20286E-1 7.82866E-2 -9999 8.10665E-2 8.73305E-2 8.66967E-2 -9999 -9999 -9999 -9999 -9999 -9999 -9999 -9999 -9999 -9999 -9999 -9999 -9999 -9999 -9999 -9999 -9999 -9999 -9999 -9999 -9999 -9999 -9999 -9999 -9999 -9999 -9999 -9999 -9999 -9999
2.61924E-2 4.02464E-2 6.1125E-2 7.06755E-2 8.09552E-2 8.34159E-2 9.38934E-2 9.97805E-2 1.13331E-1 9.49431E-2 6.78576E-2 8.79715E-2 1.00986E-1 9.28668E-2 6.41312E-2 7.78117E-2 6.62118E-2 9.76016E-2 8.29124E-2 7.30805E-2 8.98366E-2 8.06727E-2 6.8276E-2 6.8285E-2 8.22992E-2 8.05923E-2 9.05944E-2 7.47783E-2 6.8398E-2 9.54318E-2 8.06607E-2 7.09882E-2 9.47077E-2 1.17682E-1 7.61758E-2 1.01815E-1 1.12592E-1 9.78656E-2 1.02859E-1 7.00497E-2 -9999 -9999 -9999 -9999 -9999 -9999 -9999 -9999 -9999 -9999 -9999 -9999 -9999 -9999 -9999 -9999 -9999 -9999 -9999 -9999 -9999 -9999 -9999 -9999 -9999 -9999 -9999 -9999 -9999 -9999 -9999 -9999
2.47578E-2 3.65787E-2 4.89237E-2 4.85287E-2 6.50852E-2 7.13244E-2 8.22921E-2 8.79482E-2 8.49587E-2 7.35392E-2 6.71955E-2 9.25063E-2 8.70405E-2 6.48022E-2 5.03034E-2 5.27517E-2 5.50852E-2 8.79457E-2 7.38735E-2 7.04764E-2 6.5074E-2 6.53126E-2 6.1494E-2 5.07374E-2 6.26094E-2 6.76814E-2 9.7878E-2 7.04245E-2 6.80911E-2 9.20006E-2 8.47796E-2 7.03976E-2 8.34551E-2 9.82612E-2 7.41666E-2 5.68845E-2 7.21579E-2 7.69202E-2 6.91294E-2 6.94586E-2 -9999 -9999 -9999 -9999 -9999 -9999 -9999 -9999 -9999 -9999 -9999 -9999 -9999 -9999 -9999 -9999 -9999 -9999 -9999 -9999 -9999 -9999 -9999 -9999 -9999 -9999 -9999 -9999 -9999 -9999 -9999 -9999
2.4099E-2 3.60435E-2 4.71238E-2 7.32531E-2 8.02062E-2 7.08205E-2 7.57333E-2 7.70094E-2 6.77054E-2 7.03252E-2 7.85613E-2 8.41479E-2 7.18168E-2 6.39606E-2 4.87605E-2 4.0741E-2 3.99323E-2 8.39103E-2 5.48682E-2 6.1665E-2 5.8934E-2 4.40987E-2 4.67193E-2 5.57079E-2 4.7543E-2 6.4686E-2 7.05646E-2 6.51954E-2 4.97798E-2 7.41516E-2 6.60135E-2 5.05886E-2 5.27821E-2 7.27725E-2 1.03557E-1 7.41213E-2 7.58149E-2 5.9613E-2 5.86654E-2 6.5059E-2 -9999 -9999 -9999 -9999 -9999 -9999 -9999 -9999 -9999 -9999 -9999 -9999 -9999 -9999 -9999 -9999 -9999 -9999 -9999 -9999 -9999 -9999 -9999 -9999 -9999 -9999 -9999 -9999 -9999 -9999 -9999 -9999
2.78769E-2 3.14004E-2 4.35438E-2 5.31042E-2 6.13779E-2 6.53178E-2 6.16922E-2 5.31189E-2 5.039E-2 5.92598E-2 7.52169E-2 4.70502E-2 4.99826E-2 4.79204E-2 3.16099E-2 3.53621E-2 3.68428E-2 7.6961E-2 5.33909E-2 3.91614E-2 4.29579E-2 4.39873E-2 4.29896E-2 4.58457E-2 5.11794E-2 7.43027E-2 6.54267E-2 4.65235E-2 4.60333E-2 7.30848E-2 6.68436E-2 4.66968E-2 4.70963E-2 6.18673E-2 7.9725E-2 7.20608E-2 5.51913E-2 6.0352E-2 -9999 -9999 -9999 -9999 -9999 -9999 -9999 -9999 -9999 -9999 -9999 -9999 -9999 -9999 -9999 -9999 -9999 -9999 -9999 -9999 -9999 -9999 -9999 -9999 -9999 -9999 -9999 -9999 -9999 -9999 -9999 -9999 -9999 -9999
3.02643E-2 2.7818E-2 3.35684E-2 4.57116E-2 5.4759E-2 5.15492E-2 3.98957E-2 4.60076E-2 5.12902E-2 5.85239E-2 6.43943E-2 6.01974E-2 5.71824E-2 4.72625E-2 4.19301E-2 3.47644E-2 2.84551E-2 3.87731E-2 3.57316E-2 3.6637E-2 3.05148E-2 4.60554E-2 4.03208E-2 3.28072E-2 4.38165E-2 4.66354E-2 4.36754E-2 4.38314E-2 4.54261E-2 5.88395E-2 5.78867E-2 4.38547E-2 4.76846E-2 6.43432E-2 8.23393E-2 6.49094E-2 5.22449E-2 5.23749E-2 -9999 -9999 -9999 -9999 -9999 -9999 -9999 -9999 -9999 -9999 -9999 -9999 -9999 -9999 -9999 -9999 -9999 -9999 -9999 -9999 -9999 -9999 -9999 -9999 -9999 -9999 -9999 -9999 -9999 -9999 -9999 -9999 -9999 -9999
3.79218E-2 3.73023E-2 2.95656E-2 3.10853E-2 3.65595E-2 4.15412E-2 4.20557E-2 4.77175E-2 6.02828E-2 7.11022E-2 7.07138E-2 6.65325E-2 6.20445E-2 4.23916E-2 3.03143E-2 3.23221E-2 3.77708E-2 5.73476E-2 6.43674E-2 3.64512E-2 2.86736E-2 4.01206E-2 4.08863E-2 3.9579E-2 3.23728E-2 4.46711E-2 4.02573E-2 3.95945E-2 4.6458E-2 4.27115E-2 4.1093E-2 4.35435E-2 4.43773E-2 6.27328E-2 7.34809E-2 4.63251E-2 4.58767E-2 -9999 -9999 -9999 -9999 -9999 -9999 -9999 -9999 -9999 -9999 -9999 -9999 -9999 -9999 -9999 -9999 -9999 -9999 -9999 -9999 -9999 -9999 -9999 -9999 -9999 -9999 -9999 -9999 -9999 -9999 -9999 -9999 -9999 -9999 -9999
2.15275E-2 4.29564E-2 4.47147E-2 3.91053E-2 3.6063E-2 4.00413E-2 4.50721E-2 5.12578E-2 6.72886E-2 6.18663E-2 5.74766E-2 5.25841E-2 4.50367E-2 3.96315E-2 4.03858E-2 3.25076E-2 3.37028E-2 6.3035E-2 5.17416E-2 3.60065E-2 2.88101E-2 2.64623E-2 3.72428E-2 2.86893E-2 4.27994E-2 4.37379E-2 3.71528E-2 3.95539E-2 4.477E-2 3.96871E-2 3.68364E-2 3.74823E-2 3.86085E-2 5.57694E-2 6.09897E-2 4.40124E-2 -9999 -9999 -9999 -9999 -9999 -9999 -9999 -9999 -9999 -9999 -9999 -9999 -9999 -9999 -9999 -9999 -9999 -9999 -9999 -9999 -9999 -9999 -9999 -9999 -9999 -9999 -9999 -9999 -9999 -9999 -9999 -9999 -9999 -9999 -9999 -9999
2.56483E-2 4.55822E-2 4.57641E-2 4.13839E-2 3.57866E-2 4.04435E-2 4.94342E-2 5.22165E-2 5.48012E-2 4.51001E-2 4.72278E-2 3.8155E-2 4.05248E-2 3.28959E-2 3.13846E-2 2.73861E-2 4.45755E-2 5.1252E-2 4.39589E-2 2.99694E-2 2.4529E-2 2.50016E-2 2.64849E-2 2.65916E-2 3.7768E-2 3.51724E-2 2.7221E-2 3.74916E-2 3.91205E-2 3.62533E-2 -9999 -9999 4.10743E-2 3.81592E-2 3.69351E-2 4.10015E-2 -9999 -9999 -9999 -9999 -9999 -9999 -9999 -9999 -9999 -9999 -9999 -9999 -9999 -9999 -9999 -9999 -9999 -9999 -9999 -9999 -9999 -9999 -9999 -9999 -9999 -9999 -9999 -9999 -9999 -9999 -9999 -9999 -9999 -9999 -9999 -9999
3.3259E-2 3.4071E-2 3.80859E-2 3.67996E-2 3.39746E-2 4.043E-2 4.67035E-2 4.68215E-2 3.47438E-2 2.77432E-2 2.85916E-2 2.44195E-2 2.72979E-2 3.08481E-2 3.15592E-2 3.28051E-2 5.47149E-2 4.71148E-2 3.58968E-2 2.7627E-2 3.17047E-2 2.53452E-2 2.61118E-2 3.36721E-2 3.04345E-2 3.83884E-2 -9999 3.6825E-2 3.27877E-2 -9999 -9999 4.01043E-2 5.28207E-2 3.76806E-2 3.44711E-2 3.5455E-2 -9999 -9999 -9999 -9999 -9999 -9999 -9999 -9999 -9999 -9999 -9999 -9999 -9999 -9999 -9999 -9999 -9999 -9999 -9999 -9999 -9999 -9999 -9999 -9999 -9999 -9999 -9999 -9999 -9999 -9999 -9999 -9999 -9999 -9999 -9999 -9999
1.82718E-2 2.18611E-2 2.46013E-2 2.60783E-2 3.15951E-2 4.41796E-2 4.52542E-2 3.88116E-2 2.42129E-2 2.86536E-2 2.24936E-2 2.24095E-2 2.98709E-2 2.95194E-2 2.79967E-2 4.28397E-2 4.66863E-2 3.82041E-2 3.20692E-2 2.49563E-2 2.07287E-2 2.21E-2 -9999 2.44258E-2 2.64558E-2 2.72959E-2 3.3403E-2 -9999 -9999 -9999 -9999 3.58625E-2 3.72835E-2 3.42732E-2 -9999 -9999 -9999 -9999 -9999 -9999 -9999 -9999 -9999 -9999 -9999 -9999 -9999 -9999 -9999 -9999 -9999 -9999 -9999 -9999 -9999 -9999 -9999 -9999 -9999 -9999 -9999 -9999 -9999 -9999 -9999 -9999 -9999 -9999 -9999 -9999 -9999 -9999
1.51311E-2 2.55293E-2 3.05142E-2 2.87906E-2 3.38661E-2 3.72036E-2 2.85246E-2 1.9672E-2 1.87727E-2 1.9237E-2 1.92555E-2 2.25878E-2 2.29854E-2 2.69958E-2 3.33339E-2 4.01095E-2 3.44673E-2 3.28829E-2 3.34903E-2 2.62982E-2 2.32357E-2 2.17787E-2 -9999 2.34522E-2 -9999 2.5408E-2 2.51089E-2 2.53668E-2 -9999 -9999 -9999 -9999 -9999 -9999 -9999 -9999 -9999 -9999 -9999 -9999 -9999 -9999 -9999 -9999 -9999 -9999 -9999 -9999 -9999 -9999 -9999 -9999 -9999 -9999 -9999 -9999 -9999 -9999 -9999 -9999 -9999 -9999 -9999 -9999 -9999 -9999 -9999 -9999 -9999 -9999 -9999 -9999
1.82756E-2 2.00481E-2 2.21475E-2 3.0999E-2 3.46748E-2 3.35999E-2 2.3986E-2 2.02515E-2 2.12282E-2 1.83315E-2 1.8712E-2 2.77461E-2 2.24801E-2 2.86364E-2 2.64721E-2 2.30694E-2 3.3018E-2 3.40369E-2 3.18823E-2 3.87108E-2 2.69181E-2 3.06544E-2 2.20818E-2 2.25808E-2 -9999 -9999 2.61112E-2 3.48158E-2 -9999 -9999 -9999 -9999 -9999 -9999 -9999 -9999 -9999 -9999 -9999 -9999 -9999 -9999 -9999 -9999 -9999 -9999 -9999 -9999 -9999 -9999 -9999 -9999 -9999 -9999 -9999 -9999 -9999 -9999 -9999 -9999 -9999 -9999 -9999 -9999 -9999 -9999 -9999 -9999 -9999 -9999 -9999 -9999
1.72022E-2 2.28868E-2 2.31243E-2 2.96499E-2 3.25494E-2 2.50866E-2 1.88243E-2 2.032E-2 2.30006E-2 2.02616E-2 1.91454E-2 2.676E-2 2.75359E-2 2.86022E-2 1.95569E-2 2.28609E-2 2.96455E-2 2.29163E-2 2.6269E-2 3.99538E-2 1.75852E-2 1.92464E-2 2.72758E-2 2.17661E-2 -9999 2.58261E-2 3.43266E-2 3.63338E-2 3.28062E-2 2.65282E-2 3.3895E-2 -9999 -9999 -9999 -9999 -9999 -9999 -9999 -9999 -9999 -9999 -9999 -9999 -9999 -9999 -9999 -9999 -9999 -9999 -9999 -9999 -9999 -9999 -9999 -9999 -9999 -9999 -9999 -9999 -9999 -9999 -9999 -9999 -9999 -9999 -9999 -9999 -9999 -9999 -9999 -9999 -9999
1.93336E-2 2.39236E-2 2.46508E-2 2.77455E-2 2.81124E-2 2.12589E-2 1.54184E-2 1.64366E-2 2.09017E-2 1.9164E-2 1.84571E-2 2.22903E-2 2.5242E-2 3.51005E-2 1.59187E-2 2.48103E-2 2.34789E-2 2.62079E-2 1.78915E-2 3.75511E-2 1.69832E-2 1.75956E-2 1.83765E-2 -9999 -9999 2.3099E-2 3.26395E-2 3.00852E-2 3.07733E-2 2.5621E-2 2.75734E-2 -9999 -9999 -9999 -9999 -9999 -9999 -9999 -9999 -9999 -9999 -9999 -9999 -9999 -9999 -9999 -9999 -9999 -9999 -9999 -9999 -9999 -9999 -9999 -9999 -9999 -9999 -9999 -9999 -9999 -9999 -9999 -9999 -9999 -9999 -9999 -9999 -9999 -9999 -9999 -9999 -9999
1.99621E-2 2.05846E-2 2.02757E-2 2.24216E-2 2.52234E-2 1.70988E-2 1.50975E-2 1.63801E-2 2.01077E-2 1.9195E-2 1.98175E-2 1.85426E-2 1.94754E-2 3.21915E-2 2.22275E-2 1.64092E-2 1.78803E-2 1.97716E-2 1.4579E-2 2.31448E-2 1.69024E-2 -9999 -9999 -9999 -9999 -9999 2.42039E-2 2.95792E-2 -9999 -9999 -9999 -9999 -9999 -9999 -9999 -9999 -9999 -9999 -9999 -9999 -9999 -9999 -9999 -9999 -9999 -9999 -9999 -9999 -9999 -9999 -9999 -9999 -9999 -9999 -9999 -9999 -9999 -9999 -9999 -9999 -9999 -9999 -9999 -9999 -9999 -9999 -9999 -9999 -9999 -9999 -9999 -9999
1.9717E-2 1.71589E-2 1.5981E-2 1.69235E-2 1.83998E-2 1.38066E-2 1.36342E-2 1.5394E-2 1.75696E-2 1.70546E-2 1.97479E-2 2.35466E-2 1.7764E-2 3.0529E-2 3.01311E-2 3.07972E-2 1.79712E-2 1.84375E-2 1.52099E-2 1.54911E-2 1.67538E-2 -9999 -9999 -9999 -9999 -9999 -9999 2.91769E-2 -9999 2.41604E-2 -9999 2.2984E-2 -9999 -9999 -9999 -9999 -9999 -9999 -9999 -9999 -9999 -9999 -9999 -9999 -9999 -9999 -9999 -9999 -9999 -9999 -9999 -9999 -9999 -9999 -9999 -9999 -9999 -9999 -9999 -9999 -9999 -9999 -9999 -9999 -9999 -9999 -9999 -9999 -9999 -9999 -9999 -9999
1.48882E-2 1.49105E-2 1.20966E-2 1.59251E-2 1.60362E-2 1.26603E-2 1.43867E-2 1.66186E-2 1.6776E-2 1.92289E-2 2.69685E-2 2.33122E-2 1.88009E-2 2.28163E-2 2.04602E-2 2.48192E-2 1.83349E-2 2.05833E-2 1.67436E-2 1.68498E-2 1.67274E-2 -9999 -9999 -9999 -9999 -9999 -9999 -9999 -9999 3.1857E-2 2.43387E-2 2.37475E-2 -9999 2.5973E-2 2.55104E-2 -9999 -9999 -9999 -9999 -9999 2.52672E-2 -9999 -9999 -9999 -9999 -9999 2.96076E-2 2.89433E-2 -9999 -9999 -9999 -9999 -9999 -9999 -9999 -9999 -9999 -9999 -9999 -9999 -9999 -9999 -9999 -9999 -9999 -9999 -9999 -9999 -9999 -9999 -9999 -9999
