Artocarpus altilis SDM files/MIS19/results (with bias file)/Artalt_median.asc
ncols         1201
nrows         481
xllcorner     119.99986351115
yllcorner     -15.00013828885
cellsize      0.041666667
NODATA_value  -9999
[rows 416 to 447 of 481, columns 504 to 575 of 1201]
-9999 -9999 -9999 -9999 -9999 -9999 -9999 -9999 -9999 -9999 -9999 -9999 -9999 -9999 -9999 -9999 9.39918E-1 9.22216E-1 9.36807E-1 9.40552E-1 9.68066E-1 9.49026E-1 9.41421E-1 9.3636E-1 9.47328E-1 9.27763E-1 9.20222E-1 8.98841E-1 8.50475E-1 8.16352E-1 7.50203E-1 7.49751E-1 7.21868E-1 7.40672E-1 7.05776E-1 6.64791E-1 6.81398E-1 6.28049E-1 5.77936E-1 5.78699E-1 5.33752E-1 4.90251E-1 4.88115E-1 4.94658E-1 5.33621E-1 4.74995E-1 4.7182E-1 4.99056E-1 4.65752E-1 4.46906E-1 -9999 -9999 -9999 -9999 -9999 -9999 -9999 4.87071E-1 -9999 -9999 -9999 -9999 -9999 -9999 -9999 -9999 -9999 -9999 -9999 -9999 -9999 -9999
-9999 -9999 -9999 -9999 -9999 -9999 -9999 -9999 -9999 -9999 -9999 -9999 -9999 -9999 -9999 -9999 9.26444E-1 9.26828E-1 9.33695E-1 9.3507E-1 9.6439E-1 9.50166E-1 9.41998E-1 9.32127E-1 9.36097E-1 9.13996E-1 8.99962E-1 8.8752E-1 8.51934E-1 7.95552E-1 7.57776E-1 7.56276E-1 7.43219E-1 7.23637E-1 7.00011E-1 6.79099E-1 6.688E-1 5.9524E-1 5.73891E-1 5.80825E-1 5.67822E-1 5.13309E-1 4.87979E-1 4.87755E-1 5.02926E-1 4.79138E-1 4.07305E-1 4.40409E-1 4.48598E-1 4.386E-1 4.71716E-1 4.72648E-1 4.69441E-1 4.25316E-1 -9999 -9999 -9999 -9999 -9999 -9999 -9999 -9999 -9999 -9999 -9999 -9999 -9999 -9999 -9999 -9999 -9999 -9999
-9999 -9999 -9999 -9999 -9999 -9999 -9999 -9999 -9999 -9999 -9999 -9999 -9999 -9999 -9999 9.1017E-1 9.22184E-1 9.06537E-1 9.09281E-1 9.27324E-1 9.21816E-1 9.54625E-1 9.53256E-1 9.42382E-1 9.35884E-1 8.88017E-1 8.85144E-1 8.79875E-1 8.47517E-1 8.31867E-1 7.82771E-1 7.67404E-1 7.66889E-1 7.19126E-1 7.06317E-1 6.70045E-1 6.48439E-1 5.91989E-1 6.1472E-1 5.52719E-1 5.38567E-1 5.4046E-1 4.90903E-1 4.79747E-1 5.04727E-1 4.75225E-1 3.88456E-1 3.98505E-1 4.27333E-1 4.2379E-1 4.28017E-1 4.76253E-1 4.01697E-1 3.92511E-1 3.73114E-1 -9999 -9999 -9999 -9999 -9999 -9999 -9999 -9999 -9999 -9999 -9999 -9999 -9999 -9999 -9999 -9999 -9999
-9999 -9999 -9999 -9999 -9999 -9999 -9999 -9999 -9999 -9999 -9999 -9999 -9999 -9999 -9999 8.91916E-1 9.15566E-1 9.0739E-1 9.38065E-1 9.22737E-1 9.6123E-1 9.61631E-1 9.37916E-1 9.20803E-1 9.00331E-1 8.76273E-1 8.70269E-1 8.60932E-1 8.55978E-1 8.36954E-1 7.8482E-1 7.65351E-1 7.43559E-1 7.27667E-1 6.91487E-1 6.74657E-1 6.30805E-1 6.06218E-1 6.0143E-1 5.58415E-1 5.70431E-1 5.40315E-1 4.85781E-1 4.60364E-1 4.47215E-1 4.34569E-1 3.69235E-1 3.49375E-1 3.96019E-1 4.17445E-1 4.12312E-1 4.36965E-1 4.18526E-1 3.66405E-1 3.17733E-1 -9999 -9999 -9999 -9999 -9999 -9999 -9999 -9999 -9999 -9999 -9999 -9999 -9999 -9999 -9999 -9999 -9999
-9999 -9999 -9999 -9999 -9999 -9999 -9999 -9999 -9999 -9999 -9999 -9999 -9999 -9999 9.08518E-1 8.60271E-1 9.0411E-1 9.03794E-1 9.2261E-1 9.10754E-1 9.4205E-1 9.259E-1 9.16589E-1 9.15337E-1 8.93067E-1 8.71871E-1 8.79181E-1 8.45652E-1 8.25163E-1 8.33719E-1 7.5313E-1 7.42332E-1 7.19184E-1 7.07113E-1 6.55513E-1 6.51913E-1 6.27E-1 6.05332E-1 5.97002E-1 5.77493E-1 5.81134E-1 5.50181E-1 4.78861E-1 4.53071E-1 4.67768E-1 3.855E-1 3.65427E-1 3.58578E-1 3.80151E-1 3.84556E-1 3.9972E-1 4.01967E-1 3.89347E-1 3.01034E-1 3.39656E-1 -9999 -9999 -9999 -9999 -9999 -9999 -9999 -9999 -9999 -9999 -9999 -9999 -9999 -9999 -9999 -9999 -9999
-9999 -9999 -9999 -9999 -9999 -9999 -9999 -9999 -9999 -9999 -9999 -9999 -9999 -9999 8.94224E-1 8.92817E-1 8.52172E-1 8.78036E-1 8.58319E-1 8.90533E-1 8.82777E-1 9.33763E-1 9.24509E-1 9.19371E-1 8.75021E-1 8.54361E-1 8.71677E-1 8.65955E-1 8.15861E-1 8.18983E-1 7.33166E-1 6.91129E-1 6.91383E-1 6.98962E-1 6.58395E-1 6.46382E-1 6.27912E-1 6.09888E-1 5.88996E-1 5.55743E-1 5.58725E-1 5.19249E-1 4.7794E-1 4.66239E-1 4.5839E-1 3.81482E-1 3.64396E-1 3.57735E-1 3.78155E-1 3.65269E-1 3.7477E-1 3.67547E-1 3.54408E-1 3.54785E-1 3.61592E-1 3.53052E-1 -9999 -9999 -9999 -9999 -9999 -9999 -9999 -9999 -9999 -9999 -9999 -9999 -9999 -9999 -9999 -9999
-9999 -9999 -9999 -9999 -9999 -9999 -9999 -9999 -9999 -9999 -9999 -9999 -9999 -9999 8.68646E-1 8.7797E-1 8.60444E-1 -9999 8.49711E-1 8.76336E-1 8.67508E-1 8.47643E-1 8.35092E-1 8.75296E-1 8.54547E-1 8.57377E-1 8.60637E-1 8.46957E-1 8.11085E-1 8.06586E-1 7.40542E-1 6.97136E-1 6.39569E-1 6.67883E-1 6.69778E-1 6.33874E-1 6.20948E-1 5.9694E-1 5.66168E-1 5.5134E-1 5.18477E-1 5.19748E-1 4.87316E-1 4.9462E-1 4.55908E-1 4.10656E-1 3.30218E-1 3.10655E-1 3.38293E-1 3.69651E-1 3.66144E-1 3.6534E-1 3.61368E-1 3.50224E-1 3.70438E-1 3.78416E-1 3.95443E-1 3.84846E-1 -9999 -9999 -9999 -9999 -9999 -9999 -9999 -9999 -9999 -9999 -9999 -9999 -9999 -9999
-9999 -9999 -9999 -9999 -9999 -9999 -9999 -9999 -9999 -9999 -9999 -9999 -9999 -9999 -9999 -9999 -9999 -9999 7.94625E-1 8.12093E-1 7.91174E-1 8.5955E-1 9.13397E-1 8.78092E-1 8.61862E-1 8.84531E-1 8.61949E-1 8.25328E-1 7.85674E-1 7.76844E-1 7.52631E-1 7.00523E-1 6.65317E-1 6.64627E-1 6.34237E-1 6.34875E-1 5.92629E-1 5.75359E-1 5.63283E-1 5.22971E-1 5.06672E-1 5.02704E-1 4.87943E-1 4.70442E-1 3.97769E-1 3.97126E-1 3.15949E-1 2.77381E-1 3.04103E-1 3.42672E-1 3.89233E-1 4.1074E-1 3.24014E-1 2.88143E-1 3.40793E-1 3.36422E-1 2.96889E-1 3.48332E-1 3.65593E-1 -9999 -9999 -9999 -9999 -9999 -9999 -9999 -9999 -9999 -9999 -9999 -9999 -9999
-9999 -9999 -9999 -9999 -9999 -9999 -9999 -9999 -9999 -9999 -9999 -9999 -9999 -9999 -9999 -9999 -9999 -9999 -9999 8.14037E-1 8.72186E-1 8.44858E-1 9.05209E-1 9.01715E-1 8.90462E-1 8.54548E-1 8.20265E-1 7.94051E-1 7.54198E-1 7.09224E-1 7.11306E-1 7.23146E-1 6.66401E-1 6.46157E-1 6.37538E-1 6.12104E-1 5.88614E-1 5.83533E-1 5.40321E-1 5.23421E-1 4.81904E-1 4.80082E-1 4.44946E-1 4.51079E-1 4.29789E-1 3.65615E-1 3.33784E-1 2.7314E-1 3.06746E-1 3.51523E-1 3.70503E-1 3.54684E-1 2.5643E-1 2.30674E-1 2.9041E-1 3.02365E-1 3.09318E-1 3.36914E-1 3.4596E-1 -9999 -9999 -9999 -9999 -9999 -9999 -9999 -9999 -9999 -9999 -9999 -9999 -9999
-9999 -9999 -9999 -9999 -9999 -9999 -9999 -9999 -9999 -9999 -9999 -9999 -9999 -9999 -9999 -9999 -9999 -9999 -9999 8.00435E-1 7.85154E-1 8.34935E-1 8.86436E-1 8.75569E-1 8.40762E-1 8.29506E-1 8.15511E-1 8.16959E-1 7.5372E-1 6.88759E-1 6.97024E-1 6.82991E-1 6.35615E-1 6.33292E-1 6.31522E-1 5.89164E-1 5.81626E-1 5.59981E-1 5.18566E-1 4.87885E-1 4.81266E-1 4.47934E-1 4.36611E-1 4.43571E-1 4.22254E-1 3.44088E-1 2.9248E-1 2.78871E-1 3.06168E-1 3.38248E-1 3.10296E-1 2.67096E-1 2.62668E-1 2.48955E-1 2.96822E-1 2.97671E-1 3.04353E-1 3.13481E-1 3.17022E-1 -9999 -9999 -9999 -9999 -9999 -9999 -9999 -9999 -9999 -9999 -9999 -9999 -9999
-9999 -9999 -9999 -9999 -9999 -9999 -9999 -9999 -9999 -9999 -9999 -9999 -9999 -9999 -9999 -9999 -9999 -9999 8.11761E-1 8.56944E-1 8.37543E-1 8.18836E-1 8.03962E-1 8.44538E-1 8.20073E-1 8.18555E-1 8.14133E-1 8.0078E-1 7.01645E-1 6.59755E-1 6.5551E-1 6.52718E-1 6.17674E-1 5.94503E-1 6.01367E-1 5.59341E-1 5.71189E-1 5.34286E-1 4.58648E-1 4.45949E-1 4.36466E-1 4.21389E-1 4.15047E-1 4.0183E-1 3.76659E-1 3.11536E-1 2.91653E-1 2.95948E-1 3.33145E-1 3.27424E-1 3.2825E-1 2.91884E-1 2.58333E-1 2.4026E-1 2.86141E-1 2.93926E-1 3.01552E-1 3.09484E-1 -9999 -9999 -9999 -9999 -9999 -9999 -9999 -9999 -9999 -9999 -9999 -9999 -9999 -9999
-9999 -9999 -9999 -9999 -9999 -9999 -9999 -9999 -9999 -9999 -9999 -9999 -9999 -9999 -9999 -9999 -9999 -9999 8.13331E-1 8.49826E-1 8.34073E-1 8.07882E-1 8.80831E-1 8.75451E-1 8.38896E-1 7.88788E-1 7.94775E-1 7.80186E-1 7.23595E-1 6.6818E-1 6.25525E-1 6.44063E-1 6.18717E-1 5.75286E-1 5.68585E-1 5.49397E-1 5.34695E-1 5.26594E-1 4.54239E-1 3.65526E-1 3.86945E-1 3.95683E-1 4.01681E-1 3.93088E-1 3.82414E-1 3.60105E-1 3.42797E-1 3.25036E-1 3.21131E-1 3.31297E-1 3.4387E-1 2.64247E-1 2.33269E-1 2.10026E-1 2.84719E-1 2.79073E-1 3.02704E-1 3.2025E-1 -9999 -9999 -9999 -9999 -9999 -9999 -9999 -9999 -9999 -9999 -9999 -9999 -9999 -9999
-9999 -9999 -9999 -9999 -9999 -9999 -9999 -9999 -9999 -9999 -9999 -9999 -9999 -9999 -9999 -9999 -9999 7.78278E-1 8.09992E-1 8.51556E-1 8.75546E-1 8.47681E-1 8.75087E-1 8.6513E-1 7.91127E-1 7.43778E-1 7.48414E-1 7.4054E-1 7.19438E-1 6.98372E-1 6.52402E-1 6.1504E-1 5.96692E-1 5.77317E-1 5.32903E-1 5.19065E-1 4.96639E-1 4.92017E-1 4.65182E-1 3.59254E-1 3.71322E-1 3.86733E-1 3.83391E-1 3.81615E-1 3.77171E-1 3.35188E-1 3.59915E-1 3.05857E-1 3.0623E-1 3.18442E-1 2.73922E-1 2.38964E-1 2.06684E-1 1.92279E-1 2.69394E-1 2.94638E-1 2.94928E-1 -9999 -9999 -9999 -9999 -9999 -9999 -9999 -9999 -9999 -9999 -9999 -9999 -9999 -9999 -9999
-9999 -9999 -9999 -9999 -9999 -9999 -9999 -9999 -9999 -9999 -9999 -9999 -9999 -9999 -9999 -9999 -9999 8.30811E-1 8.63661E-1 8.94468E-1 8.88672E-1 8.21339E-1 7.75572E-1 7.85519E-1 7.84063E-1 7.5341E-1 6.86754E-1 6.94065E-1 7.10401E-1 6.80295E-1 6.48657E-1 5.83185E-1 5.82545E-1 5.40524E-1 5.2341E-1 5.24873E-1 5.11172E-1 4.77034E-1 4.48133E-1 3.67433E-1 3.73077E-1 3.7238E-1 3.94933E-1 3.921E-1 3.51713E-1 3.41315E-1 3.09833E-1 2.96939E-1 3.1126E-1 2.5221E-1 2.34019E-1 2.07416E-1 1.99882E-1 1.96989E-1 2.52216E-1 2.89625E-1 2.86925E-1 3.15767E-1 3.18244E-1 3.15573E-1 3.19588E-1 3.193E-1 -9999 -9999 -9999 -9999 -9999 -9999 -9999 -9999 -9999 -9999
-9999 -9999 -9999 -9999 -9999 -9999 -9999 -9999 -9999 -9999 -9999 -9999 -9999 -9999 -9999 8.38475E-1 9.00669E-1 9.38818E-1 9.29733E-1 8.80464E-1 8.23433E-1 7.42952E-1 7.2306E-1 7.08975E-1 7.5794E-1 7.66703E-1 7.17438E-1 6.86641E-1 6.73742E-1 6.63651E-1 6.39115E-1 5.74812E-1 5.6671E-1 5.19878E-1 4.92211E-1 4.92846E-1 4.77185E-1 4.40509E-1 3.93488E-1 3.78108E-1 3.67496E-1 3.66636E-1 3.88207E-1 3.91052E-1 3.41001E-1 3.14171E-1 3.02795E-1 2.89987E-1 2.99832E-1 2.57224E-1 2.39514E-1 2.18257E-1 1.92329E-1 1.86485E-1 2.21362E-1 2.6821E-1 2.84338E-1 3.04263E-1 3.17917E-1 3.03389E-1 3.08843E-1 3.18977E-1 3.09922E-1 -9999 -9999 -9999 -9999 -9999 -9999 -9999 -9999 -9999
-9999 -9999 -9999 -9999 -9999 -9999 -9999 -9999 -9999 -9999 -9999 -9999 -9999 -9999 8.82095E-1 8.93659E-1 9.30701E-1 9.49618E-1 9.13864E-1 8.25901E-1 8.26985E-1 7.28517E-1 7.18316E-1 7.91371E-1 7.7255E-1 7.79411E-1 7.29466E-1 6.86635E-1 6.66908E-1 6.47277E-1 6.23471E-1 5.80471E-1 5.32448E-1 4.93408E-1 4.65088E-1 4.72578E-1 4.67592E-1 4.2974E-1 3.87347E-1 3.85486E-1 3.78444E-1 3.72591E-1 3.91962E-1 3.46187E-1 3.11945E-1 3.26914E-1 3.18637E-1 3.02226E-1 3.27446E-1 2.50911E-1 2.4506E-1 2.27142E-1 2.12545E-1 1.98784E-1 1.99791E-1 2.63054E-1 2.83368E-1 2.93441E-1 2.91932E-1 2.86564E-1 2.82402E-1 -9999 -9999 -9999 -9999 -9999 -9999 -9999 -9999 -9999 -9999 -9999
-9999 -9999 -9999 -9999 -9999 -9999 -9999 -9999 -9999 -9999 -9999 -9999 -9999 8.03446E-1 8.52337E-1 8.62374E-1 8.6987E-1 9.10938E-1 9.04087E-1 8.54522E-1 8.06254E-1 8.14571E-1 7.85188E-1 7.88608E-1 8.06391E-1 7.77437E-1 6.67563E-1 6.1989E-1 6.36298E-1 6.16078E-1 5.80203E-1 5.64699E-1 5.074E-1 4.72036E-1 4.65979E-1 4.51187E-1 4.39864E-1 4.38385E-1 3.98118E-1 3.71847E-1 3.70377E-1 3.70749E-1 3.70524E-1 3.28358E-1 3.2247E-1 3.2576E-1 3.0329E-1 2.76514E-1 2.77724E-1 2.32654E-1 2.11708E-1 2.32759E-1 2.23308E-1 2.06617E-1 1.9368E-1 2.13554E-1 2.70597E-1 2.92581E-1 2.67738E-1 2.64299E-1 2.86256E-1 -9999 -9999 -9999 -9999 -9999 -9999 -9999 -9999 -9999 -9999 -9999
-9999 -9999 -9999 -9999 -9999 -9999 -9999 -9999 -9999 -9999 -9999 -9999 -9999 8.29768E-1 8.22684E-1 8.07093E-1 8.71733E-1 9.01469E-1 8.86228E-1 8.69234E-1 8.11232E-1 7.72646E-1 7.78084E-1 8.01938E-1 7.53243E-1 7.02135E-1 6.16812E-1 6.05447E-1 5.8446E-1 5.8151E-1 5.52398E-1 5.34358E-1 5.20499E-1 4.84109E-1 4.53819E-1 4.39294E-1 4.22725E-1 4.14436E-1 3.97137E-1 3.73754E-1 3.4786E-1 3.5966E-1 3.63038E-1 3.26158E-1 2.97305E-1 3.14111E-1 2.79588E-1 2.81634E-1 2.73012E-1 2.45072E-1 2.20648E-1 2.11816E-1 2.40959E-1 2.09387E-1 1.85574E-1 2.06267E-1 2.66849E-1 2.86462E-1 2.88583E-1 2.43025E-1 2.71055E-1 -9999 -9999 -9999 -9999 -9999 -9999 -9999 -9999 -9999 -9999 -9999
-9999 -9999 -9999 -9999 -9999 -9999 -9999 -9999 -9999 -9999 -9999 -9999 -9999 -9999 7.88021E-1 8.73452E-1 8.93281E-1 8.68665E-1 8.56296E-1 8.59469E-1 8.25065E-1 7.72622E-1 6.99584E-1 7.28653E-1 6.74234E-1 6.76206E-1 6.26633E-1 6.08323E-1 5.73691E-1 5.63873E-1 5.34367E-1 5.23282E-1 4.79324E-1 4.69334E-1 4.31457E-1 4.18853E-1 4.02215E-1 3.84014E-1 3.73803E-1 3.48359E-1 3.33865E-1 3.46059E-1 3.43505E-1 3.18663E-1 3.03974E-1 3.00158E-1 2.79633E-1 2.68364E-1 2.70653E-1 2.35682E-1 1.98481E-1 2.01155E-1 2.14872E-1 1.87165E-1 1.71913E-1 1.88322E-1 2.64713E-1 2.75714E-1 2.75353E-1 2.36463E-1 2.78875E-1 -9999 -9999 -9999 -9999 -9999 -9999 -9999 -9999 -9999 3.84383E-1 -9999
-9999 -9999 -9999 -9999 -9999 -9999 -9999 -9999 -9999 -9999 -9999 -9999 -9999 -9999 7.83385E-1 8.50712E-1 8.78374E-1 8.38718E-1 8.37758E-1 8.58054E-1 7.86775E-1 7.20336E-1 7.15791E-1 6.92145E-1 6.90049E-1 6.54337E-1 6.33532E-1 6.33601E-1 5.88386E-1 5.3479E-1 5.34162E-1 4.81943E-1 4.78521E-1 4.466E-1 4.56536E-1 4.16244E-1 3.98251E-1 3.60712E-1 3.41729E-1 3.44509E-1 3.2624E-1 3.28565E-1 3.30523E-1 3.30522E-1 3.1966E-1 2.89446E-1 2.7071E-1 2.50686E-1 2.58048E-1 2.44637E-1 2.19957E-1 1.91147E-1 1.97934E-1 1.93512E-1 1.8595E-1 2.10092E-1 2.44875E-1 2.74337E-1 2.87522E-1 2.52455E-1 2.86792E-1 -9999 -9999 -9999 -9999 -9999 -9999 -9999 -9999 -9999 -9999 -9999
-9999 -9999 -9999 -9999 -9999 -9999 -9999 -9999 -9999 -9999 -9999 -9999 -9999 -9999 7.59184E-1 7.73097E-1 8.10989E-1 8.15178E-1 8.34704E-1 8.41006E-1 7.81664E-1 7.01004E-1 7.00448E-1 7.09902E-1 6.74632E-1 6.61787E-1 6.26336E-1 5.93135E-1 5.68565E-1 5.25478E-1 5.25694E-1 4.73479E-1 4.65815E-1 4.4691E-1 4.35618E-1 4.07687E-1 3.82166E-1 3.44718E-1 3.46021E-1 3.47136E-1 3.26792E-1 3.39167E-1 3.28031E-1 3.23109E-1 2.87128E-1 3.07897E-1 2.57985E-1 2.72716E-1 2.57763E-1 2.46243E-1 2.3016E-1 2.07869E-1 2.14084E-1 2.1966E-1 2.14802E-1 2.01556E-1 2.00567E-1 2.54907E-1 2.88661E-1 2.28183E-1 2.86381E-1 -9999 -9999 -9999 -9999 -9999 -9999 -9999 -9999 -9999 -9999 -9999
-9999 -9999 -9999 -9999 -9999 -9999 -9999 -9999 -9999 -9999 -9999 -9999 -9999 -9999 -9999 7.62847E-1 7.86495E-1 7.38861E-1 7.4047E-1 8.33116E-1 7.42772E-1 6.99833E-1 6.67697E-1 6.66859E-1 6.59229E-1 6.44434E-1 6.12431E-1 5.85727E-1 5.53803E-1 5.32482E-1 5.07661E-1 4.83826E-1 4.44355E-1 4.42628E-1 4.25781E-1 3.98951E-1 3.4625E-1 3.45051E-1 3.48357E-1 3.32356E-1 3.38155E-1 3.38229E-1 3.28939E-1 3.10293E-1 3.03343E-1 2.96363E-1 2.61468E-1 2.64146E-1 2.25032E-1 2.47714E-1 2.27445E-1 2.04946E-1 2.16493E-1 2.05711E-1 2.10001E-1 1.85012E-1 1.75139E-1 2.55842E-1 2.54099E-1 2.46169E-1 2.81193E-1 3.0892E-1 -9999 -9999 -9999 -9999 -9999 -9999 -9999 -9999 -9999 -9999
-9999 -9999 -9999 -9999 -9999 -9999 -9999 -9999 -9999 -9999 -9999 -9999 -9999 -9999 -9999 6.89716E-1 6.94983E-1 6.64408E-1 7.20811E-1 7.98263E-1 7.17217E-1 6.50499E-1 6.64612E-1 7.09403E-1 6.87803E-1 6.3521E-1 5.89434E-1 5.23367E-1 5.33701E-1 5.10767E-1 5.02002E-1 4.74274E-1 4.64516E-1 4.13523E-1 3.66545E-1 3.27862E-1 3.43273E-1 3.44547E-1 3.59699E-1 3.56528E-1 3.40001E-1 3.37623E-1 3.28698E-1 3.17054E-1 2.9371E-1 2.7272E-1 2.67366E-1 2.50971E-1 2.07389E-1 2.24623E-1 2.30457E-1 2.13543E-1 2.12233E-1 2.08859E-1 2.07424E-1 1.82476E-1 1.85206E-1 2.33777E-1 2.66827E-1 2.38073E-1 2.7788E-1 -9999 -9999 -9999 -9999 -9999 -9999 -9999 -9999 -9999 -9999 -9999
-9999 -9999 -9999 -9999 -9999 -9999 -9999 -9999 -9999 -9999 -9999 -9999 -9999 -9999 -9999 -9999 6.86322E-1 6.40737E-1 7.15579E-1 7.68497E-1 6.70856E-1 6.9289E-1 7.24462E-1 6.97763E-1 6.0948E-1 5.80818E-1 5.60328E-1 5.25555E-1 5.12975E-1 5.10194E-1 4.93444E-1 4.66941E-1 3.83306E-1 3.51258E-1 3.3961E-1 3.07817E-1 3.27566E-1 3.4557E-1 3.57486E-1 3.42596E-1 3.33191E-1 3.24751E-1 3.27558E-1 3.00351E-1 2.78472E-1 2.69071E-1 2.41376E-1 2.13506E-1 2.03921E-1 2.06078E-1 2.11576E-1 2.16661E-1 2.06531E-1 2.10451E-1 2.1549E-1 1.89039E-1 1.84195E-1 2.38399E-1 2.50303E-1 2.33912E-1 2.76911E-1 -9999 3.0671E-1 -9999 -9999 -9999 -9999 -9999 -9999 -9999 -9999 -9999
-9999 -9999 -9999 -9999 -9999 -9999 -9999 -9999 -9999 -9999 -9999 -9999 -9999 -9999 -9999 6.18887E-1 6.63717E-1 6.36036E-1 6.96897E-1 7.35119E-1 6.66558E-1 7.31486E-1 6.9402E-1 6.32031E-1 5.76429E-1 5.97614E-1 5.43114E-1 4.98549E-1 4.63456E-1 4.68408E-1 4.63332E-1 3.87566E-1 3.38401E-1 3.4643E-1 3.33677E-1 3.21949E-1 3.06782E-1 3.25156E-1 3.46756E-1 3.27086E-1 3.10797E-1 3.1042E-1 3.09123E-1 2.96469E-1 2.76074E-1 2.68964E-1 2.21954E-1 2.22691E-1 2.2575E-1 1.9305E-1 2.07743E-1 2.15543E-1 2.14783E-1 2.1901E-1 2.00418E-1 1.80667E-1 1.88707E-1 1.99434E-1 2.3262E-1 2.18231E-1 2.65338E-1 -9999 -9999 -9999 -9999 -9999 -9999 -9999 -9999 -9999 -9999 -9999
-9999 -9999 -9999 -9999 -9999 -9999 -9999 -9999 -9999 -9999 -9999 -9999 -9999 -9999 6.2653E-1 6.68273E-1 6.47182E-1 6.3057E-1 6.5146E-1 6.72401E-1 5.88061E-1 6.89431E-1 6.51632E-1 6.3296E-1 5.83817E-1 5.49483E-1 5.0368E-1 4.39008E-1 4.3094E-1 4.43629E-1 4.2061E-1 3.6435E-1 3.47614E-1 3.42507E-1 3.53147E-1 3.39438E-1 3.30991E-1 3.31747E-1 3.28077E-1 3.17607E-1 3.12936E-1 3.11017E-1 3.09929E-1 3.07682E-1 2.83054E-1 2.75479E-1 2.10613E-1 2.33369E-1 2.14022E-1 1.85137E-1 2.07478E-1 2.18563E-1 2.30614E-1 2.21501E-1 1.95869E-1 1.96317E-1 2.07491E-1 1.91026E-1 2.13933E-1 2.28679E-1 2.64769E-1 2.82014E-1 -9999 -9999 3.04516E-1 -9999 -9999 -9999 -9999 -9999 3.63393E-1 3.58296E-1
-9999 -9999 -9999 -9999 -9999 -9999 -9999 -9999 -9999 -9999 -9999 -9999 -9999 -9999 6.15755E-1 6.35235E-1 6.10778E-1 5.97835E-1 6.28025E-1 5.95813E-1 6.68424E-1 6.74892E-1 6.74545E-1 6.25528E-1 5.66369E-1 5.20493E-1 4.80325E-1 4.46283E-1 4.31458E-1 4.42027E-1 3.88714E-1 3.90921E-1 3.62217E-1 3.48032E-1 3.75382E-1 3.48036E-1 3.39809E-1 3.43363E-1 3.28335E-1 3.28761E-1 3.21381E-1 3.09517E-1 3.17856E-1 2.94126E-1 2.8441E-1 2.60974E-1 2.35397E-1 2.30406E-1 2.10184E-1 2.07719E-1 2.2157E-1 2.28708E-1 2.34685E-1 2.39387E-1 2.35138E-1 2.12442E-1 1.87297E-1 1.89077E-1 2.25514E-1 2.22521E-1 2.12691E-1 2.90963E-1 2.85995E-1 -9999 -9999 -9999 -9999 -9999 -9999 -9999 -9999 -9999
-9999 -9999 -9999 -9999 -9999 -9999 -9999 -9999 -9999 -9999 -9999 -9999 -9999 -9999 6.62825E-1 6.18202E-1 6.02732E-1 5.9145E-1 6.08662E-1 6.76135E-1 6.63262E-1 6.84586E-1 6.82885E-1 6.07863E-1 5.16631E-1 4.98575E-1 4.42997E-1 4.42106E-1 4.39643E-1 4.41039E-1 3.99923E-1 3.92114E-1 3.79002E-1 3.84168E-1 3.64034E-1 3.53858E-1 3.36416E-1 3.47502E-1 3.26022E-1 3.11461E-1 3.05175E-1 3.11207E-1 2.89009E-1 2.9527E-1 3.00166E-1 2.73418E-1 2.57935E-1 2.3242E-1 2.41581E-1 2.39556E-1 2.33835E-1 2.26092E-1 2.38251E-1 2.43082E-1 2.10346E-1 1.87539E-1 1.69869E-1 2.09184E-1 2.15406E-1 2.32827E-1 1.91981E-1 2.562E-1 2.76749E-1 -9999 -9999 -9999 -9999 -9999 -9999 -9999 -9999 3.46828E-1
-9999 -9999 -9999 -9999 -9999 -9999 -9999 -9999 -9999 -9999 -9999 -9999 -9999 6.32469E-1 6.49118E-1 6.11049E-1 6.0205E-1 6.2516E-1 5.86077E-1 5.61054E-1 6.31339E-1 6.56436E-1 6.36444E-1 5.75049E-1 5.20692E-1 4.67756E-1 3.98003E-1 4.32596E-1 4.52696E-1 4.32171E-1 3.83847E-1 3.91608E-1 3.86544E-1 3.76404E-1 3.73048E-1 3.40121E-1 3.5338E-1 3.40083E-1 3.14885E-1 3.03433E-1 3.02596E-1 3.10567E-1 2.98835E-1 2.92758E-1 3.00624E-1 2.6554E-1 2.31999E-1 2.39238E-1 2.38222E-1 2.39985E-1 2.51435E-1 2.03779E-1 2.30693E-1 2.20533E-1 2.00407E-1 1.66833E-1 1.67958E-1 2.28223E-1 2.40576E-1 2.29577E-1 2.24582E-1 2.66003E-1 2.83495E-1 -9999 -9999 2.98269E-1 -9999 -9999 -9999 -9999 -9999 -9999
-9999 -9999 -9999 -9999 -9999 -9999 -9999 -9999 -9999 -9999 -9999 -9999 6.46822E-1 6.04701E-1 6.37475E-1 5.98337E-1 5.63231E-1 5.44976E-1 5.69143E-1 6.39917E-1 6.0826E-1 5.87056E-1 6.30902E-1 6.03387E-1 5.37833E-1 4.22506E-1 4.02141E-1 4.17736E-1 4.25686E-1 4.10295E-1 3.95511E-1 4.00479E-1 3.62579E-1 3.69709E-1 3.40717E-1 3.38957E-1 3.16917E-1 3.07013E-1 2.99259E-1 3.08279E-1 3.00789E-1 2.79838E-1 2.82994E-1 2.81229E-1 2.74158E-1 2.59714E-1 2.38502E-1 2.14797E-1 2.25269E-1 2.28687E-1 2.42945E-1 1.80085E-1 2.10969E-1 2.11336E-1 2.17782E-1 1.81063E-1 1.68017E-1 1.93125E-1 2.52226E-1 2.57097E-1 2.39981E-1 2.66295E-1 2.72811E-1 -9999 -9999 -9999 -9999 -9999 -9999 -9999 -9999 -9999
-9999 -9999 -9999 -9999 -9999 -9999 -9999 -9999 -9999 -9999 -9999 -9999 6.13497E-1 5.94286E-1 6.22235E-1 5.85234E-1 5.35177E-1 5.9826E-1 5.60911E-1 6.23774E-1 5.92864E-1 6.18454E-1 5.97951E-1 5.53299E-1 4.83407E-1 4.09066E-1 3.73431E-1 4.12151E-1 3.97813E-1 4.14308E-1 4.04611E-1 4.02516E-1 3.63116E-1 3.32219E-1 3.37253E-1 3.1645E-1 3.03076E-1 3.06679E-1 2.99076E-1 2.67371E-1 2.73628E-1 2.79288E-1 2.64441E-1 2.71139E-1 2.76631E-1 2.58508E-1 2.13803E-1 2.00256E-1 2.04877E-1 2.21817E-1 2.13281E-1 1.70806E-1 1.82704E-1 1.91011E-1 2.01509E-1 1.81603E-1 1.63392E-1 1.62945E-1 2.41937E-1 2.61391E-1 2.43446E-1 2.56248E-1 2.71101E-1 -9999 -9999 -9999 -9999 -9999 -9999 -9999 -9999 -9999
-9999 -9999 -9999 -9999 -9999 -9999 -9999 -9999 -9999 -9999 -9999 -9999 6.05384E-1 6.34983E-1 6.09663E-1 5.49202E-1 5.09076E-1 5.19446E-1 5.50769E-1 6.17414E-1 6.12861E-1 5.88614E-1 5.5932E-1 5.23458E-1 4.42791E-1 3.91124E-1 3.58149E-1 3.99645E-1 4.11563E-1 4.07566E-1 3.69946E-1 3.60672E-1 3.37697E-1 3.21934E-1 3.05228E-1 2.81093E-1 2.92706E-1 3.00721E-1 2.7743E-1 2.67432E-1 2.44123E-1 2.57702E-1 2.61758E-1 2.63507E-1 2.49846E-1 2.32569E-1 2.02483E-1 1.85329E-1 1.94399E-1 2.10451E-1 1.96396E-1 1.96365E-1 1.66711E-1 1.68298E-1 1.85159E-1 1.68891E-1 1.5235E-1 1.96106E-1 2.19293E-1 2.37643E-1 2.3862E-1 2.59139E-1 -9999 -9999 -9999 -9999 -9999 -9999 -9999 -9999 -9999 -9999
