Artocarpus altilis SDM files/MIS19/results (with bias file)/Artalt_0.asc
ncols         1201
nrows         481
xllcorner     119.99986351115
yllcorner     -15.00013828885
cellsize      0.041666667
NODATA_value  -9999
[rows 128 to 159 of 481, columns 288 to 359 of 1201]
-9999 -9999 -9999 -9999 -9999 -9999 -9999 -9999 -9999 -9999 -9999 -9999 -9999 -9999 -9999 -9999 -9999 -9999 -9999 -9999 -9999 -9999 -9999 -9999 -9999 -9999 -9999 -9999 -9999 -9999 -9999 -9999 -9999 -9999 -9999 -9999 -9999 -9999 -9999 -9999 -9999 -9999 -9999 -9999 -9999 -9999 -9999 -9999 -9999 -9999 -9999 -9999 -9999 -9999 -9999 -9999 -9999 -9999 -9999 -9999 -9999 -9999 -9999 -9999 -9999 -9999 -9999 -9999 -9999 -9999 -9999 -9999
-9999 -9999 -9999 8.91494E-1 8.9182E-1 -9999 9.52039E-1 9.60866E-1 9.43475E-1 9.31325E-1 9.17156E-1 9.35424E-1 9.6376E-1 9.71525E-1 9.64215E-1 9.81227E-1 9.86477E-1 9.71647E-1 -9999 -9999 -9999 -9999 -9999 -9999 -9999 -9999 -9999 -9999 -9999 -9999 -9999 -9999 -9999 -9999 -9999 -9999 -9999 -9999 -9999 -9999 -9999 -9999 -9999 -9999 -9999 -9999 -9999 -9999 -9999 -9999 -9999 -9999 -9999 -9999 -9999 -9999 -9999 -9999 -9999 -9999 -9999 -9999 -9999 -9999 -9999 -9999 -9999 -9999 -9999 -9999 -9999 -9999
-9999 -9999 -9999 -9999 9.28175E-1 9.22986E-1 7.73624E-1 7.56913E-1 6.68664E-1 5.26112E-1 5.11667E-1 5.73787E-1 7.03921E-1 8.41748E-1 8.17823E-1 7.71801E-1 8.47862E-1 7.90752E-1 9.42305E-1 9.88469E-1 -9999 -9999 -9999 -9999 -9999 -9999 -9999 -9999 -9999 -9999 -9999 -9999 -9999 -9999 -9999 -9999 -9999 -9999 -9999 -9999 -9999 -9999 -9999 -9999 -9999 -9999 -9999 -9999 -9999 -9999 -9999 -9999 -9999 -9999 -9999 -9999 -9999 -9999 -9999 -9999 -9999 -9999 -9999 -9999 -9999 -9999 -9999 -9999 -9999 -9999 -9999 -9999
-9999 -9999 9.07287E-1 8.78881E-1 8.58493E-1 7.25541E-1 6.77142E-1 8.13083E-1 8.36783E-1 7.9742E-1 8.42179E-1 6.43209E-1 3.3066E-1 4.22613E-1 4.04216E-1 5.04745E-1 5.3115E-1 3.99459E-1 6.61128E-1 9.67263E-1 9.74046E-1 9.93509E-1 9.9155E-1 9.90986E-1 -9999 -9999 -9999 -9999 -9999 -9999 -9999 -9999 -9999 -9999 -9999 -9999 -9999 -9999 -9999 -9999 -9999 -9999 -9999 -9999 -9999 -9999 -9999 -9999 -9999 -9999 -9999 -9999 -9999 -9999 -9999 -9999 -9999 -9999 -9999 -9999 -9999 -9999 -9999 -9999 -9999 -9999 -9999 -9999 -9999 -9999 -9999 -9999
-9999 8.75723E-1 8.80072E-1 8.46855E-1 8.42463E-1 8.28839E-1 8.46151E-1 7.01217E-1 6.26413E-1 6.31302E-1 8.14266E-1 5.92561E-1 4.19652E-1 3.8499E-1 3.22907E-1 2.97399E-1 2.38121E-1 3.87897E-1 7.72899E-1 9.19653E-1 7.97541E-1 7.14665E-1 9.2834E-1 9.90147E-1 9.93337E-1 -9999 -9999 -9999 -9999 -9999 -9999 -9999 -9999 -9999 -9999 -9999 -9999 -9999 -9999 -9999 -9999 -9999 -9999 -9999 -9999 -9999 -9999 -9999 -9999 -9999 -9999 -9999 -9999 -9999 -9999 -9999 -9999 -9999 -9999 -9999 -9999 -9999 -9999 -9999 -9999 -9999 -9999 -9999 -9999 -9999 -9999 -9999
-9999 8.70339E-1 6.51342E-1 5.18837E-1 6.23038E-1 6.85459E-1 6.61529E-1 6.0185E-1 5.28421E-1 4.80776E-1 5.93809E-1 6.01019E-1 6.44079E-1 6.12997E-1 5.98664E-1 5.33548E-1 4.0074E-1 4.55153E-1 5.57321E-1 7.44797E-1 6.01253E-1 7.8862E-1 7.93428E-1 6.95777E-1 9.63313E-1 9.81433E-1 9.93166E-1 9.9433E-1 -9999 -9999 -9999 -9999 -9999 -9999 -9999 -9999 -9999 -9999 -9999 -9999 -9999 -9999 -9999 -9999 -9999 -9999 -9999 -9999 -9999 -9999 -9999 -9999 -9999 -9999 -9999 -9999 -9999 -9999 -9999 -9999 -9999 -9999 -9999 -9999 -9999 -9999 -9999 -9999 -9999 -9999 -9999 -9999
7.28269E-1 7.08379E-1 4.77355E-1 3.67692E-1 4.25857E-1 4.6632E-1 4.37904E-1 3.77204E-1 3.45359E-1 3.5735E-1 4.60979E-1 4.76514E-1 4.92254E-1 5.11376E-1 5.04308E-1 4.36239E-1 4.11303E-1 3.03327E-1 4.58202E-1 4.66732E-1 4.52902E-1 6.25136E-1 5.50268E-1 4.37188E-1 6.74152E-1 7.57145E-1 9.23155E-1 9.7888E-1 9.95493E-1 -9999 -9999 -9999 -9999 -9999 -9999 -9999 -9999 -9999 -9999 -9999 -9999 -9999 -9999 -9999 -9999 -9999 -9999 -9999 -9999 -9999 -9999 -9999 -9999 -9999 -9999 -9999 -9999 -9999 -9999 -9999 -9999 -9999 -9999 -9999 -9999 -9999 -9999 -9999 -9999 -9999 -9999 -9999
4.3276E-1 4.77097E-1 4.69211E-1 3.61332E-1 2.36827E-1 2.188E-1 2.24418E-1 3.02594E-1 2.14041E-1 2.65055E-1 3.68534E-1 3.46366E-1 4.61837E-1 3.58647E-1 3.39597E-1 5.56201E-1 3.96375E-1 3.47711E-1 2.86188E-1 2.89076E-1 3.66882E-1 3.83042E-1 3.22864E-1 3.32748E-1 4.03475E-1 4.85785E-1 6.79563E-1 9.03776E-1 9.27654E-1 9.89517E-1 9.94516E-1 -9999 -9999 -9999 -9999 -9999 -9999 -9999 -9999 -9999 -9999 -9999 -9999 -9999 -9999 -9999 -9999 -9999 -9999 -9999 -9999 -9999 -9999 -9999 -9999 -9999 -9999 -9999 -9999 -9999 -9999 -9999 -9999 -9999 -9999 -9999 -9999 -9999 -9999 -9999 -9999 -9999
4.14057E-1 3.2314E-1 3.82237E-1 3.00235E-1 2.7633E-1 1.8352E-1 1.75457E-1 1.47119E-1 1.54996E-1 2.03757E-1 2.39932E-1 3.03842E-1 3.616E-1 2.95083E-1 4.13723E-1 4.68768E-1 4.50519E-1 4.04294E-1 2.69073E-1 2.20937E-1 2.31313E-1 1.79156E-1 2.42853E-1 2.47554E-1 2.18268E-1 3.84738E-1 5.56461E-1 6.71792E-1 8.02874E-1 9.17565E-1 9.78147E-1 9.94536E-1 -9999 -9999 -9999 -9999 -9999 -9999 -9999 -9999 -9999 -9999 -9999 -9999 -9999 -9999 -9999 -9999 -9999 -9999 -9999 -9999 -9999 -9999 -9999 -9999 -9999 -9999 -9999 -9999 -9999 -9999 -9999 -9999 -9999 -9999 -9999 -9999 -9999 -9999 -9999 -9999
5.63451E-1 3.43899E-1 3.7003E-1 3.0614E-1 2.60911E-1 2.83621E-1 2.0962E-1 1.59372E-1 1.78119E-1 2.02949E-1 2.01967E-1 2.0626E-1 2.31244E-1 2.0794E-1 2.87225E-1 2.54782E-1 2.17004E-1 1.74432E-1 1.63696E-1 2.06904E-1 2.10461E-1 2.0526E-1 2.07712E-1 2.02644E-1 2.68316E-1 3.03566E-1 3.71636E-1 6.17278E-1 6.18238E-1 6.90635E-1 7.36902E-1 9.89874E-1 9.96828E-1 -9999 -9999 -9999 -9999 -9999 -9999 -9999 -9999 -9999 -9999 -9999 -9999 -9999 -9999 -9999 -9999 -9999 -9999 -9999 -9999 -9999 -9999 -9999 -9999 -9999 -9999 -9999 -9999 -9999 -9999 -9999 -9999 -9999 -9999 -9999 -9999 -9999 -9999 -9999
6.19242E-1 5.52257E-1 5.65397E-1 5.06166E-1 3.96188E-1 3.56366E-1 3.20956E-1 2.44402E-1 2.69209E-1 3.10208E-1 3.40162E-1 3.6272E-1 3.35693E-1 2.71944E-1 2.70574E-1 2.38126E-1 2.60124E-1 1.98485E-1 2.2475E-1 3.08385E-1 3.32436E-1 2.85529E-1 2.36374E-1 2.04614E-1 1.86517E-1 2.04639E-1 2.46236E-1 2.50585E-1 2.64514E-1 4.94028E-1 7.03648E-1 8.49824E-1 9.70367E-1 9.97562E-1 9.97734E-1 9.9795E-1 9.98564E-1 9.98427E-1 9.9876E-1 9.98322E-1 9.97654E-1 9.98845E-1 9.91559E-1 9.99285E-1 9.98642E-1 9.99091E-1 9.96481E-1 9.99104E-1 9.89015E-1 -9999 -9999 -9999 -9999 -9999 -9999 -9999 -9999 -9999 -9999 -9999 -9999 -9999 -9999 -9999 -9999 -9999 -9999 -9999 -9999 -9999 -9999 -9999
6.29604E-1 6.38976E-1 6.36621E-1 5.79875E-1 4.83809E-1 3.72574E-1 2.8534E-1 2.51788E-1 3.39345E-1 3.66288E-1 3.51346E-1 3.90016E-1 3.07318E-1 2.84028E-1 2.80714E-1 3.34443E-1 3.15626E-1 3.22682E-1 3.5177E-1 4.48054E-1 4.45524E-1 4.02228E-1 4.00381E-1 3.4979E-1 3.23296E-1 3.36643E-1 3.1152E-1 2.61638E-1 2.43759E-1 3.16098E-1 3.83273E-1 4.55575E-1 6.83716E-1 8.86887E-1 9.87003E-1 9.8268E-1 9.96201E-1 9.94105E-1 9.98241E-1 9.9605E-1 9.98484E-1 9.99085E-1 9.93225E-1 9.98959E-1 9.75893E-1 9.23409E-1 9.65228E-1 9.9845E-1 9.99302E-1 -9999 -9999 -9999 -9999 -9999 -9999 -9999 -9999 -9999 -9999 -9999 -9999 -9999 -9999 -9999 -9999 -9999 -9999 -9999 -9999 -9999 -9999 -9999
5.37677E-1 4.71508E-1 4.0514E-1 3.89187E-1 3.37609E-1 3.33794E-1 3.21847E-1 2.61515E-1 2.68982E-1 3.49083E-1 4.04621E-1 3.70764E-1 3.18389E-1 2.36121E-1 2.20073E-1 2.7562E-1 1.98754E-1 1.83743E-1 1.84662E-1 2.37062E-1 3.24998E-1 5.12879E-1 5.7608E-1 5.71766E-1 5.73826E-1 5.91051E-1 5.365E-1 4.68829E-1 3.80417E-1 3.28267E-1 4.23707E-1 6.90712E-1 7.36697E-1 7.59106E-1 8.92829E-1 9.50666E-1 9.95157E-1 9.9613E-1 9.93987E-1 9.95817E-1 9.96089E-1 9.98818E-1 9.996E-1 9.99298E-1 9.95493E-1 8.75738E-1 9.73E-1 9.91919E-1 9.87823E-1 9.9925E-1 9.84435E-1 -9999 -9999 -9999 -9999 -9999 -9999 -9999 -9999 -9999 -9999 -9999 -9999 -9999 -9999 -9999 -9999 -9999 -9999 -9999 -9999 -9999
3.18848E-1 2.87961E-1 3.41782E-1 3.42132E-1 3.63272E-1 3.42942E-1 3.2526E-1 3.42374E-1 2.96227E-1 2.82178E-1 3.36245E-1 3.2897E-1 3.37325E-1 3.71409E-1 4.10696E-1 2.46135E-1 2.36365E-1 2.97244E-1 3.30556E-1 4.05546E-1 4.39079E-1 5.2295E-1 6.21572E-1 6.19436E-1 6.00587E-1 6.13249E-1 6.12746E-1 5.82503E-1 6.10968E-1 6.55819E-1 6.48049E-1 7.30901E-1 6.14163E-1 5.11647E-1 5.74209E-1 7.76627E-1 7.33841E-1 8.71092E-1 8.8858E-1 9.13749E-1 9.88284E-1 9.98873E-1 9.99335E-1 9.99261E-1 9.95838E-1 9.5079E-1 9.97553E-1 9.82849E-1 9.71794E-1 9.92809E-1 9.94402E-1 9.73848E-1 -9999 -9999 -9999 -9999 -9999 -9999 -9999 -9999 -9999 -9999 -9999 -9999 -9999 -9999 -9999 -9999 -9999 -9999 -9999 -9999
3.54188E-1 3.434E-1 2.64114E-1 3.19151E-1 3.88438E-1 3.83837E-1 4.30452E-1 3.97621E-1 3.45108E-1 3.52218E-1 3.2284E-1 3.22491E-1 3.67028E-1 3.71913E-1 4.3095E-1 4.63753E-1 3.85048E-1 3.64183E-1 3.73406E-1 3.52071E-1 4.42385E-1 4.56594E-1 5.34346E-1 4.78127E-1 3.4634E-1 2.92838E-1 2.94118E-1 2.71587E-1 3.87055E-1 5.02823E-1 5.0709E-1 5.66787E-1 6.41203E-1 6.40325E-1 4.3328E-1 4.87267E-1 6.28666E-1 6.3963E-1 7.48602E-1 7.67101E-1 7.80332E-1 8.96989E-1 9.81237E-1 9.98086E-1 9.99465E-1 9.97546E-1 9.82989E-1 9.62761E-1 9.58208E-1 9.90549E-1 9.70839E-1 9.74179E-1 -9999 -9999 -9999 -9999 -9999 -9999 -9999 -9999 -9999 -9999 -9999 -9999 -9999 -9999 -9999 -9999 -9999 -9999 -9999 -9999
5.22471E-1 5.12326E-1 4.70244E-1 4.15223E-1 4.29543E-1 4.75059E-1 4.4988E-1 4.12928E-1 3.52493E-1 3.36223E-1 3.0336E-1 2.91441E-1 3.75054E-1 3.7233E-1 2.68857E-1 3.67453E-1 3.59775E-1 3.83387E-1 3.52545E-1 2.83015E-1 2.59654E-1 2.79272E-1 3.27494E-1 3.58191E-1 3.31062E-1 3.39809E-1 3.26217E-1 3.3886E-1 3.52849E-1 3.22608E-1 3.14404E-1 3.55328E-1 3.59653E-1 5.6145E-1 4.21278E-1 3.21396E-1 4.96121E-1 6.3134E-1 4.16669E-1 7.47937E-1 7.29401E-1 6.5227E-1 8.30136E-1 9.53105E-1 9.90115E-1 9.96981E-1 9.6152E-1 9.94016E-1 9.98751E-1 9.92119E-1 9.73332E-1 -9999 -9999 -9999 -9999 -9999 -9999 -9999 -9999 -9999 -9999 -9999 -9999 -9999 -9999 -9999 -9999 8.11205E-1 7.95413E-1 7.78154E-1 6.71436E-1 -9999
5.21306E-1 4.6442E-1 4.25275E-1 4.32121E-1 3.82717E-1 4.65427E-1 3.84583E-1 4.08115E-1 3.80236E-1 3.9491E-1 3.21806E-1 2.85113E-1 2.65954E-1 3.61368E-1 2.93801E-1 2.93175E-1 2.9381E-1 3.41207E-1 3.53541E-1 3.16486E-1 2.43313E-1 3.01598E-1 2.9379E-1 3.44357E-1 4.25629E-1 4.56107E-1 4.73942E-1 4.29439E-1 4.199E-1 3.45493E-1 2.94309E-1 3.52572E-1 2.70377E-1 3.59395E-1 4.04513E-1 3.02248E-1 5.35671E-1 3.73498E-1 3.38859E-1 4.13482E-1 7.17184E-1 5.97686E-1 6.59207E-1 6.99911E-1 7.72513E-1 9.49322E-1 9.94963E-1 9.90723E-1 9.99034E-1 9.98073E-1 -9999 -9999 -9999 -9999 -9999 -9999 -9999 -9999 -9999 -9999 -9999 -9999 -9999 -9999 -9999 -9999 7.21036E-1 8.56328E-1 9.71711E-1 9.32875E-1 7.1155E-1 -9999
4.49516E-1 4.29576E-1 4.32466E-1 4.18581E-1 3.65128E-1 4.32301E-1 3.64969E-1 3.53334E-1 3.38534E-1 3.6858E-1 3.50268E-1 3.56448E-1 2.91339E-1 3.19529E-1 3.49262E-1 2.36325E-1 2.29361E-1 2.1164E-1 2.02393E-1 1.91449E-1 1.93283E-1 2.37178E-1 3.30898E-1 3.64273E-1 4.07631E-1 3.53005E-1 3.19761E-1 3.47958E-1 2.76405E-1 3.22795E-1 3.51154E-1 3.14308E-1 2.43547E-1 2.77184E-1 4.29456E-1 2.66498E-1 3.98238E-1 3.21755E-1 2.47602E-1 4.5603E-1 7.50212E-1 8.17782E-1 4.988E-1 4.39532E-1 6.44468E-1 8.13008E-1 8.24235E-1 8.75007E-1 9.56487E-1 9.99525E-1 -9999 -9999 -9999 -9999 -9999 -9999 -9999 -9999 -9999 -9999 -9999 -9999 -9999 -9999 -9999 -9999 6.96171E-1 9.54814E-1 9.2689E-1 8.94245E-1 7.24391E-1 6.92285E-1
5.08293E-1 4.84419E-1 4.91547E-1 4.6144E-1 4.28938E-1 3.72547E-1 3.89907E-1 3.47221E-1 3.44167E-1 3.46886E-1 3.87115E-1 3.82765E-1 3.55201E-1 3.63404E-1 3.56003E-1 2.83834E-1 2.70241E-1 1.78741E-1 1.57651E-1 2.37537E-1 2.85507E-1 2.9415E-1 3.42868E-1 3.62068E-1 3.27121E-1 3.26836E-1 3.57105E-1 3.88373E-1 3.58532E-1 3.8856E-1 2.68739E-1 2.29035E-1 2.00218E-1 2.31979E-1 2.70151E-1 2.73395E-1 3.01669E-1 2.49127E-1 4.08204E-1 5.74968E-1 4.45304E-1 6.88132E-1 4.29813E-1 3.66966E-1 4.03869E-1 6.29341E-1 6.22334E-1 5.44083E-1 7.5185E-1 9.87358E-1 -9999 -9999 -9999 -9999 -9999 -9999 -9999 -9999 -9999 -9999 -9999 -9999 -9999 -9999 -9999 -9999 -9999 7.92514E-1 9.52811E-1 9.0798E-1 7.18357E-1 6.59302E-1
4.47857E-1 4.17367E-1 4.27851E-1 4.73757E-1 4.19232E-1 3.5917E-1 3.3932E-1 3.13696E-1 3.09827E-1 3.19877E-1 3.44332E-1 3.57148E-1 3.49275E-1 4.09452E-1 3.33558E-1 2.99521E-1 2.22962E-1 1.82171E-1 1.94745E-1 3.19135E-1 2.84706E-1 2.05315E-1 1.97989E-1 2.07842E-1 2.27429E-1 2.70188E-1 3.35828E-1 2.49163E-1 2.46938E-1 2.14839E-1 2.15E-1 2.90082E-1 2.59593E-1 2.25208E-1 2.41841E-1 2.16092E-1 2.21723E-1 2.40976E-1 3.34757E-1 4.39359E-1 3.21662E-1 5.12628E-1 6.03137E-1 3.91748E-1 3.55373E-1 4.37476E-1 6.25221E-1 4.126E-1 5.90928E-1 7.61283E-1 9.97794E-1 -9999 -9999 -9999 -9999 -9999 -9999 -9999 -9999 -9999 -9999 -9999 -9999 -9999 -9999 -9999 7.58336E-1 6.41693E-1 8.22175E-1 9.11454E-1 7.91595E-1 6.45484E-1
4.53606E-1 3.77601E-1 3.58098E-1 3.58561E-1 3.58842E-1 3.37464E-1 3.21439E-1 3.13874E-1 3.04431E-1 2.98442E-1 3.1889E-1 3.19382E-1 2.8992E-1 3.41865E-1 3.85772E-1 2.83897E-1 2.61595E-1 2.40805E-1 2.30083E-1 3.11521E-1 3.10252E-1 2.86632E-1 2.42801E-1 2.10048E-1 1.75553E-1 1.93283E-1 2.26146E-1 2.64346E-1 2.22462E-1 2.12691E-1 2.18005E-1 3.03649E-1 2.75357E-1 2.95945E-1 3.1207E-1 2.01974E-1 2.18183E-1 1.9275E-1 2.45344E-1 2.81597E-1 2.41562E-1 3.5201E-1 5.66542E-1 6.04301E-1 5.22581E-1 3.49236E-1 4.82999E-1 3.443E-1 4.23762E-1 5.44486E-1 9.61005E-1 9.99598E-1 -9999 -9999 -9999 -9999 -9999 -9999 -9999 -9999 -9999 -9999 -9999 -9999 -9999 -9999 -9999 -9999 6.92747E-1 6.27676E-1 6.48039E-1 -9999
3.39721E-1 3.30876E-1 3.56444E-1 3.43293E-1 3.24E-1 3.17103E-1 3.24354E-1 2.99032E-1 2.69111E-1 2.73441E-1 2.82881E-1 2.90356E-1 2.97007E-1 3.04575E-1 4.00163E-1 3.36062E-1 2.85483E-1 2.29471E-1 2.11154E-1 3.57112E-1 2.92414E-1 1.95918E-1 1.40592E-1 1.94581E-1 1.61393E-1 2.11677E-1 2.16816E-1 3.1936E-1 2.49647E-1 3.33622E-1 3.53248E-1 3.39124E-1 2.63784E-1 3.59302E-1 3.88393E-1 2.72804E-1 2.00804E-1 2.43416E-1 2.27982E-1 2.90033E-1 2.83114E-1 3.55806E-1 4.91012E-1 6.02337E-1 5.19471E-1 4.3898E-1 2.81414E-1 2.64066E-1 4.60617E-1 6.42128E-1 8.84611E-1 9.97524E-1 9.99722E-1 -9999 -9999 -9999 -9999 -9999 -9999 -9999 -9999 -9999 -9999 -9999 -9999 -9999 -9999 -9999 -9999 -9999 -9999 -9999
3.15618E-1 2.84384E-1 3.0617E-1 3.53765E-1 3.52449E-1 3.61317E-1 3.63186E-1 3.30614E-1 3.03385E-1 2.90503E-1 3.00974E-1 2.83623E-1 3.019E-1 3.79677E-1 3.91023E-1 3.46231E-1 3.52189E-1 2.43732E-1 2.97098E-1 2.8539E-1 2.73391E-1 1.80384E-1 1.75802E-1 2.64228E-1 2.208E-1 3.21034E-1 1.94096E-1 2.51487E-1 4.00777E-1 3.95104E-1 3.19949E-1 2.57154E-1 3.2035E-1 3.08898E-1 2.75813E-1 3.03733E-1 2.02089E-1 2.48413E-1 2.60972E-1 4.50726E-1 4.22599E-1 4.3988E-1 4.49161E-1 4.20628E-1 3.90254E-1 3.72386E-1 3.67702E-1 3.28742E-1 3.22096E-1 3.77295E-1 6.16423E-1 8.62436E-1 9.76849E-1 9.98752E-1 -9999 -9999 -9999 -9999 -9999 -9999 -9999 -9999 -9999 -9999 -9999 -9999 -9999 -9999 -9999 -9999 -9999 -9999
3.53411E-1 3.03794E-1 3.15836E-1 3.29177E-1 3.59969E-1 3.80727E-1 3.82711E-1 3.81834E-1 3.64536E-1 3.29309E-1 3.13634E-1 3.27642E-1 3.52141E-1 3.7045E-1 3.84223E-1 3.66472E-1 3.19236E-1 2.25634E-1 2.49206E-1 2.75854E-1 1.83532E-1 1.69533E-1 2.77664E-1 2.69958E-1 3.03762E-1 3.4808E-1 3.67627E-1 3.66942E-1 2.73844E-1 3.24533E-1 4.40717E-1 3.98047E-1 2.76451E-1 2.20896E-1 2.46452E-1 2.50687E-1 2.15499E-1 2.98524E-1 2.84902E-1 3.70501E-1 4.23896E-1 3.22402E-1 3.15435E-1 3.74172E-1 4.03503E-1 3.51238E-1 2.41963E-1 3.07286E-1 3.83879E-1 3.69266E-1 5.17906E-1 7.89295E-1 8.68912E-1 9.81156E-1 -9999 -9999 -9999 -9999 -9999 -9999 -9999 -9999 -9999 -9999 -9999 -9999 -9999 -9999 -9999 -9999 -9999 -9999
3.51472E-1 3.55722E-1 3.466E-1 3.3737E-1 2.9915E-1 3.06031E-1 3.1692E-1 3.10095E-1 3.36399E-1 3.40775E-1 3.26794E-1 3.42382E-1 3.66609E-1 4.18429E-1 4.31443E-1 4.40107E-1 3.80555E-1 2.76314E-1 2.34484E-1 3.08516E-1 2.78204E-1 1.80482E-1 2.81925E-1 2.67816E-1 3.82636E-1 4.61758E-1 4.07622E-1 3.4876E-1 3.34266E-1 3.06715E-1 3.09499E-1 3.00565E-1 4.01744E-1 3.98172E-1 2.73413E-1 2.77889E-1 2.35876E-1 3.27214E-1 2.84983E-1 3.61201E-1 3.86565E-1 3.07131E-1 3.4229E-1 2.58518E-1 3.47129E-1 3.43485E-1 2.90834E-1 2.57966E-1 5.18222E-1 3.57268E-1 4.05502E-1 7.1398E-1 9.6351E-1 9.92946E-1 9.92023E-1 -9999 -9999 -9999 -9999 -9999 -9999 -9999 -9999 -9999 -9999 -9999 -9999 -9999 -9999 -9999 -9999 -9999
3.6613E-1 3.5647E-1 3.70891E-1 3.78998E-1 3.29465E-1 3.01206E-1 2.89469E-1 3.09765E-1 3.29558E-1 3.61959E-1 3.75718E-1 3.88101E-1 3.96595E-1 4.45078E-1 5.23945E-1 5.07331E-1 5.03611E-1 4.6621E-1 3.72146E-1 3.03361E-1 2.99818E-1 2.53701E-1 1.86683E-1 3.10573E-1 4.51061E-1 4.16522E-1 3.19178E-1 2.91917E-1 3.17118E-1 3.82566E-1 3.54717E-1 3.48984E-1 2.6211E-1 3.28948E-1 3.97658E-1 3.9336E-1 3.1946E-1 4.03068E-1 3.3629E-1 2.5885E-1 2.62668E-1 2.8629E-1 3.36782E-1 2.73002E-1 2.62174E-1 3.9995E-1 2.53797E-1 2.57451E-1 4.48085E-1 5.11673E-1 2.83237E-1 4.98849E-1 8.25977E-1 9.91821E-1 9.87204E-1 -9999 -9999 -9999 -9999 -9999 -9999 -9999 -9999 -9999 -9999 -9999 -9999 -9999 -9999 -9999 -9999 -9999
4.19031E-1 3.55901E-1 3.7759E-1 4.65164E-1 3.6462E-1 3.028E-1 3.23647E-1 3.40447E-1 3.69108E-1 3.61426E-1 4.25924E-1 4.1608E-1 4.28241E-1 4.59259E-1 4.7854E-1 4.85475E-1 5.22172E-1 5.04756E-1 4.00287E-1 3.44081E-1 2.44884E-1 2.13833E-1 3.08262E-1 3.28681E-1 2.27084E-1 2.24067E-1 2.51382E-1 3.60202E-1 3.27786E-1 3.10214E-1 2.98965E-1 3.01413E-1 2.84882E-1 2.30321E-1 2.06822E-1 3.03106E-1 2.1131E-1 3.9264E-1 2.79093E-1 1.91746E-1 1.94543E-1 3.38085E-1 3.64267E-1 3.22867E-1 2.20862E-1 2.85928E-1 2.86045E-1 3.01775E-1 3.72227E-1 6.89926E-1 4.36385E-1 4.05046E-1 6.6679E-1 9.87343E-1 -9999 -9999 -9999 -9999 -9999 -9999 -9999 -9999 -9999 -9999 -9999 -9999 -9999 -9999 -9999 -9999 -9999 -9999
5.09705E-1 4.06721E-1 4.59251E-1 5.13805E-1 5.46286E-1 3.88245E-1 3.5862E-1 3.88043E-1 3.91563E-1 4.16929E-1 4.29707E-1 4.94493E-1 4.87037E-1 4.87607E-1 5.31055E-1 4.96431E-1 5.1287E-1 5.01269E-1 4.38232E-1 4.02914E-1 3.51014E-1 2.62977E-1 3.10424E-1 2.48613E-1 2.46531E-1 2.50003E-1 3.27749E-1 2.85865E-1 2.90055E-1 3.19582E-1 3.08557E-1 2.90703E-1 2.63402E-1 2.55823E-1 2.51285E-1 2.57029E-1 2.28346E-1 2.99244E-1 2.02133E-1 2.05039E-1 2.38635E-1 2.18274E-1 1.8748E-1 2.19599E-1 2.15009E-1 2.27028E-1 2.35501E-1 2.70857E-1 3.90395E-1 6.29538E-1 7.0318E-1 5.51204E-1 8.82325E-1 9.88337E-1 -9999 -9999 -9999 -9999 -9999 -9999 -9999 -9999 -9999 -9999 -9999 -9999 -9999 -9999 -9999 -9999 -9999 -9999
5.47453E-1 5.47679E-1 5.37366E-1 5.47032E-1 5.70954E-1 5.61793E-1 4.62762E-1 4.36633E-1 4.41509E-1 4.44992E-1 4.98807E-1 5.25921E-1 4.63914E-1 4.33726E-1 5.10787E-1 4.90564E-1 5.05849E-1 4.09496E-1 3.62632E-1 4.77614E-1 3.92123E-1 3.44685E-1 3.20111E-1 2.74717E-1 3.05754E-1 3.41786E-1 3.52901E-1 3.37539E-1 3.74163E-1 3.96347E-1 4.13208E-1 3.73016E-1 3.39052E-1 2.98235E-1 2.89908E-1 3.15262E-1 2.96334E-1 3.01696E-1 2.61512E-1 2.36911E-1 2.80046E-1 2.26727E-1 2.08902E-1 1.86995E-1 2.59641E-1 2.83951E-1 2.45893E-1 4.0512E-1 5.48759E-1 5.1182E-1 7.1452E-1 8.83197E-1 9.43452E-1 9.85804E-1 -9999 -9999 -9999 -9999 -9999 -9999 -9999 -9999 -9999 -9999 -9999 -9999 -9999 -9999 -9999 -9999 -9999 -9999
5.37202E-1 5.61914E-1 5.62399E-1 5.69843E-1 5.43666E-1 5.32236E-1 5.10538E-1 4.87387E-1 4.55405E-1 4.68242E-1 5.08912E-1 5.09964E-1 4.712E-1 4.49749E-1 4.66805E-1 5.51036E-1 4.5528E-1 4.22775E-1 3.95729E-1 4.95688E-1 4.44457E-1 4.50872E-1 3.51976E-1 3.37931E-1 3.6049E-1 3.52055E-1 3.64201E-1 4.20661E-1 4.12017E-1 4.53204E-1 4.625E-1 4.4732E-1 3.9969E-1 3.99976E-1 3.29336E-1 3.60307E-1 3.40792E-1 3.25642E-1 3.27903E-1 3.50946E-1 3.47401E-1 2.98672E-1 2.403E-1 2.38244E-1 2.84944E-1 3.1077E-1 2.3611E-1 3.31176E-1 3.48176E-1 4.59513E-1 7.40154E-1 8.81187E-1 9.71435E-1 9.83324E-1 -9999 -9999 -9999 -9999 -9999 -9999 -9999 -9999 -9999 -9999 -9999 -9999 -9999 -9999 -9999 -9999 -9999 -9999
5.35088E-1 5.59461E-1 5.76993E-1 5.54175E-1 5.1919E-1 5.02426E-1 5.21905E-1 5.19048E-1 5.04844E-1 5.23679E-1 5.57212E-1 5.22109E-1 5.23453E-1 4.41423E-1 4.43498E-1 5.49222E-1 4.8024E-1 4.16778E-1 4.69766E-1 4.7898E-1 4.01108E-1 5.29892E-1 4.15561E-1 3.74017E-1 3.93631E-1 3.75798E-1 3.71961E-1 3.97951E-1 4.51755E-1 4.88109E-1 6.05106E-1 6.34184E-1 5.36397E-1 4.72742E-1 4.6342E-1 4.11554E-1 3.92564E-1 3.92204E-1 3.42653E-1 3.53146E-1 4.19441E-1 4.53084E-1 3.50144E-1 3.18991E-1 3.66095E-1 3.19253E-1 3.60482E-1 3.23925E-1 3.97287E-1 6.16011E-1 8.87676E-1 9.14827E-1 9.63587E-1 9.74768E-1 -9999 -9999 -9999 -9999 -9999 -9999 -9999 -9999 -9999 -9999 -9999 -9999 -9999 -9999 -9999 -9999 -9999 -9999
5.68379E-1 5.84833E-1 5.702E-1 5.37934E-1 5.1464E-1 5.29794E-1 5.37296E-1 5.11168E-1 4.94243E-1 5.47046E-1 5.5905E-1 5.04536E-1 4.71336E-1 4.16932E-1 4.54905E-1 5.31711E-1 5.08263E-1 4.36487E-1 4.89764E-1 4.5586E-1 4.16186E-1 5.3665E-1 4.99659E-1 4.34947E-1 4.66663E-1 4.8E-1 4.09482E-1 4.17492E-1 4.80883E-1 5.81922E-1 6.44407E-1 6.65504E-1 6.49542E-1 6.24287E-1 5.85335E-1 5.47461E-1 5.35954E-1 5.25638E-1 5.00652E-1 4.95122E-1 5.12908E-1 6.05631E-1 6.32942E-1 5.68143E-1 5.48977E-1 5.16872E-1 2.62989E-1 4.70148E-1 6.39562E-1 7.65968E-1 9.0818E-1 9.53949E-1 9.6315E-1 -9999 -9999 -9999 -9999 -9999 -9999 -9999 -9999 -9999 -9999 -9999 -9999 -9999 -9999 -9999 -9999 -9999 -9999 -9999
