Artocarpus altilis SDM files/MIS19/results (with bias file)/Artalt_2.asc
ncols         1201
nrows         481
xllcorner     119.99986351115
yllcorner     -15.00013828885
cellsize      0.041666667
NODATA_value  -9999
[rows 192 to 223 of 481, columns 504 to 575 of 1201]
6.79576E-1 6.33301E-1 6.52483E-1 6.178E-1 5.91493E-1 6.28524E-1 6.62819E-1 6.56005E-1 6.93714E-1 7.06836E-1 6.39753E-1 6.62086E-1 6.05386E-1 5.52419E-1 4.56909E-1 3.78688E-1 3.65521E-1 3.85487E-1 3.96934E-1 4.49845E-1 4.4719E-1 5.21467E-1 6.97963E-1 7.41696E-1 7.2884E-1 7.24291E-1 -9999 -9999 -9999 -9999 -9999 -9999 -9999 -9999 -9999 -9999 -9999 -9999 -9999 -9999 -9999 -9999 -9999 -9999 -9999 -9999 -9999 -9999 -9999 -9999 -9999 -9999 -9999 -9999 -9999 -9999 -9999 -9999 -9999 -9999 -9999 -9999 -9999 -9999 -9999 -9999 -9999 -9999 -9999 -9999 -9999 -9999
6.85029E-1 6.38003E-1 6.2577E-1 5.93053E-1 5.41803E-1 5.81632E-1 6.42257E-1 6.85281E-1 6.90322E-1 6.66863E-1 6.29329E-1 6.40857E-1 5.89768E-1 5.96711E-1 5.61608E-1 5.58181E-1 4.87545E-1 5.13825E-1 5.46571E-1 5.61194E-1 5.96416E-1 5.89781E-1 5.80932E-1 6.94297E-1 7.09369E-1 7.28703E-1 7.2773E-1 -9999 -9999 -9999 -9999 -9999 -9999 -9999 -9999 -9999 -9999 -9999 -9999 -9999 -9999 -9999 -9999 -9999 -9999 -9999 -9999 -9999 -9999 -9999 -9999 -9999 -9999 -9999 -9999 -9999 -9999 -9999 -9999 -9999 -9999 -9999 -9999 -9999 -9999 -9999 -9999 -9999 -9999 -9999 -9999 -9999
5.49631E-1 5.8386E-1 6.21016E-1 5.98734E-1 5.99382E-1 5.98868E-1 6.50277E-1 6.73356E-1 6.72428E-1 6.72684E-1 6.47539E-1 6.39787E-1 5.65646E-1 6.21304E-1 6.46115E-1 6.10126E-1 5.38687E-1 5.43612E-1 5.73834E-1 5.87699E-1 6.33068E-1 6.53578E-1 6.53647E-1 7.02177E-1 6.91238E-1 7.18941E-1 7.44603E-1 7.41977E-1 -9999 -9999 -9999 -9999 -9999 -9999 -9999 -9999 -9999 -9999 -9999 -9999 -9999 -9999 -9999 -9999 -9999 -9999 -9999 -9999 -9999 -9999 -9999 -9999 -9999 -9999 -9999 -9999 -9999 -9999 -9999 -9999 -9999 -9999 -9999 -9999 -9999 -9999 -9999 -9999 -9999 -9999 -9999 -9999
3.934E-1 4.32875E-1 4.50938E-1 4.78245E-1 4.19002E-1 4.97171E-1 6.29143E-1 6.19572E-1 6.13924E-1 5.868E-1 5.92202E-1 5.64089E-1 5.65839E-1 5.42056E-1 5.76039E-1 5.37533E-1 5.57159E-1 6.06383E-1 6.149E-1 5.87303E-1 6.04926E-1 6.42561E-1 6.89294E-1 6.99452E-1 7.24152E-1 7.20511E-1 7.39077E-1 7.36818E-1 7.24109E-1 7.50116E-1 7.53722E-1 7.3026E-1 7.61842E-1 7.75303E-1 -9999 7.41078E-1 -9999 -9999 -9999 -9999 -9999 -9999 -9999 -9999 -9999 -9999 -9999 -9999 -9999 -9999 -9999 -9999 -9999 -9999 -9999 -9999 -9999 -9999 -9999 -9999 -9999 -9999 -9999 -9999 -9999 -9999 -9999 -9999 -9999 -9999 -9999 -9999
1.89426E-1 2.64054E-1 2.52546E-1 4.60034E-1 4.73408E-1 4.3165E-1 3.69794E-1 3.37055E-1 3.28534E-1 3.7398E-1 3.30001E-1 3.00775E-1 3.41199E-1 3.90055E-1 3.63496E-1 3.77733E-1 3.5126E-1 4.13757E-1 5.17562E-1 4.11302E-1 5.52078E-1 6.21337E-1 6.63808E-1 5.37273E-1 6.13561E-1 7.17703E-1 7.2585E-1 6.85526E-1 7.12402E-1 7.09598E-1 7.10172E-1 7.09106E-1 7.40103E-1 7.66461E-1 7.79104E-1 7.96063E-1 -9999 -9999 -9999 -9999 -9999 -9999 -9999 -9999 -9999 -9999 -9999 -9999 -9999 -9999 -9999 -9999 -9999 -9999 -9999 -9999 -9999 -9999 -9999 -9999 -9999 -9999 -9999 -9999 -9999 -9999 -9999 -9999 -9999 -9999 -9999 -9999
1.91608E-1 1.44473E-1 1.72246E-1 2.59155E-1 2.84633E-1 2.62318E-1 2.41606E-1 3.47468E-1 3.57693E-1 3.1593E-1 3.01977E-1 3.62505E-1 3.5643E-1 2.15921E-1 1.97644E-1 2.29574E-1 2.44798E-1 3.38643E-1 4.57799E-1 3.8206E-1 3.68935E-1 4.23108E-1 4.76769E-1 5.99762E-1 4.16531E-1 5.86293E-1 6.79722E-1 6.67299E-1 6.90657E-1 7.16829E-1 7.1934E-1 7.40424E-1 7.31255E-1 7.3589E-1 7.72954E-1 7.79228E-1 -9999 -9999 -9999 -9999 -9999 -9999 -9999 -9999 -9999 -9999 -9999 -9999 -9999 -9999 -9999 -9999 -9999 7.10168E-1 6.85893E-1 -9999 -9999 -9999 -9999 -9999 -9999 -9999 -9999 -9999 -9999 -9999 -9999 -9999 -9999 -9999 -9999 -9999
2.57576E-1 2.16652E-1 1.8876E-1 1.76878E-1 1.8795E-1 1.63745E-1 2.36967E-1 2.78316E-1 3.83755E-1 4.1651E-1 3.58865E-1 4.12577E-1 3.52069E-1 2.87396E-1 3.20605E-1 1.83989E-1 2.44418E-1 3.39911E-1 3.74764E-1 3.12874E-1 3.68191E-1 4.19444E-1 4.55842E-1 5.35526E-1 5.49046E-1 5.68431E-1 4.18644E-1 4.95648E-1 5.6462E-1 4.94292E-1 5.40573E-1 6.64218E-1 6.86335E-1 7.12974E-1 7.07322E-1 7.58937E-1 8.22186E-1 8.37366E-1 8.50686E-1 -9999 -9999 -9999 -9999 -9999 -9999 -9999 -9999 -9999 -9999 -9999 -9999 -9999 -9999 -9999 6.50931E-1 6.64795E-1 6.24335E-1 -9999 -9999 -9999 -9999 -9999 -9999 -9999 -9999 -9999 -9999 -9999 -9999 -9999 -9999 4.87354E-1
3.04852E-1 2.37531E-1 3.06208E-1 2.85832E-1 3.18275E-1 3.53782E-1 3.80922E-1 4.06319E-1 4.21737E-1 4.25782E-1 3.58023E-1 4.14927E-1 3.49207E-1 3.64807E-1 3.51344E-1 1.85141E-1 1.83497E-1 2.20398E-1 3.09875E-1 2.72834E-1 2.62498E-1 3.24344E-1 3.60728E-1 4.75672E-1 5.06852E-1 5.43938E-1 4.83712E-1 4.84123E-1 5.33417E-1 5.27544E-1 5.42126E-1 6.37936E-1 6.12342E-1 6.6876E-1 7.44643E-1 7.76859E-1 8.06043E-1 8.28562E-1 8.18934E-1 8.41954E-1 8.15449E-1 8.37569E-1 -9999 -9999 -9999 -9999 -9999 -9999 -9999 -9999 -9999 -9999 -9999 -9999 -9999 -9999 -9999 -9999 -9999 -9999 -9999 -9999 -9999 -9999 -9999 -9999 -9999 -9999 -9999 -9999 -9999 4.8804E-1
3.05276E-1 3.48753E-1 3.78908E-1 3.7944E-1 3.8396E-1 4.08064E-1 4.45597E-1 4.65331E-1 4.59466E-1 4.46471E-1 3.94465E-1 4.09469E-1 3.83016E-1 3.9776E-1 2.73691E-1 2.61558E-1 2.54407E-1 1.45464E-1 2.39173E-1 2.84504E-1 2.52116E-1 2.76779E-1 3.06071E-1 4.865E-1 3.41977E-1 3.50122E-1 3.50764E-1 4.00801E-1 4.89509E-1 4.73362E-1 6.16826E-1 6.50521E-1 6.83893E-1 7.17208E-1 7.34454E-1 7.78014E-1 7.77562E-1 7.58623E-1 7.51355E-1 7.20138E-1 7.9894E-1 8.28308E-1 8.51448E-1 8.77315E-1 8.18157E-1 7.86129E-1 -9999 -9999 -9999 -9999 -9999 -9999 -9999 -9999 -9999 -9999 -9999 -9999 -9999 -9999 6.69573E-1 6.39798E-1 -9999 -9999 -9999 -9999 -9999 -9999 -9999 -9999 -9999 -9999
3.06106E-1 3.6019E-1 3.34631E-1 3.67021E-1 4.0721E-1 4.13083E-1 4.56613E-1 4.90436E-1 5.05296E-1 4.96752E-1 4.75329E-1 4.61486E-1 4.1597E-1 4.12257E-1 3.76247E-1 3.83337E-1 3.28624E-1 2.46659E-1 2.2408E-1 2.1511E-1 2.84383E-1 2.87944E-1 3.24879E-1 4.44273E-1 2.79593E-1 2.04474E-1 1.97545E-1 2.96696E-1 3.72955E-1 4.43685E-1 3.96833E-1 4.74385E-1 4.52453E-1 4.54451E-1 5.45188E-1 4.93244E-1 3.63006E-1 3.90357E-1 4.7118E-1 3.89921E-1 4.77315E-1 5.65866E-1 7.23242E-1 7.13162E-1 7.47135E-1 7.0556E-1 7.74397E-1 7.92654E-1 6.90671E-1 7.35327E-1 7.34397E-1 7.32403E-1 7.308E-1 6.76873E-1 -9999 -9999 -9999 -9999 -9999 -9999 6.77548E-1 5.50116E-1 6.81107E-1 -9999 -9999 -9999 -9999 -9999 -9999 -9999 -9999 -9999
3.40023E-1 3.42392E-1 3.82407E-1 4.43241E-1 4.68898E-1 4.6573E-1 4.71322E-1 4.97935E-1 5.09699E-1 5.13525E-1 5.25465E-1 5.27398E-1 5.06603E-1 4.40484E-1 4.45465E-1 4.47718E-1 3.65347E-1 3.27319E-1 3.11303E-1 3.10413E-1 3.48965E-1 2.95748E-1 3.45537E-1 2.64709E-1 2.89693E-1 2.01393E-1 1.92321E-1 1.64816E-1 1.76459E-1 2.42782E-1 1.72028E-1 1.95084E-1 1.90784E-1 2.27692E-1 2.83491E-1 2.6842E-1 2.60832E-1 2.44258E-1 2.94543E-1 4.2265E-1 4.17306E-1 3.64331E-1 4.10591E-1 4.6058E-1 4.5584E-1 5.04005E-1 4.37001E-1 6.14192E-1 6.43078E-1 6.01405E-1 5.90144E-1 7.30304E-1 7.32092E-1 6.18374E-1 6.12084E-1 6.33474E-1 6.41309E-1 6.2359E-1 5.84939E-1 5.95819E-1 6.12981E-1 6.74227E-1 7.00069E-1 6.56015E-1 -9999 -9999 -9999 -9999 -9999 -9999 -9999 -9999
3.76629E-1 3.89441E-1 3.79302E-1 3.39423E-1 3.16346E-1 4.07504E-1 4.93169E-1 5.15147E-1 5.27232E-1 5.31264E-1 5.40143E-1 5.45098E-1 5.21769E-1 5.00876E-1 5.09706E-1 4.26021E-1 4.33073E-1 3.94584E-1 3.80811E-1 3.62365E-1 3.68039E-1 3.47725E-1 3.1333E-1 2.70135E-1 2.52055E-1 2.5894E-1 2.51023E-1 2.34546E-1 1.74144E-1 2.23378E-1 2.19869E-1 2.16406E-1 2.20133E-1 2.55042E-1 2.5271E-1 3.47312E-1 3.28637E-1 3.31949E-1 3.08665E-1 3.37305E-1 3.41097E-1 3.51215E-1 2.55605E-1 3.22684E-1 2.97229E-1 2.58205E-1 2.46885E-1 3.78083E-1 5.92567E-1 5.30543E-1 3.36856E-1 5.60393E-1 4.26653E-1 5.15375E-1 4.23014E-1 3.71062E-1 4.25102E-1 4.83932E-1 5.07848E-1 5.61594E-1 5.95119E-1 6.90483E-1 6.86899E-1 6.17936E-1 -9999 -9999 -9999 -9999 -9999 -9999 -9999 -9999
3.87034E-1 3.90576E-1 3.8558E-1 3.26393E-1 3.53661E-1 4.67931E-1 5.39351E-1 5.20716E-1 5.44645E-1 5.5001E-1 5.4996E-1 5.58282E-1 5.45606E-1 5.52248E-1 5.24656E-1 4.97201E-1 4.75837E-1 4.3129E-1 4.52653E-1 4.07076E-1 4.12565E-1 3.97422E-1 3.76597E-1 3.88691E-1 3.29228E-1 3.21234E-1 3.25096E-1 2.8858E-1 2.41269E-1 2.46842E-1 2.79918E-1 2.76212E-1 2.94833E-1 2.96508E-1 2.86553E-1 3.43651E-1 3.26496E-1 3.45579E-1 2.87201E-1 3.17318E-1 3.51739E-1 2.69126E-1 2.44137E-1 2.9347E-1 2.59788E-1 2.94943E-1 3.77386E-1 3.9756E-1 5.42632E-1 3.27169E-1 2.29802E-1 4.21529E-1 3.96573E-1 3.64106E-1 3.05693E-1 3.24191E-1 3.15324E-1 3.90718E-1 4.34111E-1 5.82436E-1 5.86817E-1 5.81726E-1 -9999 -9999 -9999 -9999 -9999 -9999 -9999 -9999 -9999 -9999
4.17017E-1 3.8399E-1 3.93033E-1 3.62234E-1 3.77829E-1 4.74409E-1 4.74512E-1 5.00884E-1 5.5692E-1 5.69797E-1 5.6648E-1 5.53908E-1 5.66231E-1 5.57519E-1 5.6371E-1 5.46562E-1 5.09589E-1 4.91527E-1 4.98694E-1 4.23262E-1 4.49011E-1 3.95741E-1 4.12342E-1 4.27756E-1 3.65381E-1 3.5831E-1 3.61921E-1 3.45739E-1 3.20106E-1 3.29472E-1 3.15561E-1 3.05695E-1 2.90318E-1 3.81259E-1 3.20695E-1 4.13098E-1 3.63654E-1 3.26601E-1 2.95851E-1 3.35077E-1 4.44346E-1 4.02841E-1 3.09188E-1 2.97314E-1 2.71945E-1 3.10283E-1 4.46776E-1 3.70015E-1 4.07188E-1 3.01567E-1 3.26319E-1 2.83678E-1 3.62538E-1 2.71673E-1 2.49862E-1 2.45416E-1 2.97774E-1 4.1875E-1 4.00544E-1 5.07291E-1 5.64628E-1 5.56105E-1 5.84351E-1 -9999 -9999 -9999 -9999 -9999 -9999 -9999 -9999 -9999
3.80022E-1 3.099E-1 3.11821E-1 3.12774E-1 3.64342E-1 4.21138E-1 3.8685E-1 4.75086E-1 5.57001E-1 5.66608E-1 5.87131E-1 5.69595E-1 5.68047E-1 5.74904E-1 5.85782E-1 5.60536E-1 5.30712E-1 5.41352E-1 5.27253E-1 4.49474E-1 4.4453E-1 4.50898E-1 4.38254E-1 4.43096E-1 3.94362E-1 3.89536E-1 3.90078E-1 4.04232E-1 3.95052E-1 4.16442E-1 3.7839E-1 4.19199E-1 3.34984E-1 4.19487E-1 3.70613E-1 3.54956E-1 3.84258E-1 3.83118E-1 3.50267E-1 4.03567E-1 3.42522E-1 4.23578E-1 3.00594E-1 2.77044E-1 2.70465E-1 2.60228E-1 2.89299E-1 3.75254E-1 3.99138E-1 2.57003E-1 3.02525E-1 2.55551E-1 3.55332E-1 2.48048E-1 2.63399E-1 2.8494E-1 3.39571E-1 3.40619E-1 3.31651E-1 4.15134E-1 4.41608E-1 4.85418E-1 5.20113E-1 5.69025E-1 6.22341E-1 -9999 -9999 -9999 -9999 -9999 -9999 -9999
2.76039E-1 2.97139E-1 2.84484E-1 2.88456E-1 3.16617E-1 3.30342E-1 3.58103E-1 4.60154E-1 5.70575E-1 5.67145E-1 5.22969E-1 5.26904E-1 5.51807E-1 5.94792E-1 5.82593E-1 5.76122E-1 5.49383E-1 5.65781E-1 5.37285E-1 4.74357E-1 4.71242E-1 4.69125E-1 4.80052E-1 4.18377E-1 4.02423E-1 3.9869E-1 4.09004E-1 4.64423E-1 4.21439E-1 3.22122E-1 3.83393E-1 4.03483E-1 3.8878E-1 4.66785E-1 4.32864E-1 3.98514E-1 4.16934E-1 3.45361E-1 3.59543E-1 3.9045E-1 2.95111E-1 4.15403E-1 3.06104E-1 2.79658E-1 2.90581E-1 2.88107E-1 2.98033E-1 3.70331E-1 2.94037E-1 3.17873E-1 3.4132E-1 2.84151E-1 3.19706E-1 2.67912E-1 2.82263E-1 3.61204E-1 3.76695E-1 3.07421E-1 3.0742E-1 3.59762E-1 3.80407E-1 3.79547E-1 4.78031E-1 4.93971E-1 4.93833E-1 5.5545E-1 5.80203E-1 -9999 -9999 -9999 -9999 -9999
3.44076E-1 3.44668E-1 3.66302E-1 2.7298E-1 2.60745E-1 3.07783E-1 3.3143E-1 4.69604E-1 5.41812E-1 5.13491E-1 4.85871E-1 5.29785E-1 5.68465E-1 5.82748E-1 5.8339E-1 5.84852E-1 5.94621E-1 5.73167E-1 5.21093E-1 4.36968E-1 4.7234E-1 4.84616E-1 4.54218E-1 4.26924E-1 4.25248E-1 4.17803E-1 4.50296E-1 4.56203E-1 4.12816E-1 3.76145E-1 3.80995E-1 3.66245E-1 3.77235E-1 4.08583E-1 3.95596E-1 3.81825E-1 3.44486E-1 3.60541E-1 3.84364E-1 3.79571E-1 3.48413E-1 4.02814E-1 3.1076E-1 3.43011E-1 3.30045E-1 3.07801E-1 3.22091E-1 3.74987E-1 3.57814E-1 3.52392E-1 3.51651E-1 3.01225E-1 3.04816E-1 2.77858E-1 2.79997E-1 3.08293E-1 3.69433E-1 3.70072E-1 4.12033E-1 4.32415E-1 4.00081E-1 3.52242E-1 4.12638E-1 4.55029E-1 3.46999E-1 4.52966E-1 5.04342E-1 5.22045E-1 -9999 -9999 -9999 -9999
1.58232E-1 2.86133E-1 3.65442E-1 3.25299E-1 3.28103E-1 3.69792E-1 4.05629E-1 4.07633E-1 5.33137E-1 5.64327E-1 5.61706E-1 5.72438E-1 5.78253E-1 5.88707E-1 5.94281E-1 5.97776E-1 5.94031E-1 5.75748E-1 5.22175E-1 5.22477E-1 5.24509E-1 4.77473E-1 4.55904E-1 4.21286E-1 4.88146E-1 4.85975E-1 4.56619E-1 4.54796E-1 4.22648E-1 4.02931E-1 4.08903E-1 4.15908E-1 4.14241E-1 4.05833E-1 4.05008E-1 4.27899E-1 3.55423E-1 4.6722E-1 4.28157E-1 4.66229E-1 3.99357E-1 4.08603E-1 3.35832E-1 3.75393E-1 3.3798E-1 3.2577E-1 3.58188E-1 3.87444E-1 3.89505E-1 4.27027E-1 3.91124E-1 3.41526E-1 3.45231E-1 3.2052E-1 3.55998E-1 3.23015E-1 3.70365E-1 3.51215E-1 3.69491E-1 4.05312E-1 4.05401E-1 4.07577E-1 3.69472E-1 4.65399E-1 4.3097E-1 4.21179E-1 3.62405E-1 4.37697E-1 4.94407E-1 5.48398E-1 -9999 -9999
1.60865E-1 1.97773E-1 2.77002E-1 3.92821E-1 3.8025E-1 3.96704E-1 4.09522E-1 4.91112E-1 5.29407E-1 5.61036E-1 5.76833E-1 5.87463E-1 5.93994E-1 6.02213E-1 6.08979E-1 6.04939E-1 5.88173E-1 5.88707E-1 5.70572E-1 5.63506E-1 5.59117E-1 5.39001E-1 5.3388E-1 4.61842E-1 4.75064E-1 5.28244E-1 5.36681E-1 4.81246E-1 4.31434E-1 4.19625E-1 4.47793E-1 4.37228E-1 4.3327E-1 4.53344E-1 4.81804E-1 4.53713E-1 4.23578E-1 5.1529E-1 4.68114E-1 4.82418E-1 4.08118E-1 4.71046E-1 4.18158E-1 4.09623E-1 3.98162E-1 3.63526E-1 3.7686E-1 3.99635E-1 4.15855E-1 4.52364E-1 4.06756E-1 3.74051E-1 3.89427E-1 3.68217E-1 3.75699E-1 3.81047E-1 3.84004E-1 4.07066E-1 3.94949E-1 4.0979E-1 4.13591E-1 4.2936E-1 4.06833E-1 4.26601E-1 4.15886E-1 4.44492E-1 4.36567E-1 4.58186E-1 4.0134E-1 4.95268E-1 5.35534E-1 -9999
2.65906E-1 1.86103E-1 2.39703E-1 3.42138E-1 4.25217E-1 4.61406E-1 5.21209E-1 5.30759E-1 5.41771E-1 5.47806E-1 5.57109E-1 5.70996E-1 6.07491E-1 5.90037E-1 5.99415E-1 5.96909E-1 5.82651E-1 6.11133E-1 5.95433E-1 5.90036E-1 5.83241E-1 5.84024E-1 5.85229E-1 5.66327E-1 5.29296E-1 5.43124E-1 5.57342E-1 5.37105E-1 4.80202E-1 4.58127E-1 4.68121E-1 4.49167E-1 4.70902E-1 5.14635E-1 5.15533E-1 5.16047E-1 4.94154E-1 4.95831E-1 4.98464E-1 5.20929E-1 4.61795E-1 5.02471E-1 4.35396E-1 4.83629E-1 4.121E-1 4.22513E-1 3.91097E-1 4.14798E-1 4.6117E-1 4.7843E-1 4.31388E-1 4.01399E-1 4.13123E-1 3.88669E-1 4.0175E-1 4.07587E-1 4.65573E-1 4.19088E-1 4.37746E-1 4.26892E-1 4.37845E-1 4.2621E-1 4.264E-1 4.23695E-1 4.67684E-1 4.67163E-1 4.74108E-1 4.14047E-1 4.2526E-1 4.47395E-1 4.62025E-1 5.14596E-1
4.05291E-1 3.06031E-1 2.55173E-1 2.91266E-1 4.29882E-1 5.26521E-1 5.39509E-1 5.39733E-1 5.46368E-1 5.64544E-1 5.69125E-1 5.77335E-1 5.96595E-1 6.01762E-1 6.04854E-1 5.9064E-1 5.93727E-1 6.11998E-1 6.17235E-1 5.97928E-1 6.07586E-1 6.12934E-1 6.13066E-1 5.87003E-1 5.83997E-1 5.93329E-1 5.84894E-1 5.55856E-1 5.22931E-1 5.18647E-1 5.28454E-1 5.2633E-1 5.06201E-1 5.3051E-1 5.32663E-1 5.54572E-1 5.59766E-1 5.35773E-1 5.34927E-1 5.39472E-1 4.972E-1 5.0405E-1 4.74827E-1 4.09093E-1 4.3811E-1 4.3515E-1 4.25904E-1 4.55153E-1 4.91599E-1 5.02906E-1 4.54375E-1 4.45879E-1 4.19354E-1 4.31842E-1 4.3191E-1 4.58282E-1 4.85082E-1 4.38728E-1 4.26525E-1 4.38657E-1 4.49036E-1 4.68336E-1 4.33294E-1 4.78501E-1 4.92654E-1 4.82097E-1 4.81232E-1 4.7822E-1 4.70839E-1 4.85644E-1 4.80418E-1 4.70786E-1
4.75393E-1 4.65335E-1 4.55852E-1 4.63993E-1 5.33357E-1 5.55029E-1 5.5659E-1 5.57357E-1 5.75101E-1 5.83853E-1 5.82735E-1 5.88124E-1 6.03642E-1 6.08773E-1 5.99012E-1 6.02171E-1 6.085E-1 6.25057E-1 6.04864E-1 6.23745E-1 6.10384E-1 6.02569E-1 5.98675E-1 6.03785E-1 6.11452E-1 6.14616E-1 5.97647E-1 5.74573E-1 5.43872E-1 5.3946E-1 5.67707E-1 5.4866E-1 5.4178E-1 5.47331E-1 5.68155E-1 5.68871E-1 5.70179E-1 5.4614E-1 5.79717E-1 5.4944E-1 5.55618E-1 5.18927E-1 4.75656E-1 4.89641E-1 4.69528E-1 4.99777E-1 5.12216E-1 5.20432E-1 5.32553E-1 4.89496E-1 4.47546E-1 4.48131E-1 4.44563E-1 4.42856E-1 4.70373E-1 4.73851E-1 4.72662E-1 4.52571E-1 4.61927E-1 4.71718E-1 4.69445E-1 4.68845E-1 4.6538E-1 4.92982E-1 4.93602E-1 5.04942E-1 4.88682E-1 4.91941E-1 4.99614E-1 5.13038E-1 5.10285E-1 4.86857E-1
4.50644E-1 4.70298E-1 5.08498E-1 5.14748E-1 5.14399E-1 5.26275E-1 5.67689E-1 5.95006E-1 5.97366E-1 5.68791E-1 5.78523E-1 5.83323E-1 5.90343E-1 6.02207E-1 6.27229E-1 6.26941E-1 6.0602E-1 6.13733E-1 5.7513E-1 6.22213E-1 5.90199E-1 5.90776E-1 5.96252E-1 6.24562E-1 6.0812E-1 6.12456E-1 5.93241E-1 5.83523E-1 5.64595E-1 5.59641E-1 5.9247E-1 5.75141E-1 5.87506E-1 5.89919E-1 5.88194E-1 5.96647E-1 5.84976E-1 5.81965E-1 5.86798E-1 5.89922E-1 6.01484E-1 5.71868E-1 5.56605E-1 5.32114E-1 5.18686E-1 5.6932E-1 5.82536E-1 5.23687E-1 5.21842E-1 4.92395E-1 4.88013E-1 5.1319E-1 4.78911E-1 4.43732E-1 4.89658E-1 4.84668E-1 4.69812E-1 4.85833E-1 4.8056E-1 4.77015E-1 4.85795E-1 5.05402E-1 5.00028E-1 4.87582E-1 5.49064E-1 5.05732E-1 5.38045E-1 5.49752E-1 5.3258E-1 5.27764E-1 5.31982E-1 5.06039E-1
4.96267E-1 5.24334E-1 5.28714E-1 5.64534E-1 5.42362E-1 5.93305E-1 6.18536E-1 6.14298E-1 6.1964E-1 6.06356E-1 5.99062E-1 6.21956E-1 6.25652E-1 6.36215E-1 6.27069E-1 6.46777E-1 6.63196E-1 6.27699E-1 6.26589E-1 6.00448E-1 6.00771E-1 6.0062E-1 5.82757E-1 6.14775E-1 6.23884E-1 6.09128E-1 6.13566E-1 5.80571E-1 5.76466E-1 5.81139E-1 5.88424E-1 5.94912E-1 5.84483E-1 5.93201E-1 6.21856E-1 6.1771E-1 6.14639E-1 6.08864E-1 6.37444E-1 6.43227E-1 6.24663E-1 5.9454E-1 5.9391E-1 5.82284E-1 5.78213E-1 5.49678E-1 5.2029E-1 5.14202E-1 5.62262E-1 5.51146E-1 5.32906E-1 5.21463E-1 4.84294E-1 4.892E-1 5.02387E-1 4.91503E-1 4.83275E-1 5.15037E-1 5.15959E-1 5.03957E-1 5.26831E-1 5.02771E-1 5.02427E-1 5.1123E-1 5.14406E-1 5.21194E-1 5.37288E-1 5.36651E-1 5.46047E-1 5.29333E-1 5.28324E-1 4.95776E-1
4.82449E-1 5.23893E-1 5.62416E-1 5.64418E-1 5.79212E-1 6.02211E-1 6.14069E-1 6.22294E-1 6.32232E-1 6.24626E-1 6.24981E-1 6.32027E-1 6.50973E-1 6.58069E-1 6.86336E-1 6.69886E-1 6.66924E-1 6.33484E-1 6.1757E-1 6.22849E-1 6.11229E-1 5.98836E-1 5.96358E-1 6.06229E-1 6.11437E-1 5.84734E-1 5.84315E-1 5.60577E-1 5.68492E-1 5.66445E-1 5.75061E-1 5.72626E-1 5.73164E-1 5.81353E-1 6.03703E-1 6.09294E-1 6.05713E-1 6.04388E-1 6.34952E-1 6.45425E-1 6.2458E-1 6.13959E-1 5.84451E-1 6.0682E-1 6.09618E-1 5.70482E-1 5.59526E-1 6.00425E-1 6.0119E-1 5.79789E-1 5.84377E-1 5.80195E-1 5.64784E-1 5.4829E-1 5.5026E-1 5.04537E-1 4.99552E-1 5.31778E-1 5.38999E-1 5.19259E-1 5.38089E-1 5.29975E-1 5.39122E-1 5.31381E-1 5.63135E-1 5.2228E-1 5.59879E-1 5.67931E-1 5.5E-1 5.40901E-1 5.71752E-1 5.33577E-1
4.92293E-1 5.23011E-1 5.5264E-1 5.5108E-1 5.72119E-1 6.015E-1 5.57635E-1 4.84131E-1 4.82179E-1 6.43687E-1 6.51485E-1 6.59556E-1 6.60697E-1 6.19605E-1 5.2011E-1 4.64862E-1 4.22646E-1 6.27472E-1 6.36214E-1 6.12436E-1 6.05726E-1 6.16016E-1 6.04888E-1 5.84777E-1 5.94838E-1 5.91711E-1 5.73434E-1 5.75269E-1 5.71423E-1 5.78798E-1 5.85801E-1 5.87171E-1 5.84208E-1 5.91212E-1 5.9334E-1 5.94985E-1 5.99109E-1 5.98843E-1 6.1708E-1 6.29647E-1 6.04418E-1 5.96749E-1 5.94957E-1 5.98336E-1 6.21621E-1 6.21693E-1 5.83284E-1 5.53961E-1 6.29849E-1 5.88302E-1 5.86206E-1 6.23796E-1 5.89857E-1 5.34685E-1 5.7413E-1 4.92263E-1 5.0543E-1 5.44228E-1 5.38729E-1 5.36032E-1 5.60141E-1 5.34667E-1 5.51402E-1 5.48642E-1 5.75562E-1 5.60211E-1 5.39123E-1 5.24492E-1 5.47965E-1 5.57936E-1 5.49848E-1 5.60875E-1
5.24023E-1 5.39413E-1 5.33653E-1 5.51495E-1 5.74148E-1 5.51202E-1 3.50171E-1 3.33154E-1 5.35772E-1 5.47045E-1 6.20853E-1 5.62741E-1 5.9063E-1 6.02941E-1 3.70964E-1 2.42247E-1 3.17513E-1 5.01357E-1 6.36795E-1 6.38321E-1 6.29268E-1 6.04743E-1 6.02058E-1 6.05182E-1 6.09665E-1 5.86371E-1 5.81815E-1 5.831E-1 5.8455E-1 5.95449E-1 5.75741E-1 6.02315E-1 5.75701E-1 5.79981E-1 6.05573E-1 6.05249E-1 6.11581E-1 6.03215E-1 6.09242E-1 6.44798E-1 6.2372E-1 6.13417E-1 6.15207E-1 6.15808E-1 6.16539E-1 6.11388E-1 6.07383E-1 6.02986E-1 6.50329E-1 6.47143E-1 6.47699E-1 6.10246E-1 6.07744E-1 5.61143E-1 6.00639E-1 5.39591E-1 5.39713E-1 5.49544E-1 5.5534E-1 5.55862E-1 5.54278E-1 5.83628E-1 6.15037E-1 5.33297E-1 5.21157E-1 5.47044E-1 5.5201E-1 5.49361E-1 5.36847E-1 5.26344E-1 5.52649E-1 5.63267E-1
5.52026E-1 5.60321E-1 5.65549E-1 5.70033E-1 5.65628E-1 5.88169E-1 5.26689E-1 2.90016E-1 3.63966E-1 3.39318E-1 3.80699E-1 3.55633E-1 2.82957E-1 3.55771E-1 2.85751E-1 5.43408E-1 5.90133E-1 5.48505E-1 6.18887E-1 6.2282E-1 6.20522E-1 6.15441E-1 6.18859E-1 6.24349E-1 6.02839E-1 5.9491E-1 5.99338E-1 5.99693E-1 5.98976E-1 5.85581E-1 5.83316E-1 5.8671E-1 5.89657E-1 5.93068E-1 5.94793E-1 5.95174E-1 5.96312E-1 6.00587E-1 6.29005E-1 6.43591E-1 6.63017E-1 6.50086E-1 6.18289E-1 6.05064E-1 6.05633E-1 6.33826E-1 6.35617E-1 6.54103E-1 6.72506E-1 6.73958E-1 6.525E-1 5.9122E-1 6.02632E-1 5.74024E-1 6.12516E-1 5.61214E-1 5.72891E-1 5.54231E-1 5.50651E-1 5.81786E-1 5.9586E-1 6.2567E-1 5.62458E-1 5.38729E-1 5.51326E-1 5.53656E-1 5.3456E-1 5.40639E-1 5.5037E-1 5.30386E-1 5.56296E-1 5.74882E-1
5.51572E-1 5.61933E-1 5.45139E-1 5.722E-1 5.82027E-1 6.16082E-1 5.86498E-1 2.85342E-1 2.81389E-1 1.53012E-1 1.23795E-1 1.95147E-1 1.96403E-1 2.46542E-1 4.68223E-1 5.26513E-1 5.98477E-1 5.9151E-1 5.98043E-1 6.11242E-1 6.14533E-1 6.17726E-1 6.20671E-1 6.09422E-1 6.08932E-1 6.07762E-1 6.1382E-1 6.22855E-1 5.95962E-1 6.05554E-1 5.79193E-1 5.97326E-1 6.07553E-1 6.04214E-1 6.08073E-1 6.08149E-1 6.17112E-1 6.18088E-1 6.50429E-1 6.62675E-1 6.32947E-1 5.49527E-1 6.24084E-1 6.39367E-1 6.41666E-1 6.44495E-1 6.4509E-1 6.36146E-1 6.31692E-1 6.267E-1 6.31881E-1 6.3443E-1 6.26582E-1 5.93056E-1 6.13058E-1 5.85273E-1 5.59929E-1 5.4833E-1 5.75711E-1 5.87029E-1 6.49746E-1 6.40851E-1 5.51291E-1 5.94276E-1 5.9072E-1 5.78956E-1 5.51E-1 5.51559E-1 5.84909E-1 5.69792E-1 5.61633E-1 5.70915E-1
5.53763E-1 5.33889E-1 5.48369E-1 5.5402E-1 5.89291E-1 4.43293E-1 5.15922E-1 4.24674E-1 1.87687E-1 1.02892E-1 8.69145E-2 2.2936E-1 2.40582E-1 4.33048E-1 5.73012E-1 5.55188E-1 6.18784E-1 6.12435E-1 6.09323E-1 5.88135E-1 6.01E-1 6.29321E-1 6.3189E-1 6.09607E-1 6.03409E-1 6.05698E-1 6.0724E-1 6.10697E-1 6.1425E-1 6.1888E-1 5.87858E-1 5.95732E-1 6.23202E-1 6.20656E-1 6.30008E-1 6.38686E-1 6.35272E-1 6.43812E-1 6.50744E-1 6.50081E-1 6.23662E-1 4.52731E-1 6.13751E-1 5.12029E-1 6.33175E-1 6.51701E-1 6.41726E-1 6.31981E-1 6.19669E-1 6.43174E-1 6.56158E-1 6.51158E-1 6.47816E-1 6.18912E-1 6.30495E-1 5.88149E-1 5.96913E-1 5.98703E-1 6.02085E-1 5.922E-1 6.13193E-1 6.03161E-1 5.6345E-1 5.48564E-1 5.71666E-1 5.5119E-1 5.5381E-1 5.60571E-1 5.89628E-1 5.86707E-1 6.05993E-1 5.86051E-1
5.15288E-1 5.22023E-1 5.35839E-1 4.10109E-1 2.62418E-1 3.3552E-1 4.4856E-1 3.79883E-1 3.22616E-1 1.66512E-1 1.70752E-1 2.29711E-1 3.82426E-1 4.54629E-1 5.9596E-1 5.95481E-1 6.19678E-1 6.39901E-1 6.27384E-1 5.96162E-1 5.80618E-1 6.21698E-1 5.9386E-1 6.19879E-1 6.23443E-1 6.28946E-1 6.37356E-1 6.01989E-1 6.31135E-1 6.13778E-1 6.11121E-1 6.10036E-1 6.22184E-1 6.29009E-1 6.35098E-1 6.34535E-1 6.40818E-1 6.38667E-1 6.41571E-1 5.84691E-1 6.3778E-1 6.22065E-1 4.89404E-1 5.66424E-1 6.3642E-1 6.02829E-1 5.4212E-1 6.04182E-1 6.21714E-1 6.28106E-1 6.94178E-1 7.08412E-1 6.43738E-1 6.40573E-1 6.40947E-1 6.22901E-1 6.10996E-1 6.13928E-1 6.13291E-1 6.01882E-1 6.29294E-1 6.12266E-1 6.2329E-1 5.88E-1 5.64472E-1 5.80593E-1 6.00497E-1 5.78493E-1 6.12271E-1 5.97875E-1 6.36699E-1 6.12081E-1
5.01279E-1 5.17877E-1 5.12122E-1 2.92643E-1 1.8763E-1 1.76593E-1 3.14755E-1 2.34543E-1 1.71135E-1 1.33511E-1 2.16526E-1 2.43379E-1 3.36107E-1 5.7644E-1 5.98018E-1 5.92748E-1 5.95358E-1 4.34184E-1 6.22929E-1 6.19083E-1 6.1033E-1 6.21628E-1 6.17533E-1 6.07127E-1 6.18234E-1 6.28124E-1 6.29003E-1 6.3019E-1 6.31196E-1 6.39684E-1 6.37349E-1 6.18521E-1 6.19272E-1 6.29575E-1 6.32026E-1 6.32226E-1 6.32028E-1 6.33334E-1 6.3537E-1 6.33608E-1 6.39662E-1 6.42124E-1 6.43571E-1 6.54071E-1 6.57734E-1 6.41001E-1 5.18217E-1 5.53409E-1 5.66194E-1 5.92976E-1 6.44962E-1 6.33808E-1 6.28215E-1 6.61805E-1 6.49063E-1 6.41518E-1 6.29625E-1 6.29382E-1 6.21389E-1 6.25372E-1 6.1689E-1 6.76419E-1 6.36776E-1 6.21058E-1 5.91348E-1 6.66679E-1 6.60554E-1 6.17884E-1 6.74301E-1 6.26465E-1 6.33159E-1 6.14797E-1
