Artocarpus altilis SDM files/MIS19/results (with bias file)/Artalt_3.asc
ncols         1201
nrows         481
xllcorner     119.99986351115
yllcorner     -15.00013828885
cellsize      0.041666667
NODATA_value  -9999
[rows 160 to 191 of 481, columns 0 to 71 of 1201]
2.41922E-1 3.03626E-1 3.25323E-1 2.30166E-1 2.72877E-1 3.09119E-1 3.21944E-1 3.57021E-1 3.88504E-1 3.06997E-1 2.16454E-1 2.12602E-1 2.94251E-1 4.17987E-1 4.80862E-1 5.32472E-1 5.15965E-1 5.12629E-1 5.22656E-1 4.75974E-1 3.76455E-1 3.05824E-1 2.62244E-1 2.30643E-1 1.87693E-1 1.6958E-1 2.61726E-1 4.12185E-1 3.50163E-1 4.03002E-1 7.15798E-1 4.75416E-1 3.05445E-1 2.04378E-1 3.38087E-1 2.80608E-1 2.15714E-1 2.91801E-1 3.88841E-1 4.56271E-1 3.18341E-1 4.7223E-1 5.5184E-1 4.83126E-1 5.93192E-1 8.05818E-1 8.94254E-1 9.18128E-1 9.25033E-1 9.43158E-1 9.43037E-1 -9999 -9999 -9999 -9999 -9999 -9999 -9999 -9999 -9999 -9999 -9999 -9999 -9999 -9999 -9999 -9999 -9999 -9999 -9999 -9999 -9999
2.6793E-1 3.07174E-1 3.47796E-1 2.1489E-1 2.83191E-1 3.04848E-1 3.25168E-1 3.5465E-1 3.72527E-1 2.23976E-1 2.01176E-1 2.2508E-1 3.24938E-1 4.01845E-1 4.79545E-1 5.05631E-1 5.1266E-1 5.02396E-1 4.69387E-1 3.75858E-1 3.26426E-1 3.15535E-1 2.25189E-1 1.73175E-1 1.5272E-1 2.05577E-1 3.58491E-1 4.41061E-1 3.63557E-1 4.22898E-1 4.83347E-1 6.27323E-1 3.82178E-1 2.41856E-1 3.67693E-1 3.63272E-1 2.49776E-1 3.33328E-1 3.41631E-1 4.58035E-1 3.94124E-1 4.52515E-1 7.65075E-1 5.56509E-1 8.51094E-1 8.59454E-1 8.92732E-1 9.05648E-1 -9999 -9999 -9999 -9999 -9999 -9999 -9999 -9999 -9999 -9999 -9999 -9999 -9999 -9999 -9999 -9999 -9999 -9999 -9999 -9999 -9999 -9999 -9999 -9999
2.53416E-1 3.13867E-1 3.5519E-1 2.15364E-1 2.90689E-1 3.44179E-1 3.06355E-1 3.24107E-1 3.46894E-1 2.35071E-1 2.09059E-1 2.98185E-1 3.539E-1 4.18994E-1 4.41228E-1 4.99517E-1 4.80153E-1 3.88318E-1 4.25551E-1 2.89741E-1 3.25576E-1 3.43282E-1 2.03418E-1 1.61868E-1 1.9422E-1 3.13057E-1 4.22256E-1 4.29233E-1 3.87158E-1 3.05648E-1 3.80364E-1 7.63661E-1 4.23087E-1 3.38429E-1 3.2807E-1 3.81767E-1 3.55078E-1 4.05368E-1 4.17499E-1 4.98767E-1 5.70251E-1 6.3913E-1 7.87879E-1 7.73609E-1 8.72169E-1 8.68281E-1 -9999 -9999 -9999 -9999 -9999 -9999 -9999 -9999 -9999 -9999 -9999 -9999 -9999 -9999 -9999 -9999 -9999 -9999 -9999 -9999 -9999 -9999 -9999 -9999 -9999 -9999
2.73332E-1 2.94359E-1 3.90235E-1 2.68339E-1 2.17916E-1 2.06249E-1 2.40561E-1 3.40828E-1 3.07577E-1 2.25962E-1 2.22228E-1 2.83701E-1 3.81246E-1 4.74863E-1 5.1294E-1 5.13937E-1 4.11405E-1 3.85488E-1 3.7255E-1 2.79754E-1 3.656E-1 3.46989E-1 2.07815E-1 2.10689E-1 3.17699E-1 4.07066E-1 4.26069E-1 3.86288E-1 3.65429E-1 2.54496E-1 3.2661E-1 7.21738E-1 4.31362E-1 3.52733E-1 3.44007E-1 3.93542E-1 4.6229E-1 5.36783E-1 6.1054E-1 6.39307E-1 7.79248E-1 8.00033E-1 8.13252E-1 8.2171E-1 -9999 -9999 -9999 -9999 -9999 -9999 -9999 -9999 -9999 -9999 -9999 -9999 -9999 -9999 -9999 -9999 -9999 -9999 -9999 -9999 -9999 -9999 -9999 -9999 -9999 -9999 -9999 -9999
3.32854E-1 2.72628E-1 3.76894E-1 2.94587E-1 2.21709E-1 2.33796E-1 2.67521E-1 3.60879E-1 3.19182E-1 2.5912E-1 2.19647E-1 3.31242E-1 4.42299E-1 4.86486E-1 5.17286E-1 4.40489E-1 3.92698E-1 3.36083E-1 3.23431E-1 3.31418E-1 3.80708E-1 3.10365E-1 2.4868E-1 3.03998E-1 3.97475E-1 4.33972E-1 4.31968E-1 3.49704E-1 3.58638E-1 3.39881E-1 3.24444E-1 7.0422E-1 7.28906E-1 6.14209E-1 6.22693E-1 4.77103E-1 6.96453E-1 6.68784E-1 7.07659E-1 6.22942E-1 7.41833E-1 7.61911E-1 7.94937E-1 -9999 -9999 -9999 -9999 -9999 -9999 -9999 -9999 -9999 -9999 -9999 -9999 -9999 -9999 -9999 -9999 -9999 -9999 -9999 -9999 -9999 -9999 -9999 -9999 -9999 -9999 -9999 -9999 -9999
2.44562E-1 2.42191E-1 3.04969E-1 3.27883E-1 2.77008E-1 3.50321E-1 4.13013E-1 4.08316E-1 3.40312E-1 2.06615E-1 2.67638E-1 3.91231E-1 4.59889E-1 4.72702E-1 4.88823E-1 4.91853E-1 4.03535E-1 2.87569E-1 3.47624E-1 3.98147E-1 3.82287E-1 4.01433E-1 3.47902E-1 3.90437E-1 4.38315E-1 4.36238E-1 4.56802E-1 3.83795E-1 3.70549E-1 4.31602E-1 4.14146E-1 6.25294E-1 7.20441E-1 7.4235E-1 7.04224E-1 6.47698E-1 7.29052E-1 7.13296E-1 7.17625E-1 7.13414E-1 7.40286E-1 7.54184E-1 7.84729E-1 -9999 -9999 -9999 -9999 -9999 -9999 -9999 -9999 -9999 -9999 -9999 -9999 -9999 -9999 -9999 -9999 -9999 -9999 -9999 -9999 -9999 -9999 -9999 -9999 -9999 -9999 -9999 -9999 -9999
1.94744E-1 2.06313E-1 2.42755E-1 3.73471E-1 3.69689E-1 3.75664E-1 4.40042E-1 4.00869E-1 2.75804E-1 2.24152E-1 2.86052E-1 4.1638E-1 4.57566E-1 4.61773E-1 4.72715E-1 5.09059E-1 3.96797E-1 2.93126E-1 3.89066E-1 4.67031E-1 4.05494E-1 4.36426E-1 4.30188E-1 4.4112E-1 4.38028E-1 4.53715E-1 4.8696E-1 4.48766E-1 3.97756E-1 5.02423E-1 3.79781E-1 3.97333E-1 7.51738E-1 7.00918E-1 7.35363E-1 7.26867E-1 7.3639E-1 7.06855E-1 7.19482E-1 6.49794E-1 6.87369E-1 7.51324E-1 -9999 -9999 -9999 -9999 -9999 -9999 -9999 -9999 -9999 -9999 -9999 -9999 -9999 -9999 -9999 -9999 -9999 -9999 -9999 -9999 -9999 -9999 -9999 -9999 -9999 -9999 -9999 -9999 -9999 -9999
2.33832E-1 2.60746E-1 2.32277E-1 3.26997E-1 3.76552E-1 4.0113E-1 4.31552E-1 4.0505E-1 2.76495E-1 2.62663E-1 3.19885E-1 3.74766E-1 4.1201E-1 4.14395E-1 4.51086E-1 4.77372E-1 4.13874E-1 3.06927E-1 4.01125E-1 4.43295E-1 4.59342E-1 4.1679E-1 4.74039E-1 4.65947E-1 4.48973E-1 4.99738E-1 5.14484E-1 4.77644E-1 3.36666E-1 6.06281E-1 5.1049E-1 5.34722E-1 7.49331E-1 4.628E-1 7.09777E-1 7.24732E-1 7.36584E-1 7.15502E-1 6.51907E-1 6.68978E-1 7.62417E-1 -9999 -9999 -9999 -9999 -9999 -9999 -9999 -9999 -9999 -9999 -9999 -9999 -9999 -9999 -9999 -9999 -9999 -9999 -9999 -9999 -9999 -9999 -9999 -9999 -9999 -9999 -9999 -9999 -9999 -9999 -9999
1.91275E-1 2.08344E-1 1.86523E-1 2.52823E-1 3.6423E-1 3.50536E-1 3.7192E-1 3.44601E-1 2.22626E-1 2.29051E-1 2.96223E-1 2.70152E-1 2.5775E-1 3.73106E-1 4.36477E-1 4.46734E-1 4.43245E-1 3.4456E-1 4.02205E-1 4.08257E-1 4.49545E-1 4.26339E-1 4.19334E-1 4.99774E-1 5.04249E-1 5.1812E-1 5.13947E-1 4.47066E-1 3.4126E-1 7.15697E-1 7.06007E-1 4.02875E-1 6.54113E-1 4.09034E-1 6.2038E-1 7.20782E-1 -9999 -9999 -9999 -9999 -9999 -9999 -9999 -9999 -9999 -9999 -9999 -9999 -9999 -9999 -9999 -9999 -9999 -9999 -9999 -9999 -9999 -9999 -9999 -9999 -9999 -9999 -9999 -9999 -9999 -9999 -9999 -9999 -9999 -9999 -9999 -9999
1.81284E-1 1.6716E-1 1.49209E-1 1.87908E-1 2.77972E-1 2.91063E-1 2.64365E-1 2.58277E-1 2.17462E-1 2.03856E-1 2.70609E-1 3.05878E-1 2.29704E-1 3.37643E-1 4.28505E-1 4.40538E-1 4.47607E-1 4.54039E-1 4.2258E-1 4.53867E-1 4.59164E-1 4.6308E-1 4.34006E-1 4.73808E-1 4.85012E-1 4.94854E-1 4.8887E-1 3.801E-1 3.35784E-1 6.98846E-1 7.50391E-1 5.6072E-1 6.01095E-1 6.19267E-1 6.72742E-1 6.6834E-1 7.34324E-1 -9999 -9999 -9999 -9999 -9999 -9999 -9999 -9999 -9999 -9999 -9999 -9999 -9999 -9999 -9999 -9999 -9999 -9999 -9999 -9999 -9999 -9999 -9999 -9999 -9999 -9999 -9999 -9999 -9999 -9999 -9999 -9999 -9999 -9999 -9999
2.00649E-1 1.64091E-1 1.46229E-1 2.0151E-1 2.46993E-1 2.68222E-1 2.6983E-1 2.36577E-1 1.9507E-1 1.89936E-1 2.51357E-1 3.09343E-1 2.38964E-1 3.18581E-1 3.37068E-1 4.16646E-1 4.45076E-1 4.75652E-1 4.20254E-1 4.06546E-1 4.42587E-1 4.62915E-1 4.80896E-1 4.44849E-1 4.66727E-1 4.16656E-1 4.31903E-1 3.03254E-1 3.59488E-1 7.11563E-1 6.76221E-1 6.0786E-1 6.73615E-1 7.37512E-1 6.99146E-1 7.07691E-1 7.08208E-1 -9999 -9999 -9999 -9999 -9999 -9999 -9999 -9999 -9999 -9999 -9999 -9999 -9999 -9999 -9999 -9999 -9999 -9999 -9999 -9999 -9999 -9999 -9999 -9999 -9999 -9999 -9999 -9999 -9999 -9999 -9999 -9999 -9999 -9999 -9999
1.99051E-1 1.58062E-1 1.92527E-1 2.49493E-1 2.60175E-1 2.27081E-1 3.17943E-1 2.98396E-1 2.42542E-1 1.82585E-1 2.05579E-1 2.59669E-1 2.07559E-1 3.397E-1 3.15269E-1 3.18537E-1 4.31203E-1 4.50067E-1 4.48201E-1 3.75375E-1 4.2314E-1 4.10641E-1 4.52958E-1 4.07811E-1 4.40811E-1 4.20403E-1 3.7985E-1 3.38785E-1 3.67879E-1 3.85787E-1 4.91163E-1 4.33374E-1 5.75429E-1 4.31364E-1 4.03966E-1 6.81193E-1 6.94455E-1 7.17552E-1 -9999 -9999 -9999 -9999 -9999 -9999 -9999 -9999 -9999 -9999 -9999 -9999 -9999 -9999 -9999 -9999 -9999 -9999 -9999 -9999 -9999 -9999 -9999 -9999 -9999 -9999 -9999 -9999 -9999 -9999 -9999 -9999 -9999 -9999
2.2349E-1 1.62319E-1 2.54426E-1 2.59167E-1 2.01277E-1 2.34147E-1 2.73805E-1 3.37631E-1 2.85444E-1 1.73216E-1 1.78848E-1 2.11901E-1 1.87383E-1 2.57307E-1 3.09676E-1 2.84048E-1 3.72464E-1 4.33784E-1 4.53613E-1 4.07922E-1 3.58726E-1 3.82967E-1 4.2948E-1 3.96084E-1 3.74367E-1 4.13647E-1 3.35479E-1 2.95173E-1 4.25132E-1 6.11487E-1 6.71308E-1 5.95868E-1 5.46154E-1 6.47152E-1 4.77009E-1 5.91363E-1 7.0148E-1 6.89748E-1 -9999 -9999 -9999 -9999 -9999 -9999 -9999 -9999 -9999 -9999 -9999 -9999 -9999 -9999 -9999 -9999 -9999 -9999 -9999 -9999 -9999 -9999 -9999 -9999 -9999 -9999 -9999 -9999 -9999 -9999 -9999 -9999 -9999 -9999
2.48854E-1 1.62354E-1 2.2861E-1 1.51571E-1 1.77591E-1 2.18E-1 2.64103E-1 2.89204E-1 3.34437E-1 2.26571E-1 1.74378E-1 2.2111E-1 2.62762E-1 2.59584E-1 2.74935E-1 3.01208E-1 2.21429E-1 3.21408E-1 4.24363E-1 4.04299E-1 3.32814E-1 3.68985E-1 3.74992E-1 3.86885E-1 3.62203E-1 3.67847E-1 3.01714E-1 3.21129E-1 3.78264E-1 5.95809E-1 6.52825E-1 6.51591E-1 6.39492E-1 4.31594E-1 5.19956E-1 4.80292E-1 6.05658E-1 6.92476E-1 6.99667E-1 7.00055E-1 6.94937E-1 6.96786E-1 7.18604E-1 -9999 -9999 -9999 -9999 -9999 -9999 -9999 -9999 -9999 -9999 -9999 -9999 -9999 -9999 -9999 -9999 -9999 -9999 -9999 -9999 -9999 -9999 -9999 -9999 -9999 -9999 -9999 -9999 -9999
2.93541E-1 1.60261E-1 1.57865E-1 1.61235E-1 1.38861E-1 1.70673E-1 1.99767E-1 2.63838E-1 2.63508E-1 1.84554E-1 2.22143E-1 1.95214E-1 2.72768E-1 3.14324E-1 3.18976E-1 3.24054E-1 2.25508E-1 1.63763E-1 2.68399E-1 3.24513E-1 3.01561E-1 3.02604E-1 2.39826E-1 2.36291E-1 2.44367E-1 2.74395E-1 2.57777E-1 3.09271E-1 3.85156E-1 4.07806E-1 5.93407E-1 6.43373E-1 6.49487E-1 4.61057E-1 4.12815E-1 4.03041E-1 3.8595E-1 5.93868E-1 7.03508E-1 7.04768E-1 7.06506E-1 6.99917E-1 7.11983E-1 -9999 -9999 -9999 -9999 -9999 -9999 -9999 -9999 -9999 -9999 -9999 -9999 -9999 -9999 -9999 -9999 -9999 -9999 -9999 -9999 -9999 -9999 -9999 -9999 -9999 -9999 -9999 -9999 -9999
2.58644E-1 1.50977E-1 1.71663E-1 1.73294E-1 1.46044E-1 1.73851E-1 1.99183E-1 1.84591E-1 1.8644E-1 1.75264E-1 3.00046E-1 1.96774E-1 2.07268E-1 2.8953E-1 2.90377E-1 2.66034E-1 2.72189E-1 2.12142E-1 2.38827E-1 2.42718E-1 2.12706E-1 2.22066E-1 2.08452E-1 1.83782E-1 2.2815E-1 1.8418E-1 1.89009E-1 2.88621E-1 4.06046E-1 3.31807E-1 5.89273E-1 6.34058E-1 6.33277E-1 5.03813E-1 3.93322E-1 3.60964E-1 3.57425E-1 5.14517E-1 6.77154E-1 6.75815E-1 6.94568E-1 6.98598E-1 7.02988E-1 7.14093E-1 -9999 -9999 -9999 -9999 -9999 -9999 -9999 -9999 -9999 -9999 -9999 -9999 -9999 -9999 -9999 -9999 -9999 -9999 -9999 -9999 -9999 -9999 -9999 -9999 -9999 -9999 -9999 -9999
2.27835E-1 1.32909E-1 1.57043E-1 1.94245E-1 1.92763E-1 1.72847E-1 1.70259E-1 2.48224E-1 2.25068E-1 1.76452E-1 3.04993E-1 2.91425E-1 2.12246E-1 2.62109E-1 2.74258E-1 2.32463E-1 1.74368E-1 2.73024E-1 2.52484E-1 1.99696E-1 1.89E-1 2.01477E-1 1.74327E-1 1.81618E-1 2.23894E-1 2.55425E-1 2.03721E-1 3.55422E-1 4.07985E-1 3.95725E-1 4.25408E-1 5.97867E-1 4.77323E-1 4.39218E-1 3.47439E-1 4.061E-1 3.40166E-1 3.93768E-1 5.82112E-1 6.19452E-1 5.33475E-1 5.82048E-1 4.47133E-1 6.70381E-1 7.18138E-1 -9999 -9999 -9999 -9999 -9999 -9999 -9999 -9999 -9999 -9999 -9999 -9999 -9999 -9999 -9999 -9999 -9999 -9999 -9999 -9999 -9999 -9999 -9999 -9999 -9999 -9999 -9999
2.59904E-1 1.41989E-1 1.28379E-1 1.63555E-1 1.58191E-1 1.6331E-1 2.25047E-1 2.55159E-1 2.48238E-1 2.42962E-1 3.60016E-1 2.63608E-1 1.49075E-1 1.8766E-1 1.81841E-1 1.42878E-1 1.43332E-1 1.90532E-1 3.37297E-1 3.14537E-1 2.71403E-1 2.39396E-1 2.26808E-1 2.45913E-1 2.5709E-1 2.85224E-1 2.4084E-1 3.36652E-1 2.93E-1 2.71751E-1 3.17883E-1 4.49463E-1 4.11311E-1 2.73986E-1 3.63475E-1 3.29473E-1 3.06154E-1 3.29083E-1 4.05424E-1 4.67739E-1 4.19663E-1 4.26655E-1 3.69355E-1 6.36063E-1 6.91303E-1 -9999 -9999 -9999 -9999 -9999 -9999 -9999 -9999 -9999 -9999 -9999 -9999 -9999 -9999 -9999 -9999 -9999 -9999 -9999 -9999 -9999 -9999 -9999 -9999 -9999 -9999 -9999
2.0437E-1 1.66547E-1 1.51466E-1 1.60809E-1 1.89644E-1 1.78856E-1 2.16884E-1 2.71552E-1 3.20624E-1 3.3861E-1 4.0108E-1 2.85233E-1 1.37603E-1 1.04301E-1 1.13723E-1 1.91244E-1 1.75125E-1 2.23306E-1 3.79575E-1 6.03188E-1 5.26955E-1 3.49928E-1 3.15485E-1 3.46835E-1 3.64959E-1 2.88502E-1 2.6691E-1 2.73408E-1 2.58697E-1 2.94036E-1 3.05969E-1 3.67765E-1 3.62525E-1 2.93926E-1 3.42757E-1 2.95363E-1 3.26876E-1 2.92288E-1 3.44389E-1 3.79826E-1 3.80447E-1 3.67424E-1 4.87531E-1 5.35616E-1 6.26801E-1 6.87236E-1 -9999 -9999 -9999 -9999 -9999 -9999 -9999 -9999 -9999 -9999 -9999 -9999 -9999 -9999 -9999 -9999 -9999 -9999 -9999 -9999 -9999 -9999 -9999 -9999 -9999 -9999
1.52876E-1 2.37535E-1 2.54381E-1 1.95568E-1 2.4619E-1 2.06324E-1 2.45709E-1 2.55404E-1 3.19167E-1 4.67999E-1 3.67824E-1 2.46453E-1 1.31705E-1 1.01114E-1 1.41856E-1 2.15742E-1 2.34743E-1 2.61343E-1 5.34052E-1 6.36276E-1 6.83633E-1 6.53275E-1 5.85669E-1 4.231E-1 5.69786E-1 3.73725E-1 3.86352E-1 3.71767E-1 3.30988E-1 3.83528E-1 3.65779E-1 3.41288E-1 3.32728E-1 2.71767E-1 3.01357E-1 2.63024E-1 3.06331E-1 3.00812E-1 2.97154E-1 3.0146E-1 3.47373E-1 3.66959E-1 3.77577E-1 3.847E-1 5.00739E-1 6.49254E-1 7.17071E-1 -9999 -9999 -9999 -9999 -9999 -9999 -9999 -9999 -9999 -9999 -9999 -9999 -9999 -9999 -9999 -9999 -9999 -9999 -9999 -9999 -9999 -9999 -9999 -9999 -9999
2.04034E-1 2.51682E-1 3.12732E-1 2.64481E-1 2.75226E-1 2.16921E-1 2.75438E-1 3.35018E-1 4.64686E-1 5.19051E-1 2.744E-1 2.59561E-1 2.21404E-1 1.41392E-1 1.55966E-1 1.95383E-1 2.87114E-1 3.50201E-1 5.7946E-1 6.51682E-1 6.81736E-1 6.90742E-1 6.80177E-1 3.52248E-1 5.43207E-1 6.11678E-1 4.80415E-1 4.1031E-1 3.59682E-1 3.49203E-1 3.62135E-1 3.74373E-1 3.65726E-1 3.66386E-1 2.96953E-1 2.70787E-1 2.89428E-1 2.67338E-1 2.50221E-1 3.04556E-1 3.29986E-1 3.67763E-1 3.76692E-1 3.41768E-1 3.56688E-1 5.24024E-1 6.40935E-1 -9999 -9999 -9999 -9999 -9999 -9999 -9999 -9999 -9999 -9999 -9999 -9999 -9999 -9999 -9999 -9999 -9999 -9999 -9999 -9999 -9999 -9999 -9999 -9999 -9999
2.76317E-1 2.87392E-1 2.81847E-1 3.27442E-1 2.53553E-1 2.96364E-1 3.94978E-1 5.05912E-1 5.5534E-1 5.26801E-1 3.79745E-1 3.18849E-1 2.40198E-1 1.70212E-1 2.47224E-1 2.42347E-1 3.336E-1 4.65741E-1 6.11107E-1 6.38002E-1 6.76386E-1 6.61512E-1 6.3885E-1 5.59262E-1 5.35658E-1 3.21378E-1 4.21816E-1 3.56079E-1 2.86631E-1 2.52042E-1 2.70039E-1 2.96249E-1 3.67539E-1 3.59691E-1 3.66778E-1 3.21184E-1 2.78129E-1 3.13853E-1 3.21303E-1 2.73027E-1 3.2258E-1 3.37177E-1 3.23941E-1 3.42354E-1 3.07841E-1 3.89788E-1 5.15852E-1 6.97762E-1 -9999 -9999 -9999 -9999 -9999 -9999 -9999 -9999 -9999 -9999 -9999 -9999 -9999 -9999 -9999 -9999 -9999 -9999 -9999 -9999 -9999 -9999 -9999 -9999
2.98159E-1 2.63278E-1 2.26897E-1 2.75583E-1 3.72436E-1 4.66323E-1 5.53367E-1 6.17239E-1 6.02454E-1 6.08386E-1 5.62791E-1 3.95843E-1 3.65436E-1 2.6644E-1 3.10853E-1 3.0721E-1 5.25931E-1 5.6637E-1 6.50223E-1 6.45702E-1 6.5643E-1 6.69407E-1 6.02106E-1 6.36328E-1 5.31636E-1 3.77847E-1 4.90089E-1 3.29957E-1 3.0162E-1 3.33233E-1 3.82497E-1 2.60826E-1 3.04972E-1 3.28483E-1 3.374E-1 3.17056E-1 3.61441E-1 3.67233E-1 3.67161E-1 3.42243E-1 3.07599E-1 2.71439E-1 2.44491E-1 2.89998E-1 2.87542E-1 3.62322E-1 3.59048E-1 6.14087E-1 -9999 -9999 -9999 -9999 -9999 -9999 -9999 -9999 -9999 -9999 -9999 -9999 -9999 -9999 -9999 -9999 -9999 -9999 -9999 -9999 -9999 -9999 -9999 -9999
2.47277E-1 3.2826E-1 3.20746E-1 3.40912E-1 4.74335E-1 5.77596E-1 6.19804E-1 6.32173E-1 6.24215E-1 6.24217E-1 6.16586E-1 5.9569E-1 6.16857E-1 6.02666E-1 5.78593E-1 5.57292E-1 6.17523E-1 6.4635E-1 6.59038E-1 6.65116E-1 6.55331E-1 6.47513E-1 6.38752E-1 6.73303E-1 6.84816E-1 6.91414E-1 6.22408E-1 3.85324E-1 2.66907E-1 3.1535E-1 3.99181E-1 3.13351E-1 3.06971E-1 3.43896E-1 3.43634E-1 3.68517E-1 3.72786E-1 3.76163E-1 3.70514E-1 3.71718E-1 3.65437E-1 3.13022E-1 2.58033E-1 2.69751E-1 3.20224E-1 3.31488E-1 3.31803E-1 4.17601E-1 7.39457E-1 -9999 -9999 -9999 -9999 -9999 -9999 -9999 -9999 -9999 -9999 -9999 -9999 -9999 -9999 -9999 -9999 -9999 -9999 -9999 -9999 -9999 -9999 -9999
2.73363E-1 3.43253E-1 3.13062E-1 3.17788E-1 4.17168E-1 6.24839E-1 6.37202E-1 6.3154E-1 6.24516E-1 6.19267E-1 6.13747E-1 6.13555E-1 6.12532E-1 6.44424E-1 6.17601E-1 6.20289E-1 6.37643E-1 6.47786E-1 6.5946E-1 6.56665E-1 6.53177E-1 6.56383E-1 6.56598E-1 6.65795E-1 6.73426E-1 6.71558E-1 6.84416E-1 4.19453E-1 3.5743E-1 3.84241E-1 3.50173E-1 3.35081E-1 3.55707E-1 3.50391E-1 3.56551E-1 3.41374E-1 3.51878E-1 3.34997E-1 3.05555E-1 3.34678E-1 3.46469E-1 3.65205E-1 3.09468E-1 3.05945E-1 3.58081E-1 3.15888E-1 2.85512E-1 3.38255E-1 6.46887E-1 -9999 -9999 -9999 -9999 -9999 -9999 -9999 -9999 -9999 -9999 -9999 -9999 -9999 -9999 -9999 -9999 -9999 -9999 -9999 -9999 -9999 -9999 -9999
2.09384E-1 2.43391E-1 2.86527E-1 3.10465E-1 5.74784E-1 6.57642E-1 6.475E-1 6.38458E-1 6.27946E-1 6.22788E-1 6.12976E-1 6.33812E-1 6.42419E-1 6.4427E-1 6.40842E-1 6.40624E-1 -9999 -9999 -9999 -9999 -9999 6.63091E-1 6.60214E-1 6.60093E-1 6.81421E-1 7.02994E-1 6.92248E-1 6.89409E-1 4.31468E-1 3.75571E-1 3.4133E-1 3.39465E-1 2.87555E-1 3.36209E-1 3.58073E-1 3.62642E-1 3.62321E-1 3.64776E-1 3.61269E-1 3.69013E-1 3.81402E-1 3.29232E-1 2.65689E-1 2.60145E-1 3.09034E-1 3.19236E-1 4.9249E-1 6.13574E-1 7.23211E-1 -9999 -9999 -9999 -9999 -9999 -9999 -9999 -9999 -9999 -9999 -9999 -9999 -9999 -9999 -9999 -9999 -9999 -9999 -9999 -9999 -9999 -9999 -9999
2.28998E-1 2.84403E-1 3.22077E-1 5.47438E-1 6.73594E-1 6.53913E-1 6.42926E-1 6.32395E-1 6.30464E-1 6.27222E-1 6.15533E-1 6.45158E-1 6.40596E-1 6.42408E-1 -9999 -9999 -9999 -9999 -9999 -9999 -9999 -9999 -9999 -9999 -9999 7.16404E-1 6.83122E-1 3.46841E-1 4.28554E-1 3.78905E-1 2.68844E-1 3.2198E-1 3.14883E-1 2.72027E-1 3.38093E-1 3.64333E-1 3.6554E-1 3.66825E-1 3.7831E-1 3.90315E-1 3.99553E-1 3.2004E-1 2.60644E-1 2.40594E-1 2.57205E-1 2.7197E-1 3.193E-1 4.19684E-1 5.44367E-1 5.73896E-1 6.30881E-1 -9999 -9999 -9999 -9999 -9999 -9999 -9999 -9999 -9999 -9999 -9999 -9999 -9999 -9999 -9999 -9999 -9999 -9999 -9999 -9999 -9999
3.37037E-1 3.34877E-1 3.73761E-1 6.64932E-1 6.79246E-1 6.60575E-1 6.74597E-1 6.4616E-1 6.55518E-1 6.42492E-1 6.39236E-1 6.36728E-1 6.30124E-1 -9999 -9999 -9999 -9999 -9999 -9999 -9999 -9999 -9999 -9999 -9999 6.64715E-1 4.93692E-1 3.47183E-1 3.39194E-1 4.05182E-1 3.862E-1 2.94758E-1 2.71375E-1 3.35223E-1 3.27136E-1 3.26115E-1 3.69402E-1 3.54893E-1 3.47518E-1 3.85731E-1 3.86682E-1 3.60363E-1 2.81659E-1 2.76444E-1 2.43654E-1 2.70931E-1 3.10343E-1 3.34773E-1 3.70745E-1 4.03819E-1 5.01369E-1 5.48794E-1 5.85626E-1 -9999 -9999 -9999 -9999 -9999 -9999 -9999 -9999 -9999 -9999 -9999 -9999 -9999 -9999 -9999 -9999 -9999 -9999 -9999 -9999
3.67256E-1 3.25532E-1 4.31403E-1 6.74134E-1 6.75114E-1 6.93716E-1 6.83214E-1 6.69229E-1 6.53119E-1 6.39313E-1 6.37894E-1 6.38945E-1 -9999 -9999 -9999 -9999 -9999 -9999 -9999 -9999 -9999 -9999 6.6537E-1 6.22851E-1 5.00565E-1 4.49198E-1 2.95909E-1 2.91677E-1 3.40739E-1 3.58257E-1 3.28997E-1 2.67436E-1 3.13612E-1 3.23409E-1 3.50717E-1 3.64911E-1 3.65747E-1 3.67743E-1 3.92837E-1 3.43145E-1 2.54327E-1 2.61991E-1 2.84334E-1 2.97045E-1 3.14708E-1 2.60314E-1 3.38417E-1 3.07564E-1 3.30369E-1 4.2409E-1 4.50194E-1 5.05502E-1 5.65483E-1 -9999 -9999 -9999 -9999 -9999 -9999 -9999 -9999 -9999 -9999 -9999 -9999 -9999 -9999 -9999 -9999 -9999 -9999 -9999
3.74932E-1 3.9933E-1 4.68927E-1 6.50139E-1 6.7764E-1 6.94871E-1 6.84616E-1 6.65089E-1 6.52923E-1 6.41429E-1 6.43857E-1 -9999 -9999 -9999 -9999 -9999 -9999 -9999 -9999 -9999 -9999 -9999 -9999 6.05957E-1 6.02047E-1 6.17633E-1 3.10686E-1 3.0114E-1 3.86123E-1 4.36891E-1 3.23325E-1 3.02231E-1 2.9328E-1 3.05301E-1 3.5348E-1 3.57349E-1 3.64136E-1 3.8E-1 3.6103E-1 3.21895E-1 2.7283E-1 2.94354E-1 2.92324E-1 3.41163E-1 3.0962E-1 3.01225E-1 3.0953E-1 3.1031E-1 3.10195E-1 3.50096E-1 3.5085E-1 4.4196E-1 5.6563E-1 -9999 -9999 -9999 -9999 -9999 -9999 -9999 -9999 -9999 -9999 -9999 -9999 -9999 -9999 -9999 -9999 -9999 -9999 -9999
2.94925E-1 3.06134E-1 3.51779E-1 6.44321E-1 6.87213E-1 6.92071E-1 6.74248E-1 6.61258E-1 6.6129E-1 -9999 -9999 -9999 -9999 -9999 -9999 -9999 -9999 -9999 -9999 -9999 -9999 -9999 -9999 -9999 -9999 6.61431E-1 3.62485E-1 2.85424E-1 3.28871E-1 3.44831E-1 3.286E-1 2.60365E-1 2.44317E-1 3.48966E-1 3.52701E-1 3.57591E-1 3.71917E-1 3.21319E-1 2.98549E-1 2.63216E-1 2.55222E-1 3.20195E-1 3.45313E-1 3.31152E-1 3.45084E-1 3.10529E-1 2.86136E-1 3.03689E-1 2.95371E-1 2.57817E-1 3.22996E-1 4.19637E-1 4.11456E-1 4.40259E-1 4.37309E-1 6.52965E-1 -9999 -9999 -9999 -9999 -9999 -9999 -9999 -9999 -9999 -9999 -9999 -9999 -9999 -9999 -9999 -9999
3.58097E-1 2.74611E-1 3.37578E-1 4.27594E-1 6.84865E-1 6.93815E-1 6.79533E-1 -9999 -9999 -9999 -9999 -9999 -9999 -9999 -9999 -9999 -9999 -9999 -9999 -9999 -9999 -9999 -9999 -9999 -9999 6.5884E-1 4.53976E-1 2.70595E-1 3.05921E-1 3.47619E-1 3.35595E-1 3.15248E-1 3.06707E-1 3.42104E-1 3.48592E-1 3.58575E-1 3.32674E-1 3.14E-1 3.23366E-1 3.24364E-1 3.07657E-1 3.17007E-1 3.31083E-1 3.11306E-1 3.29979E-1 2.9844E-1 2.98647E-1 3.25478E-1 2.66185E-1 2.89528E-1 2.89854E-1 3.3481E-1 3.5182E-1 3.61747E-1 3.87056E-1 6.14165E-1 -9999 -9999 -9999 -9999 -9999 -9999 -9999 -9999 -9999 -9999 -9999 -9999 -9999 -9999 -9999 -9999
