Artocarpus altilis SDM files/MIS19/results (with bias file)/Artalt_min.asc
ncols         1201
nrows         481
xllcorner     119.99986351115
yllcorner     -15.00013828885
cellsize      0.041666667
NODATA_value  -9999
[rows 160 to 191 of 481, columns 432 to 503 of 1201]
3.45498E-1 3.46736E-1 3.46643E-1 3.43775E-1 3.49401E-1 3.09017E-1 3.17734E-1 -9999 -9999 -9999 -9999 -9999 -9999 -9999 -9999 -9999 -9999 -9999 -9999 2.67429E-1 -9999 -9999 -9999 -9999 -9999 -9999 -9999 -9999 -9999 -9999 -9999 -9999 -9999 -9999 -9999 -9999 -9999 -9999 -9999 -9999 -9999 -9999 -9999 -9999 -9999 -9999 -9999 -9999 -9999 -9999 -9999 -9999 -9999 -9999 -9999 -9999 -9999 -9999 -9999 -9999 -9999 -9999 -9999 -9999 -9999 -9999 -9999 -9999 -9999 -9999 -9999 -9999
3.39195E-1 3.39065E-1 3.41507E-1 3.42077E-1 3.41229E-1 3.40797E-1 3.44578E-1 3.1442E-1 3.29357E-1 -9999 -9999 -9999 -9999 -9999 -9999 -9999 -9999 -9999 2.76724E-1 3.1144E-1 -9999 -9999 -9999 -9999 -9999 -9999 -9999 -9999 -9999 -9999 -9999 -9999 -9999 -9999 -9999 -9999 -9999 -9999 -9999 -9999 -9999 -9999 -9999 -9999 -9999 -9999 -9999 -9999 -9999 -9999 -9999 -9999 -9999 -9999 -9999 -9999 -9999 -9999 -9999 -9999 -9999 -9999 -9999 -9999 -9999 -9999 -9999 -9999 -9999 -9999 -9999 -9999
3.76174E-1 3.77123E-1 3.84581E-1 3.85527E-1 3.78958E-1 3.88396E-1 3.72745E-1 3.47223E-1 3.61852E-1 3.64011E-1 3.74859E-1 3.2633E-1 -9999 -9999 -9999 -9999 -9999 -9999 -9999 -9999 -9999 -9999 -9999 -9999 -9999 -9999 -9999 -9999 -9999 -9999 -9999 -9999 -9999 -9999 -9999 -9999 -9999 -9999 -9999 -9999 -9999 -9999 -9999 -9999 -9999 -9999 -9999 -9999 -9999 -9999 -9999 -9999 -9999 -9999 -9999 -9999 -9999 -9999 -9999 -9999 -9999 -9999 -9999 -9999 -9999 -9999 -9999 -9999 -9999 -9999 -9999 -9999
4.06452E-1 3.69119E-1 3.79129E-1 4.15911E-1 3.93223E-1 4.05279E-1 4.15122E-1 3.95849E-1 3.98085E-1 3.94597E-1 4.01374E-1 4.00119E-1 3.61215E-1 3.64652E-1 3.7133E-1 3.76852E-1 -9999 -9999 -9999 -9999 -9999 -9999 -9999 -9999 -9999 -9999 -9999 -9999 -9999 -9999 -9999 -9999 -9999 -9999 -9999 -9999 -9999 -9999 -9999 -9999 -9999 -9999 -9999 -9999 -9999 -9999 -9999 -9999 -9999 -9999 -9999 -9999 -9999 -9999 -9999 -9999 -9999 -9999 -9999 -9999 -9999 -9999 -9999 -9999 -9999 -9999 -9999 -9999 -9999 -9999 -9999 -9999
4.30521E-1 4.38937E-1 4.22641E-1 4.31058E-1 4.48581E-1 4.72809E-1 4.75827E-1 4.88152E-1 4.82841E-1 4.88228E-1 4.52611E-1 4.53606E-1 4.13748E-1 4.08696E-1 4.0033E-1 3.94988E-1 3.67816E-1 3.28675E-1 -9999 -9999 -9999 -9999 -9999 -9999 -9999 -9999 -9999 -9999 -9999 -9999 -9999 -9999 -9999 -9999 -9999 -9999 -9999 -9999 -9999 -9999 -9999 -9999 -9999 -9999 -9999 -9999 -9999 -9999 -9999 -9999 -9999 -9999 -9999 -9999 -9999 -9999 -9999 -9999 -9999 -9999 -9999 -9999 -9999 -9999 -9999 -9999 -9999 -9999 -9999 -9999 -9999 -9999
3.86035E-1 4.0448E-1 4.39662E-1 4.67492E-1 4.68927E-1 4.72911E-1 4.38746E-1 4.5252E-1 4.55163E-1 4.19018E-1 3.86705E-1 4.63788E-1 4.38696E-1 4.45618E-1 4.35472E-1 4.06388E-1 3.98078E-1 3.68161E-1 3.34903E-1 -9999 -9999 -9999 -9999 -9999 -9999 -9999 -9999 -9999 -9999 -9999 -9999 -9999 -9999 -9999 -9999 -9999 -9999 -9999 -9999 -9999 -9999 -9999 -9999 -9999 -9999 -9999 -9999 -9999 -9999 -9999 -9999 -9999 -9999 -9999 -9999 -9999 -9999 -9999 -9999 -9999 -9999 -9999 -9999 -9999 -9999 -9999 -9999 -9999 -9999 -9999 -9999 -9999
4.18777E-1 4.57041E-1 4.45785E-1 4.6566E-1 4.40975E-1 4.20557E-1 3.63891E-1 4.09702E-1 3.31559E-1 2.95859E-1 4.19288E-1 3.37481E-1 3.97943E-1 4.6588E-1 4.69433E-1 4.50392E-1 4.1607E-1 4.11089E-1 4.04215E-1 3.92263E-1 -9999 -9999 -9999 -9999 -9999 -9999 -9999 -9999 -9999 -9999 -9999 -9999 -9999 -9999 -9999 -9999 -9999 -9999 -9999 -9999 -9999 -9999 -9999 -9999 -9999 -9999 -9999 -9999 -9999 -9999 -9999 -9999 -9999 -9999 -9999 -9999 -9999 -9999 -9999 -9999 -9999 -9999 -9999 -9999 -9999 -9999 -9999 -9999 -9999 -9999 -9999 -9999
4.36482E-1 4.63105E-1 4.32721E-1 4.30424E-1 4.30544E-1 4.2525E-1 3.61771E-1 2.66274E-1 2.32758E-1 3.07941E-1 3.89791E-1 3.10066E-1 4.15816E-1 4.32886E-1 4.49221E-1 4.4195E-1 4.45683E-1 4.647E-1 4.33691E-1 4.44194E-1 4.26094E-1 4.20214E-1 3.68533E-1 3.52134E-1 3.46021E-1 -9999 -9999 -9999 -9999 -9999 -9999 -9999 -9999 -9999 -9999 -9999 -9999 -9999 -9999 -9999 -9999 -9999 -9999 -9999 -9999 -9999 -9999 -9999 -9999 -9999 -9999 -9999 -9999 -9999 -9999 -9999 -9999 -9999 -9999 -9999 -9999 -9999 -9999 -9999 -9999 -9999 -9999 -9999 -9999 -9999 -9999 -9999
3.34693E-1 3.74844E-1 3.51422E-1 3.85916E-1 3.71517E-1 3.89936E-1 4.08435E-1 3.20997E-1 2.20437E-1 2.44672E-1 2.75349E-1 3.77774E-1 3.88087E-1 3.96008E-1 3.5411E-1 4.09051E-1 4.55744E-1 4.98355E-1 5.21655E-1 5.27404E-1 4.43896E-1 4.86616E-1 4.52611E-1 4.12995E-1 4.22007E-1 3.652E-1 -9999 3.57772E-1 -9999 -9999 -9999 -9999 -9999 -9999 -9999 -9999 -9999 -9999 -9999 -9999 -9999 -9999 -9999 -9999 -9999 -9999 -9999 -9999 -9999 -9999 -9999 -9999 -9999 -9999 -9999 -9999 -9999 -9999 -9999 -9999 -9999 -9999 -9999 -9999 -9999 -9999 -9999 -9999 -9999 -9999 -9999 -9999
3.74779E-1 3.15904E-1 2.76207E-1 2.49124E-1 3.68729E-1 3.56105E-1 4.211E-1 3.69951E-1 3.32868E-1 1.8676E-1 2.6573E-1 3.01818E-1 4.12428E-1 4.16348E-1 3.43708E-1 3.48184E-1 4.20394E-1 4.91471E-1 5.47501E-1 3.28541E-1 2.42733E-1 4.61049E-1 4.91957E-1 4.89408E-1 4.56956E-1 4.26951E-1 4.35445E-1 3.60356E-1 -9999 3.75194E-1 3.75318E-1 -9999 -9999 -9999 -9999 -9999 -9999 -9999 -9999 -9999 -9999 -9999 -9999 -9999 -9999 -9999 -9999 -9999 -9999 -9999 -9999 -9999 -9999 -9999 -9999 -9999 -9999 -9999 -9999 -9999 -9999 -9999 -9999 -9999 -9999 -9999 -9999 -9999 -9999 -9999 -9999 -9999
3.85786E-1 3.774E-1 3.51037E-1 2.59024E-1 2.29917E-1 3.4378E-1 3.90044E-1 4.03523E-1 3.89751E-1 2.4449E-1 2.21786E-1 2.63757E-1 3.61837E-1 3.79824E-1 3.885E-1 3.58817E-1 3.71497E-1 4.66686E-1 5.11733E-1 2.06001E-1 3.96421E-1 4.93845E-1 5.14481E-1 4.88054E-1 4.99258E-1 5.09271E-1 4.69191E-1 4.71314E-1 4.3719E-1 3.78398E-1 -9999 -9999 -9999 -9999 -9999 -9999 -9999 -9999 -9999 -9999 -9999 -9999 -9999 -9999 -9999 -9999 -9999 -9999 -9999 -9999 -9999 -9999 -9999 -9999 -9999 -9999 -9999 -9999 -9999 -9999 -9999 -9999 -9999 -9999 -9999 -9999 -9999 -9999 -9999 -9999 -9999 -9999
3.33607E-1 3.51015E-1 3.45232E-1 3.16755E-1 1.76917E-1 1.75123E-1 3.11742E-1 4.07133E-1 3.94981E-1 2.99104E-1 1.8061E-1 1.72332E-1 2.63761E-1 1.95263E-1 3.07034E-1 3.91227E-1 3.32471E-1 4.29616E-1 4.43009E-1 3.0077E-1 4.17874E-1 5.02596E-1 5.04367E-1 4.61459E-1 5.05858E-1 5.27107E-1 5.21014E-1 5.10157E-1 4.80753E-1 4.40208E-1 3.91023E-1 3.93127E-1 -9999 -9999 3.42836E-1 3.43675E-1 3.44044E-1 -9999 -9999 -9999 -9999 -9999 -9999 -9999 -9999 -9999 -9999 -9999 -9999 -9999 -9999 -9999 -9999 -9999 -9999 -9999 -9999 -9999 -9999 -9999 -9999 -9999 -9999 -9999 -9999 -9999 -9999 -9999 -9999 -9999 -9999 -9999
3.42008E-1 2.86782E-1 2.71538E-1 3.431E-1 2.53222E-1 2.05995E-1 1.787E-1 3.33289E-1 3.88901E-1 3.3806E-1 2.65781E-1 2.17179E-1 2.50429E-1 2.02258E-1 2.2977E-1 2.96477E-1 2.77055E-1 3.80442E-1 3.88897E-1 4.10349E-1 4.7277E-1 4.88696E-1 4.88586E-1 4.83549E-1 5.19198E-1 5.30908E-1 5.35487E-1 5.23481E-1 5.17096E-1 5.18549E-1 5.00093E-1 4.53213E-1 4.66072E-1 4.06073E-1 -9999 -9999 4.09803E-1 -9999 -9999 -9999 -9999 -9999 -9999 -9999 -9999 -9999 -9999 -9999 -9999 -9999 -9999 -9999 -9999 -9999 -9999 -9999 -9999 -9999 -9999 -9999 -9999 -9999 -9999 -9999 -9999 -9999 -9999 -9999 -9999 -9999 -9999 -9999
3.3354E-1 3.00122E-1 3.18836E-1 2.439E-1 2.58776E-1 1.76193E-1 2.08636E-1 1.68512E-1 3.14774E-1 3.85655E-1 3.71117E-1 3.25482E-1 2.76204E-1 3.18468E-1 2.26732E-1 2.04993E-1 2.931E-1 3.61973E-1 3.12471E-1 3.8336E-1 4.34925E-1 5.18472E-1 5.1566E-1 5.04042E-1 5.35939E-1 5.53442E-1 5.60845E-1 5.27122E-1 4.90543E-1 5.29954E-1 5.41032E-1 5.06061E-1 5.28709E-1 5.29126E-1 4.7785E-1 4.05925E-1 4.27805E-1 -9999 -9999 -9999 -9999 -9999 -9999 -9999 -9999 -9999 -9999 -9999 -9999 -9999 -9999 -9999 -9999 -9999 -9999 -9999 -9999 -9999 -9999 -9999 -9999 -9999 -9999 -9999 -9999 -9999 -9999 -9999 -9999 -9999 -9999 -9999
2.08754E-1 2.80553E-1 3.40013E-1 3.10699E-1 2.28312E-1 2.58305E-1 2.34418E-1 2.80583E-1 2.95778E-1 3.69743E-1 3.77627E-1 3.79495E-1 3.65768E-1 2.86949E-1 3.13843E-1 2.02679E-1 2.06594E-1 2.86206E-1 2.78867E-1 2.66258E-1 4.24157E-1 4.99558E-1 4.89538E-1 4.14496E-1 3.50785E-1 3.62603E-1 3.05389E-1 2.72728E-1 2.38447E-1 4.85319E-1 5.03831E-1 5.44445E-1 6.02005E-1 6.18373E-1 6.04294E-1 5.35187E-1 4.79526E-1 4.28762E-1 -9999 -9999 -9999 -9999 -9999 -9999 -9999 -9999 -9999 -9999 -9999 -9999 -9999 -9999 -9999 -9999 -9999 -9999 -9999 -9999 -9999 -9999 -9999 -9999 -9999 -9999 -9999 -9999 -9999 -9999 -9999 -9999 -9999 -9999
3.0916E-1 2.9325E-1 2.57186E-1 1.9713E-1 1.78098E-1 2.0798E-1 2.65549E-1 2.4181E-1 3.13498E-1 3.24329E-1 3.79632E-1 3.88781E-1 3.83617E-1 3.59026E-1 3.16521E-1 2.35615E-1 2.98855E-1 3.16816E-1 3.41908E-1 3.57196E-1 4.21124E-1 3.73514E-1 2.6301E-1 2.16186E-1 1.9019E-1 2.21823E-1 2.74767E-1 3.10272E-1 3.51405E-1 4.2906E-1 3.94339E-1 5.15623E-1 5.53358E-1 5.90793E-1 5.00906E-1 4.47821E-1 5.53829E-1 4.83728E-1 4.24302E-1 4.39869E-1 -9999 -9999 -9999 -9999 -9999 -9999 -9999 -9999 -9999 -9999 -9999 -9999 -9999 -9999 -9999 -9999 -9999 -9999 -9999 -9999 -9999 -9999 -9999 -9999 -9999 -9999 -9999 -9999 -9999 -9999 -9999 -9999
3.85611E-1 3.48127E-1 2.42394E-1 2.22336E-1 1.75865E-1 1.99974E-1 2.14669E-1 1.6504E-1 2.93744E-1 2.58001E-1 2.92517E-1 3.70973E-1 3.55366E-1 3.8217E-1 2.96652E-1 2.04639E-1 2.88811E-1 3.89148E-1 4.09557E-1 4.30036E-1 4.4657E-1 4.31806E-1 4.25356E-1 4.08036E-1 3.87099E-1 4.13335E-1 4.42829E-1 4.76374E-1 4.80747E-1 4.89408E-1 4.48179E-1 4.94784E-1 5.56243E-1 5.50922E-1 5.35481E-1 5.15316E-1 4.45861E-1 5.507E-1 4.92931E-1 4.98184E-1 4.37072E-1 4.44546E-1 -9999 -9999 -9999 -9999 -9999 -9999 -9999 5.93215E-1 5.54329E-1 5.26601E-1 -9999 -9999 -9999 -9999 -9999 -9999 -9999 -9999 -9999 -9999 -9999 -9999 -9999 -9999 -9999 -9999 -9999 -9999 -9999 -9999
3.71187E-1 2.90851E-1 2.56043E-1 2.82831E-1 1.80865E-1 1.69561E-1 1.72337E-1 1.82791E-1 1.73495E-1 2.04623E-1 2.54723E-1 2.76297E-1 3.24905E-1 3.39283E-1 2.79854E-1 2.15522E-1 2.9215E-1 3.89697E-1 3.94193E-1 4.1482E-1 3.92996E-1 3.90276E-1 4.03331E-1 3.99589E-1 4.50263E-1 4.56254E-1 4.75197E-1 5.02703E-1 4.53656E-1 4.85426E-1 5.06904E-1 5.25389E-1 5.04039E-1 5.7998E-1 5.81118E-1 4.96935E-1 4.90974E-1 5.21736E-1 5.68787E-1 5.77758E-1 5.77161E-1 5.20089E-1 5.39634E-1 4.72393E-1 4.8323E-1 4.96485E-1 5.08562E-1 6.20762E-1 6.5542E-1 7.03863E-1 6.39015E-1 6.449E-1 5.58296E-1 -9999 -9999 -9999 -9999 -9999 -9999 -9999 -9999 -9999 -9999 -9999 -9999 -9999 -9999 -9999 -9999 -9999 -9999 -9999
2.54387E-1 1.81501E-1 1.76064E-1 2.14478E-1 3.05205E-1 2.08565E-1 1.69738E-1 1.86198E-1 1.59114E-1 1.92809E-1 1.57716E-1 2.0806E-1 2.14924E-1 2.46606E-1 2.16649E-1 2.17246E-1 3.07981E-1 3.71871E-1 3.6759E-1 3.48783E-1 2.084E-1 2.86402E-1 3.14456E-1 3.25715E-1 4.28809E-1 4.63546E-1 4.68019E-1 4.62102E-1 4.64925E-1 3.75751E-1 4.40274E-1 4.98998E-1 4.16669E-1 4.85315E-1 5.29489E-1 5.20772E-1 5.10477E-1 5.28653E-1 6.02999E-1 6.57746E-1 6.14593E-1 5.89647E-1 5.76786E-1 5.9028E-1 5.41153E-1 5.54556E-1 5.63909E-1 5.95063E-1 7.16127E-1 7.35207E-1 3.82313E-1 3.79451E-1 4.52829E-1 7.37254E-1 7.31273E-1 -9999 8.35255E-1 8.34568E-1 6.72165E-1 -9999 -9999 -9999 -9999 -9999 -9999 -9999 -9999 -9999 -9999 -9999 -9999 -9999
1.63415E-1 1.70292E-1 1.61762E-1 1.6734E-1 2.22591E-1 1.96739E-1 1.78781E-1 1.65779E-1 1.15351E-1 1.24669E-1 1.56636E-1 1.55889E-1 1.50639E-1 1.1512E-1 8.65082E-2 1.38835E-1 1.74155E-1 2.05728E-1 2.68151E-1 2.89617E-1 2.7283E-1 2.8731E-1 2.58108E-1 3.52912E-1 2.74948E-1 4.14087E-1 4.47625E-1 4.19652E-1 3.94897E-1 4.0011E-1 3.96582E-1 4.17967E-1 4.36475E-1 4.70217E-1 5.42877E-1 5.48024E-1 5.23655E-1 4.85961E-1 5.25224E-1 6.24715E-1 5.24999E-1 5.21584E-1 5.94561E-1 6.28339E-1 6.07127E-1 6.24145E-1 6.19212E-1 6.37854E-1 6.73168E-1 7.39698E-1 4.36868E-1 4.79609E-1 4.12285E-1 4.42139E-1 5.70199E-1 6.6275E-1 8.44764E-1 5.77606E-1 4.32669E-1 7.06956E-1 7.58569E-1 8.56398E-1 8.42372E-1 7.18127E-1 -9999 -9999 -9999 -9999 -9999 -9999 -9999 -9999
1.64583E-1 1.67624E-1 1.71009E-1 1.81864E-1 1.99814E-1 1.96682E-1 1.50817E-1 1.23982E-1 1.10707E-1 1.08507E-1 1.05395E-1 1.16666E-1 9.71308E-2 8.13146E-2 1.0497E-1 1.31029E-1 1.00266E-1 1.53058E-1 1.73008E-1 1.38116E-1 1.82426E-1 1.77036E-1 2.3377E-1 2.58543E-1 2.86365E-1 3.69573E-1 3.55429E-1 3.11853E-1 4.08749E-1 3.299E-1 2.63019E-1 3.5941E-1 3.89552E-1 4.75986E-1 5.38988E-1 4.93694E-1 4.10499E-1 4.51538E-1 4.56816E-1 5.75556E-1 5.72017E-1 5.33243E-1 6.07242E-1 5.50046E-1 6.28647E-1 6.57771E-1 6.50486E-1 6.74942E-1 6.90643E-1 7.10084E-1 6.03138E-1 6.26469E-1 4.89175E-1 4.40237E-1 3.87614E-1 4.59446E-1 6.77145E-1 5.35586E-1 3.88913E-1 3.7601E-1 3.91753E-1 3.86995E-1 4.18954E-1 5.24459E-1 6.24397E-1 7.48636E-1 -9999 -9999 -9999 -9999 -9999 -9999
1.50448E-1 1.2986E-1 1.26304E-1 1.46587E-1 1.36284E-1 1.686E-1 2.54901E-1 1.84409E-1 1.51326E-1 1.42721E-1 1.36077E-1 1.16218E-1 1.02844E-1 6.37816E-2 6.42424E-2 8.39535E-2 5.77902E-2 7.67038E-2 7.12301E-2 8.96727E-2 1.25979E-1 1.43079E-1 1.28572E-1 1.71202E-1 2.71535E-1 2.54538E-1 2.23741E-1 2.32394E-1 3.74793E-1 2.87382E-1 2.50748E-1 2.99086E-1 3.32211E-1 3.86112E-1 4.08985E-1 3.77332E-1 3.36239E-1 4.76975E-1 5.55517E-1 5.38358E-1 4.02845E-1 5.40278E-1 5.90544E-1 5.33336E-1 6.06004E-1 6.35361E-1 6.43324E-1 6.68255E-1 6.70933E-1 6.65552E-1 7.03309E-1 7.28231E-1 6.73492E-1 4.87736E-1 3.45751E-1 3.81868E-1 4.39306E-1 6.0729E-1 6.13414E-1 4.04621E-1 2.14264E-1 2.82912E-1 2.0401E-1 2.91416E-1 3.704E-1 5.882E-1 5.39537E-1 -9999 -9999 -9999 -9999 -9999
1.4172E-1 1.62006E-1 1.39229E-1 1.16044E-1 1.40883E-1 1.52857E-1 1.94847E-1 2.44209E-1 1.67892E-1 1.88454E-1 1.7237E-1 1.64557E-1 1.45439E-1 9.44294E-2 9.23173E-2 5.28067E-2 3.93022E-2 6.22557E-2 5.75199E-2 7.30613E-2 6.64338E-2 7.64252E-2 9.69311E-2 1.13037E-1 1.03179E-1 8.90641E-2 1.06841E-1 1.89114E-1 3.24089E-1 2.96271E-1 3.39768E-1 3.74084E-1 4.12895E-1 3.59067E-1 3.95053E-1 4.15592E-1 3.48368E-1 4.65759E-1 5.65741E-1 4.46949E-1 3.34366E-1 4.51804E-1 5.63248E-1 4.98973E-1 6.0601E-1 4.99771E-1 3.73228E-1 5.75639E-1 6.84492E-1 6.81316E-1 7.03123E-1 7.26212E-1 7.2052E-1 6.67244E-1 4.31312E-1 3.70625E-1 3.35516E-1 4.2299E-1 5.51668E-1 5.93761E-1 5.9363E-1 4.39535E-1 3.68231E-1 3.46805E-1 4.57702E-1 5.6688E-1 -9999 -9999 -9999 -9999 -9999 -9999
1.35263E-1 1.35143E-1 1.62429E-1 1.52056E-1 1.63347E-1 1.44196E-1 1.57999E-1 2.09588E-1 2.5088E-1 2.05249E-1 2.59259E-1 2.02555E-1 1.66325E-1 1.43804E-1 1.53157E-1 8.27493E-2 5.5447E-2 9.24378E-2 8.16719E-2 8.61357E-2 1.19892E-1 9.76311E-2 4.73248E-2 5.18811E-2 5.78675E-2 6.09557E-2 9.70104E-2 1.78741E-1 2.58861E-1 2.42489E-1 2.14366E-1 2.88452E-1 2.47775E-1 3.38387E-1 4.19045E-1 4.81843E-1 4.21415E-1 4.80166E-1 4.85514E-1 5.1271E-1 3.68932E-1 3.41088E-1 4.60206E-1 5.34414E-1 3.99423E-1 4.42848E-1 3.6119E-1 3.287E-1 5.03761E-1 6.16339E-1 6.45037E-1 6.39325E-1 6.16314E-1 7.07554E-1 6.5932E-1 5.07927E-1 3.87525E-1 4.96341E-1 6.59945E-1 6.77509E-1 7.50428E-1 7.68185E-1 7.29602E-1 6.14541E-1 6.17453E-1 6.49312E-1 8.10907E-1 7.14903E-1 7.69124E-1 7.84615E-1 8.34099E-1 7.76836E-1
1.72779E-1 1.59424E-1 2.22892E-1 2.85143E-1 2.62005E-1 1.82473E-1 1.48212E-1 1.45516E-1 2.12837E-1 2.82565E-1 2.68304E-1 2.46699E-1 2.22352E-1 1.78926E-1 1.3362E-1 7.99224E-2 1.09786E-1 1.06874E-1 9.06787E-2 1.32776E-1 1.18962E-1 1.26406E-1 8.91474E-2 8.95254E-2 9.1747E-2 1.2314E-1 1.44164E-1 1.43141E-1 1.40442E-1 1.353E-1 2.03809E-1 2.36455E-1 1.75053E-1 2.42333E-1 2.43202E-1 3.76728E-1 4.12383E-1 4.63698E-1 4.80175E-1 4.49817E-1 3.98787E-1 3.24492E-1 4.6802E-1 4.01646E-1 4.0484E-1 3.41251E-1 2.55771E-1 2.70752E-1 3.77461E-1 3.5224E-1 3.71801E-1 3.17294E-1 3.46269E-1 5.2105E-1 6.18215E-1 7.25075E-1 7.01924E-1 6.27299E-1 6.42216E-1 6.37639E-1 7.49607E-1 7.22291E-1 7.32273E-1 4.79396E-1 5.01245E-1 6.31209E-1 7.44446E-1 7.7958E-1 7.17336E-1 7.89336E-1 8.0184E-1 5.07752E-1
1.90703E-1 1.97063E-1 2.22007E-1 2.08119E-1 1.73035E-1 1.86997E-1 1.7757E-1 2.07042E-1 1.59269E-1 2.20874E-1 2.94034E-1 2.77346E-1 2.53734E-1 2.13245E-1 2.05113E-1 1.75687E-1 1.69285E-1 1.32641E-1 1.24572E-1 1.52103E-1 1.2424E-1 1.21435E-1 9.13023E-2 1.25518E-1 1.64722E-1 1.40834E-1 1.77164E-1 1.77795E-1 2.08137E-1 2.15193E-1 2.35893E-1 2.13004E-1 2.08765E-1 2.2308E-1 2.62307E-1 3.58896E-1 4.21819E-1 3.93128E-1 3.3176E-1 3.86657E-1 4.03486E-1 3.17934E-1 3.52617E-1 3.45255E-1 3.73504E-1 3.53592E-1 2.94403E-1 2.67503E-1 3.05367E-1 3.38741E-1 3.75481E-1 3.5362E-1 3.06557E-1 3.55238E-1 3.70417E-1 5.447E-1 6.22266E-1 4.84863E-1 4.72373E-1 4.27753E-1 5.13365E-1 5.73307E-1 6.7748E-1 5.50692E-1 5.46511E-1 5.05534E-1 6.30618E-1 7.96887E-1 8.03353E-1 8.02694E-1 8.11812E-1 7.7553E-1
1.74219E-1 1.98513E-1 2.09988E-1 2.38094E-1 2.39064E-1 2.67562E-1 2.51572E-1 2.47433E-1 2.62553E-1 2.63661E-1 1.84609E-1 2.70304E-1 2.8312E-1 2.73929E-1 2.78196E-1 2.75454E-1 2.38682E-1 1.72406E-1 1.72104E-1 1.70973E-1 1.64664E-1 1.04988E-1 1.15478E-1 1.59066E-1 1.72127E-1 1.75547E-1 2.11394E-1 2.17605E-1 2.82378E-1 2.8616E-1 3.08154E-1 2.93045E-1 2.77557E-1 2.5866E-1 2.40065E-1 2.54031E-1 3.32892E-1 3.66597E-1 2.82144E-1 2.45103E-1 2.71972E-1 3.37054E-1 2.64593E-1 3.02314E-1 3.09102E-1 2.86782E-1 3.06182E-1 2.5014E-1 2.75613E-1 3.15746E-1 3.38603E-1 3.52836E-1 3.74857E-1 3.08763E-1 3.29928E-1 3.64056E-1 5.41796E-1 5.28632E-1 4.30313E-1 4.53619E-1 4.62095E-1 4.97204E-1 5.80974E-1 6.3533E-1 6.14905E-1 5.73387E-1 5.82967E-1 7.36255E-1 7.82289E-1 7.39987E-1 6.1863E-1 5.90987E-1
2.40495E-1 2.84172E-1 2.7398E-1 2.96527E-1 3.09878E-1 3.11011E-1 3.15647E-1 3.12464E-1 3.14253E-1 3.48915E-1 2.80059E-1 2.11841E-1 1.73277E-1 1.93681E-1 1.99922E-1 2.50021E-1 2.45373E-1 2.17842E-1 2.57021E-1 2.01873E-1 1.85287E-1 1.70885E-1 1.81054E-1 1.90507E-1 2.05265E-1 2.36697E-1 2.85964E-1 3.1281E-1 3.56285E-1 3.31683E-1 3.07251E-1 3.19166E-1 3.4286E-1 3.39617E-1 3.39383E-1 3.81984E-1 4.05253E-1 4.1428E-1 2.64649E-1 2.72364E-1 3.2869E-1 3.16665E-1 2.73798E-1 2.92977E-1 3.01634E-1 3.02381E-1 3.05197E-1 2.72231E-1 2.83288E-1 2.93463E-1 3.10748E-1 3.07299E-1 3.43748E-1 3.74428E-1 3.60884E-1 3.70149E-1 4.16325E-1 4.23192E-1 4.91666E-1 5.72299E-1 5.83323E-1 5.65592E-1 5.91648E-1 6.32124E-1 6.91805E-1 6.83386E-1 7.36946E-1 7.34839E-1 7.1101E-1 4.76167E-1 3.4674E-1 4.44796E-1
2.45744E-1 2.92875E-1 3.08814E-1 3.05832E-1 3.28073E-1 3.26666E-1 3.30952E-1 3.3001E-1 3.5235E-1 3.63996E-1 3.62081E-1 3.25982E-1 3.02791E-1 2.60439E-1 2.01845E-1 2.09473E-1 2.1088E-1 2.33003E-1 2.85758E-1 2.78978E-1 2.62601E-1 2.88069E-1 2.59425E-1 2.7151E-1 2.96291E-1 3.30563E-1 3.11946E-1 3.16033E-1 3.14883E-1 2.96348E-1 2.78995E-1 3.13402E-1 3.11929E-1 2.86233E-1 2.84674E-1 3.51392E-1 3.79853E-1 4.34508E-1 3.67961E-1 3.45737E-1 3.1506E-1 3.23055E-1 2.68703E-1 2.78666E-1 3.09342E-1 3.1751E-1 3.40945E-1 2.94693E-1 3.01662E-1 2.94563E-1 3.39848E-1 3.76465E-1 3.65891E-1 3.3519E-1 3.58084E-1 3.40352E-1 2.99227E-1 3.26638E-1 3.99783E-1 4.42637E-1 4.60464E-1 5.28257E-1 6.0111E-1 6.81057E-1 6.97668E-1 6.76196E-1 7.27754E-1 7.46268E-1 7.23627E-1 4.88023E-1 4.25793E-1 4.05988E-1
3.15647E-1 3.17374E-1 3.19046E-1 3.17634E-1 3.19955E-1 3.43346E-1 3.44543E-1 3.42046E-1 3.55693E-1 3.76987E-1 3.73233E-1 3.53168E-1 3.45627E-1 3.49501E-1 3.23355E-1 2.63662E-1 1.94455E-1 2.20399E-1 2.79841E-1 2.99074E-1 2.96945E-1 3.14227E-1 3.09103E-1 2.85154E-1 3.21774E-1 3.39669E-1 3.41947E-1 3.47445E-1 3.24806E-1 3.37229E-1 3.36726E-1 3.11889E-1 3.61857E-1 2.95994E-1 3.10497E-1 3.42467E-1 3.57597E-1 3.90159E-1 3.57308E-1 3.3272E-1 2.7579E-1 2.47419E-1 2.65586E-1 2.86288E-1 3.19017E-1 3.44557E-1 3.25476E-1 2.97024E-1 2.63432E-1 3.21824E-1 3.18283E-1 3.51962E-1 3.66138E-1 3.36956E-1 2.75205E-1 3.52225E-1 3.80782E-1 3.0925E-1 2.78888E-1 3.99923E-1 4.65272E-1 4.71996E-1 5.38938E-1 6.48639E-1 6.80387E-1 6.82863E-1 7.11559E-1 7.14393E-1 6.92446E-1 5.74284E-1 3.99944E-1 3.3911E-1
3.31321E-1 3.12082E-1 3.15104E-1 3.37909E-1 3.34787E-1 3.39449E-1 3.49475E-1 3.63369E-1 3.70652E-1 3.70064E-1 3.71569E-1 3.66407E-1 3.56098E-1 3.54759E-1 3.43322E-1 3.49804E-1 3.38803E-1 2.47604E-1 2.11071E-1 2.97091E-1 3.17353E-1 3.26565E-1 2.96226E-1 2.9967E-1 3.22971E-1 3.62813E-1 3.87075E-1 3.65681E-1 3.65116E-1 3.80111E-1 3.50603E-1 3.40753E-1 3.51315E-1 2.97933E-1 3.47329E-1 3.62824E-1 3.48985E-1 3.77912E-1 3.22618E-1 2.91855E-1 2.32313E-1 1.94476E-1 2.73399E-1 2.72482E-1 2.77284E-1 3.31239E-1 3.13205E-1 2.82703E-1 2.94111E-1 2.91285E-1 2.53654E-1 2.9098E-1 3.6847E-1 3.89669E-1 3.71685E-1 3.39981E-1 3.67019E-1 3.82037E-1 3.34281E-1 3.88196E-1 3.46288E-1 3.99226E-1 5.88352E-1 5.74589E-1 5.89325E-1 6.48939E-1 6.9621E-1 6.77895E-1 6.77228E-1 6.63544E-1 6.60825E-1 6.11884E-1
3.33442E-1 3.36744E-1 3.32207E-1 3.371E-1 3.57435E-1 3.66755E-1 3.70892E-1 3.65069E-1 3.6735E-1 3.68157E-1 3.69258E-1 3.70781E-1 3.70378E-1 3.73114E-1 3.74312E-1 3.604E-1 3.52436E-1 3.5454E-1 3.26789E-1 2.66816E-1 3.29352E-1 3.15954E-1 3.13884E-1 3.17405E-1 3.05627E-1 2.9638E-1 3.30758E-1 3.29939E-1 3.53863E-1 3.54192E-1 3.44656E-1 3.60149E-1 3.57321E-1 3.81213E-1 3.98737E-1 3.69153E-1 2.83143E-1 3.30411E-1 3.61277E-1 2.79327E-1 1.78785E-1 1.9356E-1 2.17497E-1 1.91919E-1 2.67084E-1 3.22479E-1 3.45463E-1 3.12041E-1 2.957E-1 2.82361E-1 3.01683E-1 2.96695E-1 3.55712E-1 3.28489E-1 3.43458E-1 3.24411E-1 3.25405E-1 2.73659E-1 2.64764E-1 3.13112E-1 3.73057E-1 4.0352E-1 5.10958E-1 4.40764E-1 4.98645E-1 5.50043E-1 6.47591E-1 6.69892E-1 6.67071E-1 6.49523E-1 6.44326E-1 6.29479E-1
