Artocarpus altilis SDM files/MIS19/results (with bias file)/Artalt_3.asc
ncols         1201
nrows         481
xllcorner     119.99986351115
yllcorner     -15.00013828885
cellsize      0.041666667
NODATA_value  -9999
[rows 192 to 223 of 481, columns 504 to 575 of 1201]
6.95741E-1 6.49471E-1 6.60383E-1 6.30699E-1 5.97841E-1 6.27047E-1 6.66322E-1 6.58625E-1 7.00687E-1 7.24207E-1 6.64876E-1 6.82183E-1 6.36098E-1 5.87205E-1 4.85208E-1 3.82928E-1 3.61133E-1 3.87573E-1 4.04633E-1 4.62262E-1 4.61489E-1 5.48874E-1 7.1338E-1 7.57375E-1 7.43082E-1 7.22659E-1 -9999 -9999 -9999 -9999 -9999 -9999 -9999 -9999 -9999 -9999 -9999 -9999 -9999 -9999 -9999 -9999 -9999 -9999 -9999 -9999 -9999 -9999 -9999 -9999 -9999 -9999 -9999 -9999 -9999 -9999 -9999 -9999 -9999 -9999 -9999 -9999 -9999 -9999 -9999 -9999 -9999 -9999 -9999 -9999 -9999 -9999
7.09279E-1 6.56675E-1 6.37296E-1 6.06133E-1 5.46014E-1 5.76418E-1 6.39004E-1 6.88922E-1 7.04168E-1 6.85314E-1 6.53583E-1 6.68075E-1 6.12726E-1 6.16388E-1 5.74354E-1 5.69142E-1 4.94467E-1 5.18963E-1 5.61199E-1 5.78483E-1 6.08817E-1 5.95066E-1 5.86558E-1 7.02401E-1 7.17936E-1 7.35843E-1 7.2424E-1 -9999 -9999 -9999 -9999 -9999 -9999 -9999 -9999 -9999 -9999 -9999 -9999 -9999 -9999 -9999 -9999 -9999 -9999 -9999 -9999 -9999 -9999 -9999 -9999 -9999 -9999 -9999 -9999 -9999 -9999 -9999 -9999 -9999 -9999 -9999 -9999 -9999 -9999 -9999 -9999 -9999 -9999 -9999 -9999 -9999
5.69939E-1 6.08003E-1 6.35652E-1 6.15414E-1 6.0674E-1 6.02928E-1 6.49664E-1 6.83183E-1 6.90594E-1 6.93359E-1 6.73401E-1 6.66043E-1 5.91027E-1 6.40909E-1 6.70045E-1 6.38387E-1 5.55271E-1 5.687E-1 6.06648E-1 6.01426E-1 6.50929E-1 6.65756E-1 6.73921E-1 7.08997E-1 7.00195E-1 7.28902E-1 7.59384E-1 7.59776E-1 -9999 -9999 -9999 -9999 -9999 -9999 -9999 -9999 -9999 -9999 -9999 -9999 -9999 -9999 -9999 -9999 -9999 -9999 -9999 -9999 -9999 -9999 -9999 -9999 -9999 -9999 -9999 -9999 -9999 -9999 -9999 -9999 -9999 -9999 -9999 -9999 -9999 -9999 -9999 -9999 -9999 -9999 -9999 -9999
4.68254E-1 4.88126E-1 4.87159E-1 4.91907E-1 4.54552E-1 4.91473E-1 6.42225E-1 6.45374E-1 6.44599E-1 6.18809E-1 6.28464E-1 6.02199E-1 6.05748E-1 5.78904E-1 6.15002E-1 5.81355E-1 5.96886E-1 6.3547E-1 6.44383E-1 6.07633E-1 6.20769E-1 6.69752E-1 7.17642E-1 7.15039E-1 7.36989E-1 7.41519E-1 7.59844E-1 7.58586E-1 7.47326E-1 7.74632E-1 7.83191E-1 7.43134E-1 7.46164E-1 7.5701E-1 -9999 7.13107E-1 -9999 -9999 -9999 -9999 -9999 -9999 -9999 -9999 -9999 -9999 -9999 -9999 -9999 -9999 -9999 -9999 -9999 -9999 -9999 -9999 -9999 -9999 -9999 -9999 -9999 -9999 -9999 -9999 -9999 -9999 -9999 -9999 -9999 -9999 -9999 -9999
3.15471E-1 3.69002E-1 3.41056E-1 4.75031E-1 5.06008E-1 4.83012E-1 4.17901E-1 3.97473E-1 3.90519E-1 4.36014E-1 4.08753E-1 3.81171E-1 4.29391E-1 4.83119E-1 4.56847E-1 4.55015E-1 4.12451E-1 4.31096E-1 5.51058E-1 4.35312E-1 5.80222E-1 6.40709E-1 6.95074E-1 5.85487E-1 6.4554E-1 7.42729E-1 7.57601E-1 7.24006E-1 7.39483E-1 7.38485E-1 7.36689E-1 7.32743E-1 7.52181E-1 7.48852E-1 7.61522E-1 7.76985E-1 -9999 -9999 -9999 -9999 -9999 -9999 -9999 -9999 -9999 -9999 -9999 -9999 -9999 -9999 -9999 -9999 -9999 -9999 -9999 -9999 -9999 -9999 -9999 -9999 -9999 -9999 -9999 -9999 -9999 -9999 -9999 -9999 -9999 -9999 -9999 -9999
2.86729E-1 2.44464E-1 2.64878E-1 3.42353E-1 3.83479E-1 3.62507E-1 3.06786E-1 3.61897E-1 3.62874E-1 3.39729E-1 3.30055E-1 3.80657E-1 4.08888E-1 3.12596E-1 2.90699E-1 3.30707E-1 3.1351E-1 3.71295E-1 4.80857E-1 4.16323E-1 3.77407E-1 4.30873E-1 4.96658E-1 6.28667E-1 4.41381E-1 6.24733E-1 7.20668E-1 7.15731E-1 7.22813E-1 7.49485E-1 7.43355E-1 7.68088E-1 7.59866E-1 7.5143E-1 7.72009E-1 7.8063E-1 -9999 -9999 -9999 -9999 -9999 -9999 -9999 -9999 -9999 -9999 -9999 -9999 -9999 -9999 -9999 -9999 -9999 7.85407E-1 7.56835E-1 -9999 -9999 -9999 -9999 -9999 -9999 -9999 -9999 -9999 -9999 -9999 -9999 -9999 -9999 -9999 -9999 -9999
3.36029E-1 2.7923E-1 2.54213E-1 2.39529E-1 2.47478E-1 2.38715E-1 2.80208E-1 3.07855E-1 3.7356E-1 4.14286E-1 3.73485E-1 4.17508E-1 4.03351E-1 3.47394E-1 3.97448E-1 2.98749E-1 3.13123E-1 4.01666E-1 4.52295E-1 3.79939E-1 3.89489E-1 4.32548E-1 4.99016E-1 5.63045E-1 5.81517E-1 6.01218E-1 4.48249E-1 5.24058E-1 5.98326E-1 5.33221E-1 5.58046E-1 6.89737E-1 7.20971E-1 7.34961E-1 7.3482E-1 7.72511E-1 8.2691E-1 8.44837E-1 8.55972E-1 -9999 -9999 -9999 -9999 -9999 -9999 -9999 -9999 -9999 -9999 -9999 -9999 -9999 -9999 -9999 7.31236E-1 7.41576E-1 7.20594E-1 -9999 -9999 -9999 -9999 -9999 -9999 -9999 -9999 -9999 -9999 -9999 -9999 -9999 -9999 5.76486E-1
3.59262E-1 2.8852E-1 3.19076E-1 3.0684E-1 3.23746E-1 3.45008E-1 3.57297E-1 3.73234E-1 3.87717E-1 4.00433E-1 3.70763E-1 4.07099E-1 3.75215E-1 3.91915E-1 4.20762E-1 2.94374E-1 2.81027E-1 3.12901E-1 3.73466E-1 3.4779E-1 3.30024E-1 3.51867E-1 4.08292E-1 4.92148E-1 5.38742E-1 5.9413E-1 5.33836E-1 5.15511E-1 5.64655E-1 5.43535E-1 5.93719E-1 6.71125E-1 6.41148E-1 7.05351E-1 7.75189E-1 7.9928E-1 8.22528E-1 8.45669E-1 8.33691E-1 8.47854E-1 8.37226E-1 8.67284E-1 -9999 -9999 -9999 -9999 -9999 -9999 -9999 -9999 -9999 -9999 -9999 -9999 -9999 -9999 -9999 -9999 -9999 -9999 -9999 -9999 -9999 -9999 -9999 -9999 -9999 -9999 -9999 -9999 -9999 5.75518E-1
3.60637E-1 3.56554E-1 3.78088E-1 3.70955E-1 3.73952E-1 3.90174E-1 4.37976E-1 4.55754E-1 4.49291E-1 4.33857E-1 3.94052E-1 4.00221E-1 3.84536E-1 4.04741E-1 3.33272E-1 3.0899E-1 3.2315E-1 2.30902E-1 3.01914E-1 3.37424E-1 3.10354E-1 3.26529E-1 3.4964E-1 5.17396E-1 4.52082E-1 4.6394E-1 4.45596E-1 4.38607E-1 5.21183E-1 5.40355E-1 6.73382E-1 6.97933E-1 7.21443E-1 7.57873E-1 7.81768E-1 8.21061E-1 8.12497E-1 7.98268E-1 7.89909E-1 7.59274E-1 8.21973E-1 8.56173E-1 8.78114E-1 9.00449E-1 8.73798E-1 8.56019E-1 -9999 -9999 -9999 -9999 -9999 -9999 -9999 -9999 -9999 -9999 -9999 -9999 -9999 -9999 7.49762E-1 7.06846E-1 -9999 -9999 -9999 -9999 -9999 -9999 -9999 -9999 -9999 -9999
3.44834E-1 3.90991E-1 3.7018E-1 3.65306E-1 3.95685E-1 4.07602E-1 4.55752E-1 4.87426E-1 5.00026E-1 4.89942E-1 4.66149E-1 4.54225E-1 3.93738E-1 3.94205E-1 3.75338E-1 3.86487E-1 3.70236E-1 3.05563E-1 2.90267E-1 2.82187E-1 3.24299E-1 3.44063E-1 3.64345E-1 4.81121E-1 3.90665E-1 3.31125E-1 3.14951E-1 3.8424E-1 4.41699E-1 5.09385E-1 4.99679E-1 5.35827E-1 5.34553E-1 5.26929E-1 6.13585E-1 5.64024E-1 4.67264E-1 4.89209E-1 5.23628E-1 4.97542E-1 5.42058E-1 5.95928E-1 7.57144E-1 7.50681E-1 7.74785E-1 7.76078E-1 8.3977E-1 8.2197E-1 7.78227E-1 8.3114E-1 8.39053E-1 8.40825E-1 8.44627E-1 8.04064E-1 -9999 -9999 -9999 -9999 -9999 -9999 7.49417E-1 6.08438E-1 7.78809E-1 -9999 -9999 -9999 -9999 -9999 -9999 -9999 -9999 -9999
3.60818E-1 3.73587E-1 3.96923E-1 4.47883E-1 4.81219E-1 4.74876E-1 4.73951E-1 4.99167E-1 5.11042E-1 5.12595E-1 5.18482E-1 5.22349E-1 5.05386E-1 4.35444E-1 4.33049E-1 4.33424E-1 3.76095E-1 3.50313E-1 3.35589E-1 3.33829E-1 3.63809E-1 3.2918E-1 3.93971E-1 3.52363E-1 3.77694E-1 2.93729E-1 2.74032E-1 2.74752E-1 2.70757E-1 3.50155E-1 2.7613E-1 3.05496E-1 2.77152E-1 2.98304E-1 3.45164E-1 3.38883E-1 3.16906E-1 3.31397E-1 3.56836E-1 4.72307E-1 4.75317E-1 4.46707E-1 4.87958E-1 5.52252E-1 5.57368E-1 5.61122E-1 5.18455E-1 7.06923E-1 7.31262E-1 6.65053E-1 7.28943E-1 8.18797E-1 8.16613E-1 7.21608E-1 7.4259E-1 7.79757E-1 7.74818E-1 7.59474E-1 6.98695E-1 7.06357E-1 7.23017E-1 7.76642E-1 7.9781E-1 7.68189E-1 -9999 -9999 -9999 -9999 -9999 -9999 -9999 -9999
3.99204E-1 4.13691E-1 4.17933E-1 3.94095E-1 3.49743E-1 4.05908E-1 4.96661E-1 5.19154E-1 5.33494E-1 5.36048E-1 5.40113E-1 5.37256E-1 5.18872E-1 4.96894E-1 5.09806E-1 4.18207E-1 4.19516E-1 3.85681E-1 3.77111E-1 3.65673E-1 3.70301E-1 3.57325E-1 3.46155E-1 3.16392E-1 2.99631E-1 3.01231E-1 3.06027E-1 3.17609E-1 2.62499E-1 2.81559E-1 2.84159E-1 2.9758E-1 2.819E-1 3.01647E-1 3.01815E-1 3.89288E-1 3.61319E-1 3.64439E-1 3.71851E-1 4.00415E-1 4.27726E-1 3.95698E-1 3.24435E-1 3.91437E-1 3.74223E-1 3.43357E-1 3.36352E-1 4.75332E-1 6.4362E-1 5.93676E-1 4.36994E-1 6.45088E-1 5.28376E-1 5.9757E-1 4.93731E-1 4.7489E-1 5.04054E-1 5.68774E-1 5.95628E-1 6.92842E-1 7.18923E-1 7.73903E-1 7.79939E-1 7.36654E-1 -9999 -9999 -9999 -9999 -9999 -9999 -9999 -9999
4.19741E-1 4.3273E-1 4.31697E-1 3.71573E-1 3.58005E-1 4.77271E-1 5.51857E-1 5.2926E-1 5.54058E-1 5.59278E-1 5.54089E-1 5.58251E-1 5.37825E-1 5.48924E-1 5.22702E-1 4.97953E-1 4.8061E-1 4.26145E-1 4.50699E-1 4.02596E-1 3.98703E-1 3.97614E-1 3.75628E-1 3.92716E-1 3.56085E-1 3.40595E-1 3.4442E-1 3.39372E-1 3.12459E-1 2.94193E-1 3.17138E-1 3.11984E-1 3.26631E-1 3.32841E-1 3.25727E-1 3.83476E-1 3.55246E-1 3.69563E-1 3.19347E-1 3.56947E-1 4.04146E-1 3.30131E-1 3.11155E-1 3.54429E-1 3.34498E-1 3.92027E-1 4.75762E-1 4.9443E-1 6.02672E-1 4.17738E-1 3.40596E-1 5.29121E-1 4.93502E-1 4.67421E-1 4.10401E-1 4.25163E-1 4.15232E-1 4.99639E-1 5.28038E-1 6.95578E-1 7.1929E-1 7.1688E-1 -9999 -9999 -9999 -9999 -9999 -9999 -9999 -9999 -9999 -9999
4.53907E-1 4.35288E-1 4.48287E-1 4.10817E-1 3.90719E-1 4.94117E-1 4.99296E-1 5.10463E-1 5.65727E-1 5.81586E-1 5.75871E-1 5.61478E-1 5.67783E-1 5.52007E-1 5.58643E-1 5.48184E-1 5.13071E-1 4.91783E-1 5.07315E-1 4.258E-1 4.50926E-1 3.8967E-1 4.00236E-1 4.28681E-1 3.84781E-1 3.7037E-1 3.69662E-1 3.76048E-1 3.47079E-1 3.48879E-1 3.37395E-1 3.32839E-1 3.27372E-1 4.11349E-1 3.54481E-1 4.44751E-1 3.93499E-1 3.67613E-1 3.29675E-1 3.76061E-1 4.63879E-1 4.26311E-1 3.58553E-1 3.6006E-1 3.39585E-1 3.77365E-1 5.02675E-1 4.53953E-1 4.92434E-1 4.00545E-1 4.28742E-1 3.97487E-1 4.52438E-1 3.77314E-1 3.65773E-1 3.55295E-1 3.94059E-1 5.34711E-1 5.7022E-1 6.30309E-1 6.9994E-1 6.97694E-1 7.17365E-1 -9999 -9999 -9999 -9999 -9999 -9999 -9999 -9999 -9999
4.40327E-1 3.66855E-1 3.77074E-1 3.60193E-1 3.86805E-1 4.34389E-1 3.88562E-1 4.81175E-1 5.6731E-1 5.80993E-1 6.05168E-1 5.82709E-1 5.72035E-1 5.69965E-1 5.8128E-1 5.61953E-1 5.30873E-1 5.43667E-1 5.37185E-1 4.67549E-1 4.47858E-1 4.57066E-1 4.42566E-1 4.49132E-1 3.9727E-1 3.87838E-1 3.95227E-1 4.13655E-1 4.15951E-1 4.48084E-1 3.95014E-1 4.37773E-1 3.64494E-1 4.43371E-1 3.95664E-1 3.82972E-1 4.19205E-1 4.06066E-1 4.0047E-1 4.17301E-1 3.69597E-1 4.34397E-1 3.39708E-1 3.27006E-1 3.22874E-1 3.2763E-1 3.76174E-1 4.32711E-1 4.65777E-1 3.59113E-1 3.95193E-1 3.69883E-1 4.3972E-1 3.49437E-1 3.84587E-1 4.07589E-1 4.33519E-1 4.30703E-1 4.94386E-1 5.39765E-1 5.94287E-1 6.47958E-1 6.66171E-1 6.99913E-1 7.34768E-1 -9999 -9999 -9999 -9999 -9999 -9999 -9999
3.40128E-1 3.37532E-1 3.18506E-1 3.40368E-1 3.55546E-1 3.50824E-1 3.57204E-1 4.65654E-1 5.81575E-1 5.88601E-1 5.5608E-1 5.39147E-1 5.58255E-1 5.9503E-1 5.84368E-1 5.76635E-1 5.47004E-1 5.69666E-1 5.55776E-1 4.97343E-1 4.77745E-1 4.79396E-1 4.9183E-1 4.28718E-1 3.9631E-1 3.91444E-1 3.99014E-1 4.80256E-1 4.51895E-1 3.81112E-1 3.97799E-1 4.47431E-1 4.02652E-1 4.83681E-1 4.46258E-1 4.04655E-1 4.257E-1 3.69903E-1 3.88024E-1 4.01526E-1 3.28708E-1 4.29933E-1 3.45963E-1 3.43662E-1 3.63358E-1 3.72468E-1 3.97414E-1 4.42653E-1 3.89062E-1 3.89942E-1 4.10218E-1 3.74467E-1 4.00704E-1 3.64295E-1 3.73547E-1 4.58984E-1 4.63686E-1 4.08474E-1 3.94979E-1 4.24154E-1 4.6703E-1 5.08354E-1 5.72484E-1 5.56969E-1 6.23184E-1 6.86831E-1 6.89506E-1 -9999 -9999 -9999 -9999 -9999
3.87769E-1 3.74341E-1 3.73706E-1 3.27211E-1 3.03737E-1 3.19515E-1 3.3738E-1 4.77123E-1 5.52383E-1 5.31303E-1 5.06475E-1 5.36759E-1 5.74224E-1 5.88518E-1 5.88219E-1 5.83093E-1 5.91246E-1 5.78912E-1 5.38433E-1 4.50306E-1 4.74655E-1 4.88901E-1 4.77955E-1 4.35813E-1 4.27329E-1 4.20175E-1 4.59845E-1 4.79214E-1 4.30559E-1 4.03921E-1 3.94513E-1 3.84293E-1 3.86363E-1 4.26771E-1 4.01545E-1 3.96552E-1 3.91424E-1 4.18401E-1 4.44204E-1 4.1947E-1 3.88063E-1 4.14606E-1 3.58835E-1 4.03196E-1 3.97917E-1 3.94557E-1 4.0934E-1 4.71248E-1 4.53694E-1 4.49024E-1 4.34407E-1 3.87075E-1 3.80111E-1 3.86926E-1 3.86596E-1 3.95761E-1 4.35815E-1 4.54189E-1 4.90167E-1 4.98802E-1 4.65785E-1 4.45789E-1 4.5998E-1 4.8487E-1 4.67396E-1 5.37606E-1 6.15991E-1 6.55859E-1 -9999 -9999 -9999 -9999
2.56915E-1 3.39886E-1 3.76503E-1 3.39598E-1 3.36095E-1 3.8726E-1 4.26548E-1 4.29783E-1 5.46427E-1 5.80062E-1 5.79528E-1 5.90493E-1 5.91533E-1 6.00017E-1 6.02702E-1 5.98744E-1 5.94371E-1 5.75548E-1 5.28213E-1 5.21301E-1 5.24807E-1 4.79603E-1 4.68322E-1 4.31227E-1 4.83737E-1 4.89532E-1 4.73964E-1 4.82349E-1 4.37895E-1 4.07265E-1 4.13161E-1 4.28691E-1 4.18823E-1 4.05992E-1 4.25486E-1 4.45017E-1 4.12441E-1 5.08961E-1 4.94694E-1 5.0462E-1 4.53393E-1 4.57781E-1 3.97666E-1 4.37494E-1 4.04224E-1 4.12685E-1 4.49831E-1 4.83109E-1 4.8682E-1 5.22512E-1 4.77797E-1 4.39302E-1 4.463E-1 4.26473E-1 4.47079E-1 4.2877E-1 4.64353E-1 4.41094E-1 4.61529E-1 5.00188E-1 5.03168E-1 5.03603E-1 4.77648E-1 4.86627E-1 4.71546E-1 4.64986E-1 4.46669E-1 5.3716E-1 6.04653E-1 6.54017E-1 -9999 -9999
2.43583E-1 2.66112E-1 3.13118E-1 4.14546E-1 4.02984E-1 4.2034E-1 4.36306E-1 5.08213E-1 5.45872E-1 5.78844E-1 5.96619E-1 6.04969E-1 6.10942E-1 6.19728E-1 6.18718E-1 6.13256E-1 5.93261E-1 5.8629E-1 5.6959E-1 5.63697E-1 5.58271E-1 5.37189E-1 5.36315E-1 4.74954E-1 4.75364E-1 5.2752E-1 5.49219E-1 5.11736E-1 4.59744E-1 4.39612E-1 4.68139E-1 4.58886E-1 4.48331E-1 4.68565E-1 5.03863E-1 4.76332E-1 4.64455E-1 5.51021E-1 5.22286E-1 5.19553E-1 4.75333E-1 5.25892E-1 4.58313E-1 4.63882E-1 4.57159E-1 4.45147E-1 4.68316E-1 4.89097E-1 5.14108E-1 5.43097E-1 4.99186E-1 4.88384E-1 4.99644E-1 4.77243E-1 4.86092E-1 4.88274E-1 4.84235E-1 4.95444E-1 4.8572E-1 5.07648E-1 5.09225E-1 5.31461E-1 5.08502E-1 5.18906E-1 5.0635E-1 4.84297E-1 4.79799E-1 4.93943E-1 4.86197E-1 6E-1 6.55556E-1 -9999
2.85317E-1 2.64477E-1 2.90271E-1 3.60004E-1 4.47651E-1 4.80511E-1 5.4115E-1 5.54438E-1 5.68211E-1 5.74351E-1 5.8202E-1 5.94233E-1 6.24822E-1 6.11196E-1 6.13396E-1 6.11672E-1 5.84303E-1 6.04518E-1 5.96264E-1 5.94867E-1 5.83525E-1 5.81814E-1 5.85147E-1 5.7403E-1 5.37446E-1 5.47329E-1 5.67855E-1 5.67129E-1 5.05208E-1 4.7716E-1 4.83605E-1 4.66736E-1 4.83246E-1 5.29977E-1 5.37221E-1 5.38346E-1 5.26868E-1 5.27915E-1 5.24479E-1 5.51808E-1 5.21669E-1 5.48716E-1 4.97762E-1 5.22839E-1 4.70595E-1 4.83274E-1 4.70852E-1 5.04927E-1 5.48595E-1 5.49263E-1 5.22848E-1 5.03304E-1 5.13959E-1 5.00836E-1 5.12617E-1 5.17968E-1 5.46039E-1 5.16115E-1 5.31495E-1 5.22082E-1 5.40971E-1 5.32772E-1 5.3932E-1 5.36243E-1 5.56765E-1 5.43429E-1 5.37432E-1 4.9887E-1 5.16952E-1 5.31108E-1 5.74502E-1 6.50071E-1
4.26048E-1 3.44605E-1 2.85973E-1 3.15455E-1 4.51421E-1 5.48791E-1 5.67506E-1 5.7036E-1 5.769E-1 5.96474E-1 5.96343E-1 6.03027E-1 6.17308E-1 6.19555E-1 6.22888E-1 6.02735E-1 5.9895E-1 6.09743E-1 6.20005E-1 6.01247E-1 6.08154E-1 6.14233E-1 6.17277E-1 5.9756E-1 5.92948E-1 6.06305E-1 6.05706E-1 5.84107E-1 5.4922E-1 5.37755E-1 5.39699E-1 5.45789E-1 5.23836E-1 5.46798E-1 5.54205E-1 5.7545E-1 5.85033E-1 5.64404E-1 5.60847E-1 5.70149E-1 5.40072E-1 5.46398E-1 5.29489E-1 4.80185E-1 4.96697E-1 5.03138E-1 4.99054E-1 5.4271E-1 5.56235E-1 5.73299E-1 5.43463E-1 5.44572E-1 5.22416E-1 5.39324E-1 5.35902E-1 5.58946E-1 5.62213E-1 5.30529E-1 5.2314E-1 5.3393E-1 5.4756E-1 5.66698E-1 5.45088E-1 5.77368E-1 5.73159E-1 5.76283E-1 5.66839E-1 5.56458E-1 5.48583E-1 5.53191E-1 5.46212E-1 5.77013E-1
5.07547E-1 5.04004E-1 4.93475E-1 4.99307E-1 5.63102E-1 5.88221E-1 5.90502E-1 5.91632E-1 6.09975E-1 6.18048E-1 6.14364E-1 6.15331E-1 6.27473E-1 6.27178E-1 6.18609E-1 6.16948E-1 6.20055E-1 6.23144E-1 6.11219E-1 6.21675E-1 6.20883E-1 6.07223E-1 6.02754E-1 6.08596E-1 6.21081E-1 6.30002E-1 6.20603E-1 6.01502E-1 5.68145E-1 5.56533E-1 5.83762E-1 5.7149E-1 5.57963E-1 5.67619E-1 5.9E-1 5.90841E-1 5.93289E-1 5.72258E-1 6.06615E-1 5.78012E-1 5.87694E-1 5.67885E-1 5.36001E-1 5.49859E-1 5.32534E-1 5.68045E-1 5.63342E-1 5.78246E-1 5.91061E-1 5.59073E-1 5.31788E-1 5.34511E-1 5.33359E-1 5.42626E-1 5.61488E-1 5.63858E-1 5.54449E-1 5.43042E-1 5.5903E-1 5.66911E-1 5.63013E-1 5.63774E-1 5.61401E-1 5.90965E-1 5.90201E-1 5.96629E-1 5.92999E-1 5.87867E-1 5.95397E-1 5.95429E-1 5.84667E-1 5.6248E-1
4.92547E-1 5.06352E-1 5.48083E-1 5.59545E-1 5.5759E-1 5.68039E-1 6.05877E-1 6.35341E-1 6.34155E-1 6.08027E-1 6.10944E-1 6.1126E-1 6.19209E-1 6.27618E-1 6.46982E-1 6.43222E-1 6.18334E-1 6.16926E-1 5.84253E-1 6.19377E-1 5.97669E-1 5.94987E-1 6.01101E-1 6.26243E-1 6.16836E-1 6.27747E-1 6.16321E-1 6.07493E-1 5.86924E-1 5.7542E-1 6.08364E-1 5.97233E-1 6.04286E-1 6.07241E-1 6.07801E-1 6.18898E-1 6.08976E-1 6.03301E-1 6.12945E-1 6.15554E-1 6.34204E-1 6.05688E-1 6.04232E-1 5.84661E-1 5.82175E-1 6.2463E-1 6.0662E-1 5.70045E-1 5.72148E-1 5.51753E-1 5.58258E-1 5.89246E-1 5.60348E-1 5.3606E-1 5.71016E-1 5.67475E-1 5.5876E-1 5.69437E-1 5.65877E-1 5.66997E-1 5.72941E-1 5.94395E-1 5.90801E-1 5.82422E-1 6.3031E-1 6.04242E-1 6.24679E-1 6.2392E-1 6.17521E-1 6.0596E-1 6.14746E-1 5.95184E-1
5.35244E-1 5.61806E-1 5.69745E-1 6.07225E-1 5.88382E-1 6.36552E-1 6.62067E-1 6.60147E-1 6.61169E-1 6.46948E-1 6.34859E-1 6.5125E-1 6.54665E-1 6.63908E-1 6.56401E-1 6.64449E-1 6.7631E-1 6.3239E-1 6.25794E-1 6.01154E-1 6.0333E-1 6.00892E-1 5.86902E-1 6.15225E-1 6.32426E-1 6.24297E-1 6.36438E-1 6.0555E-1 5.94393E-1 6.00688E-1 6.06047E-1 6.20082E-1 6.068E-1 6.13611E-1 6.4472E-1 6.441E-1 6.43422E-1 6.30135E-1 6.60394E-1 6.70954E-1 6.59021E-1 6.31019E-1 6.25806E-1 6.22044E-1 6.15634E-1 5.95659E-1 5.73326E-1 5.67491E-1 5.98602E-1 6.03386E-1 5.87901E-1 5.81593E-1 5.54339E-1 5.69434E-1 5.73417E-1 5.67169E-1 5.67528E-1 5.96057E-1 5.91734E-1 5.86131E-1 6.02473E-1 5.84156E-1 5.91221E-1 6.0078E-1 6.00391E-1 6.17911E-1 6.20369E-1 6.21204E-1 6.14358E-1 6.16396E-1 6.05193E-1 5.89289E-1
5.27794E-1 5.64415E-1 6.04575E-1 6.11786E-1 6.26686E-1 6.50302E-1 6.71876E-1 6.81248E-1 6.77419E-1 6.619E-1 6.59909E-1 6.65899E-1 6.8602E-1 6.86157E-1 7.15054E-1 7.01347E-1 6.91218E-1 6.35921E-1 6.15811E-1 6.20446E-1 6.10656E-1 5.9904E-1 6.00663E-1 6.09815E-1 6.19283E-1 5.9875E-1 6.02364E-1 5.76173E-1 5.84435E-1 5.79056E-1 5.91343E-1 5.92069E-1 5.95603E-1 5.99622E-1 6.22606E-1 6.3318E-1 6.32863E-1 6.27576E-1 6.59184E-1 6.77283E-1 6.63616E-1 6.53928E-1 6.19189E-1 6.37053E-1 6.37801E-1 6.10737E-1 6.02738E-1 6.26429E-1 6.29324E-1 6.21635E-1 6.30579E-1 6.3269E-1 6.20336E-1 6.16818E-1 6.10822E-1 5.7468E-1 5.72321E-1 6.04501E-1 6.04502E-1 5.97663E-1 6.12429E-1 6.10474E-1 6.20052E-1 6.0684E-1 6.33609E-1 6.00848E-1 6.36068E-1 6.40076E-1 6.27269E-1 6.15629E-1 6.332E-1 6.10833E-1
5.30439E-1 5.6255E-1 6.01012E-1 6.02261E-1 6.20816E-1 6.55368E-1 6.34709E-1 5.59294E-1 5.35249E-1 6.72724E-1 6.87654E-1 6.94841E-1 6.9808E-1 6.65625E-1 5.82165E-1 5.10483E-1 4.54956E-1 6.16835E-1 6.23212E-1 6.02398E-1 6.00308E-1 6.15645E-1 6.0713E-1 5.84426E-1 5.98635E-1 5.98696E-1 5.83242E-1 5.88592E-1 5.82631E-1 5.89044E-1 5.99028E-1 6.02426E-1 6.0143E-1 6.07524E-1 6.12122E-1 6.1262E-1 6.21748E-1 6.23118E-1 6.38408E-1 6.56579E-1 6.40935E-1 6.34325E-1 6.2872E-1 6.25824E-1 6.45266E-1 6.46679E-1 6.19455E-1 6.05096E-1 6.45508E-1 6.18509E-1 6.21657E-1 6.47331E-1 6.19575E-1 5.87554E-1 6.19075E-1 5.56831E-1 5.7149E-1 6.0292E-1 5.99335E-1 6.06096E-1 6.19617E-1 6.14864E-1 6.22093E-1 6.15343E-1 6.41288E-1 6.26824E-1 6.12894E-1 5.9971E-1 6.24509E-1 6.24052E-1 6.20039E-1 6.36522E-1
5.55154E-1 5.82611E-1 5.85332E-1 6.03574E-1 6.27584E-1 6.13815E-1 4.35887E-1 3.95358E-1 5.90708E-1 5.94003E-1 6.65884E-1 6.12783E-1 6.35659E-1 6.4297E-1 4.22894E-1 2.84842E-1 3.09496E-1 4.90505E-1 6.18346E-1 6.23837E-1 6.20796E-1 6.02029E-1 5.98876E-1 6.0421E-1 6.14449E-1 5.89079E-1 5.84569E-1 5.88102E-1 5.90681E-1 6.02219E-1 5.86568E-1 6.12217E-1 5.91763E-1 5.95827E-1 6.18262E-1 6.19659E-1 6.30335E-1 6.22236E-1 6.26754E-1 6.65453E-1 6.53411E-1 6.44611E-1 6.45632E-1 6.41154E-1 6.43933E-1 6.36676E-1 6.34867E-1 6.25568E-1 6.65114E-1 6.61893E-1 6.54034E-1 6.20575E-1 6.28597E-1 6.00872E-1 6.31264E-1 5.8677E-1 5.90429E-1 6.00175E-1 6.13722E-1 6.09278E-1 6.10808E-1 6.32353E-1 6.40493E-1 5.99362E-1 5.90196E-1 6.13284E-1 6.21294E-1 6.19329E-1 6.10066E-1 6.07678E-1 6.30915E-1 6.4256E-1
5.84577E-1 6.05339E-1 6.16252E-1 6.25917E-1 6.25341E-1 6.43667E-1 5.98891E-1 3.65424E-1 4.15605E-1 4.03017E-1 4.28476E-1 4.00047E-1 3.45789E-1 3.62105E-1 2.93936E-1 5.33737E-1 5.76269E-1 5.4402E-1 6.02664E-1 6.10224E-1 6.10537E-1 6.04321E-1 6.08243E-1 6.21127E-1 6.02873E-1 5.97548E-1 5.9471E-1 5.97753E-1 6.00623E-1 5.93242E-1 5.92678E-1 5.90469E-1 5.9966E-1 6.04181E-1 6.06999E-1 6.09462E-1 6.10777E-1 6.203E-1 6.44278E-1 6.65396E-1 6.92621E-1 6.80668E-1 6.47189E-1 6.30531E-1 6.32617E-1 6.55022E-1 6.63821E-1 6.6584E-1 6.70978E-1 6.72081E-1 6.58087E-1 6.15158E-1 6.17957E-1 5.98221E-1 6.24013E-1 5.90988E-1 6.1286E-1 6.02952E-1 6.03245E-1 6.31717E-1 6.39951E-1 6.59944E-1 6.08531E-1 5.99335E-1 6.14873E-1 6.20922E-1 6.02489E-1 6.05267E-1 6.21284E-1 6.05564E-1 6.29641E-1 6.4164E-1
5.90885E-1 6.10609E-1 6.00937E-1 6.32353E-1 6.42501E-1 6.69777E-1 6.45488E-1 3.58271E-1 3.49582E-1 2.67772E-1 2.24807E-1 2.45618E-1 2.40746E-1 2.66023E-1 4.62792E-1 5.18564E-1 5.91447E-1 5.93397E-1 5.91265E-1 6.03629E-1 5.99865E-1 6.03623E-1 6.07867E-1 6.06741E-1 6.01361E-1 5.97167E-1 6.02751E-1 6.16737E-1 5.98154E-1 6.10499E-1 5.88606E-1 5.98419E-1 6.1183E-1 6.10395E-1 6.14695E-1 6.16569E-1 6.28427E-1 6.30539E-1 6.63119E-1 6.82004E-1 6.73392E-1 5.9317E-1 6.49684E-1 6.60663E-1 6.61971E-1 6.7077E-1 6.71693E-1 6.63528E-1 6.5592E-1 6.46989E-1 6.47581E-1 6.58641E-1 6.37709E-1 6.24678E-1 6.23154E-1 6.06421E-1 5.94662E-1 5.88368E-1 6.13421E-1 6.24283E-1 6.68058E-1 6.58608E-1 5.97726E-1 6.40911E-1 6.31872E-1 6.2553E-1 6.09615E-1 6.19661E-1 6.50509E-1 6.33599E-1 6.25877E-1 6.31869E-1
5.97888E-1 5.85083E-1 6.03175E-1 6.26767E-1 6.54243E-1 5.25863E-1 5.69952E-1 5.00291E-1 2.70274E-1 1.94036E-1 1.59451E-1 2.545E-1 2.59559E-1 4.28364E-1 5.62205E-1 5.52634E-1 6.15066E-1 6.17651E-1 6.05318E-1 5.85771E-1 5.86892E-1 6.09314E-1 6.16496E-1 5.99274E-1 5.94152E-1 5.91327E-1 5.95109E-1 6.0617E-1 6.08958E-1 6.17288E-1 5.90098E-1 5.97268E-1 6.20247E-1 6.2118E-1 6.34063E-1 6.46007E-1 6.45419E-1 6.5606E-1 6.67472E-1 6.68821E-1 6.53218E-1 4.83364E-1 6.3775E-1 5.45759E-1 6.5326E-1 6.8557E-1 6.7531E-1 6.6078E-1 6.43773E-1 6.56516E-1 6.672E-1 6.66923E-1 6.66834E-1 6.44712E-1 6.44952E-1 6.10942E-1 6.17375E-1 6.15911E-1 6.2288E-1 6.17769E-1 6.40987E-1 6.33175E-1 6.07929E-1 5.94707E-1 6.14569E-1 5.97748E-1 6.12726E-1 6.21931E-1 6.38219E-1 6.42313E-1 6.53422E-1 6.33262E-1
5.61574E-1 5.74582E-1 5.96124E-1 5.06328E-1 3.29889E-1 3.90143E-1 4.88167E-1 4.37605E-1 3.67785E-1 2.45493E-1 2.18023E-1 2.56584E-1 3.86368E-1 4.53047E-1 5.86025E-1 5.90473E-1 6.22178E-1 6.48849E-1 6.15094E-1 5.86824E-1 5.64822E-1 5.98362E-1 5.83793E-1 6.007E-1 6.04112E-1 6.11057E-1 6.2401E-1 5.94194E-1 6.181E-1 6.09447E-1 6.09932E-1 6.05794E-1 6.20865E-1 6.3186E-1 6.42122E-1 6.43184E-1 6.53231E-1 6.53129E-1 6.56335E-1 6.11406E-1 6.52094E-1 6.42446E-1 5.24578E-1 5.82959E-1 6.53314E-1 6.34135E-1 5.74828E-1 6.26066E-1 6.38759E-1 6.41439E-1 6.87897E-1 7.02989E-1 6.64515E-1 6.57533E-1 6.56649E-1 6.36967E-1 6.27521E-1 6.20909E-1 6.30024E-1 6.19142E-1 6.48829E-1 6.34389E-1 6.49809E-1 6.18897E-1 6.01525E-1 6.20382E-1 6.37946E-1 6.1904E-1 6.44248E-1 6.33863E-1 6.63316E-1 6.5254E-1
5.46466E-1 5.72498E-1 5.79047E-1 3.85238E-1 2.64843E-1 2.66531E-1 3.33993E-1 2.90394E-1 2.29045E-1 1.96345E-1 2.39821E-1 2.57621E-1 3.39745E-1 5.66352E-1 5.89098E-1 5.87668E-1 6.01697E-1 4.69489E-1 6.01824E-1 5.93626E-1 5.8291E-1 5.94498E-1 5.96279E-1 5.87929E-1 5.96715E-1 6.11125E-1 6.14017E-1 6.16265E-1 6.17877E-1 6.30266E-1 6.302E-1 6.14894E-1 6.18246E-1 6.30045E-1 6.39905E-1 6.40947E-1 6.41983E-1 6.44762E-1 6.47036E-1 6.47784E-1 6.52527E-1 6.60313E-1 6.62808E-1 6.74437E-1 6.83316E-1 6.72739E-1 5.57847E-1 5.78822E-1 5.86764E-1 6.27936E-1 6.58028E-1 6.41906E-1 6.261E-1 6.6089E-1 6.4864E-1 6.48541E-1 6.39384E-1 6.31251E-1 6.25659E-1 6.31698E-1 6.31317E-1 6.77571E-1 6.53582E-1 6.41189E-1 6.21861E-1 6.78764E-1 6.76074E-1 6.47819E-1 6.90739E-1 6.50868E-1 6.52824E-1 6.48206E-1
