Artocarpus altilis SDM files/MIS19/results (with bias file)/Artalt_5.asc
ncols         1201
nrows         481
xllcorner     119.99986351115
yllcorner     -15.00013828885
cellsize      0.041666667
NODATA_value  -9999
[rows 288 to 319 of 481, columns 576 to 647 of 1201]
2.94188E-1 3.31649E-1 2.89606E-1 2.74278E-1 2.70745E-1 3.27106E-1 3.76968E-1 4.46364E-1 4.53523E-1 4.48254E-1 1.61012E-1 8.46371E-2 6.02572E-2 4.71818E-2 2.02317E-1 5.45591E-2 6.14585E-2 2.80692E-1 3.44784E-1 2.27333E-1 1.87575E-1 1.22036E-1 2.45238E-1 1.50859E-1 1.43312E-1 1.99765E-1 2.67986E-1 2.43546E-1 1.79502E-1 2.05509E-1 1.65117E-1 3.41123E-1 3.26286E-1 3.33197E-1 3.13623E-1 2.2139E-1 1.92038E-1 2.34087E-1 2.20801E-1 2.11537E-1 1.65152E-1 1.36095E-1 1.27858E-1 1.2437E-1 1.16625E-1 1.31346E-1 1.08215E-1 1.19959E-1 1.53376E-1 1.55317E-1 1.59721E-1 1.69586E-1 1.88743E-1 1.69333E-1 1.86976E-1 1.74296E-1 1.74425E-1 1.72215E-1 1.80719E-1 1.5638E-1 1.99043E-1 1.25761E-1 2.61769E-1 1.83511E-1 1.85745E-1 1.71343E-1 6.09065E-2 1.51501E-1 2.40531E-1 3.44708E-1 5.21113E-1 5.24015E-1
3.44159E-1 3.94786E-1 3.53143E-1 2.78007E-1 2.74134E-1 2.61147E-1 2.84345E-1 4.60178E-1 4.29702E-1 2.63201E-1 1.43052E-1 1.01073E-1 2.00116E-1 1.40175E-1 2.48094E-1 2.23561E-1 2.4313E-1 2.87844E-1 3.50704E-1 2.21699E-1 2.53571E-1 1.93207E-1 1.9991E-1 2.09019E-1 2.13109E-1 1.73093E-1 2.46558E-1 2.69633E-1 2.15895E-1 1.84314E-1 1.61264E-1 2.94749E-1 3.53771E-1 3.17345E-1 2.71247E-1 2.89962E-1 2.99403E-1 2.87962E-1 2.25636E-1 2.38735E-1 1.79081E-1 1.61945E-1 1.40133E-1 1.31463E-1 1.22784E-1 1.22552E-1 1.23552E-1 1.4307E-1 1.57765E-1 1.50358E-1 1.83985E-1 1.85088E-1 1.92689E-1 1.88252E-1 1.78156E-1 1.73344E-1 1.96277E-1 1.72502E-1 1.73479E-1 1.64607E-1 1.84883E-1 1.78976E-1 2.29169E-1 1.92256E-1 1.82486E-1 2.02112E-1 4.66522E-2 1.30127E-1 1.95345E-1 2.40598E-1 2.8273E-1 4.04163E-1
3.86649E-1 4.16053E-1 4.15835E-1 3.43243E-1 2.79897E-1 2.7398E-1 2.61909E-1 4.12819E-1 3.62216E-1 3.55843E-1 3.55912E-1 2.12606E-1 2.14783E-1 2.53891E-1 2.7594E-1 2.8573E-1 3.03877E-1 3.30499E-1 3.42625E-1 2.83194E-1 3.03143E-1 1.62851E-1 1.59978E-1 1.37478E-1 1.00818E-1 1.26856E-1 2.12449E-1 3.44555E-1 2.60756E-1 3.17351E-1 3.79489E-1 4.35276E-1 3.80255E-1 1.69828E-1 2.02177E-1 3.29208E-1 2.74348E-1 2.17917E-1 2.79428E-1 2.39934E-1 1.72601E-1 1.4844E-1 1.78367E-1 1.52031E-1 1.02452E-1 9.27612E-2 1.24094E-1 1.21574E-1 1.69845E-1 1.80991E-1 1.55924E-1 1.73562E-1 1.60185E-1 1.43973E-1 1.49392E-1 1.71426E-1 1.88473E-1 1.86198E-1 1.70874E-1 1.84545E-1 1.95518E-1 2.25678E-1 2.0589E-1 1.69404E-1 1.90764E-1 1.90451E-1 6.20585E-2 1.89273E-1 2.12583E-1 3.2112E-1 3.26781E-1 3.43415E-1
4.3042E-1 4.35318E-1 4.05088E-1 4.27314E-1 3.8098E-1 2.85544E-1 2.65798E-1 3.32512E-1 3.90596E-1 4.4517E-1 4.3697E-1 3.51653E-1 2.78486E-1 3.11958E-1 3.01071E-1 3.16733E-1 3.2029E-1 3.40741E-1 3.76206E-1 3.58769E-1 2.19874E-1 1.84694E-1 3.40434E-1 2.52914E-1 1.45594E-1 2.46961E-1 2.54816E-1 1.83696E-1 2.39579E-1 2.49266E-1 2.10271E-1 3.68533E-1 1.49572E-1 3.21147E-1 3.2229E-1 3.63084E-1 3.00581E-1 2.57118E-1 3.04745E-1 2.45361E-1 1.67878E-1 1.56934E-1 1.73789E-1 1.47721E-1 1.14291E-1 1.03189E-1 1.26519E-1 1.37462E-1 1.43229E-1 1.45243E-1 1.3896E-1 1.57841E-1 1.8708E-1 1.87555E-1 1.81481E-1 1.33495E-1 1.52635E-1 1.57047E-1 1.7238E-1 1.47225E-1 1.68366E-1 2.67415E-1 1.95411E-1 1.60586E-1 1.86577E-1 1.61377E-1 6.44111E-2 1.72894E-1 2.69367E-1 3.37065E-1 3.97781E-1 4.80378E-1
4.20507E-1 4.11119E-1 4.06676E-1 4.32225E-1 4.18595E-1 4.16734E-1 3.18677E-1 3.1382E-1 4.43824E-1 4.48466E-1 4.24887E-1 3.93214E-1 2.82232E-1 2.48092E-1 3.2727E-1 3.30426E-1 3.50212E-1 3.47664E-1 4.40705E-1 4.73626E-1 4.57845E-1 4.20781E-1 4.11275E-1 1.91185E-1 1.77913E-1 1.79121E-1 2.60541E-1 1.33649E-1 2.04743E-1 2.95395E-1 2.39003E-1 3.65637E-1 1.32175E-1 3.48356E-1 3.28991E-1 3.62647E-1 2.72861E-1 2.02377E-1 2.95914E-1 2.70853E-1 2.11188E-1 1.84449E-1 1.84626E-1 1.89457E-1 1.28188E-1 1.3001E-1 1.34412E-1 1.37345E-1 1.73908E-1 1.59347E-1 1.73527E-1 1.40123E-1 1.77136E-1 1.76838E-1 1.43922E-1 1.97356E-1 1.55099E-1 1.40948E-1 1.6114E-1 1.70907E-1 1.76285E-1 2.52187E-1 1.83803E-1 1.58188E-1 1.75366E-1 1.69294E-1 8.09457E-2 2.07919E-1 2.86421E-1 3.24222E-1 3.61895E-1 3.68884E-1
3.90441E-1 4.00223E-1 3.91637E-1 3.93786E-1 4.05185E-1 3.96841E-1 3.58701E-1 3.15688E-1 3.03214E-1 3.88031E-1 4.39463E-1 4.44866E-1 3.1465E-1 3.07015E-1 3.42079E-1 3.28262E-1 4.11002E-1 3.57891E-1 4.58798E-1 5.06746E-1 4.846E-1 3.92259E-1 4.10707E-1 3.27578E-1 1.90931E-1 1.71571E-1 1.84959E-1 2.5175E-1 2.49843E-1 1.84122E-1 3.50082E-1 3.68063E-1 1.57265E-1 2.71291E-1 3.86148E-1 3.80723E-1 3.85872E-1 1.79203E-1 1.81406E-1 2.43612E-1 2.27982E-1 1.85833E-1 1.73162E-1 1.54584E-1 1.39178E-1 1.44822E-1 1.43673E-1 1.74677E-1 1.49917E-1 1.87542E-1 1.75269E-1 1.79117E-1 1.65405E-1 1.31485E-1 1.53352E-1 1.54366E-1 1.73579E-1 1.31177E-1 1.45562E-1 1.58004E-1 2.27835E-1 1.91848E-1 2.16271E-1 1.5522E-1 1.63296E-1 1.68673E-1 1.70092E-1 9.4311E-2 2.11623E-1 1.69738E-1 2.35426E-1 2.94774E-1
3.07265E-1 3.25879E-1 3.83695E-1 3.8825E-1 3.95725E-1 4.22813E-1 3.26945E-1 2.74822E-1 2.51006E-1 2.6954E-1 2.88933E-1 3.7473E-1 3.36676E-1 3.40071E-1 3.69681E-1 3.3102E-1 4.28817E-1 4.62085E-1 4.92669E-1 5.0551E-1 4.07292E-1 3.41844E-1 3.42211E-1 3.43422E-1 2.66852E-1 2.98087E-1 2.06795E-1 1.68889E-1 2.26348E-1 2.63307E-1 3.37483E-1 4.35167E-1 1.98302E-1 4.41478E-1 4.08676E-1 4.2483E-1 3.66656E-1 1.73527E-1 1.36155E-1 1.0718E-1 8.24476E-2 7.92834E-2 8.64352E-2 8.20377E-2 1.07845E-1 1.30634E-1 1.38459E-1 1.69034E-1 1.24653E-1 1.51164E-1 1.94238E-1 1.37717E-1 1.69485E-1 1.71999E-1 1.62323E-1 1.51782E-1 1.6619E-1 1.74466E-1 1.88882E-1 2.27544E-1 1.74814E-1 1.42622E-1 1.80037E-1 1.63086E-1 1.45309E-1 1.54897E-1 1.5798E-1 7.47822E-2 1.55137E-1 1.88334E-1 2.2776E-1 3.34464E-1
2.5474E-1 2.87336E-1 3.52314E-1 3.89291E-1 3.9331E-1 3.71232E-1 2.78082E-1 2.75278E-1 2.83946E-1 3.6232E-1 3.66104E-1 3.18186E-1 4.15196E-1 3.93005E-1 4.03698E-1 4.33329E-1 4.36247E-1 4.97386E-1 5.0101E-1 4.67795E-1 4.0836E-1 3.40244E-1 3.42613E-1 3.43315E-1 3.42543E-1 3.9647E-1 3.79738E-1 2.07789E-1 3.35547E-1 3.20083E-1 3.49917E-1 4.91964E-1 2.87767E-1 4.57707E-1 5.06089E-1 3.13409E-1 2.28021E-1 1.29622E-1 1.24178E-1 1.52268E-1 1.73733E-1 1.49933E-1 1.27496E-1 1.31685E-1 7.49526E-2 1.65941E-1 1.74028E-1 1.55841E-1 1.64219E-1 1.44998E-1 1.57346E-1 1.42577E-1 1.68352E-1 1.52364E-1 1.71284E-1 1.72293E-1 1.51655E-1 1.59888E-1 1.64147E-1 1.80663E-1 1.35778E-1 1.37964E-1 1.85247E-1 1.84404E-1 1.64129E-1 1.42108E-1 1.45763E-1 1.01553E-1 1.98605E-1 2.33286E-1 2.56958E-1 3.4112E-1
2.37208E-1 2.4749E-1 3.10036E-1 3.67584E-1 3.74272E-1 3.40309E-1 3.15686E-1 3.54683E-1 3.72697E-1 3.84722E-1 4.10349E-1 4.18376E-1 3.98167E-1 4.26607E-1 4.62282E-1 4.49336E-1 4.59805E-1 4.9117E-1 5.0431E-1 4.84878E-1 4.09797E-1 4.09497E-1 4.12613E-1 4.15226E-1 4.12156E-1 4.1584E-1 4.92732E-1 3.18029E-1 2.55988E-1 4.90557E-1 3.63224E-1 4.51124E-1 4.66539E-1 4.48636E-1 5.22778E-1 2.95084E-1 2.60309E-1 1.61624E-1 1.20616E-1 1.27829E-1 1.40858E-1 9.58559E-2 1.16223E-1 8.65717E-2 5.23614E-2 1.87571E-1 1.76975E-1 1.6329E-1 1.4759E-1 1.59093E-1 1.28069E-1 1.44754E-1 1.67531E-1 1.65315E-1 2.02036E-1 1.76356E-1 1.51699E-1 1.61144E-1 1.51962E-1 1.59594E-1 1.3537E-1 1.21668E-1 1.38697E-1 1.72723E-1 2.03317E-1 1.45005E-1 1.26411E-1 1.14284E-1 9.7205E-2 1.51721E-1 2.20941E-1 2.7482E-1
3.33132E-1 3.00346E-1 3.221E-1 3.42874E-1 3.85657E-1 3.69187E-1 3.81365E-1 3.84524E-1 3.69023E-1 3.94957E-1 4.26859E-1 4.39342E-1 4.38122E-1 4.55597E-1 4.62862E-1 4.76857E-1 4.79704E-1 4.95036E-1 5.2027E-1 4.85097E-1 4.88974E-1 4.12968E-1 4.1506E-1 4.86317E-1 4.93729E-1 4.14593E-1 4.97538E-1 3.51798E-1 3.85482E-1 3.159E-1 3.04172E-1 5.08532E-1 5.2613E-1 4.63223E-1 4.64123E-1 3.86036E-1 4.45426E-1 2.41551E-1 9.79337E-2 6.30268E-2 6.85027E-2 3.76045E-2 2.93339E-2 3.65492E-2 9.58022E-2 2.03099E-1 1.21695E-1 1.12654E-1 7.45725E-2 1.21751E-1 1.23661E-1 1.40559E-1 2.03868E-1 1.97747E-1 2.16632E-1 1.91734E-1 1.78401E-1 1.83641E-1 1.45453E-1 1.31251E-1 1.32764E-1 1.27464E-1 1.15446E-1 1.52029E-1 1.71452E-1 1.5052E-1 1.27093E-1 1.12501E-1 9.65208E-2 1.37259E-1 1.94397E-1 2.23146E-1
3.78843E-1 3.50779E-1 3.10837E-1 3.60124E-1 3.70145E-1 3.67866E-1 3.852E-1 3.71817E-1 3.98211E-1 4.17892E-1 4.30421E-1 4.44808E-1 4.50552E-1 4.59868E-1 4.66705E-1 4.77177E-1 4.79717E-1 4.90916E-1 5.187E-1 4.69041E-1 4.89268E-1 4.92678E-1 4.96645E-1 4.93227E-1 4.95905E-1 4.86643E-1 5.37667E-1 3.51849E-1 3.45186E-1 2.02294E-1 2.99733E-1 5.0894E-1 5.24977E-1 5.00259E-1 5.15951E-1 3.69834E-1 4.61718E-1 3.70569E-1 1.07226E-1 5.45725E-2 6.21625E-2 5.24968E-2 1.43363E-1 5.39062E-2 4.93422E-2 1.24196E-1 1.56371E-1 6.05166E-2 6.33726E-2 6.95723E-2 1.06208E-1 1.79428E-1 2.2021E-1 2.37269E-1 2.30313E-1 2.24176E-1 1.80533E-1 2.00679E-1 1.80825E-1 1.7398E-1 1.18508E-1 1.15019E-1 1.32507E-1 1.36495E-1 1.66811E-1 1.68016E-1 1.36736E-1 1.13547E-1 1.03323E-1 1.19477E-1 1.87631E-1 8.68107E-2
3.35032E-1 3.3081E-1 2.95278E-1 2.67234E-1 2.91248E-1 3.7846E-1 3.95316E-1 3.9975E-1 3.55757E-1 4.16538E-1 4.29715E-1 4.39162E-1 4.53449E-1 4.64286E-1 4.68405E-1 4.92782E-1 5.02949E-1 5.11455E-1 4.98818E-1 5.03504E-1 5.26571E-1 4.92346E-1 4.77692E-1 5.30104E-1 5.33316E-1 5.30192E-1 5.36531E-1 4.93961E-1 3.10116E-1 3.30062E-1 2.9715E-1 4.96369E-1 5.04725E-1 4.94772E-1 5.15645E-1 4.76865E-1 4.64989E-1 4.79576E-1 2.04306E-1 7.06262E-2 1.28945E-1 2.82887E-1 9.97518E-2 6.79817E-2 2.79032E-2 7.64799E-2 2.11083E-1 1.10047E-1 7.50185E-2 9.14573E-2 7.98114E-2 1.8878E-1 2.48483E-1 2.53437E-1 2.20423E-1 2.14978E-1 2.11822E-1 1.95791E-1 1.73206E-1 1.81603E-1 1.26175E-1 9.40504E-2 1.07511E-1 1.17304E-1 1.37161E-1 1.61492E-1 1.18237E-1 1.03749E-1 9.24174E-2 1.53432E-1 1.00019E-1 5.59192E-2
3.58476E-1 3.54869E-1 3.52806E-1 3.21125E-1 3.35108E-1 3.38057E-1 3.97898E-1 3.99339E-1 4.05734E-1 4.14789E-1 4.26123E-1 4.34579E-1 4.45714E-1 4.63535E-1 4.88811E-1 4.95905E-1 5.0553E-1 5.0754E-1 5.14378E-1 5.18803E-1 5.27683E-1 5.1238E-1 5.13726E-1 5.28651E-1 5.30378E-1 5.2748E-1 5.34751E-1 5.34416E-1 4.70688E-1 3.62593E-1 2.63117E-1 4.63289E-1 5.07705E-1 5.17541E-1 5.15269E-1 5.15498E-1 3.30145E-1 3.91067E-1 2.76292E-1 1.47902E-1 2.4235E-1 3.41387E-1 3.63811E-2 1.87005E-2 2.78118E-2 1.93922E-1 2.53547E-1 5.49909E-2 1.32627E-1 7.87508E-2 8.5865E-2 2.48276E-1 2.65485E-1 1.94117E-1 1.87261E-1 2.03202E-1 2.31378E-1 1.85003E-1 1.84185E-1 1.81169E-1 1.76814E-1 1.41473E-1 1.23539E-1 1.02182E-1 1.1634E-1 1.27681E-1 1.13482E-1 9.97758E-2 1.06319E-1 1.44005E-1 9.82334E-2 7.19868E-2
3.56989E-1 3.52131E-1 3.49606E-1 3.50708E-1 3.54612E-1 3.58234E-1 3.88747E-1 3.98645E-1 3.96955E-1 4.10681E-1 4.25764E-1 4.35739E-1 4.65284E-1 4.81845E-1 4.90407E-1 4.92582E-1 5.05698E-1 5.13636E-1 5.19955E-1 5.26012E-1 5.20508E-1 5.24527E-1 5.25864E-1 5.27779E-1 5.27887E-1 5.30602E-1 5.29882E-1 5.30699E-1 5.27166E-1 4.54261E-1 4.11221E-1 3.83626E-1 4.96415E-1 5.43035E-1 5.34717E-1 5.14204E-1 4.77502E-1 3.30147E-1 3.46342E-1 3.27907E-1 3.85995E-1 2.33639E-1 4.35262E-2 2.264E-2 2.07664E-2 9.57539E-2 2.5526E-1 7.50371E-2 1.90456E-1 5.15724E-2 7.30189E-2 2.59797E-1 1.62175E-1 1.32497E-1 2.30576E-1 1.81913E-1 1.92023E-1 1.48915E-1 1.86472E-1 2.10842E-1 1.95991E-1 1.53054E-1 1.24527E-1 1.14969E-1 9.98138E-2 1.48119E-1 8.40341E-2 1.0605E-1 1.15721E-1 9.57584E-2 1.6925E-1 7.34587E-2
3.62907E-1 3.57201E-1 3.55289E-1 3.58121E-1 3.74037E-1 3.81779E-1 3.88595E-1 3.98615E-1 4.03191E-1 4.31769E-1 4.44165E-1 4.37299E-1 4.54953E-1 4.75006E-1 4.68604E-1 4.85735E-1 4.97576E-1 5.16321E-1 5.19074E-1 5.2054E-1 5.2355E-1 5.25165E-1 5.23921E-1 5.2875E-1 5.27886E-1 5.42633E-1 5.24012E-1 5.41391E-1 5.43929E-1 5.28226E-1 4.33654E-1 4.36022E-1 4.26727E-1 5.05032E-1 5.3844E-1 5.12455E-1 4.96996E-1 2.20752E-1 3.83849E-1 3.47803E-1 2.34583E-1 1.12388E-1 4.56835E-2 2.48317E-2 3.27796E-2 1.79629E-1 2.85522E-1 2.41261E-1 9.36338E-2 6.5675E-2 8.50901E-2 1.18639E-1 8.25195E-2 2.28322E-1 2.53453E-1 1.72965E-1 2.90281E-1 1.95003E-1 1.96916E-1 1.95018E-1 2.15974E-1 1.34931E-1 1.41151E-1 1.61353E-1 1.10844E-1 1.43455E-1 9.6423E-2 1.1331E-1 8.12793E-2 1.19097E-1 1.55439E-1 9.9923E-2
3.60352E-1 3.60229E-1 3.71668E-1 3.76253E-1 3.80711E-1 3.86425E-1 3.90887E-1 3.99533E-1 4.09014E-1 4.4269E-1 4.48756E-1 4.53099E-1 4.52101E-1 4.68722E-1 4.75423E-1 4.8474E-1 5.13446E-1 4.96445E-1 5.13425E-1 5.13568E-1 5.40255E-1 5.23808E-1 5.23289E-1 5.24608E-1 5.42374E-1 5.43225E-1 5.43367E-1 5.49388E-1 5.46244E-1 5.47889E-1 4.6578E-1 4.63593E-1 4.11352E-1 4.54758E-1 4.90878E-1 5.16363E-1 4.03101E-1 3.2313E-1 4.3667E-1 3.84237E-1 2.04412E-1 1.02343E-1 6.07427E-2 3.55214E-2 2.34511E-2 4.50713E-2 2.23523E-1 3.07171E-1 1.77052E-1 1.50306E-1 6.95259E-2 6.66886E-2 8.82387E-2 1.06863E-1 3.12293E-1 1.82128E-1 1.96126E-1 1.69875E-1 1.65923E-1 1.7538E-1 1.85671E-1 1.8288E-1 1.82672E-1 1.24875E-1 1.12275E-1 1.05127E-1 8.73691E-2 1.03592E-1 9.11997E-2 1.11018E-1 1.59773E-1 1.22414E-1
3.80496E-1 3.79874E-1 3.75763E-1 3.88242E-1 3.85773E-1 3.77087E-1 3.89704E-1 4.15353E-1 4.15707E-1 4.43737E-1 4.40817E-1 4.55999E-1 4.59224E-1 4.88188E-1 4.68131E-1 4.77671E-1 5.04704E-1 5.24871E-1 5.0529E-1 5.06525E-1 5.4194E-1 5.4437E-1 5.43333E-1 5.43952E-1 5.45783E-1 5.48034E-1 5.4923E-1 5.47176E-1 5.59566E-1 5.45327E-1 5.0449E-1 4.79767E-1 4.54829E-1 4.57508E-1 5.26425E-1 5.01252E-1 4.56823E-1 2.71866E-1 4.66145E-1 2.3419E-1 1.29073E-1 1.18907E-1 5.77184E-2 3.28957E-2 2.83819E-2 6.79657E-2 2.17552E-1 2.82076E-1 3.15948E-1 2.87829E-1 1.34809E-1 7.28739E-2 5.05935E-2 1.54822E-1 2.99327E-1 1.94148E-1 2.29415E-1 1.289E-1 2.01745E-1 1.47939E-1 1.8885E-1 1.99896E-1 1.91568E-1 8.00131E-2 1.07371E-1 1.0143E-1 1.09013E-1 1.06738E-1 1.20635E-1 8.22646E-2 1.43465E-1 1.33088E-1
3.85065E-1 3.78578E-1 3.78341E-1 4.03976E-1 3.95395E-1 4.09767E-1 4.15964E-1 4.1616E-1 4.36682E-1 4.38274E-1 4.48085E-1 4.44765E-1 4.74556E-1 4.79021E-1 -9999 -9999 -9999 5.23537E-1 5.21764E-1 5.20725E-1 5.3956E-1 5.40365E-1 5.43842E-1 5.42381E-1 5.41372E-1 5.39048E-1 5.40911E-1 5.4074E-1 5.58533E-1 5.58507E-1 4.93793E-1 4.74132E-1 4.97283E-1 4.7253E-1 5.42887E-1 5.14243E-1 4.45859E-1 3.39291E-1 3.72922E-1 2.43459E-1 2.20625E-1 2.69298E-1 1.19353E-1 1.64572E-1 6.80881E-2 7.52376E-2 1.97478E-1 2.75121E-1 3.13871E-1 1.93847E-1 2.08586E-1 7.56199E-2 2.40082E-1 3.32305E-1 3.5293E-1 2.59463E-1 1.69684E-1 1.39703E-1 1.79939E-1 1.74066E-1 1.77336E-1 2.40156E-1 1.53272E-1 9.41832E-2 9.06336E-2 1.16412E-1 1.30328E-1 1.36368E-1 1.54245E-1 7.72755E-2 1.42479E-1 2.26401E-1
3.77475E-1 3.87672E-1 4.07116E-1 4.08446E-1 4.14763E-1 4.08097E-1 4.06945E-1 4.20031E-1 4.36676E-1 4.2102E-1 4.43644E-1 4.57452E-1 -9999 -9999 -9999 -9999 -9999 -9999 -9999 5.44411E-1 5.32328E-1 5.31224E-1 5.3324E-1 5.32742E-1 5.35454E-1 5.3037E-1 5.32819E-1 5.31587E-1 5.52651E-1 5.54229E-1 5.05468E-1 5.01589E-1 5.08363E-1 4.88675E-1 5.06597E-1 5.27457E-1 4.62107E-1 3.48927E-1 3.46597E-1 3.52232E-1 3.34239E-1 3.22182E-1 3.30571E-1 1.22565E-1 6.21741E-2 1.07906E-1 1.97884E-1 2.6514E-1 3.35641E-1 3.57243E-1 3.27652E-1 1.29808E-1 3.52167E-1 2.23191E-1 2.72034E-1 3.69959E-1 1.87984E-1 1.37822E-1 1.16708E-1 1.38675E-1 2.59103E-1 2.22395E-1 1.05636E-1 1.47302E-1 1.55926E-1 1.60082E-1 1.84531E-1 1.60161E-1 1.13366E-1 1.25871E-1 1.90596E-1 1.72112E-1
4.07735E-1 4.03591E-1 4.05537E-1 4.00857E-1 4.19879E-1 4.13232E-1 4.13775E-1 -9999 4.51071E-1 4.53154E-1 4.66855E-1 4.70678E-1 4.7765E-1 -9999 -9999 -9999 -9999 -9999 -9999 -9999 5.38775E-1 5.40767E-1 5.41194E-1 5.24758E-1 5.54408E-1 5.4748E-1 5.50336E-1 5.46741E-1 5.43169E-1 5.45024E-1 5.44643E-1 5.33742E-1 5.10384E-1 5.00535E-1 5.24471E-1 5.20042E-1 4.7223E-1 4.50793E-1 3.92082E-1 3.35926E-1 3.30201E-1 3.11287E-1 3.2584E-1 2.6755E-1 2.32688E-1 2.48108E-1 1.17018E-1 2.39131E-1 3.18048E-1 3.71981E-1 3.72931E-1 4.24196E-1 2.16536E-1 9.81645E-2 2.50404E-1 3.34346E-1 2.48928E-1 2.42378E-1 1.99899E-1 1.82704E-1 3.03692E-1 2.85252E-1 1.34043E-1 1.78623E-1 2.12962E-1 2.14788E-1 1.85846E-1 1.44944E-1 1.04408E-1 1.63678E-1 1.27565E-1 1.24147E-1
-9999 -9999 4.3554E-1 4.30827E-1 4.35129E-1 4.29836E-1 4.40517E-1 -9999 -9999 -9999 -9999 4.98369E-1 4.99827E-1 -9999 -9999 -9999 -9999 -9999 -9999 -9999 -9999 -9999 5.65026E-1 5.47939E-1 5.43637E-1 5.36867E-1 5.60618E-1 5.38453E-1 5.60255E-1 5.4301E-1 5.37515E-1 5.16692E-1 5.04677E-1 4.90586E-1 5.1579E-1 5.35031E-1 5.32521E-1 5.08061E-1 4.89255E-1 3.17949E-1 3.38483E-1 3.8513E-1 3.34657E-1 3.16563E-1 2.64835E-1 3.00238E-1 2.49096E-1 2.26969E-1 2.75378E-1 3.32803E-1 3.81348E-1 3.31103E-1 9.43054E-2 1.32396E-1 2.29029E-1 2.76783E-1 2.04043E-1 1.76794E-1 1.67329E-1 2.57739E-1 3.46911E-1 3.16994E-1 2.94534E-1 2.46042E-1 2.38822E-1 1.79987E-1 1.43432E-1 1.44488E-1 1.40285E-1 1.11003E-1 1.1363E-1 1.76509E-1
-9999 -9999 -9999 -9999 -9999 -9999 -9999 -9999 -9999 -9999 -9999 -9999 -9999 -9999 -9999 -9999 -9999 -9999 -9999 -9999 -9999 -9999 -9999 -9999 5.63614E-1 -9999 -9999 5.57907E-1 5.59346E-1 5.59128E-1 5.54182E-1 5.45011E-1 5.04249E-1 5.05307E-1 5.41886E-1 5.36145E-1 5.32598E-1 5.25542E-1 4.7126E-1 3.41491E-1 3.96206E-1 4.18544E-1 4.76925E-1 3.89979E-1 3.37223E-1 3.11756E-1 2.96346E-1 3.22795E-1 2.78432E-1 3.37203E-1 1.29588E-1 3.91139E-1 1.85565E-1 1.35997E-1 3.03284E-1 2.11631E-1 1.88615E-1 1.84126E-1 1.77459E-1 2.25541E-1 3.12025E-1 3.50629E-1 3.36438E-1 2.32901E-1 1.70622E-1 1.2192E-1 1.19215E-1 1.1274E-1 1.0835E-1 1.28659E-1 1.49899E-1 1.50914E-1
-9999 -9999 -9999 -9999 -9999 -9999 -9999 -9999 -9999 -9999 -9999 -9999 -9999 -9999 -9999 -9999 -9999 -9999 -9999 -9999 -9999 -9999 -9999 -9999 -9999 -9999 -9999 -9999 -9999 -9999 -9999 -9999 5.68842E-1 5.4312E-1 5.45785E-1 5.21148E-1 5.17753E-1 5.11278E-1 5.0929E-1 3.91956E-1 5.1727E-1 5.2741E-1 5.19763E-1 5.29337E-1 4.63285E-1 3.36464E-1 3.08249E-1 3.66339E-1 3.53562E-1 3.66763E-1 2.58932E-1 4.59252E-1 2.13032E-1 1.9143E-1 2.56096E-1 1.38092E-1 2.0585E-1 2.65407E-1 1.74364E-1 2.12701E-1 3.55956E-1 3.80919E-1 3.36494E-1 2.69476E-1 1.64825E-1 1.08297E-1 1.20234E-1 1.19231E-1 1.22002E-1 9.74649E-2 1.07249E-1 1.06951E-1
-9999 -9999 -9999 -9999 -9999 -9999 -9999 -9999 -9999 -9999 -9999 -9999 -9999 -9999 -9999 -9999 -9999 -9999 -9999 -9999 -9999 -9999 -9999 -9999 -9999 -9999 -9999 -9999 -9999 -9999 -9999 -9999 -9999 5.64828E-1 5.64546E-1 5.40949E-1 5.5701E-1 5.36789E-1 5.35965E-1 4.98654E-1 5.38893E-1 5.36639E-1 5.46869E-1 5.35031E-1 5.3374E-1 4.62303E-1 4.26627E-1 4.75596E-1 4.73318E-1 4.71356E-1 3.96509E-1 1.61165E-1 3.14422E-1 2.18413E-1 1.58365E-1 1.55373E-1 2.68516E-1 3.57491E-1 1.83048E-1 2.50546E-1 3.63888E-1 3.82721E-1 3.47917E-1 2.9294E-1 2.2333E-1 1.1177E-1 1.09355E-1 1.07218E-1 1.0301E-1 8.28175E-2 8.76619E-2 7.57111E-2
-9999 -9999 -9999 -9999 -9999 -9999 -9999 -9999 -9999 -9999 -9999 -9999 -9999 -9999 -9999 -9999 -9999 -9999 -9999 -9999 -9999 -9999 -9999 -9999 -9999 -9999 -9999 -9999 -9999 -9999 -9999 -9999 -9999 -9999 -9999 -9999 -9999 -9999 -9999 5.48806E-1 5.48446E-1 5.51028E-1 5.41738E-1 5.27062E-1 4.8686E-1 5.0358E-1 4.99071E-1 4.84113E-1 4.85556E-1 4.68358E-1 2.67836E-1 2.15996E-1 2.27259E-1 1.78413E-1 1.67026E-1 1.63194E-1 3.55873E-1 4.20845E-1 1.9043E-1 2.44597E-1 3.57855E-1 3.97453E-1 3.40683E-1 3.31426E-1 2.01636E-1 1.2561E-1 1.43692E-1 9.06836E-2 8.08657E-2 9.38341E-2 7.478E-2 8.35433E-2
-9999 -9999 -9999 -9999 -9999 -9999 -9999 -9999 -9999 -9999 -9999 -9999 -9999 -9999 -9999 -9999 -9999 -9999 -9999 -9999 -9999 -9999 -9999 -9999 -9999 -9999 -9999 -9999 -9999 -9999 -9999 -9999 -9999 -9999 -9999 -9999 -9999 -9999 -9999 -9999 -9999 -9999 -9999 4.69233E-1 4.92089E-1 5.14641E-1 5.37715E-1 5.38038E-1 4.99094E-1 2.28234E-1 1.8475E-1 1.83594E-1 1.52353E-1 1.8344E-1 1.7349E-1 1.99471E-1 4.39386E-1 4.49152E-1 3.64927E-1 2.94804E-1 3.44733E-1 3.66566E-1 3.2128E-1 3.18989E-1 2.05921E-1 1.61013E-1 1.36654E-1 1.28382E-1 1.029E-1 1.3077E-1 8.08568E-2 8.9729E-2
-9999 -9999 -9999 -9999 -9999 -9999 -9999 -9999 -9999 -9999 -9999 -9999 -9999 -9999 -9999 -9999 -9999 -9999 -9999 -9999 -9999 -9999 -9999 -9999 -9999 -9999 -9999 -9999 -9999 -9999 -9999 -9999 -9999 -9999 -9999 -9999 -9999 -9999 -9999 -9999 -9999 -9999 -9999 -9999 5.4892E-1 5.56625E-1 5.57293E-1 5.18825E-1 2.91348E-1 1.93835E-1 1.92811E-1 1.91137E-1 1.51985E-1 1.90707E-1 1.81981E-1 2.0582E-1 5.1574E-1 4.63409E-1 3.77131E-1 3.25113E-1 3.93258E-1 3.20346E-1 2.70015E-1 2.56717E-1 2.7553E-1 2.26203E-1 2.2099E-1 1.38247E-1 1.25487E-1 1.39102E-1 8.79957E-2 7.99336E-2
-9999 -9999 -9999 -9999 -9999 -9999 -9999 -9999 -9999 -9999 -9999 -9999 -9999 -9999 -9999 -9999 -9999 -9999 -9999 -9999 -9999 -9999 -9999 -9999 -9999 -9999 -9999 -9999 -9999 -9999 -9999 -9999 -9999 -9999 -9999 -9999 -9999 -9999 -9999 -9999 -9999 -9999 -9999 -9999 -9999 -9999 -9999 -9999 -9999 1.93305E-1 1.92615E-1 1.92511E-1 1.89341E-1 1.87904E-1 2.32266E-1 2.49504E-1 3.96436E-1 4.36474E-1 4.19754E-1 3.44111E-1 3.58389E-1 2.93402E-1 2.14754E-1 2.36702E-1 2.49007E-1 1.69538E-1 2.15104E-1 1.55012E-1 1.74165E-1 1.48732E-1 1.01585E-1 6.88374E-2
-9999 -9999 -9999 -9999 -9999 -9999 -9999 -9999 -9999 -9999 -9999 -9999 -9999 -9999 -9999 -9999 -9999 -9999 -9999 -9999 -9999 -9999 -9999 -9999 -9999 -9999 -9999 -9999 -9999 -9999 -9999 -9999 -9999 -9999 -9999 -9999 -9999 -9999 -9999 -9999 -9999 -9999 -9999 -9999 -9999 -9999 -9999 -9999 -9999 -9999 1.9375E-1 1.92453E-1 2.37376E-1 2.27471E-1 3.3368E-1 3.07941E-1 3.60784E-1 4.62755E-1 4.66486E-1 3.20534E-1 3.2236E-1 2.67926E-1 2.15321E-1 2.20392E-1 2.3925E-1 1.80006E-1 1.60981E-1 1.78882E-1 1.6083E-1 1.21027E-1 9.17867E-2 7.9714E-2
-9999 -9999 -9999 -9999 -9999 -9999 -9999 -9999 -9999 -9999 -9999 -9999 -9999 -9999 -9999 -9999 -9999 -9999 -9999 -9999 -9999 -9999 -9999 -9999 -9999 -9999 -9999 -9999 -9999 -9999 -9999 -9999 -9999 -9999 -9999 -9999 -9999 -9999 -9999 -9999 -9999 -9999 -9999 -9999 -9999 -9999 -9999 -9999 -9999 -9999 2.01723E-1 2.3776E-1 2.92035E-1 3.3358E-1 4.70546E-1 4.46475E-1 4.77181E-1 4.82004E-1 4.96844E-1 3.47074E-1 3.2503E-1 2.84431E-1 2.51117E-1 2.48936E-1 2.44843E-1 2.26648E-1 1.40361E-1 1.25257E-1 1.19787E-1 1.01106E-1 1.29378E-1 1.01052E-1
-9999 -9999 -9999 -9999 -9999 -9999 -9999 -9999 -9999 -9999 -9999 -9999 -9999 -9999 -9999 -9999 -9999 -9999 -9999 -9999 -9999 -9999 -9999 -9999 -9999 -9999 -9999 -9999 -9999 -9999 -9999 -9999 -9999 -9999 -9999 -9999 -9999 -9999 -9999 -9999 -9999 -9999 -9999 -9999 -9999 -9999 -9999 -9999 -9999 -9999 -9999 3.02763E-1 3.51656E-1 4.15853E-1 5.07141E-1 5.16683E-1 4.74561E-1 4.72772E-1 5.0377E-1 3.83661E-1 3.40093E-1 2.96192E-1 2.68473E-1 2.68614E-1 2.74126E-1 1.75835E-1 1.12542E-1 1.61241E-1 1.39285E-1 1.05677E-1 1.54206E-1 1.23723E-1
-9999 -9999 -9999 -9999 -9999 -9999 -9999 -9999 -9999 -9999 -9999 -9999 -9999 -9999 -9999 -9999 -9999 -9999 -9999 -9999 -9999 -9999 -9999 -9999 -9999 -9999 -9999 -9999 -9999 -9999 -9999 -9999 -9999 -9999 -9999 -9999 -9999 -9999 -9999 -9999 -9999 -9999 -9999 -9999 -9999 -9999 -9999 -9999 -9999 -9999 -9999 -9999 4.08566E-1 5.52121E-1 5.31145E-1 5.17238E-1 4.57099E-1 4.7767E-1 4.63253E-1 4.92364E-1 3.83879E-1 3.43254E-1 3.18372E-1 3.35912E-1 2.92788E-1 2.0205E-1 1.61366E-1 2.10418E-1 1.76895E-1 1.27873E-1 1.70436E-1 1.57637E-1
