Artocarpus altilis SDM files/MIS19/results (with bias file)/Artalt_7.asc
ncols         1201
nrows         481
xllcorner     119.99986351115
yllcorner     -15.00013828885
cellsize      0.041666667
NODATA_value  -9999
[rows 416 to 447 of 481, columns 216 to 287 of 1201]
-9999 -9999 -9999 -9999 -9999 -9999 -9999 -9999 -9999 -9999 -9999 -9999 -9999 -9999 -9999 -9999 -9999 -9999 -9999 -9999 -9999 -9999 -9999 -9999 -9999 -9999 -9999 -9999 -9999 -9999 -9999 -9999 -9999 -9999 -9999 -9999 -9999 -9999 -9999 -9999 -9999 -9999 -9999 -9999 -9999 9.88095E-2 -9999 -9999 8.96043E-2 8.13381E-2 8.4593E-2 7.62804E-2 6.25677E-2 5.83999E-2 5.67103E-2 5.11246E-2 5.07877E-2 4.87956E-2 4.83714E-2 4.65035E-2 4.75671E-2 4.37622E-2 4.45984E-2 4.38869E-2 4.38411E-2 4.30949E-2 4.26036E-2 4.20147E-2 4.45886E-2 4.24663E-2 4.15867E-2 3.95617E-2
-9999 -9999 -9999 -9999 -9999 -9999 -9999 -9999 -9999 -9999 -9999 -9999 -9999 -9999 -9999 -9999 -9999 -9999 -9999 -9999 -9999 -9999 -9999 -9999 -9999 -9999 -9999 -9999 -9999 -9999 -9999 -9999 -9999 -9999 -9999 -9999 -9999 -9999 -9999 -9999 -9999 -9999 -9999 -9999 9.79493E-2 9.4344E-2 8.98463E-2 8.27577E-2 7.46933E-2 7.71958E-2 7.31822E-2 7.601E-2 6.90116E-2 5.51176E-2 4.90435E-2 4.87703E-2 4.59369E-2 4.39901E-2 4.18526E-2 4.22711E-2 3.9869E-2 3.95332E-2 3.79832E-2 3.77244E-2 3.80071E-2 3.78056E-2 3.75274E-2 3.6926E-2 3.94158E-2 3.9477E-2 3.38046E-2 3.21046E-2
-9999 -9999 -9999 -9999 -9999 -9999 -9999 -9999 -9999 -9999 -9999 -9999 -9999 -9999 -9999 -9999 -9999 -9999 -9999 -9999 -9999 -9999 -9999 -9999 -9999 -9999 -9999 -9999 -9999 -9999 -9999 -9999 -9999 -9999 -9999 -9999 -9999 1.72421E-1 1.59821E-1 1.54833E-1 1.29692E-1 -9999 -9999 1.06333E-1 1.00213E-1 1.03835E-1 8.65642E-2 7.64023E-2 7.18379E-2 7.09557E-2 6.76237E-2 6.34895E-2 6.40552E-2 5.05945E-2 4.60134E-2 4.50475E-2 4.28864E-2 3.95943E-2 3.9048E-2 4.31549E-2 3.68317E-2 3.52747E-2 3.46062E-2 3.3914E-2 3.56114E-2 3.49163E-2 3.42866E-2 3.67914E-2 3.62783E-2 3.49806E-2 2.92921E-2 3.05126E-2
-9999 -9999 -9999 -9999 -9999 -9999 -9999 -9999 -9999 -9999 -9999 -9999 -9999 -9999 -9999 -9999 -9999 -9999 -9999 -9999 -9999 -9999 -9999 -9999 -9999 -9999 -9999 -9999 -9999 -9999 -9999 -9999 -9999 -9999 2.09206E-1 -9999 -9999 1.7006E-1 1.59416E-1 1.57452E-1 1.39814E-1 1.27312E-1 1.03235E-1 1.0394E-1 9.71196E-2 1.0268E-1 9.38564E-2 8.3612E-2 7.72424E-2 6.4833E-2 6.10961E-2 5.92855E-2 5.29406E-2 4.54679E-2 4.28391E-2 4.09443E-2 3.74231E-2 3.55814E-2 3.50149E-2 3.52297E-2 3.25265E-2 3.263E-2 3.10844E-2 3.0445E-2 2.98713E-2 2.92921E-2 2.99138E-2 3.18671E-2 3.11674E-2 3.22766E-2 3.12656E-2 3.12081E-2
-9999 -9999 -9999 -9999 -9999 -9999 -9999 -9999 -9999 -9999 -9999 -9999 -9999 -9999 -9999 -9999 -9999 -9999 -9999 -9999 -9999 -9999 -9999 -9999 -9999 -9999 -9999 -9999 -9999 -9999 -9999 -9999 -9999 -9999 2.17358E-1 -9999 -9999 1.66458E-1 1.4726E-1 1.39082E-1 1.28164E-1 1.25594E-1 1.00875E-1 9.07983E-2 9.42325E-2 7.84044E-2 7.38672E-2 8.47153E-2 7.56662E-2 6.00629E-2 6.06985E-2 5.92711E-2 4.90392E-2 4.00721E-2 3.73057E-2 3.76992E-2 3.67563E-2 3.51753E-2 3.38077E-2 3.32421E-2 3.47472E-2 2.96909E-2 2.85679E-2 2.82291E-2 2.86831E-2 2.7186E-2 2.74293E-2 2.95792E-2 2.86885E-2 2.73975E-2 2.64322E-2 2.65449E-2
-9999 -9999 -9999 -9999 -9999 -9999 -9999 -9999 -9999 -9999 -9999 -9999 -9999 -9999 -9999 -9999 -9999 -9999 -9999 -9999 -9999 -9999 -9999 -9999 -9999 -9999 -9999 -9999 -9999 -9999 -9999 -9999 -9999 2.1435E-1 1.99584E-1 -9999 -9999 1.55863E-1 1.64744E-1 1.49597E-1 1.33543E-1 1.04871E-1 9.76831E-2 8.42301E-2 7.79128E-2 6.85826E-2 6.67369E-2 7.36796E-2 6.72807E-2 6.47177E-2 5.52691E-2 5.62692E-2 4.44965E-2 3.91489E-2 3.64739E-2 3.43923E-2 3.36596E-2 3.3231E-2 3.1772E-2 3.08314E-2 3.27783E-2 3.03115E-2 2.57041E-2 2.51349E-2 2.46583E-2 2.53201E-2 2.71974E-2 2.56675E-2 2.64952E-2 2.82378E-2 2.30191E-2 2.3488E-2
-9999 -9999 -9999 -9999 -9999 -9999 -9999 -9999 -9999 -9999 -9999 -9999 -9999 -9999 -9999 -9999 -9999 -9999 -9999 -9999 -9999 -9999 -9999 -9999 -9999 -9999 -9999 -9999 -9999 -9999 -9999 -9999 -9999 2.11863E-1 2.0467E-1 1.7816E-1 1.70021E-1 1.56347E-1 1.63529E-1 1.39621E-1 1.22667E-1 1.02571E-1 8.23193E-2 7.74964E-2 7.20254E-2 6.67592E-2 6.48847E-2 5.95828E-2 6.20809E-2 6.34272E-2 5.61718E-2 5.48315E-2 4.4266E-2 3.4923E-2 3.41569E-2 3.20479E-2 3.12085E-2 2.65821E-2 2.56148E-2 2.7724E-2 3.04704E-2 2.6783E-2 2.20696E-2 2.42023E-2 2.38198E-2 2.31642E-2 2.21527E-2 2.31801E-2 2.3344E-2 2.49114E-2 2.11776E-2 2.07676E-2
-9999 -9999 -9999 -9999 -9999 -9999 -9999 -9999 -9999 -9999 -9999 -9999 -9999 -9999 -9999 -9999 -9999 -9999 -9999 -9999 -9999 -9999 -9999 -9999 -9999 -9999 -9999 -9999 -9999 -9999 -9999 -9999 2.26338E-1 2.16957E-1 1.96133E-1 1.73454E-1 1.67009E-1 1.52306E-1 1.38896E-1 1.38352E-1 1.23377E-1 9.61584E-2 7.89744E-2 8.4344E-2 6.72008E-2 6.11671E-2 5.9476E-2 5.70715E-2 5.65281E-2 5.55916E-2 5.64764E-2 4.8288E-2 4.7956E-2 3.6859E-2 3.14267E-2 2.85343E-2 2.54872E-2 2.5227E-2 2.76738E-2 2.88956E-2 2.78267E-2 2.49125E-2 2.10978E-2 2.04035E-2 2.00763E-2 1.97416E-2 2.19325E-2 2.22223E-2 2.05901E-2 1.97522E-2 1.92876E-2 1.85548E-2
-9999 -9999 -9999 -9999 -9999 -9999 -9999 -9999 -9999 -9999 -9999 -9999 -9999 -9999 -9999 -9999 -9999 -9999 -9999 -9999 -9999 -9999 -9999 -9999 -9999 -9999 -9999 -9999 -9999 -9999 -9999 -9999 2.32016E-1 2.13058E-1 1.92952E-1 1.73927E-1 1.60683E-1 1.46113E-1 1.29333E-1 1.21328E-1 1.21789E-1 1.05013E-1 8.86437E-2 8.06558E-2 6.4727E-2 6.06825E-2 5.49498E-2 5.47218E-2 5.55744E-2 5.1058E-2 4.88927E-2 5.2274E-2 3.73864E-2 3.07419E-2 2.97463E-2 2.47166E-2 2.38389E-2 2.20049E-2 2.11256E-2 2.46918E-2 2.50291E-2 2.28662E-2 1.93779E-2 1.72649E-2 1.84178E-2 1.89571E-2 2.09042E-2 1.93631E-2 2.06388E-2 1.99981E-2 1.91221E-2 1.86964E-2
-9999 -9999 -9999 -9999 -9999 -9999 -9999 -9999 -9999 -9999 -9999 -9999 -9999 -9999 -9999 -9999 -9999 -9999 -9999 -9999 -9999 -9999 -9999 -9999 -9999 -9999 -9999 -9999 -9999 -9999 -9999 -9999 2.42345E-1 2.05484E-1 2.06871E-1 1.63891E-1 1.52411E-1 1.2465E-1 1.15822E-1 1.06502E-1 1.03565E-1 9.68743E-2 8.60335E-2 8.58698E-2 7.07678E-2 5.65475E-2 5.27072E-2 4.99745E-2 4.75959E-2 5.03442E-2 5.03234E-2 4.48826E-2 3.55661E-2 2.87187E-2 2.4767E-2 2.25431E-2 2.18545E-2 2.42851E-2 2.20844E-2 2.28166E-2 2.31666E-2 2.07412E-2 1.78171E-2 1.50308E-2 1.67926E-2 1.70017E-2 1.82425E-2 1.965E-2 1.86758E-2 2.04201E-2 2.00235E-2 1.61928E-2
-9999 -9999 -9999 -9999 -9999 -9999 -9999 -9999 -9999 -9999 -9999 -9999 -9999 -9999 -9999 -9999 -9999 -9999 -9999 -9999 -9999 -9999 -9999 -9999 -9999 -9999 -9999 -9999 -9999 -9999 -9999 -9999 2.27019E-1 2.02391E-1 2.13132E-1 1.7897E-1 1.43003E-1 1.26626E-1 1.03835E-1 9.69963E-2 8.89992E-2 8.4653E-2 8.58704E-2 7.65771E-2 6.66733E-2 6.07312E-2 4.98824E-2 4.8207E-2 4.35503E-2 4.73889E-2 4.69568E-2 4.11643E-2 2.92359E-2 2.73424E-2 2.30468E-2 2.22577E-2 2.07566E-2 2.21665E-2 2.09236E-2 2.02106E-2 1.83239E-2 1.63185E-2 1.45868E-2 1.43408E-2 1.54334E-2 1.53282E-2 1.73787E-2 1.85293E-2 1.91776E-2 1.86631E-2 1.48077E-2 1.23719E-2
-9999 -9999 -9999 -9999 -9999 -9999 -9999 -9999 -9999 -9999 -9999 -9999 -9999 -9999 -9999 -9999 -9999 -9999 -9999 -9999 -9999 -9999 -9999 -9999 -9999 -9999 -9999 -9999 -9999 -9999 -9999 -9999 2.15561E-1 2.03822E-1 2.05475E-1 1.75743E-1 1.40769E-1 1.24037E-1 1.14243E-1 1.06536E-1 9.52531E-2 8.79462E-2 8.0606E-2 7.4061E-2 7.30528E-2 5.83762E-2 4.80864E-2 4.32159E-2 4.60524E-2 4.20487E-2 4.27373E-2 3.43232E-2 3.22207E-2 2.21247E-2 2.09165E-2 2.11836E-2 1.86564E-2 1.83653E-2 2.00852E-2 1.96884E-2 1.69297E-2 1.57309E-2 1.30458E-2 1.29253E-2 1.27945E-2 1.38819E-2 1.53715E-2 1.64484E-2 1.55518E-2 1.26491E-2 1.18796E-2 1.20763E-2
-9999 -9999 -9999 -9999 -9999 -9999 -9999 -9999 -9999 -9999 -9999 -9999 -9999 -9999 -9999 -9999 -9999 -9999 -9999 -9999 -9999 -9999 -9999 -9999 -9999 -9999 -9999 -9999 -9999 -9999 -9999 -9999 2.14717E-1 1.94309E-1 1.93254E-1 1.68854E-1 1.39844E-1 1.19999E-1 1.07165E-1 1.02501E-1 9.14876E-2 9.42521E-2 8.31703E-2 7.6087E-2 6.80532E-2 5.65203E-2 5.17419E-2 5.48908E-2 5.57947E-2 5.13078E-2 4.55203E-2 3.23125E-2 2.60159E-2 2.1339E-2 2.09545E-2 1.92968E-2 1.75039E-2 1.72676E-2 2.15569E-2 1.86999E-2 1.73559E-2 1.44616E-2 1.16085E-2 1.17406E-2 1.34011E-2 1.61994E-2 1.36452E-2 1.50701E-2 1.4375E-2 1.28781E-2 1.12912E-2 1.18295E-2
-9999 -9999 -9999 -9999 -9999 -9999 -9999 -9999 -9999 -9999 -9999 -9999 -9999 -9999 -9999 -9999 -9999 -9999 -9999 -9999 -9999 -9999 -9999 -9999 -9999 -9999 -9999 -9999 -9999 -9999 -9999 -9999 2.14974E-1 1.8868E-1 1.6799E-1 1.52469E-1 1.21893E-1 1.23101E-1 1.01243E-1 8.49973E-2 8.04001E-2 8.87351E-2 8.09815E-2 8.23324E-2 6.72867E-2 5.39087E-2 5.72653E-2 5.10406E-2 4.93222E-2 4.82277E-2 3.74167E-2 3.00612E-2 2.42361E-2 2.01778E-2 2.1854E-2 2.01336E-2 1.83663E-2 1.87189E-2 2.03501E-2 2.01819E-2 1.62748E-2 1.51621E-2 1.44945E-2 1.10251E-2 1.23368E-2 1.18247E-2 1.28973E-2 1.45798E-2 1.41558E-2 1.21134E-2 1.1327E-2 9.6223E-3
-9999 -9999 -9999 -9999 -9999 -9999 -9999 -9999 -9999 -9999 -9999 -9999 -9999 -9999 -9999 -9999 -9999 -9999 -9999 -9999 -9999 -9999 -9999 -9999 -9999 -9999 -9999 -9999 3.00459E-1 -9999 -9999 2.25372E-1 2.0154E-1 1.78741E-1 1.44987E-1 1.35711E-1 1.19858E-1 1.08349E-1 9.26393E-2 8.90756E-2 8.30293E-2 7.76204E-2 7.28932E-2 7.28394E-2 7.36762E-2 6.06896E-2 5.30176E-2 4.92217E-2 4.54512E-2 4.13105E-2 3.64532E-2 3.25336E-2 2.17274E-2 1.96492E-2 1.99266E-2 1.86357E-2 1.7227E-2 1.61409E-2 1.57501E-2 1.98479E-2 1.68636E-2 1.63816E-2 1.45087E-2 9.30473E-3 1.10011E-2 1.26684E-2 1.14137E-2 1.13005E-2 1.32009E-2 1.08051E-2 8.96898E-3 9.01003E-3
-9999 -9999 -9999 -9999 -9999 -9999 -9999 -9999 -9999 -9999 -9999 -9999 -9999 -9999 -9999 -9999 -9999 -9999 -9999 -9999 -9999 -9999 -9999 -9999 -9999 -9999 -9999 3.64711E-1 3.20488E-1 2.65621E-1 2.41921E-1 2.2506E-1 1.84828E-1 1.64087E-1 1.43132E-1 1.27274E-1 1.1572E-1 9.82243E-2 9.28426E-2 8.28174E-2 8.33818E-2 7.22196E-2 7.00352E-2 6.13113E-2 6.15361E-2 5.70346E-2 5.29971E-2 5.40356E-2 4.88776E-2 4.61565E-2 4.60179E-2 3.92102E-2 2.44545E-2 1.74001E-2 1.63627E-2 1.64726E-2 1.63314E-2 1.59818E-2 1.71893E-2 1.79311E-2 1.38119E-2 1.52456E-2 1.18589E-2 9.78347E-3 9.56654E-3 9.83518E-3 9.49178E-3 1.22327E-2 1.22928E-2 9.86644E-3 9.64805E-3 8.17203E-3
-9999 -9999 -9999 -9999 -9999 -9999 -9999 -9999 -9999 -9999 -9999 -9999 -9999 -9999 -9999 -9999 -9999 -9999 -9999 -9999 -9999 -9999 -9999 -9999 -9999 -9999 -9999 3.62017E-1 3.19697E-1 2.66499E-1 2.43625E-1 2.1965E-1 1.81518E-1 1.60676E-1 1.36739E-1 1.20122E-1 1.10313E-1 1.00032E-1 8.83417E-2 7.6974E-2 8.01552E-2 7.71643E-2 6.41755E-2 6.07653E-2 6.02032E-2 5.53162E-2 5.15892E-2 5.4585E-2 4.83788E-2 4.84291E-2 3.78692E-2 3.3324E-2 2.33366E-2 1.8373E-2 1.55177E-2 1.51745E-2 1.34829E-2 1.44286E-2 1.3312E-2 1.43807E-2 1.53547E-2 1.17711E-2 1.11081E-2 9.14406E-3 8.10741E-3 8.94524E-3 8.77739E-3 1.01322E-2 1.16597E-2 9.38047E-3 8.84192E-3 7.47608E-3
-9999 -9999 -9999 -9999 -9999 -9999 -9999 -9999 -9999 -9999 -9999 -9999 -9999 -9999 -9999 -9999 -9999 -9999 -9999 -9999 -9999 -9999 -9999 -9999 -9999 -9999 -9999 3.26739E-1 3.31001E-1 2.91496E-1 2.43325E-1 2.15219E-1 1.91136E-1 1.53247E-1 1.3078E-1 1.19447E-1 1.07768E-1 1.04939E-1 9.6443E-2 8.68272E-2 9.82373E-2 7.61535E-2 6.38607E-2 5.98113E-2 6.73091E-2 6.04053E-2 5.59248E-2 5.26694E-2 5.15694E-2 4.41616E-2 3.54738E-2 2.4457E-2 2.16982E-2 1.62655E-2 1.63205E-2 1.37007E-2 1.38652E-2 1.29707E-2 1.2463E-2 1.14703E-2 1.24563E-2 1.12468E-2 1.04222E-2 7.7605E-3 7.64828E-3 8.65198E-3 8.61781E-3 8.34777E-3 8.64169E-3 8.92554E-3 8.62304E-3 7.93947E-3
-9999 -9999 -9999 -9999 -9999 -9999 -9999 -9999 -9999 -9999 -9999 -9999 -9999 -9999 -9999 -9999 -9999 -9999 -9999 -9999 -9999 -9999 -9999 -9999 -9999 -9999 3.57014E-1 3.5882E-1 3.20016E-1 2.78923E-1 2.41209E-1 2.12016E-1 1.6864E-1 1.79927E-1 1.32809E-1 1.3256E-1 1.03592E-1 1.07465E-1 9.52576E-2 9.82356E-2 1.22353E-1 1.04842E-1 6.83568E-2 6.22846E-2 6.67432E-2 6.69762E-2 5.19172E-2 5.1461E-2 5.59737E-2 4.88212E-2 3.38301E-2 2.31236E-2 1.84439E-2 1.67183E-2 1.5843E-2 1.44186E-2 1.34074E-2 1.2277E-2 1.141E-2 1.09018E-2 1.16431E-2 9.47741E-3 8.61527E-3 8.17604E-3 6.54688E-3 8.08099E-3 7.89325E-3 7.44787E-3 8.40249E-3 8.76673E-3 9.1175E-3 7.449E-3
-9999 -9999 -9999 -9999 -9999 -9999 -9999 -9999 -9999 -9999 -9999 -9999 -9999 -9999 -9999 -9999 -9999 -9999 -9999 -9999 -9999 -9999 -9999 -9999 4.08747E-1 -9999 3.54344E-1 3.49499E-1 3.35485E-1 2.58317E-1 2.32176E-1 2.11016E-1 1.92329E-1 1.9417E-1 1.4176E-1 1.26361E-1 1.07756E-1 9.97655E-2 9.52181E-2 9.64085E-2 1.71952E-1 1.86318E-1 1.14198E-1 8.44765E-2 6.2008E-2 6.82358E-2 5.14204E-2 4.71891E-2 5.68657E-2 4.65272E-2 3.15386E-2 2.22558E-2 1.87369E-2 1.67257E-2 1.54452E-2 1.41547E-2 1.23671E-2 1.23555E-2 1.28388E-2 1.07866E-2 1.12335E-2 8.58721E-3 8.28798E-3 6.86896E-3 7.41332E-3 7.3913E-3 7.20379E-3 6.85033E-3 7.67522E-3 8.51039E-3 7.34572E-3 6.9788E-3
-9999 -9999 -9999 -9999 -9999 -9999 -9999 -9999 -9999 -9999 -9999 -9999 -9999 -9999 -9999 -9999 -9999 -9999 -9999 -9999 -9999 -9999 -9999 -9999 3.99535E-1 4.20316E-1 3.44553E-1 3.44242E-1 3.14989E-1 2.56471E-1 2.31229E-1 2.0826E-1 1.61808E-1 1.46819E-1 1.41301E-1 1.20494E-1 9.60393E-2 8.752E-2 8.22212E-2 8.57644E-2 1.57398E-1 2.18482E-1 2.09704E-1 1.41526E-1 7.43173E-2 6.81129E-2 5.50096E-2 4.97562E-2 5.23823E-2 3.93105E-2 2.74402E-2 2.12767E-2 1.73109E-2 1.60812E-2 1.45778E-2 1.32047E-2 1.21083E-2 1.13294E-2 1.05371E-2 1.19313E-2 1.17431E-2 8.54031E-3 8.34687E-3 7.93167E-3 7.47367E-3 7.2569E-3 6.64057E-3 6.32061E-3 7.08133E-3 6.64752E-3 6.6384E-3 6.93198E-3
-9999 -9999 -9999 -9999 -9999 -9999 -9999 -9999 -9999 -9999 -9999 -9999 -9999 -9999 -9999 -9999 -9999 -9999 -9999 -9999 -9999 -9999 -9999 -9999 4.01043E-1 3.77759E-1 3.32312E-1 3.05298E-1 2.79271E-1 2.46495E-1 2.24344E-1 1.76947E-1 1.54248E-1 1.3553E-1 1.20733E-1 1.06546E-1 9.41765E-2 8.36182E-2 7.74029E-2 6.97037E-2 9.77316E-2 1.8285E-1 2.12732E-1 1.81115E-1 1.26796E-1 6.30946E-2 6.04407E-2 5.4012E-2 4.31306E-2 3.34144E-2 2.94467E-2 1.97726E-2 1.73685E-2 1.55258E-2 1.59506E-2 1.32813E-2 1.33983E-2 1.1906E-2 9.85973E-3 1.08239E-2 1.04687E-2 9.69219E-3 8.83254E-3 8.52681E-3 6.94424E-3 6.90306E-3 9.0684E-3 8.02098E-3 7.64497E-3 7.44597E-3 8.05025E-3 7.48809E-3
-9999 -9999 -9999 -9999 -9999 -9999 -9999 -9999 -9999 -9999 -9999 -9999 -9999 -9999 -9999 -9999 -9999 -9999 -9999 -9999 -9999 -9999 -9999 -9999 -9999 3.46238E-1 3.31448E-1 -9999 2.73744E-1 2.47095E-1 2.10663E-1 1.8954E-1 1.50249E-1 1.27939E-1 1.18506E-1 1.03222E-1 9.47309E-2 9.05466E-2 7.16067E-2 6.7468E-2 7.09692E-2 1.12165E-1 1.72571E-1 1.56973E-1 8.52123E-2 6.89452E-2 6.18827E-2 5.13918E-2 4.1949E-2 3.21307E-2 2.41166E-2 1.90664E-2 1.79588E-2 1.69766E-2 1.54593E-2 1.23907E-2 1.53969E-2 1.1577E-2 1.14E-2 1.06007E-2 9.89644E-3 1.02913E-2 9.72429E-3 7.86124E-3 7.01509E-3 1.06663E-2 1.12072E-2 7.40621E-3 7.16767E-3 5.87685E-3 6.62381E-3 6.03545E-3
-9999 -9999 -9999 -9999 -9999 -9999 -9999 -9999 -9999 -9999 -9999 -9999 -9999 -9999 -9999 -9999 -9999 -9999 -9999 -9999 -9999 -9999 -9999 -9999 -9999 -9999 -9999 -9999 -9999 2.3552E-1 2.01822E-1 1.6304E-1 1.50279E-1 1.25946E-1 1.20062E-1 1.00548E-1 1.02375E-1 1.01523E-1 7.88279E-2 6.06044E-2 5.56985E-2 6.22815E-2 8.11861E-2 9.16488E-2 7.34902E-2 8.9909E-2 6.93008E-2 4.91972E-2 3.94725E-2 3.2153E-2 2.77374E-2 2.26655E-2 1.80597E-2 1.86631E-2 1.52611E-2 1.4522E-2 1.79489E-2 1.28087E-2 1.27543E-2 1.23482E-2 1.08289E-2 1.02324E-2 9.54785E-3 7.14458E-3 7.28384E-3 9.81658E-3 8.99198E-3 8.19599E-3 8.88311E-3 6.3023E-3 6.34679E-3 6.22665E-3
-9999 -9999 -9999 -9999 -9999 -9999 -9999 -9999 -9999 -9999 -9999 -9999 -9999 -9999 -9999 -9999 -9999 -9999 -9999 -9999 -9999 -9999 -9999 -9999 -9999 -9999 -9999 -9999 -9999 1.90369E-1 1.80583E-1 1.57463E-1 1.46901E-1 1.29185E-1 1.12916E-1 9.97579E-2 9.97758E-2 9.05577E-2 8.60546E-2 7.5369E-2 6.01532E-2 5.62293E-2 5.54773E-2 9.2006E-2 8.05593E-2 8.6234E-2 6.6442E-2 5.38892E-2 3.89719E-2 3.89138E-2 4.08653E-2 2.1492E-2 1.97597E-2 1.5286E-2 1.5434E-2 1.47839E-2 1.51133E-2 1.62166E-2 1.40462E-2 1.3171E-2 1.24021E-2 9.73043E-3 9.04842E-3 6.59146E-3 7.33187E-3 7.10152E-3 1.08908E-2 1.05401E-2 9.36954E-3 6.62293E-3 6.31781E-3 6.81974E-3
-9999 -9999 -9999 -9999 -9999 -9999 -9999 -9999 -9999 -9999 -9999 -9999 -9999 -9999 -9999 -9999 -9999 -9999 -9999 -9999 -9999 -9999 -9999 -9999 -9999 -9999 -9999 -9999 2.14188E-1 2.01709E-1 1.75345E-1 1.58154E-1 1.35066E-1 1.20771E-1 1.22653E-1 1.08337E-1 1.1066E-1 9.61046E-2 8.32398E-2 8.44289E-2 6.39855E-2 5.76974E-2 5.19661E-2 8.4333E-2 8.73401E-2 8.51667E-2 5.66467E-2 4.05322E-2 3.86781E-2 4.26059E-2 7.39251E-2 2.6363E-2 2.23819E-2 1.74906E-2 1.65462E-2 1.53841E-2 1.4339E-2 1.62065E-2 1.62275E-2 1.55166E-2 1.26007E-2 8.54836E-3 9.90245E-3 8.31075E-3 6.56037E-3 7.24267E-3 9.25883E-3 1.19615E-2 8.63251E-3 4.75788E-3 5.22346E-3 5.49922E-3
-9999 -9999 -9999 -9999 -9999 -9999 -9999 -9999 -9999 -9999 -9999 -9999 -9999 -9999 -9999 -9999 -9999 -9999 -9999 -9999 -9999 -9999 -9999 -9999 -9999 -9999 -9999 -9999 2.68823E-1 2.12896E-1 1.70668E-1 1.56061E-1 1.31915E-1 1.17671E-1 1.09483E-1 9.65265E-2 9.53409E-2 9.06192E-2 9.34547E-2 8.32172E-2 7.02623E-2 5.63538E-2 5.53065E-2 1.10925E-1 1.2054E-1 9.06535E-2 6.06488E-2 4.5946E-2 4.99518E-2 3.55958E-2 7.85436E-2 4.79504E-2 2.13823E-2 1.9739E-2 1.81544E-2 1.51266E-2 1.45343E-2 1.59361E-2 1.68519E-2 1.6615E-2 1.10469E-2 9.68711E-3 9.92654E-3 9.31942E-3 7.66566E-3 7.43373E-3 8.80001E-3 1.19541E-2 9.64376E-3 5.53122E-3 5.23014E-3 5.25617E-3
-9999 -9999 -9999 -9999 -9999 -9999 -9999 -9999 -9999 -9999 -9999 -9999 -9999 -9999 -9999 -9999 -9999 -9999 -9999 -9999 -9999 5.02402E-1 -9999 -9999 -9999 -9999 3.0515E-1 2.62512E-1 2.66212E-1 2.04072E-1 1.59398E-1 1.48027E-1 1.32772E-1 1.11763E-1 1.04913E-1 8.96596E-2 8.81735E-2 8.74912E-2 7.11862E-2 6.90187E-2 6.41572E-2 5.64012E-2 5.22809E-2 8.74031E-2 1.04492E-1 9.91656E-2 5.47323E-2 4.35201E-2 4.81263E-2 4.27445E-2 6.23255E-2 6.67604E-2 3.54626E-2 3.22598E-2 2.21858E-2 1.64386E-2 1.62506E-2 1.74158E-2 1.78245E-2 1.48885E-2 9.34904E-3 1.0128E-2 1.14031E-2 1.084E-2 9.0518E-3 6.37119E-3 8.50702E-3 1.15628E-2 7.00947E-3 5.61535E-3 6.77216E-3 5.61912E-3
-9999 -9999 -9999 -9999 -9999 -9999 -9999 -9999 -9999 -9999 -9999 -9999 -9999 -9999 -9999 -9999 -9999 -9999 -9999 5.54968E-1 5.26296E-1 4.93558E-1 -9999 -9999 -9999 3.1659E-1 2.93202E-1 2.90069E-1 2.47966E-1 1.97889E-1 1.60793E-1 1.41655E-1 1.28561E-1 1.14833E-1 9.23819E-2 8.39009E-2 7.54103E-2 7.65988E-2 6.76714E-2 5.61423E-2 5.19961E-2 5.0401E-2 5.1131E-2 4.78986E-2 8.33608E-2 7.54127E-2 5.35818E-2 4.9857E-2 5.51353E-2 4.78642E-2 4.70363E-2 5.03066E-2 4.7813E-2 5.12582E-2 2.36364E-2 1.55566E-2 1.47844E-2 1.40725E-2 1.53313E-2 1.36693E-2 1.18945E-2 1.20488E-2 1.3125E-2 9.76319E-3 8.89589E-3 7.52151E-3 8.32387E-3 1.10904E-2 8.5503E-3 7.18744E-3 7.80171E-3 5.79091E-3
-9999 -9999 -9999 -9999 -9999 -9999 -9999 -9999 -9999 -9999 -9999 -9999 -9999 -9999 -9999 -9999 -9999 -9999 -9999 5.59965E-1 5.16938E-1 4.88867E-1 4.34449E-1 3.81239E-1 3.37411E-1 3.00976E-1 2.79426E-1 2.81636E-1 2.65765E-1 1.88636E-1 1.70599E-1 1.42063E-1 1.12241E-1 1.06701E-1 8.89587E-2 8.339E-2 7.41742E-2 6.2876E-2 7.16942E-2 5.44372E-2 4.67856E-2 4.80395E-2 4.85934E-2 5.02163E-2 6.07446E-2 6.01297E-2 4.64415E-2 4.95457E-2 5.09786E-2 5.20716E-2 4.85426E-2 4.89958E-2 2.55611E-2 3.78352E-2 3.10005E-2 1.94726E-2 1.86174E-2 1.8206E-2 2.28472E-2 2.08849E-2 1.45287E-2 1.60906E-2 1.41509E-2 1.11711E-2 1.03675E-2 7.64315E-3 8.56777E-3 1.30482E-2 1.2919E-2 9.81829E-3 6.95359E-3 6.41468E-3
-9999 -9999 -9999 -9999 -9999 -9999 -9999 -9999 -9999 -9999 -9999 -9999 -9999 -9999 -9999 -9999 -9999 -9999 -9999 5.42327E-1 5.22138E-1 5.45827E-1 4.13839E-1 3.37508E-1 3.14024E-1 2.96012E-1 2.73433E-1 2.42456E-1 2.62276E-1 2.04097E-1 1.56755E-1 1.26632E-1 1.09939E-1 9.96536E-2 8.67837E-2 7.63229E-2 6.63013E-2 6.06269E-2 5.2717E-2 4.75898E-2 4.30284E-2 4.72396E-2 4.8701E-2 6.0101E-2 5.4567E-2 4.62064E-2 4.62076E-2 4.56486E-2 3.6675E-2 3.7242E-2 3.5242E-2 4.44227E-2 2.01956E-2 2.35292E-2 3.23255E-2 1.99981E-2 2.00503E-2 1.66971E-2 2.2269E-2 2.55515E-2 2.18964E-2 2.37449E-2 1.91333E-2 1.89436E-2 1.28465E-2 1.01041E-2 1.24081E-2 1.23401E-2 1.49881E-2 1.37039E-2 1.21849E-2 8.51159E-3
-9999 -9999 -9999 -9999 -9999 -9999 -9999 -9999 -9999 -9999 -9999 -9999 -9999 -9999 -9999 -9999 -9999 -9999 -9999 5.4482E-1 5.56384E-1 5.4201E-1 4.34288E-1 3.65378E-1 3.08414E-1 2.91083E-1 2.55649E-1 2.29723E-1 2.33186E-1 2.25089E-1 1.71603E-1 1.3022E-1 1.05785E-1 9.36332E-2 8.29169E-2 7.2235E-2 6.60581E-2 5.60262E-2 4.53775E-2 3.97905E-2 4.2848E-2 4.40519E-2 6.0252E-2 6.38284E-2 4.44967E-2 4.84451E-2 4.28508E-2 3.76863E-2 2.90772E-2 2.43362E-2 2.56647E-2 2.08418E-2 1.60156E-2 1.95915E-2 2.43211E-2 1.58659E-2 1.17604E-2 1.08208E-2 1.50791E-2 3.23641E-2 3.07861E-2 2.62335E-2 2.57253E-2 2.38143E-2 1.33273E-2 9.32889E-3 1.31621E-2 1.03013E-2 1.86984E-2 1.36582E-2 1.11141E-2 6.5912E-3
