Artocarpus altilis SDM files/Last interglacial/results (without the bias file)/Artalt_6.asc
ncols         1201
nrows         481
xllcorner     119.99986351115
yllcorner     -15.00013864885
cellsize      0.041666667
NODATA_value  -9999
[rows 288 to 319 of 481, columns 576 to 647 of 1201]
5.1432E-1 4.80373E-1 5.57716E-1 5.44907E-1 5.77404E-1 4.27425E-1 6.63541E-1 6.81195E-1 6.6957E-1 4.86635E-1 3.23169E-1 2.64099E-1 1.87526E-1 1.25989E-1 2.53814E-1 1.41372E-1 1.2707E-1 3.43618E-1 3.98528E-1 3.33802E-1 3.35243E-1 3.44323E-1 4.2515E-1 4.20498E-1 4.09013E-1 5.04106E-1 5.73019E-1 5.14373E-1 4.29139E-1 4.58722E-1 3.00132E-1 4.94173E-1 4.85465E-1 4.80514E-1 5.12156E-1 3.91621E-1 2.86365E-1 3.19813E-1 4.10992E-1 2.51921E-1 1.44336E-1 1.13985E-1 1.12855E-1 1.46656E-1 1.1334E-1 7.44926E-2 6.81094E-2 9.70913E-2 1.43329E-1 1.42027E-1 1.80578E-1 2.31028E-1 3.27165E-1 3.58219E-1 3.50697E-1 3.66826E-1 2.9602E-1 2.79619E-1 3.03824E-1 3.12282E-1 1.81334E-1 1.61112E-1 3.42575E-1 3.02754E-1 2.29971E-1 1.47094E-1 6.31685E-2 1.18149E-1 2.97933E-1 4.74276E-1 6.06721E-1 6.09488E-1
5.25587E-1 5.29262E-1 6.13503E-1 5.79934E-1 5.61816E-1 5.68984E-1 5.86765E-1 7.08279E-1 4.94143E-1 3.9527E-1 3.40494E-1 2.65191E-1 3.12337E-1 2.64166E-1 3.60134E-1 2.91281E-1 3.13545E-1 5.14045E-1 4.9795E-1 3.67138E-1 3.71451E-1 3.79815E-1 4.39893E-1 4.46979E-1 5.12635E-1 5.21593E-1 5.19931E-1 5.39482E-1 4.9629E-1 4.23522E-1 3.53462E-1 3.6136E-1 5.5661E-1 5.98699E-1 4.40675E-1 3.70638E-1 3.8463E-1 5.02215E-1 4.58747E-1 2.61989E-1 1.64459E-1 1.95006E-1 1.9575E-1 1.50215E-1 6.65339E-2 7.33997E-2 1.04464E-1 1.70336E-1 1.59279E-1 2.04074E-1 1.9764E-1 1.87151E-1 2.9829E-1 3.46406E-1 3.62293E-1 2.72658E-1 2.26829E-1 2.4549E-1 2.55751E-1 3.39369E-1 2.48668E-1 2.17625E-1 3.31903E-1 3.09208E-1 2.43164E-1 1.68333E-1 6.68302E-2 9.45302E-2 2.15727E-1 2.98958E-1 4.03283E-1 5.57997E-1
5.86909E-1 5.97071E-1 6.01528E-1 6.10471E-1 5.85947E-1 5.84217E-1 5.60552E-1 6.72209E-1 6.50254E-1 6.54393E-1 5.3016E-1 3.83081E-1 3.67063E-1 3.87708E-1 4.50895E-1 5.44651E-1 5.66929E-1 6.07932E-1 4.48763E-1 4.12949E-1 4.34167E-1 3.65459E-1 3.56408E-1 3.62598E-1 3.86521E-1 3.52345E-1 4.4909E-1 5.48335E-1 5.38999E-1 5.74256E-1 5.65064E-1 5.5622E-1 6.6892E-1 3.20062E-1 2.82151E-1 5.58938E-1 4.90015E-1 5.63771E-1 4.54828E-1 3.01027E-1 2.10409E-1 2.82806E-1 1.41163E-1 1.08075E-1 5.80188E-2 8.45411E-2 1.28927E-1 1.80901E-1 1.89608E-1 1.98276E-1 2.34078E-1 2.33398E-1 2.45376E-1 2.77131E-1 2.78478E-1 2.34853E-1 1.91283E-1 1.72479E-1 2.31333E-1 3.28133E-1 2.98186E-1 3.27485E-1 3.63795E-1 3.06518E-1 2.06614E-1 1.59527E-1 7.1565E-2 2.15711E-1 2.43432E-1 3.63391E-1 4.37477E-1 4.52637E-1
6.48965E-1 6.32458E-1 6.14997E-1 6.3846E-1 6.42833E-1 5.98109E-1 5.8062E-1 5.92176E-1 6.09639E-1 6.81452E-1 6.39035E-1 4.47743E-1 4.31082E-1 5.06717E-1 4.45971E-1 5.91109E-1 5.05979E-1 6.2227E-1 6.70244E-1 4.7949E-1 3.61747E-1 3.86416E-1 4.92495E-1 4.25606E-1 3.7401E-1 4.27607E-1 4.8006E-1 4.9516E-1 4.61012E-1 4.78108E-1 4.41497E-1 5.07892E-1 3.97153E-1 3.90956E-1 3.986E-1 5.29266E-1 4.06197E-1 5.927E-1 4.64467E-1 3.23689E-1 2.58418E-1 3.16424E-1 1.68554E-1 1.24225E-1 7.76633E-2 7.73704E-2 1.05125E-1 1.49877E-1 2.24197E-1 2.36106E-1 2.13671E-1 1.92673E-1 1.71063E-1 1.80212E-1 2.41616E-1 2.43935E-1 1.88076E-1 1.8829E-1 1.63102E-1 2.18682E-1 2.67303E-1 3.00768E-1 3.52552E-1 2.92129E-1 2.03928E-1 1.63802E-1 8.3481E-2 1.94243E-1 3.06561E-1 4.08637E-1 5.2435E-1 6.146E-1
6.33639E-1 6.10564E-1 6.14838E-1 6.40174E-1 6.47776E-1 5.74147E-1 5.16137E-1 5.91227E-1 5.87552E-1 6.31301E-1 5.43247E-1 5.24199E-1 4.40157E-1 4.15326E-1 5.34741E-1 6.12585E-1 6.54706E-1 6.53025E-1 6.87044E-1 6.54352E-1 5.73052E-1 5.24175E-1 4.79232E-1 3.71774E-1 3.6772E-1 4.0083E-1 4.36089E-1 3.9669E-1 3.96986E-1 4.54002E-1 4.55785E-1 4.56676E-1 3.10544E-1 4.30497E-1 4.14185E-1 4.42341E-1 3.71283E-1 4.83778E-1 4.97266E-1 4.48113E-1 3.902E-1 2.98477E-1 2.35929E-1 1.54813E-1 9.85746E-2 1.41144E-1 1.35428E-1 1.41392E-1 2.12972E-1 1.86151E-1 1.88999E-1 1.99741E-1 1.4626E-1 2.32026E-1 1.90438E-1 1.35164E-1 1.61386E-1 2.0047E-1 1.37973E-1 1.53821E-1 1.83854E-1 2.80933E-1 3.30026E-1 2.97577E-1 2.22295E-1 1.7455E-1 1.78489E-1 2.41481E-1 3.50134E-1 3.54897E-1 3.73974E-1 3.3461E-1
6.09586E-1 5.81398E-1 5.70605E-1 5.90513E-1 6.42449E-1 6.44608E-1 5.38073E-1 5.05149E-1 5.4578E-1 6.32546E-1 5.80323E-1 6.80306E-1 4.45E-1 4.5305E-1 5.0099E-1 6.15324E-1 6.24078E-1 6.4355E-1 7.13528E-1 5.87525E-1 5.06456E-1 4.97632E-1 5.12578E-1 4.77314E-1 4.11847E-1 3.70944E-1 4.10259E-1 4.28823E-1 4.20858E-1 4.05804E-1 4.56223E-1 4.61362E-1 3.72251E-1 3.80913E-1 4.97931E-1 4.76261E-1 4.35902E-1 3.51477E-1 4.10892E-1 4.33593E-1 2.95471E-1 2.1458E-1 1.62056E-1 1.48317E-1 1.2334E-1 1.61141E-1 2.14242E-1 2.19204E-1 2.61516E-1 1.76799E-1 1.7542E-1 1.33013E-1 1.82321E-1 1.89025E-1 1.62899E-1 1.13737E-1 1.70883E-1 1.85623E-1 1.60719E-1 1.50461E-1 2.21529E-1 2.71214E-1 3.00262E-1 3.28511E-1 2.54038E-1 1.74283E-1 1.37378E-1 1.31375E-1 1.84842E-1 1.3394E-1 2.99763E-1 3.90823E-1
5.3767E-1 4.81407E-1 5.22375E-1 5.44905E-1 6.08506E-1 6.66727E-1 5.03221E-1 5.7931E-1 5.55857E-1 4.7397E-1 5.65374E-1 6.02065E-1 6.30501E-1 6.18078E-1 6.43192E-1 6.45219E-1 6.48049E-1 6.86933E-1 6.60938E-1 5.8056E-1 4.9504E-1 4.65085E-1 4.7736E-1 4.7697E-1 4.62808E-1 4.56426E-1 3.88787E-1 3.55485E-1 3.97454E-1 4.31527E-1 4.47728E-1 5.49822E-1 3.85701E-1 6.51114E-1 5.51957E-1 5.16631E-1 4.13753E-1 4.01816E-1 3.36864E-1 2.46089E-1 2.10541E-1 1.45783E-1 1.28349E-1 1.29744E-1 1.27053E-1 1.40441E-1 1.55768E-1 1.93527E-1 2.27945E-1 2.22851E-1 1.57534E-1 1.03335E-1 1.82249E-1 1.40592E-1 1.60592E-1 1.25676E-1 1.50043E-1 1.83057E-1 2.02673E-1 2.3425E-1 2.68898E-1 2.31783E-1 2.75993E-1 3.18798E-1 2.58166E-1 2.11131E-1 1.50856E-1 9.8067E-2 1.60125E-1 2.11477E-1 2.65998E-1 4.12628E-1
4.47127E-1 4.14382E-1 4.7265E-1 5.19521E-1 5.7894E-1 6.13578E-1 5.61088E-1 4.72287E-1 4.79779E-1 4.58802E-1 5.16964E-1 5.3774E-1 6.04797E-1 6.26269E-1 6.47816E-1 6.84092E-1 6.67732E-1 7.00283E-1 6.24653E-1 5.44502E-1 5.03558E-1 4.68756E-1 5.14304E-1 4.74776E-1 5.15315E-1 5.18506E-1 5.13429E-1 4.00749E-1 4.79537E-1 4.80635E-1 4.93336E-1 5.52655E-1 4.21534E-1 6.59803E-1 6.77532E-1 3.96453E-1 3.95545E-1 3.38313E-1 3.77204E-1 4.4852E-1 4.21535E-1 3.4281E-1 2.46277E-1 2.4178E-1 1.13599E-1 1.46694E-1 1.94791E-1 2.80944E-1 1.48001E-1 2.10196E-1 1.20213E-1 1.61621E-1 1.78928E-1 1.6422E-1 1.89047E-1 1.6115E-1 1.27829E-1 1.80498E-1 1.87903E-1 2.42379E-1 2.55321E-1 2.1133E-1 1.88327E-1 2.59903E-1 2.83637E-1 2.60896E-1 1.95598E-1 1.79892E-1 2.20062E-1 2.67233E-1 2.98525E-1 4.45952E-1
3.6338E-1 3.67278E-1 3.97132E-1 4.63358E-1 5.07872E-1 5.30949E-1 5.06709E-1 4.93131E-1 5.15358E-1 5.39375E-1 5.69595E-1 6.01298E-1 6.44064E-1 6.10168E-1 6.45828E-1 6.9525E-1 6.90127E-1 7.0241E-1 6.22E-1 5.33654E-1 5.42883E-1 5.07421E-1 5.10805E-1 5.1073E-1 5.56488E-1 5.54229E-1 5.61827E-1 4.70505E-1 4.79617E-1 6.44658E-1 5.02642E-1 6.1021E-1 6.61952E-1 6.55585E-1 5.90772E-1 4.46525E-1 4.29263E-1 3.08218E-1 3.10249E-1 3.99269E-1 4.39242E-1 2.33574E-1 2.17995E-1 1.96485E-1 8.62103E-2 1.97206E-1 2.17106E-1 1.70068E-1 1.55181E-1 1.5813E-1 1.27776E-1 1.45952E-1 1.97646E-1 1.99363E-1 2.45125E-1 2.14736E-1 1.28462E-1 1.39401E-1 1.19262E-1 1.65635E-1 2.07296E-1 2.07136E-1 1.70981E-1 1.65724E-1 2.40719E-1 2.74529E-1 1.96392E-1 1.62255E-1 1.74047E-1 1.5992E-1 2.46382E-1 3.63224E-1
4.19933E-1 4.51339E-1 4.44611E-1 4.39238E-1 4.96348E-1 5.21229E-1 5.42431E-1 5.9102E-1 5.52918E-1 5.26411E-1 5.82327E-1 6.15493E-1 6.31921E-1 6.47347E-1 6.78703E-1 7.11667E-1 6.98216E-1 6.65988E-1 6.27686E-1 5.86626E-1 5.90012E-1 5.52848E-1 5.53536E-1 5.6504E-1 6.11113E-1 5.74168E-1 5.74762E-1 4.87747E-1 5.14374E-1 4.73402E-1 4.97875E-1 7.31479E-1 6.97266E-1 5.91726E-1 5.56298E-1 5.08115E-1 5.36545E-1 4.12049E-1 2.66395E-1 2.17738E-1 2.19918E-1 9.51689E-2 7.54286E-2 8.21236E-2 1.21204E-1 2.26827E-1 1.70621E-1 1.71976E-1 1.04499E-1 1.49531E-1 1.25367E-1 1.45845E-1 2.6992E-1 2.4924E-1 2.74986E-1 2.5317E-1 1.84541E-1 1.84167E-1 1.08942E-1 9.96214E-2 1.25864E-1 1.45893E-1 1.59209E-1 1.26146E-1 1.75085E-1 2.28174E-1 2.34884E-1 1.82315E-1 1.81671E-1 2.04506E-1 2.28571E-1 2.57558E-1
5.28364E-1 5.31727E-1 5.20507E-1 5.19025E-1 4.9612E-1 4.96179E-1 5.35894E-1 5.40503E-1 5.40317E-1 5.42495E-1 5.77795E-1 6.207E-1 6.38091E-1 6.84893E-1 6.93751E-1 6.9562E-1 7.28308E-1 7.05946E-1 6.30882E-1 6.33529E-1 6.42863E-1 6.01959E-1 6.06494E-1 6.13632E-1 6.14999E-1 6.15347E-1 6.63572E-1 5.32068E-1 5.22063E-1 4.16559E-1 5.02622E-1 7.38493E-1 7.33112E-1 6.3846E-1 7.3683E-1 5.41446E-1 5.9675E-1 5.44492E-1 2.87926E-1 1.96985E-1 1.46867E-1 1.28194E-1 2.04339E-1 1.42208E-1 1.03012E-1 1.74767E-1 1.84116E-1 1.47343E-1 1.25842E-1 1.29552E-1 1.24965E-1 2.04979E-1 3.09863E-1 3.18246E-1 3.02538E-1 3.11135E-1 2.79633E-1 2.13397E-1 1.9242E-1 1.31205E-1 6.77291E-2 8.42256E-2 1.20829E-1 1.41177E-1 1.61546E-1 1.83633E-1 2.05233E-1 1.87057E-1 1.49371E-1 1.80909E-1 2.01573E-1 1.85445E-1
5.02747E-1 5.17085E-1 5.1181E-1 4.72466E-1 4.34305E-1 4.78834E-1 5.11344E-1 5.52403E-1 5.56636E-1 5.42305E-1 5.87037E-1 6.35288E-1 6.61335E-1 6.79111E-1 6.8225E-1 7.08194E-1 7.33706E-1 7.40141E-1 6.74916E-1 6.79139E-1 6.89046E-1 6.53393E-1 6.5442E-1 7.01179E-1 6.60004E-1 6.92477E-1 7.16135E-1 6.19868E-1 5.05948E-1 5.23448E-1 5.04883E-1 7.16485E-1 7.07567E-1 7.06927E-1 7.43917E-1 6.01247E-1 5.99139E-1 6.00435E-1 3.73462E-1 2.40168E-1 2.51163E-1 3.84789E-1 2.35008E-1 2.00266E-1 7.1136E-2 1.13592E-1 3.04045E-1 2.21128E-1 1.16452E-1 1.7038E-1 1.28428E-1 2.21693E-1 3.48382E-1 3.35036E-1 3.69327E-1 3.24202E-1 2.93279E-1 2.76925E-1 2.43917E-1 1.52968E-1 9.10449E-2 8.37269E-2 7.89959E-2 1.06858E-1 1.19485E-1 1.43103E-1 1.71823E-1 1.46872E-1 1.55361E-1 1.86257E-1 2.05682E-1 1.56078E-1
5.02871E-1 4.99149E-1 5.11069E-1 5.02655E-1 4.89846E-1 4.81204E-1 5.29921E-1 5.45207E-1 5.68326E-1 5.70987E-1 6.01876E-1 6.00196E-1 6.31202E-1 6.83298E-1 6.86595E-1 7.05528E-1 7.29699E-1 7.47518E-1 7.52027E-1 7.55382E-1 7.10917E-1 7.0063E-1 7.62974E-1 7.46954E-1 7.49821E-1 7.73677E-1 7.71772E-1 7.59996E-1 6.33894E-1 5.41182E-1 5.15387E-1 7.21511E-1 6.81427E-1 6.69778E-1 7.07205E-1 7.38913E-1 5.29429E-1 5.46593E-1 4.68329E-1 3.48189E-1 4.35966E-1 5.96185E-1 1.38605E-1 7.98721E-2 6.4666E-2 2.22124E-1 3.95001E-1 1.27681E-1 1.77366E-1 1.92809E-1 1.30053E-1 2.9138E-1 3.42562E-1 3.95622E-1 2.74003E-1 3.39015E-1 3.28906E-1 2.69771E-1 3.15671E-1 2.45553E-1 1.68168E-1 1.52598E-1 8.42847E-2 7.74714E-2 1.00329E-1 1.33743E-1 1.27467E-1 1.30111E-1 1.33452E-1 1.67719E-1 1.96203E-1 1.69085E-1
5.37239E-1 5.41608E-1 5.37375E-1 5.15871E-1 5.32124E-1 5.18137E-1 5.35787E-1 5.6286E-1 5.63318E-1 5.81089E-1 6.20758E-1 6.37821E-1 6.42511E-1 6.85173E-1 7.05513E-1 6.9957E-1 7.23838E-1 7.35388E-1 7.4684E-1 7.70174E-1 7.57932E-1 7.72339E-1 7.65754E-1 7.50975E-1 7.48454E-1 7.5138E-1 7.59195E-1 7.42137E-1 7.46409E-1 6.74446E-1 7.10336E-1 6.59847E-1 6.85483E-1 6.77445E-1 7.18614E-1 7.35829E-1 6.67065E-1 5.65478E-1 5.61831E-1 5.58127E-1 6.26493E-1 4.71939E-1 1.8208E-1 1.01437E-1 7.3902E-2 1.50251E-1 3.68382E-1 1.47656E-1 2.46775E-1 1.18391E-1 1.42371E-1 3.09927E-1 3.63771E-1 2.52532E-1 2.66013E-1 3.21759E-1 3.05646E-1 3.03802E-1 3.70255E-1 2.47957E-1 1.91233E-1 1.37802E-1 1.36106E-1 1.13176E-1 9.11073E-2 1.3432E-1 1.21953E-1 1.0268E-1 9.48977E-2 1.31377E-1 1.78993E-1 1.77741E-1
5.74956E-1 5.563E-1 5.36032E-1 5.47134E-1 5.48211E-1 5.48494E-1 5.67964E-1 5.79815E-1 5.93336E-1 6.02496E-1 6.22149E-1 6.59905E-1 6.46978E-1 7.11623E-1 7.07634E-1 6.94271E-1 7.29269E-1 7.65973E-1 7.67092E-1 7.51296E-1 7.74028E-1 7.6194E-1 7.74739E-1 7.53914E-1 7.37344E-1 7.52882E-1 7.3374E-1 7.20598E-1 7.40357E-1 7.68135E-1 7.19431E-1 6.72678E-1 6.58393E-1 6.52827E-1 6.90159E-1 7.29344E-1 6.65382E-1 4.83844E-1 6.80624E-1 5.74215E-1 5.0026E-1 3.22897E-1 2.16888E-1 1.18911E-1 9.71474E-2 2.38985E-1 4.45275E-1 3.11535E-1 1.87404E-1 1.4828E-1 1.4203E-1 2.78859E-1 1.86248E-1 2.45816E-1 3.07299E-1 3.13139E-1 3.97017E-1 4.37378E-1 3.97455E-1 3.35684E-1 2.45222E-1 2.25926E-1 2.04543E-1 1.30177E-1 1.09468E-1 1.29841E-1 1.23045E-1 8.84177E-2 9.09536E-2 1.08389E-1 1.54591E-1 1.94103E-1
5.53625E-1 5.63799E-1 5.52532E-1 5.69967E-1 5.59714E-1 5.65734E-1 5.90819E-1 6.00536E-1 6.05386E-1 6.11464E-1 6.33576E-1 6.69916E-1 6.54311E-1 6.8519E-1 6.93274E-1 7.07828E-1 7.03111E-1 7.39395E-1 7.40033E-1 7.5159E-1 7.70568E-1 7.8753E-1 7.59927E-1 7.69999E-1 7.58704E-1 7.29946E-1 7.32375E-1 7.35649E-1 7.36837E-1 7.78459E-1 7.53819E-1 6.76589E-1 6.7174E-1 5.68629E-1 6.18078E-1 7.36747E-1 6.68267E-1 6.22504E-1 6.83845E-1 6.79217E-1 5.15068E-1 3.51175E-1 2.63468E-1 1.69643E-1 8.98907E-2 1.18145E-1 3.23091E-1 4.82999E-1 2.96469E-1 2.8587E-1 1.98691E-1 1.68962E-1 2.0077E-1 1.90902E-1 4.15718E-1 3.11218E-1 4.15738E-1 3.84543E-1 4.07573E-1 3.73652E-1 3.30837E-1 2.80825E-1 1.30199E-1 1.04522E-1 1.21774E-1 1.50235E-1 1.29355E-1 1.15975E-1 1.11151E-1 1.17364E-1 1.55651E-1 2.32805E-1
5.74443E-1 5.86631E-1 5.63461E-1 5.9072E-1 5.81624E-1 5.75579E-1 5.84559E-1 6.0184E-1 6.30406E-1 6.46432E-1 6.48307E-1 6.80702E-1 6.91795E-1 7.00458E-1 7.04464E-1 7.1292E-1 -9999 7.56722E-1 7.53145E-1 7.51538E-1 7.79333E-1 7.64224E-1 7.66989E-1 7.58703E-1 7.53591E-1 7.57815E-1 7.79548E-1 7.63797E-1 7.4518E-1 7.66853E-1 7.87751E-1 6.79869E-1 6.77698E-1 5.84088E-1 5.92028E-1 7.14155E-1 7.45827E-1 5.937E-1 7.4855E-1 5.49484E-1 4.73843E-1 3.93043E-1 2.6522E-1 1.58541E-1 1.11883E-1 1.63044E-1 3.0578E-1 4.16398E-1 5.46231E-1 4.82186E-1 2.87784E-1 1.89467E-1 1.41729E-1 2.72366E-1 4.27002E-1 3.3519E-1 3.92091E-1 3.87058E-1 4.64931E-1 3.76463E-1 3.95645E-1 3.07331E-1 1.54604E-1 1.51569E-1 1.64781E-1 1.46676E-1 1.55297E-1 1.60084E-1 1.32504E-1 9.82188E-2 1.43037E-1 2.65094E-1
5.73929E-1 6.02919E-1 5.98692E-1 5.886E-1 6.01841E-1 6.12109E-1 5.99562E-1 6.37025E-1 6.58852E-1 6.75868E-1 6.66837E-1 6.31153E-1 7.04666E-1 -9999 -9999 -9999 -9999 7.69052E-1 7.58097E-1 7.50759E-1 7.8629E-1 7.63453E-1 7.76273E-1 7.60006E-1 7.65323E-1 7.50732E-1 7.6236E-1 7.64955E-1 7.45578E-1 7.59595E-1 7.49676E-1 6.86653E-1 6.76705E-1 6.42348E-1 6.37654E-1 7.06184E-1 7.21778E-1 7.04586E-1 6.68271E-1 6.14739E-1 5.76819E-1 5.96879E-1 3.55808E-1 3.80563E-1 2.08936E-1 1.88224E-1 2.75691E-1 3.65648E-1 4.86102E-1 3.83707E-1 3.68824E-1 2.03284E-1 3.97036E-1 4.8951E-1 5.13316E-1 4.48275E-1 3.42358E-1 3.88769E-1 4.88077E-1 3.67964E-1 4.2893E-1 2.82801E-1 1.42716E-1 1.79488E-1 1.78945E-1 1.6891E-1 2.15579E-1 1.65691E-1 1.09494E-1 9.59995E-2 1.39513E-1 2.6653E-1
6.21239E-1 6.1467E-1 6.33156E-1 6.32423E-1 6.34483E-1 6.19574E-1 5.92621E-1 6.40243E-1 6.82187E-1 6.6054E-1 6.70546E-1 -9999 -9999 -9999 -9999 -9999 -9999 -9999 -9999 7.82791E-1 7.95418E-1 7.68089E-1 7.64533E-1 7.61284E-1 7.54093E-1 7.3653E-1 7.37622E-1 7.44305E-1 7.38418E-1 7.48198E-1 7.41983E-1 6.86255E-1 6.68591E-1 6.68042E-1 6.58901E-1 6.73471E-1 7.01663E-1 6.44135E-1 6.21495E-1 6.30809E-1 5.9949E-1 5.89823E-1 5.7816E-1 3.9957E-1 2.46246E-1 2.58904E-1 2.93612E-1 3.40553E-1 4.87983E-1 6.14678E-1 5.53995E-1 3.16781E-1 5.86259E-1 4.68143E-1 4.60321E-1 5.11676E-1 3.73726E-1 3.68402E-1 3.98145E-1 3.79463E-1 4.51569E-1 2.5217E-1 2.13489E-1 2.68838E-1 2.53642E-1 2.13584E-1 1.47017E-1 1.08052E-1 1.11322E-1 1.48079E-1 2.09998E-1 2.27916E-1
6.38065E-1 6.38663E-1 6.39407E-1 6.3792E-1 6.52877E-1 6.61591E-1 6.39235E-1 -9999 6.86173E-1 6.75782E-1 7.08515E-1 7.3062E-1 -9999 -9999 -9999 -9999 -9999 -9999 -9999 7.689E-1 7.80499E-1 7.73726E-1 7.58829E-1 7.70324E-1 7.58382E-1 7.5308E-1 7.56669E-1 7.56998E-1 7.30191E-1 7.20569E-1 7.46587E-1 7.53221E-1 7.37874E-1 6.88226E-1 6.55675E-1 6.64202E-1 6.63794E-1 6.43129E-1 6.70175E-1 6.16378E-1 5.17477E-1 5.17777E-1 5.09729E-1 5.59616E-1 4.25512E-1 4.23604E-1 2.90679E-1 3.75828E-1 4.62219E-1 6.21877E-1 6.30455E-1 6.64934E-1 4.19833E-1 2.97652E-1 4.32969E-1 5.30304E-1 4.43325E-1 4.69045E-1 4.32061E-1 4.96396E-1 5.21421E-1 3.74226E-1 3.59446E-1 3.30321E-1 2.47139E-1 1.96533E-1 1.32854E-1 9.87727E-2 1.4446E-1 1.44651E-1 1.3488E-1 1.4903E-1
-9999 -9999 6.95502E-1 6.75624E-1 6.87505E-1 6.67994E-1 6.6984E-1 -9999 -9999 -9999 7.10302E-1 7.36477E-1 7.30739E-1 -9999 -9999 -9999 -9999 -9999 -9999 -9999 -9999 7.34055E-1 7.76159E-1 7.76932E-1 7.78545E-1 7.5951E-1 7.57609E-1 7.65075E-1 7.45509E-1 7.43549E-1 7.44103E-1 7.39844E-1 7.55769E-1 6.7489E-1 6.48354E-1 6.4766E-1 6.81968E-1 6.76721E-1 7.51923E-1 6.00246E-1 5.22585E-1 4.87542E-1 5.04014E-1 5.70322E-1 4.60378E-1 5.24293E-1 4.33374E-1 3.99385E-1 3.95319E-1 5.25911E-1 6.07736E-1 5.61271E-1 2.84291E-1 3.35244E-1 4.45807E-1 4.98285E-1 4.35696E-1 3.98653E-1 4.21795E-1 5.01486E-1 5.02284E-1 4.502E-1 3.44431E-1 2.25427E-1 1.99213E-1 1.20038E-1 8.84369E-2 1.03792E-1 1.09595E-1 1.15129E-1 1.32424E-1 1.89804E-1
-9999 -9999 -9999 -9999 -9999 -9999 -9999 -9999 -9999 -9999 -9999 -9999 -9999 -9999 -9999 -9999 -9999 -9999 -9999 -9999 -9999 -9999 -9999 -9999 7.81609E-1 -9999 -9999 7.58908E-1 7.448E-1 7.41868E-1 7.25273E-1 7.12468E-1 7.21763E-1 6.71299E-1 6.8108E-1 6.853E-1 6.86339E-1 6.87667E-1 7.31583E-1 5.88071E-1 5.13551E-1 4.92482E-1 5.30779E-1 5.93812E-1 5.51488E-1 6.11142E-1 4.8006E-1 4.91359E-1 4.92462E-1 4.80415E-1 3.68796E-1 6.28905E-1 4.07302E-1 3.35768E-1 5.50189E-1 4.18117E-1 4.10929E-1 3.94703E-1 4.39353E-1 4.55139E-1 5.39872E-1 4.61736E-1 3.43843E-1 1.98844E-1 1.06398E-1 8.20487E-2 7.58464E-2 7.8417E-2 8.87524E-2 1.0875E-1 1.34032E-1 1.2937E-1
-9999 -9999 -9999 -9999 -9999 -9999 -9999 -9999 -9999 -9999 -9999 -9999 -9999 -9999 -9999 -9999 -9999 -9999 -9999 -9999 -9999 -9999 -9999 -9999 -9999 -9999 -9999 -9999 -9999 -9999 -9999 -9999 7.55828E-1 7.36044E-1 7.13607E-1 7.00315E-1 6.95077E-1 6.615E-1 6.73244E-1 6.53085E-1 5.54578E-1 5.9785E-1 6.17457E-1 6.94651E-1 6.84203E-1 6.597E-1 5.40669E-1 5.09111E-1 5.81201E-1 5.69811E-1 6.14413E-1 6.967E-1 4.52144E-1 4.31111E-1 4.78444E-1 3.50773E-1 4.5855E-1 4.59669E-1 3.9453E-1 4.72321E-1 5.41402E-1 4.83833E-1 3.44523E-1 2.537E-1 1.18317E-1 8.05299E-2 9.20088E-2 9.70501E-2 8.068E-2 5.70501E-2 8.18379E-2 8.50146E-2
-9999 -9999 -9999 -9999 -9999 -9999 -9999 -9999 -9999 -9999 -9999 -9999 -9999 -9999 -9999 -9999 -9999 -9999 -9999 -9999 -9999 -9999 -9999 -9999 -9999 -9999 -9999 -9999 -9999 -9999 -9999 -9999 7.88064E-1 7.86461E-1 7.4662E-1 7.24806E-1 7.15382E-1 6.88637E-1 6.77683E-1 6.90889E-1 6.33309E-1 6.44656E-1 7.00938E-1 7.73466E-1 7.66889E-1 7.28084E-1 6.66759E-1 6.2034E-1 6.63754E-1 6.64917E-1 7.12892E-1 4.58155E-1 6.01054E-1 4.56685E-1 4.0902E-1 3.59983E-1 5.02967E-1 5.42405E-1 3.92047E-1 4.71118E-1 5.3032E-1 4.76957E-1 3.93135E-1 2.71416E-1 1.5101E-1 7.66673E-2 7.90406E-2 7.05349E-2 4.82629E-2 4.96623E-2 5.80733E-2 7.03066E-2
-9999 -9999 -9999 -9999 -9999 -9999 -9999 -9999 -9999 -9999 -9999 -9999 -9999 -9999 -9999 -9999 -9999 -9999 -9999 -9999 -9999 -9999 -9999 -9999 -9999 -9999 -9999 -9999 -9999 -9999 -9999 -9999 -9999 -9999 -9999 -9999 -9999 -9999 -9999 7.09856E-1 6.86587E-1 6.87311E-1 7.5497E-1 7.88809E-1 7.41062E-1 7.23009E-1 7.06094E-1 7.08189E-1 7.05829E-1 7.31622E-1 6.32977E-1 5.26906E-1 4.68839E-1 4.23542E-1 3.47814E-1 3.64686E-1 5.05089E-1 5.93678E-1 4.2627E-1 5.17239E-1 5.26776E-1 4.47402E-1 4.10953E-1 2.85276E-1 1.35882E-1 1.17179E-1 1.05981E-1 4.87558E-2 5.09771E-2 7.17588E-2 4.64948E-2 6.91312E-2
-9999 -9999 -9999 -9999 -9999 -9999 -9999 -9999 -9999 -9999 -9999 -9999 -9999 -9999 -9999 -9999 -9999 -9999 -9999 -9999 -9999 -9999 -9999 -9999 -9999 -9999 -9999 -9999 -9999 -9999 -9999 -9999 -9999 -9999 -9999 -9999 -9999 -9999 -9999 -9999 -9999 -9999 6.62161E-1 7.38174E-1 6.79209E-1 6.78442E-1 7.04684E-1 7.48856E-1 7.79583E-1 6.08989E-1 5.17477E-1 4.96166E-1 3.96823E-1 3.50888E-1 3.42244E-1 3.66643E-1 5.59123E-1 6.03118E-1 5.46386E-1 5.18318E-1 5.18181E-1 3.51406E-1 3.47658E-1 3.04809E-1 1.61983E-1 1.64722E-1 1.17129E-1 8.74917E-2 8.49393E-2 9.19316E-2 4.47335E-2 7.04976E-2
-9999 -9999 -9999 -9999 -9999 -9999 -9999 -9999 -9999 -9999 -9999 -9999 -9999 -9999 -9999 -9999 -9999 -9999 -9999 -9999 -9999 -9999 -9999 -9999 -9999 -9999 -9999 -9999 -9999 -9999 -9999 -9999 -9999 -9999 -9999 -9999 -9999 -9999 -9999 -9999 -9999 -9999 -9999 6.9934E-1 7.33076E-1 7.33642E-1 7.67938E-1 7.65334E-1 7.32668E-1 5.39592E-1 4.69665E-1 4.48603E-1 3.74031E-1 3.56986E-1 3.43858E-1 3.75882E-1 6.13269E-1 6.34295E-1 5.16855E-1 5.84994E-1 4.74407E-1 2.61918E-1 2.91474E-1 3.62961E-1 2.6716E-1 1.92576E-1 1.83499E-1 8.33014E-2 1.10257E-1 8.16885E-2 4.41375E-2 4.60804E-2
-9999 -9999 -9999 -9999 -9999 -9999 -9999 -9999 -9999 -9999 -9999 -9999 -9999 -9999 -9999 -9999 -9999 -9999 -9999 -9999 -9999 -9999 -9999 -9999 -9999 -9999 -9999 -9999 -9999 -9999 -9999 -9999 -9999 -9999 -9999 -9999 -9999 -9999 -9999 -9999 -9999 -9999 -9999 -9999 -9999 -9999 -9999 -9999 6.68986E-1 4.89674E-1 4.25372E-1 4.25467E-1 3.68024E-1 3.64193E-1 3.82604E-1 3.81651E-1 5.33457E-1 5.60059E-1 5.16219E-1 4.69881E-1 3.80983E-1 2.59433E-1 2.17801E-1 3.31301E-1 1.67438E-1 1.21268E-1 1.87454E-1 1.11911E-1 1.5336E-1 8.04621E-2 4.24758E-2 3.57184E-2
-9999 -9999 -9999 -9999 -9999 -9999 -9999 -9999 -9999 -9999 -9999 -9999 -9999 -9999 -9999 -9999 -9999 -9999 -9999 -9999 -9999 -9999 -9999 -9999 -9999 -9999 -9999 -9999 -9999 -9999 -9999 -9999 -9999 -9999 -9999 -9999 -9999 -9999 -9999 -9999 -9999 -9999 -9999 -9999 -9999 -9999 -9999 -9999 -9999 4.9927E-1 4.24068E-1 4.24927E-1 4.06185E-1 4.01293E-1 4.2307E-1 4.5983E-1 5.32587E-1 6.14257E-1 5.24405E-1 4.38008E-1 3.66662E-1 2.74092E-1 2.04357E-1 2.72321E-1 2.06025E-1 1.24323E-1 1.00988E-1 1.20091E-1 8.45481E-2 5.62302E-2 5.49734E-2 5.51019E-2
-9999 -9999 -9999 -9999 -9999 -9999 -9999 -9999 -9999 -9999 -9999 -9999 -9999 -9999 -9999 -9999 -9999 -9999 -9999 -9999 -9999 -9999 -9999 -9999 -9999 -9999 -9999 -9999 -9999 -9999 -9999 -9999 -9999 -9999 -9999 -9999 -9999 -9999 -9999 -9999 -9999 -9999 -9999 -9999 -9999 -9999 -9999 -9999 -9999 -9999 4.43022E-1 4.20515E-1 4.19438E-1 4.33227E-1 5.13156E-1 5.02613E-1 5.27142E-1 6.79081E-1 5.5567E-1 4.45293E-1 3.98373E-1 3.46995E-1 3.30042E-1 3.70693E-1 2.87013E-1 1.16536E-1 7.15545E-2 9.82644E-2 7.23557E-2 8.22934E-2 1.07875E-1 7.76819E-2
-9999 -9999 -9999 -9999 -9999 -9999 -9999 -9999 -9999 -9999 -9999 -9999 -9999 -9999 -9999 -9999 -9999 -9999 -9999 -9999 -9999 -9999 -9999 -9999 -9999 -9999 -9999 -9999 -9999 -9999 -9999 -9999 -9999 -9999 -9999 -9999 -9999 -9999 -9999 -9999 -9999 -9999 -9999 -9999 -9999 -9999 -9999 -9999 -9999 -9999 4.42036E-1 4.38396E-1 4.63182E-1 4.97856E-1 6.2717E-1 5.97562E-1 6.42433E-1 6.47021E-1 5.96185E-1 4.90404E-1 4.17624E-1 4.35965E-1 4.31586E-1 3.30477E-1 1.82178E-1 1.01095E-1 9.14013E-2 1.75329E-1 9.20546E-2 9.24092E-2 1.4411E-1 1.05694E-1
-9999 -9999 -9999 -9999 -9999 -9999 -9999 -9999 -9999 -9999 -9999 -9999 -9999 -9999 -9999 -9999 -9999 -9999 -9999 -9999 -9999 -9999 -9999 -9999 -9999 -9999 -9999 -9999 -9999 -9999 -9999 -9999 -9999 -9999 -9999 -9999 -9999 -9999 -9999 -9999 -9999 -9999 -9999 -9999 -9999 -9999 -9999 -9999 -9999 -9999 -9999 -9999 5.06607E-1 5.95255E-1 7.25098E-1 6.43712E-1 6.41248E-1 6.76788E-1 5.99531E-1 5.37127E-1 5.02478E-1 5.00185E-1 4.31898E-1 3.00158E-1 1.98538E-1 1.47059E-1 1.68164E-1 2.05172E-1 1.27919E-1 1.14891E-1 1.80685E-1 1.29901E-1
