Artocarpus altilis SDM files/Last interglacial/results (without the bias file)/Artalt_5.asc
ncols         1201
nrows         481
xllcorner     119.99986351115
yllcorner     -15.00013864885
cellsize      0.041666667
NODATA_value  -9999
[rows 416 to 447 of 481, columns 504 to 575 of 1201]
-9999 -9999 -9999 -9999 -9999 -9999 -9999 -9999 -9999 -9999 -9999 -9999 -9999 -9999 -9999 -9999 9.70025E-2 9.18141E-2 8.69229E-2 8.22978E-2 7.44959E-2 7.31333E-2 7.37732E-2 6.38549E-2 5.88844E-2 5.88107E-2 5.64481E-2 5.29846E-2 5.11828E-2 4.71097E-2 4.79471E-2 5.16894E-2 4.81283E-2 4.98214E-2 4.16971E-2 4.60989E-2 4.46022E-2 4.27881E-2 4.68195E-2 4.9965E-2 5.33534E-2 6.2592E-2 7.27333E-2 7.32729E-2 8.06583E-2 8.1399E-2 1.09307E-1 1.19796E-1 1.297E-1 1.57192E-1 -9999 -9999 -9999 -9999 -9999 -9999 -9999 3.10844E-1 -9999 -9999 -9999 -9999 -9999 -9999 -9999 -9999 -9999 -9999 -9999 -9999 -9999 -9999
-9999 -9999 -9999 -9999 -9999 -9999 -9999 -9999 -9999 -9999 -9999 -9999 -9999 -9999 -9999 -9999 9.26051E-2 9.1514E-2 8.68364E-2 7.85215E-2 7.32672E-2 6.58561E-2 6.52162E-2 6.27627E-2 5.51432E-2 5.1239E-2 5.68382E-2 5.0269E-2 4.85882E-2 5.22393E-2 5.24242E-2 4.94727E-2 4.95176E-2 4.67056E-2 4.18739E-2 4.19599E-2 3.99179E-2 4.22042E-2 4.71746E-2 4.97082E-2 4.96652E-2 5.32292E-2 6.29271E-2 7.02446E-2 7.35546E-2 6.90495E-2 8.96829E-2 1.13809E-1 1.21254E-1 1.42313E-1 1.56367E-1 1.65229E-1 1.71978E-1 1.90448E-1 -9999 -9999 -9999 -9999 -9999 -9999 -9999 -9999 -9999 -9999 -9999 -9999 -9999 -9999 -9999 -9999 -9999 -9999
-9999 -9999 -9999 -9999 -9999 -9999 -9999 -9999 -9999 -9999 -9999 -9999 -9999 -9999 -9999 9.64049E-2 9.47771E-2 8.76761E-2 8.18818E-2 8.07761E-2 7.03536E-2 6.33217E-2 5.79666E-2 5.75581E-2 4.93251E-2 5.26249E-2 5.57348E-2 4.9201E-2 4.61835E-2 4.55538E-2 4.29126E-2 4.27941E-2 4.01399E-2 3.75645E-2 3.79558E-2 3.75496E-2 3.86126E-2 4.25173E-2 4.09482E-2 4.18442E-2 4.65513E-2 4.89309E-2 5.15646E-2 6.35907E-2 6.18563E-2 6.30615E-2 7.6175E-2 1.06226E-1 1.16071E-1 1.1919E-1 1.45681E-1 1.44863E-1 1.41931E-1 1.88079E-1 1.89021E-1 -9999 -9999 -9999 -9999 -9999 -9999 -9999 -9999 -9999 -9999 -9999 -9999 -9999 -9999 -9999 -9999 -9999
-9999 -9999 -9999 -9999 -9999 -9999 -9999 -9999 -9999 -9999 -9999 -9999 -9999 -9999 -9999 9.1949E-2 9.09117E-2 8.24671E-2 7.7917E-2 7.38374E-2 6.28428E-2 5.89814E-2 5.72278E-2 5.62866E-2 5.27479E-2 5.52596E-2 5.01622E-2 4.26708E-2 4.12136E-2 3.69746E-2 3.76706E-2 3.81242E-2 3.58629E-2 3.53038E-2 3.5065E-2 3.48112E-2 3.46915E-2 4.04532E-2 4.0635E-2 4.29409E-2 4.27965E-2 4.23007E-2 4.4804E-2 5.34683E-2 6.02226E-2 5.79099E-2 6.55807E-2 8.68898E-2 1.05693E-1 1.18623E-1 1.30006E-1 1.3482E-1 1.45081E-1 1.439E-1 1.76012E-1 -9999 -9999 -9999 -9999 -9999 -9999 -9999 -9999 -9999 -9999 -9999 -9999 -9999 -9999 -9999 -9999 -9999
-9999 -9999 -9999 -9999 -9999 -9999 -9999 -9999 -9999 -9999 -9999 -9999 -9999 -9999 9.17091E-2 9.38575E-2 9.08642E-2 8.24157E-2 7.66559E-2 6.92255E-2 6.79443E-2 6.44713E-2 5.83335E-2 5.60505E-2 5.50652E-2 5.34964E-2 5.11161E-2 4.27779E-2 3.89196E-2 3.30243E-2 3.28157E-2 3.52348E-2 3.48701E-2 3.33468E-2 3.29694E-2 3.46185E-2 3.4486E-2 3.29357E-2 3.63521E-2 3.648E-2 3.88421E-2 3.7549E-2 4.02451E-2 5.19245E-2 4.74078E-2 5.7139E-2 7.1325E-2 8.72388E-2 9.7263E-2 1.01458E-1 1.1911E-1 1.25335E-1 1.29911E-1 1.35341E-1 1.73732E-1 -9999 -9999 -9999 -9999 -9999 -9999 -9999 -9999 -9999 -9999 -9999 -9999 -9999 -9999 -9999 -9999 -9999
-9999 -9999 -9999 -9999 -9999 -9999 -9999 -9999 -9999 -9999 -9999 -9999 -9999 -9999 8.98116E-2 9.33623E-2 8.55917E-2 7.75945E-2 7.6443E-2 6.87237E-2 6.82048E-2 5.88752E-2 5.63833E-2 5.36136E-2 5.1914E-2 5.07823E-2 4.5666E-2 4.28694E-2 3.68028E-2 3.43566E-2 3.26233E-2 3.31154E-2 3.38249E-2 3.29992E-2 3.13076E-2 3.11226E-2 3.1089E-2 3.07118E-2 3.26805E-2 3.33938E-2 3.58911E-2 3.69588E-2 4.31555E-2 4.78766E-2 4.27665E-2 5.00327E-2 6.23799E-2 7.77865E-2 8.98144E-2 9.23659E-2 1.07364E-1 1.05844E-1 1.24214E-1 1.52201E-1 1.75019E-1 -9999 -9999 -9999 -9999 -9999 -9999 -9999 -9999 -9999 -9999 -9999 -9999 -9999 -9999 -9999 -9999 -9999
-9999 -9999 -9999 -9999 -9999 -9999 -9999 -9999 -9999 -9999 -9999 -9999 -9999 -9999 8.97799E-2 9.19005E-2 8.83679E-2 -9999 7.30588E-2 6.47369E-2 6.38415E-2 5.7471E-2 6.04765E-2 5.0897E-2 5.26955E-2 4.60555E-2 4.12028E-2 3.82367E-2 3.82345E-2 3.38509E-2 3.15968E-2 3.23399E-2 3.18433E-2 3.0595E-2 2.93531E-2 2.75116E-2 2.78178E-2 2.74518E-2 2.76588E-2 2.70672E-2 3.26439E-2 3.54668E-2 3.94058E-2 3.57171E-2 3.6603E-2 4.24788E-2 5.26763E-2 6.33683E-2 7.76383E-2 9.28071E-2 1.00977E-1 1.14899E-1 1.19269E-1 1.32649E-1 1.52483E-1 1.68112E-1 1.75846E-1 -9999 -9999 -9999 -9999 -9999 -9999 -9999 -9999 -9999 -9999 -9999 -9999 -9999 -9999 -9999
-9999 -9999 -9999 -9999 -9999 -9999 -9999 -9999 -9999 -9999 -9999 -9999 -9999 -9999 -9999 -9999 -9999 -9999 -9999 6.78226E-2 6.37592E-2 5.25838E-2 4.68439E-2 4.32008E-2 4.36445E-2 3.64935E-2 3.43061E-2 3.1265E-2 3.11527E-2 3.18363E-2 3.02673E-2 2.90356E-2 3.17155E-2 2.74134E-2 2.73109E-2 2.44841E-2 2.47763E-2 2.44091E-2 2.56766E-2 2.83962E-2 3.11655E-2 3.13006E-2 3.43948E-2 3.1359E-2 3.68906E-2 3.81126E-2 4.54812E-2 5.18925E-2 7.10961E-2 8.31304E-2 8.90945E-2 8.11995E-2 8.29737E-2 1.14556E-1 1.36248E-1 1.49277E-1 1.53242E-1 1.94621E-1 2.05662E-1 -9999 -9999 -9999 -9999 -9999 -9999 -9999 -9999 -9999 -9999 -9999 -9999 -9999
-9999 -9999 -9999 -9999 -9999 -9999 -9999 -9999 -9999 -9999 -9999 -9999 -9999 -9999 -9999 -9999 -9999 -9999 -9999 5.54935E-2 4.9704E-2 4.87693E-2 4.31472E-2 3.86439E-2 3.62555E-2 3.24298E-2 3.13247E-2 3.26636E-2 3.04921E-2 2.94513E-2 2.93659E-2 2.65018E-2 2.57277E-2 2.58261E-2 2.43583E-2 2.2851E-2 2.3085E-2 2.28088E-2 2.34558E-2 2.47593E-2 2.73579E-2 2.96607E-2 3.18636E-2 3.48646E-2 3.56205E-2 3.98655E-2 4.55849E-2 4.9979E-2 6.91151E-2 7.83034E-2 6.94254E-2 6.9011E-2 7.90781E-2 9.57444E-2 1.25198E-1 1.43144E-1 1.57791E-1 1.86112E-1 2.08362E-1 -9999 -9999 -9999 -9999 -9999 -9999 -9999 -9999 -9999 -9999 -9999 -9999 -9999
-9999 -9999 -9999 -9999 -9999 -9999 -9999 -9999 -9999 -9999 -9999 -9999 -9999 -9999 -9999 -9999 -9999 -9999 -9999 5.48504E-2 5.42349E-2 4.90786E-2 4.30557E-2 3.97424E-2 4.08512E-2 3.94763E-2 3.5751E-2 3.15257E-2 2.56985E-2 2.96548E-2 2.88137E-2 2.45352E-2 2.3689E-2 2.40675E-2 2.17001E-2 2.24112E-2 2.17439E-2 1.92347E-2 2.03631E-2 2.42222E-2 2.55432E-2 2.82503E-2 3.05435E-2 3.12228E-2 3.02476E-2 3.44001E-2 4.1675E-2 5.24316E-2 6.44012E-2 6.3266E-2 6.43386E-2 7.15464E-2 8.36415E-2 1.01307E-1 1.25314E-1 1.40593E-1 1.54569E-1 1.77931E-1 -9999 -9999 -9999 -9999 -9999 -9999 -9999 -9999 -9999 -9999 -9999 -9999 -9999 -9999
-9999 -9999 -9999 -9999 -9999 -9999 -9999 -9999 -9999 -9999 -9999 -9999 -9999 -9999 -9999 -9999 -9999 -9999 -9999 4.99937E-2 4.89254E-2 4.62455E-2 4.11877E-2 4.02871E-2 3.80663E-2 3.72628E-2 3.38308E-2 2.87255E-2 2.75277E-2 2.91064E-2 2.68579E-2 2.54731E-2 2.22149E-2 2.37196E-2 2.13267E-2 2.09395E-2 2.00222E-2 1.80733E-2 1.83087E-2 2.29654E-2 2.33005E-2 2.72965E-2 2.82816E-2 3.16245E-2 3.01206E-2 3.82434E-2 4.28189E-2 5.46253E-2 5.76205E-2 6.2922E-2 6.64682E-2 6.62795E-2 7.68989E-2 9.51368E-2 1.21355E-1 1.26481E-1 1.414E-1 1.65224E-1 -9999 -9999 -9999 -9999 -9999 -9999 -9999 -9999 -9999 -9999 -9999 -9999 -9999 -9999
-9999 -9999 -9999 -9999 -9999 -9999 -9999 -9999 -9999 -9999 -9999 -9999 -9999 -9999 -9999 -9999 -9999 -9999 4.99804E-2 4.70955E-2 4.52206E-2 4.34141E-2 3.56223E-2 3.1724E-2 3.12282E-2 3.20562E-2 3.16663E-2 3.00447E-2 2.81472E-2 2.53531E-2 2.53656E-2 2.38284E-2 2.35749E-2 2.21721E-2 2.07604E-2 1.86374E-2 1.97862E-2 1.89279E-2 1.66708E-2 2.02896E-2 2.50381E-2 2.56144E-2 2.70343E-2 3.06894E-2 3.3119E-2 3.39168E-2 3.99398E-2 4.07649E-2 4.91664E-2 4.57092E-2 5.21619E-2 5.13591E-2 6.15043E-2 8.48663E-2 1.08853E-1 1.16495E-1 1.42942E-1 1.60306E-1 -9999 -9999 -9999 -9999 -9999 -9999 -9999 -9999 -9999 -9999 -9999 -9999 -9999 -9999
-9999 -9999 -9999 -9999 -9999 -9999 -9999 -9999 -9999 -9999 -9999 -9999 -9999 -9999 -9999 -9999 -9999 -9999 4.79277E-2 4.22725E-2 4.00931E-2 4.24426E-2 3.3675E-2 2.83098E-2 2.85024E-2 3.14772E-2 2.85456E-2 2.90666E-2 2.6347E-2 2.4717E-2 2.24626E-2 2.19238E-2 2.10708E-2 2.08295E-2 1.9729E-2 1.95282E-2 1.82987E-2 1.8239E-2 1.85683E-2 1.90514E-2 2.46327E-2 2.51415E-2 2.73798E-2 2.49904E-2 2.74624E-2 3.08975E-2 3.2316E-2 3.49952E-2 4.57151E-2 3.93701E-2 4.08078E-2 5.03012E-2 6.25328E-2 8.34018E-2 1.10603E-1 1.25506E-1 1.31884E-1 -9999 -9999 -9999 -9999 -9999 -9999 -9999 -9999 -9999 -9999 -9999 -9999 -9999 -9999 -9999
-9999 -9999 -9999 -9999 -9999 -9999 -9999 -9999 -9999 -9999 -9999 -9999 -9999 -9999 -9999 -9999 -9999 4.29102E-2 3.97785E-2 3.91355E-2 3.74606E-2 4.14747E-2 3.69414E-2 3.39476E-2 3.44635E-2 3.24038E-2 2.89936E-2 2.83528E-2 2.44029E-2 2.17987E-2 1.99717E-2 2.15442E-2 2.07335E-2 1.92468E-2 1.91156E-2 1.94146E-2 1.74575E-2 1.68728E-2 1.77947E-2 1.97712E-2 2.37986E-2 2.40075E-2 2.50274E-2 2.22209E-2 2.5598E-2 2.84036E-2 3.03354E-2 3.85445E-2 3.72468E-2 3.55589E-2 4.43342E-2 5.05045E-2 6.09202E-2 7.92364E-2 9.365E-2 1.14342E-1 1.26059E-1 -9999 1.4617E-1 1.63199E-1 1.82237E-1 -9999 -9999 -9999 -9999 -9999 -9999 -9999 -9999 -9999 -9999 -9999
-9999 -9999 -9999 -9999 -9999 -9999 -9999 -9999 -9999 -9999 -9999 -9999 -9999 -9999 -9999 -9999 3.8806E-2 3.19538E-2 2.91429E-2 3.28171E-2 4.13565E-2 3.99787E-2 3.41136E-2 3.21264E-2 3.17754E-2 2.94792E-2 2.72084E-2 2.66297E-2 2.30965E-2 2.03517E-2 2.11363E-2 1.91532E-2 1.93438E-2 1.76398E-2 1.86284E-2 1.81075E-2 1.61945E-2 1.65841E-2 1.73938E-2 2.10416E-2 2.16756E-2 2.18164E-2 2.21379E-2 2.19651E-2 2.21506E-2 2.78586E-2 2.67716E-2 3.59565E-2 3.75626E-2 4.13424E-2 4.54561E-2 4.98898E-2 6.06941E-2 6.5888E-2 8.58249E-2 1.04533E-1 1.17731E-1 1.25001E-1 1.37272E-1 1.45708E-1 1.7315E-1 -9999 -9999 -9999 -9999 -9999 -9999 -9999 -9999 -9999 -9999 -9999
-9999 -9999 -9999 -9999 -9999 -9999 -9999 -9999 -9999 -9999 -9999 -9999 -9999 -9999 4.62995E-2 4.25834E-2 3.96318E-2 3.50086E-2 3.35465E-2 3.70914E-2 3.77713E-2 3.55159E-2 3.20165E-2 2.7341E-2 2.55433E-2 2.22113E-2 2.16041E-2 2.33281E-2 2.10129E-2 2.01612E-2 1.98327E-2 1.84331E-2 1.68528E-2 1.71061E-2 1.72719E-2 1.7605E-2 1.75392E-2 1.64856E-2 1.81748E-2 1.91589E-2 1.90492E-2 2.02694E-2 1.97647E-2 2.01396E-2 2.45893E-2 2.71994E-2 2.49954E-2 2.97403E-2 2.71913E-2 2.95992E-2 3.76197E-2 4.61858E-2 5.84252E-2 6.20637E-2 7.48257E-2 9.55403E-2 1.0779E-1 1.19524E-1 1.17129E-1 1.43141E-1 1.69358E-1 -9999 -9999 -9999 -9999 -9999 -9999 -9999 -9999 -9999 -9999 -9999
-9999 -9999 -9999 -9999 -9999 -9999 -9999 -9999 -9999 -9999 -9999 -9999 -9999 -9999 4.47606E-2 4.65291E-2 4.03278E-2 3.7134E-2 3.22455E-2 3.6545E-2 3.32688E-2 3.08856E-2 2.83991E-2 2.42897E-2 2.13749E-2 1.85009E-2 1.92118E-2 2.12838E-2 1.94701E-2 1.93419E-2 1.72842E-2 1.72101E-2 1.76538E-2 1.73851E-2 1.60943E-2 1.55381E-2 1.61544E-2 1.64384E-2 1.61803E-2 1.76613E-2 1.77765E-2 1.81082E-2 1.84571E-2 1.88363E-2 2.26168E-2 2.17855E-2 2.40447E-2 2.5799E-2 2.34806E-2 2.67E-2 3.881E-2 4.19013E-2 4.86662E-2 5.6641E-2 6.28065E-2 8.15985E-2 1.05254E-1 1.09889E-1 1.08011E-1 1.40199E-1 1.5536E-1 -9999 -9999 -9999 -9999 -9999 -9999 -9999 -9999 -9999 -9999 -9999
-9999 -9999 -9999 -9999 -9999 -9999 -9999 -9999 -9999 -9999 -9999 -9999 -9999 -9999 4.75212E-2 4.46648E-2 3.57446E-2 3.29161E-2 3.38224E-2 3.03944E-2 2.84739E-2 2.64766E-2 2.3954E-2 2.22552E-2 1.92826E-2 2.07937E-2 1.99125E-2 2.26238E-2 2.01789E-2 2.00216E-2 1.90984E-2 1.79664E-2 1.76663E-2 1.65864E-2 1.51315E-2 1.49841E-2 1.49172E-2 1.52524E-2 1.43139E-2 1.4694E-2 1.57418E-2 1.77622E-2 1.72178E-2 1.75044E-2 2.19113E-2 2.25628E-2 2.40943E-2 2.84417E-2 2.58183E-2 2.57897E-2 3.22411E-2 3.77012E-2 3.90525E-2 4.69863E-2 5.70046E-2 7.35696E-2 9.2085E-2 1.01826E-1 1.02033E-1 1.1771E-1 1.40636E-1 -9999 -9999 -9999 -9999 -9999 -9999 -9999 -9999 -9999 -9999 -9999
-9999 -9999 -9999 -9999 -9999 -9999 -9999 -9999 -9999 -9999 -9999 -9999 -9999 -9999 3.95284E-2 3.44815E-2 3.23457E-2 3.20282E-2 3.26096E-2 2.83852E-2 2.53756E-2 2.52073E-2 2.288E-2 2.35516E-2 2.07205E-2 2.20543E-2 2.13977E-2 2.06019E-2 1.92042E-2 1.79487E-2 1.68386E-2 1.74562E-2 1.63763E-2 1.5409E-2 1.60464E-2 1.43733E-2 1.41696E-2 1.32292E-2 1.3968E-2 1.4445E-2 1.50955E-2 1.65623E-2 1.69316E-2 1.72545E-2 1.98475E-2 1.99083E-2 2.1174E-2 2.44522E-2 2.53709E-2 2.817E-2 3.08314E-2 3.95604E-2 3.64078E-2 3.95628E-2 5.79498E-2 7.00683E-2 8.91934E-2 9.56996E-2 9.77089E-2 1.16004E-1 1.35867E-1 -9999 -9999 -9999 -9999 -9999 -9999 -9999 -9999 -9999 -9999 -9999
-9999 -9999 -9999 -9999 -9999 -9999 -9999 -9999 -9999 -9999 -9999 -9999 -9999 -9999 3.70862E-2 3.24098E-2 3.26023E-2 3.18609E-2 2.78623E-2 2.43307E-2 2.26606E-2 2.47123E-2 2.4708E-2 2.61642E-2 2.25071E-2 2.09772E-2 1.95816E-2 1.83695E-2 1.61523E-2 1.6697E-2 1.47064E-2 1.54299E-2 1.54489E-2 1.45208E-2 1.4483E-2 1.36179E-2 1.24558E-2 1.35526E-2 1.5261E-2 1.48076E-2 1.60433E-2 1.75948E-2 1.66457E-2 1.56439E-2 1.85407E-2 1.73572E-2 2.05685E-2 2.44112E-2 2.70158E-2 2.93456E-2 2.9254E-2 3.55148E-2 4.12617E-2 4.51012E-2 5.3173E-2 6.42123E-2 7.92031E-2 8.84525E-2 9.08778E-2 1.03684E-1 1.33819E-1 -9999 -9999 -9999 -9999 -9999 -9999 -9999 -9999 -9999 -9999 -9999
-9999 -9999 -9999 -9999 -9999 -9999 -9999 -9999 -9999 -9999 -9999 -9999 -9999 -9999 3.48624E-2 3.34386E-2 2.98145E-2 3.15714E-2 2.63351E-2 2.37253E-2 2.2826E-2 2.44625E-2 2.42611E-2 2.02525E-2 1.96889E-2 1.86887E-2 1.82802E-2 1.71316E-2 1.59522E-2 1.56895E-2 1.38319E-2 1.42473E-2 1.36538E-2 1.36158E-2 1.3373E-2 1.33035E-2 1.28844E-2 1.50926E-2 1.53267E-2 1.48283E-2 1.56273E-2 1.57521E-2 1.50139E-2 1.43537E-2 1.61948E-2 1.58149E-2 1.7714E-2 2.10224E-2 2.33548E-2 2.53858E-2 2.88445E-2 3.45507E-2 3.96614E-2 4.00236E-2 4.29476E-2 4.38632E-2 6.60115E-2 8.04395E-2 8.53826E-2 9.15831E-2 1.17746E-1 -9999 -9999 -9999 -9999 -9999 -9999 -9999 -9999 -9999 -9999 -9999
-9999 -9999 -9999 -9999 -9999 -9999 -9999 -9999 -9999 -9999 -9999 -9999 -9999 -9999 -9999 3.04949E-2 2.75581E-2 3.02458E-2 2.45987E-2 2.02458E-2 2.11936E-2 2.22576E-2 2.06584E-2 1.75422E-2 1.77913E-2 1.5657E-2 1.60453E-2 1.41928E-2 1.59584E-2 1.49073E-2 1.36763E-2 1.27279E-2 1.24571E-2 1.20718E-2 1.24258E-2 1.15842E-2 1.31106E-2 1.43369E-2 1.45358E-2 1.39867E-2 1.49125E-2 1.41148E-2 1.51197E-2 1.36907E-2 1.38447E-2 1.48656E-2 1.69045E-2 1.61511E-2 2.08886E-2 2.37835E-2 2.42953E-2 2.95919E-2 3.24313E-2 3.7365E-2 3.56232E-2 4.40758E-2 5.63549E-2 7.42626E-2 7.51423E-2 9.64667E-2 1.09606E-1 1.29012E-1 -9999 -9999 -9999 -9999 -9999 -9999 -9999 -9999 -9999 -9999
-9999 -9999 -9999 -9999 -9999 -9999 -9999 -9999 -9999 -9999 -9999 -9999 -9999 -9999 -9999 2.90697E-2 2.77839E-2 2.77423E-2 2.22424E-2 1.99107E-2 2.10303E-2 2.14693E-2 1.95097E-2 1.62342E-2 1.30961E-2 1.33397E-2 1.31239E-2 1.35092E-2 1.38537E-2 1.30044E-2 1.23986E-2 1.13968E-2 1.06747E-2 1.01893E-2 1.02582E-2 1.18145E-2 1.33482E-2 1.36296E-2 1.25126E-2 1.23759E-2 1.24463E-2 1.26324E-2 1.2763E-2 1.33977E-2 1.27667E-2 1.30011E-2 1.36635E-2 1.41489E-2 1.80314E-2 2.14843E-2 2.4461E-2 2.5367E-2 2.98764E-2 3.76376E-2 3.9881E-2 4.27363E-2 5.67942E-2 7.08252E-2 7.60322E-2 8.35402E-2 9.98781E-2 -9999 -9999 -9999 -9999 -9999 -9999 -9999 -9999 -9999 -9999 -9999
-9999 -9999 -9999 -9999 -9999 -9999 -9999 -9999 -9999 -9999 -9999 -9999 -9999 -9999 -9999 -9999 2.35834E-2 2.37218E-2 1.97277E-2 1.73459E-2 2.13247E-2 1.77225E-2 1.41288E-2 1.2425E-2 1.31312E-2 1.47176E-2 1.47941E-2 1.34859E-2 1.21501E-2 1.14532E-2 1.078E-2 1.07277E-2 1.04272E-2 1.16652E-2 1.08691E-2 1.16509E-2 1.29105E-2 1.37282E-2 1.17961E-2 1.09376E-2 1.21972E-2 1.23984E-2 1.19953E-2 1.2665E-2 1.2651E-2 1.48585E-2 1.43487E-2 1.69761E-2 2.00718E-2 2.0513E-2 2.43897E-2 2.70554E-2 3.27867E-2 3.39976E-2 3.21449E-2 3.86386E-2 4.81071E-2 6.39898E-2 6.96375E-2 8.00964E-2 9.5145E-2 -9999 -9999 -9999 -9999 -9999 -9999 -9999 -9999 -9999 -9999 -9999
-9999 -9999 -9999 -9999 -9999 -9999 -9999 -9999 -9999 -9999 -9999 -9999 -9999 -9999 -9999 2.26975E-2 2.22561E-2 2.21543E-2 1.82273E-2 1.7203E-2 1.84549E-2 1.46186E-2 1.38857E-2 1.28383E-2 1.47385E-2 1.31493E-2 1.21106E-2 1.17975E-2 1.24519E-2 1.18399E-2 1.00666E-2 1.05093E-2 1.22472E-2 1.34156E-2 1.31695E-2 1.2891E-2 1.3186E-2 1.27368E-2 1.16505E-2 1.19979E-2 1.28048E-2 1.23792E-2 1.2701E-2 1.20161E-2 1.25514E-2 1.40064E-2 1.36396E-2 1.8139E-2 1.59625E-2 1.72023E-2 2.42211E-2 2.67092E-2 2.88013E-2 2.85909E-2 2.93589E-2 3.76033E-2 4.62551E-2 5.10106E-2 6.18859E-2 6.44223E-2 8.57317E-2 -9999 -9999 -9999 -9999 -9999 -9999 -9999 -9999 -9999 -9999 -9999
-9999 -9999 -9999 -9999 -9999 -9999 -9999 -9999 -9999 -9999 -9999 -9999 -9999 -9999 -9999 2.34131E-2 2.19649E-2 1.95306E-2 1.77288E-2 1.82888E-2 1.68389E-2 1.35031E-2 1.40878E-2 1.29352E-2 1.23547E-2 1.31321E-2 1.28073E-2 1.22103E-2 1.2941E-2 1.24963E-2 1.16125E-2 1.25712E-2 1.3323E-2 1.22442E-2 1.34197E-2 1.34561E-2 1.19286E-2 1.21326E-2 1.13199E-2 1.1969E-2 1.21151E-2 1.23836E-2 1.1766E-2 1.19084E-2 1.2527E-2 1.25786E-2 1.27456E-2 1.75934E-2 1.57619E-2 2.05231E-2 2.28654E-2 2.56255E-2 2.70936E-2 2.88412E-2 3.26439E-2 3.77612E-2 4.0041E-2 4.63967E-2 5.63185E-2 6.41883E-2 8.27996E-2 8.92188E-2 -9999 -9999 -9999 -9999 -9999 -9999 -9999 -9999 -9999 -9999
-9999 -9999 -9999 -9999 -9999 -9999 -9999 -9999 -9999 -9999 -9999 -9999 -9999 -9999 2.37342E-2 2.21734E-2 2.06743E-2 1.94942E-2 1.69116E-2 1.56747E-2 1.36971E-2 1.34952E-2 1.23561E-2 1.08882E-2 1.16686E-2 1.21667E-2 1.18068E-2 1.30669E-2 1.31363E-2 1.24578E-2 1.21237E-2 1.28397E-2 1.19652E-2 1.18974E-2 1.13399E-2 1.06936E-2 1.06966E-2 1.08016E-2 1.01878E-2 1.08713E-2 1.09952E-2 1.10598E-2 1.11154E-2 1.13629E-2 1.31597E-2 1.41877E-2 1.53242E-2 1.63353E-2 1.798E-2 2.02573E-2 2.13426E-2 2.16639E-2 2.46055E-2 2.49696E-2 2.63674E-2 3.10656E-2 3.25187E-2 4.69141E-2 5.76717E-2 5.57835E-2 6.47357E-2 8.44811E-2 8.92367E-2 -9999 -9999 -9999 -9999 -9999 -9999 -9999 -9999 -9999
-9999 -9999 -9999 -9999 -9999 -9999 -9999 -9999 -9999 -9999 -9999 -9999 -9999 -9999 2.33185E-2 2.07403E-2 1.94809E-2 1.72171E-2 1.57178E-2 1.38526E-2 1.20882E-2 1.13072E-2 1.03746E-2 9.89567E-3 9.87081E-3 9.10491E-3 1.0429E-2 1.22825E-2 1.19269E-2 1.10568E-2 1.14382E-2 1.08915E-2 1.07068E-2 1.0063E-2 1.00213E-2 9.36305E-3 9.44137E-3 1.01099E-2 1.01807E-2 9.54643E-3 1.01048E-2 1.08543E-2 1.04985E-2 1.17822E-2 1.20402E-2 1.1044E-2 1.39347E-2 1.56564E-2 1.67101E-2 1.80284E-2 1.92228E-2 2.02154E-2 2.22074E-2 2.15396E-2 2.03441E-2 2.40252E-2 3.60765E-2 4.81563E-2 5.45153E-2 5.11651E-2 5.77726E-2 7.49989E-2 8.50349E-2 -9999 -9999 -9999 -9999 -9999 -9999 -9999 -9999 -9999
-9999 -9999 -9999 -9999 -9999 -9999 -9999 -9999 -9999 -9999 -9999 -9999 -9999 2.39069E-2 2.29502E-2 2.03361E-2 1.82175E-2 1.59301E-2 1.45508E-2 1.36478E-2 1.21625E-2 1.10131E-2 1.09871E-2 1.06203E-2 1.02205E-2 1.02789E-2 1.10338E-2 1.22779E-2 1.0554E-2 8.97535E-3 1.04254E-2 1.01035E-2 1.02301E-2 9.53139E-3 8.92147E-3 8.71451E-3 8.86943E-3 8.22837E-3 8.94446E-3 8.92478E-3 9.44725E-3 9.711E-3 1.03202E-2 9.94364E-3 9.95619E-3 1.0269E-2 1.03637E-2 1.37827E-2 1.40875E-2 1.54674E-2 1.56367E-2 1.62862E-2 1.98497E-2 2.11464E-2 2.27744E-2 2.60838E-2 3.49498E-2 4.00039E-2 5.13457E-2 4.6229E-2 5.80806E-2 7.20763E-2 8.3056E-2 -9999 -9999 -9999 -9999 -9999 -9999 -9999 -9999 -9999
-9999 -9999 -9999 -9999 -9999 -9999 -9999 -9999 -9999 -9999 -9999 -9999 2.52955E-2 2.35783E-2 2.19721E-2 1.902E-2 1.77351E-2 1.5027E-2 1.35766E-2 1.2764E-2 1.18749E-2 1.18434E-2 9.64629E-3 8.31618E-3 9.01772E-3 9.33565E-3 1.18066E-2 1.0962E-2 1.0492E-2 1.07662E-2 9.6363E-3 8.4652E-3 8.86729E-3 8.87946E-3 8.89325E-3 8.85241E-3 8.76025E-3 9.23128E-3 8.58482E-3 8.92008E-3 8.47339E-3 8.19051E-3 9.42414E-3 9.96921E-3 1.00005E-2 1.10283E-2 1.06396E-2 1.24451E-2 1.40928E-2 1.47198E-2 1.34221E-2 1.49767E-2 1.79567E-2 2.11531E-2 2.1115E-2 2.26071E-2 2.91281E-2 3.76544E-2 4.64364E-2 4.96128E-2 5.70577E-2 6.38434E-2 7.17541E-2 -9999 -9999 -9999 -9999 -9999 -9999 -9999 -9999 -9999
-9999 -9999 -9999 -9999 -9999 -9999 -9999 -9999 -9999 -9999 -9999 -9999 2.65066E-2 2.35951E-2 2.05785E-2 1.8092E-2 1.68882E-2 1.39913E-2 1.30543E-2 1.18581E-2 1.09643E-2 1.02828E-2 9.73745E-3 9.23847E-3 8.79936E-3 9.91134E-3 1.02312E-2 1.13754E-2 1.02732E-2 9.60451E-3 8.44163E-3 7.92374E-3 7.78738E-3 7.53991E-3 7.99704E-3 8.43687E-3 9.83258E-3 9.98322E-3 8.33443E-3 8.26534E-3 9.25908E-3 9.0002E-3 9.33606E-3 9.24403E-3 9.29176E-3 9.33034E-3 8.96049E-3 1.13263E-2 1.36037E-2 1.43303E-2 1.48106E-2 1.57856E-2 1.83194E-2 1.82426E-2 1.84786E-2 1.90913E-2 2.45652E-2 3.12871E-2 4.25575E-2 4.68697E-2 4.6953E-2 5.99135E-2 -9999 -9999 -9999 -9999 -9999 -9999 -9999 -9999 -9999 -9999
-9999 -9999 -9999 -9999 -9999 -9999 -9999 -9999 -9999 -9999 -9999 -9999 2.65342E-2 2.31406E-2 2.06072E-2 1.87222E-2 1.74089E-2 1.48317E-2 1.28388E-2 1.11991E-2 1.01927E-2 1.00046E-2 9.88234E-3 9.73159E-3 9.70398E-3 1.13705E-2 1.10364E-2 1.08009E-2 9.19379E-3 8.10513E-3 7.89133E-3 8.80886E-3 8.70404E-3 8.58557E-3 8.31848E-3 8.7298E-3 8.63694E-3 9.26713E-3 9.45483E-3 8.64013E-3 8.4045E-3 9.24355E-3 8.89898E-3 9.18041E-3 7.99538E-3 9.11922E-3 9.64608E-3 1.10937E-2 1.26583E-2 1.4708E-2 1.5224E-2 1.61597E-2 1.81361E-2 1.94652E-2 1.95265E-2 1.76122E-2 2.37194E-2 3.43484E-2 3.52332E-2 4.31154E-2 4.77626E-2 5.73718E-2 -9999 -9999 -9999 -9999 -9999 -9999 -9999 -9999 -9999 -9999
