Artocarpus altilis SDM files/Last interglacial/results (without the bias file)/Artalt_4.asc
ncols         1201
nrows         481
xllcorner     119.99986351115
yllcorner     -15.00013864885
cellsize      0.041666667
NODATA_value  -9999
[rows 192 to 223 of 481, columns 504 to 575 of 1201]
4.63433E-1 4.90513E-1 5.32841E-1 5.30713E-1 5.88358E-1 6.36688E-1 6.29794E-1 6.42948E-1 6.35063E-1 6.02823E-1 5.87874E-1 6.15189E-1 5.78913E-1 5.67096E-1 5.98171E-1 6.03459E-1 4.68731E-1 4.03196E-1 4.46704E-1 5.12643E-1 5.76191E-1 7.08159E-1 7.71326E-1 7.80528E-1 7.98202E-1 -9999 -9999 -9999 -9999 -9999 -9999 -9999 -9999 -9999 -9999 -9999 -9999 -9999 -9999 -9999 -9999 -9999 -9999 -9999 -9999 -9999 -9999 -9999 -9999 -9999 -9999 -9999 -9999 -9999 -9999 -9999 -9999 -9999 -9999 -9999 -9999 -9999 -9999 -9999 -9999 -9999 -9999 -9999 -9999 -9999 -9999 -9999
3.92569E-1 4.37295E-1 4.9139E-1 4.99611E-1 5.546E-1 6.18704E-1 6.35659E-1 6.15966E-1 5.65872E-1 5.55734E-1 5.58033E-1 5.51536E-1 5.78656E-1 6.0517E-1 6.46331E-1 6.65403E-1 5.4625E-1 4.95077E-1 5.25766E-1 5.3056E-1 5.48269E-1 5.73539E-1 5.31374E-1 7.4528E-1 7.96778E-1 8.04549E-1 8.09103E-1 -9999 -9999 -9999 -9999 -9999 -9999 -9999 -9999 -9999 -9999 -9999 -9999 -9999 -9999 -9999 -9999 -9999 -9999 -9999 -9999 -9999 -9999 -9999 -9999 -9999 -9999 -9999 -9999 -9999 -9999 -9999 -9999 -9999 -9999 -9999 -9999 -9999 -9999 -9999 -9999 -9999 -9999 -9999 -9999 -9999
3.63643E-1 3.70479E-1 4.18861E-1 4.31545E-1 5.0433E-1 5.4533E-1 5.80517E-1 5.41043E-1 5.15026E-1 5.14854E-1 4.81793E-1 5.01513E-1 5.25084E-1 5.85731E-1 5.69815E-1 5.73472E-1 6.33613E-1 6.64878E-1 7.08831E-1 6.98877E-1 7.25641E-1 7.26255E-1 7.49193E-1 7.68286E-1 7.70401E-1 7.87065E-1 7.71697E-1 7.87992E-1 -9999 -9999 -9999 -9999 -9999 -9999 -9999 -9999 -9999 -9999 -9999 -9999 -9999 -9999 -9999 -9999 -9999 -9999 -9999 -9999 -9999 -9999 -9999 -9999 -9999 -9999 -9999 -9999 -9999 -9999 -9999 -9999 -9999 -9999 -9999 -9999 -9999 -9999 -9999 -9999 -9999 -9999 -9999 -9999
2.49019E-1 2.7596E-1 3.12219E-1 3.60865E-1 3.41636E-1 4.282E-1 4.47201E-1 3.90486E-1 3.86907E-1 3.9295E-1 3.91529E-1 3.9445E-1 4.01707E-1 4.06965E-1 4.40716E-1 4.38809E-1 4.8387E-1 5.7443E-1 5.75288E-1 6.44771E-1 6.89262E-1 7.1652E-1 7.21164E-1 7.20758E-1 7.63716E-1 7.31014E-1 7.44415E-1 7.55915E-1 7.6208E-1 7.64164E-1 7.58843E-1 -9999 -9999 8.25591E-1 -9999 -9999 -9999 -9999 -9999 -9999 -9999 -9999 -9999 -9999 -9999 -9999 -9999 -9999 -9999 -9999 -9999 -9999 -9999 -9999 -9999 -9999 -9999 -9999 -9999 -9999 -9999 -9999 -9999 -9999 -9999 -9999 -9999 -9999 -9999 -9999 -9999 -9999
1.46943E-1 2.0563E-1 2.47417E-1 3.77515E-1 3.17299E-1 2.96218E-1 3.34732E-1 3.22793E-1 3.35065E-1 3.20865E-1 3.06286E-1 3.18137E-1 2.94516E-1 2.72262E-1 2.89439E-1 3.19716E-1 3.89817E-1 5.17347E-1 5.06304E-1 4.86386E-1 5.93695E-1 6.62148E-1 6.30096E-1 5.57948E-1 6.6448E-1 6.97943E-1 6.79248E-1 6.91041E-1 7.43379E-1 7.492E-1 7.60572E-1 7.91931E-1 7.98981E-1 7.99005E-1 8.28763E-1 -9999 -9999 -9999 -9999 -9999 -9999 -9999 -9999 -9999 -9999 -9999 -9999 -9999 -9999 -9999 -9999 -9999 -9999 -9999 -9999 -9999 -9999 -9999 -9999 -9999 -9999 -9999 -9999 -9999 -9999 -9999 -9999 -9999 -9999 -9999 -9999 -9999
2.21235E-1 1.72767E-1 2.15064E-1 2.65603E-1 2.12885E-1 2.18203E-1 3.11682E-1 4.55918E-1 4.30046E-1 4.2656E-1 3.52251E-1 4.84729E-1 3.88875E-1 2.80131E-1 2.88478E-1 2.94332E-1 3.95162E-1 5.54296E-1 4.82708E-1 4.68379E-1 5.63971E-1 6.16074E-1 6.20595E-1 6.31671E-1 6.29757E-1 6.85902E-1 6.32328E-1 6.29002E-1 6.99077E-1 7.09181E-1 7.44496E-1 7.37531E-1 7.63672E-1 7.84045E-1 7.9084E-1 7.8797E-1 -9999 -9999 -9999 -9999 -9999 -9999 -9999 -9999 -9999 -9999 -9999 -9999 -9999 -9999 -9999 -9999 -9999 8.7978E-1 8.57777E-1 -9999 -9999 -9999 -9999 -9999 -9999 -9999 -9999 -9999 -9999 -9999 -9999 -9999 -9999 -9999 -9999 -9999
2.55303E-1 3.19901E-1 2.99089E-1 2.38667E-1 2.5094E-1 2.61086E-1 2.53401E-1 2.8527E-1 3.8141E-1 4.71231E-1 4.42396E-1 4.75038E-1 3.54883E-1 3.62413E-1 3.2794E-1 2.28131E-1 3.49417E-1 4.67654E-1 3.40418E-1 3.929E-1 5.70979E-1 5.78609E-1 6.2401E-1 5.80622E-1 6.04767E-1 6.01196E-1 6.20813E-1 6.68747E-1 6.74389E-1 6.71093E-1 7.49813E-1 7.38384E-1 7.31249E-1 7.65771E-1 7.71282E-1 7.70977E-1 7.58444E-1 7.45158E-1 -9999 -9999 -9999 -9999 -9999 -9999 -9999 -9999 -9999 -9999 -9999 -9999 -9999 -9999 -9999 8.53356E-1 8.51808E-1 7.76296E-1 -9999 -9999 -9999 -9999 -9999 -9999 -9999 -9999 -9999 -9999 -9999 -9999 -9999 -9999 -9999 -9999
2.90264E-1 3.30957E-1 3.49514E-1 3.459E-1 3.34187E-1 3.41051E-1 3.63641E-1 3.93348E-1 4.23023E-1 5.07127E-1 4.26434E-1 5.05414E-1 3.9948E-1 4.25978E-1 3.18714E-1 2.30552E-1 2.67828E-1 3.11318E-1 4.00843E-1 3.66451E-1 3.94405E-1 4.86782E-1 5.83232E-1 4.91512E-1 4.58223E-1 4.6427E-1 4.99514E-1 6.15938E-1 6.49362E-1 7.14634E-1 7.32679E-1 6.96066E-1 7.34545E-1 7.63164E-1 7.2908E-1 7.1097E-1 6.87318E-1 6.82013E-1 7.09398E-1 7.5053E-1 7.59511E-1 -9999 -9999 -9999 -9999 -9999 -9999 -9999 -9999 -9999 -9999 -9999 -9999 -9999 -9999 7.76185E-1 -9999 -9999 -9999 -9999 -9999 -9999 -9999 -9999 -9999 -9999 -9999 -9999 -9999 -9999 -9999 -9999
2.7145E-1 4.18347E-1 4.39176E-1 4.61653E-1 4.71273E-1 4.88458E-1 5.21299E-1 5.18167E-1 5.12852E-1 5.15293E-1 4.20889E-1 4.60293E-1 4.50891E-1 4.4783E-1 3.35272E-1 3.78721E-1 3.47141E-1 2.65411E-1 2.83622E-1 3.88724E-1 4.06835E-1 4.10735E-1 5.6954E-1 4.20811E-1 2.89174E-1 2.81059E-1 3.45843E-1 5.06325E-1 5.90068E-1 6.60465E-1 6.38951E-1 6.06804E-1 6.55023E-1 6.4567E-1 6.19767E-1 6.01148E-1 5.53689E-1 5.36417E-1 5.4139E-1 5.61433E-1 6.48541E-1 7.01211E-1 7.05684E-1 7.05882E-1 7.47804E-1 -9999 -9999 -9999 -9999 -9999 -9999 -9999 -9999 -9999 -9999 -9999 -9999 -9999 -9999 -9999 8.33642E-1 6.39911E-1 -9999 -9999 -9999 -9999 -9999 -9999 -9999 -9999 -9999 -9999
3.15881E-1 3.34154E-1 3.1528E-1 4.25406E-1 4.74764E-1 4.98587E-1 5.14554E-1 5.16621E-1 5.01197E-1 4.99691E-1 5.06633E-1 5.25398E-1 5.00074E-1 5.00091E-1 4.62451E-1 4.7452E-1 3.96852E-1 3.6714E-1 3.60898E-1 3.3806E-1 3.37698E-1 4.15261E-1 5.00387E-1 4.2345E-1 2.8156E-1 2.50457E-1 2.83561E-1 3.87075E-1 4.34294E-1 3.91727E-1 3.2711E-1 4.01937E-1 3.72179E-1 3.93303E-1 4.34856E-1 3.77209E-1 3.52266E-1 3.70597E-1 4.72395E-1 3.92211E-1 4.87371E-1 5.24078E-1 5.52334E-1 5.46022E-1 6.2305E-1 7.12357E-1 6.97733E-1 6.70012E-1 7.38782E-1 7.66507E-1 7.82413E-1 8.04528E-1 8.09131E-1 -9999 -9999 -9999 -9999 -9999 -9999 7.25534E-1 7.2262E-1 5.58241E-1 7.25203E-1 -9999 -9999 -9999 -9999 -9999 -9999 -9999 -9999 -9999
3.50278E-1 3.20032E-1 3.52851E-1 3.57539E-1 3.98465E-1 4.61312E-1 4.89754E-1 4.91821E-1 4.85342E-1 4.85306E-1 4.92479E-1 4.90615E-1 4.72503E-1 4.84007E-1 4.78342E-1 4.60999E-1 4.38993E-1 4.34974E-1 4.19661E-1 3.47564E-1 4.52653E-1 4.16594E-1 4.31638E-1 3.28055E-1 3.28332E-1 3.2632E-1 3.62887E-1 2.72507E-1 3.34864E-1 3.3702E-1 3.15691E-1 3.17725E-1 4.0106E-1 4.70192E-1 5.20463E-1 4.66894E-1 5.06685E-1 4.25654E-1 5.4619E-1 5.20563E-1 5.2158E-1 4.68071E-1 4.71118E-1 4.49801E-1 4.41674E-1 5.37318E-1 6.74113E-1 6.64343E-1 6.38219E-1 6.3741E-1 7.45293E-1 6.76435E-1 6.81975E-1 7.30694E-1 7.81107E-1 8.24031E-1 -9999 8.70723E-1 7.75019E-1 -9999 7.90582E-1 7.34224E-1 6.76903E-1 -9999 -9999 -9999 -9999 -9999 -9999 -9999 -9999 -9999
3.23596E-1 3.03606E-1 2.73782E-1 2.47824E-1 3.20181E-1 4.64767E-1 4.82205E-1 4.90853E-1 4.85816E-1 4.84983E-1 4.74305E-1 4.97588E-1 4.81332E-1 4.94507E-1 4.82778E-1 4.53632E-1 4.97505E-1 4.79475E-1 4.91926E-1 4.92226E-1 4.96157E-1 4.93617E-1 4.49463E-1 4.45082E-1 3.89956E-1 3.64028E-1 4.30753E-1 3.74278E-1 3.43543E-1 3.11592E-1 4.02871E-1 4.16094E-1 3.70539E-1 4.60262E-1 5.54722E-1 5.69982E-1 5.81525E-1 5.7222E-1 4.83947E-1 5.07085E-1 4.34894E-1 5.61536E-1 5.34855E-1 5.77944E-1 5.08711E-1 5.44964E-1 6.61941E-1 6.14026E-1 5.25253E-1 5.36687E-1 6.464E-1 5.14083E-1 6.05047E-1 5.83487E-1 7.0108E-1 7.52584E-1 6.95068E-1 7.51998E-1 6.29322E-1 6.79376E-1 6.90534E-1 6.87889E-1 6.65743E-1 -9999 -9999 -9999 -9999 -9999 -9999 -9999 -9999 -9999
2.65977E-1 2.46433E-1 2.47696E-1 2.82378E-1 3.96891E-1 4.46332E-1 4.4197E-1 4.63557E-1 4.63948E-1 4.69657E-1 4.7919E-1 4.80153E-1 4.89942E-1 4.80182E-1 4.80718E-1 4.7634E-1 4.63314E-1 4.92503E-1 4.92127E-1 4.58439E-1 5.23887E-1 4.65729E-1 5.12667E-1 4.9181E-1 4.58908E-1 4.31088E-1 4.71917E-1 4.2725E-1 3.87335E-1 3.72327E-1 4.25773E-1 3.95405E-1 4.19992E-1 4.42083E-1 5.34204E-1 5.83287E-1 6.11366E-1 5.90972E-1 6.22027E-1 5.92088E-1 5.29247E-1 4.64812E-1 5.23004E-1 6.00678E-1 5.8576E-1 6.0005E-1 5.46244E-1 5.62315E-1 5.13991E-1 6.30656E-1 6.88003E-1 5.68121E-1 5.60877E-1 5.10125E-1 4.04745E-1 5.52232E-1 5.68194E-1 5.67148E-1 5.73013E-1 6.95618E-1 6.83481E-1 6.98787E-1 -9999 -9999 -9999 -9999 -9999 -9999 -9999 -9999 -9999 -9999
2.20515E-1 2.14038E-1 2.10787E-1 2.33622E-1 3.58427E-1 3.82365E-1 3.63174E-1 4.50336E-1 4.6733E-1 4.5365E-1 4.52321E-1 4.50118E-1 4.68504E-1 4.67696E-1 4.74802E-1 4.72343E-1 4.62982E-1 4.78061E-1 4.64275E-1 4.16191E-1 4.86219E-1 4.68109E-1 4.97406E-1 4.56082E-1 4.41406E-1 4.81534E-1 5.23464E-1 4.6228E-1 4.99954E-1 5.10806E-1 4.85471E-1 5.69334E-1 6.15511E-1 5.20691E-1 5.87395E-1 5.22562E-1 5.73886E-1 5.96429E-1 6.28277E-1 5.85159E-1 5.32534E-1 5.5865E-1 6.04385E-1 6.26265E-1 6.61937E-1 6.42674E-1 5.52005E-1 5.33664E-1 5.3129E-1 5.97059E-1 5.82901E-1 6.19986E-1 6.07325E-1 5.26892E-1 5.62617E-1 6.13767E-1 6.39241E-1 6.47565E-1 7.17113E-1 6.80726E-1 7.17232E-1 7.05414E-1 -9999 -9999 -9999 -9999 -9999 -9999 -9999 -9999 -9999 -9999
1.82687E-1 2.29764E-1 2.1686E-1 2.73151E-1 3.33845E-1 3.16017E-1 3.7829E-1 4.64098E-1 4.57885E-1 4.36002E-1 4.15093E-1 4.41747E-1 4.51807E-1 4.79898E-1 4.70921E-1 4.53809E-1 4.73235E-1 4.63404E-1 4.45521E-1 4.20557E-1 4.89046E-1 4.88219E-1 4.75536E-1 4.36179E-1 4.60635E-1 4.84861E-1 4.89839E-1 4.86595E-1 4.63851E-1 4.33504E-1 5.22489E-1 4.91835E-1 5.62314E-1 4.91902E-1 5.23221E-1 5.65507E-1 5.13824E-1 5.62213E-1 5.61652E-1 5.40358E-1 6.06917E-1 5.53687E-1 6.10603E-1 5.98649E-1 5.91554E-1 6.42647E-1 6.99015E-1 6.2428E-1 5.58492E-1 6.19411E-1 6.02583E-1 6.30313E-1 5.94549E-1 6.04967E-1 6.6232E-1 6.31547E-1 6.4286E-1 6.24452E-1 7.60697E-1 7.51168E-1 7.14647E-1 7.74838E-1 7.81544E-1 7.8626E-1 7.43923E-1 -9999 -9999 -9999 -9999 -9999 -9999 -9999
2.29872E-1 2.84198E-1 2.98776E-1 2.61009E-1 2.939E-1 3.46975E-1 3.91824E-1 4.73194E-1 4.54913E-1 4.04702E-1 3.42548E-1 4.33149E-1 4.73226E-1 4.72331E-1 4.54813E-1 4.60305E-1 4.71253E-1 4.65576E-1 4.07927E-1 3.96347E-1 4.67035E-1 4.74094E-1 4.63745E-1 4.06684E-1 4.69803E-1 4.8626E-1 5.19381E-1 4.74113E-1 3.87061E-1 3.71566E-1 4.96892E-1 3.93011E-1 5.08635E-1 4.70265E-1 5.01961E-1 5.58005E-1 5.49227E-1 5.97101E-1 6.0019E-1 5.77734E-1 6.27938E-1 5.90798E-1 6.53332E-1 6.76214E-1 6.8712E-1 6.97295E-1 7.0381E-1 6.74556E-1 7.07662E-1 6.63024E-1 6.29847E-1 5.35517E-1 5.20552E-1 5.00058E-1 5.36623E-1 6.0302E-1 4.43186E-1 4.92071E-1 6.00252E-1 5.98376E-1 6.30918E-1 7.63055E-1 7.71961E-1 6.84816E-1 7.36149E-1 8.41458E-1 -9999 -9999 -9999 -9999 -9999 -9999
2.56865E-1 2.92966E-1 3.48864E-1 2.43065E-1 2.82309E-1 3.84742E-1 3.90745E-1 4.72665E-1 4.62504E-1 4.42189E-1 4.20139E-1 4.6429E-1 4.76314E-1 4.65258E-1 4.52809E-1 4.61763E-1 4.79165E-1 4.4318E-1 4.26746E-1 4.32269E-1 4.76388E-1 4.86419E-1 4.05726E-1 4.75244E-1 5.18549E-1 5.10802E-1 5.12702E-1 4.34499E-1 4.11813E-1 4.22143E-1 4.80533E-1 4.86266E-1 5.42043E-1 4.78533E-1 5.42392E-1 5.83482E-1 5.95543E-1 6.02029E-1 5.97429E-1 5.96672E-1 6.1305E-1 5.7445E-1 6.50956E-1 6.43228E-1 6.57732E-1 6.94297E-1 6.86501E-1 6.84172E-1 6.94697E-1 6.74208E-1 7.02631E-1 6.52511E-1 5.93505E-1 5.87901E-1 6.15046E-1 5.81016E-1 4.98137E-1 4.79086E-1 5.42789E-1 5.64252E-1 5.35925E-1 5.83051E-1 6.73683E-1 5.61704E-1 7.19358E-1 7.49237E-1 7.36905E-1 7.7677E-1 -9999 -9999 -9999 -9999
1.4173E-1 2.59991E-1 3.38953E-1 3.38802E-1 3.81791E-1 4.06889E-1 4.0351E-1 3.91286E-1 4.65428E-1 4.46057E-1 4.40776E-1 4.34559E-1 4.47791E-1 4.51394E-1 4.59362E-1 4.58249E-1 4.50163E-1 4.48446E-1 4.45338E-1 4.82908E-1 4.92191E-1 4.80122E-1 4.52772E-1 4.67733E-1 5.38435E-1 5.23702E-1 4.74232E-1 4.35581E-1 4.33255E-1 4.64903E-1 4.89479E-1 5.41583E-1 5.05901E-1 5.36075E-1 5.65854E-1 5.48805E-1 5.92871E-1 5.56668E-1 5.54876E-1 5.43822E-1 6.03917E-1 5.93524E-1 6.44504E-1 6.17887E-1 6.48708E-1 6.90463E-1 6.82072E-1 6.6762E-1 6.82617E-1 6.68166E-1 6.95119E-1 7.17458E-1 6.68943E-1 6.60868E-1 6.41771E-1 6.32231E-1 6.23035E-1 5.68926E-1 5.68322E-1 5.75367E-1 5.87689E-1 5.75465E-1 5.84008E-1 5.43561E-1 5.66269E-1 6.10015E-1 7.05671E-1 7.78761E-1 8.04227E-1 8.19409E-1 -9999 -9999
1.74722E-1 2.23013E-1 3.07004E-1 3.99072E-1 3.99476E-1 4.02683E-1 3.949E-1 4.43877E-1 4.48759E-1 4.47104E-1 4.32311E-1 4.29721E-1 4.39388E-1 4.2547E-1 4.34221E-1 4.30032E-1 4.34953E-1 4.67874E-1 4.77174E-1 4.7615E-1 4.76444E-1 5.09781E-1 4.89422E-1 4.611E-1 5.20507E-1 5.43379E-1 4.97493E-1 4.2822E-1 4.41478E-1 4.57529E-1 4.93656E-1 4.88818E-1 5.43431E-1 5.42849E-1 5.39036E-1 5.41825E-1 5.76478E-1 5.32826E-1 5.49702E-1 5.32084E-1 5.97147E-1 5.86343E-1 6.15459E-1 6.16657E-1 6.3646E-1 6.62567E-1 6.71951E-1 6.66833E-1 6.73675E-1 6.70291E-1 6.87824E-1 7.19319E-1 7.21019E-1 7.1724E-1 7.26791E-1 7.23966E-1 6.95003E-1 6.38729E-1 6.20613E-1 5.93257E-1 6.10065E-1 6.23266E-1 5.9267E-1 5.95086E-1 6.80493E-1 6.17064E-1 6.18001E-1 6.2299E-1 6.60067E-1 7.17472E-1 8.02776E-1 -9999
3.47678E-1 1.85368E-1 2.59976E-1 3.79986E-1 4.23769E-1 4.44175E-1 4.45117E-1 4.29516E-1 4.1847E-1 4.16762E-1 4.2048E-1 4.26242E-1 4.32275E-1 4.18996E-1 4.43817E-1 4.25797E-1 4.50943E-1 4.72099E-1 4.60593E-1 4.53739E-1 4.76002E-1 5.09619E-1 5.10313E-1 4.76368E-1 4.93017E-1 5.16936E-1 5.07298E-1 4.40525E-1 4.57217E-1 4.8732E-1 5.0674E-1 5.08788E-1 5.53747E-1 5.56285E-1 5.43898E-1 5.36807E-1 5.62416E-1 5.24758E-1 5.61584E-1 5.60898E-1 5.82748E-1 5.56151E-1 5.95921E-1 5.89635E-1 6.24645E-1 6.41893E-1 6.55379E-1 6.65392E-1 6.45905E-1 6.49522E-1 6.8938E-1 7.2159E-1 7.2685E-1 7.33829E-1 7.42259E-1 7.43604E-1 7.07605E-1 6.48581E-1 6.54207E-1 6.28274E-1 6.18868E-1 6.36206E-1 6.46077E-1 7.07449E-1 7.02179E-1 7.21392E-1 6.83874E-1 6.92884E-1 7.51935E-1 7.37606E-1 7.86008E-1 -9999
4.33447E-1 3.38091E-1 2.92145E-1 3.60829E-1 4.32494E-1 4.35274E-1 4.20313E-1 4.0005E-1 4.00892E-1 3.96894E-1 4.0034E-1 4.11683E-1 4.20344E-1 4.28424E-1 4.21919E-1 4.35411E-1 4.44483E-1 4.63437E-1 4.44582E-1 4.44596E-1 4.55136E-1 4.83032E-1 4.79047E-1 4.67525E-1 4.8319E-1 4.72426E-1 4.53984E-1 4.39353E-1 4.65785E-1 4.8441E-1 5.38775E-1 5.00282E-1 5.35205E-1 5.56343E-1 5.2485E-1 5.45962E-1 5.47715E-1 5.40185E-1 5.66456E-1 5.55414E-1 5.75721E-1 5.71113E-1 6.07109E-1 6.24074E-1 6.21613E-1 6.40957E-1 6.4379E-1 6.4533E-1 6.21636E-1 6.45703E-1 6.84423E-1 6.88514E-1 7.33703E-1 7.27346E-1 7.3631E-1 7.31815E-1 7.334E-1 6.77091E-1 6.83855E-1 6.87964E-1 6.75246E-1 6.82984E-1 7.05736E-1 7.57717E-1 7.23216E-1 7.62438E-1 7.61101E-1 7.62574E-1 7.82446E-1 7.84551E-1 7.87251E-1 7.84876E-1
4.06108E-1 3.85115E-1 3.88566E-1 3.95144E-1 4.01146E-1 3.97546E-1 3.93765E-1 3.86773E-1 3.86526E-1 3.77229E-1 3.86202E-1 3.98675E-1 4.13787E-1 4.17713E-1 4.22518E-1 4.22519E-1 4.30767E-1 4.49872E-1 4.21557E-1 4.67629E-1 4.36575E-1 4.58632E-1 4.71981E-1 4.90964E-1 4.76546E-1 4.70199E-1 4.40553E-1 4.45825E-1 4.6085E-1 4.95264E-1 5.092E-1 5.07805E-1 5.27902E-1 5.2863E-1 5.36183E-1 5.39955E-1 5.40655E-1 5.39842E-1 5.51205E-1 5.61197E-1 5.65016E-1 5.92677E-1 6.02474E-1 6.1831E-1 6.20009E-1 6.08182E-1 6.20361E-1 6.24207E-1 6.26768E-1 6.61832E-1 6.74986E-1 6.77463E-1 7.07703E-1 7.1374E-1 7.21499E-1 7.20419E-1 7.366E-1 7.21795E-1 7.11589E-1 7.18913E-1 7.28866E-1 7.32951E-1 7.49891E-1 7.75145E-1 7.83428E-1 7.89425E-1 8.11582E-1 8.16566E-1 8.22299E-1 8.15102E-1 8.16457E-1 8.04193E-1
3.82558E-1 4.01507E-1 3.85695E-1 3.69807E-1 3.79317E-1 3.7302E-1 3.78622E-1 3.63518E-1 3.72492E-1 3.65086E-1 3.80233E-1 4.02098E-1 3.96168E-1 4.09601E-1 4.07432E-1 4.30873E-1 4.32375E-1 4.45371E-1 4.30577E-1 4.72638E-1 4.46388E-1 4.68437E-1 4.86087E-1 4.88565E-1 4.71371E-1 4.48026E-1 4.4454E-1 4.4203E-1 4.69565E-1 5.02739E-1 4.99169E-1 4.944E-1 5.15387E-1 5.37474E-1 5.44537E-1 5.47108E-1 5.4633E-1 5.53646E-1 5.44624E-1 5.68289E-1 5.51472E-1 5.49877E-1 5.79171E-1 5.95846E-1 5.93446E-1 5.72743E-1 5.95194E-1 6.141E-1 6.25654E-1 6.47675E-1 6.60761E-1 6.73568E-1 6.90976E-1 7.10031E-1 6.99832E-1 7.12357E-1 7.34065E-1 7.38787E-1 7.34151E-1 7.49034E-1 7.60742E-1 7.71907E-1 7.78437E-1 7.81932E-1 7.89162E-1 7.99035E-1 7.91357E-1 8.00406E-1 8.07391E-1 8.17842E-1 8.29771E-1 8.42425E-1
3.7777E-1 3.88868E-1 3.79081E-1 3.6742E-1 3.65198E-1 3.62278E-1 3.36987E-1 3.28993E-1 3.40834E-1 3.51115E-1 3.72083E-1 3.89991E-1 3.8837E-1 3.75613E-1 3.64856E-1 4.19268E-1 4.18939E-1 4.46669E-1 4.46285E-1 4.67468E-1 4.62822E-1 4.71502E-1 4.71301E-1 4.98643E-1 4.69951E-1 4.47958E-1 4.4462E-1 4.36825E-1 4.7956E-1 4.84199E-1 5.07786E-1 4.70297E-1 4.91144E-1 5.10034E-1 5.15436E-1 5.0469E-1 5.12014E-1 5.49087E-1 5.56432E-1 5.36944E-1 5.11066E-1 5.21061E-1 5.50045E-1 5.77394E-1 5.82335E-1 6.04139E-1 6.2288E-1 6.18578E-1 6.2483E-1 6.4082E-1 6.49624E-1 6.69712E-1 6.79274E-1 6.95811E-1 6.99869E-1 7.28273E-1 7.38761E-1 7.38131E-1 7.41976E-1 7.57849E-1 7.65829E-1 7.67118E-1 7.71235E-1 7.72853E-1 7.87092E-1 7.93109E-1 7.86724E-1 8.00199E-1 7.90889E-1 8.14045E-1 8.11957E-1 8.26754E-1
3.63272E-1 3.81446E-1 3.62484E-1 3.41501E-1 3.42232E-1 3.29221E-1 2.82587E-1 2.62402E-1 3.02493E-1 3.59501E-1 3.70223E-1 3.63218E-1 3.48443E-1 3.66436E-1 3.48537E-1 3.40885E-1 3.67378E-1 4.57741E-1 4.63482E-1 4.72338E-1 4.69989E-1 4.83345E-1 4.63722E-1 4.99183E-1 4.77992E-1 4.58167E-1 4.68087E-1 4.71258E-1 4.8443E-1 4.90584E-1 5.05322E-1 4.93048E-1 5.01973E-1 5.13588E-1 5.28455E-1 5.24144E-1 5.21745E-1 5.37744E-1 5.48331E-1 5.27809E-1 4.96532E-1 5.19682E-1 5.3915E-1 5.88182E-1 5.75523E-1 6.14262E-1 6.20681E-1 6.24582E-1 6.19814E-1 6.4958E-1 6.48842E-1 6.51804E-1 6.73618E-1 6.84259E-1 6.98577E-1 7.18829E-1 7.26091E-1 7.24904E-1 7.47475E-1 7.46146E-1 7.51051E-1 7.62368E-1 7.71173E-1 7.58588E-1 7.69373E-1 7.95058E-1 7.88198E-1 8.04593E-1 8.1531E-1 7.96748E-1 8.09519E-1 8.20147E-1
3.94476E-1 3.90786E-1 3.54057E-1 3.43242E-1 3.4708E-1 3.12105E-1 2.29584E-1 2.32422E-1 3.10807E-1 3.81134E-1 3.46663E-1 3.46698E-1 3.27576E-1 3.03558E-1 2.61349E-1 2.90437E-1 3.31635E-1 5.08094E-1 5.00201E-1 4.94082E-1 4.79764E-1 4.78449E-1 4.74745E-1 4.96858E-1 4.93034E-1 4.8446E-1 4.93019E-1 4.936E-1 4.95934E-1 5.00899E-1 5.158E-1 5.18314E-1 5.10291E-1 5.23076E-1 5.38098E-1 5.4592E-1 5.36815E-1 5.3701E-1 5.52418E-1 5.44698E-1 5.14382E-1 5.28177E-1 5.49805E-1 5.92497E-1 5.89951E-1 6.00741E-1 6.14395E-1 6.19016E-1 6.17942E-1 6.37672E-1 6.37434E-1 6.37385E-1 6.56719E-1 6.83206E-1 6.78291E-1 7.20632E-1 7.12239E-1 7.128E-1 7.39692E-1 7.37178E-1 7.25404E-1 7.30338E-1 7.40297E-1 7.70697E-1 7.63092E-1 7.78744E-1 7.94849E-1 8.06348E-1 7.98604E-1 8.03632E-1 8.12784E-1 8.19378E-1
4.10192E-1 3.76935E-1 3.45495E-1 3.38174E-1 3.23393E-1 3.06009E-1 2.33904E-1 2.52709E-1 2.84963E-1 3.01545E-1 3.01007E-1 2.75183E-1 2.99737E-1 3.23662E-1 2.72615E-1 2.99708E-1 4.08311E-1 5.05439E-1 5.28737E-1 4.98831E-1 4.94067E-1 4.86718E-1 4.90354E-1 4.871E-1 4.82791E-1 4.97696E-1 5.08428E-1 5.15459E-1 5.17087E-1 5.13652E-1 5.16645E-1 5.43489E-1 5.1977E-1 5.37465E-1 5.43685E-1 5.55118E-1 5.48337E-1 5.54159E-1 5.66118E-1 5.59144E-1 5.3941E-1 5.42362E-1 5.54574E-1 5.82573E-1 5.83824E-1 6.02472E-1 6.24473E-1 6.25894E-1 6.28872E-1 6.31189E-1 6.23269E-1 6.42906E-1 6.54962E-1 6.73775E-1 6.71757E-1 7.00872E-1 7.06284E-1 7.3124E-1 7.22439E-1 7.25921E-1 7.22892E-1 7.14372E-1 7.21162E-1 7.75484E-1 7.72968E-1 7.7836E-1 7.87911E-1 7.95575E-1 7.95479E-1 8.06133E-1 7.99017E-1 8.01145E-1
4.04924E-1 3.6313E-1 3.48859E-1 3.21981E-1 3.06749E-1 3.16157E-1 2.83349E-1 1.95516E-1 2.13164E-1 1.77678E-1 2.05051E-1 2.30714E-1 2.28594E-1 3.5441E-1 3.89382E-1 5.08302E-1 5.37387E-1 4.97931E-1 5.13569E-1 5.08698E-1 4.97546E-1 4.98295E-1 5.00804E-1 5.02499E-1 4.99453E-1 5.13027E-1 5.37305E-1 5.29171E-1 5.37812E-1 5.26002E-1 5.13191E-1 5.43033E-1 5.42017E-1 5.53208E-1 5.54394E-1 5.53835E-1 5.68288E-1 5.68174E-1 5.68658E-1 5.70575E-1 5.1999E-1 5.28915E-1 5.66309E-1 5.84927E-1 5.84603E-1 6.12146E-1 6.03363E-1 6.11424E-1 6.09452E-1 6.10163E-1 6.35702E-1 6.32337E-1 6.57652E-1 6.69181E-1 6.67648E-1 7.02185E-1 7.09551E-1 7.20322E-1 7.19813E-1 7.13492E-1 6.97132E-1 7.13508E-1 7.45804E-1 7.63412E-1 7.67135E-1 7.70688E-1 7.80631E-1 7.81698E-1 7.9127E-1 7.8616E-1 7.74295E-1 7.75786E-1
3.86088E-1 3.58767E-1 3.38924E-1 3.05735E-1 3.01975E-1 2.94765E-1 2.84454E-1 2.00205E-1 1.97627E-1 1.11866E-1 1.255E-1 2.96264E-1 2.97369E-1 3.25196E-1 4.39292E-1 5.1554E-1 5.31019E-1 4.83813E-1 5.06551E-1 4.98743E-1 5.13042E-1 5.08999E-1 5.18923E-1 5.06854E-1 5.22425E-1 5.32855E-1 5.38435E-1 5.32843E-1 5.41648E-1 5.32522E-1 5.28195E-1 5.70361E-1 5.78984E-1 5.62028E-1 5.7807E-1 5.76077E-1 5.75883E-1 5.77729E-1 5.8124E-1 5.57782E-1 4.81529E-1 4.6962E-1 5.70095E-1 5.85828E-1 5.85341E-1 5.75856E-1 5.78996E-1 6.00429E-1 6.20301E-1 6.23553E-1 6.21308E-1 6.36974E-1 6.47556E-1 6.65819E-1 6.72039E-1 6.84676E-1 7.16071E-1 7.08976E-1 7.05188E-1 7.11493E-1 6.87748E-1 7.26255E-1 7.5445E-1 7.46216E-1 7.24438E-1 7.47935E-1 7.58178E-1 7.647E-1 7.44504E-1 7.39742E-1 7.5108E-1 7.60371E-1
3.76558E-1 3.52705E-1 3.35591E-1 2.71398E-1 2.64678E-1 2.15085E-1 3.0319E-1 2.35163E-1 1.81546E-1 1.29227E-1 1.60523E-1 2.99749E-1 3.38735E-1 4.25016E-1 5.1319E-1 5.26296E-1 5.09305E-1 4.78307E-1 5.01992E-1 5.02117E-1 5.27929E-1 5.51709E-1 5.39472E-1 5.33831E-1 5.46542E-1 5.64666E-1 5.61124E-1 5.61087E-1 5.72368E-1 5.51457E-1 5.48352E-1 5.67689E-1 5.8403E-1 5.76963E-1 5.76431E-1 5.69574E-1 5.59196E-1 5.58997E-1 5.56777E-1 5.52509E-1 5.1802E-1 5.11428E-1 5.51668E-1 5.44928E-1 6.13498E-1 5.40782E-1 5.39649E-1 5.78558E-1 5.98285E-1 6.336E-1 6.35579E-1 6.31912E-1 6.46814E-1 6.55924E-1 6.44382E-1 6.80689E-1 6.80619E-1 6.7941E-1 6.98216E-1 7.13432E-1 7.07657E-1 7.10346E-1 7.40871E-1 7.35563E-1 7.21155E-1 7.41588E-1 7.42472E-1 7.27442E-1 7.24934E-1 7.27169E-1 7.22651E-1 7.22198E-1
3.71461E-1 3.50199E-1 3.18853E-1 1.99228E-1 1.82763E-1 1.92685E-1 3.30005E-1 2.51688E-1 2.19569E-1 1.85577E-1 2.81294E-1 3.42992E-1 4.68943E-1 4.55136E-1 5.30303E-1 5.28913E-1 4.936E-1 4.49438E-1 5.21218E-1 5.27723E-1 5.49624E-1 5.60246E-1 5.46157E-1 5.64058E-1 5.67249E-1 5.75741E-1 5.75149E-1 5.6841E-1 5.78128E-1 5.5936E-1 5.53297E-1 5.70164E-1 5.74234E-1 5.65349E-1 5.66194E-1 5.56293E-1 5.53948E-1 5.63088E-1 5.64162E-1 5.44034E-1 5.9478E-1 5.60486E-1 5.18985E-1 6.10752E-1 6.063E-1 5.50892E-1 5.50758E-1 6.12677E-1 6.38611E-1 6.61731E-1 6.39363E-1 6.47458E-1 6.45539E-1 6.58915E-1 6.58124E-1 6.78925E-1 6.83261E-1 6.77826E-1 6.82249E-1 6.98488E-1 6.90974E-1 7.05331E-1 7.06577E-1 7.11285E-1 7.1859E-1 7.0135E-1 7.07799E-1 7.11186E-1 7.03444E-1 7.08987E-1 7.0003E-1 7.25721E-1
3.71059E-1 3.5399E-1 3.15969E-1 1.77713E-1 1.82284E-1 1.55849E-1 3.11631E-1 2.35872E-1 2.40458E-1 2.26319E-1 3.26495E-1 3.61205E-1 4.07661E-1 5.4776E-1 5.4049E-1 5.43983E-1 4.84564E-1 3.8539E-1 5.59377E-1 5.66322E-1 5.72083E-1 5.83646E-1 5.63222E-1 5.68704E-1 5.73444E-1 5.74672E-1 5.77396E-1 5.78189E-1 5.75998E-1 5.67914E-1 5.59243E-1 5.77932E-1 5.84421E-1 5.74449E-1 5.55375E-1 5.58924E-1 5.62725E-1 5.73814E-1 5.75714E-1 5.73709E-1 5.75495E-1 5.64717E-1 5.91494E-1 5.77212E-1 5.61887E-1 5.40723E-1 5.36054E-1 5.97858E-1 6.40292E-1 6.67079E-1 6.44115E-1 6.05638E-1 6.49725E-1 6.66246E-1 6.57111E-1 6.66704E-1 6.75918E-1 6.74282E-1 6.78015E-1 6.77998E-1 6.86716E-1 6.70774E-1 6.91418E-1 6.95726E-1 6.84353E-1 6.73978E-1 6.7568E-1 6.89913E-1 6.85472E-1 6.98151E-1 7.03756E-1 7.04806E-1
