Artocarpus altilis SDM files/Last interglacial/results (without the bias file)/Artalt_median.asc
ncols         1201
nrows         481
xllcorner     119.99986351115
yllcorner     -15.00013864885
cellsize      0.041666667
NODATA_value  -9999
[rows 320 to 351 of 481, columns 648 to 719 of 1201]
1.45161E-1 1.78004E-1 1.6024E-1 1.01347E-1 7.67341E-2 5.96326E-2 8.41457E-2 1.03485E-1 6.73509E-2 8.95852E-2 1.26375E-1 1.65761E-1 2.84218E-1 3.48627E-1 3.62178E-1 4.04047E-1 4.08382E-1 4.4898E-1 4.7832E-1 5.05073E-1 5.21493E-1 5.49713E-1 5.34441E-1 5.62111E-1 5.67423E-1 6.00312E-1 6.31379E-1 6.47319E-1 6.57693E-1 -9999 -9999 -9999 -9999 -9999 -9999 -9999 -9999 -9999 -9999 -9999 -9999 -9999 -9999 -9999 -9999 -9999 -9999 -9999 -9999 -9999 -9999 -9999 -9999 -9999 -9999 -9999 -9999 -9999 -9999 -9999 -9999 -9999 -9999 -9999 -9999 -9999 -9999 -9999 -9999 -9999 -9999 -9999
1.68145E-1 9.30093E-2 8.48052E-2 6.71352E-2 6.0554E-2 5.99652E-2 7.31464E-2 7.08093E-2 5.35558E-2 7.76305E-2 1.02132E-1 1.16288E-1 2.46581E-1 2.98566E-1 3.05805E-1 3.08381E-1 3.75701E-1 4.27283E-1 4.68834E-1 4.92038E-1 5.21031E-1 5.065E-1 5.06543E-1 5.14722E-1 5.39723E-1 5.56353E-1 5.88682E-1 6.20823E-1 6.39589E-1 -9999 -9999 -9999 -9999 -9999 -9999 -9999 -9999 -9999 -9999 -9999 -9999 -9999 -9999 -9999 -9999 -9999 -9999 -9999 -9999 -9999 -9999 -9999 -9999 -9999 -9999 -9999 -9999 -9999 -9999 -9999 -9999 -9999 -9999 -9999 -9999 -9999 -9999 -9999 -9999 -9999 -9999 -9999
1.70089E-1 1.63431E-1 9.49944E-2 8.83988E-2 8.52108E-2 8.34945E-2 6.67413E-2 5.07496E-2 5.10863E-2 6.29452E-2 7.56346E-2 1.01439E-1 1.9052E-1 2.33376E-1 2.58501E-1 1.71504E-1 2.78988E-1 4.0031E-1 4.1917E-1 4.63813E-1 4.92158E-1 4.7211E-1 4.90629E-1 5.04988E-1 5.08189E-1 5.30351E-1 5.61725E-1 5.78136E-1 6.03561E-1 -9999 -9999 -9999 -9999 -9999 -9999 -9999 -9999 -9999 -9999 -9999 -9999 -9999 -9999 -9999 -9999 -9999 -9999 -9999 -9999 -9999 -9999 -9999 -9999 -9999 -9999 -9999 -9999 -9999 -9999 -9999 -9999 -9999 -9999 -9999 -9999 -9999 -9999 -9999 -9999 -9999 -9999 -9999
1.07964E-1 9.71168E-2 8.55197E-2 9.04013E-2 1.14827E-1 1.07266E-1 5.77067E-2 5.56169E-2 6.43482E-2 7.98583E-2 7.989E-2 9.98721E-2 1.66506E-1 2.16434E-1 2.06911E-1 1.19207E-1 2.05152E-1 3.01838E-1 4.21568E-1 4.86879E-1 4.55885E-1 4.50847E-1 4.60712E-1 4.80522E-1 5.05855E-1 5.1247E-1 5.31878E-1 5.59878E-1 5.78514E-1 5.92241E-1 -9999 -9999 -9999 -9999 -9999 -9999 -9999 -9999 -9999 -9999 -9999 -9999 -9999 -9999 -9999 -9999 -9999 -9999 -9999 -9999 -9999 -9999 -9999 -9999 -9999 -9999 -9999 -9999 -9999 -9999 -9999 -9999 -9999 -9999 -9999 -9999 -9999 -9999 -9999 -9999 -9999 -9999
2.08134E-1 1.49846E-1 1.14236E-1 9.52328E-2 1.04074E-1 1.25389E-1 6.01909E-2 6.29651E-2 7.86439E-2 1.02887E-1 1.14216E-1 8.91829E-2 1.44189E-1 1.89696E-1 1.54712E-1 1.12229E-1 2.1345E-1 2.60323E-1 3.77502E-1 4.44757E-1 4.4079E-1 4.76447E-1 4.43437E-1 4.65603E-1 4.83154E-1 5.0418E-1 5.30777E-1 5.35424E-1 5.56128E-1 5.75085E-1 -9999 -9999 -9999 -9999 -9999 -9999 -9999 -9999 -9999 -9999 -9999 -9999 -9999 -9999 -9999 -9999 -9999 -9999 -9999 -9999 -9999 -9999 -9999 -9999 -9999 -9999 -9999 -9999 -9999 -9999 -9999 -9999 -9999 -9999 -9999 -9999 -9999 -9999 -9999 -9999 -9999 -9999
1.21176E-1 1.77456E-1 1.396E-1 1.1087E-1 9.63714E-2 1.34167E-1 9.03705E-2 6.08609E-2 7.18898E-2 8.68886E-2 1.24734E-1 1.46409E-1 1.89542E-1 2.92386E-1 1.48076E-1 1.24645E-1 1.7709E-1 2.81476E-1 4.32358E-1 3.84777E-1 5.2E-1 4.43969E-1 4.29357E-1 4.79362E-1 4.99057E-1 5.04751E-1 4.9624E-1 5.06708E-1 5.32824E-1 5.53338E-1 -9999 -9999 -9999 -9999 -9999 -9999 -9999 -9999 -9999 -9999 -9999 -9999 -9999 -9999 -9999 -9999 -9999 -9999 -9999 -9999 -9999 -9999 -9999 -9999 -9999 -9999 -9999 -9999 -9999 -9999 -9999 -9999 -9999 -9999 -9999 -9999 -9999 -9999 -9999 -9999 -9999 -9999
1.14339E-1 1.0505E-1 1.22449E-1 8.97403E-2 8.02734E-2 1.16004E-1 1.23156E-1 5.73229E-2 7.89114E-2 7.20478E-2 9.48046E-2 1.1519E-1 2.14699E-1 3.21862E-1 2.61376E-1 1.36227E-1 2.05665E-1 2.89726E-1 4.11556E-1 3.43916E-1 4.29963E-1 4.73039E-1 4.33805E-1 5.34214E-1 5.3097E-1 4.50781E-1 4.96688E-1 4.83614E-1 4.94156E-1 5.16637E-1 -9999 -9999 -9999 -9999 -9999 -9999 -9999 -9999 -9999 -9999 -9999 -9999 -9999 -9999 -9999 -9999 -9999 -9999 -9999 -9999 -9999 -9999 -9999 -9999 -9999 -9999 -9999 -9999 -9999 -9999 -9999 -9999 -9999 -9999 -9999 -9999 -9999 -9999 -9999 -9999 -9999 -9999
2.03313E-1 1.11099E-1 9.01263E-2 8.00576E-2 9.62394E-2 1.3358E-1 1.32406E-1 6.74583E-2 9.66119E-2 6.01878E-2 8.35996E-2 1.13522E-1 1.84575E-1 3.33282E-1 4.03036E-1 2.29924E-1 3.14269E-1 3.00093E-1 3.52036E-1 3.46372E-1 4.02536E-1 4.35822E-1 5.23006E-1 4.37603E-1 5.07123E-1 5.28643E-1 5.41933E-1 4.67325E-1 5.26256E-1 4.83661E-1 4.90381E-1 -9999 -9999 -9999 -9999 -9999 -9999 -9999 -9999 -9999 -9999 -9999 -9999 -9999 -9999 -9999 -9999 -9999 -9999 -9999 -9999 -9999 -9999 -9999 -9999 -9999 -9999 -9999 -9999 -9999 -9999 -9999 -9999 -9999 -9999 -9999 -9999 -9999 -9999 -9999 -9999 -9999
2.107E-1 1.77834E-1 1.22023E-1 9.05252E-2 1.03074E-1 1.2563E-1 1.60787E-1 9.62569E-2 9.24446E-2 4.59137E-2 7.26649E-2 8.82872E-2 1.5947E-1 2.25651E-1 3.19988E-1 4.50018E-1 1.8692E-1 1.63717E-1 2.7076E-1 3.41212E-1 3.9813E-1 4.6743E-1 4.87134E-1 5.70514E-1 5.68291E-1 5.80925E-1 5.2424E-1 4.80016E-1 4.95658E-1 4.65158E-1 4.79919E-1 5.06752E-1 4.91437E-1 5.14771E-1 -9999 -9999 -9999 -9999 -9999 -9999 -9999 -9999 -9999 -9999 -9999 -9999 -9999 -9999 -9999 -9999 -9999 -9999 -9999 -9999 -9999 -9999 -9999 -9999 -9999 -9999 -9999 -9999 -9999 -9999 -9999 -9999 -9999 -9999 -9999 -9999 -9999 -9999
1.82024E-1 1.55411E-1 1.38061E-1 1.52707E-1 1.00097E-1 1.26602E-1 1.78772E-1 1.27202E-1 8.0845E-2 4.23228E-2 6.65786E-2 9.44481E-2 1.51008E-1 1.57227E-1 2.50022E-1 4.14452E-1 2.40395E-1 1.31143E-1 1.30993E-1 2.15297E-1 3.11962E-1 4.21725E-1 4.47227E-1 5.70307E-1 5.4864E-1 5.49912E-1 5.77971E-1 5.12763E-1 5.26147E-1 5.43231E-1 4.68664E-1 4.82536E-1 4.94382E-1 5.05837E-1 5.19759E-1 -9999 -9999 -9999 -9999 -9999 -9999 -9999 -9999 -9999 -9999 -9999 -9999 -9999 -9999 -9999 -9999 -9999 -9999 -9999 -9999 -9999 -9999 -9999 -9999 -9999 -9999 -9999 -9999 -9999 -9999 -9999 -9999 -9999 -9999 -9999 -9999 -9999
1.96309E-1 1.77273E-1 2.46568E-1 1.4538E-1 1.02731E-1 1.16523E-1 1.7367E-1 8.72936E-2 5.18514E-2 4.19404E-2 5.19933E-2 6.56342E-2 7.9189E-2 1.22711E-1 2.04453E-1 3.89108E-1 2.95776E-1 1.15676E-1 1.34518E-1 2.11702E-1 2.20898E-1 3.76536E-1 4.49454E-1 5.66131E-1 5.39404E-1 4.56484E-1 4.61733E-1 4.83636E-1 4.29876E-1 4.47396E-1 4.798E-1 4.9403E-1 5.84516E-1 5.33359E-1 5.08166E-1 5.64332E-1 -9999 -9999 -9999 -9999 -9999 -9999 -9999 -9999 -9999 -9999 -9999 -9999 -9999 -9999 -9999 -9999 -9999 -9999 -9999 -9999 -9999 -9999 -9999 -9999 -9999 -9999 -9999 -9999 -9999 -9999 -9999 -9999 -9999 -9999 -9999 -9999
1.84446E-1 2.51236E-1 2.47942E-1 1.364E-1 1.12763E-1 1.47932E-1 2.01085E-1 8.16642E-2 1.09966E-1 5.39131E-2 5.03295E-2 6.86786E-2 7.30416E-2 1.21341E-1 2.12453E-1 4.30514E-1 3.14213E-1 2.27769E-1 2.34807E-1 1.68312E-1 2.44416E-1 3.90125E-1 5.04326E-1 6.15656E-1 5.11211E-1 4.82376E-1 4.08947E-1 4.81942E-1 5.22885E-1 5.56477E-1 5.85287E-1 5.45281E-1 4.83115E-1 5.79268E-1 5.9172E-1 5.25722E-1 -9999 -9999 -9999 -9999 -9999 -9999 -9999 -9999 -9999 -9999 -9999 -9999 -9999 -9999 -9999 -9999 -9999 -9999 -9999 -9999 -9999 -9999 -9999 -9999 -9999 -9999 -9999 -9999 -9999 -9999 -9999 -9999 -9999 -9999 -9999 -9999
2.24659E-1 2.89254E-1 2.65836E-1 1.32237E-1 9.63232E-2 1.447E-1 2.29854E-1 1.67694E-1 1.44715E-1 6.58764E-2 6.05975E-2 9.11455E-2 8.02172E-2 1.20888E-1 2.15983E-1 3.29111E-1 4.18152E-1 3.38137E-1 3.35918E-1 3.1709E-1 3.26837E-1 3.33488E-1 4.60651E-1 5.97579E-1 5.73528E-1 5.09481E-1 4.3328E-1 4.17839E-1 4.59243E-1 4.23026E-1 5.38643E-1 5.04658E-1 5.2106E-1 5.65597E-1 5.13141E-1 5.2291E-1 -9999 -9999 -9999 -9999 -9999 -9999 -9999 -9999 -9999 -9999 -9999 -9999 -9999 -9999 -9999 -9999 -9999 -9999 -9999 -9999 -9999 -9999 -9999 -9999 -9999 -9999 -9999 -9999 -9999 -9999 -9999 -9999 -9999 -9999 -9999 -9999
3.06332E-1 2.42527E-1 1.86154E-1 1.47669E-1 1.09859E-1 1.59121E-1 2.18314E-1 2.37861E-1 2.25906E-1 1.27647E-1 6.83093E-2 7.71306E-2 7.36506E-2 1.01657E-1 1.14859E-1 2.19042E-1 3.58176E-1 5.58576E-1 3.72037E-1 3.50346E-1 2.41446E-1 2.94506E-1 3.41298E-1 5.72271E-1 5.51412E-1 4.48538E-1 3.52646E-1 3.69686E-1 3.91903E-1 5.39366E-1 4.12688E-1 3.90893E-1 4.99695E-1 5.6562E-1 5.40163E-1 7.33528E-1 -9999 -9999 -9999 -9999 -9999 -9999 -9999 -9999 -9999 -9999 -9999 -9999 -9999 -9999 -9999 -9999 -9999 -9999 -9999 -9999 -9999 -9999 -9999 -9999 -9999 -9999 -9999 -9999 -9999 -9999 -9999 -9999 -9999 -9999 -9999 -9999
3.0212E-1 2.54832E-1 2.26396E-1 1.7967E-1 1.5883E-1 2.00471E-1 2.22441E-1 2.90092E-1 2.90434E-1 1.74184E-1 9.59008E-2 7.06211E-2 6.14723E-2 7.38152E-2 1.33829E-1 1.38498E-1 2.75402E-1 5.02204E-1 5.3358E-1 3.94316E-1 3.20362E-1 3.43758E-1 4.42346E-1 5.01037E-1 4.31204E-1 4.27422E-1 3.01007E-1 2.43608E-1 2.87327E-1 4.89831E-1 4.00635E-1 3.10166E-1 4.6531E-1 4.87111E-1 5.423E-1 6.18797E-1 6.38736E-1 -9999 -9999 -9999 -9999 -9999 -9999 -9999 -9999 -9999 -9999 -9999 -9999 -9999 -9999 -9999 -9999 -9999 -9999 -9999 -9999 -9999 -9999 -9999 -9999 -9999 -9999 -9999 -9999 -9999 -9999 -9999 -9999 -9999 -9999 -9999
3.21353E-1 3.36708E-1 2.83783E-1 2.51628E-1 2.44202E-1 2.78838E-1 3.34083E-1 3.74514E-1 2.33956E-1 1.22517E-1 8.78454E-2 7.01767E-2 6.89945E-2 7.77346E-2 8.01436E-2 1.11985E-1 1.73973E-1 2.81357E-1 3.66511E-1 3.43197E-1 3.98676E-1 4.59357E-1 4.71558E-1 4.91216E-1 4.2163E-1 3.32777E-1 2.82366E-1 2.12407E-1 3.53107E-1 3.75538E-1 2.73856E-1 2.56808E-1 3.22916E-1 4.05394E-1 4.67174E-1 5.43017E-1 5.53688E-1 -9999 -9999 -9999 -9999 -9999 -9999 -9999 -9999 -9999 -9999 -9999 -9999 -9999 -9999 -9999 -9999 -9999 -9999 -9999 -9999 -9999 -9999 -9999 -9999 -9999 -9999 -9999 -9999 -9999 -9999 -9999 -9999 -9999 -9999 -9999
4.14064E-1 4.28944E-1 3.74086E-1 3.16466E-1 3.23604E-1 3.82232E-1 3.78369E-1 3.78459E-1 2.71458E-1 1.62771E-1 1.4199E-1 1.21247E-1 1.04153E-1 1.01867E-1 1.33971E-1 1.03975E-1 1.75971E-1 2.14209E-1 1.46209E-1 1.44378E-1 2.14418E-1 1.8333E-1 2.88437E-1 4.42208E-1 4.89533E-1 4.25044E-1 3.45484E-1 3.2992E-1 3.39677E-1 3.98E-1 2.00734E-1 1.53495E-1 2.3595E-1 2.93259E-1 3.30721E-1 4.61144E-1 4.64471E-1 -9999 -9999 -9999 -9999 -9999 -9999 -9999 -9999 -9999 -9999 -9999 -9999 -9999 -9999 -9999 -9999 -9999 -9999 -9999 -9999 -9999 -9999 -9999 -9999 -9999 -9999 -9999 -9999 -9999 -9999 -9999 -9999 -9999 -9999 -9999
4.99266E-1 5.01869E-1 4.46828E-1 4.30402E-1 4.326E-1 4.4318E-1 4.04781E-1 3.43605E-1 2.30245E-1 2.00072E-1 2.00694E-1 1.51066E-1 1.44523E-1 1.59613E-1 2.20874E-1 1.29819E-1 8.65377E-2 1.54725E-1 1.03491E-1 9.55595E-2 1.06573E-1 9.51313E-2 1.22368E-1 2.66366E-1 4.37385E-1 3.07214E-1 3.06892E-1 3.93338E-1 3.21446E-1 3.51793E-1 2.19922E-1 2.07432E-1 2.42595E-1 2.33106E-1 2.97504E-1 4.94945E-1 5.22544E-1 6.06117E-1 -9999 -9999 -9999 -9999 -9999 -9999 -9999 -9999 -9999 -9999 -9999 4.56104E-1 4.56584E-1 4.49715E-1 4.29742E-1 4.6329E-1 5.20308E-1 5.54717E-1 -9999 -9999 -9999 -9999 -9999 -9999 -9999 -9999 -9999 -9999 -9999 -9999 -9999 -9999 -9999 -9999
5.01757E-1 5.10066E-1 4.75572E-1 4.60366E-1 4.65368E-1 3.89831E-1 2.90647E-1 2.79031E-1 2.43777E-1 1.99007E-1 1.741E-1 2.18022E-1 2.68912E-1 3.51983E-1 2.90749E-1 2.00894E-1 1.04577E-1 1.22543E-1 7.75616E-2 7.75703E-2 9.53809E-2 8.4935E-2 1.70385E-1 2.19435E-1 3.23039E-1 2.83535E-1 1.95329E-1 2.36295E-1 2.59892E-1 2.77842E-1 2.8613E-1 2.72412E-1 3.60766E-1 3.05804E-1 3.48145E-1 4.61925E-1 5.58623E-1 5.88334E-1 -9999 -9999 -9999 -9999 -9999 -9999 -9999 6.03063E-1 5.43863E-1 6.82188E-1 5.52172E-1 4.33278E-1 3.43033E-1 4.00159E-1 3.78675E-1 3.97172E-1 4.64835E-1 5.64222E-1 -9999 -9999 -9999 -9999 -9999 -9999 -9999 -9999 -9999 -9999 -9999 -9999 -9999 -9999 -9999 -9999
5.21744E-1 4.90449E-1 4.82713E-1 4.86156E-1 4.42614E-1 4.05121E-1 3.15851E-1 3.58751E-1 3.48042E-1 2.52185E-1 2.3816E-1 2.43073E-1 3.11287E-1 3.21702E-1 2.32874E-1 1.73927E-1 1.55306E-1 9.9864E-2 8.22531E-2 8.65961E-2 1.02922E-1 1.11696E-1 1.31813E-1 1.62766E-1 2.18618E-1 2.39338E-1 1.55877E-1 1.68946E-1 2.2202E-1 2.69563E-1 2.80303E-1 3.32272E-1 4.01604E-1 3.49168E-1 3.04935E-1 3.70728E-1 4.67466E-1 5.8151E-1 6.36659E-1 5.48101E-1 5.49429E-1 5.72594E-1 7.18932E-1 6.60225E-1 5.88916E-1 5.86437E-1 6.0095E-1 5.05149E-1 5.22237E-1 4.00251E-1 3.38552E-1 2.37463E-1 3.276E-1 3.77323E-1 4.80027E-1 5.5739E-1 -9999 -9999 -9999 -9999 -9999 -9999 -9999 -9999 -9999 -9999 -9999 -9999 -9999 -9999 -9999 -9999
5.16581E-1 4.88416E-1 4.82791E-1 4.92418E-1 4.71208E-1 3.98603E-1 3.77599E-1 3.92751E-1 4.13876E-1 3.68704E-1 3.1535E-1 3.41341E-1 2.39286E-1 3.42471E-1 2.7493E-1 2.93083E-1 1.63069E-1 9.43602E-2 1.01977E-1 8.4058E-2 7.25574E-2 1.08365E-1 1.29798E-1 1.54577E-1 2.14133E-1 3.03604E-1 2.51422E-1 1.98356E-1 2.11843E-1 3.03843E-1 3.64085E-1 3.35267E-1 4.06832E-1 3.12617E-1 2.5973E-1 3.76609E-1 4.2367E-1 5.70824E-1 5.65955E-1 5.76097E-1 5.46301E-1 5.53623E-1 5.73602E-1 5.80796E-1 5.68935E-1 5.83757E-1 6.17414E-1 4.47665E-1 3.97073E-1 4.60242E-1 3.19777E-1 1.91869E-1 2.77916E-1 4.1844E-1 5.05686E-1 5.56333E-1 -9999 -9999 -9999 -9999 -9999 -9999 -9999 -9999 -9999 -9999 -9999 -9999 -9999 -9999 -9999 -9999
5.21979E-1 5.03349E-1 4.83088E-1 4.8703E-1 4.64796E-1 4.49633E-1 4.1272E-1 3.75519E-1 4.00277E-1 3.66348E-1 3.72527E-1 2.62771E-1 2.32301E-1 3.59293E-1 3.14706E-1 1.78233E-1 1.59035E-1 1.36748E-1 9.24097E-2 9.58356E-2 7.67951E-2 1.22461E-1 1.40615E-1 1.56154E-1 1.73382E-1 2.44726E-1 2.44786E-1 2.11882E-1 1.97594E-1 2.9856E-1 3.55635E-1 3.90601E-1 4.40488E-1 4.20916E-1 3.9258E-1 5.28569E-1 6.08502E-1 5.87696E-1 6.47548E-1 5.7966E-1 5.48152E-1 5.33093E-1 5.53441E-1 6.44235E-1 5.75093E-1 5.732E-1 4.94874E-1 4.60295E-1 3.28323E-1 2.12334E-1 3.32149E-1 3.70835E-1 3.37874E-1 5.02129E-1 5.94666E-1 5.83839E-1 -9999 -9999 -9999 -9999 -9999 -9999 -9999 -9999 -9999 -9999 -9999 -9999 -9999 -9999 -9999 -9999
5.20056E-1 5.30797E-1 5.03387E-1 4.9252E-1 4.77649E-1 4.24489E-1 3.42582E-1 3.77863E-1 3.54464E-1 3.27242E-1 2.96303E-1 2.60552E-1 3.09491E-1 3.19141E-1 3.58686E-1 3.00581E-1 1.36518E-1 1.45277E-1 1.0496E-1 9.19838E-2 9.10323E-2 1.01108E-1 1.39324E-1 8.34505E-2 1.61206E-1 1.75029E-1 2.57045E-1 2.73371E-1 2.77946E-1 2.97682E-1 3.43744E-1 3.71749E-1 3.97395E-1 3.52744E-1 3.61928E-1 4.68818E-1 5.74865E-1 5.92518E-1 5.98544E-1 5.50549E-1 5.29669E-1 5.25589E-1 5.39208E-1 6.4275E-1 5.85362E-1 6.68527E-1 5.76242E-1 4.86768E-1 3.6264E-1 2.86818E-1 4.48959E-1 5.60578E-1 5.32531E-1 5.5567E-1 -9999 -9999 -9999 -9999 -9999 -9999 -9999 -9999 -9999 -9999 -9999 -9999 -9999 -9999 -9999 -9999 -9999 -9999
5.02712E-1 5.01847E-1 5.19583E-1 5.02483E-1 4.861E-1 4.43843E-1 3.6546E-1 4.06157E-1 4.46152E-1 3.7746E-1 4.74093E-1 4.58883E-1 4.02104E-1 3.24087E-1 3.1847E-1 3.34864E-1 2.34209E-1 1.43338E-1 1.16135E-1 1.39623E-1 9.33849E-2 1.23623E-1 1.22543E-1 9.54143E-2 1.27325E-1 1.56726E-1 2.21733E-1 3.81634E-1 3.12429E-1 3.85205E-1 3.69675E-1 3.09525E-1 2.86622E-1 2.80547E-1 4.28967E-1 4.28731E-1 3.71758E-1 3.88428E-1 5.80697E-1 5.64329E-1 5.30962E-1 6.0338E-1 6.32416E-1 6.33388E-1 6.57811E-1 6.64167E-1 6.54096E-1 5.87853E-1 5.03229E-1 5.6328E-1 6.08702E-1 6.75236E-1 5.92844E-1 7.05085E-1 -9999 -9999 -9999 -9999 -9999 -9999 -9999 -9999 -9999 -9999 -9999 -9999 -9999 -9999 -9999 -9999 -9999 -9999
4.69857E-1 4.11992E-1 5.02357E-1 5.43007E-1 4.92696E-1 4.46572E-1 4.17974E-1 4.50134E-1 4.40752E-1 3.87439E-1 3.62158E-1 3.17029E-1 4.19421E-1 3.19921E-1 2.76504E-1 2.71273E-1 2.12492E-1 2.15796E-1 2.37599E-1 2.14516E-1 1.92423E-1 1.68517E-1 1.33458E-1 1.2645E-1 1.23363E-1 2.19692E-1 1.96857E-1 3.20926E-1 3.22216E-1 4.36298E-1 2.39918E-1 1.82928E-1 1.55755E-1 2.15584E-1 2.70694E-1 2.66623E-1 3.76146E-1 3.8155E-1 5.79077E-1 4.90116E-1 6.25636E-1 5.40029E-1 6.23535E-1 5.64817E-1 6.66957E-1 5.86417E-1 6.82647E-1 5.78095E-1 6.50488E-1 6.39458E-1 6.70424E-1 7.00133E-1 6.75959E-1 6.84255E-1 -9999 -9999 -9999 -9999 -9999 -9999 -9999 -9999 -9999 -9999 -9999 -9999 -9999 -9999 -9999 -9999 -9999 -9999
4.97403E-1 4.07736E-1 4.64669E-1 5.65289E-1 5.47014E-1 4.8944E-1 4.98613E-1 4.22141E-1 3.99396E-1 3.48289E-1 3.32513E-1 3.64768E-1 3.98636E-1 3.93944E-1 3.46026E-1 3.47042E-1 3.07584E-1 2.86389E-1 3.95041E-1 3.18937E-1 2.34646E-1 2.16828E-1 1.83127E-1 1.18747E-1 1.61657E-1 1.93032E-1 2.04842E-1 2.50839E-1 4.17015E-1 4.4148E-1 2.59528E-1 2.09828E-1 1.48928E-1 2.35222E-1 2.61395E-1 3.50686E-1 3.67775E-1 4.42767E-1 5.1727E-1 6.24804E-1 6.38949E-1 5.48723E-1 7.01481E-1 5.76863E-1 6.53644E-1 7.18237E-1 6.63716E-1 7.4927E-1 7.6307E-1 6.94969E-1 6.36288E-1 7.27858E-1 6.63729E-1 -9999 -9999 -9999 -9999 -9999 -9999 -9999 -9999 -9999 -9999 -9999 -9999 -9999 -9999 -9999 -9999 -9999 -9999 -9999
5.28604E-1 5.15877E-1 5.30271E-1 5.4585E-1 5.66873E-1 5.20429E-1 4.84125E-1 4.17347E-1 3.52126E-1 3.64393E-1 3.90037E-1 3.76357E-1 3.96633E-1 3.85445E-1 4.04485E-1 4.35464E-1 3.7912E-1 3.69926E-1 3.87311E-1 3.52788E-1 3.46092E-1 2.81931E-1 2.16706E-1 2.56276E-1 1.77892E-1 1.36984E-1 2.69621E-1 3.4384E-1 2.60965E-1 2.62969E-1 1.95861E-1 2.06331E-1 2.27999E-1 2.67133E-1 3.21539E-1 3.73928E-1 4.06393E-1 5.50397E-1 4.9965E-1 5.58265E-1 5.95322E-1 5.73558E-1 7.07199E-1 6.58606E-1 6.35135E-1 6.39325E-1 6.29332E-1 6.52945E-1 6.59636E-1 6.86528E-1 6.99268E-1 5.67146E-1 7.22597E-1 -9999 -9999 -9999 -9999 -9999 -9999 -9999 -9999 -9999 -9999 -9999 -9999 -9999 -9999 -9999 -9999 -9999 -9999 -9999
5.94192E-1 5.76528E-1 6.10849E-1 5.34869E-1 5.70888E-1 5.6204E-1 4.99081E-1 4.14296E-1 3.03716E-1 3.51026E-1 3.86626E-1 3.58266E-1 3.25618E-1 3.87065E-1 4.64042E-1 3.68412E-1 5.649E-1 3.87478E-1 4.3374E-1 3.32678E-1 4.92809E-1 4.20529E-1 3.7237E-1 3.40384E-1 2.21319E-1 1.59847E-1 1.51998E-1 1.65444E-1 2.61969E-1 2.81312E-1 3.41366E-1 2.88534E-1 2.69166E-1 2.4859E-1 2.79341E-1 3.69547E-1 3.86422E-1 4.43157E-1 4.77845E-1 4.98306E-1 5.56334E-1 5.65418E-1 7.06571E-1 6.16916E-1 6.18086E-1 6.08671E-1 5.30263E-1 5.45124E-1 5.58364E-1 6.44306E-1 6.6879E-1 5.58305E-1 6.4679E-1 -9999 -9999 -9999 -9999 -9999 -9999 -9999 -9999 -9999 -9999 -9999 -9999 -9999 -9999 -9999 -9999 -9999 -9999 -9999
6.08286E-1 6.07583E-1 6.10667E-1 5.92983E-1 5.75065E-1 5.89159E-1 5.76341E-1 5.40692E-1 3.84906E-1 3.02144E-1 3.70237E-1 3.78884E-1 3.69571E-1 3.55808E-1 4.71081E-1 4.65021E-1 6.00412E-1 4.57166E-1 4.5923E-1 5.77E-1 4.98381E-1 5.19262E-1 3.05767E-1 1.62305E-1 1.44912E-1 1.05119E-1 1.60164E-1 1.94645E-1 2.47574E-1 2.49197E-1 3.00419E-1 4.13944E-1 3.76254E-1 3.65243E-1 3.59376E-1 3.36123E-1 3.5407E-1 5.34198E-1 5.0798E-1 5.43925E-1 5.20618E-1 5.82648E-1 5.42529E-1 4.74954E-1 4.90437E-1 4.46809E-1 5.74038E-1 5.82467E-1 5.98359E-1 5.20249E-1 5.29189E-1 6.32653E-1 6.95633E-1 5.81591E-1 -9999 -9999 -9999 -9999 -9999 -9999 -9999 -9999 -9999 -9999 -9999 -9999 -9999 -9999 -9999 -9999 -9999 -9999
6.30872E-1 6.34373E-1 6.39569E-1 -9999 6.25639E-1 6.00843E-1 6.0705E-1 5.6262E-1 4.91376E-1 3.71325E-1 3.28537E-1 3.70241E-1 3.63359E-1 3.59287E-1 5.06661E-1 5.63184E-1 5.00021E-1 4.92535E-1 4.32766E-1 5.48557E-1 6.12358E-1 3.90492E-1 3.2332E-1 2.37351E-1 1.59482E-1 1.49999E-1 2.19411E-1 2.37264E-1 3.75705E-1 2.47312E-1 3.01771E-1 4.04161E-1 3.48026E-1 4.12912E-1 4.49094E-1 5.06465E-1 3.88437E-1 3.95566E-1 5.83652E-1 4.56219E-1 5.34421E-1 4.49901E-1 3.74689E-1 3.2402E-1 3.08858E-1 2.84739E-1 4.23024E-1 4.88937E-1 4.88007E-1 4.48892E-1 4.8678E-1 5.59132E-1 6.83458E-1 6.46792E-1 6.5489E-1 5.88775E-1 6.06476E-1 -9999 -9999 -9999 -9999 -9999 -9999 -9999 -9999 -9999 -9999 -9999 -9999 -9999 -9999 -9999
-9999 -9999 -9999 -9999 -9999 6.31064E-1 6.25219E-1 5.96254E-1 5.60356E-1 4.85906E-1 4.23566E-1 3.32941E-1 3.83157E-1 4.08724E-1 4.68812E-1 4.65075E-1 4.90997E-1 5.22937E-1 6.35256E-1 5.80474E-1 5.62934E-1 4.53391E-1 4.51345E-1 3.03675E-1 2.1628E-1 1.64898E-1 2.88299E-1 2.88207E-1 3.13318E-1 2.9679E-1 3.07901E-1 2.43447E-1 2.78683E-1 4.73493E-1 4.49262E-1 5.34875E-1 4.67561E-1 5.25653E-1 4.85258E-1 5.31217E-1 4.73508E-1 4.30055E-1 5.21873E-1 5.26617E-1 3.67872E-1 3.33383E-1 2.99665E-1 1.71001E-1 1.98148E-1 3.42516E-1 4.37126E-1 5.06141E-1 6.51737E-1 7.82335E-1 6.50874E-1 6.56579E-1 6.80189E-1 6.81443E-1 6.22066E-1 -9999 -9999 -9999 -9999 -9999 -9999 -9999 -9999 -9999 -9999 -9999 -9999 -9999
-9999 -9999 -9999 -9999 -9999 -9999 -9999 -9999 5.82318E-1 5.56564E-1 5.00825E-1 4.20372E-1 4.29692E-1 4.4917E-1 4.19325E-1 4.69928E-1 5.03031E-1 5.07841E-1 5.94064E-1 6.73752E-1 5.5988E-1 6.19817E-1 5.04725E-1 4.17721E-1 4.09331E-1 2.9063E-1 2.28006E-1 3.04806E-1 3.42484E-1 2.82101E-1 4.22658E-1 5.75636E-1 4.65321E-1 2.64155E-1 3.74999E-1 5.46831E-1 6.07244E-1 5.49004E-1 5.75068E-1 4.46262E-1 5.26431E-1 7.22148E-1 6.34041E-1 5.32691E-1 3.85725E-1 2.96398E-1 1.77147E-1 1.15401E-1 1.16952E-1 1.7488E-1 2.76907E-1 4.74759E-1 6.20449E-1 6.69014E-1 5.59876E-1 6.57938E-1 5.87903E-1 5.31138E-1 6.16984E-1 5.25524E-1 4.9805E-1 5.24165E-1 -9999 5.50816E-1 5.75619E-1 6.03192E-1 6.48002E-1 -9999 -9999 -9999 -9999 -9999
