Artocarpus altilis SDM files/Last interglacial/results (without the bias file)/Artalt_avg.asc
ncols         1201
nrows         481
xllcorner     119.99986351115
yllcorner     -15.00013864885
cellsize      0.041666667
NODATA_value  -9999
[rows 192 to 223 of 481, columns 0 to 71 of 1201]
1.57793E-1 1.63936E-1 2.48292E-1 3.53177E-1 5.25542E-1 5.83026E-1 -9999 -9999 -9999 -9999 -9999 -9999 -9999 -9999 -9999 -9999 -9999 -9999 -9999 -9999 -9999 -9999 -9999 -9999 -9999 5.27648E-1 3.99542E-1 3.24698E-1 3.55994E-1 3.97166E-1 3.38902E-1 3.15256E-1 3.672E-1 3.20101E-1 3.09884E-1 3.09942E-1 3.12229E-1 3.35266E-1 3.87818E-1 3.5285E-1 3.41419E-1 3.32135E-1 4.04029E-1 4.89993E-1 4.91188E-1 4.98793E-1 4.27044E-1 4.13922E-1 4.33947E-1 3.93152E-1 4.14094E-1 5.2346E-1 6.54274E-1 6.15444E-1 6.04268E-1 7.10304E-1 -9999 -9999 -9999 -9999 -9999 -9999 -9999 -9999 -9999 -9999 -9999 -9999 -9999 -9999 -9999 -9999
2.18504E-1 2.22985E-1 2.31636E-1 3.87967E-1 5.27211E-1 5.70252E-1 -9999 -9999 -9999 -9999 -9999 -9999 -9999 -9999 -9999 -9999 -9999 -9999 -9999 -9999 -9999 -9999 -9999 -9999 -9999 5.30443E-1 4.81793E-1 3.33604E-1 3.48246E-1 3.48099E-1 4.05661E-1 3.09364E-1 2.57858E-1 2.54876E-1 2.66665E-1 2.71297E-1 3.21644E-1 3.96769E-1 3.42875E-1 3.67632E-1 4.41165E-1 4.36983E-1 4.19713E-1 4.41197E-1 4.49531E-1 4.75496E-1 4.60375E-1 4.47242E-1 4.30336E-1 4.17811E-1 4.20293E-1 4.50727E-1 5.5491E-1 7.13166E-1 7.30141E-1 7.49871E-1 7.53637E-1 7.80271E-1 -9999 -9999 -9999 -9999 -9999 -9999 -9999 -9999 -9999 -9999 -9999 -9999 -9999 -9999
3.43767E-1 3.11522E-1 2.70535E-1 3.80636E-1 4.6816E-1 5.49377E-1 -9999 -9999 -9999 -9999 -9999 -9999 -9999 -9999 -9999 -9999 -9999 -9999 -9999 -9999 -9999 -9999 -9999 -9999 5.73469E-1 5.63896E-1 5.46452E-1 3.69291E-1 3.10264E-1 2.75518E-1 2.98756E-1 3.83765E-1 2.19448E-1 2.14995E-1 2.4824E-1 2.75783E-1 3.07791E-1 3.5027E-1 3.38664E-1 3.42782E-1 3.18797E-1 3.49834E-1 4.54044E-1 5.08969E-1 4.76125E-1 4.73326E-1 5.16227E-1 4.94726E-1 4.79591E-1 4.54594E-1 4.65816E-1 4.34427E-1 4.15915E-1 5.20084E-1 6.10405E-1 6.93592E-1 7.61602E-1 7.73717E-1 7.73213E-1 7.95785E-1 7.9261E-1 -9999 -9999 -9999 -9999 -9999 -9999 -9999 -9999 -9999 -9999 -9999
3.4388E-1 3.49244E-1 2.9746E-1 3.59936E-1 4.24327E-1 5.24629E-1 -9999 -9999 -9999 -9999 -9999 -9999 -9999 -9999 -9999 -9999 -9999 -9999 -9999 -9999 -9999 -9999 -9999 -9999 -9999 5.99173E-1 5.51246E-1 4.03417E-1 2.55711E-1 2.21895E-1 2.82152E-1 3.43852E-1 3.03784E-1 2.13864E-1 2.54858E-1 3.15686E-1 3.43576E-1 3.48809E-1 3.61114E-1 3.91281E-1 3.0888E-1 2.99232E-1 2.98452E-1 4.05493E-1 5.66411E-1 5.4415E-1 5.76808E-1 6.04734E-1 5.51193E-1 5.14415E-1 4.96524E-1 5.00151E-1 4.86067E-1 4.8643E-1 4.97851E-1 5.68702E-1 7.48347E-1 -9999 -9999 7.82647E-1 7.83493E-1 7.99343E-1 -9999 -9999 -9999 -9999 -9999 -9999 -9999 -9999 -9999 -9999
3.45935E-1 3.83405E-1 2.79547E-1 2.64027E-1 3.72625E-1 4.41283E-1 -9999 -9999 -9999 -9999 -9999 -9999 -9999 -9999 -9999 -9999 -9999 -9999 -9999 -9999 -9999 -9999 -9999 -9999 -9999 6.06962E-1 4.57309E-1 3.45657E-1 3.19125E-1 1.89678E-1 1.92715E-1 2.43296E-1 3.27347E-1 3.07857E-1 2.49307E-1 2.63628E-1 3.1273E-1 3.86787E-1 4.71603E-1 4.76343E-1 4.18734E-1 3.46022E-1 3.29271E-1 3.60614E-1 3.64155E-1 3.64463E-1 4.46519E-1 5.7728E-1 6.10054E-1 5.61143E-1 5.6816E-1 5.61019E-1 5.8604E-1 5.36806E-1 4.51064E-1 4.97678E-1 6.07106E-1 7.13836E-1 7.51722E-1 -9999 -9999 -9999 8.0939E-1 -9999 -9999 -9999 -9999 -9999 -9999 -9999 -9999 -9999
2.75716E-1 4.06197E-1 3.64776E-1 2.7891E-1 3.01574E-1 4.55692E-1 5.86866E-1 6.20217E-1 6.22332E-1 -9999 -9999 -9999 -9999 -9999 -9999 -9999 -9999 -9999 -9999 -9999 -9999 -9999 -9999 -9999 -9999 6.0288E-1 3.94948E-1 2.27112E-1 2.97998E-1 1.82262E-1 1.68054E-1 2.49956E-1 3.11137E-1 3.47863E-1 3.14794E-1 2.84387E-1 3.6261E-1 4.69462E-1 3.95789E-1 4.07045E-1 4.19459E-1 4.49312E-1 4.38793E-1 3.52757E-1 3.47091E-1 3.37278E-1 3.14863E-1 3.95859E-1 5.14056E-1 6.37259E-1 6.11067E-1 5.93169E-1 6.66008E-1 5.59101E-1 5.33265E-1 5.49069E-1 5.28018E-1 5.50539E-1 6.79734E-1 7.53676E-1 -9999 -9999 -9999 -9999 -9999 -9999 -9999 -9999 -9999 -9999 -9999 -9999
1.87039E-1 3.77535E-1 3.99183E-1 3.83E-1 3.67614E-1 4.70465E-1 5.89097E-1 6.0049E-1 6.36259E-1 -9999 -9999 -9999 -9999 -9999 -9999 -9999 -9999 -9999 -9999 -9999 -9999 -9999 -9999 -9999 6.26083E-1 5.48618E-1 3.20043E-1 2.28284E-1 1.69334E-1 1.50974E-1 1.53932E-1 2.0716E-1 2.76407E-1 3.36081E-1 3.90836E-1 3.53232E-1 4.19861E-1 3.8769E-1 4.03851E-1 4.81272E-1 5.26295E-1 4.99317E-1 4.92388E-1 4.98796E-1 4.99309E-1 3.86981E-1 3.06717E-1 2.98343E-1 3.23902E-1 5.04855E-1 6.4153E-1 6.66675E-1 6.65856E-1 5.99857E-1 5.7315E-1 5.70691E-1 6.23388E-1 5.84866E-1 6.34904E-1 -9999 -9999 -9999 -9999 -9999 -9999 -9999 -9999 -9999 -9999 -9999 -9999 -9999
1.42864E-1 2.32264E-1 4.06271E-1 4.57638E-1 4.48307E-1 5.10794E-1 5.75278E-1 5.86997E-1 6.12345E-1 6.29468E-1 -9999 -9999 -9999 -9999 -9999 -9999 -9999 -9999 -9999 -9999 -9999 -9999 6.54385E-1 6.56001E-1 6.47247E-1 4.8598E-1 2.51563E-1 2.08991E-1 1.76677E-1 1.69042E-1 1.80283E-1 1.76399E-1 1.99092E-1 2.63734E-1 3.46509E-1 3.97366E-1 2.72725E-1 3.08093E-1 4.23218E-1 5.05308E-1 5.16057E-1 5.12426E-1 4.56416E-1 3.48761E-1 3.50958E-1 4.96498E-1 4.65649E-1 3.56019E-1 2.78271E-1 3.29091E-1 5.12744E-1 6.76432E-1 6.84732E-1 6.38846E-1 6.04101E-1 5.93875E-1 7.15455E-1 6.95435E-1 7.06E-1 -9999 -9999 -9999 -9999 -9999 -9999 -9999 -9999 -9999 -9999 -9999 -9999 -9999
1.46767E-1 1.50499E-1 2.4514E-1 3.67581E-1 3.90173E-1 5.01791E-1 5.45022E-1 6.01512E-1 6.15292E-1 6.17033E-1 -9999 -9999 -9999 -9999 -9999 -9999 -9999 -9999 -9999 -9999 -9999 -9999 6.8417E-1 6.52224E-1 5.65981E-1 4.03012E-1 2.48063E-1 2.31542E-1 2.25903E-1 2.22956E-1 2.45104E-1 2.07117E-1 1.93737E-1 2.48204E-1 2.55389E-1 3.39829E-1 3.0743E-1 2.07264E-1 2.88047E-1 4.44166E-1 5.00576E-1 4.45083E-1 3.51871E-1 3.23022E-1 4.38405E-1 5.20015E-1 3.6818E-1 3.94404E-1 4.00097E-1 4.49336E-1 5.98802E-1 6.6609E-1 6.25741E-1 6.42198E-1 6.76057E-1 -9999 7.32335E-1 7.21553E-1 -9999 -9999 -9999 -9999 -9999 -9999 -9999 -9999 -9999 -9999 -9999 -9999 -9999 -9999
1.21204E-1 1.16748E-1 2.00938E-1 2.95216E-1 3.8815E-1 4.52592E-1 5.18943E-1 5.33305E-1 5.85729E-1 6.24103E-1 -9999 -9999 -9999 -9999 -9999 -9999 -9999 -9999 -9999 -9999 -9999 6.76195E-1 6.39133E-1 5.04363E-1 3.93057E-1 4.04724E-1 3.0439E-1 3.0255E-1 2.40633E-1 2.39391E-1 2.70919E-1 1.85888E-1 1.65402E-1 2.20998E-1 2.32176E-1 2.47297E-1 2.28046E-1 2.0017E-1 1.94069E-1 3.26744E-1 4.47666E-1 4.34568E-1 2.87234E-1 3.53299E-1 4.57274E-1 5.45505E-1 4.92376E-1 3.10669E-1 4.43117E-1 6.02368E-1 6.10391E-1 5.77434E-1 4.77625E-1 5.72931E-1 6.36756E-1 6.87497E-1 -9999 -9999 -9999 -9999 -9999 -9999 -9999 -9999 -9999 -9999 -9999 -9999 -9999 -9999 -9999 -9999
1.02362E-1 1.03968E-1 1.59366E-1 2.89895E-1 3.31835E-1 3.79702E-1 4.5483E-1 5.27292E-1 5.68387E-1 6.09134E-1 -9999 -9999 -9999 -9999 -9999 -9999 -9999 -9999 -9999 -9999 -9999 6.79615E-1 5.2357E-1 3.47231E-1 2.89944E-1 3.8212E-1 3.0672E-1 3.36483E-1 2.28413E-1 1.95685E-1 2.79621E-1 2.41494E-1 2.06564E-1 2.43807E-1 2.00708E-1 2.4362E-1 1.69005E-1 1.53486E-1 1.96252E-1 3.31818E-1 3.13211E-1 3.78973E-1 3.51844E-1 2.69692E-1 4.26408E-1 4.31817E-1 3.76103E-1 4.38276E-1 3.58369E-1 5.76905E-1 5.50988E-1 4.88301E-1 4.35546E-1 5.78654E-1 6.15198E-1 6.97621E-1 6.57368E-1 6.91486E-1 -9999 -9999 -9999 -9999 -9999 -9999 -9999 -9999 -9999 -9999 -9999 -9999 -9999 -9999
1.20851E-1 1.09374E-1 1.16417E-1 2.43059E-1 2.65822E-1 3.53062E-1 4.91554E-1 4.90672E-1 5.41001E-1 5.84386E-1 -9999 -9999 -9999 -9999 -9999 -9999 -9999 -9999 -9999 -9999 6.85744E-1 5.25633E-1 3.45211E-1 2.75349E-1 2.07904E-1 2.21739E-1 2.80948E-1 3.11903E-1 2.23533E-1 1.84954E-1 1.91863E-1 3.07917E-1 3.52704E-1 3.02766E-1 2.80751E-1 2.96074E-1 2.0727E-1 2.08013E-1 2.97997E-1 2.89681E-1 2.65388E-1 3.49556E-1 3.11985E-1 4.01432E-1 4.72185E-1 4.74031E-1 3.46262E-1 4.15812E-1 4.24017E-1 4.59488E-1 5.66146E-1 4.78848E-1 5.25052E-1 5.1258E-1 6.08741E-1 6.72887E-1 6.72989E-1 6.72613E-1 6.42268E-1 -9999 -9999 -9999 -9999 -9999 -9999 -9999 -9999 -9999 -9999 -9999 -9999 -9999
1.71438E-1 1.47609E-1 1.00036E-1 1.58353E-1 1.93036E-1 2.98628E-1 4.09552E-1 5.229E-1 5.55012E-1 5.90257E-1 -9999 -9999 -9999 -9999 -9999 -9999 -9999 -9999 -9999 -9999 7.08943E-1 6.04816E-1 3.90666E-1 4.11867E-1 2.51708E-1 2.19999E-1 2.33811E-1 2.73833E-1 2.3637E-1 2.1654E-1 2.24967E-1 2.32948E-1 3.22928E-1 3.72952E-1 4.12973E-1 3.7138E-1 3.24421E-1 3.61856E-1 3.15658E-1 3.1772E-1 2.69402E-1 2.42659E-1 2.47064E-1 3.05164E-1 4.08216E-1 4.13795E-1 4.51275E-1 5.2252E-1 5.44701E-1 5.7383E-1 6.04753E-1 6.20319E-1 6.25948E-1 6.27447E-1 6.34116E-1 -9999 6.67605E-1 6.79306E-1 6.05545E-1 -9999 -9999 -9999 -9999 -9999 -9999 -9999 -9999 -9999 -9999 -9999 -9999 -9999
2.23383E-1 1.40972E-1 1.16634E-1 1.60121E-1 1.66629E-1 2.39488E-1 3.90066E-1 4.97451E-1 5.1777E-1 5.74543E-1 -9999 -9999 -9999 -9999 -9999 -9999 -9999 -9999 -9999 -9999 6.85047E-1 6.77452E-1 5.97152E-1 4.25633E-1 3.39999E-1 3.12182E-1 2.36122E-1 2.2997E-1 1.97409E-1 1.82883E-1 2.7043E-1 2.48775E-1 2.68434E-1 2.91443E-1 3.75878E-1 4.03891E-1 3.9385E-1 4.0302E-1 3.55608E-1 3.46499E-1 2.79983E-1 2.82746E-1 3.04111E-1 3.15822E-1 3.47866E-1 3.07237E-1 4.02802E-1 4.08126E-1 5.03665E-1 5.41617E-1 5.68436E-1 6.13033E-1 6.02369E-1 6.40297E-1 6.6275E-1 6.3803E-1 -9999 -9999 6.48058E-1 -9999 -9999 -9999 -9999 -9999 -9999 -9999 -9999 -9999 -9999 -9999 -9999 -9999
1.9596E-1 1.80104E-1 2.06088E-1 1.98974E-1 2.11967E-1 2.70807E-1 3.97001E-1 4.95201E-1 5.06019E-1 5.58077E-1 -9999 -9999 -9999 -9999 -9999 -9999 -9999 -9999 -9999 -9999 -9999 6.83498E-1 5.96254E-1 4.77567E-1 3.46472E-1 3.13463E-1 2.77001E-1 2.35047E-1 1.45058E-1 1.79848E-1 2.02446E-1 2.27206E-1 2.75137E-1 3.57694E-1 3.64152E-1 3.6218E-1 4.36487E-1 3.86875E-1 3.95238E-1 3.76882E-1 3.07969E-1 3.17929E-1 3.0042E-1 3.0668E-1 3.10862E-1 3.2562E-1 3.16903E-1 3.4148E-1 3.78324E-1 4.64372E-1 5.35825E-1 5.1527E-1 5.24076E-1 6.22964E-1 6.48832E-1 5.70865E-1 6.54064E-1 -9999 -9999 -9999 -9999 -9999 -9999 -9999 -9999 -9999 -9999 -9999 -9999 -9999 -9999 -9999
3.58905E-1 3.29053E-1 2.59153E-1 2.58459E-1 2.98078E-1 2.98452E-1 3.93964E-1 4.36475E-1 4.76833E-1 5.39495E-1 -9999 -9999 -9999 -9999 -9999 -9999 -9999 -9999 -9999 -9999 -9999 6.53816E-1 6.33202E-1 5.98232E-1 4.72998E-1 4.21063E-1 4.40385E-1 3.07889E-1 2.10231E-1 1.80785E-1 1.71916E-1 2.34878E-1 2.52175E-1 2.31426E-1 2.14061E-1 2.84857E-1 3.59973E-1 3.80587E-1 4.14361E-1 4.06324E-1 3.452E-1 3.39372E-1 3.56301E-1 3.26243E-1 3.46105E-1 3.69783E-1 3.72496E-1 3.26866E-1 3.76358E-1 4.08115E-1 4.10703E-1 5.34004E-1 5.98253E-1 -9999 6.52156E-1 -9999 -9999 -9999 -9999 -9999 -9999 -9999 -9999 -9999 -9999 -9999 -9999 -9999 -9999 -9999 -9999 -9999
5.26672E-1 5.26414E-1 3.58091E-1 4.0554E-1 3.64922E-1 4.14211E-1 4.40995E-1 4.6024E-1 4.99639E-1 5.57231E-1 -9999 -9999 -9999 -9999 -9999 -9999 -9999 -9999 -9999 -9999 -9999 -9999 6.57058E-1 6.72301E-1 6.37791E-1 6.25539E-1 5.36664E-1 3.81263E-1 2.54485E-1 1.50941E-1 1.28895E-1 1.67847E-1 1.90485E-1 1.88165E-1 1.95278E-1 2.69379E-1 3.58145E-1 3.99492E-1 3.82276E-1 4.17423E-1 3.88309E-1 3.87699E-1 3.86711E-1 4.05413E-1 3.7365E-1 4.25078E-1 4.4868E-1 4.41912E-1 4.1441E-1 3.68356E-1 3.8938E-1 4.47462E-1 4.54401E-1 5.93645E-1 -9999 -9999 -9999 -9999 -9999 -9999 -9999 -9999 -9999 -9999 -9999 -9999 -9999 -9999 -9999 -9999 -9999 -9999
5.79553E-1 6.32097E-1 5.01184E-1 4.94419E-1 5.29784E-1 4.50853E-1 4.08342E-1 4.76564E-1 5.55921E-1 5.73291E-1 5.95631E-1 -9999 -9999 -9999 -9999 -9999 -9999 -9999 -9999 -9999 -9999 -9999 -9999 6.65389E-1 6.89659E-1 6.42261E-1 5.20226E-1 3.78069E-1 2.40274E-1 1.50508E-1 1.37218E-1 1.52353E-1 1.73558E-1 2.76257E-1 2.00542E-1 2.49247E-1 3.61853E-1 4.06354E-1 3.14432E-1 3.64213E-1 4.15577E-1 4.10991E-1 4.05278E-1 4.74704E-1 4.33638E-1 5.12525E-1 5.06822E-1 5.09833E-1 4.81182E-1 4.21488E-1 4.54932E-1 4.47083E-1 4.65958E-1 5.59134E-1 6.14624E-1 6.45389E-1 -9999 -9999 -9999 -9999 -9999 -9999 -9999 -9999 -9999 -9999 -9999 -9999 -9999 -9999 -9999 -9999
6.37278E-1 6.63463E-1 6.06711E-1 5.5024E-1 5.45504E-1 5.07119E-1 4.72289E-1 5.36734E-1 5.84011E-1 5.94171E-1 6.01032E-1 -9999 -9999 -9999 -9999 -9999 -9999 -9999 -9999 -9999 -9999 -9999 -9999 -9999 -9999 6.78793E-1 6.6437E-1 5.40897E-1 3.68664E-1 2.30834E-1 2.43137E-1 2.53354E-1 3.08009E-1 2.9151E-1 1.98151E-1 2.55721E-1 2.80344E-1 3.84684E-1 4.25961E-1 4.26299E-1 4.40264E-1 4.15454E-1 4.23625E-1 4.55186E-1 4.79782E-1 4.97907E-1 5.27299E-1 5.11254E-1 4.94205E-1 4.61303E-1 4.59549E-1 4.05726E-1 4.33801E-1 4.82668E-1 5.20968E-1 6.06955E-1 6.43893E-1 6.67086E-1 -9999 -9999 -9999 -9999 -9999 -9999 -9999 -9999 -9999 -9999 -9999 -9999 -9999 -9999
7.12938E-1 7.15597E-1 7.1688E-1 6.71263E-1 6.27371E-1 5.48317E-1 5.60316E-1 5.92035E-1 5.84306E-1 5.9604E-1 6.23719E-1 -9999 -9999 -9999 -9999 -9999 -9999 -9999 -9999 -9999 -9999 -9999 -9999 -9999 -9999 -9999 6.76734E-1 6.43939E-1 6.12717E-1 4.90447E-1 4.94842E-1 4.65602E-1 3.60454E-1 2.74266E-1 2.04776E-1 2.88765E-1 2.64287E-1 2.66468E-1 3.48044E-1 3.94345E-1 4.38173E-1 4.43606E-1 4.2422E-1 3.76287E-1 4.13303E-1 4.53179E-1 4.77809E-1 5.1458E-1 5.21467E-1 5.2085E-1 5.29876E-1 4.90057E-1 4.89162E-1 4.83231E-1 4.38198E-1 5.45777E-1 6.26731E-1 6.4285E-1 6.78986E-1 -9999 -9999 -9999 -9999 -9999 -9999 -9999 -9999 -9999 -9999 -9999 -9999 -9999
7.50721E-1 7.5174E-1 7.55963E-1 6.97502E-1 6.58955E-1 5.77011E-1 5.56217E-1 5.85219E-1 6.02765E-1 6.1946E-1 -9999 -9999 -9999 -9999 -9999 -9999 -9999 -9999 -9999 -9999 -9999 -9999 -9999 -9999 -9999 -9999 -9999 6.5589E-1 6.15789E-1 5.11624E-1 5.53166E-1 5.33483E-1 3.74322E-1 3.29538E-1 2.51466E-1 3.14903E-1 2.66441E-1 2.0017E-1 1.76937E-1 2.46965E-1 3.88209E-1 3.79155E-1 3.53401E-1 3.29261E-1 3.78449E-1 3.82951E-1 4.1393E-1 4.47571E-1 5.26728E-1 5.40848E-1 5.57828E-1 5.37296E-1 5.74285E-1 5.7155E-1 5.22727E-1 5.23086E-1 5.57069E-1 5.91266E-1 6.50044E-1 7.06896E-1 -9999 -9999 -9999 -9999 -9999 -9999 -9999 -9999 -9999 -9999 -9999 -9999
7.70797E-1 7.71795E-1 7.75533E-1 7.20577E-1 7.05041E-1 6.18818E-1 6.13867E-1 6.22954E-1 6.39949E-1 -9999 -9999 -9999 -9999 -9999 -9999 -9999 -9999 -9999 -9999 -9999 -9999 -9999 -9999 -9999 -9999 -9999 -9999 -9999 6.30461E-1 6.68138E-1 6.13887E-1 5.81407E-1 4.05632E-1 3.41079E-1 2.94953E-1 2.95478E-1 2.20239E-1 2.47791E-1 1.88814E-1 2.65588E-1 3.06907E-1 2.55638E-1 3.27221E-1 3.82816E-1 4.00638E-1 3.95835E-1 3.77524E-1 4.36356E-1 4.79052E-1 5.36486E-1 5.45656E-1 5.70922E-1 5.94203E-1 5.81759E-1 5.49988E-1 5.09304E-1 5.23633E-1 6.2975E-1 6.89852E-1 6.85334E-1 6.91719E-1 -9999 -9999 -9999 -9999 -9999 -9999 -9999 -9999 -9999 -9999 -9999
7.88033E-1 7.84369E-1 7.63647E-1 7.27137E-1 7.29154E-1 6.7296E-1 6.20008E-1 6.15339E-1 6.35456E-1 -9999 -9999 -9999 -9999 -9999 -9999 -9999 -9999 -9999 -9999 -9999 -9999 -9999 -9999 -9999 -9999 -9999 -9999 -9999 6.27742E-1 6.39359E-1 5.84638E-1 6.22051E-1 5.18923E-1 4.03612E-1 2.94251E-1 2.75004E-1 2.59776E-1 2.03833E-1 1.69068E-1 1.95679E-1 2.18136E-1 2.68822E-1 3.50823E-1 3.69259E-1 3.47736E-1 3.66424E-1 3.60747E-1 3.85063E-1 4.56477E-1 5.15842E-1 5.3547E-1 5.65321E-1 5.76771E-1 5.80807E-1 5.42535E-1 5.3835E-1 5.69205E-1 6.55842E-1 6.63012E-1 6.49489E-1 6.39122E-1 6.61915E-1 6.94499E-1 7.24038E-1 -9999 -9999 -9999 8.1898E-1 -9999 -9999 -9999 -9999
8.09515E-1 8.04188E-1 7.82644E-1 6.99074E-1 7.07942E-1 6.83496E-1 6.21942E-1 6.36254E-1 6.51852E-1 -9999 -9999 -9999 -9999 -9999 -9999 -9999 -9999 -9999 -9999 -9999 -9999 -9999 -9999 -9999 -9999 -9999 -9999 -9999 -9999 6.18479E-1 -9999 6.26095E-1 6.14037E-1 4.39602E-1 4.49599E-1 4.32407E-1 3.55945E-1 2.88476E-1 2.67219E-1 2.30887E-1 2.45545E-1 3.43423E-1 3.78785E-1 3.72989E-1 3.31502E-1 3.28477E-1 3.4516E-1 3.71981E-1 4.20621E-1 5.08044E-1 5.45681E-1 5.73331E-1 5.76416E-1 5.88976E-1 5.97019E-1 5.97738E-1 6.10266E-1 6.0689E-1 6.66626E-1 6.74874E-1 6.51443E-1 6.14742E-1 6.7768E-1 7.26323E-1 -9999 -9999 -9999 -9999 -9999 -9999 -9999 -9999
8.24628E-1 8.13524E-1 7.87771E-1 7.32526E-1 7.03858E-1 6.88647E-1 6.76485E-1 6.72436E-1 6.73452E-1 -9999 -9999 -9999 -9999 -9999 -9999 -9999 -9999 -9999 -9999 -9999 -9999 -9999 -9999 -9999 -9999 -9999 -9999 -9999 -9999 -9999 -9999 6.19224E-1 6.19784E-1 5.71161E-1 5.19111E-1 4.64895E-1 4.10456E-1 4.77819E-1 3.67409E-1 3.17473E-1 3.55323E-1 3.99506E-1 4.08435E-1 4.27179E-1 3.88131E-1 4.00154E-1 3.9246E-1 3.46381E-1 4.00559E-1 4.98903E-1 5.47706E-1 5.78114E-1 5.83201E-1 5.93621E-1 6.04629E-1 5.95352E-1 6.03359E-1 6.38675E-1 6.40204E-1 6.73655E-1 6.91932E-1 7.18556E-1 7.46796E-1 -9999 -9999 -9999 -9999 -9999 -9999 -9999 -9999 7.89609E-1
8.26401E-1 8.16232E-1 7.97472E-1 7.48434E-1 7.14123E-1 7.19773E-1 6.86234E-1 6.81022E-1 6.83487E-1 -9999 -9999 -9999 -9999 -9999 -9999 -9999 -9999 -9999 -9999 -9999 -9999 -9999 -9999 -9999 -9999 -9999 -9999 -9999 -9999 -9999 -9999 -9999 6.01495E-1 5.78472E-1 5.62258E-1 5.35261E-1 5.20296E-1 5.41556E-1 4.73252E-1 3.89831E-1 4.0042E-1 3.93259E-1 3.99862E-1 4.00339E-1 3.86898E-1 4.42248E-1 4.93337E-1 4.93797E-1 5.15928E-1 5.12973E-1 5.32997E-1 5.62142E-1 5.80665E-1 5.82752E-1 5.75436E-1 6.02267E-1 6.25757E-1 6.11019E-1 6.27407E-1 6.89128E-1 6.72884E-1 6.50896E-1 6.67791E-1 7.36648E-1 -9999 7.61413E-1 7.74338E-1 -9999 -9999 -9999 -9999 8.13126E-1
8.43543E-1 8.22164E-1 8.14833E-1 7.84741E-1 7.44388E-1 7.0583E-1 6.86077E-1 6.79271E-1 6.73907E-1 -9999 -9999 -9999 -9999 -9999 -9999 -9999 -9999 -9999 -9999 -9999 -9999 -9999 -9999 -9999 -9999 -9999 -9999 -9999 -9999 -9999 -9999 6.42967E-1 6.3556E-1 -9999 -9999 -9999 -9999 5.81526E-1 5.55457E-1 5.06164E-1 4.55361E-1 3.86305E-1 3.43932E-1 3.41382E-1 3.82058E-1 4.87592E-1 5.25824E-1 4.96407E-1 4.57678E-1 4.74318E-1 5.3883E-1 5.63439E-1 5.75656E-1 5.52655E-1 5.57525E-1 5.5663E-1 5.82974E-1 6.35452E-1 6.69004E-1 6.83014E-1 6.60434E-1 6.09717E-1 6.20092E-1 7.2509E-1 -9999 -9999 7.16641E-1 7.02718E-1 7.54749E-1 -9999 8.09032E-1 7.93485E-1
8.49454E-1 8.23493E-1 8.30079E-1 8.07313E-1 7.97498E-1 7.55141E-1 6.94281E-1 6.82278E-1 6.84747E-1 -9999 -9999 -9999 -9999 -9999 -9999 -9999 -9999 -9999 -9999 -9999 -9999 -9999 -9999 -9999 -9999 -9999 -9999 -9999 -9999 -9999 -9999 6.35833E-1 6.1991E-1 6.08353E-1 5.505E-1 5.54811E-1 -9999 -9999 5.70011E-1 5.70633E-1 4.65975E-1 3.98189E-1 3.45074E-1 3.4357E-1 3.85237E-1 4.80421E-1 5.34297E-1 5.18858E-1 5.2859E-1 5.59349E-1 5.6916E-1 5.78963E-1 5.56847E-1 5.32094E-1 5.01213E-1 4.80111E-1 4.8482E-1 5.76414E-1 6.34735E-1 6.71961E-1 6.61316E-1 6.81046E-1 6.93065E-1 6.97872E-1 -9999 -9999 7.81769E-1 7.6101E-1 7.01905E-1 -9999 8.21557E-1 8.01E-1
8.55824E-1 8.50374E-1 8.46634E-1 8.35476E-1 8.21341E-1 7.7736E-1 7.28439E-1 7.06976E-1 7.0578E-1 -9999 -9999 -9999 -9999 -9999 -9999 -9999 -9999 -9999 -9999 -9999 -9999 -9999 -9999 -9999 -9999 -9999 -9999 -9999 -9999 -9999 -9999 -9999 -9999 5.76575E-1 5.13119E-1 5.67725E-1 -9999 -9999 5.85646E-1 5.63221E-1 5.17354E-1 4.08907E-1 3.85724E-1 3.82055E-1 4.14951E-1 4.57591E-1 5.33533E-1 5.60253E-1 5.60075E-1 5.65752E-1 5.42213E-1 5.56923E-1 5.32974E-1 5.01643E-1 4.56008E-1 4.28923E-1 4.625E-1 5.12982E-1 5.66819E-1 6.07551E-1 6.43455E-1 6.36523E-1 7.06491E-1 7.36623E-1 7.48461E-1 7.06945E-1 7.46696E-1 7.55763E-1 7.33119E-1 7.67926E-1 8.2946E-1 8.27669E-1
8.48135E-1 8.5767E-1 8.47632E-1 8.3523E-1 8.34741E-1 8.05254E-1 7.40721E-1 7.22113E-1 6.9382E-1 -9999 -9999 -9999 -9999 -9999 -9999 -9999 -9999 -9999 -9999 -9999 -9999 -9999 -9999 -9999 -9999 -9999 -9999 -9999 -9999 -9999 -9999 -9999 -9999 6.27533E-1 5.79475E-1 5.97825E-1 -9999 6.03964E-1 5.70156E-1 5.50327E-1 4.8485E-1 4.2251E-1 3.64376E-1 3.73714E-1 4.45797E-1 4.68757E-1 5.24984E-1 5.76389E-1 5.80146E-1 5.59436E-1 5.44998E-1 5.5778E-1 5.40124E-1 5.3576E-1 5.34387E-1 5.07708E-1 4.84735E-1 5.28776E-1 5.32046E-1 5.97369E-1 6.49776E-1 6.6918E-1 7.09694E-1 7.06118E-1 7.06379E-1 6.46493E-1 6.18022E-1 6.35759E-1 7.80081E-1 7.92598E-1 -9999 8.43101E-1
8.43734E-1 8.59054E-1 8.52157E-1 8.39472E-1 8.24127E-1 8.17402E-1 7.83991E-1 7.36762E-1 6.96469E-1 -9999 -9999 -9999 -9999 -9999 -9999 -9999 -9999 -9999 -9999 -9999 -9999 -9999 -9999 -9999 -9999 -9999 -9999 -9999 -9999 -9999 -9999 -9999 -9999 -9999 -9999 6.07134E-1 6.16144E-1 6.17422E-1 5.25429E-1 4.48813E-1 4.07037E-1 3.80309E-1 3.73904E-1 4.24993E-1 4.62659E-1 5.26412E-1 5.44648E-1 5.70531E-1 5.9187E-1 5.81633E-1 5.75764E-1 5.64782E-1 5.88501E-1 5.90475E-1 5.90082E-1 5.91931E-1 5.62246E-1 5.62879E-1 5.40612E-1 6.48176E-1 6.60406E-1 6.69143E-1 6.68864E-1 6.94053E-1 7.27229E-1 7.08086E-1 5.88067E-1 6.19906E-1 6.8911E-1 7.62063E-1 -9999 8.28509E-1
8.23989E-1 8.63493E-1 8.51471E-1 8.36357E-1 8.26668E-1 8.10694E-1 7.9849E-1 7.64275E-1 7.08143E-1 -9999 -9999 -9999 -9999 -9999 -9999 -9999 -9999 -9999 -9999 -9999 -9999 -9999 -9999 -9999 -9999 -9999 -9999 -9999 -9999 -9999 -9999 -9999 -9999 -9999 -9999 -9999 6.11649E-1 6.02947E-1 5.37886E-1 4.69515E-1 3.88381E-1 3.55523E-1 3.60426E-1 4.2271E-1 4.80635E-1 5.35303E-1 5.46301E-1 5.80097E-1 5.92074E-1 5.92537E-1 5.76601E-1 5.89593E-1 5.7106E-1 5.86994E-1 5.95745E-1 6.14094E-1 6.14385E-1 6.27038E-1 6.23063E-1 6.47594E-1 6.17102E-1 6.37347E-1 6.60355E-1 6.99968E-1 7.40367E-1 7.19998E-1 6.19929E-1 6.22773E-1 6.10583E-1 7.54772E-1 -9999 -9999
