Artocarpus altilis SDM files/Last interglacial/results (without the bias file)/Artalt_max.asc
ncols         1201
nrows         481
xllcorner     119.99986351115
yllcorner     -15.00013864885
cellsize      0.041666667
NODATA_value  -9999
[rows 416 to 447 of 481, columns 216 to 287 of 1201]
-9999 -9999 -9999 -9999 -9999 -9999 -9999 -9999 -9999 -9999 -9999 -9999 -9999 -9999 -9999 -9999 -9999 -9999 -9999 -9999 -9999 -9999 -9999 -9999 -9999 -9999 -9999 -9999 -9999 -9999 -9999 -9999 -9999 -9999 -9999 -9999 -9999 -9999 -9999 -9999 -9999 -9999 -9999 -9999 -9999 -9999 -9999 -9999 3.13329E-2 2.81283E-2 2.74101E-2 2.83092E-2 2.94597E-2 2.76334E-2 2.84724E-2 2.58683E-2 2.42056E-2 2.42859E-2 2.30739E-2 2.24863E-2 2.3429E-2 2.245E-2 2.24023E-2 2.24348E-2 2.24151E-2 2.13492E-2 2.13199E-2 2.02098E-2 2.02277E-2 2.00747E-2 2.02847E-2 1.84375E-2
-9999 -9999 -9999 -9999 -9999 -9999 -9999 -9999 -9999 -9999 -9999 -9999 -9999 -9999 -9999 -9999 -9999 -9999 -9999 -9999 -9999 -9999 -9999 -9999 -9999 -9999 -9999 -9999 -9999 -9999 -9999 -9999 -9999 -9999 -9999 -9999 -9999 -9999 -9999 -9999 -9999 -9999 -9999 -9999 3.60519E-2 3.58852E-2 3.66398E-2 3.10058E-2 2.93849E-2 2.83531E-2 2.50747E-2 2.55748E-2 2.68726E-2 2.68169E-2 2.55932E-2 2.27169E-2 2.2773E-2 2.28255E-2 2.1009E-2 2.09718E-2 2.09499E-2 2.00702E-2 2.00603E-2 2.00446E-2 2.00011E-2 1.90863E-2 1.90411E-2 1.87869E-2 1.79497E-2 1.78468E-2 1.81926E-2 1.72525E-2
-9999 -9999 -9999 -9999 -9999 -9999 -9999 -9999 -9999 -9999 -9999 -9999 -9999 -9999 -9999 -9999 -9999 -9999 -9999 -9999 -9999 -9999 -9999 -9999 -9999 -9999 -9999 -9999 -9999 -9999 -9999 -9999 -9999 -9999 -9999 -9999 -9999 6.47232E-2 5.88269E-2 5.85801E-2 5.59438E-2 -9999 -9999 3.72578E-2 3.42685E-2 3.27431E-2 3.19377E-2 3.01072E-2 2.90633E-2 2.78823E-2 2.47138E-2 2.29302E-2 2.39353E-2 2.49556E-2 2.41023E-2 2.17377E-2 2.07409E-2 1.97685E-2 1.96903E-2 1.81005E-2 1.8811E-2 1.88462E-2 1.88199E-2 1.88274E-2 1.88035E-2 1.69862E-2 1.6877E-2 1.62515E-2 1.69177E-2 1.64267E-2 1.61185E-2 1.53185E-2
-9999 -9999 -9999 -9999 -9999 -9999 -9999 -9999 -9999 -9999 -9999 -9999 -9999 -9999 -9999 -9999 -9999 -9999 -9999 -9999 -9999 -9999 -9999 -9999 -9999 -9999 -9999 -9999 -9999 -9999 -9999 -9999 -9999 -9999 -9999 -9999 -9999 6.08608E-2 5.90402E-2 5.29394E-2 5.1918E-2 4.6608E-2 4.40349E-2 3.81357E-2 3.23536E-2 2.97683E-2 2.77603E-2 2.82379E-2 2.62189E-2 2.6248E-2 2.31061E-2 2.13564E-2 2.21483E-2 2.26438E-2 2.04324E-2 1.93946E-2 1.94384E-2 1.79768E-2 1.79493E-2 1.73573E-2 1.85952E-2 1.68138E-2 1.68144E-2 1.67426E-2 1.67191E-2 1.58859E-2 1.57994E-2 1.44205E-2 1.46922E-2 1.45806E-2 1.47735E-2 1.37762E-2
-9999 -9999 -9999 -9999 -9999 -9999 -9999 -9999 -9999 -9999 -9999 -9999 -9999 -9999 -9999 -9999 -9999 -9999 -9999 -9999 -9999 -9999 -9999 -9999 -9999 -9999 -9999 -9999 -9999 -9999 -9999 -9999 -9999 -9999 -9999 -9999 -9999 -9999 5.26712E-2 4.98045E-2 4.69245E-2 4.19638E-2 4.19651E-2 3.51E-2 3.23821E-2 2.81748E-2 2.6435E-2 2.36896E-2 2.33124E-2 2.41418E-2 2.17325E-2 2.00395E-2 2.07731E-2 2.05381E-2 1.82048E-2 1.82042E-2 1.75611E-2 1.68533E-2 1.68368E-2 1.4731E-2 1.51128E-2 1.6438E-2 1.55774E-2 1.48682E-2 1.49412E-2 1.41059E-2 1.40757E-2 1.28217E-2 1.31177E-2 1.36948E-2 1.28593E-2 1.22633E-2
-9999 -9999 -9999 -9999 -9999 -9999 -9999 -9999 -9999 -9999 -9999 -9999 -9999 -9999 -9999 -9999 -9999 -9999 -9999 -9999 -9999 -9999 -9999 -9999 -9999 -9999 -9999 -9999 -9999 -9999 -9999 -9999 -9999 -9999 6.61114E-2 -9999 -9999 4.82875E-2 4.78359E-2 4.54708E-2 4.32301E-2 4.17688E-2 3.73999E-2 -9999 2.89406E-2 2.56837E-2 2.35889E-2 2.19712E-2 2.14685E-2 2.16864E-2 2.04806E-2 1.88867E-2 2.04668E-2 1.84077E-2 1.68216E-2 1.73674E-2 1.65683E-2 1.57377E-2 1.49805E-2 1.3781E-2 1.40367E-2 1.42309E-2 1.47968E-2 1.42147E-2 1.40044E-2 1.32447E-2 1.19487E-2 1.20914E-2 1.22181E-2 1.21439E-2 1.17534E-2 1.1461E-2
-9999 -9999 -9999 -9999 -9999 -9999 -9999 -9999 -9999 -9999 -9999 -9999 -9999 -9999 -9999 -9999 -9999 -9999 -9999 -9999 -9999 -9999 -9999 -9999 -9999 -9999 -9999 -9999 -9999 -9999 -9999 -9999 -9999 6.01259E-2 5.90743E-2 -9999 5.31411E-2 4.40522E-2 4.29013E-2 3.99394E-2 4.04452E-2 3.85212E-2 3.63441E-2 3.20591E-2 2.84463E-2 2.47096E-2 2.29838E-2 2.14227E-2 1.92871E-2 1.77536E-2 1.76591E-2 1.78943E-2 1.74188E-2 1.66638E-2 1.70243E-2 1.54267E-2 1.55516E-2 1.47599E-2 1.40585E-2 1.2857E-2 1.24629E-2 1.32762E-2 1.42494E-2 1.44496E-2 1.28739E-2 1.19828E-2 1.0798E-2 1.13772E-2 1.13466E-2 1.05596E-2 1.15655E-2 1.13017E-2
-9999 -9999 -9999 -9999 -9999 -9999 -9999 -9999 -9999 -9999 -9999 -9999 -9999 -9999 -9999 -9999 -9999 -9999 -9999 -9999 -9999 -9999 -9999 -9999 -9999 -9999 -9999 -9999 -9999 -9999 -9999 -9999 -9999 5.63892E-2 5.92244E-2 5.28186E-2 4.99762E-2 4.30615E-2 3.86774E-2 3.65284E-2 3.43752E-2 3.57465E-2 3.24386E-2 2.975E-2 2.69574E-2 2.43119E-2 2.16949E-2 2.01076E-2 1.88929E-2 1.73623E-2 1.56884E-2 1.62583E-2 1.58303E-2 1.65018E-2 1.54128E-2 1.55324E-2 1.48682E-2 1.33806E-2 1.30359E-2 1.16753E-2 1.16375E-2 1.25879E-2 1.33491E-2 1.33245E-2 1.21644E-2 1.1067E-2 1.00138E-2 1.0112E-2 1.01954E-2 1.03647E-2 1.05335E-2 1.02371E-2
-9999 -9999 -9999 -9999 -9999 -9999 -9999 -9999 -9999 -9999 -9999 -9999 -9999 -9999 -9999 -9999 -9999 -9999 -9999 -9999 -9999 -9999 -9999 -9999 -9999 -9999 -9999 -9999 -9999 -9999 -9999 -9999 5.63952E-2 5.28625E-2 5.02764E-2 4.73695E-2 4.47439E-2 4.19697E-2 3.74282E-2 3.52234E-2 3.07257E-2 3.06463E-2 2.95527E-2 2.59998E-2 2.51178E-2 2.18268E-2 2.03189E-2 1.80399E-2 1.58305E-2 1.57786E-2 1.43622E-2 1.43188E-2 1.59242E-2 1.54562E-2 1.51881E-2 1.44253E-2 1.42635E-2 1.34054E-2 1.25719E-2 1.09405E-2 1.08981E-2 1.1961E-2 1.27807E-2 1.1415E-2 1.14869E-2 1.03531E-2 9.56075E-3 9.6202E-3 9.64931E-3 9.4493E-3 9.34028E-3 1.02528E-2
-9999 -9999 -9999 -9999 -9999 -9999 -9999 -9999 -9999 -9999 -9999 -9999 -9999 -9999 -9999 -9999 -9999 -9999 -9999 -9999 -9999 -9999 -9999 -9999 -9999 -9999 -9999 -9999 -9999 -9999 -9999 -9999 5.36775E-2 4.82177E-2 4.35766E-2 4.43899E-2 4.209E-2 3.80148E-2 3.56149E-2 3.17626E-2 2.99224E-2 2.68299E-2 2.49194E-2 2.35442E-2 2.41973E-2 2.15631E-2 1.90662E-2 1.79434E-2 1.50831E-2 1.3978E-2 1.38328E-2 1.38491E-2 1.52365E-2 1.51144E-2 1.37932E-2 1.35166E-2 1.26763E-2 1.22651E-2 1.19708E-2 1.12466E-2 9.89785E-3 1.09945E-2 1.1945E-2 1.22355E-2 1.01462E-2 1.02072E-2 9.43961E-3 8.67161E-3 9.28424E-3 8.94171E-3 9.24651E-3 9.44672E-3
-9999 -9999 -9999 -9999 -9999 -9999 -9999 -9999 -9999 -9999 -9999 -9999 -9999 -9999 -9999 -9999 -9999 -9999 -9999 -9999 -9999 -9999 -9999 -9999 -9999 -9999 -9999 -9999 -9999 -9999 -9999 -9999 4.79315E-2 4.5252E-2 3.9849E-2 4.06114E-2 3.80271E-2 3.5368E-2 3.30892E-2 2.95489E-2 2.85063E-2 2.37846E-2 2.22453E-2 2.15126E-2 2.06154E-2 1.96774E-2 1.81185E-2 1.58614E-2 1.52688E-2 1.31036E-2 1.27262E-2 1.33783E-2 1.47858E-2 1.43494E-2 1.29767E-2 1.22269E-2 1.1486E-2 1.05824E-2 1.11468E-2 1.15175E-2 1.00322E-2 1.13575E-2 1.18297E-2 1.09732E-2 9.78219E-3 9.82125E-3 8.96769E-3 8.12904E-3 8.96513E-3 8.65098E-3 9.38823E-3 9.28786E-3
-9999 -9999 -9999 -9999 -9999 -9999 -9999 -9999 -9999 -9999 -9999 -9999 -9999 -9999 -9999 -9999 -9999 -9999 -9999 -9999 -9999 -9999 -9999 -9999 -9999 -9999 -9999 -9999 -9999 -9999 -9999 -9999 4.2698E-2 4.19681E-2 3.80818E-2 3.69146E-2 3.30689E-2 3.43772E-2 3.13143E-2 2.63045E-2 2.60284E-2 2.19714E-2 2.13746E-2 2.02654E-2 1.75247E-2 1.85102E-2 1.70255E-2 1.49841E-2 1.32174E-2 1.19071E-2 1.22982E-2 1.31643E-2 1.22706E-2 1.40615E-2 1.25885E-2 1.19464E-2 1.16586E-2 1.04008E-2 1.03073E-2 1.10165E-2 1.02871E-2 1.09622E-2 1.10591E-2 1.02788E-2 9.73023E-3 8.85524E-3 8.49337E-3 8.08582E-3 8.54145E-3 8.77543E-3 9.03992E-3 8.74807E-3
-9999 -9999 -9999 -9999 -9999 -9999 -9999 -9999 -9999 -9999 -9999 -9999 -9999 -9999 -9999 -9999 -9999 -9999 -9999 -9999 -9999 -9999 -9999 -9999 -9999 -9999 -9999 -9999 -9999 -9999 -9999 -9999 3.98969E-2 3.78897E-2 3.40682E-2 3.28235E-2 3.01754E-2 3.10321E-2 2.66978E-2 2.47864E-2 2.19843E-2 1.98508E-2 1.86919E-2 1.89728E-2 1.70438E-2 1.60472E-2 1.42793E-2 1.20787E-2 1.17223E-2 1.16325E-2 1.20197E-2 1.28931E-2 1.16641E-2 1.25343E-2 1.16052E-2 1.11603E-2 1.17416E-2 1.03207E-2 9.40327E-3 1.03531E-2 1.06896E-2 1.08767E-2 1.14963E-2 1.0483E-2 8.8745E-3 7.96766E-3 8.7289E-3 8.12157E-3 8.67967E-3 8.65408E-3 8.58793E-3 8.38699E-3
-9999 -9999 -9999 -9999 -9999 -9999 -9999 -9999 -9999 -9999 -9999 -9999 -9999 -9999 -9999 -9999 -9999 -9999 -9999 -9999 -9999 -9999 -9999 -9999 -9999 -9999 -9999 -9999 -9999 -9999 -9999 -9999 3.82951E-2 3.62025E-2 3.29668E-2 3.17714E-2 2.8481E-2 2.79442E-2 2.38505E-2 2.22047E-2 2.03547E-2 1.67089E-2 1.69223E-2 1.55832E-2 1.61839E-2 1.41251E-2 1.2863E-2 1.21641E-2 1.11039E-2 1.08049E-2 1.15456E-2 1.15928E-2 1.21024E-2 1.1288E-2 1.09516E-2 1.06202E-2 1.10752E-2 1.05427E-2 8.81633E-3 9.43057E-3 9.98996E-3 9.85609E-3 1.00765E-2 1.07717E-2 9.12795E-3 8.55026E-3 8.01867E-3 7.61858E-3 8.41735E-3 8.3755E-3 8.91489E-3 8.6289E-3
-9999 -9999 -9999 -9999 -9999 -9999 -9999 -9999 -9999 -9999 -9999 -9999 -9999 -9999 -9999 -9999 -9999 -9999 -9999 -9999 -9999 -9999 -9999 -9999 -9999 -9999 -9999 -9999 -9999 -9999 -9999 4.0385E-2 3.61172E-2 3.40098E-2 3.20221E-2 2.87552E-2 2.68974E-2 2.36327E-2 2.26102E-2 2.10619E-2 1.84044E-2 1.62288E-2 1.46053E-2 1.39397E-2 1.32395E-2 1.27492E-2 1.11893E-2 1.14274E-2 1.05577E-2 1.04177E-2 1.01235E-2 1.05393E-2 1.12185E-2 1.13272E-2 1.04269E-2 1.06213E-2 9.94563E-3 9.88108E-3 9.60221E-3 8.74979E-3 9.99514E-3 8.98378E-3 1.0015E-2 1.05182E-2 9.27181E-3 8.19298E-3 8.9054E-3 7.58701E-3 7.85738E-3 8.69257E-3 8.22646E-3 8.5812E-3
-9999 -9999 -9999 -9999 -9999 -9999 -9999 -9999 -9999 -9999 -9999 -9999 -9999 -9999 -9999 -9999 -9999 -9999 -9999 -9999 -9999 -9999 -9999 -9999 -9999 -9999 -9999 5.65417E-2 5.0132E-2 4.85071E-2 4.13622E-2 3.85976E-2 3.46901E-2 3.04248E-2 2.8582E-2 2.68586E-2 2.38595E-2 2.14162E-2 1.99919E-2 1.7779E-2 1.61479E-2 1.57075E-2 1.39638E-2 1.28961E-2 1.1767E-2 1.10657E-2 1.03359E-2 9.5095E-3 1.01978E-2 9.61843E-3 9.47348E-3 9.68631E-3 1.15313E-2 1.10924E-2 1.06059E-2 1.05622E-2 9.33495E-3 9.42774E-3 9.40129E-3 8.70144E-3 9.68389E-3 8.9752E-3 9.55554E-3 9.99133E-3 9.10003E-3 8.22539E-3 8.25567E-3 7.18712E-3 7.33106E-3 8.60092E-3 8.05357E-3 8.39573E-3
-9999 -9999 -9999 -9999 -9999 -9999 -9999 -9999 -9999 -9999 -9999 -9999 -9999 -9999 -9999 -9999 -9999 -9999 -9999 -9999 -9999 -9999 -9999 -9999 -9999 -9999 -9999 5.31679E-2 4.97351E-2 4.65766E-2 4.07417E-2 3.46735E-2 3.24101E-2 2.7171E-2 2.53927E-2 2.37471E-2 2.10548E-2 1.99272E-2 1.73138E-2 1.66857E-2 1.48884E-2 1.40839E-2 1.32578E-2 1.10735E-2 9.93414E-3 9.72202E-3 9.05616E-3 8.59145E-3 8.9287E-3 8.75595E-3 9.15345E-3 9.51964E-3 1.05067E-2 1.03223E-2 1.04554E-2 1.0005E-2 9.97135E-3 8.86199E-3 8.6395E-3 8.69835E-3 8.5177E-3 8.81763E-3 9.26345E-3 9.9806E-3 8.90224E-3 9.04526E-3 8.35374E-3 6.97521E-3 7.41041E-3 8.52532E-3 8.39691E-3 8.04079E-3
-9999 -9999 -9999 -9999 -9999 -9999 -9999 -9999 -9999 -9999 -9999 -9999 -9999 -9999 -9999 -9999 -9999 -9999 -9999 -9999 -9999 -9999 -9999 -9999 -9999 -9999 -9999 4.79412E-2 4.25578E-2 4.06458E-2 3.65886E-2 3.25842E-2 2.90531E-2 2.71495E-2 2.3881E-2 2.12251E-2 1.89165E-2 1.74941E-2 1.53885E-2 1.4446E-2 1.24591E-2 1.34039E-2 1.23811E-2 1.02794E-2 9.23708E-3 8.82615E-3 8.63995E-3 7.57425E-3 7.78572E-3 7.94305E-3 8.62369E-3 9.06609E-3 8.9281E-3 9.56313E-3 9.86099E-3 9.50458E-3 9.42361E-3 9.147E-3 8.48362E-3 8.97309E-3 8.84669E-3 8.57169E-3 8.40162E-3 9.02498E-3 8.89469E-3 8.67692E-3 8.5978E-3 7.80408E-3 7.39873E-3 7.52926E-3 7.97273E-3 8.26962E-3
-9999 -9999 -9999 -9999 -9999 -9999 -9999 -9999 -9999 -9999 -9999 -9999 -9999 -9999 -9999 -9999 -9999 -9999 -9999 -9999 -9999 -9999 -9999 -9999 -9999 -9999 4.69912E-2 4.51768E-2 3.9545E-2 3.76666E-2 3.29922E-2 3.06373E-2 2.72551E-2 2.46569E-2 2.25642E-2 1.95666E-2 1.85591E-2 1.55505E-2 1.42586E-2 1.27346E-2 1.04099E-2 1.08625E-2 1.07488E-2 9.88601E-3 8.31065E-3 8.05187E-3 8.61794E-3 7.56413E-3 6.78492E-3 7.47102E-3 8.21023E-3 9.04362E-3 8.25952E-3 8.91764E-3 8.64899E-3 9.27935E-3 9.06747E-3 8.87879E-3 8.96169E-3 8.47207E-3 8.85514E-3 8.59573E-3 8.96869E-3 8.53375E-3 8.55276E-3 8.16748E-3 8.11884E-3 7.68279E-3 7.16358E-3 6.79199E-3 7.09104E-3 7.9054E-3
-9999 -9999 -9999 -9999 -9999 -9999 -9999 -9999 -9999 -9999 -9999 -9999 -9999 -9999 -9999 -9999 -9999 -9999 -9999 -9999 -9999 -9999 -9999 -9999 6.4734E-2 -9999 4.72146E-2 4.05202E-2 3.91712E-2 3.5501E-2 3.15637E-2 2.74409E-2 2.41529E-2 2.15156E-2 2.02745E-2 1.79114E-2 1.63372E-2 1.47674E-2 1.2203E-2 1.04722E-2 8.2229E-3 8.28604E-3 9.54491E-3 8.87117E-3 7.91417E-3 7.71933E-3 7.92883E-3 7.19629E-3 6.50853E-3 6.76156E-3 8.08766E-3 8.19341E-3 7.98032E-3 8.29756E-3 8.62501E-3 8.62111E-3 9.16234E-3 8.42642E-3 8.76005E-3 8.5137E-3 8.74543E-3 8.74545E-3 8.65987E-3 9.05458E-3 8.88323E-3 8.16481E-3 8.18423E-3 7.80574E-3 7.00166E-3 6.64565E-3 7.44605E-3 7.64444E-3
-9999 -9999 -9999 -9999 -9999 -9999 -9999 -9999 -9999 -9999 -9999 -9999 -9999 -9999 -9999 -9999 -9999 -9999 -9999 -9999 -9999 -9999 -9999 -9999 5.90249E-2 5.17393E-2 4.21147E-2 3.9678E-2 3.68411E-2 3.15553E-2 2.81609E-2 2.50226E-2 2.18423E-2 1.953E-2 1.80874E-2 1.59395E-2 1.53598E-2 1.32204E-2 1.19052E-2 1.03824E-2 7.67132E-3 7.09738E-3 7.3754E-3 8.03215E-3 7.97044E-3 7.24896E-3 6.83799E-3 6.54596E-3 5.91298E-3 6.5339E-3 7.29151E-3 7.73752E-3 8.23277E-3 8.1995E-3 8.23153E-3 8.44557E-3 8.57129E-3 8.13403E-3 7.98925E-3 7.59818E-3 8.22815E-3 8.76005E-3 8.88645E-3 8.69581E-3 8.03113E-3 7.97146E-3 7.7161E-3 7.70881E-3 6.99105E-3 7.10609E-3 7.2027E-3 7.57258E-3
-9999 -9999 -9999 -9999 -9999 -9999 -9999 -9999 -9999 -9999 -9999 -9999 -9999 -9999 -9999 -9999 -9999 -9999 -9999 -9999 -9999 -9999 -9999 -9999 5.54452E-2 4.76482E-2 4.45166E-2 3.81789E-2 3.21345E-2 2.86185E-2 2.62261E-2 2.33898E-2 1.97797E-2 1.81277E-2 1.62108E-2 1.44038E-2 1.351E-2 1.20086E-2 1.06497E-2 1.00137E-2 7.24617E-3 6.24342E-3 6.11513E-3 6.40758E-3 6.89364E-3 6.74204E-3 6.41794E-3 6.43411E-3 6.38032E-3 6.53655E-3 6.7673E-3 6.95842E-3 7.52693E-3 7.67657E-3 8.1065E-3 8.01346E-3 7.81268E-3 8.08416E-3 7.77204E-3 7.52452E-3 7.51956E-3 7.94569E-3 8.10304E-3 7.81452E-3 7.99416E-3 7.88826E-3 7.24697E-3 7.80503E-3 6.87049E-3 6.49756E-3 6.98083E-3 6.54732E-3
-9999 -9999 -9999 -9999 -9999 -9999 -9999 -9999 -9999 -9999 -9999 -9999 -9999 -9999 -9999 -9999 -9999 -9999 -9999 -9999 -9999 -9999 -9999 -9999 -9999 4.56331E-2 4.27288E-2 -9999 2.98514E-2 2.66711E-2 2.43624E-2 2.17964E-2 1.94117E-2 1.64515E-2 1.50835E-2 1.34029E-2 1.18703E-2 1.06845E-2 1.04933E-2 9.33811E-3 8.18144E-3 5.8267E-3 5.2791E-3 5.40436E-3 5.80657E-3 6.29774E-3 5.90821E-3 5.93896E-3 5.76007E-3 6.18745E-3 6.59677E-3 6.5152E-3 6.60779E-3 6.85288E-3 7.385E-3 7.56115E-3 7.05529E-3 7.53349E-3 7.5895E-3 7.48598E-3 7.28321E-3 7.63599E-3 7.49729E-3 8.25137E-3 8.00991E-3 6.94821E-3 6.73588E-3 7.80621E-3 7.22091E-3 7.49486E-3 6.75062E-3 7.36534E-3
-9999 -9999 -9999 -9999 -9999 -9999 -9999 -9999 -9999 -9999 -9999 -9999 -9999 -9999 -9999 -9999 -9999 -9999 -9999 -9999 -9999 -9999 -9999 -9999 -9999 -9999 -9999 -9999 -9999 2.49024E-2 2.3218E-2 1.94505E-2 1.73338E-2 1.53709E-2 1.36519E-2 1.25168E-2 1.09382E-2 9.87906E-3 9.49238E-3 9.18638E-3 8.19932E-3 6.4932E-3 5.17254E-3 4.63272E-3 5.16706E-3 4.95929E-3 5.34498E-3 5.71016E-3 5.40864E-3 5.69703E-3 5.99334E-3 6.73038E-3 6.33646E-3 6.54532E-3 6.75614E-3 6.75433E-3 6.35542E-3 7.40315E-3 7.13737E-3 6.80343E-3 7.53745E-3 6.89628E-3 6.96732E-3 7.24094E-3 7.10212E-3 6.27731E-3 6.4986E-3 7.18929E-3 7.1394E-3 7.7657E-3 6.89542E-3 6.91522E-3
-9999 -9999 -9999 -9999 -9999 -9999 -9999 -9999 -9999 -9999 -9999 -9999 -9999 -9999 -9999 -9999 -9999 -9999 -9999 -9999 -9999 -9999 -9999 -9999 -9999 -9999 -9999 -9999 -9999 -9999 1.98773E-2 1.76356E-2 1.62171E-2 1.36588E-2 1.2669E-2 1.13122E-2 9.75173E-3 8.87938E-3 8.22843E-3 7.80985E-3 7.52436E-3 6.53678E-3 5.45618E-3 4.61981E-3 4.67209E-3 4.6999E-3 5.04185E-3 5.17272E-3 5.27954E-3 5.08089E-3 5.49481E-3 6.09312E-3 6.01572E-3 6.15576E-3 6.25224E-3 6.45997E-3 6.00817E-3 6.23892E-3 6.69144E-3 6.63598E-3 7.06711E-3 6.81224E-3 6.63076E-3 7.28084E-3 7.11055E-3 6.72368E-3 5.964E-3 6.62454E-3 6.7551E-3 7.78242E-3 7.09039E-3 6.39114E-3
-9999 -9999 -9999 -9999 -9999 -9999 -9999 -9999 -9999 -9999 -9999 -9999 -9999 -9999 -9999 -9999 -9999 -9999 -9999 -9999 -9999 -9999 -9999 -9999 -9999 -9999 -9999 -9999 -9999 2.22695E-2 1.85505E-2 1.65494E-2 1.47044E-2 1.26878E-2 1.10335E-2 9.77294E-3 8.75037E-3 8.2669E-3 7.70246E-3 6.98705E-3 6.90033E-3 6.50623E-3 5.88593E-3 4.65752E-3 4.38871E-3 4.41064E-3 4.65007E-3 4.69648E-3 4.89128E-3 4.59209E-3 4.31613E-3 5.40448E-3 5.81235E-3 6.02775E-3 5.7323E-3 5.77808E-3 5.56101E-3 5.61605E-3 5.60098E-3 5.80133E-3 6.45219E-3 6.56288E-3 6.67454E-3 7.22302E-3 7.06387E-3 6.5534E-3 5.56907E-3 5.4609E-3 7.16138E-3 7.71843E-3 7.26827E-3 6.57509E-3
-9999 -9999 -9999 -9999 -9999 -9999 -9999 -9999 -9999 -9999 -9999 -9999 -9999 -9999 -9999 -9999 -9999 -9999 -9999 -9999 -9999 -9999 -9999 -9999 -9999 -9999 -9999 -9999 2.13307E-2 2.09251E-2 1.78349E-2 1.5538E-2 1.31073E-2 1.16919E-2 1.04286E-2 8.99002E-3 8.10098E-3 7.77856E-3 6.95795E-3 6.02187E-3 5.8449E-3 5.86036E-3 5.46657E-3 4.16539E-3 4.03019E-3 4.3798E-3 4.4168E-3 4.7846E-3 4.62286E-3 4.85954E-3 3.52607E-3 4.67656E-3 5.4856E-3 5.68335E-3 5.31593E-3 5.34794E-3 5.34342E-3 5.06387E-3 5.30403E-3 5.53472E-3 5.69595E-3 6.03098E-3 6.09188E-3 6.55538E-3 7.12264E-3 6.34456E-3 5.41073E-3 5.59694E-3 6.81154E-3 7.43351E-3 7.05175E-3 6.57674E-3
-9999 -9999 -9999 -9999 -9999 -9999 -9999 -9999 -9999 -9999 -9999 -9999 -9999 -9999 -9999 -9999 -9999 -9999 -9999 -9999 -9999 5.84829E-2 -9999 -9999 -9999 -9999 -9999 2.40257E-2 2.15071E-2 1.83542E-2 1.60687E-2 1.49024E-2 1.23139E-2 1.09488E-2 9.71466E-3 8.38282E-3 7.50311E-3 6.72915E-3 6.10821E-3 5.99344E-3 5.47068E-3 5.09959E-3 5.03875E-3 4.06501E-3 3.79635E-3 3.87757E-3 4.09506E-3 4.4985E-3 4.30735E-3 4.64463E-3 3.79006E-3 4.04837E-3 4.63141E-3 5.1776E-3 5.15263E-3 5.2736E-3 5.05366E-3 4.97088E-3 5.10082E-3 5.28732E-3 5.63448E-3 5.95696E-3 5.93618E-3 5.93186E-3 6.23328E-3 6.34419E-3 5.41996E-3 5.49223E-3 6.79012E-3 7.04954E-3 6.76532E-3 7.23363E-3
-9999 -9999 -9999 -9999 -9999 -9999 -9999 -9999 -9999 -9999 -9999 -9999 -9999 -9999 -9999 -9999 -9999 -9999 -9999 -9999 5.69463E-2 5.47708E-2 -9999 -9999 -9999 2.89163E-2 2.51443E-2 2.17236E-2 2.02681E-2 1.70274E-2 1.43127E-2 1.32923E-2 1.15672E-2 1.0811E-2 9.07691E-3 7.98514E-3 6.94636E-3 6.20293E-3 5.97843E-3 5.58432E-3 5.03924E-3 4.60696E-3 4.60829E-3 4.14643E-3 3.56606E-3 3.54865E-3 3.94358E-3 4.20933E-3 4.0242E-3 4.29016E-3 3.88034E-3 3.96495E-3 3.90298E-3 4.14893E-3 4.86999E-3 5.03282E-3 4.95837E-3 4.7751E-3 4.78614E-3 4.73495E-3 5.16261E-3 5.52362E-3 5.49916E-3 5.72875E-3 5.90479E-3 6.46722E-3 5.47657E-3 5.62664E-3 6.45097E-3 6.88854E-3 6.10284E-3 6.9887E-3
-9999 -9999 -9999 -9999 -9999 -9999 -9999 -9999 -9999 -9999 -9999 -9999 -9999 -9999 -9999 -9999 -9999 -9999 -9999 6.46337E-2 5.5822E-2 5.03733E-2 4.47063E-2 3.67513E-2 3.2601E-2 2.84603E-2 2.3195E-2 2.03721E-2 1.76595E-2 1.59313E-2 1.47214E-2 1.24036E-2 1.10719E-2 9.08678E-3 8.06882E-3 7.49044E-3 6.7217E-3 6.17202E-3 5.54146E-3 5.09558E-3 5.14128E-3 4.51582E-3 4.17572E-3 4.29701E-3 3.69875E-3 3.38466E-3 3.64292E-3 3.77943E-3 3.76166E-3 3.58025E-3 3.92911E-3 3.8051E-3 3.77983E-3 3.40483E-3 3.96426E-3 4.80808E-3 4.88793E-3 4.93651E-3 4.58774E-3 4.7716E-3 5.19557E-3 5.0596E-3 5.43491E-3 5.45089E-3 5.76004E-3 5.91666E-3 5.58768E-3 4.68177E-3 5.60973E-3 6.00627E-3 6.71323E-3 6.75469E-3
-9999 -9999 -9999 -9999 -9999 -9999 -9999 -9999 -9999 -9999 -9999 -9999 -9999 -9999 -9999 -9999 -9999 -9999 -9999 5.51279E-2 4.93338E-2 4.34154E-2 4.04359E-2 3.63609E-2 3.0824E-2 2.56425E-2 2.28651E-2 1.87971E-2 1.56477E-2 1.50395E-2 1.35005E-2 1.17665E-2 1.03798E-2 9.15095E-3 8.1387E-3 7.19469E-3 6.71115E-3 5.63385E-3 5.39498E-3 4.63574E-3 4.34408E-3 4.25337E-3 4.04944E-3 3.58749E-3 3.74976E-3 3.73682E-3 3.54219E-3 3.62817E-3 3.5596E-3 3.53408E-3 3.52968E-3 3.50803E-3 3.63404E-3 3.77631E-3 3.72238E-3 4.47734E-3 4.8071E-3 4.45117E-3 4.16351E-3 4.36521E-3 4.78673E-3 4.45039E-3 4.93599E-3 5.10205E-3 5.93283E-3 5.74722E-3 5.22456E-3 5.06461E-3 4.99443E-3 5.58948E-3 5.98073E-3 6.52667E-3
-9999 -9999 -9999 -9999 -9999 -9999 -9999 -9999 -9999 -9999 -9999 -9999 -9999 -9999 -9999 -9999 -9999 -9999 -9999 5.3796E-2 4.72778E-2 4.05798E-2 3.72576E-2 3.26804E-2 2.77234E-2 2.45373E-2 2.03633E-2 1.85529E-2 1.52113E-2 1.33104E-2 1.20439E-2 1.05219E-2 9.74484E-3 8.60052E-3 7.60831E-3 6.73591E-3 5.94877E-3 5.65631E-3 4.86186E-3 4.63502E-3 4.28812E-3 3.93262E-3 3.65293E-3 3.55947E-3 3.7687E-3 3.73315E-3 3.56601E-3 3.35975E-3 3.48774E-3 3.50945E-3 3.32336E-3 3.20877E-3 3.2949E-3 3.40565E-3 3.51991E-3 3.91999E-3 4.06131E-3 4.18378E-3 3.97933E-3 3.81662E-3 4.32279E-3 4.46445E-3 4.59411E-3 4.68723E-3 5.51612E-3 5.89623E-3 5.40369E-3 5.27773E-3 4.7526E-3 6.02704E-3 6.17377E-3 6.64743E-3
