Artocarpus altilis SDM files/Last interglacial/results (without the bias file)/Artalt_7.asc
ncols         1201
nrows         481
xllcorner     119.99986351115
yllcorner     -15.00013864885
cellsize      0.041666667
NODATA_value  -9999
[rows 192 to 223 of 481, columns 0 to 71 of 1201]
1.84173E-1 2.00846E-1 2.9185E-1 3.87946E-1 5.46529E-1 6.03669E-1 -9999 -9999 -9999 -9999 -9999 -9999 -9999 -9999 -9999 -9999 -9999 -9999 -9999 -9999 -9999 -9999 -9999 -9999 -9999 5.30127E-1 4.19078E-1 3.59321E-1 3.8811E-1 4.1725E-1 3.6146E-1 3.45897E-1 3.92712E-1 3.42879E-1 3.38456E-1 3.36892E-1 3.43859E-1 3.72322E-1 4.15453E-1 3.96561E-1 3.8545E-1 3.7541E-1 4.35425E-1 5.19279E-1 5.24428E-1 5.35262E-1 4.65786E-1 4.65861E-1 4.8333E-1 4.4992E-1 4.59463E-1 5.49219E-1 6.17745E-1 5.90314E-1 5.66147E-1 6.62048E-1 -9999 -9999 -9999 -9999 -9999 -9999 -9999 -9999 -9999 -9999 -9999 -9999 -9999 -9999 -9999 -9999
2.61975E-1 2.64585E-1 2.78074E-1 4.22596E-1 5.48301E-1 5.85887E-1 -9999 -9999 -9999 -9999 -9999 -9999 -9999 -9999 -9999 -9999 -9999 -9999 -9999 -9999 -9999 -9999 -9999 -9999 -9999 5.35819E-1 4.95526E-1 3.61473E-1 3.81171E-1 3.80135E-1 4.34254E-1 3.31452E-1 2.91402E-1 2.86608E-1 3.01328E-1 3.09096E-1 3.48526E-1 4.21764E-1 3.79351E-1 4.02516E-1 4.63857E-1 4.68283E-1 4.54327E-1 4.75338E-1 4.84036E-1 5.09042E-1 4.8908E-1 4.83895E-1 4.71449E-1 4.57162E-1 4.65892E-1 4.98823E-1 5.82282E-1 6.72533E-1 6.81274E-1 6.99042E-1 7.05079E-1 7.30955E-1 -9999 -9999 -9999 -9999 -9999 -9999 -9999 -9999 -9999 -9999 -9999 -9999 -9999 -9999
3.72574E-1 3.47377E-1 3.18049E-1 4.18751E-1 4.9402E-1 5.65375E-1 -9999 -9999 -9999 -9999 -9999 -9999 -9999 -9999 -9999 -9999 -9999 -9999 -9999 -9999 -9999 -9999 -9999 -9999 5.84364E-1 5.76262E-1 5.56677E-1 3.96693E-1 3.3884E-1 3.09929E-1 3.35874E-1 4.13095E-1 2.54304E-1 2.56166E-1 2.81639E-1 3.04057E-1 3.36648E-1 3.77839E-1 3.77472E-1 3.71846E-1 3.59228E-1 3.85661E-1 4.83842E-1 5.25362E-1 5.01081E-1 5.00613E-1 5.32102E-1 5.17757E-1 5.16061E-1 4.9398E-1 5.08736E-1 4.85006E-1 4.6203E-1 5.66563E-1 6.29033E-1 6.58833E-1 7.10508E-1 7.16224E-1 7.20954E-1 7.52963E-1 7.45125E-1 -9999 -9999 -9999 -9999 -9999 -9999 -9999 -9999 -9999 -9999 -9999
3.7799E-1 3.83392E-1 3.37933E-1 3.96696E-1 4.58541E-1 5.45422E-1 -9999 -9999 -9999 -9999 -9999 -9999 -9999 -9999 -9999 -9999 -9999 -9999 -9999 -9999 -9999 -9999 -9999 -9999 -9999 5.97092E-1 5.58522E-1 4.2903E-1 2.86446E-1 2.6043E-1 3.12055E-1 3.76595E-1 3.37362E-1 2.4626E-1 2.88753E-1 3.4336E-1 3.69648E-1 3.72423E-1 3.86869E-1 4.19263E-1 3.42478E-1 3.37703E-1 3.34488E-1 4.37413E-1 5.80126E-1 5.60361E-1 5.89997E-1 6.24477E-1 5.74101E-1 5.3485E-1 5.22615E-1 5.16293E-1 5.297E-1 5.28776E-1 5.40062E-1 5.92158E-1 7.06189E-1 -9999 -9999 7.37177E-1 7.35086E-1 7.51878E-1 -9999 -9999 -9999 -9999 -9999 -9999 -9999 -9999 -9999 -9999
3.76995E-1 4.09868E-1 3.12342E-1 3.15545E-1 4.10149E-1 4.74871E-1 -9999 -9999 -9999 -9999 -9999 -9999 -9999 -9999 -9999 -9999 -9999 -9999 -9999 -9999 -9999 -9999 -9999 -9999 -9999 6.0875E-1 4.67276E-1 3.78248E-1 3.54165E-1 2.25615E-1 2.27516E-1 2.71462E-1 3.58188E-1 3.41158E-1 2.84844E-1 2.97904E-1 3.38258E-1 4.00981E-1 4.77947E-1 4.94963E-1 4.48926E-1 3.78777E-1 3.6662E-1 3.92117E-1 4.03166E-1 3.99863E-1 4.7182E-1 5.97756E-1 6.21809E-1 5.64986E-1 5.82755E-1 5.76052E-1 5.92155E-1 5.71304E-1 4.98277E-1 5.33194E-1 6.30519E-1 6.77682E-1 7.05268E-1 -9999 -9999 -9999 7.57015E-1 -9999 -9999 -9999 -9999 -9999 -9999 -9999 -9999 -9999
3.09319E-1 4.37375E-1 4.01001E-1 3.2988E-1 3.47094E-1 4.74897E-1 6.00914E-1 6.34968E-1 6.37815E-1 -9999 -9999 -9999 -9999 -9999 -9999 -9999 -9999 -9999 -9999 -9999 -9999 -9999 -9999 -9999 -9999 6.00728E-1 4.24206E-1 2.63168E-1 3.35568E-1 2.17487E-1 1.99642E-1 2.82199E-1 3.41228E-1 3.69588E-1 3.45223E-1 3.17079E-1 3.82938E-1 4.81362E-1 4.1523E-1 4.25269E-1 4.45441E-1 4.75656E-1 4.58572E-1 3.86804E-1 3.82217E-1 3.7897E-1 3.60207E-1 4.35758E-1 5.51863E-1 6.39997E-1 6.0943E-1 5.93873E-1 6.7373E-1 5.90879E-1 5.4668E-1 5.61058E-1 5.52783E-1 5.76903E-1 6.27292E-1 7.07571E-1 -9999 -9999 -9999 -9999 -9999 -9999 -9999 -9999 -9999 -9999 -9999 -9999
2.25329E-1 4.14323E-1 4.31556E-1 4.18501E-1 4.07607E-1 4.83856E-1 6.08556E-1 6.12046E-1 6.51472E-1 -9999 -9999 -9999 -9999 -9999 -9999 -9999 -9999 -9999 -9999 -9999 -9999 -9999 -9999 -9999 6.26056E-1 5.62566E-1 3.59827E-1 2.64191E-1 2.06825E-1 1.84458E-1 1.81321E-1 2.35277E-1 3.08053E-1 3.59456E-1 4.11417E-1 3.77797E-1 4.38163E-1 4.15044E-1 4.15895E-1 4.80328E-1 5.2909E-1 5.1326E-1 5.0443E-1 5.09964E-1 5.13979E-1 4.16357E-1 3.53558E-1 3.42735E-1 3.73971E-1 5.37408E-1 6.39052E-1 6.59842E-1 6.57129E-1 6.14534E-1 5.93115E-1 5.80541E-1 6.30674E-1 5.6414E-1 5.91255E-1 -9999 -9999 -9999 -9999 -9999 -9999 -9999 -9999 -9999 -9999 -9999 -9999 -9999
1.73782E-1 2.65667E-1 4.2909E-1 4.87789E-1 4.76455E-1 5.26669E-1 5.84982E-1 5.99331E-1 6.25125E-1 6.43755E-1 -9999 -9999 -9999 -9999 -9999 -9999 -9999 -9999 -9999 -9999 -9999 -9999 6.59474E-1 6.60997E-1 6.48807E-1 5.09363E-1 2.927E-1 2.46825E-1 2.1144E-1 1.98929E-1 2.11639E-1 2.09852E-1 2.31333E-1 2.90317E-1 3.71754E-1 4.12411E-1 2.99195E-1 3.4108E-1 4.37987E-1 5.09604E-1 5.16397E-1 5.10995E-1 4.70507E-1 3.77448E-1 3.79672E-1 5.13096E-1 4.92895E-1 4.01992E-1 3.2882E-1 3.75376E-1 5.36311E-1 6.71721E-1 6.79159E-1 6.47916E-1 6.18801E-1 5.89182E-1 7.09466E-1 6.45269E-1 6.60836E-1 -9999 -9999 -9999 -9999 -9999 -9999 -9999 -9999 -9999 -9999 -9999 -9999 -9999
1.70113E-1 1.8343E-1 2.7328E-1 4.01296E-1 4.19247E-1 5.23067E-1 5.58634E-1 6.17699E-1 6.24531E-1 6.23704E-1 -9999 -9999 -9999 -9999 -9999 -9999 -9999 -9999 -9999 -9999 -9999 -9999 6.87871E-1 6.56147E-1 5.85202E-1 4.37042E-1 2.92376E-1 2.74395E-1 2.62285E-1 2.5884E-1 2.77841E-1 2.43162E-1 2.24286E-1 2.79525E-1 2.84773E-1 3.59769E-1 3.29765E-1 2.38046E-1 3.16702E-1 4.53348E-1 5.05253E-1 4.45916E-1 3.78451E-1 3.52346E-1 4.57494E-1 5.32953E-1 4.05239E-1 4.34214E-1 4.29542E-1 4.70639E-1 6.02668E-1 6.64962E-1 6.21141E-1 6.28192E-1 6.6958E-1 -9999 6.84017E-1 6.64299E-1 -9999 -9999 -9999 -9999 -9999 -9999 -9999 -9999 -9999 -9999 -9999 -9999 -9999 -9999
1.39301E-1 1.33879E-1 2.29966E-1 3.26472E-1 4.21246E-1 4.74881E-1 5.44811E-1 5.39427E-1 5.94722E-1 6.36868E-1 -9999 -9999 -9999 -9999 -9999 -9999 -9999 -9999 -9999 -9999 -9999 6.7484E-1 6.4529E-1 5.2769E-1 4.21853E-1 4.33883E-1 3.51254E-1 3.37784E-1 2.80892E-1 2.6759E-1 3.10185E-1 2.21356E-1 1.95639E-1 2.52186E-1 2.63437E-1 2.7635E-1 2.56547E-1 2.31225E-1 2.25398E-1 3.46726E-1 4.57379E-1 4.42009E-1 3.17007E-1 3.84572E-1 4.679E-1 5.42216E-1 5.07777E-1 3.48023E-1 4.68328E-1 5.98889E-1 6.05358E-1 5.76451E-1 4.991E-1 5.82803E-1 6.33997E-1 6.77782E-1 -9999 -9999 -9999 -9999 -9999 -9999 -9999 -9999 -9999 -9999 -9999 -9999 -9999 -9999 -9999 -9999
1.13702E-1 1.17757E-1 1.8448E-1 3.18291E-1 3.67581E-1 4.05037E-1 4.74339E-1 5.37395E-1 5.75E-1 6.19055E-1 -9999 -9999 -9999 -9999 -9999 -9999 -9999 -9999 -9999 -9999 -9999 6.83704E-1 5.44935E-1 3.85342E-1 3.32717E-1 4.18901E-1 3.41599E-1 3.71771E-1 2.68393E-1 2.28923E-1 3.0619E-1 2.72384E-1 2.37206E-1 2.73399E-1 2.32485E-1 2.72464E-1 1.9884E-1 1.81754E-1 2.20175E-1 3.54051E-1 3.38103E-1 3.9478E-1 3.7498E-1 3.01931E-1 4.38263E-1 4.4997E-1 4.08005E-1 4.64287E-1 3.93505E-1 5.76682E-1 5.58608E-1 5.17336E-1 4.69132E-1 5.8431E-1 5.98626E-1 6.9692E-1 6.57867E-1 6.49953E-1 -9999 -9999 -9999 -9999 -9999 -9999 -9999 -9999 -9999 -9999 -9999 -9999 -9999 -9999
1.36119E-1 1.22852E-1 1.33415E-1 2.73229E-1 2.97238E-1 3.73309E-1 5.00932E-1 5.04307E-1 5.4392E-1 5.84146E-1 -9999 -9999 -9999 -9999 -9999 -9999 -9999 -9999 -9999 -9999 6.88656E-1 5.52218E-1 3.89903E-1 3.20257E-1 2.4864E-1 2.59255E-1 3.13117E-1 3.43458E-1 2.65978E-1 2.15488E-1 2.18055E-1 3.29385E-1 3.67162E-1 3.26865E-1 3.0571E-1 3.21298E-1 2.36533E-1 2.3154E-1 3.23257E-1 3.18402E-1 2.94751E-1 3.7127E-1 3.3481E-1 4.16711E-1 4.79651E-1 4.83526E-1 3.83243E-1 4.37847E-1 4.50071E-1 4.74659E-1 5.74209E-1 4.97594E-1 5.36493E-1 5.30945E-1 6.18191E-1 6.58176E-1 6.74092E-1 6.65511E-1 6.4599E-1 -9999 -9999 -9999 -9999 -9999 -9999 -9999 -9999 -9999 -9999 -9999 -9999 -9999
1.96652E-1 1.68186E-1 1.12796E-1 1.82333E-1 2.22618E-1 3.21532E-1 4.24753E-1 5.25944E-1 5.53331E-1 5.89438E-1 -9999 -9999 -9999 -9999 -9999 -9999 -9999 -9999 -9999 -9999 7.1274E-1 6.17802E-1 4.32271E-1 4.50605E-1 2.9696E-1 2.5892E-1 2.67779E-1 3.10551E-1 2.68716E-1 2.42341E-1 2.45515E-1 2.57342E-1 3.44185E-1 3.87303E-1 4.24952E-1 3.90369E-1 3.44768E-1 3.7853E-1 3.32839E-1 3.36231E-1 2.91934E-1 2.73243E-1 2.72992E-1 3.35194E-1 4.26148E-1 4.31207E-1 4.64225E-1 5.26547E-1 5.48847E-1 5.78637E-1 6.06216E-1 6.12842E-1 6.17345E-1 6.1619E-1 6.30737E-1 -9999 6.65117E-1 6.75492E-1 6.23445E-1 -9999 -9999 -9999 -9999 -9999 -9999 -9999 -9999 -9999 -9999 -9999 -9999 -9999
2.52661E-1 1.60729E-1 1.34776E-1 1.82074E-1 1.95792E-1 2.62542E-1 4.00248E-1 5.02962E-1 5.20239E-1 5.71991E-1 -9999 -9999 -9999 -9999 -9999 -9999 -9999 -9999 -9999 -9999 6.88718E-1 6.87271E-1 6.14702E-1 4.67594E-1 3.82736E-1 3.56361E-1 2.73726E-1 2.681E-1 2.28195E-1 2.0996E-1 2.97769E-1 2.75703E-1 2.89596E-1 3.05937E-1 3.8777E-1 4.1419E-1 4.08968E-1 4.16174E-1 3.67245E-1 3.6514E-1 3.0615E-1 3.07528E-1 3.26267E-1 3.3639E-1 3.70146E-1 3.31691E-1 4.23994E-1 4.26027E-1 5.15068E-1 5.44135E-1 5.64811E-1 6.12745E-1 6.00545E-1 6.29433E-1 6.5184E-1 6.3511E-1 -9999 -9999 6.0948E-1 -9999 -9999 -9999 -9999 -9999 -9999 -9999 -9999 -9999 -9999 -9999 -9999 -9999
2.26272E-1 2.08578E-1 2.36529E-1 2.25009E-1 2.43499E-1 2.93091E-1 4.08753E-1 5.03155E-1 5.1065E-1 5.64058E-1 -9999 -9999 -9999 -9999 -9999 -9999 -9999 -9999 -9999 -9999 -9999 6.97234E-1 6.16105E-1 5.06761E-1 3.88743E-1 3.5191E-1 3.14605E-1 2.7285E-1 1.74376E-1 2.03095E-1 2.31576E-1 2.49832E-1 2.98716E-1 3.76523E-1 3.79444E-1 3.75413E-1 4.43045E-1 3.9966E-1 4.06235E-1 3.92185E-1 3.31014E-1 3.31687E-1 3.24968E-1 3.28971E-1 3.38381E-1 3.48225E-1 3.44129E-1 3.70841E-1 3.97894E-1 4.7811E-1 5.41628E-1 5.2088E-1 5.26302E-1 6.17871E-1 6.41072E-1 5.85125E-1 6.50478E-1 -9999 -9999 -9999 -9999 -9999 -9999 -9999 -9999 -9999 -9999 -9999 -9999 -9999 -9999 -9999
4.00855E-1 3.67507E-1 2.93333E-1 2.84569E-1 3.28244E-1 3.23034E-1 4.11061E-1 4.53202E-1 4.78794E-1 5.34261E-1 -9999 -9999 -9999 -9999 -9999 -9999 -9999 -9999 -9999 -9999 -9999 6.67402E-1 6.45961E-1 6.09226E-1 5.00384E-1 4.44609E-1 4.68195E-1 3.46496E-1 2.47518E-1 2.14368E-1 1.97272E-1 2.60209E-1 2.81922E-1 2.57753E-1 2.34688E-1 2.93402E-1 3.70184E-1 3.91834E-1 4.19747E-1 4.18205E-1 3.61674E-1 3.51708E-1 3.65847E-1 3.39007E-1 3.54695E-1 3.85813E-1 3.92225E-1 3.51708E-1 4.02077E-1 4.3094E-1 4.30416E-1 5.38744E-1 5.91212E-1 -9999 6.46609E-1 -9999 -9999 -9999 -9999 -9999 -9999 -9999 -9999 -9999 -9999 -9999 -9999 -9999 -9999 -9999 -9999 -9999
5.54474E-1 5.6105E-1 4.00658E-1 4.29847E-1 3.9299E-1 4.32265E-1 4.57255E-1 4.66607E-1 4.97998E-1 5.51982E-1 -9999 -9999 -9999 -9999 -9999 -9999 -9999 -9999 -9999 -9999 -9999 -9999 6.65897E-1 6.72313E-1 6.41326E-1 6.26075E-1 5.55769E-1 4.12629E-1 2.9471E-1 1.78546E-1 1.50556E-1 1.89846E-1 2.16754E-1 2.11307E-1 2.15417E-1 2.8066E-1 3.58941E-1 4.09743E-1 3.87572E-1 4.21646E-1 3.97537E-1 3.95937E-1 3.88871E-1 4.10898E-1 3.77841E-1 4.20498E-1 4.51303E-1 4.49476E-1 4.23425E-1 3.96062E-1 4.06658E-1 4.61062E-1 4.75655E-1 5.89893E-1 -9999 -9999 -9999 -9999 -9999 -9999 -9999 -9999 -9999 -9999 -9999 -9999 -9999 -9999 -9999 -9999 -9999 -9999
5.97524E-1 6.54585E-1 5.41551E-1 5.13706E-1 5.58586E-1 4.83497E-1 4.25555E-1 4.79338E-1 5.51817E-1 5.67678E-1 5.90455E-1 -9999 -9999 -9999 -9999 -9999 -9999 -9999 -9999 -9999 -9999 -9999 -9999 6.62669E-1 6.92087E-1 6.49831E-1 5.44403E-1 4.16158E-1 2.80088E-1 1.82128E-1 1.60358E-1 1.76754E-1 1.97969E-1 3.02658E-1 2.2638E-1 2.68619E-1 3.66698E-1 4.17508E-1 3.27893E-1 3.76084E-1 4.15144E-1 4.20284E-1 4.04441E-1 4.73997E-1 4.24422E-1 5.06578E-1 4.93241E-1 5.08559E-1 4.80057E-1 4.3213E-1 4.66342E-1 4.63418E-1 4.80165E-1 5.76255E-1 6.09955E-1 6.35082E-1 -9999 -9999 -9999 -9999 -9999 -9999 -9999 -9999 -9999 -9999 -9999 -9999 -9999 -9999 -9999 -9999
6.60406E-1 6.84226E-1 6.32118E-1 5.70357E-1 5.60429E-1 5.28697E-1 4.77543E-1 5.35929E-1 5.81692E-1 5.91715E-1 5.94843E-1 -9999 -9999 -9999 -9999 -9999 -9999 -9999 -9999 -9999 -9999 -9999 -9999 -9999 -9999 6.77934E-1 6.66199E-1 5.67158E-1 4.10174E-1 2.59063E-1 2.70372E-1 2.78621E-1 3.36564E-1 3.2176E-1 2.23061E-1 2.76128E-1 2.96099E-1 3.83823E-1 4.2703E-1 4.24379E-1 4.45721E-1 4.20753E-1 4.2799E-1 4.62698E-1 4.73579E-1 4.93659E-1 5.14513E-1 5.07864E-1 4.94995E-1 4.66913E-1 4.60891E-1 4.20606E-1 4.50122E-1 4.99291E-1 5.28669E-1 5.99017E-1 6.53829E-1 6.53201E-1 -9999 -9999 -9999 -9999 -9999 -9999 -9999 -9999 -9999 -9999 -9999 -9999 -9999 -9999
7.24577E-1 7.2745E-1 7.32593E-1 6.85256E-1 6.48577E-1 5.56751E-1 5.56218E-1 5.90705E-1 5.82008E-1 5.9E-1 6.20306E-1 -9999 -9999 -9999 -9999 -9999 -9999 -9999 -9999 -9999 -9999 -9999 -9999 -9999 -9999 -9999 6.72088E-1 6.50114E-1 6.24338E-1 5.10225E-1 5.12774E-1 4.78935E-1 3.82578E-1 3.04716E-1 2.30481E-1 3.07175E-1 2.85937E-1 2.84739E-1 3.57194E-1 3.96436E-1 4.4286E-1 4.4596E-1 4.19795E-1 3.89564E-1 4.16731E-1 4.55454E-1 4.67615E-1 5.05851E-1 5.06509E-1 5.07664E-1 5.19278E-1 4.88164E-1 4.91811E-1 4.96563E-1 4.62388E-1 5.5209E-1 6.3328E-1 6.43315E-1 6.797E-1 -9999 -9999 -9999 -9999 -9999 -9999 -9999 -9999 -9999 -9999 -9999 -9999 -9999
7.6125E-1 7.6695E-1 7.74071E-1 7.17861E-1 6.78226E-1 5.88687E-1 5.58512E-1 5.84671E-1 6.01406E-1 6.16873E-1 -9999 -9999 -9999 -9999 -9999 -9999 -9999 -9999 -9999 -9999 -9999 -9999 -9999 -9999 -9999 -9999 -9999 6.49507E-1 6.22182E-1 5.19712E-1 5.57324E-1 5.44312E-1 3.98855E-1 3.51466E-1 2.78673E-1 3.30958E-1 2.9286E-1 2.24843E-1 1.99684E-1 2.58109E-1 3.9016E-1 3.8332E-1 3.6054E-1 3.44236E-1 3.87113E-1 3.92043E-1 4.17759E-1 4.36205E-1 5.13732E-1 5.22315E-1 5.48041E-1 5.27173E-1 5.66084E-1 5.70813E-1 5.31366E-1 5.36523E-1 5.59645E-1 5.94363E-1 6.39615E-1 7.03622E-1 -9999 -9999 -9999 -9999 -9999 -9999 -9999 -9999 -9999 -9999 -9999 -9999
7.84832E-1 7.88882E-1 7.90519E-1 7.39056E-1 7.21854E-1 6.26619E-1 6.18192E-1 6.26577E-1 6.42644E-1 -9999 -9999 -9999 -9999 -9999 -9999 -9999 -9999 -9999 -9999 -9999 -9999 -9999 -9999 -9999 -9999 -9999 -9999 -9999 6.27572E-1 6.63716E-1 6.12951E-1 5.87036E-1 4.2882E-1 3.68813E-1 3.21695E-1 3.16076E-1 2.4449E-1 2.69411E-1 2.12416E-1 2.74553E-1 3.18816E-1 2.73479E-1 3.32257E-1 3.89692E-1 4.09241E-1 4.03188E-1 3.85116E-1 4.32277E-1 4.61946E-1 5.25657E-1 5.29978E-1 5.58038E-1 5.86921E-1 5.91566E-1 5.5471E-1 5.20618E-1 5.40862E-1 6.24226E-1 6.80272E-1 6.92231E-1 6.92913E-1 -9999 -9999 -9999 -9999 -9999 -9999 -9999 -9999 -9999 -9999 -9999
8.02168E-1 7.97596E-1 7.82734E-1 7.4287E-1 7.44376E-1 6.91409E-1 6.27563E-1 6.20031E-1 6.40173E-1 -9999 -9999 -9999 -9999 -9999 -9999 -9999 -9999 -9999 -9999 -9999 -9999 -9999 -9999 -9999 -9999 -9999 -9999 -9999 6.17744E-1 6.30417E-1 5.79508E-1 6.12664E-1 5.25734E-1 4.27729E-1 3.19947E-1 2.95819E-1 2.85835E-1 2.29299E-1 1.8847E-1 2.13252E-1 2.32395E-1 2.77363E-1 3.60747E-1 3.76404E-1 3.58981E-1 3.69991E-1 3.68828E-1 3.87283E-1 4.41175E-1 4.97935E-1 5.14512E-1 5.49474E-1 5.56391E-1 5.67107E-1 5.46656E-1 5.4409E-1 5.77098E-1 6.61684E-1 6.65891E-1 6.45483E-1 6.40088E-1 6.58275E-1 6.86752E-1 6.87651E-1 -9999 -9999 -9999 7.76053E-1 -9999 -9999 -9999 -9999
8.25408E-1 8.21546E-1 8.09343E-1 7.16513E-1 7.20512E-1 7.0265E-1 6.3004E-1 6.44004E-1 6.5799E-1 -9999 -9999 -9999 -9999 -9999 -9999 -9999 -9999 -9999 -9999 -9999 -9999 -9999 -9999 -9999 -9999 -9999 -9999 -9999 -9999 6.05291E-1 -9999 6.15659E-1 6.14352E-1 4.50363E-1 4.58366E-1 4.4262E-1 3.7858E-1 3.0711E-1 2.86175E-1 2.49368E-1 2.57833E-1 3.42853E-1 3.82954E-1 3.79491E-1 3.47888E-1 3.45196E-1 3.5979E-1 3.74247E-1 4.0819E-1 4.95364E-1 5.24137E-1 5.5822E-1 5.55808E-1 5.73707E-1 5.91867E-1 5.90234E-1 6.12965E-1 6.06091E-1 6.74874E-1 6.73537E-1 6.63976E-1 6.34984E-1 6.82493E-1 6.80213E-1 -9999 -9999 -9999 -9999 -9999 -9999 -9999 -9999
8.42325E-1 8.30746E-1 8.13981E-1 7.50951E-1 7.19275E-1 7.02465E-1 6.85957E-1 6.81956E-1 6.81815E-1 -9999 -9999 -9999 -9999 -9999 -9999 -9999 -9999 -9999 -9999 -9999 -9999 -9999 -9999 -9999 -9999 -9999 -9999 -9999 -9999 -9999 -9999 6.06556E-1 6.08433E-1 5.63004E-1 5.20206E-1 4.70747E-1 4.16688E-1 4.69848E-1 3.79819E-1 3.34193E-1 3.62545E-1 3.97516E-1 4.07372E-1 4.30305E-1 3.89642E-1 4.04819E-1 4.00349E-1 3.59656E-1 3.90698E-1 4.82971E-1 5.26786E-1 5.64772E-1 5.81714E-1 5.9779E-1 6.07808E-1 5.86288E-1 6.02481E-1 6.40098E-1 6.36553E-1 6.68014E-1 7.02657E-1 7.05467E-1 7.44795E-1 -9999 -9999 -9999 -9999 -9999 -9999 -9999 -9999 7.26078E-1
8.44531E-1 8.35653E-1 8.22193E-1 7.70901E-1 7.29124E-1 7.38402E-1 6.96361E-1 6.93673E-1 6.93386E-1 -9999 -9999 -9999 -9999 -9999 -9999 -9999 -9999 -9999 -9999 -9999 -9999 -9999 -9999 -9999 -9999 -9999 -9999 -9999 -9999 -9999 -9999 -9999 5.93994E-1 5.70274E-1 5.43281E-1 5.31398E-1 5.10177E-1 5.33203E-1 4.73462E-1 3.96983E-1 4.09388E-1 3.94997E-1 4.01597E-1 4.05159E-1 3.82228E-1 4.30753E-1 4.8214E-1 4.83187E-1 5.17962E-1 5.03883E-1 5.14951E-1 5.53675E-1 5.84053E-1 5.84607E-1 5.76913E-1 6.07112E-1 6.17172E-1 6.08776E-1 6.23222E-1 6.91419E-1 6.86816E-1 6.41724E-1 6.58474E-1 7.24432E-1 -9999 7.28488E-1 7.37905E-1 -9999 -9999 -9999 -9999 7.36253E-1
8.64245E-1 8.46999E-1 8.37718E-1 8.07189E-1 7.64973E-1 7.20745E-1 7.00209E-1 6.9349E-1 6.83594E-1 -9999 -9999 -9999 -9999 -9999 -9999 -9999 -9999 -9999 -9999 -9999 -9999 -9999 -9999 -9999 -9999 -9999 -9999 -9999 -9999 -9999 -9999 6.22997E-1 6.18325E-1 -9999 -9999 -9999 -9999 5.66629E-1 5.44709E-1 5.01442E-1 4.55316E-1 3.91476E-1 3.58808E-1 3.49361E-1 3.75972E-1 4.72888E-1 5.21055E-1 4.92803E-1 4.51817E-1 4.67275E-1 5.18985E-1 5.63366E-1 5.70335E-1 5.5163E-1 5.462E-1 5.59713E-1 5.83603E-1 6.26956E-1 6.70839E-1 6.99123E-1 6.64232E-1 6.14605E-1 6.4401E-1 7.20815E-1 -9999 -9999 6.72495E-1 6.61538E-1 7.12293E-1 -9999 7.50124E-1 7.1424E-1
8.70393E-1 8.46024E-1 8.50949E-1 8.25983E-1 8.18106E-1 7.78271E-1 7.12353E-1 6.97256E-1 6.97903E-1 -9999 -9999 -9999 -9999 -9999 -9999 -9999 -9999 -9999 -9999 -9999 -9999 -9999 -9999 -9999 -9999 -9999 -9999 -9999 -9999 -9999 -9999 6.18522E-1 6.12019E-1 5.99751E-1 5.45382E-1 5.43715E-1 -9999 -9999 5.47679E-1 5.5811E-1 4.60128E-1 4.102E-1 3.62088E-1 3.46349E-1 3.76773E-1 4.63226E-1 5.16378E-1 5.00257E-1 5.17467E-1 5.5363E-1 5.6578E-1 5.79487E-1 5.5448E-1 5.17449E-1 4.86706E-1 4.74852E-1 4.85125E-1 5.89015E-1 6.41133E-1 6.82487E-1 6.65596E-1 6.82364E-1 6.8856E-1 7.02653E-1 -9999 -9999 7.69799E-1 7.13271E-1 6.83627E-1 -9999 7.72793E-1 7.35079E-1
8.78012E-1 8.7221E-1 8.67479E-1 8.54093E-1 8.3949E-1 8.01133E-1 7.47683E-1 7.21812E-1 7.22651E-1 -9999 -9999 -9999 -9999 -9999 -9999 -9999 -9999 -9999 -9999 -9999 -9999 -9999 -9999 -9999 -9999 -9999 -9999 -9999 -9999 -9999 -9999 -9999 -9999 5.68627E-1 5.09584E-1 5.54102E-1 -9999 -9999 5.69459E-1 5.41835E-1 5.0504E-1 4.12867E-1 4.00866E-1 3.89895E-1 4.16695E-1 4.42965E-1 5.15436E-1 5.45306E-1 5.50739E-1 5.60773E-1 5.38164E-1 5.60495E-1 5.31398E-1 4.89421E-1 4.58111E-1 4.41761E-1 4.79722E-1 5.36266E-1 5.89225E-1 6.20079E-1 6.50458E-1 6.38589E-1 7.01237E-1 7.37377E-1 7.56609E-1 6.96203E-1 7.44487E-1 7.13756E-1 7.05782E-1 7.30209E-1 7.70573E-1 7.75255E-1
8.70171E-1 8.7921E-1 8.69371E-1 8.54498E-1 8.5458E-1 8.29354E-1 7.5836E-1 7.35095E-1 7.06281E-1 -9999 -9999 -9999 -9999 -9999 -9999 -9999 -9999 -9999 -9999 -9999 -9999 -9999 -9999 -9999 -9999 -9999 -9999 -9999 -9999 -9999 -9999 -9999 -9999 6.14178E-1 5.64363E-1 5.83253E-1 -9999 5.8559E-1 5.55691E-1 5.391E-1 4.72283E-1 4.2883E-1 3.81512E-1 3.79787E-1 4.4157E-1 4.59855E-1 5.02367E-1 5.60879E-1 5.62261E-1 5.55983E-1 5.2925E-1 5.56729E-1 5.4243E-1 5.35523E-1 5.36415E-1 5.28773E-1 5.07719E-1 5.54817E-1 5.51697E-1 6.05724E-1 6.65597E-1 6.80831E-1 7.2889E-1 7.1302E-1 7.01283E-1 6.45176E-1 6.23327E-1 6.11111E-1 7.3051E-1 7.41619E-1 -9999 7.74432E-1
8.66458E-1 8.8136E-1 8.76236E-1 8.60199E-1 8.44971E-1 8.3927E-1 8.05962E-1 7.54838E-1 7.10358E-1 -9999 -9999 -9999 -9999 -9999 -9999 -9999 -9999 -9999 -9999 -9999 -9999 -9999 -9999 -9999 -9999 -9999 -9999 -9999 -9999 -9999 -9999 -9999 -9999 -9999 -9999 5.93171E-1 5.9273E-1 6.04532E-1 5.13679E-1 4.45916E-1 4.08415E-1 3.92035E-1 3.86861E-1 4.26268E-1 4.54426E-1 5.07627E-1 5.25908E-1 5.51062E-1 5.73147E-1 5.77778E-1 5.63523E-1 5.5346E-1 5.78611E-1 5.85346E-1 5.88672E-1 5.9595E-1 5.72707E-1 5.81978E-1 5.59363E-1 6.58606E-1 6.80935E-1 6.9138E-1 6.87299E-1 7.05725E-1 7.18846E-1 7.00817E-1 6.14106E-1 6.52374E-1 6.70006E-1 7.46333E-1 -9999 7.72063E-1
8.48101E-1 8.85971E-1 8.73935E-1 8.58867E-1 8.50099E-1 8.2997E-1 8.18598E-1 7.84189E-1 7.22588E-1 -9999 -9999 -9999 -9999 -9999 -9999 -9999 -9999 -9999 -9999 -9999 -9999 -9999 -9999 -9999 -9999 -9999 -9999 -9999 -9999 -9999 -9999 -9999 -9999 -9999 -9999 -9999 5.92601E-1 5.82652E-1 5.24036E-1 4.71883E-1 3.94801E-1 3.69142E-1 3.72333E-1 4.20838E-1 4.70982E-1 5.20176E-1 5.28841E-1 5.64677E-1 5.79382E-1 5.7983E-1 5.60957E-1 5.8475E-1 5.70046E-1 5.84439E-1 5.97418E-1 6.15683E-1 6.19735E-1 6.34039E-1 6.44341E-1 6.75591E-1 6.37972E-1 6.66405E-1 6.70701E-1 7.0622E-1 7.44332E-1 7.19992E-1 6.33737E-1 6.45286E-1 6.04323E-1 7.02516E-1 -9999 -9999
