Artocarpus altilis SDM files/Last interglacial/results (without the bias file)/Artalt_8.asc
ncols         1201
nrows         481
xllcorner     119.99986351115
yllcorner     -15.00013864885
cellsize      0.041666667
NODATA_value  -9999
[rows 256 to 287 of 481, columns 432 to 503 of 1201]
6.13765E-1 5.88392E-1 5.98802E-1 5.85532E-1 5.8101E-1 5.66896E-1 5.44013E-1 5.40925E-1 5.37888E-1 5.25695E-1 5.20447E-1 4.77801E-1 5.21876E-1 4.95502E-1 4.61669E-1 4.55919E-1 4.47589E-1 4.54312E-1 4.17192E-1 4.14944E-1 4.43815E-1 4.07497E-1 4.03745E-1 3.7809E-1 3.82988E-1 3.73848E-1 3.79312E-1 3.69777E-1 3.55642E-1 3.83962E-1 3.37294E-1 3.35733E-1 3.32931E-1 3.27711E-1 3.4068E-1 3.1483E-1 3.14534E-1 3.173E-1 3.11936E-1 2.77579E-1 3.17938E-1 3.04044E-1 2.747E-1 2.84122E-1 3.15727E-1 3.01166E-1 2.83617E-1 2.77797E-1 2.71515E-1 2.83042E-1 3.43382E-1 3.52242E-1 3.30391E-1 3.18765E-1 3.17102E-1 3.16441E-1 3.07549E-1 3.24738E-1 3.29219E-1 3.14757E-1 3.19142E-1 3.42512E-1 3.3832E-1 3.3982E-1 3.4034E-1 3.72239E-1 3.64018E-1 3.43215E-1 3.53022E-1 3.73779E-1 3.7064E-1 3.55049E-1
6.22306E-1 5.61898E-1 6.05523E-1 6.06377E-1 6.08761E-1 5.93558E-1 5.58726E-1 5.13333E-1 4.91618E-1 5.11522E-1 4.9668E-1 4.95435E-1 4.65056E-1 4.50988E-1 4.73097E-1 4.41491E-1 4.43373E-1 4.30476E-1 4.40554E-1 4.24183E-1 4.0426E-1 3.9998E-1 3.94373E-1 3.79509E-1 3.70294E-1 3.78656E-1 3.67875E-1 3.47525E-1 3.40272E-1 3.63896E-1 3.42484E-1 3.38663E-1 3.42436E-1 3.3784E-1 3.36311E-1 3.4876E-1 3.21642E-1 3.30677E-1 3.12042E-1 3.10866E-1 3.24404E-1 3.28568E-1 2.99463E-1 3.0035E-1 3.05238E-1 3.02276E-1 3.10222E-1 3.01214E-1 2.97811E-1 2.8955E-1 3.13344E-1 3.19213E-1 3.11373E-1 3.19886E-1 3.22448E-1 3.23731E-1 3.26302E-1 3.17079E-1 3.20314E-1 3.32587E-1 3.24473E-1 3.20308E-1 3.43369E-1 3.39806E-1 3.33423E-1 3.56699E-1 3.29244E-1 3.26899E-1 3.67379E-1 3.85217E-1 3.83146E-1 3.66721E-1
-9999 5.811E-1 6.26056E-1 6.28098E-1 5.62812E-1 5.20451E-1 4.99083E-1 5.01087E-1 5.20917E-1 5.02513E-1 4.60201E-1 4.82679E-1 4.88302E-1 4.60679E-1 4.84638E-1 4.38116E-1 4.25216E-1 4.25097E-1 4.21472E-1 4.19021E-1 3.84876E-1 4.12989E-1 3.73743E-1 3.75322E-1 3.81708E-1 3.73401E-1 3.60275E-1 3.36895E-1 3.24873E-1 3.44563E-1 3.47932E-1 3.44797E-1 3.21828E-1 3.18539E-1 3.21675E-1 3.36746E-1 3.23959E-1 3.1563E-1 3.05894E-1 2.81869E-1 2.96622E-1 3.25835E-1 3.08404E-1 2.97596E-1 3.0544E-1 2.94148E-1 2.86196E-1 3.03174E-1 2.68285E-1 3.02872E-1 3.06799E-1 3.1648E-1 3.37279E-1 3.24347E-1 3.10076E-1 2.95151E-1 3.23775E-1 3.32224E-1 3.34773E-1 3.32439E-1 3.29049E-1 3.2155E-1 3.50484E-1 3.48815E-1 3.49339E-1 3.52998E-1 3.24476E-1 3.39611E-1 3.86708E-1 3.63096E-1 3.67759E-1 3.55082E-1
-9999 -9999 -9999 5.50315E-1 5.38608E-1 5.26309E-1 5.14947E-1 5.0155E-1 5.18683E-1 5.24108E-1 4.85457E-1 4.79858E-1 4.67524E-1 4.6354E-1 4.36141E-1 4.25184E-1 4.11074E-1 4.37195E-1 4.02273E-1 4.0179E-1 3.89978E-1 3.94903E-1 4.16487E-1 4.05667E-1 3.66845E-1 3.62636E-1 3.60612E-1 3.34913E-1 3.26568E-1 3.26248E-1 3.15546E-1 3.49495E-1 3.34017E-1 3.26343E-1 3.11461E-1 3.27476E-1 3.13112E-1 3.25837E-1 3.01397E-1 2.89514E-1 2.79929E-1 2.96385E-1 3.3224E-1 3.1379E-1 2.9764E-1 2.8191E-1 2.85492E-1 2.79759E-1 2.73989E-1 2.99036E-1 3.13731E-1 3.15113E-1 3.5717E-1 3.22536E-1 3.08625E-1 3.36269E-1 3.27165E-1 2.99892E-1 2.98694E-1 3.29251E-1 3.22397E-1 3.18732E-1 3.28284E-1 3.39972E-1 3.51769E-1 3.36655E-1 3.45675E-1 3.46198E-1 3.7198E-1 3.81842E-1 3.66511E-1 3.63352E-1
-9999 -9999 -9999 5.28221E-1 5.32691E-1 5.27814E-1 5.18713E-1 5.115E-1 5.07549E-1 5.17588E-1 4.54624E-1 4.55335E-1 4.5491E-1 4.45874E-1 4.31968E-1 4.33718E-1 4.19336E-1 4.19375E-1 4.19273E-1 4.08329E-1 4.10225E-1 3.7585E-1 3.76037E-1 3.96226E-1 3.68039E-1 3.48146E-1 3.46575E-1 3.42819E-1 3.38877E-1 3.35255E-1 3.17832E-1 3.31438E-1 3.34774E-1 3.26873E-1 3.26612E-1 3.17883E-1 3.22416E-1 3.08944E-1 3.12978E-1 3.00132E-1 2.76076E-1 2.76807E-1 3.15643E-1 3.03741E-1 3.23715E-1 2.91417E-1 3.0559E-1 3.10823E-1 2.92021E-1 2.84767E-1 3.08982E-1 3.16206E-1 3.09563E-1 3.33135E-1 3.35579E-1 3.27212E-1 3.25984E-1 3.2687E-1 3.23224E-1 3.26008E-1 3.33887E-1 3.30345E-1 3.30907E-1 3.26108E-1 3.47824E-1 3.38487E-1 3.36902E-1 3.35105E-1 3.57773E-1 3.64256E-1 3.71332E-1 3.46834E-1
-9999 -9999 -9999 -9999 -9999 5.37603E-1 5.25859E-1 5.10081E-1 5.00414E-1 4.58367E-1 4.77142E-1 4.70739E-1 4.59134E-1 4.48986E-1 4.50299E-1 4.4266E-1 4.09598E-1 4.08852E-1 3.98992E-1 3.95481E-1 3.91761E-1 4.14959E-1 3.81954E-1 4.08859E-1 3.70621E-1 3.50136E-1 3.51816E-1 3.41085E-1 3.39024E-1 3.454E-1 3.23849E-1 3.1262E-1 3.06183E-1 3.33959E-1 3.26943E-1 3.28171E-1 3.33234E-1 3.2133E-1 3.01243E-1 2.95964E-1 2.91983E-1 2.90868E-1 2.94622E-1 2.88747E-1 3.18158E-1 3.00723E-1 3.14855E-1 3.2561E-1 3.1055E-1 2.81343E-1 2.8385E-1 2.82181E-1 3.15829E-1 3.27396E-1 3.43189E-1 3.32601E-1 3.0508E-1 3.32336E-1 3.3012E-1 3.27266E-1 3.31897E-1 3.42973E-1 3.34996E-1 3.27773E-1 3.77234E-1 3.51022E-1 3.324E-1 3.33683E-1 3.62039E-1 3.61746E-1 3.576E-1 3.50997E-1
-9999 -9999 -9999 -9999 -9999 5.523E-1 5.17235E-1 4.7668E-1 4.67203E-1 4.64627E-1 4.56619E-1 4.6226E-1 4.48117E-1 4.68287E-1 4.3199E-1 4.25772E-1 4.07863E-1 4.10978E-1 4.16408E-1 4.35279E-1 3.99506E-1 4.05121E-1 3.70818E-1 3.6739E-1 3.59113E-1 3.5737E-1 3.56244E-1 3.26708E-1 3.45995E-1 3.52508E-1 3.2744E-1 3.2194E-1 3.08939E-1 3.4548E-1 3.25362E-1 3.09754E-1 3.18202E-1 3.34478E-1 3.0162E-1 3.00081E-1 2.9704E-1 2.99367E-1 2.98726E-1 2.98609E-1 3.1726E-1 3.30467E-1 3.30234E-1 3.10915E-1 3.22115E-1 2.99219E-1 2.97748E-1 2.93133E-1 2.9802E-1 3.02312E-1 3.26676E-1 3.52098E-1 3.3283E-1 3.35861E-1 3.30663E-1 3.38786E-1 3.45987E-1 3.54464E-1 3.37433E-1 3.40572E-1 3.61066E-1 3.42474E-1 3.07256E-1 3.37762E-1 3.45711E-1 3.38369E-1 3.55124E-1 3.44237E-1
-9999 -9999 -9999 -9999 -9999 5.40339E-1 5.16734E-1 4.9831E-1 4.9119E-1 4.75665E-1 4.71418E-1 4.70093E-1 4.60683E-1 4.55687E-1 4.46751E-1 4.19155E-1 4.05506E-1 4.18259E-1 3.96868E-1 4.10025E-1 4.13353E-1 3.83309E-1 3.71449E-1 3.6445E-1 3.4303E-1 3.67582E-1 3.42134E-1 3.44145E-1 3.37441E-1 3.30436E-1 3.33814E-1 3.14535E-1 3.02974E-1 3.52691E-1 3.35359E-1 3.1693E-1 3.22662E-1 3.04145E-1 3.01398E-1 3.11576E-1 3.00908E-1 2.98995E-1 3.02842E-1 3.07554E-1 2.96277E-1 3.27254E-1 3.12222E-1 3.26103E-1 3.2116E-1 3.15832E-1 2.98309E-1 2.87838E-1 2.83506E-1 3.06789E-1 3.3165E-1 3.48268E-1 3.43821E-1 3.34371E-1 3.12471E-1 3.45001E-1 3.58803E-1 3.41369E-1 3.13139E-1 3.51678E-1 3.51044E-1 3.4453E-1 3.15291E-1 3.10377E-1 3.44993E-1 3.45511E-1 3.53578E-1 3.55902E-1
-9999 -9999 -9999 -9999 -9999 -9999 5.48981E-1 5.37802E-1 4.95525E-1 4.96422E-1 4.90523E-1 4.78984E-1 4.75493E-1 4.61705E-1 4.3069E-1 4.16406E-1 4.19516E-1 4.13858E-1 4.09124E-1 4.08621E-1 4.21281E-1 4.01244E-1 4.14551E-1 3.75082E-1 3.73011E-1 3.72897E-1 3.45403E-1 3.4552E-1 3.4364E-1 3.31449E-1 3.55256E-1 3.16882E-1 3.07702E-1 3.37642E-1 3.29474E-1 3.24492E-1 3.32143E-1 3.0387E-1 3.19906E-1 3.11961E-1 3.10619E-1 3.10403E-1 3.10774E-1 3.1529E-1 3.02088E-1 3.01545E-1 3.1479E-1 3.3061E-1 3.33115E-1 3.30985E-1 3.21453E-1 3.1904E-1 3.3319E-1 3.40502E-1 3.6664E-1 3.53107E-1 3.4128E-1 3.15542E-1 3.25756E-1 3.56031E-1 3.57155E-1 3.33167E-1 3.1422E-1 3.44493E-1 3.61245E-1 3.4164E-1 3.16668E-1 3.20561E-1 3.22072E-1 3.61753E-1 3.52213E-1 3.50688E-1
-9999 -9999 -9999 -9999 -9999 -9999 -9999 5.71622E-1 5.25454E-1 5.01393E-1 4.87917E-1 4.86329E-1 4.79422E-1 4.41853E-1 4.43438E-1 4.29395E-1 4.2587E-1 4.24417E-1 4.12768E-1 4.1417E-1 4.05321E-1 3.75988E-1 3.72586E-1 3.74917E-1 3.60552E-1 3.62916E-1 3.54945E-1 3.47994E-1 3.54085E-1 3.43538E-1 3.53191E-1 3.20809E-1 3.16432E-1 3.484E-1 3.3266E-1 3.31766E-1 3.36795E-1 3.19419E-1 3.24564E-1 3.07045E-1 3.21857E-1 3.15327E-1 3.14647E-1 3.18519E-1 3.12737E-1 3.08052E-1 3.1895E-1 3.41014E-1 3.3513E-1 3.32478E-1 3.00961E-1 3.20644E-1 3.57962E-1 3.58161E-1 3.4994E-1 3.48635E-1 3.43122E-1 3.20891E-1 3.47553E-1 3.50427E-1 3.46291E-1 3.20678E-1 3.27602E-1 3.51259E-1 3.66913E-1 3.49055E-1 3.20478E-1 3.21396E-1 3.29805E-1 3.72183E-1 3.5748E-1 3.48558E-1
-9999 -9999 -9999 -9999 -9999 -9999 -9999 5.83747E-1 5.67741E-1 5.47098E-1 5.36887E-1 4.95982E-1 4.93345E-1 4.57981E-1 4.54814E-1 4.45136E-1 4.28E-1 4.29658E-1 4.2597E-1 4.15171E-1 4.07109E-1 4.02262E-1 3.74303E-1 3.77339E-1 3.63077E-1 3.70985E-1 3.69928E-1 3.60694E-1 3.61966E-1 3.50556E-1 3.5195E-1 3.48561E-1 3.26011E-1 3.343E-1 3.40781E-1 3.60797E-1 3.48264E-1 3.24042E-1 3.25067E-1 3.26541E-1 3.27387E-1 3.20478E-1 3.20853E-1 3.19607E-1 3.17395E-1 3.13109E-1 3.27593E-1 3.45148E-1 3.50871E-1 3.3029E-1 2.98484E-1 3.27414E-1 3.49963E-1 3.40897E-1 3.59429E-1 3.5155E-1 3.41565E-1 3.21416E-1 3.36832E-1 3.62347E-1 3.50952E-1 3.30451E-1 3.2782E-1 3.35541E-1 3.66778E-1 3.53202E-1 3.20678E-1 3.33283E-1 3.44061E-1 3.72195E-1 3.80201E-1 3.48339E-1
-9999 -9999 -9999 -9999 -9999 -9999 -9999 -9999 5.98105E-1 5.86262E-1 5.49622E-1 5.39465E-1 5.10083E-1 4.93556E-1 4.94078E-1 4.89696E-1 4.68008E-1 4.39938E-1 4.34716E-1 4.34077E-1 4.5043E-1 4.13046E-1 3.89243E-1 3.85973E-1 3.69792E-1 3.65909E-1 3.68476E-1 3.7203E-1 3.68223E-1 3.67051E-1 3.66848E-1 3.55578E-1 3.56065E-1 3.36145E-1 3.42095E-1 3.64541E-1 3.67865E-1 3.31742E-1 3.47431E-1 3.18876E-1 3.52961E-1 3.24929E-1 3.15603E-1 3.28702E-1 3.21006E-1 3.22408E-1 3.38515E-1 3.59028E-1 3.57406E-1 3.32692E-1 3.19661E-1 3.27708E-1 3.33506E-1 3.2495E-1 3.42011E-1 3.58882E-1 3.44014E-1 3.28905E-1 3.71675E-1 3.80646E-1 3.54923E-1 3.64187E-1 3.30775E-1 3.42407E-1 3.62326E-1 3.40187E-1 3.30187E-1 3.65023E-1 3.64427E-1 3.91434E-1 3.6882E-1 3.53796E-1
-9999 -9999 -9999 -9999 -9999 -9999 -9999 -9999 6.44769E-1 6.22705E-1 5.6795E-1 5.33669E-1 5.09389E-1 5.09224E-1 4.91761E-1 4.85402E-1 4.45355E-1 4.49943E-1 4.38955E-1 4.4379E-1 4.27094E-1 4.324E-1 4.28418E-1 4.11957E-1 4.0974E-1 3.80341E-1 3.70574E-1 4.00553E-1 3.88373E-1 3.94987E-1 3.86222E-1 3.62739E-1 3.62296E-1 3.65185E-1 3.49387E-1 3.69221E-1 3.80318E-1 3.31952E-1 3.46968E-1 3.35704E-1 3.55986E-1 3.33088E-1 3.25436E-1 3.27238E-1 3.51954E-1 3.29711E-1 3.60691E-1 3.65578E-1 3.61692E-1 3.38576E-1 3.10915E-1 3.187E-1 3.23933E-1 3.36479E-1 3.67375E-1 3.78062E-1 3.48042E-1 3.41812E-1 3.69543E-1 3.59906E-1 3.71811E-1 3.83575E-1 3.33613E-1 3.48083E-1 3.46834E-1 3.69282E-1 3.34787E-1 3.93743E-1 3.834E-1 3.76777E-1 3.55638E-1 3.55211E-1
-9999 -9999 -9999 -9999 -9999 -9999 -9999 -9999 6.78878E-1 6.88568E-1 5.87551E-1 5.7805E-1 5.4661E-1 5.06876E-1 5.04584E-1 5.06045E-1 4.8372E-1 4.85173E-1 4.81261E-1 4.73517E-1 4.50393E-1 4.35035E-1 4.3655E-1 4.25133E-1 4.2182E-1 4.21989E-1 3.86308E-1 4.04126E-1 4.04522E-1 3.98729E-1 3.78719E-1 3.69295E-1 3.88789E-1 3.93695E-1 3.60066E-1 3.8333E-1 4.16548E-1 3.76108E-1 3.54449E-1 3.36007E-1 3.6317E-1 3.58349E-1 3.48913E-1 3.32885E-1 3.50245E-1 3.68209E-1 3.96021E-1 3.91001E-1 3.92104E-1 3.57362E-1 3.34133E-1 3.32156E-1 3.30748E-1 3.37536E-1 3.71297E-1 3.81456E-1 3.41555E-1 3.77241E-1 3.86142E-1 3.9131E-1 4.16836E-1 3.84145E-1 3.65137E-1 3.36567E-1 3.53907E-1 3.7004E-1 3.96786E-1 4.00503E-1 3.95766E-1 3.53198E-1 3.6553E-1 3.67947E-1
-9999 -9999 -9999 -9999 -9999 -9999 -9999 -9999 6.91957E-1 6.99161E-1 6.53864E-1 6.13414E-1 5.90211E-1 5.82664E-1 5.76815E-1 5.66138E-1 5.25614E-1 4.93144E-1 5.3699E-1 5.05318E-1 4.71058E-1 4.68569E-1 4.97862E-1 4.68381E-1 4.43907E-1 4.47435E-1 4.25462E-1 4.23908E-1 4.58943E-1 4.22931E-1 4.06881E-1 4.08267E-1 4.35734E-1 4.12103E-1 3.7446E-1 3.8121E-1 4.07466E-1 4.06832E-1 3.57491E-1 4.01957E-1 4.2622E-1 4.03418E-1 3.80064E-1 3.37977E-1 3.73638E-1 4.26391E-1 4.10326E-1 3.91902E-1 3.88975E-1 3.62613E-1 3.42061E-1 3.27861E-1 3.33694E-1 3.36446E-1 3.48662E-1 3.93955E-1 3.65522E-1 4.16378E-1 4.09121E-1 4.35819E-1 4.26905E-1 3.70022E-1 3.67132E-1 3.44662E-1 3.57857E-1 3.68824E-1 4.20398E-1 4.09671E-1 4.02092E-1 3.56631E-1 3.7007E-1 3.67473E-1
-9999 -9999 -9999 -9999 -9999 -9999 -9999 -9999 7.14231E-1 7.27817E-1 6.93714E-1 6.29007E-1 5.90778E-1 5.83379E-1 5.75533E-1 5.2973E-1 5.2708E-1 5.24343E-1 5.57746E-1 5.12674E-1 4.84431E-1 5.12533E-1 4.94037E-1 4.95086E-1 4.95278E-1 4.7436E-1 4.55903E-1 5.03233E-1 4.87149E-1 4.8102E-1 4.51168E-1 4.13078E-1 4.6379E-1 4.5475E-1 4.1492E-1 3.79612E-1 4.08949E-1 4.49448E-1 3.85737E-1 4.29595E-1 4.07864E-1 4.1407E-1 3.77E-1 3.6162E-1 3.99666E-1 4.28992E-1 4.25885E-1 3.96412E-1 3.76239E-1 3.77612E-1 3.93466E-1 3.62303E-1 3.61424E-1 3.636E-1 3.73409E-1 4.18717E-1 3.8803E-1 4.38794E-1 4.35177E-1 4.23333E-1 3.77342E-1 3.61757E-1 3.70347E-1 3.68457E-1 3.72313E-1 4.029E-1 4.19496E-1 4.48077E-1 4.10746E-1 3.61929E-1 3.76863E-1 4.00437E-1
-9999 -9999 -9999 -9999 -9999 -9999 -9999 -9999 -9999 7.34844E-1 7.20302E-1 6.94462E-1 6.65772E-1 6.28709E-1 5.8694E-1 5.80587E-1 5.61027E-1 5.76197E-1 5.92669E-1 5.67965E-1 5.42737E-1 5.46759E-1 5.48284E-1 5.32439E-1 4.9244E-1 4.90577E-1 4.93473E-1 5.32035E-1 5.0091E-1 4.9276E-1 4.83305E-1 4.3397E-1 4.788E-1 5.09233E-1 4.49537E-1 4.00761E-1 4.17729E-1 4.56007E-1 4.22681E-1 4.95776E-1 4.95348E-1 4.40358E-1 3.85334E-1 3.76659E-1 4.25868E-1 4.73579E-1 4.5397E-1 4.52393E-1 4.05698E-1 4.06239E-1 4.35077E-1 4.21465E-1 3.54271E-1 3.57738E-1 3.69752E-1 4.29905E-1 4.65884E-1 4.56015E-1 4.30317E-1 4.07823E-1 3.73004E-1 3.99117E-1 3.69322E-1 3.98648E-1 4.04198E-1 4.51799E-1 4.68409E-1 4.36876E-1 3.91068E-1 3.91149E-1 3.97155E-1 4.39991E-1
-9999 -9999 -9999 -9999 -9999 -9999 -9999 -9999 -9999 7.50174E-1 7.34386E-1 7.14921E-1 6.8909E-1 6.85422E-1 6.53826E-1 6.48077E-1 6.41651E-1 6.29392E-1 6.39968E-1 6.01073E-1 5.60052E-1 5.45439E-1 5.69239E-1 5.56768E-1 5.3289E-1 5.33037E-1 5.53002E-1 5.39835E-1 5.59038E-1 4.98941E-1 5.2519E-1 4.67152E-1 4.84171E-1 5.04461E-1 4.60858E-1 4.30379E-1 4.23198E-1 4.92547E-1 4.88448E-1 5.58474E-1 5.09851E-1 4.43732E-1 4.04378E-1 3.9451E-1 4.89305E-1 4.98846E-1 4.59829E-1 4.48955E-1 4.30402E-1 4.33261E-1 4.27719E-1 3.98585E-1 3.873E-1 3.87033E-1 3.88415E-1 4.09492E-1 4.91867E-1 4.4068E-1 4.94743E-1 4.34384E-1 3.99828E-1 4.18154E-1 3.90218E-1 4.03562E-1 4.31861E-1 4.90685E-1 4.58347E-1 4.63094E-1 4.22133E-1 4.04616E-1 4.31623E-1 4.86094E-1
-9999 -9999 -9999 -9999 -9999 -9999 -9999 -9999 -9999 -9999 7.39555E-1 7.24768E-1 7.08857E-1 7.16677E-1 6.96903E-1 6.80003E-1 6.73459E-1 6.62495E-1 6.58597E-1 6.16351E-1 5.81504E-1 5.80481E-1 5.8878E-1 5.73859E-1 5.58436E-1 5.97644E-1 5.94596E-1 5.91058E-1 5.89821E-1 5.30551E-1 5.08191E-1 5.11465E-1 5.10212E-1 5.62374E-1 5.10791E-1 4.62381E-1 4.45797E-1 5.04235E-1 5.69765E-1 5.60763E-1 5.04535E-1 4.40061E-1 4.16199E-1 4.24207E-1 5.12154E-1 5.00404E-1 4.92638E-1 4.80733E-1 4.30585E-1 4.15271E-1 4.41028E-1 4.38638E-1 4.3119E-1 3.85747E-1 3.77441E-1 4.05977E-1 4.86136E-1 5.43795E-1 5.2843E-1 4.16715E-1 4.03632E-1 4.52222E-1 4.21816E-1 4.36225E-1 5.05175E-1 5.20124E-1 5.07503E-1 4.6084E-1 4.189E-1 4.20482E-1 4.54112E-1 5.11266E-1
-9999 -9999 -9999 -9999 -9999 -9999 -9999 -9999 -9999 -9999 -9999 7.35642E-1 7.29576E-1 7.24501E-1 7.20051E-1 6.95137E-1 6.80226E-1 6.49362E-1 6.43289E-1 6.52638E-1 6.56126E-1 6.61812E-1 6.37237E-1 6.28746E-1 6.39514E-1 6.31128E-1 6.03061E-1 6.01398E-1 5.97836E-1 5.74076E-1 5.55094E-1 5.21361E-1 5.72366E-1 5.91821E-1 5.1603E-1 4.86641E-1 5.14489E-1 5.82514E-1 5.54639E-1 5.44071E-1 4.96376E-1 4.2748E-1 4.56851E-1 5.09084E-1 5.60321E-1 5.17805E-1 5.43531E-1 5.10245E-1 4.88166E-1 4.47175E-1 4.75821E-1 5.1079E-1 4.65892E-1 4.37391E-1 4.25194E-1 4.3548E-1 5.1585E-1 5.58252E-1 5.0783E-1 4.19168E-1 4.35856E-1 4.63181E-1 4.60529E-1 5.38333E-1 5.60204E-1 5.58207E-1 4.84449E-1 4.4973E-1 4.70793E-1 4.3016E-1 4.88508E-1 5.60305E-1
-9999 -9999 -9999 -9999 -9999 -9999 -9999 -9999 -9999 -9999 -9999 -9999 7.36587E-1 7.14038E-1 7.0385E-1 6.99499E-1 7.09215E-1 6.85726E-1 6.97154E-1 6.80451E-1 6.68798E-1 6.67499E-1 6.58088E-1 6.53732E-1 6.38518E-1 6.34116E-1 6.26664E-1 6.3404E-1 6.16973E-1 5.74646E-1 5.29303E-1 5.32948E-1 6.24355E-1 5.82375E-1 5.18627E-1 5.67795E-1 6.09367E-1 5.75254E-1 5.35097E-1 5.58088E-1 4.8239E-1 4.57134E-1 5.17641E-1 5.68587E-1 5.57947E-1 5.67963E-1 5.51226E-1 5.46477E-1 5.21399E-1 4.95502E-1 4.72392E-1 5.19974E-1 4.87721E-1 4.96896E-1 4.39698E-1 4.50479E-1 5.14174E-1 5.5673E-1 4.96179E-1 4.47233E-1 4.63276E-1 5.47917E-1 5.78271E-1 5.49131E-1 5.44835E-1 5.47167E-1 4.86002E-1 4.53301E-1 4.73535E-1 4.60753E-1 5.25673E-1 5.83333E-1
-9999 -9999 -9999 -9999 -9999 -9999 -9999 -9999 -9999 -9999 -9999 -9999 -9999 7.26425E-1 7.07346E-1 7.0876E-1 6.95869E-1 7.04425E-1 6.96321E-1 6.95101E-1 6.87736E-1 6.72201E-1 6.5391E-1 6.63138E-1 6.47315E-1 6.37033E-1 6.46282E-1 6.27345E-1 6.06242E-1 6.14227E-1 5.9992E-1 6.18433E-1 6.28934E-1 6.16294E-1 5.9393E-1 6.13113E-1 5.95156E-1 5.36792E-1 5.54233E-1 5.54419E-1 4.92645E-1 5.47893E-1 5.83016E-1 5.42673E-1 5.4855E-1 5.67186E-1 5.55611E-1 5.56815E-1 5.51263E-1 5.21427E-1 5.24258E-1 5.05921E-1 5.51644E-1 5.52831E-1 4.63038E-1 4.5464E-1 5.26581E-1 5.71587E-1 5.40482E-1 5.41133E-1 5.92185E-1 5.48808E-1 5.21277E-1 5.39651E-1 5.45083E-1 5.15005E-1 4.98101E-1 5.02819E-1 5.47967E-1 5.48444E-1 5.95271E-1 5.53101E-1
-9999 -9999 -9999 -9999 -9999 -9999 -9999 -9999 -9999 -9999 -9999 -9999 -9999 -9999 7.16333E-1 7.16022E-1 7.11851E-1 7.03556E-1 7.06542E-1 6.81169E-1 6.79768E-1 6.64808E-1 6.47597E-1 6.47397E-1 6.45968E-1 6.53013E-1 6.54645E-1 6.25117E-1 6.23674E-1 6.11187E-1 6.33412E-1 6.38745E-1 6.36373E-1 6.09321E-1 5.77164E-1 6.01263E-1 5.41282E-1 5.51164E-1 5.69748E-1 5.79326E-1 5.81323E-1 5.86803E-1 5.48634E-1 5.24084E-1 5.38417E-1 5.67168E-1 5.72318E-1 5.78988E-1 5.53817E-1 5.51931E-1 5.1171E-1 5.43988E-1 5.54632E-1 5.51115E-1 5.31295E-1 4.9064E-1 5.8E-1 5.78323E-1 5.44533E-1 5.53276E-1 5.28942E-1 5.57688E-1 5.28499E-1 5.54627E-1 5.2214E-1 5.31372E-1 5.04596E-1 5.08775E-1 5.22391E-1 5.96694E-1 5.46513E-1 5.15608E-1
-9999 -9999 -9999 -9999 -9999 -9999 -9999 -9999 -9999 -9999 -9999 -9999 -9999 -9999 -9999 7.16357E-1 6.9592E-1 7.05384E-1 6.96076E-1 6.79767E-1 6.81538E-1 6.665E-1 6.58148E-1 6.54311E-1 6.5501E-1 6.53379E-1 6.25842E-1 6.11195E-1 5.90995E-1 6.0555E-1 6.43732E-1 6.47944E-1 6.54552E-1 6.08396E-1 5.87057E-1 5.75381E-1 5.63715E-1 5.91668E-1 6.14882E-1 5.9983E-1 5.82915E-1 5.39002E-1 5.31407E-1 5.22161E-1 5.7951E-1 5.64532E-1 5.62785E-1 5.47672E-1 5.48863E-1 5.68917E-1 5.36475E-1 5.91754E-1 5.34112E-1 5.64981E-1 5.64094E-1 5.12193E-1 5.76483E-1 5.51673E-1 5.14173E-1 5.16145E-1 5.47768E-1 5.72024E-1 5.39213E-1 5.49191E-1 5.347E-1 5.49922E-1 5.72906E-1 5.68391E-1 5.98545E-1 5.70982E-1 5.29537E-1 4.98174E-1
-9999 -9999 -9999 -9999 -9999 -9999 -9999 -9999 -9999 -9999 -9999 -9999 -9999 -9999 7.05845E-1 7.02049E-1 6.6733E-1 6.87504E-1 6.87815E-1 6.75505E-1 6.64338E-1 6.47189E-1 6.56142E-1 6.58924E-1 6.64873E-1 6.4612E-1 6.07985E-1 5.95427E-1 5.94465E-1 6.09674E-1 6.28514E-1 6.48316E-1 6.14831E-1 5.96461E-1 6.06507E-1 5.55755E-1 5.88049E-1 6.07255E-1 5.79242E-1 5.62519E-1 5.35488E-1 5.07733E-1 5.16178E-1 5.2192E-1 5.59348E-1 5.81929E-1 5.73054E-1 5.33865E-1 5.33402E-1 5.4975E-1 5.77723E-1 5.98713E-1 5.59132E-1 5.76536E-1 5.78437E-1 5.85467E-1 5.89749E-1 5.50133E-1 4.96265E-1 5.17124E-1 5.45256E-1 5.76453E-1 5.15907E-1 5.50465E-1 5.82252E-1 5.77767E-1 5.89978E-1 5.90475E-1 6.00282E-1 5.51183E-1 5.06665E-1 4.96189E-1
-9999 -9999 -9999 -9999 -9999 -9999 -9999 -9999 -9999 -9999 -9999 -9999 -9999 -9999 -9999 6.96898E-1 6.92508E-1 6.87686E-1 6.75777E-1 6.69463E-1 6.6969E-1 6.52664E-1 6.56641E-1 6.46999E-1 6.27925E-1 6.12619E-1 5.8122E-1 5.85746E-1 5.9117E-1 6.2266E-1 6.2154E-1 6.50458E-1 6.1384E-1 5.92395E-1 5.809E-1 5.62073E-1 5.62038E-1 5.62688E-1 5.55528E-1 5.16458E-1 4.99584E-1 4.96085E-1 5.25652E-1 5.50591E-1 5.95714E-1 5.91252E-1 5.73998E-1 5.14934E-1 5.01953E-1 5.38829E-1 5.67078E-1 5.85039E-1 5.74516E-1 5.60138E-1 6.02008E-1 5.76167E-1 5.47394E-1 5.06414E-1 4.82722E-1 5.30703E-1 5.45594E-1 5.77393E-1 5.23553E-1 5.54422E-1 5.91125E-1 6.03343E-1 5.8455E-1 5.77924E-1 5.85179E-1 5.46401E-1 5.04359E-1 5.19095E-1
-9999 -9999 -9999 -9999 -9999 -9999 -9999 -9999 -9999 -9999 -9999 -9999 -9999 -9999 6.99211E-1 6.97172E-1 6.82335E-1 6.94815E-1 6.86803E-1 6.58015E-1 6.7378E-1 6.56026E-1 6.53962E-1 6.31221E-1 6.30119E-1 5.9148E-1 5.82999E-1 5.9694E-1 6.07194E-1 6.42044E-1 6.04102E-1 6.44157E-1 5.96248E-1 6.15359E-1 5.84148E-1 5.47394E-1 5.59105E-1 5.37511E-1 5.42332E-1 5.04762E-1 5.13104E-1 5.36058E-1 5.54121E-1 5.48903E-1 5.63747E-1 5.74104E-1 5.67907E-1 5.13797E-1 5.22723E-1 5.40335E-1 5.96683E-1 5.88789E-1 5.77714E-1 5.90404E-1 5.92166E-1 5.46139E-1 5.06225E-1 5.01503E-1 5.15554E-1 5.46464E-1 5.58666E-1 5.4717E-1 5.32607E-1 5.44363E-1 5.66684E-1 5.49065E-1 5.36568E-1 5.60601E-1 5.76271E-1 5.65801E-1 5.10931E-1 5.16034E-1
-9999 -9999 -9999 -9999 -9999 -9999 -9999 -9999 -9999 -9999 -9999 -9999 -9999 7.13604E-1 7.0324E-1 6.97676E-1 6.86316E-1 6.83235E-1 6.80278E-1 6.51124E-1 6.72706E-1 6.59228E-1 6.46438E-1 6.38259E-1 6.04211E-1 5.98659E-1 5.77907E-1 6.17259E-1 6.30291E-1 6.15167E-1 6.1595E-1 6.19142E-1 6.09234E-1 5.97049E-1 5.43415E-1 5.48214E-1 5.59279E-1 5.20581E-1 5.14714E-1 4.9869E-1 5.27234E-1 5.53215E-1 5.51349E-1 5.60666E-1 5.84907E-1 5.85715E-1 5.56465E-1 4.82943E-1 5.313E-1 5.39683E-1 5.86221E-1 6.00368E-1 5.88882E-1 5.73505E-1 5.59613E-1 5.09766E-1 4.97685E-1 4.86381E-1 4.99068E-1 5.49657E-1 5.4677E-1 5.43448E-1 5.21496E-1 5.28305E-1 5.35585E-1 5.15334E-1 5.31916E-1 5.23232E-1 5.65356E-1 5.49698E-1 5.30729E-1 5.0979E-1
-9999 -9999 -9999 -9999 -9999 -9999 -9999 -9999 -9999 -9999 -9999 -9999 -9999 -9999 7.14877E-1 6.86007E-1 6.6983E-1 6.88384E-1 6.86424E-1 6.80317E-1 6.60959E-1 6.72842E-1 6.43211E-1 6.43063E-1 6.25742E-1 5.99825E-1 6.10149E-1 6.26182E-1 6.23779E-1 5.94702E-1 6.13134E-1 6.21388E-1 5.95519E-1 5.53061E-1 5.41205E-1 5.40959E-1 5.32401E-1 5.16199E-1 5.16567E-1 5.22741E-1 5.29944E-1 5.49508E-1 5.75633E-1 5.66634E-1 5.89026E-1 5.7442E-1 5.10814E-1 4.97721E-1 5.2028E-1 5.46427E-1 5.69821E-1 5.87436E-1 5.63068E-1 5.29299E-1 5.05024E-1 4.8762E-1 4.85717E-1 4.68396E-1 4.97254E-1 5.20485E-1 5.30855E-1 5.25309E-1 5.01014E-1 5.2048E-1 5.3472E-1 5.1184E-1 5.1204E-1 5.26065E-1 5.64431E-1 5.52246E-1 5.36675E-1 5.25007E-1
-9999 -9999 -9999 -9999 -9999 -9999 -9999 -9999 -9999 -9999 -9999 -9999 -9999 -9999 -9999 6.90161E-1 6.65623E-1 6.95639E-1 6.86598E-1 6.67182E-1 6.69618E-1 6.38196E-1 6.45539E-1 6.41329E-1 6.24764E-1 6.07125E-1 6.0844E-1 5.93551E-1 6.13594E-1 5.86983E-1 6.09937E-1 6.05924E-1 5.73423E-1 5.43226E-1 5.45509E-1 5.1033E-1 5.12959E-1 5.20651E-1 5.37505E-1 5.33053E-1 5.34285E-1 5.44886E-1 5.58006E-1 5.65514E-1 5.56481E-1 5.20667E-1 4.85582E-1 4.84903E-1 5.23334E-1 5.55495E-1 5.75809E-1 5.73235E-1 5.34887E-1 4.88843E-1 4.73677E-1 4.78819E-1 4.61753E-1 4.696E-1 5.06587E-1 5.27622E-1 5.37137E-1 5.31845E-1 5.07186E-1 5.24142E-1 5.03178E-1 4.93229E-1 4.98726E-1 5.17262E-1 5.56688E-1 5.57425E-1 5.43415E-1 5.43933E-1
-9999 -9999 -9999 -9999 -9999 -9999 -9999 -9999 -9999 -9999 -9999 -9999 7.20646E-1 6.93872E-1 6.95157E-1 6.93802E-1 6.80117E-1 6.76004E-1 6.61408E-1 6.63959E-1 6.49947E-1 6.33211E-1 6.27115E-1 6.16968E-1 6.22963E-1 6.07504E-1 5.87802E-1 6.07168E-1 5.8831E-1 5.80656E-1 5.91872E-1 5.87067E-1 5.63891E-1 5.51652E-1 5.08277E-1 5.26845E-1 5.37564E-1 5.25429E-1 5.55036E-1 5.54434E-1 5.27414E-1 5.31519E-1 5.64499E-1 5.59007E-1 5.59687E-1 4.93871E-1 5.0549E-1 4.82578E-1 5.27722E-1 5.70161E-1 5.55702E-1 5.50077E-1 5.351E-1 4.80014E-1 4.56107E-1 4.81692E-1 4.60832E-1 4.76345E-1 4.9231E-1 4.84616E-1 5.27606E-1 5.33564E-1 5.04451E-1 4.8211E-1 4.96681E-1 4.87366E-1 4.99035E-1 5.0343E-1 5.33037E-1 5.1075E-1 5.17504E-1 5.16897E-1
-9999 -9999 -9999 -9999 -9999 -9999 -9999 -9999 -9999 -9999 -9999 -9999 7.23306E-1 6.97235E-1 7.12697E-1 6.93349E-1 6.8525E-1 6.64443E-1 6.56575E-1 6.46034E-1 6.36815E-1 6.1668E-1 6.15753E-1 6.11507E-1 6.1103E-1 6.13302E-1 5.96989E-1 6.06359E-1 5.90577E-1 5.96839E-1 5.96063E-1 5.94336E-1 5.57767E-1 5.21529E-1 5.15635E-1 5.42637E-1 5.46639E-1 5.51358E-1 5.4181E-1 5.42943E-1 5.02671E-1 5.36287E-1 5.70288E-1 5.65132E-1 5.11413E-1 4.95301E-1 4.85105E-1 4.83896E-1 5.27695E-1 5.54192E-1 5.53969E-1 5.31095E-1 5.2794E-1 4.94067E-1 4.3724E-1 4.65131E-1 4.86042E-1 4.96548E-1 5.10666E-1 4.97676E-1 5.31641E-1 5.35544E-1 4.94575E-1 4.94745E-1 4.9771E-1 4.82512E-1 4.93511E-1 5.03947E-1 5.13936E-1 5.06391E-1 5.00627E-1 5.17175E-1
