Artocarpus altilis SDM files/Last interglacial/results (without the bias file)/Artalt_1.asc
ncols         1201
nrows         481
xllcorner     119.99986351115
yllcorner     -15.00013864885
cellsize      0.041666667
NODATA_value  -9999
[rows 192 to 223 of 481, columns 504 to 575 of 1201]
4.75062E-1 5.00342E-1 5.36676E-1 5.34416E-1 5.92847E-1 6.42075E-1 6.32519E-1 6.48762E-1 6.44202E-1 6.08333E-1 5.88923E-1 6.1779E-1 5.81353E-1 5.66293E-1 5.95163E-1 6.04029E-1 4.00893E-1 3.98804E-1 4.24236E-1 4.61967E-1 4.82367E-1 7.09581E-1 7.82219E-1 7.91998E-1 8.03434E-1 -9999 -9999 -9999 -9999 -9999 -9999 -9999 -9999 -9999 -9999 -9999 -9999 -9999 -9999 -9999 -9999 -9999 -9999 -9999 -9999 -9999 -9999 -9999 -9999 -9999 -9999 -9999 -9999 -9999 -9999 -9999 -9999 -9999 -9999 -9999 -9999 -9999 -9999 -9999 -9999 -9999 -9999 -9999 -9999 -9999 -9999 -9999
4.05996E-1 4.47061E-1 4.93594E-1 5.02315E-1 5.60335E-1 6.25362E-1 6.40541E-1 6.19449E-1 5.6741E-1 5.55145E-1 5.57648E-1 5.46347E-1 5.80168E-1 6.04051E-1 6.45224E-1 6.62101E-1 4.61471E-1 4.60558E-1 4.95148E-1 5.00236E-1 5.20836E-1 5.265E-1 5.22257E-1 7.9909E-1 8.02831E-1 8.17237E-1 8.16785E-1 -9999 -9999 -9999 -9999 -9999 -9999 -9999 -9999 -9999 -9999 -9999 -9999 -9999 -9999 -9999 -9999 -9999 -9999 -9999 -9999 -9999 -9999 -9999 -9999 -9999 -9999 -9999 -9999 -9999 -9999 -9999 -9999 -9999 -9999 -9999 -9999 -9999 -9999 -9999 -9999 -9999 -9999 -9999 -9999 -9999
3.63379E-1 3.72308E-1 4.20071E-1 4.32234E-1 5.01403E-1 5.42353E-1 5.82683E-1 5.37323E-1 5.14021E-1 5.13914E-1 4.80704E-1 4.9801E-1 5.1962E-1 5.74728E-1 5.62875E-1 5.6325E-1 6.28698E-1 6.8916E-1 7.06584E-1 7.00037E-1 7.38894E-1 7.61295E-1 7.80871E-1 7.79638E-1 7.90991E-1 7.92178E-1 7.79528E-1 7.90112E-1 -9999 -9999 -9999 -9999 -9999 -9999 -9999 -9999 -9999 -9999 -9999 -9999 -9999 -9999 -9999 -9999 -9999 -9999 -9999 -9999 -9999 -9999 -9999 -9999 -9999 -9999 -9999 -9999 -9999 -9999 -9999 -9999 -9999 -9999 -9999 -9999 -9999 -9999 -9999 -9999 -9999 -9999 -9999 -9999
2.29469E-1 2.60719E-1 3.00309E-1 3.50972E-1 3.26764E-1 4.16119E-1 4.41274E-1 3.90334E-1 3.86087E-1 3.84944E-1 3.86871E-1 3.87333E-1 3.96287E-1 3.94375E-1 4.2958E-1 4.3084E-1 4.74341E-1 5.67656E-1 5.72357E-1 6.45779E-1 6.92272E-1 7.21012E-1 7.24151E-1 7.30558E-1 7.76225E-1 7.4219E-1 7.54451E-1 7.65178E-1 7.73592E-1 7.64838E-1 7.68709E-1 -9999 -9999 8.30021E-1 -9999 -9999 -9999 -9999 -9999 -9999 -9999 -9999 -9999 -9999 -9999 -9999 -9999 -9999 -9999 -9999 -9999 -9999 -9999 -9999 -9999 -9999 -9999 -9999 -9999 -9999 -9999 -9999 -9999 -9999 -9999 -9999 -9999 -9999 -9999 -9999 -9999 -9999
1.22833E-1 1.73256E-1 2.14694E-1 3.54052E-1 2.98509E-1 2.96836E-1 3.17075E-1 3.00566E-1 3.10961E-1 2.99549E-1 2.80023E-1 2.86076E-1 2.64522E-1 2.48515E-1 2.61002E-1 2.91855E-1 3.61571E-1 4.93493E-1 4.92161E-1 4.72385E-1 5.8341E-1 6.5718E-1 6.29989E-1 5.5565E-1 6.64109E-1 7.0665E-1 6.92901E-1 7.02974E-1 7.57875E-1 7.67698E-1 7.7593E-1 8.05119E-1 8.12069E-1 8.05459E-1 8.32199E-1 -9999 -9999 -9999 -9999 -9999 -9999 -9999 -9999 -9999 -9999 -9999 -9999 -9999 -9999 -9999 -9999 -9999 -9999 -9999 -9999 -9999 -9999 -9999 -9999 -9999 -9999 -9999 -9999 -9999 -9999 -9999 -9999 -9999 -9999 -9999 -9999 -9999
1.90541E-1 1.42163E-1 1.74212E-1 2.25221E-1 1.86816E-1 1.92248E-1 2.8008E-1 4.44413E-1 4.54991E-1 4.34108E-1 2.70949E-1 4.72004E-1 3.54679E-1 2.37038E-1 2.36258E-1 2.4553E-1 3.51933E-1 5.38114E-1 4.58039E-1 4.45332E-1 5.48093E-1 6.16086E-1 6.16744E-1 6.33382E-1 6.25174E-1 6.85205E-1 6.41457E-1 6.39236E-1 7.08401E-1 7.23282E-1 7.62968E-1 7.55437E-1 7.8359E-1 8.02472E-1 8.08393E-1 7.9524E-1 -9999 -9999 -9999 -9999 -9999 -9999 -9999 -9999 -9999 -9999 -9999 -9999 -9999 -9999 -9999 -9999 -9999 9.01455E-1 7.60382E-1 -9999 -9999 -9999 -9999 -9999 -9999 -9999 -9999 -9999 -9999 -9999 -9999 -9999 -9999 -9999 -9999 -9999
2.37188E-1 2.92972E-1 2.65738E-1 1.56465E-1 1.66468E-1 2.22891E-1 1.99277E-1 2.337E-1 3.21239E-1 4.60478E-1 4.296E-1 4.55632E-1 3.31489E-1 3.29791E-1 2.87961E-1 1.82959E-1 3.32849E-1 4.28923E-1 3.06937E-1 3.56687E-1 5.47287E-1 5.65946E-1 6.14389E-1 5.77768E-1 6.00915E-1 5.99435E-1 6.1715E-1 6.7259E-1 6.81987E-1 6.7838E-1 7.60796E-1 7.53066E-1 7.4821E-1 7.82868E-1 7.8868E-1 7.87883E-1 7.75394E-1 7.66051E-1 -9999 -9999 -9999 -9999 -9999 -9999 -9999 -9999 -9999 -9999 -9999 -9999 -9999 -9999 -9999 8.76777E-1 7.54127E-1 7.21588E-1 -9999 -9999 -9999 -9999 -9999 -9999 -9999 -9999 -9999 -9999 -9999 -9999 -9999 -9999 -9999 -9999
2.83677E-1 3.15708E-1 2.81485E-1 2.64058E-1 2.82007E-1 3.02444E-1 3.26303E-1 3.41192E-1 3.53793E-1 5.08125E-1 4.17537E-1 4.97456E-1 3.85898E-1 4.01772E-1 2.89486E-1 1.88618E-1 2.14515E-1 2.55611E-1 3.56465E-1 3.23053E-1 3.51052E-1 4.83491E-1 5.6705E-1 4.78874E-1 4.4704E-1 4.57358E-1 4.93264E-1 6.11017E-1 6.46974E-1 7.13821E-1 7.38979E-1 7.07885E-1 7.45407E-1 7.73512E-1 7.44709E-1 7.30009E-1 7.08078E-1 7.04509E-1 7.31475E-1 7.71953E-1 7.77148E-1 -9999 -9999 -9999 -9999 -9999 -9999 -9999 -9999 -9999 -9999 -9999 -9999 -9999 -9999 8.08116E-1 -9999 -9999 -9999 -9999 -9999 -9999 -9999 -9999 -9999 -9999 -9999 -9999 -9999 -9999 -9999 -9999
2.70293E-1 4.14127E-1 4.40166E-1 4.65815E-1 4.72659E-1 5.22452E-1 5.42285E-1 5.40309E-1 5.20698E-1 5.20356E-1 4.18563E-1 4.53877E-1 4.43198E-1 4.33508E-1 3.10573E-1 3.66152E-1 3.05266E-1 2.17786E-1 2.05917E-1 3.85165E-1 3.72711E-1 4.09299E-1 5.45638E-1 4.02628E-1 2.61457E-1 2.57287E-1 3.15968E-1 4.83109E-1 5.82729E-1 6.59272E-1 6.40906E-1 6.11487E-1 6.62288E-1 6.56618E-1 6.36035E-1 6.22493E-1 5.78804E-1 5.61831E-1 5.61297E-1 5.76524E-1 6.6392E-1 7.1968E-1 7.28014E-1 7.29085E-1 7.67912E-1 -9999 -9999 -9999 -9999 -9999 -9999 -9999 -9999 -9999 -9999 -9999 -9999 -9999 -9999 -9999 8.40769E-1 6.20972E-1 -9999 -9999 -9999 -9999 -9999 -9999 -9999 -9999 -9999 -9999
3.20182E-1 3.28709E-1 3.12751E-1 4.25544E-1 4.83578E-1 5.11541E-1 5.22802E-1 5.30281E-1 5.10608E-1 5.08832E-1 5.16842E-1 5.31385E-1 5.02593E-1 5.04776E-1 4.60014E-1 4.59943E-1 3.71841E-1 3.34816E-1 3.24453E-1 3.13696E-1 2.61215E-1 3.76213E-1 4.63651E-1 3.97612E-1 2.48709E-1 2.04838E-1 2.30231E-1 3.34075E-1 3.98412E-1 3.72504E-1 3.1155E-1 3.94549E-1 3.66566E-1 3.90911E-1 4.43879E-1 3.78579E-1 3.23798E-1 3.45265E-1 4.49812E-1 3.5821E-1 4.54563E-1 5.08196E-1 5.57363E-1 5.5475E-1 6.24956E-1 7.19274E-1 7.10553E-1 6.71222E-1 7.46863E-1 7.82171E-1 7.98281E-1 8.20696E-1 8.26671E-1 -9999 -9999 -9999 -9999 -9999 -9999 6.3023E-1 6.78474E-1 5.49885E-1 6.81363E-1 -9999 -9999 -9999 -9999 -9999 -9999 -9999 -9999 -9999
3.51717E-1 3.22911E-1 3.50449E-1 3.54907E-1 3.9825E-1 4.69591E-1 5.02279E-1 5.0338E-1 4.99219E-1 4.98362E-1 5.02144E-1 4.99019E-1 4.81521E-1 4.88065E-1 4.79421E-1 4.5895E-1 4.29042E-1 4.20319E-1 4.23441E-1 2.75782E-1 4.74055E-1 4.28659E-1 3.9507E-1 2.9048E-1 2.91683E-1 2.7952E-1 3.06655E-1 2.17307E-1 2.71149E-1 2.86603E-1 2.58161E-1 2.67836E-1 3.4204E-1 4.18304E-1 4.83863E-1 4.23955E-1 4.55224E-1 3.65356E-1 4.90526E-1 4.80842E-1 4.72709E-1 4.14001E-1 4.22038E-1 4.0182E-1 3.93226E-1 5.00874E-1 6.62797E-1 6.64079E-1 6.34151E-1 6.26748E-1 7.49516E-1 6.86185E-1 6.91869E-1 7.30229E-1 7.88854E-1 8.37294E-1 -9999 8.8049E-1 7.15853E-1 -9999 7.29105E-1 7.17173E-1 6.96407E-1 -9999 -9999 -9999 -9999 -9999 -9999 -9999 -9999 -9999
3.26288E-1 3.04154E-1 2.75735E-1 2.51569E-1 3.21868E-1 4.77476E-1 4.99083E-1 5.04971E-1 5.00589E-1 4.99079E-1 4.88E-1 5.07744E-1 4.92419E-1 5.0338E-1 4.91932E-1 4.58796E-1 5.01969E-1 4.79902E-1 4.99321E-1 4.92033E-1 4.9728E-1 4.93998E-1 4.27503E-1 4.21032E-1 3.98255E-1 2.71269E-1 4.18049E-1 3.25654E-1 2.88087E-1 2.39688E-1 3.8848E-1 3.61852E-1 2.63833E-1 3.54501E-1 5.80928E-1 5.42794E-1 5.53535E-1 5.381E-1 4.34985E-1 4.5646E-1 3.85415E-1 5.16882E-1 4.0285E-1 5.43887E-1 3.68069E-1 4.0817E-1 6.63136E-1 5.89418E-1 5.02362E-1 4.98329E-1 6.15492E-1 4.76457E-1 5.68017E-1 5.53664E-1 6.79027E-1 7.72368E-1 5.83319E-1 7.97889E-1 5.998E-1 6.83326E-1 6.93331E-1 6.92801E-1 6.87454E-1 -9999 -9999 -9999 -9999 -9999 -9999 -9999 -9999 -9999
2.75016E-1 2.53415E-1 2.54526E-1 2.88768E-1 4.01285E-1 4.54099E-1 4.52478E-1 4.77865E-1 4.85418E-1 4.90181E-1 4.96038E-1 4.96643E-1 5.04963E-1 4.98339E-1 4.9319E-1 4.88719E-1 4.74033E-1 4.9906E-1 4.96092E-1 4.56672E-1 5.22059E-1 4.56476E-1 5.09566E-1 4.77737E-1 4.41268E-1 3.26965E-1 4.92042E-1 3.9638E-1 3.50976E-1 2.75274E-1 3.11511E-1 3.13739E-1 3.32557E-1 3.41939E-1 5.55135E-1 5.6342E-1 5.93106E-1 5.66056E-1 6.16236E-1 5.57155E-1 4.85192E-1 3.6899E-1 4.09711E-1 6.0069E-1 6.0091E-1 5.62675E-1 5.07921E-1 5.3083E-1 4.73462E-1 5.94949E-1 6.6334E-1 5.28693E-1 5.07196E-1 4.72153E-1 3.31834E-1 4.84872E-1 5.26894E-1 5.50488E-1 5.61145E-1 6.56673E-1 6.89436E-1 7.08737E-1 -9999 -9999 -9999 -9999 -9999 -9999 -9999 -9999 -9999 -9999
2.31926E-1 2.24033E-1 2.21009E-1 2.42486E-1 3.62696E-1 3.84632E-1 3.74341E-1 4.73809E-1 4.90295E-1 4.76226E-1 4.73526E-1 4.72321E-1 4.89755E-1 4.87515E-1 4.94242E-1 4.90271E-1 4.7641E-1 4.93371E-1 4.7002E-1 4.23549E-1 4.91131E-1 4.67644E-1 4.98036E-1 4.49816E-1 4.34043E-1 4.71028E-1 5.10362E-1 4.45771E-1 4.77753E-1 5.18901E-1 3.77037E-1 5.8469E-1 6.03942E-1 5.03389E-1 5.68066E-1 5.08538E-1 5.56634E-1 5.84083E-1 6.1121E-1 5.72652E-1 5.10883E-1 5.31655E-1 5.75389E-1 6.05238E-1 6.41536E-1 6.22257E-1 5.1796E-1 4.84577E-1 4.87451E-1 5.55549E-1 5.44611E-1 5.84229E-1 5.69555E-1 4.11526E-1 4.43226E-1 5.07583E-1 5.38588E-1 5.78563E-1 6.57026E-1 6.40923E-1 6.86439E-1 6.97338E-1 -9999 -9999 -9999 -9999 -9999 -9999 -9999 -9999 -9999 -9999
1.9439E-1 2.37731E-1 2.27334E-1 2.77093E-1 3.3509E-1 3.22275E-1 3.9359E-1 4.91562E-1 4.8312E-1 4.61214E-1 4.36199E-1 4.67568E-1 4.78066E-1 5.02517E-1 4.93323E-1 4.75475E-1 4.92425E-1 4.81745E-1 4.57747E-1 4.29183E-1 4.99369E-1 4.9284E-1 4.7675E-1 4.36698E-1 4.58201E-1 4.83172E-1 4.84254E-1 4.7523E-1 4.52027E-1 4.20293E-1 5.10554E-1 4.77215E-1 5.50883E-1 4.84717E-1 5.08015E-1 5.54432E-1 5.02364E-1 5.53565E-1 5.49635E-1 5.26533E-1 5.95074E-1 5.35259E-1 6.26245E-1 6.36607E-1 4.78271E-1 6.84565E-1 6.92159E-1 6.07108E-1 5.23218E-1 5.96285E-1 5.67153E-1 5.93928E-1 5.56346E-1 6.17256E-1 6.29946E-1 6.02612E-1 6.46569E-1 5.25504E-1 8.05832E-1 8.01584E-1 6.60015E-1 7.12482E-1 7.19055E-1 7.28786E-1 7.21337E-1 -9999 -9999 -9999 -9999 -9999 -9999 -9999
2.3417E-1 2.92915E-1 3.12005E-1 2.71354E-1 2.99084E-1 3.59332E-1 4.05919E-1 5.00628E-1 4.82501E-1 4.28805E-1 3.66218E-1 4.61358E-1 5.00945E-1 5.00345E-1 4.80461E-1 4.8838E-1 4.96948E-1 4.85077E-1 4.22085E-1 4.12306E-1 4.79877E-1 4.84435E-1 4.71997E-1 4.1424E-1 4.75391E-1 4.9067E-1 5.24635E-1 4.68973E-1 3.83166E-1 3.59442E-1 4.81773E-1 3.8189E-1 4.97038E-1 4.62013E-1 4.93642E-1 5.52731E-1 5.45775E-1 5.91155E-1 5.93765E-1 5.68903E-1 6.24138E-1 5.85601E-1 6.49987E-1 6.76201E-1 6.89028E-1 7.11784E-1 7.02677E-1 6.74037E-1 7.11884E-1 6.57647E-1 6.22598E-1 4.31977E-1 4.13936E-1 4.32691E-1 4.52441E-1 5.66086E-1 3.24653E-1 4.23671E-1 5.00371E-1 5.23641E-1 5.62286E-1 8.13705E-1 7.7721E-1 6.01183E-1 6.88395E-1 8.96754E-1 -9999 -9999 -9999 -9999 -9999 -9999
2.60793E-1 3.00712E-1 3.6237E-1 2.60238E-1 3.00567E-1 4.05837E-1 4.12916E-1 5.03829E-1 4.92396E-1 4.78228E-1 4.54749E-1 4.96756E-1 5.03697E-1 4.95215E-1 4.81005E-1 4.89923E-1 5.07735E-1 4.6721E-1 4.48071E-1 4.54134E-1 4.94597E-1 5.03282E-1 4.15818E-1 4.89271E-1 5.38895E-1 5.21442E-1 5.17893E-1 4.35768E-1 4.1224E-1 4.20217E-1 4.72841E-1 4.8382E-1 5.35317E-1 4.72772E-1 5.43299E-1 5.85091E-1 5.98681E-1 6.0557E-1 5.98813E-1 5.96961E-1 6.15518E-1 5.72568E-1 6.5236E-1 6.44967E-1 6.64121E-1 7.01969E-1 6.9279E-1 6.84788E-1 6.99367E-1 6.75161E-1 7.07279E-1 7.01853E-1 5.03663E-1 5.17186E-1 5.27224E-1 5.09845E-1 4.35099E-1 4.1338E-1 4.6278E-1 4.90625E-1 5.00633E-1 5.53785E-1 5.63382E-1 5.04194E-1 6.13574E-1 7.99574E-1 6.87368E-1 7.391E-1 -9999 -9999 -9999 -9999
1.40917E-1 2.58474E-1 3.51642E-1 3.71283E-1 4.12887E-1 4.41456E-1 4.36372E-1 4.27073E-1 5.00903E-1 4.79046E-1 4.77302E-1 4.6956E-1 4.835E-1 4.82254E-1 4.92165E-1 4.88754E-1 4.78841E-1 4.76842E-1 4.71178E-1 5.10048E-1 5.14206E-1 5.04321E-1 4.73151E-1 4.83923E-1 5.60285E-1 5.45274E-1 4.8683E-1 4.45717E-1 4.41016E-1 4.75317E-1 4.95904E-1 5.46524E-1 5.05621E-1 5.42881E-1 5.70036E-1 5.49367E-1 5.9878E-1 5.64455E-1 5.58899E-1 5.50568E-1 6.10639E-1 6.02107E-1 6.51714E-1 6.1957E-1 6.53993E-1 7.00669E-1 6.91539E-1 6.77768E-1 6.9225E-1 6.77094E-1 7.07063E-1 7.37037E-1 7.24251E-1 5.60872E-1 5.42652E-1 5.52467E-1 5.43337E-1 5.23434E-1 5.22167E-1 5.28273E-1 5.41052E-1 5.51394E-1 5.59916E-1 5.13681E-1 5.13817E-1 5.38113E-1 5.96604E-1 8.30505E-1 8.58732E-1 7.472E-1 -9999 -9999
1.83818E-1 2.23097E-1 3.17316E-1 4.26535E-1 4.36845E-1 4.42252E-1 4.36278E-1 4.87008E-1 4.90099E-1 4.87569E-1 4.68241E-1 4.65209E-1 4.76112E-1 4.64518E-1 4.7078E-1 4.59862E-1 4.69885E-1 5.02048E-1 5.10695E-1 5.05241E-1 5.09815E-1 5.42153E-1 5.21125E-1 4.87628E-1 5.47164E-1 5.69642E-1 5.1617E-1 4.50804E-1 4.59673E-1 4.69025E-1 5.04282E-1 4.96584E-1 5.54687E-1 5.55843E-1 5.48011E-1 5.53276E-1 5.82174E-1 5.43136E-1 5.62058E-1 5.47547E-1 6.10727E-1 5.98619E-1 6.29312E-1 6.26282E-1 6.5178E-1 6.75474E-1 6.91302E-1 6.83619E-1 6.8974E-1 6.83855E-1 7.06733E-1 7.36593E-1 7.50461E-1 7.62468E-1 7.7451E-1 7.69493E-1 7.57585E-1 5.67103E-1 5.68015E-1 5.60032E-1 5.77403E-1 5.90284E-1 5.79004E-1 5.78087E-1 6.07128E-1 5.51995E-1 5.48797E-1 5.51145E-1 5.95419E-1 6.63397E-1 7.48732E-1 -9999
3.77175E-1 2.0039E-1 2.72141E-1 4.09934E-1 4.67843E-1 4.92456E-1 4.92065E-1 4.76673E-1 4.62607E-1 4.61262E-1 4.65105E-1 4.68214E-1 4.71476E-1 4.59354E-1 4.81555E-1 4.65862E-1 4.90932E-1 5.0843E-1 4.96834E-1 4.88943E-1 5.11912E-1 5.44963E-1 5.41447E-1 5.09201E-1 5.23902E-1 5.47355E-1 5.32107E-1 4.62475E-1 4.78144E-1 5.07448E-1 5.26505E-1 5.26446E-1 5.73524E-1 5.75859E-1 5.64607E-1 5.56676E-1 5.77088E-1 5.43157E-1 5.75233E-1 5.78935E-1 5.98866E-1 5.75097E-1 6.12022E-1 6.02515E-1 6.39388E-1 6.58459E-1 6.75648E-1 6.80752E-1 6.65133E-1 6.67336E-1 7.08128E-1 7.45377E-1 7.52608E-1 7.70552E-1 7.67842E-1 7.64709E-1 7.59994E-1 5.83397E-1 5.89652E-1 5.82472E-1 5.9338E-1 6.12923E-1 6.25145E-1 6.4413E-1 6.35935E-1 6.36096E-1 6.11392E-1 6.16642E-1 8.07566E-1 6.4561E-1 7.05287E-1 -9999
4.84755E-1 3.8302E-1 3.28536E-1 4.00126E-1 4.80729E-1 4.84223E-1 4.7316E-1 4.49325E-1 4.55276E-1 4.43687E-1 4.46974E-1 4.54177E-1 4.64808E-1 4.77908E-1 4.65321E-1 4.77586E-1 4.86968E-1 5.06499E-1 4.82155E-1 4.87209E-1 4.91611E-1 5.23302E-1 5.1171E-1 5.02768E-1 5.1593E-1 5.04715E-1 4.82816E-1 4.66978E-1 4.94483E-1 5.12766E-1 5.66619E-1 5.2549E-1 5.55099E-1 5.81727E-1 5.47235E-1 5.6701E-1 5.70467E-1 5.58887E-1 5.85402E-1 5.76944E-1 5.96181E-1 5.88538E-1 6.28969E-1 6.48388E-1 6.45616E-1 6.69118E-1 6.6714E-1 6.69435E-1 6.4448E-1 6.68916E-1 7.07322E-1 7.14428E-1 7.61548E-1 7.55252E-1 7.62209E-1 7.57062E-1 7.60541E-1 6.00464E-1 6.05173E-1 6.10977E-1 6.16409E-1 6.22822E-1 6.46552E-1 8.29014E-1 6.48437E-1 8.30498E-1 8.25314E-1 8.29669E-1 8.25847E-1 8.26859E-1 8.30537E-1 7.08435E-1
4.57925E-1 4.36534E-1 4.43652E-1 4.50606E-1 4.5426E-1 4.47636E-1 4.46303E-1 4.40016E-1 4.38936E-1 4.26994E-1 4.37978E-1 4.54899E-1 4.62495E-1 4.67123E-1 4.71729E-1 4.70415E-1 4.76481E-1 4.92507E-1 4.66366E-1 5.09126E-1 4.78733E-1 5.00919E-1 5.14771E-1 5.31843E-1 5.12598E-1 5.04794E-1 4.73851E-1 4.77593E-1 4.90863E-1 5.2646E-1 5.38463E-1 5.36713E-1 5.55075E-1 5.57101E-1 5.64579E-1 5.70011E-1 5.72101E-1 5.62465E-1 5.76206E-1 5.90496E-1 5.92491E-1 6.22045E-1 6.29039E-1 6.47023E-1 6.4597E-1 6.35305E-1 6.45041E-1 6.49841E-1 6.53626E-1 6.88839E-1 7.03922E-1 7.07874E-1 7.36431E-1 7.4355E-1 7.49489E-1 7.51403E-1 7.76518E-1 7.80368E-1 7.87002E-1 7.94628E-1 8.03653E-1 8.06118E-1 8.2163E-1 8.30318E-1 8.36159E-1 8.3978E-1 8.38425E-1 8.42551E-1 8.5415E-1 8.46976E-1 8.45929E-1 8.49963E-1
4.40838E-1 4.62164E-1 4.39451E-1 4.23104E-1 4.40127E-1 4.31971E-1 4.30074E-1 4.13491E-1 4.25726E-1 4.235E-1 4.36436E-1 4.58988E-1 4.48412E-1 4.62077E-1 4.58075E-1 4.77976E-1 4.81933E-1 4.96091E-1 4.81948E-1 5.1801E-1 4.90035E-1 5.11439E-1 5.29799E-1 5.27968E-1 5.11018E-1 4.83384E-1 4.75087E-1 4.73321E-1 5.01816E-1 5.35265E-1 5.32191E-1 5.28E-1 5.499E-1 5.68106E-1 5.80152E-1 5.77668E-1 5.78932E-1 5.82906E-1 5.73377E-1 5.98651E-1 5.82045E-1 5.81621E-1 6.04615E-1 6.2912E-1 6.22665E-1 6.02429E-1 6.25606E-1 6.47659E-1 6.61208E-1 6.80103E-1 6.97861E-1 7.07717E-1 7.2182E-1 7.42365E-1 7.31453E-1 7.48339E-1 7.70386E-1 7.7077E-1 7.77321E-1 7.90957E-1 8.071E-1 8.12122E-1 8.19871E-1 8.24163E-1 8.31017E-1 8.31796E-1 8.2242E-1 8.29358E-1 8.34995E-1 8.46543E-1 8.57923E-1 8.68867E-1
4.28621E-1 4.46165E-1 4.36299E-1 4.28284E-1 4.27812E-1 4.21508E-1 3.89046E-1 3.85287E-1 3.97963E-1 4.09951E-1 4.28471E-1 4.43068E-1 4.40733E-1 4.27669E-1 4.16312E-1 4.65358E-1 4.66105E-1 4.9923E-1 5.01126E-1 5.17431E-1 5.14109E-1 5.23117E-1 5.16997E-1 5.45062E-1 5.12078E-1 4.90021E-1 4.82983E-1 4.75654E-1 5.19663E-1 5.22566E-1 5.43472E-1 5.03551E-1 5.24013E-1 5.49886E-1 5.46487E-1 5.4034E-1 5.457E-1 5.83679E-1 5.92589E-1 5.69597E-1 5.44169E-1 5.51679E-1 5.83382E-1 6.12804E-1 6.18273E-1 6.38424E-1 6.60818E-1 6.5592E-1 6.63529E-1 6.75798E-1 6.88561E-1 7.09783E-1 7.16873E-1 7.35221E-1 7.40771E-1 7.68011E-1 7.83936E-1 7.78198E-1 7.87017E-1 8.00089E-1 8.08246E-1 8.18064E-1 8.13247E-1 8.09588E-1 8.23833E-1 8.29881E-1 8.21052E-1 8.3434E-1 8.25052E-1 8.45487E-1 8.42193E-1 8.58787E-1
4.19781E-1 4.43486E-1 4.21505E-1 4.01956E-1 4.01976E-1 3.86267E-1 3.38223E-1 3.13607E-1 3.53032E-1 4.14088E-1 4.25628E-1 4.16644E-1 3.9855E-1 4.15127E-1 3.94239E-1 3.85931E-1 4.11556E-1 5.11502E-1 5.18131E-1 5.22096E-1 5.22702E-1 5.34374E-1 5.14282E-1 5.48039E-1 5.23899E-1 5.09867E-1 5.13117E-1 5.17307E-1 5.27419E-1 5.33308E-1 5.50435E-1 5.3622E-1 5.41371E-1 5.56265E-1 5.67602E-1 5.63807E-1 5.6233E-1 5.78762E-1 5.89022E-1 5.68188E-1 5.35931E-1 5.60824E-1 5.78976E-1 6.26034E-1 6.16032E-1 6.55824E-1 6.60646E-1 6.71467E-1 6.64225E-1 6.93429E-1 6.91508E-1 6.98801E-1 7.15206E-1 7.28873E-1 7.44282E-1 7.66699E-1 7.79089E-1 7.6995E-1 7.93694E-1 7.92457E-1 7.94087E-1 8.06772E-1 8.14607E-1 8.01792E-1 8.11769E-1 8.3559E-1 8.29877E-1 8.44297E-1 8.52755E-1 8.34407E-1 8.45263E-1 8.56621E-1
4.60997E-1 4.62137E-1 4.18934E-1 4.10884E-1 4.12717E-1 3.69604E-1 2.82715E-1 2.80007E-1 3.56358E-1 4.29522E-1 3.96749E-1 3.97406E-1 3.7693E-1 3.50784E-1 3.02029E-1 3.2527E-1 3.70601E-1 5.59301E-1 5.59111E-1 5.46578E-1 5.37173E-1 5.36672E-1 5.35656E-1 5.56317E-1 5.51173E-1 5.36493E-1 5.44293E-1 5.4296E-1 5.48258E-1 5.50304E-1 5.60553E-1 5.61886E-1 5.56184E-1 5.69524E-1 5.80923E-1 5.91024E-1 5.82577E-1 5.82342E-1 6.01182E-1 5.88362E-1 5.59392E-1 5.7514E-1 5.96583E-1 6.36649E-1 6.34956E-1 6.50634E-1 6.63232E-1 6.69509E-1 6.64239E-1 6.85471E-1 6.84832E-1 6.8723E-1 7.03005E-1 7.29784E-1 7.28435E-1 7.69381E-1 7.60196E-1 7.66896E-1 7.89792E-1 7.80664E-1 7.73553E-1 7.77986E-1 7.87178E-1 8.16469E-1 8.09017E-1 8.21464E-1 8.35386E-1 8.4967E-1 8.41958E-1 8.45314E-1 8.52014E-1 8.59016E-1
4.81508E-1 4.46729E-1 4.1684E-1 4.07442E-1 3.86854E-1 3.68641E-1 2.9397E-1 2.94001E-1 3.22797E-1 3.41587E-1 3.44135E-1 3.12825E-1 3.4076E-1 3.63956E-1 3.10672E-1 3.30029E-1 4.66635E-1 5.77602E-1 5.94947E-1 5.63593E-1 5.58072E-1 5.54724E-1 5.5248E-1 5.50558E-1 5.39299E-1 5.568E-1 5.69156E-1 5.68958E-1 5.70274E-1 5.65217E-1 5.68882E-1 5.96815E-1 5.67196E-1 5.91588E-1 5.96206E-1 6.04625E-1 5.97552E-1 6.07402E-1 6.19537E-1 6.05655E-1 5.88756E-1 5.89951E-1 6.0381E-1 6.33869E-1 6.33503E-1 6.5126E-1 6.77371E-1 6.78427E-1 6.78747E-1 6.86427E-1 6.73614E-1 6.94784E-1 7.07257E-1 7.26147E-1 7.24924E-1 7.56714E-1 7.64116E-1 7.86712E-1 7.72864E-1 7.79178E-1 7.71518E-1 7.66682E-1 7.72292E-1 8.28403E-1 8.24025E-1 8.26556E-1 8.33267E-1 8.39542E-1 8.3901E-1 8.51148E-1 8.42625E-1 8.4367E-1
4.70078E-1 4.31952E-1 4.12324E-1 3.87764E-1 3.70091E-1 3.74475E-1 3.45083E-1 2.40262E-1 2.4543E-1 2.01377E-1 2.27041E-1 2.50918E-1 2.45264E-1 3.84986E-1 4.42164E-1 6.07931E-1 6.11859E-1 5.71876E-1 5.81252E-1 5.72415E-1 5.65406E-1 5.61911E-1 5.63756E-1 5.64816E-1 5.5708E-1 5.76859E-1 6.04015E-1 5.93609E-1 5.98907E-1 5.85112E-1 5.72325E-1 6.04951E-1 5.99642E-1 6.0869E-1 6.12433E-1 6.14364E-1 6.2643E-1 6.27874E-1 6.28334E-1 6.2802E-1 5.71602E-1 5.78042E-1 6.23975E-1 6.43876E-1 6.41435E-1 6.66001E-1 6.60315E-1 6.66559E-1 6.63906E-1 6.67311E-1 6.92333E-1 6.88464E-1 7.14973E-1 7.26384E-1 7.27623E-1 7.63384E-1 7.70041E-1 7.82383E-1 7.77199E-1 7.67425E-1 7.51266E-1 7.72097E-1 7.99279E-1 8.1467E-1 8.18746E-1 8.19209E-1 8.32095E-1 8.31339E-1 8.42615E-1 8.35131E-1 8.23711E-1 8.24551E-1
4.49941E-1 4.24032E-1 4.06944E-1 3.65447E-1 3.62102E-1 3.48003E-1 3.41041E-1 2.46903E-1 2.26248E-1 1.20127E-1 1.21648E-1 3.05478E-1 3.16309E-1 3.97459E-1 4.07572E-1 6.03577E-1 6.06125E-1 5.52869E-1 5.76114E-1 5.70009E-1 5.84451E-1 5.7774E-1 5.83618E-1 5.74915E-1 5.91976E-1 6.01708E-1 6.05283E-1 5.97201E-1 6.06639E-1 5.97086E-1 5.91269E-1 6.31871E-1 6.45581E-1 6.25264E-1 6.47326E-1 6.41738E-1 6.43134E-1 6.3873E-1 6.42966E-1 6.18306E-1 5.35944E-1 5.19992E-1 6.26657E-1 6.44044E-1 6.41532E-1 6.33106E-1 6.35991E-1 6.56298E-1 6.80822E-1 6.85363E-1 6.82165E-1 6.98686E-1 7.07128E-1 7.26027E-1 7.33262E-1 7.45539E-1 7.803E-1 7.71195E-1 7.64545E-1 7.73874E-1 7.48986E-1 7.89145E-1 8.16547E-1 8.02752E-1 7.81017E-1 8.02543E-1 8.13082E-1 8.17335E-1 7.97387E-1 7.93769E-1 8.04256E-1 8.14525E-1
4.45315E-1 4.19037E-1 3.99467E-1 3.2959E-1 3.19403E-1 2.67226E-1 3.55484E-1 2.85597E-1 2.12382E-1 1.36628E-1 1.60279E-1 2.48105E-1 4.01868E-1 3.90871E-1 6.20867E-1 5.991E-1 5.72562E-1 5.45877E-1 5.7487E-1 5.79741E-1 6.07819E-1 6.24433E-1 6.12065E-1 6.06752E-1 6.23609E-1 6.41887E-1 6.36569E-1 6.31682E-1 6.43475E-1 6.22613E-1 6.23562E-1 6.4334E-1 6.54068E-1 6.47448E-1 6.47266E-1 6.37634E-1 6.27423E-1 6.24172E-1 6.18274E-1 6.15142E-1 5.79876E-1 5.70155E-1 6.0805E-1 6.01873E-1 6.72302E-1 5.96892E-1 5.97795E-1 6.39758E-1 6.61863E-1 6.96564E-1 7.02608E-1 6.99498E-1 7.15328E-1 7.25794E-1 7.10131E-1 7.47818E-1 7.46641E-1 7.45218E-1 7.63213E-1 7.77694E-1 7.70342E-1 7.73263E-1 8.02658E-1 7.97367E-1 7.82582E-1 7.9968E-1 7.9588E-1 7.87291E-1 7.83578E-1 7.83085E-1 7.78284E-1 7.80413E-1
4.40553E-1 4.20177E-1 3.85872E-1 2.52183E-1 2.15377E-1 2.29234E-1 3.72713E-1 2.89288E-1 2.55936E-1 2.08335E-1 3.10418E-1 3.89495E-1 5.3017E-1 5.74583E-1 6.02146E-1 6.04303E-1 5.61133E-1 5.15384E-1 5.94099E-1 6.07512E-1 6.30848E-1 6.42417E-1 6.24496E-1 6.40512E-1 6.50604E-1 6.59136E-1 6.49647E-1 6.45835E-1 6.54219E-1 6.35694E-1 6.28198E-1 6.4701E-1 6.48264E-1 6.30505E-1 6.38144E-1 6.22165E-1 6.18868E-1 6.2892E-1 6.28057E-1 6.11042E-1 6.60821E-1 6.24038E-1 5.83212E-1 6.77404E-1 6.69877E-1 6.12416E-1 6.17035E-1 6.78609E-1 7.09772E-1 7.31796E-1 7.11767E-1 7.15528E-1 7.14833E-1 7.2853E-1 7.30266E-1 7.48377E-1 7.53775E-1 7.4511E-1 7.49429E-1 7.64486E-1 7.565E-1 7.71331E-1 7.72359E-1 7.77615E-1 7.82538E-1 7.61718E-1 7.68987E-1 7.72748E-1 7.61026E-1 7.68238E-1 7.60883E-1 7.83403E-1
4.45735E-1 4.23492E-1 3.82868E-1 2.27462E-1 2.1152E-1 1.74907E-1 3.38788E-1 2.6623E-1 2.71741E-1 2.49486E-1 3.88081E-1 4.1365E-1 5.10393E-1 6.1667E-1 6.10579E-1 6.27506E-1 5.58218E-1 4.51541E-1 6.34077E-1 6.47778E-1 6.67409E-1 6.66518E-1 6.44844E-1 6.57228E-1 6.59517E-1 6.58108E-1 6.54578E-1 6.55052E-1 6.50952E-1 6.43624E-1 6.37119E-1 6.47852E-1 6.58621E-1 6.47257E-1 6.23497E-1 6.2866E-1 6.2908E-1 6.4075E-1 6.41885E-1 6.43209E-1 6.44624E-1 6.30467E-1 6.61511E-1 6.47752E-1 6.26368E-1 6.0163E-1 6.04353E-1 6.73755E-1 7.12084E-1 7.37858E-1 7.14157E-1 6.75079E-1 7.22884E-1 7.37571E-1 7.30443E-1 7.41077E-1 7.47472E-1 7.43908E-1 7.48608E-1 7.43863E-1 7.54277E-1 7.36165E-1 7.6092E-1 7.62308E-1 7.51787E-1 7.37531E-1 7.39541E-1 7.56577E-1 7.50222E-1 7.62651E-1 7.64806E-1 7.66705E-1
