Artocarpus altilis SDM files/Last interglacial/results (without the bias file)/Artalt_9.asc
ncols         1201
nrows         481
xllcorner     119.99986351115
yllcorner     -15.00013864885
cellsize      0.041666667
NODATA_value  -9999
[rows 448 to 479 of 481, columns 504 to 575 of 1201]
-9999 -9999 -9999 -9999 -9999 -9999 -9999 -9999 -9999 -9999 -9999 -9999 1.78029E-2 1.53092E-2 1.32702E-2 1.21656E-2 1.15367E-2 1.11849E-2 1.02087E-2 1.04098E-2 9.83946E-3 8.72671E-3 8.78995E-3 9.04316E-3 1.09088E-2 1.08605E-2 1.13833E-2 9.99517E-3 9.15744E-3 9.16601E-3 8.77108E-3 8.60429E-3 8.9007E-3 9.34011E-3 9.14386E-3 8.70872E-3 8.33069E-3 1.04894E-2 1.04049E-2 1.07262E-2 1.2225E-2 1.18789E-2 1.19032E-2 9.9534E-3 8.55451E-3 9.317E-3 9.15355E-3 1.17298E-2 1.29017E-2 1.44339E-2 1.49157E-2 1.42994E-2 1.59637E-2 1.47666E-2 1.21932E-2 1.21652E-2 1.40833E-2 2.21444E-2 2.08679E-2 3.36674E-2 3.8749E-2 4.09895E-2 -9999 -9999 -9999 -9999 -9999 -9999 -9999 -9999 -9999 -9999
-9999 -9999 -9999 -9999 -9999 -9999 -9999 -9999 -9999 -9999 -9999 -9999 1.71046E-2 1.52151E-2 1.36469E-2 1.21097E-2 1.08261E-2 1.03745E-2 9.9418E-3 9.71668E-3 9.6245E-3 1.00867E-2 1.01408E-2 9.98564E-3 1.03682E-2 1.14979E-2 1.03506E-2 9.0363E-3 8.4876E-3 8.02929E-3 8.42655E-3 9.555E-3 1.0102E-2 1.03321E-2 9.56261E-3 8.58816E-3 7.50617E-3 8.90417E-3 1.04303E-2 1.00131E-2 9.58774E-3 9.94025E-3 1.03813E-2 1.05066E-2 8.81842E-3 9.27118E-3 1.09619E-2 1.18588E-2 1.2523E-2 1.27414E-2 1.2733E-2 1.34818E-2 1.41512E-2 1.43584E-2 1.43568E-2 1.32523E-2 1.29783E-2 1.65725E-2 2.24931E-2 3.25339E-2 3.45029E-2 3.70129E-2 -9999 -9999 -9999 -9999 -9999 -9999 -9999 -9999 -9999 -9999
-9999 -9999 -9999 -9999 -9999 -9999 -9999 -9999 -9999 -9999 -9999 1.78822E-2 1.67296E-2 1.45429E-2 1.29989E-2 1.23259E-2 1.09757E-2 9.79355E-3 8.66231E-3 8.21842E-3 8.42719E-3 9.32595E-3 9.78073E-3 1.00817E-2 9.69141E-3 8.75993E-3 8.5153E-3 8.6225E-3 8.67201E-3 9.29299E-3 9.79192E-3 1.03062E-2 8.801E-3 8.43349E-3 9.13316E-3 9.55318E-3 8.69005E-3 1.01556E-2 1.05203E-2 9.61888E-3 8.5672E-3 8.65642E-3 1.06124E-2 9.76487E-3 1.01869E-2 1.19445E-2 1.1398E-2 1.14886E-2 1.14374E-2 1.23367E-2 1.1882E-2 1.2637E-2 1.27737E-2 1.1604E-2 1.15522E-2 9.5501E-3 1.08893E-2 1.3484E-2 1.87712E-2 2.88211E-2 3.2682E-2 -9999 -9999 -9999 -9999 -9999 -9999 -9999 -9999 -9999 -9999 -9999
-9999 -9999 -9999 -9999 -9999 -9999 -9999 -9999 -9999 -9999 -9999 1.78608E-2 1.71701E-2 1.47549E-2 1.3647E-2 1.25748E-2 1.05612E-2 9.90748E-3 8.36983E-3 8.2972E-3 7.84984E-3 7.772E-3 7.62763E-3 7.57452E-3 7.28618E-3 6.68521E-3 6.73822E-3 7.79528E-3 7.49009E-3 7.79059E-3 8.17124E-3 8.47712E-3 9.64235E-3 9.4684E-3 9.47261E-3 9.26329E-3 9.07295E-3 9.98173E-3 9.82347E-3 9.75512E-3 8.68918E-3 8.36286E-3 1.06105E-2 1.07749E-2 1.07822E-2 1.03961E-2 9.34821E-3 9.86398E-3 1.05482E-2 1.11673E-2 1.13363E-2 9.89746E-3 7.86507E-3 7.14495E-3 6.74223E-3 7.27163E-3 9.41774E-3 1.32386E-2 1.96959E-2 2.63157E-2 2.9095E-2 -9999 -9999 -9999 -9999 -9999 -9999 -9999 -9999 -9999 -9999 -9999
-9999 -9999 -9999 -9999 -9999 -9999 -9999 -9999 -9999 -9999 -9999 1.79403E-2 1.72656E-2 1.38723E-2 1.38298E-2 1.17195E-2 1.04937E-2 9.97945E-3 9.09407E-3 9.11441E-3 8.06374E-3 8.05403E-3 6.80083E-3 6.71364E-3 6.39252E-3 6.55365E-3 6.48605E-3 6.57182E-3 5.78713E-3 6.36122E-3 6.78828E-3 6.72838E-3 6.90172E-3 7.51686E-3 7.91247E-3 7.95719E-3 8.30298E-3 9.47943E-3 9.54117E-3 8.65553E-3 9.05907E-3 8.72974E-3 9.18425E-3 1.00358E-2 9.58749E-3 8.83213E-3 9.87297E-3 1.14099E-2 1.1243E-2 1.04673E-2 1.05845E-2 1.02789E-2 8.0039E-3 7.8555E-3 8.00409E-3 7.68307E-3 1.13223E-2 1.34238E-2 1.91226E-2 2.33781E-2 2.70498E-2 2.9813E-2 -9999 -9999 -9999 -9999 -9999 -9999 -9999 -9999 -9999 -9999
-9999 -9999 -9999 -9999 -9999 -9999 -9999 -9999 -9999 -9999 -9999 1.79802E-2 1.69243E-2 1.47195E-2 1.33231E-2 1.1815E-2 1.07179E-2 1.00791E-2 9.13135E-3 8.79554E-3 8.16306E-3 7.86317E-3 7.4159E-3 7.42195E-3 7.58206E-3 7.78971E-3 7.5109E-3 6.41311E-3 6.59868E-3 7.44691E-3 7.18746E-3 6.78863E-3 6.43535E-3 6.07204E-3 5.77837E-3 5.80628E-3 7.23495E-3 7.68904E-3 8.52788E-3 9.28396E-3 9.15364E-3 8.40484E-3 8.89445E-3 9.98316E-3 1.00086E-2 1.03802E-2 1.0639E-2 1.10575E-2 1.09154E-2 9.99247E-3 9.17993E-3 9.80985E-3 1.09072E-2 9.48651E-3 8.82034E-3 7.42129E-3 1.03707E-2 1.8016E-2 1.92203E-2 2.39552E-2 2.54972E-2 2.78961E-2 2.94695E-2 -9999 -9999 -9999 -9999 -9999 -9999 -9999 -9999 -9999
-9999 -9999 -9999 -9999 -9999 -9999 -9999 -9999 -9999 -9999 -9999 1.77461E-2 1.67575E-2 1.47352E-2 1.31328E-2 1.12043E-2 1.00499E-2 9.04147E-3 8.40289E-3 8.57303E-3 7.79778E-3 7.76267E-3 7.96169E-3 7.66933E-3 8.20554E-3 7.90376E-3 7.54662E-3 7.38001E-3 7.58855E-3 8.66603E-3 8.71046E-3 7.05211E-3 6.21567E-3 6.97822E-3 6.92892E-3 6.38079E-3 6.26575E-3 6.76134E-3 7.23343E-3 8.73963E-3 9.17343E-3 8.78955E-3 8.08949E-3 9.89236E-3 1.00128E-2 1.02204E-2 9.89481E-3 9.65868E-3 1.02864E-2 1.105E-2 1.12437E-2 7.81966E-3 1.05277E-2 1.10694E-2 9.02344E-3 8.6197E-3 1.1987E-2 2.13002E-2 2.17299E-2 2.40271E-2 2.44623E-2 2.52789E-2 2.68587E-2 -9999 -9999 -9999 -9999 -9999 -9999 -9999 -9999 -9999
-9999 -9999 -9999 -9999 -9999 -9999 -9999 -9999 -9999 -9999 -9999 1.78781E-2 1.56974E-2 1.43588E-2 1.31445E-2 1.14721E-2 1.01082E-2 9.71905E-3 8.64936E-3 8.19932E-3 7.78648E-3 7.34611E-3 8.05196E-3 8.03273E-3 7.94673E-3 8.13678E-3 7.58416E-3 7.35764E-3 8.62409E-3 8.95271E-3 7.43875E-3 6.99971E-3 7.92614E-3 9.73364E-3 7.51852E-3 7.73772E-3 9.77632E-3 9.30729E-3 9.26319E-3 9.63491E-3 7.62358E-3 6.70883E-3 7.25595E-3 8.40465E-3 7.96444E-3 8.21193E-3 9.81301E-3 9.95E-3 9.86618E-3 9.33574E-3 9.96181E-3 1.15656E-2 1.33707E-2 1.06877E-2 1.13897E-2 8.36409E-3 9.96347E-3 1.91962E-2 2.08062E-2 2.11376E-2 2.29446E-2 2.5239E-2 2.70687E-2 -9999 -9999 -9999 -9999 -9999 -9999 -9999 -9999 -9999
-9999 -9999 -9999 -9999 -9999 -9999 -9999 -9999 -9999 -9999 -9999 1.75073E-2 1.5907E-2 1.44146E-2 1.25971E-2 1.0627E-2 1.0108E-2 8.88903E-3 8.60705E-3 7.83446E-3 7.64321E-3 7.8609E-3 7.77471E-3 7.69519E-3 7.96177E-3 7.79353E-3 7.4405E-3 8.02974E-3 8.66511E-3 7.16411E-3 6.50159E-3 7.39617E-3 8.67411E-3 8.60847E-3 8.45958E-3 8.98872E-3 1.03788E-2 9.44967E-3 8.59067E-3 8.17664E-3 7.73695E-3 8.20819E-3 7.19981E-3 7.52044E-3 6.97605E-3 7.60888E-3 8.56983E-3 8.91509E-3 9.73081E-3 9.00574E-3 8.75197E-3 9.87033E-3 1.00176E-2 1.1099E-2 1.12319E-2 1.11655E-2 1.19604E-2 1.76059E-2 1.9421E-2 2.02323E-2 2.1745E-2 2.46049E-2 2.67807E-2 2.72493E-2 -9999 -9999 -9999 -9999 -9999 -9999 -9999 -9999
-9999 -9999 -9999 -9999 -9999 -9999 -9999 -9999 -9999 -9999 -9999 -9999 1.55665E-2 1.4498E-2 1.23687E-2 1.07013E-2 9.96748E-3 9.59592E-3 8.6599E-3 7.89412E-3 7.83563E-3 8.16314E-3 7.72598E-3 7.77643E-3 7.88707E-3 7.29781E-3 7.38538E-3 7.56598E-3 7.44126E-3 6.94422E-3 7.47549E-3 7.26704E-3 8.61309E-3 8.03445E-3 9.41151E-3 9.2456E-3 9.15552E-3 9.04952E-3 8.23696E-3 8.26237E-3 8.63871E-3 8.29252E-3 8.83567E-3 8.20646E-3 7.40008E-3 8.24781E-3 8.13319E-3 8.1789E-3 9.0336E-3 9.09004E-3 8.59982E-3 7.37948E-3 1.0222E-2 1.16565E-2 1.35731E-2 1.19358E-2 1.11091E-2 1.45625E-2 1.81239E-2 2.05879E-2 2.05975E-2 2.25895E-2 2.42748E-2 2.53186E-2 2.81881E-2 -9999 -9999 -9999 -9999 -9999 -9999 -9999
-9999 -9999 -9999 -9999 -9999 -9999 -9999 -9999 -9999 -9999 -9999 -9999 -9999 1.34581E-2 1.27243E-2 1.02385E-2 9.19993E-3 8.72347E-3 8.84271E-3 7.86577E-3 7.86217E-3 7.92823E-3 7.72813E-3 7.6594E-3 7.15682E-3 6.79876E-3 6.83298E-3 6.97047E-3 7.28293E-3 7.60643E-3 7.00279E-3 7.30369E-3 7.96102E-3 7.78916E-3 9.34072E-3 8.59235E-3 8.05442E-3 7.90159E-3 7.8689E-3 8.95394E-3 9.2152E-3 8.66186E-3 9.16197E-3 8.44471E-3 8.75291E-3 8.5453E-3 8.11974E-3 7.97701E-3 7.8123E-3 8.95451E-3 9.18448E-3 8.72205E-3 8.81716E-3 1.04232E-2 1.2364E-2 1.30984E-2 1.10648E-2 1.40999E-2 1.69286E-2 1.87653E-2 1.95551E-2 2.04692E-2 2.28659E-2 2.41181E-2 2.66032E-2 -9999 -9999 -9999 -9999 -9999 -9999 -9999
-9999 -9999 -9999 -9999 -9999 -9999 -9999 -9999 -9999 -9999 -9999 -9999 -9999 -9999 1.19978E-2 1.02323E-2 9.77749E-3 8.81759E-3 8.97987E-3 7.82427E-3 7.60421E-3 7.28958E-3 7.03537E-3 6.66605E-3 5.91745E-3 6.1733E-3 5.92387E-3 5.69826E-3 6.20895E-3 5.77292E-3 6.33675E-3 7.63334E-3 7.58388E-3 8.03135E-3 7.34728E-3 7.00688E-3 6.38282E-3 6.32252E-3 8.5605E-3 9.35556E-3 8.78395E-3 7.73599E-3 7.59327E-3 7.45834E-3 7.01787E-3 6.61342E-3 7.10573E-3 7.52092E-3 7.40821E-3 7.99429E-3 9.65718E-3 9.63733E-3 9.82448E-3 9.91603E-3 1.15483E-2 1.25122E-2 1.2396E-2 1.48528E-2 1.62545E-2 1.83653E-2 1.82926E-2 2.01041E-2 2.17144E-2 2.29942E-2 2.53479E-2 -9999 -9999 -9999 -9999 -9999 -9999 -9999
-9999 -9999 -9999 -9999 -9999 -9999 -9999 -9999 -9999 -9999 -9999 -9999 -9999 -9999 1.12561E-2 1.12326E-2 1.0318E-2 8.99493E-3 7.89229E-3 7.967E-3 6.76064E-3 6.34155E-3 6.02657E-3 5.68949E-3 6.13625E-3 5.62751E-3 5.66955E-3 5.64089E-3 5.60657E-3 6.08345E-3 7.68851E-3 7.18625E-3 7.04105E-3 6.24001E-3 6.14563E-3 5.77625E-3 6.12101E-3 7.30227E-3 7.923E-3 8.04896E-3 6.81832E-3 7.12653E-3 7.67801E-3 7.63646E-3 7.2094E-3 7.34306E-3 6.16449E-3 6.50503E-3 7.4369E-3 9.05891E-3 9.81723E-3 1.00721E-2 1.06569E-2 1.05449E-2 1.00477E-2 1.1934E-2 1.57832E-2 1.40671E-2 1.628E-2 1.66824E-2 1.77915E-2 1.82611E-2 1.99428E-2 2.2886E-2 2.43027E-2 -9999 -9999 -9999 -9999 -9999 -9999 -9999
-9999 -9999 -9999 -9999 -9999 -9999 -9999 -9999 -9999 -9999 -9999 -9999 -9999 -9999 1.06588E-2 1.01613E-2 9.29089E-3 8.39715E-3 7.46175E-3 7.04593E-3 6.36984E-3 6.34408E-3 6.09793E-3 5.8444E-3 5.53962E-3 5.23233E-3 5.28635E-3 5.70859E-3 5.99068E-3 6.79435E-3 6.3641E-3 5.54662E-3 5.29367E-3 5.9086E-3 5.95286E-3 6.19775E-3 5.92077E-3 6.45407E-3 7.59456E-3 6.94309E-3 6.23437E-3 6.62014E-3 6.90247E-3 6.72462E-3 6.66986E-3 6.24152E-3 6.19986E-3 6.92411E-3 9.17897E-3 9.40015E-3 9.4058E-3 9.57504E-3 1.09589E-2 1.01768E-2 9.06443E-3 1.0365E-2 1.2037E-2 1.47322E-2 1.60954E-2 1.60042E-2 1.70958E-2 1.73268E-2 1.85672E-2 1.96406E-2 2.31074E-2 -9999 -9999 -9999 -9999 -9999 -9999 -9999
-9999 -9999 -9999 -9999 -9999 -9999 -9999 -9999 -9999 -9999 -9999 -9999 -9999 -9999 1.06898E-2 1.02317E-2 8.49529E-3 7.67385E-3 6.9182E-3 6.02467E-3 6.21746E-3 5.50716E-3 5.73507E-3 5.46219E-3 4.78481E-3 5.56565E-3 5.69749E-3 5.40786E-3 5.72662E-3 5.29477E-3 5.51516E-3 5.67836E-3 5.83712E-3 6.15166E-3 5.38979E-3 5.29034E-3 5.28109E-3 6.27614E-3 7.25534E-3 6.93751E-3 7.21176E-3 6.86612E-3 6.33467E-3 6.26655E-3 6.6889E-3 7.467E-3 8.53532E-3 8.05284E-3 8.41733E-3 9.02678E-3 9.01415E-3 9.82959E-3 1.00596E-2 9.75891E-3 8.5776E-3 9.22108E-3 9.25957E-3 1.32932E-2 1.42835E-2 1.38938E-2 1.56146E-2 1.69366E-2 1.6689E-2 1.8555E-2 2.32145E-2 2.38424E-2 -9999 -9999 -9999 -9999 -9999 -9999
-9999 -9999 -9999 -9999 -9999 -9999 -9999 -9999 -9999 -9999 -9999 -9999 -9999 -9999 1.08238E-2 9.49252E-3 8.0756E-3 7.21655E-3 6.33819E-3 6.16254E-3 5.66479E-3 5.15198E-3 5.15099E-3 4.78374E-3 4.52218E-3 4.48106E-3 4.71654E-3 4.66396E-3 4.69926E-3 5.06104E-3 4.74434E-3 5.09309E-3 5.36444E-3 5.32527E-3 5.45645E-3 5.47876E-3 5.97478E-3 6.70807E-3 7.28689E-3 6.75836E-3 5.98721E-3 5.99512E-3 6.31272E-3 6.90522E-3 7.52295E-3 8.66399E-3 9.36154E-3 7.29614E-3 7.05009E-3 9.1987E-3 9.10098E-3 8.56307E-3 8.27394E-3 8.61687E-3 9.46697E-3 9.56268E-3 7.97666E-3 1.00717E-2 1.39207E-2 1.51873E-2 1.50306E-2 1.51666E-2 1.67343E-2 1.90053E-2 2.2743E-2 2.33793E-2 -9999 -9999 -9999 -9999 -9999 -9999
-9999 -9999 -9999 -9999 -9999 -9999 -9999 -9999 -9999 -9999 -9999 -9999 -9999 1.13591E-2 9.99961E-3 9.00512E-3 8.12066E-3 6.83091E-3 6.39546E-3 5.75121E-3 5.4856E-3 4.76901E-3 4.45523E-3 4.23964E-3 4.25599E-3 4.24049E-3 3.93392E-3 4.15022E-3 3.97121E-3 4.39198E-3 4.16946E-3 4.16055E-3 4.10906E-3 4.54211E-3 5.20583E-3 5.61813E-3 6.71584E-3 6.91326E-3 6.64423E-3 5.93477E-3 5.84921E-3 5.36116E-3 6.1186E-3 7.25445E-3 7.83994E-3 7.80121E-3 8.06784E-3 8.11198E-3 7.87638E-3 9.34622E-3 8.40109E-3 7.98244E-3 8.17143E-3 8.10509E-3 8.23333E-3 8.69154E-3 8.8949E-3 1.04837E-2 1.43728E-2 1.33664E-2 1.32805E-2 1.56167E-2 1.65556E-2 1.61498E-2 2.14605E-2 2.18584E-2 -9999 -9999 -9999 -9999 -9999 -9999
-9999 -9999 -9999 -9999 -9999 -9999 -9999 -9999 -9999 -9999 -9999 -9999 -9999 1.05431E-2 1.00353E-2 8.67059E-3 7.62319E-3 6.85012E-3 6.31419E-3 5.69707E-3 4.80583E-3 4.76287E-3 4.28472E-3 3.99034E-3 3.70117E-3 3.8871E-3 4.07729E-3 3.98338E-3 3.71352E-3 3.70222E-3 3.73245E-3 4.13651E-3 4.40926E-3 5.20813E-3 5.41694E-3 5.7951E-3 6.28837E-3 5.5708E-3 5.83113E-3 5.74224E-3 5.8024E-3 6.37178E-3 7.28109E-3 7.0904E-3 6.28608E-3 5.47731E-3 6.57683E-3 6.67247E-3 7.97764E-3 7.55341E-3 7.25519E-3 6.77032E-3 6.90902E-3 8.57895E-3 1.02731E-2 9.76202E-3 9.66185E-3 1.01335E-2 1.16337E-2 1.10676E-2 1.50276E-2 1.66363E-2 1.80528E-2 1.81558E-2 1.95315E-2 1.83313E-2 2.50214E-2 -9999 -9999 -9999 -9999 -9999
-9999 -9999 -9999 -9999 -9999 -9999 -9999 -9999 -9999 -9999 -9999 -9999 -9999 1.05977E-2 9.14729E-3 8.03515E-3 7.26746E-3 6.3666E-3 5.67584E-3 5.37141E-3 4.85581E-3 4.53282E-3 4.32937E-3 3.69931E-3 3.69994E-3 3.54952E-3 3.39583E-3 3.45795E-3 3.65768E-3 3.73515E-3 3.81977E-3 4.48478E-3 4.52701E-3 4.42373E-3 4.30742E-3 4.53229E-3 4.52338E-3 4.8975E-3 4.80454E-3 5.72697E-3 5.76059E-3 6.1906E-3 6.30012E-3 6.68985E-3 5.81821E-3 5.0967E-3 5.31515E-3 4.99549E-3 6.34888E-3 5.77623E-3 6.26341E-3 6.899E-3 8.30837E-3 8.97252E-3 1.06201E-2 9.07355E-3 1.05496E-2 9.97015E-3 9.1629E-3 1.26621E-2 1.58252E-2 1.63877E-2 1.60921E-2 1.53031E-2 1.98215E-2 2.01524E-2 2.38326E-2 -9999 -9999 -9999 -9999 -9999
-9999 -9999 -9999 -9999 -9999 -9999 -9999 -9999 -9999 -9999 -9999 -9999 1.12755E-2 1.06726E-2 9.01522E-3 8.09681E-3 7.12621E-3 6.39106E-3 5.72921E-3 5.0071E-3 4.71272E-3 4.26662E-3 4.01219E-3 4.01708E-3 3.75139E-3 3.54171E-3 3.66645E-3 3.73397E-3 3.5883E-3 3.87306E-3 3.9035E-3 3.97152E-3 3.75531E-3 3.64297E-3 4.00109E-3 4.08808E-3 3.91863E-3 4.53781E-3 4.76976E-3 5.52458E-3 5.5127E-3 5.97954E-3 6.05112E-3 5.90451E-3 5.9618E-3 5.937E-3 5.03792E-3 4.39729E-3 5.27317E-3 5.05839E-3 6.53595E-3 8.01434E-3 9.35017E-3 9.74363E-3 9.65671E-3 9.89209E-3 9.34341E-3 9.70801E-3 1.04039E-2 1.35264E-2 1.55811E-2 1.68776E-2 1.70814E-2 1.71568E-2 1.99528E-2 1.93552E-2 2.15101E-2 2.2687E-2 -9999 -9999 -9999 -9999
-9999 -9999 -9999 -9999 -9999 -9999 -9999 -9999 -9999 -9999 -9999 -9999 1.13904E-2 1.04822E-2 9.12311E-3 8.15141E-3 7.15524E-3 6.3958E-3 5.27906E-3 4.74915E-3 4.49013E-3 4.25807E-3 4.00391E-3 3.63668E-3 3.86604E-3 3.466E-3 3.49193E-3 3.26633E-3 3.29189E-3 3.2592E-3 3.15582E-3 3.19456E-3 3.40576E-3 3.9968E-3 4.16138E-3 4.12453E-3 4.4523E-3 4.10653E-3 4.07671E-3 4.11683E-3 4.41169E-3 5.16938E-3 5.1E-3 5.62301E-3 5.76929E-3 5.59611E-3 5.14022E-3 5.7246E-3 4.83916E-3 6.12625E-3 8.44114E-3 8.98435E-3 9.08079E-3 9.88759E-3 9.56083E-3 9.67399E-3 8.59385E-3 8.83803E-3 9.52311E-3 1.18911E-2 1.46771E-2 1.39889E-2 1.52078E-2 1.63803E-2 1.85127E-2 2.0219E-2 2.14361E-2 2.26802E-2 2.2861E-2 2.64344E-2 2.51731E-2 2.90022E-2
-9999 -9999 -9999 -9999 -9999 -9999 -9999 -9999 -9999 -9999 -9999 -9999 1.12963E-2 1.04748E-2 9.16566E-3 7.64139E-3 7.18445E-3 6.31758E-3 5.34181E-3 4.75623E-3 4.45643E-3 3.99931E-3 3.59853E-3 3.58661E-3 3.36792E-3 2.96925E-3 2.9727E-3 2.94462E-3 3.01557E-3 3.09016E-3 3.2927E-3 3.51497E-3 3.57827E-3 3.44829E-3 3.46752E-3 3.77196E-3 3.89709E-3 4.25893E-3 4.02034E-3 4.36677E-3 3.9675E-3 4.31759E-3 4.48701E-3 5.29159E-3 5.5935E-3 5.54221E-3 6.11362E-3 6.8834E-3 6.66438E-3 6.31991E-3 8.28641E-3 8.79662E-3 9.5172E-3 8.74199E-3 9.11087E-3 8.99423E-3 8.36894E-3 8.12971E-3 8.108E-3 8.6784E-3 1.3313E-2 1.25073E-2 1.50274E-2 1.38035E-2 1.75641E-2 1.86458E-2 1.94098E-2 2.05614E-2 2.16507E-2 2.42451E-2 2.51718E-2 2.74495E-2
-9999 -9999 -9999 -9999 -9999 -9999 -9999 -9999 -9999 -9999 -9999 -9999 -9999 9.99257E-3 8.96208E-3 7.62088E-3 6.33348E-3 5.97697E-3 5.3942E-3 4.78175E-3 4.21248E-3 3.94894E-3 3.72954E-3 3.32145E-3 3.09524E-3 3.09108E-3 3.03432E-3 3.06415E-3 3.24681E-3 3.33465E-3 3.43329E-3 3.53592E-3 3.54329E-3 3.6229E-3 4.19935E-3 4.24735E-3 4.44982E-3 4.6513E-3 4.05723E-3 4.25888E-3 4.5084E-3 4.23258E-3 4.32077E-3 4.92963E-3 5.03666E-3 5.87335E-3 6.13831E-3 6.01044E-3 7.60682E-3 8.09981E-3 9.24445E-3 9.16499E-3 7.90951E-3 8.14568E-3 8.20945E-3 8.0014E-3 8.34859E-3 9.45656E-3 9.35703E-3 9.41058E-3 1.36987E-2 1.46024E-2 1.32194E-2 1.28129E-2 1.70895E-2 1.76171E-2 1.87249E-2 1.96181E-2 2.03588E-2 2.30629E-2 2.39084E-2 2.52591E-2
-9999 -9999 -9999 -9999 -9999 -9999 -9999 -9999 -9999 -9999 -9999 -9999 -9999 9.38233E-3 8.47138E-3 7.33369E-3 6.36298E-3 6.02947E-3 5.41242E-3 4.76623E-3 4.27453E-3 3.99006E-3 3.57834E-3 3.30133E-3 3.30949E-3 3.48976E-3 3.24964E-3 3.31688E-3 3.22792E-3 3.49199E-3 3.33898E-3 3.34117E-3 3.40326E-3 3.69575E-3 3.69007E-3 4.2491E-3 4.09362E-3 4.46058E-3 4.68427E-3 5.07067E-3 5.35088E-3 5.18635E-3 5.35613E-3 5.40153E-3 5.8111E-3 6.02284E-3 6.17306E-3 6.20576E-3 7.00615E-3 8.56044E-3 8.8539E-3 7.31536E-3 7.59598E-3 7.73233E-3 7.58621E-3 7.80799E-3 9.10676E-3 9.61992E-3 8.24274E-3 8.88721E-3 1.29301E-2 1.48815E-2 1.4335E-2 1.62207E-2 1.66123E-2 1.67646E-2 1.7783E-2 1.90036E-2 1.81607E-2 2.17869E-2 2.2772E-2 2.40756E-2
-9999 -9999 -9999 -9999 -9999 -9999 -9999 -9999 -9999 -9999 -9999 -9999 -9999 9.42382E-3 8.51995E-3 7.20742E-3 6.45971E-3 5.83555E-3 5.06617E-3 4.56288E-3 4.27904E-3 3.99446E-3 3.55041E-3 3.59137E-3 3.4035E-3 3.19687E-3 3.0872E-3 3.0859E-3 2.96062E-3 2.9451E-3 2.96326E-3 3.30044E-3 3.17275E-3 3.44134E-3 3.74054E-3 3.84219E-3 4.09234E-3 4.14514E-3 4.3568E-3 4.57286E-3 4.92926E-3 4.84758E-3 5.26698E-3 6.17095E-3 6.25725E-3 6.3425E-3 6.6092E-3 7.57993E-3 8.29367E-3 7.40705E-3 6.53491E-3 7.76871E-3 8.67798E-3 9.11265E-3 8.42453E-3 8.35347E-3 8.45586E-3 7.81869E-3 8.21727E-3 1.16313E-2 1.29142E-2 1.41589E-2 1.45713E-2 1.3909E-2 1.6149E-2 1.62491E-2 1.69727E-2 1.80835E-2 1.7305E-2 2.1082E-2 2.12068E-2 2.40795E-2
-9999 -9999 -9999 -9999 -9999 -9999 -9999 -9999 -9999 -9999 -9999 -9999 -9999 9.48237E-3 8.37727E-3 7.27619E-3 6.49837E-3 5.65832E-3 5.07966E-3 4.56935E-3 4.28459E-3 4.02347E-3 3.62237E-3 3.35437E-3 2.99557E-3 3.02113E-3 2.84425E-3 2.91844E-3 2.76086E-3 2.91017E-3 2.84127E-3 2.63434E-3 3.0616E-3 3.13931E-3 3.42429E-3 3.51145E-3 3.75086E-3 3.97095E-3 4.18565E-3 4.10411E-3 4.55497E-3 4.91437E-3 5.76934E-3 6.10398E-3 5.90726E-3 5.23596E-3 5.92192E-3 6.8545E-3 7.27548E-3 7.01078E-3 7.26945E-3 8.28554E-3 8.69149E-3 8.08352E-3 8.41326E-3 8.14743E-3 8.52232E-3 7.97581E-3 7.34972E-3 1.04962E-2 1.22703E-2 1.33816E-2 1.35281E-2 1.36141E-2 1.46076E-2 1.53415E-2 1.64265E-2 1.71284E-2 1.77603E-2 2.00106E-2 2.07901E-2 2.20264E-2
-9999 -9999 -9999 -9999 -9999 -9999 -9999 -9999 -9999 -9999 -9999 -9999 -9999 8.91864E-3 8.08057E-3 7.319E-3 6.41678E-3 5.7177E-3 5.09244E-3 4.46271E-3 4.31195E-3 3.80972E-3 3.62838E-3 3.24606E-3 3.04981E-3 2.9352E-3 2.74562E-3 2.8798E-3 2.77487E-3 2.60642E-3 2.76855E-3 2.87991E-3 3.1334E-3 3.19854E-3 3.36204E-3 3.2466E-3 3.44112E-3 3.51933E-3 4.17903E-3 4.37718E-3 4.92616E-3 5.2324E-3 5.19724E-3 5.19277E-3 5.267E-3 5.09029E-3 6.02797E-3 6.99813E-3 6.59398E-3 6.21448E-3 7.28554E-3 8.31377E-3 7.91519E-3 8.72638E-3 8.18977E-3 8.85321E-3 8.68693E-3 9.07736E-3 8.74644E-3 1.09078E-2 1.23958E-2 1.19245E-2 1.2804E-2 1.284E-2 1.45992E-2 1.46943E-2 1.52812E-2 1.61689E-2 1.69948E-2 1.9009E-2 1.97382E-2 2.09089E-2
-9999 -9999 -9999 -9999 -9999 -9999 -9999 -9999 -9999 -9999 -9999 -9999 -9999 9.04948E-3 8.09445E-3 7.13351E-3 6.4244E-3 5.53319E-3 5.0703E-3 4.53801E-3 4.25861E-3 3.89175E-3 3.50041E-3 3.29752E-3 3.07807E-3 2.94439E-3 2.98508E-3 2.79021E-3 2.70764E-3 2.86201E-3 2.83789E-3 2.91625E-3 2.94693E-3 3.15584E-3 3.39045E-3 3.70006E-3 3.77735E-3 4.07663E-3 4.15327E-3 4.38477E-3 4.62456E-3 4.97675E-3 4.93957E-3 5.01871E-3 5.51921E-3 5.86093E-3 6.82141E-3 6.46805E-3 6.02148E-3 5.58825E-3 7.07319E-3 7.85349E-3 7.30566E-3 7.28257E-3 7.61707E-3 7.13927E-3 9.12462E-3 8.73097E-3 1.1615E-2 1.21109E-2 1.20797E-2 1.27614E-2 1.30628E-2 1.30739E-2 1.37848E-2 1.42453E-2 1.59649E-2 1.56804E-2 1.64561E-2 1.83981E-2 1.91323E-2 2.02545E-2
-9999 -9999 -9999 -9999 -9999 -9999 -9999 -9999 -9999 -9999 -9999 -9999 -9999 9.16575E-3 7.94401E-3 7.15484E-3 6.17213E-3 5.70669E-3 5.12311E-3 4.70839E-3 4.17569E-3 3.88634E-3 3.48918E-3 3.28576E-3 3.30294E-3 3.11108E-3 2.73021E-3 2.78428E-3 2.65322E-3 2.77962E-3 2.69164E-3 2.85389E-3 2.97056E-3 3.13281E-3 3.02006E-3 3.20671E-3 3.51365E-3 3.69745E-3 3.78913E-3 4.32912E-3 4.7295E-3 5.30831E-3 5.72398E-3 5.61761E-3 5.89009E-3 6.13865E-3 6.64978E-3 6.8901E-3 6.60565E-3 7.14791E-3 7.93779E-3 7.70125E-3 6.83211E-3 7.97804E-3 7.98772E-3 7.80684E-3 8.73472E-3 8.21048E-3 8.61132E-3 1.03221E-2 1.14986E-2 1.23267E-2 1.20197E-2 1.21872E-2 1.42313E-2 1.40433E-2 1.42945E-2 1.56551E-2 1.65148E-2 1.69349E-2 1.75593E-2 1.8516E-2
-9999 -9999 -9999 -9999 -9999 -9999 -9999 -9999 -9999 -9999 -9999 -9999 -9999 -9999 7.98954E-3 6.94976E-3 6.11634E-3 5.87583E-3 5.23962E-3 4.72242E-3 4.12623E-3 3.68471E-3 3.44206E-3 3.30848E-3 3.11532E-3 2.81329E-3 2.81558E-3 2.97677E-3 2.87151E-3 2.72974E-3 2.85596E-3 2.96523E-3 2.90606E-3 3.15765E-3 3.2951E-3 3.47612E-3 3.78796E-3 4.0486E-3 4.61463E-3 4.98294E-3 4.84927E-3 5.12867E-3 5.72428E-3 6.15935E-3 6.04999E-3 5.91235E-3 6.53825E-3 6.99389E-3 7.08594E-3 7.8213E-3 7.97942E-3 8.3313E-3 7.67829E-3 7.18373E-3 7.24197E-3 7.47316E-3 8.62796E-3 7.78114E-3 7.22174E-3 9.48326E-3 1.09161E-2 1.10673E-2 1.14511E-2 1.21198E-2 1.23644E-2 1.39575E-2 1.4349E-2 1.48122E-2 1.57376E-2 1.61596E-2 1.66387E-2 1.75522E-2
-9999 -9999 -9999 -9999 -9999 -9999 -9999 -9999 -9999 -9999 -9999 -9999 -9999 -9999 7.58955E-3 7.26198E-3 6.28361E-3 5.6464E-3 5.07338E-3 4.44849E-3 4.16179E-3 4.00385E-3 3.77482E-3 3.51947E-3 3.16387E-3 3.19219E-3 3.02003E-3 3.00347E-3 2.91569E-3 2.74558E-3 2.88278E-3 2.97725E-3 3.15694E-3 2.99821E-3 3.43656E-3 3.73422E-3 3.712E-3 3.80999E-3 4.09899E-3 4.06122E-3 4.34396E-3 4.43812E-3 5.24601E-3 5.84783E-3 6.27135E-3 6.5967E-3 6.77171E-3 6.82634E-3 6.62209E-3 6.85483E-3 6.23385E-3 7.05395E-3 7.91272E-3 7.76966E-3 7.16629E-3 7.83081E-3 8.75461E-3 8.19338E-3 7.94796E-3 7.64246E-3 9.61608E-3 1.13528E-2 1.17131E-2 1.09646E-2 1.05334E-2 1.22668E-2 1.28952E-2 1.40095E-2 1.44653E-2 1.5306E-2 1.61463E-2 1.66387E-2
-9999 -9999 -9999 -9999 -9999 -9999 -9999 -9999 -9999 -9999 -9999 -9999 -9999 -9999 7.81628E-3 7.00092E-3 6.27034E-3 5.54154E-3 5.01618E-3 4.51309E-3 4.48303E-3 4.003E-3 3.75076E-3 3.37424E-3 3.15879E-3 2.98124E-3 2.99834E-3 2.90689E-3 3.04845E-3 3.16707E-3 3.12476E-3 3.16115E-3 3.29022E-3 3.2623E-3 3.46398E-3 3.38698E-3 3.50685E-3 3.7175E-3 3.75072E-3 4.03848E-3 4.23532E-3 4.8508E-3 4.83336E-3 4.89066E-3 5.21229E-3 5.63922E-3 5.74706E-3 5.77126E-3 5.55508E-3 6.20311E-3 6.24261E-3 6.74155E-3 6.75852E-3 7.51936E-3 7.95637E-3 8.50253E-3 8.24421E-3 7.932E-3 9.13566E-3 9.62642E-3 9.77255E-3 1.05846E-2 1.0993E-2 1.12069E-2 1.1019E-2 1.26339E-2 1.3021E-2 1.36025E-2 1.53965E-2 1.51039E-2 1.53049E-2 1.57971E-2
