Artocarpus altilis SDM files/Last interglacial/results (without the bias file)/Artalt_1.asc
ncols         1201
nrows         481
xllcorner     119.99986351115
yllcorner     -15.00013864885
cellsize      0.041666667
NODATA_value  -9999
[rows 448 to 479 of 481, columns 216 to 287 of 1201]
-9999 -9999 -9999 -9999 -9999 -9999 -9999 -9999 -9999 -9999 -9999 -9999 -9999 -9999 -9999 -9999 -9999 -9999 3.59105E-2 3.19262E-2 3.00474E-2 2.5431E-2 2.29603E-2 2.1068E-2 1.85501E-2 1.68232E-2 1.45907E-2 1.24724E-2 1.0822E-2 9.71681E-3 8.30932E-3 7.59397E-3 6.56862E-3 6.08136E-3 5.16621E-3 4.85749E-3 4.42656E-3 4.09771E-3 3.56883E-3 3.52552E-3 3.2654E-3 3.19174E-3 3.02223E-3 2.70634E-3 2.5223E-3 2.64404E-3 2.56349E-3 2.55818E-3 2.28496E-3 2.3504E-3 2.36156E-3 2.4995E-3 2.40588E-3 2.52018E-3 2.40531E-3 2.53605E-3 2.70955E-3 2.85234E-3 2.651E-3 2.79663E-3 2.92407E-3 3.57537E-3 3.50089E-3 3.70024E-3 4.07327E-3 4.05878E-3 3.83148E-3 3.57261E-3 3.81269E-3 3.93501E-3 3.98106E-3 4.43926E-3
-9999 -9999 -9999 -9999 -9999 -9999 -9999 -9999 -9999 -9999 -9999 -9999 -9999 -9999 -9999 -9999 -9999 -9999 3.25799E-2 3.1617E-2 2.87672E-2 2.44312E-2 2.126E-2 1.92221E-2 1.68186E-2 1.51861E-2 1.36158E-2 1.18371E-2 9.96612E-3 8.85797E-3 7.77599E-3 7.11168E-3 6.31942E-3 5.43851E-3 4.86184E-3 4.37005E-3 3.98719E-3 3.76198E-3 3.6296E-3 3.36458E-3 3.0131E-3 2.94559E-3 2.86563E-3 2.49979E-3 2.45811E-3 2.3131E-3 2.27105E-3 2.37428E-3 2.28949E-3 2.28344E-3 2.30809E-3 2.41891E-3 2.34554E-3 2.44564E-3 2.34215E-3 2.51873E-3 2.65722E-3 2.69777E-3 2.90891E-3 2.69036E-3 2.59981E-3 3.11607E-3 3.23972E-3 3.34044E-3 3.68378E-3 3.92743E-3 3.74097E-3 3.73951E-3 4.02002E-3 4.26019E-3 4.27747E-3 4.25417E-3
-9999 -9999 -9999 -9999 -9999 -9999 -9999 -9999 -9999 -9999 -9999 -9999 -9999 -9999 -9999 -9999 -9999 -9999 3.21269E-2 2.97646E-2 2.45322E-2 2.15379E-2 1.85159E-2 1.64354E-2 1.46761E-2 1.35025E-2 1.22161E-2 1.07917E-2 9.36424E-3 8.21386E-3 7.44423E-3 6.56291E-3 5.93015E-3 5.25733E-3 4.5496E-3 4.41346E-3 3.97367E-3 3.72983E-3 3.31663E-3 3.28361E-3 3.13296E-3 2.75128E-3 2.63961E-3 2.19245E-3 2.38072E-3 2.24468E-3 2.14262E-3 2.19752E-3 2.32543E-3 2.22967E-3 2.26704E-3 2.28746E-3 2.35559E-3 2.39629E-3 2.40117E-3 2.46012E-3 2.57084E-3 2.66271E-3 2.54197E-3 2.65355E-3 2.72618E-3 2.74778E-3 3.05041E-3 3.39408E-3 3.70894E-3 3.84864E-3 3.94853E-3 3.80036E-3 4.24504E-3 3.94571E-3 4.14571E-3 3.81235E-3
-9999 -9999 -9999 -9999 -9999 -9999 -9999 -9999 -9999 -9999 -9999 -9999 -9999 -9999 -9999 -9999 -9999 -9999 2.97989E-2 2.64065E-2 2.26593E-2 2.09215E-2 1.76701E-2 1.58026E-2 1.32321E-2 1.24724E-2 1.14059E-2 1.0439E-2 9.06336E-3 7.19681E-3 6.56165E-3 5.90013E-3 5.47285E-3 4.86633E-3 4.59677E-3 4.10341E-3 3.64848E-3 3.51744E-3 3.17575E-3 3.08756E-3 2.86771E-3 2.59175E-3 2.20494E-3 2.15689E-3 2.41623E-3 2.35444E-3 2.19522E-3 2.11757E-3 2.19585E-3 2.17408E-3 2.25496E-3 2.27609E-3 2.22138E-3 2.16467E-3 2.23419E-3 2.35982E-3 2.52534E-3 2.5916E-3 2.59233E-3 2.77734E-3 2.76464E-3 2.92893E-3 3.15215E-3 3.27329E-3 3.54521E-3 3.49171E-3 3.47671E-3 3.80007E-3 3.84329E-3 4.10988E-3 3.85368E-3 3.60363E-3
-9999 -9999 -9999 -9999 -9999 -9999 -9999 -9999 -9999 -9999 -9999 -9999 -9999 -9999 -9999 -9999 -9999 2.9855E-2 2.70438E-2 2.7139E-2 2.16181E-2 1.87367E-2 1.7034E-2 1.53501E-2 1.39936E-2 1.17221E-2 1.0225E-2 9.17264E-3 8.60069E-3 7.2963E-3 6.13647E-3 5.70841E-3 5.22855E-3 4.38721E-3 4.20347E-3 3.79023E-3 3.5652E-3 3.33035E-3 3.06728E-3 2.86294E-3 2.9103E-3 2.54931E-3 2.17887E-3 2.14897E-3 1.99506E-3 2.20368E-3 2.0615E-3 1.87158E-3 1.78787E-3 1.97755E-3 1.89104E-3 2.10218E-3 2.04044E-3 2.1482E-3 2.34866E-3 2.49315E-3 2.50283E-3 2.60022E-3 2.78893E-3 2.85153E-3 2.85306E-3 2.83509E-3 2.81789E-3 3.48812E-3 3.32949E-3 3.25811E-3 3.3314E-3 3.93116E-3 4.12832E-3 3.79132E-3 3.96038E-3 3.69835E-3
-9999 -9999 -9999 -9999 -9999 -9999 -9999 -9999 -9999 -9999 -9999 -9999 -9999 -9999 -9999 -9999 -9999 2.74062E-2 2.52054E-2 2.38406E-2 2.06732E-2 1.85401E-2 1.47849E-2 1.28529E-2 1.22421E-2 1.10987E-2 9.30831E-3 8.25445E-3 8.21679E-3 7.34056E-3 6.10048E-3 5.43915E-3 4.33583E-3 4.20788E-3 4.00984E-3 3.62376E-3 3.2989E-3 3.31538E-3 2.82912E-3 2.80876E-3 2.58501E-3 2.48463E-3 2.32545E-3 2.18499E-3 2.11621E-3 2.23275E-3 1.71281E-3 1.766E-3 1.70457E-3 1.95622E-3 1.97431E-3 2.06676E-3 2.09564E-3 2.22928E-3 2.30924E-3 2.45303E-3 2.4947E-3 2.80802E-3 2.61961E-3 2.83716E-3 2.96608E-3 2.88945E-3 2.75642E-3 3.02514E-3 3.1056E-3 3.14405E-3 3.68466E-3 3.69662E-3 3.68498E-3 3.86977E-3 3.69635E-3 3.49355E-3
-9999 -9999 -9999 -9999 -9999 -9999 -9999 -9999 -9999 -9999 -9999 -9999 -9999 -9999 -9999 -9999 -9999 2.50677E-2 2.24642E-2 2.04171E-2 1.89156E-2 1.68658E-2 1.43435E-2 1.22958E-2 1.13165E-2 9.84003E-3 8.64438E-3 7.22779E-3 6.44917E-3 6.31663E-3 6.05409E-3 4.94753E-3 4.4515E-3 3.87906E-3 3.94274E-3 3.30199E-3 3.13357E-3 2.92852E-3 2.68177E-3 2.58798E-3 2.35078E-3 2.20732E-3 2.16596E-3 2.03037E-3 2.00598E-3 1.5725E-3 1.67114E-3 1.72202E-3 1.79532E-3 1.95846E-3 2.12062E-3 2.18055E-3 2.18122E-3 2.30617E-3 2.37687E-3 2.25931E-3 2.71304E-3 2.70203E-3 2.87884E-3 2.93193E-3 2.8919E-3 2.85849E-3 3.07594E-3 2.94844E-3 2.96759E-3 2.98447E-3 3.41154E-3 3.49607E-3 3.48789E-3 3.63528E-3 3.65794E-3 3.41725E-3
-9999 -9999 -9999 -9999 -9999 -9999 -9999 -9999 -9999 -9999 -9999 -9999 -9999 -9999 -9999 -9999 -9999 2.13533E-2 1.90423E-2 1.65038E-2 1.64778E-2 1.55588E-2 1.42749E-2 1.18004E-2 1.0436E-2 8.04843E-3 7.33941E-3 6.43648E-3 5.94163E-3 5.71415E-3 4.68764E-3 4.18057E-3 4.40838E-3 3.95826E-3 3.48104E-3 3.31947E-3 2.91612E-3 2.72581E-3 2.3514E-3 2.26525E-3 2.28857E-3 2.18915E-3 2.35889E-3 2.17728E-3 1.85143E-3 1.94172E-3 1.71189E-3 1.94658E-3 1.99742E-3 2.07051E-3 2.03487E-3 2.1416E-3 2.04453E-3 2.4159E-3 2.35045E-3 2.318E-3 2.4695E-3 2.57669E-3 2.75748E-3 3.07646E-3 3.05049E-3 3.10043E-3 3.03662E-3 2.74832E-3 3.03703E-3 3.37191E-3 3.55729E-3 3.52139E-3 3.27321E-3 3.36514E-3 3.26772E-3 3.38168E-3
-9999 -9999 -9999 -9999 -9999 -9999 -9999 -9999 -9999 -9999 -9999 -9999 -9999 -9999 -9999 -9999 -9999 2.00584E-2 1.7995E-2 1.54471E-2 1.48336E-2 1.25749E-2 1.17152E-2 1.12321E-2 9.34686E-3 8.06006E-3 7.32816E-3 6.39996E-3 5.86973E-3 5.25544E-3 4.18106E-3 4.20557E-3 3.89865E-3 3.47208E-3 3.35547E-3 3.10293E-3 2.7986E-3 2.42402E-3 2.35625E-3 2.20486E-3 2.24786E-3 2.33132E-3 2.17686E-3 1.91475E-3 1.93075E-3 1.89961E-3 1.79413E-3 1.97889E-3 1.94031E-3 2.05807E-3 1.93422E-3 2.13082E-3 2.05764E-3 2.06395E-3 2.10538E-3 2.31269E-3 2.32784E-3 2.65007E-3 2.82868E-3 2.81678E-3 2.84902E-3 2.95179E-3 2.99659E-3 2.81801E-3 2.73851E-3 3.02037E-3 3.33022E-3 3.61866E-3 3.52801E-3 3.25332E-3 3.25587E-3 2.98948E-3
-9999 -9999 -9999 -9999 -9999 -9999 -9999 -9999 -9999 -9999 -9999 -9999 -9999 -9999 2.44675E-2 -9999 1.97323E-2 2.00799E-2 1.70207E-2 1.47809E-2 1.32591E-2 1.12812E-2 1.0397E-2 9.74059E-3 9.09601E-3 7.49818E-3 6.61496E-3 6.49344E-3 5.76456E-3 4.58749E-3 4.09988E-3 3.87758E-3 3.6271E-3 3.19909E-3 3.11412E-3 2.75335E-3 2.58349E-3 2.51089E-3 2.37827E-3 2.36918E-3 2.10209E-3 2.07702E-3 1.9426E-3 2.04907E-3 1.81111E-3 2.09306E-3 1.89926E-3 1.90645E-3 1.9091E-3 1.93705E-3 2.02189E-3 2.25609E-3 2.12834E-3 2.19562E-3 2.24579E-3 2.20647E-3 2.29316E-3 2.40418E-3 2.58294E-3 2.58226E-3 2.6845E-3 2.61888E-3 2.81163E-3 2.65919E-3 2.51526E-3 2.69044E-3 3.30226E-3 3.39673E-3 3.16611E-3 3.18976E-3 3.00254E-3 2.92143E-3
-9999 -9999 -9999 -9999 -9999 -9999 -9999 -9999 -9999 -9999 -9999 2.9462E-2 2.84283E-2 -9999 2.19783E-2 1.9822E-2 1.91813E-2 1.78894E-2 1.61537E-2 1.41523E-2 1.21099E-2 1.09523E-2 9.88827E-3 8.75063E-3 7.36688E-3 6.51108E-3 5.53943E-3 5.52219E-3 5.43058E-3 4.61808E-3 3.85492E-3 3.38396E-3 3.50211E-3 3.23018E-3 2.86493E-3 2.62784E-3 2.37128E-3 2.34324E-3 2.37499E-3 2.32363E-3 2.03478E-3 1.76099E-3 1.82314E-3 1.69738E-3 1.68228E-3 1.96939E-3 1.98843E-3 1.831E-3 1.95486E-3 2.03523E-3 1.98693E-3 2.03848E-3 1.82349E-3 2.03749E-3 2.14301E-3 2.17302E-3 2.2223E-3 2.28857E-3 2.34784E-3 2.3712E-3 2.72396E-3 2.69699E-3 2.6602E-3 2.67308E-3 2.52461E-3 2.49545E-3 3.04305E-3 3.02225E-3 3.12043E-3 2.93943E-3 3.02513E-3 2.97118E-3
-9999 -9999 -9999 -9999 -9999 -9999 -9999 -9999 -9999 -9999 -9999 2.61704E-2 2.45141E-2 2.21729E-2 1.94032E-2 1.80169E-2 1.69706E-2 1.66914E-2 1.40095E-2 1.31903E-2 1.13394E-2 1.03162E-2 9.28363E-3 7.70508E-3 6.90196E-3 5.78208E-3 5.71013E-3 5.00864E-3 4.88181E-3 4.0703E-3 3.63188E-3 3.81613E-3 3.3538E-3 3.25181E-3 2.80902E-3 2.62826E-3 2.38294E-3 2.41215E-3 2.29936E-3 2.1841E-3 2.05857E-3 2.01123E-3 1.93296E-3 1.53228E-3 1.74485E-3 1.98199E-3 1.79312E-3 1.90535E-3 1.93446E-3 1.93028E-3 2.00489E-3 2.03402E-3 2.01839E-3 2.15549E-3 2.1681E-3 2.20552E-3 2.20081E-3 2.31166E-3 2.38541E-3 2.56352E-3 2.60354E-3 2.69025E-3 2.72062E-3 2.71181E-3 2.77065E-3 2.53363E-3 2.98335E-3 2.7699E-3 2.9069E-3 2.72825E-3 2.88274E-3 2.80255E-3
-9999 -9999 -9999 -9999 -9999 -9999 -9999 -9999 -9999 -9999 -9999 2.46394E-2 2.19058E-2 1.9924E-2 1.77904E-2 1.55916E-2 1.43996E-2 1.35663E-2 1.30769E-2 1.1424E-2 1.06885E-2 9.58547E-3 8.76624E-3 7.54665E-3 6.55532E-3 5.91547E-3 5.18477E-3 4.76599E-3 4.01131E-3 3.62471E-3 3.7297E-3 3.77749E-3 3.15848E-3 3.09445E-3 2.8032E-3 2.45693E-3 2.38336E-3 2.24651E-3 2.10091E-3 2.24749E-3 2.27735E-3 2.00822E-3 1.97422E-3 2.12049E-3 1.72037E-3 1.8206E-3 1.81755E-3 1.71566E-3 1.83566E-3 1.91119E-3 2.04715E-3 2.06313E-3 2.23445E-3 2.26004E-3 2.2684E-3 2.27336E-3 2.29632E-3 2.39894E-3 2.44466E-3 2.52032E-3 2.5623E-3 2.57623E-3 2.69666E-3 2.6886E-3 2.86503E-3 2.92166E-3 2.77343E-3 2.95503E-3 2.60673E-3 2.65434E-3 2.2751E-3 2.28431E-3
-9999 -9999 -9999 -9999 -9999 -9999 -9999 -9999 -9999 -9999 2.1302E-2 2.11169E-2 1.92978E-2 1.75514E-2 1.5592E-2 1.41558E-2 1.26297E-2 1.20578E-2 1.08513E-2 1.02987E-2 9.59525E-3 8.40214E-3 7.51913E-3 6.59316E-3 6.11394E-3 5.18543E-3 4.89558E-3 4.41429E-3 4.18076E-3 3.8537E-3 3.58307E-3 3.39756E-3 2.97121E-3 2.98431E-3 2.84835E-3 2.51256E-3 2.22789E-3 2.23436E-3 2.24996E-3 2.21008E-3 2.15697E-3 2.16569E-3 2.08684E-3 2.11214E-3 1.71805E-3 1.93105E-3 1.9452E-3 1.89945E-3 1.74419E-3 1.90059E-3 2.01027E-3 2.17134E-3 2.18124E-3 2.39868E-3 2.32284E-3 2.57068E-3 2.45387E-3 2.44494E-3 2.43574E-3 2.2196E-3 2.47278E-3 2.60657E-3 2.54034E-3 2.49569E-3 2.52913E-3 2.55031E-3 2.82598E-3 2.91478E-3 2.59418E-3 2.45704E-3 2.40927E-3 2.18099E-3
-9999 -9999 -9999 -9999 -9999 -9999 -9999 -9999 -9999 1.96033E-2 1.99197E-2 1.83386E-2 1.77181E-2 1.62042E-2 1.38945E-2 1.27544E-2 1.226E-2 1.06443E-2 8.92756E-3 9.17268E-3 8.69899E-3 7.07342E-3 6.30123E-3 6.23403E-3 5.61059E-3 4.85586E-3 4.63956E-3 4.17994E-3 3.99877E-3 3.72822E-3 3.33387E-3 3.38822E-3 2.97498E-3 2.72348E-3 2.67767E-3 2.45491E-3 2.32039E-3 2.04347E-3 1.99629E-3 1.97948E-3 1.83143E-3 1.87242E-3 2.18212E-3 1.44226E-3 1.51104E-3 1.7563E-3 1.82812E-3 1.80599E-3 1.88293E-3 2.09447E-3 2.11061E-3 2.11003E-3 2.20242E-3 2.34506E-3 2.46195E-3 2.56066E-3 2.60822E-3 2.5515E-3 2.4048E-3 2.35646E-3 2.34945E-3 2.40969E-3 2.34037E-3 2.38476E-3 2.37879E-3 2.47701E-3 2.50164E-3 2.59096E-3 2.69583E-3 2.37807E-3 2.22619E-3 2.16699E-3
-9999 -9999 -9999 -9999 -9999 -9999 -9999 -9999 -9999 1.82972E-2 1.66876E-2 1.5665E-2 1.46908E-2 1.40314E-2 1.27653E-2 1.10652E-2 1.08073E-2 9.21809E-3 8.44365E-3 8.65672E-3 7.61849E-3 6.56424E-3 6.08909E-3 5.30495E-3 5.20508E-3 4.60682E-3 4.1936E-3 3.94873E-3 3.56384E-3 3.39706E-3 3.29673E-3 2.93008E-3 2.86391E-3 2.61298E-3 2.5236E-3 2.47772E-3 2.31011E-3 2.07457E-3 2.02366E-3 1.74942E-3 1.74876E-3 1.5758E-3 1.68808E-3 1.23726E-3 1.49296E-3 1.74186E-3 1.99826E-3 1.90469E-3 1.81992E-3 2.08832E-3 2.03917E-3 2.05559E-3 2.40837E-3 2.47396E-3 2.50927E-3 2.55633E-3 2.6202E-3 2.68651E-3 2.60095E-3 2.32411E-3 2.42664E-3 2.34421E-3 2.29022E-3 2.41053E-3 2.3512E-3 2.23677E-3 2.37528E-3 2.37323E-3 2.40649E-3 2.3899E-3 2.21603E-3 2.15339E-3
-9999 -9999 -9999 -9999 -9999 -9999 -9999 -9999 -9999 1.55237E-2 1.39536E-2 1.32527E-2 1.23121E-2 1.24846E-2 1.15182E-2 1.04933E-2 9.1281E-3 7.95081E-3 8.41754E-3 7.96523E-3 6.36084E-3 5.53727E-3 5.38142E-3 4.81657E-3 4.4829E-3 4.34532E-3 3.85976E-3 3.37152E-3 3.19645E-3 3.00946E-3 2.87376E-3 2.76099E-3 2.67282E-3 2.41321E-3 2.27121E-3 2.17864E-3 2.16656E-3 2.08104E-3 1.76864E-3 1.50557E-3 1.58245E-3 1.60219E-3 1.19691E-3 1.33636E-3 1.53648E-3 1.59774E-3 1.7491E-3 2.07363E-3 2.06E-3 1.99905E-3 2.11027E-3 2.09008E-3 2.2406E-3 2.51607E-3 2.59404E-3 2.48717E-3 2.72715E-3 2.76063E-3 2.78038E-3 2.67812E-3 2.36279E-3 2.23716E-3 2.43498E-3 2.49488E-3 2.50905E-3 2.41034E-3 2.16697E-3 1.99257E-3 2.29045E-3 2.34774E-3 2.21559E-3 1.9905E-3
-9999 -9999 -9999 -9999 -9999 -9999 -9999 -9999 1.39957E-2 1.35206E-2 1.25667E-2 1.16935E-2 1.07837E-2 1.02376E-2 8.758E-3 8.54107E-3 7.32896E-3 7.38629E-3 7.25128E-3 5.74366E-3 5.71922E-3 5.1101E-3 4.88944E-3 4.49045E-3 4.06719E-3 3.8046E-3 3.49465E-3 3.24503E-3 3.01264E-3 2.67806E-3 2.53023E-3 2.50437E-3 2.43991E-3 2.26035E-3 2.10406E-3 2.08033E-3 1.64615E-3 1.65168E-3 1.80025E-3 1.66602E-3 1.66993E-3 1.3412E-3 1.40177E-3 1.66364E-3 1.82773E-3 1.66924E-3 1.52865E-3 1.73162E-3 2.23395E-3 2.23122E-3 2.26621E-3 1.9678E-3 1.97635E-3 2.3883E-3 2.85197E-3 2.54413E-3 2.31665E-3 2.62657E-3 2.8977E-3 2.70125E-3 2.60004E-3 2.41501E-3 2.21249E-3 2.3737E-3 2.21206E-3 2.1251E-3 2.11465E-3 2.07986E-3 2.13851E-3 2.09866E-3 2.29986E-3 2.09226E-3
-9999 -9999 -9999 -9999 -9999 -9999 -9999 -9999 1.28804E-2 1.11386E-2 1.01396E-2 9.93613E-3 9.90525E-3 8.21226E-3 8.0618E-3 7.50495E-3 6.51459E-3 6.13965E-3 5.20981E-3 4.5269E-3 4.73066E-3 4.50869E-3 4.44815E-3 4.05676E-3 3.93061E-3 3.3504E-3 3.23387E-3 3.01354E-3 2.99303E-3 2.51508E-3 2.50136E-3 2.28651E-3 2.21684E-3 1.99332E-3 1.90683E-3 1.71377E-3 1.59732E-3 1.63053E-3 1.62855E-3 1.56486E-3 1.70701E-3 1.74921E-3 1.8765E-3 1.85423E-3 1.75938E-3 1.83541E-3 1.63599E-3 1.51546E-3 1.83199E-3 2.20319E-3 2.25784E-3 2.21869E-3 2.07163E-3 1.94732E-3 2.48009E-3 2.59847E-3 2.66764E-3 2.72949E-3 2.61747E-3 2.50893E-3 2.73614E-3 2.51048E-3 2.33889E-3 2.20052E-3 2.20527E-3 2.18357E-3 2.01647E-3 2.18238E-3 2.1595E-3 1.93446E-3 2.08266E-3 2.05253E-3
-9999 -9999 -9999 -9999 -9999 -9999 -9999 -9999 1.11855E-2 9.21982E-3 9.05653E-3 7.89975E-3 7.22431E-3 6.6991E-3 6.07503E-3 6.11422E-3 5.23561E-3 5.46522E-3 4.65928E-3 4.60127E-3 4.04717E-3 3.95624E-3 3.88704E-3 3.64325E-3 3.52292E-3 3.17774E-3 2.98775E-3 2.89728E-3 2.63388E-3 2.43994E-3 2.25635E-3 2.04246E-3 2.06236E-3 1.90503E-3 1.7946E-3 1.70453E-3 1.64803E-3 1.61629E-3 1.58289E-3 1.53718E-3 1.4134E-3 1.48395E-3 1.68608E-3 1.68883E-3 1.73591E-3 1.82796E-3 1.74792E-3 1.61639E-3 1.80055E-3 1.80686E-3 1.96729E-3 2.27251E-3 2.46817E-3 2.09737E-3 1.8442E-3 2.25369E-3 2.46599E-3 2.15582E-3 2.18173E-3 2.28022E-3 2.49448E-3 2.67059E-3 2.74867E-3 2.38452E-3 2.03136E-3 2.15633E-3 2.1371E-3 2.04966E-3 1.98953E-3 1.9399E-3 1.91972E-3 2.05826E-3
-9999 -9999 -9999 -9999 -9999 -9999 -9999 -9999 -9999 -9999 8.14578E-3 6.82018E-3 6.37975E-3 5.98184E-3 5.72526E-3 5.35563E-3 4.69918E-3 4.17196E-3 3.77047E-3 3.74628E-3 3.92559E-3 3.60961E-3 3.24404E-3 3.39669E-3 3.18152E-3 2.81815E-3 2.7141E-3 2.65331E-3 2.58392E-3 2.23572E-3 2.24196E-3 2.22065E-3 2.01796E-3 1.58727E-3 1.51894E-3 1.50353E-3 1.5092E-3 1.46043E-3 1.59333E-3 1.35638E-3 1.40512E-3 1.32251E-3 1.41442E-3 1.57776E-3 1.74331E-3 1.63377E-3 1.70376E-3 1.58955E-3 1.72654E-3 1.73456E-3 1.63768E-3 1.87152E-3 2.28563E-3 2.11931E-3 1.89673E-3 1.78621E-3 1.92843E-3 2.29229E-3 2.27985E-3 2.30331E-3 2.05041E-3 2.69736E-3 2.73842E-3 2.5941E-3 2.38999E-3 2.25892E-3 2.19734E-3 1.94638E-3 1.8567E-3 1.71968E-3 1.67288E-3 1.63243E-3
-9999 -9999 -9999 -9999 -9999 -9999 -9999 -9999 -9999 -9999 7.10039E-3 6.3744E-3 5.91711E-3 5.22489E-3 4.87667E-3 4.72231E-3 4.40805E-3 4.06982E-3 3.71787E-3 3.40385E-3 3.31022E-3 3.28372E-3 3.13955E-3 2.77318E-3 2.87324E-3 2.76733E-3 2.48528E-3 2.40841E-3 2.29078E-3 1.98705E-3 2.03853E-3 1.95172E-3 1.75847E-3 1.75486E-3 1.62144E-3 1.28717E-3 1.37589E-3 1.30207E-3 1.39133E-3 1.17631E-3 1.16045E-3 1.13198E-3 1.26978E-3 1.46953E-3 1.68135E-3 1.74773E-3 1.77801E-3 1.68311E-3 1.67706E-3 1.74364E-3 1.79271E-3 1.80948E-3 1.91489E-3 1.64366E-3 1.92315E-3 1.94322E-3 2.10026E-3 2.23457E-3 2.31112E-3 2.37221E-3 2.32298E-3 2.21217E-3 2.2611E-3 2.20914E-3 2.03245E-3 1.83344E-3 2.03797E-3 1.95185E-3 1.80264E-3 1.82123E-3 1.46149E-3 1.34697E-3
-9999 -9999 -9999 -9999 -9999 -9999 -9999 -9999 -9999 -9999 -9999 -9999 4.93194E-3 4.59891E-3 4.51324E-3 4.03859E-3 3.73687E-3 3.4461E-3 3.18655E-3 3.13213E-3 3.07609E-3 3.24753E-3 2.91812E-3 2.62544E-3 2.37264E-3 1.69268E-3 1.48209E-3 1.73533E-3 1.64838E-3 1.78612E-3 1.76987E-3 1.47727E-3 1.36791E-3 1.5581E-3 1.57697E-3 1.30894E-3 1.22568E-3 1.11719E-3 1.23474E-3 8.37834E-4 1.06702E-3 1.22362E-3 1.22858E-3 1.33446E-3 1.38045E-3 1.43347E-3 1.57393E-3 1.78371E-3 1.73956E-3 1.5882E-3 1.4321E-3 1.42217E-3 1.56173E-3 1.6142E-3 1.95768E-3 1.8819E-3 2.1214E-3 2.12359E-3 2.13997E-3 2.4037E-3 2.61878E-3 2.48244E-3 2.22672E-3 2.36463E-3 2.13169E-3 1.74887E-3 1.72026E-3 1.74872E-3 1.82033E-3 1.67347E-3 1.72656E-3 1.23637E-3
-9999 -9999 -9999 -9999 -9999 -9999 -9999 -9999 -9999 -9999 -9999 -9999 -9999 -9999 3.6836E-3 3.4237E-3 3.25166E-3 3.19432E-3 2.99401E-3 3.01594E-3 2.99378E-3 2.70529E-3 2.36447E-3 1.95764E-3 1.58802E-3 1.28278E-3 1.52582E-3 1.89939E-3 1.50982E-3 1.55209E-3 1.47451E-3 1.05852E-3 1.41868E-3 1.09194E-3 1.2882E-3 1.40449E-3 1.16119E-3 9.66856E-4 7.57165E-4 1.02359E-3 1.38338E-3 1.4131E-3 1.35326E-3 1.43599E-3 1.35243E-3 1.18583E-3 1.38811E-3 1.33735E-3 1.29707E-3 1.38182E-3 1.47958E-3 1.45754E-3 1.79669E-3 1.93341E-3 1.66996E-3 1.89993E-3 1.84623E-3 1.96775E-3 2.40144E-3 2.26706E-3 2.48524E-3 2.13219E-3 2.18371E-3 2.06638E-3 1.90652E-3 1.84244E-3 2.03006E-3 1.79871E-3 1.78798E-3 1.28448E-3 1.47454E-3 1.41262E-3
-9999 -9999 -9999 -9999 -9999 -9999 -9999 -9999 -9999 -9999 -9999 -9999 -9999 3.57368E-3 3.22953E-3 3.04845E-3 2.84247E-3 2.70269E-3 2.89788E-3 2.8635E-3 2.64765E-3 2.02346E-3 1.77271E-3 1.50603E-3 1.50037E-3 1.34436E-3 1.57581E-3 1.67197E-3 1.62599E-3 1.26975E-3 8.51303E-4 1.19101E-3 1.04101E-3 9.93626E-4 1.14749E-3 8.40895E-4 8.80464E-4 9.0839E-4 1.18828E-3 1.27306E-3 1.32938E-3 1.42922E-3 1.48054E-3 1.28137E-3 1.27887E-3 1.17457E-3 1.24812E-3 1.07919E-3 1.1466E-3 1.4885E-3 1.16449E-3 1.23419E-3 1.24135E-3 1.24663E-3 1.57498E-3 1.81074E-3 2.12201E-3 1.63267E-3 1.83202E-3 2.51475E-3 2.40251E-3 2.10999E-3 1.92131E-3 1.7507E-3 1.6591E-3 1.60991E-3 1.42427E-3 1.50902E-3 1.44954E-3 1.3211E-3 1.18049E-3 1.07772E-3
-9999 -9999 -9999 -9999 -9999 -9999 -9999 -9999 -9999 -9999 -9999 -9999 -9999 -9999 3.01498E-3 2.45362E-3 2.36287E-3 2.57073E-3 2.61663E-3 1.99351E-3 1.91003E-3 1.38315E-3 1.37145E-3 1.39235E-3 1.45127E-3 1.4444E-3 1.56911E-3 1.62803E-3 1.56684E-3 8.33148E-4 1.22619E-3 1.16151E-3 1.30102E-3 1.41456E-3 1.10525E-3 8.04174E-4 7.86244E-4 9.24353E-4 1.28754E-3 1.28962E-3 1.15E-3 1.15379E-3 1.15661E-3 1.0421E-3 1.1605E-3 8.607E-4 1.03574E-3 8.24774E-4 1.23557E-3 1.38508E-3 1.22254E-3 1.11953E-3 1.13713E-3 1.36686E-3 1.50465E-3 1.69822E-3 1.42907E-3 1.78969E-3 1.19567E-3 1.74566E-3 2.13299E-3 1.94745E-3 1.74671E-3 1.50956E-3 1.58342E-3 1.66615E-3 1.43492E-3 1.14115E-3 1.2365E-3 1.0599E-3 1.07374E-3 9.81377E-4
-9999 -9999 -9999 -9999 -9999 -9999 -9999 -9999 -9999 -9999 -9999 -9999 -9999 -9999 -9999 2.2558E-3 2.10543E-3 2.12258E-3 1.64678E-3 1.34449E-3 1.68695E-3 1.2115E-3 1.40423E-3 1.41171E-3 1.55864E-3 1.66092E-3 1.46529E-3 1.4553E-3 8.33499E-4 1.1016E-3 1.20387E-3 1.11437E-3 1.19241E-3 1.21004E-3 1.01612E-3 9.88205E-4 7.70855E-4 9.09317E-4 1.07155E-3 1.23209E-3 9.83195E-4 1.08457E-3 9.80295E-4 7.81163E-4 1.03371E-3 8.46435E-4 6.59731E-4 8.19554E-4 9.06749E-4 9.54192E-4 1.08184E-3 1.19068E-3 1.49999E-3 1.15901E-3 1.06099E-3 1.15469E-3 1.27149E-3 1.35684E-3 1.21424E-3 1.01282E-3 1.06646E-3 1.09004E-3 1.3116E-3 1.49504E-3 1.55894E-3 1.83133E-3 1.67984E-3 1.46985E-3 1.14791E-3 1.28284E-3 1.279E-3 1.33684E-3
-9999 -9999 -9999 -9999 -9999 -9999 -9999 -9999 -9999 -9999 -9999 2.06143E-3 1.97949E-3 -9999 -9999 2.00597E-3 1.76424E-3 1.51707E-3 1.05689E-3 1.23445E-3 1.01613E-3 1.23276E-3 1.38702E-3 1.51439E-3 1.60058E-3 1.49108E-3 1.1766E-3 9.97472E-4 7.71236E-4 1.26173E-3 8.52591E-4 1.09398E-3 1.14686E-3 1.0086E-3 8.35095E-4 8.36183E-4 9.01136E-4 1.05241E-3 1.13938E-3 9.51621E-4 8.82266E-4 7.6495E-4 7.03223E-4 5.56344E-4 4.76576E-4 5.16768E-4 6.44654E-4 8.0339E-4 7.80185E-4 9.75917E-4 9.27548E-4 1.10218E-3 1.31783E-3 1.47273E-3 1.24741E-3 1.07737E-3 9.43653E-4 7.60145E-4 8.14447E-4 8.29142E-4 8.26596E-4 9.23751E-4 1.2384E-3 1.5758E-3 1.53728E-3 1.62721E-3 1.61481E-3 1.34778E-3 1.19489E-3 1.25061E-3 1.26522E-3 1.28718E-3
-9999 -9999 -9999 -9999 -9999 -9999 -9999 -9999 -9999 -9999 -9999 -9999 1.81489E-3 1.62722E-3 1.64155E-3 -9999 1.5437E-3 1.35972E-3 1.33949E-3 1.06187E-3 1.09151E-3 1.11976E-3 1.167E-3 1.35082E-3 1.26761E-3 1.03377E-3 9.85364E-4 8.02398E-4 1.02032E-3 1.01795E-3 7.48535E-4 1.04295E-3 8.80494E-4 6.7317E-4 6.42908E-4 5.99207E-4 9.00635E-4 1.13404E-3 9.49085E-4 5.36371E-4 4.21361E-4 4.26335E-4 4.25468E-4 4.7758E-4 5.96588E-4 6.80072E-4 8.29182E-4 1.07253E-3 1.10651E-3 1.17133E-3 1.03551E-3 1.31251E-3 1.26298E-3 1.36239E-3 1.59966E-3 1.40267E-3 9.10802E-4 9.15119E-4 9.66171E-4 1.03711E-3 9.17511E-4 1.12416E-3 1.33792E-3 1.46633E-3 1.71446E-3 1.48514E-3 1.2414E-3 1.0994E-3 1.24828E-3 1.17021E-3 1.07409E-3 1.12738E-3
-9999 -9999 -9999 -9999 -9999 1.69685E-3 1.71002E-3 1.66778E-3 -9999 -9999 -9999 -9999 1.54183E-3 1.42366E-3 1.43907E-3 1.32918E-3 1.31515E-3 1.22245E-3 1.15174E-3 9.63729E-4 1.10949E-3 1.21717E-3 1.01048E-3 1.27059E-3 1.14076E-3 1.10158E-3 1.02032E-3 8.8954E-4 1.0712E-3 6.29249E-4 7.74469E-4 8.40921E-4 6.25098E-4 6.3675E-4 8.84359E-4 9.68342E-4 1.0464E-3 1.10595E-3 9.53917E-4 9.89527E-4 9.10804E-4 6.30614E-4 5.91223E-4 6.96407E-4 7.00461E-4 8.9003E-4 1.00078E-3 8.89721E-4 1.05474E-3 1.14541E-3 1.09148E-3 1.06932E-3 1.30954E-3 1.21168E-3 1.15204E-3 7.31751E-4 1.06092E-3 1.18844E-3 1.27078E-3 1.12747E-3 9.48748E-4 1.20063E-3 1.18429E-3 1.39276E-3 1.38413E-3 1.32311E-3 1.11833E-3 1.22803E-3 1.173E-3 1.19153E-3 1.15759E-3 1.01453E-3
1.54665E-3 1.60259E-3 1.48276E-3 -9999 -9999 1.49996E-3 1.4943E-3 1.38312E-3 1.40805E-3 -9999 -9999 -9999 -9999 1.23371E-3 1.16433E-3 1.09862E-3 1.08798E-3 1.28564E-3 9.35957E-4 1.12635E-3 1.05217E-3 1.10474E-3 1.001E-3 1.08226E-3 8.57144E-4 9.10001E-4 6.51759E-4 9.42288E-4 9.07809E-4 8.05097E-4 7.32549E-4 7.56834E-4 8.45041E-4 8.96854E-4 9.82888E-4 1.02277E-3 1.03091E-3 9.55938E-4 8.39608E-4 7.68324E-4 9.08971E-4 1.06182E-3 1.00066E-3 9.79914E-4 9.62939E-4 9.97362E-4 1.00646E-3 1.0025E-3 8.74856E-4 7.13232E-4 1.02527E-3 1.11895E-3 1.05508E-3 9.4897E-4 8.54559E-4 6.38934E-4 9.9116E-4 1.1797E-3 1.1262E-3 9.76149E-4 9.58486E-4 8.16474E-4 8.72998E-4 1.12108E-3 1.16361E-3 9.85445E-4 1.29798E-3 1.12228E-3 9.99143E-4 1.1186E-3 1.12276E-3 9.47863E-4
1.27987E-3 1.28929E-3 1.28665E-3 -9999 -9999 1.31477E-3 1.32533E-3 1.22455E-3 1.1708E-3 1.08906E-3 1.07959E-3 1.07493E-3 -9999 9.85007E-4 1.02206E-3 9.12063E-4 9.35551E-4 7.69343E-4 6.89385E-4 9.00617E-4 9.06149E-4 9.94919E-4 8.68465E-4 8.29585E-4 6.27694E-4 5.34622E-4 5.39718E-4 7.56369E-4 9.06019E-4 8.29868E-4 8.78784E-4 8.29227E-4 8.13415E-4 7.7648E-4 8.00071E-4 8.62133E-4 9.60382E-4 9.86255E-4 8.82885E-4 5.47335E-4 3.47077E-4 5.92778E-4 5.62498E-4 4.25129E-4 6.15665E-4 8.17305E-4 8.82469E-4 9.5727E-4 9.94575E-4 9.36469E-4 7.1405E-4 8.49941E-4 9.25847E-4 4.94337E-4 4.29186E-4 7.0731E-4 7.55939E-4 1.03032E-3 1.16267E-3 8.05353E-4 1.03129E-3 8.63534E-4 6.59882E-4 5.57064E-4 6.07833E-4 9.13634E-4 1.16814E-3 1.25589E-3 1.11259E-3 8.06915E-4 9.0331E-4 9.57647E-4
