Artocarpus altilis SDM files/Last interglacial/results (without the bias file)/Artalt_5.asc
ncols         1201
nrows         481
xllcorner     119.99986351115
yllcorner     -15.00013864885
cellsize      0.041666667
NODATA_value  -9999
[rows 448 to 479 of 481, columns 504 to 575 of 1201]
-9999 -9999 -9999 -9999 -9999 -9999 -9999 -9999 -9999 -9999 -9999 -9999 2.62661E-2 2.20451E-2 1.90862E-2 1.69679E-2 1.56565E-2 1.45931E-2 1.28208E-2 1.2625E-2 1.15257E-2 1.00313E-2 9.8327E-3 9.88758E-3 1.1024E-2 1.07358E-2 1.07125E-2 9.23981E-3 8.48418E-3 8.45289E-3 7.89831E-3 7.81066E-3 8.08807E-3 8.07814E-3 7.96963E-3 7.78205E-3 7.67217E-3 8.89662E-3 8.66483E-3 9.21294E-3 1.02196E-2 9.89254E-3 1.01613E-2 8.74856E-3 8.26214E-3 8.78686E-3 9.10198E-3 1.16823E-2 1.25079E-2 1.38557E-2 1.4942E-2 1.43759E-2 1.64606E-2 1.57825E-2 1.48363E-2 1.62765E-2 1.91514E-2 2.7282E-2 2.79859E-2 4.03054E-2 4.64966E-2 4.951E-2 -9999 -9999 -9999 -9999 -9999 -9999 -9999 -9999 -9999 -9999
-9999 -9999 -9999 -9999 -9999 -9999 -9999 -9999 -9999 -9999 -9999 -9999 2.49338E-2 2.18751E-2 1.9295E-2 1.66378E-2 1.46056E-2 1.35158E-2 1.26569E-2 1.17771E-2 1.1004E-2 1.11636E-2 1.0931E-2 1.01662E-2 1.03192E-2 1.10121E-2 9.80601E-3 8.6003E-3 7.96748E-3 7.41591E-3 7.72366E-3 8.55786E-3 8.53134E-3 8.61237E-3 8.11153E-3 7.55587E-3 7.10027E-3 8.03551E-3 8.67598E-3 8.49268E-3 8.15779E-3 8.67865E-3 8.87819E-3 9.16398E-3 8.19305E-3 8.93646E-3 1.05354E-2 1.121E-2 1.18214E-2 1.22338E-2 1.24762E-2 1.36678E-2 1.45835E-2 1.49683E-2 1.59187E-2 1.63025E-2 1.7576E-2 2.20576E-2 2.8753E-2 3.8368E-2 4.16478E-2 4.45756E-2 -9999 -9999 -9999 -9999 -9999 -9999 -9999 -9999 -9999 -9999
-9999 -9999 -9999 -9999 -9999 -9999 -9999 -9999 -9999 -9999 -9999 2.63169E-2 2.4571E-2 2.06868E-2 1.8129E-2 1.67444E-2 1.4611E-2 1.27751E-2 1.11186E-2 1.02141E-2 1.0082E-2 1.05441E-2 1.0308E-2 1.02409E-2 9.59679E-3 8.70155E-3 8.22671E-3 8.06058E-3 7.87033E-3 8.27459E-3 8.61054E-3 8.62539E-3 7.67362E-3 7.5068E-3 7.90665E-3 7.90313E-3 7.54815E-3 8.50638E-3 8.47179E-3 8.15463E-3 7.56614E-3 7.76697E-3 9.11412E-3 8.42364E-3 9.11163E-3 1.07215E-2 1.02872E-2 1.07884E-2 1.10693E-2 1.20078E-2 1.17873E-2 1.27036E-2 1.30206E-2 1.27387E-2 1.28921E-2 1.24366E-2 1.55963E-2 1.86242E-2 2.46556E-2 3.42203E-2 3.90936E-2 -9999 -9999 -9999 -9999 -9999 -9999 -9999 -9999 -9999 -9999 -9999
-9999 -9999 -9999 -9999 -9999 -9999 -9999 -9999 -9999 -9999 -9999 2.63052E-2 2.45989E-2 2.08167E-2 1.89484E-2 1.68879E-2 1.38124E-2 1.28378E-2 1.04771E-2 1.01994E-2 9.35295E-3 9.07527E-3 8.58243E-3 8.02842E-3 7.51787E-3 6.85805E-3 7.01816E-3 7.49586E-3 7.00989E-3 7.27455E-3 7.26325E-3 7.53648E-3 7.96944E-3 7.87987E-3 7.85918E-3 7.77029E-3 7.72298E-3 8.42475E-3 8.03336E-3 8.18346E-3 7.56672E-3 7.61126E-3 9.11352E-3 9.20622E-3 9.20935E-3 9.22625E-3 8.56814E-3 9.60851E-3 1.01948E-2 1.07195E-2 1.10418E-2 1.00766E-2 8.96488E-3 8.77031E-3 8.74123E-3 1.05913E-2 1.37739E-2 1.86989E-2 2.4907E-2 3.14858E-2 3.49703E-2 -9999 -9999 -9999 -9999 -9999 -9999 -9999 -9999 -9999 -9999 -9999
-9999 -9999 -9999 -9999 -9999 -9999 -9999 -9999 -9999 -9999 -9999 2.63542E-2 2.46309E-2 1.94595E-2 1.90847E-2 1.56944E-2 1.37749E-2 1.26228E-2 1.11267E-2 1.08803E-2 9.39362E-3 9.15769E-3 7.6061E-3 7.36502E-3 6.86883E-3 6.76976E-3 6.56786E-3 6.57271E-3 5.91074E-3 6.18018E-3 6.35107E-3 6.16093E-3 6.35702E-3 6.63829E-3 6.91372E-3 6.94947E-3 7.06352E-3 8.00604E-3 7.8865E-3 7.36252E-3 7.52271E-3 7.7471E-3 8.11966E-3 8.48067E-3 8.33084E-3 7.9762E-3 8.97975E-3 1.03117E-2 1.04778E-2 1.01265E-2 1.04076E-2 1.04582E-2 8.96731E-3 9.28382E-3 1.02503E-2 1.0939E-2 1.54835E-2 1.78938E-2 2.37723E-2 2.80867E-2 3.25565E-2 3.55088E-2 -9999 -9999 -9999 -9999 -9999 -9999 -9999 -9999 -9999 -9999
-9999 -9999 -9999 -9999 -9999 -9999 -9999 -9999 -9999 -9999 -9999 2.63822E-2 2.42925E-2 2.0456E-2 1.80777E-2 1.57478E-2 1.38788E-2 1.26627E-2 1.11229E-2 1.02723E-2 9.41997E-3 8.68174E-3 8.07219E-3 7.881E-3 7.75991E-3 7.63556E-3 7.15807E-3 6.18348E-3 6.40316E-3 6.9001E-3 6.60233E-3 6.13679E-3 5.97792E-3 5.81504E-3 5.3208E-3 5.55711E-3 6.44046E-3 6.63692E-3 7.3023E-3 7.76265E-3 7.56654E-3 7.59557E-3 7.96354E-3 8.45942E-3 8.67858E-3 8.99868E-3 9.13917E-3 9.73894E-3 9.91252E-3 9.47054E-3 9.06095E-3 1.0161E-2 1.11295E-2 1.03568E-2 1.06325E-2 1.03537E-2 1.4071E-2 2.11535E-2 2.30163E-2 2.79587E-2 3.0472E-2 3.3154E-2 3.53466E-2 -9999 -9999 -9999 -9999 -9999 -9999 -9999 -9999 -9999
-9999 -9999 -9999 -9999 -9999 -9999 -9999 -9999 -9999 -9999 -9999 2.6101E-2 2.42155E-2 2.04612E-2 1.78719E-2 1.50194E-2 1.29175E-2 1.13268E-2 1.02553E-2 1.01014E-2 8.87096E-3 8.65466E-3 8.53018E-3 7.82842E-3 8.20036E-3 7.68456E-3 7.17051E-3 6.88656E-3 7.12938E-3 7.53995E-3 7.52118E-3 6.22335E-3 5.72069E-3 6.1587E-3 5.99475E-3 5.90056E-3 5.85185E-3 6.22489E-3 6.47052E-3 7.24294E-3 7.57581E-3 7.40677E-3 7.1454E-3 8.42364E-3 8.46927E-3 8.59267E-3 8.6329E-3 8.73451E-3 9.42244E-3 9.98507E-3 1.07072E-2 8.50059E-3 1.09023E-2 1.15882E-2 1.06569E-2 1.14793E-2 1.51327E-2 2.29884E-2 2.37899E-2 2.70549E-2 2.886E-2 2.99541E-2 3.20393E-2 -9999 -9999 -9999 -9999 -9999 -9999 -9999 -9999 -9999
-9999 -9999 -9999 -9999 -9999 -9999 -9999 -9999 -9999 -9999 -9999 2.62128E-2 2.26202E-2 2.01253E-2 1.78834E-2 1.49514E-2 1.29512E-2 1.19835E-2 1.03767E-2 9.66222E-3 8.86597E-3 8.03845E-3 8.54462E-3 8.33041E-3 7.72811E-3 7.61015E-3 7.18071E-3 6.8764E-3 7.57524E-3 7.63059E-3 6.41179E-3 6.20462E-3 6.69032E-3 7.72408E-3 6.394E-3 6.73093E-3 7.99611E-3 7.65965E-3 7.68216E-3 7.72681E-3 6.34095E-3 6.1041E-3 6.63553E-3 7.25753E-3 6.94069E-3 7.38322E-3 8.59581E-3 8.67321E-3 8.85109E-3 8.78742E-3 9.64007E-3 1.10515E-2 1.27311E-2 1.11507E-2 1.21694E-2 1.09393E-2 1.29776E-2 2.03208E-2 2.24568E-2 2.39877E-2 2.6041E-2 2.93841E-2 3.21238E-2 -9999 -9999 -9999 -9999 -9999 -9999 -9999 -9999 -9999
-9999 -9999 -9999 -9999 -9999 -9999 -9999 -9999 -9999 -9999 -9999 2.50853E-2 2.27503E-2 2.01599E-2 1.69186E-2 1.4041E-2 1.29491E-2 1.11831E-2 1.03328E-2 9.09256E-3 8.74038E-3 8.47192E-3 8.06939E-3 7.82606E-3 7.73733E-3 7.3306E-3 6.85434E-3 7.33175E-3 7.41771E-3 6.21564E-3 5.89046E-3 6.23533E-3 7.15537E-3 6.9679E-3 7.02459E-3 7.52252E-3 8.22018E-3 7.38721E-3 6.94607E-3 6.79742E-3 6.51108E-3 6.80777E-3 6.28036E-3 6.69723E-3 6.3566E-3 6.80703E-3 7.52834E-3 8.0328E-3 8.74964E-3 8.24508E-3 8.65875E-3 9.57813E-3 9.87638E-3 1.12015E-2 1.21699E-2 1.29182E-2 1.42123E-2 1.90515E-2 2.08466E-2 2.25176E-2 2.44006E-2 2.79888E-2 3.14161E-2 3.18272E-2 -9999 -9999 -9999 -9999 -9999 -9999 -9999 -9999
-9999 -9999 -9999 -9999 -9999 -9999 -9999 -9999 -9999 -9999 -9999 -9999 2.1728E-2 2.0208E-2 1.66968E-2 1.40827E-2 1.27985E-2 1.18275E-2 1.03775E-2 9.11906E-3 8.87266E-3 8.64362E-3 8.03141E-3 7.85473E-3 7.39744E-3 6.96129E-3 6.80636E-3 6.6975E-3 6.63363E-3 6.09593E-3 6.28072E-3 6.18584E-3 6.99333E-3 6.72237E-3 7.55308E-3 7.28258E-3 7.1401E-3 7.08383E-3 6.93454E-3 6.67262E-3 6.83035E-3 6.83554E-3 7.21082E-3 6.80842E-3 6.65075E-3 7.17029E-3 7.29535E-3 7.36486E-3 8.04917E-3 8.28295E-3 8.34302E-3 7.79736E-3 1.03674E-2 1.18039E-2 1.35286E-2 1.29457E-2 1.33487E-2 1.65389E-2 1.93883E-2 2.23355E-2 2.28192E-2 2.57579E-2 2.78426E-2 3.00098E-2 3.3479E-2 -9999 -9999 -9999 -9999 -9999 -9999 -9999
-9999 -9999 -9999 -9999 -9999 -9999 -9999 -9999 -9999 -9999 -9999 -9999 -9999 1.84008E-2 1.6993E-2 1.32947E-2 1.16397E-2 1.07149E-2 1.05256E-2 9.10298E-3 8.88154E-3 8.38347E-3 8.03891E-3 7.64074E-3 7.08334E-3 6.58792E-3 6.43528E-3 6.31494E-3 6.27028E-3 6.51874E-3 5.95102E-3 6.19901E-3 6.58876E-3 6.36106E-3 7.2152E-3 6.76569E-3 6.42607E-3 6.365E-3 6.4957E-3 7.05111E-3 7.18218E-3 6.84244E-3 7.36835E-3 6.92832E-3 7.17446E-3 7.27439E-3 6.96306E-3 7.20541E-3 7.02326E-3 8.0042E-3 8.46916E-3 8.58983E-3 9.2585E-3 1.07191E-2 1.24172E-2 1.33416E-2 1.23983E-2 1.56506E-2 1.79825E-2 1.97511E-2 2.1363E-2 2.27811E-2 2.60241E-2 2.7815E-2 3.13636E-2 -9999 -9999 -9999 -9999 -9999 -9999 -9999
-9999 -9999 -9999 -9999 -9999 -9999 -9999 -9999 -9999 -9999 -9999 -9999 -9999 -9999 1.61355E-2 1.32872E-2 1.22686E-2 1.0761E-2 1.05788E-2 9.06928E-3 8.38094E-3 7.82882E-3 7.36817E-3 6.85412E-3 5.90835E-3 6.1316E-3 5.61181E-3 5.24736E-3 5.58252E-3 5.10208E-3 5.57036E-3 6.3231E-3 6.14383E-3 6.42467E-3 5.89886E-3 5.76195E-3 5.39953E-3 5.49889E-3 6.89857E-3 7.23434E-3 6.8712E-3 6.20704E-3 6.14491E-3 6.08494E-3 6.05097E-3 5.87785E-3 6.09317E-3 6.5476E-3 6.80303E-3 7.54899E-3 8.84574E-3 8.86001E-3 9.50896E-3 1.00395E-2 1.15461E-2 1.25804E-2 1.34022E-2 1.54385E-2 1.68869E-2 1.94742E-2 1.98693E-2 2.2492E-2 2.43922E-2 2.60994E-2 2.94387E-2 -9999 -9999 -9999 -9999 -9999 -9999 -9999
-9999 -9999 -9999 -9999 -9999 -9999 -9999 -9999 -9999 -9999 -9999 -9999 -9999 -9999 1.50587E-2 1.47531E-2 1.30557E-2 1.08273E-2 9.31328E-3 9.14231E-3 7.58136E-3 7.01585E-3 6.41758E-3 5.95514E-3 6.26695E-3 5.48358E-3 5.35862E-3 5.22293E-3 5.17276E-3 5.35632E-3 6.36361E-3 6.003E-3 5.69887E-3 5.22735E-3 5.1794E-3 4.80824E-3 5.16388E-3 6.10833E-3 6.20687E-3 6.17323E-3 5.45078E-3 5.66971E-3 6.17215E-3 6.15488E-3 5.88132E-3 6.19041E-3 5.5467E-3 5.82488E-3 6.65525E-3 8.01025E-3 8.7071E-3 9.2108E-3 9.70308E-3 1.03257E-2 1.01743E-2 1.18273E-2 1.51118E-2 1.43998E-2 1.64856E-2 1.71415E-2 1.84381E-2 1.98523E-2 2.24197E-2 2.54949E-2 2.7296E-2 -9999 -9999 -9999 -9999 -9999 -9999 -9999
-9999 -9999 -9999 -9999 -9999 -9999 -9999 -9999 -9999 -9999 -9999 -9999 -9999 -9999 1.43502E-2 1.32361E-2 1.17045E-2 1.02605E-2 8.87409E-3 8.24278E-3 7.21223E-3 7.01324E-3 6.44661E-3 6.02343E-3 5.58716E-3 5.18416E-3 5.06997E-3 5.23862E-3 5.45999E-3 5.7743E-3 5.44704E-3 4.76759E-3 4.63846E-3 4.87838E-3 4.87043E-3 5.06951E-3 4.95445E-3 5.40865E-3 5.95982E-3 5.48325E-3 5.09376E-3 5.37531E-3 5.48788E-3 5.54455E-3 5.52035E-3 5.30502E-3 5.65147E-3 6.23289E-3 7.81029E-3 7.95286E-3 8.15972E-3 8.59771E-3 9.83022E-3 9.30361E-3 9.41033E-3 1.08022E-2 1.21971E-2 1.43916E-2 1.57236E-2 1.60826E-2 1.73196E-2 1.85665E-2 1.99954E-2 2.22764E-2 2.56023E-2 -9999 -9999 -9999 -9999 -9999 -9999 -9999
-9999 -9999 -9999 -9999 -9999 -9999 -9999 -9999 -9999 -9999 -9999 -9999 -9999 -9999 1.43673E-2 1.32761E-2 1.09235E-2 9.5752E-3 8.37069E-3 7.17094E-3 7.13089E-3 6.13495E-3 6.12302E-3 5.70995E-3 4.85844E-3 5.46006E-3 5.37079E-3 4.98007E-3 5.21947E-3 4.79472E-3 4.87832E-3 4.81664E-3 4.97549E-3 4.94528E-3 4.44627E-3 4.48686E-3 4.58854E-3 5.31084E-3 5.6974E-3 5.4797E-3 5.68628E-3 5.46207E-3 5.12797E-3 5.09879E-3 5.38673E-3 6.17207E-3 6.78012E-3 6.82971E-3 7.04351E-3 7.63763E-3 7.64396E-3 8.49888E-3 8.8548E-3 8.93095E-3 8.56099E-3 9.49272E-3 1.00192E-2 1.30884E-2 1.38807E-2 1.4321E-2 1.58531E-2 1.78883E-2 1.82021E-2 2.04821E-2 2.50926E-2 2.55135E-2 -9999 -9999 -9999 -9999 -9999 -9999
-9999 -9999 -9999 -9999 -9999 -9999 -9999 -9999 -9999 -9999 -9999 -9999 -9999 -9999 1.44441E-2 1.24705E-2 1.04238E-2 9.08658E-3 7.81625E-3 7.23674E-3 6.65513E-3 5.81823E-3 5.66804E-3 4.98295E-3 4.62727E-3 4.49186E-3 4.68067E-3 4.45363E-3 4.34817E-3 4.5884E-3 4.2314E-3 4.47517E-3 4.4571E-3 4.4239E-3 4.47834E-3 4.57E-3 4.84398E-3 5.47061E-3 5.69893E-3 5.16874E-3 4.88387E-3 4.76025E-3 5.11839E-3 5.55539E-3 5.93431E-3 6.63094E-3 7.26415E-3 6.02236E-3 6.31577E-3 7.51981E-3 7.67205E-3 7.30757E-3 7.36171E-3 7.85599E-3 8.77947E-3 9.21171E-3 8.61503E-3 1.06293E-2 1.33969E-2 1.45822E-2 1.4866E-2 1.59367E-2 1.77962E-2 2.02133E-2 2.39049E-2 2.51338E-2 -9999 -9999 -9999 -9999 -9999 -9999
-9999 -9999 -9999 -9999 -9999 -9999 -9999 -9999 -9999 -9999 -9999 -9999 -9999 1.56018E-2 1.35389E-2 1.189E-2 1.04508E-2 8.47087E-3 7.84643E-3 6.86137E-3 6.39692E-3 5.4496E-3 4.93623E-3 4.5931E-3 4.39425E-3 4.27488E-3 3.93855E-3 4.11304E-3 3.83328E-3 4.10923E-3 3.80764E-3 3.71229E-3 3.66505E-3 3.94466E-3 4.36501E-3 4.49986E-3 5.22454E-3 5.2932E-3 5.09577E-3 4.64864E-3 4.61428E-3 4.40516E-3 4.89959E-3 5.57389E-3 6.06799E-3 6.06371E-3 6.44087E-3 6.4827E-3 6.48615E-3 7.57505E-3 6.92157E-3 6.89076E-3 7.29816E-3 7.58093E-3 7.63441E-3 8.38994E-3 9.0783E-3 1.05835E-2 1.32629E-2 1.28656E-2 1.34059E-2 1.5456E-2 1.69233E-2 1.75554E-2 2.18166E-2 2.33784E-2 -9999 -9999 -9999 -9999 -9999 -9999
-9999 -9999 -9999 -9999 -9999 -9999 -9999 -9999 -9999 -9999 -9999 -9999 -9999 1.4672E-2 1.35587E-2 1.12545E-2 9.71735E-3 8.49548E-3 7.77525E-3 6.79289E-3 5.60785E-3 5.445E-3 4.72914E-3 4.36167E-3 4.00444E-3 3.98699E-3 3.99111E-3 3.93936E-3 3.62655E-3 3.52698E-3 3.51706E-3 3.69531E-3 3.87595E-3 4.38123E-3 4.35696E-3 4.57265E-3 4.86536E-3 4.27691E-3 4.59454E-3 4.54851E-3 4.58498E-3 4.99614E-3 5.56481E-3 5.39189E-3 4.89607E-3 4.67873E-3 5.33358E-3 5.60649E-3 6.42329E-3 6.13895E-3 6.15062E-3 6.06778E-3 6.26807E-3 7.77579E-3 9.09157E-3 8.8343E-3 9.24833E-3 9.93502E-3 1.09315E-2 1.11899E-2 1.47805E-2 1.62384E-2 1.76306E-2 1.8486E-2 1.96051E-2 1.95352E-2 2.51428E-2 -9999 -9999 -9999 -9999 -9999
-9999 -9999 -9999 -9999 -9999 -9999 -9999 -9999 -9999 -9999 -9999 -9999 -9999 1.47062E-2 1.22281E-2 1.05541E-2 9.28101E-3 7.98013E-3 6.93914E-3 6.45476E-3 5.63338E-3 5.19171E-3 4.75047E-3 4.0872E-3 3.98854E-3 3.7463E-3 3.49312E-3 3.4221E-3 3.58247E-3 3.53896E-3 3.47761E-3 3.92604E-3 3.91947E-3 3.70509E-3 3.65012E-3 3.82385E-3 3.80717E-3 3.85847E-3 3.81194E-3 4.54158E-3 4.43482E-3 4.69534E-3 4.75081E-3 5.13255E-3 4.60334E-3 4.19153E-3 4.48972E-3 4.4577E-3 5.37144E-3 5.02337E-3 5.34076E-3 6.11804E-3 7.28203E-3 7.75022E-3 9.03349E-3 8.35663E-3 9.64896E-3 9.42236E-3 9.29482E-3 1.19495E-2 1.4798E-2 1.55083E-2 1.56916E-2 1.59872E-2 1.93868E-2 2.04178E-2 2.35723E-2 -9999 -9999 -9999 -9999 -9999
-9999 -9999 -9999 -9999 -9999 -9999 -9999 -9999 -9999 -9999 -9999 -9999 1.57733E-2 1.47497E-2 1.20864E-2 1.06079E-2 9.16405E-3 7.99115E-3 6.96826E-3 5.96423E-3 5.52345E-3 4.81639E-3 4.45086E-3 4.34618E-3 4.01277E-3 3.71931E-3 3.70141E-3 3.62715E-3 3.37998E-3 3.58352E-3 3.507E-3 3.53278E-3 3.28022E-3 3.22049E-3 3.34924E-3 3.37921E-3 3.31475E-3 3.71129E-3 3.78926E-3 4.25759E-3 4.25996E-3 4.5431E-3 4.57349E-3 4.63158E-3 4.67265E-3 4.66383E-3 4.10676E-3 3.87891E-3 4.66305E-3 4.47996E-3 5.76908E-3 6.66972E-3 7.7139E-3 7.91873E-3 8.08756E-3 8.55767E-3 8.49522E-3 9.26478E-3 1.02357E-2 1.25249E-2 1.41181E-2 1.54166E-2 1.59042E-2 1.65199E-2 1.90265E-2 1.91472E-2 2.11143E-2 2.25579E-2 -9999 -9999 -9999 -9999
-9999 -9999 -9999 -9999 -9999 -9999 -9999 -9999 -9999 -9999 -9999 -9999 1.58454E-2 1.45506E-2 1.21654E-2 1.06395E-2 9.17661E-3 7.99058E-3 6.51215E-3 5.6786E-3 5.27359E-3 4.81298E-3 4.4545E-3 3.88122E-3 4.06456E-3 3.51159E-3 3.52435E-3 3.2466E-3 3.17397E-3 3.14893E-3 2.96488E-3 2.90194E-3 3.05254E-3 3.4366E-3 3.41515E-3 3.39129E-3 3.59976E-3 3.38331E-3 3.3814E-3 3.40301E-3 3.67123E-3 4.0437E-3 4.01204E-3 4.31934E-3 4.3896E-3 4.3031E-3 4.21207E-3 4.62153E-3 4.52079E-3 5.32881E-3 6.92652E-3 7.21752E-3 7.26096E-3 7.9705E-3 8.02875E-3 8.10879E-3 7.75887E-3 8.25626E-3 9.21735E-3 1.10337E-2 1.3086E-2 1.25762E-2 1.37691E-2 1.55079E-2 1.69148E-2 1.91637E-2 2.05796E-2 2.20664E-2 2.267E-2 2.6825E-2 2.57068E-2 3.03276E-2
-9999 -9999 -9999 -9999 -9999 -9999 -9999 -9999 -9999 -9999 -9999 -9999 1.57285E-2 1.45705E-2 1.21884E-2 1.00287E-2 9.16717E-3 7.89335E-3 6.54655E-3 5.68103E-3 5.24855E-3 4.55932E-3 3.96769E-3 3.85087E-3 3.55983E-3 3.11375E-3 3.03906E-3 3.0096E-3 2.98591E-3 2.93344E-3 3.08009E-3 3.10213E-3 3.12216E-3 3.05872E-3 2.98241E-3 3.18976E-3 3.23769E-3 3.453E-3 3.20137E-3 3.55323E-3 3.24104E-3 3.45329E-3 3.68546E-3 4.15946E-3 4.2971E-3 4.27937E-3 4.87085E-3 5.30127E-3 5.36681E-3 5.24392E-3 6.58329E-3 6.81869E-3 7.45858E-3 6.99386E-3 7.48203E-3 7.6361E-3 7.52174E-3 7.41593E-3 7.90888E-3 8.7482E-3 1.14591E-2 1.13821E-2 1.36141E-2 1.28092E-2 1.57842E-2 1.69613E-2 1.84229E-2 1.9779E-2 2.11766E-2 2.37715E-2 2.51608E-2 2.83326E-2
-9999 -9999 -9999 -9999 -9999 -9999 -9999 -9999 -9999 -9999 -9999 -9999 -9999 1.39208E-2 1.19998E-2 1.0011E-2 8.07629E-3 7.514E-3 6.56249E-3 5.67537E-3 4.87879E-3 4.50586E-3 4.18194E-3 3.60443E-3 3.3156E-3 3.23018E-3 3.06113E-3 2.99786E-3 3.13641E-3 3.10683E-3 3.05856E-3 3.09895E-3 3.10024E-3 3.04958E-3 3.42525E-3 3.44924E-3 3.59824E-3 3.66866E-3 3.20329E-3 3.34264E-3 3.50889E-3 3.40777E-3 3.51155E-3 3.82593E-3 3.97272E-3 4.49603E-3 4.68751E-3 4.70647E-3 5.86696E-3 6.18801E-3 7.10596E-3 6.98422E-3 6.22293E-3 6.61354E-3 6.65462E-3 6.73758E-3 7.30075E-3 8.12178E-3 8.41971E-3 8.87806E-3 1.17787E-2 1.2538E-2 1.16889E-2 1.18215E-2 1.54891E-2 1.5783E-2 1.69974E-2 1.85383E-2 1.9661E-2 2.22618E-2 2.35258E-2 2.51852E-2
-9999 -9999 -9999 -9999 -9999 -9999 -9999 -9999 -9999 -9999 -9999 -9999 -9999 1.29788E-2 1.14144E-2 9.46676E-3 8.08844E-3 7.54232E-3 6.56815E-3 5.64778E-3 4.91097E-3 4.5243E-3 3.91908E-3 3.59757E-3 3.50087E-3 3.51675E-3 3.23337E-3 3.18215E-3 3.00091E-3 3.18121E-3 2.95496E-3 2.96217E-3 2.90182E-3 3.09279E-3 3.0814E-3 3.44272E-3 3.21427E-3 3.42885E-3 3.57747E-3 3.80848E-3 3.99481E-3 3.93018E-3 4.05626E-3 4.08633E-3 4.3338E-3 4.43224E-3 4.69243E-3 4.84822E-3 5.37561E-3 6.39839E-3 6.54353E-3 5.68371E-3 6.05837E-3 6.14474E-3 6.2561E-3 6.46575E-3 7.58747E-3 8.17166E-3 7.40824E-3 8.2348E-3 1.09087E-2 1.23497E-2 1.23759E-2 1.40833E-2 1.42823E-2 1.47097E-2 1.5836E-2 1.7123E-2 1.70343E-2 2.07212E-2 2.20194E-2 2.35932E-2
-9999 -9999 -9999 -9999 -9999 -9999 -9999 -9999 -9999 -9999 -9999 -9999 -9999 1.29722E-2 1.14266E-2 9.33497E-3 8.14691E-3 7.13989E-3 6.09054E-3 5.30684E-3 4.90839E-3 4.52562E-3 3.90337E-3 3.81473E-3 3.5443E-3 3.27E-3 3.08487E-3 2.99553E-3 2.80984E-3 2.80237E-3 2.7328E-3 2.9374E-3 2.74667E-3 2.92447E-3 3.10925E-3 3.05261E-3 3.20875E-3 3.23231E-3 3.37552E-3 3.52996E-3 3.75217E-3 3.71391E-3 4.02008E-3 4.53182E-3 4.57742E-3 4.63375E-3 4.81014E-3 5.62099E-3 5.98284E-3 5.45984E-3 5.01289E-3 5.95744E-3 6.46709E-3 6.95658E-3 6.55772E-3 6.80635E-3 6.86598E-3 6.74505E-3 7.52488E-3 9.43923E-3 1.0473E-2 1.15271E-2 1.17562E-2 1.1723E-2 1.3517E-2 1.38973E-2 1.48002E-2 1.5973E-2 1.59426E-2 1.91368E-2 1.96752E-2 2.30636E-2
-9999 -9999 -9999 -9999 -9999 -9999 -9999 -9999 -9999 -9999 -9999 -9999 -9999 1.30106E-2 1.12672E-2 9.3704E-3 8.16621E-3 6.99071E-3 6.09651E-3 5.30738E-3 4.90371E-3 4.53416E-3 3.9365E-3 3.6125E-3 3.11852E-3 3.13734E-3 2.90086E-3 2.86777E-3 2.65422E-3 2.66064E-3 2.61275E-3 2.40367E-3 2.70315E-3 2.65238E-3 2.83358E-3 2.86882E-3 3.01245E-3 3.01385E-3 3.15856E-3 3.12135E-3 3.41925E-3 3.63396E-3 4.16963E-3 4.31949E-3 4.36105E-3 4.01328E-3 4.45583E-3 4.98223E-3 5.17157E-3 5.07259E-3 5.48814E-3 6.01442E-3 6.4538E-3 6.11277E-3 6.54225E-3 6.42741E-3 6.88098E-3 6.63316E-3 6.67058E-3 8.53302E-3 9.74503E-3 1.07041E-2 1.1044E-2 1.1125E-2 1.2055E-2 1.29172E-2 1.39921E-2 1.48819E-2 1.58039E-2 1.78591E-2 1.8926E-2 2.03376E-2
-9999 -9999 -9999 -9999 -9999 -9999 -9999 -9999 -9999 -9999 -9999 -9999 -9999 1.21269E-2 1.06759E-2 9.39367E-3 8.08077E-3 7.0222E-3 6.09793E-3 5.21741E-3 4.91107E-3 4.20319E-3 3.93572E-3 3.40412E-3 3.14716E-3 2.95662E-3 2.71959E-3 2.83214E-3 2.65907E-3 2.45216E-3 2.5764E-3 2.56471E-3 2.73217E-3 2.67441E-3 2.79188E-3 2.61985E-3 2.74519E-3 2.77877E-3 3.14958E-3 3.29004E-3 3.62499E-3 3.81515E-3 3.79621E-3 3.8136E-3 3.85331E-3 3.9346E-3 4.55302E-3 5.02976E-3 4.80166E-3 4.64806E-3 5.49231E-3 6.01127E-3 5.78689E-3 6.49021E-3 6.15522E-3 6.83433E-3 6.75211E-3 7.35669E-3 7.21248E-3 8.73303E-3 9.7891E-3 9.44762E-3 1.02695E-2 1.03174E-2 1.17274E-2 1.2073E-2 1.28265E-2 1.37874E-2 1.48085E-2 1.66772E-2 1.76599E-2 1.89875E-2
-9999 -9999 -9999 -9999 -9999 -9999 -9999 -9999 -9999 -9999 -9999 -9999 -9999 1.22066E-2 1.0694E-2 9.22941E-3 8.07985E-3 6.64078E-3 6.05319E-3 5.24767E-3 4.85295E-3 4.26712E-3 3.70743E-3 3.4267E-3 3.15877E-3 2.95146E-3 2.89284E-3 2.66024E-3 2.50999E-3 2.62415E-3 2.60558E-3 2.57755E-3 2.5171E-3 2.6583E-3 2.79705E-3 2.97769E-3 2.92919E-3 3.11009E-3 3.14139E-3 3.28669E-3 3.43761E-3 3.6552E-3 3.63236E-3 3.72845E-3 4.00557E-3 4.28487E-3 4.94517E-3 4.52296E-3 4.473E-3 4.30649E-3 5.16712E-3 5.73664E-3 5.44021E-3 5.4185E-3 5.81342E-3 5.61288E-3 7.05708E-3 6.91864E-3 8.78835E-3 9.0111E-3 9.26334E-3 9.95888E-3 1.01042E-2 1.0397E-2 1.11749E-2 1.13974E-2 1.28766E-2 1.30478E-2 1.39752E-2 1.57452E-2 1.66743E-2 1.79493E-2
-9999 -9999 -9999 -9999 -9999 -9999 -9999 -9999 -9999 -9999 -9999 -9999 -9999 1.22709E-2 1.05439E-2 9.24133E-3 7.60828E-3 6.96924E-3 6.06088E-3 5.36288E-3 4.62734E-3 4.26542E-3 3.69973E-3 3.41754E-3 3.33973E-3 3.08161E-3 2.69502E-3 2.66361E-3 2.47382E-3 2.57182E-3 2.4161E-3 2.53321E-3 2.52421E-3 2.63437E-3 2.47419E-3 2.59771E-3 2.76761E-3 2.89396E-3 2.85259E-3 3.26298E-3 3.38116E-3 3.84497E-3 4.08331E-3 4.03349E-3 4.20875E-3 4.38631E-3 4.65365E-3 4.757E-3 4.65199E-3 5.18567E-3 5.59576E-3 5.42237E-3 5.00026E-3 5.79908E-3 5.82349E-3 6.00657E-3 6.60549E-3 6.56065E-3 6.79743E-3 7.98283E-3 8.64677E-3 9.3858E-3 9.1246E-3 9.56889E-3 1.10769E-2 1.12736E-2 1.14273E-2 1.26641E-2 1.36085E-2 1.38475E-2 1.46895E-2 1.57493E-2
-9999 -9999 -9999 -9999 -9999 -9999 -9999 -9999 -9999 -9999 -9999 -9999 -9999 -9999 1.05645E-2 8.76793E-3 7.53147E-3 7.09805E-3 6.14997E-3 5.36363E-3 4.58425E-3 3.96415E-3 3.6531E-3 3.42687E-3 3.17059E-3 2.74633E-3 2.67362E-3 2.79465E-3 2.6222E-3 2.43317E-3 2.52862E-3 2.51498E-3 2.47504E-3 2.63912E-3 2.63522E-3 2.75033E-3 2.93059E-3 3.07356E-3 3.42474E-3 3.63369E-3 3.43539E-3 3.60213E-3 4.0707E-3 4.32277E-3 4.2777E-3 4.10102E-3 4.61181E-3 4.81594E-3 4.92184E-3 5.29712E-3 5.36954E-3 5.75618E-3 5.42143E-3 5.15089E-3 5.41223E-3 5.61281E-3 6.46765E-3 6.00294E-3 5.79398E-3 7.25751E-3 8.00703E-3 8.29716E-3 8.47314E-3 9.14058E-3 9.62009E-3 1.04979E-2 1.11075E-2 1.17533E-2 1.26914E-2 1.29385E-2 1.36602E-2 1.46749E-2
-9999 -9999 -9999 -9999 -9999 -9999 -9999 -9999 -9999 -9999 -9999 -9999 -9999 -9999 9.88449E-3 9.29207E-3 7.66867E-3 6.67594E-3 5.82503E-3 4.98538E-3 4.6021E-3 4.21952E-3 3.9006E-3 3.58798E-3 3.09989E-3 3.1132E-3 2.88663E-3 2.79814E-3 2.63746E-3 2.43686E-3 2.53645E-3 2.513E-3 2.63586E-3 2.44289E-3 2.72986E-3 2.90394E-3 2.87556E-3 2.84451E-3 3.02169E-3 3.00164E-3 3.17437E-3 3.26826E-3 3.69418E-3 4.00776E-3 4.24275E-3 4.43434E-3 4.52383E-3 4.55579E-3 4.47383E-3 4.77295E-3 4.44809E-3 4.86435E-3 5.52667E-3 5.46724E-3 5.22711E-3 5.59913E-3 6.3077E-3 6.00408E-3 6.16352E-3 5.97933E-3 7.31537E-3 8.17568E-3 8.55584E-3 8.46678E-3 8.27296E-3 9.58347E-3 9.87154E-3 1.09122E-2 1.11352E-2 1.20203E-2 1.29246E-2 1.36511E-2
-9999 -9999 -9999 -9999 -9999 -9999 -9999 -9999 -9999 -9999 -9999 -9999 -9999 -9999 1.0037E-2 8.79376E-3 7.6522E-3 6.58721E-3 5.75981E-3 5.00273E-3 4.85721E-3 4.19952E-3 3.87586E-3 3.3564E-3 3.09937E-3 2.87004E-3 2.79248E-3 2.6318E-3 2.74012E-3 2.72821E-3 2.6917E-3 2.63179E-3 2.62326E-3 2.59479E-3 2.72804E-3 2.69508E-3 2.66827E-3 2.79893E-3 2.81595E-3 2.98969E-3 3.11655E-3 3.47815E-3 3.47276E-3 3.50149E-3 3.69491E-3 3.93611E-3 3.98357E-3 4.00174E-3 3.92081E-3 4.42405E-3 4.4547E-3 4.731E-3 4.74998E-3 5.1299E-3 5.61883E-3 5.91598E-3 6.00558E-3 5.8889E-3 6.5773E-3 7.0824E-3 7.15514E-3 7.71776E-3 7.9036E-3 8.33368E-3 8.26454E-3 9.4387E-3 9.64414E-3 1.03238E-2 1.17113E-2 1.18543E-2 1.19918E-2 1.26946E-2
