Artocarpus altilis SDM files/Last interglacial/results (without the bias file)/Artalt_min.asc
ncols         1201
nrows         481
xllcorner     119.99986351115
yllcorner     -15.00013864885
cellsize      0.041666667
NODATA_value  -9999
[rows 256 to 287 of 481, columns 432 to 503 of 1201]
5.25414E-1 5.09461E-1 5.29166E-1 5.25203E-1 5.11235E-1 4.95591E-1 4.65456E-1 4.6871E-1 4.7528E-1 4.70629E-1 4.68486E-1 4.32568E-1 4.76469E-1 4.40004E-1 4.09098E-1 4.05596E-1 3.94155E-1 3.97874E-1 3.64763E-1 3.99409E-1 4.28658E-1 3.89143E-1 3.8376E-1 2.58613E-1 2.65223E-1 2.53909E-1 2.56845E-1 2.69339E-1 2.43141E-1 2.61509E-1 2.2825E-1 2.30143E-1 2.28247E-1 2.23172E-1 2.36025E-1 2.18282E-1 2.18166E-1 2.18459E-1 2.17962E-1 1.95724E-1 2.23568E-1 2.133E-1 1.89489E-1 2.03515E-1 2.23809E-1 2.12535E-1 1.98176E-1 1.99506E-1 1.96558E-1 2.08399E-1 2.47436E-1 2.51145E-1 2.38118E-1 2.31802E-1 2.31928E-1 2.3298E-1 2.29333E-1 2.4334E-1 2.47618E-1 2.35809E-1 2.37707E-1 2.57991E-1 2.56305E-1 2.5695E-1 2.60884E-1 2.8059E-1 2.74991E-1 2.60953E-1 2.77166E-1 2.89005E-1 2.88071E-1 2.76403E-1
5.20781E-1 4.49154E-1 5.1973E-1 5.44044E-1 5.31782E-1 5.40339E-1 5.03506E-1 4.33729E-1 4.18304E-1 4.70707E-1 4.49249E-1 4.39991E-1 4.16008E-1 4.01428E-1 4.217E-1 3.88703E-1 3.89497E-1 3.77847E-1 4.21378E-1 4.06104E-1 2.74859E-1 2.7597E-1 2.71655E-1 2.82921E-1 2.57943E-1 2.57566E-1 2.67225E-1 2.5419E-1 2.3498E-1 2.47735E-1 2.32405E-1 2.31295E-1 2.32992E-1 2.29456E-1 2.29255E-1 2.42151E-1 2.2297E-1 2.30272E-1 2.18764E-1 2.22099E-1 2.3157E-1 2.27649E-1 2.12836E-1 2.16315E-1 2.17482E-1 2.12197E-1 2.20548E-1 2.1567E-1 2.16309E-1 2.10998E-1 2.284E-1 2.29412E-1 2.24627E-1 2.32495E-1 2.35744E-1 2.36292E-1 2.41484E-1 2.36151E-1 2.39331E-1 2.47162E-1 2.45192E-1 2.42632E-1 2.57114E-1 2.55809E-1 2.5096E-1 2.63891E-1 2.48932E-1 2.52745E-1 2.85033E-1 2.95309E-1 2.93539E-1 2.8535E-1
-9999 4.70728E-1 5.57361E-1 5.5223E-1 4.69145E-1 3.8882E-1 3.74702E-1 4.13704E-1 4.75634E-1 4.32107E-1 3.41657E-1 4.36774E-1 4.59482E-1 4.12918E-1 4.26387E-1 3.22986E-1 2.92136E-1 2.97844E-1 3.09794E-1 3.24173E-1 2.68074E-1 3.21035E-1 2.57806E-1 2.60365E-1 2.85014E-1 2.73251E-1 2.65418E-1 2.48223E-1 2.25031E-1 2.37097E-1 2.40523E-1 2.33732E-1 2.19324E-1 2.19145E-1 2.20723E-1 2.34559E-1 2.23435E-1 2.20623E-1 2.07399E-1 1.92789E-1 2.12396E-1 2.27592E-1 2.16937E-1 2.10885E-1 2.13498E-1 2.03264E-1 2.02117E-1 2.17334E-1 1.88902E-1 2.17966E-1 2.1977E-1 2.26783E-1 2.40858E-1 2.32585E-1 2.21002E-1 2.1017E-1 2.39038E-1 2.44743E-1 2.46785E-1 2.47208E-1 2.45512E-1 2.41091E-1 2.61429E-1 2.59643E-1 2.61463E-1 2.62013E-1 2.48455E-1 2.63905E-1 2.95099E-1 2.78441E-1 2.8055E-1 2.76645E-1
-9999 -9999 -9999 4.10699E-1 4.05178E-1 3.9678E-1 3.88868E-1 3.76219E-1 4.53132E-1 4.63856E-1 3.63794E-1 3.59988E-1 3.53376E-1 3.43325E-1 3.2433E-1 3.1501E-1 3.04221E-1 3.24155E-1 2.96514E-1 3.02394E-1 2.67651E-1 2.9599E-1 3.23841E-1 2.92554E-1 2.73035E-1 2.68429E-1 2.66698E-1 2.46507E-1 2.25911E-1 2.24776E-1 2.15758E-1 2.41575E-1 2.46084E-1 2.24685E-1 2.19396E-1 2.28002E-1 2.19032E-1 2.42159E-1 2.0411E-1 2.05021E-1 1.98391E-1 2.11018E-1 2.31069E-1 2.18558E-1 2.08125E-1 1.9646E-1 1.99008E-1 1.98201E-1 1.97887E-1 2.14121E-1 2.23334E-1 2.26264E-1 2.532E-1 2.29601E-1 2.23421E-1 2.46296E-1 2.39312E-1 2.12375E-1 2.09914E-1 2.4376E-1 2.40598E-1 2.38114E-1 2.43393E-1 2.54051E-1 2.59088E-1 2.53147E-1 2.59886E-1 2.63319E-1 2.81478E-1 2.9001E-1 2.79466E-1 2.8009E-1
-9999 -9999 -9999 3.83161E-1 4.02779E-1 4.00364E-1 3.906E-1 3.85065E-1 3.81718E-1 3.87236E-1 3.39985E-1 3.4539E-1 3.4612E-1 3.39146E-1 3.22083E-1 3.24826E-1 3.09898E-1 3.10923E-1 3.12304E-1 3.05907E-1 3.08717E-1 2.82181E-1 2.82738E-1 3.07458E-1 2.75402E-1 2.65105E-1 2.57324E-1 2.54546E-1 2.51939E-1 2.48079E-1 2.37823E-1 2.30257E-1 2.47712E-1 2.25045E-1 2.47591E-1 2.23836E-1 2.40283E-1 2.17674E-1 2.19942E-1 2.11671E-1 1.92735E-1 1.94821E-1 2.23576E-1 2.13157E-1 2.3584E-1 2.05154E-1 2.18685E-1 2.2066E-1 2.03311E-1 1.97655E-1 2.1881E-1 2.24638E-1 2.20681E-1 2.38167E-1 2.40998E-1 2.36828E-1 2.38498E-1 2.42089E-1 2.37579E-1 2.40355E-1 2.50341E-1 2.43787E-1 2.44093E-1 2.46966E-1 2.58943E-1 2.53528E-1 2.52357E-1 2.54623E-1 2.70979E-1 2.74145E-1 2.80474E-1 2.66872E-1
-9999 -9999 -9999 -9999 -9999 4.05533E-1 3.98039E-1 3.85356E-1 3.76815E-1 3.41435E-1 3.60184E-1 3.55535E-1 3.46055E-1 3.41032E-1 3.38387E-1 3.32103E-1 3.09532E-1 3.07061E-1 3.01192E-1 2.942E-1 2.95888E-1 3.24587E-1 2.86016E-1 3.19277E-1 2.7442E-1 2.60919E-1 2.62115E-1 2.52165E-1 2.51273E-1 2.58098E-1 2.41567E-1 2.17463E-1 2.12202E-1 2.3303E-1 2.45882E-1 2.48005E-1 2.53341E-1 2.27228E-1 2.09263E-1 2.09904E-1 2.11553E-1 2.08876E-1 2.10464E-1 2.07751E-1 2.25733E-1 2.11814E-1 2.21385E-1 2.38623E-1 2.20074E-1 2.00451E-1 2.02995E-1 1.99189E-1 2.25528E-1 2.35589E-1 2.53628E-1 2.39825E-1 2.15022E-1 2.42466E-1 2.4059E-1 2.41355E-1 2.44989E-1 2.49927E-1 2.50592E-1 2.46099E-1 2.75876E-1 2.59854E-1 2.51039E-1 2.5184E-1 2.72892E-1 2.7276E-1 2.69201E-1 2.68285E-1
-9999 -9999 -9999 -9999 -9999 4.20665E-1 3.9418E-1 3.36422E-1 3.39338E-1 3.40057E-1 3.43206E-1 3.51344E-1 3.39752E-1 3.53938E-1 3.22642E-1 3.18752E-1 3.08023E-1 3.09107E-1 3.18769E-1 3.43552E-1 2.97957E-1 3.08943E-1 2.80574E-1 2.78068E-1 2.72436E-1 2.676E-1 2.65696E-1 2.43744E-1 2.61549E-1 2.65876E-1 2.45374E-1 2.39996E-1 2.16515E-1 2.58588E-1 2.41696E-1 2.1889E-1 2.26824E-1 2.51788E-1 2.16101E-1 2.16099E-1 2.14571E-1 2.15208E-1 2.13986E-1 2.13267E-1 2.26285E-1 2.43979E-1 2.46966E-1 2.20636E-1 2.40192E-1 2.06342E-1 2.10975E-1 1.99627E-1 2.12026E-1 2.1182E-1 2.36813E-1 2.60788E-1 2.41065E-1 2.43593E-1 2.40607E-1 2.48839E-1 2.56376E-1 2.68651E-1 2.50494E-1 2.53125E-1 2.71248E-1 2.53623E-1 2.21629E-1 2.53293E-1 2.5896E-1 2.5463E-1 2.68211E-1 2.61146E-1
-9999 -9999 -9999 -9999 -9999 4.09831E-1 3.94616E-1 3.68738E-1 3.65483E-1 3.51685E-1 3.56833E-1 3.57619E-1 3.51636E-1 3.45577E-1 3.38921E-1 3.18201E-1 3.11215E-1 3.18517E-1 3.00289E-1 3.24508E-1 3.27126E-1 2.92306E-1 2.76765E-1 2.73112E-1 2.63025E-1 2.79429E-1 2.58269E-1 2.60596E-1 2.52614E-1 2.48582E-1 2.49384E-1 2.23977E-1 2.15199E-1 2.64544E-1 2.49862E-1 2.24281E-1 2.33497E-1 2.16764E-1 2.14719E-1 2.27158E-1 2.12253E-1 2.08872E-1 2.17705E-1 2.15721E-1 2.12661E-1 2.44919E-1 2.11212E-1 2.44742E-1 2.39772E-1 2.36286E-1 2.06274E-1 2.034E-1 2.00933E-1 2.19091E-1 2.45547E-1 2.55103E-1 2.53679E-1 2.4309E-1 2.18635E-1 2.60122E-1 2.69753E-1 2.51317E-1 2.27426E-1 2.58417E-1 2.60488E-1 2.54006E-1 2.24649E-1 2.20243E-1 2.57136E-1 2.58329E-1 2.66471E-1 2.72951E-1
-9999 -9999 -9999 -9999 -9999 -9999 4.2204E-1 4.17381E-1 3.65507E-1 3.77581E-1 3.73741E-1 3.66484E-1 3.65561E-1 3.51396E-1 3.28779E-1 3.20522E-1 3.19671E-1 3.16277E-1 3.15343E-1 3.12207E-1 3.34432E-1 3.10649E-1 3.30147E-1 2.88668E-1 2.80827E-1 2.83127E-1 2.61174E-1 2.617E-1 2.59425E-1 2.49648E-1 2.71516E-1 2.26324E-1 2.22413E-1 2.55868E-1 2.36184E-1 2.3227E-1 2.53381E-1 2.17622E-1 2.3424E-1 2.26657E-1 2.23643E-1 2.25183E-1 2.1971E-1 2.18108E-1 2.11542E-1 2.13152E-1 2.1385E-1 2.44678E-1 2.49292E-1 2.50638E-1 2.43931E-1 2.28018E-1 2.35344E-1 2.58747E-1 2.80575E-1 2.5764E-1 2.5804E-1 2.21506E-1 2.27797E-1 2.66605E-1 2.69912E-1 2.46226E-1 2.27765E-1 2.52553E-1 2.72826E-1 2.52516E-1 2.30359E-1 2.3136E-1 2.30166E-1 2.717E-1 2.64508E-1 2.6775E-1
-9999 -9999 -9999 -9999 -9999 -9999 -9999 4.42612E-1 4.0406E-1 3.81871E-1 3.72679E-1 3.76144E-1 3.71024E-1 3.4039E-1 3.40701E-1 3.2908E-1 3.25907E-1 3.24058E-1 3.14159E-1 3.19574E-1 3.12945E-1 2.92366E-1 2.88697E-1 2.91895E-1 2.74875E-1 2.79213E-1 2.72914E-1 2.63626E-1 2.68329E-1 2.58199E-1 2.70022E-1 2.33104E-1 2.38227E-1 2.6582E-1 2.4697E-1 2.39941E-1 2.56483E-1 2.3608E-1 2.39381E-1 2.21992E-1 2.33752E-1 2.28273E-1 2.26998E-1 2.24249E-1 2.23136E-1 2.17598E-1 2.22534E-1 2.53421E-1 2.51615E-1 2.50481E-1 2.12928E-1 2.28917E-1 2.71711E-1 2.75425E-1 2.56838E-1 2.56599E-1 2.57015E-1 2.23755E-1 2.54678E-1 2.54892E-1 2.6376E-1 2.29479E-1 2.34859E-1 2.61423E-1 2.76874E-1 2.5937E-1 2.3183E-1 2.26775E-1 2.37299E-1 2.81572E-1 2.67783E-1 2.65529E-1
-9999 -9999 -9999 -9999 -9999 -9999 -9999 4.51452E-1 4.40522E-1 4.23873E-1 4.11702E-1 3.87163E-1 3.80642E-1 3.54431E-1 3.50877E-1 3.41436E-1 3.30947E-1 3.34745E-1 3.27364E-1 3.21703E-1 3.14052E-1 3.12477E-1 2.90282E-1 2.93843E-1 2.75811E-1 2.90578E-1 2.841E-1 2.76214E-1 2.77329E-1 2.65048E-1 2.68937E-1 2.66063E-1 2.38139E-1 2.4532E-1 2.53908E-1 2.74026E-1 2.67182E-1 2.39149E-1 2.436E-1 2.41114E-1 2.38773E-1 2.3348E-1 2.29694E-1 2.30642E-1 2.28681E-1 2.2452E-1 2.27695E-1 2.57491E-1 2.63478E-1 2.49993E-1 2.13298E-1 2.46409E-1 2.64528E-1 2.51691E-1 2.66826E-1 2.58285E-1 2.57804E-1 2.24584E-1 2.2894E-1 2.73734E-1 2.66801E-1 2.33173E-1 2.30399E-1 2.29962E-1 2.76814E-1 2.61735E-1 2.29479E-1 2.33263E-1 2.4529E-1 2.79587E-1 2.86016E-1 2.63952E-1
-9999 -9999 -9999 -9999 -9999 -9999 -9999 -9999 4.70783E-1 4.59416E-1 4.27626E-1 4.19904E-1 3.99586E-1 3.82785E-1 3.80868E-1 3.79157E-1 3.61484E-1 3.40387E-1 3.35796E-1 3.36333E-1 3.62652E-1 3.20426E-1 3.06959E-1 3.01772E-1 2.85051E-1 2.79645E-1 2.85469E-1 2.88517E-1 2.81409E-1 2.85878E-1 2.77896E-1 2.72711E-1 2.73932E-1 2.4862E-1 2.58107E-1 2.7714E-1 2.80933E-1 2.4572E-1 2.67251E-1 2.34925E-1 2.70187E-1 2.37101E-1 2.25329E-1 2.41736E-1 2.24648E-1 2.3454E-1 2.37511E-1 2.69672E-1 2.71801E-1 2.5352E-1 2.27318E-1 2.28586E-1 2.37083E-1 2.21547E-1 2.35298E-1 2.66205E-1 2.59997E-1 2.27127E-1 2.79037E-1 2.93218E-1 2.70077E-1 2.80375E-1 2.34941E-1 2.40314E-1 2.71379E-1 2.39157E-1 2.30468E-1 2.73733E-1 2.74245E-1 3.11576E-1 2.74165E-1 2.66476E-1
-9999 -9999 -9999 -9999 -9999 -9999 -9999 -9999 6.05001E-1 5.94447E-1 4.43387E-1 4.15757E-1 3.96494E-1 3.96139E-1 3.82997E-1 3.77713E-1 3.46804E-1 3.46586E-1 3.41033E-1 3.43624E-1 3.3384E-1 3.37531E-1 3.34704E-1 3.19138E-1 3.14965E-1 2.9669E-1 2.86766E-1 3.09204E-1 2.96462E-1 3.08576E-1 2.94799E-1 2.80385E-1 2.78951E-1 2.81996E-1 2.67011E-1 2.81758E-1 2.88757E-1 2.48976E-1 2.66861E-1 2.54386E-1 2.74853E-1 2.45767E-1 2.37326E-1 2.38369E-1 2.69593E-1 2.38484E-1 2.74057E-1 2.75921E-1 2.74313E-1 2.57664E-1 2.1873E-1 2.24951E-1 2.33122E-1 2.353E-1 2.73899E-1 2.88459E-1 2.61102E-1 2.37931E-1 2.80176E-1 2.74977E-1 2.79642E-1 2.96451E-1 2.35561E-1 2.47404E-1 2.45341E-1 2.79866E-1 2.3232E-1 3.08977E-1 3.03832E-1 2.80986E-1 2.67211E-1 2.65857E-1
-9999 -9999 -9999 -9999 -9999 -9999 -9999 -9999 6.60172E-1 6.76958E-1 4.60046E-1 4.50333E-1 4.26171E-1 3.95487E-1 3.89874E-1 3.93832E-1 3.72697E-1 3.74223E-1 3.76789E-1 3.71112E-1 3.51452E-1 3.42948E-1 3.44923E-1 3.34843E-1 3.27749E-1 3.2991E-1 3.0342E-1 3.13972E-1 3.13911E-1 3.08199E-1 2.99892E-1 2.86497E-1 2.96326E-1 3.0297E-1 2.8284E-1 2.99303E-1 3.17751E-1 2.89474E-1 2.7145E-1 2.46589E-1 2.76598E-1 2.74112E-1 2.69582E-1 2.47769E-1 2.56966E-1 2.79175E-1 2.99177E-1 2.93218E-1 2.97387E-1 2.6883E-1 2.52268E-1 2.38714E-1 2.34771E-1 2.38638E-1 2.79514E-1 2.91346E-1 2.42128E-1 2.8611E-1 2.94845E-1 3.0037E-1 3.19227E-1 3.00457E-1 2.83208E-1 2.37122E-1 2.5008E-1 2.80344E-1 3.10655E-1 3.10147E-1 3.08222E-1 2.62617E-1 2.74011E-1 2.84051E-1
-9999 -9999 -9999 -9999 -9999 -9999 -9999 -9999 6.77065E-1 6.84563E-1 6.4269E-1 6.04973E-1 4.62992E-1 4.55861E-1 4.53113E-1 4.43994E-1 4.13716E-1 3.82718E-1 4.14194E-1 3.94293E-1 3.67225E-1 3.66391E-1 4.05998E-1 3.6635E-1 3.42614E-1 3.48208E-1 3.30028E-1 3.27262E-1 3.49224E-1 3.24981E-1 3.14839E-1 3.19825E-1 3.40467E-1 3.20022E-1 2.96229E-1 2.95669E-1 3.17307E-1 3.11125E-1 2.78483E-1 3.07474E-1 3.22855E-1 3.09429E-1 2.93079E-1 2.45889E-1 2.84908E-1 3.22006E-1 3.10126E-1 2.97171E-1 2.9362E-1 2.73505E-1 2.58177E-1 2.40958E-1 2.37786E-1 2.39487E-1 2.45069E-1 3.01156E-1 2.78093E-1 3.16181E-1 3.1091E-1 3.3206E-1 3.2706E-1 2.86581E-1 2.80279E-1 2.43952E-1 2.57896E-1 2.75633E-1 3.28002E-1 3.21515E-1 3.15648E-1 2.74839E-1 2.82573E-1 2.82256E-1
-9999 -9999 -9999 -9999 -9999 -9999 -9999 -9999 6.96772E-1 7.02574E-1 6.83818E-1 6.22609E-1 4.65703E-1 4.587E-1 4.53763E-1 4.14662E-1 4.11199E-1 4.08105E-1 4.34187E-1 4.06317E-1 3.78304E-1 4.03358E-1 3.892E-1 3.82021E-1 3.86459E-1 3.65075E-1 3.53235E-1 3.87136E-1 3.71552E-1 3.73062E-1 3.46037E-1 3.26506E-1 3.61445E-1 3.5071E-1 3.24165E-1 3.01093E-1 3.18653E-1 3.41673E-1 2.9951E-1 3.2878E-1 3.11207E-1 3.19335E-1 2.88852E-1 2.8005E-1 3.04619E-1 3.2339E-1 3.21857E-1 3.00892E-1 2.86144E-1 2.86145E-1 2.94246E-1 2.78208E-1 2.80226E-1 2.80507E-1 2.85644E-1 3.18468E-1 2.95761E-1 3.32179E-1 3.34429E-1 3.2292E-1 2.92279E-1 2.77199E-1 2.81767E-1 2.80508E-1 2.85716E-1 3.11533E-1 3.2843E-1 3.47591E-1 3.22519E-1 2.76718E-1 2.87154E-1 3.17036E-1
-9999 -9999 -9999 -9999 -9999 -9999 -9999 -9999 -9999 7.11777E-1 7.04524E-1 6.83543E-1 6.55682E-1 6.20018E-1 4.61976E-1 4.57157E-1 4.41938E-1 4.5255E-1 5.81577E-1 5.60536E-1 4.19501E-1 4.27084E-1 5.39803E-1 4.14939E-1 3.86841E-1 3.82064E-1 3.8296E-1 5.16967E-1 3.88571E-1 3.78326E-1 3.71549E-1 3.42393E-1 3.70982E-1 4.9319E-1 3.46343E-1 3.11689E-1 3.27318E-1 3.48438E-1 3.25699E-1 4.74434E-1 4.7345E-1 3.34932E-1 2.96254E-1 2.92782E-1 3.22268E-1 4.51577E-1 3.46354E-1 3.41972E-1 3.09246E-1 3.07802E-1 3.295E-1 3.21359E-1 2.74268E-1 2.76255E-1 2.84831E-1 3.28721E-1 3.52214E-1 3.48189E-1 3.28027E-1 3.1408E-1 2.9003E-1 3.0685E-1 2.8129E-1 3.07613E-1 3.13187E-1 3.48481E-1 3.63043E-1 3.41867E-1 3.0925E-1 3.0747E-1 3.1232E-1 3.44465E-1
-9999 -9999 -9999 -9999 -9999 -9999 -9999 -9999 -9999 7.27191E-1 7.10474E-1 7.03856E-1 6.77571E-1 6.7365E-1 6.45608E-1 6.37975E-1 6.3135E-1 6.18885E-1 6.27295E-1 5.9508E-1 5.48589E-1 4.2808E-1 5.6134E-1 5.49118E-1 4.17852E-1 4.19748E-1 5.3714E-1 5.22675E-1 5.4116E-1 3.86974E-1 5.03576E-1 3.64206E-1 3.73971E-1 4.84406E-1 3.58441E-1 3.40171E-1 3.33713E-1 3.83176E-1 3.73754E-1 5.23782E-1 4.93445E-1 3.38288E-1 3.11658E-1 3.02735E-1 4.64945E-1 4.80051E-1 3.51166E-1 3.41142E-1 3.26578E-1 3.27735E-1 3.22353E-1 3.02413E-1 2.98708E-1 2.9542E-1 2.99698E-1 3.15347E-1 4.6689E-1 3.37545E-1 4.69255E-1 3.34565E-1 3.09597E-1 3.22434E-1 3.01435E-1 3.14131E-1 3.3172E-1 4.70998E-1 3.51703E-1 3.56983E-1 3.31968E-1 3.16974E-1 3.38157E-1 3.779E-1
-9999 -9999 -9999 -9999 -9999 -9999 -9999 -9999 -9999 -9999 7.14814E-1 7.07871E-1 7.01208E-1 7.08528E-1 6.8813E-1 6.72249E-1 6.66431E-1 6.54066E-1 6.53081E-1 6.10989E-1 5.73261E-1 5.70121E-1 5.82929E-1 5.65394E-1 5.47331E-1 5.79697E-1 5.78086E-1 5.65077E-1 5.6435E-1 5.04942E-1 3.9546E-1 3.97812E-1 3.99214E-1 5.32409E-1 4.93204E-1 3.5871E-1 3.49622E-1 3.87693E-1 5.33124E-1 5.20993E-1 4.88636E-1 3.37997E-1 3.19311E-1 3.22916E-1 4.86644E-1 4.82974E-1 4.73452E-1 4.61945E-1 3.26932E-1 3.17669E-1 3.35186E-1 3.31654E-1 3.29364E-1 2.96637E-1 2.94409E-1 3.1249E-1 3.69298E-1 5.15275E-1 5.03991E-1 3.22388E-1 3.14425E-1 3.45559E-1 3.24392E-1 3.36578E-1 4.78385E-1 4.96703E-1 4.83897E-1 3.57524E-1 3.26327E-1 3.2764E-1 3.51282E-1 4.90014E-1
-9999 -9999 -9999 -9999 -9999 -9999 -9999 -9999 -9999 -9999 -9999 7.21017E-1 7.16122E-1 7.17759E-1 7.05814E-1 6.79429E-1 6.76983E-1 6.4355E-1 6.34553E-1 6.44885E-1 6.43926E-1 6.43341E-1 6.28893E-1 6.14607E-1 6.14329E-1 6.04275E-1 5.81092E-1 5.78699E-1 5.67391E-1 5.44598E-1 5.27498E-1 4.09209E-1 5.35822E-1 5.49449E-1 4.94611E-1 3.79748E-1 4.0022E-1 5.40571E-1 5.12438E-1 5.02131E-1 4.72367E-1 3.32724E-1 3.48724E-1 4.75653E-1 5.25795E-1 4.97881E-1 5.19123E-1 4.90754E-1 4.70597E-1 3.42413E-1 3.60335E-1 4.87249E-1 3.57959E-1 3.34071E-1 3.2664E-1 3.34423E-1 4.89088E-1 5.21715E-1 4.88603E-1 3.23459E-1 3.35751E-1 3.56572E-1 3.52222E-1 5.10367E-1 5.24268E-1 5.22925E-1 4.66147E-1 3.49348E-1 3.64635E-1 3.37955E-1 3.77274E-1 5.3543E-1
-9999 -9999 -9999 -9999 -9999 -9999 -9999 -9999 -9999 -9999 -9999 -9999 7.21672E-1 6.9828E-1 6.87575E-1 6.83809E-1 7.00307E-1 6.80664E-1 6.8611E-1 6.68506E-1 6.49973E-1 6.42625E-1 6.35669E-1 6.29914E-1 6.07E-1 6.01708E-1 6.00177E-1 5.98944E-1 5.79261E-1 5.46725E-1 4.20601E-1 4.18187E-1 5.77749E-1 5.37412E-1 4.10662E-1 5.25336E-1 5.60175E-1 5.37883E-1 4.9491E-1 5.16807E-1 3.73569E-1 3.54498E-1 4.79117E-1 5.2963E-1 5.17288E-1 5.33511E-1 5.15152E-1 5.18588E-1 4.97806E-1 4.748E-1 3.61777E-1 4.95705E-1 4.68045E-1 4.78994E-1 3.37153E-1 3.46291E-1 4.90523E-1 5.19495E-1 4.76326E-1 3.4307E-1 3.53818E-1 5.17328E-1 5.42718E-1 5.14297E-1 5.0701E-1 5.05516E-1 4.66995E-1 3.46257E-1 3.64303E-1 3.56627E-1 5.03319E-1 5.46552E-1
-9999 -9999 -9999 -9999 -9999 -9999 -9999 -9999 -9999 -9999 -9999 -9999 -9999 7.10379E-1 6.90649E-1 6.93448E-1 6.8019E-1 6.88599E-1 6.79282E-1 6.76384E-1 6.68466E-1 6.48201E-1 6.26754E-1 6.34383E-1 6.16807E-1 6.00455E-1 6.12718E-1 5.87903E-1 5.6313E-1 5.7919E-1 5.57479E-1 5.66817E-1 5.78238E-1 5.71078E-1 5.45503E-1 5.70914E-1 5.54495E-1 4.94045E-1 5.06121E-1 5.20844E-1 3.80716E-1 5.03157E-1 5.37046E-1 5.03193E-1 5.03157E-1 5.3149E-1 5.13998E-1 5.23218E-1 5.20653E-1 4.97996E-1 4.99535E-1 4.79864E-1 5.22039E-1 5.15073E-1 3.56335E-1 3.50018E-1 5.0009E-1 5.37022E-1 5.14923E-1 5.14033E-1 5.60818E-1 5.17193E-1 4.86565E-1 5.01934E-1 5.05105E-1 4.94412E-1 4.79846E-1 4.81798E-1 5.24222E-1 5.26625E-1 5.62209E-1 5.18241E-1
-9999 -9999 -9999 -9999 -9999 -9999 -9999 -9999 -9999 -9999 -9999 -9999 -9999 -9999 6.99946E-1 7.00799E-1 6.97075E-1 6.84902E-1 6.89932E-1 6.62559E-1 6.59505E-1 6.4041E-1 6.18634E-1 6.15044E-1 6.09171E-1 6.17723E-1 6.17717E-1 5.85148E-1 5.81693E-1 5.65725E-1 5.89102E-1 5.91312E-1 5.81251E-1 5.66265E-1 5.31375E-1 5.56127E-1 5.00128E-1 5.05192E-1 5.2929E-1 5.33575E-1 5.26278E-1 5.3866E-1 5.07537E-1 4.80915E-1 4.94684E-1 5.26391E-1 5.33288E-1 5.3992E-1 5.15001E-1 5.2045E-1 4.83923E-1 5.10634E-1 5.15127E-1 5.08595E-1 5.09786E-1 3.7915E-1 5.4625E-1 5.38166E-1 5.07008E-1 5.16377E-1 4.90183E-1 5.21348E-1 4.92018E-1 5.12825E-1 5.03338E-1 5.10165E-1 4.86361E-1 4.89744E-1 5.01682E-1 5.59034E-1 5.12932E-1 4.80968E-1
-9999 -9999 -9999 -9999 -9999 -9999 -9999 -9999 -9999 -9999 -9999 -9999 -9999 -9999 -9999 6.99781E-1 6.78406E-1 6.87503E-1 6.76459E-1 6.58024E-1 6.56945E-1 6.39079E-1 6.29963E-1 6.18304E-1 6.19584E-1 6.15879E-1 5.87682E-1 5.72214E-1 5.47039E-1 5.55256E-1 5.95721E-1 5.96071E-1 6.00729E-1 5.60267E-1 5.42085E-1 5.32988E-1 5.17475E-1 5.46322E-1 5.58694E-1 5.51734E-1 5.36813E-1 4.92882E-1 4.88061E-1 4.7846E-1 5.3468E-1 5.18277E-1 5.21201E-1 5.10533E-1 5.07331E-1 5.28049E-1 5.04268E-1 5.48267E-1 4.90779E-1 5.3578E-1 5.3548E-1 4.91719E-1 5.44591E-1 5.16548E-1 4.76657E-1 4.79633E-1 5.08113E-1 5.35407E-1 5.03922E-1 5.10595E-1 5.13338E-1 5.27914E-1 5.48719E-1 5.43689E-1 5.65545E-1 5.35546E-1 4.98312E-1 4.64459E-1
-9999 -9999 -9999 -9999 -9999 -9999 -9999 -9999 -9999 -9999 -9999 -9999 -9999 -9999 6.86863E-1 6.84034E-1 6.47589E-1 6.69894E-1 6.65811E-1 6.48132E-1 6.43657E-1 6.20581E-1 6.27187E-1 6.24393E-1 6.31407E-1 6.06876E-1 5.69702E-1 5.53761E-1 5.50695E-1 5.64284E-1 5.76658E-1 5.95014E-1 5.69053E-1 5.47921E-1 5.59892E-1 5.07228E-1 5.39373E-1 5.56007E-1 5.33148E-1 5.12668E-1 4.8928E-1 4.63647E-1 4.69011E-1 4.78906E-1 5.13275E-1 5.32636E-1 5.36054E-1 4.96021E-1 4.9745E-1 5.10543E-1 5.39887E-1 5.52714E-1 5.1546E-1 5.362E-1 5.40351E-1 5.4787E-1 5.53711E-1 5.16935E-1 4.62559E-1 4.76535E-1 5.05365E-1 5.40093E-1 4.83616E-1 5.12569E-1 5.45391E-1 5.52787E-1 5.49211E-1 5.54754E-1 5.62504E-1 5.16872E-1 4.73561E-1 4.61245E-1
-9999 -9999 -9999 -9999 -9999 -9999 -9999 -9999 -9999 -9999 -9999 -9999 -9999 -9999 -9999 6.75388E-1 6.73752E-1 6.66511E-1 6.51697E-1 6.43962E-1 6.44717E-1 6.25024E-1 6.25637E-1 6.16029E-1 5.87945E-1 5.76449E-1 5.38814E-1 5.43616E-1 5.46499E-1 5.72845E-1 5.6775E-1 5.95554E-1 5.61848E-1 5.43939E-1 5.3371E-1 5.12938E-1 5.13744E-1 5.1322E-1 5.12234E-1 4.71311E-1 4.52087E-1 4.48959E-1 4.77468E-1 5.00022E-1 5.39053E-1 5.40994E-1 5.33584E-1 4.77368E-1 4.6098E-1 4.96818E-1 5.24294E-1 5.44619E-1 5.34327E-1 5.15411E-1 5.52655E-1 5.38986E-1 5.1296E-1 4.75018E-1 4.48888E-1 4.90672E-1 5.05431E-1 5.4299E-1 4.89601E-1 5.15948E-1 5.59803E-1 5.6557E-1 5.50457E-1 5.39066E-1 5.48528E-1 5.1268E-1 4.71386E-1 4.84394E-1
-9999 -9999 -9999 -9999 -9999 -9999 -9999 -9999 -9999 -9999 -9999 -9999 -9999 -9999 6.7607E-1 6.7532E-1 6.62228E-1 6.75256E-1 6.62872E-1 6.32618E-1 6.44911E-1 6.28577E-1 6.22528E-1 5.97278E-1 5.94027E-1 5.52218E-1 5.4122E-1 5.5485E-1 5.57274E-1 5.94288E-1 5.54135E-1 5.90259E-1 5.40261E-1 5.63676E-1 5.35036E-1 4.96637E-1 5.08165E-1 4.90946E-1 4.96453E-1 4.54864E-1 4.64481E-1 4.86075E-1 5.04714E-1 5.00259E-1 5.12924E-1 5.25699E-1 5.21645E-1 4.76292E-1 4.85466E-1 4.99258E-1 5.51616E-1 5.38851E-1 5.36609E-1 5.41776E-1 5.48341E-1 5.08074E-1 4.71584E-1 4.66487E-1 4.78527E-1 5.06654E-1 5.23061E-1 5.15322E-1 5.00212E-1 5.07203E-1 5.33337E-1 5.18558E-1 5.01076E-1 5.25258E-1 5.40012E-1 5.30361E-1 4.811E-1 4.82389E-1
-9999 -9999 -9999 -9999 -9999 -9999 -9999 -9999 -9999 -9999 -9999 -9999 -9999 6.88324E-1 6.80302E-1 6.77544E-1 6.6648E-1 6.63235E-1 6.56086E-1 6.24514E-1 6.42586E-1 6.22508E-1 6.14709E-1 6.05625E-1 5.63354E-1 5.5849E-1 5.35113E-1 5.69439E-1 5.85686E-1 5.67243E-1 5.63691E-1 5.68904E-1 5.57209E-1 5.49043E-1 4.95424E-1 4.96528E-1 5.09521E-1 4.70097E-1 4.64973E-1 4.44794E-1 4.74429E-1 5.03805E-1 5.03165E-1 5.09474E-1 5.31878E-1 5.33201E-1 5.1347E-1 4.40722E-1 4.8994E-1 4.96714E-1 5.37924E-1 5.52543E-1 5.46338E-1 5.32975E-1 5.24707E-1 4.73688E-1 4.6226E-1 4.5231E-1 4.62424E-1 5.16386E-1 5.12704E-1 5.08475E-1 4.886E-1 4.93898E-1 5.05585E-1 4.83137E-1 4.9671E-1 4.86493E-1 5.34159E-1 5.15693E-1 5.01235E-1 4.78636E-1
-9999 -9999 -9999 -9999 -9999 -9999 -9999 -9999 -9999 -9999 -9999 -9999 -9999 -9999 6.89244E-1 6.63047E-1 6.47718E-1 6.65834E-1 6.64093E-1 6.52351E-1 6.34849E-1 6.38279E-1 6.11951E-1 6.10729E-1 5.86981E-1 5.5517E-1 5.61942E-1 5.79691E-1 5.78071E-1 5.45554E-1 5.59655E-1 5.66025E-1 5.41573E-1 5.0191E-1 4.88447E-1 4.89503E-1 4.81632E-1 4.6483E-1 4.66801E-1 4.69789E-1 4.75409E-1 4.95588E-1 5.22421E-1 5.15573E-1 5.31127E-1 5.22663E-1 4.68312E-1 4.55852E-1 4.74045E-1 5.01181E-1 5.25991E-1 5.42895E-1 5.2422E-1 4.95071E-1 4.71544E-1 4.52734E-1 4.50246E-1 4.34113E-1 4.63751E-1 4.8817E-1 4.99537E-1 4.91015E-1 4.67382E-1 4.8777E-1 5.05269E-1 4.83483E-1 4.81865E-1 4.90836E-1 5.31218E-1 5.19745E-1 5.03996E-1 4.94651E-1
-9999 -9999 -9999 -9999 -9999 -9999 -9999 -9999 -9999 -9999 -9999 -9999 -9999 -9999 -9999 6.62691E-1 6.41399E-1 6.71171E-1 6.60409E-1 6.37459E-1 6.39363E-1 6.06604E-1 6.08808E-1 6.0366E-1 5.87149E-1 5.63637E-1 5.62974E-1 5.50328E-1 5.62991E-1 5.40789E-1 5.57899E-1 5.56588E-1 5.19234E-1 4.90963E-1 4.90295E-1 4.55934E-1 4.63911E-1 4.66149E-1 4.85135E-1 4.78708E-1 4.7944E-1 4.89602E-1 5.05508E-1 5.15115E-1 5.09499E-1 4.79555E-1 4.41968E-1 4.39482E-1 4.73869E-1 5.1381E-1 5.34425E-1 5.31671E-1 5.02071E-1 4.57358E-1 4.3521E-1 4.45066E-1 4.24668E-1 4.35923E-1 4.70841E-1 4.95522E-1 5.06946E-1 5.02776E-1 4.76104E-1 4.93509E-1 4.75404E-1 4.65779E-1 4.65868E-1 4.83485E-1 5.2589E-1 5.27657E-1 5.12178E-1 5.12085E-1
-9999 -9999 -9999 -9999 -9999 -9999 -9999 -9999 -9999 -9999 -9999 -9999 6.90877E-1 6.60454E-1 6.67325E-1 6.67589E-1 6.53697E-1 6.44006E-1 6.30205E-1 6.37492E-1 6.19731E-1 5.96194E-1 5.89612E-1 5.80034E-1 5.84236E-1 5.62206E-1 5.42272E-1 5.56759E-1 5.35201E-1 5.29706E-1 5.38164E-1 5.33927E-1 5.07974E-1 5.00401E-1 4.53806E-1 4.69328E-1 4.83269E-1 4.74477E-1 4.9896E-1 4.96152E-1 4.74773E-1 4.75076E-1 5.08627E-1 5.08283E-1 5.10336E-1 4.46261E-1 4.58555E-1 4.35967E-1 4.76356E-1 5.19769E-1 5.11471E-1 5.08866E-1 5.00829E-1 4.42653E-1 4.18586E-1 4.48142E-1 4.26681E-1 4.41983E-1 4.59821E-1 4.5527E-1 4.97415E-1 5.06117E-1 4.76982E-1 4.52835E-1 4.6582E-1 4.56267E-1 4.7076E-1 4.7452E-1 5.02454E-1 4.83684E-1 4.91168E-1 4.88729E-1
-9999 -9999 -9999 -9999 -9999 -9999 -9999 -9999 -9999 -9999 -9999 -9999 6.90944E-1 6.6612E-1 6.85969E-1 6.65862E-1 6.59239E-1 6.35702E-1 6.26364E-1 6.14352E-1 6.0533E-1 5.79305E-1 5.76286E-1 5.71841E-1 5.70362E-1 5.70644E-1 5.50155E-1 5.5932E-1 5.40779E-1 5.4071E-1 5.39166E-1 5.43113E-1 5.07082E-1 4.68284E-1 4.60278E-1 4.84747E-1 4.89254E-1 5.00727E-1 4.89798E-1 4.92124E-1 4.44932E-1 4.78042E-1 5.13366E-1 5.08977E-1 4.64572E-1 4.4872E-1 4.35896E-1 4.3595E-1 4.78258E-1 5.06823E-1 5.06947E-1 4.92166E-1 4.92755E-1 4.60349E-1 4.01993E-1 4.29991E-1 4.53106E-1 4.62837E-1 4.78225E-1 4.67498E-1 5.04295E-1 5.10157E-1 4.66033E-1 4.65578E-1 4.68157E-1 4.5565E-1 4.64013E-1 4.77123E-1 4.8715E-1 4.76109E-1 4.68704E-1 4.8739E-1
