Artocarpus altilis SDM files/Last interglacial/results (without the bias file)/Artalt_avg.asc
ncols         1201
nrows         481
xllcorner     119.99986351115
yllcorner     -15.00013864885
cellsize      0.041666667
NODATA_value  -9999
[rows 160 to 191 of 481, columns 0 to 71 of 1201]
2.85072E-1 2.68069E-1 1.63288E-1 1.50903E-1 1.46379E-1 1.44827E-1 1.58818E-1 1.62875E-1 1.30677E-1 9.61252E-2 9.226E-2 9.54363E-2 1.11845E-1 1.95158E-1 2.60249E-1 2.87926E-1 2.58813E-1 2.88417E-1 2.39168E-1 1.98535E-1 1.42431E-1 1.02242E-1 9.02459E-2 8.76532E-2 9.71318E-2 9.83488E-2 1.15719E-1 2.28582E-1 2.84572E-1 3.33539E-1 4.49742E-1 4.0072E-1 2.45454E-1 1.51298E-1 1.90629E-1 2.10226E-1 1.36614E-1 1.66105E-1 2.94558E-1 3.33148E-1 2.1378E-1 2.64726E-1 3.34545E-1 2.75378E-1 2.94584E-1 3.55701E-1 4.01847E-1 4.5249E-1 4.59167E-1 4.56491E-1 4.57412E-1 -9999 4.69064E-1 -9999 -9999 -9999 -9999 -9999 -9999 -9999 -9999 -9999 -9999 -9999 -9999 -9999 -9999 -9999 -9999 -9999 -9999 -9999
2.68621E-1 2.58893E-1 1.60663E-1 1.23576E-1 1.46801E-1 1.53722E-1 1.43351E-1 1.56403E-1 1.17302E-1 8.82732E-2 8.46651E-2 8.41401E-2 1.10688E-1 1.78916E-1 2.43733E-1 2.47429E-1 2.09656E-1 2.18618E-1 1.91792E-1 1.72923E-1 1.44192E-1 1.07283E-1 8.52076E-2 7.7211E-2 7.66346E-2 8.37717E-2 1.68208E-1 2.85258E-1 2.4205E-1 3.63907E-1 4.02411E-1 4.2146E-1 3.41291E-1 1.93097E-1 2.41015E-1 2.58977E-1 1.7739E-1 1.83886E-1 1.9762E-1 2.78791E-1 2.92559E-1 2.58132E-1 3.9718E-1 3.87727E-1 4.05545E-1 4.22029E-1 4.49915E-1 4.69001E-1 -9999 -9999 -9999 -9999 -9999 -9999 -9999 -9999 -9999 -9999 -9999 -9999 -9999 -9999 -9999 -9999 -9999 -9999 -9999 -9999 -9999 -9999 -9999 -9999
2.03653E-1 2.5166E-1 1.84443E-1 1.06919E-1 1.25906E-1 1.40487E-1 1.38005E-1 1.37062E-1 1.08399E-1 8.53997E-2 8.27572E-2 1.08839E-1 1.35433E-1 1.62449E-1 1.86939E-1 2.36228E-1 1.83916E-1 2.00457E-1 1.69528E-1 1.52092E-1 1.5837E-1 1.26889E-1 8.2145E-2 7.17578E-2 6.9004E-2 1.24866E-1 2.32737E-1 3.05266E-1 2.57999E-1 2.10304E-1 3.14259E-1 4.62884E-1 3.97045E-1 2.88815E-1 2.56562E-1 2.98535E-1 2.50025E-1 2.41834E-1 2.63899E-1 2.97082E-1 3.58889E-1 3.50851E-1 4.1832E-1 4.18235E-1 4.63141E-1 4.60415E-1 -9999 -9999 -9999 -9999 -9999 -9999 -9999 -9999 -9999 -9999 -9999 -9999 -9999 -9999 -9999 -9999 -9999 -9999 -9999 -9999 -9999 -9999 -9999 -9999 -9999 -9999
1.9855E-1 2.63572E-1 2.24141E-1 1.26594E-1 1.0065E-1 9.50163E-2 1.15699E-1 1.37072E-1 1.0232E-1 9.08835E-2 8.46295E-2 9.99813E-2 1.36228E-1 2.03442E-1 2.06721E-1 2.01722E-1 1.62791E-1 1.86922E-1 1.7315E-1 1.3497E-1 1.53127E-1 1.39893E-1 1.01372E-1 8.47143E-2 1.18149E-1 1.99961E-1 2.25373E-1 2.67375E-1 2.6307E-1 1.636E-1 2.29927E-1 4.48305E-1 3.96893E-1 3.42384E-1 2.87829E-1 2.92911E-1 3.22095E-1 3.38281E-1 3.6314E-1 4.05688E-1 4.61871E-1 4.94051E-1 4.85624E-1 -9999 -9999 -9999 -9999 -9999 -9999 -9999 -9999 -9999 -9999 -9999 -9999 -9999 -9999 -9999 -9999 -9999 -9999 -9999 -9999 -9999 -9999 -9999 -9999 -9999 -9999 -9999 -9999 -9999
2.19325E-1 2.06021E-1 2.45104E-1 1.66175E-1 1.20626E-1 1.04323E-1 1.0345E-1 1.39672E-1 1.11598E-1 8.9502E-2 8.84793E-2 1.09496E-1 1.76484E-1 2.23799E-1 2.22145E-1 1.6395E-1 1.64063E-1 1.40028E-1 1.58274E-1 1.52928E-1 1.6741E-1 1.46216E-1 1.17977E-1 1.20009E-1 1.82283E-1 2.42666E-1 2.46875E-1 2.45001E-1 2.49508E-1 2.38635E-1 2.03393E-1 3.97073E-1 4.60175E-1 4.14079E-1 3.80316E-1 3.68255E-1 4.05503E-1 4.15582E-1 4.53978E-1 4.47277E-1 4.80561E-1 5.18492E-1 5.02434E-1 -9999 -9999 -9999 -9999 -9999 -9999 -9999 -9999 -9999 -9999 -9999 -9999 -9999 -9999 -9999 -9999 -9999 -9999 -9999 -9999 -9999 -9999 -9999 -9999 -9999 -9999 -9999 -9999 -9999
1.41166E-1 1.46061E-1 2.171E-1 2.05766E-1 1.58623E-1 1.65114E-1 1.84552E-1 1.48814E-1 1.11135E-1 7.98818E-2 1.02034E-1 1.60458E-1 2.25939E-1 2.26282E-1 2.23174E-1 1.82735E-1 1.39348E-1 1.26475E-1 1.37199E-1 1.74075E-1 1.74458E-1 1.92144E-1 1.55022E-1 1.64311E-1 2.25593E-1 2.62103E-1 2.62042E-1 2.75785E-1 2.48643E-1 2.64774E-1 3.2479E-1 4.43351E-1 4.67535E-1 5.17768E-1 4.95819E-1 4.42333E-1 4.60926E-1 4.85491E-1 4.99354E-1 5.15201E-1 5.1282E-1 5.06021E-1 -9999 -9999 -9999 -9999 -9999 -9999 -9999 -9999 -9999 -9999 -9999 -9999 -9999 -9999 -9999 -9999 -9999 -9999 -9999 -9999 -9999 -9999 -9999 -9999 -9999 -9999 -9999 -9999 -9999 -9999
1.34953E-1 1.40163E-1 1.55048E-1 2.23439E-1 1.9982E-1 1.9863E-1 1.81752E-1 1.30693E-1 1.03877E-1 8.59344E-2 1.04792E-1 1.99836E-1 2.32741E-1 2.29058E-1 2.23926E-1 2.07114E-1 1.4498E-1 1.2964E-1 1.59355E-1 2.28681E-1 2.0045E-1 2.67801E-1 2.32186E-1 2.21628E-1 2.33139E-1 2.79137E-1 3.05851E-1 3.27023E-1 3.1046E-1 2.9844E-1 2.90781E-1 3.07596E-1 4.52163E-1 5.1406E-1 5.14231E-1 4.86921E-1 5.01431E-1 4.94614E-1 5.41562E-1 5.41003E-1 5.11934E-1 4.99626E-1 -9999 -9999 -9999 -9999 -9999 -9999 -9999 -9999 -9999 -9999 -9999 -9999 -9999 -9999 -9999 -9999 -9999 -9999 -9999 -9999 -9999 -9999 -9999 -9999 -9999 -9999 -9999 -9999 -9999 -9999
1.13519E-1 1.22663E-1 1.46364E-1 1.98388E-1 1.76117E-1 1.71378E-1 1.56313E-1 1.19023E-1 1.03215E-1 1.20073E-1 1.11664E-1 1.48835E-1 1.91717E-1 2.32417E-1 2.2714E-1 2.20023E-1 1.62756E-1 1.39582E-1 1.82445E-1 2.51103E-1 2.34922E-1 2.51234E-1 3.0691E-1 2.86152E-1 2.89989E-1 3.11319E-1 3.23133E-1 3.15196E-1 2.60362E-1 3.33798E-1 3.51138E-1 3.81616E-1 4.7512E-1 4.22055E-1 4.92876E-1 5.28899E-1 5.2216E-1 5.11084E-1 5.10288E-1 4.8183E-1 5.08726E-1 -9999 -9999 -9999 -9999 -9999 -9999 -9999 -9999 -9999 -9999 -9999 -9999 -9999 -9999 -9999 -9999 -9999 -9999 -9999 -9999 -9999 -9999 -9999 -9999 -9999 -9999 -9999 -9999 -9999 -9999 -9999
9.89374E-2 9.70697E-2 1.04495E-1 1.49291E-1 1.81386E-1 1.06903E-1 1.09199E-1 8.98104E-2 8.82198E-2 1.11363E-1 1.19068E-1 9.72265E-2 1.1889E-1 1.96112E-1 2.32716E-1 2.2808E-1 1.87105E-1 1.65019E-1 2.14747E-1 2.19542E-1 2.47224E-1 2.38709E-1 2.72197E-1 2.99447E-1 3.15044E-1 3.1644E-1 3.07393E-1 2.67377E-1 2.64082E-1 3.99429E-1 4.06588E-1 3.39915E-1 4.41537E-1 3.92298E-1 4.16978E-1 -9999 -9999 4.89931E-1 -9999 5.13419E-1 -9999 -9999 -9999 -9999 -9999 -9999 -9999 -9999 -9999 -9999 -9999 -9999 -9999 -9999 -9999 -9999 -9999 -9999 -9999 -9999 -9999 -9999 -9999 -9999 -9999 -9999 -9999 -9999 -9999 -9999 -9999 -9999
1.12266E-1 9.30327E-2 8.70789E-2 1.06375E-1 1.65525E-1 1.253E-1 8.23179E-2 7.30387E-2 8.501E-2 9.29521E-2 1.27063E-1 1.23676E-1 1.00405E-1 1.52966E-1 2.23809E-1 2.43523E-1 2.26949E-1 1.91746E-1 1.97711E-1 2.40866E-1 2.52206E-1 2.54829E-1 2.44547E-1 2.77257E-1 2.90937E-1 2.81263E-1 2.92011E-1 2.12954E-1 2.45199E-1 3.98017E-1 4.41801E-1 4.04686E-1 4.13036E-1 4.08515E-1 4.55622E-1 4.52927E-1 -9999 -9999 -9999 -9999 -9999 -9999 -9999 -9999 -9999 -9999 -9999 -9999 -9999 -9999 -9999 -9999 -9999 -9999 -9999 -9999 -9999 -9999 -9999 -9999 -9999 -9999 -9999 -9999 -9999 -9999 -9999 -9999 -9999 -9999 -9999 -9999
1.06743E-1 1.02295E-1 8.53966E-2 1.01634E-1 1.40382E-1 1.74772E-1 1.29405E-1 8.28611E-2 8.31963E-2 8.42573E-2 1.10423E-1 1.30532E-1 1.10559E-1 1.2539E-1 1.63981E-1 2.37386E-1 2.33431E-1 2.13501E-1 1.45906E-1 1.91558E-1 2.21951E-1 2.49383E-1 2.20868E-1 2.33026E-1 2.55666E-1 2.28427E-1 2.73466E-1 1.97314E-1 2.29205E-1 4.05045E-1 4.1348E-1 3.96177E-1 4.48092E-1 4.6688E-1 5.03608E-1 4.94589E-1 5.15508E-1 -9999 -9999 -9999 -9999 -9999 -9999 -9999 -9999 -9999 -9999 -9999 -9999 -9999 -9999 -9999 -9999 -9999 -9999 -9999 -9999 -9999 -9999 -9999 -9999 -9999 -9999 -9999 -9999 -9999 -9999 -9999 -9999 -9999 -9999 -9999
1.16082E-1 1.04199E-1 1.10257E-1 1.43095E-1 1.52824E-1 1.47757E-1 1.9198E-1 1.25871E-1 8.44854E-2 8.18948E-2 8.88665E-2 9.5007E-2 1.00589E-1 1.48124E-1 1.04904E-1 1.61219E-1 2.23623E-1 2.24559E-1 1.60713E-1 1.38182E-1 1.84844E-1 2.13413E-1 2.17805E-1 1.76474E-1 2.34241E-1 2.31443E-1 2.2619E-1 2.59241E-1 2.55979E-1 2.79245E-1 3.45186E-1 3.44372E-1 4.05466E-1 3.82432E-1 4.03239E-1 5.09378E-1 5.21024E-1 -9999 -9999 -9999 -9999 -9999 -9999 -9999 -9999 -9999 -9999 -9999 -9999 -9999 -9999 -9999 -9999 -9999 -9999 -9999 -9999 -9999 -9999 -9999 -9999 -9999 -9999 -9999 -9999 -9999 -9999 -9999 -9999 -9999 -9999 -9999
1.00366E-1 1.04885E-1 1.36229E-1 1.11262E-1 1.31506E-1 1.5069E-1 1.69618E-1 1.87695E-1 1.04726E-1 8.29925E-2 8.8835E-2 9.86981E-2 9.30674E-2 1.19114E-1 1.12494E-1 9.95645E-2 1.59189E-1 2.14404E-1 1.91242E-1 1.32752E-1 1.30761E-1 1.71267E-1 2.20176E-1 1.58104E-1 1.8921E-1 2.08492E-1 1.99991E-1 2.05826E-1 2.96111E-1 3.65742E-1 3.94195E-1 3.81446E-1 3.70579E-1 4.4014E-1 4.06136E-1 4.7348E-1 5.26994E-1 -9999 -9999 -9999 -9999 -9999 -9999 -9999 -9999 -9999 -9999 -9999 -9999 -9999 -9999 -9999 -9999 -9999 -9999 -9999 -9999 -9999 -9999 -9999 -9999 -9999 -9999 -9999 -9999 -9999 -9999 -9999 -9999 -9999 -9999 -9999
1.15614E-1 9.4902E-2 9.95783E-2 7.52652E-2 1.02075E-1 1.27398E-1 1.33972E-1 1.59729E-1 1.51817E-1 9.14558E-2 9.4514E-2 1.18434E-1 1.43739E-1 1.31709E-1 1.41723E-1 1.1131E-1 8.31361E-2 1.40503E-1 1.79912E-1 1.27706E-1 1.16372E-1 1.24383E-1 1.3245E-1 1.37917E-1 1.41387E-1 1.7896E-1 1.98296E-1 2.11477E-1 2.77361E-1 3.76928E-1 4.01574E-1 4.05275E-1 3.87326E-1 3.31012E-1 4.14732E-1 4.24686E-1 4.95507E-1 5.3617E-1 5.56782E-1 5.73209E-1 6.03925E-1 6.17982E-1 -9999 -9999 -9999 -9999 -9999 -9999 -9999 -9999 -9999 -9999 -9999 -9999 -9999 -9999 -9999 -9999 -9999 -9999 -9999 -9999 -9999 -9999 -9999 -9999 -9999 -9999 -9999 -9999 -9999 -9999
1.20639E-1 9.02547E-2 1.03721E-1 8.85553E-2 8.20731E-2 9.91709E-2 1.06621E-1 1.2297E-1 1.22602E-1 1.07543E-1 1.01766E-1 1.1442E-1 1.52496E-1 1.64444E-1 1.85291E-1 1.6669E-1 8.91711E-2 8.12632E-2 1.19004E-1 1.07416E-1 9.52943E-2 9.92183E-2 9.01924E-2 1.18175E-1 1.05145E-1 1.26523E-1 1.44555E-1 2.0984E-1 2.63246E-1 3.25576E-1 3.7942E-1 4.16904E-1 3.94473E-1 3.42333E-1 3.05429E-1 3.92053E-1 4.18725E-1 5.00159E-1 5.59165E-1 5.89395E-1 6.05006E-1 6.33664E-1 -9999 -9999 -9999 -9999 -9999 -9999 -9999 -9999 -9999 -9999 -9999 -9999 -9999 -9999 -9999 -9999 -9999 -9999 -9999 -9999 -9999 -9999 -9999 -9999 -9999 -9999 -9999 -9999 -9999 -9999
8.72702E-2 1.00809E-1 1.27511E-1 1.11797E-1 9.29053E-2 1.04173E-1 1.25651E-1 1.16327E-1 1.05014E-1 1.10862E-1 1.62006E-1 9.21794E-2 1.18501E-1 1.28481E-1 9.79239E-2 1.12097E-1 1.73456E-1 1.21572E-1 1.09436E-1 1.11867E-1 1.00283E-1 9.57578E-2 9.42698E-2 1.03428E-1 1.2288E-1 1.03193E-1 1.09415E-1 1.61588E-1 2.8976E-1 2.73534E-1 3.86414E-1 3.89049E-1 3.79663E-1 3.38438E-1 3.08482E-1 3.3893E-1 3.85985E-1 4.838E-1 5.44893E-1 5.76187E-1 5.85554E-1 6.16115E-1 6.46335E-1 -9999 -9999 -9999 -9999 -9999 -9999 -9999 -9999 -9999 -9999 -9999 -9999 -9999 -9999 -9999 -9999 -9999 -9999 -9999 -9999 -9999 -9999 -9999 -9999 -9999 -9999 -9999 -9999 -9999
7.6696E-2 8.39299E-2 1.11845E-1 1.34245E-1 1.31797E-1 1.16867E-1 1.13913E-1 1.63744E-1 1.45687E-1 1.14119E-1 1.98022E-1 1.23365E-1 8.09259E-2 1.15346E-1 8.90062E-2 7.83973E-2 9.73515E-2 1.90256E-1 1.56183E-1 1.23417E-1 1.14375E-1 1.13373E-1 1.00865E-1 1.01878E-1 1.13575E-1 1.35186E-1 1.15149E-1 2.29465E-1 2.83516E-1 3.04142E-1 3.47663E-1 3.78988E-1 2.99682E-1 2.91633E-1 2.98343E-1 3.11428E-1 3.18176E-1 4.41012E-1 5.05818E-1 5.46087E-1 5.06638E-1 5.74955E-1 5.58069E-1 6.28534E-1 -9999 -9999 -9999 -9999 -9999 -9999 -9999 -9999 -9999 -9999 -9999 -9999 -9999 -9999 -9999 -9999 -9999 -9999 -9999 -9999 -9999 -9999 -9999 -9999 -9999 -9999 -9999 -9999
1.02527E-1 7.85096E-2 8.70048E-2 1.09232E-1 1.07733E-1 1.23609E-1 1.58746E-1 1.94252E-1 2.02396E-1 1.81322E-1 2.49217E-1 8.52397E-2 5.96347E-2 7.72529E-2 8.82147E-2 8.54775E-2 8.96802E-2 1.03206E-1 2.41342E-1 2.23753E-1 1.80322E-1 1.43029E-1 1.31357E-1 1.29448E-1 1.32373E-1 1.48512E-1 1.42485E-1 2.18547E-1 1.77282E-1 1.81328E-1 2.59314E-1 3.35422E-1 2.4864E-1 2.09842E-1 3.10612E-1 2.80629E-1 2.70537E-1 3.46337E-1 4.47752E-1 4.76989E-1 4.91059E-1 5.18843E-1 5.20278E-1 6.08728E-1 6.6968E-1 -9999 -9999 -9999 -9999 -9999 -9999 -9999 -9999 -9999 -9999 -9999 -9999 -9999 -9999 -9999 -9999 -9999 -9999 -9999 -9999 -9999 -9999 -9999 -9999 -9999 -9999 -9999
1.2587E-1 1.36879E-1 1.09428E-1 1.13191E-1 1.37432E-1 1.25044E-1 1.58478E-1 2.34143E-1 2.88344E-1 3.00288E-1 2.64531E-1 1.09702E-1 6.03613E-2 6.37835E-2 7.16759E-2 1.13701E-1 1.07619E-1 1.2942E-1 2.6623E-1 3.57392E-1 3.3606E-1 2.66101E-1 2.22772E-1 2.34998E-1 2.31065E-1 1.95041E-1 1.66578E-1 1.8045E-1 1.78265E-1 2.00596E-1 2.13381E-1 3.04435E-1 2.72104E-1 2.20044E-1 2.796E-1 2.54704E-1 2.87405E-1 2.90384E-1 3.66543E-1 4.23645E-1 4.74818E-1 4.7419E-1 5.51757E-1 6.08345E-1 6.42687E-1 -9999 -9999 -9999 -9999 -9999 -9999 -9999 -9999 -9999 -9999 -9999 -9999 -9999 -9999 -9999 -9999 -9999 -9999 -9999 -9999 -9999 -9999 -9999 -9999 -9999 -9999 -9999
1.1114E-1 1.98617E-1 2.1592E-1 1.64447E-1 2.02967E-1 1.75122E-1 2.11917E-1 2.13843E-1 3.01858E-1 3.8664E-1 2.09144E-1 1.35867E-1 8.03449E-2 6.89802E-2 8.93638E-2 1.42063E-1 1.7626E-1 1.61439E-1 3.26071E-1 3.95813E-1 4.16377E-1 3.90339E-1 3.36017E-1 3.29812E-1 3.69777E-1 2.98739E-1 2.97731E-1 2.72326E-1 2.27463E-1 3.11315E-1 3.14137E-1 2.93238E-1 2.94145E-1 2.24179E-1 2.43799E-1 2.31255E-1 2.79593E-1 2.75215E-1 2.98068E-1 3.53152E-1 4.26199E-1 4.74995E-1 4.76761E-1 5.54851E-1 6.34927E-1 6.72236E-1 -9999 -9999 -9999 -9999 -9999 -9999 -9999 -9999 -9999 -9999 -9999 -9999 -9999 -9999 -9999 -9999 -9999 -9999 -9999 -9999 -9999 -9999 -9999 -9999 -9999 -9999
1.48866E-1 1.96017E-1 3.12396E-1 2.51724E-1 2.65626E-1 2.04483E-1 2.46248E-1 3.43302E-1 4.06969E-1 4.09876E-1 2.54682E-1 2.16354E-1 1.73802E-1 1.21215E-1 1.13499E-1 1.32094E-1 2.18272E-1 2.84127E-1 3.61423E-1 3.96809E-1 4.20244E-1 4.20843E-1 3.90149E-1 2.82852E-1 3.57521E-1 3.65737E-1 3.04712E-1 2.64523E-1 2.05452E-1 2.33437E-1 2.70186E-1 3.42939E-1 3.45766E-1 3.39568E-1 2.64875E-1 2.3951E-1 2.69989E-1 2.6343E-1 2.46856E-1 3.22556E-1 3.8489E-1 4.41654E-1 4.55709E-1 4.67553E-1 5.20424E-1 6.24491E-1 6.9974E-1 -9999 -9999 -9999 -9999 -9999 -9999 -9999 -9999 -9999 -9999 -9999 -9999 -9999 -9999 -9999 -9999 -9999 -9999 -9999 -9999 -9999 -9999 -9999 -9999 -9999
2.20678E-1 2.43984E-1 2.70982E-1 3.52171E-1 2.53361E-1 2.95994E-1 3.7802E-1 4.25237E-1 4.65405E-1 4.51667E-1 3.84353E-1 3.14637E-1 2.28927E-1 1.63449E-1 2.18147E-1 2.01258E-1 2.91167E-1 3.42615E-1 3.83436E-1 4.24912E-1 4.3424E-1 4.20459E-1 4.25217E-1 3.69716E-1 3.52242E-1 2.57753E-1 3.24387E-1 2.68514E-1 2.3143E-1 1.98029E-1 2.03385E-1 2.53429E-1 3.5005E-1 3.54902E-1 3.68385E-1 3.22567E-1 2.64501E-1 2.67517E-1 2.79791E-1 2.65997E-1 3.42884E-1 3.54904E-1 3.65328E-1 4.62506E-1 4.29394E-1 5.25873E-1 6.7768E-1 -9999 -9999 -9999 -9999 -9999 -9999 -9999 -9999 -9999 -9999 -9999 -9999 -9999 -9999 -9999 -9999 -9999 -9999 -9999 -9999 -9999 -9999 -9999 -9999 -9999
2.73515E-1 2.17404E-1 1.99029E-1 2.74254E-1 3.77506E-1 4.17289E-1 4.6964E-1 4.94742E-1 5.17095E-1 5.03562E-1 4.74806E-1 4.08773E-1 3.86482E-1 3.16838E-1 3.22884E-1 3.11194E-1 3.81283E-1 3.90676E-1 4.32569E-1 4.3772E-1 4.4372E-1 4.39891E-1 3.91415E-1 4.12974E-1 3.87713E-1 3.08346E-1 3.39824E-1 2.11875E-1 2.41588E-1 2.93763E-1 3.2536E-1 2.13575E-1 2.63423E-1 2.945E-1 3.61548E-1 3.33274E-1 3.5675E-1 3.62209E-1 3.65223E-1 3.57386E-1 3.20261E-1 3.04521E-1 2.87281E-1 3.63305E-1 3.71959E-1 5.51415E-1 5.73686E-1 6.57602E-1 -9999 -9999 -9999 -9999 -9999 -9999 -9999 -9999 -9999 -9999 -9999 -9999 -9999 -9999 -9999 -9999 -9999 -9999 -9999 -9999 -9999 -9999 -9999 -9999
2.04246E-1 3.34216E-1 3.25637E-1 3.76823E-1 4.30415E-1 4.80536E-1 5.28635E-1 5.01054E-1 5.23875E-1 5.2114E-1 5.18649E-1 5.04037E-1 5.0566E-1 4.8686E-1 4.75084E-1 4.37785E-1 4.40378E-1 4.7241E-1 4.77182E-1 4.62454E-1 4.53848E-1 4.53894E-1 4.36049E-1 4.49013E-1 4.44105E-1 4.35291E-1 4.06524E-1 2.8655E-1 2.2571E-1 2.47992E-1 3.50286E-1 2.96531E-1 2.63863E-1 2.97411E-1 3.40733E-1 3.97954E-1 4.03738E-1 4.1483E-1 4.20668E-1 4.30309E-1 4.30602E-1 3.6135E-1 3.23862E-1 3.20202E-1 3.4021E-1 4.50506E-1 4.97995E-1 5.73294E-1 6.99021E-1 -9999 -9999 -9999 -9999 -9999 -9999 -9999 -9999 -9999 -9999 -9999 -9999 -9999 -9999 -9999 -9999 -9999 -9999 -9999 -9999 -9999 -9999 -9999
2.21465E-1 3.09974E-1 2.91674E-1 3.48438E-1 4.14015E-1 5.23146E-1 5.15897E-1 5.13944E-1 5.10667E-1 5.21489E-1 5.26534E-1 5.28018E-1 5.08612E-1 5.2904E-1 4.90388E-1 4.89848E-1 4.90552E-1 4.89627E-1 4.90732E-1 4.72683E-1 4.68853E-1 4.57237E-1 4.59458E-1 4.5998E-1 4.62731E-1 4.5389E-1 4.60548E-1 3.48765E-1 3.34298E-1 3.73426E-1 3.07087E-1 3.046E-1 3.71049E-1 3.63741E-1 3.679E-1 3.62095E-1 3.86491E-1 3.87159E-1 3.61144E-1 3.90886E-1 4.05409E-1 3.92955E-1 3.90776E-1 3.80995E-1 4.49487E-1 4.1117E-1 3.72585E-1 4.48041E-1 6.08906E-1 -9999 -9999 -9999 -9999 -9999 -9999 -9999 -9999 -9999 -9999 -9999 -9999 -9999 -9999 -9999 -9999 -9999 -9999 -9999 -9999 -9999 -9999 -9999
1.55838E-1 1.99384E-1 2.80179E-1 3.32499E-1 4.77097E-1 5.41676E-1 5.23711E-1 5.30907E-1 5.2166E-1 5.31476E-1 5.32765E-1 5.38589E-1 5.21746E-1 5.24658E-1 5.14717E-1 5.15219E-1 -9999 -9999 -9999 -9999 -9999 4.77835E-1 4.73422E-1 4.60657E-1 4.6804E-1 4.64571E-1 4.49453E-1 4.35879E-1 3.3731E-1 2.77421E-1 3.41111E-1 3.30728E-1 2.66438E-1 3.65139E-1 4.08031E-1 4.11523E-1 4.26719E-1 4.33521E-1 4.41634E-1 4.75432E-1 4.56989E-1 3.28534E-1 2.90939E-1 3.2462E-1 4.3127E-1 5.66877E-1 6.02956E-1 6.0607E-1 6.43236E-1 -9999 -9999 -9999 -9999 -9999 -9999 -9999 -9999 -9999 -9999 -9999 -9999 -9999 -9999 -9999 -9999 -9999 -9999 -9999 -9999 -9999 -9999 -9999
1.63619E-1 2.46494E-1 3.09311E-1 4.64002E-1 5.32995E-1 5.42784E-1 5.40258E-1 5.26366E-1 5.36361E-1 5.30031E-1 5.38847E-1 5.2625E-1 5.3432E-1 5.42756E-1 -9999 -9999 -9999 -9999 -9999 -9999 -9999 -9999 -9999 -9999 -9999 4.46101E-1 4.25619E-1 3.3287E-1 3.85686E-1 2.77459E-1 2.34078E-1 3.46804E-1 3.2624E-1 2.68625E-1 3.44242E-1 4.01755E-1 4.33311E-1 4.45555E-1 4.48037E-1 4.33097E-1 4.20482E-1 3.49962E-1 2.93565E-1 2.90221E-1 3.1872E-1 3.72305E-1 4.69941E-1 6.46826E-1 7.25331E-1 7.40159E-1 -9999 -9999 -9999 -9999 -9999 -9999 -9999 -9999 -9999 -9999 -9999 -9999 -9999 -9999 -9999 -9999 -9999 -9999 -9999 -9999 -9999 -9999
2.95402E-1 3.37396E-1 3.89436E-1 5.09229E-1 5.54395E-1 5.39034E-1 5.45235E-1 5.42008E-1 5.37093E-1 5.47174E-1 5.39844E-1 5.53548E-1 5.52058E-1 -9999 -9999 -9999 -9999 -9999 -9999 -9999 -9999 -9999 -9999 -9999 4.39511E-1 3.73685E-1 3.15204E-1 3.91804E-1 4.05542E-1 3.46811E-1 2.66352E-1 2.74016E-1 3.70198E-1 3.50657E-1 3.37054E-1 4.08926E-1 4.19462E-1 4.05427E-1 4.36532E-1 3.60753E-1 3.56079E-1 3.47265E-1 3.47047E-1 2.91486E-1 3.31266E-1 4.23281E-1 4.06504E-1 4.96795E-1 6.78042E-1 7.08103E-1 -9999 -9999 -9999 -9999 -9999 -9999 -9999 -9999 -9999 -9999 -9999 -9999 -9999 -9999 -9999 -9999 -9999 -9999 -9999 -9999 -9999 -9999
3.38833E-1 3.33295E-1 4.11093E-1 5.24703E-1 5.52894E-1 5.57221E-1 5.41448E-1 5.58148E-1 5.57529E-1 5.64357E-1 5.59765E-1 5.60791E-1 -9999 -9999 -9999 -9999 -9999 -9999 -9999 -9999 -9999 -9999 -9999 4.78849E-1 4.37905E-1 4.21176E-1 3.14184E-1 3.05793E-1 3.73048E-1 3.86525E-1 3.13291E-1 2.80204E-1 3.26765E-1 3.55447E-1 3.85875E-1 4.26095E-1 4.41289E-1 4.5206E-1 3.96538E-1 3.31451E-1 3.12137E-1 3.34107E-1 3.62446E-1 3.39926E-1 3.51214E-1 3.41679E-1 4.61775E-1 5.69877E-1 5.28782E-1 6.15786E-1 7.12302E-1 7.32913E-1 7.54649E-1 -9999 -9999 -9999 -9999 -9999 -9999 -9999 -9999 -9999 -9999 -9999 -9999 -9999 -9999 -9999 -9999 -9999 -9999 -9999
3.31944E-1 3.97869E-1 4.39188E-1 5.18529E-1 5.56276E-1 5.45543E-1 5.52004E-1 5.64761E-1 5.75258E-1 5.63835E-1 5.82494E-1 -9999 -9999 -9999 -9999 -9999 -9999 -9999 -9999 -9999 -9999 -9999 -9999 5.19832E-1 5.16187E-1 5.01044E-1 3.23883E-1 3.56344E-1 4.11453E-1 4.44291E-1 3.29465E-1 3.37158E-1 3.33761E-1 3.2636E-1 4.1072E-1 4.37862E-1 4.28305E-1 3.96457E-1 3.9419E-1 3.3082E-1 3.50294E-1 3.70701E-1 3.32233E-1 3.71466E-1 4.02971E-1 3.78014E-1 4.42287E-1 4.72112E-1 4.60825E-1 5.90057E-1 6.59414E-1 7.05025E-1 7.2607E-1 -9999 -9999 -9999 -9999 -9999 -9999 -9999 -9999 -9999 -9999 -9999 -9999 -9999 -9999 -9999 -9999 -9999 -9999 -9999
2.23668E-1 2.62951E-1 3.67688E-1 5.04923E-1 5.37552E-1 5.57051E-1 5.61194E-1 5.67662E-1 5.78626E-1 -9999 -9999 -9999 -9999 -9999 -9999 -9999 -9999 -9999 -9999 -9999 -9999 -9999 -9999 -9999 -9999 5.12537E-1 3.87919E-1 3.45403E-1 4.07405E-1 4.29359E-1 3.78693E-1 2.85331E-1 2.55111E-1 4.03345E-1 4.38714E-1 4.31856E-1 3.99772E-1 3.34823E-1 3.56263E-1 3.13618E-1 3.13282E-1 3.87052E-1 4.54069E-1 4.61352E-1 4.78265E-1 4.4758E-1 4.02415E-1 3.98274E-1 5.48516E-1 6.05368E-1 5.34257E-1 6.14905E-1 7.29133E-1 7.10479E-1 6.70851E-1 7.28512E-1 -9999 -9999 -9999 -9999 -9999 -9999 -9999 -9999 -9999 -9999 -9999 -9999 -9999 -9999 -9999 -9999
2.07114E-1 2.20769E-1 3.21497E-1 4.39054E-1 5.39165E-1 5.69333E-1 5.77549E-1 -9999 -9999 -9999 -9999 -9999 -9999 -9999 -9999 -9999 -9999 -9999 -9999 -9999 -9999 -9999 -9999 -9999 -9999 5.5899E-1 4.22769E-1 3.19527E-1 3.64046E-1 4.37581E-1 3.63538E-1 3.85536E-1 3.79303E-1 4.26796E-1 4.00545E-1 3.79656E-1 3.73763E-1 4.16492E-1 4.33474E-1 4.32758E-1 4.04063E-1 4.47978E-1 4.90352E-1 4.49134E-1 4.73138E-1 4.24147E-1 4.28044E-1 4.70045E-1 5.30086E-1 4.2372E-1 4.67139E-1 5.92115E-1 5.59612E-1 5.88917E-1 5.59228E-1 6.49453E-1 -9999 -9999 -9999 -9999 -9999 -9999 -9999 -9999 -9999 -9999 -9999 -9999 -9999 -9999 -9999 -9999
