Artocarpus altilis SDM files/Last interglacial/results (without the bias file)/Artalt_0.asc
ncols         1201
nrows         481
xllcorner     119.99986351115
yllcorner     -15.00013864885
cellsize      0.041666667
NODATA_value  -9999
[rows 224 to 255 of 481, columns 576 to 647 of 1201]
7.52822E-1 7.29119E-1 7.31755E-1 7.33908E-1 7.45063E-1 7.41424E-1 7.3735E-1 7.45168E-1 7.57584E-1 7.49348E-1 7.64725E-1 7.68873E-1 7.80467E-1 7.8335E-1 7.46973E-1 7.60761E-1 7.07909E-1 7.61832E-1 7.39448E-1 6.89467E-1 7.54288E-1 8.37969E-1 8.7985E-1 9.55563E-1 -9999 -9999 -9999 -9999 -9999 -9999 -9999 -9999 -9999 -9999 -9999 -9999 -9999 -9999 -9999 -9999 -9999 -9999 -9999 -9999 -9999 -9999 -9999 -9999 -9999 -9999 -9999 -9999 -9999 -9999 -9999 -9999 -9999 -9999 -9999 -9999 -9999 -9999 -9999 -9999 -9999 -9999 -9999 -9999 -9999 -9999 -9999 -9999
7.31786E-1 7.28467E-1 7.29266E-1 7.21179E-1 7.21623E-1 7.28162E-1 7.28031E-1 7.28369E-1 7.37735E-1 7.46795E-1 7.4261E-1 7.36804E-1 7.57981E-1 7.5627E-1 7.32738E-1 7.4493E-1 6.83572E-1 7.35466E-1 7.32695E-1 7.28027E-1 7.66136E-1 8.53755E-1 8.61087E-1 8.75918E-1 8.8191E-1 8.99897E-1 -9999 -9999 -9999 -9999 -9999 -9999 -9999 -9999 -9999 -9999 -9999 -9999 -9999 -9999 -9999 -9999 -9999 -9999 -9999 -9999 -9999 -9999 -9999 -9999 -9999 -9999 -9999 -9999 -9999 -9999 -9999 -9999 -9999 -9999 -9999 -9999 -9999 -9999 -9999 -9999 -9999 -9999 -9999 -9999 -9999 -9999
7.19706E-1 7.17671E-1 7.18383E-1 7.11387E-1 6.94922E-1 6.99001E-1 7.11793E-1 7.13435E-1 7.02898E-1 7.02021E-1 7.33231E-1 7.06681E-1 7.08665E-1 7.17521E-1 7.30962E-1 7.49314E-1 6.83285E-1 7.30121E-1 7.70426E-1 7.0623E-1 6.46395E-1 8.0471E-1 9.13882E-1 8.42956E-1 7.78102E-1 7.69544E-1 9.03609E-1 9.59642E-1 9.53073E-1 9.5465E-1 9.5656E-1 9.84901E-1 9.84023E-1 -9999 -9999 -9999 -9999 -9999 -9999 -9999 -9999 -9999 -9999 -9999 -9999 -9999 -9999 -9999 -9999 -9999 -9999 -9999 -9999 -9999 -9999 -9999 -9999 -9999 -9999 -9999 -9999 -9999 -9999 -9999 -9999 -9999 -9999 -9999 -9999 -9999 -9999 -9999
7.19493E-1 7.12333E-1 7.09727E-1 7.22098E-1 6.75327E-1 6.81185E-1 6.92874E-1 6.88418E-1 6.64627E-1 6.72656E-1 6.99325E-1 6.83411E-1 6.59107E-1 7.1231E-1 7.29007E-1 7.38897E-1 7.2045E-1 7.07393E-1 7.50372E-1 7.14904E-1 6.34248E-1 7.10471E-1 8.90718E-1 8.8237E-1 7.4685E-1 6.84358E-1 8.14588E-1 8.94366E-1 9.49889E-1 9.75288E-1 9.66919E-1 9.81356E-1 9.77478E-1 9.89665E-1 -9999 -9999 -9999 -9999 -9999 -9999 -9999 -9999 -9999 -9999 -9999 -9999 -9999 -9999 -9999 -9999 -9999 -9999 -9999 -9999 -9999 -9999 -9999 -9999 -9999 -9999 -9999 -9999 -9999 -9999 -9999 -9999 -9999 -9999 -9999 -9999 -9999 -9999
7.32724E-1 7.41767E-1 7.36717E-1 6.8523E-1 6.38512E-1 6.82097E-1 6.7165E-1 6.65602E-1 6.81561E-1 6.74136E-1 6.64796E-1 6.80945E-1 6.38859E-1 6.75965E-1 7.19889E-1 7.17037E-1 7.01677E-1 7.1569E-1 7.07982E-1 6.99816E-1 6.97468E-1 7.09213E-1 8.26152E-1 9.19332E-1 7.91435E-1 6.75642E-1 8.21628E-1 9.27183E-1 9.58819E-1 9.61044E-1 9.71879E-1 9.80518E-1 9.90419E-1 9.90785E-1 9.86065E-1 -9999 -9999 -9999 -9999 -9999 -9999 -9999 -9999 -9999 -9999 -9999 -9999 -9999 -9999 -9999 -9999 -9999 -9999 -9999 -9999 -9999 -9999 -9999 -9999 -9999 -9999 -9999 -9999 -9999 -9999 -9999 -9999 -9999 -9999 -9999 -9999 -9999
6.98598E-1 7.15688E-1 6.7839E-1 6.95881E-1 6.48285E-1 6.78532E-1 6.66143E-1 6.63022E-1 6.89777E-1 6.51297E-1 6.46214E-1 6.48198E-1 6.60873E-1 6.89921E-1 7.2261E-1 7.15713E-1 6.94063E-1 7.03667E-1 7.1366E-1 7.02402E-1 7.43774E-1 7.68711E-1 7.96044E-1 8.88254E-1 8.64439E-1 7.38253E-1 8.49132E-1 8.59089E-1 8.43338E-1 9.30537E-1 9.31368E-1 9.56576E-1 9.6474E-1 9.86974E-1 9.75952E-1 9.50538E-1 -9999 -9999 -9999 -9999 -9999 -9999 -9999 -9999 -9999 -9999 9.9461E-1 9.98584E-1 9.77713E-1 -9999 -9999 -9999 -9999 -9999 -9999 -9999 -9999 -9999 -9999 -9999 -9999 -9999 -9999 -9999 -9999 -9999 -9999 -9999 -9999 -9999 -9999 -9999
7.01499E-1 6.94824E-1 6.43743E-1 6.79563E-1 6.61995E-1 6.69494E-1 6.73216E-1 6.38012E-1 6.4827E-1 6.28309E-1 6.28335E-1 6.2569E-1 6.38567E-1 6.54884E-1 6.72342E-1 6.53686E-1 6.93205E-1 6.88546E-1 6.97331E-1 7.08771E-1 6.85748E-1 7.30365E-1 8.30022E-1 7.45541E-1 6.76281E-1 6.40414E-1 7.18276E-1 7.0977E-1 6.9142E-1 8.79806E-1 9.19234E-1 9.50881E-1 9.80446E-1 9.87948E-1 9.89483E-1 9.59931E-1 9.69833E-1 -9999 -9999 -9999 -9999 -9999 -9999 -9999 -9999 9.96732E-1 9.89345E-1 9.94593E-1 9.49887E-1 9.59387E-1 -9999 -9999 -9999 -9999 -9999 -9999 -9999 -9999 -9999 -9999 -9999 -9999 -9999 -9999 -9999 -9999 -9999 -9999 -9999 -9999 -9999 -9999
6.98203E-1 6.75726E-1 6.74864E-1 6.83066E-1 6.9154E-1 6.61463E-1 6.53698E-1 6.25486E-1 5.98921E-1 6.2662E-1 6.23387E-1 6.1585E-1 6.05357E-1 6.49105E-1 6.56374E-1 6.49519E-1 6.80808E-1 6.94378E-1 7.01616E-1 7.22582E-1 7.02993E-1 7.83061E-1 7.69926E-1 7.06518E-1 5.12981E-1 4.67959E-1 4.8317E-1 5.25795E-1 6.2217E-1 7.6331E-1 9.38566E-1 9.26351E-1 9.53904E-1 9.67424E-1 9.821E-1 9.63674E-1 9.54558E-1 9.5803E-1 -9999 -9999 -9999 -9999 -9999 -9999 -9999 9.90148E-1 9.35986E-1 9.23417E-1 8.94137E-1 9.64332E-1 -9999 -9999 -9999 -9999 -9999 -9999 -9999 -9999 -9999 -9999 -9999 -9999 -9999 -9999 -9999 -9999 -9999 -9999 -9999 -9999 -9999 -9999
7.16621E-1 6.80567E-1 6.96163E-1 6.68062E-1 6.66527E-1 6.3873E-1 6.19911E-1 6.03883E-1 6.01899E-1 5.81848E-1 5.59987E-1 5.6844E-1 5.70471E-1 6.25739E-1 6.24587E-1 6.25061E-1 6.4826E-1 6.30469E-1 6.6136E-1 6.65507E-1 6.93211E-1 7.53654E-1 6.72841E-1 6.52229E-1 6.07627E-1 5.55832E-1 4.50516E-1 4.95322E-1 5.82207E-1 5.7744E-1 5.63847E-1 7.66732E-1 9.18543E-1 9.62068E-1 9.70109E-1 9.81579E-1 9.21103E-1 9.30685E-1 -9999 -9999 -9999 -9999 -9999 -9999 -9999 9.80719E-1 8.5204E-1 7.91785E-1 8.32372E-1 9.66136E-1 -9999 -9999 -9999 -9999 -9999 -9999 -9999 -9999 -9999 -9999 -9999 -9999 -9999 -9999 -9999 -9999 -9999 -9999 -9999 -9999 -9999 -9999
7.05188E-1 7.24255E-1 6.58755E-1 6.2767E-1 6.22842E-1 6.36779E-1 6.05008E-1 5.78747E-1 5.8707E-1 5.89316E-1 5.89355E-1 5.60938E-1 5.54346E-1 5.8599E-1 5.9944E-1 6.19365E-1 6.39341E-1 6.35961E-1 6.28522E-1 6.31084E-1 6.12317E-1 6.31103E-1 6.25485E-1 6.42036E-1 6.9999E-1 5.60459E-1 5.01166E-1 5.8757E-1 4.36742E-1 4.91592E-1 5.67863E-1 6.0847E-1 6.27012E-1 8.22074E-1 8.68564E-1 8.92305E-1 8.55129E-1 9.42574E-1 9.48264E-1 -9999 -9999 -9999 -9999 -9999 -9999 9.83587E-1 9.59094E-1 7.8336E-1 9.45699E-1 9.67852E-1 -9999 -9999 -9999 -9999 -9999 -9999 -9999 -9999 -9999 -9999 -9999 -9999 -9999 -9999 -9999 -9999 -9999 -9999 -9999 -9999 -9999 -9999
6.8962E-1 6.90697E-1 6.15088E-1 5.9537E-1 5.81234E-1 6.07824E-1 5.78735E-1 5.58561E-1 5.31612E-1 5.3923E-1 5.3477E-1 5.42374E-1 5.55615E-1 5.74501E-1 5.78638E-1 5.88978E-1 6.09848E-1 6.21902E-1 6.21226E-1 6.24727E-1 6.04336E-1 6.27964E-1 6.5861E-1 7.09165E-1 7.02273E-1 6.44548E-1 5.26738E-1 5.1867E-1 5.25058E-1 5.28882E-1 5.10574E-1 5.42545E-1 6.65971E-1 7.76697E-1 8.8222E-1 9.35098E-1 9.37223E-1 9.472E-1 9.4483E-1 9.69061E-1 -9999 -9999 -9999 -9999 -9999 9.97739E-1 9.79035E-1 9.41111E-1 9.74202E-1 9.82418E-1 -9999 -9999 -9999 -9999 -9999 -9999 -9999 -9999 -9999 -9999 -9999 -9999 -9999 -9999 -9999 -9999 -9999 -9999 -9999 -9999 -9999 -9999
6.69379E-1 6.46922E-1 5.75754E-1 5.56783E-1 5.73491E-1 5.65954E-1 5.79173E-1 5.5875E-1 5.35988E-1 4.6226E-1 4.71774E-1 4.88231E-1 5.48669E-1 5.26481E-1 5.28481E-1 5.63078E-1 5.91184E-1 6.04964E-1 6.1413E-1 5.69225E-1 5.88786E-1 6.01029E-1 6.23229E-1 6.79377E-1 7.12292E-1 6.69525E-1 5.83555E-1 6.79466E-1 7.48475E-1 6.14224E-1 4.95123E-1 6.65881E-1 7.27286E-1 8.2534E-1 8.05967E-1 8.83364E-1 9.21718E-1 8.82254E-1 9.73426E-1 9.8563E-1 9.86996E-1 -9999 -9999 -9999 -9999 9.98177E-1 9.9167E-1 9.84016E-1 -9999 -9999 -9999 -9999 9.90264E-1 9.94179E-1 -9999 -9999 -9999 -9999 -9999 -9999 -9999 -9999 -9999 -9999 -9999 -9999 -9999 -9999 -9999 -9999 -9999 -9999
5.92974E-1 5.97359E-1 5.05306E-1 4.84802E-1 4.95248E-1 4.75123E-1 5.20245E-1 5.63209E-1 5.01387E-1 4.56306E-1 4.74892E-1 4.88855E-1 5.60889E-1 5.99821E-1 5.22973E-1 5.56093E-1 5.71453E-1 5.51625E-1 5.83969E-1 5.57594E-1 5.71054E-1 6.26982E-1 6.14181E-1 6.36257E-1 6.6061E-1 6.80159E-1 7.67295E-1 6.60364E-1 6.37332E-1 5.42131E-1 6.02706E-1 6.24998E-1 6.67743E-1 6.75662E-1 7.92812E-1 7.87042E-1 7.85003E-1 8.26763E-1 9.73702E-1 9.47504E-1 9.67769E-1 9.84859E-1 9.87112E-1 -9999 -9999 -9999 -9999 -9999 -9999 -9999 -9999 -9999 9.95456E-1 9.97815E-1 9.92494E-1 -9999 -9999 -9999 -9999 -9999 -9999 -9999 -9999 -9999 -9999 -9999 -9999 -9999 -9999 -9999 -9999 -9999
5.00004E-1 5.32618E-1 4.8337E-1 4.23007E-1 3.26716E-1 3.21626E-1 3.18775E-1 5.00199E-1 5.35731E-1 5.01112E-1 5.22841E-1 5.65059E-1 5.42137E-1 5.76433E-1 5.66763E-1 5.51504E-1 5.40828E-1 5.29584E-1 5.49287E-1 5.73443E-1 5.92821E-1 6.14374E-1 6.23185E-1 6.26064E-1 6.51397E-1 7.40269E-1 7.74779E-1 7.72115E-1 6.73391E-1 5.94287E-1 6.89826E-1 7.08873E-1 8.34779E-1 8.13361E-1 7.6203E-1 6.88246E-1 6.7235E-1 8.26369E-1 9.1111E-1 9.07142E-1 9.50882E-1 9.68958E-1 9.77109E-1 9.82404E-1 -9999 -9999 -9999 -9999 -9999 -9999 -9999 -9999 -9999 -9999 -9999 -9999 -9999 -9999 -9999 -9999 -9999 -9999 -9999 -9999 -9999 -9999 -9999 -9999 -9999 -9999 -9999 -9999
4.3647E-1 3.16642E-1 5.61979E-1 3.64699E-1 2.90578E-1 2.61403E-1 2.45446E-1 4.96182E-1 6.21745E-1 5.74752E-1 5.58995E-1 6.24284E-1 5.94018E-1 5.81214E-1 6.26078E-1 5.86416E-1 5.6045E-1 5.23035E-1 5.07071E-1 5.5103E-1 5.74968E-1 5.95208E-1 5.73981E-1 5.98894E-1 6.57071E-1 7.83074E-1 7.36609E-1 8.15312E-1 7.84719E-1 7.01615E-1 7.5883E-1 6.75845E-1 7.48354E-1 7.43952E-1 5.87787E-1 7.73142E-1 7.19097E-1 7.66082E-1 8.96787E-1 9.10656E-1 9.49196E-1 9.75783E-1 9.78498E-1 9.84211E-1 -9999 -9999 -9999 -9999 -9999 -9999 -9999 -9999 -9999 -9999 -9999 -9999 -9999 -9999 -9999 -9999 -9999 -9999 -9999 -9999 -9999 -9999 -9999 -9999 -9999 -9999 -9999 -9999
2.65963E-1 2.50171E-1 3.80494E-1 4.3291E-1 2.42531E-1 1.64713E-1 3.45556E-1 4.10891E-1 4.66845E-1 4.83486E-1 5.55686E-1 6.1736E-1 6.15688E-1 5.85696E-1 5.58139E-1 5.31595E-1 5.11135E-1 4.65749E-1 4.77813E-1 4.82644E-1 5.47374E-1 5.76746E-1 5.68924E-1 6.30079E-1 7.22604E-1 7.64825E-1 7.70589E-1 8.06481E-1 8.23939E-1 8.2826E-1 7.89139E-1 7.11566E-1 6.63764E-1 7.04996E-1 6.08429E-1 5.93689E-1 7.77314E-1 8.6239E-1 9.35581E-1 8.85287E-1 9.23435E-1 9.71288E-1 9.84023E-1 -9999 -9999 -9999 -9999 -9999 -9999 -9999 -9999 -9999 -9999 -9999 -9999 -9999 -9999 -9999 -9999 -9999 -9999 -9999 -9999 -9999 -9999 -9999 -9999 -9999 -9999 -9999 -9999 -9999
2.01595E-1 1.89403E-1 1.92541E-1 2.64009E-1 3.02872E-1 1.21828E-1 1.37066E-1 1.74487E-1 3.09396E-1 4.29638E-1 3.45415E-1 5.7359E-1 5.93022E-1 5.26316E-1 5.57074E-1 5.09398E-1 4.93224E-1 4.38171E-1 4.58388E-1 4.65472E-1 5.66803E-1 5.71446E-1 5.9893E-1 5.8146E-1 6.30972E-1 6.93011E-1 7.8089E-1 7.72576E-1 8.3191E-1 8.01178E-1 7.87314E-1 8.67698E-1 7.76595E-1 7.5912E-1 7.79264E-1 6.98315E-1 6.59541E-1 7.7118E-1 8.70939E-1 8.66321E-1 9.29331E-1 9.65408E-1 9.85593E-1 -9999 -9999 -9999 -9999 -9999 -9999 -9999 -9999 -9999 -9999 -9999 -9999 -9999 -9999 -9999 -9999 -9999 -9999 -9999 -9999 -9999 -9999 -9999 -9999 -9999 -9999 -9999 -9999 -9999
4.30754E-1 2.56529E-1 1.88033E-1 1.27364E-1 1.45367E-1 1.2739E-1 8.74528E-2 1.5736E-1 1.94145E-1 3.314E-1 1.96692E-1 3.57636E-1 3.91133E-1 5.10632E-1 5.69873E-1 5.43092E-1 5.3673E-1 4.44197E-1 4.10854E-1 4.64286E-1 5.06269E-1 5.70515E-1 5.94771E-1 5.47025E-1 6.38093E-1 6.83146E-1 7.24973E-1 7.78711E-1 7.69971E-1 7.53509E-1 7.80558E-1 9.05416E-1 8.53378E-1 8.03431E-1 6.47431E-1 7.6886E-1 8.21655E-1 7.70005E-1 7.9438E-1 8.57155E-1 9.17724E-1 9.71315E-1 9.83439E-1 9.93943E-1 -9999 -9999 -9999 -9999 -9999 -9999 -9999 -9999 -9999 -9999 -9999 -9999 -9999 -9999 -9999 -9999 -9999 -9999 -9999 -9999 -9999 -9999 -9999 -9999 -9999 -9999 -9999 -9999
6.64977E-1 5.69342E-1 4.44347E-1 1.95412E-1 1.91998E-1 1.1968E-1 1.23663E-1 1.35843E-1 1.79483E-1 2.18826E-1 1.25326E-1 2.85072E-1 3.03823E-1 3.35054E-1 5.25662E-1 6.08023E-1 6.07257E-1 5.54078E-1 4.45409E-1 4.26126E-1 5.45021E-1 5.95172E-1 6.55723E-1 5.71086E-1 6.89038E-1 6.69769E-1 7.49879E-1 8.07398E-1 7.59044E-1 7.69056E-1 8.03834E-1 9.05274E-1 8.95964E-1 9.28828E-1 7.7865E-1 6.28446E-1 8.16125E-1 9.25334E-1 8.72846E-1 8.69844E-1 9.00511E-1 9.67958E-1 9.86733E-1 9.95587E-1 -9999 -9999 -9999 -9999 -9999 -9999 -9999 -9999 -9999 -9999 -9999 -9999 -9999 -9999 -9999 -9999 -9999 -9999 -9999 -9999 -9999 -9999 -9999 -9999 -9999 -9999 -9999 -9999
6.03358E-1 3.95608E-1 5.9544E-1 3.35101E-1 2.07893E-1 1.27568E-1 1.95269E-1 1.35437E-1 8.84801E-2 9.79492E-2 1.42558E-1 7.89438E-2 1.45798E-1 3.0451E-1 4.5026E-1 5.18854E-1 6.76807E-1 5.69749E-1 5.38887E-1 4.70042E-1 5.13691E-1 6.21882E-1 5.97061E-1 6.06927E-1 7.02045E-1 6.99221E-1 7.36978E-1 7.64536E-1 7.33129E-1 7.57739E-1 7.75071E-1 8.91197E-1 9.15048E-1 9.24147E-1 9.42112E-1 8.26968E-1 8.67084E-1 8.66884E-1 9.11579E-1 9.03709E-1 9.10268E-1 9.64355E-1 9.896E-1 9.94116E-1 -9999 -9999 -9999 -9999 -9999 -9999 -9999 -9999 -9999 -9999 -9999 -9999 -9999 -9999 -9999 -9999 -9999 -9999 -9999 -9999 -9999 -9999 -9999 -9999 -9999 -9999 9.40798E-1 9.90882E-1
6.68113E-1 5.74565E-1 7.10711E-1 4.5591E-1 2.57243E-1 3.31267E-1 3.02278E-1 1.18444E-1 9.01335E-2 1.1002E-1 1.00219E-1 5.25645E-2 9.72925E-2 2.09333E-1 1.92029E-1 2.44578E-1 6.08876E-1 6.28434E-1 5.68327E-1 5.60121E-1 4.81975E-1 5.12932E-1 5.62754E-1 6.28076E-1 6.20731E-1 6.71872E-1 6.0124E-1 6.77577E-1 7.51717E-1 6.82556E-1 7.13527E-1 7.83336E-1 8.39744E-1 8.30605E-1 8.91096E-1 9.28231E-1 8.17415E-1 6.88236E-1 8.14491E-1 9.23071E-1 9.41032E-1 9.69178E-1 9.87437E-1 9.89576E-1 -9999 -9999 -9999 -9999 -9999 -9999 -9999 -9999 -9999 -9999 -9999 -9999 -9999 -9999 -9999 -9999 -9999 -9999 -9999 -9999 -9999 -9999 -9999 -9999 -9999 -9999 9.82653E-1 9.96971E-1
6.60567E-1 5.65696E-1 5.26602E-1 7.14943E-1 6.30323E-1 5.84412E-1 3.01621E-1 2.10637E-1 2.05747E-1 2.13105E-1 1.29506E-1 6.32829E-2 1.01623E-1 1.69259E-1 2.05503E-1 2.31203E-1 5.2172E-1 6.88269E-1 6.96616E-1 6.57413E-1 6.05517E-1 5.67487E-1 5.15016E-1 5.44334E-1 6.23333E-1 5.80718E-1 5.68343E-1 6.65446E-1 7.83625E-1 6.89908E-1 6.84963E-1 7.10719E-1 8.47678E-1 9.15686E-1 9.20132E-1 9.35044E-1 9.31345E-1 8.20602E-1 7.56853E-1 9.46512E-1 9.58525E-1 9.7232E-1 9.86875E-1 9.8499E-1 -9999 -9999 -9999 -9999 -9999 -9999 -9999 -9999 -9999 -9999 -9999 -9999 -9999 -9999 -9999 -9999 -9999 -9999 -9999 -9999 -9999 -9999 -9999 -9999 -9999 -9999 -9999 -9999
4.96215E-1 4.8012E-1 3.72789E-1 5.49131E-1 6.78477E-1 6.18488E-1 5.11721E-1 3.05014E-1 3.57416E-1 1.55357E-1 1.17057E-1 8.0234E-2 9.55138E-2 1.39509E-1 3.52758E-1 4.36692E-1 4.35917E-1 4.83395E-1 6.95652E-1 7.21923E-1 6.89651E-1 6.57198E-1 6.33127E-1 5.09596E-1 5.66553E-1 6.12373E-1 6.07301E-1 6.92236E-1 8.22929E-1 7.52786E-1 6.97867E-1 6.79714E-1 8.17696E-1 7.64718E-1 8.69162E-1 8.60969E-1 8.64477E-1 9.17984E-1 8.32933E-1 8.32682E-1 9.60479E-1 9.83878E-1 9.87436E-1 9.82823E-1 -9999 -9999 -9999 -9999 -9999 -9999 -9999 -9999 -9999 -9999 -9999 -9999 -9999 -9999 -9999 -9999 -9999 -9999 -9999 -9999 -9999 -9999 -9999 -9999 -9999 -9999 -9999 -9999
3.91078E-1 3.34809E-1 2.95328E-1 3.4758E-1 6.56505E-1 6.90426E-1 5.41793E-1 5.66389E-1 3.48898E-1 2.13094E-1 1.42075E-1 1.02612E-1 1.48061E-1 2.16343E-1 2.735E-1 2.30112E-1 2.93244E-1 3.61519E-1 6.21538E-1 6.08242E-1 7.1714E-1 6.73671E-1 6.79513E-1 6.34805E-1 5.73753E-1 6.03782E-1 6.00485E-1 7.17907E-1 7.96072E-1 7.89501E-1 7.01128E-1 5.67147E-1 6.17567E-1 6.10449E-1 6.8159E-1 7.85622E-1 8.92188E-1 9.28386E-1 9.41846E-1 8.70937E-1 9.42776E-1 9.76898E-1 9.82613E-1 -9999 -9999 -9999 -9999 -9999 -9999 -9999 -9999 -9999 -9999 -9999 -9999 -9999 -9999 -9999 -9999 -9999 -9999 -9999 -9999 -9999 -9999 -9999 -9999 -9999 -9999 -9999 -9999 8.83778E-1
4.63944E-1 4.89946E-1 3.902E-1 4.88426E-1 4.96858E-1 6.98709E-1 5.94131E-1 5.93135E-1 6.7952E-1 4.82116E-1 3.12427E-1 1.60508E-1 1.34218E-1 2.27349E-1 3.85719E-1 3.50876E-1 3.07631E-1 4.76741E-1 5.79242E-1 6.50744E-1 7.40478E-1 6.97788E-1 7.15932E-1 6.87567E-1 6.70907E-1 6.20033E-1 5.98201E-1 6.99758E-1 7.19393E-1 7.33112E-1 7.08484E-1 6.40551E-1 5.2717E-1 5.02596E-1 6.99423E-1 8.39207E-1 8.35672E-1 8.96791E-1 9.16868E-1 9.19709E-1 8.71224E-1 9.707E-1 9.7089E-1 -9999 -9999 -9999 -9999 -9999 -9999 -9999 -9999 -9999 -9999 -9999 -9999 -9999 -9999 -9999 -9999 -9999 -9999 -9999 -9999 -9999 -9999 -9999 -9999 -9999 -9999 -9999 -9999 8.79682E-1
5.59554E-1 6.05256E-1 6.48008E-1 6.70799E-1 6.57388E-1 6.45601E-1 6.20403E-1 6.76683E-1 6.69652E-1 6.03941E-1 4.78656E-1 2.36291E-1 1.53977E-1 1.02791E-1 2.18844E-1 5.02725E-1 5.05419E-1 5.5019E-1 4.79979E-1 6.46246E-1 4.57957E-1 5.26376E-1 7.2448E-1 6.46888E-1 6.81437E-1 7.09955E-1 6.49823E-1 5.86587E-1 6.09471E-1 6.06026E-1 5.48459E-1 5.77323E-1 4.62505E-1 4.70142E-1 5.97117E-1 6.40426E-1 6.0803E-1 7.07401E-1 8.67141E-1 9.41527E-1 9.27355E-1 9.53557E-1 9.5295E-1 -9999 -9999 -9999 -9999 -9999 -9999 -9999 -9999 -9999 -9999 -9999 -9999 -9999 -9999 -9999 -9999 -9999 -9999 -9999 -9999 -9999 -9999 -9999 -9999 -9999 -9999 -9999 -9999 9.36919E-1
5.7177E-1 6.33071E-1 5.64793E-1 3.93469E-1 5.50037E-1 5.29465E-1 3.33784E-1 4.18473E-1 5.8506E-1 5.75946E-1 5.92253E-1 3.87822E-1 2.247E-1 1.32708E-1 1.568E-1 2.54438E-1 4.13309E-1 5.04684E-1 5.36521E-1 5.18351E-1 2.86572E-1 3.55081E-1 6.5499E-1 7.01888E-1 6.93176E-1 7.27331E-1 7.38109E-1 6.88293E-1 5.81381E-1 5.83223E-1 4.9099E-1 5.49838E-1 4.8271E-1 4.69711E-1 4.84721E-1 5.27596E-1 6.68509E-1 8.50677E-1 8.76947E-1 9.3355E-1 9.56177E-1 9.408E-1 -9999 -9999 -9999 -9999 -9999 -9999 -9999 -9999 -9999 -9999 -9999 -9999 -9999 -9999 -9999 -9999 -9999 -9999 -9999 -9999 -9999 -9999 -9999 -9999 -9999 -9999 -9999 -9999 -9999 -9999
5.98854E-1 4.44599E-1 3.09858E-1 2.21878E-1 3.13782E-1 4.41714E-1 2.95054E-1 2.63866E-1 4.93771E-1 6.22108E-1 5.26813E-1 5.38608E-1 4.0787E-1 2.36935E-1 2.36216E-1 2.36633E-1 2.10276E-1 3.34645E-1 3.63798E-1 4.66274E-1 4.76214E-1 4.27013E-1 6.10861E-1 7.5716E-1 7.67263E-1 7.70167E-1 8.27777E-1 7.83623E-1 7.5097E-1 6.99831E-1 5.63429E-1 6.21588E-1 5.57424E-1 5.20392E-1 5.18607E-1 5.73978E-1 7.82935E-1 6.63481E-1 6.52946E-1 8.55221E-1 9.45083E-1 9.2348E-1 -9999 -9999 -9999 -9999 -9999 -9999 -9999 -9999 -9999 -9999 -9999 -9999 -9999 -9999 -9999 -9999 -9999 -9999 -9999 -9999 -9999 -9999 -9999 -9999 -9999 -9999 -9999 -9999 -9999 -9999
4.50376E-1 3.94814E-1 3.67256E-1 3.25144E-1 2.82759E-1 2.63617E-1 2.43124E-1 3.62988E-1 6.04724E-1 5.32253E-1 5.6171E-1 5.10651E-1 5.95813E-1 4.2232E-1 3.62726E-1 3.67672E-1 3.18727E-1 2.4225E-1 2.35535E-1 5.01889E-1 6.42885E-1 6.84733E-1 5.89857E-1 7.30014E-1 7.71074E-1 6.97544E-1 7.78539E-1 7.54135E-1 6.9535E-1 7.45687E-1 6.92419E-1 7.07316E-1 7.5085E-1 6.98888E-1 5.07483E-1 5.51884E-1 5.69369E-1 4.11014E-1 5.33661E-1 8.66091E-1 8.71294E-1 8.24057E-1 7.96436E-1 6.98386E-1 7.45982E-1 7.11721E-1 6.68869E-1 7.27484E-1 -9999 -9999 -9999 -9999 -9999 -9999 -9999 -9999 -9999 -9999 -9999 -9999 -9999 -9999 -9999 -9999 -9999 -9999 -9999 -9999 -9999 -9999 -9999 -9999
3.28145E-1 4.24279E-1 3.49447E-1 4.88725E-1 3.41138E-1 1.88693E-1 1.90626E-1 4.99177E-1 4.34334E-1 4.01234E-1 5.53378E-1 4.53639E-1 5.92114E-1 5.03932E-1 2.93039E-1 3.61215E-1 3.45515E-1 1.96132E-1 3.0057E-1 5.21269E-1 6.24305E-1 6.3792E-1 5.73935E-1 7.26387E-1 5.24176E-1 4.73077E-1 5.82334E-1 6.03268E-1 6.86968E-1 8.17898E-1 7.81372E-1 7.6292E-1 7.32628E-1 5.63124E-1 3.91249E-1 3.53378E-1 4.36216E-1 3.51455E-1 5.82303E-1 7.81661E-1 7.32363E-1 6.42503E-1 6.13615E-1 6.01357E-1 6.43982E-1 6.0533E-1 5.14013E-1 5.2547E-1 7.21101E-1 7.39231E-1 7.73528E-1 -9999 -9999 -9999 -9999 -9999 -9999 -9999 -9999 -9999 -9999 -9999 -9999 -9999 -9999 -9999 -9999 -9999 -9999 -9999 -9999 -9999
2.65853E-1 3.56858E-1 2.41625E-1 4.44731E-1 4.17662E-1 2.6378E-1 1.88924E-1 2.68272E-1 2.72888E-1 3.44597E-1 4.22479E-1 3.90538E-1 5.78E-1 5.54884E-1 4.24967E-1 2.77674E-1 4.53166E-1 2.22854E-1 2.39239E-1 4.20573E-1 5.38463E-1 5.42275E-1 3.73765E-1 3.42766E-1 4.43618E-1 3.03279E-1 4.20931E-1 4.66395E-1 4.57897E-1 7.23763E-1 8.50896E-1 7.63649E-1 7.13434E-1 5.9916E-1 5.35212E-1 4.45263E-1 3.59158E-1 3.15425E-1 5.69712E-1 7.39117E-1 6.97389E-1 5.96725E-1 5.87139E-1 4.24653E-1 4.96478E-1 4.5232E-1 4.16738E-1 3.901E-1 5.26622E-1 4.7543E-1 5.75125E-1 6.65098E-1 7.74467E-1 6.77215E-1 7.52736E-1 7.15592E-1 7.59874E-1 -9999 -9999 -9999 -9999 -9999 -9999 -9999 -9999 -9999 -9999 -9999 -9999 -9999 -9999 -9999
1.92045E-1 2.89982E-1 2.24479E-1 3.68931E-1 3.89775E-1 2.66229E-1 2.15051E-1 1.79177E-1 2.48775E-1 2.44425E-1 3.68832E-1 3.96568E-1 5.56258E-1 4.88621E-1 4.3715E-1 2.73064E-1 3.32148E-1 3.65829E-1 2.56532E-1 4.42083E-1 3.68719E-1 3.25005E-1 4.2702E-1 2.03073E-1 2.87104E-1 3.93078E-1 3.14164E-1 3.58007E-1 4.93405E-1 6.96869E-1 8.28502E-1 8.04886E-1 7.33587E-1 6.41075E-1 6.03373E-1 4.46045E-1 4.21659E-1 4.52303E-1 4.33931E-1 7.15131E-1 5.1596E-1 4.44681E-1 4.45717E-1 2.67967E-1 3.40848E-1 3.63124E-1 3.46781E-1 3.4036E-1 3.25977E-1 3.45147E-1 4.38594E-1 5.79963E-1 5.96772E-1 6.40768E-1 6.16679E-1 5.64276E-1 6.82625E-1 6.89498E-1 7.09829E-1 8.10547E-1 -9999 -9999 -9999 -9999 -9999 -9999 -9999 -9999 -9999 -9999 -9999 -9999
