Artocarpus altilis SDM files/Last interglacial/results (without the bias file)/Artalt_4.asc
ncols         1201
nrows         481
xllcorner     119.99986351115
yllcorner     -15.00013864885
cellsize      0.041666667
NODATA_value  -9999
[rows 288 to 319 of 481, columns 432 to 503 of 1201]
-9999 -9999 -9999 -9999 -9999 -9999 -9999 -9999 -9999 -9999 -9999 -9999 6.85787E-1 6.77741E-1 6.59505E-1 6.69363E-1 6.48458E-1 6.3144E-1 6.18797E-1 5.96268E-1 5.91427E-1 5.77016E-1 5.75926E-1 5.64377E-1 5.61842E-1 5.58313E-1 5.46399E-1 5.37114E-1 5.3958E-1 5.36986E-1 5.27801E-1 5.21233E-1 4.82508E-1 4.48842E-1 4.96467E-1 4.81391E-1 4.81008E-1 5.00251E-1 4.74616E-1 4.84205E-1 4.55564E-1 4.84684E-1 4.74643E-1 5.01119E-1 4.49195E-1 4.24769E-1 4.38095E-1 4.19329E-1 4.66596E-1 5.15095E-1 5.16194E-1 4.8891E-1 4.76302E-1 4.27664E-1 4.03609E-1 4.03514E-1 4.57534E-1 4.68507E-1 4.85805E-1 4.76888E-1 5.05049E-1 4.84751E-1 4.62163E-1 4.5567E-1 4.80496E-1 4.7798E-1 4.72069E-1 4.84193E-1 4.86606E-1 4.80245E-1 5.06477E-1 5.10402E-1
-9999 -9999 -9999 -9999 -9999 -9999 -9999 -9999 -9999 -9999 -9999 -9999 -9999 -9999 6.41038E-1 6.27086E-1 6.47812E-1 6.44849E-1 6.23595E-1 6.12255E-1 5.92619E-1 6.04964E-1 5.97482E-1 5.70127E-1 5.63555E-1 5.62774E-1 5.5196E-1 5.54811E-1 5.30321E-1 5.27704E-1 5.1999E-1 5.12613E-1 4.52047E-1 4.83799E-1 5.00671E-1 4.8457E-1 4.84874E-1 5.00115E-1 4.81996E-1 4.3675E-1 4.73148E-1 5.02286E-1 4.93329E-1 4.50864E-1 4.20896E-1 4.15616E-1 4.73049E-1 4.73766E-1 4.86808E-1 4.93948E-1 4.96178E-1 4.84971E-1 4.42844E-1 4.26274E-1 4.01145E-1 4.02884E-1 4.31935E-1 4.59483E-1 4.90379E-1 4.84183E-1 4.90621E-1 4.7299E-1 4.65314E-1 4.69862E-1 4.82867E-1 4.81226E-1 4.70681E-1 4.70862E-1 4.90267E-1 4.69886E-1 4.95123E-1 4.94191E-1
-9999 -9999 -9999 -9999 -9999 -9999 -9999 -9999 -9999 -9999 -9999 -9999 -9999 -9999 -9999 6.28849E-1 6.25968E-1 6.24577E-1 6.2995E-1 6.07652E-1 5.95653E-1 5.92416E-1 5.99603E-1 5.6932E-1 5.72895E-1 5.8365E-1 5.69789E-1 5.50169E-1 5.24096E-1 5.26126E-1 5.13552E-1 5.14279E-1 4.68994E-1 4.87883E-1 4.7878E-1 4.90418E-1 4.47557E-1 4.769E-1 4.51579E-1 4.47063E-1 4.59832E-1 4.72587E-1 4.73433E-1 4.6182E-1 4.3648E-1 4.25613E-1 4.9022E-1 4.73128E-1 4.93362E-1 5.14194E-1 4.69423E-1 4.54947E-1 4.39364E-1 3.97341E-1 3.70584E-1 4.05842E-1 4.30063E-1 4.39656E-1 4.62841E-1 4.38501E-1 4.98743E-1 4.39078E-1 4.26895E-1 4.08106E-1 4.26449E-1 4.2461E-1 4.31568E-1 4.34485E-1 4.18829E-1 4.40421E-1 4.61675E-1 4.83752E-1
-9999 -9999 -9999 -9999 -9999 -9999 -9999 -9999 -9999 -9999 -9999 -9999 -9999 -9999 -9999 -9999 6.00282E-1 6.15778E-1 6.11063E-1 6.20749E-1 5.98637E-1 5.77427E-1 5.67954E-1 5.58073E-1 5.7307E-1 5.68068E-1 5.5327E-1 5.31753E-1 5.21204E-1 5.21111E-1 5.2095E-1 5.07119E-1 4.82837E-1 4.95966E-1 4.88281E-1 4.7708E-1 4.48584E-1 4.87546E-1 4.62285E-1 4.69526E-1 4.46385E-1 4.91168E-1 4.80027E-1 4.44261E-1 4.51992E-1 4.54229E-1 4.6969E-1 4.75641E-1 4.80266E-1 4.73718E-1 4.20871E-1 4.27306E-1 3.90032E-1 3.79521E-1 3.78859E-1 4.15757E-1 4.35876E-1 4.24445E-1 4.33755E-1 4.45362E-1 4.85392E-1 4.39794E-1 4.28686E-1 3.99159E-1 4.04934E-1 4.31323E-1 4.20579E-1 4.362E-1 4.14286E-1 4.38263E-1 4.62183E-1 4.8552E-1
-9999 -9999 -9999 -9999 -9999 -9999 -9999 -9999 -9999 -9999 -9999 -9999 -9999 -9999 -9999 -9999 -9999 6.0361E-1 6.21408E-1 6.13409E-1 5.99399E-1 5.92849E-1 5.79342E-1 5.70547E-1 5.54866E-1 5.57837E-1 5.46571E-1 5.17472E-1 5.02602E-1 5.01945E-1 5.01564E-1 4.9793E-1 4.77233E-1 4.70449E-1 4.75585E-1 4.57109E-1 4.45818E-1 4.73303E-1 4.91834E-1 4.67455E-1 4.83056E-1 4.86525E-1 4.51161E-1 4.4566E-1 4.39579E-1 4.34721E-1 4.37945E-1 4.50997E-1 4.22111E-1 4.14757E-1 3.81136E-1 3.67622E-1 3.54104E-1 3.8187E-1 4.18903E-1 4.39856E-1 4.40045E-1 4.20662E-1 4.377E-1 4.28959E-1 4.88363E-1 4.68923E-1 4.34714E-1 4.15257E-1 4.35955E-1 4.45245E-1 4.14569E-1 4.16847E-1 4.18178E-1 4.22264E-1 4.49436E-1 4.57883E-1
-9999 -9999 -9999 -9999 -9999 -9999 -9999 -9999 -9999 -9999 -9999 -9999 -9999 -9999 -9999 -9999 5.67093E-1 5.70058E-1 -9999 5.68626E-1 5.50064E-1 5.37413E-1 5.50263E-1 5.49627E-1 5.63721E-1 5.48099E-1 5.39493E-1 5.19999E-1 5.18851E-1 4.96999E-1 4.92125E-1 4.77567E-1 4.7749E-1 4.74546E-1 4.70843E-1 4.50563E-1 4.53119E-1 4.65748E-1 4.73698E-1 4.4876E-1 4.37569E-1 4.33492E-1 4.27263E-1 4.38223E-1 4.28998E-1 4.27071E-1 4.3437E-1 4.14072E-1 4.04001E-1 3.81391E-1 3.65156E-1 3.56072E-1 3.75011E-1 4.0321E-1 4.46832E-1 4.50334E-1 4.41053E-1 4.36904E-1 4.47519E-1 4.33572E-1 4.82288E-1 4.76396E-1 4.38572E-1 4.15192E-1 4.29972E-1 4.06992E-1 4.26333E-1 4.36672E-1 4.4677E-1 4.22425E-1 4.37227E-1 4.56014E-1
-9999 -9999 -9999 -9999 -9999 -9999 -9999 -9999 -9999 -9999 -9999 -9999 -9999 -9999 -9999 6.07197E-1 6.12888E-1 5.94472E-1 5.86283E-1 5.73627E-1 5.81487E-1 5.52288E-1 5.50863E-1 5.37699E-1 5.46918E-1 5.33058E-1 5.01288E-1 4.9108E-1 5.01123E-1 4.93916E-1 4.90545E-1 4.85295E-1 4.71464E-1 4.66577E-1 4.41347E-1 4.56233E-1 4.64065E-1 4.57378E-1 4.55804E-1 4.31715E-1 4.42276E-1 4.253E-1 4.08567E-1 3.8365E-1 3.9499E-1 3.95467E-1 4.00206E-1 3.77443E-1 3.63437E-1 3.55517E-1 3.64955E-1 3.78073E-1 4.00223E-1 4.07024E-1 4.43174E-1 4.40556E-1 4.47948E-1 4.19085E-1 4.52628E-1 4.41191E-1 4.70423E-1 4.17486E-1 3.93092E-1 3.97574E-1 3.76101E-1 4.14907E-1 4.06452E-1 4.34153E-1 4.4312E-1 4.36839E-1 4.42046E-1 4.38712E-1
-9999 -9999 -9999 -9999 -9999 -9999 -9999 -9999 -9999 -9999 -9999 -9999 -9999 -9999 -9999 -9999 6.21714E-1 6.11449E-1 5.94655E-1 5.6841E-1 5.65813E-1 5.79188E-1 5.56787E-1 5.54686E-1 5.35846E-1 5.25402E-1 5.16105E-1 5.1125E-1 5.03156E-1 4.83617E-1 4.9036E-1 4.81037E-1 4.83843E-1 4.57048E-1 4.53036E-1 4.7408E-1 4.54197E-1 4.28077E-1 4.37673E-1 4.43852E-1 4.31043E-1 4.0685E-1 3.572E-1 3.69011E-1 4.15891E-1 3.70275E-1 3.67716E-1 3.87934E-1 3.9842E-1 3.97806E-1 3.75189E-1 3.95358E-1 4.18898E-1 4.24244E-1 4.61602E-1 4.65464E-1 4.56961E-1 4.07371E-1 4.5252E-1 4.40406E-1 4.50295E-1 3.69791E-1 3.84635E-1 3.9547E-1 3.95228E-1 4.09568E-1 4.11492E-1 4.29597E-1 4.33504E-1 4.37122E-1 4.2531E-1 4.32099E-1
-9999 -9999 -9999 -9999 -9999 -9999 -9999 -9999 -9999 -9999 -9999 -9999 -9999 -9999 -9999 -9999 -9999 -9999 5.89428E-1 5.77507E-1 5.63698E-1 5.72704E-1 5.47903E-1 5.39738E-1 5.27691E-1 5.20986E-1 5.05257E-1 5.04001E-1 5.00902E-1 4.87427E-1 4.78106E-1 4.73514E-1 4.89464E-1 4.60308E-1 4.48882E-1 4.59722E-1 4.34927E-1 4.13331E-1 4.2377E-1 4.14532E-1 3.786E-1 3.57507E-1 3.45017E-1 3.81137E-1 3.91194E-1 3.6058E-1 3.69678E-1 3.84608E-1 3.65206E-1 3.64218E-1 3.79282E-1 4.01061E-1 3.99039E-1 4.26935E-1 4.60201E-1 4.57705E-1 4.05917E-1 4.19914E-1 4.54805E-1 4.33005E-1 4.02452E-1 3.7134E-1 3.89603E-1 4.28983E-1 4.14473E-1 4.11805E-1 4.23877E-1 4.2185E-1 4.34059E-1 4.28855E-1 4.2746E-1 4.35442E-1
-9999 -9999 -9999 -9999 -9999 -9999 -9999 -9999 -9999 -9999 -9999 -9999 -9999 -9999 -9999 -9999 -9999 -9999 -9999 -9999 5.53717E-1 5.15419E-1 5.30784E-1 5.26696E-1 5.15057E-1 5.06314E-1 4.93318E-1 5.03056E-1 4.88749E-1 4.78601E-1 4.79827E-1 4.74396E-1 4.79378E-1 4.63002E-1 4.53048E-1 4.46477E-1 4.27344E-1 4.17115E-1 3.6266E-1 3.71847E-1 3.76107E-1 3.69775E-1 3.73327E-1 3.89983E-1 3.88975E-1 3.88274E-1 3.85409E-1 3.94999E-1 3.92486E-1 3.93032E-1 4.01314E-1 4.06238E-1 4.08623E-1 4.32709E-1 4.39054E-1 4.49676E-1 4.17493E-1 4.44194E-1 4.12451E-1 3.68278E-1 3.55363E-1 3.62605E-1 3.72657E-1 4.00403E-1 4.09242E-1 4.28125E-1 4.059E-1 4.28115E-1 4.29156E-1 4.27892E-1 4.31752E-1 4.18921E-1
-9999 -9999 -9999 -9999 -9999 -9999 -9999 -9999 -9999 -9999 6.43777E-1 6.41012E-1 6.33027E-1 6.00632E-1 6.08779E-1 5.82741E-1 5.66817E-1 5.54894E-1 5.53264E-1 5.62948E-1 -9999 4.98287E-1 4.98797E-1 5.20123E-1 5.07832E-1 5.17762E-1 4.97708E-1 5.01314E-1 4.78446E-1 4.69132E-1 4.58752E-1 4.44887E-1 4.42017E-1 4.48099E-1 4.29483E-1 4.19405E-1 3.84722E-1 3.82676E-1 3.70583E-1 4.02157E-1 4.15573E-1 4.09583E-1 4.05608E-1 4.00472E-1 3.90863E-1 4.02341E-1 4.05181E-1 4.11974E-1 4.16679E-1 4.16659E-1 4.13098E-1 3.99403E-1 4.17922E-1 4.48939E-1 4.50353E-1 4.49106E-1 4.06286E-1 3.98038E-1 3.69806E-1 3.66485E-1 3.75735E-1 3.91041E-1 3.97617E-1 3.91051E-1 3.90895E-1 4.22054E-1 4.0599E-1 4.29247E-1 4.2962E-1 4.14962E-1 4.20136E-1 3.99282E-1
-9999 -9999 -9999 -9999 -9999 -9999 -9999 6.88888E-1 6.77644E-1 6.61782E-1 6.59659E-1 6.44692E-1 6.26606E-1 6.21639E-1 6.0265E-1 5.87298E-1 5.64777E-1 5.45992E-1 5.45471E-1 5.38962E-1 5.63042E-1 -9999 4.96846E-1 4.95067E-1 5.09834E-1 5.2032E-1 5.07293E-1 4.93596E-1 4.66484E-1 4.59124E-1 4.41844E-1 4.25757E-1 4.40033E-1 4.34349E-1 4.19085E-1 4.09698E-1 3.74353E-1 4.05117E-1 4.06844E-1 4.24291E-1 3.96145E-1 4.09633E-1 4.13673E-1 4.0533E-1 3.99624E-1 4.11826E-1 4.09439E-1 4.09914E-1 4.23469E-1 4.02435E-1 3.91095E-1 3.92146E-1 4.18041E-1 4.21631E-1 4.39384E-1 4.07987E-1 3.92973E-1 3.8974E-1 3.58486E-1 3.72962E-1 3.76882E-1 3.90631E-1 3.81785E-1 3.98759E-1 3.91545E-1 4.31419E-1 4.28177E-1 4.276E-1 4.31145E-1 3.98882E-1 3.96559E-1 3.77551E-1
-9999 -9999 -9999 -9999 -9999 6.90348E-1 6.86249E-1 6.72194E-1 6.57342E-1 6.5881E-1 6.43938E-1 6.3573E-1 6.14816E-1 6.01164E-1 5.95216E-1 5.77236E-1 5.539E-1 5.23782E-1 5.30436E-1 5.41085E-1 5.5889E-1 5.69883E-1 4.80279E-1 4.98278E-1 5.04745E-1 5.14851E-1 4.97613E-1 4.68332E-1 4.50695E-1 4.54958E-1 4.41893E-1 4.46712E-1 4.34485E-1 4.23538E-1 4.06416E-1 4.11805E-1 3.91509E-1 4.29092E-1 4.3339E-1 4.06201E-1 3.87319E-1 3.98822E-1 3.90731E-1 4.07515E-1 4.09747E-1 4.02276E-1 4.17005E-1 4.05993E-1 4.10145E-1 3.77622E-1 3.76335E-1 3.9498E-1 4.05767E-1 4.27363E-1 4.39769E-1 4.07951E-1 4.10111E-1 4.08025E-1 3.39139E-1 3.77109E-1 3.86653E-1 3.8829E-1 3.92291E-1 3.90425E-1 3.89051E-1 4.10897E-1 4.01043E-1 4.22256E-1 4.15449E-1 3.86399E-1 3.88193E-1 3.88069E-1
-9999 -9999 -9999 6.97272E-1 6.93527E-1 6.8103E-1 6.79483E-1 6.61501E-1 6.53873E-1 6.39109E-1 6.37692E-1 6.08363E-1 6.03007E-1 6.02154E-1 5.931E-1 5.60002E-1 5.45547E-1 5.359E-1 5.23792E-1 5.31388E-1 5.38235E-1 5.39866E-1 5.32096E-1 5.1139E-1 5.16741E-1 5.04942E-1 4.84942E-1 4.53446E-1 4.48863E-1 4.54669E-1 4.4956E-1 4.52725E-1 4.23981E-1 4.24061E-1 4.18067E-1 4.31584E-1 4.29459E-1 4.47123E-1 4.11254E-1 4.04875E-1 3.80443E-1 3.98895E-1 4.02252E-1 4.05766E-1 4.07583E-1 4.12497E-1 4.25152E-1 4.19745E-1 3.83683E-1 3.82184E-1 3.90105E-1 3.94137E-1 3.98346E-1 4.4767E-1 4.35354E-1 4.14706E-1 3.90581E-1 3.82225E-1 3.63065E-1 3.9036E-1 3.87705E-1 3.95387E-1 3.80451E-1 3.9016E-1 3.88767E-1 4.00078E-1 4.13266E-1 4.10488E-1 3.96801E-1 3.86924E-1 3.8682E-1 3.86781E-1
-9999 -9999 6.95279E-1 6.94963E-1 6.86374E-1 6.64729E-1 6.40985E-1 6.4733E-1 6.45107E-1 6.31359E-1 6.28886E-1 6.12034E-1 5.97847E-1 5.99197E-1 5.71728E-1 5.59084E-1 5.48587E-1 5.22965E-1 5.27264E-1 5.34841E-1 5.21429E-1 5.28117E-1 5.03565E-1 4.88138E-1 4.58737E-1 4.65925E-1 4.49441E-1 4.64095E-1 4.74018E-1 4.57125E-1 4.55903E-1 4.54491E-1 4.44534E-1 4.12356E-1 4.38753E-1 4.35029E-1 4.35525E-1 4.09911E-1 4.26738E-1 4.01282E-1 4.01744E-1 4.08128E-1 3.98795E-1 3.92274E-1 3.98285E-1 4.154E-1 4.24557E-1 4.08926E-1 3.88399E-1 3.75539E-1 3.98956E-1 3.85948E-1 4.17924E-1 4.25678E-1 4.03106E-1 3.99191E-1 3.81786E-1 3.59449E-1 3.47024E-1 3.77512E-1 3.94132E-1 3.85232E-1 3.73442E-1 3.82393E-1 3.94535E-1 4.04507E-1 4.07995E-1 4.05466E-1 4.05676E-1 3.91772E-1 3.88208E-1 3.9711E-1
-9999 6.82488E-1 6.88793E-1 6.96693E-1 6.72223E-1 6.5727E-1 6.30082E-1 6.45793E-1 6.59498E-1 6.12861E-1 5.97408E-1 6.0277E-1 5.91716E-1 5.77065E-1 5.61871E-1 5.51388E-1 5.37457E-1 5.24311E-1 5.08684E-1 5.233E-1 5.22596E-1 5.22154E-1 5.01707E-1 4.95614E-1 4.73833E-1 5.05206E-1 4.51822E-1 4.5289E-1 4.705E-1 4.633E-1 4.49951E-1 4.44469E-1 4.26666E-1 4.25953E-1 4.29841E-1 4.23426E-1 4.36458E-1 4.1781E-1 4.17917E-1 4.26895E-1 4.14516E-1 4.08471E-1 3.84873E-1 4.10868E-1 3.95019E-1 4.03546E-1 4.28082E-1 4.06915E-1 3.7851E-1 3.66692E-1 3.90094E-1 3.80567E-1 4.10031E-1 4.04664E-1 4.03767E-1 3.90374E-1 3.72963E-1 3.49596E-1 3.63957E-1 3.86613E-1 3.7775E-1 3.75407E-1 3.86631E-1 3.86452E-1 3.85448E-1 3.92434E-1 3.99584E-1 3.94996E-1 3.77029E-1 3.82574E-1 3.89068E-1 4.10967E-1
6.77784E-1 6.80925E-1 6.85955E-1 6.76982E-1 6.76049E-1 6.61871E-1 6.3168E-1 6.41128E-1 6.21477E-1 6.209E-1 6.01952E-1 5.79227E-1 5.71796E-1 5.78584E-1 5.54183E-1 5.53349E-1 5.38421E-1 5.37169E-1 5.21941E-1 5.15212E-1 5.02133E-1 5.01119E-1 4.89326E-1 4.80262E-1 4.87395E-1 4.8447E-1 4.38071E-1 4.65343E-1 4.70899E-1 4.83047E-1 4.57626E-1 4.21426E-1 4.26625E-1 4.32981E-1 4.47536E-1 4.30671E-1 4.46778E-1 4.29984E-1 4.30775E-1 4.3472E-1 3.92806E-1 3.94452E-1 3.88445E-1 4.03719E-1 4.00842E-1 3.92149E-1 4.12096E-1 3.99669E-1 3.83705E-1 3.63619E-1 3.88031E-1 3.69099E-1 3.9653E-1 4.12654E-1 3.8099E-1 3.69154E-1 3.71723E-1 3.42125E-1 3.58196E-1 3.8965E-1 3.78331E-1 3.63717E-1 3.69808E-1 3.68631E-1 3.64523E-1 3.85447E-1 3.84738E-1 4.01327E-1 4.03846E-1 3.94699E-1 4.01391E-1 3.94612E-1
6.6862E-1 6.66889E-1 6.74512E-1 6.75557E-1 6.6769E-1 6.46585E-1 6.35296E-1 6.21016E-1 6.08667E-1 6.09706E-1 5.94536E-1 5.80431E-1 5.76564E-1 5.69265E-1 5.54796E-1 5.44144E-1 5.27671E-1 5.24726E-1 5.08528E-1 5.071E-1 4.98527E-1 4.85127E-1 4.74827E-1 4.79761E-1 4.94442E-1 4.72707E-1 4.54446E-1 4.54961E-1 4.78614E-1 4.99443E-1 4.35165E-1 4.22033E-1 4.27099E-1 4.39777E-1 4.59846E-1 4.38658E-1 4.43908E-1 4.3034E-1 4.30225E-1 4.43645E-1 3.92169E-1 3.79147E-1 3.8033E-1 3.94618E-1 3.90742E-1 4.01346E-1 3.83704E-1 3.96827E-1 4.03692E-1 3.72023E-1 3.89064E-1 3.76192E-1 4.10855E-1 3.92927E-1 3.82006E-1 3.50822E-1 3.40512E-1 3.2908E-1 3.5715E-1 3.90825E-1 3.93283E-1 3.61421E-1 3.55627E-1 3.4856E-1 3.6728E-1 3.78657E-1 3.86386E-1 4.07686E-1 4.06422E-1 3.81044E-1 4.06094E-1 3.92214E-1
6.62553E-1 6.78617E-1 6.69813E-1 6.74506E-1 6.61773E-1 6.38843E-1 6.23804E-1 6.05704E-1 5.9174E-1 5.79773E-1 5.83958E-1 5.73183E-1 5.66468E-1 5.53395E-1 5.44075E-1 5.33366E-1 5.18019E-1 5.19894E-1 5.14805E-1 5.14805E-1 4.88496E-1 4.70969E-1 4.74989E-1 4.84161E-1 4.92405E-1 4.42951E-1 4.61626E-1 4.5647E-1 4.8225E-1 4.86762E-1 4.47153E-1 4.31658E-1 4.30418E-1 4.57945E-1 4.60773E-1 4.39105E-1 4.53873E-1 4.23353E-1 4.45327E-1 4.36016E-1 4.04517E-1 3.9445E-1 3.9313E-1 4.0476E-1 4.06688E-1 4.09766E-1 4.2675E-1 4.26707E-1 4.31809E-1 3.73196E-1 3.83512E-1 3.629E-1 4.01399E-1 3.91717E-1 3.90176E-1 3.41903E-1 3.37351E-1 3.6083E-1 3.63578E-1 3.75037E-1 3.84916E-1 3.47958E-1 3.46481E-1 3.51677E-1 3.70661E-1 3.78013E-1 3.91684E-1 3.92441E-1 4.04821E-1 4.1129E-1 3.93907E-1 3.92812E-1
6.68345E-1 6.64787E-1 6.39588E-1 6.46975E-1 6.44951E-1 6.25627E-1 6.16111E-1 6.02372E-1 5.94263E-1 5.71743E-1 5.69342E-1 5.62158E-1 5.58114E-1 5.54669E-1 5.2769E-1 5.42945E-1 5.24585E-1 5.10762E-1 5.03768E-1 4.89123E-1 4.92592E-1 4.63477E-1 4.61062E-1 4.82336E-1 4.60895E-1 4.56782E-1 4.6193E-1 4.51575E-1 4.78894E-1 4.82744E-1 4.53892E-1 4.16666E-1 4.45197E-1 4.56308E-1 4.59896E-1 4.62312E-1 4.46842E-1 4.38097E-1 4.41825E-1 4.51115E-1 3.91541E-1 3.94348E-1 3.99748E-1 4.26077E-1 4.1605E-1 4.38301E-1 4.15765E-1 4.10932E-1 4.11935E-1 3.88038E-1 3.82302E-1 3.81872E-1 4.10238E-1 3.71609E-1 3.50743E-1 3.37286E-1 3.59611E-1 3.82962E-1 3.55178E-1 3.73168E-1 3.89702E-1 3.60329E-1 3.5111E-1 3.57509E-1 3.7777E-1 3.95643E-1 3.88775E-1 3.8814E-1 4.00278E-1 3.86647E-1 3.81113E-1 3.84812E-1
6.73023E-1 6.68027E-1 6.41643E-1 6.41964E-1 6.36391E-1 6.16209E-1 6.04281E-1 5.92713E-1 5.84536E-1 5.73299E-1 5.6044E-1 5.54162E-1 5.49333E-1 5.44562E-1 5.30135E-1 5.18043E-1 5.1439E-1 5.02597E-1 4.9467E-1 4.87735E-1 4.77888E-1 4.63546E-1 4.61924E-1 4.72925E-1 4.68164E-1 4.67438E-1 4.4801E-1 4.61684E-1 4.79437E-1 4.78287E-1 4.50007E-1 4.25253E-1 4.26844E-1 4.49114E-1 4.67498E-1 4.67147E-1 4.50851E-1 4.40442E-1 4.265E-1 4.33734E-1 4.11056E-1 4.09265E-1 4.34292E-1 4.34834E-1 4.01018E-1 4.46966E-1 4.3191E-1 4.39023E-1 4.15524E-1 3.85932E-1 3.79106E-1 3.91231E-1 3.93872E-1 3.59793E-1 3.48923E-1 3.61698E-1 3.76372E-1 3.68515E-1 3.62242E-1 3.75832E-1 3.99222E-1 3.66101E-1 3.48811E-1 3.59099E-1 3.80656E-1 3.98474E-1 3.75601E-1 4.05761E-1 4.19097E-1 4.0938E-1 4.0898E-1 3.83409E-1
6.75674E-1 6.59646E-1 6.47144E-1 6.2383E-1 6.29383E-1 6.06844E-1 6.00465E-1 5.86783E-1 5.74437E-1 5.63766E-1 5.52701E-1 5.43216E-1 5.31997E-1 5.17754E-1 5.2133E-1 5.17259E-1 5.09555E-1 4.95976E-1 4.83936E-1 4.76183E-1 4.65835E-1 4.59553E-1 4.74585E-1 4.80513E-1 4.41447E-1 4.63108E-1 4.67976E-1 4.5647E-1 4.63878E-1 4.78489E-1 4.41415E-1 4.25404E-1 4.29012E-1 4.52255E-1 4.59304E-1 4.64512E-1 4.45716E-1 4.39699E-1 4.43651E-1 4.26461E-1 4.0494E-1 4.28743E-1 4.37954E-1 4.2881E-1 3.96224E-1 4.43346E-1 4.28825E-1 4.06957E-1 3.88155E-1 3.92331E-1 3.88423E-1 3.82856E-1 3.85608E-1 3.73103E-1 3.7345E-1 3.61275E-1 3.63007E-1 3.45441E-1 3.71419E-1 3.98888E-1 3.69217E-1 3.56485E-1 3.53369E-1 3.71958E-1 3.62023E-1 3.87949E-1 3.71922E-1 3.97471E-1 4.09639E-1 4.16525E-1 4.07698E-1 3.93776E-1
6.60624E-1 6.39179E-1 6.28207E-1 6.258E-1 6.06725E-1 5.97568E-1 5.83398E-1 5.76903E-1 5.6389E-1 5.57206E-1 5.52711E-1 5.40959E-1 5.32008E-1 5.19434E-1 5.22553E-1 5.05668E-1 5.01071E-1 4.95669E-1 4.84121E-1 4.7073E-1 4.64702E-1 4.76145E-1 4.58621E-1 4.43816E-1 4.58678E-1 4.55399E-1 4.63801E-1 4.81321E-1 4.66341E-1 4.71394E-1 4.40914E-1 4.54466E-1 4.58407E-1 4.70525E-1 4.67568E-1 4.68988E-1 4.53754E-1 4.32274E-1 4.44893E-1 4.4684E-1 4.35052E-1 4.39858E-1 4.19141E-1 4.34108E-1 3.96468E-1 4.30971E-1 4.19913E-1 3.95545E-1 3.82384E-1 3.98451E-1 3.8475E-1 3.75416E-1 3.62631E-1 3.55975E-1 3.4419E-1 3.34999E-1 3.42147E-1 3.73701E-1 3.87163E-1 3.89843E-1 3.47358E-1 3.53889E-1 3.75711E-1 3.60798E-1 3.62382E-1 3.71536E-1 3.80936E-1 3.78993E-1 3.95218E-1 4.14149E-1 3.84141E-1 3.53346E-1
6.51336E-1 6.38659E-1 6.22081E-1 6.09262E-1 5.98784E-1 5.99133E-1 5.75639E-1 5.59873E-1 5.57821E-1 5.4152E-1 5.35417E-1 5.30176E-1 5.23693E-1 5.09173E-1 5.13153E-1 4.9544E-1 5.01772E-1 4.98219E-1 4.83517E-1 4.73334E-1 4.57072E-1 4.72003E-1 4.48858E-1 4.64617E-1 4.8183E-1 4.73852E-1 4.57437E-1 4.6452E-1 4.4522E-1 4.43365E-1 4.53615E-1 4.62536E-1 4.54277E-1 4.66274E-1 4.82076E-1 4.73308E-1 4.48197E-1 4.48258E-1 4.48268E-1 4.29734E-1 4.46432E-1 4.22548E-1 4.45821E-1 4.42953E-1 4.11021E-1 4.27731E-1 4.11645E-1 3.78376E-1 3.88008E-1 4.15386E-1 3.91704E-1 3.65852E-1 3.66973E-1 3.29968E-1 3.43067E-1 3.36184E-1 3.58625E-1 3.72014E-1 3.74021E-1 3.5506E-1 3.43963E-1 3.73183E-1 3.68945E-1 3.65771E-1 3.6923E-1 3.64658E-1 3.95747E-1 3.97281E-1 4.06638E-1 4.17467E-1 3.97161E-1 3.81963E-1
6.37219E-1 6.28721E-1 6.22655E-1 6.11682E-1 5.86165E-1 5.80254E-1 5.75462E-1 5.63113E-1 5.58517E-1 5.4481E-1 5.36294E-1 5.32912E-1 5.24257E-1 5.12604E-1 5.1389E-1 4.99184E-1 4.9983E-1 4.88778E-1 4.7426E-1 4.74291E-1 4.45561E-1 4.58828E-1 4.39429E-1 4.763E-1 4.7993E-1 4.59005E-1 4.62828E-1 4.71469E-1 4.52693E-1 4.56438E-1 4.58657E-1 4.71184E-1 4.59675E-1 4.61452E-1 4.72913E-1 4.69077E-1 4.49095E-1 4.52569E-1 4.37487E-1 4.50613E-1 4.43655E-1 4.37215E-1 4.37625E-1 4.45923E-1 4.27702E-1 4.11126E-1 3.93823E-1 3.94101E-1 4.00914E-1 4.03834E-1 3.88141E-1 3.44146E-1 3.56895E-1 3.66821E-1 3.53276E-1 3.57626E-1 3.68884E-1 3.77544E-1 3.92991E-1 3.65242E-1 3.63269E-1 3.80887E-1 3.79865E-1 3.66834E-1 3.87896E-1 3.69975E-1 3.91091E-1 3.72959E-1 3.84844E-1 3.96259E-1 3.7564E-1 3.95451E-1
6.2935E-1 6.31446E-1 6.07078E-1 5.9947E-1 5.87057E-1 5.63787E-1 5.76387E-1 5.64378E-1 5.58615E-1 5.46768E-1 5.4019E-1 5.16207E-1 5.15381E-1 5.02375E-1 5.036E-1 5.01049E-1 5.02135E-1 4.93189E-1 4.79084E-1 4.63374E-1 4.55749E-1 4.67451E-1 4.51651E-1 4.70757E-1 4.73662E-1 4.55046E-1 4.75249E-1 4.70765E-1 4.59239E-1 4.70843E-1 4.61479E-1 4.65955E-1 4.78214E-1 4.79307E-1 4.80205E-1 4.6112E-1 4.65626E-1 4.49237E-1 4.51202E-1 4.43042E-1 4.57535E-1 4.39962E-1 4.11933E-1 4.27215E-1 4.34105E-1 4.07587E-1 3.88298E-1 3.93773E-1 4.08682E-1 4.03045E-1 3.75438E-1 3.47351E-1 3.52084E-1 3.74747E-1 3.64776E-1 3.64607E-1 3.68663E-1 3.61298E-1 3.76425E-1 3.77557E-1 3.55962E-1 3.75561E-1 3.67072E-1 3.71079E-1 3.85897E-1 3.89693E-1 3.81625E-1 3.80912E-1 3.80258E-1 3.84255E-1 3.83643E-1 3.92354E-1
6.43545E-1 6.29344E-1 6.19859E-1 5.97058E-1 5.90308E-1 5.76498E-1 5.79682E-1 5.53171E-1 5.4954E-1 5.3447E-1 5.29725E-1 5.1583E-1 5.18348E-1 5.02786E-1 5.04825E-1 4.89443E-1 4.9229E-1 4.82682E-1 4.75965E-1 4.60303E-1 4.55232E-1 4.68476E-1 4.5553E-1 4.67742E-1 4.688E-1 4.51217E-1 4.9035E-1 4.87993E-1 4.66482E-1 4.66256E-1 4.80791E-1 4.80817E-1 4.91559E-1 4.84446E-1 4.64753E-1 4.7869E-1 4.83207E-1 4.62525E-1 4.45727E-1 4.59615E-1 4.63459E-1 4.45202E-1 4.49797E-1 4.40023E-1 4.40903E-1 4.27375E-1 4.06961E-1 4.09349E-1 4.13855E-1 3.98101E-1 3.70138E-1 3.85276E-1 3.6961E-1 3.88858E-1 3.78758E-1 3.60685E-1 3.56595E-1 3.68808E-1 3.87772E-1 3.83456E-1 3.50946E-1 3.79922E-1 3.61922E-1 3.75122E-1 3.57004E-1 3.81858E-1 3.87152E-1 3.78819E-1 3.76553E-1 3.80944E-1 3.84524E-1 3.92227E-1
6.3811E-1 6.26245E-1 6.2251E-1 5.96266E-1 5.91361E-1 5.78412E-1 5.59586E-1 5.4725E-1 5.49962E-1 5.37404E-1 5.30838E-1 5.23043E-1 5.17487E-1 5.03436E-1 5.07284E-1 4.7837E-1 4.89532E-1 4.72116E-1 4.62329E-1 4.77616E-1 4.50062E-1 4.61857E-1 4.57056E-1 4.65974E-1 4.66498E-1 4.75688E-1 4.91073E-1 4.91503E-1 4.83941E-1 4.81625E-1 4.849E-1 4.83018E-1 4.80096E-1 4.82881E-1 4.7086E-1 4.8191E-1 4.83509E-1 4.59731E-1 4.61533E-1 -9999 -9999 4.51767E-1 4.46571E-1 4.43484E-1 4.44051E-1 4.37627E-1 4.171E-1 4.05047E-1 3.91485E-1 3.87656E-1 3.68101E-1 3.82495E-1 3.64417E-1 3.81277E-1 3.95326E-1 3.65481E-1 3.72044E-1 3.56985E-1 3.77283E-1 3.79626E-1 3.62922E-1 3.50246E-1 3.56946E-1 3.69351E-1 3.51327E-1 3.80823E-1 3.95777E-1 3.68496E-1 3.75059E-1 3.80751E-1 3.85752E-1 3.78868E-1
6.40652E-1 6.16787E-1 6.13106E-1 5.94715E-1 5.82289E-1 5.67395E-1 5.60321E-1 5.56136E-1 5.48087E-1 5.35603E-1 5.17088E-1 5.12683E-1 5.0838E-1 5.01981E-1 4.93009E-1 4.7879E-1 4.90664E-1 4.77706E-1 4.75972E-1 4.78443E-1 4.58389E-1 4.59743E-1 4.67399E-1 4.75239E-1 4.78844E-1 5.11667E-1 5.04568E-1 -9999 -9999 -9999 4.81311E-1 4.82731E-1 4.82848E-1 4.80851E-1 4.81784E-1 4.93496E-1 4.87064E-1 -9999 -9999 -9999 -9999 -9999 -9999 -9999 4.33786E-1 -9999 4.1891E-1 4.01301E-1 3.98253E-1 3.81053E-1 3.80237E-1 3.79868E-1 3.74177E-1 4.0837E-1 3.95508E-1 3.86885E-1 3.80606E-1 3.77857E-1 3.88418E-1 3.58318E-1 3.57964E-1 3.39589E-1 3.58392E-1 3.72276E-1 3.72363E-1 3.99135E-1 4.02054E-1 3.73499E-1 3.58885E-1 3.72171E-1 3.72455E-1 3.69328E-1
6.37452E-1 6.25379E-1 6.13975E-1 5.94563E-1 5.71419E-1 5.60918E-1 5.49654E-1 5.33765E-1 5.37785E-1 5.33476E-1 5.16202E-1 5.13947E-1 5.06898E-1 4.89193E-1 5.01078E-1 4.86722E-1 4.65923E-1 4.77415E-1 4.80767E-1 4.81207E-1 4.7788E-1 4.7201E-1 4.65659E-1 4.92036E-1 5.07774E-1 5.27519E-1 -9999 -9999 -9999 -9999 -9999 -9999 4.98017E-1 4.80989E-1 4.95572E-1 -9999 -9999 -9999 -9999 -9999 -9999 -9999 -9999 -9999 -9999 -9999 4.30861E-1 4.15899E-1 3.99361E-1 3.85487E-1 3.82817E-1 4.06271E-1 4.07788E-1 4.06205E-1 3.71982E-1 3.71398E-1 3.73335E-1 3.63247E-1 3.5357E-1 3.44756E-1 3.44083E-1 3.64985E-1 3.62122E-1 3.71971E-1 3.67642E-1 3.9047E-1 3.90726E-1 3.79705E-1 3.73455E-1 3.62667E-1 3.83707E-1 3.8107E-1
6.38185E-1 6.27137E-1 6.03064E-1 5.82534E-1 5.71407E-1 5.56199E-1 5.57704E-1 5.33436E-1 5.38617E-1 5.38007E-1 5.13657E-1 5.25898E-1 5.14495E-1 5.06142E-1 5.00203E-1 4.96181E-1 4.87158E-1 4.89437E-1 4.7942E-1 4.79448E-1 4.69778E-1 4.7408E-1 4.76443E-1 4.89888E-1 -9999 -9999 -9999 -9999 -9999 -9999 -9999 -9999 -9999 -9999 -9999 -9999 -9999 -9999 -9999 -9999 -9999 -9999 -9999 -9999 -9999 -9999 -9999 4.24342E-1 4.06253E-1 4.10878E-1 3.98438E-1 4.02416E-1 4.15258E-1 3.90786E-1 3.75283E-1 3.70881E-1 3.82186E-1 3.76706E-1 3.40343E-1 3.60614E-1 3.64532E-1 3.7658E-1 3.75299E-1 3.65635E-1 3.67933E-1 3.91012E-1 3.88604E-1 3.7588E-1 3.77637E-1 3.59984E-1 3.80622E-1 3.9054E-1
6.24898E-1 6.23074E-1 6.02249E-1 5.84632E-1 5.71612E-1 5.61487E-1 5.46708E-1 5.28366E-1 5.36026E-1 5.3901E-1 5.24667E-1 5.25103E-1 5.00324E-1 5.13125E-1 5.04761E-1 5.0081E-1 5.02081E-1 4.94389E-1 4.78667E-1 4.75447E-1 4.83671E-1 4.95285E-1 4.82286E-1 5.0251E-1 -9999 -9999 -9999 -9999 -9999 -9999 -9999 -9999 -9999 -9999 -9999 -9999 -9999 -9999 -9999 -9999 -9999 -9999 -9999 -9999 -9999 -9999 -9999 -9999 4.24056E-1 4.15306E-1 4.01626E-1 3.90616E-1 4.02818E-1 3.85012E-1 3.72004E-1 3.77524E-1 3.76956E-1 3.62971E-1 3.64937E-1 3.76348E-1 3.62706E-1 3.71435E-1 3.87368E-1 3.87937E-1 3.8398E-1 3.8817E-1 3.76229E-1 3.66642E-1 3.76795E-1 3.83079E-1 3.77558E-1 3.99154E-1
