Artocarpus altilis SDM files/Last interglacial/results (without the bias file)/Artalt_max.asc
ncols         1201
nrows         481
xllcorner     119.99986351115
yllcorner     -15.00013864885
cellsize      0.041666667
NODATA_value  -9999
[rows 288 to 319 of 481, columns 432 to 503 of 1201]
-9999 -9999 -9999 -9999 -9999 -9999 -9999 -9999 -9999 -9999 -9999 -9999 7.44866E-1 7.40119E-1 7.25144E-1 7.3882E-1 7.21269E-1 7.01916E-1 6.96756E-1 6.76102E-1 6.85392E-1 6.72989E-1 6.75833E-1 6.54737E-1 6.55022E-1 6.49996E-1 6.41559E-1 6.28301E-1 6.38295E-1 6.34418E-1 6.25564E-1 6.21392E-1 5.72059E-1 5.49643E-1 5.99596E-1 5.78823E-1 5.9478E-1 5.99748E-1 5.78859E-1 5.82397E-1 5.60944E-1 5.86974E-1 5.72153E-1 5.96309E-1 5.39824E-1 5.1772E-1 5.23558E-1 5.02772E-1 5.57145E-1 6.12449E-1 6.08772E-1 5.73525E-1 5.54396E-1 5.01884E-1 4.8403E-1 4.82253E-1 5.51836E-1 5.51818E-1 5.7084E-1 5.61984E-1 5.91573E-1 5.59414E-1 5.35628E-1 5.29548E-1 5.61733E-1 5.50919E-1 5.44864E-1 5.58383E-1 5.5183E-1 5.4539E-1 5.74266E-1 5.68936E-1
-9999 -9999 -9999 -9999 -9999 -9999 -9999 -9999 -9999 -9999 -9999 -9999 -9999 -9999 7.09124E-1 6.91639E-1 7.23634E-1 7.1826E-1 7.00326E-1 6.97499E-1 6.80744E-1 6.99513E-1 6.91843E-1 6.61463E-1 6.5568E-1 6.58419E-1 6.49992E-1 6.55527E-1 6.23297E-1 6.20587E-1 6.19057E-1 6.08547E-1 5.43194E-1 5.88344E-1 6.0032E-1 5.81164E-1 5.84351E-1 6.04669E-1 5.66718E-1 5.30233E-1 5.71496E-1 5.99557E-1 5.85731E-1 5.25051E-1 5.0588E-1 5.01565E-1 5.63E-1 5.64514E-1 5.816E-1 5.814E-1 5.84047E-1 5.64987E-1 5.18983E-1 4.96489E-1 4.72867E-1 4.76686E-1 5.13451E-1 5.35448E-1 5.73722E-1 5.67255E-1 5.64016E-1 5.47859E-1 5.31091E-1 5.38987E-1 5.54923E-1 5.5021E-1 5.32358E-1 5.39162E-1 5.56505E-1 5.31655E-1 5.60091E-1 5.49358E-1
-9999 -9999 -9999 -9999 -9999 -9999 -9999 -9999 -9999 -9999 -9999 -9999 -9999 -9999 -9999 6.96187E-1 6.96178E-1 7.03226E-1 7.09291E-1 6.82874E-1 6.7837E-1 6.77597E-1 6.93673E-1 6.5957E-1 6.64326E-1 6.76823E-1 6.70106E-1 6.44189E-1 6.12452E-1 6.20674E-1 6.06432E-1 6.11393E-1 5.51769E-1 5.85848E-1 5.73896E-1 5.83882E-1 5.34888E-1 5.70366E-1 5.39886E-1 5.32394E-1 5.53163E-1 5.6213E-1 5.58141E-1 5.42957E-1 5.14142E-1 5.07045E-1 5.81205E-1 5.63805E-1 5.83066E-1 6.01084E-1 5.48707E-1 5.36582E-1 5.13905E-1 4.66499E-1 4.39906E-1 4.86098E-1 5.04432E-1 5.14382E-1 5.36858E-1 5.11763E-1 5.76714E-1 5.05344E-1 4.88215E-1 4.68166E-1 4.92993E-1 4.90926E-1 4.94046E-1 4.93651E-1 4.74695E-1 4.98436E-1 5.2547E-1 5.38921E-1
-9999 -9999 -9999 -9999 -9999 -9999 -9999 -9999 -9999 -9999 -9999 -9999 -9999 -9999 -9999 -9999 6.71171E-1 6.87973E-1 6.86337E-1 6.96503E-1 6.80023E-1 6.63445E-1 6.55731E-1 6.47437E-1 6.65375E-1 6.60542E-1 6.43113E-1 6.18369E-1 6.1008E-1 6.16796E-1 6.12873E-1 6.00997E-1 5.69274E-1 5.86288E-1 5.76183E-1 5.61952E-1 5.43468E-1 5.74632E-1 5.57039E-1 5.56436E-1 5.35874E-1 5.80547E-1 5.64952E-1 5.23797E-1 5.32171E-1 5.3374E-1 5.47152E-1 5.5225E-1 5.54849E-1 5.45313E-1 4.84341E-1 4.91916E-1 4.54808E-1 4.48296E-1 4.47592E-1 4.93065E-1 5.05109E-1 4.95357E-1 4.98245E-1 5.18202E-1 5.5008E-1 5.00635E-1 5.00834E-1 4.61292E-1 4.69342E-1 4.98067E-1 4.8312E-1 4.97251E-1 4.68033E-1 4.96158E-1 5.254E-1 5.33686E-1
-9999 -9999 -9999 -9999 -9999 -9999 -9999 -9999 -9999 -9999 -9999 -9999 -9999 -9999 -9999 -9999 -9999 6.77724E-1 6.90406E-1 6.86051E-1 6.73883E-1 6.70187E-1 6.57538E-1 6.59245E-1 6.38417E-1 6.44979E-1 6.37841E-1 5.99855E-1 5.86108E-1 5.89781E-1 5.88055E-1 5.85325E-1 5.59419E-1 5.54283E-1 5.56896E-1 5.3889E-1 5.23E-1 5.58534E-1 5.80502E-1 5.53134E-1 5.66245E-1 5.65075E-1 5.21406E-1 5.27325E-1 5.16261E-1 5.11744E-1 5.13173E-1 5.23173E-1 4.90921E-1 4.80103E-1 4.43775E-1 4.2288E-1 4.20295E-1 4.53287E-1 4.95662E-1 5.06852E-1 5.058E-1 4.83176E-1 4.98258E-1 4.93237E-1 5.60445E-1 5.30062E-1 4.98349E-1 4.75926E-1 4.96526E-1 5.03324E-1 4.73575E-1 4.73184E-1 4.73809E-1 4.74744E-1 5.00665E-1 5.11329E-1
-9999 -9999 -9999 -9999 -9999 -9999 -9999 -9999 -9999 -9999 -9999 -9999 -9999 -9999 -9999 -9999 6.3839E-1 6.39454E-1 -9999 6.41578E-1 6.18833E-1 6.11604E-1 6.33252E-1 6.36004E-1 6.48957E-1 6.33409E-1 6.27347E-1 6.01891E-1 6.06546E-1 5.86363E-1 5.75217E-1 5.65382E-1 5.54417E-1 5.57417E-1 5.52356E-1 5.25163E-1 5.34404E-1 5.45772E-1 5.53674E-1 5.22973E-1 5.07646E-1 5.05461E-1 4.95979E-1 5.05333E-1 4.93633E-1 4.96992E-1 5.00581E-1 4.78055E-1 4.63626E-1 4.37913E-1 4.27322E-1 4.1553E-1 4.40459E-1 4.68461E-1 5.18831E-1 5.16604E-1 5.03907E-1 5.02082E-1 5.07528E-1 4.97166E-1 5.5218E-1 5.36589E-1 4.85093E-1 4.66646E-1 4.761E-1 4.59849E-1 4.87131E-1 4.94382E-1 5.03332E-1 4.76221E-1 4.84728E-1 5.13183E-1
-9999 -9999 -9999 -9999 -9999 -9999 -9999 -9999 -9999 -9999 -9999 -9999 -9999 -9999 -9999 6.76336E-1 6.81274E-1 6.68616E-1 6.60786E-1 6.42796E-1 6.55741E-1 6.20492E-1 6.25649E-1 6.11869E-1 6.31822E-1 6.15231E-1 5.8189E-1 5.7353E-1 5.87612E-1 5.7769E-1 5.71987E-1 5.63346E-1 5.46925E-1 5.44448E-1 5.16804E-1 5.28709E-1 5.39876E-1 5.27627E-1 5.31053E-1 5.00654E-1 5.19418E-1 4.90022E-1 4.71504E-1 4.41922E-1 4.62653E-1 4.56662E-1 4.60397E-1 4.34542E-1 4.2577E-1 4.14782E-1 4.27314E-1 4.40623E-1 4.63496E-1 4.62924E-1 5.09464E-1 5.06437E-1 5.0595E-1 4.77309E-1 5.11562E-1 5.00325E-1 5.24187E-1 4.67903E-1 4.44102E-1 4.42286E-1 4.25693E-1 4.6821E-1 4.55547E-1 4.83971E-1 4.95005E-1 4.8839E-1 4.84005E-1 4.82377E-1
-9999 -9999 -9999 -9999 -9999 -9999 -9999 -9999 -9999 -9999 -9999 -9999 -9999 -9999 -9999 -9999 6.86225E-1 6.8115E-1 6.62046E-1 6.38499E-1 6.37465E-1 6.51529E-1 6.26254E-1 6.34889E-1 6.09686E-1 6.02102E-1 5.97375E-1 5.98251E-1 5.89216E-1 5.60636E-1 5.73249E-1 5.59981E-1 5.62543E-1 5.30836E-1 5.32385E-1 5.47827E-1 5.23348E-1 4.96642E-1 5.10176E-1 5.13018E-1 4.97161E-1 4.70821E-1 4.19409E-1 4.34898E-1 4.78683E-1 4.27273E-1 4.22117E-1 4.43265E-1 4.49724E-1 4.50836E-1 4.30162E-1 4.51815E-1 4.80345E-1 4.8285E-1 5.2288E-1 5.23147E-1 5.10299E-1 4.57687E-1 5.05498E-1 4.91532E-1 4.90786E-1 4.09476E-1 4.37504E-1 4.48048E-1 4.41676E-1 4.55794E-1 4.59555E-1 4.84783E-1 4.80239E-1 4.83354E-1 4.71183E-1 4.73631E-1
-9999 -9999 -9999 -9999 -9999 -9999 -9999 -9999 -9999 -9999 -9999 -9999 -9999 -9999 -9999 -9999 -9999 -9999 6.4851E-1 6.4636E-1 6.3022E-1 6.42346E-1 6.12246E-1 6.11759E-1 5.99352E-1 5.93228E-1 5.76972E-1 5.8359E-1 5.80496E-1 5.62047E-1 5.50985E-1 5.48971E-1 5.70513E-1 5.32576E-1 5.21168E-1 5.30727E-1 5.02154E-1 4.83517E-1 4.85228E-1 4.78877E-1 4.42648E-1 4.21905E-1 4.10666E-1 4.41962E-1 4.51115E-1 4.15815E-1 4.24811E-1 4.40539E-1 4.17552E-1 4.13956E-1 4.33914E-1 4.51761E-1 4.48013E-1 4.80373E-1 5.13475E-1 5.03659E-1 4.46669E-1 4.73132E-1 5.00932E-1 4.7379E-1 4.42235E-1 4.02731E-1 4.37422E-1 4.80819E-1 4.60493E-1 4.56038E-1 4.68347E-1 4.65724E-1 4.79123E-1 4.70104E-1 4.64428E-1 4.75136E-1
-9999 -9999 -9999 -9999 -9999 -9999 -9999 -9999 -9999 -9999 -9999 -9999 -9999 -9999 -9999 -9999 -9999 -9999 -9999 -9999 6.18002E-1 5.81919E-1 5.95969E-1 5.95766E-1 5.84313E-1 5.72662E-1 5.61944E-1 5.75785E-1 5.56868E-1 5.48734E-1 5.51673E-1 5.44531E-1 5.53502E-1 5.36235E-1 5.21724E-1 5.12855E-1 4.96194E-1 4.83561E-1 4.27431E-1 4.38083E-1 4.41929E-1 4.32033E-1 4.37071E-1 4.4882E-1 4.4481E-1 4.43577E-1 4.38501E-1 4.4978E-1 4.43519E-1 4.43276E-1 4.51015E-1 4.53604E-1 4.576E-1 4.84145E-1 4.90476E-1 4.94276E-1 4.59597E-1 4.81889E-1 4.50094E-1 4.03597E-1 3.93428E-1 4.00699E-1 4.10492E-1 4.39504E-1 4.54993E-1 4.67651E-1 4.44752E-1 4.69986E-1 4.70779E-1 4.68989E-1 4.66628E-1 4.56319E-1
-9999 -9999 -9999 -9999 -9999 -9999 -9999 -9999 -9999 -9999 7.2298E-1 7.15684E-1 7.04694E-1 6.79772E-1 6.78004E-1 6.55806E-1 6.39508E-1 6.23612E-1 6.1737E-1 6.28032E-1 -9999 5.70769E-1 5.65379E-1 5.82831E-1 5.7478E-1 5.83344E-1 5.63366E-1 5.68865E-1 5.48058E-1 5.36334E-1 5.27745E-1 5.14421E-1 5.12824E-1 5.19981E-1 4.97665E-1 4.82472E-1 4.49205E-1 4.473E-1 4.39977E-1 4.6518E-1 4.73835E-1 4.68191E-1 4.64195E-1 4.58025E-1 4.49598E-1 4.60206E-1 4.58601E-1 4.63064E-1 4.66736E-1 4.6209E-1 4.57087E-1 4.42783E-1 4.6678E-1 4.94836E-1 4.92442E-1 4.85948E-1 4.45266E-1 4.30352E-1 4.06526E-1 4.00742E-1 4.18657E-1 4.28023E-1 4.32749E-1 4.24448E-1 4.26529E-1 4.62498E-1 4.38393E-1 4.67643E-1 4.6547E-1 4.46918E-1 4.5069E-1 4.3041E-1
-9999 -9999 -9999 -9999 -9999 -9999 -9999 7.66496E-1 7.55739E-1 7.41926E-1 7.34994E-1 7.18557E-1 7.00214E-1 6.93326E-1 6.72075E-1 6.57284E-1 6.35125E-1 6.1713E-1 6.10483E-1 6.02312E-1 6.249E-1 -9999 5.67458E-1 5.58227E-1 5.72557E-1 5.85722E-1 5.69476E-1 5.59327E-1 5.38282E-1 5.27322E-1 5.11941E-1 4.96235E-1 5.09299E-1 5.02832E-1 4.85772E-1 4.77347E-1 4.4155E-1 4.7285E-1 4.69796E-1 4.83685E-1 4.53632E-1 4.64815E-1 4.69655E-1 4.63052E-1 4.54722E-1 4.66802E-1 4.64821E-1 4.64228E-1 4.72979E-1 4.48637E-1 4.3754E-1 4.3579E-1 4.60013E-1 4.62897E-1 4.77345E-1 4.40174E-1 4.28713E-1 4.22813E-1 3.92089E-1 4.06037E-1 4.07228E-1 4.25658E-1 4.11021E-1 4.29655E-1 4.21413E-1 4.70764E-1 4.62442E-1 4.62317E-1 4.62215E-1 4.25699E-1 4.26621E-1 4.08155E-1
-9999 -9999 -9999 -9999 -9999 7.71001E-1 7.65382E-1 7.50995E-1 7.37875E-1 7.28975E-1 7.17121E-1 7.12955E-1 6.92933E-1 6.78102E-1 6.62388E-1 6.50673E-1 6.26773E-1 6.00508E-1 6.01228E-1 5.99843E-1 6.19737E-1 6.31844E-1 5.50806E-1 5.64617E-1 5.72592E-1 5.77072E-1 5.59792E-1 5.32369E-1 5.18191E-1 5.2262E-1 5.1019E-1 5.11908E-1 4.99305E-1 4.89562E-1 4.77546E-1 4.80366E-1 4.57979E-1 4.93292E-1 4.9012E-1 4.62707E-1 4.46195E-1 4.53528E-1 4.4678E-1 4.59816E-1 4.63308E-1 4.56517E-1 4.70031E-1 4.56904E-1 4.523E-1 4.21347E-1 4.23518E-1 4.39525E-1 4.47073E-1 4.67914E-1 4.80032E-1 4.43328E-1 4.43319E-1 4.39089E-1 3.73689E-1 4.07577E-1 4.17426E-1 4.14496E-1 4.20716E-1 4.17478E-1 4.1482E-1 4.37927E-1 4.26165E-1 4.56378E-1 4.41419E-1 4.11274E-1 4.1967E-1 4.21983E-1
-9999 -9999 -9999 7.52127E-1 7.77983E-1 7.66884E-1 7.58035E-1 7.43421E-1 7.33016E-1 7.1964E-1 7.11713E-1 6.87573E-1 6.85498E-1 6.78329E-1 6.65606E-1 6.32044E-1 6.16377E-1 6.10223E-1 5.95854E-1 5.92579E-1 6.01523E-1 6.03983E-1 5.96606E-1 5.80342E-1 5.8179E-1 5.66943E-1 5.49715E-1 5.17958E-1 5.14462E-1 5.22549E-1 5.17521E-1 5.19594E-1 4.85869E-1 4.87035E-1 4.81944E-1 4.9908E-1 4.91269E-1 5.06014E-1 4.69564E-1 4.57349E-1 4.35005E-1 4.556E-1 4.54131E-1 4.57485E-1 4.57919E-1 4.622E-1 4.73451E-1 4.68565E-1 4.31716E-1 4.26499E-1 4.3304E-1 4.36138E-1 4.41176E-1 4.87819E-1 4.74089E-1 4.52692E-1 4.25472E-1 4.1385E-1 3.97282E-1 4.20346E-1 4.1662E-1 4.21945E-1 4.05444E-1 4.15614E-1 4.12392E-1 4.23545E-1 4.38402E-1 4.33699E-1 4.23891E-1 4.11561E-1 4.11429E-1 4.13052E-1
-9999 -9999 7.53854E-1 7.78652E-1 7.72546E-1 7.50964E-1 7.30434E-1 7.36415E-1 7.2636E-1 7.12045E-1 7.05034E-1 6.8965E-1 6.75787E-1 6.75173E-1 6.45936E-1 6.31082E-1 6.17104E-1 5.92857E-1 5.97589E-1 5.99678E-1 5.85061E-1 5.91869E-1 5.67165E-1 5.53389E-1 5.27484E-1 5.3468E-1 5.16172E-1 5.28275E-1 5.36676E-1 5.21856E-1 5.19557E-1 5.20054E-1 5.09378E-1 4.72029E-1 5.01495E-1 4.95551E-1 4.97325E-1 4.68307E-1 4.87082E-1 4.58323E-1 4.52366E-1 4.59985E-1 4.51739E-1 4.41957E-1 4.45612E-1 4.6182E-1 4.71709E-1 4.51021E-1 4.35139E-1 4.21846E-1 4.41383E-1 4.2815E-1 4.56706E-1 4.65612E-1 4.41306E-1 4.36196E-1 4.19448E-1 3.92421E-1 3.79084E-1 4.07613E-1 4.21184E-1 4.11612E-1 3.99851E-1 4.06279E-1 4.18295E-1 4.26954E-1 4.30621E-1 4.24411E-1 4.26043E-1 4.14884E-1 4.12091E-1 4.2177E-1
-9999 7.43735E-1 7.79462E-1 7.77923E-1 7.62995E-1 7.45E-1 7.24453E-1 7.35901E-1 7.36993E-1 6.94813E-1 6.80464E-1 6.83738E-1 6.68835E-1 6.54238E-1 6.38037E-1 6.24257E-1 6.08395E-1 5.94283E-1 5.7713E-1 5.86311E-1 5.88492E-1 5.86068E-1 5.68482E-1 5.60647E-1 5.39175E-1 5.6666E-1 5.20977E-1 5.17448E-1 5.32647E-1 5.27848E-1 5.14768E-1 5.08043E-1 4.91481E-1 4.86938E-1 4.89567E-1 4.86293E-1 4.94637E-1 4.75446E-1 4.75683E-1 4.79883E-1 4.68806E-1 4.5621E-1 4.32535E-1 4.58074E-1 4.43011E-1 4.5047E-1 4.75652E-1 4.48246E-1 4.19482E-1 4.12166E-1 4.32098E-1 4.22302E-1 4.52931E-1 4.41039E-1 4.39496E-1 4.26249E-1 4.08913E-1 3.82052E-1 3.97675E-1 4.16071E-1 4.01332E-1 4.03955E-1 4.12188E-1 4.10084E-1 4.07525E-1 4.14663E-1 4.19344E-1 4.14677E-1 3.96848E-1 4.06359E-1 4.1227E-1 4.2961E-1
7.77082E-1 7.4762E-1 7.73393E-1 7.70767E-1 7.63279E-1 7.47434E-1 7.25009E-1 7.28593E-1 7.06849E-1 6.98016E-1 6.81262E-1 6.60966E-1 6.5006E-1 6.56304E-1 6.31227E-1 6.26403E-1 6.09837E-1 6.00502E-1 5.87493E-1 5.81925E-1 5.69805E-1 5.65693E-1 5.53907E-1 5.47603E-1 5.52452E-1 5.45217E-1 5.05477E-1 5.34272E-1 5.35423E-1 5.45559E-1 5.1996E-1 4.8685E-1 4.876E-1 4.92393E-1 5.09765E-1 4.90031E-1 5.05675E-1 4.88279E-1 4.87061E-1 4.87247E-1 4.44953E-1 4.45314E-1 4.36754E-1 4.48386E-1 4.43444E-1 4.36515E-1 4.56607E-1 4.43248E-1 4.25064E-1 4.03113E-1 4.29624E-1 4.11112E-1 4.36546E-1 4.48993E-1 4.14712E-1 4.03556E-1 4.03665E-1 3.73311E-1 3.89275E-1 4.19094E-1 4.03574E-1 3.89363E-1 3.96755E-1 3.92557E-1 3.88449E-1 4.06069E-1 4.04759E-1 4.20516E-1 4.1864E-1 4.15923E-1 4.22938E-1 4.15984E-1
7.43747E-1 7.67971E-1 7.65714E-1 7.63383E-1 7.5467E-1 7.33859E-1 7.25943E-1 7.12841E-1 6.99205E-1 6.91035E-1 6.76687E-1 6.61392E-1 6.50965E-1 6.4878E-1 6.3271E-1 6.19391E-1 6.018E-1 5.90913E-1 5.74486E-1 5.75267E-1 5.69056E-1 5.55151E-1 5.43057E-1 5.46475E-1 5.58338E-1 5.35672E-1 5.20752E-1 5.19495E-1 5.40344E-1 5.57563E-1 4.9435E-1 4.82964E-1 4.87865E-1 4.99115E-1 5.15886E-1 4.96104E-1 5.02232E-1 4.81374E-1 4.83466E-1 4.97554E-1 4.42164E-1 4.31099E-1 4.27601E-1 4.38514E-1 4.32083E-1 4.42082E-1 4.26419E-1 4.40494E-1 4.47101E-1 4.11159E-1 4.254E-1 4.13426E-1 4.47125E-1 4.27821E-1 4.16638E-1 3.85059E-1 3.72336E-1 3.59451E-1 3.86539E-1 4.18098E-1 4.17819E-1 3.85309E-1 3.81751E-1 3.75818E-1 3.89866E-1 3.98564E-1 4.05821E-1 4.25453E-1 4.22824E-1 4.02364E-1 4.24862E-1 4.14412E-1
7.61408E-1 7.74852E-1 7.65465E-1 7.63455E-1 7.48098E-1 7.27786E-1 7.14388E-1 6.96253E-1 6.82167E-1 6.67462E-1 6.7026E-1 6.55126E-1 6.4444E-1 6.29209E-1 6.24171E-1 6.10936E-1 5.93844E-1 5.8876E-1 5.79741E-1 5.79741E-1 5.58141E-1 5.4E-1 5.41584E-1 5.48405E-1 5.53701E-1 5.06301E-1 5.2553E-1 5.21036E-1 5.45068E-1 5.4557E-1 5.06243E-1 4.93867E-1 4.86571E-1 5.12394E-1 5.18664E-1 4.9579E-1 5.07365E-1 4.81063E-1 4.97387E-1 4.86156E-1 4.53355E-1 4.4413E-1 4.41237E-1 4.45925E-1 4.47766E-1 4.50627E-1 4.67422E-1 4.66127E-1 4.69036E-1 4.14853E-1 4.21156E-1 3.98504E-1 4.34171E-1 4.2803E-1 4.22527E-1 3.7617E-1 3.67986E-1 3.8991E-1 3.89565E-1 4.00402E-1 4.0774E-1 3.73073E-1 3.69852E-1 3.7461E-1 3.9306E-1 3.99023E-1 4.09717E-1 4.10183E-1 4.19393E-1 4.2591E-1 4.08798E-1 4.08201E-1
7.67828E-1 7.60594E-1 7.40104E-1 7.40194E-1 7.39E-1 7.20695E-1 7.08254E-1 6.93558E-1 6.82604E-1 6.608E-1 6.54556E-1 6.42864E-1 6.39769E-1 6.29339E-1 6.0601E-1 6.16462E-1 5.97334E-1 5.81118E-1 5.69224E-1 5.54478E-1 5.58749E-1 5.31856E-1 5.25578E-1 5.45586E-1 5.24362E-1 5.1666E-1 5.24067E-1 5.16914E-1 5.39145E-1 5.42462E-1 5.13311E-1 4.76513E-1 5.0288E-1 5.09978E-1 5.08877E-1 5.13821E-1 5.00675E-1 4.92073E-1 4.93498E-1 4.98321E-1 4.40805E-1 4.40107E-1 4.48151E-1 4.69316E-1 4.5859E-1 4.7874E-1 4.551E-1 4.49704E-1 4.50025E-1 4.25936E-1 4.17957E-1 4.20124E-1 4.45037E-1 4.05727E-1 3.84713E-1 3.69729E-1 3.87563E-1 4.09327E-1 3.80522E-1 3.96071E-1 4.11267E-1 3.82461E-1 3.73158E-1 3.79176E-1 3.96343E-1 4.14049E-1 4.05189E-1 4.05544E-1 4.16108E-1 4.02262E-1 4.00375E-1 4.02196E-1
7.70262E-1 7.61432E-1 7.41456E-1 7.37089E-1 7.27945E-1 7.0854E-1 7.00084E-1 6.86768E-1 6.75057E-1 6.61477E-1 6.47333E-1 6.36865E-1 6.33161E-1 6.21302E-1 6.07387E-1 5.91931E-1 5.89103E-1 5.73816E-1 5.63234E-1 5.56715E-1 5.4287E-1 5.30572E-1 5.26839E-1 5.3772E-1 5.32385E-1 5.28833E-1 5.09849E-1 5.19697E-1 5.35698E-1 5.33732E-1 5.07846E-1 4.84715E-1 4.83786E-1 4.99863E-1 5.17847E-1 5.18419E-1 5.02622E-1 4.91296E-1 4.78183E-1 4.82034E-1 4.60114E-1 4.5543E-1 4.75079E-1 4.73641E-1 4.42047E-1 4.8608E-1 4.74068E-1 4.7725E-1 4.48543E-1 4.22681E-1 4.14083E-1 4.24847E-1 4.28049E-1 3.91274E-1 3.81081E-1 3.92163E-1 4.06581E-1 3.96663E-1 3.88018E-1 4.00315E-1 4.2202E-1 3.86207E-1 3.69546E-1 3.79262E-1 3.99957E-1 4.17027E-1 3.94693E-1 4.21821E-1 4.36518E-1 4.23204E-1 4.21698E-1 4.01537E-1
7.71146E-1 7.55478E-1 7.43972E-1 7.23431E-1 7.22365E-1 7.01131E-1 6.91034E-1 6.7695E-1 6.62467E-1 6.5441E-1 6.40656E-1 6.27328E-1 6.13824E-1 5.97519E-1 5.99204E-1 5.91102E-1 5.84159E-1 5.68548E-1 5.53094E-1 5.47591E-1 5.33349E-1 5.29515E-1 5.39619E-1 5.45172E-1 5.07454E-1 5.25312E-1 5.26802E-1 5.13623E-1 5.18001E-1 5.33077E-1 4.94351E-1 4.8013E-1 4.8425E-1 5.03952E-1 5.09299E-1 5.11332E-1 4.95667E-1 4.87389E-1 4.92787E-1 4.75464E-1 4.53283E-1 4.70022E-1 4.78838E-1 4.67793E-1 4.33265E-1 4.81798E-1 4.67251E-1 4.45144E-1 4.24684E-1 4.25784E-1 4.2316E-1 4.16666E-1 4.19688E-1 4.04567E-1 4.05027E-1 3.88257E-1 3.86923E-1 3.71155E-1 3.95894E-1 4.24405E-1 3.88833E-1 3.78637E-1 3.74304E-1 3.90592E-1 3.80178E-1 4.04345E-1 3.86969E-1 4.15173E-1 4.25592E-1 4.32301E-1 4.20139E-1 4.07483E-1
7.55769E-1 7.38154E-1 7.25752E-1 7.2448E-1 7.05747E-1 6.94267E-1 6.79201E-1 6.69002E-1 6.54449E-1 6.43833E-1 6.40339E-1 6.25724E-1 6.13475E-1 5.98024E-1 6.00027E-1 5.82127E-1 5.72253E-1 5.6803E-1 5.52845E-1 5.3666E-1 5.33434E-1 5.40439E-1 5.20705E-1 5.11828E-1 5.22344E-1 5.15832E-1 5.24161E-1 5.38004E-1 5.23958E-1 5.22504E-1 4.96858E-1 5.06513E-1 5.1139E-1 5.20103E-1 5.15411E-1 5.16146E-1 5.03993E-1 4.74786E-1 4.8791E-1 4.87681E-1 4.82046E-1 4.83707E-1 4.60003E-1 4.7332E-1 4.33839E-1 4.65536E-1 4.52382E-1 4.32106E-1 4.19833E-1 4.33531E-1 4.20183E-1 4.07181E-1 3.92871E-1 3.86125E-1 3.72963E-1 3.66343E-1 3.7084E-1 3.99436E-1 4.07985E-1 4.11117E-1 3.68693E-1 3.75293E-1 3.94367E-1 3.7813E-1 3.79899E-1 3.89191E-1 3.95784E-1 3.9696E-1 4.11266E-1 4.26345E-1 3.99803E-1 3.78492E-1
7.49332E-1 7.37394E-1 7.21037E-1 7.0734E-1 6.94977E-1 6.95046E-1 6.72662E-1 6.56759E-1 6.48713E-1 6.31673E-1 6.20358E-1 6.17005E-1 6.06145E-1 5.89677E-1 5.9159E-1 5.73706E-1 5.72413E-1 5.69352E-1 5.52437E-1 5.43853E-1 5.26313E-1 5.36788E-1 5.20318E-1 5.26341E-1 5.38899E-1 5.36529E-1 5.15375E-1 5.21071E-1 5.05613E-1 5.01533E-1 5.09798E-1 5.161E-1 5.06854E-1 5.17666E-1 5.29393E-1 5.17818E-1 4.93418E-1 4.91864E-1 4.92788E-1 4.73992E-1 4.86234E-1 4.62465E-1 4.85853E-1 4.79433E-1 4.49943E-1 4.62672E-1 4.43415E-1 4.13914E-1 4.19868E-1 4.48524E-1 4.21665E-1 3.99005E-1 3.94477E-1 3.61926E-1 3.70445E-1 3.65511E-1 3.82601E-1 3.95695E-1 3.96161E-1 3.75055E-1 3.64159E-1 3.92019E-1 3.8719E-1 3.81414E-1 3.86442E-1 3.82199E-1 4.11575E-1 4.11375E-1 4.2121E-1 4.33049E-1 4.10825E-1 3.97443E-1
7.40854E-1 7.30181E-1 7.21254E-1 7.0875E-1 6.85297E-1 6.75575E-1 6.72535E-1 6.58103E-1 6.48715E-1 6.33422E-1 6.21536E-1 6.18527E-1 6.06277E-1 5.91722E-1 5.92342E-1 5.75495E-1 5.75959E-1 5.61457E-1 5.44329E-1 5.44221E-1 5.16671E-1 5.26647E-1 5.12685E-1 5.40999E-1 5.42063E-1 5.19835E-1 5.23882E-1 5.28264E-1 5.1549E-1 5.11389E-1 5.11378E-1 5.20903E-1 5.14318E-1 5.15343E-1 5.23945E-1 5.15766E-1 5.00762E-1 5.01105E-1 4.83211E-1 4.92948E-1 4.88914E-1 4.76406E-1 4.76667E-1 4.84558E-1 4.62782E-1 4.44909E-1 4.29001E-1 4.25846E-1 4.33217E-1 4.34699E-1 4.17622E-1 3.77209E-1 3.87074E-1 3.91915E-1 3.78798E-1 3.80178E-1 3.91833E-1 4.00454E-1 4.13432E-1 3.85895E-1 3.80965E-1 3.96687E-1 3.95725E-1 3.8464E-1 4.03945E-1 3.86909E-1 4.09866E-1 3.89401E-1 4.0073E-1 4.08464E-1 3.92347E-1 4.0832E-1
7.31049E-1 7.32136E-1 7.10098E-1 6.99696E-1 6.85402E-1 6.63579E-1 6.7278E-1 6.5832E-1 6.48727E-1 6.34234E-1 6.23572E-1 5.99803E-1 5.99031E-1 5.83363E-1 5.83961E-1 5.76423E-1 5.77008E-1 5.63937E-1 5.47712E-1 5.35335E-1 5.30341E-1 5.39004E-1 5.27954E-1 5.35667E-1 5.3645E-1 5.23112E-1 5.39515E-1 5.29082E-1 5.18783E-1 5.2642E-1 5.22246E-1 5.23896E-1 5.3295E-1 5.32444E-1 5.33917E-1 5.13768E-1 5.1696E-1 5.04403E-1 5.00531E-1 4.9463E-1 5.0513E-1 4.83955E-1 4.58173E-1 4.68385E-1 4.67232E-1 4.45765E-1 4.25403E-1 4.23797E-1 4.39274E-1 4.29458E-1 4.07294E-1 3.8138E-1 3.80936E-1 4.01396E-1 3.91359E-1 3.89839E-1 3.88191E-1 3.84561E-1 3.96578E-1 3.96754E-1 3.76138E-1 3.94219E-1 3.84986E-1 3.85736E-1 4.00791E-1 4.05588E-1 3.98369E-1 3.97238E-1 3.94845E-1 3.99856E-1 3.99042E-1 4.06015E-1
7.40064E-1 7.30275E-1 7.18994E-1 6.97748E-1 6.87692E-1 6.7259E-1 6.74327E-1 6.49627E-1 6.41209E-1 6.24821E-1 6.15464E-1 5.9932E-1 6.00768E-1 5.83449E-1 5.84506E-1 5.6718E-1 5.68746E-1 5.55147E-1 5.5106E-1 5.33645E-1 5.29807E-1 5.39286E-1 5.29815E-1 5.39201E-1 5.39414E-1 5.21588E-1 5.50051E-1 5.45606E-1 5.31407E-1 5.31472E-1 5.41947E-1 5.40477E-1 5.502E-1 5.41126E-1 5.22715E-1 5.31765E-1 5.34105E-1 5.20336E-1 5.03266E-1 5.12423E-1 5.09431E-1 4.95461E-1 4.96706E-1 4.83569E-1 4.77956E-1 4.60354E-1 4.45553E-1 4.43675E-1 4.43092E-1 4.25481E-1 4.0177E-1 4.15227E-1 3.98437E-1 4.12682E-1 4.02742E-1 3.85839E-1 3.7981E-1 3.86055E-1 4.04564E-1 4.01153E-1 3.68754E-1 3.95292E-1 3.77398E-1 3.91874E-1 3.70615E-1 3.93879E-1 3.99728E-1 3.90832E-1 3.89321E-1 3.93477E-1 3.99971E-1 4.03129E-1
7.34711E-1 7.2297E-1 7.20389E-1 6.96818E-1 6.8813E-1 6.73269E-1 6.53756E-1 6.39404E-1 6.41279E-1 6.26475E-1 6.15987E-1 6.10075E-1 5.99911E-1 5.83578E-1 5.85813E-1 5.58656E-1 5.67164E-1 5.46981E-1 5.40783E-1 5.51024E-1 5.2484E-1 5.34084E-1 5.30227E-1 5.38406E-1 5.37554E-1 5.45163E-1 5.56734E-1 5.57032E-1 5.43528E-1 5.4823E-1 5.49973E-1 5.47671E-1 5.39983E-1 5.41602E-1 5.32263E-1 5.39565E-1 5.40382E-1 5.19884E-1 5.19387E-1 -9999 -9999 5.00212E-1 4.9607E-1 4.85326E-1 4.85777E-1 4.74577E-1 4.50995E-1 4.42458E-1 4.26547E-1 4.19301E-1 4.00798E-1 4.10987E-1 3.92839E-1 4.07164E-1 4.16906E-1 3.87587E-1 3.92506E-1 3.78436E-1 3.97609E-1 3.94739E-1 3.7839E-1 3.69269E-1 3.75489E-1 3.83604E-1 3.6727E-1 3.96885E-1 4.10479E-1 3.82364E-1 3.90743E-1 3.96273E-1 3.96393E-1 3.94182E-1
7.36378E-1 7.15959E-1 7.12968E-1 6.94778E-1 6.81094E-1 6.65097E-1 6.54328E-1 6.51165E-1 6.39799E-1 6.24734E-1 6.05245E-1 6.01926E-1 5.92355E-1 5.87689E-1 5.75298E-1 5.58426E-1 5.67385E-1 5.578E-1 5.50897E-1 5.5213E-1 5.37254E-1 5.37853E-1 5.44739E-1 5.50508E-1 5.47541E-1 5.77977E-1 5.66534E-1 -9999 -9999 -9999 5.47903E-1 5.48783E-1 5.48597E-1 5.473E-1 5.46625E-1 5.54311E-1 5.50777E-1 -9999 -9999 -9999 -9999 -9999 -9999 -9999 4.77389E-1 -9999 4.58403E-1 4.45248E-1 4.34846E-1 4.21577E-1 4.16527E-1 4.10371E-1 4.05397E-1 4.32403E-1 4.1604E-1 4.09682E-1 4.03155E-1 3.96421E-1 4.04468E-1 3.75626E-1 3.73062E-1 3.61966E-1 3.76052E-1 3.851E-1 3.87637E-1 4.09274E-1 4.11177E-1 3.881E-1 3.72268E-1 3.89052E-1 3.89164E-1 3.86592E-1
7.38558E-1 7.26724E-1 7.1336E-1 6.94862E-1 6.72979E-1 6.59999E-1 6.45985E-1 6.34195E-1 6.31777E-1 6.28267E-1 6.04282E-1 6.02262E-1 5.91154E-1 5.78074E-1 5.8677E-1 5.70156E-1 5.48582E-1 5.57406E-1 5.5929E-1 5.59458E-1 5.51625E-1 5.47039E-1 5.43536E-1 5.6336E-1 5.74496E-1 5.88475E-1 -9999 -9999 -9999 -9999 -9999 -9999 5.62618E-1 5.47088E-1 5.56473E-1 -9999 -9999 -9999 -9999 -9999 -9999 -9999 -9999 -9999 -9999 -9999 4.73402E-1 4.61358E-1 4.41176E-1 4.25167E-1 4.1812E-1 4.34845E-1 4.36372E-1 4.29479E-1 3.97404E-1 3.95856E-1 3.96921E-1 3.83289E-1 3.75486E-1 3.69753E-1 3.63935E-1 3.80436E-1 3.77867E-1 3.8475E-1 3.83385E-1 4.00812E-1 3.9957E-1 3.91196E-1 3.87851E-1 3.81489E-1 3.97725E-1 3.96253E-1
7.38687E-1 7.27454E-1 7.05405E-1 6.85864E-1 6.7264E-1 6.5634E-1 6.57236E-1 6.34266E-1 6.32171E-1 6.31578E-1 6.07361E-1 6.17034E-1 6.02759E-1 5.90792E-1 5.8643E-1 5.76424E-1 5.7044E-1 5.71434E-1 5.58737E-1 5.58357E-1 5.51654E-1 5.54101E-1 5.56936E-1 5.66896E-1 -9999 -9999 -9999 -9999 -9999 -9999 -9999 -9999 -9999 -9999 -9999 -9999 -9999 -9999 -9999 -9999 -9999 -9999 -9999 -9999 -9999 -9999 -9999 4.65781E-1 4.53043E-1 4.48721E-1 4.34518E-1 4.39522E-1 4.4124E-1 4.20211E-1 4.04787E-1 3.96744E-1 4.04178E-1 3.98625E-1 3.65742E-1 3.8109E-1 3.85665E-1 3.93471E-1 3.92695E-1 3.79584E-1 3.83531E-1 3.99682E-1 3.99494E-1 3.90005E-1 3.89791E-1 3.73578E-1 3.95695E-1 4.03569E-1
7.29855E-1 7.22695E-1 7.04923E-1 6.87175E-1 6.72548E-1 6.65016E-1 6.48677E-1 6.35738E-1 6.35819E-1 6.32185E-1 6.16121E-1 6.15941E-1 5.91605E-1 6.01378E-1 5.89262E-1 5.86494E-1 5.8722E-1 5.75044E-1 5.62807E-1 5.60837E-1 5.68044E-1 5.75933E-1 5.66191E-1 5.82525E-1 -9999 -9999 -9999 -9999 -9999 -9999 -9999 -9999 -9999 -9999 -9999 -9999 -9999 -9999 -9999 -9999 -9999 -9999 -9999 -9999 -9999 -9999 -9999 -9999 4.65499E-1 4.57756E-1 4.41977E-1 4.263E-1 4.36768E-1 4.15301E-1 4.00048E-1 4.04532E-1 4.03956E-1 3.89407E-1 3.88591E-1 3.98211E-1 3.81922E-1 3.89211E-1 4.01734E-1 4.01937E-1 3.95301E-1 3.97347E-1 3.87387E-1 3.82392E-1 3.89152E-1 3.96282E-1 3.91429E-1 4.09014E-1
