Artocarpus altilis SDM files/Last interglacial/results (without the bias file)/Artalt_4.asc
ncols         1201
nrows         481
xllcorner     119.99986351115
yllcorner     -15.00013864885
cellsize      0.041666667
NODATA_value  -9999
[rows 160 to 191 of 481, columns 288 to 359 of 1201]
6.62055E-1 6.52253E-1 5.92463E-1 5.67556E-1 5.75372E-1 5.29782E-1 5.37226E-1 4.90624E-1 5.38025E-1 5.66392E-1 4.26659E-1 3.6187E-1 3.82021E-1 4.51978E-1 4.62565E-1 5.25891E-1 3.43827E-1 3.5846E-1 3.81583E-1 3.29977E-1 3.74479E-1 4.26722E-1 3.9283E-1 3.47644E-1 3.37006E-1 3.6502E-1 3.71775E-1 3.40785E-1 3.89835E-1 4.49571E-1 4.64985E-1 4.46668E-1 4.27302E-1 4.57556E-1 4.74444E-1 4.73757E-1 5.06061E-1 4.69244E-1 4.71419E-1 4.35883E-1 3.92354E-1 4.60372E-1 5.29174E-1 5.76591E-1 5.98537E-1 5.84538E-1 4.51377E-1 2.87879E-1 4.17207E-1 6.45455E-1 7.32611E-1 7.44252E-1 -9999 -9999 -9999 -9999 -9999 -9999 -9999 -9999 -9999 -9999 -9999 -9999 -9999 -9999 -9999 -9999 -9999 -9999 -9999 -9999
6.84643E-1 6.52747E-1 6.08449E-1 6.13356E-1 5.85626E-1 5.44773E-1 5.80229E-1 5.61216E-1 5.74496E-1 5.80941E-1 4.06132E-1 4.10605E-1 4.0773E-1 4.61791E-1 5.09612E-1 4.66861E-1 3.69513E-1 3.79091E-1 3.82908E-1 3.22774E-1 3.75723E-1 4.32509E-1 4.08573E-1 3.64292E-1 3.91682E-1 3.46543E-1 3.65949E-1 3.31089E-1 3.19604E-1 3.10605E-1 4.10381E-1 4.59639E-1 4.3274E-1 4.33144E-1 4.60841E-1 4.74107E-1 4.56485E-1 4.84811E-1 4.43691E-1 4.01236E-1 3.95284E-1 4.09363E-1 4.24636E-1 5.55155E-1 5.74137E-1 5.80538E-1 5.91877E-1 4.89956E-1 4.88519E-1 5.39571E-1 6.95841E-1 -9999 -9999 -9999 -9999 -9999 -9999 -9999 -9999 -9999 -9999 -9999 -9999 -9999 -9999 -9999 -9999 -9999 -9999 -9999 -9999 -9999
6.4179E-1 6.56331E-1 6.19009E-1 6.30951E-1 5.95648E-1 5.78573E-1 6.20895E-1 6.25528E-1 5.86664E-1 5.91811E-1 4.43281E-1 4.07362E-1 4.16463E-1 4.99496E-1 5.2597E-1 4.42962E-1 3.77381E-1 4.20935E-1 3.96316E-1 3.79691E-1 3.85345E-1 3.92943E-1 4.1956E-1 3.61499E-1 4.05834E-1 4.31644E-1 3.78194E-1 3.84252E-1 3.73235E-1 3.41108E-1 3.35785E-1 3.56879E-1 4.03968E-1 4.38658E-1 4.715E-1 4.8707E-1 4.67134E-1 4.24253E-1 3.73576E-1 3.86525E-1 4.04078E-1 3.82781E-1 3.94072E-1 5.19251E-1 5.32364E-1 5.65832E-1 5.51314E-1 5.48114E-1 4.73405E-1 4.75122E-1 6.44585E-1 -9999 -9999 -9999 -9999 -9999 -9999 -9999 -9999 -9999 -9999 -9999 -9999 -9999 -9999 -9999 -9999 -9999 -9999 -9999 -9999 -9999
6.73643E-1 6.75194E-1 6.55563E-1 6.51843E-1 6.1885E-1 6.52039E-1 6.36722E-1 6.27082E-1 6.10594E-1 5.50397E-1 4.84554E-1 4.43083E-1 4.79631E-1 4.86338E-1 5.14954E-1 4.71483E-1 3.93331E-1 4.45783E-1 4.1312E-1 4.09388E-1 4.24708E-1 3.80494E-1 4.15542E-1 4.21498E-1 3.96584E-1 3.98874E-1 3.9336E-1 4.52167E-1 4.43149E-1 4.31084E-1 4.01323E-1 3.29371E-1 3.85916E-1 4.51751E-1 4.86698E-1 4.08152E-1 3.74122E-1 3.79039E-1 3.96681E-1 3.97842E-1 4.57718E-1 4.18424E-1 4.13096E-1 4.96492E-1 5.2165E-1 5.32691E-1 4.96977E-1 5.19841E-1 4.64583E-1 4.79647E-1 6.48589E-1 -9999 6.82044E-1 6.59482E-1 -9999 -9999 -9999 -9999 -9999 -9999 -9999 -9999 -9999 -9999 -9999 -9999 -9999 -9999 -9999 -9999 -9999 -9999
7.09313E-1 6.86485E-1 6.75062E-1 6.62839E-1 6.58505E-1 6.48635E-1 6.19065E-1 6.14267E-1 5.68653E-1 5.71772E-1 5.24469E-1 5.19681E-1 5.4513E-1 4.97506E-1 5.63419E-1 5.15811E-1 4.30289E-1 4.64947E-1 4.27833E-1 4.43321E-1 4.40817E-1 3.96718E-1 4.13721E-1 4.39187E-1 4.03697E-1 4.43223E-1 4.56198E-1 4.5744E-1 4.43319E-1 4.07218E-1 3.97855E-1 3.93744E-1 4.00736E-1 4.42158E-1 4.41308E-1 3.87773E-1 4.08837E-1 4.10348E-1 4.28754E-1 4.34664E-1 4.04548E-1 4.53297E-1 4.82024E-1 4.74445E-1 5.22236E-1 4.97726E-1 3.95154E-1 4.27679E-1 4.85853E-1 5.00592E-1 6.41446E-1 -9999 6.73924E-1 6.91167E-1 -9999 -9999 -9999 -9999 -9999 -9999 -9999 -9999 -9999 -9999 -9999 -9999 -9999 -9999 -9999 -9999 -9999 -9999
7.10551E-1 7.19894E-1 7.12583E-1 7.01861E-1 6.81588E-1 6.62924E-1 6.08446E-1 5.69878E-1 5.68492E-1 5.90063E-1 5.76189E-1 5.35264E-1 5.62314E-1 5.27715E-1 5.41584E-1 5.14019E-1 4.64483E-1 4.46103E-1 4.13879E-1 4.59045E-1 4.61981E-1 4.4874E-1 4.08546E-1 4.08262E-1 4.01844E-1 3.81242E-1 3.77976E-1 3.38067E-1 3.80469E-1 3.85423E-1 4.08304E-1 4.36422E-1 5.1111E-1 4.55546E-1 3.83473E-1 4.00403E-1 3.5786E-1 4.32912E-1 4.11907E-1 4.18395E-1 4.3395E-1 4.51412E-1 4.69865E-1 4.67711E-1 5.62496E-1 4.40672E-1 4.0143E-1 5.12227E-1 4.70641E-1 4.59989E-1 5.99865E-1 6.26072E-1 6.63037E-1 6.81565E-1 -9999 -9999 -9999 -9999 -9999 -9999 -9999 -9999 -9999 -9999 -9999 -9999 -9999 -9999 -9999 -9999 -9999 -9999
7.33869E-1 7.31822E-1 7.06582E-1 6.98218E-1 6.96166E-1 6.52385E-1 6.5569E-1 5.88337E-1 6.0073E-1 6.06802E-1 5.7815E-1 5.41251E-1 5.25872E-1 5.2888E-1 5.04603E-1 5.03926E-1 4.77322E-1 4.6521E-1 4.55612E-1 4.51948E-1 4.83901E-1 4.593E-1 4.08556E-1 3.95284E-1 3.89674E-1 3.85296E-1 3.78948E-1 3.65677E-1 3.92444E-1 3.72879E-1 4.27512E-1 4.85748E-1 4.65023E-1 4.63411E-1 4.82658E-1 4.01383E-1 3.69594E-1 3.8999E-1 3.86492E-1 4.27703E-1 4.10586E-1 3.60658E-1 3.95419E-1 5.32152E-1 5.50671E-1 4.48042E-1 4.91279E-1 5.53205E-1 4.48864E-1 4.16458E-1 5.54115E-1 6.62211E-1 6.8424E-1 7.079E-1 -9999 -9999 -9999 -9999 -9999 -9999 -9999 -9999 -9999 -9999 -9999 -9999 -9999 -9999 -9999 -9999 -9999 -9999
7.45815E-1 7.39653E-1 7.11687E-1 7.09347E-1 7.14182E-1 6.99206E-1 6.61958E-1 6.14453E-1 6.50505E-1 6.06503E-1 5.79437E-1 5.22989E-1 5.29523E-1 4.58683E-1 4.67732E-1 4.98756E-1 4.80054E-1 4.79069E-1 4.34166E-1 4.67273E-1 4.60245E-1 4.37483E-1 4.16419E-1 3.9858E-1 3.93003E-1 3.82516E-1 3.98049E-1 3.92798E-1 3.93696E-1 4.14858E-1 3.9219E-1 4.03657E-1 3.77022E-1 3.62405E-1 3.8531E-1 4.87642E-1 5.16356E-1 4.71925E-1 4.35896E-1 3.84117E-1 3.4781E-1 4.04833E-1 4.43728E-1 5.35597E-1 4.63389E-1 4.26426E-1 4.97259E-1 5.2579E-1 4.66472E-1 4.36237E-1 5.08621E-1 6.54443E-1 6.9111E-1 -9999 -9999 -9999 -9999 -9999 -9999 -9999 -9999 -9999 -9999 -9999 -9999 -9999 -9999 -9999 -9999 -9999 -9999 -9999
7.6603E-1 7.53466E-1 7.5216E-1 7.41751E-1 7.35241E-1 6.76735E-1 6.73195E-1 6.3631E-1 6.37232E-1 6.53396E-1 5.69019E-1 5.29175E-1 4.84432E-1 4.85252E-1 5.05944E-1 5.00177E-1 4.9281E-1 4.89024E-1 4.4815E-1 4.75151E-1 4.31171E-1 4.26956E-1 4.2846E-1 4.09714E-1 3.9959E-1 4.03788E-1 3.89652E-1 3.98648E-1 3.99684E-1 4.14991E-1 4.03973E-1 3.54538E-1 3.61795E-1 3.99183E-1 4.10747E-1 3.86538E-1 4.98816E-1 4.86184E-1 5.04736E-1 4.42871E-1 4.05545E-1 4.47674E-1 4.83491E-1 4.56293E-1 5.03476E-1 4.86904E-1 4.91271E-1 4.96312E-1 5.17193E-1 4.22582E-1 5.80451E-1 6.46194E-1 6.87267E-1 -9999 -9999 -9999 -9999 -9999 -9999 -9999 -9999 -9999 -9999 -9999 8.05282E-1 -9999 -9999 -9999 -9999 -9999 -9999 -9999
7.71371E-1 7.66362E-1 7.46955E-1 7.37021E-1 7.33274E-1 6.87275E-1 6.89932E-1 6.51462E-1 6.24022E-1 5.80013E-1 5.67099E-1 5.68576E-1 5.30813E-1 5.26133E-1 5.18425E-1 5.03159E-1 5.11373E-1 4.77519E-1 4.61571E-1 4.55908E-1 4.23123E-1 4.06692E-1 4.0305E-1 3.89883E-1 4.10466E-1 3.95662E-1 3.92417E-1 4.0663E-1 3.98797E-1 3.86572E-1 4.17317E-1 4.05449E-1 4.01983E-1 4.32072E-1 4.87222E-1 4.33723E-1 3.90747E-1 4.03959E-1 4.11221E-1 4.57959E-1 4.58542E-1 4.43456E-1 4.55664E-1 4.26784E-1 4.73916E-1 5.31906E-1 5.27721E-1 5.02721E-1 4.7969E-1 3.92065E-1 5.82955E-1 6.58801E-1 -9999 -9999 -9999 -9999 5.40229E-1 5.80681E-1 6.12509E-1 -9999 -9999 -9999 -9999 -9999 -9999 8.03028E-1 -9999 -9999 -9999 -9999 -9999 -9999
7.93345E-1 7.58834E-1 7.6431E-1 7.70488E-1 7.56749E-1 7.11106E-1 7.01827E-1 6.78767E-1 6.28423E-1 6.18427E-1 6.51327E-1 5.84029E-1 5.24815E-1 5.11216E-1 5.3165E-1 5.22482E-1 5.25277E-1 4.60279E-1 4.47817E-1 4.37984E-1 4.21619E-1 4.15032E-1 4.08836E-1 4.02003E-1 3.93227E-1 4.10214E-1 4.01047E-1 3.85751E-1 4.03487E-1 3.90931E-1 3.84386E-1 4.00897E-1 4.05505E-1 3.88446E-1 3.66265E-1 3.65054E-1 3.31364E-1 3.33514E-1 3.49742E-1 3.24474E-1 4.03779E-1 4.59751E-1 4.51585E-1 4.98663E-1 5.70271E-1 5.77563E-1 5.73626E-1 5.05612E-1 4.70146E-1 4.48359E-1 5.93462E-1 6.39635E-1 -9999 -9999 -9999 5.82402E-1 5.34165E-1 6.30167E-1 5.89772E-1 -9999 -9999 -9999 -9999 -9999 -9999 7.96804E-1 8.11795E-1 -9999 -9999 -9999 -9999 -9999
8.00175E-1 7.90863E-1 7.84748E-1 7.74399E-1 7.81054E-1 6.96281E-1 6.8413E-1 6.84315E-1 7.00114E-1 6.88374E-1 6.4305E-1 5.60263E-1 5.79136E-1 5.72543E-1 5.39764E-1 5.62029E-1 4.98747E-1 4.69298E-1 4.57797E-1 4.52608E-1 4.42146E-1 4.2762E-1 4.12594E-1 4.12147E-1 3.95808E-1 3.92449E-1 3.97567E-1 3.94396E-1 3.76047E-1 4.04493E-1 3.83115E-1 3.84259E-1 3.99232E-1 4.00583E-1 3.89459E-1 3.95707E-1 3.68231E-1 3.49696E-1 3.92911E-1 3.97149E-1 4.48727E-1 5.13618E-1 5.32972E-1 5.39281E-1 5.58457E-1 5.48681E-1 5.42616E-1 4.35434E-1 4.45668E-1 4.01556E-1 4.89757E-1 6.20646E-1 -9999 -9999 -9999 6.38737E-1 5.49809E-1 6.99894E-1 -9999 -9999 -9999 -9999 -9999 -9999 -9999 8.03353E-1 -9999 -9999 -9999 -9999 -9999 -9999
-9999 7.94471E-1 7.89659E-1 7.90972E-1 7.86712E-1 7.34599E-1 7.2488E-1 7.14447E-1 7.42214E-1 6.80634E-1 6.16402E-1 6.07577E-1 6.21101E-1 6.08559E-1 5.43105E-1 5.43295E-1 5.09802E-1 4.99039E-1 4.70685E-1 4.63338E-1 4.24412E-1 4.30783E-1 4.29086E-1 4.14068E-1 4.0174E-1 3.8895E-1 3.90314E-1 3.70487E-1 3.82515E-1 3.82112E-1 3.63029E-1 3.89528E-1 3.73457E-1 4.03761E-1 3.86654E-1 4.16376E-1 4.43569E-1 4.3115E-1 4.2984E-1 4.76719E-1 4.93656E-1 4.97716E-1 5.10961E-1 5.27376E-1 5.42149E-1 5.21778E-1 5.32536E-1 4.63469E-1 4.77332E-1 4.5138E-1 4.24233E-1 5.68008E-1 -9999 -9999 -9999 -9999 6.23938E-1 7.24765E-1 -9999 -9999 -9999 -9999 -9999 -9999 -9999 -9999 -9999 -9999 -9999 -9999 -9999 -9999
-9999 -9999 -9999 -9999 7.94598E-1 7.73466E-1 7.29058E-1 7.5395E-1 7.58015E-1 6.60282E-1 6.75073E-1 6.8734E-1 7.21157E-1 6.94435E-1 5.99014E-1 5.60502E-1 5.27589E-1 4.8678E-1 4.66376E-1 4.58741E-1 4.47976E-1 4.39235E-1 4.301E-1 4.15636E-1 4.0485E-1 3.99791E-1 3.87486E-1 3.78058E-1 3.66664E-1 3.5443E-1 3.5453E-1 3.61194E-1 3.51228E-1 3.71807E-1 3.58197E-1 3.87224E-1 3.98981E-1 3.96882E-1 4.19066E-1 4.27125E-1 4.57286E-1 5.13353E-1 5.223E-1 5.10903E-1 5.2409E-1 5.01394E-1 4.93335E-1 4.13321E-1 4.04834E-1 4.48286E-1 3.86364E-1 5.45901E-1 -9999 -9999 -9999 -9999 6.64672E-1 -9999 -9999 -9999 -9999 -9999 -9999 -9999 -9999 -9999 -9999 -9999 -9999 -9999 -9999 -9999
-9999 -9999 -9999 -9999 -9999 7.79765E-1 7.43105E-1 7.58392E-1 7.62315E-1 7.53522E-1 7.62693E-1 7.45185E-1 7.21066E-1 -9999 5.21366E-1 5.35288E-1 5.32347E-1 5.11573E-1 5.25232E-1 5.25307E-1 4.85392E-1 4.48728E-1 4.40906E-1 4.29469E-1 4.21488E-1 4.06122E-1 3.92975E-1 4.16704E-1 3.71494E-1 3.64341E-1 3.69358E-1 3.43935E-1 3.63258E-1 3.59168E-1 3.37673E-1 3.52303E-1 3.72457E-1 3.78351E-1 3.929E-1 4.03121E-1 4.53482E-1 4.80305E-1 4.98284E-1 5.04302E-1 4.97353E-1 5.02213E-1 5.15931E-1 4.89609E-1 4.63156E-1 4.21348E-1 3.55257E-1 5.49241E-1 -9999 -9999 -9999 -9999 -9999 -9999 -9999 -9999 -9999 -9999 -9999 -9999 -9999 -9999 -9999 -9999 -9999 -9999 -9999 -9999
-9999 -9999 -9999 -9999 -9999 -9999 7.5436E-1 7.90676E-1 7.97308E-1 7.91355E-1 7.76526E-1 -9999 -9999 -9999 5.89647E-1 5.41576E-1 5.57093E-1 5.81125E-1 5.72796E-1 5.47991E-1 4.68914E-1 4.47282E-1 4.41128E-1 4.29604E-1 4.55332E-1 -9999 -9999 -9999 -9999 -9999 -9999 -9999 -9999 -9999 -9999 -9999 -9999 -9999 -9999 -9999 4.49027E-1 4.4673E-1 4.77204E-1 4.89605E-1 5.12095E-1 5.23151E-1 4.79885E-1 4.34838E-1 4.80168E-1 4.05455E-1 3.28984E-1 5.16043E-1 -9999 -9999 -9999 -9999 -9999 -9999 -9999 -9999 -9999 6.65359E-1 -9999 -9999 -9999 -9999 -9999 -9999 -9999 -9999 -9999 -9999
-9999 -9999 -9999 -9999 -9999 -9999 7.17958E-1 7.48849E-1 -9999 -9999 -9999 -9999 -9999 -9999 5.87097E-1 5.87112E-1 5.72032E-1 6.0482E-1 -9999 -9999 -9999 4.47746E-1 4.56281E-1 4.5271E-1 -9999 -9999 -9999 -9999 -9999 -9999 -9999 -9999 -9999 -9999 -9999 -9999 -9999 -9999 -9999 -9999 -9999 -9999 -9999 4.89285E-1 4.80138E-1 4.83088E-1 4.70158E-1 4.34336E-1 4.8661E-1 4.71032E-1 3.23527E-1 4.77563E-1 4.89469E-1 -9999 -9999 -9999 -9999 -9999 -9999 -9999 6.68944E-1 6.43773E-1 -9999 -9999 -9999 -9999 -9999 -9999 -9999 -9999 -9999 -9999
-9999 -9999 -9999 -9999 -9999 -9999 -9999 -9999 -9999 -9999 -9999 -9999 -9999 -9999 -9999 -9999 -9999 -9999 -9999 -9999 -9999 -9999 -9999 -9999 -9999 -9999 -9999 -9999 -9999 -9999 -9999 -9999 -9999 -9999 -9999 -9999 -9999 -9999 -9999 -9999 -9999 -9999 -9999 4.77799E-1 4.77147E-1 4.55153E-1 4.88085E-1 4.89549E-1 5.27159E-1 4.82628E-1 3.47575E-1 3.75241E-1 5.01404E-1 -9999 -9999 -9999 -9999 -9999 -9999 -9999 6.19081E-1 6.30091E-1 -9999 -9999 -9999 -9999 -9999 -9999 -9999 -9999 -9999 -9999
-9999 -9999 -9999 -9999 -9999 -9999 -9999 -9999 -9999 -9999 -9999 -9999 -9999 -9999 -9999 -9999 -9999 -9999 -9999 -9999 -9999 -9999 -9999 -9999 -9999 -9999 -9999 -9999 -9999 -9999 -9999 -9999 -9999 -9999 -9999 -9999 -9999 -9999 -9999 -9999 -9999 -9999 -9999 -9999 4.41575E-1 4.61857E-1 4.86064E-1 4.94174E-1 4.34457E-1 3.92063E-1 3.4126E-1 3.84488E-1 5.06866E-1 5.52942E-1 -9999 -9999 -9999 -9999 -9999 -9999 6.40239E-1 6.41256E-1 7.19433E-1 -9999 -9999 -9999 -9999 -9999 -9999 -9999 -9999 -9999
-9999 -9999 -9999 -9999 -9999 -9999 -9999 -9999 -9999 -9999 -9999 -9999 -9999 -9999 -9999 -9999 -9999 -9999 -9999 -9999 -9999 -9999 -9999 -9999 -9999 -9999 4.06954E-1 3.91412E-1 4.09338E-1 3.88347E-1 4.03067E-1 3.7663E-1 3.7019E-1 -9999 -9999 3.73637E-1 3.97953E-1 4.15785E-1 -9999 -9999 -9999 4.4727E-1 4.4416E-1 4.47663E-1 4.49333E-1 4.51553E-1 4.68318E-1 4.71511E-1 4.15483E-1 3.08374E-1 3.76631E-1 4.49107E-1 4.48364E-1 4.95658E-1 5.26892E-1 -9999 -9999 -9999 -9999 -9999 6.43179E-1 6.32569E-1 -9999 -9999 -9999 -9999 -9999 -9999 -9999 -9999 -9999 -9999
-9999 -9999 -9999 -9999 -9999 -9999 -9999 -9999 -9999 -9999 -9999 -9999 -9999 -9999 -9999 -9999 -9999 -9999 -9999 -9999 -9999 -9999 -9999 -9999 3.95071E-1 3.72079E-1 3.78064E-1 3.35924E-1 3.32396E-1 3.43886E-1 3.2432E-1 3.27657E-1 3.64311E-1 3.74442E-1 4.28116E-1 -9999 3.46271E-1 3.666E-1 3.86699E-1 -9999 -9999 4.47454E-1 4.39225E-1 4.54124E-1 4.4055E-1 4.48839E-1 4.44312E-1 4.33682E-1 4.38051E-1 2.81779E-1 4.01158E-1 4.70864E-1 4.31978E-1 3.94705E-1 4.97231E-1 5.68569E-1 -9999 -9999 -9999 -9999 5.54647E-1 5.74545E-1 5.88314E-1 6.02699E-1 -9999 -9999 -9999 -9999 -9999 -9999 -9999 -9999
-9999 -9999 -9999 -9999 -9999 -9999 -9999 -9999 -9999 -9999 -9999 -9999 -9999 -9999 -9999 -9999 -9999 -9999 -9999 -9999 -9999 -9999 -9999 -9999 3.89678E-1 3.69047E-1 3.56097E-1 3.39847E-1 3.36513E-1 3.27056E-1 3.39678E-1 3.51233E-1 3.37189E-1 3.49545E-1 3.81986E-1 3.77112E-1 -9999 3.91113E-1 4.05862E-1 4.3593E-1 4.50744E-1 4.62741E-1 4.54895E-1 4.177E-1 3.72119E-1 4.12294E-1 3.34939E-1 4.51826E-1 4.2974E-1 2.89504E-1 3.47345E-1 4.8759E-1 4.58954E-1 3.88788E-1 4.52128E-1 5.30146E-1 -9999 5.98802E-1 -9999 5.6451E-1 4.85682E-1 4.72655E-1 4.11968E-1 5.32453E-1 -9999 -9999 -9999 -9999 -9999 -9999 -9999 -9999
-9999 -9999 -9999 -9999 -9999 -9999 -9999 -9999 -9999 -9999 -9999 -9999 -9999 -9999 -9999 -9999 -9999 -9999 -9999 -9999 -9999 -9999 -9999 3.8384E-1 3.54169E-1 3.41751E-1 3.54665E-1 3.44418E-1 3.66477E-1 3.76028E-1 3.7412E-1 3.39656E-1 3.10766E-1 3.60109E-1 3.35669E-1 3.79952E-1 3.74951E-1 4.42984E-1 4.60498E-1 4.51149E-1 4.23748E-1 4.47198E-1 4.39991E-1 3.97217E-1 3.16861E-1 3.88662E-1 3.27939E-1 4.24141E-1 4.38915E-1 3.54847E-1 3.47616E-1 4.76008E-1 4.36161E-1 4.26277E-1 4.36845E-1 5.13722E-1 5.84851E-1 5.95889E-1 -9999 5.45459E-1 4.5708E-1 3.90927E-1 3.06269E-1 5.73539E-1 -9999 -9999 -9999 -9999 -9999 -9999 -9999 -9999
-9999 -9999 -9999 -9999 -9999 -9999 -9999 -9999 -9999 -9999 -9999 -9999 -9999 -9999 -9999 -9999 -9999 -9999 -9999 -9999 -9999 -9999 4.0081E-1 3.84802E-1 3.63747E-1 3.76099E-1 3.4986E-1 3.36644E-1 3.51942E-1 3.58515E-1 3.19621E-1 3.12013E-1 3.18761E-1 3.31718E-1 3.47758E-1 3.54238E-1 4.10881E-1 4.40331E-1 4.22117E-1 3.72633E-1 4.53079E-1 4.58087E-1 4.59763E-1 4.30754E-1 3.60907E-1 3.69664E-1 3.60262E-1 3.27229E-1 4.47832E-1 3.80371E-1 3.69409E-1 4.55825E-1 4.42027E-1 3.85771E-1 3.97142E-1 4.8099E-1 5.44497E-1 5.50107E-1 -9999 5.64524E-1 5.03509E-1 4.18612E-1 2.77202E-1 5.18693E-1 -9999 -9999 -9999 -9999 -9999 -9999 -9999 -9999
-9999 -9999 -9999 -9999 -9999 -9999 -9999 -9999 -9999 -9999 6.36085E-1 5.39008E-1 6.57419E-1 -9999 -9999 -9999 -9999 -9999 -9999 -9999 -9999 4.14096E-1 3.88152E-1 3.7325E-1 3.64238E-1 3.49897E-1 3.30632E-1 3.37398E-1 3.21745E-1 2.83664E-1 3.29029E-1 3.01376E-1 2.94084E-1 3.41953E-1 3.47136E-1 3.84643E-1 3.94513E-1 4.38778E-1 4.47237E-1 3.75527E-1 4.57701E-1 4.5528E-1 4.48876E-1 4.41714E-1 4.55036E-1 3.86768E-1 3.73829E-1 3.6613E-1 3.78934E-1 4.21357E-1 3.96083E-1 4.6516E-1 4.92861E-1 3.53112E-1 4.00131E-1 4.1041E-1 5.09025E-1 5.25157E-1 -9999 6.03301E-1 4.30517E-1 2.81181E-1 2.10629E-1 4.91828E-1 -9999 -9999 -9999 -9999 -9999 -9999 -9999 -9999
-9999 -9999 7.01678E-1 6.50145E-1 5.88265E-1 5.14213E-1 5.25666E-1 5.85957E-1 5.27226E-1 6.27132E-1 6.34518E-1 5.28132E-1 4.6825E-1 4.39925E-1 -9999 -9999 -9999 -9999 -9999 -9999 4.22164E-1 3.77276E-1 3.79114E-1 3.7645E-1 3.68681E-1 3.49834E-1 3.09741E-1 3.09901E-1 3.08615E-1 3.12184E-1 3.32715E-1 3.33679E-1 3.46251E-1 3.65728E-1 4.00444E-1 4.03583E-1 4.78877E-1 4.70715E-1 3.62977E-1 3.79561E-1 4.13098E-1 4.59817E-1 4.582E-1 3.88345E-1 4.05673E-1 4.06872E-1 3.14631E-1 3.92272E-1 3.32209E-1 3.88198E-1 3.98572E-1 3.58114E-1 3.80648E-1 4.19304E-1 4.26091E-1 4.3428E-1 4.58717E-1 5.22038E-1 -9999 6.21698E-1 4.18624E-1 2.38134E-1 2.68578E-1 5.88571E-1 -9999 -9999 -9999 7.03716E-1 7.38779E-1 -9999 -9999 -9999
-9999 6.65101E-1 6.627E-1 5.90869E-1 5.4433E-1 5.02583E-1 4.46898E-1 7.1686E-1 7.44197E-1 7.87101E-1 6.75063E-1 5.53243E-1 4.96683E-1 4.80054E-1 5.81332E-1 -9999 -9999 -9999 -9999 4.45599E-1 4.21604E-1 3.70601E-1 3.88845E-1 3.83038E-1 3.69154E-1 3.65989E-1 3.34172E-1 3.30015E-1 3.09548E-1 3.38597E-1 3.96858E-1 3.98543E-1 3.90055E-1 3.86531E-1 4.10803E-1 4.50321E-1 4.82671E-1 3.96208E-1 3.44526E-1 3.88215E-1 4.72762E-1 4.20057E-1 4.56631E-1 3.63209E-1 2.76937E-1 3.4807E-1 3.00782E-1 3.14735E-1 3.59634E-1 3.46152E-1 3.67274E-1 3.27418E-1 3.1872E-1 4.5196E-1 4.28386E-1 4.30526E-1 3.99982E-1 5.01421E-1 -9999 6.33062E-1 4.63168E-1 2.26559E-1 2.59836E-1 6.29311E-1 -9999 -9999 -9999 7.5418E-1 6.86799E-1 -9999 -9999 -9999
8.34757E-1 5.94241E-1 5.03859E-1 4.07092E-1 3.75539E-1 3.50697E-1 3.49432E-1 4.26403E-1 4.80092E-1 4.93277E-1 4.4245E-1 5.12752E-1 4.86294E-1 4.84305E-1 7.40174E-1 7.30269E-1 -9999 5.2331E-1 4.78897E-1 4.31483E-1 4.45268E-1 3.97496E-1 3.87962E-1 3.73583E-1 3.4274E-1 3.57087E-1 3.67432E-1 3.82014E-1 3.65869E-1 3.76985E-1 3.48228E-1 3.23469E-1 3.3654E-1 3.59798E-1 3.96755E-1 3.91292E-1 4.05343E-1 3.33915E-1 3.17329E-1 4.09507E-1 4.59404E-1 4.04957E-1 3.84318E-1 2.89583E-1 2.23225E-1 2.90127E-1 2.739E-1 2.8237E-1 2.79268E-1 3.50372E-1 3.62577E-1 3.88385E-1 3.37654E-1 3.5004E-1 4.97034E-1 4.2893E-1 3.98223E-1 4.98142E-1 5.43078E-1 -9999 5.12256E-1 2.30383E-1 2.38393E-1 5.85929E-1 -9999 -9999 -9999 -9999 -9999 -9999 -9999 -9999
6.56136E-1 5.31986E-1 5.28714E-1 6.16767E-1 5.44195E-1 4.89427E-1 4.77731E-1 5.21582E-1 3.66292E-1 3.94284E-1 3.95921E-1 4.17066E-1 4.4933E-1 5.55985E-1 7.14414E-1 7.36347E-1 6.0022E-1 4.91788E-1 5.27535E-1 4.86199E-1 4.67652E-1 4.28416E-1 4.47083E-1 4.10211E-1 3.64119E-1 3.31514E-1 3.41562E-1 3.73429E-1 3.97194E-1 3.92784E-1 3.57119E-1 3.51938E-1 3.58742E-1 3.53571E-1 4.25724E-1 4.03419E-1 3.90627E-1 3.69169E-1 3.52413E-1 4.51286E-1 4.36924E-1 4.11303E-1 4.10311E-1 2.55213E-1 2.15239E-1 1.93257E-1 1.98332E-1 1.89041E-1 3.59926E-1 3.69111E-1 3.31172E-1 3.98717E-1 3.92249E-1 3.06369E-1 3.93684E-1 3.92348E-1 3.89419E-1 4.84069E-1 5.44631E-1 -9999 5.77679E-1 3.01612E-1 2.50245E-1 5.10584E-1 -9999 -9999 -9999 -9999 -9999 -9999 -9999 -9999
7.37409E-1 7.71843E-1 6.67611E-1 6.14002E-1 5.6936E-1 5.33606E-1 5.04403E-1 4.58242E-1 4.85486E-1 3.56001E-1 2.28598E-1 2.51875E-1 3.65279E-1 5.33429E-1 6.33E-1 6.81389E-1 7.544E-1 6.17481E-1 7.12076E-1 5.09917E-1 4.43212E-1 4.66176E-1 4.31023E-1 3.88768E-1 3.59107E-1 3.43329E-1 3.29226E-1 3.50836E-1 3.03948E-1 2.82195E-1 3.05509E-1 3.02378E-1 3.08483E-1 3.36986E-1 3.88809E-1 3.82597E-1 3.98599E-1 3.93086E-1 3.70061E-1 4.43544E-1 4.30941E-1 4.07857E-1 3.68337E-1 2.84744E-1 3.59826E-1 3.28845E-1 2.18279E-1 1.98879E-1 3.89545E-1 3.46439E-1 3.08019E-1 3.6238E-1 3.43663E-1 4.06225E-1 3.31318E-1 2.66006E-1 4.26992E-1 4.22862E-1 5.06342E-1 5.71988E-1 5.97427E-1 3.78395E-1 2.1943E-1 4.93811E-1 -9999 -9999 -9999 -9999 -9999 -9999 -9999 -9999
8.50437E-1 8.07223E-1 7.34938E-1 6.50132E-1 6.31127E-1 6.54107E-1 6.01004E-1 5.80594E-1 5.98467E-1 5.32406E-1 2.8488E-1 2.07923E-1 2.13934E-1 5.10039E-1 6.75447E-1 7.13241E-1 7.31115E-1 7.41997E-1 7.07614E-1 5.80459E-1 4.48593E-1 4.42274E-1 4.0846E-1 3.98607E-1 3.87665E-1 3.6957E-1 3.63236E-1 3.09202E-1 3.20516E-1 2.98681E-1 3.44456E-1 2.92043E-1 3.00084E-1 3.13685E-1 3.22661E-1 3.48563E-1 3.89665E-1 3.93884E-1 3.83393E-1 4.36185E-1 4.37551E-1 3.67931E-1 3.03928E-1 3.09495E-1 3.55876E-1 3.2926E-1 3.22177E-1 2.45342E-1 2.81706E-1 3.51811E-1 2.45502E-1 2.9325E-1 3.02532E-1 4.11973E-1 3.75164E-1 2.60192E-1 3.46293E-1 3.62654E-1 4.52341E-1 5.53379E-1 6.01406E-1 4.44412E-1 3.10056E-1 5.73559E-1 6.85907E-1 -9999 -9999 6.3824E-1 6.34256E-1 -9999 -9999 -9999
8.68273E-1 8.73553E-1 8.04301E-1 7.70295E-1 7.85315E-1 7.75119E-1 7.62945E-1 7.61194E-1 7.70736E-1 5.65354E-1 3.52871E-1 2.77701E-1 2.11288E-1 3.77695E-1 6.18765E-1 6.60695E-1 6.90915E-1 7.29402E-1 6.51729E-1 5.47868E-1 4.21498E-1 3.88432E-1 4.10841E-1 3.97039E-1 3.85545E-1 4.25373E-1 4.1848E-1 3.9319E-1 3.93871E-1 3.46546E-1 3.36086E-1 3.2354E-1 3.15705E-1 3.24547E-1 3.32145E-1 3.50966E-1 3.94885E-1 4.29347E-1 4.35184E-1 4.25265E-1 3.63365E-1 3.19377E-1 3.3177E-1 3.63459E-1 3.95796E-1 3.10675E-1 3.6169E-1 2.80771E-1 2.73474E-1 3.10664E-1 2.24961E-1 1.96229E-1 2.5023E-1 3.34673E-1 3.7153E-1 2.91331E-1 2.85672E-1 3.50064E-1 4.01383E-1 5.37966E-1 6.04019E-1 5.34456E-1 3.22741E-1 5.17667E-1 6.57271E-1 -9999 5.97938E-1 5.52198E-1 6.29449E-1 -9999 -9999 -9999
