Artocarpus altilis SDM files/Last interglacial/results (without the bias file)/Artalt_max.asc
ncols         1201
nrows         481
xllcorner     119.99986351115
yllcorner     -15.00013864885
cellsize      0.041666667
NODATA_value  -9999
[rows 256 to 287 of 481, columns 432 to 503 of 1201]
6.45927E-1 6.27297E-1 6.29551E-1 6.16883E-1 5.96978E-1 5.83896E-1 5.55326E-1 5.55242E-1 5.47997E-1 5.33366E-1 5.55915E-1 5.41669E-1 5.98442E-1 5.20298E-1 5.2848E-1 4.94639E-1 5.13376E-1 4.93984E-1 4.9831E-1 4.71712E-1 5.0655E-1 4.90586E-1 4.57056E-1 4.12083E-1 4.19669E-1 4.01652E-1 4.06752E-1 4.02064E-1 3.78465E-1 4.12582E-1 3.52002E-1 3.53476E-1 3.50506E-1 3.431E-1 3.59906E-1 3.28423E-1 3.28188E-1 3.29662E-1 3.21817E-1 2.88532E-1 3.36127E-1 3.1483E-1 2.86082E-1 3.00222E-1 3.3646E-1 3.154E-1 2.95748E-1 2.93583E-1 2.88693E-1 3.06054E-1 3.74769E-1 3.80461E-1 3.53798E-1 3.38347E-1 3.38148E-1 3.38781E-1 3.3269E-1 3.52066E-1 3.57754E-1 3.42974E-1 3.466E-1 3.7922E-1 3.76323E-1 3.77539E-1 3.87776E-1 4.23075E-1 4.08856E-1 3.82624E-1 4.06028E-1 4.37366E-1 4.36192E-1 4.07781E-1
6.56216E-1 5.99889E-1 6.33849E-1 6.35689E-1 6.25909E-1 6.21797E-1 5.93337E-1 5.50885E-1 5.32946E-1 5.46712E-1 5.30762E-1 5.32713E-1 5.44921E-1 5.04637E-1 5.13707E-1 4.91627E-1 5.2447E-1 4.86127E-1 4.95211E-1 5.0794E-1 4.30059E-1 4.35149E-1 4.29259E-1 4.16407E-1 4.01914E-1 4.07056E-1 4.01493E-1 3.80952E-1 3.60359E-1 3.8624E-1 3.58568E-1 3.55831E-1 3.59075E-1 3.53346E-1 3.52477E-1 3.69018E-1 3.3567E-1 3.45578E-1 3.22524E-1 3.26532E-1 3.45587E-1 3.43043E-1 3.14896E-1 3.17835E-1 3.21015E-1 3.15609E-1 3.25973E-1 3.19034E-1 3.18593E-1 3.11163E-1 3.40963E-1 3.42537E-1 3.28751E-1 3.39455E-1 3.43865E-1 3.44921E-1 3.51146E-1 3.4287E-1 3.47073E-1 3.59327E-1 3.55058E-1 3.50944E-1 3.78785E-1 3.7607E-1 3.6956E-1 3.89677E-1 3.60415E-1 3.69381E-1 4.28358E-1 4.40283E-1 4.32467E-1 4.1881E-1
-9999 6.19822E-1 6.57141E-1 6.57095E-1 5.96701E-1 5.48461E-1 5.23651E-1 5.39895E-1 5.57188E-1 5.64487E-1 4.82669E-1 5.52579E-1 5.34229E-1 5.13101E-1 5.24215E-1 4.56152E-1 4.50026E-1 4.60975E-1 4.67301E-1 4.69999E-1 4.15579E-1 4.65742E-1 4.02022E-1 4.06342E-1 4.17413E-1 4.04161E-1 3.86828E-1 3.65362E-1 3.39764E-1 3.64199E-1 3.68808E-1 3.60825E-1 3.32827E-1 3.32358E-1 3.33596E-1 3.52066E-1 3.37063E-1 3.25774E-1 3.29907E-1 2.8959E-1 3.12036E-1 3.4329E-1 3.21482E-1 3.12322E-1 3.18222E-1 3.04748E-1 2.97341E-1 3.21451E-1 2.845E-1 3.22295E-1 3.30222E-1 3.39414E-1 3.59694E-1 3.42009E-1 3.27478E-1 3.13581E-1 3.4789E-1 3.56651E-1 3.59577E-1 3.58914E-1 3.57346E-1 3.50145E-1 3.85728E-1 3.82367E-1 3.85289E-1 3.86363E-1 3.57981E-1 3.83369E-1 4.4065E-1 4.11288E-1 4.09563E-1 4.0061E-1
-9999 -9999 -9999 5.81602E-1 5.74099E-1 5.54915E-1 5.41475E-1 5.25722E-1 5.59486E-1 5.60199E-1 5.0843E-1 4.99443E-1 4.9546E-1 4.81571E-1 4.49996E-1 4.38292E-1 4.25407E-1 4.84435E-1 4.46413E-1 4.46122E-1 4.1186E-1 4.33343E-1 4.67379E-1 4.50582E-1 3.99343E-1 3.96001E-1 3.86903E-1 3.64454E-1 3.41317E-1 3.40149E-1 3.27882E-1 3.70463E-1 3.56023E-1 3.40896E-1 3.24326E-1 3.44349E-1 3.25438E-1 3.49096E-1 3.20657E-1 3.00885E-1 2.91685E-1 3.13296E-1 3.49341E-1 3.2541E-1 3.09561E-1 2.94193E-1 2.99805E-1 2.91857E-1 2.90816E-1 3.17098E-1 3.36471E-1 3.39354E-1 3.84517E-1 3.38526E-1 3.28281E-1 3.59871E-1 3.50096E-1 3.19804E-1 3.19881E-1 3.55947E-1 3.50152E-1 3.46358E-1 3.55244E-1 3.74671E-1 3.83303E-1 3.65813E-1 3.82338E-1 3.85637E-1 4.17682E-1 4.29413E-1 4.08081E-1 4.07166E-1
-9999 -9999 -9999 5.59943E-1 5.67145E-1 5.56413E-1 5.50858E-1 5.43148E-1 5.30859E-1 5.42093E-1 4.73293E-1 4.74963E-1 4.77476E-1 4.70098E-1 4.46431E-1 4.49445E-1 4.63932E-1 4.63966E-1 4.62507E-1 4.49159E-1 4.50032E-1 4.12981E-1 4.13058E-1 4.37559E-1 4.00107E-1 3.78389E-1 3.6969E-1 3.67958E-1 3.66116E-1 3.63296E-1 3.44667E-1 3.47852E-1 3.55401E-1 3.41397E-1 3.48251E-1 3.31097E-1 3.39113E-1 3.29947E-1 3.33196E-1 3.08604E-1 2.87067E-1 2.88672E-1 3.31061E-1 3.16062E-1 3.46881E-1 3.02068E-1 3.2368E-1 3.27824E-1 3.03983E-1 2.99057E-1 3.25758E-1 3.32728E-1 3.26269E-1 3.50259E-1 3.53837E-1 3.47908E-1 3.49925E-1 3.53474E-1 3.47914E-1 3.51588E-1 3.63652E-1 3.56482E-1 3.5707E-1 3.573E-1 3.75451E-1 3.67015E-1 3.65297E-1 3.67549E-1 3.9693E-1 4.02587E-1 4.11255E-1 3.83303E-1
-9999 -9999 -9999 -9999 -9999 5.62136E-1 5.54058E-1 5.36824E-1 5.27016E-1 4.80273E-1 4.98884E-1 4.89329E-1 4.74859E-1 4.71523E-1 4.65483E-1 4.9297E-1 4.56995E-1 4.55389E-1 4.42699E-1 4.31486E-1 4.29691E-1 4.56E-1 4.15858E-1 4.51782E-1 3.99972E-1 3.79462E-1 3.79981E-1 3.67435E-1 3.66432E-1 3.67749E-1 3.47756E-1 3.23417E-1 3.16503E-1 3.51031E-1 3.48797E-1 3.49227E-1 3.51173E-1 3.35713E-1 3.19842E-1 3.06203E-1 3.09112E-1 3.06953E-1 3.07427E-1 3.02419E-1 3.34176E-1 3.11308E-1 3.29258E-1 3.45406E-1 3.27597E-1 2.96516E-1 2.99426E-1 2.97939E-1 3.33329E-1 3.46923E-1 3.61051E-1 3.5301E-1 3.24445E-1 3.56381E-1 3.53729E-1 3.5303E-1 3.58296E-1 3.66594E-1 3.64368E-1 3.57314E-1 4.07202E-1 3.7819E-1 3.63254E-1 3.64517E-1 4.00502E-1 4.00255E-1 3.8875E-1 3.86416E-1
-9999 -9999 -9999 -9999 -9999 5.78842E-1 5.44697E-1 4.99556E-1 4.89548E-1 4.8494E-1 4.76372E-1 4.77586E-1 4.61417E-1 4.83185E-1 4.41809E-1 4.74066E-1 4.25232E-1 4.56375E-1 4.58815E-1 4.83924E-1 4.33327E-1 4.35768E-1 3.99363E-1 3.97758E-1 3.84798E-1 3.82704E-1 3.82012E-1 3.50257E-1 3.69526E-1 3.72586E-1 3.49302E-1 3.46833E-1 3.22719E-1 3.6774E-1 3.40961E-1 3.30752E-1 3.34607E-1 3.52236E-1 3.14137E-1 3.14982E-1 3.13884E-1 3.15689E-1 3.14619E-1 3.11459E-1 3.35742E-1 3.4895E-1 3.48857E-1 3.28259E-1 3.43948E-1 3.22464E-1 3.13814E-1 3.19791E-1 3.12476E-1 3.18714E-1 3.48808E-1 3.70385E-1 3.5538E-1 3.59055E-1 3.54005E-1 3.64182E-1 3.64104E-1 3.75035E-1 3.654E-1 3.69161E-1 3.83042E-1 3.6891E-1 3.31162E-1 3.68003E-1 3.7617E-1 3.69027E-1 3.88347E-1 3.77242E-1
-9999 -9999 -9999 -9999 -9999 5.65807E-1 5.44368E-1 5.22173E-1 5.12148E-1 4.96818E-1 4.89392E-1 4.82266E-1 4.73841E-1 4.69866E-1 4.56145E-1 4.66723E-1 4.52374E-1 4.61091E-1 4.37821E-1 4.59835E-1 4.614E-1 4.14182E-1 3.997E-1 3.95057E-1 3.66486E-1 3.88656E-1 3.64876E-1 3.65458E-1 3.55127E-1 3.50654E-1 3.52349E-1 3.33139E-1 3.1286E-1 3.71158E-1 3.4548E-1 3.34148E-1 3.36394E-1 3.15892E-1 3.13239E-1 3.28792E-1 3.14382E-1 3.14094E-1 3.18739E-1 3.27187E-1 3.12364E-1 3.47432E-1 3.30673E-1 3.45681E-1 3.43476E-1 3.40047E-1 3.21981E-1 3.04083E-1 3.00644E-1 3.2609E-1 3.55292E-1 3.64252E-1 3.62147E-1 3.57833E-1 3.31027E-1 3.68474E-1 3.78429E-1 3.67949E-1 3.35661E-1 3.77253E-1 3.72294E-1 3.70132E-1 3.37741E-1 3.35107E-1 3.74243E-1 3.75485E-1 3.85629E-1 3.9253E-1
-9999 -9999 -9999 -9999 -9999 -9999 5.75852E-1 5.63788E-1 5.19366E-1 5.18912E-1 5.09775E-1 4.95924E-1 5.33884E-1 4.7291E-1 4.81551E-1 4.66964E-1 4.66839E-1 4.54933E-1 4.44809E-1 4.43189E-1 4.65095E-1 4.30404E-1 4.52252E-1 3.99947E-1 3.98922E-1 3.93192E-1 3.66339E-1 3.66083E-1 3.65311E-1 3.5102E-1 3.73151E-1 3.34195E-1 3.26103E-1 3.53567E-1 3.39877E-1 3.37519E-1 3.49712E-1 3.17965E-1 3.34009E-1 3.2905E-1 3.27201E-1 3.26913E-1 3.2879E-1 3.30853E-1 3.2351E-1 3.15273E-1 3.31816E-1 3.48136E-1 3.49052E-1 3.48341E-1 3.42379E-1 3.39371E-1 3.57605E-1 3.61397E-1 3.88628E-1 3.67163E-1 3.60356E-1 3.34575E-1 3.49019E-1 3.75321E-1 3.7828E-1 3.60854E-1 3.37151E-1 3.70561E-1 3.81538E-1 3.68581E-1 3.4241E-1 3.47051E-1 3.48087E-1 3.93822E-1 3.84283E-1 3.8691E-1
-9999 -9999 -9999 -9999 -9999 -9999 -9999 6.01604E-1 5.49577E-1 5.2457E-1 5.07499E-1 4.99903E-1 5.35899E-1 4.96146E-1 4.96753E-1 4.81002E-1 4.69872E-1 4.69117E-1 4.46535E-1 4.47136E-1 4.33726E-1 4.07192E-1 3.97973E-1 3.97645E-1 3.81963E-1 3.80752E-1 3.71892E-1 3.67299E-1 3.70014E-1 3.57808E-1 3.70918E-1 3.35687E-1 3.33726E-1 3.61128E-1 3.41092E-1 3.40738E-1 3.51884E-1 3.33556E-1 3.36015E-1 3.18758E-1 3.35763E-1 3.29263E-1 3.29037E-1 3.32319E-1 3.29504E-1 3.27526E-1 3.32379E-1 3.54445E-1 3.49923E-1 3.492E-1 3.23308E-1 3.40915E-1 3.78509E-1 3.82003E-1 3.65538E-1 3.64529E-1 3.61048E-1 3.39701E-1 3.651E-1 3.6716E-1 3.68815E-1 3.44478E-1 3.48861E-1 3.72441E-1 3.87362E-1 3.77869E-1 3.45647E-1 3.44991E-1 3.56274E-1 4.00555E-1 3.88587E-1 3.84056E-1
-9999 -9999 -9999 -9999 -9999 -9999 -9999 6.09577E-1 5.95641E-1 5.70411E-1 5.57866E-1 5.61085E-1 5.51434E-1 5.12896E-1 5.02103E-1 4.97507E-1 4.72388E-1 4.71726E-1 4.60466E-1 4.47549E-1 4.34569E-1 4.30804E-1 3.98744E-1 3.98757E-1 3.83238E-1 3.92741E-1 3.86026E-1 3.73204E-1 3.74699E-1 3.60808E-1 3.69436E-1 3.61813E-1 3.38006E-1 3.4289E-1 3.49317E-1 3.73779E-1 3.63781E-1 3.35753E-1 3.37633E-1 3.396E-1 3.38994E-1 3.3469E-1 3.35149E-1 3.32822E-1 3.31813E-1 3.29895E-1 3.38048E-1 3.56349E-1 3.68315E-1 3.46587E-1 3.13266E-1 3.46808E-1 3.67018E-1 3.55513E-1 3.73687E-1 3.67358E-1 3.60075E-1 3.40486E-1 3.49008E-1 3.837E-1 3.71632E-1 3.50042E-1 3.50115E-1 3.55216E-1 3.87241E-1 3.81829E-1 3.44478E-1 3.59925E-1 3.64405E-1 3.99581E-1 4.21186E-1 3.8263E-1
-9999 -9999 -9999 -9999 -9999 -9999 -9999 -9999 6.25473E-1 6.11345E-1 5.7004E-1 5.59504E-1 5.67247E-1 5.50146E-1 5.42353E-1 5.3067E-1 5.11467E-1 4.76293E-1 4.65831E-1 4.64056E-1 4.88182E-1 4.37187E-1 4.12968E-1 4.06627E-1 3.87577E-1 3.84351E-1 3.88401E-1 3.92568E-1 3.81022E-1 3.89357E-1 3.78519E-1 3.70053E-1 3.71214E-1 3.45773E-1 3.52254E-1 3.78126E-1 3.8852E-1 3.42308E-1 3.65081E-1 3.30046E-1 3.69963E-1 3.39568E-1 3.28114E-1 3.41381E-1 3.30578E-1 3.33928E-1 3.47282E-1 3.77352E-1 3.79465E-1 3.48345E-1 3.38986E-1 3.44168E-1 3.46434E-1 3.35237E-1 3.55199E-1 3.73007E-1 3.61195E-1 3.43966E-1 3.89397E-1 4.05201E-1 3.7449E-1 3.858E-1 3.51822E-1 3.58487E-1 3.8155E-1 3.63023E-1 3.49822E-1 3.86922E-1 3.86771E-1 4.24014E-1 4.05822E-1 3.87336E-1
-9999 -9999 -9999 -9999 -9999 -9999 -9999 -9999 6.90631E-1 6.72664E-1 5.91973E-1 5.54471E-1 5.68316E-1 5.58819E-1 5.41474E-1 5.28944E-1 4.88382E-1 4.82294E-1 4.75732E-1 4.69922E-1 4.52876E-1 4.53584E-1 4.53265E-1 4.35588E-1 4.268E-1 4.00757E-1 3.90483E-1 4.27517E-1 4.06962E-1 4.25486E-1 4.05037E-1 3.79075E-1 3.78171E-1 3.82044E-1 3.616E-1 3.84086E-1 3.99656E-1 3.44068E-1 3.64135E-1 3.5023E-1 3.75016E-1 3.46416E-1 3.40032E-1 3.38689E-1 3.69368E-1 3.40447E-1 3.77921E-1 3.85588E-1 3.83606E-1 3.55013E-1 3.28175E-1 3.38715E-1 3.407E-1 3.49069E-1 3.82692E-1 4.00698E-1 3.66314E-1 3.56369E-1 3.89511E-1 3.80253E-1 3.93204E-1 4.09172E-1 3.51756E-1 3.66852E-1 3.61633E-1 3.92844E-1 3.52994E-1 4.23238E-1 4.15389E-1 4.15806E-1 3.89232E-1 3.87459E-1
-9999 -9999 -9999 -9999 -9999 -9999 -9999 -9999 7.171E-1 7.17839E-1 6.10034E-1 6.02965E-1 5.98401E-1 5.57795E-1 5.48595E-1 5.47675E-1 5.19904E-1 5.20478E-1 5.09013E-1 5.02499E-1 4.79442E-1 4.60423E-1 4.65035E-1 4.53267E-1 4.42593E-1 4.44649E-1 4.08907E-1 4.32953E-1 4.33132E-1 4.21107E-1 4.05982E-1 3.91939E-1 4.09851E-1 4.17333E-1 3.85973E-1 4.09163E-1 4.44659E-1 3.99254E-1 3.70266E-1 3.46732E-1 3.79828E-1 3.76762E-1 3.69856E-1 3.50454E-1 3.66525E-1 3.83887E-1 4.23788E-1 4.16634E-1 4.20953E-1 3.77567E-1 3.4911E-1 3.46545E-1 3.44389E-1 3.52527E-1 3.9167E-1 4.04623E-1 3.5734E-1 3.97931E-1 4.09922E-1 4.16005E-1 4.48644E-1 4.13867E-1 3.91153E-1 3.54476E-1 3.73581E-1 3.92252E-1 4.25666E-1 4.3444E-1 4.29787E-1 3.84187E-1 3.93167E-1 3.97346E-1
-9999 -9999 -9999 -9999 -9999 -9999 -9999 -9999 7.34019E-1 7.25753E-1 7.00968E-1 6.72091E-1 6.40532E-1 6.27713E-1 6.15493E-1 6.01078E-1 5.59937E-1 5.24054E-1 5.75956E-1 5.338E-1 4.94471E-1 4.99564E-1 5.46416E-1 4.97174E-1 4.6801E-1 4.75467E-1 4.47551E-1 4.44192E-1 4.91032E-1 4.50829E-1 4.30368E-1 4.41033E-1 4.76039E-1 4.50502E-1 4.03687E-1 4.00753E-1 4.39799E-1 4.36346E-1 3.78365E-1 4.27106E-1 4.62671E-1 4.35187E-1 4.05953E-1 3.52109E-1 3.91032E-1 4.61318E-1 4.45515E-1 4.21436E-1 4.17635E-1 3.83947E-1 3.57241E-1 3.43071E-1 3.50365E-1 3.52177E-1 3.62744E-1 4.18912E-1 3.84434E-1 4.4674E-1 4.39118E-1 4.72888E-1 4.65868E-1 3.96298E-1 3.91213E-1 3.63675E-1 3.78012E-1 3.926E-1 4.56089E-1 4.47055E-1 4.39115E-1 3.82706E-1 3.94704E-1 3.96142E-1
-9999 -9999 -9999 -9999 -9999 -9999 -9999 -9999 7.35528E-1 7.32978E-1 7.26072E-1 6.88006E-1 6.40947E-1 6.28216E-1 6.15161E-1 5.71758E-1 5.62115E-1 5.50978E-1 6.03491E-1 5.50525E-1 5.06768E-1 5.50706E-1 5.34302E-1 5.25503E-1 5.3039E-1 5.0505E-1 4.84666E-1 5.47037E-1 5.27005E-1 5.31534E-1 4.8599E-1 4.48464E-1 5.10786E-1 4.93316E-1 4.55027E-1 4.10091E-1 4.4162E-1 4.84753E-1 4.13409E-1 4.61776E-1 4.39558E-1 4.47895E-1 4.02035E-1 3.8224E-1 4.23985E-1 4.63855E-1 4.6134E-1 4.26619E-1 4.00903E-1 4.01741E-1 4.20754E-1 3.82496E-1 3.84687E-1 3.84559E-1 3.93761E-1 4.49738E-1 4.11599E-1 4.75706E-1 4.75718E-1 4.62071E-1 4.04527E-1 3.83559E-1 3.94269E-1 3.88844E-1 3.97549E-1 4.31074E-1 4.57369E-1 4.90082E-1 4.48286E-1 3.87201E-1 4.01667E-1 4.32791E-1
-9999 -9999 -9999 -9999 -9999 -9999 -9999 -9999 -9999 7.36642E-1 7.28369E-1 7.65547E-1 7.42054E-1 6.93259E-1 6.21465E-1 6.16599E-1 5.86854E-1 6.19271E-1 6.74642E-1 6.52221E-1 5.84128E-1 5.9822E-1 6.48269E-1 5.78207E-1 5.29229E-1 5.25773E-1 5.27914E-1 6.15956E-1 5.45967E-1 5.368E-1 5.29115E-1 4.75834E-1 5.19207E-1 5.95623E-1 4.8814E-1 4.27456E-1 4.52867E-1 4.93135E-1 4.55316E-1 5.58715E-1 5.87649E-1 4.85616E-1 4.12122E-1 3.99707E-1 4.55738E-1 5.33257E-1 5.00724E-1 4.97045E-1 4.38504E-1 4.37897E-1 4.74356E-1 4.61218E-1 3.76495E-1 3.80119E-1 3.91875E-1 4.6356E-1 5.0938E-1 5.02783E-1 4.69316E-1 4.41568E-1 3.96378E-1 4.25491E-1 3.93289E-1 4.2573E-1 4.32892E-1 4.95513E-1 5.18654E-1 4.81746E-1 4.23371E-1 4.22126E-1 4.2752E-1 4.76761E-1
-9999 -9999 -9999 -9999 -9999 -9999 -9999 -9999 -9999 7.55281E-1 7.76753E-1 7.56476E-1 7.53621E-1 7.65446E-1 7.49919E-1 7.52527E-1 7.48614E-1 7.37368E-1 7.44834E-1 7.22459E-1 6.33151E-1 5.93491E-1 6.52771E-1 6.4009E-1 5.83141E-1 5.80112E-1 6.24802E-1 6.40547E-1 6.7648E-1 5.50393E-1 6.05224E-1 5.0805E-1 5.22552E-1 6.04162E-1 5.02893E-1 4.75097E-1 4.60498E-1 5.47788E-1 5.33886E-1 6.35387E-1 6.17928E-1 4.89893E-1 4.39594E-1 4.21952E-1 5.51338E-1 5.87219E-1 5.07522E-1 4.9465E-1 4.69325E-1 4.72039E-1 4.64863E-1 4.31044E-1 4.16971E-1 4.1254E-1 4.16387E-1 4.38227E-1 5.49496E-1 4.82082E-1 5.52177E-1 4.75697E-1 4.29483E-1 4.53225E-1 4.18388E-1 4.33136E-1 4.65908E-1 5.48917E-1 5.06161E-1 5.11836E-1 4.61345E-1 4.34933E-1 4.69141E-1 5.37005E-1
-9999 -9999 -9999 -9999 -9999 -9999 -9999 -9999 -9999 -9999 7.78745E-1 7.75924E-1 7.88156E-1 7.8122E-1 7.62227E-1 7.81371E-1 7.7845E-1 7.67604E-1 7.76113E-1 7.38386E-1 6.67816E-1 6.56202E-1 6.75181E-1 6.57493E-1 6.35966E-1 7.06474E-1 7.0411E-1 7.03746E-1 7.10101E-1 6.18974E-1 5.54624E-1 5.58572E-1 5.60547E-1 6.75481E-1 6.02653E-1 5.03732E-1 4.88869E-1 5.50699E-1 6.7103E-1 6.33469E-1 6.11554E-1 4.81515E-1 4.50327E-1 4.57882E-1 6.03435E-1 5.97409E-1 5.58239E-1 5.48196E-1 4.6967E-1 4.50037E-1 4.81375E-1 4.77984E-1 4.7259E-1 4.14611E-1 4.02488E-1 4.33958E-1 5.31498E-1 6.12152E-1 6.01957E-1 4.52558E-1 4.34975E-1 4.9186E-1 4.55075E-1 4.7217E-1 5.59979E-1 5.91068E-1 5.76638E-1 5.1254E-1 4.55922E-1 4.57392E-1 4.95692E-1 5.69592E-1
-9999 -9999 -9999 -9999 -9999 -9999 -9999 -9999 -9999 -9999 -9999 7.90073E-1 7.78547E-1 7.82434E-1 7.87055E-1 7.69589E-1 7.91347E-1 7.6974E-1 7.62036E-1 7.65876E-1 7.63255E-1 7.43843E-1 7.5352E-1 7.37648E-1 7.26104E-1 7.23203E-1 7.10927E-1 7.11385E-1 7.0733E-1 6.91794E-1 6.78963E-1 5.7186E-1 6.7647E-1 6.65721E-1 6.06185E-1 5.30658E-1 5.66457E-1 6.88996E-1 6.2488E-1 6.26648E-1 5.99436E-1 4.6493E-1 4.9714E-1 5.74716E-1 6.39985E-1 6.2058E-1 6.44382E-1 6.06681E-1 5.52511E-1 4.90354E-1 5.22104E-1 5.95602E-1 5.1718E-1 4.79638E-1 4.6115E-1 4.7077E-1 5.75063E-1 6.04023E-1 5.864E-1 4.55669E-1 4.71299E-1 5.05956E-1 5.01631E-1 6.04242E-1 6.07305E-1 6.03552E-1 5.4356E-1 4.93753E-1 5.21492E-1 4.70162E-1 5.38053E-1 6.21386E-1
-9999 -9999 -9999 -9999 -9999 -9999 -9999 -9999 -9999 -9999 -9999 -9999 7.94047E-1 7.68225E-1 7.6706E-1 7.71095E-1 7.93028E-1 7.88754E-1 7.81501E-1 7.75859E-1 7.49129E-1 7.4909E-1 7.39704E-1 7.4667E-1 7.17367E-1 7.1457E-1 7.37829E-1 7.12038E-1 7.04223E-1 6.95163E-1 5.82557E-1 5.82281E-1 7.07472E-1 6.62714E-1 5.77638E-1 6.78356E-1 6.8834E-1 6.54574E-1 6.14122E-1 6.52248E-1 5.34752E-1 5.0271E-1 5.84849E-1 6.38524E-1 6.34692E-1 6.48083E-1 6.35514E-1 6.53782E-1 6.23378E-1 5.63231E-1 5.22375E-1 6.05488E-1 5.47534E-1 5.56874E-1 4.83097E-1 4.93812E-1 5.73921E-1 6.04151E-1 5.57392E-1 4.90174E-1 5.05493E-1 6.22933E-1 6.19005E-1 5.8807E-1 5.81833E-1 5.94026E-1 5.44912E-1 4.9311E-1 5.23378E-1 5.03641E-1 5.83869E-1 6.17637E-1
-9999 -9999 -9999 -9999 -9999 -9999 -9999 -9999 -9999 -9999 -9999 -9999 -9999 7.77006E-1 7.72209E-1 7.85532E-1 7.6539E-1 7.79057E-1 7.80734E-1 7.73865E-1 7.70715E-1 7.49253E-1 7.31515E-1 7.46867E-1 7.27191E-1 7.10028E-1 7.2945E-1 7.00133E-1 6.78426E-1 7.0764E-1 7.16977E-1 7.32495E-1 7.12657E-1 7.02277E-1 6.92244E-1 6.91686E-1 6.64446E-1 6.07804E-1 6.37289E-1 6.6688E-1 5.44036E-1 6.43166E-1 6.4726E-1 6.06984E-1 6.23394E-1 6.49138E-1 6.2862E-1 6.65569E-1 6.53054E-1 6.22364E-1 6.24116E-1 5.69136E-1 6.38491E-1 6.19808E-1 5.14296E-1 4.98913E-1 5.88942E-1 6.27365E-1 6.14155E-1 6.13064E-1 6.43292E-1 5.94849E-1 5.67494E-1 5.91391E-1 5.87708E-1 5.91218E-1 5.57348E-1 5.60145E-1 6.15953E-1 6.18867E-1 6.31312E-1 5.83081E-1
-9999 -9999 -9999 -9999 -9999 -9999 -9999 -9999 -9999 -9999 -9999 -9999 -9999 -9999 7.81657E-1 7.9092E-1 7.89137E-1 7.74021E-1 7.84096E-1 7.59044E-1 7.68323E-1 7.44469E-1 7.19041E-1 7.16933E-1 7.1769E-1 7.33538E-1 7.29772E-1 6.98132E-1 6.91835E-1 6.88482E-1 7.2655E-1 7.32973E-1 7.22384E-1 6.83962E-1 6.49091E-1 6.68734E-1 6.07699E-1 6.39227E-1 6.79039E-1 6.89135E-1 6.81902E-1 6.51994E-1 6.18419E-1 5.8935E-1 6.11787E-1 6.46541E-1 6.47152E-1 6.54108E-1 6.31369E-1 6.63132E-1 5.84702E-1 6.40104E-1 6.10628E-1 6.1275E-1 6.27338E-1 5.44472E-1 6.62088E-1 6.22885E-1 5.84199E-1 6.01484E-1 5.72849E-1 6.06481E-1 5.80324E-1 6.00814E-1 6.0177E-1 6.09429E-1 5.64904E-1 5.67719E-1 5.80115E-1 6.31597E-1 5.74894E-1 5.50171E-1
-9999 -9999 -9999 -9999 -9999 -9999 -9999 -9999 -9999 -9999 -9999 -9999 -9999 -9999 -9999 7.84603E-1 7.72012E-1 7.82004E-1 7.70628E-1 7.54844E-1 7.56581E-1 7.38449E-1 7.36235E-1 7.33514E-1 7.19815E-1 7.27604E-1 6.92214E-1 6.82325E-1 6.64663E-1 6.8235E-1 7.24588E-1 7.31368E-1 7.35375E-1 6.82085E-1 6.56783E-1 6.52888E-1 6.50377E-1 6.78143E-1 6.96365E-1 6.75488E-1 6.4291E-1 5.97972E-1 5.95681E-1 5.99282E-1 6.65751E-1 6.68304E-1 6.33673E-1 6.22941E-1 6.20654E-1 6.49346E-1 6.49014E-1 6.71981E-1 5.89612E-1 6.58744E-1 6.57205E-1 5.73723E-1 6.57887E-1 5.98985E-1 5.586E-1 5.57632E-1 6.0533E-1 6.20902E-1 5.7614E-1 6.02872E-1 6.13012E-1 6.27E-1 6.51253E-1 6.42972E-1 6.43068E-1 6.04782E-1 5.65621E-1 5.3344E-1
-9999 -9999 -9999 -9999 -9999 -9999 -9999 -9999 -9999 -9999 -9999 -9999 -9999 -9999 7.68484E-1 7.62915E-1 7.45541E-1 7.6279E-1 7.56168E-1 7.39994E-1 7.39185E-1 7.18852E-1 7.36295E-1 7.32188E-1 7.35591E-1 7.10952E-1 6.74986E-1 6.71857E-1 6.67464E-1 6.85436E-1 7.07382E-1 7.24451E-1 6.82849E-1 6.71207E-1 6.79193E-1 6.23103E-1 6.66165E-1 6.79233E-1 6.44685E-1 6.25385E-1 5.95247E-1 5.74128E-1 5.78724E-1 5.97576E-1 6.37393E-1 6.56575E-1 6.48424E-1 6.01159E-1 6.07512E-1 6.29568E-1 6.50558E-1 6.78834E-1 6.14843E-1 6.48589E-1 6.46834E-1 6.72823E-1 6.41609E-1 5.96027E-1 5.44968E-1 5.6883E-1 6.04408E-1 6.28291E-1 5.70239E-1 6.15639E-1 6.37011E-1 6.53255E-1 6.35708E-1 6.41554E-1 6.39659E-1 5.83578E-1 5.38382E-1 5.34604E-1
-9999 -9999 -9999 -9999 -9999 -9999 -9999 -9999 -9999 -9999 -9999 -9999 -9999 -9999 -9999 7.64788E-1 7.61866E-1 7.46401E-1 7.36911E-1 7.37393E-1 7.40303E-1 7.2691E-1 7.25548E-1 7.21582E-1 6.94205E-1 6.82433E-1 6.43664E-1 6.62671E-1 6.65746E-1 6.95087E-1 6.93097E-1 7.28557E-1 6.74216E-1 6.6791E-1 6.44334E-1 6.3045E-1 6.29014E-1 6.22572E-1 6.26686E-1 5.72258E-1 5.60545E-1 5.58933E-1 5.89519E-1 6.17266E-1 6.72227E-1 6.70585E-1 6.44682E-1 5.92679E-1 5.66215E-1 6.12813E-1 6.40606E-1 6.68441E-1 6.34642E-1 6.26476E-1 6.70703E-1 6.3206E-1 5.97081E-1 5.60315E-1 5.31654E-1 5.92009E-1 5.95706E-1 6.36634E-1 5.71909E-1 6.09306E-1 6.56406E-1 6.47379E-1 6.31047E-1 6.20693E-1 6.25204E-1 5.80371E-1 5.38528E-1 5.67462E-1
-9999 -9999 -9999 -9999 -9999 -9999 -9999 -9999 -9999 -9999 -9999 -9999 -9999 -9999 7.61122E-1 7.61855E-1 7.52834E-1 7.65533E-1 7.50917E-1 7.25409E-1 7.40397E-1 7.22963E-1 7.2442E-1 6.99853E-1 6.94063E-1 6.5493E-1 6.45329E-1 6.74137E-1 6.80017E-1 7.09874E-1 6.78249E-1 7.17298E-1 6.62348E-1 6.85045E-1 6.50049E-1 6.07347E-1 6.19631E-1 5.92839E-1 6.06796E-1 5.59361E-1 5.76316E-1 6.02775E-1 6.20083E-1 6.13328E-1 6.31422E-1 6.47193E-1 6.33354E-1 5.82106E-1 5.99315E-1 6.11669E-1 6.76372E-1 6.54533E-1 6.39851E-1 6.53946E-1 6.49619E-1 5.94149E-1 5.55436E-1 5.52825E-1 5.72768E-1 6.07083E-1 6.13378E-1 6.03168E-1 5.88296E-1 5.88249E-1 6.13399E-1 5.92221E-1 5.76795E-1 5.98048E-1 6.16269E-1 6.02909E-1 5.47684E-1 5.62305E-1
-9999 -9999 -9999 -9999 -9999 -9999 -9999 -9999 -9999 -9999 -9999 -9999 -9999 7.70443E-1 7.59302E-1 7.6385E-1 7.44809E-1 7.55123E-1 7.4338E-1 7.14948E-1 7.38617E-1 7.21635E-1 7.17084E-1 7.01389E-1 6.56423E-1 6.63559E-1 6.415E-1 6.82199E-1 7.02882E-1 6.82282E-1 6.8366E-1 6.83787E-1 6.67349E-1 6.59929E-1 6.05416E-1 6.09633E-1 6.18208E-1 5.8066E-1 5.75408E-1 5.48077E-1 5.86157E-1 6.17628E-1 6.13823E-1 6.28667E-1 6.56921E-1 6.47527E-1 6.16336E-1 5.47425E-1 6.04781E-1 6.04727E-1 6.50581E-1 6.79011E-1 6.54195E-1 6.26305E-1 6.12834E-1 5.54534E-1 5.47787E-1 5.35552E-1 5.55584E-1 6.09661E-1 5.98721E-1 5.9632E-1 5.6995E-1 5.7902E-1 5.87462E-1 5.50789E-1 5.73688E-1 5.66686E-1 6.07869E-1 5.86871E-1 5.69107E-1 5.51306E-1
-9999 -9999 -9999 -9999 -9999 -9999 -9999 -9999 -9999 -9999 -9999 -9999 -9999 -9999 7.73271E-1 7.37704E-1 7.32426E-1 7.52629E-1 7.54116E-1 7.45279E-1 7.28898E-1 7.43491E-1 7.08632E-1 7.14061E-1 6.91645E-1 6.60355E-1 6.73808E-1 6.86788E-1 6.85494E-1 6.62052E-1 6.82698E-1 6.83666E-1 6.4666E-1 6.06459E-1 5.98916E-1 6.00959E-1 5.9056E-1 5.66786E-1 5.74502E-1 5.80218E-1 5.81407E-1 6.10459E-1 6.35429E-1 6.33573E-1 6.55413E-1 6.32977E-1 5.65064E-1 5.59754E-1 5.81599E-1 6.06934E-1 6.35079E-1 6.56009E-1 6.14698E-1 5.90866E-1 5.53443E-1 5.38764E-1 5.37584E-1 5.1897E-1 5.56709E-1 5.78962E-1 5.8793E-1 5.68018E-1 5.4989E-1 5.68465E-1 5.87121E-1 5.62892E-1 5.55565E-1 5.67069E-1 6.02687E-1 5.87629E-1 5.70789E-1 5.63374E-1
-9999 -9999 -9999 -9999 -9999 -9999 -9999 -9999 -9999 -9999 -9999 -9999 -9999 -9999 -9999 7.42535E-1 7.31732E-1 7.58627E-1 7.49604E-1 7.33219E-1 7.3681E-1 6.95746E-1 7.04674E-1 6.98558E-1 6.84242E-1 6.63441E-1 6.63014E-1 6.54148E-1 6.61123E-1 6.46769E-1 6.72108E-1 6.6695E-1 6.22851E-1 5.97096E-1 5.95163E-1 5.61165E-1 5.67617E-1 5.75646E-1 6.00046E-1 5.82322E-1 5.76333E-1 5.97959E-1 6.18017E-1 6.27096E-1 6.14257E-1 5.72239E-1 5.39178E-1 5.431E-1 5.792E-1 6.19434E-1 6.46695E-1 6.3393E-1 5.94056E-1 5.43159E-1 5.18983E-1 5.2751E-1 5.06206E-1 5.19339E-1 5.59767E-1 5.86816E-1 5.93636E-1 5.85546E-1 5.63617E-1 5.71642E-1 5.50506E-1 5.41574E-1 5.38086E-1 5.58893E-1 5.91765E-1 5.90172E-1 5.76778E-1 5.78368E-1
-9999 -9999 -9999 -9999 -9999 -9999 -9999 -9999 -9999 -9999 -9999 -9999 7.62095E-1 7.39208E-1 7.48823E-1 7.45645E-1 7.34404E-1 7.26265E-1 7.18036E-1 7.28655E-1 7.06794E-1 6.87023E-1 6.89168E-1 6.71329E-1 6.83351E-1 6.65864E-1 6.46694E-1 6.5825E-1 6.36644E-1 6.36109E-1 6.47597E-1 6.41219E-1 6.14498E-1 6.0439E-1 5.56546E-1 5.82864E-1 5.90464E-1 5.85459E-1 6.13599E-1 6.00041E-1 5.73916E-1 5.75519E-1 6.19361E-1 6.16915E-1 6.11899E-1 5.43264E-1 5.55117E-1 5.31775E-1 5.86393E-1 6.29499E-1 6.19331E-1 6.08471E-1 5.95816E-1 5.33885E-1 5.09797E-1 5.42285E-1 5.10357E-1 5.27742E-1 5.42267E-1 5.3896E-1 5.83858E-1 5.85867E-1 5.55966E-1 5.33665E-1 5.41235E-1 5.24453E-1 5.49582E-1 5.47612E-1 5.69517E-1 5.38583E-1 5.52888E-1 5.54845E-1
-9999 -9999 -9999 -9999 -9999 -9999 -9999 -9999 -9999 -9999 -9999 -9999 7.62427E-1 7.41986E-1 7.60563E-1 7.38579E-1 7.41361E-1 7.15521E-1 7.04559E-1 6.93918E-1 6.92211E-1 6.66575E-1 6.72931E-1 6.63353E-1 6.61839E-1 6.70657E-1 6.45161E-1 6.59989E-1 6.48674E-1 6.49706E-1 6.45565E-1 6.4646E-1 5.98262E-1 5.6251E-1 5.66475E-1 5.90282E-1 5.93826E-1 6.10687E-1 5.94411E-1 5.87145E-1 5.45402E-1 5.82485E-1 6.21163E-1 6.14243E-1 5.5003E-1 5.34647E-1 5.25153E-1 5.34853E-1 5.83896E-1 6.10002E-1 6.0615E-1 5.80901E-1 5.89494E-1 5.42664E-1 4.76827E-1 5.16214E-1 5.46173E-1 5.48864E-1 5.62752E-1 5.54377E-1 5.94822E-1 5.85596E-1 5.44676E-1 5.47693E-1 5.41875E-1 5.30303E-1 5.38533E-1 5.45947E-1 5.64113E-1 5.40954E-1 5.36505E-1 5.59365E-1
