Artocarpus altilis SDM files/Last interglacial/results (without the bias file)/Artalt_8.asc
ncols         1201
nrows         481
xllcorner     119.99986351115
yllcorner     -15.00013864885
cellsize      0.041666667
NODATA_value  -9999
[rows 128 to 159 of 481, columns 0 to 71 of 1201]
7.54026E-1 -9999 -9999 -9999 -9999 -9999 -9999 -9999 -9999 -9999 -9999 -9999 -9999 -9999 -9999 -9999 -9999 -9999 -9999 -9999 -9999 -9999 -9999 -9999 -9999 -9999 -9999 -9999 -9999 -9999 -9999 -9999 -9999 -9999 -9999 -9999 -9999 -9999 -9999 -9999 -9999 -9999 -9999 -9999 -9999 8.83516E-1 8.72132E-1 8.69626E-1 8.74639E-1 8.92448E-1 8.54127E-1 -9999 -9999 8.44299E-1 8.21806E-1 8.5928E-1 8.44874E-1 -9999 -9999 -9999 -9999 -9999 -9999 -9999 -9999 -9999 -9999 -9999 -9999 -9999 -9999 -9999
7.13146E-1 -9999 -9999 -9999 -9999 -9999 -9999 -9999 -9999 -9999 -9999 -9999 -9999 -9999 -9999 -9999 -9999 -9999 -9999 -9999 -9999 -9999 -9999 -9999 -9999 -9999 -9999 -9999 -9999 -9999 -9999 -9999 -9999 -9999 -9999 -9999 -9999 -9999 -9999 -9999 -9999 -9999 -9999 8.73701E-1 8.79795E-1 8.81255E-1 8.65894E-1 8.7102E-1 8.71792E-1 8.7239E-1 8.53787E-1 8.5429E-1 -9999 -9999 -9999 -9999 8.4936E-1 8.39846E-1 -9999 -9999 -9999 -9999 -9999 -9999 -9999 -9999 -9999 -9999 -9999 -9999 -9999 -9999
6.55753E-1 5.77585E-1 -9999 -9999 -9999 -9999 -9999 -9999 -9999 -9999 -9999 -9999 -9999 -9999 -9999 -9999 -9999 -9999 -9999 -9999 -9999 -9999 -9999 -9999 -9999 -9999 -9999 -9999 -9999 -9999 -9999 -9999 -9999 -9999 -9999 -9999 -9999 -9999 -9999 -9999 -9999 -9999 8.66221E-1 8.71125E-1 8.69423E-1 8.33079E-1 8.17902E-1 8.09709E-1 8.03661E-1 8.12721E-1 8.18913E-1 8.02067E-1 -9999 -9999 -9999 -9999 8.3705E-1 8.4982E-1 -9999 -9999 -9999 -9999 -9999 -9999 -9999 -9999 -9999 -9999 -9999 -9999 -9999 -9999
6.0716E-1 6.45671E-1 -9999 -9999 -9999 -9999 -9999 -9999 -9999 -9999 -9999 -9999 -9999 -9999 -9999 -9999 -9999 -9999 -9999 -9999 -9999 -9999 -9999 -9999 -9999 -9999 -9999 -9999 -9999 -9999 -9999 -9999 -9999 -9999 -9999 -9999 -9999 -9999 -9999 -9999 -9999 8.76947E-1 8.59667E-1 8.61843E-1 8.40174E-1 8.23493E-1 7.89306E-1 7.91995E-1 7.97271E-1 8.23336E-1 8.17777E-1 -9999 -9999 -9999 -9999 -9999 -9999 -9999 -9999 -9999 -9999 -9999 -9999 -9999 -9999 -9999 -9999 -9999 -9999 -9999 -9999 -9999
5.5389E-1 5.89413E-1 -9999 -9999 -9999 -9999 -9999 -9999 -9999 -9999 -9999 -9999 -9999 -9999 -9999 -9999 -9999 -9999 -9999 -9999 -9999 -9999 -9999 -9999 -9999 -9999 -9999 -9999 -9999 -9999 -9999 -9999 -9999 -9999 -9999 -9999 -9999 -9999 -9999 -9999 8.71142E-1 8.32876E-1 8.03753E-1 8.10313E-1 7.55747E-1 7.70197E-1 -9999 -9999 -9999 -9999 -9999 -9999 -9999 -9999 -9999 -9999 -9999 -9999 -9999 -9999 8.39302E-1 8.34994E-1 8.29468E-1 -9999 -9999 -9999 -9999 -9999 -9999 -9999 -9999 -9999
4.94474E-1 4.3188E-1 -9999 -9999 -9999 -9999 -9999 -9999 -9999 -9999 -9999 -9999 -9999 -9999 -9999 -9999 -9999 -9999 -9999 -9999 -9999 -9999 -9999 -9999 -9999 -9999 -9999 -9999 -9999 -9999 -9999 -9999 -9999 -9999 -9999 -9999 -9999 -9999 -9999 8.47927E-1 8.34972E-1 7.7219E-1 7.61568E-1 7.94522E-1 7.80015E-1 7.78995E-1 -9999 -9999 -9999 -9999 -9999 -9999 -9999 -9999 -9999 -9999 -9999 -9999 -9999 -9999 8.37585E-1 8.13934E-1 8.07039E-1 8.12247E-1 -9999 -9999 -9999 -9999 -9999 -9999 -9999 -9999
4.34665E-1 3.94562E-1 -9999 -9999 -9999 -9999 -9999 -9999 -9999 -9999 -9999 -9999 -9999 -9999 -9999 -9999 -9999 -9999 -9999 -9999 -9999 -9999 -9999 -9999 -9999 -9999 -9999 -9999 -9999 -9999 -9999 -9999 -9999 -9999 -9999 -9999 -9999 -9999 -9999 8.39243E-1 7.95984E-1 -9999 -9999 -9999 -9999 -9999 -9999 -9999 -9999 -9999 -9999 -9999 -9999 -9999 -9999 -9999 -9999 -9999 -9999 -9999 -9999 -9999 -9999 -9999 -9999 -9999 -9999 -9999 -9999 -9999 -9999 -9999
3.70427E-1 3.59192E-1 -9999 -9999 -9999 -9999 -9999 -9999 -9999 -9999 -9999 -9999 -9999 -9999 -9999 -9999 -9999 -9999 -9999 -9999 -9999 -9999 -9999 -9999 -9999 -9999 -9999 -9999 -9999 -9999 -9999 -9999 -9999 -9999 -9999 -9999 -9999 -9999 8.21049E-1 -9999 -9999 -9999 -9999 -9999 -9999 -9999 -9999 -9999 -9999 -9999 -9999 -9999 -9999 -9999 -9999 -9999 -9999 -9999 -9999 -9999 -9999 -9999 -9999 -9999 -9999 -9999 -9999 -9999 6.62127E-1 6.60313E-1 6.55521E-1 6.62225E-1
3.39419E-1 3.05498E-1 -9999 -9999 -9999 -9999 -9999 -9999 -9999 -9999 -9999 -9999 -9999 -9999 -9999 -9999 -9999 -9999 -9999 -9999 -9999 -9999 -9999 -9999 -9999 -9999 -9999 -9999 -9999 -9999 -9999 -9999 -9999 -9999 -9999 -9999 -9999 -9999 -9999 -9999 -9999 -9999 -9999 -9999 -9999 -9999 -9999 -9999 -9999 -9999 -9999 -9999 -9999 -9999 -9999 -9999 -9999 -9999 -9999 -9999 -9999 -9999 -9999 -9999 -9999 6.78057E-1 6.65972E-1 6.53656E-1 6.5724E-1 6.45436E-1 6.40399E-1 6.26538E-1
3.39526E-1 3.40476E-1 3.07105E-1 -9999 -9999 -9999 -9999 -9999 -9999 -9999 -9999 -9999 -9999 -9999 -9999 -9999 -9999 -9999 -9999 -9999 -9999 -9999 -9999 -9999 -9999 -9999 -9999 -9999 -9999 -9999 -9999 -9999 -9999 -9999 -9999 -9999 -9999 -9999 -9999 -9999 -9999 -9999 -9999 -9999 -9999 -9999 -9999 -9999 -9999 -9999 -9999 -9999 -9999 -9999 -9999 -9999 -9999 -9999 -9999 -9999 -9999 -9999 -9999 -9999 -9999 6.64779E-1 6.6368E-1 6.16782E-1 5.99391E-1 5.7758E-1 5.9227E-1 6.34148E-1
2.50183E-1 2.39646E-1 2.74712E-1 -9999 -9999 -9999 -9999 -9999 -9999 -9999 -9999 -9999 -9999 -9999 -9999 -9999 -9999 -9999 -9999 -9999 -9999 -9999 -9999 -9999 -9999 -9999 -9999 -9999 -9999 -9999 -9999 -9999 -9999 -9999 -9999 -9999 -9999 -9999 -9999 -9999 -9999 7.44654E-1 7.91044E-1 -9999 -9999 -9999 -9999 -9999 -9999 -9999 -9999 -9999 -9999 -9999 -9999 -9999 -9999 -9999 -9999 -9999 -9999 -9999 -9999 -9999 -9999 -9999 6.17766E-1 5.94345E-1 6.10112E-1 5.75729E-1 5.68026E-1 5.54798E-1
2.91949E-1 1.97321E-1 2.51059E-1 2.65061E-1 -9999 -9999 -9999 -9999 -9999 -9999 -9999 -9999 -9999 -9999 -9999 -9999 -9999 -9999 -9999 -9999 -9999 -9999 -9999 -9999 -9999 -9999 -9999 -9999 -9999 -9999 -9999 -9999 -9999 -9999 -9999 -9999 -9999 -9999 -9999 -9999 -9999 -9999 7.61145E-1 -9999 -9999 -9999 -9999 -9999 -9999 -9999 -9999 -9999 8.2143E-1 8.21476E-1 8.13928E-1 8.10055E-1 7.06807E-1 7.00543E-1 7.67078E-1 7.3356E-1 6.71858E-1 6.78748E-1 6.58439E-1 6.47011E-1 -9999 -9999 6.34435E-1 6.11226E-1 6.1242E-1 5.54455E-1 5.46895E-1 5.74113E-1
2.78856E-1 2.29866E-1 2.05642E-1 2.54147E-1 2.69626E-1 -9999 -9999 -9999 -9999 -9999 -9999 -9999 -9999 -9999 -9999 -9999 -9999 -9999 -9999 -9999 -9999 -9999 -9999 -9999 -9999 -9999 -9999 -9999 -9999 -9999 -9999 -9999 -9999 -9999 -9999 -9999 -9999 8.08842E-1 8.19189E-1 7.37671E-1 -9999 -9999 -9999 -9999 -9999 -9999 -9999 -9999 -9999 -9999 -9999 7.92935E-1 7.95376E-1 7.04044E-1 7.03355E-1 7.27819E-1 7.24049E-1 7.11848E-1 6.55773E-1 6.11145E-1 6.1445E-1 5.95969E-1 6.02519E-1 6.108E-1 6.17636E-1 6.01709E-1 4.85411E-1 4.11528E-1 4.47223E-1 5.12967E-1 5.14697E-1 5.7613E-1
2.17891E-1 1.59679E-1 1.78902E-1 2.21155E-1 2.61516E-1 2.78205E-1 -9999 -9999 -9999 -9999 -9999 -9999 -9999 -9999 -9999 -9999 -9999 -9999 -9999 -9999 -9999 -9999 -9999 -9999 -9999 -9999 -9999 -9999 -9999 -9999 -9999 -9999 -9999 -9999 -9999 -9999 8.01978E-1 8.03797E-1 8.08024E-1 6.7834E-1 -9999 -9999 -9999 -9999 -9999 -9999 -9999 -9999 -9999 -9999 -9999 7.84977E-1 7.9051E-1 7.52114E-1 7.35311E-1 6.94424E-1 6.26702E-1 5.88414E-1 5.59689E-1 5.16527E-1 5.25014E-1 4.765E-1 4.80285E-1 4.71965E-1 4.36694E-1 3.6988E-1 3.61887E-1 3.79302E-1 4.89142E-1 5.3054E-1 5.5895E-1 5.23669E-1
2.62316E-1 2.24688E-1 1.6122E-1 1.94526E-1 2.30916E-1 2.63585E-1 2.74722E-1 -9999 -9999 -9999 -9999 -9999 -9999 -9999 -9999 -9999 -9999 -9999 -9999 -9999 -9999 -9999 -9999 -9999 -9999 -9999 -9999 -9999 -9999 -9999 -9999 -9999 -9999 -9999 7.93225E-1 8.13198E-1 7.73422E-1 8.13275E-1 8.20225E-1 7.81052E-1 -9999 -9999 -9999 -9999 -9999 -9999 -9999 -9999 -9999 -9999 -9999 7.74311E-1 7.91719E-1 7.79038E-1 7.60712E-1 6.73873E-1 6.04304E-1 5.52844E-1 4.8316E-1 4.84034E-1 4.44783E-1 3.46672E-1 2.9446E-1 2.8889E-1 3.64343E-1 3.44915E-1 3.44148E-1 4.40216E-1 5.23407E-1 5.73292E-1 5.79195E-1 5.4526E-1
2.21824E-1 2.09473E-1 1.47539E-1 1.66508E-1 1.97209E-1 2.37412E-1 2.65029E-1 2.83341E-1 3.24772E-1 3.59941E-1 3.7444E-1 -9999 -9999 -9999 -9999 -9999 -9999 -9999 -9999 -9999 -9999 -9999 -9999 -9999 -9999 -9999 -9999 -9999 -9999 -9999 -9999 -9999 -9999 -9999 7.97436E-1 7.67829E-1 6.98779E-1 7.20445E-1 7.15617E-1 6.66738E-1 6.99955E-1 7.53185E-1 -9999 -9999 -9999 -9999 -9999 7.76318E-1 7.93657E-1 7.88069E-1 7.69729E-1 7.75702E-1 7.80747E-1 7.66831E-1 7.43165E-1 6.27379E-1 5.09935E-1 4.46989E-1 4.11959E-1 4.16741E-1 3.86572E-1 3.00542E-1 2.71468E-1 2.54932E-1 2.73215E-1 3.39143E-1 4.46124E-1 5.31035E-1 6.12206E-1 5.47477E-1 -9999 -9999
2.24457E-1 2.12671E-1 1.4225E-1 1.41084E-1 1.65195E-1 2.00302E-1 2.39216E-1 2.76122E-1 2.99164E-1 3.45328E-1 4.7889E-1 3.70363E-1 -9999 -9999 -9999 -9999 -9999 -9999 -9999 -9999 -9999 -9999 -9999 -9999 -9999 -9999 -9999 -9999 -9999 -9999 -9999 -9999 -9999 7.82802E-1 7.80841E-1 7.44104E-1 5.99303E-1 5.48267E-1 5.08081E-1 4.06059E-1 5.69847E-1 7.0458E-1 7.63107E-1 7.85659E-1 7.58268E-1 7.57833E-1 7.7641E-1 7.77914E-1 7.55766E-1 6.27529E-1 7.09626E-1 7.48965E-1 7.35676E-1 5.99353E-1 4.94241E-1 5.08087E-1 4.26397E-1 3.0186E-1 3.47128E-1 3.03613E-1 2.42575E-1 2.26694E-1 2.09486E-1 2.23033E-1 2.80603E-1 3.62968E-1 4.92702E-1 -9999 -9999 -9999 -9999 -9999
2.29485E-1 2.24335E-1 1.74103E-1 1.31772E-1 1.3925E-1 1.50652E-1 1.90855E-1 2.29576E-1 2.76246E-1 3.16729E-1 3.64594E-1 4.75012E-1 4.60904E-1 -9999 -9999 -9999 -9999 -9999 -9999 -9999 -9999 -9999 -9999 -9999 -9999 -9999 -9999 -9999 -9999 -9999 -9999 -9999 7.98272E-1 7.83973E-1 7.08612E-1 5.53981E-1 5.78323E-1 4.89596E-1 3.32218E-1 3.29647E-1 4.89024E-1 6.12642E-1 6.73996E-1 7.01399E-1 6.42426E-1 5.25125E-1 5.19572E-1 6.40964E-1 5.71676E-1 6.22324E-1 5.56086E-1 5.0669E-1 4.03814E-1 3.45124E-1 3.82488E-1 3.5535E-1 2.94606E-1 1.93237E-1 1.98584E-1 2.06583E-1 2.13873E-1 2.02771E-1 2.0719E-1 2.75358E-1 3.08712E-1 3.93353E-1 4.93495E-1 -9999 -9999 -9999 -9999 -9999
2.3522E-1 2.2339E-1 1.9002E-1 1.67131E-1 1.52699E-1 1.64981E-1 1.92792E-1 2.4616E-1 2.82674E-1 2.72399E-1 3.12391E-1 3.60877E-1 5.00136E-1 4.72975E-1 -9999 -9999 -9999 -9999 -9999 -9999 -9999 -9999 -9999 -9999 -9999 -9999 -9999 -9999 -9999 -9999 -9999 7.79024E-1 6.74948E-1 5.54663E-1 6.90693E-1 6.73561E-1 6.66797E-1 5.17537E-1 2.8898E-1 2.37459E-1 4.17312E-1 5.11705E-1 5.95161E-1 6.32827E-1 6.39752E-1 5.67351E-1 3.88604E-1 4.19847E-1 5.19001E-1 5.57801E-1 4.84736E-1 2.4771E-1 1.45636E-1 1.78997E-1 1.79143E-1 1.79588E-1 1.55224E-1 1.62414E-1 1.76584E-1 1.74051E-1 2.24928E-1 2.0677E-1 3.12164E-1 4.41114E-1 4.05194E-1 4.91267E-1 5.73969E-1 -9999 -9999 -9999 -9999 -9999
2.03656E-1 2.26092E-1 2.09608E-1 1.88954E-1 1.74694E-1 1.72343E-1 1.80144E-1 1.86327E-1 2.39943E-1 2.8275E-1 3.71119E-1 4.2354E-1 4.92517E-1 4.78993E-1 -9999 -9999 -9999 -9999 -9999 -9999 -9999 -9999 -9999 -9999 -9999 -9999 -9999 -9999 -9999 -9999 7.69544E-1 7.08563E-1 4.82085E-1 5.32932E-1 6.05717E-1 6.51545E-1 6.13949E-1 4.97948E-1 2.56422E-1 2.11883E-1 2.9755E-1 4.62249E-1 5.59662E-1 6.00858E-1 6.16633E-1 5.89048E-1 4.95726E-1 4.06617E-1 4.13641E-1 4.3321E-1 4.47636E-1 2.84349E-1 1.86273E-1 1.67652E-1 1.75833E-1 1.77386E-1 1.45785E-1 1.78449E-1 1.80613E-1 2.32109E-1 2.93148E-1 3.06346E-1 4.83035E-1 4.44138E-1 4.93405E-1 5.94209E-1 -9999 -9999 -9999 -9999 -9999 -9999
1.68293E-1 1.47904E-1 1.63684E-1 1.67964E-1 1.73708E-1 2.06848E-1 1.83972E-1 1.69933E-1 1.99149E-1 3.06466E-1 3.63812E-1 4.04535E-1 4.38319E-1 4.38992E-1 -9999 -9999 -9999 -9999 -9999 -9999 -9999 -9999 -9999 -9999 -9999 -9999 -9999 -9999 -9999 -9999 7.50282E-1 6.44774E-1 4.84728E-1 4.49425E-1 4.98139E-1 5.63851E-1 6.09511E-1 5.58289E-1 4.11789E-1 2.73713E-1 1.9087E-1 2.66409E-1 4.06136E-1 4.52983E-1 4.74018E-1 4.59626E-1 5.41384E-1 5.28682E-1 5.11507E-1 4.29101E-1 4.05537E-1 2.80567E-1 2.66137E-1 2.67229E-1 2.41764E-1 1.73842E-1 1.89408E-1 2.14116E-1 2.57151E-1 2.78775E-1 3.7701E-1 4.2445E-1 4.31211E-1 4.97839E-1 5.75377E-1 6.16405E-1 -9999 -9999 -9999 -9999 -9999 -9999
2.03021E-1 1.62352E-1 1.52402E-1 1.54811E-1 1.72656E-1 1.52782E-1 1.58427E-1 1.53134E-1 1.89379E-1 2.29103E-1 2.8459E-1 3.81818E-1 4.24905E-1 4.50673E-1 -9999 -9999 -9999 -9999 -9999 -9999 -9999 -9999 -9999 -9999 -9999 -9999 -9999 -9999 -9999 7.36412E-1 5.80894E-1 5.9871E-1 5.37581E-1 3.88645E-1 3.06818E-1 3.47067E-1 3.90928E-1 5.87443E-1 5.26971E-1 3.9919E-1 2.59689E-1 2.17517E-1 2.00126E-1 2.04378E-1 2.53385E-1 3.31502E-1 4.34464E-1 5.19225E-1 5.25453E-1 4.82982E-1 4.07538E-1 2.50367E-1 1.46886E-1 1.70474E-1 1.64992E-1 1.89069E-1 2.37715E-1 2.51918E-1 2.94011E-1 3.65563E-1 4.69427E-1 4.33697E-1 4.56532E-1 5.44702E-1 -9999 -9999 -9999 -9999 -9999 6.36527E-1 6.16711E-1 6.68397E-1
2.59255E-1 2.32473E-1 1.62116E-1 1.48753E-1 1.50552E-1 1.61641E-1 1.65663E-1 1.5378E-1 1.62161E-1 1.77017E-1 2.36373E-1 2.81832E-1 4.56564E-1 4.53455E-1 -9999 -9999 -9999 -9999 -9999 -9999 -9999 -9999 -9999 -9999 -9999 -9999 -9999 -9999 7.26657E-1 6.77642E-1 6.0137E-1 4.83714E-1 3.55187E-1 2.26883E-1 1.74357E-1 2.79479E-1 3.86006E-1 4.86274E-1 5.67245E-1 5.80451E-1 5.28946E-1 3.41158E-1 2.0701E-1 1.69586E-1 1.63135E-1 1.93997E-1 2.27584E-1 2.70346E-1 4.05483E-1 3.11703E-1 3.46484E-1 2.52523E-1 1.70233E-1 2.34118E-1 2.02448E-1 2.26148E-1 3.09927E-1 3.56464E-1 4.53162E-1 4.9707E-1 5.29808E-1 4.41435E-1 4.80823E-1 5.45327E-1 -9999 -9999 -9999 -9999 6.89145E-1 5.86297E-1 5.28821E-1 5.84735E-1
2.14596E-1 2.26275E-1 2.00479E-1 1.99502E-1 1.61687E-1 1.35392E-1 1.71048E-1 1.21155E-1 1.20374E-1 1.54994E-1 2.12312E-1 2.49454E-1 3.60671E-1 4.60418E-1 5.16638E-1 -9999 -9999 -9999 -9999 -9999 -9999 -9999 -9999 -9999 -9999 -9999 -9999 -9999 7.07218E-1 6.44422E-1 5.23939E-1 4.3047E-1 3.22333E-1 2.09087E-1 1.31889E-1 2.01214E-1 1.90493E-1 2.7838E-1 4.37052E-1 5.06224E-1 4.86926E-1 4.77742E-1 4.031E-1 3.26061E-1 3.00954E-1 2.6677E-1 2.76211E-1 3.10849E-1 3.43402E-1 3.01578E-1 2.91445E-1 2.61902E-1 2.17417E-1 2.47509E-1 2.27726E-1 2.61851E-1 3.22675E-1 3.93148E-1 4.56334E-1 5.07037E-1 4.92497E-1 5.13762E-1 5.39891E-1 -9999 -9999 -9999 -9999 6.83005E-1 6.24264E-1 5.51667E-1 5.25406E-1 5.55499E-1
2.75415E-1 2.11487E-1 1.51846E-1 2.1426E-1 1.95596E-1 1.6827E-1 1.62951E-1 1.37161E-1 1.42984E-1 1.65911E-1 1.86563E-1 1.91905E-1 2.31078E-1 3.58369E-1 5.28581E-1 5.34844E-1 -9999 -9999 -9999 -9999 -9999 -9999 -9999 -9999 -9999 -9999 -9999 6.76683E-1 6.62611E-1 6.44111E-1 4.72403E-1 4.09654E-1 2.71452E-1 1.91058E-1 1.62499E-1 1.40854E-1 1.17403E-1 1.38501E-1 2.29219E-1 4.22517E-1 4.51535E-1 3.33512E-1 3.24489E-1 4.69852E-1 4.84099E-1 4.66396E-1 4.08448E-1 4.2722E-1 4.4828E-1 4.29566E-1 3.01592E-1 2.03732E-1 2.47458E-1 2.86753E-1 3.03812E-1 3.32948E-1 4.35376E-1 4.48858E-1 4.57738E-1 4.54099E-1 5.19927E-1 5.58155E-1 -9999 -9999 -9999 -9999 -9999 6.65533E-1 6.41937E-1 4.58962E-1 4.63979E-1 4.66125E-1
2.57696E-1 1.62078E-1 1.5463E-1 1.65431E-1 2.12871E-1 1.7635E-1 1.37371E-1 1.35104E-1 1.78106E-1 1.65615E-1 1.60309E-1 1.59688E-1 1.74547E-1 2.16973E-1 4.19834E-1 4.8408E-1 -9999 5.86812E-1 6.0197E-1 6.02275E-1 6.0651E-1 -9999 -9999 -9999 -9999 -9999 -9999 6.66091E-1 6.1125E-1 4.4863E-1 4.83068E-1 4.57017E-1 3.63834E-1 3.34393E-1 2.95289E-1 1.73963E-1 1.62912E-1 2.14486E-1 3.63058E-1 3.83317E-1 2.98595E-1 2.80876E-1 2.66304E-1 4.23197E-1 3.2783E-1 3.43022E-1 4.02335E-1 4.39261E-1 4.08899E-1 2.22204E-1 1.90819E-1 1.9228E-1 2.59214E-1 2.94655E-1 3.34979E-1 3.68125E-1 4.11751E-1 4.64037E-1 4.81054E-1 5.19402E-1 5.30277E-1 -9999 -9999 -9999 -9999 -9999 -9999 6.75135E-1 4.50382E-1 3.62385E-1 3.90042E-1 3.81326E-1
2.42241E-1 2.13908E-1 2.00773E-1 1.60249E-1 2.06237E-1 1.92621E-1 1.58011E-1 1.55648E-1 1.80647E-1 1.55949E-1 1.51006E-1 1.54423E-1 1.40946E-1 1.68331E-1 3.93617E-1 4.90553E-1 5.30053E-1 5.68839E-1 5.67138E-1 5.70837E-1 5.69253E-1 5.87128E-1 5.92769E-1 5.81738E-1 6.01153E-1 -9999 6.29478E-1 6.18941E-1 4.96456E-1 4.40853E-1 4.31126E-1 4.68335E-1 3.12818E-1 2.6938E-1 2.35317E-1 1.70796E-1 2.37526E-1 3.36646E-1 3.356E-1 2.72764E-1 3.27599E-1 3.82731E-1 4.22284E-1 4.19655E-1 2.79296E-1 4.01183E-1 3.89897E-1 3.82512E-1 2.48191E-1 1.9522E-1 1.99981E-1 2.29366E-1 2.64232E-1 3.49351E-1 3.90626E-1 4.13754E-1 4.33971E-1 4.50608E-1 5.06144E-1 5.25572E-1 -9999 -9999 -9999 -9999 -9999 -9999 6.55731E-1 5.93935E-1 3.92465E-1 3.64679E-1 3.80332E-1 3.53856E-1
2.37317E-1 1.97796E-1 1.99325E-1 1.93244E-1 1.76209E-1 1.58217E-1 1.59289E-1 1.66301E-1 1.88258E-1 1.88095E-1 1.76716E-1 1.37925E-1 1.17309E-1 1.64592E-1 4.04339E-1 4.92356E-1 5.19781E-1 5.30356E-1 5.41655E-1 5.12567E-1 4.58724E-1 4.835E-1 4.59986E-1 4.06467E-1 5.04501E-1 5.74402E-1 6.12302E-1 5.14812E-1 5.48546E-1 4.11457E-1 3.04818E-1 2.72317E-1 3.32817E-1 2.35378E-1 1.75763E-1 1.53731E-1 1.87717E-1 2.41346E-1 3.25169E-1 3.43176E-1 3.37067E-1 3.4459E-1 3.91067E-1 3.38847E-1 2.73658E-1 2.56134E-1 2.55185E-1 2.45464E-1 2.05028E-1 1.72956E-1 2.38256E-1 2.69152E-1 3.15084E-1 3.63884E-1 4.36558E-1 4.60541E-1 4.76413E-1 5.05703E-1 5.05405E-1 -9999 -9999 -9999 -9999 -9999 -9999 -9999 6.97269E-1 5.6335E-1 4.54434E-1 4.19908E-1 4.1583E-1 4.017E-1
2.76182E-1 2.22E-1 1.78108E-1 1.72067E-1 1.64094E-1 1.46958E-1 1.35109E-1 1.52867E-1 1.8982E-1 2.05662E-1 1.89474E-1 1.48401E-1 1.45353E-1 1.87882E-1 4.08061E-1 4.74699E-1 4.69612E-1 4.72437E-1 4.95854E-1 4.42206E-1 3.51058E-1 2.7746E-1 2.68257E-1 2.52987E-1 3.1669E-1 3.97056E-1 4.55685E-1 3.82895E-1 4.19784E-1 4.18985E-1 2.66276E-1 1.82076E-1 1.99636E-1 1.61337E-1 1.4404E-1 1.5538E-1 1.80159E-1 2.19422E-1 2.65068E-1 3.30184E-1 1.9533E-1 1.81838E-1 2.31575E-1 2.60183E-1 2.95694E-1 3.33686E-1 2.96026E-1 2.11614E-1 1.81692E-1 2.25558E-1 2.35578E-1 3.04895E-1 3.35241E-1 4.11783E-1 4.37048E-1 4.72594E-1 5.01883E-1 5.13018E-1 -9999 -9999 -9999 -9999 -9999 -9999 -9999 -9999 6.93655E-1 6.4619E-1 5.51131E-1 4.7339E-1 4.19149E-1 4.51461E-1
2.55293E-1 2.43195E-1 1.91188E-1 1.60192E-1 1.54209E-1 1.55749E-1 1.27729E-1 1.4698E-1 1.87217E-1 2.01917E-1 1.81934E-1 1.33375E-1 1.32061E-1 1.89181E-1 3.30038E-1 4.15612E-1 4.34454E-1 4.61056E-1 4.09363E-1 4.1037E-1 2.92194E-1 1.81917E-1 1.75164E-1 1.81989E-1 2.10916E-1 2.4512E-1 2.93637E-1 3.08198E-1 3.37194E-1 3.09164E-1 2.37569E-1 2.01956E-1 1.91924E-1 1.93062E-1 1.73428E-1 1.6261E-1 2.24287E-1 2.55192E-1 2.8646E-1 2.64011E-1 1.83637E-1 2.15522E-1 2.62671E-1 2.59292E-1 3.36805E-1 3.71488E-1 3.04509E-1 2.63317E-1 2.27934E-1 2.67557E-1 2.90512E-1 3.09473E-1 3.76995E-1 4.49874E-1 4.72815E-1 5.01683E-1 5.1831E-1 5.27753E-1 -9999 -9999 -9999 -9999 -9999 -9999 -9999 -9999 6.93191E-1 6.91288E-1 6.56757E-1 5.61817E-1 4.56754E-1 5.99507E-1
2.48786E-1 2.57104E-1 1.83908E-1 1.66704E-1 1.55696E-1 1.60537E-1 1.55114E-1 1.58603E-1 1.84393E-1 1.93811E-1 1.71721E-1 1.36948E-1 1.23445E-1 1.78382E-1 2.93483E-1 3.65058E-1 3.99208E-1 4.14348E-1 3.70196E-1 3.58531E-1 2.14092E-1 1.35932E-1 1.33401E-1 1.49149E-1 1.49968E-1 1.76352E-1 2.00729E-1 2.20224E-1 3.00786E-1 2.73416E-1 2.72819E-1 2.52876E-1 2.97154E-1 2.49084E-1 1.70632E-1 2.12332E-1 2.01305E-1 1.38138E-1 1.71466E-1 1.95954E-1 2.49869E-1 2.41551E-1 3.34607E-1 3.80093E-1 3.1111E-1 2.72654E-1 2.86491E-1 3.22313E-1 3.04761E-1 2.93545E-1 3.29939E-1 3.82665E-1 4.44647E-1 4.82561E-1 4.98057E-1 5.25036E-1 -9999 -9999 -9999 -9999 -9999 -9999 -9999 -9999 -9999 -9999 6.51146E-1 -9999 6.80965E-1 5.69251E-1 6.213E-1 6.92313E-1
2.75842E-1 2.82074E-1 2.13501E-1 1.64194E-1 1.49332E-1 1.64072E-1 1.68959E-1 1.70202E-1 1.81267E-1 1.53164E-1 1.26583E-1 1.36386E-1 1.26814E-1 1.66625E-1 3.03055E-1 3.34863E-1 3.468E-1 3.41975E-1 3.26169E-1 2.85237E-1 1.73312E-1 1.18864E-1 1.13503E-1 1.20223E-1 1.19321E-1 1.42125E-1 1.36522E-1 2.12982E-1 3.15436E-1 2.686E-1 4.02711E-1 3.39864E-1 2.6166E-1 1.69117E-1 1.45526E-1 2.4334E-1 1.69373E-1 1.46128E-1 1.83423E-1 1.94769E-1 1.99643E-1 2.19874E-1 3.09469E-1 2.85232E-1 2.67823E-1 2.85292E-1 3.42033E-1 3.84166E-1 3.90369E-1 3.74079E-1 4.34086E-1 4.63168E-1 4.90117E-1 5.07918E-1 -9999 -9999 -9999 -9999 -9999 -9999 -9999 -9999 -9999 -9999 -9999 -9999 -9999 6.72941E-1 7.01859E-1 6.50686E-1 6.82197E-1 -9999
