Artocarpus altilis SDM files/Last interglacial/results (without the bias file)/Artalt_6.asc
ncols         1201
nrows         481
xllcorner     119.99986351115
yllcorner     -15.00013864885
cellsize      0.041666667
NODATA_value  -9999
[rows 192 to 223 of 481, columns 504 to 575 of 1201]
4.36597E-1 4.73014E-1 5.11668E-1 5.15337E-1 5.87204E-1 6.38502E-1 6.19081E-1 6.40138E-1 6.26159E-1 5.81514E-1 5.66392E-1 5.95179E-1 5.62449E-1 5.55916E-1 6.12447E-1 6.43766E-1 4.4548E-1 3.14265E-1 3.60706E-1 4.58222E-1 5.47798E-1 7.25742E-1 7.75845E-1 7.78341E-1 8.0152E-1 -9999 -9999 -9999 -9999 -9999 -9999 -9999 -9999 -9999 -9999 -9999 -9999 -9999 -9999 -9999 -9999 -9999 -9999 -9999 -9999 -9999 -9999 -9999 -9999 -9999 -9999 -9999 -9999 -9999 -9999 -9999 -9999 -9999 -9999 -9999 -9999 -9999 -9999 -9999 -9999 -9999 -9999 -9999 -9999 -9999 -9999 -9999
3.6299E-1 4.11589E-1 4.67308E-1 4.85391E-1 5.61601E-1 6.34233E-1 6.39276E-1 6.04367E-1 5.39276E-1 5.24381E-1 5.35494E-1 5.20713E-1 5.70209E-1 5.95467E-1 6.55194E-1 6.76114E-1 5.23755E-1 4.13323E-1 4.38884E-1 4.39867E-1 4.55711E-1 5.03036E-1 4.28668E-1 7.43173E-1 7.97134E-1 8.212E-1 8.14084E-1 -9999 -9999 -9999 -9999 -9999 -9999 -9999 -9999 -9999 -9999 -9999 -9999 -9999 -9999 -9999 -9999 -9999 -9999 -9999 -9999 -9999 -9999 -9999 -9999 -9999 -9999 -9999 -9999 -9999 -9999 -9999 -9999 -9999 -9999 -9999 -9999 -9999 -9999 -9999 -9999 -9999 -9999 -9999 -9999 -9999
3.36335E-1 3.41882E-1 3.89352E-1 4.04755E-1 4.79893E-1 5.34382E-1 5.71785E-1 5.08884E-1 4.82129E-1 4.82059E-1 4.45657E-1 4.67697E-1 5.06569E-1 5.5839E-1 5.37746E-1 5.46153E-1 6.3495E-1 6.8249E-1 7.09327E-1 7.04497E-1 7.38936E-1 7.45536E-1 7.61215E-1 7.70868E-1 7.86939E-1 7.82588E-1 7.60999E-1 7.7969E-1 -9999 -9999 -9999 -9999 -9999 -9999 -9999 -9999 -9999 -9999 -9999 -9999 -9999 -9999 -9999 -9999 -9999 -9999 -9999 -9999 -9999 -9999 -9999 -9999 -9999 -9999 -9999 -9999 -9999 -9999 -9999 -9999 -9999 -9999 -9999 -9999 -9999 -9999 -9999 -9999 -9999 -9999 -9999 -9999
2.34599E-1 2.60591E-1 2.96875E-1 3.45053E-1 3.32055E-1 4.10692E-1 4.1176E-1 3.56578E-1 3.52893E-1 3.5206E-1 3.54604E-1 3.59176E-1 3.66266E-1 3.7202E-1 4.00653E-1 4.08338E-1 4.53994E-1 5.48316E-1 5.49893E-1 6.42781E-1 6.91576E-1 7.10763E-1 7.03088E-1 7.14543E-1 7.63462E-1 7.19445E-1 7.31339E-1 7.46069E-1 7.53692E-1 7.47454E-1 7.52688E-1 -9999 -9999 8.33392E-1 -9999 -9999 -9999 -9999 -9999 -9999 -9999 -9999 -9999 -9999 -9999 -9999 -9999 -9999 -9999 -9999 -9999 -9999 -9999 -9999 -9999 -9999 -9999 -9999 -9999 -9999 -9999 -9999 -9999 -9999 -9999 -9999 -9999 -9999 -9999 -9999 -9999 -9999
1.47828E-1 1.98233E-1 2.53859E-1 3.61279E-1 2.9627E-1 2.77832E-1 3.36433E-1 3.25349E-1 3.43648E-1 3.16132E-1 3.03177E-1 3.2044E-1 2.86348E-1 2.56308E-1 2.74305E-1 3.04541E-1 3.89021E-1 5.22457E-1 4.81619E-1 4.87497E-1 5.74899E-1 6.48897E-1 6.02265E-1 5.40676E-1 6.51708E-1 6.76868E-1 6.5999E-1 6.77175E-1 7.37538E-1 7.45952E-1 7.59066E-1 7.96021E-1 7.96447E-1 7.9667E-1 8.31847E-1 -9999 -9999 -9999 -9999 -9999 -9999 -9999 -9999 -9999 -9999 -9999 -9999 -9999 -9999 -9999 -9999 -9999 -9999 -9999 -9999 -9999 -9999 -9999 -9999 -9999 -9999 -9999 -9999 -9999 -9999 -9999 -9999 -9999 -9999 -9999 -9999 -9999
2.36329E-1 1.88844E-1 2.28493E-1 2.70571E-1 2.1057E-1 2.20931E-1 3.46654E-1 5.14852E-1 4.69123E-1 4.93641E-1 3.61735E-1 5.38108E-1 3.92646E-1 2.93353E-1 3.03206E-1 3.01879E-1 4.36985E-1 5.92102E-1 4.67736E-1 4.71941E-1 5.98454E-1 6.5193E-1 6.32831E-1 6.24085E-1 6.51648E-1 6.73369E-1 6.09695E-1 6.10171E-1 6.86749E-1 6.96908E-1 7.42181E-1 7.29163E-1 7.62314E-1 7.87635E-1 7.91541E-1 7.82774E-1 -9999 -9999 -9999 -9999 -9999 -9999 -9999 -9999 -9999 -9999 -9999 -9999 -9999 -9999 -9999 -9999 -9999 8.71176E-1 8.37988E-1 -9999 -9999 -9999 -9999 -9999 -9999 -9999 -9999 -9999 -9999 -9999 -9999 -9999 -9999 -9999 -9999 -9999
2.69437E-1 3.68411E-1 3.5284E-1 2.66639E-1 2.79527E-1 3.08618E-1 2.42406E-1 2.72853E-1 3.75448E-1 5.00711E-1 4.80763E-1 4.96699E-1 3.60497E-1 3.83965E-1 3.24128E-1 2.31867E-1 3.75137E-1 4.59892E-1 3.27598E-1 4.01598E-1 5.88007E-1 5.9183E-1 6.21386E-1 5.75129E-1 5.91844E-1 5.89342E-1 6.40699E-1 6.83816E-1 6.84499E-1 6.90244E-1 7.73679E-1 7.40294E-1 7.31179E-1 7.66045E-1 7.74437E-1 7.67431E-1 7.52381E-1 7.40548E-1 -9999 -9999 -9999 -9999 -9999 -9999 -9999 -9999 -9999 -9999 -9999 -9999 -9999 -9999 -9999 8.66685E-1 8.32461E-1 6.91491E-1 -9999 -9999 -9999 -9999 -9999 -9999 -9999 -9999 -9999 -9999 -9999 -9999 -9999 -9999 -9999 -9999
3.05358E-1 3.82549E-1 3.72703E-1 3.86066E-1 3.39387E-1 3.28979E-1 3.4737E-1 3.87551E-1 4.30754E-1 5.50695E-1 4.64083E-1 5.43743E-1 4.28317E-1 4.43745E-1 3.13996E-1 2.39224E-1 2.83872E-1 3.25528E-1 4.15821E-1 3.81365E-1 4.20775E-1 5.3938E-1 5.83705E-1 4.7782E-1 4.34181E-1 4.35691E-1 4.87325E-1 6.21828E-1 6.52921E-1 7.29694E-1 7.38029E-1 6.95411E-1 7.41552E-1 7.60271E-1 7.18871E-1 6.96144E-1 6.71164E-1 6.66925E-1 7.02236E-1 7.47449E-1 7.53044E-1 -9999 -9999 -9999 -9999 -9999 -9999 -9999 -9999 -9999 -9999 -9999 -9999 -9999 -9999 7.79713E-1 -9999 -9999 -9999 -9999 -9999 -9999 -9999 -9999 -9999 -9999 -9999 -9999 -9999 -9999 -9999 -9999
2.8769E-1 4.55884E-1 4.78359E-1 5.09663E-1 5.16296E-1 5.52195E-1 5.78814E-1 5.77467E-1 5.48996E-1 5.53618E-1 4.45157E-1 4.93528E-1 4.84458E-1 4.67713E-1 3.66779E-1 4.34144E-1 3.7316E-1 3.07556E-1 2.72517E-1 4.17818E-1 4.59874E-1 4.40693E-1 5.73208E-1 3.96116E-1 2.77628E-1 2.71898E-1 3.3814E-1 5.07488E-1 5.87093E-1 6.5678E-1 6.18423E-1 5.86208E-1 6.39018E-1 6.22589E-1 5.99539E-1 5.81223E-1 5.36391E-1 5.27827E-1 5.30718E-1 5.55204E-1 6.354E-1 6.8579E-1 6.91198E-1 6.92788E-1 7.35222E-1 -9999 -9999 -9999 -9999 -9999 -9999 -9999 -9999 -9999 -9999 -9999 -9999 -9999 -9999 -9999 8.67108E-1 5.33908E-1 -9999 -9999 -9999 -9999 -9999 -9999 -9999 -9999 -9999 -9999
3.41265E-1 3.40746E-1 3.32287E-1 4.57857E-1 5.16167E-1 5.49293E-1 5.51329E-1 5.53511E-1 5.28108E-1 5.27477E-1 5.40228E-1 5.61851E-1 5.40885E-1 5.49249E-1 5.10874E-1 5.07992E-1 4.19368E-1 4.11879E-1 4.14826E-1 3.90518E-1 3.25621E-1 4.41339E-1 5.2638E-1 4.03048E-1 2.788E-1 2.48464E-1 2.86992E-1 3.82354E-1 4.27073E-1 3.74102E-1 3.2174E-1 3.9118E-1 3.67747E-1 3.89841E-1 4.24876E-1 3.73774E-1 3.56169E-1 3.77736E-1 4.74899E-1 4.04021E-1 4.926E-1 5.25402E-1 5.4344E-1 5.41663E-1 6.17137E-1 7.02414E-1 6.8243E-1 6.6657E-1 7.38822E-1 7.56628E-1 7.70756E-1 7.9701E-1 8.03516E-1 -9999 -9999 -9999 -9999 -9999 -9999 7.03957E-1 6.57354E-1 4.48556E-1 6.59338E-1 -9999 -9999 -9999 -9999 -9999 -9999 -9999 -9999 -9999
3.71933E-1 3.34308E-1 3.60179E-1 3.51242E-1 3.90266E-1 4.78423E-1 5.2031E-1 5.20176E-1 5.09866E-1 5.09854E-1 5.10847E-1 5.07083E-1 4.88703E-1 5.09599E-1 5.01982E-1 4.76158E-1 4.67337E-1 4.78344E-1 4.79772E-1 3.3483E-1 4.8465E-1 4.5432E-1 4.40843E-1 3.3595E-1 3.30073E-1 3.48472E-1 3.99815E-1 2.82254E-1 3.55363E-1 3.42451E-1 3.31528E-1 3.31844E-1 4.34798E-1 5.10959E-1 5.58656E-1 4.95658E-1 5.53851E-1 4.56048E-1 5.72941E-1 5.30082E-1 5.28595E-1 4.84612E-1 4.82457E-1 4.52857E-1 4.49285E-1 5.55753E-1 6.81461E-1 6.55422E-1 6.30023E-1 6.36145E-1 7.27579E-1 6.68452E-1 6.80457E-1 7.37949E-1 7.76179E-1 8.18266E-1 -9999 8.73025E-1 7.15353E-1 -9999 7.29261E-1 6.39261E-1 5.36695E-1 -9999 -9999 -9999 -9999 -9999 -9999 -9999 -9999 -9999
3.27403E-1 3.00848E-1 2.71256E-1 2.54024E-1 3.48445E-1 5.09102E-1 5.12754E-1 5.16259E-1 5.06128E-1 5.0428E-1 4.8971E-1 5.13288E-1 4.98523E-1 5.15775E-1 5.02502E-1 4.76673E-1 5.33324E-1 5.1944E-1 5.56345E-1 5.51081E-1 5.5593E-1 5.59499E-1 4.87476E-1 5.02568E-1 4.36125E-1 3.71503E-1 4.94897E-1 3.95018E-1 3.80003E-1 2.87652E-1 4.36447E-1 4.49566E-1 3.737E-1 4.60464E-1 5.9126E-1 5.9825E-1 6.23412E-1 5.96806E-1 5.08787E-1 5.34769E-1 4.47261E-1 6.06755E-1 5.48988E-1 6.33923E-1 5.21664E-1 5.53681E-1 6.97957E-1 6.05941E-1 5.30254E-1 5.59729E-1 6.6895E-1 5.22716E-1 6.27496E-1 5.9319E-1 7.39061E-1 7.91327E-1 7.06063E-1 7.82773E-1 5.45886E-1 5.18771E-1 5.71105E-1 5.73104E-1 5.30976E-1 -9999 -9999 -9999 -9999 -9999 -9999 -9999 -9999 -9999
2.62793E-1 2.40758E-1 2.45685E-1 3.0017E-1 4.33813E-1 4.59366E-1 4.45536E-1 4.8016E-1 4.89364E-1 4.92205E-1 4.98546E-1 4.98953E-1 5.09864E-1 5.00961E-1 4.98779E-1 4.95007E-1 4.85359E-1 5.24807E-1 5.13711E-1 4.82793E-1 5.61231E-1 4.83631E-1 5.61441E-1 5.12936E-1 4.92405E-1 4.54377E-1 5.0707E-1 4.56266E-1 4.2346E-1 3.78875E-1 4.46116E-1 3.83977E-1 4.00079E-1 4.43774E-1 5.69284E-1 6.00268E-1 6.53144E-1 6.30661E-1 6.80837E-1 6.17548E-1 5.60024E-1 4.42472E-1 5.08353E-1 6.57002E-1 6.10241E-1 6.12408E-1 5.44922E-1 5.61838E-1 5.21425E-1 6.58896E-1 7.03063E-1 5.74497E-1 5.95897E-1 5.67889E-1 3.47224E-1 4.97252E-1 4.88573E-1 4.72705E-1 4.84554E-1 6.28402E-1 5.25965E-1 5.38799E-1 -9999 -9999 -9999 -9999 -9999 -9999 -9999 -9999 -9999 -9999
2.13061E-1 2.114E-1 2.09613E-1 2.39477E-1 3.79213E-1 3.74156E-1 3.63806E-1 4.86558E-1 4.88084E-1 4.70728E-1 4.67431E-1 4.6748E-1 4.88758E-1 4.91868E-1 4.98255E-1 4.93351E-1 4.81828E-1 5.08431E-1 4.7345E-1 4.3828E-1 5.11726E-1 5.00301E-1 5.31452E-1 4.65425E-1 4.63752E-1 5.16012E-1 5.61785E-1 4.89603E-1 5.39017E-1 5.70699E-1 5.05627E-1 6.256E-1 6.45819E-1 5.3715E-1 6.16627E-1 5.26551E-1 5.95618E-1 6.14988E-1 6.56392E-1 5.94056E-1 5.41363E-1 5.88783E-1 6.43802E-1 6.71456E-1 6.90561E-1 6.67262E-1 5.72156E-1 5.5893E-1 5.45207E-1 6.281E-1 6.09453E-1 6.26129E-1 6.41489E-1 5.1457E-1 5.39756E-1 5.42454E-1 6.19859E-1 6.10308E-1 6.13153E-1 6.18193E-1 6.00932E-1 5.66221E-1 -9999 -9999 -9999 -9999 -9999 -9999 -9999 -9999 -9999 -9999
1.80999E-1 2.42634E-1 2.29203E-1 2.90678E-1 3.48435E-1 3.18774E-1 4.10125E-1 5.08512E-1 4.79778E-1 4.5159E-1 4.16975E-1 4.59371E-1 4.73202E-1 5.04719E-1 4.92114E-1 4.71637E-1 4.9609E-1 4.80606E-1 4.55687E-1 4.31196E-1 5.21696E-1 5.12003E-1 4.91998E-1 4.43237E-1 4.85104E-1 5.17379E-1 5.1642E-1 5.00635E-1 4.78309E-1 4.30889E-1 5.4484E-1 4.93944E-1 5.76776E-1 4.98377E-1 5.45078E-1 5.86928E-1 5.31457E-1 5.92501E-1 5.62911E-1 5.55218E-1 6.23817E-1 5.71627E-1 6.70723E-1 6.31992E-1 6.0585E-1 6.67744E-1 7.25135E-1 6.54059E-1 5.98391E-1 6.70356E-1 6.45112E-1 6.51149E-1 6.42931E-1 6.29932E-1 6.80508E-1 6.53561E-1 7.01316E-1 6.08374E-1 7.21576E-1 7.71004E-1 6.255E-1 7.0129E-1 7.09116E-1 7.67199E-1 6.84772E-1 -9999 -9999 -9999 -9999 -9999 -9999 -9999
2.49086E-1 3.12415E-1 3.3983E-1 2.86894E-1 3.16481E-1 3.90712E-1 4.36854E-1 5.22348E-1 4.78485E-1 4.10031E-1 3.48183E-1 4.59853E-1 5.01915E-1 4.95955E-1 4.71808E-1 4.87294E-1 4.98E-1 4.78979E-1 4.06337E-1 4.08552E-1 4.88944E-1 4.95435E-1 4.75429E-1 4.203E-1 5.03662E-1 5.21612E-1 5.59986E-1 4.70236E-1 3.86298E-1 3.92025E-1 5.16859E-1 3.91097E-1 5.28032E-1 4.59943E-1 5.03869E-1 5.83088E-1 5.72114E-1 6.32181E-1 6.28787E-1 6.08903E-1 6.61345E-1 6.0814E-1 6.91766E-1 7.0893E-1 7.23805E-1 7.45851E-1 7.22271E-1 7.04064E-1 7.43201E-1 6.96261E-1 6.94136E-1 5.30329E-1 5.23954E-1 4.55608E-1 5.13439E-1 6.53579E-1 4.49415E-1 4.58057E-1 5.95835E-1 5.81176E-1 6.08027E-1 7.88457E-1 8.04199E-1 6.88157E-1 7.02082E-1 8.63812E-1 -9999 -9999 -9999 -9999 -9999 -9999
2.62887E-1 3.06798E-1 3.71591E-1 2.74265E-1 3.34143E-1 4.53127E-1 4.51988E-1 5.2664E-1 4.94041E-1 4.8054E-1 4.60112E-1 5.04023E-1 5.03688E-1 4.9199E-1 4.75009E-1 4.85683E-1 5.0668E-1 4.61395E-1 4.43698E-1 4.68816E-1 5.08628E-1 5.14351E-1 4.12427E-1 5.08538E-1 5.73219E-1 5.48372E-1 5.35521E-1 4.30955E-1 4.19262E-1 4.42619E-1 5.07845E-1 5.23632E-1 5.80906E-1 4.92081E-1 5.78242E-1 6.1867E-1 6.25138E-1 6.27356E-1 6.11948E-1 6.2219E-1 6.466E-1 5.95712E-1 6.87615E-1 6.71173E-1 6.89335E-1 7.28393E-1 7.10771E-1 6.96453E-1 7.20402E-1 6.8933E-1 7.44789E-1 6.84818E-1 5.84072E-1 5.06939E-1 5.96781E-1 5.51063E-1 4.67156E-1 4.47036E-1 5.29545E-1 5.48652E-1 4.76568E-1 5.20509E-1 7.00329E-1 5.32633E-1 7.23106E-1 7.88688E-1 7.08652E-1 6.99784E-1 -9999 -9999 -9999 -9999
1.65931E-1 2.78141E-1 3.59738E-1 3.90876E-1 4.44427E-1 4.66236E-1 4.53925E-1 4.41479E-1 5.02607E-1 4.72281E-1 4.66338E-1 4.58276E-1 4.75469E-1 4.70801E-1 4.84826E-1 4.81126E-1 4.67168E-1 4.7183E-1 4.70735E-1 5.19891E-1 5.24584E-1 5.18037E-1 4.86057E-1 5.05783E-1 5.8416E-1 5.63336E-1 4.96344E-1 4.42399E-1 4.44952E-1 4.94925E-1 5.20238E-1 5.74197E-1 5.26518E-1 5.76631E-1 5.9894E-1 5.73172E-1 6.18612E-1 5.6778E-1 5.53993E-1 5.59054E-1 6.29368E-1 6.17472E-1 6.7325E-1 6.33554E-1 6.76819E-1 7.15514E-1 7.03543E-1 6.86651E-1 7.00924E-1 6.87102E-1 7.3338E-1 7.6282E-1 6.9853E-1 6.69203E-1 6.58748E-1 6.2518E-1 6.18874E-1 5.25545E-1 5.29289E-1 5.3359E-1 5.43834E-1 5.18158E-1 5.21091E-1 5.01024E-1 5.38006E-1 6.0357E-1 7.22785E-1 8.1732E-1 8.37331E-1 8.33836E-1 -9999 -9999
2.18467E-1 2.63031E-1 3.51305E-1 4.40909E-1 4.56353E-1 4.59803E-1 4.54746E-1 4.96938E-1 4.89545E-1 4.81698E-1 4.56785E-1 4.501E-1 4.62198E-1 4.50108E-1 4.59086E-1 4.42052E-1 4.57109E-1 4.99358E-1 5.08753E-1 5.02444E-1 5.13537E-1 5.54376E-1 5.26963E-1 4.96947E-1 5.69966E-1 5.85265E-1 5.14645E-1 4.45874E-1 4.68004E-1 4.82981E-1 5.14886E-1 5.07652E-1 5.82153E-1 5.76388E-1 5.59552E-1 5.72483E-1 5.98641E-1 5.44278E-1 5.62783E-1 5.53413E-1 6.21587E-1 6.05651E-1 6.46887E-1 6.36599E-1 6.69704E-1 6.87243E-1 7.01349E-1 6.88704E-1 6.95828E-1 6.90781E-1 7.24736E-1 7.52242E-1 7.73058E-1 7.70189E-1 7.80374E-1 7.79222E-1 7.3287E-1 6.45741E-1 6.07665E-1 5.6083E-1 5.78269E-1 5.89055E-1 5.40286E-1 5.41641E-1 6.90834E-1 6.12208E-1 6.15313E-1 6.17879E-1 6.49217E-1 6.97896E-1 8.04036E-1 -9999
4.20031E-1 2.2847E-1 3.05106E-1 4.3565E-1 4.87751E-1 5.10741E-1 4.95861E-1 4.71242E-1 4.50456E-1 4.4933E-1 4.53043E-1 4.53499E-1 4.55426E-1 4.40881E-1 4.66724E-1 4.53823E-1 4.8601E-1 5.02119E-1 4.87349E-1 4.79665E-1 5.09228E-1 5.44609E-1 5.40294E-1 5.03672E-1 5.29957E-1 5.56271E-1 5.28091E-1 4.52076E-1 4.80929E-1 5.1946E-1 5.42241E-1 5.45141E-1 5.95213E-1 5.88892E-1 5.74858E-1 5.65442E-1 5.84654E-1 5.48233E-1 5.84587E-1 5.86523E-1 6.05431E-1 5.75466E-1 6.17527E-1 6.07597E-1 6.48187E-1 6.73476E-1 6.84054E-1 6.84443E-1 6.65204E-1 6.73574E-1 7.22077E-1 7.61565E-1 7.71758E-1 7.91585E-1 7.83209E-1 7.79438E-1 7.75033E-1 6.54054E-1 6.62935E-1 6.15547E-1 5.87549E-1 6.06803E-1 6.15895E-1 7.12004E-1 7.12329E-1 7.54657E-1 7.02372E-1 7.09142E-1 8.00486E-1 7.74704E-1 8.13314E-1 -9999
5.06606E-1 4.03421E-1 3.56516E-1 4.34559E-1 4.96171E-1 4.83001E-1 4.62624E-1 4.323E-1 4.39118E-1 4.23778E-1 4.28971E-1 4.36175E-1 4.46139E-1 4.63316E-1 4.50405E-1 4.6877E-1 4.77964E-1 4.98082E-1 4.6617E-1 4.7899E-1 4.81702E-1 5.19013E-1 5.00368E-1 4.94411E-1 5.08008E-1 4.93627E-1 4.65283E-1 4.51042E-1 4.92747E-1 5.16223E-1 5.75296E-1 5.28745E-1 5.66145E-1 5.94747E-1 5.49005E-1 5.67445E-1 5.71663E-1 5.58547E-1 5.91537E-1 5.79904E-1 6.05078E-1 5.905E-1 6.411E-1 6.60824E-1 6.51225E-1 6.77885E-1 6.71079E-1 6.64708E-1 6.41579E-1 6.75882E-1 7.19508E-1 7.22823E-1 7.76161E-1 7.68351E-1 7.77412E-1 7.7288E-1 7.86163E-1 7.08286E-1 7.11786E-1 7.1806E-1 6.84173E-1 6.91548E-1 7.10108E-1 8.04208E-1 7.58624E-1 8.07341E-1 8.05964E-1 8.16199E-1 8.46765E-1 8.53791E-1 8.57726E-1 8.12777E-1
4.52957E-1 4.30549E-1 4.4085E-1 4.47572E-1 4.4345E-1 4.30341E-1 4.2924E-1 4.20146E-1 4.18799E-1 4.03207E-1 4.18362E-1 4.38647E-1 4.4573E-1 4.49481E-1 4.57325E-1 4.55515E-1 4.65661E-1 4.80925E-1 4.5119E-1 4.98756E-1 4.64929E-1 4.93356E-1 5.07309E-1 5.25423E-1 5.01721E-1 4.89242E-1 4.54411E-1 4.62348E-1 4.81659E-1 5.27734E-1 5.35287E-1 5.32705E-1 5.56784E-1 5.60079E-1 5.67161E-1 5.73312E-1 5.69944E-1 5.60909E-1 5.73855E-1 5.93338E-1 5.9469E-1 6.2698E-1 6.30983E-1 6.51097E-1 6.45809E-1 6.28791E-1 6.44128E-1 6.4943E-1 6.55653E-1 7.00074E-1 7.10965E-1 7.17129E-1 7.48101E-1 7.55403E-1 7.64176E-1 7.66264E-1 8.01192E-1 7.87169E-1 7.56652E-1 7.66868E-1 7.7442E-1 7.77477E-1 7.93278E-1 8.35992E-1 8.4343E-1 8.4904E-1 8.58329E-1 8.65801E-1 8.80087E-1 8.76903E-1 8.80108E-1 8.71687E-1
4.35861E-1 4.57778E-1 4.24279E-1 4.05458E-1 4.23365E-1 4.11525E-1 4.05501E-1 3.82342E-1 3.97291E-1 3.9925E-1 4.13662E-1 4.39726E-1 4.28862E-1 4.45277E-1 4.36329E-1 4.61083E-1 4.69425E-1 4.86136E-1 4.77584E-1 5.10924E-1 4.82711E-1 5.05309E-1 5.24791E-1 5.20989E-1 4.97633E-1 4.6239E-1 4.53355E-1 4.57333E-1 4.90124E-1 5.33017E-1 5.25637E-1 5.16926E-1 5.44477E-1 5.61723E-1 5.78203E-1 5.72769E-1 5.74962E-1 5.80693E-1 5.6768E-1 5.98492E-1 5.75494E-1 5.76263E-1 5.9894E-1 6.29124E-1 6.20808E-1 5.9436E-1 6.26005E-1 6.46104E-1 6.63784E-1 6.87378E-1 7.08929E-1 7.17063E-1 7.35505E-1 7.5363E-1 7.47175E-1 7.6863E-1 7.89536E-1 7.90646E-1 7.9938E-1 8.1414E-1 8.29808E-1 8.32651E-1 8.41442E-1 8.45683E-1 8.56121E-1 8.49988E-1 8.41313E-1 8.55E-1 8.57495E-1 8.72259E-1 8.84758E-1 8.93531E-1
4.09493E-1 4.31125E-1 4.12871E-1 4.02699E-1 4.02974E-1 3.9244E-1 3.50891E-1 3.45302E-1 3.59855E-1 3.77775E-1 4.04379E-1 4.14454E-1 4.12728E-1 3.98486E-1 3.85288E-1 4.37884E-1 4.39024E-1 4.8484E-1 4.92685E-1 5.13299E-1 5.10406E-1 5.19312E-1 5.11869E-1 5.38213E-1 4.99789E-1 4.70664E-1 4.64067E-1 4.58406E-1 5.15184E-1 5.17178E-1 5.35693E-1 4.86376E-1 5.12733E-1 5.41615E-1 5.32101E-1 5.23743E-1 5.32561E-1 5.78747E-1 5.85506E-1 5.53835E-1 5.2587E-1 5.37901E-1 5.76939E-1 6.13752E-1 6.15971E-1 6.41474E-1 6.688E-1 6.57569E-1 6.70293E-1 6.82495E-1 6.9908E-1 7.23594E-1 7.29173E-1 7.48313E-1 7.59186E-1 7.86272E-1 8.04299E-1 7.97612E-1 8.09733E-1 8.20112E-1 8.31077E-1 8.42228E-1 8.34271E-1 8.26732E-1 8.43353E-1 8.4596E-1 8.385E-1 8.53928E-1 8.49215E-1 8.67772E-1 8.66002E-1 8.7844E-1
4.05641E-1 4.25382E-1 3.94346E-1 3.71369E-1 3.70437E-1 3.49053E-1 2.9331E-1 2.68081E-1 3.11708E-1 3.787E-1 3.92686E-1 3.80525E-1 3.60626E-1 3.7801E-1 3.51969E-1 3.44786E-1 3.77208E-1 4.99066E-1 5.10462E-1 5.14526E-1 5.17087E-1 5.31422E-1 5.10273E-1 5.45202E-1 5.13947E-1 4.99704E-1 5.04205E-1 5.13689E-1 5.25802E-1 5.3136E-1 5.51325E-1 5.33082E-1 5.41031E-1 5.52659E-1 5.64875E-1 5.5528E-1 5.54256E-1 5.74024E-1 5.78843E-1 5.51468E-1 5.16238E-1 5.47432E-1 5.71417E-1 6.25698E-1 6.12435E-1 6.62064E-1 6.62809E-1 6.75527E-1 6.67214E-1 6.99525E-1 6.97086E-1 7.05219E-1 7.26317E-1 7.43296E-1 7.63563E-1 7.85921E-1 7.98529E-1 7.84971E-1 8.14875E-1 8.11019E-1 8.14447E-1 8.2365E-1 8.32998E-1 8.21148E-1 8.31825E-1 8.58883E-1 8.48581E-1 8.66237E-1 8.7518E-1 8.54812E-1 8.69625E-1 8.7716E-1
4.51697E-1 4.50011E-1 3.90898E-1 3.81327E-1 3.8217E-1 3.3175E-1 2.44002E-1 2.50884E-1 3.37987E-1 3.94141E-1 3.55833E-1 3.56001E-1 3.36932E-1 3.13501E-1 2.7563E-1 3.08231E-1 3.72331E-1 5.5999E-1 5.62358E-1 5.46909E-1 5.3506E-1 5.33935E-1 5.3728E-1 5.61907E-1 5.52633E-1 5.37482E-1 5.4864E-1 5.47312E-1 5.52766E-1 5.53425E-1 5.6501E-1 5.63242E-1 5.60181E-1 5.70889E-1 5.83113E-1 5.90721E-1 5.7918E-1 5.78761E-1 6.01228E-1 5.77133E-1 5.48164E-1 5.67803E-1 5.95755E-1 6.4127E-1 6.35893E-1 6.55897E-1 6.68679E-1 6.73933E-1 6.68013E-1 6.90469E-1 6.87476E-1 6.91529E-1 7.13291E-1 7.44983E-1 7.44019E-1 7.88766E-1 7.7659E-1 7.85952E-1 8.10429E-1 7.97353E-1 7.89967E-1 7.91879E-1 8.04364E-1 8.37349E-1 8.28044E-1 8.43273E-1 8.54821E-1 8.71048E-1 8.57933E-1 8.64093E-1 8.71662E-1 8.75791E-1
4.68101E-1 4.25011E-1 3.90813E-1 3.7821E-1 3.52011E-1 3.32539E-1 2.82155E-1 2.9015E-1 2.93577E-1 3.08561E-1 3.03405E-1 2.78068E-1 3.04888E-1 3.29108E-1 3.07846E-1 3.86674E-1 5.39246E-1 6.21967E-1 6.06348E-1 5.67529E-1 5.60943E-1 5.60772E-1 5.54705E-1 5.55677E-1 5.4034E-1 5.62241E-1 5.79549E-1 5.78608E-1 5.79792E-1 5.70446E-1 5.74311E-1 6.07225E-1 5.69446E-1 5.98767E-1 6.00022E-1 6.09598E-1 5.98937E-1 6.12869E-1 6.22256E-1 6.00557E-1 5.78865E-1 5.82784E-1 6.00603E-1 6.38187E-1 6.37136E-1 6.5943E-1 6.87878E-1 6.84796E-1 6.80666E-1 6.89538E-1 6.75683E-1 7.04732E-1 7.21655E-1 7.41128E-1 7.38673E-1 7.77512E-1 7.86987E-1 8.11719E-1 7.92382E-1 7.99722E-1 7.90652E-1 7.84001E-1 7.97623E-1 8.53218E-1 8.43464E-1 8.47809E-1 8.55246E-1 8.58624E-1 8.57553E-1 8.67022E-1 8.55114E-1 8.56495E-1
4.50747E-1 4.04199E-1 3.8142E-1 3.51998E-1 3.32762E-1 3.39078E-1 3.11397E-1 2.33692E-1 2.29995E-1 1.91376E-1 2.16166E-1 2.47214E-1 2.63555E-1 4.07224E-1 5.14116E-1 6.32297E-1 6.41469E-1 6.03926E-1 5.93786E-1 5.77918E-1 5.71725E-1 5.68319E-1 5.69862E-1 5.68118E-1 5.59585E-1 5.86033E-1 6.20572E-1 6.05614E-1 6.14251E-1 5.89878E-1 5.79591E-1 6.20172E-1 6.11862E-1 6.18321E-1 6.22016E-1 6.23905E-1 6.37286E-1 6.39357E-1 6.31833E-1 6.25416E-1 5.49913E-1 5.64809E-1 6.22932E-1 6.50226E-1 6.46944E-1 6.76231E-1 6.62434E-1 6.70587E-1 6.6766E-1 6.71125E-1 7.01945E-1 6.96875E-1 7.29704E-1 7.44223E-1 7.47093E-1 7.90429E-1 7.93834E-1 8.09203E-1 7.9693E-1 7.85044E-1 7.64287E-1 7.94264E-1 8.24642E-1 8.40374E-1 8.41896E-1 8.40621E-1 8.52234E-1 8.51429E-1 8.6034E-1 8.47851E-1 8.35307E-1 8.36001E-1
4.25791E-1 3.95948E-1 3.75059E-1 3.28765E-1 3.22962E-1 3.05649E-1 3.02529E-1 2.42687E-1 2.29302E-1 1.36552E-1 1.54382E-1 3.88056E-1 4.03719E-1 4.36221E-1 5.30344E-1 6.44768E-1 6.2524E-1 5.58805E-1 5.87708E-1 5.77604E-1 5.95681E-1 5.88001E-1 5.87952E-1 5.84059E-1 6.05231E-1 6.18351E-1 6.21113E-1 6.08311E-1 6.20865E-1 6.06586E-1 6.01186E-1 6.50314E-1 6.64823E-1 6.39791E-1 6.66586E-1 6.54418E-1 6.554E-1 6.47306E-1 6.48149E-1 6.14343E-1 5.15251E-1 5.19807E-1 6.2764E-1 6.45847E-1 6.42553E-1 6.31074E-1 6.31253E-1 6.57216E-1 6.89363E-1 6.94404E-1 6.90837E-1 7.09272E-1 7.21155E-1 7.39313E-1 7.50039E-1 7.65254E-1 8.05281E-1 7.90342E-1 7.81682E-1 7.92102E-1 7.66859E-1 8.15177E-1 8.44145E-1 8.26115E-1 7.9931E-1 8.25019E-1 8.33427E-1 8.34084E-1 8.09346E-1 8.01165E-1 8.14225E-1 8.23008E-1
4.23566E-1 3.9193E-1 3.6695E-1 2.89436E-1 2.78385E-1 2.41276E-1 3.27885E-1 2.64524E-1 2.38012E-1 1.76637E-1 2.30914E-1 3.78027E-1 4.72839E-1 5.12956E-1 6.40738E-1 6.22665E-1 5.81643E-1 5.48737E-1 5.86848E-1 5.9351E-1 6.3055E-1 6.42776E-1 6.26704E-1 6.24925E-1 6.46973E-1 6.68917E-1 6.56656E-1 6.48236E-1 6.63845E-1 6.34792E-1 6.43347E-1 6.66775E-1 6.77224E-1 6.67207E-1 6.6541E-1 6.51097E-1 6.37417E-1 6.27755E-1 6.18361E-1 6.12094E-1 5.7324E-1 6.01891E-1 6.13398E-1 6.23051E-1 6.81222E-1 5.84293E-1 5.91736E-1 6.41785E-1 6.71724E-1 7.09416E-1 7.16026E-1 7.06527E-1 7.3076E-1 7.39237E-1 7.2456E-1 7.6584E-1 7.64279E-1 7.62777E-1 7.80402E-1 7.95983E-1 7.88641E-1 7.9166E-1 8.25526E-1 8.15423E-1 8.00094E-1 8.18766E-1 8.1328E-1 7.96222E-1 7.91928E-1 7.90672E-1 7.85639E-1 7.83657E-1
4.19387E-1 3.93619E-1 3.54726E-1 2.27476E-1 2.18525E-1 2.17873E-1 3.6185E-1 2.76192E-1 2.51852E-1 2.49196E-1 4.05754E-1 4.78382E-1 5.8106E-1 5.71763E-1 6.23854E-1 6.25494E-1 5.62048E-1 5.03691E-1 6.02417E-1 6.27825E-1 6.56177E-1 6.70681E-1 6.45956E-1 6.64881E-1 6.7558E-1 6.84033E-1 6.69503E-1 6.66844E-1 6.74635E-1 6.55025E-1 6.47069E-1 6.70103E-1 6.70159E-1 6.43946E-1 6.46946E-1 6.2608E-1 6.22456E-1 6.34251E-1 6.32608E-1 6.23496E-1 6.74776E-1 6.25579E-1 6.10861E-1 7.07599E-1 6.82164E-1 6.17006E-1 6.35811E-1 6.95949E-1 7.31615E-1 7.52859E-1 7.25534E-1 7.25293E-1 7.2503E-1 7.42143E-1 7.43878E-1 7.67187E-1 7.72936E-1 7.63178E-1 7.67472E-1 7.82016E-1 7.70296E-1 7.87897E-1 7.88866E-1 7.9376E-1 7.95236E-1 7.70151E-1 7.78157E-1 7.81552E-1 7.68834E-1 7.76698E-1 7.64538E-1 7.91481E-1
4.30369E-1 4.01217E-1 3.55971E-1 2.17598E-1 2.33775E-1 1.94875E-1 3.54656E-1 2.93438E-1 3.337E-1 3.31271E-1 4.62614E-1 4.89843E-1 5.23252E-1 6.42218E-1 6.33411E-1 6.51894E-1 5.67033E-1 4.65334E-1 6.55845E-1 6.74923E-1 7.0212E-1 6.93243E-1 6.70168E-1 6.88524E-1 6.88963E-1 6.83039E-1 6.75437E-1 6.75769E-1 6.7097E-1 6.59278E-1 6.56025E-1 6.70364E-1 6.76439E-1 6.59243E-1 6.28311E-1 6.34012E-1 6.34621E-1 6.49987E-1 6.5079E-1 6.49744E-1 6.49999E-1 6.32053E-1 6.70274E-1 6.47947E-1 6.22649E-1 5.96541E-1 6.21857E-1 7.03533E-1 7.4867E-1 7.59139E-1 7.27988E-1 6.85101E-1 7.45564E-1 7.56532E-1 7.46852E-1 7.61673E-1 7.68917E-1 7.64743E-1 7.69737E-1 7.62692E-1 7.71312E-1 7.49788E-1 7.78582E-1 7.78433E-1 7.61534E-1 7.46173E-1 7.48294E-1 7.6407E-1 7.56793E-1 7.72194E-1 7.76004E-1 7.72633E-1
