Artocarpus altilis SDM files/Last interglacial/results (without the bias file)/Artalt_7.asc
ncols         1201
nrows         481
xllcorner     119.99986351115
yllcorner     -15.00013864885
cellsize      0.041666667
NODATA_value  -9999
[rows 320 to 351 of 481, columns 504 to 575 of 1201]
3.4958E-1 3.34412E-1 3.35375E-1 3.29601E-1 3.37829E-1 3.46583E-1 3.43394E-1 3.51197E-1 3.5393E-1 3.39267E-1 3.65837E-1 3.58567E-1 3.48119E-1 3.45335E-1 3.47726E-1 3.6855E-1 3.80486E-1 3.82408E-1 3.61677E-1 3.81612E-1 3.89358E-1 3.85102E-1 3.90885E-1 3.94139E-1 3.71772E-1 3.75436E-1 3.60889E-1 3.56756E-1 3.5972E-1 3.64185E-1 3.73416E-1 3.75182E-1 3.92358E-1 3.82893E-1 3.84874E-1 3.74755E-1 3.83278E-1 3.85682E-1 3.64307E-1 3.70041E-1 3.73215E-1 3.83069E-1 3.9929E-1 4.42421E-1 4.55748E-1 4.54202E-1 4.45592E-1 4.63582E-1 4.84043E-1 4.72244E-1 4.92828E-1 4.98723E-1 5.08566E-1 5.24194E-1 5.217E-1 5.27026E-1 5.63914E-1 5.72127E-1 6.04094E-1 6.10381E-1 -9999 -9999 -9999 -9999 -9999 -9999 -9999 -9999 -9999 -9999 -9999 -9999
3.40917E-1 3.31789E-1 3.26339E-1 3.28074E-1 3.31845E-1 3.33878E-1 3.30104E-1 3.35518E-1 3.29855E-1 3.36906E-1 3.61679E-1 3.49849E-1 3.56202E-1 3.41488E-1 3.53807E-1 3.59327E-1 3.6362E-1 3.48721E-1 3.47492E-1 3.66737E-1 3.80623E-1 3.80688E-1 3.83822E-1 3.46328E-1 3.48404E-1 3.58192E-1 3.7023E-1 3.44997E-1 3.40202E-1 3.49399E-1 3.58263E-1 3.64138E-1 3.64762E-1 3.75539E-1 3.71877E-1 3.73173E-1 3.70524E-1 3.63825E-1 3.78445E-1 4.2315E-1 3.88934E-1 3.86096E-1 3.869E-1 3.93072E-1 4.38461E-1 4.55516E-1 4.60301E-1 4.60666E-1 4.71533E-1 4.89858E-1 4.85425E-1 4.93143E-1 5.20245E-1 5.1542E-1 5.43744E-1 5.38812E-1 5.61001E-1 5.91722E-1 5.91217E-1 6.08898E-1 6.3266E-1 6.58197E-1 6.76894E-1 6.95245E-1 -9999 -9999 -9999 -9999 -9999 -9999 -9999 -9999
3.50933E-1 3.27365E-1 3.24694E-1 3.25443E-1 3.33041E-1 3.45825E-1 3.2825E-1 3.3724E-1 3.34889E-1 3.46803E-1 3.66542E-1 3.58072E-1 3.5422E-1 3.53352E-1 3.45431E-1 3.47775E-1 3.53974E-1 3.54659E-1 3.59318E-1 3.59055E-1 3.26023E-1 3.75217E-1 3.35042E-1 3.38023E-1 3.67283E-1 3.65797E-1 3.64749E-1 3.41259E-1 3.44082E-1 3.39333E-1 3.691E-1 3.59468E-1 3.68348E-1 3.75139E-1 3.67149E-1 3.72009E-1 3.61673E-1 3.65677E-1 3.64124E-1 3.81592E-1 3.97708E-1 4.3045E-1 3.76363E-1 3.99254E-1 3.87092E-1 4.052E-1 4.17232E-1 4.50107E-1 4.62488E-1 4.92027E-1 4.92717E-1 -9999 -9999 5.2733E-1 5.23768E-1 5.53716E-1 5.72436E-1 5.89117E-1 5.9931E-1 6.24086E-1 6.43353E-1 6.62473E-1 6.91762E-1 6.99818E-1 7.21455E-1 -9999 -9999 -9999 -9999 -9999 -9999 -9999
3.64404E-1 3.33535E-1 3.26968E-1 3.30727E-1 3.28016E-1 3.38147E-1 3.44378E-1 3.40432E-1 3.39209E-1 3.32944E-1 3.48683E-1 3.57893E-1 3.49659E-1 3.45099E-1 3.5091E-1 3.49943E-1 3.56839E-1 3.5498E-1 3.54777E-1 3.58583E-1 3.61409E-1 3.40581E-1 3.24247E-1 3.26797E-1 3.20932E-1 3.43374E-1 3.44444E-1 3.29101E-1 3.42323E-1 3.44961E-1 3.51891E-1 3.53978E-1 3.6683E-1 3.66035E-1 3.63714E-1 3.53659E-1 3.68831E-1 3.71364E-1 3.67442E-1 3.73514E-1 3.83922E-1 3.71589E-1 3.72128E-1 3.74447E-1 4.00312E-1 3.94419E-1 4.14563E-1 4.55388E-1 4.70916E-1 4.5055E-1 -9999 -9999 5.05464E-1 5.18521E-1 5.39353E-1 5.54455E-1 5.89156E-1 5.98324E-1 6.08945E-1 6.31951E-1 6.48047E-1 6.53965E-1 6.95386E-1 7.06481E-1 7.18444E-1 7.32092E-1 7.60631E-1 -9999 -9999 -9999 -9999 -9999
3.5532E-1 3.38765E-1 3.28936E-1 3.32962E-1 3.24446E-1 3.3732E-1 3.31868E-1 3.33797E-1 3.31175E-1 3.27799E-1 3.3688E-1 3.44838E-1 3.49193E-1 3.42112E-1 3.44997E-1 3.37541E-1 3.11023E-1 3.06196E-1 3.20092E-1 3.64243E-1 3.22117E-1 3.29349E-1 3.27874E-1 3.2375E-1 3.20238E-1 3.47631E-1 3.36339E-1 3.27593E-1 3.37341E-1 3.45488E-1 3.38582E-1 3.47605E-1 3.4483E-1 3.63276E-1 3.62936E-1 3.58545E-1 3.55526E-1 3.49321E-1 3.61565E-1 3.83737E-1 3.95616E-1 3.88295E-1 3.84878E-1 3.85514E-1 3.75738E-1 3.83607E-1 4.03816E-1 4.14739E-1 4.1949E-1 4.84648E-1 4.84715E-1 4.92461E-1 5.11193E-1 5.28747E-1 5.43253E-1 5.67211E-1 5.72856E-1 5.82873E-1 6.28842E-1 6.38869E-1 6.48095E-1 6.56527E-1 6.76113E-1 6.95732E-1 -9999 7.44708E-1 7.42966E-1 -9999 -9999 -9999 -9999 -9999
3.4162E-1 3.37265E-1 3.21959E-1 3.20906E-1 3.18449E-1 3.33914E-1 3.24203E-1 3.27813E-1 3.32901E-1 3.33038E-1 3.25819E-1 3.25643E-1 3.37879E-1 3.60595E-1 3.52558E-1 3.12903E-1 3.52568E-1 3.16769E-1 3.15763E-1 3.19041E-1 3.34375E-1 3.79155E-1 3.24353E-1 3.2988E-1 3.39843E-1 3.33566E-1 3.18317E-1 3.17741E-1 3.32946E-1 3.30848E-1 3.34628E-1 3.47524E-1 3.60328E-1 3.39411E-1 3.58392E-1 3.50387E-1 3.51911E-1 3.5471E-1 3.59232E-1 3.73381E-1 3.84659E-1 3.84988E-1 3.81617E-1 3.99319E-1 3.91204E-1 3.89421E-1 4.07951E-1 4.16129E-1 4.20371E-1 4.74873E-1 4.73688E-1 4.88985E-1 5.15906E-1 5.25131E-1 5.38196E-1 5.75839E-1 5.81312E-1 5.8267E-1 5.99741E-1 6.29153E-1 6.51988E-1 6.73672E-1 6.73676E-1 6.94544E-1 6.98796E-1 7.27628E-1 7.55349E-1 7.63672E-1 -9999 -9999 -9999 -9999
3.48108E-1 3.35393E-1 3.3535E-1 3.32441E-1 3.24892E-1 3.29634E-1 3.18563E-1 3.2462E-1 3.30896E-1 3.10893E-1 3.26814E-1 2.91468E-1 3.02526E-1 3.5959E-1 3.15157E-1 3.13359E-1 3.49801E-1 3.002E-1 3.20299E-1 3.27688E-1 3.27168E-1 3.29819E-1 3.26821E-1 3.26204E-1 3.30592E-1 3.28011E-1 3.22252E-1 3.19222E-1 3.20447E-1 3.27171E-1 3.34095E-1 3.34222E-1 3.40902E-1 3.36983E-1 3.41241E-1 3.42795E-1 3.61091E-1 3.53219E-1 3.57358E-1 3.72605E-1 3.66679E-1 3.76478E-1 3.58778E-1 3.71691E-1 3.83683E-1 3.96553E-1 4.07131E-1 4.45309E-1 4.25457E-1 4.37312E-1 4.84911E-1 4.90367E-1 5.06495E-1 5.28527E-1 5.60685E-1 5.63993E-1 5.91308E-1 5.82596E-1 6.13685E-1 6.33295E-1 6.46975E-1 -9999 6.86644E-1 6.99608E-1 -9999 -9999 7.52061E-1 7.57087E-1 -9999 -9999 -9999 -9999
3.42466E-1 3.43014E-1 3.3785E-1 3.29573E-1 3.13173E-1 3.23761E-1 3.25487E-1 3.31243E-1 3.32004E-1 3.22722E-1 3.36178E-1 3.01068E-1 3.43446E-1 3.027E-1 3.54004E-1 3.24111E-1 3.04482E-1 3.01663E-1 3.33574E-1 3.3573E-1 3.26846E-1 3.17265E-1 3.12762E-1 3.19813E-1 3.17748E-1 3.38041E-1 3.28849E-1 3.26483E-1 3.19343E-1 3.25611E-1 3.29346E-1 3.23612E-1 3.40393E-1 3.33125E-1 3.28208E-1 3.45034E-1 3.4271E-1 3.39706E-1 3.4823E-1 3.59736E-1 3.70632E-1 3.64605E-1 3.73429E-1 3.80548E-1 3.8191E-1 3.96841E-1 4.00545E-1 4.38127E-1 4.61126E-1 4.78514E-1 4.96706E-1 5.01525E-1 5.10985E-1 5.36237E-1 5.57354E-1 5.91941E-1 5.88883E-1 6.09746E-1 6.31721E-1 6.32942E-1 6.3757E-1 6.55363E-1 -9999 -9999 -9999 -9999 -9999 -9999 -9999 -9999 -9999 -9999
3.28482E-1 3.4462E-1 3.2516E-1 3.2515E-1 3.18914E-1 3.36123E-1 3.13146E-1 3.17588E-1 3.33096E-1 3.27779E-1 3.25808E-1 3.38564E-1 3.03562E-1 3.01283E-1 3.38102E-1 3.29773E-1 3.12029E-1 3.05562E-1 3.05045E-1 3.1054E-1 3.15063E-1 3.17789E-1 3.13166E-1 3.15302E-1 3.16769E-1 3.23025E-1 3.24641E-1 3.19208E-1 3.22039E-1 3.21401E-1 3.20804E-1 3.38663E-1 3.19975E-1 3.24512E-1 3.32285E-1 3.30497E-1 3.35473E-1 3.31314E-1 3.40923E-1 3.60077E-1 3.55809E-1 3.58808E-1 3.84209E-1 3.73325E-1 3.78856E-1 3.93761E-1 4.0504E-1 4.12978E-1 4.17598E-1 4.78719E-1 4.39436E-1 4.99845E-1 5.20637E-1 5.35516E-1 5.62927E-1 5.69971E-1 6.11528E-1 6.07286E-1 -9999 6.49235E-1 6.46021E-1 6.64941E-1 6.86742E-1 6.87674E-1 -9999 -9999 -9999 -9999 -9999 -9999 -9999 -9999
3.37028E-1 3.4594E-1 3.28815E-1 3.23071E-1 3.28818E-1 2.9204E-1 3.25282E-1 3.26017E-1 2.85716E-1 2.82112E-1 2.98383E-1 3.0194E-1 3.13095E-1 3.25877E-1 3.24562E-1 3.10758E-1 3.01987E-1 3.12551E-1 3.1186E-1 3.297E-1 3.29267E-1 3.2843E-1 3.27523E-1 3.27173E-1 3.09789E-1 3.16994E-1 3.18157E-1 3.24576E-1 3.20827E-1 3.07214E-1 3.18347E-1 3.20766E-1 3.28561E-1 3.33255E-1 3.18147E-1 3.23991E-1 3.32229E-1 3.33722E-1 3.4179E-1 3.45456E-1 3.50362E-1 3.56811E-1 3.67612E-1 3.67269E-1 3.6787E-1 3.85527E-1 4.10378E-1 4.00702E-1 4.21895E-1 4.3713E-1 4.47133E-1 5.10151E-1 5.21173E-1 5.42719E-1 5.63287E-1 5.77654E-1 6.08982E-1 6.13854E-1 6.43242E-1 -9999 -9999 6.73846E-1 6.86266E-1 7.04392E-1 -9999 -9999 -9999 -9999 -9999 -9999 -9999 -9999
3.38977E-1 3.41456E-1 3.35479E-1 3.28607E-1 3.31326E-1 2.97416E-1 2.85366E-1 2.93854E-1 2.99726E-1 2.97635E-1 3.08586E-1 2.92117E-1 3.64716E-1 3.1382E-1 3.05446E-1 3.01012E-1 3.1498E-1 3.20749E-1 3.21246E-1 3.21378E-1 3.23424E-1 3.19231E-1 3.28347E-1 3.19779E-1 3.18738E-1 3.15595E-1 3.17121E-1 3.16886E-1 3.29919E-1 3.06652E-1 3.19407E-1 3.16664E-1 3.24473E-1 3.35208E-1 3.2698E-1 3.32229E-1 3.28754E-1 3.37296E-1 3.39271E-1 3.51367E-1 3.51609E-1 3.55076E-1 3.73927E-1 3.57755E-1 3.80855E-1 3.99685E-1 3.93651E-1 4.16854E-1 4.33496E-1 4.47147E-1 4.9593E-1 5.12962E-1 5.26632E-1 5.44697E-1 5.70225E-1 5.86662E-1 6.14275E-1 6.27457E-1 6.4424E-1 -9999 -9999 -9999 7.00585E-1 7.00893E-1 -9999 -9999 -9999 -9999 -9999 -9999 -9999 -9999
3.47268E-1 2.97385E-1 3.30447E-1 3.28082E-1 3.31292E-1 2.99774E-1 2.93329E-1 2.9887E-1 3.09062E-1 3.15534E-1 3.04498E-1 2.96578E-1 2.99328E-1 3.0928E-1 2.98043E-1 3.08133E-1 3.07606E-1 3.17016E-1 3.0381E-1 3.33428E-1 3.23636E-1 3.22486E-1 3.18245E-1 3.13749E-1 3.10665E-1 3.07707E-1 3.12191E-1 3.02531E-1 3.07584E-1 3.15907E-1 3.09119E-1 3.17654E-1 3.19306E-1 3.19747E-1 3.25292E-1 3.20288E-1 3.24079E-1 3.34032E-1 3.3353E-1 3.32761E-1 3.50319E-1 3.45599E-1 3.54583E-1 3.62251E-1 3.73347E-1 3.86276E-1 3.93632E-1 4.2311E-1 4.28814E-1 4.46084E-1 4.60217E-1 4.78251E-1 4.89522E-1 4.96348E-1 5.56628E-1 5.81848E-1 6.13702E-1 6.11917E-1 6.39968E-1 -9999 -9999 -9999 -9999 -9999 -9999 -9999 -9999 -9999 -9999 -9999 -9999 -9999
3.4497E-1 3.08921E-1 2.97524E-1 2.97265E-1 3.04476E-1 3.10653E-1 2.85758E-1 2.95546E-1 3.21499E-1 3.09527E-1 2.97311E-1 3.05788E-1 2.9256E-1 2.98662E-1 3.16323E-1 3.14867E-1 3.17781E-1 3.11548E-1 3.07674E-1 3.14939E-1 3.07021E-1 3.09751E-1 3.10023E-1 3.22414E-1 3.11779E-1 3.07844E-1 3.01937E-1 3.10618E-1 3.1041E-1 3.01879E-1 3.13935E-1 3.09169E-1 3.14219E-1 3.17278E-1 3.26017E-1 3.13623E-1 3.23395E-1 3.20788E-1 3.33401E-1 3.43257E-1 3.3937E-1 3.51213E-1 3.61049E-1 3.70412E-1 3.77896E-1 3.89678E-1 3.98896E-1 4.16647E-1 4.31177E-1 4.53152E-1 4.69682E-1 5.29153E-1 5.35167E-1 5.0784E-1 5.71716E-1 5.90976E-1 6.14435E-1 6.22172E-1 6.37396E-1 -9999 -9999 -9999 -9999 -9999 -9999 -9999 -9999 -9999 -9999 -9999 -9999 -9999
3.48216E-1 2.98689E-1 3.02524E-1 2.95924E-1 3.03648E-1 3.13017E-1 2.838E-1 2.98082E-1 3.05323E-1 2.98707E-1 2.98985E-1 2.99715E-1 3.04297E-1 2.99084E-1 2.9366E-1 2.93264E-1 3.01472E-1 3.02161E-1 3.15343E-1 3.0999E-1 3.1435E-1 3.06499E-1 3.06431E-1 3.01695E-1 3.1285E-1 3.04521E-1 2.93742E-1 2.95798E-1 3.00752E-1 3.05202E-1 2.99789E-1 3.00388E-1 2.98964E-1 3.13032E-1 3.09789E-1 3.24558E-1 3.16246E-1 3.28802E-1 3.32547E-1 3.36816E-1 3.36566E-1 3.48378E-1 3.58052E-1 3.69883E-1 3.68491E-1 3.77581E-1 4.00773E-1 4.10655E-1 4.37209E-1 4.39115E-1 4.66111E-1 4.79435E-1 5.42515E-1 5.15541E-1 5.79837E-1 5.96464E-1 6.0008E-1 6.19163E-1 -9999 -9999 -9999 -9999 -9999 -9999 -9999 -9999 -9999 -9999 -9999 -9999 -9999 -9999
2.89053E-1 2.97753E-1 3.07564E-1 3.00122E-1 2.93337E-1 3.00373E-1 3.06354E-1 3.06756E-1 3.08011E-1 3.10984E-1 3.05642E-1 3.0135E-1 3.04526E-1 2.99058E-1 3.01694E-1 3.02782E-1 2.98942E-1 3.10595E-1 3.11922E-1 3.19819E-1 3.18295E-1 3.08626E-1 3.08264E-1 2.91815E-1 2.94197E-1 3.08551E-1 2.93164E-1 2.82605E-1 2.8475E-1 2.95206E-1 2.93171E-1 2.99952E-1 2.96257E-1 3.00951E-1 3.09298E-1 3.17574E-1 3.11923E-1 3.28339E-1 3.20221E-1 3.46463E-1 3.37564E-1 3.49158E-1 3.66386E-1 3.62603E-1 3.83737E-1 3.86991E-1 4.06228E-1 4.12493E-1 4.35545E-1 4.58771E-1 4.72669E-1 4.79674E-1 4.85101E-1 5.63712E-1 5.83872E-1 5.97525E-1 6.10164E-1 6.31053E-1 -9999 -9999 -9999 -9999 -9999 -9999 -9999 -9999 -9999 -9999 -9999 -9999 -9999 -9999
2.93608E-1 2.90982E-1 3.05428E-1 2.88856E-1 2.99932E-1 3.12185E-1 3.14402E-1 3.0384E-1 2.954E-1 2.99273E-1 3.03531E-1 3.01027E-1 3.09162E-1 3.05134E-1 3.16599E-1 3.08106E-1 3.05856E-1 2.97755E-1 3.01391E-1 3.09063E-1 3.13177E-1 3.00798E-1 2.9919E-1 2.93937E-1 2.86004E-1 2.9555E-1 2.82455E-1 2.95793E-1 2.81482E-1 2.7981E-1 2.79181E-1 2.87051E-1 2.90424E-1 2.92275E-1 3.03773E-1 3.09703E-1 3.09446E-1 3.23873E-1 3.16739E-1 3.3266E-1 3.48396E-1 3.41006E-1 3.5949E-1 3.75241E-1 3.88866E-1 3.91548E-1 4.11785E-1 4.32805E-1 4.40044E-1 4.67572E-1 4.78804E-1 4.8377E-1 4.95139E-1 5.67968E-1 5.34506E-1 5.87278E-1 6.10533E-1 6.33033E-1 -9999 -9999 -9999 -9999 -9999 -9999 -9999 -9999 -9999 -9999 -9999 -9999 -9999 -9999
2.90903E-1 2.98387E-1 2.88358E-1 3.01337E-1 3.10479E-1 3.15573E-1 3.16388E-1 3.08682E-1 3.02071E-1 3.06644E-1 2.96597E-1 3.0186E-1 3.06226E-1 3.05811E-1 3.04156E-1 3.02948E-1 3.10499E-1 3.02504E-1 3.05506E-1 2.98014E-1 3.13972E-1 3.02152E-1 2.95638E-1 2.94211E-1 2.88126E-1 2.80695E-1 2.90294E-1 2.87327E-1 2.83877E-1 2.74574E-1 2.83233E-1 2.86117E-1 2.93405E-1 2.91006E-1 3.0025E-1 2.96729E-1 3.06349E-1 3.15815E-1 3.16269E-1 3.27798E-1 3.4366E-1 3.53399E-1 3.67377E-1 3.70234E-1 3.92425E-1 4.00631E-1 4.18905E-1 4.26042E-1 4.49262E-1 4.53624E-1 4.8395E-1 4.81315E-1 5.07197E-1 5.26909E-1 5.44728E-1 6.00598E-1 6.14022E-1 6.32786E-1 6.40181E-1 -9999 -9999 -9999 -9999 -9999 -9999 -9999 -9999 -9999 -9999 -9999 -9999 -9999
2.90524E-1 2.93938E-1 3.05826E-1 3.18601E-1 3.12753E-1 3.05495E-1 3.08031E-1 3.01974E-1 3.16197E-1 3.06908E-1 3.11959E-1 3.03772E-1 3.15453E-1 3.09048E-1 3.00809E-1 3.0117E-1 3.09424E-1 3.01976E-1 3.07639E-1 2.98188E-1 2.91906E-1 2.97398E-1 3.01387E-1 2.92348E-1 2.83404E-1 2.73705E-1 2.66595E-1 2.75719E-1 2.75598E-1 2.73966E-1 2.84671E-1 2.80923E-1 2.94846E-1 2.91902E-1 2.92143E-1 3.00492E-1 2.97941E-1 3.12743E-1 3.10922E-1 3.32172E-1 3.39439E-1 3.54778E-1 3.59681E-1 3.808E-1 3.79364E-1 3.99733E-1 4.12035E-1 4.30318E-1 4.50664E-1 4.69875E-1 4.93622E-1 4.97915E-1 5.12791E-1 5.33633E-1 5.34099E-1 5.52877E-1 6.14936E-1 6.16383E-1 6.30535E-1 -9999 -9999 -9999 -9999 -9999 -9999 -9999 -9999 -9999 -9999 -9999 -9999 -9999
2.93206E-1 2.9605E-1 3.02665E-1 3.04627E-1 3.02592E-1 3.02993E-1 3.01381E-1 3.02132E-1 2.99984E-1 3.08206E-1 3.07427E-1 3.06928E-1 3.10593E-1 3.1031E-1 3.10233E-1 3.12241E-1 3.10258E-1 3.00525E-1 3.02211E-1 3.04479E-1 2.96016E-1 2.93979E-1 2.89631E-1 2.95521E-1 2.90585E-1 2.77126E-1 2.75888E-1 2.78264E-1 2.82843E-1 2.76404E-1 2.8042E-1 2.81322E-1 2.86934E-1 2.78367E-1 2.86971E-1 2.82552E-1 2.97295E-1 3.01842E-1 3.17171E-1 3.2057E-1 3.24563E-1 3.51512E-1 3.59311E-1 3.70778E-1 3.79938E-1 4.02968E-1 4.14628E-1 4.39569E-1 4.63952E-1 4.72105E-1 4.84418E-1 5.00439E-1 5.25343E-1 5.8605E-1 -9999 -9999 -9999 6.20883E-1 -9999 -9999 -9999 -9999 -9999 -9999 -9999 -9999 -9999 -9999 -9999 -9999 -9999 -9999
3.0392E-1 2.98001E-1 2.93639E-1 2.98953E-1 3.03245E-1 2.95015E-1 2.91154E-1 3.05238E-1 2.9843E-1 3.02716E-1 3.05346E-1 3.1348E-1 3.10269E-1 3.13704E-1 3.05522E-1 3.1612E-1 3.14176E-1 3.04189E-1 3.14635E-1 3.00211E-1 3.03122E-1 2.97539E-1 2.92399E-1 2.9165E-1 2.83309E-1 2.87346E-1 2.80279E-1 2.82223E-1 2.80358E-1 2.73824E-1 2.66229E-1 2.7972E-1 2.79759E-1 2.78091E-1 2.83384E-1 2.86813E-1 2.91052E-1 2.84165E-1 3.00308E-1 3.08122E-1 3.36963E-1 3.38788E-1 3.46585E-1 3.73976E-1 3.90137E-1 3.98445E-1 4.21526E-1 4.39724E-1 4.43692E-1 4.70766E-1 4.78626E-1 -9999 5.28118E-1 5.27431E-1 5.42342E-1 -9999 -9999 -9999 -9999 -9999 -9999 -9999 -9999 -9999 -9999 -9999 -9999 -9999 -9999 -9999 -9999 -9999
3.05871E-1 2.87614E-1 2.86876E-1 2.98597E-1 2.90896E-1 2.9992E-1 3.08815E-1 3.15256E-1 3.20159E-1 3.22984E-1 3.1678E-1 3.14384E-1 3.02647E-1 3.15357E-1 3.17347E-1 3.19375E-1 3.13056E-1 3.1059E-1 3.11094E-1 3.06723E-1 3.00142E-1 3.01402E-1 2.99809E-1 2.95632E-1 2.81144E-1 2.82332E-1 2.78507E-1 2.76965E-1 2.74908E-1 2.73231E-1 2.80983E-1 2.68186E-1 2.76981E-1 2.75457E-1 2.7273E-1 2.8461E-1 2.86017E-1 2.98008E-1 2.94087E-1 3.09261E-1 3.29115E-1 3.40532E-1 3.49886E-1 3.68897E-1 3.90401E-1 4.04825E-1 4.06799E-1 4.29223E-1 -9999 -9999 -9999 -9999 5.26384E-1 5.27061E-1 5.50081E-1 -9999 -9999 -9999 -9999 -9999 -9999 -9999 -9999 -9999 -9999 -9999 -9999 -9999 -9999 -9999 -9999 -9999
-9999 2.94963E-1 3.01391E-1 3.09086E-1 3.11769E-1 3.25921E-1 3.27682E-1 3.14682E-1 -9999 -9999 -9999 3.24282E-1 3.14144E-1 3.1218E-1 3.17933E-1 3.26609E-1 3.18177E-1 3.16932E-1 3.17264E-1 2.96713E-1 3.05909E-1 3.04483E-1 3.01044E-1 2.98452E-1 2.93859E-1 2.92847E-1 2.84981E-1 2.89461E-1 -9999 2.89313E-1 2.80207E-1 2.77144E-1 2.73062E-1 2.75358E-1 2.85298E-1 2.81065E-1 2.86766E-1 3.00063E-1 2.96735E-1 3.11095E-1 3.23589E-1 3.34706E-1 3.56499E-1 3.7329E-1 3.9456E-1 4.06016E-1 4.18513E-1 4.35776E-1 4.50023E-1 4.66184E-1 4.84161E-1 -9999 -9999 -9999 -9999 -9999 -9999 -9999 -9999 -9999 -9999 -9999 -9999 -9999 -9999 -9999 -9999 -9999 -9999 -9999 -9999 -9999
-9999 -9999 3.10686E-1 3.15895E-1 3.20906E-1 3.16189E-1 3.34725E-1 -9999 -9999 -9999 -9999 -9999 3.14155E-1 3.27752E-1 3.22982E-1 3.10606E-1 3.22245E-1 -9999 -9999 -9999 3.08998E-1 3.06874E-1 -9999 2.99593E-1 3.0259E-1 2.96272E-1 -9999 2.8665E-1 2.88181E-1 3.01545E-1 2.885E-1 2.89269E-1 2.82413E-1 2.84603E-1 2.85997E-1 2.91499E-1 2.90908E-1 2.97059E-1 3.12858E-1 3.20636E-1 3.38872E-1 3.43955E-1 3.5525E-1 3.78624E-1 3.85086E-1 -9999 -9999 -9999 4.52241E-1 4.66901E-1 4.93228E-1 -9999 -9999 -9999 -9999 -9999 -9999 -9999 -9999 -9999 -9999 -9999 -9999 -9999 -9999 -9999 -9999 -9999 -9999 -9999 -9999 -9999
-9999 -9999 -9999 -9999 -9999 -9999 -9999 -9999 -9999 -9999 -9999 -9999 -9999 -9999 -9999 -9999 -9999 -9999 -9999 -9999 -9999 -9999 -9999 -9999 -9999 -9999 2.95442E-1 2.8936E-1 2.92508E-1 2.90734E-1 2.94816E-1 -9999 -9999 -9999 2.91754E-1 2.96217E-1 2.92195E-1 3.02516E-1 3.21201E-1 3.23545E-1 3.40731E-1 3.52641E-1 3.63474E-1 3.75222E-1 -9999 -9999 -9999 -9999 -9999 -9999 -9999 -9999 -9999 -9999 -9999 -9999 -9999 -9999 -9999 -9999 -9999 -9999 -9999 -9999 -9999 -9999 -9999 -9999 -9999 -9999 -9999 -9999
-9999 -9999 -9999 -9999 -9999 -9999 -9999 -9999 -9999 -9999 -9999 -9999 -9999 -9999 -9999 -9999 -9999 -9999 -9999 -9999 -9999 -9999 -9999 -9999 -9999 -9999 -9999 3.06052E-1 2.97634E-1 2.97449E-1 2.90846E-1 -9999 -9999 -9999 -9999 -9999 3.02835E-1 3.09304E-1 3.191E-1 3.22164E-1 3.29912E-1 3.45253E-1 -9999 -9999 -9999 -9999 -9999 -9999 -9999 -9999 -9999 -9999 -9999 -9999 -9999 -9999 -9999 -9999 -9999 -9999 -9999 -9999 -9999 -9999 -9999 -9999 -9999 -9999 -9999 -9999 -9999 -9999
-9999 -9999 -9999 -9999 -9999 -9999 -9999 -9999 -9999 -9999 -9999 -9999 -9999 -9999 -9999 -9999 -9999 -9999 -9999 -9999 -9999 -9999 -9999 -9999 -9999 -9999 -9999 -9999 -9999 -9999 -9999 -9999 -9999 -9999 -9999 -9999 -9999 3.13408E-1 3.24862E-1 3.4274E-1 3.44437E-1 -9999 -9999 -9999 -9999 -9999 -9999 -9999 -9999 -9999 -9999 -9999 -9999 -9999 -9999 -9999 -9999 -9999 -9999 -9999 -9999 -9999 -9999 -9999 -9999 -9999 -9999 -9999 -9999 -9999 -9999 -9999
-9999 -9999 -9999 -9999 -9999 -9999 -9999 -9999 -9999 -9999 -9999 -9999 -9999 -9999 -9999 -9999 -9999 -9999 -9999 -9999 -9999 -9999 -9999 -9999 -9999 -9999 -9999 -9999 -9999 -9999 -9999 -9999 -9999 -9999 -9999 -9999 -9999 -9999 3.35995E-1 3.35193E-1 3.50303E-1 3.57246E-1 3.72875E-1 3.80686E-1 -9999 -9999 -9999 -9999 -9999 -9999 -9999 -9999 -9999 -9999 -9999 -9999 -9999 -9999 -9999 -9999 -9999 -9999 -9999 -9999 -9999 -9999 -9999 -9999 -9999 -9999 -9999 -9999
-9999 -9999 -9999 -9999 -9999 -9999 -9999 -9999 -9999 -9999 -9999 -9999 -9999 -9999 -9999 -9999 -9999 -9999 -9999 -9999 -9999 -9999 -9999 -9999 -9999 -9999 -9999 -9999 -9999 -9999 -9999 -9999 -9999 -9999 -9999 -9999 3.23061E-1 -9999 3.4508E-1 3.4859E-1 3.51115E-1 3.62316E-1 -9999 -9999 -9999 -9999 -9999 -9999 -9999 -9999 -9999 -9999 -9999 -9999 -9999 -9999 -9999 -9999 -9999 -9999 -9999 -9999 -9999 -9999 -9999 -9999 -9999 -9999 -9999 -9999 -9999 -9999
-9999 -9999 -9999 -9999 -9999 -9999 -9999 -9999 -9999 -9999 -9999 -9999 -9999 -9999 -9999 -9999 -9999 -9999 -9999 -9999 -9999 -9999 -9999 -9999 -9999 -9999 -9999 -9999 -9999 -9999 -9999 -9999 -9999 -9999 -9999 -9999 -9999 -9999 -9999 -9999 -9999 -9999 -9999 -9999 -9999 -9999 -9999 -9999 -9999 -9999 -9999 -9999 -9999 -9999 -9999 -9999 -9999 -9999 -9999 -9999 -9999 -9999 -9999 -9999 -9999 -9999 -9999 -9999 -9999 -9999 -9999 -9999
-9999 -9999 -9999 -9999 -9999 -9999 -9999 -9999 -9999 -9999 -9999 -9999 -9999 3.01244E-1 -9999 -9999 -9999 -9999 -9999 -9999 -9999 -9999 -9999 -9999 -9999 -9999 -9999 -9999 -9999 -9999 -9999 -9999 -9999 -9999 -9999 -9999 -9999 -9999 -9999 -9999 -9999 -9999 -9999 -9999 -9999 -9999 -9999 -9999 -9999 -9999 -9999 -9999 -9999 -9999 -9999 -9999 -9999 -9999 -9999 -9999 -9999 -9999 -9999 -9999 -9999 -9999 -9999 -9999 -9999 -9999 -9999 -9999
-9999 -9999 -9999 -9999 -9999 -9999 -9999 -9999 -9999 -9999 -9999 -9999 -9999 -9999 -9999 -9999 -9999 -9999 -9999 -9999 -9999 -9999 -9999 -9999 -9999 -9999 -9999 -9999 -9999 -9999 3.22099E-1 3.32799E-1 -9999 -9999 -9999 -9999 -9999 -9999 -9999 -9999 -9999 -9999 -9999 -9999 -9999 -9999 -9999 -9999 -9999 -9999 -9999 -9999 -9999 -9999 -9999 -9999 -9999 -9999 -9999 -9999 -9999 -9999 -9999 -9999 -9999 -9999 -9999 -9999 -9999 -9999 -9999 -9999
-9999 -9999 -9999 -9999 -9999 -9999 -9999 -9999 -9999 -9999 -9999 -9999 -9999 -9999 -9999 -9999 -9999 -9999 -9999 -9999 -9999 -9999 -9999 -9999 -9999 -9999 -9999 -9999 -9999 -9999 -9999 3.37056E-1 -9999 -9999 -9999 -9999 -9999 -9999 -9999 -9999 -9999 -9999 -9999 -9999 -9999 -9999 -9999 -9999 -9999 -9999 -9999 -9999 -9999 -9999 -9999 -9999 -9999 -9999 -9999 -9999 -9999 -9999 -9999 -9999 -9999 -9999 5.69136E-1 -9999 -9999 -9999 -9999 -9999
