Artocarpus altilis SDM files/Last interglacial/results (without the bias file)/Artalt_8.asc
ncols         1201
nrows         481
xllcorner     119.99986351115
yllcorner     -15.00013864885
cellsize      0.041666667
NODATA_value  -9999
[rows 128 to 159 of 481, columns 288 to 359 of 1201]
-9999 -9999 -9999 -9999 -9999 -9999 -9999 -9999 -9999 -9999 -9999 -9999 -9999 -9999 -9999 -9999 -9999 -9999 -9999 -9999 -9999 -9999 -9999 -9999 -9999 -9999 -9999 -9999 -9999 -9999 -9999 -9999 -9999 -9999 -9999 -9999 -9999 -9999 -9999 -9999 -9999 -9999 -9999 -9999 -9999 -9999 -9999 -9999 -9999 -9999 -9999 -9999 -9999 -9999 -9999 -9999 -9999 -9999 -9999 -9999 -9999 -9999 -9999 -9999 -9999 -9999 -9999 -9999 -9999 -9999 -9999 -9999
-9999 -9999 -9999 8.19332E-1 8.37517E-1 -9999 -9999 -9999 8.41612E-1 8.08992E-1 7.81171E-1 8.08731E-1 8.10777E-1 8.11738E-1 7.94209E-1 8.17718E-1 8.23555E-1 -9999 -9999 -9999 -9999 -9999 -9999 -9999 -9999 -9999 -9999 -9999 -9999 -9999 -9999 -9999 -9999 -9999 -9999 -9999 -9999 -9999 -9999 -9999 -9999 -9999 -9999 -9999 -9999 -9999 -9999 -9999 -9999 -9999 -9999 -9999 -9999 -9999 -9999 -9999 -9999 -9999 -9999 -9999 -9999 -9999 -9999 -9999 -9999 -9999 -9999 -9999 -9999 -9999 -9999 -9999
-9999 -9999 -9999 -9999 8.72569E-1 8.54143E-1 8.10903E-1 7.9765E-1 7.70599E-1 6.53416E-1 6.25119E-1 6.83477E-1 6.81543E-1 6.96518E-1 6.63538E-1 6.57491E-1 6.98114E-1 7.0378E-1 8.10388E-1 -9999 -9999 -9999 -9999 -9999 -9999 -9999 -9999 -9999 -9999 -9999 -9999 -9999 -9999 -9999 -9999 -9999 -9999 -9999 -9999 -9999 -9999 -9999 -9999 -9999 -9999 -9999 -9999 -9999 -9999 -9999 -9999 -9999 -9999 -9999 -9999 -9999 -9999 -9999 -9999 -9999 -9999 -9999 -9999 -9999 -9999 -9999 -9999 -9999 -9999 -9999 -9999 -9999
-9999 -9999 -9999 8.57758E-1 8.48757E-1 7.2088E-1 6.72098E-1 7.16169E-1 7.33856E-1 7.14434E-1 7.23519E-1 7.15657E-1 4.23669E-1 5.14155E-1 4.69735E-1 4.90467E-1 4.87109E-1 4.70275E-1 7.07031E-1 8.0906E-1 8.10832E-1 8.31958E-1 8.17636E-1 8.346E-1 -9999 -9999 -9999 -9999 -9999 -9999 -9999 -9999 -9999 -9999 -9999 -9999 -9999 -9999 -9999 -9999 -9999 -9999 -9999 -9999 -9999 -9999 -9999 -9999 -9999 -9999 -9999 -9999 -9999 -9999 -9999 -9999 -9999 -9999 -9999 -9999 -9999 -9999 -9999 -9999 -9999 -9999 -9999 -9999 -9999 -9999 -9999 -9999
-9999 8.08428E-1 8.54984E-1 8.23955E-1 8.2879E-1 8.16332E-1 7.99328E-1 7.09003E-1 6.25804E-1 6.571E-1 7.71188E-1 6.82131E-1 4.11994E-1 3.51649E-1 3.12444E-1 2.91511E-1 2.35913E-1 3.8161E-1 7.34754E-1 7.08166E-1 6.38122E-1 6.56092E-1 7.62151E-1 8.17642E-1 8.24404E-1 -9999 -9999 -9999 -9999 -9999 -9999 -9999 -9999 -9999 -9999 -9999 -9999 -9999 -9999 -9999 -9999 -9999 -9999 -9999 -9999 -9999 -9999 -9999 -9999 -9999 -9999 -9999 -9999 -9999 -9999 -9999 -9999 -9999 -9999 -9999 -9999 -9999 -9999 -9999 -9999 -9999 -9999 -9999 -9999 -9999 -9999 -9999
-9999 8.37441E-1 7.64861E-1 6.87344E-1 6.79023E-1 6.94936E-1 6.32862E-1 5.9652E-1 5.23968E-1 5.32216E-1 6.35084E-1 6.32053E-1 6.46683E-1 6.29713E-1 5.85427E-1 5.32971E-1 4.38579E-1 4.3598E-1 4.99984E-1 5.73386E-1 4.96359E-1 6.31781E-1 5.53592E-1 5.6406E-1 7.65408E-1 7.93384E-1 8.23505E-1 -9999 -9999 -9999 -9999 -9999 -9999 -9999 -9999 -9999 -9999 -9999 -9999 -9999 -9999 -9999 -9999 -9999 -9999 -9999 -9999 -9999 -9999 -9999 -9999 -9999 -9999 -9999 -9999 -9999 -9999 -9999 -9999 -9999 -9999 -9999 -9999 -9999 -9999 -9999 -9999 -9999 -9999 -9999 -9999 -9999
7.71401E-1 7.77749E-1 6.10618E-1 4.72617E-1 5.14168E-1 4.84473E-1 4.34372E-1 3.97975E-1 3.49647E-1 4.07204E-1 4.96591E-1 4.65693E-1 5.32047E-1 4.7333E-1 5.08615E-1 4.24405E-1 4.23905E-1 3.34829E-1 3.79452E-1 3.2379E-1 3.45289E-1 3.7891E-1 3.60681E-1 3.84955E-1 5.42947E-1 6.54916E-1 7.45282E-1 8.0365E-1 8.27467E-1 -9999 -9999 -9999 -9999 -9999 -9999 -9999 -9999 -9999 -9999 -9999 -9999 -9999 -9999 -9999 -9999 -9999 -9999 -9999 -9999 -9999 -9999 -9999 -9999 -9999 -9999 -9999 -9999 -9999 -9999 -9999 -9999 -9999 -9999 -9999 -9999 -9999 -9999 -9999 -9999 -9999 -9999 -9999
5.15596E-1 5.83926E-1 5.66635E-1 3.84088E-1 2.48782E-1 2.44644E-1 2.44504E-1 3.34159E-1 2.32723E-1 2.91586E-1 3.9571E-1 3.48184E-1 4.64553E-1 4.00591E-1 3.29145E-1 5.14432E-1 3.85807E-1 3.29542E-1 2.53235E-1 2.47473E-1 2.65952E-1 2.21115E-1 2.2915E-1 2.93234E-1 2.96742E-1 4.49739E-1 6.22392E-1 7.29656E-1 7.59721E-1 8.17146E-1 8.34322E-1 -9999 -9999 -9999 -9999 -9999 -9999 -9999 -9999 -9999 -9999 -9999 -9999 -9999 -9999 -9999 -9999 -9999 -9999 -9999 -9999 -9999 -9999 -9999 -9999 -9999 -9999 -9999 -9999 -9999 -9999 -9999 -9999 -9999 -9999 -9999 -9999 -9999 -9999 -9999 -9999 -9999
4.63228E-1 3.5686E-1 4.06524E-1 3.08791E-1 2.59722E-1 1.72168E-1 1.5015E-1 1.3018E-1 1.44325E-1 2.16105E-1 2.41663E-1 3.00004E-1 3.59578E-1 3.23221E-1 3.7331E-1 4.09954E-1 3.94275E-1 2.83207E-1 2.19651E-1 2.09112E-1 2.03441E-1 1.75983E-1 1.97112E-1 2.32341E-1 2.06741E-1 3.58089E-1 4.84788E-1 5.76498E-1 6.47375E-1 7.17716E-1 7.96266E-1 8.30858E-1 -9999 -9999 -9999 -9999 -9999 -9999 -9999 -9999 -9999 -9999 -9999 -9999 -9999 -9999 -9999 -9999 -9999 -9999 -9999 -9999 -9999 -9999 -9999 -9999 -9999 -9999 -9999 -9999 -9999 -9999 -9999 -9999 -9999 -9999 -9999 -9999 -9999 -9999 -9999 -9999
5.26677E-1 4.3889E-1 4.81163E-1 3.42942E-1 2.67422E-1 3.27335E-1 1.87545E-1 1.53987E-1 2.22498E-1 2.42372E-1 2.24924E-1 1.87614E-1 2.02044E-1 1.7917E-1 2.62699E-1 2.68386E-1 1.99798E-1 1.65489E-1 1.26421E-1 1.90414E-1 1.69259E-1 1.49394E-1 1.53127E-1 1.62546E-1 2.24533E-1 2.6403E-1 3.56851E-1 4.35353E-1 4.50587E-1 5.49898E-1 6.84782E-1 8.08104E-1 8.106E-1 -9999 -9999 -9999 -9999 -9999 -9999 -9999 -9999 -9999 -9999 -9999 -9999 -9999 -9999 -9999 -9999 -9999 -9999 -9999 -9999 -9999 -9999 -9999 -9999 -9999 -9999 -9999 -9999 -9999 -9999 -9999 -9999 -9999 -9999 -9999 -9999 -9999 -9999 -9999
5.67113E-1 5.69474E-1 5.29408E-1 4.74479E-1 3.81435E-1 3.19495E-1 2.79249E-1 2.41597E-1 3.32368E-1 4.04452E-1 4.0418E-1 3.51473E-1 2.6893E-1 2.04638E-1 1.99422E-1 1.77685E-1 1.94491E-1 1.53898E-1 1.98971E-1 3.2894E-1 2.64688E-1 2.2087E-1 1.82379E-1 1.63416E-1 1.47398E-1 1.58921E-1 2.25068E-1 2.23912E-1 2.72391E-1 4.75211E-1 5.51532E-1 6.63796E-1 7.47799E-1 7.81591E-1 7.54739E-1 7.4276E-1 7.67066E-1 7.66874E-1 7.82715E-1 7.6835E-1 7.84162E-1 -9999 7.6146E-1 7.94225E-1 7.04359E-1 7.22405E-1 7.33717E-1 8.14345E-1 -9999 -9999 -9999 -9999 -9999 -9999 -9999 -9999 -9999 -9999 -9999 -9999 -9999 -9999 -9999 -9999 -9999 -9999 -9999 -9999 -9999 -9999 -9999 -9999
6.18343E-1 6.02687E-1 5.85107E-1 5.79566E-1 4.86038E-1 3.42924E-1 2.64745E-1 2.56269E-1 4.01897E-1 4.05826E-1 3.47926E-1 3.07486E-1 2.68214E-1 2.78535E-1 2.54296E-1 2.80811E-1 2.94294E-1 2.64597E-1 2.782E-1 3.47631E-1 3.43564E-1 3.41052E-1 3.26243E-1 2.82795E-1 2.60371E-1 2.70699E-1 2.56384E-1 2.23646E-1 2.16447E-1 3.00824E-1 4.05892E-1 4.90883E-1 6.11429E-1 6.61464E-1 7.25264E-1 7.18023E-1 7.44871E-1 7.35892E-1 7.479E-1 7.49712E-1 7.9344E-1 7.82906E-1 7.90321E-1 7.8955E-1 6.99276E-1 6.8365E-1 7.56186E-1 8.02345E-1 8.17847E-1 -9999 -9999 -9999 -9999 -9999 -9999 -9999 -9999 -9999 -9999 -9999 -9999 -9999 -9999 -9999 -9999 -9999 -9999 -9999 -9999 -9999 -9999 -9999
6.33986E-1 5.80576E-1 4.99031E-1 4.6384E-1 3.63438E-1 3.31738E-1 3.11694E-1 2.47949E-1 2.70235E-1 3.30112E-1 3.65627E-1 2.96137E-1 2.60865E-1 2.09825E-1 1.90867E-1 2.21168E-1 1.65317E-1 1.48512E-1 1.47522E-1 2.33509E-1 3.0188E-1 3.94545E-1 4.61204E-1 4.86974E-1 5.24468E-1 5.21757E-1 4.90713E-1 4.57283E-1 3.72767E-1 2.92463E-1 3.75551E-1 5.59842E-1 5.10643E-1 5.25681E-1 6.1429E-1 6.48654E-1 6.91664E-1 6.8011E-1 6.81533E-1 7.21505E-1 7.43568E-1 7.81427E-1 7.65884E-1 7.53335E-1 7.28131E-1 6.99529E-1 8.02401E-1 7.7753E-1 8.12686E-1 8.30814E-1 8.19234E-1 -9999 -9999 -9999 -9999 -9999 -9999 -9999 -9999 -9999 -9999 -9999 -9999 -9999 -9999 -9999 -9999 -9999 -9999 -9999 -9999 -9999
4.19889E-1 3.4619E-1 4.2924E-1 4.39924E-1 4.82902E-1 3.96481E-1 4.05702E-1 3.90857E-1 2.98256E-1 2.87928E-1 3.26158E-1 3.15182E-1 2.8779E-1 3.26687E-1 3.44568E-1 1.97136E-1 2.10711E-1 2.87575E-1 2.65298E-1 3.23193E-1 3.93123E-1 4.2983E-1 4.82321E-1 4.14477E-1 3.47406E-1 3.65063E-1 3.50177E-1 3.61013E-1 4.21547E-1 4.80605E-1 4.82819E-1 4.62932E-1 3.94172E-1 3.27597E-1 3.60518E-1 4.74648E-1 4.74857E-1 4.95609E-1 5.22652E-1 5.9174E-1 6.7204E-1 7.33132E-1 7.28927E-1 7.2452E-1 7.20401E-1 7.29847E-1 7.76704E-1 7.36661E-1 7.63E-1 8.24306E-1 8.39642E-1 8.50932E-1 -9999 -9999 -9999 -9999 -9999 -9999 -9999 -9999 -9999 -9999 -9999 -9999 -9999 -9999 -9999 -9999 -9999 -9999 -9999 -9999
4.58796E-1 4.9125E-1 3.78078E-1 4.53799E-1 5.02637E-1 5.17481E-1 5.18672E-1 3.55263E-1 3.07607E-1 3.1668E-1 2.7372E-1 3.07427E-1 3.28757E-1 3.21697E-1 3.85769E-1 4.62936E-1 4.0082E-1 3.17843E-1 3.58083E-1 3.53603E-1 3.5605E-1 3.7756E-1 3.69813E-1 3.3545E-1 2.8742E-1 2.7931E-1 2.96404E-1 2.67237E-1 2.9924E-1 2.95826E-1 2.9478E-1 3.13671E-1 3.03428E-1 3.12647E-1 2.33349E-1 2.96818E-1 3.66762E-1 3.7762E-1 4.33098E-1 5.21091E-1 4.59958E-1 5.69093E-1 6.51485E-1 6.94702E-1 7.18171E-1 7.19404E-1 7.16793E-1 7.76531E-1 8.2113E-1 8.64173E-1 8.5776E-1 8.49782E-1 -9999 -9999 -9999 -9999 -9999 -9999 -9999 -9999 -9999 -9999 -9999 -9999 -9999 -9999 -9999 -9999 -9999 -9999 -9999 -9999
6.41706E-1 6.06971E-1 5.36479E-1 5.47874E-1 5.15458E-1 5.14573E-1 3.99879E-1 3.4393E-1 2.82521E-1 2.83408E-1 2.60284E-1 2.6011E-1 3.76586E-1 3.65128E-1 2.80306E-1 3.51098E-1 3.365E-1 4.18646E-1 3.38958E-1 2.94641E-1 2.96677E-1 2.69196E-1 3.12454E-1 3.59076E-1 3.03463E-1 2.95553E-1 2.97501E-1 2.88743E-1 3.27653E-1 2.6849E-1 2.32906E-1 2.09887E-1 2.05427E-1 3.1429E-1 2.44638E-1 2.15846E-1 3.32781E-1 2.96012E-1 2.34189E-1 4.80198E-1 4.41407E-1 3.84763E-1 5.01197E-1 5.76912E-1 6.27749E-1 6.73509E-1 6.55492E-1 7.73676E-1 8.40556E-1 8.60192E-1 8.46335E-1 -9999 -9999 -9999 -9999 -9999 -9999 -9999 -9999 -9999 -9999 -9999 -9999 -9999 -9999 -9999 -9999 7.15668E-1 7.27196E-1 7.16377E-1 7.4898E-1 -9999
5.70285E-1 4.67296E-1 4.60238E-1 4.26325E-1 4.01767E-1 4.30879E-1 3.78907E-1 3.94337E-1 3.47304E-1 3.54487E-1 3.29707E-1 3.11103E-1 2.3565E-1 4.41E-1 2.8008E-1 3.15717E-1 3.52858E-1 3.63777E-1 4.01674E-1 2.73507E-1 2.3728E-1 2.57098E-1 3.19002E-1 3.00306E-1 3.74899E-1 3.54879E-1 3.06427E-1 2.86557E-1 2.42661E-1 2.19268E-1 2.17578E-1 2.31384E-1 1.77971E-1 2.02004E-1 2.31062E-1 1.62396E-1 2.90139E-1 1.67825E-1 2.10825E-1 2.68246E-1 4.72807E-1 3.67185E-1 3.62076E-1 3.34593E-1 4.06282E-1 5.85934E-1 6.47188E-1 6.81295E-1 7.88649E-1 8.14525E-1 -9999 -9999 -9999 -9999 -9999 -9999 -9999 -9999 -9999 -9999 -9999 -9999 -9999 -9999 -9999 -9999 7.05141E-1 7.48665E-1 8.14821E-1 8.03429E-1 7.6672E-1 -9999
5.7119E-1 5.0802E-1 5.44338E-1 4.75683E-1 4.32465E-1 4.63899E-1 3.25399E-1 3.8109E-1 3.48126E-1 3.88913E-1 3.67639E-1 3.65721E-1 3.03589E-1 3.78383E-1 3.21994E-1 2.31014E-1 2.2251E-1 2.77886E-1 1.95411E-1 2.00784E-1 2.27296E-1 2.07265E-1 3.00524E-1 3.1234E-1 3.06752E-1 2.43401E-1 2.81146E-1 3.007E-1 2.45966E-1 2.6691E-1 2.43188E-1 1.79085E-1 1.49718E-1 1.79337E-1 2.27239E-1 1.44117E-1 2.13241E-1 1.56804E-1 1.94338E-1 3.56695E-1 4.35082E-1 4.37302E-1 2.64679E-1 2.14324E-1 3.21944E-1 3.90635E-1 3.81897E-1 4.28656E-1 6.38554E-1 7.87978E-1 -9999 -9999 -9999 -9999 -9999 -9999 -9999 -9999 -9999 -9999 -9999 -9999 -9999 -9999 -9999 -9999 7.35021E-1 8.10964E-1 8.57665E-1 8.70378E-1 7.90094E-1 7.80567E-1
5.22482E-1 4.91935E-1 5.56881E-1 4.549E-1 3.7034E-1 4.04322E-1 4.15766E-1 3.66388E-1 4.2173E-1 4.27449E-1 4.01529E-1 3.67358E-1 3.40356E-1 4.47329E-1 3.83694E-1 2.95462E-1 2.76995E-1 1.36362E-1 1.53029E-1 2.86292E-1 2.96933E-1 3.10111E-1 3.41004E-1 2.47997E-1 2.27442E-1 2.89797E-1 3.10534E-1 2.80945E-1 2.31963E-1 2.33343E-1 1.97477E-1 2.0232E-1 1.87699E-1 1.84407E-1 1.54912E-1 1.3981E-1 1.64976E-1 1.62727E-1 2.60928E-1 3.14389E-1 2.24111E-1 3.80851E-1 2.36093E-1 1.92139E-1 1.9586E-1 2.72748E-1 2.60985E-1 2.26046E-1 4.42237E-1 7.25555E-1 -9999 -9999 -9999 -9999 -9999 -9999 -9999 -9999 -9999 -9999 -9999 -9999 -9999 -9999 -9999 -9999 -9999 7.98484E-1 8.65825E-1 8.67067E-1 7.984E-1 8.15951E-1
4.45328E-1 4.29123E-1 4.45439E-1 5.21336E-1 4.61138E-1 3.88365E-1 4.11261E-1 3.17676E-1 3.0988E-1 3.99806E-1 3.73546E-1 4.29391E-1 3.96966E-1 4.71837E-1 3.64363E-1 2.57854E-1 2.01627E-1 1.55367E-1 2.32818E-1 3.59729E-1 2.93495E-1 2.10339E-1 2.54108E-1 2.44215E-1 2.05084E-1 2.59584E-1 2.98116E-1 2.52001E-1 2.45478E-1 2.07777E-1 2.11091E-1 2.48649E-1 2.24318E-1 2.04415E-1 2.04085E-1 1.33749E-1 1.37606E-1 1.5996E-1 2.10965E-1 2.01954E-1 1.83843E-1 2.87926E-1 3.30977E-1 2.51003E-1 2.16003E-1 1.9074E-1 2.26369E-1 1.57914E-1 3.11853E-1 4.94278E-1 7.70791E-1 -9999 -9999 -9999 -9999 -9999 -9999 -9999 -9999 -9999 -9999 -9999 -9999 -9999 -9999 -9999 7.67151E-1 7.83337E-1 8.47144E-1 8.878E-1 8.72439E-1 8.38138E-1
4.23516E-1 3.63449E-1 4.35701E-1 4.51014E-1 4.16793E-1 3.68752E-1 3.50981E-1 3.5835E-1 3.95499E-1 3.55102E-1 3.36047E-1 3.7505E-1 3.35417E-1 4.60987E-1 4.5674E-1 3.35907E-1 2.61079E-1 2.50218E-1 2.79547E-1 3.27642E-1 3.20578E-1 3.01861E-1 2.56781E-1 2.30801E-1 1.68222E-1 2.17632E-1 2.35022E-1 2.37102E-1 2.22071E-1 1.78619E-1 1.85312E-1 2.43585E-1 2.57661E-1 2.57303E-1 2.39575E-1 1.51123E-1 1.81987E-1 1.56282E-1 2.02452E-1 2.1486E-1 1.94454E-1 2.47159E-1 2.98939E-1 3.09439E-1 2.25137E-1 1.37616E-1 1.45252E-1 1.30041E-1 2.27622E-1 3.82402E-1 7.10422E-1 7.90984E-1 -9999 -9999 -9999 -9999 -9999 -9999 -9999 -9999 -9999 -9999 -9999 -9999 -9999 -9999 -9999 -9999 7.96402E-1 8.47637E-1 8.37929E-1 -9999
3.65279E-1 3.58913E-1 4.51179E-1 3.4928E-1 3.55644E-1 3.47833E-1 3.42119E-1 3.33847E-1 2.43578E-1 3.16743E-1 3.6973E-1 3.59974E-1 3.91413E-1 4.56595E-1 5.43554E-1 3.72469E-1 2.84151E-1 2.29328E-1 2.44373E-1 3.65271E-1 3.70257E-1 2.11239E-1 1.27175E-1 1.97399E-1 1.43654E-1 2.39128E-1 1.99585E-1 2.68643E-1 2.01274E-1 3.01001E-1 3.62377E-1 3.03958E-1 2.59973E-1 3.03795E-1 2.4828E-1 1.83596E-1 1.66905E-1 1.91541E-1 2.04263E-1 2.52017E-1 2.46175E-1 2.69193E-1 2.68498E-1 2.17628E-1 1.44801E-1 1.35906E-1 1.25526E-1 1.55173E-1 2.48657E-1 3.65551E-1 5.8716E-1 7.36067E-1 7.67332E-1 -9999 -9999 -9999 -9999 -9999 -9999 -9999 -9999 -9999 -9999 -9999 -9999 -9999 -9999 -9999 -9999 -9999 -9999 -9999
3.17171E-1 3.47834E-1 4.12243E-1 5.18355E-1 4.60411E-1 5.3912E-1 4.94369E-1 4.30022E-1 3.3996E-1 3.86281E-1 3.63254E-1 3.48263E-1 3.68564E-1 5.31244E-1 4.86793E-1 3.26613E-1 3.15685E-1 2.4696E-1 3.05633E-1 3.11771E-1 3.58355E-1 1.9449E-1 2.18551E-1 2.79326E-1 2.68385E-1 3.22881E-1 2.12866E-1 2.49666E-1 3.65134E-1 3.54658E-1 3.6533E-1 2.77526E-1 2.72499E-1 2.03408E-1 1.87711E-1 1.9167E-1 1.68891E-1 2.18337E-1 2.26537E-1 2.77298E-1 2.07823E-1 1.84274E-1 1.56051E-1 1.37766E-1 1.41661E-1 1.36679E-1 1.37306E-1 1.93444E-1 2.1552E-1 2.43205E-1 4.22925E-1 6.06264E-1 7.14652E-1 8.08527E-1 -9999 -9999 -9999 -9999 -9999 -9999 -9999 -9999 -9999 -9999 -9999 -9999 -9999 -9999 -9999 -9999 -9999 -9999
3.74852E-1 4.36982E-1 4.50607E-1 4.65603E-1 4.91509E-1 4.80098E-1 4.50773E-1 4.26256E-1 3.94041E-1 4.44493E-1 4.38157E-1 4.40255E-1 4.76668E-1 4.31247E-1 4.95911E-1 4.20447E-1 3.15938E-1 2.26523E-1 2.45439E-1 2.67589E-1 1.40104E-1 1.49308E-1 3.32544E-1 3.01962E-1 4.12538E-1 3.87907E-1 3.68198E-1 3.54513E-1 2.86576E-1 3.16719E-1 4.16395E-1 3.74646E-1 3.18529E-1 2.31398E-1 2.16038E-1 2.33772E-1 2.04793E-1 2.57491E-1 2.20568E-1 2.0561E-1 1.88327E-1 1.37696E-1 1.36987E-1 1.22096E-1 1.45485E-1 1.3502E-1 1.2586E-1 1.77268E-1 2.90739E-1 2.66417E-1 3.3316E-1 5.9379E-1 7.22998E-1 7.85965E-1 -9999 -9999 -9999 -9999 -9999 -9999 -9999 -9999 -9999 -9999 -9999 -9999 -9999 -9999 -9999 -9999 -9999 -9999
5.26103E-1 5.82902E-1 4.77712E-1 4.42453E-1 3.9825E-1 4.17636E-1 3.47781E-1 3.59472E-1 4.16967E-1 4.82606E-1 5.34917E-1 4.44339E-1 4.37913E-1 5.50346E-1 5.83544E-1 6.05106E-1 4.65133E-1 2.95562E-1 2.41218E-1 2.83639E-1 2.28736E-1 1.57308E-1 2.49081E-1 2.57098E-1 3.80762E-1 4.6186E-1 4.03085E-1 4.3E-1 4.27757E-1 3.7988E-1 3.58381E-1 3.232E-1 3.46728E-1 3.10753E-1 2.46591E-1 2.50495E-1 2.21373E-1 2.70864E-1 1.9267E-1 1.67911E-1 1.36335E-1 1.43928E-1 1.64734E-1 1.24608E-1 1.50151E-1 1.63206E-1 1.59305E-1 1.53352E-1 3.3637E-1 2.61589E-1 2.7644E-1 4.87438E-1 7.2907E-1 8.09005E-1 8.17332E-1 -9999 -9999 -9999 -9999 -9999 -9999 -9999 -9999 -9999 -9999 -9999 -9999 -9999 -9999 -9999 -9999 -9999
4.68831E-1 4.52607E-1 4.77048E-1 4.32694E-1 5.74551E-1 4.64052E-1 4.23479E-1 4.60194E-1 4.97938E-1 4.56133E-1 5.08274E-1 5.17668E-1 5.19914E-1 5.05563E-1 5.93375E-1 5.05985E-1 5.94084E-1 4.54241E-1 3.89186E-1 2.91519E-1 2.55792E-1 2.50338E-1 1.95168E-1 3.51737E-1 5.39924E-1 3.75775E-1 3.21201E-1 2.90325E-1 3.46606E-1 3.99369E-1 3.62983E-1 3.49133E-1 2.82837E-1 2.40346E-1 3.15111E-1 2.94852E-1 2.06892E-1 2.78689E-1 1.91611E-1 1.15735E-1 1.17914E-1 1.91575E-1 1.63751E-1 1.17299E-1 1.28719E-1 1.83436E-1 1.49965E-1 2.04329E-1 3.15702E-1 3.8568E-1 2.26899E-1 4.17125E-1 6.63314E-1 7.9772E-1 8.14136E-1 -9999 -9999 -9999 -9999 -9999 -9999 -9999 -9999 -9999 -9999 -9999 -9999 -9999 -9999 -9999 -9999 -9999
5.38138E-1 4.52178E-1 4.13524E-1 4.53779E-1 4.60429E-1 4.75828E-1 4.38802E-1 4.2837E-1 4.90366E-1 5.0544E-1 5.50073E-1 5.56211E-1 6.27785E-1 5.97401E-1 6.32072E-1 5.37327E-1 5.25151E-1 4.59611E-1 4.17497E-1 3.62211E-1 2.18645E-1 2.26288E-1 3.02489E-1 3.42391E-1 2.66228E-1 2.55575E-1 2.80571E-1 3.90474E-1 3.89996E-1 3.77141E-1 3.41861E-1 3.22803E-1 2.52153E-1 2.17137E-1 2.87575E-1 3.07902E-1 2.1945E-1 3.21033E-1 1.6994E-1 1.39207E-1 1.62315E-1 2.07268E-1 1.41241E-1 1.32123E-1 1.37168E-1 1.66049E-1 2.03727E-1 2.27761E-1 3.05867E-1 5.10465E-1 3.74581E-1 4.06302E-1 6.50293E-1 8.05897E-1 -9999 -9999 -9999 -9999 -9999 -9999 -9999 -9999 -9999 -9999 -9999 -9999 -9999 -9999 -9999 -9999 -9999 -9999
5.93549E-1 5.00217E-1 4.68519E-1 4.78732E-1 5.28913E-1 4.81672E-1 5.24844E-1 4.72397E-1 4.66965E-1 5.45624E-1 4.86367E-1 6.46013E-1 6.3401E-1 6.08565E-1 5.70837E-1 5.06838E-1 4.7417E-1 4.7884E-1 4.31214E-1 4.15005E-1 3.63793E-1 2.84187E-1 3.36319E-1 2.96067E-1 2.68215E-1 3.00963E-1 3.2722E-1 3.01212E-1 2.83196E-1 3.53636E-1 3.33819E-1 2.94394E-1 2.92175E-1 2.79745E-1 2.10538E-1 2.51248E-1 2.78566E-1 3.22683E-1 1.73616E-1 1.95041E-1 2.15519E-1 1.45103E-1 1.15223E-1 1.33376E-1 1.92656E-1 2.10604E-1 1.98086E-1 2.59288E-1 3.73977E-1 4.90688E-1 6.0701E-1 6.15357E-1 7.73371E-1 8.09536E-1 -9999 -9999 -9999 -9999 -9999 -9999 -9999 -9999 -9999 -9999 -9999 -9999 -9999 -9999 -9999 -9999 -9999 -9999
5.80777E-1 5.80429E-1 5.33035E-1 5.03289E-1 5.95693E-1 6.12571E-1 5.44231E-1 5.48704E-1 5.498E-1 5.95907E-1 6.12365E-1 6.62551E-1 5.42755E-1 4.71029E-1 5.76257E-1 5.25648E-1 5.2313E-1 4.25028E-1 3.99814E-1 5.63052E-1 4.11944E-1 3.78186E-1 3.44741E-1 3.12112E-1 4.2745E-1 4.61927E-1 4.47789E-1 4.74647E-1 5.25074E-1 4.84855E-1 4.63959E-1 3.50777E-1 3.59175E-1 3.28355E-1 2.90967E-1 3.33176E-1 2.84613E-1 3.04724E-1 2.69685E-1 2.49914E-1 2.48371E-1 1.90006E-1 1.78847E-1 1.50557E-1 2.34882E-1 2.67788E-1 2.1238E-1 3.2388E-1 3.70656E-1 4.0427E-1 6.6033E-1 7.50531E-1 7.84283E-1 7.8346E-1 -9999 -9999 -9999 -9999 -9999 -9999 -9999 -9999 -9999 -9999 -9999 -9999 -9999 -9999 -9999 -9999 -9999 -9999
5.79135E-1 6.01686E-1 6.10562E-1 6.37121E-1 5.55389E-1 4.95655E-1 4.9682E-1 5.5475E-1 6.50908E-1 5.53619E-1 5.80939E-1 6.13772E-1 5.20025E-1 4.42995E-1 5.41074E-1 5.64215E-1 4.27105E-1 4.69005E-1 4.63728E-1 5.46246E-1 4.96763E-1 5.15513E-1 4.37199E-1 4.20469E-1 4.32058E-1 4.80719E-1 4.76208E-1 5.03215E-1 5.57693E-1 5.93224E-1 5.8507E-1 4.88745E-1 5.12088E-1 4.66073E-1 4.17975E-1 3.57564E-1 4.23021E-1 3.62792E-1 3.15513E-1 3.40541E-1 3.55503E-1 2.80235E-1 2.16704E-1 2.43972E-1 2.83694E-1 2.54006E-1 1.96593E-1 2.75843E-1 2.90963E-1 4.78714E-1 6.9726E-1 7.57438E-1 7.77436E-1 7.79872E-1 -9999 -9999 -9999 -9999 -9999 -9999 -9999 -9999 -9999 -9999 -9999 -9999 -9999 -9999 -9999 -9999 -9999 -9999
6.04909E-1 6.01174E-1 6.39831E-1 5.30201E-1 4.83333E-1 4.86604E-1 6.18851E-1 5.03319E-1 5.9089E-1 6.13995E-1 7.57819E-1 5.81229E-1 5.11138E-1 4.90313E-1 5.74154E-1 6.60727E-1 4.45455E-1 4.94664E-1 5.92061E-1 4.63299E-1 4.41066E-1 5.79246E-1 4.9268E-1 4.59066E-1 5.12277E-1 4.90285E-1 5.0914E-1 5.39511E-1 6.04575E-1 5.3943E-1 5.76387E-1 6.90294E-1 5.98063E-1 6.21949E-1 5.25532E-1 5.12019E-1 5.38052E-1 4.67462E-1 4.1329E-1 3.82472E-1 4.64921E-1 5.20422E-1 3.53992E-1 3.57801E-1 3.86937E-1 3.14761E-1 3.25871E-1 3.44562E-1 4.26984E-1 6.20619E-1 7.39332E-1 7.81776E-1 7.78252E-1 7.66222E-1 -9999 -9999 -9999 -9999 -9999 -9999 -9999 -9999 -9999 -9999 -9999 -9999 -9999 -9999 -9999 -9999 -9999 -9999
6.30742E-1 6.362E-1 5.88366E-1 5.01165E-1 4.97145E-1 5.69894E-1 4.69745E-1 4.72254E-1 4.67192E-1 5.94653E-1 5.4649E-1 4.41926E-1 4.38436E-1 4.28268E-1 5.67368E-1 6.24186E-1 4.10756E-1 4.54989E-1 5.82054E-1 4.56945E-1 5.11909E-1 6.73107E-1 4.75805E-1 4.46061E-1 5.66262E-1 6.35979E-1 4.45132E-1 5.1902E-1 5.02065E-1 7.10545E-1 7.12239E-1 6.98963E-1 6.58211E-1 5.94804E-1 6.66467E-1 6.24185E-1 6.35256E-1 5.81046E-1 6.37539E-1 6.72671E-1 7.00224E-1 6.8597E-1 5.92161E-1 5.90633E-1 5.93749E-1 5.06038E-1 1.98151E-1 4.03458E-1 5.39125E-1 6.59123E-1 7.2839E-1 7.56842E-1 7.61668E-1 -9999 -9999 -9999 -9999 -9999 -9999 -9999 -9999 -9999 -9999 -9999 -9999 -9999 -9999 -9999 -9999 -9999 -9999 -9999
