Artocarpus altilis SDM files/Last interglacial/results (without the bias file)/Artalt_0.asc
ncols         1201
nrows         481
xllcorner     119.99986351115
yllcorner     -15.00013864885
cellsize      0.041666667
NODATA_value  -9999
[rows 448 to 479 of 481, columns 504 to 575 of 1201]
-9999 -9999 -9999 -9999 -9999 -9999 -9999 -9999 -9999 -9999 -9999 -9999 1.54311E-2 1.28375E-2 1.23098E-2 1.10499E-2 1.00894E-2 9.40759E-3 8.28077E-3 8.12672E-3 7.46634E-3 6.51014E-3 6.38072E-3 6.41056E-3 7.43157E-3 7.29303E-3 7.38774E-3 6.35926E-3 5.78131E-3 5.87783E-3 5.4875E-3 5.45768E-3 5.69147E-3 5.77851E-3 5.62743E-3 5.45876E-3 5.3886E-3 6.5377E-3 6.49049E-3 6.89801E-3 7.81126E-3 7.60299E-3 7.85024E-3 6.75268E-3 6.11729E-3 6.66685E-3 6.75866E-3 8.69411E-3 9.58237E-3 1.0837E-2 1.17355E-2 1.12905E-2 1.31028E-2 1.24119E-2 1.13594E-2 1.22345E-2 1.42772E-2 2.11952E-2 2.13296E-2 3.20824E-2 3.74211E-2 3.97181E-2 -9999 -9999 -9999 -9999 -9999 -9999 -9999 -9999 -9999 -9999
-9999 -9999 -9999 -9999 -9999 -9999 -9999 -9999 -9999 -9999 -9999 -9999 1.4509E-2 1.25927E-2 1.25849E-2 1.07501E-2 9.35513E-3 8.60516E-3 8.06042E-3 7.53415E-3 7.16097E-3 7.2869E-3 7.16493E-3 6.82248E-3 6.94669E-3 7.51914E-3 6.74583E-3 5.83875E-3 5.40429E-3 5.07226E-3 5.31646E-3 5.99226E-3 6.15548E-3 6.25521E-3 5.84147E-3 5.35914E-3 4.89088E-3 5.71062E-3 6.54261E-3 6.29416E-3 6.06211E-3 6.4265E-3 6.73793E-3 7.04025E-3 6.07906E-3 6.59381E-3 7.87733E-3 8.45195E-3 9.08386E-3 9.46945E-3 9.64542E-3 1.07163E-2 1.14039E-2 1.20318E-2 1.26471E-2 1.2562E-2 1.3122E-2 1.66474E-2 2.192E-2 3.02103E-2 3.28988E-2 3.57985E-2 -9999 -9999 -9999 -9999 -9999 -9999 -9999 -9999 -9999 -9999
-9999 -9999 -9999 -9999 -9999 -9999 -9999 -9999 -9999 -9999 -9999 1.54731E-2 1.40778E-2 1.18021E-2 1.17545E-2 1.09179E-2 9.34054E-3 8.06326E-3 6.91475E-3 6.40206E-3 6.32685E-3 6.86377E-3 6.82901E-3 6.81277E-3 6.44944E-3 5.76484E-3 5.48581E-3 5.4511E-3 5.37201E-3 5.7738E-3 6.02713E-3 6.17479E-3 5.40477E-3 5.21912E-3 5.58524E-3 5.73543E-3 5.33055E-3 6.26019E-3 6.3726E-3 6.05067E-3 5.50135E-3 5.61675E-3 6.81108E-3 6.40317E-3 6.74883E-3 8.1156E-3 7.81029E-3 8.11535E-3 8.38305E-3 9.10987E-3 8.95187E-3 9.78377E-3 1.0228E-2 9.83897E-3 1.02173E-2 9.41303E-3 1.11597E-2 1.35643E-2 1.84169E-2 2.64717E-2 3.07423E-2 -9999 -9999 -9999 -9999 -9999 -9999 -9999 -9999 -9999 -9999 -9999
-9999 -9999 -9999 -9999 -9999 -9999 -9999 -9999 -9999 -9999 -9999 1.53675E-2 1.43345E-2 1.20795E-2 1.2254E-2 1.10529E-2 8.77602E-3 8.12255E-3 6.65304E-3 6.41639E-3 5.89879E-3 5.70156E-3 5.45828E-3 5.13864E-3 4.85298E-3 4.40064E-3 4.42677E-3 4.96915E-3 4.70177E-3 4.89034E-3 4.96222E-3 5.21979E-3 5.69931E-3 5.62255E-3 5.67301E-3 5.5878E-3 5.57831E-3 6.11615E-3 5.97065E-3 6.00081E-3 5.49639E-3 5.43072E-3 6.7835E-3 6.91743E-3 6.98005E-3 6.94819E-3 6.39003E-3 7.16692E-3 7.55942E-3 8.00307E-3 8.37585E-3 7.65982E-3 6.90582E-3 6.61514E-3 6.59057E-3 7.57752E-3 9.73557E-3 1.32416E-2 1.86345E-2 2.40246E-2 2.72348E-2 -9999 -9999 -9999 -9999 -9999 -9999 -9999 -9999 -9999 -9999 -9999
-9999 -9999 -9999 -9999 -9999 -9999 -9999 -9999 -9999 -9999 -9999 1.55004E-2 1.42805E-2 1.11791E-2 1.08403E-2 1.00495E-2 8.73948E-3 8.00568E-3 7.11256E-3 6.92638E-3 5.97556E-3 5.80274E-3 4.80799E-3 4.58393E-3 4.3126E-3 4.30627E-3 4.17187E-3 4.232E-3 3.74368E-3 4.02759E-3 4.21841E-3 4.11839E-3 4.24911E-3 4.6353E-3 4.79096E-3 4.87958E-3 5.02707E-3 5.77577E-3 5.76949E-3 5.28904E-3 5.52159E-3 5.56004E-3 5.86685E-3 6.28529E-3 6.24077E-3 5.86356E-3 6.6692E-3 7.7935E-3 7.88327E-3 7.6069E-3 7.91233E-3 7.93152E-3 6.63667E-3 6.94191E-3 7.50387E-3 7.6778E-3 1.09047E-2 1.27503E-2 1.74656E-2 2.12978E-2 2.47859E-2 2.74397E-2 -9999 -9999 -9999 -9999 -9999 -9999 -9999 -9999 -9999 -9999
-9999 -9999 -9999 -9999 -9999 -9999 -9999 -9999 -9999 -9999 -9999 1.53856E-2 1.38611E-2 1.17404E-2 1.01269E-2 1.00803E-2 8.81943E-3 8.06486E-3 7.02627E-3 6.56184E-3 5.93657E-3 5.47853E-3 5.13104E-3 5.01971E-3 5.01958E-3 4.97627E-3 4.74947E-3 4.01962E-3 4.16926E-3 4.58087E-3 4.41888E-3 4.13031E-3 3.97063E-3 3.8304E-3 3.5986E-3 3.68995E-3 4.4038E-3 4.64496E-3 5.20569E-3 5.60896E-3 5.60299E-3 5.40923E-3 5.67103E-3 6.31539E-3 6.44863E-3 6.78527E-3 6.94225E-3 7.36866E-3 7.46281E-3 7.08339E-3 6.89854E-3 7.49986E-3 8.45671E-3 7.78292E-3 7.88791E-3 7.23676E-3 9.82899E-3 1.58369E-2 1.70582E-2 2.12527E-2 2.31664E-2 2.5439E-2 2.70659E-2 -9999 -9999 -9999 -9999 -9999 -9999 -9999 -9999 -9999
-9999 -9999 -9999 -9999 -9999 -9999 -9999 -9999 -9999 -9999 -9999 1.50263E-2 1.37512E-2 1.15789E-2 9.98433E-3 9.64709E-3 8.17666E-3 7.10772E-3 6.45573E-3 6.37124E-3 5.58814E-3 5.48844E-3 5.49376E-3 5.06219E-3 5.30902E-3 5.04225E-3 4.75252E-3 4.53611E-3 4.71883E-3 5.13377E-3 5.17433E-3 4.22748E-3 3.84585E-3 4.22474E-3 4.16155E-3 3.98931E-3 3.90373E-3 4.19982E-3 4.48613E-3 5.23859E-3 5.60419E-3 5.35435E-3 5.15342E-3 6.2116E-3 6.29086E-3 6.4714E-3 6.46814E-3 6.5496E-3 7.11979E-3 7.65195E-3 8.16207E-3 6.11584E-3 8.17262E-3 8.89223E-3 7.8013E-3 8.00862E-3 1.08825E-2 1.74316E-2 1.82478E-2 2.07519E-2 2.16692E-2 2.29073E-2 2.48075E-2 -9999 -9999 -9999 -9999 -9999 -9999 -9999 -9999 -9999
-9999 -9999 -9999 -9999 -9999 -9999 -9999 -9999 -9999 -9999 -9999 1.52173E-2 1.26878E-2 1.12306E-2 1.00893E-2 8.35432E-3 8.24047E-3 7.68695E-3 6.53199E-3 6.04035E-3 5.58636E-3 5.06897E-3 5.42372E-3 5.32082E-3 5.03749E-3 5.04778E-3 4.72766E-3 4.51386E-3 5.18022E-3 5.25042E-3 4.39717E-3 4.21016E-3 4.67182E-3 5.66258E-3 4.50529E-3 4.65306E-3 5.7403E-3 5.51369E-3 5.47706E-3 5.69671E-3 4.59978E-3 4.28152E-3 4.65759E-3 5.24199E-3 5.03367E-3 5.36208E-3 6.37016E-3 6.50776E-3 6.63924E-3 6.60297E-3 7.11774E-3 8.43155E-3 9.85684E-3 8.26998E-3 9.00472E-3 7.59928E-3 8.96762E-3 1.52863E-2 1.70494E-2 1.78731E-2 1.98884E-2 2.24245E-2 2.47723E-2 -9999 -9999 -9999 -9999 -9999 -9999 -9999 -9999 -9999
-9999 -9999 -9999 -9999 -9999 -9999 -9999 -9999 -9999 -9999 -9999 1.47478E-2 1.28234E-2 1.12837E-2 9.49148E-3 7.8037E-3 8.20671E-3 6.97999E-3 6.42988E-3 5.70604E-3 5.42734E-3 5.3371E-3 5.19439E-3 5.05121E-3 5.06284E-3 4.82771E-3 4.59103E-3 4.85074E-3 5.0822E-3 4.23713E-3 3.93601E-3 4.30829E-3 5.06721E-3 4.9746E-3 4.94363E-3 5.28659E-3 5.99134E-3 5.39005E-3 5.00241E-3 4.86487E-3 4.68565E-3 4.9007E-3 4.45423E-3 4.7443E-3 4.48687E-3 4.93064E-3 5.52385E-3 5.90834E-3 6.49488E-3 6.11217E-3 6.23875E-3 7.10993E-3 7.34911E-3 8.27935E-3 8.92331E-3 9.13279E-3 9.92617E-3 1.39667E-2 1.56116E-2 1.68486E-2 1.83908E-2 2.14534E-2 2.39345E-2 2.4097E-2 -9999 -9999 -9999 -9999 -9999 -9999 -9999 -9999
-9999 -9999 -9999 -9999 -9999 -9999 -9999 -9999 -9999 -9999 -9999 -9999 1.2163E-2 1.129E-2 9.31356E-3 7.83993E-3 8.03267E-3 7.44757E-3 6.46863E-3 5.71198E-3 5.55892E-3 5.49559E-3 5.13866E-3 5.05061E-3 4.87877E-3 4.57071E-3 4.46063E-3 4.4711E-3 4.46449E-3 4.09909E-3 4.30922E-3 4.23134E-3 4.98581E-3 4.67745E-3 5.4391E-3 5.24458E-3 5.20204E-3 5.14849E-3 4.86316E-3 4.7947E-3 4.97211E-3 4.94364E-3 5.2831E-3 4.98138E-3 4.73735E-3 5.20069E-3 5.29418E-3 5.3291E-3 5.89861E-3 6.10282E-3 6.02413E-3 5.46423E-3 7.42583E-3 8.62855E-3 1.01388E-2 9.21798E-3 9.29506E-3 1.1768E-2 1.4369E-2 1.6739E-2 1.68407E-2 1.92112E-2 2.10419E-2 2.24281E-2 2.50704E-2 -9999 -9999 -9999 -9999 -9999 -9999 -9999
-9999 -9999 -9999 -9999 -9999 -9999 -9999 -9999 -9999 -9999 -9999 -9999 -9999 1.03762E-2 9.59024E-3 7.37086E-3 7.27369E-3 6.74824E-3 6.5757E-3 5.67813E-3 5.54305E-3 5.39395E-3 5.17315E-3 4.91142E-3 4.59241E-3 4.26724E-3 4.21151E-3 4.16466E-3 4.26716E-3 4.46102E-3 4.03652E-3 4.24723E-3 4.60725E-3 4.46625E-3 5.26784E-3 4.84165E-3 4.56293E-3 4.51989E-3 4.5748E-3 5.07363E-3 5.2693E-3 5.01915E-3 5.44057E-3 5.07101E-3 5.25346E-3 5.27992E-3 5.08476E-3 5.15491E-3 5.0883E-3 5.93371E-3 6.19724E-3 6.12522E-3 6.41771E-3 7.60868E-3 8.92567E-3 9.65536E-3 8.65174E-3 1.10636E-2 1.31375E-2 1.48665E-2 1.58174E-2 1.6976E-2 1.95005E-2 2.06767E-2 2.32088E-2 -9999 -9999 -9999 -9999 -9999 -9999 -9999
-9999 -9999 -9999 -9999 -9999 -9999 -9999 -9999 -9999 -9999 -9999 -9999 -9999 -9999 8.89971E-3 7.31297E-3 6.74224E-3 6.76582E-3 6.63885E-3 5.63538E-3 5.27032E-3 4.93808E-3 4.64521E-3 4.32441E-3 3.74837E-3 3.8944E-3 3.60161E-3 3.42158E-3 3.718E-3 3.34919E-3 3.71872E-3 4.35904E-3 4.26873E-3 4.51726E-3 4.11463E-3 3.99089E-3 3.70528E-3 3.72019E-3 4.89151E-3 5.27267E-3 5.04762E-3 4.50466E-3 4.47134E-3 4.43016E-3 4.32617E-3 4.11834E-3 4.37589E-3 4.78843E-3 4.86241E-3 5.30671E-3 6.45536E-3 6.47604E-3 6.79844E-3 7.0576E-3 8.20407E-3 9.05853E-3 9.41053E-3 1.11357E-2 1.23608E-2 1.42223E-2 1.45235E-2 1.66255E-2 1.82543E-2 1.92575E-2 2.18891E-2 -9999 -9999 -9999 -9999 -9999 -9999 -9999
-9999 -9999 -9999 -9999 -9999 -9999 -9999 -9999 -9999 -9999 -9999 -9999 -9999 -9999 8.25274E-3 8.14608E-3 7.16973E-3 5.89374E-3 5.73105E-3 5.73701E-3 4.7022E-3 4.34357E-3 3.99219E-3 3.69443E-3 3.91376E-3 3.46092E-3 3.41196E-3 3.38275E-3 3.31052E-3 3.52911E-3 4.37169E-3 4.09055E-3 3.97148E-3 3.5194E-3 3.50559E-3 3.27621E-3 3.50228E-3 4.16491E-3 4.39032E-3 4.50088E-3 3.85903E-3 4.03339E-3 4.47621E-3 4.46837E-3 4.26626E-3 4.4703E-3 3.85941E-3 4.07718E-3 4.67066E-3 5.7576E-3 6.29928E-3 6.61334E-3 7.00606E-3 7.32492E-3 7.09616E-3 8.38617E-3 1.1154E-2 1.03423E-2 1.19396E-2 1.25661E-2 1.35939E-2 1.46388E-2 1.6374E-2 1.88517E-2 2.03201E-2 -9999 -9999 -9999 -9999 -9999 -9999 -9999
-9999 -9999 -9999 -9999 -9999 -9999 -9999 -9999 -9999 -9999 -9999 -9999 -9999 -9999 7.85973E-3 7.14963E-3 6.38815E-3 5.59512E-3 4.79501E-3 5.05682E-3 4.49858E-3 4.31697E-3 4.00582E-3 3.76048E-3 3.48664E-3 3.24004E-3 3.18321E-3 3.39157E-3 3.55666E-3 3.88285E-3 3.62943E-3 3.14415E-3 3.02202E-3 3.31089E-3 3.29364E-3 3.45004E-3 3.33262E-3 3.68088E-3 4.23749E-3 3.89403E-3 3.55802E-3 3.7987E-3 3.93902E-3 3.92872E-3 3.95382E-3 3.76703E-3 3.87551E-3 4.25637E-3 5.61465E-3 5.79522E-3 5.88256E-3 6.17289E-3 7.1147E-3 6.73187E-3 6.46382E-3 7.44917E-3 8.61153E-3 1.0467E-2 1.16006E-2 1.17716E-2 1.28063E-2 1.36193E-2 1.46354E-2 1.61186E-2 1.88237E-2 -9999 -9999 -9999 -9999 -9999 -9999 -9999
-9999 -9999 -9999 -9999 -9999 -9999 -9999 -9999 -9999 -9999 -9999 -9999 -9999 -9999 7.86468E-3 7.19441E-3 5.86808E-3 5.16211E-3 5.08218E-3 4.3507E-3 4.35427E-3 3.69481E-3 3.77839E-3 3.56133E-3 2.95225E-3 3.44545E-3 3.42367E-3 3.14464E-3 3.3578E-3 3.07861E-3 3.17441E-3 3.20539E-3 3.30352E-3 3.36059E-3 2.9958E-3 2.97076E-3 3.01426E-3 3.56737E-3 3.99997E-3 3.87592E-3 4.04906E-3 3.90091E-3 3.61351E-3 3.6053E-3 3.87564E-3 4.39201E-3 4.99281E-3 4.83409E-3 5.062E-3 5.51192E-3 5.56728E-3 6.15126E-3 6.41261E-3 6.4092E-3 5.94704E-3 6.54595E-3 6.72632E-3 9.37912E-3 1.01694E-2 1.01332E-2 1.15576E-2 1.28821E-2 1.31242E-2 1.47864E-2 1.8367E-2 1.8811E-2 -9999 -9999 -9999 -9999 -9999 -9999
-9999 -9999 -9999 -9999 -9999 -9999 -9999 -9999 -9999 -9999 -9999 -9999 -9999 -9999 7.9359E-3 6.69604E-3 5.61227E-3 5.53283E-3 4.68383E-3 4.39372E-3 4.02681E-3 3.51793E-3 3.41612E-3 3.01093E-3 2.82114E-3 2.73808E-3 2.86235E-3 2.78574E-3 2.73134E-3 2.94648E-3 2.68837E-3 2.89615E-3 2.95343E-3 2.91976E-3 2.98002E-3 3.04861E-3 3.25378E-3 3.73785E-3 3.99445E-3 3.6886E-3 3.39344E-3 3.32946E-3 3.61101E-3 3.93094E-3 4.28833E-3 4.90378E-3 5.41985E-3 4.35872E-3 4.32813E-3 5.44924E-3 5.51846E-3 5.21244E-3 5.2019E-3 5.58552E-3 6.23529E-3 6.45397E-3 5.75731E-3 7.2651E-3 9.6879E-3 1.06245E-2 1.0835E-2 1.14689E-2 1.27055E-2 1.45863E-2 1.76939E-2 1.83476E-2 -9999 -9999 -9999 -9999 -9999 -9999
-9999 -9999 -9999 -9999 -9999 -9999 -9999 -9999 -9999 -9999 -9999 -9999 -9999 8.51422E-3 7.32208E-3 6.38371E-3 5.66077E-3 5.12449E-3 4.71662E-3 4.15377E-3 3.88314E-3 3.22441E-3 2.90786E-3 2.70529E-3 2.66362E-3 2.58684E-3 2.37256E-3 2.50196E-3 2.35627E-3 2.60205E-3 2.38161E-3 2.36078E-3 2.29316E-3 2.55705E-3 2.86472E-3 3.01299E-3 3.60436E-3 3.68635E-3 3.56347E-3 3.24393E-3 3.23115E-3 3.02828E-3 3.41528E-3 4.01232E-3 4.41E-3 4.42738E-3 4.67192E-3 4.72052E-3 4.62638E-3 5.54157E-3 5.02062E-3 4.88474E-3 5.19901E-3 5.25391E-3 5.36017E-3 5.83942E-3 6.18662E-3 7.32455E-3 9.74469E-3 9.27187E-3 9.56631E-3 1.11308E-2 1.22415E-2 1.23967E-2 1.59364E-2 1.69535E-2 -9999 -9999 -9999 -9999 -9999 -9999
-9999 -9999 -9999 -9999 -9999 -9999 -9999 -9999 -9999 -9999 -9999 -9999 -9999 7.96193E-3 7.33046E-3 6.09511E-3 5.20747E-3 5.16192E-3 4.68525E-3 4.08028E-3 3.34104E-3 3.21023E-3 2.78207E-3 2.55646E-3 2.3164E-3 2.35763E-3 2.42961E-3 2.39897E-3 2.18942E-3 2.14245E-3 2.13998E-3 2.30609E-3 2.42974E-3 2.86516E-3 2.91294E-3 3.11011E-3 3.35813E-3 2.9565E-3 3.17583E-3 3.12703E-3 3.18878E-3 3.4886E-3 4.0063E-3 3.88634E-3 3.50935E-3 3.21025E-3 3.72264E-3 3.90076E-3 4.66488E-3 4.46254E-3 4.35243E-3 4.2234E-3 4.35153E-3 5.45158E-3 6.57814E-3 6.2422E-3 6.48217E-3 6.91519E-3 7.87141E-3 7.77655E-3 1.05243E-2 1.17339E-2 1.28455E-2 1.32603E-2 1.44004E-2 1.40567E-2 1.86872E-2 -9999 -9999 -9999 -9999 -9999
-9999 -9999 -9999 -9999 -9999 -9999 -9999 -9999 -9999 -9999 -9999 -9999 -9999 8.01533E-3 6.59403E-3 5.59076E-3 4.98315E-3 4.8078E-3 4.12435E-3 3.85818E-3 3.37357E-3 3.03979E-3 2.80661E-3 2.35369E-3 2.31214E-3 2.19341E-3 2.07159E-3 2.04384E-3 2.15344E-3 2.14969E-3 2.15009E-3 2.50099E-3 2.50972E-3 2.41929E-3 2.37197E-3 2.48753E-3 2.48459E-3 2.61321E-3 2.56504E-3 3.11681E-3 3.06977E-3 3.30828E-3 3.38247E-3 3.65124E-3 3.23909E-3 2.8529E-3 3.08226E-3 2.9971E-3 3.7284E-3 3.48123E-3 3.7103E-3 4.2265E-3 5.16307E-3 5.55947E-3 6.60237E-3 5.92095E-3 6.95466E-3 6.6359E-3 6.35925E-3 8.55227E-3 1.07699E-2 1.13127E-2 1.13756E-2 1.11867E-2 1.43017E-2 1.49146E-2 1.77336E-2 -9999 -9999 -9999 -9999 -9999
-9999 -9999 -9999 -9999 -9999 -9999 -9999 -9999 -9999 -9999 -9999 -9999 8.58347E-3 8.03995E-3 6.49301E-3 5.67768E-3 4.87388E-3 4.80133E-3 4.16515E-3 3.50788E-3 3.22751E-3 2.82596E-3 2.58161E-3 2.53939E-3 2.34062E-3 2.1674E-3 2.20239E-3 2.18311E-3 2.03466E-3 2.18599E-3 2.16717E-3 2.19552E-3 2.06195E-3 2.0128E-3 2.14889E-3 2.18023E-3 2.12147E-3 2.4379E-3 2.52427E-3 2.92903E-3 2.92483E-3 3.19339E-3 3.23473E-3 3.26351E-3 3.30533E-3 3.3345E-3 2.87415E-3 2.60638E-3 3.13774E-3 3.0337E-3 3.90645E-3 4.70728E-3 5.56904E-3 5.80297E-3 5.90846E-3 6.19324E-3 5.9714E-3 6.47213E-3 7.04082E-3 8.96709E-3 1.0351E-2 1.13637E-2 1.18194E-2 1.20448E-2 1.40807E-2 1.40061E-2 1.57692E-2 1.67711E-2 -9999 -9999 -9999 -9999
-9999 -9999 -9999 -9999 -9999 -9999 -9999 -9999 -9999 -9999 -9999 -9999 8.69758E-3 7.80267E-3 6.5712E-3 5.71755E-3 4.8557E-3 4.77521E-3 3.79464E-3 3.31672E-3 3.09684E-3 2.82653E-3 2.58198E-3 2.27446E-3 2.39495E-3 2.06183E-3 2.08241E-3 1.89482E-3 1.87586E-3 1.86373E-3 1.77994E-3 1.76995E-3 1.90293E-3 2.18376E-3 2.19906E-3 2.19129E-3 2.35583E-3 2.21076E-3 2.21644E-3 2.24519E-3 2.41385E-3 2.77899E-3 2.71674E-3 3.03205E-3 3.12713E-3 3.04019E-3 2.88447E-3 3.2266E-3 2.95247E-3 3.60476E-3 4.91449E-3 5.22035E-3 5.28129E-3 5.87613E-3 5.81154E-3 5.94068E-3 5.39703E-3 5.69404E-3 6.28421E-3 7.74467E-3 9.53096E-3 9.09746E-3 1.01241E-2 1.12357E-2 1.25263E-2 1.41967E-2 1.51685E-2 1.63856E-2 1.68623E-2 1.98345E-2 1.9005E-2 2.24638E-2
-9999 -9999 -9999 -9999 -9999 -9999 -9999 -9999 -9999 -9999 -9999 -9999 8.68972E-3 7.88466E-3 6.57861E-3 5.33203E-3 4.76441E-3 4.62125E-3 3.8397E-3 3.31181E-3 3.02262E-3 2.63045E-3 2.3139E-3 2.20807E-3 2.03503E-3 1.76364E-3 1.74517E-3 1.72881E-3 1.74596E-3 1.7254E-3 1.84797E-3 1.92893E-3 1.93584E-3 1.8659E-3 1.84259E-3 2.02995E-3 2.1018E-3 2.26548E-3 2.11959E-3 2.33377E-3 2.11748E-3 2.30007E-3 2.4129E-3 2.81827E-3 2.97881E-3 2.99774E-3 3.37598E-3 3.83023E-3 3.72278E-3 3.592E-3 4.6652E-3 4.96762E-3 5.4456E-3 5.05875E-3 5.4154E-3 5.46995E-3 5.2438E-3 5.15181E-3 5.29182E-3 5.85602E-3 8.37301E-3 8.11774E-3 9.83788E-3 9.16421E-3 1.17115E-2 1.26002E-2 1.35116E-2 1.45594E-2 1.56326E-2 1.76679E-2 1.86561E-2 2.07472E-2
-9999 -9999 -9999 -9999 -9999 -9999 -9999 -9999 -9999 -9999 -9999 -9999 -9999 7.52978E-3 6.3719E-3 5.26126E-3 4.10779E-3 3.83963E-3 3.85215E-3 3.25698E-3 2.8062E-3 2.5741E-3 2.38559E-3 2.02479E-3 1.85488E-3 1.81507E-3 1.7497E-3 1.74902E-3 1.84359E-3 1.85774E-3 1.8532E-3 1.90398E-3 1.903E-3 1.90552E-3 2.19877E-3 2.22727E-3 2.35125E-3 2.42589E-3 2.10393E-3 2.21391E-3 2.34192E-3 2.23883E-3 2.29838E-3 2.56781E-3 2.69123E-3 3.18217E-3 3.33479E-3 3.28358E-3 4.13145E-3 4.42638E-3 5.17839E-3 5.14134E-3 4.4727E-3 4.68461E-3 4.73808E-3 4.77295E-3 5.07707E-3 5.76003E-3 5.80881E-3 6.05126E-3 8.49572E-3 9.19101E-3 8.3772E-3 8.37732E-3 1.12884E-2 1.16341E-2 1.25347E-2 1.3579E-2 1.44126E-2 1.64482E-2 1.73501E-2 1.86283E-2
-9999 -9999 -9999 -9999 -9999 -9999 -9999 -9999 -9999 -9999 -9999 -9999 -9999 6.92997E-3 6.00626E-3 4.99785E-3 4.09833E-3 3.86604E-3 3.34708E-3 3.25879E-3 2.84797E-3 2.5802E-3 2.23081E-3 2.02771E-3 1.96712E-3 2.04635E-3 1.85509E-3 1.87332E-3 1.78678E-3 1.93197E-3 1.78568E-3 1.79596E-3 1.78037E-3 1.9376E-3 1.94587E-3 2.21995E-3 2.08191E-3 2.29052E-3 2.38824E-3 2.57438E-3 2.73388E-3 2.67464E-3 2.76274E-3 2.81684E-3 3.01757E-3 3.16429E-3 3.32913E-3 3.32487E-3 3.74847E-3 4.64851E-3 4.8254E-3 4.02718E-3 4.23409E-3 4.36477E-3 4.39661E-3 4.59074E-3 5.39067E-3 5.81165E-3 5.02922E-3 5.56124E-3 7.81625E-3 9.10626E-3 8.93006E-3 1.03234E-2 1.04609E-2 1.07495E-2 1.16174E-2 1.27019E-2 1.23642E-2 1.53224E-2 1.6266E-2 1.74301E-2
-9999 -9999 -9999 -9999 -9999 -9999 -9999 -9999 -9999 -9999 -9999 -9999 -9999 6.79621E-3 5.99564E-3 4.8299E-3 4.18282E-3 3.70112E-3 3.06093E-3 3.05324E-3 2.82067E-3 2.57792E-3 2.20398E-3 2.15106E-3 2.01248E-3 1.85213E-3 1.77523E-3 1.72524E-3 1.6375E-3 1.62547E-3 1.59679E-3 1.75922E-3 1.67452E-3 1.81422E-3 1.95829E-3 1.94073E-3 2.08191E-3 2.10628E-3 2.21084E-3 2.32792E-3 2.51924E-3 2.49343E-3 2.72703E-3 3.14891E-3 3.20774E-3 3.29107E-3 3.41486E-3 4.02878E-3 4.33915E-3 3.93413E-3 3.48997E-3 4.22982E-3 4.69965E-3 5.06015E-3 4.71412E-3 4.81134E-3 4.89293E-3 4.60186E-3 5.023E-3 6.78726E-3 7.61127E-3 8.49492E-3 8.77616E-3 8.51638E-3 1.00385E-2 1.02425E-2 1.0941E-2 1.18548E-2 1.16213E-2 1.42927E-2 1.46966E-2 1.70797E-2
-9999 -9999 -9999 -9999 -9999 -9999 -9999 -9999 -9999 -9999 -9999 -9999 -9999 6.8336E-3 5.80009E-3 4.8457E-3 4.19178E-3 3.50245E-3 3.06203E-3 3.04085E-3 2.78245E-3 2.56349E-3 2.23161E-3 2.03312E-3 1.73965E-3 1.78638E-3 1.64631E-3 1.6502E-3 1.52315E-3 1.57724E-3 1.51802E-3 1.39701E-3 1.6195E-3 1.60429E-3 1.75645E-3 1.81624E-3 1.91431E-3 1.95875E-3 2.0664E-3 2.03809E-3 2.26729E-3 2.44457E-3 2.86661E-3 3.0471E-3 3.03285E-3 2.70393E-3 3.0892E-3 3.50258E-3 3.74056E-3 3.64128E-3 3.84034E-3 4.3576E-3 4.65802E-3 4.41244E-3 4.71079E-3 4.57149E-3 4.88576E-3 4.59895E-3 4.46653E-3 6.01797E-3 7.08059E-3 7.90114E-3 8.08183E-3 8.19934E-3 8.95354E-3 9.55936E-3 1.0419E-2 1.10689E-2 1.16327E-2 1.32801E-2 1.39959E-2 1.50786E-2
-9999 -9999 -9999 -9999 -9999 -9999 -9999 -9999 -9999 -9999 -9999 -9999 -9999 6.26989E-3 5.5112E-3 4.85013E-3 4.0905E-3 3.5313E-3 3.04197E-3 2.93599E-3 2.44831E-3 2.36608E-3 2.21727E-3 1.93045E-3 1.78523E-3 1.69215E-3 1.54935E-3 1.61247E-3 1.52508E-3 1.39845E-3 1.49441E-3 1.52143E-3 1.65889E-3 1.63092E-3 1.70967E-3 1.62002E-3 1.71299E-3 1.75293E-3 2.05897E-3 2.16388E-3 2.44384E-3 2.57708E-3 2.56649E-3 2.59602E-3 2.65087E-3 2.60951E-3 3.10332E-3 3.56751E-3 3.39258E-3 3.20657E-3 3.83465E-3 4.3494E-3 4.20391E-3 4.74724E-3 4.45293E-3 4.91719E-3 4.83034E-3 5.20295E-3 4.98099E-3 6.25151E-3 7.17257E-3 6.90361E-3 7.57237E-3 7.60243E-3 8.7556E-3 8.96877E-3 9.46491E-3 1.01014E-2 1.09267E-2 1.24545E-2 1.29996E-2 1.40527E-2
-9999 -9999 -9999 -9999 -9999 -9999 -9999 -9999 -9999 -9999 -9999 -9999 -9999 6.36506E-3 5.51139E-3 4.68652E-3 4.06686E-3 3.35628E-3 3.0228E-3 2.60001E-3 2.74193E-3 2.4214E-3 2.11426E-3 1.95217E-3 1.79093E-3 1.67572E-3 1.66384E-3 1.50764E-3 1.46086E-3 1.53875E-3 1.53171E-3 1.53204E-3 1.51259E-3 1.61065E-3 1.72052E-3 1.84109E-3 1.8608E-3 2.00487E-3 2.06208E-3 2.16315E-3 2.27663E-3 2.48779E-3 2.45804E-3 2.50283E-3 2.76165E-3 2.95189E-3 3.45473E-3 3.20455E-3 3.08178E-3 2.90444E-3 3.64314E-3 4.13524E-3 3.90804E-3 3.86981E-3 4.11505E-3 3.89629E-3 5.04563E-3 4.89883E-3 6.51419E-3 6.71541E-3 6.83853E-3 7.34151E-3 7.50393E-3 7.6656E-3 8.21343E-3 8.45807E-3 9.68825E-3 9.66214E-3 1.03446E-2 1.18141E-2 1.23917E-2 1.3342E-2
-9999 -9999 -9999 -9999 -9999 -9999 -9999 -9999 -9999 -9999 -9999 -9999 -9999 6.404E-3 5.37145E-3 4.69766E-3 3.81954E-3 3.47193E-3 2.99892E-3 2.69298E-3 2.28995E-3 2.39223E-3 2.09641E-3 1.92852E-3 1.90163E-3 1.7481E-3 1.52199E-3 1.52973E-3 1.43089E-3 1.477E-3 1.39448E-3 1.49295E-3 1.51551E-3 1.59323E-3 1.5048E-3 1.60482E-3 1.73192E-3 1.83544E-3 1.82961E-3 2.13341E-3 2.27409E-3 2.61022E-3 2.81197E-3 2.75555E-3 2.91536E-3 3.04407E-3 3.26881E-3 3.39572E-3 3.27635E-3 3.66722E-3 4.07917E-3 3.94501E-3 3.54459E-3 4.21384E-3 4.22377E-3 4.27069E-3 4.73316E-3 4.54567E-3 4.80007E-3 5.75024E-3 6.36852E-3 6.99091E-3 6.80087E-3 6.99496E-3 8.26757E-3 8.34752E-3 8.53767E-3 9.42211E-3 1.01175E-2 1.03864E-2 1.09842E-2 1.16759E-2
-9999 -9999 -9999 -9999 -9999 -9999 -9999 -9999 -9999 -9999 -9999 -9999 -9999 -9999 5.34961E-3 4.46611E-3 3.75371E-3 3.57166E-3 3.04602E-3 2.67211E-3 2.25787E-3 2.22665E-3 2.04657E-3 1.93545E-3 1.78741E-3 1.56814E-3 1.53098E-3 1.61041E-3 1.51823E-3 1.42006E-3 1.46999E-3 1.50122E-3 1.45641E-3 1.58444E-3 1.63119E-3 1.71618E-3 1.8563E-3 1.96531E-3 2.2325E-3 2.40583E-3 2.31099E-3 2.46164E-3 2.78777E-3 3.02155E-3 2.98905E-3 2.85579E-3 3.22118E-3 3.46002E-3 3.50872E-3 3.859E-3 3.9524E-3 4.22448E-3 3.92673E-3 3.67916E-3 3.85827E-3 3.95684E-3 4.67053E-3 4.23641E-3 3.97194E-3 5.17769E-3 5.86963E-3 6.07573E-3 6.29763E-3 6.78715E-3 7.0318E-3 7.89494E-3 8.31499E-3 8.68708E-3 9.41454E-3 9.75333E-3 1.01541E-2 1.09122E-2
-9999 -9999 -9999 -9999 -9999 -9999 -9999 -9999 -9999 -9999 -9999 -9999 -9999 -9999 5.00938E-3 4.69298E-3 3.87265E-3 3.33836E-3 2.9141E-3 2.4787E-3 2.2768E-3 2.4155E-3 2.22131E-3 2.02974E-3 1.75241E-3 1.77031E-3 1.65438E-3 1.59343E-3 1.52649E-3 1.41678E-3 1.47199E-3 1.48184E-3 1.57295E-3 1.46964E-3 1.67435E-3 1.81953E-3 1.78839E-3 1.80007E-3 1.95671E-3 1.94785E-3 2.07896E-3 2.13572E-3 2.48445E-3 2.78995E-3 2.99417E-3 3.17731E-3 3.26707E-3 3.30994E-3 3.21752E-3 3.40129E-3 3.09559E-3 3.53229E-3 4.07377E-3 3.97668E-3 3.71345E-3 4.0609E-3 4.58631E-3 4.34576E-3 4.2783E-3 4.14196E-3 5.1995E-3 6.06582E-3 6.38254E-3 6.13141E-3 5.87332E-3 7.01012E-3 7.3595E-3 8.06242E-3 8.35294E-3 9.02127E-3 9.70018E-3 1.01075E-2
-9999 -9999 -9999 -9999 -9999 -9999 -9999 -9999 -9999 -9999 -9999 -9999 -9999 -9999 5.06167E-3 4.48098E-3 3.82169E-3 3.25144E-3 2.85828E-3 2.48163E-3 2.39505E-3 2.06288E-3 1.90356E-3 1.87759E-3 1.73722E-3 1.61437E-3 1.57837E-3 1.51422E-3 1.58101E-3 1.61968E-3 1.57704E-3 1.57083E-3 1.60497E-3 1.57397E-3 1.66123E-3 1.641E-3 1.64995E-3 1.7603E-3 1.77818E-3 1.92437E-3 2.01433E-3 2.31793E-3 2.29207E-3 2.34249E-3 2.49695E-3 2.72273E-3 2.76974E-3 2.78961E-3 2.69613E-3 3.06201E-3 3.11502E-3 3.35229E-3 3.38061E-3 3.75755E-3 4.06924E-3 4.31904E-3 4.32147E-3 4.16441E-3 4.76438E-3 5.09957E-3 5.136E-3 5.65809E-3 5.85225E-3 6.11209E-3 6.056E-3 7.00278E-3 7.27549E-3 7.74127E-3 8.90892E-3 8.80351E-3 8.97444E-3 9.42698E-3
