Artocarpus altilis SDM files/Last interglacial/results (without the bias file)/Artalt_avg.asc
ncols         1201
nrows         481
xllcorner     119.99986351115
yllcorner     -15.00013864885
cellsize      0.041666667
NODATA_value  -9999
[rows 160 to 191 of 481, columns 360 to 431 of 1201]
-9999 -9999 -9999 -9999 -9999 -9999 -9999 -9999 -9999 -9999 8.90191E-1 9.17507E-1 9.05764E-1 8.86104E-1 8.71378E-1 8.98918E-1 9.12902E-1 9.06427E-1 9.22823E-1 9.30016E-1 8.92546E-1 9.03277E-1 9.03513E-1 9.12486E-1 8.93233E-1 9.08709E-1 9.01697E-1 9.01331E-1 9.26507E-1 -9999 -9999 -9999 -9999 -9999 -9999 -9999 -9999 -9999 -9999 -9999 -9999 -9999 -9999 -9999 -9999 -9999 -9999 -9999 -9999 -9999 -9999 -9999 -9999 -9999 -9999 -9999 -9999 -9999 7.73728E-1 7.49514E-1 7.49121E-1 7.45992E-1 7.20118E-1 6.87751E-1 6.83833E-1 6.81331E-1 6.37783E-1 6.4011E-1 6.44457E-1 6.44858E-1 6.44561E-1 6.45673E-1
-9999 -9999 -9999 -9999 -9999 -9999 -9999 -9999 -9999 -9999 -9999 9.04583E-1 8.75302E-1 8.05855E-1 8.22252E-1 7.65876E-1 7.32129E-1 7.42721E-1 7.94168E-1 8.03171E-1 8.83981E-1 8.14962E-1 8.34803E-1 8.12567E-1 8.16891E-1 8.06429E-1 8.07998E-1 7.76373E-1 8.28976E-1 8.52715E-1 8.81818E-1 8.74209E-1 -9999 -9999 -9999 -9999 -9999 -9999 -9999 -9999 -9999 -9999 -9999 -9999 -9999 -9999 -9999 -9999 -9999 -9999 -9999 -9999 -9999 -9999 -9999 -9999 7.63602E-1 7.31503E-1 7.26868E-1 7.31633E-1 6.98917E-1 7.03842E-1 6.72984E-1 6.76962E-1 6.69634E-1 6.34298E-1 6.29119E-1 6.33937E-1 6.16701E-1 6.3129E-1 6.35828E-1 6.28854E-1
-9999 -9999 -9999 -9999 -9999 -9999 -9999 -9999 -9999 -9999 -9999 -9999 -9999 -9999 -9999 8.43005E-1 7.8125E-1 8.15463E-1 8.17864E-1 8.09267E-1 8.33284E-1 7.2881E-1 6.26419E-1 5.95674E-1 6.83862E-1 4.85653E-1 4.5655E-1 5.99909E-1 6.14097E-1 7.68736E-1 6.45385E-1 6.86306E-1 7.15253E-1 8.73968E-1 8.33509E-1 8.17882E-1 8.40371E-1 8.68583E-1 8.97921E-1 8.89035E-1 8.73583E-1 8.01646E-1 8.78399E-1 -9999 -9999 -9999 -9999 -9999 -9999 -9999 -9999 -9999 -9999 -9999 7.47412E-1 7.16134E-1 7.18985E-1 6.78367E-1 6.81129E-1 6.78049E-1 6.44889E-1 6.42064E-1 6.42354E-1 6.12961E-1 6.10405E-1 6.16283E-1 5.92385E-1 6.21949E-1 6.17031E-1 6.51828E-1 6.09261E-1 6.24228E-1
-9999 -9999 -9999 -9999 -9999 -9999 -9999 -9999 -9999 -9999 -9999 -9999 -9999 -9999 -9999 -9999 -9999 -9999 8.76315E-1 8.88221E-1 8.45684E-1 8.34571E-1 7.73431E-1 6.24035E-1 5.49753E-1 6.1232E-1 5.27439E-1 6.51136E-1 5.86745E-1 3.66098E-1 4.29856E-1 5.29601E-1 5.27741E-1 5.6872E-1 3.22339E-1 4.17121E-1 5.02916E-1 4.69446E-1 5.11365E-1 6.11528E-1 6.20467E-1 5.66251E-1 6.20228E-1 6.20018E-1 6.39441E-1 6.73589E-1 -9999 -9999 -9999 -9999 -9999 7.44271E-1 7.37934E-1 7.06005E-1 7.01885E-1 7.01854E-1 6.5838E-1 6.34773E-1 6.34699E-1 6.31047E-1 5.92736E-1 5.93102E-1 5.93102E-1 5.61998E-1 5.73658E-1 5.85726E-1 5.77362E-1 5.83456E-1 6.02903E-1 6.02663E-1 6.0247E-1 6.23944E-1
-9999 -9999 -9999 -9999 -9999 -9999 -9999 -9999 -9999 -9999 -9999 -9999 -9999 -9999 -9999 -9999 -9999 -9999 -9999 8.22069E-1 -9999 8.17445E-1 8.14017E-1 7.96027E-1 6.87397E-1 7.10815E-1 6.61167E-1 6.04821E-1 5.00542E-1 3.77511E-1 4.42791E-1 6.73007E-1 6.30373E-1 5.26695E-1 4.14449E-1 4.77798E-1 4.10562E-1 5.44711E-1 3.7501E-1 4.14677E-1 5.11943E-1 6.48814E-1 6.42429E-1 5.9642E-1 6.01616E-1 6.04158E-1 -9999 -9999 -9999 -9999 6.99648E-1 6.75987E-1 7.23587E-1 6.52675E-1 6.60711E-1 6.15975E-1 6.18224E-1 5.96745E-1 6.21836E-1 6.20014E-1 6.21145E-1 5.94251E-1 5.84507E-1 5.89759E-1 5.9426E-1 5.80213E-1 5.87717E-1 5.59963E-1 5.71888E-1 5.60076E-1 5.59006E-1 6.34405E-1
-9999 -9999 -9999 -9999 -9999 -9999 -9999 -9999 -9999 -9999 -9999 -9999 -9999 -9999 -9999 -9999 -9999 -9999 -9999 -9999 -9999 -9999 -9999 -9999 7.43877E-1 7.57407E-1 7.32051E-1 7.00108E-1 6.939E-1 6.11357E-1 5.20615E-1 7.30756E-1 5.85476E-1 6.29647E-1 6.27076E-1 6.20843E-1 6.41575E-1 6.31669E-1 5.40762E-1 6.30786E-1 6.72311E-1 6.70575E-1 -9999 -9999 -9999 -9999 -9999 6.61097E-1 6.23997E-1 6.01455E-1 6.31499E-1 6.59624E-1 6.48677E-1 6.38283E-1 5.66461E-1 5.86405E-1 6.11931E-1 6.06147E-1 6.40487E-1 6.37156E-1 6.63579E-1 6.65887E-1 6.70415E-1 6.53076E-1 6.40765E-1 6.37483E-1 5.94011E-1 5.77368E-1 5.68411E-1 5.77524E-1 5.77362E-1 6.03395E-1
-9999 -9999 -9999 -9999 -9999 -9999 -9999 -9999 -9999 -9999 -9999 -9999 -9999 -9999 -9999 -9999 -9999 -9999 -9999 -9999 -9999 -9999 -9999 -9999 -9999 -9999 -9999 -9999 7.18696E-1 7.0036E-1 6.49641E-1 6.66384E-1 6.63975E-1 6.60295E-1 6.5446E-1 6.18872E-1 5.91601E-1 6.13688E-1 -9999 6.0512E-1 -9999 -9999 -9999 -9999 -9999 -9999 -9999 -9999 -9999 6.04801E-1 6.13945E-1 6.02895E-1 5.96326E-1 5.94976E-1 5.99773E-1 5.68158E-1 5.60443E-1 5.93828E-1 5.81081E-1 6.14603E-1 5.55511E-1 4.9817E-1 5.02757E-1 5.15144E-1 4.77852E-1 4.77254E-1 5.23147E-1 5.25524E-1 5.5188E-1 6.21774E-1 6.24285E-1 6.23104E-1
-9999 -9999 -9999 -9999 -9999 -9999 -9999 -9999 -9999 -9999 -9999 -9999 -9999 -9999 -9999 -9999 -9999 -9999 -9999 -9999 -9999 -9999 -9999 -9999 -9999 -9999 -9999 -9999 -9999 -9999 6.96758E-1 6.91531E-1 6.36833E-1 6.48716E-1 -9999 -9999 -9999 -9999 -9999 -9999 -9999 -9999 -9999 -9999 -9999 -9999 -9999 -9999 -9999 -9999 -9999 6.02777E-1 5.93613E-1 5.85331E-1 5.84034E-1 5.78588E-1 5.82162E-1 5.82946E-1 5.75211E-1 5.4246E-1 4.98086E-1 4.76582E-1 5.10803E-1 4.80421E-1 4.80421E-1 5.17014E-1 5.16595E-1 5.16007E-1 5.69325E-1 6.50588E-1 6.69632E-1 7.41372E-1
-9999 -9999 -9999 -9999 -9999 -9999 -9999 -9999 -9999 -9999 -9999 -9999 -9999 -9999 -9999 -9999 -9999 -9999 -9999 -9999 -9999 -9999 -9999 -9999 -9999 -9999 -9999 -9999 -9999 -9999 -9999 -9999 6.6463E-1 -9999 -9999 -9999 -9999 -9999 -9999 -9999 -9999 -9999 -9999 -9999 -9999 -9999 -9999 -9999 -9999 -9999 -9999 -9999 5.97145E-1 5.89576E-1 5.60711E-1 5.6237E-1 5.51257E-1 5.3563E-1 5.2252E-1 5.24216E-1 5.21849E-1 5.22571E-1 5.23022E-1 4.91183E-1 4.91536E-1 4.95294E-1 4.94016E-1 5.30311E-1 5.72433E-1 6.00138E-1 5.90604E-1 5.83867E-1
-9999 -9999 -9999 -9999 -9999 -9999 -9999 -9999 -9999 -9999 -9999 -9999 -9999 -9999 -9999 -9999 -9999 -9999 -9999 -9999 -9999 -9999 -9999 -9999 -9999 -9999 -9999 -9999 -9999 -9999 -9999 -9999 -9999 -9999 -9999 -9999 -9999 -9999 -9999 -9999 -9999 -9999 -9999 -9999 -9999 -9999 -9999 -9999 -9999 -9999 -9999 -9999 5.71836E-1 5.54917E-1 5.55123E-1 5.2178E-1 5.18774E-1 5.24754E-1 5.49205E-1 5.73931E-1 5.68088E-1 5.41956E-1 5.46126E-1 5.13113E-1 5.15001E-1 4.83348E-1 4.74554E-1 5.03391E-1 5.6059E-1 6.18298E-1 5.38646E-1 5.24739E-1
-9999 -9999 -9999 -9999 -9999 -9999 -9999 -9999 -9999 -9999 -9999 -9999 -9999 -9999 -9999 -9999 -9999 -9999 -9999 -9999 -9999 -9999 -9999 -9999 -9999 -9999 -9999 -9999 -9999 -9999 -9999 -9999 -9999 -9999 -9999 -9999 -9999 -9999 -9999 -9999 -9999 -9999 -9999 -9999 -9999 -9999 -9999 -9999 -9999 -9999 -9999 -9999 5.81624E-1 5.44816E-1 5.32143E-1 5.05434E-1 5.01606E-1 5.3637E-1 5.80633E-1 5.76152E-1 5.10514E-1 4.88824E-1 5.22977E-1 5.18468E-1 4.83126E-1 4.6586E-1 4.96449E-1 4.95842E-1 5.79439E-1 5.6868E-1 5.38879E-1 4.96493E-1
-9999 -9999 -9999 -9999 -9999 -9999 -9999 -9999 -9999 -9999 -9999 -9999 -9999 -9999 -9999 -9999 -9999 -9999 -9999 -9999 -9999 -9999 -9999 -9999 -9999 -9999 -9999 -9999 -9999 -9999 -9999 -9999 -9999 -9999 -9999 -9999 -9999 -9999 -9999 -9999 -9999 -9999 -9999 -9999 -9999 -9999 5.48508E-1 -9999 5.71986E-1 5.58175E-1 5.32462E-1 5.33504E-1 5.34581E-1 5.22557E-1 5.19465E-1 4.94337E-1 4.93203E-1 4.85179E-1 4.7832E-1 4.6871E-1 4.64658E-1 4.37074E-1 4.46229E-1 4.80086E-1 4.77742E-1 5.08003E-1 5.09586E-1 5.09614E-1 5.93515E-1 6.03254E-1 4.97316E-1 4.84461E-1
-9999 -9999 -9999 -9999 -9999 -9999 -9999 -9999 -9999 -9999 -9999 -9999 -9999 -9999 -9999 -9999 -9999 -9999 -9999 -9999 -9999 -9999 -9999 -9999 -9999 -9999 -9999 -9999 -9999 -9999 -9999 -9999 -9999 -9999 -9999 -9999 -9999 -9999 -9999 -9999 -9999 -9999 -9999 -9999 -9999 -9999 5.60821E-1 5.2449E-1 5.25664E-1 4.85438E-1 4.89687E-1 4.95593E-1 4.7926E-1 5.03566E-1 4.73758E-1 4.74744E-1 4.75262E-1 4.79101E-1 5.04655E-1 5.65557E-1 5.83045E-1 5.13889E-1 5.06474E-1 5.50257E-1 5.45931E-1 5.70709E-1 5.3958E-1 4.79317E-1 5.09375E-1 4.68529E-1 4.25463E-1 4.35737E-1
-9999 -9999 -9999 -9999 -9999 -9999 -9999 -9999 -9999 -9999 -9999 -9999 -9999 -9999 -9999 -9999 -9999 -9999 -9999 -9999 -9999 -9999 -9999 -9999 -9999 -9999 -9999 -9999 -9999 -9999 -9999 -9999 -9999 -9999 -9999 5.97726E-1 5.65391E-1 -9999 -9999 -9999 -9999 -9999 -9999 5.48586E-1 5.24574E-1 5.16072E-1 5.11169E-1 5.17847E-1 4.82587E-1 4.78494E-1 5.05216E-1 5.05723E-1 4.89067E-1 4.91424E-1 4.91969E-1 4.89239E-1 5.22888E-1 5.41559E-1 5.80748E-1 5.89802E-1 6.52161E-1 5.66346E-1 4.78619E-1 4.44098E-1 4.64593E-1 5.16056E-1 4.75992E-1 4.18267E-1 4.04099E-1 3.80376E-1 3.95561E-1 3.91376E-1
-9999 -9999 -9999 -9999 -9999 -9999 -9999 -9999 -9999 -9999 -9999 -9999 -9999 -9999 -9999 -9999 -9999 -9999 -9999 -9999 -9999 -9999 -9999 -9999 -9999 -9999 -9999 -9999 -9999 5.81949E-1 5.71852E-1 -9999 6.1374E-1 5.62923E-1 5.36171E-1 5.27481E-1 5.22058E-1 4.85168E-1 -9999 -9999 5.56694E-1 5.19367E-1 5.46545E-1 5.42845E-1 4.99417E-1 5.0022E-1 4.99847E-1 4.97056E-1 5.25011E-1 5.17761E-1 5.35727E-1 5.41491E-1 5.45409E-1 5.57064E-1 5.55156E-1 5.2357E-1 5.65492E-1 5.69603E-1 5.64165E-1 5.24972E-1 4.32216E-1 3.53707E-1 3.98769E-1 4.66598E-1 4.96115E-1 5.6864E-1 3.5358E-1 3.88436E-1 4.03655E-1 3.79492E-1 4.18179E-1 4.98697E-1
-9999 -9999 -9999 -9999 -9999 -9999 -9999 -9999 -9999 -9999 -9999 -9999 -9999 -9999 -9999 -9999 -9999 -9999 -9999 -9999 -9999 -9999 -9999 -9999 -9999 -9999 -9999 -9999 -9999 -9999 -9999 5.84548E-1 5.69869E-1 5.28229E-1 5.2671E-1 5.19383E-1 4.84099E-1 5.08399E-1 5.07009E-1 5.19049E-1 5.4621E-1 5.42031E-1 5.36302E-1 5.54739E-1 5.42835E-1 5.18369E-1 5.01706E-1 5.09583E-1 5.51793E-1 4.9125E-1 4.51963E-1 4.3297E-1 4.32363E-1 4.52544E-1 3.77673E-1 4.01373E-1 3.96266E-1 4.21283E-1 3.1316E-1 3.31128E-1 3.57243E-1 4.83328E-1 5.39828E-1 6.50099E-1 6.30237E-1 4.83362E-1 3.38001E-1 4.41346E-1 4.72674E-1 4.00203E-1 4.10549E-1 3.55898E-1
-9999 -9999 -9999 -9999 -9999 -9999 -9999 -9999 -9999 -9999 -9999 -9999 -9999 -9999 -9999 -9999 -9999 -9999 -9999 -9999 -9999 -9999 -9999 -9999 -9999 -9999 -9999 -9999 -9999 -9999 -9999 5.75756E-1 5.49949E-1 5.09777E-1 5.08278E-1 5.04875E-1 5.01534E-1 5.0899E-1 5.13998E-1 5.56903E-1 5.73957E-1 5.12007E-1 4.96406E-1 5.37852E-1 4.68039E-1 4.89141E-1 4.44602E-1 4.37002E-1 4.77585E-1 4.25338E-1 4.43901E-1 4.74296E-1 4.57484E-1 4.14774E-1 4.27813E-1 4.40889E-1 4.90266E-1 4.48783E-1 4.3544E-1 4.03573E-1 4.71541E-1 5.61599E-1 5.6492E-1 4.8572E-1 4.13616E-1 4.23612E-1 3.72201E-1 4.71931E-1 4.04075E-1 3.56283E-1 4.1012E-1 4.2105E-1
-9999 -9999 -9999 -9999 -9999 -9999 -9999 -9999 -9999 -9999 -9999 -9999 -9999 -9999 -9999 -9999 -9999 -9999 -9999 -9999 -9999 -9999 -9999 -9999 -9999 -9999 -9999 -9999 -9999 -9999 -9999 -9999 5.39607E-1 4.98301E-1 5.0482E-1 5.17952E-1 5.04749E-1 5.21831E-1 5.1898E-1 5.42012E-1 5.4291E-1 5.72159E-1 4.16178E-1 4.24271E-1 5.01321E-1 4.29212E-1 4.81711E-1 5.04129E-1 5.29104E-1 5.16664E-1 5.1308E-1 6.07156E-1 4.31203E-1 4.62091E-1 4.95367E-1 4.08515E-1 3.90566E-1 3.42459E-1 3.73197E-1 3.46686E-1 3.69661E-1 4.31395E-1 4.89855E-1 3.03596E-1 3.42548E-1 3.19965E-1 3.02988E-1 3.70726E-1 3.27951E-1 3.16856E-1 4.00163E-1 4.33234E-1
-9999 -9999 -9999 -9999 -9999 -9999 -9999 -9999 -9999 -9999 -9999 -9999 -9999 -9999 -9999 -9999 -9999 -9999 -9999 -9999 -9999 -9999 -9999 -9999 -9999 -9999 -9999 -9999 -9999 -9999 -9999 5.28765E-1 4.96672E-1 4.924E-1 5.07077E-1 5.53051E-1 5.03982E-1 5.58126E-1 5.21641E-1 6.18653E-1 4.50206E-1 5.33732E-1 5.20587E-1 5.16966E-1 6.03876E-1 3.23018E-1 3.86954E-1 3.38383E-1 2.30692E-1 2.90912E-1 3.21843E-1 3.41282E-1 2.87163E-1 3.78266E-1 3.43957E-1 3.63672E-1 4.10955E-1 3.89798E-1 3.64414E-1 3.77986E-1 4.70024E-1 4.53435E-1 5.07983E-1 5.19988E-1 5.10828E-1 3.29082E-1 4.20984E-1 4.62554E-1 3.1289E-1 2.89712E-1 2.95365E-1 4.0487E-1
-9999 -9999 -9999 -9999 -9999 -9999 -9999 -9999 -9999 -9999 -9999 -9999 -9999 -9999 -9999 -9999 -9999 -9999 -9999 -9999 -9999 -9999 -9999 -9999 -9999 -9999 -9999 -9999 -9999 -9999 4.98802E-1 4.83711E-1 4.85361E-1 5.03976E-1 5.52637E-1 5.90625E-1 4.37519E-1 5.0953E-1 5.1064E-1 5.35637E-1 5.17179E-1 6.06636E-1 5.38033E-1 5.58865E-1 4.44271E-1 2.16003E-1 3.20775E-1 4.07793E-1 3.10662E-1 5.16546E-1 3.1394E-1 3.73316E-1 3.43759E-1 3.17048E-1 3.1834E-1 3.73074E-1 4.18371E-1 4.50485E-1 4.49522E-1 4.2269E-1 5.23558E-1 5.58366E-1 5.5042E-1 4.92247E-1 4.98937E-1 5.26302E-1 3.70268E-1 2.87969E-1 2.36326E-1 2.84823E-1 2.60407E-1 3.06584E-1
-9999 -9999 -9999 -9999 -9999 -9999 -9999 -9999 -9999 -9999 -9999 -9999 -9999 -9999 -9999 -9999 -9999 -9999 -9999 -9999 -9999 -9999 -9999 -9999 -9999 -9999 -9999 -9999 -9999 -9999 4.78063E-1 4.63511E-1 4.87697E-1 5.60203E-1 5.09813E-1 5.21331E-1 5.1001E-1 5.2635E-1 5.94236E-1 5.7312E-1 4.27715E-1 3.21693E-1 2.61224E-1 3.01095E-1 2.84017E-1 2.45005E-1 2.29725E-1 3.35985E-1 2.92965E-1 3.70225E-1 4.64824E-1 4.12794E-1 2.113E-1 2.41114E-1 2.90321E-1 3.49517E-1 3.84943E-1 3.22851E-1 3.11282E-1 3.14755E-1 4.47771E-1 5.28206E-1 4.82863E-1 3.39061E-1 4.81997E-1 3.66197E-1 2.8423E-1 2.66295E-1 2.65022E-1 2.29295E-1 2.6765E-1 2.68818E-1
-9999 -9999 -9999 -9999 -9999 -9999 -9999 -9999 -9999 -9999 -9999 -9999 -9999 -9999 -9999 -9999 -9999 -9999 -9999 -9999 -9999 -9999 -9999 -9999 -9999 -9999 -9999 -9999 -9999 -9999 4.64509E-1 4.93829E-1 4.85458E-1 4.07448E-1 4.31005E-1 5.09364E-1 5.20237E-1 4.80954E-1 4.36217E-1 3.14019E-1 2.88994E-1 3.45624E-1 4.33126E-1 3.47334E-1 2.29244E-1 2.67128E-1 2.63234E-1 2.40034E-1 1.97531E-1 2.65032E-1 2.8145E-1 2.7448E-1 1.69838E-1 2.13949E-1 2.77003E-1 2.57097E-1 3.46925E-1 3.17207E-1 2.70597E-1 3.61746E-1 4.28376E-1 4.00014E-1 2.94744E-1 2.15408E-1 2.15184E-1 2.16541E-1 2.05217E-1 2.55314E-1 2.31991E-1 2.71394E-1 2.44183E-1 2.5801E-1
-9999 -9999 -9999 -9999 -9999 -9999 -9999 -9999 -9999 -9999 -9999 -9999 -9999 -9999 -9999 -9999 -9999 -9999 -9999 -9999 -9999 -9999 -9999 -9999 -9999 -9999 -9999 -9999 -9999 4.57623E-1 4.48149E-1 4.30546E-1 4.09307E-1 4.25014E-1 3.70086E-1 4.17594E-1 4.09122E-1 3.26656E-1 3.94089E-1 4.04883E-1 3.23139E-1 2.85362E-1 3.50555E-1 3.29017E-1 2.09638E-1 2.28657E-1 2.52567E-1 2.74512E-1 3.2221E-1 1.82499E-1 2.69915E-1 2.34371E-1 2.0105E-1 2.13694E-1 1.93859E-1 1.99076E-1 2.14734E-1 1.93648E-1 2.10746E-1 2.94001E-1 3.2869E-1 4.10768E-1 2.20488E-1 2.18301E-1 2.12807E-1 2.15548E-1 2.29402E-1 2.2589E-1 2.32376E-1 2.27854E-1 2.30107E-1 2.6776E-1
-9999 -9999 -9999 -9999 -9999 -9999 -9999 -9999 -9999 -9999 -9999 -9999 -9999 -9999 -9999 -9999 -9999 -9999 -9999 -9999 -9999 -9999 -9999 -9999 -9999 -9999 -9999 -9999 -9999 4.29142E-1 4.21883E-1 3.9903E-1 4.04971E-1 3.92193E-1 4.05601E-1 3.48501E-1 2.3617E-1 3.11888E-1 3.19335E-1 3.67849E-1 2.75246E-1 2.68741E-1 3.7368E-1 2.96671E-1 2.96328E-1 2.32237E-1 2.16626E-1 2.55498E-1 2.82938E-1 1.84969E-1 2.54858E-1 1.73373E-1 1.29509E-1 2.72484E-1 2.13761E-1 2.08487E-1 1.74998E-1 1.73848E-1 1.86778E-1 2.60403E-1 2.21403E-1 1.96624E-1 2.0048E-1 2.05458E-1 2.33785E-1 1.87755E-1 2.448E-1 2.5642E-1 1.92927E-1 2.74669E-1 2.38805E-1 1.99093E-1
-9999 -9999 -9999 -9999 -9999 -9999 -9999 -9999 -9999 -9999 -9999 -9999 -9999 -9999 -9999 -9999 -9999 -9999 -9999 -9999 -9999 -9999 -9999 -9999 -9999 -9999 -9999 4.34432E-1 3.94626E-1 3.65794E-1 3.60157E-1 3.57638E-1 3.78157E-1 4.21018E-1 3.68412E-1 3.20873E-1 2.80276E-1 2.66659E-1 3.08083E-1 2.63167E-1 2.29415E-1 2.4392E-1 2.45759E-1 2.37233E-1 2.8228E-1 1.73491E-1 2.0754E-1 2.40335E-1 2.12238E-1 1.51926E-1 1.40187E-1 1.55811E-1 1.50046E-1 1.60381E-1 2.1464E-1 1.73362E-1 2.08181E-1 1.80308E-1 1.84092E-1 2.10523E-1 1.95063E-1 1.83946E-1 2.56753E-1 2.19138E-1 1.80818E-1 2.80389E-1 2.16268E-1 2.62631E-1 2.21275E-1 2.57115E-1 2.79808E-1 2.0853E-1
-9999 -9999 -9999 -9999 -9999 -9999 -9999 -9999 -9999 -9999 -9999 -9999 -9999 -9999 -9999 -9999 -9999 -9999 -9999 -9999 -9999 -9999 -9999 -9999 3.93034E-1 4.0981E-1 4.01445E-1 3.66899E-1 3.49556E-1 4.20269E-1 3.86823E-1 3.42998E-1 3.43644E-1 3.52993E-1 3.50074E-1 3.46815E-1 2.87572E-1 2.62252E-1 2.72748E-1 2.2991E-1 1.95988E-1 2.41058E-1 1.81964E-1 2.59503E-1 2.3026E-1 1.21431E-1 1.60143E-1 1.59648E-1 1.5733E-1 1.64221E-1 2.49688E-1 2.18459E-1 2.46795E-1 2.3039E-1 2.45422E-1 1.99697E-1 2.22855E-1 2.17632E-1 1.89315E-1 2.06715E-1 1.92174E-1 1.85289E-1 2.48781E-1 2.29275E-1 2.15866E-1 2.61693E-1 2.45718E-1 3.00689E-1 2.61488E-1 2.63879E-1 2.2196E-1 2.92218E-1
-9999 -9999 -9999 -9999 -9999 -9999 -9999 -9999 -9999 -9999 -9999 -9999 -9999 -9999 -9999 -9999 -9999 -9999 -9999 -9999 -9999 -9999 -9999 3.8806E-1 3.75667E-1 3.65495E-1 3.53787E-1 3.63183E-1 3.70767E-1 3.62024E-1 3.54449E-1 3.38478E-1 3.20767E-1 3.46234E-1 3.54894E-1 3.03137E-1 2.50506E-1 3.41294E-1 3.02027E-1 2.70927E-1 2.37113E-1 3.05157E-1 2.8365E-1 2.18357E-1 1.79229E-1 1.91593E-1 1.69104E-1 1.41884E-1 1.40928E-1 2.86221E-1 3.19891E-1 2.12974E-1 1.76949E-1 2.23829E-1 2.73479E-1 2.0048E-1 2.20165E-1 2.25522E-1 1.94482E-1 2.21198E-1 2.09428E-1 2.23281E-1 2.26284E-1 2.07622E-1 2.38023E-1 2.44587E-1 3.02297E-1 2.6335E-1 2.93246E-1 3.30714E-1 2.59663E-1 2.36262E-1
-9999 -9999 -9999 -9999 -9999 -9999 -9999 -9999 -9999 -9999 -9999 -9999 -9999 -9999 -9999 -9999 -9999 -9999 -9999 -9999 -9999 -9999 3.80413E-1 3.77901E-1 3.75437E-1 3.48887E-1 3.76412E-1 3.69336E-1 3.66731E-1 3.39844E-1 3.36815E-1 3.20387E-1 3.3729E-1 3.18961E-1 2.98162E-1 3.3922E-1 3.37466E-1 2.61499E-1 2.95565E-1 2.88062E-1 3.04062E-1 2.93662E-1 2.82506E-1 1.88318E-1 2.05376E-1 2.01725E-1 1.94492E-1 1.4908E-1 1.93514E-1 2.59661E-1 3.23E-1 3.27286E-1 2.65317E-1 2.40852E-1 2.60644E-1 2.58782E-1 3.01083E-1 2.25149E-1 2.54851E-1 2.48153E-1 2.79718E-1 2.42454E-1 2.0424E-1 2.37113E-1 2.03366E-1 1.91184E-1 1.92271E-1 2.18014E-1 2.6668E-1 3.04628E-1 2.5763E-1 2.8031E-1
-9999 -9999 -9999 -9999 -9999 -9999 -9999 -9999 -9999 -9999 -9999 -9999 -9999 -9999 -9999 -9999 -9999 -9999 -9999 -9999 -9999 -9999 3.68793E-1 3.64644E-1 3.47248E-1 3.61064E-1 3.91611E-1 3.56466E-1 3.28905E-1 3.25573E-1 3.62563E-1 3.13869E-1 3.5639E-1 3.20436E-1 2.70251E-1 2.95722E-1 3.11848E-1 2.94478E-1 3.75664E-1 2.80937E-1 3.03858E-1 2.94826E-1 3.02449E-1 2.87221E-1 2.39708E-1 2.07882E-1 2.04998E-1 1.70843E-1 2.65264E-1 3.22879E-1 1.87539E-1 3.52586E-1 3.26593E-1 2.47977E-1 2.19224E-1 2.3663E-1 2.16659E-1 1.93744E-1 2.4321E-1 2.16595E-1 2.16276E-1 2.14008E-1 2.14893E-1 2.53629E-1 2.46706E-1 2.40308E-1 2.2886E-1 2.52662E-1 2.89539E-1 3.01656E-1 2.78883E-1 2.69572E-1
-9999 -9999 -9999 -9999 -9999 -9999 -9999 -9999 -9999 -9999 -9999 -9999 -9999 -9999 -9999 -9999 -9999 -9999 -9999 -9999 -9999 -9999 3.52018E-1 3.7369E-1 3.58794E-1 3.56123E-1 3.64838E-1 3.34512E-1 3.18608E-1 3.16251E-1 3.16913E-1 3.38661E-1 3.23924E-1 3.26963E-1 3.3297E-1 3.38932E-1 4.65747E-1 3.26028E-1 3.08209E-1 3.02521E-1 2.93985E-1 3.5183E-1 3.34158E-1 2.72421E-1 2.77079E-1 3.30362E-1 3.21055E-1 1.91904E-1 2.49442E-1 3.38194E-1 3.01085E-1 2.53024E-1 2.72606E-1 2.94531E-1 2.39356E-1 2.63788E-1 2.40967E-1 2.14033E-1 2.2847E-1 2.43067E-1 2.51754E-1 2.36698E-1 2.36109E-1 2.27252E-1 2.34715E-1 2.4256E-1 2.78575E-1 3.14681E-1 2.83112E-1 2.67658E-1 2.97294E-1 2.55825E-1
-9999 -9999 -9999 -9999 -9999 -9999 -9999 -9999 -9999 -9999 -9999 -9999 -9999 -9999 -9999 -9999 -9999 -9999 -9999 -9999 -9999 3.73365E-1 3.65429E-1 3.60094E-1 3.49385E-1 3.76664E-1 3.78652E-1 3.41981E-1 3.13193E-1 3.283E-1 3.30782E-1 3.21671E-1 3.27944E-1 3.26043E-1 3.77821E-1 3.63817E-1 3.92367E-1 2.30428E-1 2.75434E-1 3.6052E-1 2.86829E-1 2.77205E-1 2.71059E-1 3.51077E-1 2.85079E-1 2.86107E-1 3.16321E-1 1.87862E-1 2.80908E-1 3.34776E-1 3.45683E-1 3.01289E-1 3.17714E-1 3.31521E-1 3.05103E-1 2.67835E-1 2.55255E-1 2.43485E-1 2.80264E-1 2.64284E-1 2.89031E-1 2.7136E-1 2.83877E-1 2.72007E-1 2.56781E-1 2.58599E-1 2.74525E-1 2.90121E-1 2.89151E-1 3.02879E-1 3.02058E-1 2.78787E-1
-9999 -9999 -9999 -9999 -9999 -9999 -9999 -9999 -9999 -9999 -9999 -9999 -9999 -9999 -9999 -9999 3.93384E-1 3.86892E-1 3.62013E-1 4.0076E-1 -9999 -9999 3.68936E-1 3.52152E-1 3.49126E-1 3.49645E-1 3.38071E-1 3.04293E-1 3.2752E-1 3.29476E-1 3.63447E-1 3.17669E-1 3.58162E-1 3.61031E-1 3.52579E-1 4.56098E-1 5.53172E-1 3.50885E-1 2.96928E-1 3.35452E-1 3.07038E-1 2.43122E-1 3.11638E-1 2.8181E-1 2.92393E-1 2.48222E-1 2.42046E-1 2.32979E-1 2.35328E-1 3.96548E-1 3.93174E-1 3.79928E-1 3.20284E-1 3.09904E-1 2.94917E-1 3.01476E-1 2.87041E-1 2.61783E-1 2.62605E-1 2.66385E-1 2.77223E-1 2.67903E-1 2.75658E-1 2.84811E-1 2.85349E-1 2.62258E-1 2.62931E-1 2.87291E-1 2.93238E-1 2.9857E-1 3.29042E-1 2.95223E-1
