Artocarpus altilis SDM files/Last interglacial/results (without the bias file)/Artalt_median.asc
ncols         1201
nrows         481
xllcorner     119.99986351115
yllcorner     -15.00013864885
cellsize      0.041666667
NODATA_value  -9999
[rows 160 to 191 of 481, columns 360 to 431 of 1201]
-9999 -9999 -9999 -9999 -9999 -9999 -9999 -9999 -9999 -9999 9.00195E-1 9.24138E-1 9.09204E-1 8.9093E-1 8.77835E-1 8.99232E-1 9.11919E-1 9.05525E-1 9.23696E-1 9.32076E-1 9.01102E-1 9.06745E-1 9.0539E-1 9.17194E-1 8.92267E-1 9.13808E-1 9.05102E-1 9.02941E-1 9.2747E-1 -9999 -9999 -9999 -9999 -9999 -9999 -9999 -9999 -9999 -9999 -9999 -9999 -9999 -9999 -9999 -9999 -9999 -9999 -9999 -9999 -9999 -9999 -9999 -9999 -9999 -9999 -9999 -9999 -9999 7.98335E-1 7.70799E-1 7.70749E-1 7.69252E-1 7.46982E-1 7.21872E-1 7.20606E-1 7.18601E-1 6.7262E-1 6.76634E-1 6.77174E-1 6.78677E-1 6.77172E-1 6.80687E-1
-9999 -9999 -9999 -9999 -9999 -9999 -9999 -9999 -9999 -9999 -9999 9.13417E-1 8.72083E-1 8.09783E-1 8.45747E-1 7.86203E-1 7.59293E-1 7.60502E-1 8.1412E-1 8.2408E-1 8.82392E-1 8.1447E-1 8.323E-1 8.11151E-1 8.1384E-1 8.05911E-1 8.06697E-1 7.73802E-1 8.37266E-1 8.52638E-1 8.81136E-1 8.74579E-1 -9999 -9999 -9999 -9999 -9999 -9999 -9999 -9999 -9999 -9999 -9999 -9999 -9999 -9999 -9999 -9999 -9999 -9999 -9999 -9999 -9999 -9999 -9999 -9999 7.87378E-1 7.5578E-1 7.53797E-1 7.55501E-1 7.30518E-1 7.32277E-1 7.07614E-1 7.08924E-1 7.0626E-1 6.69884E-1 6.64312E-1 6.68833E-1 6.53462E-1 6.65459E-1 6.70596E-1 6.62798E-1
-9999 -9999 -9999 -9999 -9999 -9999 -9999 -9999 -9999 -9999 -9999 -9999 -9999 -9999 -9999 8.61628E-1 7.86913E-1 8.21111E-1 8.28119E-1 8.22533E-1 8.50102E-1 7.43695E-1 6.33472E-1 6.02008E-1 7.00057E-1 4.79584E-1 4.58011E-1 6.09715E-1 6.2413E-1 7.7197E-1 6.58557E-1 6.95783E-1 7.34322E-1 8.76508E-1 8.32698E-1 8.17605E-1 8.4165E-1 8.67242E-1 8.95474E-1 8.87166E-1 8.72794E-1 8.19107E-1 8.79145E-1 -9999 -9999 -9999 -9999 -9999 -9999 -9999 -9999 -9999 -9999 -9999 7.7091E-1 7.41423E-1 7.42218E-1 7.07785E-1 7.13142E-1 7.08028E-1 6.82042E-1 6.79649E-1 6.80024E-1 6.49286E-1 6.45317E-1 6.51764E-1 6.37763E-1 6.56582E-1 6.50888E-1 6.87335E-1 6.46167E-1 6.58745E-1
-9999 -9999 -9999 -9999 -9999 -9999 -9999 -9999 -9999 -9999 -9999 -9999 -9999 -9999 -9999 -9999 -9999 -9999 8.76366E-1 8.8946E-1 8.609E-1 8.53038E-1 7.90041E-1 6.40669E-1 5.62786E-1 6.3145E-1 5.40814E-1 6.61088E-1 5.95828E-1 3.59171E-1 4.35455E-1 5.41004E-1 5.2925E-1 5.7713E-1 3.1092E-1 4.17232E-1 5.05416E-1 4.68082E-1 5.20202E-1 6.25229E-1 6.36276E-1 5.90936E-1 6.50841E-1 6.54702E-1 6.74799E-1 6.98813E-1 -9999 -9999 -9999 -9999 -9999 7.6575E-1 7.61111E-1 7.2792E-1 7.23818E-1 7.27085E-1 6.88675E-1 6.66649E-1 6.66597E-1 6.65495E-1 6.31972E-1 6.32461E-1 6.32461E-1 6.07416E-1 6.18273E-1 6.24514E-1 6.19174E-1 6.2865E-1 6.38438E-1 6.36518E-1 6.37596E-1 6.62566E-1
-9999 -9999 -9999 -9999 -9999 -9999 -9999 -9999 -9999 -9999 -9999 -9999 -9999 -9999 -9999 -9999 -9999 -9999 -9999 8.41442E-1 -9999 8.39208E-1 8.24121E-1 8.20211E-1 7.13863E-1 7.39787E-1 6.89028E-1 6.24035E-1 5.04288E-1 3.80062E-1 4.49584E-1 6.85699E-1 6.54762E-1 5.4513E-1 4.24281E-1 4.85396E-1 4.22341E-1 5.63389E-1 3.89243E-1 4.33058E-1 5.31819E-1 6.75558E-1 6.69597E-1 6.3438E-1 6.39207E-1 6.44008E-1 -9999 -9999 -9999 -9999 7.18109E-1 6.97088E-1 7.44698E-1 6.83421E-1 6.89555E-1 6.49412E-1 6.5079E-1 6.31369E-1 6.54655E-1 6.54348E-1 6.54747E-1 6.30671E-1 6.24177E-1 6.29677E-1 6.30932E-1 6.18717E-1 6.27523E-1 6.03053E-1 6.10528E-1 6.05276E-1 6.04751E-1 6.63103E-1
-9999 -9999 -9999 -9999 -9999 -9999 -9999 -9999 -9999 -9999 -9999 -9999 -9999 -9999 -9999 -9999 -9999 -9999 -9999 -9999 -9999 -9999 -9999 -9999 7.72052E-1 7.79519E-1 7.56768E-1 7.28698E-1 7.22796E-1 6.40025E-1 5.42213E-1 7.59374E-1 6.19619E-1 6.58716E-1 6.59191E-1 6.54495E-1 6.77363E-1 6.64495E-1 5.71301E-1 6.57592E-1 6.97482E-1 6.97942E-1 -9999 -9999 -9999 -9999 -9999 6.84999E-1 6.54192E-1 6.35201E-1 6.56096E-1 6.81685E-1 6.67653E-1 6.60733E-1 6.04833E-1 6.19369E-1 6.41478E-1 6.31971E-1 6.65479E-1 6.57041E-1 6.85639E-1 6.88695E-1 6.93765E-1 6.77933E-1 6.65977E-1 6.64862E-1 6.28007E-1 6.14325E-1 6.05171E-1 6.09916E-1 6.09799E-1 6.36653E-1
-9999 -9999 -9999 -9999 -9999 -9999 -9999 -9999 -9999 -9999 -9999 -9999 -9999 -9999 -9999 -9999 -9999 -9999 -9999 -9999 -9999 -9999 -9999 -9999 -9999 -9999 -9999 -9999 7.42308E-1 7.34704E-1 6.84813E-1 7.01725E-1 7.0065E-1 6.97408E-1 6.91886E-1 6.60578E-1 6.29028E-1 6.5519E-1 -9999 6.39563E-1 -9999 -9999 -9999 -9999 -9999 -9999 -9999 -9999 -9999 6.34365E-1 6.40694E-1 6.26841E-1 6.24875E-1 6.24389E-1 6.25847E-1 6.00474E-1 5.91295E-1 6.17098E-1 6.09876E-1 6.35629E-1 5.86075E-1 5.39266E-1 5.44591E-1 5.5478E-1 5.21228E-1 5.20073E-1 5.61425E-1 5.64471E-1 5.88454E-1 6.44561E-1 6.51457E-1 6.45215E-1
-9999 -9999 -9999 -9999 -9999 -9999 -9999 -9999 -9999 -9999 -9999 -9999 -9999 -9999 -9999 -9999 -9999 -9999 -9999 -9999 -9999 -9999 -9999 -9999 -9999 -9999 -9999 -9999 -9999 -9999 7.3161E-1 7.23273E-1 6.71934E-1 6.85896E-1 -9999 -9999 -9999 -9999 -9999 -9999 -9999 -9999 -9999 -9999 -9999 -9999 -9999 -9999 -9999 -9999 -9999 6.26782E-1 6.1343E-1 6.105E-1 6.02508E-1 6.01077E-1 6.01911E-1 6.02474E-1 5.97365E-1 5.75813E-1 5.34329E-1 5.19083E-1 5.50566E-1 5.20687E-1 5.20687E-1 5.54787E-1 5.54225E-1 5.53438E-1 5.98338E-1 6.66966E-1 6.93141E-1 7.41228E-1
-9999 -9999 -9999 -9999 -9999 -9999 -9999 -9999 -9999 -9999 -9999 -9999 -9999 -9999 -9999 -9999 -9999 -9999 -9999 -9999 -9999 -9999 -9999 -9999 -9999 -9999 -9999 -9999 -9999 -9999 -9999 -9999 7.00878E-1 -9999 -9999 -9999 -9999 -9999 -9999 -9999 -9999 -9999 -9999 -9999 -9999 -9999 -9999 -9999 -9999 -9999 -9999 -9999 6.16142E-1 6.09098E-1 5.83579E-1 5.84031E-1 5.72571E-1 5.69039E-1 5.56971E-1 5.57904E-1 5.55106E-1 5.55658E-1 5.56003E-1 5.27109E-1 5.27579E-1 5.31885E-1 5.30686E-1 5.6316E-1 5.94342E-1 6.23784E-1 6.12859E-1 6.05534E-1
-9999 -9999 -9999 -9999 -9999 -9999 -9999 -9999 -9999 -9999 -9999 -9999 -9999 -9999 -9999 -9999 -9999 -9999 -9999 -9999 -9999 -9999 -9999 -9999 -9999 -9999 -9999 -9999 -9999 -9999 -9999 -9999 -9999 -9999 -9999 -9999 -9999 -9999 -9999 -9999 -9999 -9999 -9999 -9999 -9999 -9999 -9999 -9999 -9999 -9999 -9999 -9999 5.87138E-1 5.71672E-1 5.70674E-1 5.55566E-1 5.51285E-1 5.58255E-1 5.66579E-1 5.94766E-1 5.89039E-1 5.59674E-1 5.6383E-1 5.4528E-1 5.48426E-1 5.20663E-1 5.08878E-1 5.3292E-1 5.79608E-1 6.33769E-1 5.56543E-1 5.49234E-1
-9999 -9999 -9999 -9999 -9999 -9999 -9999 -9999 -9999 -9999 -9999 -9999 -9999 -9999 -9999 -9999 -9999 -9999 -9999 -9999 -9999 -9999 -9999 -9999 -9999 -9999 -9999 -9999 -9999 -9999 -9999 -9999 -9999 -9999 -9999 -9999 -9999 -9999 -9999 -9999 -9999 -9999 -9999 -9999 -9999 -9999 -9999 -9999 -9999 -9999 -9999 -9999 5.98643E-1 5.59724E-1 5.48751E-1 5.39808E-1 5.33615E-1 5.52151E-1 5.94132E-1 5.8939E-1 5.31464E-1 5.17282E-1 5.41863E-1 5.38362E-1 5.12363E-1 4.99647E-1 5.24821E-1 5.2446E-1 5.91024E-1 5.83275E-1 5.63097E-1 5.16525E-1
-9999 -9999 -9999 -9999 -9999 -9999 -9999 -9999 -9999 -9999 -9999 -9999 -9999 -9999 -9999 -9999 -9999 -9999 -9999 -9999 -9999 -9999 -9999 -9999 -9999 -9999 -9999 -9999 -9999 -9999 -9999 -9999 -9999 -9999 -9999 -9999 -9999 -9999 -9999 -9999 -9999 -9999 -9999 -9999 -9999 -9999 5.63901E-1 -9999 5.87639E-1 5.75508E-1 5.49629E-1 5.49519E-1 5.50494E-1 5.38527E-1 5.36183E-1 5.27356E-1 5.24575E-1 5.14773E-1 5.07909E-1 4.96683E-1 4.92536E-1 4.6838E-1 4.77536E-1 5.0542E-1 5.03049E-1 5.28439E-1 5.29135E-1 5.29608E-1 6.11325E-1 6.28569E-1 5.14133E-1 5.02116E-1
-9999 -9999 -9999 -9999 -9999 -9999 -9999 -9999 -9999 -9999 -9999 -9999 -9999 -9999 -9999 -9999 -9999 -9999 -9999 -9999 -9999 -9999 -9999 -9999 -9999 -9999 -9999 -9999 -9999 -9999 -9999 -9999 -9999 -9999 -9999 -9999 -9999 -9999 -9999 -9999 -9999 -9999 -9999 -9999 -9999 -9999 5.75578E-1 5.41036E-1 5.40905E-1 5.18134E-1 5.22585E-1 5.29596E-1 5.093E-1 5.19621E-1 5.02791E-1 5.03525E-1 5.03305E-1 5.07756E-1 5.2435E-1 5.77117E-1 6.03647E-1 5.2765E-1 5.24624E-1 5.57708E-1 5.55629E-1 5.90215E-1 5.49629E-1 5.03296E-1 5.284E-1 4.85181E-1 4.45864E-1 4.57286E-1
-9999 -9999 -9999 -9999 -9999 -9999 -9999 -9999 -9999 -9999 -9999 -9999 -9999 -9999 -9999 -9999 -9999 -9999 -9999 -9999 -9999 -9999 -9999 -9999 -9999 -9999 -9999 -9999 -9999 -9999 -9999 -9999 -9999 -9999 -9999 6.16694E-1 5.90749E-1 -9999 -9999 -9999 -9999 -9999 -9999 5.6032E-1 5.41861E-1 5.33156E-1 5.27338E-1 5.34545E-1 5.15978E-1 5.10482E-1 5.21349E-1 5.2181E-1 5.06485E-1 5.09043E-1 5.08821E-1 5.08244E-1 5.38313E-1 5.48489E-1 6.0061E-1 6.15733E-1 6.55907E-1 5.88487E-1 4.95702E-1 4.58592E-1 4.82416E-1 5.24989E-1 4.98678E-1 4.39374E-1 4.33277E-1 4.15363E-1 4.32502E-1 4.2851E-1
-9999 -9999 -9999 -9999 -9999 -9999 -9999 -9999 -9999 -9999 -9999 -9999 -9999 -9999 -9999 -9999 -9999 -9999 -9999 -9999 -9999 -9999 -9999 -9999 -9999 -9999 -9999 -9999 -9999 6.15327E-1 6.05603E-1 -9999 6.36924E-1 5.88159E-1 5.70298E-1 5.60135E-1 5.5053E-1 5.17945E-1 -9999 -9999 5.70566E-1 5.37259E-1 5.58064E-1 5.55488E-1 5.15484E-1 5.17069E-1 5.16155E-1 5.116E-1 5.42611E-1 5.35349E-1 5.4563E-1 5.51673E-1 5.58782E-1 5.72342E-1 5.7458E-1 5.29547E-1 5.89592E-1 5.90583E-1 5.87323E-1 5.39172E-1 4.54307E-1 3.85334E-1 4.2233E-1 4.85339E-1 5.09605E-1 5.67518E-1 3.80151E-1 4.1577E-1 4.29424E-1 4.07349E-1 4.4033E-1 5.08004E-1
-9999 -9999 -9999 -9999 -9999 -9999 -9999 -9999 -9999 -9999 -9999 -9999 -9999 -9999 -9999 -9999 -9999 -9999 -9999 -9999 -9999 -9999 -9999 -9999 -9999 -9999 -9999 -9999 -9999 -9999 -9999 6.06498E-1 5.93406E-1 5.58663E-1 5.56409E-1 5.51442E-1 5.12286E-1 5.38979E-1 5.3787E-1 5.36487E-1 5.56651E-1 5.5493E-1 5.50213E-1 5.68516E-1 5.56847E-1 5.32662E-1 5.18566E-1 5.26472E-1 5.76037E-1 5.03119E-1 4.66658E-1 4.56447E-1 4.55999E-1 4.66745E-1 3.97339E-1 4.25515E-1 4.20806E-1 4.36642E-1 3.35783E-1 3.5713E-1 3.79906E-1 4.93606E-1 5.51948E-1 6.54916E-1 6.35306E-1 5.05139E-1 3.61308E-1 4.59257E-1 4.80128E-1 4.22558E-1 4.31106E-1 3.84259E-1
-9999 -9999 -9999 -9999 -9999 -9999 -9999 -9999 -9999 -9999 -9999 -9999 -9999 -9999 -9999 -9999 -9999 -9999 -9999 -9999 -9999 -9999 -9999 -9999 -9999 -9999 -9999 -9999 -9999 -9999 -9999 6.01167E-1 5.76776E-1 5.41644E-1 5.39683E-1 5.35542E-1 5.26222E-1 5.25138E-1 5.29684E-1 5.72113E-1 5.91433E-1 5.27861E-1 5.10722E-1 5.48372E-1 4.84271E-1 5.02899E-1 4.59709E-1 4.59994E-1 4.90492E-1 4.41059E-1 4.59913E-1 4.84833E-1 4.65154E-1 4.38269E-1 4.52443E-1 4.53961E-1 4.88144E-1 4.58825E-1 4.52793E-1 4.22444E-1 4.84265E-1 5.6854E-1 5.70361E-1 5.08099E-1 4.32277E-1 4.45438E-1 3.95653E-1 4.83472E-1 4.24402E-1 3.84791E-1 4.36626E-1 4.50154E-1
-9999 -9999 -9999 -9999 -9999 -9999 -9999 -9999 -9999 -9999 -9999 -9999 -9999 -9999 -9999 -9999 -9999 -9999 -9999 -9999 -9999 -9999 -9999 -9999 -9999 -9999 -9999 -9999 -9999 -9999 -9999 -9999 5.6388E-1 5.26796E-1 5.28392E-1 5.37993E-1 5.23174E-1 5.3292E-1 5.32457E-1 5.55732E-1 5.58179E-1 5.89087E-1 4.33353E-1 4.47842E-1 5.18117E-1 4.47058E-1 4.91741E-1 5.24631E-1 5.50965E-1 5.39267E-1 5.23576E-1 6.18784E-1 4.43635E-1 4.70856E-1 5.07716E-1 4.32633E-1 4.12931E-1 3.65583E-1 3.91543E-1 3.70589E-1 3.8777E-1 4.4215E-1 5.05496E-1 3.23133E-1 3.59355E-1 3.33338E-1 3.14792E-1 3.74356E-1 3.46283E-1 3.29795E-1 4.213E-1 4.59652E-1
-9999 -9999 -9999 -9999 -9999 -9999 -9999 -9999 -9999 -9999 -9999 -9999 -9999 -9999 -9999 -9999 -9999 -9999 -9999 -9999 -9999 -9999 -9999 -9999 -9999 -9999 -9999 -9999 -9999 -9999 -9999 5.51209E-1 5.25256E-1 5.1514E-1 5.25898E-1 5.64191E-1 5.19411E-1 5.73098E-1 5.33427E-1 6.28142E-1 4.6698E-1 5.54971E-1 5.34458E-1 5.37793E-1 5.9703E-1 3.3065E-1 4.03153E-1 3.47211E-1 2.45813E-1 3.05028E-1 3.30089E-1 3.54977E-1 3.0256E-1 3.9485E-1 3.66112E-1 3.87812E-1 4.34276E-1 4.1394E-1 3.86074E-1 4.06302E-1 4.70653E-1 4.56895E-1 5.17109E-1 5.33286E-1 5.12389E-1 3.40865E-1 4.30629E-1 4.69809E-1 3.25437E-1 3.00981E-1 3.08943E-1 4.1656E-1
-9999 -9999 -9999 -9999 -9999 -9999 -9999 -9999 -9999 -9999 -9999 -9999 -9999 -9999 -9999 -9999 -9999 -9999 -9999 -9999 -9999 -9999 -9999 -9999 -9999 -9999 -9999 -9999 -9999 -9999 5.27626E-1 5.11135E-1 5.1151E-1 5.21536E-1 5.62747E-1 6.05012E-1 4.51491E-1 5.2229E-1 5.22377E-1 5.4996E-1 5.30676E-1 5.99843E-1 5.53261E-1 5.68049E-1 4.50563E-1 2.31333E-1 3.41499E-1 4.21209E-1 3.1772E-1 5.21471E-1 3.18281E-1 3.93235E-1 3.57642E-1 3.25652E-1 3.38133E-1 3.94463E-1 4.25868E-1 4.56217E-1 4.56066E-1 4.3092E-1 5.3943E-1 5.70511E-1 5.66238E-1 5.00851E-1 5.0334E-1 5.3392E-1 3.86081E-1 2.9346E-1 2.33264E-1 2.70213E-1 2.77806E-1 2.9779E-1
-9999 -9999 -9999 -9999 -9999 -9999 -9999 -9999 -9999 -9999 -9999 -9999 -9999 -9999 -9999 -9999 -9999 -9999 -9999 -9999 -9999 -9999 -9999 -9999 -9999 -9999 -9999 -9999 -9999 -9999 5.09536E-1 4.93568E-1 5.07027E-1 5.71457E-1 5.25069E-1 5.32182E-1 5.24624E-1 5.41946E-1 6.08117E-1 5.83816E-1 4.42354E-1 3.26874E-1 2.79479E-1 3.10972E-1 2.92846E-1 2.50407E-1 2.37192E-1 3.52116E-1 2.96019E-1 3.86392E-1 4.69106E-1 4.11663E-1 2.08484E-1 2.43714E-1 3.08835E-1 3.72337E-1 4.01792E-1 3.2577E-1 3.27356E-1 3.3E-1 4.61253E-1 5.34889E-1 4.9248E-1 3.42281E-1 4.9146E-1 3.82916E-1 2.97069E-1 2.72228E-1 2.66975E-1 2.25202E-1 2.74616E-1 2.73948E-1
-9999 -9999 -9999 -9999 -9999 -9999 -9999 -9999 -9999 -9999 -9999 -9999 -9999 -9999 -9999 -9999 -9999 -9999 -9999 -9999 -9999 -9999 -9999 -9999 -9999 -9999 -9999 -9999 -9999 -9999 4.93387E-1 5.133E-1 4.97138E-1 4.32668E-1 4.51789E-1 5.21134E-1 5.33283E-1 4.94862E-1 4.47756E-1 3.17009E-1 3.04111E-1 3.4614E-1 4.48575E-1 3.55115E-1 2.331E-1 2.79578E-1 2.67168E-1 2.38078E-1 1.99768E-1 2.70514E-1 2.9128E-1 2.78956E-1 1.71426E-1 2.11618E-1 2.6654E-1 2.66577E-1 3.70844E-1 3.2626E-1 2.55537E-1 3.63422E-1 4.39983E-1 4.11854E-1 2.89672E-1 2.22174E-1 2.26713E-1 2.13898E-1 1.98647E-1 2.60498E-1 2.30183E-1 2.60288E-1 2.4509E-1 2.58106E-1
-9999 -9999 -9999 -9999 -9999 -9999 -9999 -9999 -9999 -9999 -9999 -9999 -9999 -9999 -9999 -9999 -9999 -9999 -9999 -9999 -9999 -9999 -9999 -9999 -9999 -9999 -9999 -9999 -9999 4.82916E-1 4.76555E-1 4.599E-1 4.39811E-1 4.36688E-1 3.90845E-1 4.24938E-1 4.14631E-1 3.38923E-1 4.06872E-1 4.17199E-1 3.24631E-1 2.78669E-1 3.6057E-1 3.30797E-1 2.15427E-1 2.35003E-1 2.60407E-1 2.78836E-1 3.36732E-1 1.83295E-1 2.78246E-1 2.38172E-1 2.01317E-1 2.22675E-1 1.95069E-1 2.10464E-1 2.15203E-1 1.86937E-1 2.1735E-1 3.05774E-1 3.52843E-1 4.18127E-1 2.1802E-1 2.16268E-1 2.07285E-1 2.13691E-1 2.10919E-1 2.23347E-1 2.15328E-1 2.09434E-1 2.11316E-1 2.5227E-1
-9999 -9999 -9999 -9999 -9999 -9999 -9999 -9999 -9999 -9999 -9999 -9999 -9999 -9999 -9999 -9999 -9999 -9999 -9999 -9999 -9999 -9999 -9999 -9999 -9999 -9999 -9999 -9999 -9999 4.60913E-1 4.55168E-1 4.26167E-1 4.3135E-1 4.20682E-1 4.17315E-1 3.52778E-1 2.5446E-1 3.28049E-1 3.24005E-1 3.71558E-1 2.75078E-1 2.64495E-1 3.81746E-1 3.00129E-1 2.96037E-1 2.33555E-1 2.22317E-1 2.59842E-1 2.94574E-1 1.88262E-1 2.60139E-1 1.69137E-1 1.2921E-1 2.82662E-1 2.25847E-1 2.20814E-1 1.81934E-1 1.78448E-1 1.94482E-1 2.48708E-1 2.32202E-1 1.88023E-1 1.94777E-1 2.00588E-1 2.36937E-1 1.79913E-1 2.45818E-1 2.63229E-1 1.86045E-1 2.5722E-1 2.22858E-1 1.95831E-1
-9999 -9999 -9999 -9999 -9999 -9999 -9999 -9999 -9999 -9999 -9999 -9999 -9999 -9999 -9999 -9999 -9999 -9999 -9999 -9999 -9999 -9999 -9999 -9999 -9999 -9999 -9999 4.67667E-1 4.24518E-1 3.93906E-1 3.90976E-1 3.88845E-1 4.02409E-1 4.37911E-1 3.83983E-1 3.36588E-1 2.95936E-1 2.63377E-1 3.0654E-1 2.54667E-1 2.34571E-1 2.35653E-1 2.40125E-1 2.30724E-1 2.86087E-1 1.74408E-1 2.15596E-1 2.42635E-1 2.07597E-1 1.51613E-1 1.40592E-1 1.54053E-1 1.5192E-1 1.54386E-1 2.24197E-1 1.77288E-1 2.13315E-1 1.8752E-1 1.778E-1 2.20531E-1 1.88297E-1 1.77229E-1 2.4288E-1 2.02655E-1 1.89421E-1 2.7001E-1 2.12469E-1 2.66575E-1 2.162E-1 2.59121E-1 2.66233E-1 2.20988E-1
-9999 -9999 -9999 -9999 -9999 -9999 -9999 -9999 -9999 -9999 -9999 -9999 -9999 -9999 -9999 -9999 -9999 -9999 -9999 -9999 -9999 -9999 -9999 -9999 4.18174E-1 4.41511E-1 4.323E-1 3.96023E-1 3.76942E-1 4.44401E-1 4.11418E-1 3.72351E-1 3.72418E-1 3.7568E-1 3.66782E-1 3.41571E-1 2.84569E-1 2.64464E-1 2.86793E-1 2.42622E-1 2.07864E-1 2.34889E-1 1.89835E-1 2.49545E-1 2.26086E-1 1.27519E-1 1.63496E-1 1.61228E-1 1.59178E-1 1.63731E-1 2.53261E-1 2.14684E-1 2.50762E-1 2.27888E-1 2.48095E-1 2.09401E-1 2.28607E-1 2.15058E-1 1.97349E-1 2.16734E-1 1.99346E-1 1.91942E-1 2.52299E-1 2.25848E-1 2.09451E-1 2.44346E-1 2.27004E-1 2.86645E-1 2.64918E-1 2.64308E-1 2.20768E-1 2.78828E-1
-9999 -9999 -9999 -9999 -9999 -9999 -9999 -9999 -9999 -9999 -9999 -9999 -9999 -9999 -9999 -9999 -9999 -9999 -9999 -9999 -9999 -9999 -9999 4.14893E-1 4.00478E-1 3.91386E-1 3.80312E-1 3.77407E-1 4.00423E-1 3.90962E-1 3.80704E-1 3.6326E-1 3.45682E-1 3.6566E-1 3.54226E-1 3.23317E-1 2.70343E-1 3.2781E-1 3.0136E-1 2.66543E-1 2.18309E-1 2.90717E-1 2.83731E-1 2.17485E-1 1.70585E-1 1.81717E-1 1.72919E-1 1.46138E-1 1.46507E-1 2.93591E-1 3.29123E-1 2.15534E-1 1.80344E-1 2.27097E-1 2.83083E-1 2.08694E-1 2.2933E-1 2.35239E-1 2.03594E-1 2.2978E-1 2.18668E-1 2.31975E-1 2.35001E-1 2.17118E-1 2.34413E-1 2.246E-1 2.92479E-1 2.81287E-1 2.7989E-1 3.22484E-1 2.57081E-1 2.3714E-1
-9999 -9999 -9999 -9999 -9999 -9999 -9999 -9999 -9999 -9999 -9999 -9999 -9999 -9999 -9999 -9999 -9999 -9999 -9999 -9999 -9999 -9999 4.05525E-1 4.009E-1 4.02778E-1 3.74554E-1 4.04457E-1 3.9877E-1 3.95051E-1 3.64857E-1 3.61102E-1 3.48369E-1 3.55941E-1 3.41406E-1 3.01442E-1 3.12708E-1 3.12587E-1 2.65264E-1 2.9371E-1 2.88895E-1 2.86124E-1 2.7564E-1 2.84977E-1 1.83393E-1 1.98739E-1 1.85291E-1 1.8888E-1 1.47111E-1 1.93787E-1 2.61451E-1 3.35088E-1 3.38217E-1 2.70867E-1 2.46443E-1 2.70562E-1 2.75152E-1 3.1126E-1 2.32196E-1 2.69464E-1 2.56224E-1 2.88214E-1 2.52575E-1 2.11805E-1 2.49785E-1 2.1336E-1 2.02447E-1 1.91044E-1 2.14815E-1 2.66258E-1 2.89746E-1 2.55375E-1 2.61796E-1
-9999 -9999 -9999 -9999 -9999 -9999 -9999 -9999 -9999 -9999 -9999 -9999 -9999 -9999 -9999 -9999 -9999 -9999 -9999 -9999 -9999 -9999 3.91356E-1 3.87911E-1 3.71581E-1 3.88805E-1 4.16352E-1 3.84079E-1 3.55638E-1 3.49903E-1 3.7209E-1 3.33977E-1 3.59089E-1 3.3673E-1 2.93729E-1 2.98213E-1 3.11655E-1 2.92742E-1 3.69769E-1 2.75939E-1 2.8788E-1 2.79112E-1 2.90054E-1 2.73843E-1 2.19269E-1 2.0232E-1 1.98248E-1 1.78881E-1 2.69567E-1 3.35854E-1 1.93213E-1 3.63766E-1 3.45077E-1 2.49811E-1 2.31545E-1 2.46497E-1 2.26773E-1 2.03434E-1 2.40102E-1 2.11845E-1 2.25695E-1 2.24737E-1 2.2574E-1 2.64259E-1 2.59175E-1 2.54492E-1 2.30037E-1 2.53444E-1 2.87674E-1 3.14473E-1 2.94484E-1 2.74879E-1
-9999 -9999 -9999 -9999 -9999 -9999 -9999 -9999 -9999 -9999 -9999 -9999 -9999 -9999 -9999 -9999 -9999 -9999 -9999 -9999 -9999 -9999 3.74325E-1 4.008E-1 3.85201E-1 3.81801E-1 3.86575E-1 3.54E-1 3.46287E-1 3.36493E-1 3.37787E-1 3.44532E-1 3.27584E-1 3.31151E-1 3.34376E-1 3.45027E-1 4.86951E-1 3.34935E-1 2.99908E-1 3.10781E-1 2.99133E-1 3.49266E-1 3.34918E-1 2.78102E-1 2.85087E-1 3.31806E-1 3.35615E-1 1.8605E-1 2.48621E-1 3.48745E-1 3.01514E-1 2.56872E-1 2.77069E-1 3.05848E-1 2.48295E-1 2.62716E-1 2.53631E-1 2.2666E-1 2.41911E-1 2.56294E-1 2.47571E-1 2.4824E-1 2.35565E-1 2.43341E-1 2.47725E-1 2.61688E-1 2.90645E-1 3.21619E-1 2.97574E-1 2.85391E-1 2.98893E-1 2.74417E-1
-9999 -9999 -9999 -9999 -9999 -9999 -9999 -9999 -9999 -9999 -9999 -9999 -9999 -9999 -9999 -9999 -9999 -9999 -9999 -9999 -9999 3.98808E-1 3.89998E-1 3.87627E-1 3.75499E-1 3.99429E-1 3.85541E-1 3.66147E-1 3.35465E-1 3.33701E-1 3.37375E-1 3.2553E-1 3.31824E-1 3.27258E-1 3.66751E-1 3.74906E-1 4.15754E-1 2.09128E-1 2.75348E-1 3.58175E-1 2.81909E-1 2.85508E-1 2.77698E-1 3.59391E-1 2.77741E-1 3.008E-1 3.33193E-1 1.94776E-1 2.90882E-1 3.45912E-1 3.57708E-1 3.05515E-1 3.24933E-1 3.40576E-1 3.16822E-1 2.7942E-1 2.68776E-1 2.60562E-1 2.92643E-1 2.79009E-1 2.9263E-1 2.84986E-1 2.84528E-1 2.85834E-1 2.73349E-1 2.74671E-1 2.89478E-1 3.06081E-1 3.04753E-1 3.04791E-1 3.03957E-1 2.96139E-1
-9999 -9999 -9999 -9999 -9999 -9999 -9999 -9999 -9999 -9999 -9999 -9999 -9999 -9999 -9999 -9999 4.10534E-1 4.11325E-1 3.8066E-1 4.2858E-1 -9999 -9999 3.94875E-1 3.78373E-1 3.76726E-1 3.71597E-1 3.57328E-1 3.25809E-1 3.33438E-1 3.35402E-1 3.42345E-1 3.19706E-1 3.43122E-1 3.51842E-1 3.61116E-1 4.80305E-1 5.93132E-1 3.63024E-1 3.10376E-1 3.50388E-1 3.11741E-1 2.42473E-1 3.07976E-1 2.75606E-1 2.83808E-1 2.52013E-1 2.30942E-1 2.27604E-1 2.35061E-1 4.09136E-1 4.02111E-1 3.98362E-1 3.30769E-1 3.19034E-1 3.05782E-1 3.12523E-1 2.98577E-1 2.75474E-1 2.75138E-1 2.81189E-1 2.89496E-1 2.83743E-1 2.8821E-1 2.97987E-1 2.98841E-1 2.76774E-1 2.76786E-1 3.02631E-1 3.1006E-1 3.16299E-1 3.35316E-1 3.17112E-1
