Artocarpus altilis SDM files/Last interglacial/results (without the bias file)/Artalt_avg.asc
ncols         1201
nrows         481
xllcorner     119.99986351115
yllcorner     -15.00013864885
cellsize      0.041666667
NODATA_value  -9999
[rows 160 to 191 of 481, columns 432 to 503 of 1201]
6.39595E-1 6.7296E-1 6.72385E-1 6.72128E-1 6.42608E-1 6.57595E-1 -9999 -9999 -9999 -9999 -9999 -9999 -9999 -9999 -9999 -9999 6.3148E-1 6.55698E-1 -9999 -9999 -9999 -9999 -9999 -9999 -9999 -9999 -9999 -9999 -9999 -9999 -9999 -9999 -9999 -9999 -9999 -9999 -9999 -9999 -9999 -9999 -9999 -9999 -9999 -9999 -9999 -9999 -9999 -9999 -9999 -9999 -9999 -9999 -9999 -9999 -9999 -9999 -9999 -9999 -9999 -9999 -9999 -9999 -9999 -9999 -9999 -9999 -9999 -9999 -9999 -9999 -9999 -9999
6.27235E-1 6.3021E-1 6.21648E-1 6.21289E-1 6.26275E-1 6.30467E-1 6.43663E-1 6.46729E-1 -9999 -9999 -9999 -9999 -9999 -9999 -9999 -9999 -9999 -9999 7.62322E-1 6.60599E-1 -9999 -9999 -9999 -9999 -9999 -9999 -9999 -9999 -9999 -9999 -9999 -9999 -9999 -9999 -9999 -9999 -9999 -9999 -9999 -9999 -9999 -9999 -9999 -9999 -9999 -9999 -9999 -9999 -9999 -9999 -9999 -9999 -9999 -9999 -9999 -9999 -9999 -9999 -9999 -9999 -9999 -9999 -9999 -9999 -9999 -9999 -9999 -9999 -9999 -9999 -9999 -9999
6.23084E-1 6.22385E-1 6.16523E-1 6.48954E-1 6.08653E-1 6.44172E-1 6.14049E-1 6.26474E-1 6.5921E-1 6.62279E-1 7.12013E-1 -9999 -9999 -9999 -9999 -9999 -9999 -9999 6.47717E-1 6.48306E-1 -9999 -9999 -9999 -9999 -9999 -9999 -9999 -9999 -9999 -9999 -9999 -9999 -9999 -9999 -9999 -9999 -9999 -9999 -9999 -9999 -9999 -9999 -9999 -9999 -9999 -9999 -9999 -9999 -9999 -9999 -9999 -9999 -9999 -9999 -9999 -9999 -9999 -9999 -9999 -9999 -9999 -9999 -9999 -9999 -9999 -9999 -9999 -9999 -9999 -9999 -9999 -9999
5.85957E-1 6.11363E-1 6.37929E-1 6.40465E-1 6.31619E-1 6.61073E-1 6.35308E-1 6.33697E-1 6.42674E-1 6.48525E-1 6.47742E-1 6.74419E-1 6.61508E-1 6.58214E-1 6.89158E-1 -9999 -9999 -9999 -9999 -9999 -9999 -9999 -9999 -9999 -9999 -9999 -9999 -9999 -9999 -9999 -9999 -9999 -9999 -9999 -9999 -9999 -9999 -9999 -9999 -9999 -9999 -9999 -9999 -9999 -9999 -9999 -9999 -9999 -9999 -9999 -9999 -9999 -9999 -9999 -9999 -9999 -9999 -9999 -9999 -9999 -9999 -9999 -9999 -9999 -9999 -9999 -9999 -9999 -9999 -9999 -9999 -9999
5.96797E-1 5.85184E-1 6.10122E-1 6.07951E-1 6.86318E-1 7.09834E-1 7.14857E-1 7.34492E-1 7.08606E-1 7.15451E-1 6.89168E-1 6.99593E-1 6.63837E-1 6.52637E-1 6.34521E-1 6.07772E-1 6.18348E-1 -9999 -9999 -9999 -9999 -9999 -9999 -9999 -9999 -9999 -9999 -9999 -9999 -9999 -9999 -9999 -9999 -9999 -9999 -9999 -9999 -9999 -9999 -9999 -9999 -9999 -9999 -9999 -9999 -9999 -9999 -9999 -9999 -9999 -9999 -9999 -9999 -9999 -9999 -9999 -9999 -9999 -9999 -9999 -9999 -9999 -9999 -9999 -9999 -9999 -9999 -9999 -9999 -9999 -9999 -9999
4.96149E-1 4.98506E-1 5.30032E-1 5.9292E-1 7.15596E-1 7.82274E-1 7.70156E-1 7.12846E-1 8.07542E-1 6.39771E-1 6.14034E-1 6.46146E-1 6.04718E-1 5.79971E-1 5.95885E-1 6.04029E-1 6.14295E-1 6.17404E-1 6.34091E-1 -9999 -9999 -9999 -9999 -9999 -9999 -9999 -9999 -9999 -9999 -9999 -9999 -9999 -9999 -9999 -9999 -9999 -9999 -9999 -9999 -9999 -9999 -9999 -9999 -9999 -9999 -9999 -9999 -9999 -9999 -9999 -9999 -9999 -9999 -9999 -9999 -9999 -9999 -9999 -9999 -9999 -9999 -9999 -9999 -9999 -9999 -9999 -9999 -9999 -9999 -9999 -9999 -9999
6.42823E-1 6.08026E-1 6.05642E-1 6.09385E-1 6.88606E-1 7.63312E-1 7.49329E-1 7.80083E-1 6.50568E-1 4.71539E-1 5.90179E-1 4.84015E-1 5.25617E-1 5.40252E-1 5.43675E-1 5.91168E-1 5.91288E-1 5.98355E-1 6.00898E-1 -9999 -9999 -9999 -9999 -9999 -9999 -9999 -9999 -9999 -9999 -9999 -9999 -9999 -9999 -9999 -9999 -9999 -9999 -9999 -9999 -9999 -9999 -9999 -9999 -9999 -9999 -9999 -9999 -9999 -9999 -9999 -9999 -9999 -9999 -9999 -9999 -9999 -9999 -9999 -9999 -9999 -9999 -9999 -9999 -9999 -9999 -9999 -9999 -9999 -9999 -9999 -9999 -9999
7.34995E-1 6.79706E-1 6.7484E-1 6.42003E-1 6.121E-1 6.34911E-1 7.03055E-1 6.00822E-1 4.08257E-1 4.6094E-1 5.14961E-1 4.33321E-1 5.06894E-1 5.7058E-1 5.52465E-1 5.56074E-1 5.72894E-1 6.04643E-1 6.13672E-1 6.54218E-1 -9999 -9999 -9999 -9999 7.0031E-1 -9999 -9999 -9999 -9999 -9999 -9999 -9999 -9999 -9999 -9999 -9999 -9999 -9999 -9999 -9999 -9999 -9999 -9999 -9999 -9999 -9999 -9999 -9999 -9999 -9999 -9999 -9999 -9999 -9999 -9999 -9999 -9999 -9999 -9999 -9999 -9999 -9999 -9999 -9999 -9999 -9999 -9999 -9999 -9999 -9999 -9999 -9999
5.54763E-1 5.79349E-1 5.91607E-1 5.55996E-1 5.10918E-1 4.76623E-1 5.93625E-1 6.10813E-1 4.4671E-1 3.87854E-1 4.29719E-1 4.72573E-1 4.80715E-1 5.6803E-1 4.65212E-1 4.98612E-1 5.43548E-1 6.21957E-1 7.23334E-1 8.26769E-1 6.73378E-1 6.83681E-1 7.13244E-1 6.98645E-1 7.10208E-1 -9999 -9999 -9999 -9999 -9999 -9999 -9999 -9999 -9999 -9999 -9999 -9999 -9999 -9999 -9999 -9999 -9999 -9999 -9999 -9999 -9999 -9999 -9999 -9999 -9999 -9999 -9999 -9999 -9999 -9999 -9999 -9999 -9999 -9999 -9999 -9999 -9999 -9999 -9999 -9999 -9999 -9999 -9999 -9999 -9999 -9999 -9999
5.45366E-1 4.86296E-1 5.18045E-1 3.89112E-1 4.89061E-1 4.48778E-1 5.58462E-1 5.96099E-1 6.64009E-1 3.53485E-1 3.85197E-1 4.34273E-1 4.77282E-1 5.76684E-1 5.06055E-1 4.53622E-1 5.20805E-1 5.69912E-1 7.74612E-1 7.4066E-1 4.32265E-1 5.44273E-1 6.49006E-1 6.29386E-1 7.00514E-1 7.10599E-1 7.54282E-1 -9999 -9999 8.14486E-1 -9999 -9999 -9999 -9999 -9999 -9999 -9999 -9999 -9999 -9999 -9999 -9999 -9999 -9999 -9999 -9999 -9999 -9999 -9999 -9999 -9999 -9999 -9999 -9999 -9999 -9999 -9999 -9999 -9999 -9999 -9999 -9999 -9999 -9999 -9999 -9999 -9999 -9999 -9999 -9999 -9999 -9999
5.31942E-1 5.59312E-1 6.71064E-1 5.49597E-1 3.85393E-1 4.60936E-1 4.92938E-1 5.28667E-1 6.18656E-1 6.19059E-1 3.88047E-1 4.0594E-1 5.00091E-1 5.59286E-1 4.90085E-1 4.57746E-1 4.50789E-1 5.28937E-1 7.77622E-1 4.37446E-1 4.92086E-1 5.41851E-1 6.09623E-1 5.77991E-1 6.78584E-1 7.54212E-1 7.29532E-1 7.37907E-1 7.51017E-1 -9999 -9999 -9999 -9999 -9999 -9999 -9999 -9999 -9999 -9999 -9999 -9999 -9999 -9999 -9999 -9999 -9999 -9999 -9999 -9999 -9999 -9999 -9999 -9999 -9999 -9999 -9999 -9999 -9999 -9999 -9999 -9999 -9999 -9999 -9999 -9999 -9999 -9999 -9999 -9999 -9999 -9999 -9999
4.9432E-1 5.22003E-1 5.5857E-1 5.73928E-1 3.89102E-1 3.06044E-1 4.64981E-1 4.7122E-1 5.86893E-1 6.24124E-1 3.44856E-1 3.09213E-1 4.41142E-1 4.0166E-1 4.47829E-1 6.13862E-1 4.54322E-1 4.82437E-1 5.96997E-1 3.96081E-1 4.71941E-1 5.2858E-1 6.23405E-1 5.86824E-1 6.37538E-1 7.41841E-1 7.42745E-1 7.27007E-1 7.40009E-1 7.44643E-1 8.48017E-1 -9999 -9999 -9999 -9999 -9999 -9999 -9999 -9999 -9999 -9999 -9999 -9999 -9999 -9999 -9999 -9999 -9999 -9999 -9999 -9999 -9999 -9999 -9999 -9999 -9999 -9999 -9999 -9999 -9999 -9999 -9999 -9999 -9999 -9999 -9999 -9999 -9999 -9999 -9999 -9999 -9999
4.71789E-1 4.88507E-1 3.99519E-1 5.14578E-1 5.17027E-1 4.20559E-1 2.97495E-1 4.35022E-1 4.55278E-1 4.65098E-1 3.83781E-1 3.01806E-1 3.22315E-1 3.56491E-1 3.31082E-1 4.29405E-1 4.11487E-1 4.61241E-1 5.20814E-1 4.82817E-1 5.27221E-1 5.76252E-1 6.6843E-1 6.3899E-1 7.07967E-1 7.90714E-1 8.36464E-1 7.95483E-1 7.14032E-1 7.30285E-1 8.30717E-1 8.5983E-1 8.77481E-1 8.91617E-1 -9999 -9999 9.07237E-1 -9999 -9999 -9999 -9999 -9999 -9999 -9999 -9999 -9999 -9999 -9999 -9999 -9999 -9999 -9999 -9999 -9999 -9999 -9999 -9999 -9999 -9999 -9999 -9999 -9999 -9999 -9999 -9999 -9999 -9999 -9999 -9999 -9999 -9999 -9999
4.29865E-1 4.38736E-1 4.63782E-1 3.88057E-1 4.68778E-1 2.73678E-1 2.89201E-1 2.68597E-1 4.19655E-1 4.23161E-1 4.42645E-1 4.43142E-1 3.34584E-1 3.95884E-1 4.35909E-1 3.33693E-1 3.76377E-1 4.58045E-1 4.96862E-1 5.1911E-1 5.1047E-1 7.45753E-1 7.79746E-1 7.81389E-1 8.12241E-1 7.99559E-1 8.07196E-1 7.9679E-1 7.82331E-1 7.14971E-1 8.41545E-1 8.20865E-1 8.70565E-1 8.7873E-1 8.91699E-1 8.92751E-1 -9999 -9999 -9999 -9999 -9999 -9999 -9999 -9999 -9999 -9999 -9999 -9999 -9999 -9999 -9999 -9999 -9999 -9999 -9999 -9999 -9999 -9999 -9999 -9999 -9999 -9999 -9999 -9999 -9999 -9999 -9999 -9999 -9999 -9999 -9999 -9999
4.09098E-1 3.8611E-1 5.02167E-1 5.04405E-1 4.83763E-1 3.82141E-1 3.50285E-1 3.45197E-1 3.80313E-1 4.14619E-1 4.19095E-1 5.32187E-1 5.67457E-1 4.27865E-1 4.83592E-1 3.64963E-1 3.14757E-1 3.75527E-1 3.72308E-1 3.42675E-1 4.69435E-1 7.67258E-1 7.00365E-1 6.54641E-1 6.41049E-1 6.6768E-1 6.68513E-1 6.74522E-1 5.12661E-1 6.54222E-1 8.17454E-1 8.14155E-1 8.54324E-1 8.26619E-1 8.43162E-1 8.76612E-1 8.94956E-1 -9999 -9999 -9999 -9999 -9999 -9999 -9999 -9999 -9999 -9999 -9999 -9999 -9999 -9999 -9999 -9999 -9999 -9999 -9999 -9999 -9999 -9999 -9999 -9999 -9999 -9999 -9999 -9999 -9999 -9999 -9999 -9999 -9999 -9999 -9999
3.51547E-1 3.59894E-1 5.07804E-1 5.38266E-1 3.56017E-1 3.60988E-1 3.58903E-1 3.31046E-1 4.06884E-1 4.42677E-1 4.5712E-1 5.1131E-1 5.54508E-1 6.55647E-1 6.31897E-1 3.61703E-1 3.67001E-1 3.86919E-1 3.74762E-1 3.8118E-1 4.54745E-1 6.11159E-1 5.15834E-1 4.53234E-1 3.28379E-1 3.20686E-1 3.88517E-1 3.93502E-1 4.12257E-1 5.14984E-1 4.98544E-1 6.10475E-1 8.38205E-1 8.18685E-1 7.75956E-1 8.12176E-1 8.35596E-1 8.8336E-1 8.85631E-1 8.80622E-1 -9999 -9999 -9999 -9999 -9999 -9999 -9999 -9999 -9999 -9999 -9999 -9999 -9999 -9999 -9999 -9999 -9999 -9999 -9999 -9999 -9999 -9999 -9999 -9999 -9999 -9999 -9999 -9999 -9999 -9999 -9999 -9999
4.61776E-1 6.3907E-1 3.87697E-1 4.38494E-1 3.83272E-1 4.0766E-1 5.52007E-1 3.18307E-1 4.64484E-1 4.82224E-1 4.35054E-1 5.96628E-1 6.49385E-1 6.37735E-1 6.20284E-1 3.62289E-1 3.60445E-1 4.19036E-1 4.57427E-1 5.01632E-1 5.65226E-1 5.85432E-1 4.88373E-1 4.66627E-1 3.83414E-1 3.9424E-1 4.56438E-1 5.34898E-1 5.73548E-1 6.08682E-1 5.45598E-1 6.88829E-1 8.05295E-1 8.17193E-1 8.26293E-1 8.33266E-1 7.82175E-1 7.05581E-1 8.89142E-1 8.76868E-1 8.71194E-1 -9999 -9999 -9999 -9999 -9999 -9999 -9999 -9999 8.0505E-1 8.27656E-1 8.58242E-1 -9999 -9999 -9999 -9999 -9999 -9999 -9999 -9999 -9999 -9999 -9999 -9999 -9999 -9999 -9999 -9999 -9999 -9999 -9999 -9999
5.13672E-1 6.42637E-1 4.457E-1 4.86963E-1 4.00973E-1 4.12381E-1 5.64091E-1 3.85082E-1 4.98754E-1 4.1169E-1 5.0785E-1 4.57291E-1 4.80869E-1 6.45973E-1 5.95578E-1 3.30459E-1 3.53565E-1 4.52972E-1 6.7197E-1 6.80495E-1 6.51618E-1 7.05184E-1 7.05752E-1 6.22329E-1 6.1129E-1 7.15066E-1 7.76541E-1 7.67997E-1 7.50246E-1 7.8948E-1 8.06726E-1 7.94112E-1 8.05349E-1 8.16034E-1 7.91916E-1 8.07118E-1 7.9138E-1 6.94791E-1 8.67878E-1 8.46299E-1 8.47343E-1 8.50955E-1 8.43369E-1 -9999 -9999 8.25289E-1 8.16045E-1 7.98447E-1 7.81857E-1 7.40611E-1 6.8315E-1 8.17352E-1 -9999 -9999 -9999 -9999 -9999 -9999 -9999 -9999 -9999 -9999 -9999 -9999 -9999 -9999 -9999 -9999 -9999 -9999 -9999 -9999
4.521E-1 5.47167E-1 3.57996E-1 3.76519E-1 4.03641E-1 5.52613E-1 4.80742E-1 4.81931E-1 4.4307E-1 4.39405E-1 4.47841E-1 5.02641E-1 4.95389E-1 4.69046E-1 4.59481E-1 5.28842E-1 5.14119E-1 6.18983E-1 6.61198E-1 6.41577E-1 4.37526E-1 5.31152E-1 6.51591E-1 5.19794E-1 6.23928E-1 7.45901E-1 7.07459E-1 6.82753E-1 6.90888E-1 7.15009E-1 7.55668E-1 7.53351E-1 7.7362E-1 7.99556E-1 8.00465E-1 7.80284E-1 8.20408E-1 8.27345E-1 8.51562E-1 7.82982E-1 7.54733E-1 7.9959E-1 8.36515E-1 8.2576E-1 8.14487E-1 8.11845E-1 8.07492E-1 7.92346E-1 7.6346E-1 6.53832E-1 6.01836E-1 6.87779E-1 7.59682E-1 8.01712E-1 7.92481E-1 -9999 6.87452E-1 6.5735E-1 -9999 -9999 -9999 -9999 -9999 -9999 -9999 -9999 -9999 -9999 -9999 -9999 -9999 -9999
3.10772E-1 3.44082E-1 3.25147E-1 2.88565E-1 3.55189E-1 4.55355E-1 5.14578E-1 4.73946E-1 3.67026E-1 2.09846E-1 4.56344E-1 3.13163E-1 3.6565E-1 3.00963E-1 2.07955E-1 3.61268E-1 4.40457E-1 4.88949E-1 5.58559E-1 5.01803E-1 5.1906E-1 6.03745E-1 5.14299E-1 6.55722E-1 6.45164E-1 7.14388E-1 6.67598E-1 6.37896E-1 6.32237E-1 6.55797E-1 7.09498E-1 7.43491E-1 7.67321E-1 8.0397E-1 7.93755E-1 7.22742E-1 7.40597E-1 7.35779E-1 8.42753E-1 7.65829E-1 7.39904E-1 8.01368E-1 8.1123E-1 8.24185E-1 8.02647E-1 7.88158E-1 7.98938E-1 7.92277E-1 7.71018E-1 6.84365E-1 6.54855E-1 6.88995E-1 6.42565E-1 7.25858E-1 6.9389E-1 7.40134E-1 6.74796E-1 4.88727E-1 5.29635E-1 6.24641E-1 6.21135E-1 6.44974E-1 7.02297E-1 -9999 -9999 -9999 -9999 -9999 -9999 -9999 -9999 -9999
3.63144E-1 3.28345E-1 3.38351E-1 3.28963E-1 3.58022E-1 3.35406E-1 3.20777E-1 2.60349E-1 1.67308E-1 2.1452E-1 1.94558E-1 3.44646E-1 2.71544E-1 2.59056E-1 2.20869E-1 3.42486E-1 3.30098E-1 4.11854E-1 4.4231E-1 3.96808E-1 4.08265E-1 4.59755E-1 5.21682E-1 6.0665E-1 6.31044E-1 6.93051E-1 5.80143E-1 6.67154E-1 6.76336E-1 6.03151E-1 6.61752E-1 6.75462E-1 7.0257E-1 7.6728E-1 7.17795E-1 6.67168E-1 7.25047E-1 7.60093E-1 7.59019E-1 7.82257E-1 7.2906E-1 7.70175E-1 7.59979E-1 7.74305E-1 8.005E-1 7.77741E-1 7.84653E-1 7.76426E-1 7.46605E-1 7.39592E-1 7.17383E-1 6.69128E-1 5.66082E-1 5.20748E-1 6.1453E-1 7.14453E-1 7.07012E-1 5.31047E-1 4.24959E-1 3.96726E-1 3.50821E-1 3.82726E-1 4.36855E-1 6.06391E-1 6.60424E-1 8.15447E-1 -9999 -9999 -9999 -9999 -9999 -9999
2.91256E-1 2.11232E-1 2.90466E-1 3.38338E-1 2.81642E-1 3.71643E-1 3.02423E-1 3.2171E-1 2.21098E-1 2.33567E-1 1.65354E-1 2.05179E-1 3.1505E-1 2.48523E-1 2.27274E-1 2.18982E-1 2.01961E-1 2.60036E-1 2.44213E-1 2.90282E-1 2.98777E-1 3.87728E-1 3.32433E-1 4.22909E-1 4.73811E-1 4.53326E-1 4.92726E-1 5.50685E-1 7.06699E-1 6.16509E-1 5.46912E-1 4.98763E-1 5.53533E-1 7.44238E-1 6.95393E-1 6.71235E-1 7.39516E-1 7.94244E-1 7.54514E-1 6.67037E-1 7.12854E-1 7.58708E-1 6.86415E-1 7.08777E-1 7.13316E-1 7.25296E-1 7.15996E-1 7.37225E-1 7.27164E-1 7.38782E-1 7.47602E-1 7.04818E-1 6.22797E-1 5.0398E-1 5.28006E-1 6.43631E-1 6.73283E-1 7.11646E-1 6.47665E-1 4.75098E-1 4.06763E-1 5.12094E-1 3.9228E-1 5.78219E-1 7.01967E-1 8.46577E-1 -9999 -9999 -9999 -9999 -9999 -9999
2.26152E-1 2.79327E-1 2.726E-1 2.05904E-1 2.11455E-1 2.67899E-1 3.0742E-1 3.4517E-1 2.89938E-1 2.89636E-1 2.42984E-1 2.45838E-1 2.68115E-1 2.38136E-1 2.00256E-1 2.15266E-1 7.55943E-2 1.05427E-1 9.02155E-2 1.10808E-1 1.62276E-1 2.43855E-1 2.36871E-1 2.72445E-1 2.53795E-1 3.04356E-1 2.99643E-1 3.13259E-1 6.7109E-1 5.79746E-1 6.72944E-1 7.07619E-1 7.402E-1 6.80016E-1 6.22301E-1 7.47441E-1 7.12835E-1 7.89511E-1 7.27832E-1 6.05787E-1 6.67523E-1 7.25223E-1 6.70453E-1 6.18086E-1 6.22178E-1 5.31744E-1 5.92937E-1 7.0327E-1 6.94457E-1 6.41691E-1 6.69523E-1 6.67307E-1 6.49539E-1 5.93724E-1 5.87966E-1 6.41779E-1 6.51193E-1 8.0079E-1 7.74995E-1 7.58809E-1 7.20234E-1 7.1256E-1 7.1113E-1 7.11027E-1 8.28341E-1 8.30383E-1 7.68647E-1 -9999 -9999 -9999 -9999 -9999
2.39907E-1 2.33326E-1 2.6607E-1 2.22399E-1 2.34148E-1 2.03022E-1 2.30954E-1 2.90609E-1 3.27815E-1 2.85939E-1 2.8772E-1 3.593E-1 3.67862E-1 3.01843E-1 4.13963E-1 3.04176E-1 8.81518E-2 1.17324E-1 1.096E-1 1.20993E-1 1.58902E-1 2.62588E-1 1.85877E-1 9.39559E-2 1.13055E-1 1.10605E-1 1.58601E-1 2.60397E-1 6.04288E-1 4.90303E-1 5.58875E-1 5.22905E-1 5.31371E-1 6.85891E-1 6.98308E-1 7.17819E-1 6.72855E-1 6.82511E-1 6.32421E-1 5.94794E-1 5.78425E-1 6.51872E-1 6.89945E-1 5.58732E-1 4.67608E-1 4.97335E-1 4.84847E-1 5.77172E-1 6.47943E-1 5.90844E-1 5.17312E-1 5.0408E-1 6.0538E-1 6.27773E-1 5.92589E-1 6.18192E-1 6.88227E-1 7.44325E-1 7.045E-1 7.09717E-1 6.73261E-1 6.52486E-1 6.57719E-1 7.06598E-1 7.91221E-1 7.65848E-1 6.75743E-1 6.98364E-1 6.89195E-1 -9999 5.7169E-1 5.26747E-1
2.75966E-1 2.91518E-1 3.39418E-1 3.24946E-1 4.20111E-1 4.48247E-1 3.04248E-1 2.47229E-1 3.2079E-1 3.24977E-1 3.49219E-1 4.35858E-1 4.20087E-1 3.66841E-1 3.43435E-1 1.56848E-1 1.40399E-1 1.74817E-1 1.20271E-1 1.71453E-1 1.9961E-1 3.05995E-1 1.50618E-1 1.16491E-1 1.34532E-1 1.60734E-1 1.80868E-1 2.22476E-1 2.36572E-1 2.46086E-1 3.08592E-1 5.47247E-1 3.73459E-1 5.8639E-1 5.71513E-1 6.98637E-1 5.73757E-1 5.95234E-1 5.4013E-1 5.18995E-1 4.8263E-1 5.60643E-1 5.92757E-1 5.46646E-1 4.80392E-1 4.27097E-1 4.53486E-1 5.59551E-1 5.57146E-1 4.73065E-1 4.36334E-1 4.28015E-1 5.53841E-1 5.67367E-1 5.91867E-1 5.73249E-1 5.36417E-1 5.81501E-1 6.26325E-1 6.5308E-1 5.91138E-1 5.76157E-1 5.40874E-1 5.36711E-1 6.35279E-1 7.31057E-1 7.47132E-1 6.7634E-1 7.04638E-1 6.83245E-1 5.75247E-1 4.81992E-1
3.08871E-1 2.68552E-1 2.94782E-1 2.74167E-1 2.71973E-1 2.3018E-1 2.25611E-1 2.42918E-1 1.99393E-1 2.59121E-1 3.65271E-1 4.48379E-1 5.4107E-1 3.42476E-1 2.73033E-1 2.40448E-1 2.40071E-1 2.59028E-1 1.55529E-1 2.45114E-1 2.13736E-1 3.69973E-1 2.32863E-1 1.74437E-1 2.1274E-1 2.18409E-1 2.30342E-1 2.19334E-1 2.37968E-1 2.83948E-1 3.28862E-1 3.03746E-1 3.02122E-1 3.76162E-1 4.77643E-1 6.92289E-1 6.40944E-1 4.96551E-1 4.74837E-1 4.84401E-1 4.6906E-1 4.86841E-1 4.96617E-1 4.685E-1 4.40866E-1 4.10014E-1 4.42053E-1 5.28549E-1 5.67019E-1 5.63402E-1 5.15101E-1 4.1906E-1 4.37771E-1 5.00723E-1 5.81308E-1 6.04313E-1 4.89983E-1 4.53786E-1 4.72355E-1 5.22829E-1 5.87101E-1 6.58845E-1 6.04772E-1 6.03541E-1 6.61778E-1 6.78721E-1 7.33547E-1 6.54071E-1 6.24184E-1 6.40731E-1 5.98312E-1 5.60168E-1
2.73201E-1 2.59808E-1 2.75196E-1 2.62156E-1 2.65748E-1 2.95212E-1 2.49277E-1 2.4654E-1 2.54914E-1 3.01373E-1 3.3072E-1 4.49277E-1 5.77629E-1 5.60571E-1 4.41418E-1 5.55243E-1 5.28447E-1 3.10921E-1 2.15051E-1 2.7556E-1 2.22004E-1 2.56783E-1 1.5885E-1 1.93934E-1 2.03315E-1 2.1475E-1 2.60058E-1 2.75708E-1 3.18584E-1 3.93229E-1 5.11165E-1 4.776E-1 4.81726E-1 4.96109E-1 4.07497E-1 4.11588E-1 6.69071E-1 5.25317E-1 4.60888E-1 4.98853E-1 5.4829E-1 5.01368E-1 5.14613E-1 5.75888E-1 4.73639E-1 4.83311E-1 4.43083E-1 4.74879E-1 5.99587E-1 5.38058E-1 4.60065E-1 4.21791E-1 4.68505E-1 4.15073E-1 4.43642E-1 5.64689E-1 5.545E-1 4.91882E-1 6.00204E-1 6.84814E-1 7.10539E-1 7.01158E-1 7.07179E-1 7.0463E-1 6.8734E-1 6.83482E-1 7.18881E-1 6.32127E-1 5.50914E-1 4.76665E-1 4.45314E-1 4.2861E-1
2.93212E-1 2.98943E-1 3.46044E-1 3.30568E-1 2.91011E-1 2.93569E-1 2.94589E-1 2.69543E-1 2.97467E-1 3.52759E-1 3.69738E-1 3.01523E-1 3.41468E-1 4.11588E-1 4.32305E-1 5.25374E-1 5.42275E-1 3.38192E-1 3.10434E-1 3.39687E-1 2.80834E-1 2.59527E-1 2.39111E-1 2.34374E-1 2.47966E-1 2.79495E-1 3.05008E-1 3.94497E-1 6.51681E-1 6.28143E-1 5.76488E-1 6.10586E-1 5.93309E-1 5.77327E-1 6.65881E-1 6.60372E-1 6.47993E-1 5.25988E-1 4.48553E-1 5.59396E-1 5.80712E-1 5.18414E-1 5.57777E-1 6.03218E-1 4.82248E-1 5.07779E-1 4.33541E-1 5.37971E-1 5.43205E-1 5.95262E-1 5.11352E-1 4.50396E-1 4.55673E-1 4.18234E-1 4.08683E-1 3.99477E-1 4.62226E-1 4.76905E-1 5.58185E-1 6.00176E-1 6.57558E-1 6.94591E-1 7.06242E-1 6.77527E-1 6.64422E-1 6.55441E-1 6.56083E-1 5.6979E-1 4.98449E-1 3.7592E-1 4.49513E-1 5.29186E-1
3.00286E-1 2.99569E-1 3.33628E-1 3.44005E-1 3.59975E-1 3.77748E-1 3.05889E-1 3.36992E-1 3.1535E-1 3.98081E-1 4.28584E-1 3.92159E-1 3.8823E-1 3.20135E-1 3.25209E-1 3.87793E-1 3.96183E-1 3.17637E-1 3.40005E-1 3.73008E-1 3.14248E-1 3.5483E-1 3.47168E-1 3.18413E-1 3.31394E-1 3.89092E-1 4.20011E-1 5.02502E-1 6.24998E-1 5.79596E-1 5.8732E-1 6.18269E-1 6.06841E-1 5.77326E-1 6.10336E-1 6.1045E-1 5.50912E-1 5.02323E-1 4.13672E-1 3.69949E-1 3.63808E-1 4.06657E-1 4.87214E-1 6.09121E-1 5.72252E-1 4.9128E-1 4.14571E-1 4.27011E-1 4.78354E-1 5.47028E-1 5.41299E-1 4.92169E-1 3.45952E-1 3.43501E-1 4.2741E-1 3.53826E-1 3.50035E-1 4.12532E-1 4.97894E-1 5.05985E-1 4.83671E-1 5.36571E-1 5.94223E-1 6.00267E-1 5.99905E-1 6.11896E-1 5.70546E-1 5.41449E-1 4.92474E-1 3.98354E-1 4.15163E-1 3.98303E-1
2.84765E-1 3.05706E-1 3.02754E-1 3.2287E-1 3.29911E-1 3.50555E-1 3.6556E-1 3.8454E-1 3.89371E-1 4.42412E-1 4.89908E-1 4.51382E-1 4.51111E-1 4.86256E-1 4.85717E-1 4.18067E-1 3.83346E-1 3.79838E-1 3.42693E-1 3.93736E-1 4.14964E-1 4.80594E-1 6.07854E-1 4.65558E-1 3.93886E-1 4.39972E-1 5.02921E-1 6.27238E-1 5.77609E-1 6.31347E-1 6.09952E-1 6.3373E-1 5.89705E-1 5.49089E-1 6.20929E-1 6.04501E-1 5.84041E-1 4.80319E-1 3.83149E-1 3.28903E-1 2.97962E-1 3.86459E-1 4.70816E-1 5.8147E-1 5.88492E-1 5.18155E-1 3.80722E-1 4.06067E-1 4.05894E-1 4.66617E-1 4.16509E-1 4.87706E-1 3.99299E-1 3.41086E-1 3.97518E-1 4.18306E-1 3.59845E-1 3.33414E-1 4.62817E-1 5.33298E-1 5.1091E-1 5.60741E-1 6.26456E-1 5.9147E-1 5.82112E-1 5.68819E-1 5.20899E-1 5.21462E-1 5.17581E-1 5.25806E-1 5.1179E-1 5.35737E-1
3.04618E-1 3.22771E-1 2.97057E-1 3.49537E-1 3.51469E-1 3.82272E-1 3.75146E-1 3.98769E-1 4.69532E-1 4.33502E-1 4.66357E-1 4.89813E-1 4.99081E-1 4.84898E-1 4.59814E-1 4.83214E-1 4.66817E-1 4.31299E-1 3.63676E-1 3.81807E-1 3.7945E-1 5.64348E-1 5.92911E-1 5.85273E-1 5.69736E-1 6.15255E-1 6.31526E-1 6.21215E-1 6.36385E-1 6.18938E-1 5.88417E-1 6.21133E-1 6.06142E-1 6.12679E-1 6.35056E-1 5.20856E-1 5.14354E-1 4.84651E-1 3.70825E-1 3.05725E-1 2.64426E-1 3.54089E-1 4.42843E-1 4.21638E-1 5.89859E-1 5.69057E-1 4.28467E-1 4.70334E-1 4.07411E-1 4.14131E-1 3.7702E-1 5.18451E-1 4.58979E-1 3.65681E-1 3.46671E-1 3.37972E-1 3.25322E-1 3.13361E-1 4.18241E-1 4.41353E-1 4.19774E-1 5.4847E-1 5.42761E-1 4.776E-1 5.30374E-1 5.5774E-1 5.29194E-1 5.07533E-1 4.99297E-1 5.10765E-1 5.32146E-1 5.67039E-1
3.1947E-1 3.39165E-1 3.34236E-1 3.50625E-1 3.48507E-1 3.71302E-1 4.0222E-1 4.24705E-1 4.21225E-1 4.18623E-1 4.81159E-1 4.82875E-1 4.87705E-1 4.85584E-1 5.20869E-1 4.86195E-1 4.84375E-1 4.55381E-1 4.63651E-1 3.61796E-1 3.66957E-1 4.64034E-1 4.32157E-1 4.54375E-1 4.4919E-1 4.60193E-1 4.77992E-1 5.72585E-1 5.84745E-1 6.17058E-1 6.1309E-1 6.35291E-1 6.18593E-1 6.05398E-1 5.66381E-1 4.85668E-1 4.83195E-1 5.518E-1 4.94827E-1 2.98005E-1 3.04814E-1 3.71294E-1 3.5203E-1 3.87567E-1 5.67216E-1 5.80663E-1 5.38105E-1 5.04821E-1 4.51636E-1 4.70927E-1 4.41806E-1 5.03834E-1 4.44547E-1 3.73551E-1 3.48855E-1 3.79725E-1 3.46694E-1 3.2097E-1 3.71063E-1 4.58542E-1 4.59216E-1 5.01867E-1 3.81929E-1 4.12721E-1 5.30274E-1 5.7973E-1 5.41913E-1 5.17569E-1 4.68347E-1 4.84124E-1 4.879E-1 4.91611E-1
