Artocarpus altilis SDM files/Last interglacial/results (without the bias file)/Artalt_3.asc
ncols         1201
nrows         481
xllcorner     119.99986351115
yllcorner     -15.00013864885
cellsize      0.041666667
NODATA_value  -9999
[rows 128 to 159 of 481, columns 288 to 359 of 1201]
-9999 -9999 -9999 -9999 -9999 -9999 -9999 -9999 -9999 -9999 -9999 -9999 -9999 -9999 -9999 -9999 -9999 -9999 -9999 -9999 -9999 -9999 -9999 -9999 -9999 -9999 -9999 -9999 -9999 -9999 -9999 -9999 -9999 -9999 -9999 -9999 -9999 -9999 -9999 -9999 -9999 -9999 -9999 -9999 -9999 -9999 -9999 -9999 -9999 -9999 -9999 -9999 -9999 -9999 -9999 -9999 -9999 -9999 -9999 -9999 -9999 -9999 -9999 -9999 -9999 -9999 -9999 -9999 -9999 -9999 -9999 -9999
-9999 -9999 -9999 8.22686E-1 8.38708E-1 -9999 -9999 -9999 8.45037E-1 8.0838E-1 7.77921E-1 8.08477E-1 8.10711E-1 8.10292E-1 7.91217E-1 8.15798E-1 8.22182E-1 -9999 -9999 -9999 -9999 -9999 -9999 -9999 -9999 -9999 -9999 -9999 -9999 -9999 -9999 -9999 -9999 -9999 -9999 -9999 -9999 -9999 -9999 -9999 -9999 -9999 -9999 -9999 -9999 -9999 -9999 -9999 -9999 -9999 -9999 -9999 -9999 -9999 -9999 -9999 -9999 -9999 -9999 -9999 -9999 -9999 -9999 -9999 -9999 -9999 -9999 -9999 -9999 -9999 -9999 -9999
-9999 -9999 -9999 -9999 8.70289E-1 8.58151E-1 8.15042E-1 7.88093E-1 7.62885E-1 6.45866E-1 6.13645E-1 6.70187E-1 6.76559E-1 6.88211E-1 6.52177E-1 6.49616E-1 6.91696E-1 6.99758E-1 8.08882E-1 -9999 -9999 -9999 -9999 -9999 -9999 -9999 -9999 -9999 -9999 -9999 -9999 -9999 -9999 -9999 -9999 -9999 -9999 -9999 -9999 -9999 -9999 -9999 -9999 -9999 -9999 -9999 -9999 -9999 -9999 -9999 -9999 -9999 -9999 -9999 -9999 -9999 -9999 -9999 -9999 -9999 -9999 -9999 -9999 -9999 -9999 -9999 -9999 -9999 -9999 -9999 -9999 -9999
-9999 -9999 -9999 8.5548E-1 8.45416E-1 7.16566E-1 6.66376E-1 7.11201E-1 7.27894E-1 7.05085E-1 7.12876E-1 7.13663E-1 4.06784E-1 4.9719E-1 4.59154E-1 4.75992E-1 4.72822E-1 4.61447E-1 6.87416E-1 8.03005E-1 8.08066E-1 8.29144E-1 8.1148E-1 8.31778E-1 -9999 -9999 -9999 -9999 -9999 -9999 -9999 -9999 -9999 -9999 -9999 -9999 -9999 -9999 -9999 -9999 -9999 -9999 -9999 -9999 -9999 -9999 -9999 -9999 -9999 -9999 -9999 -9999 -9999 -9999 -9999 -9999 -9999 -9999 -9999 -9999 -9999 -9999 -9999 -9999 -9999 -9999 -9999 -9999 -9999 -9999 -9999 -9999
-9999 8.00149E-1 8.57464E-1 8.24815E-1 8.23302E-1 8.15306E-1 7.96523E-1 7.02689E-1 6.1448E-1 6.47619E-1 7.65988E-1 6.75829E-1 4.02256E-1 3.41505E-1 3.02057E-1 2.77939E-1 2.23135E-1 3.60746E-1 7.15828E-1 6.93162E-1 6.23615E-1 6.45557E-1 7.55993E-1 8.11985E-1 8.19242E-1 -9999 -9999 -9999 -9999 -9999 -9999 -9999 -9999 -9999 -9999 -9999 -9999 -9999 -9999 -9999 -9999 -9999 -9999 -9999 -9999 -9999 -9999 -9999 -9999 -9999 -9999 -9999 -9999 -9999 -9999 -9999 -9999 -9999 -9999 -9999 -9999 -9999 -9999 -9999 -9999 -9999 -9999 -9999 -9999 -9999 -9999 -9999
-9999 8.23566E-1 7.56587E-1 6.73985E-1 6.71413E-1 6.84613E-1 6.19079E-1 5.84465E-1 5.07987E-1 5.20914E-1 6.20364E-1 6.15478E-1 6.13211E-1 6.13788E-1 5.655E-1 5.13612E-1 4.23248E-1 4.1704E-1 4.79612E-1 5.51194E-1 4.76452E-1 6.15595E-1 5.34037E-1 5.4939E-1 7.57069E-1 7.87742E-1 8.19331E-1 -9999 -9999 -9999 -9999 -9999 -9999 -9999 -9999 -9999 -9999 -9999 -9999 -9999 -9999 -9999 -9999 -9999 -9999 -9999 -9999 -9999 -9999 -9999 -9999 -9999 -9999 -9999 -9999 -9999 -9999 -9999 -9999 -9999 -9999 -9999 -9999 -9999 -9999 -9999 -9999 -9999 -9999 -9999 -9999 -9999
7.52685E-1 7.68216E-1 5.93225E-1 4.55014E-1 5.02263E-1 4.6792E-1 4.16213E-1 3.81366E-1 3.31923E-1 3.88753E-1 4.75042E-1 4.45682E-1 5.11039E-1 4.51742E-1 4.87038E-1 3.93146E-1 4.03385E-1 3.19648E-1 3.5532E-1 3.0302E-1 3.23923E-1 3.55233E-1 3.4092E-1 3.65805E-1 5.24771E-1 6.41291E-1 7.35563E-1 7.97763E-1 8.2264E-1 -9999 -9999 -9999 -9999 -9999 -9999 -9999 -9999 -9999 -9999 -9999 -9999 -9999 -9999 -9999 -9999 -9999 -9999 -9999 -9999 -9999 -9999 -9999 -9999 -9999 -9999 -9999 -9999 -9999 -9999 -9999 -9999 -9999 -9999 -9999 -9999 -9999 -9999 -9999 -9999 -9999 -9999 -9999
5.10516E-1 5.6355E-1 5.47906E-1 3.69271E-1 2.38171E-1 2.2524E-1 2.18965E-1 3.12288E-1 2.08609E-1 2.61506E-1 3.602E-1 3.20139E-1 4.27415E-1 3.82349E-1 3.01107E-1 4.78353E-1 3.63669E-1 3.09281E-1 2.34022E-1 2.26888E-1 2.42569E-1 2.00521E-1 2.09604E-1 2.70412E-1 2.77187E-1 4.29069E-1 6.07503E-1 7.17674E-1 7.51647E-1 8.10572E-1 8.27451E-1 -9999 -9999 -9999 -9999 -9999 -9999 -9999 -9999 -9999 -9999 -9999 -9999 -9999 -9999 -9999 -9999 -9999 -9999 -9999 -9999 -9999 -9999 -9999 -9999 -9999 -9999 -9999 -9999 -9999 -9999 -9999 -9999 -9999 -9999 -9999 -9999 -9999 -9999 -9999 -9999 -9999
4.53505E-1 3.46298E-1 3.92374E-1 2.96875E-1 2.49428E-1 1.62847E-1 1.38699E-1 1.14599E-1 1.2503E-1 1.90279E-1 2.18021E-1 2.68306E-1 3.22985E-1 2.92934E-1 3.34819E-1 3.80042E-1 3.65813E-1 2.5834E-1 1.99064E-1 1.87097E-1 1.80742E-1 1.48656E-1 1.67732E-1 2.09504E-1 1.79818E-1 3.20907E-1 4.64921E-1 5.57734E-1 6.29574E-1 7.04157E-1 7.89965E-1 8.24888E-1 -9999 -9999 -9999 -9999 -9999 -9999 -9999 -9999 -9999 -9999 -9999 -9999 -9999 -9999 -9999 -9999 -9999 -9999 -9999 -9999 -9999 -9999 -9999 -9999 -9999 -9999 -9999 -9999 -9999 -9999 -9999 -9999 -9999 -9999 -9999 -9999 -9999 -9999 -9999 -9999
5.15165E-1 4.29498E-1 4.64299E-1 3.30062E-1 2.56418E-1 3.06141E-1 1.76556E-1 1.40869E-1 1.98055E-1 2.1819E-1 2.03252E-1 1.70733E-1 1.82208E-1 1.62399E-1 2.33562E-1 2.37409E-1 1.76715E-1 1.42212E-1 1.09439E-1 1.64837E-1 1.48846E-1 1.31922E-1 1.32776E-1 1.41105E-1 1.93616E-1 2.40322E-1 3.26388E-1 4.09118E-1 4.29584E-1 5.30602E-1 6.75841E-1 7.97741E-1 8.00719E-1 -9999 -9999 -9999 -9999 -9999 -9999 -9999 -9999 -9999 -9999 -9999 -9999 -9999 -9999 -9999 -9999 -9999 -9999 -9999 -9999 -9999 -9999 -9999 -9999 -9999 -9999 -9999 -9999 -9999 -9999 -9999 -9999 -9999 -9999 -9999 -9999 -9999 -9999 -9999
5.48496E-1 5.52561E-1 5.06146E-1 4.56009E-1 3.67742E-1 3.02451E-1 2.60962E-1 2.25141E-1 3.00801E-1 3.71893E-1 3.65906E-1 3.18478E-1 2.44604E-1 1.86678E-1 1.81376E-1 1.60823E-1 1.73535E-1 1.37322E-1 1.74386E-1 2.90206E-1 2.38861E-1 2.02356E-1 1.6346E-1 1.44815E-1 1.29419E-1 1.38919E-1 1.96632E-1 2.04971E-1 2.47522E-1 4.535E-1 5.29826E-1 6.45849E-1 7.3466E-1 7.68103E-1 7.40163E-1 7.28759E-1 7.55062E-1 7.54162E-1 7.72839E-1 7.57711E-1 7.72431E-1 -9999 7.5536E-1 7.81826E-1 6.97121E-1 7.14153E-1 7.27598E-1 8.04329E-1 -9999 -9999 -9999 -9999 -9999 -9999 -9999 -9999 -9999 -9999 -9999 -9999 -9999 -9999 -9999 -9999 -9999 -9999 -9999 -9999 -9999 -9999 -9999 -9999
5.94166E-1 5.70855E-1 5.53764E-1 5.41966E-1 4.54261E-1 3.27276E-1 2.50396E-1 2.40584E-1 3.61372E-1 3.66406E-1 3.13095E-1 2.79114E-1 2.42946E-1 2.34927E-1 2.23596E-1 2.45865E-1 2.55982E-1 2.30751E-1 2.44667E-1 3.07864E-1 3.0892E-1 3.0963E-1 2.99677E-1 2.58637E-1 2.36743E-1 2.46692E-1 2.3201E-1 2.00591E-1 1.95253E-1 2.73078E-1 3.79295E-1 4.64298E-1 5.92434E-1 6.44108E-1 7.08248E-1 7.06649E-1 7.29682E-1 7.2339E-1 7.36074E-1 7.39246E-1 7.83709E-1 7.70972E-1 7.81003E-1 7.77971E-1 6.95052E-1 6.82895E-1 7.48442E-1 7.9086E-1 8.04498E-1 -9999 -9999 -9999 -9999 -9999 -9999 -9999 -9999 -9999 -9999 -9999 -9999 -9999 -9999 -9999 -9999 -9999 -9999 -9999 -9999 -9999 -9999 -9999
5.96801E-1 5.40186E-1 4.627E-1 4.30682E-1 3.40259E-1 3.08894E-1 2.89508E-1 2.31814E-1 2.46921E-1 2.97009E-1 3.27088E-1 2.65386E-1 2.24626E-1 1.78542E-1 1.62524E-1 1.85197E-1 1.39256E-1 1.25336E-1 1.2966E-1 1.93503E-1 2.64688E-1 3.53719E-1 4.13582E-1 4.43201E-1 4.84942E-1 4.81683E-1 4.55317E-1 4.24551E-1 3.39646E-1 2.69991E-1 3.4493E-1 5.34299E-1 4.87913E-1 5.05669E-1 5.9351E-1 6.30554E-1 6.72484E-1 6.65095E-1 6.67114E-1 7.08003E-1 7.30733E-1 7.69124E-1 7.52534E-1 7.41516E-1 7.18441E-1 6.96611E-1 7.92638E-1 7.64903E-1 8.03122E-1 8.1861E-1 8.06806E-1 -9999 -9999 -9999 -9999 -9999 -9999 -9999 -9999 -9999 -9999 -9999 -9999 -9999 -9999 -9999 -9999 -9999 -9999 -9999 -9999 -9999
3.90684E-1 3.26028E-1 3.96535E-1 4.06133E-1 4.43969E-1 3.67546E-1 3.73173E-1 3.57086E-1 2.73711E-1 2.64766E-1 2.79141E-1 2.70036E-1 2.58074E-1 2.76147E-1 2.90135E-1 1.68E-1 1.76927E-1 2.15472E-1 2.31666E-1 2.6988E-1 3.30228E-1 3.77109E-1 4.4169E-1 3.8139E-1 3.19691E-1 3.36648E-1 3.23054E-1 3.33711E-1 3.92334E-1 4.51513E-1 4.5486E-1 4.34839E-1 3.74113E-1 3.15043E-1 3.46527E-1 4.55164E-1 4.58729E-1 4.79551E-1 5.08723E-1 5.77133E-1 6.56037E-1 7.17138E-1 7.1266E-1 7.09492E-1 7.08846E-1 7.21264E-1 7.60326E-1 7.26704E-1 7.5387E-1 8.14102E-1 8.29321E-1 8.37568E-1 -9999 -9999 -9999 -9999 -9999 -9999 -9999 -9999 -9999 -9999 -9999 -9999 -9999 -9999 -9999 -9999 -9999 -9999 -9999 -9999
4.50136E-1 4.80156E-1 3.58015E-1 4.41628E-1 4.81615E-1 4.94769E-1 4.68195E-1 3.23788E-1 2.79535E-1 2.84378E-1 2.359E-1 2.6191E-1 2.75563E-1 2.69588E-1 3.19463E-1 3.51625E-1 3.01663E-1 2.61238E-1 3.05718E-1 3.05604E-1 3.03046E-1 3.21857E-1 3.18093E-1 2.9228E-1 2.67282E-1 2.61349E-1 2.63396E-1 2.50389E-1 2.76444E-1 2.72761E-1 2.73988E-1 2.91242E-1 2.84654E-1 2.9355E-1 2.24539E-1 2.79612E-1 3.46648E-1 3.61716E-1 4.1536E-1 5.0381E-1 4.48734E-1 5.52778E-1 6.35978E-1 6.78327E-1 7.00423E-1 7.04824E-1 7.05904E-1 7.66276E-1 8.11612E-1 8.53096E-1 8.44724E-1 8.37892E-1 -9999 -9999 -9999 -9999 -9999 -9999 -9999 -9999 -9999 -9999 -9999 -9999 -9999 -9999 -9999 -9999 -9999 -9999 -9999 -9999
6.1703E-1 5.65384E-1 5.00872E-1 5.07689E-1 4.69836E-1 4.49973E-1 3.64312E-1 3.1267E-1 2.59184E-1 2.58589E-1 2.24721E-1 2.20943E-1 2.87929E-1 2.78187E-1 2.13048E-1 2.87542E-1 2.75895E-1 3.11736E-1 2.89922E-1 2.46786E-1 2.19278E-1 2.2062E-1 2.74976E-1 3.09934E-1 2.63826E-1 2.58353E-1 2.61165E-1 2.54223E-1 2.99874E-1 2.49027E-1 2.14939E-1 1.94758E-1 1.91633E-1 2.89128E-1 2.28107E-1 2.01529E-1 3.09531E-1 2.78304E-1 2.23853E-1 4.57404E-1 4.25488E-1 3.75003E-1 4.84195E-1 5.58877E-1 6.10313E-1 6.57407E-1 6.46378E-1 7.5817E-1 8.28129E-1 8.46632E-1 8.33304E-1 -9999 -9999 -9999 -9999 -9999 -9999 -9999 -9999 -9999 -9999 -9999 -9999 -9999 -9999 -9999 -9999 7.23825E-1 7.32963E-1 7.2483E-1 7.56259E-1 -9999
5.32925E-1 4.38175E-1 4.28991E-1 3.94395E-1 3.54316E-1 3.8941E-1 3.32822E-1 3.38702E-1 2.98573E-1 2.9922E-1 2.57996E-1 2.42246E-1 1.99509E-1 3.04101E-1 2.12747E-1 2.34929E-1 2.60613E-1 2.7829E-1 2.7934E-1 2.30148E-1 2.04129E-1 2.05521E-1 2.34865E-1 2.42084E-1 3.04379E-1 3.01476E-1 2.74704E-1 2.46344E-1 2.21186E-1 2.02606E-1 2.01386E-1 2.10184E-1 1.62446E-1 1.8251E-1 2.10709E-1 1.4862E-1 2.64745E-1 1.55895E-1 1.93603E-1 2.5264E-1 4.49294E-1 3.5487E-1 3.48464E-1 3.28032E-1 3.94765E-1 5.66935E-1 6.28187E-1 6.66347E-1 7.70826E-1 7.97122E-1 -9999 -9999 -9999 -9999 -9999 -9999 -9999 -9999 -9999 -9999 -9999 -9999 -9999 -9999 -9999 -9999 7.14622E-1 7.54611E-1 8.15774E-1 8.07134E-1 7.74558E-1 -9999
5.14215E-1 4.73707E-1 4.84252E-1 4.22247E-1 3.82453E-1 3.66211E-1 2.82549E-1 2.97319E-1 2.7271E-1 3.01024E-1 2.80319E-1 2.79048E-1 2.32084E-1 2.58702E-1 2.39566E-1 1.7269E-1 1.63426E-1 1.83577E-1 1.56638E-1 1.46833E-1 1.4904E-1 1.65716E-1 2.19489E-1 2.50338E-1 2.58814E-1 2.19329E-1 2.43635E-1 2.58484E-1 2.25528E-1 2.41897E-1 2.19713E-1 1.63439E-1 1.35172E-1 1.59746E-1 2.01745E-1 1.29088E-1 1.89869E-1 1.41875E-1 1.74352E-1 3.32188E-1 4.08784E-1 4.14038E-1 2.57098E-1 2.13293E-1 3.07662E-1 3.75934E-1 3.73048E-1 4.23866E-1 6.22033E-1 7.69728E-1 -9999 -9999 -9999 -9999 -9999 -9999 -9999 -9999 -9999 -9999 -9999 -9999 -9999 -9999 -9999 -9999 7.41151E-1 8.13482E-1 8.57842E-1 8.67613E-1 7.95297E-1 7.8889E-1
4.8016E-1 4.54293E-1 4.48563E-1 3.93952E-1 3.37085E-1 3.17381E-1 3.22917E-1 2.83856E-1 2.95254E-1 2.9712E-1 3.03216E-1 2.76514E-1 2.54313E-1 3.07507E-1 2.62227E-1 1.98006E-1 1.8171E-1 1.12882E-1 1.11473E-1 2.04139E-1 1.90688E-1 2.24042E-1 2.57155E-1 2.07355E-1 1.92834E-1 2.43323E-1 2.615E-1 2.37924E-1 2.07609E-1 2.07992E-1 1.81121E-1 1.83286E-1 1.58484E-1 1.62927E-1 1.36012E-1 1.23106E-1 1.43638E-1 1.43607E-1 2.35065E-1 2.89612E-1 2.1047E-1 3.56436E-1 2.29989E-1 1.88581E-1 1.87627E-1 2.57492E-1 2.52554E-1 2.24628E-1 4.26314E-1 7.0699E-1 -9999 -9999 -9999 -9999 -9999 -9999 -9999 -9999 -9999 -9999 -9999 -9999 -9999 -9999 -9999 -9999 -9999 8.01378E-1 8.64617E-1 8.64308E-1 8.02053E-1 8.21417E-1
4.07894E-1 3.76139E-1 3.85802E-1 4.14388E-1 3.6189E-1 3.04064E-1 2.91988E-1 2.47423E-1 2.38314E-1 2.77697E-1 2.79054E-1 2.91374E-1 2.69151E-1 3.20023E-1 2.46366E-1 1.90739E-1 1.48259E-1 1.1409E-1 1.51004E-1 2.33807E-1 1.91163E-1 1.53129E-1 1.64788E-1 1.81365E-1 1.72468E-1 2.16641E-1 2.47432E-1 2.16101E-1 2.12547E-1 1.90347E-1 1.82316E-1 2.1253E-1 1.91638E-1 1.83433E-1 1.79652E-1 1.16694E-1 1.19343E-1 1.37753E-1 1.86179E-1 1.82665E-1 1.68012E-1 2.64928E-1 3.10767E-1 2.38297E-1 2.03166E-1 1.78243E-1 2.13362E-1 1.51924E-1 2.94414E-1 4.76818E-1 7.5287E-1 -9999 -9999 -9999 -9999 -9999 -9999 -9999 -9999 -9999 -9999 -9999 -9999 -9999 -9999 -9999 7.69415E-1 7.8641E-1 8.45646E-1 8.86314E-1 8.73213E-1 8.43531E-1
3.86823E-1 3.32719E-1 3.43317E-1 3.5399E-1 3.24493E-1 2.85253E-1 2.72384E-1 2.51372E-1 2.4934E-1 2.42343E-1 2.49428E-1 2.50765E-1 2.2829E-1 3.13733E-1 3.08846E-1 2.04844E-1 1.72435E-1 1.63721E-1 1.62847E-1 2.09798E-1 2.06539E-1 2.25017E-1 1.92218E-1 1.6406E-1 1.33741E-1 1.38083E-1 1.67848E-1 1.88714E-1 1.81639E-1 1.54111E-1 1.60586E-1 2.07205E-1 2.25633E-1 2.30655E-1 2.1437E-1 1.33517E-1 1.57335E-1 1.35809E-1 1.76227E-1 1.90881E-1 1.76403E-1 2.23941E-1 2.76812E-1 2.88942E-1 2.1224E-1 1.30826E-1 1.33818E-1 1.19613E-1 2.08945E-1 3.63526E-1 6.9127E-1 7.72036E-1 -9999 -9999 -9999 -9999 -9999 -9999 -9999 -9999 -9999 -9999 -9999 -9999 -9999 -9999 -9999 -9999 7.99895E-1 8.50398E-1 8.41863E-1 -9999
3.3636E-1 3.104E-1 3.54109E-1 3.1102E-1 3.05638E-1 3.14972E-1 2.91493E-1 2.56891E-1 2.07443E-1 2.4098E-1 2.54101E-1 2.434E-1 2.67375E-1 3.19445E-1 3.74876E-1 2.50998E-1 1.89675E-1 1.50091E-1 1.59378E-1 2.36243E-1 2.19137E-1 1.51372E-1 9.15112E-2 1.37829E-1 1.0307E-1 1.6827E-1 1.42328E-1 2.11175E-1 1.63152E-1 2.17094E-1 2.66349E-1 2.66058E-1 2.30261E-1 2.7061E-1 2.21529E-1 1.65616E-1 1.46332E-1 1.68428E-1 1.71736E-1 2.15102E-1 2.21946E-1 2.45058E-1 2.45889E-1 2.02246E-1 1.40856E-1 1.27661E-1 1.13362E-1 1.37569E-1 2.25252E-1 3.43873E-1 5.64956E-1 7.16842E-1 7.49541E-1 -9999 -9999 -9999 -9999 -9999 -9999 -9999 -9999 -9999 -9999 -9999 -9999 -9999 -9999 -9999 -9999 -9999 -9999 -9999
2.92541E-1 3.09916E-1 3.63143E-1 4.06398E-1 3.92946E-1 4.25858E-1 3.82324E-1 3.35086E-1 2.87686E-1 2.97756E-1 3.06095E-1 2.64943E-1 3.22915E-1 3.8467E-1 3.2861E-1 2.38926E-1 2.29239E-1 1.6312E-1 1.9611E-1 2.00507E-1 2.40224E-1 1.25821E-1 1.39097E-1 1.94945E-1 1.72654E-1 2.29481E-1 1.39413E-1 1.79202E-1 2.65607E-1 2.5882E-1 2.86066E-1 2.18062E-1 2.33092E-1 1.77188E-1 1.64407E-1 1.73223E-1 1.51532E-1 1.94113E-1 1.92419E-1 2.46989E-1 1.89584E-1 1.69623E-1 1.46018E-1 1.29793E-1 1.30638E-1 1.2556E-1 1.2273E-1 1.71272E-1 1.94172E-1 2.23634E-1 4.02332E-1 5.87328E-1 6.97185E-1 7.90537E-1 -9999 -9999 -9999 -9999 -9999 -9999 -9999 -9999 -9999 -9999 -9999 -9999 -9999 -9999 -9999 -9999 -9999 -9999
3.40815E-1 3.92944E-1 4.18912E-1 4.0362E-1 3.8147E-1 3.67106E-1 3.38505E-1 3.19761E-1 2.94262E-1 3.08749E-1 3.3483E-1 3.52715E-1 3.47975E-1 3.38745E-1 3.73197E-1 3.12995E-1 2.09401E-1 1.496E-1 1.75728E-1 1.71717E-1 1.13649E-1 1.06218E-1 2.09225E-1 1.92068E-1 2.69407E-1 2.54057E-1 2.41044E-1 2.56782E-1 2.11385E-1 2.60977E-1 3.19907E-1 2.87676E-1 2.47587E-1 2.01173E-1 1.8492E-1 2.08442E-1 1.84897E-1 2.28686E-1 1.98662E-1 1.84548E-1 1.70302E-1 1.30358E-1 1.26059E-1 1.13073E-1 1.29868E-1 1.22206E-1 1.12772E-1 1.56475E-1 2.65803E-1 2.46654E-1 3.14661E-1 5.71549E-1 7.0553E-1 7.68142E-1 -9999 -9999 -9999 -9999 -9999 -9999 -9999 -9999 -9999 -9999 -9999 -9999 -9999 -9999 -9999 -9999 -9999 -9999
4.68282E-1 4.8623E-1 4.41262E-1 4.19723E-1 3.13412E-1 2.9414E-1 2.6293E-1 2.7236E-1 3.14093E-1 3.37339E-1 3.93528E-1 3.56238E-1 3.50696E-1 4.03178E-1 4.3132E-1 4.4422E-1 3.16513E-1 1.95555E-1 1.7658E-1 2.02835E-1 1.63025E-1 1.12904E-1 1.73929E-1 1.807E-1 2.72731E-1 3.05121E-1 3.05884E-1 3.04891E-1 2.94435E-1 2.52057E-1 2.37494E-1 2.51868E-1 2.64397E-1 2.61496E-1 2.12914E-1 2.25776E-1 2.02157E-1 2.4096E-1 1.75901E-1 1.51834E-1 1.26126E-1 1.31657E-1 1.47413E-1 1.12652E-1 1.31743E-1 1.43434E-1 1.41224E-1 1.36451E-1 3.09907E-1 2.46902E-1 2.60049E-1 4.65695E-1 7.07796E-1 7.90736E-1 8.01036E-1 -9999 -9999 -9999 -9999 -9999 -9999 -9999 -9999 -9999 -9999 -9999 -9999 -9999 -9999 -9999 -9999 -9999
4.59763E-1 4.40831E-1 4.40979E-1 4.13299E-1 4.27821E-1 3.35207E-1 3.37362E-1 3.83322E-1 3.75358E-1 3.69786E-1 3.77234E-1 3.82326E-1 3.85036E-1 3.98916E-1 4.67965E-1 3.75117E-1 3.78027E-1 3.06892E-1 2.60598E-1 2.12009E-1 1.82836E-1 1.6155E-1 1.28036E-1 2.24121E-1 3.25194E-1 2.81969E-1 2.46713E-1 2.09272E-1 2.24359E-1 2.8885E-1 2.7661E-1 2.66899E-1 2.23169E-1 2.03475E-1 2.38862E-1 2.26729E-1 1.79214E-1 2.45876E-1 1.74865E-1 1.07782E-1 1.08627E-1 1.67861E-1 1.45945E-1 1.05748E-1 1.13209E-1 1.58551E-1 1.34256E-1 1.81289E-1 2.89798E-1 3.64784E-1 2.16932E-1 3.97E-1 6.40487E-1 7.78641E-1 7.9687E-1 -9999 -9999 -9999 -9999 -9999 -9999 -9999 -9999 -9999 -9999 -9999 -9999 -9999 -9999 -9999 -9999 -9999
5.24005E-1 4.51191E-1 4.11055E-1 4.20041E-1 4.43636E-1 3.85211E-1 3.70421E-1 3.59973E-1 3.69219E-1 3.81624E-1 4.11861E-1 4.1338E-1 4.36588E-1 4.43411E-1 4.5264E-1 3.66668E-1 3.56426E-1 3.09405E-1 2.82054E-1 2.42522E-1 1.60618E-1 1.48794E-1 2.13749E-1 2.2105E-1 1.74957E-1 1.66224E-1 1.80664E-1 2.51403E-1 2.56833E-1 2.48236E-1 2.64773E-1 2.49311E-1 2.16503E-1 1.93518E-1 2.04166E-1 2.3512E-1 1.74154E-1 2.68618E-1 1.47812E-1 1.18846E-1 1.42196E-1 1.81738E-1 1.25464E-1 1.18206E-1 1.19996E-1 1.45821E-1 1.78633E-1 2.03021E-1 2.81235E-1 4.81775E-1 3.6088E-1 3.91994E-1 6.28799E-1 7.86974E-1 -9999 -9999 -9999 -9999 -9999 -9999 -9999 -9999 -9999 -9999 -9999 -9999 -9999 -9999 -9999 -9999 -9999 -9999
5.64149E-1 4.81213E-1 4.47409E-1 4.43456E-1 4.80385E-1 4.41398E-1 4.14903E-1 3.95997E-1 3.86579E-1 4.11534E-1 3.94985E-1 4.8825E-1 4.52625E-1 4.29408E-1 3.92726E-1 3.4361E-1 3.17318E-1 3.23031E-1 2.90634E-1 2.77417E-1 2.43102E-1 1.88021E-1 2.17432E-1 1.72579E-1 1.73075E-1 1.95369E-1 2.29668E-1 1.93964E-1 2.01023E-1 2.29714E-1 2.17358E-1 2.15349E-1 2.14905E-1 2.05657E-1 1.69048E-1 1.81908E-1 2.12559E-1 2.48059E-1 1.53291E-1 1.64741E-1 1.8457E-1 1.29566E-1 1.02334E-1 1.1612E-1 1.67626E-1 1.81386E-1 1.76598E-1 2.29934E-1 3.48586E-1 4.61734E-1 5.81783E-1 5.97449E-1 7.54325E-1 7.88479E-1 -9999 -9999 -9999 -9999 -9999 -9999 -9999 -9999 -9999 -9999 -9999 -9999 -9999 -9999 -9999 -9999 -9999 -9999
5.38819E-1 5.59777E-1 5.13661E-1 4.80078E-1 5.38163E-1 5.39312E-1 4.84564E-1 4.59175E-1 4.54148E-1 4.57941E-1 4.6266E-1 4.8236E-1 3.81012E-1 3.23274E-1 4.00153E-1 3.63364E-1 3.2428E-1 2.89552E-1 2.71202E-1 3.49778E-1 2.76369E-1 2.53533E-1 2.26973E-1 2.04513E-1 2.53579E-1 3.05603E-1 2.93618E-1 2.86183E-1 3.20784E-1 3.18868E-1 3.06727E-1 2.55932E-1 2.65666E-1 2.42465E-1 2.12271E-1 2.17306E-1 2.3182E-1 2.4856E-1 2.33543E-1 2.09142E-1 2.13642E-1 1.73841E-1 1.5253E-1 1.3317E-1 2.02788E-1 2.31157E-1 1.93478E-1 2.96132E-1 3.45059E-1 3.82669E-1 6.33754E-1 7.26259E-1 7.63384E-1 7.59904E-1 -9999 -9999 -9999 -9999 -9999 -9999 -9999 -9999 -9999 -9999 -9999 -9999 -9999 -9999 -9999 -9999 -9999 -9999
5.38368E-1 5.79101E-1 5.60913E-1 5.8478E-1 5.01306E-1 4.24119E-1 4.2938E-1 4.80924E-1 5.11617E-1 4.59494E-1 4.758E-1 4.39705E-1 3.64019E-1 3.0609E-1 3.80927E-1 3.88454E-1 2.90641E-1 2.91322E-1 3.15711E-1 3.37739E-1 3.05752E-1 3.19361E-1 2.68563E-1 2.52003E-1 2.8644E-1 2.92766E-1 2.85648E-1 3.35267E-1 3.45707E-1 3.71315E-1 3.65917E-1 3.34837E-1 3.21643E-1 3.1676E-1 2.84828E-1 2.63446E-1 2.86814E-1 2.71125E-1 2.59639E-1 2.79014E-1 2.93656E-1 2.58864E-1 2.0061E-1 2.18558E-1 2.52903E-1 2.32987E-1 1.85096E-1 2.54922E-1 2.7331E-1 4.54274E-1 6.72512E-1 7.34656E-1 7.56227E-1 7.59234E-1 -9999 -9999 -9999 -9999 -9999 -9999 -9999 -9999 -9999 -9999 -9999 -9999 -9999 -9999 -9999 -9999 -9999 -9999
5.70451E-1 5.79994E-1 5.67297E-1 4.83517E-1 4.2126E-1 4.43363E-1 4.97273E-1 4.28843E-1 4.70704E-1 5.11225E-1 5.45684E-1 4.11393E-1 3.54423E-1 3.07664E-1 4.10904E-1 4.36238E-1 3.01222E-1 3.12631E-1 3.7829E-1 3.13228E-1 2.97615E-1 3.59979E-1 3.05669E-1 2.82971E-1 3.16316E-1 3.01972E-1 3.14825E-1 3.31549E-1 3.80302E-1 3.64727E-1 3.9128E-1 4.52866E-1 4.19846E-1 4.03309E-1 3.61771E-1 3.5613E-1 3.43865E-1 3.20747E-1 3.28691E-1 2.8814E-1 3.52681E-1 4.02123E-1 3.29909E-1 3.17111E-1 3.50657E-1 2.94508E-1 3.04634E-1 3.22742E-1 3.86559E-1 5.92286E-1 7.12259E-1 7.5927E-1 7.56772E-1 7.44705E-1 -9999 -9999 -9999 -9999 -9999 -9999 -9999 -9999 -9999 -9999 -9999 -9999 -9999 -9999 -9999 -9999 -9999 -9999
6.11638E-1 6.13355E-1 5.39787E-1 4.58779E-1 4.58902E-1 5.23672E-1 4.20789E-1 4.04608E-1 4.00165E-1 5.23787E-1 4.22698E-1 3.36521E-1 3.02138E-1 3.27481E-1 4.05568E-1 4.4448E-1 3.05393E-1 3.14768E-1 3.68328E-1 3.1175E-1 3.22499E-1 3.99986E-1 3.18918E-1 2.99018E-1 3.54113E-1 3.70665E-1 2.9826E-1 3.17354E-1 3.36019E-1 4.29637E-1 4.6973E-1 4.77329E-1 4.44321E-1 4.33214E-1 4.58539E-1 4.63421E-1 4.51967E-1 4.67733E-1 4.71498E-1 4.51573E-1 4.89139E-1 5.23445E-1 5.20375E-1 5.27223E-1 5.32278E-1 4.74541E-1 1.95054E-1 3.7605E-1 5.04942E-1 6.25898E-1 6.98982E-1 7.30485E-1 7.38613E-1 -9999 -9999 -9999 -9999 -9999 -9999 -9999 -9999 -9999 -9999 -9999 -9999 -9999 -9999 -9999 -9999 -9999 -9999 -9999
