Artocarpus altilis SDM files/Last interglacial/results (without the bias file)/Artalt_7.asc
ncols         1201
nrows         481
xllcorner     119.99986351115
yllcorner     -15.00013864885
cellsize      0.041666667
NODATA_value  -9999
[rows 224 to 255 of 481, columns 576 to 647 of 1201]
7.63835E-1 7.43339E-1 7.45949E-1 7.54266E-1 7.66001E-1 7.66664E-1 7.63238E-1 7.7418E-1 7.89079E-1 7.82458E-1 8.00238E-1 8.06619E-1 8.1989E-1 8.23207E-1 7.95209E-1 8.11248E-1 7.6803E-1 8.16958E-1 7.96981E-1 7.59247E-1 8.20101E-1 8.88469E-1 9.22324E-1 9.72661E-1 -9999 -9999 -9999 -9999 -9999 -9999 -9999 -9999 -9999 -9999 -9999 -9999 -9999 -9999 -9999 -9999 -9999 -9999 -9999 -9999 -9999 -9999 -9999 -9999 -9999 -9999 -9999 -9999 -9999 -9999 -9999 -9999 -9999 -9999 -9999 -9999 -9999 -9999 -9999 -9999 -9999 -9999 -9999 -9999 -9999 -9999 -9999 -9999
7.42193E-1 7.43954E-1 7.45928E-1 7.38904E-1 7.45398E-1 7.51403E-1 7.53092E-1 7.58987E-1 7.69484E-1 7.77616E-1 7.78857E-1 7.75604E-1 7.98891E-1 7.97958E-1 7.82777E-1 7.96761E-1 7.44076E-1 7.94389E-1 7.95122E-1 7.89239E-1 8.25412E-1 8.97958E-1 9.04455E-1 9.15594E-1 9.24237E-1 9.39665E-1 -9999 -9999 -9999 -9999 -9999 -9999 -9999 -9999 -9999 -9999 -9999 -9999 -9999 -9999 -9999 -9999 -9999 -9999 -9999 -9999 -9999 -9999 -9999 -9999 -9999 -9999 -9999 -9999 -9999 -9999 -9999 -9999 -9999 -9999 -9999 -9999 -9999 -9999 -9999 -9999 -9999 -9999 -9999 -9999 -9999 -9999
7.32244E-1 7.31518E-1 7.32616E-1 7.2667E-1 7.1762E-1 7.2328E-1 7.40352E-1 7.43055E-1 7.34964E-1 7.35902E-1 7.69554E-1 7.50118E-1 7.53374E-1 7.67253E-1 7.8035E-1 7.98057E-1 7.43183E-1 7.92547E-1 8.22464E-1 7.6777E-1 7.23551E-1 8.60469E-1 9.38954E-1 8.89872E-1 8.41384E-1 8.41565E-1 9.41437E-1 9.78043E-1 9.75498E-1 9.77796E-1 9.79927E-1 9.93973E-1 9.83976E-1 -9999 -9999 -9999 -9999 -9999 -9999 -9999 -9999 -9999 -9999 -9999 -9999 -9999 -9999 -9999 -9999 -9999 -9999 -9999 -9999 -9999 -9999 -9999 -9999 -9999 -9999 -9999 -9999 -9999 -9999 -9999 -9999 -9999 -9999 -9999 -9999 -9999 -9999 -9999
7.27349E-1 7.26773E-1 7.26704E-1 7.38158E-1 6.96625E-1 7.10727E-1 7.19083E-1 7.19318E-1 6.97884E-1 7.12337E-1 7.35776E-1 7.22548E-1 7.09491E-1 7.61953E-1 7.766E-1 7.87705E-1 7.7605E-1 7.67998E-1 8.07406E-1 7.72499E-1 7.09449E-1 7.83851E-1 9.20504E-1 9.16668E-1 8.14674E-1 7.65894E-1 8.73024E-1 9.31217E-1 9.72097E-1 9.87426E-1 9.83901E-1 9.92171E-1 9.69622E-1 9.92027E-1 -9999 -9999 -9999 -9999 -9999 -9999 -9999 -9999 -9999 -9999 -9999 -9999 -9999 -9999 -9999 -9999 -9999 -9999 -9999 -9999 -9999 -9999 -9999 -9999 -9999 -9999 -9999 -9999 -9999 -9999 -9999 -9999 -9999 -9999 -9999 -9999 -9999 -9999
7.36794E-1 7.50949E-1 7.44579E-1 7.00388E-1 6.61205E-1 7.07709E-1 7.00697E-1 6.95656E-1 7.16122E-1 7.09922E-1 7.02781E-1 7.23666E-1 6.89484E-1 7.28093E-1 7.66095E-1 7.66594E-1 7.61954E-1 7.75051E-1 7.71526E-1 7.63639E-1 7.65609E-1 7.80757E-1 8.7455E-1 9.40119E-1 8.50103E-1 7.59273E-1 8.75065E-1 9.48142E-1 9.73936E-1 9.77187E-1 9.84849E-1 9.90868E-1 9.95847E-1 9.95278E-1 9.85544E-1 -9999 -9999 -9999 -9999 -9999 -9999 -9999 -9999 -9999 -9999 -9999 -9999 -9999 -9999 -9999 -9999 -9999 -9999 -9999 -9999 -9999 -9999 -9999 -9999 -9999 -9999 -9999 -9999 -9999 -9999 -9999 -9999 -9999 -9999 -9999 -9999 -9999
7.05471E-1 7.22049E-1 6.89435E-1 7.11571E-1 6.7416E-1 7.00683E-1 6.90345E-1 6.95014E-1 7.20927E-1 6.86994E-1 6.91269E-1 6.9231E-1 7.12141E-1 7.40276E-1 7.72053E-1 7.65015E-1 7.5297E-1 7.62416E-1 7.74238E-1 7.70912E-1 8.09435E-1 8.26273E-1 8.50544E-1 9.15865E-1 9.00453E-1 8.04906E-1 8.93379E-1 8.96782E-1 8.9022E-1 9.54234E-1 9.58015E-1 9.53803E-1 9.52683E-1 9.89364E-1 9.69715E-1 8.7708E-1 -9999 -9999 -9999 -9999 -9999 -9999 -9999 -9999 -9999 -9999 9.99562E-1 9.99706E-1 9.45494E-1 -9999 -9999 -9999 -9999 -9999 -9999 -9999 -9999 -9999 -9999 -9999 -9999 -9999 -9999 -9999 -9999 -9999 -9999 -9999 -9999 -9999 -9999 -9999
7.03964E-1 6.98136E-1 6.55655E-1 6.93486E-1 6.81234E-1 6.93366E-1 6.98682E-1 6.68688E-1 6.79933E-1 6.69123E-1 6.73461E-1 6.70848E-1 6.90049E-1 7.04751E-1 7.252E-1 7.09138E-1 7.52277E-1 7.52026E-1 7.61523E-1 7.73763E-1 7.54963E-1 7.99241E-1 8.71564E-1 8.03028E-1 7.47908E-1 7.19415E-1 7.81519E-1 7.80056E-1 7.6675E-1 9.18167E-1 8.90919E-1 9.42491E-1 9.81257E-1 9.93936E-1 9.94502E-1 9.11185E-1 9.2628E-1 -9999 -9999 -9999 -9999 -9999 -9999 -9999 -9999 9.9929E-1 9.97307E-1 9.98875E-1 8.65827E-1 8.58358E-1 -9999 -9999 -9999 -9999 -9999 -9999 -9999 -9999 -9999 -9999 -9999 -9999 -9999 -9999 -9999 -9999 -9999 -9999 -9999 -9999 -9999 -9999
7.01392E-1 6.83451E-1 6.86511E-1 6.92576E-1 7.08041E-1 6.82341E-1 6.79271E-1 6.59735E-1 6.34074E-1 6.65048E-1 6.68451E-1 6.63014E-1 6.59244E-1 7.02307E-1 7.09028E-1 7.09745E-1 7.38144E-1 7.5444E-1 7.62537E-1 7.81563E-1 7.70746E-1 8.39839E-1 8.21947E-1 7.71575E-1 5.97126E-1 5.44305E-1 5.58351E-1 5.98888E-1 6.82584E-1 8.09543E-1 9.53399E-1 9.5115E-1 9.70764E-1 9.81955E-1 9.90904E-1 9.41411E-1 9.03061E-1 8.9199E-1 -9999 -9999 -9999 -9999 -9999 -9999 -9999 9.97476E-1 9.7258E-1 9.46606E-1 7.70015E-1 8.84293E-1 -9999 -9999 -9999 -9999 -9999 -9999 -9999 -9999 -9999 -9999 -9999 -9999 -9999 -9999 -9999 -9999 -9999 -9999 -9999 -9999 -9999 -9999
7.18506E-1 6.8859E-1 7.03149E-1 6.80532E-1 6.79974E-1 6.57757E-1 6.46164E-1 6.37362E-1 6.4158E-1 6.21807E-1 6.0304E-1 6.17737E-1 6.25744E-1 6.80162E-1 6.78693E-1 6.86423E-1 7.13264E-1 6.9652E-1 7.29079E-1 7.30122E-1 7.60659E-1 8.09785E-1 7.47214E-1 7.2834E-1 6.85835E-1 6.32258E-1 5.19583E-1 5.56191E-1 6.3338E-1 6.25284E-1 6.16514E-1 8.0492E-1 9.403E-1 9.75073E-1 9.71814E-1 9.904E-1 8.32448E-1 8.23229E-1 -9999 -9999 -9999 -9999 -9999 -9999 -9999 9.94214E-1 9.13894E-1 8.03158E-1 7.02287E-1 8.85607E-1 -9999 -9999 -9999 -9999 -9999 -9999 -9999 -9999 -9999 -9999 -9999 -9999 -9999 -9999 -9999 -9999 -9999 -9999 -9999 -9999 -9999 -9999
7.0334E-1 7.27407E-1 6.68672E-1 6.38775E-1 6.43429E-1 6.57578E-1 6.32484E-1 6.11243E-1 6.28151E-1 6.31914E-1 6.3542E-1 6.10649E-1 6.12403E-1 6.43962E-1 6.59957E-1 6.81178E-1 7.03586E-1 7.02665E-1 6.9775E-1 6.97999E-1 6.87111E-1 7.07259E-1 7.06125E-1 7.17646E-1 7.65796E-1 6.39284E-1 5.77237E-1 6.39266E-1 4.91742E-1 5.33573E-1 6.14615E-1 4.88026E-1 4.86901E-1 7.4309E-1 8.1135E-1 8.45242E-1 7.11042E-1 8.60907E-1 8.51483E-1 -9999 -9999 -9999 -9999 -9999 -9999 9.95371E-1 9.83673E-1 6.98435E-1 8.81133E-1 8.88452E-1 -9999 -9999 -9999 -9999 -9999 -9999 -9999 -9999 -9999 -9999 -9999 -9999 -9999 -9999 -9999 -9999 -9999 -9999 -9999 -9999 -9999 -9999
6.88279E-1 6.8968E-1 6.25084E-1 6.12088E-1 6.01277E-1 6.31603E-1 6.08801E-1 5.92614E-1 5.71621E-1 5.83304E-1 5.86449E-1 5.97117E-1 6.08915E-1 6.35543E-1 6.41237E-1 6.53071E-1 6.74838E-1 6.91338E-1 6.89558E-1 6.97561E-1 6.79201E-1 7.01583E-1 7.3372E-1 7.74127E-1 7.62021E-1 7.14251E-1 6.02739E-1 5.87679E-1 5.80588E-1 5.66747E-1 5.43355E-1 4.04124E-1 4.89714E-1 6.32788E-1 8.13188E-1 9.04946E-1 8.80596E-1 8.82962E-1 8.66644E-1 9.24645E-1 -9999 -9999 -9999 -9999 -9999 9.99554E-1 9.64599E-1 8.36316E-1 9.16872E-1 9.35191E-1 -9999 -9999 -9999 -9999 -9999 -9999 -9999 -9999 -9999 -9999 -9999 -9999 -9999 -9999 -9999 -9999 -9999 -9999 -9999 -9999 -9999 -9999
6.69002E-1 6.51425E-1 5.89026E-1 5.77356E-1 5.93889E-1 5.95285E-1 6.02916E-1 5.93491E-1 5.75138E-1 5.10626E-1 5.26441E-1 5.5003E-1 6.06125E-1 5.88343E-1 5.93393E-1 6.3209E-1 6.59262E-1 6.7691E-1 6.81595E-1 6.48901E-1 6.70338E-1 6.76613E-1 6.98585E-1 7.46041E-1 7.69307E-1 7.36885E-1 6.5912E-1 7.40898E-1 7.83388E-1 6.60529E-1 5.41403E-1 6.63929E-1 6.68342E-1 8.036E-1 8.37148E-1 8.79233E-1 9.07424E-1 7.61861E-1 9.51085E-1 9.84979E-1 9.82736E-1 -9999 -9999 -9999 -9999 9.99164E-1 9.82687E-1 9.50766E-1 -9999 -9999 -9999 -9999 9.97897E-1 9.98929E-1 -9999 -9999 -9999 -9999 -9999 -9999 -9999 -9999 -9999 -9999 -9999 -9999 -9999 -9999 -9999 -9999 -9999 -9999
5.98668E-1 6.04401E-1 5.24937E-1 5.0795E-1 5.17703E-1 5.03776E-1 5.53681E-1 5.96001E-1 5.45709E-1 5.09324E-1 5.31046E-1 5.48562E-1 6.1501E-1 6.52389E-1 5.90314E-1 6.23763E-1 6.40802E-1 6.25299E-1 6.57147E-1 6.35288E-1 6.52692E-1 7.06658E-1 6.88791E-1 7.1081E-1 7.31834E-1 7.53444E-1 8.15539E-1 7.2318E-1 6.95594E-1 6.00412E-1 6.55474E-1 6.59268E-1 6.89592E-1 6.22841E-1 7.95741E-1 8.18781E-1 7.60021E-1 7.04857E-1 9.75336E-1 9.21434E-1 9.49507E-1 9.80981E-1 9.79054E-1 -9999 -9999 -9999 -9999 -9999 -9999 -9999 -9999 -9999 9.99216E-1 9.99094E-1 9.80311E-1 -9999 -9999 -9999 -9999 -9999 -9999 -9999 -9999 -9999 -9999 -9999 -9999 -9999 -9999 -9999 -9999 -9999
5.09221E-1 5.39916E-1 5.00417E-1 4.47118E-1 3.57916E-1 3.52264E-1 3.54933E-1 5.36472E-1 5.73706E-1 5.51229E-1 5.78052E-1 6.17423E-1 5.99655E-1 6.39349E-1 6.29475E-1 6.214E-1 6.12038E-1 6.0693E-1 6.2762E-1 6.47657E-1 6.69115E-1 6.90506E-1 6.99772E-1 7.00055E-1 7.19972E-1 7.98007E-1 8.17402E-1 8.21106E-1 7.31999E-1 6.60615E-1 7.36541E-1 7.40815E-1 8.32048E-1 8.22876E-1 7.35032E-1 6.20861E-1 5.31885E-1 6.99481E-1 8.41569E-1 8.22297E-1 8.9108E-1 9.39335E-1 9.55047E-1 9.646E-1 -9999 -9999 -9999 -9999 -9999 -9999 -9999 -9999 -9999 -9999 -9999 -9999 -9999 -9999 -9999 -9999 -9999 -9999 -9999 -9999 -9999 -9999 -9999 -9999 -9999 -9999 -9999 -9999
4.41046E-1 3.31039E-1 5.58146E-1 3.81838E-1 3.15393E-1 2.85687E-1 2.73045E-1 5.09318E-1 6.30005E-1 6.01592E-1 6.00676E-1 6.68696E-1 6.44597E-1 6.41358E-1 6.81131E-1 6.5316E-1 6.31985E-1 5.96285E-1 5.90766E-1 6.28911E-1 6.49991E-1 6.67745E-1 6.48103E-1 6.73617E-1 7.28877E-1 8.32739E-1 7.8708E-1 8.55275E-1 8.27611E-1 7.60802E-1 7.98105E-1 7.24732E-1 7.78029E-1 7.66208E-1 6.35522E-1 7.81431E-1 5.44674E-1 6.24213E-1 8.13068E-1 8.48678E-1 8.84302E-1 9.46507E-1 9.54044E-1 9.65209E-1 -9999 -9999 -9999 -9999 -9999 -9999 -9999 -9999 -9999 -9999 -9999 -9999 -9999 -9999 -9999 -9999 -9999 -9999 -9999 -9999 -9999 -9999 -9999 -9999 -9999 -9999 -9999 -9999
2.67883E-1 2.55875E-1 3.72612E-1 4.34267E-1 2.59138E-1 1.78709E-1 3.49967E-1 4.17796E-1 4.77801E-1 5.0647E-1 5.8361E-1 6.55746E-1 6.59479E-1 6.37835E-1 6.19498E-1 5.97948E-1 5.88216E-1 5.48972E-1 5.67001E-1 5.69713E-1 6.28153E-1 6.54886E-1 6.47308E-1 7.05486E-1 7.74474E-1 8.11812E-1 8.12773E-1 8.43376E-1 8.58002E-1 8.6259E-1 8.30997E-1 7.58112E-1 7.11838E-1 7.43043E-1 6.53265E-1 6.35542E-1 7.85884E-1 8.07958E-1 9.51138E-1 8.54367E-1 8.65629E-1 9.50808E-1 9.70853E-1 -9999 -9999 -9999 -9999 -9999 -9999 -9999 -9999 -9999 -9999 -9999 -9999 -9999 -9999 -9999 -9999 -9999 -9999 -9999 -9999 -9999 -9999 -9999 -9999 -9999 -9999 -9999 -9999 -9999
2.04923E-1 1.85284E-1 1.89842E-1 2.55814E-1 3.04711E-1 1.31954E-1 1.43657E-1 1.85319E-1 3.17884E-1 4.39369E-1 3.79644E-1 5.95358E-1 6.24771E-1 5.83371E-1 6.1752E-1 5.82017E-1 5.66879E-1 5.2908E-1 5.43716E-1 5.54311E-1 6.47456E-1 6.48601E-1 6.72924E-1 6.55808E-1 6.96489E-1 7.52449E-1 8.21874E-1 8.16887E-1 8.62328E-1 8.3694E-1 8.35612E-1 8.93434E-1 8.20872E-1 7.95326E-1 8.07048E-1 7.33339E-1 6.91297E-1 7.80014E-1 8.41196E-1 8.03571E-1 8.68115E-1 9.40929E-1 9.79223E-1 -9999 -9999 -9999 -9999 -9999 -9999 -9999 -9999 -9999 -9999 -9999 -9999 -9999 -9999 -9999 -9999 -9999 -9999 -9999 -9999 -9999 -9999 -9999 -9999 -9999 -9999 -9999 -9999 -9999
4.26291E-1 2.56719E-1 1.82181E-1 1.23788E-1 1.42035E-1 1.29073E-1 9.14243E-2 1.5325E-1 1.92354E-1 3.26797E-1 2.17844E-1 3.78353E-1 4.28048E-1 5.51903E-1 6.16455E-1 6.09316E-1 6.03169E-1 5.23068E-1 5.01268E-1 5.5228E-1 5.8692E-1 6.48814E-1 6.66508E-1 6.28815E-1 7.09849E-1 7.39786E-1 7.78197E-1 8.16205E-1 8.10868E-1 8.0365E-1 8.28787E-1 9.23496E-1 8.81543E-1 8.41107E-1 7.06726E-1 8.03714E-1 8.39647E-1 7.92929E-1 8.05959E-1 8.32341E-1 8.70227E-1 9.59065E-1 9.76117E-1 9.95114E-1 -9999 -9999 -9999 -9999 -9999 -9999 -9999 -9999 -9999 -9999 -9999 -9999 -9999 -9999 -9999 -9999 -9999 -9999 -9999 -9999 -9999 -9999 -9999 -9999 -9999 -9999 -9999 -9999
6.35422E-1 5.54974E-1 4.33478E-1 1.96533E-1 1.81667E-1 1.16118E-1 1.19716E-1 1.27741E-1 1.69094E-1 2.13055E-1 1.3344E-1 2.85376E-1 3.21362E-1 3.67183E-1 5.58962E-1 6.49652E-1 6.56674E-1 6.19926E-1 5.26184E-1 5.13399E-1 6.27039E-1 6.65219E-1 7.19098E-1 6.47003E-1 7.51584E-1 7.30197E-1 8.04034E-1 8.38727E-1 7.99648E-1 8.12713E-1 8.47961E-1 9.19876E-1 9.1599E-1 9.40781E-1 8.26079E-1 6.88239E-1 8.35546E-1 9.2999E-1 8.79166E-1 8.59695E-1 8.64411E-1 9.63234E-1 9.84821E-1 9.98204E-1 -9999 -9999 -9999 -9999 -9999 -9999 -9999 -9999 -9999 -9999 -9999 -9999 -9999 -9999 -9999 -9999 -9999 -9999 -9999 -9999 -9999 -9999 -9999 -9999 -9999 -9999 -9999 -9999
5.55905E-1 3.87842E-1 5.61753E-1 3.37098E-1 2.12098E-1 1.26195E-1 1.78421E-1 1.27404E-1 8.66854E-2 9.65187E-2 1.373E-1 8.43573E-2 1.5381E-1 3.11875E-1 4.66454E-1 5.48618E-1 7.05958E-1 6.19714E-1 6.04465E-1 5.5039E-1 5.91756E-1 6.7685E-1 6.61349E-1 6.76168E-1 7.57993E-1 7.50574E-1 7.8516E-1 8.00658E-1 7.79311E-1 8.00499E-1 8.18846E-1 9.09512E-1 9.26829E-1 9.3677E-1 9.52488E-1 8.65236E-1 8.90703E-1 8.85611E-1 9.26906E-1 9.23477E-1 8.93329E-1 9.57282E-1 9.9077E-1 9.97416E-1 -9999 -9999 -9999 -9999 -9999 -9999 -9999 -9999 -9999 -9999 -9999 -9999 -9999 -9999 -9999 -9999 -9999 -9999 -9999 -9999 -9999 -9999 -9999 -9999 -9999 -9999 9.77192E-1 9.97502E-1
5.98704E-1 5.327E-1 6.62457E-1 4.39078E-1 2.53521E-1 3.1094E-1 2.8973E-1 1.18558E-1 9.1163E-2 1.06374E-1 9.48116E-2 5.29765E-2 9.57987E-2 2.00644E-1 2.03347E-1 2.67761E-1 6.22127E-1 6.62798E-1 6.22335E-1 6.19608E-1 5.54742E-1 5.91797E-1 6.28089E-1 6.86368E-1 6.84173E-1 7.22106E-1 6.65914E-1 7.36392E-1 7.92845E-1 7.38763E-1 7.66513E-1 8.24146E-1 8.67389E-1 8.6784E-1 9.1584E-1 9.4418E-1 8.618E-1 7.51282E-1 8.49868E-1 9.18072E-1 9.38219E-1 9.69604E-1 9.91938E-1 9.94988E-1 -9999 -9999 -9999 -9999 -9999 -9999 -9999 -9999 -9999 -9999 -9999 -9999 -9999 -9999 -9999 -9999 -9999 -9999 -9999 -9999 -9999 -9999 -9999 -9999 -9999 -9999 9.95041E-1 9.99241E-1
5.96715E-1 5.29246E-1 4.99132E-1 6.74267E-1 6.03589E-1 5.60933E-1 3.03116E-1 2.07765E-1 1.97187E-1 1.93761E-1 1.22379E-1 6.104E-2 9.15124E-2 1.48615E-1 1.90059E-1 2.26768E-1 5.11044E-1 6.99792E-1 7.23923E-1 6.94525E-1 6.54765E-1 6.3085E-1 5.8767E-1 6.07496E-1 6.80685E-1 6.39161E-1 6.39123E-1 7.22579E-1 8.1474E-1 7.43011E-1 7.44738E-1 7.68021E-1 8.73698E-1 9.26058E-1 9.32375E-1 9.46707E-1 9.46457E-1 8.62602E-1 8.15099E-1 9.52325E-1 9.54677E-1 9.71447E-1 9.90622E-1 9.92112E-1 -9999 -9999 -9999 -9999 -9999 -9999 -9999 -9999 -9999 -9999 -9999 -9999 -9999 -9999 -9999 -9999 -9999 -9999 -9999 -9999 -9999 -9999 -9999 -9999 -9999 -9999 -9999 -9999
4.37486E-1 4.38493E-1 3.52375E-1 5.10792E-1 6.3927E-1 5.92617E-1 5.04446E-1 3.07626E-1 3.39178E-1 1.59168E-1 1.15006E-1 8.08517E-2 8.80041E-2 1.21687E-1 3.11337E-1 4.07952E-1 4.21505E-1 4.92811E-1 7.07056E-1 7.43545E-1 7.21851E-1 6.9956E-1 6.86182E-1 5.8276E-1 6.29978E-1 6.67416E-1 6.67672E-1 7.41362E-1 8.45178E-1 7.84863E-1 7.45967E-1 7.34052E-1 8.42511E-1 8.03236E-1 8.89889E-1 8.86801E-1 8.98723E-1 9.38215E-1 8.73162E-1 8.78382E-1 9.57059E-1 9.86641E-1 9.92239E-1 9.90353E-1 -9999 -9999 -9999 -9999 -9999 -9999 -9999 -9999 -9999 -9999 -9999 -9999 -9999 -9999 -9999 -9999 -9999 -9999 -9999 -9999 -9999 -9999 -9999 -9999 -9999 -9999 -9999 -9999
3.29824E-1 2.97732E-1 2.69827E-1 3.163E-1 5.95889E-1 6.49942E-1 5.24033E-1 5.51665E-1 3.51959E-1 2.18406E-1 1.42809E-1 1.01494E-1 1.3732E-1 1.89756E-1 2.37664E-1 2.16524E-1 2.84071E-1 3.61359E-1 6.11542E-1 6.28943E-1 7.36221E-1 7.08054E-1 7.13614E-1 6.80976E-1 6.38657E-1 6.58902E-1 6.63893E-1 7.5981E-1 8.17446E-1 8.16678E-1 7.43354E-1 6.31157E-1 6.76022E-1 6.77907E-1 7.37104E-1 8.27676E-1 9.15249E-1 9.4428E-1 9.52487E-1 9.0882E-1 9.58021E-1 9.83801E-1 9.88272E-1 -9999 -9999 -9999 -9999 -9999 -9999 -9999 -9999 -9999 -9999 -9999 -9999 -9999 -9999 -9999 -9999 -9999 -9999 -9999 -9999 -9999 -9999 -9999 -9999 -9999 -9999 -9999 -9999 9.33244E-1
4.0372E-1 4.27914E-1 3.50569E-1 4.32678E-1 4.46904E-1 6.46785E-1 5.65816E-1 5.70108E-1 6.47894E-1 4.74663E-1 3.0748E-1 1.60021E-1 1.27523E-1 2.0057E-1 3.35538E-1 3.16704E-1 2.86463E-1 4.43563E-1 5.53889E-1 6.42388E-1 7.40275E-1 7.17645E-1 7.39627E-1 7.19047E-1 7.08839E-1 6.65524E-1 6.58007E-1 7.34371E-1 7.51302E-1 7.62861E-1 7.43413E-1 6.93409E-1 5.91747E-1 5.78192E-1 7.51875E-1 8.56219E-1 8.5963E-1 9.10059E-1 9.34789E-1 9.36227E-1 9.0809E-1 9.78138E-1 9.78999E-1 -9999 -9999 -9999 -9999 -9999 -9999 -9999 -9999 -9999 -9999 -9999 -9999 -9999 -9999 -9999 -9999 -9999 -9999 -9999 -9999 -9999 -9999 -9999 -9999 -9999 -9999 -9999 -9999 9.3134E-1
4.90275E-1 5.35356E-1 5.86127E-1 6.11015E-1 6.04813E-1 6.0043E-1 5.83582E-1 6.35111E-1 6.31031E-1 5.76758E-1 4.72114E-1 2.43096E-1 1.5364E-1 1.00555E-1 1.95287E-1 4.46967E-1 4.62888E-1 5.17136E-1 4.62488E-1 6.30856E-1 4.76844E-1 5.54911E-1 7.37004E-1 6.81269E-1 7.13669E-1 7.38716E-1 6.98082E-1 6.43314E-1 6.58732E-1 6.49203E-1 6.09566E-1 6.29428E-1 5.36509E-1 5.40025E-1 6.51284E-1 6.82327E-1 6.68364E-1 7.55947E-1 8.92544E-1 9.50069E-1 9.43714E-1 9.64769E-1 9.65332E-1 -9999 -9999 -9999 -9999 -9999 -9999 -9999 -9999 -9999 -9999 -9999 -9999 -9999 -9999 -9999 -9999 -9999 -9999 -9999 -9999 -9999 -9999 -9999 -9999 -9999 -9999 -9999 -9999 9.70423E-1
4.8576E-1 5.52309E-1 5.06725E-1 3.62276E-1 5.00159E-1 4.87975E-1 3.21468E-1 3.95394E-1 5.49835E-1 5.47321E-1 5.63886E-1 3.89445E-1 2.27165E-1 1.32582E-1 1.40966E-1 2.25103E-1 3.76165E-1 4.7372E-1 5.14867E-1 5.10798E-1 3.10134E-1 3.74395E-1 6.4723E-1 7.0715E-1 7.18054E-1 7.50351E-1 7.59192E-1 7.29742E-1 6.44378E-1 6.36125E-1 5.54685E-1 6.08137E-1 5.50078E-1 5.34111E-1 5.50324E-1 5.88495E-1 7.06946E-1 8.58559E-1 8.88668E-1 9.41055E-1 9.63991E-1 9.53278E-1 -9999 -9999 -9999 -9999 -9999 -9999 -9999 -9999 -9999 -9999 -9999 -9999 -9999 -9999 -9999 -9999 -9999 -9999 -9999 -9999 -9999 -9999 -9999 -9999 -9999 -9999 -9999 -9999 -9999 -9999
5.03819E-1 3.9155E-1 2.80671E-1 2.01739E-1 2.76159E-1 3.95861E-1 2.75336E-1 2.40961E-1 4.37432E-1 5.71625E-1 5.00728E-1 5.12457E-1 4.01373E-1 2.30932E-1 2.16839E-1 2.14574E-1 1.91669E-1 3.02865E-1 3.45639E-1 4.44241E-1 4.70283E-1 4.33691E-1 5.84624E-1 7.34911E-1 7.64131E-1 7.78064E-1 8.29647E-1 7.95307E-1 7.81062E-1 7.39111E-1 6.25717E-1 6.71267E-1 6.15992E-1 5.81354E-1 5.6454E-1 6.16453E-1 7.91654E-1 6.91497E-1 6.93404E-1 8.7044E-1 9.50886E-1 9.35398E-1 -9999 -9999 -9999 -9999 -9999 -9999 -9999 -9999 -9999 -9999 -9999 -9999 -9999 -9999 -9999 -9999 -9999 -9999 -9999 -9999 -9999 -9999 -9999 -9999 -9999 -9999 -9999 -9999 -9999 -9999
3.89367E-1 3.40783E-1 3.20928E-1 2.86229E-1 2.45649E-1 2.28746E-1 2.14287E-1 3.05766E-1 5.20034E-1 4.82679E-1 5.10838E-1 4.80363E-1 5.4718E-1 4.10422E-1 3.4471E-1 3.36863E-1 2.95398E-1 2.24245E-1 2.17483E-1 4.44034E-1 5.88277E-1 6.4182E-1 5.66686E-1 6.48543E-1 7.47987E-1 7.02208E-1 7.78999E-1 7.6365E-1 7.25022E-1 7.65593E-1 7.324E-1 7.45087E-1 7.69773E-1 7.26587E-1 5.53613E-1 5.91709E-1 5.96781E-1 4.60169E-1 5.76255E-1 8.68129E-1 8.79952E-1 8.46778E-1 8.31868E-1 7.56491E-1 7.98152E-1 7.71119E-1 7.40705E-1 7.98213E-1 -9999 -9999 -9999 -9999 -9999 -9999 -9999 -9999 -9999 -9999 -9999 -9999 -9999 -9999 -9999 -9999 -9999 -9999 -9999 -9999 -9999 -9999 -9999 -9999
2.77896E-1 3.54867E-1 2.97574E-1 4.07549E-1 2.92489E-1 1.67392E-1 1.59478E-1 4.11408E-1 3.79289E-1 3.52518E-1 4.95004E-1 4.18585E-1 5.38476E-1 4.63622E-1 2.8195E-1 3.40709E-1 3.27662E-1 1.91453E-1 2.68323E-1 4.5761E-1 5.6523E-1 5.92184E-1 5.45011E-1 6.90649E-1 5.24406E-1 4.86511E-1 5.90241E-1 6.26057E-1 7.07526E-1 8.21943E-1 7.9939E-1 7.81093E-1 7.5349E-1 6.10087E-1 4.50048E-1 4.067E-1 4.71472E-1 3.97185E-1 6.08843E-1 7.80135E-1 7.52024E-1 6.8482E-1 6.63822E-1 6.59303E-1 7.03743E-1 6.74936E-1 5.88813E-1 6.05772E-1 7.82083E-1 7.98664E-1 8.29177E-1 -9999 -9999 -9999 -9999 -9999 -9999 -9999 -9999 -9999 -9999 -9999 -9999 -9999 -9999 -9999 -9999 -9999 -9999 -9999 -9999 -9999
2.21612E-1 2.96953E-1 2.05285E-1 3.63229E-1 3.4752E-1 2.2665E-1 1.5696E-1 2.20072E-1 2.294E-1 2.87174E-1 3.62784E-1 3.40381E-1 5.0188E-1 4.95477E-1 3.95812E-1 2.56963E-1 3.99101E-1 2.10064E-1 2.13462E-1 3.56701E-1 4.70639E-1 4.93787E-1 3.64059E-1 3.37318E-1 4.35225E-1 3.14869E-1 4.22147E-1 4.71233E-1 4.81281E-1 7.19327E-1 8.46189E-1 7.78487E-1 7.38619E-1 6.42751E-1 5.86264E-1 4.8871E-1 3.99917E-1 3.54257E-1 5.76208E-1 7.28948E-1 7.03549E-1 6.23728E-1 6.16558E-1 4.74412E-1 5.44419E-1 5.08327E-1 4.77183E-1 4.51497E-1 5.86115E-1 5.39803E-1 6.44308E-1 7.40768E-1 8.30148E-1 7.50877E-1 8.18649E-1 7.90662E-1 8.28193E-1 -9999 -9999 -9999 -9999 -9999 -9999 -9999 -9999 -9999 -9999 -9999 -9999 -9999 -9999 -9999
1.57971E-1 2.34982E-1 1.86334E-1 2.93661E-1 3.20042E-1 2.225E-1 1.82784E-1 1.47697E-1 1.9476E-1 1.97317E-1 3.0164E-1 3.24521E-1 4.65797E-1 4.25429E-1 3.85508E-1 2.49667E-1 2.88001E-1 3.22523E-1 2.24377E-1 3.64089E-1 3.20141E-1 2.90725E-1 3.91914E-1 1.98333E-1 2.71697E-1 3.70501E-1 3.11143E-1 3.50877E-1 4.79837E-1 6.72678E-1 8.16187E-1 8.06526E-1 7.5256E-1 6.76676E-1 6.41746E-1 4.99782E-1 4.62496E-1 4.73945E-1 4.49821E-1 7.01314E-1 5.32073E-1 4.71398E-1 4.67266E-1 3.01183E-1 3.75163E-1 3.96526E-1 3.8485E-1 3.80991E-1 3.66886E-1 3.91845E-1 4.78404E-1 6.26708E-1 6.57431E-1 7.06513E-1 6.87626E-1 6.47291E-1 7.53543E-1 7.55528E-1 7.80548E-1 8.64524E-1 -9999 -9999 -9999 -9999 -9999 -9999 -9999 -9999 -9999 -9999 -9999 -9999
