Artocarpus altilis SDM files/Last interglacial/results (without the bias file)/Artalt_6.asc
ncols         1201
nrows         481
xllcorner     119.99986351115
yllcorner     -15.00013864885
cellsize      0.041666667
NODATA_value  -9999
[rows 192 to 223 of 481, columns 288 to 359 of 1201]
-9999 8.58649E-1 8.39262E-1 8.33327E-1 8.31044E-1 8.15627E-1 8.13655E-1 8.21582E-1 8.02426E-1 7.27421E-1 6.15636E-1 3.17313E-1 2.08615E-1 2.61127E-1 4.48652E-1 5.5179E-1 6.25546E-1 6.61571E-1 6.99943E-1 5.37236E-1 2.80143E-1 2.1244E-1 2.08352E-1 2.33787E-1 2.50865E-1 2.7886E-1 2.89322E-1 3.12955E-1 3.4255E-1 2.47368E-1 2.75272E-1 2.62768E-1 3.41807E-1 3.76923E-1 4.86084E-1 4.44493E-1 6.18576E-1 7.15721E-1 5.91316E-1 4.61225E-1 4.56266E-1 4.55073E-1 6.18472E-1 5.08215E-1 6.81828E-1 5.42617E-1 4.29403E-1 5.52125E-1 6.62423E-1 5.85196E-1 4.65823E-1 3.67202E-1 2.52908E-1 4.95828E-1 5.19272E-1 4.64011E-1 3.59943E-1 4.55369E-1 2.85058E-1 4.69182E-1 5.25283E-1 5.85594E-1 4.29425E-1 5.14284E-1 6.3019E-1 6.36908E-1 5.80523E-1 5.23201E-1 5.23898E-1 -9999 -9999 -9999
-9999 -9999 -9999 -9999 -9999 -9999 8.1934E-1 8.04863E-1 8.10879E-1 8.19358E-1 7.8617E-1 6.62843E-1 5.24832E-1 3.66687E-1 3.61405E-1 5.33921E-1 5.59824E-1 6.11885E-1 7.02859E-1 5.03472E-1 2.8847E-1 2.48858E-1 2.12976E-1 1.76598E-1 1.95335E-1 2.45249E-1 2.9012E-1 2.21626E-1 1.67283E-1 2.22529E-1 2.71609E-1 3.33925E-1 4.38969E-1 3.82046E-1 4.96403E-1 4.99412E-1 6.13625E-1 6.95777E-1 5.42462E-1 4.86235E-1 3.48227E-1 4.12574E-1 4.54523E-1 5.99115E-1 5.80005E-1 5.04559E-1 4.31793E-1 5.51121E-1 6.37186E-1 6.28179E-1 5.0482E-1 4.11261E-1 3.31991E-1 3.29021E-1 5.115E-1 3.77212E-1 2.44474E-1 1.80918E-1 3.98035E-1 4.76278E-1 4.64637E-1 5.04742E-1 3.99744E-1 4.69477E-1 6.20168E-1 6.38693E-1 5.49022E-1 5.89045E-1 4.98765E-1 -9999 -9999 -9999
-9999 -9999 -9999 -9999 -9999 -9999 -9999 -9999 -9999 -9999 -9999 7.90721E-1 5.9689E-1 3.33548E-1 4.41729E-1 4.08184E-1 5.45893E-1 6.66208E-1 6.93434E-1 5.50287E-1 3.58669E-1 2.78806E-1 2.13702E-1 2.24646E-1 2.76727E-1 1.91287E-1 1.85714E-1 1.81295E-1 1.97197E-1 1.92333E-1 1.93806E-1 3.02574E-1 3.596E-1 3.92897E-1 4.16612E-1 5.90628E-1 6.39827E-1 5.08797E-1 4.27236E-1 4.19721E-1 3.6276E-1 4.19513E-1 6.17845E-1 5.76846E-1 5.15695E-1 5.35402E-1 5.36367E-1 5.38065E-1 4.24195E-1 6.0791E-1 4.63675E-1 2.98643E-1 2.92313E-1 3.03297E-1 3.34682E-1 2.60261E-1 2.88426E-1 2.96902E-1 3.77054E-1 3.92072E-1 6.0157E-1 5.16498E-1 3.79358E-1 3.80476E-1 5.79487E-1 5.90616E-1 4.90059E-1 5.76627E-1 5.37577E-1 -9999 -9999 -9999
-9999 -9999 -9999 -9999 -9999 -9999 -9999 -9999 -9999 -9999 5.56103E-1 5.49026E-1 6.76404E-1 4.34845E-1 3.50888E-1 4.71962E-1 4.63887E-1 5.54313E-1 6.30299E-1 5.55673E-1 3.3275E-1 2.55501E-1 2.23384E-1 2.12138E-1 2.62775E-1 2.01267E-1 2.45E-1 2.66879E-1 2.33339E-1 1.96055E-1 2.172E-1 1.96438E-1 2.37028E-1 2.54877E-1 2.49859E-1 3.71158E-1 4.94975E-1 5.13898E-1 4.52875E-1 4.82139E-1 3.65094E-1 -9999 5.99877E-1 5.11072E-1 6.09796E-1 5.44669E-1 6.18891E-1 5.2091E-1 4.40297E-1 4.09948E-1 4.03463E-1 3.03061E-1 3.32886E-1 2.37068E-1 1.9738E-1 2.95163E-1 3.00603E-1 4.18788E-1 3.173E-1 5.50046E-1 5.96793E-1 4.29493E-1 3.56299E-1 4.05747E-1 5.36435E-1 5.31994E-1 3.26644E-1 3.87109E-1 5.27931E-1 -9999 -9999 -9999
-9999 -9999 -9999 -9999 -9999 -9999 -9999 -9999 -9999 -9999 6.79345E-1 8.10624E-1 8.00752E-1 4.41158E-1 4.68586E-1 6.41529E-1 6.45996E-1 5.51582E-1 6.08923E-1 7.10765E-1 4.18167E-1 2.62241E-1 2.22029E-1 2.19457E-1 2.13737E-1 2.31971E-1 2.29873E-1 2.18829E-1 2.18569E-1 2.33205E-1 2.35048E-1 2.25447E-1 2.18146E-1 2.41144E-1 2.61215E-1 2.53089E-1 3.4281E-1 4.35311E-1 3.46038E-1 4.97038E-1 6.08022E-1 -9999 6.32923E-1 4.01516E-1 5.84135E-1 5.63553E-1 5.72468E-1 3.52251E-1 3.89198E-1 3.66148E-1 4.19526E-1 3.94999E-1 2.75416E-1 1.48475E-1 2.15584E-1 4.56283E-1 5.27324E-1 3.0189E-1 2.93345E-1 4.9183E-1 5.05295E-1 4.33596E-1 3.06499E-1 3.15147E-1 4.63859E-1 5.87669E-1 3.09395E-1 4.02897E-1 6.61691E-1 -9999 -9999 -9999
-9999 -9999 -9999 -9999 -9999 -9999 -9999 -9999 -9999 -9999 -9999 -9999 -9999 4.9547E-1 3.83445E-1 3.34005E-1 2.21336E-1 6.23689E-1 6.2431E-1 7.4023E-1 3.82537E-1 2.59888E-1 2.26984E-1 2.52693E-1 2.18318E-1 2.11466E-1 2.28008E-1 2.23344E-1 2.20243E-1 2.43664E-1 2.40725E-1 2.33188E-1 2.51831E-1 2.48646E-1 2.45893E-1 2.95804E-1 3.20887E-1 3.04858E-1 3.70733E-1 4.66881E-1 6.57897E-1 6.71148E-1 5.25003E-1 3.23178E-1 6.38947E-1 4.19034E-1 3.39517E-1 4.16854E-1 3.79888E-1 3.36515E-1 3.70964E-1 4.40901E-1 1.3705E-1 1.89234E-1 3.37662E-1 4.25677E-1 5.53379E-1 4.77709E-1 3.46215E-1 4.61431E-1 4.19038E-1 3.53253E-1 3.83591E-1 2.70988E-1 3.49215E-1 5.51892E-1 4.29788E-1 5.64654E-1 5.83113E-1 -9999 -9999 -9999
-9999 -9999 -9999 -9999 -9999 -9999 -9999 -9999 -9999 -9999 -9999 -9999 -9999 4.4165E-1 2.75462E-1 2.06229E-1 2.29763E-1 6.58501E-1 6.73783E-1 6.85483E-1 3.7705E-1 2.68614E-1 2.35272E-1 2.58752E-1 2.21517E-1 2.15941E-1 2.33931E-1 2.6557E-1 2.59713E-1 2.849E-1 2.39796E-1 2.3641E-1 2.61039E-1 2.56443E-1 3.1217E-1 3.0523E-1 3.01182E-1 3.26463E-1 2.89204E-1 5.15775E-1 5.49265E-1 5.85521E-1 6.463E-1 4.2815E-1 4.62395E-1 5.07022E-1 2.87288E-1 3.84084E-1 3.83213E-1 4.86621E-1 3.56153E-1 2.12669E-1 1.83723E-1 1.89585E-1 2.54994E-1 3.41135E-1 3.61932E-1 3.67982E-1 4.57657E-1 4.77674E-1 4.38066E-1 3.37116E-1 3.91211E-1 3.89636E-1 3.7371E-1 4.72574E-1 5.85606E-1 5.88251E-1 6.05136E-1 -9999 6.07527E-1 6.29286E-1
-9999 -9999 -9999 -9999 -9999 -9999 -9999 -9999 -9999 -9999 -9999 -9999 -9999 -9999 4.02896E-1 2.5265E-1 1.91874E-1 6.99091E-1 7.61763E-1 4.4459E-1 3.49517E-1 3.03076E-1 2.70753E-1 2.28711E-1 2.28147E-1 2.23129E-1 3.10155E-1 2.64703E-1 2.66097E-1 2.60648E-1 2.43157E-1 2.7529E-1 2.98233E-1 2.71594E-1 2.88154E-1 2.92991E-1 3.11984E-1 3.62134E-1 3.62678E-1 4.47726E-1 3.56022E-1 4.59948E-1 2.97622E-1 3.57705E-1 3.55988E-1 4.45922E-1 2.97898E-1 3.73097E-1 4.11991E-1 3.5549E-1 2.42977E-1 2.30014E-1 2.82311E-1 2.14857E-1 3.00914E-1 4.26205E-1 2.64992E-1 3.29286E-1 5.37551E-1 3.4146E-1 3.04676E-1 4.23612E-1 5.13046E-1 3.23417E-1 3.31181E-1 3.70218E-1 5.31975E-1 5.68305E-1 5.2081E-1 5.88251E-1 5.72662E-1 5.82287E-1
-9999 -9999 -9999 -9999 -9999 -9999 -9999 -9999 -9999 -9999 -9999 -9999 -9999 -9999 -9999 3.13962E-1 3.92379E-1 6.79456E-1 5.92594E-1 3.00416E-1 2.2432E-1 2.45485E-1 2.37653E-1 2.37871E-1 2.59438E-1 2.51286E-1 2.74449E-1 2.74781E-1 2.65062E-1 2.67966E-1 2.88855E-1 2.83554E-1 3.06038E-1 3.11675E-1 2.98791E-1 3.21246E-1 3.86703E-1 3.45918E-1 3.68239E-1 3.69971E-1 4.04638E-1 2.77919E-1 4.01452E-1 4.61742E-1 3.63491E-1 4.16922E-1 3.12982E-1 2.27455E-1 4.31323E-1 2.93354E-1 2.23087E-1 2.48958E-1 2.40365E-1 4.31171E-1 4.20689E-1 4.2019E-1 2.53006E-1 2.35457E-1 4.60616E-1 2.86557E-1 3.29754E-1 4.05553E-1 2.15254E-1 2.19925E-1 2.66329E-1 2.98313E-1 4.39908E-1 5.47828E-1 4.42277E-1 4.819E-1 4.64311E-1 6.07846E-1
-9999 -9999 -9999 -9999 -9999 -9999 -9999 -9999 -9999 -9999 -9999 -9999 -9999 -9999 -9999 -9999 6.46357E-1 8.03059E-1 4.17247E-1 2.34566E-1 2.25849E-1 2.52666E-1 2.43126E-1 2.70885E-1 2.65897E-1 2.59836E-1 2.82861E-1 2.82959E-1 2.71113E-1 2.7477E-1 3.02327E-1 3.24701E-1 3.17702E-1 3.1037E-1 3.06087E-1 3.03591E-1 3.20675E-1 4.2332E-1 3.69306E-1 3.74121E-1 4.2291E-1 3.44824E-1 4.05448E-1 5.57543E-1 3.27843E-1 2.26334E-1 2.7383E-1 3.10493E-1 2.3006E-1 1.93852E-1 2.36855E-1 3.36147E-1 5.98725E-1 5.01244E-1 3.71234E-1 4.41838E-1 3.66975E-1 5.35068E-1 5.23798E-1 3.12388E-1 1.94381E-1 1.64307E-1 2.24292E-1 1.80833E-1 2.84748E-1 2.86261E-1 2.97816E-1 3.90864E-1 4.32146E-1 3.50421E-1 2.55039E-1 4.23603E-1
-9999 -9999 -9999 -9999 -9999 -9999 -9999 -9999 -9999 -9999 -9999 -9999 -9999 -9999 3.07725E-1 2.39899E-1 -9999 2.81756E-1 4.45003E-1 2.42407E-1 2.32698E-1 2.5382E-1 2.45405E-1 2.75582E-1 2.33146E-1 3.01883E-1 2.88142E-1 2.82539E-1 2.85548E-1 2.72561E-1 2.97559E-1 3.27619E-1 3.13565E-1 3.54749E-1 3.10339E-1 3.3948E-1 3.30669E-1 3.14553E-1 3.58765E-1 3.44916E-1 5.01692E-1 3.35172E-1 2.68507E-1 4.64705E-1 3.44819E-1 2.26767E-1 1.99393E-1 1.78584E-1 2.75959E-1 1.83315E-1 2.69406E-1 5.25839E-1 4.01856E-1 2.89629E-1 3.45677E-1 3.83314E-1 2.63904E-1 3.42254E-1 3.38804E-1 3.13176E-1 1.87849E-1 2.1719E-1 2.63079E-1 2.35333E-1 3.25826E-1 3.3395E-1 1.66372E-1 2.70047E-1 2.25735E-1 3.79636E-1 4.12005E-1 4.21443E-1
-9999 -9999 -9999 -9999 -9999 -9999 -9999 -9999 -9999 -9999 -9999 -9999 -9999 -9999 3.0687E-1 2.78838E-1 3.99487E-1 4.11271E-1 -9999 2.45578E-1 2.35115E-1 2.59125E-1 2.8859E-1 2.82578E-1 2.79249E-1 3.08765E-1 2.62041E-1 2.96343E-1 2.85177E-1 3.132E-1 3.0728E-1 2.98767E-1 3.22723E-1 3.21829E-1 3.58927E-1 3.56563E-1 3.8756E-1 3.35223E-1 3.63269E-1 6.46378E-1 7.09235E-1 3.92876E-1 2.10804E-1 2.73605E-1 3.13564E-1 2.01337E-1 2.30811E-1 1.77693E-1 3.42524E-1 2.72968E-1 4.33272E-1 5.03195E-1 4.23567E-1 3.23653E-1 3.2629E-1 3.42339E-1 3.39838E-1 3.40882E-1 3.30439E-1 2.01746E-1 2.12575E-1 2.8354E-1 3.26426E-1 2.88283E-1 4.53676E-1 3.48533E-1 1.42352E-1 2.67863E-1 2.47902E-1 3.44958E-1 4.00189E-1 3.78908E-1
-9999 -9999 -9999 -9999 -9999 -9999 -9999 -9999 -9999 -9999 -9999 -9999 -9999 -9999 -9999 3.01955E-1 2.43974E-1 6.03835E-1 -9999 3.26037E-1 4.03851E-1 2.80173E-1 2.95505E-1 3.2038E-1 3.5263E-1 3.41093E-1 3.02864E-1 2.95875E-1 3.64601E-1 3.25906E-1 3.2438E-1 3.51549E-1 3.35773E-1 3.23702E-1 3.63935E-1 3.56285E-1 3.94506E-1 3.94927E-1 -9999 5.9784E-1 4.49145E-1 5.79198E-1 2.38793E-1 2.34443E-1 3.32406E-1 2.34306E-1 4.2053E-1 3.06301E-1 3.66944E-1 4.6694E-1 3.45018E-1 4.87419E-1 4.15702E-1 3.04467E-1 1.49685E-1 1.38881E-1 1.65028E-1 9.66181E-2 1.48829E-1 2.34455E-1 2.62195E-1 2.21684E-1 2.32596E-1 3.56019E-1 4.7482E-1 3.44952E-1 2.0964E-1 2.4421E-1 2.68289E-1 1.83704E-1 2.39905E-1 3.80229E-1
-9999 -9999 -9999 -9999 -9999 -9999 -9999 -9999 -9999 -9999 -9999 -9999 -9999 -9999 -9999 2.47119E-1 4.18547E-1 6.7181E-1 -9999 -9999 2.89602E-1 2.77478E-1 2.71149E-1 3.00206E-1 4.10691E-1 4.11912E-1 3.58242E-1 3.0162E-1 3.77973E-1 3.78107E-1 3.63207E-1 3.94576E-1 3.52255E-1 3.85762E-1 3.73012E-1 3.69206E-1 3.57856E-1 3.9276E-1 3.79244E-1 5.94678E-1 4.6194E-1 2.57347E-1 3.24336E-1 2.35219E-1 3.66122E-1 3.25959E-1 3.9626E-1 4.00984E-1 4.9172E-1 5.58487E-1 4.23593E-1 3.69209E-1 1.7873E-1 1.57079E-1 1.29785E-1 1.58013E-1 1.9545E-1 1.67256E-1 1.80928E-1 1.89651E-1 2.91812E-1 2.71547E-1 2.95257E-1 5.19121E-1 4.8279E-1 4.63491E-1 1.06647E-1 2.02773E-1 2.86064E-1 2.34535E-1 1.96938E-1 3.74297E-1
-9999 -9999 -9999 -9999 -9999 -9999 -9999 -9999 -9999 -9999 -9999 -9999 -9999 -9999 -9999 -9999 -9999 -9999 -9999 -9999 -9999 4.47881E-1 4.40725E-1 3.40754E-1 3.32152E-1 3.27034E-1 3.64757E-1 3.53086E-1 3.53189E-1 3.76119E-1 3.74525E-1 3.63794E-1 3.98129E-1 3.93192E-1 3.89677E-1 4.16399E-1 4.08224E-1 3.98354E-1 4.01939E-1 -9999 6.13801E-1 2.80507E-1 3.29998E-1 3.32104E-1 2.96712E-1 5.46744E-1 3.06738E-1 2.79134E-1 3.99063E-1 4.11604E-1 3.95253E-1 4.26147E-1 2.4469E-1 2.70025E-1 1.49831E-1 2.16458E-1 3.10615E-1 2.23878E-1 1.81241E-1 2.08258E-1 2.67935E-1 4.63118E-1 4.29939E-1 5.48415E-1 3.52888E-1 2.82482E-1 1.30597E-1 2.31697E-1 1.96941E-1 2.25098E-1 3.5174E-1 3.18035E-1
-9999 -9999 -9999 -9999 -9999 -9999 -9999 -9999 -9999 -9999 -9999 -9999 -9999 -9999 -9999 -9999 -9999 -9999 -9999 -9999 5.90467E-1 5.94826E-1 4.33758E-1 3.39387E-1 3.38282E-1 3.32107E-1 3.67678E-1 3.72396E-1 3.65172E-1 3.88647E-1 4.1947E-1 3.63276E-1 4.16259E-1 4.05788E-1 4.00816E-1 4.33039E-1 4.18056E-1 4.24918E-1 -9999 -9999 5.18635E-1 4.86363E-1 3.41228E-1 3.71099E-1 3.61998E-1 3.37773E-1 4.65722E-1 3.54467E-1 4.77645E-1 3.60109E-1 3.05759E-1 3.73635E-1 2.29928E-1 3.42755E-1 2.38684E-1 2.33455E-1 4.17523E-1 3.29911E-1 3.19385E-1 2.63266E-1 1.51774E-1 3.4794E-1 3.47794E-1 4.56811E-1 3.01184E-1 3.33841E-1 2.14923E-1 4.33248E-1 2.87752E-1 1.86176E-1 3.22205E-1 2.69601E-1
-9999 -9999 -9999 -9999 -9999 -9999 -9999 -9999 -9999 -9999 -9999 -9999 -9999 -9999 -9999 -9999 -9999 8.22882E-1 7.55503E-1 8.19732E-1 8.1157E-1 8.017E-1 7.2857E-1 3.87975E-1 3.47831E-1 3.88797E-1 3.8117E-1 3.70048E-1 4.15219E-1 4.93365E-1 4.26394E-1 4.26394E-1 4.21559E-1 4.0609E-1 4.0087E-1 4.53622E-1 -9999 -9999 -9999 -9999 4.27252E-1 4.26487E-1 3.61274E-1 4.04443E-1 3.24386E-1 2.69007E-1 4.20357E-1 4.58917E-1 3.9549E-1 4.68807E-1 2.98072E-1 2.02994E-1 1.77869E-1 2.74792E-1 3.0897E-1 3.52472E-1 3.67886E-1 3.23807E-1 1.95316E-1 1.99628E-1 1.70073E-1 2.47723E-1 1.21545E-1 1.59407E-1 2.74725E-1 2.35101E-1 1.92217E-1 3.18995E-1 2.91831E-1 3.36338E-1 2.77666E-1 4.72124E-1
-9999 -9999 -9999 -9999 -9999 -9999 -9999 -9999 -9999 -9999 -9999 -9999 -9999 -9999 -9999 -9999 -9999 8.07136E-1 3.10278E-1 5.90204E-1 7.68395E-1 7.25115E-1 7.15744E-1 7.59258E-1 4.68803E-1 4.25466E-1 4.28898E-1 4.25032E-1 4.17035E-1 4.58229E-1 4.35748E-1 4.38597E-1 4.3091E-1 4.74154E-1 4.60029E-1 4.57188E-1 -9999 -9999 -9999 -9999 4.48698E-1 4.14721E-1 4.68897E-1 3.83756E-1 -9999 4.18971E-1 3.88113E-1 2.67346E-1 4.34832E-1 4.06223E-1 2.82195E-1 1.68793E-1 2.97608E-1 2.27136E-1 3.49101E-1 4.54725E-1 4.51586E-1 3.07308E-1 1.61322E-1 2.10634E-1 2.03724E-1 1.80357E-1 1.53433E-1 1.69705E-1 1.27226E-1 1.59731E-1 1.82835E-1 2.88698E-1 4.4633E-1 4.90049E-1 6.34124E-1 7.37915E-1
-9999 -9999 -9999 -9999 -9999 -9999 -9999 -9999 -9999 -9999 -9999 -9999 -9999 -9999 -9999 -9999 -9999 7.63026E-1 5.89883E-1 3.69104E-1 7.08937E-1 6.81807E-1 6.26295E-1 6.68405E-1 3.85016E-1 5.58682E-1 4.3303E-1 4.23672E-1 4.2564E-1 4.14581E-1 4.54069E-1 4.46835E-1 4.86785E-1 5.29068E-1 -9999 -9999 -9999 -9999 -9999 -9999 -9999 -9999 -9999 4.05782E-1 5.98894E-1 5.97069E-1 5.77337E-1 5.03778E-1 3.55153E-1 2.09745E-1 2.41292E-1 2.19943E-1 2.5223E-1 3.48495E-1 4.48118E-1 3.97611E-1 3.20359E-1 2.9415E-1 2.4396E-1 2.63739E-1 1.8297E-1 1.18726E-1 2.04031E-1 2.30557E-1 3.04695E-1 2.43393E-1 2.0356E-1 2.18707E-1 3.639E-1 3.37883E-1 3.35039E-1 5.10954E-1
-9999 -9999 -9999 -9999 -9999 -9999 -9999 -9999 -9999 -9999 -9999 -9999 -9999 -9999 -9999 -9999 -9999 6.99878E-1 8.10913E-1 6.2253E-1 5.92731E-1 5.89264E-1 5.6493E-1 6.33857E-1 4.45268E-1 4.15647E-1 4.47236E-1 4.3169E-1 4.16738E-1 4.21433E-1 4.58929E-1 4.55519E-1 4.88793E-1 4.94045E-1 -9999 -9999 -9999 -9999 -9999 -9999 -9999 -9999 -9999 -9999 6.28806E-1 4.78752E-1 5.51207E-1 5.00572E-1 2.41963E-1 2.66911E-1 3.79116E-1 3.44909E-1 3.79214E-1 5.00029E-1 4.9444E-1 4.10608E-1 3.49009E-1 3.24338E-1 2.44384E-1 2.0073E-1 1.32901E-1 1.85943E-1 1.89855E-1 2.25538E-1 3.08741E-1 2.98928E-1 1.94782E-1 3.81008E-1 5.82186E-1 4.16528E-1 3.2808E-1 3.03042E-1
-9999 -9999 -9999 -9999 -9999 -9999 -9999 -9999 -9999 -9999 -9999 -9999 -9999 -9999 -9999 -9999 -9999 -9999 8.72861E-1 6.50572E-1 5.30651E-1 5.15062E-1 4.99904E-1 4.34897E-1 4.34901E-1 3.43309E-1 4.53599E-1 6.02413E-1 4.66298E-1 4.71369E-1 4.7765E-1 4.55785E-1 5.03747E-1 4.89203E-1 4.91233E-1 -9999 -9999 -9999 -9999 -9999 -9999 -9999 -9999 -9999 -9999 4.40707E-1 3.75749E-1 2.8077E-1 3.50582E-1 3.39613E-1 3.3956E-1 -9999 4.59152E-1 3.97484E-1 2.86518E-1 1.48773E-1 1.51972E-1 1.12446E-1 2.00171E-1 2.3721E-1 2.47869E-1 2.22243E-1 1.71652E-1 2.01675E-1 1.3871E-1 2.5614E-1 3.37335E-1 5.5763E-1 5.07823E-1 3.72336E-1 3.22067E-1 2.72155E-1
-9999 -9999 -9999 -9999 -9999 -9999 -9999 -9999 -9999 -9999 -9999 -9999 -9999 -9999 -9999 -9999 -9999 -9999 7.11855E-1 7.4631E-1 5.53418E-1 4.88485E-1 4.51701E-1 2.48844E-1 2.79171E-1 3.82859E-1 5.56103E-1 6.54196E-1 4.71126E-1 4.75779E-1 4.77375E-1 4.75759E-1 4.99378E-1 5.06621E-1 5.54569E-1 -9999 -9999 -9999 -9999 -9999 -9999 -9999 -9999 -9999 -9999 4.12156E-1 3.70408E-1 3.75917E-1 3.61249E-1 3.64843E-1 -9999 5.24951E-1 4.03241E-1 1.80185E-1 1.72007E-1 2.23495E-1 2.9467E-1 5.21541E-1 2.6597E-1 2.16827E-1 2.18393E-1 2.23116E-1 1.98245E-1 3.61773E-1 2.9338E-1 1.68585E-1 1.49319E-1 3.99327E-1 3.45585E-1 3.62539E-1 1.5984E-1 3.37611E-1
-9999 -9999 -9999 -9999 -9999 -9999 -9999 -9999 -9999 -9999 -9999 -9999 -9999 -9999 -9999 -9999 -9999 -9999 5.81219E-1 8.64264E-1 6.57536E-1 2.07402E-1 2.21157E-1 2.348E-1 2.2366E-1 2.832E-1 3.20644E-1 4.79562E-1 6.18458E-1 5.45346E-1 4.91998E-1 5.3591E-1 5.25059E-1 5.14956E-1 5.68176E-1 -9999 -9999 -9999 -9999 -9999 -9999 -9999 -9999 -9999 -9999 -9999 3.92864E-1 -9999 -9999 -9999 4.37616E-1 3.18383E-1 4.54261E-1 1.67344E-1 2.2393E-1 3.50142E-1 3.40486E-1 3.65242E-1 3.06635E-1 4.07182E-1 4.21925E-1 3.01806E-1 2.97338E-1 2.6451E-1 1.06524E-1 2.74924E-1 2.36759E-1 1.26867E-1 1.2127E-1 8.7747E-2 1.04194E-1 1.2622E-1
-9999 -9999 -9999 -9999 -9999 -9999 -9999 -9999 -9999 -9999 -9999 -9999 -9999 -9999 -9999 -9999 -9999 -9999 5.18575E-1 7.72412E-1 7.73228E-1 5.95695E-1 4.45994E-1 3.49183E-1 2.23331E-1 3.8126E-1 3.28834E-1 4.21403E-1 5.09531E-1 6.45004E-1 5.44459E-1 5.42007E-1 5.30355E-1 5.27985E-1 -9999 -9999 -9999 -9999 -9999 -9999 -9999 -9999 -9999 -9999 -9999 -9999 -9999 -9999 -9999 5.42511E-1 4.4464E-1 2.92306E-1 2.56446E-1 2.29636E-1 3.41489E-1 3.52406E-1 3.6334E-1 2.18382E-1 3.04213E-1 5.91292E-1 4.00201E-1 1.15315E-1 1.69482E-1 2.08971E-1 2.46267E-1 2.46447E-1 2.03705E-1 1.80111E-1 1.60479E-1 2.40445E-1 1.88019E-1 2.01233E-1
-9999 -9999 -9999 -9999 -9999 -9999 -9999 -9999 -9999 -9999 -9999 -9999 -9999 -9999 -9999 -9999 -9999 -9999 5.11173E-1 6.25634E-1 8.18298E-1 6.61365E-1 3.54747E-1 2.64777E-1 2.82297E-1 2.25583E-1 2.9923E-1 3.07234E-1 6.21096E-1 7.78642E-1 5.96918E-1 5.51734E-1 6.0131E-1 -9999 -9999 -9999 6.27745E-1 -9999 -9999 -9999 -9999 -9999 -9999 -9999 -9999 -9999 -9999 -9999 -9999 -9999 2.78618E-1 3.47604E-1 2.94403E-1 2.41534E-1 2.31432E-1 3.01437E-1 2.4837E-1 3.01521E-1 2.7871E-1 4.73838E-1 2.79805E-1 1.77942E-1 2.63618E-1 2.11109E-1 2.32298E-1 1.97251E-1 2.01261E-1 1.92776E-1 2.27448E-1 3.70709E-1 2.09227E-1 1.76953E-1
-9999 -9999 -9999 -9999 -9999 -9999 -9999 -9999 -9999 -9999 -9999 -9999 -9999 -9999 -9999 -9999 -9999 -9999 -9999 5.41095E-1 5.23495E-1 4.15204E-1 3.40292E-1 4.95979E-1 6.27431E-1 6.11335E-1 4.02447E-1 4.57749E-1 5.97176E-1 7.57709E-1 7.55876E-1 5.95907E-1 -9999 -9999 6.35868E-1 6.36053E-1 6.30316E-1 -9999 -9999 -9999 -9999 -9999 -9999 -9999 -9999 -9999 -9999 -9999 -9999 -9999 -9999 -9999 2.99972E-1 2.95016E-1 2.83341E-1 2.1267E-1 2.5282E-1 3.15405E-1 2.15609E-1 3.52561E-1 2.57302E-1 1.91902E-1 1.87852E-1 2.0963E-1 2.06846E-1 2.06259E-1 2.33499E-1 2.34993E-1 2.8965E-1 1.69024E-1 1.72281E-1 2.23003E-1
-9999 -9999 -9999 -9999 -9999 -9999 -9999 -9999 -9999 -9999 -9999 -9999 -9999 -9999 -9999 -9999 -9999 -9999 -9999 -9999 -9999 7.19417E-1 6.11051E-1 4.7894E-1 7.89535E-1 8.37636E-1 8.00183E-1 7.43007E-1 7.32588E-1 7.79042E-1 7.95509E-1 -9999 -9999 -9999 -9999 -9999 -9999 -9999 -9999 -9999 -9999 -9999 -9999 -9999 -9999 -9999 -9999 -9999 -9999 -9999 -9999 -9999 -9999 -9999 -9999 -9999 -9999 -9999 -9999 -9999 -9999 -9999 2.17852E-1 2.44733E-1 2.78158E-1 2.66831E-1 2.34826E-1 2.01826E-1 2.13958E-1 1.99705E-1 2.53254E-1 2.37454E-1
-9999 -9999 -9999 -9999 -9999 -9999 -9999 -9999 -9999 -9999 -9999 -9999 -9999 -9999 -9999 -9999 -9999 -9999 -9999 -9999 -9999 6.0289E-1 5.51282E-1 5.42405E-1 7.02128E-1 -9999 -9999 -9999 -9999 -9999 -9999 7.33999E-1 7.11328E-1 -9999 -9999 -9999 -9999 -9999 -9999 -9999 -9999 -9999 -9999 -9999 -9999 -9999 -9999 -9999 -9999 -9999 -9999 -9999 -9999 -9999 -9999 -9999 -9999 -9999 -9999 -9999 -9999 -9999 2.54889E-1 2.77884E-1 2.48932E-1 2.41196E-1 2.35813E-1 2.39429E-1 2.68676E-1 3.05304E-1 5.05133E-1 4.38073E-1
-9999 -9999 -9999 -9999 -9999 -9999 -9999 -9999 -9999 -9999 -9999 -9999 -9999 -9999 -9999 -9999 -9999 -9999 -9999 -9999 -9999 -9999 -9999 -9999 -9999 -9999 -9999 -9999 -9999 -9999 -9999 7.34269E-1 6.57402E-1 7.77968E-1 -9999 -9999 -9999 -9999 -9999 -9999 -9999 -9999 -9999 -9999 -9999 -9999 -9999 -9999 -9999 -9999 -9999 -9999 -9999 -9999 -9999 -9999 -9999 -9999 -9999 -9999 -9999 -9999 -9999 2.2165E-1 2.16333E-1 2.80488E-1 2.78668E-1 2.75208E-1 3.55115E-1 4.22907E-1 5.7165E-1 4.5726E-1
-9999 -9999 -9999 -9999 -9999 -9999 -9999 -9999 -9999 -9999 -9999 -9999 -9999 -9999 -9999 -9999 -9999 -9999 -9999 -9999 -9999 -9999 -9999 -9999 -9999 -9999 -9999 -9999 -9999 -9999 -9999 7.38966E-1 6.79227E-1 7.33975E-1 7.61383E-1 8.38452E-1 -9999 -9999 -9999 -9999 -9999 -9999 -9999 -9999 -9999 -9999 -9999 -9999 -9999 -9999 -9999 -9999 -9999 -9999 -9999 -9999 -9999 -9999 -9999 -9999 -9999 -9999 -9999 -9999 -9999 2.58506E-1 2.1924E-1 3.30477E-1 4.96139E-1 5.40417E-1 4.98523E-1 4.94193E-1
-9999 -9999 -9999 -9999 -9999 -9999 -9999 -9999 -9999 -9999 -9999 -9999 -9999 -9999 -9999 -9999 -9999 -9999 -9999 -9999 -9999 -9999 -9999 -9999 -9999 -9999 -9999 -9999 -9999 -9999 -9999 -9999 -9999 7.3417E-1 7.26708E-1 7.09514E-1 6.18432E-1 6.12419E-1 -9999 -9999 -9999 -9999 -9999 -9999 -9999 -9999 -9999 -9999 -9999 -9999 -9999 -9999 -9999 -9999 -9999 -9999 -9999 -9999 -9999 -9999 -9999 -9999 -9999 -9999 -9999 2.40537E-1 2.33599E-1 3.23794E-1 2.37319E-1 1.62096E-1 1.17332E-1 1.19008E-1
-9999 -9999 -9999 -9999 -9999 -9999 -9999 -9999 -9999 -9999 -9999 -9999 -9999 -9999 -9999 -9999 -9999 -9999 -9999 -9999 -9999 -9999 -9999 -9999 -9999 -9999 -9999 -9999 -9999 -9999 -9999 -9999 -9999 -9999 7.34863E-1 6.84757E-1 6.17364E-1 6.61924E-1 6.69002E-1 -9999 -9999 -9999 -9999 -9999 -9999 -9999 -9999 -9999 -9999 -9999 -9999 -9999 -9999 -9999 -9999 -9999 -9999 -9999 -9999 -9999 -9999 -9999 -9999 -9999 -9999 -9999 -9999 2.44331E-1 3.04638E-1 3.31122E-1 3.83404E-1 5.18415E-1
