Artocarpus altilis SDM files/Last interglacial/results (without the bias file)/Artalt_max.asc
ncols         1201
nrows         481
xllcorner     119.99986351115
yllcorner     -15.00013864885
cellsize      0.041666667
NODATA_value  -9999
[rows 192 to 223 of 481, columns 288 to 359 of 1201]
-9999 8.94375E-1 8.77874E-1 8.78112E-1 8.70655E-1 8.55274E-1 8.54432E-1 8.61259E-1 8.41202E-1 7.58556E-1 6.40981E-1 4.3323E-1 3.38728E-1 4.12425E-1 5.86588E-1 6.10776E-1 6.67276E-1 7.03911E-1 7.47575E-1 6.42467E-1 4.54682E-1 3.97097E-1 4.08882E-1 4.2495E-1 4.32702E-1 4.42557E-1 4.56924E-1 4.66003E-1 4.7503E-1 3.89454E-1 4.22306E-1 4.03974E-1 4.77946E-1 4.97481E-1 5.82495E-1 5.3055E-1 6.60454E-1 7.33232E-1 6.20786E-1 5.17074E-1 5.2376E-1 5.19295E-1 6.32769E-1 5.6234E-1 6.81828E-1 5.42617E-1 4.50856E-1 5.70014E-1 6.79641E-1 6.12277E-1 4.65823E-1 3.75766E-1 3.07212E-1 5.22451E-1 5.45265E-1 4.78352E-1 3.7439E-1 4.78112E-1 3.48535E-1 5.24991E-1 5.68754E-1 6.36312E-1 4.75312E-1 5.83749E-1 6.91078E-1 6.98738E-1 6.46178E-1 5.86245E-1 5.85097E-1 -9999 -9999 -9999
-9999 -9999 -9999 -9999 -9999 -9999 8.51915E-1 8.34606E-1 8.40366E-1 8.56641E-1 8.22007E-1 7.0893E-1 5.9812E-1 4.95976E-1 5.18893E-1 5.9933E-1 6.18904E-1 6.58389E-1 7.56201E-1 6.3937E-1 4.96226E-1 4.59291E-1 4.20003E-1 3.7678E-1 3.88379E-1 4.24156E-1 4.45762E-1 4.07106E-1 3.33012E-1 3.75331E-1 4.22872E-1 4.54702E-1 5.39619E-1 4.82177E-1 5.69777E-1 5.93003E-1 6.39867E-1 7.16198E-1 5.89271E-1 5.40426E-1 4.39489E-1 4.92134E-1 5.15977E-1 6.31955E-1 5.99486E-1 5.04559E-1 4.62179E-1 5.63286E-1 6.39126E-1 6.28179E-1 5.07776E-1 4.15278E-1 3.49501E-1 3.53031E-1 5.37591E-1 4.0069E-1 3.13706E-1 2.54751E-1 4.49521E-1 5.35365E-1 5.18062E-1 5.60719E-1 4.52297E-1 5.35293E-1 6.7351E-1 6.94088E-1 6.10538E-1 6.30989E-1 5.79474E-1 -9999 -9999 -9999
-9999 -9999 -9999 -9999 -9999 -9999 -9999 -9999 -9999 -9999 -9999 8.27661E-1 6.61806E-1 4.59764E-1 5.22963E-1 5.58624E-1 6.12075E-1 7.10644E-1 7.47244E-1 6.53854E-1 5.23797E-1 4.56462E-1 4.00155E-1 3.82899E-1 4.51168E-1 3.75903E-1 3.70411E-1 3.5842E-1 3.70311E-1 3.54235E-1 3.49178E-1 4.42653E-1 4.71842E-1 4.92195E-1 5.05327E-1 6.67225E-1 6.73624E-1 5.4713E-1 5.00877E-1 5.07893E-1 4.5893E-1 5.03573E-1 6.68415E-1 6.07118E-1 5.40984E-1 5.7286E-1 5.61228E-1 5.59289E-1 4.45409E-1 6.16198E-1 4.89329E-1 3.4285E-1 3.08694E-1 3.2378E-1 3.5705E-1 3.17651E-1 3.75583E-1 3.71524E-1 4.01677E-1 4.73365E-1 6.55481E-1 5.63168E-1 4.30258E-1 4.46553E-1 6.38981E-1 6.5107E-1 5.58898E-1 6.14437E-1 6.03433E-1 -9999 -9999 -9999
-9999 -9999 -9999 -9999 -9999 -9999 -9999 -9999 -9999 -9999 6.84594E-1 6.4125E-1 7.42901E-1 5.53329E-1 4.5907E-1 6.1783E-1 6.08339E-1 6.80105E-1 7.35859E-1 6.58773E-1 5.34031E-1 4.38777E-1 4.39267E-1 4.20619E-1 4.55656E-1 3.93576E-1 4.30014E-1 4.37307E-1 3.99972E-1 3.51003E-1 3.80575E-1 3.53137E-1 3.78259E-1 3.95691E-1 3.8704E-1 4.96837E-1 5.64664E-1 5.56756E-1 5.41834E-1 5.63869E-1 4.64495E-1 -9999 6.44958E-1 5.71115E-1 6.11138E-1 5.90777E-1 6.30316E-1 5.37053E-1 4.69916E-1 4.50457E-1 4.39429E-1 3.46646E-1 3.4872E-1 2.65851E-1 2.63752E-1 3.60037E-1 3.85033E-1 4.31199E-1 3.83369E-1 5.89303E-1 6.35243E-1 4.79085E-1 4.06111E-1 4.66093E-1 5.92687E-1 5.65907E-1 3.95105E-1 4.72614E-1 5.92394E-1 -9999 -9999 -9999
-9999 -9999 -9999 -9999 -9999 -9999 -9999 -9999 -9999 -9999 7.62517E-1 8.3433E-1 8.39112E-1 6.10848E-1 5.81176E-1 6.89108E-1 6.80275E-1 6.18582E-1 6.60489E-1 7.52142E-1 5.75446E-1 4.53123E-1 4.15581E-1 4.31212E-1 4.23219E-1 4.03377E-1 4.23123E-1 4.0775E-1 4.04493E-1 4.06644E-1 4.00898E-1 3.8561E-1 3.71453E-1 3.84157E-1 4.03717E-1 3.88362E-1 4.70742E-1 5.16173E-1 4.53616E-1 5.8526E-1 7.02939E-1 -9999 6.74891E-1 4.6861E-1 6.01352E-1 5.92653E-1 6.07002E-1 4.06925E-1 4.3443E-1 4.25737E-1 4.51352E-1 4.27405E-1 2.97584E-1 2.21698E-1 2.92806E-1 4.82223E-1 5.68581E-1 3.58709E-1 3.67343E-1 5.6167E-1 5.49115E-1 4.84862E-1 3.37159E-1 3.42096E-1 5.20844E-1 6.34068E-1 3.99563E-1 4.88875E-1 7.19653E-1 -9999 -9999 -9999
-9999 -9999 -9999 -9999 -9999 -9999 -9999 -9999 -9999 -9999 -9999 -9999 -9999 6.56439E-1 5.77921E-1 5.30044E-1 4.63555E-1 7.27939E-1 6.75676E-1 7.7183E-1 5.50223E-1 4.49862E-1 4.21494E-1 4.68009E-1 4.32049E-1 4.2068E-1 3.94652E-1 4.15261E-1 4.10211E-1 4.24285E-1 4.17173E-1 3.98995E-1 4.09143E-1 3.9789E-1 3.89717E-1 4.29797E-1 4.36983E-1 4.22524E-1 4.87572E-1 5.591E-1 7.02435E-1 7.03763E-1 5.84041E-1 4.05126E-1 6.54916E-1 4.72992E-1 4.07615E-1 4.58359E-1 4.11593E-1 3.7899E-1 4.06104E-1 4.43108E-1 1.99992E-1 2.72113E-1 3.78733E-1 4.54772E-1 5.71402E-1 5.09758E-1 4.07639E-1 4.84896E-1 4.58378E-1 3.99776E-1 4.24655E-1 2.94299E-1 3.97981E-1 6.03951E-1 5.05214E-1 6.44966E-1 6.50314E-1 -9999 -9999 -9999
-9999 -9999 -9999 -9999 -9999 -9999 -9999 -9999 -9999 -9999 -9999 -9999 -9999 5.99386E-1 5.35515E-1 4.04122E-1 4.58536E-1 7.53998E-1 7.29013E-1 7.49081E-1 5.51558E-1 4.54634E-1 4.65829E-1 4.40239E-1 4.13016E-1 4.01932E-1 4.37111E-1 4.6228E-1 4.52288E-1 4.63917E-1 3.9725E-1 3.90337E-1 4.10329E-1 4.1513E-1 4.66799E-1 4.56876E-1 4.2966E-1 4.49371E-1 4.1933E-1 5.99288E-1 6.14251E-1 6.29448E-1 6.79257E-1 5.04376E-1 4.94215E-1 5.52376E-1 3.62273E-1 4.3309E-1 4.20556E-1 5.13207E-1 3.77257E-1 2.78971E-1 2.64301E-1 2.68796E-1 3.1222E-1 3.56324E-1 3.9538E-1 4.28339E-1 5.17007E-1 5.13797E-1 4.8002E-1 3.67199E-1 4.4228E-1 4.22663E-1 4.21829E-1 5.25277E-1 6.26404E-1 6.2995E-1 6.62826E-1 -9999 6.6943E-1 6.78965E-1
-9999 -9999 -9999 -9999 -9999 -9999 -9999 -9999 -9999 -9999 -9999 -9999 -9999 -9999 5.93933E-1 4.53822E-1 3.81963E-1 7.33038E-1 8.16812E-1 6.02202E-1 5.26512E-1 4.93033E-1 4.5909E-1 4.25376E-1 4.2719E-1 4.10354E-1 4.78668E-1 4.45353E-1 4.6547E-1 4.31548E-1 4.03945E-1 4.51828E-1 4.60448E-1 4.4419E-1 4.434E-1 4.42283E-1 4.48987E-1 4.79396E-1 4.79507E-1 5.47222E-1 4.47098E-1 5.46297E-1 4.14262E-1 4.37251E-1 4.24352E-1 5.06803E-1 3.61172E-1 4.16658E-1 4.57594E-1 3.92443E-1 2.97127E-1 3.16263E-1 3.68691E-1 2.96928E-1 3.55899E-1 4.39371E-1 3.00863E-1 4.00141E-1 5.58361E-1 3.92279E-1 3.57648E-1 4.5431E-1 5.55419E-1 3.65753E-1 3.71199E-1 4.28166E-1 5.85508E-1 6.05771E-1 5.70875E-1 6.41752E-1 6.32675E-1 6.72829E-1
-9999 -9999 -9999 -9999 -9999 -9999 -9999 -9999 -9999 -9999 -9999 -9999 -9999 -9999 -9999 5.20087E-1 5.34785E-1 7.21859E-1 6.80728E-1 5.16733E-1 4.5603E-1 4.56806E-1 4.45293E-1 4.4177E-1 4.60948E-1 4.37565E-1 4.58626E-1 4.58124E-1 4.41622E-1 4.38609E-1 4.53237E-1 4.52181E-1 4.65852E-1 4.68306E-1 4.4544E-1 4.64514E-1 5.13814E-1 4.66935E-1 4.72467E-1 4.89672E-1 4.89943E-1 3.6752E-1 5.1567E-1 5.18361E-1 4.45871E-1 4.74562E-1 3.47347E-1 2.97491E-1 4.64707E-1 3.41206E-1 3.17496E-1 3.23627E-1 3.24076E-1 4.53075E-1 4.51929E-1 4.34452E-1 3.02374E-1 3.16207E-1 4.83523E-1 3.26022E-1 3.67182E-1 4.31589E-1 2.85796E-1 3.06803E-1 2.92736E-1 3.43696E-1 4.94536E-1 5.88361E-1 4.73246E-1 5.40014E-1 5.35146E-1 6.70195E-1
-9999 -9999 -9999 -9999 -9999 -9999 -9999 -9999 -9999 -9999 -9999 -9999 -9999 -9999 -9999 -9999 7.48356E-1 8.43723E-1 5.93422E-1 4.82167E-1 4.55575E-1 4.64539E-1 4.496E-1 4.70424E-1 4.55576E-1 4.43963E-1 4.74273E-1 4.72596E-1 4.57822E-1 4.57426E-1 4.82921E-1 4.98145E-1 4.81304E-1 4.74498E-1 4.67945E-1 4.54564E-1 4.63643E-1 5.36247E-1 4.88042E-1 4.92885E-1 5.20033E-1 4.34196E-1 5.2124E-1 6.23156E-1 3.95383E-1 3.1892E-1 3.09154E-1 3.75777E-1 2.98363E-1 2.88987E-1 3.25019E-1 4.13063E-1 6.26699E-1 5.31611E-1 4.15408E-1 4.67187E-1 3.9684E-1 5.55809E-1 5.53618E-1 3.43139E-1 2.55062E-1 2.50589E-1 3.1095E-1 2.7845E-1 3.28616E-1 3.25663E-1 3.44997E-1 4.46032E-1 4.60587E-1 3.86642E-1 3.0088E-1 4.56777E-1
-9999 -9999 -9999 -9999 -9999 -9999 -9999 -9999 -9999 -9999 -9999 -9999 -9999 -9999 5.65462E-1 4.70954E-1 -9999 5.11818E-1 6.25056E-1 4.94349E-1 4.68592E-1 4.72153E-1 4.59544E-1 4.74556E-1 4.29998E-1 4.84496E-1 4.76149E-1 4.72988E-1 4.75101E-1 4.61714E-1 4.81149E-1 5.04968E-1 4.79239E-1 5.19491E-1 4.80065E-1 4.91334E-1 4.81869E-1 4.48071E-1 4.86308E-1 4.61489E-1 5.61938E-1 4.35366E-1 3.81563E-1 5.23217E-1 4.21984E-1 3.2726E-1 2.91233E-1 2.7034E-1 3.57598E-1 2.62069E-1 3.71895E-1 5.51048E-1 4.50607E-1 3.4701E-1 4.05263E-1 4.47105E-1 3.24866E-1 3.97654E-1 3.98027E-1 3.32946E-1 2.79399E-1 3.01936E-1 3.65215E-1 3.21625E-1 3.573E-1 3.66878E-1 2.30642E-1 3.45009E-1 3.35131E-1 4.20073E-1 4.62525E-1 4.57983E-1
-9999 -9999 -9999 -9999 -9999 -9999 -9999 -9999 -9999 -9999 -9999 -9999 -9999 -9999 5.64809E-1 4.9306E-1 5.80261E-1 6.04292E-1 -9999 5.00744E-1 4.73692E-1 4.71491E-1 4.90507E-1 4.87458E-1 4.83846E-1 5.03756E-1 4.62131E-1 4.94054E-1 4.73838E-1 4.99184E-1 4.91102E-1 4.88547E-1 4.91913E-1 4.9612E-1 5.30356E-1 5.22966E-1 5.43079E-1 4.86704E-1 5.00616E-1 7.16766E-1 7.62482E-1 4.85183E-1 3.22646E-1 3.73127E-1 3.84077E-1 3.02156E-1 3.37666E-1 2.74024E-1 4.09592E-1 3.5961E-1 5.04209E-1 5.2196E-1 4.52801E-1 3.86578E-1 3.54401E-1 3.73184E-1 3.70129E-1 3.70021E-1 3.63587E-1 2.91381E-1 3.12921E-1 3.49445E-1 4.12308E-1 3.51477E-1 4.81762E-1 3.86661E-1 1.82341E-1 3.46624E-1 3.44061E-1 3.94695E-1 4.40776E-1 4.33341E-1
-9999 -9999 -9999 -9999 -9999 -9999 -9999 -9999 -9999 -9999 -9999 -9999 -9999 -9999 -9999 5.64375E-1 4.83189E-1 7.15108E-1 -9999 5.51873E-1 5.90196E-1 5.16772E-1 4.96413E-1 5.19371E-1 5.46149E-1 5.38131E-1 5.08594E-1 4.88851E-1 5.47196E-1 5.15782E-1 5.13118E-1 5.39764E-1 5.17303E-1 5.00726E-1 5.28214E-1 5.15068E-1 5.47497E-1 5.41182E-1 -9999 6.68339E-1 5.18693E-1 6.33956E-1 3.35049E-1 3.09047E-1 4.07216E-1 3.36916E-1 4.97064E-1 4.08148E-1 4.68262E-1 5.12616E-1 4.04846E-1 5.40359E-1 4.56388E-1 3.33952E-1 2.43356E-1 2.28062E-1 2.58601E-1 1.72743E-1 2.40105E-1 3.19525E-1 3.42806E-1 2.85041E-1 3.12883E-1 4.20431E-1 5.1264E-1 3.81746E-1 2.50483E-1 3.33521E-1 3.72436E-1 2.93493E-1 2.67939E-1 4.21948E-1
-9999 -9999 -9999 -9999 -9999 -9999 -9999 -9999 -9999 -9999 -9999 -9999 -9999 -9999 -9999 4.92372E-1 6.15382E-1 7.65765E-1 -9999 -9999 5.36008E-1 5.21697E-1 5.07297E-1 5.17494E-1 5.97523E-1 6.10379E-1 5.65713E-1 5.04674E-1 5.65351E-1 5.69726E-1 5.52666E-1 5.76231E-1 5.443E-1 5.59992E-1 5.48805E-1 5.36338E-1 5.2252E-1 5.44312E-1 5.38538E-1 6.73251E-1 5.2041E-1 3.5104E-1 4.2063E-1 3.0952E-1 4.5769E-1 4.33086E-1 4.88441E-1 5.11284E-1 5.68406E-1 6.05762E-1 4.71267E-1 4.39818E-1 2.74688E-1 2.65333E-1 2.12572E-1 2.6024E-1 2.84977E-1 2.61209E-1 2.71343E-1 2.60225E-1 3.70338E-1 3.51251E-1 3.85799E-1 5.60235E-1 5.26937E-1 5.0265E-1 1.67603E-1 2.88599E-1 3.83958E-1 3.47164E-1 2.99609E-1 4.12589E-1
-9999 -9999 -9999 -9999 -9999 -9999 -9999 -9999 -9999 -9999 -9999 -9999 -9999 -9999 -9999 -9999 -9999 -9999 -9999 -9999 -9999 6.44545E-1 6.34782E-1 5.47766E-1 5.46179E-1 5.43343E-1 5.7285E-1 5.65105E-1 5.58933E-1 5.74431E-1 5.73586E-1 5.67073E-1 5.82154E-1 5.7176E-1 5.68391E-1 5.79969E-1 5.64771E-1 5.56668E-1 5.59985E-1 -9999 6.69612E-1 3.59373E-1 4.51478E-1 4.31287E-1 4.03125E-1 6.02178E-1 4.25948E-1 4.04392E-1 4.78183E-1 5.01825E-1 4.66322E-1 4.94952E-1 3.60432E-1 3.63339E-1 2.43226E-1 3.28685E-1 3.77441E-1 3.15112E-1 2.58256E-1 2.83637E-1 3.53545E-1 5.07599E-1 4.84265E-1 5.80373E-1 3.78559E-1 3.6671E-1 2.27524E-1 3.18547E-1 3.01776E-1 3.3691E-1 4.85372E-1 3.44432E-1
-9999 -9999 -9999 -9999 -9999 -9999 -9999 -9999 -9999 -9999 -9999 -9999 -9999 -9999 -9999 -9999 -9999 -9999 -9999 -9999 7.17728E-1 7.30138E-1 6.14886E-1 5.55297E-1 5.44488E-1 5.43778E-1 5.81783E-1 5.85985E-1 5.72041E-1 5.97886E-1 6.12245E-1 5.54643E-1 5.99388E-1 5.91753E-1 5.78394E-1 5.93245E-1 5.86675E-1 5.874E-1 -9999 -9999 6.26503E-1 5.52962E-1 4.37827E-1 5.16645E-1 4.49296E-1 4.35828E-1 5.20798E-1 4.74133E-1 5.56813E-1 4.388E-1 3.83099E-1 4.26495E-1 3.26885E-1 4.21612E-1 3.36979E-1 3.57579E-1 4.59306E-1 3.67873E-1 3.8082E-1 3.60059E-1 2.36829E-1 3.91039E-1 3.60623E-1 4.86135E-1 3.85989E-1 4.0822E-1 3.28785E-1 4.80018E-1 3.9444E-1 3.05095E-1 4.77806E-1 3.81484E-1
-9999 -9999 -9999 -9999 -9999 -9999 -9999 -9999 -9999 -9999 -9999 -9999 -9999 -9999 -9999 -9999 -9999 8.53551E-1 7.95254E-1 8.5164E-1 8.55905E-1 8.59705E-1 8.01491E-1 6.02938E-1 5.69456E-1 5.99839E-1 5.98027E-1 5.86361E-1 6.16254E-1 6.6205E-1 6.05886E-1 6.07412E-1 6.14118E-1 5.93291E-1 5.87866E-1 6.19094E-1 -9999 -9999 -9999 -9999 5.74125E-1 5.57954E-1 4.58529E-1 5.3587E-1 4.28947E-1 3.754E-1 4.69359E-1 5.32787E-1 4.93335E-1 5.14537E-1 3.46313E-1 3.27849E-1 2.96565E-1 3.89143E-1 4.25851E-1 4.3126E-1 4.47118E-1 4.05377E-1 3.24718E-1 3.31032E-1 2.745E-1 3.63293E-1 2.16945E-1 2.62098E-1 3.64064E-1 3.28897E-1 2.99638E-1 4.08633E-1 4.24143E-1 4.5191E-1 3.94932E-1 5.24147E-1
-9999 -9999 -9999 -9999 -9999 -9999 -9999 -9999 -9999 -9999 -9999 -9999 -9999 -9999 -9999 -9999 -9999 8.42631E-1 4.95295E-1 6.88519E-1 8.08145E-1 7.83429E-1 7.69855E-1 8.03427E-1 6.54871E-1 6.31177E-1 6.18556E-1 6.28543E-1 6.15252E-1 6.32127E-1 6.19291E-1 6.1732E-1 6.12738E-1 6.48781E-1 6.34156E-1 6.35091E-1 -9999 -9999 -9999 -9999 5.94794E-1 5.49266E-1 5.57991E-1 4.89472E-1 -9999 5.09011E-1 4.85674E-1 3.24446E-1 4.91047E-1 4.89248E-1 3.72686E-1 2.76471E-1 3.93023E-1 3.34337E-1 4.60042E-1 4.98416E-1 4.88334E-1 3.74108E-1 2.75436E-1 3.17638E-1 3.43159E-1 2.90606E-1 2.64868E-1 2.71436E-1 2.31153E-1 2.78709E-1 2.9287E-1 4.06963E-1 5.60982E-1 5.48118E-1 6.61681E-1 7.52232E-1
-9999 -9999 -9999 -9999 -9999 -9999 -9999 -9999 -9999 -9999 -9999 -9999 -9999 -9999 -9999 -9999 -9999 8.37574E-1 6.72383E-1 5.39289E-1 7.52095E-1 7.5044E-1 7.07686E-1 7.21798E-1 6.07201E-1 7.00043E-1 6.34665E-1 6.17249E-1 6.28596E-1 6.20883E-1 6.41011E-1 6.26097E-1 6.58088E-1 6.84362E-1 -9999 -9999 -9999 -9999 -9999 -9999 -9999 -9999 -9999 5.3092E-1 6.8521E-1 6.5865E-1 6.43752E-1 5.63137E-1 4.11519E-1 3.12788E-1 3.50109E-1 3.38562E-1 3.6688E-1 4.37198E-1 5.10145E-1 4.41413E-1 4.28614E-1 3.84547E-1 3.70819E-1 3.84217E-1 2.86825E-1 2.1828E-1 2.96317E-1 3.50087E-1 3.8271E-1 3.21293E-1 3.14547E-1 3.31292E-1 4.54815E-1 4.15043E-1 4.18394E-1 5.3286E-1
-9999 -9999 -9999 -9999 -9999 -9999 -9999 -9999 -9999 -9999 -9999 -9999 -9999 -9999 -9999 -9999 -9999 7.98124E-1 8.51512E-1 7.06322E-1 6.8496E-1 6.8156E-1 6.60282E-1 6.84832E-1 5.86997E-1 5.89041E-1 6.31551E-1 6.32336E-1 6.14291E-1 6.23039E-1 6.52426E-1 6.35432E-1 6.56319E-1 6.63799E-1 -9999 -9999 -9999 -9999 -9999 -9999 -9999 -9999 -9999 -9999 7.06554E-1 5.77482E-1 6.11707E-1 5.44259E-1 3.36545E-1 3.46929E-1 4.72639E-1 4.47646E-1 4.5694E-1 5.94868E-1 5.17488E-1 4.76599E-1 3.93272E-1 3.79032E-1 3.44856E-1 2.88608E-1 2.42975E-1 2.80811E-1 2.8445E-1 3.03779E-1 3.8619E-1 3.97758E-1 3.20021E-1 4.67547E-1 5.93673E-1 4.67128E-1 4.43023E-1 3.97728E-1
-9999 -9999 -9999 -9999 -9999 -9999 -9999 -9999 -9999 -9999 -9999 -9999 -9999 -9999 -9999 -9999 -9999 -9999 9.06258E-1 7.26687E-1 6.36899E-1 6.18761E-1 6.09499E-1 5.43426E-1 5.56685E-1 5.2145E-1 6.12812E-1 7.26157E-1 6.66511E-1 6.62833E-1 6.67054E-1 6.46986E-1 6.69836E-1 6.62857E-1 6.59737E-1 -9999 -9999 -9999 -9999 -9999 -9999 -9999 -9999 -9999 -9999 5.43E-1 4.81731E-1 3.9263E-1 4.84504E-1 4.65394E-1 4.71492E-1 -9999 5.13352E-1 4.40009E-1 3.37519E-1 2.28713E-1 2.41269E-1 1.9147E-1 2.97576E-1 3.43106E-1 3.48451E-1 3.15515E-1 2.55421E-1 2.87803E-1 2.22131E-1 3.56364E-1 4.12076E-1 5.75715E-1 5.22731E-1 3.90319E-1 3.93234E-1 3.9675E-1
-9999 -9999 -9999 -9999 -9999 -9999 -9999 -9999 -9999 -9999 -9999 -9999 -9999 -9999 -9999 -9999 -9999 -9999 8.2354E-1 8.03396E-1 6.42531E-1 5.62782E-1 5.32472E-1 4.16327E-1 4.552E-1 5.28671E-1 6.50693E-1 7.51926E-1 6.63839E-1 6.7441E-1 6.72873E-1 6.6653E-1 6.78313E-1 6.77026E-1 7.04147E-1 -9999 -9999 -9999 -9999 -9999 -9999 -9999 -9999 -9999 -9999 5.32285E-1 5.20235E-1 5.2079E-1 4.95612E-1 5.16966E-1 -9999 6.00245E-1 4.51268E-1 2.51122E-1 2.64987E-1 3.13364E-1 3.63635E-1 5.73426E-1 3.54368E-1 3.13627E-1 3.33402E-1 3.3894E-1 3.31667E-1 4.08655E-1 3.53372E-1 2.80423E-1 2.31188E-1 4.24298E-1 3.83988E-1 3.81391E-1 2.49911E-1 4.68793E-1
-9999 -9999 -9999 -9999 -9999 -9999 -9999 -9999 -9999 -9999 -9999 -9999 -9999 -9999 -9999 -9999 -9999 -9999 7.36598E-1 9.05887E-1 7.0426E-1 3.93934E-1 3.98178E-1 4.0666E-1 3.90297E-1 4.66471E-1 5.04409E-1 6.27867E-1 7.27863E-1 7.1308E-1 6.76444E-1 7.02728E-1 6.96091E-1 6.89683E-1 7.27634E-1 -9999 -9999 -9999 -9999 -9999 -9999 -9999 -9999 -9999 -9999 -9999 5.5121E-1 -9999 -9999 -9999 5.63357E-1 4.35723E-1 4.88085E-1 2.64999E-1 3.05433E-1 4.41239E-1 4.52845E-1 4.50475E-1 4.28456E-1 5.05033E-1 4.63288E-1 4.06888E-1 3.77198E-1 3.30803E-1 1.64601E-1 3.66127E-1 3.42647E-1 2.19092E-1 1.66216E-1 1.39691E-1 1.94161E-1 2.26933E-1
-9999 -9999 -9999 -9999 -9999 -9999 -9999 -9999 -9999 -9999 -9999 -9999 -9999 -9999 -9999 -9999 -9999 -9999 7.10843E-1 8.44428E-1 8.22079E-1 6.96312E-1 5.56179E-1 4.84003E-1 3.8925E-1 5.13592E-1 5.02786E-1 5.78082E-1 6.56863E-1 7.61666E-1 7.15577E-1 7.11379E-1 7.01737E-1 6.95621E-1 -9999 -9999 -9999 -9999 -9999 -9999 -9999 -9999 -9999 -9999 -9999 -9999 -9999 -9999 -9999 6.18483E-1 5.29273E-1 4.64123E-1 3.51102E-1 3.35028E-1 4.49058E-1 4.29048E-1 4.85817E-1 3.63151E-1 4.50799E-1 6.7648E-1 4.4494E-1 2.09999E-1 2.87405E-1 3.10791E-1 3.97065E-1 3.81561E-1 3.58797E-1 3.05211E-1 2.73456E-1 3.48859E-1 3.19691E-1 3.2038E-1
-9999 -9999 -9999 -9999 -9999 -9999 -9999 -9999 -9999 -9999 -9999 -9999 -9999 -9999 -9999 -9999 -9999 -9999 6.87705E-1 7.70174E-1 8.48995E-1 7.40517E-1 5.04508E-1 4.35733E-1 4.47752E-1 4.09838E-1 4.62826E-1 4.72642E-1 6.81931E-1 8.19572E-1 7.47268E-1 7.22832E-1 7.48896E-1 -9999 -9999 -9999 7.63422E-1 -9999 -9999 -9999 -9999 -9999 -9999 -9999 -9999 -9999 -9999 -9999 -9999 -9999 4.0916E-1 4.87973E-1 4.76623E-1 4.06649E-1 3.54374E-1 4.56775E-1 4.27492E-1 4.67791E-1 4.42482E-1 5.33668E-1 3.64206E-1 2.96561E-1 3.91865E-1 3.81029E-1 4.21938E-1 3.52966E-1 3.55691E-1 3.39619E-1 3.88281E-1 4.76854E-1 3.39316E-1 3.04124E-1
-9999 -9999 -9999 -9999 -9999 -9999 -9999 -9999 -9999 -9999 -9999 -9999 -9999 -9999 -9999 -9999 -9999 -9999 -9999 7.21797E-1 7.2342E-1 6.11134E-1 5.24644E-1 6.11573E-1 7.13327E-1 6.73964E-1 5.38502E-1 5.55581E-1 6.8941E-1 8.08986E-1 8.35757E-1 7.54029E-1 -9999 -9999 7.72063E-1 7.67731E-1 7.64795E-1 -9999 -9999 -9999 -9999 -9999 -9999 -9999 -9999 -9999 -9999 -9999 -9999 -9999 -9999 -9999 4.84463E-1 4.73199E-1 4.54551E-1 3.54764E-1 4.3557E-1 4.34674E-1 3.90801E-1 4.76375E-1 3.76262E-1 3.15532E-1 3.34788E-1 3.80663E-1 3.65491E-1 3.66615E-1 3.90596E-1 3.91524E-1 4.40036E-1 3.14557E-1 3.32928E-1 4.10673E-1
-9999 -9999 -9999 -9999 -9999 -9999 -9999 -9999 -9999 -9999 -9999 -9999 -9999 -9999 -9999 -9999 -9999 -9999 -9999 -9999 -9999 8.19562E-1 7.38498E-1 6.40459E-1 8.33512E-1 8.74757E-1 8.40622E-1 7.98313E-1 7.90568E-1 8.28508E-1 8.5047E-1 -9999 -9999 -9999 -9999 -9999 -9999 -9999 -9999 -9999 -9999 -9999 -9999 -9999 -9999 -9999 -9999 -9999 -9999 -9999 -9999 -9999 -9999 -9999 -9999 -9999 -9999 -9999 -9999 -9999 -9999 -9999 3.98867E-1 4.28094E-1 4.46659E-1 4.40881E-1 4.02665E-1 3.68835E-1 3.79809E-1 3.69781E-1 4.27676E-1 3.98121E-1
-9999 -9999 -9999 -9999 -9999 -9999 -9999 -9999 -9999 -9999 -9999 -9999 -9999 -9999 -9999 -9999 -9999 -9999 -9999 -9999 -9999 7.58121E-1 7.35778E-1 7.28606E-1 8.015E-1 -9999 -9999 -9999 -9999 -9999 -9999 8.34018E-1 8.01984E-1 -9999 -9999 -9999 -9999 -9999 -9999 -9999 -9999 -9999 -9999 -9999 -9999 -9999 -9999 -9999 -9999 -9999 -9999 -9999 -9999 -9999 -9999 -9999 -9999 -9999 -9999 -9999 -9999 -9999 4.48238E-1 4.59898E-1 4.32555E-1 4.24178E-1 4.22176E-1 4.27905E-1 4.55169E-1 4.89624E-1 6.23192E-1 5.58855E-1
-9999 -9999 -9999 -9999 -9999 -9999 -9999 -9999 -9999 -9999 -9999 -9999 -9999 -9999 -9999 -9999 -9999 -9999 -9999 -9999 -9999 -9999 -9999 -9999 -9999 -9999 -9999 -9999 -9999 -9999 -9999 8.31135E-1 7.89088E-1 8.55633E-1 -9999 -9999 -9999 -9999 -9999 -9999 -9999 -9999 -9999 -9999 -9999 -9999 -9999 -9999 -9999 -9999 -9999 -9999 -9999 -9999 -9999 -9999 -9999 -9999 -9999 -9999 -9999 -9999 -9999 4.11933E-1 4.20047E-1 4.7272E-1 4.73134E-1 4.7335E-1 5.45011E-1 5.90661E-1 6.74499E-1 5.92254E-1
-9999 -9999 -9999 -9999 -9999 -9999 -9999 -9999 -9999 -9999 -9999 -9999 -9999 -9999 -9999 -9999 -9999 -9999 -9999 -9999 -9999 -9999 -9999 -9999 -9999 -9999 -9999 -9999 -9999 -9999 -9999 8.40942E-1 8.08049E-1 8.24799E-1 8.44329E-1 8.84918E-1 -9999 -9999 -9999 -9999 -9999 -9999 -9999 -9999 -9999 -9999 -9999 -9999 -9999 -9999 -9999 -9999 -9999 -9999 -9999 -9999 -9999 -9999 -9999 -9999 -9999 -9999 -9999 -9999 -9999 4.64176E-1 4.30313E-1 5.33895E-1 6.44108E-1 6.50607E-1 6.05948E-1 6.03858E-1
-9999 -9999 -9999 -9999 -9999 -9999 -9999 -9999 -9999 -9999 -9999 -9999 -9999 -9999 -9999 -9999 -9999 -9999 -9999 -9999 -9999 -9999 -9999 -9999 -9999 -9999 -9999 -9999 -9999 -9999 -9999 -9999 -9999 8.38495E-1 8.30603E-1 8.02319E-1 7.58968E-1 7.69444E-1 -9999 -9999 -9999 -9999 -9999 -9999 -9999 -9999 -9999 -9999 -9999 -9999 -9999 -9999 -9999 -9999 -9999 -9999 -9999 -9999 -9999 -9999 -9999 -9999 -9999 -9999 -9999 4.57404E-1 4.52883E-1 5.2478E-1 4.20092E-1 3.24942E-1 2.61447E-1 2.67158E-1
-9999 -9999 -9999 -9999 -9999 -9999 -9999 -9999 -9999 -9999 -9999 -9999 -9999 -9999 -9999 -9999 -9999 -9999 -9999 -9999 -9999 -9999 -9999 -9999 -9999 -9999 -9999 -9999 -9999 -9999 -9999 -9999 -9999 -9999 8.38152E-1 8.08339E-1 7.76284E-1 7.94816E-1 7.99872E-1 -9999 -9999 -9999 -9999 -9999 -9999 -9999 -9999 -9999 -9999 -9999 -9999 -9999 -9999 -9999 -9999 -9999 -9999 -9999 -9999 -9999 -9999 -9999 -9999 -9999 -9999 -9999 -9999 4.69231E-1 5.20561E-1 5.43774E-1 5.59302E-1 6.25758E-1
