Artocarpus altilis SDM files/Last interglacial/results (without the bias file)/Artalt_9.asc
ncols         1201
nrows         481
xllcorner     119.99986351115
yllcorner     -15.00013864885
cellsize      0.041666667
NODATA_value  -9999
[rows 160 to 191 of 481, columns 0 to 71 of 1201]
3.1504E-1 2.94367E-1 1.77521E-1 1.63714E-1 1.59925E-1 1.59648E-1 1.74562E-1 1.79169E-1 1.40169E-1 1.02598E-1 9.78925E-2 9.96782E-2 1.1423E-1 2.04464E-1 2.77022E-1 3.0535E-1 2.67314E-1 3.00918E-1 2.43146E-1 1.98899E-1 1.39369E-1 9.93087E-2 8.99593E-2 8.76744E-2 9.7182E-2 9.64057E-2 1.07953E-1 2.26097E-1 2.84725E-1 3.34133E-1 4.64596E-1 4.02394E-1 2.33761E-1 1.38932E-1 1.77507E-1 1.9678E-1 1.25623E-1 1.5174E-1 2.8711E-1 3.22485E-1 1.9438E-1 2.4542E-1 3.13052E-1 2.49492E-1 2.68392E-1 3.31374E-1 3.80874E-1 4.35396E-1 4.41095E-1 4.36148E-1 4.36735E-1 -9999 4.48891E-1 -9999 -9999 -9999 -9999 -9999 -9999 -9999 -9999 -9999 -9999 -9999 -9999 -9999 -9999 -9999 -9999 -9999 -9999 -9999
2.94832E-1 2.84257E-1 1.74048E-1 1.3317E-1 1.60274E-1 1.69544E-1 1.53955E-1 1.70398E-1 1.24569E-1 9.23017E-2 8.73672E-2 8.65224E-2 1.11866E-1 1.84595E-1 2.58033E-1 2.58382E-1 2.14215E-1 2.25224E-1 1.92094E-1 1.69937E-1 1.37967E-1 1.02204E-1 8.30832E-2 7.58928E-2 7.55122E-2 7.88348E-2 1.59837E-1 2.92888E-1 2.36216E-1 3.74987E-1 4.07947E-1 4.28224E-1 3.32136E-1 1.7721E-1 2.30743E-1 2.46444E-1 1.60766E-1 1.6709E-1 1.80269E-1 2.62408E-1 2.71745E-1 2.35379E-1 3.84631E-1 3.66313E-1 3.85283E-1 4.02124E-1 4.32134E-1 4.52325E-1 -9999 -9999 -9999 -9999 -9999 -9999 -9999 -9999 -9999 -9999 -9999 -9999 -9999 -9999 -9999 -9999 -9999 -9999 -9999 -9999 -9999 -9999 -9999 -9999
2.18144E-1 2.75919E-1 1.98165E-1 1.14033E-1 1.38452E-1 1.54629E-1 1.47747E-1 1.46552E-1 1.14342E-1 8.88712E-2 8.52399E-2 1.12061E-1 1.37995E-1 1.64515E-1 1.90963E-1 2.46914E-1 1.84811E-1 2.00955E-1 1.68122E-1 1.49601E-1 1.51833E-1 1.21118E-1 8.03784E-2 7.09514E-2 6.71858E-2 1.16042E-1 2.32752E-1 3.11326E-1 2.50942E-1 2.00918E-1 3.10627E-1 4.75658E-1 3.96756E-1 2.74905E-1 2.42936E-1 2.86461E-1 2.31882E-1 2.24041E-1 2.45466E-1 2.80146E-1 3.4205E-1 3.33316E-1 4.05042E-1 4.00925E-1 4.518E-1 4.46033E-1 -9999 -9999 -9999 -9999 -9999 -9999 -9999 -9999 -9999 -9999 -9999 -9999 -9999 -9999 -9999 -9999 -9999 -9999 -9999 -9999 -9999 -9999 -9999 -9999 -9999 -9999
2.12741E-1 2.90685E-1 2.42586E-1 1.33093E-1 1.05875E-1 1.00274E-1 1.20731E-1 1.47293E-1 1.06249E-1 9.19823E-2 8.57548E-2 1.01368E-1 1.36602E-1 2.1065E-1 2.15492E-1 2.08185E-1 1.60596E-1 1.85897E-1 1.6908E-1 1.29463E-1 1.48921E-1 1.33914E-1 9.48418E-2 8.05166E-2 1.12312E-1 1.91617E-1 2.20736E-1 2.64365E-1 2.54267E-1 1.54937E-1 2.1808E-1 4.57046E-1 3.89911E-1 3.29897E-1 2.70445E-1 2.79501E-1 3.10357E-1 3.25897E-1 3.52933E-1 3.99834E-1 4.62476E-1 4.92939E-1 4.80384E-1 -9999 -9999 -9999 -9999 -9999 -9999 -9999 -9999 -9999 -9999 -9999 -9999 -9999 -9999 -9999 -9999 -9999 -9999 -9999 -9999 -9999 -9999 -9999 -9999 -9999 -9999 -9999 -9999 -9999
2.40665E-1 2.21177E-1 2.69911E-1 1.74014E-1 1.23195E-1 1.072E-1 1.06944E-1 1.48781E-1 1.14724E-1 9.0327E-2 8.73478E-2 1.09243E-1 1.81603E-1 2.33785E-1 2.31734E-1 1.60806E-1 1.61592E-1 1.37825E-1 1.52677E-1 1.49028E-1 1.61218E-1 1.39982E-1 1.10649E-1 1.12946E-1 1.73506E-1 2.38176E-1 2.4015E-1 2.32471E-1 2.38643E-1 2.27606E-1 1.89476E-1 4.02219E-1 4.63133E-1 4.07922E-1 3.77172E-1 3.58144E-1 4.02233E-1 4.11053E-1 4.54082E-1 4.40613E-1 4.80559E-1 5.1605E-1 5.00305E-1 -9999 -9999 -9999 -9999 -9999 -9999 -9999 -9999 -9999 -9999 -9999 -9999 -9999 -9999 -9999 -9999 -9999 -9999 -9999 -9999 -9999 -9999 -9999 -9999 -9999 -9999 -9999 -9999 -9999
1.50459E-1 1.54434E-1 2.34613E-1 2.16389E-1 1.64853E-1 1.76047E-1 2.01355E-1 1.58213E-1 1.14392E-1 8.02864E-2 1.01264E-1 1.63902E-1 2.38356E-1 2.36911E-1 2.29837E-1 1.81428E-1 1.34104E-1 1.19602E-1 1.34056E-1 1.67523E-1 1.65711E-1 1.83935E-1 1.48422E-1 1.58614E-1 2.20378E-1 2.57955E-1 2.58884E-1 2.65486E-1 2.36057E-1 2.59039E-1 3.23957E-1 4.54784E-1 4.81267E-1 5.32738E-1 5.02302E-1 4.37531E-1 4.62782E-1 4.87086E-1 5.02313E-1 5.18862E-1 5.14991E-1 5.02791E-1 -9999 -9999 -9999 -9999 -9999 -9999 -9999 -9999 -9999 -9999 -9999 -9999 -9999 -9999 -9999 -9999 -9999 -9999 -9999 -9999 -9999 -9999 -9999 -9999 -9999 -9999 -9999 -9999 -9999 -9999
1.41024E-1 1.46623E-1 1.62453E-1 2.43275E-1 2.14935E-1 2.14362E-1 1.95499E-1 1.35054E-1 1.02978E-1 8.57218E-2 1.0584E-1 2.08558E-1 2.44039E-1 2.38556E-1 2.28806E-1 2.10767E-1 1.40539E-1 1.22802E-1 1.52423E-1 2.3121E-1 1.94563E-1 2.71866E-1 2.2657E-1 2.14928E-1 2.27076E-1 2.77522E-1 3.12029E-1 3.28278E-1 3.06623E-1 2.93903E-1 2.80069E-1 2.99424E-1 4.67443E-1 5.28986E-1 5.25953E-1 4.90832E-1 5.04285E-1 4.95881E-1 5.47722E-1 5.41976E-1 5.04589E-1 4.94312E-1 -9999 -9999 -9999 -9999 -9999 -9999 -9999 -9999 -9999 -9999 -9999 -9999 -9999 -9999 -9999 -9999 -9999 -9999 -9999 -9999 -9999 -9999 -9999 -9999 -9999 -9999 -9999 -9999 -9999 -9999
1.20194E-1 1.30371E-1 1.53112E-1 2.14149E-1 1.86799E-1 1.823E-1 1.64441E-1 1.21859E-1 1.02669E-1 1.21499E-1 1.1226E-1 1.51322E-1 1.94802E-1 2.36695E-1 2.30952E-1 2.22957E-1 1.58169E-1 1.3169E-1 1.76782E-1 2.55901E-1 2.34669E-1 2.46245E-1 3.14564E-1 2.90382E-1 2.91133E-1 3.17221E-1 3.31582E-1 3.18378E-1 2.52575E-1 3.3179E-1 3.4701E-1 3.84406E-1 4.92269E-1 4.17778E-1 5.05893E-1 5.38416E-1 5.32058E-1 5.14357E-1 5.07977E-1 4.73585E-1 5.08788E-1 -9999 -9999 -9999 -9999 -9999 -9999 -9999 -9999 -9999 -9999 -9999 -9999 -9999 -9999 -9999 -9999 -9999 -9999 -9999 -9999 -9999 -9999 -9999 -9999 -9999 -9999 -9999 -9999 -9999 -9999 -9999
1.04501E-1 1.02069E-1 1.09115E-1 1.5732E-1 1.92686E-1 1.08017E-1 1.11082E-1 8.94259E-2 8.81436E-2 1.09936E-1 1.18879E-1 9.53909E-2 1.16384E-1 1.96056E-1 2.37504E-1 2.30041E-1 1.81117E-1 1.56707E-1 2.11554E-1 2.15271E-1 2.50475E-1 2.29707E-1 2.71384E-1 3.07305E-1 3.187E-1 3.22249E-1 3.10789E-1 2.61318E-1 2.50089E-1 4.09252E-1 4.14057E-1 3.30502E-1 4.50849E-1 3.82265E-1 4.17959E-1 -9999 -9999 4.92038E-1 -9999 5.10761E-1 -9999 -9999 -9999 -9999 -9999 -9999 -9999 -9999 -9999 -9999 -9999 -9999 -9999 -9999 -9999 -9999 -9999 -9999 -9999 -9999 -9999 -9999 -9999 -9999 -9999 -9999 -9999 -9999 -9999 -9999 -9999 -9999
1.16899E-1 9.70492E-2 8.98718E-2 1.07972E-1 1.73319E-1 1.25077E-1 8.18433E-2 7.24544E-2 8.423E-2 9.17537E-2 1.25365E-1 1.21634E-1 9.51795E-2 1.49445E-1 2.27985E-1 2.45022E-1 2.24988E-1 1.84442E-1 1.91552E-1 2.4439E-1 2.56352E-1 2.54417E-1 2.39889E-1 2.80664E-1 2.96695E-1 2.79989E-1 2.92097E-1 2.05249E-1 2.37198E-1 4.0876E-1 4.55763E-1 3.99997E-1 4.13559E-1 4.11276E-1 4.60222E-1 4.53529E-1 -9999 -9999 -9999 -9999 -9999 -9999 -9999 -9999 -9999 -9999 -9999 -9999 -9999 -9999 -9999 -9999 -9999 -9999 -9999 -9999 -9999 -9999 -9999 -9999 -9999 -9999 -9999 -9999 -9999 -9999 -9999 -9999 -9999 -9999 -9999 -9999
1.102E-1 1.0532E-1 8.91389E-2 1.01424E-1 1.43109E-1 1.78166E-1 1.26989E-1 8.09786E-2 7.9717E-2 8.08706E-2 1.08603E-1 1.29817E-1 1.05001E-1 1.20808E-1 1.59302E-1 2.37717E-1 2.33807E-1 2.11261E-1 1.38914E-1 1.86207E-1 2.21083E-1 2.50442E-1 2.15902E-1 2.27947E-1 2.52597E-1 2.18279E-1 2.71223E-1 1.83979E-1 2.21173E-1 4.18904E-1 4.2086E-1 3.96897E-1 4.58948E-1 4.83319E-1 5.18523E-1 5.0526E-1 5.24193E-1 -9999 -9999 -9999 -9999 -9999 -9999 -9999 -9999 -9999 -9999 -9999 -9999 -9999 -9999 -9999 -9999 -9999 -9999 -9999 -9999 -9999 -9999 -9999 -9999 -9999 -9999 -9999 -9999 -9999 -9999 -9999 -9999 -9999 -9999 -9999
1.20088E-1 1.05689E-1 1.11808E-1 1.48068E-1 1.56219E-1 1.45441E-1 1.99729E-1 1.22761E-1 8.22703E-2 7.82018E-2 8.59471E-2 9.22467E-2 9.40838E-2 1.45178E-1 9.91576E-2 1.5739E-1 2.23349E-1 2.23819E-1 1.55739E-1 1.31465E-1 1.77781E-1 2.07461E-1 2.13019E-1 1.66739E-1 2.29443E-1 2.2404E-1 2.15474E-1 2.48797E-1 2.43178E-1 2.68081E-1 3.38477E-1 3.35223E-1 4.07577E-1 3.72794E-1 3.95337E-1 5.24394E-1 5.30573E-1 -9999 -9999 -9999 -9999 -9999 -9999 -9999 -9999 -9999 -9999 -9999 -9999 -9999 -9999 -9999 -9999 -9999 -9999 -9999 -9999 -9999 -9999 -9999 -9999 -9999 -9999 -9999 -9999 -9999 -9999 -9999 -9999 -9999 -9999 -9999
1.01913E-1 1.05946E-1 1.43068E-1 1.12657E-1 1.29528E-1 1.50403E-1 1.71946E-1 1.92169E-1 1.02549E-1 7.65335E-2 8.27942E-2 9.35871E-2 8.39653E-2 1.143E-1 1.05835E-1 9.15968E-2 1.52325E-1 2.12781E-1 1.86272E-1 1.24933E-1 1.22906E-1 1.63109E-1 2.17194E-1 1.50626E-1 1.79632E-1 2.01955E-1 1.90509E-1 1.92548E-1 2.89651E-1 3.70026E-1 3.98772E-1 3.81179E-1 3.66697E-1 4.48652E-1 4.01695E-1 4.81939E-1 5.40636E-1 -9999 -9999 -9999 -9999 -9999 -9999 -9999 -9999 -9999 -9999 -9999 -9999 -9999 -9999 -9999 -9999 -9999 -9999 -9999 -9999 -9999 -9999 -9999 -9999 -9999 -9999 -9999 -9999 -9999 -9999 -9999 -9999 -9999 -9999 -9999
1.16926E-1 9.75456E-2 1.00678E-1 7.57569E-2 1.03506E-1 1.25042E-1 1.32545E-1 1.59242E-1 1.50094E-1 8.56706E-2 8.74933E-2 1.1438E-1 1.41103E-1 1.24201E-1 1.35037E-1 1.03347E-1 7.35677E-2 1.34954E-1 1.73716E-1 1.20548E-1 1.08009E-1 1.18958E-1 1.25831E-1 1.3109E-1 1.34559E-1 1.70403E-1 1.8949E-1 2.03131E-1 2.70476E-1 3.85228E-1 4.09432E-1 4.11981E-1 3.88335E-1 3.20133E-1 4.16236E-1 4.25206E-1 5.06594E-1 5.4923E-1 5.67036E-1 5.83381E-1 6.12302E-1 6.25498E-1 -9999 -9999 -9999 -9999 -9999 -9999 -9999 -9999 -9999 -9999 -9999 -9999 -9999 -9999 -9999 -9999 -9999 -9999 -9999 -9999 -9999 -9999 -9999 -9999 -9999 -9999 -9999 -9999 -9999 -9999
1.22687E-1 9.09848E-2 1.05427E-1 8.95131E-2 8.14969E-2 9.77479E-2 1.04681E-1 1.21344E-1 1.20316E-1 9.94756E-2 9.49164E-2 1.08306E-1 1.46058E-1 1.58563E-1 1.78681E-1 1.62222E-1 7.84031E-2 6.97481E-2 1.10616E-1 9.97542E-2 8.63594E-2 8.9978E-2 7.96246E-2 1.08162E-1 9.39346E-2 1.17949E-1 1.3392E-1 1.96477E-1 2.56019E-1 3.2441E-1 3.83105E-1 4.21327E-1 3.96466E-1 3.33405E-1 2.94042E-1 3.89952E-1 4.13494E-1 5.07174E-1 5.71303E-1 6.0045E-1 6.16009E-1 6.44925E-1 -9999 -9999 -9999 -9999 -9999 -9999 -9999 -9999 -9999 -9999 -9999 -9999 -9999 -9999 -9999 -9999 -9999 -9999 -9999 -9999 -9999 -9999 -9999 -9999 -9999 -9999 -9999 -9999 -9999 -9999
8.64087E-2 1.01947E-1 1.26377E-1 1.12428E-1 9.09799E-2 1.00645E-1 1.22776E-1 1.09726E-1 9.73487E-2 1.01863E-1 1.56889E-1 8.37197E-2 1.11476E-1 1.2441E-1 9.10497E-2 1.03705E-1 1.63976E-1 1.08245E-1 9.83457E-2 1.00572E-1 8.7256E-2 8.37099E-2 8.22619E-2 9.03746E-2 1.11206E-1 8.82835E-2 9.49255E-2 1.50054E-1 2.88288E-1 2.5847E-1 3.93786E-1 3.94694E-1 3.82441E-1 3.32096E-1 2.9385E-1 3.29804E-1 3.75991E-1 4.91485E-1 5.56584E-1 5.8461E-1 5.91818E-1 6.25764E-1 6.57817E-1 -9999 -9999 -9999 -9999 -9999 -9999 -9999 -9999 -9999 -9999 -9999 -9999 -9999 -9999 -9999 -9999 -9999 -9999 -9999 -9999 -9999 -9999 -9999 -9999 -9999 -9999 -9999 -9999 -9999
7.81049E-2 8.57942E-2 1.143E-1 1.33614E-1 1.32502E-1 1.13161E-1 1.07415E-1 1.60099E-1 1.38551E-1 1.04241E-1 1.91284E-1 1.17543E-1 7.40366E-2 1.10663E-1 8.14729E-2 6.99403E-2 8.54592E-2 1.79121E-1 1.421E-1 1.07124E-1 9.92503E-2 9.95602E-2 8.57645E-2 8.79087E-2 1.01166E-1 1.22935E-1 1.00488E-1 2.19781E-1 2.80152E-1 3.00967E-1 3.4527E-1 3.84673E-1 2.9187E-1 2.80749E-1 2.82636E-1 3.00625E-1 3.05708E-1 4.45732E-1 5.15108E-1 5.54569E-1 5.02993E-1 5.79543E-1 5.51095E-1 6.32809E-1 -9999 -9999 -9999 -9999 -9999 -9999 -9999 -9999 -9999 -9999 -9999 -9999 -9999 -9999 -9999 -9999 -9999 -9999 -9999 -9999 -9999 -9999 -9999 -9999 -9999 -9999 -9999 -9999
1.01266E-1 7.93526E-2 8.734E-2 1.09372E-1 1.03535E-1 1.17504E-1 1.52253E-1 1.87216E-1 1.93604E-1 1.72132E-1 2.47042E-1 7.71735E-2 5.40532E-2 7.19587E-2 7.91891E-2 7.38703E-2 7.69298E-2 9.07708E-2 2.2937E-1 2.08327E-1 1.63474E-1 1.27107E-1 1.15375E-1 1.14045E-1 1.17433E-1 1.35718E-1 1.26181E-1 2.06113E-1 1.64431E-1 1.65758E-1 2.42806E-1 3.35242E-1 2.32472E-1 1.9422E-1 3.04168E-1 2.63462E-1 2.52798E-1 3.36469E-1 4.50683E-1 4.76683E-1 4.86744E-1 5.17093E-1 5.07206E-1 6.12587E-1 6.77346E-1 -9999 -9999 -9999 -9999 -9999 -9999 -9999 -9999 -9999 -9999 -9999 -9999 -9999 -9999 -9999 -9999 -9999 -9999 -9999 -9999 -9999 -9999 -9999 -9999 -9999 -9999 -9999
1.2579E-1 1.34821E-1 1.06822E-1 1.09663E-1 1.32728E-1 1.17581E-1 1.49017E-1 2.26562E-1 2.84839E-1 2.93945E-1 2.58906E-1 9.98888E-2 5.51777E-2 5.82177E-2 6.44909E-2 1.01211E-1 9.40628E-2 1.13646E-1 2.53206E-1 3.45246E-1 3.29265E-1 2.51341E-1 2.05011E-1 2.20061E-1 2.1872E-1 1.7857E-1 1.4961E-1 1.65839E-1 1.61258E-1 1.84919E-1 1.99712E-1 2.97076E-1 2.55312E-1 2.05947E-1 2.67094E-1 2.34751E-1 2.7209E-1 2.7109E-1 3.61575E-1 4.17178E-1 4.70717E-1 4.65073E-1 5.55531E-1 6.13305E-1 6.48718E-1 -9999 -9999 -9999 -9999 -9999 -9999 -9999 -9999 -9999 -9999 -9999 -9999 -9999 -9999 -9999 -9999 -9999 -9999 -9999 -9999 -9999 -9999 -9999 -9999 -9999 -9999 -9999
1.08276E-1 1.93666E-1 2.1395E-1 1.58016E-1 1.99833E-1 1.66632E-1 2.02075E-1 2.01056E-1 2.93854E-1 3.87633E-1 2.01342E-1 1.21763E-1 7.08102E-2 6.25757E-2 7.92216E-2 1.27203E-1 1.60465E-1 1.43862E-1 3.18187E-1 3.85928E-1 4.11492E-1 3.81822E-1 3.24454E-1 3.16246E-1 3.66257E-1 2.91245E-1 2.86261E-1 2.57973E-1 2.15848E-1 3.08819E-1 3.08143E-1 2.79286E-1 2.7834E-1 2.05631E-1 2.24719E-1 2.13972E-1 2.62507E-1 2.53374E-1 2.81288E-1 3.35776E-1 4.17963E-1 4.70088E-1 4.69222E-1 5.52894E-1 6.42167E-1 6.81397E-1 -9999 -9999 -9999 -9999 -9999 -9999 -9999 -9999 -9999 -9999 -9999 -9999 -9999 -9999 -9999 -9999 -9999 -9999 -9999 -9999 -9999 -9999 -9999 -9999 -9999 -9999
1.46756E-1 1.9539E-1 3.1734E-1 2.44629E-1 2.58704E-1 1.92747E-1 2.34727E-1 3.36133E-1 3.99221E-1 4.08235E-1 2.35321E-1 1.99588E-1 1.57634E-1 1.04979E-1 9.94298E-2 1.15209E-1 1.98772E-1 2.67526E-1 3.52259E-1 3.87306E-1 4.14823E-1 4.18069E-1 3.79082E-1 2.63836E-1 3.49697E-1 3.62602E-1 2.94668E-1 2.49712E-1 1.93013E-1 2.1699E-1 2.57509E-1 3.39973E-1 3.42706E-1 3.30446E-1 2.48E-1 2.22299E-1 2.49508E-1 2.39868E-1 2.26273E-1 3.04869E-1 3.73731E-1 4.35486E-1 4.49141E-1 4.57024E-1 5.12455E-1 6.28272E-1 7.08579E-1 -9999 -9999 -9999 -9999 -9999 -9999 -9999 -9999 -9999 -9999 -9999 -9999 -9999 -9999 -9999 -9999 -9999 -9999 -9999 -9999 -9999 -9999 -9999 -9999 -9999
2.20541E-1 2.44199E-1 2.65308E-1 3.52928E-1 2.43603E-1 2.87499E-1 3.7047E-1 4.22738E-1 4.59936E-1 4.40781E-1 3.73481E-1 2.99895E-1 2.07902E-1 1.41828E-1 1.99742E-1 1.79167E-1 2.73629E-1 3.2971E-1 3.77066E-1 4.1194E-1 4.26101E-1 4.11738E-1 4.15096E-1 3.61689E-1 3.39593E-1 2.39038E-1 3.15291E-1 2.59103E-1 2.13209E-1 1.78335E-1 1.86773E-1 2.35975E-1 3.47555E-1 3.49642E-1 3.61221E-1 3.04821E-1 2.44737E-1 2.49169E-1 2.54623E-1 2.45592E-1 3.28108E-1 3.39039E-1 3.47552E-1 4.55146E-1 4.08509E-1 5.17989E-1 6.85517E-1 -9999 -9999 -9999 -9999 -9999 -9999 -9999 -9999 -9999 -9999 -9999 -9999 -9999 -9999 -9999 -9999 -9999 -9999 -9999 -9999 -9999 -9999 -9999 -9999 -9999
2.75582E-1 2.15158E-1 1.90911E-1 2.66794E-1 3.69052E-1 4.15177E-1 4.61842E-1 4.92747E-1 5.10986E-1 4.97111E-1 4.6893E-1 3.91683E-1 3.71626E-1 2.9297E-1 3.03336E-1 2.90697E-1 3.67077E-1 3.78142E-1 4.22193E-1 4.26937E-1 4.32621E-1 4.29543E-1 3.85025E-1 4.01884E-1 3.79399E-1 2.96381E-1 3.27927E-1 1.95532E-1 2.28985E-1 2.79065E-1 3.21708E-1 1.94874E-1 2.44393E-1 2.77469E-1 3.50801E-1 3.15831E-1 3.44958E-1 3.4878E-1 3.50853E-1 3.38171E-1 2.94468E-1 2.79815E-1 2.59296E-1 3.44281E-1 3.4677E-1 5.50577E-1 5.68806E-1 6.75657E-1 -9999 -9999 -9999 -9999 -9999 -9999 -9999 -9999 -9999 -9999 -9999 -9999 -9999 -9999 -9999 -9999 -9999 -9999 -9999 -9999 -9999 -9999 -9999 -9999
2.01952E-1 3.35872E-1 3.20654E-1 3.69419E-1 4.23049E-1 4.77331E-1 5.27397E-1 4.99469E-1 5.16941E-1 5.13624E-1 5.06658E-1 4.99751E-1 4.92252E-1 4.8259E-1 4.6688E-1 4.25702E-1 4.34434E-1 4.59914E-1 4.67141E-1 4.51712E-1 4.42058E-1 4.42927E-1 4.24005E-1 4.43559E-1 4.41088E-1 4.31461E-1 4.00533E-1 2.76308E-1 2.06553E-1 2.35371E-1 3.48476E-1 2.77607E-1 2.48519E-1 2.79205E-1 3.29219E-1 3.95832E-1 4.03635E-1 4.11995E-1 4.1593E-1 4.25722E-1 4.24439E-1 3.41651E-1 2.9888E-1 2.93446E-1 3.14076E-1 4.37165E-1 4.86166E-1 5.66314E-1 7.05855E-1 -9999 -9999 -9999 -9999 -9999 -9999 -9999 -9999 -9999 -9999 -9999 -9999 -9999 -9999 -9999 -9999 -9999 -9999 -9999 -9999 -9999 -9999 -9999
2.18569E-1 3.1397E-1 2.81958E-1 3.38148E-1 4.03801E-1 5.23235E-1 5.14479E-1 5.09237E-1 5.02993E-1 5.10976E-1 5.15263E-1 5.15583E-1 4.96877E-1 5.16693E-1 4.85598E-1 4.77624E-1 4.80785E-1 4.78684E-1 4.80426E-1 4.63276E-1 4.58707E-1 4.48681E-1 4.501E-1 4.51385E-1 4.57358E-1 4.50051E-1 4.61321E-1 3.33183E-1 3.20379E-1 3.70152E-1 2.92642E-1 2.88313E-1 3.68289E-1 3.55422E-1 3.571E-1 3.46313E-1 3.75325E-1 3.72769E-1 3.40405E-1 3.74097E-1 3.93138E-1 3.81951E-1 3.74933E-1 3.6284E-1 4.40011E-1 3.88084E-1 3.43606E-1 4.25608E-1 6.05749E-1 -9999 -9999 -9999 -9999 -9999 -9999 -9999 -9999 -9999 -9999 -9999 -9999 -9999 -9999 -9999 -9999 -9999 -9999 -9999 -9999 -9999 -9999 -9999
1.52514E-1 1.93898E-1 2.7577E-1 3.27465E-1 4.74351E-1 5.44841E-1 5.22492E-1 5.24576E-1 5.12933E-1 5.19716E-1 5.21415E-1 5.25091E-1 5.09427E-1 5.12733E-1 5.01147E-1 5.02251E-1 -9999 -9999 -9999 -9999 -9999 4.68931E-1 4.65276E-1 4.53787E-1 4.65308E-1 4.64699E-1 4.49629E-1 4.37834E-1 3.24983E-1 2.62612E-1 3.30205E-1 3.15298E-1 2.51557E-1 3.58295E-1 4.05126E-1 4.10509E-1 4.24491E-1 4.33646E-1 4.39371E-1 4.80395E-1 4.56551E-1 3.0853E-1 2.65834E-1 3.0184E-1 4.21898E-1 5.69179E-1 6.07399E-1 6.11162E-1 6.43892E-1 -9999 -9999 -9999 -9999 -9999 -9999 -9999 -9999 -9999 -9999 -9999 -9999 -9999 -9999 -9999 -9999 -9999 -9999 -9999 -9999 -9999 -9999 -9999
1.59167E-1 2.37353E-1 3.04182E-1 4.60645E-1 5.39664E-1 5.46153E-1 5.38816E-1 5.2068E-1 5.27781E-1 5.19449E-1 5.25495E-1 5.13929E-1 5.19506E-1 5.29996E-1 -9999 -9999 -9999 -9999 -9999 -9999 -9999 -9999 -9999 -9999 -9999 4.45703E-1 4.22519E-1 3.12296E-1 3.77523E-1 2.60585E-1 2.16601E-1 3.38985E-1 3.1014E-1 2.50778E-1 3.31325E-1 4.02014E-1 4.33872E-1 4.45468E-1 4.50578E-1 4.3152E-1 4.15779E-1 3.31528E-1 2.68705E-1 2.63704E-1 2.94289E-1 3.48177E-1 4.53877E-1 6.56316E-1 7.3954E-1 7.5595E-1 -9999 -9999 -9999 -9999 -9999 -9999 -9999 -9999 -9999 -9999 -9999 -9999 -9999 -9999 -9999 -9999 -9999 -9999 -9999 -9999 -9999 -9999
2.95662E-1 3.3042E-1 3.83267E-1 5.16283E-1 5.60524E-1 5.40993E-1 5.43635E-1 5.34426E-1 5.29627E-1 5.38384E-1 5.29029E-1 5.41726E-1 5.39046E-1 -9999 -9999 -9999 -9999 -9999 -9999 -9999 -9999 -9999 -9999 -9999 4.31445E-1 3.59716E-1 2.95537E-1 3.82558E-1 4.00083E-1 3.3856E-1 2.52632E-1 2.51758E-1 3.64846E-1 3.36407E-1 3.20619E-1 4.06465E-1 4.1559E-1 4.00754E-1 4.39678E-1 3.49815E-1 3.43417E-1 3.28294E-1 3.24704E-1 2.63177E-1 3.0804E-1 4.09474E-1 3.87597E-1 4.88136E-1 6.90201E-1 7.30828E-1 -9999 -9999 -9999 -9999 -9999 -9999 -9999 -9999 -9999 -9999 -9999 -9999 -9999 -9999 -9999 -9999 -9999 -9999 -9999 -9999 -9999 -9999
3.40015E-1 3.25718E-1 4.04513E-1 5.3134E-1 5.54502E-1 5.58341E-1 5.38542E-1 5.51381E-1 5.50438E-1 5.55714E-1 5.49484E-1 5.51541E-1 -9999 -9999 -9999 -9999 -9999 -9999 -9999 -9999 -9999 -9999 -9999 4.71355E-1 4.24338E-1 4.104E-1 2.98496E-1 2.91515E-1 3.62242E-1 3.81398E-1 2.96316E-1 2.63655E-1 3.13936E-1 3.46514E-1 3.80158E-1 4.27157E-1 4.44895E-1 4.5566E-1 3.92785E-1 3.16497E-1 2.87547E-1 3.12307E-1 3.44303E-1 3.1604E-1 3.31317E-1 3.1558E-1 4.53256E-1 5.74205E-1 5.20512E-1 6.30683E-1 7.41218E-1 7.62806E-1 7.79279E-1 -9999 -9999 -9999 -9999 -9999 -9999 -9999 -9999 -9999 -9999 -9999 -9999 -9999 -9999 -9999 -9999 -9999 -9999 -9999
3.29933E-1 3.99982E-1 4.35998E-1 5.22298E-1 5.59253E-1 5.48183E-1 5.49075E-1 5.59489E-1 5.68464E-1 5.5592E-1 5.73273E-1 -9999 -9999 -9999 -9999 -9999 -9999 -9999 -9999 -9999 -9999 -9999 -9999 5.12294E-1 5.11246E-1 5.00412E-1 3.03918E-1 3.39421E-1 4.09064E-1 4.49348E-1 3.15318E-1 3.22751E-1 3.20014E-1 3.06826E-1 4.10825E-1 4.42646E-1 4.32809E-1 3.93406E-1 3.90068E-1 3.15659E-1 3.33538E-1 3.55093E-1 3.10201E-1 3.5351E-1 3.86306E-1 3.57362E-1 4.2942E-1 4.60626E-1 4.44077E-1 5.92101E-1 6.83901E-1 7.14425E-1 7.48058E-1 -9999 -9999 -9999 -9999 -9999 -9999 -9999 -9999 -9999 -9999 -9999 -9999 -9999 -9999 -9999 -9999 -9999 -9999 -9999
2.13824E-1 2.55629E-1 3.57751E-1 5.08547E-1 5.41914E-1 5.58229E-1 5.59083E-1 5.62989E-1 5.74159E-1 -9999 -9999 -9999 -9999 -9999 -9999 -9999 -9999 -9999 -9999 -9999 -9999 -9999 -9999 -9999 -9999 5.15897E-1 3.75946E-1 3.25903E-1 4.02297E-1 4.29893E-1 3.68637E-1 2.62554E-1 2.38746E-1 4.02422E-1 4.46578E-1 4.38858E-1 3.97033E-1 3.19746E-1 3.42805E-1 2.92159E-1 2.90655E-1 3.75623E-1 4.53541E-1 4.55029E-1 4.74303E-1 4.36446E-1 3.83564E-1 3.79492E-1 5.54205E-1 6.15674E-1 5.25076E-1 6.23025E-1 7.55273E-1 7.32591E-1 6.83068E-1 7.49866E-1 -9999 -9999 -9999 -9999 -9999 -9999 -9999 -9999 -9999 -9999 -9999 -9999 -9999 -9999 -9999 -9999
1.98257E-1 2.12151E-1 3.10926E-1 4.29862E-1 5.40669E-1 5.7263E-1 5.77567E-1 -9999 -9999 -9999 -9999 -9999 -9999 -9999 -9999 -9999 -9999 -9999 -9999 -9999 -9999 -9999 -9999 -9999 -9999 5.66098E-1 4.18565E-1 2.97791E-1 3.52763E-1 4.42096E-1 3.57653E-1 3.78915E-1 3.72795E-1 4.35354E-1 4.04222E-1 3.7934E-1 3.70902E-1 4.1453E-1 4.37279E-1 4.33933E-1 4.00821E-1 4.48258E-1 4.94926E-1 4.41278E-1 4.68562E-1 4.0876E-1 4.12551E-1 4.64487E-1 5.32201E-1 4.05953E-1 4.52902E-1 5.92268E-1 5.48891E-1 5.79978E-1 5.579E-1 6.56283E-1 -9999 -9999 -9999 -9999 -9999 -9999 -9999 -9999 -9999 -9999 -9999 -9999 -9999 -9999 -9999 -9999
