Artocarpus altilis SDM files/Last interglacial/results (without the bias file)/Artalt_2.asc
ncols         1201
nrows         481
xllcorner     119.99986351115
yllcorner     -15.00013864885
cellsize      0.041666667
NODATA_value  -9999
[rows 128 to 159 of 481, columns 0 to 71 of 1201]
8.04061E-1 -9999 -9999 -9999 -9999 -9999 -9999 -9999 -9999 -9999 -9999 -9999 -9999 -9999 -9999 -9999 -9999 -9999 -9999 -9999 -9999 -9999 -9999 -9999 -9999 -9999 -9999 -9999 -9999 -9999 -9999 -9999 -9999 -9999 -9999 -9999 -9999 -9999 -9999 -9999 -9999 -9999 -9999 -9999 -9999 8.77735E-1 8.66327E-1 8.61869E-1 8.66175E-1 8.88875E-1 8.46896E-1 -9999 -9999 8.31592E-1 8.12555E-1 8.51267E-1 8.38692E-1 -9999 -9999 -9999 -9999 -9999 -9999 -9999 -9999 -9999 -9999 -9999 -9999 -9999 -9999 -9999
7.64009E-1 -9999 -9999 -9999 -9999 -9999 -9999 -9999 -9999 -9999 -9999 -9999 -9999 -9999 -9999 -9999 -9999 -9999 -9999 -9999 -9999 -9999 -9999 -9999 -9999 -9999 -9999 -9999 -9999 -9999 -9999 -9999 -9999 -9999 -9999 -9999 -9999 -9999 -9999 -9999 -9999 -9999 -9999 8.65277E-1 8.74428E-1 8.78637E-1 8.58542E-1 8.65868E-1 8.65821E-1 8.65356E-1 8.47163E-1 8.45396E-1 -9999 -9999 -9999 -9999 8.46275E-1 8.34158E-1 -9999 -9999 -9999 -9999 -9999 -9999 -9999 -9999 -9999 -9999 -9999 -9999 -9999 -9999
6.99771E-1 7.31189E-1 -9999 -9999 -9999 -9999 -9999 -9999 -9999 -9999 -9999 -9999 -9999 -9999 -9999 -9999 -9999 -9999 -9999 -9999 -9999 -9999 -9999 -9999 -9999 -9999 -9999 -9999 -9999 -9999 -9999 -9999 -9999 -9999 -9999 -9999 -9999 -9999 -9999 -9999 -9999 -9999 8.61347E-1 8.66539E-1 8.64398E-1 8.25787E-1 8.0948E-1 8.01578E-1 7.90707E-1 8.00022E-1 8.07972E-1 7.89337E-1 -9999 -9999 -9999 -9999 8.32943E-1 8.45927E-1 -9999 -9999 -9999 -9999 -9999 -9999 -9999 -9999 -9999 -9999 -9999 -9999 -9999 -9999
6.43411E-1 6.91284E-1 -9999 -9999 -9999 -9999 -9999 -9999 -9999 -9999 -9999 -9999 -9999 -9999 -9999 -9999 -9999 -9999 -9999 -9999 -9999 -9999 -9999 -9999 -9999 -9999 -9999 -9999 -9999 -9999 -9999 -9999 -9999 -9999 -9999 -9999 -9999 -9999 -9999 -9999 -9999 8.75744E-1 8.55896E-1 8.5967E-1 8.39506E-1 8.1252E-1 7.72907E-1 7.75039E-1 7.81082E-1 8.11369E-1 8.04353E-1 -9999 -9999 -9999 -9999 -9999 -9999 -9999 -9999 -9999 -9999 -9999 -9999 -9999 -9999 -9999 -9999 -9999 -9999 -9999 -9999 -9999
5.92357E-1 6.27623E-1 -9999 -9999 -9999 -9999 -9999 -9999 -9999 -9999 -9999 -9999 -9999 -9999 -9999 -9999 -9999 -9999 -9999 -9999 -9999 -9999 -9999 -9999 -9999 -9999 -9999 -9999 -9999 -9999 -9999 -9999 -9999 -9999 -9999 -9999 -9999 -9999 -9999 -9999 8.68304E-1 8.26636E-1 7.97491E-1 8.01793E-1 7.40996E-1 7.5667E-1 -9999 -9999 -9999 -9999 -9999 -9999 -9999 -9999 -9999 -9999 -9999 -9999 -9999 -9999 8.46889E-1 8.42536E-1 8.36187E-1 -9999 -9999 -9999 -9999 -9999 -9999 -9999 -9999 -9999
5.24143E-1 5.6224E-1 -9999 -9999 -9999 -9999 -9999 -9999 -9999 -9999 -9999 -9999 -9999 -9999 -9999 -9999 -9999 -9999 -9999 -9999 -9999 -9999 -9999 -9999 -9999 -9999 -9999 -9999 -9999 -9999 -9999 -9999 -9999 -9999 -9999 -9999 -9999 -9999 -9999 8.41935E-1 8.30567E-1 7.59866E-1 7.44773E-1 7.81098E-1 7.66638E-1 7.66853E-1 -9999 -9999 -9999 -9999 -9999 -9999 -9999 -9999 -9999 -9999 -9999 -9999 -9999 -9999 8.38386E-1 8.10614E-1 8.05628E-1 8.27248E-1 -9999 -9999 -9999 -9999 -9999 -9999 -9999 -9999
4.58418E-1 5.17899E-1 -9999 -9999 -9999 -9999 -9999 -9999 -9999 -9999 -9999 -9999 -9999 -9999 -9999 -9999 -9999 -9999 -9999 -9999 -9999 -9999 -9999 -9999 -9999 -9999 -9999 -9999 -9999 -9999 -9999 -9999 -9999 -9999 -9999 -9999 -9999 -9999 -9999 8.35417E-1 7.87259E-1 -9999 -9999 -9999 -9999 -9999 -9999 -9999 -9999 -9999 -9999 -9999 -9999 -9999 -9999 -9999 -9999 -9999 -9999 -9999 -9999 -9999 -9999 -9999 -9999 -9999 -9999 -9999 -9999 -9999 -9999 -9999
3.93327E-1 4.71902E-1 -9999 -9999 -9999 -9999 -9999 -9999 -9999 -9999 -9999 -9999 -9999 -9999 -9999 -9999 -9999 -9999 -9999 -9999 -9999 -9999 -9999 -9999 -9999 -9999 -9999 -9999 -9999 -9999 -9999 -9999 -9999 -9999 -9999 -9999 -9999 -9999 8.14034E-1 -9999 -9999 -9999 -9999 -9999 -9999 -9999 -9999 -9999 -9999 -9999 -9999 -9999 -9999 -9999 -9999 -9999 -9999 -9999 -9999 -9999 -9999 -9999 -9999 -9999 -9999 -9999 -9999 -9999 7.89254E-1 7.86894E-1 7.79045E-1 7.85224E-1
3.60445E-1 4.00826E-1 -9999 -9999 -9999 -9999 -9999 -9999 -9999 -9999 -9999 -9999 -9999 -9999 -9999 -9999 -9999 -9999 -9999 -9999 -9999 -9999 -9999 -9999 -9999 -9999 -9999 -9999 -9999 -9999 -9999 -9999 -9999 -9999 -9999 -9999 -9999 -9999 -9999 -9999 -9999 -9999 -9999 -9999 -9999 -9999 -9999 -9999 -9999 -9999 -9999 -9999 -9999 -9999 -9999 -9999 -9999 -9999 -9999 -9999 -9999 -9999 -9999 -9999 -9999 7.95592E-1 7.93015E-1 7.77949E-1 7.81021E-1 7.70736E-1 7.63862E-1 7.46107E-1
3.63513E-1 3.51456E-1 4.11692E-1 -9999 -9999 -9999 -9999 -9999 -9999 -9999 -9999 -9999 -9999 -9999 -9999 -9999 -9999 -9999 -9999 -9999 -9999 -9999 -9999 -9999 -9999 -9999 -9999 -9999 -9999 -9999 -9999 -9999 -9999 -9999 -9999 -9999 -9999 -9999 -9999 -9999 -9999 -9999 -9999 -9999 -9999 -9999 -9999 -9999 -9999 -9999 -9999 -9999 -9999 -9999 -9999 -9999 -9999 -9999 -9999 -9999 -9999 -9999 -9999 -9999 -9999 7.77879E-1 7.80347E-1 7.32069E-1 7.1411E-1 6.93192E-1 7.12375E-1 6.44759E-1
3.48044E-1 3.15314E-1 3.66172E-1 -9999 -9999 -9999 -9999 -9999 -9999 -9999 -9999 -9999 -9999 -9999 -9999 -9999 -9999 -9999 -9999 -9999 -9999 -9999 -9999 -9999 -9999 -9999 -9999 -9999 -9999 -9999 -9999 -9999 -9999 -9999 -9999 -9999 -9999 -9999 -9999 -9999 -9999 7.42829E-1 7.89358E-1 -9999 -9999 -9999 -9999 -9999 -9999 -9999 -9999 -9999 -9999 -9999 -9999 -9999 -9999 -9999 -9999 -9999 -9999 -9999 -9999 -9999 -9999 -9999 7.453E-1 7.21896E-1 7.27436E-1 6.96217E-1 6.93775E-1 6.71522E-1
3.23562E-1 2.61083E-1 3.34903E-1 3.58042E-1 -9999 -9999 -9999 -9999 -9999 -9999 -9999 -9999 -9999 -9999 -9999 -9999 -9999 -9999 -9999 -9999 -9999 -9999 -9999 -9999 -9999 -9999 -9999 -9999 -9999 -9999 -9999 -9999 -9999 -9999 -9999 -9999 -9999 -9999 -9999 -9999 -9999 -9999 7.59994E-1 -9999 -9999 -9999 -9999 -9999 -9999 -9999 -9999 -9999 8.29514E-1 8.32431E-1 8.29433E-1 8.30729E-1 8.22596E-1 8.18189E-1 7.85951E-1 7.52047E-1 7.98704E-1 8.07898E-1 7.86914E-1 7.79811E-1 -9999 -9999 7.65896E-1 7.4387E-1 7.41565E-1 6.81694E-1 6.72534E-1 7.00971E-1
3.07467E-1 2.38774E-1 2.69152E-1 3.39454E-1 3.59653E-1 -9999 -9999 -9999 -9999 -9999 -9999 -9999 -9999 -9999 -9999 -9999 -9999 -9999 -9999 -9999 -9999 -9999 -9999 -9999 -9999 -9999 -9999 -9999 -9999 -9999 -9999 -9999 -9999 -9999 -9999 -9999 -9999 8.18996E-1 8.32362E-1 7.42237E-1 -9999 -9999 -9999 -9999 -9999 -9999 -9999 -9999 -9999 -9999 -9999 7.89037E-1 7.91438E-1 6.95929E-1 6.97974E-1 7.37223E-1 7.40742E-1 7.23389E-1 6.64009E-1 7.34361E-1 7.398E-1 7.25942E-1 7.3552E-1 7.46464E-1 7.52852E-1 7.36159E-1 6.13484E-1 5.37125E-1 5.66339E-1 5.36167E-1 5.36959E-1 5.85047E-1
3.10567E-1 2.15576E-1 2.35534E-1 2.97729E-1 3.51506E-1 3.69543E-1 -9999 -9999 -9999 -9999 -9999 -9999 -9999 -9999 -9999 -9999 -9999 -9999 -9999 -9999 -9999 -9999 -9999 -9999 -9999 -9999 -9999 -9999 -9999 -9999 -9999 -9999 -9999 -9999 -9999 -9999 8.11855E-1 8.12744E-1 8.18524E-1 6.73379E-1 -9999 -9999 -9999 -9999 -9999 -9999 -9999 -9999 -9999 -9999 -9999 7.7877E-1 7.86972E-1 7.41706E-1 7.29847E-1 7.02613E-1 6.30532E-1 7.10487E-1 6.86335E-1 6.47827E-1 6.54184E-1 6.13443E-1 6.14446E-1 6.04678E-1 5.68787E-1 4.96356E-1 3.93838E-1 3.94751E-1 4.92464E-1 5.32622E-1 5.62693E-1 6.28488E-1
2.90544E-1 2.42979E-1 2.16163E-1 2.6082E-1 3.14272E-1 3.55078E-1 3.65433E-1 -9999 -9999 -9999 -9999 -9999 -9999 -9999 -9999 -9999 -9999 -9999 -9999 -9999 -9999 -9999 -9999 -9999 -9999 -9999 -9999 -9999 -9999 -9999 -9999 -9999 -9999 -9999 8.06133E-1 8.31649E-1 7.89993E-1 8.28344E-1 8.37897E-1 7.90121E-1 -9999 -9999 -9999 -9999 -9999 -9999 -9999 -9999 -9999 -9999 -9999 7.71436E-1 7.95674E-1 7.86251E-1 7.74012E-1 6.82842E-1 6.28287E-1 5.85593E-1 5.19119E-1 5.12363E-1 5.72593E-1 4.78937E-1 4.16566E-1 4.07794E-1 4.00051E-1 3.63115E-1 3.55886E-1 4.37999E-1 5.19379E-1 5.70262E-1 5.78402E-1 6.48259E-1
3.19073E-1 2.24993E-1 2.01841E-1 2.26142E-1 2.64243E-1 3.22655E-1 3.559E-1 3.80711E-1 4.28745E-1 4.74996E-1 4.92019E-1 -9999 -9999 -9999 -9999 -9999 -9999 -9999 -9999 -9999 -9999 -9999 -9999 -9999 -9999 -9999 -9999 -9999 -9999 -9999 -9999 -9999 -9999 -9999 8.09886E-1 7.8602E-1 7.13667E-1 7.38872E-1 7.36525E-1 6.84392E-1 7.01999E-1 7.54529E-1 -9999 -9999 -9999 -9999 -9999 7.73333E-1 7.97326E-1 7.94227E-1 7.71325E-1 7.76389E-1 7.89459E-1 7.79328E-1 7.62234E-1 6.51291E-1 5.44523E-1 4.77932E-1 4.29969E-1 4.49882E-1 4.28081E-1 3.30383E-1 2.93266E-1 2.75299E-1 2.90659E-1 3.46993E-1 4.38117E-1 5.24134E-1 6.1017E-1 6.50811E-1 -9999 -9999
3.1978E-1 2.32757E-1 2.01148E-1 1.94974E-1 2.26744E-1 2.69927E-1 3.2659E-1 3.75094E-1 3.99345E-1 4.56649E-1 5.01528E-1 4.83807E-1 -9999 -9999 -9999 -9999 -9999 -9999 -9999 -9999 -9999 -9999 -9999 -9999 -9999 -9999 -9999 -9999 -9999 -9999 -9999 -9999 -9999 7.95503E-1 7.98353E-1 7.63135E-1 6.17332E-1 5.83637E-1 5.41958E-1 4.24499E-1 5.64499E-1 7.05709E-1 7.69557E-1 7.95048E-1 7.62608E-1 7.63538E-1 7.81868E-1 7.84856E-1 7.59289E-1 6.24844E-1 7.12667E-1 7.57074E-1 7.48074E-1 6.11409E-1 5.17077E-1 5.28508E-1 4.61786E-1 3.25098E-1 3.70444E-1 3.25761E-1 2.62226E-1 2.47695E-1 2.28887E-1 2.4053E-1 2.93319E-1 3.6629E-1 4.82216E-1 -9999 -9999 -9999 -9999 -9999
3.27176E-1 2.4219E-1 1.79361E-1 1.82132E-1 1.93468E-1 2.06384E-1 2.55088E-1 3.12034E-1 3.75393E-1 4.26677E-1 4.74143E-1 4.97137E-1 4.82733E-1 -9999 -9999 -9999 -9999 -9999 -9999 -9999 -9999 -9999 -9999 -9999 -9999 -9999 -9999 -9999 -9999 -9999 -9999 -9999 8.16891E-1 8.03486E-1 7.18567E-1 5.50686E-1 5.77209E-1 5.16278E-1 3.63709E-1 3.46486E-1 4.86433E-1 6.11584E-1 6.751E-1 7.07723E-1 6.37473E-1 5.2731E-1 5.25969E-1 6.39783E-1 5.75776E-1 6.15176E-1 5.62023E-1 5.26657E-1 4.26554E-1 3.63305E-1 4.06252E-1 3.77715E-1 3.17918E-1 2.11401E-1 2.17909E-1 2.2565E-1 2.32474E-1 2.21471E-1 2.2582E-1 2.88736E-1 3.20474E-1 3.92131E-1 4.81273E-1 -9999 -9999 -9999 -9999 -9999
3.29196E-1 2.31351E-1 1.93174E-1 1.67544E-1 1.50407E-1 1.6531E-1 1.99469E-1 2.55959E-1 2.86842E-1 3.61189E-1 4.18376E-1 4.75419E-1 5.24977E-1 4.88011E-1 -9999 -9999 -9999 -9999 -9999 -9999 -9999 -9999 -9999 -9999 -9999 -9999 -9999 -9999 -9999 -9999 -9999 7.94747E-1 6.9706E-1 5.70722E-1 6.96887E-1 6.75714E-1 6.74196E-1 5.35493E-1 3.11384E-1 2.51613E-1 4.22302E-1 5.0599E-1 5.90862E-1 6.32357E-1 6.36638E-1 5.57661E-1 3.91929E-1 4.19455E-1 5.22815E-1 5.50749E-1 4.97706E-1 2.68754E-1 1.60062E-1 1.94908E-1 1.96161E-1 1.9778E-1 1.71687E-1 1.79445E-1 1.9371E-1 1.92571E-1 2.44406E-1 2.2629E-1 3.20811E-1 4.31969E-1 4.02467E-1 4.81662E-1 5.57209E-1 -9999 -9999 -9999 -9999 -9999
2.7917E-1 2.33014E-1 2.17051E-1 1.8909E-1 1.79178E-1 1.7428E-1 1.76752E-1 1.76819E-1 2.27833E-1 2.70508E-1 3.87635E-1 4.45721E-1 5.05219E-1 4.80976E-1 -9999 -9999 -9999 -9999 -9999 -9999 -9999 -9999 -9999 -9999 -9999 -9999 -9999 -9999 -9999 -9999 7.85943E-1 7.29133E-1 5.04911E-1 5.37029E-1 6.11782E-1 6.53938E-1 6.16883E-1 5.0149E-1 2.71539E-1 2.24379E-1 3.12842E-1 4.70911E-1 5.5987E-1 6.0562E-1 6.23217E-1 5.82596E-1 4.83071E-1 4.03462E-1 4.14157E-1 4.32328E-1 4.48831E-1 2.96943E-1 2.01725E-1 1.84071E-1 1.91739E-1 1.94719E-1 1.64728E-1 1.97283E-1 2.00663E-1 2.48745E-1 3.03978E-1 3.1683E-1 4.71356E-1 4.36462E-1 4.84984E-1 5.77479E-1 -9999 -9999 -9999 -9999 -9999 -9999
2.32713E-1 2.0251E-1 2.22311E-1 2.27145E-1 2.37137E-1 2.14344E-1 1.88932E-1 2.24208E-1 2.57118E-1 3.08207E-1 3.69638E-1 3.96107E-1 4.32173E-1 4.27454E-1 -9999 -9999 -9999 -9999 -9999 -9999 -9999 -9999 -9999 -9999 -9999 -9999 -9999 -9999 -9999 -9999 7.69028E-1 6.60541E-1 5.04509E-1 4.7817E-1 5.19306E-1 5.76107E-1 6.11999E-1 5.50257E-1 4.10623E-1 2.84429E-1 2.03641E-1 2.76049E-1 4.2134E-1 4.72621E-1 4.87929E-1 4.63365E-1 5.28371E-1 5.16405E-1 4.98459E-1 4.3107E-1 4.13454E-1 2.96779E-1 2.82407E-1 2.82141E-1 2.57308E-1 1.9368E-1 2.08263E-1 2.3175E-1 2.71477E-1 2.91921E-1 3.77149E-1 4.18502E-1 4.25875E-1 4.91041E-1 5.60152E-1 5.97365E-1 -9999 -9999 -9999 -9999 -9999 -9999
2.92647E-1 2.3018E-1 2.14134E-1 2.16535E-1 2.43302E-1 2.13639E-1 2.22529E-1 2.09395E-1 2.56667E-1 3.04984E-1 3.71614E-1 3.78255E-1 4.19499E-1 4.40576E-1 -9999 -9999 -9999 -9999 -9999 -9999 -9999 -9999 -9999 -9999 -9999 -9999 -9999 -9999 -9999 7.52547E-1 5.94197E-1 6.15807E-1 5.62741E-1 4.17166E-1 3.33391E-1 3.67675E-1 3.94779E-1 5.82828E-1 5.18543E-1 3.97304E-1 2.68287E-1 2.28542E-1 2.15704E-1 2.19082E-1 2.67597E-1 3.40687E-1 4.36925E-1 5.08304E-1 5.20182E-1 4.82692E-1 4.13672E-1 2.65752E-1 1.66466E-1 1.92548E-1 1.85386E-1 2.09089E-1 2.56729E-1 2.70462E-1 3.06617E-1 3.72563E-1 4.63407E-1 4.30744E-1 4.547E-1 5.34391E-1 -9999 -9999 -9999 -9999 -9999 7.38562E-1 7.23386E-1 7.6915E-1
2.83659E-1 2.50451E-1 2.23289E-1 2.0529E-1 2.09655E-1 2.23286E-1 1.75507E-1 1.60676E-1 1.6777E-1 2.41853E-1 3.17209E-1 3.68517E-1 4.65207E-1 4.45461E-1 -9999 -9999 -9999 -9999 -9999 -9999 -9999 -9999 -9999 -9999 -9999 -9999 -9999 -9999 7.37311E-1 6.89892E-1 6.12978E-1 5.05924E-1 3.78313E-1 2.4517E-1 1.84835E-1 2.9198E-1 3.94281E-1 4.88582E-1 5.60625E-1 5.7465E-1 5.22177E-1 3.43164E-1 2.17451E-1 1.82056E-1 1.63465E-1 2.07764E-1 2.41682E-1 2.8283E-1 4.05901E-1 3.25006E-1 3.54478E-1 2.68709E-1 1.76814E-1 2.48316E-1 2.22939E-1 2.45278E-1 3.20586E-1 3.66588E-1 4.51369E-1 4.90302E-1 5.19312E-1 4.43429E-1 4.78979E-1 5.35568E-1 -9999 -9999 -9999 -9999 7.87361E-1 6.89778E-1 6.41561E-1 6.91294E-1
2.98703E-1 2.33247E-1 2.07288E-1 2.05277E-1 1.63934E-1 1.8735E-1 1.76624E-1 1.1423E-1 1.12815E-1 1.51109E-1 2.23074E-1 2.59505E-1 3.71782E-1 4.63629E-1 5.28765E-1 -9999 -9999 -9999 -9999 -9999 -9999 -9999 -9999 -9999 -9999 -9999 -9999 -9999 7.14223E-1 6.52865E-1 5.32504E-1 4.4819E-1 3.43896E-1 2.23278E-1 1.37132E-1 2.12522E-1 2.01856E-1 2.92461E-1 4.41293E-1 5.12075E-1 4.86725E-1 4.77104E-1 3.94246E-1 3.21646E-1 3.02037E-1 2.71361E-1 2.7967E-1 3.12405E-1 3.43514E-1 3.10328E-1 3.01649E-1 2.74791E-1 2.3636E-1 2.6447E-1 2.4964E-1 2.83464E-1 3.39427E-1 4.02936E-1 4.56141E-1 5.00988E-1 4.91072E-1 5.09093E-1 5.31919E-1 -9999 -9999 -9999 -9999 7.75247E-1 7.2483E-1 5.71803E-1 5.50498E-1 5.73975E-1
2.99584E-1 2.21302E-1 2.06471E-1 2.27015E-1 2.06913E-1 1.71717E-1 1.65402E-1 1.30094E-1 1.38681E-1 1.66893E-1 1.90893E-1 1.93444E-1 2.33408E-1 3.50029E-1 5.31604E-1 5.32826E-1 -9999 -9999 -9999 -9999 -9999 -9999 -9999 -9999 -9999 -9999 -9999 6.77242E-1 6.6696E-1 6.47467E-1 4.78715E-1 4.16438E-1 2.87206E-1 2.00276E-1 1.68316E-1 1.47205E-1 1.22135E-1 1.45775E-1 2.35478E-1 4.25279E-1 4.55023E-1 3.47277E-1 3.30961E-1 4.54912E-1 4.70714E-1 4.59193E-1 4.04116E-1 4.21173E-1 4.44908E-1 4.30651E-1 3.14131E-1 2.25028E-1 2.63662E-1 2.99608E-1 3.20785E-1 3.50231E-1 4.38896E-1 4.52513E-1 4.60026E-1 4.59855E-1 5.15381E-1 5.47356E-1 -9999 -9999 -9999 -9999 -9999 7.57116E-1 6.42988E-1 4.69086E-1 4.70571E-1 4.74232E-1
2.77316E-1 2.21966E-1 2.1298E-1 2.27412E-1 2.20948E-1 1.73006E-1 1.29866E-1 1.25337E-1 1.79299E-1 1.62994E-1 1.56845E-1 1.56695E-1 1.73022E-1 2.08114E-1 4.05146E-1 4.71535E-1 -9999 5.86402E-1 6.04325E-1 6.03334E-1 6.08044E-1 -9999 -9999 -9999 -9999 -9999 -9999 6.67658E-1 6.12285E-1 4.57319E-1 4.832E-1 4.62519E-1 3.77657E-1 3.46068E-1 3.09348E-1 1.81837E-1 1.66587E-1 2.15746E-1 3.62807E-1 3.90578E-1 3.08793E-1 2.87262E-1 2.70949E-1 4.18641E-1 3.33715E-1 3.47683E-1 4.00486E-1 4.39989E-1 4.14266E-1 2.41186E-1 2.13455E-1 2.15937E-1 2.77945E-1 3.13263E-1 3.5456E-1 3.85944E-1 4.21498E-1 4.65507E-1 4.82708E-1 5.15348E-1 5.23951E-1 -9999 -9999 -9999 -9999 -9999 -9999 6.60332E-1 4.58165E-1 3.83147E-1 4.04874E-1 3.98211E-1
2.52387E-1 2.20956E-1 2.08934E-1 2.16263E-1 2.16293E-1 1.96405E-1 1.50066E-1 1.45241E-1 1.73791E-1 1.50319E-1 1.44659E-1 1.49981E-1 1.35723E-1 1.58647E-1 3.7363E-1 4.79548E-1 5.22418E-1 5.67443E-1 5.64304E-1 5.66768E-1 5.64399E-1 5.83667E-1 5.84678E-1 5.72414E-1 5.93666E-1 -9999 6.21166E-1 6.14689E-1 4.90255E-1 4.40407E-1 4.30937E-1 4.65134E-1 3.26802E-1 2.823E-1 2.5026E-1 1.78948E-1 2.39981E-1 3.37103E-1 3.39255E-1 2.82994E-1 3.27784E-1 3.76483E-1 4.1342E-1 4.17743E-1 2.87182E-1 4.00403E-1 3.96154E-1 3.87945E-1 2.6599E-1 2.16537E-1 2.21825E-1 2.51972E-1 2.85054E-1 3.68075E-1 4.05678E-1 4.2638E-1 4.4524E-1 4.59844E-1 5.05869E-1 5.21496E-1 -9999 -9999 -9999 -9999 -9999 -9999 6.30712E-1 5.74819E-1 4.08287E-1 3.82617E-1 3.94875E-1 3.72505E-1
2.4064E-1 1.95757E-1 2.06008E-1 1.95968E-1 1.72202E-1 1.52424E-1 1.52064E-1 1.55944E-1 1.81051E-1 1.80204E-1 1.7037E-1 1.31149E-1 1.09147E-1 1.53357E-1 3.8579E-1 4.82495E-1 5.11107E-1 5.22814E-1 5.34085E-1 5.03789E-1 4.46027E-1 4.70529E-1 4.46121E-1 3.94478E-1 4.93454E-1 5.64558E-1 6.03773E-1 5.04052E-1 5.40514E-1 4.05515E-1 3.11076E-1 2.80782E-1 3.41668E-1 2.48883E-1 1.84426E-1 1.59235E-1 1.93176E-1 2.47793E-1 3.24811E-1 3.5384E-1 3.42948E-1 3.51973E-1 3.8995E-1 3.44384E-1 2.80108E-1 2.68225E-1 2.67707E-1 2.6329E-1 2.26109E-1 1.80952E-1 2.57077E-1 2.85385E-1 3.32185E-1 3.82706E-1 4.43881E-1 4.65423E-1 4.82473E-1 5.04484E-1 5.05576E-1 -9999 -9999 -9999 -9999 -9999 -9999 -9999 6.71489E-1 5.52609E-1 4.58334E-1 4.30884E-1 4.28662E-1 4.15237E-1
2.76882E-1 2.18696E-1 1.74093E-1 1.67279E-1 1.57065E-1 1.38676E-1 1.25217E-1 1.41404E-1 1.86017E-1 1.99775E-1 1.82946E-1 1.41804E-1 1.36833E-1 1.75468E-1 3.88171E-1 4.61875E-1 4.53556E-1 4.55378E-1 4.83512E-1 4.26913E-1 3.37874E-1 2.6843E-1 2.60932E-1 2.47066E-1 3.12826E-1 3.82799E-1 4.40467E-1 3.74259E-1 4.13828E-1 4.12418E-1 2.73967E-1 1.91377E-1 2.07759E-1 1.69619E-1 1.49794E-1 1.60356E-1 1.84128E-1 2.23923E-1 2.65503E-1 3.42118E-1 2.08573E-1 1.94691E-1 2.41221E-1 2.69586E-1 2.98415E-1 3.29215E-1 3.02751E-1 2.14936E-1 1.88396E-1 2.44191E-1 2.59806E-1 3.20476E-1 3.56122E-1 4.27347E-1 4.49119E-1 4.7992E-1 5.04049E-1 5.12048E-1 -9999 -9999 -9999 -9999 -9999 -9999 -9999 -9999 6.67162E-1 6.27378E-1 5.41632E-1 4.75803E-1 4.3229E-1 4.60678E-1
2.50714E-1 2.40908E-1 1.86864E-1 1.51849E-1 1.44169E-1 1.47774E-1 1.16368E-1 1.34433E-1 1.78672E-1 1.92547E-1 1.73425E-1 1.25221E-1 1.24325E-1 1.76132E-1 3.06953E-1 3.98165E-1 4.15235E-1 4.41562E-1 3.88379E-1 3.91945E-1 2.80399E-1 1.76766E-1 1.70186E-1 1.77467E-1 2.08377E-1 2.41036E-1 2.90939E-1 3.06958E-1 3.2845E-1 3.11658E-1 2.40873E-1 2.05572E-1 1.93758E-1 1.96889E-1 1.78216E-1 1.66638E-1 2.30552E-1 2.63749E-1 2.9104E-1 2.76266E-1 1.93833E-1 2.21119E-1 2.6532E-1 2.63517E-1 3.33097E-1 3.65587E-1 3.12956E-1 2.77609E-1 2.49043E-1 2.85931E-1 3.083E-1 3.30319E-1 3.95036E-1 4.56751E-1 4.80644E-1 5.03997E-1 5.17981E-1 5.25839E-1 -9999 -9999 -9999 -9999 -9999 -9999 -9999 -9999 6.68103E-1 6.66006E-1 6.35309E-1 5.47761E-1 4.65765E-1 5.895E-1
2.36851E-1 2.48474E-1 1.77428E-1 1.583E-1 1.44702E-1 1.48472E-1 1.42502E-1 1.45903E-1 1.72944E-1 1.83339E-1 1.62435E-1 1.28487E-1 1.14371E-1 1.64229E-1 2.70317E-1 3.42517E-1 3.77095E-1 3.91076E-1 3.49892E-1 3.37912E-1 2.0437E-1 1.31104E-1 1.2971E-1 1.45633E-1 1.47476E-1 1.75895E-1 2.00993E-1 2.15989E-1 2.9024E-1 2.72342E-1 2.63078E-1 2.47277E-1 2.94837E-1 2.55717E-1 1.76346E-1 2.14373E-1 2.1088E-1 1.46011E-1 1.78924E-1 2.0613E-1 2.52877E-1 2.44426E-1 3.27749E-1 3.7115E-1 3.15462E-1 2.83014E-1 2.96575E-1 3.29427E-1 3.16962E-1 3.0981E-1 3.49631E-1 3.98209E-1 4.52223E-1 4.85669E-1 4.99965E-1 5.24752E-1 -9999 -9999 -9999 -9999 -9999 -9999 -9999 -9999 -9999 -9999 6.30656E-1 -9999 6.5772E-1 5.59249E-1 6.08993E-1 6.68369E-1
2.65217E-1 2.76281E-1 2.04571E-1 1.5586E-1 1.36841E-1 1.52461E-1 1.55802E-1 1.56882E-1 1.69706E-1 1.41819E-1 1.16753E-1 1.27604E-1 1.16918E-1 1.52883E-1 2.7774E-1 3.10267E-1 3.20618E-1 3.1706E-1 3.03777E-1 2.66648E-1 1.65053E-1 1.14419E-1 1.0901E-1 1.15609E-1 1.15977E-1 1.41413E-1 1.3465E-1 2.05014E-1 3.02107E-1 2.54851E-1 3.77178E-1 3.27063E-1 2.63023E-1 1.76999E-1 1.50122E-1 2.47156E-1 1.78963E-1 1.52698E-1 1.86421E-1 2.01425E-1 2.10311E-1 2.26536E-1 3.09259E-1 2.93242E-1 2.76129E-1 2.91341E-1 3.46967E-1 3.87865E-1 3.96357E-1 3.84396E-1 4.37994E-1 4.65244E-1 4.89912E-1 5.0649E-1 -9999 -9999 -9999 -9999 -9999 -9999 -9999 -9999 -9999 -9999 -9999 -9999 -9999 6.51514E-1 6.7755E-1 6.34222E-1 6.60801E-1 -9999
