Artocarpus altilis SDM files/Last interglacial/results (without the bias file)/Artalt_2.asc
ncols         1201
nrows         481
xllcorner     119.99986351115
yllcorner     -15.00013864885
cellsize      0.041666667
NODATA_value  -9999
[rows 416 to 447 of 481, columns 504 to 575 of 1201]
-9999 -9999 -9999 -9999 -9999 -9999 -9999 -9999 -9999 -9999 -9999 -9999 -9999 -9999 -9999 -9999 1.2238E-1 1.16109E-1 1.0739E-1 1.01607E-1 9.17476E-2 8.81865E-2 8.65178E-2 7.5595E-2 6.91437E-2 6.75005E-2 6.50903E-2 6.06468E-2 5.781E-2 5.3166E-2 5.16982E-2 5.55381E-2 5.08877E-2 5.36379E-2 4.50078E-2 4.862E-2 4.8446E-2 4.59154E-2 5.01739E-2 5.34347E-2 5.62111E-2 6.44318E-2 7.49144E-2 7.67168E-2 8.5804E-2 8.48784E-2 1.12906E-1 1.25827E-1 1.34833E-1 1.62302E-1 -9999 -9999 -9999 -9999 -9999 -9999 -9999 3.21829E-1 -9999 -9999 -9999 -9999 -9999 -9999 -9999 -9999 -9999 -9999 -9999 -9999 -9999 -9999
-9999 -9999 -9999 -9999 -9999 -9999 -9999 -9999 -9999 -9999 -9999 -9999 -9999 -9999 -9999 -9999 1.1639E-1 1.12108E-1 1.07365E-1 9.55698E-2 8.72044E-2 7.83854E-2 7.60075E-2 7.37708E-2 6.38006E-2 5.83806E-2 6.31298E-2 5.75065E-2 5.37894E-2 5.64677E-2 5.55784E-2 5.20472E-2 5.23301E-2 4.91708E-2 4.38683E-2 4.44182E-2 4.31452E-2 4.50674E-2 4.9651E-2 5.25251E-2 5.2513E-2 5.59835E-2 6.40207E-2 7.23899E-2 7.76814E-2 7.24891E-2 9.04981E-2 1.16001E-1 1.25144E-1 1.45664E-1 1.62696E-1 1.73966E-1 1.78116E-1 1.96056E-1 -9999 -9999 -9999 -9999 -9999 -9999 -9999 -9999 -9999 -9999 -9999 -9999 -9999 -9999 -9999 -9999 -9999 -9999
-9999 -9999 -9999 -9999 -9999 -9999 -9999 -9999 -9999 -9999 -9999 -9999 -9999 -9999 -9999 3.54735E-2 1.16693E-1 1.07932E-1 9.97689E-2 9.5739E-2 8.44231E-2 7.63546E-2 6.77852E-2 6.55763E-2 5.79628E-2 5.83688E-2 5.97618E-2 5.46674E-2 5.07351E-2 5.00678E-2 4.67574E-2 4.60675E-2 4.24303E-2 3.94703E-2 4.01007E-2 3.93827E-2 4.03885E-2 4.44126E-2 4.35224E-2 4.38399E-2 4.87247E-2 5.14358E-2 5.34403E-2 6.57145E-2 6.53399E-2 6.64963E-2 7.66984E-2 1.06763E-1 1.18682E-1 1.22688E-1 1.4875E-1 1.52584E-1 1.46325E-1 1.9126E-1 1.88587E-1 -9999 -9999 -9999 -9999 -9999 -9999 -9999 -9999 -9999 -9999 -9999 -9999 -9999 -9999 -9999 -9999 -9999
-9999 -9999 -9999 -9999 -9999 -9999 -9999 -9999 -9999 -9999 -9999 -9999 -9999 -9999 -9999 3.35351E-2 1.10894E-1 1.00923E-1 9.44288E-2 8.78525E-2 7.4883E-2 6.9848E-2 6.4814E-2 6.38282E-2 5.82353E-2 5.90988E-2 5.4036E-2 4.59702E-2 4.42842E-2 4.06951E-2 4.08884E-2 4.0324E-2 3.79527E-2 3.67913E-2 3.65898E-2 3.62497E-2 3.63423E-2 4.20806E-2 4.26226E-2 4.46587E-2 4.45705E-2 4.46633E-2 4.59902E-2 5.39704E-2 6.16511E-2 5.97345E-2 6.59428E-2 8.39204E-2 1.0467E-1 1.18587E-1 1.30992E-1 1.40585E-1 1.49827E-1 1.44252E-1 1.69416E-1 -9999 -9999 -9999 -9999 -9999 -9999 -9999 -9999 -9999 -9999 -9999 -9999 -9999 -9999 -9999 -9999 -9999
-9999 -9999 -9999 -9999 -9999 -9999 -9999 -9999 -9999 -9999 -9999 -9999 -9999 -9999 3.28202E-2 3.24778E-2 3.20428E-2 9.99877E-2 9.01199E-2 8.18223E-2 7.81338E-2 7.27892E-2 6.53379E-2 6.16833E-2 5.93079E-2 5.75047E-2 5.48079E-2 4.54255E-2 4.19719E-2 3.58876E-2 3.47893E-2 3.71713E-2 3.60542E-2 3.41889E-2 3.34734E-2 3.57167E-2 3.52517E-2 3.44248E-2 3.74426E-2 3.82303E-2 4.06213E-2 3.88618E-2 4.20781E-2 5.24565E-2 4.95091E-2 5.68388E-2 6.98389E-2 8.54057E-2 9.69118E-2 1.01464E-1 1.2037E-1 1.28254E-1 1.33514E-1 1.3243E-1 1.72362E-1 -9999 -9999 -9999 -9999 -9999 -9999 -9999 -9999 -9999 -9999 -9999 -9999 -9999 -9999 -9999 -9999 -9999
-9999 -9999 -9999 -9999 -9999 -9999 -9999 -9999 -9999 -9999 -9999 -9999 -9999 -9999 3.14284E-2 3.217E-2 2.97774E-2 9.142E-2 8.90203E-2 7.9036E-2 7.76576E-2 6.67111E-2 6.22369E-2 5.9041E-2 5.50782E-2 5.40671E-2 4.86758E-2 4.52918E-2 3.90061E-2 3.64382E-2 3.42696E-2 3.36203E-2 3.42113E-2 3.35163E-2 3.16949E-2 3.15214E-2 3.20618E-2 3.1393E-2 3.38923E-2 3.42535E-2 3.67457E-2 3.76249E-2 4.3686E-2 4.83257E-2 4.47515E-2 4.946E-2 6.08843E-2 7.58695E-2 8.95352E-2 9.1238E-2 1.07571E-1 1.07582E-1 1.24752E-1 1.5242E-1 1.75868E-1 -9999 -9999 -9999 -9999 -9999 -9999 -9999 -9999 -9999 -9999 -9999 -9999 -9999 -9999 -9999 -9999 -9999
-9999 -9999 -9999 -9999 -9999 -9999 -9999 -9999 -9999 -9999 -9999 -9999 -9999 -9999 3.1311E-2 3.07859E-2 2.95922E-2 -9999 8.46122E-2 7.45527E-2 7.1161E-2 6.36685E-2 6.60641E-2 5.52162E-2 5.50508E-2 4.93856E-2 4.35925E-2 4.03855E-2 4.00342E-2 3.46325E-2 3.21676E-2 3.29002E-2 3.15984E-2 3.04895E-2 2.96689E-2 2.7912E-2 2.80369E-2 2.78316E-2 2.87356E-2 2.75238E-2 3.23738E-2 3.5769E-2 4.01391E-2 3.68287E-2 3.75304E-2 4.35973E-2 5.11111E-2 6.04445E-2 7.52285E-2 9.12236E-2 1.01905E-1 1.14627E-1 1.19425E-1 1.32071E-1 1.52466E-1 1.67999E-1 1.773E-1 -9999 -9999 -9999 -9999 -9999 -9999 -9999 -9999 -9999 -9999 -9999 -9999 -9999 -9999 -9999
-9999 -9999 -9999 -9999 -9999 -9999 -9999 -9999 -9999 -9999 -9999 -9999 -9999 -9999 -9999 -9999 -9999 -9999 -9999 7.60336E-2 6.97061E-2 5.87234E-2 5.1315E-2 4.68833E-2 4.61768E-2 3.86616E-2 3.62404E-2 3.25231E-2 3.20985E-2 3.23627E-2 3.0989E-2 2.86023E-2 3.08199E-2 2.74872E-2 2.66607E-2 2.41964E-2 2.52734E-2 2.46749E-2 2.62478E-2 2.88788E-2 3.09483E-2 3.11104E-2 3.39314E-2 3.23099E-2 3.65781E-2 3.81368E-2 4.39062E-2 4.8583E-2 6.73716E-2 8.01757E-2 8.99762E-2 8.44382E-2 8.30253E-2 1.0967E-1 1.33901E-1 1.47018E-1 1.49607E-1 1.92827E-1 2.04512E-1 -9999 -9999 -9999 -9999 -9999 -9999 -9999 -9999 -9999 -9999 -9999 -9999 -9999
-9999 -9999 -9999 -9999 -9999 -9999 -9999 -9999 -9999 -9999 -9999 -9999 -9999 -9999 -9999 -9999 -9999 -9999 -9999 6.20246E-2 5.50076E-2 5.41454E-2 4.63392E-2 4.19456E-2 3.87428E-2 3.42365E-2 3.24069E-2 3.31056E-2 3.08893E-2 2.91008E-2 2.94238E-2 2.65669E-2 2.53548E-2 2.5156E-2 2.37707E-2 2.24596E-2 2.32505E-2 2.28838E-2 2.32269E-2 2.45491E-2 2.6703E-2 2.93786E-2 3.08165E-2 3.48285E-2 3.55951E-2 3.89156E-2 4.46075E-2 4.61432E-2 6.53358E-2 7.59699E-2 7.06142E-2 7.00187E-2 7.50368E-2 8.90502E-2 1.20064E-1 1.37621E-1 1.53064E-1 1.83124E-1 2.08965E-1 -9999 -9999 -9999 -9999 -9999 -9999 -9999 -9999 -9999 -9999 -9999 -9999 -9999
-9999 -9999 -9999 -9999 -9999 -9999 -9999 -9999 -9999 -9999 -9999 -9999 -9999 -9999 -9999 -9999 -9999 -9999 -9999 6.07425E-2 5.86725E-2 5.35493E-2 4.60251E-2 4.12695E-2 4.15156E-2 4.00063E-2 3.6229E-2 3.16044E-2 2.575E-2 2.92779E-2 2.83402E-2 2.40528E-2 2.27899E-2 2.32834E-2 2.11873E-2 2.14229E-2 2.15092E-2 1.93357E-2 1.97828E-2 2.32089E-2 2.46307E-2 2.69075E-2 2.96179E-2 3.11195E-2 3.00268E-2 3.34792E-2 3.90003E-2 4.87482E-2 6.06786E-2 6.1686E-2 6.3307E-2 6.78249E-2 7.84283E-2 9.37585E-2 1.20759E-1 1.36242E-1 1.51466E-1 1.73329E-1 -9999 -9999 -9999 -9999 -9999 -9999 -9999 -9999 -9999 -9999 -9999 -9999 -9999 -9999
-9999 -9999 -9999 -9999 -9999 -9999 -9999 -9999 -9999 -9999 -9999 -9999 -9999 -9999 -9999 -9999 -9999 -9999 -9999 5.64358E-2 5.29922E-2 4.92566E-2 4.3539E-2 4.16715E-2 3.891E-2 3.74523E-2 3.38936E-2 2.92294E-2 2.66936E-2 2.79211E-2 2.57114E-2 2.4355E-2 2.11417E-2 2.27904E-2 2.02305E-2 1.98489E-2 1.93868E-2 1.77621E-2 1.72674E-2 2.12687E-2 2.19233E-2 2.53347E-2 2.69627E-2 3.02023E-2 2.83485E-2 3.61395E-2 3.9699E-2 5.03437E-2 5.52801E-2 5.97285E-2 6.436E-2 6.39625E-2 7.34972E-2 8.97055E-2 1.17124E-1 1.2148E-1 1.36582E-1 1.6175E-1 -9999 -9999 -9999 -9999 -9999 -9999 -9999 -9999 -9999 -9999 -9999 -9999 -9999 -9999
-9999 -9999 -9999 -9999 -9999 -9999 -9999 -9999 -9999 -9999 -9999 -9999 -9999 -9999 -9999 -9999 -9999 -9999 5.46604E-2 5.21276E-2 4.78237E-2 4.62837E-2 3.82965E-2 3.29238E-2 3.1818E-2 3.16905E-2 3.16082E-2 3.00689E-2 2.74789E-2 2.44057E-2 2.42423E-2 2.27088E-2 2.21496E-2 2.09443E-2 1.9387E-2 1.7497E-2 1.88735E-2 1.81089E-2 1.56067E-2 1.84338E-2 2.29157E-2 2.35695E-2 2.491E-2 2.86734E-2 3.16264E-2 3.17246E-2 3.76668E-2 3.81496E-2 4.66181E-2 4.40058E-2 5.20498E-2 4.97013E-2 5.6553E-2 7.64423E-2 1.04763E-1 1.11869E-1 1.38686E-1 1.57242E-1 -9999 -9999 -9999 -9999 -9999 -9999 -9999 -9999 -9999 -9999 -9999 -9999 -9999 -9999
-9999 -9999 -9999 -9999 -9999 -9999 -9999 -9999 -9999 -9999 -9999 -9999 -9999 -9999 -9999 -9999 -9999 -9999 5.27573E-2 4.61412E-2 4.18614E-2 4.41287E-2 3.57963E-2 2.8707E-2 2.85018E-2 3.05179E-2 2.81456E-2 2.83277E-2 2.54553E-2 2.38886E-2 2.14367E-2 2.0432E-2 1.98064E-2 1.92713E-2 1.83263E-2 1.82666E-2 1.70813E-2 1.69575E-2 1.73444E-2 1.7102E-2 2.20964E-2 2.26688E-2 2.49915E-2 2.34856E-2 2.57218E-2 2.89649E-2 3.0386E-2 3.22052E-2 4.25488E-2 3.83947E-2 3.83727E-2 4.60615E-2 5.5284E-2 7.41077E-2 1.04468E-1 1.21097E-1 1.27111E-1 -9999 -9999 -9999 -9999 -9999 -9999 -9999 -9999 -9999 -9999 -9999 -9999 -9999 -9999 -9999
-9999 -9999 -9999 -9999 -9999 -9999 -9999 -9999 -9999 -9999 -9999 -9999 -9999 -9999 -9999 -9999 -9999 4.70385E-2 4.3075E-2 4.18803E-2 3.8928E-2 4.16367E-2 3.77176E-2 3.40021E-2 3.36251E-2 3.14549E-2 2.74918E-2 2.70951E-2 2.32532E-2 2.08332E-2 1.87925E-2 1.97271E-2 1.90936E-2 1.76792E-2 1.73501E-2 1.78666E-2 1.62928E-2 1.56365E-2 1.63927E-2 1.78394E-2 2.13474E-2 2.18213E-2 2.32612E-2 2.08655E-2 2.3946E-2 2.64711E-2 2.78032E-2 3.52976E-2 3.52101E-2 3.34763E-2 4.04934E-2 4.51604E-2 5.30941E-2 7.00332E-2 8.77026E-2 1.09495E-1 1.21117E-1 -9999 1.43601E-1 1.62176E-1 1.7995E-1 -9999 -9999 -9999 -9999 -9999 -9999 -9999 -9999 -9999 -9999 -9999
-9999 -9999 -9999 -9999 -9999 -9999 -9999 -9999 -9999 -9999 -9999 -9999 -9999 -9999 -9999 -9999 4.28126E-2 3.65561E-2 3.2474E-2 3.5451E-2 4.13462E-2 4.0311E-2 3.40949E-2 3.21693E-2 3.13178E-2 2.84355E-2 2.59472E-2 2.51607E-2 2.21931E-2 1.92163E-2 1.98076E-2 1.74429E-2 1.76731E-2 1.58326E-2 1.65645E-2 1.65703E-2 1.47832E-2 1.513E-2 1.54359E-2 1.87687E-2 1.96167E-2 1.96283E-2 2.03394E-2 2.03781E-2 2.01159E-2 2.54275E-2 2.41245E-2 3.25092E-2 3.5296E-2 3.84437E-2 4.15798E-2 4.4904E-2 5.34383E-2 5.82335E-2 7.88266E-2 9.9725E-2 1.14443E-1 1.22218E-1 1.36095E-1 1.43324E-1 1.69906E-1 -9999 -9999 -9999 -9999 -9999 -9999 -9999 -9999 -9999 -9999 -9999
-9999 -9999 -9999 -9999 -9999 -9999 -9999 -9999 -9999 -9999 -9999 -9999 -9999 -9999 1.45862E-2 4.6329E-2 4.22726E-2 3.69811E-2 3.44748E-2 3.65014E-2 3.72895E-2 3.5369E-2 3.19144E-2 2.7153E-2 2.52025E-2 2.13147E-2 2.07172E-2 2.19267E-2 1.95735E-2 1.87371E-2 1.83124E-2 1.67543E-2 1.5041E-2 1.50932E-2 1.52165E-2 1.58283E-2 1.57459E-2 1.47432E-2 1.6316E-2 1.71881E-2 1.70874E-2 1.81934E-2 1.79972E-2 1.84161E-2 2.19703E-2 2.47177E-2 2.30575E-2 2.73789E-2 2.59368E-2 2.71786E-2 3.45055E-2 4.22117E-2 5.31539E-2 5.56759E-2 6.71615E-2 9.00322E-2 1.04729E-1 1.16775E-1 1.15019E-1 1.38433E-1 1.65756E-1 -9999 -9999 -9999 -9999 -9999 -9999 -9999 -9999 -9999 -9999 -9999
-9999 -9999 -9999 -9999 -9999 -9999 -9999 -9999 -9999 -9999 -9999 -9999 -9999 -9999 4.82832E-2 4.88926E-2 4.29506E-2 3.83947E-2 3.27891E-2 3.59379E-2 3.26358E-2 3.01905E-2 2.79853E-2 2.39761E-2 2.06985E-2 1.77184E-2 1.77566E-2 1.93624E-2 1.77136E-2 1.76981E-2 1.56592E-2 1.55097E-2 1.5594E-2 1.53321E-2 1.41247E-2 1.38474E-2 1.4363E-2 1.46844E-2 1.43202E-2 1.55661E-2 1.57029E-2 1.61094E-2 1.65033E-2 1.70354E-2 2.05557E-2 1.99858E-2 2.19768E-2 2.32388E-2 2.19695E-2 2.39662E-2 3.44724E-2 3.81774E-2 4.43789E-2 5.09892E-2 5.60148E-2 7.43721E-2 1.00246E-1 1.07072E-1 1.03224E-1 1.34134E-1 1.51084E-1 -9999 -9999 -9999 -9999 -9999 -9999 -9999 -9999 -9999 -9999 -9999
-9999 -9999 -9999 -9999 -9999 -9999 -9999 -9999 -9999 -9999 -9999 -9999 -9999 -9999 5.04568E-2 4.61872E-2 3.6881E-2 3.39961E-2 3.358E-2 3.01269E-2 2.76965E-2 2.54205E-2 2.2685E-2 2.14785E-2 1.83786E-2 1.91106E-2 1.80244E-2 2.02399E-2 1.80491E-2 1.78212E-2 1.71108E-2 1.59452E-2 1.54561E-2 1.46573E-2 1.30903E-2 1.30592E-2 1.30477E-2 1.34772E-2 1.2495E-2 1.27849E-2 1.38915E-2 1.57005E-2 1.52854E-2 1.55152E-2 1.94063E-2 2.01975E-2 2.12012E-2 2.59009E-2 2.40946E-2 2.4057E-2 2.83574E-2 3.36136E-2 3.57218E-2 4.18311E-2 5.09556E-2 6.62848E-2 8.74889E-2 9.97083E-2 9.95333E-2 1.10964E-1 1.35747E-1 -9999 -9999 -9999 -9999 -9999 -9999 -9999 -9999 -9999 -9999 -9999
-9999 -9999 -9999 -9999 -9999 -9999 -9999 -9999 -9999 -9999 -9999 -9999 -9999 -9999 1.20155E-2 3.67992E-2 3.2723E-2 3.15989E-2 3.24813E-2 2.76868E-2 2.46015E-2 2.37136E-2 2.11557E-2 2.17075E-2 1.8811E-2 2.01131E-2 1.91412E-2 1.84193E-2 1.71128E-2 1.58863E-2 1.47841E-2 1.5156E-2 1.40719E-2 1.3342E-2 1.38433E-2 1.24069E-2 1.22242E-2 1.13138E-2 1.20535E-2 1.2305E-2 1.28794E-2 1.43264E-2 1.48936E-2 1.50542E-2 1.73757E-2 1.76481E-2 1.91243E-2 2.21895E-2 2.30915E-2 2.56037E-2 2.69977E-2 3.52989E-2 3.3025E-2 3.44876E-2 5.18871E-2 6.32867E-2 8.52854E-2 9.23483E-2 9.5414E-2 1.09197E-1 1.30942E-1 -9999 -9999 -9999 -9999 -9999 -9999 -9999 -9999 -9999 -9999 -9999
-9999 -9999 -9999 -9999 -9999 -9999 -9999 -9999 -9999 -9999 -9999 -9999 -9999 -9999 1.11416E-2 3.38904E-2 3.27742E-2 3.14154E-2 2.7764E-2 2.37944E-2 2.14936E-2 2.2844E-2 2.25033E-2 2.37396E-2 2.05151E-2 1.89666E-2 1.75877E-2 1.65393E-2 1.42711E-2 1.4716E-2 1.2688E-2 1.33448E-2 1.3432E-2 1.25134E-2 1.25207E-2 1.17667E-2 1.06572E-2 1.1403E-2 1.28321E-2 1.27378E-2 1.36602E-2 1.53367E-2 1.43339E-2 1.35425E-2 1.61092E-2 1.52845E-2 1.81043E-2 2.19684E-2 2.46773E-2 2.66242E-2 2.65094E-2 3.13604E-2 3.76776E-2 4.04805E-2 4.69492E-2 5.89446E-2 7.50998E-2 8.60548E-2 8.85554E-2 9.9626E-2 1.31156E-1 -9999 -9999 -9999 -9999 -9999 -9999 -9999 -9999 -9999 -9999 -9999
-9999 -9999 -9999 -9999 -9999 -9999 -9999 -9999 -9999 -9999 -9999 -9999 -9999 -9999 1.02558E-2 3.39904E-2 3.01315E-2 3.04436E-2 2.58537E-2 2.27654E-2 2.13767E-2 2.25141E-2 2.24308E-2 1.83853E-2 1.76164E-2 1.66548E-2 1.62162E-2 1.51275E-2 1.40616E-2 1.36624E-2 1.18669E-2 1.21624E-2 1.16529E-2 1.16414E-2 1.14242E-2 1.13141E-2 1.08377E-2 1.26656E-2 1.29727E-2 1.2586E-2 1.35204E-2 1.33795E-2 1.30002E-2 1.25025E-2 1.39706E-2 1.39649E-2 1.54279E-2 1.89523E-2 2.1316E-2 2.31426E-2 2.60692E-2 3.09405E-2 3.61692E-2 3.71399E-2 3.96265E-2 3.9727E-2 6.12355E-2 7.85309E-2 8.4746E-2 8.61473E-2 1.15066E-1 -9999 -9999 -9999 -9999 -9999 -9999 -9999 -9999 -9999 -9999 -9999
-9999 -9999 -9999 -9999 -9999 -9999 -9999 -9999 -9999 -9999 -9999 -9999 -9999 -9999 -9999 3.08093E-2 2.70764E-2 2.90479E-2 2.38162E-2 1.94471E-2 1.95119E-2 2.01418E-2 1.90289E-2 1.5688E-2 1.57554E-2 1.39858E-2 1.41428E-2 1.2368E-2 1.41067E-2 1.2893E-2 1.15823E-2 1.07895E-2 1.0489E-2 1.02829E-2 1.05629E-2 9.73816E-3 1.0804E-2 1.20101E-2 1.21648E-2 1.19023E-2 1.2715E-2 1.19693E-2 1.30968E-2 1.18605E-2 1.20376E-2 1.30135E-2 1.47238E-2 1.43609E-2 1.8513E-2 2.15229E-2 2.21218E-2 2.65072E-2 3.00229E-2 3.45851E-2 3.28707E-2 3.87955E-2 5.06174E-2 7.10752E-2 7.38632E-2 9.23802E-2 1.08459E-1 1.29951E-1 -9999 -9999 -9999 -9999 -9999 -9999 -9999 -9999 -9999 -9999
-9999 -9999 -9999 -9999 -9999 -9999 -9999 -9999 -9999 -9999 -9999 -9999 -9999 -9999 -9999 8.27753E-3 2.7075E-2 2.70709E-2 2.17406E-2 1.87848E-2 1.9307E-2 1.93928E-2 1.76876E-2 1.45118E-2 1.16779E-2 1.16922E-2 1.14293E-2 1.14962E-2 1.19161E-2 1.10118E-2 1.05508E-2 9.58682E-3 9.04088E-3 8.49075E-3 8.31104E-3 9.52803E-3 1.10025E-2 1.13808E-2 1.05895E-2 1.05229E-2 1.06122E-2 1.07272E-2 1.0942E-2 1.14555E-2 1.11332E-2 1.13614E-2 1.18915E-2 1.2504E-2 1.55859E-2 1.91738E-2 2.18015E-2 2.29198E-2 2.71464E-2 3.42973E-2 3.67924E-2 3.83197E-2 5.14983E-2 6.72192E-2 7.41297E-2 8.03614E-2 9.86535E-2 -9999 -9999 -9999 -9999 -9999 -9999 -9999 -9999 -9999 -9999 -9999
-9999 -9999 -9999 -9999 -9999 -9999 -9999 -9999 -9999 -9999 -9999 -9999 -9999 -9999 -9999 -9999 2.31955E-2 2.30533E-2 1.90308E-2 1.59719E-2 1.94032E-2 1.62386E-2 1.26143E-2 1.11277E-2 1.13782E-2 1.25993E-2 1.26507E-2 1.13396E-2 1.03414E-2 9.58928E-3 9.0302E-3 8.98388E-3 8.46879E-3 9.3717E-3 8.7669E-3 9.29057E-3 1.05167E-2 1.1454E-2 9.86496E-3 9.17718E-3 1.03129E-2 1.04294E-2 1.02277E-2 1.08112E-2 1.09224E-2 1.28775E-2 1.24986E-2 1.43593E-2 1.6965E-2 1.78208E-2 2.16853E-2 2.41259E-2 2.98717E-2 3.15476E-2 2.99599E-2 3.4521E-2 4.27843E-2 6.07609E-2 6.73398E-2 7.67503E-2 9.33211E-2 -9999 -9999 -9999 -9999 -9999 -9999 -9999 -9999 -9999 -9999 -9999
-9999 -9999 -9999 -9999 -9999 -9999 -9999 -9999 -9999 -9999 -9999 -9999 -9999 -9999 -9999 6.2547E-3 2.15754E-2 2.12901E-2 1.71629E-2 1.56453E-2 1.67038E-2 1.31716E-2 1.22502E-2 1.10983E-2 1.25049E-2 1.12192E-2 1.01837E-2 9.81107E-3 1.04025E-2 9.77448E-3 8.39221E-3 8.47786E-3 9.87578E-3 1.09609E-2 1.06986E-2 1.04159E-2 1.07593E-2 1.04681E-2 9.68434E-3 9.90674E-3 1.05304E-2 1.0274E-2 1.08927E-2 1.02868E-2 1.07382E-2 1.19039E-2 1.1418E-2 1.54681E-2 1.37073E-2 1.44752E-2 2.1442E-2 2.41436E-2 2.62809E-2 2.64112E-2 2.66463E-2 3.34377E-2 4.21312E-2 4.71799E-2 5.94201E-2 6.06276E-2 8.41579E-2 -9999 -9999 -9999 -9999 -9999 -9999 -9999 -9999 -9999 -9999 -9999
-9999 -9999 -9999 -9999 -9999 -9999 -9999 -9999 -9999 -9999 -9999 -9999 -9999 -9999 -9999 6.4336E-3 5.8778E-3 1.86219E-2 1.63173E-2 1.65219E-2 1.53724E-2 1.19564E-2 1.23596E-2 1.11225E-2 1.05465E-2 1.11286E-2 1.06483E-2 9.98109E-3 1.05343E-2 1.02762E-2 9.52116E-3 1.01389E-2 1.07798E-2 9.82939E-3 1.09645E-2 1.10146E-2 9.72064E-3 1.00151E-2 9.26024E-3 9.79771E-3 9.98425E-3 1.02731E-2 9.85223E-3 1.00678E-2 1.06626E-2 1.07145E-2 1.06411E-2 1.50756E-2 1.35542E-2 1.76158E-2 1.98634E-2 2.31262E-2 2.44262E-2 2.64805E-2 2.94548E-2 3.47758E-2 3.66412E-2 4.30694E-2 5.29795E-2 6.1012E-2 8.12555E-2 8.87999E-2 -9999 -9999 -9999 -9999 -9999 -9999 -9999 -9999 -9999 -9999
-9999 -9999 -9999 -9999 -9999 -9999 -9999 -9999 -9999 -9999 -9999 -9999 -9999 -9999 6.54932E-3 6.02191E-3 1.9531E-2 1.83812E-2 1.53473E-2 1.41674E-2 1.2144E-2 1.19444E-2 1.05775E-2 9.395E-3 9.74442E-3 1.01113E-2 9.74564E-3 1.07172E-2 1.07997E-2 1.02191E-2 9.84358E-3 1.04623E-2 9.65908E-3 9.60499E-3 9.20803E-3 8.64391E-3 8.70249E-3 8.87301E-3 8.29602E-3 8.93943E-3 9.0953E-3 9.20833E-3 9.28875E-3 9.46516E-3 1.1107E-2 1.19975E-2 1.28289E-2 1.38143E-2 1.54082E-2 1.73878E-2 1.88186E-2 1.93288E-2 2.21102E-2 2.27825E-2 2.44539E-2 2.86459E-2 2.96137E-2 4.2466E-2 5.4282E-2 5.34068E-2 6.0678E-2 8.32458E-2 8.86355E-2 -9999 -9999 -9999 -9999 -9999 -9999 -9999 -9999 -9999
-9999 -9999 -9999 -9999 -9999 -9999 -9999 -9999 -9999 -9999 -9999 -9999 -9999 -9999 6.3226E-3 1.96011E-2 1.81621E-2 1.58523E-2 1.40679E-2 1.23802E-2 1.06107E-2 9.85804E-3 9.01621E-3 8.38472E-3 8.08606E-3 7.37778E-3 8.33042E-3 9.99903E-3 9.8269E-3 9.01773E-3 9.21198E-3 8.7905E-3 8.64353E-3 8.10063E-3 8.08846E-3 7.51477E-3 7.59126E-3 8.1776E-3 8.23379E-3 7.78809E-3 8.2612E-3 8.98032E-3 8.76303E-3 9.896E-3 1.02632E-2 9.33717E-3 1.17997E-2 1.33069E-2 1.42276E-2 1.55906E-2 1.67575E-2 1.79528E-2 2.00465E-2 1.97035E-2 1.88411E-2 2.1366E-2 3.21071E-2 4.51467E-2 5.25235E-2 4.92941E-2 5.46055E-2 7.3227E-2 8.39353E-2 -9999 -9999 -9999 -9999 -9999 -9999 -9999 -9999 -9999
-9999 -9999 -9999 -9999 -9999 -9999 -9999 -9999 -9999 -9999 -9999 -9999 -9999 6.571E-3 6.0628E-3 1.87991E-2 1.67404E-2 1.44471E-2 1.28748E-2 1.19421E-2 1.06414E-2 9.49862E-3 9.39239E-3 8.82001E-3 8.38997E-3 8.29008E-3 8.7283E-3 9.95799E-3 8.63734E-3 7.19488E-3 8.28708E-3 8.12479E-3 8.25825E-3 7.65217E-3 7.1786E-3 6.89994E-3 7.10429E-3 6.55277E-3 7.20641E-3 7.19637E-3 7.73594E-3 8.03781E-3 8.5409E-3 8.27656E-3 8.31236E-3 8.61821E-3 8.61951E-3 1.16685E-2 1.19602E-2 1.34829E-2 1.39238E-2 1.43389E-2 1.79307E-2 1.95349E-2 2.08521E-2 2.25922E-2 3.10947E-2 3.75864E-2 4.9148E-2 4.43649E-2 5.43786E-2 6.94545E-2 8.322E-2 -9999 -9999 -9999 -9999 -9999 -9999 -9999 -9999 -9999
-9999 -9999 -9999 -9999 -9999 -9999 -9999 -9999 -9999 -9999 -9999 -9999 6.87674E-3 6.40191E-3 2.0632E-2 1.7511E-2 1.58827E-2 1.34363E-2 1.19076E-2 1.12279E-2 1.02177E-2 1.01941E-2 8.14439E-3 6.86215E-3 7.35671E-3 7.38864E-3 9.45218E-3 8.87585E-3 8.4828E-3 8.60886E-3 7.74627E-3 6.68996E-3 7.04049E-3 7.04708E-3 7.07772E-3 7.02297E-3 6.94029E-3 7.29951E-3 6.8019E-3 7.20158E-3 6.86603E-3 6.59428E-3 7.69574E-3 8.37046E-3 8.38802E-3 9.14698E-3 8.81257E-3 1.03262E-2 1.21297E-2 1.2764E-2 1.1921E-2 1.26343E-2 1.59023E-2 1.91757E-2 1.93442E-2 1.95134E-2 2.58341E-2 3.50129E-2 4.45215E-2 4.77742E-2 5.53357E-2 6.29707E-2 7.15178E-2 -9999 -9999 -9999 -9999 -9999 -9999 -9999 -9999 -9999
-9999 -9999 -9999 -9999 -9999 -9999 -9999 -9999 -9999 -9999 -9999 -9999 7.22362E-3 6.31317E-3 1.9065E-2 1.65844E-2 1.51138E-2 1.23549E-2 1.14854E-2 1.02738E-2 9.30607E-3 8.71691E-3 8.17667E-3 7.5177E-3 7.00702E-3 7.81744E-3 8.05338E-3 9.08014E-3 8.20341E-3 7.6342E-3 6.64656E-3 6.2393E-3 6.15089E-3 5.88341E-3 6.28415E-3 6.6087E-3 7.77739E-3 7.90502E-3 6.63506E-3 6.45567E-3 7.38481E-3 7.29793E-3 7.5418E-3 7.59965E-3 7.73898E-3 7.67349E-3 7.2377E-3 9.25096E-3 1.13214E-2 1.21083E-2 1.29822E-2 1.3236E-2 1.54938E-2 1.62391E-2 1.65519E-2 1.66662E-2 2.14373E-2 2.78579E-2 3.99622E-2 4.54111E-2 4.4736E-2 5.79813E-2 -9999 -9999 -9999 -9999 -9999 -9999 -9999 -9999 -9999 -9999
-9999 -9999 -9999 -9999 -9999 -9999 -9999 -9999 -9999 -9999 -9999 -9999 7.20893E-3 6.08305E-3 1.89476E-2 1.67384E-2 1.53598E-2 1.30034E-2 1.1164E-2 9.56344E-3 8.54444E-3 8.27828E-3 8.08119E-3 7.85607E-3 7.72271E-3 9.03621E-3 8.6927E-3 8.58266E-3 7.29945E-3 6.47524E-3 6.2048E-3 6.94246E-3 6.85083E-3 6.72657E-3 6.44638E-3 6.71346E-3 6.80995E-3 7.3276E-3 7.50934E-3 6.82098E-3 6.56685E-3 7.29365E-3 7.07988E-3 7.458E-3 6.53496E-3 7.45005E-3 7.72775E-3 8.88073E-3 1.04088E-2 1.22613E-2 1.30995E-2 1.38257E-2 1.54402E-2 1.68513E-2 1.72271E-2 1.51153E-2 2.05212E-2 3.12239E-2 3.29849E-2 4.12532E-2 4.58955E-2 5.56549E-2 -9999 -9999 -9999 -9999 -9999 -9999 -9999 -9999 -9999 -9999
