Artocarpus altilis SDM files/Last interglacial/results (without the bias file)/Artalt_median.asc
ncols         1201
nrows         481
xllcorner     119.99986351115
yllcorner     -15.00013864885
cellsize      0.041666667
NODATA_value  -9999
[rows 448 to 479 of 481, columns 216 to 287 of 1201]
-9999 -9999 -9999 -9999 -9999 -9999 -9999 -9999 -9999 -9999 -9999 -9999 -9999 -9999 -9999 -9999 -9999 -9999 3.4087E-2 2.93072E-2 2.68525E-2 2.37007E-2 2.22903E-2 2.1068E-2 1.85501E-2 1.67206E-2 1.44084E-2 1.21128E-2 9.73473E-3 8.42885E-3 7.11175E-3 6.3489E-3 5.22568E-3 4.6716E-3 3.93266E-3 3.75703E-3 3.50039E-3 3.12279E-3 2.81014E-3 2.82736E-3 2.5626E-3 2.40688E-3 2.04226E-3 2.03026E-3 1.94615E-3 1.94009E-3 1.90953E-3 1.98412E-3 1.80652E-3 1.84835E-3 1.86301E-3 2.01842E-3 1.93641E-3 1.93435E-3 1.92837E-3 2.03656E-3 2.18821E-3 2.30201E-3 2.08322E-3 2.14343E-3 2.14624E-3 2.63112E-3 2.46176E-3 2.63029E-3 2.85272E-3 2.91887E-3 2.80178E-3 2.60919E-3 2.77421E-3 2.86809E-3 2.91495E-3 3.21036E-3
-9999 -9999 -9999 -9999 -9999 -9999 -9999 -9999 -9999 -9999 -9999 -9999 -9999 -9999 -9999 -9999 -9999 -9999 3.07713E-2 2.90082E-2 2.71627E-2 2.37785E-2 2.08425E-2 1.89412E-2 1.68186E-2 1.51861E-2 1.30466E-2 1.12083E-2 8.86379E-3 7.6197E-3 6.56515E-3 5.92098E-3 5.09593E-3 4.14944E-3 3.72944E-3 3.42322E-3 3.11678E-3 2.96593E-3 2.90627E-3 2.69937E-3 2.355E-3 2.17909E-3 1.97665E-3 2.00878E-3 1.93914E-3 1.78173E-3 1.71426E-3 1.86415E-3 1.84545E-3 1.84473E-3 1.88525E-3 1.97017E-3 1.85697E-3 1.92561E-3 1.91511E-3 2.05352E-3 2.16723E-3 2.13084E-3 2.27498E-3 2.11191E-3 2.02553E-3 2.19525E-3 2.34111E-3 2.46018E-3 2.68819E-3 2.86983E-3 2.72986E-3 2.70388E-3 2.91137E-3 3.05521E-3 3.09856E-3 3.08363E-3
-9999 -9999 -9999 -9999 -9999 -9999 -9999 -9999 -9999 -9999 -9999 -9999 -9999 -9999 -9999 -9999 -9999 -9999 3.07668E-2 2.87366E-2 2.39683E-2 2.15379E-2 1.85159E-2 1.64354E-2 1.46761E-2 1.30938E-2 1.15641E-2 1.01314E-2 8.23825E-3 7.00121E-3 6.23327E-3 5.12125E-3 4.55695E-3 4.04978E-3 3.6048E-3 3.37661E-3 3.09106E-3 2.9327E-3 2.66055E-3 2.66305E-3 2.5086E-3 2.08574E-3 1.83916E-3 1.80603E-3 1.9178E-3 1.77088E-3 1.6E-3 1.6688E-3 1.88342E-3 1.85476E-3 1.88686E-3 1.844E-3 1.88539E-3 1.93473E-3 1.94662E-3 1.96451E-3 2.0515E-3 2.11304E-3 2.06322E-3 2.12679E-3 2.13111E-3 2.1101E-3 2.28225E-3 2.47708E-3 2.66128E-3 2.76017E-3 2.83723E-3 2.73529E-3 3.06744E-3 2.80994E-3 3.05043E-3 2.77336E-3
-9999 -9999 -9999 -9999 -9999 -9999 -9999 -9999 -9999 -9999 -9999 -9999 -9999 -9999 -9999 -9999 -9999 -9999 2.92008E-2 2.61285E-2 2.26593E-2 2.09178E-2 1.76701E-2 1.58026E-2 1.32321E-2 1.18683E-2 1.03977E-2 9.22424E-3 7.97116E-3 5.98292E-3 5.20955E-3 4.51571E-3 4.20949E-3 3.76856E-3 3.67272E-3 3.16512E-3 2.82921E-3 2.83702E-3 2.48964E-3 2.44154E-3 2.30577E-3 2.02564E-3 1.74557E-3 1.75212E-3 1.89238E-3 1.86415E-3 1.68619E-3 1.64186E-3 1.77976E-3 1.7634E-3 1.90074E-3 1.85483E-3 1.83762E-3 1.81245E-3 1.8484E-3 1.94587E-3 2.03051E-3 2.105E-3 2.10419E-3 2.23706E-3 2.21175E-3 2.27642E-3 2.28652E-3 2.4691E-3 2.59589E-3 2.56967E-3 2.46609E-3 2.6779E-3 2.70941E-3 2.892E-3 2.73822E-3 2.58789E-3
-9999 -9999 -9999 -9999 -9999 -9999 -9999 -9999 -9999 -9999 -9999 -9999 -9999 -9999 -9999 -9999 -9999 2.87123E-2 2.58899E-2 2.61262E-2 2.16181E-2 1.87367E-2 1.6859E-2 1.53501E-2 1.37646E-2 1.11517E-2 9.02748E-3 7.8978E-3 7.42014E-3 6.13947E-3 4.78099E-3 4.26065E-3 3.98033E-3 3.43552E-3 3.3012E-3 3.05882E-3 2.80183E-3 2.63076E-3 2.42909E-3 2.29961E-3 2.35293E-3 2.06936E-3 1.7925E-3 1.73049E-3 1.54788E-3 1.68586E-3 1.64313E-3 1.4915E-3 1.49791E-3 1.68872E-3 1.59567E-3 1.75275E-3 1.71623E-3 1.80584E-3 1.96827E-3 2.08099E-3 2.08365E-3 2.14112E-3 2.24257E-3 2.28264E-3 2.20866E-3 2.26269E-3 2.12382E-3 2.55456E-3 2.41058E-3 2.31449E-3 2.32343E-3 2.76554E-3 2.87867E-3 2.72811E-3 2.79889E-3 2.64627E-3
-9999 -9999 -9999 -9999 -9999 -9999 -9999 -9999 -9999 -9999 -9999 -9999 -9999 -9999 -9999 -9999 -9999 2.62876E-2 2.36726E-2 2.37894E-2 2.06732E-2 1.85401E-2 1.47849E-2 1.28529E-2 1.17584E-2 1.00237E-2 8.17162E-3 6.87218E-3 6.60667E-3 5.73593E-3 4.61181E-3 3.91122E-3 3.34939E-3 3.31174E-3 3.14691E-3 2.87438E-3 2.6003E-3 2.59265E-3 2.26234E-3 2.17786E-3 2.11042E-3 2.02985E-3 1.96006E-3 1.79527E-3 1.65535E-3 1.63149E-3 1.3853E-3 1.47959E-3 1.42317E-3 1.65742E-3 1.68232E-3 1.75033E-3 1.80192E-3 1.87231E-3 1.90957E-3 2.03166E-3 2.00126E-3 2.25469E-3 2.08535E-3 2.19552E-3 2.26614E-3 2.24265E-3 2.13203E-3 2.21004E-3 2.28352E-3 2.27598E-3 2.53395E-3 2.63644E-3 2.65414E-3 2.77815E-3 2.68491E-3 2.55949E-3
-9999 -9999 -9999 -9999 -9999 -9999 -9999 -9999 -9999 -9999 -9999 -9999 -9999 -9999 -9999 -9999 -9999 2.4063E-2 2.204E-2 2.04171E-2 1.89156E-2 1.68658E-2 1.43435E-2 1.22958E-2 1.07551E-2 8.63549E-3 7.47856E-3 5.82835E-3 4.81432E-3 4.51813E-3 4.35951E-3 3.79768E-3 3.51267E-3 3.06998E-3 3.14169E-3 2.62147E-3 2.44739E-3 2.29272E-3 2.19416E-3 2.0215E-3 1.85597E-3 1.81294E-3 1.84556E-3 1.71294E-3 1.61051E-3 1.2906E-3 1.38343E-3 1.45652E-3 1.54016E-3 1.66709E-3 1.76947E-3 1.78198E-3 1.81105E-3 1.93976E-3 1.98417E-3 1.86277E-3 2.21087E-3 2.13009E-3 2.25271E-3 2.28409E-3 2.24751E-3 2.20749E-3 2.32167E-3 2.21352E-3 2.20516E-3 2.22819E-3 2.46938E-3 2.53922E-3 2.5339E-3 2.62962E-3 2.70919E-3 2.55639E-3
-9999 -9999 -9999 -9999 -9999 -9999 -9999 -9999 -9999 -9999 -9999 -9999 -9999 -9999 -9999 -9999 -9999 2.13533E-2 1.90423E-2 1.65038E-2 1.64778E-2 1.55588E-2 1.42749E-2 1.15604E-2 9.74456E-3 7.16531E-3 6.26949E-3 5.2323E-3 4.58761E-3 3.92631E-3 3.36357E-3 3.22699E-3 3.45375E-3 3.16628E-3 2.78153E-3 2.65239E-3 2.29407E-3 2.16573E-3 1.91045E-3 1.85741E-3 1.76333E-3 1.67801E-3 1.99588E-3 1.77573E-3 1.54362E-3 1.61794E-3 1.45929E-3 1.64355E-3 1.70791E-3 1.78253E-3 1.69338E-3 1.78259E-3 1.71285E-3 1.95373E-3 1.89944E-3 1.86875E-3 1.99205E-3 2.05736E-3 2.18407E-3 2.36929E-3 2.33406E-3 2.36999E-3 2.34168E-3 2.11763E-3 2.23336E-3 2.45806E-3 2.57498E-3 2.58603E-3 2.36756E-3 2.50761E-3 2.38335E-3 2.53965E-3
-9999 -9999 -9999 -9999 -9999 -9999 -9999 -9999 -9999 -9999 -9999 -9999 -9999 -9999 -9999 -9999 -9999 2.00584E-2 1.7995E-2 1.54471E-2 1.48336E-2 1.25749E-2 1.17152E-2 1.0768E-2 8.56166E-3 7.13538E-3 6.22389E-3 5.26734E-3 4.42923E-3 3.67626E-3 3.06121E-3 3.24981E-3 3.05038E-3 2.77651E-3 2.72188E-3 2.51347E-3 2.20736E-3 1.96082E-3 1.93721E-3 1.82887E-3 1.69123E-3 1.65521E-3 1.72083E-3 1.54635E-3 1.68538E-3 1.64827E-3 1.52359E-3 1.69366E-3 1.66336E-3 1.79299E-3 1.58713E-3 1.79172E-3 1.75586E-3 1.7597E-3 1.75759E-3 1.90116E-3 1.87986E-3 2.04655E-3 2.19847E-3 2.22484E-3 2.18163E-3 2.32635E-3 2.35582E-3 2.23773E-3 2.05681E-3 2.26143E-3 2.37386E-3 2.6645E-3 2.65826E-3 2.38075E-3 2.38301E-3 2.22225E-3
-9999 -9999 -9999 -9999 -9999 -9999 -9999 -9999 -9999 -9999 -9999 -9999 -9999 -9999 2.44675E-2 -9999 1.97323E-2 2.00799E-2 1.70207E-2 1.47809E-2 1.32591E-2 1.12812E-2 1.01296E-2 9.12738E-3 8.03987E-3 6.61309E-3 5.52795E-3 5.11857E-3 4.38055E-3 3.40785E-3 3.10348E-3 3.03851E-3 2.929E-3 2.58192E-3 2.53889E-3 2.23497E-3 2.04542E-3 2.02093E-3 1.98257E-3 1.91216E-3 1.62432E-3 1.51779E-3 1.47269E-3 1.67436E-3 1.55771E-3 1.80577E-3 1.62833E-3 1.60139E-3 1.62042E-3 1.64804E-3 1.64906E-3 1.84321E-3 1.77018E-3 1.86486E-3 1.89601E-3 1.85389E-3 1.89075E-3 1.93048E-3 2.05411E-3 2.01902E-3 2.15594E-3 2.06978E-3 2.1991E-3 2.06608E-3 1.98943E-3 1.97093E-3 2.39732E-3 2.52753E-3 2.34879E-3 2.3857E-3 2.26652E-3 2.19892E-3
-9999 -9999 -9999 -9999 -9999 -9999 -9999 -9999 -9999 -9999 -9999 2.94072E-2 2.84283E-2 -9999 2.19783E-2 1.9822E-2 1.91813E-2 1.78894E-2 1.61537E-2 1.41523E-2 1.21099E-2 1.09523E-2 9.83511E-3 8.20628E-3 6.65445E-3 5.61436E-3 4.67175E-3 4.35131E-3 3.98462E-3 3.49587E-3 3.0313E-3 2.67035E-3 2.83832E-3 2.62555E-3 2.34282E-3 2.1308E-3 1.88838E-3 1.91138E-3 1.95815E-3 1.81653E-3 1.68523E-3 1.45812E-3 1.34723E-3 1.36433E-3 1.46654E-3 1.72838E-3 1.74201E-3 1.54926E-3 1.68045E-3 1.73708E-3 1.65223E-3 1.716E-3 1.55271E-3 1.71599E-3 1.79598E-3 1.76873E-3 1.78544E-3 1.82594E-3 1.88277E-3 1.91773E-3 2.14752E-3 2.13248E-3 2.09157E-3 2.10325E-3 1.98953E-3 1.88902E-3 2.24156E-3 2.2586E-3 2.32956E-3 2.24346E-3 2.31375E-3 2.25198E-3
-9999 -9999 -9999 -9999 -9999 -9999 -9999 -9999 -9999 -9999 -9999 2.61704E-2 2.45141E-2 2.21729E-2 1.94032E-2 1.80169E-2 1.69706E-2 1.66914E-2 1.40095E-2 1.31903E-2 1.13394E-2 1.01188E-2 8.81021E-3 7.12163E-3 6.1883E-3 5.08731E-3 4.87364E-3 4.02719E-3 3.49974E-3 3.06884E-3 2.87083E-3 3.06378E-3 2.68289E-3 2.63867E-3 2.3483E-3 2.14677E-3 1.89213E-3 1.80945E-3 1.85857E-3 1.61109E-3 1.68764E-3 1.509E-3 1.43418E-3 1.31135E-3 1.49307E-3 1.7214E-3 1.56488E-3 1.60825E-3 1.66139E-3 1.6608E-3 1.69482E-3 1.71446E-3 1.68703E-3 1.80164E-3 1.81368E-3 1.81038E-3 1.82188E-3 1.86193E-3 1.92611E-3 2.03926E-3 2.03812E-3 2.08933E-3 2.10826E-3 2.10681E-3 2.1452E-3 1.96058E-3 2.23692E-3 2.14077E-3 2.23007E-3 2.11728E-3 2.21845E-3 2.15364E-3
-9999 -9999 -9999 -9999 -9999 -9999 -9999 -9999 -9999 -9999 -9999 2.46394E-2 2.19058E-2 1.9924E-2 1.77904E-2 1.55916E-2 1.43996E-2 1.35663E-2 1.30769E-2 1.1424E-2 1.06885E-2 9.46783E-3 8.33687E-3 7.07694E-3 5.97545E-3 5.08534E-3 4.30665E-3 3.6661E-3 2.98243E-3 2.77165E-3 2.92683E-3 3.0081E-3 2.48781E-3 2.48605E-3 2.32232E-3 2.02413E-3 1.84545E-3 1.67483E-3 1.45832E-3 1.56479E-3 1.66614E-3 1.5161E-3 1.46608E-3 1.61743E-3 1.4816E-3 1.59949E-3 1.59738E-3 1.47342E-3 1.54634E-3 1.61797E-3 1.68633E-3 1.69892E-3 1.83517E-3 1.87053E-3 1.878E-3 1.88063E-3 1.89792E-3 1.95986E-3 2.00283E-3 1.9958E-3 2.0321E-3 2.05062E-3 2.11777E-3 2.06562E-3 2.21456E-3 2.21586E-3 2.07591E-3 2.27803E-3 2.02313E-3 2.09866E-3 1.80697E-3 1.79547E-3
-9999 -9999 -9999 -9999 -9999 -9999 -9999 -9999 -9999 -9999 2.1302E-2 2.11169E-2 1.92978E-2 1.75514E-2 1.5592E-2 1.41558E-2 1.26297E-2 1.20578E-2 1.08513E-2 1.02987E-2 9.43558E-3 7.99488E-3 6.94866E-3 6.02711E-3 5.52311E-3 4.50096E-3 3.91399E-3 3.31403E-3 3.00621E-3 2.69057E-3 2.62755E-3 2.61779E-3 2.09582E-3 2.12597E-3 2.3296E-3 1.97384E-3 1.61027E-3 1.47975E-3 1.45467E-3 1.43024E-3 1.49752E-3 1.64141E-3 1.50991E-3 1.55374E-3 1.42642E-3 1.67763E-3 1.69985E-3 1.60776E-3 1.50883E-3 1.59983E-3 1.68029E-3 1.76728E-3 1.82075E-3 1.95477E-3 1.9439E-3 2.09344E-3 2.03605E-3 2.00862E-3 2.00271E-3 1.79993E-3 1.99311E-3 2.06881E-3 1.96249E-3 1.92018E-3 1.94332E-3 1.95441E-3 2.13576E-3 2.25861E-3 2.01464E-3 1.94239E-3 1.89649E-3 1.73938E-3
-9999 -9999 -9999 -9999 -9999 -9999 -9999 -9999 -9999 1.96033E-2 1.99197E-2 1.83386E-2 1.77181E-2 1.62042E-2 1.38945E-2 1.27544E-2 1.226E-2 1.06443E-2 8.92756E-3 9.17268E-3 8.41048E-3 6.56578E-3 5.76002E-3 5.50064E-3 4.75422E-3 3.90406E-3 3.40257E-3 2.75788E-3 2.7003E-3 2.57154E-3 2.2043E-3 2.23257E-3 1.963E-3 1.87266E-3 2.03042E-3 1.75181E-3 1.60559E-3 1.38978E-3 1.33306E-3 1.35282E-3 1.28844E-3 1.3779E-3 1.53478E-3 1.13708E-3 1.23445E-3 1.53703E-3 1.57937E-3 1.55097E-3 1.59549E-3 1.73482E-3 1.7483E-3 1.74304E-3 1.76561E-3 1.86572E-3 2.02545E-3 2.10062E-3 2.13254E-3 2.04013E-3 1.94363E-3 1.8974E-3 1.87659E-3 1.88822E-3 1.86484E-3 1.89149E-3 1.89002E-3 1.9413E-3 1.92989E-3 2.02709E-3 2.12087E-3 1.91378E-3 1.80911E-3 1.75893E-3
-9999 -9999 -9999 -9999 -9999 -9999 -9999 -9999 -9999 1.82972E-2 1.66876E-2 1.5665E-2 1.46908E-2 1.40314E-2 1.27653E-2 1.10652E-2 1.05961E-2 9.21809E-3 8.41814E-3 8.31983E-3 7.26324E-3 6.12308E-3 5.51379E-3 4.56333E-3 4.39385E-3 3.71108E-3 2.92123E-3 2.83776E-3 2.41893E-3 2.30002E-3 2.21163E-3 1.9903E-3 1.96133E-3 1.76207E-3 1.70142E-3 1.60618E-3 1.59481E-3 1.47371E-3 1.37995E-3 1.23414E-3 1.24281E-3 1.19499E-3 1.24163E-3 9.87408E-4 1.24547E-3 1.47406E-3 1.65664E-3 1.64281E-3 1.54931E-3 1.65516E-3 1.62899E-3 1.66419E-3 1.8842E-3 1.94173E-3 1.98272E-3 2.00426E-3 2.06313E-3 2.11914E-3 2.0738E-3 1.91041E-3 1.97143E-3 1.88073E-3 1.86623E-3 1.92359E-3 1.87754E-3 1.797E-3 1.8902E-3 1.88803E-3 1.92877E-3 1.91689E-3 1.73358E-3 1.73686E-3
-9999 -9999 -9999 -9999 -9999 -9999 -9999 -9999 -9999 1.55237E-2 1.39536E-2 1.32527E-2 1.23121E-2 1.24846E-2 1.15182E-2 1.04933E-2 8.92697E-3 7.68944E-3 8.0921E-3 7.35339E-3 5.83803E-3 5.03814E-3 4.83703E-3 4.0994E-3 3.58169E-3 3.2437E-3 2.78441E-3 2.27692E-3 2.16706E-3 2.05517E-3 1.94762E-3 1.81459E-3 1.84547E-3 1.61497E-3 1.47718E-3 1.43722E-3 1.4977E-3 1.48449E-3 1.28322E-3 1.08404E-3 1.14669E-3 1.17832E-3 9.6515E-4 1.08519E-3 1.31157E-3 1.37689E-3 1.28456E-3 1.61448E-3 1.65285E-3 1.58848E-3 1.6829E-3 1.67142E-3 1.69671E-3 1.96322E-3 2.04172E-3 1.96264E-3 2.13718E-3 2.17551E-3 2.20494E-3 2.15206E-3 1.93909E-3 1.85492E-3 1.96516E-3 2.02382E-3 2.0328E-3 1.92889E-3 1.70667E-3 1.6223E-3 1.78966E-3 1.82119E-3 1.73862E-3 1.59603E-3
-9999 -9999 -9999 -9999 -9999 -9999 -9999 -9999 1.39957E-2 1.35206E-2 1.25667E-2 1.16935E-2 1.07837E-2 1.02376E-2 8.758E-3 8.54107E-3 7.08606E-3 7.22722E-3 6.72185E-3 5.29162E-3 5.3595E-3 4.62922E-3 4.27737E-3 3.78781E-3 3.13934E-3 2.71391E-3 2.41022E-3 2.17069E-3 2.11174E-3 1.79389E-3 1.72752E-3 1.70106E-3 1.64517E-3 1.52575E-3 1.38248E-3 1.40105E-3 1.16776E-3 1.18072E-3 1.32229E-3 1.20965E-3 1.19075E-3 1.03014E-3 1.13278E-3 1.38356E-3 1.49596E-3 1.45986E-3 1.22701E-3 1.27199E-3 1.69181E-3 1.72394E-3 1.74161E-3 1.54464E-3 1.54057E-3 1.81784E-3 2.16967E-3 1.95641E-3 1.83614E-3 2.08699E-3 2.2694E-3 2.08359E-3 2.05813E-3 1.91654E-3 1.76943E-3 1.87761E-3 1.80207E-3 1.71057E-3 1.70521E-3 1.68643E-3 1.70227E-3 1.66571E-3 1.77094E-3 1.65259E-3
-9999 -9999 -9999 -9999 -9999 -9999 -9999 -9999 1.28804E-2 1.11386E-2 1.01396E-2 9.93613E-3 9.90525E-3 8.21226E-3 8.0618E-3 7.50495E-3 6.31611E-3 5.76506E-3 4.78556E-3 4.12252E-3 4.29265E-3 3.97746E-3 3.79042E-3 3.19966E-3 3.02359E-3 2.35582E-3 2.20362E-3 2.04046E-3 2.04822E-3 1.77762E-3 1.70667E-3 1.56739E-3 1.49743E-3 1.37194E-3 1.28302E-3 1.19031E-3 1.14681E-3 1.19514E-3 1.20822E-3 1.15221E-3 1.23443E-3 1.30431E-3 1.43632E-3 1.52245E-3 1.36227E-3 1.50454E-3 1.36267E-3 1.16196E-3 1.33882E-3 1.63327E-3 1.62925E-3 1.68696E-3 1.5544E-3 1.50284E-3 1.81427E-3 1.9744E-3 2.01569E-3 2.09358E-3 2.03576E-3 1.97656E-3 2.13294E-3 1.99944E-3 1.88674E-3 1.79588E-3 1.80067E-3 1.78457E-3 1.66024E-3 1.74465E-3 1.71607E-3 1.57507E-3 1.63271E-3 1.60414E-3
-9999 -9999 -9999 -9999 -9999 -9999 -9999 -9999 1.11855E-2 9.21982E-3 9.05653E-3 7.89975E-3 7.22431E-3 6.6991E-3 6.07503E-3 6.10916E-3 5.1194E-3 5.05145E-3 4.12742E-3 4.09992E-3 3.54212E-3 3.37954E-3 3.14969E-3 2.71953E-3 2.53439E-3 2.17724E-3 2.02867E-3 2.02607E-3 1.79689E-3 1.74286E-3 1.61733E-3 1.43442E-3 1.41367E-3 1.31043E-3 1.2586E-3 1.19125E-3 1.17129E-3 1.17236E-3 1.19189E-3 1.17871E-3 1.03593E-3 1.09844E-3 1.25657E-3 1.33105E-3 1.35933E-3 1.47584E-3 1.43197E-3 1.23063E-3 1.3742E-3 1.33758E-3 1.45018E-3 1.67118E-3 1.82236E-3 1.60106E-3 1.47497E-3 1.77132E-3 1.90793E-3 1.74897E-3 1.77826E-3 1.84653E-3 1.95158E-3 2.11573E-3 2.14255E-3 1.94253E-3 1.64511E-3 1.75513E-3 1.72891E-3 1.69068E-3 1.61962E-3 1.56581E-3 1.54496E-3 1.59721E-3
-9999 -9999 -9999 -9999 -9999 -9999 -9999 -9999 -9999 -9999 8.14578E-3 6.82018E-3 6.37975E-3 5.98184E-3 5.72526E-3 5.35563E-3 4.6739E-3 3.94227E-3 3.35936E-3 3.3179E-3 3.29476E-3 3.00311E-3 2.3952E-3 2.452E-3 2.18589E-3 1.90173E-3 1.87365E-3 1.80608E-3 1.80376E-3 1.60915E-3 1.60326E-3 1.54884E-3 1.42473E-3 1.1515E-3 1.1111E-3 1.08285E-3 1.087E-3 1.06608E-3 1.20199E-3 1.06954E-3 1.08684E-3 1.00252E-3 1.08288E-3 1.2242E-3 1.35383E-3 1.31815E-3 1.32936E-3 1.2414E-3 1.30009E-3 1.33078E-3 1.2113E-3 1.43156E-3 1.68404E-3 1.61844E-3 1.52711E-3 1.46315E-3 1.57645E-3 1.84123E-3 1.77849E-3 1.78804E-3 1.60585E-3 1.9835E-3 2.07267E-3 1.99631E-3 1.92821E-3 1.81231E-3 1.79055E-3 1.6207E-3 1.49547E-3 1.39841E-3 1.34533E-3 1.29477E-3
-9999 -9999 -9999 -9999 -9999 -9999 -9999 -9999 -9999 -9999 7.10039E-3 6.3744E-3 5.91711E-3 5.22489E-3 4.87667E-3 4.6627E-3 4.27646E-3 3.76444E-3 3.36617E-3 2.91792E-3 2.85722E-3 2.62257E-3 2.38434E-3 2.06156E-3 1.99385E-3 1.97008E-3 1.79227E-3 1.73415E-3 1.62078E-3 1.45527E-3 1.42416E-3 1.35067E-3 1.25771E-3 1.29255E-3 1.22807E-3 9.99438E-4 1.00886E-3 9.94811E-4 1.04422E-3 9.22187E-4 9.17737E-4 9.1616E-4 9.85429E-4 1.11512E-3 1.30118E-3 1.35118E-3 1.36242E-3 1.30333E-3 1.28882E-3 1.28702E-3 1.3513E-3 1.34806E-3 1.41734E-3 1.28197E-3 1.49027E-3 1.52664E-3 1.66407E-3 1.72133E-3 1.76086E-3 1.8128E-3 1.77143E-3 1.74415E-3 1.78617E-3 1.74925E-3 1.68808E-3 1.5188E-3 1.64638E-3 1.58683E-3 1.47832E-3 1.45249E-3 1.21568E-3 1.12868E-3
-9999 -9999 -9999 -9999 -9999 -9999 -9999 -9999 -9999 -9999 -9999 -9999 4.93194E-3 4.59891E-3 4.51324E-3 3.92611E-3 3.60705E-3 3.1542E-3 2.75724E-3 2.68336E-3 2.51138E-3 2.45856E-3 2.34003E-3 2.01934E-3 1.70769E-3 1.31684E-3 1.23999E-3 1.3599E-3 1.20618E-3 1.32122E-3 1.30597E-3 1.11346E-3 1.04507E-3 1.13404E-3 1.14188E-3 1.03099E-3 9.69257E-4 8.646E-4 9.61047E-4 6.89144E-4 8.92001E-4 1.03793E-3 9.82315E-4 1.01543E-3 1.07881E-3 1.09624E-3 1.20357E-3 1.35694E-3 1.28539E-3 1.18287E-3 1.05535E-3 1.07058E-3 1.18326E-3 1.29172E-3 1.53347E-3 1.50563E-3 1.64384E-3 1.64687E-3 1.65351E-3 1.82816E-3 1.97398E-3 1.90381E-3 1.75239E-3 1.85635E-3 1.71677E-3 1.45806E-3 1.4309E-3 1.42485E-3 1.48686E-3 1.37937E-3 1.38784E-3 1.07949E-3
-9999 -9999 -9999 -9999 -9999 -9999 -9999 -9999 -9999 -9999 -9999 -9999 -9999 -9999 3.61934E-3 3.25285E-3 2.97183E-3 2.89009E-3 2.62471E-3 2.51102E-3 2.34691E-3 2.14715E-3 1.96192E-3 1.61821E-3 1.28165E-3 1.06375E-3 1.34495E-3 1.46359E-3 1.14939E-3 1.16115E-3 1.0891E-3 8.82264E-4 1.14474E-3 8.15351E-4 9.47352E-4 1.05183E-3 9.56047E-4 8.0145E-4 6.3687E-4 8.84385E-4 1.08113E-3 1.10626E-3 1.0458E-3 1.09014E-3 1.09598E-3 9.18068E-4 1.08638E-3 1.03089E-3 9.74897E-4 1.03969E-3 1.12718E-3 1.14629E-3 1.40087E-3 1.50107E-3 1.32844E-3 1.50228E-3 1.44549E-3 1.46235E-3 1.7969E-3 1.72966E-3 1.87465E-3 1.67627E-3 1.74274E-3 1.6772E-3 1.56382E-3 1.51171E-3 1.62628E-3 1.47486E-3 1.45388E-3 1.07383E-3 1.24271E-3 1.15823E-3
-9999 -9999 -9999 -9999 -9999 -9999 -9999 -9999 -9999 -9999 -9999 -9999 -9999 3.46696E-3 2.98078E-3 2.77727E-3 2.53258E-3 2.43085E-3 2.26313E-3 2.24014E-3 2.06405E-3 1.70189E-3 1.47455E-3 1.30591E-3 1.28634E-3 1.1743E-3 1.3784E-3 1.37814E-3 1.30062E-3 9.74295E-4 7.1429E-4 1.01933E-3 8.85346E-4 8.30028E-4 8.62584E-4 6.61202E-4 7.34302E-4 7.96238E-4 1.03849E-3 1.01657E-3 1.02289E-3 1.1037E-3 1.15448E-3 1.01431E-3 1.01898E-3 9.19626E-4 9.88122E-4 8.17801E-4 8.84298E-4 1.18662E-3 8.89729E-4 9.7023E-4 9.67688E-4 9.84983E-4 1.29546E-3 1.3795E-3 1.54343E-3 1.26052E-3 1.38475E-3 1.83832E-3 1.75468E-3 1.62173E-3 1.49766E-3 1.41377E-3 1.36009E-3 1.32097E-3 1.19317E-3 1.25278E-3 1.18845E-3 1.12323E-3 1.003E-3 9.45929E-4
-9999 -9999 -9999 -9999 -9999 -9999 -9999 -9999 -9999 -9999 -9999 -9999 -9999 -9999 2.78286E-3 2.18068E-3 2.03174E-3 2.12413E-3 1.95822E-3 1.64131E-3 1.57018E-3 1.18069E-3 1.21235E-3 1.23253E-3 1.28257E-3 1.30368E-3 1.35126E-3 1.28511E-3 1.24697E-3 7.138E-4 1.09006E-3 1.0206E-3 1.13185E-3 1.15595E-3 9.08259E-4 6.70508E-4 6.74432E-4 8.36233E-4 1.05886E-3 1.01924E-3 9.28637E-4 9.21948E-4 9.34371E-4 8.38407E-4 9.17321E-4 6.78944E-4 8.3305E-4 6.55253E-4 9.81271E-4 1.07563E-3 9.54306E-4 9.11463E-4 9.24201E-4 1.12804E-3 1.21561E-3 1.30118E-3 1.15604E-3 1.37461E-3 9.32883E-4 1.32638E-3 1.57926E-3 1.50884E-3 1.39914E-3 1.27076E-3 1.32397E-3 1.38204E-3 1.20729E-3 1.0091E-3 1.06091E-3 9.49593E-4 9.43793E-4 8.92952E-4
-9999 -9999 -9999 -9999 -9999 -9999 -9999 -9999 -9999 -9999 -9999 -9999 -9999 -9999 -9999 1.99472E-3 1.8038E-3 1.66984E-3 1.31281E-3 1.11759E-3 1.34891E-3 1.0574E-3 1.26448E-3 1.27783E-3 1.36966E-3 1.44453E-3 1.27457E-3 1.13846E-3 7.20404E-4 1.00648E-3 1.03498E-3 1.00163E-3 1.04545E-3 9.86874E-4 8.67255E-4 8.63044E-4 6.92949E-4 8.47916E-4 9.2013E-4 9.5453E-4 8.23704E-4 8.93503E-4 8.12048E-4 6.28981E-4 8.54626E-4 6.94933E-4 5.47592E-4 6.67649E-4 7.40463E-4 7.76842E-4 8.86622E-4 9.74184E-4 1.21248E-3 9.96919E-4 8.8405E-4 9.26786E-4 1.03949E-3 1.10995E-3 1.00673E-3 8.38669E-4 8.7957E-4 9.24681E-4 1.12469E-3 1.26277E-3 1.29709E-3 1.47017E-3 1.32976E-3 1.19353E-3 9.81632E-4 1.11185E-3 1.06553E-3 1.09743E-3
-9999 -9999 -9999 -9999 -9999 -9999 -9999 -9999 -9999 -9999 -9999 1.84754E-3 1.81114E-3 -9999 -9999 1.76068E-3 1.54198E-3 1.28841E-3 8.8371E-4 1.07217E-3 8.73129E-4 1.09306E-3 1.24318E-3 1.36167E-3 1.3095E-3 1.24022E-3 1.07683E-3 8.87385E-4 7.03882E-4 1.0906E-3 7.78268E-4 1.00362E-3 1.02814E-3 8.68319E-4 7.15304E-4 7.515E-4 8.40539E-4 9.71741E-4 9.55776E-4 7.76332E-4 7.46126E-4 6.42648E-4 5.88522E-4 4.67537E-4 4.02156E-4 4.35629E-4 5.59184E-4 6.84893E-4 6.69114E-4 8.22568E-4 7.88889E-4 8.99115E-4 1.05077E-3 1.16675E-3 1.03351E-3 8.94628E-4 7.82932E-4 6.39099E-4 6.96468E-4 7.11616E-4 7.13093E-4 8.16356E-4 1.03798E-3 1.25334E-3 1.24948E-3 1.27987E-3 1.29113E-3 1.12086E-3 1.0231E-3 1.05439E-3 1.04977E-3 1.07632E-3
-9999 -9999 -9999 -9999 -9999 -9999 -9999 -9999 -9999 -9999 -9999 -9999 1.65794E-3 1.41004E-3 1.43729E-3 -9999 1.36409E-3 1.2073E-3 1.14981E-3 9.20724E-4 9.64335E-4 9.97773E-4 1.06756E-3 1.18723E-3 1.08201E-3 9.17001E-4 8.81775E-4 7.58041E-4 9.52552E-4 8.84464E-4 7.03164E-4 9.67592E-4 8.02946E-4 6.2414E-4 5.85101E-4 5.63854E-4 8.34911E-4 1.01742E-3 8.34927E-4 4.74039E-4 3.77296E-4 3.83394E-4 3.83047E-4 4.37793E-4 5.36052E-4 6.13596E-4 7.37608E-4 8.89714E-4 9.20131E-4 9.33701E-4 8.58262E-4 1.03673E-3 1.01085E-3 1.08496E-3 1.22267E-3 1.12613E-3 7.86647E-4 8.02155E-4 8.48275E-4 8.98495E-4 8.16893E-4 9.64747E-4 1.10555E-3 1.17706E-3 1.34356E-3 1.19762E-3 1.04264E-3 9.50229E-4 1.05429E-3 1.00006E-3 9.27216E-4 9.57352E-4
-9999 -9999 -9999 -9999 -9999 1.63706E-3 1.59597E-3 1.60051E-3 -9999 -9999 -9999 -9999 1.34283E-3 1.25368E-3 1.26053E-3 1.17752E-3 1.18814E-3 1.106E-3 1.02108E-3 8.73261E-4 9.9852E-4 1.09396E-3 9.22979E-4 1.01749E-3 9.28975E-4 9.21757E-4 8.82366E-4 8.40361E-4 9.9133E-4 5.91844E-4 7.30198E-4 7.87305E-4 5.96135E-4 6.14542E-4 8.42519E-4 8.95821E-4 9.44931E-4 9.65334E-4 8.41996E-4 8.58602E-4 8.275E-4 6.02396E-4 5.62871E-4 6.47613E-4 6.51878E-4 7.93739E-4 8.70255E-4 7.80887E-4 8.79356E-4 9.17919E-4 8.90759E-4 8.82226E-4 1.02615E-3 9.7999E-4 9.57659E-4 6.32821E-4 9.19598E-4 1.01026E-3 1.06534E-3 9.29678E-4 8.4974E-4 1.02416E-3 1.00632E-3 1.08008E-3 1.07633E-3 1.04548E-3 9.67579E-4 1.03349E-3 9.61136E-4 1.01753E-3 9.43502E-4 8.488E-4
1.46051E-3 1.52328E-3 1.42857E-3 -9999 -9999 1.39564E-3 1.39846E-3 1.27517E-3 1.27019E-3 -9999 -9999 -9999 -9999 1.089E-3 1.0529E-3 9.81201E-4 9.87067E-4 1.08411E-3 8.22806E-4 1.00527E-3 9.69765E-4 9.38624E-4 9.43293E-4 8.80391E-4 7.22533E-4 7.55464E-4 5.82947E-4 8.76254E-4 8.27355E-4 7.81814E-4 7.12714E-4 7.27117E-4 8.26566E-4 8.71202E-4 9.02262E-4 9.03797E-4 8.82943E-4 8.38184E-4 7.78179E-4 7.05876E-4 7.83182E-4 9.08745E-4 8.76029E-4 8.54897E-4 8.18184E-4 8.31246E-4 8.30438E-4 8.20852E-4 7.58345E-4 6.01734E-4 8.40827E-4 8.72891E-4 8.40143E-4 7.76016E-4 7.20459E-4 5.56932E-4 8.33707E-4 9.53229E-4 9.25857E-4 8.43317E-4 8.28825E-4 7.22821E-4 7.57503E-4 9.01309E-4 9.3747E-4 8.30128E-4 1.02124E-3 9.30833E-4 8.5188E-4 9.27681E-4 9.30278E-4 7.95203E-4
1.21871E-3 1.2185E-3 1.19129E-3 -9999 -9999 1.18976E-3 1.18588E-3 1.08116E-3 1.02747E-3 9.58387E-4 9.53581E-4 9.60272E-4 -9999 8.9582E-4 9.34902E-4 8.15948E-4 8.55275E-4 6.63545E-4 6.1347E-4 7.96099E-4 8.28048E-4 8.24396E-4 7.56522E-4 7.2664E-4 5.4497E-4 4.56978E-4 5.01064E-4 6.8663E-4 8.16213E-4 7.83863E-4 8.52875E-4 8.14807E-4 7.85234E-4 7.66928E-4 7.49081E-4 7.94449E-4 8.16577E-4 8.49803E-4 7.84618E-4 5.11908E-4 3.37122E-4 5.47977E-4 5.34308E-4 3.94668E-4 5.74964E-4 7.00664E-4 7.39583E-4 7.73026E-4 8.03466E-4 7.64436E-4 6.06423E-4 6.92499E-4 7.47935E-4 4.26445E-4 3.83425E-4 6.31483E-4 6.6743E-4 8.51655E-4 9.35943E-4 7.09771E-4 8.83051E-4 7.57947E-4 6.07979E-4 5.16718E-4 5.5414E-4 7.7336E-4 9.38405E-4 1.00231E-3 9.14308E-4 7.09398E-4 7.73076E-4 8.05327E-4
