Artocarpus altilis SDM files/Last interglacial/results (without the bias file)/Artalt_median.asc
ncols         1201
nrows         481
xllcorner     119.99986351115
yllcorner     -15.00013864885
cellsize      0.041666667
NODATA_value  -9999
[rows 128 to 159 of 481, columns 288 to 359 of 1201]
-9999 -9999 -9999 -9999 -9999 -9999 -9999 -9999 -9999 -9999 -9999 -9999 -9999 -9999 -9999 -9999 -9999 -9999 -9999 -9999 -9999 -9999 -9999 -9999 -9999 -9999 -9999 -9999 -9999 -9999 -9999 -9999 -9999 -9999 -9999 -9999 -9999 -9999 -9999 -9999 -9999 -9999 -9999 -9999 -9999 -9999 -9999 -9999 -9999 -9999 -9999 -9999 -9999 -9999 -9999 -9999 -9999 -9999 -9999 -9999 -9999 -9999 -9999 -9999 -9999 -9999 -9999 -9999 -9999 -9999 -9999 -9999
-9999 -9999 -9999 8.22686E-1 8.56161E-1 -9999 -9999 -9999 8.38487E-1 8.04524E-1 7.74991E-1 8.054E-1 8.0669E-1 8.06326E-1 7.88093E-1 8.10203E-1 8.14822E-1 -9999 -9999 -9999 -9999 -9999 -9999 -9999 -9999 -9999 -9999 -9999 -9999 -9999 -9999 -9999 -9999 -9999 -9999 -9999 -9999 -9999 -9999 -9999 -9999 -9999 -9999 -9999 -9999 -9999 -9999 -9999 -9999 -9999 -9999 -9999 -9999 -9999 -9999 -9999 -9999 -9999 -9999 -9999 -9999 -9999 -9999 -9999 -9999 -9999 -9999 -9999 -9999 -9999 -9999 -9999
-9999 -9999 -9999 -9999 8.71013E-1 8.49929E-1 8.10903E-1 8.18243E-1 7.92493E-1 6.93181E-1 6.61861E-1 7.16662E-1 6.79314E-1 6.90441E-1 6.55032E-1 6.52961E-1 6.93809E-1 7.00755E-1 8.06024E-1 -9999 -9999 -9999 -9999 -9999 -9999 -9999 -9999 -9999 -9999 -9999 -9999 -9999 -9999 -9999 -9999 -9999 -9999 -9999 -9999 -9999 -9999 -9999 -9999 -9999 -9999 -9999 -9999 -9999 -9999 -9999 -9999 -9999 -9999 -9999 -9999 -9999 -9999 -9999 -9999 -9999 -9999 -9999 -9999 -9999 -9999 -9999 -9999 -9999 -9999 -9999 -9999 -9999
-9999 -9999 -9999 8.57786E-1 8.48757E-1 7.29536E-1 6.72098E-1 7.131E-1 7.33856E-1 7.14434E-1 7.23519E-1 7.15833E-1 4.94174E-1 5.45137E-1 4.93845E-1 5.00233E-1 4.96181E-1 4.95492E-1 7.34187E-1 8.01294E-1 8.04176E-1 8.24445E-1 8.06184E-1 8.26867E-1 -9999 -9999 -9999 -9999 -9999 -9999 -9999 -9999 -9999 -9999 -9999 -9999 -9999 -9999 -9999 -9999 -9999 -9999 -9999 -9999 -9999 -9999 -9999 -9999 -9999 -9999 -9999 -9999 -9999 -9999 -9999 -9999 -9999 -9999 -9999 -9999 -9999 -9999 -9999 -9999 -9999 -9999 -9999 -9999 -9999 -9999 -9999 -9999
-9999 8.27354E-1 8.51639E-1 8.19516E-1 8.29647E-1 8.12464E-1 7.95166E-1 7.03608E-1 6.20339E-1 6.54918E-1 7.71188E-1 6.82131E-1 4.02256E-1 3.41505E-1 3.12444E-1 2.91511E-1 2.35913E-1 3.87834E-1 7.37897E-1 6.98734E-1 6.29887E-1 6.48836E-1 7.54592E-1 8.08818E-1 8.15809E-1 -9999 -9999 -9999 -9999 -9999 -9999 -9999 -9999 -9999 -9999 -9999 -9999 -9999 -9999 -9999 -9999 -9999 -9999 -9999 -9999 -9999 -9999 -9999 -9999 -9999 -9999 -9999 -9999 -9999 -9999 -9999 -9999 -9999 -9999 -9999 -9999 -9999 -9999 -9999 -9999 -9999 -9999 -9999 -9999 -9999 -9999 -9999
-9999 8.51902E-1 7.69458E-1 6.93307E-1 6.74643E-1 6.88521E-1 6.26706E-1 5.96036E-1 5.27291E-1 5.45738E-1 6.35084E-1 6.32053E-1 6.75629E-1 6.30727E-1 5.85427E-1 5.38284E-1 4.58413E-1 4.46647E-1 5.07609E-1 5.73386E-1 5.01724E-1 6.29087E-1 5.49579E-1 5.62407E-1 7.57729E-1 7.8423E-1 8.1509E-1 -9999 -9999 -9999 -9999 -9999 -9999 -9999 -9999 -9999 -9999 -9999 -9999 -9999 -9999 -9999 -9999 -9999 -9999 -9999 -9999 -9999 -9999 -9999 -9999 -9999 -9999 -9999 -9999 -9999 -9999 -9999 -9999 -9999 -9999 -9999 -9999 -9999 -9999 -9999 -9999 -9999 -9999 -9999 -9999 -9999
7.91691E-1 7.82204E-1 6.42589E-1 5.1558E-1 5.3088E-1 4.92101E-1 4.42838E-1 4.13345E-1 3.64448E-1 4.27262E-1 5.06651E-1 4.73775E-1 5.39184E-1 4.79635E-1 5.15413E-1 4.59456E-1 4.40055E-1 3.57088E-1 3.9592E-1 3.39302E-1 3.62356E-1 3.86042E-1 3.69356E-1 4.01081E-1 5.45153E-1 6.49815E-1 7.37302E-1 7.95967E-1 8.17628E-1 -9999 -9999 -9999 -9999 -9999 -9999 -9999 -9999 -9999 -9999 -9999 -9999 -9999 -9999 -9999 -9999 -9999 -9999 -9999 -9999 -9999 -9999 -9999 -9999 -9999 -9999 -9999 -9999 -9999 -9999 -9999 -9999 -9999 -9999 -9999 -9999 -9999 -9999 -9999 -9999 -9999 -9999 -9999
5.10516E-1 5.9649E-1 5.81724E-1 3.72107E-1 2.48782E-1 2.60365E-1 2.74267E-1 3.49373E-1 2.62686E-1 3.22321E-1 4.47075E-1 3.62471E-1 5.15152E-1 4.19214E-1 3.43846E-1 5.27411E-1 3.99142E-1 3.4625E-1 2.71836E-1 2.63843E-1 2.85732E-1 2.36811E-1 2.49223E-1 3.14245E-1 3.15877E-1 4.65565E-1 6.22392E-1 7.23031E-1 7.51439E-1 8.07144E-1 8.24301E-1 -9999 -9999 -9999 -9999 -9999 -9999 -9999 -9999 -9999 -9999 -9999 -9999 -9999 -9999 -9999 -9999 -9999 -9999 -9999 -9999 -9999 -9999 -9999 -9999 -9999 -9999 -9999 -9999 -9999 -9999 -9999 -9999 -9999 -9999 -9999 -9999 -9999 -9999 -9999 -9999 -9999
4.53505E-1 3.46298E-1 3.92374E-1 2.96875E-1 2.49428E-1 1.62847E-1 1.38699E-1 1.3018E-1 1.44325E-1 2.24727E-1 2.45627E-1 3.11706E-1 3.91405E-1 3.75213E-1 4.05645E-1 4.1588E-1 4.02732E-1 2.98368E-1 2.40996E-1 2.26513E-1 2.22719E-1 2.01962E-1 2.30516E-1 2.53436E-1 2.41532E-1 3.9849E-1 4.96318E-1 5.76498E-1 6.45027E-1 7.06944E-1 7.87291E-1 8.2153E-1 -9999 -9999 -9999 -9999 -9999 -9999 -9999 -9999 -9999 -9999 -9999 -9999 -9999 -9999 -9999 -9999 -9999 -9999 -9999 -9999 -9999 -9999 -9999 -9999 -9999 -9999 -9999 -9999 -9999 -9999 -9999 -9999 -9999 -9999 -9999 -9999 -9999 -9999 -9999 -9999
5.15165E-1 4.3889E-1 4.81163E-1 3.33653E-1 2.56418E-1 3.29951E-1 1.76556E-1 1.53987E-1 2.64366E-1 2.73732E-1 2.41456E-1 1.87614E-1 2.02044E-1 1.7917E-1 2.75651E-1 3.10962E-1 2.12269E-1 1.88345E-1 1.26421E-1 1.93939E-1 1.70394E-1 1.49394E-1 1.53127E-1 1.64771E-1 2.60358E-1 2.86139E-1 3.82425E-1 4.43595E-1 4.58911E-1 5.49898E-1 6.79822E-1 7.98835E-1 7.99476E-1 -9999 -9999 -9999 -9999 -9999 -9999 -9999 -9999 -9999 -9999 -9999 -9999 -9999 -9999 -9999 -9999 -9999 -9999 -9999 -9999 -9999 -9999 -9999 -9999 -9999 -9999 -9999 -9999 -9999 -9999 -9999 -9999 -9999 -9999 -9999 -9999 -9999 -9999 -9999
5.52863E-1 5.62454E-1 5.13395E-1 4.56009E-1 3.67742E-1 3.02451E-1 2.60962E-1 2.41597E-1 3.85956E-1 4.18845E-1 4.52313E-1 3.55867E-1 2.6333E-1 1.94701E-1 1.84028E-1 1.63271E-1 1.90155E-1 1.523E-1 2.0041E-1 3.73615E-1 2.64688E-1 2.1487E-1 1.82379E-1 1.63416E-1 1.47398E-1 1.58921E-1 2.60437E-1 2.4594E-1 2.96077E-1 4.89054E-1 5.51532E-1 6.58918E-1 7.3562E-1 7.68103E-1 7.37674E-1 7.24861E-1 7.50434E-1 7.48569E-1 7.68338E-1 7.52865E-1 7.67644E-1 -9999 7.48089E-1 7.75045E-1 6.90382E-1 7.02141E-1 7.19349E-1 7.90845E-1 -9999 -9999 -9999 -9999 -9999 -9999 -9999 -9999 -9999 -9999 -9999 -9999 -9999 -9999 -9999 -9999 -9999 -9999 -9999 -9999 -9999 -9999 -9999 -9999
6.18343E-1 6.02687E-1 5.85107E-1 5.91532E-1 4.80821E-1 3.27276E-1 2.50396E-1 2.56269E-1 4.46612E-1 4.31322E-1 3.50434E-1 2.93515E-1 2.71158E-1 2.95748E-1 2.69619E-1 2.90497E-1 3.38289E-1 2.82429E-1 2.92825E-1 3.67586E-1 3.51368E-1 3.41839E-1 3.18338E-1 2.81857E-1 2.60371E-1 2.70699E-1 2.56384E-1 2.26215E-1 2.19065E-1 3.3883E-1 4.3103E-1 5.11773E-1 6.11429E-1 6.48549E-1 7.08248E-1 7.04492E-1 7.27737E-1 7.21917E-1 7.32624E-1 7.3475E-1 7.78014E-1 7.64908E-1 7.7385E-1 7.72303E-1 6.90588E-1 6.79024E-1 7.42207E-1 7.84826E-1 7.92594E-1 -9999 -9999 -9999 -9999 -9999 -9999 -9999 -9999 -9999 -9999 -9999 -9999 -9999 -9999 -9999 -9999 -9999 -9999 -9999 -9999 -9999 -9999 -9999
6.59997E-1 6.07533E-1 5.20178E-1 4.71802E-1 3.49817E-1 3.11537E-1 2.92396E-1 2.31814E-1 2.7183E-1 3.28435E-1 3.64647E-1 2.90484E-1 2.51351E-1 2.03442E-1 1.88467E-1 2.17132E-1 1.65178E-1 1.48512E-1 1.47522E-1 2.41611E-1 3.22441E-1 4.17508E-1 5.01997E-1 5.2752E-1 5.33125E-1 5.30044E-1 5.05258E-1 4.75473E-1 4.23527E-1 2.94917E-1 3.87875E-1 5.59842E-1 5.10643E-1 5.25426E-1 6.01568E-1 6.33102E-1 6.72484E-1 6.63756E-1 6.64612E-1 7.04699E-1 7.2732E-1 7.63484E-1 7.49291E-1 7.37319E-1 7.14159E-1 6.94172E-1 7.88798E-1 7.59692E-1 7.97314E-1 8.08111E-1 7.90844E-1 -9999 -9999 -9999 -9999 -9999 -9999 -9999 -9999 -9999 -9999 -9999 -9999 -9999 -9999 -9999 -9999 -9999 -9999 -9999 -9999 -9999
4.26531E-1 3.4619E-1 4.38042E-1 4.63976E-1 5.19067E-1 3.96481E-1 4.36928E-1 3.97969E-1 2.98256E-1 2.87928E-1 3.17874E-1 3.0722E-1 2.86359E-1 3.17398E-1 3.34985E-1 1.87131E-1 2.0978E-1 2.84525E-1 2.70589E-1 3.23193E-1 4.43026E-1 4.67608E-1 4.9189E-1 4.14477E-1 3.51099E-1 3.69359E-1 3.50726E-1 3.63902E-1 4.21732E-1 4.80605E-1 4.82819E-1 4.62932E-1 4.03046E-1 3.39391E-1 3.68998E-1 4.74648E-1 4.74857E-1 4.88775E-1 5.12844E-1 5.77133E-1 6.55586E-1 7.14873E-1 7.0895E-1 7.05804E-1 7.05676E-1 7.17994E-1 7.56809E-1 7.22255E-1 7.48159E-1 8.07567E-1 8.21139E-1 8.27462E-1 -9999 -9999 -9999 -9999 -9999 -9999 -9999 -9999 -9999 -9999 -9999 -9999 -9999 -9999 -9999 -9999 -9999 -9999 -9999 -9999
4.63453E-1 4.9224E-1 4.36287E-1 4.6477E-1 5.01059E-1 5.17894E-1 5.46074E-1 3.33771E-1 2.96183E-1 3.03483E-1 2.59924E-1 2.97296E-1 3.16885E-1 3.10129E-1 3.95626E-1 5.29364E-1 4.66901E-1 3.36819E-1 3.7416E-1 3.75685E-1 3.66433E-1 3.88318E-1 3.75805E-1 3.4313E-1 3.02095E-1 2.98804E-1 3.27717E-1 2.87999E-1 3.15578E-1 3.08824E-1 3.06806E-1 3.25627E-1 3.14231E-1 3.20244E-1 2.46103E-1 3.13071E-1 3.75494E-1 3.84138E-1 4.33098E-1 5.21091E-1 4.59958E-1 5.58937E-1 6.35978E-1 6.77078E-1 6.97974E-1 7.01091E-1 7.04313E-1 7.62298E-1 8.07166E-1 8.46263E-1 8.33428E-1 8.27045E-1 -9999 -9999 -9999 -9999 -9999 -9999 -9999 -9999 -9999 -9999 -9999 -9999 -9999 -9999 -9999 -9999 -9999 -9999 -9999 -9999
6.31656E-1 6.30461E-1 5.42799E-1 5.83425E-1 5.42886E-1 5.14573E-1 3.9125E-1 3.28939E-1 2.75622E-1 2.6757E-1 2.45792E-1 2.47875E-1 3.62739E-1 3.51755E-1 2.80306E-1 3.93897E-1 3.75924E-1 4.74307E-1 3.58515E-1 3.24806E-1 3.73772E-1 3.08774E-1 3.28345E-1 3.82343E-1 3.48399E-1 3.23268E-1 3.41681E-1 3.18176E-1 3.45315E-1 2.8664E-1 2.48686E-1 2.25411E-1 2.20854E-1 3.28379E-1 2.62324E-1 2.34541E-1 3.52372E-1 3.03241E-1 2.48447E-1 4.85291E-1 4.41407E-1 3.87657E-1 5.01197E-1 5.58877E-1 6.10313E-1 6.56963E-1 6.44403E-1 7.53756E-1 8.23736E-1 8.39026E-1 8.22794E-1 -9999 -9999 -9999 -9999 -9999 -9999 -9999 -9999 -9999 -9999 -9999 -9999 -9999 -9999 -9999 -9999 6.76136E-1 6.83487E-1 6.82368E-1 7.08947E-1 -9999
5.82997E-1 4.61148E-1 4.59548E-1 4.18948E-1 3.89166E-1 4.28926E-1 3.68519E-1 3.76444E-1 3.3933E-1 3.4575E-1 2.98458E-1 2.962E-1 2.23169E-1 4.41E-1 2.67034E-1 3.17656E-1 4.12004E-1 3.94483E-1 4.48553E-1 2.93975E-1 2.73703E-1 2.74932E-1 3.83206E-1 3.32708E-1 4.17389E-1 3.6665E-1 3.1004E-1 2.96713E-1 2.55994E-1 2.34279E-1 2.35367E-1 2.4916E-1 1.94777E-1 2.20178E-1 2.49627E-1 1.78899E-1 3.07756E-1 1.8192E-1 2.31106E-1 2.85787E-1 4.77243E-1 3.72589E-1 3.6875E-1 3.34593E-1 4.06282E-1 5.6974E-1 6.28187E-1 6.64433E-1 7.66116E-1 7.89733E-1 -9999 -9999 -9999 -9999 -9999 -9999 -9999 -9999 -9999 -9999 -9999 -9999 -9999 -9999 -9999 -9999 6.7239E-1 7.39805E-1 7.99936E-1 7.96098E-1 7.34269E-1 -9999
6.09547E-1 5.21973E-1 5.77549E-1 4.60817E-1 4.21637E-1 4.35278E-1 3.01839E-1 3.52151E-1 3.15119E-1 3.65318E-1 3.43001E-1 3.42044E-1 2.85099E-1 3.78383E-1 3.00987E-1 2.31014E-1 2.2251E-1 3.69451E-1 2.33571E-1 2.00784E-1 2.27296E-1 2.15903E-1 3.02554E-1 3.64886E-1 3.19142E-1 2.54683E-1 3.0605E-1 3.20449E-1 2.62124E-1 2.83723E-1 2.6184E-1 1.96465E-1 1.6525E-1 2.00018E-1 2.45893E-1 1.61284E-1 2.34419E-1 1.71594E-1 2.15401E-1 3.80304E-1 4.40686E-1 4.40116E-1 2.76839E-1 2.26623E-1 3.29531E-1 3.90635E-1 3.81897E-1 4.28656E-1 6.22033E-1 7.62938E-1 -9999 -9999 -9999 -9999 -9999 -9999 -9999 -9999 -9999 -9999 -9999 -9999 -9999 -9999 -9999 -9999 6.9186E-1 8.00406E-1 8.46483E-1 8.62167E-1 7.55351E-1 7.49232E-1
5.22482E-1 4.91935E-1 5.40614E-1 4.43638E-1 3.5666E-1 3.66311E-1 3.86919E-1 3.37907E-1 4.2173E-1 4.27449E-1 3.84076E-1 3.43827E-1 3.16663E-1 4.47329E-1 3.75399E-1 2.88219E-1 2.76995E-1 1.3193E-1 1.53029E-1 3.53275E-1 2.96933E-1 3.81235E-1 3.72439E-1 2.61905E-1 2.42782E-1 3.11828E-1 3.31031E-1 2.93297E-1 2.46326E-1 2.49075E-1 2.13841E-1 2.18329E-1 2.12561E-1 2.04021E-1 1.7162E-1 1.56687E-1 1.84246E-1 1.83409E-1 2.85456E-1 3.32615E-1 2.40019E-1 3.92461E-1 2.52421E-1 2.07663E-1 2.10492E-1 2.81681E-1 2.63702E-1 2.32006E-1 4.42237E-1 7.05752E-1 -9999 -9999 -9999 -9999 -9999 -9999 -9999 -9999 -9999 -9999 -9999 -9999 -9999 -9999 -9999 -9999 -9999 7.93033E-1 8.55993E-1 8.58345E-1 7.54596E-1 7.77291E-1
4.3679E-1 4.1555E-1 4.32771E-1 4.99169E-1 4.3029E-1 3.51746E-1 3.78934E-1 2.79075E-1 2.77871E-1 3.99806E-1 3.72547E-1 4.29391E-1 3.90608E-1 4.71837E-1 3.57324E-1 2.31651E-1 1.92189E-1 1.42648E-1 2.32818E-1 3.59729E-1 2.93495E-1 2.1042E-1 3.42022E-1 2.91578E-1 2.29556E-1 2.83361E-1 3.18355E-1 2.81612E-1 2.74308E-1 2.28137E-1 2.46397E-1 2.84761E-1 2.59515E-1 2.21046E-1 2.23845E-1 1.49292E-1 1.53169E-1 1.77846E-1 2.33896E-1 2.20241E-1 2.02391E-1 3.08959E-1 3.45793E-1 2.69542E-1 2.34889E-1 2.05414E-1 2.34286E-1 1.67783E-1 3.24575E-1 4.94278E-1 7.50683E-1 -9999 -9999 -9999 -9999 -9999 -9999 -9999 -9999 -9999 -9999 -9999 -9999 -9999 -9999 -9999 7.15622E-1 7.36361E-1 8.37467E-1 8.79667E-1 8.69181E-1 7.99097E-1
4.10286E-1 3.47898E-1 4.02551E-1 4.26291E-1 3.85087E-1 3.32362E-1 3.15516E-1 3.19666E-1 3.94289E-1 3.49131E-1 3.17315E-1 3.61973E-1 3.35417E-1 4.60987E-1 4.5674E-1 3.35907E-1 2.52901E-1 2.50218E-1 2.79547E-1 3.27642E-1 3.20578E-1 3.31719E-1 2.93372E-1 2.88021E-1 2.14246E-1 2.17632E-1 2.39058E-1 2.70928E-1 2.75788E-1 1.93081E-1 1.99138E-1 2.72919E-1 2.76677E-1 2.73817E-1 2.57393E-1 1.65915E-1 2.02951E-1 1.76305E-1 2.26853E-1 2.36084E-1 2.16947E-1 2.71539E-1 3.1976E-1 3.28691E-1 2.36529E-1 1.49811E-1 1.54477E-1 1.42458E-1 2.46128E-1 4.02476E-1 6.9127E-1 7.66094E-1 -9999 -9999 -9999 -9999 -9999 -9999 -9999 -9999 -9999 -9999 -9999 -9999 -9999 -9999 -9999 -9999 7.52606E-1 8.10028E-1 7.96874E-1 -9999
3.49408E-1 3.44759E-1 4.25204E-1 3.41232E-1 3.37848E-1 3.47833E-1 3.23818E-1 3.06063E-1 2.27267E-1 3.16743E-1 3.6973E-1 3.57723E-1 3.91413E-1 5.40198E-1 6.15384E-1 3.60549E-1 2.72054E-1 2.23265E-1 2.44373E-1 3.65271E-1 3.70257E-1 2.76447E-1 1.27175E-1 1.97399E-1 1.43654E-1 2.93852E-1 1.99585E-1 2.81977E-1 2.016E-1 3.02454E-1 4.36879E-1 3.2188E-1 2.81799E-1 3.17985E-1 2.60893E-1 2.0102E-1 1.85521E-1 2.09699E-1 2.36901E-1 2.87351E-1 2.72932E-1 2.94752E-1 2.90655E-1 2.2828E-1 1.4967E-1 1.4659E-1 1.40265E-1 1.76029E-1 2.71348E-1 3.84163E-1 5.78474E-1 7.1375E-1 7.43337E-1 -9999 -9999 -9999 -9999 -9999 -9999 -9999 -9999 -9999 -9999 -9999 -9999 -9999 -9999 -9999 -9999 -9999 -9999 -9999
3.00211E-1 3.44663E-1 4.72308E-1 5.77574E-1 5.06214E-1 5.97919E-1 5.49679E-1 4.30022E-1 3.51439E-1 4.58738E-1 4.14282E-1 3.48263E-1 3.77524E-1 5.65895E-1 4.86793E-1 3.01497E-1 2.91411E-1 2.3767E-1 3.01546E-1 3.11771E-1 4.0983E-1 1.9449E-1 2.18551E-1 3.36248E-1 2.68385E-1 3.31402E-1 2.12866E-1 2.49666E-1 3.74451E-1 3.62937E-1 4.04945E-1 3.24836E-1 2.93873E-1 2.18983E-1 2.02622E-1 2.06887E-1 1.85956E-1 2.35621E-1 2.59576E-1 2.9363E-1 2.27494E-1 2.01621E-1 1.68918E-1 1.48518E-1 1.54894E-1 1.49381E-1 1.50863E-1 2.17023E-1 2.42738E-1 2.69331E-1 4.42201E-1 5.97452E-1 6.97185E-1 7.82189E-1 -9999 -9999 -9999 -9999 -9999 -9999 -9999 -9999 -9999 -9999 -9999 -9999 -9999 -9999 -9999 -9999 -9999 -9999
3.6372E-1 5.02119E-1 4.72849E-1 5.0959E-1 4.91509E-1 4.75001E-1 4.22967E-1 4.05913E-1 3.72488E-1 4.44493E-1 4.86948E-1 4.64747E-1 5.16091E-1 4.59114E-1 5.50245E-1 4.20447E-1 2.91854E-1 2.16177E-1 2.45439E-1 2.54036E-1 1.38052E-1 1.49308E-1 4.05624E-1 3.01962E-1 4.75253E-1 3.87907E-1 3.68198E-1 4.1387E-1 3.54422E-1 3.38378E-1 4.39915E-1 4.02931E-1 3.62011E-1 2.62496E-1 2.52856E-1 2.5021E-1 2.20403E-1 2.75125E-1 2.4038E-1 2.25629E-1 2.05703E-1 1.51636E-1 1.5199E-1 1.34188E-1 1.59178E-1 1.4949E-1 1.41601E-1 2.01073E-1 3.19831E-1 2.94166E-1 3.53063E-1 5.9379E-1 7.05795E-1 7.68142E-1 -9999 -9999 -9999 -9999 -9999 -9999 -9999 -9999 -9999 -9999 -9999 -9999 -9999 -9999 -9999 -9999 -9999 -9999
5.67697E-1 6.07864E-1 4.92381E-1 4.4202E-1 3.9825E-1 4.12813E-1 3.17759E-1 3.35882E-1 4.16967E-1 4.82606E-1 5.82517E-1 4.72965E-1 4.69437E-1 5.82091E-1 6.14072E-1 6.36131E-1 4.65133E-1 2.92285E-1 2.41218E-1 2.69595E-1 2.10489E-1 1.57308E-1 2.49081E-1 2.57098E-1 3.91424E-1 4.6186E-1 4.17731E-1 4.71922E-1 4.76401E-1 4.65127E-1 4.4641E-1 3.62947E-1 3.76153E-1 3.21807E-1 2.71168E-1 2.67137E-1 2.40126E-1 2.89306E-1 2.11117E-1 1.84849E-1 1.51566E-1 1.59699E-1 1.85385E-1 1.40323E-1 1.67436E-1 1.81524E-1 1.80801E-1 1.73686E-1 3.59912E-1 2.8456E-1 3.00341E-1 4.94496E-1 7.09731E-1 7.89564E-1 8.00424E-1 -9999 -9999 -9999 -9999 -9999 -9999 -9999 -9999 -9999 -9999 -9999 -9999 -9999 -9999 -9999 -9999 -9999
4.69772E-1 4.51636E-1 4.85322E-1 4.30949E-1 6.41109E-1 4.64052E-1 5.03798E-1 4.92526E-1 5.46188E-1 4.89779E-1 5.47592E-1 5.54297E-1 5.57112E-1 5.1931E-1 5.98643E-1 5.05985E-1 5.76502E-1 4.13884E-1 3.65729E-1 2.73267E-1 2.39718E-1 2.50338E-1 1.95168E-1 3.51737E-1 6.14149E-1 3.88238E-1 3.49822E-1 2.91063E-1 3.46606E-1 4.44103E-1 3.88558E-1 3.78338E-1 3.28072E-1 2.56687E-1 3.45749E-1 3.2552E-1 2.21646E-1 2.9067E-1 2.08426E-1 1.27404E-1 1.31904E-1 2.12457E-1 1.84177E-1 1.31381E-1 1.44416E-1 2.05355E-1 1.69295E-1 2.31462E-1 3.41929E-1 4.05922E-1 2.51139E-1 4.39154E-1 6.51883E-1 7.78641E-1 7.92324E-1 -9999 -9999 -9999 -9999 -9999 -9999 -9999 -9999 -9999 -9999 -9999 -9999 -9999 -9999 -9999 -9999 -9999
5.31489E-1 4.55824E-1 4.14608E-1 4.63035E-1 4.60003E-1 5.32674E-1 4.38802E-1 4.71751E-1 5.33741E-1 5.48346E-1 5.81374E-1 5.82951E-1 6.65856E-1 6.08875E-1 6.77469E-1 5.08602E-1 5.09644E-1 4.1192E-1 3.85919E-1 3.45272E-1 2.05882E-1 2.26288E-1 3.02489E-1 3.42391E-1 2.66228E-1 2.55575E-1 2.80571E-1 3.90474E-1 4.67926E-1 4.56529E-1 3.73695E-1 3.56093E-1 2.76738E-1 2.32323E-1 3.53389E-1 3.47549E-1 2.48892E-1 3.31757E-1 1.82535E-1 1.47929E-1 1.82307E-1 2.26823E-1 1.58302E-1 1.48419E-1 1.55945E-1 1.88113E-1 2.2995E-1 2.55662E-1 3.3395E-1 5.10465E-1 3.96129E-1 4.29977E-1 6.50293E-1 7.87739E-1 -9999 -9999 -9999 -9999 -9999 -9999 -9999 -9999 -9999 -9999 -9999 -9999 -9999 -9999 -9999 -9999 -9999 -9999
5.7868E-1 5.10514E-1 4.68519E-1 4.78732E-1 5.28913E-1 4.82191E-1 5.37158E-1 5.00231E-1 4.91977E-1 5.76358E-1 4.94378E-1 6.55455E-1 6.6719E-1 6.39386E-1 5.48937E-1 4.91785E-1 4.22803E-1 4.47774E-1 3.93638E-1 3.78595E-1 3.45926E-1 2.67662E-1 3.36319E-1 2.80219E-1 2.60816E-1 3.00963E-1 3.32676E-1 2.83128E-1 2.83196E-1 3.53636E-1 3.33819E-1 2.94507E-1 3.61811E-1 3.5212E-1 2.22658E-1 2.53229E-1 3.31833E-1 3.64539E-1 1.93879E-1 2.14179E-1 2.38576E-1 1.63551E-1 1.32784E-1 1.52791E-1 2.17149E-1 2.38538E-1 2.23632E-1 2.93046E-1 3.97914E-1 4.91585E-1 6.0701E-1 6.15357E-1 7.60463E-1 7.9076E-1 -9999 -9999 -9999 -9999 -9999 -9999 -9999 -9999 -9999 -9999 -9999 -9999 -9999 -9999 -9999 -9999 -9999 -9999
6.01321E-1 5.6717E-1 5.21674E-1 4.8999E-1 5.83134E-1 6.0096E-1 5.46458E-1 5.62187E-1 5.68313E-1 6.2477E-1 6.27081E-1 6.98492E-1 5.15656E-1 4.44773E-1 5.52933E-1 5.12611E-1 4.92011E-1 3.93585E-1 3.73878E-1 5.55489E-1 3.79913E-1 3.71501E-1 3.30446E-1 2.92668E-1 5.02669E-1 5.13059E-1 5.12556E-1 5.60706E-1 6.06477E-1 5.41637E-1 4.63959E-1 3.50777E-1 4.21479E-1 3.95938E-1 2.91574E-1 3.33176E-1 3.39789E-1 3.49923E-1 2.98531E-1 2.83076E-1 2.85183E-1 2.11501E-1 1.90131E-1 1.71149E-1 2.66332E-1 3.07681E-1 2.39493E-1 3.44477E-1 3.83691E-1 4.19111E-1 6.55434E-1 7.27568E-1 7.6788E-1 7.51796E-1 -9999 -9999 -9999 -9999 -9999 -9999 -9999 -9999 -9999 -9999 -9999 -9999 -9999 -9999 -9999 -9999 -9999 -9999
5.90029E-1 5.76993E-1 6.02848E-1 6.33027E-1 5.70316E-1 4.58076E-1 4.71618E-1 5.76772E-1 6.74808E-1 5.57684E-1 5.80939E-1 6.18255E-1 5.09463E-1 3.81145E-1 5.15174E-1 5.34393E-1 3.66101E-1 4.2868E-1 4.51104E-1 5.33934E-1 4.74549E-1 5.15513E-1 4.37199E-1 4.03753E-1 4.32058E-1 4.80719E-1 4.76208E-1 5.72967E-1 6.30623E-1 6.5925E-1 5.8507E-1 4.88745E-1 5.12088E-1 5.52256E-1 5.01716E-1 3.59043E-1 5.07904E-1 4.34642E-1 3.68632E-1 3.88555E-1 4.01261E-1 2.98558E-1 2.36104E-1 2.67281E-1 3.09652E-1 2.77128E-1 2.21727E-1 3.00968E-1 3.14641E-1 4.86018E-1 6.86911E-1 7.43181E-1 7.59043E-1 7.59234E-1 -9999 -9999 -9999 -9999 -9999 -9999 -9999 -9999 -9999 -9999 -9999 -9999 -9999 -9999 -9999 -9999 -9999 -9999
6.08199E-1 5.76324E-1 6.39831E-1 4.88069E-1 4.58639E-1 4.86604E-1 6.36527E-1 4.6928E-1 6.08843E-1 6.13995E-1 7.8351E-1 5.52686E-1 4.53817E-1 4.394E-1 5.84789E-1 6.51779E-1 3.84039E-1 4.80066E-1 5.714E-1 4.11342E-1 4.20365E-1 5.71635E-1 4.9268E-1 4.59066E-1 4.96569E-1 4.84391E-1 5.0914E-1 5.87605E-1 6.45666E-1 5.3943E-1 5.62869E-1 7.49406E-1 6.51179E-1 6.92459E-1 5.97617E-1 5.93881E-1 6.32885E-1 5.4505E-1 4.42962E-1 4.39537E-1 5.29782E-1 5.54225E-1 3.66476E-1 3.81262E-1 4.03987E-1 3.37938E-1 3.48193E-1 3.65323E-1 4.6387E-1 6.20619E-1 7.24672E-1 7.65717E-1 7.595E-1 7.44705E-1 -9999 -9999 -9999 -9999 -9999 -9999 -9999 -9999 -9999 -9999 -9999 -9999 -9999 -9999 -9999 -9999 -9999 -9999
6.0561E-1 6.08419E-1 6.09441E-1 4.63514E-1 4.6858E-1 5.78251E-1 4.3125E-1 4.43931E-1 4.40641E-1 5.84948E-1 5.12341E-1 3.98055E-1 3.66838E-1 3.963E-1 5.44586E-1 6.25527E-1 3.70576E-1 4.11323E-1 5.76776E-1 4.11468E-1 5.11909E-1 6.6362E-1 4.40863E-1 4.20691E-1 5.42568E-1 6.21441E-1 4.25964E-1 4.92615E-1 4.75682E-1 7.57196E-1 7.47944E-1 7.07496E-1 6.75732E-1 6.12074E-1 7.02089E-1 6.56761E-1 6.89434E-1 5.97516E-1 6.77727E-1 7.30965E-1 7.41108E-1 6.99741E-1 5.76062E-1 5.96412E-1 5.93749E-1 5.06038E-1 2.14958E-1 4.14995E-1 5.4149E-1 6.51192E-1 7.11853E-1 7.37676E-1 7.40847E-1 -9999 -9999 -9999 -9999 -9999 -9999 -9999 -9999 -9999 -9999 -9999 -9999 -9999 -9999 -9999 -9999 -9999 -9999 -9999
