Artocarpus altilis SDM files/Last interglacial/results (without the bias file)/Artalt_1.asc
ncols         1201
nrows         481
xllcorner     119.99986351115
yllcorner     -15.00013864885
cellsize      0.041666667
NODATA_value  -9999
[rows 320 to 351 of 481, columns 504 to 575 of 1201]
3.88496E-1 3.7534E-1 3.75012E-1 3.65957E-1 3.73522E-1 3.77807E-1 3.74298E-1 3.77852E-1 3.75183E-1 3.67295E-1 3.88866E-1 3.81817E-1 3.7196E-1 3.65226E-1 3.72061E-1 3.8357E-1 3.99346E-1 4.08015E-1 3.85815E-1 4.0135E-1 4.13843E-1 4.12354E-1 4.10639E-1 4.08528E-1 4.20436E-1 4.26957E-1 4.1626E-1 4.07842E-1 4.021E-1 4.14066E-1 4.13471E-1 4.20203E-1 4.27737E-1 4.23928E-1 4.16724E-1 4.15716E-1 4.20744E-1 4.21924E-1 4.03822E-1 4.07146E-1 4.10504E-1 4.22727E-1 4.30734E-1 4.38692E-1 4.48524E-1 4.47298E-1 4.398E-1 4.51406E-1 4.66647E-1 4.63781E-1 4.84215E-1 4.88694E-1 4.96375E-1 5.11689E-1 5.1368E-1 5.17599E-1 5.48011E-1 5.52033E-1 5.77716E-1 5.88179E-1 -9999 -9999 -9999 -9999 -9999 -9999 -9999 -9999 -9999 -9999 -9999 -9999
3.85046E-1 3.77721E-1 3.68198E-1 3.6914E-1 3.69311E-1 3.66307E-1 3.67951E-1 3.6843E-1 3.57783E-1 3.65326E-1 3.85441E-1 3.7863E-1 3.8184E-1 3.67292E-1 3.79097E-1 3.78173E-1 3.84259E-1 3.72817E-1 3.71587E-1 3.88499E-1 4.06925E-1 4.05899E-1 4.03634E-1 4.0516E-1 4.05886E-1 4.17906E-1 4.24916E-1 3.98972E-1 3.82502E-1 3.98079E-1 4.04883E-1 4.15344E-1 4.11563E-1 4.19609E-1 4.14704E-1 4.16129E-1 4.10731E-1 4.0335E-1 4.11169E-1 4.18421E-1 4.22638E-1 4.22257E-1 4.22845E-1 4.30788E-1 4.38944E-1 4.47834E-1 4.57204E-1 4.59151E-1 4.6833E-1 4.83094E-1 4.83489E-1 4.91415E-1 5.13149E-1 5.09427E-1 5.32348E-1 5.27907E-1 5.43197E-1 5.68181E-1 5.72991E-1 5.89264E-1 6.04722E-1 6.27501E-1 6.39355E-1 6.59049E-1 -9999 -9999 -9999 -9999 -9999 -9999 -9999 -9999
3.9093E-1 3.7289E-1 3.66235E-1 3.67199E-1 3.74788E-1 3.77893E-1 3.61937E-1 3.70104E-1 3.68067E-1 3.70647E-1 3.91018E-1 3.84522E-1 3.81052E-1 3.77471E-1 3.77937E-1 3.79492E-1 3.80617E-1 3.80921E-1 3.85513E-1 3.86064E-1 3.85496E-1 4.0523E-1 3.92371E-1 3.99802E-1 3.92115E-1 4.1532E-1 4.2304E-1 3.97881E-1 3.97359E-1 3.92569E-1 4.11829E-1 4.10409E-1 4.13989E-1 4.1973E-1 4.09825E-1 4.12076E-1 4.09889E-1 4.06823E-1 4.00842E-1 4.17558E-1 4.34272E-1 4.2435E-1 4.11563E-1 4.31256E-1 4.28429E-1 4.4657E-1 4.55594E-1 4.52493E-1 4.61118E-1 4.85167E-1 4.91203E-1 -9999 -9999 5.19527E-1 5.15865E-1 5.41625E-1 5.52976E-1 5.70916E-1 5.81535E-1 5.97563E-1 6.15744E-1 6.28153E-1 6.5661E-1 6.66865E-1 6.93184E-1 -9999 -9999 -9999 -9999 -9999 -9999 -9999
4.03547E-1 3.80182E-1 3.64541E-1 3.68077E-1 3.6593E-1 3.70399E-1 3.76793E-1 3.73794E-1 3.68656E-1 3.67752E-1 3.7194E-1 3.87473E-1 3.82013E-1 3.81195E-1 3.80533E-1 3.79636E-1 3.88688E-1 3.80468E-1 3.83877E-1 3.9015E-1 3.89682E-1 4.01852E-1 3.90507E-1 3.93798E-1 3.85119E-1 3.98948E-1 4.09915E-1 3.91005E-1 3.97673E-1 3.9094E-1 3.9726E-1 4.01151E-1 4.10599E-1 4.10675E-1 4.06558E-1 3.96372E-1 4.09131E-1 4.14001E-1 4.06531E-1 4.10553E-1 4.24165E-1 4.12109E-1 4.08477E-1 4.12409E-1 4.325E-1 4.39504E-1 4.54774E-1 4.59792E-1 4.70939E-1 4.64513E-1 -9999 -9999 5.06158E-1 5.13018E-1 5.30833E-1 5.45538E-1 5.74334E-1 5.80166E-1 5.86469E-1 6.06095E-1 6.16661E-1 6.26077E-1 6.63388E-1 6.75096E-1 7.00692E-1 7.14396E-1 7.46855E-1 -9999 -9999 -9999 -9999 -9999
3.99839E-1 3.84839E-1 3.72399E-1 3.71462E-1 3.67779E-1 3.80778E-1 3.7036E-1 3.71313E-1 3.69966E-1 3.6322E-1 3.69295E-1 3.807E-1 3.85747E-1 3.7832E-1 3.83595E-1 3.70876E-1 3.8009E-1 3.75333E-1 3.87215E-1 3.96747E-1 3.88818E-1 3.95779E-1 3.94845E-1 3.88888E-1 3.88308E-1 4.0672E-1 4.04532E-1 3.84897E-1 3.95958E-1 3.98106E-1 3.8691E-1 3.96978E-1 3.99403E-1 4.09535E-1 4.09594E-1 4.02624E-1 4.0301E-1 3.92897E-1 4.07636E-1 4.21578E-1 4.3734E-1 4.29928E-1 4.22288E-1 4.20982E-1 4.20751E-1 4.28505E-1 4.44542E-1 4.60993E-1 4.68428E-1 4.87703E-1 4.87039E-1 5.00713E-1 5.13178E-1 5.29036E-1 5.3656E-1 5.568E-1 5.60367E-1 5.71742E-1 6.07403E-1 6.19503E-1 6.24331E-1 6.32321E-1 6.513E-1 6.82508E-1 -9999 7.33213E-1 7.31792E-1 -9999 -9999 -9999 -9999 -9999
3.87747E-1 3.82115E-1 3.63786E-1 3.63744E-1 3.61567E-1 3.76794E-1 3.69668E-1 3.67499E-1 3.70486E-1 3.70766E-1 3.64932E-1 3.63613E-1 3.76005E-1 3.92734E-1 3.88284E-1 3.79947E-1 3.89233E-1 3.89093E-1 3.81282E-1 3.87083E-1 3.98721E-1 4.05755E-1 3.9636E-1 3.95617E-1 4.0093E-1 4.07617E-1 3.88169E-1 3.80062E-1 3.86687E-1 3.84354E-1 3.86758E-1 3.95364E-1 4.08126E-1 3.95293E-1 4.03283E-1 3.9372E-1 3.9681E-1 4.02751E-1 4.01197E-1 4.17421E-1 4.28397E-1 4.35454E-1 4.31434E-1 4.39464E-1 4.39229E-1 4.32486E-1 4.43918E-1 4.58078E-1 4.66193E-1 4.85437E-1 4.90283E-1 5.03928E-1 5.24771E-1 5.3412E-1 5.41277E-1 5.68308E-1 5.68504E-1 5.68731E-1 5.85631E-1 6.15274E-1 6.33757E-1 6.58052E-1 6.64016E-1 6.82973E-1 6.93616E-1 7.25811E-1 7.56294E-1 7.66862E-1 -9999 -9999 -9999 -9999
3.95427E-1 3.83783E-1 3.8369E-1 3.80028E-1 3.68847E-1 3.7549E-1 3.63253E-1 3.65761E-1 3.7352E-1 3.53878E-1 3.68019E-1 3.63084E-1 3.74199E-1 3.96686E-1 3.88334E-1 3.87569E-1 3.8617E-1 3.7762E-1 3.93225E-1 4.01577E-1 4.01549E-1 4.04749E-1 3.9803E-1 4.01176E-1 3.96907E-1 3.99023E-1 3.91845E-1 3.83116E-1 3.79774E-1 3.83035E-1 3.90373E-1 3.86697E-1 3.95916E-1 3.91535E-1 3.90601E-1 3.90869E-1 4.06002E-1 4.07531E-1 4.13477E-1 4.24756E-1 4.21407E-1 4.29802E-1 4.06446E-1 4.22586E-1 4.36816E-1 4.38533E-1 4.50817E-1 4.53714E-1 4.73313E-1 4.8362E-1 4.91662E-1 5.04142E-1 5.22986E-1 5.40006E-1 5.55036E-1 5.57138E-1 5.85033E-1 5.73661E-1 5.99509E-1 6.23758E-1 6.38088E-1 -9999 6.8397E-1 6.9858E-1 -9999 -9999 7.58191E-1 7.72412E-1 -9999 -9999 -9999 -9999
3.94302E-1 3.97947E-1 3.83269E-1 3.74574E-1 3.61819E-1 3.7266E-1 3.71051E-1 3.73038E-1 3.77353E-1 3.66042E-1 3.74439E-1 3.75047E-1 3.81196E-1 3.81903E-1 3.9287E-1 4.057E-1 3.83776E-1 3.7515E-1 4.01517E-1 4.07204E-1 4.05056E-1 3.94174E-1 3.87866E-1 3.94744E-1 3.90743E-1 3.99938E-1 3.95815E-1 3.91653E-1 3.78493E-1 3.81989E-1 3.84574E-1 3.80782E-1 3.94529E-1 3.87043E-1 3.83955E-1 3.95242E-1 3.96156E-1 3.95747E-1 4.01282E-1 4.1194E-1 4.24376E-1 4.19829E-1 4.30381E-1 4.32648E-1 4.34082E-1 4.51165E-1 4.5396E-1 4.5167E-1 4.70195E-1 4.89938E-1 5.00776E-1 5.12051E-1 5.23107E-1 5.41372E-1 5.62455E-1 5.85007E-1 5.83885E-1 6.03734E-1 6.22236E-1 6.28675E-1 6.36298E-1 6.60207E-1 -9999 -9999 -9999 -9999 -9999 -9999 -9999 -9999 -9999 -9999
3.76712E-1 3.90135E-1 3.81545E-1 3.77034E-1 3.68728E-1 3.86403E-1 3.68038E-1 3.73368E-1 3.78634E-1 3.78634E-1 3.72413E-1 3.81414E-1 3.83791E-1 3.81832E-1 4.13536E-1 4.07831E-1 3.85594E-1 3.78572E-1 3.83136E-1 3.92834E-1 3.95545E-1 3.94352E-1 3.87692E-1 3.86319E-1 3.90767E-1 3.92451E-1 3.94121E-1 3.93656E-1 3.88165E-1 3.83759E-1 3.826E-1 3.90609E-1 3.80714E-1 3.79078E-1 3.87295E-1 3.87576E-1 3.89636E-1 3.86798E-1 4.00252E-1 4.19579E-1 4.14174E-1 4.17767E-1 4.38204E-1 4.30569E-1 4.30552E-1 4.50903E-1 4.57988E-1 4.65598E-1 4.6954E-1 4.89585E-1 4.96403E-1 5.14166E-1 5.24122E-1 5.39712E-1 5.58939E-1 5.75995E-1 6.07251E-1 6.11285E-1 -9999 6.56018E-1 6.54307E-1 6.75722E-1 6.97844E-1 7.04385E-1 -9999 -9999 -9999 -9999 -9999 -9999 -9999 -9999
3.88009E-1 3.96967E-1 3.8479E-1 3.7877E-1 3.81049E-1 3.81496E-1 3.74596E-1 3.75928E-1 3.72537E-1 3.70211E-1 3.86553E-1 3.8265E-1 3.85858E-1 4.05383E-1 4.06879E-1 3.93387E-1 3.79653E-1 3.92821E-1 3.90448E-1 4.04153E-1 4.06392E-1 4.08539E-1 4.01612E-1 4.01963E-1 3.8592E-1 3.94864E-1 3.90096E-1 3.90894E-1 3.89033E-1 3.76589E-1 3.7648E-1 3.77359E-1 3.86039E-1 3.87667E-1 3.79143E-1 3.86194E-1 3.90419E-1 3.88581E-1 3.96352E-1 4.04599E-1 4.12549E-1 4.13929E-1 4.3072E-1 4.27951E-1 4.26832E-1 4.45991E-1 4.67353E-1 4.67215E-1 4.8566E-1 4.94425E-1 5.04072E-1 5.24198E-1 5.29882E-1 5.45671E-1 5.71795E-1 5.85041E-1 6.11581E-1 6.12797E-1 6.48422E-1 -9999 -9999 6.88238E-1 7.07537E-1 7.25372E-1 -9999 -9999 -9999 -9999 -9999 -9999 -9999 -9999
3.95092E-1 3.96259E-1 3.92687E-1 3.84331E-1 3.86788E-1 3.81498E-1 3.70808E-1 3.7993E-1 3.86142E-1 3.80097E-1 3.99404E-1 3.76638E-1 4.10381E-1 4.05425E-1 3.88798E-1 3.86136E-1 3.98219E-1 4.05406E-1 4.05415E-1 4.02714E-1 4.0617E-1 4.03345E-1 4.09066E-1 3.99077E-1 3.96527E-1 3.95016E-1 3.92243E-1 3.88499E-1 3.94379E-1 3.77049E-1 3.78941E-1 3.72321E-1 3.80167E-1 3.91968E-1 3.84769E-1 3.94618E-1 3.89594E-1 3.94848E-1 3.9772E-1 4.06802E-1 4.09918E-1 4.2088E-1 4.38149E-1 4.25807E-1 4.37047E-1 4.55647E-1 4.60953E-1 4.81028E-1 4.96013E-1 5.10435E-1 5.14267E-1 5.29934E-1 5.3678E-1 5.53474E-1 5.73349E-1 5.96088E-1 6.16068E-1 6.36333E-1 6.58298E-1 -9999 -9999 -9999 7.27588E-1 7.34013E-1 -9999 -9999 -9999 -9999 -9999 -9999 -9999 -9999
4.02832E-1 3.91256E-1 3.92732E-1 3.85613E-1 3.90894E-1 3.8665E-1 3.83987E-1 3.86363E-1 3.99221E-1 4.07827E-1 3.98329E-1 3.83981E-1 3.89506E-1 3.93037E-1 3.85128E-1 3.98644E-1 3.95452E-1 4.03463E-1 3.96086E-1 4.11906E-1 4.06863E-1 3.99398E-1 3.99321E-1 3.97997E-1 3.89331E-1 3.84174E-1 3.9033E-1 3.79697E-1 3.79611E-1 3.84364E-1 3.71147E-1 3.72342E-1 3.77992E-1 3.77901E-1 3.84666E-1 3.84988E-1 3.91131E-1 3.96138E-1 3.96055E-1 4.01819E-1 4.13535E-1 4.16905E-1 4.19543E-1 4.3239E-1 4.47046E-1 4.55729E-1 4.6388E-1 4.88475E-1 4.89899E-1 5.13387E-1 5.21397E-1 5.36436E-1 5.50584E-1 5.60252E-1 5.72532E-1 6.00041E-1 6.33523E-1 6.34849E-1 6.62394E-1 -9999 -9999 -9999 -9999 -9999 -9999 -9999 -9999 -9999 -9999 -9999 -9999 -9999
3.98751E-1 3.98416E-1 3.89669E-1 3.89226E-1 3.93696E-1 4.01407E-1 3.78842E-1 3.83812E-1 4.10907E-1 4.00666E-1 3.86924E-1 3.97005E-1 3.88015E-1 3.93029E-1 3.99787E-1 3.99734E-1 4.03573E-1 4.0732E-1 3.9629E-1 3.99619E-1 3.97527E-1 3.9233E-1 3.91869E-1 4.01731E-1 3.90337E-1 3.85231E-1 3.77691E-1 3.84135E-1 3.83629E-1 3.79854E-1 3.81222E-1 3.75403E-1 3.74606E-1 3.80089E-1 3.85855E-1 3.82132E-1 3.90555E-1 3.89107E-1 4.01994E-1 4.10409E-1 4.10685E-1 4.17113E-1 4.31991E-1 4.40324E-1 4.48306E-1 4.62595E-1 4.74594E-1 4.90062E-1 5.05695E-1 5.14394E-1 5.29616E-1 5.4789E-1 5.56091E-1 5.73265E-1 5.97242E-1 6.15059E-1 6.39818E-1 6.48591E-1 6.64341E-1 -9999 -9999 -9999 -9999 -9999 -9999 -9999 -9999 -9999 -9999 -9999 -9999 -9999
4.03163E-1 3.90781E-1 3.9575E-1 3.8829E-1 3.95436E-1 4.02609E-1 3.75385E-1 3.93975E-1 3.99424E-1 3.94395E-1 3.9191E-1 3.91494E-1 3.94455E-1 3.99608E-1 3.8733E-1 3.87565E-1 3.95576E-1 3.96105E-1 4.01323E-1 3.97747E-1 3.96956E-1 3.93125E-1 3.93697E-1 3.86493E-1 3.94311E-1 3.87624E-1 3.73441E-1 3.7496E-1 3.7656E-1 3.78301E-1 3.73949E-1 3.71923E-1 3.70883E-1 3.77508E-1 3.77794E-1 3.86052E-1 3.90004E-1 3.99589E-1 4.04967E-1 4.11192E-1 4.16477E-1 4.25462E-1 4.41443E-1 4.50215E-1 4.50152E-1 4.64038E-1 4.79286E-1 4.85517E-1 5.04715E-1 5.14507E-1 5.34966E-1 5.49015E-1 5.67558E-1 5.87239E-1 6.11969E-1 6.29181E-1 6.37725E-1 6.59329E-1 -9999 -9999 -9999 -9999 -9999 -9999 -9999 -9999 -9999 -9999 -9999 -9999 -9999 -9999
3.89328E-1 3.9434E-1 4.00612E-1 3.91076E-1 3.85486E-1 3.92184E-1 3.99488E-1 4.03243E-1 4.04074E-1 4.05452E-1 3.9967E-1 3.94446E-1 3.96477E-1 3.94193E-1 3.95112E-1 3.93195E-1 3.9474E-1 4.0235E-1 4.02123E-1 4.05296E-1 4.05149E-1 3.9652E-1 3.95652E-1 3.85304E-1 3.82149E-1 3.8757E-1 3.77816E-1 3.68044E-1 3.70256E-1 3.75791E-1 3.73763E-1 3.73727E-1 3.69343E-1 3.73071E-1 3.81571E-1 3.8669E-1 3.85876E-1 4.01208E-1 4.01659E-1 4.22919E-1 4.22521E-1 4.35123E-1 4.5126E-1 4.60692E-1 4.73205E-1 4.72317E-1 4.8222E-1 4.98027E-1 5.0846E-1 5.28438E-1 5.37072E-1 5.5103E-1 5.68169E-1 6.02876E-1 6.27397E-1 6.33129E-1 6.54529E-1 6.76368E-1 -9999 -9999 -9999 -9999 -9999 -9999 -9999 -9999 -9999 -9999 -9999 -9999 -9999 -9999
3.93408E-1 3.92043E-1 3.99439E-1 3.90018E-1 3.98376E-1 4.0534E-1 4.07495E-1 3.97947E-1 3.9066E-1 3.95945E-1 3.96453E-1 3.94639E-1 4.02712E-1 4.0047E-1 4.03396E-1 4.01947E-1 3.98582E-1 3.92081E-1 3.93185E-1 3.96123E-1 3.9997E-1 3.8991E-1 3.89367E-1 3.87474E-1 3.7314E-1 3.80965E-1 3.72443E-1 3.75163E-1 3.66978E-1 3.67031E-1 3.65105E-1 3.66378E-1 3.70385E-1 3.72821E-1 3.82542E-1 3.87363E-1 3.87816E-1 4.00917E-1 4.02068E-1 4.17144E-1 4.34549E-1 4.43116E-1 4.56699E-1 4.66248E-1 4.80577E-1 4.86735E-1 4.97787E-1 5.07991E-1 5.19818E-1 5.36912E-1 5.44598E-1 5.6594E-1 5.85098E-1 6.16679E-1 6.29763E-1 6.42503E-1 6.67258E-1 6.88735E-1 -9999 -9999 -9999 -9999 -9999 -9999 -9999 -9999 -9999 -9999 -9999 -9999 -9999 -9999
3.91976E-1 3.96983E-1 3.90436E-1 4.03577E-1 4.12364E-1 4.12108E-1 4.1327E-1 4.03273E-1 4.02632E-1 4.03971E-1 3.9992E-1 3.95459E-1 4.01018E-1 4.01135E-1 4.01316E-1 4.0053E-1 4.05003E-1 3.95558E-1 3.99379E-1 3.89812E-1 4.00364E-1 3.91979E-1 3.85035E-1 3.82252E-1 3.75033E-1 3.66045E-1 3.74769E-1 3.69124E-1 3.67628E-1 3.60495E-1 3.67137E-1 3.69427E-1 3.7553E-1 3.74637E-1 3.82974E-1 3.81448E-1 3.89574E-1 4.02049E-1 4.03722E-1 4.23042E-1 4.38054E-1 4.47613E-1 4.58398E-1 4.6893E-1 4.79961E-1 4.88381E-1 5.04766E-1 5.16869E-1 5.28431E-1 5.31915E-1 5.62503E-1 5.74581E-1 6.05683E-1 6.22077E-1 6.45144E-1 6.63938E-1 6.72208E-1 6.92514E-1 7.11153E-1 -9999 -9999 -9999 -9999 -9999 -9999 -9999 -9999 -9999 -9999 -9999 -9999 -9999
3.98193E-1 3.98267E-1 4.11365E-1 4.19425E-1 4.14546E-1 4.09336E-1 4.10099E-1 4.0326E-1 4.1023E-1 4.09046E-1 4.08796E-1 4.01205E-1 4.0755E-1 4.05318E-1 4.03968E-1 3.984E-1 4.048E-1 3.95477E-1 3.99986E-1 3.92365E-1 3.89851E-1 3.88935E-1 3.86323E-1 3.82159E-1 3.74083E-1 3.66608E-1 3.60316E-1 3.66373E-1 3.65035E-1 3.63528E-1 3.70278E-1 3.64821E-1 3.75749E-1 3.76351E-1 3.83257E-1 3.89093E-1 3.89667E-1 4.02394E-1 4.07297E-1 4.24357E-1 4.41157E-1 4.52948E-1 4.64055E-1 4.74024E-1 4.8028E-1 4.90788E-1 5.04409E-1 5.20733E-1 5.42967E-1 5.6261E-1 5.91047E-1 6.04696E-1 6.20135E-1 6.3646E-1 6.44004E-1 6.67233E-1 6.84981E-1 6.97971E-1 7.12677E-1 -9999 -9999 -9999 -9999 -9999 -9999 -9999 -9999 -9999 -9999 -9999 -9999 -9999
4.03832E-1 4.03902E-1 4.10483E-1 4.16534E-1 4.10357E-1 4.10222E-1 4.07616E-1 4.03784E-1 4.02641E-1 4.09977E-1 4.02427E-1 4.06713E-1 4.12871E-1 4.12055E-1 4.10389E-1 4.10807E-1 4.05055E-1 3.96799E-1 3.94965E-1 3.93497E-1 3.90223E-1 3.89885E-1 3.82281E-1 3.79529E-1 3.76928E-1 3.70626E-1 3.67555E-1 3.67746E-1 3.66658E-1 3.64397E-1 3.66546E-1 3.68697E-1 3.7624E-1 3.70466E-1 3.7692E-1 3.82491E-1 3.9086E-1 3.97255E-1 4.1222E-1 4.18025E-1 4.33373E-1 4.53223E-1 4.65925E-1 4.69215E-1 4.82465E-1 4.97281E-1 5.10537E-1 5.33811E-1 5.62079E-1 5.68906E-1 5.95563E-1 6.05391E-1 6.39015E-1 6.61891E-1 -9999 -9999 -9999 7.05506E-1 -9999 -9999 -9999 -9999 -9999 -9999 -9999 -9999 -9999 -9999 -9999 -9999 -9999 -9999
4.16478E-1 4.04157E-1 4.02829E-1 4.10291E-1 4.16038E-1 4.07761E-1 4.01959E-1 4.08398E-1 4.01118E-1 4.02758E-1 4.07848E-1 4.14405E-1 4.13072E-1 4.1225E-1 4.11169E-1 4.18678E-1 4.11565E-1 4.03093E-1 4.09988E-1 3.99046E-1 3.99241E-1 3.90814E-1 3.84093E-1 3.83119E-1 3.77303E-1 3.77156E-1 3.74965E-1 3.68357E-1 3.68769E-1 3.65609E-1 3.62383E-1 3.70646E-1 3.70783E-1 3.76936E-1 3.78499E-1 3.84062E-1 3.91738E-1 3.90462E-1 4.09893E-1 4.19987E-1 4.46837E-1 4.46637E-1 4.56112E-1 4.83829E-1 4.92019E-1 5.04674E-1 5.27766E-1 5.39157E-1 5.52664E-1 5.76558E-1 5.87838E-1 -9999 6.52488E-1 6.52569E-1 6.72372E-1 -9999 -9999 -9999 -9999 -9999 -9999 -9999 -9999 -9999 -9999 -9999 -9999 -9999 -9999 -9999 -9999 -9999
4.15658E-1 4.00004E-1 4.00366E-1 4.13476E-1 4.05794E-1 4.06743E-1 4.13363E-1 4.24841E-1 4.28398E-1 4.29853E-1 4.21231E-1 4.15208E-1 4.11057E-1 4.17941E-1 4.18307E-1 4.18756E-1 4.16565E-1 4.16251E-1 4.09561E-1 4.07185E-1 3.98493E-1 3.98246E-1 3.91316E-1 3.85302E-1 3.76994E-1 3.77451E-1 3.75598E-1 3.74741E-1 3.69928E-1 3.71955E-1 3.77112E-1 3.69248E-1 3.77167E-1 3.78204E-1 3.78071E-1 3.87461E-1 3.93061E-1 4.0557E-1 4.07315E-1 4.27754E-1 4.46572E-1 4.53232E-1 4.63339E-1 4.84335E-1 4.94973E-1 5.14699E-1 5.21323E-1 5.36918E-1 -9999 -9999 -9999 -9999 6.54244E-1 6.6331E-1 6.82225E-1 -9999 -9999 -9999 -9999 -9999 -9999 -9999 -9999 -9999 -9999 -9999 -9999 -9999 -9999 -9999 -9999 -9999
-9999 4.0947E-1 4.18263E-1 4.25059E-1 4.25958E-1 4.34766E-1 4.37973E-1 4.30286E-1 -9999 -9999 -9999 4.28959E-1 4.1959E-1 4.19186E-1 4.26611E-1 4.31446E-1 4.24057E-1 4.21071E-1 4.2058E-1 4.01734E-1 4.06784E-1 4.05399E-1 4.04203E-1 3.96685E-1 3.90658E-1 3.85658E-1 3.8533E-1 3.91669E-1 -9999 3.93034E-1 3.84984E-1 3.79017E-1 3.85354E-1 3.85264E-1 3.93941E-1 3.94476E-1 4.00872E-1 4.1414E-1 4.15595E-1 4.30981E-1 4.43195E-1 4.56972E-1 4.71889E-1 4.88089E-1 5.06797E-1 5.17016E-1 5.27385E-1 5.46746E-1 5.62987E-1 5.79144E-1 6.06084E-1 -9999 -9999 -9999 -9999 -9999 -9999 -9999 -9999 -9999 -9999 -9999 -9999 -9999 -9999 -9999 -9999 -9999 -9999 -9999 -9999 -9999
-9999 -9999 4.25586E-1 4.39864E-1 4.4266E-1 4.38937E-1 4.52056E-1 -9999 -9999 -9999 -9999 -9999 4.19401E-1 4.33955E-1 4.34273E-1 4.2604E-1 4.31075E-1 -9999 -9999 -9999 4.14583E-1 4.07478E-1 -9999 3.99967E-1 4.05164E-1 3.99399E-1 -9999 3.94165E-1 3.93665E-1 4.07396E-1 4.00906E-1 3.99159E-1 3.94527E-1 4.00699E-1 4.01595E-1 4.09018E-1 4.15483E-1 4.17161E-1 4.26302E-1 4.39914E-1 4.53743E-1 4.66281E-1 4.73792E-1 4.96157E-1 5.02131E-1 -9999 -9999 -9999 5.70711E-1 5.92045E-1 6.16072E-1 -9999 -9999 -9999 -9999 -9999 -9999 -9999 -9999 -9999 -9999 -9999 -9999 -9999 -9999 -9999 -9999 -9999 -9999 -9999 -9999 -9999
-9999 -9999 -9999 -9999 -9999 -9999 -9999 -9999 -9999 -9999 -9999 -9999 -9999 -9999 -9999 -9999 -9999 -9999 -9999 -9999 -9999 -9999 -9999 -9999 -9999 -9999 4.1262E-1 4.06058E-1 4.07839E-1 4.07336E-1 4.08637E-1 -9999 -9999 -9999 4.1557E-1 4.23731E-1 4.23812E-1 4.32214E-1 4.46608E-1 4.46913E-1 4.60717E-1 4.74496E-1 4.82755E-1 4.9803E-1 -9999 -9999 -9999 -9999 -9999 -9999 -9999 -9999 -9999 -9999 -9999 -9999 -9999 -9999 -9999 -9999 -9999 -9999 -9999 -9999 -9999 -9999 -9999 -9999 -9999 -9999 -9999 -9999
-9999 -9999 -9999 -9999 -9999 -9999 -9999 -9999 -9999 -9999 -9999 -9999 -9999 -9999 -9999 -9999 -9999 -9999 -9999 -9999 -9999 -9999 -9999 -9999 -9999 -9999 -9999 4.26294E-1 4.20555E-1 4.22621E-1 4.16064E-1 -9999 -9999 -9999 -9999 -9999 4.39076E-1 4.40149E-1 4.54263E-1 4.53294E-1 4.59567E-1 4.76027E-1 -9999 -9999 -9999 -9999 -9999 -9999 -9999 -9999 -9999 -9999 -9999 -9999 -9999 -9999 -9999 -9999 -9999 -9999 -9999 -9999 -9999 -9999 -9999 -9999 -9999 -9999 -9999 -9999 -9999 -9999
-9999 -9999 -9999 -9999 -9999 -9999 -9999 -9999 -9999 -9999 -9999 -9999 -9999 -9999 -9999 -9999 -9999 -9999 -9999 -9999 -9999 -9999 -9999 -9999 -9999 -9999 -9999 -9999 -9999 -9999 -9999 -9999 -9999 -9999 -9999 -9999 -9999 4.45912E-1 4.61025E-1 4.83068E-1 4.82881E-1 -9999 -9999 -9999 -9999 -9999 -9999 -9999 -9999 -9999 -9999 -9999 -9999 -9999 -9999 -9999 -9999 -9999 -9999 -9999 -9999 -9999 -9999 -9999 -9999 -9999 -9999 -9999 -9999 -9999 -9999 -9999
-9999 -9999 -9999 -9999 -9999 -9999 -9999 -9999 -9999 -9999 -9999 -9999 -9999 -9999 -9999 -9999 -9999 -9999 -9999 -9999 -9999 -9999 -9999 -9999 -9999 -9999 -9999 -9999 -9999 -9999 -9999 -9999 -9999 -9999 -9999 -9999 -9999 -9999 4.75891E-1 4.75586E-1 4.90959E-1 4.97691E-1 5.13321E-1 5.20772E-1 -9999 -9999 -9999 -9999 -9999 -9999 -9999 -9999 -9999 -9999 -9999 -9999 -9999 -9999 -9999 -9999 -9999 -9999 -9999 -9999 -9999 -9999 -9999 -9999 -9999 -9999 -9999 -9999
-9999 -9999 -9999 -9999 -9999 -9999 -9999 -9999 -9999 -9999 -9999 -9999 -9999 -9999 -9999 -9999 -9999 -9999 -9999 -9999 -9999 -9999 -9999 -9999 -9999 -9999 -9999 -9999 -9999 -9999 -9999 -9999 -9999 -9999 -9999 -9999 4.50288E-1 -9999 4.8052E-1 4.84575E-1 4.9241E-1 5.05521E-1 -9999 -9999 -9999 -9999 -9999 -9999 -9999 -9999 -9999 -9999 -9999 -9999 -9999 -9999 -9999 -9999 -9999 -9999 -9999 -9999 -9999 -9999 -9999 -9999 -9999 -9999 -9999 -9999 -9999 -9999
-9999 -9999 -9999 -9999 -9999 -9999 -9999 -9999 -9999 -9999 -9999 -9999 -9999 -9999 -9999 -9999 -9999 -9999 -9999 -9999 -9999 -9999 -9999 -9999 -9999 -9999 -9999 -9999 -9999 -9999 -9999 -9999 -9999 -9999 -9999 -9999 -9999 -9999 -9999 -9999 -9999 -9999 -9999 -9999 -9999 -9999 -9999 -9999 -9999 -9999 -9999 -9999 -9999 -9999 -9999 -9999 -9999 -9999 -9999 -9999 -9999 -9999 -9999 -9999 -9999 -9999 -9999 -9999 -9999 -9999 -9999 -9999
-9999 -9999 -9999 -9999 -9999 -9999 -9999 -9999 -9999 -9999 -9999 -9999 -9999 4.37061E-1 -9999 -9999 -9999 -9999 -9999 -9999 -9999 -9999 -9999 -9999 -9999 -9999 -9999 -9999 -9999 -9999 -9999 -9999 -9999 -9999 -9999 -9999 -9999 -9999 -9999 -9999 -9999 -9999 -9999 -9999 -9999 -9999 -9999 -9999 -9999 -9999 -9999 -9999 -9999 -9999 -9999 -9999 -9999 -9999 -9999 -9999 -9999 -9999 -9999 -9999 -9999 -9999 -9999 -9999 -9999 -9999 -9999 -9999
-9999 -9999 -9999 -9999 -9999 -9999 -9999 -9999 -9999 -9999 -9999 -9999 -9999 -9999 -9999 -9999 -9999 -9999 -9999 -9999 -9999 -9999 -9999 -9999 -9999 -9999 -9999 -9999 -9999 -9999 4.55876E-1 4.69749E-1 -9999 -9999 -9999 -9999 -9999 -9999 -9999 -9999 -9999 -9999 -9999 -9999 -9999 -9999 -9999 -9999 -9999 -9999 -9999 -9999 -9999 -9999 -9999 -9999 -9999 -9999 -9999 -9999 -9999 -9999 -9999 -9999 -9999 -9999 -9999 -9999 -9999 -9999 -9999 -9999
-9999 -9999 -9999 -9999 -9999 -9999 -9999 -9999 -9999 -9999 -9999 -9999 -9999 -9999 -9999 -9999 -9999 -9999 -9999 -9999 -9999 -9999 -9999 -9999 -9999 -9999 -9999 -9999 -9999 -9999 -9999 4.8307E-1 -9999 -9999 -9999 -9999 -9999 -9999 -9999 -9999 -9999 -9999 -9999 -9999 -9999 -9999 -9999 -9999 -9999 -9999 -9999 -9999 -9999 -9999 -9999 -9999 -9999 -9999 -9999 -9999 -9999 -9999 -9999 -9999 -9999 -9999 7.65063E-1 -9999 -9999 -9999 -9999 -9999
