Artocarpus altilis SDM files/Last interglacial/results (without the bias file)/Artalt_8.asc
ncols         1201
nrows         481
xllcorner     119.99986351115
yllcorner     -15.00013864885
cellsize      0.041666667
NODATA_value  -9999
[rows 192 to 223 of 481, columns 504 to 575 of 1201]
4.81175E-1 5.07113E-1 5.45663E-1 5.44664E-1 6.02404E-1 6.50058E-1 6.41943E-1 6.56105E-1 6.48703E-1 6.13964E-1 5.99879E-1 6.26272E-1 5.92846E-1 5.81467E-1 6.14646E-1 6.01703E-1 4.72107E-1 4.08563E-1 4.4809E-1 5.13287E-1 5.70409E-1 7.19846E-1 7.86524E-1 7.97025E-1 8.14611E-1 -9999 -9999 -9999 -9999 -9999 -9999 -9999 -9999 -9999 -9999 -9999 -9999 -9999 -9999 -9999 -9999 -9999 -9999 -9999 -9999 -9999 -9999 -9999 -9999 -9999 -9999 -9999 -9999 -9999 -9999 -9999 -9999 -9999 -9999 -9999 -9999 -9999 -9999 -9999 -9999 -9999 -9999 -9999 -9999 -9999 -9999 -9999
4.10674E-1 4.52663E-1 5.03161E-1 5.13074E-1 5.72543E-1 6.3493E-1 6.49125E-1 6.2697E-1 5.76872E-1 5.6475E-1 5.69889E-1 5.59978E-1 5.93782E-1 6.18742E-1 6.61828E-1 6.73578E-1 5.44537E-1 4.9386E-1 5.22221E-1 5.27009E-1 5.46738E-1 5.71561E-1 5.32737E-1 7.35569E-1 8.0542E-1 8.04584E-1 8.2719E-1 -9999 -9999 -9999 -9999 -9999 -9999 -9999 -9999 -9999 -9999 -9999 -9999 -9999 -9999 -9999 -9999 -9999 -9999 -9999 -9999 -9999 -9999 -9999 -9999 -9999 -9999 -9999 -9999 -9999 -9999 -9999 -9999 -9999 -9999 -9999 -9999 -9999 -9999 -9999 -9999 -9999 -9999 -9999 -9999 -9999
3.76689E-1 3.83151E-1 4.29757E-1 4.4372E-1 5.12612E-1 5.56864E-1 5.92264E-1 5.48463E-1 5.24264E-1 5.24142E-1 4.9261E-1 5.11685E-1 5.3651E-1 5.91272E-1 5.77569E-1 5.81585E-1 6.46789E-1 6.49804E-1 7.13511E-1 7.06848E-1 7.20616E-1 7.14756E-1 7.34558E-1 7.77833E-1 7.68396E-1 7.96435E-1 7.8733E-1 8.02855E-1 -9999 -9999 -9999 -9999 -9999 -9999 -9999 -9999 -9999 -9999 -9999 -9999 -9999 -9999 -9999 -9999 -9999 -9999 -9999 -9999 -9999 -9999 -9999 -9999 -9999 -9999 -9999 -9999 -9999 -9999 -9999 -9999 -9999 -9999 -9999 -9999 -9999 -9999 -9999 -9999 -9999 -9999 -9999 -9999
2.58428E-1 2.86458E-1 3.23531E-1 3.73049E-1 3.52617E-1 4.371E-1 4.53713E-1 4.01693E-1 3.98483E-1 4.00126E-1 4.0176E-1 4.04034E-1 4.11705E-1 4.14921E-1 4.47706E-1 4.49497E-1 4.94645E-1 5.83345E-1 5.87084E-1 6.5925E-1 7.02837E-1 7.27354E-1 7.30007E-1 7.3487E-1 7.77258E-1 7.45572E-1 7.58241E-1 7.71577E-1 7.78284E-1 7.79517E-1 7.81243E-1 -9999 -9999 8.45052E-1 -9999 -9999 -9999 -9999 -9999 -9999 -9999 -9999 -9999 -9999 -9999 -9999 -9999 -9999 -9999 -9999 -9999 -9999 -9999 -9999 -9999 -9999 -9999 -9999 -9999 -9999 -9999 -9999 -9999 -9999 -9999 -9999 -9999 -9999 -9999 -9999 -9999 -9999
1.54108E-1 2.10699E-1 2.55742E-1 3.8273E-1 3.2467E-1 3.03692E-1 3.47837E-1 3.34445E-1 3.47291E-1 3.31276E-1 3.15234E-1 3.2633E-1 3.01158E-1 2.79519E-1 2.9608E-1 3.26346E-1 3.98924E-1 5.27366E-1 5.1473E-1 5.01306E-1 6.02176E-1 6.70428E-1 6.38985E-1 5.73492E-1 6.78146E-1 7.12505E-1 6.97275E-1 7.07937E-1 7.60066E-1 7.68134E-1 7.80193E-1 8.09539E-1 8.16891E-1 8.17878E-1 8.48081E-1 -9999 -9999 -9999 -9999 -9999 -9999 -9999 -9999 -9999 -9999 -9999 -9999 -9999 -9999 -9999 -9999 -9999 -9999 -9999 -9999 -9999 -9999 -9999 -9999 -9999 -9999 -9999 -9999 -9999 -9999 -9999 -9999 -9999 -9999 -9999 -9999 -9999
2.33717E-1 1.85267E-1 2.24763E-1 2.7291E-1 2.22302E-1 2.2801E-1 3.29536E-1 4.58323E-1 4.27701E-1 4.26188E-1 3.54757E-1 4.83532E-1 3.95893E-1 2.87788E-1 2.94027E-1 2.99273E-1 4.0429E-1 5.4286E-1 4.88001E-1 4.80002E-1 5.75557E-1 6.10836E-1 6.35949E-1 6.45754E-1 6.47159E-1 6.95939E-1 6.49234E-1 6.48892E-1 7.15479E-1 7.28382E-1 7.64282E-1 7.58122E-1 7.83662E-1 8.04883E-1 8.11243E-1 8.07554E-1 -9999 -9999 -9999 -9999 -9999 -9999 -9999 -9999 -9999 -9999 -9999 -9999 -9999 -9999 -9999 -9999 -9999 8.64832E-1 8.42136E-1 -9999 -9999 -9999 -9999 -9999 -9999 -9999 -9999 -9999 -9999 -9999 -9999 -9999 -9999 -9999 -9999 -9999
2.71639E-1 3.42611E-1 3.17439E-1 2.42966E-1 2.54702E-1 2.77506E-1 2.58221E-1 2.913E-1 3.86376E-1 4.89331E-1 4.63964E-1 4.88623E-1 3.67457E-1 3.75452E-1 3.32984E-1 2.33459E-1 3.37777E-1 4.67363E-1 3.46652E-1 4.01846E-1 5.80744E-1 5.9125E-1 6.32386E-1 5.93822E-1 6.15793E-1 6.15399E-1 6.38979E-1 6.87183E-1 6.93902E-1 6.92325E-1 7.62509E-1 7.57737E-1 7.52197E-1 7.84662E-1 7.91387E-1 7.91836E-1 7.82148E-1 7.71231E-1 -9999 -9999 -9999 -9999 -9999 -9999 -9999 -9999 -9999 -9999 -9999 -9999 -9999 -9999 -9999 8.33615E-1 8.3297E-1 7.56242E-1 -9999 -9999 -9999 -9999 -9999 -9999 -9999 -9999 -9999 -9999 -9999 -9999 -9999 -9999 -9999 -9999
3.10541E-1 3.56991E-1 3.59207E-1 3.55834E-1 3.46006E-1 3.52427E-1 3.73743E-1 4.0243E-1 4.29659E-1 5.2584E-1 4.50582E-1 5.20207E-1 4.20208E-1 4.38827E-1 3.2705E-1 2.37676E-1 2.74909E-1 3.16732E-1 4.08008E-1 3.74909E-1 4.05726E-1 4.76647E-1 5.897E-1 5.03031E-1 4.71714E-1 4.79272E-1 5.16848E-1 6.30796E-1 6.64875E-1 7.29315E-1 7.47286E-1 7.15833E-1 7.52081E-1 7.77365E-1 7.49991E-1 7.3351E-1 7.13839E-1 7.10949E-1 7.37849E-1 7.74522E-1 7.82418E-1 -9999 -9999 -9999 -9999 -9999 -9999 -9999 -9999 -9999 -9999 -9999 -9999 -9999 -9999 7.46472E-1 -9999 -9999 -9999 -9999 -9999 -9999 -9999 -9999 -9999 -9999 -9999 -9999 -9999 -9999 -9999 -9999
2.92747E-1 4.42551E-1 4.64681E-1 4.8982E-1 4.97314E-1 4.89785E-1 5.30011E-1 5.2808E-1 5.37413E-1 5.39053E-1 4.42422E-1 4.82876E-1 4.73016E-1 4.64916E-1 3.53808E-1 3.73048E-1 3.5866E-1 2.6463E-1 2.80681E-1 3.78964E-1 4.0438E-1 4.00395E-1 5.68495E-1 4.30686E-1 2.99455E-1 2.95555E-1 3.57327E-1 5.19074E-1 6.03189E-1 6.71886E-1 6.51959E-1 6.24655E-1 6.72218E-1 6.65055E-1 6.45422E-1 6.3189E-1 5.89975E-1 5.77066E-1 5.79043E-1 5.98117E-1 6.76982E-1 7.27452E-1 7.34258E-1 7.34784E-1 7.70584E-1 -9999 -9999 -9999 -9999 -9999 -9999 -9999 -9999 -9999 -9999 -9999 -9999 -9999 -9999 -9999 8.2965E-1 6.25029E-1 -9999 -9999 -9999 -9999 -9999 -9999 -9999 -9999 -9999 -9999
3.41473E-1 3.51878E-1 3.37236E-1 4.49611E-1 5.01707E-1 5.22586E-1 5.39064E-1 5.42374E-1 5.24949E-1 5.22971E-1 5.3162E-1 5.48324E-1 5.24313E-1 5.21959E-1 4.85477E-1 4.93421E-1 4.11466E-1 3.85979E-1 3.60287E-1 3.32481E-1 3.36087E-1 4.27489E-1 5.08892E-1 4.30335E-1 2.91893E-1 2.55792E-1 2.88977E-1 3.89229E-1 4.41658E-1 4.07314E-1 3.48502E-1 4.25927E-1 3.9924E-1 4.22282E-1 4.67993E-1 4.09652E-1 3.72623E-1 3.93436E-1 4.94117E-1 4.13048E-1 5.05022E-1 5.48749E-1 5.8418E-1 5.81234E-1 6.50126E-1 7.32972E-1 7.22399E-1 6.92926E-1 7.59256E-1 7.82808E-1 7.94575E-1 8.15048E-1 8.17113E-1 -9999 -9999 -9999 -9999 -9999 -9999 7.00055E-1 7.08559E-1 5.48044E-1 7.07848E-1 -9999 -9999 -9999 -9999 -9999 -9999 -9999 -9999 -9999
3.73724E-1 3.42517E-1 3.7113E-1 3.71946E-1 4.12284E-1 4.82288E-1 5.151E-1 5.16239E-1 5.1074E-1 5.09702E-1 5.13284E-1 5.10998E-1 4.9427E-1 5.05638E-1 4.99665E-1 4.79164E-1 4.58693E-1 4.57654E-1 4.18039E-1 3.48304E-1 4.45713E-1 4.11077E-1 4.39355E-1 3.37355E-1 3.37287E-1 3.36572E-1 3.68165E-1 2.78708E-1 3.40871E-1 3.44664E-1 3.2245E-1 3.28105E-1 4.10441E-1 4.82014E-1 5.34867E-1 4.80005E-1 5.13286E-1 4.34959E-1 5.51359E-1 5.31095E-1 5.28738E-1 4.77366E-1 4.82743E-1 4.61741E-1 4.54673E-1 5.54241E-1 6.87726E-1 6.84375E-1 6.60233E-1 6.56179E-1 7.49474E-1 7.03602E-1 7.0835E-1 7.48504E-1 7.88023E-1 8.24764E-1 -9999 8.70317E-1 7.47151E-1 -9999 7.61161E-1 7.08749E-1 6.52038E-1 -9999 -9999 -9999 -9999 -9999 -9999 -9999 -9999 -9999
3.43256E-1 3.21289E-1 2.91917E-1 2.67884E-1 3.45624E-1 4.94046E-1 5.07622E-1 5.14933E-1 5.09222E-1 5.08141E-1 4.96779E-1 5.18078E-1 5.02598E-1 5.16659E-1 5.0509E-1 4.76675E-1 5.21901E-1 5.05338E-1 4.99218E-1 4.96139E-1 5.00687E-1 4.99395E-1 4.68647E-1 4.62722E-1 3.88158E-1 3.62012E-1 4.23933E-1 3.82744E-1 3.56193E-1 3.08515E-1 3.90844E-1 4.25946E-1 3.62982E-1 4.52406E-1 5.44317E-1 5.83209E-1 5.96123E-1 5.82365E-1 4.93383E-1 5.1688E-1 4.4519E-1 5.67966E-1 5.17194E-1 5.68717E-1 4.92282E-1 5.20185E-1 6.23354E-1 6.18439E-1 5.46902E-1 5.52466E-1 6.50911E-1 5.3109E-1 6.17234E-1 6.00935E-1 7.08145E-1 7.27576E-1 6.80724E-1 7.37699E-1 6.14199E-1 5.48032E-1 5.60593E-1 6.68505E-1 6.44681E-1 -9999 -9999 -9999 -9999 -9999 -9999 -9999 -9999 -9999
2.86597E-1 2.65564E-1 2.67692E-1 3.06691E-1 4.24043E-1 4.65649E-1 4.59807E-1 4.86365E-1 4.91185E-1 4.95191E-1 5.02648E-1 5.03276E-1 5.12786E-1 5.04836E-1 5.03376E-1 4.99628E-1 4.87174E-1 5.16931E-1 5.13767E-1 4.79756E-1 5.45771E-1 4.83851E-1 5.32613E-1 5.08554E-1 4.78291E-1 4.29953E-1 4.64745E-1 4.43306E-1 4.04733E-1 3.69304E-1 4.20693E-1 3.92691E-1 4.12535E-1 4.37043E-1 5.23487E-1 5.97008E-1 6.21353E-1 6.06299E-1 6.19619E-1 6.01645E-1 5.39361E-1 4.51253E-1 4.98623E-1 5.85176E-1 5.58245E-1 5.99914E-1 5.53636E-1 5.7275E-1 5.26003E-1 6.36501E-1 6.71361E-1 5.76989E-1 5.69033E-1 4.91463E-1 3.88022E-1 5.23268E-1 5.38645E-1 5.43166E-1 5.56177E-1 6.72599E-1 5.51445E-1 5.65154E-1 -9999 -9999 -9999 -9999 -9999 -9999 -9999 -9999 -9999 -9999
2.4139E-1 2.34669E-1 2.32537E-1 2.5693E-1 3.82079E-1 3.96683E-1 3.8343E-1 4.81186E-1 4.93073E-1 4.79248E-1 4.77294E-1 4.76049E-1 4.95087E-1 4.9529E-1 5.01197E-1 4.97867E-1 4.8661E-1 5.04877E-1 4.83552E-1 4.42247E-1 5.09081E-1 4.9284E-1 5.21593E-1 4.74573E-1 4.63172E-1 5.03494E-1 5.43185E-1 4.80898E-1 5.17977E-1 5.04508E-1 4.81069E-1 5.58689E-1 6.26089E-1 5.35945E-1 6.00533E-1 5.38385E-1 5.88149E-1 6.10798E-1 6.39906E-1 5.99417E-1 5.4746E-1 5.73951E-1 6.16749E-1 6.3317E-1 6.5612E-1 6.48142E-1 5.63483E-1 5.41001E-1 5.392E-1 6.01747E-1 5.90982E-1 6.11579E-1 6.17973E-1 4.97399E-1 4.26193E-1 4.70792E-1 6.00321E-1 6.1802E-1 5.68105E-1 6.50783E-1 5.82765E-1 5.68941E-1 -9999 -9999 -9999 -9999 -9999 -9999 -9999 -9999 -9999 -9999
2.02383E-1 2.53132E-1 2.41185E-1 2.97537E-1 3.55511E-1 3.37021E-1 4.08193E-1 4.97752E-1 4.84832E-1 4.62317E-1 4.3851E-1 4.69542E-1 4.80279E-1 5.07448E-1 4.97749E-1 4.80761E-1 4.99381E-1 4.89107E-1 4.67893E-1 4.43265E-1 5.14669E-1 5.10268E-1 4.95742E-1 4.56528E-1 4.83739E-1 5.08838E-1 5.10707E-1 5.02797E-1 4.8165E-1 4.48833E-1 5.3848E-1 5.04738E-1 5.74438E-1 5.10071E-1 5.40631E-1 5.81482E-1 5.32968E-1 5.82207E-1 5.7477E-1 5.57532E-1 6.20233E-1 5.69103E-1 5.98892E-1 5.79441E-1 5.69539E-1 6.11829E-1 6.96414E-1 6.37428E-1 5.72616E-1 5.95263E-1 6.0515E-1 6.20794E-1 6.00404E-1 5.67514E-1 6.46273E-1 6.27202E-1 6.21105E-1 5.89448E-1 6.09514E-1 7.21389E-1 5.73775E-1 6.33519E-1 6.47221E-1 7.55241E-1 7.14405E-1 -9999 -9999 -9999 -9999 -9999 -9999 -9999
2.54034E-1 3.12496E-1 3.32509E-1 2.89786E-1 3.20336E-1 3.81127E-1 4.24689E-1 5.07102E-1 4.84033E-1 4.29324E-1 3.6999E-1 4.63464E-1 5.02891E-1 5.00763E-1 4.82211E-1 4.90246E-1 5.00055E-1 4.89475E-1 4.29467E-1 4.22053E-1 4.92275E-1 4.98386E-1 4.84952E-1 4.30902E-1 4.96861E-1 5.12087E-1 5.44558E-1 4.88114E-1 4.0707E-1 3.93548E-1 5.12897E-1 4.11544E-1 5.25306E-1 4.84924E-1 5.18196E-1 5.76657E-1 5.69136E-1 6.15806E-1 6.16704E-1 5.96305E-1 6.43468E-1 6.07792E-1 6.6241E-1 6.75723E-1 6.86811E-1 6.78605E-1 6.98269E-1 6.86743E-1 7.01497E-1 6.67747E-1 6.23859E-1 5.0938E-1 5.04662E-1 4.69965E-1 5.0983E-1 6.08129E-1 4.32459E-1 4.6989E-1 5.71648E-1 5.78687E-1 6.09939E-1 7.27211E-1 7.83743E-1 6.74751E-1 7.03424E-1 8.11097E-1 -9999 -9999 -9999 -9999 -9999 -9999
2.79654E-1 3.18167E-1 3.76562E-1 2.73998E-1 3.20682E-1 4.26283E-1 4.30367E-1 5.08842E-1 4.93401E-1 4.77578E-1 4.57094E-1 4.98426E-1 5.05272E-1 4.95843E-1 4.8171E-1 4.91415E-1 5.08533E-1 4.71105E-1 4.54546E-1 4.64795E-1 5.05148E-1 5.13147E-1 4.28155E-1 5.03215E-1 5.51812E-1 5.36839E-1 5.33559E-1 4.52753E-1 4.33253E-1 4.45624E-1 5.01729E-1 5.11889E-1 5.63615E-1 4.9863E-1 5.65611E-1 6.03669E-1 6.15351E-1 6.21522E-1 6.1308E-1 6.1473E-1 6.33159E-1 5.93739E-1 6.66431E-1 6.56857E-1 6.70961E-1 6.92786E-1 6.90141E-1 6.85083E-1 6.9855E-1 6.77494E-1 7.06678E-1 6.24257E-1 5.6354E-1 4.5576E-1 4.83232E-1 5.51239E-1 4.85423E-1 4.67603E-1 5.28265E-1 5.50536E-1 5.18281E-1 5.55725E-1 6.57621E-1 5.5493E-1 6.80798E-1 7.30791E-1 7.06238E-1 6.42168E-1 -9999 -9999 -9999 -9999
1.61934E-1 2.8369E-1 3.6611E-1 3.81477E-1 4.24741E-1 4.48827E-1 4.42768E-1 4.32475E-1 4.99251E-1 4.77259E-1 4.72966E-1 4.66508E-1 4.80304E-1 4.8024E-1 4.9003E-1 4.87803E-1 4.77968E-1 4.78047E-1 4.74988E-1 5.14068E-1 5.2052E-1 5.11756E-1 4.83857E-1 4.97518E-1 5.6779E-1 5.5333E-1 5.00026E-1 4.58721E-1 4.57037E-1 4.92897E-1 5.15052E-1 5.63453E-1 5.26632E-1 5.62021E-1 5.87175E-1 5.69165E-1 6.10886E-1 5.76078E-1 5.70879E-1 5.66979E-1 6.23064E-1 6.14325E-1 6.58459E-1 6.32876E-1 6.61534E-1 6.93654E-1 6.85325E-1 6.74282E-1 6.88389E-1 6.77056E-1 7.06943E-1 6.98511E-1 6.4015E-1 6.27319E-1 6.17728E-1 6.00876E-1 6.00054E-1 5.44546E-1 5.46378E-1 5.53017E-1 5.63125E-1 5.53796E-1 5.56225E-1 5.41479E-1 5.57579E-1 5.96169E-1 6.76869E-1 7.53235E-1 7.77808E-1 7.92679E-1 -9999 -9999
2.04209E-1 2.54085E-1 3.40954E-1 4.34247E-1 4.41976E-1 4.45847E-1 4.39692E-1 4.85428E-1 4.86757E-1 4.82514E-1 4.64933E-1 4.60881E-1 4.71604E-1 4.59683E-1 4.67635E-1 4.57599E-1 4.67059E-1 5.00084E-1 5.09607E-1 5.05623E-1 5.11209E-1 5.44437E-1 5.22929E-1 4.94528E-1 5.53578E-1 5.7275E-1 5.21838E-1 4.5853E-1 4.72175E-1 4.85329E-1 5.17863E-1 5.11551E-1 5.6894E-1 5.68204E-1 5.60988E-1 5.66423E-1 5.95675E-1 5.53955E-1 5.71303E-1 5.58918E-1 6.18355E-1 6.07367E-1 6.37177E-1 6.33734E-1 6.56781E-1 6.7026E-1 6.80616E-1 6.75432E-1 6.81841E-1 6.8174E-1 7.01007E-1 7.20252E-1 7.05409E-1 6.89023E-1 6.97716E-1 6.96398E-1 6.69909E-1 6.20518E-1 5.99229E-1 5.72033E-1 5.87191E-1 5.97955E-1 5.70537E-1 5.75245E-1 6.56471E-1 6.06626E-1 6.03851E-1 6.11194E-1 6.36751E-1 6.86398E-1 7.66992E-1 -9999
3.94161E-1 2.16508E-1 2.95812E-1 4.21395E-1 4.69024E-1 4.90748E-1 4.86871E-1 4.69696E-1 4.56575E-1 4.55246E-1 4.5871E-1 4.61498E-1 4.65191E-1 4.52594E-1 4.75844E-1 4.62339E-1 4.87282E-1 5.05443E-1 4.93563E-1 4.87095E-1 5.10392E-1 5.42331E-1 5.40001E-1 5.09157E-1 5.27233E-1 5.49451E-1 5.34226E-1 4.68113E-1 4.87404E-1 5.17886E-1 5.36292E-1 5.38704E-1 5.81115E-1 5.81667E-1 5.70384E-1 5.64307E-1 5.8402E-1 5.51872E-1 5.85142E-1 5.85452E-1 6.03955E-1 5.80831E-1 6.1732E-1 6.10073E-1 6.43244E-1 6.62243E-1 6.69268E-1 6.73243E-1 6.5998E-1 6.68271E-1 7.01428E-1 7.2912E-1 7.29794E-1 7.19556E-1 7.40507E-1 7.46031E-1 6.9777E-1 6.28529E-1 6.35874E-1 6.07485E-1 5.97066E-1 6.12561E-1 6.20167E-1 6.76633E-1 6.79978E-1 7.02829E-1 6.70499E-1 6.69357E-1 7.25847E-1 7.1381E-1 7.53736E-1 -9999
4.83792E-1 3.86992E-1 3.38628E-1 4.09638E-1 4.78705E-1 4.77482E-1 4.6353E-1 4.39719E-1 4.442E-1 4.35483E-1 4.38332E-1 4.47171E-1 4.56731E-1 4.68948E-1 4.5893E-1 4.73617E-1 4.81944E-1 5.00483E-1 4.76901E-1 4.82202E-1 4.89612E-1 5.19824E-1 5.09168E-1 5.01141E-1 5.1445E-1 5.04143E-1 4.82467E-1 4.69467E-1 4.97557E-1 5.17134E-1 5.6825E-1 5.31008E-1 5.62101E-1 5.85397E-1 5.5195E-1 5.70696E-1 5.73194E-1 5.6472E-1 5.90129E-1 5.81194E-1 6.00794E-1 5.93245E-1 6.31121E-1 6.48703E-1 6.44945E-1 6.63551E-1 6.616E-1 6.59636E-1 6.43446E-1 6.68514E-1 6.9818E-1 7.01732E-1 7.4108E-1 7.35741E-1 7.44211E-1 7.4246E-1 7.4667E-1 6.62049E-1 6.64684E-1 6.68098E-1 6.53391E-1 6.60205E-1 6.7713E-1 7.36681E-1 7.07949E-1 7.41304E-1 7.39679E-1 7.43691E-1 7.62481E-1 7.6767E-1 7.71123E-1 7.55926E-1
4.50785E-1 4.29281E-1 4.36256E-1 4.42806E-1 4.4526E-1 4.37819E-1 4.36294E-1 4.29155E-1 4.28389E-1 4.16975E-1 4.27763E-1 4.4376E-1 4.53462E-1 4.57916E-1 4.63442E-1 4.62623E-1 4.70309E-1 4.86616E-1 4.60535E-1 5.02983E-1 4.73728E-1 4.96238E-1 5.09613E-1 5.26474E-1 5.09472E-1 5.01464E-1 4.72402E-1 4.77012E-1 4.92742E-1 5.28202E-1 5.38938E-1 5.37549E-1 5.56954E-1 5.58429E-1 5.67222E-1 5.71389E-1 5.71181E-1 5.66694E-1 5.77923E-1 5.90596E-1 5.92905E-1 6.20705E-1 6.26879E-1 6.43113E-1 6.43228E-1 6.30428E-1 6.42981E-1 6.46562E-1 6.51617E-1 6.84945E-1 6.92234E-1 6.97E-1 7.22106E-1 7.26817E-1 7.35796E-1 7.36814E-1 7.34061E-1 7.06712E-1 6.92625E-1 7.01516E-1 7.09007E-1 7.127E-1 7.2785E-1 7.55386E-1 7.62386E-1 7.68973E-1 8.09357E-1 8.17505E-1 8.08718E-1 8.0534E-1 8.06426E-1 7.85544E-1
4.31627E-1 4.51456E-1 4.28878E-1 4.12359E-1 4.26939E-1 4.18932E-1 4.18302E-1 4.01229E-1 4.13141E-1 4.10684E-1 4.24424E-1 4.47645E-1 4.38645E-1 4.52365E-1 4.48465E-1 4.69565E-1 4.73729E-1 4.87979E-1 4.75013E-1 5.11653E-1 4.86045E-1 5.06085E-1 5.23917E-1 5.23488E-1 5.0551E-1 4.79385E-1 4.72994E-1 4.73216E-1 5.01614E-1 5.35277E-1 5.3133E-1 5.25546E-1 5.47757E-1 5.65475E-1 5.76586E-1 5.75718E-1 5.7631E-1 5.82192E-1 5.72566E-1 5.97214E-1 5.79893E-1 5.79373E-1 6.03544E-1 6.23958E-1 6.19514E-1 5.99338E-1 6.24165E-1 6.41407E-1 6.53753E-1 6.73279E-1 6.87698E-1 6.97762E-1 7.10742E-1 7.25291E-1 7.20569E-1 7.28073E-1 7.45436E-1 7.4881E-1 7.31383E-1 7.42605E-1 7.56217E-1 7.62908E-1 7.7036E-1 7.72767E-1 7.84288E-1 8.00733E-1 8.04002E-1 8.14046E-1 8.17874E-1 8.23987E-1 8.3382E-1 8.42431E-1
4.18579E-1 4.34663E-1 4.22331E-1 4.13239E-1 4.12228E-1 4.06574E-1 3.75601E-1 3.70687E-1 3.83199E-1 3.95348E-1 4.17225E-1 4.30855E-1 4.2895E-1 4.16947E-1 4.05691E-1 4.55884E-1 4.56282E-1 4.88192E-1 4.91423E-1 5.09476E-1 5.0666E-1 5.14628E-1 5.10292E-1 5.36428E-1 5.05796E-1 4.83943E-1 4.78268E-1 4.72612E-1 5.1666E-1 5.19684E-1 5.39855E-1 5.01386E-1 5.22271E-1 5.45105E-1 5.44038E-1 5.36498E-1 5.4274E-1 5.80117E-1 5.87308E-1 5.65357E-1 5.4064E-1 5.51524E-1 5.80763E-1 6.08036E-1 6.12542E-1 6.33123E-1 6.52273E-1 6.468E-1 6.54841E-1 6.67072E-1 6.78676E-1 6.97334E-1 7.0391E-1 7.17928E-1 7.26701E-1 7.48891E-1 7.53361E-1 7.58053E-1 7.60413E-1 7.70618E-1 7.81164E-1 7.65885E-1 7.81186E-1 7.86554E-1 7.99476E-1 8.02298E-1 8.00825E-1 8.12669E-1 8.08964E-1 8.23607E-1 8.24993E-1 8.33348E-1
4.09332E-1 4.3018E-1 4.07626E-1 3.86967E-1 3.8714E-1 3.71701E-1 3.2318E-1 3.00593E-1 3.40903E-1 4.00784E-1 4.122E-1 4.03539E-1 3.86619E-1 4.03421E-1 3.83091E-1 3.76902E-1 4.03448E-1 5.00548E-1 5.07246E-1 5.13316E-1 5.13122E-1 5.25449E-1 5.07016E-1 5.39816E-1 5.16424E-1 5.02243E-1 5.0785E-1 5.13371E-1 5.24531E-1 5.29817E-1 5.46183E-1 5.32794E-1 5.39255E-1 5.51568E-1 5.63748E-1 5.58759E-1 5.57293E-1 5.72749E-1 5.81896E-1 5.61215E-1 5.31179E-1 5.55534E-1 5.74108E-1 6.18218E-1 6.08059E-1 6.45911E-1 6.50119E-1 6.57948E-1 6.52525E-1 6.80187E-1 6.78824E-1 6.8411E-1 7.0173E-1 7.14012E-1 7.30196E-1 7.47111E-1 7.54435E-1 7.50315E-1 7.74045E-1 7.69371E-1 7.74731E-1 7.81509E-1 7.89771E-1 7.79446E-1 7.92343E-1 8.05853E-1 8.06653E-1 8.21502E-1 8.28493E-1 8.14199E-1 8.27941E-1 8.33134E-1
4.46708E-1 4.46091E-1 4.0269E-1 3.93494E-1 3.9594E-1 3.54575E-1 2.70056E-1 2.71582E-1 3.52141E-1 4.17724E-1 3.84337E-1 3.84739E-1 3.65806E-1 3.41274E-1 2.98834E-1 3.27288E-1 3.74672E-1 5.49168E-1 5.47439E-1 5.37299E-1 5.26587E-1 5.26378E-1 5.25196E-1 5.47026E-1 5.41376E-1 5.29538E-1 5.38684E-1 5.38046E-1 5.42403E-1 5.44947E-1 5.56073E-1 5.57356E-1 5.5239E-1 5.63672E-1 5.75884E-1 5.83833E-1 5.74909E-1 5.748E-1 5.91927E-1 5.7883E-1 5.52988E-1 5.67533E-1 5.88791E-1 6.2789E-1 6.24503E-1 6.38505E-1 6.50814E-1 6.55658E-1 6.52305E-1 6.71108E-1 6.71164E-1 6.72825E-1 6.89391E-1 7.14574E-1 7.13294E-1 7.49794E-1 7.41021E-1 7.4734E-1 7.69038E-1 7.6148E-1 7.56142E-1 7.55207E-1 7.66886E-1 7.947E-1 7.87765E-1 8.00432E-1 8.11729E-1 8.17116E-1 8.14907E-1 8.22584E-1 8.28915E-1 8.32914E-1
4.64944E-1 4.29403E-1 3.98969E-1 3.89958E-1 3.70264E-1 3.52095E-1 2.79725E-1 2.95974E-1 3.19743E-1 3.3713E-1 3.35646E-1 3.08512E-1 3.35847E-1 3.58225E-1 3.1306E-1 3.50253E-1 4.54405E-1 5.4463E-1 5.80489E-1 5.50192E-1 5.45373E-1 5.42205E-1 5.40882E-1 5.39663E-1 5.31227E-1 5.47542E-1 5.59592E-1 5.62511E-1 5.63744E-1 5.58237E-1 5.61284E-1 5.88651E-1 5.60931E-1 5.82427E-1 5.86566E-1 5.96052E-1 5.88503E-1 5.9797E-1 6.08087E-1 5.96267E-1 5.78428E-1 5.81299E-1 5.94262E-1 6.22298E-1 6.22263E-1 6.41021E-1 6.63484E-1 6.62356E-1 6.63551E-1 6.69163E-1 6.59405E-1 6.79931E-1 6.91957E-1 7.08875E-1 7.084E-1 7.36705E-1 7.44182E-1 7.60199E-1 7.54515E-1 7.59263E-1 7.54191E-1 7.4845E-1 7.56822E-1 7.95525E-1 7.96492E-1 8.0237E-1 8.08918E-1 8.14191E-1 8.13643E-1 8.2109E-1 8.16423E-1 8.1837E-1
4.53446E-1 4.14202E-1 3.95569E-1 3.69303E-1 3.53766E-1 3.59545E-1 3.28937E-1 2.34008E-1 2.48477E-1 2.09116E-1 2.35695E-1 2.63167E-1 2.63967E-1 3.98211E-1 4.52466E-1 5.43418E-1 5.92482E-1 5.63132E-1 5.68257E-1 5.59512E-1 5.52717E-1 5.50357E-1 5.52167E-1 5.53453E-1 5.47353E-1 5.64831E-1 5.91432E-1 5.8131E-1 5.88301E-1 5.7348E-1 5.63031E-1 5.9383E-1 5.90122E-1 5.97838E-1 6.00848E-1 6.02315E-1 6.14721E-1 6.15649E-1 6.14501E-1 6.12588E-1 5.5819E-1 5.67902E-1 6.09975E-1 6.29579E-1 6.27877E-1 6.52232E-1 6.43149E-1 6.50722E-1 6.48665E-1 6.51212E-1 6.75481E-1 6.72514E-1 6.97649E-1 7.08476E-1 7.09302E-1 7.4328E-1 7.48667E-1 7.53799E-1 7.55134E-1 7.48245E-1 7.32225E-1 7.51423E-1 7.78835E-1 7.90823E-1 7.94612E-1 7.94147E-1 8.04689E-1 8.05897E-1 8.14405E-1 8.07786E-1 7.99495E-1 8.01446E-1
4.3408E-1 4.06999E-1 3.88342E-1 3.4976E-1 3.46368E-1 3.34167E-1 3.27393E-1 2.40192E-1 2.31902E-1 1.34211E-1 1.49482E-1 3.46121E-1 3.48722E-1 3.65995E-1 4.79397E-1 5.63365E-1 5.89816E-1 5.39634E-1 5.62826E-1 5.55946E-1 5.70193E-1 5.64936E-1 5.7058E-1 5.62362E-1 5.78588E-1 5.88834E-1 5.92423E-1 5.84394E-1 5.93899E-1 5.84543E-1 5.79424E-1 6.19484E-1 6.30522E-1 6.12243E-1 6.31802E-1 6.25644E-1 6.2682E-1 6.24374E-1 6.26125E-1 6.02627E-1 5.25205E-1 5.17643E-1 6.1249E-1 6.28054E-1 6.2623E-1 6.17507E-1 6.19811E-1 6.40548E-1 6.63539E-1 6.6706E-1 6.64584E-1 6.80166E-1 6.88841E-1 7.063E-1 7.13778E-1 7.25321E-1 7.56572E-1 7.47874E-1 7.43331E-1 7.50522E-1 7.29178E-1 7.66474E-1 7.85392E-1 7.7964E-1 7.59206E-1 7.80162E-1 7.88488E-1 7.9227E-1 7.73874E-1 7.69735E-1 7.80449E-1 7.89759E-1
4.27786E-1 4.01516E-1 3.82136E-1 3.13027E-1 3.05647E-1 2.55671E-1 3.47114E-1 2.76699E-1 2.19915E-1 1.572E-1 2.00914E-1 3.32593E-1 3.80503E-1 4.64557E-1 5.52408E-1 5.85827E-1 5.61343E-1 5.33818E-1 5.61284E-1 5.64393E-1 5.91883E-1 6.09023E-1 5.96665E-1 5.92285E-1 6.07632E-1 6.25054E-1 6.1897E-1 6.15601E-1 6.27249E-1 6.06445E-1 6.08622E-1 6.27187E-1 6.38989E-1 6.31678E-1 6.31686E-1 6.22408E-1 6.12139E-1 6.07851E-1 6.04048E-1 5.99673E-1 5.67199E-1 5.69162E-1 5.96799E-1 5.95946E-1 6.54397E-1 5.8289E-1 5.85349E-1 6.24322E-1 6.45581E-1 6.77763E-1 6.82302E-1 6.77936E-1 6.94778E-1 7.0306E-1 6.90815E-1 7.24923E-1 7.24033E-1 7.22924E-1 7.39728E-1 7.535E-1 7.47764E-1 7.50043E-1 7.77141E-1 7.71432E-1 7.57998E-1 7.75776E-1 7.73452E-1 7.61065E-1 7.59065E-1 7.59677E-1 7.5581E-1 7.56098E-1
4.2286E-1 4.01878E-1 3.68667E-1 2.38029E-1 2.17965E-1 2.29593E-1 3.72533E-1 2.9198E-1 2.59448E-1 2.24457E-1 3.25736E-1 3.93227E-1 5.26753E-1 4.98758E-1 5.88918E-1 5.89381E-1 5.46759E-1 5.01692E-1 5.7795E-1 5.90734E-1 6.1407E-1 6.17815E-1 6.07251E-1 6.2334E-1 6.3132E-1 6.38656E-1 6.32136E-1 6.28222E-1 6.35736E-1 6.18836E-1 6.12644E-1 6.30034E-1 6.31668E-1 6.16612E-1 6.20358E-1 6.06021E-1 6.03387E-1 6.13824E-1 6.13455E-1 5.98947E-1 6.43681E-1 6.08625E-1 5.78421E-1 6.63473E-1 6.52164E-1 6.00443E-1 6.07476E-1 6.60826E-1 6.89036E-1 7.09029E-1 6.8925E-1 6.93182E-1 6.9254E-1 7.05263E-1 7.06491E-1 7.25276E-1 7.29537E-1 7.22777E-1 7.26189E-1 7.40701E-1 7.3263E-1 7.46763E-1 7.47415E-1 7.5156E-1 7.56399E-1 7.38313E-1 7.45025E-1 7.47839E-1 7.39682E-1 7.45373E-1 7.38001E-1 7.59891E-1
4.28508E-1 4.06632E-1 3.6656E-1 2.16785E-1 2.21017E-1 1.87904E-1 3.53074E-1 2.79234E-1 2.9287E-1 2.7892E-1 3.69256E-1 4.25381E-1 4.50064E-1 6.03685E-1 5.97857E-1 6.09523E-1 5.44592E-1 4.45408E-1 6.1693E-1 6.22523E-1 6.1809E-1 6.3945E-1 6.26322E-1 6.30804E-1 6.33726E-1 6.37763E-1 6.35812E-1 6.36291E-1 6.33163E-1 6.25467E-1 6.20088E-1 6.33625E-1 6.40222E-1 6.29461E-1 6.06743E-1 6.10879E-1 6.13861E-1 6.25216E-1 6.26321E-1 6.25368E-1 6.26796E-1 6.13654E-1 6.42895E-1 6.28398E-1 6.09661E-1 5.88241E-1 5.94872E-1 6.58096E-1 6.95193E-1 7.1379E-1 6.91317E-1 6.56476E-1 7.02332E-1 7.14131E-1 7.06656E-1 7.16854E-1 7.24384E-1 7.21593E-1 7.25149E-1 7.22454E-1 7.30662E-1 7.14768E-1 7.35763E-1 7.37806E-1 7.26042E-1 7.16002E-1 7.17446E-1 7.30867E-1 7.2706E-1 7.38466E-1 7.427E-1 7.4254E-1
