Artocarpus altilis SDM files/Last interglacial/results (without the bias file)/Artalt_4.asc
ncols         1201
nrows         481
xllcorner     119.99986351115
yllcorner     -15.00013864885
cellsize      0.041666667
NODATA_value  -9999
[rows 192 to 223 of 481, columns 288 to 359 of 1201]
-9999 8.81176E-1 8.62342E-1 8.63254E-1 8.55471E-1 8.39005E-1 8.39197E-1 8.4665E-1 8.27202E-1 7.34681E-1 5.88659E-1 3.67238E-1 2.70178E-1 2.89712E-1 4.51375E-1 5.77143E-1 6.67276E-1 7.03911E-1 7.47575E-1 6.42467E-1 4.54682E-1 3.84553E-1 3.77084E-1 4.00317E-1 4.09973E-1 4.26264E-1 4.01803E-1 4.14384E-1 4.2742E-1 3.75914E-1 3.73371E-1 3.55748E-1 3.66863E-1 3.86584E-1 3.97461E-1 4.16017E-1 5.00746E-1 5.01131E-1 4.23058E-1 3.89685E-1 3.49062E-1 3.4282E-1 3.74916E-1 3.7686E-1 3.89337E-1 3.14798E-1 2.6976E-1 3.67012E-1 4.38118E-1 3.61322E-1 2.99415E-1 1.81314E-1 1.70198E-1 3.02834E-1 3.90697E-1 3.13975E-1 2.68445E-1 2.9126E-1 3.10363E-1 4.4056E-1 5.30127E-1 5.86322E-1 3.60346E-1 5.12901E-1 6.40022E-1 6.42083E-1 5.64657E-1 4.7246E-1 5.67607E-1 -9999 -9999 -9999
-9999 -9999 -9999 -9999 -9999 -9999 8.38339E-1 8.21825E-1 8.30495E-1 8.46175E-1 8.09894E-1 6.6755E-1 5.27454E-1 3.68839E-1 3.64247E-1 5.5891E-1 5.94571E-1 6.56976E-1 7.56201E-1 6.26119E-1 4.61954E-1 4.25241E-1 3.84626E-1 3.35499E-1 3.53837E-1 3.97638E-1 4.08089E-1 3.40375E-1 2.97949E-1 3.55568E-1 3.76713E-1 4.14042E-1 4.28851E-1 4.33814E-1 4.48329E-1 4.92721E-1 5.09186E-1 4.98794E-1 3.9956E-1 3.60097E-1 3.34651E-1 3.28506E-1 3.39396E-1 4.87026E-1 3.92855E-1 3.41474E-1 2.79482E-1 3.58276E-1 4.19683E-1 4.0012E-1 3.70166E-1 2.06897E-1 1.56891E-1 2.8002E-1 3.82412E-1 3.20425E-1 1.95828E-1 1.87905E-1 3.63118E-1 4.5447E-1 4.849E-1 4.96874E-1 3.64259E-1 4.56607E-1 6.25736E-1 6.32249E-1 5.05738E-1 5.92915E-1 5.74167E-1 -9999 -9999 -9999
-9999 -9999 -9999 -9999 -9999 -9999 -9999 -9999 -9999 -9999 -9999 8.12601E-1 6.46884E-1 4.16429E-1 4.40837E-1 4.11351E-1 5.77197E-1 7.10644E-1 7.43467E-1 6.53854E-1 5.23797E-1 4.56462E-1 3.89164E-1 3.82899E-1 4.16498E-1 3.39817E-1 3.33054E-1 3.21716E-1 3.39729E-1 3.2286E-1 3.23006E-1 3.9841E-1 4.27761E-1 4.40116E-1 4.51267E-1 4.97559E-1 5.26251E-1 4.94952E-1 3.80039E-1 3.32861E-1 3.52641E-1 3.39346E-1 4.94401E-1 4.01394E-1 3.21462E-1 3.79436E-1 4.26808E-1 4.26159E-1 3.13603E-1 4.04577E-1 3.62191E-1 2.02941E-1 1.72264E-1 2.39945E-1 2.8181E-1 2.48394E-1 2.68333E-1 3.02075E-1 3.11706E-1 4.03067E-1 5.41502E-1 4.44778E-1 3.31076E-1 3.53711E-1 5.84434E-1 5.89955E-1 4.46276E-1 5.78898E-1 5.93826E-1 -9999 -9999 -9999
-9999 -9999 -9999 -9999 -9999 -9999 -9999 -9999 -9999 -9999 6.84594E-1 6.40918E-1 7.42901E-1 5.32907E-1 4.03475E-1 4.78836E-1 4.73626E-1 5.80216E-1 6.76903E-1 6.58773E-1 5.01892E-1 4.38777E-1 4.04797E-1 3.83646E-1 4.26572E-1 3.578E-1 3.98022E-1 4.07335E-1 3.76193E-1 3.38043E-1 3.55033E-1 3.28925E-1 3.57625E-1 3.42897E-1 3.3793E-1 3.77281E-1 4.40181E-1 4.79278E-1 3.52144E-1 3.89938E-1 3.59892E-1 -9999 5.05335E-1 4.35192E-1 2.89628E-1 3.97393E-1 4.10738E-1 3.95331E-1 3.38551E-1 3.18595E-1 3.14056E-1 2.06714E-1 2.03747E-1 1.49794E-1 1.57706E-1 2.483E-1 3.18747E-1 3.32371E-1 3.10188E-1 4.87856E-1 5.40335E-1 4.08924E-1 3.09223E-1 3.60829E-1 5.40119E-1 5.26519E-1 3.44987E-1 4.63595E-1 5.87249E-1 -9999 -9999 -9999
-9999 -9999 -9999 -9999 -9999 -9999 -9999 -9999 -9999 -9999 7.62517E-1 8.26987E-1 8.32181E-1 6.10848E-1 5.81176E-1 6.6787E-1 6.49161E-1 5.81221E-1 6.51256E-1 7.51244E-1 5.75446E-1 4.53123E-1 4.0756E-1 3.93956E-1 3.90187E-1 4.03377E-1 3.94682E-1 3.81228E-1 3.7728E-1 3.7843E-1 3.78004E-1 3.6317E-1 3.48148E-1 3.67255E-1 3.5606E-1 3.40383E-1 3.58401E-1 3.94633E-1 3.34532E-1 4.11058E-1 5.21075E-1 -9999 4.70297E-1 3.33068E-1 4.44776E-1 4.63898E-1 4.08088E-1 2.69349E-1 2.97956E-1 2.21344E-1 3.19004E-1 2.14337E-1 1.78151E-1 1.24591E-1 1.89336E-1 3.3462E-1 4.03782E-1 2.8531E-1 2.99143E-1 4.48806E-1 4.71795E-1 3.92247E-1 2.79755E-1 2.78291E-1 4.56136E-1 5.78285E-1 3.74237E-1 4.83406E-1 6.57032E-1 -9999 -9999 -9999
-9999 -9999 -9999 -9999 -9999 -9999 -9999 -9999 -9999 -9999 -9999 -9999 -9999 6.56439E-1 5.77921E-1 5.30044E-1 3.82938E-1 6.31507E-1 6.65032E-1 7.69304E-1 5.50223E-1 4.49862E-1 4.09929E-1 4.2902E-1 3.93338E-1 3.83666E-1 3.94652E-1 3.85204E-1 3.76086E-1 3.9781E-1 3.94714E-1 3.7437E-1 3.89634E-1 3.80918E-1 3.7634E-1 3.85996E-1 3.95547E-1 3.73522E-1 3.73072E-1 4.45228E-1 5.71588E-1 5.02399E-1 4.5912E-1 2.55248E-1 4.22735E-1 3.34133E-1 2.68704E-1 3.17301E-1 2.65795E-1 2.34592E-1 2.66744E-1 2.2294E-1 1.40243E-1 1.74126E-1 2.54581E-1 3.07921E-1 4.08912E-1 3.65085E-1 2.86286E-1 4.3591E-1 3.6684E-1 3.35507E-1 3.7562E-1 2.38158E-1 3.10071E-1 5.30416E-1 4.93736E-1 5.82046E-1 5.88835E-1 -9999 -9999 -9999
-9999 -9999 -9999 -9999 -9999 -9999 -9999 -9999 -9999 -9999 -9999 -9999 -9999 5.99386E-1 4.64677E-1 3.7924E-1 3.659E-1 6.70057E-1 7.2303E-1 7.37955E-1 5.51558E-1 4.54634E-1 4.19935E-1 4.40239E-1 4.03142E-1 3.98433E-1 3.98746E-1 4.28725E-1 4.24152E-1 4.39331E-1 3.9725E-1 3.90337E-1 4.10329E-1 3.97601E-1 4.16593E-1 4.09818E-1 4.20798E-1 4.05699E-1 3.78196E-1 4.81303E-1 4.84366E-1 4.89159E-1 5.27831E-1 2.74921E-1 3.35742E-1 4.22542E-1 2.17142E-1 2.92309E-1 2.70057E-1 2.94212E-1 2.1954E-1 1.74432E-1 1.65406E-1 1.69271E-1 1.9716E-1 2.60315E-1 2.42087E-1 3.04775E-1 4.13919E-1 4.37602E-1 3.81522E-1 2.80117E-1 3.99122E-1 3.33503E-1 2.87238E-1 4.50267E-1 5.77409E-1 5.66687E-1 5.35868E-1 -9999 6.07849E-1 6.14867E-1
-9999 -9999 -9999 -9999 -9999 -9999 -9999 -9999 -9999 -9999 -9999 -9999 -9999 -9999 5.93933E-1 4.36872E-1 3.46892E-1 7.23998E-1 8.10052E-1 6.02202E-1 5.26512E-1 4.93033E-1 4.5909E-1 4.17106E-1 4.19872E-1 4.02275E-1 4.78668E-1 4.45353E-1 4.34355E-1 4.31548E-1 4.03945E-1 4.28793E-1 4.42924E-1 4.25929E-1 4.24068E-1 4.33376E-1 4.42188E-1 4.4164E-1 4.39953E-1 4.96849E-1 3.56727E-1 3.43375E-1 3.77749E-1 2.81611E-1 2.66018E-1 3.66097E-1 2.05612E-1 2.66483E-1 2.72074E-1 2.42031E-1 1.8037E-1 1.58117E-1 2.05329E-1 1.99869E-1 2.82985E-1 2.69528E-1 1.77735E-1 2.82657E-1 3.88177E-1 3.06011E-1 3.00156E-1 3.83067E-1 4.46378E-1 2.86519E-1 2.42977E-1 3.57604E-1 5.22899E-1 5.46526E-1 4.89462E-1 5.93215E-1 5.75669E-1 6.06643E-1
-9999 -9999 -9999 -9999 -9999 -9999 -9999 -9999 -9999 -9999 -9999 -9999 -9999 -9999 -9999 5.13101E-1 5.18115E-1 7.03862E-1 6.80728E-1 5.16733E-1 4.26075E-1 4.492E-1 4.40289E-1 4.30985E-1 4.60948E-1 4.37565E-1 4.58626E-1 4.58124E-1 4.41622E-1 4.38609E-1 4.53237E-1 4.52181E-1 4.65852E-1 4.68306E-1 4.4544E-1 4.42664E-1 4.81956E-1 4.61608E-1 4.68689E-1 4.51018E-1 4.01202E-1 2.97758E-1 4.68738E-1 4.52495E-1 2.18312E-1 3.19013E-1 2.58135E-1 1.77085E-1 2.76983E-1 2.17062E-1 1.5542E-1 2.15062E-1 2.21056E-1 3.68621E-1 3.05742E-1 2.76824E-1 1.82026E-1 2.5858E-1 3.89911E-1 2.42597E-1 2.65765E-1 3.26931E-1 2.49785E-1 2.39989E-1 2.38678E-1 2.61706E-1 4.2881E-1 5.41877E-1 4.11902E-1 4.74218E-1 4.12169E-1 5.79157E-1
-9999 -9999 -9999 -9999 -9999 -9999 -9999 -9999 -9999 -9999 -9999 -9999 -9999 -9999 -9999 -9999 7.48356E-1 8.36778E-1 5.93422E-1 4.51118E-1 4.24707E-1 4.57017E-1 4.42802E-1 4.70424E-1 4.55576E-1 4.43963E-1 4.74273E-1 4.72596E-1 4.57822E-1 4.57426E-1 4.82921E-1 4.98145E-1 4.81304E-1 4.74498E-1 4.67945E-1 4.54564E-1 4.63643E-1 4.97424E-1 4.52346E-1 4.5344E-1 4.36882E-1 3.26357E-1 4.05693E-1 4.86886E-1 2.32045E-1 1.95233E-1 2.27469E-1 2.50724E-1 1.76831E-1 1.76702E-1 2.17022E-1 2.9727E-1 3.8867E-1 3.1428E-1 2.67741E-1 3.20217E-1 3.14203E-1 3.96303E-1 4.0388E-1 2.44279E-1 1.81061E-1 1.84389E-1 2.53929E-1 2.20782E-1 2.43884E-1 2.07064E-1 2.63946E-1 4.07247E-1 4.08336E-1 3.30489E-1 2.54679E-1 4.04502E-1
-9999 -9999 -9999 -9999 -9999 -9999 -9999 -9999 -9999 -9999 -9999 -9999 -9999 -9999 5.39813E-1 4.40551E-1 -9999 4.9176E-1 6.25056E-1 4.60078E-1 4.36076E-1 4.63648E-1 4.53842E-1 4.74556E-1 4.23968E-1 4.84496E-1 4.76149E-1 4.72988E-1 4.75101E-1 4.61714E-1 4.81149E-1 5.04968E-1 4.79239E-1 5.19491E-1 4.80065E-1 4.91334E-1 4.81869E-1 4.48071E-1 4.86308E-1 4.61489E-1 5.30553E-1 3.22584E-1 3.10785E-1 4.41924E-1 3.22141E-1 1.97953E-1 1.65852E-1 1.54103E-1 1.74195E-1 1.97891E-1 2.62469E-1 3.93848E-1 3.00005E-1 2.57987E-1 2.54518E-1 2.29154E-1 2.35249E-1 2.46097E-1 2.45562E-1 2.49646E-1 1.66473E-1 2.49185E-1 2.54569E-1 2.66546E-1 3.09327E-1 2.43846E-1 1.68135E-1 3.14446E-1 2.69416E-1 3.73176E-1 3.88525E-1 4.08534E-1
-9999 -9999 -9999 -9999 -9999 -9999 -9999 -9999 -9999 -9999 -9999 -9999 -9999 -9999 5.38679E-1 4.73283E-1 5.80261E-1 6.02738E-1 -9999 4.65734E-1 4.42686E-1 4.58962E-1 4.90507E-1 4.87458E-1 4.83846E-1 5.03756E-1 4.62131E-1 4.94054E-1 4.73838E-1 4.99184E-1 4.91102E-1 4.88547E-1 4.91913E-1 4.9612E-1 5.30356E-1 5.22966E-1 5.43079E-1 4.86704E-1 5.00616E-1 6.71832E-1 6.56937E-1 4.18006E-1 2.3657E-1 2.95112E-1 3.04239E-1 1.69567E-1 2.08735E-1 1.52689E-1 2.77468E-1 3.02508E-1 3.79505E-1 3.67994E-1 3.67393E-1 2.35799E-1 2.07034E-1 2.18062E-1 2.16871E-1 2.15002E-1 1.75336E-1 1.7716E-1 2.00698E-1 2.83337E-1 3.00291E-1 3.18947E-1 3.68347E-1 2.72875E-1 1.27304E-1 2.79964E-1 3.27433E-1 3.10596E-1 3.08672E-1 3.64082E-1
-9999 -9999 -9999 -9999 -9999 -9999 -9999 -9999 -9999 -9999 -9999 -9999 -9999 -9999 -9999 5.40834E-1 4.53623E-1 7.15108E-1 -9999 5.45634E-1 5.90196E-1 4.98901E-1 4.96413E-1 5.19371E-1 5.46149E-1 5.38131E-1 5.08594E-1 4.88851E-1 5.47196E-1 5.15782E-1 5.13118E-1 5.39764E-1 5.17303E-1 5.00726E-1 5.28214E-1 5.15068E-1 5.47497E-1 5.41182E-1 -9999 6.68339E-1 5.18693E-1 5.7538E-1 2.70245E-1 2.84096E-1 2.95811E-1 2.58428E-1 3.65941E-1 3.55938E-1 4.13406E-1 4.48981E-1 3.33353E-1 3.95127E-1 2.92765E-1 1.95426E-1 1.34527E-1 1.20722E-1 1.11591E-1 1.08826E-1 1.32485E-1 2.03923E-1 2.82967E-1 2.13648E-1 2.51071E-1 3.49983E-1 4.1295E-1 2.81595E-1 1.52845E-1 2.04022E-1 3.2376E-1 2.22987E-1 2.20969E-1 2.94118E-1
-9999 -9999 -9999 -9999 -9999 -9999 -9999 -9999 -9999 -9999 -9999 -9999 -9999 -9999 -9999 4.6575E-1 6.1411E-1 7.65765E-1 -9999 -9999 5.14648E-1 5.07886E-1 4.93281E-1 5.17494E-1 5.97523E-1 6.10379E-1 5.65713E-1 5.04674E-1 5.65351E-1 5.69726E-1 5.52666E-1 5.76231E-1 5.443E-1 5.59992E-1 5.48805E-1 5.36338E-1 5.2252E-1 5.44312E-1 5.38538E-1 6.65852E-1 5.2041E-1 3.38164E-1 3.66879E-1 2.85041E-1 4.4367E-1 3.62546E-1 4.30136E-1 3.99084E-1 4.11522E-1 4.61906E-1 3.40739E-1 2.75745E-1 1.55323E-1 1.53153E-1 1.46128E-1 1.51458E-1 1.70935E-1 1.50751E-1 1.57604E-1 1.91042E-1 2.52177E-1 2.91373E-1 2.66634E-1 3.99597E-1 3.69713E-1 3.10297E-1 1.18452E-1 2.11519E-1 3.32738E-1 2.92355E-1 2.25042E-1 2.82964E-1
-9999 -9999 -9999 -9999 -9999 -9999 -9999 -9999 -9999 -9999 -9999 -9999 -9999 -9999 -9999 -9999 -9999 -9999 -9999 -9999 -9999 6.44545E-1 6.34782E-1 5.47766E-1 5.46179E-1 5.43343E-1 5.7285E-1 5.65105E-1 5.58933E-1 5.74431E-1 5.73586E-1 5.67073E-1 5.82154E-1 5.7176E-1 5.68391E-1 5.79969E-1 5.64771E-1 5.56668E-1 5.59985E-1 -9999 6.69612E-1 3.48582E-1 4.51478E-1 4.20584E-1 3.99182E-1 5.50109E-1 3.57857E-1 3.90366E-1 3.81821E-1 3.31859E-1 3.82194E-1 3.20482E-1 1.79043E-1 2.43207E-1 1.7388E-1 2.12956E-1 2.48898E-1 1.9106E-1 1.91471E-1 1.59986E-1 2.29253E-1 3.4963E-1 3.2047E-1 4.15374E-1 2.60836E-1 2.29504E-1 1.53671E-1 2.45528E-1 2.35024E-1 2.76765E-1 2.93669E-1 2.61877E-1
-9999 -9999 -9999 -9999 -9999 -9999 -9999 -9999 -9999 -9999 -9999 -9999 -9999 -9999 -9999 -9999 -9999 -9999 -9999 -9999 7.17728E-1 7.30138E-1 6.14886E-1 5.55297E-1 5.44488E-1 5.43778E-1 5.81783E-1 5.85985E-1 5.72041E-1 5.97886E-1 6.12245E-1 5.54643E-1 5.99388E-1 5.91753E-1 5.78394E-1 5.93245E-1 5.86675E-1 5.874E-1 -9999 -9999 6.26503E-1 5.48965E-1 4.37827E-1 5.16645E-1 4.3513E-1 4.25584E-1 4.84113E-1 4.33457E-1 4.75655E-1 3.30758E-1 2.72697E-1 3.49882E-1 1.91297E-1 2.93693E-1 2.76773E-1 2.384E-1 3.28521E-1 2.90034E-1 2.47624E-1 1.76717E-1 1.65515E-1 2.51349E-1 2.22592E-1 3.14782E-1 2.53484E-1 2.73787E-1 2.04292E-1 3.46747E-1 2.66851E-1 2.36111E-1 2.83885E-1 2.43038E-1
-9999 -9999 -9999 -9999 -9999 -9999 -9999 -9999 -9999 -9999 -9999 -9999 -9999 -9999 -9999 -9999 -9999 8.43711E-1 7.75193E-1 8.41674E-1 8.45778E-1 8.44496E-1 7.93366E-1 6.02938E-1 5.69456E-1 5.99839E-1 5.98027E-1 5.86361E-1 6.16254E-1 6.6205E-1 6.05886E-1 6.07412E-1 6.14118E-1 5.93291E-1 5.87866E-1 6.19094E-1 -9999 -9999 -9999 -9999 5.74125E-1 5.57954E-1 4.58529E-1 5.3587E-1 4.28947E-1 3.754E-1 4.62398E-1 4.91402E-1 4.86621E-1 4.34351E-1 2.48496E-1 1.94159E-1 1.69067E-1 2.60761E-1 3.02068E-1 3.68876E-1 3.19989E-1 2.02714E-1 1.53091E-1 1.59102E-1 1.53229E-1 1.79739E-1 1.44857E-1 1.4081E-1 2.30458E-1 1.96236E-1 1.74691E-1 3.58067E-1 3.06921E-1 3.36014E-1 3.49311E-1 3.95866E-1
-9999 -9999 -9999 -9999 -9999 -9999 -9999 -9999 -9999 -9999 -9999 -9999 -9999 -9999 -9999 -9999 -9999 8.33399E-1 4.39085E-1 6.79138E-1 7.96652E-1 7.60971E-1 7.45744E-1 7.90345E-1 6.54871E-1 6.31177E-1 6.18556E-1 6.28543E-1 6.15252E-1 6.32127E-1 6.19291E-1 6.1732E-1 6.12738E-1 6.48781E-1 6.34156E-1 6.35091E-1 -9999 -9999 -9999 -9999 5.94794E-1 5.49266E-1 5.57991E-1 4.89472E-1 -9999 5.09011E-1 4.82719E-1 3.00125E-1 4.55949E-1 4.77245E-1 2.78695E-1 1.88843E-1 3.20957E-1 2.62936E-1 3.31884E-1 4.24653E-1 4.05256E-1 2.97201E-1 1.5629E-1 1.90483E-1 1.64235E-1 1.68016E-1 1.46193E-1 1.93716E-1 1.54331E-1 1.54337E-1 2.22354E-1 2.79977E-1 3.73359E-1 4.27318E-1 4.71923E-1 5.212E-1
-9999 -9999 -9999 -9999 -9999 -9999 -9999 -9999 -9999 -9999 -9999 -9999 -9999 -9999 -9999 -9999 -9999 8.37574E-1 6.43521E-1 4.94471E-1 7.22093E-1 7.07229E-1 6.51373E-1 6.8365E-1 5.96935E-1 7.00043E-1 6.34665E-1 6.17249E-1 6.28596E-1 6.20883E-1 6.41011E-1 6.26097E-1 6.58088E-1 6.84362E-1 -9999 -9999 -9999 -9999 -9999 -9999 -9999 -9999 -9999 5.3092E-1 6.8521E-1 6.5865E-1 6.36128E-1 5.42957E-1 3.37234E-1 2.43403E-1 3.12854E-1 2.86548E-1 3.304E-1 3.30853E-1 3.68294E-1 3.14399E-1 2.93181E-1 2.86236E-1 2.35444E-1 2.58174E-1 2.10765E-1 1.6349E-1 1.62653E-1 2.19989E-1 2.39614E-1 2.31358E-1 2.37392E-1 2.63525E-1 4.04723E-1 3.52715E-1 3.47045E-1 4.51487E-1
-9999 -9999 -9999 -9999 -9999 -9999 -9999 -9999 -9999 -9999 -9999 -9999 -9999 -9999 -9999 -9999 -9999 7.98124E-1 8.43088E-1 6.40966E-1 6.12612E-1 6.11648E-1 5.8321E-1 6.40291E-1 5.50049E-1 5.65751E-1 6.31551E-1 6.32336E-1 6.14291E-1 6.23039E-1 6.52426E-1 6.35432E-1 6.56319E-1 6.63799E-1 -9999 -9999 -9999 -9999 -9999 -9999 -9999 -9999 -9999 -9999 7.06554E-1 5.77482E-1 6.11707E-1 5.27993E-1 3.29519E-1 3.27147E-1 4.66798E-1 4.47646E-1 4.41217E-1 5.18506E-1 4.04542E-1 3.70088E-1 3.17968E-1 3.08867E-1 2.60203E-1 1.9535E-1 1.64281E-1 1.96106E-1 2.00683E-1 2.1532E-1 2.82337E-1 2.60118E-1 2.49993E-1 3.11167E-1 4.5745E-1 3.78775E-1 3.48579E-1 2.46919E-1
-9999 -9999 -9999 -9999 -9999 -9999 -9999 -9999 -9999 -9999 -9999 -9999 -9999 -9999 -9999 -9999 -9999 -9999 8.97384E-1 6.64042E-1 5.49006E-1 5.27347E-1 5.16126E-1 4.81201E-1 5.02784E-1 4.73551E-1 5.9067E-1 7.26157E-1 6.66511E-1 6.62833E-1 6.67054E-1 6.46986E-1 6.69836E-1 6.62857E-1 6.59737E-1 -9999 -9999 -9999 -9999 -9999 -9999 -9999 -9999 -9999 -9999 5.43E-1 4.81731E-1 3.9263E-1 4.84504E-1 4.65394E-1 4.71492E-1 -9999 4.78568E-1 4.27263E-1 3.03568E-1 1.7551E-1 1.93711E-1 1.6085E-1 2.06283E-1 3.07026E-1 2.62526E-1 2.2665E-1 2.16195E-1 2.4701E-1 1.7653E-1 2.07944E-1 3.52838E-1 4.41011E-1 4.09168E-1 3.30357E-1 2.90745E-1 3.60802E-1
-9999 -9999 -9999 -9999 -9999 -9999 -9999 -9999 -9999 -9999 -9999 -9999 -9999 -9999 -9999 -9999 -9999 -9999 8.2354E-1 7.74545E-1 5.63104E-1 4.91891E-1 4.59429E-1 3.43121E-1 3.86317E-1 4.69933E-1 6.20684E-1 7.51926E-1 6.63839E-1 6.7441E-1 6.72873E-1 6.6653E-1 6.78313E-1 6.77026E-1 7.04147E-1 -9999 -9999 -9999 -9999 -9999 -9999 -9999 -9999 -9999 -9999 5.32285E-1 5.20235E-1 5.2079E-1 4.95612E-1 5.16966E-1 -9999 6.00245E-1 4.34644E-1 2.16661E-1 2.43949E-1 3.05545E-1 3.40151E-1 4.33607E-1 3.45537E-1 2.77206E-1 3.06E-1 3.11311E-1 2.90718E-1 3.75377E-1 2.90427E-1 1.89373E-1 1.81522E-1 3.58149E-1 3.18163E-1 3.15591E-1 2.04763E-1 3.78239E-1
-9999 -9999 -9999 -9999 -9999 -9999 -9999 -9999 -9999 -9999 -9999 -9999 -9999 -9999 -9999 -9999 -9999 -9999 7.36598E-1 8.97009E-1 6.56512E-1 3.18193E-1 3.2229E-1 3.29577E-1 3.13505E-1 3.99187E-1 4.44272E-1 5.99904E-1 7.27863E-1 7.1308E-1 6.76444E-1 7.02728E-1 6.96091E-1 6.89683E-1 7.27634E-1 -9999 -9999 -9999 -9999 -9999 -9999 -9999 -9999 -9999 -9999 -9999 5.5121E-1 -9999 -9999 -9999 5.63357E-1 4.35723E-1 4.80791E-1 2.33086E-1 2.84532E-1 4.34697E-1 4.20556E-1 4.47388E-1 4.04756E-1 4.65432E-1 4.52292E-1 3.68346E-1 3.64308E-1 2.76064E-1 1.4952E-1 3.24195E-1 3.13496E-1 1.65104E-1 1.42849E-1 1.21943E-1 1.64495E-1 1.79283E-1
-9999 -9999 -9999 -9999 -9999 -9999 -9999 -9999 -9999 -9999 -9999 -9999 -9999 -9999 -9999 -9999 -9999 -9999 7.10843E-1 8.44428E-1 7.98744E-1 6.17668E-1 4.87919E-1 4.08335E-1 3.10771E-1 4.43942E-1 4.3917E-1 5.29491E-1 6.35594E-1 7.61666E-1 7.15577E-1 7.11379E-1 7.01737E-1 6.95621E-1 -9999 -9999 -9999 -9999 -9999 -9999 -9999 -9999 -9999 -9999 -9999 -9999 -9999 -9999 -9999 6.18483E-1 5.29273E-1 4.64123E-1 3.31694E-1 3.17846E-1 4.49058E-1 4.28844E-1 4.85817E-1 3.63151E-1 4.50799E-1 6.10552E-1 4.16409E-1 1.73788E-1 2.42078E-1 3.01073E-1 3.5996E-1 3.81561E-1 3.56789E-1 3.04734E-1 2.5735E-1 3.21633E-1 2.78885E-1 2.81526E-1
-9999 -9999 -9999 -9999 -9999 -9999 -9999 -9999 -9999 -9999 -9999 -9999 -9999 -9999 -9999 -9999 -9999 -9999 6.8292E-1 7.70174E-1 8.42025E-1 6.77944E-1 4.32426E-1 3.58174E-1 3.70073E-1 3.33567E-1 3.89597E-1 4.01599E-1 6.37208E-1 8.12601E-1 7.47268E-1 7.22832E-1 7.48896E-1 -9999 -9999 -9999 7.63422E-1 -9999 -9999 -9999 -9999 -9999 -9999 -9999 -9999 -9999 -9999 -9999 -9999 -9999 3.97187E-1 4.87973E-1 4.76623E-1 4.06649E-1 3.44066E-1 4.56775E-1 4.27492E-1 4.67791E-1 4.42482E-1 5.33668E-1 3.4735E-1 2.749E-1 3.91865E-1 3.81029E-1 3.72913E-1 3.52877E-1 3.54062E-1 3.39619E-1 3.88281E-1 4.51193E-1 3.39316E-1 2.56194E-1
-9999 -9999 -9999 -9999 -9999 -9999 -9999 -9999 -9999 -9999 -9999 -9999 -9999 -9999 -9999 -9999 -9999 -9999 -9999 7.21797E-1 7.2342E-1 5.80375E-1 4.59716E-1 5.5227E-1 6.50354E-1 6.25759E-1 4.67237E-1 4.85098E-1 6.19296E-1 7.9553E-1 8.29028E-1 7.54029E-1 -9999 -9999 7.72063E-1 7.67731E-1 7.64795E-1 -9999 -9999 -9999 -9999 -9999 -9999 -9999 -9999 -9999 -9999 -9999 -9999 -9999 -9999 -9999 4.84463E-1 4.73199E-1 4.54551E-1 3.42249E-1 4.3557E-1 4.34674E-1 3.90801E-1 4.76375E-1 3.64889E-1 2.94E-1 3.32222E-1 3.80663E-1 3.65463E-1 3.66615E-1 3.90596E-1 3.91524E-1 4.40036E-1 3.05492E-1 3.25184E-1 3.70089E-1
-9999 -9999 -9999 -9999 -9999 -9999 -9999 -9999 -9999 -9999 -9999 -9999 -9999 -9999 -9999 -9999 -9999 -9999 -9999 -9999 -9999 8.19562E-1 7.38498E-1 6.05988E-1 8.18477E-1 8.67101E-1 8.34543E-1 7.74579E-1 7.63144E-1 8.19684E-1 8.4314E-1 -9999 -9999 -9999 -9999 -9999 -9999 -9999 -9999 -9999 -9999 -9999 -9999 -9999 -9999 -9999 -9999 -9999 -9999 -9999 -9999 -9999 -9999 -9999 -9999 -9999 -9999 -9999 -9999 -9999 -9999 -9999 3.98867E-1 4.28094E-1 4.46659E-1 4.40881E-1 4.02665E-1 3.68835E-1 3.79809E-1 3.69781E-1 4.27676E-1 3.65921E-1
-9999 -9999 -9999 -9999 -9999 -9999 -9999 -9999 -9999 -9999 -9999 -9999 -9999 -9999 -9999 -9999 -9999 -9999 -9999 -9999 -9999 7.40839E-1 7.35778E-1 7.28606E-1 8.015E-1 -9999 -9999 -9999 -9999 -9999 -9999 8.34018E-1 8.01984E-1 -9999 -9999 -9999 -9999 -9999 -9999 -9999 -9999 -9999 -9999 -9999 -9999 -9999 -9999 -9999 -9999 -9999 -9999 -9999 -9999 -9999 -9999 -9999 -9999 -9999 -9999 -9999 -9999 -9999 4.48238E-1 4.59898E-1 4.32555E-1 4.24178E-1 4.22176E-1 4.27905E-1 4.55169E-1 4.89624E-1 6.18892E-1 5.58855E-1
-9999 -9999 -9999 -9999 -9999 -9999 -9999 -9999 -9999 -9999 -9999 -9999 -9999 -9999 -9999 -9999 -9999 -9999 -9999 -9999 -9999 -9999 -9999 -9999 -9999 -9999 -9999 -9999 -9999 -9999 -9999 8.31135E-1 7.89088E-1 8.49695E-1 -9999 -9999 -9999 -9999 -9999 -9999 -9999 -9999 -9999 -9999 -9999 -9999 -9999 -9999 -9999 -9999 -9999 -9999 -9999 -9999 -9999 -9999 -9999 -9999 -9999 -9999 -9999 -9999 -9999 4.11933E-1 4.20047E-1 4.7272E-1 4.73134E-1 4.7335E-1 5.45011E-1 5.90661E-1 6.74499E-1 5.92254E-1
-9999 -9999 -9999 -9999 -9999 -9999 -9999 -9999 -9999 -9999 -9999 -9999 -9999 -9999 -9999 -9999 -9999 -9999 -9999 -9999 -9999 -9999 -9999 -9999 -9999 -9999 -9999 -9999 -9999 -9999 -9999 8.40942E-1 8.08049E-1 8.24799E-1 8.4008E-1 8.76373E-1 -9999 -9999 -9999 -9999 -9999 -9999 -9999 -9999 -9999 -9999 -9999 -9999 -9999 -9999 -9999 -9999 -9999 -9999 -9999 -9999 -9999 -9999 -9999 -9999 -9999 -9999 -9999 -9999 -9999 4.64176E-1 4.30313E-1 5.33895E-1 6.44108E-1 6.50607E-1 5.89043E-1 5.90388E-1
-9999 -9999 -9999 -9999 -9999 -9999 -9999 -9999 -9999 -9999 -9999 -9999 -9999 -9999 -9999 -9999 -9999 -9999 -9999 -9999 -9999 -9999 -9999 -9999 -9999 -9999 -9999 -9999 -9999 -9999 -9999 -9999 -9999 8.38495E-1 8.30603E-1 8.02319E-1 7.58968E-1 7.69444E-1 -9999 -9999 -9999 -9999 -9999 -9999 -9999 -9999 -9999 -9999 -9999 -9999 -9999 -9999 -9999 -9999 -9999 -9999 -9999 -9999 -9999 -9999 -9999 -9999 -9999 -9999 -9999 4.57404E-1 4.52233E-1 5.2478E-1 3.91722E-1 2.71949E-1 2.02251E-1 2.09178E-1
-9999 -9999 -9999 -9999 -9999 -9999 -9999 -9999 -9999 -9999 -9999 -9999 -9999 -9999 -9999 -9999 -9999 -9999 -9999 -9999 -9999 -9999 -9999 -9999 -9999 -9999 -9999 -9999 -9999 -9999 -9999 -9999 -9999 -9999 8.38152E-1 8.08339E-1 7.76284E-1 7.94816E-1 7.99872E-1 -9999 -9999 -9999 -9999 -9999 -9999 -9999 -9999 -9999 -9999 -9999 -9999 -9999 -9999 -9999 -9999 -9999 -9999 -9999 -9999 -9999 -9999 -9999 -9999 -9999 -9999 -9999 -9999 4.69231E-1 5.20561E-1 5.43774E-1 5.59302E-1 6.25758E-1
