Artocarpus altilis SDM files/Last interglacial/results (without the bias file)/Artalt_5.asc
ncols         1201
nrows         481
xllcorner     119.99986351115
yllcorner     -15.00013864885
cellsize      0.041666667
NODATA_value  -9999
[rows 288 to 319 of 481, columns 576 to 647 of 1201]
3.82302E-1 3.75491E-1 3.99296E-1 3.90017E-1 3.85781E-1 3.56302E-1 5.10091E-1 5.29517E-1 4.82262E-1 3.95463E-1 3.09742E-1 2.66365E-1 2.15021E-1 1.44526E-1 2.49843E-1 1.77482E-1 1.66082E-1 3.00787E-1 3.36928E-1 3.06246E-1 3.10142E-1 3.1174E-1 3.61914E-1 3.56042E-1 3.50498E-1 4.01773E-1 4.37622E-1 4.0954E-1 3.56628E-1 3.68718E-1 2.80837E-1 4.0071E-1 3.94643E-1 3.85309E-1 4.30453E-1 3.30595E-1 2.67694E-1 2.88304E-1 3.5061E-1 2.82291E-1 2.06128E-1 1.80601E-1 1.78827E-1 2.09567E-1 1.84508E-1 1.46863E-1 1.37314E-1 1.62067E-1 2.01309E-1 1.95727E-1 2.29814E-1 2.67054E-1 3.59615E-1 3.90496E-1 3.85758E-1 4.00747E-1 3.59903E-1 3.45659E-1 3.53386E-1 3.78283E-1 2.41046E-1 1.92182E-1 3.35291E-1 3.59832E-1 2.8127E-1 2.13242E-1 1.21874E-1 1.75239E-1 3.31501E-1 4.46414E-1 5.46809E-1 6.01194E-1
3.99117E-1 4.05039E-1 4.37833E-1 4.00398E-1 4.00699E-1 3.74623E-1 3.8617E-1 5.38065E-1 4.0073E-1 3.49448E-1 3.15534E-1 2.6797E-1 2.51258E-1 2.2408E-1 2.70384E-1 2.38681E-1 2.84942E-1 3.82934E-1 3.91776E-1 3.29653E-1 3.38322E-1 3.46181E-1 3.75874E-1 3.81119E-1 4.06031E-1 4.043E-1 4.07599E-1 4.25429E-1 3.97251E-1 3.55007E-1 3.14869E-1 3.23733E-1 4.35822E-1 4.94039E-1 3.82389E-1 3.27541E-1 3.37374E-1 3.9402E-1 3.97341E-1 2.96884E-1 2.22153E-1 2.32133E-1 2.46359E-1 2.21267E-1 1.40026E-1 1.45229E-1 1.69307E-1 2.22126E-1 2.13954E-1 2.49345E-1 2.41296E-1 2.28533E-1 3.38517E-1 3.76763E-1 3.93181E-1 3.43878E-1 2.82832E-1 2.9399E-1 3.19157E-1 3.87915E-1 2.88001E-1 2.30717E-1 3.45799E-1 3.66764E-1 3.00619E-1 2.35164E-1 1.25252E-1 1.50246E-1 2.75137E-1 3.45718E-1 4.17858E-1 5.55056E-1
4.34656E-1 4.40015E-1 4.43589E-1 4.36456E-1 4.14522E-1 4.04966E-1 3.90465E-1 5.1877E-1 4.4679E-1 4.46705E-1 4.06985E-1 2.88724E-1 2.81178E-1 2.88092E-1 3.1606E-1 4.04796E-1 4.32605E-1 4.55165E-1 3.69199E-1 3.57161E-1 3.70304E-1 3.34096E-1 3.28272E-1 3.33495E-1 3.37141E-1 3.19036E-1 3.80996E-1 4.3862E-1 4.31541E-1 4.51761E-1 4.439E-1 4.39846E-1 5.18791E-1 2.98495E-1 2.77366E-1 4.24611E-1 4.30631E-1 4.73603E-1 4.12588E-1 3.16487E-1 2.5121E-1 3.16466E-1 2.08075E-1 1.80016E-1 1.29635E-1 1.55285E-1 1.91935E-1 2.51412E-1 2.33303E-1 2.40452E-1 2.73666E-1 2.71382E-1 3.0435E-1 3.37105E-1 3.35732E-1 3.08079E-1 2.4888E-1 2.31911E-1 2.76082E-1 3.75051E-1 3.48206E-1 3.65038E-1 3.94618E-1 3.75845E-1 2.70021E-1 2.27886E-1 1.27966E-1 2.63732E-1 2.98253E-1 4.0726E-1 4.58949E-1 4.83964E-1
5.32614E-1 4.6706E-1 4.58059E-1 4.68954E-1 4.48035E-1 4.18526E-1 3.86753E-1 4.30375E-1 4.42242E-1 4.94027E-1 4.70687E-1 3.74051E-1 3.14523E-1 3.47564E-1 3.19466E-1 4.65854E-1 3.9527E-1 4.67551E-1 4.97358E-1 3.87933E-1 3.30543E-1 3.41078E-1 4.02694E-1 3.72622E-1 3.41912E-1 3.74318E-1 4.0083E-1 4.06309E-1 3.9679E-1 4.05663E-1 3.82472E-1 4.26314E-1 3.45142E-1 3.38003E-1 3.51708E-1 4.19288E-1 3.86505E-1 4.64046E-1 4.20569E-1 3.28336E-1 2.6199E-1 3.33859E-1 2.24575E-1 1.90622E-1 1.492E-1 1.47242E-1 1.70582E-1 2.08461E-1 2.65534E-1 2.75286E-1 2.65291E-1 2.50365E-1 2.2904E-1 2.25823E-1 2.74635E-1 3.15537E-1 2.6654E-1 2.44336E-1 2.20382E-1 2.92858E-1 3.03957E-1 3.23626E-1 4.02675E-1 3.70944E-1 2.70796E-1 2.30029E-1 1.39175E-1 2.33835E-1 3.52864E-1 4.38064E-1 5.30997E-1 5.73641E-1
5.26527E-1 4.58881E-1 4.60105E-1 4.70218E-1 4.68791E-1 3.99597E-1 3.56837E-1 4.22003E-1 4.62092E-1 4.71494E-1 4.35688E-1 4.12872E-1 3.70232E-1 3.5248E-1 4.17371E-1 4.4873E-1 4.85119E-1 4.82346E-1 5.34238E-1 4.85339E-1 4.43599E-1 4.19506E-1 3.99402E-1 3.44316E-1 3.39277E-1 3.59361E-1 3.84272E-1 3.57258E-1 3.59502E-1 3.96926E-1 3.98399E-1 4.02924E-1 3.063E-1 3.71341E-1 3.66781E-1 3.77595E-1 3.43497E-1 3.95898E-1 4.43744E-1 4.14172E-1 3.76252E-1 3.28993E-1 2.83591E-1 2.20136E-1 1.68194E-1 1.84932E-1 1.95066E-1 1.99206E-1 2.529E-1 2.43031E-1 2.403E-1 2.56646E-1 2.07511E-1 2.64608E-1 2.73412E-1 2.01119E-1 2.21488E-1 2.48989E-1 2.0429E-1 2.11267E-1 2.3063E-1 3.16107E-1 3.89627E-1 3.73951E-1 2.86938E-1 2.43213E-1 2.13083E-1 2.71117E-1 3.79741E-1 3.68224E-1 3.98402E-1 3.88856E-1
4.60184E-1 4.45725E-1 4.38895E-1 4.4887E-1 4.6955E-1 4.31686E-1 3.80361E-1 3.53544E-1 3.75799E-1 5.20937E-1 4.58848E-1 5.06838E-1 3.90035E-1 3.40219E-1 4.06748E-1 4.10363E-1 5.12537E-1 4.80796E-1 5.37778E-1 4.66276E-1 4.16622E-1 4.14541E-1 4.28851E-1 4.09548E-1 3.74753E-1 3.51374E-1 3.78499E-1 3.9118E-1 3.79675E-1 3.78107E-1 4.0499E-1 4.07665E-1 3.49838E-1 3.5E-1 4.12949E-1 3.94567E-1 3.91275E-1 3.37966E-1 3.5374E-1 3.70014E-1 3.18556E-1 2.58739E-1 2.2532E-1 2.13147E-1 1.92861E-1 1.94598E-1 2.39556E-1 2.51915E-1 2.86725E-1 2.30206E-1 2.31104E-1 1.98881E-1 2.32682E-1 2.47592E-1 2.25087E-1 1.76196E-1 2.21027E-1 2.38916E-1 2.17131E-1 2.00624E-1 2.68754E-1 3.35964E-1 3.59683E-1 3.97698E-1 3.1362E-1 2.46412E-1 2.10415E-1 1.84975E-1 2.32634E-1 1.95541E-1 3.25347E-1 4.17018E-1
4.17031E-1 3.93622E-1 4.17732E-1 4.27641E-1 4.55714E-1 4.58116E-1 3.64963E-1 4.263E-1 4.07832E-1 3.79885E-1 4.20749E-1 4.5168E-1 4.47932E-1 4.50622E-1 4.59041E-1 4.34912E-1 5.31933E-1 5.46422E-1 5.02011E-1 4.63454E-1 4.22485E-1 4.08574E-1 4.12558E-1 4.13843E-1 4.0635E-1 4.01062E-1 3.65041E-1 3.48801E-1 3.74788E-1 3.90733E-1 4.01778E-1 4.52563E-1 3.64995E-1 4.96733E-1 4.44347E-1 4.30477E-1 3.81956E-1 3.73238E-1 3.25471E-1 2.64188E-1 2.35564E-1 1.89247E-1 1.72653E-1 1.73375E-1 1.76886E-1 1.81094E-1 1.93817E-1 2.39636E-1 2.92355E-1 2.65894E-1 2.21164E-1 1.68962E-1 2.29593E-1 1.99995E-1 2.13639E-1 1.83591E-1 2.04215E-1 2.30068E-1 2.40529E-1 2.76996E-1 3.37535E-1 3.147E-1 3.18885E-1 3.90388E-1 3.42827E-1 2.74805E-1 2.2209E-1 1.5426E-1 2.02942E-1 2.69578E-1 3.25019E-1 4.51612E-1
3.74007E-1 3.57258E-1 3.97448E-1 4.24042E-1 4.52236E-1 4.53105E-1 4.27201E-1 3.79414E-1 3.91955E-1 3.79963E-1 4.18904E-1 4.23645E-1 4.64937E-1 4.70462E-1 4.8129E-1 5.14608E-1 5.50534E-1 5.26419E-1 4.95607E-1 4.55565E-1 4.36278E-1 4.17652E-1 4.41729E-1 4.21926E-1 4.45428E-1 4.43412E-1 4.42559E-1 3.76791E-1 4.17562E-1 4.14747E-1 4.25848E-1 4.58568E-1 3.8082E-1 5.12337E-1 5.31055E-1 3.83357E-1 3.78334E-1 3.41641E-1 3.68345E-1 3.92406E-1 3.63745E-1 3.15986E-1 2.60006E-1 2.54891E-1 1.61082E-1 1.8388E-1 2.15538E-1 2.97672E-1 2.10448E-1 2.59379E-1 1.85571E-1 1.94039E-1 2.26613E-1 2.11961E-1 2.32559E-1 2.1594E-1 1.8932E-1 2.31768E-1 2.41068E-1 2.87437E-1 3.34563E-1 2.99154E-1 2.50342E-1 3.06521E-1 3.52942E-1 3.2972E-1 2.65218E-1 2.16096E-1 2.59902E-1 3.19168E-1 3.54876E-1 4.5548E-1
3.30367E-1 3.33005E-1 3.5433E-1 3.94127E-1 4.17137E-1 4.21998E-1 4.08157E-1 4.06108E-1 4.19555E-1 4.3092E-1 4.47202E-1 4.62491E-1 4.7971E-1 4.692E-1 5.45403E-1 5.39601E-1 5.58463E-1 5.35617E-1 4.94692E-1 4.52436E-1 4.59237E-1 4.40509E-1 4.4328E-1 4.44361E-1 4.6993E-1 4.70653E-1 4.7345E-1 4.22192E-1 4.20427E-1 5.10399E-1 4.38972E-1 4.85801E-1 5.1298E-1 5.09312E-1 4.88526E-1 4.0847E-1 3.95824E-1 3.2504E-1 3.23003E-1 3.6788E-1 3.73244E-1 2.48058E-1 2.397E-1 2.26302E-1 1.42139E-1 2.23239E-1 2.63938E-1 2.28329E-1 2.10705E-1 2.16557E-1 1.88016E-1 1.82816E-1 2.13098E-1 2.20147E-1 2.68841E-1 2.56245E-1 1.89752E-1 1.95337E-1 1.84237E-1 2.28503E-1 2.89939E-1 2.90128E-1 2.57321E-1 2.28872E-1 2.92676E-1 3.52692E-1 2.91235E-1 2.28842E-1 2.15852E-1 2.1223E-1 3.065E-1 3.82753E-1
3.79571E-1 3.8993E-1 3.81631E-1 3.80438E-1 4.19089E-1 4.29365E-1 4.42369E-1 4.67218E-1 4.36445E-1 4.38164E-1 4.65667E-1 4.82462E-1 4.89447E-1 5.5428E-1 5.70736E-1 5.63792E-1 5.41806E-1 5.27815E-1 5.09283E-1 4.89048E-1 4.9125E-1 4.72852E-1 4.7412E-1 4.79223E-1 5.04743E-1 4.84704E-1 4.8708E-1 4.43624E-1 4.53861E-1 4.26464E-1 4.38311E-1 5.64461E-1 5.48068E-1 4.89898E-1 4.75188E-1 4.4088E-1 4.56842E-1 3.9448E-1 3.04166E-1 2.591E-1 2.54922E-1 1.55812E-1 1.32039E-1 1.38824E-1 1.7262E-1 2.48626E-1 2.15543E-1 2.02061E-1 1.53397E-1 1.82708E-1 1.67047E-1 1.81466E-1 2.66581E-1 2.46645E-1 2.87732E-1 2.81744E-1 2.31867E-1 2.28543E-1 1.75019E-1 1.65279E-1 1.94335E-1 2.13449E-1 2.43844E-1 1.90282E-1 2.31604E-1 3.14522E-1 3.25973E-1 2.57212E-1 2.47991E-1 2.47803E-1 2.74752E-1 3.01114E-1
4.40837E-1 4.39382E-1 4.28031E-1 4.35523E-1 4.23891E-1 4.20696E-1 4.41153E-1 4.40004E-1 4.5459E-1 4.50005E-1 4.67819E-1 4.98006E-1 5.07629E-1 5.85554E-1 5.73646E-1 5.76795E-1 5.80165E-1 5.49262E-1 5.20581E-1 5.22674E-1 5.29321E-1 5.09118E-1 5.10686E-1 5.16568E-1 5.18556E-1 5.17087E-1 5.33094E-1 4.7504E-1 4.65983E-1 4.07564E-1 4.42963E-1 5.92107E-1 5.78119E-1 5.23166E-1 5.67468E-1 4.66092E-1 4.97473E-1 4.737E-1 3.21977E-1 2.5334E-1 2.07215E-1 1.85208E-1 2.42156E-1 1.97244E-1 1.61204E-1 2.18114E-1 2.47111E-1 1.91188E-1 1.72987E-1 1.74241E-1 1.67741E-1 2.22597E-1 2.96318E-1 2.92097E-1 2.81982E-1 3.11966E-1 3.07256E-1 2.60473E-1 2.42887E-1 1.98615E-1 1.36277E-1 1.51553E-1 1.86829E-1 2.08649E-1 2.26895E-1 2.44992E-1 2.92562E-1 2.84563E-1 2.2061E-1 2.28074E-1 2.66369E-1 2.39069E-1
4.33337E-1 4.38701E-1 4.29537E-1 4.07986E-1 3.89755E-1 4.21199E-1 4.41303E-1 4.58785E-1 4.57242E-1 4.5709E-1 4.80494E-1 5.13381E-1 5.26539E-1 5.94655E-1 5.89081E-1 5.93744E-1 5.85336E-1 5.90662E-1 5.44892E-1 5.47672E-1 5.55462E-1 5.36634E-1 5.36326E-1 5.61008E-1 5.38878E-1 5.60597E-1 5.70649E-1 5.19828E-1 4.61141E-1 4.72422E-1 4.53462E-1 6.17869E-1 6.03114E-1 6.00704E-1 6.12691E-1 5.07585E-1 5.09094E-1 5.04317E-1 3.83358E-1 2.90024E-1 2.77264E-1 3.54887E-1 2.82055E-1 2.37129E-1 1.31015E-1 1.66528E-1 2.91455E-1 2.53916E-1 1.70827E-1 2.08685E-1 1.72964E-1 2.33915E-1 3.1754E-1 3.13157E-1 3.30377E-1 3.34712E-1 3.10934E-1 3.02548E-1 2.84151E-1 2.1607E-1 1.58332E-1 1.47919E-1 1.44889E-1 1.76327E-1 1.83167E-1 2.10822E-1 2.61958E-1 2.40602E-1 2.21036E-1 2.49468E-1 2.75286E-1 2.0596E-1
4.35582E-1 4.33921E-1 4.39147E-1 4.37252E-1 4.32154E-1 4.27532E-1 4.58881E-1 4.66914E-1 4.77563E-1 4.80674E-1 4.96946E-1 4.98658E-1 5.11471E-1 5.95796E-1 6.02251E-1 6.12687E-1 6.16369E-1 6.1504E-1 6.07611E-1 6.12915E-1 5.84278E-1 5.68055E-1 6.07725E-1 5.98375E-1 5.99144E-1 6.34023E-1 6.24668E-1 6.0418E-1 5.33865E-1 4.9146E-1 4.723E-1 6.09701E-1 5.9989E-1 5.95839E-1 6.16053E-1 5.79096E-1 4.65821E-1 4.87202E-1 4.48366E-1 3.59416E-1 3.97595E-1 4.80796E-1 2.07014E-1 1.44576E-1 1.23896E-1 2.47163E-1 3.65393E-1 1.853E-1 2.2301E-1 2.24076E-1 1.79528E-1 2.86463E-1 3.20481E-1 3.59309E-1 2.77125E-1 3.1698E-1 3.32642E-1 2.68151E-1 3.06683E-1 2.87619E-1 2.2634E-1 2.17188E-1 1.52646E-1 1.42667E-1 1.67505E-1 2.02574E-1 2.01135E-1 2.10828E-1 2.03115E-1 2.31973E-1 2.63621E-1 2.43475E-1
4.61348E-1 4.71612E-1 4.69104E-1 4.50574E-1 4.64864E-1 4.58216E-1 4.69821E-1 4.82726E-1 4.83183E-1 4.95375E-1 5.15133E-1 5.24932E-1 5.29919E-1 6.11564E-1 6.21821E-1 6.17748E-1 6.33713E-1 6.33778E-1 6.38283E-1 6.41102E-1 6.24157E-1 6.40138E-1 6.38555E-1 6.43171E-1 6.42115E-1 6.47567E-1 6.50139E-1 6.50849E-1 6.43947E-1 5.66238E-1 5.75989E-1 5.83462E-1 6.12051E-1 6.16323E-1 6.31903E-1 6.24374E-1 5.51844E-1 4.958E-1 4.89605E-1 4.83193E-1 5.13131E-1 4.39971E-1 2.51121E-1 1.69002E-1 1.38289E-1 1.99742E-1 3.74615E-1 2.07858E-1 2.71894E-1 1.78181E-1 1.90078E-1 3.05014E-1 3.34721E-1 2.59978E-1 2.75954E-1 3.07982E-1 2.99263E-1 2.88799E-1 3.44802E-1 2.92102E-1 2.45425E-1 1.98609E-1 1.99096E-1 1.78196E-1 1.55089E-1 2.03219E-1 2.12689E-1 1.80425E-1 1.66571E-1 1.94835E-1 2.42902E-1 2.28628E-1
4.99305E-1 4.8967E-1 4.77649E-1 4.83014E-1 4.84101E-1 4.85704E-1 4.95317E-1 5.009E-1 5.08494E-1 5.23526E-1 5.27539E-1 5.44639E-1 5.38872E-1 6.30718E-1 6.31436E-1 6.25074E-1 6.54207E-1 6.65629E-1 6.70248E-1 6.67848E-1 6.73418E-1 6.58076E-1 6.70875E-1 6.64525E-1 6.577E-1 6.64675E-1 6.5619E-1 6.50622E-1 6.60295E-1 6.28077E-1 6.30466E-1 6.14935E-1 5.97924E-1 6.07997E-1 6.28135E-1 6.45505E-1 5.65217E-1 4.62711E-1 5.46891E-1 5.06276E-1 4.66519E-1 3.61193E-1 2.83297E-1 1.90068E-1 1.62546E-1 2.62803E-1 3.87895E-1 3.1576E-1 2.37678E-1 2.09476E-1 1.97843E-1 3.00823E-1 2.24237E-1 2.63321E-1 3.03549E-1 3.11725E-1 3.60828E-1 3.91239E-1 3.94283E-1 3.47557E-1 2.88919E-1 2.59725E-1 2.66068E-1 2.02426E-1 1.72032E-1 1.92654E-1 1.99011E-1 1.6474E-1 1.58987E-1 1.77296E-1 2.2529E-1 2.42215E-1
4.93207E-1 5.0266E-1 4.95877E-1 5.0746E-1 5.02132E-1 5.0466E-1 5.15719E-1 5.23466E-1 5.26489E-1 5.3455E-1 5.44836E-1 5.71523E-1 5.53964E-1 6.304E-1 6.43708E-1 6.52428E-1 6.44539E-1 6.69437E-1 6.73467E-1 6.77675E-1 6.91293E-1 6.91091E-1 6.76102E-1 6.88368E-1 6.86014E-1 6.66331E-1 6.67277E-1 6.68864E-1 6.69031E-1 6.82879E-1 6.55645E-1 6.27874E-1 6.12972E-1 5.62887E-1 5.95472E-1 6.6166E-1 5.74336E-1 5.39377E-1 6.09487E-1 5.59904E-1 4.70052E-1 3.79871E-1 3.24348E-1 2.42132E-1 1.59256E-1 1.84166E-1 3.47605E-1 4.57213E-1 3.14448E-1 3.13178E-1 2.4766E-1 2.24913E-1 2.35726E-1 2.29726E-1 3.78602E-1 3.11491E-1 3.81994E-1 3.43526E-1 3.61454E-1 3.46446E-1 3.49845E-1 3.16436E-1 2.00866E-1 1.69099E-1 1.77861E-1 2.15229E-1 1.94508E-1 1.87866E-1 1.78182E-1 1.85627E-1 2.23007E-1 2.76971E-1
5.14479E-1 5.27204E-1 5.13613E-1 5.29607E-1 5.23475E-1 5.19593E-1 5.23454E-1 5.34102E-1 5.57824E-1 5.60434E-1 5.67364E-1 5.85119E-1 5.91728E-1 6.61476E-1 6.58852E-1 6.63014E-1 -9999 6.90081E-1 6.88561E-1 6.853E-1 7.03748E-1 6.99584E-1 7.00121E-1 6.94947E-1 6.95445E-1 6.97006E-1 7.06009E-1 6.98027E-1 6.80282E-1 6.93227E-1 6.68567E-1 6.41945E-1 6.36049E-1 5.79525E-1 5.91081E-1 6.54511E-1 6.52067E-1 5.35691E-1 6.2566E-1 5.06565E-1 4.64486E-1 4.09762E-1 3.26004E-1 2.34564E-1 1.81121E-1 2.21395E-1 3.44232E-1 4.23978E-1 4.6422E-1 4.17119E-1 3.26241E-1 2.44527E-1 2.04374E-1 2.84183E-1 3.85991E-1 3.30857E-1 3.72997E-1 3.65874E-1 4.01757E-1 3.47078E-1 4.00515E-1 3.45032E-1 2.21311E-1 1.91306E-1 2.21301E-1 1.98391E-1 2.07828E-1 2.22513E-1 2.0754E-1 1.64694E-1 2.10232E-1 3.01943E-1
5.25377E-1 5.45164E-1 5.41187E-1 5.39485E-1 5.46894E-1 5.59114E-1 5.46782E-1 5.7032E-1 5.86898E-1 5.91381E-1 5.90029E-1 5.62691E-1 6.08244E-1 -9999 -9999 -9999 -9999 7.06469E-1 7.02931E-1 6.9811E-1 7.20446E-1 7.11242E-1 7.15788E-1 7.08263E-1 7.09929E-1 7.02652E-1 7.06531E-1 7.0719E-1 6.98915E-1 7.07135E-1 6.87784E-1 6.51298E-1 6.50327E-1 6.22053E-1 6.25627E-1 6.60604E-1 6.54597E-1 5.93173E-1 6.19351E-1 5.46348E-1 5.15389E-1 5.22994E-1 3.81956E-1 3.789E-1 2.61779E-1 2.38695E-1 3.26669E-1 3.95825E-1 4.73381E-1 3.72633E-1 3.6741E-1 2.62202E-1 3.73918E-1 4.15195E-1 4.36319E-1 4.12446E-1 3.46743E-1 3.78197E-1 4.1718E-1 3.39784E-1 4.42694E-1 3.31232E-1 2.04143E-1 2.07628E-1 2.12081E-1 2.23894E-1 2.67195E-1 2.36642E-1 1.8395E-1 1.6119E-1 2.07573E-1 3.1815E-1
5.66964E-1 5.62907E-1 5.72495E-1 5.81457E-1 5.83331E-1 5.73893E-1 5.49754E-1 5.8128E-1 6.09217E-1 5.94494E-1 6.03368E-1 -9999 -9999 -9999 -9999 -9999 -9999 -9999 -9999 7.36854E-1 7.39465E-1 7.16768E-1 7.25817E-1 7.22867E-1 7.11469E-1 7.03023E-1 7.04166E-1 7.05993E-1 7.05085E-1 7.08879E-1 7.00548E-1 6.62823E-1 6.55611E-1 6.54411E-1 6.49245E-1 6.53107E-1 6.61069E-1 6.1129E-1 6.00018E-1 5.97125E-1 5.77122E-1 5.58413E-1 5.48067E-1 4.07743E-1 3.01363E-1 2.8711E-1 3.43969E-1 3.87942E-1 4.80985E-1 5.1705E-1 4.75257E-1 3.36638E-1 4.82246E-1 4.21942E-1 4.19357E-1 4.47662E-1 3.78557E-1 3.66421E-1 3.89259E-1 3.72108E-1 4.44364E-1 2.90912E-1 2.30231E-1 2.7514E-1 2.95296E-1 2.73013E-1 2.17705E-1 1.79523E-1 1.78125E-1 2.03872E-1 2.64645E-1 2.75055E-1
5.77573E-1 5.86209E-1 5.86978E-1 5.91537E-1 6.02614E-1 6.03259E-1 5.90541E-1 -9999 6.19868E-1 6.15071E-1 6.97237E-1 7.06627E-1 -9999 -9999 -9999 -9999 -9999 -9999 -9999 7.34144E-1 7.40388E-1 7.35418E-1 7.28802E-1 7.34845E-1 7.30337E-1 7.25681E-1 7.26677E-1 7.26039E-1 7.06533E-1 7.01095E-1 7.11561E-1 7.1487E-1 7.04073E-1 6.72322E-1 6.55615E-1 6.61718E-1 6.50688E-1 6.28767E-1 6.39089E-1 5.94132E-1 5.41934E-1 5.31323E-1 5.22377E-1 4.88704E-1 4.41836E-1 4.35516E-1 3.1654E-1 4.04156E-1 4.70463E-1 5.60009E-1 5.58884E-1 5.55439E-1 4.18211E-1 3.33072E-1 4.1326E-1 4.69841E-1 4.20661E-1 4.33334E-1 4.40331E-1 4.76679E-1 4.90312E-1 3.79145E-1 3.35332E-1 3.89435E-1 3.05313E-1 2.63596E-1 2.04818E-1 1.68626E-1 2.03167E-1 2.15358E-1 2.00079E-1 2.03364E-1
-9999 -9999 6.34343E-1 6.21528E-1 6.28789E-1 6.15714E-1 6.17007E-1 -9999 -9999 -9999 7.01897E-1 7.24222E-1 7.20471E-1 -9999 -9999 -9999 -9999 -9999 -9999 -9999 -9999 7.17075E-1 7.49168E-1 7.48948E-1 7.46075E-1 7.3422E-1 7.37616E-1 7.35615E-1 7.27303E-1 7.18331E-1 7.26197E-1 7.16355E-1 7.2827E-1 6.80006E-1 6.60518E-1 6.61975E-1 6.73529E-1 6.71346E-1 7.03462E-1 6.00954E-1 5.55512E-1 5.31642E-1 5.29208E-1 5.61037E-1 4.79261E-1 5.1554E-1 4.47199E-1 4.14044E-1 4.31106E-1 5.11732E-1 5.23411E-1 5.01026E-1 3.40031E-1 3.64211E-1 4.24407E-1 4.5572E-1 4.22039E-1 4.3243E-1 4.41057E-1 4.81027E-1 5.11893E-1 4.49856E-1 3.79429E-1 2.83291E-1 2.66701E-1 1.92425E-1 1.58714E-1 1.74181E-1 1.79139E-1 1.77528E-1 1.9034E-1 2.48303E-1
-9999 -9999 -9999 -9999 -9999 -9999 -9999 -9999 -9999 -9999 -9999 -9999 -9999 -9999 -9999 -9999 -9999 -9999 -9999 -9999 -9999 -9999 -9999 -9999 7.57928E-1 -9999 -9999 7.45653E-1 7.3791E-1 7.36855E-1 7.206E-1 7.12472E-1 7.14058E-1 6.85441E-1 6.95515E-1 6.92077E-1 6.86298E-1 6.83279E-1 6.99233E-1 6.0011E-1 5.04299E-1 5.42184E-1 5.62633E-1 5.87412E-1 5.50607E-1 5.6452E-1 4.96256E-1 5.05749E-1 4.84061E-1 4.9069E-1 3.87909E-1 5.707E-1 4.21749E-1 3.64739E-1 4.91714E-1 4.21053E-1 4.44406E-1 4.28655E-1 4.54653E-1 4.56484E-1 5.37621E-1 4.98797E-1 3.80301E-1 2.62325E-1 1.78048E-1 1.50658E-1 1.44268E-1 1.4641E-1 1.53612E-1 1.74953E-1 1.99504E-1 1.9994E-1
-9999 -9999 -9999 -9999 -9999 -9999 -9999 -9999 -9999 -9999 -9999 -9999 -9999 -9999 -9999 -9999 -9999 -9999 -9999 -9999 -9999 -9999 -9999 -9999 -9999 -9999 -9999 -9999 -9999 -9999 -9999 -9999 7.43726E-1 7.30019E-1 7.17924E-1 7.09434E-1 6.98522E-1 6.7367E-1 6.81111E-1 6.54438E-1 5.95703E-1 6.21498E-1 6.27583E-1 6.70689E-1 6.42618E-1 6.18576E-1 5.39506E-1 5.31391E-1 5.64115E-1 5.51513E-1 5.29872E-1 5.91228E-1 4.54302E-1 4.30986E-1 4.56919E-1 4.15166E-1 4.69768E-1 4.2821E-1 4.32076E-1 4.74766E-1 5.37412E-1 4.88553E-1 3.81155E-1 3.08105E-1 1.88551E-1 1.46978E-1 1.61638E-1 1.68342E-1 1.52166E-1 1.22094E-1 1.48016E-1 1.49951E-1
-9999 -9999 -9999 -9999 -9999 -9999 -9999 -9999 -9999 -9999 -9999 -9999 -9999 -9999 -9999 -9999 -9999 -9999 -9999 -9999 -9999 -9999 -9999 -9999 -9999 -9999 -9999 -9999 -9999 -9999 -9999 -9999 7.73055E-1 7.72355E-1 7.44614E-1 7.31378E-1 7.16735E-1 7.01185E-1 6.85591E-1 6.87977E-1 6.5424E-1 6.5466E-1 6.83186E-1 7.24332E-1 7.13958E-1 6.76205E-1 6.37561E-1 6.12605E-1 6.30066E-1 6.21728E-1 5.99431E-1 4.57899E-1 5.2653E-1 4.57581E-1 4.32897E-1 3.97615E-1 4.68745E-1 4.73246E-1 4.31008E-1 4.79844E-1 5.41895E-1 4.81992E-1 4.1664E-1 3.24963E-1 2.23726E-1 1.43616E-1 1.43699E-1 1.35724E-1 1.09706E-1 1.12825E-1 1.22744E-1 1.32395E-1
-9999 -9999 -9999 -9999 -9999 -9999 -9999 -9999 -9999 -9999 -9999 -9999 -9999 -9999 -9999 -9999 -9999 -9999 -9999 -9999 -9999 -9999 -9999 -9999 -9999 -9999 -9999 -9999 -9999 -9999 -9999 -9999 -9999 -9999 -9999 -9999 -9999 -9999 -9999 7.06521E-1 6.97269E-1 6.90179E-1 7.22425E-1 7.38066E-1 7.02731E-1 6.90429E-1 6.74324E-1 6.6676E-1 6.58192E-1 6.61943E-1 5.66073E-1 5.02463E-1 4.73889E-1 4.45383E-1 4.04292E-1 4.09169E-1 4.80857E-1 5.44629E-1 4.27039E-1 5.03377E-1 5.3848E-1 4.67219E-1 4.35445E-1 3.42627E-1 2.08016E-1 1.80914E-1 1.73377E-1 1.09249E-1 1.11884E-1 1.34776E-1 1.06142E-1 1.28614E-1
-9999 -9999 -9999 -9999 -9999 -9999 -9999 -9999 -9999 -9999 -9999 -9999 -9999 -9999 -9999 -9999 -9999 -9999 -9999 -9999 -9999 -9999 -9999 -9999 -9999 -9999 -9999 -9999 -9999 -9999 -9999 -9999 -9999 -9999 -9999 -9999 -9999 -9999 -9999 -9999 -9999 -9999 6.69559E-1 7.12642E-1 6.79592E-1 6.73446E-1 6.84837E-1 7.0182E-1 6.8169E-1 5.74602E-1 5.11374E-1 4.99248E-1 4.44092E-1 4.13247E-1 4.02071E-1 4.09819E-1 5.0832E-1 5.61558E-1 4.86676E-1 5.0535E-1 5.45174E-1 3.98229E-1 3.91171E-1 3.57503E-1 2.3072E-1 2.24561E-1 1.83661E-1 1.53882E-1 1.47126E-1 1.61456E-1 1.03942E-1 1.31801E-1
-9999 -9999 -9999 -9999 -9999 -9999 -9999 -9999 -9999 -9999 -9999 -9999 -9999 -9999 -9999 -9999 -9999 -9999 -9999 -9999 -9999 -9999 -9999 -9999 -9999 -9999 -9999 -9999 -9999 -9999 -9999 -9999 -9999 -9999 -9999 -9999 -9999 -9999 -9999 -9999 -9999 -9999 -9999 6.95124E-1 7.17769E-1 7.10871E-1 7.27741E-1 7.14185E-1 6.42577E-1 5.44102E-1 5.03749E-1 4.79678E-1 4.38744E-1 4.2267E-1 4.12848E-1 4.23494E-1 5.41611E-1 5.71915E-1 5.12656E-1 5.5702E-1 4.93007E-1 3.31147E-1 3.40306E-1 4.0203E-1 3.24755E-1 2.5984E-1 2.49669E-1 1.49354E-1 1.72992E-1 1.4952E-1 1.02876E-1 1.05702E-1
-9999 -9999 -9999 -9999 -9999 -9999 -9999 -9999 -9999 -9999 -9999 -9999 -9999 -9999 -9999 -9999 -9999 -9999 -9999 -9999 -9999 -9999 -9999 -9999 -9999 -9999 -9999 -9999 -9999 -9999 -9999 -9999 -9999 -9999 -9999 -9999 -9999 -9999 -9999 -9999 -9999 -9999 -9999 -9999 -9999 -9999 -9999 -9999 6.23976E-1 5.1969E-1 4.79787E-1 4.74287E-1 4.36506E-1 4.28686E-1 4.34131E-1 4.36925E-1 5.09352E-1 5.14017E-1 5.19061E-1 4.82134E-1 4.33454E-1 3.27369E-1 2.77679E-1 3.72395E-1 2.41367E-1 1.9183E-1 2.58834E-1 1.78774E-1 2.19173E-1 1.47533E-1 1.00124E-1 9.08205E-2
-9999 -9999 -9999 -9999 -9999 -9999 -9999 -9999 -9999 -9999 -9999 -9999 -9999 -9999 -9999 -9999 -9999 -9999 -9999 -9999 -9999 -9999 -9999 -9999 -9999 -9999 -9999 -9999 -9999 -9999 -9999 -9999 -9999 -9999 -9999 -9999 -9999 -9999 -9999 -9999 -9999 -9999 -9999 -9999 -9999 -9999 -9999 -9999 -9999 5.31417E-1 4.93237E-1 4.85709E-1 4.71819E-1 4.63437E-1 4.70289E-1 4.84948E-1 5.29349E-1 5.86702E-1 5.41301E-1 4.59629E-1 4.13721E-1 3.35648E-1 2.7453E-1 3.18232E-1 2.73854E-1 1.96159E-1 1.71867E-1 1.90577E-1 1.52467E-1 1.17485E-1 1.16E-1 1.15246E-1
-9999 -9999 -9999 -9999 -9999 -9999 -9999 -9999 -9999 -9999 -9999 -9999 -9999 -9999 -9999 -9999 -9999 -9999 -9999 -9999 -9999 -9999 -9999 -9999 -9999 -9999 -9999 -9999 -9999 -9999 -9999 -9999 -9999 -9999 -9999 -9999 -9999 -9999 -9999 -9999 -9999 -9999 -9999 -9999 -9999 -9999 -9999 -9999 -9999 -9999 5.10199E-1 4.9356E-1 4.87461E-1 4.94319E-1 5.2869E-1 5.18326E-1 5.51806E-1 6.10979E-1 5.63872E-1 4.73448E-1 4.41082E-1 3.91252E-1 3.665E-1 3.96411E-1 3.5154E-1 1.91155E-1 1.38522E-1 1.62789E-1 1.37307E-1 1.44922E-1 1.7048E-1 1.37351E-1
-9999 -9999 -9999 -9999 -9999 -9999 -9999 -9999 -9999 -9999 -9999 -9999 -9999 -9999 -9999 -9999 -9999 -9999 -9999 -9999 -9999 -9999 -9999 -9999 -9999 -9999 -9999 -9999 -9999 -9999 -9999 -9999 -9999 -9999 -9999 -9999 -9999 -9999 -9999 -9999 -9999 -9999 -9999 -9999 -9999 -9999 -9999 -9999 -9999 -9999 5.16739E-1 5.02376E-1 5.1951E-1 5.34455E-1 5.95793E-1 5.74638E-1 5.94903E-1 6.2504E-1 5.95724E-1 5.09665E-1 4.57913E-1 4.46441E-1 4.86485E-1 4.23119E-1 2.59416E-1 1.75302E-1 1.5786E-1 2.35955E-1 1.59067E-1 1.5448E-1 2.08793E-1 1.65878E-1
-9999 -9999 -9999 -9999 -9999 -9999 -9999 -9999 -9999 -9999 -9999 -9999 -9999 -9999 -9999 -9999 -9999 -9999 -9999 -9999 -9999 -9999 -9999 -9999 -9999 -9999 -9999 -9999 -9999 -9999 -9999 -9999 -9999 -9999 -9999 -9999 -9999 -9999 -9999 -9999 -9999 -9999 -9999 -9999 -9999 -9999 -9999 -9999 -9999 -9999 -9999 -9999 5.52613E-1 5.85801E-1 6.5776E-1 6.02538E-1 6.20511E-1 6.56674E-1 6.30447E-1 5.52444E-1 5.18078E-1 5.08728E-1 4.70293E-1 3.72672E-1 2.7954E-1 2.21652E-1 2.34298E-1 2.72062E-1 1.97602E-1 1.7736E-1 2.39121E-1 1.92947E-1
