Artocarpus altilis SDM files/Last interglacial/results (without the bias file)/Artalt_6.asc
ncols         1201
nrows         481
xllcorner     119.99986351115
yllcorner     -15.00013864885
cellsize      0.041666667
NODATA_value  -9999
[rows 448 to 479 of 481, columns 504 to 575 of 1201]
-9999 -9999 -9999 -9999 -9999 -9999 -9999 -9999 -9999 -9999 -9999 -9999 1.2985E-2 1.05698E-2 8.77194E-3 7.69613E-3 6.96326E-3 6.38826E-3 5.46617E-3 5.28558E-3 4.79756E-3 4.18661E-3 4.07464E-3 4.10761E-3 4.73836E-3 4.65269E-3 4.68477E-3 3.94494E-3 3.60416E-3 3.63676E-3 3.36783E-3 3.34669E-3 3.5142E-3 3.55237E-3 3.45134E-3 3.38234E-3 3.40251E-3 4.02215E-3 3.89685E-3 4.16715E-3 4.76334E-3 4.51274E-3 4.5816E-3 3.87362E-3 3.61112E-3 3.93017E-3 4.03422E-3 5.39373E-3 5.76213E-3 6.44077E-3 6.93285E-3 6.57685E-3 7.6149E-3 7.10298E-3 6.7025E-3 7.56137E-3 9.14606E-3 1.35672E-2 1.41395E-2 2.13247E-2 2.52663E-2 2.7047E-2 -9999 -9999 -9999 -9999 -9999 -9999 -9999 -9999 -9999 -9999
-9999 -9999 -9999 -9999 -9999 -9999 -9999 -9999 -9999 -9999 -9999 -9999 1.21299E-2 1.02568E-2 8.86962E-3 7.43338E-3 6.41646E-3 5.83656E-3 5.37381E-3 4.93933E-3 4.60268E-3 4.65817E-3 4.55393E-3 4.29852E-3 4.42778E-3 4.73101E-3 4.17922E-3 3.61181E-3 3.32677E-3 3.11614E-3 3.2694E-3 3.73391E-3 3.76166E-3 3.78959E-3 3.51054E-3 3.23356E-3 3.05392E-3 3.56981E-3 3.92564E-3 3.79975E-3 3.63245E-3 3.85138E-3 3.97402E-3 4.03793E-3 3.59307E-3 3.9521E-3 4.75924E-3 5.13423E-3 5.44787E-3 5.64017E-3 5.67678E-3 6.25765E-3 6.61905E-3 6.83958E-3 7.25276E-3 7.43888E-3 8.31555E-3 1.0735E-2 1.44552E-2 2.0065E-2 2.21362E-2 2.40441E-2 -9999 -9999 -9999 -9999 -9999 -9999 -9999 -9999 -9999 -9999
-9999 -9999 -9999 -9999 -9999 -9999 -9999 -9999 -9999 -9999 -9999 1.29981E-2 1.1716E-2 9.5719E-3 8.14947E-3 7.49735E-3 6.2827E-3 5.36744E-3 4.58967E-3 4.23346E-3 4.11781E-3 4.40371E-3 4.33008E-3 4.31379E-3 4.02555E-3 3.59354E-3 3.4023E-3 3.37818E-3 3.32243E-3 3.55109E-3 3.68606E-3 3.7737E-3 3.28596E-3 3.19425E-3 3.36702E-3 3.46837E-3 3.28111E-3 3.88712E-3 3.82158E-3 3.60649E-3 3.31464E-3 3.43701E-3 4.05696E-3 3.69944E-3 3.95939E-3 4.79989E-3 4.57188E-3 4.85907E-3 5.0246E-3 5.43038E-3 5.1856E-3 5.71947E-3 5.86334E-3 5.65165E-3 5.78897E-3 5.53377E-3 7.07319E-3 8.67683E-3 1.20392E-2 1.75275E-2 2.05078E-2 -9999 -9999 -9999 -9999 -9999 -9999 -9999 -9999 -9999 -9999 -9999
-9999 -9999 -9999 -9999 -9999 -9999 -9999 -9999 -9999 -9999 -9999 1.29198E-2 1.18269E-2 9.73912E-3 8.55116E-3 7.53057E-3 5.84902E-3 5.38185E-3 4.31958E-3 4.16807E-3 3.8266E-3 3.69555E-3 3.45294E-3 3.23447E-3 3.01989E-3 2.71919E-3 2.77541E-3 3.06637E-3 2.87628E-3 2.99306E-3 3.03444E-3 3.21602E-3 3.49091E-3 3.42314E-3 3.4264E-3 3.37396E-3 3.41363E-3 3.81944E-3 3.58001E-3 3.54885E-3 3.24939E-3 3.32286E-3 4.03711E-3 4.06684E-3 4.03608E-3 4.01597E-3 3.75027E-3 4.2564E-3 4.55141E-3 4.71289E-3 4.78962E-3 4.32922E-3 3.86865E-3 3.73357E-3 3.72996E-3 4.59086E-3 6.11074E-3 8.52457E-3 1.2125E-2 1.58472E-2 1.8034E-2 -9999 -9999 -9999 -9999 -9999 -9999 -9999 -9999 -9999 -9999 -9999
-9999 -9999 -9999 -9999 -9999 -9999 -9999 -9999 -9999 -9999 -9999 1.30048E-2 1.17604E-2 8.912E-3 8.56681E-3 6.79583E-3 5.83962E-3 5.25323E-3 4.59326E-3 4.45729E-3 3.78144E-3 3.66879E-3 3.00634E-3 2.86426E-3 2.67617E-3 2.65305E-3 2.58606E-3 2.57819E-3 2.31417E-3 2.50161E-3 2.55468E-3 2.5161E-3 2.62337E-3 2.80635E-3 2.89384E-3 2.94782E-3 3.09687E-3 3.52739E-3 3.44916E-3 3.15936E-3 3.24264E-3 3.34453E-3 3.56217E-3 3.72749E-3 3.58741E-3 3.45214E-3 3.93939E-3 4.55335E-3 4.58209E-3 4.4152E-3 4.47364E-3 4.47271E-3 3.68805E-3 3.89194E-3 4.28408E-3 4.71065E-3 6.84714E-3 8.14591E-3 1.14106E-2 1.39396E-2 1.64347E-2 1.82334E-2 -9999 -9999 -9999 -9999 -9999 -9999 -9999 -9999 -9999 -9999
-9999 -9999 -9999 -9999 -9999 -9999 -9999 -9999 -9999 -9999 -9999 1.29034E-2 1.13512E-2 9.37875E-3 7.94635E-3 6.79395E-3 5.84139E-3 5.25333E-3 4.52314E-3 4.18694E-3 3.73063E-3 3.41487E-3 3.18708E-3 3.10779E-3 3.09055E-3 3.02282E-3 2.85839E-3 2.39902E-3 2.51286E-3 2.80652E-3 2.63242E-3 2.45833E-3 2.39985E-3 2.34945E-3 2.16013E-3 2.29344E-3 2.7104E-3 2.82209E-3 3.12508E-3 3.35477E-3 3.26602E-3 3.27233E-3 3.43855E-3 3.7654E-3 3.76039E-3 3.9934E-3 3.99725E-3 4.25741E-3 4.2944E-3 4.03616E-3 3.93732E-3 4.39221E-3 4.70845E-3 4.3412E-3 4.50278E-3 4.43049E-3 6.16363E-3 9.93949E-3 1.10476E-2 1.38773E-2 1.5238E-2 1.6824E-2 1.80887E-2 -9999 -9999 -9999 -9999 -9999 -9999 -9999 -9999 -9999
-9999 -9999 -9999 -9999 -9999 -9999 -9999 -9999 -9999 -9999 -9999 1.24996E-2 1.13058E-2 9.24551E-3 7.7694E-3 6.46754E-3 5.36731E-3 4.60457E-3 4.15647E-3 4.04549E-3 3.51064E-3 3.44464E-3 3.41826E-3 3.1324E-3 3.24121E-3 3.04716E-3 2.85334E-3 2.71521E-3 2.85488E-3 3.07588E-3 3.05693E-3 2.47703E-3 2.26129E-3 2.53702E-3 2.43486E-3 2.44943E-3 2.40051E-3 2.61765E-3 2.78027E-3 3.16632E-3 3.25848E-3 3.15218E-3 3.12359E-3 3.71387E-3 3.74192E-3 3.79081E-3 3.75774E-3 3.82972E-3 4.1045E-3 4.3743E-3 4.60386E-3 3.63421E-3 4.70431E-3 4.93352E-3 4.53093E-3 4.8813E-3 6.907E-3 1.10304E-2 1.15925E-2 1.3442E-2 1.42642E-2 1.50985E-2 1.64331E-2 -9999 -9999 -9999 -9999 -9999 -9999 -9999 -9999 -9999
-9999 -9999 -9999 -9999 -9999 -9999 -9999 -9999 -9999 -9999 -9999 1.26189E-2 1.03247E-2 8.93263E-3 7.8516E-3 6.34838E-3 5.39849E-3 4.9824E-3 4.15318E-3 3.78928E-3 3.51193E-3 3.14524E-3 3.3344E-3 3.28041E-3 3.06328E-3 3.0418E-3 2.81617E-3 2.6928E-3 3.1473E-3 3.09347E-3 2.57027E-3 2.47473E-3 2.79724E-3 3.35281E-3 2.66776E-3 2.83114E-3 3.51462E-3 3.33415E-3 3.35841E-3 3.41446E-3 2.66462E-3 2.52216E-3 2.8321E-3 3.11618E-3 2.98319E-3 3.19939E-3 3.71892E-3 3.77732E-3 3.82569E-3 3.84212E-3 4.17458E-3 4.81541E-3 5.5025E-3 4.7586E-3 5.20256E-3 4.65175E-3 5.70661E-3 9.75556E-3 1.08549E-2 1.15707E-2 1.29295E-2 1.46954E-2 1.63912E-2 -9999 -9999 -9999 -9999 -9999 -9999 -9999 -9999 -9999
-9999 -9999 -9999 -9999 -9999 -9999 -9999 -9999 -9999 -9999 -9999 1.20499E-2 1.03801E-2 8.9615E-3 7.35231E-3 5.868E-3 5.37451E-3 4.48725E-3 4.08908E-3 3.57829E-3 3.38191E-3 3.31327E-3 3.1885E-3 3.1066E-3 3.07876E-3 2.91105E-3 2.75619E-3 2.91561E-3 3.01388E-3 2.49606E-3 2.33165E-3 2.54003E-3 3.0581E-3 2.90671E-3 2.9441E-3 3.22979E-3 3.59051E-3 3.2176E-3 3.03155E-3 2.86254E-3 2.75257E-3 2.86635E-3 2.64394E-3 2.80794E-3 2.66945E-3 2.95102E-3 3.24272E-3 3.46638E-3 3.67994E-3 3.47742E-3 3.72322E-3 4.14949E-3 4.22552E-3 4.83384E-3 5.2702E-3 5.59945E-3 6.33758E-3 8.89139E-3 9.93147E-3 1.07365E-2 1.18777E-2 1.39541E-2 1.58193E-2 1.60038E-2 -9999 -9999 -9999 -9999 -9999 -9999 -9999 -9999
-9999 -9999 -9999 -9999 -9999 -9999 -9999 -9999 -9999 -9999 -9999 -9999 9.70937E-3 8.94474E-3 7.16515E-3 5.87872E-3 5.21164E-3 4.77459E-3 4.08992E-3 3.56876E-3 3.46761E-3 3.39527E-3 3.15841E-3 3.08872E-3 2.95688E-3 2.74894E-3 2.66092E-3 2.65619E-3 2.65199E-3 2.40664E-3 2.54869E-3 2.50871E-3 2.94611E-3 2.78087E-3 3.23245E-3 3.15783E-3 3.07006E-3 3.00143E-3 2.90219E-3 2.8528E-3 2.87532E-3 2.85365E-3 3.06976E-3 2.87996E-3 2.80077E-3 3.07434E-3 3.10319E-3 3.15646E-3 3.38181E-3 3.42853E-3 3.4764E-3 3.31297E-3 4.43059E-3 5.16691E-3 5.98265E-3 5.60075E-3 5.84686E-3 7.54243E-3 9.12618E-3 1.06856E-2 1.0818E-2 1.24224E-2 1.37853E-2 1.48448E-2 1.67696E-2 -9999 -9999 -9999 -9999 -9999 -9999 -9999
-9999 -9999 -9999 -9999 -9999 -9999 -9999 -9999 -9999 -9999 -9999 -9999 -9999 8.07362E-3 7.40024E-3 5.50672E-3 4.70591E-3 4.34759E-3 4.18119E-3 3.55069E-3 3.44983E-3 3.32825E-3 3.17077E-3 2.9594E-3 2.77439E-3 2.55903E-3 2.52093E-3 2.48044E-3 2.50734E-3 2.63158E-3 2.36459E-3 2.5133E-3 2.7199E-3 2.67849E-3 3.09405E-3 2.83145E-3 2.67592E-3 2.63914E-3 2.73254E-3 2.98013E-3 3.04256E-3 2.90338E-3 3.1141E-3 2.90185E-3 3.01407E-3 3.04309E-3 2.92305E-3 3.01394E-3 2.95581E-3 3.38517E-3 3.52264E-3 3.59482E-3 3.90877E-3 4.62833E-3 5.39295E-3 5.86201E-3 5.41205E-3 7.07349E-3 8.33437E-3 9.39647E-3 1.00601E-2 1.09106E-2 1.27002E-2 1.36143E-2 1.54645E-2 -9999 -9999 -9999 -9999 -9999 -9999 -9999
-9999 -9999 -9999 -9999 -9999 -9999 -9999 -9999 -9999 -9999 -9999 -9999 -9999 -9999 6.83657E-3 5.46086E-3 4.98435E-3 4.33782E-3 4.19459E-3 3.51605E-3 3.26437E-3 3.00946E-3 2.81604E-3 2.59352E-3 2.22537E-3 2.31845E-3 2.14326E-3 2.01964E-3 2.19136E-3 1.94586E-3 2.20823E-3 2.54516E-3 2.51613E-3 2.66027E-3 2.35617E-3 2.3143E-3 2.1462E-3 2.20764E-3 2.93413E-3 3.03392E-3 2.86508E-3 2.56916E-3 2.55513E-3 2.53284E-3 2.49854E-3 2.40066E-3 2.51625E-3 2.74836E-3 2.82078E-3 3.11558E-3 3.68365E-3 3.7236E-3 4.04617E-3 4.2967E-3 5.01498E-3 5.54659E-3 5.87161E-3 6.98149E-3 7.74366E-3 8.9782E-3 9.2117E-3 1.06334E-2 1.18094E-2 1.25517E-2 1.44031E-2 -9999 -9999 -9999 -9999 -9999 -9999 -9999
-9999 -9999 -9999 -9999 -9999 -9999 -9999 -9999 -9999 -9999 -9999 -9999 -9999 -9999 6.27509E-3 6.15173E-3 5.2922E-3 4.25583E-3 3.57492E-3 3.5568E-3 2.86496E-3 2.63607E-3 2.42165E-3 2.22774E-3 2.32315E-3 2.02621E-3 1.99927E-3 2.00264E-3 1.93004E-3 2.07144E-3 2.56682E-3 2.35929E-3 2.29409E-3 2.01177E-3 2.00182E-3 1.87644E-3 2.07266E-3 2.47041E-3 2.59501E-3 2.56032E-3 2.21984E-3 2.32634E-3 2.51366E-3 2.47891E-3 2.36995E-3 2.48858E-3 2.22522E-3 2.38157E-3 2.73653E-3 3.39135E-3 3.57831E-3 3.81692E-3 4.16006E-3 4.39232E-3 4.37319E-3 5.18107E-3 6.79702E-3 6.43874E-3 7.46631E-3 7.8972E-3 8.5456E-3 9.2816E-3 1.05175E-2 1.22418E-2 1.3275E-2 -9999 -9999 -9999 -9999 -9999 -9999 -9999
-9999 -9999 -9999 -9999 -9999 -9999 -9999 -9999 -9999 -9999 -9999 -9999 -9999 -9999 5.94573E-3 5.34294E-3 4.68418E-3 4.04233E-3 3.38718E-3 3.09931E-3 2.73111E-3 2.61585E-3 2.4159E-3 2.23375E-3 2.0555E-3 1.89359E-3 1.85689E-3 1.98711E-3 2.08863E-3 2.27128E-3 2.09045E-3 1.80934E-3 1.72954E-3 1.91025E-3 1.87254E-3 1.97536E-3 1.92448E-3 2.18956E-3 2.46642E-3 2.19253E-3 2.03668E-3 2.19356E-3 2.21391E-3 2.16545E-3 2.16964E-3 2.12314E-3 2.25224E-3 2.52878E-3 3.25223E-3 3.37233E-3 3.33618E-3 3.59089E-3 4.08706E-3 3.94832E-3 3.9452E-3 4.64197E-3 5.33412E-3 6.45466E-3 7.17486E-3 7.30973E-3 7.97283E-3 8.56359E-3 9.23297E-3 1.04196E-2 1.21575E-2 -9999 -9999 -9999 -9999 -9999 -9999 -9999
-9999 -9999 -9999 -9999 -9999 -9999 -9999 -9999 -9999 -9999 -9999 -9999 -9999 -9999 5.94167E-3 5.36237E-3 4.27145E-3 3.70398E-3 3.15289E-3 2.66818E-3 2.66106E-3 2.21985E-3 2.26521E-3 2.11198E-3 1.7263E-3 2.02782E-3 1.99387E-3 1.81335E-3 1.93258E-3 1.78278E-3 1.80969E-3 1.82146E-3 1.89614E-3 1.89356E-3 1.66046E-3 1.67624E-3 1.7476E-3 2.12039E-3 2.27971E-3 2.17994E-3 2.29503E-3 2.19775E-3 2.02401E-3 2.00107E-3 2.17117E-3 2.54711E-3 2.77913E-3 2.81722E-3 2.96169E-3 3.13075E-3 3.1806E-3 3.55014E-3 3.62323E-3 3.66567E-3 3.51087E-3 3.96941E-3 4.21851E-3 5.79862E-3 6.1794E-3 6.3393E-3 7.17633E-3 8.07821E-3 8.32459E-3 9.56671E-3 1.18356E-2 1.21131E-2 -9999 -9999 -9999 -9999 -9999 -9999
-9999 -9999 -9999 -9999 -9999 -9999 -9999 -9999 -9999 -9999 -9999 -9999 -9999 -9999 5.96555E-3 4.9292E-3 4.05525E-3 3.46891E-3 2.87923E-3 2.66679E-3 2.4559E-3 2.11208E-3 2.04078E-3 1.75589E-3 1.63982E-3 1.59454E-3 1.66635E-3 1.60713E-3 1.56939E-3 1.68527E-3 1.52563E-3 1.66074E-3 1.66375E-3 1.6319E-3 1.65787E-3 1.71215E-3 1.8964E-3 2.17462E-3 2.25327E-3 2.0513E-3 1.9038E-3 1.87757E-3 2.02313E-3 2.24089E-3 2.41801E-3 2.72711E-3 2.97944E-3 2.45496E-3 2.57728E-3 3.09413E-3 3.0914E-3 2.92557E-3 2.96576E-3 3.20587E-3 3.5995E-3 3.80082E-3 3.4936E-3 4.53541E-3 5.96065E-3 6.4617E-3 6.63942E-3 7.127E-3 8.00598E-3 9.32962E-3 1.12651E-2 1.1763E-2 -9999 -9999 -9999 -9999 -9999 -9999
-9999 -9999 -9999 -9999 -9999 -9999 -9999 -9999 -9999 -9999 -9999 -9999 -9999 6.44971E-3 5.44448E-3 4.66906E-3 4.08398E-3 3.16808E-3 2.88922E-3 2.51942E-3 2.3283E-3 1.90204E-3 1.72284E-3 1.58704E-3 1.53755E-3 1.49117E-3 1.3714E-3 1.44189E-3 1.34769E-3 1.4813E-3 1.3357E-3 1.33832E-3 1.28652E-3 1.43364E-3 1.5997E-3 1.69672E-3 2.08202E-3 2.09832E-3 1.9853E-3 1.78689E-3 1.78473E-3 1.71134E-3 1.95569E-3 2.28332E-3 2.42256E-3 2.46168E-3 2.54749E-3 2.57806E-3 2.70826E-3 3.09335E-3 2.76544E-3 2.6983E-3 2.95683E-3 3.03362E-3 3.07924E-3 3.44348E-3 3.78353E-3 4.54443E-3 5.89018E-3 5.64023E-3 5.92153E-3 6.90233E-3 7.55213E-3 7.94394E-3 1.0087E-2 1.08656E-2 -9999 -9999 -9999 -9999 -9999 -9999
-9999 -9999 -9999 -9999 -9999 -9999 -9999 -9999 -9999 -9999 -9999 -9999 -9999 5.98246E-3 5.44181E-3 4.43558E-3 3.7156E-3 3.19082E-3 2.84691E-3 2.44465E-3 1.9767E-3 1.89289E-3 1.6221E-3 1.48974E-3 1.34162E-3 1.33853E-3 1.38373E-3 1.36247E-3 1.24175E-3 1.21773E-3 1.19899E-3 1.30223E-3 1.36488E-3 1.61393E-3 1.64529E-3 1.74387E-3 1.88107E-3 1.64792E-3 1.77207E-3 1.73422E-3 1.7614E-3 1.95819E-3 2.2588E-3 2.11378E-3 1.90803E-3 1.82118E-3 2.08352E-3 2.19958E-3 2.58932E-3 2.46408E-3 2.3867E-3 2.38686E-3 2.49336E-3 3.21632E-3 3.72323E-3 3.62503E-3 3.93068E-3 4.24764E-3 4.69389E-3 4.81075E-3 6.5524E-3 7.29247E-3 7.85321E-3 8.40052E-3 8.8828E-3 9.00393E-3 1.193E-2 -9999 -9999 -9999 -9999 -9999
-9999 -9999 -9999 -9999 -9999 -9999 -9999 -9999 -9999 -9999 -9999 -9999 -9999 6.01214E-3 4.83417E-3 4.00903E-3 3.52356E-3 2.92851E-3 2.48323E-3 2.29675E-3 1.98878E-3 1.77038E-3 1.63024E-3 1.34588E-3 1.32075E-3 1.25405E-3 1.17543E-3 1.14903E-3 1.21035E-3 1.21637E-3 1.21447E-3 1.4159E-3 1.39586E-3 1.34211E-3 1.31791E-3 1.39664E-3 1.38392E-3 1.43981E-3 1.40946E-3 1.72492E-3 1.70178E-3 1.83245E-3 1.85103E-3 1.96504E-3 1.73199E-3 1.55396E-3 1.6954E-3 1.72358E-3 2.0842E-3 1.966E-3 2.07695E-3 2.45601E-3 3.00287E-3 3.25323E-3 3.70113E-3 3.48438E-3 4.09388E-3 4.01083E-3 3.9292E-3 5.27979E-3 6.65246E-3 6.9163E-3 6.94481E-3 7.09786E-3 8.85457E-3 9.51716E-3 1.12063E-2 -9999 -9999 -9999 -9999 -9999
-9999 -9999 -9999 -9999 -9999 -9999 -9999 -9999 -9999 -9999 -9999 -9999 6.49196E-3 6.01187E-3 4.71822E-3 4.0658E-3 3.42112E-3 2.91755E-3 2.50013E-3 2.06894E-3 1.88838E-3 1.63189E-3 1.47169E-3 1.45093E-3 1.33063E-3 1.21969E-3 1.24795E-3 1.22745E-3 1.12842E-3 1.21533E-3 1.2052E-3 1.21289E-3 1.13994E-3 1.11548E-3 1.18967E-3 1.19648E-3 1.17466E-3 1.35989E-3 1.38046E-3 1.61248E-3 1.61365E-3 1.75791E-3 1.76419E-3 1.74925E-3 1.7675E-3 1.76889E-3 1.51471E-3 1.46315E-3 1.80344E-3 1.73014E-3 2.2871E-3 2.76679E-3 3.18447E-3 3.2753E-3 3.28964E-3 3.50374E-3 3.48461E-3 3.901E-3 4.35703E-3 5.52357E-3 6.21064E-3 6.86398E-3 7.06877E-3 7.43709E-3 8.60973E-3 8.82576E-3 9.79355E-3 1.05116E-2 -9999 -9999 -9999 -9999
-9999 -9999 -9999 -9999 -9999 -9999 -9999 -9999 -9999 -9999 -9999 -9999 6.5557E-3 5.78153E-3 4.75456E-3 4.08471E-3 3.39844E-3 2.89706E-3 2.24163E-3 1.93596E-3 1.79516E-3 1.63431E-3 1.47389E-3 1.28349E-3 1.34574E-3 1.14814E-3 1.15796E-3 1.04794E-3 1.03634E-3 1.0249E-3 9.779E-4 9.71328E-4 1.04682E-3 1.19975E-3 1.20698E-3 1.19781E-3 1.29659E-3 1.20496E-3 1.21949E-3 1.23286E-3 1.35959E-3 1.54288E-3 1.48369E-3 1.63595E-3 1.65675E-3 1.59426E-3 1.5404E-3 1.70929E-3 1.72962E-3 2.11664E-3 2.85167E-3 2.98883E-3 2.98616E-3 3.26011E-3 3.25453E-3 3.32022E-3 3.13691E-3 3.3749E-3 3.84165E-3 4.76098E-3 5.71735E-3 5.50312E-3 6.14018E-3 6.96406E-3 7.64948E-3 8.74753E-3 9.37592E-3 1.02009E-2 1.04439E-2 1.24226E-2 1.1819E-2 1.42421E-2
-9999 -9999 -9999 -9999 -9999 -9999 -9999 -9999 -9999 -9999 -9999 -9999 6.48412E-3 5.85341E-3 4.74927E-3 3.74005E-3 3.31349E-3 2.76297E-3 2.25935E-3 1.93059E-3 1.748E-3 1.5061E-3 1.31547E-3 1.24489E-3 1.14216E-3 9.74123E-4 9.66233E-4 9.51302E-4 9.69179E-4 9.50304E-4 1.01486E-3 1.05373E-3 1.04658E-3 1.01103E-3 1.00425E-3 1.11405E-3 1.14786E-3 1.23223E-3 1.15458E-3 1.27397E-3 1.17413E-3 1.27681E-3 1.33322E-3 1.55254E-3 1.56746E-3 1.58059E-3 1.83752E-3 2.00857E-3 2.09161E-3 2.09006E-3 2.69991E-3 2.77756E-3 2.99312E-3 2.78873E-3 2.99296E-3 2.99815E-3 2.95714E-3 2.98755E-3 3.18081E-3 3.61236E-3 5.01977E-3 4.98946E-3 5.86628E-3 5.60385E-3 7.06098E-3 7.61319E-3 8.16649E-3 8.8503E-3 9.62151E-3 1.09043E-2 1.15587E-2 1.30291E-2
-9999 -9999 -9999 -9999 -9999 -9999 -9999 -9999 -9999 -9999 -9999 -9999 -9999 5.54284E-3 4.56547E-3 3.68594E-3 2.80663E-3 2.59466E-3 2.25542E-3 1.88316E-3 1.59702E-3 1.45554E-3 1.33342E-3 1.11815E-3 1.02232E-3 9.99757E-4 9.56412E-4 9.61298E-4 1.00791E-3 1.02254E-3 1.00864E-3 1.02654E-3 1.02891E-3 1.03039E-3 1.19959E-3 1.21698E-3 1.28843E-3 1.2998E-3 1.13654E-3 1.20177E-3 1.26095E-3 1.23675E-3 1.28232E-3 1.42292E-3 1.43311E-3 1.69534E-3 1.78357E-3 1.82852E-3 2.27937E-3 2.45849E-3 2.92489E-3 2.83176E-3 2.44764E-3 2.58488E-3 2.61184E-3 2.59119E-3 2.85968E-3 3.33341E-3 3.4646E-3 3.68519E-3 5.12898E-3 5.31615E-3 5.02554E-3 5.12612E-3 6.82883E-3 6.9813E-3 7.52958E-3 8.10943E-3 8.84981E-3 1.00099E-2 1.05772E-2 1.14502E-2
-9999 -9999 -9999 -9999 -9999 -9999 -9999 -9999 -9999 -9999 -9999 -9999 -9999 5.03511E-3 4.27463E-3 3.48227E-3 2.79054E-3 2.60354E-3 2.22163E-3 1.86255E-3 1.61334E-3 1.44457E-3 1.24071E-3 1.12495E-3 1.08829E-3 1.13136E-3 1.01686E-3 1.02475E-3 9.72733E-4 1.06025E-3 9.58686E-4 9.70249E-4 9.60427E-4 1.04934E-3 1.04768E-3 1.20603E-3 1.11877E-3 1.23314E-3 1.27984E-3 1.36714E-3 1.45017E-3 1.43625E-3 1.50279E-3 1.53725E-3 1.63884E-3 1.67991E-3 1.76538E-3 1.84749E-3 2.15418E-3 2.54945E-3 2.63569E-3 2.22479E-3 2.3369E-3 2.39785E-3 2.40016E-3 2.5581E-3 3.03203E-3 3.28991E-3 2.9775E-3 3.36622E-3 4.67258E-3 5.26763E-3 5.2196E-3 6.16896E-3 6.22656E-3 6.35258E-3 6.89288E-3 7.48945E-3 7.48847E-3 9.30684E-3 9.77255E-3 1.05436E-2
-9999 -9999 -9999 -9999 -9999 -9999 -9999 -9999 -9999 -9999 -9999 -9999 -9999 4.90798E-3 4.2375E-3 3.32591E-3 2.83768E-3 2.47853E-3 2.00862E-3 1.73828E-3 1.59194E-3 1.44182E-3 1.22685E-3 1.18386E-3 1.09728E-3 1.00045E-3 9.60261E-4 9.34566E-4 8.8962E-4 8.83695E-4 8.70173E-4 9.50568E-4 8.96414E-4 9.78519E-4 1.05629E-3 1.03543E-3 1.11419E-3 1.12746E-3 1.17738E-3 1.24229E-3 1.34889E-3 1.3333E-3 1.50701E-3 1.70042E-3 1.71695E-3 1.76092E-3 1.82412E-3 2.23395E-3 2.3443E-3 2.10169E-3 1.93161E-3 2.33821E-3 2.55545E-3 2.72614E-3 2.52814E-3 2.65159E-3 2.675E-3 2.62935E-3 3.01875E-3 4.00863E-3 4.48928E-3 4.97493E-3 5.11429E-3 5.05183E-3 5.93681E-3 6.02241E-3 6.39797E-3 6.92577E-3 6.93943E-3 8.60697E-3 8.8042E-3 1.02704E-2
-9999 -9999 -9999 -9999 -9999 -9999 -9999 -9999 -9999 -9999 -9999 -9999 -9999 4.90715E-3 4.06427E-3 3.32079E-3 2.83516E-3 2.32081E-3 2.00618E-3 1.7274E-3 1.56185E-3 1.42406E-3 1.22616E-3 1.11698E-3 9.4598E-4 9.7578E-4 8.90224E-4 9.00346E-4 8.21094E-4 8.50401E-4 8.12189E-4 7.48683E-4 8.76627E-4 8.63256E-4 9.48642E-4 9.81529E-4 1.024E-3 1.04129E-3 1.09649E-3 1.08219E-3 1.22231E-3 1.31809E-3 1.57534E-3 1.64036E-3 1.6084E-3 1.47192E-3 1.72106E-3 1.91028E-3 1.99355E-3 1.97441E-3 2.15795E-3 2.37189E-3 2.50653E-3 2.36314E-3 2.52999E-3 2.47912E-3 2.64126E-3 2.58943E-3 2.6686E-3 3.6281E-3 4.13272E-3 4.60726E-3 4.63553E-3 4.80027E-3 5.18404E-3 5.60193E-3 6.07284E-3 6.42044E-3 6.91445E-3 7.91251E-3 8.32127E-3 8.97164E-3
-9999 -9999 -9999 -9999 -9999 -9999 -9999 -9999 -9999 -9999 -9999 -9999 -9999 4.43399E-3 3.82062E-3 3.30127E-3 2.73064E-3 2.33033E-3 1.98566E-3 1.65084E-3 1.56048E-3 1.29467E-3 1.21394E-3 1.05123E-3 9.68685E-4 9.1736E-4 8.36891E-4 8.68065E-4 8.19667E-4 7.44431E-4 7.98335E-4 8.154E-4 8.92311E-4 8.72194E-4 9.12898E-4 8.68983E-4 9.15567E-4 9.31336E-4 1.0926E-3 1.1532E-3 1.3022E-3 1.38539E-3 1.35794E-3 1.39033E-3 1.41479E-3 1.41522E-3 1.75136E-3 1.90265E-3 1.81146E-3 1.77452E-3 2.14688E-3 2.34507E-3 2.25808E-3 2.56467E-3 2.35443E-3 2.66506E-3 2.61318E-3 2.98053E-3 2.93644E-3 3.71472E-3 4.13677E-3 3.98642E-3 4.32581E-3 4.43671E-3 5.06914E-3 5.15901E-3 5.42432E-3 5.80743E-3 6.37768E-3 7.34865E-3 7.64236E-3 8.30495E-3
-9999 -9999 -9999 -9999 -9999 -9999 -9999 -9999 -9999 -9999 -9999 -9999 -9999 4.47874E-3 3.83003E-3 3.17666E-3 2.70808E-3 2.19897E-3 1.94742E-3 1.6523E-3 1.51628E-3 1.33542E-3 1.15606E-3 1.05624E-3 9.62734E-4 9.03038E-4 8.92813E-4 7.99663E-4 7.81327E-4 8.20077E-4 8.12492E-4 8.16295E-4 8.04508E-4 8.64926E-4 9.15725E-4 9.73461E-4 9.90645E-4 1.07205E-3 1.10502E-3 1.14496E-3 1.19909E-3 1.32602E-3 1.28499E-3 1.34526E-3 1.46444E-3 1.64636E-3 1.87496E-3 1.66522E-3 1.63229E-3 1.62615E-3 2.01986E-3 2.21678E-3 2.1277E-3 2.05907E-3 2.17707E-3 2.14753E-3 2.81319E-3 2.85235E-3 3.7438E-3 3.85237E-3 3.90784E-3 4.21709E-3 4.30443E-3 4.38945E-3 4.72261E-3 4.83061E-3 5.59467E-3 5.53215E-3 6.00617E-3 6.94327E-3 7.24906E-3 7.84429E-3
-9999 -9999 -9999 -9999 -9999 -9999 -9999 -9999 -9999 -9999 -9999 -9999 -9999 4.47884E-3 3.6974E-3 3.18045E-3 2.52598E-3 2.24975E-3 1.91341E-3 1.71421E-3 1.44222E-3 1.31451E-3 1.14513E-3 1.04101E-3 1.0242E-3 9.34662E-4 8.04962E-4 8.17644E-4 7.59502E-4 7.79373E-4 7.32063E-4 7.88496E-4 8.02187E-4 8.44963E-4 7.97765E-4 8.499E-4 9.16453E-4 9.73645E-4 9.81564E-4 1.14037E-3 1.20706E-3 1.37969E-3 1.48018E-3 1.44412E-3 1.53667E-3 1.65133E-3 1.74296E-3 1.76888E-3 1.74035E-3 2.01181E-3 2.214E-3 2.07214E-3 1.92658E-3 2.24245E-3 2.24681E-3 2.36612E-3 2.65784E-3 2.62108E-3 2.82915E-3 3.32501E-3 3.68081E-3 4.01953E-3 3.84971E-3 4.02976E-3 4.72675E-3 4.71593E-3 4.86907E-3 5.39566E-3 5.84043E-3 6.00427E-3 6.35005E-3 6.79421E-3
-9999 -9999 -9999 -9999 -9999 -9999 -9999 -9999 -9999 -9999 -9999 -9999 -9999 -9999 3.65243E-3 2.98106E-3 2.44831E-3 2.32424E-3 1.95192E-3 1.69282E-3 1.40651E-3 1.20814E-3 1.10271E-3 1.04124E-3 9.52028E-4 8.3327E-4 8.12172E-4 8.50433E-4 8.02649E-4 7.43952E-4 7.67129E-4 7.92341E-4 7.59352E-4 8.29644E-4 8.64441E-4 9.07265E-4 9.85221E-4 1.03111E-3 1.18238E-3 1.26744E-3 1.21827E-3 1.29558E-3 1.4598E-3 1.58576E-3 1.56874E-3 1.53987E-3 1.74362E-3 1.81771E-3 1.89557E-3 2.07778E-3 2.098E-3 1.97545E-3 2.07423E-3 1.94931E-3 2.07359E-3 2.19353E-3 2.55131E-3 2.3387E-3 2.33199E-3 2.99368E-3 3.35188E-3 3.40635E-3 3.5117E-3 3.80099E-3 3.98721E-3 4.44033E-3 4.71541E-3 4.93301E-3 5.3562E-3 5.56244E-3 5.81486E-3 6.30174E-3
-9999 -9999 -9999 -9999 -9999 -9999 -9999 -9999 -9999 -9999 -9999 -9999 -9999 -9999 3.36643E-3 3.13541E-3 2.5334E-3 2.14644E-3 1.85884E-3 1.55401E-3 1.41448E-3 1.31211E-3 1.19106E-3 1.08012E-3 9.22656E-4 9.30237E-4 8.66689E-4 8.32016E-4 7.96506E-4 7.38377E-4 7.63359E-4 7.75105E-4 8.20956E-4 7.64903E-4 8.82495E-4 9.62497E-4 9.30415E-4 9.50408E-4 1.04463E-3 1.0342E-3 1.10712E-3 1.15964E-3 1.31895E-3 1.47693E-3 1.58697E-3 1.68827E-3 1.74015E-3 1.75636E-3 1.71972E-3 1.82673E-3 1.66659E-3 1.86277E-3 1.89357E-3 1.83661E-3 2.01518E-3 2.21673E-3 2.46181E-3 2.35416E-3 2.45051E-3 2.41202E-3 3.01609E-3 3.40693E-3 3.06915E-3 3.38771E-3 3.35783E-3 4.00955E-3 4.12215E-3 4.56812E-3 4.69769E-3 5.10158E-3 5.52974E-3 5.78109E-3
-9999 -9999 -9999 -9999 -9999 -9999 -9999 -9999 -9999 -9999 -9999 -9999 -9999 -9999 3.3963E-3 2.9801E-3 2.49252E-3 2.07589E-3 1.79914E-3 1.54115E-3 1.47977E-3 1.26257E-3 1.15641E-3 9.90321E-4 9.12136E-4 8.40729E-4 8.21497E-4 7.88938E-4 8.22053E-4 8.52133E-4 8.16785E-4 8.18502E-4 8.4135E-4 8.12038E-4 8.62963E-4 8.54844E-4 8.61945E-4 9.246E-4 9.36518E-4 1.02199E-3 1.06576E-3 1.24398E-3 1.22796E-3 1.25063E-3 1.34743E-3 1.467E-3 1.46818E-3 1.48244E-3 1.45398E-3 1.64275E-3 1.67969E-3 1.79385E-3 1.81115E-3 1.72284E-3 2.16837E-3 2.02675E-3 2.30588E-3 2.30524E-3 2.66337E-3 2.85536E-3 2.93855E-3 3.12774E-3 3.1879E-3 3.39438E-3 3.42297E-3 3.8955E-3 4.04717E-3 4.37442E-3 4.42944E-3 4.32528E-3 5.06801E-3 5.34075E-3
