Artocarpus altilis SDM files/Last interglacial/results (without the bias file)/Artalt_3.asc
ncols         1201
nrows         481
xllcorner     119.99986351115
yllcorner     -15.00013864885
cellsize      0.041666667
NODATA_value  -9999
[rows 320 to 351 of 481, columns 648 to 719 of 1201]
1.09492E-1 1.30542E-1 1.14216E-1 7.4818E-2 5.51067E-2 4.1399E-2 5.77719E-2 7.17881E-2 4.68796E-2 6.54912E-2 9.99979E-2 1.3437E-1 2.44922E-1 3.00935E-1 3.19986E-1 3.5967E-1 3.65648E-1 4.08778E-1 4.46307E-1 4.825E-1 4.91065E-1 5.3892E-1 5.30814E-1 5.62408E-1 5.69446E-1 6.01863E-1 6.33966E-1 6.35823E-1 6.49369E-1 -9999 -9999 -9999 -9999 -9999 -9999 -9999 -9999 -9999 -9999 -9999 -9999 -9999 -9999 -9999 -9999 -9999 -9999 -9999 -9999 -9999 -9999 -9999 -9999 -9999 -9999 -9999 -9999 -9999 -9999 -9999 -9999 -9999 -9999 -9999 -9999 -9999 -9999 -9999 -9999 -9999 -9999 -9999
1.23368E-1 6.87692E-2 6.1029E-2 4.72122E-2 4.20056E-2 4.07478E-2 4.90618E-2 4.71059E-2 3.77894E-2 5.5333E-2 7.6554E-2 9.22263E-2 2.08038E-1 2.48792E-1 2.6467E-1 2.71229E-1 3.42248E-1 4.02516E-1 4.35245E-1 4.72655E-1 4.91122E-1 4.92561E-1 5.02114E-1 5.13995E-1 5.39918E-1 5.569E-1 5.90419E-1 6.23423E-1 6.41526E-1 -9999 -9999 -9999 -9999 -9999 -9999 -9999 -9999 -9999 -9999 -9999 -9999 -9999 -9999 -9999 -9999 -9999 -9999 -9999 -9999 -9999 -9999 -9999 -9999 -9999 -9999 -9999 -9999 -9999 -9999 -9999 -9999 -9999 -9999 -9999 -9999 -9999 -9999 -9999 -9999 -9999 -9999 -9999
1.27137E-1 1.2127E-1 7.0626E-2 6.37077E-2 5.91748E-2 5.62627E-2 4.46589E-2 3.43232E-2 3.52321E-2 4.37054E-2 5.46064E-2 7.97233E-2 1.60338E-1 1.90527E-1 2.16139E-1 1.52134E-1 2.41767E-1 3.31793E-1 3.87426E-1 4.34131E-1 4.62748E-1 4.61205E-1 4.84613E-1 4.91453E-1 5.07315E-1 5.30437E-1 5.62447E-1 5.78136E-1 6.04176E-1 -9999 -9999 -9999 -9999 -9999 -9999 -9999 -9999 -9999 -9999 -9999 -9999 -9999 -9999 -9999 -9999 -9999 -9999 -9999 -9999 -9999 -9999 -9999 -9999 -9999 -9999 -9999 -9999 -9999 -9999 -9999 -9999 -9999 -9999 -9999 -9999 -9999 -9999 -9999 -9999 -9999 -9999 -9999
8.23458E-2 7.28649E-2 6.25309E-2 6.49605E-2 8.11594E-2 7.31844E-2 4.00473E-2 3.79792E-2 4.32575E-2 5.50852E-2 5.78989E-2 7.73936E-2 1.3415E-1 1.63922E-1 1.67502E-1 1.05113E-1 1.88986E-1 2.73866E-1 3.58079E-1 4.25441E-1 4.27584E-1 4.39402E-1 4.5216E-1 4.65084E-1 4.92757E-1 5.1152E-1 5.31878E-1 5.5971E-1 5.78514E-1 5.92977E-1 -9999 -9999 -9999 -9999 -9999 -9999 -9999 -9999 -9999 -9999 -9999 -9999 -9999 -9999 -9999 -9999 -9999 -9999 -9999 -9999 -9999 -9999 -9999 -9999 -9999 -9999 -9999 -9999 -9999 -9999 -9999 -9999 -9999 -9999 -9999 -9999 -9999 -9999 -9999 -9999 -9999 -9999
1.57759E-1 1.1189E-1 8.56887E-2 6.9344E-2 7.50549E-2 8.77532E-2 4.19908E-2 4.31704E-2 5.45828E-2 7.41813E-2 7.61091E-2 6.70073E-2 1.13559E-1 1.40298E-1 1.16159E-1 9.67634E-2 1.8016E-1 2.24214E-1 3.26911E-1 3.86577E-1 4.12496E-1 4.30025E-1 4.21511E-1 4.48378E-1 4.75949E-1 4.88673E-1 5.17742E-1 5.33321E-1 5.56128E-1 5.75085E-1 -9999 -9999 -9999 -9999 -9999 -9999 -9999 -9999 -9999 -9999 -9999 -9999 -9999 -9999 -9999 -9999 -9999 -9999 -9999 -9999 -9999 -9999 -9999 -9999 -9999 -9999 -9999 -9999 -9999 -9999 -9999 -9999 -9999 -9999 -9999 -9999 -9999 -9999 -9999 -9999 -9999 -9999
9.32596E-2 1.31682E-1 1.05568E-1 8.3231E-2 7.08323E-2 9.75739E-2 6.48571E-2 4.2317E-2 4.93816E-2 6.05151E-2 8.63851E-2 1.13378E-1 1.39801E-1 1.9701E-1 1.07845E-1 9.78781E-2 1.48016E-1 2.32574E-1 3.15481E-1 3.25306E-1 4.17774E-1 4.11612E-1 4.04568E-1 4.3438E-1 4.54282E-1 4.59755E-1 4.90137E-1 5.03482E-1 5.30719E-1 5.51275E-1 -9999 -9999 -9999 -9999 -9999 -9999 -9999 -9999 -9999 -9999 -9999 -9999 -9999 -9999 -9999 -9999 -9999 -9999 -9999 -9999 -9999 -9999 -9999 -9999 -9999 -9999 -9999 -9999 -9999 -9999 -9999 -9999 -9999 -9999 -9999 -9999 -9999 -9999 -9999 -9999 -9999 -9999
8.8468E-2 7.91735E-2 9.04494E-2 6.7444E-2 5.94719E-2 8.37881E-2 8.55755E-2 3.96882E-2 5.20188E-2 4.81355E-2 6.85425E-2 7.97549E-2 1.37196E-1 2.37947E-1 1.75375E-1 1.08974E-1 1.47806E-1 2.13619E-1 2.93499E-1 2.87563E-1 3.74276E-1 4.05062E-1 4.02788E-1 4.34291E-1 4.31984E-1 4.288E-1 4.51392E-1 4.65613E-1 4.87892E-1 5.11365E-1 -9999 -9999 -9999 -9999 -9999 -9999 -9999 -9999 -9999 -9999 -9999 -9999 -9999 -9999 -9999 -9999 -9999 -9999 -9999 -9999 -9999 -9999 -9999 -9999 -9999 -9999 -9999 -9999 -9999 -9999 -9999 -9999 -9999 -9999 -9999 -9999 -9999 -9999 -9999 -9999 -9999 -9999
1.54835E-1 8.51164E-2 6.68152E-2 5.85542E-2 6.96437E-2 9.75447E-2 9.26282E-2 4.77064E-2 6.26222E-2 4.04268E-2 5.85035E-2 7.92053E-2 1.14453E-1 1.99874E-1 2.74781E-1 1.78958E-1 2.21814E-1 2.3437E-1 2.20017E-1 2.54836E-1 3.39029E-1 3.72644E-1 4.18623E-1 3.91359E-1 4.10041E-1 4.31947E-1 4.45242E-1 4.4549E-1 4.79303E-1 4.75178E-1 4.8069E-1 -9999 -9999 -9999 -9999 -9999 -9999 -9999 -9999 -9999 -9999 -9999 -9999 -9999 -9999 -9999 -9999 -9999 -9999 -9999 -9999 -9999 -9999 -9999 -9999 -9999 -9999 -9999 -9999 -9999 -9999 -9999 -9999 -9999 -9999 -9999 -9999 -9999 -9999 -9999 -9999 -9999
1.63675E-1 1.37987E-1 9.35144E-2 6.68992E-2 7.49958E-2 9.26656E-2 1.13619E-1 7.04795E-2 6.49571E-2 3.16595E-2 4.53611E-2 6.46129E-2 1.14372E-1 1.46129E-1 2.2618E-1 2.69408E-1 1.47353E-1 1.15924E-1 1.74585E-1 2.42822E-1 2.8328E-1 3.61452E-1 3.85356E-1 4.0955E-1 4.1138E-1 4.20726E-1 4.2324E-1 4.32862E-1 4.47384E-1 4.4101E-1 4.56587E-1 4.86692E-1 4.8442E-1 5.10312E-1 -9999 -9999 -9999 -9999 -9999 -9999 -9999 -9999 -9999 -9999 -9999 -9999 -9999 -9999 -9999 -9999 -9999 -9999 -9999 -9999 -9999 -9999 -9999 -9999 -9999 -9999 -9999 -9999 -9999 -9999 -9999 -9999 -9999 -9999 -9999 -9999 -9999 -9999
1.46451E-1 1.23287E-1 1.07018E-1 1.13212E-1 7.47016E-2 9.35457E-2 1.28752E-1 9.1671E-2 5.6248E-2 2.91393E-2 4.41619E-2 6.13516E-2 8.83065E-2 9.44058E-2 1.67412E-1 2.82401E-1 1.38711E-1 9.04014E-2 1.05408E-1 1.57473E-1 2.23444E-1 3.0195E-1 3.49856E-1 4.08519E-1 3.89008E-1 3.90275E-1 4.15693E-1 4.12659E-1 4.273E-1 4.43857E-1 4.40117E-1 4.55414E-1 4.70628E-1 4.83586E-1 4.97521E-1 -9999 -9999 -9999 -9999 -9999 -9999 -9999 -9999 -9999 -9999 -9999 -9999 -9999 -9999 -9999 -9999 -9999 -9999 -9999 -9999 -9999 -9999 -9999 -9999 -9999 -9999 -9999 -9999 -9999 -9999 -9999 -9999 -9999 -9999 -9999 -9999 -9999
1.59307E-1 1.38328E-1 1.78882E-1 1.11272E-1 7.9359E-2 8.7635E-2 1.25343E-1 6.45447E-2 3.64071E-2 2.84446E-2 3.22142E-2 4.10964E-2 5.04572E-2 7.04776E-2 1.31651E-1 2.69344E-1 1.76283E-1 9.31848E-2 9.11362E-2 1.29039E-1 1.62934E-1 2.4027E-1 3.04454E-1 4.02627E-1 3.79066E-1 3.56114E-1 3.62062E-1 3.81083E-1 3.81388E-1 3.99174E-1 4.31285E-1 4.44558E-1 4.83268E-1 4.84138E-1 4.8192E-1 5.1496E-1 -9999 -9999 -9999 -9999 -9999 -9999 -9999 -9999 -9999 -9999 -9999 -9999 -9999 -9999 -9999 -9999 -9999 -9999 -9999 -9999 -9999 -9999 -9999 -9999 -9999 -9999 -9999 -9999 -9999 -9999 -9999 -9999 -9999 -9999 -9999 -9999
1.50308E-1 1.96791E-1 1.84503E-1 1.06544E-1 8.72689E-2 1.10561E-1 1.47017E-1 6.03779E-2 7.70064E-2 3.49866E-2 3.12821E-2 4.3292E-2 4.61864E-2 6.96067E-2 1.379E-1 2.6404E-1 2.09803E-1 1.40519E-1 1.54383E-1 1.17136E-1 1.54184E-1 2.46684E-1 3.49125E-1 3.93559E-1 3.50398E-1 3.30862E-1 3.14881E-1 3.31288E-1 3.65366E-1 3.93959E-1 4.20013E-1 4.39965E-1 4.32744E-1 4.78912E-1 4.92001E-1 4.75708E-1 -9999 -9999 -9999 -9999 -9999 -9999 -9999 -9999 -9999 -9999 -9999 -9999 -9999 -9999 -9999 -9999 -9999 -9999 -9999 -9999 -9999 -9999 -9999 -9999 -9999 -9999 -9999 -9999 -9999 -9999 -9999 -9999 -9999 -9999 -9999 -9999
1.86714E-1 2.22971E-1 1.99967E-1 1.04683E-1 7.45386E-2 1.1062E-1 1.73606E-1 1.23058E-1 1.03946E-1 4.47231E-2 3.77741E-2 4.97935E-2 5.16102E-2 8.27952E-2 1.38825E-1 1.989E-1 2.83753E-1 2.06645E-1 2.03706E-1 1.89125E-1 1.65918E-1 2.0986E-1 2.90069E-1 3.77899E-1 3.52413E-1 3.00789E-1 2.78854E-1 2.77213E-1 3.04282E-1 3.23776E-1 3.78046E-1 3.9755E-1 4.1437E-1 4.56836E-1 4.61553E-1 4.71271E-1 -9999 -9999 -9999 -9999 -9999 -9999 -9999 -9999 -9999 -9999 -9999 -9999 -9999 -9999 -9999 -9999 -9999 -9999 -9999 -9999 -9999 -9999 -9999 -9999 -9999 -9999 -9999 -9999 -9999 -9999 -9999 -9999 -9999 -9999 -9999 -9999
2.54688E-1 1.99354E-1 1.49694E-1 1.17027E-1 8.57859E-2 1.20704E-1 1.66398E-1 1.81859E-1 1.6532E-1 7.97736E-2 4.51758E-2 4.86369E-2 4.56627E-2 6.70608E-2 7.85531E-2 1.42303E-1 2.45783E-1 3.0722E-1 2.25997E-1 2.143E-1 1.52335E-1 1.88401E-1 2.53197E-1 3.53276E-1 3.18294E-1 2.56132E-1 2.24131E-1 2.28831E-1 2.51791E-1 3.1099E-1 3.13079E-1 2.96048E-1 3.40677E-1 4.01081E-1 4.31348E-1 5.07052E-1 -9999 -9999 -9999 -9999 -9999 -9999 -9999 -9999 -9999 -9999 -9999 -9999 -9999 -9999 -9999 -9999 -9999 -9999 -9999 -9999 -9999 -9999 -9999 -9999 -9999 -9999 -9999 -9999 -9999 -9999 -9999 -9999 -9999 -9999 -9999 -9999
2.59081E-1 2.1227E-1 1.85313E-1 1.44738E-1 1.27335E-1 1.54769E-1 1.73803E-1 2.28335E-1 2.15852E-1 1.2866E-1 7.32173E-2 4.88184E-2 3.83027E-2 4.68466E-2 7.71682E-2 9.78518E-2 1.57853E-1 2.73552E-1 2.90838E-1 2.39474E-1 2.23949E-1 2.3707E-1 2.729E-1 3.41935E-1 2.66486E-1 2.37149E-1 1.83337E-1 1.65277E-1 1.99653E-1 2.77416E-1 2.53503E-1 2.24048E-1 2.61717E-1 3.3009E-1 3.78929E-1 4.48113E-1 4.69651E-1 -9999 -9999 -9999 -9999 -9999 -9999 -9999 -9999 -9999 -9999 -9999 -9999 -9999 -9999 -9999 -9999 -9999 -9999 -9999 -9999 -9999 -9999 -9999 -9999 -9999 -9999 -9999 -9999 -9999 -9999 -9999 -9999 -9999 -9999 -9999
2.7925E-1 2.84711E-1 2.34712E-1 2.04527E-1 1.93991E-1 2.21062E-1 2.6941E-1 2.85442E-1 1.75774E-1 9.30542E-2 6.52088E-2 4.92934E-2 4.49396E-2 4.99969E-2 5.42745E-2 7.60735E-2 1.06942E-1 1.61398E-1 2.15541E-1 2.05375E-1 2.35238E-1 2.73767E-1 2.86052E-1 2.99436E-1 2.68439E-1 2.07882E-1 1.6803E-1 1.3727E-1 1.80722E-1 2.31262E-1 1.88521E-1 1.46872E-1 1.91415E-1 2.56828E-1 3.05928E-1 3.80619E-1 4.44199E-1 -9999 -9999 -9999 -9999 -9999 -9999 -9999 -9999 -9999 -9999 -9999 -9999 -9999 -9999 -9999 -9999 -9999 -9999 -9999 -9999 -9999 -9999 -9999 -9999 -9999 -9999 -9999 -9999 -9999 -9999 -9999 -9999 -9999 -9999 -9999
3.67177E-1 3.66409E-1 3.17705E-1 2.62684E-1 2.62045E-1 3.04505E-1 3.05997E-1 2.93052E-1 2.0571E-1 1.21909E-1 1.03358E-1 8.6145E-2 7.15403E-2 7.01054E-2 7.81109E-2 6.13124E-2 8.88983E-2 1.13367E-1 8.75703E-2 8.71043E-2 1.16215E-1 1.16377E-1 1.68458E-1 2.40036E-1 2.79321E-1 2.27151E-1 2.07759E-1 1.96918E-1 2.01757E-1 2.09315E-1 1.33547E-1 9.35332E-2 1.26404E-1 1.98507E-1 2.32215E-1 3.42304E-1 4.07684E-1 -9999 -9999 -9999 -9999 -9999 -9999 -9999 -9999 -9999 -9999 -9999 -9999 -9999 -9999 -9999 -9999 -9999 -9999 -9999 -9999 -9999 -9999 -9999 -9999 -9999 -9999 -9999 -9999 -9999 -9999 -9999 -9999 -9999 -9999 -9999
4.39821E-1 4.31769E-1 3.83574E-1 3.65553E-1 3.5472E-1 3.59345E-1 3.20809E-1 2.76708E-1 1.86163E-1 1.51532E-1 1.51106E-1 1.10635E-1 1.00666E-1 1.13237E-1 1.16286E-1 7.43931E-2 6.05596E-2 9.09122E-2 6.02541E-2 5.6348E-2 7.15068E-2 6.31163E-2 7.88917E-2 1.51552E-1 2.33928E-1 1.81908E-1 1.81574E-1 2.07585E-1 1.90024E-1 1.80191E-1 1.42527E-1 1.30273E-1 1.54826E-1 1.48743E-1 2.01854E-1 3.32103E-1 4.12394E-1 4.35275E-1 -9999 -9999 -9999 -9999 -9999 -9999 -9999 -9999 -9999 -9999 -9999 4.34339E-1 4.15251E-1 4.41947E-1 4.29742E-1 4.6329E-1 5.20308E-1 5.53816E-1 -9999 -9999 -9999 -9999 -9999 -9999 -9999 -9999 -9999 -9999 -9999 -9999 -9999 -9999 -9999 -9999
4.3416E-1 4.35787E-1 4.10093E-1 3.98652E-1 3.87051E-1 3.29207E-1 2.45459E-1 2.28264E-1 1.98408E-1 1.53267E-1 1.29254E-1 1.59399E-1 1.77121E-1 2.09561E-1 1.64227E-1 1.25441E-1 6.24198E-2 7.10128E-2 4.6562E-2 4.94806E-2 5.52268E-2 5.7056E-2 8.59322E-2 1.16909E-1 1.90357E-1 1.36695E-1 1.23935E-1 1.29072E-1 1.71855E-1 1.77972E-1 1.69125E-1 1.74157E-1 2.06666E-1 2.06253E-1 2.43154E-1 3.01401E-1 3.91276E-1 4.18157E-1 -9999 -9999 -9999 -9999 -9999 -9999 -9999 4.38646E-1 4.35194E-1 4.72323E-1 4.44208E-1 3.87437E-1 3.13234E-1 3.6171E-1 3.73914E-1 3.92364E-1 4.62236E-1 5.6272E-1 -9999 -9999 -9999 -9999 -9999 -9999 -9999 -9999 -9999 -9999 -9999 -9999 -9999 -9999 -9999 -9999
4.50567E-1 4.24255E-1 4.1761E-1 4.18961E-1 3.78768E-1 3.48079E-1 2.72462E-1 2.97535E-1 2.78793E-1 1.95808E-1 1.81329E-1 1.79234E-1 2.35574E-1 2.08483E-1 1.28113E-1 1.06664E-1 7.82054E-2 5.97698E-2 4.25547E-2 4.83311E-2 5.14216E-2 5.49619E-2 6.24882E-2 8.08228E-2 1.38926E-1 1.31095E-1 9.3423E-2 1.02108E-1 1.41464E-1 1.72086E-1 1.78134E-1 2.04168E-1 2.44877E-1 2.09354E-1 2.05823E-1 2.56893E-1 3.02649E-1 4.10605E-1 4.04128E-1 3.84068E-1 3.85245E-1 4.05266E-1 4.30844E-1 4.40851E-1 4.21634E-1 4.20243E-1 4.33169E-1 3.9815E-1 3.82531E-1 3.50874E-1 2.76668E-1 2.28499E-1 2.98925E-1 3.60685E-1 4.67687E-1 5.54464E-1 -9999 -9999 -9999 -9999 -9999 -9999 -9999 -9999 -9999 -9999 -9999 -9999 -9999 -9999 -9999 -9999
4.45428E-1 4.22175E-1 4.20253E-1 4.26464E-1 4.05397E-1 3.53158E-1 3.34721E-1 3.35553E-1 3.38315E-1 2.97454E-1 2.49761E-1 2.60493E-1 1.80746E-1 2.24137E-1 1.55018E-1 1.40209E-1 8.34277E-2 5.71653E-2 5.22198E-2 4.58726E-2 4.53286E-2 5.35555E-2 6.09513E-2 7.56114E-2 1.12832E-1 1.72192E-1 1.36704E-1 1.22674E-1 1.27051E-1 1.67086E-1 2.10454E-1 1.94862E-1 2.46879E-1 1.8486E-1 1.73794E-1 2.30383E-1 2.70329E-1 3.94343E-1 3.96815E-1 4.07006E-1 3.81219E-1 3.883E-1 4.06572E-1 4.13965E-1 4.03502E-1 4.15871E-1 4.09143E-1 3.20736E-1 2.86905E-1 2.83902E-1 2.54591E-1 1.61753E-1 2.3818E-1 3.8887E-1 4.77437E-1 5.40265E-1 -9999 -9999 -9999 -9999 -9999 -9999 -9999 -9999 -9999 -9999 -9999 -9999 -9999 -9999 -9999 -9999
4.50083E-1 4.375E-1 4.218E-1 4.20187E-1 4.01173E-1 3.88111E-1 3.65052E-1 3.30596E-1 3.38972E-1 3.13069E-1 2.86067E-1 2.0259E-1 1.7762E-1 2.14565E-1 1.83027E-1 1.13106E-1 8.06159E-2 6.75364E-2 5.45932E-2 5.43219E-2 4.79095E-2 5.97409E-2 6.61927E-2 7.48911E-2 8.6089E-2 1.31139E-1 1.31667E-1 1.11406E-1 1.17242E-1 1.70414E-1 2.04653E-1 2.2979E-1 2.5795E-1 2.55429E-1 2.39575E-1 2.88795E-1 3.7373E-1 4.04872E-1 4.17047E-1 4.03718E-1 3.82364E-1 3.70824E-1 3.88221E-1 4.18558E-1 4.08156E-1 4.06172E-1 3.4496E-1 2.87825E-1 2.15965E-1 1.51399E-1 2.44638E-1 2.76571E-1 2.88354E-1 4.38912E-1 5.37549E-1 5.65071E-1 -9999 -9999 -9999 -9999 -9999 -9999 -9999 -9999 -9999 -9999 -9999 -9999 -9999 -9999 -9999 -9999
4.55042E-1 4.57212E-1 4.34202E-1 4.26488E-1 4.12454E-1 3.70493E-1 3.14299E-1 3.35349E-1 3.0923E-1 2.76246E-1 2.4462E-1 2.03593E-1 2.10264E-1 1.84904E-1 2.12082E-1 1.45768E-1 8.24721E-2 8.31291E-2 6.27646E-2 5.83934E-2 5.06065E-2 5.64538E-2 6.63734E-2 5.19664E-2 7.7536E-2 8.27004E-2 1.22603E-1 1.27147E-1 1.4829E-1 1.69943E-1 2.02675E-1 2.20515E-1 2.34501E-1 2.08028E-1 1.87275E-1 2.91984E-1 3.39004E-1 3.56886E-1 4.0934E-1 3.79141E-1 3.66532E-1 3.63563E-1 3.76062E-1 4.12282E-1 4.16465E-1 4.375E-1 3.72009E-1 3.0697E-1 2.33947E-1 1.96563E-1 2.8896E-1 4.0128E-1 4.23203E-1 4.95794E-1 -9999 -9999 -9999 -9999 -9999 -9999 -9999 -9999 -9999 -9999 -9999 -9999 -9999 -9999 -9999 -9999 -9999 -9999
4.35924E-1 4.32698E-1 4.47957E-1 4.31683E-1 4.17803E-1 3.87007E-1 3.28046E-1 3.47535E-1 3.69939E-1 3.16316E-1 3.4651E-1 3.30783E-1 2.82819E-1 1.90252E-1 1.82267E-1 1.94468E-1 1.2582E-1 9.80901E-2 7.63682E-2 7.95567E-2 5.88662E-2 6.16852E-2 6.04681E-2 5.23352E-2 6.11157E-2 7.52814E-2 1.16114E-1 1.64251E-1 1.57179E-1 1.97586E-1 1.88967E-1 1.53828E-1 1.40209E-1 1.3449E-1 2.29414E-1 2.59516E-1 2.26686E-1 2.68814E-1 3.87042E-1 3.87731E-1 3.67379E-1 3.72994E-1 3.99263E-1 3.99905E-1 4.22493E-1 4.32717E-1 4.24193E-1 3.74131E-1 3.38967E-1 3.34448E-1 3.77338E-1 4.47677E-1 4.80793E-1 5.3392E-1 -9999 -9999 -9999 -9999 -9999 -9999 -9999 -9999 -9999 -9999 -9999 -9999 -9999 -9999 -9999 -9999 -9999 -9999
4.08832E-1 3.76001E-1 4.39756E-1 4.64328E-1 4.21771E-1 3.92595E-1 3.73674E-1 3.79714E-1 3.77325E-1 3.29956E-1 3.01228E-1 2.47369E-1 2.98966E-1 1.87757E-1 1.52333E-1 1.47962E-1 1.31462E-1 1.33426E-1 1.24724E-1 1.09252E-1 9.52413E-2 7.05046E-2 7.13021E-2 6.25511E-2 6.95666E-2 9.39513E-2 9.49035E-2 1.47918E-1 1.59547E-1 2.22554E-1 1.12233E-1 7.99532E-2 7.70107E-2 1.11486E-1 1.54286E-1 1.72997E-1 2.30107E-1 2.5384E-1 3.86046E-1 3.77438E-1 3.89838E-1 3.7317E-1 3.87803E-1 3.95384E-1 4.30251E-1 4.16344E-1 4.49241E-1 4.08972E-1 4.2065E-1 4.09916E-1 4.3873E-1 4.78632E-1 5.03041E-1 5.11426E-1 -9999 -9999 -9999 -9999 -9999 -9999 -9999 -9999 -9999 -9999 -9999 -9999 -9999 -9999 -9999 -9999 -9999 -9999
4.4002E-1 3.72516E-1 4.16997E-1 4.87214E-1 4.62122E-1 4.34956E-1 4.23381E-1 3.6451E-1 3.41786E-1 3.04481E-1 2.70761E-1 2.90384E-1 2.80047E-1 2.39395E-1 2.01395E-1 2.02047E-1 1.73131E-1 1.59102E-1 2.01893E-1 1.51281E-1 1.22069E-1 1.09805E-1 8.97837E-2 6.7407E-2 7.68338E-2 9.54946E-2 9.05103E-2 1.2902E-1 1.92762E-1 2.24856E-1 1.21052E-1 1.0854E-1 8.82697E-2 1.14878E-1 1.46488E-1 1.80186E-1 2.31508E-1 2.66126E-1 3.3908E-1 3.91557E-1 4.01605E-1 3.74021E-1 4.12628E-1 4.03832E-1 4.18018E-1 4.27525E-1 4.3123E-1 4.57737E-1 4.71661E-1 4.64146E-1 4.63336E-1 5.00116E-1 4.91032E-1 -9999 -9999 -9999 -9999 -9999 -9999 -9999 -9999 -9999 -9999 -9999 -9999 -9999 -9999 -9999 -9999 -9999 -9999 -9999
4.69183E-1 4.62757E-1 4.69207E-1 4.68414E-1 4.80805E-1 4.46905E-1 4.20122E-1 3.63481E-1 3.03254E-1 3.09616E-1 3.10791E-1 2.97157E-1 2.84135E-1 2.76334E-1 2.87532E-1 2.73902E-1 2.2783E-1 2.20424E-1 2.33707E-1 1.73382E-1 1.6736E-1 1.53521E-1 1.09787E-1 1.11182E-1 8.52133E-2 7.22254E-2 1.20843E-1 1.66297E-1 1.23616E-1 1.41396E-1 1.12086E-1 1.17493E-1 1.28243E-1 1.45759E-1 1.59215E-1 1.99319E-1 2.26554E-1 3.10036E-1 3.20014E-1 3.57858E-1 3.99191E-1 3.9346E-1 4.17198E-1 4.16829E-1 3.99057E-1 4.08905E-1 4.0102E-1 4.23334E-1 4.28073E-1 4.52904E-1 4.67254E-1 4.47007E-1 4.97206E-1 -9999 -9999 -9999 -9999 -9999 -9999 -9999 -9999 -9999 -9999 -9999 -9999 -9999 -9999 -9999 -9999 -9999 -9999 -9999
5.17834E-1 5.06406E-1 5.24716E-1 4.65452E-1 4.9232E-1 4.8756E-1 4.41818E-1 3.60253E-1 2.64196E-1 2.98363E-1 3.21522E-1 2.98957E-1 2.58312E-1 2.78056E-1 3.27559E-1 2.60043E-1 3.15904E-1 2.3566E-1 2.68935E-1 1.91761E-1 2.29595E-1 2.1477E-1 1.83807E-1 1.60446E-1 9.5461E-2 7.51167E-2 7.42512E-2 7.93347E-2 1.18017E-1 1.40419E-1 1.89299E-1 1.68124E-1 1.54982E-1 1.47944E-1 1.61618E-1 2.12084E-1 2.18588E-1 2.75287E-1 3.00218E-1 3.19974E-1 3.68809E-1 3.75561E-1 4.06412E-1 3.81062E-1 3.88975E-1 3.82894E-1 3.66618E-1 3.79271E-1 3.9131E-1 4.18101E-1 4.40745E-1 4.37595E-1 4.74063E-1 -9999 -9999 -9999 -9999 -9999 -9999 -9999 -9999 -9999 -9999 -9999 -9999 -9999 -9999 -9999 -9999 -9999 -9999 -9999
5.33772E-1 5.33022E-1 5.35416E-1 5.18968E-1 5.07294E-1 5.14963E-1 5.00526E-1 4.661E-1 3.30493E-1 2.56829E-1 3.13018E-1 3.13373E-1 2.98659E-1 2.92218E-1 3.38925E-1 3.347E-1 3.38108E-1 2.50008E-1 2.47888E-1 2.89722E-1 2.64541E-1 2.375E-1 1.46703E-1 8.38522E-2 7.13137E-2 6.28514E-2 7.52891E-2 8.32796E-2 1.09445E-1 1.22244E-1 1.4902E-1 2.13186E-1 1.88913E-1 1.96397E-1 2.12807E-1 1.95631E-1 2.06781E-1 2.79982E-1 2.92912E-1 3.15586E-1 3.34963E-1 3.44441E-1 3.25212E-1 2.7913E-1 2.92637E-1 2.96682E-1 3.58131E-1 3.6371E-1 3.78022E-1 3.58242E-1 3.67443E-1 4.18303E-1 4.7255E-1 4.63754E-1 -9999 -9999 -9999 -9999 -9999 -9999 -9999 -9999 -9999 -9999 -9999 -9999 -9999 -9999 -9999 -9999 -9999 -9999
5.58086E-1 5.59469E-1 5.62708E-1 -9999 5.47006E-1 5.31202E-1 5.22991E-1 4.91931E-1 4.33315E-1 3.17238E-1 2.79584E-1 3.09978E-1 3.08104E-1 2.94979E-1 3.68354E-1 3.75562E-1 3.57249E-1 3.20219E-1 2.69993E-1 2.70703E-1 2.90821E-1 1.99682E-1 1.54173E-1 1.03341E-1 7.77495E-2 7.43509E-2 9.60969E-2 1.22516E-1 1.638E-1 1.33201E-1 1.518E-1 1.7566E-1 1.94517E-1 2.18235E-1 2.3776E-1 2.71938E-1 2.35777E-1 2.19341E-1 3.14162E-1 2.89346E-1 3.11345E-1 2.49586E-1 2.32861E-1 1.91307E-1 1.78326E-1 1.59554E-1 2.69874E-1 2.85754E-1 2.90373E-1 3.03089E-1 3.34459E-1 3.91791E-1 4.60933E-1 4.73118E-1 4.82669E-1 4.7701E-1 4.94338E-1 -9999 -9999 -9999 -9999 -9999 -9999 -9999 -9999 -9999 -9999 -9999 -9999 -9999 -9999 -9999
-9999 -9999 -9999 -9999 -9999 5.5351E-1 5.43509E-1 5.20361E-1 4.92594E-1 4.34951E-1 3.60816E-1 2.83366E-1 3.26516E-1 3.42861E-1 3.49356E-1 3.66128E-1 3.52527E-1 3.74774E-1 3.64135E-1 3.24182E-1 2.96233E-1 2.41682E-1 2.28834E-1 1.68048E-1 1.08462E-1 8.07152E-2 1.28857E-1 1.48814E-1 1.46914E-1 1.6083E-1 1.51405E-1 1.37757E-1 1.56225E-1 2.24776E-1 2.3856E-1 2.74331E-1 2.54293E-1 2.5918E-1 2.59375E-1 2.93609E-1 2.78048E-1 2.49005E-1 2.64786E-1 3.02441E-1 2.22777E-1 1.93559E-1 1.79262E-1 1.17111E-1 1.36115E-1 2.07851E-1 2.90016E-1 3.48565E-1 4.28008E-1 4.96681E-1 4.76698E-1 4.85165E-1 5.09723E-1 5.14463E-1 5.10866E-1 -9999 -9999 -9999 -9999 -9999 -9999 -9999 -9999 -9999 -9999 -9999 -9999 -9999
-9999 -9999 -9999 -9999 -9999 -9999 -9999 -9999 5.12869E-1 4.91318E-1 4.42829E-1 3.61325E-1 3.65798E-1 3.82963E-1 3.61825E-1 3.71967E-1 3.69403E-1 3.67343E-1 3.78713E-1 3.42347E-1 3.11472E-1 3.07152E-1 2.59612E-1 2.11526E-1 1.97486E-1 1.47474E-1 9.95923E-2 1.37576E-1 1.41611E-1 1.42646E-1 1.84116E-1 2.26679E-1 2.35205E-1 1.45402E-1 2.06364E-1 2.77299E-1 2.83385E-1 2.89342E-1 3.10248E-1 2.86488E-1 3.08444E-1 3.59885E-1 3.8371E-1 3.13473E-1 2.41744E-1 1.77817E-1 1.01002E-1 7.68742E-2 8.33654E-2 1.25584E-1 1.88927E-1 3.14704E-1 3.9331E-1 4.50167E-1 4.4488E-1 4.84255E-1 4.75957E-1 4.70264E-1 5.05312E-1 4.74308E-1 4.89739E-1 5.11045E-1 -9999 5.46166E-1 5.71407E-1 6.00072E-1 6.47892E-1 -9999 -9999 -9999 -9999 -9999
