Artocarpus hirsutus SDM files/Last glacial maximum/Environmental layers/bio2.asc
ncols  625
nrows  721
xllcorner  69.958333335383
yllcorner  5.95833333415099
cellsize 0.041666666667
NODATA_value  -9999
[rows 462 to 503 of 721, columns 190 to 284 of 625]
109 108 108 108 108 108 107 107 107 107 107 107 107 107 107 107 107 107 107 107 107 107 107 107 107 107 107 107 107 107 107 107 107 107 107 107 107 107 107 107 107 107 107 107 107 107 107 107 107 107 107 107 107 107 107 107 107 107 107 107 107 107 107 106 106 106 106 106 105 105 105 104 104 103 103 102 102 101 101 100 99 99 98 97 96 96 95 94 93 93 92 91 90 90 89
109 108 108 108 108 108 107 107 107 107 107 107 107 107 107 107 107 107 107 107 107 107 107 107 107 107 107 107 107 107 107 107 107 107 107 107 107 107 107 107 107 107 107 107 107 107 107 107 107 107 107 107 107 107 107 107 107 107 107 106 106 106 106 106 106 105 105 105 104 104 104 103 103 102 102 101 101 100 99 99 98 97 96 96 95 94 93 92 92 91 90 89 89 88 87
109 108 108 108 108 107 107 107 107 107 107 107 107 107 107 107 107 107 107 107 107 107 107 107 107 107 107 107 107 107 107 107 107 107 107 107 107 107 107 107 107 107 107 107 107 107 107 107 107 107 107 107 106 106 106 106 106 106 106 106 106 105 105 105 105 104 104 104 103 103 103 102 102 101 101 100 99 99 98 97 97 96 95 94 93 93 92 91 90 89 88 88 87 86 85
108 108 108 108 108 107 107 107 107 107 107 107 107 107 107 107 106 106 106 106 106 106 107 107 107 107 107 107 107 107 107 107 107 107 107 107 107 107 107 107 107 107 107 107 107 106 106 106 106 106 106 106 106 106 106 106 106 105 105 105 105 105 105 104 104 104 103 103 103 102 102 101 101 100 100 99 98 98 97 96 95 94 94 93 92 91 90 89 88 87 87 86 85 84 83
108 108 108 108 107 107 107 107 107 107 107 107 107 107 107 106 106 106 106 106 106 106 106 106 106 106 107 107 107 107 107 107 107 107 107 107 107 107 107 106 106 106 106 106 106 106 106 106 106 106 106 106 106 106 105 105 105 105 105 105 104 104 104 103 103 103 102 102 102 101 101 100 100 99 98 98 97 96 95 95 94 93 92 91 90 89 88 87 87 86 85 84 83 82 82
108 108 108 108 107 107 107 107 107 107 107 107 107 107 106 106 106 106 106 106 106 106 106 106 106 106 106 106 106 106 106 106 106 106 106 106 106 106 106 106 106 106 106 106 106 106 106 106 106 106 105 105 105 105 105 105 105 104 104 104 104 103 103 103 102 102 102 101 101 100 100 99 98 98 97 96 96 95 94 93 92 91 90 90 89 88 87 86 85 84 83 82 81 80 80
108 108 108 108 107 107 107 107 107 107 107 107 107 106 106 106 106 106 106 106 106 106 106 106 106 106 106 106 106 106 106 106 106 106 106 106 106 106 106 106 106 106 106 106 106 106 106 105 105 105 105 105 105 105 104 104 104 104 103 103 103 103 102 102 101 101 101 100 100 99 99 98 97 97 96 95 94 94 93 92 91 90 89 88 87 86 85 84 83 82 81 80 79 78 78
108 108 108 107 107 107 107 107 107 107 107 107 107 106 106 106 106 106 106 106 106 106 106 106 106 106 106 106 106 106 106 106 106 106 106 106 106 106 106 106 106 106 106 106 105 105 105 105 105 105 105 104 104 104 104 104 103 103 103 103 102 102 101 101 101 100 100 99 99 98 98 97 96 95 95 94 93 92 91 90 89 88 87 86 85 84 83 82 81 80 79 78 77 77 76
108 108 108 107 107 107 107 107 107 107 107 107 106 106 106 106 106 106 106 106 106 106 106 106 106 106 106 106 106 106 106 106 106 106 106 106 106 106 106 106 106 106 105 105 105 105 105 105 105 104 104 104 104 104 103 103 103 102 102 102 101 101 101 100 100 99 99 98 98 97 96 96 95 94 93 93 92 91 90 89 88 87 86 85 84 83 82 81 79 78 77 76 76 75 74
108 108 108 107 107 107 107 107 107 107 107 106 106 106 106 106 106 106 106 106 106 106 106 106 106 106 106 106 106 106 106 106 106 106 106 106 106 106 106 106 105 105 105 105 105 105 105 104 104 104 104 104 103 103 103 103 102 102 102 101 101 100 100 99 99 98 98 97 97 96 95 95 94 93 92 91 90 89 88 87 86 85 84 83 82 81 80 79 78 77 76 75 74 73 72
108 108 107 107 107 107 107 107 107 107 107 106 106 106 106 106 106 106 106 106 106 106 106 106 106 106 106 106 106 106 106 106 106 106 106 106 106 106 105 105 105 105 105 105 105 104 104 104 104 104 103 103 103 103 102 102 102 101 101 100 100 100 99 99 98 97 97 96 96 95 94 93 93 92 91 90 89 88 87 86 85 84 83 82 80 79 78 77 76 75 74 73 72 71 70
108 108 107 107 107 107 107 107 107 107 106 106 106 106 106 106 106 106 106 106 106 106 106 106 106 106 106 106 106 106 106 106 106 106 106 106 105 105 105 105 105 105 105 105 104 104 104 104 103 103 103 103 102 102 102 101 101 101 100 100 99 99 98 98 97 97 96 95 95 94 93 92 91 91 90 89 88 87 86 84 83 82 81 80 79 78 76 75 74 73 72 71 70 69 68
108 107 107 107 107 107 107 107 107 106 106 106 106 106 106 106 106 106 106 106 106 106 106 106 106 106 106 106 106 106 106 106 106 106 105 105 105 105 105 105 105 105 104 104 104 104 104 103 103 103 103 102 102 102 101 101 100 100 99 99 98 98 97 97 96 96 95 94 94 93 92 91 90 89 88 87 86 85 84 83 82 81 79 78 77 76 75 73 72 71 70 69 68 67 66
107 107 107 107 107 107 107 107 106 106 106 106 106 106 106 106 106 106 106 106 106 106 106 106 106 106 106 106 106 106 106 106 106 105 105 105 105 105 105 105 105 104 104 104 104 104 103 103 103 102 102 102 101 101 101 100 100 99 99 98 98 97 97 96 95 95 94 93 93 92 91 90 89 88 87 86 85 84 83 82 80 79 78 77 75 74 73 72 71 69 68 67 66 65 64
107 107 107 107 107 107 107 107 106 106 106 106 106 106 106 106 106 106 106 106 106 106 106 106 106 106 106 106 106 106 106 105 105 105 105 105 105 105 105 104 104 104 104 104 103 103 103 103 102 102 102 101 101 101 100 100 99 99 98 98 97 96 96 95 94 94 93 92 91 91 90 89 88 87 86 85 84 82 81 80 79 78 76 75 74 73 71 70 69 68 66 65 64 64 -9999
107 107 107 107 107 107 107 106 106 106 106 106 106 106 106 106 106 106 106 106 106 106 106 106 106 106 106 106 106 105 105 105 105 105 105 105 105 105 104 104 104 104 104 103 103 103 103 102 102 102 101 101 100 100 100 99 99 98 97 97 96 96 95 94 94 93 92 91 90 90 89 88 87 86 85 83 82 81 80 79 77 76 75 74 72 71 70 68 67 67 -9999 -9999 -9999 -9999 -9999
107 107 107 107 107 106 106 106 106 106 106 106 106 106 106 106 106 106 106 106 106 106 106 106 106 106 106 106 105 105 105 105 105 105 105 105 105 104 104 104 104 104 103 103 103 103 102 102 102 101 101 100 100 99 99 98 98 97 97 96 96 95 94 93 93 92 91 90 89 89 88 87 85 84 83 82 81 80 78 77 76 75 73 72 71 69 68 68 -9999 -9999 -9999 -9999 -9999 -9999 -9999
107 107 107 107 106 106 106 106 106 106 106 106 106 106 106 106 106 106 106 106 106 106 106 106 106 105 105 105 105 105 105 105 105 105 105 105 104 104 104 104 104 103 103 103 103 102 102 102 101 101 100 100 99 99 98 98 97 97 96 95 95 94 93 93 92 91 90 89 88 87 86 85 84 83 82 81 80 78 77 76 75 73 72 70 69 68 67 -9999 -9999 -9999 -9999 -9999 -9999 -9999 -9999
107 107 107 106 106 106 106 106 106 106 106 106 106 106 106 106 106 106 106 106 106 106 106 105 105 105 105 105 105 105 105 105 105 105 104 104 104 104 104 104 103 103 103 103 102 102 102 101 101 100 100 99 99 98 98 97 97 96 95 95 94 93 93 92 91 90 89 88 87 86 85 84 83 82 81 80 78 77 76 74 73 72 70 69 68 67 -9999 -9999 -9999 -9999 -9999 -9999 -9999 -9999 -9999
107 107 106 106 106 106 106 106 106 106 106 106 106 106 106 106 106 106 106 106 105 105 105 105 105 105 105 105 105 105 105 105 105 104 104 104 104 104 104 103 103 103 102 102 102 102 101 101 100 100 99 99 98 98 97 97 96 95 95 94 93 93 92 91 90 89 88 87 86 85 84 83 82 81 80 78 77 76 74 73 72 70 69 68 67 -9999 -9999 -9999 -9999 -9999 -9999 -9999 -9999 -9999 -9999
106 106 106 106 106 106 106 106 106 106 106 106 106 106 106 106 105 105 105 105 105 105 105 105 105 105 105 105 105 105 105 105 104 104 104 104 104 104 103 103 103 102 102 102 102 101 101 100 100 99 99 98 98 97 97 96 95 95 94 93 93 92 91 90 89 88 87 86 85 84 83 82 81 80 78 77 76 75 73 72 70 69 68 66 -9999 -9999 -9999 -9999 -9999 -9999 -9999 -9999 -9999 -9999 -9999
106 106 106 106 106 106 106 106 106 106 106 106 105 105 105 105 105 105 105 105 105 105 105 105 105 105 105 105 105 105 104 104 104 104 104 104 103 103 103 103 102 102 102 102 101 101 100 100 100 99 99 98 97 97 96 96 95 94 93 93 92 91 90 89 88 87 86 85 84 83 82 81 80 79 77 76 75 73 72 70 69 68 67 -9999 -9999 -9999 -9999 -9999 -9999 -9999 -9999 -9999 -9999 -9999 -9999
106 106 106 106 106 106 106 106 106 105 105 105 105 105 105 105 105 105 105 105 105 105 105 105 105 105 105 105 104 104 104 104 104 104 104 103 103 103 103 103 102 102 102 101 101 100 100 100 99 99 98 97 97 96 96 95 94 94 93 92 91 90 89 88 88 87 86 85 83 82 81 80 79 77 76 75 73 72 71 69 68 67 -9999 -9999 -9999 -9999 -9999 -9999 -9999 -9999 -9999 -9999 -9999 -9999 -9999
106 106 106 106 106 106 105 105 105 105 105 105 105 105 105 105 105 105 105 105 105 105 105 105 105 105 105 104 104 104 104 104 104 104 103 103 103 103 103 102 102 102 101 101 101 100 100 99 99 98 98 97 96 96 95 94 94 93 92 91 90 90 89 88 87 86 85 84 82 81 80 79 78 76 75 74 72 71 69 68 68 -9999 -9999 -9999 -9999 -9999 -9999 -9999 -9999 -9999 -9999 -9999 -9999 -9999 -9999
106 106 106 105 105 105 105 105 105 105 105 105 105 105 105 105 105 105 105 105 105 105 105 105 104 104 104 104 104 104 104 104 104 103 103 103 103 103 102 102 102 101 101 101 100 100 99 99 98 98 97 97 96 95 95 94 93 92 91 91 90 89 88 87 86 85 84 83 82 80 79 78 77 75 74 73 71 70 69 -9999 -9999 -9999 -9999 -9999 -9999 -9999 -9999 -9999 -9999 -9999 -9999 -9999 -9999 -9999 -9999
105 105 105 105 105 105 105 105 105 105 105 105 105 105 105 105 105 105 105 105 105 105 104 104 104 104 104 104 104 104 104 103 103 103 103 103 102 102 102 102 101 101 101 100 100 99 99 98 98 97 97 96 95 95 94 93 93 92 91 90 89 88 87 86 85 84 83 82 81 79 78 77 76 74 73 72 71 70 -9999 -9999 -9999 -9999 -9999 -9999 -9999 -9999 -9999 -9999 -9999 -9999 -9999 -9999 -9999 -9999 -9999
105 105 105 105 105 105 105 105 105 105 105 105 105 105 105 105 105 105 104 104 104 104 104 104 104 104 104 104 104 104 103 103 103 103 103 102 102 102 102 101 101 101 100 100 99 99 99 98 97 97 96 96 95 94 93 93 92 91 90 89 88 87 86 85 84 83 82 81 80 78 77 76 75 73 72 71 -9999 -9999 -9999 -9999 -9999 -9999 -9999 -9999 -9999 -9999 -9999 -9999 -9999 -9999 -9999 -9999 -9999 -9999 -9999
105 105 105 105 105 105 105 105 105 105 105 105 105 104 104 104 104 104 104 104 104 104 104 104 104 104 104 104 104 103 103 103 103 103 102 102 102 102 101 101 101 100 100 100 99 99 98 98 97 96 96 95 94 94 93 92 91 90 90 89 88 87 86 85 84 82 81 80 79 78 76 75 74 73 71 -9999 -9999 -9999 -9999 -9999 -9999 -9999 -9999 -9999 -9999 -9999 -9999 -9999 -9999 -9999 -9999 -9999 -9999 -9999 -9999
105 105 105 105 105 105 105 104 104 104 104 104 104 104 104 104 104 104 104 104 104 104 104 104 104 104 104 103 103 103 103 103 103 102 102 102 102 101 101 101 100 100 100 99 99 98 98 97 97 96 95 95 94 93 92 92 91 90 89 88 87 86 85 84 83 82 80 79 78 77 76 -9999 -9999 -9999 -9999 -9999 -9999 -9999 -9999 -9999 -9999 -9999 -9999 -9999 -9999 -9999 -9999 -9999 -9999 -9999 -9999 -9999 -9999 -9999 -9999
105 105 104 104 104 104 104 104 104 104 104 104 104 104 104 104 104 104 104 104 104 104 104 104 104 103 103 103 103 103 103 103 102 102 102 102 101 101 101 101 100 100 99 99 98 98 97 97 96 96 95 94 93 93 92 91 90 89 88 87 86 85 84 83 82 81 80 78 77 76 -9999 -9999 -9999 -9999 -9999 -9999 -9999 -9999 -9999 -9999 -9999 -9999 -9999 -9999 -9999 -9999 -9999 -9999 -9999 -9999 -9999 -9999 -9999 -9999 -9999
104 104 104 104 104 104 104 104 104 104 104 104 104 104 104 104 104 104 104 104 104 104 103 103 103 103 103 103 103 103 103 102 102 102 102 101 101 101 101 100 100 99 99 99 98 98 97 96 96 95 94 94 93 92 91 91 90 89 88 87 86 85 84 82 81 80 79 78 77 -9999 -9999 -9999 -9999 -9999 -9999 -9999 -9999 -9999 -9999 -9999 -9999 -9999 -9999 -9999 -9999 -9999 -9999 -9999 -9999 -9999 -9999 -9999 -9999 -9999 -9999
104 104 104 104 104 104 104 104 104 104 104 104 104 104 104 104 104 104 104 103 103 103 103 103 103 103 103 103 103 102 102 102 102 102 101 101 101 101 100 100 100 99 99 98 98 97 97 96 95 95 94 93 93 92 91 90 89 88 87 86 85 84 83 82 81 79 78 78 -9999 -9999 -9999 -9999 -9999 -9999 -9999 -9999 -9999 -9999 -9999 -9999 -9999 -9999 -9999 -9999 -9999 -9999 -9999 -9999 -9999 -9999 -9999 -9999 -9999 -9999 -9999
104 104 104 104 104 104 104 104 104 104 104 104 104 103 103 103 103 103 103 103 103 103 103 103 103 103 103 103 102 102 102 102 102 101 101 101 101 100 100 100 99 99 98 98 97 97 96 96 95 94 94 93 92 91 90 90 89 88 87 86 85 83 82 81 80 79 78 -9999 -9999 -9999 -9999 -9999 -9999 -9999 -9999 -9999 -9999 -9999 -9999 -9999 -9999 -9999 -9999 -9999 -9999 -9999 -9999 -9999 -9999 -9999 -9999 -9999 -9999 -9999 -9999
104 104 104 103 103 103 103 103 103 103 103 103 103 103 103 103 103 103 103 103 103 103 103 103 103 103 102 102 102 102 102 102 101 101 101 101 100 100 100 99 99 99 98 98 97 97 96 95 95 94 93 92 92 91 90 89 88 87 86 85 84 83 82 80 79 -9999 -9999 -9999 -9999 -9999 -9999 -9999 -9999 -9999 -9999 -9999 -9999 -9999 -9999 -9999 -9999 -9999 -9999 -9999 -9999 -9999 -9999 -9999 -9999 -9999 -9999 -9999 -9999 -9999 -9999
103 103 103 103 103 103 103 103 103 103 103 103 103 103 103 103 103 103 103 103 103 103 103 103 102 102 102 102 102 102 102 101 101 101 101 100 100 100 99 99 99 98 98 97 97 96 96 95 94 94 93 92 91 90 90 89 88 87 86 85 83 82 81 80 -9999 -9999 -9999 -9999 -9999 -9999 -9999 -9999 -9999 -9999 -9999 -9999 -9999 -9999 -9999 -9999 -9999 -9999 -9999 -9999 -9999 -9999 -9999 -9999 -9999 -9999 -9999 -9999 -9999 -9999 -9999
103 103 103 103 103 103 103 103 103 103 103 103 103 103 103 103 103 103 103 103 103 102 102 102 102 102 102 102 102 102 101 101 101 101 100 100 100 100 99 99 98 98 98 97 96 96 95 95 94 93 92 92 91 90 89 88 87 86 85 84 83 82 80 80 -9999 -9999 -9999 -9999 -9999 -9999 -9999 -9999 -9999 -9999 -9999 -9999 -9999 -9999 -9999 -9999 -9999 -9999 -9999 -9999 -9999 -9999 -9999 -9999 -9999 -9999 -9999 -9999 -9999 -9999 -9999
103 103 103 103 103 103 103 103 103 103 103 103 103 103 103 103 103 102 102 102 102 102 102 102 102 102 102 102 101 101 101 101 101 100 100 100 100 99 99 99 98 98 97 97 96 96 95 94 94 93 92 91 90 90 89 88 87 86 85 83 82 81 80 -9999 -9999 -9999 -9999 -9999 -9999 -9999 -9999 -9999 -9999 -9999 -9999 -9999 -9999 -9999 -9999 -9999 -9999 -9999 -9999 -9999 -9999 -9999 -9999 -9999 -9999 -9999 -9999 -9999 -9999 -9999 -9999
103 103 103 103 102 102 102 102 102 102 102 102 102 102 102 102 102 102 102 102 102 102 102 102 102 102 102 101 101 101 101 101 100 100 100 100 99 99 99 98 98 97 97 96 96 95 95 94 93 93 92 91 90 89 88 87 86 85 84 83 82 81 -9999 -9999 -9999 -9999 -9999 -9999 -9999 -9999 -9999 -9999 -9999 -9999 -9999 -9999 -9999 -9999 -9999 -9999 -9999 -9999 -9999 -9999 -9999 -9999 -9999 -9999 -9999 -9999 -9999 -9999 -9999 -9999 -9999
102 102 102 102 102 102 102 102 102 102 102 102 102 102 102 102 102 102 102 102 102 102 102 102 102 101 101 101 101 101 101 100 100 100 100 99 99 99 98 98 98 97 97 96 96 95 94 94 93 92 91 91 90 89 88 87 86 85 84 83 82 -9999 -9999 -9999 -9999 -9999 -9999 -9999 -9999 -9999 -9999 -9999 -9999 -9999 -9999 -9999 -9999 -9999 -9999 -9999 -9999 -9999 -9999 -9999 -9999 -9999 -9999 -9999 -9999 -9999 -9999 -9999 -9999 -9999 -9999
102 102 102 102 102 102 102 102 102 102 102 102 102 102 102 102 102 102 102 102 102 102 102 101 101 101 101 101 101 101 100 100 100 100 99 99 99 99 98 98 97 97 96 96 95 95 94 93 93 92 91 90 89 88 87 86 85 84 83 82 82 -9999 -9999 -9999 -9999 -9999 -9999 -9999 -9999 -9999 -9999 -9999 -9999 -9999 -9999 -9999 -9999 -9999 -9999 -9999 -9999 -9999 -9999 -9999 -9999 -9999 -9999 -9999 -9999 -9999 -9999 -9999 -9999 -9999 -9999
102 102 102 102 102 102 102 102 102 102 102 102 102 102 102 102 102 102 102 101 101 101 101 101 101 101 101 101 101 100 100 100 100 100 99 99 99 98 98 98 97 97 96 96 95 94 94 93 92 92 91 90 89 88 87 86 85 84 83 82 81 -9999 -9999 -9999 -9999 -9999 -9999 -9999 -9999 -9999 -9999 -9999 -9999 -9999 -9999 -9999 -9999 -9999 -9999 -9999 -9999 -9999 -9999 -9999 -9999 -9999 -9999 -9999 -9999 -9999 -9999 -9999 -9999 -9999 -9999
102 102 102 102 102 102 102 102 102 102 101 101 101 101 101 101 101 101 101 101 101 101 101 101 101 101 101 100 100 100 100 100 100 99 99 99 98 98 98 97 97 96 96 95 95 94 94 93 92 91 90 90 89 88 87 86 85 84 82 82 -9999 -9999 -9999 -9999 -9999 -9999 -9999 -9999 -9999 -9999 -9999 -9999 -9999 -9999 -9999 -9999 -9999 -9999 -9999 -9999 -9999 -9999 -9999 -9999 -9999 -9999 -9999 -9999 -9999 -9999 -9999 -9999 -9999 -9999 -9999
