Artocarpus hirsutus SDM files/Last glacial maximum/Environmental layers/bio2.asc
ncols  625
nrows  721
xllcorner  69.958333335383
yllcorner  5.95833333415099
cellsize 0.041666666667
NODATA_value  -9999
[rows 420 to 461 of 721, columns 95 to 189 of 625]
114 114 114 115 115 116 116 116 116 117 117 117 117 118 118 118 118 119 119 119 119 119 120 120 120 120 120 121 121 121 121 122 122 122 122 123 123 123 123 124 124 124 124 125 125 125 125 126 126 126 126 126 127 127 127 127 127 127 128 128 128 128 128 128 128 128 128 128 128 128 127 127 127 127 127 127 126 126 126 125 125 125 124 124 124 123 123 123 122 122 122 121 121 121 120
114 114 114 115 115 115 116 116 116 117 117 117 117 118 118 118 118 119 119 119 119 119 120 120 120 120 120 121 121 121 121 122 122 122 122 123 123 123 123 124 124 124 124 125 125 125 125 126 126 126 126 126 126 127 127 127 127 127 127 127 128 128 128 128 128 128 128 128 127 127 127 127 127 127 127 126 126 126 125 125 125 124 124 124 123 123 123 122 122 122 121 121 120 120 120
113 114 114 115 115 115 116 116 116 117 117 117 117 118 118 118 118 118 119 119 119 119 119 120 120 120 120 121 121 121 121 122 122 122 122 123 123 123 123 124 124 124 124 124 125 125 125 125 126 126 126 126 126 127 127 127 127 127 127 127 127 127 127 127 127 127 127 127 127 127 127 127 127 126 126 126 126 125 125 125 124 124 124 123 123 123 122 122 122 121 121 120 120 120 119
113 114 114 114 115 115 116 116 116 116 117 117 117 117 118 118 118 118 119 119 119 119 119 120 120 120 120 121 121 121 121 121 122 122 122 122 123 123 123 123 124 124 124 124 125 125 125 125 125 126 126 126 126 126 127 127 127 127 127 127 127 127 127 127 127 127 127 127 127 127 127 127 126 126 126 126 125 125 125 125 124 124 123 123 123 122 122 122 121 121 120 120 120 119 119
113 113 114 114 115 115 115 116 116 116 117 117 117 117 118 118 118 118 119 119 119 119 119 120 120 120 120 120 121 121 121 121 122 122 122 122 123 123 123 123 124 124 124 124 125 125 125 125 125 126 126 126 126 126 126 127 127 127 127 127 127 127 127 127 127 127 127 127 127 127 127 126 126 126 126 125 125 125 125 124 124 124 123 123 122 122 122 121 121 120 120 120 119 119 119
113 113 114 114 115 115 115 116 116 116 116 117 117 117 118 118 118 118 118 119 119 119 119 120 120 120 120 120 121 121 121 121 122 122 122 122 123 123 123 123 124 124 124 124 124 125 125 125 125 125 126 126 126 126 126 126 126 127 127 127 127 127 127 127 127 127 127 127 127 126 126 126 126 126 126 125 125 125 124 124 124 123 123 122 122 122 121 121 120 120 120 119 119 119 118
113 113 114 114 114 115 115 115 116 116 116 117 117 117 117 118 118 118 118 119 119 119 119 119 120 120 120 120 121 121 121 121 122 122 122 122 122 123 123 123 123 124 124 124 124 125 125 125 125 125 125 126 126 126 126 126 126 126 127 127 127 127 127 127 127 127 127 127 126 126 126 126 126 126 125 125 125 124 124 124 123 123 123 122 122 121 121 121 120 120 119 119 119 118 118
112 113 113 114 114 115 115 115 116 116 116 117 117 117 117 118 118 118 118 119 119 119 119 119 120 120 120 120 121 121 121 121 121 122 122 122 122 123 123 123 123 124 124 124 124 124 125 125 125 125 125 126 126 126 126 126 126 126 126 126 126 127 127 127 127 126 126 126 126 126 126 126 126 125 125 125 124 124 124 123 123 123 122 122 121 121 121 120 120 119 119 119 118 118 118
112 113 113 114 114 114 115 115 116 116 116 116 117 117 117 118 118 118 118 118 119 119 119 119 120 120 120 120 120 121 121 121 121 122 122 122 122 123 123 123 123 123 124 124 124 124 125 125 125 125 125 125 126 126 126 126 126 126 126 126 126 126 126 126 126 126 126 126 126 126 126 125 125 125 125 124 124 124 124 123 123 122 122 122 121 121 120 120 119 119 119 118 118 118 117
112 112 113 113 114 114 115 115 115 116 116 116 117 117 117 117 118 118 118 118 119 119 119 119 119 120 120 120 120 121 121 121 121 122 122 122 122 122 123 123 123 123 124 124 124 124 124 125 125 125 125 125 125 126 126 126 126 126 126 126 126 126 126 126 126 126 126 126 126 126 125 125 125 125 125 124 124 124 123 123 122 122 122 121 121 120 120 120 119 119 118 118 118 117 117
112 112 113 113 114 114 114 115 115 116 116 116 117 117 117 117 118 118 118 118 119 119 119 119 119 120 120 120 120 121 121 121 121 121 122 122 122 122 123 123 123 123 124 124 124 124 124 124 125 125 125 125 125 125 126 126 126 126 126 126 126 126 126 126 126 126 126 126 126 125 125 125 125 125 124 124 124 123 123 123 122 122 121 121 121 120 120 119 119 118 118 118 117 117 117
111 112 112 113 113 114 114 115 115 115 116 116 116 117 117 117 118 118 118 118 118 119 119 119 119 120 120 120 120 120 121 121 121 121 122 122 122 122 123 123 123 123 123 124 124 124 124 124 125 125 125 125 125 125 125 126 126 126 126 126 126 126 126 126 126 126 126 126 125 125 125 125 125 124 124 124 123 123 123 122 122 122 121 121 120 120 119 119 119 118 118 117 117 117 116
111 112 112 113 113 114 114 115 115 115 116 116 116 117 117 117 117 118 118 118 118 119 119 119 119 119 120 120 120 120 121 121 121 121 122 122 122 122 122 123 123 123 123 123 124 124 124 124 124 125 125 125 125 125 125 125 125 126 126 126 126 126 126 126 126 126 125 125 125 125 125 125 124 124 124 124 123 123 122 122 122 121 121 120 120 120 119 119 118 118 117 117 117 116 116
111 111 112 112 113 113 114 114 115 115 115 116 116 116 117 117 117 118 118 118 118 118 119 119 119 119 120 120 120 120 121 121 121 121 121 122 122 122 122 123 123 123 123 123 124 124 124 124 124 124 125 125 125 125 125 125 125 125 125 125 126 126 126 125 125 125 125 125 125 125 125 124 124 124 124 123 123 123 122 122 121 121 121 120 120 119 119 118 118 118 117 117 116 116 116
110 111 112 112 113 113 114 114 115 115 115 116 116 116 117 117 117 117 118 118 118 118 119 119 119 119 119 120 120 120 120 121 121 121 121 122 122 122 122 122 123 123 123 123 123 124 124 124 124 124 124 125 125 125 125 125 125 125 125 125 125 125 125 125 125 125 125 125 125 125 124 124 124 124 123 123 123 122 122 122 121 121 120 120 119 119 119 118 118 117 117 116 116 116 115
110 111 111 112 112 113 113 114 114 115 115 115 116 116 116 117 117 117 118 118 118 118 118 119 119 119 119 120 120 120 120 121 121 121 121 121 122 122 122 122 123 123 123 123 123 124 124 124 124 124 124 124 125 125 125 125 125 125 125 125 125 125 125 125 125 125 125 125 125 124 124 124 124 123 123 123 122 122 122 121 121 120 120 120 119 119 118 118 117 117 116 116 116 115 115
110 110 111 112 112 113 113 114 114 115 115 115 116 116 116 117 117 117 117 118 118 118 118 119 119 119 119 119 120 120 120 120 121 121 121 121 122 122 122 122 122 123 123 123 123 123 124 124 124 124 124 124 124 125 125 125 125 125 125 125 125 125 125 125 125 125 125 125 124 124 124 124 123 123 123 123 122 122 121 121 121 120 120 119 119 118 118 117 117 117 116 116 115 115 115
109 110 111 111 112 112 113 113 114 114 115 115 115 116 116 116 117 117 117 118 118 118 118 118 119 119 119 119 120 120 120 120 121 121 121 121 121 122 122 122 122 123 123 123 123 123 123 124 124 124 124 124 124 124 125 125 125 125 125 125 125 125 125 125 125 125 124 124 124 124 124 124 123 123 123 122 122 122 121 121 120 120 119 119 119 118 118 117 117 116 116 115 115 115 114
109 110 110 111 112 112 113 113 114 114 114 115 115 116 116 116 117 117 117 117 118 118 118 118 119 119 119 119 119 120 120 120 120 121 121 121 121 122 122 122 122 122 123 123 123 123 123 123 124 124 124 124 124 124 124 124 125 125 125 125 125 125 125 125 124 124 124 124 124 124 124 123 123 123 122 122 122 121 121 121 120 120 119 119 118 118 117 117 116 116 116 115 115 114 114
108 109 110 111 111 112 112 113 113 114 114 115 115 115 116 116 116 117 117 117 117 118 118 118 118 119 119 119 119 120 120 120 120 120 121 121 121 121 122 122 122 122 122 123 123 123 123 123 123 124 124 124 124 124 124 124 124 124 124 124 124 124 124 124 124 124 124 124 124 124 123 123 123 123 122 122 122 121 121 120 120 119 119 119 118 118 117 117 116 116 115 115 114 114 114
108 109 110 110 111 111 112 113 113 114 114 114 115 115 116 116 116 116 117 117 117 118 118 118 118 118 119 119 119 119 120 120 120 120 121 121 121 121 121 122 122 122 122 122 123 123 123 123 123 123 124 124 124 124 124 124 124 124 124 124 124 124 124 124 124 124 124 124 124 123 123 123 123 122 122 122 121 121 120 120 120 119 119 118 118 117 117 116 116 115 115 115 114 114 113
108 108 109 110 111 111 112 112 113 113 114 114 115 115 115 116 116 116 117 117 117 117 118 118 118 118 119 119 119 119 119 120 120 120 120 121 121 121 121 122 122 122 122 122 123 123 123 123 123 123 123 124 124 124 124 124 124 124 124 124 124 124 124 124 124 124 124 123 123 123 123 123 122 122 122 121 121 121 120 120 119 119 118 118 118 117 117 116 116 115 115 114 114 113 113
107 108 109 109 110 111 111 112 113 113 114 114 114 115 115 115 116 116 116 117 117 117 117 118 118 118 118 119 119 119 119 120 120 120 120 120 121 121 121 121 122 122 122 122 122 123 123 123 123 123 123 123 124 124 124 124 124 124 124 124 124 124 124 124 124 124 123 123 123 123 123 122 122 122 122 121 121 120 120 120 119 119 118 118 117 117 116 116 115 115 114 114 114 113 113
107 107 108 109 110 110 111 112 112 113 113 114 114 115 115 115 116 116 116 116 117 117 117 117 118 118 118 118 119 119 119 119 120 120 120 120 121 121 121 121 121 122 122 122 122 122 123 123 123 123 123 123 123 123 124 124 124 124 124 124 124 124 124 124 123 123 123 123 123 123 122 122 122 122 121 121 121 120 120 119 119 118 118 117 117 117 116 116 115 115 114 114 113 113 113
106 107 108 109 109 110 111 111 112 112 113 113 114 114 115 115 115 116 116 116 117 117 117 117 118 118 118 118 118 119 119 119 119 120 120 120 120 121 121 121 121 121 122 122 122 122 122 123 123 123 123 123 123 123 123 123 123 124 124 124 124 123 123 123 123 123 123 123 123 122 122 122 122 121 121 121 120 120 119 119 119 118 118 117 117 116 116 115 115 114 114 114 113 113 112
106 107 107 108 109 110 110 111 112 112 113 113 114 114 114 115 115 115 116 116 116 117 117 117 117 118 118 118 118 118 119 119 119 119 120 120 120 120 121 121 121 121 121 122 122 122 122 122 122 123 123 123 123 123 123 123 123 123 123 123 123 123 123 123 123 123 123 123 122 122 122 122 121 121 121 120 120 120 119 119 118 118 117 117 117 116 116 115 115 114 114 113 113 112 112
105 106 107 108 108 109 110 111 111 112 112 113 113 114 114 114 115 115 115 116 116 116 117 117 117 117 118 118 118 118 119 119 119 119 119 120 120 120 120 121 121 121 121 121 122 122 122 122 122 122 123 123 123 123 123 123 123 123 123 123 123 123 123 123 123 123 123 122 122 122 122 121 121 121 121 120 120 119 119 119 118 118 117 117 116 116 115 115 114 114 113 113 113 112 112
105 106 106 107 108 109 109 110 111 111 112 112 113 113 114 114 115 115 115 115 116 116 116 117 117 117 117 118 118 118 118 119 119 119 119 120 120 120 120 120 121 121 121 121 121 122 122 122 122 122 122 122 123 123 123 123 123 123 123 123 123 123 123 123 123 122 122 122 122 122 122 121 121 121 120 120 120 119 119 118 118 117 117 116 116 116 115 115 114 114 113 113 112 112 112
104 105 106 107 108 108 109 110 110 111 112 112 113 113 113 114 114 115 115 115 116 116 116 116 117 117 117 117 118 118 118 118 119 119 119 119 120 120 120 120 120 121 121 121 121 121 122 122 122 122 122 122 122 122 123 123 123 123 123 123 123 123 123 122 122 122 122 122 122 122 121 121 121 120 120 120 119 119 119 118 118 117 117 116 116 115 115 114 114 113 113 113 112 112 111
103 104 105 106 107 108 109 109 110 111 111 112 112 113 113 114 114 114 115 115 115 116 116 116 116 117 117 117 117 118 118 118 118 119 119 119 119 120 120 120 120 120 121 121 121 121 121 122 122 122 122 122 122 122 122 122 122 122 122 122 122 122 122 122 122 122 122 122 121 121 121 121 120 120 120 119 119 119 118 118 117 117 116 116 116 115 115 114 114 113 113 112 112 111 111
103 104 105 106 107 107 108 109 110 110 111 111 112 112 113 113 114 114 114 115 115 115 115 116 116 116 117 117 117 117 118 118 118 118 119 119 119 119 120 120 120 120 120 121 121 121 121 121 121 122 122 122 122 122 122 122 122 122 122 122 122 122 122 122 122 122 122 121 121 121 121 121 120 120 120 119 119 118 118 118 117 117 116 116 115 115 114 114 113 113 113 112 112 111 111
102 103 104 105 106 107 108 108 109 110 110 111 111 112 112 113 113 114 114 114 115 115 115 115 116 116 116 117 117 117 117 118 118 118 118 119 119 119 119 120 120 120 120 120 121 121 121 121 121 121 121 122 122 122 122 122 122 122 122 122 122 122 122 122 122 122 121 121 121 121 121 120 120 120 119 119 119 118 118 117 117 116 116 116 115 115 114 114 113 113 112 112 111 111 111
102 103 104 105 106 106 107 108 109 109 110 111 111 112 112 112 113 113 114 114 114 115 115 115 115 116 116 116 117 117 117 117 118 118 118 118 119 119 119 119 119 120 120 120 120 120 121 121 121 121 121 121 121 122 122 122 122 122 122 122 122 122 122 121 121 121 121 121 121 121 120 120 120 119 119 119 118 118 118 117 117 116 116 115 115 114 114 113 113 113 112 112 111 111 111
101 102 103 104 105 106 107 107 108 109 110 110 111 111 112 112 113 113 113 114 114 114 115 115 115 115 116 116 116 116 117 117 117 118 118 118 118 119 119 119 119 119 120 120 120 120 120 121 121 121 121 121 121 121 121 121 121 121 121 121 121 121 121 121 121 121 121 121 120 120 120 120 119 119 119 118 118 118 117 117 116 116 116 115 115 114 114 113 113 112 112 111 111 111 110
100 101 103 104 104 105 106 107 108 108 109 110 110 111 111 112 112 113 113 113 114 114 114 114 115 115 115 116 116 116 116 117 117 117 117 118 118 118 118 119 119 119 119 120 120 120 120 120 120 121 121 121 121 121 121 121 121 121 121 121 121 121 121 121 121 121 121 120 120 120 120 119 119 119 119 118 118 117 117 117 116 116 115 115 114 114 113 113 113 112 112 111 111 111 110
100 101 102 103 104 105 106 106 107 108 109 109 110 110 111 111 112 112 112 113 113 114 114 114 114 115 115 115 116 116 116 116 117 117 117 117 118 118 118 118 119 119 119 119 119 120 120 120 120 120 120 121 121 121 121 121 121 121 121 121 121 121 121 121 121 120 120 120 120 120 119 119 119 119 118 118 118 117 117 116 116 116 115 115 114 114 113 113 112 112 112 111 111 110 110
99 100 101 102 103 104 105 106 107 107 108 109 109 110 110 111 111 112 112 112 113 113 113 114 114 114 115 115 115 115 116 116 116 117 117 117 117 118 118 118 118 119 119 119 119 119 120 120 120 120 120 120 120 120 121 121 121 121 121 121 121 121 120 120 120 120 120 120 120 119 119 119 119 118 118 118 117 117 117 116 116 115 115 114 114 114 113 113 112 112 111 111 111 110 110
98 99 101 102 103 104 105 105 106 107 108 108 109 109 110 110 111 111 112 112 112 113 113 113 114 114 114 115 115 115 115 116 116 116 117 117 117 117 118 118 118 118 118 119 119 119 119 119 120 120 120 120 120 120 120 120 120 120 120 120 120 120 120 120 120 120 120 120 119 119 119 119 118 118 118 117 117 117 116 116 115 115 115 114 114 113 113 112 112 112 111 111 110 110 110
97 99 100 101 102 103 104 105 106 106 107 108 108 109 109 110 110 111 111 112 112 112 113 113 113 114 114 114 114 115 115 115 116 116 116 116 117 117 117 117 118 118 118 118 119 119 119 119 119 119 120 120 120 120 120 120 120 120 120 120 120 120 120 120 120 120 119 119 119 119 119 118 118 118 117 117 117 116 116 116 115 115 114 114 114 113 113 112 112 111 111 111 110 110 110
97 98 99 100 101 102 103 104 105 106 106 107 108 108 109 109 110 110 111 111 112 112 112 113 113 113 113 114 114 114 115 115 115 116 116 116 116 117 117 117 117 118 118 118 118 118 119 119 119 119 119 119 119 120 120 120 120 120 120 120 120 120 120 119 119 119 119 119 119 119 118 118 118 118 117 117 117 116 116 115 115 115 114 114 113 113 112 112 112 111 111 110 110 110 109
96 97 99 100 101 102 103 104 104 105 106 107 107 108 108 109 109 110 110 111 111 111 112 112 112 113 113 113 114 114 114 115 115 115 115 116 116 116 117 117 117 117 118 118 118 118 118 118 119 119 119 119 119 119 119 119 119 119 119 119 119 119 119 119 119 119 119 119 118 118 118 118 118 117 117 117 116 116 116 115 115 114 114 114 113 113 112 112 111 111 111 110 110 110 109
95 97 98 99 100 101 102 103 104 105 105 106 107 107 108 108 109 109 110 110 111 111 111 112 112 112 113 113 113 114 114 114 115 115 115 115 116 116 116 116 117 117 117 117 118 118 118 118 118 118 119 119 119 119 119 119 119 119 119 119 119 119 119 119 119 119 118 118 118 118 118 117 117 117 117 116 116 116 115 115 115 114 114 113 113 113 112 112 111 111 111 110 110 109 109
