Artocarpus hirsutus SDM files/Last glacial maximum/Environmental layers/bio2.asc
ncols  625
nrows  721
xllcorner  69.958333335383
yllcorner  5.95833333415099
cellsize 0.041666666667
NODATA_value  -9999
[rows 546 to 587 of 721, columns 190 to 284 of 625]
98 98 98 98 98 98 98 98 98 98 98 98 99 99 99 99 99 99 99 99 99 98 98 98 98 98 98 98 98 97 97 97 96 96 96 95 95 94 94 93 93 92 91 91 90 89 88 88 87 86 85 84 82 81 80 79 78 76 75 73 72 71 69 68 -9999 -9999 -9999 -9999 -9999 -9999 -9999 -9999 -9999 -9999 -9999 -9999 -9999 -9999 -9999 -9999 -9999 -9999 -9999 -9999 -9999 -9999 -9999 -9999 -9999 -9999 -9999 -9999 -9999 -9999 -9999
98 98 98 98 98 98 98 98 98 98 98 99 99 99 99 99 99 99 99 99 99 99 98 98 98 98 98 98 97 97 97 97 96 96 96 95 95 94 94 93 93 92 91 91 90 89 88 87 86 85 84 83 82 81 80 78 77 76 74 73 72 70 69 67 -9999 -9999 -9999 -9999 -9999 -9999 -9999 -9999 -9999 -9999 -9999 -9999 -9999 -9999 -9999 -9999 -9999 -9999 -9999 -9999 -9999 -9999 -9999 -9999 -9999 -9999 -9999 -9999 -9999 -9999 -9999
98 98 98 98 98 98 98 98 98 98 99 99 99 99 99 99 99 99 99 99 99 99 98 98 98 98 98 98 97 97 97 97 96 96 96 95 95 94 94 93 92 92 91 90 90 89 88 87 86 85 84 83 82 81 79 78 77 75 74 73 71 70 68 67 -9999 -9999 -9999 -9999 -9999 -9999 -9999 -9999 -9999 -9999 -9999 -9999 -9999 -9999 -9999 -9999 -9999 -9999 -9999 -9999 -9999 -9999 -9999 -9999 -9999 -9999 -9999 -9999 -9999 -9999 -9999
98 98 98 98 98 98 98 98 98 99 99 99 99 99 99 99 99 99 99 99 99 99 99 98 98 98 98 98 97 97 97 97 96 96 95 95 95 94 93 93 92 92 91 90 89 88 88 87 86 85 84 83 81 80 79 78 76 75 74 72 71 69 68 66 -9999 -9999 -9999 -9999 -9999 -9999 -9999 -9999 -9999 -9999 -9999 -9999 -9999 -9999 -9999 -9999 -9999 -9999 -9999 -9999 -9999 -9999 -9999 -9999 -9999 -9999 -9999 -9999 -9999 -9999 -9999
98 98 98 98 98 98 98 98 98 99 99 99 99 99 99 99 99 99 99 99 99 99 99 98 98 98 98 98 97 97 97 96 96 96 95 95 94 94 93 93 92 91 91 90 89 88 87 86 85 84 83 82 81 80 79 77 76 75 73 72 70 69 67 66 65 -9999 -9999 -9999 -9999 -9999 -9999 -9999 -9999 -9999 -9999 -9999 -9999 -9999 -9999 -9999 -9999 -9999 -9999 -9999 -9999 -9999 -9999 -9999 -9999 -9999 -9999 -9999 -9999 -9999 -9999
98 98 98 98 98 98 98 98 99 99 99 99 99 99 99 99 99 99 99 99 99 99 99 98 98 98 98 98 97 97 97 96 96 96 95 95 94 94 93 92 92 91 90 90 89 88 87 86 85 84 83 82 81 79 78 77 75 74 73 71 70 68 67 65 64 -9999 -9999 -9999 -9999 -9999 -9999 -9999 -9999 -9999 -9999 -9999 -9999 -9999 -9999 -9999 -9999 -9999 -9999 -9999 -9999 -9999 -9999 -9999 -9999 -9999 -9999 -9999 -9999 -9999 -9999
98 98 98 98 98 98 98 98 99 99 99 99 99 99 99 99 99 99 99 99 99 99 98 98 98 98 98 98 97 97 97 96 96 95 95 94 94 93 93 92 91 91 90 89 88 87 87 86 85 84 83 81 80 79 78 76 75 73 72 71 69 68 66 64 63 -9999 -9999 58 57 -9999 -9999 -9999 -9999 -9999 -9999 -9999 -9999 -9999 -9999 -9999 -9999 -9999 -9999 -9999 -9999 -9999 -9999 -9999 -9999 -9999 -9999 -9999 -9999 -9999 -9999
98 98 98 98 98 98 98 98 99 99 99 99 99 99 99 99 99 99 99 99 99 99 98 98 98 98 98 97 97 97 96 96 96 95 95 94 94 93 93 92 91 90 90 89 88 87 86 85 84 83 82 81 80 78 77 76 74 73 72 70 69 67 65 64 63 -9999 -9999 58 57 -9999 -9999 -9999 -9999 -9999 -9999 -9999 -9999 -9999 -9999 -9999 -9999 -9999 -9999 -9999 -9999 -9999 -9999 -9999 -9999 -9999 -9999 -9999 -9999 -9999 -9999
98 98 98 98 98 98 98 98 99 99 99 99 99 99 99 99 99 99 99 99 99 99 98 98 98 98 98 97 97 97 96 96 96 95 95 94 93 93 92 92 91 90 89 88 88 87 86 85 84 83 82 80 79 78 77 75 74 72 71 69 68 66 65 63 62 -9999 -9999 -9999 -9999 -9999 -9999 -9999 -9999 -9999 -9999 -9999 -9999 -9999 -9999 -9999 -9999 -9999 -9999 -9999 -9999 -9999 -9999 -9999 -9999 -9999 -9999 -9999 -9999 -9999 -9999
98 98 98 98 98 98 98 98 99 99 99 99 99 99 99 99 99 99 99 99 99 98 98 98 98 98 97 97 97 97 96 96 95 95 94 94 93 93 92 91 91 90 89 88 87 86 85 84 83 82 81 80 79 77 76 75 73 72 70 69 67 66 64 62 61 -9999 -9999 -9999 -9999 -9999 -9999 -9999 -9999 -9999 -9999 -9999 -9999 -9999 -9999 -9999 -9999 -9999 -9999 -9999 -9999 -9999 -9999 -9999 -9999 -9999 -9999 -9999 -9999 -9999 -9999
98 98 98 98 98 98 98 98 98 99 99 99 99 99 99 99 99 99 99 99 99 98 98 98 98 98 97 97 97 96 96 96 95 95 94 94 93 92 92 91 90 89 89 88 87 86 85 84 83 82 80 79 78 77 75 74 73 71 70 68 66 65 63 62 60 59 -9999 -9999 -9999 -9999 -9999 -9999 -9999 -9999 -9999 -9999 -9999 -9999 -9999 -9999 -9999 -9999 -9999 -9999 -9999 -9999 -9999 -9999 -9999 -9999 -9999 -9999 -9999 -9999 -9999
97 98 98 98 98 98 98 98 98 99 99 99 99 99 99 99 99 99 99 99 98 98 98 98 98 97 97 97 97 96 96 95 95 94 94 93 93 92 91 91 90 89 88 87 86 85 84 83 82 81 80 79 77 76 75 73 72 70 69 67 66 64 63 61 59 58 -9999 -9999 -9999 -9999 -9999 -9999 -9999 -9999 -9999 -9999 -9999 -9999 -9999 -9999 -9999 -9999 -9999 -9999 -9999 -9999 -9999 -9999 -9999 -9999 -9999 -9999 -9999 -9999 -9999
97 98 98 98 98 98 98 98 98 98 99 99 99 99 99 99 99 99 99 98 98 98 98 98 98 97 97 97 96 96 96 95 95 94 94 93 92 92 91 90 89 89 88 87 86 85 84 83 82 81 79 78 77 75 74 73 71 70 68 67 65 63 62 60 59 57 -9999 -9999 -9999 -9999 -9999 -9999 -9999 -9999 -9999 -9999 -9999 -9999 -9999 -9999 -9999 -9999 -9999 -9999 -9999 -9999 -9999 -9999 -9999 -9999 -9999 -9999 -9999 -9999 -9999
97 97 98 98 98 98 98 98 98 98 98 99 99 99 99 99 99 99 98 98 98 98 98 98 97 97 97 97 96 96 95 95 94 94 93 93 92 91 91 90 89 88 87 86 85 84 83 82 81 80 79 77 76 75 73 72 70 69 67 66 64 63 61 59 58 56 -9999 -9999 -9999 -9999 -9999 -9999 -9999 -9999 -9999 -9999 -9999 -9999 -9999 -9999 -9999 -9999 -9999 -9999 -9999 -9999 -9999 -9999 -9999 -9999 -9999 -9999 -9999 -9999 -9999
97 97 98 98 98 98 98 98 98 98 98 98 99 99 99 99 98 98 98 98 98 98 98 98 97 97 97 96 96 96 95 95 94 94 93 92 92 91 90 89 89 88 87 86 85 84 83 82 81 79 78 77 75 74 73 71 70 68 67 65 63 62 60 59 57 56 54 52 -9999 -9999 -9999 -9999 -9999 -9999 -9999 -9999 -9999 -9999 -9999 -9999 -9999 -9999 -9999 -9999 -9999 -9999 -9999 -9999 -9999 -9999 -9999 -9999 -9999 -9999 -9999
97 97 97 98 98 98 98 98 98 98 98 98 98 98 98 98 98 98 98 98 98 98 98 97 97 97 97 96 96 95 95 94 94 93 93 92 91 91 90 89 88 87 86 85 84 83 82 81 80 79 77 76 75 73 72 71 69 67 66 64 63 61 59 58 56 55 -9999 -9999 -9999 -9999 -9999 -9999 -9999 -9999 -9999 -9999 -9999 -9999 -9999 -9999 -9999 -9999 -9999 -9999 -9999 -9999 -9999 -9999 -9999 -9999 -9999 -9999 -9999 -9999 -9999
97 97 97 97 98 98 98 98 98 98 98 98 98 98 98 98 98 98 98 98 98 98 97 97 97 97 96 96 96 95 95 94 94 93 92 92 91 90 89 89 88 87 86 85 84 83 82 81 79 78 77 76 74 73 71 70 68 67 65 64 62 60 59 57 55 54 53 -9999 -9999 -9999 -9999 -9999 -9999 -9999 -9999 -9999 -9999 -9999 -9999 -9999 -9999 -9999 -9999 -9999 -9999 -9999 -9999 -9999 -9999 -9999 -9999 -9999 -9999 -9999 -9999
97 97 97 97 97 98 98 98 98 98 98 98 98 98 98 98 98 98 98 98 98 97 97 97 97 96 96 96 95 95 94 94 93 93 92 91 91 90 89 88 87 86 85 84 83 82 81 80 79 77 76 75 73 72 71 69 67 66 64 63 61 59 58 56 55 53 -9999 -9999 -9999 -9999 -9999 -9999 -9999 -9999 -9999 -9999 -9999 -9999 -9999 -9999 -9999 -9999 -9999 -9999 -9999 -9999 -9999 -9999 -9999 -9999 -9999 -9999 -9999 -9999 -9999
97 97 97 97 97 97 98 98 98 98 98 98 98 98 98 98 98 98 98 98 97 97 97 97 97 96 96 95 95 95 94 93 93 92 92 91 90 89 89 88 87 86 85 84 83 82 81 79 78 77 76 74 73 71 70 68 67 65 64 62 60 59 57 55 54 54 -9999 -9999 -9999 -9999 -9999 -9999 -9999 -9999 -9999 -9999 -9999 -9999 -9999 -9999 -9999 -9999 -9999 -9999 -9999 -9999 -9999 -9999 -9999 -9999 -9999 -9999 -9999 -9999 -9999
97 97 97 97 97 97 97 98 98 98 98 98 98 98 98 98 98 98 98 97 97 97 97 97 96 96 96 95 95 94 94 93 93 92 91 90 90 89 88 87 86 85 84 83 82 81 80 79 77 76 75 74 72 71 69 68 66 64 63 61 59 58 56 55 53 -9999 -9999 -9999 -9999 -9999 -9999 -9999 -9999 -9999 -9999 -9999 -9999 -9999 -9999 -9999 -9999 -9999 -9999 -9999 -9999 -9999 -9999 -9999 -9999 -9999 -9999 -9999 -9999 -9999 -9999
97 97 97 97 97 97 97 97 98 98 98 98 98 98 98 98 98 98 97 97 97 97 97 96 96 96 95 95 94 94 93 93 92 92 91 90 89 88 88 87 86 85 84 83 82 81 79 78 77 76 74 73 71 70 68 67 65 64 62 60 59 57 55 54 53 -9999 -9999 -9999 -9999 -9999 -9999 -9999 -9999 -9999 -9999 -9999 -9999 -9999 -9999 -9999 -9999 -9999 -9999 -9999 -9999 -9999 -9999 -9999 -9999 -9999 -9999 -9999 -9999 -9999 -9999
96 96 97 97 97 97 97 97 97 97 97 98 98 98 98 98 97 97 97 97 97 97 96 96 96 95 95 95 94 94 93 93 92 91 90 90 89 88 87 86 85 84 83 82 81 80 79 78 76 75 74 72 71 69 68 66 64 63 61 60 58 56 55 -9999 -9999 -9999 -9999 -9999 -9999 -9999 -9999 -9999 -9999 -9999 -9999 -9999 -9999 -9999 -9999 -9999 -9999 -9999 -9999 -9999 -9999 -9999 -9999 -9999 -9999 -9999 -9999 -9999 -9999 -9999 -9999
96 96 96 97 97 97 97 97 97 97 97 97 97 97 97 97 97 97 97 97 97 96 96 96 96 95 95 94 94 93 93 92 92 91 90 89 88 88 87 86 85 84 83 82 81 79 78 77 76 74 73 72 70 68 67 65 64 62 60 59 57 56 55 -9999 -9999 -9999 -9999 -9999 -9999 -9999 -9999 -9999 -9999 -9999 -9999 -9999 -9999 -9999 -9999 -9999 -9999 -9999 -9999 -9999 -9999 -9999 -9999 -9999 -9999 -9999 -9999 -9999 -9999 -9999 -9999
96 96 96 96 97 97 97 97 97 97 97 97 97 97 97 97 97 97 97 97 96 96 96 96 95 95 95 94 94 93 92 92 91 90 90 89 88 87 86 85 84 83 82 81 80 79 78 76 75 74 72 71 69 68 66 65 63 61 60 58 57 -9999 -9999 -9999 -9999 -9999 -9999 -9999 -9999 -9999 -9999 -9999 -9999 -9999 -9999 -9999 -9999 -9999 -9999 -9999 -9999 -9999 -9999 -9999 -9999 -9999 -9999 -9999 -9999 -9999 -9999 -9999 -9999 -9999 -9999
96 96 96 96 96 96 97 97 97 97 97 97 97 97 97 97 97 97 97 96 96 96 96 95 95 95 94 94 93 93 92 91 91 90 89 88 88 87 86 85 84 83 82 81 80 78 77 76 74 73 72 70 69 67 66 64 62 61 59 -9999 -9999 -9999 -9999 -9999 -9999 -9999 -9999 -9999 -9999 -9999 -9999 -9999 -9999 -9999 -9999 -9999 -9999 -9999 -9999 -9999 -9999 -9999 -9999 -9999 -9999 -9999 -9999 -9999 -9999 -9999 -9999 -9999 -9999 -9999 -9999
96 96 96 96 96 96 96 96 97 97 97 97 97 97 97 97 97 96 96 96 96 96 95 95 95 94 94 93 93 92 92 91 90 90 89 88 87 86 85 84 83 82 81 80 79 78 76 75 74 72 71 70 68 66 65 63 62 60 60 -9999 -9999 -9999 -9999 -9999 -9999 -9999 -9999 -9999 -9999 -9999 -9999 -9999 -9999 -9999 -9999 -9999 -9999 -9999 -9999 -9999 -9999 -9999 -9999 -9999 -9999 -9999 -9999 -9999 -9999 -9999 -9999 -9999 -9999 -9999 -9999
95 95 96 96 96 96 96 96 96 96 96 96 97 96 96 96 96 96 96 96 96 95 95 95 94 94 94 93 93 92 91 91 90 89 89 88 87 86 85 84 83 82 81 80 78 77 76 75 73 72 70 69 67 66 64 63 61 61 -9999 -9999 -9999 -9999 -9999 -9999 -9999 -9999 -9999 -9999 -9999 -9999 -9999 -9999 -9999 -9999 -9999 -9999 -9999 -9999 -9999 -9999 -9999 -9999 -9999 -9999 -9999 -9999 -9999 -9999 -9999 -9999 -9999 -9999 -9999 -9999 -9999
95 95 95 96 96 96 96 96 96 96 96 96 96 96 96 96 96 96 96 96 95 95 95 95 94 94 93 93 92 92 91 90 90 89 88 87 86 86 85 84 83 81 80 79 78 77 75 74 73 71 70 68 67 65 65 62 -9999 -9999 -9999 -9999 -9999 -9999 -9999 -9999 -9999 -9999 -9999 -9999 -9999 -9999 -9999 -9999 -9999 -9999 -9999 -9999 -9999 -9999 -9999 -9999 -9999 -9999 -9999 -9999 -9999 -9999 -9999 -9999 -9999 -9999 -9999 -9999 -9999 -9999 -9999
95 95 95 95 95 96 96 96 96 96 96 96 96 96 96 96 96 96 95 95 95 95 95 94 94 93 93 92 92 91 91 90 89 89 88 87 86 85 84 83 82 81 80 79 77 76 75 74 72 71 69 68 66 65 63 -9999 -9999 -9999 -9999 -9999 -9999 -9999 -9999 -9999 -9999 -9999 -9999 -9999 -9999 -9999 -9999 -9999 -9999 -9999 -9999 -9999 -9999 -9999 -9999 -9999 -9999 -9999 -9999 -9999 -9999 -9999 -9999 -9999 -9999 -9999 -9999 -9999 -9999 -9999 -9999
95 95 95 95 95 95 95 95 96 96 96 96 96 96 96 96 95 95 95 95 95 95 94 94 94 93 93 92 92 91 90 90 89 88 87 86 86 85 84 83 82 81 79 78 77 76 74 73 72 70 69 67 66 64 -9999 -9999 -9999 -9999 -9999 -9999 -9999 -9999 -9999 -9999 -9999 -9999 -9999 -9999 -9999 -9999 -9999 -9999 -9999 -9999 -9999 -9999 -9999 -9999 -9999 -9999 -9999 -9999 -9999 -9999 -9999 -9999 -9999 -9999 -9999 -9999 -9999 -9999 -9999 -9999 -9999
94 94 95 95 95 95 95 95 95 95 95 95 95 95 95 95 95 95 95 95 94 94 94 94 93 93 92 92 91 91 90 89 89 88 87 86 85 84 83 82 81 80 79 78 76 75 74 73 71 70 68 67 65 64 -9999 -9999 -9999 -9999 -9999 -9999 -9999 -9999 -9999 -9999 -9999 -9999 -9999 -9999 -9999 -9999 -9999 -9999 -9999 -9999 -9999 -9999 -9999 -9999 -9999 -9999 -9999 -9999 -9999 -9999 -9999 -9999 -9999 -9999 -9999 -9999 -9999 -9999 -9999 -9999 -9999
94 94 94 94 95 95 95 95 95 95 95 95 95 95 95 95 95 95 95 94 94 94 94 93 93 92 92 91 91 90 90 89 88 87 87 86 85 84 83 82 81 80 78 77 76 75 73 72 71 69 68 66 65 64 -9999 -9999 -9999 -9999 -9999 -9999 -9999 -9999 -9999 -9999 -9999 -9999 -9999 -9999 -9999 -9999 -9999 -9999 -9999 -9999 -9999 -9999 -9999 -9999 -9999 -9999 -9999 -9999 -9999 -9999 -9999 -9999 -9999 -9999 -9999 -9999 -9999 -9999 -9999 -9999 -9999
94 94 94 94 94 94 94 95 95 95 95 95 95 95 95 95 95 94 94 94 94 94 93 93 92 92 92 91 90 90 89 89 88 87 86 85 84 83 82 81 80 79 78 77 76 74 73 72 70 69 67 66 65 -9999 -9999 -9999 -9999 -9999 -9999 -9999 -9999 -9999 -9999 -9999 -9999 -9999 -9999 -9999 -9999 -9999 -9999 -9999 -9999 -9999 -9999 -9999 -9999 -9999 -9999 -9999 -9999 -9999 -9999 -9999 -9999 -9999 -9999 -9999 -9999 -9999 -9999 -9999 -9999 -9999 -9999
93 94 94 94 94 94 94 94 94 94 94 94 94 94 94 94 94 94 94 94 93 93 93 93 92 92 91 91 90 89 89 88 87 87 86 85 84 83 82 81 80 79 78 76 75 74 73 71 70 68 68 -9999 -9999 -9999 -9999 -9999 -9999 -9999 -9999 -9999 -9999 -9999 -9999 -9999 -9999 -9999 -9999 -9999 -9999 -9999 -9999 -9999 -9999 -9999 -9999 -9999 -9999 -9999 -9999 -9999 -9999 -9999 -9999 -9999 -9999 -9999 -9999 -9999 -9999 -9999 -9999 -9999 -9999 -9999 -9999
93 93 93 94 94 94 94 94 94 94 94 94 94 94 94 94 94 94 94 93 93 93 93 92 92 91 91 90 90 89 88 88 87 86 85 84 84 83 82 81 79 78 77 76 75 73 72 71 69 68 -9999 -9999 -9999 -9999 -9999 -9999 -9999 -9999 -9999 -9999 -9999 -9999 -9999 -9999 -9999 -9999 -9999 -9999 -9999 -9999 -9999 -9999 -9999 -9999 -9999 -9999 -9999 -9999 -9999 -9999 -9999 -9999 -9999 -9999 -9999 -9999 -9999 -9999 -9999 -9999 -9999 -9999 -9999 -9999 -9999
93 93 93 93 93 93 94 94 94 94 94 94 94 94 94 94 93 93 93 93 93 92 92 92 91 91 90 90 89 89 88 87 87 86 85 84 83 82 81 80 79 78 77 76 74 73 72 70 69 67 66 -9999 -9999 -9999 -9999 -9999 -9999 -9999 -9999 -9999 -9999 -9999 -9999 -9999 -9999 -9999 -9999 -9999 -9999 -9999 -9999 -9999 -9999 -9999 -9999 -9999 -9999 -9999 -9999 -9999 -9999 -9999 -9999 -9999 -9999 -9999 -9999 -9999 -9999 -9999 -9999 -9999 -9999 -9999 -9999
93 93 93 93 93 93 93 93 93 93 93 93 93 93 93 93 93 93 93 93 92 92 92 91 91 91 90 90 89 88 88 87 86 85 85 84 83 82 81 80 79 78 76 75 74 73 71 70 69 67 66 -9999 -9999 -9999 -9999 -9999 -9999 -9999 -9999 -9999 -9999 -9999 -9999 -9999 -9999 -9999 -9999 -9999 -9999 -9999 -9999 -9999 -9999 -9999 -9999 -9999 -9999 -9999 -9999 -9999 -9999 -9999 -9999 -9999 -9999 -9999 -9999 -9999 -9999 -9999 -9999 -9999 -9999 -9999 -9999
92 92 92 93 93 93 93 93 93 93 93 93 93 93 93 93 93 93 92 92 92 92 91 91 91 90 90 89 89 88 87 87 86 85 84 83 82 82 81 79 78 77 76 75 74 72 71 70 68 67 66 -9999 -9999 -9999 -9999 -9999 -9999 -9999 -9999 -9999 -9999 -9999 -9999 -9999 -9999 -9999 -9999 -9999 -9999 -9999 -9999 -9999 -9999 -9999 -9999 -9999 -9999 -9999 -9999 -9999 -9999 -9999 -9999 -9999 -9999 -9999 -9999 -9999 -9999 -9999 -9999 -9999 -9999 -9999 -9999
92 92 92 92 92 92 92 93 93 93 93 93 93 93 93 93 92 92 92 92 92 91 91 91 90 90 89 89 88 88 87 86 86 85 84 83 82 81 80 79 78 77 76 75 73 72 71 69 68 67 -9999 -9999 -9999 -9999 -9999 -9999 -9999 -9999 -9999 -9999 -9999 -9999 -9999 -9999 -9999 -9999 -9999 -9999 -9999 -9999 -9999 -9999 -9999 -9999 -9999 -9999 -9999 -9999 -9999 -9999 -9999 -9999 -9999 -9999 -9999 -9999 -9999 -9999 -9999 -9999 -9999 -9999 -9999 -9999 -9999
92 92 92 92 92 92 92 92 92 92 92 92 92 92 92 92 92 92 92 91 91 91 91 90 90 89 89 88 88 87 87 86 85 84 84 83 82 81 80 79 78 77 75 74 73 72 70 69 68 67 -9999 -9999 -9999 -9999 -9999 -9999 -9999 -9999 -9999 -9999 -9999 -9999 -9999 -9999 -9999 -9999 -9999 -9999 -9999 -9999 -9999 -9999 -9999 -9999 -9999 -9999 -9999 -9999 -9999 -9999 -9999 -9999 -9999 -9999 -9999 -9999 -9999 -9999 -9999 -9999 -9999 -9999 -9999 -9999 -9999
91 91 91 92 92 92 92 92 92 92 92 92 92 92 92 92 92 91 91 91 91 91 90 90 90 89 89 88 88 87 86 86 85 84 83 82 81 80 80 78 77 76 75 74 73 71 70 69 67 66 -9999 -9999 -9999 -9999 -9999 -9999 -9999 -9999 -9999 -9999 -9999 -9999 -9999 -9999 -9999 -9999 -9999 -9999 -9999 -9999 -9999 -9999 -9999 -9999 -9999 -9999 -9999 -9999 -9999 -9999 -9999 -9999 -9999 -9999 -9999 -9999 -9999 -9999 -9999 -9999 -9999 -9999 -9999 -9999 -9999
91 91 91 91 91 91 91 91 92 92 92 92 92 92 91 91 91 91 91 91 91 90 90 90 89 89 88 88 87 87 86 85 85 84 83 82 81 80 79 78 77 76 75 74 72 71 70 69 67 66 65 -9999 -9999 -9999 -9999 -9999 -9999 -9999 -9999 -9999 -9999 -9999 -9999 -9999 -9999 -9999 -9999 -9999 -9999 -9999 -9999 -9999 -9999 -9999 -9999 -9999 -9999 -9999 -9999 -9999 -9999 -9999 -9999 -9999 -9999 -9999 -9999 -9999 -9999 -9999 -9999 -9999 -9999 -9999 -9999
