Artocarpus heterophyllus SDM files/Last interglacial/results (without bias file)/Arthet_1.asc
ncols         625
nrows         721
xllcorner     69.99986311115
yllcorner     5.99986151914999
cellsize      0.041666667
NODATA_value  -9999
[rows 351 to 377 of 721, columns 183 to 243 of 625]
2.26976E-1 2.5019E-1 2.33924E-1 2.35131E-1 2.46845E-1 2.59576E-1 2.5852E-1 2.29486E-1 2.10129E-1 2.06515E-1 2.13183E-1 2.33745E-1 2.34181E-1 2.28492E-1 2.20311E-1 2.25048E-1 2.23952E-1 2.2372E-1 2.25039E-1 2.30679E-1 2.34704E-1 2.40552E-1 2.44378E-1 2.39103E-1 2.40123E-1 2.32196E-1 2.18954E-1 2.20924E-1 2.19274E-1 2.14247E-1 2.16776E-1 2.24908E-1 2.27416E-1 2.32763E-1 2.36042E-1 2.38693E-1 2.39075E-1 2.32157E-1 2.42938E-1 2.44444E-1 2.31812E-1 2.38818E-1 2.31498E-1 2.33619E-1 2.38556E-1 2.32583E-1 2.17824E-1 2.29061E-1 2.32131E-1 2.2182E-1 2.17224E-1 2.14069E-1 2.1831E-1 2.24513E-1 2.26211E-1 2.50599E-1 2.38721E-1 2.46325E-1 2.64364E-1 2.54803E-1 2.45273E-1
2.3801E-1 2.4165E-1 2.33778E-1 2.46014E-1 2.46364E-1 2.32864E-1 2.30011E-1 2.15429E-1 2.03416E-1 2.06752E-1 2.12455E-1 2.19727E-1 2.23491E-1 2.30593E-1 2.29789E-1 2.24522E-1 2.28712E-1 2.25997E-1 2.2447E-1 2.23965E-1 2.27703E-1 2.36449E-1 2.37029E-1 2.36013E-1 2.46302E-1 2.42807E-1 2.30385E-1 2.17406E-1 2.10035E-1 2.14453E-1 2.15629E-1 2.27566E-1 2.27308E-1 2.35115E-1 2.34765E-1 2.3653E-1 2.41849E-1 2.44209E-1 2.44377E-1 2.3806E-1 2.39964E-1 2.40917E-1 2.38778E-1 2.35198E-1 2.36057E-1 2.33778E-1 2.29733E-1 2.24101E-1 2.28805E-1 2.30243E-1 2.30712E-1 2.25199E-1 2.22874E-1 2.38584E-1 2.27201E-1 2.32307E-1 2.37811E-1 2.39563E-1 2.71025E-1 2.6655E-1 2.36395E-1
2.43284E-1 2.36791E-1 2.43932E-1 2.44234E-1 2.37682E-1 2.2793E-1 2.05308E-1 2.19998E-1 2.12526E-1 2.09034E-1 2.13444E-1 2.32189E-1 2.23463E-1 2.14162E-1 2.22117E-1 2.23521E-1 2.41657E-1 2.31938E-1 2.3867E-1 2.23188E-1 2.23757E-1 2.14896E-1 2.25633E-1 2.48769E-1 2.50003E-1 2.61006E-1 2.3875E-1 2.11573E-1 2.13401E-1 2.14191E-1 2.16747E-1 2.22252E-1 2.28281E-1 2.35954E-1 2.34005E-1 2.38258E-1 2.34647E-1 2.38211E-1 2.45068E-1 2.4247E-1 2.38849E-1 2.37684E-1 2.42202E-1 2.35288E-1 2.34646E-1 2.32146E-1 2.33065E-1 2.29661E-1 2.26827E-1 2.28298E-1 2.32079E-1 2.27894E-1 2.38259E-1 2.40749E-1 2.33974E-1 2.31562E-1 2.45901E-1 2.55597E-1 2.72446E-1 2.35232E-1 2.31831E-1
2.37605E-1 2.14656E-1 2.16655E-1 2.15085E-1 2.32048E-1 1.9753E-1 1.94595E-1 1.95616E-1 1.94274E-1 1.87408E-1 1.95473E-1 2.09452E-1 2.24653E-1 2.25833E-1 2.1798E-1 2.31363E-1 2.25619E-1 2.3878E-1 2.31026E-1 2.54411E-1 2.5158E-1 2.28418E-1 2.058E-1 2.32566E-1 2.4663E-1 2.45053E-1 2.24714E-1 2.14793E-1 2.21457E-1 2.23426E-1 2.285E-1 2.238E-1 2.31438E-1 2.34825E-1 2.32517E-1 2.34812E-1 2.33772E-1 2.43295E-1 2.44473E-1 2.46616E-1 2.4914E-1 2.39623E-1 2.41198E-1 2.43641E-1 2.37142E-1 2.31722E-1 2.26257E-1 2.23294E-1 2.23629E-1 2.2672E-1 2.33607E-1 2.32781E-1 2.38098E-1 2.49827E-1 2.53262E-1 2.45566E-1 2.44059E-1 2.79568E-1 2.65033E-1 2.37972E-1 2.28287E-1
2.1392E-1 2.2064E-1 2.15181E-1 2.12069E-1 2.09964E-1 2.03312E-1 1.91819E-1 1.90053E-1 1.91158E-1 1.92352E-1 1.92796E-1 2.06442E-1 2.20292E-1 2.2376E-1 2.40575E-1 2.54193E-1 2.26321E-1 2.25032E-1 2.31805E-1 2.4988E-1 2.61464E-1 2.61209E-1 2.1932E-1 2.18922E-1 2.34428E-1 2.56064E-1 2.3567E-1 2.09248E-1 2.24253E-1 2.186E-1 2.25537E-1 2.29014E-1 2.38622E-1 2.31779E-1 2.3278E-1 2.32044E-1 2.3326E-1 2.36063E-1 2.4155E-1 2.44173E-1 2.48103E-1 2.46947E-1 2.39521E-1 2.43467E-1 2.44405E-1 2.45454E-1 2.38084E-1 2.35578E-1 2.27512E-1 2.26323E-1 2.42528E-1 2.35167E-1 2.44816E-1 2.63857E-1 2.66766E-1 2.39044E-1 2.7974E-1 2.56167E-1 2.27882E-1 2.53261E-1 2.37107E-1
2.18285E-1 2.20068E-1 2.09939E-1 2.08117E-1 2.09027E-1 2.11548E-1 2.07287E-1 1.88509E-1 1.9106E-1 1.9092E-1 1.86533E-1 1.97981E-1 2.07219E-1 2.21498E-1 2.38853E-1 2.35161E-1 2.54008E-1 2.22108E-1 2.50492E-1 2.47523E-1 2.45472E-1 2.51111E-1 2.58045E-1 2.25618E-1 2.29041E-1 2.45652E-1 2.2639E-1 2.19347E-1 2.2512E-1 2.32544E-1 2.32273E-1 2.44602E-1 2.46714E-1 2.29409E-1 2.33393E-1 2.31816E-1 2.39156E-1 2.46205E-1 2.4347E-1 2.41235E-1 2.42E-1 2.4763E-1 2.48151E-1 2.46383E-1 2.47526E-1 2.38268E-1 2.52081E-1 2.37133E-1 2.37447E-1 2.35398E-1 2.47111E-1 2.49092E-1 2.49621E-1 2.38859E-1 2.3822E-1 2.46661E-1 2.59624E-1 2.59079E-1 2.39776E-1 2.3816E-1 2.35701E-1
2.13869E-1 2.11613E-1 2.0823E-1 2.06717E-1 2.06888E-1 2.09744E-1 2.15974E-1 2.05839E-1 1.99124E-1 1.95668E-1 1.87372E-1 1.91335E-1 2.0068E-1 2.18466E-1 2.44108E-1 2.61567E-1 2.58455E-1 2.31448E-1 2.40648E-1 2.65561E-1 2.60839E-1 2.44966E-1 2.62209E-1 2.37766E-1 2.36197E-1 2.31582E-1 2.2859E-1 2.25224E-1 2.19965E-1 2.27568E-1 2.41733E-1 2.54278E-1 2.59092E-1 2.42664E-1 2.39662E-1 2.35667E-1 2.36732E-1 2.42323E-1 2.41823E-1 2.45997E-1 2.4331E-1 2.44084E-1 2.47087E-1 2.50018E-1 2.49069E-1 2.46062E-1 2.45308E-1 2.36741E-1 2.39839E-1 2.46073E-1 2.50732E-1 2.5965E-1 2.53808E-1 2.49674E-1 2.37843E-1 2.3672E-1 2.48575E-1 2.46341E-1 2.42758E-1 2.51156E-1 2.36551E-1
2.10883E-1 2.06774E-1 2.02805E-1 2.02361E-1 2.04704E-1 2.14812E-1 2.16807E-1 2.00517E-1 1.9554E-1 1.95322E-1 1.93358E-1 1.95583E-1 1.99516E-1 2.10834E-1 2.3447E-1 2.52308E-1 2.67956E-1 2.47568E-1 2.3752E-1 2.54134E-1 2.54405E-1 2.5453E-1 2.64968E-1 2.43516E-1 2.33979E-1 2.30442E-1 2.3093E-1 2.51005E-1 2.31719E-1 2.17217E-1 2.27674E-1 2.33016E-1 2.45472E-1 2.55307E-1 2.48378E-1 2.43547E-1 2.42824E-1 2.43135E-1 2.47887E-1 2.51555E-1 2.51647E-1 2.53538E-1 2.508E-1 2.49383E-1 2.50994E-1 2.48369E-1 2.59419E-1 2.42118E-1 2.55364E-1 2.49305E-1 2.53057E-1 2.55713E-1 2.49149E-1 2.56242E-1 2.44492E-1 2.3969E-1 2.41506E-1 2.42234E-1 2.49301E-1 2.46021E-1 2.44075E-1
2.05941E-1 2.06094E-1 2.0632E-1 2.04307E-1 2.11916E-1 2.15072E-1 2.18606E-1 1.99144E-1 1.88705E-1 1.89282E-1 1.91727E-1 1.96457E-1 2.07444E-1 2.11543E-1 2.26285E-1 2.45278E-1 2.75096E-1 2.71915E-1 2.51168E-1 2.38546E-1 2.38388E-1 2.53644E-1 2.8682E-1 2.62207E-1 2.34546E-1 2.32409E-1 2.36901E-1 2.72213E-1 2.60026E-1 2.30381E-1 2.15305E-1 2.26123E-1 2.29456E-1 2.57999E-1 2.48214E-1 2.44319E-1 2.42785E-1 2.48192E-1 2.48799E-1 2.49239E-1 2.50561E-1 2.55868E-1 2.57115E-1 2.55372E-1 2.60501E-1 2.46378E-1 2.47388E-1 2.52901E-1 2.58165E-1 2.66496E-1 2.69143E-1 2.52056E-1 2.40315E-1 2.5264E-1 2.54503E-1 2.43636E-1 2.41077E-1 2.41605E-1 2.48953E-1 2.43384E-1 2.44768E-1
2.03533E-1 2.03689E-1 2.03466E-1 2.02393E-1 2.16095E-1 2.19974E-1 2.14634E-1 1.97939E-1 1.88918E-1 1.99176E-1 1.92582E-1 1.94625E-1 1.98583E-1 2.06668E-1 2.24316E-1 2.44959E-1 2.46521E-1 2.51064E-1 2.42675E-1 2.35918E-1 2.52641E-1 2.69596E-1 2.73695E-1 2.79785E-1 2.43453E-1 2.26482E-1 2.30594E-1 2.70668E-1 2.67899E-1 2.50217E-1 2.30434E-1 2.26928E-1 2.30447E-1 2.49927E-1 2.61634E-1 2.50915E-1 2.53165E-1 2.47907E-1 2.45712E-1 2.48006E-1 2.51111E-1 2.50673E-1 2.55933E-1 2.54389E-1 2.47948E-1 2.54958E-1 2.61404E-1 2.49943E-1 2.55556E-1 2.55599E-1 2.74332E-1 2.69938E-1 2.46537E-1 2.44887E-1 2.50617E-1 2.44789E-1 2.49455E-1 2.46534E-1 2.42035E-1 2.39126E-1 2.49525E-1
2.03854E-1 2.03937E-1 2.05577E-1 2.10248E-1 2.14523E-1 2.20766E-1 2.18895E-1 2.05548E-1 1.95935E-1 1.93435E-1 1.9879E-1 1.90719E-1 2.01187E-1 2.08644E-1 2.12983E-1 2.26775E-1 2.45188E-1 2.34853E-1 2.40025E-1 2.13425E-1 2.56409E-1 2.68348E-1 2.60765E-1 2.67735E-1 2.52001E-1 2.2935E-1 2.50467E-1 2.79078E-1 2.55381E-1 2.55463E-1 2.358E-1 2.31284E-1 2.34022E-1 2.45361E-1 2.48821E-1 2.71627E-1 2.64714E-1 2.60604E-1 2.44412E-1 2.52698E-1 2.5081E-1 2.49973E-1 2.49628E-1 2.49562E-1 2.54448E-1 2.61632E-1 2.6536E-1 2.54693E-1 2.51767E-1 2.67259E-1 2.71858E-1 2.77326E-1 2.55218E-1 2.46499E-1 2.54466E-1 2.49535E-1 2.55508E-1 2.58571E-1 2.60252E-1 2.43348E-1 2.67217E-1
1.99698E-1 2.07435E-1 2.16959E-1 2.1886E-1 2.22435E-1 2.24716E-1 2.1195E-1 1.96466E-1 1.96842E-1 1.96494E-1 1.95534E-1 1.99564E-1 2.03371E-1 2.11303E-1 2.11464E-1 2.23753E-1 2.48076E-1 2.4865E-1 2.46425E-1 2.27932E-1 2.08473E-1 2.25572E-1 2.57715E-1 2.54783E-1 2.54018E-1 2.32645E-1 2.54636E-1 2.69301E-1 2.40775E-1 2.4071E-1 2.41909E-1 2.48483E-1 2.43862E-1 2.48262E-1 2.5283E-1 2.72325E-1 2.77003E-1 2.70783E-1 2.65781E-1 2.60396E-1 2.57284E-1 2.53542E-1 2.6022E-1 2.61339E-1 2.60405E-1 2.61562E-1 2.59569E-1 2.62018E-1 2.64646E-1 2.77078E-1 2.78866E-1 2.73902E-1 2.62048E-1 2.60775E-1 2.61999E-1 2.54851E-1 2.56123E-1 2.61139E-1 2.60587E-1 2.54301E-1 2.64856E-1
2.05568E-1 2.11202E-1 2.19562E-1 2.30068E-1 2.29832E-1 2.15224E-1 2.07512E-1 2.03856E-1 1.977E-1 1.96856E-1 1.95855E-1 2.02858E-1 2.08102E-1 2.08957E-1 2.13739E-1 2.16986E-1 2.45965E-1 2.42427E-1 2.22823E-1 2.16814E-1 2.0872E-1 2.28297E-1 2.51202E-1 2.54313E-1 2.45084E-1 2.40019E-1 2.50876E-1 2.65981E-1 2.70914E-1 2.40706E-1 2.374E-1 2.43945E-1 2.50947E-1 2.43303E-1 2.48885E-1 2.84301E-1 2.66565E-1 2.58059E-1 2.54725E-1 2.57204E-1 2.58577E-1 2.64468E-1 2.63613E-1 2.80064E-1 2.62938E-1 2.54277E-1 2.52516E-1 2.60566E-1 2.70951E-1 2.73396E-1 2.74893E-1 2.7192E-1 2.65217E-1 2.67778E-1 2.66584E-1 2.66183E-1 2.66952E-1 2.58947E-1 2.5203E-1 2.68878E-1 2.48384E-1
2.14232E-1 2.07908E-1 2.17032E-1 2.26512E-1 2.22314E-1 2.05786E-1 2.08231E-1 2.09018E-1 2.12975E-1 2.0756E-1 2.07308E-1 2.08272E-1 2.10137E-1 2.04975E-1 2.08838E-1 2.1671E-1 2.21859E-1 2.34722E-1 2.41613E-1 2.09972E-1 2.09895E-1 2.10555E-1 2.15628E-1 2.25323E-1 2.44689E-1 2.47059E-1 2.53094E-1 2.579E-1 2.67628E-1 2.57091E-1 2.49402E-1 2.61582E-1 2.56109E-1 2.56172E-1 2.5418E-1 2.79986E-1 2.7896E-1 2.61031E-1 2.57313E-1 2.56093E-1 2.68225E-1 2.63292E-1 2.66531E-1 2.80173E-1 2.64134E-1 2.58416E-1 2.64956E-1 2.61442E-1 2.642E-1 2.69345E-1 2.6975E-1 2.77312E-1 2.7106E-1 2.7078E-1 2.79526E-1 2.8621E-1 2.64491E-1 2.5528E-1 2.56394E-1 2.7876E-1 2.56088E-1
2.21458E-1 2.23692E-1 2.16293E-1 2.20312E-1 2.16018E-1 2.10825E-1 2.10261E-1 2.10429E-1 2.21489E-1 2.24554E-1 2.18306E-1 2.14966E-1 2.13814E-1 2.13135E-1 2.12408E-1 2.15046E-1 2.20466E-1 2.43831E-1 2.44774E-1 2.17989E-1 2.09495E-1 2.06486E-1 2.1031E-1 2.12431E-1 2.40112E-1 2.48103E-1 2.49509E-1 2.57339E-1 2.50134E-1 2.4918E-1 2.49888E-1 2.61281E-1 2.56476E-1 2.56411E-1 2.58215E-1 2.77467E-1 2.85058E-1 2.70709E-1 2.77606E-1 2.59644E-1 2.74225E-1 2.66724E-1 2.70514E-1 2.72676E-1 2.71402E-1 2.66416E-1 2.75829E-1 2.75575E-1 2.70373E-1 2.75389E-1 2.76247E-1 2.81975E-1 2.73228E-1 2.77279E-1 2.82409E-1 2.86563E-1 2.71829E-1 2.58224E-1 2.61387E-1 2.92852E-1 2.50785E-1
2.2325E-1 2.15625E-1 2.05611E-1 2.1212E-1 2.19982E-1 2.07249E-1 2.11107E-1 2.15979E-1 2.1739E-1 2.31679E-1 2.26341E-1 2.20954E-1 2.12899E-1 2.18859E-1 2.19055E-1 2.15195E-1 2.24888E-1 2.34209E-1 2.37582E-1 2.1991E-1 2.22695E-1 2.2236E-1 2.20224E-1 2.16062E-1 2.37317E-1 2.20882E-1 2.44864E-1 2.53351E-1 2.50848E-1 2.51836E-1 2.53092E-1 2.54914E-1 2.56487E-1 2.57328E-1 2.61915E-1 2.67316E-1 2.68221E-1 2.78675E-1 2.76355E-1 2.84868E-1 2.79886E-1 2.68088E-1 2.61674E-1 2.69353E-1 2.71121E-1 2.81853E-1 2.85157E-1 2.68552E-1 2.71998E-1 2.68239E-1 2.80417E-1 2.83259E-1 2.73564E-1 2.75251E-1 2.78051E-1 2.75978E-1 2.75109E-1 2.59169E-1 2.672E-1 2.64499E-1 2.51811E-1
2.17182E-1 2.20021E-1 2.12375E-1 2.06354E-1 2.25365E-1 2.18604E-1 2.11915E-1 2.15634E-1 2.21565E-1 2.29562E-1 2.19647E-1 2.23676E-1 2.26139E-1 2.18979E-1 2.19786E-1 2.19041E-1 2.25929E-1 2.4365E-1 2.25937E-1 2.19141E-1 2.18581E-1 2.27137E-1 2.28799E-1 2.25237E-1 2.15092E-1 2.17082E-1 2.39012E-1 2.49851E-1 2.51293E-1 2.51182E-1 2.54673E-1 2.61276E-1 2.63363E-1 2.63735E-1 2.5946E-1 2.57185E-1 2.58939E-1 2.66257E-1 2.69572E-1 2.81123E-1 2.86691E-1 2.75091E-1 2.71829E-1 2.71794E-1 2.77011E-1 2.76999E-1 2.86537E-1 2.72054E-1 2.77965E-1 2.74968E-1 2.74076E-1 2.78945E-1 2.82912E-1 2.80372E-1 2.69169E-1 2.7258E-1 2.75971E-1 2.60534E-1 2.64252E-1 2.60292E-1 2.56631E-1
2.1344E-1 2.1039E-1 2.10383E-1 2.13268E-1 2.20013E-1 2.22721E-1 2.23302E-1 2.10543E-1 2.18359E-1 2.27536E-1 2.24652E-1 2.30433E-1 2.35343E-1 2.29281E-1 2.21486E-1 2.1944E-1 2.33412E-1 2.46621E-1 2.2262E-1 2.17532E-1 2.18701E-1 2.20204E-1 2.32177E-1 2.3551E-1 2.25956E-1 2.2404E-1 2.45498E-1 2.46915E-1 2.49802E-1 2.51193E-1 2.52692E-1 2.65999E-1 2.73551E-1 2.74475E-1 2.67241E-1 2.62601E-1 2.60557E-1 2.62295E-1 2.63277E-1 2.68085E-1 2.78078E-1 2.91833E-1 2.79175E-1 2.76745E-1 2.80203E-1 2.83228E-1 2.82145E-1 2.80755E-1 2.71122E-1 2.7152E-1 2.72212E-1 2.75693E-1 2.70997E-1 2.70177E-1 2.66261E-1 2.8301E-1 2.74396E-1 2.65704E-1 2.6974E-1 2.71887E-1 2.61766E-1
2.16573E-1 2.17472E-1 2.17442E-1 2.16913E-1 2.11092E-1 2.17425E-1 2.22219E-1 2.22912E-1 2.20623E-1 2.24292E-1 2.2347E-1 2.32292E-1 2.29382E-1 2.33963E-1 2.25878E-1 2.18258E-1 2.33837E-1 2.40669E-1 2.23868E-1 2.19124E-1 2.19915E-1 2.21576E-1 2.22723E-1 2.27344E-1 2.29585E-1 2.36183E-1 2.55541E-1 2.558E-1 2.5745E-1 2.50903E-1 2.47842E-1 2.58525E-1 2.67621E-1 2.73918E-1 2.64528E-1 2.66843E-1 2.68842E-1 2.76243E-1 2.71931E-1 2.68468E-1 2.72982E-1 2.82656E-1 2.787E-1 2.77135E-1 2.76377E-1 2.85075E-1 2.94738E-1 2.99253E-1 2.74053E-1 2.81627E-1 2.81554E-1 2.80748E-1 2.79165E-1 2.75891E-1 2.73241E-1 2.66001E-1 2.82414E-1 2.62742E-1 2.70689E-1 2.79253E-1 2.68003E-1
2.29805E-1 2.26292E-1 2.17347E-1 2.17044E-1 2.09798E-1 2.18004E-1 2.13833E-1 2.17056E-1 2.22881E-1 2.25879E-1 2.22668E-1 2.28409E-1 2.3063E-1 2.26135E-1 2.25715E-1 2.25178E-1 2.28153E-1 2.33713E-1 2.32592E-1 2.25764E-1 2.2778E-1 2.2352E-1 2.22928E-1 2.29312E-1 2.51114E-1 2.64176E-1 2.60505E-1 2.54324E-1 2.5666E-1 2.52197E-1 2.61633E-1 2.68307E-1 2.67307E-1 2.60952E-1 2.61852E-1 2.66339E-1 2.72224E-1 2.76326E-1 2.83718E-1 2.70383E-1 2.80781E-1 2.63213E-1 2.68794E-1 2.75061E-1 2.73597E-1 2.79233E-1 3.05115E-1 3.00881E-1 2.77824E-1 2.77303E-1 2.73386E-1 2.81865E-1 2.75817E-1 2.71454E-1 2.68781E-1 2.66952E-1 2.78021E-1 2.63213E-1 2.7707E-1 2.83143E-1 2.63089E-1
2.30879E-1 2.19668E-1 2.13992E-1 2.19755E-1 2.27498E-1 2.28477E-1 2.15869E-1 2.15749E-1 2.2636E-1 2.24899E-1 2.2388E-1 2.24684E-1 2.22511E-1 2.2414E-1 2.29631E-1 2.29468E-1 2.30161E-1 2.34757E-1 2.24856E-1 2.29532E-1 2.26904E-1 2.35825E-1 2.34154E-1 2.25401E-1 2.25856E-1 2.35329E-1 2.60419E-1 2.53701E-1 2.54505E-1 2.64943E-1 2.62934E-1 2.7547E-1 2.69258E-1 2.52879E-1 2.61221E-1 2.65439E-1 2.66895E-1 2.73618E-1 2.80872E-1 2.68838E-1 2.74941E-1 2.71018E-1 2.63119E-1 2.76176E-1 2.74676E-1 2.89753E-1 3.1207E-1 2.84066E-1 2.87853E-1 2.81286E-1 2.83344E-1 2.81126E-1 2.80131E-1 2.69738E-1 2.62861E-1 2.6486E-1 2.78478E-1 2.65042E-1 2.78495E-1 2.76802E-1 2.59015E-1
2.37389E-1 2.26396E-1 2.19412E-1 2.30736E-1 2.36252E-1 2.3093E-1 2.24045E-1 2.20128E-1 2.31648E-1 2.25296E-1 2.24474E-1 2.27755E-1 2.23514E-1 2.26989E-1 2.25516E-1 2.25099E-1 2.25717E-1 2.29741E-1 2.27913E-1 2.27897E-1 2.27744E-1 2.32561E-1 2.41694E-1 2.3577E-1 2.29283E-1 2.58086E-1 2.65279E-1 2.59307E-1 2.53619E-1 2.63092E-1 2.66271E-1 2.72451E-1 2.65554E-1 2.56348E-1 2.64462E-1 2.60081E-1 2.64392E-1 2.69801E-1 2.78457E-1 2.67954E-1 2.68501E-1 2.66912E-1 2.62071E-1 2.76259E-1 2.74815E-1 2.80131E-1 3.11176E-1 2.96517E-1 2.77698E-1 2.82891E-1 2.93015E-1 2.84471E-1 2.7435E-1 2.62674E-1 2.59471E-1 2.61469E-1 2.68723E-1 2.64312E-1 2.72346E-1 2.70185E-1 2.60391E-1
2.37086E-1 2.30673E-1 2.42348E-1 2.38406E-1 2.32237E-1 2.28566E-1 2.34205E-1 2.38678E-1 2.5751E-1 2.28758E-1 2.20077E-1 2.3192E-1 2.33767E-1 2.31444E-1 2.25281E-1 2.24064E-1 2.25509E-1 2.31336E-1 2.26959E-1 2.28918E-1 2.22755E-1 2.24077E-1 2.3696E-1 2.32482E-1 2.34404E-1 2.41714E-1 2.43692E-1 2.60793E-1 2.56304E-1 2.66818E-1 2.64668E-1 2.6809E-1 2.63284E-1 2.64141E-1 2.64987E-1 2.63726E-1 2.7019E-1 2.63463E-1 2.66181E-1 2.95673E-1 2.67194E-1 2.55725E-1 2.64629E-1 2.69276E-1 2.78646E-1 2.77307E-1 2.97246E-1 2.83882E-1 2.7925E-1 2.8361E-1 2.93664E-1 2.90259E-1 2.76574E-1 2.65484E-1 2.64645E-1 2.57379E-1 2.7088E-1 2.64758E-1 2.79644E-1 2.68799E-1 2.54538E-1
2.32131E-1 2.50042E-1 2.42017E-1 2.34003E-1 2.35613E-1 2.48856E-1 2.45246E-1 2.51527E-1 2.43859E-1 2.57405E-1 2.37497E-1 2.50615E-1 2.49421E-1 2.25202E-1 2.33598E-1 2.23681E-1 2.13698E-1 2.26557E-1 2.31235E-1 2.29579E-1 2.22345E-1 2.20574E-1 2.27143E-1 2.32912E-1 2.32585E-1 2.67303E-1 2.71501E-1 2.6127E-1 2.49441E-1 2.57483E-1 2.60583E-1 2.65331E-1 2.67456E-1 2.6489E-1 2.62035E-1 2.71227E-1 2.5717E-1 2.60194E-1 2.64274E-1 3.06133E-1 2.71154E-1 2.57691E-1 2.58739E-1 2.6614E-1 2.75529E-1 2.81626E-1 2.86155E-1 2.80343E-1 2.74907E-1 2.80851E-1 2.87768E-1 2.89948E-1 2.68233E-1 2.67223E-1 2.59182E-1 2.57571E-1 2.63685E-1 2.69685E-1 2.75543E-1 2.68739E-1 2.70258E-1
2.3675E-1 2.37324E-1 2.37105E-1 2.36918E-1 2.36941E-1 2.43098E-1 2.52618E-1 2.44467E-1 2.49143E-1 2.63057E-1 2.79744E-1 2.74204E-1 2.52269E-1 2.35067E-1 2.36521E-1 2.32607E-1 2.30589E-1 2.33742E-1 2.46013E-1 2.16188E-1 2.12811E-1 2.18161E-1 2.24008E-1 2.37113E-1 2.57266E-1 2.36102E-1 2.64948E-1 2.68203E-1 2.49469E-1 2.62776E-1 2.62884E-1 2.66123E-1 2.59691E-1 2.67499E-1 2.69477E-1 2.68926E-1 2.52771E-1 2.50407E-1 2.6209E-1 3.01466E-1 2.85307E-1 2.60615E-1 2.57018E-1 2.63705E-1 2.67721E-1 2.80169E-1 2.83791E-1 2.73347E-1 2.74733E-1 2.8375E-1 2.93686E-1 2.87898E-1 2.80344E-1 2.73904E-1 2.58745E-1 2.54217E-1 2.6372E-1 2.66884E-1 2.70127E-1 2.64369E-1 2.61856E-1
2.41185E-1 2.3683E-1 2.39059E-1 2.40058E-1 2.31885E-1 2.36704E-1 2.5356E-1 2.39206E-1 2.48585E-1 2.60693E-1 2.75715E-1 2.64797E-1 2.48099E-1 2.49155E-1 2.35457E-1 2.58039E-1 2.66772E-1 2.92753E-1 2.78799E-1 2.45749E-1 2.2097E-1 2.18548E-1 2.27265E-1 2.53875E-1 2.51604E-1 2.52846E-1 2.59128E-1 2.72156E-1 2.54815E-1 2.59399E-1 2.64768E-1 2.54798E-1 2.57478E-1 2.68035E-1 2.58398E-1 2.73254E-1 2.60068E-1 2.48296E-1 2.64742E-1 2.87694E-1 2.86836E-1 2.66604E-1 2.68774E-1 2.53183E-1 2.62539E-1 2.71519E-1 2.70522E-1 2.74763E-1 2.77639E-1 2.87154E-1 2.9262E-1 2.83007E-1 2.71134E-1 2.71121E-1 2.593E-1 2.61049E-1 2.61238E-1 2.71207E-1 2.66328E-1 2.66334E-1 2.73105E-1
2.33672E-1 2.33716E-1 2.29639E-1 2.33873E-1 2.38797E-1 2.3755E-1 2.45663E-1 2.42358E-1 2.54286E-1 2.65267E-1 2.65323E-1 2.74033E-1 2.40931E-1 2.44084E-1 2.51824E-1 2.40042E-1 2.48287E-1 2.79963E-1 2.73703E-1 2.35061E-1 2.56198E-1 2.29375E-1 2.47209E-1 2.51644E-1 2.47787E-1 2.51058E-1 2.61883E-1 2.64626E-1 2.53745E-1 2.6696E-1 2.56655E-1 2.53048E-1 2.58718E-1 2.67594E-1 2.55297E-1 2.62053E-1 2.66166E-1 2.53355E-1 2.48506E-1 2.73173E-1 2.87078E-1 2.75659E-1 2.76661E-1 2.64975E-1 2.68029E-1 2.59006E-1 2.63606E-1 2.64041E-1 2.75294E-1 2.87062E-1 2.87668E-1 2.74114E-1 2.67267E-1 2.76295E-1 2.64877E-1 2.5459E-1 2.692E-1 2.66347E-1 2.60998E-1 2.66371E-1 2.73641E-1
