Artocarpus heterophyllus SDM files/Last interglacial/results (without bias file)/Arthet_median.asc
ncols         625
nrows         721
xllcorner     69.99986311115
yllcorner     5.99986151914999
cellsize      0.041666667
NODATA_value  -9999
[rows 243 to 269 of 721, columns 61 to 121 of 625]
3.94489E-2 3.98096E-2 4.05042E-2 4.06246E-2 4.61285E-2 4.68749E-2 3.98227E-2 4.36055E-2 4.09141E-2 4.11664E-2 4.23978E-2 4.64693E-2 4.65441E-2 4.84655E-2 5.00935E-2 4.60345E-2 4.6303E-2 4.77209E-2 4.94898E-2 4.97992E-2 5.22506E-2 4.94344E-2 5.69804E-2 5.44727E-2 5.61513E-2 5.32058E-2 5.65815E-2 5.35904E-2 5.83105E-2 5.38887E-2 5.72359E-2 5.64642E-2 5.367E-2 5.57176E-2 5.79555E-2 5.91256E-2 5.99468E-2 5.37051E-2 5.81641E-2 5.80769E-2 5.8372E-2 5.84995E-2 5.64946E-2 5.30588E-2 6.06665E-2 6.20156E-2 5.92145E-2 6.28183E-2 6.22431E-2 6.01253E-2 6.48862E-2 6.08134E-2 6.16851E-2 6.79206E-2 6.82493E-2 6.98296E-2 7.86106E-2 7.83927E-2 7.80163E-2 7.27867E-2 7.52253E-2
3.95045E-2 3.85812E-2 4.13887E-2 4.14024E-2 4.17857E-2 4.63879E-2 4.25849E-2 4.47369E-2 4.58627E-2 4.58876E-2 5.05109E-2 4.65377E-2 4.35899E-2 4.46496E-2 4.62172E-2 4.81129E-2 4.77095E-2 4.78249E-2 5.05216E-2 4.74002E-2 5.08817E-2 5.08918E-2 5.5928E-2 5.71042E-2 5.32905E-2 5.62607E-2 5.36675E-2 5.4119E-2 5.41228E-2 5.75983E-2 5.44238E-2 5.66234E-2 5.38282E-2 5.90694E-2 5.95023E-2 5.87044E-2 5.46419E-2 5.71334E-2 6.42879E-2 6.39349E-2 6.04799E-2 6.03644E-2 5.34079E-2 5.651E-2 5.81738E-2 5.78032E-2 5.93669E-2 6.05371E-2 6.05376E-2 6.0131E-2 6.09684E-2 6.26947E-2 6.35943E-2 6.48812E-2 6.56433E-2 7.24447E-2 7.66004E-2 7.31433E-2 7.27618E-2 7.46176E-2 7.21992E-2
3.84747E-2 3.88828E-2 3.91691E-2 3.94038E-2 3.94167E-2 4.3518E-2 4.28189E-2 4.3803E-2 4.16181E-2 4.32246E-2 4.68668E-2 4.82713E-2 4.82679E-2 4.83794E-2 4.63069E-2 5.02135E-2 5.16674E-2 5.05931E-2 5.23328E-2 5.11197E-2 5.26822E-2 5.60312E-2 5.5885E-2 5.65965E-2 5.35214E-2 5.64925E-2 5.382E-2 5.41947E-2 5.41947E-2 5.44998E-2 5.48741E-2 5.71794E-2 5.25277E-2 6.05139E-2 6.64517E-2 5.91069E-2 6.38252E-2 6.52266E-2 6.57163E-2 6.87836E-2 6.29245E-2 5.57967E-2 5.71666E-2 5.69363E-2 5.8354E-2 6.02355E-2 5.96726E-2 6.12666E-2 6.23155E-2 6.1573E-2 6.09612E-2 6.3888E-2 6.35828E-2 6.44934E-2 7.27951E-2 7.22177E-2 7.1893E-2 7.35485E-2 7.2928E-2 7.27475E-2 7.40066E-2
3.99582E-2 3.86114E-2 3.95955E-2 3.98828E-2 4.00314E-2 4.42882E-2 4.08872E-2 4.10069E-2 4.19358E-2 4.2379E-2 4.4677E-2 4.47893E-2 4.86961E-2 4.81873E-2 5.02255E-2 4.84855E-2 5.01751E-2 4.74635E-2 4.91288E-2 5.11035E-2 5.11136E-2 5.31278E-2 5.61098E-2 5.47888E-2 5.65658E-2 5.34404E-2 5.25598E-2 5.42782E-2 5.46558E-2 5.46558E-2 5.5111E-2 5.7994E-2 6.50098E-2 5.98829E-2 5.78112E-2 6.00032E-2 6.17283E-2 5.94234E-2 5.88395E-2 5.91907E-2 5.8767E-2 5.79291E-2 5.73636E-2 5.88443E-2 6.08564E-2 6.0238E-2 5.95204E-2 6.05368E-2 5.99672E-2 6.3381E-2 6.46343E-2 6.65367E-2 6.86255E-2 7.21777E-2 7.12057E-2 7.22177E-2 7.40965E-2 7.56184E-2 7.31137E-2 7.47584E-2 7.45082E-2
4.20609E-2 3.53692E-2 3.99623E-2 4.03105E-2 4.00424E-2 4.10069E-2 4.55609E-2 4.13054E-2 4.05872E-2 4.14104E-2 4.30712E-2 4.47212E-2 4.81873E-2 4.88661E-2 4.67899E-2 4.85678E-2 5.02986E-2 5.30092E-2 5.08997E-2 5.13178E-2 4.79475E-2 5.4381E-2 5.17049E-2 5.62133E-2 5.35846E-2 5.57255E-2 5.56558E-2 5.43503E-2 5.48104E-2 5.8121E-2 5.57965E-2 6.24721E-2 6.51753E-2 6.28744E-2 6.61559E-2 6.57022E-2 5.35695E-2 5.43793E-2 5.55876E-2 5.59168E-2 5.72691E-2 5.79037E-2 5.9226E-2 6.13339E-2 6.09369E-2 6.00852E-2 5.96728E-2 6.06925E-2 6.17286E-2 6.558E-2 6.76813E-2 6.63614E-2 7.09779E-2 7.39972E-2 7.31969E-2 7.26041E-2 7.20529E-2 7.3295E-2 7.51934E-2 7.5354E-2 7.45032E-2
4.01788E-2 3.41519E-2 3.41748E-2 3.48294E-2 3.49256E-2 3.58117E-2 3.84109E-2 4.33713E-2 4.11083E-2 4.20393E-2 4.345E-2 4.51986E-2 4.66566E-2 5.14577E-2 4.91182E-2 4.71849E-2 4.91182E-2 5.30853E-2 5.16033E-2 5.15761E-2 5.14495E-2 5.72161E-2 5.18905E-2 5.36478E-2 5.53306E-2 5.40875E-2 5.32585E-2 5.32361E-2 5.36452E-2 5.53875E-2 6.20336E-2 6.55944E-2 6.43178E-2 8.14753E-2 7.68514E-2 7.67239E-2 5.92621E-2 5.49907E-2 5.86885E-2 5.78335E-2 5.68086E-2 5.82295E-2 6.00279E-2 5.96338E-2 6.07504E-2 6.20061E-2 5.96736E-2 6.0849E-2 6.20485E-2 6.78544E-2 6.71591E-2 7.14158E-2 7.26569E-2 7.22794E-2 7.37332E-2 7.46485E-2 7.57238E-2 7.6148E-2 7.93743E-2 7.36608E-2 7.58112E-2
3.90545E-2 3.3585E-2 3.41276E-2 3.45866E-2 3.48267E-2 3.56125E-2 3.73737E-2 4.19318E-2 4.10914E-2 4.05724E-2 4.33762E-2 4.56996E-2 4.41476E-2 4.78466E-2 5.00744E-2 4.89658E-2 5.1134E-2 5.18684E-2 5.20235E-2 5.41588E-2 5.56974E-2 5.73305E-2 5.79032E-2 5.25006E-2 5.28914E-2 5.17537E-2 5.34375E-2 5.5069E-2 5.68384E-2 5.55959E-2 6.16165E-2 6.67983E-2 7.90956E-2 7.01413E-2 6.46381E-2 6.33812E-2 6.30727E-2 5.91827E-2 5.85873E-2 5.8166E-2 5.95575E-2 5.8976E-2 6.08042E-2 6.06655E-2 5.98439E-2 5.71718E-2 6.22506E-2 6.2636E-2 6.67074E-2 6.82418E-2 6.63547E-2 7.14283E-2 7.26481E-2 7.38791E-2 7.58164E-2 7.33697E-2 7.50636E-2 7.79674E-2 7.73665E-2 8.12401E-2 8.186E-2
3.65931E-2 3.40918E-2 3.4594E-2 3.58868E-2 3.58891E-2 3.8669E-2 4.08849E-2 4.94498E-2 3.84526E-2 4.13309E-2 4.45616E-2 4.21816E-2 4.92444E-2 5.41026E-2 5.35059E-2 5.12708E-2 5.1841E-2 5.18465E-2 5.20125E-2 5.45815E-2 5.76748E-2 5.81394E-2 5.80208E-2 5.87173E-2 5.30863E-2 5.18871E-2 5.23092E-2 5.40229E-2 5.44908E-2 5.62387E-2 6.13192E-2 6.88291E-2 7.97255E-2 6.31442E-2 6.20768E-2 7.02389E-2 6.1254E-2 5.71784E-2 5.69488E-2 5.89468E-2 6.0192E-2 5.96126E-2 5.90121E-2 6.022E-2 6.12079E-2 6.27435E-2 6.44071E-2 6.39935E-2 6.85244E-2 6.73813E-2 7.28251E-2 7.19599E-2 7.26656E-2 7.41123E-2 7.60321E-2 7.5235E-2 7.88822E-2 7.42836E-2 7.62662E-2 7.81545E-2 7.69505E-2
3.5171E-2 3.74099E-2 3.63429E-2 3.59882E-2 3.66405E-2 3.9395E-2 4.03551E-2 4.42744E-2 4.02432E-2 4.47631E-2 4.75417E-2 4.48221E-2 4.93604E-2 4.60279E-2 4.97794E-2 5.13859E-2 5.19685E-2 5.19905E-2 5.256E-2 5.27056E-2 5.83697E-2 5.70484E-2 5.8718E-2 5.73896E-2 5.94192E-2 5.79613E-2 5.78475E-2 5.84172E-2 6.05898E-2 5.88135E-2 7.41799E-2 7.8041E-2 7.69498E-2 6.46256E-2 6.41137E-2 7.26925E-2 5.75838E-2 5.78019E-2 6.23344E-2 6.11779E-2 6.36461E-2 5.93171E-2 5.92244E-2 5.99408E-2 6.0811E-2 6.252E-2 6.05591E-2 6.64622E-2 7.11543E-2 7.15996E-2 7.28234E-2 7.40672E-2 7.5529E-2 7.48322E-2 7.68307E-2 7.23107E-2 7.4428E-2 7.65682E-2 7.64168E-2 7.53873E-2 7.74051E-2
3.53445E-2 3.61053E-2 3.63673E-2 3.70254E-2 3.71962E-2 4.09545E-2 3.9046E-2 3.84034E-2 4.16599E-2 4.75522E-2 4.41563E-2 4.50677E-2 4.4952E-2 4.81429E-2 5.08662E-2 4.89561E-2 5.09189E-2 5.25436E-2 5.328E-2 5.328E-2 5.70497E-2 5.76197E-2 5.76176E-2 5.95377E-2 5.95353E-2 5.86479E-2 5.84239E-2 5.69897E-2 5.56226E-2 5.7711E-2 6.43208E-2 7.31235E-2 6.37286E-2 5.54433E-2 5.00602E-2 6.26695E-2 5.71876E-2 5.20353E-2 5.34876E-2 5.11389E-2 5.2955E-2 5.3715E-2 5.47347E-2 5.61353E-2 5.99454E-2 5.94846E-2 6.07889E-2 6.19068E-2 7.10683E-2 7.64318E-2 7.84945E-2 7.36874E-2 7.51356E-2 7.08991E-2 7.09434E-2 7.63302E-2 7.70087E-2 7.64193E-2 7.62682E-2 7.72572E-2 7.65108E-2
3.62015E-2 3.62011E-2 3.68553E-2 3.75199E-2 3.76182E-2 3.87318E-2 4.19591E-2 4.09546E-2 4.23219E-2 4.59375E-2 4.40347E-2 4.91284E-2 4.67906E-2 4.89406E-2 5.11491E-2 4.82375E-2 4.96515E-2 5.33703E-2 5.328E-2 5.38578E-2 5.91873E-2 5.7734E-2 5.83066E-2 5.47608E-2 5.50561E-2 5.53642E-2 5.641E-2 5.49457E-2 5.42571E-2 6.00474E-2 6.69929E-2 6.95097E-2 5.91304E-2 5.59155E-2 5.67047E-2 5.76505E-2 5.74808E-2 5.81387E-2 5.94357E-2 5.48318E-2 5.07375E-2 5.3906E-2 5.65355E-2 5.86968E-2 5.81339E-2 6.10958E-2 6.22403E-2 6.31795E-2 6.2543E-2 7.35544E-2 7.8572E-2 7.15742E-2 7.17853E-2 7.30005E-2 7.64057E-2 7.986E-2 7.66245E-2 7.55377E-2 7.618E-2 7.7465E-2 7.71597E-2
3.23352E-2 3.26833E-2 3.81484E-2 3.85009E-2 3.88801E-2 4.01354E-2 4.10696E-2 4.15471E-2 4.29483E-2 4.43867E-2 4.43882E-2 4.71879E-2 4.91025E-2 4.92285E-2 4.96309E-2 4.99116E-2 5.04716E-2 5.42558E-2 5.45534E-2 5.30413E-2 5.47285E-2 5.48791E-2 5.50355E-2 5.54893E-2 5.66708E-2 5.66977E-2 5.73149E-2 5.59322E-2 5.99694E-2 6.82113E-2 6.80927E-2 6.01811E-2 5.79249E-2 5.90464E-2 5.8726E-2 5.79446E-2 5.73061E-2 5.84318E-2 5.89562E-2 5.42837E-2 5.39184E-2 5.74355E-2 5.37955E-2 5.33717E-2 5.70821E-2 6.10025E-2 6.42971E-2 6.83968E-2 6.99906E-2 7.11396E-2 7.77362E-2 6.9486E-2 7.25291E-2 7.34719E-2 7.27704E-2 7.19989E-2 7.33224E-2 7.33204E-2 7.54425E-2 7.71633E-2 7.93817E-2
3.23653E-2 3.45314E-2 3.57607E-2 3.81251E-2 3.94731E-2 4.02392E-2 4.15391E-2 4.25779E-2 4.39994E-2 4.40788E-2 4.65747E-2 4.77035E-2 4.93757E-2 5.15104E-2 4.99116E-2 4.99246E-2 4.77735E-2 5.08229E-2 5.06921E-2 5.27123E-2 5.5462E-2 5.60566E-2 5.43066E-2 5.43329E-2 5.68313E-2 5.73043E-2 5.636E-2 5.89884E-2 6.64323E-2 6.31359E-2 5.76879E-2 5.72244E-2 5.74429E-2 5.85734E-2 5.65077E-2 5.76254E-2 5.74615E-2 5.859E-2 5.76554E-2 5.37576E-2 5.58482E-2 5.70252E-2 5.95336E-2 5.47174E-2 5.66263E-2 6.14426E-2 6.82942E-2 7.05652E-2 7.20982E-2 6.52419E-2 6.94903E-2 6.90895E-2 7.39056E-2 7.17222E-2 7.33198E-2 7.4421E-2 7.38847E-2 7.31713E-2 7.53191E-2 7.53299E-2 7.06723E-2
3.64777E-2 3.39308E-2 3.54412E-2 3.68306E-2 3.94731E-2 3.97866E-2 3.98895E-2 4.45232E-2 4.5102E-2 4.69572E-2 4.57406E-2 4.70545E-2 4.98831E-2 4.90603E-2 4.89335E-2 4.75239E-2 4.77723E-2 5.24618E-2 5.59041E-2 5.57673E-2 5.92829E-2 6.20061E-2 6.04879E-2 5.68044E-2 5.74073E-2 5.49362E-2 6.02413E-2 6.70559E-2 6.20271E-2 6.18152E-2 5.79308E-2 6.01005E-2 6.75032E-2 5.88695E-2 6.42696E-2 6.11859E-2 5.87397E-2 5.77955E-2 5.11388E-2 5.99651E-2 5.51082E-2 5.6467E-2 5.87665E-2 5.98526E-2 6.14347E-2 6.14628E-2 6.84133E-2 6.84243E-2 7.07545E-2 6.93399E-2 6.68789E-2 6.88182E-2 6.81511E-2 6.98466E-2 7.52429E-2 7.73831E-2 7.60305E-2 7.55173E-2 7.77716E-2 7.51306E-2 7.04843E-2
4.22489E-2 4.09357E-2 3.80521E-2 3.877E-2 3.88202E-2 3.82451E-2 4.0205E-2 4.58436E-2 4.85852E-2 4.37016E-2 4.30187E-2 4.92373E-2 5.00103E-2 5.16792E-2 4.60358E-2 4.78778E-2 5.02942E-2 5.27105E-2 5.92828E-2 5.72898E-2 5.75846E-2 5.82993E-2 6.41411E-2 5.82197E-2 5.30375E-2 5.50058E-2 6.00665E-2 6.97109E-2 6.13422E-2 5.95355E-2 6.10704E-2 5.80113E-2 6.03193E-2 6.09558E-2 6.33485E-2 6.0534E-2 5.98972E-2 5.95774E-2 5.91065E-2 6.01323E-2 5.95135E-2 6.19039E-2 5.66787E-2 6.00999E-2 6.05709E-2 6.16717E-2 6.58646E-2 6.52941E-2 7.03289E-2 6.57215E-2 7.53219E-2 6.90767E-2 7.06585E-2 7.18608E-2 7.35628E-2 7.47027E-2 7.62186E-2 7.55173E-2 7.72946E-2 7.65949E-2 7.27569E-2
3.79069E-2 3.7821E-2 3.91372E-2 4.23586E-2 5.47139E-2 4.56558E-2 4.19185E-2 4.38437E-2 5.75821E-2 4.19939E-2 4.67851E-2 4.80141E-2 5.1262E-2 5.09007E-2 5.04612E-2 5.3965E-2 5.33165E-2 5.57819E-2 5.90029E-2 5.81515E-2 5.99953E-2 6.01093E-2 5.77084E-2 5.3001E-2 5.51396E-2 5.87311E-2 6.34359E-2 7.03568E-2 5.68015E-2 5.68844E-2 6.03682E-2 6.1684E-2 6.19064E-2 5.88954E-2 6.03646E-2 6.0049E-2 5.95687E-2 5.91047E-2 6.06486E-2 6.01658E-2 6.12328E-2 6.19234E-2 6.5484E-2 6.03258E-2 6.29317E-2 6.10665E-2 6.13726E-2 5.88918E-2 6.22398E-2 6.16473E-2 6.60147E-2 6.56988E-2 7.18626E-2 7.11765E-2 7.50958E-2 7.47131E-2 7.58021E-2 7.2185E-2 7.21933E-2 7.29669E-2 7.29604E-2
3.58332E-2 3.75956E-2 4.05602E-2 4.48806E-2 4.73399E-2 4.55019E-2 4.47558E-2 4.82691E-2 6.0558E-2 4.34672E-2 4.57715E-2 4.83028E-2 5.40243E-2 5.82225E-2 5.38557E-2 5.37104E-2 5.40082E-2 5.64036E-2 5.88236E-2 6.17908E-2 6.08147E-2 5.66689E-2 5.83499E-2 5.33109E-2 5.63743E-2 6.03526E-2 6.48846E-2 6.1029E-2 5.97099E-2 5.77047E-2 5.81966E-2 5.8808E-2 6.061E-2 5.94973E-2 5.87036E-2 6.03555E-2 5.97393E-2 6.0996E-2 6.33193E-2 6.47413E-2 6.20941E-2 6.1291E-2 6.42752E-2 5.94097E-2 6.23144E-2 6.21525E-2 5.87966E-2 6.03064E-2 6.0503E-2 6.19823E-2 6.36312E-2 6.55013E-2 6.94458E-2 7.11706E-2 7.56311E-2 7.49179E-2 7.55941E-2 7.60123E-2 7.13235E-2 7.29588E-2 7.88388E-2
3.60553E-2 3.62005E-2 3.76308E-2 4.14269E-2 4.57414E-2 4.3689E-2 4.51042E-2 4.93221E-2 5.66441E-2 4.43954E-2 4.69364E-2 5.21774E-2 5.02142E-2 5.56847E-2 5.84936E-2 5.90395E-2 5.63516E-2 5.63353E-2 6.15025E-2 6.19417E-2 5.82652E-2 5.83416E-2 5.73743E-2 5.46747E-2 5.59021E-2 5.47322E-2 4.99302E-2 6.53694E-2 5.93944E-2 5.69985E-2 5.46041E-2 5.50707E-2 5.96486E-2 5.77147E-2 5.87004E-2 5.82464E-2 5.92628E-2 6.0288E-2 6.03177E-2 6.37649E-2 6.48434E-2 6.34721E-2 6.23602E-2 6.41736E-2 6.57649E-2 6.28882E-2 6.4747E-2 6.05048E-2 6.64503E-2 6.19351E-2 6.62509E-2 6.35455E-2 6.50802E-2 6.73519E-2 7.08119E-2 7.01261E-2 7.2007E-2 6.91953E-2 7.43202E-2 7.27746E-2 7.81464E-2
3.92472E-2 3.56145E-2 3.39829E-2 3.52807E-2 4.21765E-2 4.36601E-2 4.68504E-2 5.98023E-2 5.34815E-2 4.55797E-2 4.68307E-2 4.94786E-2 5.08904E-2 5.49299E-2 5.74217E-2 6.19137E-2 5.96252E-2 5.99463E-2 6.24403E-2 6.24134E-2 5.54359E-2 5.389E-2 5.18516E-2 6.62174E-2 6.12595E-2 5.45772E-2 5.29344E-2 8.21526E-2 6.18182E-2 5.85006E-2 6.28898E-2 5.52095E-2 5.96246E-2 5.8997E-2 6.01734E-2 6.004E-2 6.10143E-2 6.06285E-2 5.99956E-2 6.16828E-2 6.73497E-2 6.42234E-2 6.32144E-2 6.52672E-2 6.83442E-2 6.42236E-2 6.50787E-2 6.70887E-2 6.88834E-2 6.78299E-2 6.13514E-2 6.30732E-2 6.50674E-2 6.67009E-2 6.8113E-2 7.21542E-2 7.7105E-2 7.51884E-2 8.00624E-2 7.87383E-2 7.05926E-2
3.99169E-2 4.16728E-2 4.54823E-2 4.89867E-2 4.63767E-2 5.15484E-2 4.98484E-2 5.9954E-2 5.6037E-2 5.13092E-2 4.98135E-2 4.99954E-2 5.27854E-2 5.12958E-2 5.57428E-2 6.23982E-2 6.25184E-2 6.35097E-2 6.54758E-2 6.46326E-2 6.80939E-2 6.66237E-2 5.75519E-2 7.6574E-2 8.04249E-2 5.4672E-2 5.74233E-2 6.25681E-2 5.66381E-2 5.333E-2 6.00203E-2 5.78373E-2 5.56667E-2 5.9308E-2 5.82073E-2 5.93864E-2 5.89268E-2 6.24747E-2 6.15187E-2 6.18855E-2 6.91327E-2 6.42646E-2 6.27982E-2 6.45383E-2 6.34902E-2 6.6186E-2 7.15043E-2 6.50897E-2 6.46073E-2 6.18553E-2 6.15778E-2 6.08666E-2 6.45384E-2 6.45493E-2 6.93143E-2 7.34207E-2 6.65443E-2 6.89924E-2 7.34388E-2 9.07201E-2 7.30419E-2
4.49147E-2 4.80108E-2 4.82459E-2 4.88503E-2 5.12978E-2 5.36223E-2 5.21676E-2 6.08515E-2 5.9381E-2 5.33933E-2 5.388E-2 4.91361E-2 5.18134E-2 5.37497E-2 5.14574E-2 5.55891E-2 5.82987E-2 6.34842E-2 6.39852E-2 5.55824E-2 7.22343E-2 7.11155E-2 7.35005E-2 7.35846E-2 8.27623E-2 7.38739E-2 5.50385E-2 5.11293E-2 5.18817E-2 5.28889E-2 5.76131E-2 5.1062E-2 5.32756E-2 5.4334E-2 5.80376E-2 5.93845E-2 5.87821E-2 5.83374E-2 6.01514E-2 6.00143E-2 6.41204E-2 6.3328E-2 6.5205E-2 6.85328E-2 6.69001E-2 6.69451E-2 6.84844E-2 6.60726E-2 6.72203E-2 7.06301E-2 6.70425E-2 6.3142E-2 6.46278E-2 6.70078E-2 6.94494E-2 7.65201E-2 8.81173E-2 7.0572E-2 6.46337E-2 8.43043E-2 7.01622E-2
4.82601E-2 4.99343E-2 5.01757E-2 5.32204E-2 5.2258E-2 5.40574E-2 5.5482E-2 5.42062E-2 5.37446E-2 6.0178E-2 4.92901E-2 5.23088E-2 5.45638E-2 6.24412E-2 5.74981E-2 5.44651E-2 5.91046E-2 5.60576E-2 7.51778E-2 5.95461E-2 7.75343E-2 7.71295E-2 6.95633E-2 7.82895E-2 6.83861E-2 7.23029E-2 6.59673E-2 5.78074E-2 4.84412E-2 5.07621E-2 5.21618E-2 5.11991E-2 5.1954E-2 5.29864E-2 5.80452E-2 5.80438E-2 5.75884E-2 5.73696E-2 5.90579E-2 5.98385E-2 6.13328E-2 6.13895E-2 6.52159E-2 6.77974E-2 6.89815E-2 6.83309E-2 6.79819E-2 6.73486E-2 6.87623E-2 6.94558E-2 6.5686E-2 6.68181E-2 6.99056E-2 7.53113E-2 7.31727E-2 7.57572E-2 9.21276E-2 7.08004E-2 7.24843E-2 7.37284E-2 7.21908E-2
4.8972E-2 5.17883E-2 5.13375E-2 5.14331E-2 5.43787E-2 5.58598E-2 5.60706E-2 5.63852E-2 5.8315E-2 6.21547E-2 5.46835E-2 5.04847E-2 6.04476E-2 6.24651E-2 5.8468E-2 5.54451E-2 6.07218E-2 6.22015E-2 6.89925E-2 6.76375E-2 7.44113E-2 7.7038E-2 6.85155E-2 7.20566E-2 6.79053E-2 7.61008E-2 5.73098E-2 5.97051E-2 5.41112E-2 5.35929E-2 4.54791E-2 4.54218E-2 4.60167E-2 4.59545E-2 5.18147E-2 5.28139E-2 5.24121E-2 5.34767E-2 6.1103E-2 6.26355E-2 6.43084E-2 6.66759E-2 6.56569E-2 6.37346E-2 6.84776E-2 6.67205E-2 6.76022E-2 6.77251E-2 6.81964E-2 6.79754E-2 6.70763E-2 6.8915E-2 7.64569E-2 8.10865E-2 7.37688E-2 7.45504E-2 8.76493E-2 7.31352E-2 7.88149E-2 8.09044E-2 6.85202E-2
5.38641E-2 5.57673E-2 5.45007E-2 5.32514E-2 5.32545E-2 5.63002E-2 5.80401E-2 6.01448E-2 7.62866E-2 6.61785E-2 5.4091E-2 5.01018E-2 5.42121E-2 6.10103E-2 5.56575E-2 5.91011E-2 5.63723E-2 5.92989E-2 6.58879E-2 6.45264E-2 6.81073E-2 6.37519E-2 6.60134E-2 6.01581E-2 6.41726E-2 6.23886E-2 4.88953E-2 5.07743E-2 4.41262E-2 4.35411E-2 4.47764E-2 4.68779E-2 4.44589E-2 4.72941E-2 5.00974E-2 5.1028E-2 4.85875E-2 4.92785E-2 5.09205E-2 5.41649E-2 5.97809E-2 6.23432E-2 6.3335E-2 6.3335E-2 6.24783E-2 6.4353E-2 6.54639E-2 6.99483E-2 7.01575E-2 6.76786E-2 6.84524E-2 7.36572E-2 8.20787E-2 7.92027E-2 6.72748E-2 7.44854E-2 8.20262E-2 8.11245E-2 7.96768E-2 8.00056E-2 7.92574E-2
5.14286E-2 5.63121E-2 5.67463E-2 5.5713E-2 5.43412E-2 5.68383E-2 5.82219E-2 6.63921E-2 7.85489E-2 7.1315E-2 6.28631E-2 6.02017E-2 5.95309E-2 6.14985E-2 5.7928E-2 6.42837E-2 5.36508E-2 5.76104E-2 7.2895E-2 6.3937E-2 7.78062E-2 6.9336E-2 6.08823E-2 5.14202E-2 5.8243E-2 5.73911E-2 5.45682E-2 5.66378E-2 5.08437E-2 4.613E-2 4.47582E-2 4.71871E-2 4.59144E-2 5.05364E-2 4.96505E-2 5.06231E-2 5.0854E-2 4.93998E-2 4.88091E-2 5.31352E-2 5.39488E-2 5.72299E-2 6.028E-2 6.50363E-2 6.20114E-2 6.16143E-2 6.28631E-2 6.54104E-2 6.59153E-2 6.89557E-2 7.19115E-2 7.44255E-2 8.21239E-2 7.46484E-2 7.01003E-2 7.31253E-2 7.53815E-2 8.89698E-2 8.98083E-2 8.57913E-2 8.15012E-2
5.21381E-2 6.05405E-2 5.95115E-2 5.82068E-2 5.93244E-2 6.48209E-2 6.06303E-2 6.67794E-2 7.28495E-2 6.67719E-2 7.00283E-2 6.37242E-2 6.50901E-2 6.55807E-2 5.54989E-2 4.83129E-2 4.9552E-2 5.93196E-2 5.76868E-2 6.26426E-2 7.3401E-2 7.28804E-2 6.23791E-2 6.27945E-2 6.52391E-2 5.87915E-2 5.6269E-2 5.39265E-2 5.29363E-2 5.18967E-2 4.7303E-2 5.08184E-2 5.38313E-2 5.41385E-2 5.56491E-2 4.92118E-2 5.09872E-2 5.02203E-2 4.94539E-2 5.06771E-2 5.3821E-2 5.61768E-2 6.31786E-2 6.47282E-2 6.47109E-2 6.32275E-2 6.23893E-2 6.4552E-2 6.61985E-2 6.62283E-2 6.90106E-2 7.38964E-2 8.34462E-2 7.45919E-2 7.38194E-2 7.20583E-2 7.69577E-2 8.27141E-2 8.85077E-2 8.74647E-2 9.42916E-2
6.0919E-2 6.27513E-2 6.69084E-2 6.58921E-2 6.12264E-2 7.02963E-2 6.28474E-2 7.61374E-2 7.80692E-2 6.87978E-2 6.95411E-2 5.77526E-2 6.06556E-2 5.97764E-2 7.70323E-2 5.50878E-2 5.43224E-2 6.30835E-2 6.06828E-2 6.38887E-2 7.52288E-2 6.88423E-2 6.49642E-2 6.40677E-2 7.07525E-2 5.91863E-2 5.89547E-2 5.65137E-2 5.27715E-2 5.58724E-2 5.364E-2 5.08169E-2 5.02581E-2 5.24256E-2 5.65331E-2 5.33771E-2 5.04508E-2 5.24347E-2 5.14635E-2 5.2438E-2 5.19206E-2 5.61286E-2 6.2461E-2 6.18935E-2 6.17916E-2 6.55512E-2 6.49252E-2 6.50561E-2 6.66554E-2 6.65324E-2 6.6365E-2 7.38247E-2 7.5739E-2 8.12039E-2 7.65303E-2 8.31892E-2 7.56071E-2 7.42681E-2 7.61211E-2 7.8224E-2 8.05057E-2
