Artocarpus heterophyllus SDM files/Last interglacial/results (without bias file)/Arthet_min.asc
ncols         625
nrows         721
xllcorner     69.99986311115
yllcorner     5.99986151914999
cellsize      0.041666667
NODATA_value  -9999
[rows 81 to 107 of 721, columns 244 to 304 of 625]
7.70476E-5 6.6614E-5 5.55826E-5 5.62974E-5 5.35168E-5 6.87797E-5 6.01363E-5 4.73051E-5 7.03382E-5 4.64886E-5 3.61702E-5 3.16669E-5 3.45312E-5 3.11721E-5 3.17078E-5 3.51339E-5 3.70396E-5 3.15691E-5 2.7663E-5 3.11964E-5 2.91935E-5 3.28816E-5 3.59193E-5 3.83378E-5 4.11425E-5 4.18454E-5 4.22694E-5 4.86927E-5 5.31756E-5 6.29089E-5 6.64826E-5 8.05917E-5 8.08574E-5 7.54876E-5 5.02804E-5 4.40285E-5 3.94679E-5 4.77743E-5 7.25578E-5 8.7493E-5 1.00539E-4 1.02942E-4 9.20834E-5 1.14004E-4 1.19725E-4 1.23682E-4 1.30068E-4 1.31106E-4 1.29185E-4 1.17649E-4 1.26398E-4 1.31744E-4 1.18315E-4 1.10079E-4 1.24111E-4 1.2464E-4 1.34677E-4 1.50235E-4 1.47401E-4 1.3766E-4 1.31542E-4
8.76983E-5 7.5592E-5 6.89654E-5 6.50292E-5 5.85774E-5 7.16923E-5 5.15311E-5 5.39915E-5 6.96954E-5 5.64367E-5 4.44057E-5 5.00707E-5 4.36925E-5 2.89533E-5 2.6884E-5 3.1365E-5 3.14724E-5 2.75676E-5 2.48635E-5 3.43614E-5 3.78253E-5 3.24656E-5 2.77263E-5 3.11536E-5 3.38303E-5 3.92949E-5 4.56836E-5 5.10305E-5 4.67724E-5 3.97023E-5 5.41815E-5 6.9926E-5 8.25914E-5 8.50219E-5 8.03135E-5 6.38225E-5 6.36523E-5 5.07765E-5 5.45353E-5 6.79345E-5 8.6366E-5 1.06205E-4 8.72213E-5 9.98349E-5 1.08793E-4 1.17171E-4 1.21458E-4 1.22458E-4 1.28588E-4 1.29348E-4 1.39893E-4 1.37371E-4 1.37612E-4 1.40967E-4 1.36253E-4 1.28961E-4 1.54045E-4 1.66798E-4 1.6828E-4 1.68838E-4 1.56358E-4
9.57242E-5 9.39455E-5 6.75706E-5 8.75358E-5 9.57565E-5 8.51062E-5 8.14599E-5 7.36082E-5 6.59231E-5 5.45661E-5 5.59781E-5 6.64228E-5 5.50371E-5 3.81989E-5 3.07655E-5 4.04478E-5 3.45372E-5 2.70606E-5 4.12145E-5 4.84669E-5 4.88251E-5 4.33465E-5 2.44838E-5 2.22205E-5 3.10392E-5 5.21881E-5 6.06587E-5 6.12511E-5 5.40712E-5 4.02993E-5 4.42548E-5 5.60548E-5 7.27052E-5 7.80453E-5 8.16319E-5 8.80816E-5 8.89542E-5 7.4134E-5 5.95988E-5 8.21663E-5 9.22672E-5 1.01889E-4 1.04024E-4 7.96626E-5 6.72383E-5 9.72819E-5 1.07426E-4 1.14023E-4 1.29532E-4 1.36125E-4 1.42781E-4 1.34152E-4 1.37742E-4 1.48075E-4 1.48656E-4 1.52621E-4 1.63653E-4 1.61684E-4 1.45255E-4 1.46428E-4 1.5655E-4
7.75691E-5 9.12167E-5 9.90913E-5 9.30672E-5 8.69186E-5 7.68033E-5 7.46097E-5 6.59881E-5 6.49593E-5 7.22582E-5 7.57694E-5 5.75721E-5 5.63634E-5 6.20735E-5 6.22523E-5 6.13703E-5 4.11205E-5 3.13914E-5 5.24349E-5 4.93844E-5 3.10029E-5 3.66636E-5 3.35399E-5 2.64078E-5 3.23666E-5 4.73683E-5 6.14952E-5 6.17249E-5 6.40143E-5 4.6066E-5 3.08626E-5 3.74263E-5 5.51345E-5 6.31461E-5 6.67595E-5 7.39016E-5 7.59276E-5 8.90544E-5 8.69156E-5 7.9531E-5 9.13825E-5 9.42476E-5 9.49651E-5 9.54688E-5 8.76613E-5 8.00402E-5 7.81327E-5 8.41466E-5 1.05912E-4 1.30645E-4 1.20739E-4 1.32177E-4 1.38514E-4 1.43072E-4 1.4621E-4 1.58522E-4 1.57767E-4 1.50047E-4 1.4724E-4 1.54064E-4 1.58186E-4
7.98463E-5 6.32482E-5 5.85838E-5 5.62209E-5 5.47009E-5 6.13187E-5 5.89488E-5 3.49544E-5 3.29865E-5 4.25332E-5 5.8818E-5 2.81794E-5 2.03217E-5 3.38485E-5 5.12425E-5 6.65051E-5 6.35828E-5 6.4123E-5 6.15757E-5 5.81147E-5 3.79136E-5 3.81121E-5 3.5018E-5 3.89279E-5 3.15857E-5 4.11098E-5 5.72199E-5 6.33785E-5 6.67179E-5 6.17014E-5 4.33444E-5 2.22574E-5 3.18087E-5 4.98874E-5 5.58027E-5 6.06417E-5 6.26763E-5 6.93634E-5 8.17314E-5 8.42914E-5 8.65108E-5 8.80145E-5 8.85E-5 1.05405E-4 1.09995E-4 5.6004E-5 4.70274E-5 6.1167E-5 8.18199E-5 9.27158E-5 8.40785E-5 8.87485E-5 1.04607E-4 1.17463E-4 1.21555E-4 1.1537E-4 1.1663E-4 1.17951E-4 1.48026E-4 1.311E-4 1.47491E-4
1.01379E-4 8.26033E-5 5.54491E-5 5.38052E-5 4.5925E-5 4.72797E-5 6.12094E-5 4.66625E-5 4.26238E-5 4.34963E-5 5.68812E-5 3.58956E-5 3.13664E-5 3.22668E-5 3.54994E-5 5.43233E-5 7.54928E-5 7.97576E-5 6.81405E-5 7.28856E-5 6.57425E-5 5.60728E-5 4.57112E-5 4.81929E-5 4.93397E-5 5.12009E-5 4.72548E-5 6.06906E-5 6.54628E-5 5.70622E-5 5.67735E-5 4.55841E-5 3.46607E-5 4.9314E-5 4.89752E-5 4.66372E-5 4.88158E-5 5.51466E-5 7.8182E-5 7.7645E-5 7.34376E-5 8.95183E-5 1.05438E-4 1.1618E-4 1.19718E-4 1.07425E-4 6.86655E-5 5.08568E-5 5.92509E-5 5.06124E-5 6.18624E-5 8.29033E-5 8.39061E-5 8.48581E-5 1.02231E-4 9.04699E-5 1.09331E-4 9.44766E-5 1.27037E-4 1.05702E-4 9.65926E-5
7.26823E-5 7.74312E-5 7.57004E-5 7.51904E-5 6.77386E-5 7.31503E-5 6.29563E-5 4.87186E-5 4.52035E-5 4.57927E-5 5.04912E-5 5.28942E-5 5.28942E-5 5.59286E-5 6.29892E-5 6.55309E-5 5.9728E-5 5.64145E-5 5.53313E-5 5.19457E-5 7.76296E-5 7.67508E-5 6.96854E-5 7.74793E-5 7.19826E-5 6.91446E-5 5.33894E-5 4.55101E-5 5.57027E-5 5.13453E-5 5.53538E-5 5.29114E-5 4.91555E-5 5.44084E-5 6.19498E-5 5.6562E-5 3.72546E-5 3.5595E-5 5.62566E-5 7.36962E-5 8.44925E-5 7.69091E-5 9.33537E-5 1.04491E-4 1.25379E-4 1.20713E-4 1.19881E-4 1.19497E-4 7.37842E-5 4.01856E-5 4.93208E-5 5.70516E-5 6.07944E-5 7.21349E-5 8.36552E-5 7.47099E-5 9.5512E-5 9.16858E-5 1.13185E-4 9.82114E-5 6.62287E-5
5.74786E-5 6.28098E-5 4.28181E-5 7.01031E-5 7.63649E-5 8.35582E-5 7.65168E-5 6.41918E-5 5.46371E-5 4.78263E-5 5.30029E-5 5.65168E-5 5.16439E-5 6.79684E-5 7.89009E-5 5.99438E-5 4.01889E-5 2.64112E-5 3.51683E-5 5.51718E-5 6.74515E-5 6.82404E-5 7.64466E-5 8.06637E-5 7.95985E-5 7.37335E-5 6.69552E-5 5.13881E-5 3.97713E-5 3.20937E-5 4.28103E-5 4.53193E-5 4.89379E-5 5.31568E-5 5.8471E-5 5.86467E-5 7.23282E-5 5.89402E-5 5.59619E-5 8.52449E-5 9.3753E-5 9.85035E-5 1.07945E-4 1.06615E-4 1.0796E-4 1.1628E-4 1.36295E-4 1.40436E-4 1.31421E-4 8.16251E-5 4.83495E-5 5.16355E-5 5.21868E-5 6.26902E-5 1.01437E-4 8.87303E-5 9.30695E-5 1.05273E-4 1.1187E-4 8.00306E-5 6.99737E-5
4.67186E-5 3.95776E-5 3.77374E-5 5.18393E-5 6.55545E-5 7.37538E-5 8.20428E-5 6.16446E-5 4.87597E-5 5.23618E-5 4.7931E-5 4.57005E-5 4.78221E-5 4.58369E-5 6.14913E-5 7.26927E-5 5.7604E-5 3.15616E-5 3.37086E-5 4.43844E-5 4.56137E-5 5.53488E-5 6.40944E-5 8.0423E-5 8.66875E-5 8.1243E-5 7.34921E-5 5.96542E-5 3.44679E-5 2.83352E-5 3.86371E-5 5.02091E-5 5.46678E-5 5.8927E-5 6.16456E-5 6.78247E-5 7.80654E-5 8.23541E-5 8.53517E-5 8.69959E-5 1.00792E-4 1.08751E-4 1.07602E-4 9.92561E-5 1.05638E-4 1.10331E-4 1.46102E-4 1.50037E-4 1.54991E-4 1.47994E-4 1.14745E-4 1.14908E-4 1.1894E-4 1.20331E-4 9.61753E-5 9.39325E-5 8.33495E-5 1.06828E-4 1.09604E-4 1.14754E-4 1.25499E-4
3.00706E-5 2.97081E-5 2.96485E-5 3.66739E-5 4.70422E-5 6.80338E-5 7.78584E-5 5.49097E-5 4.29711E-5 3.86314E-5 4.30948E-5 5.32567E-5 6.17725E-5 6.58515E-5 7.09065E-5 8.06383E-5 8.0462E-5 5.52551E-5 5.8117E-5 4.74271E-5 3.51409E-5 3.58888E-5 3.92888E-5 5.19289E-5 7.16818E-5 8.27592E-5 7.67036E-5 6.6611E-5 3.37895E-5 3.21646E-5 3.6793E-5 4.85237E-5 5.39703E-5 5.12802E-5 5.59041E-5 6.61388E-5 6.79788E-5 6.38305E-5 8.6718E-5 8.65264E-5 8.89187E-5 9.09512E-5 1.06733E-4 1.08422E-4 9.97141E-5 1.05995E-4 1.22805E-4 1.44284E-4 1.41616E-4 1.59E-4 1.53628E-4 1.34576E-4 1.45107E-4 1.42612E-4 1.35497E-4 1.27172E-4 1.07542E-4 1.01439E-4 6.62272E-5 7.26721E-5 9.29047E-5
2.99559E-5 3.67112E-5 3.86746E-5 3.09367E-5 3.18596E-5 4.7375E-5 7.11154E-5 5.05982E-5 4.28954E-5 3.62294E-5 3.995E-5 4.1528E-5 6.15966E-5 7.42378E-5 7.64384E-5 8.26866E-5 8.51033E-5 8.48024E-5 7.95187E-5 6.259E-5 5.05412E-5 5.95564E-5 5.86149E-5 3.83207E-5 4.3824E-5 7.51975E-5 6.30071E-5 6.58565E-5 6.0052E-5 5.06569E-5 5.92082E-5 6.73688E-5 7.09952E-5 6.47133E-5 5.4993E-5 4.73157E-5 4.65663E-5 5.63842E-5 6.58339E-5 7.62908E-5 8.11986E-5 8.0356E-5 9.88354E-5 1.20219E-4 1.14312E-4 9.85902E-5 1.05131E-4 1.18107E-4 1.27326E-4 1.4598E-4 1.63046E-4 1.64228E-4 1.59007E-4 1.50893E-4 1.42406E-4 1.32067E-4 1.23523E-4 1.04225E-4 8.4424E-5 9.69051E-5 1.10307E-4
3.31521E-5 4.36613E-5 5.0994E-5 4.38556E-5 3.75282E-5 4.67343E-5 5.77759E-5 5.78222E-5 4.27706E-5 3.06639E-5 3.50339E-5 4.00737E-5 5.50394E-5 6.47099E-5 8.02416E-5 8.59694E-5 8.53362E-5 8.37274E-5 8.11085E-5 8.36379E-5 7.91471E-5 7.26257E-5 6.77163E-5 5.62452E-5 4.42121E-5 5.95741E-5 7.46096E-5 7.86005E-5 8.35841E-5 7.50498E-5 7.21844E-5 6.80757E-5 5.94059E-5 5.43491E-5 6.45873E-5 6.82712E-5 7.22497E-5 7.57268E-5 6.80714E-5 7.33904E-5 8.9723E-5 9.95401E-5 1.11257E-4 1.20495E-4 1.12509E-4 9.49778E-5 9.63408E-5 9.77329E-5 7.98782E-5 1.05895E-4 1.28433E-4 1.29198E-4 1.47773E-4 1.55914E-4 1.31586E-4 1.18423E-4 1.20296E-4 1.09241E-4 1.12359E-4 1.29192E-4 1.29678E-4
3.23925E-5 4.17449E-5 5.65382E-5 5.26767E-5 2.67829E-5 3.07493E-5 5.85226E-5 5.90468E-5 6.24524E-5 4.73085E-5 3.28688E-5 4.55374E-5 4.59265E-5 4.58591E-5 6.49228E-5 8.10079E-5 8.34601E-5 8.6803E-5 8.738E-5 8.57413E-5 8.43589E-5 7.9619E-5 7.45962E-5 7.11294E-5 5.5333E-5 5.73181E-5 7.44159E-5 4.86109E-5 5.24086E-5 6.36601E-5 6.4613E-5 6.27876E-5 5.24519E-5 4.74746E-5 5.89929E-5 6.41501E-5 8.10399E-5 7.49387E-5 9.25451E-5 1.04068E-4 1.04865E-4 1.13158E-4 1.21048E-4 1.0783E-4 1.02247E-4 9.53788E-5 1.08478E-4 1.09134E-4 8.72646E-5 7.78544E-5 1.01345E-4 1.07484E-4 1.15409E-4 1.42311E-4 1.36117E-4 1.43212E-4 1.28543E-4 1.22487E-4 1.17507E-4 1.10743E-4 1.15239E-4
3.6586E-5 4.65009E-5 5.54159E-5 4.87806E-5 2.77475E-5 2.78581E-5 6.28581E-5 4.6333E-5 6.10467E-5 5.65918E-5 4.03122E-5 3.61694E-5 3.77511E-5 5.09641E-5 6.73888E-5 7.63426E-5 7.39799E-5 7.87599E-5 8.53782E-5 8.34725E-5 8.21464E-5 6.99059E-5 6.49962E-5 6.52873E-5 7.3203E-5 7.7246E-5 8.48458E-5 5.87401E-5 4.34235E-5 5.0023E-5 5.39367E-5 5.1771E-5 5.42797E-5 6.07321E-5 6.47978E-5 7.17906E-5 8.35824E-5 9.78544E-5 1.08307E-4 1.06841E-4 1.16902E-4 1.22843E-4 1.13879E-4 1.10946E-4 1.16897E-4 1.21967E-4 1.23166E-4 1.00786E-4 8.53928E-5 8.45826E-5 1.14327E-4 1.03215E-4 8.83764E-5 8.72425E-5 1.13818E-4 1.17174E-4 1.11608E-4 1.20581E-4 1.32038E-4 1.19019E-4 1.1728E-4
3.07525E-5 4.53195E-5 4.68097E-5 3.79348E-5 2.19129E-5 2.67442E-5 5.17553E-5 4.66747E-5 3.84537E-5 4.72786E-5 4.94545E-5 2.58846E-5 3.23827E-5 4.86807E-5 7.22202E-5 6.32337E-5 6.33279E-5 7.28218E-5 8.39422E-5 8.41953E-5 8.28251E-5 7.06558E-5 5.66513E-5 6.37685E-5 7.22173E-5 6.4899E-5 7.24987E-5 8.21451E-5 6.1176E-5 3.85464E-5 4.67276E-5 5.84429E-5 5.88636E-5 7.52868E-5 7.66892E-5 7.82055E-5 5.9299E-5 7.10559E-5 1.13246E-4 1.1426E-4 8.19363E-5 8.71932E-5 1.26312E-4 1.31765E-4 1.3199E-4 1.37441E-4 1.26318E-4 1.1512E-4 1.15212E-4 1.40245E-4 1.24162E-4 1.15401E-4 9.5391E-5 9.03856E-5 7.30888E-5 7.4969E-5 9.0183E-5 1.24574E-4 1.20621E-4 1.1158E-4 1.05996E-4
5.14762E-5 3.9915E-5 2.84297E-5 2.03517E-5 2.19603E-5 2.97535E-5 2.47977E-5 3.60226E-5 2.55146E-5 3.98621E-5 4.78198E-5 2.67783E-5 3.20554E-5 3.95994E-5 5.08251E-5 6.39216E-5 6.71632E-5 7.56166E-5 7.8294E-5 8.00344E-5 8.55972E-5 7.74387E-5 4.52286E-5 5.65928E-5 3.82266E-5 4.86761E-5 3.16179E-5 4.89594E-5 5.40489E-5 4.85817E-5 4.64236E-5 4.57621E-5 5.04488E-5 5.24238E-5 6.60996E-5 5.32034E-5 4.98369E-5 5.97691E-5 7.61818E-5 8.19206E-5 8.07762E-5 9.23445E-5 1.3961E-4 1.38562E-4 1.35522E-4 9.8496E-5 1.54193E-4 1.44004E-4 1.30635E-4 1.61082E-4 1.50347E-4 1.43289E-4 1.23694E-4 1.05982E-4 8.47548E-5 7.44672E-5 8.13551E-5 8.51013E-5 1.17744E-4 1.31731E-4 1.17166E-4
7.47412E-5 5.1079E-5 3.38786E-5 2.48688E-5 3.03191E-5 1.84476E-5 1.7995E-5 2.93513E-5 2.26372E-5 4.30164E-5 5.1411E-5 4.44098E-5 2.68308E-5 2.26043E-5 4.36661E-5 4.25002E-5 4.95342E-5 7.3357E-5 4.41337E-5 4.91689E-5 5.28601E-5 4.92995E-5 4.39203E-5 3.72054E-5 4.22915E-5 3.01044E-5 4.05187E-5 4.20836E-5 4.87199E-5 4.95795E-5 5.45863E-5 5.28423E-5 5.8783E-5 5.59051E-5 4.01262E-5 2.88447E-5 3.97496E-5 5.31771E-5 7.83392E-5 7.43077E-5 8.3396E-5 9.04948E-5 8.75738E-5 9.70779E-5 9.35618E-5 9.62354E-5 1.03439E-4 9.63427E-5 1.03668E-4 1.72258E-4 1.04278E-4 1.48542E-4 1.49975E-4 1.36579E-4 1.28853E-4 9.90583E-5 5.86038E-5 9.19251E-5 1.31084E-4 1.25936E-4 1.20563E-4
7.55916E-5 5.80515E-5 4.18907E-5 3.03085E-5 2.84369E-5 2.16739E-5 1.6393E-5 2.40964E-5 2.84902E-5 2.46227E-5 5.30115E-5 5.33366E-5 2.57948E-5 4.10592E-5 5.68799E-5 4.95591E-5 4.45131E-5 4.95485E-5 4.99828E-5 5.20682E-5 5.23056E-5 4.43039E-5 4.28861E-5 3.81674E-5 2.83364E-5 3.25882E-5 4.1897E-5 5.31991E-5 5.5684E-5 4.15228E-5 4.70705E-5 5.97156E-5 5.60527E-5 4.82474E-5 4.92229E-5 3.72076E-5 4.59714E-5 6.28089E-5 7.65345E-5 7.94449E-5 8.66246E-5 8.90898E-5 8.23283E-5 8.43208E-5 9.5685E-5 9.52083E-5 8.94958E-5 1.04148E-4 1.0605E-4 9.76097E-5 1.42643E-4 1.33215E-4 1.61599E-4 1.59887E-4 1.46112E-4 7.35856E-5 5.08528E-5 7.78357E-5 1.19207E-4 1.20167E-4 1.06398E-4
9.17757E-5 6.06508E-5 5.33931E-5 4.48987E-5 4.09316E-5 2.99753E-5 2.12919E-5 1.76496E-5 1.70811E-5 1.83948E-5 3.22288E-5 3.93324E-5 3.81615E-5 3.62526E-5 4.2004E-5 4.74271E-5 4.88997E-5 4.91647E-5 4.83498E-5 5.00944E-5 4.52959E-5 3.53026E-5 3.83509E-5 4.61852E-5 4.70804E-5 4.857E-5 5.26778E-5 4.46061E-5 5.18967E-5 5.07185E-5 4.68119E-5 5.46818E-5 5.92233E-5 6.27146E-5 5.77156E-5 4.91697E-5 4.81636E-5 6.13676E-5 7.52591E-5 7.97932E-5 7.89084E-5 7.93151E-5 7.03669E-5 6.77353E-5 7.53245E-5 8.4501E-5 1.05677E-4 9.44161E-5 9.5373E-5 9.50813E-5 8.08569E-5 5.93616E-5 8.12542E-5 1.00074E-4 1.09841E-4 4.86161E-5 4.69597E-5 6.13723E-5 8.74227E-5 1.06758E-4 1.05281E-4
6.7346E-5 8.23792E-5 6.20643E-5 6.1512E-5 5.68912E-5 3.18778E-5 1.98897E-5 1.72083E-5 1.76311E-5 1.84989E-5 2.41936E-5 2.79257E-5 3.6262E-5 4.26669E-5 4.62355E-5 4.35422E-5 4.62433E-5 4.57954E-5 4.14366E-5 4.37165E-5 4.34362E-5 3.79215E-5 4.46628E-5 4.63093E-5 5.50067E-5 5.39351E-5 3.62467E-5 3.6461E-5 4.87287E-5 5.01789E-5 4.54829E-5 5.44163E-5 5.75618E-5 6.38117E-5 5.11593E-5 5.18944E-5 5.1697E-5 5.11875E-5 6.7165E-5 7.5983E-5 7.55024E-5 7.16795E-5 5.38731E-5 6.12057E-5 7.39025E-5 9.18623E-5 1.04701E-4 9.55894E-5 9.60306E-5 8.96457E-5 7.31174E-5 5.36358E-5 8.55136E-5 7.83979E-5 7.08764E-5 5.97266E-5 7.24662E-5 6.57865E-5 6.94265E-5 8.03666E-5 1.07232E-4
4.98068E-5 9.23561E-5 9.15488E-5 8.44296E-5 6.42447E-5 4.84656E-5 2.56887E-5 2.50973E-5 2.3786E-5 1.93633E-5 1.8911E-5 2.16213E-5 2.49194E-5 3.67472E-5 3.97202E-5 3.91119E-5 3.74889E-5 4.24019E-5 3.53284E-5 4.05512E-5 4.34241E-5 4.73913E-5 5.23824E-5 5.08729E-5 5.94225E-5 5.15952E-5 4.10996E-5 2.93935E-5 3.95132E-5 3.51458E-5 4.66442E-5 5.63181E-5 6.01369E-5 5.66963E-5 4.37756E-5 4.83717E-5 5.06842E-5 5.95418E-5 7.36291E-5 7.6723E-5 6.8291E-5 6.88436E-5 6.82049E-5 7.83416E-5 8.32331E-5 1.10172E-4 9.77987E-5 9.22732E-5 6.85853E-5 6.48566E-5 5.64714E-5 7.05351E-5 1.02389E-4 9.28422E-5 4.92819E-5 6.87019E-5 7.12825E-5 5.61218E-5 5.49937E-5 6.20805E-5 1.22306E-4
5.22881E-5 7.24625E-5 9.45631E-5 9.87594E-5 8.23105E-5 6.48138E-5 4.5114E-5 2.97185E-5 2.0704E-5 1.98853E-5 2.05599E-5 1.77902E-5 2.42417E-5 2.8532E-5 3.60956E-5 3.20683E-5 3.71965E-5 4.32402E-5 4.6732E-5 5.1834E-5 5.06042E-5 5.36287E-5 5.84504E-5 5.26907E-5 6.30575E-5 5.85238E-5 4.71319E-5 3.68054E-5 3.25252E-5 2.58678E-5 4.34054E-5 5.42424E-5 5.84814E-5 5.66371E-5 5.0651E-5 5.17228E-5 5.37688E-5 5.81955E-5 7.19717E-5 8.23682E-5 7.46352E-5 7.47956E-5 8.63826E-5 9.14264E-5 9.46219E-5 9.96994E-5 9.54271E-5 7.38371E-5 6.67802E-5 7.08547E-5 6.62548E-5 8.1651E-5 1.01899E-4 1.08393E-4 6.69973E-5 6.61241E-5 8.26866E-5 7.42792E-5 8.15465E-5 7.52869E-5 1.1871E-4
6.52118E-5 7.49181E-5 9.08861E-5 1.031E-4 9.73222E-5 8.00064E-5 4.66091E-5 2.32229E-5 2.50388E-5 2.84445E-5 2.30652E-5 2.13899E-5 2.04102E-5 2.29054E-5 3.03774E-5 3.73477E-5 3.54402E-5 4.30564E-5 5.14981E-5 4.36763E-5 4.32047E-5 4.94394E-5 4.92543E-5 6.00813E-5 5.82256E-5 4.8427E-5 5.0824E-5 4.37341E-5 3.31307E-5 3.5193E-5 4.81384E-5 5.28849E-5 5.73178E-5 6.03387E-5 5.157E-5 6.02092E-5 7.05018E-5 7.34411E-5 8.03239E-5 7.64149E-5 7.84317E-5 8.29561E-5 8.78302E-5 8.36617E-5 8.89336E-5 8.7747E-5 7.92693E-5 6.93245E-5 7.15553E-5 7.6964E-5 8.14517E-5 8.70661E-5 9.86965E-5 1.15503E-4 7.92175E-5 8.95348E-5 9.31645E-5 9.21383E-5 9.32474E-5 7.56476E-5 8.13537E-5
5.90445E-5 7.27928E-5 8.07564E-5 1.07509E-4 9.89823E-5 8.71389E-5 6.66426E-5 4.21268E-5 4.0116E-5 2.40184E-5 2.37381E-5 2.23979E-5 2.04806E-5 2.32667E-5 2.56458E-5 2.34278E-5 3.64313E-5 4.66454E-5 5.2152E-5 4.25865E-5 4.15871E-5 3.85808E-5 4.49771E-5 5.66337E-5 6.50538E-5 4.95694E-5 4.5689E-5 4.23078E-5 4.25207E-5 3.54491E-5 3.57597E-5 4.81618E-5 5.94524E-5 5.82115E-5 6.08637E-5 6.05889E-5 7.07438E-5 7.40999E-5 7.52406E-5 8.32702E-5 8.79895E-5 8.42864E-5 8.4254E-5 8.96592E-5 8.88739E-5 7.3184E-5 5.0386E-5 6.66805E-5 7.57555E-5 8.06725E-5 9.78286E-5 9.59542E-5 1.21201E-4 1.09393E-4 9.63151E-5 1.13261E-4 1.19414E-4 1.06808E-4 8.29916E-5 8.88624E-5 1.14001E-4
4.53854E-5 6.63318E-5 8.0127E-5 1.04885E-4 9.66361E-5 8.68129E-5 7.38626E-5 5.82105E-5 4.69014E-5 2.95411E-5 2.85092E-5 2.74395E-5 2.61652E-5 2.55472E-5 2.38203E-5 2.94611E-5 3.69229E-5 4.45106E-5 4.90297E-5 4.15353E-5 4.52762E-5 3.55791E-5 3.40288E-5 3.82379E-5 6.19975E-5 6.93981E-5 5.95177E-5 5.15521E-5 5.32854E-5 4.73885E-5 3.02035E-5 5.18885E-5 5.74457E-5 5.1485E-5 5.91711E-5 6.59831E-5 7.01847E-5 7.00105E-5 6.73076E-5 7.6403E-5 8.63807E-5 8.69258E-5 8.8218E-5 8.31712E-5 6.99954E-5 5.31387E-5 4.70111E-5 7.13063E-5 8.36812E-5 9.76047E-5 1.11261E-4 1.19693E-4 1.24556E-4 1.03722E-4 1.16067E-4 1.33032E-4 1.39231E-4 1.42555E-4 1.3719E-4 1.49595E-4 1.65185E-4
5.23471E-5 5.10007E-5 5.98152E-5 8.35228E-5 9.79083E-5 1.00482E-4 8.20872E-5 7.72398E-5 5.77202E-5 4.38786E-5 4.39367E-5 3.26186E-5 3.49638E-5 2.53465E-5 2.65294E-5 2.7224E-5 2.89229E-5 3.28911E-5 3.62357E-5 4.52468E-5 4.87944E-5 4.14523E-5 3.57445E-5 3.50183E-5 5.22236E-5 7.25553E-5 6.20495E-5 5.51103E-5 5.56251E-5 5.33086E-5 5.05368E-5 4.96536E-5 4.32351E-5 4.23646E-5 5.64019E-5 6.32474E-5 6.6715E-5 6.87172E-5 5.98242E-5 7.90464E-5 8.74329E-5 8.61136E-5 8.95207E-5 8.2263E-5 6.89535E-5 4.61025E-5 4.75486E-5 5.36548E-5 6.52307E-5 7.8771E-5 1.02004E-4 1.27431E-4 1.20178E-4 1.06182E-4 1.37189E-4 1.37674E-4 1.03607E-4 1.16371E-4 1.09929E-4 1.4125E-4 1.70982E-4
5.12491E-5 5.71517E-5 7.36685E-5 7.26436E-5 9.02959E-5 1.08245E-4 9.20508E-5 9.61223E-5 8.15706E-5 6.67157E-5 6.69202E-5 5.92685E-5 3.58684E-5 2.78832E-5 2.77789E-5 2.72158E-5 2.56836E-5 2.84548E-5 3.64478E-5 4.58255E-5 3.78836E-5 4.25435E-5 3.9367E-5 4.27524E-5 5.51699E-5 7.18364E-5 6.66308E-5 5.5102E-5 4.9759E-5 5.01068E-5 5.80625E-5 4.53903E-5 3.83539E-5 3.37032E-5 4.47557E-5 5.44636E-5 6.5997E-5 6.81439E-5 7.17775E-5 8.11413E-5 8.61167E-5 7.87695E-5 6.97226E-5 6.04242E-5 7.14645E-5 5.58509E-5 5.66283E-5 7.09496E-5 6.34258E-5 8.28306E-5 1.11406E-4 1.32494E-4 1.20748E-4 1.30206E-4 1.41677E-4 1.38793E-4 1.04601E-4 1.02952E-4 1.08235E-4 1.1345E-4 1.49054E-4
