Artocarpus heterophyllus SDM files/Last interglacial/results (without bias file)/Arthet_stddev.asc
ncols         625
nrows         721
xllcorner     69.99986311115
yllcorner     5.99986151914999
cellsize      0.041666667
NODATA_value  -9999
[rows 189 to 215 of 721, columns 0 to 60 of 625]
6.41849E-3 4.89368E-3 4.89135E-3 4.88788E-3 4.8734E-3 4.89152E-3 4.83779E-3 4.83462E-3 5.07468E-3 5.07125E-3 5.319E-3 5.0909E-3 5.03372E-3 5.03161E-3 5.01977E-3 5.32502E-3 5.04699E-3 4.83793E-3 4.83671E-3 4.82688E-3 4.82446E-3 5.18271E-3 5.15257E-3 4.95221E-3 4.92296E-3 4.73743E-3 5.0201E-3 4.97965E-3 5.00611E-3 5.00446E-3 4.9639E-3 4.96057E-3 4.90563E-3 4.95868E-3 4.77181E-3 4.77168E-3 4.60168E-3 4.76458E-3 4.67046E-3 4.66695E-3 4.66515E-3 4.66334E-3 4.74891E-3 4.54028E-3 4.40536E-3 4.33472E-3 4.069E-3 4.33442E-3 4.23169E-3 4.23782E-3 3.89133E-3 3.88748E-3 3.93295E-3 3.91512E-3 3.94274E-3 3.8677E-3 3.80513E-3 3.78348E-3 3.78163E-3 3.76811E-3 3.78163E-3
4.65369E-3 4.85713E-3 4.6178E-3 4.85735E-3 5.07107E-3 4.82167E-3 4.83779E-3 5.04178E-3 4.79961E-3 4.79783E-3 5.2981E-3 5.26252E-3 5.03266E-3 4.7999E-3 5.06457E-3 4.76544E-3 4.82634E-3 5.0458E-3 4.83793E-3 4.80842E-3 4.78084E-3 4.94338E-3 5.10624E-3 5.10347E-3 5.07332E-3 4.72502E-3 4.80634E-3 4.80394E-3 4.80514E-3 5.10962E-3 5.11118E-3 4.91063E-3 4.49348E-3 4.94312E-3 4.76764E-3 4.60179E-3 4.60363E-3 4.84117E-3 4.66695E-3 4.66334E-3 4.66507E-3 4.75747E-3 4.50153E-3 4.58547E-3 4.41508E-3 4.48752E-3 4.4813E-3 4.14935E-3 3.98214E-3 3.97072E-3 3.90396E-3 3.93477E-3 3.89951E-3 3.97021E-3 3.90982E-3 3.80579E-3 3.80138E-3 3.80138E-3 3.76998E-3 3.80318E-3 3.41794E-3
4.63765E-3 4.64939E-3 4.84078E-3 4.63195E-3 5.06003E-3 5.03574E-3 4.81842E-3 5.01804E-3 5.00011E-3 4.99632E-3 4.7484E-3 4.78992E-3 4.77325E-3 4.75873E-3 4.75532E-3 4.73509E-3 4.99896E-3 4.79399E-3 4.77464E-3 4.77105E-3 4.76986E-3 4.75427E-3 4.53577E-3 4.87072E-3 4.86784E-3 4.86784E-3 4.79255E-3 4.85051E-3 4.79012E-3 5.02376E-3 4.5992E-3 5.05321E-3 4.63108E-3 4.91151E-3 4.60363E-3 4.33978E-3 4.67831E-3 4.67647E-3 4.66689E-3 4.75747E-3 4.6006E-3 4.59687E-3 4.24617E-3 4.24276E-3 4.11385E-3 4.45023E-3 4.10412E-3 4.14755E-3 4.07739E-3 3.97642E-3 3.93477E-3 3.8643E-3 3.91159E-3 3.90806E-3 3.91159E-3 3.86216E-3 3.84759E-3 3.84759E-3 3.54611E-3 3.73755E-3 3.45359E-3
4.42368E-3 4.61888E-3 4.83877E-3 4.80472E-3 4.78819E-3 4.78534E-3 5.00102E-3 4.96752E-3 4.75262E-3 4.73296E-3 4.52155E-3 4.78083E-3 4.70389E-3 4.74052E-3 4.73725E-3 4.69914E-3 4.78891E-3 4.79034E-3 4.77344E-3 4.76986E-3 4.74417E-3 4.54713E-3 4.55278E-3 5.01644E-3 4.8038E-3 4.80255E-3 4.77988E-3 4.77988E-3 4.64121E-3 4.75969E-3 4.71885E-3 4.55107E-3 4.70155E-3 4.47057E-3 4.73591E-3 4.54395E-3 4.67053E-3 4.51796E-3 4.53113E-3 4.33482E-3 4.24958E-3 4.2513E-3 4.2605E-3 4.25877E-3 4.11385E-3 4.18624E-3 4.1986E-3 4.15894E-3 4.05153E-3 4.0372E-3 3.93659E-3 3.96508E-3 3.91344E-3 3.9117E-3 3.64092E-3 3.83952E-3 3.87567E-3 3.54948E-3 3.51488E-3 3.53303E-3 3.53643E-3
4.84381E-3 4.84078E-3 4.58465E-3 4.34129E-3 4.56696E-3 4.53542E-3 4.96752E-3 4.74276E-3 4.71396E-3 4.72053E-3 4.52372E-3 4.49389E-3 4.73206E-3 4.73094E-3 4.72762E-3 4.69914E-3 4.78891E-3 4.76351E-3 4.57401E-3 4.57513E-3 4.55092E-3 4.54839E-3 4.48146E-3 4.47934E-3 4.45787E-3 4.77988E-3 4.56939E-3 4.75861E-3 4.75645E-3 4.52705E-3 4.52681E-3 4.55315E-3 4.61191E-3 4.61191E-3 4.5532E-3 4.64863E-3 4.40135E-3 4.40693E-3 4.49671E-3 4.56205E-3 4.56205E-3 4.4861E-3 4.41311E-3 4.39374E-3 4.23244E-3 4.18505E-3 4.18845E-3 4.16145E-3 4.17513E-3 4.12215E-3 4.10778E-3 3.73486E-3 3.59817E-3 3.64092E-3 3.6867E-3 3.64248E-3 3.67033E-3 3.57326E-3 3.57164E-3 3.57164E-3 3.50272E-3
4.39821E-3 3.76246E-3 4.38602E-3 4.52769E-3 4.52559E-3 4.51194E-3 4.32186E-3 4.46911E-3 4.70042E-3 4.50195E-3 4.69541E-3 4.65534E-3 4.91688E-3 4.69752E-3 4.6966E-3 4.67176E-3 4.468E-3 4.46704E-3 4.72159E-3 4.25589E-3 4.50224E-3 4.38055E-3 4.4778E-3 4.47671E-3 4.27638E-3 4.59427E-3 4.25154E-3 4.56808E-3 4.56808E-3 4.52965E-3 4.53007E-3 4.71882E-3 4.74837E-3 4.63685E-3 4.54843E-3 4.54843E-3 4.40709E-3 4.5652E-3 4.56679E-3 4.5652E-3 4.49346E-3 4.4861E-3 4.56205E-3 4.39374E-3 4.23719E-3 4.24684E-3 4.24515E-3 4.24785E-3 4.12884E-3 4.14439E-3 4.09146E-3 3.78353E-3 3.98959E-3 4.01781E-3 3.64248E-3 3.6378E-3 3.5503E-3 3.57002E-3 3.57002E-3 3.6579E-3 3.63498E-3
3.76454E-3 3.72702E-3 3.70233E-3 4.34358E-3 3.90839E-3 4.03109E-3 4.47099E-3 4.46818E-3 4.51251E-3 4.51038E-3 4.66053E-3 4.44824E-3 4.699E-3 4.45227E-3 4.68326E-3 4.68047E-3 4.47837E-3 4.28318E-3 4.54933E-3 4.5376E-3 4.5171E-3 4.18276E-3 4.16385E-3 4.31229E-3 4.12766E-3 4.573E-3 4.3975E-3 4.233E-3 4.53007E-3 4.72133E-3 4.72007E-3 4.74682E-3 4.6426E-3 4.63891E-3 4.53204E-3 4.64886E-3 4.70043E-3 4.57394E-3 4.49834E-3 4.49508E-3 4.40214E-3 4.4005E-3 4.56913E-3 4.39699E-3 4.40214E-3 4.37431E-3 4.2285E-3 3.93981E-3 3.94125E-3 3.93837E-3 3.90503E-3 3.75665E-3 3.83738E-3 3.67033E-3 3.66875E-3 3.62611E-3 3.67982E-3 3.6817E-3 3.65597E-3 3.78536E-3 3.73518E-3
3.77431E-3 3.71943E-3 3.57245E-3 3.67646E-3 3.85953E-3 3.85858E-3 4.48168E-3 3.99976E-3 4.28486E-3 4.46771E-3 4.4642E-3 4.26983E-3 4.4616E-3 4.24786E-3 4.24395E-3 4.30201E-3 4.29998E-3 4.27881E-3 4.27678E-3 4.25993E-3 4.08767E-3 4.18968E-3 4.16903E-3 3.96977E-3 3.96977E-3 4.12709E-3 4.25613E-3 4.25613E-3 4.54064E-3 4.7583E-3 4.26408E-3 4.65012E-3 4.35127E-3 4.1682E-3 4.33786E-3 4.52192E-3 4.699E-3 4.7057E-3 4.40379E-3 4.4005E-3 4.08116E-3 4.39886E-3 4.50173E-3 4.08401E-3 4.07973E-3 4.06001E-3 4.05731E-3 3.9207E-3 3.91929E-3 3.91522E-3 3.81068E-3 3.8049E-3 3.72276E-3 3.8049E-3 3.59338E-3 3.59161E-3 3.78177E-3 3.77987E-3 3.44456E-3 3.78536E-3 3.54615E-3
3.71744E-3 3.58211E-3 3.67557E-3 3.61975E-3 3.85155E-3 3.83612E-3 3.81728E-3 3.66364E-3 3.82463E-3 3.8235E-3 3.64885E-3 3.90444E-3 3.9037E-3 4.24666E-3 4.07075E-3 4.30286E-3 4.04673E-3 4.10562E-3 4.10457E-3 4.27965E-3 3.93922E-3 3.9189E-3 3.91819E-3 4.14654E-3 3.96453E-3 4.12444E-3 4.29166E-3 4.43694E-3 4.43367E-3 4.28598E-3 4.373E-3 4.54231E-3 4.35042E-3 4.34188E-3 4.34086E-3 4.39011E-3 4.38888E-3 4.21458E-3 4.23002E-3 4.57695E-3 4.24658E-3 4.25042E-3 3.94448E-3 3.94299E-3 4.05865E-3 4.05596E-3 3.90708E-3 3.91788E-3 3.69089E-3 3.62959E-3 3.7365E-3 3.73358E-3 3.73069E-3 3.64751E-3 3.61827E-3 3.62389E-3 3.7815E-3 3.4564E-3 3.46169E-3 3.8761E-3 3.55038E-3
3.50161E-3 3.5282E-3 3.61998E-3 3.61038E-3 3.60802E-3 3.83341E-3 3.65661E-3 3.64974E-3 3.81769E-3 3.90743E-3 3.90668E-3 3.90518E-3 3.71907E-3 3.72502E-3 3.72338E-3 3.55859E-3 3.70518E-3 3.96466E-3 3.94524E-3 3.94241E-3 3.94171E-3 3.91974E-3 4.20287E-3 3.76059E-3 4.00401E-3 3.99078E-3 4.14497E-3 4.14529E-3 4.28598E-3 4.28376E-3 4.373E-3 4.37194E-3 4.20992E-3 4.37088E-3 4.18839E-3 4.09515E-3 4.22372E-3 4.22244E-3 4.225E-3 4.39907E-3 4.2404E-3 4.09166E-3 3.94434E-3 3.959E-3 3.93693E-3 3.88136E-3 3.99783E-3 4.06417E-3 3.91386E-3 3.98559E-3 3.7041E-3 3.64106E-3 3.33888E-3 3.41619E-3 3.4564E-3 3.80982E-3 3.54681E-3 3.5486E-3 3.56747E-3 3.55278E-3 3.54075E-3
3.34963E-3 3.47336E-3 3.60497E-3 3.60724E-3 3.45615E-3 3.6097E-3 3.60875E-3 3.65325E-3 3.64646E-3 3.6319E-3 3.6224E-3 3.62116E-3 3.71907E-3 3.70908E-3 3.70828E-3 3.7107E-3 3.55102E-3 3.63021E-3 4.09169E-3 3.7511E-3 3.955E-3 3.78058E-3 3.95362E-3 3.7645E-3 3.91576E-3 3.72794E-3 3.72489E-3 3.99016E-3 4.12858E-3 4.29843E-3 4.38567E-3 4.20569E-3 4.18839E-3 4.18839E-3 4.18622E-3 4.18405E-3 4.25101E-3 4.22628E-3 4.22244E-3 4.22116E-3 4.08016E-3 4.22605E-3 4.08881E-3 4.08881E-3 4.2306E-3 4.00977E-3 3.69089E-3 3.38189E-3 3.61694E-3 3.40162E-3 3.49264E-3 3.45581E-3 3.78878E-3 3.82057E-3 3.56385E-3 3.5969E-3 3.56393E-3 3.48758E-3 3.52253E-3 3.54046E-3 3.53837E-3
3.29753E-3 3.28382E-3 3.28307E-3 3.43476E-3 3.43389E-3 3.4361E-3 3.28219E-3 3.28219E-3 3.47489E-3 3.47343E-3 3.46597E-3 3.45831E-3 3.3528E-3 3.59145E-3 3.58374E-3 3.58288E-3 3.53273E-3 3.34572E-3 3.39445E-3 3.66645E-3 3.67485E-3 3.67424E-3 3.76436E-3 3.58833E-3 3.56893E-3 3.56741E-3 3.76392E-3 3.76392E-3 3.7632E-3 3.97613E-3 4.20635E-3 4.20415E-3 4.20222E-3 4.20114E-3 4.10334E-3 4.1819E-3 4.24584E-3 3.5309E-3 3.97337E-3 3.68477E-3 3.60504E-3 3.88861E-3 3.88512E-3 4.21079E-3 3.79894E-3 3.37737E-3 3.36359E-3 3.36359E-3 3.30444E-3 3.50696E-3 3.48476E-3 3.49428E-3 3.49264E-3 3.48775E-3 3.47985E-3 3.55741E-3 3.52596E-3 3.52408E-3 3.52253E-3 3.53504E-3 3.53075E-3
3.27689E-3 3.28233E-3 3.13708E-3 3.26049E-3 3.27228E-3 3.28219E-3 3.26813E-3 3.26346E-3 3.46162E-3 3.30339E-3 3.353E-3 3.34262E-3 3.33721E-3 3.41845E-3 3.4109E-3 3.41056E-3 3.30272E-3 2.87595E-3 2.87623E-3 3.23572E-3 3.23494E-3 3.66498E-3 3.23357E-3 3.10636E-3 3.30119E-3 3.30913E-3 3.46001E-3 3.41595E-3 3.59681E-3 3.61661E-3 3.61493E-3 3.47132E-3 3.451E-3 3.7728E-3 3.56883E-3 3.6695E-3 3.56612E-3 3.56612E-3 3.58325E-3 3.68477E-3 3.64356E-3 3.57018E-3 3.43828E-3 3.43947E-3 3.4961E-3 3.36294E-3 3.32978E-3 3.30444E-3 3.37289E-3 3.40712E-3 3.41005E-3 3.48451E-3 3.48613E-3 3.48613E-3 3.43772E-3 3.52098E-3 3.52331E-3 3.53102E-3 3.52273E-3 3.26985E-3 3.5532E-3
3.26344E-3 3.2627E-3 3.13273E-3 3.13031E-3 3.25443E-3 3.26285E-3 3.26224E-3 3.11619E-3 3.11364E-3 3.11588E-3 3.33246E-3 3.18089E-3 3.18039E-3 3.16795E-3 3.29422E-3 3.29339E-3 3.15347E-3 3.15248E-3 2.86863E-3 2.85742E-3 2.73232E-3 3.22648E-3 3.09922E-3 3.04408E-3 3.04408E-3 3.04307E-3 3.40783E-3 3.40692E-3 3.26314E-3 3.44876E-3 3.43402E-3 3.46063E-3 3.59334E-3 3.5963E-3 3.5963E-3 3.56688E-3 3.564E-3 3.56358E-3 3.66613E-3 3.63955E-3 3.63517E-3 3.52739E-3 3.52984E-3 3.56358E-3 3.44527E-3 3.4695E-3 3.46844E-3 3.40858E-3 3.40421E-3 3.33457E-3 3.39989E-3 3.39722E-3 3.43998E-3 3.56706E-3 3.63669E-3 3.63669E-3 3.62577E-3 3.23717E-3 3.27682E-3 3.55372E-3 3.23577E-3
3.11614E-3 3.00488E-3 3.01752E-3 2.99946E-3 3.10813E-3 2.97416E-3 3.11336E-3 3.11579E-3 2.94953E-3 2.94936E-3 3.12424E-3 3.17501E-3 3.16257E-3 3.04024E-3 2.90771E-3 2.89834E-3 3.14405E-3 2.51657E-3 2.72444E-3 2.72454E-3 2.72406E-3 3.09213E-3 3.09776E-3 3.03679E-3 2.92276E-3 2.92276E-3 3.01472E-3 3.16379E-3 3.1631E-3 3.4115E-3 3.20628E-3 3.49844E-3 3.51061E-3 3.46063E-3 3.59043E-3 3.58852E-3 3.61282E-3 3.6653E-3 3.56107E-3 3.6372E-3 3.68993E-3 3.52861E-3 3.30424E-3 3.55981E-3 3.55545E-3 3.26925E-3 3.40566E-3 3.39082E-3 3.11622E-3 3.48175E-3 3.39095E-3 3.1912E-3 3.40472E-3 3.48638E-3 3.49671E-3 3.56373E-3 3.33689E-3 3.5592E-3 3.55861E-3 3.26773E-3 3.22848E-3
2.99209E-3 2.88265E-3 2.9977E-3 3.10662E-3 3.09222E-3 2.81515E-3 2.94953E-3 2.95202E-3 2.94919E-3 2.94857E-3 2.94573E-3 2.83378E-3 3.03933E-3 2.70627E-3 2.89759E-3 2.89686E-3 2.77776E-3 2.72467E-3 2.39739E-3 2.39745E-3 2.3965E-3 2.39642E-3 2.97973E-3 2.91544E-3 2.92162E-3 2.88002E-3 2.87953E-3 3.01224E-3 3.01771E-3 3.05044E-3 3.15708E-3 3.10992E-3 3.11538E-3 3.21666E-3 3.21764E-3 3.21569E-3 3.58453E-3 3.37122E-3 3.63E-3 3.70915E-3 3.22486E-3 3.07933E-3 3.07548E-3 3.07294E-3 3.39703E-3 3.17141E-3 3.26429E-3 3.49769E-3 3.24232E-3 3.26901E-3 3.23904E-3 3.20671E-3 3.20672E-3 3.23851E-3 3.23056E-3 3.27616E-3 3.23473E-3 3.20164E-3 3.20224E-3 3.23145E-3 3.24006E-3
3.40934E-3 2.7654E-3 2.8499E-3 2.8499E-3 2.95868E-3 2.81572E-3 2.81461E-3 2.93329E-3 2.93313E-3 2.97805E-3 2.84346E-3 2.70041E-3 2.70016E-3 2.69991E-3 2.58189E-3 2.6671E-3 2.77606E-3 2.39768E-3 2.39768E-3 2.39768E-3 2.39049E-3 2.29649E-3 2.70744E-3 2.71097E-3 2.70964E-3 2.87281E-3 2.87761E-3 2.91672E-3 2.9229E-3 2.99333E-3 3.16284E-3 3.16075E-3 3.15971E-3 3.16968E-3 3.20727E-3 3.21194E-3 3.28576E-3 3.28576E-3 3.31791E-3 3.41984E-3 3.17406E-3 3.1701E-3 3.11902E-3 3.23711E-3 3.23711E-3 3.18048E-3 3.07677E-3 3.07784E-3 3.17019E-3 3.22798E-3 3.22651E-3 3.19738E-3 3.19612E-3 3.19456E-3 3.19456E-3 3.22348E-3 3.32948E-3 3.27347E-3 3.20434E-3 3.18249E-3 3.18058E-3
3.30695E-3 3.30347E-3 3.31315E-3 3.43278E-3 3.67726E-3 2.66695E-3 2.6668E-3 2.66546E-3 2.70419E-3 2.5738E-3 2.58345E-3 2.57835E-3 2.57835E-3 2.57804E-3 2.4761E-3 2.58189E-3 2.47638E-3 2.67172E-3 2.67026E-3 2.30786E-3 2.23496E-3 2.23496E-3 2.62411E-3 2.57202E-3 2.62838E-3 2.62788E-3 2.63221E-3 2.71194E-3 2.97386E-3 2.77375E-3 2.77876E-3 3.15708E-3 3.15499E-3 3.09807E-3 3.10344E-3 3.21281E-3 3.19587E-3 3.19184E-3 3.35274E-3 3.26759E-3 3.2062E-3 3.26235E-3 3.26496E-3 3.26366E-3 3.26258E-3 3.20557E-3 3.09935E-3 3.09617E-3 3.16191E-3 3.2183E-3 3.19283E-3 3.17384E-3 3.19439E-3 3.18914E-3 3.19158E-3 3.19315E-3 3.22058E-3 3.22712E-3 3.25523E-3 3.20322E-3 3.19881E-3
3.2897E-3 3.19479E-3 3.29431E-3 3.29499E-3 3.31702E-3 3.51113E-3 3.5686E-3 3.34552E-3 3.55131E-3 3.46994E-3 3.34543E-3 2.4286E-3 2.57337E-3 2.472E-3 2.47021E-3 2.48392E-3 2.47867E-3 2.47831E-3 2.47795E-3 2.40467E-3 2.23877E-3 2.23259E-3 2.6258E-3 2.6247E-3 2.5743E-3 2.57487E-3 2.62738E-3 2.68048E-3 2.67733E-3 2.6798E-3 2.7688E-3 2.8829E-3 2.9157E-3 2.79982E-3 3.01711E-3 3.10155E-3 3.18536E-3 3.25106E-3 3.24974E-3 3.19708E-3 3.20758E-3 3.25514E-3 3.19616E-3 3.19206E-3 3.19743E-3 2.93471E-3 3.03852E-3 2.92106E-3 3.16225E-3 2.95649E-3 3.18668E-3 2.95235E-3 3.18648E-3 3.18397E-3 3.18493E-3 2.95078E-3 2.97948E-3 3.22145E-3 2.9878E-3 2.9652E-3 2.9627E-3
3.19618E-3 3.13287E-3 3.18095E-3 3.1867E-3 3.19813E-3 3.22849E-3 3.42587E-3 3.45687E-3 3.33154E-3 3.3473E-3 3.36321E-3 3.25593E-3 3.36809E-3 3.25366E-3 3.25278E-3 3.26204E-3 3.44283E-3 3.43653E-3 3.42589E-3 3.42723E-3 2.35188E-3 3.41158E-3 2.67627E-3 2.46379E-3 2.61993E-3 2.62101E-3 2.62155E-3 2.67133E-3 2.67932E-3 2.67884E-3 2.68514E-3 2.72017E-3 2.79637E-3 2.84245E-3 2.84631E-3 2.92055E-3 3.0037E-3 2.95059E-3 2.95431E-3 3.25085E-3 2.95057E-3 2.94933E-3 2.94809E-3 2.94992E-3 2.95006E-3 2.80919E-3 2.90106E-3 2.89712E-3 2.89843E-3 2.94014E-3 2.94087E-3 2.94007E-3 3.1843E-3 2.95198E-3 2.9521E-3 2.94867E-3 2.95506E-3 2.94961E-3 3.21857E-3 3.87861E-3 3.87187E-3
2.96456E-3 3.03151E-3 3.1689E-3 3.06038E-3 3.23043E-3 3.12133E-3 3.11891E-3 3.34211E-3 3.34918E-3 3.35613E-3 3.37213E-3 3.26431E-3 3.26116E-3 3.18316E-3 3.18934E-3 3.19485E-3 3.19647E-3 3.37884E-3 3.4317E-3 3.35594E-3 3.35594E-3 3.2368E-3 3.37245E-3 3.35889E-3 3.3472E-3 2.4533E-3 2.4533E-3 2.61737E-3 2.45627E-3 2.61576E-3 2.62875E-3 2.68228E-3 2.79466E-3 2.79671E-3 2.79466E-3 2.83866E-3 2.91083E-3 2.91601E-3 2.94205E-3 2.91293E-3 2.91473E-3 2.91659E-3 3.8381E-3 3.83784E-3 3.85668E-3 3.8267E-3 3.82704E-3 3.82704E-3 3.82637E-3 3.80323E-3 3.885E-3 3.90522E-3 3.89028E-3 3.88944E-3 3.88033E-3 3.89876E-3 3.89067E-3 3.88294E-3 3.87386E-3 3.8778E-3 3.86894E-3
2.94822E-3 2.91169E-3 2.92566E-3 3.07122E-3 3.11077E-3 3.01991E-3 3.12806E-3 3.12477E-3 3.03164E-3 3.04087E-3 3.25278E-3 3.05895E-3 3.18866E-3 2.98649E-3 3.29113E-3 3.19505E-3 3.14544E-3 3.0957E-3 3.03749E-3 2.98799E-3 3.06755E-3 3.19259E-3 3.37245E-3 3.35569E-3 3.344E-3 3.34299E-3 3.3435E-3 3.34868E-3 3.3534E-3 3.3554E-3 3.25033E-3 3.3539E-3 3.41219E-3 3.37974E-3 3.66875E-3 3.42526E-3 3.50097E-3 3.80674E-3 3.7959E-3 3.79447E-3 3.5041E-3 3.80269E-3 3.80335E-3 3.89051E-3 3.80281E-3 3.80281E-3 3.52567E-3 3.81317E-3 3.80696E-3 3.81238E-3 3.88769E-3 3.8885E-3 3.89427E-3 3.89966E-3 3.87536E-3 3.87646E-3 3.91146E-3 3.89067E-3 3.86358E-3 3.88616E-3 3.87191E-3
2.9367E-3 2.91386E-3 2.9042E-3 2.92668E-3 2.84293E-3 3.14341E-3 3.131E-3 3.12904E-3 3.02948E-3 3.04466E-3 2.96732E-3 2.98353E-3 3.20014E-3 3.20041E-3 2.98922E-3 3.13238E-3 3.1496E-3 3.14689E-3 3.04856E-3 3.04951E-3 3.04109E-3 3.13735E-3 3.12352E-3 3.32758E-3 3.09367E-3 3.31349E-3 3.31474E-3 3.32211E-3 3.32092E-3 3.32211E-3 3.21841E-3 3.36268E-3 3.37267E-3 3.37987E-3 3.37072E-3 3.42006E-3 3.48948E-3 3.49433E-3 3.50366E-3 3.5041E-3 3.50882E-3 3.58585E-3 3.88534E-3 3.90464E-3 3.80599E-3 3.80406E-3 3.80736E-3 3.52802E-3 3.53208E-3 3.47805E-3 3.478E-3 3.78718E-3 3.88802E-3 3.88729E-3 3.87764E-3 3.87903E-3 3.87547E-3 3.88285E-3 3.87801E-3 3.87867E-3 3.86552E-3
2.76318E-3 2.84598E-3 2.93599E-3 2.95447E-3 2.9743E-3 2.97324E-3 2.99322E-3 3.03625E-3 2.86283E-3 2.9671E-3 2.97726E-3 2.99818E-3 3.01655E-3 2.94347E-3 2.9347E-3 2.94664E-3 2.94664E-3 2.93863E-3 3.0969E-3 3.08133E-3 3.23623E-3 3.14696E-3 3.1194E-3 3.10936E-3 3.09607E-3 3.07893E-3 3.08043E-3 3.08859E-3 3.29847E-3 3.08159E-3 3.32458E-3 3.37096E-3 3.34011E-3 3.36146E-3 3.36608E-3 3.37539E-3 3.48565E-3 3.49453E-3 3.49543E-3 3.57167E-3 3.58047E-3 3.58047E-3 3.60402E-3 3.6094E-3 3.53136E-3 3.53065E-3 3.52806E-3 3.52554E-3 3.79778E-3 3.47317E-3 3.75204E-3 3.43324E-3 3.778E-3 3.86242E-3 3.86254E-3 3.85672E-3 3.86127E-3 3.85779E-3 3.86351E-3 3.85875E-3 3.55584E-3
2.68818E-3 2.71896E-3 2.81918E-3 2.94055E-3 2.96001E-3 2.88363E-3 2.90288E-3 2.87547E-3 2.79262E-3 2.75356E-3 2.9285E-3 2.94695E-3 2.94181E-3 2.89352E-3 2.89908E-3 2.89334E-3 2.89517E-3 2.86307E-3 2.83579E-3 2.81003E-3 2.7799E-3 2.93284E-3 3.11454E-3 3.08753E-3 3.18119E-3 3.18638E-3 3.07355E-3 3.06606E-3 3.09326E-3 3.09286E-3 3.08237E-3 3.26176E-3 3.10927E-3 3.31748E-3 3.13382E-3 3.48919E-3 3.37388E-3 3.58377E-3 3.1489E-3 3.49587E-3 3.58246E-3 3.50096E-3 3.62296E-3 3.62246E-3 3.51808E-3 3.51737E-3 3.51808E-3 3.51737E-3 3.575E-3 3.42765E-3 3.42765E-3 3.43318E-3 3.54142E-3 3.55055E-3 3.54854E-3 3.55051E-3 3.54701E-3 3.54854E-3 3.86115E-3 3.59826E-3 3.60512E-3
3.32127E-3 2.64559E-3 3.67091E-3 3.47856E-3 3.77482E-3 3.79802E-3 2.84504E-3 2.86312E-3 3.67896E-3 3.55232E-3 3.80212E-3 3.66312E-3 3.03896E-3 2.736E-3 2.90121E-3 2.89925E-3 2.85778E-3 2.80964E-3 2.78978E-3 2.79335E-3 2.76174E-3 2.91828E-3 2.90727E-3 2.89646E-3 2.89646E-3 3.08517E-3 3.08925E-3 3.08819E-3 3.07608E-3 3.07844E-3 3.07608E-3 3.05068E-3 3.04956E-3 3.05099E-3 3.10733E-3 3.26397E-3 3.26566E-3 3.27671E-3 3.27744E-3 3.49371E-3 3.51466E-3 3.52868E-3 3.53572E-3 3.36928E-3 3.51486E-3 3.57452E-3 3.57495E-3 3.56394E-3 3.39712E-3 3.40174E-3 3.40977E-3 3.40377E-3 3.41916E-3 3.54503E-3 3.54954E-3 3.85675E-3 3.55556E-3 3.59713E-3 3.59953E-3 3.57267E-3 3.57812E-3
3.31549E-3 3.3313E-3 3.40443E-3 3.40276E-3 3.49008E-3 3.42256E-3 3.44402E-3 3.64463E-3 3.62222E-3 3.68733E-3 3.55693E-3 3.66511E-3 3.75722E-3 3.67199E-3 3.66486E-3 3.6057E-3 2.82909E-3 2.8392E-3 2.74853E-3 2.75003E-3 2.71149E-3 2.69779E-3 2.92884E-3 2.94373E-3 2.94322E-3 3.05049E-3 2.95531E-3 2.94182E-3 2.92866E-3 3.1205E-3 3.08923E-3 3.05139E-3 3.07811E-3 3.0903E-3 3.09214E-3 3.31716E-3 3.31627E-3 3.31582E-3 3.32767E-3 3.32478E-3 3.33399E-3 3.34726E-3 3.56346E-3 3.19666E-3 3.61407E-3 3.62081E-3 3.37256E-3 3.62131E-3 3.56347E-3 3.52848E-3 3.53446E-3 3.53986E-3 3.54283E-3 3.54233E-3 3.58381E-3 3.59732E-3 3.60104E-3 3.42139E-3 3.60691E-3 3.42412E-3 3.62174E-3
