Artocarpus heterophyllus SDM files/Last interglacial/results (without bias file)/Arthet_2.asc
ncols         625
nrows         721
xllcorner     69.99986311115
yllcorner     5.99986151914999
cellsize      0.041666667
NODATA_value  -9999
[rows 270 to 296 of 721, columns 0 to 60 of 625]
1.04961E-2 8.99018E-3 9.77763E-3 7.94378E-3 1.29791E-2 1.57293E-2 2.53984E-2 1.36753E-2 1.8646E-2 1.8646E-2 4.65752E-2 2.88157E-2 4.784E-2 4.77577E-2 4.77657E-2 4.99745E-2 4.86795E-2 4.62279E-2 4.35471E-2 4.32803E-2 4.08002E-2 4.31459E-2 4.1259E-2 3.99455E-2 4.01267E-2 4.00073E-2 3.67032E-2 3.73292E-2 3.23575E-2 3.44274E-2 3.21785E-2 3.34519E-2 2.91989E-2 2.76732E-2 2.92399E-2 2.79337E-2 2.55013E-2 2.47521E-2 2.42747E-2 2.40351E-2 2.5726E-2 2.6215E-2 2.69216E-2 2.72888E-2 2.82313E-2 3.1691E-2 3.4398E-2 3.44032E-2 3.13042E-2 3.38711E-2 3.64425E-2 4.00912E-2 4.07058E-2 4.31608E-2 4.45689E-2 4.54416E-2 5.46519E-2 7.80937E-2 6.65203E-2 5.75933E-2 4.74652E-2
1.02105E-2 1.08656E-2 9.60855E-3 8.64245E-3 1.10527E-2 1.051E-2 1.50975E-2 2.1885E-2 2.54736E-2 3.00808E-2 3.02286E-2 4.00702E-2 4.65453E-2 4.77787E-2 4.00702E-2 4.87489E-2 4.44477E-2 4.59091E-2 4.47118E-2 4.50654E-2 4.32331E-2 4.36338E-2 4.13896E-2 4.18535E-2 4.1341E-2 4.14723E-2 3.86351E-2 3.87528E-2 3.50436E-2 3.06367E-2 3.23522E-2 3.08658E-2 3.11892E-2 2.97047E-2 2.9017E-2 2.75488E-2 2.63155E-2 2.54122E-2 2.41339E-2 2.38597E-2 2.38925E-2 2.60218E-2 2.70311E-2 2.78911E-2 3.01967E-2 3.12863E-2 3.06357E-2 3.02375E-2 3.17784E-2 3.48163E-2 3.51522E-2 3.65588E-2 3.96174E-2 4.15852E-2 4.27182E-2 4.63997E-2 6.13769E-2 6.4763E-2 6.0208E-2 5.87067E-2 4.72319E-2
9.20225E-3 8.69652E-3 9.95455E-3 8.95737E-3 1.30373E-2 9.11954E-3 1.38017E-2 2.20521E-2 1.79256E-2 3.33949E-2 3.42161E-2 3.38882E-2 4.76481E-2 4.62592E-2 4.8386E-2 4.43755E-2 4.41024E-2 4.70645E-2 4.53651E-2 4.56458E-2 4.0024E-2 4.23119E-2 4.47382E-2 4.10915E-2 4.21366E-2 4.08624E-2 4.02963E-2 3.91943E-2 3.42284E-2 3.26075E-2 3.17109E-2 3.01644E-2 2.8906E-2 3.00994E-2 2.89778E-2 2.73871E-2 2.62824E-2 2.54552E-2 2.44568E-2 2.44408E-2 2.4012E-2 2.45356E-2 2.69076E-2 2.79123E-2 3.05023E-2 3.01226E-2 3.14483E-2 2.78216E-2 2.95577E-2 3.27643E-2 3.39092E-2 3.55487E-2 3.95131E-2 4.25975E-2 4.58257E-2 5.61205E-2 5.81174E-2 7.5384E-2 7.22734E-2 7.99811E-2 5.07955E-2
8.15831E-3 9.95455E-3 9.41893E-3 8.51833E-3 1.58238E-2 1.28591E-2 2.19791E-2 2.09047E-2 1.79256E-2 3.37754E-2 2.514E-2 2.13525E-2 4.4988E-2 4.50514E-2 4.60978E-2 4.67859E-2 4.65709E-2 4.19958E-2 4.91774E-2 4.45402E-2 4.07872E-2 3.99801E-2 4.20061E-2 4.33839E-2 4.30734E-2 4.02376E-2 4.19012E-2 3.76263E-2 3.41849E-2 3.26176E-2 3.15247E-2 3.02145E-2 2.93181E-2 3.06188E-2 2.66742E-2 2.59375E-2 2.5759E-2 2.4978E-2 2.49402E-2 2.49283E-2 2.52278E-2 2.47168E-2 2.53831E-2 2.79524E-2 2.86487E-2 2.95487E-2 3.1478E-2 3.20634E-2 2.89319E-2 3.20206E-2 3.37983E-2 3.51564E-2 3.76218E-2 5.20579E-2 5.26132E-2 5.56978E-2 6.49737E-2 6.97616E-2 7.20647E-2 5.16444E-2 5.46838E-2
8.11697E-3 7.6409E-3 9.27653E-3 8.71307E-3 1.15141E-2 1.11613E-2 1.98435E-2 2.19782E-2 1.72702E-2 3.26389E-2 4.75717E-2 2.94443E-2 4.75717E-2 5.05459E-2 4.80994E-2 4.91454E-2 4.79655E-2 4.77453E-2 4.41969E-2 4.89452E-2 4.57442E-2 4.32054E-2 3.91282E-2 4.4623E-2 4.26791E-2 4.00526E-2 3.60916E-2 3.55392E-2 3.60917E-2 3.42815E-2 3.31348E-2 2.90266E-2 2.81646E-2 2.62879E-2 2.49557E-2 2.39788E-2 2.53866E-2 2.57659E-2 2.53972E-2 2.55022E-2 2.58943E-2 2.62452E-2 2.57641E-2 2.23622E-2 2.90318E-2 2.98023E-2 3.10754E-2 3.23323E-2 2.82739E-2 3.2291E-2 3.43954E-2 3.62569E-2 4.61103E-2 4.93506E-2 5.28337E-2 5.5465E-2 5.85659E-2 6.29641E-2 6.71056E-2 5.30458E-2 5.56577E-2
8.7469E-3 7.42746E-3 8.13241E-3 1.17357E-2 1.17357E-2 1.43236E-2 1.79521E-2 1.76687E-2 2.8987E-2 2.82668E-2 4.48391E-2 5.15583E-2 4.33375E-2 3.88663E-2 4.89381E-2 5.36328E-2 4.60158E-2 4.53076E-2 3.89969E-2 4.68587E-2 4.62283E-2 4.42946E-2 3.84294E-2 4.25485E-2 4.20928E-2 3.73549E-2 3.55942E-2 3.46734E-2 3.57599E-2 3.44065E-2 3.23762E-2 2.99929E-2 2.85236E-2 2.54844E-2 2.49676E-2 2.47213E-2 2.43719E-2 2.56471E-2 2.53224E-2 2.56017E-2 2.61153E-2 2.66799E-2 2.28971E-2 2.33143E-2 2.88004E-2 2.96203E-2 3.06038E-2 3.1488E-2 2.77253E-2 3.21167E-2 3.31715E-2 4.12261E-2 4.28714E-2 4.72389E-2 5.04921E-2 5.36812E-2 5.92357E-2 6.12028E-2 4.54379E-2 5.16321E-2 5.00214E-2
8.02703E-3 8.02703E-3 9.93688E-3 1.17357E-2 1.29742E-2 1.25765E-2 2.90463E-2 3.54176E-2 2.62025E-2 2.79111E-2 3.30975E-2 5.10934E-2 5.05461E-2 5.18853E-2 5.03134E-2 5.37016E-2 5.3303E-2 4.39346E-2 4.39346E-2 4.30546E-2 5.00667E-2 5.1657E-2 4.43579E-2 3.91995E-2 3.90612E-2 3.67837E-2 3.71853E-2 3.63345E-2 3.29341E-2 3.1832E-2 3.19777E-2 3.02269E-2 2.83916E-2 2.72368E-2 2.49676E-2 2.48044E-2 2.44538E-2 2.41472E-2 2.56575E-2 2.56445E-2 2.60841E-2 2.24879E-2 2.29754E-2 2.3364E-2 2.39378E-2 3.11317E-2 3.10136E-2 3.12634E-2 3.18317E-2 2.89969E-2 3.73622E-2 3.9891E-2 4.17598E-2 4.4055E-2 5.06527E-2 5.22524E-2 5.29616E-2 5.82632E-2 5.84224E-2 4.6988E-2 4.74068E-2
7.59486E-3 9.32929E-3 8.51291E-3 9.53446E-3 1.54226E-2 1.31238E-2 1.20374E-2 3.4002E-2 3.99852E-2 2.739E-2 3.76674E-2 5.0385E-2 5.1816E-2 4.96965E-2 5.23173E-2 4.76105E-2 5.0667E-2 4.30029E-2 4.24019E-2 3.91068E-2 4.30408E-2 4.34919E-2 4.60052E-2 4.00473E-2 4.11195E-2 3.65569E-2 3.51045E-2 3.41961E-2 3.24802E-2 3.34118E-2 3.18795E-2 3.08604E-2 2.89436E-2 2.55754E-2 2.69085E-2 2.50916E-2 2.47367E-2 2.43834E-2 2.40339E-2 2.56895E-2 2.20479E-2 2.2707E-2 2.32379E-2 2.36306E-2 2.42511E-2 3.11207E-2 3.11695E-2 3.15875E-2 3.22542E-2 3.63465E-2 3.88773E-2 4.05702E-2 4.38155E-2 4.71049E-2 5.02143E-2 5.18573E-2 5.62337E-2 6.39344E-2 6.56457E-2 4.61062E-2 4.78622E-2
7.4824E-3 9.9971E-3 8.84348E-3 1.30863E-2 1.88551E-2 1.65935E-2 1.40629E-2 1.94157E-2 4.30095E-2 4.07949E-2 5.50656E-2 5.16272E-2 4.80999E-2 4.78782E-2 4.77396E-2 4.86368E-2 5.06342E-2 5.4367E-2 4.56493E-2 3.74841E-2 4.17249E-2 3.64706E-2 3.86887E-2 3.82725E-2 4.01061E-2 3.96748E-2 3.55418E-2 3.38816E-2 3.14914E-2 3.25461E-2 3.15864E-2 3.03872E-2 2.8236E-2 2.73871E-2 2.72141E-2 2.68309E-2 2.47346E-2 2.4619E-2 2.43514E-2 2.07382E-2 2.24802E-2 2.28627E-2 2.33987E-2 2.38208E-2 2.59094E-2 2.68535E-2 2.73019E-2 2.73943E-2 2.81998E-2 3.61818E-2 3.78275E-2 3.95433E-2 4.23541E-2 4.56891E-2 4.82239E-2 5.08956E-2 4.92759E-2 5.32979E-2 5.21956E-2 6.53645E-2 6.56838E-2
7.49217E-3 9.41026E-3 9.64089E-3 1.33073E-2 1.92154E-2 2.4954E-2 2.15647E-2 2.43286E-2 2.86352E-2 4.3888E-2 5.66082E-2 5.53072E-2 5.01501E-2 4.90813E-2 4.79049E-2 4.71404E-2 4.67545E-2 4.56436E-2 3.42964E-2 4.61781E-2 3.95178E-2 4.10791E-2 3.6937E-2 3.3971E-2 3.3736E-2 3.64554E-2 3.49637E-2 3.22975E-2 3.08657E-2 2.98789E-2 3.06241E-2 2.81103E-2 2.8005E-2 2.75184E-2 2.72592E-2 2.72577E-2 2.65111E-2 2.44896E-2 2.07804E-2 2.08426E-2 2.27882E-2 2.33905E-2 2.37882E-2 2.42994E-2 2.61175E-2 2.67695E-2 2.76534E-2 2.87471E-2 3.41973E-2 3.50922E-2 3.73063E-2 3.89962E-2 4.03081E-2 4.32426E-2 4.82575E-2 4.33951E-2 4.69999E-2 5.65444E-2 5.08644E-2 7.36771E-2 4.77738E-2
9.64089E-3 1.00835E-2 1.18134E-2 1.42569E-2 2.15999E-2 2.40708E-2 2.57412E-2 3.1788E-2 3.73319E-2 4.4032E-2 5.24409E-2 5.69513E-2 5.44625E-2 4.83316E-2 4.30647E-2 3.88337E-2 3.44395E-2 3.2581E-2 4.83737E-2 4.96251E-2 3.68709E-2 3.69996E-2 3.46812E-2 3.62973E-2 3.47629E-2 3.56155E-2 3.53447E-2 3.15103E-2 3.0835E-2 2.9284E-2 2.82425E-2 2.95074E-2 2.66091E-2 2.74706E-2 2.75641E-2 2.78904E-2 2.72712E-2 2.23545E-2 2.07821E-2 2.08886E-2 2.24794E-2 2.32827E-2 2.37072E-2 2.46898E-2 2.50192E-2 2.69821E-2 2.7481E-2 2.82433E-2 3.40433E-2 3.49303E-2 3.71354E-2 3.77528E-2 3.92608E-2 3.90962E-2 4.01661E-2 4.20663E-2 4.78435E-2 5.57988E-2 3.98236E-2 3.68996E-2 3.93388E-2
9.69119E-3 1.03607E-2 1.20394E-2 1.49874E-2 1.84376E-2 2.08656E-2 2.32536E-2 2.93653E-2 3.40378E-2 4.73628E-2 5.56293E-2 5.60826E-2 5.39614E-2 5.04155E-2 4.18193E-2 3.50082E-2 2.87999E-2 2.72849E-2 3.12867E-2 4.36807E-2 4.31567E-2 3.69036E-2 3.53447E-2 3.34687E-2 3.29029E-2 3.42784E-2 3.45345E-2 3.39065E-2 3.03626E-2 2.91493E-2 2.85244E-2 2.67942E-2 2.80123E-2 2.81468E-2 2.79761E-2 2.78506E-2 2.31345E-2 2.47097E-2 2.27278E-2 2.38857E-2 2.28018E-2 2.34184E-2 2.39678E-2 2.44041E-2 2.4817E-2 2.54855E-2 2.75529E-2 3.31219E-2 3.38844E-2 3.69938E-2 3.65762E-2 3.73884E-2 3.76376E-2 3.2169E-2 3.41151E-2 3.89337E-2 3.2351E-2 3.30999E-2 3.49726E-2 3.48199E-2 4.72967E-2
1.0928E-2 1.02535E-2 1.23759E-2 1.51508E-2 1.76902E-2 2.07579E-2 2.56451E-2 3.58022E-2 3.80884E-2 5.28637E-2 5.73021E-2 5.58243E-2 5.36304E-2 5.13839E-2 4.63746E-2 4.17369E-2 3.72267E-2 3.4883E-2 3.48824E-2 3.67062E-2 3.91691E-2 3.56201E-2 3.44814E-2 3.5371E-2 3.39665E-2 3.32423E-2 3.22631E-2 3.15249E-2 3.21009E-2 3.07401E-2 3.03678E-2 2.69145E-2 2.67966E-2 2.85655E-2 2.81155E-2 2.3968E-2 2.37095E-2 2.31823E-2 2.35158E-2 2.46311E-2 2.46919E-2 2.34576E-2 2.40479E-2 2.44154E-2 2.49015E-2 2.54784E-2 2.79624E-2 3.3552E-2 3.40523E-2 3.66387E-2 3.75332E-2 3.62208E-2 3.24994E-2 3.61442E-2 3.87275E-2 3.93311E-2 4.3778E-2 3.3182E-2 3.63576E-2 4.23097E-2 4.4927E-2
1.17692E-2 1.31979E-2 1.3749E-2 1.76902E-2 1.8595E-2 2.305E-2 3.03264E-2 3.99256E-2 4.92107E-2 5.7743E-2 5.5976E-2 5.49723E-2 5.27479E-2 5.14015E-2 4.95336E-2 5.02905E-2 4.02528E-2 4.11697E-2 3.9372E-2 3.82283E-2 3.88789E-2 3.6939E-2 3.8546E-2 3.44577E-2 3.32945E-2 3.25843E-2 3.11375E-2 3.02835E-2 3.00259E-2 3.04592E-2 2.97955E-2 2.72684E-2 2.9576E-2 2.70142E-2 2.432E-2 2.40477E-2 2.38996E-2 2.35992E-2 2.3553E-2 2.32073E-2 2.47327E-2 2.53552E-2 2.42418E-2 2.47353E-2 2.51095E-2 2.72434E-2 3.31712E-2 3.36602E-2 3.40461E-2 3.46717E-2 3.74214E-2 3.19504E-2 3.39128E-2 3.59235E-2 3.82095E-2 4.35234E-2 3.12832E-2 3.43913E-2 3.55318E-2 3.75806E-2 4.13586E-2
1.26253E-2 1.44273E-2 1.43044E-2 1.9647E-2 2.18178E-2 2.55525E-2 3.37783E-2 4.42182E-2 5.7787E-2 6.23334E-2 5.50375E-2 5.28107E-2 5.14627E-2 5.03811E-2 5.21683E-2 4.73074E-2 4.95965E-2 4.3189E-2 4.05371E-2 3.94332E-2 3.80544E-2 3.61545E-2 3.54415E-2 3.68698E-2 3.20333E-2 3.13988E-2 3.0916E-2 2.95768E-2 3.05275E-2 2.99322E-2 3.01295E-2 3.1776E-2 2.89465E-2 2.48721E-2 2.44396E-2 2.41678E-2 2.37865E-2 2.37825E-2 2.50695E-2 2.49085E-2 2.51566E-2 2.53888E-2 2.41218E-2 2.44893E-2 2.68809E-2 2.76798E-2 3.32226E-2 3.3721E-2 3.3944E-2 3.68058E-2 3.16423E-2 3.34158E-2 3.60248E-2 3.62235E-2 3.80356E-2 4.11456E-2 3.33376E-2 3.44621E-2 3.64249E-2 3.71635E-2 4.15518E-2
1.40822E-2 1.68413E-2 1.87021E-2 2.42884E-2 2.59433E-2 3.20805E-2 4.1943E-2 5.4473E-2 6.30071E-2 6.13823E-2 5.4719E-2 5.20828E-2 5.06752E-2 5.22304E-2 5.1133E-2 4.98268E-2 4.79568E-2 4.23309E-2 4.01629E-2 3.85288E-2 3.74786E-2 3.77281E-2 3.6756E-2 3.58084E-2 3.13947E-2 3.05861E-2 2.9976E-2 2.95833E-2 2.96773E-2 3.05212E-2 3.07775E-2 3.21956E-2 2.68967E-2 2.73724E-2 2.47197E-2 2.42885E-2 2.39467E-2 2.40562E-2 2.40979E-2 2.38634E-2 2.51945E-2 2.53452E-2 2.5688E-2 2.45058E-2 2.69921E-2 3.25127E-2 3.33257E-2 3.35005E-2 3.43253E-2 3.05412E-2 3.29364E-2 3.32603E-2 3.68571E-2 3.76323E-2 3.02457E-2 2.94453E-2 3.31374E-2 3.50471E-2 3.57508E-2 3.7496E-2 4.06601E-2
1.56405E-2 1.76069E-2 1.95513E-2 2.71034E-2 2.87995E-2 3.74804E-2 4.90352E-2 5.74945E-2 6.176E-2 5.96387E-2 5.57658E-2 5.4326E-2 5.31859E-2 5.15103E-2 5.01178E-2 4.84613E-2 4.67138E-2 4.52373E-2 3.89486E-2 3.81226E-2 3.67403E-2 3.66989E-2 3.58084E-2 3.50475E-2 3.41433E-2 3.02248E-2 3.02006E-2 2.99717E-2 3.02643E-2 2.95989E-2 3.08303E-2 2.57951E-2 2.56403E-2 2.76869E-2 2.72512E-2 2.44542E-2 2.44841E-2 2.45692E-2 2.59439E-2 2.55605E-2 2.51927E-2 2.55526E-2 2.56611E-2 2.61836E-2 2.68983E-2 3.25666E-2 3.27879E-2 3.31706E-2 2.83791E-2 3.10783E-2 3.27221E-2 3.31022E-2 3.36248E-2 3.846E-2 2.93231E-2 3.03167E-2 3.28685E-2 3.42617E-2 3.53287E-2 3.65696E-2 4.026E-2
1.72778E-2 1.92882E-2 2.19119E-2 3.02018E-2 3.93491E-2 4.17928E-2 5.75818E-2 6.24001E-2 6.14753E-2 6.25543E-2 6.0875E-2 5.37439E-2 5.23727E-2 5.07826E-2 4.89878E-2 4.75142E-2 4.62982E-2 4.37288E-2 4.21982E-2 3.71899E-2 3.61841E-2 3.7294E-2 3.52658E-2 3.41965E-2 3.30421E-2 3.31825E-2 3.36271E-2 3.03188E-2 3.04189E-2 2.99414E-2 2.63326E-2 2.6176E-2 2.81013E-2 2.78732E-2 2.7564E-2 2.70822E-2 2.43397E-2 2.48934E-2 2.45687E-2 2.59417E-2 2.59062E-2 2.62307E-2 2.62621E-2 2.68305E-2 3.38131E-2 3.20801E-2 3.51769E-2 2.78205E-2 3.05141E-2 3.11298E-2 3.25534E-2 3.27198E-2 2.80011E-2 2.87333E-2 2.89807E-2 3.18802E-2 3.20727E-2 3.32636E-2 3.51196E-2 3.63503E-2 3.90343E-2
2.03786E-2 2.16172E-2 2.38726E-2 3.11424E-2 4.15494E-2 5.43186E-2 6.94879E-2 6.0813E-2 6.25543E-2 6.09403E-2 5.96684E-2 5.81266E-2 5.63865E-2 4.94087E-2 4.80141E-2 4.67857E-2 4.46714E-2 4.32575E-2 4.21619E-2 3.88079E-2 3.51425E-2 3.54302E-2 3.47771E-2 3.38797E-2 3.34018E-2 3.37892E-2 3.39544E-2 3.07735E-2 3.08265E-2 3.09258E-2 2.83118E-2 2.7959E-2 2.81938E-2 2.78712E-2 2.7564E-2 2.66365E-2 2.4924E-2 2.49722E-2 2.61496E-2 2.64065E-2 2.63581E-2 2.61405E-2 2.6274E-2 3.12491E-2 3.40821E-2 3.42547E-2 2.93255E-2 2.82962E-2 3.04135E-2 3.17564E-2 2.97209E-2 3.28559E-2 2.70982E-2 2.80279E-2 2.96664E-2 2.95934E-2 3.22799E-2 3.28916E-2 3.40478E-2 3.42736E-2 3.7446E-2
1.57877E-2 2.27173E-2 2.66399E-2 3.64368E-2 4.76738E-2 5.30439E-2 6.59414E-2 6.33788E-2 6.51745E-2 6.37891E-2 6.28163E-2 6.02878E-2 5.69728E-2 4.91803E-2 4.80879E-2 4.82537E-2 4.99345E-2 4.86576E-2 4.76331E-2 4.29377E-2 4.17935E-2 3.5329E-2 3.40457E-2 3.39315E-2 3.35129E-2 3.60841E-2 3.43481E-2 3.38713E-2 3.11298E-2 2.78507E-2 2.57022E-2 2.54693E-2 2.81162E-2 2.79608E-2 2.81599E-2 2.73498E-2 2.75768E-2 2.50986E-2 2.69331E-2 2.65399E-2 2.62831E-2 2.68712E-2 3.13664E-2 3.37387E-2 3.39077E-2 2.93391E-2 2.9832E-2 3.01335E-2 3.04113E-2 3.14432E-2 3.75549E-2 2.52415E-2 2.68743E-2 2.78001E-2 2.8747E-2 3.11636E-2 3.1917E-2 3.18439E-2 3.29036E-2 3.4999E-2 3.52687E-2
1.58909E-2 2.52188E-2 2.95668E-2 5.03272E-2 6.50054E-2 4.3002E-2 2.97569E-2 2.50161E-2 2.11483E-2 2.77833E-2 5.28143E-2 6.02541E-2 5.54638E-2 5.2632E-2 4.65868E-2 4.22406E-2 4.4718E-2 4.85916E-2 5.18794E-2 4.88073E-2 4.38336E-2 3.66604E-2 3.5384E-2 3.43193E-2 3.40654E-2 3.43481E-2 3.45183E-2 3.38073E-2 2.82285E-2 2.52744E-2 2.54036E-2 2.55952E-2 2.72681E-2 2.7128E-2 2.84423E-2 2.8208E-2 2.80342E-2 2.81093E-2 2.68967E-2 2.66779E-2 2.63779E-2 3.3724E-2 3.35013E-2 3.40938E-2 2.85949E-2 2.91911E-2 2.96849E-2 3.05854E-2 3.58154E-2 2.91655E-2 2.94404E-2 2.49951E-2 2.75057E-2 2.75731E-2 2.81524E-2 3.0915E-2 3.12379E-2 3.19719E-2 3.10997E-2 3.315E-2 3.42798E-2
2.70428E-2 3.31121E-2 3.68739E-2 5.3053E-2 6.67657E-2 5.465E-2 4.86255E-2 4.79608E-2 5.15843E-2 5.42522E-2 5.84516E-2 5.53469E-2 5.61074E-2 4.85113E-2 4.53115E-2 3.74884E-2 3.58863E-2 3.45514E-2 3.42999E-2 4.4589E-2 4.10226E-2 4.47401E-2 3.83453E-2 3.42597E-2 3.42319E-2 3.47462E-2 3.46582E-2 2.80587E-2 2.732E-2 2.7596E-2 2.67428E-2 2.71905E-2 2.85347E-2 2.67219E-2 2.85699E-2 2.82583E-2 2.8132E-2 3.01698E-2 2.79763E-2 3.53726E-2 3.21667E-2 3.18532E-2 3.39492E-2 2.87049E-2 2.92534E-2 2.92372E-2 3.01268E-2 3.86312E-2 3.09346E-2 2.85162E-2 2.94805E-2 3.13273E-2 2.7226E-2 2.75116E-2 2.78665E-2 2.99562E-2 3.08723E-2 3.1E-2 3.4411E-2 3.32079E-2 3.32856E-2
3.89987E-2 3.87937E-2 4.5596E-2 6.57109E-2 7.13246E-2 6.33942E-2 5.40898E-2 5.11706E-2 5.64552E-2 6.16153E-2 6.00824E-2 5.73062E-2 5.52724E-2 4.97832E-2 4.7817E-2 4.26738E-2 3.63787E-2 3.63231E-2 3.63189E-2 3.68339E-2 3.7475E-2 3.60423E-2 3.87844E-2 3.78145E-2 3.46264E-2 3.48233E-2 3.60303E-2 3.13272E-2 2.8461E-2 2.9699E-2 2.71865E-2 2.79698E-2 2.78528E-2 2.71668E-2 2.9188E-2 2.87805E-2 2.87805E-2 3.00997E-2 3.54974E-2 3.55457E-2 3.50889E-2 3.23819E-2 2.70742E-2 2.93199E-2 2.93479E-2 3.52028E-2 3.60103E-2 3.64967E-2 4.05593E-2 3.20779E-2 3.02407E-2 3.21732E-2 2.791E-2 2.82725E-2 2.85724E-2 3.06565E-2 3.07267E-2 3.17156E-2 3.38559E-2 3.41895E-2 3.2951E-2
3.8216E-2 5.29189E-2 6.20208E-2 7.20272E-2 7.41344E-2 7.25614E-2 6.47406E-2 6.53343E-2 6.12055E-2 6.63482E-2 5.76346E-2 5.58478E-2 5.43667E-2 5.32276E-2 5.01466E-2 4.63769E-2 4.45127E-2 3.95766E-2 3.74241E-2 3.77002E-2 3.72915E-2 3.73139E-2 3.7559E-2 3.81233E-2 3.52565E-2 3.53434E-2 3.00306E-2 2.98947E-2 2.99882E-2 2.9153E-2 3.13848E-2 3.18836E-2 2.79425E-2 2.82599E-2 2.80507E-2 2.88298E-2 3.44739E-2 3.57606E-2 3.60337E-2 3.6314E-2 3.58367E-2 3.24305E-2 2.76994E-2 2.94167E-2 3.00779E-2 3.56441E-2 3.80207E-2 4.01544E-2 3.18037E-2 3.25619E-2 3.29026E-2 3.37039E-2 3.3292E-2 3.3581E-2 2.90015E-2 3.11674E-2 3.14338E-2 3.14513E-2 3.15078E-2 3.39004E-2 3.39726E-2
6.5639E-2 7.15348E-2 6.74955E-2 7.38244E-2 7.72355E-2 7.14562E-2 6.96154E-2 6.80693E-2 6.63482E-2 6.45119E-2 5.73933E-2 5.36658E-2 5.45015E-2 5.20207E-2 5.09843E-2 4.81348E-2 4.73942E-2 4.5188E-2 4.0057E-2 3.81151E-2 3.75399E-2 3.67714E-2 3.74365E-2 3.7999E-2 3.74607E-2 3.32177E-2 2.98746E-2 3.19058E-2 3.21604E-2 3.19515E-2 3.19577E-2 3.19333E-2 3.13058E-2 3.13647E-2 2.8369E-2 3.34941E-2 3.46408E-2 3.68171E-2 3.58823E-2 3.63165E-2 3.59512E-2 2.80667E-2 3.00884E-2 3.08979E-2 3.62837E-2 3.66573E-2 3.93238E-2 3.15302E-2 3.22891E-2 3.3331E-2 3.58239E-2 3.34851E-2 3.4185E-2 3.42003E-2 3.66915E-2 3.1633E-2 3.16446E-2 3.19623E-2 3.42893E-2 3.44149E-2 3.46888E-2
7.49259E-2 7.41252E-2 6.61575E-2 7.66007E-2 7.56719E-2 7.48341E-2 7.36251E-2 7.17305E-2 6.93251E-2 6.75736E-2 6.58648E-2 5.41685E-2 5.17567E-2 4.83383E-2 5.19997E-2 4.83818E-2 4.39025E-2 4.48476E-2 4.32044E-2 3.99331E-2 3.89529E-2 3.79504E-2 4.00206E-2 3.73722E-2 3.46879E-2 3.21446E-2 3.1852E-2 2.98629E-2 3.17899E-2 3.22127E-2 3.20097E-2 3.14554E-2 3.15125E-2 3.73655E-2 3.36996E-2 3.35992E-2 3.30201E-2 3.68694E-2 3.65767E-2 3.66288E-2 3.03887E-2 3.0636E-2 3.33525E-2 3.13895E-2 3.00964E-2 3.02199E-2 3.15987E-2 3.23991E-2 3.30428E-2 3.51719E-2 3.63665E-2 3.84355E-2 3.47067E-2 3.47802E-2 3.7306E-2 3.73144E-2 3.23721E-2 3.24353E-2 3.28198E-2 3.48508E-2 3.52004E-2
7.85785E-2 7.72673E-2 6.92867E-2 7.50896E-2 7.27531E-2 7.29096E-2 7.08492E-2 6.88554E-2 6.7739E-2 6.56216E-2 6.42915E-2 6.23116E-2 5.55849E-2 5.14859E-2 5.18048E-2 4.97272E-2 4.6837E-2 4.61155E-2 4.59207E-2 4.06185E-2 3.86587E-2 3.55724E-2 3.85254E-2 3.88088E-2 3.392E-2 3.49998E-2 3.46237E-2 3.18753E-2 3.20998E-2 3.23176E-2 3.24223E-2 3.18169E-2 3.77212E-2 3.79144E-2 3.61585E-2 3.5992E-2 3.55384E-2 3.71583E-2 3.66885E-2 3.10416E-2 3.12879E-2 3.12193E-2 3.40627E-2 3.13306E-2 3.07581E-2 3.09929E-2 3.29872E-2 3.31695E-2 3.32383E-2 3.63851E-2 3.63952E-2 3.93378E-2 3.77098E-2 3.7787E-2 3.5608E-2 3.81865E-2 3.82611E-2 3.50693E-2 3.54222E-2 3.57252E-2 3.58589E-2
