Artocarpus heterophyllus SDM files/Last interglacial/results (without bias file)/Arthet_min.asc
ncols         625
nrows         721
xllcorner     69.99986311115
yllcorner     5.99986151914999
cellsize      0.041666667
NODATA_value  -9999
[rows 567 to 593 of 721, columns 183 to 243 of 625]
3.41095E-1 3.4431E-1 5.24837E-1 4.54999E-1 3.79644E-1 3.94188E-1 3.53867E-1 3.78244E-1 3.50154E-1 4.57769E-1 3.65899E-1 2.50231E-1 2.85128E-1 2.66687E-1 3.30241E-1 2.85851E-1 2.20427E-1 2.56972E-1 2.18538E-1 2.08138E-1 1.85312E-1 1.6147E-1 1.58163E-1 2.01499E-1 1.78052E-1 2.37836E-1 2.0388E-1 9.27422E-2 1.83705E-1 9.89353E-2 1.92033E-1 1.14482E-1 1.86782E-1 2.29416E-1 2.29059E-1 2.38492E-1 2.05553E-1 2.0522E-1 2.30986E-1 2.37588E-1 2.16649E-1 2.15697E-1 2.28093E-1 2.2408E-1 2.48207E-1 2.4042E-1 2.57687E-1 2.76054E-1 2.83933E-1 2.92419E-1 3.138E-1 3.04908E-1 3.11417E-1 3.23752E-1 3.28397E-1 3.30113E-1 3.45858E-1 3.48012E-1 3.39294E-1 3.51316E-1 -9999
3.68605E-1 5.16348E-1 5.0834E-1 3.51125E-1 3.83998E-1 3.46029E-1 3.56427E-1 3.56715E-1 3.62947E-1 3.87575E-1 4.27221E-1 2.5669E-1 2.49156E-1 2.70785E-1 2.72784E-1 3.18728E-1 2.2092E-1 2.44358E-1 2.24886E-1 1.98037E-1 1.93947E-1 1.28879E-1 1.54707E-1 2.04236E-1 2.17992E-1 2.25172E-1 5.35626E-2 7.88822E-2 1.19657E-1 1.12976E-1 1.69852E-1 1.91126E-1 2.27924E-1 2.33169E-1 2.31548E-1 2.34554E-1 2.21541E-1 2.31262E-1 2.29628E-1 2.45225E-1 2.24463E-1 2.35452E-1 2.1901E-1 2.33181E-1 2.40139E-1 2.60898E-1 2.6274E-1 2.73134E-1 2.93696E-1 3.09186E-1 3.09883E-1 3.12475E-1 3.11856E-1 3.26674E-1 3.36156E-1 3.31955E-1 3.5308E-1 3.48113E-1 3.40859E-1 3.54927E-1 -9999
3.38329E-1 6.50156E-1 5.98027E-1 3.66147E-1 3.6185E-1 3.11163E-1 3.155E-1 3.60039E-1 3.4111E-1 3.17261E-1 3.00574E-1 3.24232E-1 3.08686E-1 2.6956E-1 2.57594E-1 2.96077E-1 2.48394E-1 2.25622E-1 2.3153E-1 1.9843E-1 1.26E-1 7.34071E-2 1.01097E-1 1.96316E-1 2.1467E-1 1.99303E-1 4.61198E-2 7.35833E-2 1.20388E-1 1.78833E-1 2.33268E-1 2.23651E-1 2.24054E-1 2.24405E-1 1.70111E-1 2.36678E-1 2.33554E-1 2.25474E-1 2.38788E-1 2.3944E-1 2.33892E-1 2.52804E-1 2.4505E-1 2.29417E-1 2.607E-1 2.72753E-1 2.4676E-1 2.96181E-1 2.90285E-1 3.18419E-1 3.09056E-1 3.22496E-1 3.00393E-1 3.24008E-1 3.4235E-1 3.4191E-1 3.56758E-1 3.49333E-1 3.3701E-1 -9999 -9999
3.30255E-1 5.17527E-1 4.42077E-1 3.28645E-1 3.43409E-1 3.80985E-1 3.77979E-1 3.08028E-1 2.93944E-1 3.13905E-1 2.78107E-1 2.82317E-1 3.25573E-1 2.96458E-1 2.72124E-1 2.64165E-1 2.74231E-1 2.30061E-1 2.18287E-1 2.28504E-1 1.08656E-1 7.47633E-2 9.35991E-2 2.04497E-1 2.00716E-1 1.61363E-1 7.97212E-2 1.08954E-1 1.46861E-1 1.72297E-1 2.41669E-1 2.42015E-1 2.42339E-1 2.17276E-1 2.11403E-1 2.26221E-1 2.42198E-1 2.30726E-1 2.33223E-1 2.41029E-1 2.38792E-1 2.29013E-1 2.65975E-1 2.4789E-1 2.66136E-1 2.84406E-1 2.57494E-1 3.00079E-1 3.01275E-1 3.1868E-1 3.06046E-1 3.21695E-1 2.99829E-1 3.01458E-1 3.46375E-1 3.35381E-1 3.37558E-1 3.46686E-1 -9999 -9999 -9999
4.08173E-1 4.89846E-1 3.04647E-1 2.93952E-1 4.16788E-1 3.58871E-1 4.09693E-1 3.46431E-1 4.19922E-1 2.81745E-1 2.95846E-1 2.89655E-1 3.06519E-1 3.08307E-1 3.11729E-1 2.61534E-1 2.55547E-1 2.36458E-1 2.33136E-1 2.34824E-1 1.71238E-1 1.02198E-1 8.88987E-2 1.78258E-1 2.13873E-1 2.32492E-1 1.25996E-1 1.4992E-1 1.60283E-1 2.12192E-1 1.62838E-1 2.05907E-1 2.12228E-1 2.35715E-1 2.29228E-1 1.83619E-1 2.4613E-1 2.2927E-1 2.34901E-1 2.36913E-1 2.37455E-1 2.40074E-1 2.51155E-1 2.4386E-1 2.48041E-1 2.9586E-1 2.92415E-1 3.09937E-1 3.07183E-1 3.20145E-1 3.20762E-1 3.44072E-1 3.23421E-1 3.20137E-1 3.06144E-1 3.09439E-1 3.39394E-1 3.46371E-1 -9999 -9999 -9999
4.78282E-1 6.0709E-1 5.31925E-1 4.02256E-1 2.65969E-1 4.40405E-1 5.18233E-1 5.14991E-1 2.56685E-1 2.38434E-1 2.49237E-1 2.87542E-1 3.07166E-1 3.0624E-1 2.71922E-1 2.63843E-1 2.49232E-1 2.23757E-1 2.06249E-1 1.64536E-1 1.10812E-1 1.1402E-1 1.01224E-1 1.21284E-1 1.40654E-1 2.36322E-1 1.52151E-1 9.62932E-2 1.36934E-1 1.97888E-1 2.38572E-1 2.00071E-1 2.40438E-1 2.15805E-1 2.26743E-1 2.3154E-1 2.47334E-1 2.34205E-1 2.37374E-1 2.17988E-1 2.29748E-1 2.02083E-1 1.6357E-1 2.66283E-1 2.56932E-1 3.09315E-1 2.94607E-1 3.11242E-1 2.98351E-1 3.24004E-1 3.29106E-1 3.38888E-1 3.14394E-1 3.3899E-1 3.49287E-1 3.44605E-1 3.42113E-1 -9999 -9999 -9999 -9999
4.12625E-1 3.95423E-1 5.53347E-1 5.72494E-1 4.67096E-1 3.00784E-1 2.87612E-1 2.86912E-1 3.49824E-1 2.61298E-1 2.57932E-1 2.61975E-1 2.81284E-1 2.73711E-1 2.46865E-1 2.15516E-1 2.57049E-1 2.19199E-1 1.84755E-1 1.32358E-1 1.04491E-1 1.12694E-1 1.24341E-1 1.71674E-1 1.45567E-1 2.23706E-1 2.04739E-1 1.93227E-1 2.18586E-1 1.12751E-1 1.70827E-1 1.88797E-1 2.37966E-1 2.44277E-1 2.44007E-1 1.8222E-1 2.56388E-1 2.40024E-1 2.1894E-1 2.16879E-1 2.38206E-1 1.50129E-1 1.71371E-1 2.07988E-1 2.69885E-1 3.14196E-1 3.06562E-1 3.19723E-1 2.84697E-1 3.00135E-1 3.00137E-1 3.2278E-1 3.4427E-1 3.22179E-1 3.51113E-1 3.46915E-1 -9999 -9999 -9999 -9999 -9999
3.53105E-1 4.21925E-1 4.96128E-1 5.4188E-1 4.41819E-1 2.98808E-1 2.95067E-1 2.87193E-1 3.0129E-1 3.0448E-1 4.08919E-1 2.56296E-1 2.42991E-1 2.28331E-1 2.61148E-1 2.39881E-1 2.2484E-1 2.18449E-1 2.11059E-1 1.21137E-1 1.0243E-1 1.1415E-1 1.42271E-1 1.99815E-1 1.23185E-1 1.56689E-1 1.87275E-1 2.09624E-1 1.55385E-1 1.30503E-1 1.63093E-1 2.41614E-1 2.3516E-1 2.46261E-1 2.35868E-1 2.12707E-1 2.66472E-1 2.49964E-1 2.19506E-1 2.20053E-1 2.44863E-1 1.79695E-1 2.02952E-1 2.35115E-1 2.40778E-1 3.12021E-1 3.08489E-1 3.23715E-1 3.2631E-1 3.13406E-1 2.57263E-1 2.82406E-1 2.88572E-1 2.92219E-1 3.34548E-1 3.3267E-1 -9999 -9999 -9999 -9999 -9999
3.54426E-1 3.93874E-1 6.80564E-1 3.55865E-1 3.52505E-1 3.06719E-1 2.99631E-1 2.93182E-1 3.01928E-1 3.98398E-1 2.65784E-1 2.53201E-1 2.41101E-1 2.28639E-1 2.9424E-1 2.31948E-1 1.98229E-1 1.97234E-1 2.03199E-1 1.51575E-1 1.19515E-1 2.17655E-1 2.30096E-1 2.03202E-1 8.55769E-2 2.09389E-1 1.37025E-1 1.37903E-1 1.31262E-1 1.66811E-1 1.32006E-1 1.63307E-1 1.73762E-1 2.46667E-1 2.6211E-1 2.7152E-1 2.62895E-1 2.7083E-1 2.46025E-1 2.43364E-1 2.63815E-1 2.35791E-1 2.42428E-1 2.92513E-1 2.80452E-1 3.03229E-1 3.11763E-1 3.29788E-1 3.21815E-1 3.41361E-1 2.8678E-1 2.59141E-1 2.86006E-1 2.91677E-1 3.0398E-1 -9999 -9999 -9999 -9999 -9999 -9999
3.7573E-1 5.31151E-1 4.76829E-1 3.34311E-1 5.53659E-1 3.24091E-1 3.12614E-1 3.14334E-1 3.42131E-1 2.69446E-1 2.56488E-1 2.43459E-1 2.33095E-1 2.51522E-1 2.44715E-1 2.1423E-1 2.36572E-1 2.28291E-1 1.2257E-1 1.30745E-1 2.10564E-1 2.46828E-1 2.19199E-1 1.94216E-1 7.85111E-2 1.85728E-1 1.93164E-1 1.94142E-1 2.07106E-1 1.90241E-1 1.14992E-1 1.11773E-1 1.67579E-1 2.07539E-1 2.69601E-1 2.69901E-1 2.90651E-1 2.66051E-1 2.48464E-1 2.72613E-1 2.71403E-1 2.75612E-1 2.79947E-1 3.10596E-1 2.855E-1 2.99925E-1 3.08425E-1 3.26328E-1 3.18051E-1 3.37785E-1 3.42154E-1 3.47768E-1 3.45197E-1 3.07823E-1 3.29246E-1 -9999 -9999 -9999 -9999 -9999 -9999
4.22498E-1 5.84025E-1 3.71445E-1 5.16408E-1 4.21924E-1 3.40455E-1 3.32889E-1 3.33625E-1 3.13005E-1 2.97554E-1 2.75018E-1 2.43049E-1 2.54971E-1 2.43211E-1 2.44486E-1 2.12705E-1 2.38491E-1 1.9042E-1 1.45329E-1 1.87426E-1 2.39631E-1 2.20103E-1 2.13777E-1 1.93743E-1 1.05612E-1 1.88659E-1 2.18538E-1 2.05718E-1 1.60392E-1 8.34963E-2 1.04025E-1 1.55093E-1 2.20848E-1 2.40394E-1 2.60989E-1 2.80163E-1 3.01962E-1 3.06732E-1 3.015E-1 3.07541E-1 3.18752E-1 3.00692E-1 2.86049E-1 3.19166E-1 3.01929E-1 3.03224E-1 2.9771E-1 2.82502E-1 3.00621E-1 3.22015E-1 3.30928E-1 3.36261E-1 3.44367E-1 3.13534E-1 -9999 -9999 -9999 -9999 -9999 -9999 -9999
3.58361E-1 5.82548E-1 5.88258E-1 6.01548E-1 4.12445E-1 3.98074E-1 3.55754E-1 3.31342E-1 3.1829E-1 2.86886E-1 2.80778E-1 2.53273E-1 2.42456E-1 2.42813E-1 2.24881E-1 2.34212E-1 2.10867E-1 1.61814E-1 1.38124E-1 2.14485E-1 2.3705E-1 2.37948E-1 2.32961E-1 1.6697E-1 1.23584E-1 1.84296E-1 2.21893E-1 1.6646E-1 2.08207E-1 1.15662E-1 1.14108E-1 1.71268E-1 2.34184E-1 2.62796E-1 2.66654E-1 2.85582E-1 3.03598E-1 3.07992E-1 2.93576E-1 3.10071E-1 3.20341E-1 3.16088E-1 3.2433E-1 3.18944E-1 3.15546E-1 3.35005E-1 3.24084E-1 2.92247E-1 2.66778E-1 2.76548E-1 2.98708E-1 3.55281E-1 3.39807E-1 3.2316E-1 -9999 -9999 -9999 -9999 -9999 -9999 -9999
3.18957E-1 4.46076E-1 3.99653E-1 5.94993E-1 5.01425E-1 4.27568E-1 3.82437E-1 3.68415E-1 3.48067E-1 3.01754E-1 2.77579E-1 2.7071E-1 2.52092E-1 2.50056E-1 2.94078E-1 2.78641E-1 2.60994E-1 1.90732E-1 2.13328E-1 2.9409E-1 2.67907E-1 2.45586E-1 8.09666E-2 7.89223E-2 2.28681E-1 2.25872E-1 2.31206E-1 8.83917E-2 1.09187E-1 1.22899E-1 1.52685E-1 2.46864E-1 2.81249E-1 3.00037E-1 2.78165E-1 3.00748E-1 3.02484E-1 3.2311E-1 3.05697E-1 3.13532E-1 3.32521E-1 3.16054E-1 3.21624E-1 3.35858E-1 3.1462E-1 3.29645E-1 3.2125E-1 3.09737E-1 3.01936E-1 2.89311E-1 2.87272E-1 3.09172E-1 3.29443E-1 -9999 -9999 -9999 -9999 -9999 -9999 -9999 -9999
3.36696E-1 4.21209E-1 4.44874E-1 5.21755E-1 5.35105E-1 3.79544E-1 3.64861E-1 3.60853E-1 3.47176E-1 3.08741E-1 2.96962E-1 2.89243E-1 2.61254E-1 2.77425E-1 4.19398E-1 2.97923E-1 2.97775E-1 1.91303E-1 2.17851E-1 2.71222E-1 2.96173E-1 2.35783E-1 8.68901E-2 2.10013E-1 2.51412E-1 2.16159E-1 2.33176E-1 9.57522E-2 1.09991E-1 1.1942E-1 1.8355E-1 2.57782E-1 2.95393E-1 2.79248E-1 2.92067E-1 3.15242E-1 3.23319E-1 3.32839E-1 3.13616E-1 3.19512E-1 3.35542E-1 3.17642E-1 3.27714E-1 3.29701E-1 2.97499E-1 3.10472E-1 2.99569E-1 2.90929E-1 2.88871E-1 3.23903E-1 3.23414E-1 3.17668E-1 3.3127E-1 -9999 -9999 -9999 -9999 -9999 -9999 -9999 -9999
3.43293E-1 4.36948E-1 4.72272E-1 4.82127E-1 5.40949E-1 3.91915E-1 3.68831E-1 3.59424E-1 3.52434E-1 3.23852E-1 3.06724E-1 2.94601E-1 2.34937E-1 3.40201E-1 4.22783E-1 2.89802E-1 3.07959E-1 2.49484E-1 2.22435E-1 2.09749E-1 2.28934E-1 2.05942E-1 2.0104E-1 2.32383E-1 2.47713E-1 2.36358E-1 1.9234E-1 1.1103E-1 1.12384E-1 1.38484E-1 2.03201E-1 2.71965E-1 3.20459E-1 2.95034E-1 3.02558E-1 3.02856E-1 3.27211E-1 3.3465E-1 3.23312E-1 3.33143E-1 3.3414E-1 3.21719E-1 3.33406E-1 3.13008E-1 3.03187E-1 2.89745E-1 2.60017E-1 2.76215E-1 2.7038E-1 2.81497E-1 3.02394E-1 3.03477E-1 3.11274E-1 -9999 -9999 -9999 -9999 -9999 -9999 -9999 -9999
4.52835E-1 4.12025E-1 4.59791E-1 3.57279E-1 4.95842E-1 3.38758E-1 3.63934E-1 3.68627E-1 3.64357E-1 3.62118E-1 3.22955E-1 3.1054E-1 2.90124E-1 3.07979E-1 3.84796E-1 2.68587E-1 2.1982E-1 2.88623E-1 2.61221E-1 1.97858E-1 2.08637E-1 2.42604E-1 2.12124E-1 2.30526E-1 2.56703E-1 2.42706E-1 1.76483E-1 1.08693E-1 1.32952E-1 1.60772E-1 2.15643E-1 2.752E-1 3.20602E-1 3.15818E-1 3.02839E-1 3.06668E-1 3.32516E-1 3.43425E-1 3.46861E-1 3.23675E-1 3.32064E-1 2.90731E-1 2.77307E-1 3.13579E-1 2.6189E-1 2.54618E-1 2.4894E-1 2.60883E-1 2.57445E-1 2.91633E-1 2.89958E-1 3.0926E-1 3.19202E-1 -9999 -9999 -9999 -9999 -9999 -9999 -9999 -9999
3.68064E-1 6.37951E-1 3.20653E-1 3.94014E-1 3.36311E-1 3.57686E-1 3.77378E-1 3.75841E-1 3.77692E-1 3.70897E-1 3.33205E-1 3.17368E-1 2.91611E-1 2.42711E-1 2.48354E-1 2.67617E-1 2.5136E-1 2.29852E-1 2.41139E-1 2.44442E-1 2.52792E-1 2.4023E-1 2.42899E-1 2.71145E-1 2.71501E-1 1.85827E-1 1.46044E-1 1.4108E-1 1.61465E-1 1.43222E-1 2.10155E-1 2.81495E-1 3.38411E-1 3.45869E-1 3.10328E-1 3.12722E-1 3.30761E-1 3.52089E-1 3.26518E-1 3.28166E-1 2.90713E-1 3.16043E-1 2.70415E-1 2.61102E-1 2.37312E-1 2.57121E-1 2.68529E-1 2.70677E-1 2.6197E-1 3.03978E-1 3.247E-1 3.17562E-1 -9999 -9999 -9999 -9999 -9999 -9999 -9999 -9999 -9999
6.15928E-1 5.12384E-1 4.14253E-1 4.86644E-1 3.91925E-1 3.83579E-1 3.86191E-1 3.83077E-1 3.88127E-1 3.73786E-1 3.3501E-1 3.22386E-1 3.10893E-1 3.0272E-1 2.91702E-1 2.83413E-1 2.44631E-1 2.28558E-1 2.68844E-1 2.70948E-1 2.47056E-1 2.56862E-1 2.51207E-1 2.77138E-1 2.73815E-1 2.12151E-1 1.1399E-1 1.47246E-1 1.6183E-1 2.33183E-1 2.81278E-1 3.3818E-1 3.46121E-1 3.46457E-1 3.35996E-1 3.30987E-1 3.40792E-1 3.48266E-1 3.62744E-1 3.42145E-1 3.54779E-1 3.4709E-1 2.85166E-1 3.18696E-1 2.5283E-1 2.79191E-1 2.99358E-1 3.11441E-1 3.03535E-1 3.23153E-1 3.29354E-1 3.14286E-1 -9999 -9999 -9999 -9999 -9999 -9999 -9999 -9999 -9999
6.92536E-1 4.47573E-1 4.61291E-1 5.49548E-1 3.96078E-1 4.03967E-1 3.92094E-1 3.9397E-1 3.87246E-1 3.78535E-1 3.65314E-1 3.38046E-1 3.21536E-1 2.97575E-1 2.69016E-1 2.78992E-1 2.74326E-1 2.37967E-1 2.83641E-1 3.17174E-1 3.27384E-1 3.18106E-1 3.52327E-1 2.36757E-1 2.28871E-1 2.31443E-1 1.73163E-1 2.28816E-1 2.63446E-1 3.19775E-1 3.27372E-1 3.39523E-1 3.59034E-1 3.55496E-1 3.37714E-1 3.4042E-1 3.47513E-1 3.57872E-1 3.47152E-1 3.45481E-1 3.52236E-1 3.54341E-1 3.41511E-1 3.40414E-1 3.23734E-1 3.07975E-1 3.2282E-1 3.30066E-1 3.25667E-1 3.22775E-1 3.02681E-1 3.14137E-1 -9999 -9999 -9999 -9999 -9999 -9999 -9999 -9999 -9999
5.9529E-1 5.88413E-1 5.18233E-1 5.4148E-1 4.26246E-1 4.44165E-1 4.06687E-1 3.96796E-1 3.85618E-1 3.68905E-1 3.23725E-1 3.3408E-1 3.15149E-1 2.41602E-1 2.49426E-1 2.51553E-1 2.69542E-1 2.35299E-1 2.98074E-1 3.27442E-1 2.88777E-1 3.13299E-1 2.99675E-1 2.59605E-1 2.5732E-1 2.86859E-1 2.65079E-1 2.80812E-1 3.14042E-1 3.37287E-1 3.34835E-1 3.49183E-1 3.63343E-1 3.65881E-1 3.82375E-1 3.51092E-1 3.57577E-1 3.59843E-1 3.38206E-1 3.32718E-1 3.40097E-1 3.53904E-1 3.283E-1 3.5459E-1 3.68811E-1 3.14095E-1 3.14278E-1 3.17282E-1 3.12613E-1 3.11655E-1 3.07909E-1 3.4688E-1 -9999 -9999 -9999 -9999 -9999 -9999 -9999 -9999 -9999
5.76896E-1 5.67213E-1 5.1566E-1 5.54056E-1 4.98861E-1 4.54703E-1 4.48412E-1 4.37662E-1 4.15017E-1 3.88965E-1 3.47014E-1 3.70807E-1 3.18168E-1 2.82694E-1 2.31983E-1 2.43548E-1 2.25528E-1 1.62525E-1 2.98105E-1 3.21152E-1 3.27966E-1 3.17577E-1 2.82588E-1 2.2573E-1 2.09331E-1 2.26004E-1 2.68726E-1 3.02063E-1 3.40154E-1 3.49561E-1 3.70825E-1 3.49867E-1 3.72727E-1 3.73903E-1 3.88882E-1 3.6056E-1 3.59241E-1 3.68542E-1 3.44515E-1 3.52981E-1 3.63852E-1 3.63051E-1 3.50134E-1 3.56191E-1 3.6356E-1 3.58956E-1 3.22355E-1 3.15893E-1 3.00153E-1 3.1521E-1 3.0923E-1 3.14278E-1 -9999 -9999 -9999 -9999 -9999 -9999 -9999 -9999 -9999
5.85088E-1 5.72203E-1 4.76961E-1 6.29638E-1 3.96053E-1 3.90107E-1 3.95267E-1 3.9901E-1 3.76533E-1 3.77579E-1 3.40326E-1 3.35435E-1 3.31871E-1 2.70349E-1 2.44574E-1 2.41375E-1 2.38674E-1 2.76923E-1 2.77009E-1 2.8474E-1 3.10307E-1 2.49066E-1 2.7581E-1 2.16684E-1 2.25823E-1 2.32716E-1 2.72837E-1 3.21571E-1 3.37511E-1 3.67299E-1 3.51119E-1 3.60213E-1 3.58187E-1 3.73459E-1 3.80136E-1 3.63257E-1 3.6895E-1 3.76056E-1 3.52216E-1 3.58887E-1 3.64301E-1 3.83516E-1 3.55369E-1 3.73896E-1 3.32754E-1 3.82236E-1 3.14764E-1 3.30949E-1 3.0438E-1 3.2267E-1 3.1935E-1 3.21056E-1 -9999 -9999 -9999 -9999 -9999 -9999 -9999 -9999 -9999
5.958E-1 5.78029E-1 6.35694E-1 5.66758E-1 4.83016E-1 4.32063E-1 3.9027E-1 3.74291E-1 3.52164E-1 3.66129E-1 3.8552E-1 3.56224E-1 3.16698E-1 3.08007E-1 2.97093E-1 3.19711E-1 2.84021E-1 2.77028E-1 2.76353E-1 3.16758E-1 3.1742E-1 2.89963E-1 3.1032E-1 2.67653E-1 3.54923E-1 2.47412E-1 2.57601E-1 2.98568E-1 3.41638E-1 3.77282E-1 3.6146E-1 3.58572E-1 3.71952E-1 3.78964E-1 3.88858E-1 3.63033E-1 3.65644E-1 3.76987E-1 3.8166E-1 3.53952E-1 3.34188E-1 3.41967E-1 3.29293E-1 3.51617E-1 3.42782E-1 3.61907E-1 3.19382E-1 3.13538E-1 3.11856E-1 3.26672E-1 3.27156E-1 3.15489E-1 -9999 -9999 -9999 -9999 -9999 -9999 -9999 -9999 -9999
5.00447E-1 5.79458E-1 6.48349E-1 6.05179E-1 5.64118E-1 4.68699E-1 4.19589E-1 3.6644E-1 3.44424E-1 3.47423E-1 3.70994E-1 3.80274E-1 3.16928E-1 3.07551E-1 2.89908E-1 3.15053E-1 2.57762E-1 2.73049E-1 3.16619E-1 2.80659E-1 3.13266E-1 3.39016E-1 3.73261E-1 3.3267E-1 2.56444E-1 2.67937E-1 2.17562E-1 2.93935E-1 3.52971E-1 3.95581E-1 3.9322E-1 3.71938E-1 3.79955E-1 3.78855E-1 3.94134E-1 3.95843E-1 3.73823E-1 3.88044E-1 3.93245E-1 3.56233E-1 3.16515E-1 3.50546E-1 3.39175E-1 3.76855E-1 3.70425E-1 3.32194E-1 3.28791E-1 3.4443E-1 3.42309E-1 3.33348E-1 3.22347E-1 3.21395E-1 3.3514E-1 -9999 -9999 -9999 -9999 -9999 -9999 -9999 -9999
5.07362E-1 5.0801E-1 5.49657E-1 5.4322E-1 5.31791E-1 5.39545E-1 4.4882E-1 3.69239E-1 3.65059E-1 3.32871E-1 4.14136E-1 2.85643E-1 2.49733E-1 2.85147E-1 3.19098E-1 3.1335E-1 3.50993E-1 3.21217E-1 3.18787E-1 2.908E-1 2.55687E-1 3.87221E-1 2.7256E-1 2.6495E-1 2.56655E-1 1.96891E-1 2.65231E-1 3.36818E-1 3.81525E-1 3.96999E-1 4.09918E-1 3.81581E-1 3.77033E-1 3.93435E-1 3.93063E-1 4.00335E-1 3.81525E-1 3.85392E-1 3.94112E-1 4.05559E-1 3.87125E-1 3.641E-1 3.34447E-1 3.43863E-1 3.52458E-1 3.65484E-1 3.53733E-1 3.68405E-1 3.42571E-1 3.56855E-1 3.54818E-1 3.47012E-1 3.41742E-1 -9999 -9999 -9999 -9999 -9999 -9999 -9999 -9999
4.55314E-1 4.32693E-1 4.59493E-1 5.14336E-1 4.97807E-1 5.03533E-1 4.63979E-1 3.6058E-1 3.35246E-1 3.21334E-1 3.40439E-1 2.80863E-1 2.43594E-1 3.12094E-1 2.77176E-1 2.24456E-1 2.72809E-1 3.55625E-1 3.34531E-1 2.41061E-1 2.66908E-1 2.88533E-1 2.89063E-1 3.00055E-1 2.09749E-1 2.43034E-1 3.30751E-1 3.7097E-1 3.86862E-1 3.96493E-1 4.16042E-1 3.85141E-1 3.89908E-1 3.93599E-1 4.01069E-1 4.06333E-1 3.80138E-1 3.87252E-1 3.9889E-1 3.73933E-1 3.90633E-1 4.03459E-1 3.8848E-1 4.11443E-1 3.92497E-1 3.68157E-1 3.60088E-1 3.51294E-1 3.43291E-1 3.63E-1 3.61191E-1 3.5729E-1 3.6874E-1 3.64723E-1 -9999 -9999 -9999 -9999 -9999 -9999 -9999
4.06487E-1 3.81044E-1 4.09445E-1 4.60402E-1 5.15967E-1 4.42753E-1 4.02342E-1 3.49012E-1 3.38274E-1 3.38479E-1 2.88682E-1 2.49993E-1 2.88145E-1 3.6569E-1 2.32578E-1 1.64352E-1 4.03459E-1 3.62187E-1 3.62988E-1 2.28288E-1 2.638E-1 4.18E-1 2.59733E-1 2.86046E-1 2.52612E-1 2.85325E-1 2.62877E-1 2.55223E-1 3.15847E-1 4.07754E-1 4.08673E-1 4.02871E-1 3.92241E-1 3.98316E-1 3.96754E-1 4.11884E-1 3.81216E-1 3.73634E-1 3.97439E-1 3.77886E-1 3.90222E-1 4.06028E-1 3.92365E-1 4.13148E-1 4.16396E-1 4.03663E-1 3.62586E-1 3.77349E-1 3.75447E-1 3.661E-1 3.6067E-1 3.56088E-1 3.7803E-1 3.65575E-1 -9999 -9999 -9999 -9999 -9999 -9999 -9999
