Artocarpus heterophyllus SDM files/Last interglacial/results (without bias file)/Arthet_0.asc
ncols         625
nrows         721
xllcorner     69.99986311115
yllcorner     5.99986151914999
cellsize      0.041666667
NODATA_value  -9999
[rows 189 to 215 of 721, columns 366 to 426 of 625]
3.29938E-2 5.39165E-2 3.78999E-2 2.05748E-2 8.26338E-3 1.70121E-3 1.08351E-3 1.43431E-3 1.10109E-3 1.29589E-3 9.63368E-4 1.44833E-3 8.78987E-4 1.23976E-3 7.47328E-4 1.52938E-3 1.96586E-3 4.79077E-3 2.744E-3 1.16E-3 1.2177E-3 2.23028E-3 1.47534E-3 1.83028E-3 1.47526E-3 1.09468E-3 1.17419E-3 2.11781E-3 2.10623E-3 1.50979E-3 1.14824E-3 7.27466E-4 7.06768E-4 3.89899E-4 2.72857E-4 4.91084E-4 4.38002E-4 6.47484E-4 9.07321E-4 4.87121E-4 3.85227E-4 5.54389E-4 6.00376E-4 5.60376E-4 8.39913E-4 1.21551E-3 1.10314E-3 1.47708E-3 2.39697E-3 3.38287E-3 4.83191E-3 1.22354E-3 9.47841E-4 7.63855E-4 1.17071E-3 1.05105E-3 7.32827E-4 1.21756E-3 2.21841E-3 2.25591E-3 2.29395E-3
6.6406E-2 3.74721E-2 1.59395E-2 6.20512E-3 2.34725E-3 1.53753E-3 2.65678E-3 3.78756E-3 3.20321E-3 2.92239E-3 3.08905E-3 4.56301E-3 5.43302E-3 4.80337E-3 1.78784E-3 9.48514E-4 1.80019E-3 5.85771E-3 4.15482E-3 1.21346E-3 1.1996E-3 3.55946E-3 3.63353E-3 1.30891E-3 1.18718E-3 1.73733E-3 2.92309E-3 3.09295E-3 1.78037E-3 1.58024E-3 1.39599E-3 7.13667E-4 5.25457E-4 2.02578E-4 1.4116E-4 2.06284E-4 2.86501E-4 3.89029E-4 7.57974E-4 4.58429E-4 3.04816E-4 2.82671E-4 4.85639E-4 7.01383E-4 9.10689E-4 1.41094E-3 1.34268E-3 1.18645E-3 1.64579E-3 3.62321E-3 5.46406E-3 1.62575E-3 1.95111E-3 1.70727E-3 1.72859E-3 1.25302E-3 7.83425E-4 1.42482E-3 2.06159E-3 1.35255E-3 1.33792E-3
2.75689E-2 2.57214E-2 1.18566E-2 3.32947E-3 3.15415E-3 5.15657E-3 1.04188E-2 7.98642E-3 1.26183E-2 1.95922E-2 6.39595E-3 9.59781E-3 2.02465E-2 4.56472E-3 3.73951E-3 2.04888E-3 3.51368E-3 1.12631E-2 4.57303E-3 2.12477E-3 1.97085E-3 5.43656E-3 3.47531E-3 2.66694E-3 3.65935E-3 5.31058E-3 5.18867E-3 3.29996E-3 2.3365E-3 1.29829E-3 1.34556E-3 8.35183E-4 8.84139E-4 3.41847E-4 6.96156E-4 5.35039E-4 4.61516E-4 4.90485E-4 7.03931E-4 4.27631E-4 3.49003E-4 2.51653E-4 4.98084E-4 5.59529E-4 7.33646E-4 1.14739E-3 1.05696E-3 1.94079E-3 3.19009E-3 5.26242E-3 3.46817E-3 5.34923E-3 2.16535E-3 1.61196E-3 1.41519E-3 1.40083E-3 6.36566E-4 9.71063E-4 2.2105E-3 2.09671E-3 1.7533E-3
9.16647E-2 5.63766E-2 2.16595E-2 1.09265E-2 2.61261E-2 1.87778E-2 3.52245E-2 2.00689E-2 3.95284E-2 4.49073E-2 2.2921E-2 1.03431E-2 3.30514E-2 1.48643E-2 7.98425E-3 4.25406E-3 6.36087E-3 2.14843E-2 4.6643E-3 1.87967E-3 1.78852E-3 3.36065E-3 1.03491E-2 4.72931E-3 1.08863E-2 5.82335E-3 4.05353E-3 1.42189E-3 1.83727E-3 1.84594E-3 1.18727E-3 1.57679E-3 1.58183E-3 1.36316E-3 1.80199E-3 1.3221E-3 5.87288E-4 6.18548E-4 6.96314E-4 3.50249E-4 2.12707E-4 4.68375E-4 5.3978E-4 5.53542E-4 7.74287E-4 2.52934E-3 1.2767E-3 1.10031E-3 1.66723E-3 3.10215E-3 5.04236E-3 7.09461E-3 3.40542E-3 2.02019E-3 1.81061E-3 1.58122E-3 7.99236E-4 1.25507E-3 2.1989E-3 1.42047E-3 8.10844E-4
1.32216E-1 7.3636E-2 7.09032E-2 8.11552E-2 7.03663E-2 2.27327E-2 5.95638E-2 4.29034E-2 4.86673E-2 1.0013E-1 2.55531E-2 1.24677E-2 3.74337E-2 5.25735E-2 1.04641E-2 8.76625E-3 2.53101E-2 3.4222E-2 1.10495E-2 4.88029E-3 2.20725E-3 6.81766E-3 1.66499E-2 2.26709E-2 8.59586E-3 3.11592E-3 3.19035E-3 2.17791E-3 6.98956E-4 9.5377E-4 9.62207E-4 1.7484E-3 2.20128E-3 1.5632E-3 2.08908E-3 1.37989E-3 1.12697E-3 1.3727E-3 8.03675E-4 1.30379E-4 4.72135E-5 8.01989E-4 1.21976E-3 1.29692E-3 1.60749E-3 2.15283E-3 3.07899E-3 3.66908E-3 1.40047E-3 2.40448E-3 6.94788E-3 1.1113E-2 5.31368E-3 4.01154E-3 1.9066E-3 1.53298E-3 1.45689E-3 1.55455E-3 1.61994E-3 9.32919E-4 8.71844E-4
2.27208E-1 2.30231E-1 1.62857E-1 1.59109E-1 8.66439E-2 5.46934E-2 8.71092E-2 1.16948E-1 5.59263E-2 1.14398E-1 4.43997E-2 2.4304E-2 8.04212E-2 4.94138E-2 2.4396E-2 3.1261E-2 6.67341E-2 2.91114E-2 7.41463E-3 5.5161E-3 3.36005E-3 4.68834E-3 1.48338E-2 3.54367E-2 1.72301E-2 7.43686E-3 2.69185E-3 1.92702E-3 1.49495E-3 8.01788E-4 7.4081E-4 1.69708E-3 2.25363E-3 2.0445E-3 2.18056E-3 2.42309E-3 2.13399E-3 1.85813E-3 1.10892E-3 4.51853E-4 2.8719E-4 3.09699E-4 4.11462E-4 3.8117E-4 1.02625E-4 1.19803E-3 4.43813E-3 6.18514E-3 3.14843E-3 3.01125E-3 9.37116E-3 1.53321E-2 4.06565E-3 4.59777E-3 3.28867E-3 1.79853E-3 1.18474E-3 2.86234E-3 1.40382E-3 1.20939E-3 1.01011E-3
2.94988E-1 2.0856E-1 1.48114E-1 1.29481E-1 9.3535E-2 7.20784E-2 1.41724E-1 1.29638E-1 1.40715E-1 1.19181E-1 3.4641E-2 6.05417E-2 1.30575E-1 4.91845E-2 6.23346E-2 8.25368E-2 6.49293E-2 2.06165E-2 1.17415E-2 6.24766E-3 1.72194E-2 5.70785E-3 1.53257E-2 4.60207E-2 2.14874E-2 1.00701E-2 5.67475E-3 3.5986E-3 1.5615E-3 1.30698E-3 6.51239E-4 1.12725E-3 2.20509E-3 3.59503E-3 2.69343E-3 3.96589E-3 2.66336E-3 3.5432E-3 2.45658E-3 1.67693E-3 1.30871E-3 4.9815E-4 6.66403E-4 3.69418E-4 3.80284E-5 4.15572E-4 2.13212E-3 4.09867E-3 8.62727E-3 8.10669E-3 9.23888E-3 1.85263E-2 8.52486E-3 6.49247E-3 3.06683E-3 2.50819E-3 2.57352E-3 1.56932E-3 1.0875E-3 5.40374E-4 6.68512E-4
2.33145E-1 2.36707E-1 2.18306E-1 1.79639E-1 1.13233E-1 1.15742E-1 1.40511E-1 1.95341E-1 1.64155E-1 7.66634E-2 6.48629E-2 1.02589E-1 1.45298E-1 7.10834E-2 8.00951E-2 9.72015E-2 4.53939E-2 2.64084E-2 1.59632E-2 2.72948E-2 4.70468E-2 1.34351E-2 2.53559E-2 5.9802E-2 2.5998E-2 1.03434E-2 5.17379E-3 2.48149E-3 1.83066E-3 1.5837E-3 8.57914E-4 4.12197E-4 2.30615E-3 4.6965E-3 5.78014E-3 6.32525E-3 6.06093E-3 4.14103E-3 1.35349E-3 8.98898E-4 8.91877E-4 4.99347E-4 6.0519E-4 8.81367E-4 3.95998E-4 1.23279E-3 2.8259E-3 4.46848E-3 2.97958E-3 5.25872E-3 1.1274E-2 2.2638E-2 2.72502E-2 6.3476E-3 2.95408E-3 1.3027E-3 1.1219E-3 7.68827E-4 1.2907E-3 6.16163E-4 4.63742E-4
1.20033E-1 1.1514E-1 9.0217E-2 7.1247E-2 7.63512E-2 1.23284E-1 1.61723E-1 2.04919E-1 1.67215E-1 1.51155E-1 1.48228E-1 1.44798E-1 1.70722E-1 8.53465E-2 9.29927E-2 1.29447E-1 6.87158E-2 4.14611E-2 1.97383E-2 4.68965E-2 7.91389E-2 4.15347E-2 4.54624E-2 8.42085E-2 2.82118E-2 2.51099E-2 1.24187E-2 2.85405E-3 1.36474E-3 1.20371E-3 8.36006E-4 4.394E-4 1.42082E-3 4.17719E-3 8.15002E-3 1.09264E-2 3.00226E-3 8.13749E-4 8.45653E-4 8.00988E-4 1.13242E-3 5.17873E-4 5.31117E-4 1.12879E-3 1.41122E-3 1.2708E-3 1.87246E-3 2.75319E-3 7.28499E-3 5.09984E-3 6.09609E-3 1.71942E-2 2.49811E-2 1.16364E-2 6.39615E-3 1.71548E-3 7.60121E-4 9.13259E-4 1.06108E-3 9.31114E-4 6.6077E-4
1.6297E-1 1.81176E-1 1.56239E-1 1.16486E-1 1.08394E-1 8.63094E-2 1.47454E-1 2.04897E-1 2.21809E-1 1.99508E-1 1.95535E-1 1.65181E-1 1.93008E-1 1.53553E-1 1.30734E-1 1.5803E-1 1.0417E-1 8.23987E-2 2.72056E-2 4.27356E-2 6.09741E-2 1.00243E-1 9.76352E-2 8.43752E-2 5.80082E-2 4.3574E-2 8.88884E-3 3.17821E-3 3.10339E-3 4.12064E-3 2.20164E-3 3.92565E-4 1.20231E-3 2.84311E-3 7.28128E-3 1.74136E-2 3.31747E-3 4.21351E-4 9.08505E-4 8.83942E-4 1.4041E-3 2.63075E-4 1.45927E-3 2.10503E-3 1.26539E-3 2.87105E-3 2.78525E-3 2.88715E-3 1.27595E-2 2.33473E-2 2.88824E-2 2.18879E-2 3.93627E-2 1.77335E-2 5.19165E-3 3.40793E-3 1.75661E-3 1.0417E-3 1.23893E-3 2.44547E-3 1.56304E-3
1.61947E-1 1.80304E-1 1.7502E-1 1.7038E-1 1.64193E-1 1.3925E-1 1.24762E-1 1.88632E-1 2.35918E-1 2.41512E-1 2.11815E-1 1.51432E-1 1.91192E-1 1.65648E-1 1.33404E-1 1.26477E-1 6.36178E-2 3.59374E-2 3.44612E-2 7.61625E-2 1.02484E-1 1.17783E-1 1.18368E-1 8.60342E-2 6.45151E-2 2.3779E-2 1.6002E-2 7.72903E-3 7.4365E-3 1.04334E-2 7.08288E-3 1.78326E-3 1.34573E-3 4.78097E-3 1.43595E-2 2.43668E-2 8.61374E-3 2.16715E-3 1.31542E-3 1.27738E-3 2.38053E-3 8.38215E-4 1.09249E-3 3.34118E-3 4.02138E-3 3.9731E-3 4.1952E-3 7.35363E-3 1.42006E-2 3.69226E-2 7.38007E-2 4.08722E-2 2.32409E-2 9.98642E-3 4.84351E-3 2.2207E-3 1.14519E-3 1.06269E-3 1.52106E-3 3.07135E-3 2.11223E-3
1.78282E-1 1.80359E-1 1.7202E-1 1.71397E-1 1.69681E-1 1.4768E-1 1.02808E-1 1.90941E-1 2.20966E-1 2.10976E-1 2.8484E-1 2.63737E-1 2.22197E-1 1.43395E-1 1.0957E-1 1.03326E-1 7.08579E-2 9.85839E-2 8.73131E-2 1.29367E-1 1.80479E-1 1.48902E-1 9.41972E-2 4.11305E-2 2.39071E-2 3.7843E-2 3.42884E-2 1.18968E-2 2.6557E-2 2.57926E-2 6.43367E-3 3.78328E-3 4.58406E-3 5.31395E-3 2.40552E-2 2.69348E-2 8.46788E-3 4.93889E-3 2.06481E-3 6.33349E-4 4.96399E-3 2.93113E-3 3.80406E-3 5.90651E-3 4.06174E-3 2.92724E-3 6.30446E-3 9.41269E-3 1.60885E-2 3.00386E-2 8.4011E-2 5.77153E-2 2.911E-2 1.17693E-2 3.58153E-3 1.48519E-3 1.18962E-3 1.56946E-3 2.02491E-3 3.66005E-3 9.81782E-3
1.42808E-1 1.67453E-1 1.63526E-1 2.0919E-1 1.86295E-1 1.88152E-1 1.72881E-1 2.16485E-1 2.53158E-1 2.88058E-1 2.67775E-1 2.55823E-1 1.48745E-1 1.24157E-1 1.20733E-1 1.18112E-1 9.06282E-2 9.1971E-2 1.50845E-1 1.64284E-1 1.66695E-1 1.0144E-1 5.46808E-2 6.33011E-2 5.26843E-2 7.42582E-2 3.06107E-2 2.29464E-2 4.56118E-2 2.30004E-2 8.02142E-3 9.08434E-3 1.03197E-2 1.45203E-2 4.5693E-2 3.22763E-2 7.60981E-3 9.59E-3 3.12357E-3 3.59435E-3 1.11767E-2 4.78231E-3 6.0843E-3 4.63764E-3 1.05228E-2 8.47159E-3 1.49423E-2 3.52709E-2 4.37262E-2 3.18535E-2 9.67287E-2 2.58969E-2 1.22465E-2 6.99972E-3 2.27578E-3 3.20867E-3 2.50919E-3 3.2168E-3 5.13176E-3 2.21915E-3 1.11187E-2
1.88332E-1 1.97979E-1 1.89631E-1 1.40722E-1 1.33192E-1 1.50212E-1 1.65666E-1 1.71326E-1 2.14421E-1 2.47249E-1 2.4632E-1 2.71245E-1 1.75031E-1 1.41323E-1 1.69106E-1 1.28578E-1 7.69016E-2 7.54308E-2 1.0782E-1 1.70358E-1 1.76385E-1 1.0695E-1 8.18875E-2 9.34068E-2 8.23393E-2 7.19732E-2 3.12566E-2 4.61505E-2 6.36694E-2 2.59395E-2 1.65075E-2 1.96176E-2 2.5915E-2 5.53866E-2 8.20914E-2 4.71164E-2 2.36248E-2 2.18549E-2 7.02028E-3 2.258E-2 9.09464E-3 1.4356E-2 2.2733E-2 8.61917E-3 1.90392E-2 3.85598E-2 3.28906E-2 4.03627E-2 9.29745E-2 6.80481E-2 1.13282E-1 5.24987E-2 4.2776E-2 1.30839E-2 2.87408E-3 4.38662E-3 1.11777E-2 2.19391E-2 7.08348E-3 3.25828E-3 1.89182E-2
1.62093E-1 1.55089E-1 1.44494E-1 8.19901E-2 8.76612E-2 1.22068E-1 1.4855E-1 1.70972E-1 1.74429E-1 2.01492E-1 2.00346E-1 2.37681E-1 2.34833E-1 2.26505E-1 1.86419E-1 9.62842E-2 5.54296E-2 4.30218E-2 8.35984E-2 1.79741E-1 1.69736E-1 9.08084E-2 1.1192E-1 6.5311E-2 4.94882E-2 5.20909E-2 8.75794E-2 7.53775E-2 5.0061E-2 2.56569E-2 2.33466E-2 3.48945E-2 3.03767E-2 3.9122E-2 1.00841E-1 5.11983E-2 5.67296E-2 3.72323E-2 3.47154E-2 4.75141E-2 1.38706E-2 2.02006E-2 5.56775E-2 5.79862E-2 3.49665E-2 4.45528E-2 7.74429E-2 1.1977E-1 1.42046E-1 1.49081E-1 5.83141E-2 2.8286E-2 1.90435E-2 5.58955E-3 7.95822E-3 9.29575E-3 3.71924E-2 3.63029E-2 1.33876E-2 9.97579E-3 3.95213E-2
1.62475E-1 1.49638E-1 1.44181E-1 1.0194E-1 6.6752E-2 8.07989E-2 1.15468E-1 1.45033E-1 1.9481E-1 2.08023E-1 2.07288E-1 1.67006E-1 2.06638E-1 2.58428E-1 1.88855E-1 1.57228E-1 1.05077E-1 8.89943E-2 1.06598E-1 1.89828E-1 2.14158E-1 1.69137E-1 1.03986E-1 4.93569E-2 6.48534E-2 9.82381E-2 1.04102E-1 6.603E-2 2.66681E-2 1.75487E-2 2.59464E-2 4.59384E-2 3.72809E-2 3.99295E-2 9.8046E-2 1.01763E-1 8.71498E-2 7.56128E-2 9.93292E-2 6.23324E-2 1.56508E-2 3.08485E-2 6.51392E-2 9.87937E-2 1.01885E-1 6.72433E-2 1.46317E-1 1.46513E-1 7.82237E-2 8.10731E-2 7.42722E-2 4.69441E-2 1.07904E-2 5.26633E-3 1.61199E-2 4.14651E-2 5.57007E-2 2.90841E-2 1.81889E-2 4.25277E-2 5.1495E-2
2.83544E-1 2.09561E-1 1.40242E-1 1.44319E-1 1.52484E-1 7.64852E-2 7.57145E-2 7.73013E-2 1.40571E-1 1.64491E-1 1.56211E-1 2.13246E-1 2.13967E-1 2.55963E-1 1.53369E-1 1.10331E-1 1.40937E-1 1.52253E-1 1.39734E-1 1.82582E-1 2.71618E-1 1.91991E-1 8.60702E-2 9.45577E-2 1.26293E-1 1.29616E-1 4.45375E-2 3.44956E-2 2.38962E-2 3.54024E-2 3.60815E-2 5.90782E-2 4.13309E-2 7.67284E-2 1.29609E-1 1.66816E-1 1.34339E-1 1.01546E-1 5.85236E-2 2.60691E-2 2.08959E-2 3.16412E-2 1.11816E-1 1.34972E-1 1.55143E-1 1.97275E-1 1.45917E-1 9.59102E-2 1.18497E-1 8.29442E-2 6.11462E-2 3.84605E-2 1.95982E-2 7.73753E-3 1.87483E-2 4.68277E-2 9.84772E-2 4.95202E-2 4.70814E-2 8.82681E-2 6.88809E-2
2.98962E-1 3.18407E-1 3.07989E-1 2.87664E-1 2.34555E-1 2.31688E-1 1.93222E-1 1.16096E-1 8.62571E-2 1.46844E-1 1.14011E-1 1.68296E-1 2.18616E-1 2.56177E-1 2.89533E-1 2.28729E-1 2.04545E-1 2.49471E-1 2.17774E-1 2.53183E-1 2.59995E-1 1.71528E-1 1.06301E-1 1.62981E-1 1.71895E-1 9.25771E-2 5.99436E-2 5.5001E-2 3.67669E-2 3.95747E-2 5.65359E-2 6.33551E-2 8.6449E-2 7.63974E-2 1.88474E-1 1.5273E-1 8.44984E-2 3.78679E-2 2.82999E-2 2.82389E-2 2.88253E-2 4.03838E-2 6.17359E-2 1.0239E-1 1.80297E-1 2.15483E-1 1.04521E-1 1.14789E-1 1.79222E-1 1.8685E-1 1.38213E-1 9.05538E-2 4.03663E-2 3.22535E-2 3.94597E-2 5.53072E-2 1.16271E-1 6.554E-2 1.09209E-1 7.56258E-2 2.57879E-2
3.61754E-1 3.58421E-1 3.62881E-1 3.68484E-1 3.53863E-1 3.42279E-1 2.93341E-1 2.48616E-1 1.97823E-1 2.44577E-1 1.5551E-1 1.36991E-1 1.27598E-1 1.63735E-1 2.29525E-1 2.72283E-1 3.09553E-1 2.85858E-1 3.09335E-1 3.19549E-1 2.54458E-1 1.86821E-1 1.74518E-1 2.6375E-1 1.58941E-1 7.19744E-2 6.64373E-2 8.51799E-2 8.41623E-2 6.77635E-2 5.33904E-2 4.31558E-2 1.19423E-1 1.68867E-1 2.28733E-1 9.87488E-2 8.04047E-2 8.32014E-2 6.60762E-2 5.22261E-2 3.97392E-2 9.11735E-2 1.18992E-1 1.5536E-1 2.05491E-1 2.55055E-1 2.20975E-1 2.32586E-1 2.42221E-1 1.80844E-1 8.30666E-2 5.83007E-2 2.67157E-2 3.50859E-2 9.6994E-2 8.59871E-2 1.36717E-1 1.44559E-1 1.36687E-1 5.38623E-2 6.51404E-2
3.41948E-1 3.47975E-1 3.266E-1 3.52137E-1 3.21697E-1 3.46596E-1 3.54571E-1 3.56449E-1 3.42864E-1 3.49221E-1 2.85568E-1 2.50782E-1 1.9359E-1 1.94502E-1 1.62206E-1 2.1215E-1 2.35691E-1 3.15121E-1 2.68437E-1 2.52253E-1 2.58824E-1 1.96265E-1 2.52812E-1 2.79864E-1 1.58322E-1 1.21944E-1 7.90737E-2 1.03178E-1 2.07156E-1 1.28914E-1 7.87503E-2 7.59564E-2 1.15307E-1 1.68845E-1 2.25669E-1 1.32355E-1 1.43961E-1 1.55018E-1 1.32954E-1 5.77307E-2 4.15957E-2 8.53439E-2 9.54628E-2 1.49284E-1 1.5246E-1 1.94459E-1 2.64144E-1 2.58984E-1 2.45246E-1 1.68104E-1 1.10433E-1 8.3474E-2 4.0614E-2 3.94213E-2 8.80856E-2 1.12551E-1 1.52794E-1 1.65573E-1 7.8187E-2 6.35248E-2 9.89217E-2
3.46867E-1 3.36731E-1 3.35276E-1 3.20026E-1 3.37476E-1 3.52888E-1 3.50186E-1 3.50971E-1 3.29616E-1 3.35207E-1 3.19699E-1 2.76515E-1 2.30139E-1 2.54191E-1 2.6506E-1 2.11408E-1 1.99272E-1 2.68974E-1 3.16573E-1 2.7519E-1 2.12886E-1 1.62143E-1 1.95295E-1 2.7045E-1 2.21945E-1 1.77178E-1 1.30644E-1 1.27319E-1 2.25227E-1 1.75898E-1 1.4558E-1 1.71283E-1 2.15914E-1 2.17413E-1 2.80065E-1 2.32927E-1 1.92866E-1 1.56349E-1 1.23355E-1 1.05486E-1 6.32636E-2 3.53736E-2 3.81866E-2 8.18029E-2 1.3146E-1 1.9894E-1 2.65664E-1 2.60445E-1 2.34298E-1 2.00062E-1 1.61965E-1 1.0619E-1 8.89397E-2 5.8822E-2 4.73648E-2 6.06467E-2 1.03383E-1 1.31339E-1 1.85368E-1 1.21079E-1 1.36838E-1
3.52293E-1 3.30324E-1 3.19096E-1 2.83531E-1 2.86873E-1 2.98516E-1 3.15373E-1 2.96606E-1 2.9964E-1 2.97671E-1 2.94683E-1 3.03329E-1 3.02639E-1 3.12362E-1 3.08204E-1 3.07036E-1 2.61576E-1 2.08029E-1 2.3143E-1 2.89991E-1 3.0847E-1 2.70102E-1 2.64727E-1 2.6434E-1 2.51271E-1 1.48211E-1 1.64341E-1 1.57894E-1 2.22195E-1 1.31764E-1 1.36951E-1 2.02183E-1 2.30363E-1 2.85261E-1 2.54806E-1 1.91975E-1 9.37798E-2 8.20357E-2 8.99113E-2 5.92492E-2 5.55202E-2 6.40969E-2 7.89482E-2 8.71151E-2 1.35015E-1 2.08875E-1 2.5406E-1 2.38523E-1 1.94412E-1 2.09389E-1 1.6789E-1 1.01927E-1 8.43431E-2 5.07146E-2 6.06395E-2 7.24653E-2 8.26191E-2 1.05469E-1 2.0608E-1 1.89948E-1 1.67084E-1
3.55611E-1 3.48995E-1 3.26757E-1 3.00858E-1 2.64613E-1 2.6774E-1 2.79357E-1 2.93072E-1 3.05793E-1 3.07149E-1 2.92142E-1 2.84656E-1 2.85228E-1 2.84773E-1 3.14914E-1 3.2612E-1 3.3109E-1 2.6634E-1 2.14797E-1 2.05051E-1 2.41337E-1 2.5007E-1 2.59205E-1 2.58292E-1 2.4312E-1 2.89628E-1 2.46904E-1 2.83709E-1 2.16724E-1 1.73962E-1 2.14769E-1 2.94804E-1 2.82274E-1 2.25866E-1 1.75813E-1 1.36785E-1 1.31143E-1 1.54348E-1 1.01271E-1 7.93965E-2 8.60759E-2 1.37756E-1 1.04132E-1 8.1814E-2 1.3588E-1 1.48503E-1 2.12337E-1 2.57745E-1 2.30579E-1 1.58209E-1 1.26534E-1 1.06788E-1 8.86191E-2 5.83614E-2 8.52823E-2 8.96659E-2 1.3205E-1 9.64709E-2 1.35387E-1 2.02581E-1 1.85865E-1
3.25112E-1 3.27778E-1 3.24239E-1 3.20704E-1 3.12579E-1 2.81034E-1 2.74054E-1 2.93893E-1 2.92282E-1 2.91287E-1 2.94317E-1 3.0274E-1 3.09142E-1 3.06066E-1 3.17648E-1 3.15042E-1 3.13623E-1 3.0752E-1 3.04409E-1 2.45976E-1 2.06825E-1 2.18715E-1 1.91849E-1 2.06616E-1 1.55153E-1 1.84814E-1 2.85475E-1 3.0169E-1 2.15639E-1 3.00761E-1 2.79083E-1 2.26297E-1 2.04738E-1 2.06754E-1 2.37837E-1 1.91502E-1 2.08953E-1 1.93476E-1 1.77888E-1 9.82441E-2 8.27611E-2 1.41244E-1 1.72001E-1 1.27852E-1 1.24253E-1 1.53453E-1 1.39431E-1 2.3468E-1 2.52325E-1 1.74478E-1 1.02875E-1 7.10994E-2 5.93189E-2 6.44766E-2 1.16918E-1 1.171E-1 1.53569E-1 1.53299E-1 1.66618E-1 2.21483E-1 1.71421E-1
3.05608E-1 2.9818E-1 2.93824E-1 2.9421E-1 3.07402E-1 3.01039E-1 2.98526E-1 2.95788E-1 3.01229E-1 2.96378E-1 2.85514E-1 2.98232E-1 3.06883E-1 3.17195E-1 3.10413E-1 3.07158E-1 3.14201E-1 3.1048E-1 3.04943E-1 3.01547E-1 3.1413E-1 2.89836E-1 2.89918E-1 1.86307E-1 1.35188E-1 1.82574E-1 2.30925E-1 2.45837E-1 2.97964E-1 2.50051E-1 2.3768E-1 3.04623E-1 3.05023E-1 3.30081E-1 3.16112E-1 2.49723E-1 2.42167E-1 1.98786E-1 1.18913E-1 7.0641E-2 8.23943E-2 1.65797E-1 2.23826E-1 2.14058E-1 1.75638E-1 1.7587E-1 2.09184E-1 2.02915E-1 2.41137E-1 2.28878E-1 1.70359E-1 7.5269E-2 1.00484E-1 1.26289E-1 1.33014E-1 1.57851E-1 1.4644E-1 2.22962E-1 2.34551E-1 2.15657E-1 1.81206E-1
2.94535E-1 2.94809E-1 2.91373E-1 2.90462E-1 2.89097E-1 2.82691E-1 2.88432E-1 2.8236E-1 2.79717E-1 2.77727E-1 2.94724E-1 2.98921E-1 2.96754E-1 2.96536E-1 3.04489E-1 3.00362E-1 2.93122E-1 2.95958E-1 3.037E-1 3.075E-1 3.00926E-1 3.04493E-1 2.87815E-1 2.31835E-1 2.1857E-1 1.51488E-1 1.77548E-1 2.31809E-1 2.73358E-1 2.84159E-1 2.81214E-1 2.16493E-1 2.00615E-1 2.37434E-1 3.23767E-1 3.00669E-1 2.02501E-1 1.05184E-1 8.15295E-2 7.57352E-2 9.10696E-2 1.26202E-1 1.84366E-1 1.91618E-1 2.14768E-1 1.83991E-1 2.25392E-1 2.31189E-1 2.20757E-1 1.88704E-1 1.6112E-1 8.04462E-2 1.34868E-1 1.521E-1 1.74597E-1 1.7053E-1 2.39953E-1 1.81387E-1 1.92445E-1 1.5625E-1 1.20575E-1
2.75064E-1 2.77956E-1 2.77382E-1 2.8142E-1 2.70371E-1 2.64683E-1 2.6865E-1 2.70368E-1 2.69386E-1 2.63907E-1 2.68324E-1 2.77052E-1 2.81391E-1 2.85493E-1 2.8756E-1 2.89891E-1 2.87151E-1 2.82794E-1 2.92046E-1 2.96545E-1 2.98684E-1 3.03795E-1 3.04476E-1 3.03332E-1 2.85201E-1 2.22931E-1 2.90274E-1 2.3918E-1 2.5663E-1 2.50644E-1 2.13841E-1 1.73499E-1 1.42123E-1 1.42384E-1 2.57424E-1 3.14923E-1 2.38998E-1 1.76632E-1 1.37258E-1 1.674E-1 1.37436E-1 1.06754E-1 1.37258E-1 2.25156E-1 2.12262E-1 2.45523E-1 2.45968E-1 1.96892E-1 1.64895E-1 1.45042E-1 1.2357E-1 1.05379E-1 1.19762E-1 1.71473E-1 1.89363E-1 2.39141E-1 1.67783E-1 1.52093E-1 1.48029E-1 1.40698E-1 1.07561E-1
