Artocarpus heterophyllus SDM files/Last interglacial/results (without bias file)/Arthet_5.asc
ncols         625
nrows         721
xllcorner     69.99986311115
yllcorner     5.99986151914999
cellsize      0.041666667
NODATA_value  -9999
[rows 216 to 242 of 721, columns 0 to 60 of 625]
4.76003E-2 4.76986E-2 4.5101E-2 4.4862E-2 4.49686E-2 4.43849E-2 4.46437E-2 4.59487E-2 4.52694E-2 4.50027E-2 4.53569E-2 4.48104E-2 4.60138E-2 4.56825E-2 4.74443E-2 4.67281E-2 4.62306E-2 4.30878E-2 4.10368E-2 4.10248E-2 4.0338E-2 4.68758E-2 4.70667E-2 5.02825E-2 4.81705E-2 4.71607E-2 4.71407E-2 4.0429E-2 3.86663E-2 3.81876E-2 3.79651E-2 3.58908E-2 4.06409E-2 4.15622E-2 3.89847E-2 4.08556E-2 4.33411E-2 4.32408E-2 4.32408E-2 4.33441E-2 4.32827E-2 4.35621E-2 4.35349E-2 4.27447E-2 4.27447E-2 4.23567E-2 4.2766E-2 4.36647E-2 4.29843E-2 4.29843E-2 4.54441E-2 4.6186E-2 4.6193E-2 4.72431E-2 4.71451E-2 4.72934E-2 4.64876E-2 4.62598E-2 4.65296E-2 4.66892E-2 4.6717E-2
4.47589E-2 4.42426E-2 4.42561E-2 4.17229E-2 4.41397E-2 4.43518E-2 4.43452E-2 4.39252E-2 4.42851E-2 4.41611E-2 4.54643E-2 4.56114E-2 4.47977E-2 4.3772E-2 4.37534E-2 4.55143E-2 4.22946E-2 4.10855E-2 4.06858E-2 4.64048E-2 4.66672E-2 4.73368E-2 4.56342E-2 4.5451E-2 4.44826E-2 4.66442E-2 4.6835E-2 4.72454E-2 5.00792E-2 4.6685E-2 4.67887E-2 4.91963E-2 4.04753E-2 3.84844E-2 3.84844E-2 4.08326E-2 4.06255E-2 4.08176E-2 4.05495E-2 4.08829E-2 4.32284E-2 4.32284E-2 4.36107E-2 4.35931E-2 4.34694E-2 4.37142E-2 4.37341E-2 4.44308E-2 4.4564E-2 4.31555E-2 4.27988E-2 4.29631E-2 4.5597E-2 4.39509E-2 4.41894E-2 4.75548E-2 4.54264E-2 4.68004E-2 4.76521E-2 4.45656E-2 4.42272E-2
4.38021E-2 4.15244E-2 4.33239E-2 4.09508E-2 4.32168E-2 4.32168E-2 4.34249E-2 4.04027E-2 4.38864E-2 4.41355E-2 4.41483E-2 4.33747E-2 4.34712E-2 4.37348E-2 4.29914E-2 4.24852E-2 4.45523E-2 4.2129E-2 4.70276E-2 4.48979E-2 4.81356E-2 4.81778E-2 4.54417E-2 4.73304E-2 4.7144E-2 4.5417E-2 4.54573E-2 4.47516E-2 4.73071E-2 4.39384E-2 4.61765E-2 4.91439E-2 4.95584E-2 4.98345E-2 4.97958E-2 5.03801E-2 4.98541E-2 4.98541E-2 5.02528E-2 4.99312E-2 4.9631E-2 5.03524E-2 4.30732E-2 4.38157E-2 5.35424E-2 4.33026E-2 4.28134E-2 4.02099E-2 4.28707E-2 4.31528E-2 4.3162E-2 4.27846E-2 4.29501E-2 4.27102E-2 4.29882E-2 4.34203E-2 4.4322E-2 4.42498E-2 4.53048E-2 4.57231E-2 4.58902E-2
4.35261E-2 4.14989E-2 4.06609E-2 4.01886E-2 4.02069E-2 4.00002E-2 4.08126E-2 4.09125E-2 4.12564E-2 4.05133E-2 4.08467E-2 4.09753E-2 4.27198E-2 4.20992E-2 4.23433E-2 4.20992E-2 4.24673E-2 4.26985E-2 4.45989E-2 4.53622E-2 4.52326E-2 4.51315E-2 4.50009E-2 4.52756E-2 4.56877E-2 4.46148E-2 4.44271E-2 4.43163E-2 4.70952E-2 4.67061E-2 4.63157E-2 4.64186E-2 4.4454E-2 4.49534E-2 4.74883E-2 5.018E-2 5.00554E-2 5.0035E-2 5.00076E-2 4.97082E-2 5.03053E-2 5.02985E-2 4.9869E-2 5.03353E-2 5.1083E-2 5.09258E-2 4.87239E-2 4.91609E-2 4.24571E-2 4.89648E-2 5.27343E-2 5.25888E-2 4.29155E-2 5.23709E-2 4.25867E-2 4.28534E-2 4.3022E-2 4.34409E-2 4.36037E-2 4.53116E-2 4.54589E-2
4.28509E-2 4.00444E-2 4.00444E-2 4.01398E-2 4.66603E-2 3.95854E-2 3.93822E-2 4.01458E-2 4.02532E-2 3.97941E-2 4.00214E-2 3.98521E-2 3.99693E-2 4.29025E-2 3.98427E-2 3.9155E-2 3.92643E-2 4.18166E-2 4.42448E-2 4.21603E-2 4.47889E-2 4.46739E-2 4.42985E-2 4.21267E-2 4.18883E-2 4.19587E-2 4.18597E-2 4.41437E-2 4.3885E-2 4.70916E-2 4.69619E-2 4.61848E-2 4.42169E-2 4.43337E-2 4.74519E-2 4.74231E-2 4.75157E-2 4.76758E-2 4.75577E-2 4.99809E-2 5.03826E-2 5.0081E-2 4.97637E-2 5.00904E-2 5.05587E-2 5.02355E-2 4.9537E-2 4.91099E-2 5.28466E-2 5.1124E-2 4.91113E-2 5.03274E-2 5.25746E-2 5.21477E-2 5.17009E-2 4.21893E-2 5.22277E-2 5.24322E-2 5.24534E-2 5.41094E-2 5.45851E-2
4.74942E-2 4.41617E-2 4.67277E-2 4.68439E-2 4.61799E-2 4.61924E-2 4.59695E-2 4.66598E-2 4.66474E-2 4.69085E-2 4.71824E-2 4.69818E-2 4.68722E-2 4.71857E-2 4.69366E-2 4.88662E-2 3.91083E-2 4.19335E-2 4.2534E-2 4.48749E-2 4.50196E-2 4.4632E-2 4.48906E-2 4.22149E-2 4.20821E-2 4.21478E-2 4.20542E-2 4.43207E-2 4.46709E-2 4.1789E-2 4.47028E-2 4.6148E-2 4.41815E-2 4.62568E-2 4.72821E-2 4.73934E-2 4.80543E-2 4.79354E-2 4.7629E-2 4.73522E-2 4.76417E-2 4.73246E-2 4.92967E-2 4.92967E-2 4.93348E-2 5.00049E-2 5.00319E-2 4.90442E-2 4.65218E-2 5.04607E-2 4.61579E-2 4.60304E-2 5.18015E-2 4.91318E-2 5.32933E-2 4.90656E-2 5.20843E-2 5.23944E-2 5.26204E-2 5.33E-2 5.45538E-2
4.67463E-2 4.47653E-2 4.44689E-2 4.42473E-2 4.39543E-2 4.36373E-2 4.34208E-2 4.374E-2 4.62699E-2 4.72928E-2 4.75676E-2 4.70917E-2 4.66602E-2 4.71798E-2 4.96075E-2 4.92628E-2 4.92628E-2 4.94994E-2 5.05339E-2 4.96097E-2 4.99368E-2 4.77121E-2 4.74546E-2 4.01026E-2 4.72082E-2 4.0192E-2 4.28474E-2 4.26534E-2 4.27654E-2 4.21228E-2 3.86541E-2 4.43614E-2 4.42738E-2 4.72821E-2 4.49455E-2 4.7639E-2 4.80411E-2 4.80124E-2 4.76166E-2 4.73398E-2 4.73273E-2 4.77348E-2 4.68762E-2 4.6607E-2 4.91546E-2 4.931E-2 4.95623E-2 4.87245E-2 4.55983E-2 5.05304E-2 5.00985E-2 4.97116E-2 4.6864E-2 5.06944E-2 5.05822E-2 5.39682E-2 5.33666E-2 5.06979E-2 5.05858E-2 5.07982E-2 5.38507E-2
4.62196E-2 4.42601E-2 4.43642E-2 4.40396E-2 4.3851E-2 4.37541E-2 4.31452E-2 4.33305E-2 4.34449E-2 4.38085E-2 4.4076E-2 4.43101E-2 4.4201E-2 4.44687E-2 4.71333E-2 4.70587E-2 4.65035E-2 4.64458E-2 4.97366E-2 5.00298E-2 4.97074E-2 4.7534E-2 4.69728E-2 4.7498E-2 4.71537E-2 4.70729E-2 4.67663E-2 4.67554E-2 4.3499E-2 4.25864E-2 4.20707E-2 4.20818E-2 4.48076E-2 4.54379E-2 4.5432E-2 4.51187E-2 4.52248E-2 4.51974E-2 4.48357E-2 4.75981E-2 4.74323E-2 4.71293E-2 4.6577E-2 4.68762E-2 4.70053E-2 4.66259E-2 4.9426E-2 4.88458E-2 4.90309E-2 5.05304E-2 5.00848E-2 4.94371E-2 4.95668E-2 4.97465E-2 5.02698E-2 5.07302E-2 5.03346E-2 5.021E-2 5.04472E-2 4.98302E-2 5.07686E-2
4.36469E-2 4.39432E-2 4.40525E-2 4.43459E-2 4.38451E-2 4.34411E-2 4.32234E-2 4.30095E-2 4.3135E-2 4.3135E-2 4.37857E-2 4.37624E-2 4.37107E-2 4.42511E-2 4.43443E-2 4.71683E-2 4.46788E-2 4.60355E-2 4.60355E-2 4.62946E-2 4.55659E-2 4.49986E-2 4.43884E-2 4.51382E-2 4.74804E-2 4.78351E-2 4.74693E-2 4.30972E-2 4.31023E-2 4.38486E-2 4.35606E-2 4.31539E-2 4.96495E-2 5.27881E-2 5.09924E-2 4.56718E-2 4.54928E-2 4.54481E-2 4.518E-2 4.49353E-2 4.75166E-2 4.66951E-2 4.63972E-2 4.61378E-2 4.6556E-2 4.64292E-2 4.92753E-2 4.6205E-2 4.91729E-2 4.95919E-2 4.94491E-2 4.92173E-2 4.90288E-2 4.95225E-2 4.95489E-2 5.01437E-2 5.00554E-2 4.95547E-2 4.9892E-2 4.96581E-2 4.9983E-2
4.39551E-2 4.15978E-2 4.16035E-2 4.13225E-2 4.16092E-2 4.10255E-2 4.04706E-2 4.03596E-2 4.05621E-2 4.28387E-2 4.08121E-2 4.10623E-2 4.1292E-2 4.39594E-2 4.36845E-2 4.40727E-2 3.71856E-2 3.75899E-2 4.14597E-2 4.19527E-2 4.26394E-2 4.60973E-2 4.11792E-2 4.11984E-2 4.09411E-2 4.37948E-2 4.75688E-2 4.2899E-2 4.33821E-2 4.38589E-2 4.34491E-2 4.33277E-2 4.68007E-2 4.94451E-2 5.08341E-2 5.34193E-2 5.3549E-2 4.58809E-2 4.53195E-2 4.51688E-2 4.51469E-2 4.42615E-2 4.40939E-2 4.62403E-2 4.5681E-2 4.62951E-2 4.66056E-2 4.58767E-2 4.63118E-2 4.93759E-2 4.92401E-2 4.88114E-2 4.85824E-2 4.87922E-2 4.93931E-2 4.93996E-2 5.01796E-2 4.91844E-2 4.92106E-2 4.89928E-2 4.90269E-2
4.34601E-2 4.17183E-2 4.11401E-2 4.11345E-2 4.11401E-2 4.08334E-2 4.08334E-2 4.03652E-2 4.36924E-2 4.03885E-2 4.0378E-2 4.03575E-2 4.33374E-2 4.11016E-2 3.45888E-2 3.46788E-2 3.45844E-2 3.51606E-2 3.87997E-2 4.10851E-2 4.11092E-2 4.1285E-2 4.0946E-2 4.08504E-2 4.04441E-2 4.08263E-2 4.13406E-2 4.08166E-2 4.08117E-2 4.11551E-2 4.38025E-2 4.73816E-2 4.72242E-2 4.98345E-2 5.0786E-2 4.99113E-2 5.04844E-2 5.3095E-2 5.33597E-2 5.3188E-2 4.52987E-2 4.39078E-2 4.39787E-2 4.33281E-2 4.53524E-2 4.52384E-2 4.56613E-2 4.5428E-2 4.61246E-2 4.60223E-2 4.85189E-2 4.57687E-2 4.59493E-2 4.61356E-2 4.62864E-2 4.93727E-2 4.89241E-2 4.91281E-2 4.88977E-2 4.95225E-2 4.88172E-2
4.72144E-2 4.73298E-2 4.53328E-2 4.48207E-2 4.47114E-2 4.47114E-2 4.41942E-2 4.35907E-2 4.32703E-2 4.33859E-2 4.10326E-2 4.3698E-2 4.39596E-2 3.74824E-2 3.40232E-2 3.43168E-2 3.81066E-2 3.83375E-2 3.8322E-2 3.86421E-2 3.87725E-2 3.81853E-2 3.80961E-2 4.08263E-2 4.0731E-2 4.07165E-2 4.07165E-2 4.1077E-2 4.10544E-2 4.10592E-2 4.17647E-2 4.53018E-2 4.50047E-2 4.69981E-2 5.09206E-2 5.04428E-2 5.02819E-2 4.98716E-2 4.96988E-2 4.94105E-2 4.99913E-2 5.18371E-2 5.15667E-2 5.09375E-2 4.2623E-2 4.25365E-2 4.30477E-2 4.29521E-2 4.55414E-2 4.56976E-2 4.55962E-2 4.55636E-2 4.56401E-2 4.61001E-2 4.61063E-2 4.61309E-2 4.60101E-2 4.89867E-2 4.88717E-2 4.63894E-2 4.9945E-2
4.44941E-2 4.30935E-2 4.24985E-2 4.25149E-2 4.19838E-2 4.19315E-2 4.13023E-2 4.04519E-2 4.06238E-2 4.04377E-2 4.31278E-2 3.75601E-2 4.00093E-2 3.68722E-2 3.70078E-2 3.72295E-2 4.08154E-2 4.0632E-2 3.78318E-2 4.14979E-2 4.17409E-2 4.11889E-2 4.17213E-2 3.79935E-2 3.85734E-2 3.87292E-2 3.84513E-2 3.84513E-2 3.85505E-2 4.08166E-2 4.06973E-2 4.42545E-2 4.49893E-2 4.49996E-2 4.53537E-2 4.98865E-2 4.97262E-2 4.99817E-2 4.93989E-2 4.91953E-2 4.8034E-2 4.86106E-2 4.86106E-2 5.05159E-2 5.05098E-2 5.00817E-2 4.9818E-2 5.03602E-2 4.29462E-2 4.53906E-2 4.53906E-2 4.35062E-2 4.31482E-2 4.36822E-2 4.3211E-2 4.39214E-2 4.38297E-2 4.40923E-2 4.69377E-2 4.76939E-2 4.7843E-2
4.63365E-2 4.40846E-2 4.34764E-2 4.31735E-2 4.1801E-2 4.1847E-2 4.08247E-2 4.07905E-2 4.04329E-2 4.03414E-2 3.69305E-2 3.72922E-2 3.72922E-2 3.62724E-2 3.49372E-2 3.66102E-2 4.01006E-2 3.80431E-2 3.83589E-2 4.08594E-2 4.138E-2 3.86782E-2 4.14693E-2 4.1085E-2 4.13176E-2 3.77164E-2 3.8291E-2 3.78639E-2 3.89185E-2 3.8993E-2 4.20746E-2 4.40302E-2 4.45071E-2 4.48848E-2 4.46894E-2 4.4013E-2 4.66086E-2 4.93074E-2 4.94105E-2 4.84809E-2 4.85414E-2 4.50531E-2 5.07635E-2 4.77523E-2 4.716E-2 4.55404E-2 4.75793E-2 5.00348E-2 5.00409E-2 4.78573E-2 4.81724E-2 5.08296E-2 4.08511E-2 4.35674E-2 4.11046E-2 4.39214E-2 4.3812E-2 4.43574E-2 4.48201E-2 4.61402E-2 4.60318E-2
4.76278E-2 4.49892E-2 4.3772E-2 4.42051E-2 4.24282E-2 4.30075E-2 4.15478E-2 4.21252E-2 4.12498E-2 3.73359E-2 3.69727E-2 3.71741E-2 3.73619E-2 3.41306E-2 3.41771E-2 3.38937E-2 3.77224E-2 4.00962E-2 3.78649E-2 3.83505E-2 3.81772E-2 3.81813E-2 3.85677E-2 3.87109E-2 4.09453E-2 3.90075E-2 4.19381E-2 4.22241E-2 4.36484E-2 4.22728E-2 4.14355E-2 4.50679E-2 4.12501E-2 4.19796E-2 4.44269E-2 4.37627E-2 4.41593E-2 4.59788E-2 4.30899E-2 4.61234E-2 4.93301E-2 4.82917E-2 4.77736E-2 4.72243E-2 4.59712E-2 4.89147E-2 4.28261E-2 4.32108E-2 4.76807E-2 4.75579E-2 4.80485E-2 4.78367E-2 4.796E-2 4.82543E-2 4.81362E-2 4.87371E-2 4.11523E-2 4.41963E-2 4.16543E-2 4.10749E-2 4.45912E-2
4.38949E-2 4.30117E-2 4.35025E-2 4.2613E-2 4.2325E-2 4.04271E-2 3.93284E-2 3.86518E-2 3.90942E-2 3.75907E-2 3.7856E-2 3.60541E-2 3.77766E-2 3.39748E-2 3.40119E-2 3.43347E-2 3.76307E-2 3.78742E-2 3.8273E-2 3.85343E-2 3.92422E-2 3.89761E-2 3.90227E-2 3.85703E-2 3.92115E-2 3.89052E-2 4.22241E-2 3.89499E-2 4.4449E-2 4.75982E-2 4.50482E-2 4.54286E-2 4.56551E-2 4.52749E-2 4.17265E-2 4.33233E-2 4.34295E-2 4.29793E-2 4.30797E-2 4.5933E-2 4.84704E-2 4.62388E-2 4.60676E-2 4.66367E-2 4.67249E-2 4.70856E-2 4.11386E-2 4.7912E-2 4.32701E-2 4.31806E-2 4.73482E-2 4.76541E-2 4.75238E-2 4.33518E-2 4.79953E-2 4.8459E-2 4.86238E-2 4.15481E-2 5.35755E-2 4.89832E-2 4.36404E-2
4.65959E-2 4.71286E-2 4.60672E-2 4.48208E-2 4.56423E-2 4.45176E-2 4.39014E-2 3.85679E-2 3.80329E-2 3.73385E-2 3.83033E-2 3.61655E-2 3.79582E-2 3.6332E-2 3.42032E-2 3.33935E-2 3.62831E-2 3.67476E-2 3.71782E-2 3.7135E-2 3.97893E-2 4.00231E-2 4.01975E-2 4.1175E-2 4.01185E-2 3.98056E-2 3.99792E-2 3.91735E-2 4.08945E-2 4.62247E-2 4.43578E-2 4.50528E-2 4.51277E-2 4.48807E-2 4.11051E-2 4.08576E-2 4.09482E-2 4.41537E-2 4.3699E-2 4.49401E-2 4.27081E-2 3.89898E-2 3.88268E-2 4.46828E-2 4.67249E-2 4.67683E-2 4.14966E-2 4.35642E-2 4.09102E-2 4.76349E-2 4.53363E-2 4.72378E-2 4.32756E-2 4.36427E-2 4.77311E-2 4.83286E-2 4.43565E-2 4.47911E-2 4.96005E-2 4.88951E-2 4.86093E-2
4.66635E-2 4.46964E-2 4.6071E-2 4.60691E-2 4.57425E-2 4.54332E-2 4.17878E-2 3.72549E-2 4.04658E-2 4.05924E-2 3.95748E-2 3.83179E-2 3.99271E-2 3.7976E-2 3.60778E-2 3.36597E-2 3.84514E-2 3.65878E-2 3.82138E-2 3.91815E-2 3.81695E-2 4.00999E-2 3.94229E-2 3.94229E-2 4.0118E-2 4.17079E-2 4.00353E-2 4.03087E-2 4.37163E-2 4.42168E-2 4.59005E-2 4.3066E-2 4.51754E-2 4.52329E-2 4.5026E-2 4.8312E-2 4.73983E-2 4.54002E-2 4.17759E-2 4.12241E-2 4.3046E-2 3.94734E-2 3.96541E-2 3.96541E-2 4.03093E-2 4.07883E-2 4.16863E-2 4.16863E-2 4.22353E-2 4.13659E-2 4.12742E-2 4.06125E-2 4.33716E-2 4.30482E-2 4.35515E-2 4.35461E-2 4.4119E-2 4.45138E-2 4.85691E-2 4.87228E-2 4.81989E-2
4.55179E-2 4.64652E-2 4.53093E-2 4.41905E-2 4.3582E-2 4.30864E-2 4.08295E-2 3.86799E-2 3.99336E-2 3.84044E-2 3.76138E-2 3.93041E-2 3.87604E-2 3.9208E-2 3.63269E-2 3.6826E-2 3.60778E-2 3.75578E-2 3.94417E-2 3.95977E-2 3.92326E-2 3.93288E-2 4.19332E-2 4.262E-2 4.31719E-2 4.14646E-2 4.17577E-2 4.22362E-2 4.51853E-2 4.32669E-2 4.49251E-2 4.41164E-2 4.31236E-2 4.31236E-2 4.18468E-2 4.5037E-2 4.80451E-2 4.78684E-2 4.64197E-2 4.52654E-2 4.29194E-2 3.97423E-2 4.09318E-2 4.14565E-2 4.01443E-2 3.9948E-2 4.09558E-2 4.14047E-2 4.11249E-2 4.13129E-2 4.15551E-2 4.10863E-2 4.05224E-2 4.07291E-2 4.06338E-2 4.11554E-2 4.12722E-2 4.51794E-2 4.81193E-2 4.81313E-2 4.80447E-2
4.90546E-2 4.77422E-2 4.80693E-2 4.59261E-2 4.54088E-2 4.0548E-2 4.08592E-2 4.00191E-2 3.903E-2 3.91972E-2 3.88434E-2 4.0105E-2 3.88343E-2 3.94595E-2 3.49828E-2 3.63865E-2 3.57253E-2 3.88277E-2 3.85619E-2 3.95068E-2 3.92014E-2 4.08798E-2 4.23585E-2 4.48866E-2 4.44846E-2 4.23305E-2 4.291E-2 4.62296E-2 4.65905E-2 4.45035E-2 4.25196E-2 4.41603E-2 4.35675E-2 4.38644E-2 4.19194E-2 4.18045E-2 4.67472E-2 4.83128E-2 4.80323E-2 4.76954E-2 4.15212E-2 4.12011E-2 4.50155E-2 4.17385E-2 4.25017E-2 4.08789E-2 4.18365E-2 4.06789E-2 3.95898E-2 3.9304E-2 4.15018E-2 4.20682E-2 4.10337E-2 4.01971E-2 4.06338E-2 4.04022E-2 4.06793E-2 4.07955E-2 4.37378E-2 4.36466E-2 4.49458E-2
5.09763E-2 4.5269E-2 4.54774E-2 4.45502E-2 3.99117E-2 4.17038E-2 4.17038E-2 4.22746E-2 4.08468E-2 4.16E-2 4.01958E-2 4.06546E-2 3.82163E-2 3.89086E-2 3.94451E-2 3.62163E-2 3.59391E-2 3.56604E-2 3.93226E-2 3.95938E-2 3.92855E-2 4.0602E-2 3.98239E-2 4.14527E-2 4.36845E-2 4.3388E-2 4.57194E-2 4.92938E-2 4.67055E-2 4.51674E-2 4.31548E-2 4.56959E-2 4.40962E-2 4.43547E-2 4.23366E-2 4.37002E-2 4.32084E-2 4.60521E-2 4.58934E-2 4.82844E-2 4.28724E-2 4.0922E-2 4.14821E-2 4.2294E-2 4.22826E-2 4.0328E-2 4.55253E-2 4.10116E-2 3.96778E-2 3.70298E-2 3.78302E-2 3.82972E-2 3.78647E-2 3.74736E-2 3.72301E-2 4.04073E-2 4.04098E-2 4.04211E-2 4.01994E-2 4.00895E-2 4.53052E-2
5.13365E-2 4.91873E-2 4.85241E-2 4.83569E-2 4.29026E-2 4.13711E-2 4.1654E-2 4.13766E-2 4.02003E-2 3.77618E-2 4.17789E-2 3.86348E-2 3.88859E-2 3.77357E-2 3.83671E-2 3.69653E-2 3.71867E-2 3.60658E-2 3.55415E-2 3.54609E-2 3.63309E-2 3.58031E-2 3.89436E-2 3.89036E-2 3.85958E-2 3.92653E-2 4.37191E-2 4.7529E-2 4.91129E-2 4.69095E-2 4.35974E-2 4.20005E-2 4.4343E-2 4.32384E-2 4.38531E-2 4.42977E-2 4.43091E-2 4.51095E-2 4.39461E-2 4.5098E-2 4.03089E-2 4.10622E-2 3.99473E-2 4.30693E-2 4.34018E-2 4.22391E-2 4.55253E-2 4.20652E-2 3.79652E-2 3.77082E-2 3.69475E-2 3.7453E-2 3.64488E-2 3.8038E-2 3.49698E-2 3.45866E-2 3.77128E-2 3.82176E-2 4.02502E-2 4.46379E-2 4.45563E-2
5.01918E-2 4.93453E-2 4.96812E-2 4.64532E-2 4.55156E-2 4.50048E-2 4.36922E-2 4.51053E-2 4.24157E-2 4.08896E-2 4.05114E-2 3.80097E-2 3.92162E-2 3.82565E-2 3.84517E-2 3.79281E-2 3.79583E-2 3.65135E-2 3.57883E-2 3.72048E-2 3.46012E-2 3.63784E-2 3.63422E-2 3.50823E-2 3.58094E-2 3.52856E-2 4.36105E-2 4.46679E-2 4.50214E-2 4.77512E-2 4.78199E-2 4.3052E-2 4.42376E-2 4.45919E-2 4.38798E-2 4.14099E-2 4.45446E-2 4.62032E-2 4.65609E-2 4.47931E-2 4.11506E-2 4.03089E-2 4.23875E-2 4.23875E-2 4.36581E-2 4.391E-2 4.30132E-2 3.95953E-2 4.10197E-2 4.12994E-2 3.69475E-2 3.62019E-2 3.72319E-2 3.67295E-2 3.61674E-2 3.7812E-2 3.91863E-2 3.76514E-2 3.79172E-2 3.95691E-2 4.28426E-2
4.98407E-2 4.78498E-2 4.7313E-2 4.36374E-2 4.30474E-2 4.21686E-2 4.13207E-2 4.19845E-2 4.22199E-2 4.24978E-2 4.16264E-2 4.16264E-2 4.04991E-2 4.08557E-2 3.97604E-2 3.98807E-2 3.5657E-2 3.56544E-2 3.56232E-2 3.51104E-2 3.54795E-2 3.4805E-2 3.52039E-2 3.63396E-2 3.43737E-2 4.00155E-2 4.09389E-2 4.78696E-2 4.76347E-2 4.80084E-2 4.5156E-2 4.70646E-2 4.70551E-2 4.76355E-2 4.51987E-2 4.28927E-2 4.39766E-2 4.437E-2 4.81781E-2 4.68168E-2 4.37683E-2 4.00721E-2 4.10969E-2 4.02564E-2 4.43066E-2 4.37093E-2 4.53764E-2 4.01373E-2 3.95079E-2 3.85226E-2 3.64808E-2 3.74884E-2 3.96845E-2 3.71806E-2 3.6052E-2 3.46824E-2 3.50488E-2 3.748E-2 3.82415E-2 3.8394E-2 3.873E-2
5.02834E-2 5.02892E-2 4.62867E-2 4.48357E-2 4.50432E-2 4.53505E-2 4.3336E-2 4.43294E-2 4.37301E-2 4.09258E-2 3.93647E-2 3.98184E-2 3.88241E-2 4.24791E-2 4.19857E-2 4.22729E-2 4.0325E-2 4.05712E-2 4.00835E-2 3.53512E-2 3.6925E-2 3.64653E-2 3.60153E-2 3.62622E-2 3.91175E-2 3.78879E-2 3.81087E-2 3.93337E-2 4.77977E-2 4.87262E-2 4.27322E-2 4.62832E-2 4.77174E-2 4.57387E-2 4.36686E-2 4.15305E-2 4.42762E-2 4.49881E-2 4.43816E-2 4.40127E-2 4.62883E-2 4.41756E-2 4.16592E-2 4.10969E-2 4.2423E-2 4.46082E-2 4.35444E-2 3.99645E-2 3.93271E-2 3.92736E-2 3.82198E-2 3.87432E-2 3.61999E-2 3.69466E-2 3.56809E-2 3.77213E-2 3.78606E-2 3.85809E-2 3.78932E-2 3.8127E-2 3.82216E-2
5.19769E-2 5.08339E-2 4.9833E-2 4.45725E-2 4.53399E-2 4.45264E-2 4.36237E-2 4.25497E-2 4.36146E-2 4.21542E-2 4.05535E-2 4.1477E-2 3.90853E-2 4.03539E-2 3.94347E-2 4.07098E-2 3.90985E-2 3.97867E-2 3.87141E-2 3.77985E-2 4.09601E-2 4.18076E-2 4.13937E-2 4.01507E-2 4.01507E-2 4.10356E-2 4.15989E-2 4.26586E-2 4.45928E-2 4.15961E-2 4.52728E-2 4.45175E-2 4.53356E-2 4.53719E-2 4.41545E-2 3.80523E-2 4.13861E-2 4.02169E-2 3.80874E-2 3.74787E-2 4.416E-2 4.33684E-2 4.10356E-2 4.24348E-2 4.03806E-2 4.26179E-2 4.09515E-2 3.90077E-2 3.7045E-2 3.69312E-2 3.81432E-2 3.83928E-2 3.85474E-2 3.8371E-2 3.83791E-2 3.78506E-2 4.02815E-2 4.23492E-2 3.94686E-2 3.9179E-2 3.65677E-2
5.2315E-2 5.16093E-2 5.12599E-2 4.72067E-2 4.72067E-2 4.54237E-2 4.63473E-2 4.22885E-2 4.37532E-2 4.51193E-2 4.33087E-2 4.33087E-2 4.3004E-2 4.18406E-2 4.05215E-2 4.24058E-2 4.09135E-2 4.06398E-2 4.24064E-2 4.24064E-2 4.20817E-2 4.17583E-2 4.35045E-2 4.45208E-2 4.22775E-2 3.80005E-2 4.30446E-2 4.50558E-2 4.79612E-2 4.85164E-2 5.07879E-2 4.88633E-2 4.73725E-2 4.57859E-2 3.9376E-2 3.9376E-2 3.83468E-2 3.91474E-2 4.40309E-2 4.11827E-2 4.37981E-2 4.0314E-2 3.85819E-2 4.0746E-2 3.82137E-2 4.10421E-2 4.11128E-2 3.84229E-2 3.7298E-2 3.59524E-2 3.78013E-2 4.11106E-2 3.76849E-2 3.89067E-2 3.86409E-2 3.78506E-2 4.05667E-2 3.98257E-2 3.90633E-2 3.9279E-2 3.97828E-2
