Artocarpus heterophyllus SDM files/Last interglacial/results (without bias file)/Arthet_max.asc
ncols         625
nrows         721
xllcorner     69.99986311115
yllcorner     5.99986151914999
cellsize      0.041666667
NODATA_value  -9999
[rows 189 to 215 of 721, columns 244 to 304 of 625]
1.04083E-1 1.02725E-1 9.95755E-2 1.04496E-1 1.04087E-1 1.05102E-1 1.03014E-1 1.08081E-1 1.09502E-1 1.09706E-1 1.12564E-1 1.15407E-1 1.17044E-1 1.21815E-1 1.22593E-1 1.23403E-1 1.31798E-1 1.3001E-1 1.30682E-1 1.37252E-1 1.35559E-1 1.3983E-1 1.40405E-1 1.4387E-1 1.44771E-1 1.45482E-1 1.50123E-1 1.57942E-1 1.54904E-1 1.55291E-1 1.52514E-1 1.54896E-1 1.58058E-1 1.57776E-1 1.57834E-1 1.64385E-1 1.63783E-1 1.68384E-1 1.65707E-1 1.64677E-1 1.69546E-1 1.85457E-1 1.91813E-1 2.31589E-1 1.79919E-1 2.20921E-1 2.17917E-1 2.3333E-1 2.48107E-1 2.53486E-1 2.62681E-1 2.64871E-1 2.57011E-1 2.12253E-1 1.54191E-1 1.39351E-1 1.25809E-1 1.51285E-1 1.31722E-1 1.24632E-1 1.58012E-1
1.01832E-1 1.01236E-1 9.98939E-2 1.01724E-1 1.02525E-1 1.04306E-1 1.02912E-1 1.09983E-1 1.0988E-1 1.08491E-1 1.11146E-1 1.10614E-1 1.118E-1 1.18519E-1 1.17927E-1 1.20385E-1 1.2402E-1 1.28681E-1 1.26634E-1 1.27791E-1 1.32526E-1 1.37194E-1 1.39366E-1 1.41694E-1 1.3975E-1 1.43617E-1 1.43215E-1 1.49126E-1 1.52306E-1 1.51554E-1 1.48366E-1 1.55977E-1 1.53594E-1 1.55086E-1 1.57359E-1 1.604E-1 1.65399E-1 1.62029E-1 1.56565E-1 1.6342E-1 1.72304E-1 1.78442E-1 1.7983E-1 1.91729E-1 2.45162E-1 2.23926E-1 2.18832E-1 2.11588E-1 1.80121E-1 1.87719E-1 2.38833E-1 2.4403E-1 2.49086E-1 2.67625E-1 2.59637E-1 2.07093E-1 1.73879E-1 1.54507E-1 1.76879E-1 1.51315E-1 1.19477E-1
1.01165E-1 9.91207E-2 9.88364E-2 1.00568E-1 1.00055E-1 1.03011E-1 1.0294E-1 1.05458E-1 1.05816E-1 1.07465E-1 1.08515E-1 1.09118E-1 1.13135E-1 1.16935E-1 1.16388E-1 1.20003E-1 1.21232E-1 1.2337E-1 1.26404E-1 1.2769E-1 1.30622E-1 1.34056E-1 1.3597E-1 1.37661E-1 1.39252E-1 1.43229E-1 1.43108E-1 1.46825E-1 1.539E-1 1.50779E-1 1.508E-1 1.54585E-1 1.53335E-1 1.54032E-1 1.5471E-1 1.58071E-1 1.60382E-1 1.53327E-1 1.42482E-1 1.5443E-1 1.53503E-1 1.59106E-1 1.54228E-1 1.58677E-1 1.77096E-1 2.00023E-1 2.54103E-1 2.2313E-1 2.27345E-1 2.16034E-1 2.22823E-1 2.25063E-1 2.27031E-1 2.42618E-1 2.54604E-1 2.57131E-1 2.19036E-1 1.61622E-1 1.56418E-1 1.79634E-1 1.87385E-1
1.0083E-1 9.87041E-2 9.95788E-2 9.89947E-2 1.01537E-1 1.02557E-1 1.01924E-1 1.04247E-1 1.05518E-1 1.0634E-1 1.05227E-1 1.08481E-1 1.09169E-1 1.11166E-1 1.13164E-1 1.16406E-1 1.1744E-1 1.19967E-1 1.22473E-1 1.24061E-1 1.25743E-1 1.29287E-1 1.3169E-1 1.31599E-1 1.36872E-1 1.37936E-1 1.38994E-1 1.39975E-1 1.46205E-1 1.47551E-1 1.44358E-1 1.48187E-1 1.49966E-1 1.50805E-1 1.56299E-1 1.55426E-1 1.6086E-1 1.49599E-1 1.4652E-1 1.61663E-1 1.5397E-1 1.46458E-1 1.41269E-1 1.44599E-1 1.4809E-1 1.46874E-1 1.50866E-1 1.7121E-1 2.54318E-1 2.48254E-1 2.25787E-1 2.17758E-1 2.16029E-1 2.24817E-1 2.35003E-1 2.50965E-1 2.51496E-1 2.09618E-1 1.5663E-1 1.5699E-1 1.61906E-1
1.02758E-1 1.0113E-1 9.69125E-2 1.00496E-1 9.80416E-2 9.84553E-2 9.95947E-2 1.01445E-1 1.04754E-1 1.03969E-1 1.04719E-1 1.05886E-1 1.09658E-1 1.1133E-1 1.12957E-1 1.14016E-1 1.15971E-1 1.16865E-1 1.19592E-1 1.22278E-1 1.23818E-1 1.25984E-1 1.28659E-1 1.2857E-1 1.32241E-1 1.33827E-1 1.35642E-1 1.38151E-1 1.42888E-1 1.43E-1 1.42455E-1 1.4682E-1 1.47628E-1 1.49705E-1 1.52036E-1 1.52737E-1 1.57985E-1 1.5213E-1 1.46931E-1 1.62958E-1 1.81615E-1 1.5892E-1 1.49573E-1 1.50431E-1 1.43489E-1 1.46336E-1 1.47939E-1 1.50893E-1 1.5596E-1 1.72951E-1 2.54462E-1 2.56568E-1 2.51816E-1 2.46665E-1 2.45625E-1 2.50915E-1 2.60297E-1 2.66633E-1 2.64385E-1 2.19961E-1 2.01754E-1
1.01486E-1 9.96802E-2 9.86891E-2 9.88522E-2 9.73273E-2 1.00577E-1 1.02476E-1 1.01138E-1 1.05167E-1 1.06302E-1 1.06413E-1 1.07222E-1 1.10924E-1 1.10809E-1 1.13724E-1 1.13752E-1 1.13056E-1 1.15202E-1 1.1618E-1 1.19171E-1 1.21689E-1 1.21653E-1 1.25212E-1 1.26791E-1 1.29072E-1 1.31185E-1 1.32086E-1 1.34748E-1 1.36354E-1 1.37906E-1 1.39266E-1 1.42887E-1 1.46743E-1 1.46486E-1 1.47816E-1 1.54321E-1 1.54893E-1 1.48511E-1 1.48404E-1 1.53219E-1 1.57305E-1 1.71329E-1 1.80192E-1 1.79808E-1 1.76994E-1 2.21502E-1 2.13293E-1 2.2355E-1 1.68028E-1 1.96002E-1 2.08307E-1 2.32839E-1 2.52324E-1 2.8182E-1 2.81947E-1 2.77847E-1 2.73792E-1 2.41939E-1 2.54244E-1 2.62476E-1 2.52207E-1
1.00943E-1 9.89761E-2 9.92266E-2 9.96435E-2 1.01894E-1 1.00646E-1 1.00667E-1 1.03088E-1 1.03806E-1 1.04406E-1 1.049E-1 1.07831E-1 1.0673E-1 1.09494E-1 1.12723E-1 1.15051E-1 1.13774E-1 1.15424E-1 1.14907E-1 1.17958E-1 1.1612E-1 1.22297E-1 1.22702E-1 1.25787E-1 1.25596E-1 1.27659E-1 1.28482E-1 1.30868E-1 1.35068E-1 1.34504E-1 1.35081E-1 1.40135E-1 1.42342E-1 1.43111E-1 1.44591E-1 1.49501E-1 1.46593E-1 1.47659E-1 1.46497E-1 1.47852E-1 1.5145E-1 1.52769E-1 1.48861E-1 1.5377E-1 1.55006E-1 1.51372E-1 1.62573E-1 2.1519E-1 2.13931E-1 1.90586E-1 1.95863E-1 2.0102E-1 2.02409E-1 2.12724E-1 2.31661E-1 2.52585E-1 2.61333E-1 2.80243E-1 2.90527E-1 2.95501E-1 2.89931E-1
9.98789E-2 9.874E-2 1.00055E-1 9.77045E-2 1.00422E-1 9.94091E-2 9.96663E-2 1.02522E-1 1.02991E-1 1.04124E-1 1.05267E-1 1.04464E-1 1.05322E-1 1.06747E-1 1.10008E-1 1.11104E-1 1.10613E-1 1.14244E-1 1.14807E-1 1.14922E-1 1.17364E-1 1.18389E-1 1.2373E-1 1.20314E-1 1.22103E-1 1.23796E-1 1.25589E-1 1.2866E-1 1.30408E-1 1.33492E-1 1.32567E-1 1.38722E-1 1.35714E-1 1.39185E-1 1.42447E-1 1.4688E-1 1.46867E-1 1.48876E-1 1.45054E-1 1.45347E-1 1.48496E-1 1.45313E-1 1.45088E-1 1.47534E-1 1.44539E-1 1.49833E-1 1.53913E-1 2.01069E-1 2.21101E-1 2.27531E-1 2.25434E-1 2.11596E-1 2.0185E-1 1.98737E-1 2.05802E-1 2.11178E-1 2.07995E-1 2.13009E-1 2.18311E-1 2.23415E-1 2.25866E-1
1.00694E-1 9.99653E-2 9.87203E-2 9.73009E-2 9.86314E-2 9.90454E-2 9.91181E-2 1.0228E-1 1.02647E-1 1.03324E-1 1.05598E-1 1.04001E-1 1.03641E-1 1.06967E-1 1.0797E-1 1.09633E-1 1.09675E-1 1.10694E-1 1.15442E-1 1.13269E-1 1.12951E-1 1.18309E-1 1.16898E-1 1.16567E-1 1.196E-1 1.22321E-1 1.20718E-1 1.26036E-1 1.29446E-1 1.29183E-1 1.2852E-1 1.29537E-1 1.32899E-1 1.36045E-1 1.39131E-1 1.40271E-1 1.44192E-1 1.44539E-1 1.42598E-1 1.42289E-1 1.4385E-1 1.45975E-1 1.43474E-1 1.4331E-1 1.45163E-1 1.46846E-1 1.8781E-1 1.52629E-1 1.89335E-1 2.01192E-1 2.31757E-1 2.30188E-1 2.20825E-1 2.08941E-1 2.07982E-1 2.0597E-1 2.05184E-1 2.04481E-1 2.0889E-1 2.1072E-1 2.13988E-1
9.93381E-2 1.01543E-1 9.79586E-2 9.90307E-2 9.85657E-2 9.91673E-2 9.93394E-2 9.98145E-2 1.01792E-1 1.02341E-1 1.03098E-1 1.04781E-1 1.05513E-1 1.05468E-1 1.0528E-1 1.08034E-1 1.10633E-1 1.10952E-1 1.11407E-1 1.11736E-1 1.1029E-1 1.11456E-1 1.14789E-1 1.14606E-1 1.20334E-1 1.18977E-1 1.21591E-1 1.22644E-1 1.24619E-1 1.25627E-1 1.25992E-1 1.26815E-1 1.33139E-1 1.3544E-1 1.36416E-1 1.37595E-1 1.40827E-1 1.43152E-1 1.42033E-1 1.40478E-1 1.40868E-1 1.40851E-1 1.45534E-1 1.44444E-1 1.46453E-1 1.46655E-1 1.4837E-1 1.47019E-1 1.53224E-1 1.97323E-1 2.05498E-1 2.2051E-1 2.48302E-1 2.55785E-1 2.29623E-1 2.15587E-1 2.11196E-1 2.0566E-1 2.15596E-1 2.41081E-1 2.55958E-1
1.01277E-1 1.00849E-1 1.00295E-1 9.69634E-2 1.00212E-1 1.00552E-1 9.73987E-2 1.02872E-1 1.03614E-1 9.96102E-2 1.02499E-1 1.04759E-1 1.03672E-1 1.03888E-1 1.037E-1 1.04695E-1 1.07716E-1 1.10361E-1 1.08922E-1 1.10787E-1 1.11536E-1 1.13028E-1 1.15167E-1 1.15437E-1 1.1352E-1 1.15952E-1 1.19174E-1 1.18473E-1 1.2368E-1 1.22786E-1 1.27611E-1 1.25583E-1 1.28511E-1 1.30922E-1 1.32942E-1 1.34462E-1 1.35565E-1 1.39994E-1 1.38145E-1 1.38224E-1 1.38598E-1 1.38787E-1 1.42565E-1 1.44768E-1 1.42487E-1 1.44249E-1 1.84895E-1 1.48269E-1 1.89391E-1 1.93434E-1 1.9467E-1 1.99458E-1 1.95367E-1 2.22538E-1 2.64989E-1 2.6226E-1 2.61999E-1 2.75868E-1 3.01733E-1 2.99707E-1 3.01876E-1
9.97383E-2 9.74588E-2 1.02458E-1 9.7077E-2 9.91739E-2 9.981E-2 9.96823E-2 9.92997E-2 1.02584E-1 1.01737E-1 1.01816E-1 1.0288E-1 1.0029E-1 1.02812E-1 1.03702E-1 1.04571E-1 1.06391E-1 1.08102E-1 1.10026E-1 1.09937E-1 1.08849E-1 1.10159E-1 1.12381E-1 1.10801E-1 1.11997E-1 1.15939E-1 1.16764E-1 1.19549E-1 1.21672E-1 1.22392E-1 1.24977E-1 1.22839E-1 1.25237E-1 1.26649E-1 1.29086E-1 1.34775E-1 1.3631E-1 1.37588E-1 1.36699E-1 1.37313E-1 1.37822E-1 1.3855E-1 1.38054E-1 1.40435E-1 1.40435E-1 1.43315E-1 1.79691E-1 1.84754E-1 1.83862E-1 1.89932E-1 1.91391E-1 1.92659E-1 2.05643E-1 2.15127E-1 2.32119E-1 2.53201E-1 2.52525E-1 2.56336E-1 2.38493E-1 2.26079E-1 2.43258E-1
9.66123E-2 1.0004E-1 1.01197E-1 9.81196E-2 9.70397E-2 1.01414E-1 1.00602E-1 9.67801E-2 1.02686E-1 1.03305E-1 1.00164E-1 1.0196E-1 1.00965E-1 1.05122E-1 1.01472E-1 1.03606E-1 1.04923E-1 1.06585E-1 1.12497E-1 1.11742E-1 1.09523E-1 1.09559E-1 1.09624E-1 1.1105E-1 1.11326E-1 1.11553E-1 1.14094E-1 1.17426E-1 1.16828E-1 1.20505E-1 1.2156E-1 1.20879E-1 1.23707E-1 1.23725E-1 1.25257E-1 1.29385E-1 1.31225E-1 1.34171E-1 1.34434E-1 1.35633E-1 1.3352E-1 1.37858E-1 1.39191E-1 1.384E-1 1.38913E-1 1.41105E-1 1.42678E-1 1.43592E-1 1.82652E-1 1.83675E-1 1.89312E-1 1.9411E-1 1.99284E-1 2.02407E-1 2.0766E-1 2.12525E-1 2.176E-1 2.18743E-1 2.17858E-1 2.11712E-1 2.33584E-1
9.76131E-2 1.01053E-1 1.0158E-1 9.8872E-2 1.00643E-1 9.72757E-2 9.71145E-2 9.55806E-2 1.01448E-1 1.02176E-1 1.04248E-1 1.00143E-1 9.95048E-2 9.95315E-2 1.00074E-1 1.00536E-1 1.05382E-1 1.08073E-1 1.09285E-1 1.06643E-1 1.0603E-1 1.08114E-1 1.08023E-1 1.10189E-1 1.12293E-1 1.14066E-1 1.15631E-1 1.16177E-1 1.14727E-1 1.17676E-1 1.19982E-1 1.19548E-1 1.21705E-1 1.21387E-1 1.22964E-1 1.28294E-1 1.29514E-1 1.30819E-1 1.33073E-1 1.35029E-1 1.32818E-1 1.34524E-1 1.33968E-1 1.35219E-1 1.3807E-1 1.39289E-1 1.75483E-1 1.75408E-1 1.80965E-1 1.84172E-1 1.88694E-1 1.8958E-1 1.92141E-1 1.9471E-1 2.01506E-1 2.01866E-1 2.1061E-1 2.10834E-1 2.05819E-1 2.16608E-1 2.27001E-1
9.66644E-2 1.00465E-1 9.77865E-2 9.97643E-2 9.6707E-2 9.90418E-2 9.85518E-2 9.90161E-2 1.0145E-1 1.03108E-1 1.0087E-1 9.95065E-2 9.89107E-2 9.9833E-2 1.01148E-1 1.00364E-1 1.01564E-1 1.02883E-1 1.05334E-1 1.04642E-1 1.0468E-1 1.05458E-1 1.07077E-1 1.08579E-1 1.09763E-1 1.11185E-1 1.12103E-1 1.13258E-1 1.12665E-1 1.14202E-1 1.15388E-1 1.18373E-1 1.20274E-1 1.19198E-1 1.20501E-1 1.21892E-1 1.28254E-1 1.29998E-1 1.31041E-1 1.30521E-1 1.32258E-1 1.31437E-1 1.32596E-1 1.33595E-1 1.36682E-1 1.73479E-1 1.74981E-1 1.75736E-1 1.77383E-1 1.793E-1 1.83098E-1 1.85805E-1 1.89084E-1 1.90922E-1 1.95376E-1 1.96951E-1 2.0203E-1 2.02943E-1 2.0857E-1 2.11441E-1 2.16294E-1
9.59257E-2 9.64711E-2 9.70396E-2 9.71706E-2 9.42005E-2 9.80981E-2 9.62553E-2 1.00525E-1 9.68474E-2 9.92093E-2 9.80926E-2 9.90246E-2 9.81592E-2 1.02157E-1 9.93679E-2 9.9868E-2 1.00391E-1 1.0171E-1 1.0272E-1 1.04525E-1 1.03833E-1 1.04456E-1 1.0625E-1 1.06185E-1 1.0623E-1 1.09162E-1 1.09732E-1 1.14042E-1 1.10029E-1 1.12759E-1 1.1574E-1 1.15741E-1 1.18434E-1 1.18635E-1 1.18068E-1 1.19385E-1 1.25353E-1 1.24934E-1 1.27677E-1 1.28716E-1 1.29223E-1 1.30804E-1 1.31845E-1 1.32496E-1 1.31736E-1 1.327E-1 1.69693E-1 1.73062E-1 1.7489E-1 1.79944E-1 1.77817E-1 1.78762E-1 1.84605E-1 1.89163E-1 1.85932E-1 1.93755E-1 1.99712E-1 1.99216E-1 2.03331E-1 2.04673E-1 2.07109E-1
9.39226E-2 9.56555E-2 9.62181E-2 9.68053E-2 9.55751E-2 9.51151E-2 9.93203E-2 9.78012E-2 9.79973E-2 9.81529E-2 9.64296E-2 9.87111E-2 9.90626E-2 9.67942E-2 9.7641E-2 9.71799E-2 9.77655E-2 9.88241E-2 1.00685E-1 1.01923E-1 1.04493E-1 1.04191E-1 1.05198E-1 1.06352E-1 1.05047E-1 1.05975E-1 1.09095E-1 1.11641E-1 1.13855E-1 1.10225E-1 1.17993E-1 1.17993E-1 1.14529E-1 1.19255E-1 1.19766E-1 1.18552E-1 1.20566E-1 1.22081E-1 1.23231E-1 1.2823E-1 1.27196E-1 1.27881E-1 1.28844E-1 1.63274E-1 1.6861E-1 1.6745E-1 1.69142E-1 1.70999E-1 1.72318E-1 1.74663E-1 1.72504E-1 1.74003E-1 1.78145E-1 1.821E-1 1.88693E-1 1.87875E-1 1.89588E-1 1.98725E-1 1.99596E-1 2.02927E-1 2.04867E-1
9.46402E-2 9.56825E-2 9.47967E-2 9.6147E-2 9.82227E-2 9.72951E-2 9.23949E-2 9.75178E-2 9.92327E-2 9.93902E-2 1.00121E-1 9.82016E-2 9.75026E-2 9.83754E-2 9.64873E-2 9.62442E-2 9.69855E-2 9.8436E-2 9.959E-2 1.01118E-1 1.02655E-1 1.03022E-1 1.01143E-1 1.03623E-1 1.03441E-1 1.04666E-1 1.07368E-1 1.09483E-1 1.09859E-1 1.11283E-1 1.11394E-1 1.11141E-1 1.14341E-1 1.15117E-1 1.15527E-1 1.15829E-1 1.1883E-1 1.19325E-1 1.21684E-1 1.23616E-1 1.2386E-1 1.24889E-1 1.25981E-1 1.27406E-1 1.62209E-1 1.63657E-1 1.63035E-1 1.66648E-1 1.68543E-1 1.72781E-1 1.71411E-1 1.71916E-1 1.75684E-1 1.7618E-1 1.8253E-1 1.81872E-1 1.87781E-1 1.92084E-1 1.9757E-1 1.96501E-1 1.98629E-1
9.45084E-2 9.32075E-2 9.5032E-2 9.55546E-2 9.83525E-2 9.75223E-2 9.07076E-2 9.46783E-2 9.4591E-2 9.53028E-2 9.8473E-2 9.59796E-2 9.53887E-2 9.53084E-2 9.45159E-2 9.71436E-2 9.5968E-2 9.82999E-2 9.89189E-2 9.9858E-2 1.01035E-1 1.02485E-1 1.00924E-1 1.01902E-1 1.02446E-1 1.03496E-1 1.04809E-1 1.06686E-1 1.07607E-1 1.09699E-1 1.12864E-1 1.11145E-1 1.12372E-1 1.13339E-1 1.12715E-1 1.13688E-1 1.16152E-1 1.16692E-1 1.21075E-1 1.20323E-1 1.54728E-1 1.23347E-1 1.22637E-1 1.23541E-1 1.57898E-1 1.60586E-1 1.62169E-1 1.61979E-1 1.6603E-1 1.63992E-1 1.66326E-1 1.71578E-1 1.69373E-1 1.7192E-1 1.79509E-1 1.79167E-1 1.84721E-1 1.8478E-1 1.89895E-1 1.92638E-1 1.93042E-1
9.34085E-2 9.15148E-2 9.4512E-2 9.58489E-2 9.78754E-2 9.48222E-2 9.34362E-2 9.16608E-2 9.49714E-2 9.42767E-2 9.36314E-2 9.55951E-2 9.53204E-2 9.50464E-2 9.37163E-2 9.57204E-2 9.63072E-2 9.73947E-2 9.62913E-2 9.78145E-2 9.86887E-2 9.98248E-2 1.0103E-1 1.00776E-1 1.02085E-1 1.03337E-1 1.04439E-1 1.05685E-1 1.06686E-1 1.07045E-1 1.07022E-1 1.08768E-1 1.12867E-1 1.12126E-1 1.11572E-1 1.1419E-1 1.12986E-1 1.16096E-1 1.16811E-1 1.17236E-1 1.21261E-1 1.21815E-1 1.20874E-1 1.22936E-1 1.23031E-1 1.23912E-1 1.5821E-1 1.56228E-1 1.58382E-1 1.59356E-1 1.62936E-1 1.62491E-1 1.64752E-1 1.68217E-1 1.70551E-1 1.70709E-1 1.81524E-1 1.76422E-1 1.80898E-1 1.87789E-1 1.90513E-1
9.21779E-2 9.11264E-2 9.1729E-2 9.19697E-2 9.35813E-2 9.41161E-2 9.44822E-2 9.32881E-2 9.10777E-2 9.41914E-2 9.29073E-2 9.25142E-2 9.22644E-2 9.43775E-2 9.2489E-2 9.29604E-2 9.46713E-2 9.49594E-2 9.55529E-2 9.65635E-2 9.70532E-2 9.79962E-2 9.80615E-2 1.00025E-1 1.00621E-1 1.00904E-1 1.021E-1 1.01916E-1 1.07631E-1 1.05709E-1 1.06578E-1 1.07587E-1 1.08859E-1 1.09898E-1 1.11033E-1 1.13105E-1 1.1394E-1 1.14441E-1 1.14783E-1 1.17426E-1 1.17195E-1 1.17261E-1 1.4987E-1 1.52289E-1 1.53603E-1 1.53797E-1 1.54531E-1 1.53693E-1 1.57738E-1 1.59264E-1 1.56722E-1 1.61815E-1 1.63939E-1 1.69631E-1 1.67077E-1 1.67313E-1 1.69514E-1 1.73602E-1 1.77234E-1 1.80216E-1 1.79661E-1
9.15061E-2 9.19338E-2 9.22031E-2 9.11156E-2 9.14355E-2 9.19021E-2 9.24299E-2 9.34764E-2 9.13736E-2 9.28635E-2 9.33568E-2 9.19125E-2 9.31269E-2 9.35086E-2 9.29905E-2 9.27392E-2 9.55354E-2 9.44399E-2 9.39739E-2 9.46012E-2 9.54436E-2 9.5966E-2 9.7531E-2 9.89375E-2 1.00198E-1 1.01836E-1 1.02381E-1 1.01782E-1 1.06059E-1 1.04067E-1 1.04737E-1 1.05401E-1 1.06378E-1 1.0895E-1 1.10153E-1 1.09117E-1 1.1179E-1 1.14126E-1 1.12136E-1 1.14503E-1 1.15167E-1 1.17287E-1 1.1785E-1 1.47761E-1 1.47477E-1 1.48389E-1 1.50286E-1 1.51252E-1 1.52237E-1 1.53577E-1 1.56215E-1 1.58013E-1 1.61085E-1 1.62593E-1 1.65708E-1 1.643E-1 1.6732E-1 1.70668E-1 1.70887E-1 1.76984E-1 1.74614E-1
8.75315E-2 8.78257E-2 8.82747E-2 9.13989E-2 9.14789E-2 9.12128E-2 9.1494E-2 9.20196E-2 9.14941E-2 9.20392E-2 9.25692E-2 9.27736E-2 9.13929E-2 9.21435E-2 9.1363E-2 9.03402E-2 9.37805E-2 9.30655E-2 9.3499E-2 9.37965E-2 9.62534E-2 9.70081E-2 9.67842E-2 9.41203E-2 9.86487E-2 1.02026E-1 9.88281E-2 9.88506E-2 9.99102E-2 1.02161E-1 1.02994E-1 1.03679E-1 1.05789E-1 1.06779E-1 1.07098E-1 1.06519E-1 1.09081E-1 1.11569E-1 1.42282E-1 1.44043E-1 1.1242E-1 1.43671E-1 1.47826E-1 1.48765E-1 1.49105E-1 1.50025E-1 1.4688E-1 1.46626E-1 1.46936E-1 1.50078E-1 1.53048E-1 1.53665E-1 1.60526E-1 1.61379E-1 1.58365E-1 1.63405E-1 1.64336E-1 1.66308E-1 1.67695E-1 1.69323E-1 1.71449E-1
8.84309E-2 8.88261E-2 8.74348E-2 8.96319E-2 9.10339E-2 9.11115E-2 9.15764E-2 9.05656E-2 9.0144E-2 9.04026E-2 9.0885E-2 9.12126E-2 9.16042E-2 9.21167E-2 9.05542E-2 8.85808E-2 9.23347E-2 9.39097E-2 9.21185E-2 9.40295E-2 9.46173E-2 9.52285E-2 9.56482E-2 9.42584E-2 9.77914E-2 9.65451E-2 1.01119E-1 9.83759E-2 9.92066E-2 1.00132E-1 1.01011E-1 1.01555E-1 1.048E-1 1.05623E-1 1.06376E-1 1.05394E-1 1.08155E-1 1.37618E-1 1.40958E-1 1.10697E-1 1.39129E-1 1.35577E-1 1.4031E-1 1.40645E-1 1.42057E-1 1.46018E-1 1.4476E-1 1.4479E-1 1.49109E-1 1.49739E-1 1.53014E-1 1.55574E-1 1.5195E-1 1.56736E-1 1.56493E-1 1.57951E-1 1.61449E-1 1.62742E-1 1.66082E-1 1.65663E-1 1.67018E-1
8.40395E-2 8.69829E-2 8.72152E-2 8.80177E-2 8.95608E-2 8.83575E-2 8.87059E-2 8.89606E-2 8.96336E-2 8.90263E-2 8.93009E-2 9.11114E-2 8.98402E-2 9.10668E-2 9.26782E-2 8.64734E-2 8.82517E-2 9.05251E-2 9.01278E-2 9.03569E-2 9.22876E-2 9.28659E-2 9.25762E-2 9.30589E-2 9.385E-2 9.4882E-2 9.83051E-2 9.74454E-2 1.00153E-1 1.00764E-1 1.01724E-1 1.01013E-1 1.03834E-1 1.04463E-1 1.0714E-1 1.06583E-1 1.07037E-1 1.32993E-1 1.3912E-1 1.38773E-1 1.41551E-1 1.37722E-1 1.38629E-1 1.39194E-1 1.4056E-1 1.434E-1 1.4429E-1 1.43967E-1 1.44285E-1 1.46693E-1 1.48858E-1 1.50539E-1 1.49582E-1 1.55694E-1 1.51714E-1 1.54511E-1 1.55969E-1 1.57468E-1 1.62882E-1 1.64433E-1 1.65691E-1
8.42305E-2 8.40473E-2 8.64911E-2 8.69539E-2 8.76181E-2 8.79794E-2 8.83376E-2 8.70479E-2 8.74945E-2 8.72815E-2 8.78692E-2 8.68487E-2 8.7719E-2 8.94629E-2 8.83936E-2 8.81791E-2 8.58864E-2 9.01265E-2 8.8513E-2 8.88516E-2 8.95916E-2 9.11759E-2 9.09599E-2 9.16406E-2 9.40063E-2 9.48451E-2 9.58736E-2 9.57936E-2 9.99004E-2 1.00446E-1 1.0033E-1 9.98285E-2 1.01387E-1 1.01811E-1 1.05385E-1 1.07034E-1 1.05751E-1 1.37487E-1 1.37953E-1 1.37072E-1 1.366E-1 1.36953E-1 1.40425E-1 1.41036E-1 1.40172E-1 1.40641E-1 1.41227E-1 1.41791E-1 1.41188E-1 1.43407E-1 1.47289E-1 1.49131E-1 1.48408E-1 1.52576E-1 1.49855E-1 1.53782E-1 1.51067E-1 1.55981E-1 1.53931E-1 1.6183E-1 1.64815E-1
8.40172E-2 8.30367E-2 8.42305E-2 8.43269E-2 8.47969E-2 8.51624E-2 8.54771E-2 8.58813E-2 8.64341E-2 8.88671E-2 8.67451E-2 8.73474E-2 8.75824E-2 8.82281E-2 8.83682E-2 8.99555E-2 8.59702E-2 8.82077E-2 8.90923E-2 8.83812E-2 8.87383E-2 9.10329E-2 9.18272E-2 9.11238E-2 9.34967E-2 9.42554E-2 9.50962E-2 9.59346E-2 9.77126E-2 9.93349E-2 1.00351E-1 1.00797E-1 1.01739E-1 1.02175E-1 1.03085E-1 1.05085E-1 1.31574E-1 1.32217E-1 1.32323E-1 1.352E-1 1.34408E-1 1.35592E-1 1.3592E-1 1.36014E-1 1.36038E-1 1.41306E-1 1.4157E-1 1.40939E-1 1.39929E-1 1.40594E-1 1.43591E-1 1.4521E-1 1.43065E-1 1.47508E-1 1.52242E-1 1.52286E-1 1.49177E-1 1.47669E-1 1.51171E-1 1.52693E-1 1.52209E-1
