Artocarpus heterophyllus SDM files/Last interglacial/results (without bias file)/Arthet_6.asc
ncols         625
nrows         721
xllcorner     69.99986311115
yllcorner     5.99986151914999
cellsize      0.041666667
NODATA_value  -9999
[rows 243 to 269 of 721, columns 427 to 487 of 625]
2.42212E-1 2.40088E-1 2.39912E-1 2.39752E-1 2.39563E-1 2.38752E-1 2.43877E-1 2.45569E-1 2.44387E-1 2.44244E-1 2.47838E-1 2.46639E-1 2.49206E-1 2.48968E-1 2.49784E-1 2.49656E-1 2.53231E-1 2.51962E-1 2.53704E-1 2.52341E-1 2.56025E-1 2.56748E-1 2.56427E-1 2.56026E-1 2.55851E-1 2.56077E-1 2.56882E-1 2.61251E-1 2.62669E-1 2.60232E-1 2.60937E-1 2.61416E-1 2.59717E-1 2.62798E-1 2.61394E-1 2.60838E-1 2.63386E-1 2.62576E-1 2.59995E-1 2.61733E-1 2.55408E-1 2.58372E-1 2.91143E-1 2.89095E-1 2.88385E-1 2.85604E-1 2.87508E-1 2.81137E-1 2.86269E-1 2.87892E-1 2.85203E-1 2.86864E-1 2.86748E-1 2.88347E-1 2.87224E-1 2.94468E-1 2.92263E-1 2.95958E-1 2.95989E-1 2.96872E-1 3.0141E-1
2.3424E-1 2.38375E-1 2.39185E-1 2.38809E-1 2.38615E-1 2.3774E-1 2.37572E-1 2.3935E-1 2.43562E-1 2.41729E-1 2.4237E-1 2.42251E-1 2.44004E-1 2.47224E-1 2.46377E-1 2.47165E-1 2.46913E-1 2.51161E-1 2.51939E-1 2.51134E-1 2.50561E-1 2.5028E-1 2.51949E-1 2.55175E-1 2.55334E-1 2.56221E-1 2.54772E-1 2.55524E-1 2.55636E-1 2.60533E-1 2.59973E-1 2.594E-1 2.60061E-1 2.59958E-1 2.56093E-1 2.61132E-1 2.59714E-1 2.98087E-1 2.59812E-1 2.94807E-1 2.90403E-1 2.92379E-1 2.9023E-1 2.84122E-1 2.86405E-1 2.83028E-1 2.82916E-1 2.8343E-1 2.87402E-1 2.83613E-1 2.84397E-1 2.8611E-1 2.88759E-1 2.88343E-1 2.89565E-1 2.9462E-1 2.94701E-1 2.92781E-1 2.95845E-1 3.01339E-1 3.05519E-1
2.324E-1 2.34049E-1 2.33899E-1 2.33706E-1 2.37104E-1 2.35834E-1 2.35688E-1 2.37427E-1 2.37504E-1 2.3736E-1 2.41579E-1 2.40428E-1 2.42166E-1 2.42082E-1 2.45371E-1 2.45201E-1 2.459E-1 2.47655E-1 2.45666E-1 2.45573E-1 2.49838E-1 2.48574E-1 2.48269E-1 2.50503E-1 2.55667E-1 2.55288E-1 2.92313E-1 2.55499E-1 2.55324E-1 2.55462E-1 2.56237E-1 2.97335E-1 2.95659E-1 2.96439E-1 2.93464E-1 2.94026E-1 2.92247E-1 2.951E-1 2.96329E-1 2.94227E-1 2.9101E-1 2.81895E-1 2.79835E-1 2.84614E-1 2.81309E-1 2.83632E-1 2.83221E-1 2.82162E-1 2.85304E-1 2.85591E-1 2.84928E-1 2.84989E-1 2.85861E-1 2.88888E-1 2.91067E-1 2.96273E-1 2.93998E-1 2.95201E-1 2.96231E-1 2.97961E-1 2.99123E-1
2.32296E-1 2.33142E-1 2.32018E-1 2.3182E-1 2.35907E-1 2.35016E-1 2.34909E-1 2.34935E-1 2.35595E-1 2.37316E-1 2.40552E-1 2.76467E-1 2.77529E-1 2.40265E-1 2.76074E-1 2.43351E-1 2.81579E-1 2.82407E-1 2.82026E-1 2.45538E-1 2.80613E-1 2.85215E-1 2.84122E-1 2.46315E-1 2.49168E-1 2.85431E-1 2.86835E-1 2.91585E-1 2.91887E-1 2.92597E-1 2.90035E-1 2.92053E-1 2.91158E-1 2.90685E-1 2.96159E-1 2.93802E-1 2.92889E-1 2.90689E-1 2.88533E-1 2.92425E-1 2.85962E-1 2.84696E-1 2.82609E-1 2.80533E-1 2.77289E-1 2.78292E-1 2.8172E-1 2.80714E-1 2.80398E-1 2.79803E-1 2.85978E-1 2.8372E-1 2.82155E-1 2.82805E-1 2.86632E-1 2.95968E-1 2.97559E-1 2.96014E-1 2.97288E-1 2.96731E-1 3.05515E-1
2.65842E-1 2.30421E-1 2.30245E-1 2.30082E-1 2.65919E-1 2.64861E-1 2.33199E-1 2.70577E-1 2.70336E-1 2.69025E-1 2.7025E-1 2.7467E-1 2.40408E-1 2.75137E-1 2.74965E-1 2.74046E-1 2.73815E-1 2.79465E-1 2.81295E-1 2.79958E-1 2.79004E-1 2.78408E-1 2.78167E-1 2.82768E-1 2.82577E-1 2.8492E-1 2.85936E-1 2.90436E-1 2.92169E-1 2.91007E-1 2.89626E-1 2.88834E-1 2.90404E-1 2.96201E-1 2.96021E-1 2.94927E-1 2.92118E-1 2.91241E-1 2.8014E-1 2.84712E-1 2.84641E-1 2.84765E-1 2.8133E-1 2.79317E-1 2.78992E-1 2.77465E-1 2.80711E-1 2.83012E-1 2.79949E-1 2.79933E-1 2.80248E-1 2.80553E-1 2.82061E-1 2.82137E-1 2.85566E-1 2.96925E-1 2.97555E-1 2.99456E-1 2.97726E-1 2.97957E-1 3.41653E-1
2.61297E-1 2.61055E-1 2.587E-1 2.64554E-1 2.64311E-1 2.64082E-1 2.63077E-1 2.70629E-1 2.69393E-1 2.68354E-1 2.69218E-1 2.68933E-1 2.70841E-1 2.75162E-1 2.74203E-1 2.72987E-1 2.72744E-1 2.72562E-1 2.80246E-1 2.78166E-1 2.77934E-1 2.76464E-1 2.76221E-1 2.80807E-1 2.80569E-1 2.81566E-1 2.83587E-1 2.85279E-1 2.84479E-1 2.83237E-1 2.87648E-1 2.89271E-1 2.88682E-1 2.90673E-1 2.89982E-1 2.89295E-1 2.8583E-1 2.82315E-1 2.80055E-1 2.79855E-1 2.78406E-1 2.83295E-1 2.79949E-1 2.79691E-1 2.78227E-1 2.75834E-1 2.81169E-1 2.80548E-1 2.8174E-1 2.79333E-1 2.75313E-1 2.80927E-1 2.83092E-1 2.84387E-1 2.81838E-1 2.89091E-1 2.97806E-1 3.38449E-1 3.00059E-1 3.51557E-1 3.52073E-1
2.5937E-1 2.59143E-1 2.58057E-1 2.5782E-1 2.5969E-1 2.64171E-1 2.65304E-1 2.63172E-1 2.63888E-1 2.68452E-1 2.67161E-1 2.69057E-1 2.69796E-1 2.68722E-1 2.72251E-1 2.72146E-1 2.70842E-1 2.71509E-1 2.72601E-1 2.73406E-1 2.76729E-1 2.76515E-1 2.75134E-1 2.74112E-1 2.75155E-1 2.76836E-1 2.82787E-1 2.81558E-1 2.8258E-1 2.83418E-1 2.83106E-1 2.82537E-1 2.87438E-1 2.88055E-1 2.89635E-1 2.81907E-1 2.84566E-1 2.83125E-1 2.82813E-1 2.79506E-1 2.77082E-1 2.76975E-1 2.80509E-1 2.79054E-1 2.76687E-1 2.76298E-1 2.76299E-1 2.80546E-1 2.77841E-1 2.78773E-1 2.76325E-1 2.75916E-1 2.74575E-1 2.80333E-1 2.82596E-1 2.90712E-1 3.36737E-1 3.39564E-1 3.41142E-1 3.43981E-1 3.52951E-1
2.58714E-1 2.58463E-1 2.56154E-1 2.55908E-1 2.5692E-1 2.64477E-1 2.63485E-1 2.6323E-1 2.62986E-1 2.61695E-1 2.61522E-1 2.6724E-1 2.66988E-1 2.67758E-1 2.67537E-1 2.71068E-1 2.70107E-1 2.68669E-1 2.68436E-1 2.70413E-1 2.69861E-1 2.74696E-1 2.74439E-1 2.74166E-1 2.7603E-1 2.74855E-1 2.73958E-1 2.76829E-1 2.81576E-1 2.82513E-1 2.82507E-1 2.83374E-1 2.87781E-1 2.77934E-1 2.79164E-1 2.80412E-1 2.79133E-1 2.78957E-1 2.82421E-1 2.8017E-1 2.78849E-1 2.78492E-1 2.81153E-1 2.77645E-1 2.77309E-1 2.75115E-1 2.75597E-1 2.78042E-1 2.77717E-1 2.76641E-1 2.75661E-1 2.76308E-1 2.74622E-1 2.75535E-1 2.78592E-1 3.2279E-1 3.26533E-1 3.30484E-1 3.32487E-1 3.42354E-1 3.47267E-1
2.53373E-1 2.57781E-1 2.57466E-1 2.57192E-1 2.5697E-1 2.55985E-1 2.63528E-1 2.63299E-1 2.61954E-1 2.61699E-1 2.60787E-1 2.64229E-1 2.6495E-1 2.64719E-1 2.66496E-1 2.65521E-1 2.64261E-1 2.68713E-1 2.67342E-1 2.6718E-1 2.65087E-1 2.65793E-1 2.71015E-1 2.70794E-1 2.72869E-1 2.73051E-1 2.72759E-1 2.73583E-1 2.79495E-1 2.81804E-1 2.8259E-1 2.82077E-1 2.73321E-1 2.79217E-1 2.79231E-1 2.77961E-1 2.79759E-1 2.79479E-1 2.80968E-1 2.80706E-1 2.79383E-1 2.78355E-1 2.75058E-1 2.77398E-1 2.78891E-1 2.7749E-1 2.75994E-1 2.80322E-1 2.7918E-1 2.79627E-1 2.77763E-1 2.79815E-1 2.77887E-1 2.81133E-1 2.79732E-1 3.10722E-1 3.0719E-1 3.1852E-1 3.36798E-1 3.4751E-1 3.41738E-1
2.52472E-1 2.52253E-1 2.57594E-1 2.56566E-1 2.56267E-1 2.56047E-1 2.55826E-1 2.56622E-1 2.60295E-1 2.63121E-1 2.5975E-1 2.61671E-1 2.65047E-1 2.6368E-1 2.62764E-1 2.63568E-1 2.63326E-1 2.6202E-1 2.62714E-1 2.65384E-1 2.65112E-1 2.64512E-1 2.66327E-1 2.65332E-1 2.66371E-1 2.72148E-1 2.72738E-1 2.73712E-1 2.78784E-1 2.74867E-1 2.81342E-1 2.71839E-1 2.7328E-1 2.74424E-1 2.74554E-1 2.78448E-1 2.78288E-1 2.76964E-1 2.75849E-1 2.79355E-1 2.79061E-1 2.76822E-1 2.75596E-1 2.77977E-1 2.77421E-1 2.76299E-1 2.76392E-1 2.75316E-1 2.7538E-1 2.74097E-1 2.78021E-1 3.13395E-1 3.14165E-1 2.83106E-1 3.18508E-1 3.13673E-1 3.10917E-1 3.1535E-1 3.30857E-1 3.3738E-1 3.44672E-1
2.52517E-1 2.51514E-1 2.51247E-1 2.5103E-1 2.56355E-1 2.55045E-1 2.548E-1 2.5585E-1 2.57701E-1 2.56471E-1 2.60911E-1 2.60546E-1 2.58575E-1 2.58318E-1 2.58069E-1 2.61508E-1 2.62252E-1 2.61294E-1 2.61081E-1 2.5971E-1 2.64918E-1 2.64551E-1 2.63547E-1 2.66643E-1 2.6637E-1 2.67398E-1 2.71055E-1 2.71343E-1 2.61244E-1 2.63462E-1 2.65326E-1 2.71493E-1 2.72992E-1 2.73002E-1 2.74225E-1 2.80219E-1 2.75898E-1 2.74639E-1 2.74533E-1 2.80076E-1 2.7764E-1 2.7633E-1 2.75954E-1 2.73327E-1 2.69833E-1 2.74685E-1 2.77366E-1 2.75994E-1 2.74685E-1 3.13499E-1 2.78372E-1 3.17774E-1 3.12972E-1 3.18542E-1 3.14363E-1 3.17625E-1 3.12305E-1 3.13656E-1 3.08317E-1 3.03351E-1 2.64553E-1
2.51802E-1 2.51533E-1 2.51266E-1 2.51036E-1 2.49763E-1 2.55391E-1 2.55133E-1 2.559E-1 2.54654E-1 2.56483E-1 2.59863E-1 2.58858E-1 2.5759E-1 2.57367E-1 2.57066E-1 2.61497E-1 2.59526E-1 2.61297E-1 2.60004E-1 2.60461E-1 2.62875E-1 2.60803E-1 2.60514E-1 2.62484E-1 2.65619E-1 2.65549E-1 2.70323E-1 2.60588E-1 2.62633E-1 2.626E-1 2.63071E-1 2.69251E-1 2.71389E-1 2.73488E-1 2.74134E-1 2.78709E-1 2.75237E-1 2.75162E-1 2.73792E-1 2.76437E-1 2.78126E-1 2.76715E-1 2.76438E-1 3.12531E-1 3.07734E-1 3.08504E-1 2.7477E-1 3.13081E-1 3.13632E-1 3.15572E-1 3.18593E-1 3.16314E-1 3.1413E-1 3.18193E-1 3.17158E-1 3.19242E-1 3.13938E-1 3.16862E-1 3.0595E-1 3.02726E-1 2.97398E-1
2.46067E-1 2.5058E-1 2.53379E-1 2.52054E-1 2.51083E-1 2.50821E-1 2.5523E-1 2.53913E-1 2.53729E-1 2.5372E-1 2.54494E-1 2.53216E-1 2.57573E-1 2.57402E-1 2.56151E-1 2.54135E-1 2.53979E-1 2.59292E-1 2.60719E-1 2.5843E-1 2.57464E-1 2.60831E-1 2.60489E-1 2.61573E-1 2.61863E-1 2.62834E-1 2.54978E-1 2.61695E-1 2.61825E-1 2.62292E-1 2.63641E-1 2.69778E-1 2.68734E-1 3.10818E-1 2.72371E-1 2.74285E-1 3.10616E-1 3.10004E-1 2.72142E-1 2.71929E-1 2.71755E-1 2.77185E-1 3.12923E-1 3.12081E-1 3.08458E-1 3.08929E-1 3.10996E-1 3.0965E-1 3.135E-1 3.1313E-1 3.1483E-1 3.14358E-1 3.11856E-1 3.09576E-1 3.13039E-1 3.06524E-1 3.07625E-1 3.07161E-1 3.06547E-1 3.05424E-1 2.98339E-1
2.45837E-1 2.50678E-1 2.49644E-1 2.50382E-1 2.51137E-1 2.5089E-1 2.55288E-1 2.54055E-1 2.53009E-1 2.90268E-1 2.5157E-1 2.5234E-1 2.52986E-1 2.55605E-1 2.55559E-1 2.92759E-1 2.54E-1 2.89722E-1 2.96007E-1 2.57634E-1 2.56373E-1 2.56127E-1 2.57208E-1 2.5876E-1 2.98782E-1 2.51668E-1 2.53295E-1 2.58538E-1 2.58615E-1 2.62751E-1 2.6409E-1 3.03361E-1 3.02327E-1 3.09042E-1 2.71592E-1 2.71532E-1 3.0865E-1 3.15716E-1 2.7249E-1 2.71508E-1 2.70061E-1 3.07489E-1 3.14488E-1 3.1135E-1 3.09401E-1 3.07288E-1 3.10395E-1 3.09639E-1 3.11466E-1 3.14166E-1 3.10211E-1 3.12425E-1 3.08676E-1 3.07111E-1 3.12138E-1 3.0801E-1 3.05291E-1 3.14388E-1 3.12897E-1 3.09752E-1 3.13746E-1
2.444E-1 2.43928E-1 2.4419E-1 2.48481E-1 2.5023E-1 2.48886E-1 2.86178E-1 2.48716E-1 2.54053E-1 2.51834E-1 2.51719E-1 2.52361E-1 2.90754E-1 2.88248E-1 2.55555E-1 2.93698E-1 2.93593E-1 2.94139E-1 2.54975E-1 2.54673E-1 2.55341E-1 2.92899E-1 2.58966E-1 2.99164E-1 2.88434E-1 2.52854E-1 2.57967E-1 2.56995E-1 2.99006E-1 2.98961E-1 3.00284E-1 2.99614E-1 3.01977E-1 3.08517E-1 2.6887E-1 3.08368E-1 3.13483E-1 3.152E-1 3.13695E-1 3.11207E-1 3.08439E-1 3.11992E-1 3.11598E-1 3.12143E-1 3.10036E-1 3.07675E-1 3.10854E-1 3.10005E-1 3.0723E-1 3.04868E-1 3.09037E-1 3.08388E-1 3.05957E-1 3.06911E-1 3.13438E-1 3.08017E-1 3.06445E-1 3.02046E-1 3.01988E-1 3.11093E-1 3.12074E-1
2.75831E-1 2.79675E-1 2.81762E-1 2.81795E-1 2.83725E-1 2.86455E-1 2.86328E-1 2.93457E-1 2.93146E-1 2.90708E-1 2.91382E-1 2.9017E-1 2.86305E-1 2.86184E-1 2.94342E-1 2.92925E-1 2.90454E-1 2.89066E-1 2.93826E-1 2.9504E-1 2.93339E-1 2.92067E-1 2.98452E-1 2.88003E-1 2.90152E-1 2.90968E-1 2.92077E-1 2.97399E-1 2.97343E-1 3.00109E-1 3.0164E-1 3.01663E-1 3.07005E-1 3.08992E-1 3.06807E-1 3.06646E-1 3.06315E-1 3.06697E-1 3.09417E-1 3.0944E-1 3.07633E-1 3.12444E-1 3.09805E-1 3.08084E-1 3.10105E-1 3.10243E-1 3.11187E-1 3.08192E-1 3.07716E-1 3.06823E-1 3.03242E-1 3.04741E-1 3.05332E-1 3.08577E-1 3.09285E-1 3.03831E-1 3.0281E-1 3.00198E-1 3.06137E-1 3.06858E-1 3.10737E-1
2.64948E-1 2.76922E-1 2.80006E-1 2.7992E-1 2.80838E-1 2.86702E-1 2.86484E-1 2.8734E-1 2.88278E-1 2.91664E-1 2.88152E-1 2.8803E-1 2.8723E-1 2.92462E-1 2.9219E-1 2.8969E-1 2.89443E-1 2.89082E-1 2.89019E-1 2.9432E-1 2.89894E-1 2.91059E-1 2.84166E-1 2.8542E-1 2.87729E-1 2.89417E-1 2.88015E-1 2.89587E-1 2.97491E-1 2.97352E-1 2.99465E-1 3.0207E-1 3.05933E-1 3.06563E-1 3.08495E-1 3.06738E-1 3.06566E-1 3.03997E-1 3.04636E-1 3.09774E-1 3.07978E-1 3.07806E-1 3.10182E-1 3.08825E-1 3.08049E-1 3.06025E-1 3.11301E-1 3.10842E-1 3.08168E-1 3.07455E-1 3.09768E-1 3.0655E-1 3.05036E-1 3.05595E-1 3.01708E-1 3.04454E-1 3.02423E-1 3.08307E-1 3.05105E-1 3.06882E-1 3.04607E-1
2.63644E-1 2.7346E-1 2.76941E-1 2.78311E-1 2.78186E-1 2.85804E-1 2.85512E-1 2.87617E-1 2.8692E-1 2.91572E-1 2.89964E-1 2.87823E-1 2.87941E-1 2.86715E-1 2.89801E-1 2.89869E-1 2.88325E-1 2.88709E-1 2.89685E-1 2.93001E-1 2.92025E-1 2.79842E-1 2.81638E-1 2.83203E-1 2.88263E-1 2.89824E-1 2.91003E-1 2.90452E-1 2.90645E-1 2.90338E-1 2.9765E-1 3.0135E-1 2.99312E-1 3.01627E-1 3.06484E-1 3.0723E-1 3.04539E-1 3.04302E-1 3.07992E-1 3.10017E-1 3.06383E-1 3.05995E-1 3.09396E-1 3.08222E-1 3.06068E-1 3.05207E-1 3.04516E-1 3.11094E-1 3.08462E-1 3.06651E-1 3.03714E-1 3.08284E-1 3.07102E-1 3.03927E-1 3.07925E-1 3.06695E-1 3.02902E-1 3.08645E-1 3.08329E-1 3.03999E-1 3.00731E-1
2.54601E-1 2.65341E-1 2.71509E-1 2.77953E-1 2.80202E-1 2.8363E-1 2.83314E-1 2.84678E-1 2.87132E-1 2.86653E-1 2.8274E-1 2.87108E-1 2.86E-1 2.87492E-1 2.89829E-1 2.81576E-1 2.85615E-1 2.8766E-1 2.87143E-1 2.91146E-1 2.74986E-1 2.80719E-1 2.8106E-1 2.80457E-1 2.80461E-1 2.88474E-1 2.90855E-1 2.90889E-1 2.90415E-1 2.96656E-1 2.95794E-1 2.9948E-1 2.98261E-1 3.06739E-1 3.05674E-1 3.04113E-1 3.01574E-1 3.0353E-1 3.07187E-1 3.04596E-1 3.06838E-1 3.05095E-1 3.09767E-1 3.08193E-1 3.05649E-1 3.05499E-1 3.04112E-1 3.06055E-1 3.07903E-1 3.05927E-1 3.115E-1 3.07493E-1 3.06918E-1 3.0492E-1 3.09005E-1 3.07738E-1 3.05214E-1 3.05576E-1 3.07783E-1 3.09782E-1 3.06616E-1
2.5043E-1 2.5901E-1 2.67541E-1 2.70956E-1 2.75823E-1 2.83199E-1 2.78067E-1 2.83408E-1 2.82693E-1 2.83902E-1 2.82306E-1 2.86333E-1 2.8609E-1 2.86571E-1 2.84045E-1 2.80892E-1 2.85983E-1 2.90249E-1 2.78237E-1 2.76012E-1 2.77116E-1 2.81559E-1 2.80718E-1 2.8106E-1 2.81565E-1 2.86677E-1 2.89793E-1 2.89872E-1 2.92219E-1 2.91053E-1 2.96303E-1 2.97722E-1 2.9849E-1 2.97411E-1 3.06007E-1 3.04455E-1 3.01977E-1 3.03893E-1 3.00024E-1 3.05133E-1 3.04684E-1 3.03046E-1 3.0782E-1 3.05971E-1 3.03682E-1 3.06093E-1 3.07301E-1 3.06644E-1 3.06019E-1 3.06323E-1 3.08804E-1 3.08063E-1 3.06258E-1 3.05333E-1 3.07361E-1 3.06292E-1 3.03124E-1 3.04349E-1 3.09516E-1 3.08654E-1 3.07225E-1
2.49809E-1 2.57051E-1 2.61596E-1 2.66605E-1 2.70679E-1 2.71741E-1 2.81547E-1 2.82274E-1 2.81993E-1 2.81729E-1 2.81773E-1 2.88793E-1 2.89281E-1 2.86451E-1 2.83097E-1 2.83247E-1 2.88095E-1 2.89868E-1 2.76321E-1 2.76384E-1 2.82057E-1 2.82197E-1 2.82528E-1 2.81948E-1 2.88324E-1 2.89229E-1 2.89359E-1 2.90871E-1 2.92031E-1 2.91888E-1 2.97138E-1 2.97066E-1 2.98287E-1 2.99047E-1 2.98865E-1 3.04831E-1 3.02303E-1 3.00606E-1 3.00216E-1 3.05083E-1 3.01444E-1 3.01166E-1 3.05647E-1 3.06465E-1 3.04622E-1 3.02925E-1 3.0765E-1 3.06881E-1 3.05306E-1 3.07646E-1 3.01966E-1 3.08601E-1 3.06627E-1 3.03529E-1 3.08002E-1 3.07362E-1 3.04349E-1 3.09386E-1 3.08334E-1 3.07591E-1 3.08932E-1
2.44583E-1 2.5644E-1 2.55933E-1 2.59172E-1 2.65305E-1 2.69426E-1 2.79443E-1 2.815E-1 2.80886E-1 2.81835E-1 2.81266E-1 2.87683E-1 2.85883E-1 2.83218E-1 2.82082E-1 2.82183E-1 2.88273E-1 2.77453E-1 2.75711E-1 2.74825E-1 2.80329E-1 2.81709E-1 2.83151E-1 2.81146E-1 2.88337E-1 2.88417E-1 2.90328E-1 2.88999E-1 2.96131E-1 2.97475E-1 2.96787E-1 2.96504E-1 2.96396E-1 3.03518E-1 3.03248E-1 2.99445E-1 3.01353E-1 3.00799E-1 3.0043E-1 2.99145E-1 3.01722E-1 3.01456E-1 3.0001E-1 3.02577E-1 3.05011E-1 3.03785E-1 3.07933E-1 3.07538E-1 3.03625E-1 3.02988E-1 3.07775E-1 3.06897E-1 3.04973E-1 3.0409E-1 3.08723E-1 3.06874E-1 3.08567E-1 3.10497E-1 3.09396E-1 3.08443E-1 3.12664E-1
2.38066E-1 2.4615E-1 2.4959E-1 2.5528E-1 2.59818E-1 2.66231E-1 2.72468E-1 2.7853E-1 2.79605E-1 2.7962E-1 2.78623E-1 2.84231E-1 2.82629E-1 2.82339E-1 2.82291E-1 2.82303E-1 2.88613E-1 2.77156E-1 2.76451E-1 2.72812E-1 2.78743E-1 2.7988E-1 2.83505E-1 2.82341E-1 2.83676E-1 2.87947E-1 2.89458E-1 2.89402E-1 2.88111E-1 2.89542E-1 2.96935E-1 2.96596E-1 2.95105E-1 2.98605E-1 3.01226E-1 2.99834E-1 2.9926E-1 2.9774E-1 2.97329E-1 3.01214E-1 3.01022E-1 3.00708E-1 3.01981E-1 3.01854E-1 3.03392E-1 3.05623E-1 3.08058E-1 3.06467E-1 3.03956E-1 3.03339E-1 3.08375E-1 3.05421E-1 3.03394E-1 3.04717E-1 3.07993E-1 3.09375E-1 3.08583E-1 3.10767E-1 3.10198E-1 3.0953E-1 3.12652E-1
2.57102E-1 2.46777E-1 2.50821E-1 2.51632E-1 2.53852E-1 2.6217E-1 2.66797E-1 2.80473E-1 2.78311E-1 2.80974E-1 2.795E-1 2.82056E-1 2.81722E-1 2.78617E-1 2.79565E-1 2.72278E-1 2.75407E-1 2.77102E-1 2.74021E-1 2.7448E-1 2.78908E-1 2.74203E-1 2.81275E-1 2.8288E-1 2.88248E-1 2.8842E-1 2.89828E-1 2.89618E-1 2.88916E-1 2.88763E-1 2.95036E-1 2.96871E-1 2.94568E-1 2.96527E-1 3.00179E-1 2.99934E-1 2.99649E-1 2.95688E-1 2.95345E-1 3.01431E-1 3.0355E-1 2.99594E-1 3.02132E-1 3.02507E-1 3.01145E-1 3.0043E-1 3.05315E-1 3.05832E-1 3.05547E-1 3.03846E-1 3.076E-1 3.07077E-1 3.06462E-1 3.05638E-1 3.08813E-1 3.07741E-1 3.0689E-1 3.10133E-1 3.11497E-1 3.08533E-1 3.13115E-1
2.40925E-1 2.38478E-1 2.40653E-1 2.50304E-1 2.51378E-1 2.59267E-1 2.64217E-1 2.7211E-1 2.77754E-1 2.7775E-1 2.78458E-1 2.79489E-1 2.8124E-1 2.81222E-1 2.734E-1 2.76275E-1 2.75866E-1 2.7705E-1 2.75683E-1 2.75968E-1 2.76547E-1 2.81379E-1 2.80657E-1 2.8718E-1 2.89553E-1 2.87489E-1 2.88124E-1 2.89197E-1 2.94364E-1 2.94286E-1 2.94019E-1 2.92968E-1 2.93669E-1 3.00709E-1 3.00368E-1 2.97884E-1 2.96572E-1 2.95951E-1 2.99783E-1 3.01668E-1 3.01193E-1 2.99931E-1 2.97293E-1 3.02357E-1 2.99036E-1 2.98576E-1 3.02025E-1 3.04114E-1 3.03652E-1 3.01034E-1 3.02845E-1 3.07531E-1 3.04744E-1 3.0804E-1 3.07436E-1 3.06768E-1 3.0806E-1 3.11234E-1 3.10022E-1 3.09312E-1 3.13958E-1
2.32117E-1 2.37271E-1 2.38785E-1 2.44782E-1 2.51931E-1 2.57303E-1 2.5949E-1 2.6651E-1 2.76117E-1 2.76545E-1 2.76108E-1 2.7757E-1 2.81274E-1 2.83298E-1 2.75392E-1 2.72248E-1 2.76933E-1 2.75215E-1 2.75676E-1 2.75126E-1 2.78234E-1 2.84355E-1 2.82272E-1 2.82471E-1 2.83854E-1 2.83304E-1 2.89845E-1 2.89957E-1 2.89668E-1 2.90789E-1 2.9333E-1 2.93054E-1 2.93817E-1 2.93631E-1 2.97378E-1 2.97047E-1 2.9667E-1 3.0118E-1 2.97403E-1 2.97262E-1 2.98411E-1 3.00296E-1 3.01532E-1 2.99536E-1 2.99323E-1 2.98712E-1 3.02661E-1 3.0013E-1 3.00784E-1 3.05976E-1 3.07483E-1 3.05704E-1 3.0168E-1 3.06303E-1 3.0769E-1 3.10993E-1 3.10571E-1 3.12094E-1 3.11301E-1 3.0983E-1 3.15127E-1
2.32167E-1 2.35608E-1 2.39703E-1 2.44029E-1 2.49897E-1 2.54244E-1 2.57587E-1 2.63181E-1 2.72862E-1 2.7551E-1 2.75814E-1 2.76198E-1 2.82428E-1 2.84408E-1 2.75069E-1 2.70686E-1 2.73754E-1 2.74527E-1 2.74619E-1 2.75219E-1 2.77145E-1 2.82283E-1 2.81326E-1 2.82052E-1 2.83173E-1 2.83723E-1 2.90164E-1 2.92303E-1 2.90691E-1 2.9565E-1 2.94659E-1 2.93152E-1 2.93953E-1 2.92569E-1 2.95328E-1 2.96006E-1 2.95552E-1 2.98027E-1 2.96447E-1 2.96361E-1 2.95141E-1 2.95111E-1 2.93655E-1 2.99514E-1 2.99353E-1 2.95896E-1 2.95637E-1 3.00424E-1 2.98959E-1 3.06005E-1 3.03373E-1 3.01714E-1 3.01136E-1 3.06158E-1 3.06307E-1 3.05682E-1 3.07147E-1 3.11857E-1 3.09961E-1 3.09563E-1 3.1622E-1
