Artocarpus heterophyllus SDM files/Last interglacial/results (without bias file)/Arthet_6.asc
ncols         625
nrows         721
xllcorner     69.99986311115
yllcorner     5.99986151914999
cellsize      0.041666667
NODATA_value  -9999
[rows 162 to 188 of 721, columns 122 to 182 of 625]
6.37594E-2 6.30847E-2 6.41615E-2 6.45875E-2 6.50116E-2 6.54781E-2 6.63826E-2 6.75951E-2 7.09454E-2 7.22206E-2 7.23605E-2 7.3432E-2 7.4659E-2 7.56471E-2 7.60442E-2 7.72121E-2 7.77755E-2 7.83574E-2 8.22083E-2 8.34631E-2 8.48856E-2 8.57126E-2 8.89039E-2 8.93504E-2 6.35434E-2 6.41906E-2 6.57242E-2 6.65918E-2 6.67374E-2 6.84464E-2 6.889E-2 6.93573E-2 6.96936E-2 7.02204E-2 7.25905E-2 7.29123E-2 7.32878E-2 7.3749E-2 7.39862E-2 7.43166E-2 7.6164E-2 7.68968E-2 7.92967E-2 8.12612E-2 8.38229E-2 8.55357E-2 8.35416E-2 8.57116E-2 8.38241E-2 6.87441E-2 8.67665E-2 7.16034E-2 7.34629E-2 7.19736E-2 7.27069E-2 7.22547E-2 9.21409E-2 7.47891E-2 7.38649E-2 7.47361E-2 7.39688E-2
6.21555E-2 6.34444E-2 6.38383E-2 6.44894E-2 6.52214E-2 6.56669E-2 6.87351E-2 6.64073E-2 7.05972E-2 7.08001E-2 7.17256E-2 7.25675E-2 7.39765E-2 7.4432E-2 7.51811E-2 7.54756E-2 7.69231E-2 7.79323E-2 8.21268E-2 8.28465E-2 8.34775E-2 8.52172E-2 6.27366E-2 6.28162E-2 6.34271E-2 6.41906E-2 6.57139E-2 6.62169E-2 6.6497E-2 6.66889E-2 6.86378E-2 6.94995E-2 6.94474E-2 6.99683E-2 7.06046E-2 7.24287E-2 7.31843E-2 7.40444E-2 7.54008E-2 7.55449E-2 7.55841E-2 7.6859E-2 7.85127E-2 8.03344E-2 8.29627E-2 8.45728E-2 8.26339E-2 8.50639E-2 6.86877E-2 6.95365E-2 6.99572E-2 7.23278E-2 7.30693E-2 7.48968E-2 7.4602E-2 7.49702E-2 7.72457E-2 7.64233E-2 7.48818E-2 7.39241E-2 7.42348E-2
6.29061E-2 6.3785E-2 6.37979E-2 6.43617E-2 6.45149E-2 6.76452E-2 6.9047E-2 6.84569E-2 6.92031E-2 7.02132E-2 7.0813E-2 7.23145E-2 7.27157E-2 7.36134E-2 7.40139E-2 7.49851E-2 8.05206E-2 8.06383E-2 8.1408E-2 8.26416E-2 8.26416E-2 8.32644E-2 6.25799E-2 6.2605E-2 6.32314E-2 6.36164E-2 6.5719E-2 6.60365E-2 6.61868E-2 6.80577E-2 6.87872E-2 6.91852E-2 6.97735E-2 7.1687E-2 7.20679E-2 7.26966E-2 7.30443E-2 7.45795E-2 7.51225E-2 7.54806E-2 7.6447E-2 7.81986E-2 7.99514E-2 7.98253E-2 8.18946E-2 8.33258E-2 8.34839E-2 8.59027E-2 6.91903E-2 6.77792E-2 7.0666E-2 7.19794E-2 7.4023E-2 7.4614E-2 7.55958E-2 7.62945E-2 7.68383E-2 7.67872E-2 7.48529E-2 7.63033E-2 7.68559E-2
6.27058E-2 6.28203E-2 6.66344E-2 6.36764E-2 6.72071E-2 6.81363E-2 6.81429E-2 6.84282E-2 6.91966E-2 7.02259E-2 7.15043E-2 7.21239E-2 7.27222E-2 7.33542E-2 7.40819E-2 7.50043E-2 7.89443E-2 7.92164E-2 8.08046E-2 8.1408E-2 8.24373E-2 8.55837E-2 6.17177E-2 6.28363E-2 6.30239E-2 6.3272E-2 6.5014E-2 6.57344E-2 6.63211E-2 6.8154E-2 6.83558E-2 6.88745E-2 6.94446E-2 7.0567E-2 7.2046E-2 7.24232E-2 7.28579E-2 7.43894E-2 7.47841E-2 7.46445E-2 7.55554E-2 7.5895E-2 7.78061E-2 7.98194E-2 8.1669E-2 8.42864E-2 8.41103E-2 6.91375E-2 6.94672E-2 6.78827E-2 7.01442E-2 7.1173E-2 7.34281E-2 7.27099E-2 7.52131E-2 7.58654E-2 7.798E-2 7.29884E-2 7.52589E-2 7.60734E-2 7.66312E-2
6.38965E-2 6.4223E-2 6.55453E-2 6.68076E-2 6.6345E-2 6.73867E-2 6.75893E-2 6.81863E-2 6.86869E-2 6.91154E-2 6.97384E-2 7.11224E-2 7.20916E-2 7.59092E-2 7.35293E-2 7.39166E-2 7.48785E-2 7.92164E-2 8.06345E-2 8.092E-2 8.1785E-2 6.16425E-2 6.19459E-2 6.19815E-2 6.25124E-2 6.46603E-2 6.50613E-2 6.55959E-2 6.57914E-2 6.65965E-2 6.87124E-2 6.8988E-2 6.92559E-2 7.14977E-2 7.20458E-2 7.23474E-2 7.28244E-2 7.42605E-2 7.43169E-2 7.54839E-2 7.528E-2 7.73051E-2 8.04241E-2 8.29111E-2 8.38952E-2 8.53504E-2 8.47134E-2 6.88333E-2 6.89831E-2 6.87219E-2 6.97378E-2 7.12419E-2 7.17885E-2 7.53265E-2 7.60902E-2 7.66465E-2 7.68345E-2 7.3594E-2 7.46518E-2 7.55675E-2 7.62989E-2
6.35172E-2 6.42364E-2 6.46315E-2 6.50567E-2 6.62571E-2 6.6834E-2 6.80801E-2 6.78365E-2 6.86934E-2 6.9302E-2 6.95572E-2 7.01632E-2 7.0324E-2 7.11039E-2 7.29162E-2 7.38697E-2 7.79631E-2 7.89952E-2 7.92888E-2 5.87494E-2 5.89917E-2 6.08443E-2 6.16407E-2 6.19764E-2 6.34506E-2 6.39276E-2 6.4848E-2 6.53958E-2 6.58394E-2 6.76356E-2 6.76627E-2 6.84165E-2 6.92505E-2 7.12716E-2 7.18228E-2 7.21344E-2 7.22931E-2 7.40945E-2 7.37236E-2 7.5186E-2 7.63676E-2 7.64024E-2 7.97995E-2 8.07049E-2 8.31974E-2 8.39926E-2 8.41416E-2 6.77441E-2 6.78927E-2 6.96382E-2 7.01697E-2 7.201E-2 7.4247E-2 7.48104E-2 7.56362E-2 7.63377E-2 7.52549E-2 7.27436E-2 7.43641E-2 7.67455E-2 7.89317E-2
4.78391E-2 6.42245E-2 6.37747E-2 6.47855E-2 6.58648E-2 6.5309E-2 6.66854E-2 6.75164E-2 6.73662E-2 6.91295E-2 6.94956E-2 6.97579E-2 7.08073E-2 7.08202E-2 7.24967E-2 7.61432E-2 7.7001E-2 5.69956E-2 5.73461E-2 5.81928E-2 5.82078E-2 6.08392E-2 6.10176E-2 6.16762E-2 6.37522E-2 6.39056E-2 6.40866E-2 6.50084E-2 6.54168E-2 6.75102E-2 6.77112E-2 6.77954E-2 6.85196E-2 7.11357E-2 7.16335E-2 7.17074E-2 7.20308E-2 7.35409E-2 7.44244E-2 7.44824E-2 7.72441E-2 7.90666E-2 7.97078E-2 8.01791E-2 8.05303E-2 8.17272E-2 6.55889E-2 6.58913E-2 6.75927E-2 6.82829E-2 6.93739E-2 7.09254E-2 7.175E-2 7.44636E-2 7.39218E-2 7.60517E-2 7.66407E-2 7.55738E-2 7.70155E-2 7.80322E-2 7.67403E-2
4.72455E-2 4.75115E-2 4.78023E-2 6.42341E-2 4.88425E-2 6.563E-2 6.61104E-2 4.96648E-2 6.69445E-2 5.09913E-2 5.13681E-2 6.94956E-2 7.03106E-2 7.13132E-2 7.17493E-2 7.19419E-2 5.38353E-2 5.6759E-2 5.66112E-2 5.71026E-2 5.93231E-2 6.04428E-2 6.11491E-2 6.13066E-2 6.14915E-2 6.34306E-2 6.35999E-2 6.46531E-2 6.62945E-2 6.73312E-2 6.75264E-2 6.78739E-2 6.81279E-2 7.02859E-2 7.04836E-2 7.10278E-2 7.21461E-2 7.40249E-2 7.56795E-2 7.55567E-2 7.7029E-2 7.98537E-2 7.96716E-2 8.14947E-2 8.16755E-2 8.28798E-2 8.43215E-2 6.77837E-2 6.8221E-2 6.8536E-2 6.88279E-2 7.01936E-2 7.17063E-2 7.1973E-2 7.43372E-2 7.54393E-2 7.50235E-2 7.49093E-2 7.64317E-2 7.69726E-2 7.80203E-2
4.7077E-2 4.73818E-2 4.78174E-2 4.78174E-2 4.83674E-2 4.88425E-2 4.92448E-2 4.94252E-2 4.94975E-2 5.03553E-2 5.0679E-2 5.14413E-2 5.16362E-2 5.23593E-2 5.27898E-2 5.29721E-2 5.54701E-2 5.64083E-2 5.63182E-2 5.66112E-2 5.88638E-2 5.96045E-2 6.0329E-2 6.05772E-2 6.23695E-2 6.29067E-2 6.34462E-2 6.45362E-2 6.58783E-2 6.63108E-2 6.7028E-2 6.79036E-2 6.95565E-2 7.07798E-2 7.09789E-2 7.27633E-2 7.46415E-2 7.50739E-2 7.54685E-2 7.69117E-2 7.80873E-2 7.95228E-2 8.0702E-2 8.054E-2 8.07141E-2 8.23995E-2 6.88725E-2 6.69828E-2 6.7832E-2 6.95552E-2 6.85421E-2 6.92533E-2 7.08518E-2 7.32224E-2 7.40233E-2 7.48435E-2 7.51735E-2 7.45692E-2 7.61032E-2 7.79582E-2 7.67518E-2
4.69412E-2 4.70478E-2 4.70478E-2 4.75967E-2 4.78275E-2 4.79016E-2 4.82115E-2 4.86476E-2 4.94252E-2 5.04135E-2 5.05408E-2 5.04774E-2 5.11795E-2 5.15151E-2 5.45967E-2 5.53558E-2 5.52883E-2 5.60229E-2 5.72262E-2 5.61942E-2 5.88355E-2 5.9004E-2 5.97905E-2 5.97832E-2 6.20643E-2 6.21582E-2 6.2708E-2 6.34139E-2 6.44823E-2 6.66698E-2 6.6853E-2 6.80937E-2 6.99217E-2 7.03418E-2 7.25304E-2 7.41952E-2 7.76481E-2 7.60169E-2 7.56884E-2 7.58453E-2 7.87242E-2 7.90155E-2 8.03726E-2 7.8579E-2 7.99362E-2 8.24187E-2 8.28281E-2 6.78653E-2 8.322E-2 6.75055E-2 6.79236E-2 6.84835E-2 7.13575E-2 7.44282E-2 7.53068E-2 7.40866E-2 7.41791E-2 7.42102E-2 7.75114E-2 7.75904E-2 7.82553E-2
4.63833E-2 4.67652E-2 4.90139E-2 4.70126E-2 4.74802E-2 4.79016E-2 4.82066E-2 4.86801E-2 4.97126E-2 4.97456E-2 5.02441E-2 5.05408E-2 5.11183E-2 5.334E-2 5.38185E-2 5.4296E-2 5.57284E-2 5.62939E-2 5.58614E-2 5.59103E-2 5.84926E-2 5.85132E-2 5.93697E-2 5.9666E-2 6.13235E-2 6.19846E-2 6.23913E-2 6.28489E-2 6.45762E-2 6.63008E-2 6.74052E-2 6.75849E-2 7.09673E-2 7.15792E-2 7.37683E-2 7.52994E-2 7.8763E-2 7.69313E-2 7.68077E-2 7.66843E-2 7.6359E-2 7.85855E-2 7.88507E-2 7.97698E-2 8.12727E-2 8.24196E-2 6.78848E-2 6.80173E-2 6.66837E-2 6.69627E-2 6.80879E-2 7.09568E-2 6.87225E-2 7.05316E-2 7.49116E-2 7.27545E-2 7.29765E-2 7.61013E-2 7.66109E-2 7.71567E-2 7.78996E-2
4.598E-2 4.62696E-2 4.65845E-2 4.70225E-2 4.93672E-2 4.73239E-2 4.73288E-2 4.82066E-2 4.89554E-2 5.19543E-2 4.99714E-2 5.04822E-2 5.31937E-2 5.36209E-2 5.35976E-2 5.40352E-2 5.46581E-2 5.53563E-2 5.58163E-2 5.70165E-2 5.86765E-2 5.82792E-2 5.86916E-2 5.9666E-2 6.13671E-2 6.16693E-2 6.23172E-2 6.32638E-2 6.38086E-2 6.68917E-2 6.73464E-2 6.8285E-2 7.17885E-2 7.26645E-2 7.28279E-2 7.62261E-2 7.7189E-2 7.72519E-2 7.93538E-2 7.94232E-2 7.7521E-2 7.79705E-2 7.96036E-2 8.06576E-2 8.26432E-2 8.29247E-2 8.47172E-2 6.7928E-2 6.94485E-2 6.83772E-2 7.02522E-2 7.06868E-2 7.03019E-2 7.0409E-2 7.43121E-2 7.27158E-2 7.40587E-2 7.55275E-2 7.6337E-2 7.69956E-2 7.74587E-2
4.57778E-2 4.83485E-2 4.63652E-2 4.69073E-2 4.91337E-2 4.77943E-2 4.77943E-2 4.85561E-2 4.89976E-2 5.1704E-2 5.25251E-2 5.25302E-2 5.3059E-2 5.34598E-2 5.37824E-2 5.41439E-2 5.4296E-2 5.46408E-2 5.50675E-2 5.61672E-2 5.83215E-2 5.78007E-2 5.88713E-2 5.97268E-2 6.11105E-2 6.20494E-2 6.26403E-2 6.39613E-2 6.61301E-2 6.69085E-2 6.85865E-2 6.87697E-2 7.10561E-2 7.32367E-2 7.54234E-2 7.54541E-2 7.68437E-2 7.70789E-2 7.69565E-2 7.62926E-2 7.79168E-2 8.01572E-2 8.04939E-2 8.06383E-2 8.2298E-2 8.23372E-2 8.21857E-2 6.6156E-2 6.78728E-2 6.81491E-2 6.8727E-2 6.94357E-2 6.97381E-2 7.09591E-2 7.26542E-2 7.24344E-2 7.21588E-2 7.47435E-2 7.60521E-2 7.63341E-2 7.70987E-2
4.71157E-2 4.81206E-2 4.86613E-2 4.84676E-2 4.69085E-2 4.95796E-2 4.97927E-2 5.03793E-2 4.85309E-2 5.16361E-2 5.01134E-2 5.26536E-2 5.26737E-2 5.32036E-2 5.36758E-2 5.39385E-2 5.388E-2 5.44263E-2 5.46556E-2 5.4965E-2 5.51979E-2 5.83693E-2 5.86352E-2 5.84366E-2 6.04199E-2 6.19712E-2 6.20138E-2 6.38349E-2 6.53494E-2 6.73926E-2 6.79492E-2 6.9495E-2 7.14007E-2 7.28875E-2 7.52942E-2 7.75495E-2 7.61311E-2 7.61808E-2 7.62242E-2 7.75729E-2 7.92629E-2 7.96927E-2 8.13411E-2 8.16965E-2 7.99143E-2 8.22849E-2 8.16625E-2 6.56984E-2 6.70961E-2 6.80185E-2 6.86E-2 6.86828E-2 6.90084E-2 7.02557E-2 7.22614E-2 7.15931E-2 7.34609E-2 7.43021E-2 7.67954E-2 7.86477E-2 7.78584E-2
4.70304E-2 4.76767E-2 4.84273E-2 4.88743E-2 4.92646E-2 4.95847E-2 4.98895E-2 5.08214E-2 5.08264E-2 4.94357E-2 5.1874E-2 5.01621E-2 5.31237E-2 5.32338E-2 5.37011E-2 6.57356E-2 6.59763E-2 6.67513E-2 5.47183E-2 5.47024E-2 5.70532E-2 5.76758E-2 5.81418E-2 5.8661E-2 5.93726E-2 6.2348E-2 6.25259E-2 6.30823E-2 6.68218E-2 6.78831E-2 6.95656E-2 6.91162E-2 7.37922E-2 7.40012E-2 7.51416E-2 7.68701E-2 7.60085E-2 7.62616E-2 7.75476E-2 7.72196E-2 7.88636E-2 8.06787E-2 8.06984E-2 8.13411E-2 8.17428E-2 8.16965E-2 8.204E-2 6.63356E-2 6.6604E-2 6.78234E-2 6.71432E-2 7.06357E-2 6.94579E-2 7.0719E-2 7.15333E-2 7.13222E-2 7.30653E-2 7.69897E-2 7.79767E-2 7.86059E-2 7.89827E-2
4.73214E-2 4.75495E-2 4.82161E-2 4.87746E-2 4.84822E-2 4.93381E-2 4.98895E-2 5.02675E-2 4.90088E-2 5.16371E-2 5.16421E-2 5.24239E-2 5.29857E-2 5.35093E-2 6.5627E-2 6.56373E-2 6.62962E-2 5.44082E-2 6.70419E-2 5.45264E-2 5.47576E-2 5.75154E-2 5.79033E-2 5.80804E-2 5.98424E-2 6.1215E-2 6.26378E-2 6.38711E-2 6.68592E-2 6.71433E-2 6.78773E-2 7.01818E-2 7.16326E-2 7.40259E-2 7.51541E-2 7.6698E-2 7.67364E-2 7.55943E-2 7.59586E-2 7.75325E-2 7.87577E-2 7.84788E-2 8.08661E-2 8.09226E-2 8.16368E-2 8.16633E-2 6.71292E-2 6.57844E-2 6.50861E-2 6.39352E-2 7.12E-2 7.22981E-2 6.93234E-2 7.10137E-2 7.13242E-2 7.19526E-2 7.47481E-2 7.64595E-2 7.74028E-2 7.839E-2 7.87259E-2
4.75391E-2 4.79748E-2 4.7985E-2 4.92055E-2 4.9333E-2 4.9333E-2 5.01191E-2 5.02522E-2 5.07029E-2 5.16472E-2 5.19581E-2 5.24574E-2 6.4605E-2 6.46101E-2 6.53E-2 5.3852E-2 5.44384E-2 6.70316E-2 6.70367E-2 6.74303E-2 6.68605E-2 6.94775E-2 5.7247E-2 5.81539E-2 5.93443E-2 6.18885E-2 6.33871E-2 6.21495E-2 6.52235E-2 6.55114E-2 6.66849E-2 7.0337E-2 7.07645E-2 7.2721E-2 7.38483E-2 7.59776E-2 7.60156E-2 7.67875E-2 7.91095E-2 7.7539E-2 7.96954E-2 7.98517E-2 8.06133E-2 7.88701E-2 8.24715E-2 8.20359E-2 8.20293E-2 6.49939E-2 8.11462E-2 6.73665E-2 7.23202E-2 7.01127E-2 7.00599E-2 6.98265E-2 7.12459E-2 7.05406E-2 7.24334E-2 7.59983E-2 7.6418E-2 7.7222E-2 7.84525E-2
4.72101E-2 4.75495E-2 4.81029E-2 4.8552E-2 4.92429E-2 4.93637E-2 4.77669E-2 5.06878E-2 5.08272E-2 5.11353E-2 5.22178E-2 5.22278E-2 5.30498E-2 5.32446E-2 6.53E-2 6.62908E-2 6.63455E-2 6.71836E-2 6.67294E-2 6.6974E-2 7.0714E-2 6.93951E-2 5.77176E-2 5.92702E-2 6.51248E-2 6.07202E-2 6.53651E-2 6.33603E-2 6.38924E-2 6.52501E-2 6.6783E-2 6.87568E-2 7.07706E-2 7.36515E-2 7.34341E-2 7.65795E-2 7.70452E-2 7.5215E-2 7.86476E-2 7.86738E-2 7.89157E-2 7.92567E-2 8.13878E-2 8.08272E-2 8.26627E-2 8.14239E-2 7.97329E-2 8.00001E-2 7.8761E-2 6.62744E-2 6.92576E-2 6.75751E-2 6.99295E-2 6.94051E-2 7.15818E-2 7.17482E-2 7.24803E-2 7.57313E-2 7.58915E-2 7.6598E-2 7.73199E-2
4.73313E-2 4.76273E-2 4.85514E-2 4.88013E-2 4.8861E-2 5.0124E-2 5.00275E-2 5.08272E-2 5.09568E-2 5.13962E-2 6.09654E-2 6.43407E-2 6.4351E-2 6.43562E-2 5.38277E-2 6.5484E-2 6.66783E-2 6.6714E-2 5.50597E-2 6.87957E-2 6.93028E-2 6.75365E-2 5.79695E-2 6.30908E-2 6.51729E-2 6.70316E-2 6.70551E-2 6.4864E-2 6.6274E-2 6.84951E-2 7.02263E-2 7.18644E-2 7.3336E-2 7.26209E-2 7.32384E-2 7.63692E-2 7.66121E-2 7.66708E-2 7.86798E-2 7.75002E-2 7.82474E-2 8.08594E-2 8.08796E-2 8.38683E-2 8.26215E-2 8.26147E-2 7.93958E-2 6.25598E-2 6.26702E-2 8.52721E-2 7.05743E-2 7.00372E-2 7.18699E-2 7.1956E-2 7.07832E-2 7.32172E-2 7.35859E-2 7.35106E-2 7.5371E-2 7.68394E-2 7.61554E-2
4.7872E-2 4.77546E-2 4.87654E-2 4.92074E-2 4.93486E-2 4.96618E-2 5.03364E-2 5.03464E-2 5.14062E-2 6.34982E-2 6.0954E-2 6.46585E-2 6.50556E-2 6.48982E-2 6.59558E-2 6.70016E-2 6.70222E-2 6.80494E-2 6.82888E-2 6.83092E-2 6.78498E-2 5.76906E-2 5.75849E-2 5.91685E-2 6.13174E-2 6.51356E-2 6.3727E-2 6.51795E-2 6.7384E-2 6.84372E-2 7.01663E-2 7.04546E-2 7.11332E-2 7.22313E-2 7.28209E-2 7.4107E-2 7.64017E-2 7.66513E-2 8.01724E-2 8.05862E-2 7.94097E-2 8.08325E-2 8.08527E-2 8.15401E-2 8.04445E-2 8.12644E-2 7.91268E-2 7.71046E-2 8.11163E-2 7.12638E-2 6.93365E-2 7.16534E-2 7.58228E-2 7.3909E-2 7.12509E-2 7.2716E-2 7.17618E-2 7.31275E-2 7.39856E-2 7.68323E-2 7.68891E-2
4.78976E-2 4.86604E-2 4.89006E-2 4.94749E-2 4.97981E-2 4.95539E-2 5.05988E-2 5.09148E-2 5.10396E-2 5.18509E-2 5.22934E-2 6.4368E-2 6.5243E-2 5.36404E-2 6.57853E-2 6.66997E-2 6.73471E-2 7.03347E-2 6.82837E-2 6.84796E-2 7.19825E-2 7.24183E-2 7.15008E-2 7.29974E-2 6.12964E-2 6.22013E-2 6.43346E-2 6.5332E-2 6.55366E-2 6.84133E-2 7.01356E-2 7.01785E-2 7.36135E-2 7.42266E-2 7.4246E-2 7.59488E-2 7.59752E-2 7.85331E-2 8.01452E-2 8.03654E-2 8.10252E-2 8.03547E-2 7.92235E-2 8.10104E-2 8.10978E-2 8.10978E-2 8.1052E-2 8.05255E-2 8.60352E-2 8.5033E-2 6.95353E-2 7.81893E-2 7.94793E-2 7.36405E-2 7.10244E-2 7.05312E-2 7.10794E-2 7.28227E-2 7.31413E-2 7.46597E-2 7.66693E-2
5.04127E-2 4.96526E-2 5.0284E-2 5.08732E-2 5.00581E-2 5.00683E-2 5.07329E-2 5.10446E-2 5.2363E-2 6.35308E-2 6.50231E-2 6.557E-2 6.23357E-2 6.62831E-2 6.79353E-2 6.97504E-2 6.98632E-2 6.83897E-2 6.86249E-2 7.11383E-2 7.14849E-2 7.26291E-2 7.86167E-2 6.77754E-2 6.95591E-2 6.57801E-2 6.45249E-2 6.65027E-2 6.69121E-2 6.91551E-2 7.01479E-2 7.35686E-2 7.29131E-2 7.50449E-2 7.5058E-2 7.71218E-2 7.74325E-2 7.81035E-2 7.81171E-2 7.99064E-2 8.07321E-2 7.84407E-2 7.74521E-2 7.8892E-2 7.75928E-2 8.05269E-2 8.07204E-2 8.08249E-2 8.32597E-2 8.94231E-2 1.00307E-1 8.37577E-2 7.78593E-2 7.3236E-2 7.19596E-2 7.15983E-2 7.37263E-2 7.37364E-2 7.22658E-2 7.50636E-2 7.59953E-2
5.06765E-2 5.09981E-2 5.0868E-2 5.14508E-2 5.15874E-2 5.19104E-2 5.06155E-2 6.34884E-2 5.25114E-2 6.25918E-2 6.27389E-2 6.3363E-2 6.35784E-2 6.52346E-2 6.68616E-2 7.12145E-2 7.12393E-2 6.9796E-2 7.04845E-2 7.15033E-2 7.01688E-2 7.48755E-2 7.62392E-2 6.76562E-2 8.2019E-2 7.72151E-2 6.64669E-2 6.70458E-2 6.70745E-2 7.01779E-2 7.08643E-2 7.26761E-2 7.51383E-2 7.47366E-2 7.69322E-2 8.00259E-2 7.87953E-2 7.91273E-2 7.83189E-2 7.87424E-2 7.87932E-2 8.03865E-2 7.92828E-2 7.97818E-2 7.88052E-2 8.2117E-2 8.30866E-2 8.79754E-2 8.79617E-2 1.00958E-1 8.02088E-2 7.6287E-2 7.48491E-2 7.28691E-2 7.19181E-2 7.22526E-2 7.47072E-2 7.37543E-2 7.28475E-2 7.42439E-2 7.62371E-2
5.09522E-2 5.19197E-2 5.11496E-2 5.14664E-2 6.21432E-2 6.23051E-2 6.2045E-2 6.25816E-2 6.17976E-2 6.25612E-2 6.35319E-2 6.53349E-2 6.57105E-2 6.6184E-2 6.7305E-2 6.89553E-2 7.31047E-2 7.32352E-2 7.32298E-2 7.38692E-2 7.44906E-2 7.49707E-2 8.07376E-2 8.41192E-2 7.80643E-2 6.36332E-2 7.95338E-2 6.70037E-2 6.88941E-2 7.03419E-2 7.10541E-2 7.10905E-2 7.62021E-2 7.54224E-2 7.66353E-2 7.83191E-2 7.96773E-2 8.04638E-2 8.14555E-2 8.04635E-2 8.27377E-2 8.17212E-2 8.23774E-2 8.47927E-2 9.07068E-2 9.23981E-2 9.67033E-2 9.33686E-2 8.70124E-2 9.64312E-2 9.50619E-2 8.95046E-2 7.1395E-2 7.18603E-2 7.19397E-2 7.24197E-2 7.31599E-2 7.40159E-2 7.29678E-2 7.23351E-2 7.51172E-2
5.30762E-2 5.14986E-2 5.16635E-2 5.19641E-2 6.52361E-2 6.30096E-2 6.22326E-2 6.29122E-2 6.4051E-2 6.46771E-2 6.53017E-2 6.60499E-2 6.60549E-2 6.77597E-2 7.10278E-2 7.2805E-2 7.34803E-2 7.33087E-2 7.36059E-2 7.49472E-2 7.82468E-2 8.46944E-2 8.61358E-2 7.98889E-2 7.80504E-2 7.9072E-2 6.85515E-2 6.84576E-2 6.88391E-2 7.02918E-2 7.2581E-2 7.62449E-2 7.73438E-2 7.77456E-2 7.84654E-2 7.85763E-2 7.8325E-2 8.06926E-2 8.0915E-2 8.13642E-2 8.14144E-2 8.17143E-2 8.23501E-2 8.43804E-2 8.72463E-2 9.04062E-2 9.57099E-2 8.99088E-2 8.6906E-2 9.2425E-2 8.72754E-2 6.98038E-2 7.04698E-2 7.02554E-2 7.10207E-2 7.04203E-2 7.58208E-2 7.27899E-2 7.34458E-2 7.30591E-2 7.56142E-2
5.29204E-2 6.21848E-2 5.32464E-2 6.30659E-2 6.34523E-2 6.35905E-2 6.43359E-2 6.45082E-2 6.58448E-2 6.66539E-2 6.76832E-2 6.7504E-2 6.82788E-2 7.30607E-2 6.99072E-2 7.09669E-2 7.41128E-2 7.39508E-2 7.26413E-2 7.51553E-2 7.82413E-2 8.27063E-2 8.40999E-2 8.25497E-2 8.08968E-2 7.96671E-2 8.39093E-2 6.90961E-2 7.03614E-2 7.03494E-2 7.31205E-2 7.80241E-2 7.54425E-2 7.81479E-2 7.97053E-2 7.996E-2 7.82444E-2 8.01661E-2 8.09291E-2 8.30106E-2 8.11206E-2 8.12315E-2 8.28971E-2 8.5697E-2 8.59583E-2 8.95163E-2 9.78156E-2 9.4946E-2 8.67628E-2 8.40985E-2 8.50057E-2 6.98387E-2 8.71581E-2 7.03593E-2 7.11314E-2 7.24304E-2 7.35961E-2 7.30635E-2 7.20334E-2 7.43891E-2 7.44893E-2
6.29589E-2 6.21618E-2 6.25283E-2 6.41E-2 6.34117E-2 6.27398E-2 6.33418E-2 6.4051E-2 6.62192E-2 6.51902E-2 6.78627E-2 6.84195E-2 6.82491E-2 6.97637E-2 6.90989E-2 6.95849E-2 7.28905E-2 6.98356E-2 7.29541E-2 7.39965E-2 7.61002E-2 7.802E-2 7.8864E-2 8.26927E-2 8.3448E-2 8.39198E-2 8.58716E-2 7.23557E-2 8.81303E-2 7.28627E-2 7.45394E-2 8.3384E-2 7.51687E-2 7.77685E-2 7.85099E-2 7.95472E-2 7.87462E-2 8.01188E-2 8.04977E-2 8.07152E-2 8.08752E-2 8.14202E-2 8.59097E-2 8.65979E-2 8.68999E-2 9.50494E-2 9.62132E-2 8.57524E-2 8.38807E-2 8.30877E-2 8.53693E-2 6.87012E-2 7.0204E-2 7.03483E-2 6.92913E-2 7.13579E-2 7.307E-2 7.24449E-2 7.29017E-2 7.43768E-2 7.50976E-2
