Artocarpus heterophyllus SDM files/Last interglacial/results (without bias file)/Arthet_max.asc
ncols         625
nrows         721
xllcorner     69.99986311115
yllcorner     5.99986151914999
cellsize      0.041666667
NODATA_value  -9999
[rows 81 to 107 of 721, columns 0 to 60 of 625]
2.88315E-2 3.08727E-2 3.71134E-2 3.83092E-2 3.36782E-2 3.81494E-2 3.44373E-2 4.20131E-2 6.76342E-2 4.82876E-2 4.4153E-2 3.9452E-2 3.63926E-2 3.55712E-2 3.50089E-2 3.46376E-2 3.42605E-2 3.40741E-2 3.33797E-2 3.32109E-2 3.31368E-2 3.33016E-2 3.354E-2 3.27968E-2 3.30417E-2 3.21366E-2 3.2654E-2 4.35476E-2 4.05234E-2 4.03447E-2 3.85655E-2 3.73512E-2 3.75208E-2 3.75335E-2 3.7708E-2 3.79164E-2 3.663E-2 3.69923E-2 3.7849E-2 3.67088E-2 3.67417E-2 3.653E-2 3.64321E-2 4.32963E-2 3.93161E-2 4.74052E-2 4.9059E-2 5.03248E-2 4.8323E-2 4.8593E-2 5.05332E-2 5.55151E-2 6.28521E-2 6.41927E-2 6.01088E-2 5.90449E-2 5.63847E-2 5.49814E-2 5.87171E-2 6.05141E-2 9.06069E-2
3.38485E-2 3.9762E-2 3.96188E-2 3.69924E-2 3.94244E-2 3.8152E-2 4.5648E-2 5.66692E-2 6.74945E-2 4.72114E-2 4.3072E-2 4.08093E-2 3.82643E-2 3.59132E-2 3.49913E-2 3.47225E-2 3.42201E-2 3.39205E-2 3.49098E-2 3.60073E-2 3.60043E-2 3.39851E-2 3.45039E-2 3.20772E-2 3.28979E-2 3.36453E-2 3.22481E-2 3.91888E-2 3.91659E-2 3.87856E-2 3.86484E-2 3.88992E-2 3.8521E-2 3.74877E-2 3.78637E-2 3.76986E-2 3.67002E-2 3.73043E-2 3.78125E-2 3.81857E-2 3.67215E-2 3.59633E-2 3.62887E-2 4.10362E-2 4.94747E-2 4.81426E-2 4.92884E-2 5.24593E-2 5.92497E-2 6.4795E-2 6.12171E-2 6.10601E-2 5.97916E-2 6.12234E-2 6.28996E-2 6.03539E-2 6.12248E-2 6.08836E-2 6.31569E-2 6.63333E-2 6.23212E-2
4.09489E-2 4.87518E-2 4.73362E-2 4.92621E-2 4.79598E-2 5.56686E-2 6.46241E-2 6.46759E-2 4.91254E-2 4.68093E-2 4.36789E-2 4.12575E-2 3.94339E-2 3.63923E-2 3.53008E-2 3.4925E-2 3.47219E-2 3.455E-2 3.63746E-2 3.65501E-2 3.52918E-2 3.43137E-2 3.35502E-2 3.26811E-2 3.26746E-2 3.42032E-2 3.42953E-2 4.01221E-2 4.39373E-2 4.02965E-2 3.94483E-2 4.00608E-2 3.74633E-2 3.77077E-2 3.78062E-2 3.66859E-2 3.67347E-2 3.75027E-2 3.81037E-2 3.87016E-2 3.70695E-2 3.61113E-2 3.59914E-2 4.06463E-2 5.51432E-2 6.08576E-2 6.2279E-2 6.76027E-2 6.15789E-2 5.52597E-2 5.48576E-2 5.76177E-2 6.49108E-2 6.37268E-2 6.10881E-2 6.5155E-2 6.70791E-2 5.84589E-2 6.04169E-2 5.30543E-2 4.70768E-2
4.91991E-2 5.52902E-2 5.63076E-2 5.41051E-2 6.27093E-2 6.50813E-2 6.40198E-2 6.34579E-2 4.68481E-2 4.30414E-2 4.13888E-2 3.72516E-2 3.8128E-2 3.8828E-2 3.6055E-2 3.48987E-2 3.45992E-2 3.68562E-2 3.70121E-2 3.6108E-2 3.60288E-2 3.51428E-2 3.41576E-2 3.35141E-2 3.41317E-2 3.59952E-2 3.43802E-2 4.52681E-2 4.92E-2 4.06096E-2 3.92537E-2 4.50515E-2 3.93355E-2 3.74861E-2 3.79452E-2 3.78558E-2 3.73538E-2 3.77375E-2 3.8434E-2 3.8798E-2 3.88888E-2 3.69998E-2 3.57364E-2 4.13963E-2 5.58969E-2 6.40635E-2 6.50155E-2 6.51547E-2 6.46039E-2 6.44907E-2 6.21755E-2 6.33284E-2 6.65918E-2 6.8103E-2 7.01419E-2 6.18439E-2 5.36202E-2 5.24806E-2 4.88161E-2 4.72689E-2 4.39062E-2
5.45644E-2 5.75557E-2 5.83795E-2 6.01473E-2 6.15052E-2 5.67865E-2 6.14967E-2 4.53785E-2 4.19918E-2 3.95251E-2 3.81654E-2 3.5091E-2 4.03314E-2 3.64231E-2 3.69915E-2 3.46502E-2 3.53639E-2 3.76909E-2 3.7872E-2 3.7882E-2 3.66884E-2 3.65081E-2 3.57702E-2 3.58004E-2 3.52715E-2 3.6638E-2 4.30538E-2 5.02758E-2 4.32309E-2 4.03577E-2 4.16099E-2 4.73944E-2 3.90037E-2 3.76867E-2 3.77128E-2 3.76993E-2 3.74625E-2 3.82241E-2 3.82241E-2 3.84766E-2 3.91473E-2 3.73807E-2 3.67655E-2 3.72767E-2 3.85231E-2 3.84373E-2 5.81338E-2 6.18471E-2 6.69184E-2 6.9633E-2 6.82086E-2 6.52823E-2 6.65488E-2 6.7791E-2 6.26759E-2 5.21662E-2 4.66999E-2 4.58012E-2 4.60026E-2 4.55973E-2 4.29181E-2
6.0029E-2 6.15012E-2 5.80999E-2 5.53229E-2 5.10815E-2 5.50871E-2 6.39446E-2 4.29311E-2 4.0299E-2 3.95524E-2 3.6759E-2 3.39363E-2 3.98882E-2 4.16596E-2 3.65261E-2 3.68914E-2 3.4983E-2 3.80696E-2 3.91485E-2 3.89689E-2 3.79224E-2 3.8028E-2 3.78383E-2 3.81411E-2 4.66197E-2 4.52125E-2 5.12549E-2 4.69142E-2 4.14403E-2 4.40878E-2 5.02684E-2 4.38208E-2 3.75518E-2 3.71528E-2 3.73719E-2 3.79611E-2 3.75907E-2 3.80252E-2 3.82558E-2 3.88426E-2 3.74116E-2 3.87704E-2 3.71208E-2 3.75495E-2 3.84413E-2 3.79745E-2 4.79491E-2 5.59932E-2 6.50398E-2 6.3959E-2 6.26366E-2 6.3588E-2 6.63409E-2 5.34241E-2 5.16637E-2 4.69986E-2 4.40599E-2 4.40932E-2 4.41818E-2 4.40117E-2 4.4019E-2
5.793E-2 5.87872E-2 6.15337E-2 5.42889E-2 5.38306E-2 5.61413E-2 4.17964E-2 4.2267E-2 4.08646E-2 3.72213E-2 3.49972E-2 3.37069E-2 3.66625E-2 3.89643E-2 3.91069E-2 3.51207E-2 3.56743E-2 3.80757E-2 4.00668E-2 4.03793E-2 3.94945E-2 3.98711E-2 3.93612E-2 3.74211E-2 4.90677E-2 5.3515E-2 4.72577E-2 4.3361E-2 4.62226E-2 5.19272E-2 4.13638E-2 3.67768E-2 3.70275E-2 3.66685E-2 3.79223E-2 3.81818E-2 3.7354E-2 3.82881E-2 3.86287E-2 3.8548E-2 3.86487E-2 3.73607E-2 3.75499E-2 3.76193E-2 3.81359E-2 3.84256E-2 3.85447E-2 4.73659E-2 5.08596E-2 5.25389E-2 5.57834E-2 5.617E-2 4.9839E-2 4.69625E-2 4.57456E-2 4.51689E-2 4.50105E-2 4.30236E-2 4.30372E-2 4.30442E-2 4.3155E-2
6.02712E-2 6.03427E-2 5.63272E-2 5.26109E-2 5.63422E-2 4.17607E-2 3.98673E-2 4.26478E-2 3.86497E-2 3.54514E-2 3.45877E-2 3.45434E-2 3.42318E-2 3.69227E-2 3.83662E-2 4.02012E-2 4.08907E-2 4.09113E-2 4.19553E-2 4.04889E-2 3.73351E-2 3.88016E-2 4.11658E-2 4.11316E-2 3.70497E-2 3.58425E-2 4.50924E-2 4.99165E-2 5.00029E-2 4.02188E-2 3.70325E-2 3.6926E-2 3.66612E-2 3.64578E-2 3.7778E-2 3.71345E-2 3.77277E-2 3.78281E-2 3.82346E-2 3.84152E-2 3.88652E-2 3.89553E-2 3.75684E-2 3.74235E-2 3.77363E-2 3.80867E-2 4.65553E-2 4.60694E-2 4.70855E-2 4.88727E-2 4.90454E-2 4.59866E-2 4.50937E-2 4.47067E-2 4.43662E-2 4.44684E-2 4.23275E-2 4.24449E-2 4.2452E-2 4.23653E-2 4.25668E-2
5.99244E-2 5.69559E-2 5.71141E-2 5.46053E-2 4.35625E-2 4.04267E-2 4.05937E-2 3.9294E-2 3.63839E-2 3.50149E-2 3.44852E-2 3.417E-2 3.45121E-2 3.56005E-2 3.68242E-2 3.84767E-2 4.07439E-2 4.3325E-2 4.15137E-2 4.40944E-2 4.21499E-2 3.73944E-2 3.54604E-2 3.72059E-2 5.03697E-2 4.84726E-2 4.53449E-2 5.1397E-2 3.98381E-2 3.67537E-2 3.74631E-2 3.64287E-2 3.59082E-2 3.71504E-2 3.78472E-2 3.82477E-2 3.75234E-2 3.7671E-2 3.77537E-2 3.8385E-2 3.71271E-2 3.7205E-2 3.72743E-2 3.71382E-2 3.7483E-2 3.77181E-2 3.77207E-2 3.57478E-2 4.65578E-2 4.71574E-2 4.73644E-2 4.47874E-2 4.40897E-2 4.3994E-2 4.39638E-2 4.44622E-2 4.45143E-2 4.44012E-2 4.20753E-2 4.23583E-2 4.25668E-2
5.63361E-2 5.74396E-2 6.38431E-2 5.84442E-2 3.90402E-2 3.76045E-2 4.07169E-2 3.64857E-2 3.52219E-2 3.47849E-2 3.40183E-2 3.37817E-2 3.42058E-2 3.46237E-2 3.60677E-2 3.64348E-2 3.7801E-2 4.05057E-2 3.85692E-2 4.15675E-2 3.44126E-2 3.99079E-2 4.08595E-2 4.07549E-2 3.88286E-2 4.39776E-2 4.84185E-2 4.72295E-2 3.64699E-2 3.718E-2 3.70656E-2 3.56704E-2 3.63615E-2 3.74161E-2 3.78207E-2 3.71062E-2 3.7447E-2 3.72826E-2 3.76518E-2 3.65817E-2 3.66686E-2 3.83334E-2 3.71093E-2 3.74909E-2 3.73447E-2 3.74307E-2 3.73557E-2 4.56523E-2 4.60984E-2 4.61092E-2 4.62938E-2 4.63023E-2 4.60143E-2 4.61183E-2 4.40029E-2 4.42187E-2 4.38677E-2 4.37085E-2 4.40984E-2 4.21473E-2 4.22523E-2
5.51373E-2 6.56385E-2 5.85408E-2 4.13586E-2 3.76403E-2 3.69159E-2 3.84249E-2 3.4814E-2 3.44042E-2 3.40104E-2 3.36107E-2 3.35274E-2 3.38157E-2 3.40963E-2 3.47831E-2 3.62183E-2 3.54297E-2 3.56921E-2 3.64615E-2 3.67538E-2 3.88444E-2 4.13412E-2 3.65549E-2 3.5597E-2 4.86857E-2 4.8608E-2 4.43503E-2 3.92503E-2 3.57528E-2 3.65574E-2 3.56148E-2 3.57345E-2 3.68038E-2 3.70448E-2 3.7446E-2 3.65774E-2 3.70871E-2 3.70122E-2 3.74314E-2 3.79067E-2 3.67847E-2 3.68815E-2 3.68837E-2 3.68931E-2 3.71956E-2 3.713E-2 3.74754E-2 4.56328E-2 4.56448E-2 4.56382E-2 4.56382E-2 4.56491E-2 4.33521E-2 4.61383E-2 4.39419E-2 4.38634E-2 4.35023E-2 4.35473E-2 4.15331E-2 4.41692E-2 4.21501E-2
4.97816E-2 5.03209E-2 4.66091E-2 3.51028E-2 3.45909E-2 3.70983E-2 3.45176E-2 3.38968E-2 3.38925E-2 3.37178E-2 3.35366E-2 3.34235E-2 3.35227E-2 3.38079E-2 3.39737E-2 3.4748E-2 3.46914E-2 3.54661E-2 3.60901E-2 3.65652E-2 3.50986E-2 3.5274E-2 3.45776E-2 3.44734E-2 3.05069E-2 2.93505E-2 3.68624E-2 2.95849E-2 3.77826E-2 3.70626E-2 3.74639E-2 3.71226E-2 3.65597E-2 3.70268E-2 3.74181E-2 3.74375E-2 3.65584E-2 3.71754E-2 3.75582E-2 3.7807E-2 3.66255E-2 3.66359E-2 3.67136E-2 3.7021E-2 3.71686E-2 3.70342E-2 3.70326E-2 4.5363E-2 4.52852E-2 4.53819E-2 4.54678E-2 4.58166E-2 4.62268E-2 4.62387E-2 4.65514E-2 4.3251E-2 4.34944E-2 4.3624E-2 4.37542E-2 4.39353E-2 4.16665E-2
4.73174E-2 4.92837E-2 3.58979E-2 3.44669E-2 3.43373E-2 3.48767E-2 3.4263E-2 3.37579E-2 3.3916E-2 3.34999E-2 3.3426E-2 3.35227E-2 3.37875E-2 3.38755E-2 3.32889E-2 3.30381E-2 3.37123E-2 3.44659E-2 3.45615E-2 3.4809E-2 3.36061E-2 3.20933E-2 3.10559E-2 2.98995E-2 3.13081E-2 3.88305E-2 3.81471E-2 3.81509E-2 3.75905E-2 3.84607E-2 3.60607E-2 3.63266E-2 3.6423E-2 3.67302E-2 3.70399E-2 3.61675E-2 3.68294E-2 3.70814E-2 3.71699E-2 3.60928E-2 3.64099E-2 3.66277E-2 3.6617E-2 3.67177E-2 3.69375E-2 3.68717E-2 3.69509E-2 4.78509E-2 4.55446E-2 4.56496E-2 4.53841E-2 4.54678E-2 4.55736E-2 4.37644E-2 4.41477E-2 4.31329E-2 4.30659E-2 4.32841E-2 4.34951E-2 4.35252E-2 4.36266E-2
4.88482E-2 4.90712E-2 4.81449E-2 3.51009E-2 3.42001E-2 3.33305E-2 3.31577E-2 3.36181E-2 3.36217E-2 3.35025E-2 3.36234E-2 3.36334E-2 3.37898E-2 3.41301E-2 3.45444E-2 3.45326E-2 3.35183E-2 3.39503E-2 3.45052E-2 3.40801E-2 3.33888E-2 3.2567E-2 3.0961E-2 3.17187E-2 3.14973E-2 3.96747E-2 3.9564E-2 3.92979E-2 3.91191E-2 3.85557E-2 3.74305E-2 3.59773E-2 3.62134E-2 3.64511E-2 3.68203E-2 3.62091E-2 3.64727E-2 3.66807E-2 3.67693E-2 3.7299E-2 3.77928E-2 3.63909E-2 3.64783E-2 3.65663E-2 3.69997E-2 4.72428E-2 4.72362E-2 4.51596E-2 4.5254E-2 4.54664E-2 4.53679E-2 4.53992E-2 4.5938E-2 4.60559E-2 4.34301E-2 4.29753E-2 4.29881E-2 4.29612E-2 4.37504E-2 4.35133E-2 4.34346E-2
5.18589E-2 5.02043E-2 4.59751E-2 3.39722E-2 3.33073E-2 3.43604E-2 3.35782E-2 3.34097E-2 3.37418E-2 3.33599E-2 3.36802E-2 3.36928E-2 3.3606E-2 3.36806E-2 3.46297E-2 3.46881E-2 3.39234E-2 3.38486E-2 3.31223E-2 3.33771E-2 3.37219E-2 3.28658E-2 3.2779E-2 3.27094E-2 3.25122E-2 3.99605E-2 4.03513E-2 3.95996E-2 3.97984E-2 3.80568E-2 3.61946E-2 3.54462E-2 3.54804E-2 3.60464E-2 3.55899E-2 3.59765E-2 3.61902E-2 3.6505E-2 3.68393E-2 3.56294E-2 3.78178E-2 3.65232E-2 3.66795E-2 3.64408E-2 3.65282E-2 3.66933E-2 4.73518E-2 4.75165E-2 4.53265E-2 4.5627E-2 4.55392E-2 4.56688E-2 4.58824E-2 4.61056E-2 4.3498E-2 4.29082E-2 4.31647E-2 4.30102E-2 4.31293E-2 4.30615E-2 4.31065E-2
5.26401E-2 4.68009E-2 4.78265E-2 4.89573E-2 3.40085E-2 3.30062E-2 3.32531E-2 3.35334E-2 3.33656E-2 3.356E-2 3.34276E-2 3.35946E-2 3.40083E-2 3.42733E-2 3.41619E-2 3.45118E-2 3.41793E-2 3.4436E-2 3.43261E-2 3.3196E-2 3.32752E-2 3.38713E-2 3.3177E-2 3.33629E-2 4.05178E-2 4.06833E-2 4.03968E-2 3.94912E-2 3.97162E-2 3.82081E-2 3.62377E-2 3.54356E-2 3.51763E-2 3.5683E-2 3.53502E-2 3.54443E-2 3.58945E-2 3.61205E-2 3.67839E-2 3.56107E-2 3.61075E-2 3.62804E-2 3.63586E-2 3.60599E-2 3.64223E-2 4.73255E-2 4.75234E-2 4.7535E-2 4.75431E-2 4.52681E-2 4.52755E-2 4.53936E-2 4.57262E-2 4.61247E-2 4.52451E-2 4.281E-2 4.28387E-2 4.28541E-2 4.2701E-2 4.26328E-2 4.34371E-2
4.94425E-2 4.81396E-2 5.02228E-2 5.14688E-2 3.59494E-2 3.36503E-2 3.24519E-2 3.34108E-2 3.36621E-2 3.33081E-2 3.35531E-2 3.35685E-2 3.37374E-2 3.46879E-2 3.46879E-2 3.38383E-2 3.41596E-2 3.47283E-2 3.45406E-2 3.36826E-2 3.38713E-2 3.34161E-2 3.33881E-2 4.18232E-2 4.08446E-2 4.09815E-2 3.9987E-2 4.01875E-2 3.90857E-2 3.77259E-2 3.64066E-2 3.59543E-2 3.52583E-2 3.40081E-2 3.50686E-2 3.50686E-2 3.56488E-2 3.59538E-2 3.50675E-2 3.53233E-2 3.58994E-2 3.61857E-2 3.62424E-2 3.633E-2 4.66274E-2 4.67481E-2 4.71434E-2 4.51334E-2 4.52499E-2 4.54406E-2 4.55579E-2 4.56763E-2 4.62911E-2 4.60981E-2 4.48834E-2 4.4737E-2 4.47471E-2 4.52932E-2 4.29554E-2 4.27866E-2 4.30939E-2
5.69352E-2 5.18796E-2 5.09061E-2 5.45801E-2 3.7332E-2 3.35219E-2 3.24182E-2 3.23973E-2 3.34602E-2 3.3475E-2 3.33992E-2 3.34807E-2 3.34673E-2 3.4398E-2 3.44894E-2 3.40416E-2 3.43792E-2 3.46514E-2 3.39056E-2 3.39056E-2 3.40757E-2 3.36673E-2 3.28741E-2 3.34774E-2 4.1564E-2 4.12549E-2 4.02286E-2 4.01519E-2 3.84672E-2 3.82E-2 3.62416E-2 3.60604E-2 3.48049E-2 3.48099E-2 3.46186E-2 3.46833E-2 3.35433E-2 3.55948E-2 3.62576E-2 3.53139E-2 3.55216E-2 3.56162E-2 3.58375E-2 4.64824E-2 4.68267E-2 4.68349E-2 4.73432E-2 4.74066E-2 4.48768E-2 4.5175E-2 4.52932E-2 4.56009E-2 4.61089E-2 4.54405E-2 4.50659E-2 4.48084E-2 4.49246E-2 4.52233E-2 4.26179E-2 4.23571E-2 4.27595E-2
5.57352E-2 5.2888E-2 5.02644E-2 4.92576E-2 3.70304E-2 3.39382E-2 3.24033E-2 3.23733E-2 3.21749E-2 3.32771E-2 3.39874E-2 3.41583E-2 3.38755E-2 3.40549E-2 3.46625E-2 3.50561E-2 3.43629E-2 3.4416E-2 3.40757E-2 3.4746E-2 3.41024E-2 3.31605E-2 3.31952E-2 4.2662E-2 4.17459E-2 4.19789E-2 4.07366E-2 3.99448E-2 3.86859E-2 3.72568E-2 3.67944E-2 3.64481E-2 3.57157E-2 3.40434E-2 3.40932E-2 3.43384E-2 3.48993E-2 3.41797E-2 3.42645E-2 3.48446E-2 3.51739E-2 3.55973E-2 4.62968E-2 4.65769E-2 4.66542E-2 4.66554E-2 4.46108E-2 4.47044E-2 4.53554E-2 4.52687E-2 4.56561E-2 4.55896E-2 4.61875E-2 4.49825E-2 4.46957E-2 4.48206E-2 4.46635E-2 4.46738E-2 4.46963E-2 4.25997E-2 4.54549E-2
5.38835E-2 5.02633E-2 4.77142E-2 4.93353E-2 4.78954E-2 3.38653E-2 3.24479E-2 3.21656E-2 3.21168E-2 3.31654E-2 3.35375E-2 3.43226E-2 3.4226E-2 3.34639E-2 3.4116E-2 3.38507E-2 3.45034E-2 3.48248E-2 3.50656E-2 3.44985E-2 3.38888E-2 3.28346E-2 4.29814E-2 4.19162E-2 4.13973E-2 4.0149E-2 4.06001E-2 3.9283E-2 3.90561E-2 3.79241E-2 3.73493E-2 3.57717E-2 3.50814E-2 3.42906E-2 3.39484E-2 3.42466E-2 3.48431E-2 3.52885E-2 3.39877E-2 3.45332E-2 3.49656E-2 4.5522E-2 4.60174E-2 4.65538E-2 4.67491E-2 4.67503E-2 4.71388E-2 4.72623E-2 4.50848E-2 4.51907E-2 4.55025E-2 4.56834E-2 4.60071E-2 4.51323E-2 4.49707E-2 4.49932E-2 4.50044E-2 4.51302E-2 4.4499E-2 4.48884E-2 4.585E-2
5.74594E-2 5.16313E-2 5.08775E-2 4.8516E-2 4.80143E-2 3.39348E-2 3.20475E-2 3.234E-2 3.21827E-2 3.21486E-2 3.32005E-2 3.36029E-2 3.41857E-2 3.39307E-2 3.35896E-2 3.35984E-2 3.41566E-2 3.49943E-2 3.39863E-2 3.44985E-2 3.44237E-2 3.33305E-2 4.29814E-2 4.17998E-2 4.14817E-2 4.14946E-2 4.03873E-2 3.96778E-2 3.8903E-2 3.69077E-2 3.68584E-2 3.63317E-2 3.49604E-2 3.4263E-2 3.40916E-2 3.44148E-2 3.49787E-2 3.37613E-2 3.3906E-2 3.44089E-2 4.47318E-2 3.50515E-2 4.60067E-2 4.6297E-2 4.39775E-2 4.62973E-2 4.43644E-2 4.49753E-2 4.50736E-2 4.53691E-2 4.53917E-2 4.60362E-2 4.60707E-2 4.46702E-2 4.48002E-2 4.46192E-2 4.49165E-2 4.46643E-2 4.47676E-2 4.51302E-2 4.3352E-2
5.77217E-2 5.26804E-2 5.36425E-2 4.82814E-2 4.74108E-2 3.43793E-2 3.25233E-2 3.1707E-2 3.19856E-2 3.31377E-2 3.27734E-2 3.36861E-2 3.2968E-2 3.36469E-2 3.40874E-2 3.36479E-2 3.40091E-2 3.43036E-2 3.39533E-2 3.46375E-2 3.41341E-2 3.37161E-2 4.29399E-2 4.12482E-2 4.14946E-2 4.08613E-2 4.03501E-2 3.89306E-2 3.73615E-2 3.74543E-2 3.56936E-2 3.64407E-2 3.52029E-2 3.45405E-2 3.4566E-2 3.44495E-2 3.46969E-2 3.34803E-2 3.39083E-2 4.42018E-2 3.44891E-2 4.46724E-2 4.52313E-2 4.60854E-2 4.65149E-2 4.65161E-2 4.41756E-2 4.46222E-2 4.47497E-2 4.51124E-2 4.52837E-2 4.53856E-2 4.51385E-2 4.42009E-2 4.45512E-2 4.50621E-2 4.4989E-2 4.4558E-2 4.46536E-2 4.30556E-2 4.39695E-2
6.25165E-2 5.05622E-2 4.89032E-2 4.6364E-2 4.45151E-2 3.58677E-2 3.29292E-2 3.17356E-2 3.19856E-2 3.28624E-2 3.33603E-2 3.28544E-2 3.27336E-2 3.28952E-2 3.34613E-2 3.45323E-2 3.3995E-2 3.34547E-2 3.32825E-2 3.42082E-2 3.29567E-2 3.37895E-2 4.22968E-2 4.14545E-2 4.15464E-2 4.05286E-2 3.98713E-2 3.86053E-2 3.73274E-2 3.74543E-2 3.67192E-2 3.52556E-2 3.46641E-2 3.46592E-2 3.50676E-2 3.39267E-2 3.2979E-2 3.31937E-2 3.36262E-2 4.42724E-2 4.46724E-2 4.46611E-2 4.51478E-2 4.3135E-2 4.38119E-2 4.38559E-2 4.39998E-2 4.44658E-2 4.48558E-2 4.53218E-2 4.56348E-2 4.61445E-2 4.43863E-2 4.49914E-2 4.43053E-2 4.43165E-2 4.43179E-2 4.42257E-2 4.26504E-2 4.37729E-2 4.32066E-2
5.45938E-2 5.7232E-2 4.52422E-2 4.50517E-2 4.68894E-2 3.66957E-2 3.34703E-2 3.16123E-2 3.19234E-2 3.18019E-2 3.19804E-2 3.22427E-2 3.24823E-2 3.29826E-2 3.33051E-2 3.41438E-2 3.43888E-2 3.33231E-2 3.35522E-2 3.3543E-2 4.13998E-2 4.20442E-2 4.13214E-2 4.1765E-2 4.09341E-2 4.03267E-2 3.95625E-2 3.77344E-2 3.77344E-2 3.74685E-2 3.5876E-2 3.51464E-2 3.50544E-2 3.47707E-2 3.47454E-2 3.3219E-2 3.26835E-2 3.28287E-2 4.27222E-2 4.34797E-2 4.36554E-2 4.2162E-2 4.45705E-2 4.27767E-2 4.35029E-2 4.38818E-2 4.40327E-2 4.38712E-2 4.41536E-2 4.46579E-2 4.505E-2 4.55966E-2 4.42231E-2 4.40693E-2 4.44088E-2 4.45136E-2 4.42529E-2 4.44441E-2 4.32323E-2 4.29425E-2 4.30374E-2
5.61786E-2 5.98593E-2 4.89003E-2 4.98509E-2 4.96788E-2 5.13846E-2 3.52419E-2 3.27865E-2 3.14509E-2 3.14062E-2 3.14753E-2 3.191E-2 3.22096E-2 3.33051E-2 3.40578E-2 3.41326E-2 3.41238E-2 3.27339E-2 3.30209E-2 3.32603E-2 4.23664E-2 4.15628E-2 4.13214E-2 4.04838E-2 3.97448E-2 3.97344E-2 3.87717E-2 3.80176E-2 3.71893E-2 3.70643E-2 3.56759E-2 3.54632E-2 3.50685E-2 3.47504E-2 3.35484E-2 3.2874E-2 3.24072E-2 3.22754E-2 4.21286E-2 4.30945E-2 4.33709E-2 4.30183E-2 4.44023E-2 4.46012E-2 4.51629E-2 4.55609E-2 4.41594E-2 4.4047E-2 4.42565E-2 4.49278E-2 4.55247E-2 4.44903E-2 4.41155E-2 4.43049E-2 4.41382E-2 4.48467E-2 4.52047E-2 4.47356E-2 4.48412E-2 4.30427E-2 4.30537E-2
5.28566E-2 6.20398E-2 5.31997E-2 4.9411E-2 4.676E-2 4.63086E-2 3.68345E-2 3.18177E-2 3.08624E-2 3.10199E-2 3.13685E-2 3.24742E-2 3.22197E-2 3.26379E-2 3.31031E-2 3.30611E-2 3.26318E-2 3.23683E-2 3.32921E-2 4.11025E-2 4.26665E-2 4.12632E-2 4.06969E-2 4.00867E-2 3.9312E-2 3.92423E-2 3.78033E-2 3.71321E-2 3.69724E-2 3.67881E-2 3.59407E-2 3.46157E-2 3.41857E-2 3.35835E-2 3.32926E-2 3.2172E-2 4.13949E-2 4.15808E-2 4.20248E-2 4.23731E-2 4.11746E-2 4.16246E-2 4.12095E-2 4.37752E-2 4.22259E-2 4.32628E-2 4.35944E-2 4.40591E-2 4.42792E-2 4.5214E-2 4.5175E-2 4.42864E-2 4.43115E-2 4.44195E-2 4.22783E-2 4.4452E-2 4.24898E-2 4.47501E-2 4.2674E-2 4.2775E-2 4.27971E-2
4.9465E-2 6.1465E-2 5.53691E-2 5.24992E-2 4.55693E-2 5.18895E-2 5.21731E-2 3.37763E-2 3.02499E-2 3.21018E-2 3.09544E-2 3.17601E-2 3.18308E-2 3.19114E-2 3.23481E-2 3.26306E-2 3.21746E-2 3.2489E-2 3.29164E-2 4.08919E-2 4.15744E-2 4.18183E-2 4.06969E-2 4.02977E-2 3.91163E-2 3.90468E-2 3.75217E-2 3.704E-2 3.69372E-2 3.60067E-2 3.56389E-2 3.45297E-2 3.41767E-2 3.36814E-2 3.22795E-2 4.03121E-2 4.06314E-2 4.10605E-2 4.1664E-2 3.96668E-2 3.98349E-2 4.02503E-2 4.13759E-2 4.166E-2 4.25755E-2 4.29609E-2 4.29719E-2 4.4068E-2 4.46431E-2 4.51328E-2 4.51918E-2 4.41216E-2 4.41355E-2 4.22609E-2 4.48759E-2 4.48759E-2 4.49935E-2 4.27447E-2 4.50282E-2 4.49373E-2 4.2674E-2
