Artocarpus heterophyllus SDM files/Last interglacial/results (without bias file)/Arthet_2.asc
ncols         625
nrows         721
xllcorner     69.99986311115
yllcorner     5.99986151914999
cellsize      0.041666667
NODATA_value  -9999
[rows 216 to 242 of 721, columns 0 to 60 of 625]
4.55941E-2 4.56622E-2 4.38809E-2 4.36274E-2 4.37055E-2 4.319E-2 4.35522E-2 4.49867E-2 4.43598E-2 4.39879E-2 4.44202E-2 4.38962E-2 4.52619E-2 4.5015E-2 4.67978E-2 4.59611E-2 4.54116E-2 4.37607E-2 4.13727E-2 4.13609E-2 4.07632E-2 4.63079E-2 4.60068E-2 4.91152E-2 4.75592E-2 4.67064E-2 4.66869E-2 3.87422E-2 3.74581E-2 3.71778E-2 3.68675E-2 3.59471E-2 3.86576E-2 4.03109E-2 3.78399E-2 3.92632E-2 4.17169E-2 4.17929E-2 4.17929E-2 4.18682E-2 4.17139E-2 4.188E-2 4.1855E-2 4.10811E-2 4.10811E-2 4.08321E-2 4.11798E-2 4.20531E-2 4.12891E-2 4.12891E-2 4.38054E-2 4.4438E-2 4.44445E-2 4.54666E-2 4.53981E-2 4.5681E-2 4.50336E-2 4.48658E-2 4.50722E-2 4.53645E-2 4.53901E-2
4.28712E-2 4.29503E-2 4.2963E-2 4.03334E-2 4.28041E-2 4.31587E-2 4.31525E-2 4.27306E-2 4.31646E-2 4.30694E-2 4.44994E-2 4.47817E-2 4.38841E-2 4.28334E-2 4.28157E-2 4.47872E-2 4.30188E-2 4.16776E-2 4.14554E-2 4.51585E-2 4.55284E-2 4.63865E-2 4.53287E-2 4.5009E-2 4.41891E-2 4.55249E-2 4.56223E-2 4.67635E-2 4.87671E-2 4.61472E-2 4.6223E-2 4.77236E-2 3.87658E-2 3.75403E-2 3.75403E-2 3.93822E-2 3.92286E-2 3.9228E-2 3.90663E-2 3.94638E-2 4.18699E-2 4.18699E-2 4.21122E-2 4.20377E-2 4.19435E-2 4.22857E-2 4.23043E-2 4.27426E-2 4.28446E-2 4.16104E-2 4.11876E-2 4.14729E-2 4.40887E-2 4.22437E-2 4.24499E-2 4.58779E-2 4.39816E-2 4.54459E-2 4.63812E-2 4.32283E-2 4.29484E-2
4.18857E-2 4.03331E-2 4.19886E-2 3.95639E-2 4.18398E-2 4.18398E-2 4.2187E-2 3.90166E-2 4.26939E-2 4.30451E-2 4.30572E-2 4.23639E-2 4.24336E-2 4.27979E-2 4.21685E-2 4.18808E-2 4.39763E-2 4.14499E-2 4.59688E-2 4.36082E-2 4.73488E-2 4.71714E-2 4.5226E-2 4.63985E-2 4.63059E-2 4.52017E-2 4.50151E-2 4.43442E-2 4.61441E-2 4.359E-2 4.49818E-2 4.79133E-2 4.84106E-2 4.87818E-2 4.89061E-2 4.93952E-2 4.88968E-2 4.88968E-2 4.93824E-2 4.91899E-2 4.87723E-2 4.9368E-2 4.16079E-2 4.2278E-2 5.24647E-2 4.1935E-2 4.13278E-2 3.92845E-2 4.13577E-2 4.15279E-2 4.16165E-2 4.13774E-2 4.14608E-2 4.11996E-2 4.157E-2 4.18058E-2 4.27086E-2 4.26624E-2 4.38904E-2 4.43753E-2 4.46714E-2
4.14568E-2 4.03089E-2 3.94285E-2 3.87402E-2 3.87575E-2 3.85395E-2 3.93889E-2 3.96455E-2 4.00571E-2 3.92467E-2 3.96469E-2 3.98957E-2 4.17975E-2 4.14209E-2 4.17658E-2 4.14209E-2 4.18635E-2 4.2042E-2 4.32278E-2 4.41359E-2 4.42567E-2 4.50314E-2 4.49273E-2 4.53135E-2 4.55836E-2 4.44572E-2 4.41342E-2 4.40497E-2 4.60269E-2 4.57261E-2 4.5257E-2 4.53313E-2 4.41013E-2 4.4656E-2 4.6573E-2 4.9378E-2 4.92839E-2 4.92638E-2 4.94834E-2 4.90651E-2 4.95693E-2 4.95625E-2 4.89691E-2 4.92748E-2 4.99762E-2 4.97676E-2 4.78624E-2 4.80606E-2 4.10839E-2 4.89089E-2 5.15341E-2 5.17794E-2 4.16324E-2 5.13683E-2 4.13075E-2 4.14653E-2 4.17551E-2 4.19796E-2 4.22649E-2 4.38966E-2 4.41734E-2
4.1198E-2 3.88984E-2 3.88984E-2 3.89683E-2 4.72289E-2 3.82252E-2 3.80106E-2 3.88151E-2 3.8896E-2 3.864E-2 3.89595E-2 3.90653E-2 3.91571E-2 4.23491E-2 3.92532E-2 3.86209E-2 3.87063E-2 4.1247E-2 4.32097E-2 4.18519E-2 4.39591E-2 4.40758E-2 4.36383E-2 4.22643E-2 4.17111E-2 4.17569E-2 4.16826E-2 4.32936E-2 4.29328E-2 4.61916E-2 4.60911E-2 4.51299E-2 4.38929E-2 4.3983E-2 4.65552E-2 4.67424E-2 4.68064E-2 4.71079E-2 4.70182E-2 4.94567E-2 4.98652E-2 4.94435E-2 4.89317E-2 4.91298E-2 4.94364E-2 4.92438E-2 4.8765E-2 4.82517E-2 5.20432E-2 5.02696E-2 4.92062E-2 5.02384E-2 5.17655E-2 5.13345E-2 5.10514E-2 4.10467E-2 5.15997E-2 5.17024E-2 5.1723E-2 5.316E-2 5.37261E-2
4.79704E-2 4.50281E-2 4.77899E-2 4.78811E-2 4.69527E-2 4.69656E-2 4.67167E-2 4.73686E-2 4.73558E-2 4.77413E-2 4.81411E-2 4.8273E-2 4.81882E-2 4.86746E-2 4.84729E-2 4.99435E-2 3.87696E-2 4.09342E-2 4.17034E-2 4.43832E-2 4.42947E-2 4.40498E-2 4.44142E-2 4.23282E-2 4.22192E-2 4.22605E-2 4.21911E-2 4.36344E-2 4.38091E-2 4.15561E-2 4.35966E-2 4.53194E-2 4.40772E-2 4.54E-2 4.66473E-2 4.67301E-2 4.75715E-2 4.74811E-2 4.72965E-2 4.69057E-2 4.69949E-2 4.70737E-2 4.86348E-2 4.86348E-2 4.84167E-2 4.91123E-2 4.9139E-2 4.83347E-2 4.62551E-2 4.93689E-2 4.62033E-2 4.61024E-2 5.11213E-2 4.82909E-2 5.2733E-2 4.84293E-2 5.1488E-2 5.19218E-2 5.20455E-2 5.24557E-2 5.3697E-2
4.71708E-2 4.58856E-2 4.57001E-2 4.5089E-2 4.49069E-2 4.42321E-2 4.39916E-2 4.44424E-2 4.71563E-2 4.82259E-2 4.86278E-2 4.8358E-2 4.8067E-2 4.86684E-2 5.06668E-2 5.04451E-2 5.04451E-2 5.06494E-2 5.20436E-2 5.11739E-2 5.16394E-2 5.01463E-2 4.97544E-2 4.01847E-2 4.95946E-2 4.02509E-2 4.28764E-2 4.24943E-2 4.2581E-2 4.19676E-2 3.98567E-2 4.35888E-2 4.35879E-2 4.66473E-2 4.4308E-2 4.70881E-2 4.75749E-2 4.77668E-2 4.7284E-2 4.6906E-2 4.71559E-2 4.70721E-2 4.66438E-2 4.62607E-2 4.95425E-2 4.86347E-2 4.88275E-2 4.81397E-2 4.57834E-2 4.9656E-2 4.94794E-2 4.9087E-2 4.68821E-2 4.99303E-2 4.98486E-2 5.33978E-2 5.29964E-2 5.00758E-2 4.99939E-2 5.01067E-2 5.32703E-2
4.68536E-2 4.55767E-2 4.56576E-2 4.49676E-2 4.48654E-2 4.47922E-2 4.39351E-2 4.39634E-2 4.42573E-2 4.47153E-2 4.51024E-2 4.54554E-2 4.53695E-2 4.57589E-2 4.88682E-2 4.81063E-2 4.77165E-2 4.83349E-2 5.12759E-2 5.17048E-2 5.15054E-2 5.02392E-2 4.94034E-2 5.00221E-2 4.97871E-2 4.945E-2 4.89652E-2 4.89533E-2 4.689E-2 4.24849E-2 4.21249E-2 4.2136E-2 4.41116E-2 4.48519E-2 4.48461E-2 4.46485E-2 4.47277E-2 4.49205E-2 4.45683E-2 4.75427E-2 4.72332E-2 4.74754E-2 4.69958E-2 4.66438E-2 4.62948E-2 4.58459E-2 4.87211E-2 4.82317E-2 4.83215E-2 4.9656E-2 4.94531E-2 4.87774E-2 4.88771E-2 4.92042E-2 4.95014E-2 5.01467E-2 4.98421E-2 4.97476E-2 4.9886E-2 4.89681E-2 4.97645E-2
4.41148E-2 4.53668E-2 4.54537E-2 4.56382E-2 4.48591E-2 4.45863E-2 4.39886E-2 4.37501E-2 4.40552E-2 4.40552E-2 4.46915E-2 4.48975E-2 4.50736E-2 4.56264E-2 4.59303E-2 4.81907E-2 4.62978E-2 4.79471E-2 4.79471E-2 4.83345E-2 4.78498E-2 4.73886E-2 4.65451E-2 4.72005E-2 4.96779E-2 4.9963E-2 4.96659E-2 4.66041E-2 4.66098E-2 4.73549E-2 4.71662E-2 4.68736E-2 5.11086E-2 5.44485E-2 5.27049E-2 4.51932E-2 4.51031E-2 4.5373E-2 4.5328E-2 4.46414E-2 4.75257E-2 4.66319E-2 4.69841E-2 4.6316E-2 4.59045E-2 4.56397E-2 4.85065E-2 4.54716E-2 4.84337E-2 4.89398E-2 4.88269E-2 4.86541E-2 4.82544E-2 4.87673E-2 4.87932E-2 4.93769E-2 4.94146E-2 4.90339E-2 4.92444E-2 4.90704E-2 4.92681E-2
4.47767E-2 4.27949E-2 4.28009E-2 4.26333E-2 4.2807E-2 4.19832E-2 4.11965E-2 4.10401E-2 4.13889E-2 4.38658E-2 4.17503E-2 4.21131E-2 4.2455E-2 4.54434E-2 4.4983E-2 4.54707E-2 4.10367E-2 4.15377E-2 4.4547E-2 4.52988E-2 4.62111E-2 4.8356E-2 4.44558E-2 4.44772E-2 4.40906E-2 4.73658E-2 4.97409E-2 4.65904E-2 4.67908E-2 4.73663E-2 4.70724E-2 4.69803E-2 4.95067E-2 5.10005E-2 5.25697E-2 5.55595E-2 5.56628E-2 4.53475E-2 4.47953E-2 4.4511E-2 4.46962E-2 4.37103E-2 4.35398E-2 4.63921E-2 4.6407E-2 4.55339E-2 4.57248E-2 4.49872E-2 4.52623E-2 4.85119E-2 4.84064E-2 4.81325E-2 4.7962E-2 4.80771E-2 4.8668E-2 4.86745E-2 4.95086E-2 4.83891E-2 4.84146E-2 4.8256E-2 4.84645E-2
4.54244E-2 4.35992E-2 4.27685E-2 4.29271E-2 4.27685E-2 4.19673E-2 4.19673E-2 4.11471E-2 4.57787E-2 4.12949E-2 4.12837E-2 4.12056E-2 4.45773E-2 4.22849E-2 3.80878E-2 3.8165E-2 3.80829E-2 3.88656E-2 4.17017E-2 4.42855E-2 4.44446E-2 4.45445E-2 4.4096E-2 4.40187E-2 4.39749E-2 4.39919E-2 4.45396E-2 4.39811E-2 4.39758E-2 4.4429E-2 4.75433E-2 4.9822E-2 4.95073E-2 5.14975E-2 5.27835E-2 5.40441E-2 5.26486E-2 5.5409E-2 5.52993E-2 5.49559E-2 4.46134E-2 4.31521E-2 4.38626E-2 4.48434E-2 4.77561E-2 4.48404E-2 4.4686E-2 4.4612E-2 4.51659E-2 4.50918E-2 4.77251E-2 4.49991E-2 4.52108E-2 4.53072E-2 4.53077E-2 4.85823E-2 4.8289E-2 4.83978E-2 4.82266E-2 4.88404E-2 4.83496E-2
5.20227E-2 5.14761E-2 4.97713E-2 4.8069E-2 4.85294E-2 4.85294E-2 4.73925E-2 4.60826E-2 4.61628E-2 4.55904E-2 4.29335E-2 4.59704E-2 4.63628E-2 3.98096E-2 3.73519E-2 3.77478E-2 4.06517E-2 4.10005E-2 4.09252E-2 4.13455E-2 4.16115E-2 4.10099E-2 4.09378E-2 4.39919E-2 4.39147E-2 4.38986E-2 4.38986E-2 4.41468E-2 4.43459E-2 4.43512E-2 4.50535E-2 4.73153E-2 4.7127E-2 4.84481E-2 5.2894E-2 5.30719E-2 5.23585E-2 5.24873E-2 5.21476E-2 5.20405E-2 5.13646E-2 5.3388E-2 5.348E-2 5.331E-2 4.41938E-2 4.41851E-2 4.21131E-2 4.20439E-2 4.45942E-2 4.48975E-2 4.48238E-2 4.47192E-2 4.47348E-2 4.52115E-2 4.52176E-2 4.52417E-2 4.51494E-2 4.82867E-2 4.82013E-2 4.57385E-2 4.95264E-2
4.95756E-2 4.9487E-2 4.85497E-2 4.81476E-2 4.75224E-2 4.69456E-2 4.43569E-2 4.38741E-2 4.42436E-2 4.32042E-2 4.60544E-2 4.07927E-2 4.3598E-2 4.15854E-2 4.18683E-2 4.21388E-2 4.49031E-2 4.46254E-2 4.04056E-2 4.56562E-2 4.60371E-2 4.5405E-2 4.59707E-2 4.09456E-2 4.14452E-2 4.15285E-2 4.15804E-2 4.15804E-2 4.14199E-2 4.39811E-2 4.43049E-2 4.66169E-2 4.71103E-2 4.71214E-2 4.75799E-2 5.23144E-2 5.16094E-2 5.25726E-2 5.2679E-2 5.25675E-2 5.10883E-2 4.98134E-2 4.98134E-2 5.37612E-2 5.40896E-2 5.50065E-2 5.31152E-2 5.21751E-2 4.21875E-2 4.45157E-2 4.45157E-2 4.35046E-2 4.33835E-2 4.35083E-2 4.34384E-2 4.38101E-2 4.3744E-2 4.41146E-2 4.61097E-2 4.6761E-2 4.70488E-2
5.22099E-2 5.05933E-2 4.9636E-2 4.92251E-2 4.74148E-2 4.74049E-2 4.57322E-2 4.5938E-2 4.49611E-2 4.37084E-2 4.19603E-2 4.16412E-2 4.16412E-2 4.32647E-2 3.99138E-2 4.1646E-2 4.52696E-2 4.24713E-2 4.24182E-2 4.50903E-2 4.55506E-2 4.2412E-2 4.55796E-2 4.57445E-2 4.63563E-2 4.25789E-2 4.40293E-2 4.31958E-2 4.47503E-2 4.47724E-2 4.69185E-2 4.92741E-2 4.69978E-2 4.70279E-2 4.693E-2 4.8418E-2 4.90493E-2 5.23694E-2 5.20405E-2 5.28163E-2 5.34639E-2 4.91694E-2 5.26932E-2 5.09794E-2 5.13001E-2 5.06541E-2 5.25321E-2 5.1903E-2 5.16419E-2 5.1277E-2 5.08454E-2 5.38541E-2 4.1359E-2 4.38305E-2 4.10858E-2 4.38101E-2 4.37384E-2 4.42694E-2 4.45348E-2 4.59647E-2 4.58834E-2
5.37328E-2 5.15262E-2 4.99395E-2 5.02343E-2 4.80939E-2 4.86845E-2 4.67879E-2 4.74684E-2 4.61772E-2 4.32341E-2 4.27387E-2 4.2124E-2 4.24829E-2 4.02202E-2 4.10544E-2 4.02401E-2 4.31352E-2 4.55477E-2 4.3162E-2 4.28965E-2 4.30204E-2 4.27573E-2 4.34771E-2 4.54116E-2 4.83154E-2 4.47453E-2 4.95362E-2 4.98401E-2 5.16094E-2 5.0024E-2 4.47166E-2 5.17682E-2 4.54489E-2 4.39392E-2 4.68007E-2 4.80254E-2 4.71178E-2 5.05027E-2 4.68567E-2 4.93526E-2 5.43616E-2 5.30412E-2 5.22468E-2 5.16138E-2 5.11669E-2 5.41833E-2 4.89839E-2 4.8304E-2 5.12493E-2 5.21101E-2 5.16999E-2 5.15319E-2 5.06801E-2 5.04815E-2 5.07588E-2 5.09068E-2 4.14427E-2 4.4193E-2 4.16382E-2 4.33525E-2 4.43595E-2
4.99109E-2 4.90065E-2 4.95274E-2 4.82949E-2 4.80012E-2 4.56465E-2 4.4233E-2 4.49922E-2 4.54719E-2 4.34996E-2 4.38644E-2 4.15904E-2 4.35224E-2 4.07084E-2 4.08033E-2 4.12398E-2 4.35963E-2 4.42328E-2 4.48063E-2 4.50816E-2 4.58429E-2 4.55631E-2 4.56936E-2 4.53043E-2 4.61736E-2 4.59883E-2 4.98401E-2 4.61582E-2 5.24792E-2 5.42064E-2 5.09214E-2 4.98716E-2 5.24165E-2 4.92457E-2 4.4118E-2 4.81178E-2 4.76106E-2 4.76462E-2 4.74331E-2 4.92478E-2 5.33757E-2 5.15925E-2 5.12686E-2 5.16998E-2 5.17252E-2 5.19255E-2 4.69373E-2 5.30782E-2 4.96387E-2 4.91406E-2 5.19408E-2 5.1819E-2 5.19691E-2 4.85706E-2 5.25096E-2 5.04918E-2 5.09214E-2 4.13092E-2 5.60307E-2 5.17296E-2 4.33898E-2
5.19134E-2 5.24659E-2 5.12588E-2 4.968E-2 5.05169E-2 4.93775E-2 4.83397E-2 4.50074E-2 4.41508E-2 4.33215E-2 4.31299E-2 4.15821E-2 4.35936E-2 4.17697E-2 4.08067E-2 3.99513E-2 4.20708E-2 4.26878E-2 4.3241E-2 4.3242E-2 4.65117E-2 4.69016E-2 4.70076E-2 4.81998E-2 4.72121E-2 4.7023E-2 4.71292E-2 4.65363E-2 4.83094E-2 5.25655E-2 5.04464E-2 5.0611E-2 5.17473E-2 5.14415E-2 4.51517E-2 4.54403E-2 4.55145E-2 4.92399E-2 4.86167E-2 4.82298E-2 4.75206E-2 4.46703E-2 4.35581E-2 4.92825E-2 5.17252E-2 5.16101E-2 4.7248E-2 4.99425E-2 4.61009E-2 5.28989E-2 5.01604E-2 5.21734E-2 4.96989E-2 4.78679E-2 5.14481E-2 5.11238E-2 4.77893E-2 4.80933E-2 5.16861E-2 5.07303E-2 5.03091E-2
5.1055E-2 4.96716E-2 5.14746E-2 5.13666E-2 5.05982E-2 5.02903E-2 4.74843E-2 4.21526E-2 4.58084E-2 4.57999E-2 4.44518E-2 4.29597E-2 4.47218E-2 4.27186E-2 4.19723E-2 4.01932E-2 4.35618E-2 4.25912E-2 4.44132E-2 4.54407E-2 4.44147E-2 4.67025E-2 4.60576E-2 4.60576E-2 4.70428E-2 4.90084E-2 4.74101E-2 4.77014E-2 4.99858E-2 5.05191E-2 5.21284E-2 4.90858E-2 5.16408E-2 5.16481E-2 5.14167E-2 5.49325E-2 5.39412E-2 5.18528E-2 4.64005E-2 4.55892E-2 4.78023E-2 4.50475E-2 4.52499E-2 4.52499E-2 4.57268E-2 4.63226E-2 4.746E-2 4.746E-2 4.82638E-2 4.7276E-2 4.71989E-2 4.64172E-2 4.978E-2 4.92804E-2 4.74988E-2 4.77899E-2 4.74039E-2 4.76777E-2 5.05217E-2 5.03975E-2 4.97892E-2
5.06143E-2 5.19016E-2 5.03874E-2 4.91477E-2 4.82185E-2 4.7609E-2 4.65172E-2 4.37605E-2 4.51439E-2 4.31914E-2 4.21083E-2 4.40867E-2 4.3512E-2 4.40713E-2 4.23207E-2 4.28433E-2 4.19723E-2 4.23807E-2 4.48477E-2 4.60761E-2 4.56183E-2 4.59251E-2 4.88845E-2 4.97398E-2 5.07569E-2 4.86085E-2 4.91921E-2 4.97171E-2 5.14628E-2 4.93557E-2 5.10411E-2 5.01949E-2 4.9141E-2 4.9141E-2 4.76305E-2 5.1532E-2 5.4603E-2 5.42613E-2 5.2601E-2 5.13005E-2 5.03614E-2 4.53239E-2 4.65783E-2 4.70795E-2 4.56298E-2 4.53739E-2 4.64211E-2 4.7171E-2 4.68837E-2 4.7094E-2 4.74881E-2 4.6988E-2 4.63415E-2 4.59506E-2 4.61569E-2 4.53096E-2 4.42885E-2 4.68174E-2 4.97775E-2 4.97902E-2 4.94778E-2
5.39566E-2 5.31822E-2 5.36194E-2 5.0899E-2 5.04685E-2 4.63693E-2 4.6374E-2 4.51214E-2 4.41006E-2 4.39929E-2 4.35612E-2 4.50342E-2 4.34415E-2 4.40118E-2 4.04206E-2 4.22174E-2 4.14257E-2 4.38958E-2 4.35345E-2 4.47409E-2 4.45669E-2 4.68597E-2 4.86659E-2 5.12583E-2 5.08638E-2 4.96202E-2 5.02308E-2 5.24301E-2 5.26382E-2 5.02904E-2 4.81527E-2 5.0087E-2 4.95271E-2 4.98308E-2 4.782E-2 4.75919E-2 5.32392E-2 5.48038E-2 5.43511E-2 5.39002E-2 4.83542E-2 4.81665E-2 5.2626E-2 4.73679E-2 4.8165E-2 4.63983E-2 4.75028E-2 4.61382E-2 4.50237E-2 4.46438E-2 4.73053E-2 4.78866E-2 4.68072E-2 4.5882E-2 4.61569E-2 4.54951E-2 4.45629E-2 4.3559E-2 4.64987E-2 4.64288E-2 4.61292E-2
5.58736E-2 5.0345E-2 5.05717E-2 4.93171E-2 4.54217E-2 4.73324E-2 4.73324E-2 4.79146E-2 4.60548E-2 4.69313E-2 4.52024E-2 4.55891E-2 4.27877E-2 4.34752E-2 4.41051E-2 4.19376E-2 4.17793E-2 4.15312E-2 4.44443E-2 4.48132E-2 4.45438E-2 4.65731E-2 4.57962E-2 4.76743E-2 5.0204E-2 4.98974E-2 5.24299E-2 5.47169E-2 5.28415E-2 5.09123E-2 4.87495E-2 5.17563E-2 4.96536E-2 5.01296E-2 4.81049E-2 4.88209E-2 4.89957E-2 5.2031E-2 5.17487E-2 5.43517E-2 4.98855E-2 4.78728E-2 4.84619E-2 4.92796E-2 4.91694E-2 4.58346E-2 5.298E-2 4.64245E-2 4.50973E-2 4.33902E-2 4.46637E-2 4.50372E-2 4.45626E-2 4.42145E-2 4.3308E-2 4.52178E-2 4.59509E-2 4.52859E-2 4.40909E-2 4.51086E-2 4.97985E-2
5.48597E-2 5.33827E-2 5.27352E-2 5.23017E-2 4.7771E-2 4.58493E-2 4.61311E-2 4.57577E-2 4.54589E-2 4.23618E-2 4.68179E-2 4.32736E-2 4.32372E-2 4.19428E-2 4.28469E-2 4.2717E-2 4.30817E-2 4.20119E-2 4.15049E-2 4.13495E-2 4.24955E-2 4.2069E-2 4.45595E-2 4.46542E-2 4.4378E-2 4.5223E-2 4.85985E-2 5.28036E-2 5.4239E-2 5.28119E-2 4.91298E-2 4.76179E-2 4.98365E-2 4.86025E-2 4.96009E-2 4.94216E-2 4.95326E-2 5.02548E-2 4.96323E-2 5.06645E-2 4.67792E-2 4.79514E-2 4.64184E-2 5.01099E-2 5.03024E-2 4.90883E-2 5.298E-2 4.76068E-2 4.43923E-2 4.41217E-2 4.33193E-2 4.38526E-2 4.27923E-2 4.47627E-2 4.0459E-2 4.04615E-2 4.42108E-2 4.31936E-2 4.54669E-2 4.61629E-2 4.84728E-2
5.44763E-2 5.33739E-2 5.37004E-2 5.17773E-2 5.08373E-2 5.02004E-2 4.85782E-2 5.00065E-2 4.70053E-2 4.50521E-2 4.43968E-2 4.24158E-2 4.27902E-2 4.2551E-2 4.29162E-2 4.23026E-2 4.39755E-2 4.2364E-2 4.14054E-2 4.34435E-2 4.04868E-2 4.27495E-2 4.28423E-2 4.15444E-2 4.23181E-2 4.1888E-2 4.83537E-2 4.93969E-2 4.97004E-2 5.23375E-2 5.24525E-2 4.84931E-2 4.96935E-2 4.99974E-2 4.85083E-2 4.6058E-2 4.95359E-2 5.1334E-2 5.15331E-2 5.0356E-2 4.77526E-2 4.67792E-2 4.93595E-2 4.93595E-2 5.07257E-2 5.09517E-2 4.99152E-2 4.73401E-2 4.93423E-2 4.96446E-2 4.33193E-2 4.25312E-2 4.34843E-2 4.29555E-2 4.21648E-2 4.40411E-2 4.5514E-2 4.36595E-2 4.07433E-2 4.15774E-2 4.38869E-2
5.3985E-2 5.15931E-2 5.09469E-2 4.85227E-2 4.79327E-2 4.6742E-2 4.57995E-2 4.65925E-2 4.67931E-2 4.67585E-2 4.55909E-2 4.55909E-2 4.40894E-2 4.43965E-2 4.32322E-2 4.34455E-2 4.121E-2 4.11223E-2 4.12184E-2 4.08955E-2 4.13394E-2 4.08269E-2 4.11772E-2 4.27507E-2 4.04808E-2 4.58201E-2 4.67075E-2 5.27384E-2 5.20994E-2 5.24135E-2 4.95007E-2 5.17752E-2 5.10426E-2 5.13631E-2 4.99008E-2 4.74898E-2 4.85869E-2 4.89158E-2 5.32481E-2 5.16473E-2 4.90196E-2 4.63883E-2 4.75666E-2 4.65973E-2 5.13467E-2 5.07237E-2 5.24402E-2 4.79224E-2 4.72633E-2 4.60928E-2 4.26934E-2 4.49782E-2 4.77475E-2 4.3311E-2 4.21437E-2 3.97778E-2 4.09484E-2 4.34643E-2 4.31911E-2 4.12614E-2 4.10864E-2
5.45097E-2 5.44018E-2 5.17351E-2 4.9823E-2 5.00484E-2 5.03551E-2 4.83229E-2 4.90281E-2 4.8432E-2 4.4918E-2 4.29792E-2 4.34404E-2 4.20759E-2 4.60243E-2 4.54999E-2 4.57799E-2 4.39421E-2 4.42281E-2 4.39181E-2 4.11477E-2 4.19162E-2 4.24589E-2 4.21016E-2 4.23612E-2 4.43865E-2 4.31134E-2 4.3472E-2 4.44139E-2 5.23817E-2 5.32621E-2 4.8287E-2 4.99705E-2 5.12414E-2 4.9035E-2 4.87486E-2 4.6468E-2 4.88848E-2 4.96283E-2 4.90254E-2 4.84287E-2 5.11034E-2 4.95106E-2 4.81518E-2 4.75666E-2 4.89633E-2 5.16609E-2 5.00884E-2 4.78145E-2 4.70515E-2 4.68649E-2 4.57324E-2 4.62953E-2 4.32187E-2 4.40201E-2 4.2771E-2 4.53378E-2 4.27381E-2 4.36323E-2 4.25469E-2 4.23844E-2 4.19371E-2
5.47269E-2 5.35482E-2 5.36237E-2 4.95982E-2 5.05558E-2 4.9618E-2 4.82909E-2 4.71045E-2 4.79633E-2 4.6517E-2 4.44239E-2 4.51601E-2 4.24204E-2 4.36732E-2 4.26306E-2 4.39781E-2 4.24716E-2 4.32952E-2 4.22435E-2 4.28406E-2 4.50002E-2 4.58372E-2 4.5586E-2 4.53175E-2 4.53175E-2 4.49724E-2 4.55279E-2 4.66836E-2 4.8571E-2 4.69462E-2 5.08924E-2 4.86015E-2 4.94226E-2 4.92044E-2 4.80143E-2 4.27762E-2 4.52166E-2 4.52636E-2 4.37889E-2 4.30886E-2 4.85034E-2 4.84036E-2 4.73441E-2 4.9073E-2 4.6588E-2 4.91836E-2 4.73027E-2 4.63542E-2 4.40318E-2 4.4041E-2 4.53355E-2 4.55118E-2 4.59033E-2 4.56976E-2 4.57786E-2 4.51208E-2 4.661E-2 4.9176E-2 4.57624E-2 4.52077E-2 3.90576E-2
5.5165E-2 5.44957E-2 5.4164E-2 5.14189E-2 5.14189E-2 4.92201E-2 5.02266E-2 4.66707E-2 4.81212E-2 4.9552E-2 4.73455E-2 4.73455E-2 4.67341E-2 4.51971E-2 4.3779E-2 4.57196E-2 4.44455E-2 4.40846E-2 4.59828E-2 4.59828E-2 4.58089E-2 4.56338E-2 4.78572E-2 4.72064E-2 4.63849E-2 4.17411E-2 4.70467E-2 4.92399E-2 5.20916E-2 5.27599E-2 5.50949E-2 5.3086E-2 5.13433E-2 4.96916E-2 4.42035E-2 4.42035E-2 4.29399E-2 4.3794E-2 4.90563E-2 4.61306E-2 4.86659E-2 4.53952E-2 4.44872E-2 4.69501E-2 4.39459E-2 4.73795E-2 4.71817E-2 4.55759E-2 4.43022E-2 4.37756E-2 4.47677E-2 4.8897E-2 4.47772E-2 4.63633E-2 4.60595E-2 4.51208E-2 4.7001E-2 4.61181E-2 4.53828E-2 4.44569E-2 4.41851E-2
