Artocarpus heterophyllus SDM files/Last interglacial/results (without bias file)/Arthet_median.asc
ncols         625
nrows         721
xllcorner     69.99986311115
yllcorner     5.99986151914999
cellsize      0.041666667
NODATA_value  -9999
[rows 567 to 593 of 721, columns 183 to 243 of 625]
4.21092E-1 4.20673E-1 5.90259E-1 4.71482E-1 4.53656E-1 4.67428E-1 4.36695E-1 4.58576E-1 4.08069E-1 4.97517E-1 4.20683E-1 3.1422E-1 3.63033E-1 3.19939E-1 3.8854E-1 3.54591E-1 2.79576E-1 3.27975E-1 2.71677E-1 2.73984E-1 2.39945E-1 2.14352E-1 2.14418E-1 2.45853E-1 2.17011E-1 2.72188E-1 2.67523E-1 1.38835E-1 2.21251E-1 1.48455E-1 2.4087E-1 1.79621E-1 2.38416E-1 2.89048E-1 2.83956E-1 2.91311E-1 2.52161E-1 2.51541E-1 2.92356E-1 3.01943E-1 2.77222E-1 2.71578E-1 2.8565E-1 2.83918E-1 2.99715E-1 3.0387E-1 3.06338E-1 3.25471E-1 3.26259E-1 3.37812E-1 3.61929E-1 3.48603E-1 3.46641E-1 3.64647E-1 3.65413E-1 3.87957E-1 4.06182E-1 4.1453E-1 4.02067E-1 4.18988E-1 -9999
4.381E-1 5.94089E-1 5.93529E-1 4.07003E-1 4.68085E-1 4.30346E-1 4.3417E-1 4.36262E-1 4.50317E-1 4.26701E-1 4.58432E-1 3.37393E-1 3.27949E-1 3.43179E-1 3.41553E-1 3.87606E-1 2.82702E-1 3.01828E-1 2.81761E-1 2.52826E-1 2.48507E-1 1.88741E-1 2.07437E-1 2.47904E-1 2.59691E-1 2.6647E-1 1.08277E-1 1.50441E-1 1.79454E-1 1.85836E-1 2.24383E-1 2.37291E-1 2.8898E-1 2.94084E-1 2.86976E-1 2.84342E-1 2.67854E-1 2.92141E-1 2.89704E-1 3.08295E-1 2.83892E-1 2.97707E-1 2.72859E-1 2.88309E-1 3.01877E-1 3.17317E-1 3.12652E-1 3.20071E-1 3.34877E-1 3.57389E-1 3.60567E-1 3.65513E-1 3.62387E-1 3.76036E-1 3.77892E-1 3.89288E-1 4.24044E-1 4.19952E-1 4.09428E-1 4.25101E-1 -9999
4.26134E-1 7.38853E-1 6.96322E-1 4.16547E-1 4.44416E-1 3.95571E-1 4.02673E-1 4.54164E-1 3.86426E-1 3.93241E-1 3.89819E-1 4.00332E-1 3.97726E-1 3.3931E-1 3.27613E-1 3.77675E-1 3.19961E-1 2.843E-1 2.91493E-1 2.47671E-1 1.85327E-1 1.56016E-1 1.90749E-1 2.35878E-1 2.53821E-1 2.42991E-1 1.14343E-1 1.4982E-1 1.89383E-1 2.26901E-1 2.95132E-1 2.84427E-1 2.82946E-1 2.89199E-1 2.38311E-1 2.96502E-1 2.8128E-1 2.84655E-1 3.02718E-1 2.96086E-1 2.93278E-1 3.06079E-1 3.05726E-1 2.86805E-1 3.10864E-1 3.22344E-1 3.08528E-1 3.40742E-1 3.39638E-1 3.69061E-1 3.56348E-1 3.72417E-1 3.39725E-1 3.7735E-1 3.97444E-1 4.0484E-1 4.27182E-1 4.19981E-1 4.14533E-1 -9999 -9999
4.14888E-1 5.63716E-1 5.16699E-1 4.16987E-1 4.15698E-1 4.6242E-1 4.29843E-1 3.90388E-1 3.50231E-1 3.85941E-1 3.54101E-1 3.57848E-1 4.1232E-1 3.80528E-1 3.57186E-1 3.43964E-1 3.58219E-1 2.96289E-1 2.68138E-1 2.89219E-1 1.73052E-1 1.54569E-1 1.91746E-1 2.51397E-1 2.37697E-1 2.05194E-1 1.53342E-1 1.80381E-1 2.08946E-1 2.22797E-1 3.03644E-1 3.06662E-1 2.99524E-1 2.72312E-1 2.67348E-1 2.83277E-1 2.95648E-1 2.9188E-1 2.97213E-1 2.96119E-1 2.87197E-1 2.87215E-1 3.23078E-1 3.00828E-1 3.08656E-1 3.29705E-1 3.1691E-1 3.45324E-1 3.46071E-1 3.68288E-1 3.5366E-1 3.62298E-1 3.47803E-1 3.54415E-1 4.15291E-1 3.99247E-1 4.01113E-1 4.21556E-1 -9999 -9999 -9999
4.48929E-1 5.34062E-1 3.84403E-1 3.65947E-1 4.57707E-1 4.38648E-1 4.59015E-1 3.90034E-1 4.61283E-1 3.6166E-1 3.68811E-1 3.63071E-1 3.83313E-1 4.00995E-1 4.04041E-1 3.43472E-1 3.33211E-1 3.10884E-1 3.02528E-1 3.02107E-1 2.26245E-1 1.71027E-1 1.74419E-1 2.30822E-1 2.69346E-1 2.87107E-1 1.90076E-1 2.15256E-1 2.23883E-1 2.69472E-1 2.3139E-1 2.5823E-1 2.68038E-1 2.9641E-1 2.75462E-1 2.51369E-1 3.1167E-1 2.87256E-1 2.99949E-1 2.94259E-1 2.9837E-1 3.01266E-1 3.14251E-1 2.85814E-1 2.9588E-1 3.38815E-1 3.35181E-1 3.57796E-1 3.59142E-1 3.67388E-1 3.64737E-1 3.95876E-1 3.77036E-1 3.79024E-1 3.60488E-1 3.69242E-1 4.1976E-1 4.24484E-1 -9999 -9999 -9999
5.41799E-1 6.58421E-1 5.68145E-1 4.39752E-1 3.43926E-1 4.81621E-1 5.65798E-1 5.6849E-1 3.28164E-1 3.06854E-1 3.20143E-1 3.63937E-1 4.00283E-1 3.97485E-1 3.5776E-1 3.43738E-1 3.23057E-1 2.90164E-1 2.71772E-1 2.21925E-1 1.80988E-1 1.85441E-1 1.79723E-1 1.89233E-1 2.11485E-1 2.72411E-1 2.15814E-1 1.78454E-1 2.16577E-1 2.54396E-1 3.00814E-1 2.61028E-1 3.03217E-1 2.70671E-1 2.83642E-1 2.8847E-1 3.02286E-1 2.94521E-1 3.02237E-1 2.53115E-1 2.90616E-1 2.61518E-1 2.39674E-1 3.18681E-1 2.99682E-1 3.54047E-1 3.39074E-1 3.58439E-1 3.41964E-1 3.74555E-1 3.81925E-1 3.91506E-1 3.66709E-1 3.98297E-1 4.06166E-1 4.18463E-1 4.17303E-1 -9999 -9999 -9999 -9999
5.02568E-1 4.70091E-1 6.46558E-1 6.20844E-1 4.91566E-1 3.72257E-1 3.61801E-1 3.68667E-1 4.32354E-1 3.35579E-1 3.29656E-1 3.37535E-1 3.57265E-1 3.49087E-1 3.09037E-1 2.78249E-1 3.33925E-1 2.82093E-1 2.50956E-1 2.07805E-1 1.81957E-1 1.90521E-1 2.00717E-1 2.33439E-1 2.206E-1 2.74666E-1 2.58305E-1 2.45412E-1 2.79354E-1 2.01096E-1 2.45051E-1 2.53795E-1 2.98327E-1 3.02709E-1 3.06709E-1 2.53932E-1 2.99661E-1 3.01439E-1 2.75386E-1 2.62327E-1 2.96206E-1 2.28184E-1 2.46051E-1 2.63686E-1 3.06363E-1 3.60725E-1 3.55128E-1 3.67351E-1 3.31286E-1 3.50884E-1 3.45132E-1 3.83418E-1 4.02486E-1 3.87601E-1 4.25628E-1 4.23805E-1 -9999 -9999 -9999 -9999 -9999
4.39617E-1 4.91096E-1 5.35299E-1 5.9472E-1 5.03064E-1 3.7156E-1 3.70153E-1 3.67622E-1 3.85828E-1 3.84808E-1 4.5835E-1 3.13886E-1 3.01082E-1 2.8543E-1 3.21406E-1 3.14454E-1 2.92789E-1 2.87707E-1 2.7599E-1 1.96999E-1 1.90011E-1 1.96829E-1 2.21355E-1 2.53833E-1 2.13916E-1 2.31325E-1 2.37313E-1 2.6276E-1 2.27496E-1 2.20819E-1 2.47501E-1 2.99499E-1 2.95977E-1 3.11679E-1 2.87783E-1 2.73117E-1 3.14358E-1 3.03078E-1 2.75548E-1 2.7074E-1 2.94E-1 2.50182E-1 2.67694E-1 2.93229E-1 2.89179E-1 3.58944E-1 3.56482E-1 3.71516E-1 3.78328E-1 3.62262E-1 3.11616E-1 3.35039E-1 3.41129E-1 3.51312E-1 4.07584E-1 4.07742E-1 -9999 -9999 -9999 -9999 -9999
4.43518E-1 4.39835E-1 7.34965E-1 4.4182E-1 4.1214E-1 3.72865E-1 3.70607E-1 3.65535E-1 3.8366E-1 4.52631E-1 3.24389E-1 3.08773E-1 3.06874E-1 2.8766E-1 3.51283E-1 3.09102E-1 2.6871E-1 2.65987E-1 2.69897E-1 2.16693E-1 2.07407E-1 2.74289E-1 2.86289E-1 2.42323E-1 1.8174E-1 2.61686E-1 2.22275E-1 2.2136E-1 2.16981E-1 2.47006E-1 2.22013E-1 2.47331E-1 2.55136E-1 3.05181E-1 3.28168E-1 3.28956E-1 3.04726E-1 3.17589E-1 2.98741E-1 3.03722E-1 3.29239E-1 2.8565E-1 2.94628E-1 3.29443E-1 3.17228E-1 3.47763E-1 3.61422E-1 3.79851E-1 3.73648E-1 3.9146E-1 3.33565E-1 3.13568E-1 3.44113E-1 3.40563E-1 3.53895E-1 -9999 -9999 -9999 -9999 -9999 -9999
4.52759E-1 5.77586E-1 5.41855E-1 4.09284E-1 6.09435E-1 4.00769E-1 3.84189E-1 3.87075E-1 4.13074E-1 3.28144E-1 3.12584E-1 3.04885E-1 2.9835E-1 3.12132E-1 3.11428E-1 2.88514E-1 2.99081E-1 2.98671E-1 2.00928E-1 2.06633E-1 2.67413E-1 2.96716E-1 2.59035E-1 2.33973E-1 1.68532E-1 2.29159E-1 2.60242E-1 2.57782E-1 2.76827E-1 2.56135E-1 2.06695E-1 2.07157E-1 2.52508E-1 2.67952E-1 3.0596E-1 3.28061E-1 3.39621E-1 3.06844E-1 3.02841E-1 3.3058E-1 3.18295E-1 3.20624E-1 3.16007E-1 3.49909E-1 3.24152E-1 3.35118E-1 3.59921E-1 3.82903E-1 3.72054E-1 3.92518E-1 3.98158E-1 4.04353E-1 3.95406E-1 3.55745E-1 3.99154E-1 -9999 -9999 -9999 -9999 -9999 -9999
4.40655E-1 6.14435E-1 4.56574E-1 5.41338E-1 4.65237E-1 4.12351E-1 3.98823E-1 4.04027E-1 3.80646E-1 3.63758E-1 3.36861E-1 3.08077E-1 3.28296E-1 3.07875E-1 3.25598E-1 2.60237E-1 2.87831E-1 2.49777E-1 2.13969E-1 2.55194E-1 2.93513E-1 2.6829E-1 2.57326E-1 2.56167E-1 1.69826E-1 2.47312E-1 2.64896E-1 2.71508E-1 2.26929E-1 1.71239E-1 2.00032E-1 2.47242E-1 2.88529E-1 2.92014E-1 3.02098E-1 3.20224E-1 3.54817E-1 3.42856E-1 3.41671E-1 3.48414E-1 3.61408E-1 3.45422E-1 3.20565E-1 3.65398E-1 3.46289E-1 3.52391E-1 3.48587E-1 3.36429E-1 3.55938E-1 3.82771E-1 3.87439E-1 3.88029E-1 3.95659E-1 3.66444E-1 -9999 -9999 -9999 -9999 -9999 -9999 -9999
4.46362E-1 6.24907E-1 6.40494E-1 6.67956E-1 4.59061E-1 4.49E-1 4.1797E-1 3.95613E-1 3.7852E-1 3.51362E-1 3.46639E-1 3.08601E-1 2.92758E-1 3.0135E-1 2.90252E-1 3.13588E-1 2.72022E-1 2.15389E-1 2.00107E-1 2.62378E-1 2.80686E-1 2.8671E-1 3.07243E-1 2.25179E-1 1.76009E-1 2.45558E-1 2.65559E-1 2.27232E-1 2.58269E-1 1.76129E-1 2.11951E-1 2.56947E-1 2.97296E-1 3.13897E-1 3.20813E-1 3.28729E-1 3.57217E-1 3.59958E-1 3.27539E-1 3.46379E-1 3.63786E-1 3.58203E-1 3.70999E-1 3.63387E-1 3.60151E-1 3.84709E-1 3.71852E-1 3.48482E-1 3.17904E-1 3.30446E-1 3.66362E-1 4.14156E-1 3.96586E-1 3.88505E-1 -9999 -9999 -9999 -9999 -9999 -9999 -9999
4.10957E-1 5.00615E-1 5.14511E-1 6.6816E-1 5.91209E-1 5.11717E-1 4.63093E-1 4.44766E-1 4.12054E-1 3.5567E-1 3.31806E-1 3.26392E-1 2.97642E-1 2.96257E-1 3.41461E-1 3.43972E-1 3.4686E-1 2.51807E-1 2.74797E-1 3.38655E-1 3.15499E-1 3.22465E-1 1.53987E-1 1.52683E-1 2.72146E-1 2.90805E-1 2.89714E-1 1.47464E-1 1.87624E-1 2.14558E-1 2.44201E-1 3.07453E-1 3.4902E-1 3.61818E-1 3.3649E-1 3.53616E-1 3.55573E-1 3.67274E-1 3.47831E-1 3.56576E-1 3.75223E-1 3.59171E-1 3.68355E-1 3.82227E-1 3.67134E-1 3.85466E-1 3.76401E-1 3.7019E-1 3.61282E-1 3.57599E-1 3.58008E-1 3.82277E-1 4.04614E-1 -9999 -9999 -9999 -9999 -9999 -9999 -9999 -9999
3.97756E-1 4.77066E-1 5.44459E-1 6.14284E-1 6.31539E-1 4.64249E-1 4.36075E-1 4.34995E-1 4.17669E-1 3.71804E-1 3.62707E-1 3.50003E-1 3.0614E-1 3.25876E-1 4.68056E-1 3.63667E-1 3.66687E-1 2.64434E-1 2.78061E-1 3.27665E-1 3.4331E-1 3.07001E-1 1.54734E-1 2.7663E-1 2.96476E-1 2.71967E-1 3.06232E-1 1.54883E-1 1.96448E-1 2.16232E-1 2.68389E-1 3.1346E-1 3.56983E-1 3.3844E-1 3.42201E-1 3.57396E-1 3.68149E-1 3.7852E-1 3.54537E-1 3.62403E-1 3.78981E-1 3.58608E-1 3.74506E-1 3.7737E-1 3.52835E-1 3.67209E-1 3.57058E-1 3.4725E-1 3.50725E-1 3.85153E-1 3.84639E-1 3.88679E-1 4.05144E-1 -9999 -9999 -9999 -9999 -9999 -9999 -9999 -9999
4.05742E-1 5.17583E-1 6.06056E-1 5.67548E-1 6.56337E-1 4.80202E-1 4.46729E-1 4.31371E-1 4.15381E-1 3.87058E-1 3.75226E-1 3.41165E-1 2.83332E-1 3.92273E-1 4.68825E-1 3.47603E-1 3.65136E-1 3.23049E-1 3.00313E-1 2.67927E-1 2.80102E-1 2.763E-1 2.60007E-1 2.80131E-1 2.94168E-1 2.98319E-1 2.64249E-1 1.64912E-1 1.99563E-1 2.34843E-1 2.82172E-1 3.22309E-1 3.74682E-1 3.47457E-1 3.56075E-1 3.56671E-1 3.73075E-1 3.81203E-1 3.65057E-1 3.79268E-1 3.73163E-1 3.64877E-1 3.71853E-1 3.66122E-1 3.59279E-1 3.43615E-1 3.0931E-1 3.2993E-1 3.28795E-1 3.45043E-1 3.68985E-1 3.82452E-1 3.91091E-1 -9999 -9999 -9999 -9999 -9999 -9999 -9999 -9999
5.39768E-1 5.02032E-1 5.5498E-1 4.48178E-1 6.27353E-1 4.1844E-1 4.53616E-1 4.53447E-1 4.4857E-1 4.29703E-1 3.86291E-1 3.58358E-1 3.27263E-1 3.59953E-1 4.27923E-1 3.33666E-1 2.76931E-1 3.27213E-1 3.19348E-1 2.53642E-1 2.67151E-1 3.12841E-1 2.65384E-1 2.78677E-1 3.03121E-1 3.18697E-1 2.44329E-1 1.72395E-1 2.34287E-1 2.55294E-1 2.90815E-1 3.25259E-1 3.74272E-1 3.59988E-1 3.48712E-1 3.60922E-1 3.78608E-1 3.84147E-1 3.8949E-1 3.66297E-1 3.73251E-1 3.37026E-1 3.29243E-1 3.64413E-1 3.10712E-1 2.92647E-1 2.88154E-1 3.01331E-1 2.98379E-1 3.60353E-1 3.61303E-1 3.85264E-1 3.99585E-1 -9999 -9999 -9999 -9999 -9999 -9999 -9999 -9999
4.62842E-1 7.01567E-1 4.06772E-1 4.91775E-1 4.19766E-1 4.42598E-1 4.70799E-1 4.60974E-1 4.64647E-1 4.47672E-1 3.85706E-1 3.58506E-1 3.33076E-1 2.85182E-1 2.92558E-1 3.13529E-1 2.91411E-1 2.70443E-1 2.9728E-1 2.97259E-1 3.06931E-1 2.84422E-1 2.85382E-1 3.15508E-1 3.24249E-1 2.50075E-1 2.02458E-1 1.95355E-1 2.20365E-1 2.41375E-1 2.91608E-1 3.32958E-1 3.83743E-1 3.92457E-1 3.56987E-1 3.59942E-1 3.76654E-1 3.94611E-1 3.69542E-1 3.69171E-1 3.45366E-1 3.66829E-1 3.20545E-1 3.00113E-1 2.829E-1 2.96988E-1 3.2079E-1 3.12444E-1 3.03635E-1 3.69331E-1 3.8662E-1 3.93921E-1 -9999 -9999 -9999 -9999 -9999 -9999 -9999 -9999 -9999
6.5854E-1 5.76897E-1 4.97865E-1 6.02757E-1 4.86985E-1 4.75273E-1 4.73003E-1 4.70745E-1 4.64037E-1 4.43118E-1 3.86856E-1 3.69586E-1 3.56529E-1 3.55692E-1 3.3415E-1 3.22841E-1 2.80046E-1 2.68905E-1 3.38426E-1 3.35418E-1 2.95126E-1 3.14559E-1 3.03935E-1 3.27145E-1 3.26494E-1 2.81363E-1 1.63522E-1 2.09253E-1 2.54923E-1 3.19484E-1 3.34739E-1 3.85767E-1 3.91491E-1 3.9296E-1 3.78486E-1 3.74801E-1 3.84987E-1 3.92531E-1 4.07188E-1 3.84725E-1 4.00136E-1 3.92472E-1 3.41581E-1 3.66356E-1 3.11616E-1 3.30856E-1 3.59084E-1 3.59596E-1 3.56939E-1 3.88084E-1 3.94342E-1 3.87559E-1 -9999 -9999 -9999 -9999 -9999 -9999 -9999 -9999 -9999
7.60183E-1 5.30047E-1 5.59494E-1 6.34141E-1 4.83731E-1 4.97423E-1 4.8223E-1 4.81131E-1 4.71704E-1 4.42585E-1 4.22034E-1 4.18185E-1 3.93649E-1 3.40633E-1 3.21061E-1 3.4042E-1 3.42538E-1 3.08228E-1 3.59626E-1 4.00694E-1 4.12524E-1 3.99232E-1 4.4298E-1 2.86891E-1 2.79638E-1 2.97275E-1 2.75743E-1 3.1085E-1 3.3291E-1 3.66659E-1 3.67045E-1 3.87958E-1 4.00853E-1 3.9931E-1 3.80062E-1 3.84205E-1 3.91761E-1 4.06094E-1 3.87191E-1 3.91892E-1 3.95175E-1 3.9197E-1 3.79689E-1 3.96061E-1 3.73738E-1 3.60716E-1 3.75193E-1 3.7898E-1 3.79582E-1 3.85242E-1 3.72755E-1 3.882E-1 -9999 -9999 -9999 -9999 -9999 -9999 -9999 -9999 -9999
6.8551E-1 6.79941E-1 6.31235E-1 6.37076E-1 5.20605E-1 5.37434E-1 5.00003E-1 4.73873E-1 4.6671E-1 4.30965E-1 3.82426E-1 4.20852E-1 3.67248E-1 2.93466E-1 2.97525E-1 3.03138E-1 3.32601E-1 3.03013E-1 3.74763E-1 4.08587E-1 3.51371E-1 3.96973E-1 4.06144E-1 3.7074E-1 3.58628E-1 3.77537E-1 3.40616E-1 3.45803E-1 3.6956E-1 3.85241E-1 3.7836E-1 3.99905E-1 4.04176E-1 4.0988E-1 4.29728E-1 3.95795E-1 4.0412E-1 4.07779E-1 3.82665E-1 3.7645E-1 3.80504E-1 3.98852E-1 3.71378E-1 4.04157E-1 4.13994E-1 3.70248E-1 3.75255E-1 3.82806E-1 3.76984E-1 3.83082E-1 3.78199E-1 4.21398E-1 -9999 -9999 -9999 -9999 -9999 -9999 -9999 -9999 -9999
6.72519E-1 6.58876E-1 6.51327E-1 6.43637E-1 5.91985E-1 5.49923E-1 5.41159E-1 5.33762E-1 5.12894E-1 4.7531E-1 4.3238E-1 4.48211E-1 3.85376E-1 3.28995E-1 2.84246E-1 2.99674E-1 2.95021E-1 2.46074E-1 3.61283E-1 4.00807E-1 4.06343E-1 3.85048E-1 3.40981E-1 3.43363E-1 3.1452E-1 3.29783E-1 3.51043E-1 3.69645E-1 3.88075E-1 4.08248E-1 4.23156E-1 3.99604E-1 4.12492E-1 4.14801E-1 4.34123E-1 4.05833E-1 4.04385E-1 4.22909E-1 4.01093E-1 4.03924E-1 4.23724E-1 4.06939E-1 3.96341E-1 4.07575E-1 4.07409E-1 4.20489E-1 3.77289E-1 3.82514E-1 3.65842E-1 3.85026E-1 3.7818E-1 3.83069E-1 -9999 -9999 -9999 -9999 -9999 -9999 -9999 -9999 -9999
6.7977E-1 6.53982E-1 6.32645E-1 7.33791E-1 4.82995E-1 4.90127E-1 4.97776E-1 5.04761E-1 4.8475E-1 4.81992E-1 4.39471E-1 3.91877E-1 4.09239E-1 3.2222E-1 2.99526E-1 3.01389E-1 2.90365E-1 3.34284E-1 3.32435E-1 3.5054E-1 3.80789E-1 3.0505E-1 3.44617E-1 3.24598E-1 3.42652E-1 3.37957E-1 3.64702E-1 3.87914E-1 3.86672E-1 4.15949E-1 4.01514E-1 4.06442E-1 4.04562E-1 4.14704E-1 4.23861E-1 4.08679E-1 4.15805E-1 4.32408E-1 4.09792E-1 4.10453E-1 4.18569E-1 4.33414E-1 4.03139E-1 4.18399E-1 4.74995E-1 4.42785E-1 3.75431E-1 3.92689E-1 3.73142E-1 3.94741E-1 3.9131E-1 3.9111E-1 -9999 -9999 -9999 -9999 -9999 -9999 -9999 -9999 -9999
6.84521E-1 6.79638E-1 7.42192E-1 6.58358E-1 5.72584E-1 5.28123E-1 4.92133E-1 4.80019E-1 4.59408E-1 4.64688E-1 4.77544E-1 4.31612E-1 3.93774E-1 4.02525E-1 3.87775E-1 4.01056E-1 3.43824E-1 3.30544E-1 3.38942E-1 4.0851E-1 3.96945E-1 3.6101E-1 3.892E-1 3.70039E-1 4.21668E-1 3.49065E-1 3.54441E-1 3.78035E-1 4.00031E-1 4.2805E-1 4.14586E-1 4.03836E-1 4.14311E-1 4.23522E-1 4.3565E-1 4.08934E-1 4.12772E-1 4.33144E-1 4.39291E-1 5.3569E-1 3.90909E-1 3.99233E-1 3.8567E-1 4.04399E-1 4.91635E-1 5.12103E-1 3.78017E-1 3.80565E-1 3.8227E-1 3.9678E-1 4.00149E-1 3.98451E-1 -9999 -9999 -9999 -9999 -9999 -9999 -9999 -9999 -9999
6.55757E-1 7.05629E-1 7.34069E-1 7.09517E-1 6.69692E-1 5.58717E-1 5.18215E-1 4.73409E-1 4.52467E-1 4.5373E-1 4.85247E-1 4.73898E-1 4.10924E-1 4.01115E-1 3.82077E-1 4.0064E-1 3.17292E-1 3.39952E-1 4.05631E-1 3.5159E-1 3.90898E-1 4.06792E-1 4.3988E-1 4.06568E-1 3.17877E-1 3.35646E-1 3.25739E-1 3.74154E-1 4.04971E-1 4.50533E-1 4.48533E-1 4.13417E-1 4.24341E-1 4.24028E-1 4.43257E-1 4.45074E-1 4.25363E-1 4.42452E-1 4.45116E-1 4.14312E-1 3.74726E-1 4.02136E-1 3.89026E-1 5.38727E-1 5.24305E-1 3.90685E-1 3.88043E-1 4.0574E-1 4.07939E-1 4.03345E-1 3.94109E-1 4.05312E-1 4.24288E-1 -9999 -9999 -9999 -9999 -9999 -9999 -9999 -9999
6.44147E-1 6.53215E-1 6.64029E-1 6.56706E-1 6.21025E-1 6.26372E-1 5.43301E-1 4.71258E-1 4.62368E-1 4.59506E-1 5.14504E-1 4.02186E-1 3.84303E-1 4.04136E-1 4.02489E-1 3.9695E-1 4.12581E-1 3.86075E-1 4.0714E-1 3.72361E-1 3.49949E-1 4.58504E-1 3.42673E-1 3.40587E-1 3.3201E-1 3.13431E-1 3.65867E-1 4.07521E-1 4.28021E-1 4.49268E-1 4.55287E-1 4.2496E-1 4.21461E-1 4.42789E-1 4.41366E-1 4.45965E-1 4.31918E-1 4.33104E-1 4.39493E-1 4.67393E-1 4.28034E-1 4.06858E-1 3.88782E-1 3.9865E-1 4.03588E-1 4.16767E-1 4.08399E-1 4.2476E-1 4.06572E-1 4.24782E-1 4.3088E-1 4.2542E-1 4.33015E-1 -9999 -9999 -9999 -9999 -9999 -9999 -9999 -9999
6.07374E-1 6.02728E-1 6.23051E-1 6.4932E-1 6.31064E-1 6.2593E-1 5.60636E-1 4.68729E-1 4.48661E-1 4.65314E-1 4.6908E-1 4.24628E-1 3.94341E-1 4.22333E-1 4.00846E-1 3.60216E-1 3.3037E-1 4.18173E-1 4.17035E-1 3.21089E-1 3.81766E-1 3.62957E-1 3.56627E-1 3.87476E-1 2.87131E-1 3.66705E-1 4.39276E-1 4.39429E-1 4.44189E-1 4.53504E-1 4.63102E-1 4.27681E-1 4.33303E-1 4.41702E-1 4.51377E-1 4.54149E-1 4.30945E-1 4.35037E-1 4.42423E-1 4.10201E-1 4.22162E-1 4.4244E-1 4.286E-1 4.512E-1 4.50345E-1 4.21441E-1 4.16674E-1 4.14689E-1 4.06909E-1 4.33304E-1 4.39865E-1 4.39282E-1 4.52388E-1 4.50383E-1 -9999 -9999 -9999 -9999 -9999 -9999 -9999
5.75271E-1 5.65668E-1 5.88757E-1 6.25252E-1 6.40076E-1 5.65299E-1 5.4094E-1 4.76761E-1 4.64627E-1 4.7692E-1 4.18614E-1 4.10627E-1 4.36161E-1 4.50186E-1 3.86387E-1 3.5625E-1 4.65136E-1 4.25779E-1 4.32976E-1 3.07095E-1 3.90563E-1 5.02793E-1 3.3274E-1 3.63091E-1 3.1669E-1 3.73982E-1 3.41752E-1 3.65531E-1 4.04552E-1 4.54264E-1 4.68224E-1 4.52608E-1 4.34074E-1 4.43158E-1 4.39012E-1 4.60752E-1 4.23916E-1 4.17779E-1 4.39991E-1 4.09621E-1 4.41082E-1 4.59966E-1 4.44903E-1 4.63312E-1 4.66652E-1 4.55106E-1 4.17942E-1 4.34436E-1 4.39854E-1 4.35102E-1 4.32434E-1 4.36659E-1 4.66227E-1 4.50253E-1 -9999 -9999 -9999 -9999 -9999 -9999 -9999
