Artocarpus heterophyllus SDM files/Last interglacial/results (without bias file)/Arthet_median.asc
ncols         625
nrows         721
xllcorner     69.99986311115
yllcorner     5.99986151914999
cellsize      0.041666667
NODATA_value  -9999
[rows 135 to 161 of 721, columns 183 to 243 of 625]
1.448E-1 1.35933E-1 1.1999E-1 1.23266E-1 1.33409E-1 1.52886E-1 1.66854E-1 1.70433E-1 1.66639E-1 1.5192E-1 1.43633E-1 2.14124E-1 1.5553E-1 1.36932E-1 7.61627E-2 4.76572E-2 6.10585E-2 6.37981E-2 1.02275E-1 1.17262E-1 7.92213E-2 1.23157E-1 9.12162E-2 1.3131E-1 7.68456E-2 7.71166E-2 8.35541E-2 5.41974E-2 3.9065E-2 5.14859E-2 7.28058E-2 7.70005E-2 9.25297E-2 8.71455E-2 6.60327E-2 4.47218E-2 3.85526E-2 2.93989E-2 3.59726E-2 2.58086E-2 6.57569E-2 4.63201E-2 4.17433E-2 3.58862E-2 1.10939E-2 1.72833E-2 7.82054E-3 5.12185E-3 4.32515E-3 9.373E-4 1.50591E-3 5.37177E-4 7.75664E-4 8.16608E-4 9.51763E-4 5.40601E-4 3.40599E-4 3.26671E-4 6.68713E-4 1.34272E-3 2.9886E-3
1.55714E-1 1.58374E-1 1.34865E-1 1.24295E-1 1.23576E-1 1.29734E-1 1.42163E-1 1.58225E-1 1.6599E-1 1.64385E-1 1.65313E-1 1.49638E-1 1.86221E-1 1.00539E-1 8.38704E-2 8.80673E-2 6.74806E-2 1.17027E-1 1.04594E-1 9.65952E-2 6.80062E-2 1.01333E-1 9.78932E-2 8.68348E-2 6.14541E-2 6.99318E-2 5.99657E-2 5.55956E-2 4.00072E-2 3.44912E-2 7.15366E-2 1.0779E-1 1.30668E-1 8.97994E-2 6.07769E-2 4.12079E-2 4.75243E-2 4.1216E-2 5.74711E-2 5.72973E-2 7.4538E-2 3.30199E-2 1.4766E-2 2.13265E-2 2.74872E-2 1.60341E-2 1.67155E-2 8.55271E-3 3.84149E-3 8.80252E-4 3.18759E-4 5.13835E-4 2.94165E-4 6.62731E-4 3.26623E-4 8.0491E-4 1.83492E-4 5.13306E-4 7.93481E-4 9.87179E-4 1.93177E-3
1.46484E-1 1.60808E-1 1.65694E-1 1.51724E-1 1.38027E-1 1.27476E-1 1.25793E-1 1.35586E-1 1.45069E-1 1.57466E-1 1.62749E-1 1.56408E-1 1.30031E-1 1.66993E-1 1.28625E-1 1.07216E-1 1.09549E-1 1.36799E-1 9.70145E-2 9.98551E-2 6.89239E-2 6.97661E-2 1.04064E-1 6.09914E-2 1.07934E-1 5.87876E-2 1.11999E-1 8.05695E-2 7.02581E-2 6.79474E-2 7.07103E-2 8.88324E-2 6.66577E-2 6.63714E-2 6.48176E-2 8.56788E-2 8.99735E-2 6.10786E-2 4.82493E-2 6.94563E-2 8.51849E-2 6.21283E-2 3.74214E-2 1.59502E-2 1.26261E-2 1.42209E-2 8.05923E-3 4.63421E-3 2.86142E-3 2.14509E-3 1.05373E-3 1.56516E-4 2.98832E-4 2.8435E-4 3.92446E-4 3.23353E-4 2.33562E-4 4.4861E-4 7.30887E-4 6.6628E-4 1.58107E-3
1.40221E-1 1.56055E-1 1.7093E-1 1.70399E-1 1.67893E-1 1.5409E-1 1.4204E-1 1.39875E-1 1.33294E-1 1.34463E-1 1.42013E-1 1.51948E-1 1.59447E-1 1.30012E-1 1.03359E-1 1.57272E-1 8.73995E-2 7.86005E-2 1.32276E-1 1.12068E-1 7.35813E-2 6.79231E-2 5.9653E-2 9.74806E-2 6.18872E-2 6.71857E-2 8.00395E-2 6.33879E-2 5.71452E-2 6.20119E-2 7.00857E-2 5.80916E-2 6.20788E-2 6.87355E-2 7.56416E-2 7.78037E-2 4.1391E-2 4.37232E-2 4.57461E-2 6.34144E-2 5.38847E-2 3.1261E-2 5.09151E-2 4.46965E-2 3.28037E-2 1.85927E-2 2.29195E-2 1.65758E-2 1.21064E-2 4.52633E-3 1.40222E-3 3.43798E-4 3.25464E-4 2.69375E-4 3.4539E-4 6.12371E-4 8.4952E-4 1.01729E-3 1.57501E-4 7.12011E-4 9.13976E-4
1.31358E-1 1.38596E-1 1.51506E-1 1.64798E-1 1.72156E-1 1.6482E-1 1.58069E-1 1.58515E-1 1.40196E-1 1.33919E-1 1.52924E-1 1.48613E-1 1.56937E-1 1.69159E-1 1.53982E-1 9.93238E-2 7.85496E-2 8.89562E-2 7.48942E-2 8.74636E-2 6.0023E-2 6.55216E-2 7.46343E-2 5.64352E-2 7.15444E-2 8.84328E-2 8.68149E-2 8.91372E-2 8.69204E-2 7.51396E-2 6.36582E-2 5.89848E-2 6.45013E-2 3.62591E-2 2.99061E-2 3.69024E-2 3.55848E-2 4.61827E-2 6.83337E-2 4.3155E-2 3.77852E-2 3.94399E-2 2.28274E-2 3.13474E-2 2.10203E-2 7.36185E-3 6.78524E-3 9.32266E-3 5.5703E-3 2.99761E-3 2.06978E-3 1.88259E-3 4.84496E-4 8.07235E-4 1.56995E-3 1.10237E-3 1.62736E-3 7.78275E-4 6.63152E-4 3.65318E-4 8.06909E-4
1.23172E-1 1.26907E-1 1.35548E-1 1.4286E-1 1.5033E-1 1.54394E-1 1.63854E-1 1.62188E-1 1.62849E-1 1.37734E-1 1.24939E-1 1.41583E-1 1.4937E-1 1.58681E-1 1.72498E-1 1.52005E-1 8.69056E-2 9.14643E-2 9.09285E-2 8.55096E-2 6.56659E-2 9.06797E-2 6.84762E-2 7.5881E-2 8.04573E-2 5.57507E-2 6.43305E-2 6.75182E-2 6.43124E-2 4.70663E-2 6.11471E-2 3.83245E-2 3.8356E-2 5.16637E-2 4.74316E-2 3.32599E-2 4.77835E-2 6.01259E-2 3.63806E-2 3.47077E-2 3.85825E-2 3.51348E-2 3.40022E-2 2.06913E-2 1.95598E-2 8.87513E-3 6.92955E-3 8.25577E-3 9.37466E-3 7.36771E-3 1.10476E-2 3.8512E-3 2.02407E-3 1.00557E-3 1.95674E-3 4.05872E-3 2.97658E-3 2.69887E-3 1.45424E-3 2.58923E-3 9.84202E-4
1.17531E-1 1.21607E-1 1.25141E-1 1.31062E-1 1.3552E-1 1.3834E-1 1.45782E-1 1.49092E-1 1.50783E-1 1.44858E-1 1.25043E-1 1.21285E-1 1.4172E-1 1.55131E-1 1.60472E-1 1.67401E-1 1.4172E-1 1.0597E-1 1.03126E-1 1.01221E-1 6.56064E-2 5.33019E-2 5.32219E-2 9.04755E-2 5.8023E-2 4.92617E-2 4.48449E-2 4.22288E-2 4.72513E-2 3.71249E-2 4.26753E-2 4.28157E-2 4.51706E-2 3.532E-2 4.12335E-2 3.33059E-2 3.86029E-2 3.56898E-2 2.91821E-2 4.50206E-2 3.54913E-2 3.31779E-2 3.49272E-2 3.17882E-2 2.41573E-2 2.65785E-2 1.51443E-2 1.38105E-2 1.50327E-2 1.82159E-2 1.52958E-2 4.7721E-3 1.24141E-2 5.08645E-3 5.20264E-3 9.9709E-3 7.84544E-3 3.13524E-3 3.40007E-3 9.12805E-3 2.36114E-3
1.14735E-1 1.18658E-1 1.21725E-1 1.24496E-1 1.2219E-1 1.26903E-1 1.31218E-1 1.38308E-1 1.49655E-1 1.52033E-1 1.38144E-1 1.19703E-1 1.18416E-1 1.40055E-1 1.16926E-1 1.11223E-1 1.06025E-1 1.17049E-1 9.69947E-2 9.85582E-2 8.15023E-2 7.32973E-2 7.65285E-2 8.76911E-2 6.64364E-2 5.61731E-2 4.11534E-2 4.0489E-2 3.90077E-2 4.68769E-2 5.33983E-2 4.78488E-2 3.23709E-2 3.3578E-2 3.21573E-2 3.61739E-2 1.99239E-2 2.90704E-2 4.68817E-2 4.23086E-2 3.17899E-2 3.27887E-2 3.03295E-2 3.53721E-2 4.01926E-2 3.87618E-2 1.94616E-2 3.68239E-2 3.25603E-2 2.14777E-2 9.60461E-3 1.08544E-2 2.066E-2 2.08445E-2 1.85218E-2 1.53472E-2 1.54454E-2 7.09082E-3 1.24457E-2 1.11928E-2 3.50317E-3
1.06715E-1 1.14867E-1 1.14947E-1 1.17928E-1 1.14952E-1 1.20638E-1 1.23073E-1 1.29071E-1 1.39228E-1 1.49828E-1 1.51755E-1 1.26386E-1 1.20679E-1 1.18928E-1 9.85755E-2 9.50752E-2 1.12199E-1 1.21167E-1 9.69779E-2 9.41186E-2 9.58952E-2 9.62127E-2 8.65858E-2 9.55191E-2 5.98241E-2 4.4344E-2 3.59689E-2 5.01499E-2 4.96704E-2 5.98989E-2 4.98338E-2 3.43964E-2 3.07973E-2 3.3455E-2 3.82547E-2 3.56229E-2 3.02052E-2 1.69156E-2 3.687E-2 3.39442E-2 3.34039E-2 2.68804E-2 2.71966E-2 2.18416E-2 2.43475E-2 3.29867E-2 2.77328E-2 3.04204E-2 1.96713E-2 1.13905E-2 1.56428E-2 2.67605E-2 2.49472E-2 1.82464E-2 1.57219E-2 1.41179E-2 2.77402E-2 8.69798E-3 2.25327E-2 1.1336E-2 1.25063E-2
1.07415E-1 1.08592E-1 1.10492E-1 1.11801E-1 1.11958E-1 1.16696E-1 1.18888E-1 1.18014E-1 1.29005E-1 1.37459E-1 1.49386E-1 1.45818E-1 1.30013E-1 1.33914E-1 9.22539E-2 9.2597E-2 1.0769E-1 1.26223E-1 1.00935E-1 8.91363E-2 8.39414E-2 6.38792E-2 5.41333E-2 7.1509E-2 8.41546E-2 6.07224E-2 4.73331E-2 5.56718E-2 6.46385E-2 5.91541E-2 3.60083E-2 2.79251E-2 2.30777E-2 2.92761E-2 3.21943E-2 2.73349E-2 3.04938E-2 2.78099E-2 2.3339E-2 3.38761E-2 3.56508E-2 3.09372E-2 3.20238E-2 2.51918E-2 1.97325E-2 2.28491E-2 2.99236E-2 2.66858E-2 2.97042E-2 2.78918E-2 2.52317E-2 2.51636E-2 1.46465E-2 2.44948E-2 2.88148E-2 3.26424E-2 2.30897E-2 1.70887E-2 3.07937E-2 1.93544E-2 2.86271E-2
1.04275E-1 1.0607E-1 1.06883E-1 1.07066E-1 1.08316E-1 1.09858E-1 1.12728E-1 1.1538E-1 1.19242E-1 1.26063E-1 1.34839E-1 1.49705E-1 1.49716E-1 9.13565E-2 9.18197E-2 1.00424E-1 1.06775E-1 1.17846E-1 9.73349E-2 9.20435E-2 7.17863E-2 7.72701E-2 5.45329E-2 5.46335E-2 8.06702E-2 8.46039E-2 6.81008E-2 7.79404E-2 6.3782E-2 5.20175E-2 3.7578E-2 3.67201E-2 2.63918E-2 3.98435E-2 2.94743E-2 2.44999E-2 3.49941E-2 3.71817E-2 2.86663E-2 4.05046E-2 4.66042E-2 4.74132E-2 3.95285E-2 3.8059E-2 2.84529E-2 3.04083E-2 3.12279E-2 3.74009E-2 3.8914E-2 3.86783E-2 3.16863E-2 3.33836E-2 2.79604E-2 2.7309E-2 4.02961E-2 4.21832E-2 3.69201E-2 3.06013E-2 3.01916E-2 3.62975E-2 4.30109E-2
1.02711E-1 1.03619E-1 1.03945E-1 1.04025E-1 1.0417E-1 1.03078E-1 1.07756E-1 1.10752E-1 1.14425E-1 1.19837E-1 1.24077E-1 1.30017E-1 1.04119E-1 9.65808E-2 9.92859E-2 1.00997E-1 1.50316E-1 1.15314E-1 1.02335E-1 8.52655E-2 8.085E-2 7.31304E-2 7.12216E-2 5.89042E-2 5.03846E-2 7.74803E-2 8.98833E-2 7.55435E-2 5.22274E-2 5.54618E-2 5.49923E-2 3.69925E-2 2.80517E-2 4.10551E-2 4.17808E-2 3.62095E-2 4.0468E-2 5.29136E-2 5.80007E-2 4.77578E-2 5.53716E-2 6.10158E-2 4.18702E-2 4.25109E-2 4.17179E-2 2.62302E-2 3.72861E-2 4.51041E-2 4.90625E-2 4.0487E-2 4.24648E-2 4.42629E-2 4.33795E-2 4.78055E-2 4.98502E-2 4.40665E-2 3.96622E-2 2.76739E-2 4.06911E-2 4.65428E-2 4.88624E-2
9.92825E-2 9.95275E-2 1.01055E-1 1.04615E-1 1.01961E-1 1.00418E-1 1.01535E-1 1.10698E-1 1.11874E-1 1.1196E-1 9.00031E-2 9.19133E-2 9.19985E-2 1.00029E-1 1.0652E-1 1.07194E-1 1.09121E-1 1.5411E-1 1.38052E-1 9.58642E-2 8.55463E-2 7.24391E-2 6.36711E-2 7.69977E-2 6.83937E-2 6.7826E-2 8.03608E-2 7.55772E-2 7.68521E-2 6.58933E-2 5.26308E-2 4.23129E-2 3.52302E-2 4.74202E-2 3.86571E-2 3.85372E-2 4.45946E-2 5.809E-2 7.19246E-2 5.1474E-2 6.62869E-2 7.30562E-2 5.15249E-2 5.32867E-2 3.75983E-2 3.05147E-2 3.83233E-2 4.57316E-2 4.7618E-2 4.80179E-2 4.78777E-2 4.93042E-2 5.51747E-2 5.11776E-2 5.2042E-2 4.77601E-2 4.51011E-2 3.46908E-2 3.89487E-2 4.09039E-2 5.43117E-2
9.72041E-2 9.72065E-2 9.95252E-2 1.02364E-1 9.92825E-2 9.95252E-2 9.97533E-2 1.02306E-1 1.05823E-1 1.09508E-1 8.64424E-2 8.9157E-2 8.99425E-2 9.45155E-2 1.03643E-1 1.04325E-1 1.07715E-1 1.21429E-1 1.1826E-1 1.11228E-1 1.07346E-1 7.03517E-2 6.11932E-2 9.02632E-2 7.60994E-2 5.73675E-2 6.56059E-2 5.51593E-2 5.27997E-2 6.64826E-2 5.42952E-2 4.22697E-2 5.16721E-2 5.19664E-2 3.89426E-2 3.82781E-2 4.60708E-2 6.845E-2 6.62241E-2 5.93217E-2 7.69304E-2 6.71704E-2 6.01144E-2 4.44739E-2 3.48971E-2 2.30142E-2 2.66881E-2 3.58023E-2 3.47532E-2 3.74708E-2 5.2633E-2 5.85095E-2 5.84668E-2 5.09634E-2 4.6322E-2 4.5745E-2 4.09555E-2 3.95602E-2 4.60857E-2 5.49627E-2 6.49277E-2
9.86296E-2 9.88699E-2 9.59649E-2 9.91198E-2 9.66125E-2 9.99628E-2 1.02046E-1 1.04616E-1 1.03657E-1 1.04625E-1 1.0998E-1 1.1381E-1 8.87177E-2 9.23515E-2 9.79985E-2 1.02429E-1 1.07316E-1 1.15704E-1 1.37211E-1 1.41737E-1 1.17529E-1 1.07984E-1 8.90186E-2 1.11858E-1 1.02984E-1 1.04956E-1 9.55837E-2 4.57627E-2 4.74182E-2 6.017E-2 6.31602E-2 5.70455E-2 4.69429E-2 4.26797E-2 4.21288E-2 3.98988E-2 4.34059E-2 6.42366E-2 8.29454E-2 8.19061E-2 6.879E-2 6.07327E-2 6.18379E-2 4.73591E-2 3.86647E-2 3.29707E-2 3.83155E-2 4.70665E-2 3.73002E-2 3.48819E-2 4.16996E-2 5.63112E-2 5.68631E-2 5.15343E-2 5.3222E-2 5.14716E-2 5.36375E-2 5.01787E-2 5.26377E-2 5.74265E-2 7.43342E-2
9.67085E-2 9.67731E-2 9.77785E-2 9.7614E-2 9.77849E-2 1.00565E-1 1.0397E-1 1.06165E-1 1.02162E-1 8.23343E-2 8.37396E-2 8.43721E-2 8.7709E-2 8.77896E-2 9.19449E-2 9.84448E-2 9.88071E-2 1.04704E-1 1.14587E-1 1.32148E-1 1.4333E-1 1.40492E-1 1.39233E-1 1.26331E-1 1.18913E-1 1.1603E-1 1.2468E-1 9.50526E-2 6.86208E-2 7.57719E-2 5.25557E-2 4.41815E-2 4.18781E-2 3.62014E-2 3.72505E-2 3.74776E-2 4.41442E-2 5.28815E-2 7.79853E-2 7.87807E-2 7.14193E-2 7.70236E-2 7.06609E-2 6.1597E-2 5.90731E-2 5.71892E-2 4.74927E-2 3.83492E-2 4.11663E-2 3.50953E-2 3.95425E-2 4.26113E-2 5.65429E-2 5.85312E-2 5.53793E-2 4.79405E-2 5.77298E-2 5.88968E-2 5.14501E-2 5.9626E-2 7.82926E-2
9.68391E-2 9.57011E-2 9.56995E-2 9.61116E-2 9.70229E-2 9.92899E-2 1.0508E-1 1.06273E-1 1.04358E-1 8.1255E-2 8.19989E-2 8.30186E-2 8.42104E-2 8.44089E-2 8.69589E-2 9.36148E-2 9.84595E-2 1.04074E-1 1.13891E-1 1.17596E-1 1.22949E-1 1.13511E-1 1.26366E-1 1.30437E-1 1.22001E-1 1.19448E-1 1.23601E-1 1.28113E-1 1.0894E-1 1.04067E-1 7.9719E-2 5.69662E-2 7.18449E-2 6.15613E-2 6.77823E-2 6.69834E-2 5.65955E-2 5.68031E-2 6.46251E-2 8.48586E-2 7.97144E-2 8.43216E-2 7.39451E-2 7.28799E-2 7.12589E-2 6.56352E-2 5.12979E-2 3.96691E-2 4.30002E-2 5.32481E-2 4.01871E-2 4.30998E-2 4.80803E-2 5.50758E-2 6.39345E-2 6.70198E-2 6.31383E-2 4.13362E-2 5.17896E-2 6.41158E-2 7.95286E-2
9.50438E-2 9.55824E-2 9.60038E-2 9.80529E-2 9.5539E-2 9.86905E-2 1.02071E-1 1.02044E-1 7.93922E-2 7.99678E-2 7.8494E-2 7.98026E-2 8.08112E-2 8.22211E-2 9.02501E-2 9.75355E-2 9.78487E-2 1.02173E-1 1.10438E-1 1.14571E-1 1.16877E-1 1.04423E-1 1.04946E-1 1.13307E-1 1.30479E-1 1.32264E-1 1.34039E-1 1.26494E-1 1.13073E-1 1.18966E-1 1.04862E-1 6.90616E-2 8.6789E-2 6.23855E-2 7.66967E-2 9.43729E-2 7.17278E-2 8.05239E-2 7.74268E-2 8.48489E-2 7.5051E-2 7.42904E-2 7.01081E-2 6.53546E-2 5.79002E-2 5.00553E-2 5.63531E-2 5.88152E-2 5.06596E-2 4.81249E-2 5.02221E-2 3.50253E-2 4.49653E-2 5.18876E-2 5.45379E-2 6.75999E-2 6.58878E-2 5.53986E-2 4.59023E-2 5.57872E-2 7.95897E-2
9.73373E-2 9.77187E-2 9.77219E-2 9.76254E-2 9.53419E-2 9.94362E-2 8.10705E-2 1.02968E-1 8.04873E-2 8.14276E-2 7.9975E-2 7.9631E-2 8.17816E-2 8.76807E-2 9.28277E-2 9.53575E-2 9.81943E-2 1.03027E-1 1.07716E-1 1.1118E-1 1.12328E-1 1.09254E-1 1.23533E-1 1.16567E-1 1.09995E-1 1.2353E-1 1.17771E-1 1.33862E-1 1.40302E-1 1.53965E-1 1.34483E-1 1.15767E-1 1.09352E-1 9.87739E-2 9.08187E-2 1.04061E-1 8.66433E-2 9.3336E-2 8.93061E-2 7.32619E-2 5.83409E-2 5.44419E-2 5.90697E-2 4.84972E-2 4.51434E-2 4.83798E-2 5.16589E-2 6.17479E-2 5.01066E-2 4.17728E-2 4.57906E-2 4.52835E-2 4.68889E-2 3.1781E-2 3.48547E-2 5.21318E-2 8.26988E-2 5.95674E-2 5.06038E-2 6.9757E-2 7.60715E-2
9.82597E-2 9.72907E-2 9.62958E-2 9.66704E-2 9.78833E-2 7.7803E-2 1.03783E-1 7.91489E-2 7.9968E-2 8.06722E-2 7.9375E-2 8.2224E-2 8.73755E-2 9.20125E-2 9.05629E-2 9.70206E-2 9.58067E-2 1.03074E-1 1.08259E-1 1.079E-1 1.06491E-1 1.07438E-1 1.17257E-1 1.37699E-1 1.31792E-1 1.09028E-1 1.26775E-1 1.192E-1 1.15009E-1 1.08963E-1 1.32735E-1 1.26719E-1 1.18232E-1 1.22466E-1 1.19118E-1 1.1581E-1 1.06794E-1 8.73786E-2 7.30851E-2 5.82459E-2 5.75872E-2 5.17149E-2 5.05387E-2 5.71395E-2 4.51903E-2 5.29539E-2 5.08885E-2 6.37926E-2 6.27421E-2 5.87057E-2 4.59753E-2 4.48106E-2 4.39711E-2 3.57992E-2 3.68096E-2 4.86543E-2 7.01654E-2 7.42014E-2 5.15024E-2 8.20177E-2 6.58067E-2
9.7679E-2 9.80433E-2 7.33819E-2 7.44525E-2 9.75012E-2 9.74985E-2 7.78169E-2 7.67916E-2 7.9162E-2 8.01447E-2 8.12426E-2 8.35777E-2 8.78242E-2 9.01751E-2 9.22881E-2 9.8541E-2 9.9782E-2 1.03965E-1 1.05582E-1 1.06846E-1 1.05271E-1 1.07219E-1 1.12132E-1 1.19549E-1 1.31409E-1 1.24566E-1 1.11129E-1 1.04931E-1 1.11182E-1 1.14465E-1 1.07997E-1 1.17895E-1 1.28369E-1 1.26176E-1 1.21006E-1 1.30097E-1 1.13408E-1 9.38476E-2 7.89358E-2 9.52903E-2 8.44754E-2 8.84873E-2 7.13953E-2 5.68383E-2 7.09555E-2 7.23872E-2 5.78849E-2 6.6523E-2 6.36793E-2 4.98948E-2 4.50323E-2 4.83266E-2 5.1412E-2 3.97151E-2 4.87912E-2 5.47722E-2 7.29224E-2 8.22145E-2 7.84641E-2 8.7177E-2 5.94847E-2
1.04213E-1 1.02454E-1 9.80483E-2 7.53345E-2 7.59662E-2 7.64072E-2 7.67626E-2 7.98774E-2 7.9277E-2 8.19506E-2 8.09132E-2 8.51361E-2 8.91182E-2 8.88746E-2 9.43562E-2 9.71181E-2 9.84004E-2 1.01706E-1 1.04564E-1 1.02938E-1 1.04161E-1 1.0646E-1 1.08069E-1 1.19149E-1 1.25284E-1 1.27072E-1 1.30552E-1 1.17019E-1 1.10777E-1 1.10892E-1 1.28865E-1 1.31155E-1 1.27005E-1 1.2175E-1 1.24624E-1 1.22318E-1 1.33041E-1 1.23947E-1 1.03895E-1 6.04878E-2 3.63204E-2 4.46898E-2 5.57471E-2 7.82617E-2 7.49506E-2 6.51389E-2 6.11122E-2 5.50542E-2 5.12284E-2 5.77932E-2 4.67428E-2 4.72136E-2 5.26052E-2 5.69131E-2 6.3385E-2 6.84777E-2 7.77537E-2 7.53297E-2 8.29134E-2 8.72033E-2 7.63734E-2
1.0369E-1 7.87752E-2 7.96991E-2 7.7216E-2 1.00588E-1 7.86204E-2 8.1134E-2 8.20847E-2 8.64836E-2 8.61145E-2 8.48986E-2 8.84416E-2 8.91952E-2 9.17723E-2 9.51855E-2 9.57257E-2 9.92238E-2 1.0005E-1 1.00989E-1 1.04022E-1 1.02509E-1 1.03702E-1 1.08314E-1 1.16446E-1 1.09507E-1 1.06829E-1 1.08898E-1 1.16049E-1 1.24945E-1 1.25379E-1 1.25615E-1 1.28629E-1 1.29465E-1 1.44723E-1 1.48526E-1 1.4424E-1 1.27503E-1 1.34759E-1 1.25425E-1 7.16133E-2 3.91525E-2 3.3242E-2 3.18154E-2 5.15761E-2 6.33157E-2 5.02588E-2 3.87174E-2 4.36903E-2 3.50175E-2 4.14038E-2 3.62845E-2 4.29219E-2 5.04906E-2 5.14223E-2 6.4617E-2 7.36558E-2 7.8896E-2 7.56037E-2 6.30718E-2 6.53173E-2 8.61497E-2
1.03558E-1 8.06052E-2 7.88728E-2 7.96791E-2 7.9811E-2 7.98388E-2 8.2887E-2 8.68189E-2 8.98268E-2 8.73071E-2 8.66201E-2 8.78496E-2 8.9328E-2 9.09189E-2 9.68893E-2 9.75065E-2 1.00861E-1 1.01899E-1 1.02302E-1 1.02901E-1 1.00895E-1 1.03924E-1 1.12935E-1 1.10318E-1 1.04182E-1 1.02192E-1 1.02649E-1 1.05178E-1 1.07201E-1 1.15712E-1 1.27059E-1 1.33457E-1 1.35072E-1 1.38583E-1 1.37792E-1 1.32192E-1 1.22894E-1 1.41065E-1 1.42359E-1 1.34444E-1 9.65127E-2 6.22314E-2 4.20575E-2 3.37124E-2 5.52615E-2 4.31915E-2 4.08108E-2 3.11908E-2 3.35534E-2 3.61182E-2 3.57173E-2 3.42037E-2 4.30654E-2 4.7624E-2 4.78917E-2 5.43017E-2 6.50293E-2 6.38094E-2 4.74792E-2 4.13782E-2 4.78948E-2
8.13342E-2 8.01166E-2 7.86972E-2 1.01911E-1 8.21417E-2 8.23641E-2 8.26273E-2 8.58874E-2 8.9194E-2 8.81878E-2 8.79813E-2 8.70629E-2 9.08494E-2 9.19929E-2 9.78999E-2 9.97008E-2 1.00079E-1 1.00583E-1 1.00733E-1 1.02111E-1 1.02343E-1 1.06004E-1 1.08104E-1 1.06373E-1 1.01054E-1 9.89735E-2 9.89529E-2 1.01321E-1 1.04222E-1 1.10464E-1 1.1244E-1 1.21906E-1 1.21536E-1 1.21616E-1 1.27895E-1 1.34148E-1 1.27358E-1 1.41565E-1 1.41289E-1 1.45684E-1 1.39608E-1 1.01844E-1 6.18932E-2 2.94868E-2 3.55964E-2 4.34267E-2 4.3057E-2 4.33418E-2 4.02575E-2 3.04588E-2 4.4738E-2 4.81543E-2 5.98696E-2 5.04702E-2 5.55852E-2 5.72914E-2 4.43987E-2 4.0385E-2 3.64166E-2 4.16893E-2 4.31659E-2
8.34087E-2 8.15648E-2 8.0834E-2 8.11524E-2 8.13061E-2 8.15612E-2 8.40513E-2 8.5296E-2 8.95839E-2 8.78683E-2 8.68672E-2 8.66183E-2 9.02585E-2 9.30592E-2 9.70016E-2 9.76923E-2 1.00658E-1 1.01669E-1 1.03346E-1 1.03615E-1 1.01251E-1 1.02062E-1 1.0592E-1 1.04872E-1 1.00073E-1 1.00352E-1 1.00012E-1 1.01447E-1 1.05315E-1 1.06207E-1 1.09425E-1 1.13051E-1 1.13032E-1 1.1009E-1 1.14564E-1 1.21243E-1 1.22663E-1 1.28432E-1 1.35654E-1 1.47812E-1 1.48801E-1 1.25657E-1 7.91421E-2 6.97977E-2 6.89946E-2 8.12103E-2 6.56131E-2 5.84589E-2 4.51965E-2 4.09052E-2 4.97289E-2 4.81837E-2 5.11591E-2 7.0847E-2 6.98437E-2 5.99505E-2 4.9132E-2 4.84854E-2 4.81362E-2 4.10012E-2 4.68995E-2
8.22967E-2 8.1575E-2 8.27685E-2 8.26212E-2 8.34764E-2 8.55584E-2 8.63194E-2 8.76016E-2 9.3375E-2 8.90718E-2 8.80229E-2 9.03019E-2 9.07245E-2 9.41363E-2 9.27864E-2 9.90014E-2 9.928E-2 1.00922E-1 1.02178E-1 1.02694E-1 1.00123E-1 1.03615E-1 1.0381E-1 1.01485E-1 9.88031E-2 9.81712E-2 9.71008E-2 9.97981E-2 1.01534E-1 1.03893E-1 1.09995E-1 1.12794E-1 1.05179E-1 1.09595E-1 1.11824E-1 1.15744E-1 1.18174E-1 1.28369E-1 1.38043E-1 1.4716E-1 1.48087E-1 1.55308E-1 1.45629E-1 1.30954E-1 8.71466E-2 1.04601E-1 1.11795E-1 8.47036E-2 7.18885E-2 5.85652E-2 6.97234E-2 7.11148E-2 4.97718E-2 7.43156E-2 7.8103E-2 6.07718E-2 5.63741E-2 5.43318E-2 6.41987E-2 4.35962E-2 4.93707E-2
