Artocarpus heterophyllus SDM files/Last interglacial/results (without bias file)/Arthet_8.asc
ncols         625
nrows         721
xllcorner     69.99986311115
yllcorner     5.99986151914999
cellsize      0.041666667
NODATA_value  -9999
[rows 594 to 620 of 721, columns 122 to 182 of 625]
-9999 -9999 -9999 -9999 -9999 -9999 -9999 -9999 -9999 -9999 -9999 -9999 -9999 -9999 -9999 -9999 9.95382E-1 9.96959E-1 9.97876E-1 9.97979E-1 9.94511E-1 9.91958E-1 9.78195E-1 9.76255E-1 9.62425E-1 9.78854E-1 9.96458E-1 9.96259E-1 9.95469E-1 9.92881E-1 9.91771E-1 9.70452E-1 9.55453E-1 9.77593E-1 9.1535E-1 8.40512E-1 8.46471E-1 9.72787E-1 9.67255E-1 9.70187E-1 9.37817E-1 8.83788E-1 8.1456E-1 7.71835E-1 7.74809E-1 7.3869E-1 7.40158E-1 7.35914E-1 6.86802E-1 7.45952E-1 7.64342E-1 7.41157E-1 7.60832E-1 7.44304E-1 6.95589E-1 7.03167E-1 7.07776E-1 7.09402E-1 6.33372E-1 6.45662E-1 6.26604E-1
-9999 -9999 -9999 -9999 -9999 -9999 -9999 -9999 -9999 -9999 -9999 -9999 -9999 -9999 -9999 -9999 9.96768E-1 9.98019E-1 9.98084E-1 9.97856E-1 9.94343E-1 9.93558E-1 9.94398E-1 9.93347E-1 9.94317E-1 9.93554E-1 9.96348E-1 9.9547E-1 9.94921E-1 9.93043E-1 9.73628E-1 9.81518E-1 9.73397E-1 8.99148E-1 8.89512E-1 8.5355E-1 8.37027E-1 9.78838E-1 9.6571E-1 9.21436E-1 8.94385E-1 8.49538E-1 7.93461E-1 7.68286E-1 8.12611E-1 7.33972E-1 7.50336E-1 7.35153E-1 7.72899E-1 7.25722E-1 7.37801E-1 7.70055E-1 7.41044E-1 7.42998E-1 6.89115E-1 6.8271E-1 6.96942E-1 7.18303E-1 6.74127E-1 6.49628E-1 6.16859E-1
-9999 -9999 -9999 -9999 -9999 -9999 -9999 -9999 -9999 -9999 -9999 -9999 -9999 -9999 -9999 -9999 9.98818E-1 9.98522E-1 9.98493E-1 9.96612E-1 9.9551E-1 9.93612E-1 9.96273E-1 9.95062E-1 9.945E-1 9.95191E-1 9.95095E-1 9.94555E-1 9.94536E-1 9.90767E-1 9.59472E-1 9.41771E-1 9.55014E-1 9.51862E-1 9.69643E-1 9.71018E-1 9.82509E-1 9.61747E-1 9.36109E-1 8.89603E-1 9.09516E-1 8.45376E-1 8.04502E-1 8.44583E-1 8.02916E-1 7.45188E-1 7.46618E-1 7.50855E-1 7.60156E-1 7.09749E-1 7.36312E-1 7.33821E-1 7.11499E-1 7.30832E-1 6.83112E-1 6.77224E-1 6.62973E-1 7.06158E-1 7.04576E-1 6.63347E-1 6.34055E-1
-9999 -9999 -9999 -9999 -9999 -9999 -9999 -9999 -9999 -9999 -9999 -9999 -9999 -9999 -9999 -9999 -9999 9.98637E-1 9.97997E-1 9.971E-1 9.97145E-1 9.93667E-1 9.95633E-1 9.94159E-1 9.97672E-1 9.93174E-1 9.95223E-1 9.95195E-1 9.92727E-1 9.91996E-1 9.81139E-1 9.72623E-1 9.58421E-1 9.84045E-1 9.9072E-1 9.91862E-1 9.39592E-1 8.99816E-1 8.92507E-1 8.94522E-1 9.18822E-1 8.80994E-1 8.94343E-1 8.48552E-1 8.01764E-1 7.82614E-1 7.31864E-1 7.11626E-1 7.2182E-1 6.83694E-1 7.04433E-1 7.20064E-1 6.87738E-1 6.87278E-1 6.637E-1 6.64104E-1 6.75542E-1 6.7229E-1 6.89763E-1 6.718E-1 6.50808E-1
-9999 -9999 -9999 -9999 -9999 -9999 -9999 -9999 -9999 -9999 -9999 -9999 -9999 -9999 -9999 -9999 -9999 9.97839E-1 9.97849E-1 9.97586E-1 9.96352E-1 9.9474E-1 9.86501E-1 9.95362E-1 9.9625E-1 9.97349E-1 9.95515E-1 9.94474E-1 9.93022E-1 9.89829E-1 9.49776E-1 9.78699E-1 9.88448E-1 9.96653E-1 9.80126E-1 9.83338E-1 9.28413E-1 8.97994E-1 9.44413E-1 9.1998E-1 8.95607E-1 9.32253E-1 9.10382E-1 8.60517E-1 8.04658E-1 7.87532E-1 7.05151E-1 7.15338E-1 7.30172E-1 6.82226E-1 6.82218E-1 6.39508E-1 6.57769E-1 6.68343E-1 6.23319E-1 6.24133E-1 6.19377E-1 6.50064E-1 6.06966E-1 6.09418E-1 6.24121E-1
-9999 -9999 -9999 -9999 -9999 -9999 -9999 -9999 -9999 -9999 -9999 -9999 -9999 -9999 -9999 -9999 -9999 -9999 9.97177E-1 9.97903E-1 9.95374E-1 9.90293E-1 9.97409E-1 9.95521E-1 9.95883E-1 9.93679E-1 9.87429E-1 9.98207E-1 9.95487E-1 9.91813E-1 9.81095E-1 9.5045E-1 9.75612E-1 9.9102E-1 9.81435E-1 9.62657E-1 9.8241E-1 9.28801E-1 9.52335E-1 9.4253E-1 9.40831E-1 9.48743E-1 8.64847E-1 8.17868E-1 7.94582E-1 7.82758E-1 7.28972E-1 7.03372E-1 6.89197E-1 6.5249E-1 6.52529E-1 6.59781E-1 6.17232E-1 6.26622E-1 6.44383E-1 6.04713E-1 6.01008E-1 6.10255E-1 6.33142E-1 5.92686E-1 5.86041E-1
-9999 -9999 -9999 -9999 -9999 -9999 -9999 -9999 -9999 -9999 -9999 -9999 -9999 -9999 -9999 -9999 -9999 -9999 9.97742E-1 9.98952E-1 9.9818E-1 9.98228E-1 9.9504E-1 9.95407E-1 9.95279E-1 9.93949E-1 9.92205E-1 9.94497E-1 9.94665E-1 9.95135E-1 9.91934E-1 9.9236E-1 8.83193E-1 8.51869E-1 9.79336E-1 9.72145E-1 9.84477E-1 9.75883E-1 9.84227E-1 9.4634E-1 9.25675E-1 8.91351E-1 8.88614E-1 7.99107E-1 7.7956E-1 7.65981E-1 7.17304E-1 6.7635E-1 6.71387E-1 6.6088E-1 6.25612E-1 6.35085E-1 5.92298E-1 6.00723E-1 6.23171E-1 5.80795E-1 5.88978E-1 6.03938E-1 6.34513E-1 5.88544E-1 5.91254E-1
-9999 -9999 -9999 -9999 -9999 -9999 -9999 -9999 -9999 -9999 -9999 -9999 -9999 -9999 -9999 -9999 -9999 -9999 9.97911E-1 9.98598E-1 9.98343E-1 9.97775E-1 9.9555E-1 9.9764E-1 9.97511E-1 9.95778E-1 9.9592E-1 9.95909E-1 9.82605E-1 9.95851E-1 9.94457E-1 9.94333E-1 9.96493E-1 9.9395E-1 8.41607E-1 8.22787E-1 9.8526E-1 9.7959E-1 9.76868E-1 9.18453E-1 8.74824E-1 8.24328E-1 8.06901E-1 7.86369E-1 7.22589E-1 7.55259E-1 7.10795E-1 6.91707E-1 6.75313E-1 6.55308E-1 6.10595E-1 6.18895E-1 5.58339E-1 5.67931E-1 6.12306E-1 5.61637E-1 5.88343E-1 6.11137E-1 6.29737E-1 6.07733E-1 6.01795E-1
-9999 -9999 -9999 -9999 -9999 -9999 -9999 -9999 -9999 -9999 -9999 -9999 -9999 -9999 -9999 -9999 -9999 -9999 9.9809E-1 9.98648E-1 9.98022E-1 9.9742E-1 9.96376E-1 9.97492E-1 9.95141E-1 9.98148E-1 9.93545E-1 9.95661E-1 9.93634E-1 9.97309E-1 9.9746E-1 9.96958E-1 9.91966E-1 9.28602E-1 8.7855E-1 9.2128E-1 9.89163E-1 9.97662E-1 9.60674E-1 9.08398E-1 8.80318E-1 8.52185E-1 8.63518E-1 8.1922E-1 7.82937E-1 7.53072E-1 7.60259E-1 7.1406E-1 7.19919E-1 6.16568E-1 6.34551E-1 6.23719E-1 5.94475E-1 5.71984E-1 5.84319E-1 5.76943E-1 5.62043E-1 5.87492E-1 6.08536E-1 5.8252E-1 6.19001E-1
-9999 -9999 -9999 -9999 -9999 -9999 -9999 -9999 -9999 -9999 -9999 -9999 -9999 -9999 -9999 -9999 -9999 -9999 -9999 9.99025E-1 9.97739E-1 9.97702E-1 9.97376E-1 9.96834E-1 9.97341E-1 9.97473E-1 9.96926E-1 9.96125E-1 9.97518E-1 9.97639E-1 9.9259E-1 9.92758E-1 9.43486E-1 9.04608E-1 9.03817E-1 9.40223E-1 9.81365E-1 9.46871E-1 9.81019E-1 9.70619E-1 9.41702E-1 9.21581E-1 8.79032E-1 7.88553E-1 7.81048E-1 7.14307E-1 7.11021E-1 7.02776E-1 7.00015E-1 6.88141E-1 5.8795E-1 5.85087E-1 5.94069E-1 5.54325E-1 5.7907E-1 5.84039E-1 5.6221E-1 5.76846E-1 6.08635E-1 5.84187E-1 6.02579E-1
-9999 -9999 -9999 -9999 -9999 -9999 -9999 -9999 -9999 -9999 -9999 -9999 -9999 -9999 -9999 -9999 -9999 -9999 -9999 9.99135E-1 9.99185E-1 9.99037E-1 9.98745E-1 9.9701E-1 9.97495E-1 9.9596E-1 9.95379E-1 9.95286E-1 9.94075E-1 9.92795E-1 9.92212E-1 9.91296E-1 9.96419E-1 9.29411E-1 9.17303E-1 8.65258E-1 8.38716E-1 8.60484E-1 8.22556E-1 7.52787E-1 9.65779E-1 8.44403E-1 8.46395E-1 8.312E-1 7.9857E-1 7.29641E-1 7.18219E-1 6.98466E-1 6.79055E-1 6.95569E-1 5.84272E-1 5.60663E-1 5.78441E-1 5.55453E-1 5.64709E-1 5.94149E-1 5.69672E-1 5.74913E-1 5.86125E-1 5.50602E-1 5.68546E-1
-9999 -9999 -9999 -9999 -9999 -9999 -9999 -9999 -9999 -9999 -9999 -9999 -9999 -9999 -9999 -9999 -9999 -9999 -9999 9.99352E-1 9.9931E-1 9.99178E-1 9.97362E-1 9.98612E-1 9.97604E-1 9.96583E-1 9.95664E-1 9.95493E-1 9.9726E-1 9.91166E-1 9.96251E-1 9.94122E-1 9.40813E-1 9.36631E-1 9.01487E-1 9.20914E-1 9.19453E-1 9.03485E-1 8.6098E-1 8.46286E-1 8.51463E-1 8.41755E-1 8.0101E-1 8.59239E-1 8.19955E-1 7.8249E-1 7.30898E-1 6.92826E-1 6.88767E-1 7.01681E-1 5.97181E-1 5.22099E-1 5.68576E-1 5.29642E-1 5.3403E-1 5.79407E-1 6.03622E-1 5.91962E-1 5.82643E-1 5.94868E-1 5.58899E-1
-9999 -9999 -9999 -9999 -9999 -9999 -9999 -9999 -9999 -9999 -9999 -9999 -9999 -9999 -9999 -9999 -9999 -9999 -9999 9.98921E-1 9.99384E-1 9.99329E-1 9.98987E-1 9.98622E-1 9.97136E-1 9.96638E-1 9.97087E-1 9.95616E-1 9.94802E-1 9.94612E-1 9.9621E-1 9.94667E-1 9.31765E-1 9.28881E-1 9.41416E-1 9.37445E-1 9.2778E-1 9.19041E-1 8.84216E-1 8.88237E-1 8.47149E-1 8.22872E-1 9.13466E-1 8.81371E-1 7.65221E-1 8.199E-1 7.59548E-1 7.2364E-1 6.94923E-1 6.97948E-1 6.05024E-1 5.15863E-1 5.18434E-1 4.97137E-1 5.21085E-1 5.33783E-1 5.74213E-1 5.34156E-1 5.44929E-1 5.23201E-1 5.4202E-1
-9999 -9999 -9999 -9999 -9999 -9999 -9999 -9999 -9999 -9999 -9999 -9999 -9999 -9999 -9999 -9999 -9999 -9999 -9999 -9999 9.98575E-1 9.99385E-1 9.99159E-1 9.99091E-1 9.97036E-1 9.97828E-1 9.96852E-1 9.95121E-1 9.95455E-1 9.95704E-1 9.96653E-1 9.95759E-1 9.9715E-1 9.94208E-1 9.49103E-1 9.39344E-1 9.32901E-1 9.23326E-1 9.15857E-1 9.06088E-1 8.84081E-1 8.31147E-1 8.14885E-1 8.98847E-1 8.78701E-1 8.39339E-1 7.69938E-1 7.19002E-1 7.24477E-1 7.13596E-1 6.48885E-1 5.06195E-1 5.12684E-1 5.14687E-1 5.02609E-1 5.44311E-1 5.47244E-1 5.61256E-1 5.28149E-1 5.64061E-1 5.29002E-1
-9999 -9999 -9999 -9999 -9999 -9999 -9999 -9999 -9999 -9999 -9999 -9999 -9999 -9999 -9999 -9999 -9999 -9999 -9999 -9999 9.98589E-1 9.99343E-1 9.99268E-1 9.98772E-1 9.96157E-1 9.98372E-1 9.96167E-1 9.9493E-1 9.90366E-1 9.95497E-1 9.95302E-1 9.93795E-1 9.96269E-1 9.51413E-1 9.43294E-1 9.38166E-1 9.25844E-1 9.21401E-1 9.19676E-1 8.77045E-1 8.52609E-1 8.39592E-1 8.2922E-1 9.07671E-1 8.76915E-1 8.45867E-1 7.82634E-1 7.43502E-1 7.35965E-1 7.23227E-1 6.69478E-1 5.42336E-1 4.9949E-1 5.47333E-1 5.20065E-1 5.34448E-1 5.57616E-1 5.26844E-1 5.33463E-1 5.54109E-1 5.4309E-1
-9999 -9999 -9999 -9999 -9999 -9999 -9999 -9999 -9999 -9999 -9999 -9999 -9999 -9999 -9999 -9999 -9999 -9999 -9999 -9999 -9999 9.99235E-1 9.99256E-1 9.99069E-1 9.97918E-1 9.9859E-1 9.9551E-1 9.93148E-1 9.92078E-1 9.85653E-1 9.91433E-1 9.9534E-1 9.57704E-1 9.32548E-1 9.47514E-1 9.43259E-1 9.37696E-1 9.23996E-1 9.14709E-1 8.98664E-1 8.47339E-1 8.37526E-1 9.43698E-1 9.10965E-1 8.86215E-1 8.6622E-1 7.90955E-1 7.6104E-1 7.42993E-1 7.45277E-1 7.14521E-1 6.43623E-1 5.77194E-1 5.38273E-1 4.92321E-1 5.21786E-1 5.38396E-1 5.37242E-1 5.29326E-1 5.48151E-1 5.22891E-1
-9999 -9999 -9999 -9999 -9999 -9999 -9999 -9999 -9999 -9999 -9999 -9999 -9999 -9999 -9999 -9999 -9999 -9999 -9999 -9999 -9999 9.99304E-1 9.97961E-1 9.99058E-1 9.99188E-1 9.97237E-1 9.96855E-1 9.94465E-1 9.93045E-1 9.68747E-1 9.82796E-1 9.96795E-1 9.98505E-1 9.98086E-1 9.93369E-1 9.44167E-1 9.40719E-1 9.30761E-1 9.19734E-1 8.99684E-1 8.55037E-1 8.36877E-1 8.14861E-1 9.22484E-1 8.93492E-1 8.68393E-1 8.07504E-1 8.16041E-1 7.67285E-1 7.57099E-1 7.41656E-1 7.09969E-1 6.64557E-1 5.64348E-1 5.04808E-1 4.98296E-1 5.33206E-1 5.31839E-1 5.2137E-1 5.2952E-1 5.23595E-1
-9999 -9999 -9999 -9999 -9999 -9999 -9999 -9999 -9999 -9999 -9999 -9999 -9999 -9999 -9999 -9999 -9999 -9999 -9999 -9999 -9999 -9999 9.97983E-1 9.99174E-1 9.99166E-1 9.98912E-1 9.98554E-1 9.95345E-1 9.96325E-1 9.93569E-1 9.95637E-1 9.94502E-1 9.9727E-1 9.98141E-1 9.50621E-1 9.90427E-1 9.25382E-1 8.99338E-1 9.92831E-1 9.90359E-1 9.88171E-1 9.4051E-1 9.27283E-1 9.08285E-1 8.81705E-1 8.6971E-1 8.08167E-1 7.88906E-1 7.70475E-1 7.61002E-1 7.50616E-1 7.29094E-1 6.69018E-1 6.33204E-1 5.53658E-1 5.27005E-1 5.60609E-1 5.24044E-1 5.72667E-1 5.33092E-1 5.01932E-1
-9999 -9999 -9999 -9999 -9999 -9999 -9999 -9999 -9999 -9999 -9999 -9999 -9999 -9999 -9999 -9999 -9999 -9999 -9999 -9999 -9999 -9999 9.99223E-1 9.98111E-1 9.98194E-1 9.9923E-1 9.98651E-1 9.98157E-1 9.96639E-1 9.95417E-1 9.93041E-1 9.84881E-1 9.90086E-1 9.82742E-1 9.40976E-1 9.36778E-1 9.58724E-1 9.88169E-1 9.88082E-1 9.96071E-1 9.94624E-1 9.86026E-1 9.54287E-1 9.17516E-1 8.79986E-1 8.43231E-1 8.88705E-1 8.03627E-1 7.67417E-1 7.70031E-1 7.60708E-1 7.37088E-1 6.87118E-1 6.80705E-1 6.05075E-1 6.0809E-1 5.61153E-1 5.41964E-1 5.30067E-1 5.41303E-1 5.04146E-1
-9999 -9999 -9999 -9999 -9999 -9999 -9999 -9999 -9999 -9999 -9999 -9999 -9999 -9999 -9999 -9999 -9999 -9999 -9999 -9999 -9999 -9999 -9999 9.99149E-1 9.98017E-1 9.98987E-1 9.98705E-1 9.98272E-1 9.94844E-1 9.85511E-1 9.82296E-1 9.81395E-1 9.87741E-1 9.85271E-1 9.86663E-1 9.66323E-1 9.7408E-1 9.93006E-1 9.98977E-1 9.89558E-1 9.92561E-1 9.96506E-1 9.88653E-1 9.66686E-1 9.21883E-1 8.40785E-1 9.61626E-1 8.78752E-1 8.86962E-1 7.76019E-1 7.83572E-1 7.52429E-1 7.48941E-1 6.88431E-1 6.46427E-1 6.52702E-1 5.62164E-1 5.4348E-1 5.22238E-1 5.6486E-1 5.01692E-1
-9999 -9999 -9999 -9999 -9999 -9999 -9999 -9999 -9999 -9999 -9999 -9999 -9999 -9999 -9999 -9999 -9999 -9999 -9999 -9999 -9999 -9999 -9999 9.9891E-1 9.9762E-1 9.97878E-1 9.96955E-1 9.96132E-1 9.97472E-1 9.90544E-1 9.88767E-1 9.86523E-1 9.83784E-1 9.81802E-1 9.50612E-1 9.77382E-1 9.78522E-1 9.92033E-1 9.9868E-1 9.91841E-1 9.93435E-1 9.94021E-1 9.93752E-1 9.97553E-1 9.98668E-1 9.86194E-1 9.43362E-1 9.47757E-1 9.55601E-1 9.11811E-1 9.0955E-1 8.01938E-1 7.00159E-1 6.87557E-1 6.89629E-1 6.46219E-1 5.51107E-1 5.53868E-1 5.50416E-1 5.33693E-1 4.70887E-1
-9999 -9999 -9999 -9999 -9999 -9999 -9999 -9999 -9999 -9999 -9999 -9999 -9999 -9999 -9999 -9999 -9999 -9999 -9999 -9999 -9999 -9999 -9999 -9999 9.97226E-1 9.9744E-1 9.97536E-1 9.98469E-1 9.9565E-1 9.97446E-1 9.91249E-1 9.85893E-1 9.81504E-1 9.66544E-1 9.56738E-1 9.69584E-1 9.81093E-1 9.89057E-1 9.95487E-1 9.95759E-1 9.9234E-1 9.91521E-1 9.9185E-1 9.9256E-1 9.95951E-1 9.99116E-1 9.94617E-1 9.78993E-1 9.94899E-1 9.89751E-1 9.46525E-1 7.92255E-1 7.51033E-1 8.06096E-1 7.5345E-1 6.86373E-1 5.69576E-1 5.32922E-1 5.08193E-1 5.09945E-1 6.56495E-1
-9999 -9999 -9999 -9999 -9999 -9999 -9999 -9999 -9999 -9999 -9999 -9999 -9999 -9999 -9999 -9999 -9999 -9999 -9999 -9999 -9999 -9999 -9999 -9999 9.97143E-1 9.9755E-1 9.96892E-1 9.9675E-1 9.95309E-1 9.92626E-1 9.87783E-1 9.91281E-1 9.90107E-1 9.87329E-1 9.64877E-1 9.6011E-1 9.82694E-1 9.8604E-1 9.87355E-1 9.95109E-1 9.97274E-1 9.97584E-1 9.97436E-1 9.90691E-1 9.95088E-1 9.96316E-1 9.9895E-1 9.91868E-1 9.89775E-1 9.86304E-1 9.12731E-1 7.90515E-1 7.7878E-1 8.43481E-1 8.14852E-1 7.93181E-1 7.92111E-1 5.63859E-1 7.1731E-1 7.8112E-1 7.44753E-1
-9999 -9999 -9999 -9999 -9999 -9999 -9999 -9999 -9999 -9999 -9999 -9999 -9999 -9999 -9999 -9999 -9999 -9999 -9999 -9999 -9999 -9999 -9999 -9999 9.9881E-1 9.97374E-1 9.97012E-1 9.95296E-1 9.93954E-1 9.94588E-1 9.94324E-1 9.89954E-1 9.79175E-1 9.68705E-1 9.63082E-1 9.63938E-1 9.57814E-1 9.64704E-1 9.81578E-1 9.86395E-1 9.93866E-1 9.95372E-1 9.97379E-1 9.95969E-1 9.96212E-1 9.96351E-1 9.98492E-1 9.94693E-1 9.74778E-1 9.87503E-1 9.2845E-1 8.17699E-1 8.55567E-1 9.4117E-1 9.04823E-1 9.26939E-1 8.44489E-1 8.75556E-1 8.08474E-1 8.77728E-1 8.93162E-1
-9999 -9999 -9999 -9999 -9999 -9999 -9999 -9999 -9999 -9999 -9999 -9999 -9999 -9999 -9999 -9999 -9999 -9999 -9999 -9999 -9999 -9999 -9999 -9999 -9999 9.97217E-1 9.96645E-1 9.95738E-1 9.75591E-1 9.95739E-1 9.92039E-1 9.88537E-1 9.81265E-1 9.74719E-1 9.80534E-1 9.82541E-1 9.67088E-1 9.80074E-1 9.83222E-1 9.81773E-1 9.90232E-1 9.91901E-1 9.89377E-1 9.94137E-1 9.97648E-1 9.96103E-1 9.97449E-1 9.98563E-1 9.80966E-1 9.67994E-1 9.26615E-1 9.60538E-1 8.79954E-1 9.23733E-1 9.28909E-1 9.3507E-1 8.87818E-1 8.74113E-1 9.11389E-1 8.72174E-1 8.53827E-1
-9999 -9999 -9999 -9999 -9999 -9999 -9999 -9999 -9999 -9999 -9999 -9999 -9999 -9999 -9999 -9999 -9999 -9999 -9999 -9999 -9999 -9999 -9999 -9999 -9999 9.98482E-1 9.98628E-1 9.96973E-1 9.95308E-1 9.96213E-1 9.92643E-1 9.96432E-1 9.90398E-1 9.91619E-1 9.85226E-1 9.94723E-1 9.7593E-1 9.87611E-1 9.93661E-1 9.93558E-1 9.92164E-1 9.865E-1 9.92903E-1 9.95663E-1 9.97245E-1 9.95284E-1 9.97476E-1 9.82126E-1 9.82268E-1 9.67832E-1 9.64226E-1 9.89855E-1 9.76305E-1 9.53221E-1 9.05982E-1 8.52118E-1 8.47606E-1 8.65953E-1 9.08453E-1 8.39919E-1 7.79247E-1
-9999 -9999 -9999 -9999 -9999 -9999 -9999 -9999 -9999 -9999 -9999 -9999 -9999 -9999 -9999 -9999 -9999 -9999 -9999 -9999 -9999 -9999 -9999 -9999 -9999 9.98603E-1 9.96942E-1 9.96634E-1 9.96467E-1 9.96392E-1 9.95387E-1 9.97788E-1 9.93767E-1 9.91335E-1 9.96056E-1 9.94047E-1 9.89762E-1 9.85134E-1 9.9218E-1 9.93888E-1 9.83477E-1 9.79593E-1 9.71875E-1 9.88743E-1 9.94413E-1 9.97701E-1 9.98883E-1 9.78943E-1 9.9439E-1 9.90267E-1 9.4795E-1 9.53973E-1 9.47488E-1 9.29387E-1 9.15322E-1 8.79044E-1 9.37542E-1 8.83539E-1 7.74518E-1 6.78799E-1 6.77389E-1
