Artocarpus heterophyllus SDM files/Last interglacial/results (without bias file)/Arthet_avg.asc
ncols         625
nrows         721
xllcorner     69.99986311115
yllcorner     5.99986151914999
cellsize      0.041666667
NODATA_value  -9999
[rows 351 to 377 of 721, columns 183 to 243 of 625]
2.15305E-1 2.3523E-1 2.20013E-1 2.21999E-1 2.31409E-1 2.45144E-1 2.43995E-1 2.15209E-1 1.97369E-1 1.92916E-1 1.98966E-1 2.16538E-1 2.17798E-1 2.10886E-1 2.02329E-1 2.07378E-1 2.06063E-1 2.05917E-1 2.06461E-1 2.11761E-1 2.16206E-1 2.21528E-1 2.24854E-1 2.19161E-1 2.19828E-1 2.11253E-1 1.98765E-1 1.98805E-1 1.9688E-1 1.91675E-1 1.93528E-1 2.01138E-1 2.02696E-1 2.08408E-1 2.12751E-1 2.15707E-1 2.15144E-1 2.10193E-1 2.22318E-1 2.22065E-1 2.09244E-1 2.17068E-1 2.10868E-1 2.13403E-1 2.17431E-1 2.11031E-1 1.98906E-1 2.0733E-1 2.11478E-1 2.03932E-1 2.00127E-1 1.97558E-1 2.02449E-1 2.09242E-1 2.12275E-1 2.48606E-1 2.26642E-1 2.37506E-1 2.72913E-1 2.58489E-1 2.41983E-1
2.24155E-1 2.26109E-1 2.18555E-1 2.30484E-1 2.30185E-1 2.16455E-1 2.13378E-1 2.01172E-1 1.88938E-1 1.9154E-1 1.96748E-1 2.01616E-1 2.0687E-1 2.139E-1 2.12966E-1 2.07392E-1 2.10036E-1 2.0725E-1 2.04858E-1 2.03886E-1 2.08192E-1 2.16396E-1 2.17539E-1 2.15691E-1 2.26264E-1 2.20757E-1 2.08368E-1 1.94774E-1 1.87338E-1 1.91744E-1 1.92241E-1 2.03094E-1 2.03055E-1 2.1055E-1 2.09832E-1 2.12161E-1 2.17594E-1 2.20785E-1 2.21712E-1 2.14754E-1 2.17433E-1 2.18887E-1 2.16597E-1 2.13534E-1 2.13586E-1 2.1119E-1 2.08101E-1 2.02752E-1 2.07634E-1 2.10022E-1 2.11138E-1 2.05895E-1 2.06679E-1 2.20678E-1 2.12895E-1 2.19123E-1 2.26808E-1 2.29552E-1 2.75392E-1 2.65634E-1 2.21796E-1
2.27479E-1 2.20456E-1 2.27426E-1 2.27522E-1 2.20508E-1 2.11402E-1 1.787E-1 2.02534E-1 1.95706E-1 1.92245E-1 1.964E-1 2.12965E-1 2.0425E-1 1.95552E-1 2.03582E-1 2.05482E-1 2.21524E-1 2.12371E-1 2.18698E-1 2.02541E-1 2.02659E-1 1.94334E-1 2.05921E-1 2.28074E-1 2.27619E-1 2.37991E-1 2.16379E-1 1.90709E-1 1.92328E-1 1.91654E-1 1.93588E-1 1.9797E-1 2.0426E-1 2.1145E-1 2.08891E-1 2.13016E-1 2.10236E-1 2.14735E-1 2.21664E-1 2.18886E-1 2.15143E-1 2.15108E-1 2.19547E-1 2.12817E-1 2.12142E-1 2.09508E-1 2.10959E-1 2.0848E-1 2.05454E-1 2.07683E-1 2.12978E-1 2.08016E-1 2.19922E-1 2.24531E-1 2.21039E-1 2.19865E-1 2.36879E-1 2.44813E-1 2.72944E-1 2.19797E-1 2.17713E-1
2.21476E-1 1.87658E-1 1.88383E-1 1.87576E-1 2.14747E-1 1.7141E-1 1.68843E-1 1.69413E-1 1.67568E-1 1.61786E-1 1.69824E-1 1.83043E-1 1.95392E-1 2.06739E-1 2.00268E-1 2.1157E-1 2.06555E-1 2.20627E-1 2.1262E-1 2.34448E-1 2.31177E-1 2.08347E-1 1.86731E-1 2.12653E-1 2.26157E-1 2.24387E-1 2.0339E-1 1.94617E-1 1.99154E-1 2.00601E-1 2.04365E-1 1.99785E-1 2.06575E-1 2.09771E-1 2.07496E-1 2.09018E-1 2.07884E-1 2.18629E-1 2.20315E-1 2.2339E-1 2.25617E-1 2.16244E-1 2.1841E-1 2.20681E-1 2.14221E-1 2.09375E-1 2.04122E-1 2.02281E-1 2.02899E-1 2.0598E-1 2.13763E-1 2.12797E-1 2.20255E-1 2.33757E-1 2.38023E-1 2.29171E-1 2.31183E-1 2.79542E-1 2.59931E-1 2.23699E-1 2.17333E-1
1.86926E-1 1.92229E-1 1.86698E-1 1.84328E-1 1.82519E-1 1.76807E-1 1.66291E-1 1.64382E-1 1.65175E-1 1.65325E-1 1.67753E-1 1.80533E-1 1.92869E-1 1.95651E-1 2.22746E-1 2.3459E-1 2.06724E-1 2.05237E-1 2.12926E-1 2.30101E-1 2.42045E-1 2.41812E-1 1.99371E-1 1.98842E-1 2.1247E-1 2.33777E-1 2.13422E-1 1.87764E-1 2.0157E-1 1.95851E-1 2.0168E-1 2.04567E-1 2.13538E-1 2.06944E-1 2.07447E-1 2.07167E-1 2.07754E-1 2.1108E-1 2.16979E-1 2.20295E-1 2.24443E-1 2.23426E-1 2.16677E-1 2.20542E-1 2.22093E-1 2.22374E-1 2.16655E-1 2.14086E-1 2.07019E-1 2.05503E-1 2.22641E-1 2.15964E-1 2.29045E-1 2.50688E-1 2.51119E-1 2.22793E-1 2.80193E-1 2.3988E-1 2.11934E-1 2.50327E-1 2.25694E-1
1.90837E-1 1.91771E-1 1.83099E-1 1.81775E-1 1.82312E-1 1.8409E-1 1.80145E-1 1.61948E-1 1.64101E-1 1.63514E-1 1.61088E-1 1.72867E-1 1.81707E-1 1.94837E-1 2.08771E-1 2.05086E-1 2.35096E-1 2.02328E-1 2.30546E-1 2.26158E-1 2.24873E-1 2.31834E-1 2.37103E-1 2.0437E-1 2.06994E-1 2.23717E-1 2.05212E-1 1.97717E-1 2.02513E-1 2.09235E-1 2.0865E-1 2.19582E-1 2.20657E-1 2.04155E-1 2.08879E-1 2.07033E-1 2.13801E-1 2.21294E-1 2.19829E-1 2.17014E-1 2.18181E-1 2.24057E-1 2.25134E-1 2.23477E-1 2.25376E-1 2.16224E-1 2.29652E-1 2.1612E-1 2.16881E-1 2.14645E-1 2.28574E-1 2.31212E-1 2.3412E-1 2.20667E-1 2.23126E-1 2.33087E-1 2.48777E-1 2.44567E-1 2.26025E-1 2.26306E-1 2.24898E-1
1.85709E-1 1.84229E-1 1.82034E-1 1.80533E-1 1.8037E-1 1.82171E-1 1.86555E-1 1.78019E-1 1.71501E-1 1.68374E-1 1.61673E-1 1.67048E-1 1.74665E-1 1.92381E-1 2.14834E-1 2.41802E-1 2.38803E-1 2.12803E-1 2.21418E-1 2.4581E-1 2.39885E-1 2.25275E-1 2.40923E-1 2.17256E-1 2.14503E-1 2.10181E-1 2.07177E-1 2.03605E-1 1.97916E-1 2.05276E-1 2.18693E-1 2.30655E-1 2.3503E-1 2.18388E-1 2.15504E-1 2.10566E-1 2.12513E-1 2.18065E-1 2.17924E-1 2.21986E-1 2.1821E-1 2.19883E-1 2.24056E-1 2.26786E-1 2.2601E-1 2.23442E-1 2.23008E-1 2.15805E-1 2.1864E-1 2.25317E-1 2.32699E-1 2.42978E-1 2.35484E-1 2.30971E-1 2.19797E-1 2.22222E-1 2.36459E-1 2.3314E-1 2.29774E-1 2.39396E-1 2.25881E-1
1.83444E-1 1.80556E-1 1.76618E-1 1.76234E-1 1.77924E-1 1.85289E-1 1.87336E-1 1.73651E-1 1.6973E-1 1.6956E-1 1.67761E-1 1.69832E-1 1.73826E-1 1.84861E-1 2.08083E-1 2.22307E-1 2.48745E-1 2.28271E-1 2.17676E-1 2.33735E-1 2.35217E-1 2.357E-1 2.44621E-1 2.23346E-1 2.13176E-1 2.09215E-1 2.09062E-1 2.27598E-1 2.0856E-1 1.94283E-1 2.04123E-1 2.09687E-1 2.21754E-1 2.31288E-1 2.23504E-1 2.19604E-1 2.19101E-1 2.19111E-1 2.24265E-1 2.27522E-1 2.28305E-1 2.29362E-1 2.27986E-1 2.25988E-1 2.28352E-1 2.25636E-1 2.36585E-1 2.1957E-1 2.34156E-1 2.27795E-1 2.32807E-1 2.36752E-1 2.29839E-1 2.37821E-1 2.26246E-1 2.23754E-1 2.27037E-1 2.29539E-1 2.37973E-1 2.3585E-1 2.35053E-1
1.78902E-1 1.80335E-1 1.80408E-1 1.78518E-1 1.84385E-1 1.85322E-1 1.89777E-1 1.71669E-1 1.64021E-1 1.64791E-1 1.66082E-1 1.70265E-1 1.80802E-1 1.86062E-1 2.00213E-1 2.17615E-1 2.58087E-1 2.52689E-1 2.32433E-1 2.19873E-1 2.20822E-1 2.36363E-1 2.66636E-1 2.41549E-1 2.14149E-1 2.1133E-1 2.16327E-1 2.50261E-1 2.37056E-1 2.07499E-1 1.92928E-1 2.02975E-1 2.06374E-1 2.34119E-1 2.24867E-1 2.20759E-1 2.19336E-1 2.25047E-1 2.25902E-1 2.26422E-1 2.27042E-1 2.32748E-1 2.34527E-1 2.34328E-1 2.37678E-1 2.23528E-1 2.24975E-1 2.3109E-1 2.38106E-1 2.47E-1 2.49145E-1 2.32119E-1 2.20443E-1 2.33397E-1 2.36102E-1 2.25649E-1 2.26534E-1 2.29439E-1 2.37787E-1 2.33232E-1 2.38615E-1
1.77335E-1 1.78286E-1 1.77989E-1 1.75941E-1 1.86419E-1 1.9063E-1 1.86191E-1 1.72334E-1 1.64091E-1 1.72426E-1 1.65948E-1 1.67277E-1 1.71636E-1 1.81218E-1 1.97522E-1 2.16979E-1 2.16572E-1 2.33734E-1 2.24641E-1 2.18386E-1 2.34823E-1 2.5199E-1 2.54796E-1 2.59866E-1 2.2255E-1 2.05438E-1 2.10835E-1 2.50269E-1 2.46713E-1 2.27997E-1 2.07173E-1 2.03793E-1 2.07288E-1 2.25934E-1 2.37667E-1 2.27525E-1 2.30665E-1 2.25806E-1 2.23469E-1 2.2553E-1 2.28781E-1 2.27592E-1 2.33113E-1 2.31633E-1 2.25101E-1 2.32889E-1 2.39978E-1 2.28996E-1 2.34781E-1 2.35064E-1 2.5613E-1 2.50558E-1 2.27409E-1 2.25339E-1 2.32705E-1 2.27023E-1 2.35037E-1 2.33709E-1 2.29948E-1 2.30512E-1 2.45622E-1
1.78541E-1 1.78366E-1 1.78687E-1 1.82086E-1 1.85152E-1 1.909E-1 1.8933E-1 1.77626E-1 1.69826E-1 1.67836E-1 1.72274E-1 1.65217E-1 1.74574E-1 1.82047E-1 1.86772E-1 2.00746E-1 2.15901E-1 2.05131E-1 2.21751E-1 1.85512E-1 2.40138E-1 2.50767E-1 2.42736E-1 2.49004E-1 2.3197E-1 2.08597E-1 2.31123E-1 2.57089E-1 2.33372E-1 2.33885E-1 2.13523E-1 2.08225E-1 2.11065E-1 2.21462E-1 2.28147E-1 2.47538E-1 2.41364E-1 2.38212E-1 2.22057E-1 2.29585E-1 2.27777E-1 2.26394E-1 2.27058E-1 2.27242E-1 2.32604E-1 2.40567E-1 2.43941E-1 2.33665E-1 2.29921E-1 2.48467E-1 2.52843E-1 2.58963E-1 2.35386E-1 2.25964E-1 2.3657E-1 2.33934E-1 2.42157E-1 2.48418E-1 2.49702E-1 2.37203E-1 2.66037E-1
1.75147E-1 1.8092E-1 1.88488E-1 1.90319E-1 1.92186E-1 1.94716E-1 1.83209E-1 1.69896E-1 1.71995E-1 1.71968E-1 1.70641E-1 1.73815E-1 1.76256E-1 1.84709E-1 1.85117E-1 1.96624E-1 2.17833E-1 2.16485E-1 2.2801E-1 2.08476E-1 1.80791E-1 1.97599E-1 2.39015E-1 2.35205E-1 2.33757E-1 2.13316E-1 2.36763E-1 2.47204E-1 2.19129E-1 2.1853E-1 2.20135E-1 2.26157E-1 2.20913E-1 2.25692E-1 2.32362E-1 2.53753E-1 2.56308E-1 2.48825E-1 2.4407E-1 2.37999E-1 2.34539E-1 2.31585E-1 2.37866E-1 2.39263E-1 2.38601E-1 2.40751E-1 2.38281E-1 2.40085E-1 2.4386E-1 2.58912E-1 2.61002E-1 2.54222E-1 2.40953E-1 2.41408E-1 2.44944E-1 2.39213E-1 2.44265E-1 2.51384E-1 2.5364E-1 2.49086E-1 2.63206E-1
1.80853E-1 1.83873E-1 1.9084E-1 2.00389E-1 2.00356E-1 1.86144E-1 1.8098E-1 1.77693E-1 1.72721E-1 1.71718E-1 1.70952E-1 1.76151E-1 1.79971E-1 1.8171E-1 1.8724E-1 1.90093E-1 2.1555E-1 2.12305E-1 1.9387E-1 1.87582E-1 1.79458E-1 2.0933E-1 2.31805E-1 2.33989E-1 2.25085E-1 2.20331E-1 2.3246E-1 2.47461E-1 2.48561E-1 2.17926E-1 2.14858E-1 2.20561E-1 2.27919E-1 2.21618E-1 2.30139E-1 2.65884E-1 2.44449E-1 2.36472E-1 2.32855E-1 2.35724E-1 2.36457E-1 2.42908E-1 2.43624E-1 2.58214E-1 2.41625E-1 2.32472E-1 2.31148E-1 2.40132E-1 2.50403E-1 2.53832E-1 2.5437E-1 2.5239E-1 2.45442E-1 2.49178E-1 2.502E-1 2.52469E-1 2.53453E-1 2.48333E-1 2.44394E-1 2.64148E-1 2.42159E-1
1.86111E-1 1.80371E-1 1.87988E-1 1.97292E-1 1.94026E-1 1.79952E-1 1.82419E-1 1.83054E-1 1.86019E-1 1.80874E-1 1.80057E-1 1.80344E-1 1.82234E-1 1.77472E-1 1.82039E-1 1.88623E-1 1.94769E-1 2.06053E-1 2.10413E-1 1.8158E-1 1.80607E-1 1.81943E-1 1.8673E-1 1.95484E-1 2.25565E-1 2.27057E-1 2.3294E-1 2.38736E-1 2.45821E-1 2.35224E-1 2.27122E-1 2.38474E-1 2.33686E-1 2.35488E-1 2.37063E-1 2.64218E-1 2.56533E-1 2.38722E-1 2.35886E-1 2.35252E-1 2.47747E-1 2.42604E-1 2.47664E-1 2.59528E-1 2.41509E-1 2.3681E-1 2.43856E-1 2.41478E-1 2.43658E-1 2.488E-1 2.49556E-1 2.57976E-1 2.51721E-1 2.53329E-1 2.64286E-1 2.72416E-1 2.51054E-1 2.43907E-1 2.49305E-1 2.74489E-1 2.4536E-1
1.92236E-1 1.93942E-1 1.88027E-1 1.91516E-1 1.88352E-1 1.85548E-1 1.83215E-1 1.84632E-1 1.9466E-1 1.97149E-1 1.90145E-1 1.87149E-1 1.85989E-1 1.85342E-1 1.83297E-1 1.86863E-1 1.92283E-1 2.14266E-1 2.12485E-1 1.88287E-1 1.79706E-1 1.76785E-1 1.80137E-1 1.82174E-1 2.20527E-1 2.27901E-1 2.29517E-1 2.36734E-1 2.28467E-1 2.28524E-1 2.29013E-1 2.39988E-1 2.36443E-1 2.36638E-1 2.41856E-1 2.63379E-1 2.64331E-1 2.50701E-1 2.54155E-1 2.37844E-1 2.53429E-1 2.45717E-1 2.53121E-1 2.53455E-1 2.49149E-1 2.45566E-1 2.56121E-1 2.54629E-1 2.50374E-1 2.54738E-1 2.56175E-1 2.62507E-1 2.54088E-1 2.60858E-1 2.67861E-1 2.73223E-1 2.58698E-1 2.47182E-1 2.5552E-1 2.83947E-1 2.41807E-1
1.94194E-1 1.87584E-1 1.80638E-1 1.86449E-1 1.92193E-1 1.81695E-1 1.84915E-1 1.89644E-1 1.90614E-1 2.03662E-1 1.98852E-1 1.93333E-1 1.84924E-1 1.90563E-1 1.89963E-1 1.86766E-1 1.96653E-1 2.04998E-1 2.07182E-1 1.90229E-1 1.92412E-1 1.91943E-1 1.89136E-1 1.84511E-1 2.16309E-1 1.89661E-1 2.24936E-1 2.32193E-1 2.28885E-1 2.30623E-1 2.32411E-1 2.33554E-1 2.36645E-1 2.37889E-1 2.45681E-1 2.52341E-1 2.5205E-1 2.63994E-1 2.59387E-1 2.67661E-1 2.57919E-1 2.45735E-1 2.42445E-1 2.48339E-1 2.50816E-1 2.61572E-1 2.64601E-1 2.49123E-1 2.52352E-1 2.48642E-1 2.61772E-1 2.63745E-1 2.54582E-1 2.58682E-1 2.65828E-1 2.64769E-1 2.62815E-1 2.48167E-1 2.61913E-1 2.58163E-1 2.46907E-1
1.90167E-1 1.92333E-1 1.86983E-1 1.81744E-1 1.96028E-1 1.91069E-1 1.85632E-1 1.89191E-1 1.93951E-1 2.01238E-1 1.91298E-1 1.95757E-1 1.97287E-1 1.90516E-1 1.91465E-1 1.9028E-1 1.96905E-1 2.12624E-1 1.96466E-1 1.89454E-1 1.88502E-1 1.97154E-1 1.98757E-1 1.93964E-1 1.83861E-1 1.8575E-1 2.18311E-1 2.28149E-1 2.29525E-1 2.30546E-1 2.34914E-1 2.40757E-1 2.44404E-1 2.45228E-1 2.40965E-1 2.41173E-1 2.43478E-1 2.51634E-1 2.55976E-1 2.67785E-1 2.68703E-1 2.54633E-1 2.51074E-1 2.51523E-1 2.57105E-1 2.57535E-1 2.67809E-1 2.53255E-1 2.57381E-1 2.56292E-1 2.55045E-1 2.60736E-1 2.65765E-1 2.64261E-1 2.55744E-1 2.60677E-1 2.64791E-1 2.49853E-1 2.56349E-1 2.53779E-1 2.53575E-1
1.86622E-1 1.84107E-1 1.84733E-1 1.88142E-1 1.91606E-1 1.94026E-1 1.94727E-1 1.84296E-1 1.90863E-1 1.99021E-1 1.96973E-1 2.02268E-1 2.05783E-1 1.99495E-1 1.92216E-1 1.90739E-1 2.03018E-1 2.14369E-1 1.92434E-1 1.88005E-1 1.88567E-1 1.91165E-1 2.01541E-1 2.0379E-1 1.94289E-1 1.92119E-1 2.24377E-1 2.25855E-1 2.28302E-1 2.30661E-1 2.34347E-1 2.47877E-1 2.55233E-1 2.5527E-1 2.48743E-1 2.43426E-1 2.43394E-1 2.45817E-1 2.48778E-1 2.56082E-1 2.65216E-1 2.74359E-1 2.58814E-1 2.56157E-1 2.59688E-1 2.63306E-1 2.61515E-1 2.62251E-1 2.52134E-1 2.52915E-1 2.53814E-1 2.57202E-1 2.53846E-1 2.5372E-1 2.52415E-1 2.72121E-1 2.63293E-1 2.5639E-1 2.63725E-1 2.66529E-1 2.57564E-1
1.88212E-1 1.8974E-1 1.89199E-1 1.87835E-1 1.84149E-1 1.89412E-1 1.93547E-1 1.94429E-1 1.92468E-1 1.95423E-1 1.95664E-1 2.03981E-1 2.00645E-1 2.04778E-1 1.96059E-1 1.8953E-1 2.03483E-1 2.09419E-1 1.93892E-1 1.88895E-1 1.89847E-1 1.92138E-1 1.93274E-1 1.97013E-1 1.99434E-1 2.04436E-1 2.33789E-1 2.33629E-1 2.35579E-1 2.29239E-1 2.28813E-1 2.40866E-1 2.51152E-1 2.56867E-1 2.49427E-1 2.51278E-1 2.52106E-1 2.5987E-1 2.56704E-1 2.53176E-1 2.59262E-1 2.69456E-1 2.62782E-1 2.60138E-1 2.59097E-1 2.68819E-1 2.80188E-1 2.80523E-1 2.53686E-1 2.61701E-1 2.61939E-1 2.6269E-1 2.62623E-1 2.605E-1 2.5953E-1 2.55551E-1 2.74259E-1 2.54635E-1 2.64878E-1 2.75072E-1 2.6461E-1
1.99257E-1 1.97219E-1 1.88427E-1 1.89823E-1 1.83235E-1 1.89097E-1 1.85729E-1 1.88929E-1 1.93856E-1 1.96716E-1 1.94711E-1 1.9998E-1 2.02047E-1 1.96846E-1 1.9643E-1 1.96424E-1 1.98829E-1 2.03539E-1 2.01826E-1 1.94939E-1 1.96286E-1 1.92924E-1 1.93267E-1 1.98901E-1 2.31631E-1 2.44557E-1 2.38417E-1 2.32979E-1 2.36337E-1 2.337E-1 2.44414E-1 2.50687E-1 2.49801E-1 2.45084E-1 2.46224E-1 2.52161E-1 2.59078E-1 2.64189E-1 2.69084E-1 2.54397E-1 2.66365E-1 2.46318E-1 2.54919E-1 2.60869E-1 2.59044E-1 2.67952E-1 2.93034E-1 2.80537E-1 2.58686E-1 2.58637E-1 2.5681E-1 2.66513E-1 2.6142E-1 2.56826E-1 2.56088E-1 2.56632E-1 2.69809E-1 2.55174E-1 2.72177E-1 2.79926E-1 2.58305E-1
2.02126E-1 1.91265E-1 1.87762E-1 1.9342E-1 1.99551E-1 1.98116E-1 1.86718E-1 1.87089E-1 1.96465E-1 1.94832E-1 1.94495E-1 1.95445E-1 1.93646E-1 1.95459E-1 1.99109E-1 1.99509E-1 2.00749E-1 2.04951E-1 1.9544E-1 1.99099E-1 1.96876E-1 2.04235E-1 2.02172E-1 1.94735E-1 1.95732E-1 2.04431E-1 2.39254E-1 2.3294E-1 2.34926E-1 2.46767E-1 2.463E-1 2.58585E-1 2.50573E-1 2.35958E-1 2.46022E-1 2.50956E-1 2.54575E-1 2.6401E-1 2.71163E-1 2.54973E-1 2.61737E-1 2.55136E-1 2.49961E-1 2.64192E-1 2.61929E-1 2.82981E-1 2.93699E-1 2.66958E-1 2.72031E-1 2.63182E-1 2.68802E-1 2.65933E-1 2.66595E-1 2.56578E-1 2.51168E-1 2.54912E-1 2.71542E-1 2.57584E-1 2.74069E-1 2.73053E-1 2.53855E-1
2.08272E-1 1.98154E-1 1.92828E-1 2.01296E-1 2.06888E-1 2.00605E-1 1.94484E-1 1.90984E-1 2.0059E-1 1.95111E-1 1.94457E-1 1.96968E-1 1.93748E-1 1.95883E-1 1.94567E-1 1.94156E-1 1.95283E-1 2.00287E-1 1.97284E-1 1.9738E-1 1.97749E-1 2.01538E-1 2.10257E-1 2.04546E-1 1.98084E-1 2.38933E-1 2.44383E-1 2.37524E-1 2.34997E-1 2.45781E-1 2.49868E-1 2.55539E-1 2.47272E-1 2.39923E-1 2.49807E-1 2.46643E-1 2.53381E-1 2.60281E-1 2.66333E-1 2.54161E-1 2.54229E-1 2.52932E-1 2.49464E-1 2.64446E-1 2.62724E-1 2.71392E-1 3.03108E-1 2.76647E-1 2.64424E-1 2.71306E-1 2.8431E-1 2.71423E-1 2.63251E-1 2.49884E-1 2.48848E-1 2.52499E-1 2.62484E-1 2.60143E-1 2.70521E-1 2.66615E-1 2.55556E-1
2.07563E-1 2.01951E-1 2.12052E-1 2.07706E-1 2.01358E-1 1.97499E-1 2.04102E-1 2.07813E-1 2.23943E-1 1.97577E-1 1.89894E-1 2.00682E-1 2.01446E-1 1.99209E-1 1.9371E-1 1.92587E-1 1.94604E-1 2.00492E-1 1.96285E-1 1.97441E-1 1.92023E-1 1.9527E-1 2.06052E-1 2.02227E-1 2.03962E-1 2.1119E-1 2.11493E-1 2.40076E-1 2.38219E-1 2.5014E-1 2.49574E-1 2.51917E-1 2.47462E-1 2.48807E-1 2.50542E-1 2.51156E-1 2.58494E-1 2.52274E-1 2.55863E-1 2.82942E-1 2.52821E-1 2.42067E-1 2.50409E-1 2.58276E-1 2.67449E-1 2.67541E-1 2.88957E-1 2.71483E-1 2.68201E-1 2.74738E-1 2.88646E-1 2.81889E-1 2.66953E-1 2.56856E-1 2.54718E-1 2.50753E-1 2.67406E-1 2.60804E-1 2.79332E-1 2.65881E-1 2.52307E-1
2.05637E-1 2.21455E-1 2.12828E-1 2.05204E-1 2.07929E-1 2.18906E-1 2.15527E-1 2.20345E-1 2.13774E-1 2.23831E-1 2.05691E-1 2.17038E-1 2.15763E-1 1.93723E-1 2.00517E-1 1.92189E-1 1.84268E-1 1.95525E-1 1.99894E-1 1.98292E-1 1.9133E-1 1.90137E-1 1.96867E-1 2.02674E-1 2.02563E-1 2.48451E-1 2.50263E-1 2.40545E-1 2.31971E-1 2.40868E-1 2.44747E-1 2.48794E-1 2.52508E-1 2.51539E-1 2.48841E-1 2.59791E-1 2.4496E-1 2.48756E-1 2.56973E-1 2.94399E-1 2.53573E-1 2.43881E-1 2.45777E-1 2.54223E-1 2.65205E-1 2.7307E-1 2.77016E-1 2.69574E-1 2.65528E-1 2.74433E-1 2.84113E-1 2.83951E-1 2.59835E-1 2.5847E-1 2.51942E-1 2.50886E-1 2.60227E-1 2.68299E-1 2.73888E-1 2.67105E-1 2.71116E-1
2.10238E-1 2.10454E-1 2.09849E-1 2.10209E-1 2.09397E-1 2.14716E-1 2.23615E-1 2.16329E-1 2.209E-1 2.34828E-1 2.48794E-1 2.39476E-1 2.1947E-1 2.0302E-1 2.03959E-1 2.00835E-1 1.98767E-1 2.01752E-1 2.1287E-1 1.85942E-1 1.82032E-1 1.87446E-1 1.93982E-1 2.06654E-1 2.37603E-1 2.06009E-1 2.46075E-1 2.47535E-1 2.31869E-1 2.47634E-1 2.47043E-1 2.50153E-1 2.46496E-1 2.54947E-1 2.57064E-1 2.56302E-1 2.39565E-1 2.4034E-1 2.54201E-1 2.93917E-1 2.70374E-1 2.44784E-1 2.43845E-1 2.52479E-1 2.58673E-1 2.71255E-1 2.73647E-1 2.63926E-1 2.6589E-1 2.78264E-1 2.916E-1 2.8362E-1 2.75023E-1 2.65883E-1 2.513E-1 2.48655E-1 2.60092E-1 2.64618E-1 2.69024E-1 2.62508E-1 2.61429E-1
2.11331E-1 2.0723E-1 2.0922E-1 2.09891E-1 2.03274E-1 2.08928E-1 2.24463E-1 2.11976E-1 2.21668E-1 2.33882E-1 2.4707E-1 2.31964E-1 2.18103E-1 2.18413E-1 2.04738E-1 2.25206E-1 2.46183E-1 2.7041E-1 2.57255E-1 2.2548E-1 1.89858E-1 1.87758E-1 1.97318E-1 2.32678E-1 2.31165E-1 2.33805E-1 2.41363E-1 2.51539E-1 2.37748E-1 2.45366E-1 2.49578E-1 2.4015E-1 2.43522E-1 2.55699E-1 2.47937E-1 2.61648E-1 2.47728E-1 2.37608E-1 2.58742E-1 2.82473E-1 2.75448E-1 2.54864E-1 2.54841E-1 2.40657E-1 2.53271E-1 2.62276E-1 2.61287E-1 2.65775E-1 2.70619E-1 2.82821E-1 2.90548E-1 2.77223E-1 2.66854E-1 2.66023E-1 2.53553E-1 2.56195E-1 2.58911E-1 2.72321E-1 2.68092E-1 2.68069E-1 2.75912E-1
2.06212E-1 2.06344E-1 2.02086E-1 2.07297E-1 2.09314E-1 2.09891E-1 2.16777E-1 2.15804E-1 2.28315E-1 2.38675E-1 2.37722E-1 2.41468E-1 2.10463E-1 2.14136E-1 2.19539E-1 2.102E-1 2.19487E-1 2.45917E-1 2.53748E-1 2.04065E-1 2.35625E-1 1.99039E-1 2.26351E-1 2.30765E-1 2.27406E-1 2.31741E-1 2.43835E-1 2.47202E-1 2.38267E-1 2.53371E-1 2.42138E-1 2.38093E-1 2.461E-1 2.55031E-1 2.44162E-1 2.52471E-1 2.5689E-1 2.41999E-1 2.40066E-1 2.68128E-1 2.78953E-1 2.68121E-1 2.68864E-1 2.54637E-1 2.55925E-1 2.47516E-1 2.53162E-1 2.57316E-1 2.70669E-1 2.85731E-1 2.85371E-1 2.68634E-1 2.62238E-1 2.72416E-1 2.60168E-1 2.50693E-1 2.68657E-1 2.68024E-1 2.6097E-1 2.67933E-1 2.7764E-1
