Artocarpus heterophyllus SDM files/Last interglacial/results (without bias file)/Arthet_4.asc
ncols         625
nrows         721
xllcorner     69.99986311115
yllcorner     5.99986151914999
cellsize      0.041666667
NODATA_value  -9999
[rows 405 to 431 of 721, columns 122 to 182 of 625]
1.45856E-1 1.45583E-1 1.35859E-1 1.39671E-1 1.3731E-1 1.44045E-1 1.48373E-1 1.33249E-1 1.32762E-1 1.32801E-1 1.42544E-1 1.49225E-1 1.48292E-1 1.49887E-1 1.48244E-1 1.5625E-1 1.60387E-1 1.6196E-1 1.51228E-1 1.58522E-1 1.63272E-1 1.65526E-1 1.72679E-1 1.71236E-1 1.7053E-1 1.70069E-1 1.73135E-1 1.72073E-1 1.79881E-1 1.80342E-1 1.82452E-1 1.93505E-1 1.95347E-1 1.94143E-1 2.03125E-1 2.15402E-1 2.15686E-1 2.11865E-1 2.08786E-1 2.17127E-1 2.14044E-1 2.28828E-1 2.28587E-1 2.24819E-1 2.30241E-1 2.22826E-1 2.33496E-1 2.35344E-1 2.36457E-1 2.32627E-1 2.48709E-1 2.41559E-1 2.38644E-1 2.44746E-1 2.42252E-1 2.43723E-1 2.5993E-1 2.55973E-1 2.79497E-1 3.0122E-1 3.0216E-1
1.59072E-1 1.53598E-1 1.55871E-1 1.51527E-1 1.38041E-1 1.39623E-1 1.44049E-1 1.52411E-1 1.32684E-1 1.30202E-1 1.30962E-1 1.26177E-1 1.40245E-1 1.41086E-1 1.41261E-1 1.4838E-1 1.54602E-1 1.59694E-1 1.54546E-1 1.56138E-1 1.56999E-1 1.60043E-1 1.62261E-1 1.6318E-1 1.73088E-1 1.66E-1 1.67661E-1 1.68291E-1 1.74497E-1 1.79075E-1 1.86813E-1 1.84153E-1 1.95151E-1 1.95315E-1 1.9145E-1 2.04959E-1 2.09051E-1 2.24862E-1 2.18593E-1 2.16315E-1 2.13422E-1 2.18282E-1 2.27634E-1 2.29441E-1 2.24935E-1 2.34288E-1 2.3757E-1 2.41118E-1 2.32847E-1 2.32287E-1 2.38209E-1 2.40574E-1 2.36289E-1 2.44927E-1 2.33196E-1 2.38494E-1 2.53044E-1 2.58405E-1 2.74598E-1 2.88085E-1 2.9542E-1
1.36148E-1 1.55841E-1 1.59982E-1 1.52932E-1 1.47664E-1 1.38079E-1 1.30202E-1 1.30173E-1 1.29533E-1 1.45683E-1 1.44558E-1 1.45838E-1 1.4626E-1 1.39069E-1 1.49907E-1 1.47895E-1 1.4688E-1 1.47768E-1 1.47986E-1 1.51019E-1 1.53124E-1 1.54227E-1 1.57023E-1 1.60614E-1 1.64604E-1 1.676E-1 1.63201E-1 1.65829E-1 1.67465E-1 1.7067E-1 1.77136E-1 1.82649E-1 1.8398E-1 1.92021E-1 1.91091E-1 2.0076E-1 1.99448E-1 2.089E-1 2.20723E-1 2.21553E-1 2.141E-1 2.16754E-1 2.2086E-1 2.28575E-1 2.29426E-1 2.38089E-1 2.35783E-1 2.33532E-1 2.35118E-1 2.38369E-1 2.30235E-1 2.39986E-1 2.46448E-1 2.30095E-1 2.24782E-1 2.25173E-1 2.38798E-1 2.5892E-1 2.70543E-1 2.69556E-1 2.85356E-1
1.36026E-1 1.33973E-1 1.48306E-1 1.63873E-1 1.54934E-1 1.28345E-1 1.27451E-1 1.27535E-1 1.46235E-1 1.48357E-1 1.45262E-1 1.44575E-1 1.4305E-1 1.43195E-1 1.51725E-1 1.48669E-1 1.47414E-1 1.46982E-1 1.55581E-1 1.50421E-1 1.4985E-1 1.54436E-1 1.54743E-1 1.55179E-1 1.59406E-1 1.64865E-1 1.63208E-1 1.63128E-1 1.66354E-1 1.71615E-1 1.76164E-1 1.74805E-1 1.79968E-1 1.87268E-1 1.88303E-1 1.97759E-1 1.93378E-1 1.98926E-1 2.08442E-1 2.1429E-1 2.17823E-1 2.10024E-1 2.25534E-1 2.2022E-1 2.24336E-1 2.27633E-1 2.34275E-1 2.27983E-1 2.27136E-1 2.35912E-1 2.42863E-1 2.53654E-1 2.41564E-1 2.34031E-1 2.30785E-1 2.28912E-1 2.35377E-1 2.41752E-1 2.60462E-1 2.65517E-1 2.82007E-1
1.29138E-1 1.35941E-1 1.37107E-1 1.69003E-1 1.59571E-1 1.53664E-1 1.40559E-1 1.37716E-1 1.51951E-1 1.47625E-1 1.48985E-1 1.54384E-1 1.52515E-1 1.529E-1 1.5667E-1 1.45757E-1 1.45617E-1 1.44318E-1 1.54612E-1 1.65023E-1 1.637E-1 1.64225E-1 1.56073E-1 1.50188E-1 1.49229E-1 1.63338E-1 1.69323E-1 1.5937E-1 1.62375E-1 1.64668E-1 1.68924E-1 1.69214E-1 1.80413E-1 1.91406E-1 1.86556E-1 1.93412E-1 1.88523E-1 1.97563E-1 2.02397E-1 2.08172E-1 2.17378E-1 2.14671E-1 2.17922E-1 2.1736E-1 2.19038E-1 2.27543E-1 2.29565E-1 2.19786E-1 2.22714E-1 2.30899E-1 2.38777E-1 2.47798E-1 2.37531E-1 2.27215E-1 2.26217E-1 2.25863E-1 2.28432E-1 2.32056E-1 2.51058E-1 2.50154E-1 2.66438E-1
1.27105E-1 1.31287E-1 1.4389E-1 1.70632E-1 1.73278E-1 1.55851E-1 1.49504E-1 1.48309E-1 1.51956E-1 1.73699E-1 1.69497E-1 1.56466E-1 1.56372E-1 1.58171E-1 1.64366E-1 1.40963E-1 1.49642E-1 1.59471E-1 1.61114E-1 1.75802E-1 1.67223E-1 1.60967E-1 1.52095E-1 1.5375E-1 1.54585E-1 1.70004E-1 1.70868E-1 1.58308E-1 1.53915E-1 1.55945E-1 1.64777E-1 1.6842E-1 1.76992E-1 1.90804E-1 1.91407E-1 1.82873E-1 1.91578E-1 1.97261E-1 2.02316E-1 1.97969E-1 1.99245E-1 2.05085E-1 2.17147E-1 2.26955E-1 2.18511E-1 2.28677E-1 2.29628E-1 2.25273E-1 2.2456E-1 2.2378E-1 2.28573E-1 2.39192E-1 2.30682E-1 2.3391E-1 2.3573E-1 2.31164E-1 2.29253E-1 2.40386E-1 2.33732E-1 2.38875E-1 2.51517E-1
1.26593E-1 1.5083E-1 1.5709E-1 1.64488E-1 1.81737E-1 1.6732E-1 1.60329E-1 1.8426E-1 1.74964E-1 1.77749E-1 1.64578E-1 1.59777E-1 1.65371E-1 1.65933E-1 1.61368E-1 1.56463E-1 1.74018E-1 1.69772E-1 1.67033E-1 1.58642E-1 1.63856E-1 1.57946E-1 1.62609E-1 1.49959E-1 1.53485E-1 1.81065E-1 1.76934E-1 1.64891E-1 1.62135E-1 1.60439E-1 1.58634E-1 1.58483E-1 1.69288E-1 1.81706E-1 1.91485E-1 1.8696E-1 1.91786E-1 2.06899E-1 2.07704E-1 1.94744E-1 2.02357E-1 2.09106E-1 2.06146E-1 2.16712E-1 2.26427E-1 2.35184E-1 2.46836E-1 2.25413E-1 2.12527E-1 2.18517E-1 2.19719E-1 2.35637E-1 2.3544E-1 2.2286E-1 2.23616E-1 2.33803E-1 2.38261E-1 2.28239E-1 2.36142E-1 2.31729E-1 2.47853E-1
1.43654E-1 1.49122E-1 1.54374E-1 1.65489E-1 1.77916E-1 1.68331E-1 1.73175E-1 1.71096E-1 1.70052E-1 1.80394E-1 1.71913E-1 1.73317E-1 1.61161E-1 1.71032E-1 1.6709E-1 1.71377E-1 1.74425E-1 1.82398E-1 1.62858E-1 1.77637E-1 1.71335E-1 1.67447E-1 1.61924E-1 1.54227E-1 1.59472E-1 1.74071E-1 1.78194E-1 1.67462E-1 1.65806E-1 1.60647E-1 1.64961E-1 1.58608E-1 1.70992E-1 1.7607E-1 1.7306E-1 1.83835E-1 1.95114E-1 2.11526E-1 2.00339E-1 1.94852E-1 2.20165E-1 2.03697E-1 2.03774E-1 2.12533E-1 2.16581E-1 2.34652E-1 2.48409E-1 2.36008E-1 2.12705E-1 2.20099E-1 2.30348E-1 2.29368E-1 2.41086E-1 2.45411E-1 2.44713E-1 2.44515E-1 2.31568E-1 2.30608E-1 2.29405E-1 2.34034E-1 2.42415E-1
1.36335E-1 1.45921E-1 1.50758E-1 1.57555E-1 1.58666E-1 1.64264E-1 1.72215E-1 1.74935E-1 1.68024E-1 1.67537E-1 1.72909E-1 1.74926E-1 1.71829E-1 1.73215E-1 1.73122E-1 1.73984E-1 1.765E-1 1.76482E-1 1.78252E-1 1.77557E-1 1.69139E-1 1.76909E-1 1.70385E-1 1.7412E-1 1.8443E-1 1.75942E-1 1.70721E-1 1.72311E-1 1.66721E-1 1.63032E-1 1.68993E-1 1.65013E-1 1.72808E-1 1.71149E-1 1.77349E-1 1.81763E-1 1.94391E-1 1.96294E-1 1.92469E-1 1.98916E-1 2.17502E-1 2.14848E-1 2.09294E-1 2.205E-1 2.0975E-1 2.23444E-1 2.27937E-1 2.30998E-1 2.35124E-1 2.40333E-1 2.13089E-1 2.13023E-1 2.18091E-1 2.15433E-1 2.2478E-1 2.46668E-1 2.50299E-1 2.33964E-1 2.33204E-1 2.46704E-1 2.42116E-1
1.43917E-1 1.45158E-1 1.46258E-1 1.52903E-1 1.48971E-1 1.52596E-1 1.62077E-1 1.78867E-1 1.68391E-1 1.69138E-1 1.70075E-1 1.7202E-1 1.73929E-1 1.69374E-1 1.68776E-1 1.68837E-1 1.71662E-1 1.7356E-1 1.79942E-1 1.65534E-1 1.75394E-1 1.73452E-1 1.8181E-1 1.8652E-1 1.83958E-1 1.7622E-1 1.74903E-1 1.70349E-1 1.67482E-1 1.69531E-1 1.6875E-1 1.8211E-1 1.87138E-1 1.85893E-1 1.79235E-1 1.75023E-1 1.85082E-1 1.89089E-1 1.89914E-1 1.95616E-1 2.16905E-1 2.21469E-1 2.04225E-1 2.1621E-1 2.19353E-1 2.2554E-1 2.31581E-1 2.296E-1 2.42515E-1 2.38339E-1 2.20184E-1 2.17565E-1 2.13455E-1 2.08094E-1 2.11666E-1 2.18589E-1 2.41912E-1 2.41995E-1 2.5094E-1 2.4783E-1 2.42221E-1
1.47547E-1 1.529E-1 1.45858E-1 1.45659E-1 1.46089E-1 1.48238E-1 1.58787E-1 1.63969E-1 1.57735E-1 1.65637E-1 1.70729E-1 1.72966E-1 1.70734E-1 1.66061E-1 1.69591E-1 1.69715E-1 1.68509E-1 1.6461E-1 1.73104E-1 1.72087E-1 1.73646E-1 1.71822E-1 1.81268E-1 1.86052E-1 2.02908E-1 1.88112E-1 1.86348E-1 1.90836E-1 1.8508E-1 1.84104E-1 1.75636E-1 1.85415E-1 1.89316E-1 1.89387E-1 1.90421E-1 1.97473E-1 1.89553E-1 1.80612E-1 1.9201E-1 2.03176E-1 2.13888E-1 2.21213E-1 2.14994E-1 2.18362E-1 2.21171E-1 2.18177E-1 2.26792E-1 2.25082E-1 2.37836E-1 2.4457E-1 2.27394E-1 2.21716E-1 2.09998E-1 2.10415E-1 2.02972E-1 2.10256E-1 2.13742E-1 2.29135E-1 2.3356E-1 2.54415E-1 2.5012E-1
1.44242E-1 1.48459E-1 1.55975E-1 1.52046E-1 1.46278E-1 1.54546E-1 1.61737E-1 1.55952E-1 1.49194E-1 1.56989E-1 1.70605E-1 1.72459E-1 1.67001E-1 1.72466E-1 1.6422E-1 1.65927E-1 1.67264E-1 1.71477E-1 1.74945E-1 1.72587E-1 1.75105E-1 1.70594E-1 1.78388E-1 1.75489E-1 1.93114E-1 1.8811E-1 1.93914E-1 1.97153E-1 1.91236E-1 1.91942E-1 2.00703E-1 1.93364E-1 1.91222E-1 1.89849E-1 1.94674E-1 2.07755E-1 2.16939E-1 2.00248E-1 1.87221E-1 1.98549E-1 2.04322E-1 2.08977E-1 2.1501E-1 2.17437E-1 2.25039E-1 2.23401E-1 2.18409E-1 2.29458E-1 2.31411E-1 2.40337E-1 2.32774E-1 2.20244E-1 2.15597E-1 1.98445E-1 2.07326E-1 2.12903E-1 2.0341E-1 2.08245E-1 2.14423E-1 2.34147E-1 2.42816E-1
1.38077E-1 1.44719E-1 1.49483E-1 1.50383E-1 1.62233E-1 1.48381E-1 1.51927E-1 1.5015E-1 1.47185E-1 1.60163E-1 1.76954E-1 1.84826E-1 1.72087E-1 1.74047E-1 1.67057E-1 1.6667E-1 1.66959E-1 1.66266E-1 1.68768E-1 1.61809E-1 1.69959E-1 1.68237E-1 1.72657E-1 1.68812E-1 1.89551E-1 1.79335E-1 1.87469E-1 1.90879E-1 1.90437E-1 1.92289E-1 1.99532E-1 2.09889E-1 2.11823E-1 2.0574E-1 2.0436E-1 2.03258E-1 2.09352E-1 2.06961E-1 1.86136E-1 1.96208E-1 2.0315E-1 1.98581E-1 2.06724E-1 2.23435E-1 2.34919E-1 2.19088E-1 2.12468E-1 2.27978E-1 2.29199E-1 2.39104E-1 2.28395E-1 2.21672E-1 2.24135E-1 2.21441E-1 2.14402E-1 2.12447E-1 2.01621E-1 2.07033E-1 2.14361E-1 2.19864E-1 2.22314E-1
1.43203E-1 1.43201E-1 1.44542E-1 1.507E-1 1.6046E-1 1.51681E-1 1.51595E-1 1.51778E-1 1.47972E-1 1.5955E-1 1.72132E-1 1.77971E-1 1.81245E-1 1.78863E-1 1.83108E-1 1.69577E-1 1.70246E-1 1.69378E-1 1.69934E-1 1.67915E-1 1.71503E-1 1.7414E-1 1.70138E-1 1.71012E-1 1.78605E-1 1.83547E-1 1.85549E-1 1.91609E-1 2.011E-1 1.85675E-1 2.0258E-1 1.99266E-1 2.15558E-1 2.1321E-1 2.01561E-1 2.01661E-1 2.13965E-1 2.17216E-1 1.97432E-1 1.91538E-1 2.01771E-1 1.96355E-1 2.04295E-1 2.26057E-1 2.24712E-1 2.21494E-1 2.24543E-1 2.13238E-1 2.20006E-1 2.37522E-1 2.31249E-1 2.33698E-1 2.25795E-1 2.26727E-1 2.34966E-1 2.14986E-1 2.1347E-1 2.02639E-1 2.00333E-1 2.16076E-1 2.13671E-1
1.43461E-1 1.4136E-1 1.42103E-1 1.45796E-1 1.49063E-1 1.54303E-1 1.47692E-1 1.45663E-1 1.50409E-1 1.62237E-1 1.64543E-1 1.70603E-1 1.76939E-1 1.72687E-1 1.84449E-1 1.88531E-1 1.71874E-1 1.66055E-1 1.65344E-1 1.70011E-1 1.7641E-1 1.739E-1 1.78235E-1 1.66227E-1 1.71687E-1 1.77322E-1 1.82019E-1 1.84049E-1 1.83649E-1 1.86694E-1 1.88595E-1 1.94468E-1 2.05545E-1 2.12004E-1 2.06786E-1 1.98368E-1 2.078E-1 2.19838E-1 2.25416E-1 2.03323E-1 2.07383E-1 2.02564E-1 1.97279E-1 2.04497E-1 2.05523E-1 2.07307E-1 2.19162E-1 2.25097E-1 2.19525E-1 2.22005E-1 2.30513E-1 2.25345E-1 2.3291E-1 2.18455E-1 2.35137E-1 2.37371E-1 2.27728E-1 2.1634E-1 2.16431E-1 2.14491E-1 2.20761E-1
1.53115E-1 1.55163E-1 1.51969E-1 1.42181E-1 1.47233E-1 1.60794E-1 1.5288E-1 1.45419E-1 1.47035E-1 1.61318E-1 1.58346E-1 1.65309E-1 1.69638E-1 1.69793E-1 1.77616E-1 1.96204E-1 1.85806E-1 1.77227E-1 1.68094E-1 1.69251E-1 1.73404E-1 1.78669E-1 1.79481E-1 1.77133E-1 1.71953E-1 1.76099E-1 1.77083E-1 1.78427E-1 1.77513E-1 1.8005E-1 1.79879E-1 1.82969E-1 1.88706E-1 2.04589E-1 2.04315E-1 2.03194E-1 2.05363E-1 2.21079E-1 2.31821E-1 2.31322E-1 2.32956E-1 2.17546E-1 2.20301E-1 2.02802E-1 1.99374E-1 2.05314E-1 2.08268E-1 2.08224E-1 2.10503E-1 2.15149E-1 2.02941E-1 1.99647E-1 2.1028E-1 2.25912E-1 2.18477E-1 2.19782E-1 2.26067E-1 2.17583E-1 2.19979E-1 2.1754E-1 2.20153E-1
1.47459E-1 1.48478E-1 1.54253E-1 1.41654E-1 1.47205E-1 1.67111E-1 1.45291E-1 1.5537E-1 1.48427E-1 1.60097E-1 1.53858E-1 1.61201E-1 1.55209E-1 1.67927E-1 1.78012E-1 1.86703E-1 1.86221E-1 1.76994E-1 1.74373E-1 1.77442E-1 1.76347E-1 1.75328E-1 1.72716E-1 1.76185E-1 1.80818E-1 1.86937E-1 1.79284E-1 1.71818E-1 1.77665E-1 1.84749E-1 1.78254E-1 1.83405E-1 1.83036E-1 1.82944E-1 1.9144E-1 1.98899E-1 2.06083E-1 2.09834E-1 2.20614E-1 2.39279E-1 2.37079E-1 2.28001E-1 2.37971E-1 2.22278E-1 2.04166E-1 1.93456E-1 2.17392E-1 1.96045E-1 2.02032E-1 2.01147E-1 2.01414E-1 1.95807E-1 1.91878E-1 1.9793E-1 2.09102E-1 2.25379E-1 2.24667E-1 2.14888E-1 2.28054E-1 2.21894E-1 2.10836E-1
1.49165E-1 1.48552E-1 1.48369E-1 1.39996E-1 1.46895E-1 1.54918E-1 1.43262E-1 1.54468E-1 1.5844E-1 1.57504E-1 1.51457E-1 1.57401E-1 1.59212E-1 1.67366E-1 1.6879E-1 1.75324E-1 1.86934E-1 1.92278E-1 1.85684E-1 1.72221E-1 1.74858E-1 1.78436E-1 1.78557E-1 1.84214E-1 1.8317E-1 1.88086E-1 1.81623E-1 1.70742E-1 1.84102E-1 1.8056E-1 1.77238E-1 1.83331E-1 1.85327E-1 1.78092E-1 1.84429E-1 1.79361E-1 1.83104E-1 1.96827E-1 2.15282E-1 2.23748E-1 2.32843E-1 2.20766E-1 2.4298E-1 2.44E-1 2.28261E-1 2.03751E-1 2.24302E-1 2.18681E-1 2.00724E-1 1.91914E-1 1.97171E-1 2.01396E-1 1.925E-1 1.97069E-1 2.07735E-1 2.25392E-1 2.06308E-1 2.16667E-1 2.10189E-1 2.06596E-1 2.07884E-1
1.48801E-1 1.55796E-1 1.51809E-1 1.50679E-1 1.43397E-1 1.41223E-1 1.45627E-1 1.66335E-1 1.55535E-1 1.64254E-1 1.49598E-1 1.53317E-1 1.58551E-1 1.63283E-1 1.67103E-1 1.75288E-1 1.80473E-1 1.83235E-1 1.7904E-1 1.7923E-1 1.74453E-1 1.72242E-1 1.78919E-1 1.82254E-1 1.82706E-1 1.82E-1 1.86807E-1 1.78092E-1 1.84608E-1 1.77436E-1 1.79991E-1 1.77921E-1 1.87086E-1 1.87454E-1 1.86805E-1 1.80076E-1 1.80585E-1 1.86713E-1 2.02807E-1 2.16625E-1 2.18304E-1 2.18348E-1 2.38239E-1 2.37866E-1 2.41146E-1 2.19316E-1 2.35303E-1 2.16906E-1 2.12181E-1 1.97916E-1 1.86313E-1 1.93897E-1 1.95624E-1 2.07148E-1 1.97182E-1 2.14211E-1 2.0687E-1 1.98775E-1 1.99761E-1 1.97077E-1 2.02744E-1
1.62042E-1 1.59291E-1 1.55432E-1 1.49975E-1 1.52493E-1 1.45742E-1 1.44966E-1 1.49282E-1 1.54031E-1 1.49497E-1 1.51457E-1 1.57847E-1 1.56865E-1 1.59271E-1 1.62626E-1 1.65974E-1 1.71023E-1 1.7278E-1 1.74939E-1 1.91636E-1 1.82677E-1 1.74273E-1 1.71736E-1 1.71755E-1 1.7824E-1 1.81398E-1 1.89022E-1 1.90736E-1 1.82366E-1 1.74728E-1 1.76748E-1 1.80073E-1 1.84779E-1 1.85621E-1 1.8606E-1 1.87964E-1 1.84024E-1 1.90185E-1 2.00852E-1 2.13212E-1 2.08727E-1 2.0572E-1 2.24123E-1 2.35577E-1 2.46815E-1 2.35004E-1 2.29608E-1 2.15579E-1 2.17454E-1 2.13241E-1 1.91887E-1 1.90675E-1 1.953E-1 1.91063E-1 2.08141E-1 2.13434E-1 2.09054E-1 1.92661E-1 1.89064E-1 1.89732E-1 1.93596E-1
1.55993E-1 1.68153E-1 1.53208E-1 1.60204E-1 1.50919E-1 1.56743E-1 1.53066E-1 1.43361E-1 1.62185E-1 1.57716E-1 1.62643E-1 1.52406E-1 1.55127E-1 1.55231E-1 1.59942E-1 1.64355E-1 1.68941E-1 1.663E-1 1.66759E-1 1.73073E-1 1.82025E-1 1.96116E-1 1.73105E-1 1.73328E-1 1.73319E-1 1.72091E-1 1.81728E-1 1.8739E-1 1.95606E-1 1.76272E-1 1.73664E-1 1.73095E-1 1.81323E-1 1.81374E-1 1.83551E-1 1.85137E-1 1.90049E-1 1.87638E-1 1.82436E-1 2.00145E-1 2.10027E-1 2.05527E-1 2.06969E-1 2.23922E-1 2.41138E-1 2.25012E-1 2.32372E-1 2.23966E-1 2.12797E-1 2.20257E-1 2.09726E-1 2.1979E-1 2.10057E-1 2.01122E-1 2.07874E-1 2.05171E-1 1.98362E-1 1.99916E-1 1.94045E-1 1.95853E-1 1.93165E-1
1.58081E-1 1.55183E-1 1.54293E-1 1.60698E-1 1.55744E-1 1.51268E-1 1.49425E-1 1.48483E-1 1.56655E-1 1.56856E-1 1.5963E-1 1.46781E-1 1.52935E-1 1.57671E-1 1.62402E-1 1.61973E-1 1.64548E-1 1.61799E-1 1.70147E-1 1.78503E-1 1.84906E-1 1.82171E-1 1.80991E-1 1.78989E-1 1.73418E-1 1.70645E-1 1.73492E-1 1.83855E-1 1.94625E-1 1.90446E-1 1.77641E-1 1.76774E-1 1.76669E-1 1.79956E-1 1.87764E-1 1.85402E-1 1.91445E-1 1.87165E-1 1.8245E-1 1.85425E-1 1.94939E-1 2.03636E-1 2.08669E-1 2.13569E-1 2.3221E-1 2.33654E-1 2.10518E-1 2.14041E-1 2.14628E-1 2.21941E-1 2.22418E-1 2.23388E-1 2.23561E-1 2.28735E-1 2.06641E-1 1.97635E-1 1.95905E-1 1.99556E-1 2.03131E-1 2.06377E-1 2.03615E-1
1.47987E-1 1.52943E-1 1.53179E-1 1.64731E-1 1.57125E-1 1.50831E-1 1.51045E-1 1.47577E-1 1.50302E-1 1.56691E-1 1.61191E-1 1.66886E-1 1.55615E-1 1.52976E-1 1.52288E-1 1.56853E-1 1.65422E-1 1.55524E-1 1.69113E-1 1.70095E-1 1.73501E-1 1.82516E-1 1.83274E-1 1.84888E-1 1.76165E-1 1.71313E-1 1.70815E-1 1.75224E-1 1.88157E-1 1.86225E-1 1.89481E-1 1.90697E-1 1.82209E-1 1.79372E-1 1.90909E-1 1.86775E-1 1.85204E-1 1.81217E-1 1.80742E-1 1.86061E-1 1.9176E-1 1.85951E-1 1.84079E-1 1.94986E-1 2.14793E-1 2.31142E-1 2.18001E-1 2.0226E-1 2.04055E-1 2.1268E-1 2.28529E-1 2.18693E-1 2.29337E-1 2.34523E-1 2.21763E-1 2.03318E-1 1.96318E-1 1.93893E-1 2.04491E-1 2.02317E-1 2.18841E-1
1.44058E-1 1.50771E-1 1.56972E-1 1.56506E-1 1.59298E-1 1.70898E-1 1.48252E-1 1.46869E-1 1.46936E-1 1.52453E-1 1.61987E-1 1.62558E-1 1.51888E-1 1.49139E-1 1.52837E-1 1.60166E-1 1.54671E-1 1.55253E-1 1.67449E-1 1.6237E-1 1.69009E-1 1.78816E-1 1.90707E-1 1.84252E-1 1.8057E-1 1.79562E-1 1.7115E-1 1.68959E-1 1.83648E-1 1.83647E-1 1.8287E-1 1.93277E-1 1.87319E-1 1.77047E-1 1.88675E-1 1.9227E-1 1.8428E-1 1.84735E-1 1.83565E-1 1.98672E-1 2.08225E-1 1.96717E-1 1.81139E-1 1.83326E-1 2.02999E-1 2.13298E-1 2.03358E-1 2.03523E-1 2.0618E-1 2.14156E-1 2.20616E-1 2.0922E-1 2.13355E-1 2.18654E-1 2.24232E-1 2.18855E-1 2.16348E-1 2.10249E-1 2.05822E-1 2.02843E-1 2.07693E-1
1.44756E-1 1.51611E-1 1.55268E-1 1.56294E-1 1.73835E-1 1.70506E-1 1.48328E-1 1.47595E-1 1.46871E-1 1.46509E-1 1.49561E-1 1.57572E-1 1.57546E-1 1.48646E-1 1.57435E-1 1.59161E-1 1.49354E-1 1.56113E-1 1.61386E-1 1.62565E-1 1.67956E-1 1.75521E-1 1.81795E-1 1.9313E-1 1.76779E-1 1.75499E-1 1.69791E-1 1.69599E-1 1.72571E-1 1.80244E-1 1.81851E-1 1.86833E-1 1.88696E-1 1.71082E-1 1.84407E-1 1.90266E-1 1.94824E-1 1.92841E-1 1.85535E-1 1.88309E-1 1.99064E-1 1.99771E-1 1.98507E-1 1.81118E-1 1.86385E-1 1.96321E-1 1.93983E-1 2.03725E-1 2.05434E-1 1.99156E-1 2.0112E-1 2.08794E-1 2.0887E-1 2.16515E-1 2.09279E-1 2.21081E-1 2.17342E-1 2.06585E-1 2.17611E-1 1.9816E-1 1.99127E-1
1.43643E-1 1.43551E-1 1.52991E-1 1.59579E-1 1.70296E-1 1.69211E-1 1.62863E-1 1.61178E-1 1.5042E-1 1.50826E-1 1.50057E-1 1.51641E-1 1.58137E-1 1.69631E-1 1.58191E-1 1.46596E-1 1.50533E-1 1.59318E-1 1.64354E-1 1.64457E-1 1.66514E-1 1.6941E-1 1.75934E-1 1.9258E-1 1.91043E-1 1.71405E-1 1.71711E-1 1.72782E-1 1.72198E-1 1.72932E-1 1.75971E-1 1.8317E-1 1.89992E-1 1.80887E-1 1.73258E-1 1.83067E-1 1.87111E-1 1.88195E-1 1.86641E-1 1.8372E-1 1.94433E-1 1.95268E-1 1.9757E-1 1.93566E-1 1.83553E-1 1.96558E-1 1.89649E-1 1.97773E-1 2.09307E-1 2.08692E-1 2.03005E-1 2.03612E-1 1.94735E-1 1.99478E-1 2.01281E-1 2.09572E-1 2.14756E-1 2.05806E-1 2.14341E-1 2.16678E-1 2.07972E-1
1.39697E-1 1.52126E-1 1.63438E-1 1.65127E-1 1.62781E-1 1.69982E-1 1.65074E-1 1.47807E-1 1.47231E-1 1.52072E-1 1.50993E-1 1.49672E-1 1.56514E-1 1.6426E-1 1.62191E-1 1.49413E-1 1.62247E-1 1.58341E-1 1.66625E-1 1.61579E-1 1.64102E-1 1.65961E-1 1.7154E-1 1.88002E-1 1.95587E-1 1.90768E-1 1.80777E-1 1.6786E-1 1.7217E-1 1.66881E-1 1.74296E-1 1.76223E-1 1.83073E-1 1.83353E-1 1.78218E-1 1.84328E-1 1.80621E-1 1.79048E-1 1.80025E-1 1.81712E-1 1.84395E-1 1.92158E-1 1.94697E-1 1.91858E-1 1.93298E-1 1.98929E-1 1.92395E-1 1.97942E-1 1.98366E-1 2.05835E-1 2.10632E-1 2.10497E-1 2.06615E-1 1.9778E-1 1.96865E-1 1.97735E-1 2.03561E-1 2.13652E-1 2.06968E-1 2.15348E-1 2.23701E-1
