Artocarpus heterophyllus SDM files/Last interglacial/results (without bias file)/Arthet_7.asc
ncols         625
nrows         721
xllcorner     69.99986311115
yllcorner     5.99986151914999
cellsize      0.041666667
NODATA_value  -9999
[rows 351 to 377 of 721, columns 366 to 426 of 625]
2.48405E-1 1.81448E-1 1.90321E-1 1.96488E-1 2.16893E-1 2.58524E-1 3.54928E-1 3.66611E-1 3.36753E-1 3.61467E-1 3.51162E-1 3.22553E-1 3.31572E-1 3.01232E-1 3.0383E-1 3.36893E-1 3.07956E-1 3.00895E-1 2.63463E-1 3.45305E-1 3.86746E-1 3.98242E-1 3.79768E-1 4.06236E-1 3.67256E-1 3.86034E-1 3.97228E-1 3.58486E-1 3.72223E-1 4.02813E-1 4.79244E-1 5.04748E-1 5.48446E-1 4.821E-1 5.12945E-1 4.30104E-1 4.06611E-1 4.13744E-1 3.94984E-1 4.10809E-1 4.11963E-1 4.10206E-1 -9999 -9999 -9999 -9999 -9999 -9999 -9999 -9999 -9999 -9999 -9999 -9999 -9999 -9999 -9999 -9999 -9999 -9999 -9999
3.56688E-1 2.12723E-1 1.94908E-1 1.84362E-1 2.40301E-1 2.24893E-1 2.25757E-1 2.11809E-1 3.24815E-1 3.31865E-1 2.87943E-1 2.67187E-1 2.89889E-1 2.85535E-1 2.84381E-1 2.82152E-1 3.0365E-1 3.32104E-1 2.85257E-1 2.89819E-1 3.67169E-1 4.02568E-1 3.84523E-1 3.51536E-1 3.10763E-1 3.89607E-1 4.16414E-1 4.31706E-1 4.63978E-1 4.27811E-1 4.28446E-1 4.54825E-1 4.51406E-1 4.14863E-1 4.55779E-1 4.25895E-1 4.18258E-1 3.88369E-1 3.9757E-1 4.12122E-1 4.13081E-1 -9999 -9999 -9999 -9999 -9999 -9999 -9999 -9999 -9999 -9999 -9999 -9999 -9999 -9999 -9999 -9999 -9999 -9999 -9999 -9999
2.35876E-1 2.16993E-1 2.30229E-1 2.20383E-1 2.63017E-1 3.3558E-1 2.6772E-1 2.5087E-1 2.75508E-1 3.21415E-1 2.74937E-1 2.76328E-1 2.86826E-1 3.10958E-1 3.10297E-1 3.15856E-1 3.03035E-1 2.74805E-1 2.72673E-1 2.64167E-1 3.21789E-1 4.00232E-1 3.83927E-1 4.22976E-1 3.23253E-1 3.43414E-1 4.31109E-1 4.39384E-1 3.68935E-1 3.77816E-1 3.85715E-1 3.87934E-1 3.84601E-1 4.05857E-1 4.12673E-1 4.25998E-1 4.31106E-1 4.10336E-1 4.1615E-1 4.14163E-1 3.7307E-1 -9999 -9999 -9999 -9999 -9999 -9999 -9999 -9999 -9999 -9999 -9999 -9999 -9999 -9999 -9999 -9999 -9999 -9999 -9999 -9999
2.30475E-1 2.67783E-1 2.2576E-1 2.13483E-1 2.38818E-1 2.41062E-1 3.39438E-1 3.29629E-1 3.40509E-1 4.1754E-1 3.86972E-1 3.21248E-1 2.85051E-1 2.89365E-1 2.98507E-1 3.11686E-1 3.41263E-1 3.39701E-1 3.24353E-1 2.96486E-1 2.95751E-1 3.67307E-1 3.54755E-1 4.22467E-1 4.44931E-1 3.59602E-1 3.82454E-1 3.85603E-1 3.69067E-1 3.72722E-1 3.84872E-1 4.00243E-1 3.92625E-1 4.083E-1 4.19063E-1 4.19063E-1 4.02203E-1 4.19989E-1 4.19862E-1 4.14295E-1 -9999 -9999 -9999 -9999 -9999 -9999 -9999 -9999 -9999 -9999 -9999 -9999 -9999 -9999 -9999 -9999 -9999 -9999 -9999 -9999 -9999
2.02018E-1 2.32059E-1 2.62899E-1 2.433E-1 2.2555E-1 2.66555E-1 2.19813E-1 1.91481E-1 2.33052E-1 3.79993E-1 4.4154E-1 3.63041E-1 2.81286E-1 2.79462E-1 2.86474E-1 2.97236E-1 3.40412E-1 3.23025E-1 3.27153E-1 3.39334E-1 3.08221E-1 3.13104E-1 3.29679E-1 4.05268E-1 4.33354E-1 3.52623E-1 3.7574E-1 3.77815E-1 3.64021E-1 3.72859E-1 3.79055E-1 3.77912E-1 3.90599E-1 4.0741E-1 4.13975E-1 3.97984E-1 4.02506E-1 4.11773E-1 3.73973E-1 -9999 -9999 -9999 -9999 -9999 -9999 -9999 -9999 -9999 -9999 -9999 -9999 -9999 -9999 -9999 -9999 -9999 -9999 -9999 -9999 -9999 -9999
2.34186E-1 2.19259E-1 2.03288E-1 2.47884E-1 2.15358E-1 2.72598E-1 2.49027E-1 2.28289E-1 2.11022E-1 2.98301E-1 3.96637E-1 4.53111E-1 3.0199E-1 2.85585E-1 2.75558E-1 2.88461E-1 2.76079E-1 2.86338E-1 3.03522E-1 3.05209E-1 3.1091E-1 3.15565E-1 3.25971E-1 3.59213E-1 3.58371E-1 3.66446E-1 3.78054E-1 3.6472E-1 3.7713E-1 3.83544E-1 3.96588E-1 3.84352E-1 3.96391E-1 4.11505E-1 3.9122E-1 3.99103E-1 4.12887E-1 3.71525E-1 3.74748E-1 -9999 -9999 -9999 -9999 -9999 -9999 -9999 -9999 -9999 -9999 -9999 -9999 -9999 -9999 -9999 -9999 -9999 -9999 -9999 -9999 -9999 -9999
2.05233E-1 2.21543E-1 2.27057E-1 2.3935E-1 2.47445E-1 2.03167E-1 2.51354E-1 2.79061E-1 2.37411E-1 3.37109E-1 3.64876E-1 4.11644E-1 3.97479E-1 3.28174E-1 2.65957E-1 2.68636E-1 2.60651E-1 2.66078E-1 2.77717E-1 2.91375E-1 3.03351E-1 2.99246E-1 3.14891E-1 3.4308E-1 3.60985E-1 3.61948E-1 3.75166E-1 3.71132E-1 3.83294E-1 3.97725E-1 4.05108E-1 3.96099E-1 4.13961E-1 3.99053E-1 4.05855E-1 4.09303E-1 3.73524E-1 3.75568E-1 -9999 -9999 -9999 -9999 -9999 -9999 -9999 -9999 -9999 -9999 -9999 -9999 -9999 -9999 -9999 -9999 -9999 -9999 -9999 -9999 -9999 -9999 -9999
2.15016E-1 2.11118E-1 2.22465E-1 2.3644E-1 2.25287E-1 2.00555E-1 2.24594E-1 2.40377E-1 2.53997E-1 3.28276E-1 3.37034E-1 3.49198E-1 4.12453E-1 4.29361E-1 3.55022E-1 2.86222E-1 2.86935E-1 2.64035E-1 2.91442E-1 3.39639E-1 3.34152E-1 3.35928E-1 3.22606E-1 3.46527E-1 3.60098E-1 3.74713E-1 3.57975E-1 3.69039E-1 3.87498E-1 3.93785E-1 3.92518E-1 4.0414E-1 4.13708E-1 4.02895E-1 4.14006E-1 3.74318E-1 3.80541E-1 3.82605E-1 3.30755E-1 -9999 -9999 -9999 -9999 -9999 -9999 -9999 -9999 -9999 -9999 -9999 -9999 -9999 -9999 -9999 -9999 -9999 -9999 -9999 -9999 -9999 -9999
2.50607E-1 2.59772E-1 2.52429E-1 2.74531E-1 2.33357E-1 2.39687E-1 2.04739E-1 2.19189E-1 2.54E-1 2.88943E-1 2.82226E-1 2.85169E-1 3.19342E-1 3.29865E-1 3.74832E-1 4.37232E-1 3.95449E-1 3.24393E-1 3.08409E-1 3.35409E-1 3.23981E-1 3.22722E-1 3.2516E-1 3.45646E-1 3.58132E-1 3.7237E-1 3.61274E-1 3.73166E-1 3.84486E-1 4.05603E-1 3.97483E-1 4.05236E-1 4.13867E-1 3.9939E-1 4.08583E-1 3.69267E-1 3.87262E-1 3.86188E-1 3.35103E-1 -9999 -9999 -9999 -9999 -9999 -9999 -9999 -9999 -9999 -9999 -9999 -9999 -9999 -9999 -9999 -9999 -9999 -9999 -9999 -9999 -9999 -9999
2.01646E-1 2.24568E-1 2.3947E-1 3.03391E-1 2.71162E-1 3.24487E-1 2.54636E-1 2.30977E-1 2.43867E-1 2.75123E-1 2.61992E-1 2.73988E-1 3.20231E-1 3.54419E-1 3.47916E-1 3.38375E-1 3.59157E-1 3.27853E-1 3.07551E-1 3.27105E-1 3.61298E-1 3.62033E-1 3.34617E-1 3.49515E-1 3.61538E-1 3.76234E-1 3.63784E-1 3.75641E-1 3.87024E-1 3.8831E-1 3.99498E-1 4.15993E-1 3.94257E-1 4.01483E-1 3.6687E-1 3.75961E-1 3.83665E-1 3.40265E-1 3.42645E-1 -9999 -9999 -9999 -9999 -9999 -9999 -9999 -9999 -9999 -9999 -9999 -9999 -9999 -9999 -9999 -9999 -9999 -9999 -9999 -9999 -9999 -9999
2.0066E-1 2.14913E-1 2.31975E-1 2.47825E-1 2.31412E-1 2.68062E-1 2.65047E-1 2.96179E-1 2.64317E-1 2.60164E-1 2.67008E-1 2.68273E-1 2.83981E-1 2.78305E-1 2.97634E-1 3.10174E-1 3.25721E-1 3.2555E-1 3.25031E-1 3.21592E-1 3.46954E-1 3.55175E-1 3.46302E-1 3.57504E-1 3.71357E-1 3.83797E-1 3.67372E-1 3.76126E-1 3.91467E-1 3.84375E-1 4.00078E-1 4.17E-1 3.96289E-1 4.15511E-1 3.70656E-1 3.74286E-1 3.34577E-1 3.4128E-1 2.87387E-1 2.89326E-1 -9999 -9999 -9999 -9999 -9999 -9999 -9999 -9999 -9999 -9999 -9999 -9999 -9999 -9999 -9999 -9999 -9999 -9999 -9999 -9999 -9999
2.14632E-1 2.22118E-1 2.31187E-1 2.25034E-1 2.20755E-1 2.27582E-1 2.17483E-1 2.45468E-1 2.50285E-1 2.57781E-1 2.78495E-1 2.61595E-1 2.85028E-1 2.7756E-1 2.93989E-1 3.32815E-1 3.65529E-1 3.35637E-1 3.70314E-1 3.35672E-1 3.49501E-1 3.63487E-1 3.51551E-1 3.61271E-1 3.728E-1 3.86781E-1 3.73141E-1 3.8111E-1 3.92925E-1 3.85747E-1 3.93351E-1 3.78647E-1 3.9095E-1 4.07473E-1 3.71413E-1 3.81101E-1 3.38583E-1 3.47405E-1 2.90031E-1 2.94988E-1 2.28123E-1 -9999 -9999 -9999 -9999 -9999 -9999 -9999 -9999 -9999 -9999 -9999 -9999 -9999 -9999 -9999 -9999 -9999 -9999 -9999 -9999
1.98482E-1 2.18548E-1 2.43327E-1 2.64128E-1 2.87211E-1 2.65389E-1 2.21669E-1 2.43396E-1 2.3166E-1 2.396E-1 2.59548E-1 2.7104E-1 2.71736E-1 2.84724E-1 2.75991E-1 3.0679E-1 3.25133E-1 3.22515E-1 3.26611E-1 3.30266E-1 3.38317E-1 3.41296E-1 3.53261E-1 3.65401E-1 3.76939E-1 3.71862E-1 3.66963E-1 3.78096E-1 3.77952E-1 3.82521E-1 3.91818E-1 3.79049E-1 3.93845E-1 3.56144E-1 3.70845E-1 3.27839E-1 3.34459E-1 2.84325E-1 2.91511E-1 2.3352E-1 2.33603E-1 -9999 -9999 -9999 -9999 -9999 -9999 -9999 -9999 -9999 -9999 -9999 -9999 -9999 -9999 -9999 -9999 -9999 -9999 -9999 -9999
2.20252E-1 2.24044E-1 2.39994E-1 2.49514E-1 2.58332E-1 3.06146E-1 2.8096E-1 2.86193E-1 2.97304E-1 2.59276E-1 2.79056E-1 2.69836E-1 3.10581E-1 2.96498E-1 2.6542E-1 2.79729E-1 2.92855E-1 3.15365E-1 3.20953E-1 3.20505E-1 3.40237E-1 3.38909E-1 3.53079E-1 3.65202E-1 3.7827E-1 3.65617E-1 3.73511E-1 3.8311E-1 3.82418E-1 3.94633E-1 4.09864E-1 3.82541E-1 3.91773E-1 3.58066E-1 3.70239E-1 3.32019E-1 2.78796E-1 2.90462E-1 2.3494E-1 2.35773E-1 1.88384E-1 1.84702E-1 -9999 -9999 -9999 -9999 -9999 -9999 -9999 -9999 -9999 -9999 -9999 -9999 -9999 -9999 -9999 -9999 -9999 -9999 -9999
2.24495E-1 2.13978E-1 2.23511E-1 2.2763E-1 2.37005E-1 2.5629E-1 2.77772E-1 2.86565E-1 2.5789E-1 2.64892E-1 2.73041E-1 2.66644E-1 3.01594E-1 3.38888E-1 3.02402E-1 2.84602E-1 2.86519E-1 3.09755E-1 3.206E-1 3.23919E-1 3.2572E-1 3.35625E-1 3.5417E-1 3.67816E-1 3.83416E-1 3.63596E-1 3.7299E-1 3.87164E-1 3.84749E-1 3.94138E-1 4.0941E-1 3.86474E-1 3.99635E-1 3.62686E-1 3.69962E-1 3.29542E-1 2.77263E-1 2.88144E-1 2.3373E-1 2.35816E-1 1.88734E-1 1.87098E-1 -9999 -9999 -9999 -9999 -9999 -9999 -9999 -9999 -9999 -9999 -9999 -9999 -9999 -9999 -9999 -9999 -9999 -9999 -9999
2.18105E-1 2.42044E-1 2.41426E-1 2.34843E-1 2.35389E-1 2.31428E-1 2.54626E-1 2.76983E-1 2.52858E-1 2.88083E-1 3.18673E-1 2.73291E-1 2.68054E-1 2.83818E-1 2.86952E-1 2.92986E-1 2.89173E-1 3.18955E-1 3.84995E-1 3.38767E-1 3.44932E-1 3.41572E-1 3.55061E-1 3.67799E-1 3.68047E-1 3.622E-1 3.77069E-1 3.686E-1 3.87033E-1 3.97232E-1 4.08738E-1 3.90483E-1 3.52598E-1 3.64714E-1 3.26023E-1 3.33286E-1 2.80631E-1 2.25318E-1 2.27866E-1 1.82406E-1 1.85109E-1 1.49803E-1 -9999 -9999 -9999 -9999 -9999 -9999 -9999 -9999 -9999 -9999 -9999 -9999 -9999 -9999 -9999 -9999 -9999 -9999 -9999
2.42226E-1 2.50645E-1 2.40892E-1 2.42592E-1 2.5611E-1 2.50674E-1 2.46529E-1 2.56024E-1 2.65343E-1 2.60331E-1 2.85835E-1 2.84817E-1 2.7074E-1 2.83191E-1 3.33115E-1 3.45192E-1 3.11575E-1 3.09286E-1 3.2067E-1 3.41979E-1 3.31288E-1 3.5158E-1 3.53449E-1 3.745E-1 3.8467E-1 3.65393E-1 3.80392E-1 3.89146E-1 3.84664E-1 3.98576E-1 3.82722E-1 3.90496E-1 3.55335E-1 3.68223E-1 3.30273E-1 3.35964E-1 2.81403E-1 2.2781E-1 2.38696E-1 1.86831E-1 1.44935E-1 1.50011E-1 1.16552E-1 -9999 -9999 -9999 -9999 -9999 -9999 -9999 -9999 -9999 -9999 -9999 -9999 -9999 -9999 -9999 -9999 -9999 -9999
2.51979E-1 2.41966E-1 2.62663E-1 2.67117E-1 2.53535E-1 2.50899E-1 2.60752E-1 2.86404E-1 2.71422E-1 2.93836E-1 3.07415E-1 3.32437E-1 3.9111E-1 3.69104E-1 3.39491E-1 3.36035E-1 3.37622E-1 3.42255E-1 3.65032E-1 3.87509E-1 4.06028E-1 3.58137E-1 3.74158E-1 3.83108E-1 3.72208E-1 3.73079E-1 3.89383E-1 4.00543E-1 3.97704E-1 4.0452E-1 3.89838E-1 3.94467E-1 3.60332E-1 3.72518E-1 3.23419E-1 2.76462E-1 2.83E-1 2.29983E-1 1.84842E-1 1.86466E-1 1.50586E-1 1.18754E-1 1.1977E-1 1.20568E-1 -9999 -9999 -9999 -9999 -9999 -9999 -9999 -9999 -9999 -9999 -9999 -9999 -9999 -9999 -9999 -9999 -9999
2.4057E-1 2.41413E-1 2.65981E-1 3.3203E-1 3.2252E-1 2.79254E-1 2.62231E-1 2.80286E-1 2.98293E-1 3.07067E-1 3.42321E-1 3.84343E-1 3.5761E-1 3.91664E-1 4.10797E-1 4.02541E-1 3.53813E-1 3.79486E-1 3.46901E-1 3.33463E-1 3.56102E-1 3.66359E-1 3.73694E-1 4.10773E-1 3.97382E-1 3.74147E-1 3.93649E-1 4.03499E-1 4.02649E-1 3.81295E-1 3.92824E-1 4.00819E-1 3.62173E-1 3.23961E-1 3.27256E-1 2.79659E-1 2.237E-1 2.31874E-1 1.84712E-1 1.49128E-1 1.53171E-1 1.54283E-1 1.17195E-1 -9999 -9999 -9999 -9999 -9999 -9999 -9999 -9999 -9999 -9999 -9999 -9999 -9999 -9999 -9999 -9999 -9999 -9999
2.54104E-1 2.49005E-1 2.47094E-1 2.53194E-1 2.81606E-1 3.13606E-1 3.18958E-1 2.9772E-1 2.99829E-1 2.94455E-1 3.27914E-1 3.19942E-1 3.29388E-1 3.24091E-1 3.53374E-1 3.58118E-1 3.57745E-1 3.87847E-1 3.65953E-1 3.48407E-1 3.56548E-1 3.68207E-1 3.78696E-1 3.96292E-1 3.75814E-1 3.79146E-1 3.9704E-1 3.89559E-1 4.04633E-1 3.82981E-1 4.01304E-1 3.64308E-1 3.66681E-1 3.279E-1 3.33047E-1 2.80853E-1 2.25718E-1 2.33957E-1 1.87488E-1 1.48426E-1 1.48654E-1 -9999 -9999 -9999 -9999 -9999 -9999 -9999 -9999 -9999 -9999 -9999 -9999 -9999 -9999 -9999 -9999 -9999 -9999 -9999 -9999
2.64121E-1 2.6032E-1 2.47107E-1 2.42371E-1 2.67495E-1 2.52729E-1 3.15244E-1 3.71319E-1 2.82549E-1 2.88069E-1 3.01116E-1 3.14165E-1 3.21817E-1 3.25634E-1 3.35249E-1 3.50828E-1 3.41182E-1 3.52767E-1 3.39501E-1 3.71646E-1 3.62309E-1 3.72419E-1 3.76407E-1 3.8961E-1 3.74999E-1 3.83651E-1 3.97735E-1 3.90033E-1 4.04074E-1 3.82309E-1 4.01413E-1 3.67904E-1 3.73405E-1 3.31741E-1 3.37065E-1 2.87287E-1 2.27343E-1 1.82177E-1 1.86255E-1 1.47508E-1 -9999 -9999 -9999 -9999 -9999 -9999 -9999 -9999 -9999 -9999 -9999 -9999 -9999 -9999 -9999 -9999 -9999 -9999 -9999 -9999 -9999
3.9076E-1 3.48069E-1 2.98896E-1 3.07062E-1 2.93576E-1 2.88023E-1 2.97356E-1 2.80442E-1 2.92836E-1 2.83471E-1 3.02372E-1 3.27067E-1 3.26575E-1 3.32622E-1 3.33415E-1 3.52853E-1 3.52682E-1 3.53151E-1 3.42716E-1 3.49666E-1 3.62894E-1 3.70979E-1 3.7335E-1 3.80709E-1 3.70712E-1 3.89045E-1 3.82145E-1 3.93079E-1 4.0444E-1 3.85181E-1 3.52739E-1 3.68657E-1 3.19798E-1 3.34171E-1 2.85467E-1 2.25809E-1 2.32498E-1 2.29707E-1 -9999 -9999 -9999 -9999 -9999 -9999 -9999 -9999 -9999 -9999 -9999 -9999 -9999 -9999 -9999 -9999 -9999 -9999 -9999 -9999 -9999 -9999 -9999
3.49038E-1 3.72335E-1 3.62418E-1 3.50831E-1 3.37081E-1 3.22286E-1 3.16943E-1 3.17229E-1 3.18613E-1 3.30748E-1 3.00664E-1 3.1254E-1 3.06406E-1 3.15758E-1 3.32949E-1 3.49097E-1 3.51479E-1 3.60549E-1 3.5566E-1 3.62015E-1 3.70053E-1 3.75881E-1 3.89025E-1 3.71753E-1 3.84485E-1 3.94096E-1 3.87282E-1 3.98185E-1 3.77422E-1 3.93301E-1 3.97702E-1 3.64868E-1 3.22755E-1 3.31254E-1 2.85072E-1 2.90613E-1 2.26682E-1 1.86128E-1 -9999 -9999 -9999 -9999 -9999 -9999 -9999 -9999 -9999 -9999 -9999 -9999 -9999 -9999 -9999 -9999 -9999 -9999 -9999 -9999 -9999 -9999 -9999
3.13114E-1 3.16655E-1 3.19086E-1 2.9835E-1 3.07577E-1 2.82259E-1 2.97417E-1 3.07041E-1 3.11134E-1 3.03627E-1 2.94692E-1 2.87662E-1 3.10602E-1 3.18217E-1 3.334E-1 3.50859E-1 3.61327E-1 3.44372E-1 3.58285E-1 3.60458E-1 3.78351E-1 3.71973E-1 3.59068E-1 3.70676E-1 3.8339E-1 3.80345E-1 3.8958E-1 4.05968E-1 3.83155E-1 3.93345E-1 3.56995E-1 3.20669E-1 3.22673E-1 2.76065E-1 2.8106E-1 2.27606E-1 1.81546E-1 1.8362E-1 -9999 -9999 -9999 -9999 -9999 -9999 -9999 -9999 -9999 -9999 -9999 -9999 -9999 -9999 -9999 -9999 -9999 -9999 -9999 -9999 -9999 -9999 -9999
2.94497E-1 2.87498E-1 2.8946E-1 3.02223E-1 3.21472E-1 3.06403E-1 2.98706E-1 3.04351E-1 3.22345E-1 3.6515E-1 3.31259E-1 3.24403E-1 3.25351E-1 3.23098E-1 3.34117E-1 3.50542E-1 3.4856E-1 3.5873E-1 3.61937E-1 3.71936E-1 3.80009E-1 3.73667E-1 3.66856E-1 3.82023E-1 3.91499E-1 3.87063E-1 3.98011E-1 4.05508E-1 3.85217E-1 3.99092E-1 3.61666E-1 3.20464E-1 3.26475E-1 2.79316E-1 2.83506E-1 2.32668E-1 1.84155E-1 1.86819E-1 -9999 -9999 -9999 -9999 -9999 -9999 -9999 -9999 -9999 -9999 -9999 -9999 -9999 -9999 -9999 -9999 -9999 -9999 -9999 -9999 -9999 -9999 -9999
2.7604E-1 2.74489E-1 2.87553E-1 2.84443E-1 2.91452E-1 2.98669E-1 3.02306E-1 3.14927E-1 3.51517E-1 3.9252E-1 3.81117E-1 3.56108E-1 3.3411E-1 3.27801E-1 3.37676E-1 3.39431E-1 3.50238E-1 3.60521E-1 3.72619E-1 3.78061E-1 3.6926E-1 3.56759E-1 3.66743E-1 3.79222E-1 3.74243E-1 3.85611E-1 3.9564E-1 3.77364E-1 3.94863E-1 3.59719E-1 3.62307E-1 3.19615E-1 3.27675E-1 2.81876E-1 2.2554E-1 2.33058E-1 1.85987E-1 1.44489E-1 -9999 -9999 -9999 -9999 -9999 -9999 -9999 -9999 -9999 -9999 -9999 -9999 -9999 -9999 -9999 -9999 -9999 -9999 -9999 -9999 -9999 -9999 -9999
3.04236E-1 2.87097E-1 2.99574E-1 3.10004E-1 3.12385E-1 3.18706E-1 3.21311E-1 3.23523E-1 3.81955E-1 4.05948E-1 3.71715E-1 3.5931E-1 3.79855E-1 3.7887E-1 3.36632E-1 3.49544E-1 3.61536E-1 3.67991E-1 3.83117E-1 3.89454E-1 3.78991E-1 3.64789E-1 3.73523E-1 3.70987E-1 3.85305E-1 3.97922E-1 3.80489E-1 3.86296E-1 3.54972E-1 3.63105E-1 3.18008E-1 3.21931E-1 2.75325E-1 2.80118E-1 2.28406E-1 2.354E-1 1.85601E-1 -9999 -9999 -9999 -9999 -9999 -9999 -9999 -9999 -9999 -9999 -9999 -9999 -9999 -9999 -9999 -9999 -9999 -9999 -9999 -9999 -9999 -9999 -9999 -9999
