Artocarpus heterophyllus SDM files/Last interglacial/results (without bias file)/Arthet_4.asc
ncols         625
nrows         721
xllcorner     69.99986311115
yllcorner     5.99986151914999
cellsize      0.041666667
NODATA_value  -9999
[rows 27 to 53 of 721, columns 549 to 609 of 625]
2.67369E-4 2.80556E-4 2.84274E-4 2.889E-4 2.80043E-4 2.90764E-4 3.00475E-4 2.62005E-4 2.52686E-4 2.71298E-4 2.94254E-4 3.04234E-4 3.28729E-4 2.93314E-4 3.33174E-4 3.29355E-4 3.07423E-4 3.27008E-4 3.37618E-4 3.69632E-4 3.40572E-4 3.12262E-4 2.7393E-4 2.6218E-4 2.09511E-4 1.93029E-4 2.18318E-4 2.61815E-4 3.25184E-4 3.84847E-4 3.55263E-4 3.1863E-4 4.19478E-4 4.23669E-4 4.37058E-4 4.62235E-4 4.00821E-4 2.74438E-4 2.27442E-4 2.27828E-4 2.87645E-4 3.42756E-4 3.12163E-4 2.65444E-4 2.85868E-4 3.88705E-4 3.44145E-4 4.4135E-4 4.87985E-4 5.41632E-4 5.32042E-4 4.96369E-4 4.67102E-4 3.96271E-4 3.23789E-4 2.72872E-4 2.16515E-4 2.6161E-4 3.48187E-4 3.75683E-4 3.8276E-4
2.60411E-4 2.75218E-4 2.75097E-4 2.90354E-4 2.84356E-4 2.99607E-4 3.0972E-4 2.65403E-4 2.73129E-4 2.8495E-4 2.70891E-4 2.76027E-4 3.14356E-4 3.33562E-4 3.42079E-4 3.57014E-4 3.31039E-4 3.48705E-4 3.71237E-4 3.70664E-4 3.70664E-4 3.72575E-4 3.53096E-4 3.26276E-4 2.63967E-4 2.53339E-4 2.3192E-4 2.06487E-4 2.204E-4 2.61812E-4 3.08367E-4 3.70565E-4 4.62013E-4 5.00031E-4 5.10468E-4 5.07245E-4 5.007E-4 4.82316E-4 4.60427E-4 3.80289E-4 2.49172E-4 2.59307E-4 3.3311E-4 4.44626E-4 4.14615E-4 3.43409E-4 2.7907E-4 4.20995E-4 5.07171E-4 5.47217E-4 5.30161E-4 5.24667E-4 4.60161E-4 4.05425E-4 3.3775E-4 3.57127E-4 2.98679E-4 2.20729E-4 2.45109E-4 3.18418E-4 3.72463E-4
2.75483E-4 2.72668E-4 2.92622E-4 2.81757E-4 2.88791E-4 2.86731E-4 3.08484E-4 3.05276E-4 3.33619E-4 3.26623E-4 3.22317E-4 3.06849E-4 3.32833E-4 3.57513E-4 3.59661E-4 3.68068E-4 3.93079E-4 4.03111E-4 4.03111E-4 4.13399E-4 4.01672E-4 3.92897E-4 3.92074E-4 3.81557E-4 3.2859E-4 3.06785E-4 2.85285E-4 2.63472E-4 2.23035E-4 2.19552E-4 2.24526E-4 2.58161E-4 2.61118E-4 2.79724E-4 3.989E-4 4.81383E-4 5.45793E-4 5.43939E-4 5.38114E-4 5.13095E-4 4.87452E-4 4.57285E-4 3.18695E-4 3.25954E-4 4.16256E-4 4.80629E-4 4.5926E-4 3.35649E-4 3.46046E-4 5.85376E-4 5.9472E-4 4.9996E-4 4.84228E-4 4.49165E-4 4.21224E-4 4.13781E-4 3.51578E-4 3.01751E-4 2.18474E-4 2.85158E-4 3.05647E-4
2.74085E-4 2.69289E-4 2.69289E-4 2.63934E-4 2.83981E-4 2.82517E-4 2.98955E-4 3.20317E-4 3.24819E-4 3.38805E-4 3.50078E-4 3.58264E-4 3.60681E-4 3.37043E-4 3.68746E-4 3.84598E-4 4.10792E-4 4.40262E-4 4.36389E-4 4.47524E-4 4.55862E-4 4.67494E-4 4.48875E-4 4.32192E-4 4.24526E-4 4.10728E-4 3.83917E-4 3.24439E-4 2.8744E-4 2.50074E-4 2.7013E-4 2.23323E-4 2.15454E-4 2.50057E-4 2.87519E-4 3.08867E-4 3.96414E-4 5.8522E-4 6.01894E-4 5.99338E-4 6.05534E-4 5.8979E-4 5.55685E-4 4.97247E-4 3.94025E-4 3.96459E-4 5.35136E-4 4.53576E-4 4.94189E-4 4.92626E-4 5.86416E-4 5.5242E-4 5.27931E-4 5.16197E-4 4.76609E-4 4.45035E-4 3.18106E-4 2.31225E-4 3.24068E-4 2.57639E-4 2.50781E-4
2.41129E-4 2.21258E-4 2.13932E-4 2.44821E-4 2.62443E-4 2.83276E-4 2.85478E-4 3.24848E-4 3.4155E-4 3.40591E-4 3.43361E-4 3.52281E-4 3.26967E-4 3.75776E-4 3.70128E-4 3.94992E-4 3.99425E-4 3.99912E-4 4.2724E-4 4.42372E-4 4.8258E-4 4.9281E-4 5.05166E-4 4.9296E-4 4.68076E-4 4.59812E-4 4.58565E-4 3.94643E-4 3.74027E-4 3.37345E-4 3.51705E-4 3.36417E-4 3.55964E-4 3.38886E-4 3.1264E-4 2.9288E-4 3.32568E-4 4.31486E-4 6.50512E-4 6.55774E-4 6.6931E-4 6.21269E-4 6.20699E-4 6.18251E-4 6.03074E-4 5.77641E-4 5.81054E-4 5.7104E-4 5.0591E-4 6.06498E-4 5.79804E-4 4.17844E-4 4.10696E-4 4.54458E-4 5.02351E-4 3.28403E-4 2.8771E-4 3.09405E-4 4.38146E-4 2.98988E-4 4.04005E-4
2.34192E-4 2.25015E-4 2.20489E-4 2.0921E-4 2.32622E-4 2.83044E-4 3.26275E-4 3.23029E-4 3.3198E-4 3.51427E-4 3.35431E-4 3.40564E-4 3.60129E-4 3.95895E-4 3.45183E-4 4.0922E-4 3.97193E-4 4.22072E-4 4.19238E-4 4.24756E-4 4.63379E-4 5.02921E-4 5.10126E-4 5.10512E-4 4.71706E-4 5.15639E-4 5.06385E-4 4.57688E-4 4.87056E-4 5.3894E-4 4.3773E-4 3.8079E-4 3.73337E-4 5.17626E-4 4.55623E-4 5.84117E-4 6.01388E-4 6.66627E-4 6.80193E-4 3.65195E-4 4.79589E-4 4.93483E-4 6.06312E-4 6.9115E-4 6.91061E-4 6.99239E-4 6.77439E-4 6.34495E-4 6.40037E-4 6.35458E-4 6.37142E-4 6.11357E-4 5.77889E-4 4.06409E-4 3.52832E-4 3.49832E-4 3.06521E-4 4.86824E-4 4.57869E-4 3.62065E-4 4.72891E-4
2.40587E-4 2.23406E-4 2.20331E-4 2.27596E-4 2.84914E-4 2.96876E-4 2.88957E-4 2.97504E-4 3.16108E-4 3.32792E-4 3.36724E-4 3.39381E-4 3.40803E-4 3.70259E-4 3.54706E-4 3.86511E-4 4.05624E-4 3.91885E-4 4.018E-4 4.32233E-4 4.60994E-4 5.06885E-4 5.07642E-4 5.28039E-4 5.95453E-4 6.06529E-4 4.65091E-4 4.92222E-4 5.01389E-4 5.55948E-4 3.67264E-4 3.29616E-4 3.15999E-4 4.69974E-4 6.66764E-4 6.94949E-4 4.13933E-4 3.77662E-4 6.49715E-4 4.12917E-4 3.4824E-4 3.27956E-4 3.7857E-4 4.1218E-4 4.59272E-4 5.10131E-4 6.6928E-4 7.08788E-4 7.04675E-4 7.09355E-4 6.47909E-4 6.01855E-4 4.89873E-4 5.88012E-4 5.27459E-4 3.23547E-4 5.07661E-4 5.3258E-4 5.38604E-4 4.24695E-4 5.42928E-4
2.54706E-4 2.30499E-4 2.23225E-4 2.37035E-4 2.98452E-4 2.39059E-4 2.15957E-4 2.75563E-4 3.26837E-4 3.40781E-4 3.14848E-4 3.26165E-4 3.40516E-4 3.62085E-4 3.74158E-4 3.81006E-4 3.73884E-4 3.72922E-4 3.89593E-4 4.06985E-4 4.28889E-4 4.65912E-4 4.69025E-4 4.92253E-4 5.39611E-4 5.99502E-4 5.69085E-4 5.00025E-4 4.71389E-4 4.46088E-4 5.93624E-4 4.65489E-4 3.75862E-4 4.86324E-4 6.25983E-4 3.87511E-4 3.383E-4 3.53498E-4 6.82156E-4 4.04678E-4 2.93339E-4 2.90772E-4 3.9932E-4 3.18692E-4 3.63028E-4 4.8741E-4 5.40262E-4 4.95146E-4 5.01371E-4 7.49851E-4 7.05086E-4 6.80363E-4 5.55813E-4 3.36301E-4 3.50487E-4 4.60258E-4 3.87151E-4 4.77933E-4 6.31064E-4 6.21783E-4 5.57928E-4
2.98439E-4 2.72371E-4 2.59235E-4 2.52867E-4 2.80167E-4 2.60676E-4 2.31869E-4 2.96342E-4 3.05937E-4 3.01386E-4 3.0606E-4 3.19077E-4 3.394E-4 3.57926E-4 3.60645E-4 3.59682E-4 3.63138E-4 3.35036E-4 3.58013E-4 3.70108E-4 3.98158E-4 4.08186E-4 4.15624E-4 4.30525E-4 4.90027E-4 4.81683E-4 5.46254E-4 5.90336E-4 5.75361E-4 5.16505E-4 6.35312E-4 6.71229E-4 6.89797E-4 6.56155E-4 3.79114E-4 3.30013E-4 3.39914E-4 3.88207E-4 5.6332E-4 6.17504E-4 4.08814E-4 3.43753E-4 2.98439E-4 3.16348E-4 3.70184E-4 3.75147E-4 4.69132E-4 3.67643E-4 4.38231E-4 4.9271E-4 5.65471E-4 7.47568E-4 7.04035E-4 6.3711E-4 4.56358E-4 6.34368E-4 5.01324E-4 3.21498E-4 5.81346E-4 6.78041E-4 6.78663E-4
3.06025E-4 2.77865E-4 2.52881E-4 2.42693E-4 2.78981E-4 3.19617E-4 3.54246E-4 3.51263E-4 2.8956E-4 2.48605E-4 2.86205E-4 3.04067E-4 3.22279E-4 3.31765E-4 3.41492E-4 3.09938E-4 3.14332E-4 3.01678E-4 3.52338E-4 3.39363E-4 3.31023E-4 3.59422E-4 3.56435E-4 3.83402E-4 3.88055E-4 4.23178E-4 5.23441E-4 6.6152E-4 5.47233E-4 4.21614E-4 4.45465E-4 4.20923E-4 4.63042E-4 4.87737E-4 4.50026E-4 3.69633E-4 3.29144E-4 3.25149E-4 4.91534E-4 6.74019E-4 6.67814E-4 6.08518E-4 3.4614E-4 3.16492E-4 2.87637E-4 3.73483E-4 3.58424E-4 3.71392E-4 3.28091E-4 3.83177E-4 4.66722E-4 5.28479E-4 7.16437E-4 7.65582E-4 7.38806E-4 6.90326E-4 4.12505E-4 3.50812E-4 5.26745E-4 7.71958E-4 4.55105E-4
3.27484E-4 3.05684E-4 2.95362E-4 2.9379E-4 3.09962E-4 3.3466E-4 3.92952E-4 4.00537E-4 3.34052E-4 3.19244E-4 3.46466E-4 3.59424E-4 3.04847E-4 2.89956E-4 2.7193E-4 3.29049E-4 3.21406E-4 3.15014E-4 2.94118E-4 3.78467E-4 3.95226E-4 3.83054E-4 4.12909E-4 4.40124E-4 4.19559E-4 4.73806E-4 6.30986E-4 5.05821E-4 3.91898E-4 3.36832E-4 3.58612E-4 3.08355E-4 3.61231E-4 3.28683E-4 3.52747E-4 2.93994E-4 3.31582E-4 3.84876E-4 4.29677E-4 5.61963E-4 5.61155E-4 6.73568E-4 5.19976E-4 4.02069E-4 2.80114E-4 3.12172E-4 3.407E-4 3.42171E-4 3.62425E-4 3.99385E-4 4.55928E-4 4.57376E-4 4.51567E-4 7.3201E-4 8.10535E-4 7.94402E-4 7.53603E-4 7.51239E-4 7.56182E-4 7.70278E-4 5.73192E-4
4.05264E-4 3.74382E-4 3.6838E-4 3.40738E-4 3.33126E-4 3.4667E-4 3.98481E-4 4.12603E-4 3.66568E-4 3.47786E-4 3.61343E-4 4.09376E-4 3.68546E-4 3.05523E-4 2.4091E-4 2.90133E-4 2.88484E-4 3.60335E-4 3.93043E-4 4.10268E-4 4.97083E-4 5.39998E-4 5.73575E-4 6.13716E-4 6.35177E-4 5.96062E-4 5.73413E-4 4.67127E-4 4.01209E-4 3.49306E-4 3.60351E-4 3.24393E-4 3.55921E-4 3.04972E-4 2.81645E-4 3.52501E-4 3.78856E-4 3.67126E-4 4.43145E-4 5.32574E-4 4.85135E-4 4.20897E-4 7.06341E-4 6.26375E-4 4.10119E-4 3.7167E-4 2.72662E-4 3.04359E-4 3.3111E-4 3.9518E-4 5.67212E-4 3.54984E-4 4.91316E-4 7.41708E-4 5.47161E-4 6.7595E-4 5.32393E-4 4.90567E-4 6.35765E-4 7.98097E-4 8.21239E-4
4.60829E-4 4.37465E-4 4.34718E-4 3.98329E-4 4.19085E-4 4.12322E-4 4.52035E-4 4.58722E-4 4.26806E-4 3.59423E-4 3.78084E-4 4.31777E-4 4.23794E-4 3.3545E-4 2.69566E-4 2.17249E-4 2.8012E-4 3.95945E-4 3.70104E-4 3.30419E-4 3.92879E-4 4.43743E-4 5.15387E-4 5.98418E-4 6.84003E-4 6.31553E-4 5.9821E-4 5.8319E-4 4.59473E-4 3.78753E-4 3.10508E-4 3.17483E-4 3.67891E-4 4.50917E-4 5.15489E-4 4.46823E-4 4.0673E-4 4.37428E-4 4.51327E-4 4.98586E-4 4.80824E-4 5.40467E-4 7.3977E-4 7.40386E-4 7.11644E-4 5.05143E-4 4.03789E-4 4.33697E-4 3.7466E-4 4.41057E-4 4.60779E-4 4.84765E-4 7.62307E-4 5.70622E-4 3.89483E-4 4.49293E-4 2.75674E-4 3.36007E-4 3.947E-4 5.35586E-4 6.8015E-4
5.13218E-4 4.99925E-4 4.50878E-4 4.2605E-4 4.33212E-4 4.5769E-4 4.76243E-4 5.16627E-4 5.07727E-4 4.39114E-4 4.73592E-4 5.03281E-4 5.03473E-4 4.54711E-4 3.59963E-4 3.23141E-4 3.53465E-4 3.42433E-4 3.34453E-4 4.51239E-4 4.39812E-4 3.94211E-4 3.81256E-4 4.95276E-4 5.10629E-4 5.18401E-4 5.44628E-4 5.93852E-4 6.47487E-4 6.00864E-4 4.43632E-4 4.64388E-4 4.3046E-4 4.99788E-4 5.54703E-4 4.75621E-4 4.72436E-4 4.48576E-4 4.2744E-4 4.41044E-4 4.55814E-4 5.35677E-4 6.68185E-4 7.89617E-4 7.61363E-4 7.39739E-4 5.99123E-4 3.90063E-4 3.27167E-4 2.81631E-4 3.57335E-4 4.78679E-4 5.06297E-4 4.37671E-4 4.35907E-4 5.22713E-4 4.2737E-4 3.64213E-4 4.21912E-4 4.76462E-4 4.59324E-4
5.08622E-4 5.40054E-4 4.94202E-4 4.36183E-4 4.18039E-4 3.64279E-4 4.13092E-4 5.08475E-4 5.23854E-4 4.87094E-4 4.85464E-4 5.10356E-4 4.20978E-4 4.0582E-4 4.06414E-4 4.32978E-4 3.91629E-4 3.45326E-4 3.46841E-4 4.11467E-4 4.8501E-4 5.7005E-4 5.533E-4 4.53627E-4 3.31922E-4 3.59133E-4 4.41305E-4 5.41511E-4 5.87694E-4 6.45814E-4 5.25318E-4 3.617E-4 4.28678E-4 4.8132E-4 5.76036E-4 5.83834E-4 5.57227E-4 5.26515E-4 4.91009E-4 3.84983E-4 3.96074E-4 5.3135E-4 5.89719E-4 5.45597E-4 6.56225E-4 8.28969E-4 6.70261E-4 4.4172E-4 3.44891E-4 3.72277E-4 3.83581E-4 3.88418E-4 4.91486E-4 3.64681E-4 3.47609E-4 4.20616E-4 4.56924E-4 4.96754E-4 6.65925E-4 6.11458E-4 8.53378E-4
5.79796E-4 5.51423E-4 5.52176E-4 5.66887E-4 5.06334E-4 4.22733E-4 4.34727E-4 4.90666E-4 5.30496E-4 5.3216E-4 4.59415E-4 4.83795E-4 4.64339E-4 4.64811E-4 4.53164E-4 4.45033E-4 4.58244E-4 3.99236E-4 4.28246E-4 4.50566E-4 4.56223E-4 5.01058E-4 6.67827E-4 4.33591E-4 3.39573E-4 2.97044E-4 3.47634E-4 4.17251E-4 5.4939E-4 5.748E-4 6.24598E-4 4.50553E-4 3.75209E-4 4.05247E-4 5.03721E-4 4.80791E-4 4.82011E-4 4.56493E-4 4.97784E-4 4.4865E-4 3.87751E-4 4.22875E-4 5.00224E-4 5.05819E-4 5.95768E-4 5.93554E-4 7.9143E-4 7.34539E-4 5.17406E-4 6.30637E-4 4.57202E-4 3.54475E-4 3.24938E-4 3.53232E-4 3.73013E-4 4.66512E-4 4.42245E-4 3.69967E-4 4.69677E-4 5.41364E-4 5.37975E-4
6.01242E-4 5.4651E-4 5.93247E-4 6.04498E-4 6.5237E-4 6.35326E-4 5.92863E-4 6.21769E-4 6.21769E-4 6.36656E-4 5.99313E-4 5.99313E-4 6.01848E-4 6.17452E-4 6.71012E-4 6.64813E-4 6.05833E-4 5.90523E-4 5.85035E-4 6.50418E-4 6.07113E-4 6.21374E-4 5.65507E-4 5.17752E-4 3.37066E-4 3.56553E-4 3.68806E-4 4.71488E-4 4.76103E-4 5.57529E-4 5.77131E-4 6.087E-4 6.0899E-4 5.54089E-4 4.86495E-4 4.15018E-4 3.75915E-4 4.82786E-4 4.38328E-4 4.77436E-4 4.82873E-4 4.98115E-4 4.49574E-4 4.15598E-4 5.19191E-4 5.69013E-4 6.51036E-4 7.98383E-4 6.47959E-4 6.2276E-4 5.72508E-4 4.28458E-4 3.2066E-4 3.09967E-4 3.5668E-4 3.81001E-4 4.02561E-4 4.32532E-4 4.53379E-4 5.08472E-4 8.61905E-4
5.76965E-4 6.20024E-4 6.57194E-4 5.91513E-4 6.44971E-4 5.79323E-4 5.40486E-4 6.34378E-4 6.59456E-4 6.49897E-4 6.84201E-4 6.91537E-4 6.87209E-4 6.75372E-4 6.51545E-4 6.94438E-4 7.25793E-4 7.32851E-4 7.58478E-4 7.68522E-4 7.68522E-4 6.86778E-4 5.63572E-4 4.87858E-4 4.30293E-4 3.75602E-4 4.06264E-4 4.51303E-4 4.9587E-4 3.89924E-4 4.9114E-4 5.61619E-4 4.38648E-4 5.56053E-4 5.13576E-4 4.95195E-4 3.9334E-4 4.07937E-4 4.26462E-4 4.51701E-4 4.58888E-4 4.9814E-4 5.13812E-4 4.86334E-4 4.67505E-4 5.12616E-4 5.10357E-4 7.98145E-4 5.72552E-4 5.58499E-4 6.53848E-4 5.44193E-4 4.6868E-4 3.44313E-4 3.30292E-4 2.95549E-4 3.50752E-4 4.02577E-4 4.58946E-4 5.01804E-4 5.61342E-4
5.20632E-4 5.16743E-4 5.99883E-4 6.62644E-4 6.04889E-4 5.26164E-4 4.68272E-4 4.61557E-4 5.16242E-4 5.77967E-4 5.38328E-4 5.62073E-4 6.07308E-4 5.94836E-4 5.08896E-4 6.07525E-4 6.94231E-4 6.58778E-4 5.86876E-4 7.89129E-4 6.49902E-4 6.32081E-4 4.94869E-4 4.51165E-4 3.85614E-4 4.2329E-4 4.59283E-4 4.99913E-4 5.1572E-4 5.04742E-4 4.86091E-4 5.22932E-4 4.81201E-4 4.70973E-4 5.64547E-4 5.46141E-4 5.12504E-4 4.8643E-4 3.9523E-4 4.37353E-4 4.22677E-4 5.40912E-4 5.13638E-4 4.90479E-4 6.04621E-4 6.99965E-4 5.6175E-4 6.34352E-4 5.639E-4 5.33272E-4 5.85605E-4 6.50568E-4 5.68947E-4 4.30153E-4 3.65702E-4 3.40981E-4 3.58654E-4 3.57337E-4 3.92753E-4 4.63841E-4 5.83631E-4
6.28947E-4 6.52133E-4 6.96152E-4 7.01369E-4 6.61648E-4 5.88334E-4 5.48639E-4 5.35115E-4 5.62975E-4 5.8876E-4 5.62264E-4 5.55991E-4 5.01613E-4 4.57988E-4 4.73519E-4 5.08927E-4 5.21725E-4 5.32602E-4 6.20458E-4 7.40558E-4 5.57403E-4 5.41313E-4 5.72637E-4 4.73011E-4 4.04579E-4 4.27389E-4 4.02061E-4 4.29307E-4 4.32881E-4 5.23329E-4 5.51297E-4 5.98885E-4 5.06038E-4 5.0258E-4 4.77051E-4 5.02765E-4 4.84224E-4 4.77359E-4 5.54223E-4 4.03794E-4 4.09756E-4 4.5118E-4 5.44088E-4 5.33685E-4 6.8398E-4 7.74452E-4 5.11497E-4 5.69239E-4 4.69845E-4 5.3077E-4 5.04369E-4 5.24581E-4 5.73754E-4 5.36971E-4 5.01161E-4 4.54035E-4 5.38594E-4 4.47989E-4 3.44091E-4 3.66813E-4 4.5565E-4
7.52E-4 7.50859E-4 7.21744E-4 7.14235E-4 7.11714E-4 6.84971E-4 6.58443E-4 6.12956E-4 6.26736E-4 6.76174E-4 6.88915E-4 6.28561E-4 6.16418E-4 5.94911E-4 6.04915E-4 6.15588E-4 6.45844E-4 7.08367E-4 7.81092E-4 6.57421E-4 5.49401E-4 5.92284E-4 6.17411E-4 5.30444E-4 4.13511E-4 4.29601E-4 4.10783E-4 4.152E-4 4.26823E-4 4.04759E-4 4.99576E-4 5.87746E-4 5.0258E-4 5.1048E-4 5.29841E-4 5.62495E-4 5.39774E-4 4.47085E-4 5.5676E-4 5.34396E-4 5.327E-4 4.55962E-4 4.81314E-4 5.2128E-4 7.27571E-4 7.31225E-4 5.55792E-4 5.70599E-4 4.76138E-4 4.81044E-4 4.81733E-4 4.48036E-4 4.47774E-4 5.40221E-4 5.67535E-4 6.73405E-4 7.46457E-4 6.0932E-4 4.15591E-4 3.41758E-4 4.46264E-4
7.62061E-4 7.62061E-4 7.81306E-4 7.73176E-4 7.55586E-4 7.44545E-4 7.49771E-4 7.14698E-4 7.19197E-4 7.19197E-4 7.31807E-4 7.08743E-4 7.07262E-4 7.04309E-4 7.05784E-4 7.41895E-4 7.45007E-4 8.11967E-4 8.43238E-4 7.73765E-4 7.31556E-4 6.98894E-4 6.67299E-4 6.07097E-4 5.62326E-4 5.13463E-4 5.21759E-4 5.64579E-4 5.19019E-4 4.33671E-4 4.49212E-4 5.65312E-4 5.4896E-4 5.5608E-4 4.4961E-4 3.85344E-4 5.22351E-4 5.86085E-4 4.75614E-4 4.16183E-4 4.39703E-4 5.17337E-4 6.18911E-4 6.97035E-4 7.11526E-4 5.04369E-4 5.25198E-4 5.16766E-4 4.68331E-4 4.69518E-4 4.78791E-4 4.57167E-4 4.04875E-4 4.6705E-4 6.06243E-4 6.56247E-4 7.92974E-4 6.53588E-4 4.45059E-4 3.24934E-4 3.24504E-4
8.27152E-4 8.30618E-4 7.87365E-4 8.43961E-4 7.99494E-4 7.81417E-4 7.91809E-4 8.2551E-4 8.05161E-4 8.15213E-4 8.45045E-4 8.53101E-4 8.40678E-4 8.40678E-4 8.53985E-4 8.61179E-4 8.79432E-4 8.58332E-4 8.40995E-4 7.97137E-4 7.74928E-4 7.53315E-4 7.12176E-4 6.89396E-4 6.96228E-4 6.47745E-4 6.19538E-4 5.54068E-4 5.01143E-4 4.62298E-4 4.95637E-4 4.66815E-4 5.46407E-4 5.86448E-4 5.1728E-4 4.32971E-4 4.36622E-4 5.04214E-4 5.5447E-4 5.44035E-4 4.10192E-4 4.76945E-4 6.13112E-4 7.31766E-4 5.22017E-4 5.58723E-4 4.83776E-4 4.58417E-4 5.39086E-4 4.84695E-4 4.93454E-4 4.19359E-4 3.98114E-4 4.54517E-4 4.98645E-4 6.7878E-4 7.88682E-4 9.41141E-4 5.94621E-4 4.00937E-4 3.35599E-4
8.35864E-4 8.4346E-4 8.25454E-4 8.5887E-4 8.58266E-4 8.22013E-4 8.30642E-4 8.45144E-4 8.24354E-4 9.0366E-4 8.48814E-4 8.82486E-4 8.7934E-4 8.78799E-4 8.84881E-4 8.54675E-4 8.78799E-4 9.08455E-4 9.30185E-4 9.2058E-4 8.3366E-4 8.12087E-4 7.70938E-4 7.5673E-4 7.48977E-4 7.82594E-4 7.27494E-4 6.52446E-4 5.74961E-4 5.10339E-4 5.55871E-4 5.78849E-4 5.81611E-4 5.63661E-4 5.18047E-4 4.45468E-4 4.2543E-4 4.49295E-4 4.95379E-4 5.80866E-4 5.11999E-4 5.30057E-4 5.1203E-4 5.0733E-4 5.79812E-4 4.58299E-4 4.84208E-4 5.16306E-4 4.93873E-4 4.36461E-4 4.97994E-4 4.90514E-4 4.45514E-4 4.88209E-4 4.51519E-4 5.119E-4 5.89136E-4 6.06521E-4 7.85964E-4 4.5816E-4 3.32171E-4
8.6802E-4 7.97033E-4 7.49384E-4 7.92782E-4 8.55081E-4 8.42692E-4 8.52663E-4 8.29862E-4 8.74468E-4 9.47448E-4 8.96136E-4 8.67887E-4 9.04271E-4 8.72304E-4 8.76545E-4 8.48352E-4 8.8516E-4 8.66827E-4 9.15794E-4 9.34642E-4 8.63139E-4 8.38765E-4 7.45816E-4 6.96218E-4 7.23812E-4 7.57184E-4 7.91847E-4 6.64771E-4 6.73679E-4 6.34018E-4 6.36897E-4 6.68971E-4 6.68158E-4 5.41998E-4 5.26586E-4 4.61769E-4 4.22056E-4 3.88292E-4 3.96285E-4 4.70633E-4 5.5726E-4 4.53576E-4 5.1992E-4 5.00542E-4 6.736E-4 4.39245E-4 4.3239E-4 4.72593E-4 4.32611E-4 4.59082E-4 4.33243E-4 5.05678E-4 5.74472E-4 6.28827E-4 7.09524E-4 5.25383E-4 5.5902E-4 5.77344E-4 6.82098E-4 6.93419E-4 3.96729E-4
8.26259E-4 7.96675E-4 7.92279E-4 7.36066E-4 7.86428E-4 7.78458E-4 7.98566E-4 8.86532E-4 7.73948E-4 7.94607E-4 8.22608E-4 8.1858E-4 8.71264E-4 8.75299E-4 8.24833E-4 7.98566E-4 8.46087E-4 7.99134E-4 9.12856E-4 8.85486E-4 9.05445E-4 8.28883E-4 7.31276E-4 6.64771E-4 6.26502E-4 7.29194E-4 8.03669E-4 8.52103E-4 8.25911E-4 7.81776E-4 7.72456E-4 7.97838E-4 7.14654E-4 6.55723E-4 6.06608E-4 5.83911E-4 5.2355E-4 4.35448E-4 4.30908E-4 4.15683E-4 4.94952E-4 5.91867E-4 4.74089E-4 4.15813E-4 6.1028E-4 5.47366E-4 4.15603E-4 4.37297E-4 4.43158E-4 4.75877E-4 4.92249E-4 4.64108E-4 4.10063E-4 5.07511E-4 6.22739E-4 5.97529E-4 5.2497E-4 4.36109E-4 6.68365E-4 6.69165E-4 9.49071E-4
8.41487E-4 7.33476E-4 5.94864E-4 5.34698E-4 5.65824E-4 4.65324E-4 6.72831E-4 7.72048E-4 7.59542E-4 7.07311E-4 7.47716E-4 8.24253E-4 6.9967E-4 6.41273E-4 6.4374E-4 6.8139E-4 7.06129E-4 6.26019E-4 8.83566E-4 1.03548E-3 9.73825E-4 8.478E-4 7.40491E-4 6.40605E-4 6.12566E-4 6.18773E-4 6.18203E-4 7.66412E-4 6.63811E-4 7.4843E-4 8.06051E-4 8.19721E-4 7.28156E-4 6.38459E-4 5.6278E-4 6.14063E-4 6.48785E-4 5.60541E-4 4.42729E-4 3.80765E-4 4.53855E-4 4.74894E-4 4.51052E-4 5.40299E-4 6.35727E-4 5.80263E-4 5.20582E-4 4.46996E-4 5.10331E-4 6.12788E-4 6.78051E-4 6.48474E-4 6.75913E-4 6.87778E-4 7.35967E-4 7.69884E-4 8.45554E-4 8.36255E-4 5.5202E-4 7.79437E-4 1.32666E-3
