Artocarpus heterophyllus SDM files/Last interglacial/results (without bias file)/Arthet_6.asc
ncols         625
nrows         721
xllcorner     69.99986311115
yllcorner     5.99986151914999
cellsize      0.041666667
NODATA_value  -9999
[rows 243 to 269 of 721, columns 122 to 182 of 625]
8.03798E-2 6.74133E-2 8.10535E-2 6.74077E-2 8.26459E-2 7.16784E-2 6.4742E-2 6.43667E-2 7.175E-2 6.70279E-2 6.81128E-2 8.37155E-2 7.33466E-2 6.96412E-2 8.5786E-2 8.65732E-2 8.57665E-2 6.96173E-2 8.1157E-2 8.17268E-2 8.35725E-2 8.15582E-2 8.13812E-2 8.71483E-2 8.67238E-2 7.11179E-2 8.49662E-2 8.6038E-2 8.78418E-2 9.68153E-2 9.27268E-2 9.40549E-2 7.01267E-2 7.27646E-2 7.3294E-2 7.21849E-2 7.19771E-2 7.43139E-2 7.5328E-2 7.57205E-2 7.88626E-2 7.90757E-2 8.42673E-2 8.03129E-2 8.62896E-2 8.74757E-2 8.70808E-2 8.32912E-2 8.62777E-2 7.38549E-2 8.34659E-2 7.94687E-2 7.75767E-2 8.15099E-2 8.48068E-2 8.79923E-2 9.3621E-2 9.46711E-2 8.7895E-2 8.59537E-2 8.1204E-2
7.87793E-2 7.70235E-2 7.70715E-2 7.71302E-2 7.93196E-2 7.72696E-2 7.75935E-2 7.90456E-2 8.28104E-2 6.48592E-2 6.85963E-2 8.47052E-2 8.33464E-2 7.06242E-2 8.25826E-2 8.23675E-2 7.96273E-2 7.96157E-2 7.96505E-2 8.1266E-2 8.15964E-2 6.85182E-2 8.39413E-2 8.59212E-2 8.33345E-2 8.38931E-2 8.39764E-2 8.17948E-2 8.4061E-2 9.00995E-2 8.93997E-2 8.81194E-2 6.7944E-2 7.2147E-2 7.36002E-2 7.18265E-2 7.48789E-2 7.53693E-2 7.3969E-2 7.30199E-2 7.78778E-2 7.91189E-2 8.33905E-2 8.11508E-2 8.86387E-2 8.80113E-2 8.93671E-2 8.92878E-2 8.81227E-2 7.38387E-2 8.08474E-2 8.0323E-2 8.00172E-2 8.36976E-2 8.63532E-2 9.09118E-2 9.1444E-2 9.08922E-2 8.5512E-2 8.26168E-2 8.16391E-2
7.83301E-2 7.63087E-2 7.72678E-2 8.04607E-2 7.84763E-2 7.52163E-2 7.78355E-2 8.0519E-2 8.10507E-2 8.00829E-2 8.20163E-2 8.64274E-2 8.33198E-2 7.81748E-2 8.1356E-2 8.13964E-2 7.96273E-2 8.04167E-2 8.0946E-2 8.17565E-2 8.24055E-2 7.98254E-2 8.37157E-2 7.94826E-2 7.66682E-2 7.76401E-2 7.97166E-2 7.97853E-2 8.15961E-2 9.39737E-2 8.20174E-2 8.01285E-2 6.74567E-2 6.82985E-2 6.87345E-2 7.60732E-2 7.58699E-2 7.39341E-2 7.32236E-2 7.26148E-2 7.74641E-2 7.89167E-2 8.38233E-2 8.44387E-2 8.17528E-2 8.49126E-2 8.98202E-2 9.13564E-2 8.56442E-2 6.96444E-2 7.04236E-2 8.37993E-2 8.32437E-2 8.51357E-2 8.92248E-2 9.21294E-2 9.16425E-2 8.86322E-2 8.47809E-2 8.08626E-2 8.55886E-2
8.04955E-2 7.81857E-2 8.02119E-2 8.60087E-2 7.7976E-2 7.75219E-2 7.74557E-2 7.85025E-2 7.75447E-2 7.84356E-2 8.15718E-2 7.99478E-2 8.09766E-2 8.22984E-2 8.43792E-2 8.36419E-2 8.27049E-2 8.06566E-2 7.92338E-2 8.15721E-2 8.06063E-2 8.31875E-2 8.07567E-2 7.92862E-2 7.66741E-2 7.79123E-2 8.73287E-2 7.95317E-2 7.43969E-2 8.2764E-2 7.98337E-2 8.21701E-2 8.31151E-2 8.4433E-2 8.10786E-2 8.73647E-2 8.78902E-2 7.32918E-2 6.92343E-2 7.22042E-2 9.34156E-2 7.95918E-2 8.06893E-2 8.62518E-2 8.04373E-2 8.68449E-2 8.85908E-2 8.76519E-2 8.65553E-2 7.23934E-2 6.86835E-2 7.65833E-2 8.40914E-2 8.60733E-2 9.06763E-2 9.28845E-2 9.09806E-2 8.47882E-2 7.85172E-2 7.89384E-2 8.39339E-2
7.80471E-2 7.89455E-2 7.84117E-2 7.45521E-2 7.4769E-2 8.08547E-2 7.86577E-2 8.25651E-2 7.76223E-2 7.88421E-2 7.79324E-2 7.71289E-2 7.88495E-2 8.48271E-2 8.43701E-2 8.12355E-2 7.80718E-2 7.67584E-2 7.78213E-2 7.78511E-2 8.06253E-2 8.01784E-2 8.02765E-2 8.21525E-2 7.62734E-2 8.34364E-2 8.0996E-2 7.35335E-2 7.52928E-2 7.73002E-2 7.59901E-2 8.00083E-2 8.07646E-2 8.3369E-2 8.29446E-2 8.71278E-2 8.78762E-2 8.43993E-2 6.89032E-2 7.19782E-2 9.54768E-2 9.77409E-2 9.60555E-2 9.75454E-2 9.82111E-2 8.81596E-2 1.04812E-1 8.7611E-2 8.49442E-2 7.11852E-2 6.91695E-2 7.47652E-2 8.66779E-2 8.54785E-2 9.24628E-2 9.30675E-2 8.71219E-2 8.51641E-2 8.04894E-2 8.23431E-2 8.55395E-2
8.0114E-2 7.40971E-2 7.70069E-2 7.87122E-2 7.7294E-2 8.12424E-2 8.29617E-2 8.2482E-2 7.68418E-2 7.67137E-2 7.25582E-2 7.48546E-2 7.45991E-2 7.56671E-2 7.78014E-2 8.00712E-2 7.80721E-2 7.74585E-2 7.72545E-2 7.76359E-2 7.62327E-2 7.59089E-2 7.75703E-2 7.70635E-2 8.23942E-2 8.29326E-2 7.63056E-2 7.13515E-2 7.99095E-2 7.20194E-2 7.89723E-2 8.03058E-2 8.02794E-2 7.68949E-2 8.26631E-2 8.3128E-2 8.76665E-2 8.48476E-2 8.24667E-2 7.2295E-2 7.63141E-2 9.33526E-2 9.45188E-2 1.00242E-1 9.84876E-2 1.03472E-1 8.96062E-2 8.65046E-2 1.04817E-1 7.7501E-2 6.93889E-2 7.4579E-2 8.31227E-2 9.02667E-2 8.84903E-2 8.83479E-2 8.38734E-2 7.76459E-2 8.17768E-2 8.39227E-2 8.52016E-2
7.61873E-2 7.59333E-2 7.54953E-2 7.58655E-2 7.8496E-2 8.5195E-2 8.52382E-2 7.71258E-2 7.66537E-2 7.66701E-2 7.55755E-2 7.535E-2 7.51323E-2 7.61134E-2 7.56636E-2 7.59172E-2 7.85755E-2 7.25937E-2 7.54695E-2 7.35621E-2 7.34104E-2 7.47616E-2 7.81008E-2 8.30644E-2 8.38524E-2 7.33292E-2 6.83016E-2 7.23186E-2 7.45288E-2 7.47964E-2 7.99493E-2 8.04722E-2 8.00609E-2 7.73447E-2 8.20392E-2 8.26699E-2 8.36514E-2 8.75376E-2 8.21773E-2 8.5554E-2 9.04082E-2 9.22462E-2 9.63357E-2 1.02732E-1 1.01759E-1 1.03448E-1 1.01744E-1 1.02988E-1 8.74739E-2 7.07812E-2 6.76177E-2 7.41099E-2 8.972E-2 8.93019E-2 8.95854E-2 8.6985E-2 8.37419E-2 8.0032E-2 7.85098E-2 8.36717E-2 8.83351E-2
7.61719E-2 7.61742E-2 7.79703E-2 8.04259E-2 8.41593E-2 8.25468E-2 8.24576E-2 7.6042E-2 7.68272E-2 7.49418E-2 7.7117E-2 7.70014E-2 7.46834E-2 7.63907E-2 7.60939E-2 7.56614E-2 7.24531E-2 7.27943E-2 7.24082E-2 7.24607E-2 7.80546E-2 7.73935E-2 8.38357E-2 7.5198E-2 7.26261E-2 6.83619E-2 7.2841E-2 7.02127E-2 7.47587E-2 7.36804E-2 7.81934E-2 8.15802E-2 7.98683E-2 7.52358E-2 8.05713E-2 8.27105E-2 8.4043E-2 8.4735E-2 7.90831E-2 8.11241E-2 9.04013E-2 9.48076E-2 9.63028E-2 9.7566E-2 1.03572E-1 1.05107E-1 1.04247E-1 1.03785E-1 9.85297E-2 7.0779E-2 6.78104E-2 7.5313E-2 8.5661E-2 9.22553E-2 9.11394E-2 8.55866E-2 8.46343E-2 8.19923E-2 7.90677E-2 7.82745E-2 8.43609E-2
7.91109E-2 7.7942E-2 8.06586E-2 8.34598E-2 8.50866E-2 8.52392E-2 7.49219E-2 7.66266E-2 7.72485E-2 7.66041E-2 7.61973E-2 7.52818E-2 7.49011E-2 7.49481E-2 7.73796E-2 7.52007E-2 7.62502E-2 7.27791E-2 7.23456E-2 7.30502E-2 7.85236E-2 7.83652E-2 7.74389E-2 6.78768E-2 6.99337E-2 7.22121E-2 7.43638E-2 7.24632E-2 6.96419E-2 7.39512E-2 7.46815E-2 7.40773E-2 7.29838E-2 7.7981E-2 7.47274E-2 7.87877E-2 8.42241E-2 8.60958E-2 8.13773E-2 8.36597E-2 8.52808E-2 9.50195E-2 9.57682E-2 9.81989E-2 9.85779E-2 1.0538E-1 1.0667E-1 1.02857E-1 9.79198E-2 6.31249E-2 6.69983E-2 7.55009E-2 8.74683E-2 9.00868E-2 9.17362E-2 8.84176E-2 8.75966E-2 8.30437E-2 7.89447E-2 8.01074E-2 8.27376E-2
7.86033E-2 8.01446E-2 8.29293E-2 8.53021E-2 8.85033E-2 7.58069E-2 7.42402E-2 7.92476E-2 7.66041E-2 7.60085E-2 7.6445E-2 7.53182E-2 7.38563E-2 7.99765E-2 8.469E-2 7.6965E-2 7.43418E-2 6.96718E-2 7.15208E-2 7.61584E-2 7.29869E-2 6.90241E-2 6.9059E-2 7.22276E-2 7.43789E-2 7.45429E-2 7.41539E-2 7.3394E-2 7.3394E-2 7.55921E-2 7.37893E-2 7.38514E-2 7.34596E-2 7.77353E-2 7.50361E-2 7.87038E-2 7.87167E-2 8.29088E-2 8.36546E-2 8.67435E-2 8.61451E-2 8.95591E-2 9.61678E-2 9.76302E-2 9.8874E-2 1.03674E-1 1.03516E-1 1.02296E-1 9.77368E-2 6.23673E-2 6.4944E-2 7.90899E-2 8.80011E-2 9.00261E-2 8.95014E-2 8.44005E-2 8.39904E-2 8.75199E-2 8.27915E-2 8.26565E-2 8.06369E-2
8.33328E-2 8.18828E-2 7.74412E-2 8.05616E-2 7.75106E-2 7.46528E-2 7.48817E-2 7.87664E-2 7.90618E-2 7.49019E-2 7.31585E-2 7.07249E-2 7.49242E-2 8.02171E-2 8.30437E-2 7.2688E-2 7.08013E-2 7.32728E-2 6.99147E-2 6.97992E-2 6.96311E-2 7.147E-2 7.35633E-2 7.31915E-2 7.25727E-2 7.37692E-2 7.12238E-2 7.61265E-2 7.5755E-2 7.53219E-2 7.85102E-2 7.5633E-2 7.62138E-2 7.59685E-2 7.60059E-2 7.76322E-2 7.86392E-2 7.91084E-2 8.36546E-2 8.68648E-2 8.70126E-2 9.01758E-2 9.42032E-2 9.75848E-2 1.01563E-1 1.0365E-1 1.00605E-1 1.03095E-1 9.92242E-2 7.73717E-2 6.49555E-2 7.8887E-2 8.57424E-2 9.07836E-2 8.9379E-2 8.3552E-2 8.39904E-2 9.02131E-2 8.76966E-2 8.55877E-2 8.54799E-2
8.34598E-2 8.285E-2 8.01221E-2 7.67361E-2 7.68036E-2 7.47181E-2 7.949E-2 7.96763E-2 8.14999E-2 8.85809E-2 7.10991E-2 7.11681E-2 7.79114E-2 7.60228E-2 7.15343E-2 6.84601E-2 7.38469E-2 7.08869E-2 7.2976E-2 7.08056E-2 7.18274E-2 7.27722E-2 7.19666E-2 7.3247E-2 7.26647E-2 7.16771E-2 7.27243E-2 7.26677E-2 7.27289E-2 7.20535E-2 7.51094E-2 7.72826E-2 7.55666E-2 7.41114E-2 7.57861E-2 7.4992E-2 7.70295E-2 7.89576E-2 7.96648E-2 8.15019E-2 8.56459E-2 9.01223E-2 9.49345E-2 9.53198E-2 9.48723E-2 1.00996E-1 1.02516E-1 9.9078E-2 9.6543E-2 7.57396E-2 6.50005E-2 7.63704E-2 8.27651E-2 9.15752E-2 8.9789E-2 1.01076E-1 8.73175E-2 8.64551E-2 8.44987E-2 8.35046E-2 8.65611E-2
7.74466E-2 8.2624E-2 8.28722E-2 7.73246E-2 7.65975E-2 7.78187E-2 7.91866E-2 8.17403E-2 9.01744E-2 7.85849E-2 6.93466E-2 7.1145E-2 7.4215E-2 7.51552E-2 7.37376E-2 7.15664E-2 7.15024E-2 7.21181E-2 6.9839E-2 7.14625E-2 7.11021E-2 7.276E-2 7.23982E-2 6.90849E-2 6.96868E-2 6.82049E-2 7.33936E-2 7.23382E-2 7.47507E-2 7.18135E-2 7.6767E-2 7.72445E-2 7.63922E-2 7.08265E-2 7.09112E-2 7.16479E-2 7.554E-2 7.93893E-2 7.9856E-2 8.32952E-2 8.58572E-2 8.62493E-2 9.20832E-2 9.36564E-2 9.97507E-2 1.00966E-1 1.02736E-1 9.96171E-2 9.82401E-2 8.14794E-2 6.46126E-2 7.54176E-2 8.36192E-2 8.76844E-2 8.3381E-2 1.01932E-1 1.04776E-1 8.68621E-2 9.99749E-2 8.36981E-2 8.15077E-2
7.55173E-2 7.85968E-2 7.82148E-2 7.66302E-2 7.73436E-2 8.09764E-2 7.88379E-2 8.18913E-2 8.19917E-2 6.76994E-2 7.18557E-2 7.18741E-2 7.27494E-2 7.32936E-2 7.21218E-2 7.01972E-2 7.22312E-2 7.25273E-2 7.21667E-2 6.88928E-2 7.29232E-2 7.276E-2 6.9211E-2 6.80619E-2 6.98669E-2 7.01539E-2 7.5213E-2 7.45717E-2 7.45523E-2 7.18075E-2 7.41819E-2 7.74685E-2 7.61645E-2 7.24807E-2 7.08819E-2 7.0275E-2 7.46048E-2 7.22446E-2 7.93698E-2 8.18293E-2 8.42948E-2 8.75949E-2 8.79547E-2 9.52144E-2 9.71904E-2 9.88094E-2 9.86379E-2 1.02901E-1 9.77151E-2 8.0315E-2 7.61688E-2 8.48296E-2 9.61529E-2 8.39636E-2 8.53463E-2 1.03E-1 9.84469E-2 1.03223E-1 8.67578E-2 9.94469E-2 7.99209E-2
7.78678E-2 7.86074E-2 7.87184E-2 7.37467E-2 7.77457E-2 7.77471E-2 8.23825E-2 7.83404E-2 7.08369E-2 7.59277E-2 7.10901E-2 7.09312E-2 7.14634E-2 7.05286E-2 7.05008E-2 7.0584E-2 7.24297E-2 7.24907E-2 7.21376E-2 7.36484E-2 6.91261E-2 6.98019E-2 6.91993E-2 6.92927E-2 7.09279E-2 7.14971E-2 7.31761E-2 7.30124E-2 7.26494E-2 7.39667E-2 7.41382E-2 7.58523E-2 7.63784E-2 7.29145E-2 7.11056E-2 7.0275E-2 7.64998E-2 7.3813E-2 7.83267E-2 8.29675E-2 8.40423E-2 8.73113E-2 8.82145E-2 8.91362E-2 9.50729E-2 9.86143E-2 9.87646E-2 1.02202E-1 9.5814E-2 7.86555E-2 7.28987E-2 7.88853E-2 8.06603E-2 1.02729E-1 1.03806E-1 1.03422E-1 1.01331E-1 1.00777E-1 1.00092E-1 8.29695E-2 7.6353E-2
7.57202E-2 7.79108E-2 8.01164E-2 8.43815E-2 7.77241E-2 7.78778E-2 8.39526E-2 7.43525E-2 7.35224E-2 7.02446E-2 7.00752E-2 6.84419E-2 6.66259E-2 7.1343E-2 6.87483E-2 7.03488E-2 7.07901E-2 6.89556E-2 7.21619E-2 7.18212E-2 6.87337E-2 6.98195E-2 6.94484E-2 7.41522E-2 7.37901E-2 7.19351E-2 7.11353E-2 7.27816E-2 6.92445E-2 7.15374E-2 7.45899E-2 7.58024E-2 7.6343E-2 6.85002E-2 7.13754E-2 7.07352E-2 7.43337E-2 7.49335E-2 7.53379E-2 7.69316E-2 8.3974E-2 8.75264E-2 8.90763E-2 8.97411E-2 9.54259E-2 9.90257E-2 1.00938E-1 9.99871E-2 9.96235E-2 8.70149E-2 7.45221E-2 7.81589E-2 8.84735E-2 1.05007E-1 1.03743E-1 9.9769E-2 1.00485E-1 1.02383E-1 1.03106E-1 9.35063E-2 8.09197E-2
8.2927E-2 8.00534E-2 8.06551E-2 8.06117E-2 8.19001E-2 8.67828E-2 8.06966E-2 7.46432E-2 7.2117E-2 6.91657E-2 6.89893E-2 6.56129E-2 6.60189E-2 6.54625E-2 6.71144E-2 6.83074E-2 6.60341E-2 7.0047E-2 6.7118E-2 6.73712E-2 6.87221E-2 6.97784E-2 7.18241E-2 7.41217E-2 7.58269E-2 7.14248E-2 7.33216E-2 6.9289E-2 7.46502E-2 7.53743E-2 7.19436E-2 7.59226E-2 7.4958E-2 6.866E-2 7.17909E-2 6.66743E-2 7.17854E-2 7.54914E-2 7.49912E-2 7.81611E-2 8.004E-2 8.62234E-2 8.63642E-2 8.99366E-2 9.08526E-2 9.4326E-2 1.0021E-1 1.0014E-1 9.48855E-2 8.22362E-2 7.38449E-2 7.71824E-2 8.34392E-2 1.0128E-1 1.01268E-1 9.72957E-2 1.00649E-1 1.01479E-1 1.0071E-1 9.22427E-2 9.00477E-2
8.15011E-2 8.58283E-2 8.92238E-2 7.89607E-2 8.68298E-2 8.5167E-2 8.01776E-2 7.85333E-2 7.82871E-2 7.52383E-2 7.05465E-2 6.7029E-2 6.49835E-2 6.53969E-2 6.49901E-2 6.83953E-2 6.67109E-2 6.65878E-2 6.56545E-2 6.5289E-2 6.88823E-2 7.13641E-2 7.28099E-2 7.46236E-2 7.36163E-2 7.20196E-2 7.05918E-2 6.93182E-2 7.3876E-2 7.39116E-2 7.19292E-2 7.11221E-2 7.17957E-2 6.72055E-2 7.05641E-2 7.05176E-2 7.09399E-2 7.35769E-2 7.70243E-2 7.67769E-2 8.0238E-2 8.04741E-2 8.12725E-2 8.84243E-2 9.08222E-2 9.45325E-2 9.56857E-2 9.98816E-2 9.80497E-2 9.21882E-2 7.7122E-2 7.3211E-2 8.33073E-2 9.42036E-2 9.90906E-2 9.94553E-2 9.85679E-2 9.59556E-2 9.99429E-2 9.64761E-2 8.77609E-2
7.66671E-2 8.69095E-2 9.29473E-2 8.57941E-2 8.71862E-2 8.20558E-2 8.15997E-2 8.26056E-2 7.94226E-2 8.71767E-2 7.7641E-2 6.81169E-2 6.58935E-2 6.57185E-2 6.64222E-2 6.56537E-2 6.39767E-2 6.3695E-2 6.42221E-2 6.32981E-2 6.65828E-2 7.12995E-2 7.61384E-2 7.38539E-2 7.49824E-2 6.95206E-2 7.01458E-2 7.02464E-2 7.3146E-2 7.40896E-2 7.41811E-2 7.19115E-2 7.05009E-2 6.71193E-2 7.07284E-2 6.96733E-2 6.94083E-2 7.43269E-2 7.75625E-2 7.86525E-2 7.92561E-2 8.16711E-2 8.25188E-2 8.68409E-2 8.97469E-2 9.28545E-2 9.37539E-2 9.44186E-2 9.8438E-2 9.62839E-2 8.12913E-2 7.09907E-2 7.90376E-2 8.51508E-2 9.40798E-2 1.02937E-1 1.00539E-1 9.80632E-2 9.99878E-2 1.01487E-1 8.81077E-2
7.19113E-2 8.72178E-2 9.11407E-2 9.817E-2 9.53817E-2 9.55759E-2 9.50454E-2 8.20818E-2 8.20473E-2 8.58704E-2 8.19564E-2 7.78919E-2 7.32356E-2 7.06453E-2 6.5307E-2 6.34873E-2 6.51882E-2 6.44411E-2 6.397E-2 6.42076E-2 6.46677E-2 6.868E-2 7.14663E-2 7.40496E-2 6.98394E-2 7.08016E-2 7.07026E-2 7.18834E-2 7.12947E-2 7.37961E-2 7.45774E-2 7.35016E-2 6.89988E-2 6.66948E-2 6.64269E-2 6.66369E-2 6.66039E-2 7.4333E-2 7.48437E-2 7.89269E-2 7.94698E-2 7.98623E-2 8.27339E-2 8.31208E-2 8.60901E-2 9.13614E-2 9.25112E-2 9.3783E-2 9.17262E-2 9.26419E-2 9.13959E-2 7.26202E-2 7.3363E-2 8.13172E-2 8.80867E-2 9.44335E-2 9.73013E-2 9.80224E-2 9.95955E-2 1.01934E-1 9.28854E-2
8.72202E-2 1.07913E-1 1.01105E-1 9.30596E-2 9.20277E-2 8.31345E-2 8.6104E-2 8.38895E-2 9.57068E-2 8.81564E-2 7.83489E-2 9.41598E-2 9.665E-2 9.19095E-2 7.03236E-2 7.08282E-2 6.64392E-2 6.55763E-2 6.52743E-2 6.25017E-2 6.4641E-2 6.50547E-2 7.05418E-2 7.42283E-2 7.38355E-2 7.35975E-2 7.28892E-2 7.36505E-2 7.4398E-2 7.26957E-2 7.36372E-2 7.3506E-2 7.11446E-2 6.70662E-2 6.74819E-2 6.57791E-2 6.67758E-2 6.93102E-2 7.24885E-2 8.0104E-2 7.85273E-2 7.99838E-2 8.32951E-2 8.39594E-2 8.68093E-2 8.74229E-2 8.8656E-2 9.29253E-2 9.25892E-2 9.14189E-2 9.56248E-2 7.98695E-2 7.2402E-2 7.78956E-2 9.0981E-2 9.04863E-2 9.09649E-2 9.14818E-2 9.47913E-2 9.71695E-2 8.92828E-2
7.28549E-2 7.81477E-2 8.48736E-2 7.64362E-2 8.36175E-2 8.03902E-2 1.01624E-1 9.13311E-2 9.19902E-2 8.75439E-2 9.12178E-2 8.99946E-2 8.08632E-2 8.56104E-2 9.62047E-2 8.69453E-2 7.7481E-2 6.73554E-2 7.79659E-2 6.79821E-2 6.31705E-2 6.51784E-2 6.83264E-2 7.1666E-2 7.30747E-2 7.5414E-2 7.51407E-2 7.3686E-2 7.46192E-2 7.4965E-2 7.27374E-2 7.34838E-2 7.39628E-2 7.02916E-2 6.8043E-2 6.61454E-2 6.55628E-2 6.76201E-2 7.07842E-2 7.38642E-2 7.92294E-2 7.93713E-2 8.37947E-2 8.49068E-2 8.52693E-2 8.56352E-2 9.30654E-2 9.2696E-2 9.00872E-2 8.92076E-2 8.26746E-2 8.05967E-2 7.32676E-2 7.80876E-2 8.74766E-2 9.67492E-2 9.11744E-2 9.19266E-2 9.18895E-2 9.13851E-2 9.05281E-2
7.74195E-2 6.9702E-2 6.87304E-2 8.59791E-2 8.65409E-2 7.7597E-2 8.04894E-2 9.80497E-2 9.40626E-2 7.42178E-2 7.444E-2 7.31377E-2 7.84427E-2 8.66063E-2 9.70961E-2 9.79375E-2 8.38721E-2 7.94276E-2 6.69272E-2 6.9891E-2 6.65392E-2 6.65708E-2 6.66346E-2 7.1404E-2 7.32719E-2 7.5902E-2 7.65036E-2 7.47205E-2 7.20666E-2 7.25939E-2 7.31468E-2 7.3183E-2 7.14364E-2 7.26572E-2 7.26923E-2 6.89283E-2 6.63783E-2 6.57104E-2 7.05628E-2 7.34074E-2 7.96463E-2 7.97986E-2 8.5661E-2 8.65387E-2 8.71923E-2 8.85119E-2 8.73788E-2 9.02125E-2 9.1145E-2 9.2615E-2 9.13649E-2 8.37602E-2 7.46012E-2 7.4526E-2 7.95528E-2 9.36139E-2 9.47176E-2 9.39638E-2 9.24137E-2 8.98853E-2 8.86674E-2
8.42484E-2 7.99502E-2 8.01587E-2 8.57973E-2 8.77071E-2 7.60901E-2 7.80628E-2 7.84191E-2 7.5609E-2 7.62819E-2 7.60558E-2 7.39712E-2 7.98472E-2 9.38332E-2 8.3117E-2 9.0045E-2 9.62944E-2 9.18491E-2 8.01819E-2 7.60141E-2 7.78297E-2 7.88976E-2 6.79822E-2 7.08621E-2 7.48041E-2 7.77578E-2 7.66361E-2 7.34637E-2 7.04214E-2 6.83679E-2 7.17398E-2 7.17575E-2 6.97095E-2 7.21532E-2 7.30956E-2 7.30084E-2 6.75866E-2 6.48998E-2 6.85699E-2 7.1687E-2 7.56289E-2 8.05081E-2 8.08636E-2 8.14647E-2 8.57612E-2 8.72207E-2 8.8119E-2 8.69307E-2 8.97676E-2 9.0753E-2 8.99474E-2 8.7812E-2 7.47132E-2 7.22237E-2 7.79553E-2 9.23085E-2 8.9483E-2 8.99934E-2 9.11315E-2 8.64858E-2 8.24595E-2
8.44643E-2 8.37666E-2 8.35962E-2 8.5479E-2 8.61844E-2 8.71159E-2 8.29015E-2 8.4369E-2 8.36393E-2 8.46369E-2 8.34254E-2 8.29893E-2 7.80951E-2 9.40652E-2 8.54E-2 8.12342E-2 8.9748E-2 9.8258E-2 9.63899E-2 8.27077E-2 8.12796E-2 8.33768E-2 8.01255E-2 8.09457E-2 7.65505E-2 7.62279E-2 8.06094E-2 7.47116E-2 7.40075E-2 7.0485E-2 7.22318E-2 6.93244E-2 6.74575E-2 6.9473E-2 7.01385E-2 7.31135E-2 7.20964E-2 6.79186E-2 6.75212E-2 7.04744E-2 7.54002E-2 8.03029E-2 8.3132E-2 8.14535E-2 8.43434E-2 8.34797E-2 8.78907E-2 8.86462E-2 8.85538E-2 9.34462E-2 9.38443E-2 9.43046E-2 9.18966E-2 7.98032E-2 7.60373E-2 8.36097E-2 9.16247E-2 8.91727E-2 8.81951E-2 8.34522E-2 8.52597E-2
9.46349E-2 9.15088E-2 9.05253E-2 9.05539E-2 9.16576E-2 9.17561E-2 8.95786E-2 8.58395E-2 8.53529E-2 8.57739E-2 8.612E-2 8.5502E-2 8.02444E-2 9.89084E-2 9.5288E-2 8.07197E-2 8.3061E-2 8.82501E-2 9.09833E-2 9.43685E-2 9.56583E-2 8.87719E-2 8.73242E-2 8.30028E-2 7.32467E-2 7.47766E-2 7.28719E-2 7.2802E-2 7.3771E-2 7.3622E-2 7.14473E-2 7.32945E-2 8.10271E-2 6.62617E-2 6.80603E-2 7.003E-2 7.20152E-2 7.47152E-2 7.08488E-2 7.00287E-2 7.30618E-2 8.05672E-2 8.29324E-2 8.35182E-2 8.39363E-2 8.75264E-2 8.85549E-2 8.9415E-2 8.70824E-2 8.82756E-2 9.26566E-2 9.52109E-2 9.61927E-2 9.08853E-2 8.00922E-2 8.14369E-2 8.56582E-2 8.88648E-2 8.41382E-2 8.67776E-2 9.0619E-2
8.71884E-2 9.41858E-2 9.15326E-2 1.00153E-1 1.02122E-1 1.0053E-1 9.45975E-2 9.45771E-2 9.51696E-2 9.03478E-2 8.75341E-2 8.83234E-2 8.50466E-2 9.20637E-2 9.75752E-2 8.44591E-2 8.0476E-2 7.88838E-2 8.16645E-2 7.82742E-2 7.7263E-2 9.26171E-2 9.56193E-2 8.41954E-2 8.11494E-2 8.00492E-2 8.06169E-2 7.87412E-2 8.40805E-2 7.77251E-2 7.48048E-2 8.18812E-2 8.44632E-2 7.21291E-2 6.40149E-2 6.83275E-2 7.17325E-2 7.44679E-2 7.55577E-2 7.28005E-2 7.3431E-2 7.58987E-2 8.23485E-2 8.26504E-2 8.44935E-2 8.51587E-2 9.00219E-2 9.09201E-2 8.95755E-2 8.97762E-2 9.12427E-2 9.17842E-2 9.76112E-2 9.70938E-2 8.47117E-2 8.29223E-2 8.45686E-2 8.05773E-2 8.43716E-2 9.19072E-2 8.94816E-2
