Artocarpus heterophyllus SDM files/Last interglacial/results (without bias file)/Arthet_avg.asc
ncols         625
nrows         721
xllcorner     69.99986311115
yllcorner     5.99986151914999
cellsize      0.041666667
NODATA_value  -9999
[rows 27 to 53 of 721, columns 0 to 60 of 625]
2.42741E-3 3.87965E-3 5.67753E-3 5.34344E-3 4.38702E-3 3.01228E-3 2.93631E-3 5.55996E-3 9.81144E-3 1.0713E-2 1.01217E-2 7.77311E-3 6.37583E-3 5.41697E-3 3.60205E-3 3.39985E-3 6.35601E-3 6.80749E-3 1.11291E-2 6.53845E-3 9.48433E-3 1.46406E-2 1.60189E-2 1.32447E-2 1.30383E-2 1.37403E-2 2.36766E-2 3.12333E-2 3.20548E-2 2.42233E-2 1.39118E-2 9.52749E-3 1.28235E-2 1.75091E-2 1.81413E-2 2.71981E-2 3.19216E-2 3.24803E-2 2.64838E-2 4.09591E-2 4.5738E-2 3.2822E-2 1.75953E-2 3.49584E-2 4.27E-2 3.92978E-2 4.11235E-2 3.9822E-2 3.52109E-2 2.36952E-2 1.25264E-2 1.21566E-2 1.9018E-2 3.49846E-2 3.92607E-2 2.95807E-2 2.79198E-2 3.65877E-2 4.17899E-2 2.99331E-2 2.59901E-2
2.25744E-3 3.66577E-3 7.26248E-3 6.2736E-3 4.20425E-3 3.14564E-3 5.0848E-3 7.89517E-3 1.22345E-2 1.15946E-2 1.12225E-2 1.00929E-2 7.98308E-3 4.95994E-3 2.3932E-3 2.43698E-3 2.19494E-3 3.72478E-3 6.57803E-3 4.20142E-3 8.63361E-3 1.26735E-2 7.637E-3 8.5734E-3 8.79405E-3 1.40474E-2 2.13148E-2 3.23603E-2 2.36557E-2 2.40392E-2 1.21089E-2 1.07742E-2 1.72662E-2 2.81782E-2 2.63335E-2 2.32E-2 3.29579E-2 4.14776E-2 3.79362E-2 4.12465E-2 4.26757E-2 3.59832E-2 3.64631E-2 4.19121E-2 4.56909E-2 4.05335E-2 4.06169E-2 3.26301E-2 1.30136E-2 1.86932E-2 2.00979E-2 1.72385E-2 2.69135E-2 3.53892E-2 4.29187E-2 3.73523E-2 3.93115E-2 3.85257E-2 4.41282E-2 3.6459E-2 3.49621E-2
4.86338E-3 5.74443E-3 7.94932E-3 6.41023E-3 4.70147E-3 3.65107E-3 6.77914E-3 1.15806E-2 1.30386E-2 1.30114E-2 8.46384E-3 6.47858E-3 6.60949E-3 4.35551E-3 1.40344E-3 1.27394E-3 1.44968E-3 2.93178E-3 4.35242E-3 6.68414E-3 8.15255E-3 7.63041E-3 1.10829E-2 1.18009E-2 1.34851E-2 1.97915E-2 3.35185E-2 3.05884E-2 1.73604E-2 1.20865E-2 1.02491E-2 1.83687E-2 2.62951E-2 3.2724E-2 3.41765E-2 3.08168E-2 3.73401E-2 4.00519E-2 3.7919E-2 4.12561E-2 4.4486E-2 4.19972E-2 4.31483E-2 4.7459E-2 4.10148E-2 2.37492E-2 1.59661E-2 2.12914E-2 2.61687E-2 3.17309E-2 3.73748E-2 3.52664E-2 2.4353E-2 3.21396E-2 4.5066E-2 4.84099E-2 4.74626E-2 4.56224E-2 4.28877E-2 3.22251E-2 2.70473E-2
4.61884E-3 8.00414E-3 9.61279E-3 7.84696E-3 6.76204E-3 7.53011E-3 1.27227E-2 1.49465E-2 1.45052E-2 1.39066E-2 1.03934E-2 8.3271E-3 6.082E-3 5.87687E-3 4.91376E-3 3.00103E-3 4.3439E-3 7.54086E-3 6.71077E-3 9.84385E-3 1.82111E-2 1.17497E-2 1.56366E-2 2.34501E-2 2.98944E-2 3.68666E-2 3.53573E-2 2.52943E-2 1.77489E-2 9.85602E-3 1.65778E-2 1.92282E-2 2.47539E-2 3.24738E-2 3.3481E-2 3.63432E-2 3.84948E-2 4.04453E-2 4.14305E-2 4.15356E-2 3.30641E-2 3.98011E-2 4.54809E-2 4.5461E-2 4.08128E-2 3.60322E-2 3.04273E-2 3.07043E-2 3.87361E-2 4.25313E-2 4.09395E-2 3.40454E-2 3.26015E-2 4.22197E-2 4.9109E-2 4.68571E-2 4.56479E-2 4.27784E-2 3.2637E-2 2.96952E-2 1.30361E-2
5.83865E-3 7.82706E-3 1.06513E-2 1.05334E-2 1.117E-2 1.33575E-2 1.53071E-2 1.3708E-2 1.42716E-2 1.247E-2 1.20806E-2 8.79363E-3 7.34688E-3 1.11435E-2 1.20109E-2 1.08091E-2 8.17549E-3 1.35021E-2 1.69308E-2 1.09007E-2 1.78029E-2 3.02106E-2 2.97254E-2 3.61413E-2 4.09551E-2 3.11864E-2 2.24848E-2 1.81182E-2 1.68044E-2 1.68996E-2 2.3449E-2 2.68235E-2 3.08099E-2 3.355E-2 3.41119E-2 3.70128E-2 3.96725E-2 4.05031E-2 3.48528E-2 3.35265E-2 3.53333E-2 3.44585E-2 4.47986E-2 3.53902E-2 3.78607E-2 3.81782E-2 3.88527E-2 4.48299E-2 5.06107E-2 5.11584E-2 4.32393E-2 4.69644E-2 4.24823E-2 4.53036E-2 4.88145E-2 3.69477E-2 3.89991E-2 2.90444E-2 3.38639E-2 2.11189E-2 1.19254E-2
4.58573E-3 7.06298E-3 1.03781E-2 1.26682E-2 1.43876E-2 1.58002E-2 1.60353E-2 1.67578E-2 1.3212E-2 1.05719E-2 1.06359E-2 9.31555E-3 8.06659E-3 1.76704E-2 2.28948E-2 1.41534E-2 2.07849E-2 2.17348E-2 2.19494E-2 1.86809E-2 2.56615E-2 4.4202E-2 4.37317E-2 3.6745E-2 2.88271E-2 2.21001E-2 1.49242E-2 2.01677E-2 2.48143E-2 2.55679E-2 2.65438E-2 2.92957E-2 3.05267E-2 3.48009E-2 3.24131E-2 3.54493E-2 3.04949E-2 2.9253E-2 2.86204E-2 2.53642E-2 2.76767E-2 3.25542E-2 4.6452E-2 3.42662E-2 2.28742E-2 3.29487E-2 3.22766E-2 4.14297E-2 5.26089E-2 5.23577E-2 5.21273E-2 5.27342E-2 4.92689E-2 4.94811E-2 3.92303E-2 2.30994E-2 2.90905E-2 2.14259E-2 2.13797E-2 3.00063E-2 2.89287E-2
9.41318E-3 8.59262E-3 1.15767E-2 1.35746E-2 1.50146E-2 1.68684E-2 1.92055E-2 1.72846E-2 1.67213E-2 1.34588E-2 1.47063E-2 1.92355E-2 1.65841E-2 2.27597E-2 2.30715E-2 2.17922E-2 2.96559E-2 3.58221E-2 3.5558E-2 4.28639E-2 4.41911E-2 3.54694E-2 3.26902E-2 2.92193E-2 2.95933E-2 2.22932E-2 1.49831E-2 2.25743E-2 2.80391E-2 3.40998E-2 3.24749E-2 3.11564E-2 2.90503E-2 3.45553E-2 3.85697E-2 3.39863E-2 2.63087E-2 1.85403E-2 3.48906E-2 3.30575E-2 4.06914E-2 4.30887E-2 4.58653E-2 4.78758E-2 4.86076E-2 5.22779E-2 5.19898E-2 5.24446E-2 5.28806E-2 5.30137E-2 5.0366E-2 5.12817E-2 4.62835E-2 4.07549E-2 4.01218E-2 2.40071E-2 1.98386E-2 3.45786E-2 4.48009E-2 4.09436E-2 4.4594E-2
1.11481E-2 1.12949E-2 1.24705E-2 1.43052E-2 1.58527E-2 1.83296E-2 2.0185E-2 1.57073E-2 1.9165E-2 2.36894E-2 2.09014E-2 2.61764E-2 3.36223E-2 2.85512E-2 3.1782E-2 4.16016E-2 4.3314E-2 3.89995E-2 3.18937E-2 3.18464E-2 2.87895E-2 2.91013E-2 2.95246E-2 2.07459E-2 2.24877E-2 1.50044E-2 1.46434E-2 2.21011E-2 3.03281E-2 3.28486E-2 3.54989E-2 3.80927E-2 3.60503E-2 3.78502E-2 4.10462E-2 3.83158E-2 3.05314E-2 2.98849E-2 3.50227E-2 3.88961E-2 4.32382E-2 3.38099E-2 3.92067E-2 4.86806E-2 4.55313E-2 5.25937E-2 5.15996E-2 4.8957E-2 5.18411E-2 4.7452E-2 4.85795E-2 4.05054E-2 3.08978E-2 2.31656E-2 3.57754E-2 3.08522E-2 2.01326E-2 2.81633E-2 5.75123E-2 5.57591E-2 5.11958E-2
1.28843E-2 1.38845E-2 1.52656E-2 1.65908E-2 1.69888E-2 1.90655E-2 2.07625E-2 2.43312E-2 2.63873E-2 2.70322E-2 2.70539E-2 2.69053E-2 2.76851E-2 2.73517E-2 2.75293E-2 2.77518E-2 2.90224E-2 2.56312E-2 2.43705E-2 2.41993E-2 2.40653E-2 2.26537E-2 1.65253E-2 1.50056E-2 1.17236E-2 1.17531E-2 1.10396E-2 2.05959E-2 2.10224E-2 2.75415E-2 3.84382E-2 3.74004E-2 3.85678E-2 3.46924E-2 4.22142E-2 4.02516E-2 3.42251E-2 3.36862E-2 3.16317E-2 3.80764E-2 4.12154E-2 4.12096E-2 3.08394E-2 4.61321E-2 4.48629E-2 4.92932E-2 5.14561E-2 4.75415E-2 4.95035E-2 5.47659E-2 5.96702E-2 4.27467E-2 3.00292E-2 3.31016E-2 4.50486E-2 5.32737E-2 5.57853E-2 5.7499E-2 6.01845E-2 5.70016E-2 5.75662E-2
1.53094E-2 1.6144E-2 1.74617E-2 1.88313E-2 1.90534E-2 1.9122E-2 2.07169E-2 2.2842E-2 2.49749E-2 3.05945E-2 3.73672E-2 3.82424E-2 2.81465E-2 3.59129E-2 3.93744E-2 2.79931E-2 1.81731E-2 1.87086E-2 1.92481E-2 2.47174E-2 2.43378E-2 2.7904E-2 2.86648E-2 2.29404E-2 1.92049E-2 2.27921E-2 2.38839E-2 2.62997E-2 2.40436E-2 2.91881E-2 4.04796E-2 3.77854E-2 3.84653E-2 4.11729E-2 4.25625E-2 4.2514E-2 3.9945E-2 4.26893E-2 4.06095E-2 3.85407E-2 4.42293E-2 5.03164E-2 4.02219E-2 4.65579E-2 5.42358E-2 5.01142E-2 4.95965E-2 5.44838E-2 5.93602E-2 5.52217E-2 5.32284E-2 5.25707E-2 5.37896E-2 4.5323E-2 4.89404E-2 5.27953E-2 5.65694E-2 5.51363E-2 6.1708E-2 6.59033E-2 6.75516E-2
2.29808E-2 1.83874E-2 2.02671E-2 2.28417E-2 3.2246E-2 3.12326E-2 3.17944E-2 3.29557E-2 3.41481E-2 4.2957E-2 4.65592E-2 4.47375E-2 3.51801E-2 4.39138E-2 3.75123E-2 3.37216E-2 4.071E-2 3.42676E-2 3.72368E-2 3.95405E-2 4.30539E-2 4.19108E-2 4.07532E-2 3.07827E-2 2.89289E-2 3.14159E-2 3.46248E-2 3.64495E-2 2.99827E-2 3.14439E-2 3.87244E-2 3.95326E-2 3.9331E-2 3.93352E-2 4.03633E-2 4.19882E-2 3.865E-2 3.18803E-2 3.4963E-2 3.89057E-2 4.71182E-2 4.52443E-2 4.87702E-2 4.69571E-2 4.79215E-2 4.77118E-2 4.94683E-2 5.30668E-2 5.3012E-2 5.06879E-2 4.9955E-2 5.6331E-2 5.83019E-2 4.1866E-2 4.27288E-2 4.31909E-2 5.27684E-2 5.77191E-2 6.03661E-2 6.34352E-2 6.50816E-2
1.44905E-2 1.93386E-2 2.03337E-2 1.92627E-2 1.6772E-2 2.24587E-2 3.04108E-2 3.72998E-2 3.52025E-2 2.78619E-2 4.02048E-2 3.96853E-2 4.00821E-2 4.28374E-2 4.30455E-2 5.11573E-2 5.03017E-2 5.17996E-2 4.84952E-2 5.07177E-2 5.287E-2 4.94987E-2 3.9884E-2 3.13342E-2 2.73362E-2 2.55121E-2 2.99606E-2 3.43375E-2 3.80802E-2 3.53805E-2 3.71459E-2 3.99058E-2 4.02676E-2 3.62329E-2 3.70091E-2 4.25745E-2 3.30118E-2 3.16436E-2 4.11955E-2 4.83958E-2 4.51741E-2 4.72297E-2 4.73608E-2 4.5877E-2 4.7252E-2 4.49315E-2 4.75433E-2 4.78015E-2 4.90077E-2 4.69727E-2 4.8675E-2 4.92209E-2 5.46089E-2 4.08838E-2 4.91413E-2 5.91065E-2 5.85329E-2 5.19003E-2 5.05799E-2 6.07688E-2 6.12589E-2
1.27465E-2 1.51517E-2 2.09093E-2 2.49762E-2 3.05416E-2 3.47218E-2 3.92184E-2 3.91064E-2 3.88062E-2 3.78871E-2 3.63478E-2 3.85768E-2 3.76798E-2 4.5132E-2 4.61449E-2 4.38449E-2 4.74787E-2 4.78976E-2 5.09379E-2 5.09188E-2 4.75941E-2 3.42438E-2 3.85615E-2 3.28995E-2 2.67752E-2 2.79436E-2 3.19579E-2 3.32002E-2 3.91498E-2 3.86073E-2 3.57012E-2 3.608E-2 3.55627E-2 3.2031E-2 3.60844E-2 3.88218E-2 4.25166E-2 4.19284E-2 4.1379E-2 4.08752E-2 4.21181E-2 4.28043E-2 4.31613E-2 4.37039E-2 4.60432E-2 4.58895E-2 4.62975E-2 4.66985E-2 4.7379E-2 4.68606E-2 4.82464E-2 5.56084E-2 6.35885E-2 6.29924E-2 6.07374E-2 5.19976E-2 6.04956E-2 5.05658E-2 4.80535E-2 6.11525E-2 6.44243E-2
2.16761E-2 2.45148E-2 2.8082E-2 3.11485E-2 3.44197E-2 3.5942E-2 3.69163E-2 3.64103E-2 3.68591E-2 3.90669E-2 3.86984E-2 3.86979E-2 4.03529E-2 3.73186E-2 3.84128E-2 3.96497E-2 4.14903E-2 4.83453E-2 4.9197E-2 4.75033E-2 4.4615E-2 4.00775E-2 4.70376E-2 3.05626E-2 2.78138E-2 3.64237E-2 3.82052E-2 4.81055E-2 4.62237E-2 4.23607E-2 3.35728E-2 3.59836E-2 3.87583E-2 3.86866E-2 3.82353E-2 4.01096E-2 4.1553E-2 4.1501E-2 3.92885E-2 3.89743E-2 3.88785E-2 4.17569E-2 4.2539E-2 4.28886E-2 4.29572E-2 4.28149E-2 4.57326E-2 4.61098E-2 4.70068E-2 4.75971E-2 5.28739E-2 5.74813E-2 5.23887E-2 5.29261E-2 5.16114E-2 5.29567E-2 6.45109E-2 6.862E-2 6.37981E-2 5.71435E-2 6.28923E-2
2.26173E-2 2.15919E-2 2.73052E-2 2.67646E-2 2.73411E-2 2.77406E-2 3.02159E-2 3.05151E-2 3.42085E-2 3.6096E-2 4.0501E-2 4.15382E-2 3.79456E-2 3.67526E-2 3.87708E-2 4.60002E-2 4.84091E-2 4.64005E-2 4.46821E-2 4.19898E-2 3.79083E-2 4.37098E-2 4.64235E-2 3.43545E-2 3.21669E-2 5.08283E-2 4.25698E-2 4.3154E-2 3.84136E-2 3.8654E-2 4.22654E-2 4.3078E-2 3.83274E-2 4.11366E-2 4.21641E-2 4.09121E-2 4.13811E-2 3.87417E-2 3.77369E-2 3.80963E-2 3.82312E-2 3.88378E-2 4.15661E-2 4.22464E-2 4.26815E-2 4.26384E-2 4.49454E-2 4.54892E-2 4.61623E-2 4.759E-2 4.74829E-2 4.73689E-2 4.6787E-2 4.76446E-2 4.9682E-2 5.49402E-2 5.9225E-2 5.61438E-2 6.63058E-2 6.83507E-2 6.72043E-2
1.83313E-2 1.92504E-2 2.16741E-2 2.23558E-2 2.29061E-2 2.48144E-2 2.69756E-2 2.79994E-2 3.13415E-2 3.71852E-2 4.14874E-2 3.88872E-2 3.66075E-2 3.87757E-2 4.02544E-2 4.49181E-2 4.68468E-2 4.45999E-2 4.31937E-2 4.2995E-2 4.52184E-2 4.88808E-2 4.92519E-2 4.86818E-2 4.91023E-2 4.77088E-2 4.57833E-2 3.78777E-2 3.63254E-2 3.79548E-2 3.95715E-2 3.9377E-2 3.81025E-2 4.27317E-2 4.10695E-2 4.08593E-2 3.84673E-2 3.74706E-2 3.69031E-2 3.732E-2 3.71975E-2 3.80418E-2 3.8408E-2 4.1102E-2 4.17068E-2 4.21338E-2 4.33121E-2 4.30232E-2 4.53373E-2 4.6014E-2 4.61305E-2 4.59825E-2 4.62941E-2 4.69534E-2 5.69926E-2 5.48961E-2 5.3165E-2 5.32839E-2 6.54557E-2 6.73336E-2 6.19748E-2
1.54944E-2 1.63839E-2 1.7245E-2 1.86224E-2 2.00437E-2 2.26428E-2 2.36987E-2 2.48795E-2 2.60875E-2 3.18974E-2 3.35649E-2 3.3404E-2 3.60975E-2 3.71143E-2 4.24957E-2 4.34878E-2 4.31605E-2 4.13341E-2 3.98854E-2 4.08124E-2 4.26794E-2 4.39423E-2 4.31738E-2 4.33051E-2 4.44062E-2 4.63348E-2 4.23919E-2 4.00698E-2 3.95859E-2 4.51607E-2 4.35757E-2 3.87296E-2 3.75848E-2 4.32474E-2 4.08535E-2 3.86459E-2 3.95477E-2 3.72131E-2 3.65859E-2 3.66034E-2 3.68091E-2 3.70756E-2 3.76068E-2 3.81537E-2 4.11719E-2 4.17073E-2 4.24413E-2 4.2408E-2 4.27672E-2 4.49459E-2 4.53943E-2 4.58461E-2 4.76435E-2 4.8872E-2 4.97882E-2 5.01331E-2 5.15193E-2 5.3052E-2 5.55417E-2 6.78988E-2 5.85769E-2
1.03646E-2 1.1042E-2 1.32097E-2 1.60061E-2 1.79954E-2 1.9921E-2 2.12231E-2 1.91545E-2 2.09414E-2 2.64502E-2 2.92543E-2 3.04904E-2 3.09591E-2 3.36571E-2 3.77607E-2 4.09238E-2 3.97611E-2 3.87359E-2 3.89841E-2 3.9112E-2 3.87407E-2 3.84058E-2 3.87676E-2 3.78161E-2 3.79088E-2 3.98074E-2 4.08471E-2 3.25213E-2 3.06904E-2 3.88566E-2 3.90242E-2 3.95267E-2 4.35612E-2 4.20857E-2 3.9052E-2 3.96947E-2 3.81055E-2 3.66645E-2 3.6258E-2 3.6243E-2 3.63555E-2 3.66246E-2 3.69008E-2 3.96272E-2 4.02103E-2 4.09267E-2 4.16442E-2 4.18896E-2 4.23264E-2 4.24902E-2 4.43914E-2 4.49695E-2 4.50654E-2 4.56662E-2 4.66728E-2 4.74103E-2 4.87885E-2 5.17535E-2 5.44348E-2 5.60912E-2 5.71391E-2
4.92618E-3 4.91155E-3 6.95578E-3 1.16123E-2 1.13584E-2 1.64262E-2 1.75778E-2 1.73927E-2 1.87214E-2 2.271E-2 2.43264E-2 2.44316E-2 2.5304E-2 2.89573E-2 3.89357E-2 3.45903E-2 3.53565E-2 3.69557E-2 3.92025E-2 3.94722E-2 3.94455E-2 3.98505E-2 3.54138E-2 3.84422E-2 4.10274E-2 4.10235E-2 3.78627E-2 2.64006E-2 3.03103E-2 3.67618E-2 3.82241E-2 4.02239E-2 3.97191E-2 4.13803E-2 3.69665E-2 3.75286E-2 3.67E-2 3.61678E-2 3.59988E-2 3.59154E-2 3.60634E-2 3.62513E-2 3.66585E-2 3.70203E-2 3.76388E-2 4.02191E-2 4.07391E-2 4.09791E-2 4.11278E-2 4.13846E-2 4.16935E-2 4.36738E-2 4.24449E-2 4.50803E-2 4.6077E-2 4.70083E-2 4.90974E-2 5.34941E-2 5.39378E-2 5.62094E-2 6.04138E-2
2.70339E-3 2.89557E-3 3.265E-3 7.64618E-3 7.03226E-3 1.04784E-2 1.22542E-2 1.37181E-2 1.65852E-2 1.85448E-2 1.98298E-2 2.03157E-2 2.17658E-2 2.64333E-2 3.03655E-2 2.95202E-2 2.88738E-2 3.21155E-2 3.52968E-2 3.51977E-2 3.42569E-2 3.22414E-2 3.04391E-2 2.98815E-2 3.08342E-2 2.76853E-2 3.12068E-2 2.92681E-2 2.71681E-2 1.85932E-2 2.82826E-2 3.30515E-2 4.29273E-2 4.0265E-2 3.76886E-2 3.49388E-2 3.4372E-2 3.59395E-2 3.56919E-2 3.57805E-2 3.55896E-2 3.58742E-2 3.61715E-2 3.83965E-2 3.87781E-2 3.95932E-2 4.0264E-2 4.10452E-2 4.08416E-2 4.07956E-2 4.10843E-2 4.19698E-2 4.46407E-2 4.59986E-2 4.75536E-2 5.01472E-2 5.23614E-2 5.57833E-2 5.43354E-2 5.51945E-2 5.63913E-2
1.67798E-3 3.4385E-3 4.33208E-3 4.86514E-3 4.37395E-3 7.75882E-3 6.87993E-3 5.9275E-3 1.07272E-2 1.03481E-2 1.06815E-2 1.21668E-2 1.34359E-2 1.41107E-2 1.75234E-2 2.15494E-2 2.41417E-2 2.63201E-2 2.6708E-2 2.61136E-2 2.30214E-2 2.13957E-2 1.93834E-2 2.07178E-2 2.13084E-2 1.67382E-2 1.81982E-2 2.35879E-2 2.57306E-2 2.88508E-2 2.47741E-2 3.55539E-2 4.19065E-2 3.93258E-2 3.60708E-2 3.56866E-2 3.59058E-2 3.59788E-2 3.56389E-2 3.53743E-2 3.54035E-2 3.58026E-2 3.59523E-2 3.66542E-2 3.71445E-2 3.8386E-2 4.04048E-2 4.13801E-2 4.08085E-2 4.14829E-2 4.2707E-2 4.56869E-2 4.89133E-2 4.84593E-2 5.22447E-2 5.28699E-2 5.37741E-2 5.51818E-2 5.33565E-2 5.3925E-2 5.36675E-2
2.88703E-3 1.94274E-3 1.97574E-3 2.01195E-3 3.89852E-3 4.64716E-3 4.44876E-3 4.49921E-3 6.79844E-3 4.05652E-3 4.88266E-3 6.54257E-3 8.444E-3 9.50056E-3 9.65305E-3 1.16845E-2 1.10026E-2 1.28477E-2 1.67864E-2 1.99357E-2 1.72121E-2 1.18653E-2 1.3922E-2 1.49119E-2 2.08513E-2 2.83312E-2 2.85514E-2 2.62247E-2 2.33674E-2 3.04933E-2 4.44345E-2 5.02914E-2 4.6154E-2 3.77982E-2 3.59793E-2 3.54508E-2 3.52765E-2 3.51465E-2 3.51657E-2 3.54935E-2 3.53025E-2 3.55882E-2 3.53928E-2 3.58844E-2 3.68413E-2 3.7087E-2 3.8499E-2 3.88984E-2 3.9305E-2 4.00921E-2 4.25654E-2 4.46326E-2 4.56279E-2 5.00049E-2 4.96117E-2 5.07583E-2 5.06234E-2 4.86882E-2 5.12824E-2 5.17833E-2 5.24324E-2
6.44418E-3 4.88923E-3 4.93014E-3 4.90953E-3 3.55252E-3 2.09072E-3 2.49656E-3 2.31367E-3 2.18692E-3 1.87115E-3 2.04097E-3 4.7856E-3 3.71667E-3 4.25744E-3 4.05294E-3 5.41598E-3 4.75338E-3 5.34802E-3 7.66471E-3 1.00668E-2 1.13331E-2 1.26442E-2 1.83669E-2 2.50442E-2 2.95034E-2 3.31167E-2 3.33688E-2 3.76231E-2 4.07475E-2 3.83888E-2 5.05485E-2 4.85998E-2 4.17077E-2 3.78654E-2 3.63884E-2 3.60588E-2 3.6025E-2 3.56664E-2 3.53937E-2 3.53777E-2 3.52743E-2 3.54755E-2 3.55528E-2 3.57437E-2 3.60864E-2 3.64976E-2 3.74729E-2 3.93271E-2 3.80494E-2 4.15434E-2 4.19189E-2 4.25944E-2 4.3734E-2 4.62545E-2 4.68661E-2 4.65212E-2 4.86255E-2 4.65205E-2 4.75609E-2 4.82456E-2 4.82855E-2
1.16423E-2 1.13657E-2 1.153E-2 1.0773E-2 6.87214E-3 5.97743E-3 5.3387E-3 3.23343E-3 3.48338E-3 2.79674E-3 2.43266E-3 2.73049E-3 3.13656E-3 3.01799E-3 3.79434E-3 4.66577E-3 4.90198E-3 7.50358E-3 1.14593E-2 1.67519E-2 2.45071E-2 3.04482E-2 3.43114E-2 3.1913E-2 2.89609E-2 2.33093E-2 2.18044E-2 2.07676E-2 2.90145E-2 3.30497E-2 3.63271E-2 4.7549E-2 4.40252E-2 3.85432E-2 3.71403E-2 3.67014E-2 3.63035E-2 3.6075E-2 3.54258E-2 3.56493E-2 3.53201E-2 3.5831E-2 3.59586E-2 3.65914E-2 3.70443E-2 3.79414E-2 3.89278E-2 4.01569E-2 4.12013E-2 4.40788E-2 4.606E-2 4.91441E-2 4.71296E-2 4.51035E-2 4.44191E-2 4.46561E-2 4.51872E-2 4.62331E-2 4.73357E-2 4.76968E-2 4.75374E-2
1.4841E-2 1.55912E-2 1.67121E-2 1.62781E-2 1.51979E-2 1.2922E-2 1.05042E-2 8.85736E-3 7.30594E-3 6.25195E-3 5.17729E-3 5.57873E-3 5.40502E-3 6.35006E-3 8.53513E-3 1.15455E-2 1.50654E-2 1.74059E-2 2.24861E-2 2.61838E-2 2.5193E-2 2.14669E-2 2.09496E-2 2.56302E-2 3.42493E-2 3.98116E-2 4.16564E-2 4.07945E-2 2.50078E-2 2.28447E-2 3.82322E-2 4.65458E-2 4.39499E-2 3.87433E-2 3.79662E-2 3.75281E-2 3.72312E-2 3.61704E-2 3.58696E-2 3.56006E-2 3.61046E-2 3.66284E-2 3.72835E-2 3.77973E-2 3.89481E-2 4.12628E-2 4.2174E-2 4.38832E-2 4.76362E-2 4.87044E-2 4.95984E-2 4.91398E-2 5.09923E-2 4.45674E-2 4.54229E-2 4.47177E-2 4.44487E-2 4.55153E-2 4.63337E-2 4.66913E-2 4.70246E-2
1.72158E-2 1.79893E-2 1.99183E-2 2.05551E-2 2.00571E-2 1.51087E-2 1.35045E-2 9.71284E-3 9.18298E-3 1.23376E-2 1.05593E-2 8.84999E-3 9.80619E-3 6.80174E-3 6.61282E-3 8.18396E-3 8.84661E-3 1.07151E-2 1.81764E-2 1.25494E-2 1.11062E-2 1.19061E-2 9.935E-3 1.37641E-2 1.69107E-2 1.94394E-2 2.33361E-2 3.27665E-2 4.26578E-2 4.6957E-2 4.54131E-2 4.78638E-2 4.05145E-2 3.91785E-2 3.85045E-2 3.78215E-2 3.71197E-2 3.62189E-2 3.63098E-2 3.6294E-2 3.71236E-2 3.78818E-2 3.88686E-2 3.99487E-2 4.22622E-2 4.37197E-2 4.30731E-2 4.95076E-2 5.35471E-2 5.23361E-2 5.22828E-2 5.19906E-2 5.14456E-2 4.54659E-2 4.59552E-2 4.6225E-2 4.32496E-2 4.57857E-2 4.6449E-2 4.7059E-2 4.88427E-2
1.82145E-2 1.9416E-2 2.09172E-2 2.25817E-2 2.42912E-2 2.37794E-2 1.98432E-2 1.26895E-2 1.0293E-2 1.48198E-2 1.75011E-2 1.6198E-2 1.27057E-2 1.12248E-2 8.64509E-3 1.02056E-2 1.52792E-2 1.88276E-2 1.62107E-2 1.25281E-2 9.70015E-3 1.33028E-2 1.73038E-2 2.06843E-2 2.10869E-2 1.90065E-2 1.94045E-2 2.0782E-2 2.52536E-2 2.94769E-2 4.82925E-2 4.87875E-2 4.18188E-2 4.36126E-2 4.02193E-2 3.86299E-2 3.74617E-2 3.6997E-2 3.67557E-2 3.74476E-2 3.86564E-2 3.92908E-2 4.10028E-2 4.32227E-2 3.87261E-2 4.61597E-2 5.09861E-2 4.7005E-2 4.44686E-2 4.40146E-2 4.36649E-2 4.48907E-2 4.60298E-2 4.1884E-2 4.14806E-2 4.44971E-2 4.7311E-2 4.71677E-2 5.15612E-2 4.93372E-2 4.96292E-2
