Artocarpus heterophyllus SDM files/Last interglacial/results (without bias file)/Arthet_7.asc
ncols         625
nrows         721
xllcorner     69.99986311115
yllcorner     5.99986151914999
cellsize      0.041666667
NODATA_value  -9999
[rows 162 to 188 of 721, columns 305 to 365 of 625]
1.04905E-3 1.17838E-3 9.23432E-4 1.35138E-3 2.65861E-3 7.55667E-4 7.94918E-4 8.58563E-4 9.69425E-4 1.20448E-3 1.22185E-3 8.11535E-4 1.49124E-3 1.61034E-3 7.55467E-4 9.43494E-4 8.58836E-4 6.62026E-4 5.19148E-4 5.0663E-4 5.26479E-4 8.59235E-4 8.45767E-4 7.37676E-4 7.3541E-4 4.18715E-4 4.764E-4 6.20157E-4 1.05449E-3 2.02094E-3 2.22719E-3 1.85877E-3 1.52499E-3 1.08252E-3 1.0521E-3 5.59298E-4 7.36378E-4 9.37767E-4 1.21385E-3 1.28548E-3 1.47496E-3 1.54828E-3 1.6666E-3 1.70168E-3 1.49166E-3 1.45593E-3 1.63357E-3 1.20497E-3 1.05677E-3 1.33309E-3 1.26277E-3 1.44342E-3 1.193E-3 1.18694E-3 8.556E-4 7.68015E-4 9.43374E-4 1.06897E-3 1.04496E-3 7.26458E-4 8.03093E-4
6.19936E-4 5.00262E-4 1.10746E-3 6.6692E-4 9.72788E-4 2.72951E-3 1.36417E-3 1.87867E-3 7.82294E-4 6.07052E-4 6.42565E-4 9.35631E-4 1.47096E-3 1.48821E-3 6.27565E-4 5.19107E-4 7.21835E-4 6.60498E-4 6.51284E-4 5.45804E-4 6.98091E-4 6.12367E-4 6.1416E-4 5.60293E-4 6.11786E-4 6.77094E-4 3.8813E-4 7.7233E-4 1.704E-3 2.94484E-3 3.35362E-3 3.05521E-3 1.81739E-3 1.36092E-3 9.58925E-4 5.08191E-4 5.78668E-4 7.5956E-4 8.20412E-4 1.37493E-3 1.34949E-3 1.61203E-3 1.71379E-3 1.71183E-3 1.69619E-3 1.6728E-3 1.66582E-3 1.68139E-3 1.71218E-3 1.75205E-3 1.70933E-3 1.65529E-3 1.09802E-3 1.31103E-3 1.47166E-3 1.42525E-3 1.31793E-3 6.91787E-4 5.30996E-4 5.00549E-4 8.28118E-4
8.72944E-4 8.19197E-4 1.09653E-3 2.52443E-3 6.62932E-4 3.48973E-3 1.57933E-3 1.14197E-3 1.67237E-3 9.25023E-4 1.84148E-3 9.13013E-4 7.60898E-4 1.19829E-3 1.36192E-3 1.06524E-3 6.9677E-4 6.48612E-4 5.83686E-4 5.94439E-4 5.78063E-4 5.93004E-4 5.82044E-4 5.29608E-4 5.38929E-4 7.45839E-4 8.24923E-4 8.01706E-4 1.98884E-3 3.4555E-3 4.16041E-3 3.43444E-3 2.97054E-3 2.38456E-3 8.18146E-4 5.54576E-4 6.2144E-4 6.59291E-4 5.07375E-4 1.05613E-3 1.59251E-3 1.35228E-3 1.29006E-3 1.37322E-3 1.72485E-3 1.67903E-3 1.58625E-3 1.47571E-3 1.70263E-3 1.51493E-3 1.20558E-3 1.01408E-3 1.44045E-3 1.47454E-3 1.27679E-3 1.57872E-3 1.37176E-3 8.3842E-4 8.15457E-4 9.15922E-4 6.6665E-4
7.76914E-4 5.55022E-4 2.01931E-3 6.31046E-3 4.49839E-3 4.73318E-3 1.63519E-3 8.70012E-4 6.49806E-4 7.41192E-4 1.8071E-3 2.04155E-3 1.04409E-3 6.5433E-4 1.04762E-3 8.21868E-4 1.0334E-3 1.01871E-3 7.50073E-4 7.67598E-4 6.96955E-4 6.73804E-4 6.27838E-4 5.02073E-4 5.06308E-4 4.50527E-4 6.66505E-4 1.26999E-3 2.66546E-3 3.68719E-3 3.99578E-3 4.09496E-3 3.21068E-3 2.36268E-3 1.05646E-3 8.71914E-4 1.03166E-3 1.07568E-3 9.16008E-4 6.85038E-4 1.33293E-3 9.44056E-4 6.04695E-4 7.31621E-4 9.95695E-4 8.2275E-4 1.2812E-3 1.35846E-3 1.0495E-3 5.0526E-4 5.09345E-4 6.91543E-4 1.06902E-3 1.29319E-3 1.623E-3 1.53795E-3 1.14396E-3 1.51999E-3 1.5347E-3 1.44012E-3 1.26128E-3
1.23371E-3 7.29151E-4 9.21879E-4 4.66899E-3 6.90532E-3 1.65039E-3 5.64908E-4 5.68001E-4 3.59789E-4 6.23248E-4 1.94263E-3 1.6988E-3 1.25755E-3 5.5293E-4 5.78172E-4 2.00653E-3 1.82861E-3 1.94191E-3 1.20241E-3 7.79662E-4 8.60279E-4 6.17354E-4 5.48005E-4 4.93717E-4 5.47692E-4 6.80704E-4 8.18146E-4 2.8497E-3 5.61312E-3 5.4347E-3 6.02927E-3 3.81215E-3 2.11095E-3 1.3471E-3 8.53008E-4 8.89619E-4 8.0359E-4 1.04061E-3 1.118E-3 1.37005E-3 1.37067E-3 1.2387E-3 7.85239E-4 6.47262E-4 6.71583E-4 4.7312E-4 5.60442E-4 1.25484E-3 4.85121E-4 3.09613E-4 2.9654E-4 4.47351E-4 6.6841E-4 9.35539E-4 1.06417E-3 1.35349E-3 1.3742E-3 1.40911E-3 1.40244E-3 1.32743E-3 1.28239E-3
6.45784E-3 4.89241E-3 3.34174E-3 3.4536E-3 4.16321E-3 2.39843E-3 1.19941E-3 6.91289E-4 8.33762E-4 1.7684E-3 2.62171E-3 2.0705E-3 1.05982E-3 6.03261E-4 1.58512E-3 1.60088E-3 6.84124E-4 1.07649E-3 1.77228E-3 1.30306E-3 7.48528E-4 5.79116E-4 5.55983E-4 7.61869E-4 9.29525E-4 8.88057E-4 1.80726E-3 5.48758E-3 7.2833E-3 7.15454E-3 5.61374E-3 4.26253E-3 1.64551E-3 7.22481E-4 6.15544E-4 5.32797E-4 6.25883E-4 7.69223E-4 7.26892E-4 1.05688E-3 7.95978E-4 1.19465E-3 1.22305E-3 1.17751E-3 5.8416E-4 4.19906E-4 5.28385E-4 1.28171E-3 5.91371E-4 3.93827E-4 3.03549E-4 2.98701E-4 3.55282E-4 6.33366E-4 8.20883E-4 7.46279E-4 7.02311E-4 1.05958E-3 1.37251E-3 1.17715E-3 1.06903E-3
9.18682E-3 1.38926E-2 1.10997E-2 2.95178E-3 5.73481E-3 2.73396E-3 1.58067E-3 7.36576E-4 1.17605E-3 2.67523E-3 9.86417E-4 6.42543E-4 6.42457E-4 5.4231E-4 9.57826E-4 2.21843E-3 6.99845E-4 7.61988E-4 1.06478E-3 6.08711E-4 7.41026E-4 5.28801E-4 5.06553E-4 4.85378E-4 4.67708E-4 4.8866E-4 1.85983E-3 6.34112E-3 9.58156E-3 8.25741E-3 4.71904E-3 2.56454E-3 1.77978E-3 7.15131E-4 4.86416E-4 6.03889E-4 4.42931E-4 4.24741E-4 5.00643E-4 6.82435E-4 5.72399E-4 5.89687E-4 8.76679E-4 8.89444E-4 6.97109E-4 6.22437E-4 5.81343E-4 9.73322E-4 1.16464E-3 6.46382E-4 4.29008E-4 3.60954E-4 3.53926E-4 4.1948E-4 2.91482E-4 2.86219E-4 2.67602E-4 5.86741E-4 5.95519E-4 5.4109E-4 5.36423E-4
7.76635E-3 4.21532E-3 1.01592E-2 1.21285E-2 9.65375E-3 2.03668E-3 1.45676E-3 6.62932E-4 2.10723E-3 2.12224E-3 6.49736E-4 4.11997E-4 7.61131E-4 4.5383E-4 9.81241E-4 2.53348E-3 5.28693E-4 6.87152E-4 1.15652E-3 7.80196E-4 6.0861E-4 5.75164E-4 7.04093E-4 7.41346E-4 4.68025E-4 1.12406E-3 6.07434E-3 9.06928E-3 1.03062E-2 8.13434E-3 3.97354E-3 2.18473E-3 2.00032E-3 1.2133E-3 9.09477E-4 8.23924E-4 6.66363E-4 7.41017E-4 7.09031E-4 5.71954E-4 3.75498E-4 4.12302E-4 4.04479E-4 7.02239E-4 5.24222E-4 6.39628E-4 5.52581E-4 7.84297E-4 9.73433E-4 9.58967E-4 7.42354E-4 5.82809E-4 3.37445E-4 2.40681E-4 2.21217E-4 2.17577E-4 2.12713E-4 3.63015E-4 2.83198E-4 4.00493E-4 3.73642E-4
4.39585E-3 3.37903E-3 8.08213E-3 6.69833E-3 1.17607E-2 8.76183E-3 4.94148E-3 2.1889E-3 1.77453E-3 1.10325E-3 1.2264E-3 1.02811E-3 1.01513E-3 5.90278E-4 5.03629E-4 2.54396E-3 1.37626E-3 4.35533E-4 6.89319E-4 9.09963E-4 7.25632E-4 6.28738E-4 1.46758E-3 1.60175E-3 8.41292E-4 3.31758E-3 1.1802E-2 8.38893E-3 6.69296E-3 3.92973E-3 3.73509E-3 1.47087E-3 7.97615E-4 5.17765E-4 2.92976E-4 5.6286E-4 4.46726E-4 3.53389E-4 5.01924E-4 4.47677E-4 2.98585E-4 2.86228E-4 4.21781E-4 3.6032E-4 4.04908E-4 4.10304E-4 4.38189E-4 5.75226E-4 7.73171E-4 6.14298E-4 6.0969E-4 6.54476E-4 4.70394E-4 3.32331E-4 2.3931E-4 2.81564E-4 2.38638E-4 3.53265E-4 4.54777E-4 4.48165E-4 6.93119E-4
9.59676E-4 2.64926E-3 5.80575E-3 3.84037E-3 7.08113E-3 4.75782E-3 1.01372E-2 6.59152E-3 3.70127E-3 3.38003E-3 2.2623E-3 3.32415E-3 1.92012E-3 1.40455E-3 1.06942E-3 2.70791E-3 1.73687E-3 4.97493E-4 4.0855E-4 4.48053E-4 8.7053E-4 1.75519E-3 3.75344E-3 5.95196E-3 6.80218E-3 4.3688E-3 5.32017E-3 8.04947E-3 4.00442E-3 3.29223E-3 2.51911E-3 1.67759E-3 6.21527E-4 2.37656E-4 2.04114E-4 3.24428E-4 2.46467E-4 1.94237E-4 2.18652E-4 2.8594E-4 1.76418E-4 2.65648E-4 4.3556E-4 2.07111E-4 4.75229E-4 4.88709E-4 3.38548E-4 3.82871E-4 5.26794E-4 4.37322E-4 3.23688E-4 4.08558E-4 4.47643E-4 4.11033E-4 3.6587E-4 3.92979E-4 3.87122E-4 6.32812E-4 1.23652E-3 1.37488E-3 1.64002E-3
1.07616E-3 1.60185E-3 1.97173E-3 1.46073E-3 2.4204E-3 2.12934E-3 4.89186E-3 4.29643E-3 1.06164E-3 1.37586E-3 1.44904E-3 1.48318E-3 1.22665E-3 2.27225E-3 2.34494E-3 2.16481E-3 1.48439E-3 4.85313E-4 3.50592E-4 2.87821E-4 6.5121E-4 6.37171E-4 6.28795E-4 1.51975E-3 2.83912E-3 4.71847E-3 3.92525E-3 4.91575E-3 1.79005E-3 9.21967E-4 7.5131E-4 9.97332E-4 4.50957E-4 5.18572E-4 2.41057E-4 2.71482E-4 4.99847E-4 5.77141E-4 2.61213E-4 1.77893E-4 1.56548E-4 1.90514E-4 3.53633E-4 2.36982E-4 5.41849E-4 8.41607E-4 6.62404E-4 3.03556E-4 4.61044E-4 3.46743E-4 2.90103E-4 4.11248E-4 3.88177E-4 4.06379E-4 3.50321E-4 4.4894E-4 5.56447E-4 8.81968E-4 1.33708E-3 1.52801E-3 2.51176E-3
4.18921E-3 1.18715E-3 1.50836E-3 1.28065E-3 1.18633E-3 1.55011E-3 1.10785E-3 8.77548E-4 7.24059E-4 5.88958E-4 7.20311E-4 8.39068E-4 4.81685E-4 2.06622E-3 1.02515E-3 1.00543E-3 1.86096E-3 9.12674E-4 3.03165E-4 3.73582E-4 7.56582E-4 5.96704E-4 1.74208E-3 2.40649E-3 3.42525E-3 6.62878E-3 4.13829E-3 2.8635E-3 2.02776E-3 5.52086E-4 4.77016E-4 4.59545E-4 8.15422E-4 1.05529E-3 5.52917E-4 3.56447E-4 3.39778E-4 1.22355E-3 6.37209E-4 4.44603E-4 2.93438E-4 1.54542E-4 2.17114E-4 3.12251E-4 7.04264E-4 1.0773E-3 6.735E-4 2.94539E-4 5.3568E-4 7.1756E-4 6.86404E-4 3.9767E-4 3.93012E-4 5.7126E-4 7.33804E-4 4.25905E-4 5.37586E-4 5.63221E-4 6.04498E-4 9.87006E-4 1.49957E-3
7.4488E-3 2.7476E-3 3.89468E-3 4.70346E-3 5.34667E-3 1.88161E-3 1.11407E-3 7.77736E-4 5.62688E-4 3.17255E-4 3.53899E-4 4.35038E-4 4.80132E-4 1.07552E-3 3.55867E-4 3.457E-4 4.24115E-4 5.53682E-4 4.97563E-4 5.98498E-4 5.65176E-4 1.38646E-3 1.51754E-3 5.67303E-3 6.96981E-3 3.55107E-3 1.55552E-3 3.14817E-3 5.31204E-4 5.61375E-4 1.27197E-3 4.47853E-4 5.68947E-4 6.87003E-4 9.12117E-4 1.17571E-3 9.50454E-4 2.37385E-3 8.09639E-4 5.77355E-4 1.918E-4 1.10049E-4 2.00819E-4 4.05899E-4 4.29042E-4 7.16479E-4 1.15707E-3 6.14077E-4 8.89887E-4 2.10209E-3 9.75702E-4 5.41971E-4 4.07128E-4 6.62108E-4 8.62882E-4 3.84563E-4 3.22636E-4 3.79737E-4 3.3647E-4 7.41982E-4 1.67612E-3
1.29571E-2 7.60644E-3 8.12342E-3 1.25037E-2 1.03682E-2 4.0975E-3 2.56856E-3 1.94726E-3 1.5053E-3 5.44815E-4 4.19168E-4 5.35348E-4 4.18197E-4 3.83225E-4 9.71725E-5 1.61516E-4 3.23836E-4 7.48057E-4 4.88551E-4 3.53513E-4 6.90955E-4 1.83066E-3 4.13843E-3 5.79161E-3 2.11469E-3 2.23271E-3 9.52756E-4 7.60815E-4 6.21567E-4 1.09821E-3 2.05382E-3 5.11945E-4 4.04268E-4 5.77957E-4 7.53918E-4 1.84344E-3 6.91631E-4 1.78795E-3 3.77694E-4 1.39575E-4 1.9042E-4 1.97203E-4 1.26407E-4 1.8181E-4 3.36641E-4 5.80734E-4 5.15361E-4 1.21033E-3 8.63517E-4 1.9659E-3 7.61065E-4 4.50881E-4 9.20617E-4 1.46179E-3 1.07349E-3 9.00948E-4 8.40236E-4 4.0418E-4 3.9545E-4 6.06336E-4 8.45527E-4
2.84134E-2 1.87328E-2 2.75378E-2 2.94948E-2 1.78607E-2 9.98155E-3 7.08694E-3 2.73584E-3 1.58836E-3 1.21808E-3 8.2137E-4 1.25337E-3 4.89749E-4 2.00721E-4 6.47185E-4 7.69534E-4 4.67649E-4 2.41716E-3 9.12941E-5 2.56763E-4 1.71317E-3 7.63608E-3 7.10318E-3 2.57869E-3 3.45636E-4 3.4787E-4 2.94504E-4 8.84265E-4 1.327E-3 1.28183E-3 1.97127E-3 1.41552E-3 1.12451E-3 1.14036E-3 7.86138E-4 1.64331E-3 1.85227E-3 1.08537E-3 2.0048E-4 5.3912E-4 5.09776E-4 1.50915E-3 7.99314E-4 3.05931E-4 7.14853E-4 8.81737E-4 8.32379E-4 7.91965E-4 1.77208E-3 2.37949E-3 2.83881E-3 1.65958E-3 2.33638E-3 2.58155E-3 1.39477E-3 8.52129E-4 5.27575E-4 6.40676E-4 7.00785E-4 1.63911E-3 2.31151E-3
4.7978E-2 4.28393E-2 3.01147E-2 1.62056E-2 2.4218E-2 1.9401E-2 1.13513E-2 6.05514E-3 2.93553E-3 2.79471E-3 2.58203E-3 2.01942E-3 1.36447E-3 1.18479E-3 6.25132E-4 2.06941E-3 6.31074E-3 3.01543E-3 1.09164E-3 2.08675E-3 2.01296E-3 1.43623E-2 9.38413E-3 3.49822E-3 3.37672E-4 4.56775E-4 2.52247E-4 3.44948E-4 9.46057E-4 7.2232E-4 9.22127E-4 1.91855E-3 3.27932E-3 3.18242E-3 1.91079E-3 7.01083E-4 2.47811E-3 5.09206E-4 2.1987E-4 1.5033E-3 2.00214E-3 1.08375E-3 2.00982E-3 4.60158E-4 6.37517E-4 1.39071E-3 1.76683E-3 4.16076E-4 5.50988E-4 8.45435E-4 1.13335E-3 2.73028E-3 1.41675E-3 8.50396E-4 1.46243E-3 8.01409E-4 1.05381E-3 1.13382E-3 6.31672E-4 5.49084E-4 1.56417E-3
2.52651E-2 4.10019E-2 2.89997E-2 1.18207E-2 9.20623E-3 6.33257E-3 7.59602E-3 6.74307E-3 4.90439E-3 2.69607E-3 2.53617E-3 7.40768E-3 1.09239E-2 1.12498E-2 7.4737E-3 5.98735E-3 1.2946E-2 1.80235E-3 1.74249E-3 5.28202E-3 2.83875E-3 7.98273E-3 2.24851E-2 6.1174E-3 3.25903E-3 1.8513E-3 3.14903E-4 1.89941E-4 2.5811E-4 2.11232E-4 1.68393E-4 3.0418E-4 1.86057E-3 1.31057E-3 3.45208E-3 3.44671E-3 3.96346E-3 2.50986E-3 8.64238E-4 1.29819E-3 3.46673E-3 4.97986E-3 3.88849E-3 9.51859E-4 5.64224E-4 1.14277E-3 2.61204E-3 6.61507E-4 5.14559E-4 3.28794E-4 1.76014E-3 1.99782E-3 6.07551E-4 4.6203E-4 5.66777E-4 5.39025E-4 1.26581E-3 3.54436E-3 1.04241E-3 8.49311E-4 2.6342E-3
4.08145E-2 3.00703E-2 2.14607E-2 2.10588E-2 1.77458E-2 1.23453E-2 3.75953E-3 3.58084E-3 4.34323E-3 6.84228E-3 3.46005E-3 5.00924E-3 1.03366E-2 1.77091E-2 2.46637E-2 2.28462E-2 2.81052E-2 7.88022E-3 1.24706E-2 1.65759E-2 6.3275E-3 1.13047E-2 3.21687E-2 1.52111E-2 2.62484E-3 1.27362E-3 1.2141E-4 2.00506E-4 6.10737E-4 6.93654E-4 1.46683E-4 6.22983E-4 3.1988E-4 4.05932E-4 5.23297E-4 3.3057E-3 5.5268E-3 6.74136E-3 5.2996E-3 4.3945E-3 8.18896E-3 3.37812E-3 5.61928E-4 2.69631E-4 7.8472E-5 9.7507E-4 2.55209E-3 3.07734E-3 4.98241E-3 3.80422E-3 5.36419E-3 1.5145E-3 3.24722E-3 3.45305E-4 7.48171E-4 8.47723E-4 3.69457E-4 2.39833E-3 1.56844E-3 1.05504E-3 3.18015E-3
3.56615E-2 2.84758E-2 2.13643E-2 9.03844E-3 1.11116E-2 1.36985E-2 1.1138E-2 1.26057E-2 5.6322E-3 9.18677E-3 9.46785E-3 7.30459E-3 1.36703E-2 2.33709E-2 2.90938E-2 5.2942E-2 3.18937E-2 1.80184E-2 1.856E-2 2.88689E-2 9.44724E-3 1.30424E-2 4.56321E-2 4.11627E-2 1.27293E-2 2.7667E-3 3.2281E-4 7.30361E-4 1.74376E-3 8.91009E-4 1.11541E-3 2.86289E-3 3.59564E-4 6.46862E-5 8.85496E-5 6.6922E-4 2.60427E-3 2.52261E-3 9.92014E-3 1.67036E-2 8.03362E-3 3.25133E-3 1.49235E-3 1.74562E-4 9.0867E-5 6.75486E-4 1.05204E-3 2.64203E-3 1.92155E-3 5.2523E-3 8.34435E-3 1.17954E-2 4.0054E-3 6.12922E-4 5.67044E-4 2.66504E-3 1.7781E-3 2.54055E-3 5.69995E-4 1.82047E-3 2.58469E-3
3.44357E-2 2.71759E-2 1.80278E-2 1.5722E-2 1.09029E-2 1.07039E-2 1.02942E-2 1.2462E-2 1.72232E-2 1.66231E-2 1.19231E-2 1.03952E-2 2.21597E-2 1.69522E-2 2.23342E-2 5.82557E-2 5.8417E-2 2.65854E-2 2.05991E-2 4.76872E-2 2.17006E-2 4.0701E-2 6.6697E-2 1.96036E-2 3.98892E-3 1.01157E-3 1.80173E-3 2.59585E-3 3.10217E-3 4.98584E-4 1.35916E-3 5.80028E-3 6.95164E-4 9.35511E-4 2.98769E-4 1.86469E-4 5.60093E-4 6.75634E-4 3.0257E-3 1.58747E-2 8.31608E-3 3.44875E-3 1.36939E-3 9.83932E-4 1.67393E-4 6.91772E-4 1.4372E-3 5.87755E-4 4.68301E-4 1.31373E-3 3.25499E-3 1.10747E-2 8.37563E-3 8.09366E-3 8.82271E-3 8.07479E-3 3.67595E-3 8.43444E-4 9.67905E-4 1.48053E-3 3.82043E-3
1.56186E-2 3.41192E-2 4.61525E-2 3.22625E-2 1.32519E-2 3.04665E-2 3.47067E-2 2.11427E-2 3.34661E-2 4.09409E-2 2.19364E-2 4.25505E-2 5.09421E-2 3.06671E-2 4.55314E-2 5.47085E-2 6.9645E-2 2.93449E-2 3.02387E-2 6.62373E-2 3.91721E-2 8.45566E-2 3.75259E-2 3.48349E-2 8.9111E-3 6.92785E-3 1.40526E-2 1.52765E-2 6.93806E-3 2.09091E-3 1.06202E-2 8.49737E-3 3.07561E-3 1.49178E-2 8.60904E-3 2.97078E-3 1.04838E-3 1.43265E-3 4.61595E-3 1.52201E-2 3.44302E-2 7.62831E-3 1.53291E-3 4.8983E-3 1.51913E-3 7.03806E-5 6.96269E-5 6.72741E-4 2.7493E-3 5.76484E-3 7.68622E-3 9.61814E-3 2.16187E-2 1.14772E-2 3.50003E-3 3.27826E-3 2.9391E-3 5.60251E-4 1.99549E-3 3.18632E-3 5.00931E-3
4.26568E-2 4.68293E-2 8.95046E-2 4.98687E-2 3.19766E-2 1.99189E-2 3.7828E-2 6.1879E-2 5.87551E-2 7.70378E-2 4.19451E-2 8.28044E-2 6.33992E-2 3.53105E-2 3.95152E-2 5.52012E-2 7.48575E-2 8.57131E-2 7.89389E-2 6.12032E-2 1.09939E-1 9.10351E-2 3.04369E-2 1.43327E-2 1.17322E-2 2.35839E-2 5.55181E-2 2.44591E-2 3.38966E-2 1.2447E-2 4.65675E-2 1.37323E-2 7.22022E-3 3.03441E-2 1.52613E-2 4.14647E-3 2.64124E-3 5.24014E-3 1.19906E-2 1.16132E-2 5.0611E-2 1.78582E-2 1.18985E-2 1.01732E-2 1.40173E-3 9.9298E-4 3.35308E-4 4.01961E-4 3.15652E-3 1.39699E-3 1.7246E-3 5.8196E-3 3.09925E-2 5.21327E-3 1.29318E-3 6.87828E-4 6.8036E-4 5.94637E-4 2.40161E-4 4.82354E-4 1.477E-3
6.31753E-2 1.0648E-1 1.00491E-1 7.87437E-2 5.98294E-2 2.31214E-2 2.02829E-2 4.05969E-2 6.82787E-2 8.68949E-2 1.07735E-1 1.12885E-1 4.57059E-2 2.15767E-2 1.81266E-2 3.50377E-2 3.84979E-2 4.75443E-2 8.4866E-2 1.18797E-1 1.3777E-1 5.10377E-2 2.34687E-2 1.21938E-2 4.20424E-2 2.57755E-2 7.30945E-2 4.25315E-2 7.28139E-2 5.36363E-2 7.69274E-2 3.74346E-2 2.71503E-2 6.27216E-2 3.04506E-2 9.18132E-3 1.41605E-2 1.4428E-2 4.54381E-2 2.53079E-2 7.89518E-2 3.4726E-2 3.25006E-2 6.47921E-3 2.32E-3 4.12192E-3 1.13001E-3 4.53527E-4 1.21546E-3 1.07814E-3 3.31182E-3 1.35013E-2 3.51823E-2 1.30515E-2 3.04873E-3 1.11939E-3 2.18257E-4 2.23861E-4 4.65918E-4 9.90774E-4 9.62811E-4
1.37427E-1 1.39988E-1 8.37903E-2 5.89104E-2 3.69292E-2 6.51392E-2 4.20894E-2 2.64977E-2 2.92795E-2 7.42322E-2 1.18068E-1 9.7244E-2 3.67794E-2 3.28617E-2 2.09691E-2 2.12568E-2 5.88709E-2 3.53241E-2 3.44794E-2 5.08306E-2 9.28387E-2 1.45552E-1 4.4503E-2 4.32774E-2 5.91865E-2 1.09558E-1 6.59594E-2 8.53453E-2 1.29561E-1 1.19733E-1 9.41768E-2 4.52262E-2 7.44154E-2 7.77896E-2 2.17248E-2 4.02532E-2 3.56024E-2 6.87458E-2 5.42924E-2 5.86031E-2 1.0244E-1 5.99336E-2 1.40195E-2 7.62789E-3 2.22318E-2 2.97364E-3 1.97927E-3 1.63162E-3 4.94875E-3 2.89115E-3 7.02978E-3 1.06538E-2 4.37241E-2 1.81676E-2 4.40936E-3 2.07159E-3 1.3032E-3 1.21084E-3 4.05928E-4 8.42865E-4 2.12503E-3
1.64929E-1 1.45151E-1 1.22294E-1 8.26778E-2 6.13371E-2 1.05415E-1 4.95748E-2 9.32354E-2 7.84787E-2 6.05138E-2 1.10153E-1 1.58817E-1 8.14486E-2 6.27E-2 2.97409E-2 3.82298E-2 4.28071E-2 6.38565E-2 5.18691E-2 1.19089E-1 1.1576E-1 1.76373E-1 9.02947E-2 6.47093E-2 1.52847E-1 1.11502E-1 7.818E-2 1.32694E-1 1.21859E-1 1.36971E-1 1.55906E-1 9.7849E-2 1.28347E-1 1.01466E-1 5.89759E-2 9.36697E-2 9.34062E-2 1.11831E-1 8.17758E-2 1.41212E-1 6.84768E-2 5.03343E-2 8.87673E-2 7.01545E-2 2.5879E-2 7.75749E-3 1.65541E-2 9.60926E-3 3.27882E-2 1.01006E-2 1.066E-2 4.4021E-2 8.71828E-2 2.60371E-2 1.0416E-2 2.04608E-3 4.17158E-3 5.70507E-3 2.1228E-3 6.01173E-4 2.10863E-3
1.48668E-1 1.21102E-1 1.05656E-1 8.50761E-2 1.2551E-1 1.16418E-1 1.03375E-1 1.24952E-1 6.50377E-2 7.0665E-2 1.04258E-1 1.41603E-1 1.91978E-1 1.10899E-1 9.39542E-2 9.20911E-2 8.74712E-2 1.0147E-1 6.22258E-2 7.55263E-2 6.60874E-2 7.989E-2 1.7391E-1 1.56679E-1 1.51171E-1 7.15353E-2 5.2156E-2 1.28062E-1 1.75302E-1 1.82165E-1 1.79531E-1 1.5845E-1 1.61506E-1 1.69211E-1 1.72759E-1 1.73122E-1 1.5698E-1 1.61543E-1 1.17441E-1 1.45908E-1 1.66192E-1 1.38433E-1 1.01492E-1 4.94179E-2 2.62131E-2 3.41797E-2 4.86555E-2 2.55497E-2 8.25889E-2 2.76964E-2 3.55271E-2 7.96235E-2 7.77259E-2 1.59531E-2 5.75555E-3 1.13354E-2 2.97098E-2 1.50963E-2 1.2914E-2 2.10401E-3 2.47809E-3
1.60322E-1 1.00531E-1 7.98575E-2 1.1681E-1 1.70979E-1 1.01246E-1 1.54035E-1 1.03015E-1 1.10579E-1 1.56317E-1 1.73537E-1 1.54568E-1 1.92168E-1 2.22078E-1 1.81459E-1 1.62873E-1 7.82539E-2 5.4272E-2 6.38484E-2 4.09562E-2 1.09415E-1 1.61451E-1 1.90166E-1 1.63336E-1 1.17881E-1 1.05339E-1 7.91968E-2 7.2438E-2 1.29364E-1 1.89142E-1 2.2413E-1 2.20059E-1 2.03508E-1 1.92373E-1 1.86226E-1 2.21813E-1 2.06145E-1 2.06336E-1 1.52325E-1 1.15764E-1 1.71372E-1 2.2804E-1 1.55732E-1 1.0157E-1 5.43855E-2 1.16482E-1 1.01099E-1 7.56235E-2 1.12885E-1 3.50388E-2 3.79124E-2 9.46031E-2 9.50674E-2 3.58572E-2 2.3991E-2 4.86717E-2 6.06864E-2 4.22617E-2 1.12373E-2 4.94558E-3 8.9087E-3
