Artocarpus heterophyllus SDM files/Last interglacial/results (without bias file)/Arthet_8.asc
ncols         625
nrows         721
xllcorner     69.99986311115
yllcorner     5.99986151914999
cellsize      0.041666667
NODATA_value  -9999
[rows 351 to 377 of 721, columns 366 to 426 of 625]
2.31574E-1 1.81214E-1 1.88799E-1 1.93521E-1 2.09044E-1 2.46182E-1 3.17586E-1 3.23633E-1 3.04136E-1 3.16471E-1 3.14727E-1 2.9136E-1 3.0027E-1 2.76501E-1 2.79792E-1 3.08485E-1 2.89602E-1 2.85244E-1 2.4958E-1 3.08536E-1 3.42194E-1 3.57504E-1 3.43429E-1 3.63181E-1 3.33325E-1 3.49297E-1 3.67387E-1 3.45322E-1 3.67753E-1 3.92873E-1 4.55594E-1 4.8501E-1 5.3E-1 4.66541E-1 4.9268E-1 4.26738E-1 4.09488E-1 4.18588E-1 4.13087E-1 4.29203E-1 4.32921E-1 4.31937E-1 -9999 -9999 -9999 -9999 -9999 -9999 -9999 -9999 -9999 -9999 -9999 -9999 -9999 -9999 -9999 -9999 -9999 -9999 -9999
3.25516E-1 1.98938E-1 1.91238E-1 1.84017E-1 2.29277E-1 2.18484E-1 2.17904E-1 2.05676E-1 2.99281E-1 3.00741E-1 2.68847E-1 2.52944E-1 2.67102E-1 2.63158E-1 2.64027E-1 2.61985E-1 2.79893E-1 3.06652E-1 2.70002E-1 2.67952E-1 3.23214E-1 3.59412E-1 3.51138E-1 3.2649E-1 2.91089E-1 3.56819E-1 3.87533E-1 4.156E-1 4.36727E-1 4.04458E-1 4.05913E-1 4.30332E-1 4.31751E-1 4.04406E-1 4.42582E-1 4.24957E-1 4.21492E-1 4.08289E-1 4.20083E-1 4.35511E-1 4.36464E-1 -9999 -9999 -9999 -9999 -9999 -9999 -9999 -9999 -9999 -9999 -9999 -9999 -9999 -9999 -9999 -9999 -9999 -9999 -9999 -9999
2.1876E-1 2.01076E-1 2.09933E-1 2.11897E-1 2.44503E-1 2.94077E-1 2.4189E-1 2.37448E-1 2.62429E-1 2.89231E-1 2.55819E-1 2.59406E-1 2.70563E-1 2.9032E-1 2.87562E-1 2.95685E-1 2.88407E-1 2.63897E-1 2.61855E-1 2.5203E-1 2.93491E-1 3.59235E-1 3.49168E-1 3.86049E-1 3.10374E-1 3.27636E-1 3.99222E-1 4.14687E-1 3.52495E-1 3.65384E-1 3.75811E-1 3.79812E-1 3.80318E-1 4.03328E-1 4.14281E-1 4.29305E-1 4.35838E-1 4.31199E-1 4.40746E-1 4.39588E-1 4.16545E-1 -9999 -9999 -9999 -9999 -9999 -9999 -9999 -9999 -9999 -9999 -9999 -9999 -9999 -9999 -9999 -9999 -9999 -9999 -9999 -9999
2.14206E-1 2.40631E-1 2.0821E-1 2.06147E-1 2.26824E-1 2.28631E-1 2.98532E-1 2.92924E-1 3.00098E-1 3.7718E-1 3.57694E-1 3.0525E-1 2.70827E-1 2.70996E-1 2.77178E-1 2.90677E-1 3.17392E-1 3.19778E-1 3.07715E-1 2.83226E-1 2.79328E-1 3.33985E-1 3.24178E-1 3.8064E-1 4.22258E-1 3.40814E-1 3.58091E-1 3.69378E-1 3.57658E-1 3.64444E-1 3.7885E-1 3.97667E-1 3.93925E-1 4.10716E-1 4.24041E-1 4.24637E-1 4.23005E-1 4.4307E-1 4.4605E-1 4.41391E-1 -9999 -9999 -9999 -9999 -9999 -9999 -9999 -9999 -9999 -9999 -9999 -9999 -9999 -9999 -9999 -9999 -9999 -9999 -9999 -9999 -9999
1.96778E-1 2.20447E-1 2.34781E-1 2.21307E-1 2.1518E-1 2.38601E-1 2.17373E-1 1.9094E-1 2.25486E-1 3.32119E-1 3.98099E-1 3.40734E-1 2.67917E-1 2.64652E-1 2.69554E-1 2.77178E-1 3.10797E-1 2.98957E-1 3.04087E-1 3.16112E-1 2.92352E-1 2.94838E-1 3.06142E-1 3.62727E-1 4.02438E-1 3.35816E-1 3.59654E-1 3.65692E-1 3.54962E-1 3.67163E-1 3.7699E-1 3.80726E-1 3.95274E-1 4.14999E-1 4.22363E-1 4.21694E-1 4.27482E-1 4.38974E-1 4.21398E-1 -9999 -9999 -9999 -9999 -9999 -9999 -9999 -9999 -9999 -9999 -9999 -9999 -9999 -9999 -9999 -9999 -9999 -9999 -9999 -9999 -9999 -9999
2.12878E-1 2.03008E-1 1.99545E-1 2.29015E-1 2.08884E-1 2.44281E-1 2.2751E-1 2.13801E-1 2.08071E-1 2.75109E-1 3.47956E-1 4.15419E-1 2.88102E-1 2.73473E-1 2.59618E-1 2.72762E-1 2.61061E-1 2.69432E-1 2.86807E-1 2.89552E-1 2.9579E-1 3.00677E-1 3.06334E-1 3.32E-1 3.39744E-1 3.50052E-1 3.65172E-1 3.53454E-1 3.70092E-1 3.80545E-1 3.95552E-1 3.8799E-1 4.02271E-1 4.20401E-1 4.16101E-1 4.24832E-1 4.39661E-1 4.18996E-1 4.24108E-1 -9999 -9999 -9999 -9999 -9999 -9999 -9999 -9999 -9999 -9999 -9999 -9999 -9999 -9999 -9999 -9999 -9999 -9999 -9999 -9999 -9999 -9999
1.99416E-1 2.07862E-1 2.08921E-1 2.19423E-1 2.24678E-1 1.9988E-1 2.3351E-1 2.52402E-1 2.23157E-1 3.03688E-1 3.22637E-1 3.67947E-1 3.68273E-1 3.12314E-1 2.56469E-1 2.55611E-1 2.50064E-1 2.55783E-1 2.668E-1 2.80099E-1 2.93756E-1 2.87391E-1 2.99017E-1 3.24933E-1 3.45994E-1 3.45657E-1 3.61523E-1 3.60573E-1 3.75166E-1 3.93264E-1 4.04613E-1 3.99045E-1 4.20127E-1 4.21631E-1 4.31731E-1 4.36961E-1 4.20354E-1 4.24173E-1 -9999 -9999 -9999 -9999 -9999 -9999 -9999 -9999 -9999 -9999 -9999 -9999 -9999 -9999 -9999 -9999 -9999 -9999 -9999 -9999 -9999 -9999 -9999
2.00504E-1 2.00617E-1 2.05895E-1 2.16526E-1 2.08547E-1 1.94551E-1 2.13546E-1 2.22118E-1 2.36302E-1 2.90615E-1 3.02229E-1 3.10207E-1 3.6918E-1 3.95283E-1 3.35587E-1 2.74024E-1 2.77376E-1 2.5926E-1 2.80604E-1 3.22924E-1 3.19307E-1 3.21784E-1 3.07809E-1 3.31454E-1 3.47806E-1 3.64301E-1 3.45768E-1 3.5951E-1 3.8082E-1 3.9061E-1 3.94034E-1 4.09864E-1 4.22215E-1 4.27114E-1 4.39952E-1 4.20594E-1 4.29763E-1 4.3333E-1 3.80374E-1 -9999 -9999 -9999 -9999 -9999 -9999 -9999 -9999 -9999 -9999 -9999 -9999 -9999 -9999 -9999 -9999 -9999 -9999 -9999 -9999 -9999 -9999
2.27429E-1 2.34101E-1 2.2796E-1 2.47618E-1 2.1838E-1 2.25707E-1 1.96288E-1 2.11121E-1 2.3639E-1 2.64462E-1 2.6018E-1 2.63147E-1 2.85047E-1 2.94837E-1 3.40907E-1 4.03177E-1 3.6969E-1 3.12524E-1 2.95231E-1 3.16751E-1 3.10392E-1 3.0969E-1 3.12975E-1 3.33507E-1 3.46018E-1 3.63265E-1 3.50745E-1 3.65073E-1 3.78894E-1 4.04271E-1 4.00046E-1 4.11081E-1 4.22297E-1 4.24266E-1 4.35947E-1 4.16516E-1 4.38518E-1 4.37408E-1 3.84729E-1 -9999 -9999 -9999 -9999 -9999 -9999 -9999 -9999 -9999 -9999 -9999 -9999 -9999 -9999 -9999 -9999 -9999 -9999 -9999 -9999 -9999 -9999
1.96966E-1 2.14191E-1 2.2207E-1 2.7111E-1 2.44794E-1 2.94959E-1 2.38552E-1 2.16643E-1 2.27643E-1 2.48898E-1 2.42315E-1 2.50386E-1 2.85345E-1 3.19428E-1 3.1408E-1 3.0395E-1 3.25736E-1 3.10212E-1 2.94128E-1 3.09627E-1 3.40136E-1 3.43821E-1 3.21309E-1 3.37575E-1 3.52155E-1 3.68389E-1 3.55405E-1 3.69439E-1 3.83218E-1 3.88435E-1 4.01948E-1 4.23601E-1 4.17934E-1 4.27934E-1 4.14549E-1 4.25698E-1 4.35379E-1 3.90612E-1 3.93848E-1 -9999 -9999 -9999 -9999 -9999 -9999 -9999 -9999 -9999 -9999 -9999 -9999 -9999 -9999 -9999 -9999 -9999 -9999 -9999 -9999 -9999 -9999
1.96769E-1 2.07436E-1 2.21654E-1 2.3033E-1 2.18601E-1 2.44959E-1 2.44436E-1 2.71515E-1 2.45781E-1 2.39063E-1 2.48741E-1 2.46342E-1 2.60373E-1 2.56457E-1 2.74104E-1 2.84808E-1 3.01901E-1 3.09031E-1 3.09589E-1 3.07692E-1 3.26584E-1 3.36183E-1 3.32106E-1 3.46106E-1 3.61706E-1 3.77288E-1 3.58592E-1 3.7046E-1 3.8959E-1 3.86028E-1 4.04353E-1 4.24259E-1 4.19452E-1 4.42523E-1 4.19195E-1 4.24032E-1 3.84132E-1 3.92597E-1 3.07492E-1 3.09719E-1 -9999 -9999 -9999 -9999 -9999 -9999 -9999 -9999 -9999 -9999 -9999 -9999 -9999 -9999 -9999 -9999 -9999 -9999 -9999 -9999 -9999
2.03906E-1 2.10699E-1 2.1737E-1 2.1016E-1 2.08616E-1 2.16621E-1 2.06096E-1 2.30966E-1 2.33119E-1 2.38287E-1 2.58949E-1 2.45715E-1 2.63723E-1 2.60906E-1 2.74349E-1 3.05588E-1 3.38635E-1 3.15378E-1 3.44851E-1 3.18473E-1 3.28629E-1 3.43906E-1 3.3692E-1 3.50506E-1 3.6436E-1 3.8109E-1 3.65247E-1 3.7652E-1 3.9258E-1 3.88841E-1 3.99192E-1 4.01011E-1 4.15237E-1 4.35752E-1 4.19175E-1 4.31879E-1 3.88307E-1 4.00263E-1 3.0987E-1 3.1581E-1 2.12256E-1 -9999 -9999 -9999 -9999 -9999 -9999 -9999 -9999 -9999 -9999 -9999 -9999 -9999 -9999 -9999 -9999 -9999 -9999 -9999 -9999
1.92083E-1 2.08237E-1 2.22858E-1 2.41627E-1 2.61424E-1 2.50786E-1 2.12466E-1 2.33721E-1 2.22007E-1 2.28328E-1 2.42487E-1 2.54918E-1 2.54957E-1 2.67847E-1 2.61969E-1 2.85458E-1 3.04944E-1 3.03955E-1 3.07819E-1 3.13702E-1 3.20829E-1 3.25443E-1 3.40454E-1 3.5546E-1 3.70265E-1 3.69056E-1 3.61017E-1 3.74449E-1 3.80222E-1 3.8657E-1 3.98334E-1 4.03347E-1 4.21027E-1 4.0241E-1 4.19565E-1 3.75615E-1 3.83957E-1 3.03773E-1 3.11829E-1 2.16858E-1 2.17214E-1 -9999 -9999 -9999 -9999 -9999 -9999 -9999 -9999 -9999 -9999 -9999 -9999 -9999 -9999 -9999 -9999 -9999 -9999 -9999 -9999
2.08664E-1 2.12123E-1 2.23648E-1 2.32398E-1 2.42406E-1 2.77171E-1 2.62918E-1 2.67417E-1 2.80076E-1 2.45354E-1 2.64166E-1 2.54807E-1 2.89404E-1 2.83407E-1 2.56716E-1 2.67888E-1 2.79963E-1 2.98718E-1 3.07629E-1 3.08744E-1 3.25905E-1 3.26185E-1 3.42737E-1 3.56951E-1 3.7284E-1 3.5706E-1 3.68157E-1 3.80406E-1 3.83572E-1 3.99483E-1 4.18293E-1 4.05655E-1 4.19081E-1 4.05585E-1 4.20595E-1 3.81626E-1 2.98133E-1 3.10792E-1 2.17399E-1 2.18189E-1 1.49277E-1 1.47425E-1 -9999 -9999 -9999 -9999 -9999 -9999 -9999 -9999 -9999 -9999 -9999 -9999 -9999 -9999 -9999 -9999 -9999 -9999 -9999
2.13151E-1 2.02457E-1 2.13109E-1 2.16129E-1 2.27963E-1 2.3874E-1 2.55857E-1 2.64375E-1 2.44757E-1 2.5067E-1 2.60556E-1 2.52593E-1 2.78321E-1 3.15582E-1 2.88258E-1 2.75675E-1 2.78228E-1 2.96582E-1 3.09744E-1 3.16146E-1 3.16643E-1 3.27242E-1 3.46152E-1 3.6242E-1 3.79864E-1 3.5632E-1 3.68165E-1 3.85462E-1 3.87475E-1 3.99256E-1 4.19487E-1 4.10459E-1 4.26536E-1 4.10436E-1 4.19588E-1 3.79005E-1 2.95969E-1 3.07415E-1 2.15824E-1 2.18615E-1 1.49789E-1 1.4909E-1 -9999 -9999 -9999 -9999 -9999 -9999 -9999 -9999 -9999 -9999 -9999 -9999 -9999 -9999 -9999 -9999 -9999 -9999 -9999
2.0775E-1 2.30613E-1 2.32198E-1 2.24753E-1 2.24945E-1 2.21052E-1 2.39348E-1 2.59749E-1 2.40237E-1 2.70173E-1 3.00458E-1 2.62788E-1 2.55837E-1 2.697E-1 2.75833E-1 2.85373E-1 2.83622E-1 3.0684E-1 3.64936E-1 3.2883E-1 3.35177E-1 3.3588E-1 3.50488E-1 3.63138E-1 3.57894E-1 3.55141E-1 3.73464E-1 3.68726E-1 3.9133E-1 4.03332E-1 4.18601E-1 4.17021E-1 3.9858E-1 4.13437E-1 3.74246E-1 3.82809E-1 2.99064E-1 2.07529E-1 2.10704E-1 1.44657E-1 1.46786E-1 1.00665E-1 -9999 -9999 -9999 -9999 -9999 -9999 -9999 -9999 -9999 -9999 -9999 -9999 -9999 -9999 -9999 -9999 -9999 -9999 -9999
2.31147E-1 2.40637E-1 2.32064E-1 2.33124E-1 2.44361E-1 2.43257E-1 2.3877E-1 2.47084E-1 2.53665E-1 2.48389E-1 2.69911E-1 2.7074E-1 2.6102E-1 2.7163E-1 3.19646E-1 3.32022E-1 3.0698E-1 3.01762E-1 3.1243E-1 3.3376E-1 3.2749E-1 3.48391E-1 3.49381E-1 3.70552E-1 3.83104E-1 3.5987E-1 3.78423E-1 3.89543E-1 3.89856E-1 4.06421E-1 4.0687E-1 4.16905E-1 4.0231E-1 4.17678E-1 3.78679E-1 3.85891E-1 3.00441E-1 2.09629E-1 2.18428E-1 1.47269E-1 9.75933E-2 1.00901E-1 6.65033E-2 -9999 -9999 -9999 -9999 -9999 -9999 -9999 -9999 -9999 -9999 -9999 -9999 -9999 -9999 -9999 -9999 -9999 -9999
2.4048E-1 2.3451E-1 2.50713E-1 2.57819E-1 2.48451E-1 2.45956E-1 2.53716E-1 2.74167E-1 2.59847E-1 2.81146E-1 2.92607E-1 3.13257E-1 3.70737E-1 3.53561E-1 3.26476E-1 3.25855E-1 3.27298E-1 3.30514E-1 3.54627E-1 3.72378E-1 3.9114E-1 3.51341E-1 3.68302E-1 3.7964E-1 3.75353E-1 3.70467E-1 3.87063E-1 4.01946E-1 4.02989E-1 4.12669E-1 4.13818E-1 4.21562E-1 4.07506E-1 4.22105E-1 3.71122E-1 2.93868E-1 3.00691E-1 2.1165E-1 1.45223E-1 1.46968E-1 1.0077E-1 6.72735E-2 6.77893E-2 6.82906E-2 -9999 -9999 -9999 -9999 -9999 -9999 -9999 -9999 -9999 -9999 -9999 -9999 -9999 -9999 -9999 -9999 -9999
2.35319E-1 2.35589E-1 2.50207E-1 3.06623E-1 3.06917E-1 2.71725E-1 2.55773E-1 2.69693E-1 2.88112E-1 2.93509E-1 3.18317E-1 3.53826E-1 3.28367E-1 3.57834E-1 3.78826E-1 3.81762E-1 3.37858E-1 3.62833E-1 3.39506E-1 3.26577E-1 3.49346E-1 3.62449E-1 3.70484E-1 4.0387E-1 3.91196E-1 3.71039E-1 3.92308E-1 4.04012E-1 4.08638E-1 4.02669E-1 4.17865E-1 4.27762E-1 4.10474E-1 3.71488E-1 3.74985E-1 2.96903E-1 2.05764E-1 2.13288E-1 1.45418E-1 9.95691E-2 1.02064E-1 1.02864E-1 6.62553E-2 -9999 -9999 -9999 -9999 -9999 -9999 -9999 -9999 -9999 -9999 -9999 -9999 -9999 -9999 -9999 -9999 -9999 -9999
2.5091E-1 2.45428E-1 2.39372E-1 2.42238E-1 2.65488E-1 2.9509E-1 3.0302E-1 2.86044E-1 2.88338E-1 2.79264E-1 3.04586E-1 2.98187E-1 3.06326E-1 3.04743E-1 3.30242E-1 3.39529E-1 3.40636E-1 3.69838E-1 3.57318E-1 3.42196E-1 3.53539E-1 3.67305E-1 3.7773E-1 3.94079E-1 3.71092E-1 3.76886E-1 3.96904E-1 3.92303E-1 4.10107E-1 4.03979E-1 4.25847E-1 4.09771E-1 4.15374E-1 3.75858E-1 3.82533E-1 2.98702E-1 2.07776E-1 2.15232E-1 1.47337E-1 9.91756E-2 9.94343E-2 -9999 -9999 -9999 -9999 -9999 -9999 -9999 -9999 -9999 -9999 -9999 -9999 -9999 -9999 -9999 -9999 -9999 -9999 -9999 -9999
2.59739E-1 2.5787E-1 2.43379E-1 2.38495E-1 2.62355E-1 2.46523E-1 2.95713E-1 3.51835E-1 2.73102E-1 2.74767E-1 2.85393E-1 2.99418E-1 3.07029E-1 3.12883E-1 3.21463E-1 3.37205E-1 3.31572E-1 3.43693E-1 3.34866E-1 3.6647E-1 3.61961E-1 3.73679E-1 3.78739E-1 3.93668E-1 3.72818E-1 3.84275E-1 3.9959E-1 3.94785E-1 4.11787E-1 4.05447E-1 4.27403E-1 4.1407E-1 4.21769E-1 3.79746E-1 3.86777E-1 3.05929E-1 2.09391E-1 1.43098E-1 1.46224E-1 9.83729E-2 -9999 -9999 -9999 -9999 -9999 -9999 -9999 -9999 -9999 -9999 -9999 -9999 -9999 -9999 -9999 -9999 -9999 -9999 -9999 -9999 -9999
3.71048E-1 3.37098E-1 2.9346E-1 3.03106E-1 2.90007E-1 2.82876E-1 2.89046E-1 2.71184E-1 2.83335E-1 2.75392E-1 2.90646E-1 3.13942E-1 3.14597E-1 3.2058E-1 3.23627E-1 3.42341E-1 3.47539E-1 3.49882E-1 3.40668E-1 3.49429E-1 3.64611E-1 3.73907E-1 3.70474E-1 3.78276E-1 3.71812E-1 3.92282E-1 3.86701E-1 3.99097E-1 4.14041E-1 4.09439E-1 3.96488E-1 4.16303E-1 3.65488E-1 3.82777E-1 3.03244E-1 2.07488E-1 2.14629E-1 2.12078E-1 -9999 -9999 -9999 -9999 -9999 -9999 -9999 -9999 -9999 -9999 -9999 -9999 -9999 -9999 -9999 -9999 -9999 -9999 -9999 -9999 -9999 -9999 -9999
3.20462E-1 3.43694E-1 3.40428E-1 3.30618E-1 3.21207E-1 3.06343E-1 3.02277E-1 3.0475E-1 3.04641E-1 3.16132E-1 2.9208E-1 3.04902E-1 2.9979E-1 3.10161E-1 3.27286E-1 3.45391E-1 3.49528E-1 3.58578E-1 3.57401E-1 3.65501E-1 3.74821E-1 3.8315E-1 3.98032E-1 3.72964E-1 3.8704E-1 3.98648E-1 3.9477E-1 4.07287E-1 4.01054E-1 4.19229E-1 4.25603E-1 4.12032E-1 3.69169E-1 3.79382E-1 3.02233E-1 3.08234E-1 2.09391E-1 1.46418E-1 -9999 -9999 -9999 -9999 -9999 -9999 -9999 -9999 -9999 -9999 -9999 -9999 -9999 -9999 -9999 -9999 -9999 -9999 -9999 -9999 -9999 -9999 -9999
2.90407E-1 2.96224E-1 3.0112E-1 2.85448E-1 2.96519E-1 2.76127E-1 2.88417E-1 2.96631E-1 2.99826E-1 2.92552E-1 2.90696E-1 2.86561E-1 3.10462E-1 3.20088E-1 3.3338E-1 3.49618E-1 3.61417E-1 3.46887E-1 3.62558E-1 3.67382E-1 3.87093E-1 3.71942E-1 3.60682E-1 3.73993E-1 3.87945E-1 3.86974E-1 3.98448E-1 4.16915E-1 4.0913E-1 4.20514E-1 4.03034E-1 3.65698E-1 3.69847E-1 2.93047E-1 2.98652E-1 2.09536E-1 1.43212E-1 1.44962E-1 -9999 -9999 -9999 -9999 -9999 -9999 -9999 -9999 -9999 -9999 -9999 -9999 -9999 -9999 -9999 -9999 -9999 -9999 -9999 -9999 -9999 -9999 -9999
2.80628E-1 2.77952E-1 2.79988E-1 2.90486E-1 3.08117E-1 2.99197E-1 2.91571E-1 2.96352E-1 3.10068E-1 3.49539E-1 3.3204E-1 3.30643E-1 3.2837E-1 3.26882E-1 3.37026E-1 3.53595E-1 3.52417E-1 3.64031E-1 3.70026E-1 3.82356E-1 3.9164E-1 3.75506E-1 3.70981E-1 3.8728E-1 3.99045E-1 3.96556E-1 4.08848E-1 4.17872E-1 4.1242E-1 4.2851E-1 4.09423E-1 3.66421E-1 3.74049E-1 2.96023E-1 3.01386E-1 2.13777E-1 1.45257E-1 1.47096E-1 -9999 -9999 -9999 -9999 -9999 -9999 -9999 -9999 -9999 -9999 -9999 -9999 -9999 -9999 -9999 -9999 -9999 -9999 -9999 -9999 -9999 -9999 -9999
2.70342E-1 2.70737E-1 2.80959E-1 2.79173E-1 2.8606E-1 2.92476E-1 2.9912E-1 3.09752E-1 3.36382E-1 3.79555E-1 3.78515E-1 3.59814E-1 3.38421E-1 3.37358E-1 3.46572E-1 3.4727E-1 3.57904E-1 3.68817E-1 3.84376E-1 3.9122E-1 3.73472E-1 3.6112E-1 3.73378E-1 3.87176E-1 3.84249E-1 3.97074E-1 4.08583E-1 4.04615E-1 4.23978E-1 4.09099E-1 4.11484E-1 3.67388E-1 3.75874E-1 2.98815E-1 2.07285E-1 2.14168E-1 1.46178E-1 9.64794E-2 -9999 -9999 -9999 -9999 -9999 -9999 -9999 -9999 -9999 -9999 -9999 -9999 -9999 -9999 -9999 -9999 -9999 -9999 -9999 -9999 -9999 -9999 -9999
2.99979E-1 2.84815E-1 2.94133E-1 3.02509E-1 3.08662E-1 3.15834E-1 3.21366E-1 3.17379E-1 3.66418E-1 4.00878E-1 3.73542E-1 3.6262E-1 3.82172E-1 3.85995E-1 3.50747E-1 3.6094E-1 3.7276E-1 3.80742E-1 3.97409E-1 4.04637E-1 3.96602E-1 3.73683E-1 3.82887E-1 3.81786E-1 3.98607E-1 4.12076E-1 4.08735E-1 4.1499E-1 4.02704E-1 4.12267E-1 3.66416E-1 3.70347E-1 2.93276E-1 2.9874E-1 2.1033E-1 2.16068E-1 1.45365E-1 -9999 -9999 -9999 -9999 -9999 -9999 -9999 -9999 -9999 -9999 -9999 -9999 -9999 -9999 -9999 -9999 -9999 -9999 -9999 -9999 -9999 -9999 -9999 -9999
