Artocarpus heterophyllus SDM files/Last interglacial/results (without bias file)/Arthet_3.asc
ncols         625
nrows         721
xllcorner     69.99986311115
yllcorner     5.99986151914999
cellsize      0.041666667
NODATA_value  -9999
[rows 378 to 404 of 721, columns 183 to 243 of 625]
2.23845E-1 2.16537E-1 2.08454E-1 2.03824E-1 2.07664E-1 2.13896E-1 2.18883E-1 2.21601E-1 2.31887E-1 2.34852E-1 2.34273E-1 2.37263E-1 2.18765E-1 2.2429E-1 2.81138E-1 2.24125E-1 2.07894E-1 2.43927E-1 2.2937E-1 2.58024E-1 2.77491E-1 2.61239E-1 2.57E-1 2.35113E-1 2.36859E-1 2.41069E-1 2.43558E-1 2.42708E-1 2.42015E-1 2.52776E-1 2.47634E-1 2.46463E-1 2.51672E-1 2.53492E-1 2.46347E-1 2.57195E-1 2.59631E-1 2.51287E-1 2.46823E-1 2.5643E-1 2.66585E-1 2.67612E-1 2.70492E-1 2.67248E-1 2.62737E-1 2.52432E-1 2.54667E-1 2.56211E-1 2.69977E-1 2.85547E-1 2.85451E-1 2.69647E-1 2.55455E-1 2.67493E-1 2.65385E-1 2.6065E-1 2.63783E-1 2.7093E-1 2.75724E-1 2.71886E-1 2.68918E-1
2.27319E-1 2.29246E-1 2.2949E-1 2.22448E-1 2.23082E-1 2.04746E-1 2.14063E-1 2.09139E-1 2.25981E-1 2.27681E-1 2.25839E-1 2.25929E-1 2.11819E-1 2.27927E-1 2.29901E-1 2.33632E-1 2.14951E-1 2.50547E-1 2.3436E-1 2.50494E-1 2.60529E-1 2.59154E-1 2.74386E-1 2.76982E-1 2.39745E-1 2.36814E-1 2.43218E-1 2.38417E-1 2.43668E-1 2.52666E-1 2.38754E-1 2.43237E-1 2.49166E-1 2.48208E-1 2.51917E-1 2.53896E-1 2.49698E-1 2.61144E-1 2.54977E-1 2.47189E-1 2.76674E-1 2.68678E-1 2.61847E-1 2.67123E-1 2.69522E-1 2.5792E-1 2.52488E-1 2.57111E-1 2.5405E-1 2.66883E-1 2.86064E-1 2.65349E-1 2.61613E-1 2.67739E-1 2.60682E-1 2.67172E-1 2.59211E-1 2.71301E-1 2.74118E-1 2.75381E-1 2.71533E-1
2.10533E-1 2.17916E-1 2.26933E-1 2.37111E-1 2.38442E-1 2.13921E-1 2.07919E-1 2.09562E-1 2.1124E-1 2.19347E-1 2.22067E-1 2.28321E-1 2.17204E-1 2.31629E-1 2.71655E-1 2.20412E-1 2.12927E-1 2.75584E-1 2.8346E-1 2.11866E-1 2.42285E-1 2.54271E-1 2.71456E-1 2.82999E-1 2.66467E-1 2.50669E-1 2.30455E-1 2.34758E-1 2.49096E-1 2.41503E-1 2.37574E-1 2.37034E-1 2.44744E-1 2.46058E-1 2.5502E-1 2.52132E-1 2.51753E-1 2.64662E-1 2.5297E-1 2.46636E-1 2.50269E-1 2.71367E-1 2.57143E-1 2.70467E-1 2.715E-1 2.80426E-1 2.71475E-1 2.54265E-1 2.40911E-1 2.55059E-1 2.8008E-1 2.71414E-1 2.59428E-1 2.74399E-1 2.57428E-1 2.60782E-1 2.65957E-1 2.72181E-1 2.69924E-1 2.75029E-1 2.75914E-1
2.1046E-1 2.09345E-1 2.14144E-1 2.21507E-1 2.23814E-1 2.34573E-1 2.23799E-1 2.12535E-1 2.12512E-1 2.17988E-1 2.13859E-1 2.17232E-1 2.17868E-1 2.27524E-1 2.40153E-1 2.22898E-1 2.16855E-1 2.76554E-1 2.76909E-1 2.5E-1 2.37874E-1 2.64168E-1 2.7717E-1 2.57468E-1 2.57775E-1 2.85154E-1 2.60465E-1 2.42221E-1 2.35661E-1 2.38355E-1 2.40281E-1 2.38386E-1 2.41174E-1 2.44744E-1 2.50204E-1 2.55604E-1 2.65532E-1 2.64024E-1 2.56932E-1 2.44493E-1 2.51424E-1 2.71814E-1 2.55514E-1 2.56855E-1 2.71823E-1 2.88406E-1 3.0839E-1 2.58583E-1 2.38029E-1 2.52544E-1 2.6843E-1 2.71466E-1 2.66373E-1 2.76235E-1 2.54848E-1 2.68769E-1 2.65357E-1 2.67621E-1 2.71825E-1 2.71599E-1 2.78017E-1
2.41493E-1 2.11019E-1 2.11431E-1 2.45077E-1 2.1457E-1 2.18148E-1 2.27569E-1 2.601E-1 2.25603E-1 2.26623E-1 2.16868E-1 2.19128E-1 2.1661E-1 2.14806E-1 2.29184E-1 2.31023E-1 2.16219E-1 2.62615E-1 2.72884E-1 2.47273E-1 2.40583E-1 2.46994E-1 2.51381E-1 2.57478E-1 2.68567E-1 2.77303E-1 2.52278E-1 2.48598E-1 2.43586E-1 2.43037E-1 2.40169E-1 2.36938E-1 2.38045E-1 2.43383E-1 2.4676E-1 2.55917E-1 2.6198E-1 2.54594E-1 2.54952E-1 2.43203E-1 2.63268E-1 2.68565E-1 2.68514E-1 2.50797E-1 2.73203E-1 2.83662E-1 2.97388E-1 2.59998E-1 2.37265E-1 2.45669E-1 2.61526E-1 2.63886E-1 2.70188E-1 2.71411E-1 2.66964E-1 2.67638E-1 2.55446E-1 2.67566E-1 2.74721E-1 2.78564E-1 2.74225E-1
2.41791E-1 2.45707E-1 2.49224E-1 2.16954E-1 2.15411E-1 2.13556E-1 2.14078E-1 2.16604E-1 2.19178E-1 2.19246E-1 2.21161E-1 2.25644E-1 2.12919E-1 2.48117E-1 2.27881E-1 2.37137E-1 2.45899E-1 2.4686E-1 2.76147E-1 2.6574E-1 2.43517E-1 2.33724E-1 2.47907E-1 2.76188E-1 2.78183E-1 2.64943E-1 2.42846E-1 2.41092E-1 2.36884E-1 2.45277E-1 2.36579E-1 2.39928E-1 2.40851E-1 2.3987E-1 2.41896E-1 2.51163E-1 2.55292E-1 2.5653E-1 2.46253E-1 2.47292E-1 2.58686E-1 2.65741E-1 2.68971E-1 2.52481E-1 2.54335E-1 2.77295E-1 2.78651E-1 2.66527E-1 2.44848E-1 2.45563E-1 2.60581E-1 2.69961E-1 2.60531E-1 2.68819E-1 2.76119E-1 2.73466E-1 2.54282E-1 2.71587E-1 2.87151E-1 2.83631E-1 2.88823E-1
2.66685E-1 2.74258E-1 2.42629E-1 2.48377E-1 2.09279E-1 2.51536E-1 2.18524E-1 2.46961E-1 2.13549E-1 2.20026E-1 2.45135E-1 2.15138E-1 2.51214E-1 2.14653E-1 2.69008E-1 2.64539E-1 2.45015E-1 2.48288E-1 2.69082E-1 2.65972E-1 2.48047E-1 2.34112E-1 2.43211E-1 2.73235E-1 2.77891E-1 2.82514E-1 2.50332E-1 2.40726E-1 2.39941E-1 2.40321E-1 2.37425E-1 2.32556E-1 2.4429E-1 2.40915E-1 2.42939E-1 2.4462E-1 2.58182E-1 2.6438E-1 2.44223E-1 2.4502E-1 2.54656E-1 2.68401E-1 2.69027E-1 2.4991E-1 2.46929E-1 2.52958E-1 2.58361E-1 2.59962E-1 2.62398E-1 2.54949E-1 2.73075E-1 2.63572E-1 2.66072E-1 2.67345E-1 2.80866E-1 2.7087E-1 2.67556E-1 2.74071E-1 2.79192E-1 2.83512E-1 2.83788E-1
2.68655E-1 2.68906E-1 2.54992E-1 2.41238E-1 2.45291E-1 2.25306E-1 2.61747E-1 2.60639E-1 2.55968E-1 2.57876E-1 2.09235E-1 2.05686E-1 2.48649E-1 2.50382E-1 2.83176E-1 2.54114E-1 2.37842E-1 2.4538E-1 2.72408E-1 2.54198E-1 2.43143E-1 2.40113E-1 2.38962E-1 2.55887E-1 2.66365E-1 2.84304E-1 2.70788E-1 2.38126E-1 2.38903E-1 2.44134E-1 2.46406E-1 2.2695E-1 2.34303E-1 2.3992E-1 2.44486E-1 2.45832E-1 2.58538E-1 2.53317E-1 2.45168E-1 2.42075E-1 2.57923E-1 2.6559E-1 2.71511E-1 2.61542E-1 2.46751E-1 2.45317E-1 2.47079E-1 2.47518E-1 2.62149E-1 2.62497E-1 2.65805E-1 2.62121E-1 2.72154E-1 2.64807E-1 2.72034E-1 2.66212E-1 2.74564E-1 2.73281E-1 2.77211E-1 2.82339E-1 2.7581E-1
2.70309E-1 2.53892E-1 2.523E-1 2.71964E-1 2.4858E-1 2.52312E-1 2.51396E-1 2.53207E-1 2.59841E-1 2.58939E-1 2.63874E-1 2.50908E-1 2.46633E-1 2.43508E-1 2.66869E-1 2.50931E-1 2.40985E-1 2.44379E-1 2.67102E-1 2.73853E-1 2.35934E-1 2.30563E-1 2.43714E-1 2.61239E-1 2.67943E-1 2.74616E-1 2.7658E-1 2.3908E-1 2.32685E-1 2.34007E-1 2.4411E-1 2.45479E-1 2.38363E-1 2.31703E-1 2.38192E-1 2.45017E-1 2.4737E-1 2.54363E-1 2.50183E-1 2.52318E-1 2.56126E-1 2.71858E-1 2.64404E-1 2.57959E-1 2.5338E-1 2.57262E-1 2.45326E-1 2.47133E-1 2.60078E-1 2.73775E-1 2.6965E-1 2.5722E-1 2.76604E-1 2.73333E-1 2.70278E-1 2.67027E-1 2.69283E-1 2.72506E-1 2.79342E-1 2.88384E-1 2.85159E-1
2.46284E-1 2.52765E-1 2.56422E-1 2.55141E-1 2.60727E-1 2.43272E-1 2.32421E-1 2.38618E-1 2.43755E-1 2.54894E-1 2.45333E-1 2.5379E-1 2.46673E-1 2.43677E-1 2.47542E-1 2.4883E-1 2.46514E-1 2.45173E-1 2.57894E-1 2.7177E-1 2.54759E-1 2.34592E-1 2.32169E-1 2.413E-1 2.58244E-1 2.77794E-1 2.63139E-1 2.51536E-1 2.36414E-1 2.31948E-1 2.3738E-1 2.58887E-1 2.51228E-1 2.35709E-1 2.3178E-1 2.3938E-1 2.425E-1 2.4903E-1 2.48394E-1 2.58139E-1 2.56342E-1 2.68037E-1 2.57836E-1 2.49958E-1 2.55374E-1 2.60311E-1 2.59675E-1 2.54087E-1 2.61934E-1 2.73802E-1 2.66366E-1 2.64562E-1 2.74805E-1 2.83136E-1 2.76829E-1 2.77371E-1 2.7429E-1 2.71366E-1 2.74503E-1 3.02509E-1 2.98743E-1
2.33002E-1 2.46888E-1 2.46445E-1 2.40651E-1 2.43054E-1 2.45405E-1 2.48627E-1 2.61887E-1 2.34002E-1 2.40598E-1 2.42934E-1 2.47893E-1 2.53193E-1 2.52499E-1 2.43186E-1 2.4798E-1 2.45113E-1 2.43688E-1 2.42344E-1 2.52335E-1 2.62063E-1 2.40877E-1 2.30133E-1 2.37143E-1 2.55342E-1 2.6709E-1 2.51337E-1 2.43907E-1 2.53686E-1 2.35762E-1 2.34319E-1 2.4587E-1 2.39555E-1 2.44282E-1 2.34388E-1 2.3612E-1 2.494E-1 2.48607E-1 2.45715E-1 2.42123E-1 2.46559E-1 2.64147E-1 2.52785E-1 2.56465E-1 2.56797E-1 2.68113E-1 2.58715E-1 2.57668E-1 2.55205E-1 2.66244E-1 2.72216E-1 2.77866E-1 2.82945E-1 2.81242E-1 2.76702E-1 2.87916E-1 2.75231E-1 2.6256E-1 2.80781E-1 2.90354E-1 2.95635E-1
2.26891E-1 2.31367E-1 2.4389E-1 2.38099E-1 2.54027E-1 2.37646E-1 2.71554E-1 2.93545E-1 2.64876E-1 2.2464E-1 2.26251E-1 2.37991E-1 2.5149E-1 2.70364E-1 2.45119E-1 2.34539E-1 2.47829E-1 2.46643E-1 2.33463E-1 2.38596E-1 2.41328E-1 2.34307E-1 2.35706E-1 2.38772E-1 2.47475E-1 2.47284E-1 2.48753E-1 2.45086E-1 2.46312E-1 2.42735E-1 2.43641E-1 2.36613E-1 2.33736E-1 2.41372E-1 2.41349E-1 2.46207E-1 2.49746E-1 2.51474E-1 2.41619E-1 2.44832E-1 2.51214E-1 2.50638E-1 2.61533E-1 2.57672E-1 2.56794E-1 2.71742E-1 2.61597E-1 2.56901E-1 2.4924E-1 2.61882E-1 2.67867E-1 2.77559E-1 2.78294E-1 2.78875E-1 2.76266E-1 2.797E-1 2.8664E-1 2.74065E-1 2.7878E-1 2.83423E-1 2.92547E-1
2.18083E-1 2.21573E-1 2.2984E-1 2.42478E-1 2.51628E-1 2.37646E-1 2.56636E-1 2.67283E-1 2.70325E-1 2.78378E-1 2.61059E-1 2.58971E-1 2.71592E-1 2.67821E-1 2.40724E-1 2.37709E-1 2.39458E-1 2.44306E-1 2.3594E-1 2.50744E-1 2.412E-1 2.33353E-1 2.35022E-1 2.36188E-1 2.43928E-1 2.40544E-1 2.45051E-1 2.39753E-1 2.41221E-1 2.42037E-1 2.45337E-1 2.37141E-1 2.37665E-1 2.37598E-1 2.44018E-1 2.38262E-1 2.5135E-1 2.51515E-1 2.36648E-1 2.35932E-1 2.38524E-1 2.53014E-1 2.49159E-1 2.45583E-1 2.48186E-1 2.60822E-1 2.65669E-1 2.54618E-1 2.57827E-1 2.61826E-1 2.6081E-1 2.744E-1 2.76566E-1 2.81496E-1 2.81329E-1 2.75284E-1 2.81098E-1 2.90819E-1 2.9072E-1 2.79067E-1 2.82087E-1
2.36369E-1 2.1803E-1 2.21517E-1 2.45048E-1 2.35358E-1 2.35054E-1 2.42651E-1 2.53296E-1 2.66646E-1 2.80698E-1 2.83611E-1 2.7466E-1 2.50997E-1 2.70179E-1 2.73766E-1 2.60137E-1 2.39028E-1 2.47331E-1 2.43456E-1 2.31794E-1 2.35168E-1 2.34781E-1 2.3781E-1 2.43714E-1 2.45073E-1 2.36275E-1 2.43319E-1 2.37575E-1 2.38023E-1 2.43318E-1 2.37994E-1 2.38982E-1 2.41605E-1 2.43487E-1 2.48929E-1 2.38452E-1 2.42052E-1 2.48754E-1 2.32435E-1 2.32796E-1 2.33407E-1 2.4803E-1 2.46941E-1 2.41956E-1 2.46271E-1 2.63392E-1 2.69149E-1 2.54299E-1 2.45052E-1 2.51795E-1 2.5421E-1 2.58983E-1 2.75158E-1 2.83765E-1 2.78989E-1 2.69047E-1 2.65841E-1 2.9117E-1 2.95999E-1 2.94493E-1 2.86733E-1
2.65364E-1 2.62175E-1 2.38275E-1 2.1962E-1 2.25968E-1 2.25632E-1 2.38955E-1 2.60451E-1 2.44521E-1 2.48128E-1 2.57666E-1 2.92978E-1 2.53027E-1 2.51273E-1 2.69625E-1 2.97012E-1 2.75467E-1 2.37052E-1 2.33398E-1 2.30362E-1 2.3218E-1 2.37558E-1 2.4146E-1 2.52109E-1 2.5472E-1 2.52556E-1 2.41385E-1 2.37358E-1 2.34193E-1 2.50469E-1 2.51116E-1 2.53294E-1 2.6919E-1 2.34595E-1 2.95831E-1 3.0877E-1 2.30837E-1 2.28167E-1 2.21885E-1 2.22962E-1 2.26882E-1 2.31712E-1 2.46598E-1 2.43287E-1 2.45735E-1 2.69026E-1 2.67516E-1 2.48418E-1 2.56967E-1 2.50715E-1 2.54045E-1 2.63242E-1 2.75486E-1 2.76671E-1 2.77358E-1 2.67618E-1 2.67561E-1 2.74368E-1 3.02613E-1 2.93296E-1 2.8684E-1
2.64777E-1 2.55551E-1 2.73162E-1 2.51898E-1 2.29965E-1 2.19606E-1 2.34046E-1 2.35432E-1 2.33169E-1 2.52877E-1 2.4313E-1 2.46754E-1 2.50104E-1 2.46831E-1 2.75042E-1 2.9403E-1 2.58673E-1 2.39101E-1 2.34454E-1 2.32682E-1 2.35757E-1 2.42958E-1 2.42489E-1 2.5221E-1 2.59701E-1 2.51641E-1 2.66851E-1 3.20283E-1 3.02585E-1 3.15891E-1 3.08866E-1 3.06466E-1 2.92037E-1 2.85022E-1 2.73946E-1 3.06741E-1 2.67897E-1 3.12234E-1 2.74164E-1 2.16671E-1 2.18191E-1 2.26579E-1 2.27307E-1 2.3831E-1 2.42504E-1 2.67212E-1 2.69956E-1 2.50035E-1 2.58328E-1 2.59606E-1 2.56045E-1 2.65589E-1 2.79819E-1 2.73204E-1 2.75575E-1 2.65523E-1 2.68158E-1 2.75356E-1 2.92495E-1 3.0272E-1 3.47314E-1
2.38328E-1 2.54663E-1 2.67357E-1 2.60491E-1 2.37878E-1 2.36091E-1 2.38569E-1 2.5302E-1 2.28468E-1 2.34063E-1 2.50124E-1 2.49332E-1 2.58872E-1 2.32212E-1 2.55411E-1 2.68204E-1 2.85642E-1 2.42414E-1 2.37869E-1 2.29312E-1 2.41058E-1 2.42291E-1 2.39047E-1 2.57378E-1 2.70185E-1 3.28873E-1 2.7621E-1 2.83465E-1 3.10989E-1 3.26979E-1 3.07073E-1 2.84953E-1 2.94887E-1 2.80019E-1 2.99964E-1 3.09821E-1 3.042E-1 2.91396E-1 2.62774E-1 2.65782E-1 2.27539E-1 2.27263E-1 2.21049E-1 2.28903E-1 2.38906E-1 2.57818E-1 2.68921E-1 2.41212E-1 2.57325E-1 2.55832E-1 2.65987E-1 2.67838E-1 2.77625E-1 2.84485E-1 2.69387E-1 2.69158E-1 2.67536E-1 2.78046E-1 2.74168E-1 2.89396E-1 3.51104E-1
2.73176E-1 2.85315E-1 2.51349E-1 2.62159E-1 2.47529E-1 2.4141E-1 2.81611E-1 3.05892E-1 2.55446E-1 2.48827E-1 2.46295E-1 2.43944E-1 2.46183E-1 2.33287E-1 2.48527E-1 2.75216E-1 3.50478E-1 3.15155E-1 2.43941E-1 2.31848E-1 2.69304E-1 2.8348E-1 2.45681E-1 3.23167E-1 3.31301E-1 3.07455E-1 2.77173E-1 2.97966E-1 2.90899E-1 2.74849E-1 2.98674E-1 3.08693E-1 2.74621E-1 2.77607E-1 3.14927E-1 3.18993E-1 2.93865E-1 2.96479E-1 2.76476E-1 2.53728E-1 2.72635E-1 2.60054E-1 2.80052E-1 2.28451E-1 2.27365E-1 2.79308E-1 2.56762E-1 2.55256E-1 2.64983E-1 2.6357E-1 2.60824E-1 2.62203E-1 2.60312E-1 2.72022E-1 2.73174E-1 2.76568E-1 2.78394E-1 2.79655E-1 2.77462E-1 2.88142E-1 3.32035E-1
2.7381E-1 2.74563E-1 2.78869E-1 2.91063E-1 2.7854E-1 2.40678E-1 2.46039E-1 2.89832E-1 3.04954E-1 2.52216E-1 2.62787E-1 2.30902E-1 2.36559E-1 2.51705E-1 2.43558E-1 2.63333E-1 3.36726E-1 3.16491E-1 3.12017E-1 3.16595E-1 2.82918E-1 2.72381E-1 2.85781E-1 3.04695E-1 3.15462E-1 3.25758E-1 3.17328E-1 3.03576E-1 2.7825E-1 2.73791E-1 2.64652E-1 2.75663E-1 2.77724E-1 2.79108E-1 3.11439E-1 3.12292E-1 2.83718E-1 2.79265E-1 2.92644E-1 2.5509E-1 2.49492E-1 2.31815E-1 3.16105E-1 2.9167E-1 2.57192E-1 2.58597E-1 2.43207E-1 2.5311E-1 2.68335E-1 2.6693E-1 2.57436E-1 2.47115E-1 2.97294E-1 2.65284E-1 2.72405E-1 3.15163E-1 2.87316E-1 2.80785E-1 3.20282E-1 3.02077E-1 3.43215E-1
2.64602E-1 2.63889E-1 2.73778E-1 2.8319E-1 2.78837E-1 2.82519E-1 2.48071E-1 2.85714E-1 2.81267E-1 2.8453E-1 2.58936E-1 2.79289E-1 3.02849E-1 2.82078E-1 2.41765E-1 2.87441E-1 3.27477E-1 3.00452E-1 3.11989E-1 3.25793E-1 2.872E-1 2.80684E-1 2.78773E-1 2.94171E-1 3.03449E-1 3.00961E-1 3.07766E-1 3.21391E-1 2.97733E-1 2.90022E-1 2.79162E-1 2.59683E-1 2.59743E-1 2.56231E-1 2.74383E-1 2.68563E-1 2.85779E-1 2.78085E-1 2.77726E-1 2.65431E-1 2.49805E-1 2.60826E-1 3.04601E-1 2.9544E-1 2.62705E-1 2.58465E-1 2.66989E-1 2.90322E-1 2.99213E-1 2.51697E-1 2.52062E-1 2.54001E-1 2.6003E-1 3.01754E-1 2.62524E-1 3.19048E-1 3.16929E-1 3.20661E-1 3.13968E-1 3.24863E-1 3.35882E-1
2.61858E-1 2.62744E-1 2.68963E-1 2.70568E-1 2.79268E-1 2.84902E-1 2.9685E-1 2.7551E-1 2.76246E-1 2.80763E-1 2.80641E-1 2.97814E-1 3.09532E-1 3.07948E-1 3.00843E-1 2.81931E-1 2.86287E-1 2.80992E-1 2.96913E-1 3.06959E-1 3.006E-1 2.86074E-1 2.77928E-1 2.77459E-1 2.97156E-1 2.87301E-1 2.87863E-1 2.93957E-1 3.18142E-1 3.1507E-1 2.82197E-1 2.67423E-1 2.70266E-1 2.48614E-1 2.57956E-1 2.66996E-1 2.54345E-1 2.50804E-1 2.60314E-1 2.50718E-1 2.59162E-1 2.59841E-1 2.94085E-1 3.15263E-1 2.71075E-1 2.54523E-1 2.57669E-1 2.85405E-1 2.87234E-1 2.81943E-1 2.87272E-1 2.51898E-1 2.62209E-1 3.01205E-1 3.04797E-1 2.97629E-1 3.04296E-1 3.087E-1 3.14073E-1 3.2026E-1 3.29991E-1
2.57284E-1 2.61046E-1 2.70286E-1 2.76257E-1 2.74995E-1 2.90328E-1 2.8866E-1 2.74188E-1 2.80438E-1 2.82953E-1 2.94694E-1 3.19228E-1 3.12498E-1 3.24243E-1 2.956E-1 2.73939E-1 2.72302E-1 2.71178E-1 2.81016E-1 2.97605E-1 3.03471E-1 2.92175E-1 2.79966E-1 2.62498E-1 2.87115E-1 2.79579E-1 2.87438E-1 2.94508E-1 3.22004E-1 3.22588E-1 2.83306E-1 2.96427E-1 2.68507E-1 2.77779E-1 2.78714E-1 2.90648E-1 2.69977E-1 2.38254E-1 2.44107E-1 2.46763E-1 2.53239E-1 2.64214E-1 2.89026E-1 3.06997E-1 2.59297E-1 2.66743E-1 2.80561E-1 2.95019E-1 2.8379E-1 2.89467E-1 2.77179E-1 2.86116E-1 2.95875E-1 3.04042E-1 3.2264E-1 2.83266E-1 3.00123E-1 3.14301E-1 3.16101E-1 3.14731E-1 3.1226E-1
2.62819E-1 2.60957E-1 2.72632E-1 2.8197E-1 2.74688E-1 2.79661E-1 2.87488E-1 2.90545E-1 2.90128E-1 2.75496E-1 2.93083E-1 3.03244E-1 3.24092E-1 3.12247E-1 2.87608E-1 2.81181E-1 2.79016E-1 2.76222E-1 2.74744E-1 2.84079E-1 3.01064E-1 2.85575E-1 2.88251E-1 2.6536E-1 2.68124E-1 2.70909E-1 2.83391E-1 2.95856E-1 2.98951E-1 3.27118E-1 3.19391E-1 3.00268E-1 2.87677E-1 2.79607E-1 2.7153E-1 2.66187E-1 2.60894E-1 2.51362E-1 2.41343E-1 2.40481E-1 2.55873E-1 2.57911E-1 2.71413E-1 2.75759E-1 2.71121E-1 2.83597E-1 2.91284E-1 2.96903E-1 2.97974E-1 2.93791E-1 2.90285E-1 2.96404E-1 2.93337E-1 3.02649E-1 3.16548E-1 3.03149E-1 3.10168E-1 3.10709E-1 3.15905E-1 3.27377E-1 3.12179E-1
2.56685E-1 2.67085E-1 2.68986E-1 2.86356E-1 2.9009E-1 2.95842E-1 2.89084E-1 2.84784E-1 3.04385E-1 2.89454E-1 2.77244E-1 2.73084E-1 2.8452E-1 3.12268E-1 3.13895E-1 2.97868E-1 2.70549E-1 2.75437E-1 2.70484E-1 2.71445E-1 2.7085E-1 2.67284E-1 2.77494E-1 2.6807E-1 2.57228E-1 2.6478E-1 2.86518E-1 3.02068E-1 3.02621E-1 3.19765E-1 3.38581E-1 3.13459E-1 2.90043E-1 2.7362E-1 2.67921E-1 2.62101E-1 2.84256E-1 2.61167E-1 2.41006E-1 2.43008E-1 2.37813E-1 2.43625E-1 2.53767E-1 2.65682E-1 2.71339E-1 2.77454E-1 2.84552E-1 2.94791E-1 2.97875E-1 3.00397E-1 3.09024E-1 3.05476E-1 3.05791E-1 2.84764E-1 3.04287E-1 3.05815E-1 3.1064E-1 3.13593E-1 3.11877E-1 3.10009E-1 3.08163E-1
2.64814E-1 2.73123E-1 2.78807E-1 2.8008E-1 2.83913E-1 2.86424E-1 2.81359E-1 2.84632E-1 3.01541E-1 3.15321E-1 2.92221E-1 2.76407E-1 2.74748E-1 2.81076E-1 2.97251E-1 3.23414E-1 3.03276E-1 2.83742E-1 2.79361E-1 2.65129E-1 2.56876E-1 2.63708E-1 2.58096E-1 2.68223E-1 2.56976E-1 2.68271E-1 2.76153E-1 3.04114E-1 3.07183E-1 2.96484E-1 3.05013E-1 3.2305E-1 3.01746E-1 2.85251E-1 2.67373E-1 2.88164E-1 2.73921E-1 2.5396E-1 2.42071E-1 2.43929E-1 2.69458E-1 2.31733E-1 2.41405E-1 2.50465E-1 2.61013E-1 2.63506E-1 2.72969E-1 2.85694E-1 2.88839E-1 3.02349E-1 3.08023E-1 3.10226E-1 3.20361E-1 2.92473E-1 3.10259E-1 2.86422E-1 3.08374E-1 2.94745E-1 2.95683E-1 2.82772E-1 2.89068E-1
2.67145E-1 2.70954E-1 2.64918E-1 2.73676E-1 2.71638E-1 2.7306E-1 2.86221E-1 2.78788E-1 2.85843E-1 3.03439E-1 3.00369E-1 2.96947E-1 2.82844E-1 2.66248E-1 2.62553E-1 2.84225E-1 3.22569E-1 2.98144E-1 2.74069E-1 2.64214E-1 2.74813E-1 2.74688E-1 2.48055E-1 2.45027E-1 2.53244E-1 2.57866E-1 2.84404E-1 3.0416E-1 2.90163E-1 2.55542E-1 2.5681E-1 2.86344E-1 3.21921E-1 3.16203E-1 2.97173E-1 3.04001E-1 2.60307E-1 2.52011E-1 2.51594E-1 2.50683E-1 2.82008E-1 2.47124E-1 2.43981E-1 2.39932E-1 2.49811E-1 2.6112E-1 2.64368E-1 2.74876E-1 2.86069E-1 2.93144E-1 2.91385E-1 3.04453E-1 3.19269E-1 3.05903E-1 3.04537E-1 3.04649E-1 3.22826E-1 3.28588E-1 3.34487E-1 2.81714E-1 2.66639E-1
3.00485E-1 2.70636E-1 3.05337E-1 2.66503E-1 2.55744E-1 2.59519E-1 2.85919E-1 2.80621E-1 2.77623E-1 2.88576E-1 2.77549E-1 2.89275E-1 2.83155E-1 2.75644E-1 2.61699E-1 2.69235E-1 2.85655E-1 3.0744E-1 3.0522E-1 2.91443E-1 2.78641E-1 2.58152E-1 2.57064E-1 2.44084E-1 2.45032E-1 2.51236E-1 2.72029E-1 2.97786E-1 2.9182E-1 2.54738E-1 2.48632E-1 2.53995E-1 2.67471E-1 3.17041E-1 2.96568E-1 3.1971E-1 2.7369E-1 2.54218E-1 2.41428E-1 2.54674E-1 2.92915E-1 2.68688E-1 2.54293E-1 2.42454E-1 2.43919E-1 2.47073E-1 2.62214E-1 2.69007E-1 2.85774E-1 2.8995E-1 3.03876E-1 3.07729E-1 3.16647E-1 3.15662E-1 2.91261E-1 3.10314E-1 3.26554E-1 3.41046E-1 3.61424E-1 3.24169E-1 2.631E-1
