Artocarpus heterophyllus SDM files/Last interglacial/results (without bias file)/Arthet_max.asc
ncols         625
nrows         721
xllcorner     69.99986311115
yllcorner     5.99986151914999
cellsize      0.041666667
NODATA_value  -9999
[rows 81 to 107 of 721, columns 244 to 304 of 625]
1.82219E-4 1.59533E-4 1.36812E-4 1.38849E-4 1.33628E-4 1.63475E-4 1.5028E-4 1.16631E-4 1.73806E-4 1.15843E-4 9.22275E-5 8.18556E-5 8.87209E-5 8.10651E-5 8.38865E-5 9.19725E-5 9.64043E-5 8.31143E-5 7.37441E-5 8.26797E-5 7.73955E-5 8.66037E-5 9.39235E-5 1.00689E-4 1.09071E-4 1.13211E-4 1.13589E-4 1.29175E-4 1.3961E-4 1.67799E-4 1.76833E-4 2.17612E-4 2.20003E-4 2.01058E-4 1.30101E-4 1.14529E-4 1.03064E-4 1.26115E-4 1.88923E-4 2.27143E-4 2.63546E-4 2.67292E-4 2.37849E-4 3.00832E-4 3.16124E-4 3.26431E-4 3.3289E-4 3.35137E-4 3.29348E-4 2.94677E-4 3.07189E-4 3.1264E-4 2.79194E-4 2.65622E-4 2.93038E-4 2.95334E-4 3.24656E-4 3.66336E-4 3.44037E-4 3.17518E-4 3.06869E-4
1.99179E-4 1.73341E-4 1.66759E-4 1.52654E-4 1.3975E-4 1.69223E-4 1.2581E-4 1.31086E-4 1.71792E-4 1.37538E-4 1.11651E-4 1.26366E-4 1.10585E-4 7.66803E-5 7.13384E-5 8.25633E-5 8.29559E-5 7.36546E-5 6.70132E-5 9.02116E-5 9.83759E-5 8.58828E-5 7.44153E-5 8.30863E-5 9.00715E-5 1.04442E-4 1.19198E-4 1.33527E-4 1.23107E-4 1.05214E-4 1.45044E-4 1.89446E-4 2.19292E-4 2.25952E-4 2.12472E-4 1.64786E-4 1.64222E-4 1.32427E-4 1.41511E-4 1.7513E-4 2.24753E-4 2.80311E-4 2.2228E-4 2.51191E-4 2.79079E-4 3.01048E-4 3.1175E-4 3.14245E-4 3.3017E-4 3.31711E-4 3.50137E-4 3.41131E-4 3.41288E-4 3.51934E-4 3.31088E-4 3.08047E-4 3.60634E-4 3.96871E-4 4.00838E-4 4.01508E-4 3.67328E-4
2.19092E-4 2.1262E-4 1.58002E-4 2.03032E-4 2.27075E-4 2.03115E-4 1.93958E-4 1.82203E-4 1.61378E-4 1.34203E-4 1.37321E-4 1.70238E-4 1.38623E-4 9.75479E-5 8.05016E-5 1.04546E-4 9.01471E-5 7.26215E-5 1.07782E-4 1.25901E-4 1.27857E-4 1.13871E-4 6.67043E-5 6.12055E-5 8.29443E-5 1.37986E-4 1.62129E-4 1.63497E-4 1.43197E-4 1.06465E-4 1.15792E-4 1.48869E-4 1.92157E-4 2.08579E-4 2.17667E-4 2.36847E-4 2.38892E-4 1.9428E-4 1.55368E-4 2.13095E-4 2.42365E-4 2.68306E-4 2.63863E-4 1.99249E-4 1.70369E-4 2.47918E-4 2.74543E-4 2.84166E-4 3.2327E-4 3.41774E-4 3.56654E-4 3.33481E-4 3.42457E-4 3.59782E-4 3.60859E-4 3.70418E-4 3.82453E-4 3.82661E-4 3.50668E-4 3.4269E-4 3.62448E-4
1.82926E-4 2.07091E-4 2.28471E-4 2.20803E-4 2.05702E-4 1.87399E-4 1.79268E-4 1.60128E-4 1.58389E-4 1.81562E-4 1.9046E-4 1.45785E-4 1.44673E-4 1.59775E-4 1.58764E-4 1.57613E-4 1.06133E-4 8.32918E-5 1.3756E-4 1.28995E-4 8.28094E-5 9.69476E-5 8.92946E-5 7.14366E-5 8.63252E-5 1.26303E-4 1.66188E-4 1.66642E-4 1.67173E-4 1.20922E-4 8.23723E-5 9.96325E-5 1.47258E-4 1.67733E-4 1.76681E-4 1.97381E-4 1.96753E-4 2.35277E-4 2.25699E-4 2.05537E-4 2.3295E-4 2.40245E-4 2.41602E-4 2.4199E-4 2.20146E-4 1.94472E-4 1.90617E-4 2.08282E-4 2.64237E-4 3.1798E-4 2.92048E-4 3.20652E-4 3.36119E-4 3.42233E-4 3.49433E-4 3.70327E-4 3.68173E-4 3.45989E-4 3.44696E-4 3.55925E-4 3.66138E-4
1.80518E-4 1.46384E-4 1.38234E-4 1.34355E-4 1.32588E-4 1.47149E-4 1.42586E-4 9.27314E-5 8.80624E-5 1.06951E-4 1.46428E-4 7.37359E-5 5.55198E-5 8.85443E-5 1.32442E-4 1.74384E-4 1.63626E-4 1.6371E-4 1.61995E-4 1.52255E-4 9.9175E-5 9.88678E-5 9.23316E-5 1.02331E-4 8.41479E-5 1.09675E-4 1.5125E-4 1.72413E-4 1.77012E-4 1.62933E-4 1.1361E-4 6.12647E-5 8.5847E-5 1.29604E-4 1.44341E-4 1.56361E-4 1.62717E-4 1.79635E-4 2.0825E-4 2.14695E-4 2.19205E-4 2.24427E-4 2.25798E-4 2.71046E-4 2.75244E-4 1.40299E-4 1.14406E-4 1.46238E-4 1.95886E-4 2.24185E-4 2.02105E-4 2.13399E-4 2.51796E-4 2.76829E-4 2.85503E-4 2.70756E-4 2.6963E-4 2.71431E-4 3.3242E-4 2.99304E-4 3.29258E-4
2.28926E-4 1.88796E-4 1.3152E-4 1.28086E-4 1.11391E-4 1.15314E-4 1.4702E-4 1.15469E-4 1.06426E-4 1.09207E-4 1.43141E-4 9.22336E-5 8.16176E-5 8.48632E-5 9.25873E-5 1.40089E-4 1.98584E-4 2.11239E-4 1.791E-4 1.92164E-4 1.76827E-4 1.44963E-4 1.19315E-4 1.25905E-4 1.28249E-4 1.33506E-4 1.24103E-4 1.61362E-4 1.74673E-4 1.52389E-4 1.51533E-4 1.19071E-4 9.14577E-5 1.30692E-4 1.29112E-4 1.23254E-4 1.28654E-4 1.42942E-4 1.98419E-4 1.97431E-4 1.84402E-4 2.24027E-4 2.64529E-4 2.92375E-4 2.99818E-4 2.64345E-4 1.62248E-4 1.21467E-4 1.3874E-4 1.17464E-4 1.42517E-4 1.94219E-4 1.9515E-4 1.98157E-4 2.34494E-4 2.05878E-4 2.46537E-4 2.14453E-4 2.82417E-4 2.40381E-4 2.14006E-4
1.67739E-4 1.78468E-4 1.74878E-4 1.75329E-4 1.59228E-4 1.72985E-4 1.50835E-4 1.18878E-4 1.12335E-4 1.14033E-4 1.25591E-4 1.3325E-4 1.3325E-4 1.40585E-4 1.5936E-4 1.69755E-4 1.54939E-4 1.46655E-4 1.44562E-4 1.36793E-4 2.0877E-4 2.05822E-4 1.83374E-4 2.07298E-4 1.89092E-4 1.81499E-4 1.39242E-4 1.19479E-4 1.47325E-4 1.38243E-4 1.44801E-4 1.37734E-4 1.28391E-4 1.42519E-4 1.60766E-4 1.46278E-4 9.77038E-5 9.43614E-5 1.41507E-4 1.87047E-4 2.07998E-4 1.8673E-4 2.32011E-4 2.61441E-4 3.08159E-4 2.94304E-4 2.9132E-4 2.81464E-4 1.68653E-4 9.61944E-5 1.13127E-4 1.31465E-4 1.40542E-4 1.62894E-4 1.89842E-4 1.67395E-4 2.13864E-4 2.07363E-4 2.47778E-4 2.15683E-4 1.43309E-4
1.39815E-4 1.46445E-4 1.03963E-4 1.6364E-4 1.79224E-4 1.9848E-4 1.82949E-4 1.54481E-4 1.34765E-4 1.1954E-4 1.31177E-4 1.4062E-4 1.30289E-4 1.75064E-4 2.04841E-4 1.51097E-4 1.03541E-4 7.08192E-5 9.3009E-5 1.46518E-4 1.8034E-4 1.82152E-4 2.05069E-4 2.16488E-4 2.13095E-4 1.96358E-4 1.72516E-4 1.32502E-4 1.04815E-4 8.62791E-5 1.13671E-4 1.20961E-4 1.27801E-4 1.38196E-4 1.50785E-4 1.50085E-4 1.84831E-4 1.49133E-4 1.40808E-4 2.11931E-4 2.35211E-4 2.37276E-4 2.62647E-4 2.60485E-4 2.6212E-4 2.82775E-4 3.25197E-4 3.29858E-4 3.1127E-4 1.82311E-4 1.12773E-4 1.15854E-4 1.15191E-4 1.40305E-4 2.27363E-4 1.95391E-4 2.06312E-4 2.3088E-4 2.48843E-4 1.73924E-4 1.51455E-4
1.11209E-4 9.62663E-5 9.63424E-5 1.24691E-4 1.56522E-4 1.74994E-4 1.95297E-4 1.48328E-4 1.20112E-4 1.294E-4 1.2033E-4 1.1553E-4 1.19894E-4 1.15514E-4 1.57627E-4 1.86427E-4 1.45066E-4 8.32026E-5 8.87783E-5 1.14697E-4 1.1867E-4 1.44427E-4 1.69489E-4 2.11841E-4 2.28821E-4 2.14157E-4 1.92462E-4 1.5595E-4 9.12494E-5 7.64048E-5 1.01568E-4 1.30071E-4 1.41159E-4 1.53652E-4 1.58596E-4 1.68224E-4 1.94942E-4 2.07106E-4 2.13561E-4 2.1654E-4 2.47282E-4 2.66159E-4 2.63627E-4 2.32785E-4 2.49932E-4 2.61262E-4 3.35772E-4 3.44881E-4 3.56013E-4 3.37977E-4 2.62527E-4 2.57869E-4 2.6776E-4 2.69976E-4 2.12407E-4 2.07164E-4 1.7818E-4 2.31792E-4 2.38301E-4 2.49223E-4 2.69498E-4
7.75179E-5 7.68815E-5 7.74741E-5 9.04549E-5 1.1439E-4 1.60868E-4 1.85761E-4 1.3313E-4 1.07499E-4 9.76292E-5 1.08458E-4 1.3285E-4 1.53888E-4 1.64972E-4 1.76882E-4 2.05277E-4 2.02204E-4 1.4068E-4 1.47545E-4 1.21554E-4 9.22762E-5 9.39568E-5 1.02471E-4 1.36079E-4 1.88382E-4 2.19955E-4 2.01375E-4 1.71543E-4 8.89449E-5 8.5383E-5 9.64435E-5 1.26423E-4 1.38432E-4 1.32851E-4 1.36757E-4 1.64038E-4 1.68724E-4 1.57767E-4 2.11549E-4 2.10116E-4 2.16074E-4 2.20685E-4 2.54099E-4 2.57557E-4 2.34945E-4 2.45948E-4 2.80833E-4 3.27114E-4 3.20365E-4 3.44357E-4 3.38753E-4 3.02783E-4 3.17514E-4 3.16709E-4 2.97044E-4 2.77574E-4 2.32156E-4 2.17961E-4 1.40267E-4 1.54314E-4 1.95352E-4
7.69476E-5 9.33969E-5 9.3272E-5 7.64175E-5 7.9308E-5 1.15127E-4 1.688E-4 1.23681E-4 1.06452E-4 9.18583E-5 1.0118E-4 1.05317E-4 1.53301E-4 1.83317E-4 1.93171E-4 2.10686E-4 2.16829E-4 2.14284E-4 2.01061E-4 1.6107E-4 1.27944E-4 1.51367E-4 1.49282E-4 1.00018E-4 1.13759E-4 1.93486E-4 1.64332E-4 1.6954E-4 1.553E-4 1.29291E-4 1.501E-4 1.69809E-4 1.7989E-4 1.63648E-4 1.37306E-4 1.21142E-4 1.16491E-4 1.41063E-4 1.56946E-4 1.83222E-4 1.91409E-4 1.88596E-4 2.35618E-4 2.76052E-4 2.65856E-4 2.26083E-4 2.43423E-4 2.63617E-4 2.79492E-4 3.21983E-4 3.53819E-4 3.56196E-4 3.43118E-4 3.23368E-4 3.08713E-4 2.81606E-4 2.63477E-4 2.19774E-4 1.77205E-4 2.04274E-4 2.32977E-4
8.41799E-5 1.0426E-4 1.20799E-4 1.04514E-4 9.18727E-5 1.13371E-4 1.38986E-4 1.38762E-4 1.05051E-4 7.8314E-5 8.91266E-5 1.01604E-4 1.36694E-4 1.6073E-4 1.98803E-4 2.15842E-4 2.11971E-4 2.13723E-4 2.04825E-4 2.12554E-4 2.02794E-4 1.84656E-4 1.72895E-4 1.43633E-4 1.13984E-4 1.55706E-4 1.91349E-4 2.01962E-4 2.11605E-4 1.88615E-4 1.80876E-4 1.71811E-4 1.49042E-4 1.36723E-4 1.55651E-4 1.65683E-4 1.77445E-4 1.79169E-4 1.6659E-4 1.72926E-4 2.053E-4 2.2974E-4 2.59908E-4 2.7508E-4 2.53365E-4 2.19032E-4 2.16405E-4 2.19829E-4 1.77963E-4 2.32527E-4 2.74689E-4 2.7616E-4 3.09731E-4 3.26969E-4 2.81341E-4 2.52714E-4 2.55153E-4 2.30844E-4 2.37431E-4 2.6409E-4 2.64826E-4
8.13641E-5 9.95071E-5 1.32649E-4 1.24277E-4 6.67945E-5 7.76175E-5 1.39861E-4 1.42584E-4 1.50322E-4 1.15636E-4 8.3862E-5 1.1411E-4 1.1527E-4 1.15111E-4 1.61309E-4 2.01702E-4 2.07605E-4 2.18122E-4 2.19721E-4 2.15978E-4 2.12864E-4 1.99123E-4 1.8937E-4 1.81081E-4 1.39082E-4 1.45504E-4 1.90252E-4 1.24224E-4 1.33349E-4 1.57924E-4 1.61208E-4 1.5145E-4 1.33768E-4 1.19771E-4 1.45879E-4 1.5812E-4 1.92627E-4 1.75778E-4 2.148E-4 2.44337E-4 2.45902E-4 2.64711E-4 2.7711E-4 2.47326E-4 2.29165E-4 2.12907E-4 2.39221E-4 2.38083E-4 1.9143E-4 1.6879E-4 2.1643E-4 2.29946E-4 2.43227E-4 2.90325E-4 2.83911E-4 2.95832E-4 2.67926E-4 2.54145E-4 2.43682E-4 2.28962E-4 2.35156E-4
8.53455E-5 1.08692E-4 1.29178E-4 1.15114E-4 6.86774E-5 7.04762E-5 1.49004E-4 1.13065E-4 1.46301E-4 1.37513E-4 1.00432E-4 9.10828E-5 9.53107E-5 1.2658E-4 1.65059E-4 1.88388E-4 1.85241E-4 1.97526E-4 2.15042E-4 2.10502E-4 2.07548E-4 1.74662E-4 1.64119E-4 1.66615E-4 1.83628E-4 1.94681E-4 2.1042E-4 1.47248E-4 1.10762E-4 1.2758E-4 1.34668E-4 1.27831E-4 1.34616E-4 1.50033E-4 1.59753E-4 1.70191E-4 1.9494E-4 2.30055E-4 2.54194E-4 2.50122E-4 2.67784E-4 2.8084E-4 2.61619E-4 2.46156E-4 2.59618E-4 2.71571E-4 2.739E-4 2.16511E-4 1.8519E-4 1.79404E-4 2.38676E-4 2.14367E-4 1.84795E-4 1.81704E-4 2.33753E-4 2.40582E-4 2.28084E-4 2.41639E-4 2.65272E-4 2.39004E-4 2.39158E-4
8.59795E-5 1.04345E-4 1.09357E-4 9.08904E-5 5.5299E-5 6.73599E-5 1.24468E-4 1.13198E-4 9.5642E-5 1.16409E-4 1.20747E-4 6.72303E-5 8.26208E-5 1.20713E-4 1.7613E-4 1.5498E-4 1.55221E-4 1.8011E-4 2.08803E-4 2.09467E-4 2.06407E-4 1.74133E-4 1.40444E-4 1.59586E-4 1.79035E-4 1.64351E-4 1.77808E-4 2.01769E-4 1.51809E-4 9.89777E-5 1.18398E-4 1.46837E-4 1.47422E-4 1.7568E-4 1.79161E-4 1.83842E-4 1.62399E-4 1.92466E-4 2.5963E-4 2.57888E-4 2.19342E-4 2.19064E-4 2.77092E-4 2.89775E-4 2.82799E-4 2.99554E-4 2.73069E-4 2.47746E-4 2.4475E-4 2.88302E-4 2.59565E-4 2.39155E-4 1.96167E-4 1.8323E-4 1.49378E-4 1.5507E-4 1.85283E-4 2.50331E-4 2.42726E-4 2.25794E-4 2.15532E-4
1.38707E-4 1.09954E-4 8.2275E-5 6.03455E-5 5.45772E-5 7.33276E-5 7.57346E-5 8.8455E-5 6.463E-5 9.86261E-5 1.16951E-4 6.82113E-5 8.15431E-5 9.93571E-5 1.26175E-4 1.56239E-4 1.62401E-4 1.83667E-4 1.91523E-4 2.00302E-4 2.11018E-4 1.89089E-4 1.37495E-4 1.40228E-4 1.18913E-4 1.22838E-4 1.00079E-4 1.42816E-4 1.61832E-4 1.46922E-4 1.41025E-4 1.39866E-4 1.45367E-4 1.51033E-4 1.63798E-4 1.24573E-4 1.36655E-4 1.63785E-4 2.03432E-4 2.06158E-4 2.06488E-4 2.28617E-4 3.00824E-4 2.97543E-4 2.86489E-4 2.39914E-4 3.28347E-4 3.05544E-4 2.75057E-4 3.25009E-4 3.10427E-4 2.94088E-4 2.53593E-4 2.10716E-4 1.75193E-4 1.52698E-4 1.66653E-4 1.73462E-4 2.33257E-4 2.599E-4 2.36543E-4
1.98662E-4 1.38601E-4 9.53255E-5 7.23972E-5 7.21055E-5 5.66135E-5 5.59206E-5 7.33758E-5 5.77465E-5 1.04994E-4 1.24807E-4 1.08208E-4 6.82255E-5 5.8722E-5 1.08474E-4 1.28503E-4 1.48716E-4 1.7846E-4 1.33691E-4 1.48239E-4 1.61998E-4 1.49515E-4 1.34931E-4 1.15492E-4 1.06846E-4 9.49078E-5 1.24417E-4 1.29398E-4 1.45448E-4 1.48212E-4 1.55919E-4 1.46781E-4 1.61614E-4 1.58744E-4 1.23544E-4 9.07359E-5 1.13275E-4 1.44176E-4 1.97867E-4 1.89197E-4 2.10286E-4 2.2441E-4 2.20982E-4 2.37381E-4 2.28439E-4 2.34745E-4 2.53709E-4 2.35918E-4 2.49458E-4 3.40086E-4 2.55727E-4 2.983E-4 3.02036E-4 2.75187E-4 2.60762E-4 1.99731E-4 1.19761E-4 1.84432E-4 2.55455E-4 2.50183E-4 2.36961E-4
1.994E-4 1.56293E-4 1.15416E-4 8.55833E-5 8.18721E-5 6.41914E-5 5.01905E-5 6.02332E-5 7.09061E-5 7.60758E-5 1.27476E-4 1.29106E-4 7.95083E-5 1.01227E-4 1.38622E-4 1.47853E-4 1.34245E-4 1.48792E-4 1.50197E-4 1.56574E-4 1.57325E-4 1.34974E-4 1.31198E-4 1.17365E-4 8.93559E-5 1.00986E-4 1.27366E-4 1.56287E-4 1.58847E-4 1.27153E-4 1.34402E-4 1.67821E-4 1.57097E-4 1.44939E-4 1.44718E-4 1.14539E-4 1.28409E-4 1.6712E-4 1.94265E-4 2.01546E-4 2.16338E-4 2.22248E-4 2.0663E-4 2.1828E-4 2.31474E-4 2.29853E-4 2.22977E-4 2.50975E-4 2.56036E-4 2.40372E-4 2.85917E-4 2.64612E-4 3.1017E-4 3.10571E-4 2.89459E-4 1.4933E-4 1.05141E-4 1.57568E-4 2.34221E-4 2.33285E-4 2.07785E-4
2.383E-4 1.58066E-4 1.42747E-4 1.20773E-4 1.13179E-4 8.55324E-5 6.41497E-5 5.43918E-5 5.32574E-5 5.77127E-5 9.71651E-5 1.16899E-4 1.14403E-4 1.08737E-4 1.25362E-4 1.42053E-4 1.46103E-4 1.46973E-4 1.44856E-4 1.50354E-4 1.36703E-4 1.08419E-4 1.17435E-4 1.39149E-4 1.42157E-4 1.46483E-4 1.57993E-4 1.34758E-4 1.4664E-4 1.48095E-4 1.37645E-4 1.47788E-4 1.60758E-4 1.72747E-4 1.65547E-4 1.4672E-4 1.33352E-4 1.55922E-4 1.88875E-4 1.99889E-4 2.03657E-4 2.04829E-4 1.82907E-4 1.70115E-4 1.85902E-4 2.08267E-4 2.50766E-4 2.32604E-4 2.32242E-4 2.28377E-4 1.95988E-4 1.48107E-4 1.96301E-4 2.36759E-4 2.18698E-4 9.90842E-5 9.53687E-5 1.23736E-4 1.71828E-4 2.05996E-4 2.06001E-4
1.78417E-4 2.144E-4 1.59989E-4 1.61643E-4 1.52757E-4 8.8356E-5 5.81342E-5 5.20942E-5 5.31707E-5 5.73028E-5 7.39796E-5 8.50997E-5 1.08544E-4 1.26816E-4 1.36224E-4 1.29267E-4 1.37334E-4 1.36393E-4 1.24864E-4 1.31319E-4 1.29927E-4 1.14261E-4 1.33297E-4 1.37896E-4 1.62436E-4 1.59504E-4 1.10639E-4 1.11714E-4 1.41684E-4 1.45696E-4 1.33662E-4 1.5068E-4 1.59068E-4 1.81249E-4 1.47918E-4 1.42734E-4 1.41851E-4 1.40098E-4 1.68108E-4 1.96184E-4 1.93021E-4 1.90723E-4 1.46658E-4 1.51219E-4 1.81307E-4 2.23812E-4 2.5029E-4 2.33672E-4 2.30666E-4 2.15468E-4 1.77259E-4 1.32751E-4 2.03637E-4 1.90747E-4 1.39781E-4 1.19753E-4 1.4438E-4 1.316E-4 1.38205E-4 1.5679E-4 2.0695E-4
1.31315E-4 2.38425E-4 2.37621E-4 2.18075E-4 1.66265E-4 1.2818E-4 7.25962E-5 7.22868E-5 7.05204E-5 5.84897E-5 5.78478E-5 6.67425E-5 7.62122E-5 1.09135E-4 1.17972E-4 1.1643E-4 1.12681E-4 1.26623E-4 1.06292E-4 1.20439E-4 1.29741E-4 1.39573E-4 1.53916E-4 1.49358E-4 1.69469E-4 1.51466E-4 1.23642E-4 9.11644E-5 1.19293E-4 1.07332E-4 1.35349E-4 1.539E-4 1.71126E-4 1.62346E-4 1.30186E-4 1.33396E-4 1.32482E-4 1.55183E-4 1.87886E-4 1.95763E-4 1.90692E-4 1.82263E-4 1.72696E-4 1.90907E-4 2.03739E-4 2.56068E-4 2.35893E-4 2.30176E-4 1.6577E-4 1.56993E-4 1.37284E-4 1.69842E-4 2.3909E-4 2.22164E-4 1.21166E-4 1.37252E-4 1.70143E-4 1.35338E-4 1.32791E-4 1.50046E-4 2.35954E-4
1.36821E-4 1.85777E-4 2.45357E-4 2.54648E-4 2.13619E-4 1.6691E-4 1.21085E-4 8.4743E-5 6.04839E-5 5.85518E-5 6.14221E-5 5.46413E-5 7.35657E-5 8.61867E-5 1.06812E-4 9.65539E-5 1.10563E-4 1.2746E-4 1.36786E-4 1.51375E-4 1.4759E-4 1.56247E-4 1.69593E-4 1.53124E-4 1.77716E-4 1.70267E-4 1.39125E-4 1.10601E-4 9.87766E-5 8.02177E-5 1.26347E-4 1.54999E-4 1.57973E-4 1.54031E-4 1.45812E-4 1.47839E-4 1.52926E-4 1.64546E-4 1.8532E-4 2.16338E-4 1.88892E-4 1.89233E-4 2.06378E-4 2.18117E-4 2.2459E-4 2.37235E-4 2.3335E-4 1.84208E-4 1.59771E-4 1.68985E-4 1.59329E-4 1.94769E-4 2.36654E-4 2.51369E-4 1.5985E-4 1.58365E-4 1.97274E-4 1.76866E-4 1.94187E-4 1.79378E-4 2.27246E-4
1.63706E-4 1.90899E-4 2.33615E-4 2.64456E-4 2.52594E-4 2.08771E-4 1.24812E-4 6.66307E-5 7.10668E-5 8.07613E-5 6.70742E-5 6.36702E-5 6.19367E-5 6.98763E-5 9.0756E-5 1.10215E-4 1.05057E-4 1.25573E-4 1.48851E-4 1.27386E-4 1.26806E-4 1.43656E-4 1.43764E-4 1.69506E-4 1.67596E-4 1.41539E-4 1.47741E-4 1.2926E-4 9.99196E-5 1.05349E-4 1.40971E-4 1.43653E-4 1.54271E-4 1.69948E-4 1.49701E-4 1.60894E-4 1.85866E-4 1.92394E-4 2.03557E-4 1.99404E-4 2.04367E-4 2.15092E-4 2.08328E-4 2.05853E-4 2.12392E-4 2.0726E-4 1.94718E-4 1.6712E-4 1.70411E-4 1.81604E-4 1.94326E-4 2.04096E-4 2.30429E-4 2.64308E-4 1.87818E-4 2.10644E-4 2.19772E-4 2.17711E-4 2.18566E-4 1.78304E-4 1.9152E-4
1.50406E-4 1.82254E-4 2.0635E-4 2.72187E-4 2.53747E-4 2.23245E-4 1.7166E-4 1.14076E-4 1.08477E-4 6.77496E-5 6.84952E-5 6.52803E-5 6.09865E-5 6.93627E-5 7.74066E-5 7.12718E-5 1.07278E-4 1.35502E-4 1.50226E-4 1.23713E-4 1.21064E-4 1.1313E-4 1.31336E-4 1.63146E-4 1.85381E-4 1.43458E-4 1.33315E-4 1.24136E-4 1.25073E-4 1.06432E-4 1.06834E-4 1.38008E-4 1.59231E-4 1.62646E-4 1.69404E-4 1.61905E-4 1.77434E-4 1.93016E-4 1.87685E-4 1.97391E-4 2.07488E-4 2.06978E-4 2.16835E-4 2.28655E-4 2.15781E-4 1.81663E-4 1.29178E-4 1.58252E-4 1.79315E-4 1.90703E-4 2.28315E-4 2.25677E-4 2.73677E-4 2.53794E-4 2.24622E-4 2.6102E-4 2.7447E-4 2.48736E-4 1.95237E-4 2.08236E-4 2.62475E-4
1.21635E-4 1.66586E-4 2.0193E-4 2.64401E-4 2.45298E-4 2.14979E-4 1.85539E-4 1.50186E-4 1.24644E-4 8.30416E-5 7.91561E-5 7.62801E-5 7.45425E-5 7.42934E-5 7.08933E-5 8.7196E-5 1.0727E-4 1.27945E-4 1.40487E-4 1.20084E-4 1.3052E-4 1.04025E-4 1.00488E-4 1.12722E-4 1.76869E-4 1.95947E-4 1.69414E-4 1.47508E-4 1.53406E-4 1.36495E-4 9.14195E-5 1.49945E-4 1.61158E-4 1.49103E-4 1.658E-4 1.73041E-4 1.8335E-4 1.91504E-4 1.76601E-4 1.87884E-4 2.02233E-4 2.11728E-4 2.14973E-4 2.1366E-4 1.81478E-4 1.34823E-4 1.2047E-4 1.67363E-4 1.94992E-4 2.25219E-4 2.51937E-4 2.70013E-4 2.81022E-4 2.38111E-4 2.642E-4 2.96289E-4 3.10444E-4 3.13164E-4 3.06437E-4 3.27692E-4 3.519E-4
1.37907E-4 1.34542E-4 1.54446E-4 2.05224E-4 2.48225E-4 2.51743E-4 2.07269E-4 1.95701E-4 1.52172E-4 1.18218E-4 1.17613E-4 9.01511E-5 9.62143E-5 7.21368E-5 7.73809E-5 8.0855E-5 8.5093E-5 9.65843E-5 1.05947E-4 1.29818E-4 1.39298E-4 1.19425E-4 1.04314E-4 1.02868E-4 1.49362E-4 1.9877E-4 1.74214E-4 1.55617E-4 1.59206E-4 1.53407E-4 1.4455E-4 1.43081E-4 1.261E-4 1.23993E-4 1.56821E-4 1.74054E-4 1.74599E-4 1.87783E-4 1.69958E-4 1.92913E-4 2.03291E-4 1.99563E-4 2.16843E-4 2.0083E-4 1.78835E-4 1.29579E-4 1.26954E-4 1.29043E-4 1.53674E-4 1.82596E-4 2.32754E-4 2.83906E-4 2.75358E-4 2.43557E-4 3.02016E-4 3.08351E-4 2.35902E-4 2.62843E-4 2.5016E-4 3.07405E-4 3.61423E-4
1.35412E-4 1.48945E-4 1.82729E-4 1.79121E-4 2.26333E-4 2.6973E-4 2.30133E-4 2.44713E-4 2.0246E-4 1.72553E-4 1.69521E-4 1.54141E-4 9.76371E-5 7.71604E-5 7.81118E-5 7.80993E-5 7.46464E-5 8.23013E-5 1.04869E-4 1.30479E-4 1.09416E-4 1.22111E-4 1.14143E-4 1.22039E-4 1.55409E-4 1.99955E-4 1.85672E-4 1.55428E-4 1.42412E-4 1.43432E-4 1.63957E-4 1.30326E-4 1.11844E-4 9.99103E-5 1.28866E-4 1.51515E-4 1.80163E-4 1.8547E-4 1.85811E-4 1.98655E-4 2.18682E-4 2.11139E-4 1.89219E-4 1.58357E-4 1.83186E-4 1.53671E-4 1.48523E-4 1.82708E-4 1.64917E-4 1.99084E-4 2.50832E-4 2.92015E-4 2.72514E-4 2.92141E-4 3.1179E-4 3.09079E-4 2.36811E-4 2.3391E-4 2.4617E-4 2.5297E-4 3.23954E-4
