Artocarpus heterophyllus SDM files/Last interglacial/results (without bias file)/Arthet_0.asc
ncols         625
nrows         721
xllcorner     69.99986311115
yllcorner     5.99986151914999
cellsize      0.041666667
NODATA_value  -9999
[rows 135 to 161 of 721, columns 61 to 121 of 625]
4.93743E-2 4.93845E-2 4.9566E-2 5.00566E-2 4.99529E-2 4.95638E-2 4.98391E-2 4.9456E-2 4.94509E-2 4.98391E-2 5.04467E-2 5.08775E-2 5.06511E-2 4.85136E-2 4.8889E-2 4.85136E-2 5.18951E-2 5.00146E-2 5.00196E-2 5.07343E-2 5.30818E-2 5.12815E-2 5.20071E-2 5.25284E-2 5.29477E-2 5.33861E-2 5.35428E-2 5.34272E-2 5.37449E-2 5.4352E-2 5.478E-2 5.54367E-2 5.54262E-2 5.98231E-2 5.72935E-2 6.0791E-2 6.19178E-2 6.28609E-2 6.31931E-2 6.43598E-2 6.57361E-2 6.48541E-2 6.50269E-2 6.53275E-2 6.87947E-2 6.8387E-2 6.8792E-2 6.90028E-2 6.94739E-2 7.03025E-2 7.03551E-2 7.11446E-2 7.48376E-2 7.51024E-2 7.67324E-2 7.62991E-2 7.70461E-2 7.76457E-2 7.77903E-2 7.8403E-2 8.27183E-2
4.88849E-2 4.90594E-2 4.99469E-2 4.94662E-2 4.94662E-2 4.93586E-2 4.94611E-2 4.98443E-2 4.9834E-2 4.9834E-2 4.77303E-2 5.08672E-2 5.1053E-2 4.87927E-2 4.8894E-2 4.8894E-2 4.8899E-2 5.21065E-2 4.99111E-2 5.04139E-2 5.05235E-2 5.00297E-2 5.12684E-2 5.24199E-2 5.22036E-2 5.28332E-2 5.29001E-2 5.32122E-2 5.36341E-2 5.40511E-2 5.43789E-2 5.47069E-2 5.55991E-2 5.59294E-2 5.63744E-2 5.79937E-2 6.11649E-2 6.16645E-2 6.28631E-2 6.37845E-2 6.41786E-2 6.44585E-2 6.42361E-2 6.54666E-2 6.55013E-2 6.81254E-2 6.5338E-2 6.93327E-2 6.97806E-2 6.99277E-2 7.02123E-2 7.1059E-2 7.19192E-2 7.56012E-2 7.59826E-2 7.59766E-2 7.67418E-2 7.74744E-2 7.74501E-2 7.82174E-2 7.82052E-2
4.89628E-2 4.84404E-2 4.88649E-2 4.88649E-2 4.91413E-2 4.91413E-2 4.93586E-2 4.96432E-2 4.9638E-2 5.00301E-2 4.79132E-2 4.79082E-2 4.83128E-2 4.87927E-2 4.87977E-2 4.8899E-2 4.87977E-2 4.96E-2 4.93093E-2 5.04189E-2 5.08186E-2 5.13531E-2 5.13531E-2 5.08443E-2 5.16833E-2 5.17801E-2 5.24089E-2 5.30973E-2 5.35183E-2 5.39397E-2 5.42669E-2 5.48145E-2 5.52636E-2 5.54744E-2 5.61429E-2 5.61429E-2 5.76462E-2 5.82312E-2 6.30033E-2 6.3138E-2 6.35391E-2 6.43326E-2 6.47739E-2 6.50692E-2 6.47067E-2 6.51504E-2 6.51883E-2 6.5367E-2 6.89556E-2 6.99336E-2 7.02358E-2 7.13594E-2 7.13536E-2 7.2071E-2 7.63756E-2 7.61302E-2 7.72257E-2 7.72965E-2 7.79048E-2 8.15798E-2 8.23468E-2
4.8659E-2 4.86539E-2 4.86726E-2 4.91464E-2 4.68708E-2 4.68708E-2 4.90395E-2 4.71335E-2 4.71335E-2 4.74436E-2 4.78138E-2 4.72364E-2 4.81086E-2 4.81037E-2 4.83226E-2 4.87977E-2 4.87977E-2 4.91925E-2 4.97029E-2 5.02056E-2 5.01032E-2 5.0629E-2 4.89677E-2 4.8477E-2 4.84818E-2 5.13527E-2 5.24089E-2 5.2824E-2 5.29796E-2 5.28703E-2 5.35575E-2 5.40445E-2 5.39332E-2 6.77662E-2 6.83113E-2 5.63686E-2 7.04063E-2 5.75488E-2 5.88445E-2 5.98655E-2 6.01333E-2 6.36925E-2 6.3993E-2 6.37781E-2 6.40756E-2 6.47668E-2 6.37847E-2 6.44495E-2 6.82618E-2 6.97981E-2 6.99575E-2 7.06885E-2 7.1377E-2 7.18125E-2 7.58036E-2 7.65239E-2 7.61693E-2 7.71921E-2 7.79562E-2 7.82257E-2 8.31952E-2
4.77744E-2 4.63091E-2 4.8948E-2 4.89429E-2 4.67735E-2 4.67735E-2 4.67687E-2 4.67687E-2 4.68611E-2 4.71335E-2 4.71433E-2 4.70313E-2 4.76354E-2 4.81086E-2 4.81135E-2 4.85935E-2 4.91925E-2 4.92946E-2 4.97079E-2 4.74999E-2 4.72979E-2 4.71951E-2 4.82763E-2 4.84866E-2 4.877E-2 4.90157E-2 4.98782E-2 5.26041E-2 5.27099E-2 5.30202E-2 5.34522E-2 5.3337E-2 5.34944E-2 6.76293E-2 6.81621E-2 5.55769E-2 5.68374E-2 7.15698E-2 7.2301E-2 5.85675E-2 7.36986E-2 6.01593E-2 6.32251E-2 6.31502E-2 6.36959E-2 6.33565E-2 6.34031E-2 6.42056E-2 6.4115E-2 6.84358E-2 6.995E-2 6.96881E-2 7.10685E-2 7.13713E-2 7.55035E-2 7.60608E-2 7.653E-2 7.67776E-2 7.75163E-2 7.84598E-2 8.19469E-2
4.56509E-2 4.58188E-2 4.63843E-2 4.62831E-2 4.63801E-2 4.63801E-2 4.63753E-2 4.64718E-2 4.64766E-2 4.64766E-2 4.59141E-2 4.69386E-2 4.7335E-2 4.55912E-2 4.57931E-2 4.63468E-2 4.64337E-2 4.91925E-2 4.70068E-2 4.74014E-2 4.73967E-2 4.74999E-2 4.79912E-2 4.8477E-2 4.91589E-2 4.877E-2 4.9562E-2 6.20564E-2 6.24243E-2 4.9555E-2 6.31788E-2 6.34298E-2 6.32905E-2 6.4514E-2 5.46951E-2 5.52566E-2 6.94321E-2 7.09237E-2 7.20821E-2 7.23845E-2 7.25648E-2 5.9703E-2 6.22339E-2 6.27704E-2 6.28081E-2 7.75792E-2 6.31501E-2 6.29382E-2 6.37346E-2 6.73634E-2 6.89894E-2 6.92761E-2 7.03892E-2 7.12267E-2 7.46149E-2 7.47599E-2 7.62146E-2 7.69574E-2 7.81747E-2 7.81625E-2 7.77348E-2
4.52643E-2 4.55273E-2 4.56285E-2 4.60213E-2 4.61122E-2 4.59257E-2 4.63753E-2 4.63801E-2 4.63801E-2 4.67391E-2 4.61732E-2 4.62741E-2 4.50341E-2 4.51278E-2 4.56861E-2 4.56907E-2 4.56907E-2 4.62506E-2 4.62459E-2 4.73079E-2 4.74062E-2 4.74014E-2 4.74014E-2 4.81763E-2 4.87651E-2 4.86642E-2 6.08111E-2 4.91119E-2 6.17382E-2 4.96403E-2 6.25489E-2 6.33012E-2 6.74361E-2 6.45961E-2 6.77773E-2 6.87361E-2 6.94378E-2 7.00747E-2 7.00804E-2 7.15215E-2 7.1833E-2 7.12913E-2 7.2471E-2 7.36736E-2 7.32704E-2 7.3452E-2 7.79262E-2 7.84434E-2 6.34852E-2 6.441E-2 6.84594E-2 6.94169E-2 6.95755E-2 7.33273E-2 7.1522E-2 7.49236E-2 7.54889E-2 7.57945E-2 7.63721E-2 7.75709E-2 7.77774E-2
4.51749E-2 4.56333E-2 4.55336E-2 4.55336E-2 4.55336E-2 4.59209E-2 4.60165E-2 4.63801E-2 4.4224E-2 4.40311E-2 4.41228E-2 4.66438E-2 4.42148E-2 4.43115E-2 4.49543E-2 4.50433E-2 4.49497E-2 4.53331E-2 4.56907E-2 4.63468E-2 4.72098E-2 4.74062E-2 4.75844E-2 4.77795E-2 4.84599E-2 4.85635E-2 4.89412E-2 6.04303E-2 6.10535E-2 4.94403E-2 6.21771E-2 6.26752E-2 6.34353E-2 6.35587E-2 6.49845E-2 6.49898E-2 6.53889E-2 6.93145E-2 6.92555E-2 7.06797E-2 7.08448E-2 7.04444E-2 7.0757E-2 7.22152E-2 7.18207E-2 7.7105E-2 6.15164E-2 7.70325E-2 6.25899E-2 6.35E-2 6.76439E-2 6.81975E-2 6.88769E-2 6.93038E-2 7.40395E-2 7.4207E-2 7.44958E-2 7.58127E-2 7.61383E-2 7.65571E-2 8.09881E-2
4.48225E-2 4.50939E-2 4.50939E-2 4.53589E-2 4.57081E-2 4.57081E-2 4.61925E-2 4.41321E-2 4.41321E-2 4.40356E-2 4.40356E-2 4.40402E-2 4.40402E-2 4.43925E-2 4.39532E-2 4.4485E-2 4.48609E-2 4.56005E-2 4.56005E-2 4.60533E-2 4.65365E-2 4.7102E-2 4.73826E-2 5.9702E-2 4.81595E-2 6.04356E-2 6.06875E-2 6.18018E-2 6.20535E-2 6.24186E-2 6.22972E-2 6.27973E-2 6.28079E-2 6.26752E-2 6.39518E-2 6.5127E-2 6.85506E-2 6.60683E-2 6.9127E-2 6.92836E-2 6.9446E-2 7.03025E-2 6.9907E-2 7.03645E-2 7.54012E-2 7.4247E-2 7.56305E-2 7.67185E-2 7.67584E-2 7.8314E-2 7.92825E-2 8.32265E-2 8.40558E-2 6.83343E-2 6.86127E-2 7.34582E-2 7.44964E-2 7.46473E-2 7.56839E-2 7.61688E-2 7.99089E-2
4.44421E-2 4.48003E-2 4.48937E-2 4.48003E-2 4.52598E-2 4.57081E-2 4.57081E-2 4.36686E-2 4.51499E-2 4.56334E-2 4.36018E-2 4.36018E-2 4.39486E-2 4.43048E-2 4.43094E-2 4.43971E-2 4.47542E-2 4.58763E-2 4.57764E-2 4.62377E-2 4.58622E-2 4.63343E-2 5.84032E-2 5.98478E-2 4.84647E-2 6.11932E-2 4.92609E-2 6.11817E-2 6.16803E-2 6.15497E-2 6.14194E-2 6.22919E-2 6.27973E-2 6.28026E-2 6.30626E-2 6.33224E-2 6.73133E-2 6.50109E-2 6.48954E-2 6.7765E-2 6.83352E-2 6.82211E-2 6.90739E-2 6.99457E-2 6.94113E-2 7.4688E-2 7.4569E-2 6.16531E-2 7.72046E-2 8.10571E-2 8.1907E-2 8.30422E-2 8.45584E-2 6.81898E-2 8.50574E-2 7.27577E-2 7.34762E-2 7.46595E-2 7.48229E-2 7.54043E-2 7.66272E-2
4.43497E-2 4.4805E-2 4.51594E-2 4.51546E-2 4.51594E-2 4.51499E-2 4.50607E-2 4.52598E-2 4.50607E-2 4.51546E-2 4.31438E-2 4.35781E-2 4.63683E-2 4.43048E-2 4.6736E-2 4.46658E-2 4.47589E-2 4.47542E-2 4.51321E-2 4.49353E-2 4.64325E-2 4.67226E-2 4.72884E-2 5.97115E-2 5.97271E-2 6.08218E-2 6.10573E-2 6.10573E-2 6.10466E-2 6.15497E-2 6.15444E-2 6.14142E-2 6.21707E-2 6.24273E-2 6.21795E-2 6.21795E-2 6.32045E-2 6.55949E-2 6.69376E-2 6.70953E-2 6.76537E-2 6.79496E-2 6.88006E-2 6.92439E-2 7.25916E-2 7.30601E-2 7.45517E-2 7.48924E-2 7.59915E-2 8.08892E-2 8.21993E-2 6.60164E-2 8.30483E-2 8.45522E-2 8.55653E-2 7.23151E-2 7.27637E-2 7.34822E-2 7.45208E-2 7.43823E-2 7.55524E-2
4.3882E-2 4.46789E-2 4.46789E-2 4.46236E-2 4.50607E-2 4.50607E-2 4.49718E-2 4.47119E-2 4.48684E-2 4.48684E-2 4.51331E-2 4.60548E-2 4.60548E-2 4.61507E-2 4.44756E-2 4.45729E-2 4.45729E-2 4.46658E-2 4.46611E-2 4.5686E-2 5.7583E-2 5.78134E-2 4.7102E-2 5.88779E-2 4.77737E-2 5.98333E-2 6.06739E-2 6.03183E-2 6.03183E-2 6.05555E-2 6.05555E-2 6.1675E-2 6.1295E-2 6.0553E-2 6.15539E-2 6.20586E-2 6.20638E-2 6.56023E-2 6.60129E-2 6.65602E-2 6.69763E-2 6.75497E-2 6.78452E-2 7.12666E-2 7.12852E-2 7.17456E-2 7.30824E-2 7.35341E-2 7.38646E-2 7.99121E-2 8.12058E-2 8.17188E-2 8.22163E-2 8.35483E-2 6.76545E-2 7.08918E-2 7.21839E-2 7.27637E-2 7.34762E-2 7.8348E-2 7.8519E-2
4.6458E-2 4.66567E-2 4.45859E-2 4.45859E-2 4.44978E-2 4.44978E-2 4.44978E-2 4.42987E-2 4.41062E-2 4.43034E-2 4.44924E-2 4.53071E-2 4.32849E-2 4.39177E-2 4.60596E-2 4.44802E-2 4.49335E-2 4.45729E-2 4.45684E-2 4.50381E-2 4.57721E-2 4.5856E-2 5.74578E-2 5.81483E-2 5.92374E-2 5.88674E-2 5.87574E-2 5.89876E-2 5.88674E-2 6.0313E-2 6.0313E-2 6.03024E-2 6.01798E-2 6.05582E-2 6.10515E-2 6.08193E-2 6.11988E-2 6.45476E-2 6.44332E-2 6.51052E-2 6.59167E-2 6.99434E-2 6.70262E-2 7.06957E-2 7.07098E-2 7.10241E-2 7.19072E-2 7.22144E-2 7.28231E-2 7.73793E-2 7.89695E-2 8.10449E-2 8.09124E-2 8.1568E-2 6.70871E-2 7.08798E-2 7.20301E-2 7.27516E-2 7.62001E-2 7.75517E-2 7.85018E-2
4.57991E-2 4.65647E-2 4.44978E-2 4.44978E-2 4.44978E-2 4.47588E-2 4.47588E-2 4.42112E-2 4.40144E-2 4.40191E-2 4.44723E-2 4.49504E-2 4.34703E-2 4.32984E-2 4.3303E-2 4.57799E-2 4.49382E-2 4.70305E-2 4.49308E-2 4.49261E-2 4.51088E-2 4.49215E-2 4.60482E-2 4.64197E-2 4.69897E-2 5.79301E-2 5.85182E-2 5.81581E-2 5.82716E-2 5.87416E-2 5.87416E-2 5.93451E-2 5.99403E-2 6.05523E-2 6.42676E-2 6.37463E-2 6.3628E-2 6.38995E-2 6.43081E-2 6.51052E-2 6.56539E-2 6.63425E-2 6.95401E-2 6.94141E-2 7.08556E-2 7.1159E-2 7.08926E-2 7.1202E-2 7.58243E-2 7.66095E-2 7.77132E-2 7.91278E-2 7.96292E-2 6.81856E-2 6.86174E-2 6.95964E-2 7.02925E-2 7.15859E-2 7.6479E-2 7.66465E-2 7.72548E-2
4.62601E-2 4.60725E-2 4.64342E-2 4.64342E-2 4.4373E-2 4.42805E-2 4.37433E-2 4.40938E-2 4.44723E-2 4.44723E-2 4.50174E-2 4.49239E-2 4.52894E-2 4.56799E-2 4.61492E-2 4.61492E-2 4.40997E-2 4.6154E-2 4.48197E-2 4.73034E-2 4.53831E-2 4.52934E-2 4.53831E-2 5.76922E-2 4.62326E-2 5.74516E-2 5.74516E-2 5.77996E-2 5.80243E-2 5.89876E-2 5.8622E-2 5.84973E-2 6.22139E-2 6.23392E-2 6.23447E-2 6.28549E-2 6.29805E-2 6.32598E-2 6.37853E-2 5.10481E-2 6.38017E-2 6.46006E-2 6.50184E-2 6.80297E-2 6.84549E-2 6.93149E-2 6.9759E-2 7.06248E-2 6.00494E-2 7.52233E-2 7.73898E-2 7.78692E-2 6.38752E-2 6.69455E-2 6.84659E-2 6.9443E-2 7.01508E-2 7.12717E-2 7.45221E-2 7.55773E-2 7.6924E-2
4.36396E-2 4.61374E-2 4.63377E-2 4.5886E-2 4.61501E-2 4.61501E-2 4.55908E-2 4.36616E-2 4.40115E-2 4.45746E-2 4.48352E-2 4.51059E-2 4.52048E-2 4.55649E-2 4.52048E-2 4.59622E-2 4.59622E-2 4.59622E-2 4.45458E-2 4.68097E-2 4.70043E-2 4.56658E-2 4.56611E-2 4.77911E-2 4.77812E-2 4.52844E-2 5.69845E-2 4.81751E-2 4.80796E-2 4.85691E-2 5.79006E-2 6.15779E-2 6.09589E-2 4.95637E-2 6.20807E-2 6.24728E-2 6.29924E-2 6.31261E-2 6.30034E-2 6.35323E-2 6.70197E-2 6.34368E-2 6.38485E-2 6.65209E-2 6.73607E-2 5.48281E-2 6.96011E-2 5.86872E-2 7.41414E-2 7.58134E-2 6.11836E-2 6.21863E-2 6.29692E-2 6.69301E-2 6.76198E-2 6.91525E-2 6.9848E-2 7.08399E-2 7.33328E-2 7.40581E-2 7.51006E-2
4.50939E-2 4.51959E-2 4.53938E-2 4.53888E-2 4.60541E-2 4.38235E-2 4.40115E-2 4.40163E-2 4.39137E-2 4.6055E-2 4.65193E-2 4.46348E-2 4.46348E-2 4.54749E-2 4.502E-2 4.502E-2 4.54849E-2 4.548E-2 4.66204E-2 4.68147E-2 4.70984E-2 4.5097E-2 4.7678E-2 4.7678E-2 4.72872E-2 4.72006E-2 4.71026E-2 4.71957E-2 5.90068E-2 5.95003E-2 6.09457E-2 6.09512E-2 4.88613E-2 6.19588E-2 6.10895E-2 6.15926E-2 6.2476E-2 6.27479E-2 6.26378E-2 6.55314E-2 6.55429E-2 6.62313E-2 6.6105E-2 6.6122E-2 6.70831E-2 5.44929E-2 6.80875E-2 5.82027E-2 5.85842E-2 5.91932E-2 6.05441E-2 6.19229E-2 8.13876E-2 6.61151E-2 6.70607E-2 6.85711E-2 7.22722E-2 7.24383E-2 7.31589E-2 7.33075E-2 7.47655E-2
4.70893E-2 4.50049E-2 4.56581E-2 4.5563E-2 4.57606E-2 4.5653E-2 4.56631E-2 4.57682E-2 4.53774E-2 4.60441E-2 4.64276E-2 4.64276E-2 4.68053E-2 4.48213E-2 4.50942E-2 4.49119E-2 4.55846E-2 4.61462E-2 4.62325E-2 4.63288E-2 4.63338E-2 4.67069E-2 4.71034E-2 4.7396E-2 4.72922E-2 4.70935E-2 4.70935E-2 4.67027E-2 4.75754E-2 4.74717E-2 4.79652E-2 4.81634E-2 4.81634E-2 6.04656E-2 6.04656E-2 6.04711E-2 6.07316E-2 6.34058E-2 6.34171E-2 6.44748E-2 6.4486E-2 5.18182E-2 6.45214E-2 6.57308E-2 5.2827E-2 5.56157E-2 7.03334E-2 5.72592E-2 5.78536E-2 7.41491E-2 6.27865E-2 6.30676E-2 6.19229E-2 6.54239E-2 6.59796E-2 6.62502E-2 7.02546E-2 7.22659E-2 7.22722E-2 7.22628E-2 7.32808E-2
4.49095E-2 4.74733E-2 4.57298E-2 4.53674E-2 4.5925E-2 4.53724E-2 4.51837E-2 4.46387E-2 4.58454E-2 4.63049E-2 4.631E-2 4.41657E-2 4.62175E-2 4.66899E-2 4.70955E-2 4.67166E-2 4.749E-2 4.5383E-2 4.54728E-2 4.57506E-2 4.65129E-2 4.65129E-2 4.65129E-2 4.66048E-2 4.60375E-2 4.68043E-2 4.72876E-2 4.74746E-2 4.74647E-2 4.73611E-2 4.82601E-2 4.816E-2 4.83492E-2 4.78566E-2 4.86548E-2 6.03562E-2 5.07205E-2 6.26334E-2 5.06325E-2 5.0844E-2 5.12803E-2 5.12906E-2 5.16251E-2 6.52032E-2 6.81967E-2 5.49249E-2 5.56265E-2 5.69087E-2 5.7134E-2 5.86813E-2 6.1651E-2 6.33053E-2 6.31909E-2 6.38526E-2 6.54239E-2 6.9246E-2 6.69091E-2 6.99659E-2 7.16658E-2 7.22595E-2 7.38638E-2
4.69584E-2 4.69584E-2 4.73435E-2 4.73435E-2 4.64032E-2 4.43485E-2 4.47078E-2 4.51612E-2 4.46113E-2 4.56263E-2 4.50757E-2 4.57318E-2 4.61264E-2 4.6603E-2 4.6603E-2 4.6603E-2 4.67053E-2 4.70814E-2 4.74848E-2 4.60283E-2 4.56603E-2 4.60283E-2 4.81644E-2 4.64981E-2 4.63236E-2 4.63187E-2 4.65987E-2 4.66908E-2 4.68746E-2 4.73611E-2 4.72627E-2 4.94494E-2 4.71596E-2 4.99715E-2 4.96658E-2 4.9671E-2 4.9671E-2 5.05108E-2 5.0109E-2 5.02231E-2 5.08507E-2 5.06568E-2 5.3007E-2 5.35579E-2 5.45701E-2 5.48118E-2 5.53911E-2 5.7939E-2 6.01161E-2 6.04992E-2 6.13754E-2 6.20174E-2 6.24177E-2 6.34381E-2 6.38466E-2 6.75814E-2 6.91084E-2 6.98112E-2 7.08111E-2 7.09616E-2 7.32545E-2
4.64519E-2 4.64519E-2 4.64625E-2 4.70339E-2 4.67788E-2 4.61747E-2 4.65859E-2 4.61852E-2 4.70703E-2 4.74469E-2 4.71684E-2 4.76503E-2 4.59188E-2 4.59291E-2 4.65874E-2 4.66133E-2 4.70917E-2 4.70917E-2 4.70866E-2 4.71847E-2 4.80525E-2 4.84691E-2 4.84586E-2 4.60283E-2 4.83643E-2 4.83591E-2 4.86645E-2 4.87501E-2 4.87553E-2 4.83465E-2 4.89366E-2 4.9352E-2 4.92497E-2 4.92497E-2 4.91579E-2 4.92549E-2 4.96813E-2 4.96864E-2 4.96967E-2 5.27605E-2 5.27659E-2 5.20227E-2 5.28858E-2 5.30114E-2 5.3674E-2 5.72014E-2 5.6977E-2 5.78085E-2 5.90025E-2 5.92631E-2 6.06353E-2 6.13885E-2 6.30451E-2 6.62128E-2 6.46231E-2 6.77152E-2 6.78725E-2 6.85595E-2 6.98203E-2 7.03671E-2 7.06603E-2
4.89911E-2 4.89967E-2 4.63657E-2 4.67434E-2 4.62764E-2 4.61852E-2 4.65634E-2 4.65686E-2 4.65686E-2 4.65739E-2 4.70554E-2 4.71483E-2 4.71483E-2 4.76377E-2 4.79551E-2 4.59394E-2 4.6506E-2 4.65926E-2 4.69805E-2 4.74782E-2 4.7473E-2 4.7473E-2 4.75667E-2 4.77501E-2 4.74521E-2 4.79607E-2 4.81531E-2 4.81531E-2 4.74573E-2 4.76448E-2 4.80461E-2 4.85376E-2 4.81408E-2 4.79464E-2 4.79464E-2 4.81633E-2 5.1127E-2 5.11324E-2 5.15661E-2 5.14622E-2 5.16862E-2 5.17025E-2 5.22436E-2 5.34438E-2 5.6486E-2 5.66141E-2 5.7449E-2 5.80327E-2 5.90029E-2 5.92515E-2 6.0009E-2 6.06244E-2 6.43201E-2 6.53889E-2 6.66044E-2 6.74356E-2 6.78472E-2 6.79984E-2 6.85469E-2 6.97948E-2 7.22174E-2
4.87733E-2 4.84725E-2 4.78943E-2 4.76877E-2 4.82809E-2 4.82864E-2 4.79053E-2 4.82975E-2 4.60756E-2 4.6547E-2 4.66496E-2 4.66496E-2 4.75493E-2 4.75439E-2 4.80451E-2 4.81453E-2 4.59143E-2 4.60103E-2 4.91538E-2 4.69805E-2 4.70733E-2 4.69753E-2 4.74462E-2 4.72763E-2 4.73592E-2 4.7564E-2 4.79554E-2 4.74494E-2 4.78558E-2 4.7551E-2 4.7447E-2 4.7447E-2 4.78468E-2 4.96506E-2 4.96506E-2 4.96612E-2 5.00698E-2 4.9966E-2 5.10265E-2 5.10372E-2 5.11485E-2 5.1485E-2 5.21297E-2 5.52191E-2 5.5906E-2 5.64917E-2 5.67309E-2 5.73193E-2 5.87724E-2 5.92522E-2 6.00072E-2 6.31482E-2 6.43187E-2 6.44696E-2 6.56537E-2 6.60706E-2 6.67626E-2 6.70266E-2 7.00526E-2 7.10582E-2 7.12039E-2
4.86829E-2 4.81923E-2 4.79887E-2 4.75994E-2 4.81859E-2 4.81914E-2 4.82975E-2 4.83031E-2 4.83086E-2 4.65577E-2 4.70415E-2 4.74334E-2 4.74388E-2 4.75379E-2 4.75379E-2 4.76372E-2 4.80306E-2 4.85481E-2 4.89508E-2 4.85426E-2 4.85371E-2 4.9657E-2 4.96514E-2 4.94536E-2 4.94426E-2 4.93288E-2 4.96548E-2 4.97472E-2 4.95408E-2 4.70487E-2 4.94424E-2 4.71584E-2 4.9636E-2 4.97446E-2 4.97553E-2 4.91337E-2 4.99714E-2 5.00805E-2 5.00859E-2 5.07136E-2 5.09441E-2 5.32947E-2 5.41853E-2 5.41966E-2 5.53333E-2 5.61402E-2 5.65657E-2 5.80332E-2 5.75677E-2 5.92537E-2 6.28631E-2 6.30048E-2 6.41871E-2 6.45892E-2 6.48734E-2 6.93533E-2 6.87894E-2 7.0335E-2 7.00649E-2 7.17795E-2 7.1203E-2
4.8654E-2 4.77625E-2 4.83574E-2 4.7669E-2 4.7669E-2 4.81729E-2 4.77792E-2 4.8572E-2 4.85776E-2 4.90787E-2 4.91869E-2 4.70232E-2 4.96045E-2 4.75275E-2 4.79415E-2 4.79415E-2 5.01521E-2 4.80361E-2 4.81364E-2 4.85304E-2 4.8849E-2 4.89453E-2 4.89342E-2 4.89287E-2 4.88158E-2 4.92373E-2 4.91349E-2 4.92318E-2 4.92208E-2 4.85142E-2 4.91301E-2 4.86199E-2 4.89316E-2 4.84181E-2 4.83175E-2 4.93436E-2 4.99647E-2 5.0074E-2 4.96736E-2 5.05164E-2 5.0536E-2 5.35138E-2 5.4083E-2 5.43088E-2 5.49866E-2 5.58925E-2 5.69718E-2 5.70345E-2 6.05713E-2 6.22215E-2 6.23558E-2 6.32696E-2 6.36735E-2 6.45953E-2 6.82244E-2 6.86573E-2 6.9495E-2 6.99154E-2 6.97729E-2 7.09066E-2 7.10646E-2
5.01677E-2 4.99324E-2 4.71609E-2 4.98312E-2 3.84298E-2 5.04628E-2 5.04688E-2 4.81554E-2 4.81611E-2 4.85683E-2 4.87657E-2 4.91743E-2 4.97195E-2 4.97195E-2 4.97195E-2 4.98291E-2 4.97253E-2 4.98233E-2 5.06734E-2 4.8536E-2 4.84294E-2 4.85193E-2 4.84228E-2 4.79166E-2 4.89231E-2 4.88158E-2 4.88158E-2 4.85007E-2 4.77932E-2 4.77109E-2 4.77997E-2 4.76949E-2 4.76949E-2 4.72064E-2 4.83123E-2 4.99246E-2 5.03359E-2 5.05509E-2 5.09727E-2 5.15326E-2 5.19681E-2 5.26371E-2 5.28683E-2 5.42961E-2 5.46458E-2 5.85837E-2 5.62577E-2 5.95859E-2 6.05651E-2 6.14445E-2 6.18312E-2 6.2735E-2 6.35428E-2 6.83605E-2 6.8514E-2 6.80827E-2 6.82285E-2 6.92123E-2 7.0208E-2 7.0208E-2 7.12095E-2
3.79595E-2 3.82724E-2 3.79488E-2 3.75407E-2 4.9098E-2 4.91098E-2 4.99243E-2 5.00405E-2 4.78404E-2 4.90661E-2 5.13331E-2 4.91801E-2 4.91917E-2 4.97097E-2 4.91975E-2 4.97097E-2 5.01438E-2 5.02484E-2 5.06677E-2 5.06618E-2 5.03357E-2 4.81061E-2 4.83331E-2 5.05553E-2 5.05437E-2 5.00102E-2 4.98865E-2 4.97713E-2 4.97874E-2 4.9793E-2 5.01978E-2 5.054E-2 4.78993E-2 5.01082E-2 5.07613E-2 5.08668E-2 5.07669E-2 5.12968E-2 5.15154E-2 5.25036E-2 5.17524E-2 5.19793E-2 5.52854E-2 5.63193E-2 5.71549E-2 5.82217E-2 5.83482E-2 5.97088E-2 5.98382E-2 6.13273E-2 6.47894E-2 6.52028E-2 6.58797E-2 6.76532E-2 6.80837E-2 6.82357E-2 6.85221E-2 6.90861E-2 7.33841E-2 7.39691E-2 7.0208E-2
