Artocarpus heterophyllus SDM files/Last interglacial/results (without bias file)/Arthet_8.asc
ncols         625
nrows         721
xllcorner     69.99986311115
yllcorner     5.99986151914999
cellsize      0.041666667
NODATA_value  -9999
[rows 189 to 215 of 721, columns 244 to 304 of 625]
6.16315E-2 6.06235E-2 5.89109E-2 6.21137E-2 6.23741E-2 6.30144E-2 6.13071E-2 6.42702E-2 6.52199E-2 6.54779E-2 6.70052E-2 6.84467E-2 6.91818E-2 7.20578E-2 7.24445E-2 7.29355E-2 7.70258E-2 7.57617E-2 7.63272E-2 8.07516E-2 7.9535E-2 8.21424E-2 8.29837E-2 8.51275E-2 8.60129E-2 8.66612E-2 8.94018E-2 9.49231E-2 9.33001E-2 9.3692E-2 9.08715E-2 9.20188E-2 9.45938E-2 9.34271E-2 9.34292E-2 9.73729E-2 9.71782E-2 1E-1 1.00237E-1 9.90392E-2 1.01757E-1 1.12406E-1 1.1798E-1 1.73716E-1 1.11138E-1 1.66237E-1 1.64777E-1 1.76256E-1 1.86935E-1 1.91778E-1 1.99551E-1 2.04164E-1 1.96346E-1 1.56078E-1 1.13368E-1 1.02455E-1 9.32117E-2 1.12292E-1 9.70165E-2 9.01279E-2 1.15245E-1
6.02274E-2 5.97333E-2 5.90822E-2 6.07679E-2 6.13537E-2 6.25173E-2 6.13904E-2 6.51232E-2 6.54531E-2 6.43844E-2 6.57551E-2 6.52789E-2 6.58412E-2 6.96311E-2 6.93371E-2 7.06833E-2 7.27901E-2 7.56288E-2 7.44581E-2 7.51153E-2 7.78436E-2 8.07007E-2 8.1766E-2 8.39525E-2 8.27974E-2 8.52927E-2 8.54671E-2 8.81584E-2 9.10039E-2 9.08271E-2 8.7806E-2 9.24066E-2 9.12188E-2 9.199E-2 9.32358E-2 9.47329E-2 9.88171E-2 9.72653E-2 9.49261E-2 9.79427E-2 1.03771E-1 1.07095E-1 1.10423E-1 1.17065E-1 1.84602E-1 1.69352E-1 1.65017E-1 1.58403E-1 1.11436E-1 1.15844E-1 1.7746E-1 1.82763E-1 1.85723E-1 2.01937E-1 1.97594E-1 1.52511E-1 1.27658E-1 1.13183E-1 1.30888E-1 1.11287E-1 8.78357E-2
5.99568E-2 5.87203E-2 5.85888E-2 5.94498E-2 5.9415E-2 6.16087E-2 6.12571E-2 6.2596E-2 6.27053E-2 6.37313E-2 6.4277E-2 6.46706E-2 6.67551E-2 6.87571E-2 6.84883E-2 7.05388E-2 7.1262E-2 7.24881E-2 7.47121E-2 7.54981E-2 7.69072E-2 7.94204E-2 8.05566E-2 8.25376E-2 8.22362E-2 8.50659E-2 8.51253E-2 8.65722E-2 9.15822E-2 9.0165E-2 8.95985E-2 9.14512E-2 9.10137E-2 9.14078E-2 9.0829E-2 9.39191E-2 9.70918E-2 9.33154E-2 8.4105E-2 9.11394E-2 9.35931E-2 9.7054E-2 9.39452E-2 9.41307E-2 1.07382E-1 1.23484E-1 1.90976E-1 1.67218E-1 1.72152E-1 1.60915E-1 1.65403E-1 1.66457E-1 1.68044E-1 1.79867E-1 1.89921E-1 1.95472E-1 1.60461E-1 1.18091E-1 1.14556E-1 1.3143E-1 1.39058E-1
5.96945E-2 5.87718E-2 5.9273E-2 5.87075E-2 6.06279E-2 6.09775E-2 6.0633E-2 6.19205E-2 6.2581E-2 6.29881E-2 6.19835E-2 6.35532E-2 6.3946E-2 6.53963E-2 6.65052E-2 6.83792E-2 6.89438E-2 7.03971E-2 7.18756E-2 7.332E-2 7.42504E-2 7.68356E-2 7.82825E-2 7.82738E-2 8.19861E-2 8.26749E-2 8.20182E-2 8.25861E-2 8.58867E-2 8.74937E-2 8.52633E-2 8.71298E-2 8.81715E-2 8.87043E-2 9.25581E-2 9.25647E-2 9.6838E-2 9.05739E-2 8.71657E-2 9.45517E-2 9.20422E-2 8.78106E-2 8.30305E-2 8.51004E-2 8.68834E-2 8.74987E-2 9.06892E-2 1.04501E-1 1.90167E-1 1.87665E-1 1.67402E-1 1.60926E-1 1.59896E-1 1.66383E-1 1.74035E-1 1.86523E-1 1.89033E-1 1.53765E-1 1.14838E-1 1.14683E-1 1.16964E-1
6.10051E-2 6.02009E-2 5.79075E-2 5.94974E-2 5.81805E-2 5.85321E-2 5.91422E-2 6.01519E-2 6.20525E-2 6.10892E-2 6.14843E-2 6.21221E-2 6.41072E-2 6.52261E-2 6.5966E-2 6.69467E-2 6.81019E-2 6.86585E-2 7.02479E-2 7.22582E-2 7.31711E-2 7.49685E-2 7.65191E-2 7.65098E-2 7.85972E-2 7.99873E-2 8.07216E-2 8.28398E-2 8.39232E-2 8.53981E-2 8.38818E-2 8.62586E-2 8.69011E-2 8.79953E-2 9.04893E-2 9.00042E-2 9.46011E-2 9.1909E-2 8.8797E-2 9.67274E-2 1.09281E-1 9.55929E-2 8.8553E-2 8.8129E-2 8.40131E-2 8.625E-2 8.743E-2 8.82408E-2 9.37979E-2 1.04979E-1 1.89229E-1 1.90131E-1 1.861E-1 1.82818E-1 1.82191E-1 1.86988E-1 1.94183E-1 2.01213E-1 2.01074E-1 1.65091E-1 1.52093E-1
6.02267E-2 5.93111E-2 5.89215E-2 5.85957E-2 5.76787E-2 5.98286E-2 6.08375E-2 5.98868E-2 6.23814E-2 6.29205E-2 6.25679E-2 6.29739E-2 6.48724E-2 6.48466E-2 6.62553E-2 6.66624E-2 6.62441E-2 6.75246E-2 6.81016E-2 7.03349E-2 7.1793E-2 7.18084E-2 7.43398E-2 7.5256E-2 7.64789E-2 7.833E-2 7.84113E-2 8.00458E-2 8.08958E-2 8.1706E-2 8.2346E-2 8.44374E-2 8.60248E-2 8.63785E-2 8.72726E-2 9.1609E-2 9.28364E-2 8.9455E-2 8.93375E-2 9.19571E-2 9.51433E-2 1.03173E-1 1.07835E-1 1.07903E-1 1.05851E-1 1.62065E-1 1.54988E-1 1.61689E-1 1.00825E-1 1.42727E-1 1.52311E-1 1.72153E-1 1.88008E-1 2.10233E-1 2.12149E-1 2.0865E-1 2.05928E-1 1.83291E-1 1.93827E-1 1.99086E-1 1.90767E-1
5.99739E-2 5.8955E-2 5.91778E-2 5.9535E-2 6.07867E-2 5.96948E-2 5.98092E-2 6.10856E-2 6.14669E-2 6.18449E-2 6.15414E-2 6.3577E-2 6.24587E-2 6.39195E-2 6.60388E-2 6.76617E-2 6.67135E-2 6.77227E-2 6.73839E-2 6.962E-2 6.8592E-2 7.21519E-2 7.27917E-2 7.47073E-2 7.44701E-2 7.55238E-2 7.61535E-2 7.76184E-2 8.0038E-2 7.97084E-2 8.01846E-2 8.21187E-2 8.42911E-2 8.48233E-2 8.56645E-2 8.90221E-2 8.73496E-2 8.88926E-2 8.78907E-2 8.77659E-2 9.13033E-2 9.25097E-2 9.02276E-2 9.35418E-2 9.37858E-2 9.13838E-2 9.68996E-2 1.56058E-1 1.55453E-1 1.37056E-1 1.39532E-1 1.47144E-1 1.48328E-1 1.56311E-1 1.719E-1 1.86934E-1 1.94523E-1 2.06812E-1 2.1547E-1 2.1953E-1 2.17192E-1
5.9326E-2 5.88062E-2 5.99806E-2 5.85028E-2 5.98846E-2 5.89303E-2 5.9166E-2 6.07262E-2 6.09784E-2 6.15708E-2 6.16926E-2 6.12889E-2 6.16896E-2 6.23559E-2 6.45521E-2 6.5077E-2 6.47919E-2 6.68527E-2 6.7279E-2 6.77168E-2 6.92228E-2 7.01104E-2 7.32877E-2 7.12864E-2 7.23155E-2 7.32157E-2 7.44144E-2 7.6162E-2 7.71284E-2 7.88628E-2 7.83955E-2 8.2121E-2 8.02025E-2 8.23746E-2 8.42659E-2 8.7561E-2 8.75316E-2 8.94536E-2 8.66284E-2 8.71609E-2 8.86101E-2 8.74047E-2 8.67868E-2 8.88748E-2 8.65955E-2 8.9424E-2 9.18245E-2 1.46936E-1 1.63487E-1 1.669E-1 1.63504E-1 1.53394E-1 1.45813E-1 1.4365E-1 1.48143E-1 1.54394E-1 1.5292E-1 1.57196E-1 1.61008E-1 1.65327E-1 1.68203E-1
6.02769E-2 5.98823E-2 5.94513E-2 5.8275E-2 5.88933E-2 5.91366E-2 5.93515E-2 6.04579E-2 6.07044E-2 6.10818E-2 6.22556E-2 6.09052E-2 6.07563E-2 6.28144E-2 6.3338E-2 6.41379E-2 6.42609E-2 6.48145E-2 6.80823E-2 6.66124E-2 6.64466E-2 7.01671E-2 6.9226E-2 6.90737E-2 7.08243E-2 7.2326E-2 7.13987E-2 7.45754E-2 7.64854E-2 7.63247E-2 7.598E-2 7.67495E-2 7.85306E-2 8.05249E-2 8.23721E-2 8.30436E-2 8.57602E-2 8.65334E-2 8.50196E-2 8.50286E-2 8.60912E-2 8.71589E-2 8.57221E-2 8.57148E-2 8.61675E-2 8.72422E-2 1.35435E-1 9.13593E-2 1.38179E-1 1.47916E-1 1.70908E-1 1.69563E-1 1.60713E-1 1.50437E-1 1.49889E-1 1.48949E-1 1.48462E-1 1.47582E-1 1.50372E-1 1.52072E-1 1.5469E-1
5.9483E-2 6.07829E-2 5.90478E-2 5.8914E-2 5.87501E-2 5.92609E-2 5.9481E-2 5.91914E-2 6.02066E-2 6.05751E-2 6.09557E-2 6.18652E-2 6.22516E-2 6.2127E-2 6.18904E-2 6.3341E-2 6.51686E-2 6.52717E-2 6.55589E-2 6.58425E-2 6.49528E-2 6.56236E-2 6.795E-2 6.77866E-2 7.11578E-2 7.02085E-2 7.19053E-2 7.24423E-2 7.34957E-2 7.40976E-2 7.44151E-2 7.51905E-2 7.87166E-2 8.04466E-2 8.11198E-2 8.17619E-2 8.36433E-2 8.50451E-2 8.49177E-2 8.40722E-2 8.46201E-2 8.39846E-2 8.66205E-2 8.60869E-2 8.77912E-2 8.73286E-2 8.84408E-2 8.76909E-2 9.16229E-2 1.44025E-1 1.51579E-1 1.64055E-1 1.84493E-1 1.89218E-1 1.68892E-1 1.57395E-1 1.54646E-1 1.4778E-1 1.54546E-1 1.74585E-1 1.85585E-1
6.07752E-2 6.0507E-2 6.04664E-2 5.79117E-2 5.97873E-2 6.00302E-2 5.83479E-2 6.13074E-2 6.1692E-2 5.89351E-2 6.05516E-2 6.17157E-2 6.11831E-2 6.10979E-2 6.09684E-2 6.1377E-2 6.3518E-2 6.48757E-2 6.4178E-2 6.5303E-2 6.57296E-2 6.65484E-2 6.81538E-2 6.82674E-2 6.70725E-2 6.85136E-2 7.08829E-2 7.00673E-2 7.34319E-2 7.24436E-2 7.57472E-2 7.46277E-2 7.65326E-2 7.78268E-2 7.91048E-2 7.98981E-2 8.0574E-2 8.35563E-2 8.25066E-2 8.26646E-2 8.28607E-2 8.30246E-2 8.51198E-2 8.61581E-2 8.50922E-2 8.61661E-2 1.34148E-1 8.86979E-2 1.37362E-1 1.41041E-1 1.42424E-1 1.4684E-1 1.44336E-1 1.65301E-1 1.96688E-1 1.9468E-1 1.929E-1 2.02331E-1 2.19712E-1 2.17004E-1 2.16862E-1
5.99626E-2 5.85913E-2 6.19675E-2 5.86701E-2 5.92862E-2 5.96545E-2 5.97483E-2 5.92496E-2 6.11776E-2 6.05172E-2 6.06353E-2 6.11473E-2 5.93032E-2 6.05746E-2 6.09738E-2 6.13762E-2 6.27541E-2 6.35515E-2 6.52144E-2 6.50644E-2 6.40498E-2 6.47607E-2 6.64554E-2 6.54085E-2 6.60856E-2 6.84048E-2 6.89818E-2 7.05656E-2 7.17376E-2 7.26559E-2 7.41867E-2 7.29873E-2 7.4471E-2 7.52411E-2 7.6691E-2 8.06743E-2 8.1506E-2 8.22028E-2 8.16704E-2 8.20057E-2 8.23371E-2 8.26804E-2 8.23406E-2 8.41187E-2 8.41187E-2 8.60433E-2 1.29873E-1 1.34548E-1 1.3303E-1 1.38015E-1 1.39386E-1 1.40425E-1 1.49648E-1 1.58096E-1 1.70223E-1 1.83932E-1 1.78925E-1 1.81149E-1 1.68224E-1 1.60435E-1 1.71712E-1
5.81842E-2 6.00912E-2 6.11677E-2 5.92997E-2 5.78829E-2 6.08568E-2 6.04551E-2 5.79998E-2 6.13031E-2 6.15655E-2 5.96076E-2 6.06425E-2 6.01326E-2 6.23755E-2 6.02657E-2 6.14212E-2 6.19631E-2 6.27638E-2 6.65327E-2 6.60831E-2 6.47998E-2 6.48145E-2 6.48317E-2 6.56177E-2 6.61589E-2 6.58158E-2 6.77204E-2 6.97763E-2 6.89072E-2 7.14672E-2 7.20357E-2 7.17473E-2 7.33895E-2 7.35273E-2 7.46113E-2 7.73611E-2 7.83484E-2 7.99793E-2 8.01417E-2 8.12273E-2 8.00364E-2 8.25672E-2 8.34659E-2 8.29289E-2 8.3264E-2 8.44743E-2 8.53421E-2 8.60562E-2 1.32632E-1 1.33097E-1 1.37159E-1 1.41118E-1 1.44796E-1 1.47836E-1 1.50578E-1 1.54221E-1 1.57039E-1 1.56959E-1 1.56912E-1 1.52707E-1 1.66318E-1
5.89261E-2 6.08532E-2 6.10903E-2 5.93563E-2 6.04746E-2 5.85433E-2 5.85227E-2 5.72487E-2 6.04112E-2 6.08928E-2 6.25151E-2 5.96065E-2 5.92338E-2 5.91187E-2 5.93695E-2 5.9617E-2 6.26993E-2 6.4045E-2 6.46993E-2 6.31799E-2 6.27992E-2 6.39971E-2 6.38847E-2 6.55568E-2 6.66429E-2 6.77615E-2 6.86485E-2 6.90629E-2 6.81343E-2 6.98414E-2 7.11739E-2 7.1012E-2 7.27154E-2 7.26764E-2 7.32141E-2 7.67538E-2 7.73676E-2 7.80132E-2 7.93303E-2 8.09264E-2 7.95548E-2 8.05685E-2 8.02084E-2 8.085E-2 8.29883E-2 8.36703E-2 1.27781E-1 1.27123E-1 1.31689E-1 1.34069E-1 1.37064E-1 1.37538E-1 1.39166E-1 1.40775E-1 1.46652E-1 1.45554E-1 1.52236E-1 1.52166E-1 1.47743E-1 1.5502E-1 1.61112E-1
5.82647E-2 6.05944E-2 5.87642E-2 6.01356E-2 5.79907E-2 5.95839E-2 5.95336E-2 5.96946E-2 6.09731E-2 6.18719E-2 6.05438E-2 5.98015E-2 5.88814E-2 5.92623E-2 6.04467E-2 5.99477E-2 6.04741E-2 6.10102E-2 6.24055E-2 6.20134E-2 6.19768E-2 6.22758E-2 6.36608E-2 6.44783E-2 6.51285E-2 6.59578E-2 6.64826E-2 6.71871E-2 6.68727E-2 6.76873E-2 6.83639E-2 7.02916E-2 7.18316E-2 7.13664E-2 7.21039E-2 7.28527E-2 7.69576E-2 7.80757E-2 7.85885E-2 7.82614E-2 7.9054E-2 7.85422E-2 7.93737E-2 8.00019E-2 8.22854E-2 1.26285E-1 1.27287E-1 1.2779E-1 1.28808E-1 1.30314E-1 1.33641E-1 1.3549E-1 1.37667E-1 1.37802E-1 1.41058E-1 1.41867E-1 1.44997E-1 1.45604E-1 1.49369E-1 1.50815E-1 1.53855E-1
5.7898E-2 5.81452E-2 5.83945E-2 5.84727E-2 5.68211E-2 5.95818E-2 5.81599E-2 6.00983E-2 5.83011E-2 5.96631E-2 5.88934E-2 5.99385E-2 5.90437E-2 6.1143E-2 5.93469E-2 5.95965E-2 5.98481E-2 6.04817E-2 6.08874E-2 6.17866E-2 6.13657E-2 6.17445E-2 6.31423E-2 6.31315E-2 6.31259E-2 6.53201E-2 6.51379E-2 6.81039E-2 6.53259E-2 6.68571E-2 6.90556E-2 6.90269E-2 7.06102E-2 7.1257E-2 7.06045E-2 7.15095E-2 7.5262E-2 7.49291E-2 7.64913E-2 7.69744E-2 7.7288E-2 7.86581E-2 7.9284E-2 7.96138E-2 7.92558E-2 7.97501E-2 1.23445E-1 1.26891E-1 1.28149E-1 1.31292E-1 1.29885E-1 1.30433E-1 1.34152E-1 1.37119E-1 1.34986E-1 1.40152E-1 1.44078E-1 1.42478E-1 1.45054E-1 1.45566E-1 1.47002E-1
5.68338E-2 5.77936E-2 5.80225E-2 5.82724E-2 5.80665E-2 5.75047E-2 5.94923E-2 5.89081E-2 5.90293E-2 5.91485E-2 5.80196E-2 5.96972E-2 5.94382E-2 5.80457E-2 5.84191E-2 5.80607E-2 5.84199E-2 5.8818E-2 5.97559E-2 6.02845E-2 6.20861E-2 6.20697E-2 6.26016E-2 6.32659E-2 6.24752E-2 6.30985E-2 6.53164E-2 6.67091E-2 6.80937E-2 6.54586E-2 7.04307E-2 7.04232E-2 6.83135E-2 7.16341E-2 7.19491E-2 7.12724E-2 7.2492E-2 7.32513E-2 7.38398E-2 7.72174E-2 7.65812E-2 7.70303E-2 7.75126E-2 1.19092E-1 1.23655E-1 1.22868E-1 1.23882E-1 1.25116E-1 1.25869E-1 1.27376E-1 1.26002E-1 1.27004E-1 1.2961E-1 1.32486E-1 1.36593E-1 1.35971E-1 1.37047E-1 1.42683E-1 1.41935E-1 1.44931E-1 1.46076E-1
5.75514E-2 5.82148E-2 5.71643E-2 5.79289E-2 5.94426E-2 5.88845E-2 5.586E-2 5.91171E-2 6.01101E-2 6.02314E-2 6.05096E-2 5.93348E-2 5.88483E-2 5.92396E-2 5.78118E-2 5.75764E-2 5.79415E-2 5.84784E-2 5.96385E-2 6.01923E-2 6.09554E-2 6.17696E-2 6.02477E-2 6.15536E-2 6.15227E-2 6.2181E-2 6.42134E-2 6.54737E-2 6.55751E-2 6.65569E-2 6.64907E-2 6.63637E-2 6.86692E-2 6.90965E-2 6.93768E-2 6.96375E-2 7.12677E-2 7.15604E-2 7.29375E-2 7.45371E-2 7.4689E-2 7.53024E-2 7.62971E-2 7.72276E-2 1.19243E-1 1.20195E-1 1.1955E-1 1.22124E-1 1.23344E-1 1.27034E-1 1.25285E-1 1.25511E-1 1.27837E-1 1.27701E-1 1.32023E-1 1.31713E-1 1.35229E-1 1.37924E-1 1.41589E-1 1.40975E-1 1.41115E-1
5.74174E-2 5.67164E-2 5.77003E-2 5.7946E-2 5.95883E-2 5.89169E-2 5.51887E-2 5.69627E-2 5.71243E-2 5.77326E-2 5.95147E-2 5.78478E-2 5.74855E-2 5.74809E-2 5.66369E-2 5.79672E-2 5.72431E-2 5.89022E-2 5.91682E-2 5.96642E-2 6.01877E-2 6.15097E-2 6.05758E-2 6.10956E-2 6.101E-2 6.1539E-2 6.2305E-2 6.38091E-2 6.43382E-2 6.5566E-2 6.77387E-2 6.66866E-2 6.7379E-2 6.79366E-2 6.76265E-2 6.83543E-2 6.96699E-2 7.06004E-2 7.3012E-2 7.25188E-2 1.13655E-1 7.47494E-2 7.44099E-2 7.48759E-2 1.16099E-1 1.19092E-1 1.20049E-1 1.19647E-1 1.22241E-1 1.20878E-1 1.22334E-1 1.26195E-1 1.23986E-1 1.25794E-1 1.30173E-1 1.29677E-1 1.3312E-1 1.32685E-1 1.3629E-1 1.37946E-1 1.37933E-1
5.7138E-2 5.57722E-2 5.74555E-2 5.82112E-2 5.932E-2 5.73222E-2 5.65984E-2 5.52879E-2 5.70621E-2 5.65923E-2 5.65331E-2 5.76102E-2 5.75233E-2 5.72516E-2 5.60241E-2 5.70329E-2 5.76608E-2 5.84134E-2 5.76531E-2 5.85496E-2 5.8938E-2 5.95543E-2 6.05818E-2 6.05674E-2 6.122E-2 6.19797E-2 6.25194E-2 6.32792E-2 6.38091E-2 6.40675E-2 6.38923E-2 6.53348E-2 6.77301E-2 6.724E-2 6.70498E-2 6.89792E-2 6.77677E-2 7.01745E-2 7.0607E-2 7.07399E-2 7.36562E-2 7.39613E-2 7.34749E-2 7.51079E-2 7.52396E-2 7.57093E-2 1.17171E-1 1.15376E-1 1.16768E-1 1.17273E-1 1.1966E-1 1.19365E-1 1.20803E-1 1.23019E-1 1.24498E-1 1.24273E-1 1.31661E-1 1.27182E-1 1.29544E-1 1.34411E-1 1.36314E-1
5.63845E-2 5.55234E-2 5.58029E-2 5.59026E-2 5.67378E-2 5.69807E-2 5.70892E-2 5.64843E-2 5.51288E-2 5.68908E-2 5.57736E-2 5.58333E-2 5.56041E-2 5.66862E-2 5.5721E-2 5.54544E-2 5.68023E-2 5.69355E-2 5.72893E-2 5.77869E-2 5.80308E-2 5.85297E-2 5.85257E-2 5.9965E-2 6.04373E-2 6.05768E-2 6.12254E-2 6.10364E-2 6.48313E-2 6.36882E-2 6.41082E-2 6.46447E-2 6.534E-2 6.58681E-2 6.70325E-2 6.82914E-2 6.8837E-2 6.91217E-2 6.92812E-2 7.14227E-2 7.12539E-2 7.13777E-2 1.11203E-1 1.1302E-1 1.13925E-1 1.14121E-1 1.1458E-1 1.13657E-1 1.16684E-1 1.17371E-1 1.1537E-1 1.18919E-1 1.20123E-1 1.23661E-1 1.21533E-1 1.22042E-1 1.23303E-1 1.25843E-1 1.28143E-1 1.29942E-1 1.29623E-1
5.60304E-2 5.62651E-2 5.63689E-2 5.52893E-2 5.54113E-2 5.56458E-2 5.58847E-2 5.67711E-2 5.52795E-2 5.61373E-2 5.63758E-2 5.57584E-2 5.62583E-2 5.66395E-2 5.6286E-2 5.57566E-2 5.71987E-2 5.66938E-2 5.63536E-2 5.6706E-2 5.71792E-2 5.74332E-2 5.87163E-2 5.94578E-2 6.01884E-2 6.1655E-2 6.17682E-2 6.09369E-2 6.38592E-2 6.26107E-2 6.29999E-2 6.34251E-2 6.3955E-2 6.53452E-2 6.6486E-2 6.6036E-2 6.74505E-2 6.94799E-2 6.78359E-2 6.95032E-2 6.99177E-2 7.18682E-2 7.2168E-2 1.09582E-1 1.08911E-1 1.09568E-1 1.11138E-1 1.11811E-1 1.12489E-1 1.134E-1 1.15485E-1 1.1669E-1 1.18801E-1 1.19756E-1 1.21221E-1 1.20699E-1 1.22669E-1 1.23829E-1 1.23776E-1 1.27821E-1 1.26019E-1
5.36768E-2 5.3778E-2 5.40058E-2 5.5809E-2 5.58324E-2 5.5295E-2 5.54147E-2 5.56527E-2 5.53232E-2 5.55619E-2 5.58186E-2 5.59165E-2 5.53172E-2 5.55607E-2 5.54187E-2 5.43454E-2 5.61627E-2 5.58826E-2 5.61165E-2 5.63436E-2 5.80962E-2 5.85748E-2 5.83461E-2 5.67199E-2 5.93436E-2 6.15752E-2 5.97147E-2 5.96737E-2 6.01948E-2 6.15676E-2 6.19608E-2 6.23474E-2 6.3988E-2 6.44146E-2 6.46622E-2 6.43786E-2 6.59113E-2 6.79192E-2 1.04805E-1 1.06835E-1 6.89625E-2 1.06381E-1 1.09299E-1 1.0996E-1 1.10184E-1 1.10847E-1 1.08477E-1 1.08028E-1 1.08245E-1 1.10685E-1 1.12958E-1 1.13382E-1 1.18678E-1 1.192E-1 1.15845E-1 1.20042E-1 1.2053E-1 1.20609E-1 1.21608E-1 1.22587E-1 1.23823E-1
5.45313E-2 5.47588E-2 5.35545E-2 5.51143E-2 5.55983E-2 5.56029E-2 5.58382E-2 5.48397E-2 5.452E-2 5.4637E-2 5.48873E-2 5.51115E-2 5.534E-2 5.54738E-2 5.47578E-2 5.34305E-2 5.50555E-2 5.6275E-2 5.53115E-2 5.68875E-2 5.72408E-2 5.75975E-2 5.76015E-2 5.68552E-2 5.89637E-2 5.80754E-2 6.10438E-2 5.94139E-2 5.98187E-2 6.03198E-2 6.08089E-2 6.1181E-2 6.33494E-2 6.38596E-2 6.41523E-2 6.37179E-2 6.58043E-2 1.01412E-1 1.04456E-1 6.78025E-2 1.02902E-1 1.00283E-1 1.03506E-1 1.03719E-1 1.04816E-1 1.07518E-1 1.06964E-1 1.06733E-1 1.09699E-1 1.10141E-1 1.12629E-1 1.14667E-1 1.12212E-1 1.1527E-1 1.15514E-1 1.16445E-1 1.18818E-1 1.19541E-1 1.21733E-1 1.20369E-1 1.21102E-1
5.19315E-2 5.35841E-2 5.36983E-2 5.41954E-2 5.50244E-2 5.39449E-2 5.40663E-2 5.41824E-2 5.45263E-2 5.41973E-2 5.43147E-2 5.54174E-2 5.44099E-2 5.49078E-2 5.6238E-2 5.26048E-2 5.29797E-2 5.42356E-2 5.4382E-2 5.45987E-2 5.56571E-2 5.60032E-2 5.58618E-2 5.61113E-2 5.65776E-2 5.70784E-2 5.93311E-2 5.89187E-2 6.08719E-2 6.11454E-2 6.16586E-2 6.12644E-2 6.28238E-2 6.32014E-2 6.51578E-2 6.48736E-2 6.51307E-2 9.8043E-2 1.032E-1 1.02762E-1 1.04505E-1 1.01674E-1 1.02294E-1 1.02681E-1 1.03282E-1 1.05545E-1 1.06183E-1 1.05735E-1 1.0595E-1 1.07902E-1 1.09485E-1 1.10601E-1 1.10416E-1 1.14179E-1 1.11807E-1 1.13871E-1 1.1479E-1 1.15717E-1 1.18743E-1 1.20254E-1 1.20983E-1
5.24322E-2 5.18451E-2 5.33426E-2 5.35701E-2 5.38232E-2 5.39622E-2 5.42037E-2 5.30172E-2 5.32421E-2 5.31673E-2 5.35185E-2 5.28283E-2 5.34193E-2 5.43521E-2 5.38577E-2 5.36023E-2 5.24099E-2 5.44181E-2 5.35741E-2 5.37944E-2 5.41522E-2 5.50681E-2 5.49447E-2 5.53096E-2 5.70291E-2 5.75052E-2 5.79959E-2 5.79523E-2 6.0631E-2 6.08997E-2 6.07351E-2 6.04708E-2 6.14005E-2 6.14957E-2 6.40489E-2 6.50417E-2 6.44531E-2 1.01995E-1 1.02371E-1 1.0153E-1 1.00835E-1 1.01071E-1 1.03466E-1 1.03886E-1 1.03036E-1 1.03388E-1 1.03805E-1 1.04221E-1 1.03598E-1 1.05315E-1 1.07888E-1 1.09171E-1 1.09011E-1 1.12389E-1 1.10472E-1 1.12876E-1 1.10717E-1 1.14288E-1 1.12512E-1 1.18036E-1 1.19931E-1
5.22241E-2 5.16719E-2 5.24322E-2 5.1959E-2 5.21819E-2 5.23139E-2 5.24471E-2 5.26856E-2 5.29161E-2 5.44383E-2 5.28123E-2 5.31447E-2 5.32756E-2 5.36132E-2 5.37215E-2 5.49325E-2 5.28611E-2 5.34762E-2 5.39292E-2 5.35663E-2 5.37877E-2 5.54614E-2 5.59237E-2 5.50569E-2 5.677E-2 5.71501E-2 5.76272E-2 5.79995E-2 5.93865E-2 6.01496E-2 6.11908E-2 6.14454E-2 6.19604E-2 6.22069E-2 6.27254E-2 6.39121E-2 9.75615E-2 9.79593E-2 9.81229E-2 9.9864E-2 9.9171E-2 9.94903E-2 9.97202E-2 9.98522E-2 9.98549E-2 1.03532E-1 1.03737E-1 1.03087E-1 1.02732E-1 1.02699E-1 1.05081E-1 1.06154E-1 1.04665E-1 1.08358E-1 1.11642E-1 1.11405E-1 1.09013E-1 1.08899E-1 1.10454E-1 1.11319E-1 1.11583E-1
