Artocarpus heterophyllus SDM files/Last interglacial/results (without bias file)/Arthet_stddev.asc
ncols         625
nrows         721
xllcorner     69.99986311115
yllcorner     5.99986151914999
cellsize      0.041666667
NODATA_value  -9999
[rows 513 to 539 of 721, columns 122 to 182 of 625]
2.98335E-2 2.89781E-2 2.81405E-2 2.73527E-2 2.89014E-2 2.93304E-2 2.94693E-2 2.85091E-2 2.88005E-2 3.05281E-2 2.6345E-2 3.16572E-2 1.90485E-2 1.68416E-2 2.81785E-2 2.11771E-2 1.99604E-2 1.8846E-2 1.78977E-2 1.70599E-2 1.61063E-2 1.40524E-2 3.05365E-2 4.79344E-2 2.80935E-2 2.40478E-2 2.61038E-2 3.45994E-2 3.7573E-2 2.69802E-2 3.22796E-2 4.34644E-2 3.23833E-2 2.23373E-2 1.70799E-2 1.10101E-2 1.53208E-2 2.46522E-2 1.53073E-2 9.98304E-3 9.29197E-3 1.25332E-2 5.81284E-3 5.33327E-3 5.18382E-3 5.53242E-3 5.32177E-3 7.98295E-3 9.37555E-3 1.17528E-2 1.00095E-2 7.66313E-3 4.47888E-3 1.04771E-2 1.26303E-2 6.25739E-3 4.7371E-3 5.18791E-3 6.41337E-3 8.1441E-3 7.71233E-3
2.85068E-2 2.96275E-2 2.84479E-2 2.75222E-2 2.89025E-2 2.90997E-2 2.95817E-2 2.9852E-2 3.73689E-2 3.98478E-2 2.59165E-2 1.84139E-2 1.79371E-2 1.6823E-2 2.16863E-2 1.88709E-2 3.19468E-2 2.60052E-2 1.9622E-2 1.6501E-2 1.62273E-2 1.6725E-2 2.77669E-2 4.29504E-2 2.3541E-2 3.14482E-2 2.22854E-2 2.2792E-2 3.79053E-2 2.69195E-2 3.83045E-2 3.24093E-2 1.9931E-2 1.44782E-2 1.45714E-2 1.06544E-2 1.91697E-2 1.46014E-2 9.98662E-3 8.91047E-3 8.39941E-3 6.7262E-3 5.47629E-3 4.59474E-3 4.93691E-3 9.38691E-3 9.57824E-3 1.07445E-2 8.24128E-3 1.30771E-2 1.01727E-2 4.18405E-3 4.12719E-3 8.38363E-3 1.51896E-2 4.47258E-3 4.28387E-3 4.93489E-3 6.07328E-3 7.33797E-3 7.42255E-3
2.69907E-2 2.84476E-2 2.77731E-2 2.8235E-2 2.82422E-2 2.92938E-2 2.94508E-2 2.96609E-2 3.49077E-2 3.61463E-2 3.32675E-2 2.51499E-2 1.73921E-2 1.43059E-2 1.38806E-2 2.30314E-2 2.48196E-2 2.52274E-2 1.80756E-2 1.5923E-2 1.75877E-2 1.71137E-2 1.74904E-2 4.01195E-2 2.45332E-2 3.7174E-2 2.48623E-2 1.82091E-2 3.5338E-2 2.60225E-2 2.37145E-2 3.25899E-2 1.5934E-2 1.88436E-2 1.02638E-2 1.71126E-2 2.05852E-2 1.31568E-2 8.81442E-3 6.78462E-3 6.46403E-3 5.92087E-3 5.39342E-3 5.10151E-3 8.97578E-3 1.21331E-2 1.13088E-2 1.52443E-2 8.84611E-3 7.94442E-3 4.08789E-3 3.87068E-3 4.11093E-3 6.61074E-3 1.26886E-2 4.36823E-3 3.87254E-3 4.96905E-3 5.3509E-3 6.48077E-3 7.42416E-3
2.93509E-2 3.0427E-2 3.08865E-2 2.68409E-2 2.95316E-2 2.9426E-2 2.94202E-2 2.86742E-2 3.19346E-2 3.57818E-2 3.22538E-2 2.12096E-2 1.75612E-2 1.64145E-2 1.59385E-2 1.72871E-2 1.97926E-2 1.79965E-2 1.84321E-2 1.85258E-2 1.91487E-2 2.00943E-2 1.87892E-2 3.51038E-2 2.85247E-2 3.40066E-2 2.98953E-2 2.67405E-2 2.54497E-2 3.214E-2 2.24068E-2 1.49246E-2 1.25703E-2 1.54492E-2 1.71056E-2 1.02977E-2 1.35782E-2 1.10389E-2 8.31871E-3 7.06679E-3 6.17989E-3 5.4194E-3 6.9008E-3 8.63679E-3 8.82467E-3 1.13888E-2 1.04032E-2 1.30987E-2 7.94077E-3 4.57755E-3 4.75723E-3 3.88736E-3 4.54048E-3 4.24303E-3 1.17978E-2 8.7018E-3 3.46825E-3 4.25124E-3 4.68646E-3 7.11443E-3 9.22772E-3
2.86505E-2 2.91573E-2 3.01807E-2 2.99512E-2 2.91853E-2 2.95667E-2 2.94083E-2 3.01848E-2 2.96482E-2 3.26249E-2 2.6108E-2 1.96253E-2 1.77814E-2 1.86941E-2 1.85105E-2 2.14523E-2 1.87921E-2 1.91424E-2 1.51843E-2 1.73667E-2 2.581E-2 2.12819E-2 2.07279E-2 3.11337E-2 2.99379E-2 2.32519E-2 3.54178E-2 3.16984E-2 2.82651E-2 3.27573E-2 2.40321E-2 1.36043E-2 2.47714E-2 1.8852E-2 1.16854E-2 1.04392E-2 9.17667E-3 1.03269E-2 8.19879E-3 6.64546E-3 5.98179E-3 5.66695E-3 8.0786E-3 9.46985E-3 8.58782E-3 1.00376E-2 1.16388E-2 1.04739E-2 6.90406E-3 4.44041E-3 4.02521E-3 3.92716E-3 3.43571E-3 3.69844E-3 7.4798E-3 9.07652E-3 3.76588E-3 3.47779E-3 4.55592E-3 6.80329E-3 7.41207E-3
2.763E-2 3.03441E-2 3.12352E-2 3.25338E-2 3.12833E-2 2.8951E-2 4.15987E-2 3.18983E-2 3.0403E-2 2.9053E-2 2.72993E-2 2.65978E-2 3.08961E-2 2.16103E-2 1.67246E-2 2.2978E-2 2.30657E-2 1.91977E-2 1.86404E-2 1.59411E-2 2.4958E-2 2.63402E-2 2.3432E-2 2.02549E-2 2.40669E-2 4.03615E-2 3.40012E-2 3.61839E-2 2.84412E-2 2.61455E-2 2.25397E-2 1.66463E-2 3.1021E-2 1.41739E-2 1.1794E-2 1.37468E-2 1.13299E-2 8.19888E-3 7.80404E-3 7.00351E-3 6.60928E-3 5.41447E-3 7.02282E-3 1.04006E-2 6.56286E-3 8.54258E-3 9.95222E-3 1.15183E-2 7.3559E-3 5.60796E-3 4.39096E-3 3.91435E-3 3.25472E-3 4.20754E-3 1.04194E-2 1.1475E-2 4.38666E-3 3.30446E-3 4.65483E-3 7.26628E-3 3.99907E-3
2.69766E-2 2.95081E-2 3.44512E-2 3.58214E-2 3.7528E-2 3.01897E-2 2.96185E-2 3.89945E-2 3.17148E-2 3.27441E-2 2.87856E-2 3.86541E-2 4.3467E-2 2.18536E-2 2.17232E-2 4.20479E-2 3.49341E-2 2.72365E-2 2.25416E-2 1.86924E-2 1.765E-2 2.05678E-2 2.47164E-2 2.35743E-2 2.54006E-2 3.65023E-2 2.56748E-2 2.96895E-2 2.69491E-2 2.53419E-2 1.70393E-2 1.96729E-2 2.97632E-2 1.53186E-2 1.58181E-2 1.86361E-2 1.32917E-2 1.06398E-2 9.81514E-3 7.55974E-3 5.43184E-3 4.9547E-3 5.23041E-3 6.84256E-3 9.59004E-3 9.38548E-3 8.05669E-3 8.53582E-3 5.83752E-3 4.38222E-3 4.99436E-3 4.43777E-3 3.5194E-3 3.54499E-3 8.29374E-3 8.30151E-3 4.02458E-3 3.27587E-3 6.28338E-3 1.68628E-2 3.34424E-3
2.51298E-2 2.83474E-2 3.09278E-2 3.65379E-2 3.66013E-2 3.54035E-2 3.04207E-2 3.05148E-2 3.50319E-2 3.2835E-2 3.16145E-2 3.9349E-2 2.7444E-2 1.73903E-2 3.76226E-2 4.58315E-2 4.51372E-2 3.53795E-2 3.06109E-2 2.20257E-2 2.1439E-2 2.01285E-2 2.4643E-2 2.58772E-2 2.48463E-2 3.90927E-2 2.61161E-2 2.26111E-2 2.37989E-2 2.10291E-2 2.59208E-2 3.54429E-2 1.9046E-2 1.74542E-2 1.80912E-2 1.83715E-2 1.4542E-2 1.21624E-2 8.37806E-3 8.17966E-3 5.61189E-3 4.88497E-3 5.63629E-3 6.06111E-3 5.31295E-3 7.68293E-3 7.59649E-3 7.03442E-3 5.38168E-3 4.699E-3 4.47221E-3 4.05283E-3 3.58144E-3 3.40313E-3 5.51139E-3 1.104E-2 3.69576E-3 3.68772E-3 6.20011E-3 2.88277E-3 3.09588E-3
2.62763E-2 2.86837E-2 2.97258E-2 3.2536E-2 3.75978E-2 3.11631E-2 3.7615E-2 3.44219E-2 3.23575E-2 2.91544E-2 4.03311E-2 3.86012E-2 3.77883E-2 1.71366E-2 2.78445E-2 3.54021E-2 4.70301E-2 4.06385E-2 3.01243E-2 2.95649E-2 2.2691E-2 2.32602E-2 2.67114E-2 2.58025E-2 2.57065E-2 3.01485E-2 4.10804E-2 2.78374E-2 2.48948E-2 2.87381E-2 3.27268E-2 3.93316E-2 3.07016E-2 1.98117E-2 2.46671E-2 1.43731E-2 1.10645E-2 9.37556E-3 7.32836E-3 6.75089E-3 6.68482E-3 4.88059E-3 4.89786E-3 6.13609E-3 6.33584E-3 5.31181E-3 6.4982E-3 5.1193E-3 6.36046E-3 6.55769E-3 6.81231E-3 5.81912E-3 4.13048E-3 4.12806E-3 3.34597E-3 5.93753E-3 6.25461E-3 7.67844E-3 3.66323E-3 2.95146E-3 3.05441E-3
2.27791E-2 2.49376E-2 2.70119E-2 3.0322E-2 3.24296E-2 3.76663E-2 3.63016E-2 3.39656E-2 3.25218E-2 3.25277E-2 3.01231E-2 4.15667E-2 4.41698E-2 1.92428E-2 1.90758E-2 3.30409E-2 4.0278E-2 4.2524E-2 2.74891E-2 2.97116E-2 3.24062E-2 3.02219E-2 2.61631E-2 2.57944E-2 2.6471E-2 2.10006E-2 4.39958E-2 3.99497E-2 3.24492E-2 2.62086E-2 2.54082E-2 2.68719E-2 1.97004E-2 1.27002E-2 1.47036E-2 1.84979E-2 1.30139E-2 1.03644E-2 6.97099E-3 8.39115E-3 8.4647E-3 6.1631E-3 4.53895E-3 4.19817E-3 5.46465E-3 6.26593E-3 8.55419E-3 8.15396E-3 1.08434E-2 1.12547E-2 9.06231E-3 7.47498E-3 1.49091E-2 6.06252E-3 2.83466E-3 5.49596E-3 7.93213E-3 1.19374E-2 4.81663E-3 3.105E-3 4.17404E-3
2.19792E-2 2.41624E-2 2.64162E-2 2.82111E-2 3.10381E-2 3.28664E-2 3.70124E-2 3.38342E-2 3.01568E-2 3.09114E-2 3.08437E-2 3.95569E-2 3.97678E-2 2.54485E-2 1.66117E-2 2.24722E-2 3.58725E-2 4.82794E-2 2.82714E-2 2.94418E-2 2.72579E-2 4.01238E-2 2.68956E-2 2.95221E-2 2.50578E-2 2.19104E-2 3.3303E-2 4.2833E-2 3.46984E-2 2.98837E-2 2.90719E-2 3.21314E-2 3.57058E-2 2.55623E-2 1.5948E-2 1.09924E-2 1.10115E-2 9.22358E-3 7.97344E-3 7.9594E-3 6.57246E-3 4.96066E-3 5.04575E-3 4.33702E-3 3.79387E-3 5.02581E-3 7.26263E-3 1.03462E-2 9.23307E-3 1.04584E-2 6.67282E-3 8.29256E-3 3.7152E-3 5.37881E-3 2.77242E-3 4.00019E-3 7.73962E-3 8.17209E-3 3.22032E-3 4.20899E-3 5.05988E-3
1.99617E-2 2.02935E-2 2.43924E-2 2.62984E-2 3.00398E-2 3.0441E-2 3.29089E-2 3.05237E-2 3.01603E-2 2.94326E-2 4.39809E-2 4.30304E-2 3.93168E-2 3.81342E-2 1.81263E-2 2.68426E-2 2.81804E-2 4.03579E-2 3.11394E-2 3.50011E-2 3.60043E-2 3.16151E-2 3.1806E-2 3.1943E-2 2.74895E-2 2.43409E-2 3.89031E-2 3.86515E-2 2.3601E-2 3.46413E-2 2.72933E-2 3.87218E-2 4.48975E-2 3.87234E-2 2.90107E-2 2.02057E-2 1.36643E-2 1.17465E-2 1.18227E-2 8.90256E-3 5.65974E-3 5.20683E-3 5.10427E-3 4.71447E-3 4.34545E-3 5.35836E-3 6.68298E-3 9.69726E-3 6.74312E-3 9.62858E-3 1.25064E-2 8.91912E-3 6.56427E-3 4.64038E-3 3.30546E-3 3.21924E-3 6.24975E-3 7.36304E-3 7.95745E-3 4.23151E-3 2.91706E-3
1.78518E-2 1.96531E-2 2.1111E-2 2.45212E-2 2.62182E-2 2.81663E-2 3.06318E-2 3.19729E-2 3.0459E-2 2.99802E-2 2.97846E-2 4.42657E-2 4.2184E-2 3.77799E-2 1.94897E-2 1.703E-2 2.64239E-2 3.59951E-2 4.96211E-2 3.23501E-2 2.937E-2 3.46327E-2 3.15705E-2 2.95544E-2 3.42932E-2 2.69781E-2 3.57558E-2 4.39418E-2 2.91994E-2 3.27655E-2 2.88346E-2 4.08251E-2 3.95144E-2 3.78011E-2 3.08335E-2 2.25394E-2 1.67165E-2 1.36643E-2 1.48323E-2 1.08107E-2 7.68928E-3 5.16434E-3 5.47809E-3 4.88418E-3 5.8436E-3 4.57834E-3 6.41982E-3 9.57436E-3 8.53024E-3 5.26153E-3 9.6824E-3 8.96953E-3 7.07556E-3 5.55488E-3 4.45648E-3 3.19906E-3 5.46141E-3 7.52295E-3 1.11383E-2 1.9969E-2 4.46292E-3
1.16083E-2 1.89179E-2 1.7652E-2 2.15943E-2 2.13445E-2 2.77032E-2 3.03185E-2 2.86604E-2 2.8587E-2 3.05402E-2 4.57854E-2 4.35216E-2 4.14832E-2 3.93439E-2 2.56943E-2 1.88137E-2 2.44688E-2 3.81854E-2 5.06647E-2 3.90975E-2 3.56008E-2 3.87453E-2 3.572E-2 3.36078E-2 3.25576E-2 3.0402E-2 2.48996E-2 3.98788E-2 2.76218E-2 3.00907E-2 2.7811E-2 4.61256E-2 3.99239E-2 3.28281E-2 2.64336E-2 2.23144E-2 2.12303E-2 1.20124E-2 9.24764E-3 8.73548E-3 6.64766E-3 5.69606E-3 4.51304E-3 5.08451E-3 5.16045E-3 5.28808E-3 5.60232E-3 7.81672E-3 6.0894E-3 4.89784E-3 7.54119E-3 5.59481E-3 7.10267E-3 8.08121E-3 5.22097E-3 3.61651E-3 2.93694E-3 6.04951E-3 8.87861E-3 5.9747E-3 4.82923E-3
1.05676E-2 1.44981E-2 1.71746E-2 2.06061E-2 2.06073E-2 2.4464E-2 2.87859E-2 2.93374E-2 2.85011E-2 3.04682E-2 4.1401E-2 2.91816E-2 3.03427E-2 4.29772E-2 3.85919E-2 2.18737E-2 2.92466E-2 3.97114E-2 5.18447E-2 4.59527E-2 5.00972E-2 4.22017E-2 4.34406E-2 4.11212E-2 2.66895E-2 2.96107E-2 2.48304E-2 3.37592E-2 3.8555E-2 2.67041E-2 3.10361E-2 4.25079E-2 3.57304E-2 3.56935E-2 2.50628E-2 1.76617E-2 2.19649E-2 1.43159E-2 1.14849E-2 7.98882E-3 7.26942E-3 8.16533E-3 8.12206E-3 5.10764E-3 4.92653E-3 4.55999E-3 4.7789E-3 5.922E-3 6.58566E-3 4.89594E-3 6.80649E-3 7.79617E-3 6.70103E-3 8.05609E-3 5.34474E-3 3.80676E-3 3.00842E-3 5.14656E-3 9.20376E-3 7.64768E-3 7.76201E-3
8.98922E-3 1.40719E-2 1.23717E-2 1.80048E-2 2.10861E-2 2.06164E-2 2.82186E-2 2.97614E-2 2.96036E-2 2.91643E-2 2.99526E-2 3.55104E-2 4.33495E-2 4.35003E-2 2.71263E-2 3.09127E-2 2.64563E-2 2.87568E-2 3.5951E-2 4.40204E-2 5.05631E-2 4.57205E-2 4.16399E-2 4.01443E-2 2.61921E-2 2.48517E-2 2.47251E-2 3.79611E-2 4.35859E-2 3.97705E-2 1.60943E-2 3.14598E-2 3.45249E-2 2.88372E-2 2.59846E-2 1.58458E-2 1.70676E-2 1.81437E-2 1.43557E-2 9.01932E-3 6.7466E-3 8.38805E-3 1.06732E-2 8.08656E-3 6.16406E-3 5.66281E-3 4.92836E-3 5.12733E-3 6.99527E-3 5.73964E-3 6.27732E-3 1.22328E-2 1.32687E-2 8.3345E-3 5.64886E-3 4.2587E-3 3.34338E-3 5.99407E-3 6.81178E-3 8.42612E-3 1.03449E-2
8.79128E-3 1.19299E-2 1.54903E-2 1.47528E-2 1.65163E-2 1.93703E-2 2.63533E-2 2.89606E-2 2.81933E-2 3.25984E-2 3.19821E-2 3.1099E-2 4.46311E-2 4.00354E-2 3.08462E-2 3.04956E-2 3.06204E-2 3.66448E-2 3.29302E-2 4.02613E-2 4.09232E-2 4.70096E-2 3.78545E-2 3.45047E-2 3.28617E-2 2.99309E-2 2.56259E-2 4.34138E-2 4.24429E-2 3.49425E-2 2.73972E-2 2.53072E-2 2.95981E-2 2.25925E-2 2.24071E-2 1.6138E-2 1.0816E-2 1.37962E-2 1.65846E-2 9.599E-3 6.20746E-3 5.87194E-3 1.03546E-2 1.01834E-2 9.01944E-3 6.93788E-3 4.81884E-3 5.16379E-3 6.72097E-3 7.45351E-3 7.08529E-3 7.22141E-3 1.08115E-2 8.05493E-3 5.6767E-3 4.97985E-3 3.71198E-3 7.02899E-3 6.42651E-3 6.54655E-3 1.14006E-2
1.13715E-2 1.17874E-2 1.08819E-2 1.57004E-2 1.70834E-2 1.71274E-2 2.38491E-2 2.67263E-2 3.11738E-2 3.38759E-2 3.24306E-2 3.16095E-2 3.30737E-2 3.78543E-2 3.78911E-2 3.35619E-2 3.22798E-2 2.99754E-2 4.06917E-2 3.99317E-2 5.01013E-2 4.4241E-2 3.74442E-2 2.4796E-2 3.52818E-2 4.05891E-2 4.00829E-2 4.43902E-2 3.44382E-2 3.53822E-2 3.56208E-2 2.07711E-2 3.02642E-2 2.24071E-2 2.13386E-2 1.86976E-2 1.71258E-2 1.29807E-2 1.2959E-2 1.15151E-2 8.93302E-3 6.10176E-3 7.06118E-3 1.01162E-2 1.05682E-2 1.00716E-2 7.21298E-3 5.15192E-3 6.87971E-3 7.48118E-3 1.09822E-2 8.1606E-3 8.90041E-3 6.91403E-3 6.09739E-3 5.30043E-3 3.486E-3 6.36356E-3 7.49991E-3 7.81649E-3 8.01029E-3
1.44549E-2 1.40572E-2 1.21927E-2 1.16891E-2 1.81678E-2 1.55674E-2 1.93617E-2 2.35409E-2 3.12491E-2 3.11151E-2 3.05477E-2 3.29922E-2 3.08841E-2 2.9992E-2 3.11758E-2 3.45403E-2 3.26905E-2 3.06453E-2 3.42295E-2 4.2323E-2 3.79908E-2 5.02307E-2 3.89124E-2 3.04333E-2 2.9621E-2 3.45072E-2 3.76813E-2 3.84893E-2 3.36628E-2 1.77701E-2 2.86558E-2 2.35043E-2 2.20777E-2 2.41384E-2 2.53937E-2 2.17758E-2 2.45355E-2 2.14078E-2 1.88761E-2 2.09011E-2 1.31329E-2 8.53745E-3 7.6893E-3 8.6876E-3 1.09483E-2 1.13279E-2 8.23709E-3 5.93583E-3 6.53155E-3 5.96035E-3 7.16005E-3 8.60896E-3 9.42613E-3 7.30078E-3 6.06385E-3 6.06085E-3 4.26668E-3 4.94018E-3 6.73802E-3 7.21619E-3 8.72498E-3
1.02217E-2 1.45158E-2 1.35438E-2 1.14379E-2 1.33684E-2 1.96372E-2 2.10513E-2 2.08132E-2 2.80494E-2 3.11393E-2 3.12057E-2 3.3102E-2 2.97671E-2 3.34804E-2 3.22568E-2 3.42859E-2 3.26618E-2 3.07119E-2 3.40483E-2 4.21533E-2 4.19468E-2 4.8695E-2 4.32126E-2 4.23373E-2 3.60756E-2 3.96864E-2 3.16794E-2 2.84895E-2 3.75605E-2 3.4296E-2 2.18802E-2 2.32598E-2 2.11433E-2 1.48951E-2 3.22761E-2 3.49718E-2 3.07514E-2 2.4326E-2 2.03545E-2 2.10002E-2 1.41619E-2 1.16657E-2 7.18682E-3 7.61882E-3 8.25445E-3 9.74006E-3 7.56678E-3 6.68403E-3 6.08464E-3 7.11262E-3 1.12588E-2 9.95576E-3 9.31237E-3 8.06529E-3 6.82032E-3 5.48096E-3 5.37531E-3 4.62371E-3 8.13156E-3 7.42446E-3 7.8938E-3
1.78521E-2 1.3717E-2 1.41138E-2 1.5037E-2 1.22797E-2 1.66313E-2 2.14409E-2 2.29261E-2 2.40095E-2 2.84702E-2 3.14519E-2 2.96219E-2 3.58558E-2 3.43199E-2 3.26683E-2 3.52961E-2 3.07759E-2 3.1129E-2 4.22179E-2 3.91685E-2 4.34624E-2 3.96617E-2 3.48428E-2 3.8482E-2 4.00406E-2 4.01693E-2 2.39592E-2 1.96681E-2 3.57756E-2 4.58938E-2 3.37147E-2 2.70343E-2 2.42857E-2 1.92541E-2 3.77042E-2 4.72395E-2 3.49555E-2 2.78061E-2 2.89447E-2 1.96439E-2 1.82824E-2 1.3082E-2 7.97487E-3 7.1225E-3 6.50296E-3 6.04227E-3 6.7724E-3 7.04007E-3 8.39454E-3 5.78838E-3 8.52863E-3 1.22932E-2 1.28953E-2 1.03371E-2 8.08847E-3 6.3653E-3 6.43218E-3 5.32769E-3 5.68927E-3 7.35214E-3 7.80869E-3
1.78939E-2 1.56896E-2 1.45612E-2 1.509E-2 1.14745E-2 1.88496E-2 2.16493E-2 2.12513E-2 2.25662E-2 3.03292E-2 3.17817E-2 3.26386E-2 3.02376E-2 3.7765E-2 3.87734E-2 3.64794E-2 3.32101E-2 3.67471E-2 3.67923E-2 4.17084E-2 4.06297E-2 5.00603E-2 4.16662E-2 3.37586E-2 3.67445E-2 4.12388E-2 3.58411E-2 2.32552E-2 2.99587E-2 3.25502E-2 2.8722E-2 2.33227E-2 2.64589E-2 2.01221E-2 4.38106E-2 5.51048E-2 4.12319E-2 3.62632E-2 2.45858E-2 2.29198E-2 2.57305E-2 1.76782E-2 1.37159E-2 1.17771E-2 8.43663E-3 7.52446E-3 9.29828E-3 1.00287E-2 7.84202E-3 9.14065E-3 6.98445E-3 1.19674E-2 1.59393E-2 1.44184E-2 1.16585E-2 8.20131E-3 7.72761E-3 7.81989E-3 9.45515E-3 9.0341E-3 9.83515E-3
2.85588E-2 1.51064E-2 1.50543E-2 1.30629E-2 1.16767E-2 1.44571E-2 2.09388E-2 2.25379E-2 2.43702E-2 2.83209E-2 3.16028E-2 3.44403E-2 2.94103E-2 3.23457E-2 3.75857E-2 3.42093E-2 3.49094E-2 3.13786E-2 3.13329E-2 2.83087E-2 3.92102E-2 4.9441E-2 4.23925E-2 3.76659E-2 3.5178E-2 3.71754E-2 3.76179E-2 3.81004E-2 3.09299E-2 2.56528E-2 2.96328E-2 1.83838E-2 1.84514E-2 2.35522E-2 3.44947E-2 4.8959E-2 5.06568E-2 3.90739E-2 2.18032E-2 2.85993E-2 3.12279E-2 2.17577E-2 1.75314E-2 1.85272E-2 1.1926E-2 8.99126E-3 7.33563E-3 1.09296E-2 1.2346E-2 1.21848E-2 7.8025E-3 1.7683E-2 1.37129E-2 1.18188E-2 1.28365E-2 9.59271E-3 7.84183E-3 8.71453E-3 1.09196E-2 9.91311E-3 1.09169E-2
3.53803E-2 2.66832E-2 1.81857E-2 1.53193E-2 1.37559E-2 1.45366E-2 2.00233E-2 2.12042E-2 2.28548E-2 3.07078E-2 3.27464E-2 3.04198E-2 2.96978E-2 3.01198E-2 3.69912E-2 3.41206E-2 3.38093E-2 3.50987E-2 3.45126E-2 1.7781E-2 4.49335E-2 5.11926E-2 3.28768E-2 3.50918E-2 3.88147E-2 3.50212E-2 3.51012E-2 3.14219E-2 2.95307E-2 3.31474E-2 3.4174E-2 2.28648E-2 1.61815E-2 2.88563E-2 3.76543E-2 3.87034E-2 5.28347E-2 2.29226E-2 2.55181E-2 2.188E-2 2.96362E-2 2.57349E-2 2.31748E-2 2.38447E-2 1.46416E-2 1.25367E-2 1.1482E-2 1.37086E-2 1.19975E-2 9.18179E-3 1.05022E-2 1.07711E-2 1.26444E-2 1.15238E-2 1.10375E-2 1.19143E-2 1.12766E-2 9.26181E-3 1.28994E-2 1.17356E-2 1.04382E-2
3.78723E-2 3.14572E-2 2.05221E-2 1.81134E-2 1.69349E-2 1.36318E-2 1.37324E-2 1.97259E-2 2.29802E-2 2.72666E-2 3.10301E-2 3.49519E-2 3.34436E-2 3.09779E-2 3.09314E-2 3.46768E-2 3.19378E-2 3.57799E-2 3.49948E-2 3.26165E-2 2.96635E-2 3.84289E-2 1.77292E-2 3.23202E-2 3.71521E-2 4.0629E-2 3.53368E-2 3.57739E-2 3.65092E-2 3.1844E-2 3.70249E-2 3.56612E-2 1.5871E-2 2.85453E-2 2.90595E-2 4.00542E-2 4.8083E-2 3.26492E-2 2.95659E-2 3.54527E-2 2.81572E-2 3.07708E-2 3.19495E-2 2.63886E-2 1.71506E-2 1.27164E-2 1.05228E-2 1.70153E-2 1.45703E-2 2.56269E-2 3.13376E-2 2.74238E-2 2.40146E-2 1.30769E-2 1.51678E-2 1.35824E-2 1.11665E-2 1.04335E-2 1.06187E-2 1.38662E-2 1.07849E-2
3.60202E-2 2.5098E-2 2.28152E-2 1.84529E-2 1.99461E-2 2.14101E-2 1.59174E-2 1.74648E-2 1.97716E-2 2.62516E-2 3.20335E-2 3.36119E-2 3.45594E-2 3.69252E-2 3.23469E-2 3.19111E-2 3.26514E-2 2.93447E-2 3.3246E-2 3.0604E-2 3.31359E-2 2.30218E-2 2.47289E-2 3.46913E-2 3.71007E-2 3.39159E-2 3.09524E-2 3.5848E-2 4.10314E-2 3.23587E-2 3.57484E-2 4.76343E-2 4.33802E-2 2.80876E-2 4.00181E-2 3.00063E-2 2.60933E-2 2.7119E-2 3.28142E-2 5.37111E-2 3.48073E-2 4.15092E-2 4.2081E-2 3.13826E-2 2.26413E-2 1.59867E-2 1.16554E-2 1.7899E-2 1.29127E-2 4.87466E-2 3.38535E-2 2.8001E-2 1.92448E-2 1.46004E-2 1.95622E-2 2.1619E-2 1.52054E-2 1.13467E-2 1.26954E-2 1.34804E-2 1.37477E-2
4.46949E-2 3.06606E-2 2.03899E-2 2.17486E-2 1.91941E-2 2.22052E-2 2.28208E-2 1.54112E-2 2.02701E-2 2.23745E-2 2.79689E-2 3.13787E-2 3.00223E-2 3.61321E-2 3.17253E-2 3.13677E-2 3.38625E-2 3.07706E-2 3.38651E-2 2.78076E-2 4.22881E-2 3.40185E-2 3.20461E-2 3.74968E-2 3.57753E-2 2.67951E-2 3.77854E-2 3.60749E-2 4.95405E-2 3.75276E-2 3.90281E-2 4.48168E-2 5.71158E-2 6.18435E-2 6.18149E-2 4.55458E-2 3.77678E-2 3.32897E-2 2.93678E-2 4.31281E-2 3.88936E-2 5.69061E-2 6.2266E-2 4.25583E-2 2.81856E-2 1.79073E-2 1.40919E-2 1.03035E-2 9.8676E-3 2.52357E-2 1.97698E-2 1.95402E-2 1.60278E-2 1.34562E-2 1.70567E-2 2.9858E-2 2.00775E-2 1.86769E-2 1.40693E-2 1.45775E-2 1.94613E-2
