Artocarpus heterophyllus SDM files/Last interglacial/results (without bias file)/Arthet_4.asc
ncols         625
nrows         721
xllcorner     69.99986311115
yllcorner     5.99986151914999
cellsize      0.041666667
NODATA_value  -9999
[rows 378 to 404 of 721, columns 183 to 243 of 625]
2.07805E-1 1.99109E-1 1.91992E-1 1.89475E-1 1.92411E-1 1.98972E-1 2.02443E-1 2.07176E-1 2.14578E-1 2.17285E-1 2.16131E-1 2.1886E-1 2.0202E-1 2.06289E-1 2.53149E-1 2.01328E-1 1.90916E-1 2.1972E-1 2.07146E-1 2.32931E-1 2.45766E-1 2.28632E-1 2.23022E-1 2.06841E-1 2.09776E-1 2.12022E-1 2.14816E-1 2.17498E-1 2.17496E-1 2.29808E-1 2.24334E-1 2.26886E-1 2.31663E-1 2.33141E-1 2.26988E-1 2.37139E-1 2.3948E-1 2.30187E-1 2.297E-1 2.41433E-1 2.51165E-1 2.51758E-1 2.57351E-1 2.49596E-1 2.45125E-1 2.34816E-1 2.38844E-1 2.49858E-1 2.63785E-1 2.7569E-1 2.75499E-1 2.5945E-1 2.45581E-1 2.57052E-1 2.54414E-1 2.49741E-1 2.53318E-1 2.59875E-1 2.64297E-1 2.61362E-1 2.55773E-1
2.18058E-1 2.17932E-1 2.13694E-1 2.02325E-1 2.00429E-1 1.85227E-1 1.96302E-1 1.91668E-1 2.09847E-1 2.08707E-1 2.08856E-1 2.08549E-1 1.95449E-1 2.09804E-1 2.11595E-1 2.13094E-1 1.99405E-1 2.29264E-1 2.10668E-1 2.26461E-1 2.34505E-1 2.33213E-1 2.47179E-1 2.40984E-1 2.08217E-1 2.06238E-1 2.12405E-1 2.10752E-1 2.18232E-1 2.25373E-1 2.14354E-1 2.23828E-1 2.29402E-1 2.32466E-1 2.35826E-1 2.34985E-1 2.30777E-1 2.42884E-1 2.36706E-1 2.29868E-1 2.6055E-1 2.52952E-1 2.46437E-1 2.53658E-1 2.51327E-1 2.42262E-1 2.37505E-1 2.43938E-1 2.48137E-1 2.61356E-1 2.77315E-1 2.54393E-1 2.52192E-1 2.56938E-1 2.50106E-1 2.55959E-1 2.5212E-1 2.6041E-1 2.62816E-1 2.64137E-1 2.57391E-1
1.98305E-1 2.06142E-1 2.15626E-1 2.24354E-1 2.20507E-1 1.93498E-1 1.90366E-1 1.92845E-1 1.96721E-1 2.03607E-1 2.04609E-1 2.07997E-1 2.0012E-1 2.13379E-1 2.4159E-1 2.01888E-1 1.95262E-1 2.52844E-1 2.49963E-1 1.91371E-1 2.19749E-1 2.31431E-1 2.47331E-1 2.51984E-1 2.31869E-1 2.17487E-1 2.00499E-1 2.05596E-1 2.19642E-1 2.13928E-1 2.1371E-1 2.18813E-1 2.26108E-1 2.27348E-1 2.38925E-1 2.35926E-1 2.34882E-1 2.4413E-1 2.32486E-1 2.29291E-1 2.38681E-1 2.55013E-1 2.45666E-1 2.577E-1 2.57455E-1 2.65043E-1 2.55883E-1 2.36532E-1 2.3289E-1 2.49666E-1 2.71244E-1 2.61406E-1 2.53516E-1 2.63188E-1 2.50215E-1 2.53923E-1 2.58517E-1 2.61184E-1 2.56288E-1 2.61387E-1 2.62159E-1
1.93766E-1 1.94536E-1 2.0095E-1 2.08432E-1 2.12801E-1 2.18946E-1 2.05196E-1 1.95863E-1 1.95139E-1 1.99595E-1 1.95269E-1 1.98742E-1 2.00788E-1 2.10108E-1 2.20926E-1 2.01626E-1 1.98408E-1 2.53982E-1 2.46939E-1 2.21994E-1 2.15179E-1 2.39834E-1 2.5092E-1 2.31921E-1 2.35264E-1 2.57122E-1 2.25064E-1 2.1133E-1 2.09173E-1 2.1104E-1 2.15525E-1 2.16414E-1 2.22892E-1 2.26108E-1 2.34373E-1 2.38513E-1 2.44509E-1 2.435E-1 2.36587E-1 2.28313E-1 2.34431E-1 2.55219E-1 2.4022E-1 2.44956E-1 2.61488E-1 2.77519E-1 2.92636E-1 2.38232E-1 2.3022E-1 2.50773E-1 2.62094E-1 2.60725E-1 2.60637E-1 2.64778E-1 2.48649E-1 2.62884E-1 2.55841E-1 2.57978E-1 2.61757E-1 2.61652E-1 2.67812E-1
2.23338E-1 1.9685E-1 1.96867E-1 2.26806E-1 2.01589E-1 2.04982E-1 2.12582E-1 2.40226E-1 2.06417E-1 2.07466E-1 1.96011E-1 1.98147E-1 1.97071E-1 1.9552E-1 2.0857E-1 2.08494E-1 1.97835E-1 2.40751E-1 2.44906E-1 2.20529E-1 2.18202E-1 2.2729E-1 2.31524E-1 2.35943E-1 2.46882E-1 2.51083E-1 2.25328E-1 2.21589E-1 2.16808E-1 2.16028E-1 2.12738E-1 2.13124E-1 2.16876E-1 2.28252E-1 2.32099E-1 2.39674E-1 2.42225E-1 2.34633E-1 2.377E-1 2.30198E-1 2.48248E-1 2.53379E-1 2.51938E-1 2.3861E-1 2.60073E-1 2.72804E-1 2.86082E-1 2.40536E-1 2.30481E-1 2.42395E-1 2.56294E-1 2.59098E-1 2.65021E-1 2.65974E-1 2.60688E-1 2.60272E-1 2.49639E-1 2.57952E-1 2.63462E-1 2.67313E-1 2.64409E-1
2.21835E-1 2.24304E-1 2.25397E-1 1.96543E-1 1.97156E-1 1.98015E-1 1.9808E-1 2.02061E-1 2.04961E-1 2.03647E-1 2.06813E-1 2.06292E-1 1.94085E-1 2.27613E-1 2.10096E-1 2.14796E-1 2.24538E-1 2.26881E-1 2.53522E-1 2.38054E-1 2.17626E-1 2.12156E-1 2.26601E-1 2.5298E-1 2.53969E-1 2.335E-1 2.1471E-1 2.14982E-1 2.11195E-1 2.22696E-1 2.14384E-1 2.1598E-1 2.19689E-1 2.18626E-1 2.27571E-1 2.3645E-1 2.3905E-1 2.3894E-1 2.3355E-1 2.37592E-1 2.47044E-1 2.50436E-1 2.53213E-1 2.40405E-1 2.48255E-1 2.67366E-1 2.6785E-1 2.53029E-1 2.34511E-1 2.42343E-1 2.59294E-1 2.64912E-1 2.55107E-1 2.67547E-1 2.70446E-1 2.62763E-1 2.48736E-1 2.65817E-1 2.76488E-1 2.73642E-1 2.75225E-1
2.46652E-1 2.48837E-1 2.1762E-1 2.2397E-1 1.91878E-1 2.30103E-1 2.00492E-1 2.25569E-1 1.94802E-1 1.99659E-1 2.25197E-1 1.97592E-1 2.31235E-1 1.98864E-1 2.45524E-1 2.38615E-1 2.24072E-1 2.27496E-1 2.47041E-1 2.39462E-1 2.22383E-1 2.12911E-1 2.21958E-1 2.54091E-1 2.54582E-1 2.55013E-1 2.19292E-1 2.16165E-1 2.11809E-1 2.15897E-1 2.12583E-1 2.12871E-1 2.23405E-1 2.22773E-1 2.28698E-1 2.30128E-1 2.41732E-1 2.45579E-1 2.31619E-1 2.35191E-1 2.40491E-1 2.52718E-1 2.53239E-1 2.3463E-1 2.37687E-1 2.46561E-1 2.51575E-1 2.59708E-1 2.58708E-1 2.54058E-1 2.72215E-1 2.62797E-1 2.65108E-1 2.66095E-1 2.73715E-1 2.65348E-1 2.6194E-1 2.6489E-1 2.7011E-1 2.74678E-1 2.7551E-1
2.55615E-1 2.56477E-1 2.37739E-1 2.24305E-1 2.3005E-1 2.11923E-1 2.40919E-1 2.40055E-1 2.33449E-1 2.30156E-1 1.88281E-1 1.89955E-1 2.29743E-1 2.31934E-1 2.57647E-1 2.28449E-1 2.1751E-1 2.25349E-1 2.4988E-1 2.28575E-1 2.22161E-1 2.17451E-1 2.17644E-1 2.36311E-1 2.4669E-1 2.63971E-1 2.40881E-1 2.13569E-1 2.17886E-1 2.23763E-1 2.21699E-1 2.04498E-1 2.15129E-1 2.26298E-1 2.30679E-1 2.31341E-1 2.42235E-1 2.37136E-1 2.32714E-1 2.30299E-1 2.44045E-1 2.53419E-1 2.55801E-1 2.42626E-1 2.29023E-1 2.32722E-1 2.4168E-1 2.44651E-1 2.58231E-1 2.61306E-1 2.64368E-1 2.61366E-1 2.67065E-1 2.599E-1 2.69352E-1 2.6047E-1 2.68119E-1 2.64782E-1 2.68484E-1 2.7337E-1 2.67527E-1
2.57105E-1 2.3812E-1 2.40437E-1 2.56172E-1 2.30993E-1 2.3499E-1 2.33376E-1 2.39516E-1 2.43494E-1 2.39872E-1 2.42014E-1 2.2847E-1 2.27629E-1 2.2496E-1 2.43853E-1 2.3054E-1 2.20786E-1 2.23359E-1 2.46863E-1 2.45521E-1 2.12254E-1 2.10178E-1 2.22551E-1 2.39991E-1 2.45525E-1 2.52192E-1 2.49359E-1 2.13037E-1 2.10281E-1 2.14872E-1 2.24472E-1 2.22628E-1 2.13396E-1 2.13341E-1 2.24539E-1 2.32205E-1 2.32709E-1 2.4153E-1 2.38537E-1 2.43404E-1 2.47177E-1 2.5644E-1 2.49121E-1 2.42703E-1 2.38905E-1 2.42052E-1 2.3339E-1 2.41705E-1 2.57295E-1 2.72158E-1 2.67925E-1 2.57549E-1 2.74802E-1 2.67898E-1 2.64597E-1 2.61221E-1 2.63027E-1 2.62839E-1 2.69003E-1 2.79476E-1 2.76645E-1
2.35063E-1 2.37813E-1 2.45027E-1 2.41226E-1 2.43433E-1 2.25191E-1 2.17038E-1 2.23871E-1 2.29096E-1 2.41112E-1 2.29212E-1 2.383E-1 2.28892E-1 2.25405E-1 2.28118E-1 2.29052E-1 2.26483E-1 2.24636E-1 2.41681E-1 2.49545E-1 2.24332E-1 2.0984E-1 2.11292E-1 2.19703E-1 2.38477E-1 2.5734E-1 2.39659E-1 2.28427E-1 2.14335E-1 2.13302E-1 2.18014E-1 2.36662E-1 2.26425E-1 2.11959E-1 2.17834E-1 2.26981E-1 2.29729E-1 2.37659E-1 2.36697E-1 2.4876E-1 2.48386E-1 2.56336E-1 2.46301E-1 2.39216E-1 2.47781E-1 2.50845E-1 2.563E-1 2.51143E-1 2.62773E-1 2.73939E-1 2.66736E-1 2.64601E-1 2.73174E-1 2.79739E-1 2.70144E-1 2.66948E-1 2.63665E-1 2.61575E-1 2.65951E-1 2.9276E-1 2.88543E-1
2.19187E-1 2.34168E-1 2.33635E-1 2.27495E-1 2.31567E-1 2.34157E-1 2.36181E-1 2.41844E-1 2.12888E-1 2.21038E-1 2.24042E-1 2.2854E-1 2.33761E-1 2.33176E-1 2.22301E-1 2.29599E-1 2.23585E-1 2.22003E-1 2.22487E-1 2.32696E-1 2.38241E-1 2.1622E-1 2.09755E-1 2.15284E-1 2.35595E-1 2.4644E-1 2.3074E-1 2.21182E-1 2.34674E-1 2.14461E-1 2.15086E-1 2.2531E-1 2.19747E-1 2.24086E-1 2.17293E-1 2.25109E-1 2.40112E-1 2.32315E-1 2.34739E-1 2.31746E-1 2.38951E-1 2.57405E-1 2.47218E-1 2.53062E-1 2.55032E-1 2.67585E-1 2.487E-1 2.54951E-1 2.53835E-1 2.6672E-1 2.73568E-1 2.78839E-1 2.81263E-1 2.74907E-1 2.6986E-1 2.76643E-1 2.66283E-1 2.54656E-1 2.70649E-1 2.8177E-1 2.87185E-1
2.10633E-1 2.17283E-1 2.30921E-1 2.26043E-1 2.38478E-1 2.24942E-1 2.59245E-1 2.74153E-1 2.38482E-1 2.01852E-1 2.05532E-1 2.1918E-1 2.32928E-1 2.48568E-1 2.1958E-1 2.12861E-1 2.24032E-1 2.21401E-1 2.13208E-1 2.17121E-1 2.17713E-1 2.13178E-1 2.14134E-1 2.19821E-1 2.27141E-1 2.27752E-1 2.29062E-1 2.25477E-1 2.27922E-1 2.2414E-1 2.24871E-1 2.20916E-1 2.17271E-1 2.31081E-1 2.30748E-1 2.38568E-1 2.40611E-1 2.38817E-1 2.28962E-1 2.35378E-1 2.43683E-1 2.44068E-1 2.58047E-1 2.56166E-1 2.54717E-1 2.67254E-1 2.53491E-1 2.54894E-1 2.47377E-1 2.63072E-1 2.70654E-1 2.77467E-1 2.7638E-1 2.72646E-1 2.70045E-1 2.69915E-1 2.76293E-1 2.64532E-1 2.68592E-1 2.74476E-1 2.84173E-1
1.98029E-1 2.03932E-1 2.1389E-1 2.28099E-1 2.33532E-1 2.24942E-1 2.43405E-1 2.56839E-1 2.58841E-1 2.61878E-1 2.34873E-1 2.36685E-1 2.48437E-1 2.41679E-1 2.15925E-1 2.16522E-1 2.16806E-1 2.1747E-1 2.14219E-1 2.28887E-1 2.14532E-1 2.10197E-1 2.11324E-1 2.12869E-1 2.21152E-1 2.187E-1 2.26298E-1 2.21802E-1 2.24054E-1 2.23506E-1 2.26599E-1 2.22703E-1 2.22757E-1 2.25219E-1 2.30449E-1 2.2553E-1 2.37166E-1 2.32729E-1 2.21331E-1 2.27785E-1 2.29986E-1 2.46575E-1 2.42388E-1 2.41456E-1 2.48312E-1 2.62121E-1 2.61368E-1 2.4635E-1 2.56478E-1 2.63044E-1 2.62887E-1 2.7651E-1 2.75894E-1 2.79079E-1 2.74573E-1 2.68833E-1 2.72057E-1 2.80168E-1 2.79738E-1 2.70548E-1 2.73687E-1
2.09855E-1 1.93735E-1 2.01872E-1 2.25815E-1 2.15996E-1 2.19887E-1 2.2913E-1 2.43209E-1 2.55951E-1 2.67948E-1 2.71542E-1 2.52876E-1 2.33835E-1 2.55177E-1 2.54339E-1 2.33979E-1 2.14877E-1 2.19363E-1 2.17612E-1 2.07859E-1 2.12441E-1 2.11731E-1 2.17344E-1 2.23799E-1 2.2405E-1 2.16443E-1 2.22073E-1 2.18513E-1 2.21297E-1 2.26252E-1 2.20971E-1 2.21456E-1 2.24198E-1 2.28625E-1 2.33975E-1 2.22788E-1 2.26026E-1 2.31515E-1 2.15757E-1 2.18901E-1 2.21946E-1 2.417E-1 2.34685E-1 2.35127E-1 2.43889E-1 2.61322E-1 2.61687E-1 2.46504E-1 2.41627E-1 2.49972E-1 2.53683E-1 2.6022E-1 2.76552E-1 2.82078E-1 2.71954E-1 2.63624E-1 2.60773E-1 2.79724E-1 2.84535E-1 2.83273E-1 2.76515E-1
2.5152E-1 2.36606E-1 2.1428E-1 1.96803E-1 2.0338E-1 2.09791E-1 2.23869E-1 2.44496E-1 2.33089E-1 2.37774E-1 2.45594E-1 2.76967E-1 2.35912E-1 2.38112E-1 2.57041E-1 2.76882E-1 2.48657E-1 2.11328E-1 2.10195E-1 2.09304E-1 2.10776E-1 2.17471E-1 2.20806E-1 2.31635E-1 2.35101E-1 2.30126E-1 2.22918E-1 2.19835E-1 2.17233E-1 2.35369E-1 2.33884E-1 2.35098E-1 2.44231E-1 2.16192E-1 2.75818E-1 2.84869E-1 2.09249E-1 2.09935E-1 2.02313E-1 2.06048E-1 2.14566E-1 2.25083E-1 2.41966E-1 2.3836E-1 2.43626E-1 2.72224E-1 2.58451E-1 2.42344E-1 2.53448E-1 2.46086E-1 2.53601E-1 2.67054E-1 2.77834E-1 2.76459E-1 2.76014E-1 2.661E-1 2.66072E-1 2.74607E-1 2.91813E-1 2.83133E-1 2.78409E-1
2.53145E-1 2.44152E-1 2.55306E-1 2.30269E-1 2.06233E-1 2.01105E-1 2.12463E-1 2.16883E-1 2.18753E-1 2.36676E-1 2.32186E-1 2.31361E-1 2.36775E-1 2.32993E-1 2.6254E-1 2.7971E-1 2.39235E-1 2.18971E-1 2.13698E-1 2.12937E-1 2.15601E-1 2.24413E-1 2.23646E-1 2.33432E-1 2.4101E-1 2.37704E-1 2.53599E-1 2.97501E-1 2.77266E-1 2.90713E-1 2.83612E-1 2.79617E-1 2.64082E-1 2.56921E-1 2.51481E-1 2.82533E-1 2.4427E-1 2.88442E-1 2.46288E-1 1.97539E-1 2.0552E-1 2.09448E-1 2.21061E-1 2.35026E-1 2.41686E-1 2.70582E-1 2.61605E-1 2.47609E-1 2.59725E-1 2.59467E-1 2.57361E-1 2.69329E-1 2.82604E-1 2.73585E-1 2.755E-1 2.63702E-1 2.68627E-1 2.76307E-1 2.81528E-1 2.92261E-1 3.35253E-1
2.2409E-1 2.43194E-1 2.54751E-1 2.44289E-1 2.19752E-1 2.18648E-1 2.18261E-1 2.32477E-1 2.07935E-1 2.15007E-1 2.29976E-1 2.2831E-1 2.36721E-1 2.16506E-1 2.39089E-1 2.53708E-1 2.68559E-1 2.21823E-1 2.13822E-1 2.07824E-1 2.20939E-1 2.20264E-1 2.21608E-1 2.3989E-1 2.54619E-1 3.05356E-1 2.54282E-1 2.63681E-1 2.92437E-1 3.07548E-1 2.83494E-1 2.61478E-1 2.70235E-1 2.57326E-1 2.83363E-1 2.89842E-1 2.80739E-1 2.66768E-1 2.34576E-1 2.43123E-1 2.10455E-1 2.12519E-1 2.0771E-1 2.25532E-1 2.38878E-1 2.58773E-1 2.58275E-1 2.3831E-1 2.59226E-1 2.57232E-1 2.7063E-1 2.71561E-1 2.80579E-1 2.85314E-1 2.68866E-1 2.69576E-1 2.67346E-1 2.77982E-1 2.74134E-1 2.80035E-1 3.38908E-1
2.5514E-1 2.70286E-1 2.37465E-1 2.49013E-1 2.31679E-1 2.27721E-1 2.64324E-1 2.8834E-1 2.33478E-1 2.27908E-1 2.22407E-1 2.26593E-1 2.25743E-1 2.17611E-1 2.35976E-1 2.64304E-1 3.276E-1 2.86626E-1 2.18897E-1 2.07631E-1 2.41464E-1 2.55839E-1 2.24873E-1 3.00304E-1 3.09438E-1 2.81176E-1 2.53699E-1 2.74101E-1 2.64893E-1 2.52591E-1 2.79001E-1 2.85121E-1 2.51251E-1 2.57958E-1 2.99065E-1 3.00044E-1 2.72147E-1 2.73786E-1 2.49093E-1 2.34581E-1 2.50006E-1 2.40188E-1 2.65459E-1 2.13337E-1 2.25763E-1 2.7683E-1 2.57125E-1 2.57589E-1 2.70916E-1 2.65801E-1 2.6255E-1 2.63703E-1 2.61002E-1 2.73948E-1 2.73784E-1 2.77792E-1 2.79455E-1 2.79912E-1 2.76471E-1 2.78675E-1 3.20689E-1
2.54638E-1 2.52417E-1 2.58568E-1 2.71467E-1 2.59664E-1 2.26849E-1 2.34444E-1 2.74799E-1 2.87716E-1 2.38335E-1 2.46431E-1 2.12938E-1 2.22409E-1 2.36711E-1 2.29146E-1 2.51259E-1 3.1825E-1 2.98916E-1 2.93776E-1 2.89914E-1 2.51942E-1 2.4521E-1 2.60134E-1 2.81248E-1 2.93913E-1 3.05921E-1 2.93563E-1 2.74554E-1 2.54723E-1 2.49272E-1 2.39486E-1 2.56354E-1 2.54203E-1 2.59184E-1 2.90782E-1 2.92062E-1 2.60598E-1 2.58807E-1 2.74021E-1 2.33339E-1 2.32633E-1 2.21115E-1 2.99151E-1 2.74317E-1 2.38328E-1 2.54424E-1 2.44042E-1 2.56857E-1 2.7192E-1 2.69747E-1 2.55029E-1 2.46403E-1 2.97271E-1 2.68809E-1 2.75334E-1 3.16104E-1 2.87922E-1 2.80555E-1 3.17407E-1 2.92567E-1 3.31646E-1
2.38962E-1 2.42832E-1 2.54817E-1 2.63325E-1 2.61712E-1 2.65207E-1 2.34732E-1 2.67412E-1 2.62614E-1 2.67721E-1 2.4745E-1 2.6323E-1 2.80979E-1 2.60751E-1 2.25916E-1 2.69494E-1 3.09882E-1 2.80922E-1 2.94803E-1 3.01272E-1 2.61301E-1 2.5409E-1 2.56081E-1 2.7189E-1 2.81516E-1 2.7889E-1 2.88293E-1 3.03056E-1 2.74654E-1 2.66967E-1 2.52111E-1 2.33351E-1 2.37831E-1 2.37722E-1 2.5275E-1 2.49046E-1 2.67129E-1 2.60713E-1 2.57025E-1 2.45424E-1 2.33467E-1 2.46835E-1 2.94537E-1 2.7692E-1 2.44414E-1 2.41333E-1 2.63524E-1 2.9473E-1 2.93922E-1 2.50473E-1 2.52443E-1 2.53752E-1 2.62584E-1 3.01803E-1 2.63178E-1 3.20919E-1 3.17801E-1 3.18655E-1 3.1152E-1 3.22575E-1 3.25245E-1
2.39147E-1 2.41652E-1 2.50876E-1 2.52386E-1 2.61679E-1 2.67479E-1 2.79347E-1 2.58174E-1 2.58531E-1 2.63066E-1 2.62687E-1 2.82281E-1 2.88543E-1 2.90178E-1 2.76052E-1 2.54217E-1 2.62422E-1 2.60137E-1 2.80454E-1 2.88373E-1 2.79743E-1 2.5995E-1 2.54428E-1 2.5598E-1 2.74822E-1 2.66311E-1 2.66595E-1 2.76644E-1 3.02522E-1 2.92747E-1 2.59002E-1 2.41717E-1 2.44128E-1 2.26442E-1 2.37118E-1 2.44847E-1 2.33061E-1 2.31649E-1 2.40755E-1 2.31641E-1 2.42712E-1 2.49673E-1 2.83271E-1 2.97978E-1 2.53284E-1 2.37147E-1 2.47894E-1 2.86008E-1 2.79046E-1 2.77574E-1 2.86312E-1 2.52362E-1 2.64156E-1 3.01009E-1 2.99476E-1 2.93809E-1 3.02701E-1 3.06863E-1 3.14183E-1 3.19839E-1 3.21266E-1
2.37197E-1 2.40541E-1 2.5184E-1 2.58354E-1 2.56758E-1 2.73735E-1 2.68932E-1 2.54345E-1 2.60675E-1 2.64015E-1 2.78956E-1 3.02326E-1 2.92138E-1 3.03064E-1 2.67627E-1 2.48675E-1 2.46793E-1 2.48427E-1 2.63767E-1 2.75978E-1 2.84623E-1 2.69574E-1 2.5486E-1 2.42202E-1 2.66089E-1 2.5841E-1 2.65895E-1 2.76669E-1 3.06348E-1 2.99872E-1 2.62459E-1 2.71611E-1 2.40969E-1 2.50023E-1 2.5397E-1 2.61803E-1 2.36453E-1 2.06855E-1 2.15743E-1 2.22843E-1 2.36513E-1 2.53686E-1 2.74716E-1 2.9113E-1 2.44412E-1 2.56725E-1 2.71141E-1 2.84745E-1 2.7668E-1 2.81624E-1 2.7015E-1 2.82369E-1 2.94522E-1 3.04989E-1 3.09234E-1 2.76598E-1 2.96481E-1 3.12737E-1 3.17267E-1 3.11005E-1 3.0428E-1
2.41194E-1 2.40504E-1 2.54289E-1 2.64068E-1 2.54732E-1 2.61586E-1 2.66451E-1 2.68478E-1 2.6654E-1 2.52348E-1 2.7282E-1 2.85635E-1 3.12076E-1 2.90752E-1 2.67093E-1 2.59794E-1 2.57852E-1 2.55621E-1 2.57439E-1 2.66698E-1 2.81397E-1 2.63791E-1 2.6676E-1 2.40877E-1 2.4628E-1 2.50159E-1 2.66356E-1 2.77767E-1 2.82407E-1 3.1256E-1 2.9789E-1 2.78094E-1 2.61792E-1 2.51038E-1 2.4304E-1 2.42446E-1 2.40083E-1 2.27889E-1 2.20509E-1 2.23119E-1 2.42628E-1 2.47379E-1 2.64368E-1 2.63466E-1 2.63832E-1 2.80816E-1 2.91788E-1 2.94976E-1 2.95311E-1 2.90196E-1 2.86182E-1 2.97779E-1 2.92363E-1 3.02305E-1 3.1713E-1 3.00303E-1 3.12985E-1 3.09715E-1 3.16175E-1 3.12248E-1 2.96726E-1
2.32826E-1 2.45053E-1 2.46596E-1 2.65138E-1 2.65922E-1 2.69536E-1 2.65568E-1 2.61384E-1 2.83419E-1 2.63333E-1 2.53573E-1 2.55341E-1 2.66984E-1 2.99026E-1 2.99384E-1 2.76934E-1 2.49683E-1 2.54622E-1 2.49146E-1 2.47366E-1 2.48315E-1 2.48855E-1 2.58026E-1 2.46891E-1 2.3616E-1 2.46892E-1 2.71283E-1 2.84471E-1 2.85375E-1 3.03877E-1 3.19132E-1 2.90309E-1 2.62531E-1 2.43922E-1 2.38036E-1 2.39403E-1 2.55415E-1 2.2843E-1 2.08377E-1 2.19933E-1 2.14881E-1 2.30465E-1 2.44063E-1 2.58749E-1 2.63934E-1 2.72271E-1 2.82896E-1 2.93672E-1 2.96349E-1 2.99563E-1 3.10041E-1 3.05496E-1 2.97108E-1 2.8134E-1 3.04317E-1 3.05058E-1 3.13633E-1 3.18203E-1 3.13129E-1 3.0241E-1 3.04744E-1
2.41941E-1 2.53676E-1 2.59703E-1 2.57917E-1 2.64354E-1 2.68776E-1 2.63661E-1 2.68793E-1 2.8481E-1 2.98063E-1 2.69905E-1 2.59362E-1 2.55826E-1 2.64133E-1 2.82176E-1 3.06292E-1 2.85902E-1 2.63154E-1 2.55214E-1 2.39442E-1 2.38278E-1 2.43467E-1 2.38892E-1 2.49475E-1 2.39069E-1 2.50591E-1 2.60241E-1 2.86288E-1 2.86869E-1 2.74279E-1 2.83775E-1 3.03852E-1 2.78307E-1 2.59252E-1 2.38716E-1 2.64996E-1 2.42799E-1 2.2821E-1 2.15091E-1 2.24041E-1 2.44351E-1 2.07432E-1 2.22171E-1 2.39159E-1 2.47489E-1 2.51731E-1 2.65064E-1 2.78994E-1 2.85384E-1 3.01817E-1 3.07002E-1 3.1455E-1 3.19528E-1 2.84204E-1 3.04003E-1 2.81305E-1 3.0587E-1 2.81225E-1 2.797E-1 2.79335E-1 2.83057E-1
2.47436E-1 2.53061E-1 2.46972E-1 2.55175E-1 2.52952E-1 2.55817E-1 2.71848E-1 2.635E-1 2.70731E-1 2.8768E-1 2.81583E-1 2.79245E-1 2.58351E-1 2.48647E-1 2.45008E-1 2.69286E-1 3.07776E-1 2.77043E-1 2.55166E-1 2.42305E-1 2.54444E-1 2.49955E-1 2.24157E-1 2.25245E-1 2.35117E-1 2.39593E-1 2.68376E-1 2.88446E-1 2.66949E-1 2.30672E-1 2.31638E-1 2.65248E-1 3.03454E-1 2.88084E-1 2.74303E-1 2.71298E-1 2.2729E-1 2.18498E-1 2.19171E-1 2.27929E-1 2.56186E-1 2.20914E-1 2.19373E-1 2.18306E-1 2.28836E-1 2.46556E-1 2.49736E-1 2.62454E-1 2.77318E-1 2.86711E-1 2.85134E-1 3.0523E-1 3.22762E-1 3.02298E-1 3.01386E-1 3.0612E-1 3.17003E-1 3.15202E-1 3.20725E-1 2.58594E-1 2.53974E-1
2.75183E-1 2.51245E-1 2.80522E-1 2.42553E-1 2.32837E-1 2.44537E-1 2.69993E-1 2.63236E-1 2.61969E-1 2.73458E-1 2.61607E-1 2.74148E-1 2.64778E-1 2.56497E-1 2.43035E-1 2.5043E-1 2.70404E-1 2.94255E-1 2.85817E-1 2.72904E-1 2.57748E-1 2.35257E-1 2.35186E-1 2.20097E-1 2.27213E-1 2.36106E-1 2.55655E-1 2.81502E-1 2.66836E-1 2.28843E-1 2.23447E-1 2.33714E-1 2.46564E-1 2.92675E-1 2.77591E-1 2.91359E-1 2.45543E-1 2.26438E-1 2.16182E-1 2.33842E-1 2.67854E-1 2.4141E-1 2.23725E-1 2.14511E-1 2.19084E-1 2.33676E-1 2.51193E-1 2.59627E-1 2.77899E-1 2.79946E-1 2.96315E-1 3.04055E-1 3.16142E-1 3.01057E-1 2.82653E-1 3.08563E-1 3.2174E-1 3.26785E-1 3.49169E-1 2.94556E-1 2.42447E-1
