Artocarpus heterophyllus SDM files/Last interglacial/results (without bias file)/Arthet_9.asc
ncols         625
nrows         721
xllcorner     69.99986311115
yllcorner     5.99986151914999
cellsize      0.041666667
NODATA_value  -9999
[rows 0 to 26 of 721, columns 549 to 609 of 625]
7.71909E-5 8.10103E-5 8.88295E-5 9.88051E-5 1.15715E-4 1.27088E-4 1.54525E-4 1.63024E-4 1.65522E-4 1.59276E-4 1.21574E-4 1.32143E-4 1.75594E-4 1.54769E-4 9.62992E-5 9.00346E-5 1.3807E-4 1.45121E-4 9.17027E-5 8.31359E-5 1.23807E-4 1.28765E-4 1.04878E-4 1.23266E-4 1.29204E-4 1.12135E-4 1.30869E-4 1.382E-4 1.10796E-4 8.6567E-5 8.27314E-5 9.27136E-5 9.80885E-5 9.96631E-5 9.01423E-5 1.56782E-4 1.7238E-4 1.23705E-4 1.16643E-4 9.52277E-5 1.13448E-4 1.46398E-4 1.77406E-4 2.32447E-4 3.06194E-4 3.56996E-4 4.71114E-4 4.36526E-4 3.37572E-4 2.32763E-4 1.93633E-4 1.4962E-4 9.37403E-5 1.11505E-4 1.07467E-4 1.20813E-4 1.40402E-4 9.70523E-5 9.57537E-5 1.39467E-4 1.15209E-4
6.75533E-5 6.68847E-5 6.69205E-5 6.03302E-5 7.52369E-5 8.4496E-5 1.07351E-4 1.31497E-4 1.5471E-4 1.61195E-4 1.52534E-4 1.26861E-4 1.79747E-4 1.43698E-4 1.08361E-4 1.37282E-4 1.54553E-4 1.50691E-4 1.08799E-4 1.24237E-4 1.45637E-4 1.1602E-4 9.27316E-5 1.39592E-4 1.48937E-4 1.33403E-4 1.27386E-4 1.76608E-4 1.703E-4 1.17494E-4 1.33916E-4 1.67944E-4 1.2849E-4 1.20114E-4 8.5916E-5 9.88777E-5 2.04302E-4 1.92129E-4 1.29038E-4 9.72543E-5 8.34664E-5 1.28413E-4 1.53156E-4 1.87805E-4 1.63629E-4 2.66971E-4 4.77202E-4 4.16532E-4 3.88438E-4 3.24926E-4 2.74625E-4 2.22123E-4 1.53334E-4 1.25377E-4 9.67386E-5 9.67386E-5 8.38805E-5 9.52481E-5 8.44303E-5 1.05196E-4 8.68571E-5
5.38323E-5 5.18164E-5 5.92772E-5 4.76239E-5 4.77112E-5 6.15297E-5 6.22852E-5 8.13642E-5 1.15878E-4 1.21453E-4 1.34779E-4 1.49752E-4 1.22144E-4 1.65398E-4 1.13479E-4 7.19275E-5 1.36919E-4 1.62288E-4 1.37706E-4 1.28591E-4 1.63286E-4 7.29822E-5 9.29898E-5 1.71531E-4 1.69696E-4 2.1066E-4 1.4462E-4 1.67386E-4 1.94074E-4 1.34528E-4 1.44691E-4 1.95382E-4 1.54764E-4 1.49549E-4 1.73414E-4 1.39748E-4 2.11155E-4 2.08806E-4 1.23807E-4 1.63043E-4 1.48486E-4 2.16046E-4 2.58722E-4 3.06741E-4 2.71892E-4 3.2691E-4 4.28659E-4 3.68682E-4 2.37186E-4 1.74472E-4 1.72399E-4 1.94501E-4 1.88927E-4 1.71313E-4 1.21031E-4 8.47278E-5 7.95819E-5 8.14153E-5 6.91689E-5 6.75442E-5 6.44301E-5
4.11813E-5 4.55182E-5 5.08916E-5 4.51405E-5 3.71798E-5 4.55348E-5 4.46267E-5 6.77432E-5 7.24249E-5 1.09133E-4 1.04338E-4 1.28982E-4 1.61407E-4 1.75185E-4 1.71895E-4 1.60103E-4 1.71165E-4 1.80031E-4 1.87735E-4 2.00529E-4 1.93412E-4 1.76828E-4 2.14878E-4 1.90616E-4 2.26273E-4 2.46674E-4 2.4765E-4 2.31485E-4 2.23596E-4 2.15402E-4 2.27828E-4 2.44527E-4 2.37703E-4 2.65968E-4 2.47977E-4 2.65968E-4 2.76584E-4 3.05152E-4 2.22553E-4 2.46677E-4 2.77755E-4 3.26583E-4 3.41892E-4 3.1982E-4 3.64956E-4 3.59474E-4 2.92902E-4 3.11424E-4 3.02869E-4 2.497E-4 1.50436E-4 1.07223E-4 8.63916E-5 8.67108E-5 7.97259E-5 1.14896E-4 1.32214E-4 1.47813E-4 1.38385E-4 1.04549E-4 9.26521E-5
2.76656E-5 2.88362E-5 2.65664E-5 3.1842E-5 3.63311E-5 5.56558E-5 7.6771E-5 8.3155E-5 7.60852E-5 7.82657E-5 8.69324E-5 8.26972E-5 7.66567E-5 7.66973E-5 9.70638E-5 1.14654E-4 1.01061E-4 9.37587E-5 9.41121E-5 9.06853E-5 1.66936E-4 1.94187E-4 1.87174E-4 2.10713E-4 1.41484E-4 1.36956E-4 2.38776E-4 2.61368E-4 2.63759E-4 2.78791E-4 2.58905E-4 2.74075E-4 2.76281E-4 1.97171E-4 2.38221E-4 2.63021E-4 2.03178E-4 2.37306E-4 2.61365E-4 2.67919E-4 2.6157E-4 2.29594E-4 2.12011E-4 1.54979E-4 2.71462E-4 2.53846E-4 1.48242E-4 1.85128E-4 1.92405E-4 2.00784E-4 2.58545E-4 2.26354E-4 1.52148E-4 1.20931E-4 8.99239E-5 1.12223E-4 1.53651E-4 1.74225E-4 1.85829E-4 1.62384E-4 1.4611E-4
9.74344E-5 7.84459E-5 5.60581E-5 5.91676E-5 4.7222E-5 4.90772E-5 5.57586E-5 5.48185E-5 5.04386E-5 5.89124E-5 5.30545E-5 4.80835E-5 6.08916E-5 6.64937E-5 5.43644E-5 6.85176E-5 6.5043E-5 6.08132E-5 7.19997E-5 5.60366E-5 7.6107E-5 9.21047E-5 8.77681E-5 9.66644E-5 6.87973E-5 8.43178E-5 1.36565E-4 1.9626E-4 1.80467E-4 2.36452E-4 1.59779E-4 2.41953E-4 1.84539E-4 1.07006E-4 1.50342E-4 2.40434E-4 1.98071E-4 1.22699E-4 1.30994E-4 1.57932E-4 1.19646E-4 1.19986E-4 1.43886E-4 1.62338E-4 2.99386E-4 2.5173E-4 1.59039E-4 1.80638E-4 1.81595E-4 1.16934E-4 1.35629E-4 1.64349E-4 2.17831E-4 2.15782E-4 2.1182E-4 1.94056E-4 1.82995E-4 2.12257E-4 2.16785E-4 1.98289E-4 1.82036E-4
1.45491E-4 1.30411E-4 1.04609E-4 1.01271E-4 8.73868E-5 8.52649E-5 8.26044E-5 8.47006E-5 8.01493E-5 7.28233E-5 6.45084E-5 5.5608E-5 4.30475E-5 4.45758E-5 5.70158E-5 4.24082E-5 5.03432E-5 4.741E-5 4.49342E-5 3.82413E-5 4.91168E-5 6.09824E-5 7.14035E-5 7.58884E-5 6.63538E-5 9.07983E-5 8.48487E-5 1.11858E-4 1.08938E-4 1.67564E-4 1.55019E-4 1.81141E-4 1.6704E-4 1.3071E-4 1.48398E-4 1.95538E-4 1.61077E-4 1.25612E-4 1.01584E-4 1.18751E-4 1.10054E-4 1.35117E-4 1.48341E-4 1.62744E-4 2.71678E-4 2.23412E-4 2.01355E-4 1.81862E-4 1.82568E-4 1.59144E-4 1.35578E-4 1.23087E-4 1.29324E-4 1.18112E-4 1.30982E-4 1.55363E-4 2.07556E-4 2.1182E-4 2.09504E-4 2.19253E-4 2.2127E-4
1.33922E-4 1.43405E-4 1.35827E-4 1.0843E-4 1.0544E-4 1.09936E-4 1.03515E-4 1.03323E-4 1.04276E-4 1.02249E-4 9.75242E-5 9.52653E-5 9.61268E-5 9.38432E-5 8.52977E-5 7.51061E-5 7.3594E-5 8.53689E-5 8.0378E-5 6.66514E-5 6.96039E-5 7.28513E-5 7.39772E-5 6.99295E-5 8.37528E-5 9.14403E-5 1.00337E-4 1.12469E-4 1.14734E-4 1.27604E-4 1.49087E-4 1.53034E-4 1.71912E-4 1.86322E-4 2.05057E-4 1.95817E-4 1.79871E-4 1.66972E-4 1.74259E-4 1.83284E-4 2.12197E-4 2.37073E-4 2.62213E-4 2.91271E-4 3.05238E-4 2.69305E-4 2.66227E-4 2.41707E-4 2.20505E-4 2.19139E-4 1.97166E-4 1.78201E-4 1.72738E-4 1.6722E-4 1.69228E-4 1.64333E-4 2.02417E-4 2.15231E-4 2.14427E-4 2.36902E-4 2.40004E-4
1.10409E-4 1.21454E-4 1.42313E-4 1.42651E-4 1.34554E-4 1.31347E-4 1.24048E-4 1.24572E-4 1.13562E-4 1.11166E-4 1.14413E-4 1.12263E-4 1.09423E-4 9.97239E-5 1.0083E-4 9.85038E-5 9.64295E-5 1.00327E-4 1.00475E-4 9.59088E-5 9.71313E-5 1.00103E-4 1.04734E-4 8.86908E-5 9.55017E-5 9.15748E-5 8.73259E-5 9.93208E-5 9.93726E-5 7.95508E-5 7.95508E-5 9.78692E-5 8.76434E-5 7.94781E-5 1.07652E-4 1.29931E-4 1.24306E-4 1.06957E-4 1.06033E-4 1.14973E-4 1.21063E-4 1.2343E-4 1.39214E-4 1.66512E-4 1.83389E-4 1.42311E-4 1.50874E-4 1.22266E-4 1.65668E-4 1.43821E-4 1.38746E-4 1.35693E-4 1.13604E-4 1.35213E-4 1.0597E-4 1.05283E-4 1.33432E-4 1.52053E-4 1.44032E-4 1.50884E-4 1.62192E-4
9.74946E-5 1.03574E-4 1.06458E-4 1.13938E-4 1.13095E-4 1.24641E-4 1.32388E-4 1.41639E-4 1.41976E-4 1.29064E-4 1.28519E-4 1.29131E-4 1.33465E-4 1.29493E-4 1.15663E-4 1.13016E-4 1.10369E-4 1.08781E-4 1.06025E-4 1.09609E-4 1.13876E-4 1.11193E-4 1.06004E-4 9.79501E-5 9.34032E-5 9.89315E-5 9.81175E-5 9.9069E-5 1.03234E-4 9.36081E-5 8.15285E-5 6.38416E-5 4.74817E-5 4.73715E-5 6.41625E-5 6.9173E-5 8.99928E-5 6.62432E-5 8.75345E-5 9.13863E-5 1.08685E-4 1.04902E-4 9.71121E-5 1.22626E-4 1.14961E-4 9.63633E-5 1.0934E-4 1.24349E-4 8.45688E-5 8.25589E-5 8.93591E-5 1.03599E-4 1.10453E-4 1.24802E-4 8.66373E-5 9.36197E-5 9.86086E-5 1.02892E-4 1.00844E-4 1.09765E-4 1.256E-4
7.45662E-5 8.8577E-5 8.55413E-5 9.3831E-5 1.02756E-4 1.12978E-4 1.1955E-4 1.40229E-4 1.44937E-4 1.43689E-4 1.43689E-4 1.48237E-4 1.48313E-4 1.52929E-4 1.44256E-4 1.36966E-4 1.18088E-4 1.24795E-4 1.19806E-4 1.23596E-4 1.2067E-4 1.21798E-4 1.27179E-4 1.15775E-4 1.03535E-4 1.00579E-4 9.85385E-5 1.21471E-4 1.0933E-4 1.12316E-4 1.02797E-4 8.97553E-5 7.9031E-5 7.57882E-5 7.1009E-5 7.62808E-5 7.0865E-5 6.93556E-5 7.3598E-5 6.83684E-5 6.2299E-5 6.83313E-5 6.05262E-5 8.44127E-5 6.33545E-5 6.43158E-5 7.06379E-5 1.05679E-4 7.32081E-5 8.62323E-5 1.08192E-4 1.05108E-4 1.14542E-4 1.14944E-4 9.68908E-5 1.0084E-4 1.05758E-4 1.06772E-4 1.09187E-4 1.08063E-4 1.1598E-4
5.34232E-5 5.96992E-5 6.68392E-5 7.51641E-5 7.91718E-5 9.0955E-5 1.13011E-4 1.02057E-4 1.05233E-4 1.18014E-4 1.17465E-4 1.51524E-4 1.60788E-4 1.6087E-4 1.50837E-4 1.38582E-4 1.34717E-4 1.34792E-4 1.36895E-4 1.31673E-4 1.28351E-4 1.36212E-4 1.37973E-4 1.34632E-4 1.22658E-4 1.27179E-4 1.19099E-4 1.1785E-4 1.0434E-4 1.14707E-4 1.06049E-4 1.11921E-4 9.94356E-5 9.1938E-5 1.05058E-4 1.05359E-4 9.88293E-5 1.02151E-4 9.77548E-5 9.33001E-5 9.86517E-5 9.25501E-5 9.12165E-5 8.6552E-5 8.87053E-5 7.2585E-5 8.55349E-5 6.81779E-5 8.41344E-5 7.50809E-5 7.95107E-5 8.46783E-5 1.01564E-4 1.10867E-4 1.09558E-4 1.14219E-4 1.14845E-4 1.1976E-4 1.201E-4 1.24319E-4 1.22444E-4
6.28358E-5 6.75074E-5 7.08911E-5 6.70227E-5 5.85587E-5 7.44109E-5 8.59805E-5 9.52586E-5 8.92898E-5 9.78847E-5 1.04374E-4 1.23233E-4 1.44733E-4 1.43716E-4 1.62222E-4 1.53026E-4 1.49475E-4 1.54418E-4 1.5055E-4 1.40365E-4 1.4253E-4 1.37425E-4 1.41779E-4 1.48877E-4 1.37063E-4 1.36638E-4 1.30543E-4 1.11602E-4 1.02803E-4 8.52839E-5 8.13791E-5 8.5418E-5 9.07122E-5 9.92852E-5 1.06446E-4 1.11282E-4 1.15713E-4 1.20728E-4 1.22809E-4 1.14867E-4 1.15283E-4 1.06242E-4 1.08804E-4 1.11155E-4 1.15116E-4 1.09369E-4 1.09369E-4 1.06538E-4 1.06538E-4 1.09843E-4 1.02805E-4 1.08348E-4 1.11163E-4 1.04971E-4 1.11069E-4 1.15044E-4 1.2063E-4 1.22697E-4 1.41709E-4 1.39701E-4 1.369E-4
7.43746E-5 6.92326E-5 7.46578E-5 8.60564E-5 7.43157E-5 8.24803E-5 7.41595E-5 7.58118E-5 7.61452E-5 8.0014E-5 9.06697E-5 8.73997E-5 1.15325E-4 1.29122E-4 1.38106E-4 1.44212E-4 1.52504E-4 1.57629E-4 1.53971E-4 1.54051E-4 1.53971E-4 1.49756E-4 1.55527E-4 1.49913E-4 1.50984E-4 1.53112E-4 1.49875E-4 1.35642E-4 1.27659E-4 1.12285E-4 1.09493E-4 1.05862E-4 1.02913E-4 9.38281E-5 1.00809E-4 1.10242E-4 1.14521E-4 1.17714E-4 1.2384E-4 1.28763E-4 1.21762E-4 1.15317E-4 1.13479E-4 1.17328E-4 1.23278E-4 1.28952E-4 1.28595E-4 1.29742E-4 1.24432E-4 1.26558E-4 1.34797E-4 1.34797E-4 1.36084E-4 1.20897E-4 1.26903E-4 1.10283E-4 1.17781E-4 1.39665E-4 1.45668E-4 1.45606E-4 1.51236E-4
5.60164E-5 5.70249E-5 5.81711E-5 6.27453E-5 7.62815E-5 7.98178E-5 7.10013E-5 7.28324E-5 7.28397E-5 7.79315E-5 7.48043E-5 8.15969E-5 9.21295E-5 9.83075E-5 1.1069E-4 1.26577E-4 1.43937E-4 1.61201E-4 1.6631E-4 1.61768E-4 1.5178E-4 1.5178E-4 1.4728E-4 1.43173E-4 1.58096E-4 1.58858E-4 1.56389E-4 1.4389E-4 1.37642E-4 1.32658E-4 1.27119E-4 1.1967E-4 1.16964E-4 1.02555E-4 1.07461E-4 9.66619E-5 8.50494E-5 9.36306E-5 1.11618E-4 1.18752E-4 1.3017E-4 1.17842E-4 1.22396E-4 1.1278E-4 1.21026E-4 1.17506E-4 1.22623E-4 1.22097E-4 1.32034E-4 1.32034E-4 1.38111E-4 1.42178E-4 1.41236E-4 1.40639E-4 1.36884E-4 1.34552E-4 1.39075E-4 1.38313E-4 1.21141E-4 1.20334E-4 1.53561E-4
4.24199E-5 4.33371E-5 4.49296E-5 4.88344E-5 5.23633E-5 5.44346E-5 5.91884E-5 6.35833E-5 7.16389E-5 6.62032E-5 6.98911E-5 8.36097E-5 8.38817E-5 8.74462E-5 1.01989E-4 1.03585E-4 1.1801E-4 1.37125E-4 1.54852E-4 1.65129E-4 1.71236E-4 1.56056E-4 1.41404E-4 1.30556E-4 1.6237E-4 1.62078E-4 1.61979E-4 1.58775E-4 1.5799E-4 1.50086E-4 1.42234E-4 1.36541E-4 1.32679E-4 1.31638E-4 1.26909E-4 1.1901E-4 9.76459E-5 1.01993E-4 9.86237E-5 1.23557E-4 1.44691E-4 1.40274E-4 1.42676E-4 1.39283E-4 1.45328E-4 1.44766E-4 1.36944E-4 1.30036E-4 1.20488E-4 1.28511E-4 1.29018E-4 1.38954E-4 1.35495E-4 1.43308E-4 1.49098E-4 1.49743E-4 1.44953E-4 1.39671E-4 1.20033E-4 1.44198E-4 1.66933E-4
4.56375E-5 4.68302E-5 5.07354E-5 5.56934E-5 6.21658E-5 6.54226E-5 6.54778E-5 7.32019E-5 7.24223E-5 7.19589E-5 7.75083E-5 8.60826E-5 9.24311E-5 9.03378E-5 9.53217E-5 1.00272E-4 1.1143E-4 1.18669E-4 1.33406E-4 1.59627E-4 1.77557E-4 1.76899E-4 1.54866E-4 1.50746E-4 1.67715E-4 1.65959E-4 1.60535E-4 1.74587E-4 1.47204E-4 1.48686E-4 1.50861E-4 1.52099E-4 1.50988E-4 1.49866E-4 1.4296E-4 1.37194E-4 1.21528E-4 1.10719E-4 1.14943E-4 1.42747E-4 1.55866E-4 1.42993E-4 1.24726E-4 1.19135E-4 1.34767E-4 1.42891E-4 1.56271E-4 1.49405E-4 1.32715E-4 1.48305E-4 1.32027E-4 1.41802E-4 1.43717E-4 1.37099E-4 1.45966E-4 1.48186E-4 1.48414E-4 1.39682E-4 1.31296E-4 1.49654E-4 1.61218E-4
5.57202E-5 5.87951E-5 6.09951E-5 6.4412E-5 6.64003E-5 7.27106E-5 7.654E-5 7.6328E-5 7.98267E-5 7.9679E-5 8.45349E-5 8.2205E-5 8.65497E-5 9.07405E-5 9.74287E-5 1.03929E-4 1.07351E-4 1.22097E-4 1.25567E-4 1.4056E-4 1.64516E-4 1.82247E-4 1.82681E-4 1.82681E-4 1.80139E-4 1.81814E-4 1.84822E-4 1.63966E-4 1.57688E-4 1.27087E-4 1.12818E-4 1.58557E-4 1.64932E-4 1.69666E-4 1.48877E-4 1.40969E-4 1.43791E-4 1.50183E-4 1.55038E-4 1.5863E-4 1.35282E-4 1.23295E-4 1.32391E-4 1.25803E-4 1.15149E-4 1.29243E-4 1.43997E-4 1.58003E-4 1.60688E-4 1.57131E-4 1.52958E-4 1.4642E-4 1.37223E-4 1.43246E-4 1.51913E-4 1.52958E-4 1.50281E-4 1.43923E-4 1.46718E-4 1.46562E-4 1.64362E-4
7.28677E-5 7.03739E-5 7.08207E-5 7.48168E-5 7.51184E-5 7.4052E-5 7.79789E-5 6.83097E-5 7.01595E-5 7.45435E-5 7.14868E-5 7.29071E-5 8.07535E-5 8.69754E-5 9.09227E-5 9.30416E-5 1.00202E-4 1.06055E-4 1.14563E-4 1.16636E-4 1.35524E-4 1.49102E-4 1.73567E-4 1.86022E-4 1.86811E-4 1.89579E-4 1.87847E-4 1.86574E-4 1.85654E-4 1.76073E-4 1.62134E-4 1.68816E-4 1.77486E-4 1.64474E-4 1.37433E-4 1.45037E-4 1.56844E-4 1.75114E-4 1.74649E-4 1.7554E-4 1.71479E-4 1.53675E-4 1.59982E-4 1.41481E-4 1.3727E-4 1.58526E-4 1.5861E-4 1.70581E-4 1.67199E-4 1.55449E-4 1.65891E-4 1.64281E-4 1.60615E-4 1.50726E-4 1.62603E-4 1.66738E-4 1.65315E-4 1.62042E-4 1.60171E-4 1.55717E-4 1.58464E-4
7.18224E-5 7.85528E-5 7.53218E-5 6.84853E-5 6.66212E-5 6.79163E-5 6.8226E-5 7.09882E-5 7.37385E-5 8.0494E-5 7.89907E-5 7.56871E-5 8.35232E-5 8.26518E-5 8.4837E-5 8.8852E-5 9.10323E-5 9.86719E-5 1.08738E-4 1.32426E-4 1.49775E-4 1.64783E-4 1.9091E-4 1.83887E-4 1.91264E-4 1.92121E-4 1.9232E-4 1.92182E-4 1.93956E-4 1.91066E-4 1.8853E-4 1.84583E-4 1.82351E-4 1.70632E-4 1.65992E-4 1.68594E-4 1.79407E-4 1.8386E-4 1.80917E-4 1.71568E-4 1.70933E-4 1.46303E-4 1.31354E-4 1.41864E-4 1.48242E-4 1.64794E-4 1.77052E-4 1.74923E-4 1.59392E-4 1.4228E-4 1.63304E-4 1.64986E-4 1.6281E-4 1.61922E-4 1.61656E-4 1.57438E-4 1.62483E-4 1.66751E-4 1.64552E-4 1.63275E-4 1.56961E-4
6.46297E-5 6.62992E-5 6.45318E-5 7.17099E-5 7.21186E-5 6.81226E-5 7.26692E-5 7.62913E-5 7.99689E-5 7.82387E-5 8.38928E-5 9.14304E-5 9.82949E-5 8.69189E-5 9.34069E-5 9.43608E-5 9.68555E-5 1.04824E-4 1.04354E-4 1.06751E-4 1.18398E-4 1.18579E-4 1.18541E-4 1.31427E-4 1.39622E-4 1.60284E-4 1.87369E-4 2.0604E-4 2.09363E-4 2.07198E-4 2.11533E-4 1.91153E-4 1.89712E-4 1.8316E-4 1.7329E-4 1.78535E-4 1.88814E-4 1.84834E-4 1.77877E-4 1.70648E-4 1.63218E-4 1.59588E-4 1.55869E-4 1.54826E-4 1.64361E-4 1.64448E-4 1.931E-4 1.78912E-4 1.66047E-4 1.40096E-4 1.567E-4 1.73353E-4 1.74729E-4 1.78731E-4 1.7399E-4 1.70596E-4 1.72411E-4 1.79733E-4 1.82215E-4 1.79951E-4 1.78144E-4
6.6233E-5 6.51542E-5 6.48585E-5 6.87097E-5 6.81938E-5 6.59432E-5 7.04845E-5 6.80026E-5 6.62954E-5 6.89491E-5 7.15846E-5 7.72475E-5 8.00851E-5 7.77588E-5 7.64045E-5 7.72475E-5 7.86175E-5 8.471E-5 8.28206E-5 9.71328E-5 9.51291E-5 9.50984E-5 9.50984E-5 1.05445E-4 1.08067E-4 1.33135E-4 1.43315E-4 1.50847E-4 1.68868E-4 1.97819E-4 2.08517E-4 2.11223E-4 2.09081E-4 2.11678E-4 2.0477E-4 2.06707E-4 2.05836E-4 1.98417E-4 1.90665E-4 1.91234E-4 1.72197E-4 1.64269E-4 1.67116E-4 1.82749E-4 1.75245E-4 1.89101E-4 1.95237E-4 1.86071E-4 1.73615E-4 1.7256E-4 1.64556E-4 1.43912E-4 1.56353E-4 1.62259E-4 1.75424E-4 1.74729E-4 1.76246E-4 1.80036E-4 1.76681E-4 1.79022E-4 1.82768E-4
7.49148E-5 6.61273E-5 6.51498E-5 6.89372E-5 6.44664E-5 6.25325E-5 6.17242E-5 6.11939E-5 5.91874E-5 6.2588E-5 5.95068E-5 6.5125E-5 6.60311E-5 6.82591E-5 6.68234E-5 7.132E-5 6.77431E-5 6.33961E-5 6.33763E-5 6.47118E-5 6.91386E-5 7.41693E-5 7.67025E-5 9.13818E-5 9.0976E-5 8.68602E-5 1.11403E-4 1.20595E-4 1.37407E-4 1.44863E-4 1.6055E-4 1.95795E-4 2.07834E-4 2.12765E-4 2.11664E-4 2.10381E-4 2.08796E-4 2.07331E-4 2.07823E-4 2.07823E-4 2.05084E-4 1.98374E-4 2.03529E-4 2.0481E-4 2.03138E-4 1.95488E-4 1.638E-4 1.84244E-4 1.84378E-4 1.82062E-4 1.82377E-4 1.72165E-4 1.56552E-4 1.41322E-4 1.69018E-4 1.66126E-4 1.62343E-4 1.78497E-4 1.73102E-4 1.89316E-4 1.88616E-4
7.82648E-5 9.09395E-5 8.52137E-5 8.14092E-5 7.74346E-5 7.99932E-5 7.96042E-5 7.18532E-5 6.5668E-5 6.99019E-5 6.65641E-5 6.28982E-5 6.29436E-5 6.64066E-5 6.50455E-5 7.14043E-5 6.01044E-5 6.90809E-5 7.0011E-5 6.67365E-5 6.12343E-5 6.37203E-5 6.97584E-5 7.8537E-5 8.03171E-5 8.74482E-5 8.20403E-5 9.02579E-5 1.01549E-4 1.20452E-4 1.16724E-4 1.2976E-4 1.68473E-4 2.15161E-4 2.25908E-4 2.31142E-4 2.29097E-4 2.28336E-4 2.26735E-4 2.27492E-4 2.22311E-4 2.22996E-4 2.24054E-4 2.27171E-4 2.20809E-4 1.95831E-4 2.00015E-4 1.9578E-4 2.01252E-4 1.95419E-4 1.96463E-4 1.88748E-4 1.55202E-4 1.72866E-4 1.80063E-4 1.5827E-4 1.59099E-4 1.83236E-4 1.78984E-4 1.91486E-4 1.91971E-4
8.50499E-5 8.72228E-5 9.62488E-5 8.97573E-5 9.09906E-5 9.17149E-5 9.18239E-5 8.97043E-5 8.63634E-5 8.6204E-5 9.01939E-5 9.27211E-5 9.18198E-5 9.21294E-5 9.51745E-5 8.72477E-5 7.57449E-5 6.74724E-5 7.3961E-5 7.40215E-5 6.96188E-5 6.33728E-5 7.41807E-5 6.77965E-5 7.25906E-5 8.02033E-5 6.86859E-5 7.53924E-5 9.18119E-5 9.78184E-5 1.21081E-4 1.18343E-4 9.21849E-5 9.95792E-5 1.2188E-4 1.44663E-4 2.01321E-4 2.34888E-4 2.27877E-4 2.32689E-4 2.30409E-4 2.18353E-4 2.212E-4 2.21006E-4 2.2783E-4 2.26448E-4 2.23136E-4 2.1979E-4 2.12104E-4 2.06835E-4 1.98533E-4 1.74051E-4 1.45009E-4 1.29908E-4 1.57382E-4 1.48229E-4 1.78897E-4 1.74762E-4 1.54898E-4 1.56813E-4 1.90094E-4
8.99692E-5 9.41647E-5 9.91519E-5 1.0246E-4 9.96343E-5 9.6624E-5 9.88481E-5 9.91813E-5 9.56333E-5 9.33102E-5 1.03165E-4 1.04594E-4 1.10369E-4 1.07163E-4 1.09461E-4 1.12357E-4 1.09743E-4 1.0513E-4 1.02518E-4 8.84598E-5 7.7147E-5 7.67978E-5 7.9788E-5 6.55325E-5 7.61559E-5 9.96512E-5 1.13574E-4 8.34081E-5 7.83688E-5 7.25896E-5 7.53416E-5 1.00465E-4 1.22402E-4 1.10159E-4 8.86365E-5 1.09177E-4 1.181E-4 1.39357E-4 2.15525E-4 1.44617E-4 2.2013E-4 2.25047E-4 2.18912E-4 1.6238E-4 2.44225E-4 2.47082E-4 2.47233E-4 2.40419E-4 2.17273E-4 1.95769E-4 1.88536E-4 1.68941E-4 1.756E-4 1.52609E-4 1.13425E-4 1.09051E-4 1.41486E-4 1.68867E-4 1.5953E-4 1.55838E-4 1.56162E-4
1.03719E-4 1.10783E-4 1.05435E-4 1.04284E-4 1.13006E-4 1.0737E-4 1.06881E-4 1.11942E-4 1.13215E-4 1.16565E-4 1.16173E-4 1.13424E-4 1.15678E-4 1.09423E-4 1.22439E-4 1.21654E-4 1.21615E-4 1.12542E-4 1.25969E-4 1.25313E-4 1.16118E-4 1.13376E-4 9.11188E-5 7.0123E-5 6.60813E-5 7.8794E-5 1.059E-4 1.24774E-4 1.22039E-4 1.09921E-4 9.3542E-5 1.00642E-4 1.02841E-4 1.05209E-4 1.02659E-4 1.06289E-4 9.18363E-5 1.03694E-4 1.5175E-4 1.10014E-4 1.14315E-4 1.08265E-4 1.4219E-4 1.80406E-4 2.04925E-4 1.66052E-4 2.39655E-4 2.41817E-4 2.33722E-4 2.23084E-4 2.19593E-4 2.07258E-4 2.07783E-4 1.51325E-4 1.14329E-4 1.15416E-4 9.97817E-5 1.18345E-4 1.42107E-4 1.88492E-4 1.33073E-4
