Artocarpus heterophyllus SDM files/Last interglacial/results (without bias file)/Arthet_2.asc
ncols         625
nrows         721
xllcorner     69.99986311115
yllcorner     5.99986151914999
cellsize      0.041666667
NODATA_value  -9999
[rows 27 to 53 of 721, columns 305 to 365 of 625]
4.71462E-5 4.94675E-5 5.15386E-5 5.21722E-5 5.14025E-5 5.28227E-5 5.83176E-5 5.35391E-5 5.25555E-5 5.28405E-5 5.07056E-5 4.90341E-5 4.84106E-5 4.62616E-5 4.55721E-5 4.81082E-5 4.83285E-5 5.00266E-5 5.42327E-5 5.1188E-5 5.29749E-5 5.65415E-5 5.90547E-5 5.94689E-5 5.90264E-5 5.9587E-5 5.9387E-5 5.17864E-5 5.81053E-5 6.05694E-5 6.04149E-5 6.13369E-5 6.06572E-5 5.75928E-5 5.73896E-5 5.65069E-5 5.91682E-5 5.96248E-5 7.01858E-5 6.81055E-5 6.63023E-5 6.65046E-5 6.45976E-5 6.56799E-5 6.04946E-5 5.89455E-5 6.15925E-5 6.54834E-5 6.62929E-5 7.33325E-5 7.30145E-5 6.98639E-5 7.02957E-5 7.15419E-5 7.42839E-5 7.59812E-5 6.96476E-5 6.05732E-5 5.63563E-5 6.28469E-5 6.95898E-5
4.70687E-5 5.16108E-5 5.28841E-5 5.3255E-5 5.34492E-5 5.51599E-5 5.51599E-5 5.39762E-5 5.53057E-5 5.40168E-5 4.93494E-5 4.85071E-5 4.73505E-5 4.46783E-5 4.41819E-5 4.55796E-5 4.72242E-5 5.13336E-5 5.48603E-5 5.48603E-5 6.11014E-5 6.11035E-5 5.75672E-5 5.80914E-5 6.29778E-5 5.95188E-5 6.46283E-5 5.59007E-5 6.14271E-5 6.50455E-5 6.31659E-5 6.50652E-5 6.20567E-5 5.91549E-5 5.90457E-5 5.74951E-5 5.8973E-5 4.94131E-5 6.15753E-5 5.91832E-5 6.29038E-5 6.72358E-5 6.37632E-5 6.28571E-5 5.8238E-5 5.64662E-5 6.23676E-5 7.07237E-5 7.38766E-5 7.2774E-5 7.26347E-5 6.96124E-5 6.85591E-5 7.66665E-5 7.85E-5 7.52335E-5 7.10505E-5 6.43082E-5 6.37051E-5 5.96276E-5 6.45795E-5
5.5461E-5 5.33221E-5 5.39352E-5 5.57152E-5 5.72399E-5 6.07575E-5 5.54831E-5 5.692E-5 5.61693E-5 5.40258E-5 5.18708E-5 4.87384E-5 4.87739E-5 5.08057E-5 5.19425E-5 5.2562E-5 5.45134E-5 5.69317E-5 5.87733E-5 6.01562E-5 6.202E-5 5.56123E-5 5.68076E-5 6.67626E-5 6.20228E-5 6.21387E-5 6.17436E-5 6.44141E-5 6.50169E-5 6.70598E-5 6.59472E-5 6.22405E-5 5.86086E-5 6.09039E-5 6.46777E-5 6.25146E-5 5.03265E-5 4.52789E-5 5.29388E-5 6.12003E-5 6.72487E-5 6.42977E-5 6.43596E-5 6.14769E-5 6.00542E-5 5.53221E-5 5.7096E-5 6.92126E-5 7.3904E-5 7.65311E-5 7.77505E-5 7.20842E-5 7.36717E-5 8.14165E-5 8.0171E-5 7.72869E-5 8.06594E-5 7.51315E-5 7.50622E-5 7.10169E-5 6.77456E-5
5.65076E-5 5.7237E-5 5.83145E-5 5.54537E-5 6.04254E-5 5.73604E-5 6.16689E-5 5.74173E-5 6.12078E-5 5.90036E-5 5.38345E-5 5.19138E-5 5.39635E-5 5.3773E-5 5.98266E-5 5.67095E-5 5.90209E-5 6.5745E-5 6.28241E-5 6.9191E-5 6.91548E-5 6.113E-5 6.24017E-5 6.28332E-5 6.45424E-5 6.48919E-5 6.70059E-5 6.65808E-5 6.82559E-5 6.9124E-5 6.37098E-5 5.55726E-5 5.06647E-5 5.19261E-5 6.17668E-5 5.39224E-5 4.64063E-5 5.38087E-5 5.45928E-5 6.37299E-5 6.58969E-5 6.45498E-5 6.31113E-5 6.17048E-5 6.17403E-5 5.41556E-5 5.29203E-5 6.84068E-5 7.78237E-5 7.28427E-5 7.94695E-5 7.64201E-5 7.43944E-5 7.64231E-5 8.24025E-5 7.93952E-5 8.49381E-5 8.34533E-5 7.82112E-5 7.39567E-5 7.06166E-5
5.73576E-5 5.18505E-5 5.67121E-5 5.69189E-5 5.99022E-5 5.92856E-5 5.61516E-5 5.80989E-5 5.39667E-5 5.89286E-5 5.61549E-5 5.83536E-5 5.45863E-5 5.9738E-5 6.2038E-5 6.26414E-5 6.18841E-5 6.75412E-5 7.12125E-5 7.14892E-5 7.24851E-5 7.31229E-5 6.16027E-5 6.44005E-5 6.74308E-5 6.65773E-5 6.84317E-5 6.77613E-5 7.02007E-5 7.36171E-5 7.05746E-5 5.94741E-5 4.76094E-5 5.62923E-5 5.2054E-5 5.31442E-5 4.85064E-5 4.71805E-5 5.3684E-5 5.61073E-5 5.96019E-5 6.09991E-5 6.1829E-5 6.04814E-5 6.09666E-5 5.57472E-5 5.43089E-5 7.11928E-5 8.27878E-5 7.63798E-5 7.56338E-5 7.44063E-5 7.45983E-5 7.38302E-5 7.71217E-5 7.18791E-5 7.45065E-5 8.50154E-5 9.21802E-5 8.5129E-5 8.13743E-5
5.61072E-5 5.14322E-5 4.71511E-5 5.41809E-5 5.77318E-5 5.8096E-5 5.27469E-5 4.75308E-5 4.57589E-5 4.73195E-5 4.6864E-5 5.81851E-5 5.96719E-5 5.82436E-5 5.93591E-5 6.29267E-5 6.18477E-5 7.20246E-5 7.32412E-5 7.61553E-5 7.36027E-5 6.34967E-5 7.15944E-5 6.67361E-5 6.70704E-5 7.0165E-5 7.62643E-5 7.72838E-5 7.62328E-5 6.71854E-5 6.46723E-5 5.76971E-5 5.44085E-5 4.96131E-5 5.15638E-5 5.67996E-5 5.43434E-5 6.00189E-5 5.81101E-5 5.18987E-5 5.40112E-5 6.05214E-5 5.68467E-5 6.2122E-5 5.92224E-5 5.76334E-5 6.68762E-5 8.0828E-5 8.22033E-5 8.02881E-5 7.38093E-5 7.341E-5 6.63793E-5 6.52586E-5 6.53325E-5 7.18366E-5 7.66545E-5 9.13349E-5 9.46135E-5 9.23782E-5 8.38289E-5
5.12324E-5 4.17385E-5 4.1312E-5 4.99754E-5 5.40677E-5 5.69403E-5 5.18429E-5 4.49841E-5 4.20322E-5 4.48556E-5 4.3768E-5 6.12298E-5 6.07461E-5 5.86907E-5 6.25344E-5 6.27303E-5 6.0601E-5 7.68149E-5 7.5414E-5 7.55313E-5 7.20359E-5 6.06054E-5 6.53057E-5 6.54556E-5 6.83112E-5 7.11107E-5 6.93007E-5 7.16224E-5 7.07222E-5 6.77408E-5 6.28472E-5 5.53025E-5 4.82308E-5 5.27949E-5 5.87418E-5 6.24633E-5 6.13546E-5 6.65354E-5 6.2304E-5 6.05707E-5 4.97853E-5 5.62955E-5 5.06202E-5 5.66695E-5 5.65942E-5 6.87839E-5 7.75861E-5 8.34541E-5 8.80595E-5 9.03329E-5 8.66405E-5 7.61446E-5 6.38674E-5 6.5262E-5 7.53166E-5 6.83822E-5 7.59682E-5 8.73087E-5 9.79365E-5 9.1857E-5 8.97126E-5
4.34041E-5 4.32948E-5 4.46161E-5 5.11796E-5 5.12891E-5 4.91546E-5 4.4885E-5 4.35019E-5 4.52789E-5 4.35652E-5 4.38192E-5 5.95273E-5 6.44942E-5 6.26062E-5 6.5874E-5 6.93357E-5 6.15995E-5 6.98625E-5 7.58627E-5 7.45893E-5 7.07339E-5 5.50887E-5 5.95961E-5 5.60879E-5 6.16286E-5 5.84028E-5 6.36962E-5 7.05602E-5 6.91496E-5 6.1639E-5 5.84109E-5 5.11146E-5 5.41175E-5 5.2797E-5 6.67331E-5 7.51299E-5 8.31473E-5 8.47433E-5 7.74861E-5 6.56612E-5 6.02376E-5 5.98521E-5 6.44689E-5 6.02145E-5 6.83572E-5 7.71803E-5 8.36445E-5 8.84507E-5 8.57232E-5 9.21512E-5 8.72429E-5 8.72567E-5 8.01248E-5 8.21213E-5 7.75685E-5 7.49817E-5 7.63821E-5 8.56311E-5 9.1749E-5 8.78159E-5 8.41547E-5
3.24718E-5 3.33975E-5 3.89364E-5 4.86135E-5 5.40729E-5 4.70632E-5 4.51994E-5 4.24334E-5 4.72742E-5 4.44051E-5 4.13413E-5 5.24811E-5 6.14092E-5 5.94155E-5 6.93277E-5 6.78736E-5 6.43684E-5 6.61107E-5 7.0429E-5 7.28522E-5 6.94234E-5 5.94143E-5 5.80636E-5 6.41448E-5 6.09707E-5 5.55411E-5 6.17223E-5 6.83233E-5 6.55184E-5 5.5042E-5 5.27378E-5 5.05983E-5 4.31441E-5 5.33535E-5 6.9376E-5 8.49521E-5 9.03583E-5 8.98993E-5 7.94186E-5 7.19096E-5 7.9048E-5 7.55604E-5 7.04772E-5 6.75582E-5 7.60958E-5 8.00762E-5 9.21994E-5 9.23308E-5 8.60189E-5 9.47559E-5 8.86487E-5 9.67948E-5 9.17906E-5 9.0398E-5 7.7261E-5 5.78893E-5 5.52796E-5 6.18533E-5 6.79623E-5 6.96424E-5 6.67008E-5
3.1717E-5 3.40314E-5 3.9369E-5 5.16099E-5 5.22707E-5 3.81282E-5 4.19592E-5 4.5726E-5 4.49596E-5 4.42483E-5 4.48406E-5 5.23803E-5 6.40255E-5 6.91815E-5 6.95761E-5 6.93316E-5 6.86038E-5 5.98163E-5 6.28919E-5 6.35572E-5 7.21095E-5 5.62642E-5 6.21795E-5 5.73807E-5 6.21154E-5 6.21204E-5 6.25285E-5 7.18974E-5 6.68034E-5 6.29509E-5 5.84386E-5 5.39814E-5 5.00879E-5 6.15718E-5 7.98374E-5 9.26476E-5 9.87222E-5 9.44941E-5 8.26752E-5 8.70319E-5 8.71144E-5 8.20322E-5 7.69597E-5 7.9188E-5 8.90652E-5 9.47404E-5 9.57434E-5 9.58933E-5 8.07133E-5 9.77065E-5 8.05318E-5 7.96116E-5 7.71229E-5 7.98394E-5 6.97259E-5 6.28053E-5 6.4443E-5 5.64573E-5 5.24166E-5 5.87214E-5 6.60922E-5
3.77561E-5 3.9129E-5 4.15332E-5 5.27688E-5 5.48918E-5 4.50048E-5 5.14194E-5 4.91571E-5 4.95588E-5 5.1359E-5 5.28778E-5 5.456E-5 6.18052E-5 7.06928E-5 7.29437E-5 7.198E-5 6.98388E-5 5.97041E-5 6.69906E-5 6.84268E-5 7.18779E-5 6.32451E-5 6.19766E-5 6.7516E-5 7.07155E-5 7.22135E-5 7.37779E-5 7.40092E-5 7.13635E-5 6.5876E-5 6.00572E-5 6.55792E-5 6.90571E-5 7.94296E-5 9.23398E-5 9.71351E-5 1.01718E-4 9.74787E-5 9.55694E-5 8.82576E-5 8.52779E-5 7.81691E-5 8.66942E-5 8.8238E-5 7.57997E-5 7.87738E-5 9.94865E-5 8.33628E-5 8.48968E-5 8.45869E-5 7.64747E-5 7.91193E-5 7.49607E-5 8.39342E-5 7.47614E-5 6.99224E-5 7.45421E-5 6.45858E-5 6.22107E-5 6.68693E-5 8.44894E-5
4.61945E-5 4.65617E-5 4.39244E-5 5.66917E-5 5.81842E-5 5.57255E-5 4.83096E-5 4.33098E-5 4.64143E-5 5.11194E-5 5.57712E-5 5.66233E-5 6.06171E-5 6.79562E-5 7.29128E-5 7.15212E-5 6.66554E-5 7.52892E-5 7.69081E-5 7.75848E-5 7.56328E-5 7.39451E-5 7.30826E-5 7.37779E-5 7.67072E-5 7.83407E-5 8.03313E-5 7.59808E-5 7.34725E-5 6.97244E-5 6.55635E-5 7.10625E-5 8.5078E-5 9.25629E-5 9.54509E-5 1.03284E-4 1.05397E-4 1.12514E-4 1.00607E-4 9.64017E-5 5.91957E-5 5.73758E-5 6.3329E-5 6.79153E-5 7.53485E-5 7.75883E-5 8.48806E-5 7.9009E-5 8.28715E-5 9.08421E-5 8.97005E-5 8.63457E-5 8.32422E-5 8.62967E-5 9.8023E-5 9.88059E-5 8.37199E-5 7.16929E-5 6.90046E-5 9.44126E-5 1.09663E-4
5.28673E-5 5.25605E-5 5.28169E-5 5.87623E-5 5.97197E-5 5.72695E-5 4.26579E-5 4.31796E-5 4.90607E-5 4.96655E-5 5.64323E-5 5.52449E-5 5.46862E-5 6.32326E-5 5.3213E-5 5.85292E-5 5.85426E-5 6.65142E-5 7.51333E-5 8.08901E-5 8.00893E-5 7.98497E-5 7.72779E-5 8.00276E-5 8.40995E-5 8.33721E-5 8.7804E-5 8.05869E-5 8.17566E-5 7.72311E-5 7.47355E-5 7.51506E-5 8.47617E-5 1.00026E-4 1.03267E-4 1.12883E-4 1.17249E-4 9.39116E-5 8.61734E-5 7.20101E-5 5.64162E-5 4.80259E-5 5.98073E-5 6.53305E-5 7.49637E-5 7.44901E-5 7.50934E-5 7.83753E-5 7.48717E-5 8.09351E-5 8.32147E-5 8.16219E-5 9.24924E-5 1.06377E-4 1.15646E-4 1.089E-4 9.55545E-5 8.12869E-5 9.81147E-5 1.22549E-4 1.27585E-4
4.73521E-5 5.28173E-5 5.59357E-5 6.21974E-5 6.3167E-5 6.10121E-5 5.65965E-5 5.60853E-5 5.23507E-5 5.72946E-5 5.92846E-5 5.15877E-5 5.52147E-5 5.82146E-5 5.27842E-5 5.0056E-5 6.1214E-5 6.20412E-5 7.45816E-5 7.83267E-5 8.15745E-5 8.40434E-5 8.55506E-5 8.49327E-5 9.09506E-5 8.53123E-5 8.2983E-5 7.96567E-5 8.52263E-5 8.30457E-5 7.98851E-5 8.70519E-5 9.24818E-5 1.02628E-4 8.93653E-5 1.20463E-4 9.83722E-5 1.01649E-4 9.53948E-5 6.90524E-5 6.18904E-5 5.17235E-5 5.81243E-5 6.49321E-5 6.73432E-5 6.74348E-5 7.82819E-5 8.49513E-5 8.56087E-5 8.57767E-5 9.284E-5 9.13014E-5 9.7891E-5 1.16281E-4 1.24365E-4 1.21836E-4 1.17594E-4 1.00081E-4 1.07276E-4 1.35277E-4 1.35397E-4
4.82812E-5 4.8158E-5 5.06651E-5 5.77233E-5 6.59639E-5 6.13387E-5 6.34539E-5 6.344E-5 6.3308E-5 6.17474E-5 6.33202E-5 6.21523E-5 6.30055E-5 6.74435E-5 5.69182E-5 5.93437E-5 6.53973E-5 6.99105E-5 7.50447E-5 7.54975E-5 7.88213E-5 8.19778E-5 8.514E-5 9.77357E-5 9.63136E-5 8.7701E-5 7.99798E-5 7.96803E-5 8.49705E-5 8.47789E-5 8.34914E-5 9.0765E-5 1.011E-4 8.5826E-5 9.16033E-5 9.68415E-5 1.02342E-4 1.0004E-4 7.78549E-5 5.82032E-5 6.70676E-5 6.59492E-5 6.15794E-5 6.95361E-5 6.93142E-5 6.75962E-5 7.40168E-5 7.98911E-5 8.63157E-5 1.03294E-4 1.02549E-4 1.05458E-4 1.09384E-4 1.31932E-4 1.37303E-4 1.38149E-4 1.36143E-4 1.21844E-4 1.15307E-4 1.47924E-4 1.5224E-4
5.89473E-5 6.20702E-5 5.91521E-5 5.98696E-5 6.37785E-5 6.36438E-5 6.4715E-5 7.04686E-5 7.22302E-5 7.85498E-5 6.49414E-5 7.77134E-5 7.55471E-5 6.37987E-5 6.22809E-5 6.6796E-5 7.02961E-5 7.10013E-5 6.84519E-5 6.27913E-5 6.91328E-5 8.38286E-5 8.43347E-5 9.53634E-5 1.00315E-4 9.87142E-5 9.87132E-5 9.69122E-5 9.89377E-5 8.02121E-5 8.58638E-5 8.10957E-5 8.05551E-5 7.53399E-5 7.64607E-5 8.63938E-5 7.30557E-5 5.62677E-5 6.42498E-5 6.08023E-5 6.57073E-5 6.87637E-5 7.12427E-5 8.08171E-5 8.08202E-5 7.81509E-5 7.85415E-5 9.50733E-5 9.56975E-5 1.03748E-4 1.12033E-4 1.19894E-4 1.25252E-4 1.35047E-4 1.39775E-4 1.43746E-4 1.52789E-4 1.39875E-4 1.44512E-4 1.43045E-4 1.5054E-4
6.67789E-5 6.97092E-5 6.95993E-5 7.68651E-5 6.94278E-5 6.81548E-5 7.36946E-5 7.44286E-5 7.91559E-5 8.23535E-5 7.09171E-5 6.97822E-5 6.81019E-5 6.69038E-5 6.46808E-5 6.56844E-5 6.5737E-5 6.17811E-5 6.15968E-5 6.93498E-5 6.45042E-5 8.40671E-5 8.65999E-5 7.66682E-5 9.09631E-5 1.04609E-4 8.8933E-5 1.09883E-4 8.88041E-5 8.58184E-5 8.65016E-5 7.83466E-5 7.08528E-5 7.228E-5 6.44788E-5 6.07041E-5 5.43604E-5 5.03882E-5 7.27461E-5 6.93855E-5 6.50853E-5 7.26374E-5 8.46798E-5 8.88793E-5 9.34993E-5 9.55369E-5 1.06594E-4 1.10182E-4 1.11026E-4 1.23589E-4 1.24542E-4 1.27342E-4 1.3317E-4 1.33889E-4 1.44039E-4 1.34776E-4 1.35133E-4 1.51534E-4 1.51677E-4 1.55637E-4 1.66143E-4
7.3036E-5 7.7208E-5 7.49133E-5 7.97146E-5 7.42198E-5 7.46641E-5 8.23103E-5 8.3306E-5 7.25901E-5 7.43226E-5 7.47324E-5 7.47879E-5 6.97687E-5 7.06894E-5 6.50755E-5 6.62431E-5 6.09318E-5 6.10257E-5 5.53427E-5 4.77E-5 6.62755E-5 8.37621E-5 7.24372E-5 6.49328E-5 7.07173E-5 9.02874E-5 9.56088E-5 9.23811E-5 9.12695E-5 8.8008E-5 9.12701E-5 7.8371E-5 6.85247E-5 5.85992E-5 5.55388E-5 5.79378E-5 6.36179E-5 7.05947E-5 8.11943E-5 7.85681E-5 7.28197E-5 8.48227E-5 9.12945E-5 1.01803E-4 1.0611E-4 1.11274E-4 1.16011E-4 1.28257E-4 1.30853E-4 1.33944E-4 1.35103E-4 1.36182E-4 1.43239E-4 1.45392E-4 1.42887E-4 1.38867E-4 1.08706E-4 1.2575E-4 1.26063E-4 1.29347E-4 1.28811E-4
6.39083E-5 8.61826E-5 8.51403E-5 8.13067E-5 7.5244E-5 7.97117E-5 7.23707E-5 7.40251E-5 7.28593E-5 7.50776E-5 7.79951E-5 6.83343E-5 7.25357E-5 6.34558E-5 6.67246E-5 7.37582E-5 6.91176E-5 5.1788E-5 4.68758E-5 5.2895E-5 6.53911E-5 7.28769E-5 7.18943E-5 6.64393E-5 8.02314E-5 9.11942E-5 9.53089E-5 9.18989E-5 9.06594E-5 8.69777E-5 7.74406E-5 8.32826E-5 7.82146E-5 7.9631E-5 7.52852E-5 7.1186E-5 7.01656E-5 8.03223E-5 7.75446E-5 7.97745E-5 8.07642E-5 8.86997E-5 9.90527E-5 1.08605E-4 1.14301E-4 1.19944E-4 1.22546E-4 1.3568E-4 1.40863E-4 1.40517E-4 1.17346E-4 1.47085E-4 1.47864E-4 1.47057E-4 1.18592E-4 1.26806E-4 1.18455E-4 1.19562E-4 1.23112E-4 1.24007E-4 1.38743E-4
6.0709E-5 6.98549E-5 6.81015E-5 6.98497E-5 5.99519E-5 5.93531E-5 7.32152E-5 6.9107E-5 6.91539E-5 5.85162E-5 6.10955E-5 6.48478E-5 5.98404E-5 5.58307E-5 5.67582E-5 7.44256E-5 6.14489E-5 6.52977E-5 7.05717E-5 7.64903E-5 8.1894E-5 7.67669E-5 8.85911E-5 9.47323E-5 9.36307E-5 8.90712E-5 8.96778E-5 9.60583E-5 9.03707E-5 8.40396E-5 7.43678E-5 7.9109E-5 8.09771E-5 7.88036E-5 7.50067E-5 7.07756E-5 6.45762E-5 6.60244E-5 8.21405E-5 8.86854E-5 8.9821E-5 1.03424E-4 1.13801E-4 1.2761E-4 1.30429E-4 1.36863E-4 1.39931E-4 1.1508E-4 1.2084E-4 1.19591E-4 1.17174E-4 1.13448E-4 1.21734E-4 1.37135E-4 1.32353E-4 1.29875E-4 1.20928E-4 1.14217E-4 1.28639E-4 1.29528E-4 1.36521E-4
6.94911E-5 6.81347E-5 6.81474E-5 7.3268E-5 6.16158E-5 7.24111E-5 5.97665E-5 5.69654E-5 5.98742E-5 6.35559E-5 6.50123E-5 7.02479E-5 6.60728E-5 6.27777E-5 6.53565E-5 6.2903E-5 7.25835E-5 8.58911E-5 9.0348E-5 9.00921E-5 8.73985E-5 9.06936E-5 9.66701E-5 9.80575E-5 8.51945E-5 8.21981E-5 8.54638E-5 8.5632E-5 8.55674E-5 7.80977E-5 7.04475E-5 6.70784E-5 7.24174E-5 7.07026E-5 7.36571E-5 8.2458E-5 8.26961E-5 6.3306E-5 7.87175E-5 9.34375E-5 1.04155E-4 1.11673E-4 1.01277E-4 1.28659E-4 1.35459E-4 1.14037E-4 1.22376E-4 1.27021E-4 1.25079E-4 1.15303E-4 1.05757E-4 1.04489E-4 1.12256E-4 1.26697E-4 1.32605E-4 1.35177E-4 1.23827E-4 1.22979E-4 1.2383E-4 1.22759E-4 1.38519E-4
7.45989E-5 6.73598E-5 6.91331E-5 6.51503E-5 6.90375E-5 6.9034E-5 6.72703E-5 6.47618E-5 6.72319E-5 5.8811E-5 6.0055E-5 7.04134E-5 7.71478E-5 7.536E-5 7.71649E-5 7.46794E-5 7.42651E-5 7.94071E-5 9.08116E-5 1.00608E-4 1.0214E-4 9.4721E-5 9.85591E-5 9.26263E-5 8.66063E-5 7.7564E-5 6.57304E-5 6.20023E-5 6.10907E-5 7.09735E-5 6.39356E-5 6.10272E-5 6.21804E-5 7.00588E-5 7.95268E-5 9.24665E-5 1.05506E-4 6.79312E-5 7.33851E-5 8.65727E-5 1.02545E-4 9.95659E-5 1.29902E-4 1.08171E-4 1.20357E-4 1.22907E-4 1.27685E-4 1.3031E-4 1.27247E-4 1.31204E-4 1.32514E-4 1.20702E-4 1.21408E-4 1.37988E-4 1.44121E-4 1.36437E-4 1.30856E-4 1.30269E-4 1.28452E-4 1.19625E-4 1.2562E-4
7.76102E-5 7.46307E-5 7.89909E-5 7.89498E-5 6.92617E-5 7.15541E-5 7.30961E-5 6.93794E-5 6.8628E-5 7.02375E-5 7.23193E-5 7.80612E-5 8.50085E-5 8.59382E-5 8.79827E-5 9.23694E-5 8.53693E-5 8.56665E-5 8.66055E-5 1.00197E-4 1.01743E-4 1.05493E-4 1.01857E-4 9.95847E-5 9.47227E-5 8.48855E-5 7.36079E-5 6.2644E-5 6.08026E-5 6.77865E-5 5.76975E-5 6.19072E-5 6.53028E-5 6.29831E-5 8.51905E-5 1.02621E-4 1.18466E-4 1.2027E-4 8.27645E-5 9.73935E-5 1.13179E-4 1.06562E-4 1.07308E-4 1.14888E-4 1.21437E-4 1.27015E-4 1.27353E-4 1.42366E-4 1.39667E-4 1.39899E-4 1.36757E-4 1.35218E-4 1.46529E-4 1.49766E-4 1.51258E-4 1.38152E-4 1.41805E-4 1.31835E-4 1.23437E-4 1.1018E-4 1.22167E-4
7.16939E-5 6.64928E-5 6.18726E-5 7.73923E-5 7.61417E-5 8.07372E-5 7.86057E-5 7.39507E-5 6.91137E-5 7.603E-5 8.3254E-5 8.82887E-5 9.05808E-5 9.05371E-5 9.09515E-5 9.70482E-5 9.41989E-5 9.42314E-5 9.57026E-5 9.88882E-5 1.06328E-4 9.95974E-5 9.19691E-5 8.61889E-5 8.64792E-5 9.24855E-5 1.06674E-4 1.02767E-4 9.84235E-5 8.79499E-5 9.57774E-5 8.03759E-5 6.85156E-5 7.64842E-5 8.51766E-5 1.17552E-4 1.10615E-4 1.24851E-4 1.28108E-4 1.20734E-4 1.17534E-4 1.27122E-4 1.24395E-4 1.29934E-4 1.18501E-4 1.20366E-4 1.35639E-4 1.37024E-4 1.41185E-4 1.4101E-4 1.50924E-4 1.54689E-4 1.52248E-4 1.52874E-4 1.53416E-4 1.485E-4 1.37833E-4 1.26583E-4 1.20076E-4 1.02422E-4 8.94292E-5
5.92042E-5 6.51337E-5 5.78125E-5 6.218E-5 7.78359E-5 8.40798E-5 7.27441E-5 7.66074E-5 8.31895E-5 8.08629E-5 8.22385E-5 8.26296E-5 8.57061E-5 9.92762E-5 1.00999E-4 1.01486E-4 9.96893E-5 9.92969E-5 9.47654E-5 1.04033E-4 1.06357E-4 9.19572E-5 9.00936E-5 8.22532E-5 9.16847E-5 9.40708E-5 1.06399E-4 1.25233E-4 1.41776E-4 1.47717E-4 1.5631E-4 1.53249E-4 1.05422E-4 1.20638E-4 8.83213E-5 1.0933E-4 1.23648E-4 1.44058E-4 1.44159E-4 1.18614E-4 1.23712E-4 1.37619E-4 1.48181E-4 1.42743E-4 1.40399E-4 1.34949E-4 1.46915E-4 1.4078E-4 1.54594E-4 1.52998E-4 1.52857E-4 1.50906E-4 1.46205E-4 1.46846E-4 1.40543E-4 1.28794E-4 1.20485E-4 1.08375E-4 1.0763E-4 1.15716E-4 1.42826E-4
6.64599E-5 5.78977E-5 6.63208E-5 6.78899E-5 7.45928E-5 7.2724E-5 8.24206E-5 8.45572E-5 8.66142E-5 8.30069E-5 7.21172E-5 6.96386E-5 7.85426E-5 9.83274E-5 9.46592E-5 8.60407E-5 9.49638E-5 9.12229E-5 8.18513E-5 8.39488E-5 8.53073E-5 9.57878E-5 9.4183E-5 8.81816E-5 9.30338E-5 1.0385E-4 1.15908E-4 1.34269E-4 1.38533E-4 1.45732E-4 1.52658E-4 1.63096E-4 1.41533E-4 1.30368E-4 1.12764E-4 1.19019E-4 1.39184E-4 1.48544E-4 1.58433E-4 1.5184E-4 1.52135E-4 1.55865E-4 1.56026E-4 1.60496E-4 1.57654E-4 1.57179E-4 1.63735E-4 1.58762E-4 1.53408E-4 1.53889E-4 1.60624E-4 1.56759E-4 1.49988E-4 1.45357E-4 1.40322E-4 1.3866E-4 1.20281E-4 1.33485E-4 1.17582E-4 1.18197E-4 1.16022E-4
6.19033E-5 5.20108E-5 5.73865E-5 6.32696E-5 5.98333E-5 6.57755E-5 8.33316E-5 8.59216E-5 9.54069E-5 9.57529E-5 8.11684E-5 7.92154E-5 9.24389E-5 9.13908E-5 7.77077E-5 7.57618E-5 9.70499E-5 8.68326E-5 6.71988E-5 7.03534E-5 6.73009E-5 8.79244E-5 8.18109E-5 1.02613E-4 1.09845E-4 1.00652E-4 1.39452E-4 1.44016E-4 1.18578E-4 1.22251E-4 1.29705E-4 1.23727E-4 1.26917E-4 1.37376E-4 1.26E-4 1.17363E-4 1.34486E-4 1.59879E-4 1.63171E-4 1.7375E-4 1.65468E-4 1.5445E-4 1.60092E-4 1.74042E-4 1.83747E-4 1.71762E-4 1.64806E-4 1.54276E-4 1.4779E-4 1.52941E-4 1.47512E-4 1.5576E-4 1.49777E-4 1.60841E-4 1.306E-4 8.62687E-5 9.15568E-5 1.18501E-4 1.26272E-4 1.13932E-4 1.19553E-4
