Artocarpus heterophyllus SDM files/Last interglacial/results (without bias file)/Arthet_min.asc
ncols         625
nrows         721
xllcorner     69.99986311115
yllcorner     5.99986151914999
cellsize      0.041666667
NODATA_value  -9999
[rows 189 to 215 of 721, columns 366 to 426 of 625]
2.12568E-2 3.45148E-2 2.38904E-2 1.27973E-2 5.18261E-3 1.0511E-3 5.86953E-4 7.59338E-4 5.83921E-4 7.37017E-4 5.17717E-4 8.13021E-4 4.74692E-4 6.94235E-4 3.39258E-4 1.01208E-3 1.27321E-3 3.0653E-3 1.80463E-3 5.7355E-4 6.94521E-4 1.46476E-3 7.78106E-4 1.19871E-3 8.8037E-4 5.79533E-4 6.46809E-4 1.25886E-3 1.33144E-3 9.07422E-4 6.88835E-4 4.14065E-4 4.28515E-4 2.27507E-4 1.58942E-4 2.9163E-4 2.63861E-4 3.84161E-4 5.4006E-4 2.69549E-4 2.1724E-4 3.31231E-4 3.60262E-4 3.14125E-4 4.99149E-4 7.23796E-4 6.41228E-4 8.88849E-4 1.40764E-3 2.1554E-3 3.04519E-3 6.66264E-4 4.95315E-4 3.66619E-4 6.3316E-4 5.11533E-4 3.43443E-4 6.90908E-4 1.38619E-3 1.44737E-3 1.47969E-3
4.23833E-2 2.36775E-2 1.00021E-2 3.95273E-3 1.43409E-3 8.04348E-4 1.46029E-3 2.14212E-3 1.84483E-3 1.59616E-3 1.73261E-3 2.96165E-3 3.48902E-3 3.09941E-3 1.06253E-3 5.25079E-4 1.12115E-3 4.37576E-3 2.80619E-3 7.22589E-4 6.3531E-4 2.66058E-3 2.59347E-3 7.01644E-4 6.27459E-4 9.77611E-4 2.06974E-3 1.95092E-3 1.05496E-3 9.54192E-4 8.40806E-4 4.04531E-4 2.9647E-4 1.06971E-4 7.29016E-5 1.10967E-4 1.58478E-4 2.22963E-4 4.52942E-4 2.46586E-4 1.63711E-4 1.5841E-4 2.72463E-4 4.05515E-4 5.35421E-4 8.46097E-4 7.89193E-4 6.58528E-4 9.51423E-4 2.38708E-3 3.47588E-3 8.9392E-4 1.08078E-3 9.19438E-4 9.79591E-4 6.40362E-4 3.7449E-4 8.43426E-4 1.22267E-3 6.74405E-4 7.19066E-4
2.05272E-2 1.85513E-2 7.32004E-3 1.80572E-3 1.61481E-3 2.7279E-3 6.72194E-3 4.60187E-3 8.16123E-3 1.41073E-2 3.70205E-3 6.84187E-3 1.55196E-2 2.69409E-3 2.09843E-3 1.10875E-3 2.23204E-3 8.90928E-3 3.00276E-3 1.29172E-3 1.26953E-3 4.20582E-3 2.39822E-3 1.78117E-3 2.48629E-3 3.93075E-3 3.9675E-3 2.51446E-3 1.43763E-3 7.41942E-4 8.474E-4 4.9974E-4 4.98903E-4 1.75191E-4 3.88917E-4 2.73725E-4 2.45928E-4 2.63905E-4 4.06224E-4 2.30713E-4 2.05018E-4 1.33682E-4 2.68449E-4 3.11968E-4 4.16398E-4 6.3442E-4 5.67088E-4 1.17649E-3 2.10884E-3 4.1468E-3 2.28538E-3 4.14375E-3 1.18942E-3 8.36571E-4 7.02858E-4 6.87405E-4 2.64623E-4 4.50206E-4 1.33343E-3 1.29353E-3 1.09112E-3
5.69931E-2 3.42194E-2 1.45925E-2 6.25682E-3 1.77377E-2 1.19524E-2 2.74298E-2 1.34217E-2 3.0312E-2 3.41735E-2 1.61556E-2 6.57526E-3 2.5602E-2 1.01365E-2 4.81966E-3 2.37924E-3 3.79854E-3 1.69319E-2 2.84031E-3 1.00991E-3 1.09521E-3 2.29186E-3 7.96662E-3 3.2649E-3 8.41203E-3 4.49273E-3 2.97716E-3 7.50704E-4 1.28494E-3 1.23722E-3 7.52701E-4 1.04499E-3 9.73108E-4 7.67693E-4 1.12422E-3 7.33875E-4 2.98523E-4 3.22165E-4 3.61741E-4 1.93368E-4 1.13716E-4 2.50245E-4 2.76278E-4 2.71177E-4 4.11741E-4 1.56981E-3 6.6548E-4 5.2944E-4 8.73811E-4 2.01164E-3 3.87262E-3 5.57741E-3 2.22161E-3 1.06417E-3 9.21344E-4 7.79837E-4 3.2265E-4 5.93509E-4 1.29201E-3 7.83739E-4 3.77521E-4
8.22113E-2 4.41916E-2 5.13397E-2 6.00719E-2 5.19849E-2 1.48719E-2 4.60173E-2 3.15707E-2 3.69804E-2 7.74982E-2 1.79629E-2 7.63263E-3 2.92172E-2 3.9642E-2 6.30364E-3 5.08005E-3 1.9388E-2 2.6071E-2 7.88863E-3 2.89874E-3 1.21652E-3 5.06066E-3 1.24305E-2 1.74482E-2 6.32192E-3 1.96257E-3 2.19568E-3 1.45983E-3 3.82068E-4 5.48803E-4 5.81084E-4 1.17499E-3 1.48203E-3 8.95082E-4 1.32241E-3 7.51638E-4 5.95634E-4 7.25804E-4 4.11975E-4 6.06519E-5 2.14375E-5 4.69323E-4 7.48773E-4 7.93143E-4 1.01124E-3 1.39137E-3 1.94506E-3 2.49181E-3 6.34615E-4 1.35118E-3 5.4445E-3 8.67067E-3 3.70943E-3 2.67096E-3 9.45263E-4 7.17692E-4 7.24852E-4 7.59759E-4 8.6066E-4 4.35809E-4 4.05313E-4
1.72024E-1 1.77683E-1 1.22511E-1 1.21434E-1 6.34384E-2 3.96467E-2 6.62424E-2 8.81905E-2 4.11304E-2 8.63153E-2 3.21426E-2 1.63679E-2 6.17391E-2 3.62272E-2 1.61988E-2 2.24011E-2 5.10561E-2 2.16748E-2 4.46173E-3 3.29909E-3 1.7892E-3 3.0004E-3 1.12717E-2 2.66853E-2 1.34711E-2 5.23448E-3 1.66679E-3 1.24713E-3 9.79818E-4 4.32742E-4 4.15768E-4 1.18345E-3 1.6901E-3 1.3725E-3 1.33464E-3 1.63448E-3 1.19848E-3 1.02207E-3 5.7336E-4 2.08163E-4 1.30621E-4 1.38264E-4 1.82192E-4 1.77148E-4 4.8124E-5 7.27661E-4 3.54127E-3 4.89908E-3 1.89871E-3 1.79067E-3 7.3836E-3 1.20004E-2 2.52763E-3 2.94183E-3 2.04635E-3 8.96242E-4 5.20965E-4 1.82432E-3 7.33548E-4 6.25383E-4 5.05351E-4
2.25602E-1 1.59737E-1 1.108E-1 9.72943E-2 6.94489E-2 5.31439E-2 1.09563E-1 9.68338E-2 1.06508E-1 8.84757E-2 2.31906E-2 4.5571E-2 1.00005E-1 3.53649E-2 4.65269E-2 6.29114E-2 4.81382E-2 1.44104E-2 7.26186E-3 3.35164E-3 1.1993E-2 3.30674E-3 1.19667E-2 3.45043E-2 1.65779E-2 7.81863E-3 4.11443E-3 2.50531E-3 9.99657E-4 7.53114E-4 3.63854E-4 7.1942E-4 1.60015E-3 2.68351E-3 1.83215E-3 2.84895E-3 1.78127E-3 2.68332E-3 1.90708E-3 1.07598E-3 7.81346E-4 2.36093E-4 3.37873E-4 1.52621E-4 1.54195E-5 1.7837E-4 1.20426E-3 2.9948E-3 6.83571E-3 6.28932E-3 7.09916E-3 1.44603E-2 5.84042E-3 4.40363E-3 1.89701E-3 1.39893E-3 1.56375E-3 8.78862E-4 4.6523E-4 2.04094E-4 3.12093E-4
1.78303E-1 1.81763E-1 1.70233E-1 1.39997E-1 8.43347E-2 8.75415E-2 1.08636E-1 1.5073E-1 1.23429E-1 5.49759E-2 4.60491E-2 7.66313E-2 1.10764E-1 5.04807E-2 6.0414E-2 7.27546E-2 3.33286E-2 1.90858E-2 1.04564E-2 2.10026E-2 3.62463E-2 8.82614E-3 1.97723E-2 4.56728E-2 2.00686E-2 7.48994E-3 3.30646E-3 1.55953E-3 1.23921E-3 1.07548E-3 4.68756E-4 2.14149E-4 1.71613E-3 3.5969E-3 4.48901E-3 4.84764E-3 4.73175E-3 3.31334E-3 8.13199E-4 4.94356E-4 4.49096E-4 2.25992E-4 3.0404E-4 4.3611E-4 1.51452E-4 5.91234E-4 1.71697E-3 3.11165E-3 1.72017E-3 3.35643E-3 8.75038E-3 1.7555E-2 2.11389E-2 4.18911E-3 1.59234E-3 4.6911E-4 4.73432E-4 2.85074E-4 5.95713E-4 2.18615E-4 1.72074E-4
8.69185E-2 8.43489E-2 6.49156E-2 5.12926E-2 5.53325E-2 9.4517E-2 1.24436E-1 1.58294E-1 1.22944E-1 1.11017E-1 1.08382E-1 1.08179E-1 1.30526E-1 6.08595E-2 6.96932E-2 9.81681E-2 4.94496E-2 3.0114E-2 1.32268E-2 3.61455E-2 6.04307E-2 3.11299E-2 3.47896E-2 6.42603E-2 2.14404E-2 1.93655E-2 9.14165E-3 1.86101E-3 8.33163E-4 6.28639E-4 4.48436E-4 2.2821E-4 9.88954E-4 3.17215E-3 6.12353E-3 8.46985E-3 2.10245E-3 4.43533E-4 4.41907E-4 3.97046E-4 5.84849E-4 2.42763E-4 2.26869E-4 5.19631E-4 6.4399E-4 5.40966E-4 9.79731E-4 1.522E-3 4.78439E-3 2.90254E-3 3.60032E-3 1.3121E-2 1.90067E-2 8.56959E-3 4.44341E-3 6.88294E-4 2.48414E-4 3.41706E-4 4.28533E-4 3.28862E-4 2.30283E-4
1.23477E-1 1.37321E-1 1.13545E-1 8.29932E-2 7.71054E-2 6.17332E-2 1.13684E-1 1.5492E-1 1.70482E-1 1.50093E-1 1.47958E-1 1.24012E-1 1.49496E-1 1.15053E-1 9.84484E-2 1.2292E-1 7.89595E-2 6.25351E-2 1.80545E-2 3.47764E-2 4.63545E-2 7.68966E-2 7.45508E-2 6.45159E-2 4.4157E-2 3.69552E-2 5.91667E-3 1.89969E-3 2.00191E-3 2.64979E-3 1.37747E-3 1.86446E-4 7.31176E-4 2.02704E-3 5.68368E-3 1.34286E-2 2.12884E-3 1.86923E-4 4.54902E-4 4.33206E-4 7.28976E-4 1.10913E-4 7.5466E-4 1.10885E-3 5.30868E-4 1.65687E-3 1.45416E-3 1.48807E-3 9.41925E-3 1.762E-2 2.18408E-2 1.65327E-2 3.04819E-2 1.36241E-2 3.38275E-3 2.11087E-3 7.93255E-4 4.32055E-4 5.16252E-4 1.19385E-3 6.32546E-4
1.22666E-1 1.38338E-1 1.323E-1 1.28464E-1 1.23106E-1 1.02039E-1 9.39253E-2 1.43995E-1 1.76043E-1 1.87764E-1 1.61897E-1 1.10818E-1 1.47601E-1 1.28419E-1 1.03304E-1 9.86958E-2 4.94778E-2 2.41455E-2 2.29094E-2 6.52167E-2 8.9609E-2 9.01396E-2 9.47043E-2 7.15603E-2 5.41605E-2 1.82805E-2 1.11596E-2 4.89859E-3 5.01082E-3 7.32834E-3 4.72968E-3 1.07296E-3 8.16543E-4 3.47976E-3 1.19101E-2 1.86734E-2 5.97703E-3 1.26685E-3 6.85535E-4 7.29503E-4 1.44321E-3 3.44377E-4 4.6379E-4 1.88096E-3 2.34562E-3 2.29311E-3 2.42341E-3 4.67311E-3 9.9123E-3 2.8151E-2 5.64493E-2 3.09963E-2 1.79012E-2 7.35954E-3 3.2554E-3 1.10452E-3 4.58714E-4 4.14522E-4 6.09578E-4 1.6009E-3 8.21522E-4
1.3794E-1 1.3984E-1 1.32985E-1 1.32706E-1 1.31516E-1 1.10978E-1 7.44177E-2 1.6352E-1 1.65628E-1 1.62941E-1 2.34179E-1 2.15884E-1 1.75609E-1 1.17723E-1 8.98284E-2 8.52379E-2 5.70496E-2 8.41902E-2 7.3836E-2 1.14815E-1 1.53041E-1 1.19257E-1 7.87447E-2 3.31731E-2 1.7499E-2 3.12001E-2 2.8201E-2 8.26645E-3 2.25656E-2 2.1934E-2 4.20776E-3 2.32969E-3 2.84293E-3 3.37188E-3 2.02773E-2 2.05889E-2 5.70003E-3 2.95846E-3 1.15462E-3 2.78117E-4 2.79155E-3 1.52963E-3 2.04961E-3 3.84648E-3 2.23457E-3 1.53678E-3 3.63737E-3 5.31698E-3 1.06908E-2 2.27415E-2 6.37999E-2 4.4573E-2 2.23043E-2 8.67344E-3 1.97711E-3 5.04964E-4 4.00889E-4 5.70831E-4 7.51022E-4 1.94622E-3 6.77022E-3
1.09073E-1 1.29328E-1 1.26664E-1 1.60888E-1 1.44769E-1 1.48198E-1 1.40025E-1 1.79841E-1 2.12704E-1 2.37748E-1 2.19535E-1 2.04659E-1 1.20586E-1 1.01574E-1 1.0029E-1 9.67441E-2 7.74606E-2 7.55808E-2 1.2859E-1 1.4178E-1 1.38033E-1 8.50392E-2 4.3827E-2 5.33129E-2 4.45704E-2 6.36373E-2 2.42847E-2 1.77828E-2 4.18366E-2 1.83461E-2 5.15495E-3 5.85539E-3 6.91552E-3 1.03104E-2 4.14968E-2 2.63188E-2 4.74069E-3 5.96448E-3 1.74026E-3 1.92612E-3 7.27116E-3 2.59634E-3 3.32974E-3 2.46669E-3 6.29428E-3 4.71699E-3 9.62764E-3 2.64052E-2 3.30269E-2 2.42313E-2 7.40399E-2 1.98082E-2 7.79856E-3 4.07451E-3 8.23693E-4 1.35551E-3 9.04876E-4 1.25993E-3 2.69975E-3 8.74283E-4 7.49541E-3
1.61974E-1 1.57908E-1 1.47891E-1 1.17147E-1 1.07684E-1 1.2547E-1 1.39522E-1 1.43072E-1 1.82014E-1 2.07445E-1 1.99631E-1 2.22136E-1 1.41214E-1 1.15067E-1 1.39271E-1 1.06691E-1 6.62173E-2 6.38974E-2 9.2363E-2 1.41975E-1 1.45426E-1 8.95417E-2 6.83471E-2 7.79466E-2 6.82975E-2 6.11876E-2 2.37445E-2 4.06384E-2 5.46971E-2 2.12939E-2 1.24563E-2 1.46823E-2 2.12585E-2 5.01293E-2 7.25187E-2 4.04284E-2 1.70292E-2 1.55296E-2 4.06102E-3 1.56235E-2 5.48834E-3 9.50507E-3 1.55377E-2 4.87794E-3 1.2907E-2 2.91024E-2 2.45347E-2 3.05805E-2 6.95508E-2 5.17052E-2 8.90381E-2 4.03557E-2 3.83314E-2 9.99558E-3 1.12918E-3 2.14071E-3 6.53456E-3 1.5451E-2 4.01395E-3 1.30699E-3 1.27583E-2
1.30627E-1 1.26743E-1 1.17993E-1 6.70933E-2 7.30419E-2 1.02711E-1 1.23872E-1 1.40859E-1 1.45762E-1 1.67521E-1 1.60592E-1 2.00803E-1 1.87986E-1 1.86513E-1 1.50137E-1 8.14473E-2 4.49666E-2 3.28618E-2 7.3316E-2 1.54883E-1 1.38116E-1 7.55121E-2 9.37283E-2 5.7197E-2 4.13381E-2 4.3745E-2 7.87101E-2 6.21379E-2 4.31704E-2 2.16911E-2 1.89064E-2 3.04158E-2 2.44093E-2 3.55714E-2 8.99293E-2 4.24594E-2 4.82954E-2 2.96922E-2 2.63066E-2 3.94401E-2 9.24154E-3 1.46245E-2 4.76601E-2 4.56999E-2 2.54102E-2 3.49226E-2 5.81855E-2 9.03405E-2 1.12215E-1 1.17933E-1 4.90152E-2 2.08565E-2 1.40812E-2 3.14189E-3 4.35287E-3 5.15969E-3 2.79081E-2 2.95576E-2 9.06456E-3 5.89677E-3 3.15965E-2
1.29728E-1 1.22552E-1 1.15844E-1 8.2671E-2 4.9371E-2 6.9283E-2 9.82454E-2 1.21119E-1 1.61572E-1 1.73094E-1 1.68992E-1 1.34319E-1 1.72338E-1 2.15921E-1 1.51646E-1 1.27509E-1 8.76417E-2 7.42549E-2 8.84919E-2 1.63854E-1 1.74636E-1 1.3675E-1 8.8507E-2 3.84751E-2 5.45754E-2 8.64083E-2 8.65837E-2 5.65075E-2 2.17119E-2 1.20136E-2 2.07919E-2 4.21807E-2 3.02276E-2 3.27448E-2 8.83052E-2 8.51316E-2 7.49452E-2 6.59184E-2 8.52816E-2 5.73359E-2 1.07964E-2 2.33688E-2 5.41687E-2 8.47735E-2 7.61929E-2 5.05786E-2 1.11748E-1 1.15957E-1 5.9427E-2 7.10338E-2 5.64232E-2 3.88737E-2 6.54406E-3 2.79271E-3 1.04886E-2 3.17432E-2 4.4258E-2 2.12649E-2 1.19531E-2 3.27424E-2 4.3959E-2
2.36258E-1 1.68133E-1 1.13544E-1 1.19703E-1 1.26405E-1 5.87215E-2 6.04357E-2 6.56705E-2 1.18162E-1 1.35696E-1 1.25251E-1 1.80546E-1 1.70168E-1 2.11016E-1 1.24714E-1 9.17296E-2 1.16537E-1 1.22625E-1 1.13212E-1 1.50661E-1 2.26472E-1 1.57067E-1 7.42666E-2 7.84148E-2 1.0537E-1 1.03467E-1 3.80707E-2 2.76542E-2 1.7034E-2 2.9538E-2 2.87135E-2 5.38253E-2 3.34044E-2 6.85132E-2 1.13161E-1 1.38061E-1 1.10827E-1 8.57063E-2 5.25101E-2 1.96653E-2 1.48021E-2 2.31248E-2 9.52079E-2 1.02793E-1 1.17692E-1 1.5305E-1 1.14448E-1 7.24433E-2 8.89762E-2 6.29051E-2 4.66703E-2 2.87471E-2 1.32015E-2 4.23092E-3 1.27899E-2 3.68234E-2 7.44378E-2 3.95929E-2 3.52092E-2 6.87175E-2 5.41857E-2
2.4839E-1 2.64597E-1 2.52951E-1 2.39696E-1 1.91973E-1 1.92919E-1 1.56555E-1 9.48123E-2 7.23564E-2 1.22943E-1 9.41743E-2 1.39174E-1 1.85151E-1 2.08477E-1 2.311E-1 1.82517E-1 1.62572E-1 2.05422E-1 1.72494E-1 2.06242E-1 2.08108E-1 1.40045E-1 8.8377E-2 1.36736E-1 1.39534E-1 7.90056E-2 5.20767E-2 4.53258E-2 2.80295E-2 3.15293E-2 4.90547E-2 5.45038E-2 7.66791E-2 6.58136E-2 1.63226E-1 1.21958E-1 7.30625E-2 2.97534E-2 2.07805E-2 2.06182E-2 2.04229E-2 3.00248E-2 4.91227E-2 7.54043E-2 1.37315E-1 1.69815E-1 7.90065E-2 8.67684E-2 1.36415E-1 1.47905E-1 1.09335E-1 7.09904E-2 3.36552E-2 2.42392E-2 2.99544E-2 4.46522E-2 8.82359E-2 5.41922E-2 8.4069E-2 5.92843E-2 1.86985E-2
2.87145E-1 2.83239E-1 2.86865E-1 2.94575E-1 2.83153E-1 2.74979E-1 2.38395E-1 1.98353E-1 1.59904E-1 2.03948E-1 1.2643E-1 1.11994E-1 1.05169E-1 1.33797E-1 1.89942E-1 2.17942E-1 2.48218E-1 2.3106E-1 2.51895E-1 2.55942E-1 2.03289E-1 1.58079E-1 1.43593E-1 2.19791E-1 1.3039E-1 6.16136E-2 5.70742E-2 7.5508E-2 7.08744E-2 5.76655E-2 4.35825E-2 3.45882E-2 1.06089E-1 1.45442E-1 1.91536E-1 8.39889E-2 6.91432E-2 7.23078E-2 5.44021E-2 4.35087E-2 3.21055E-2 7.93381E-2 9.08192E-2 1.20185E-1 1.61579E-1 1.95186E-1 1.6968E-1 1.8035E-1 1.91865E-1 1.45487E-1 6.36596E-2 4.83765E-2 1.93924E-2 2.71343E-2 8.51295E-2 6.51324E-2 1.05113E-1 1.123E-1 1.08499E-1 4.1152E-2 5.20392E-2
2.6691E-1 2.81025E-1 2.57893E-1 2.81647E-1 2.57275E-1 2.766E-1 2.80395E-1 2.83709E-1 2.75494E-1 2.81222E-1 2.29131E-1 2.01947E-1 1.55697E-1 1.63355E-1 1.3682E-1 1.78674E-1 1.9328E-1 2.45014E-1 2.11501E-1 2.01318E-1 1.99591E-1 1.57558E-1 2.09939E-1 2.28648E-1 1.2799E-1 1.00598E-1 6.67733E-2 9.01484E-2 1.77022E-1 1.0551E-1 6.69839E-2 6.47556E-2 9.81591E-2 1.43956E-1 1.87793E-1 1.10195E-1 1.19413E-1 1.28972E-1 1.12895E-1 4.87902E-2 3.21526E-2 7.49588E-2 8.34545E-2 1.25697E-1 1.1609E-1 1.48174E-1 1.95706E-1 1.9746E-1 1.9762E-1 1.32699E-1 8.46915E-2 6.49052E-2 3.22102E-2 3.14314E-2 6.85967E-2 8.69881E-2 1.18477E-1 1.31022E-1 5.87309E-2 5.14715E-2 7.46043E-2
2.73921E-1 2.68158E-1 2.71297E-1 2.57455E-1 2.7195E-1 2.78169E-1 2.73975E-1 2.75587E-1 2.61885E-1 2.64816E-1 2.56262E-1 2.17851E-1 1.81804E-1 2.06863E-1 2.15565E-1 1.68595E-1 1.66323E-1 2.19268E-1 2.46411E-1 2.17315E-1 1.6952E-1 1.31301E-1 1.6259E-1 2.21994E-1 1.75452E-1 1.42717E-1 1.1236E-1 1.0721E-1 1.86543E-1 1.41499E-1 1.20222E-1 1.4225E-1 1.80087E-1 1.79557E-1 2.28163E-1 1.85926E-1 1.51012E-1 1.26464E-1 1.04282E-1 9.16316E-2 5.55291E-2 2.65739E-2 2.85254E-2 7.2478E-2 9.77274E-2 1.54581E-1 1.94587E-1 1.98104E-1 1.8834E-1 1.61869E-1 1.29136E-1 8.3044E-2 6.96345E-2 5.16384E-2 3.90136E-2 4.55117E-2 7.96065E-2 1.00613E-1 1.43988E-1 9.13593E-2 1.05434E-1
2.79052E-1 2.59745E-1 2.56455E-1 2.21844E-1 2.25781E-1 2.38217E-1 2.52362E-1 2.36788E-1 2.38089E-1 2.33193E-1 2.32403E-1 2.41378E-1 2.38237E-1 2.45541E-1 2.44521E-1 2.44615E-1 2.05093E-1 1.65708E-1 1.86175E-1 2.30524E-1 2.41106E-1 2.12853E-1 2.17177E-1 2.09513E-1 1.99487E-1 1.20982E-1 1.39074E-1 1.3003E-1 1.79554E-1 1.08671E-1 1.13451E-1 1.68468E-1 1.91985E-1 2.31997E-1 2.0953E-1 1.54682E-1 8.04905E-2 7.10975E-2 7.85761E-2 5.29585E-2 4.53055E-2 5.16098E-2 6.74889E-2 7.6762E-2 1.02166E-1 1.63854E-1 1.87384E-1 1.86572E-1 1.54517E-1 1.69017E-1 1.37037E-1 9.2135E-2 7.63278E-2 4.39503E-2 4.93375E-2 6.09714E-2 7.07178E-2 8.03319E-2 1.61523E-1 1.47604E-1 1.31372E-1
2.85302E-1 2.78334E-1 2.5997E-1 2.38748E-1 2.04459E-1 2.05083E-1 2.17756E-1 2.29577E-1 2.41734E-1 2.45566E-1 2.27439E-1 2.22345E-1 2.22521E-1 2.18904E-1 2.42572E-1 2.57747E-1 2.52705E-1 2.09359E-1 1.79244E-1 1.66103E-1 1.88885E-1 2.03727E-1 2.12399E-1 2.11722E-1 1.99982E-1 2.28461E-1 1.9803E-1 2.29329E-1 1.72062E-1 1.39712E-1 1.76764E-1 2.36857E-1 2.28674E-1 1.78932E-1 1.42312E-1 1.12879E-1 1.09541E-1 1.28241E-1 8.80436E-2 7.0257E-2 7.47446E-2 1.1477E-1 8.99535E-2 7.17619E-2 1.16816E-1 1.14155E-1 1.63392E-1 1.88553E-1 1.80884E-1 1.28356E-1 1.01092E-1 8.43029E-2 8.07986E-2 4.91339E-2 6.30901E-2 7.83987E-2 9.9663E-2 7.31884E-2 1.02558E-1 1.58133E-1 1.47065E-1
2.53526E-1 2.55331E-1 2.56388E-1 2.56923E-1 2.49534E-1 2.23315E-1 2.13797E-1 2.29611E-1 2.2997E-1 2.26912E-1 2.28375E-1 2.3461E-1 2.41149E-1 2.3397E-1 2.45046E-1 2.48843E-1 2.41517E-1 2.38454E-1 2.37515E-1 1.94374E-1 1.64903E-1 1.81116E-1 1.55525E-1 1.69307E-1 1.32636E-1 1.56894E-1 2.28031E-1 2.36784E-1 1.71649E-1 2.38106E-1 2.24657E-1 1.81399E-1 1.63884E-1 1.65401E-1 1.91478E-1 1.55895E-1 1.70272E-1 1.58092E-1 1.46321E-1 8.51714E-2 7.15101E-2 1.1623E-1 1.43765E-1 1.11452E-1 1.08477E-1 1.3146E-1 1.07228E-1 1.72842E-1 1.87435E-1 1.41156E-1 9.34169E-2 6.47296E-2 5.3013E-2 5.51268E-2 8.65995E-2 1.02338E-1 1.16703E-1 1.17171E-1 1.28179E-1 1.76644E-1 1.34591E-1
2.3759E-1 2.32055E-1 2.27632E-1 2.27648E-1 2.41495E-1 2.37385E-1 2.39058E-1 2.35184E-1 2.4176E-1 2.35826E-1 2.22353E-1 2.34902E-1 2.44204E-1 2.49407E-1 2.3956E-1 2.43217E-1 2.48029E-1 2.42464E-1 2.36451E-1 2.37367E-1 2.46285E-1 2.27804E-1 2.37701E-1 1.57196E-1 1.16465E-1 1.54946E-1 1.87641E-1 1.97374E-1 2.31676E-1 1.97974E-1 1.89578E-1 2.37116E-1 2.3733E-1 2.56897E-1 2.46311E-1 2.00396E-1 1.89817E-1 1.55938E-1 1.00998E-1 6.25212E-2 7.15611E-2 1.36249E-1 1.80439E-1 1.77108E-1 1.36269E-1 1.49109E-1 1.7532E-1 1.57422E-1 1.69068E-1 1.74066E-1 1.47746E-1 6.76331E-2 8.80859E-2 1.0897E-1 1.01045E-1 1.21386E-1 1.13681E-1 1.76314E-1 1.84081E-1 1.66096E-1 1.4244E-1
2.29188E-1 2.29419E-1 2.25776E-1 2.26543E-1 2.25778E-1 2.19648E-1 2.27682E-1 2.25498E-1 2.21613E-1 2.18782E-1 2.37228E-1 2.39824E-1 2.36628E-1 2.36496E-1 2.39594E-1 2.37002E-1 2.34773E-1 2.3721E-1 2.40183E-1 2.40785E-1 2.33015E-1 2.30843E-1 2.25416E-1 1.83978E-1 1.82593E-1 1.29231E-1 1.45307E-1 1.86604E-1 2.1602E-1 2.21207E-1 2.19875E-1 1.69645E-1 1.57099E-1 1.94084E-1 2.50803E-1 2.35885E-1 1.64962E-1 8.97439E-2 7.11045E-2 6.65501E-2 7.87755E-2 1.06275E-1 1.50791E-1 1.45895E-1 1.66292E-1 1.54774E-1 1.71445E-1 1.62124E-1 1.59817E-1 1.45504E-1 1.371E-1 7.19679E-2 1.14093E-1 1.1516E-1 1.33689E-1 1.31014E-1 1.76639E-1 1.45066E-1 1.50421E-1 1.23501E-1 1.0526E-1
2.1379E-1 2.16223E-1 2.15776E-1 2.19713E-1 2.11003E-1 2.06772E-1 2.1024E-1 2.11911E-1 2.10502E-1 2.05979E-1 2.10244E-1 2.17524E-1 2.24713E-1 2.29888E-1 2.2914E-1 2.31066E-1 2.26614E-1 2.21631E-1 2.34304E-1 2.34865E-1 2.33802E-1 2.37546E-1 2.35475E-1 2.40209E-1 2.24314E-1 1.77548E-1 2.36039E-1 1.90049E-1 2.1243E-1 2.01942E-1 1.7196E-1 1.3847E-1 1.22078E-1 1.17991E-1 2.14696E-1 2.47805E-1 1.93374E-1 1.45383E-1 1.1521E-1 1.39262E-1 1.16611E-1 9.11393E-2 1.13477E-1 1.81739E-1 1.56451E-1 1.75375E-1 1.72167E-1 1.65953E-1 1.39723E-1 1.23134E-1 1.06164E-1 9.22199E-2 1.03916E-1 1.43992E-1 1.45108E-1 1.78831E-1 1.32884E-1 1.20417E-1 1.15696E-1 1.08096E-1 9.37733E-2
