Artocarpus heterophyllus SDM files/Last interglacial/results (without bias file)/Arthet_9.asc
ncols         625
nrows         721
xllcorner     69.99986311115
yllcorner     5.99986151914999
cellsize      0.041666667
NODATA_value  -9999
[rows 162 to 188 of 721, columns 427 to 487 of 625]
3.22309E-3 2.557E-3 2.0482E-3 1.75014E-3 1.39355E-3 1.35683E-3 2.46918E-3 3.78717E-3 4.69433E-3 3.52047E-3 3.64671E-3 2.6544E-3 2.125E-3 3.16171E-3 4.14168E-3 2.93403E-3 1.9918E-3 1.7932E-3 2.51923E-3 3.912E-3 4.10746E-3 3.43031E-3 3.35486E-3 3.44844E-3 3.59301E-3 4.50277E-3 4.95826E-3 3.73159E-3 2.78168E-3 3.56287E-3 3.84014E-3 3.57485E-3 4.13665E-3 4.42468E-3 5.31305E-3 5.68307E-3 5.91582E-3 6.15519E-3 4.42196E-3 4.74332E-3 2.14689E-3 2.86164E-3 4.00487E-3 1.67153E-3 1.70138E-3 1.98603E-3 3.32393E-3 4.7116E-3 5.64325E-3 2.90581E-3 1.46748E-3 1.5296E-3 1.10796E-3 1.54765E-3 3.00223E-3 3.92009E-3 3.78761E-3 3.62734E-3 3.58175E-3 2.7817E-3 1.47934E-3
3.76472E-3 3.86181E-3 3.37686E-3 2.55296E-3 2.15037E-3 2.50044E-3 2.79202E-3 3.71596E-3 4.2812E-3 4.25671E-3 4.1274E-3 3.36065E-3 2.61358E-3 4.04381E-3 3.405E-3 2.52726E-3 2.86241E-3 2.79551E-3 2.59241E-3 3.55459E-3 3.74793E-3 3.25743E-3 3.17563E-3 3.49152E-3 5.39113E-3 5.69371E-3 6.31243E-3 6.3106E-3 5.40424E-3 5.1503E-3 4.87199E-3 5.29628E-3 5.91585E-3 6.20734E-3 4.76705E-3 2.47378E-3 4.41955E-3 3.07501E-3 2.29073E-3 3.05538E-3 2.59694E-3 2.29147E-3 2.10845E-3 1.56195E-3 1.26067E-3 1.69004E-3 1.91665E-3 3.83113E-3 3.70782E-3 4.87123E-3 2.53298E-3 1.98995E-3 1.88299E-3 1.24359E-3 1.92297E-3 2.71393E-3 3.38538E-3 3.23085E-3 2.58706E-3 2.01238E-3 1.42809E-3
3.43239E-3 2.93735E-3 3.43652E-3 2.51065E-3 2.00437E-3 2.76166E-3 2.79219E-3 2.09833E-3 3.17669E-3 3.85582E-3 2.77041E-3 3.29627E-3 3.70912E-3 4.23025E-3 4.43897E-3 4.45124E-3 4.47009E-3 4.35546E-3 3.77386E-3 3.41943E-3 3.50997E-3 4.00201E-3 4.40778E-3 6.01717E-3 6.17498E-3 6.32559E-3 6.3171E-3 6.03204E-3 6.3172E-3 5.42119E-3 6.21179E-3 6.57397E-3 6.58837E-3 6.58864E-3 4.74455E-3 3.27274E-3 2.07609E-3 1.74838E-3 2.02731E-3 3.45961E-3 4.26483E-3 2.85128E-3 1.6665E-3 2.13268E-3 1.57824E-3 1.58091E-3 1.96264E-3 2.27993E-3 3.36521E-3 4.82479E-3 5.05214E-3 4.46175E-3 2.77075E-3 1.87567E-3 1.6035E-3 2.94083E-3 3.03786E-3 2.58621E-3 2.07707E-3 1.53182E-3 1.85855E-3
2.89127E-3 2.10792E-3 2.02375E-3 2.01702E-3 2.23789E-3 2.93139E-3 3.11753E-3 3.19264E-3 3.60779E-3 3.69591E-3 3.01374E-3 1.9675E-3 1.88759E-3 2.84413E-3 4.74315E-3 4.05592E-3 3.77324E-3 3.97037E-3 4.38472E-3 4.17983E-3 4.48016E-3 4.69818E-3 5.90046E-3 5.90401E-3 4.3918E-3 3.62024E-3 5.23889E-3 4.33158E-3 5.63087E-3 5.46079E-3 5.67589E-3 4.04137E-3 4.09008E-3 4.60378E-3 5.60715E-3 5.53178E-3 3.28385E-3 2.47362E-3 2.99595E-3 3.0759E-3 4.56988E-3 4.077E-3 3.75442E-3 3.77859E-3 3.2524E-3 2.13522E-3 1.6266E-3 2.19634E-3 3.71306E-3 3.58986E-3 4.06969E-3 2.8516E-3 4.08261E-3 3.21819E-3 2.17974E-3 2.77201E-3 3.0127E-3 2.82321E-3 2.20624E-3 2.63012E-3 2.77319E-3
2.77046E-3 2.83902E-3 3.41056E-3 2.66681E-3 2.61081E-3 2.98476E-3 2.97254E-3 2.40406E-3 2.84052E-3 2.33432E-3 1.81832E-3 1.30074E-3 1.56478E-3 2.22827E-3 2.90947E-3 3.95564E-3 3.53914E-3 3.01576E-3 2.94091E-3 2.5791E-3 3.50999E-3 4.62879E-3 4.73147E-3 4.51674E-3 3.81473E-3 3.89741E-3 5.13734E-3 4.16338E-3 5.51711E-3 4.03302E-3 4.29731E-3 3.32045E-3 3.4178E-3 3.45757E-3 4.23771E-3 6.29491E-3 4.03312E-3 4.24247E-3 4.88845E-3 4.55265E-3 5.69938E-3 5.68176E-3 5.68784E-3 4.68227E-3 4.18396E-3 3.76528E-3 2.76693E-3 2.9511E-3 3.6952E-3 2.77092E-3 3.89439E-3 1.9833E-3 2.63764E-3 3.81881E-3 3.68847E-3 3.53472E-3 2.82817E-3 3.10698E-3 2.82833E-3 2.45265E-3 2.92586E-3
4.28046E-3 4.27565E-3 3.97033E-3 2.83181E-3 2.25533E-3 2.65457E-3 2.97348E-3 2.26463E-3 2.44967E-3 2.04423E-3 1.60276E-3 1.4772E-3 1.45755E-3 2.30299E-3 2.94277E-3 4.06595E-3 4.36745E-3 3.82682E-3 2.80965E-3 3.03301E-3 4.35571E-3 5.02462E-3 3.99143E-3 3.08835E-3 3.0084E-3 3.71302E-3 4.68624E-3 3.37819E-3 4.29157E-3 3.6298E-3 3.10903E-3 3.14287E-3 4.19962E-3 5.61469E-3 5.14473E-3 5.8251E-3 5.32114E-3 5.77072E-3 6.03677E-3 6.57456E-3 5.8003E-3 3.90557E-3 3.37093E-3 3.58701E-3 2.87309E-3 3.20762E-3 3.28375E-3 2.41324E-3 2.14111E-3 3.10845E-3 3.49589E-3 2.67715E-3 2.06194E-3 2.04984E-3 2.12337E-3 1.65476E-3 1.8969E-3 2.07842E-3 1.72436E-3 1.95048E-3 1.71894E-3
2.83105E-3 3.22143E-3 4.08799E-3 3.15685E-3 1.87075E-3 1.95037E-3 1.98445E-3 1.69921E-3 2.21368E-3 2.38779E-3 2.49675E-3 2.5805E-3 1.86525E-3 2.29955E-3 3.90781E-3 3.87538E-3 3.81318E-3 5.58028E-3 4.36164E-3 2.8335E-3 3.3269E-3 4.04931E-3 3.46012E-3 4.16281E-3 3.04612E-3 3.14641E-3 4.11926E-3 3.56272E-3 2.71148E-3 2.04041E-3 1.93682E-3 2.32193E-3 3.06581E-3 4.58681E-3 6.17251E-3 6.07081E-3 4.06898E-3 3.78281E-3 4.26604E-3 5.55532E-3 6.07937E-3 4.87713E-3 4.10502E-3 2.98584E-3 2.12276E-3 1.96817E-3 1.86103E-3 2.15124E-3 1.90515E-3 2.96709E-3 2.61785E-3 2.95314E-3 2.13094E-3 1.96183E-3 1.99563E-3 1.72333E-3 2.10414E-3 1.40791E-3 1.45393E-3 1.43381E-3 1.7777E-3
1.41371E-3 1.76344E-3 3.11843E-3 2.99806E-3 1.8921E-3 1.52026E-3 1.48254E-3 1.45275E-3 1.69597E-3 1.62039E-3 2.07516E-3 2.47404E-3 2.53466E-3 3.53152E-3 4.74678E-3 3.74329E-3 3.39718E-3 4.7402E-3 2.70587E-3 2.23875E-3 2.57429E-3 2.54362E-3 2.48968E-3 2.90114E-3 2.68902E-3 2.31585E-3 2.75494E-3 2.56942E-3 2.70086E-3 3.51376E-3 3.62775E-3 4.10947E-3 4.18254E-3 5.18444E-3 5.07871E-3 3.55662E-3 3.26723E-3 2.48384E-3 2.71697E-3 3.70519E-3 4.72598E-3 5.81912E-3 4.61673E-3 3.20839E-3 2.49679E-3 2.89605E-3 2.83046E-3 3.57035E-3 3.2086E-3 2.89149E-3 2.41382E-3 2.39793E-3 2.29615E-3 1.86584E-3 1.86478E-3 2.24317E-3 2.16652E-3 1.17847E-3 1.5055E-3 1.26643E-3 1.87375E-3
1.77524E-3 1.50786E-3 1.95637E-3 3.07477E-3 2.75051E-3 2.34732E-3 2.12325E-3 2.07452E-3 1.82589E-3 1.55589E-3 2.01305E-3 1.6576E-3 1.69082E-3 2.18879E-3 3.72954E-3 2.5407E-3 3.11222E-3 3.25411E-3 3.79054E-3 3.38933E-3 3.30283E-3 3.04022E-3 3.32907E-3 2.96342E-3 3.21598E-3 2.9634E-3 2.71972E-3 2.88497E-3 3.08361E-3 2.57778E-3 2.339E-3 2.21607E-3 3.49591E-3 4.79789E-3 5.17236E-3 3.53495E-3 2.09472E-3 1.77681E-3 2.2406E-3 2.92775E-3 3.63222E-3 5.01026E-3 5.96538E-3 4.51971E-3 3.98253E-3 4.78204E-3 4.35175E-3 4.00054E-3 3.30982E-3 2.08064E-3 1.90885E-3 2.55249E-3 3.00786E-3 2.2199E-3 2.46191E-3 3.22501E-3 1.2313E-3 6.54483E-4 1.74091E-3 1.59671E-3 2.08296E-3
2.04816E-3 2.51037E-3 2.8482E-3 2.9979E-3 3.14178E-3 2.71707E-3 2.37097E-3 1.69819E-3 1.49513E-3 1.51293E-3 1.22061E-3 1.33003E-3 1.09012E-3 1.41947E-3 2.59166E-3 1.47107E-3 1.67092E-3 2.92702E-3 3.50666E-3 2.29457E-3 2.53092E-3 3.36404E-3 3.02861E-3 3.55169E-3 3.11224E-3 3.32421E-3 3.43943E-3 3.54767E-3 3.37284E-3 3.14238E-3 2.60154E-3 3.35048E-3 4.5044E-3 3.42762E-3 3.86659E-3 4.95035E-3 3.65106E-3 2.48821E-3 2.81381E-3 4.28465E-3 5.08231E-3 5.57645E-3 5.84051E-3 6.03214E-3 5.70675E-3 4.00066E-3 3.43144E-3 2.91464E-3 2.82896E-3 2.46049E-3 2.79727E-3 3.21674E-3 3.37456E-3 3.17392E-3 3.39378E-3 3.54701E-3 2.16582E-3 2.18552E-3 2.48441E-3 2.79361E-3 3.0427E-3
2.34855E-3 1.94289E-3 1.41831E-3 1.85726E-3 2.41676E-3 1.91413E-3 2.08959E-3 1.93279E-3 1.55649E-3 1.46434E-3 1.1058E-3 9.35674E-4 1.29534E-3 1.95797E-3 2.59155E-3 2.71314E-3 2.64915E-3 2.49977E-3 3.14007E-3 1.92817E-3 1.91286E-3 2.75726E-3 2.64938E-3 3.17681E-3 3.24742E-3 2.5469E-3 2.85628E-3 2.78153E-3 2.47039E-3 2.04255E-3 2.71596E-3 3.98598E-3 5.06982E-3 3.84481E-3 2.64851E-3 4.21111E-3 4.15696E-3 2.75581E-3 2.18985E-3 2.77271E-3 4.48948E-3 5.62484E-3 5.37676E-3 4.50915E-3 5.63345E-3 5.33421E-3 4.70392E-3 4.65454E-3 3.69433E-3 4.14205E-3 3.83093E-3 4.17189E-3 3.79402E-3 3.64218E-3 3.79553E-3 3.46402E-3 1.81245E-3 1.9724E-3 1.34913E-3 1.71895E-3 2.04025E-3
2.26367E-3 2.74632E-3 2.01532E-3 1.67057E-3 1.80515E-3 1.49389E-3 9.79204E-4 8.89616E-4 1.50833E-3 2.25361E-3 1.32113E-3 7.88766E-4 7.72107E-4 9.93825E-4 1.57337E-3 1.65887E-3 1.20416E-3 2.36811E-3 2.25762E-3 2.27929E-3 1.48E-3 2.05137E-3 2.2022E-3 2.81192E-3 3.28866E-3 3.20545E-3 2.6761E-3 2.95586E-3 2.60695E-3 2.54528E-3 1.94006E-3 2.63895E-3 3.98639E-3 3.16414E-3 2.27704E-3 3.10826E-3 4.11252E-3 3.25581E-3 1.93295E-3 2.65362E-3 5.22844E-3 4.33346E-3 4.42941E-3 3.55227E-3 6.34373E-3 4.59593E-3 4.1075E-3 4.02378E-3 3.56447E-3 4.51543E-3 3.32122E-3 3.56665E-3 3.47417E-3 3.51696E-3 3.72394E-3 3.87036E-3 2.09048E-3 2.13396E-3 1.52421E-3 1.56221E-3 1.86024E-3
2.12398E-3 2.89783E-3 1.6715E-3 1.035E-3 1.14632E-3 9.06461E-4 7.45173E-4 7.95057E-4 9.09452E-4 1.40762E-3 1.03792E-3 8.85515E-4 7.19677E-4 8.69817E-4 1.41892E-3 9.27416E-4 1.48182E-3 1.97085E-3 1.54272E-3 1.42165E-3 1.25752E-3 1.39271E-3 2.15699E-3 2.54894E-3 2.22846E-3 2.12325E-3 2.93353E-3 2.82318E-3 1.76907E-3 2.19429E-3 2.25205E-3 2.91733E-3 3.41189E-3 2.64173E-3 2.40995E-3 3.06232E-3 3.65525E-3 3.74338E-3 2.48346E-3 2.62215E-3 3.46037E-3 2.77763E-3 2.508E-3 3.45636E-3 5.3511E-3 3.4786E-3 2.8285E-3 2.17091E-3 2.85916E-3 3.60948E-3 3.13497E-3 3.45304E-3 3.96472E-3 3.79103E-3 3.48492E-3 3.86862E-3 2.61404E-3 2.12438E-3 2.40253E-3 2.72196E-3 3.14128E-3
1.9614E-3 2.85964E-3 1.06254E-3 6.41043E-4 1.00608E-3 9.99512E-4 7.21916E-4 7.70379E-4 8.54909E-4 9.26601E-4 8.58041E-4 8.49663E-4 8.1751E-4 9.99758E-4 9.86064E-4 8.04655E-4 1.62415E-3 1.51611E-3 1.18868E-3 1.18554E-3 1.6795E-3 1.26916E-3 1.73421E-3 2.00964E-3 2.18298E-3 1.52744E-3 2.65391E-3 2.56003E-3 2.45061E-3 1.7632E-3 1.9269E-3 2.57283E-3 3.44622E-3 2.77629E-3 2.20771E-3 2.55174E-3 2.96739E-3 3.43026E-3 2.66728E-3 2.12089E-3 2.36317E-3 2.1229E-3 2.71886E-3 2.23834E-3 4.88543E-3 3.51637E-3 2.29166E-3 2.22837E-3 2.39064E-3 3.36877E-3 4.48274E-3 3.9058E-3 4.65286E-3 4.24714E-3 3.30646E-3 3.00845E-3 2.06675E-3 2.01177E-3 2.18088E-3 2.21669E-3 2.70057E-3
3.04941E-3 3.12972E-3 9.65071E-4 1.07936E-3 1.07192E-3 1.48254E-3 7.18856E-4 1.00684E-3 1.09597E-3 1.35244E-3 9.54904E-4 8.11101E-4 7.4322E-4 1.04714E-3 7.03262E-4 9.52431E-4 9.2726E-4 1.23914E-3 1.1793E-3 1.54889E-3 2.01826E-3 2.20846E-3 1.77673E-3 2.43367E-3 2.03889E-3 1.21035E-3 1.8027E-3 2.02387E-3 2.79905E-3 3.18531E-3 2.83641E-3 2.48958E-3 2.20271E-3 2.98437E-3 2.01115E-3 3.35612E-3 3.51562E-3 3.39758E-3 2.99719E-3 2.24638E-3 2.15734E-3 3.02876E-3 4.5545E-3 4.20336E-3 4.89572E-3 2.46251E-3 2.41937E-3 2.24039E-3 2.29927E-3 3.3366E-3 4.7122E-3 4.52051E-3 4.2958E-3 3.56383E-3 3.05301E-3 2.26711E-3 2.06751E-3 2.36907E-3 2.07029E-3 2.17975E-3 2.36562E-3
2.18964E-3 3.25719E-3 1.89738E-3 2.53912E-3 2.11729E-3 1.90967E-3 1.04135E-3 1.62149E-3 1.60266E-3 1.76071E-3 1.0221E-3 8.19823E-4 7.68806E-4 7.39501E-4 7.28839E-4 7.28161E-4 7.65822E-4 1.12412E-3 1.53595E-3 1.88746E-3 2.23382E-3 1.48957E-3 1.48012E-3 2.04311E-3 1.51931E-3 1.5922E-3 2.28938E-3 1.96166E-3 2.82377E-3 2.79925E-3 2.81404E-3 2.90523E-3 3.64339E-3 3.1562E-3 3.1394E-3 2.66682E-3 3.39281E-3 3.29916E-3 3.69913E-3 3.99302E-3 2.91445E-3 3.52297E-3 3.98149E-3 2.72115E-3 4.02674E-3 3.14207E-3 2.70851E-3 2.25283E-3 2.00398E-3 3.62094E-3 4.84587E-3 3.83822E-3 2.99313E-3 2.76272E-3 2.50891E-3 2.17729E-3 2.26574E-3 2.70846E-3 2.82833E-3 2.70646E-3 2.24938E-3
3.14784E-3 3.31104E-3 2.9958E-3 3.12283E-3 2.80375E-3 1.80212E-3 1.56643E-3 1.81844E-3 2.95842E-3 2.29376E-3 1.36378E-3 1.20073E-3 1.10736E-3 1.07285E-3 9.93751E-4 1.14898E-3 1.37428E-3 1.59269E-3 1.83986E-3 2.52933E-3 1.87181E-3 8.06335E-4 1.2962E-3 1.87733E-3 1.16321E-3 1.23415E-3 1.90291E-3 1.3488E-3 2.00046E-3 2.16483E-3 2.70062E-3 3.13963E-3 3.42235E-3 3.81871E-3 3.41886E-3 3.34146E-3 3.51532E-3 3.52633E-3 3.71848E-3 2.89457E-3 3.6991E-3 3.45532E-3 3.01747E-3 2.22272E-3 3.32263E-3 4.22821E-3 2.71764E-3 2.27283E-3 2.59864E-3 4.56799E-3 4.17368E-3 2.67576E-3 2.15779E-3 1.94653E-3 2.11939E-3 2.52481E-3 3.03816E-3 3.1155E-3 3.26263E-3 3.1027E-3 3.09475E-3
3.5247E-3 3.21794E-3 2.37033E-3 2.0473E-3 1.87121E-3 2.79769E-3 1.76135E-3 2.571E-3 3.30311E-3 2.33338E-3 1.86797E-3 1.56851E-3 1.28051E-3 1.51465E-3 1.56465E-3 1.9591E-3 2.07314E-3 1.93746E-3 2.34292E-3 2.64987E-3 1.85333E-3 9.76428E-4 1.00391E-3 1.52679E-3 1.10958E-3 1.12603E-3 1.31225E-3 1.79952E-3 3.06478E-3 1.78558E-3 2.64214E-3 3.0471E-3 3.24633E-3 3.43565E-3 2.97096E-3 3.39352E-3 3.45596E-3 3.32288E-3 3.55844E-3 2.93611E-3 3.14418E-3 2.58306E-3 2.52717E-3 2.15166E-3 3.75711E-3 4.35107E-3 3.59841E-3 3.52799E-3 3.19021E-3 4.36072E-3 4.85774E-3 3.04667E-3 1.93863E-3 2.0174E-3 2.83884E-3 2.04485E-3 2.61527E-3 3.40132E-3 3.23573E-3 3.12482E-3 3.11754E-3
2.99001E-3 2.29145E-3 1.97622E-3 2.62772E-3 2.39306E-3 3.76786E-3 3.58455E-3 3.71653E-3 2.98893E-3 2.66554E-3 2.44252E-3 2.16663E-3 2.46337E-3 2.41311E-3 2.39561E-3 2.37717E-3 2.10491E-3 1.78628E-3 2.25168E-3 3.13688E-3 2.46255E-3 1.41296E-3 1.13695E-3 1.41639E-3 1.11152E-3 1.12721E-3 1.77925E-3 1.80338E-3 2.80685E-3 3.34276E-3 3.24754E-3 3.46554E-3 3.55248E-3 3.5967E-3 2.92418E-3 2.86812E-3 2.9448E-3 3.8592E-3 3.84898E-3 3.1397E-3 3.07692E-3 2.6448E-3 2.56162E-3 2.70428E-3 3.8588E-3 4.19583E-3 3.53603E-3 3.02073E-3 3.15116E-3 4.27719E-3 4.57498E-3 3.49153E-3 2.56111E-3 3.62575E-3 3.06238E-3 2.23894E-3 2.30969E-3 2.9399E-3 2.93379E-3 3.17479E-3 3.71442E-3
3.46916E-3 2.64486E-3 2.44194E-3 3.8378E-3 2.95203E-3 3.32664E-3 2.48309E-3 2.10115E-3 1.96857E-3 2.5968E-3 3.01083E-3 3.27458E-3 3.54909E-3 3.70398E-3 3.38966E-3 2.76606E-3 2.45292E-3 2.08473E-3 2.04479E-3 2.61967E-3 2.79717E-3 1.75067E-3 1.50793E-3 1.26388E-3 1.20873E-3 1.22376E-3 1.60769E-3 1.72806E-3 2.7469E-3 3.45319E-3 4.05789E-3 4.15872E-3 3.53277E-3 3.98255E-3 3.49824E-3 3.69908E-3 3.37685E-3 3.56731E-3 4.41762E-3 3.2957E-3 3.01862E-3 3.03307E-3 3.65532E-3 3.50233E-3 3.94617E-3 4.14762E-3 2.41849E-3 2.72018E-3 2.89709E-3 3.75826E-3 4.14406E-3 4.88521E-3 2.69579E-3 2.56352E-3 2.04765E-3 2.55609E-3 3.02649E-3 3.31004E-3 3.19833E-3 2.49582E-3 2.89094E-3
3.16017E-3 3.04958E-3 3.25927E-3 2.83607E-3 2.6087E-3 2.1693E-3 1.95395E-3 2.33013E-3 3.24696E-3 3.66418E-3 3.98478E-3 4.10662E-3 4.0035E-3 3.86971E-3 3.60824E-3 3.26069E-3 2.48562E-3 2.82365E-3 3.25387E-3 3.38377E-3 3.20807E-3 2.58116E-3 2.59113E-3 2.39948E-3 2.28156E-3 1.98291E-3 2.0007E-3 2.29481E-3 3.27664E-3 3.80659E-3 4.19214E-3 4.19574E-3 4.29442E-3 4.52171E-3 4.17943E-3 3.91422E-3 3.78689E-3 4.1619E-3 3.73198E-3 3.48326E-3 3.57655E-3 4.14433E-3 4.09738E-3 4.17129E-3 4.12943E-3 2.70643E-3 2.76483E-3 3.23418E-3 3.51645E-3 4.12657E-3 3.94488E-3 5.07638E-3 2.33902E-3 1.88928E-3 2.50471E-3 2.21017E-3 2.76334E-3 3.2018E-3 3.32289E-3 2.81639E-3 2.35019E-3
3.1607E-3 2.62457E-3 1.85211E-3 1.77663E-3 2.10121E-3 1.92117E-3 2.76533E-3 2.98153E-3 3.79843E-3 4.14944E-3 4.13384E-3 4.13127E-3 4.01697E-3 4.00516E-3 3.9119E-3 4.00785E-3 3.24294E-3 3.30607E-3 3.68898E-3 3.59731E-3 3.6009E-3 2.40798E-3 3.2334E-3 2.6348E-3 2.56138E-3 2.5001E-3 2.2429E-3 2.54939E-3 3.47773E-3 3.72491E-3 4.24288E-3 4.20669E-3 4.55831E-3 3.95909E-3 4.40397E-3 4.55642E-3 4.2795E-3 3.57064E-3 3.54833E-3 4.28174E-3 3.88495E-3 4.06032E-3 4.91955E-3 3.75664E-3 2.66322E-3 2.69823E-3 3.79684E-3 3.64053E-3 3.63324E-3 4.14444E-3 4.48152E-3 4.76093E-3 3.09321E-3 2.05028E-3 1.61607E-3 1.6653E-3 2.13824E-3 2.83091E-3 3.09298E-3 2.86054E-3 2.29152E-3
3.68834E-3 4.68065E-3 4.60678E-3 3.13133E-3 1.52861E-3 2.05425E-3 2.76137E-3 2.26966E-3 2.10368E-3 2.54828E-3 2.53507E-3 2.73622E-3 2.82401E-3 2.87485E-3 2.93062E-3 3.80155E-3 3.15241E-3 2.9728E-3 3.02116E-3 3.61268E-3 3.93794E-3 2.23493E-3 2.47977E-3 2.50072E-3 2.89351E-3 2.67849E-3 2.95653E-3 3.21653E-3 3.40548E-3 3.20957E-3 4.37107E-3 4.5889E-3 4.51189E-3 4.51172E-3 5.02814E-3 4.41298E-3 3.98592E-3 4.64993E-3 5.58684E-3 5.6782E-3 4.58304E-3 5.32759E-3 5.19855E-3 3.31195E-3 3.28429E-3 3.85038E-3 4.40284E-3 2.62334E-3 3.22582E-3 4.58673E-3 4.40788E-3 3.05896E-3 2.2414E-3 1.7935E-3 1.51717E-3 1.54373E-3 1.55166E-3 2.48315E-3 2.78678E-3 2.51508E-3 2.33829E-3
3.61377E-3 4.87329E-3 4.30091E-3 1.46886E-3 1.31149E-3 2.60795E-3 3.23876E-3 3.97832E-3 3.45636E-3 3.48425E-3 3.42436E-3 3.23995E-3 3.95958E-3 4.45201E-3 3.61413E-3 3.89141E-3 4.03823E-3 2.79227E-3 3.30796E-3 3.29783E-3 3.55106E-3 3.45282E-3 2.97687E-3 3.33953E-3 3.63445E-3 3.45579E-3 3.28662E-3 3.05635E-3 3.70295E-3 3.05092E-3 3.82002E-3 4.24728E-3 4.79886E-3 5.10584E-3 5.53168E-3 6.29362E-3 6.46888E-3 6.03917E-3 6.03488E-3 4.94737E-3 4.84583E-3 4.63235E-3 5.20711E-3 5.23233E-3 4.96523E-3 5.01354E-3 4.50594E-3 2.93129E-3 4.24711E-3 3.72366E-3 5.82853E-3 2.64443E-3 2.04171E-3 2.44337E-3 2.43175E-3 1.81266E-3 1.78828E-3 2.41935E-3 2.64632E-3 2.12739E-3 1.7099E-3
4.27842E-3 4.64364E-3 2.52667E-3 1.36387E-3 1.43741E-3 1.50893E-3 1.97084E-3 2.84402E-3 3.80973E-3 4.31216E-3 4.47724E-3 4.46882E-3 4.51681E-3 3.63561E-3 4.05246E-3 3.89163E-3 4.13673E-3 2.86302E-3 1.9425E-3 1.57937E-3 2.30492E-3 3.82968E-3 4.31733E-3 4.55184E-3 4.50877E-3 4.41441E-3 3.91407E-3 3.74295E-3 4.7993E-3 4.31546E-3 4.93302E-3 4.7139E-3 6.05926E-3 5.52256E-3 5.09511E-3 4.99052E-3 4.99126E-3 4.95199E-3 5.78673E-3 5.67059E-3 4.40924E-3 4.64819E-3 5.71005E-3 6.02288E-3 5.39083E-3 4.4435E-3 3.0309E-3 3.08151E-3 2.78121E-3 3.20532E-3 4.37042E-3 4.26517E-3 3.60193E-3 2.71907E-3 3.30996E-3 2.70792E-3 1.84779E-3 1.96918E-3 2.42041E-3 1.51101E-3 1.20383E-3
2.86312E-3 2.09372E-3 2.03209E-3 2.29011E-3 2.55282E-3 3.17994E-3 3.92675E-3 3.62208E-3 4.3043E-3 4.19574E-3 4.23877E-3 4.55188E-3 4.27573E-3 4.09661E-3 4.33321E-3 3.93208E-3 4.09628E-3 4.7337E-3 3.36322E-3 2.71414E-3 2.44551E-3 2.56013E-3 3.20972E-3 4.15989E-3 4.70976E-3 4.05165E-3 2.97341E-3 2.88365E-3 4.62505E-3 5.29348E-3 5.50713E-3 5.97003E-3 5.62609E-3 5.36537E-3 5.54775E-3 5.20038E-3 5.382E-3 5.34905E-3 5.76137E-3 5.45278E-3 4.93603E-3 5.9477E-3 5.65295E-3 6.34424E-3 7.29906E-3 5.29914E-3 4.17041E-3 2.46909E-3 2.37945E-3 2.37333E-3 2.92134E-3 1.59884E-3 1.90188E-3 1.78662E-3 2.10343E-3 2.83025E-3 1.76857E-3 1.53375E-3 1.98852E-3 1.31475E-3 7.90908E-4
3.23531E-3 3.50131E-3 4.31168E-3 4.63538E-3 4.52049E-3 4.5738E-3 4.78562E-3 4.48276E-3 3.94299E-3 3.51923E-3 2.9045E-3 2.36577E-3 3.5058E-3 3.57315E-3 3.07907E-3 2.68285E-3 3.56252E-3 4.52903E-3 3.93842E-3 3.65001E-3 3.15481E-3 3.26887E-3 3.64958E-3 4.10482E-3 4.24077E-3 3.89581E-3 3.25718E-3 2.71929E-3 3.55918E-3 3.65292E-3 5.39956E-3 4.06635E-3 4.19851E-3 3.35844E-3 3.61418E-3 4.6473E-3 5.05046E-3 5.85127E-3 8.59736E-3 8.62694E-3 8.39998E-3 7.06399E-3 5.3798E-3 4.48368E-3 4.99945E-3 3.85609E-3 3.14251E-3 2.2283E-3 4.6755E-3 3.99743E-3 1.75128E-3 9.96833E-4 1.18355E-3 1.27703E-3 1.06185E-3 1.60159E-3 1.50676E-3 8.04758E-4 1.02356E-3 1.10366E-3 6.73491E-4
