Artocarpus heterophyllus SDM files/Last interglacial/results (without bias file)/Arthet_3.asc
ncols         625
nrows         721
xllcorner     69.99986311115
yllcorner     5.99986151914999
cellsize      0.041666667
NODATA_value  -9999
[rows 27 to 53 of 721, columns 61 to 121 of 625]
2.8645E-2 1.99445E-2 2.74251E-2 3.08421E-2 2.81373E-2 4.33677E-2 4.12327E-2 4.3235E-2 5.69866E-2 4.7942E-2 4.09244E-2 3.66607E-2 2.70301E-2 1.73151E-2 1.34268E-2 1.08769E-2 3.65937E-3 6.24557E-3 6.35311E-3 4.99048E-3 3.22092E-3 1.66734E-3 1.95125E-3 2.48414E-3 3.92715E-3 3.92928E-3 6.58928E-3 3.85554E-3 1.75799E-3 3.11971E-3 2.26341E-3 1.33556E-3 2.32266E-3 1.59917E-3 1.52821E-3 1.09852E-3 1.2886E-3 1.93715E-3 2.24629E-3 4.9549E-3 3.31195E-3 9.33647E-4 1.49286E-3 1.14655E-3 3.45228E-3 2.68277E-3 1.44098E-3 9.66046E-4 5.49822E-4 7.49507E-4 9.5717E-4 4.7054E-4 4.41056E-4 5.35363E-4 7.60961E-4 1.26855E-3 7.97289E-4 3.12982E-4 7.51184E-4 6.6036E-4 3.87229E-4
2.94741E-2 2.15741E-2 1.33991E-2 1.77277E-2 2.82824E-2 2.6797E-2 3.23203E-2 2.06575E-2 3.75796E-2 4.92087E-2 5.67927E-2 5.55602E-2 3.62498E-2 3.06948E-2 2.37665E-2 1.54453E-2 8.45753E-3 7.44456E-3 5.29461E-3 3.14686E-3 3.43313E-3 3.37342E-3 2.87331E-3 4.53209E-3 7.28732E-3 6.6721E-3 3.56378E-3 2.3112E-3 1.24526E-3 2.19318E-3 1.86191E-3 1.01214E-3 1.62587E-3 1.398E-3 1.15051E-3 1.26699E-3 1.68545E-3 1.74553E-3 2.27603E-3 6.35266E-3 3.52539E-3 1.66346E-3 2.28336E-3 3.72167E-3 4.48046E-3 1.40069E-3 1.22618E-3 8.38552E-4 9.15519E-4 1.22473E-3 1.08303E-3 5.41489E-4 4.34707E-4 4.89021E-4 5.81037E-4 5.99516E-4 1.07802E-3 7.38614E-4 3.69548E-4 5.87248E-4 3.46137E-4
1.4263E-2 1.59226E-2 2.96888E-2 2.88827E-2 3.65749E-2 4.20594E-2 3.45849E-2 3.92562E-2 3.41153E-2 5.87741E-2 6.21794E-2 4.94085E-2 3.1308E-2 2.8785E-2 1.97412E-2 1.51842E-2 9.20348E-3 5.28611E-3 6.71514E-3 5.81887E-3 3.87614E-3 2.25942E-3 5.25579E-3 1.03692E-2 5.24696E-3 2.64828E-3 3.30616E-3 2.42986E-3 1.29967E-3 1.4118E-3 1.40086E-3 9.53174E-4 9.77312E-4 1.35879E-3 1.80081E-3 2.5632E-3 1.74776E-3 2.53696E-3 4.52001E-3 7.54493E-3 6.49017E-3 6.1667E-3 5.33599E-3 6.38934E-3 4.91101E-3 4.86224E-3 4.24292E-3 3.10225E-3 2.45165E-3 2.64464E-3 1.38353E-3 1.1498E-3 6.61129E-4 6.55502E-4 8.2105E-4 3.31274E-4 3.52229E-4 5.537E-4 2.29433E-4 4.9001E-4 9.47294E-4
7.62713E-3 1.08911E-2 3.60092E-2 4.06289E-2 3.39386E-2 4.2045E-2 5.22832E-2 6.20949E-2 5.79105E-2 6.21542E-2 4.9873E-2 3.53172E-2 1.22722E-2 1.70999E-2 9.65493E-3 6.83275E-3 8.85843E-3 9.49594E-3 6.1076E-3 4.22937E-3 4.30963E-3 4.01176E-3 6.49076E-3 1.23836E-2 6.25015E-3 4.42204E-3 9.85857E-3 3.66485E-3 1.44789E-3 1.71495E-3 2.53907E-3 1.52365E-3 1.54198E-3 3.85216E-3 3.78923E-3 4.75094E-3 3.60192E-3 3.38306E-3 8.98612E-3 6.71891E-3 4.41212E-3 4.65064E-3 3.2436E-3 4.03998E-3 5.08156E-3 4.1094E-3 3.01942E-3 4.24541E-3 3.69669E-3 4.02716E-3 3.49377E-3 2.33837E-3 2.23821E-3 1.70852E-3 1.98046E-3 9.61814E-4 4.99129E-4 4.12205E-4 9.99388E-4 1.47711E-3 1.18824E-3
1.86181E-2 3.68912E-2 3.65824E-2 4.90804E-2 3.76275E-2 4.19987E-2 6.66154E-2 3.02944E-2 2.79224E-2 4.6083E-2 4.96944E-2 3.90843E-2 3.58658E-2 3.80041E-2 2.40439E-2 1.44921E-2 1.6886E-2 1.40631E-2 1.47618E-2 4.73738E-3 9.74742E-3 7.45951E-3 9.93337E-3 2.12516E-2 2.12624E-2 1.4696E-2 1.35631E-2 4.72456E-3 2.01192E-3 4.12942E-3 2.50997E-3 2.59466E-3 2.93457E-3 6.88727E-3 9.1228E-3 1.12605E-2 9.76209E-3 6.25916E-3 9.39134E-3 6.80441E-3 3.17439E-3 2.92665E-3 3.35205E-3 2.76393E-3 5.15468E-3 3.11223E-3 1.53088E-3 1.77358E-3 7.70761E-4 1.55833E-3 2.67884E-3 4.38234E-3 4.52617E-3 3.98142E-3 2.35432E-3 2.21063E-3 9.06092E-4 1.02705E-3 2.66227E-3 1.22914E-3 6.20717E-4
3.04425E-2 4.10842E-2 4.28291E-2 5.02806E-2 5.53196E-2 5.31472E-2 6.98465E-2 4.80328E-2 1.38416E-2 2.0486E-2 4.67644E-2 4.85223E-2 4.68251E-2 5.13877E-2 3.71875E-2 1.07521E-2 2.70103E-2 2.4605E-2 2.04438E-2 7.04068E-3 1.32747E-2 2.59461E-2 2.90402E-2 2.28514E-2 2.5901E-2 2.06148E-2 7.90105E-3 2.02236E-3 4.02684E-3 8.10322E-3 3.19798E-3 5.05295E-3 8.46225E-3 1.13327E-2 1.33894E-2 3.6454E-3 3.71341E-3 9.01556E-3 5.8787E-3 5.77428E-3 6.63944E-3 2.18315E-3 4.53735E-3 2.92083E-3 5.23054E-3 5.68404E-3 4.91802E-3 2.69903E-3 1.0794E-3 1.86416E-3 1.59804E-3 4.41033E-3 1.40813E-3 1.46548E-3 1.11337E-3 7.67796E-4 1.60394E-3 2.19641E-3 1.69998E-3 1.66038E-3 8.34125E-4
2.43498E-2 2.76547E-2 3.30039E-2 3.76407E-2 6.10468E-2 7.20223E-2 7.06482E-2 4.26996E-2 1.10463E-2 1.58227E-2 3.56363E-2 4.58026E-2 4.84512E-2 4.76396E-2 3.66615E-2 1.52066E-2 3.66025E-2 3.13213E-2 1.36059E-2 2.7701E-2 3.20472E-2 4.56235E-2 2.94705E-2 2.94436E-2 2.12727E-2 1.08119E-2 5.58592E-3 1.80603E-3 2.65678E-3 1.06973E-2 3.99287E-3 2.372E-3 4.17067E-3 1.59424E-2 1.19821E-2 4.38761E-3 2.46523E-3 8.03115E-3 8.47951E-3 6.54594E-3 6.0896E-3 4.74931E-3 8.99314E-3 5.66326E-3 3.58101E-3 5.4403E-3 4.67131E-3 3.11788E-3 1.74606E-3 9.54541E-4 1.84686E-3 4.86637E-3 3.73936E-3 3.59348E-3 3.68913E-3 1.8933E-3 3.00688E-3 9.84232E-4 2.74072E-3 1.93491E-3 1.45729E-3
3.63753E-2 3.9849E-2 5.18041E-2 2.68745E-2 2.71571E-2 6.72668E-2 7.80023E-2 4.65259E-2 1.56583E-2 1.4666E-2 2.42865E-2 4.10657E-2 4.52887E-2 4.13938E-2 5.54079E-2 3.46488E-2 4.06606E-2 4.88641E-2 1.78179E-2 5.6996E-2 4.99669E-2 3.55473E-2 9.18659E-3 1.67137E-2 1.43179E-2 7.7555E-3 2.6029E-3 2.91474E-3 6.67282E-3 1.3804E-2 1.20902E-2 1.14771E-2 1.21164E-2 1.80084E-2 1.20242E-2 7.62304E-3 7.00227E-3 6.90324E-3 5.89234E-3 5.75509E-3 1.10744E-2 1.05462E-2 9.83613E-3 1.05899E-2 7.57121E-3 4.02835E-3 3.92174E-3 2.83003E-3 1.34326E-3 9.68965E-4 1.31643E-3 3.01086E-3 5.35131E-4 7.78159E-4 1.38663E-3 9.88259E-4 2.05537E-3 2.15872E-3 3.54382E-3 2.37586E-3 1.24522E-3
4.79701E-2 5.17566E-2 6.09435E-2 4.72311E-2 1.95065E-2 6.31354E-2 8.40103E-2 4.43598E-2 2.85355E-2 1.16165E-2 2.96357E-2 4.3393E-2 2.94303E-2 3.33893E-2 4.56785E-2 4.32513E-2 4.38027E-2 4.53214E-2 3.35171E-2 4.88144E-2 3.85612E-2 1.08631E-2 1.07827E-2 6.5349E-3 1.9874E-2 9.81852E-3 2.57509E-3 2.42315E-3 3.52754E-3 1.49265E-2 2.16594E-2 2.12158E-2 2.10805E-2 1.39728E-2 7.50006E-3 3.28005E-3 7.5563E-3 1.18563E-2 8.32454E-3 1.48734E-2 1.61553E-2 1.61284E-2 1.54856E-2 1.18873E-2 1.07371E-2 9.54514E-3 7.85933E-3 3.0227E-3 3.31739E-3 1.90695E-3 2.06672E-3 1.43142E-3 9.47696E-4 5.32338E-4 3.07958E-4 4.11137E-4 1.09644E-3 7.35145E-4 1.7992E-3 2.80039E-3 2.76539E-3
7.55242E-2 6.23331E-2 6.64953E-2 4.64823E-2 2.51784E-2 7.6915E-2 8.84487E-2 5.93494E-2 2.98822E-2 1.52971E-2 4.48918E-2 5.68039E-2 5.36245E-2 4.50955E-2 4.71307E-2 5.16763E-2 5.78557E-2 6.1917E-2 4.01401E-2 7.05949E-2 4.51159E-2 1.195E-2 3.86428E-2 1.53425E-2 3.55197E-2 3.42324E-2 1.35182E-2 4.33201E-3 5.55514E-3 3.58261E-3 7.88768E-3 2.33955E-2 1.44605E-2 3.09821E-3 3.74372E-3 6.42963E-3 1.0353E-2 1.75205E-2 1.51015E-2 1.95547E-2 1.91536E-2 1.83644E-2 1.48656E-2 1.26482E-2 1.5511E-2 1.15611E-2 1.0113E-2 3.97623E-3 1.85939E-3 4.13596E-3 1.64918E-3 4.82159E-3 2.80379E-3 1.95946E-3 7.80329E-4 5.71316E-4 6.20912E-4 3.00212E-4 1.50917E-3 7.69755E-4 1.1529E-3
7.5102E-2 7.36272E-2 6.92353E-2 7.06463E-2 6.35088E-2 5.61354E-2 8.29493E-2 8.15778E-2 4.04058E-2 5.29898E-2 5.67808E-2 4.96085E-2 5.10804E-2 5.88684E-2 7.4243E-2 6.20144E-2 6.68456E-2 9.00471E-2 6.43472E-2 8.04671E-2 6.20935E-2 1.5543E-2 5.00337E-2 5.5849E-2 5.31562E-2 5.42625E-2 4.27618E-2 2.48484E-2 1.09158E-2 6.15732E-3 2.31731E-2 2.12261E-2 1.16918E-2 3.52768E-3 6.70022E-3 8.8814E-3 1.17238E-2 1.67549E-2 1.85747E-2 1.80922E-2 1.82509E-2 1.94903E-2 1.68954E-2 1.0563E-2 1.49325E-2 1.43203E-2 8.42191E-3 2.76009E-3 2.3781E-3 5.54076E-3 8.60211E-3 1.01658E-2 4.95651E-3 3.27302E-3 2.19869E-3 1.23018E-3 5.99438E-4 2.15735E-4 6.20273E-4 1.11261E-3 4.07098E-4
7.31543E-2 7.02859E-2 7.46798E-2 7.57073E-2 7.53294E-2 7.73298E-2 8.00712E-2 7.45709E-2 7.0494E-2 5.6226E-2 5.40113E-2 4.5889E-2 3.13462E-2 7.07867E-2 9.77002E-2 1.00802E-1 9.57059E-2 9.22849E-2 8.45274E-2 8.05045E-2 7.83051E-2 2.85648E-2 6.38077E-2 5.89929E-2 3.93176E-2 3.76284E-2 4.20981E-2 3.97731E-2 2.26385E-2 1.47507E-2 3.14559E-2 2.4854E-2 1.04885E-2 4.22377E-3 8.17441E-3 6.33705E-3 6.97466E-3 9.72413E-3 1.30752E-2 1.60436E-2 2.01079E-2 1.90842E-2 1.87777E-2 1.43246E-2 9.01134E-3 1.04001E-2 5.79036E-3 1.0928E-2 1.36853E-2 1.59953E-2 1.58932E-2 1.10252E-2 6.07318E-3 2.68628E-3 1.93707E-3 9.76487E-4 3.43678E-4 4.73983E-4 4.28337E-4 5.54644E-4 8.25263E-4
6.97603E-2 6.71507E-2 6.25425E-2 6.50709E-2 4.75224E-2 3.74951E-2 8.49331E-2 9.44378E-2 6.63406E-2 3.4244E-2 3.41644E-2 4.45419E-2 8.48082E-2 9.5774E-2 9.39721E-2 9.45142E-2 8.90663E-2 8.59906E-2 7.20751E-2 7.32595E-2 8.60937E-2 6.70382E-2 8.37185E-2 3.45835E-2 1.04194E-2 6.43413E-3 1.31193E-2 1.91987E-2 3.87269E-2 4.53092E-2 3.69617E-2 2.78571E-2 1.9221E-2 4.41279E-3 3.33542E-3 3.82262E-3 2.98549E-3 8.33324E-3 1.3994E-2 1.63733E-2 1.85924E-2 1.92517E-2 1.98654E-2 1.85628E-2 1.63589E-2 1.11385E-2 8.01658E-3 1.23522E-2 2.00278E-2 1.8724E-2 1.86171E-2 1.49965E-2 1.00058E-2 7.59119E-3 3.15288E-3 1.53043E-3 2.64159E-4 3.61376E-4 2.17811E-3 1.54518E-3 4.05719E-4
6.49393E-2 4.55623E-2 3.83959E-2 5.43724E-2 3.05173E-2 3.59585E-2 8.55748E-2 7.69122E-2 7.14109E-2 2.5527E-2 1.85369E-2 4.30645E-2 7.97313E-2 8.02833E-2 8.56821E-2 7.37445E-2 8.04043E-2 6.54322E-2 4.43877E-2 3.64889E-2 7.18205E-2 7.24574E-2 8.78134E-2 7.11275E-2 4.8804E-2 1.7934E-2 5.63743E-3 1.0312E-2 3.37451E-2 1.36757E-2 3.53302E-2 2.47128E-2 1.12351E-2 2.89615E-3 1.37562E-3 1.39522E-3 2.15777E-3 3.4958E-3 8.53187E-3 1.10376E-2 1.50704E-2 1.71678E-2 1.83258E-2 1.88969E-2 2.32832E-2 2.15431E-2 2.07413E-2 2.07667E-2 2.06112E-2 1.91964E-2 1.89813E-2 1.35144E-2 5.32914E-3 2.97243E-3 2.25183E-3 9.11932E-4 1.47909E-3 1.2241E-3 4.71769E-3 2.60398E-3 1.71216E-3
7.1103E-2 6.789E-2 4.64065E-2 2.73991E-2 2.64315E-2 5.46384E-2 9.39302E-2 7.967E-2 7.1495E-2 5.76178E-2 8.18479E-2 6.39409E-2 8.02745E-2 8.34541E-2 9.16969E-2 7.99557E-2 8.14789E-2 7.28029E-2 4.99647E-2 2.20432E-2 3.40655E-2 6.67699E-2 7.89613E-2 7.29473E-2 6.85366E-2 3.31595E-2 2.5045E-2 7.37892E-3 1.32738E-2 4.92361E-3 2.17408E-2 2.45549E-2 1.95189E-2 1.3736E-2 4.9608E-3 1.91662E-3 2.52253E-3 3.82909E-3 5.74357E-3 9.07268E-3 1.17841E-2 1.80035E-2 2.16862E-2 2.34537E-2 2.23006E-2 2.20317E-2 2.20507E-2 2.03803E-2 1.99967E-2 1.96642E-2 1.93571E-2 1.38844E-2 3.35066E-3 2.47345E-3 8.99395E-3 7.92602E-3 7.52776E-3 8.05033E-3 4.2387E-3 1.32024E-3 4.89759E-4
7.32644E-2 8.6825E-2 7.29704E-2 5.91049E-2 6.02E-2 6.58956E-2 8.3191E-2 8.484E-2 9.23465E-2 8.5248E-2 9.7604E-2 9.37084E-2 1.00985E-1 9.30902E-2 8.89772E-2 7.48991E-2 8.06222E-2 6.73096E-2 3.43083E-2 1.14143E-2 1.73278E-2 3.53891E-2 7.8777E-2 5.72223E-2 6.05508E-2 6.17905E-2 4.21363E-2 2.01602E-2 2.03336E-2 5.04272E-3 7.79858E-3 7.13111E-3 8.63216E-3 8.70446E-3 5.69129E-3 2.28685E-3 1.23733E-3 1.23232E-3 2.37065E-3 4.13364E-3 8.74376E-3 1.47361E-2 1.88377E-2 2.07193E-2 2.26687E-2 2.23419E-2 2.23715E-2 2.08378E-2 2.04985E-2 2.02446E-2 1.98679E-2 1.5598E-2 7.502E-3 1.55681E-2 1.46519E-2 1.06444E-2 1.28694E-2 7.48922E-3 2.63691E-3 9.9341E-4 1.80681E-3
7.83021E-2 8.19882E-2 8.86155E-2 9.07769E-2 7.91002E-2 8.04279E-2 7.83698E-2 8.69171E-2 9.54149E-2 8.85451E-2 8.77007E-2 1.16174E-1 1.05956E-1 8.76043E-2 7.50233E-2 7.48191E-2 7.60943E-2 6.78453E-2 2.90515E-2 9.80333E-3 1.72345E-2 1.77534E-2 7.40596E-2 6.95406E-2 5.5116E-2 6.96667E-2 6.70506E-2 5.46141E-2 3.10171E-2 2.69108E-2 3.03668E-2 9.46049E-3 9.9624E-3 1.30633E-2 8.49522E-3 1.87998E-3 3.85704E-3 3.57608E-3 3.31033E-3 2.39378E-3 4.18033E-3 7.83701E-3 1.07296E-2 2.20186E-2 2.27474E-2 2.21937E-2 2.12058E-2 2.10212E-2 2.08812E-2 2.09707E-2 2.04853E-2 1.909E-2 1.85196E-2 1.84356E-2 1.35343E-2 4.99152E-3 6.35854E-3 9.09005E-3 9.80365E-3 7.78522E-3 7.66085E-3
7.82682E-2 7.69972E-2 8.669E-2 8.82701E-2 8.58748E-2 8.25857E-2 7.63786E-2 8.00484E-2 9.93091E-2 8.16124E-2 8.3937E-2 1.03199E-1 7.50431E-2 5.63807E-2 4.80216E-2 6.32335E-2 7.46959E-2 7.30121E-2 5.44218E-2 1.65017E-2 1.86113E-2 1.0212E-2 5.8795E-2 8.68827E-2 7.11361E-2 3.92934E-2 4.11956E-2 6.41875E-2 5.74376E-2 4.9171E-2 4.17311E-2 3.32602E-2 2.9826E-2 1.98669E-2 6.67977E-3 4.09922E-3 1.17567E-2 1.41761E-2 1.3189E-2 9.77919E-3 1.75749E-2 1.88196E-2 2.28377E-2 2.12694E-2 1.69614E-2 2.04501E-2 2.04016E-2 2.07511E-2 2.11662E-2 2.12378E-2 1.98742E-2 1.9823E-2 1.9254E-2 1.89343E-2 1.87578E-2 1.73445E-2 1.23036E-2 7.79288E-3 4.03965E-3 2.32024E-3 2.92601E-3
7.09837E-2 6.74644E-2 6.90764E-2 7.43083E-2 9.42316E-2 8.25158E-2 6.83053E-2 8.53349E-2 9.95983E-2 8.86564E-2 1.14108E-1 1.16113E-1 1.04908E-1 9.53856E-2 7.89844E-2 5.56944E-2 6.12083E-2 7.08733E-2 5.53048E-2 4.35368E-2 2.17527E-2 8.40591E-3 6.01371E-2 7.51679E-2 5.9349E-2 5.98759E-2 2.20076E-2 2.53583E-2 3.51565E-2 2.8786E-2 2.60064E-2 4.21795E-2 2.92332E-2 1.6963E-2 1.28433E-2 7.29781E-3 1.38745E-2 2.98383E-2 2.29586E-2 2.45941E-2 1.81307E-2 5.87166E-3 1.69146E-2 1.787E-2 1.66778E-2 1.8186E-2 1.95307E-2 2.02917E-2 2.09299E-2 2.04276E-2 2.03623E-2 1.99928E-2 2.00848E-2 1.97046E-2 1.90987E-2 1.88716E-2 1.54265E-2 1.22376E-2 4.05971E-3 3.83817E-3 2.99996E-3
6.49237E-2 6.55177E-2 6.66231E-2 7.52137E-2 6.58858E-2 6.82241E-2 7.51714E-2 7.66282E-2 7.82925E-2 8.27025E-2 1.27219E-1 1.25331E-1 1.1635E-1 9.26015E-2 9.45674E-2 8.7232E-2 8.01842E-2 7.16008E-2 3.92929E-2 2.72055E-2 1.31209E-2 1.16677E-2 5.28026E-2 9.23318E-2 3.31208E-2 5.05218E-2 3.42529E-2 1.1598E-2 1.78418E-2 9.52385E-3 9.25982E-3 1.66947E-2 3.73022E-2 3.19089E-2 3.01822E-2 2.69971E-2 2.49713E-2 1.85011E-2 5.16302E-3 1.95516E-2 1.3178E-2 3.87917E-3 3.75299E-3 6.21708E-3 1.39908E-2 1.37438E-2 1.60062E-2 1.92273E-2 2.09807E-2 2.08192E-2 2.06334E-2 2.0387E-2 2.04696E-2 1.99604E-2 1.98211E-2 1.92313E-2 1.55628E-2 8.83606E-3 1.08386E-2 5.72096E-3 4.26646E-3
6.21326E-2 6.24048E-2 6.38418E-2 6.07525E-2 6.60778E-2 8.22833E-2 8.9537E-2 8.27748E-2 7.00033E-2 9.03397E-2 9.59806E-2 9.72758E-2 1.05622E-1 1.04167E-1 1.01949E-1 9.23123E-2 7.72738E-2 6.32491E-2 3.61027E-2 3.13765E-2 1.74316E-2 1.19979E-2 6.38027E-2 9.70755E-2 5.17487E-2 3.03883E-2 4.91147E-2 1.73409E-2 2.67431E-2 1.71485E-2 1.33055E-2 6.42403E-3 1.68445E-2 7.30206E-3 8.03871E-3 1.97769E-2 2.76453E-2 2.41392E-2 6.05666E-3 1.58044E-2 1.14293E-2 2.57525E-3 2.73652E-3 4.02297E-3 6.0978E-3 1.10398E-2 1.45767E-2 1.94303E-2 1.98618E-2 2.03546E-2 2.02939E-2 2.05427E-2 2.05307E-2 2.03268E-2 2.0161E-2 1.96089E-2 1.41111E-2 1.58505E-2 1.52028E-2 1.18573E-2 9.85417E-3
5.61208E-2 5.88586E-2 5.85266E-2 6.13718E-2 7.04956E-2 8.41166E-2 9.08094E-2 7.33353E-2 6.80804E-2 8.95559E-2 9.63042E-2 1.18092E-1 1.14119E-1 9.72266E-2 8.96932E-2 7.85043E-2 6.50817E-2 5.93235E-2 5.08978E-2 4.07871E-2 1.49437E-2 2.39353E-2 5.85455E-2 1.01905E-1 6.63456E-2 5.39596E-2 7.30051E-2 5.20422E-2 4.9346E-2 4.83351E-2 3.67656E-2 9.607E-3 8.54522E-3 4.76176E-3 5.78266E-3 1.16039E-2 1.71373E-2 1.8577E-2 5.99707E-3 8.46945E-3 9.78612E-3 3.87011E-3 1.56212E-3 1.90045E-3 5.91775E-3 6.10386E-3 8.92277E-3 1.50726E-2 1.79213E-2 1.89485E-2 1.86501E-2 1.91445E-2 2.01769E-2 2.02993E-2 2.0401E-2 2.04796E-2 2.03457E-2 1.97145E-2 1.90541E-2 1.74835E-2 1.26197E-2
5.35754E-2 5.66398E-2 5.55309E-2 6.17394E-2 7.96073E-2 9.34663E-2 7.51227E-2 6.80823E-2 6.92227E-2 7.12038E-2 9.50489E-2 9.2799E-2 9.40302E-2 8.61098E-2 7.618E-2 7.92421E-2 5.78272E-2 6.24931E-2 5.52614E-2 4.33449E-2 1.76535E-2 3.11753E-2 3.80701E-2 1.00712E-1 8.76469E-2 5.97604E-2 8.42356E-2 7.15776E-2 6.0773E-2 5.71843E-2 4.79159E-2 3.4128E-2 2.30103E-2 1.2466E-2 6.79321E-3 5.03068E-3 1.42041E-2 1.11107E-2 9.30373E-3 8.52276E-3 1.11549E-2 7.45233E-3 3.07406E-3 2.55617E-3 2.89841E-3 3.50518E-3 2.52609E-3 8.38738E-3 1.6527E-2 1.66328E-2 1.64135E-2 1.75131E-2 1.88216E-2 2.00737E-2 2.04265E-2 2.04734E-2 2.04881E-2 2.0356E-2 1.99484E-2 1.29365E-2 1.1881E-2
5.33773E-2 5.51303E-2 6.16218E-2 7.62292E-2 8.91825E-2 7.61255E-2 6.6196E-2 6.67128E-2 6.83257E-2 9.08663E-2 9.4574E-2 9.39836E-2 7.50537E-2 8.21397E-2 8.56079E-2 8.26557E-2 7.7976E-2 7.08063E-2 6.76323E-2 5.14285E-2 2.66585E-2 2.41242E-2 3.53305E-2 7.41563E-2 1.00104E-1 9.65912E-2 4.70034E-2 6.50678E-2 6.20137E-2 3.09884E-2 3.42023E-2 3.82817E-2 3.90977E-2 2.93418E-2 1.64884E-2 1.4363E-2 1.56138E-2 2.54612E-2 2.41606E-2 2.28302E-2 2.00229E-2 1.20446E-2 7.44664E-3 4.7288E-3 1.72649E-3 1.41212E-3 1.9859E-3 3.94889E-3 1.25464E-2 1.44423E-2 1.39901E-2 1.58282E-2 1.81134E-2 1.9736E-2 2.00721E-2 2.03975E-2 2.07427E-2 2.06538E-2 2.07446E-2 1.73633E-2 1.6848E-2
5.39468E-2 6.07415E-2 7.6227E-2 8.01573E-2 6.86142E-2 6.38449E-2 6.44892E-2 6.36501E-2 6.61603E-2 8.80601E-2 9.25904E-2 7.10947E-2 6.65201E-2 8.35297E-2 8.20511E-2 8.58836E-2 8.61757E-2 8.12281E-2 6.89725E-2 5.48202E-2 3.85602E-2 2.52993E-2 3.59096E-2 3.40532E-2 7.43518E-2 9.37131E-2 4.55997E-2 1.89867E-2 5.11863E-2 4.72159E-2 2.06569E-2 3.09081E-2 2.21865E-2 1.9407E-2 2.18704E-2 3.22398E-2 2.24905E-2 3.54311E-2 2.95279E-2 1.89661E-2 1.39564E-2 1.45954E-2 1.62534E-2 7.34284E-3 2.46335E-3 1.17861E-3 1.90355E-3 3.23503E-3 6.56814E-3 1.06457E-2 1.19662E-2 1.48663E-2 1.67964E-2 1.71322E-2 1.94926E-2 2.09881E-2 2.16022E-2 2.10524E-2 2.0852E-2 2.06035E-2 2.0372E-2
5.86597E-2 6.39086E-2 6.3909E-2 6.15043E-2 6.15718E-2 6.07008E-2 6.17349E-2 6.30793E-2 8.5207E-2 1.0322E-1 9.91562E-2 9.50141E-2 8.64429E-2 7.26585E-2 5.81521E-2 7.67216E-2 8.73507E-2 8.86594E-2 8.33291E-2 7.41261E-2 8.67892E-2 6.31177E-2 2.09427E-2 3.29552E-2 7.48032E-2 9.13258E-2 5.73541E-2 3.44522E-2 2.47089E-2 4.18026E-2 3.33334E-2 5.11394E-2 3.73105E-2 2.53577E-2 4.15488E-2 1.92828E-2 4.45043E-2 3.75126E-2 2.72817E-2 2.12687E-2 8.71858E-3 2.11059E-2 1.91635E-2 1.47128E-2 3.68697E-3 1.45769E-3 1.72576E-3 2.61259E-3 4.0387E-3 7.00862E-3 9.71164E-3 1.14633E-2 1.51464E-2 1.62636E-2 1.78889E-2 2.07166E-2 2.10432E-2 2.16871E-2 2.14635E-2 2.14752E-2 2.11432E-2
5.23912E-2 5.38432E-2 5.63462E-2 5.96931E-2 6.19948E-2 6.2198E-2 6.24094E-2 7.49618E-2 7.98408E-2 9.40352E-2 9.16712E-2 9.97608E-2 8.69168E-2 8.22964E-2 6.87131E-2 9.99779E-2 1.08792E-1 1.16971E-1 9.7512E-2 8.63614E-2 9.76632E-2 7.89273E-2 5.18417E-2 3.73207E-2 1.00388E-1 8.54111E-2 5.86145E-2 6.80688E-2 5.04317E-2 2.93795E-2 2.69596E-2 4.50217E-2 5.95525E-2 3.562E-2 6.33395E-2 5.49148E-2 5.43717E-2 4.96662E-2 3.785E-2 3.36474E-2 1.89562E-2 2.81384E-2 2.1279E-2 1.78147E-2 7.46396E-3 2.10487E-3 1.40947E-3 1.87242E-3 2.78564E-3 4.25482E-3 6.24322E-3 9.85316E-3 1.18532E-2 1.47891E-2 1.82176E-2 1.96713E-2 2.06209E-2 2.18025E-2 2.22521E-2 2.23189E-2 2.19738E-2
