Artocarpus heterophyllus SDM files/Last interglacial/results (without bias file)/Arthet_9.asc
ncols         625
nrows         721
xllcorner     69.99986311115
yllcorner     5.99986151914999
cellsize      0.041666667
NODATA_value  -9999
[rows 135 to 161 of 721, columns 366 to 426 of 625]
5.87457E-4 8.24364E-4 8.0841E-4 7.15822E-4 7.72646E-4 8.64933E-4 7.01306E-4 6.38514E-4 7.85766E-4 7.71401E-4 7.52962E-4 7.9578E-4 6.41609E-4 8.47183E-4 8.32235E-4 8.8679E-4 6.80802E-4 5.63852E-4 6.14356E-4 7.57815E-4 6.69575E-4 6.70128E-4 5.6623E-4 6.34443E-4 4.33321E-4 3.52023E-4 5.34152E-4 7.53412E-4 8.15863E-4 9.7891E-4 1.00575E-3 1.10224E-3 1.08606E-3 9.27322E-4 6.61984E-4 6.73942E-4 7.47705E-4 7.76113E-4 8.05702E-4 9.4988E-4 9.98832E-4 9.9846E-4 9.76705E-4 9.51568E-4 9.79197E-4 9.77628E-4 9.77543E-4 9.17346E-4 8.2766E-4 8.04895E-4 7.00259E-4 6.80433E-4 5.94216E-4 5.32405E-4 5.51461E-4 5.54177E-4 5.41317E-4 5.42368E-4 5.87043E-4 6.34528E-4 6.85584E-4
5.37132E-4 6.01513E-4 6.7027E-4 6.11377E-4 7.25123E-4 7.40716E-4 7.48716E-4 6.81504E-4 7.89976E-4 7.90959E-4 6.73513E-4 4.63342E-4 4.47359E-4 7.28098E-4 8.41242E-4 8.83615E-4 7.26329E-4 6.90528E-4 5.74331E-4 5.91893E-4 5.57664E-4 5.94232E-4 6.23691E-4 5.18758E-4 4.6685E-4 4.17636E-4 8.99562E-4 1.08063E-3 1.08604E-3 1.08593E-3 1.13831E-3 1.0372E-3 7.3583E-4 7.1339E-4 7.21062E-4 7.80709E-4 7.80031E-4 7.11011E-4 8.80003E-4 8.78307E-4 9.2525E-4 8.38723E-4 7.50666E-4 6.82218E-4 7.27375E-4 6.57062E-4 6.55507E-4 6.8896E-4 6.04203E-4 5.88329E-4 6.48267E-4 6.1517E-4 6.82218E-4 7.37128E-4 6.22552E-4 5.28831E-4 5.30106E-4 4.51955E-4 4.95675E-4 4.66963E-4 5.47745E-4
4.61511E-4 6.17013E-4 5.80749E-4 4.91838E-4 5.072E-4 7.25323E-4 6.94418E-4 7.84165E-4 7.07847E-4 6.93519E-4 7.80319E-4 5.19851E-4 3.99778E-4 6.83181E-4 8.00413E-4 8.6417E-4 8.09794E-4 8.22373E-4 7.26261E-4 5.52978E-4 4.74302E-4 5.63046E-4 5.32127E-4 4.25698E-4 3.95469E-4 4.12295E-4 1.07751E-3 1.16043E-3 1.15921E-3 1.10413E-3 9.87444E-4 9.14214E-4 7.44644E-4 6.55236E-4 8.39527E-4 7.24589E-4 7.54797E-4 7.91941E-4 7.57239E-4 8.10019E-4 9.51271E-4 8.37493E-4 6.90602E-4 5.49838E-4 5.24385E-4 4.99084E-4 5.55411E-4 6.36798E-4 5.18246E-4 5.32131E-4 6.11437E-4 7.75822E-4 6.7568E-4 6.60283E-4 7.35975E-4 7.70571E-4 6.02308E-4 4.88589E-4 5.74345E-4 5.90938E-4 5.2879E-4
4.68517E-4 6.0835E-4 4.83446E-4 4.85739E-4 4.71695E-4 6.70468E-4 5.78648E-4 7.02884E-4 6.06382E-4 5.45312E-4 5.50796E-4 5.73223E-4 4.48481E-4 6.5557E-4 8.78637E-4 8.5299E-4 9.03626E-4 8.03525E-4 8.0619E-4 6.74621E-4 4.98892E-4 5.27526E-4 5.75622E-4 4.39094E-4 3.29988E-4 4.01807E-4 1.02497E-3 1.1613E-3 1.15838E-3 9.75412E-4 7.8849E-4 6.46685E-4 5.00504E-4 6.56982E-4 7.77275E-4 7.54344E-4 6.54899E-4 7.66738E-4 7.77977E-4 7.57602E-4 8.78235E-4 9.26521E-4 7.51819E-4 6.04793E-4 5.45699E-4 4.92899E-4 5.8559E-4 8.56706E-4 8.41099E-4 9.28342E-4 9.78191E-4 9.57393E-4 7.68414E-4 7.66991E-4 7.37857E-4 6.74288E-4 7.49011E-4 8.09048E-4 8.26675E-4 8.46657E-4 7.18921E-4
3.6766E-4 5.68414E-4 4.50806E-4 4.13281E-4 4.85727E-4 5.86609E-4 6.6966E-4 5.19303E-4 4.59827E-4 4.69654E-4 4.45397E-4 4.55316E-4 6.4502E-4 6.74207E-4 8.17218E-4 8.59492E-4 8.57152E-4 5.04574E-4 7.33841E-4 7.95791E-4 6.69353E-4 6.79319E-4 5.80634E-4 3.94084E-4 3.325E-4 4.90894E-4 9.48336E-4 1.13421E-3 1.13209E-3 1.04179E-3 6.91278E-4 5.4965E-4 4.37545E-4 4.93024E-4 5.78875E-4 6.23564E-4 8.97766E-4 9.0675E-4 8.28703E-4 7.45008E-4 8.83453E-4 9.55002E-4 8.39545E-4 7.49815E-4 7.08534E-4 6.57423E-4 6.13491E-4 7.86639E-4 8.60221E-4 1.05667E-3 9.90348E-4 9.15885E-4 1.03426E-3 8.57397E-4 1.08986E-3 1.12363E-3 8.30772E-4 7.84373E-4 8.25478E-4 1.04375E-3 1.29619E-3
4.22903E-4 4.58324E-4 4.69389E-4 5.17044E-4 4.88683E-4 5.9634E-4 6.09313E-4 3.83294E-4 3.72321E-4 3.84051E-4 4.18724E-4 5.19138E-4 6.79349E-4 8.53879E-4 8.19893E-4 7.57188E-4 8.88547E-4 7.44122E-4 4.93428E-4 5.6605E-4 5.45359E-4 4.68639E-4 5.28104E-4 3.69516E-4 3.41878E-4 5.08474E-4 8.91499E-4 1.17913E-3 1.13447E-3 1.08966E-3 7.93602E-4 5.78521E-4 4.37024E-4 4.86837E-4 8.03443E-4 8.3852E-4 7.51841E-4 7.05695E-4 5.56624E-4 5.50763E-4 6.82833E-4 7.93214E-4 9.2885E-4 9.27462E-4 7.94868E-4 6.99231E-4 5.52419E-4 6.37731E-4 7.08182E-4 8.84698E-4 6.13072E-4 6.29035E-4 1.01825E-3 5.83037E-4 7.07628E-4 1.145E-3 1.34194E-3 1.04355E-3 7.4696E-4 1.26967E-3 1.1075E-3
3.49495E-4 3.91938E-4 4.62135E-4 5.5415E-4 4.81137E-4 5.22673E-4 5.28412E-4 5.53465E-4 5.61292E-4 4.28324E-4 5.98329E-4 6.77145E-4 7.66529E-4 7.45814E-4 4.55328E-4 5.53485E-4 7.28688E-4 8.9295E-4 7.66332E-4 7.68158E-4 5.80797E-4 5.10079E-4 4.00348E-4 3.32125E-4 3.9478E-4 4.42363E-4 7.58934E-4 9.6258E-4 1.17871E-3 1.1199E-3 8.44958E-4 5.83574E-4 6.03119E-4 7.1379E-4 6.93226E-4 7.46419E-4 8.44842E-4 6.01896E-4 4.37549E-4 4.39659E-4 6.76262E-4 8.63607E-4 9.41693E-4 8.70356E-4 6.92901E-4 5.92976E-4 5.77983E-4 5.51003E-4 5.56956E-4 5.78778E-4 7.47291E-4 1.07251E-3 6.93619E-4 6.61319E-4 6.55042E-4 7.27577E-4 1.41058E-3 1.2633E-3 1.01986E-3 1.11492E-3 1.02085E-3
3.67131E-4 3.4302E-4 4.2357E-4 5.13367E-4 4.8437E-4 5.56486E-4 6.17261E-4 6.66255E-4 6.57488E-4 7.3465E-4 7.94808E-4 5.77615E-4 5.57521E-4 6.05473E-4 4.58824E-4 4.08625E-4 6.15833E-4 8.51434E-4 7.28221E-4 7.27591E-4 6.50521E-4 5.6965E-4 4.34313E-4 3.40049E-4 4.8673E-4 6.19762E-4 8.86922E-4 9.63122E-4 1.15129E-3 1.12497E-3 8.94006E-4 8.12841E-4 7.7375E-4 6.07997E-4 5.63601E-4 7.88559E-4 8.7384E-4 5.25169E-4 4.54239E-4 6.57814E-4 9.11791E-4 7.27437E-4 7.25531E-4 9.70252E-4 7.99356E-4 6.77854E-4 7.26765E-4 5.88883E-4 6.05475E-4 6.80319E-4 8.56595E-4 1.14323E-3 1.06009E-3 1.30118E-3 1.30888E-3 1.48364E-3 1.11081E-3 1.17692E-3 1.20538E-3 1.20691E-3 1.27231E-3
4.50036E-4 4.05411E-4 4.0631E-4 4.12598E-4 4.64235E-4 5.02843E-4 5.56408E-4 6.54084E-4 6.83266E-4 7.59603E-4 6.87254E-4 4.58479E-4 3.92043E-4 4.76329E-4 4.3382E-4 5.99728E-4 7.22518E-4 7.03551E-4 8.83707E-4 6.73872E-4 4.69811E-4 5.4438E-4 4.0009E-4 4.64687E-4 5.49441E-4 8.88532E-4 9.53665E-4 9.79599E-4 1.12368E-3 1.09268E-3 9.20725E-4 7.39426E-4 5.76839E-4 6.27036E-4 7.46846E-4 7.68753E-4 6.46469E-4 4.80071E-4 4.42538E-4 7.63914E-4 9.19302E-4 7.00565E-4 7.50859E-4 9.22908E-4 8.83036E-4 7.46788E-4 6.89398E-4 5.08205E-4 7.7013E-4 1.00938E-3 1.04642E-3 9.65501E-4 1.04569E-3 8.3009E-4 8.70413E-4 1.09973E-3 1.40296E-3 7.07157E-4 7.49655E-4 6.36125E-4 7.17222E-4
5.85805E-4 5.00052E-4 4.1578E-4 4.17593E-4 4.1035E-4 3.78876E-4 6.07013E-4 6.17304E-4 6.68394E-4 8.07046E-4 6.86434E-4 3.88018E-4 3.80279E-4 4.63301E-4 6.45571E-4 5.57864E-4 7.46148E-4 5.94112E-4 8.39751E-4 7.58934E-4 5.0209E-4 5.94093E-4 4.97546E-4 4.13542E-4 5.34586E-4 9.0616E-4 8.52708E-4 7.49657E-4 1.08199E-3 1.13962E-3 1.05668E-3 7.45553E-4 5.4588E-4 6.27358E-4 6.27358E-4 6.80877E-4 5.32597E-4 5.75208E-4 6.48453E-4 8.72871E-4 8.81433E-4 7.88524E-4 6.70638E-4 8.19997E-4 7.5875E-4 7.58833E-4 7.17237E-4 6.57972E-4 8.57801E-4 1.02655E-3 1.10104E-3 7.38988E-4 5.99757E-4 5.51637E-4 5.96186E-4 8.19856E-4 1.40441E-3 1.31681E-3 8.41961E-4 6.99475E-4 5.84782E-4
6.24131E-4 5.43119E-4 4.82739E-4 4.16837E-4 4.3668E-4 4.95966E-4 5.26465E-4 5.10021E-4 6.50035E-4 8.7654E-4 7.73711E-4 5.0519E-4 4.17317E-4 4.80342E-4 6.43587E-4 5.87111E-4 7.52538E-4 5.54158E-4 7.73898E-4 5.57964E-4 6.86052E-4 7.03744E-4 4.86419E-4 5.06269E-4 5.99342E-4 9.0046E-4 6.34837E-4 5.63556E-4 5.93378E-4 8.66354E-4 1.03786E-3 9.10534E-4 8.05327E-4 6.62315E-4 6.30718E-4 5.4976E-4 6.20437E-4 6.79691E-4 7.21799E-4 8.97838E-4 7.86762E-4 7.30191E-4 6.58866E-4 6.83509E-4 6.1447E-4 6.48091E-4 6.2625E-4 6.53534E-4 7.09523E-4 9.72979E-4 1.11137E-3 7.84634E-4 7.25681E-4 9.59795E-4 9.22514E-4 1.07662E-3 1.32549E-3 1.8231E-3 1.47877E-3 1.17999E-3 9.83004E-4
6.7594E-4 5.29941E-4 3.8482E-4 4.23942E-4 5.0283E-4 3.88838E-4 5.422E-4 4.83397E-4 6.87993E-4 7.86913E-4 8.98837E-4 6.33192E-4 3.79757E-4 5.22192E-4 6.45943E-4 5.38735E-4 6.99994E-4 6.70243E-4 6.33692E-4 6.00141E-4 7.15903E-4 7.15804E-4 5.49587E-4 5.24039E-4 6.3153E-4 7.57518E-4 4.87562E-4 5.29239E-4 4.55942E-4 6.38081E-4 8.05269E-4 6.50004E-4 7.99495E-4 8.08199E-4 6.29379E-4 6.03246E-4 7.35422E-4 6.81282E-4 9.06428E-4 9.35296E-4 7.94474E-4 6.9565E-4 6.09642E-4 6.13986E-4 5.29672E-4 5.75086E-4 6.56109E-4 8.07709E-4 7.22656E-4 8.71339E-4 6.00066E-4 6.55022E-4 8.66164E-4 1.18119E-3 1.33602E-3 1.62096E-3 1.28943E-3 1.65541E-3 1.87373E-3 1.70217E-3 1.21346E-3
6.80574E-4 4.61895E-4 4.07008E-4 3.85093E-4 4.21918E-4 4.35092E-4 4.4461E-4 4.50044E-4 6.42116E-4 7.86336E-4 8.99268E-4 8.37487E-4 4.54728E-4 4.51367E-4 6.64239E-4 5.25699E-4 5.50394E-4 6.83865E-4 6.89696E-4 5.22575E-4 5.13399E-4 5.29952E-4 4.98838E-4 5.23725E-4 6.42192E-4 5.89319E-4 5.24842E-4 5.84239E-4 7.07355E-4 7.19501E-4 6.61616E-4 6.63191E-4 7.10511E-4 6.77215E-4 6.08648E-4 5.79012E-4 7.53483E-4 8.60854E-4 8.31427E-4 7.87464E-4 7.42216E-4 6.35901E-4 6.19303E-4 6.889E-4 6.53582E-4 6.3711E-4 8.34943E-4 8.45247E-4 6.83397E-4 6.69041E-4 7.43467E-4 7.14582E-4 8.39608E-4 9.28334E-4 1.40387E-3 8.16954E-4 1.36827E-3 1.37836E-3 1.281E-3 9.19523E-4 1.45795E-3
6.76141E-4 4.72187E-4 4.78039E-4 4.2634E-4 3.95995E-4 4.8499E-4 3.8448E-4 4.31334E-4 5.27612E-4 7.49612E-4 9.05735E-4 9.19777E-4 6.79628E-4 5.04957E-4 6.06752E-4 5.26816E-4 4.9393E-4 6.32536E-4 6.10878E-4 5.64494E-4 5.26596E-4 4.65196E-4 5.49458E-4 5.98645E-4 8.26549E-4 7.51952E-4 9.34717E-4 9.06009E-4 8.90522E-4 8.80535E-4 8.22311E-4 7.31627E-4 6.43167E-4 5.0301E-4 5.58543E-4 6.95592E-4 7.92795E-4 8.07952E-4 7.21796E-4 6.49433E-4 9.24728E-4 1.02251E-3 9.5494E-4 7.22035E-4 6.92758E-4 8.9858E-4 1.06119E-3 1.1939E-3 1.00945E-3 7.55746E-4 1.06725E-3 1.36648E-3 1.20121E-3 1.30084E-3 7.98486E-4 8.00524E-4 1.65671E-3 1.03673E-3 1.11565E-3 9.17271E-4 1.22399E-3
6.63219E-4 6.11254E-4 5.02963E-4 4.14702E-4 4.3747E-4 4.28152E-4 4.26394E-4 4.94047E-4 5.24704E-4 7.065E-4 9.00004E-4 9.21324E-4 8.3615E-4 5.78623E-4 5.06875E-4 4.454E-4 4.48946E-4 5.94614E-4 4.78759E-4 5.21421E-4 5.57311E-4 5.72117E-4 5.49842E-4 8.94251E-4 1.0436E-3 1.04526E-3 9.15227E-4 8.54535E-4 6.64756E-4 6.32654E-4 6.34124E-4 6.35001E-4 6.30778E-4 5.35675E-4 7.18683E-4 8.02019E-4 8.08199E-4 7.04539E-4 6.72442E-4 6.56901E-4 1.08765E-3 1.04477E-3 1.04558E-3 9.10426E-4 7.72322E-4 8.87627E-4 1.0948E-3 9.95739E-4 1.03158E-3 1.3054E-3 1.42062E-3 9.0454E-4 1.15522E-3 8.17654E-4 6.14619E-4 8.68005E-4 1.78697E-3 1.77282E-3 1.05599E-3 6.63754E-4 7.63617E-4
6.7367E-4 6.60647E-4 4.94033E-4 4.62112E-4 4.74076E-4 5.03269E-4 4.46424E-4 4.50804E-4 4.25773E-4 6.35566E-4 9.26502E-4 9.22766E-4 7.28158E-4 5.81434E-4 5.12273E-4 4.47246E-4 4.84272E-4 4.73323E-4 4.62576E-4 6.0996E-4 7.1194E-4 7.66511E-4 8.29053E-4 1.10629E-3 1.16796E-3 7.99556E-4 6.05424E-4 5.70304E-4 5.551E-4 5.43103E-4 5.16756E-4 4.59484E-4 5.70478E-4 5.85753E-4 7.2134E-4 8.53588E-4 8.19487E-4 6.55544E-4 5.48542E-4 7.71861E-4 9.66757E-4 8.14099E-4 8.13247E-4 9.128E-4 7.58627E-4 8.45443E-4 8.46509E-4 8.69071E-4 8.40172E-4 7.88718E-4 1.0944E-3 8.2129E-4 8.09175E-4 7.8369E-4 6.35782E-4 6.84832E-4 1.39356E-3 2.16148E-3 1.62435E-3 9.23992E-4 9.22337E-4
4.85946E-4 6.82808E-4 5.55366E-4 4.83796E-4 5.97172E-4 6.57375E-4 4.41009E-4 4.83465E-4 5.21756E-4 4.33908E-4 7.25136E-4 8.65678E-4 6.6315E-4 5.3401E-4 5.08521E-4 6.20168E-4 4.97062E-4 4.62E-4 5.12924E-4 6.0535E-4 7.55536E-4 8.38025E-4 6.99959E-4 1.00639E-3 1.23428E-3 7.88282E-4 5.88823E-4 4.40289E-4 5.13971E-4 4.72048E-4 4.3424E-4 4.85733E-4 5.23325E-4 5.36809E-4 7.20881E-4 8.00845E-4 6.80772E-4 5.15939E-4 4.45841E-4 8.1068E-4 1.00547E-3 1.13185E-3 1.05523E-3 7.64382E-4 5.93409E-4 6.16714E-4 5.27668E-4 7.64498E-4 9.16469E-4 1.1157E-3 7.60561E-4 6.84556E-4 5.73865E-4 5.91796E-4 6.09154E-4 9.01512E-4 9.3228E-4 1.44767E-3 2.38899E-3 1.51349E-3 1.4214E-3
6.28745E-4 5.31994E-4 5.66284E-4 4.77734E-4 5.40784E-4 7.1593E-4 5.77832E-4 5.79116E-4 6.08833E-4 4.62336E-4 4.704E-4 9.39436E-4 6.59892E-4 5.93536E-4 7.07831E-4 4.95207E-4 4.68033E-4 5.27148E-4 5.30907E-4 4.88205E-4 5.43558E-4 8.15514E-4 8.72985E-4 1.23989E-3 1.27069E-3 1.03244E-3 5.77583E-4 5.06815E-4 4.83359E-4 4.94124E-4 4.68773E-4 6.32159E-4 5.81027E-4 6.32524E-4 6.41228E-4 6.74361E-4 5.31457E-4 4.92389E-4 4.41657E-4 7.2016E-4 1.0004E-3 1.2652E-3 1.18301E-3 9.67648E-4 6.24008E-4 5.08108E-4 5.83392E-4 5.84375E-4 6.97102E-4 9.03678E-4 7.09168E-4 7.09283E-4 5.40544E-4 6.8684E-4 1.03379E-3 1.71817E-3 1.7894E-3 2.06458E-3 2.10814E-3 8.74928E-4 9.99092E-4
7.51262E-4 7.07249E-4 6.36334E-4 5.91039E-4 5.87292E-4 5.84126E-4 7.53597E-4 7.44411E-4 7.37035E-4 6.35676E-4 5.41538E-4 8.59349E-4 8.19112E-4 6.91843E-4 5.30995E-4 5.65155E-4 5.19986E-4 5.19041E-4 5.08092E-4 4.8065E-4 5.15592E-4 7.03081E-4 8.79057E-4 1.30885E-3 1.3378E-3 1.25324E-3 6.69293E-4 5.09612E-4 5.86888E-4 6.50329E-4 6.46892E-4 5.75198E-4 5.95323E-4 6.60816E-4 8.17672E-4 6.91942E-4 5.13912E-4 5.61208E-4 5.16156E-4 6.11249E-4 9.81526E-4 1.20596E-3 1.2625E-3 1.19131E-3 6.23149E-4 5.50632E-4 5.6332E-4 6.11824E-4 7.39345E-4 8.63344E-4 7.16384E-4 9.06117E-4 8.26135E-4 1.16308E-3 1.56061E-3 1.52061E-3 1.68165E-3 2.17141E-3 2.10068E-3 1.27727E-3 8.06238E-4
9.66222E-4 8.86419E-4 7.65111E-4 8.00051E-4 6.5102E-4 5.69913E-4 6.83825E-4 7.24846E-4 7.80285E-4 8.1733E-4 7.90669E-4 7.51348E-4 9.12189E-4 6.83005E-4 6.14844E-4 6.20919E-4 6.23826E-4 5.45439E-4 6.23432E-4 5.3096E-4 4.91061E-4 6.52854E-4 8.80253E-4 1.26836E-3 1.14913E-3 1.24874E-3 6.36076E-4 5.50251E-4 6.32981E-4 8.44768E-4 6.97227E-4 6.61256E-4 8.13473E-4 7.66603E-4 1.00143E-3 6.89195E-4 6.094E-4 7.18887E-4 5.85361E-4 6.34056E-4 7.97624E-4 9.54353E-4 1.19937E-3 1.1241E-3 6.31E-4 6.51811E-4 7.38836E-4 5.78265E-4 7.19374E-4 6.98266E-4 6.25641E-4 6.9844E-4 7.94603E-4 7.09636E-4 7.43143E-4 6.84195E-4 8.8122E-4 2.08031E-3 1.64411E-3 1.04036E-3 8.95654E-4
1.02647E-3 8.77655E-4 7.75659E-4 8.2857E-4 8.28925E-4 7.37374E-4 6.88099E-4 8.27191E-4 9.14992E-4 9.05839E-4 9.04884E-4 9.2635E-4 9.50992E-4 8.20352E-4 7.18051E-4 7.87281E-4 8.5348E-4 8.29687E-4 6.84283E-4 6.6621E-4 6.03659E-4 7.48121E-4 7.90675E-4 1.33071E-3 1.43615E-3 1.01626E-3 5.71914E-4 6.92961E-4 8.30493E-4 1.03007E-3 8.71048E-4 8.72062E-4 1.11029E-3 1.15158E-3 1.29656E-3 8.24712E-4 6.38103E-4 6.44363E-4 9.77017E-4 6.15938E-4 6.38188E-4 7.90564E-4 1.30636E-3 9.09477E-4 6.4698E-4 7.41666E-4 8.19715E-4 6.57042E-4 5.98755E-4 5.98096E-4 6.07567E-4 6.51859E-4 5.983E-4 6.28456E-4 6.32013E-4 8.8777E-4 1.32376E-3 2.27576E-3 1.09043E-3 7.61936E-4 7.03681E-4
9.92614E-4 6.36554E-4 7.03137E-4 6.64487E-4 7.05405E-4 6.8729E-4 7.22115E-4 8.95674E-4 1.02928E-3 9.79739E-4 9.55093E-4 1.07307E-3 1.07362E-3 9.63383E-4 8.39464E-4 9.16023E-4 9.41556E-4 1.09729E-3 1.15662E-3 9.98503E-4 1.02918E-3 1.14979E-3 1.28831E-3 1.44517E-3 1.48546E-3 1.14814E-3 1.03189E-3 1.28123E-3 1.42572E-3 1.67079E-3 1.70512E-3 1.70061E-3 1.69442E-3 1.55242E-3 1.3264E-3 1.0755E-3 8.76222E-4 9.62258E-4 1.15829E-3 8.67359E-4 7.41546E-4 8.75691E-4 1.18613E-3 8.5837E-4 7.18119E-4 1.01265E-3 8.55751E-4 6.10664E-4 6.29405E-4 6.51268E-4 6.39749E-4 1.05817E-3 7.56698E-4 6.10952E-4 7.66811E-4 1.00874E-3 1.4591E-3 1.78726E-3 1.67099E-3 8.15448E-4 8.35467E-4
8.98518E-4 1.04285E-3 7.32417E-4 5.43427E-4 5.04772E-4 6.98697E-4 6.82256E-4 7.43827E-4 1.01476E-3 1.07065E-3 1.02829E-3 1.06538E-3 1.02565E-3 1.09078E-3 1.06129E-3 1.16896E-3 1.12784E-3 1.27887E-3 1.24449E-3 1.35561E-3 1.20909E-3 1.1977E-3 1.41655E-3 1.52746E-3 1.15365E-3 9.59439E-4 1.2758E-3 1.24355E-3 1.37437E-3 1.63603E-3 1.76218E-3 1.64988E-3 1.89665E-3 1.84187E-3 1.67956E-3 1.63467E-3 1.63332E-3 1.54048E-3 1.19093E-3 1.54432E-3 1.20702E-3 1.34445E-3 1.24691E-3 9.10181E-4 8.10221E-4 1.22915E-3 9.19164E-4 6.88269E-4 7.25407E-4 8.50311E-4 7.42027E-4 1.10656E-3 9.57981E-4 6.55405E-4 8.8559E-4 7.81301E-4 8.03043E-4 1.53955E-3 2.29513E-3 1.09889E-3 1.61318E-3
1.12367E-3 9.69158E-4 8.70873E-4 9.37481E-4 7.46402E-4 8.81054E-4 8.24774E-4 8.49532E-4 8.93939E-4 1.07833E-3 1.0777E-3 1.17429E-3 1.20085E-3 1.19863E-3 1.09194E-3 1.088E-3 8.6332E-4 9.26132E-4 8.99922E-4 9.09022E-4 1.04633E-3 1.19661E-3 1.37289E-3 1.39562E-3 9.44167E-4 1.04595E-3 1.08271E-3 8.70274E-4 1.00268E-3 1.4827E-3 1.68209E-3 1.71789E-3 1.85292E-3 1.84766E-3 1.88638E-3 1.73057E-3 1.7883E-3 1.40319E-3 1.58748E-3 1.91629E-3 1.90868E-3 1.55343E-3 1.57419E-3 1.8727E-3 1.68546E-3 1.86634E-3 1.62435E-3 1.21845E-3 1.12974E-3 1.32928E-3 9.79232E-4 1.08785E-3 1.33254E-3 8.53596E-4 1.11522E-3 1.81906E-3 1.80078E-3 1.67521E-3 2.60849E-3 1.84207E-3 3.43392E-3
1.0971E-3 1.24889E-3 1.05224E-3 7.68421E-4 8.95844E-4 8.43112E-4 1.29339E-3 9.83424E-4 7.78487E-4 8.04966E-4 7.80495E-4 8.7074E-4 9.28128E-4 9.5E-4 1.12463E-3 1.15931E-3 1.02146E-3 9.35638E-4 8.82445E-4 9.10325E-4 9.98029E-4 1.08977E-3 1.21978E-3 1.36286E-3 8.20115E-4 7.51992E-4 8.01126E-4 7.2709E-4 7.66994E-4 1.05339E-3 1.19139E-3 1.31979E-3 1.31973E-3 1.71476E-3 1.80418E-3 1.80095E-3 1.79589E-3 1.51216E-3 1.87886E-3 1.86512E-3 1.59217E-3 1.23974E-3 1.41303E-3 1.59704E-3 1.54684E-3 2.26551E-3 2.31947E-3 1.92648E-3 2.18465E-3 2.32188E-3 2.19496E-3 2.08563E-3 2.17003E-3 1.91837E-3 2.22127E-3 2.90241E-3 2.58498E-3 2.74732E-3 2.7101E-3 2.7939E-3 2.07999E-3
1.28251E-3 1.35585E-3 1.38416E-3 1.34898E-3 1.15799E-3 1.11925E-3 1.00236E-3 1.00474E-3 8.47603E-4 8.05202E-4 9.18695E-4 7.58303E-4 7.84077E-4 8.44312E-4 9.11969E-4 9.18366E-4 8.30377E-4 1.06619E-3 1.06323E-3 9.41528E-4 9.30079E-4 1.32917E-3 1.204E-3 1.23483E-3 1.10236E-3 8.70563E-4 6.46997E-4 7.92942E-4 1.02194E-3 1.19569E-3 1.25016E-3 9.23685E-4 1.06263E-3 1.31536E-3 1.27176E-3 1.31894E-3 1.53249E-3 1.64703E-3 1.78023E-3 1.82361E-3 1.54535E-3 1.57771E-3 1.83725E-3 1.96126E-3 2.36532E-3 2.38824E-3 2.07316E-3 1.77785E-3 1.93035E-3 2.25046E-3 2.54334E-3 2.43983E-3 2.35684E-3 2.29913E-3 2.19338E-3 2.24523E-3 2.0088E-3 1.48885E-3 1.30148E-3 2.50825E-3 2.86437E-3
1.57734E-3 1.66882E-3 1.61007E-3 1.418E-3 1.20805E-3 1.04972E-3 1.10034E-3 8.24804E-4 1.01081E-3 1.26188E-3 1.1516E-3 1.02293E-3 1.31241E-3 1.54376E-3 1.57721E-3 1.33775E-3 1.23194E-3 1.17541E-3 1.26211E-3 8.80782E-4 8.23881E-4 1.15429E-3 1.39473E-3 1.14837E-3 9.18882E-4 6.21275E-4 5.04368E-4 5.53105E-4 6.50484E-4 7.99872E-4 1.24739E-3 1.1914E-3 1.0525E-3 1.23192E-3 9.61489E-4 9.43773E-4 1.16482E-3 1.2366E-3 1.34544E-3 1.4846E-3 1.72668E-3 1.95885E-3 2.00533E-3 2.26394E-3 2.26181E-3 2.61369E-3 2.62993E-3 2.3035E-3 2.14935E-3 2.04827E-3 1.89794E-3 2.19473E-3 2.28061E-3 1.94115E-3 1.65878E-3 1.74329E-3 1.31928E-3 1.48097E-3 2.04809E-3 3.34218E-3 4.46684E-3
