Artocarpus heterophyllus SDM files/Last interglacial/results (without bias file)/Arthet_stddev.asc
ncols         625
nrows         721
xllcorner     69.99986311115
yllcorner     5.99986151914999
cellsize      0.041666667
NODATA_value  -9999
[rows 297 to 323 of 721, columns 427 to 487 of 625]
1.63084E-2 1.64306E-2 1.63007E-2 1.63605E-2 1.68502E-2 1.72667E-2 1.75364E-2 1.80945E-2 1.81638E-2 1.87111E-2 2.07509E-2 2.07522E-2 2.07803E-2 2.02046E-2 2.05723E-2 2.05689E-2 2.0173E-2 2.01315E-2 1.89401E-2 1.88935E-2 1.87894E-2 1.8818E-2 1.69262E-2 1.68782E-2 1.69444E-2 1.65682E-2 1.68214E-2 1.72377E-2 1.71253E-2 1.71422E-2 1.72167E-2 1.75136E-2 1.7498E-2 1.74701E-2 1.74518E-2 1.78782E-2 1.78774E-2 1.7838E-2 1.75359E-2 1.78678E-2 1.79344E-2 1.81945E-2 1.83284E-2 1.82233E-2 1.87458E-2 1.92696E-2 1.92966E-2 2.15105E-2 1.92507E-2 1.96391E-2 1.96125E-2 1.97813E-2 2.03908E-2 2.06829E-2 2.04101E-2 2.12795E-2 2.10667E-2 2.15041E-2 2.17967E-2 2.15882E-2 2.1916E-2
1.61793E-2 1.61757E-2 1.61745E-2 1.62344E-2 1.71122E-2 1.79593E-2 1.81891E-2 1.79097E-2 1.8195E-2 1.84806E-2 1.92169E-2 2.08149E-2 2.02229E-2 2.01932E-2 2.05401E-2 2.05526E-2 2.05398E-2 2.01423E-2 1.89398E-2 1.8882E-2 1.88461E-2 1.88613E-2 1.66106E-2 1.68644E-2 1.68997E-2 1.68914E-2 1.6808E-2 1.72544E-2 1.71028E-2 1.70881E-2 1.71129E-2 1.73688E-2 1.74434E-2 1.74866E-2 1.73529E-2 1.78987E-2 1.79749E-2 1.78357E-2 1.82702E-2 1.78789E-2 1.83335E-2 1.83816E-2 1.84424E-2 1.83217E-2 1.86556E-2 1.92186E-2 2.15876E-2 2.15469E-2 2.1598E-2 1.9918E-2 1.97562E-2 1.96464E-2 2.01898E-2 -9999 2.15195E-2 2.18086E-2 2.15673E-2 2.14727E-2 2.20666E-2 2.20857E-2 2.21067E-2
1.59304E-2 1.59904E-2 1.64907E-2 1.67814E-2 1.72907E-2 1.76512E-2 1.78739E-2 1.79392E-2 1.81928E-2 1.85173E-2 1.92175E-2 2.02377E-2 2.02606E-2 2.02183E-2 2.05703E-2 2.05707E-2 2.05411E-2 2.05384E-2 2.04683E-2 1.88839E-2 1.88854E-2 1.88556E-2 1.66599E-2 1.68389E-2 1.91173E-2 1.68475E-2 1.63761E-2 1.71634E-2 1.71107E-2 1.7117E-2 1.71344E-2 1.74496E-2 1.74504E-2 1.75375E-2 1.74128E-2 1.78347E-2 1.78302E-2 1.7668E-2 1.77764E-2 1.83121E-2 1.83395E-2 1.82878E-2 1.82497E-2 1.8325E-2 1.84242E-2 1.88495E-2 2.15462E-2 2.16149E-2 2.34277E-2 2.21026E-2 2.21684E-2 2.05695E-2 2.01875E-2 2.04851E-2 2.07033E-2 2.35077E-2 2.37945E-2 2.17109E-2 2.16167E-2 2.20085E-2 2.22533E-2
1.58353E-2 1.58898E-2 1.62685E-2 1.67169E-2 1.6782E-2 1.73717E-2 1.76883E-2 1.79376E-2 1.68198E-2 1.85822E-2 1.8424E-2 2.00433E-2 2.00422E-2 2.00037E-2 2.05919E-2 2.0593E-2 2.05766E-2 2.09166E-2 2.04588E-2 2.04562E-2 1.88828E-2 1.88341E-2 1.88007E-2 1.90965E-2 1.91394E-2 1.68029E-2 1.63392E-2 1.67279E-2 1.67885E-2 1.70659E-2 1.70548E-2 1.74093E-2 1.74776E-2 1.74966E-2 1.72141E-2 1.75394E-2 1.78647E-2 1.77207E-2 1.78191E-2 1.79028E-2 1.82963E-2 1.82439E-2 1.87916E-2 1.88336E-2 1.88835E-2 1.88139E-2 1.93736E-2 2.34396E-2 2.34242E-2 2.22043E-2 2.2231E-2 2.27539E-2 2.06788E-2 2.07845E-2 2.06537E-2 2.14301E-2 2.36216E-2 2.44529E-2 2.24335E-2 2.26147E-2 2.25744E-2
1.386E-2 1.62506E-2 1.63221E-2 1.64904E-2 1.70742E-2 1.73705E-2 1.78191E-2 1.61354E-2 1.76337E-2 1.83858E-2 1.90818E-2 1.86396E-2 2.0071E-2 2.00558E-2 2.03151E-2 2.05795E-2 2.05892E-2 2.16695E-2 2.12297E-2 2.04549E-2 2.04271E-2 2.04057E-2 1.87931E-2 1.91101E-2 1.68879E-2 1.68588E-2 1.68531E-2 1.67272E-2 1.67715E-2 1.67091E-2 1.70808E-2 1.73495E-2 1.73744E-2 1.73847E-2 1.74369E-2 1.70686E-2 1.7521E-2 1.80326E-2 1.74999E-2 1.79418E-2 1.83056E-2 1.83019E-2 1.87354E-2 2.1035E-2 2.10461E-2 1.88026E-2 2.16129E-2 2.16009E-2 2.16796E-2 2.22258E-2 2.23083E-2 2.28852E-2 2.08363E-2 2.08483E-2 2.11283E-2 2.13205E-2 2.11725E-2 2.40009E-2 2.42639E-2 2.47813E-2 2.28933E-2
1.50752E-2 1.54552E-2 1.52949E-2 1.69816E-2 1.70463E-2 1.74946E-2 1.75695E-2 1.73215E-2 1.79582E-2 1.84414E-2 1.87187E-2 2.0607E-2 2.0581E-2 2.06871E-2 2.05171E-2 2.16431E-2 2.16237E-2 2.12748E-2 2.16716E-2 2.15932E-2 2.08436E-2 2.07932E-2 2.04035E-2 1.91195E-2 1.68803E-2 1.68175E-2 1.64546E-2 1.67064E-2 1.67782E-2 1.66355E-2 1.71061E-2 1.7465E-2 1.7309E-2 1.73327E-2 1.74162E-2 1.73011E-2 1.78731E-2 1.78968E-2 1.79715E-2 1.79184E-2 1.79006E-2 2.06022E-2 2.10229E-2 2.10403E-2 2.10514E-2 2.11154E-2 2.15368E-2 1.93433E-2 1.95027E-2 2.22406E-2 2.23039E-2 2.23959E-2 2.30605E-2 2.11411E-2 2.14174E-2 2.15108E-2 2.13378E-2 2.18054E-2 2.2093E-2 2.60562E-2 2.45136E-2
1.49138E-2 1.49695E-2 1.51862E-2 1.52429E-2 1.55767E-2 1.71058E-2 1.71221E-2 1.72491E-2 1.79575E-2 1.85048E-2 1.87319E-2 1.92123E-2 2.06029E-2 2.06011E-2 2.06436E-2 2.09589E-2 2.15428E-2 2.12281E-2 2.16475E-2 2.19046E-2 2.08569E-2 2.08121E-2 1.88308E-2 2.07894E-2 1.9085E-2 1.69186E-2 1.64357E-2 1.67369E-2 1.77229E-2 1.67611E-2 1.66372E-2 1.67186E-2 1.71836E-2 1.7369E-2 1.73892E-2 1.73932E-2 1.77102E-2 1.78566E-2 2.02083E-2 2.05755E-2 1.82411E-2 2.05862E-2 2.1028E-2 2.10491E-2 2.10894E-2 2.15537E-2 2.16061E-2 2.16266E-2 1.94674E-2 2.00474E-2 2.07134E-2 2.07994E-2 2.09212E-2 2.15685E-2 2.18724E-2 2.16004E-2 2.21942E-2 2.21381E-2 2.29677E-2 2.30106E-2 2.52666E-2
1.43048E-2 1.43574E-2 1.46116E-2 1.50289E-2 1.64491E-2 1.6945E-2 1.71943E-2 1.73866E-2 1.76294E-2 1.81745E-2 1.8725E-2 1.88789E-2 1.9273E-2 2.07121E-2 2.09772E-2 2.1609E-2 2.15657E-2 2.15573E-2 2.19479E-2 2.18932E-2 2.15852E-2 2.08341E-2 1.93491E-2 2.07855E-2 2.10811E-2 1.95792E-2 1.70776E-2 1.74928E-2 1.66896E-2 1.67193E-2 1.66757E-2 1.71134E-2 1.71397E-2 1.75586E-2 1.73698E-2 1.74503E-2 1.74677E-2 2.01752E-2 2.01724E-2 2.05175E-2 2.05534E-2 2.24084E-2 2.23826E-2 2.09923E-2 2.10928E-2 2.11505E-2 2.16164E-2 2.17036E-2 2.22611E-2 2.0135E-2 1.99068E-2 2.05025E-2 2.07871E-2 2.14363E-2 2.18763E-2 2.21428E-2 2.23984E-2 2.28417E-2 2.29957E-2 2.50271E-2 2.52029E-2
1.5857E-2 1.60285E-2 1.56541E-2 1.62663E-2 1.67396E-2 1.73031E-2 1.74963E-2 1.76288E-2 1.78909E-2 1.80561E-2 1.84258E-2 1.86523E-2 1.90329E-2 2.07284E-2 2.1024E-2 2.16544E-2 2.15883E-2 1.96621E-2 2.15424E-2 2.11362E-2 2.10803E-2 2.1092E-2 2.07704E-2 1.95497E-2 2.10511E-2 1.95728E-2 1.96108E-2 1.75128E-2 1.74956E-2 1.77602E-2 1.73873E-2 1.71066E-2 1.77237E-2 1.80506E-2 2.02153E-2 1.75216E-2 1.79467E-2 2.01717E-2 2.01851E-2 2.01929E-2 2.25241E-2 2.23447E-2 2.23715E-2 2.28253E-2 2.28602E-2 2.11421E-2 2.16549E-2 2.16854E-2 2.23417E-2 2.03875E-2 2.02184E-2 2.0862E-2 2.08959E-2 2.16406E-2 2.18196E-2 2.2681E-2 2.28655E-2 2.29565E-2 2.29336E-2 2.51848E-2 2.51657E-2
1.54061E-2 1.54678E-2 1.57791E-2 1.38691E-2 1.6809E-2 1.71166E-2 1.73686E-2 1.76261E-2 1.79507E-2 1.81258E-2 1.87474E-2 1.83429E-2 1.84177E-2 2.06699E-2 2.05318E-2 2.07E-2 2.08675E-2 2.08368E-2 2.18375E-2 2.11163E-2 2.10922E-2 2.10648E-2 1.93356E-2 1.95403E-2 1.95602E-2 1.95852E-2 1.9569E-2 1.98337E-2 1.74848E-2 1.72806E-2 1.77466E-2 1.80882E-2 1.80081E-2 1.80432E-2 2.01962E-2 1.98552E-2 1.79172E-2 2.19274E-2 2.21316E-2 2.19034E-2 2.23312E-2 2.23076E-2 2.29537E-2 2.32894E-2 2.2821E-2 2.29294E-2 2.17227E-2 2.18962E-2 2.24179E-2 2.25708E-2 2.06006E-2 2.0892E-2 2.14411E-2 2.16266E-2 2.19098E-2 2.28763E-2 2.28562E-2 2.29768E-2 2.31283E-2 2.5157E-2 2.53191E-2
1.51807E-2 1.56746E-2 1.59792E-2 1.60333E-2 1.62271E-2 1.71091E-2 1.73595E-2 1.74536E-2 1.79846E-2 1.85912E-2 1.88312E-2 1.90654E-2 1.86311E-2 1.81143E-2 2.06654E-2 2.05398E-2 2.07886E-2 2.08085E-2 2.1414E-2 2.13535E-2 2.10479E-2 1.94583E-2 1.93408E-2 1.9356E-2 1.95568E-2 1.9568E-2 1.7517E-2 1.95888E-2 1.95807E-2 1.78045E-2 1.78975E-2 1.99017E-2 1.7452E-2 2.01663E-2 2.02566E-2 2.17594E-2 2.17345E-2 2.21058E-2 2.21079E-2 2.21407E-2 2.24826E-2 2.29258E-2 2.29329E-2 2.32912E-2 2.33903E-2 2.28688E-2 2.34345E-2 2.34814E-2 2.23798E-2 2.253E-2 2.10476E-2 2.12067E-2 2.16651E-2 2.20905E-2 2.25872E-2 2.25645E-2 2.29946E-2 2.29549E-2 2.51656E-2 2.53483E-2 2.51747E-2
1.5351E-2 1.55968E-2 1.59103E-2 1.62272E-2 1.64891E-2 1.70112E-2 1.67705E-2 1.78574E-2 1.81455E-2 1.84587E-2 1.8192E-2 1.8476E-2 1.87294E-2 1.7549E-2 1.77843E-2 1.93068E-2 2.0846E-2 2.07909E-2 1.92794E-2 2.0576E-2 2.05533E-2 2.0817E-2 2.08054E-2 1.93773E-2 1.95565E-2 1.76084E-2 1.75759E-2 1.95995E-2 1.96491E-2 1.78673E-2 1.78749E-2 1.77584E-2 1.78428E-2 1.82201E-2 2.02197E-2 2.17395E-2 2.17611E-2 2.21349E-2 2.24724E-2 2.24965E-2 2.2894E-2 2.29383E-2 2.29355E-2 2.42155E-2 2.41574E-2 2.3819E-2 2.35429E-2 2.18497E-2 2.24143E-2 2.2544E-2 2.05991E-2 2.12816E-2 2.21743E-2 2.22134E-2 2.25662E-2 2.25448E-2 2.26261E-2 2.3178E-2 2.5221E-2 2.50857E-2 2.49451E-2
1.55981E-2 1.58483E-2 1.61675E-2 1.65563E-2 1.61592E-2 1.67138E-2 1.71781E-2 1.74907E-2 1.77248E-2 1.79286E-2 1.81725E-2 1.72332E-2 1.91395E-2 1.91904E-2 1.93027E-2 1.92155E-2 2.06263E-2 2.0593E-2 2.05817E-2 2.05702E-2 2.05833E-2 2.0836E-2 2.08336E-2 2.07591E-2 1.73556E-2 1.76474E-2 1.9673E-2 1.96471E-2 2.10516E-2 2.13539E-2 1.78996E-2 1.99326E-2 2.0009E-2 2.17835E-2 2.18245E-2 2.18226E-2 2.18254E-2 2.18085E-2 2.32654E-2 2.3293E-2 2.29045E-2 2.29159E-2 2.37196E-2 2.42241E-2 2.42215E-2 2.42696E-2 2.39131E-2 2.3575E-2 2.22062E-2 2.27845E-2 2.06375E-2 2.14747E-2 2.22357E-2 2.26126E-2 2.25729E-2 2.26701E-2 2.27833E-2 2.3253E-2 2.30315E-2 2.50715E-2 2.65185E-2
1.53818E-2 1.55965E-2 1.67472E-2 1.70362E-2 1.74803E-2 1.77039E-2 1.73483E-2 1.60076E-2 1.64788E-2 1.83937E-2 1.86981E-2 1.685E-2 1.72833E-2 1.77375E-2 1.77392E-2 1.77378E-2 2.05933E-2 2.05615E-2 2.06094E-2 2.06054E-2 2.08706E-2 2.08639E-2 2.08144E-2 1.94515E-2 2.07394E-2 1.96803E-2 2.10545E-2 2.10681E-2 1.9671E-2 1.96767E-2 1.99872E-2 2.00507E-2 2.00277E-2 2.14433E-2 2.14698E-2 2.207E-2 2.20734E-2 2.2098E-2 2.32659E-2 2.32114E-2 2.32885E-2 2.2924E-2 2.37343E-2 2.37681E-2 2.42335E-2 2.42835E-2 2.47714E-2 2.40509E-2 2.40978E-2 2.2842E-2 2.1376E-2 2.20767E-2 2.23956E-2 2.29983E-2 2.31277E-2 2.26751E-2 2.27812E-2 2.31824E-2 2.30072E-2 2.46663E-2 2.67651E-2
1.60509E-2 1.59557E-2 1.62497E-2 1.74837E-2 1.78642E-2 1.7265E-2 1.75772E-2 1.80658E-2 1.68261E-2 1.70052E-2 1.72637E-2 1.79171E-2 1.78257E-2 1.75159E-2 1.80565E-2 1.94505E-2 2.06216E-2 1.73945E-2 2.06176E-2 2.06332E-2 2.0615E-2 2.08779E-2 2.0862E-2 2.08374E-2 2.0783E-2 2.07896E-2 2.10914E-2 1.97501E-2 1.97326E-2 1.9786E-2 1.98071E-2 2.00739E-2 2.15126E-2 2.16546E-2 2.18523E-2 2.20848E-2 2.20808E-2 2.27837E-2 2.32742E-2 2.32727E-2 2.37323E-2 2.36902E-2 2.37439E-2 2.42094E-2 2.42532E-2 2.47381E-2 2.47892E-2 2.4813E-2 2.45757E-2 2.34455E-2 2.34515E-2 2.21756E-2 2.27567E-2 2.29699E-2 2.30952E-2 2.32344E-2 2.27249E-2 2.28312E-2 2.26102E-2 2.47928E-2 2.45538E-2
1.49594E-2 1.49595E-2 1.51052E-2 1.51725E-2 1.57841E-2 1.61693E-2 1.81124E-2 1.85359E-2 1.7392E-2 1.7431E-2 1.78678E-2 1.81355E-2 1.85408E-2 1.85027E-2 1.8246E-2 2.06659E-2 1.74992E-2 1.93257E-2 1.93011E-2 1.74481E-2 1.94083E-2 1.9653E-2 1.96732E-2 1.95958E-2 1.95613E-2 1.98289E-2 2.118E-2 2.11996E-2 1.9886E-2 1.99061E-2 2.0172E-2 2.15609E-2 2.16874E-2 2.16829E-2 2.27467E-2 2.27469E-2 2.20838E-2 2.31926E-2 2.32145E-2 2.32148E-2 2.32258E-2 2.36768E-2 2.37095E-2 2.41792E-2 2.42128E-2 2.42762E-2 2.48215E-2 2.53451E-2 2.46854E-2 2.52314E-2 2.385E-2 2.44519E-2 2.30079E-2 2.31352E-2 2.30704E-2 2.33823E-2 2.31339E-2 2.29825E-2 2.25176E-2 2.45506E-2 2.43969E-2
1.51731E-2 1.56206E-2 1.56957E-2 1.55481E-2 1.5722E-2 1.62076E-2 1.66195E-2 1.6955E-2 1.76735E-2 1.82692E-2 2.05271E-2 1.85137E-2 1.86139E-2 1.79261E-2 1.85952E-2 2.00454E-2 1.7169E-2 1.93767E-2 1.74923E-2 1.97296E-2 1.97496E-2 2.10247E-2 2.09685E-2 1.97254E-2 1.975E-2 1.99422E-2 2.13054E-2 2.12489E-2 2.12707E-2 2.12999E-2 2.16289E-2 2.16063E-2 2.17131E-2 2.22957E-2 2.27295E-2 2.27636E-2 2.27589E-2 2.2764E-2 2.32069E-2 2.32272E-2 2.32295E-2 2.36962E-2 2.15599E-2 2.20531E-2 2.46788E-2 2.47961E-2 2.47466E-2 2.53254E-2 2.53638E-2 2.527E-2 2.56424E-2 2.50061E-2 2.49905E-2 2.31259E-2 2.32917E-2 2.31808E-2 2.2718E-2 2.47069E-2 2.2067E-2 2.42755E-2 2.58576E-2
1.51706E-2 1.51978E-2 1.53772E-2 1.56421E-2 1.62069E-2 1.67855E-2 1.71223E-2 1.75169E-2 1.79545E-2 1.86853E-2 2.0541E-2 1.84948E-2 1.83005E-2 1.88558E-2 1.89357E-2 1.89891E-2 1.94044E-2 1.97651E-2 1.98262E-2 2.10844E-2 2.11191E-2 2.10997E-2 1.98227E-2 2.11258E-2 2.11351E-2 2.14102E-2 2.1362E-2 2.13576E-2 2.13886E-2 2.13746E-2 2.17134E-2 2.17338E-2 2.2318E-2 2.23179E-2 2.27543E-2 2.27832E-2 2.27834E-2 2.27786E-2 2.32262E-2 2.3221E-2 2.37093E-2 2.37137E-2 2.15757E-2 2.20739E-2 2.20611E-2 2.47567E-2 2.47908E-2 2.53794E-2 2.59435E-2 2.541E-2 2.59561E-2 2.65291E-2 2.52185E-2 2.54027E-2 2.31554E-2 2.28466E-2 2.25801E-2 2.46056E-2 2.40959E-2 2.41165E-2 2.55033E-2
1.54635E-2 1.57722E-2 1.58603E-2 1.63115E-2 1.67279E-2 1.73906E-2 1.80033E-2 1.78423E-2 1.859E-2 1.89649E-2 1.8627E-2 1.84921E-2 1.89337E-2 1.9066E-2 1.95595E-2 1.91446E-2 2.07596E-2 2.10614E-2 2.11248E-2 2.11277E-2 2.11684E-2 2.12055E-2 2.1056E-2 2.00152E-2 2.02497E-2 2.15263E-2 2.14455E-2 2.14286E-2 2.14324E-2 2.14473E-2 2.18414E-2 2.18446E-2 2.23452E-2 2.27913E-2 2.27863E-2 2.27833E-2 2.06674E-2 2.11232E-2 2.11202E-2 2.37475E-2 2.37411E-2 2.37454E-2 2.16003E-2 2.20992E-2 2.2572E-2 2.2567E-2 2.48558E-2 2.59188E-2 2.60278E-2 2.61227E-2 2.63454E-2 2.66017E-2 2.67243E-2 2.53905E-2 2.30828E-2 2.27831E-2 2.46351E-2 2.42448E-2 2.37673E-2 2.74379E-2 2.71972E-2
1.56602E-2 1.59001E-2 1.65138E-2 1.68472E-2 1.71849E-2 1.80914E-2 1.83781E-2 1.89217E-2 1.85952E-2 1.89663E-2 1.87202E-2 1.89633E-2 1.93028E-2 2.08006E-2 2.11393E-2 2.19074E-2 2.21355E-2 2.2021E-2 2.00673E-2 2.00936E-2 2.01757E-2 2.11624E-2 2.18762E-2 2.15335E-2 2.15268E-2 2.16789E-2 2.18908E-2 2.18777E-2 2.19152E-2 2.23784E-2 2.23733E-2 2.02028E-2 2.28261E-2 2.28237E-2 2.28174E-2 2.28237E-2 2.06848E-2 2.11397E-2 2.11339E-2 2.11288E-2 2.37831E-2 2.16231E-2 2.21346E-2 2.21266E-2 2.26056E-2 2.261E-2 2.31554E-2 2.5978E-2 2.61302E-2 2.63872E-2 2.66935E-2 2.67402E-2 2.6979E-2 2.69735E-2 2.28646E-2 2.25327E-2 2.41989E-2 2.40929E-2 2.5493E-2 2.73541E-2 2.80778E-2
1.69709E-2 1.68167E-2 1.70155E-2 1.75988E-2 1.74789E-2 1.7917E-2 1.85072E-2 1.90688E-2 1.90685E-2 1.94608E-2 1.94192E-2 1.8918E-2 2.06668E-2 2.0863E-2 2.08659E-2 2.19552E-2 2.17656E-2 2.19646E-2 2.15159E-2 2.1554E-2 2.16283E-2 2.16023E-2 2.15881E-2 2.16103E-2 2.15958E-2 2.16263E-2 2.23456E-2 2.23629E-2 2.23562E-2 2.23868E-2 2.241E-2 2.02385E-2 2.07011E-2 2.06987E-2 2.28599E-2 2.07226E-2 2.11745E-2 2.11601E-2 2.11573E-2 2.16564E-2 2.16564E-2 2.21444E-2 2.21969E-2 2.26674E-2 2.26984E-2 2.31911E-2 2.32041E-2 2.37678E-2 2.68735E-2 2.66927E-2 2.69105E-2 2.69789E-2 2.68189E-2 2.66314E-2 2.4633E-2 2.20411E-2 2.40455E-2 2.57335E-2 2.56191E-2 2.76735E-2 2.81286E-2
1.73237E-2 1.75386E-2 1.7665E-2 1.79483E-2 1.79174E-2 1.83779E-2 1.89815E-2 1.90424E-2 1.92745E-2 1.92356E-2 1.90074E-2 1.94227E-2 2.10341E-2 1.92204E-2 2.09496E-2 2.21399E-2 2.20359E-2 2.19669E-2 2.16168E-2 2.16098E-2 2.16491E-2 2.20393E-2 2.19909E-2 2.23393E-2 2.20985E-2 2.2418E-2 2.24121E-2 2.2357E-2 2.24327E-2 2.24275E-2 2.2418E-2 2.07299E-2 2.07246E-2 2.074E-2 2.13612E-2 2.13921E-2 2.12113E-2 2.12019E-2 2.16698E-2 2.17004E-2 2.16947E-2 2.21934E-2 2.27263E-2 2.27172E-2 2.2728E-2 2.32839E-2 2.38348E-2 2.39223E-2 2.45602E-2 2.69083E-2 2.68831E-2 2.64945E-2 2.63225E-2 2.61974E-2 2.42092E-2 2.58525E-2 2.3816E-2 2.53585E-2 2.53269E-2 2.56859E-2 2.77315E-2
1.75491E-2 1.77906E-2 1.7861E-2 1.82194E-2 1.8477E-2 1.85765E-2 1.93084E-2 1.90687E-2 1.90452E-2 1.93225E-2 1.89751E-2 1.96163E-2 2.13342E-2 2.0891E-2 2.19292E-2 2.19886E-2 2.18046E-2 2.21421E-2 2.21941E-2 2.21273E-2 2.24367E-2 2.21685E-2 2.22314E-2 2.22514E-2 2.22314E-2 2.24961E-2 2.25075E-2 2.2225E-2 2.29368E-2 2.2954E-2 2.29975E-2 2.07143E-2 2.07588E-2 2.14544E-2 2.14502E-2 2.18963E-2 2.12625E-2 2.12522E-2 2.17203E-2 2.17462E-2 2.17502E-2 2.22441E-2 2.2779E-2 2.50943E-2 2.56636E-2 2.4084E-2 2.40428E-2 2.45684E-2 2.72958E-2 2.74746E-2 2.65762E-2 2.63374E-2 2.60763E-2 2.60865E-2 2.55035E-2 2.52527E-2 2.06504E-2 2.51907E-2 2.51804E-2 2.56269E-2 2.55668E-2
1.78065E-2 1.79434E-2 1.8128E-2 1.83798E-2 1.8955E-2 1.88695E-2 1.91067E-2 1.88855E-2 1.94525E-2 2.10304E-2 2.21865E-2 2.11655E-2 2.13035E-2 2.22704E-2 2.22107E-2 2.21296E-2 2.20572E-2 2.2016E-2 2.21951E-2 2.22316E-2 2.23262E-2 2.27499E-2 2.23826E-2 2.23602E-2 2.24188E-2 2.29901E-2 2.36155E-2 2.27338E-2 2.07843E-2 2.3768E-2 2.14258E-2 2.14745E-2 2.18291E-2 2.18765E-2 2.12489E-2 1.58961E-2 2.19755E-2 2.17395E-2 2.18209E-2 2.2321E-2 2.23151E-2 2.28541E-2 2.2956E-2 2.35312E-2 2.5957E-2 2.40782E-2 2.45307E-2 2.73027E-2 2.75336E-2 2.67047E-2 2.652E-2 2.60254E-2 2.57946E-2 2.38809E-2 2.54757E-2 2.53021E-2 2.50923E-2 2.50115E-2 2.54758E-2 2.55098E-2 2.60608E-2
1.79258E-2 1.82178E-2 1.84049E-2 1.8383E-2 1.89464E-2 1.89086E-2 1.89566E-2 1.9517E-2 2.13614E-2 2.20449E-2 2.23164E-2 2.21168E-2 2.2309E-2 2.1481E-2 2.22713E-2 2.24504E-2 2.24466E-2 2.25446E-2 2.23858E-2 2.27124E-2 2.28493E-2 2.29365E-2 2.29393E-2 2.29022E-2 2.37954E-2 2.31963E-2 2.31002E-2 2.35951E-2 2.19588E-2 2.1955E-2 2.19336E-2 2.19681E-2 2.13139E-2 2.18022E-2 2.19589E-2 1.6127E-2 1.61523E-2 1.42718E-2 2.24478E-2 2.24808E-2 2.30524E-2 2.31188E-2 2.36207E-2 2.40819E-2 2.40505E-2 2.4509E-2 2.48584E-2 2.69219E-2 2.69767E-2 2.62111E-2 2.60529E-2 2.38817E-2 2.37431E-2 2.32819E-2 2.31428E-2 2.27132E-2 2.48554E-2 2.68125E-2 2.54105E-2 2.61082E-2 2.6346E-2
1.73113E-2 1.78689E-2 1.87053E-2 1.89852E-2 1.85082E-2 1.87837E-2 1.93813E-2 2.12766E-2 2.14665E-2 2.21583E-2 2.21391E-2 2.25265E-2 2.25138E-2 2.25426E-2 2.24466E-2 2.24289E-2 2.25258E-2 2.28012E-2 2.25602E-2 2.28119E-2 2.35673E-2 2.37596E-2 2.36218E-2 2.37882E-2 2.34049E-2 2.3868E-2 2.3868E-2 2.45564E-2 2.20526E-2 2.21237E-2 1.42704E-2 1.43185E-2 2.2666E-2 2.26463E-2 1.6094E-2 1.614E-2 1.62446E-2 1.64172E-2 1.49484E-2 2.30382E-2 2.3061E-2 2.35575E-2 2.40544E-2 2.40312E-2 2.44953E-2 2.4645E-2 2.46516E-2 2.69461E-2 2.68676E-2 2.56996E-2 2.55679E-2 2.59217E-2 2.49351E-2 2.47858E-2 2.476E-2 2.6722E-2 2.68289E-2 2.72688E-2 2.7267E-2 2.59073E-2 2.64299E-2
1.79867E-2 1.78329E-2 1.81124E-2 1.87816E-2 1.88562E-2 2.08316E-2 2.12808E-2 2.11414E-2 2.25409E-2 2.24318E-2 2.24946E-2 2.27123E-2 2.27703E-2 2.27423E-2 2.2768E-2 2.27288E-2 2.30813E-2 2.30928E-2 2.30268E-2 2.37977E-2 2.38497E-2 2.4166E-2 2.42501E-2 2.42869E-2 2.43483E-2 2.43587E-2 2.43453E-2 2.20375E-2 2.20459E-2 2.20664E-2 1.61438E-2 1.61562E-2 1.61635E-2 2.25576E-2 2.31605E-2 1.46754E-2 1.4668E-2 1.49761E-2 1.49622E-2 1.52096E-2 2.35232E-2 2.40203E-2 2.40065E-2 2.67517E-2 2.68292E-2 2.68647E-2 2.68416E-2 2.58934E-2 2.56958E-2 2.57629E-2 2.57697E-2 2.55376E-2 2.54374E-2 2.47118E-2 2.44176E-2 2.68395E-2 2.6762E-2 2.7269E-2 2.77683E-2 2.56029E-2 2.60575E-2
