Artocarpus heterophyllus SDM files/Last interglacial/results (without bias file)/Arthet_0.asc
ncols         625
nrows         721
xllcorner     69.99986311115
yllcorner     5.99986151914999
cellsize      0.041666667
NODATA_value  -9999
[rows 27 to 53 of 721, columns 183 to 243 of 625]
2.07354E-5 2.54728E-5 1.4561E-5 1.41863E-5 1.67919E-5 1.12546E-5 1.832E-5 1.46079E-5 1.02189E-5 1.15012E-5 9.2315E-6 9.71399E-6 2.23531E-5 3.77924E-5 2.25866E-5 1.96742E-5 1.60556E-5 1.46369E-5 3.20418E-5 2.34508E-5 1.87812E-5 2.07565E-5 2.18503E-5 2.27595E-5 2.68932E-5 2.90185E-5 3.27392E-5 3.19624E-5 3.22652E-5 2.72096E-5 2.97653E-5 2.98406E-5 3.01468E-5 3.06156E-5 2.86891E-5 3.19102E-5 3.0355E-5 3.10392E-5 2.91618E-5 2.98112E-5 2.9965E-5 2.99425E-5 2.75946E-5 2.26096E-5 2.2012E-5 2.21444E-5 2.46865E-5 2.1441E-5 2.34711E-5 2.91922E-5 2.92299E-5 2.49603E-5 2.36422E-5 2.36258E-5 2.42959E-5 2.58559E-5 2.51034E-5 2.39058E-5 2.00786E-5 1.87413E-5 2.23002E-5
2.07282E-5 3.43612E-5 2.4215E-5 1.39614E-5 1.07419E-5 1.77951E-5 1.39828E-5 2.04792E-5 1.78226E-5 1.63479E-5 1.89677E-5 1.23255E-5 1.55391E-5 2.64019E-5 4.79774E-5 1.83577E-5 2.29994E-5 1.99486E-5 3.18143E-5 3.07779E-5 2.94575E-5 2.68951E-5 1.7901E-5 2.60354E-5 2.32089E-5 3.04378E-5 3.22329E-5 3.50747E-5 3.02412E-5 3.11E-5 3.1658E-5 3.37721E-5 3.36009E-5 3.11917E-5 3.27215E-5 3.00539E-5 3.40745E-5 3.20749E-5 3.18671E-5 3.02537E-5 2.99503E-5 3.01216E-5 2.86146E-5 2.67544E-5 2.16895E-5 2.01236E-5 1.93452E-5 1.77253E-5 1.82881E-5 2.15906E-5 2.0944E-5 1.98875E-5 1.75806E-5 1.44784E-5 1.72694E-5 1.28966E-5 1.91937E-5 2.6255E-5 2.6418E-5 1.86846E-5 1.67771E-5
3.33411E-5 3.03498E-5 2.56891E-5 3.56173E-5 1.6567E-5 1.14657E-5 1.32198E-5 1.134E-5 1.36201E-5 1.99961E-5 3.12076E-5 1.71433E-5 1.4416E-5 3.48171E-5 4.10296E-5 1.28611E-5 5.72422E-5 2.83887E-5 3.30719E-5 2.36354E-5 1.84751E-5 3.2898E-5 2.50242E-5 2.8338E-5 2.08723E-5 3.04069E-5 3.40613E-5 3.64462E-5 3.54148E-5 3.27659E-5 3.19369E-5 3.38728E-5 3.66756E-5 3.45586E-5 3.1926E-5 3.21247E-5 3.02683E-5 3.00747E-5 3.20031E-5 3.16193E-5 2.97605E-5 2.93633E-5 2.89061E-5 2.68395E-5 2.60993E-5 2.39949E-5 2.05689E-5 2.05756E-5 1.95466E-5 1.89708E-5 1.70211E-5 1.62579E-5 1.47907E-5 1.54968E-5 1.83925E-5 1.66223E-5 1.99746E-5 2.48499E-5 2.50453E-5 1.71945E-5 2.04989E-5
4.42298E-5 2.43268E-5 2.93964E-5 4.06445E-5 3.35957E-5 2.06607E-5 1.80587E-5 2.41406E-5 3.1645E-5 1.46302E-5 2.34577E-5 3.02399E-5 1.54327E-5 2.81315E-5 3.40481E-5 1.97922E-5 4.63131E-5 4.81935E-5 3.19231E-5 3.86843E-5 2.45163E-5 3.65393E-5 3.47652E-5 2.37084E-5 2.57295E-5 2.62329E-5 2.81953E-5 2.8593E-5 3.51552E-5 3.30903E-5 2.88715E-5 2.83315E-5 3.07579E-5 3.2886E-5 3.21497E-5 3.21026E-5 3.17841E-5 3.07306E-5 3.07111E-5 3.22933E-5 3.11094E-5 2.89964E-5 2.75321E-5 2.74846E-5 2.62594E-5 2.51919E-5 2.46215E-5 2.62037E-5 2.4904E-5 2.13291E-5 1.7876E-5 1.68134E-5 1.46538E-5 1.18202E-5 1.28288E-5 1.2778E-5 1.59854E-5 1.85675E-5 1.58531E-5 2.0815E-5 2.39531E-5
3.91122E-5 2.99525E-5 4.46024E-5 4.44105E-5 2.59588E-5 3.55436E-5 3.29713E-5 2.43344E-5 2.43643E-5 2.05538E-5 1.78898E-5 2.566E-5 2.07328E-5 5.25211E-5 4.41929E-5 3.27515E-5 1.90451E-5 2.39352E-5 4.05993E-5 3.41501E-5 4.59522E-5 4.76741E-5 4.39827E-5 3.24775E-5 2.43985E-5 2.759E-5 3.04626E-5 2.79022E-5 3.26012E-5 3.34066E-5 3.1722E-5 3.03579E-5 2.9562E-5 2.92782E-5 2.66286E-5 2.90089E-5 2.98355E-5 2.93763E-5 3.07773E-5 2.83722E-5 2.919E-5 3.08075E-5 2.86228E-5 2.83426E-5 2.87616E-5 2.78639E-5 2.77214E-5 2.98387E-5 2.85044E-5 2.70884E-5 2.26368E-5 2.01308E-5 1.96415E-5 1.79621E-5 1.58652E-5 1.5942E-5 1.62668E-5 1.62918E-5 1.74267E-5 1.8584E-5 2.0114E-5
6.77665E-5 5.18194E-5 4.72046E-5 4.87933E-5 3.16118E-5 2.43068E-5 1.90327E-5 2.34518E-5 3.39805E-5 2.15067E-5 3.82933E-5 2.62231E-5 1.89625E-5 2.98905E-5 6.43756E-5 2.66591E-5 2.43261E-5 3.54763E-5 2.84201E-5 3.33456E-5 5.18317E-5 5.35778E-5 4.72175E-5 3.44359E-5 3.16108E-5 3.65264E-5 3.43461E-5 3.07636E-5 2.50264E-5 2.57076E-5 3.42532E-5 3.04673E-5 2.86616E-5 2.97741E-5 2.80138E-5 2.88156E-5 2.60164E-5 2.6212E-5 2.59081E-5 2.78683E-5 2.89384E-5 2.73986E-5 2.89249E-5 2.97475E-5 2.66106E-5 2.69074E-5 2.81431E-5 2.86806E-5 2.98486E-5 3.06323E-5 2.91163E-5 2.32844E-5 2.23598E-5 2.23077E-5 2.03235E-5 2.03579E-5 1.90418E-5 1.97099E-5 1.70299E-5 1.62087E-5 1.36169E-5
8.82836E-5 7.14731E-5 6.00371E-5 5.28033E-5 4.09656E-5 4.53577E-5 2.88036E-5 4.36877E-5 3.38878E-5 2.83892E-5 2.9883E-5 3.05683E-5 2.79322E-5 2.21469E-5 7.01577E-5 2.55369E-5 3.80939E-5 4.4446E-5 2.48939E-5 4.02927E-5 5.01441E-5 3.90559E-5 5.65284E-5 3.75013E-5 4.91022E-5 3.94887E-5 2.92597E-5 3.08674E-5 2.60959E-5 2.52466E-5 2.3083E-5 2.39532E-5 2.55034E-5 2.68044E-5 2.42299E-5 2.34695E-5 2.71381E-5 2.76219E-5 2.57154E-5 2.65047E-5 2.796E-5 2.70203E-5 2.71033E-5 2.67342E-5 2.54037E-5 2.6329E-5 2.52932E-5 2.8293E-5 3.19296E-5 3.21069E-5 2.71732E-5 2.45445E-5 2.23056E-5 2.25441E-5 2.3018E-5 2.16532E-5 1.93665E-5 2.15666E-5 1.80807E-5 1.87472E-5 1.53956E-5
8.84156E-5 9.98056E-5 5.76056E-5 4.07376E-5 4.62058E-5 4.38521E-5 4.08472E-5 4.24458E-5 2.46555E-5 4.68412E-5 3.26267E-5 3.23652E-5 2.7287E-5 2.7638E-5 7.34668E-5 4.78671E-5 4.12875E-5 3.6416E-5 3.89673E-5 3.3968E-5 2.92872E-5 4.08493E-5 3.84099E-5 4.94898E-5 3.8847E-5 3.44396E-5 2.72588E-5 2.96371E-5 2.69911E-5 2.49055E-5 2.15888E-5 2.00609E-5 1.93006E-5 2.20227E-5 2.13457E-5 2.50489E-5 2.42988E-5 2.7177E-5 2.74706E-5 2.924E-5 2.79317E-5 2.59404E-5 2.52648E-5 2.28119E-5 2.0953E-5 2.05943E-5 2.3101E-5 2.63168E-5 2.65771E-5 2.62057E-5 2.24871E-5 2.42112E-5 2.07451E-5 2.07664E-5 2.49975E-5 2.41077E-5 2.03735E-5 2.32087E-5 2.05805E-5 2.06767E-5 2.60755E-5
8.48887E-5 9.91629E-5 9.70065E-5 7.9988E-5 5.78118E-5 5.82705E-5 4.50687E-5 4.60335E-5 5.3081E-5 4.31291E-5 4.75605E-5 4.37529E-5 4.42413E-5 3.79687E-5 4.15588E-5 4.70865E-5 3.44729E-5 3.31438E-5 2.62989E-5 2.12965E-5 3.13763E-5 3.41293E-5 3.42848E-5 4.62361E-5 3.64765E-5 3.444E-5 3.68687E-5 3.54412E-5 3.13497E-5 2.75471E-5 2.40129E-5 2.11654E-5 2.09489E-5 2.35394E-5 2.34556E-5 2.48696E-5 2.29352E-5 2.55755E-5 2.69011E-5 2.66365E-5 2.59871E-5 2.56868E-5 2.44155E-5 2.29331E-5 1.9086E-5 1.96745E-5 2.06117E-5 2.19251E-5 1.80846E-5 2.12711E-5 2.12746E-5 2.28576E-5 2.24236E-5 1.97834E-5 2.47241E-5 2.42957E-5 2.47953E-5 2.63917E-5 3.02145E-5 3.41898E-5 3.37786E-5
4.30414E-5 5.37405E-5 9.54511E-5 1.14158E-4 8.79695E-5 6.35552E-5 4.6174E-5 3.81431E-5 7.96833E-5 4.30277E-5 5.11556E-5 4.9536E-5 4.71055E-5 4.1099E-5 4.10289E-5 4.44608E-5 2.9666E-5 5.43088E-5 3.58414E-5 2.60661E-5 2.94172E-5 4.27075E-5 3.22872E-5 3.0741E-5 4.40999E-5 4.14504E-5 3.50076E-5 3.88514E-5 4.26233E-5 3.43887E-5 3.3939E-5 3.37404E-5 3.1374E-5 2.3482E-5 2.36607E-5 2.47424E-5 2.21857E-5 2.52483E-5 2.385E-5 2.24227E-5 2.12108E-5 2.26563E-5 2.07908E-5 1.93164E-5 1.71949E-5 1.6619E-5 1.74667E-5 1.7973E-5 1.79437E-5 1.76394E-5 2.30313E-5 2.23004E-5 2.11842E-5 1.93003E-5 2.15505E-5 2.63383E-5 3.0096E-5 3.34131E-5 3.38432E-5 3.2035E-5 3.07972E-5
4.2195E-5 4.78573E-5 6.48842E-5 1.45304E-4 7.28256E-5 5.75249E-5 4.54873E-5 3.84391E-5 8.5439E-5 6.19496E-5 5.02182E-5 5.43987E-5 4.90972E-5 5.31482E-5 3.86994E-5 7.39339E-5 9.94999E-5 5.54759E-5 2.7928E-5 2.77688E-5 2.66892E-5 3.88164E-5 5.05648E-5 5.29555E-5 4.13128E-5 4.44313E-5 4.02341E-5 2.61997E-5 3.5357E-5 3.91153E-5 5.31937E-5 4.32521E-5 3.81179E-5 2.91978E-5 2.3072E-5 1.85151E-5 2.13044E-5 2.39268E-5 2.52559E-5 2.10522E-5 2.12507E-5 2.22893E-5 2.05128E-5 1.75469E-5 1.56825E-5 1.35761E-5 1.38884E-5 1.44053E-5 1.93884E-5 1.92985E-5 1.95242E-5 2.29224E-5 2.08797E-5 2.24878E-5 2.58871E-5 3.04913E-5 3.47737E-5 3.34968E-5 3.14714E-5 2.66932E-5 2.54928E-5
5.54348E-5 5.01961E-5 5.69481E-5 9.05161E-5 1.63272E-4 7.37719E-5 8.26767E-5 6.83205E-5 5.84272E-5 6.52336E-5 5.98453E-5 4.98638E-5 6.42132E-5 7.0874E-5 7.75673E-5 7.58655E-5 5.58194E-5 1.32099E-4 8.11973E-5 4.77066E-5 3.19838E-5 2.96061E-5 4.15095E-5 6.21155E-5 4.6561E-5 6.8193E-5 6.4856E-5 4.40789E-5 3.75865E-5 4.26351E-5 3.97111E-5 5.13558E-5 3.2586E-5 2.51391E-5 2.2472E-5 1.87088E-5 2.00644E-5 1.80987E-5 2.03193E-5 1.97953E-5 2.48858E-5 1.93715E-5 2.00488E-5 1.65729E-5 1.7258E-5 1.71376E-5 1.88159E-5 2.09647E-5 2.12992E-5 2.45425E-5 2.67101E-5 2.08131E-5 1.90843E-5 2.49421E-5 2.72415E-5 3.47353E-5 3.32748E-5 2.70306E-5 2.61973E-5 2.44818E-5 2.37831E-5
4.31477E-5 7.23963E-5 1.0681E-4 6.22187E-5 1.25264E-4 1.1943E-4 7.465E-5 5.89585E-5 5.96955E-5 5.97492E-5 6.84521E-5 7.74775E-5 5.49899E-5 5.25745E-5 7.9712E-5 9.60236E-5 6.15682E-5 1.3435E-4 4.54552E-5 4.02189E-5 2.78178E-5 2.81813E-5 3.1607E-5 3.17432E-5 2.71728E-5 3.95183E-5 3.74354E-5 5.47674E-5 7.04515E-5 5.36199E-5 6.3019E-5 3.95188E-5 2.99716E-5 2.60418E-5 2.57772E-5 2.87586E-5 2.91054E-5 2.29505E-5 2.1282E-5 2.31902E-5 3.15576E-5 2.95455E-5 2.67377E-5 2.71644E-5 2.76305E-5 2.64556E-5 2.42054E-5 2.10241E-5 1.94923E-5 2.18684E-5 2.73791E-5 2.12917E-5 1.0661E-5 1.34778E-5 2.28177E-5 2.35212E-5 1.90559E-5 1.46932E-5 1.73465E-5 1.89039E-5 1.84812E-5
5.23441E-5 1.2225E-4 1.11682E-4 6.40062E-5 1.0568E-4 2.13314E-4 1.91864E-4 1.61231E-4 1.22634E-4 1.03132E-4 1.0257E-4 5.89163E-5 7.79506E-5 9.17492E-5 8.69547E-5 6.21557E-5 1.07703E-4 7.00184E-5 3.11467E-5 3.12034E-5 3.4603E-5 4.08237E-5 3.0199E-5 2.54786E-5 2.56759E-5 2.78724E-5 2.51741E-5 3.66265E-5 4.6587E-5 6.05472E-5 8.67639E-5 4.93561E-5 4.24114E-5 4.42649E-5 4.23378E-5 4.25811E-5 4.80509E-5 3.9959E-5 4.01036E-5 3.83467E-5 4.0551E-5 4.16909E-5 4.44747E-5 3.53041E-5 2.1911E-5 2.05032E-5 1.52616E-5 1.17812E-5 1.66614E-5 2.24297E-5 3.09399E-5 2.79039E-5 9.82692E-6 8.50453E-6 1.64239E-5 1.55215E-5 1.12842E-5 8.68862E-6 1.21847E-5 1.34329E-5 1.21025E-5
8.94633E-5 1.15531E-4 9.44361E-5 6.47807E-5 6.90681E-5 9.5557E-5 1.06778E-4 1.176E-4 1.06086E-4 8.56639E-5 1.77918E-4 7.30727E-5 5.44492E-5 4.88695E-5 5.12405E-5 8.89341E-5 1.26286E-4 7.42744E-5 7.45888E-5 7.40182E-5 5.3025E-5 7.75007E-5 7.65882E-5 3.90353E-5 4.9407E-5 4.1719E-5 5.33525E-5 6.02516E-5 5.73227E-5 1.00514E-4 1.04286E-4 9.72024E-5 8.91299E-5 6.60005E-5 5.47801E-5 6.56324E-5 3.43963E-5 2.77799E-5 4.20035E-5 4.9418E-5 3.97804E-5 3.23272E-5 3.13866E-5 2.6532E-5 2.14761E-5 1.36581E-5 1.06379E-5 1.083E-5 1.55007E-5 2.04698E-5 3.29106E-5 3.69366E-5 2.22863E-5 1.31278E-5 1.3717E-5 1.35507E-5 9.23813E-6 8.67021E-6 9.22926E-6 9.6547E-6 1.15761E-5
1.2878E-4 1.01676E-4 1.16291E-4 7.45866E-5 7.82932E-5 1.04873E-4 1.63419E-4 1.19822E-4 1.39584E-4 1.28652E-4 8.4738E-5 1.99838E-4 7.52268E-5 5.38843E-5 7.77529E-5 1.00717E-4 1.79252E-4 1.70939E-4 1.41801E-4 1.14785E-4 1.21841E-4 1.15851E-4 9.71002E-5 1.01465E-4 8.6801E-5 9.78901E-5 1.01585E-4 1.04338E-4 8.49808E-5 6.75398E-5 6.42659E-5 6.85069E-5 6.0171E-5 6.206E-5 6.52075E-5 5.09733E-5 3.92773E-5 3.14702E-5 3.46175E-5 4.37782E-5 3.78816E-5 4.16729E-5 3.11659E-5 2.73319E-5 2.88915E-5 2.15336E-5 1.52298E-5 1.10072E-5 1.05797E-5 1.76605E-5 3.57645E-5 4.49856E-5 4.59603E-5 2.3168E-5 1.08368E-5 1.83397E-5 1.28634E-5 9.68888E-6 1.1404E-5 1.34964E-5 2.02165E-5
1.61426E-4 1.09508E-4 1.21361E-4 1.29041E-4 7.90105E-5 9.80855E-5 1.56081E-4 1.27171E-4 5.62234E-5 6.94174E-5 1.15208E-4 9.70789E-5 2.10144E-4 6.89419E-5 7.63696E-5 9.97847E-5 1.15189E-4 4.40067E-5 5.33829E-5 5.29734E-5 5.92574E-5 5.60221E-5 3.31818E-5 4.75694E-5 3.01586E-5 4.23449E-5 9.43063E-5 9.22262E-5 5.31119E-5 2.80135E-5 3.65794E-5 4.23254E-5 4.72902E-5 4.087E-5 4.84948E-5 3.93067E-5 4.38312E-5 3.53237E-5 3.34628E-5 3.22185E-5 3.06275E-5 3.70597E-5 2.91251E-5 2.49415E-5 2.0853E-5 1.4562E-5 1.45963E-5 1.31699E-5 1.80024E-5 2.89261E-5 5.09099E-5 5.41788E-5 5.52585E-5 3.33037E-5 1.24703E-5 2.23896E-5 2.14633E-5 1.67811E-5 1.99704E-5 2.97158E-5 4.00949E-5
3.16708E-4 1.63081E-4 9.52819E-5 1.44467E-4 1.58964E-4 1.53669E-4 7.67129E-5 9.45484E-5 9.04256E-5 7.3516E-5 6.2511E-5 1.36486E-4 1.13122E-4 1.41992E-4 1.35976E-4 1.34349E-4 5.76289E-5 5.53188E-5 7.26323E-5 5.542E-5 5.06726E-5 5.55451E-5 3.03396E-5 3.63278E-5 2.39601E-5 3.95886E-5 5.92235E-5 7.64972E-5 4.39903E-5 2.36907E-5 2.42509E-5 2.73584E-5 2.69391E-5 3.34796E-5 2.8214E-5 5.01227E-5 4.15415E-5 2.85786E-5 2.71868E-5 3.19213E-5 2.9853E-5 3.64522E-5 2.84806E-5 2.1488E-5 1.94504E-5 1.4177E-5 1.44674E-5 2.23794E-5 3.31839E-5 5.17163E-5 6.18744E-5 6.26113E-5 5.66501E-5 2.90531E-5 1.65146E-5 2.73878E-5 3.29248E-5 3.19051E-5 3.17449E-5 3.4521E-5 3.7844E-5
5.67849E-4 3.45657E-4 2.2934E-4 1.1019E-4 1.03001E-4 1.12364E-4 1.02104E-4 1.22582E-4 1.17918E-4 1.56805E-4 1.62374E-4 1.49242E-4 1.51255E-4 1.86496E-4 1.99549E-4 1.53916E-4 6.43824E-5 8.67615E-5 6.81042E-5 7.4855E-5 9.12982E-5 5.62196E-5 3.68491E-5 4.07738E-5 3.72944E-5 5.04031E-5 6.75464E-5 4.08754E-5 2.44637E-5 2.04338E-5 2.35767E-5 2.12196E-5 3.27831E-5 2.21027E-5 3.45649E-5 5.03088E-5 6.31229E-5 4.00317E-5 4.19573E-5 3.46945E-5 4.06004E-5 3.1787E-5 2.69942E-5 2.69602E-5 2.87962E-5 2.85831E-5 3.18207E-5 3.92494E-5 4.29982E-5 4.94061E-5 5.38249E-5 6.27584E-5 3.43957E-5 1.41378E-5 1.42895E-5 1.84847E-5 1.76069E-5 1.86141E-5 1.7699E-5 1.88387E-5 1.77568E-5
6.24123E-4 5.50032E-4 3.86492E-4 1.71594E-4 1.24219E-4 9.29494E-5 9.15431E-5 9.81321E-5 1.16474E-4 1.31301E-4 1.66906E-4 1.17539E-4 2.04546E-4 1.4432E-4 1.55919E-4 5.60976E-5 5.01052E-5 8.73404E-5 6.9172E-5 1.57171E-4 1.41733E-4 7.90911E-5 5.75166E-5 5.00121E-5 4.14208E-5 3.41315E-5 3.14642E-5 3.19141E-5 2.8302E-5 2.69165E-5 5.09539E-5 2.47059E-5 4.72977E-5 3.3652E-5 4.08798E-5 6.33613E-5 8.44299E-5 5.76658E-5 4.83078E-5 4.48368E-5 4.26561E-5 3.46162E-5 2.0785E-5 1.98163E-5 2.57041E-5 2.82017E-5 3.91603E-5 4.57847E-5 4.90284E-5 5.05429E-5 5.11266E-5 5.56129E-5 2.91112E-5 1.01913E-5 1.36005E-5 2.57519E-5 1.96141E-5 2.87054E-5 3.08891E-5 2.47633E-5 2.33943E-5
2.38451E-4 5.66386E-4 6.52018E-4 4.59043E-4 2.31063E-4 1.27558E-4 8.95796E-5 9.80187E-5 8.34267E-5 7.09985E-5 7.89751E-5 1.83308E-4 1.69951E-4 1.34351E-4 1.78746E-4 1.40279E-4 6.16983E-5 1.00398E-4 1.21276E-4 2.218E-4 1.48757E-4 1.13206E-4 7.9397E-5 5.12952E-5 4.05252E-5 3.7231E-5 4.68717E-5 5.27853E-5 4.43774E-5 3.64647E-5 5.81818E-5 2.95644E-5 6.61711E-5 6.10203E-5 5.3016E-5 4.41118E-5 4.31873E-5 5.91527E-5 3.65656E-5 4.04618E-5 4.60473E-5 3.98229E-5 2.14929E-5 1.65147E-5 2.28182E-5 3.31274E-5 4.48964E-5 4.59473E-5 4.01501E-5 4.32977E-5 5.067E-5 5.72651E-5 3.00305E-5 1.70448E-5 2.03018E-5 3.29276E-5 3.43425E-5 4.20255E-5 4.43566E-5 3.60525E-5 2.86916E-5
2.52519E-4 3.17892E-4 6.35261E-4 4.39475E-4 4.62907E-4 2.70998E-4 1.61314E-4 7.76121E-5 8.89722E-5 1.48905E-4 1.84972E-4 2.19786E-4 1.95817E-4 2.57659E-4 1.3258E-4 1.84473E-4 1.65053E-4 8.29106E-5 1.28877E-4 2.01975E-4 1.78178E-4 1.26364E-4 1.19699E-4 9.46656E-5 5.24E-5 3.66468E-5 3.19239E-5 4.39204E-5 6.27864E-5 5.86371E-5 8.1427E-5 8.49657E-5 7.4911E-5 6.12475E-5 4.9694E-5 3.79748E-5 3.38816E-5 4.08049E-5 3.15361E-5 2.72177E-5 3.03729E-5 3.07255E-5 1.68564E-5 1.53437E-5 2.61911E-5 4.32998E-5 4.31048E-5 2.98069E-5 3.04247E-5 3.43154E-5 3.97527E-5 3.39373E-5 2.47553E-5 1.77312E-5 2.25426E-5 2.57718E-5 2.89169E-5 2.97204E-5 3.2337E-5 4.44873E-5 4.79414E-5
2.96963E-4 2.74379E-4 5.13479E-4 6.70876E-4 4.93624E-4 3.0549E-4 1.46265E-4 8.78752E-5 8.85638E-5 9.94402E-5 1.18541E-4 2.49142E-4 2.34793E-4 2.55429E-4 1.22332E-4 7.68488E-5 9.79322E-5 1.58047E-4 1.80249E-4 2.18751E-4 1.9947E-4 1.38402E-4 1.27004E-4 1.45366E-4 9.52966E-5 8.18397E-5 5.20073E-5 5.1518E-5 6.45112E-5 1.09929E-4 1.19734E-4 5.02461E-5 3.17206E-5 4.00016E-5 3.40003E-5 4.04999E-5 3.82915E-5 4.64051E-5 5.73787E-5 4.72464E-5 5.80829E-5 3.11654E-5 1.82447E-5 1.76222E-5 2.28169E-5 3.68511E-5 3.42707E-5 2.37183E-5 2.32417E-5 2.27801E-5 2.41042E-5 2.10924E-5 1.60687E-5 1.72266E-5 1.88855E-5 2.18978E-5 2.39918E-5 3.22477E-5 2.42785E-5 3.53221E-5 3.28372E-5
4.23764E-4 3.30244E-4 3.48675E-4 5.98E-4 6.151E-4 3.41386E-4 2.36653E-4 8.08205E-5 9.67037E-5 1.53471E-4 1.94646E-4 1.20529E-4 1.22717E-4 1.27283E-4 1.84111E-4 2.00248E-4 5.89E-5 5.67765E-5 9.06472E-5 2.09328E-4 2.49666E-4 1.71333E-4 1.35234E-4 2.34463E-4 1.38221E-4 7.27823E-5 4.56912E-5 5.0222E-5 4.04826E-5 6.42691E-5 1.06705E-4 8.77201E-5 6.23018E-5 3.83704E-5 2.9326E-5 5.36117E-5 8.7053E-5 5.93853E-5 6.15854E-5 7.76746E-5 5.29424E-5 4.86538E-5 3.65507E-5 2.75909E-5 2.93193E-5 4.20566E-5 3.92384E-5 3.17123E-5 2.88584E-5 2.31764E-5 2.32217E-5 2.80877E-5 2.14851E-5 2.2181E-5 1.84434E-5 1.95123E-5 2.2093E-5 3.40923E-5 3.18425E-5 2.21306E-5 2.4128E-5
2.31211E-4 4.04977E-4 3.16403E-4 5.2797E-4 6.82459E-4 3.65279E-4 1.8852E-4 8.8597E-5 7.83609E-5 1.02759E-4 1.04482E-4 6.29738E-5 7.39152E-5 1.18618E-4 1.77954E-4 2.5199E-4 1.1017E-4 4.64798E-5 4.74061E-5 1.22747E-4 2.43495E-4 2.52313E-4 2.17528E-4 1.82179E-4 8.78231E-5 3.98123E-5 3.83403E-5 3.4422E-5 4.97761E-5 7.57927E-5 9.8255E-5 1.42758E-4 5.70318E-5 3.411E-5 4.53608E-5 4.79034E-5 6.13668E-5 1.1329E-4 1.02354E-4 7.56452E-5 4.99896E-5 4.3445E-5 5.04478E-5 4.19127E-5 3.40155E-5 5.56947E-5 4.29433E-5 4.46518E-5 3.53006E-5 3.74775E-5 3.25715E-5 3.12833E-5 2.46222E-5 1.89432E-5 2.23661E-5 2.07782E-5 3.44663E-5 3.09796E-5 5.51185E-5 4.11471E-5 3.01454E-5
4.14057E-4 3.21631E-4 6.30361E-4 3.71171E-4 5.49676E-4 5.5367E-4 2.0807E-4 1.86194E-4 7.65675E-5 7.45674E-5 6.81998E-5 5.98658E-5 8.2879E-5 1.2038E-4 8.973E-5 1.32039E-4 2.07228E-4 1.31258E-4 6.80859E-5 5.38547E-5 8.84025E-5 2.17216E-4 2.43937E-4 2.15943E-4 1.1915E-4 6.37924E-5 4.42116E-5 4.11795E-5 3.96539E-5 3.31092E-5 3.90989E-5 1.05196E-4 8.79935E-5 5.03283E-5 6.1369E-5 8.3868E-5 7.43081E-5 1.26738E-4 6.74116E-5 6.57796E-5 3.76309E-5 5.34844E-5 5.01716E-5 6.98834E-5 5.17947E-5 6.73035E-5 8.37631E-5 6.59109E-5 4.7835E-5 2.95166E-5 3.20376E-5 5.04837E-5 2.92721E-5 3.22007E-5 3.13798E-5 2.28985E-5 3.10316E-5 5.25993E-5 5.76746E-5 4.53474E-5 3.53503E-5
3.28279E-4 5.06508E-4 4.0459E-4 5.50707E-4 4.42524E-4 8.18055E-4 4.65922E-4 2.6352E-4 9.69102E-5 7.96666E-5 9.16746E-5 6.81608E-5 6.76872E-5 7.52362E-5 4.95891E-5 5.3244E-5 1.3408E-4 1.99077E-4 1.49332E-4 4.4974E-5 3.41186E-5 8.04898E-5 1.82015E-4 2.58542E-4 2.03928E-4 1.1525E-4 9.54237E-5 4.67805E-5 8.28416E-5 4.70444E-5 5.91036E-5 1.14994E-4 2.02358E-4 9.89077E-5 5.51876E-5 1.08402E-4 1.17487E-4 1.23924E-4 5.38558E-5 5.20285E-5 4.76381E-5 3.08965E-5 5.75488E-5 7.56809E-5 8.38646E-5 1.17647E-4 1.0292E-4 8.24812E-5 4.58437E-5 3.90053E-5 3.29207E-5 3.68153E-5 5.44179E-5 5.66827E-5 7.24843E-5 5.5119E-5 3.32291E-5 5.51628E-5 7.50073E-5 6.04915E-5 4.95576E-5
