Artocarpus heterophyllus SDM files/Last interglacial/results (without bias file)/Arthet_max.asc
ncols         625
nrows         721
xllcorner     69.99986311115
yllcorner     5.99986151914999
cellsize      0.041666667
NODATA_value  -9999
[rows 27 to 53 of 721, columns 244 to 304 of 625]
4.58995E-5 4.61895E-5 4.22979E-5 4.41369E-5 3.71115E-5 3.86738E-5 4.99418E-5 5.52776E-5 5.64208E-5 5.3005E-5 4.28031E-5 3.71028E-5 3.57438E-5 2.92052E-5 3.84603E-5 3.55441E-5 3.16924E-5 2.42899E-5 1.84979E-5 2.80013E-5 2.80812E-5 3.10257E-5 3.04059E-5 3.18267E-5 3.1846E-5 3.33713E-5 3.42214E-5 4.21535E-5 5.23447E-5 5.32962E-5 5.22094E-5 5.2895E-5 5.22391E-5 5.29998E-5 5.18808E-5 5.26587E-5 5.5645E-5 5.05113E-5 4.82251E-5 4.85105E-5 5.19934E-5 5.29655E-5 5.29265E-5 5.13705E-5 5.13376E-5 5.01661E-5 5.23765E-5 5.0696E-5 5.23776E-5 5.37056E-5 5.87805E-5 5.89138E-5 5.95757E-5 5.7206E-5 5.6675E-5 5.86717E-5 6.1727E-5 6.69976E-5 6.58579E-5 6.30207E-5 6.462E-5
4.66678E-5 6.17018E-5 5.71442E-5 5.44752E-5 4.53404E-5 3.75585E-5 3.68192E-5 3.76284E-5 2.98103E-5 3.16723E-5 3.74301E-5 4.35966E-5 3.55455E-5 3.91563E-5 3.81208E-5 3.71278E-5 3.97595E-5 3.14021E-5 2.99454E-5 2.9817E-5 3.40906E-5 3.7421E-5 4.0103E-5 3.89827E-5 3.64958E-5 4.45614E-5 4.77668E-5 5.01108E-5 4.92976E-5 4.71914E-5 5.02769E-5 5.37385E-5 5.39067E-5 5.2391E-5 5.13694E-5 4.98491E-5 5.12432E-5 4.97437E-5 4.68464E-5 5.20962E-5 5.42187E-5 5.22985E-5 5.4546E-5 5.4129E-5 5.53846E-5 5.37651E-5 5.31621E-5 5.40343E-5 5.70933E-5 5.93261E-5 5.23287E-5 5.03245E-5 5.25593E-5 5.21759E-5 5.0461E-5 5.10056E-5 5.78913E-5 6.50534E-5 6.39133E-5 6.13384E-5 5.44765E-5
4.23025E-5 3.44712E-5 2.68364E-5 2.76302E-5 2.94653E-5 2.72855E-5 3.26581E-5 3.09957E-5 4.38489E-5 3.56373E-5 2.96114E-5 2.87447E-5 3.26462E-5 4.37635E-5 4.94634E-5 4.3944E-5 3.9948E-5 3.48559E-5 3.26858E-5 3.46631E-5 3.36884E-5 3.78454E-5 3.6259E-5 3.76599E-5 3.74947E-5 4.44613E-5 4.53314E-5 4.60929E-5 4.75473E-5 4.57577E-5 4.94583E-5 4.98357E-5 5.0235E-5 5.24289E-5 5.16131E-5 5.43805E-5 5.27599E-5 4.93297E-5 5.08831E-5 4.64874E-5 4.56857E-5 5.18811E-5 5.44789E-5 5.3088E-5 5.5084E-5 5.45967E-5 5.85338E-5 5.87805E-5 5.88264E-5 5.30194E-5 5.1002E-5 4.36747E-5 3.74431E-5 4.19348E-5 4.46995E-5 4.77911E-5 5.77623E-5 6.31128E-5 6.10921E-5 5.36541E-5 5.95818E-5
5.21487E-5 4.16404E-5 2.49405E-5 1.81964E-5 2.49622E-5 3.02877E-5 3.60293E-5 3.54279E-5 3.90921E-5 3.5246E-5 2.37164E-5 2.68938E-5 2.97874E-5 3.79796E-5 4.69274E-5 4.57204E-5 3.65822E-5 3.08183E-5 3.18029E-5 3.03025E-5 3.34526E-5 3.75683E-5 3.71461E-5 4.10336E-5 4.88389E-5 5.13852E-5 4.96417E-5 4.64715E-5 4.65133E-5 4.74214E-5 4.24205E-5 4.86987E-5 4.49301E-5 4.45065E-5 4.79135E-5 4.12004E-5 4.02956E-5 4.90766E-5 5.06856E-5 4.30478E-5 5.09996E-5 5.28122E-5 5.31188E-5 5.44386E-5 5.39431E-5 5.77982E-5 5.85636E-5 5.78706E-5 5.59988E-5 4.93913E-5 4.56564E-5 3.4381E-5 2.76552E-5 3.42214E-5 4.31673E-5 5.2343E-5 5.96154E-5 5.50068E-5 5.52268E-5 6.4207E-5 6.88325E-5
4.52404E-5 4.30113E-5 3.61835E-5 2.7497E-5 2.58729E-5 3.15568E-5 2.7633E-5 2.96496E-5 3.549E-5 3.02717E-5 2.6446E-5 2.86584E-5 3.45346E-5 4.02721E-5 4.62651E-5 4.30899E-5 3.42849E-5 2.86064E-5 3.44005E-5 3.47252E-5 4.11361E-5 4.14469E-5 4.37661E-5 3.93253E-5 4.32278E-5 3.8813E-5 4.00882E-5 4.1491E-5 4.23988E-5 4.31763E-5 4.23988E-5 4.26545E-5 4.02816E-5 3.6648E-5 3.6976E-5 3.83708E-5 4.17835E-5 4.39192E-5 4.57123E-5 4.66845E-5 4.80934E-5 4.87594E-5 4.97135E-5 5.08617E-5 5.12094E-5 5.37111E-5 5.55232E-5 5.45725E-5 5.47766E-5 5.04575E-5 4.08962E-5 2.81787E-5 2.98657E-5 3.87137E-5 4.74112E-5 5.21367E-5 5.77795E-5 6.44804E-5 6.57913E-5 7.14617E-5 7.58378E-5
2.52639E-5 2.71127E-5 3.25607E-5 3.23551E-5 3.09421E-5 3.41329E-5 3.57243E-5 3.76999E-5 4.28692E-5 4.29703E-5 3.68363E-5 3.58928E-5 4.05971E-5 3.92661E-5 3.83486E-5 3.33532E-5 3.30148E-5 3.18951E-5 3.48669E-5 3.23934E-5 3.28813E-5 3.55114E-5 3.84613E-5 3.99925E-5 3.96447E-5 3.7962E-5 4.04615E-5 4.03257E-5 4.10068E-5 3.97811E-5 3.77368E-5 3.97589E-5 4.08105E-5 4.07929E-5 4.21185E-5 4.32547E-5 4.45045E-5 4.58103E-5 4.8431E-5 4.88327E-5 4.99754E-5 5.35253E-5 5.33136E-5 5.14005E-5 5.19223E-5 5.00909E-5 4.91276E-5 4.64879E-5 4.45674E-5 3.41545E-5 3.40177E-5 2.69578E-5 2.64532E-5 3.64799E-5 5.19546E-5 5.79423E-5 6.69696E-5 7.16481E-5 7.37756E-5 7.09386E-5 7.90125E-5
2.36642E-5 3.56937E-5 4.91404E-5 5.12287E-5 3.65232E-5 5.34136E-5 5.24831E-5 5.73669E-5 5.63681E-5 5.1889E-5 4.62685E-5 4.19172E-5 3.69742E-5 4.28623E-5 4.02774E-5 4.07639E-5 3.30236E-5 3.45189E-5 3.17891E-5 2.99516E-5 3.124E-5 3.18946E-5 3.5018E-5 3.80223E-5 3.50364E-5 3.86003E-5 4.01102E-5 3.96676E-5 3.89254E-5 3.83424E-5 3.64321E-5 3.66857E-5 3.94398E-5 4.38218E-5 4.48442E-5 4.53235E-5 4.73271E-5 4.80056E-5 4.9323E-5 5.08782E-5 5.42393E-5 5.4249E-5 5.22381E-5 5.09556E-5 5.15253E-5 5.18157E-5 5.06202E-5 4.57186E-5 4.60289E-5 3.71532E-5 3.45692E-5 3.06143E-5 3.57269E-5 4.20433E-5 5.19474E-5 6.5997E-5 6.99328E-5 7.48159E-5 7.70594E-5 7.99019E-5 8.00481E-5
4.83429E-5 6.03269E-5 5.84388E-5 4.6691E-5 5.70388E-5 6.32237E-5 6.01601E-5 5.63564E-5 5.67061E-5 4.96558E-5 3.97621E-5 3.62428E-5 3.49621E-5 3.52619E-5 3.54526E-5 3.50877E-5 3.47542E-5 3.52681E-5 3.58618E-5 3.74152E-5 3.51947E-5 3.68117E-5 3.63237E-5 3.82668E-5 3.90612E-5 3.91556E-5 3.95493E-5 3.7323E-5 3.5319E-5 3.24068E-5 3.48762E-5 3.09133E-5 3.36164E-5 4.38401E-5 4.5811E-5 4.63757E-5 4.77989E-5 4.97677E-5 5.44711E-5 5.46567E-5 5.36918E-5 4.94898E-5 4.40046E-5 4.80729E-5 5.46302E-5 5.4045E-5 5.15669E-5 4.60679E-5 4.6652E-5 4.74135E-5 4.66884E-5 4.36398E-5 4.33426E-5 4.99084E-5 5.20935E-5 6.24479E-5 6.50491E-5 6.73268E-5 6.99411E-5 7.88517E-5 7.58E-5
5.89591E-5 5.23898E-5 4.64754E-5 4.31195E-5 4.61348E-5 4.85314E-5 4.38257E-5 4.19218E-5 4.08326E-5 3.7081E-5 3.60249E-5 3.53395E-5 3.30211E-5 3.39988E-5 3.11019E-5 3.26264E-5 3.66532E-5 3.67767E-5 3.80014E-5 3.84264E-5 3.97496E-5 3.9334E-5 3.73734E-5 3.76454E-5 3.94316E-5 3.87367E-5 3.64513E-5 3.47405E-5 3.02291E-5 2.80442E-5 2.76052E-5 2.98565E-5 3.27201E-5 4.23112E-5 4.75148E-5 4.93444E-5 4.79838E-5 4.99936E-5 5.10668E-5 5.25169E-5 4.81868E-5 4.54586E-5 4.825E-5 5.06561E-5 5.33508E-5 5.33832E-5 4.93385E-5 4.6733E-5 4.6688E-5 5.24992E-5 5.51797E-5 5.37672E-5 5.61306E-5 5.26382E-5 4.90483E-5 5.992E-5 6.77989E-5 6.69605E-5 6.35199E-5 6.87389E-5 6.44877E-5
5.40007E-5 4.20132E-5 3.47175E-5 2.65969E-5 2.46253E-5 3.52593E-5 5.05723E-5 4.60344E-5 3.10729E-5 2.87363E-5 3.19382E-5 2.89983E-5 2.55486E-5 2.67502E-5 2.71425E-5 3.18765E-5 3.20322E-5 3.47731E-5 3.55465E-5 3.93657E-5 4.02847E-5 3.99945E-5 3.6536E-5 3.36518E-5 4.05192E-5 3.95175E-5 3.99073E-5 3.18859E-5 3.03679E-5 2.89802E-5 2.78671E-5 3.29097E-5 3.7402E-5 4.04433E-5 4.34986E-5 4.83866E-5 4.96358E-5 5.00036E-5 5.26127E-5 4.94802E-5 4.68162E-5 4.84096E-5 4.92162E-5 5.1573E-5 5.41206E-5 5.21318E-5 4.53645E-5 4.5525E-5 4.22116E-5 5.21747E-5 5.87707E-5 5.88162E-5 5.90403E-5 5.61202E-5 5.28729E-5 6.24774E-5 6.86223E-5 6.33741E-5 6.23447E-5 6.59757E-5 5.85754E-5
3.46614E-5 3.15786E-5 2.50028E-5 2.13682E-5 3.65814E-5 3.90424E-5 5.85189E-5 3.58535E-5 3.16578E-5 3.45988E-5 3.42223E-5 3.12236E-5 2.93122E-5 2.45286E-5 2.36168E-5 2.66391E-5 3.09287E-5 3.38648E-5 3.46018E-5 4.17178E-5 4.23981E-5 4.27082E-5 4.0009E-5 3.4135E-5 3.44581E-5 4.17271E-5 3.54016E-5 3.45934E-5 3.37249E-5 3.06642E-5 2.99295E-5 2.96548E-5 3.73756E-5 4.40021E-5 4.60914E-5 4.27401E-5 5.45402E-5 5.45417E-5 5.48759E-5 5.37671E-5 5.18398E-5 5.39818E-5 5.47124E-5 5.81684E-5 5.59705E-5 5.71393E-5 5.09978E-5 4.84704E-5 4.42814E-5 5.36404E-5 6.24911E-5 6.34849E-5 6.31617E-5 6.01287E-5 5.44084E-5 5.86748E-5 6.56801E-5 5.84976E-5 6.26386E-5 6.18549E-5 5.33077E-5
3.42407E-5 2.72263E-5 2.73997E-5 3.11846E-5 4.34246E-5 5.1162E-5 5.17942E-5 3.82834E-5 4.52086E-5 3.49923E-5 3.24552E-5 3.10512E-5 2.99323E-5 2.63991E-5 2.80649E-5 2.59329E-5 2.74756E-5 3.12688E-5 3.71235E-5 4.15824E-5 4.22056E-5 3.77602E-5 3.09347E-5 2.88732E-5 3.27689E-5 4.06355E-5 4.0377E-5 3.73159E-5 3.41063E-5 3.36282E-5 3.26051E-5 3.21795E-5 3.21811E-5 3.86837E-5 4.17841E-5 4.53944E-5 5.32075E-5 5.63509E-5 5.74985E-5 5.62916E-5 5.79162E-5 5.79045E-5 5.81763E-5 5.85955E-5 6.13258E-5 5.94141E-5 5.4958E-5 5.5896E-5 5.27816E-5 5.48401E-5 6.66381E-5 6.72013E-5 6.65128E-5 6.45594E-5 5.75028E-5 5.82269E-5 5.82672E-5 6.63706E-5 6.97542E-5 6.28673E-5 6.50677E-5
3.08731E-5 2.92272E-5 2.76324E-5 3.0823E-5 3.69674E-5 4.84838E-5 6.00415E-5 4.22218E-5 3.89248E-5 3.18432E-5 3.1257E-5 3.2946E-5 3.45503E-5 3.4243E-5 3.0339E-5 2.45917E-5 1.80448E-5 2.24397E-5 3.24467E-5 3.86685E-5 3.54948E-5 3.50929E-5 2.65885E-5 2.84172E-5 3.0584E-5 3.89593E-5 4.13962E-5 3.95972E-5 3.81476E-5 3.5348E-5 3.45151E-5 3.33413E-5 3.32596E-5 3.73609E-5 2.38001E-5 3.41711E-5 4.5023E-5 5.25E-5 5.81549E-5 5.88308E-5 5.88309E-5 6.03562E-5 6.37281E-5 6.39809E-5 6.16877E-5 6.30543E-5 6.36388E-5 6.1812E-5 5.78014E-5 5.52185E-5 6.42681E-5 6.72749E-5 6.81502E-5 6.41921E-5 6.50041E-5 6.02255E-5 7.2453E-5 7.33523E-5 6.87201E-5 6.63746E-5 6.45651E-5
2.47329E-5 2.24866E-5 2.52694E-5 3.23268E-5 3.87671E-5 4.14845E-5 4.97199E-5 4.36571E-5 3.94465E-5 3.17592E-5 3.09409E-5 4.21165E-5 4.31848E-5 3.67522E-5 3.20117E-5 2.37533E-5 1.93295E-5 1.84916E-5 2.40787E-5 3.17745E-5 2.79327E-5 3.00758E-5 2.47488E-5 2.49962E-5 2.87705E-5 4.01323E-5 3.72177E-5 3.60072E-5 3.10418E-5 3.14249E-5 3.08987E-5 2.82665E-5 3.07918E-5 3.80947E-5 3.39513E-5 3.2331E-5 2.63583E-5 3.19956E-5 4.5899E-5 4.87333E-5 5.91912E-5 5.71015E-5 4.9557E-5 5.48674E-5 6.75262E-5 7.23442E-5 7.25978E-5 7.03411E-5 6.63711E-5 5.93091E-5 6.16018E-5 6.49259E-5 6.39091E-5 6.70499E-5 6.89982E-5 6.76337E-5 7.50679E-5 7.91236E-5 7.23296E-5 6.78547E-5 6.9022E-5
2.03749E-5 2.79376E-5 3.5252E-5 3.14019E-5 3.51406E-5 3.61332E-5 3.31781E-5 4.16271E-5 4.17799E-5 2.85453E-5 3.47378E-5 5.79747E-5 5.04593E-5 4.49542E-5 3.76266E-5 2.8937E-5 2.43949E-5 2.23752E-5 2.49267E-5 2.69877E-5 2.78511E-5 2.69664E-5 3.58763E-5 3.55575E-5 3.75818E-5 3.65503E-5 3.68642E-5 3.64467E-5 3.43694E-5 3.23157E-5 3.36841E-5 3.5955E-5 3.29229E-5 3.74128E-5 4.20546E-5 3.87184E-5 3.31393E-5 2.83496E-5 3.21998E-5 4.3279E-5 4.51138E-5 3.40326E-5 2.42119E-5 3.07994E-5 4.50116E-5 6.04297E-5 7.69636E-5 7.69875E-5 7.86796E-5 7.91128E-5 7.26963E-5 6.91274E-5 6.58932E-5 6.35265E-5 7.47168E-5 7.72137E-5 8.05449E-5 8.1014E-5 7.82094E-5 7.60822E-5 7.39999E-5
5.05701E-5 4.54338E-5 3.10599E-5 3.18266E-5 4.29767E-5 3.66093E-5 3.64925E-5 4.57809E-5 4.28997E-5 3.47277E-5 3.76132E-5 5.19663E-5 4.6545E-5 3.99617E-5 2.86456E-5 2.31112E-5 1.55303E-5 1.94001E-5 2.6962E-5 3.4645E-5 3.72304E-5 3.70912E-5 3.64709E-5 3.63225E-5 3.47723E-5 3.64579E-5 3.59244E-5 4.02448E-5 3.83807E-5 3.78924E-5 4.12216E-5 3.79396E-5 3.58549E-5 3.38626E-5 3.99696E-5 4.46889E-5 4.22047E-5 3.64391E-5 3.45007E-5 3.73858E-5 4.69689E-5 3.71757E-5 3.21067E-5 2.88545E-5 2.46027E-5 4.80427E-5 6.60714E-5 6.74593E-5 8.25691E-5 8.2043E-5 8.57788E-5 8.49429E-5 7.74951E-5 6.56873E-5 6.84626E-5 8.17937E-5 8.44863E-5 8.57295E-5 8.46783E-5 8.37082E-5 8.14793E-5
5.19129E-5 3.43443E-5 2.65734E-5 3.54145E-5 4.606E-5 4.65176E-5 3.80346E-5 4.27563E-5 4.89413E-5 3.90091E-5 4.5006E-5 4.56817E-5 4.89607E-5 4.63901E-5 3.59032E-5 2.47213E-5 1.94217E-5 1.95463E-5 2.5715E-5 3.86157E-5 3.60226E-5 2.70167E-5 2.30505E-5 2.26195E-5 2.33839E-5 3.85743E-5 4.12832E-5 4.50379E-5 3.73616E-5 3.68356E-5 4.60779E-5 5.11183E-5 4.67631E-5 4.40278E-5 5.20463E-5 5.47203E-5 4.7939E-5 3.91598E-5 4.12977E-5 4.69521E-5 4.96154E-5 4.71305E-5 3.93936E-5 3.55695E-5 3.1923E-5 4.4294E-5 5.9822E-5 6.89762E-5 7.14112E-5 7.63323E-5 7.52041E-5 7.66489E-5 8.88138E-5 6.68526E-5 6.99873E-5 8.03487E-5 8.87197E-5 9.09663E-5 8.91463E-5 9.0567E-5 9.04513E-5
6.3547E-5 5.38037E-5 3.79347E-5 3.47871E-5 3.52574E-5 5.34469E-5 3.9865E-5 4.45558E-5 5.42507E-5 5.91563E-5 5.98762E-5 5.51459E-5 5.4196E-5 5.69438E-5 4.8995E-5 3.65822E-5 3.32051E-5 2.72992E-5 3.62606E-5 4.04809E-5 2.96346E-5 2.73991E-5 2.65838E-5 3.43559E-5 3.87553E-5 4.59863E-5 5.03211E-5 4.75102E-5 4.96408E-5 4.78315E-5 5.48172E-5 5.94049E-5 6.22193E-5 6.19089E-5 6.14013E-5 5.36192E-5 4.52868E-5 4.97829E-5 5.40745E-5 5.71011E-5 5.59474E-5 5.25907E-5 4.89509E-5 4.15655E-5 3.9184E-5 4.19042E-5 4.83861E-5 4.62032E-5 5.95702E-5 7.65962E-5 7.97075E-5 7.89173E-5 7.77415E-5 7.61578E-5 7.21568E-5 6.98444E-5 7.63095E-5 8.22876E-5 9.73219E-5 1.0433E-4 9.70158E-5
4.00097E-5 6.32422E-5 4.9586E-5 3.79983E-5 4.39607E-5 5.83053E-5 4.39769E-5 4.78054E-5 5.40917E-5 5.18391E-5 7.83338E-5 8.01587E-5 6.40865E-5 7.4328E-5 7.0563E-5 5.68642E-5 3.41305E-5 3.48191E-5 4.19855E-5 3.98384E-5 3.35043E-5 3.85544E-5 3.32106E-5 3.62077E-5 4.82189E-5 5.47187E-5 4.71505E-5 4.21153E-5 5.17081E-5 6.24816E-5 6.58923E-5 6.78985E-5 6.91537E-5 6.9718E-5 6.78114E-5 6.00119E-5 6.66938E-5 6.66846E-5 6.39346E-5 6.13593E-5 5.59178E-5 4.3588E-5 4.39758E-5 4.37435E-5 4.57159E-5 4.47345E-5 3.55486E-5 2.88505E-5 3.46776E-5 6.69837E-5 8.15689E-5 8.16134E-5 8.24903E-5 8.0178E-5 7.84248E-5 7.66182E-5 7.63648E-5 7.42385E-5 8.46391E-5 8.30598E-5 9.00845E-5
4.23809E-5 7.50883E-5 4.29519E-5 3.95647E-5 5.44456E-5 6.22643E-5 4.77151E-5 5.66043E-5 5.8282E-5 5.04176E-5 6.07572E-5 7.38949E-5 8.90083E-5 8.92803E-5 8.88053E-5 6.22763E-5 3.66293E-5 3.90401E-5 4.24065E-5 3.90552E-5 3.09958E-5 4.45028E-5 3.96938E-5 5.3355E-5 5.75007E-5 5.13324E-5 4.59882E-5 4.38574E-5 5.3062E-5 5.97045E-5 6.85437E-5 7.37427E-5 7.56095E-5 7.50619E-5 7.14153E-5 6.77584E-5 7.34093E-5 7.17072E-5 6.62067E-5 4.88879E-5 5.29095E-5 5.68787E-5 5.76284E-5 5.39988E-5 5.23828E-5 5.06656E-5 3.99667E-5 3.81415E-5 3.71289E-5 6.41973E-5 8.1416E-5 8.16187E-5 8.38271E-5 8.45212E-5 8.68815E-5 8.44799E-5 8.0258E-5 7.70939E-5 7.94067E-5 8.23548E-5 9.32075E-5
6.49223E-5 7.09008E-5 3.88996E-5 4.24271E-5 4.76311E-5 7.32632E-5 5.76769E-5 7.56411E-5 6.58222E-5 5.68932E-5 6.93313E-5 1.03616E-4 9.47308E-5 1.03913E-4 1.06628E-4 7.63464E-5 5.98965E-5 5.80695E-5 5.39092E-5 4.71511E-5 5.18007E-5 5.53827E-5 5.15304E-5 6.03342E-5 6.42145E-5 6.03543E-5 6.09028E-5 5.8578E-5 5.56134E-5 4.92535E-5 5.35615E-5 6.76529E-5 7.69738E-5 7.78199E-5 7.83772E-5 7.83772E-5 8.22452E-5 8.27984E-5 7.19459E-5 6.5065E-5 6.95285E-5 6.63843E-5 6.53702E-5 6.03941E-5 4.65161E-5 4.48104E-5 4.503E-5 3.94384E-5 4.66805E-5 5.85848E-5 8.47455E-5 8.69934E-5 8.5298E-5 7.58466E-5 7.66922E-5 8.6199E-5 9.13171E-5 9.45392E-5 9.68506E-5 9.07432E-5 9.00653E-5
7.74466E-5 8.93553E-5 8.28926E-5 7.11185E-5 7.24796E-5 9.24874E-5 6.77795E-5 8.54787E-5 6.89664E-5 5.24182E-5 7.31436E-5 9.85661E-5 1.04999E-4 9.73917E-5 1.17781E-4 1.01189E-4 1.02963E-4 9.27488E-5 7.39223E-5 6.39999E-5 5.29437E-5 6.30256E-5 6.4953E-5 6.67806E-5 7.0176E-5 7.1922E-5 7.37947E-5 6.74706E-5 6.14626E-5 5.47486E-5 6.52599E-5 7.61489E-5 8.18582E-5 7.87575E-5 8.53229E-5 8.13803E-5 8.19753E-5 8.1591E-5 8.58127E-5 8.35105E-5 8.01814E-5 7.68888E-5 6.91018E-5 5.74342E-5 4.22756E-5 5.10422E-5 5.56172E-5 5.92549E-5 6.04132E-5 4.43863E-5 5.73245E-5 8.83733E-5 9.14908E-5 8.18081E-5 8.02644E-5 7.96931E-5 9.44541E-5 1.04344E-4 1.06365E-4 1.05875E-4 1.02191E-4
6.5278E-5 6.94245E-5 6.67096E-5 8.77476E-5 1.09683E-4 9.43436E-5 9.68166E-5 8.06448E-5 6.77682E-5 6.66542E-5 7.26948E-5 7.21026E-5 7.17046E-5 8.06243E-5 1.07856E-4 1.15527E-4 1.19211E-4 1.16191E-4 1.0694E-4 8.35815E-5 7.43364E-5 6.07346E-5 5.84318E-5 6.66995E-5 7.71527E-5 7.10467E-5 7.54933E-5 7.68791E-5 7.71316E-5 7.98459E-5 8.03208E-5 8.34137E-5 8.04978E-5 7.0965E-5 8.20864E-5 8.72765E-5 8.8928E-5 6.93493E-5 8.44921E-5 8.82758E-5 8.5554E-5 7.91552E-5 6.53715E-5 5.52369E-5 5.17093E-5 6.46475E-5 6.53737E-5 7.11758E-5 6.48381E-5 5.33763E-5 3.83927E-5 7.09346E-5 9.78471E-5 9.32772E-5 9.11405E-5 9.30832E-5 8.97905E-5 9.4787E-5 1.05215E-4 1.13014E-4 1.10584E-4
5.64099E-5 6.0925E-5 5.86326E-5 5.83322E-5 7.81339E-5 7.64696E-5 9.58182E-5 9.79648E-5 9.62363E-5 7.06548E-5 7.47479E-5 6.67107E-5 5.97528E-5 6.57779E-5 8.14059E-5 8.74756E-5 9.99993E-5 1.16503E-4 1.15163E-4 1.06016E-4 9.14925E-5 7.33693E-5 5.92666E-5 7.04526E-5 7.66933E-5 6.84454E-5 7.16525E-5 8.007E-5 8.26646E-5 8.59324E-5 8.50713E-5 8.0076E-5 7.05145E-5 6.96277E-5 8.07599E-5 8.71344E-5 9.00691E-5 7.3277E-5 7.38726E-5 8.79343E-5 9.37975E-5 9.00652E-5 8.26186E-5 7.69814E-5 5.81077E-5 7.02901E-5 8.17514E-5 8.5743E-5 7.47168E-5 6.03571E-5 5.64402E-5 6.93764E-5 9.9162E-5 1.03859E-4 1.01307E-4 9.6119E-5 9.67888E-5 8.59032E-5 7.20263E-5 9.73677E-5 1.05414E-4
4.90827E-5 5.50517E-5 5.75683E-5 6.2948E-5 5.89288E-5 5.07365E-5 6.14082E-5 7.9702E-5 1.04437E-4 7.61814E-5 6.41182E-5 5.68581E-5 5.22557E-5 5.85362E-5 7.40567E-5 9.4389E-5 9.15621E-5 9.51667E-5 1.14522E-4 1.09103E-4 1.00068E-4 7.5405E-5 8.34136E-5 6.67239E-5 6.85759E-5 6.99834E-5 6.86957E-5 6.1627E-5 6.51316E-5 8.32551E-5 8.68057E-5 8.4483E-5 7.87286E-5 7.62732E-5 7.40913E-5 8.24623E-5 8.47894E-5 7.59969E-5 6.88447E-5 7.17638E-5 8.25845E-5 9.37337E-5 9.9289E-5 9.55658E-5 8.38007E-5 8.4879E-5 9.37245E-5 9.23136E-5 9.01763E-5 7.49639E-5 7.44665E-5 8.172E-5 8.12412E-5 1.04308E-4 1.10435E-4 1.0344E-4 9.34429E-5 8.06308E-5 6.67638E-5 8.90174E-5 1.02554E-4
6.36389E-5 8.86943E-5 6.40199E-5 5.36861E-5 6.29147E-5 7.05933E-5 6.89568E-5 7.69472E-5 1.12338E-4 8.37341E-5 6.72336E-5 5.98852E-5 5.37125E-5 5.57612E-5 6.60093E-5 6.8036E-5 5.77831E-5 5.61362E-5 6.39504E-5 8.45353E-5 8.67304E-5 7.65045E-5 7.6407E-5 6.77289E-5 5.86951E-5 4.95367E-5 4.39276E-5 5.03014E-5 5.86701E-5 6.97128E-5 7.01618E-5 7.43966E-5 7.26691E-5 6.05165E-5 6.04937E-5 6.18708E-5 6.34358E-5 6.10539E-5 6.60504E-5 6.45246E-5 8.27977E-5 8.50438E-5 1.07013E-4 1.02374E-4 9.70883E-5 7.80177E-5 9.20385E-5 8.34962E-5 5.90308E-5 6.11786E-5 7.10457E-5 7.60073E-5 8.46737E-5 1.00574E-4 1.13189E-4 1.10337E-4 1.03189E-4 7.88882E-5 7.01308E-5 7.41222E-5 9.3352E-5
6.76211E-5 7.83788E-5 8.3835E-5 8.6013E-5 1.01549E-4 1.25718E-4 1.07808E-4 1.08705E-4 1.20063E-4 8.99663E-5 8.53189E-5 7.18585E-5 5.38524E-5 6.27863E-5 6.77932E-5 5.69316E-5 5.38889E-5 5.98812E-5 5.65099E-5 5.17345E-5 5.90633E-5 7.1581E-5 6.93324E-5 6.49571E-5 6.77948E-5 6.46686E-5 5.06282E-5 5.6841E-5 5.85471E-5 7.54455E-5 6.54967E-5 7.09769E-5 7.44338E-5 6.69746E-5 5.61107E-5 6.93635E-5 4.97134E-5 5.3942E-5 6.15589E-5 5.75936E-5 6.18351E-5 7.11157E-5 8.98512E-5 1.07558E-4 8.90187E-5 1.07093E-4 9.07014E-5 8.40101E-5 8.37415E-5 6.95036E-5 5.27977E-5 4.47155E-5 5.2303E-5 8.73734E-5 1.03498E-4 1.09745E-4 1.06232E-4 9.45316E-5 7.8596E-5 8.35927E-5 8.908E-5
