Artocarpus heterophyllus SDM files/Last interglacial/results (without bias file)/Arthet_7.asc
ncols         625
nrows         721
xllcorner     69.99986311115
yllcorner     5.99986151914999
cellsize      0.041666667
NODATA_value  -9999
[rows 243 to 269 of 721, columns 549 to 609 of 625]
5.00617E-1 5.01161E-1 4.98462E-1 5.06732E-1 5.09997E-1 5.02998E-1 5.08328E-1 5.20128E-1 5.20726E-1 5.30755E-1 5.37657E-1 5.3838E-1 5.37017E-1 5.36456E-1 5.34237E-1 5.3409E-1 5.27638E-1 5.27553E-1 5.22007E-1 5.16779E-1 5.13462E-1 5.02443E-1 5.08824E-1 5.07257E-1 5.09626E-1 5.14716E-1 5.2434E-1 5.09635E-1 5.41644E-1 5.24728E-1 4.84055E-1 3.70804E-1 4.10714E-1 4.29513E-1 5.55406E-1 5.47551E-1 5.05701E-1 3.74024E-1 2.23271E-1 4.39873E-1 3.3099E-1 3.22429E-1 1.86398E-1 4.81193E-1 4.53639E-1 3.50286E-1 5.6894E-1 4.61889E-1 4.21143E-1 3.44513E-1 1.77421E-1 6.27621E-2 1.61831E-1 1.60156E-1 3.45025E-1 3.34317E-1 2.6242E-1 9.90599E-2 8.55223E-2 2.43794E-1 4.80412E-1
5.06709E-1 5.06627E-1 5.11016E-1 5.01889E-1 5.12511E-1 5.22533E-1 5.34005E-1 5.13183E-1 5.06111E-1 5.26483E-1 5.3654E-1 5.38486E-1 5.40055E-1 5.3589E-1 5.36382E-1 5.30257E-1 5.23892E-1 5.18741E-1 5.14689E-1 5.15282E-1 5.13309E-1 5.10456E-1 5.13766E-1 5.17675E-1 5.23472E-1 5.28959E-1 5.35904E-1 5.52238E-1 5.56796E-1 4.11674E-1 3.3775E-1 3.49425E-1 4.71001E-1 4.61849E-1 5.48752E-1 5.55055E-1 4.23713E-1 1.97229E-1 2.68654E-1 5.04798E-1 3.1589E-1 1.83371E-1 1.90361E-1 2.79916E-1 4.2189E-1 5.72902E-1 5.62955E-1 4.21127E-1 3.25394E-1 1.53468E-1 9.77086E-2 9.44242E-2 2.24284E-1 3.01864E-1 1.88768E-1 9.81054E-2 7.6288E-2 5.58433E-2 9.71089E-2 1.56217E-1 3.50109E-1
5.15887E-1 5.04783E-1 5.00338E-1 4.9782E-1 5.09799E-1 5.14483E-1 5.19169E-1 5.31068E-1 5.3475E-1 5.51267E-1 5.53436E-1 5.45652E-1 5.45603E-1 5.47208E-1 5.453E-1 5.44911E-1 5.2709E-1 5.25406E-1 5.20785E-1 5.22695E-1 5.21799E-1 5.2135E-1 5.25979E-1 5.19657E-1 5.15466E-1 5.36607E-1 5.59173E-1 5.31759E-1 4.6767E-1 4.78793E-1 3.94386E-1 4.62429E-1 5.2124E-1 5.63689E-1 5.60057E-1 5.04178E-1 2.40235E-1 2.62679E-1 3.0427E-1 4.22132E-1 1.54683E-1 1.32899E-1 2.98528E-1 3.68826E-1 4.90025E-1 5.73162E-1 5.30158E-1 4.07422E-1 2.6355E-1 1.16458E-1 1.56519E-1 9.45657E-2 1.35116E-1 1.60524E-1 8.08552E-2 1.16941E-1 8.41099E-2 1.326E-1 1.91421E-1 2.58921E-1 4.16835E-1
5.09693E-1 5.05466E-1 4.89834E-1 4.74807E-1 4.42544E-1 4.3663E-1 4.54831E-1 5.07417E-1 5.10191E-1 5.03482E-1 5.40383E-1 5.47105E-1 5.49813E-1 5.41656E-1 5.46985E-1 5.40845E-1 5.37502E-1 5.28693E-1 5.26877E-1 5.28607E-1 5.28694E-1 5.27884E-1 5.4203E-1 5.33352E-1 5.228E-1 5.12749E-1 5.69343E-1 5.78089E-1 4.60979E-1 4.02203E-1 4.98385E-1 4.90159E-1 5.7534E-1 5.78194E-1 5.3362E-1 3.36412E-1 3.31322E-1 4.69213E-1 5.60798E-1 2.52441E-1 2.69744E-1 2.75911E-1 1.96619E-1 5.38593E-1 5.7786E-1 5.48687E-1 5.905E-1 4.5775E-1 1.92391E-1 1.73534E-1 1.17963E-1 6.79919E-2 8.28328E-2 7.61972E-2 9.21299E-2 1.8831E-1 3.26573E-1 3.61949E-1 3.60216E-1 4.16683E-1 4.24962E-1
5.12312E-1 5.1651E-1 5.30067E-1 5.26867E-1 4.97252E-1 4.84781E-1 4.30384E-1 4.27096E-1 4.47366E-1 4.42795E-1 4.93143E-1 5.41433E-1 5.49586E-1 5.48003E-1 5.45468E-1 5.4403E-1 5.39596E-1 5.36526E-1 5.37659E-1 5.39817E-1 5.37369E-1 5.37161E-1 5.50724E-1 5.46555E-1 5.47679E-1 5.56065E-1 4.48845E-1 4.97778E-1 5.42391E-1 4.20223E-1 4.86793E-1 5.04026E-1 5.80631E-1 5.61647E-1 3.93588E-1 3.37356E-1 2.89608E-1 4.49551E-1 5.69722E-1 2.54524E-1 4.52679E-1 2.25635E-1 4.00699E-1 5.08023E-1 5.81662E-1 3.77562E-1 4.93373E-1 5.79822E-1 4.5586E-1 2.52325E-1 7.44406E-2 4.56067E-2 4.72554E-2 8.42404E-2 1.75345E-1 1.91229E-1 4.50646E-1 4.70853E-1 4.08615E-1 4.3515E-1 4.20996E-1
5.40088E-1 5.26774E-1 5.28898E-1 5.45328E-1 5.49689E-1 5.49453E-1 5.38575E-1 5.41997E-1 5.42944E-1 4.70197E-1 4.6271E-1 5.00735E-1 5.52342E-1 5.46105E-1 5.42848E-1 5.40464E-1 5.42478E-1 5.39518E-1 5.41421E-1 5.44944E-1 5.44409E-1 5.48867E-1 5.5894E-1 5.64588E-1 5.87728E-1 4.36194E-1 2.73044E-1 3.74064E-1 4.86545E-1 4.16982E-1 4.39967E-1 5.55723E-1 5.92433E-1 3.67909E-1 3.10645E-1 1.77196E-1 2.57267E-1 2.89853E-1 5.02317E-1 4.95724E-1 6.00264E-1 5.36895E-1 5.49566E-1 5.89577E-1 5.5479E-1 2.37619E-1 2.81959E-1 5.96972E-1 3.11795E-1 1.66915E-1 1.98236E-1 1.54624E-1 1.1238E-1 9.15511E-2 2.17848E-1 4.97729E-1 5.51314E-1 4.90313E-1 4.39348E-1 4.30916E-1 4.4231E-1
5.5109E-1 5.45661E-1 5.33143E-1 5.43213E-1 5.50631E-1 5.53704E-1 5.44371E-1 5.51013E-1 5.49856E-1 5.49907E-1 5.62114E-1 5.2304E-1 5.55098E-1 5.54929E-1 5.42528E-1 5.39779E-1 5.5472E-1 5.57233E-1 5.48724E-1 5.54472E-1 5.62957E-1 5.72518E-1 5.80998E-1 5.85007E-1 3.72818E-1 1.62024E-1 1.62864E-1 2.97533E-1 2.72305E-1 3.52701E-1 4.88805E-1 5.54167E-1 5.1311E-1 3.07908E-1 2.13068E-1 2.18781E-1 4.35135E-1 3.11573E-1 3.76171E-1 5.18712E-1 6.30525E-1 6.00166E-1 6.02337E-1 5.22734E-1 2.75869E-1 2.2417E-1 4.50577E-1 5.93782E-1 1.52914E-1 1.05712E-1 3.46843E-1 3.85633E-1 2.09611E-1 1.66144E-1 2.56692E-1 4.30826E-1 5.21528E-1 4.7083E-1 4.51697E-1 4.5238E-1 4.66489E-1
5.38772E-1 5.21196E-1 5.33763E-1 5.2803E-1 5.36699E-1 5.4134E-1 5.4402E-1 5.51745E-1 5.49187E-1 5.66078E-1 5.71971E-1 5.67476E-1 5.43908E-1 5.29561E-1 5.26105E-1 5.54753E-1 5.59896E-1 5.58755E-1 5.62586E-1 5.74311E-1 5.88465E-1 5.46412E-1 4.71092E-1 2.5202E-1 2.50606E-1 1.9823E-1 1.25627E-1 1.02754E-1 1.33197E-1 2.58163E-1 4.20469E-1 4.97071E-1 4.86749E-1 2.99034E-1 2.08598E-1 4.07414E-1 5.3056E-1 5.43136E-1 5.8182E-1 4.60149E-1 6.1074E-1 4.55101E-1 5.73068E-1 4.76683E-1 2.19309E-1 4.2256E-1 5.09843E-1 6.19588E-1 4.00513E-1 1.69039E-1 4.59684E-1 4.01284E-1 1.62799E-1 3.49776E-1 5.0557E-1 4.6093E-1 4.98258E-1 4.61705E-1 4.48678E-1 4.5478E-1 4.43635E-1
5.30174E-1 5.22925E-1 4.88916E-1 5.27318E-1 5.2174E-1 5.22749E-1 5.40325E-1 5.45353E-1 5.4564E-1 5.65639E-1 5.67951E-1 5.62495E-1 5.51868E-1 5.67463E-1 5.59933E-1 5.63511E-1 5.62237E-1 5.76077E-1 5.91678E-1 5.98422E-1 5.11155E-1 4.2287E-1 4.09858E-1 3.55294E-1 3.46936E-1 3.2772E-1 1.89054E-1 1.12862E-1 9.80212E-2 1.83724E-1 3.64096E-1 4.53101E-1 3.74731E-1 2.69497E-1 2.22018E-1 2.7766E-1 4.37718E-1 5.23241E-1 4.96469E-1 5.67421E-1 6.19358E-1 2.97734E-1 5.58328E-1 3.25446E-1 1.7754E-1 4.60352E-1 2.83293E-1 2.57156E-1 6.16798E-1 3.81758E-1 5.95686E-1 5.86644E-1 5.52433E-1 5.34657E-1 5.25295E-1 4.76477E-1 4.8009E-1 4.74514E-1 4.66974E-1 4.52779E-1 4.51997E-1
5.60822E-1 5.45822E-1 5.40537E-1 5.29993E-1 5.3824E-1 5.34251E-1 5.35086E-1 5.37637E-1 5.42327E-1 5.43923E-1 5.72093E-1 5.74373E-1 5.57425E-1 5.52438E-1 5.79001E-1 5.73558E-1 5.77969E-1 5.43233E-1 3.79501E-1 5.46008E-1 4.18325E-1 5.62911E-1 4.78708E-1 3.41319E-1 2.09053E-1 2.97509E-1 2.4837E-1 1.09224E-1 1.19672E-1 1.36058E-1 3.13979E-1 4.20622E-1 2.90763E-1 2.022E-1 2.33453E-1 4.27521E-1 4.71459E-1 5.89088E-1 4.61483E-1 5.74763E-1 5.75863E-1 3.5565E-1 4.34427E-1 4.01187E-1 1.80107E-1 2.79274E-1 1.98079E-1 2.76355E-1 5.91093E-1 5.96213E-1 5.88644E-1 4.50917E-1 5.06409E-1 5.69848E-1 5.1217E-1 4.78315E-1 4.78021E-1 4.68758E-1 4.77999E-1 4.71245E-1 4.64476E-1
5.57691E-1 5.57361E-1 5.50748E-1 5.45865E-1 5.45285E-1 5.38503E-1 5.43807E-1 5.51916E-1 5.49492E-1 5.65994E-1 5.54636E-1 5.52925E-1 5.67297E-1 5.72041E-1 5.82693E-1 5.91217E-1 6.03748E-1 3.7241E-1 3.15628E-1 5.0149E-1 4.07852E-1 5.41004E-1 5.95856E-1 5.31972E-1 5.01661E-1 5.60191E-1 2.99113E-1 1.75592E-1 2.35105E-1 2.2286E-1 3.37925E-1 3.27921E-1 2.65699E-1 2.38301E-1 2.10974E-1 3.18337E-1 5.04737E-1 5.40428E-1 4.95448E-1 6.06155E-1 5.46118E-1 4.4288E-1 2.32132E-1 1.81105E-1 1.62562E-1 9.55226E-2 1.56468E-1 2.98794E-1 4.38891E-1 3.35497E-1 4.83035E-1 4.22827E-1 5.21441E-1 5.42116E-1 4.91472E-1 4.69181E-1 4.76139E-1 4.8741E-1 4.72002E-1 4.57197E-1 4.57413E-1
5.74249E-1 5.59455E-1 5.49043E-1 5.48242E-1 5.46397E-1 5.46789E-1 5.46537E-1 5.37481E-1 5.5848E-1 5.61735E-1 5.62898E-1 5.58511E-1 5.7125E-1 5.84453E-1 5.88095E-1 6.02694E-1 4.50175E-1 4.88354E-1 4.08224E-1 5.96896E-1 4.40365E-1 5.63823E-1 5.46411E-1 3.74988E-1 2.01187E-1 4.89656E-1 4.65298E-1 3.91578E-1 2.99401E-1 3.30634E-1 3.89681E-1 4.39751E-1 3.26971E-1 1.58729E-1 2.43219E-1 5.09756E-1 6.14013E-1 4.76694E-1 5.17198E-1 4.8186E-1 4.87094E-1 4.47069E-1 2.6191E-1 2.14799E-1 2.88427E-1 1.24052E-1 2.25842E-1 2.69367E-1 4.31686E-1 5.01098E-1 5.6811E-1 5.12695E-1 5.39533E-1 5.12816E-1 4.95175E-1 4.86595E-1 4.71195E-1 4.5775E-1 4.58269E-1 4.56031E-1 4.56777E-1
5.66056E-1 5.60036E-1 5.59529E-1 5.50163E-1 5.44636E-1 5.4425E-1 5.41981E-1 5.45185E-1 5.62139E-1 5.7731E-1 5.6759E-1 5.73095E-1 5.81704E-1 5.93699E-1 5.51058E-1 4.13566E-1 3.76475E-1 5.09603E-1 4.79422E-1 5.80386E-1 5.7636E-1 5.77358E-1 3.51179E-1 2.66247E-1 1.77509E-1 4.22266E-1 4.16618E-1 4.72252E-1 5.01213E-1 4.51374E-1 5.01331E-1 3.37374E-1 2.18614E-1 1.97932E-1 4.07746E-1 5.47733E-1 4.91511E-1 2.90219E-1 4.09226E-1 4.83429E-1 5.36908E-1 3.17154E-1 1.92811E-1 2.30448E-1 4.55919E-1 2.05943E-1 3.8278E-1 5.75813E-1 6.10694E-1 6.11794E-1 6.00953E-1 5.88541E-1 5.50136E-1 5.09313E-1 4.94196E-1 4.88805E-1 4.87925E-1 4.71519E-1 4.54692E-1 4.62394E-1 4.65433E-1
5.63284E-1 5.56677E-1 5.494E-1 5.57832E-1 5.51685E-1 5.49059E-1 5.46439E-1 5.46934E-1 5.46427E-1 5.8325E-1 5.84448E-1 5.92822E-1 5.89663E-1 4.45301E-1 3.5949E-1 4.7523E-1 5.4553E-1 4.67077E-1 5.95122E-1 5.82373E-1 5.51022E-1 4.24697E-1 3.10089E-1 1.91669E-1 1.27526E-1 3.84956E-1 3.2926E-1 4.33604E-1 4.89958E-1 4.9073E-1 4.12471E-1 3.5072E-1 2.82689E-1 3.51549E-1 3.53119E-1 5.86574E-1 5.82909E-1 4.49036E-1 2.54535E-1 4.03575E-1 5.14935E-1 3.1223E-1 3.05474E-1 3.97798E-1 5.2172E-1 3.65463E-1 4.6029E-1 6.01929E-1 4.9657E-1 3.08146E-1 4.76374E-1 5.51299E-1 5.30024E-1 5.08813E-1 4.96959E-1 4.81044E-1 4.76628E-1 4.88507E-1 4.71706E-1 4.82779E-1 4.67499E-1
5.6197E-1 5.62803E-1 5.53955E-1 5.44502E-1 5.50924E-1 5.45513E-1 5.50103E-1 5.6498E-1 5.46739E-1 5.88521E-1 5.91899E-1 5.53792E-1 4.94562E-1 2.96412E-1 3.56901E-1 4.69211E-1 5.58605E-1 5.54539E-1 5.80629E-1 5.75629E-1 4.21214E-1 3.21687E-1 3.47089E-1 1.74003E-1 2.07649E-1 2.45416E-1 3.03449E-1 4.66641E-1 4.85831E-1 4.86777E-1 3.62635E-1 2.38144E-1 4.24845E-1 3.2437E-1 4.76949E-1 5.49721E-1 5.20012E-1 4.40697E-1 3.20462E-1 5.37428E-1 3.78349E-1 2.43735E-1 3.96352E-1 4.66737E-1 3.63561E-1 5.95355E-1 6.15259E-1 5.67698E-1 2.9617E-1 3.87625E-1 5.22707E-1 5.44727E-1 5.06251E-1 5.02299E-1 4.97209E-1 4.95035E-1 4.71335E-1 4.87749E-1 4.77941E-1 4.7886E-1 4.71436E-1
5.5994E-1 5.66368E-1 5.61183E-1 5.44185E-1 5.48385E-1 5.48888E-1 5.54493E-1 5.67559E-1 5.57311E-1 5.13837E-1 4.76543E-1 3.02492E-1 4.61597E-1 3.87924E-1 2.66272E-1 3.32724E-1 5.06858E-1 5.31503E-1 5.62551E-1 5.63314E-1 5.54351E-1 2.71128E-1 2.28215E-1 2.58651E-1 4.76505E-1 2.70433E-1 3.48399E-1 5.04921E-1 3.76507E-1 4.89371E-1 2.9063E-1 2.95418E-1 5.38969E-1 3.94682E-1 5.38549E-1 4.90673E-1 4.42019E-1 4.75332E-1 4.17646E-1 5.2243E-1 3.59601E-1 2.48109E-1 3.70652E-1 2.67601E-1 2.53869E-1 5.09675E-1 2.80776E-1 2.90922E-1 2.41862E-1 5.0095E-1 5.56717E-1 5.17196E-1 5.03036E-1 5.04607E-1 4.97741E-1 4.93836E-1 4.93042E-1 4.90295E-1 4.93819E-1 4.78073E-1 4.75351E-1
5.62093E-1 5.56128E-1 5.58391E-1 5.42314E-1 5.52024E-1 5.45223E-1 5.74004E-1 5.83494E-1 5.69052E-1 4.34E-1 3.4199E-1 4.52396E-1 4.47405E-1 4.73448E-1 3.20527E-1 2.64239E-1 4.3328E-1 5.67947E-1 5.78344E-1 5.06732E-1 3.66551E-1 2.22663E-1 4.03157E-1 5.75204E-1 4.68375E-1 2.26235E-1 3.71399E-1 3.98387E-1 4.01795E-1 5.40366E-1 3.34765E-1 3.96239E-1 5.52267E-1 4.56812E-1 3.80456E-1 3.65086E-1 3.51947E-1 4.43292E-1 4.33815E-1 4.77839E-1 2.74513E-1 2.4849E-1 2.44863E-1 3.14221E-1 3.35327E-1 3.11802E-1 2.11346E-1 3.3549E-1 4.25883E-1 5.65866E-1 5.27569E-1 5.08877E-1 4.97808E-1 5.04875E-1 5.0484E-1 4.98601E-1 5.00939E-1 4.97936E-1 4.86972E-1 4.84038E-1 4.86446E-1
4.6867E-1 5.39208E-1 5.53483E-1 5.43876E-1 5.35621E-1 5.54075E-1 5.66989E-1 5.5522E-1 3.52302E-1 4.24486E-1 4.38155E-1 5.39627E-1 4.4971E-1 5.03406E-1 3.43014E-1 5.33581E-1 5.54142E-1 5.80119E-1 5.55127E-1 4.06249E-1 3.29466E-1 3.98916E-1 5.79398E-1 3.26949E-1 3.06894E-1 2.8554E-1 4.70348E-1 4.76694E-1 4.81356E-1 5.23628E-1 3.90871E-1 5.90422E-1 4.89787E-1 3.01787E-1 4.02144E-1 3.15389E-1 4.81173E-1 3.61259E-1 3.29257E-1 4.35292E-1 3.04611E-1 1.65308E-1 1.87628E-1 3.06462E-1 3.64867E-1 4.71134E-1 4.33511E-1 3.75979E-1 4.64157E-1 5.46346E-1 5.22012E-1 5.15828E-1 5.12041E-1 5.06496E-1 5.12292E-1 5.00297E-1 5.02327E-1 4.98406E-1 4.90554E-1 4.8178E-1 4.89774E-1
4.19017E-1 4.53726E-1 4.933E-1 5.42834E-1 5.63031E-1 4.63439E-1 3.72846E-1 4.92036E-1 3.34569E-1 4.99443E-1 4.43848E-1 5.15726E-1 5.32964E-1 4.29605E-1 5.2482E-1 5.58534E-1 5.53458E-1 3.32245E-1 3.37426E-1 5.73258E-1 5.24425E-1 5.91514E-1 4.41513E-1 2.0598E-1 1.56964E-1 3.70349E-1 4.45897E-1 4.14732E-1 5.75776E-1 5.5734E-1 5.52332E-1 5.74817E-1 3.95051E-1 3.27185E-1 4.21111E-1 3.78561E-1 4.40471E-1 3.4882E-1 2.79707E-1 3.18557E-1 2.51229E-1 1.53009E-1 1.81872E-1 1.82318E-1 2.14356E-1 3.90517E-1 5.85828E-1 5.81748E-1 5.49253E-1 5.30833E-1 5.13502E-1 5.06885E-1 5.07754E-1 4.93842E-1 5.05603E-1 5.00156E-1 4.99508E-1 4.91907E-1 4.96519E-1 4.96694E-1 4.91387E-1
5.26124E-1 5.27252E-1 5.22381E-1 4.28445E-1 3.03336E-1 4.81113E-1 3.87283E-1 5.02898E-1 4.86647E-1 4.18881E-1 4.96249E-1 5.01823E-1 4.9883E-1 4.97333E-1 5.2674E-1 3.07736E-1 2.91837E-1 2.69056E-1 5.02352E-1 5.35385E-1 2.23841E-1 4.3143E-1 5.24555E-1 3.56464E-1 2.99419E-1 5.48921E-1 4.92226E-1 4.80627E-1 5.95667E-1 5.7717E-1 6.02087E-1 5.09478E-1 4.11115E-1 4.95348E-1 3.30446E-1 3.41014E-1 3.47532E-1 2.25048E-1 2.51389E-1 2.97129E-1 1.83852E-1 2.81134E-1 4.33538E-1 3.20235E-1 2.85798E-1 3.80707E-1 5.14963E-1 5.76076E-1 5.32462E-1 5.106E-1 5.06917E-1 5.00574E-1 5.00744E-1 4.95625E-1 4.95307E-1 4.98476E-1 4.90658E-1 4.94102E-1 5.04845E-1 5.01887E-1 4.91068E-1
4.08954E-1 4.09295E-1 4.74131E-1 3.61437E-1 4.07476E-1 4.6741E-1 4.56035E-1 4.62808E-1 4.57895E-1 4.69058E-1 4.70327E-1 4.75017E-1 5.01359E-1 4.95316E-1 5.22401E-1 5.06894E-1 3.35428E-1 4.08799E-1 5.64818E-1 4.67229E-1 3.12701E-1 3.44696E-1 4.29983E-1 1.81938E-1 3.50404E-1 5.64648E-1 4.70446E-1 6.05769E-1 5.85138E-1 5.81459E-1 6.07643E-1 5.30055E-1 3.87322E-1 5.08773E-1 4.64669E-1 3.52171E-1 3.68075E-1 2.56659E-1 4.24793E-1 5.28431E-1 3.15119E-1 4.6033E-1 5.00996E-1 5.64379E-1 4.81262E-1 4.78198E-1 6.03649E-1 5.62734E-1 5.2482E-1 5.1404E-1 5.12529E-1 5.05857E-1 5.05864E-1 5.00018E-1 4.99041E-1 4.97658E-1 4.95584E-1 4.84959E-1 4.88588E-1 4.63744E-1 4.63342E-1
4.38353E-1 4.5167E-1 4.39591E-1 4.32002E-1 4.42683E-1 4.47939E-1 4.45072E-1 4.43182E-1 4.4649E-1 4.61281E-1 4.6658E-1 4.8694E-1 4.92771E-1 5.15482E-1 4.86885E-1 5.091E-1 4.59416E-1 5.30646E-1 4.25265E-1 3.44435E-1 4.33271E-1 3.16077E-1 2.01858E-1 2.6243E-1 4.90294E-1 5.41563E-1 5.39274E-1 6.16999E-1 5.37924E-1 4.65289E-1 6.11858E-1 4.59912E-1 4.20001E-1 4.92583E-1 4.62395E-1 4.14074E-1 3.88399E-1 3.07419E-1 4.97568E-1 6.04133E-1 3.94205E-1 6.06908E-1 5.74855E-1 5.97218E-1 3.68935E-1 4.79654E-1 5.67932E-1 5.32979E-1 5.15764E-1 5.0144E-1 4.90396E-1 5.00174E-1 5.05144E-1 5.03712E-1 5.00347E-1 4.90126E-1 4.83765E-1 4.83938E-1 4.61323E-1 4.65163E-1 4.70166E-1
4.38472E-1 4.28104E-1 4.30029E-1 4.34936E-1 4.41469E-1 4.27613E-1 4.41896E-1 4.4189E-1 4.55155E-1 4.51204E-1 4.83884E-1 5.14134E-1 4.89253E-1 5.12344E-1 4.67051E-1 3.84885E-1 5.32779E-1 5.125E-1 4.35339E-1 5.15359E-1 3.51846E-1 1.91267E-1 2.67547E-1 4.69842E-1 5.87886E-1 4.88147E-1 5.17814E-1 6.0447E-1 5.46073E-1 4.79174E-1 5.47254E-1 4.60521E-1 5.34898E-1 4.92495E-1 5.55496E-1 5.55097E-1 5.75529E-1 4.10716E-1 5.09587E-1 6.44648E-1 6.27459E-1 5.29664E-1 6.03115E-1 5.20629E-1 4.0452E-1 5.61482E-1 5.40526E-1 5.2361E-1 5.00605E-1 4.88373E-1 5.07862E-1 5.03673E-1 4.9999E-1 4.86081E-1 4.67883E-1 4.64431E-1 4.68867E-1 4.77226E-1 4.75488E-1 4.67921E-1 4.66121E-1
4.39429E-1 4.47185E-1 4.37922E-1 4.3818E-1 4.41941E-1 4.41236E-1 4.44511E-1 4.48867E-1 4.52859E-1 4.43751E-1 4.81627E-1 4.91747E-1 5.0444E-1 4.92434E-1 4.74253E-1 5.29719E-1 4.9615E-1 5.15195E-1 5.33132E-1 4.88052E-1 3.60151E-1 2.15819E-1 4.02953E-1 5.99813E-1 5.78281E-1 5.31067E-1 5.97589E-1 5.99812E-1 5.92804E-1 5.59002E-1 5.79211E-1 5.70622E-1 4.50349E-1 5.66347E-1 5.47567E-1 5.0297E-1 6.45018E-1 3.4446E-1 3.85121E-1 5.54842E-1 5.60898E-1 6.17655E-1 5.98673E-1 5.34823E-1 5.08818E-1 5.51815E-1 5.26564E-1 5.14715E-1 4.97145E-1 4.90538E-1 4.89341E-1 4.8818E-1 4.77385E-1 4.73878E-1 4.77009E-1 4.83243E-1 4.7498E-1 4.82776E-1 4.61202E-1 4.67491E-1 4.70873E-1
4.41929E-1 4.37733E-1 4.22504E-1 4.32666E-1 4.44538E-1 4.46805E-1 4.40917E-1 4.32403E-1 4.43518E-1 4.59454E-1 4.92782E-1 5.17452E-1 5.11973E-1 4.65372E-1 3.86708E-1 5.24367E-1 5.2921E-1 5.03451E-1 5.24545E-1 4.91276E-1 3.77836E-1 2.91966E-1 5.61299E-1 5.92052E-1 5.86173E-1 5.75458E-1 5.93268E-1 5.90924E-1 5.95454E-1 6.13823E-1 6.09999E-1 4.68664E-1 4.02493E-1 6.47484E-1 5.41472E-1 5.52454E-1 6.34172E-1 3.59774E-1 4.1697E-1 5.65687E-1 6.21728E-1 5.97209E-1 5.83602E-1 5.68157E-1 5.69167E-1 5.44416E-1 5.01265E-1 4.89262E-1 4.88723E-1 4.82939E-1 4.74967E-1 4.71739E-1 4.77352E-1 4.70399E-1 4.68188E-1 4.63162E-1 4.56505E-1 4.64272E-1 4.6981E-1 4.75638E-1 4.80204E-1
4.40272E-1 4.36412E-1 4.3266E-1 4.35767E-1 4.44349E-1 4.43794E-1 4.383E-1 4.38682E-1 4.46731E-1 4.67015E-1 4.43129E-1 5.03229E-1 5.09283E-1 4.46651E-1 4.85469E-1 4.92856E-1 5.07046E-1 5.2582E-1 5.15381E-1 3.09461E-1 4.98777E-1 4.06527E-1 5.90008E-1 5.84919E-1 5.6386E-1 5.86621E-1 5.93369E-1 5.94375E-1 6.12791E-1 5.9842E-1 5.78871E-1 3.489E-1 4.92077E-1 6.39625E-1 5.36681E-1 5.49757E-1 6.40531E-1 6.15056E-1 5.81486E-1 4.5505E-1 6.29701E-1 5.88227E-1 5.77851E-1 5.88269E-1 5.81912E-1 5.24437E-1 4.94711E-1 4.7995E-1 4.86394E-1 4.79214E-1 4.76735E-1 4.76526E-1 4.76388E-1 4.70546E-1 4.70492E-1 4.68995E-1 4.67458E-1 4.67241E-1 4.63081E-1 4.75464E-1 4.71748E-1
4.39305E-1 4.38446E-1 4.37402E-1 4.39654E-1 4.37206E-1 4.50942E-1 4.49755E-1 4.53119E-1 4.58451E-1 4.72535E-1 4.46749E-1 4.87017E-1 5.09021E-1 4.95534E-1 5.04427E-1 5.16119E-1 5.25131E-1 4.67975E-1 5.35468E-1 5.3269E-1 4.86091E-1 5.0458E-1 5.89725E-1 5.805E-1 5.72371E-1 5.8085E-1 5.87581E-1 5.94978E-1 6.13524E-1 6.02387E-1 5.98314E-1 4.50477E-1 5.76179E-1 6.33645E-1 5.54782E-1 4.37736E-1 5.94064E-1 6.27888E-1 5.32692E-1 5.87961E-1 5.82469E-1 5.78223E-1 5.84741E-1 5.77494E-1 5.35786E-1 4.98881E-1 4.84116E-1 4.78077E-1 4.79349E-1 4.76352E-1 4.77287E-1 4.78197E-1 4.7927E-1 4.78419E-1 4.71915E-1 4.76857E-1 4.7865E-1 4.78614E-1 4.70811E-1 4.67417E-1 4.76351E-1
