Artocarpus heterophyllus SDM files/Last interglacial/results (without bias file)/Arthet_avg.asc
ncols         625
nrows         721
xllcorner     69.99986311115
yllcorner     5.99986151914999
cellsize      0.041666667
NODATA_value  -9999
[rows 135 to 161 of 721, columns 183 to 243 of 625]
1.39819E-1 1.34384E-1 1.20201E-1 1.20967E-1 1.29137E-1 1.46065E-1 1.62195E-1 1.70738E-1 1.67998E-1 1.51605E-1 1.43212E-1 2.02287E-1 1.45663E-1 1.29003E-1 7.52759E-2 4.72198E-2 5.78685E-2 6.00234E-2 1.01671E-1 1.12631E-1 7.8368E-2 1.18112E-1 8.75568E-2 1.26348E-1 7.32085E-2 7.35522E-2 8.0137E-2 5.2216E-2 3.75337E-2 4.91736E-2 6.99038E-2 7.40037E-2 8.90761E-2 8.14943E-2 6.16188E-2 4.24529E-2 3.67523E-2 2.90181E-2 3.47947E-2 2.50298E-2 6.16787E-2 4.38295E-2 3.93978E-2 3.40322E-2 1.08264E-2 1.66413E-2 7.90827E-3 5.14496E-3 4.40656E-3 9.80009E-4 1.53285E-3 5.22547E-4 7.61688E-4 7.99272E-4 9.31657E-4 5.231E-4 3.29777E-4 3.15239E-4 6.65656E-4 1.35505E-3 2.89742E-3
1.48226E-1 1.50529E-1 1.31114E-1 1.24109E-1 1.2195E-1 1.27216E-1 1.37795E-1 1.5556E-1 1.64869E-1 1.66552E-1 1.68126E-1 1.50115E-1 1.75311E-1 9.68089E-2 8.20565E-2 8.49283E-2 6.47341E-2 1.14028E-1 9.95144E-2 9.54475E-2 6.73133E-2 9.71185E-2 9.38236E-2 8.3059E-2 5.89957E-2 6.71949E-2 5.74278E-2 5.332E-2 3.83739E-2 3.31929E-2 6.86061E-2 1.06723E-1 1.259E-1 8.64077E-2 5.72282E-2 3.96686E-2 4.51933E-2 3.89302E-2 5.4494E-2 5.46764E-2 7.00748E-2 3.14848E-2 1.4233E-2 2.07998E-2 2.63194E-2 1.53797E-2 1.62618E-2 8.33163E-3 3.92868E-3 8.92368E-4 3.10716E-4 5.02104E-4 2.77999E-4 6.36682E-4 3.1166E-4 7.81403E-4 1.84633E-4 5.00075E-4 7.95289E-4 1.00349E-3 1.93949E-3
1.4303E-1 1.55026E-1 1.57791E-1 1.44378E-1 1.34478E-1 1.25817E-1 1.24152E-1 1.34038E-1 1.42159E-1 1.55597E-1 1.6392E-1 1.59071E-1 1.28505E-1 1.57438E-1 1.20931E-1 1.01463E-1 1.02261E-1 1.32638E-1 9.06283E-2 9.86624E-2 6.82169E-2 6.7816E-2 9.84984E-2 5.76453E-2 1.03915E-1 5.77555E-2 1.06854E-1 7.59514E-2 6.77526E-2 6.4592E-2 6.80237E-2 8.55027E-2 6.58992E-2 6.57553E-2 6.45504E-2 8.00734E-2 8.46472E-2 5.82916E-2 4.72128E-2 6.5584E-2 8.11928E-2 5.84673E-2 3.62195E-2 1.50597E-2 1.2117E-2 1.36444E-2 7.7572E-3 4.50695E-3 2.74846E-3 2.06012E-3 1.04274E-3 1.5827E-4 2.89642E-4 2.78538E-4 3.75157E-4 3.23394E-4 2.34653E-4 4.43921E-4 7.16161E-4 6.55003E-4 1.58588E-3
1.3624E-1 1.52664E-1 1.69928E-1 1.68984E-1 1.63254E-1 1.47254E-1 1.35953E-1 1.37493E-1 1.32033E-1 1.33226E-1 1.3946E-1 1.51295E-1 1.61952E-1 1.2944E-1 1.03344E-1 1.47907E-1 8.16199E-2 7.95056E-2 1.25011E-1 1.07137E-1 7.26903E-2 6.78624E-2 5.94527E-2 9.26196E-2 6.1074E-2 6.57355E-2 7.90836E-2 6.22272E-2 5.67471E-2 6.15816E-2 6.91227E-2 5.53972E-2 6.0432E-2 6.533E-2 7.26482E-2 7.45373E-2 3.77647E-2 4.03951E-2 4.23758E-2 5.9767E-2 5.0794E-2 3.05513E-2 4.79171E-2 4.20618E-2 3.14814E-2 1.77321E-2 2.21525E-2 1.58875E-2 1.13205E-2 4.37853E-3 1.39355E-3 3.42051E-4 3.25211E-4 2.69627E-4 3.41738E-4 6.0364E-4 8.67746E-4 9.97863E-4 1.60745E-4 7.06292E-4 9.32439E-4
1.26737E-1 1.35411E-1 1.50323E-1 1.6514E-1 1.72776E-1 1.63898E-1 1.56222E-1 1.54938E-1 1.36956E-1 1.31897E-1 1.49329E-1 1.47989E-1 1.57986E-1 1.71072E-1 1.57063E-1 9.90884E-2 7.88147E-2 8.9984E-2 7.48413E-2 8.20537E-2 6.04344E-2 6.37408E-2 7.4035E-2 5.59491E-2 7.03857E-2 8.85257E-2 8.66831E-2 8.93172E-2 8.6987E-2 7.35657E-2 6.16491E-2 5.73987E-2 6.17236E-2 3.47082E-2 2.88897E-2 3.50924E-2 3.41042E-2 4.39177E-2 6.4037E-2 4.0593E-2 3.5859E-2 3.73151E-2 2.17915E-2 3.05622E-2 1.97312E-2 6.90853E-3 6.78824E-3 9.10621E-3 5.23672E-3 2.77429E-3 1.93887E-3 1.77981E-3 4.75354E-4 8.27014E-4 1.56695E-3 1.05855E-3 1.62441E-3 7.56443E-4 6.49075E-4 3.61181E-4 7.73515E-4
1.1847E-1 1.22683E-1 1.33164E-1 1.41903E-1 1.50966E-1 1.55427E-1 1.65322E-1 1.62804E-1 1.62593E-1 1.34868E-1 1.24427E-1 1.42848E-1 1.50581E-1 1.59392E-1 1.73843E-1 1.56123E-1 8.62705E-2 8.79518E-2 9.12509E-2 8.21979E-2 6.54581E-2 8.9048E-2 6.66088E-2 7.39272E-2 7.99707E-2 5.40967E-2 6.18876E-2 6.57636E-2 6.24842E-2 4.5198E-2 5.79692E-2 3.64218E-2 3.70433E-2 4.96528E-2 4.59608E-2 3.20744E-2 4.57853E-2 5.63978E-2 3.34216E-2 3.16252E-2 3.57079E-2 3.31389E-2 3.18779E-2 1.92416E-2 1.83269E-2 8.20583E-3 6.6057E-3 7.94744E-3 8.80133E-3 6.97687E-3 1.04339E-2 3.58328E-3 1.89892E-3 9.44E-4 1.86951E-3 3.80455E-3 2.77271E-3 2.53863E-3 1.3676E-3 2.44378E-3 9.29557E-4
1.1413E-1 1.17502E-1 1.21538E-1 1.28679E-1 1.34768E-1 1.37759E-1 1.46625E-1 1.50562E-1 1.51428E-1 1.41421E-1 1.23999E-1 1.20774E-1 1.41839E-1 1.55388E-1 1.62662E-1 1.69874E-1 1.44605E-1 1.02442E-1 1.01291E-1 9.82879E-2 6.37019E-2 5.30331E-2 5.20283E-2 9.03036E-2 5.76898E-2 4.82012E-2 4.3307E-2 4.00542E-2 4.52061E-2 3.56476E-2 4.18497E-2 4.19235E-2 4.42505E-2 3.43453E-2 3.96653E-2 3.18118E-2 3.66335E-2 3.41399E-2 2.68369E-2 4.26896E-2 3.47034E-2 3.07192E-2 3.29958E-2 2.98941E-2 2.33294E-2 2.50698E-2 1.41605E-2 1.28479E-2 1.4035E-2 1.71214E-2 1.44244E-2 4.47012E-3 1.16881E-2 4.89211E-3 4.94861E-3 9.30914E-3 7.45466E-3 3.06119E-3 3.24392E-3 8.6373E-3 2.29367E-3
1.12132E-1 1.15249E-1 1.18713E-1 1.22005E-1 1.20369E-1 1.25817E-1 1.30709E-1 1.38257E-1 1.50263E-1 1.49969E-1 1.34791E-1 1.1887E-1 1.17906E-1 1.40881E-1 1.16551E-1 1.11252E-1 1.02993E-1 1.18886E-1 9.40693E-2 9.97917E-2 7.89328E-2 7.10605E-2 7.39063E-2 8.5978E-2 6.61801E-2 5.54702E-2 3.96708E-2 3.91219E-2 3.7758E-2 4.53476E-2 5.25179E-2 4.6428E-2 3.10944E-2 3.1877E-2 3.1137E-2 3.50957E-2 1.9244E-2 2.77627E-2 4.45188E-2 4.05467E-2 3.09871E-2 3.21288E-2 2.79739E-2 3.31652E-2 3.8264E-2 3.63189E-2 1.8108E-2 3.46439E-2 3.06316E-2 2.0124E-2 8.8338E-3 1.0139E-2 1.94877E-2 1.96187E-2 1.73508E-2 1.43777E-2 1.45887E-2 7.05555E-3 1.16141E-2 1.08955E-2 3.50544E-3
1.05147E-1 1.12587E-1 1.12712E-1 1.15737E-1 1.12823E-1 1.18478E-1 1.21775E-1 1.28988E-1 1.40237E-1 1.51621E-1 1.51711E-1 1.24262E-1 1.1903E-1 1.17421E-1 9.7181E-2 9.30493E-2 1.08146E-1 1.22818E-1 9.50636E-2 9.19893E-2 9.6555E-2 9.68164E-2 8.54491E-2 9.65852E-2 5.93248E-2 4.36488E-2 3.48126E-2 4.88629E-2 4.83606E-2 5.90059E-2 4.89404E-2 3.27394E-2 2.93942E-2 3.20997E-2 3.66991E-2 3.4457E-2 2.86124E-2 1.63234E-2 3.5301E-2 3.28117E-2 3.22724E-2 2.56547E-2 2.66976E-2 2.04597E-2 2.2587E-2 3.09862E-2 2.60964E-2 2.90883E-2 1.87077E-2 1.09116E-2 1.50816E-2 2.51548E-2 2.32312E-2 1.70551E-2 1.53448E-2 1.38276E-2 2.73087E-2 8.81586E-3 2.11127E-2 1.13407E-2 1.22465E-2
1.06982E-1 1.07905E-1 1.09358E-1 1.10463E-1 1.10771E-1 1.15047E-1 1.18063E-1 1.17445E-1 1.29711E-1 1.39342E-1 1.52218E-1 1.45017E-1 1.27272E-1 1.34353E-1 9.02352E-2 9.01487E-2 1.04535E-1 1.28703E-1 1.02196E-1 8.7202E-2 8.12787E-2 6.35307E-2 5.28399E-2 6.97677E-2 8.26372E-2 5.92064E-2 4.6508E-2 5.37062E-2 6.35742E-2 5.88719E-2 3.48615E-2 2.69569E-2 2.24697E-2 2.89958E-2 3.18389E-2 2.70603E-2 2.89614E-2 2.68178E-2 2.22068E-2 3.24969E-2 3.50077E-2 3.07427E-2 3.09328E-2 2.46712E-2 1.84203E-2 2.12845E-2 2.77188E-2 2.51954E-2 2.81118E-2 2.66847E-2 2.41074E-2 2.36972E-2 1.43229E-2 2.29459E-2 2.80396E-2 3.16405E-2 2.2919E-2 1.73681E-2 2.9568E-2 1.93755E-2 2.80186E-2
1.04742E-1 1.06061E-1 1.06864E-1 1.06919E-1 1.08005E-1 1.09348E-1 1.11989E-1 1.14882E-1 1.19156E-1 1.2693E-1 1.37054E-1 1.53784E-1 1.52994E-1 9.07555E-2 8.89471E-2 9.64474E-2 1.04674E-1 1.21296E-1 9.79159E-2 9.24815E-2 7.12582E-2 7.49153E-2 5.30127E-2 5.32494E-2 7.96211E-2 8.39751E-2 6.67748E-2 7.72488E-2 6.35546E-2 5.16235E-2 3.70592E-2 3.6435E-2 2.56766E-2 3.8979E-2 2.87488E-2 2.36191E-2 3.42578E-2 3.64877E-2 2.80793E-2 3.96597E-2 4.61772E-2 4.61471E-2 3.82833E-2 3.64861E-2 2.75159E-2 2.84456E-2 2.96389E-2 3.58108E-2 3.70761E-2 3.6654E-2 3.03508E-2 3.21044E-2 2.68613E-2 2.60515E-2 3.82461E-2 3.98905E-2 3.49326E-2 2.89232E-2 2.85073E-2 3.45562E-2 4.11636E-2
1.03722E-1 1.0443E-1 1.04733E-1 1.04893E-1 1.04978E-1 1.04177E-1 1.07803E-1 1.10914E-1 1.14315E-1 1.20422E-1 1.25341E-1 1.32582E-1 1.02887E-1 9.35586E-2 9.52676E-2 9.77829E-2 1.49598E-1 1.15848E-1 1.03457E-1 8.27993E-2 8.11325E-2 7.08762E-2 7.13558E-2 5.83335E-2 4.90615E-2 7.61252E-2 9.02863E-2 7.53032E-2 5.18368E-2 5.38677E-2 5.35521E-2 3.65516E-2 2.71754E-2 4.01601E-2 4.1195E-2 3.57892E-2 3.96665E-2 5.1726E-2 5.64891E-2 4.58876E-2 5.49724E-2 5.97348E-2 4.04883E-2 4.17511E-2 3.94726E-2 2.43013E-2 3.47281E-2 4.29019E-2 4.79141E-2 3.79307E-2 4.13799E-2 4.23884E-2 4.09064E-2 4.47206E-2 4.89028E-2 4.21495E-2 3.73595E-2 2.61597E-2 3.88165E-2 4.4449E-2 4.631E-2
1.01323E-1 1.01515E-1 1.02699E-1 1.06331E-1 1.03405E-1 1.02193E-1 1.03138E-1 1.11389E-1 1.12288E-1 1.12495E-1 8.89379E-2 9.12006E-2 9.14614E-2 9.77916E-2 1.04089E-1 1.06973E-1 1.07877E-1 1.58072E-1 1.43337E-1 9.74606E-2 8.63523E-2 7.05884E-2 6.21576E-2 7.44383E-2 6.60345E-2 6.55909E-2 7.89879E-2 7.46547E-2 7.5961E-2 6.47024E-2 5.23451E-2 4.22654E-2 3.4704E-2 4.6523E-2 3.78409E-2 3.74555E-2 4.35459E-2 5.67817E-2 7.07827E-2 4.97356E-2 6.48895E-2 7.17482E-2 5.06241E-2 5.26569E-2 3.55048E-2 2.91676E-2 3.55415E-2 4.29631E-2 4.53613E-2 4.73534E-2 4.6455E-2 4.7432E-2 5.28729E-2 4.83907E-2 4.89517E-2 4.4439E-2 4.23253E-2 3.25629E-2 3.61387E-2 3.77028E-2 5.24992E-2
9.98737E-2 9.98823E-2 1.01637E-1 1.04702E-1 1.01453E-1 1.01632E-1 1.01735E-1 1.04635E-1 1.07494E-1 1.10639E-1 8.53512E-2 8.8005E-2 8.88388E-2 9.28988E-2 1.03012E-1 1.03887E-1 1.06593E-1 1.21971E-1 1.15707E-1 1.12455E-1 1.04613E-1 6.82362E-2 5.98546E-2 8.80374E-2 7.3181E-2 5.5306E-2 6.34981E-2 5.39967E-2 5.14286E-2 6.53591E-2 5.29178E-2 4.13629E-2 5.08374E-2 5.1162E-2 3.7864E-2 3.72981E-2 4.47363E-2 6.77387E-2 6.60263E-2 5.77784E-2 7.70242E-2 6.69358E-2 5.92925E-2 4.28449E-2 3.31644E-2 2.23654E-2 2.49166E-2 3.32995E-2 3.29252E-2 3.50478E-2 5.02856E-2 5.69953E-2 5.66745E-2 4.9454E-2 4.34942E-2 4.3146E-2 3.80467E-2 3.6622E-2 4.31473E-2 5.07205E-2 6.16863E-2
1.01903E-1 1.02082E-1 9.90417E-2 1.02291E-1 9.9555E-2 1.02904E-1 1.04406E-1 1.06507E-1 1.05809E-1 1.0654E-1 1.10978E-1 1.14263E-1 8.7498E-2 9.08049E-2 9.63801E-2 1.01135E-1 1.07277E-1 1.16298E-1 1.35521E-1 1.38342E-1 1.13841E-1 1.0448E-1 8.53287E-2 1.08932E-1 1.0027E-1 1.02037E-1 9.1742E-2 4.44582E-2 4.60083E-2 5.8308E-2 6.19246E-2 5.66681E-2 4.62297E-2 4.16498E-2 4.12578E-2 3.91813E-2 4.2225E-2 6.34165E-2 8.19055E-2 8.00981E-2 6.66324E-2 5.78839E-2 6.08498E-2 4.53428E-2 3.81539E-2 3.28706E-2 3.68362E-2 4.54345E-2 3.48879E-2 3.23523E-2 3.90511E-2 5.39808E-2 5.54711E-2 4.7061E-2 4.97296E-2 4.80346E-2 5.10563E-2 4.6919E-2 4.92018E-2 5.58807E-2 7.07528E-2
1.00532E-1 1.00633E-1 1.01305E-1 1.01257E-1 1.01327E-1 1.03443E-1 1.06073E-1 1.08208E-1 1.04792E-1 8.23265E-2 8.33473E-2 8.38326E-2 8.67564E-2 8.69979E-2 9.01003E-2 9.6762E-2 9.74119E-2 1.03599E-1 1.15091E-1 1.31026E-1 1.40233E-1 1.37783E-1 1.36746E-1 1.23771E-1 1.15162E-1 1.14862E-1 1.24314E-1 9.15374E-2 6.69953E-2 7.27722E-2 5.13614E-2 4.2889E-2 4.07877E-2 3.55915E-2 3.65245E-2 3.67406E-2 4.23681E-2 5.17188E-2 7.7427E-2 7.86987E-2 7.06423E-2 7.47987E-2 6.93306E-2 5.89086E-2 5.74511E-2 5.52264E-2 4.56332E-2 3.66425E-2 3.94549E-2 3.24493E-2 3.78118E-2 4.07582E-2 5.46831E-2 5.70768E-2 5.16643E-2 4.398E-2 5.54295E-2 5.47439E-2 4.72969E-2 5.7594E-2 7.45597E-2
1.00705E-1 9.98818E-2 9.98773E-2 1.00149E-1 1.00898E-1 1.02548E-1 1.07459E-1 1.08808E-1 1.06918E-1 8.15674E-2 8.20634E-2 8.28185E-2 8.40129E-2 8.41494E-2 8.58638E-2 9.12536E-2 9.6211E-2 1.0259E-1 1.1296E-1 1.17929E-1 1.21674E-1 1.13136E-1 1.27419E-1 1.31232E-1 1.22305E-1 1.16922E-1 1.2475E-1 1.27177E-1 1.05551E-1 1.00822E-1 7.72464E-2 5.59774E-2 6.97526E-2 6.0508E-2 6.60115E-2 6.51937E-2 5.46728E-2 5.4729E-2 6.37619E-2 8.27767E-2 7.78181E-2 8.22913E-2 7.33526E-2 7.11303E-2 7.01996E-2 6.59127E-2 4.90121E-2 3.82937E-2 4.07187E-2 5.11508E-2 3.78003E-2 4.11595E-2 4.67736E-2 5.40666E-2 6.17923E-2 6.4702E-2 5.90401E-2 3.82483E-2 4.98026E-2 6.28868E-2 7.64854E-2
9.91528E-2 9.98192E-2 1.00107E-1 1.02175E-1 9.98302E-2 1.02196E-1 1.05293E-1 1.05217E-1 8.02265E-2 8.06396E-2 7.91945E-2 8.01847E-2 8.13884E-2 8.23512E-2 8.84036E-2 9.58242E-2 9.61665E-2 1.00652E-1 1.09534E-1 1.14088E-1 1.16259E-1 1.02499E-1 1.02016E-1 1.10375E-1 1.28622E-1 1.31583E-1 1.3432E-1 1.25378E-1 1.08473E-1 1.15693E-1 1.00723E-1 6.75892E-2 8.33102E-2 6.08363E-2 7.41275E-2 9.16743E-2 6.91489E-2 7.76566E-2 7.48055E-2 8.44072E-2 7.58215E-2 7.46989E-2 7.1456E-2 6.55768E-2 5.80995E-2 4.97105E-2 5.64907E-2 5.76032E-2 4.84346E-2 4.71943E-2 4.7607E-2 3.25538E-2 4.30015E-2 4.97435E-2 5.26039E-2 6.64197E-2 6.1841E-2 5.12271E-2 4.21964E-2 5.29112E-2 7.63077E-2
1.01108E-1 1.0153E-1 1.01474E-1 1.01548E-1 9.95365E-2 1.03551E-1 8.20854E-2 1.06639E-1 8.16067E-2 8.23082E-2 8.09097E-2 8.05096E-2 8.1991E-2 8.63811E-2 9.10132E-2 9.40322E-2 9.70486E-2 1.01386E-1 1.06183E-1 1.10106E-1 1.12074E-1 1.07431E-1 1.20204E-1 1.11947E-1 1.08556E-1 1.22863E-1 1.17193E-1 1.32392E-1 1.39674E-1 1.53392E-1 1.32903E-1 1.13266E-1 1.05028E-1 9.45137E-2 8.68344E-2 9.97465E-2 8.3231E-2 9.07551E-2 8.83411E-2 7.41826E-2 5.60577E-2 5.34797E-2 5.81789E-2 4.62143E-2 4.35816E-2 4.63192E-2 5.07014E-2 6.05153E-2 4.92694E-2 3.98938E-2 4.42815E-2 4.31056E-2 4.45466E-2 2.97042E-2 3.25328E-2 5.01464E-2 7.93066E-2 5.46384E-2 4.7512E-2 6.66971E-2 7.34465E-2
1.01826E-1 1.00868E-1 9.98515E-2 1.00552E-1 1.01911E-1 7.94468E-2 1.07415E-1 8.03436E-2 8.11419E-2 8.17324E-2 8.03964E-2 8.25088E-2 8.65967E-2 9.10463E-2 8.93146E-2 9.54165E-2 9.43954E-2 1.01171E-1 1.07276E-1 1.07091E-1 1.05126E-1 1.05497E-1 1.16044E-1 1.3706E-1 1.29502E-1 1.07158E-1 1.23668E-1 1.18372E-1 1.13412E-1 1.06918E-1 1.30234E-1 1.23412E-1 1.15336E-1 1.20659E-1 1.16656E-1 1.14691E-1 1.03541E-1 8.77746E-2 7.17659E-2 5.62026E-2 5.51693E-2 4.9046E-2 4.85969E-2 5.547E-2 4.39825E-2 5.10625E-2 5.02816E-2 6.29731E-2 6.24502E-2 5.82036E-2 4.47314E-2 4.40695E-2 4.18211E-2 3.39129E-2 3.45929E-2 4.62113E-2 6.79896E-2 6.94073E-2 4.73501E-2 7.88274E-2 6.03884E-2
1.00905E-1 1.01476E-1 7.52256E-2 7.64291E-2 1.0126E-1 1.01306E-1 7.94701E-2 7.84729E-2 8.03626E-2 8.14088E-2 8.21262E-2 8.38141E-2 8.73118E-2 8.94975E-2 9.13276E-2 9.74739E-2 9.84036E-2 1.02789E-1 1.05001E-1 1.06007E-1 1.04115E-1 1.05085E-1 1.11141E-1 1.1975E-1 1.30957E-1 1.21296E-1 1.09294E-1 1.02814E-1 1.06772E-1 1.09782E-1 1.05109E-1 1.14279E-1 1.24395E-1 1.22507E-1 1.16786E-1 1.28716E-1 1.08027E-1 9.02674E-2 7.63849E-2 9.1972E-2 8.24263E-2 8.58697E-2 7.00599E-2 5.57991E-2 6.86103E-2 6.98531E-2 5.66072E-2 6.56812E-2 6.43608E-2 4.83657E-2 4.38694E-2 4.78669E-2 4.94415E-2 3.81379E-2 4.61947E-2 5.1108E-2 7.02545E-2 7.91012E-2 7.49242E-2 8.43678E-2 5.45576E-2
1.07426E-1 1.05405E-1 1.0137E-1 7.67528E-2 7.75721E-2 7.80621E-2 7.85545E-2 8.11044E-2 8.04176E-2 8.25476E-2 8.19519E-2 8.53348E-2 8.87426E-2 8.85396E-2 9.32114E-2 9.61887E-2 9.72246E-2 1.00773E-1 1.03951E-1 1.01835E-1 1.03031E-1 1.05181E-1 1.06479E-1 1.17986E-1 1.23174E-1 1.2665E-1 1.29024E-1 1.13106E-1 1.05995E-1 1.06753E-1 1.22173E-1 1.25024E-1 1.2146E-1 1.17219E-1 1.21542E-1 1.18461E-1 1.28933E-1 1.19928E-1 1.01953E-1 5.88293E-2 3.45888E-2 4.40437E-2 5.50735E-2 7.63624E-2 7.30646E-2 6.6089E-2 6.11033E-2 5.47943E-2 5.04545E-2 5.82771E-2 4.66887E-2 4.71459E-2 5.03732E-2 5.42394E-2 6.01514E-2 6.55837E-2 7.4071E-2 7.27846E-2 8.12995E-2 8.50643E-2 7.29117E-2
1.06732E-1 7.8987E-2 8.01479E-2 7.84184E-2 1.04105E-1 7.96636E-2 8.20977E-2 8.26406E-2 8.69586E-2 8.59589E-2 8.55859E-2 8.84948E-2 8.93605E-2 9.12348E-2 9.44721E-2 9.49166E-2 9.87038E-2 9.93686E-2 1.00069E-1 1.03433E-1 1.015E-1 1.01901E-1 1.06616E-1 1.15604E-1 1.08672E-1 1.04856E-1 1.0699E-1 1.1432E-1 1.22289E-1 1.20058E-1 1.20461E-1 1.25199E-1 1.24768E-1 1.41002E-1 1.46365E-1 1.38513E-1 1.23053E-1 1.29651E-1 1.19332E-1 6.86281E-2 3.84366E-2 3.30839E-2 3.0964E-2 5.09199E-2 6.36855E-2 4.95373E-2 3.7291E-2 4.29734E-2 3.36082E-2 4.04581E-2 3.49692E-2 4.21976E-2 4.98255E-2 5.00478E-2 6.27377E-2 7.14769E-2 7.62382E-2 7.41069E-2 6.10796E-2 6.34741E-2 8.4191E-2
1.06482E-1 8.05941E-2 7.93362E-2 8.02645E-2 8.05346E-2 8.06047E-2 8.30877E-2 8.67212E-2 9.05943E-2 8.7679E-2 8.6466E-2 8.78799E-2 8.93767E-2 9.05661E-2 9.58465E-2 9.67603E-2 9.95806E-2 1.00819E-1 1.01323E-1 1.02421E-1 1.00089E-1 1.02673E-1 1.12235E-1 1.09655E-1 1.02451E-1 9.97203E-2 9.98385E-2 1.02011E-1 1.03755E-1 1.12823E-1 1.25092E-1 1.3181E-1 1.31873E-1 1.34526E-1 1.34788E-1 1.27675E-1 1.17517E-1 1.3339E-1 1.3627E-1 1.29249E-1 9.27045E-2 6.02876E-2 4.13562E-2 3.29616E-2 5.51459E-2 4.18555E-2 3.95547E-2 3.04358E-2 3.30254E-2 3.50242E-2 3.55054E-2 3.38196E-2 4.17296E-2 4.57574E-2 4.58437E-2 5.21678E-2 6.2529E-2 6.23284E-2 4.5969E-2 3.92815E-2 4.5958E-2
8.17105E-2 8.02016E-2 7.90442E-2 1.05013E-1 8.20892E-2 8.24907E-2 8.27933E-2 8.58099E-2 8.99104E-2 8.88856E-2 8.8225E-2 8.70353E-2 9.06975E-2 9.18397E-2 9.71366E-2 9.814E-2 9.85797E-2 9.92953E-2 1.00031E-1 1.01377E-1 1.01789E-1 1.05347E-1 1.0725E-1 1.05643E-1 9.90552E-2 9.69266E-2 9.66922E-2 9.86406E-2 1.0091E-1 1.06221E-1 1.09025E-1 1.17921E-1 1.18563E-1 1.18797E-1 1.23649E-1 1.29213E-1 1.20519E-1 1.33143E-1 1.33818E-1 1.39325E-1 1.36438E-1 9.70966E-2 6.04349E-2 2.94383E-2 3.51862E-2 4.24492E-2 4.17414E-2 4.17032E-2 3.97821E-2 3.04653E-2 4.35154E-2 4.66487E-2 5.91196E-2 4.8708E-2 5.32692E-2 5.55582E-2 4.256E-2 3.88732E-2 3.49874E-2 3.94274E-2 4.06829E-2
8.36011E-2 8.14324E-2 8.08452E-2 8.10901E-2 8.13038E-2 8.15604E-2 8.43285E-2 8.53361E-2 9.02568E-2 8.86938E-2 8.70996E-2 8.64156E-2 9.02399E-2 9.27488E-2 9.65513E-2 9.67658E-2 9.95713E-2 1.00304E-1 1.01942E-1 1.0241E-1 1.00554E-1 1.012E-1 1.05318E-1 1.04455E-1 9.83071E-2 9.82829E-2 9.79495E-2 9.90502E-2 1.02016E-1 1.0286E-1 1.05428E-1 1.09202E-1 1.09266E-1 1.05854E-1 1.09369E-1 1.15334E-1 1.16356E-1 1.21635E-1 1.28725E-1 1.41005E-1 1.43521E-1 1.20398E-1 7.61926E-2 6.80944E-2 6.83117E-2 7.88835E-2 6.446E-2 5.70538E-2 4.37957E-2 3.93306E-2 4.83873E-2 4.71949E-2 5.05002E-2 6.93319E-2 6.76728E-2 5.81253E-2 4.63149E-2 4.64844E-2 4.60373E-2 3.92894E-2 4.52051E-2
8.25192E-2 8.14417E-2 8.24523E-2 8.2381E-2 8.31562E-2 8.55635E-2 8.61487E-2 8.74223E-2 9.42626E-2 9.02979E-2 8.88463E-2 9.02835E-2 9.12115E-2 9.43709E-2 9.27777E-2 9.84486E-2 9.86812E-2 9.9776E-2 1.00793E-1 1.01206E-1 9.96533E-2 1.02663E-1 1.03184E-1 1.00829E-1 9.74206E-2 9.67114E-2 9.57402E-2 9.78106E-2 9.92119E-2 1.01091E-1 1.06354E-1 1.0874E-1 1.01971E-1 1.05321E-1 1.07697E-1 1.1078E-1 1.12729E-1 1.20954E-1 1.3175E-1 1.41387E-1 1.43439E-1 1.4792E-1 1.41747E-1 1.25551E-1 8.46262E-2 1.00974E-1 1.08864E-1 8.21629E-2 7.07491E-2 5.69163E-2 6.88985E-2 6.89305E-2 4.87697E-2 7.27834E-2 7.54282E-2 5.86397E-2 5.49727E-2 5.17502E-2 6.21282E-2 4.07762E-2 4.65872E-2
