Artocarpus heterophyllus SDM files/Last interglacial/results (without bias file)/Arthet_9.asc
ncols         625
nrows         721
xllcorner     69.99986311115
yllcorner     5.99986151914999
cellsize      0.041666667
NODATA_value  -9999
[rows 513 to 539 of 721, columns 183 to 243 of 625]
1.1114E-1 1.01308E-1 9.30244E-2 7.03008E-2 6.66891E-2 6.40095E-2 7.43113E-2 5.10899E-2 2.85026E-2 3.96438E-2 5.29992E-2 5.60398E-2 7.9586E-2 1.20861E-1 1.1484E-1 2.47063E-1 2.06123E-1 5.77376E-2 6.85215E-2 6.31376E-2 9.43018E-2 1.51621E-1 1.99086E-1 2.23706E-1 2.6593E-1 3.07398E-1 2.69476E-1 2.58624E-1 1.93576E-1 1.61315E-1 1.44611E-1 1.54883E-1 2.3178E-1 2.48303E-1 2.58138E-1 2.04479E-1 1.9426E-1 1.70545E-1 2.09364E-1 2.21394E-1 2.29471E-1 2.43175E-1 2.43876E-1 2.50067E-1 2.55363E-1 2.69604E-1 2.80213E-1 2.78772E-1 2.85119E-1 2.89399E-1 2.92368E-1 2.99435E-1 3.09804E-1 3.08205E-1 2.82063E-1 2.95002E-1 2.53146E-1 2.61295E-1 2.22278E-1 1.83826E-1 1.92494E-1
9.29301E-2 1.07246E-1 1.33202E-1 5.05917E-2 6.07558E-2 5.11761E-2 6.13534E-2 4.55722E-2 3.84858E-2 3.75668E-2 4.61115E-2 3.9406E-2 5.17507E-2 8.5583E-2 1.14732E-1 9.17398E-2 1.04426E-1 1.07549E-1 5.80205E-2 5.54272E-2 6.10341E-2 6.87316E-2 1.48303E-1 1.78083E-1 2.44009E-1 3.0695E-1 3.09053E-1 2.62742E-1 1.99284E-1 1.61857E-1 1.41935E-1 1.53243E-1 1.84742E-1 2.48501E-1 2.64713E-1 2.27745E-1 1.91848E-1 1.68885E-1 1.59102E-1 1.81161E-1 2.38949E-1 2.29543E-1 2.43503E-1 2.51526E-1 2.549E-1 2.71388E-1 2.82218E-1 2.79189E-1 2.77957E-1 2.7845E-1 2.83558E-1 2.96248E-1 3.10013E-1 3.13827E-1 3.29364E-1 3.03983E-1 2.47825E-1 2.60611E-1 2.21499E-1 1.83418E-1 1.90338E-1
7.45194E-2 7.11044E-2 8.74577E-2 3.65621E-2 3.69808E-2 3.46772E-2 4.8948E-2 5.1244E-2 4.86666E-2 3.75309E-2 3.72332E-2 3.13989E-2 3.32573E-2 4.53784E-2 6.75317E-2 9.19625E-2 8.70685E-2 1.30584E-1 5.44043E-2 5.58743E-2 4.81957E-2 6.05208E-2 1.90236E-1 1.2211E-1 1.9525E-1 2.23366E-1 2.57342E-1 2.816E-1 2.72112E-1 2.1212E-1 1.42564E-1 1.54322E-1 1.54805E-1 2.20382E-1 2.48819E-1 1.90348E-1 1.76233E-1 2.33273E-1 1.64929E-1 1.59154E-1 2.34752E-1 2.40474E-1 2.43529E-1 2.62378E-1 2.60665E-1 2.7027E-1 2.88343E-1 2.62455E-1 2.78785E-1 2.77193E-1 3.04704E-1 3.02091E-1 3.198E-1 3.09356E-1 3.27706E-1 3.0337E-1 2.57999E-1 2.68295E-1 2.17129E-1 2.29833E-1 1.90192E-1
6.32174E-2 5.5198E-2 5.46935E-2 4.64875E-2 3.84332E-2 3.72736E-2 4.03942E-2 5.62046E-2 9.27957E-2 6.47983E-2 3.79258E-2 1.8242E-2 2.01407E-2 2.22484E-2 4.33859E-2 5.44976E-2 6.51281E-2 6.92603E-2 7.44679E-2 4.64759E-2 4.30588E-2 8.09233E-2 1.40487E-1 6.97037E-2 1.2191E-1 1.80924E-1 1.97717E-1 1.81724E-1 2.14807E-1 2.76157E-1 2.42903E-1 1.94882E-1 1.4199E-1 1.85617E-1 2.62229E-1 1.58667E-1 1.53755E-1 2.64784E-1 2.06746E-1 1.51062E-1 2.34542E-1 2.47187E-1 2.47168E-1 2.53947E-1 2.68941E-1 2.62415E-1 2.78795E-1 2.65812E-1 2.81725E-1 2.80765E-1 3.04056E-1 3.05801E-1 3.17098E-1 3.13916E-1 3.3069E-1 3.01827E-1 3.1907E-1 2.66988E-1 2.18488E-1 2.25377E-1 1.9114E-1
4.25279E-2 4.26979E-2 4.74312E-2 4.40762E-2 3.82676E-2 3.98191E-2 3.8413E-2 4.39179E-2 5.61881E-2 8.93381E-2 3.59187E-2 2.00252E-2 1.4264E-2 1.848E-2 2.86874E-2 3.722E-2 4.14608E-2 4.42074E-2 5.1332E-2 4.83933E-2 4.43344E-2 2.86043E-1 3.79298E-2 1.01152E-1 8.55633E-2 1.4446E-1 1.97269E-1 1.82914E-1 1.90923E-1 2.623E-1 2.63149E-1 2.77921E-1 2.22252E-1 2.05085E-1 2.51023E-1 2.1573E-1 1.59511E-1 2.02061E-1 2.45858E-1 2.21446E-1 1.97137E-1 2.44454E-1 2.38499E-1 2.41283E-1 2.65979E-1 2.65662E-1 2.70685E-1 2.75011E-1 2.73755E-1 2.90101E-1 3.01768E-1 3.24512E-1 3.31078E-1 3.08842E-1 3.31314E-1 3.03338E-1 3.14877E-1 2.63483E-1 2.69526E-1 2.23405E-1 1.90325E-1
3.33284E-2 3.98779E-2 3.64198E-2 3.73738E-2 3.37617E-2 3.72143E-2 2.93452E-2 2.92309E-2 3.43615E-2 4.0705E-2 7.45034E-2 2.97318E-2 1.6624E-2 1.45149E-2 2.13809E-2 2.70997E-2 2.83776E-2 3.08269E-2 3.86037E-2 4.55683E-2 1.06571E-1 4.01427E-2 1.16377E-1 1.26564E-1 8.92927E-2 1.43196E-1 2.7737E-1 2.82329E-1 2.92027E-1 2.40469E-1 1.92128E-1 2.08317E-1 2.57829E-1 2.77059E-1 1.92556E-1 2.12129E-1 2.20964E-1 1.86075E-1 1.8635E-1 1.95369E-1 1.98852E-1 2.29178E-1 2.24076E-1 2.26758E-1 2.5874E-1 2.58018E-1 2.63752E-1 2.77251E-1 2.8718E-1 2.96508E-1 2.98556E-1 3.36333E-1 3.29412E-1 3.09893E-1 3.25025E-1 3.63815E-1 3.27553E-1 2.67009E-1 2.76457E-1 2.30562E-1 1.87654E-1
3.1835E-2 3.67539E-2 3.18894E-2 3.3912E-2 5.16505E-2 7.81035E-2 3.44017E-2 2.56658E-2 2.60095E-2 2.89975E-2 7.83286E-2 6.07731E-2 2.83583E-2 1.79572E-2 1.57012E-2 1.84729E-2 2.63627E-2 2.60523E-2 3.10616E-2 4.03429E-2 3.13622E-2 4.75736E-2 2.14809E-1 1.93533E-1 2.18226E-1 2.08496E-1 2.25458E-1 2.792E-1 1.14992E-1 2.15164E-1 1.57087E-1 2.17655E-1 1.9576E-1 2.39888E-1 2.09627E-1 1.641E-1 2.21341E-1 2.15281E-1 1.76974E-1 1.61645E-1 1.92545E-1 1.67789E-1 2.36324E-1 2.30183E-1 2.46423E-1 2.6742E-1 2.71278E-1 2.83052E-1 2.78556E-1 2.93439E-1 2.96073E-1 3.14009E-1 3.11971E-1 3.24297E-1 3.30121E-1 3.44795E-1 3.23541E-1 2.59995E-1 2.73101E-1 2.27135E-1 2.40041E-1
4.10644E-2 3.3684E-2 3.82862E-2 7.40329E-2 1.85461E-1 1.12483E-1 3.78805E-2 1.49559E-2 2.08503E-2 2.31636E-2 2.80313E-2 4.86211E-2 1.32513E-1 4.71623E-2 3.00821E-2 3.22842E-2 2.93964E-2 4.67661E-2 2.16925E-2 2.29193E-2 3.54464E-2 2.33273E-1 1.83629E-1 1.96871E-1 1.99938E-1 1.98155E-1 2.24032E-1 2.78723E-1 2.30996E-1 1.57767E-1 1.4187E-1 1.46112E-1 1.88787E-1 2.24106E-1 2.04773E-1 1.79025E-1 1.71036E-1 2.2564E-1 2.67478E-1 1.96806E-1 1.63732E-1 1.63715E-1 1.97335E-1 2.43642E-1 2.60097E-1 2.65724E-1 2.79908E-1 2.84677E-1 2.90039E-1 2.94457E-1 3.09915E-1 3.09391E-1 3.13525E-1 3.2907E-1 3.32149E-1 3.48007E-1 3.21353E-1 3.25539E-1 2.69575E-1 2.25081E-1 2.34445E-1
3.59512E-2 2.99815E-2 3.2169E-2 4.39181E-2 2.62867E-1 5.75286E-2 2.35141E-2 1.63166E-2 2.07945E-2 3.04999E-2 1.88266E-2 3.21603E-2 8.1888E-2 1.9315E-2 9.57422E-2 6.00655E-2 4.64041E-2 5.58436E-2 2.87727E-2 1.48782E-1 2.28273E-2 2.04037E-1 2.0109E-1 1.94073E-1 1.94722E-1 2.18231E-1 1.87935E-1 1.9485E-1 1.59271E-1 1.45939E-1 1.58937E-1 1.53671E-1 1.45326E-1 2.28004E-1 2.39567E-1 2.0414E-1 1.73617E-1 2.23675E-1 2.54157E-1 2.33004E-1 1.93198E-1 1.63694E-1 1.8708E-1 2.15945E-1 2.68595E-1 2.81173E-1 2.70718E-1 2.88139E-1 3.13614E-1 3.24312E-1 3.19392E-1 3.14967E-1 3.34216E-1 3.29646E-1 3.3671E-1 3.44134E-1 3.6817E-1 3.20249E-1 2.73084E-1 2.81187E-1 2.31349E-1
4.24302E-2 3.11795E-2 3.02019E-2 2.41763E-2 8.58683E-2 5.93166E-2 2.63171E-2 3.24935E-2 1.54398E-2 7.27951E-2 1.2957E-2 1.86251E-2 7.72496E-2 2.97128E-2 1.70382E-2 2.11276E-2 1.01154E-2 2.67673E-2 3.93169E-2 1.67269E-2 1.7894E-2 3.86358E-2 9.03078E-2 2.15364E-1 1.0678E-1 6.79438E-2 2.04139E-2 1.83817E-1 1.75591E-1 1.52861E-1 1.64885E-1 1.73285E-1 1.62059E-1 2.24474E-1 2.02257E-1 2.5219E-1 2.08648E-1 2.11115E-1 2.31265E-1 2.2625E-1 2.01614E-1 1.82418E-1 1.62799E-1 1.94787E-1 2.70531E-1 2.88331E-1 2.85471E-1 2.88904E-1 2.9921E-1 3.18828E-1 3.5179E-1 3.28294E-1 3.34056E-1 3.38531E-1 3.43083E-1 3.33892E-1 3.52672E-1 3.24006E-1 3.34388E-1 2.79626E-1 2.88777E-1
4.88542E-2 4.23478E-2 2.18234E-2 2.38116E-2 4.55821E-2 2.78427E-1 1.12739E-1 3.13015E-2 3.67327E-2 1.16532E-2 1.29863E-2 1.48552E-2 2.06521E-1 1.70333E-1 3.12153E-2 1.44431E-2 1.29109E-2 9.53054E-3 1.5696E-2 1.77293E-2 1.72851E-2 2.66136E-2 7.85892E-2 1.41779E-1 8.25845E-2 5.10869E-2 2.27125E-2 3.43063E-2 1.9526E-1 1.65419E-1 1.57392E-1 1.79791E-1 1.76918E-1 2.07211E-1 2.32742E-1 2.43623E-1 2.18248E-1 1.85756E-1 2.01216E-1 2.17015E-1 2.25149E-1 1.92015E-1 1.67749E-1 1.9594E-1 2.55015E-1 2.61476E-1 2.79853E-1 2.9389E-1 3.04293E-1 3.07117E-1 3.5802E-1 3.39203E-1 3.44673E-1 3.49985E-1 3.48682E-1 3.44784E-1 3.54646E-1 3.25019E-1 3.30583E-1 2.76797E-1 2.89113E-1
2.47802E-2 2.59304E-2 2.28045E-2 2.14466E-2 3.24352E-2 2.37832E-1 2.76915E-2 2.49393E-1 6.03947E-2 1.35306E-2 1.8532E-2 1.36232E-2 4.14903E-2 5.41001E-2 8.22322E-2 3.13972E-2 2.02427E-2 1.89679E-2 2.43987E-2 3.903E-2 1.41214E-2 1.95256E-2 1.36029E-1 1.92424E-1 2.156E-1 1.18318E-1 6.25368E-2 4.13971E-2 2.76013E-2 8.42572E-2 1.99109E-1 1.75855E-1 1.59697E-1 1.84527E-1 2.0839E-1 2.24884E-1 2.51106E-1 2.15916E-1 1.90195E-1 1.89899E-1 2.27196E-1 2.06165E-1 1.88268E-1 1.77921E-1 2.34007E-1 2.58877E-1 2.88778E-1 3.02374E-1 2.95455E-1 3.24328E-1 3.41441E-1 3.57569E-1 3.47619E-1 3.55393E-1 3.53563E-1 3.64429E-1 3.51989E-1 3.62012E-1 3.23082E-1 3.39226E-1 -9999
3.74377E-2 3.15871E-2 3.3416E-2 2.42539E-2 2.09592E-2 4.68937E-2 1.0724E-1 8.48289E-2 1.4803E-2 2.29067E-2 4.83447E-2 1.2732E-2 1.2971E-2 5.35246E-2 1.72546E-1 7.37676E-2 3.8754E-2 4.03819E-2 3.7121E-2 6.28897E-2 1.47247E-2 1.68136E-2 9.53132E-2 1.54824E-1 1.53322E-1 1.74845E-1 1.75473E-1 1.33607E-1 8.34331E-2 9.40604E-2 1.69252E-1 1.51955E-1 1.42704E-1 1.82944E-1 1.7272E-1 2.06632E-1 2.34539E-1 2.27338E-1 2.08818E-1 1.82537E-1 1.91631E-1 2.11752E-1 2.01961E-1 1.81499E-1 2.60732E-1 2.59535E-1 2.95935E-1 3.0721E-1 3.01785E-1 3.23194E-1 3.47046E-1 3.43928E-1 3.57697E-1 3.62477E-1 3.68913E-1 3.61731E-1 3.59205E-1 3.54622E-1 3.71203E-1 3.32589E-1 3.64256E-1
8.38536E-2 3.2265E-2 4.18686E-2 1.04024E-1 4.29922E-2 2.04666E-1 3.07611E-1 5.61153E-2 3.73138E-2 3.41785E-2 1.64905E-2 1.36225E-2 1.28916E-2 3.33273E-2 3.94116E-2 1.45116E-2 2.2483E-2 3.99989E-2 4.37966E-2 3.51052E-2 1.71628E-2 2.71205E-2 1.88582E-1 2.17543E-1 2.2651E-1 2.3876E-1 2.50322E-1 2.41032E-1 1.05003E-1 2.20131E-1 2.04221E-1 1.60517E-1 1.42123E-1 1.69265E-1 1.58975E-1 2.01728E-1 2.16293E-1 1.9282E-1 2.08449E-1 1.95266E-1 2.03087E-1 2.21019E-1 1.89616E-1 1.96138E-1 2.75427E-1 2.89598E-1 2.91718E-1 3.17272E-1 3.10855E-1 3.25756E-1 3.28085E-1 3.33976E-1 3.59988E-1 3.82976E-1 3.94912E-1 3.46507E-1 3.65543E-1 3.66527E-1 3.71616E-1 3.38772E-1 3.43821E-1
6.36917E-2 1.2873E-1 3.90399E-2 1.09376E-1 4.98385E-2 1.4735E-1 2.32281E-1 3.7601E-2 2.0098E-2 1.56312E-2 3.61911E-2 3.8333E-2 1.37702E-2 9.84437E-2 1.37558E-1 6.13867E-2 6.58723E-2 9.30468E-2 3.37222E-2 2.04025E-2 2.50242E-2 1.82137E-2 2.14058E-1 1.96069E-1 2.18267E-1 2.25181E-1 2.24806E-1 2.34196E-1 1.14079E-1 2.0539E-1 1.87811E-1 1.83649E-1 1.48664E-1 1.49386E-1 1.45021E-1 1.72713E-1 2.01244E-1 2.00891E-1 2.12585E-1 1.99077E-1 2.03679E-1 2.07871E-1 1.70209E-1 2.06016E-1 2.54525E-1 2.86999E-1 3.18155E-1 3.14437E-1 3.09549E-1 3.17465E-1 3.14768E-1 3.20372E-1 3.42267E-1 4.10076E-1 3.57626E-1 3.62376E-1 3.81271E-1 3.883E-1 3.64817E-1 3.74271E-1 3.5064E-1
2.33045E-1 1.89758E-1 1.27568E-1 8.80088E-2 6.21124E-2 1.23136E-1 3.36101E-1 6.25133E-2 2.77354E-2 2.14233E-2 8.91823E-2 4.15271E-2 1.20932E-2 1.41791E-2 1.79203E-1 1.31238E-1 7.18205E-2 1.06204E-1 3.41809E-2 1.60442E-2 1.9553E-2 1.59082E-2 1.0813E-1 2.07736E-1 1.71268E-1 2.13176E-1 2.46128E-1 2.13115E-1 1.61003E-1 2.09821E-1 1.92016E-1 1.05863E-1 1.76563E-1 1.51773E-1 1.51331E-1 1.37734E-1 1.79175E-1 1.93614E-1 1.92601E-1 1.99496E-1 2.0345E-1 2.11438E-1 1.6807E-1 2.14212E-1 2.3535E-1 2.76492E-1 2.94064E-1 3.11522E-1 3.13666E-1 3.29266E-1 3.12375E-1 3.21542E-1 3.2922E-1 3.43506E-1 3.72446E-1 3.55108E-1 3.61473E-1 3.63462E-1 3.78582E-1 3.72175E-1 3.90169E-1
2.83051E-1 1.37077E-1 8.77476E-2 8.46744E-2 9.45667E-2 1.12948E-1 1.93894E-1 3.16912E-2 3.50303E-2 4.4745E-2 2.56097E-1 1.35877E-1 2.06091E-2 1.35803E-2 1.3328E-2 1.22108E-1 1.81285E-2 4.20232E-2 1.80489E-2 1.23685E-2 4.21889E-2 1.48514E-2 2.40483E-1 2.10443E-1 2.0949E-1 2.204E-1 2.31701E-1 2.1075E-1 2.00544E-1 2.00388E-1 1.46945E-1 1.67158E-1 1.37122E-1 1.56931E-1 1.6394E-1 1.57252E-1 1.56455E-1 1.70797E-1 1.79956E-1 1.97987E-1 1.98415E-1 2.00806E-1 1.8295E-1 1.73548E-1 2.09189E-1 2.70193E-1 3.12147E-1 2.99558E-1 2.95469E-1 3.13973E-1 3.13854E-1 3.21729E-1 3.25675E-1 3.38605E-1 3.5162E-1 3.47079E-1 3.56482E-1 3.51847E-1 3.63179E-1 3.7499E-1 3.78572E-1
1.95502E-1 1.44405E-1 6.45176E-2 1.16059E-1 1.42916E-1 2.50416E-1 3.51933E-1 8.29408E-2 1.23355E-1 9.30263E-2 1.17424E-1 2.9445E-1 2.86752E-2 1.95394E-2 2.15593E-2 2.33967E-2 8.13646E-3 3.29816E-2 1.77369E-2 1.23566E-2 6.24522E-2 1.27644E-2 7.04771E-2 2.50183E-1 1.44302E-1 1.43514E-1 2.01804E-1 1.99321E-1 1.92238E-1 1.98587E-1 2.08055E-1 2.07239E-1 2.24135E-1 2.05429E-1 1.50835E-1 1.71273E-1 1.71607E-1 1.8883E-1 1.56298E-1 1.65163E-1 1.92531E-1 1.86025E-1 1.89601E-1 1.76542E-1 2.09044E-1 2.46521E-1 2.91297E-1 3.04976E-1 2.87227E-1 2.98525E-1 3.23466E-1 3.20902E-1 3.33609E-1 3.36499E-1 3.54706E-1 3.65455E-1 3.53047E-1 3.72016E-1 3.71975E-1 3.68622E-1 3.62301E-1
2.61007E-1 2.26137E-1 6.78794E-2 9.24613E-2 1.68074E-1 2.83015E-1 3.48633E-1 2.76826E-1 1.43974E-1 5.03851E-2 2.24951E-2 4.81776E-2 3.70676E-2 3.18954E-2 3.90441E-2 2.36174E-2 2.94403E-2 4.07225E-2 1.32029E-2 1.28477E-1 1.06618E-1 2.41793E-2 9.15532E-2 2.4887E-1 2.15793E-1 2.07843E-1 2.074E-1 2.04225E-1 2.04355E-1 1.9983E-1 1.86626E-1 1.71911E-1 1.92293E-1 2.17182E-1 1.70048E-1 1.59071E-1 1.75791E-1 1.83033E-1 1.72879E-1 1.58388E-1 1.6005E-1 1.59729E-1 1.77235E-1 1.80559E-1 2.1397E-1 2.37507E-1 2.85406E-1 2.90477E-1 2.99035E-1 2.96603E-1 3.15905E-1 3.15295E-1 3.22554E-1 3.44601E-1 3.31248E-1 3.40291E-1 3.60247E-1 3.63974E-1 3.78697E-1 3.73697E-1 3.83535E-1
1.56015E-1 1.83349E-1 1.52709E-1 1.03224E-1 1.36991E-1 2.35624E-1 3.57908E-1 1.28586E-1 8.53285E-2 6.59371E-2 3.6372E-2 4.39689E-2 3.43649E-2 3.79294E-2 3.38706E-2 4.20581E-2 7.63932E-2 1.1012E-2 1.96803E-2 1.13066E-1 2.38976E-1 3.43435E-2 5.62198E-2 2.3768E-1 2.35405E-1 2.24774E-1 2.0658E-1 2.04722E-1 2.01098E-1 1.91955E-1 1.75116E-1 1.59815E-1 1.78759E-1 1.70943E-1 1.61483E-1 1.6764E-1 1.57295E-1 1.87469E-1 1.87513E-1 1.86982E-1 1.63895E-1 1.54265E-1 1.86358E-1 1.66383E-1 2.29611E-1 2.32676E-1 2.7502E-1 2.84505E-1 2.99367E-1 2.88014E-1 3.03332E-1 3.16647E-1 3.29496E-1 3.23362E-1 3.35667E-1 3.40943E-1 3.64896E-1 3.61711E-1 3.77454E-1 3.77058E-1 3.70849E-1
1.20445E-1 3.01626E-1 2.52993E-1 1.6739E-1 2.26315E-1 3.60946E-1 3.72872E-1 3.75948E-1 1.32839E-1 9.82643E-2 2.30125E-1 1.38802E-1 7.82994E-2 1.27066E-1 5.21627E-2 6.08156E-2 1.56213E-1 3.91112E-2 8.84287E-2 2.19601E-2 1.95449E-1 4.40188E-2 2.05185E-1 2.59193E-1 1.6368E-1 1.45896E-1 2.02996E-1 1.95964E-1 2.04202E-1 1.83648E-1 1.86969E-1 1.63537E-1 1.76674E-1 1.65423E-1 1.68188E-1 1.70291E-1 1.69194E-1 1.68689E-1 1.94184E-1 2.05674E-1 1.8133E-1 1.75885E-1 1.30464E-1 1.61365E-1 1.90299E-1 2.4163E-1 2.58171E-1 2.79197E-1 2.89608E-1 2.80679E-1 2.96775E-1 3.2497E-1 3.30096E-1 3.24805E-1 3.39283E-1 3.3653E-1 3.54596E-1 3.71615E-1 3.71624E-1 3.74447E-1 3.84504E-1
1.40375E-1 2.81434E-1 4.46902E-1 2.89024E-1 1.85252E-1 2.75225E-1 3.48404E-1 3.10046E-1 2.99581E-1 2.83465E-1 2.91593E-1 1.87757E-1 1.16282E-1 1.4701E-1 6.36562E-2 3.20589E-2 4.80576E-2 1.21283E-1 2.58647E-1 8.62418E-2 5.16283E-2 6.94012E-2 1.35039E-1 2.47515E-1 2.43523E-1 2.07716E-1 2.13663E-1 2.08197E-1 2.09807E-1 1.8776E-1 1.83902E-1 1.85319E-1 1.77098E-1 1.61219E-1 1.58771E-1 1.66925E-1 1.68684E-1 1.6739E-1 1.94853E-1 2.00219E-1 1.87232E-1 2.01849E-1 1.41777E-1 1.5425E-1 1.83942E-1 1.81918E-1 2.34505E-1 2.71276E-1 2.86728E-1 2.97872E-1 2.89469E-1 2.99019E-1 3.28184E-1 3.32432E-1 3.39025E-1 3.57164E-1 3.36363E-1 3.68259E-1 3.59831E-1 3.70887E-1 3.7419E-1
2.73157E-1 3.54647E-1 5.43978E-1 4.13947E-1 2.20102E-1 3.51774E-1 3.57813E-1 6.81115E-1 6.12617E-1 4.95254E-1 3.06354E-1 1.73552E-1 2.26376E-1 1.08709E-1 6.39258E-2 5.49336E-2 3.66945E-2 1.47034E-1 2.70419E-1 2.26684E-1 1.69909E-1 1.01622E-1 1.44329E-1 1.5185E-1 2.22444E-1 2.2904E-1 2.15271E-1 2.18732E-1 2.06531E-1 2.03967E-1 1.95064E-1 2.00833E-1 1.9495E-1 1.65809E-1 1.58344E-1 1.60677E-1 1.69615E-1 1.6847E-1 1.70906E-1 1.60698E-1 2.09748E-1 1.86633E-1 2.00032E-1 1.5056E-1 1.69281E-1 1.80852E-1 2.0531E-1 2.31375E-1 2.7693E-1 2.75919E-1 2.99289E-1 3.01636E-1 3.19205E-1 3.4456E-1 3.33326E-1 3.52565E-1 3.62434E-1 3.59114E-1 3.71579E-1 3.66262E-1 3.76303E-1
4.88907E-1 5.50873E-1 7.39663E-1 5.15037E-1 1.64115E-1 2.62104E-1 3.4225E-1 4.3E-1 4.92418E-1 2.4165E-1 1.75606E-1 1.10493E-1 4.10205E-1 2.73162E-1 1.65357E-1 7.05328E-2 9.61168E-2 2.78069E-1 2.76308E-1 2.72003E-1 1.72056E-1 1.71184E-1 2.06643E-1 2.3513E-1 1.99678E-1 2.3188E-1 2.19439E-1 1.87172E-1 2.0698E-1 1.86934E-1 1.87953E-1 1.7828E-1 1.96951E-1 1.71037E-1 1.6623E-1 1.60662E-1 1.62187E-1 1.53987E-1 1.60454E-1 1.46052E-1 1.75406E-1 2.10099E-1 1.90107E-1 1.47103E-1 1.48631E-1 2.20127E-1 2.27678E-1 2.5968E-1 2.65512E-1 2.60697E-1 2.87671E-1 2.89877E-1 2.77564E-1 3.46213E-1 3.41762E-1 3.49184E-1 3.59841E-1 3.54008E-1 3.64629E-1 3.7761E-1 3.70633E-1
4.54225E-1 7.36117E-1 6.09342E-1 7.47653E-1 2.56049E-1 3.34695E-1 3.97259E-1 2.63775E-1 1.66729E-1 2.31072E-1 1.4955E-1 1.5179E-1 3.19746E-1 3.55095E-1 1.69588E-1 9.9025E-2 2.73594E-1 2.74719E-1 2.71445E-1 3.02501E-1 1.02844E-1 1.22653E-1 4.50342E-2 2.43668E-1 2.42976E-1 2.40021E-1 2.07089E-1 2.15025E-1 2.16073E-1 2.04634E-1 1.83386E-1 1.75892E-1 1.95847E-1 1.86665E-1 1.63786E-1 1.60422E-1 1.61166E-1 1.53026E-1 1.1047E-1 1.25134E-1 1.8382E-1 1.39142E-1 1.57674E-1 1.69674E-1 2.0443E-1 2.397E-1 2.4938E-1 2.53824E-1 2.38874E-1 2.42848E-1 2.79396E-1 2.6541E-1 2.54482E-1 3.04025E-1 3.36679E-1 3.40183E-1 3.65069E-1 3.71799E-1 3.64401E-1 3.75133E-1 3.71779E-1
4.47426E-1 5.96693E-1 6.42018E-1 7.88303E-1 2.71381E-1 6.18527E-1 4.18293E-1 6.07297E-1 4.35857E-1 3.84927E-1 2.4759E-1 3.20912E-1 3.3094E-1 3.59543E-1 1.83671E-1 2.10829E-1 2.76695E-1 2.8504E-1 2.7278E-1 2.87169E-1 2.53716E-1 2.89471E-1 8.3445E-2 2.2982E-1 2.17893E-1 2.22428E-1 2.3058E-1 2.05944E-1 1.87122E-1 1.99527E-1 1.91986E-1 1.77959E-1 1.44741E-1 1.66903E-1 1.65192E-1 1.64543E-1 1.42507E-1 9.68615E-2 1.48474E-1 1.19677E-1 1.33234E-1 1.63346E-1 2.05227E-1 2.31143E-1 2.26451E-1 2.26138E-1 2.35894E-1 2.31021E-1 1.80298E-1 1.88104E-1 2.66727E-1 2.36721E-1 2.4673E-1 2.34372E-1 3.22834E-1 3.24446E-1 3.60814E-1 3.68284E-1 3.59824E-1 3.80444E-1 3.69136E-1
4.14746E-1 5.19846E-1 5.42681E-1 7.4556E-1 4.78393E-1 6.96715E-1 5.22348E-1 5.43692E-1 4.45364E-1 5.14095E-1 5.84415E-1 4.12271E-1 3.39804E-1 4.64661E-1 1.68865E-1 1.63973E-1 2.80731E-1 2.91188E-1 2.84289E-1 2.83158E-1 1.65834E-1 1.09464E-1 6.3025E-2 1.73567E-1 2.31829E-1 2.32536E-1 2.28736E-1 2.1524E-1 1.96146E-1 1.84292E-1 1.66564E-1 1.69984E-1 1.30572E-1 1.2779E-1 1.23011E-1 1.67785E-1 1.39665E-1 1.42157E-1 1.5389E-1 1.56081E-1 1.45754E-1 1.61532E-1 1.74088E-1 2.13067E-1 2.37994E-1 2.25391E-1 2.07086E-1 1.99164E-1 1.84117E-1 2.09116E-1 2.28466E-1 2.60437E-1 2.16969E-1 2.32461E-1 3.06646E-1 3.18131E-1 3.59221E-1 3.7232E-1 3.70509E-1 3.89727E-1 3.76579E-1
