Artocarpus heterophyllus SDM files/Last interglacial/results (without bias file)/Arthet_6.asc
ncols         625
nrows         721
xllcorner     69.99986311115
yllcorner     5.99986151914999
cellsize      0.041666667
NODATA_value  -9999
[rows 135 to 161 of 721, columns 244 to 304 of 625]
1.58842E-3 8.4576E-4 4.47906E-4 4.88593E-4 5.23251E-4 1.0647E-3 1.90468E-3 1.02236E-3 7.78595E-4 3.32831E-4 6.1529E-4 7.3596E-4 5.07146E-4 4.68773E-4 4.53565E-4 4.96908E-4 5.89691E-4 7.3023E-4 7.071E-4 7.73031E-4 6.40811E-4 9.23979E-4 1.36565E-3 1.19651E-3 7.79787E-4 3.81962E-4 3.30513E-4 3.19314E-4 3.27197E-4 3.33163E-4 3.25525E-4 3.66934E-4 4.8229E-4 5.02371E-4 5.77434E-4 6.50618E-4 5.5879E-4 5.14141E-4 4.2087E-4 3.69392E-4 3.40361E-4 3.31292E-4 3.86109E-4 4.01123E-4 4.271E-4 4.72867E-4 5.72313E-4 5.56962E-4 5.44681E-4 6.25389E-4 7.09076E-4 6.92347E-4 7.62091E-4 7.84944E-4 7.534E-4 7.2757E-4 8.23971E-4 8.69161E-4 7.58413E-4 8.79171E-4 9.08212E-4
5.62521E-3 1.44218E-3 5.81336E-4 1.00707E-3 8.53301E-4 5.66506E-4 1.3535E-3 1.57064E-3 9.71001E-4 1.24949E-3 5.40486E-4 1.12462E-3 1.01684E-3 1.08665E-3 3.96537E-4 4.01431E-4 6.17613E-4 5.8151E-4 5.83564E-4 8.69225E-4 1.03065E-3 1.16906E-3 1.24812E-3 1.45432E-3 1.30509E-3 7.16226E-4 4.74484E-4 3.85014E-4 3.27884E-4 2.98216E-4 3.28862E-4 4.34438E-4 5.4627E-4 5.52912E-4 6.68208E-4 7.36687E-4 7.68424E-4 6.31304E-4 5.10134E-4 4.03846E-4 3.72543E-4 3.88528E-4 4.20857E-4 3.90915E-4 3.22071E-4 4.09003E-4 5.0685E-4 3.52492E-4 3.7636E-4 5.96086E-4 7.15327E-4 7.12693E-4 7.51134E-4 7.45843E-4 6.59242E-4 7.30022E-4 8.6602E-4 9.31035E-4 9.20359E-4 9.3688E-4 9.61709E-4
2.79784E-3 3.47563E-3 1.87967E-3 1.91921E-3 5.99546E-4 4.62035E-4 8.91268E-4 2.81212E-3 1.63459E-3 2.17463E-3 7.17413E-4 6.49832E-4 1.03838E-3 1.98319E-3 1.54775E-3 4.86144E-4 5.90489E-4 7.83579E-4 9.85793E-4 9.64606E-4 1.05274E-3 1.26409E-3 1.57524E-3 1.73658E-3 1.76761E-3 1.29965E-3 6.90622E-4 4.50328E-4 4.06804E-4 3.47136E-4 3.89809E-4 5.37104E-4 6.32298E-4 6.38406E-4 7.11035E-4 6.69923E-4 9.1068E-4 8.90461E-4 6.20023E-4 4.46639E-4 3.78386E-4 4.27799E-4 6.11156E-4 4.36771E-4 4.22308E-4 5.99412E-4 4.21722E-4 2.19059E-4 3.23024E-4 4.94458E-4 7.10098E-4 6.5014E-4 7.20241E-4 6.93556E-4 6.593E-4 8.154E-4 8.34579E-4 8.6578E-4 8.82896E-4 9.47942E-4 9.78573E-4
3.05771E-3 3.2864E-3 3.19862E-3 9.08193E-4 3.82748E-4 4.01274E-4 9.05737E-4 1.02893E-3 3.83737E-3 1.97506E-3 9.6508E-4 4.2073E-4 6.71259E-4 1.23011E-3 2.42462E-3 1.20959E-3 6.4425E-4 1.05723E-3 6.62082E-4 6.72197E-4 9.31655E-4 1.13925E-3 1.45992E-3 1.64062E-3 2.00513E-3 1.52891E-3 7.64933E-4 5.83282E-4 4.45165E-4 3.35807E-4 5.36979E-4 6.3845E-4 5.9283E-4 6.59263E-4 7.07108E-4 9.10902E-4 1.22623E-3 8.89176E-4 7.0633E-4 6.58465E-4 4.71673E-4 4.73165E-4 7.49263E-4 7.25456E-4 6.42718E-4 8.10435E-4 4.10306E-4 4.13004E-4 5.02143E-4 6.43237E-4 5.69565E-4 5.95039E-4 6.76574E-4 6.60646E-4 7.53164E-4 7.24549E-4 7.17792E-4 8.61658E-4 9.88513E-4 9.49498E-4 9.17163E-4
3.33256E-3 5.18151E-3 4.03623E-3 2.17544E-3 5.94568E-4 3.59376E-4 2.46584E-4 1.60042E-3 3.80383E-3 3.92301E-3 6.73722E-4 9.32741E-4 5.85855E-4 5.38234E-4 1.70645E-3 3.78863E-3 9.9483E-4 1.90763E-3 2.07232E-3 1.42698E-3 8.66601E-4 8.95629E-4 1.23694E-3 1.62334E-3 2.0733E-3 2.0686E-3 1.31111E-3 6.15108E-4 4.03231E-4 4.71139E-4 1.14978E-3 1.32914E-3 1.6862E-3 1.32152E-3 1.16518E-3 1.10792E-3 1.08757E-3 8.32017E-4 5.97833E-4 6.59549E-4 6.89127E-4 4.93582E-4 7.42134E-4 1.02828E-3 9.56909E-4 7.73668E-4 4.21138E-4 3.6191E-4 3.71672E-4 3.8062E-4 4.41627E-4 5.39073E-4 5.78875E-4 6.25479E-4 8.48127E-4 1.01668E-3 9.78713E-4 1.00426E-3 9.32622E-4 9.51874E-4 9.10172E-4
2.20556E-3 1.31022E-2 1.19211E-2 2.91888E-3 3.38603E-3 6.5367E-4 5.3643E-4 6.44892E-4 2.57949E-3 6.07234E-3 2.14269E-3 2.84741E-3 1.18718E-3 5.42283E-4 1.49269E-3 2.54624E-3 4.40622E-3 2.25932E-3 7.36772E-4 7.86303E-4 8.13901E-4 6.01198E-4 9.33465E-4 1.4039E-3 1.7609E-3 2.24652E-3 2.21288E-3 1.52415E-3 7.97845E-4 1.10117E-3 1.96991E-3 1.72843E-3 1.34141E-3 9.32211E-4 5.87901E-4 6.65445E-4 1.10544E-3 7.15403E-4 4.33519E-4 5.6376E-4 5.37777E-4 4.34647E-4 7.16094E-4 9.15299E-4 1.37499E-3 7.62089E-4 5.90425E-4 4.44023E-4 2.81373E-4 4.08276E-4 5.80903E-4 6.35733E-4 7.20481E-4 9.05126E-4 9.95971E-4 8.20432E-4 7.5816E-4 7.94627E-4 9.02952E-4 9.72047E-4 9.94072E-4
1.09418E-2 2.0992E-2 1.50775E-2 4.10702E-3 7.39401E-3 3.09757E-3 7.51914E-4 4.24066E-4 1.16164E-3 1.87474E-3 9.58544E-3 2.23128E-3 1.20001E-3 3.991E-4 1.02116E-3 1.77539E-3 3.13922E-3 2.8525E-3 1.73992E-3 2.10659E-3 1.86842E-3 7.80005E-4 7.03338E-4 1.39183E-3 1.80422E-3 1.81403E-3 1.25447E-3 1.87122E-3 1.84785E-3 1.81166E-3 1.3621E-3 1.80522E-3 2.64312E-3 1.20164E-3 8.51985E-4 1.02205E-3 1.01852E-3 1.20275E-3 7.15619E-4 4.92145E-4 5.3205E-4 5.15717E-4 9.00611E-4 9.32452E-4 1.36412E-3 1.33211E-3 9.6486E-4 6.86553E-4 3.41339E-4 3.45583E-4 4.79217E-4 6.01678E-4 8.36922E-4 1.07416E-3 6.99462E-4 5.4583E-4 6.264E-4 7.54959E-4 8.34596E-4 7.98532E-4 9.31972E-4
8.77946E-3 2.63382E-2 2.96864E-2 2.20887E-2 8.75843E-3 5.19724E-3 1.7797E-3 6.21598E-4 1.9217E-3 3.10257E-3 7.25727E-3 4.27785E-3 1.49748E-3 9.82733E-4 1.72271E-3 6.59884E-3 5.4794E-3 3.58916E-3 2.47655E-3 1.38472E-3 2.22307E-3 7.16769E-4 4.32923E-4 8.64233E-4 1.28621E-3 1.45037E-3 1.0495E-3 1.10783E-3 1.59665E-3 2.30233E-3 2.58267E-3 2.74206E-3 3.36977E-3 1.75797E-3 2.04837E-3 1.30254E-3 1.66142E-3 1.33563E-3 9.88241E-4 8.43372E-4 1.37721E-3 7.32257E-4 8.20707E-4 1.40637E-3 1.72743E-3 1.29117E-3 8.32421E-4 5.41185E-4 3.73534E-4 4.99362E-4 8.19137E-4 8.76026E-4 1.09218E-3 9.11639E-4 6.66185E-4 4.87053E-4 5.92059E-4 6.46012E-4 7.47043E-4 7.2037E-4 9.01939E-4
6.89988E-3 1.86076E-2 3.61807E-2 4.0888E-2 1.76343E-2 9.97112E-3 3.67391E-3 3.62281E-3 1.19676E-2 1.59343E-2 2.11433E-2 5.65898E-3 5.2004E-3 3.75289E-3 8.60828E-3 2.97102E-3 1.52325E-3 9.95359E-4 1.67851E-3 1.83305E-3 1.28372E-3 1.10239E-3 3.95245E-4 5.23551E-4 1.26706E-3 9.65043E-4 7.77755E-4 1.12754E-3 1.60185E-3 1.7066E-3 1.11293E-3 2.22187E-3 3.0291E-3 4.36199E-3 4.54965E-3 4.61307E-3 4.68462E-3 3.36568E-3 2.29138E-3 2.00847E-3 2.72865E-3 1.15923E-3 9.32799E-4 1.15099E-3 2.28659E-3 1.06516E-3 6.75621E-4 6.86964E-4 4.74372E-4 6.41467E-4 4.96026E-4 5.5385E-4 7.56865E-4 8.12072E-4 6.3785E-4 4.76516E-4 5.2531E-4 6.24694E-4 6.31828E-4 6.55645E-4 7.43603E-4
2.1427E-2 2.48858E-2 1.75696E-2 2.87505E-2 3.08148E-2 1.41318E-2 6.03517E-3 2.40756E-3 6.33121E-3 2.29061E-2 1.31824E-2 8.71842E-3 1.04349E-2 1.44997E-2 1.11489E-2 5.07945E-3 9.35855E-4 6.45258E-4 2.95014E-4 5.83034E-4 7.38532E-4 6.71896E-4 5.40155E-4 7.12232E-4 7.30037E-4 8.01534E-4 8.66931E-4 8.19863E-4 7.62784E-4 6.78923E-4 8.06196E-4 9.97341E-4 9.20226E-4 2.03327E-3 3.04895E-3 4.35633E-3 3.50748E-3 5.30697E-3 8.09667E-3 4.81778E-3 2.16241E-3 1.64668E-3 1.34525E-3 1.96516E-3 2.1964E-3 1.14664E-3 8.12881E-4 1.14369E-3 8.44767E-4 9.85572E-4 9.94219E-4 7.29213E-4 6.21738E-4 5.57473E-4 6.37022E-4 7.59651E-4 8.05055E-4 8.78823E-4 8.90246E-4 9.90556E-4 1.01432E-3
3.19922E-2 3.69102E-2 2.31079E-2 3.11867E-2 1.47475E-2 5.31289E-3 2.34429E-3 3.50083E-3 1.11788E-2 2.93283E-2 2.66378E-2 2.10742E-2 2.64644E-2 1.8208E-2 3.33064E-3 2.08638E-3 6.50337E-4 9.06299E-4 1.20237E-3 9.26866E-4 4.06884E-4 9.7017E-4 8.38939E-4 8.2961E-4 1.95066E-3 1.32904E-3 9.31737E-4 1.74829E-3 1.54213E-3 1.57383E-3 8.49153E-4 9.4745E-4 1.70565E-3 2.23965E-3 3.14856E-3 2.78226E-3 1.31546E-3 3.57733E-3 8.48272E-3 6.78097E-3 5.88796E-3 4.91198E-3 3.01289E-3 3.99815E-3 2.14953E-3 1.02371E-3 1.52336E-3 1.35809E-3 1.00948E-3 1.00874E-3 1.40624E-3 8.13676E-4 1.13101E-3 8.38065E-4 6.41499E-4 6.92552E-4 1.02424E-3 9.98336E-4 1.1968E-3 8.25633E-4 1.14357E-3
5.13667E-2 5.02441E-2 4.06158E-2 3.82177E-2 1.43751E-2 6.96039E-3 4.41387E-3 1.04301E-2 1.70529E-2 2.12055E-2 2.30921E-2 2.66972E-2 2.31128E-2 1.49801E-2 4.31757E-3 9.69828E-4 6.19197E-4 1.18358E-3 2.89529E-3 1.02703E-3 4.75904E-4 9.70174E-4 9.701E-4 1.12382E-3 2.08274E-3 1.21466E-3 1.33474E-3 1.31788E-3 2.14977E-3 1.23516E-3 1.11804E-3 9.13924E-4 7.95393E-4 1.3961E-3 1.25144E-3 1.71542E-3 9.9116E-4 2.01643E-3 4.27919E-3 6.86754E-3 1.1733E-2 8.27509E-3 5.99877E-3 4.11123E-3 2.25919E-3 2.08698E-3 1.75843E-3 8.99894E-4 7.78077E-4 1.04152E-3 1.37578E-3 1.1343E-3 1.28635E-3 1.41208E-3 1.09335E-3 9.52478E-4 8.17343E-4 7.05574E-4 7.96262E-4 6.31286E-4 8.698E-4
6.67898E-2 5.45004E-2 3.79836E-2 4.99601E-2 3.92757E-2 4.02712E-2 1.52289E-2 1.08172E-2 2.14145E-2 3.16681E-2 2.72835E-2 1.52677E-2 1.09937E-2 6.42947E-3 3.21623E-3 1.91431E-3 3.08955E-3 3.52861E-3 3.86937E-3 2.1583E-3 6.31524E-4 7.04586E-4 1.58913E-3 1.88262E-3 1.64492E-3 1.16487E-3 1.49192E-3 2.62791E-3 1.41644E-3 1.09623E-3 4.73052E-4 3.88118E-4 5.08112E-4 2.92529E-3 3.29028E-3 3.65585E-3 1.80974E-3 1.28957E-3 1.64041E-3 3.63232E-3 1.04581E-2 7.46275E-3 3.27839E-3 2.20055E-3 1.53274E-3 1.3551E-3 1.3839E-3 1.95048E-3 1.66095E-3 1.28987E-3 1.92282E-3 2.20842E-3 1.61447E-3 1.06264E-3 9.47656E-4 1.14922E-3 9.79698E-4 1.2887E-3 6.14005E-4 4.03416E-4 5.39627E-4
6.9487E-2 5.38638E-2 5.01246E-2 4.19769E-2 5.25237E-2 3.72703E-2 2.75329E-2 4.01227E-2 4.19629E-2 4.28959E-2 2.84146E-2 1.07148E-2 9.70292E-3 7.6992E-3 7.52374E-3 5.64516E-3 8.02442E-3 1.77232E-2 3.31045E-3 1.30023E-3 5.90186E-4 5.53939E-4 7.2828E-4 1.67588E-3 3.17316E-3 4.96643E-3 4.55522E-3 2.17998E-3 7.4033E-4 7.73345E-4 1.38026E-3 1.005E-3 1.77101E-3 9.31844E-4 1.32823E-3 2.70058E-3 4.69957E-3 5.22165E-3 4.17397E-3 3.60412E-3 8.30131E-3 1.20741E-2 4.93348E-3 6.4706E-3 2.84109E-3 2.37208E-3 3.07901E-3 4.29203E-3 2.58708E-3 4.16904E-3 2.99208E-3 1.68837E-3 8.41985E-4 8.91358E-4 7.75886E-4 1.01162E-3 1.94419E-3 9.85429E-4 8.30811E-4 4.51348E-4 4.59242E-4
6.1531E-2 4.86034E-2 5.44307E-2 5.32105E-2 7.3782E-2 6.00929E-2 6.34911E-2 5.86752E-2 4.54865E-2 3.28223E-2 2.93694E-2 2.37359E-2 2.12197E-2 9.49412E-3 1.69166E-2 1.97946E-2 2.17527E-2 1.80982E-2 1.3241E-2 8.09872E-3 4.26617E-3 1.02053E-3 6.91103E-4 1.12757E-3 1.05348E-3 2.85752E-3 5.1823E-3 1.35541E-3 9.99746E-4 1.36048E-3 2.81821E-3 1.94746E-3 1.27221E-3 1.05488E-3 2.8964E-3 5.2342E-3 6.7951E-3 8.56218E-3 5.83035E-3 8.05992E-3 1.63096E-2 1.43132E-2 9.21712E-3 9.14275E-3 4.61549E-3 6.74134E-3 9.40145E-3 5.59447E-3 5.97942E-3 2.52099E-3 1.24623E-3 1.04657E-3 1.35313E-3 9.28773E-4 7.90541E-4 1.22513E-3 1.9731E-3 1.64583E-3 9.214E-4 7.98572E-4 8.72447E-4
7.68597E-2 5.59053E-2 5.23166E-2 6.14164E-2 6.42453E-2 8.7253E-2 7.51759E-2 5.09554E-2 4.53709E-2 2.9159E-2 2.32683E-2 3.50865E-2 3.48097E-2 2.88217E-2 2.54399E-2 2.78922E-2 1.63259E-2 8.06772E-3 7.0563E-3 7.35336E-3 6.16824E-3 2.69092E-3 2.12881E-3 4.09538E-3 2.5533E-3 6.00342E-3 1.77253E-2 7.12584E-3 3.32117E-3 7.38321E-3 6.36555E-3 2.73405E-3 9.77289E-4 7.36651E-4 1.34509E-3 3.45176E-3 5.59122E-3 9.96804E-3 5.1778E-3 7.12075E-3 7.18475E-3 1.34078E-2 1.92194E-2 2.04457E-2 1.72777E-2 1.4156E-2 1.0695E-2 3.22512E-3 2.80646E-3 2.91821E-3 2.29616E-3 2.22446E-3 8.40595E-4 8.32899E-4 1.24993E-3 1.36865E-3 3.18319E-3 1.51822E-3 1.2511E-3 1.00238E-3 3.79808E-4
7.62624E-2 5.2343E-2 5.66753E-2 6.74474E-2 8.71811E-2 9.30059E-2 7.32421E-2 6.3885E-2 5.10386E-2 4.59719E-2 6.23611E-2 5.34234E-2 5.07618E-2 5.08491E-2 4.04707E-2 2.93612E-2 2.14646E-2 1.2832E-2 4.68875E-3 1.76849E-3 3.70133E-3 3.31241E-3 1.86979E-3 3.74254E-3 6.89159E-3 5.3943E-3 1.09586E-2 2.50221E-2 1.74011E-2 9.46394E-3 3.53693E-3 2.46386E-3 8.57333E-4 1.85462E-3 5.67372E-3 8.09984E-3 1.92517E-2 1.99145E-2 8.40458E-3 1.35013E-2 8.65534E-3 6.81463E-3 7.65669E-3 1.30898E-2 2.27183E-2 2.02341E-2 1.08649E-2 5.78935E-3 4.37174E-3 1.39128E-3 1.39238E-3 1.88146E-3 1.56198E-3 7.25596E-4 1.92593E-3 1.3763E-3 3.38771E-3 1.04743E-3 9.0496E-4 6.99541E-4 3.28069E-4
7.69076E-2 7.27386E-2 5.91423E-2 6.07947E-2 8.05917E-2 9.72464E-2 7.95529E-2 7.68174E-2 8.04974E-2 9.11436E-2 7.8968E-2 5.49562E-2 4.85857E-2 4.80659E-2 3.01988E-2 1.92412E-2 1.74029E-2 1.16314E-2 4.82306E-3 6.65541E-3 6.36791E-3 2.90757E-3 3.51841E-3 9.37378E-3 7.74203E-3 1.13456E-2 1.10126E-2 1.76455E-2 1.52787E-2 1.36366E-2 4.45856E-3 1.91668E-3 8.60177E-4 3.21552E-3 1.21317E-2 2.08437E-2 2.70332E-2 1.946E-2 1.66666E-2 1.53417E-2 2.95672E-2 2.39963E-2 3.22375E-2 3.08011E-2 2.08634E-2 1.08088E-2 1.02813E-2 3.68855E-3 1.98833E-3 1.20772E-3 1.50091E-3 1.67431E-3 2.08302E-3 1.08588E-3 2.23572E-3 2.31627E-3 3.85776E-3 1.35184E-3 1.24948E-3 1.14336E-3 1.49183E-3
6.36402E-2 5.86389E-2 5.64412E-2 4.89018E-2 6.36514E-2 7.86642E-2 9.17303E-2 8.43034E-2 8.8898E-2 8.39516E-2 6.9836E-2 5.75865E-2 5.22458E-2 4.23148E-2 3.40707E-2 3.71414E-2 3.37411E-2 1.66934E-2 2.09251E-2 1.75295E-2 6.68454E-3 9.64388E-3 1.41614E-2 1.63506E-2 1.57854E-2 1.97305E-2 1.7292E-2 2.26224E-2 1.37451E-2 1.00783E-2 4.95721E-3 3.1849E-3 2.79765E-3 2.09773E-3 6.55783E-3 1.84695E-2 1.55522E-2 2.60946E-2 1.79362E-2 2.09255E-2 3.18685E-2 3.6893E-2 2.76402E-2 1.59052E-2 1.12108E-2 8.54484E-3 5.88237E-3 4.80766E-3 2.85709E-3 2.28388E-3 2.602E-3 4.09E-3 2.3718E-3 1.52634E-3 1.95393E-3 5.09516E-3 5.85936E-3 2.32083E-3 1.53439E-3 1.03237E-3 2.23414E-3
5.49596E-2 5.62459E-2 4.84929E-2 4.82466E-2 6.14831E-2 9.03793E-2 9.91357E-2 7.50843E-2 6.93989E-2 6.17631E-2 5.47187E-2 5.21366E-2 5.03825E-2 4.7379E-2 3.58041E-2 3.75516E-2 4.53341E-2 3.77755E-2 2.65299E-2 9.42494E-3 1.09869E-2 1.06003E-2 1.64958E-2 2.28257E-2 2.0601E-2 3.01844E-2 2.96482E-2 2.46531E-2 1.88048E-2 1.05681E-2 8.04491E-3 1.12155E-2 4.93156E-3 3.5769E-3 5.37316E-3 1.14442E-2 1.26894E-2 1.82551E-2 2.22308E-2 2.78938E-2 3.08888E-2 3.31047E-2 3.29541E-2 3.52958E-2 3.19103E-2 2.84007E-2 1.89027E-2 1.14913E-2 1.02182E-2 5.64754E-3 1.06027E-2 9.71597E-3 2.78985E-3 5.79983E-3 5.03033E-3 7.56594E-3 2.73469E-3 8.30885E-4 1.2983E-3 1.20762E-3 2.62115E-3
6.50931E-2 5.65559E-2 5.60505E-2 6.86292E-2 9.70237E-2 9.50985E-2 7.47826E-2 6.46154E-2 5.60815E-2 5.01003E-2 4.57503E-2 4.44247E-2 3.90626E-2 3.66505E-2 2.97066E-2 3.0217E-2 4.52641E-2 4.32534E-2 2.14236E-2 1.89403E-2 2.50116E-2 2.48355E-2 1.89583E-2 2.29842E-2 3.63167E-2 3.77183E-2 2.56945E-2 1.66606E-2 1.10932E-2 8.41812E-3 1.25835E-2 1.45039E-2 1.02691E-2 4.89092E-3 1.38859E-2 1.16345E-2 1.00727E-2 1.06758E-2 1.5042E-2 2.0212E-2 1.29566E-2 1.08824E-2 1.16798E-2 1.12299E-2 1.95682E-2 1.41398E-2 1.71384E-2 3.50631E-2 2.15005E-2 2.23561E-2 1.27645E-2 8.43079E-3 1.2169E-2 1.48967E-2 1.04779E-2 9.01495E-3 7.29814E-3 5.92334E-3 5.92464E-3 3.45018E-3 2.78763E-3
4.92215E-2 3.9926E-2 5.84178E-2 7.3522E-2 9.90789E-2 7.01627E-2 5.1182E-2 4.88999E-2 4.76106E-2 5.09474E-2 5.74873E-2 5.04223E-2 3.67637E-2 3.29347E-2 3.69933E-2 4.1666E-2 4.47968E-2 5.84555E-2 3.4073E-2 3.99144E-2 3.79674E-2 4.81933E-2 4.26123E-2 4.5802E-2 4.01639E-2 2.64228E-2 2.15615E-2 1.3755E-2 8.59614E-3 1.61165E-2 2.13921E-2 2.03489E-2 1.12551E-2 8.75112E-3 1.47787E-2 1.92357E-2 1.96197E-2 2.02479E-2 2.79263E-2 2.40513E-2 1.93866E-2 1.42149E-2 2.27046E-2 1.62383E-2 1.21126E-2 1.17991E-2 1.47005E-2 2.59182E-2 2.26385E-2 1.66576E-2 6.58404E-3 2.38741E-3 3.57484E-3 4.14031E-3 1.8368E-3 2.27296E-3 2.96891E-3 3.96386E-3 1.64549E-3 5.84057E-3 5.97195E-3
8.4651E-2 7.52212E-2 9.35337E-2 1.09304E-1 8.24477E-2 4.61451E-2 4.48105E-2 5.94762E-2 5.8872E-2 6.49561E-2 5.51607E-2 4.3938E-2 4.13058E-2 3.80863E-2 3.30673E-2 5.13159E-2 4.51975E-2 6.24826E-2 6.22454E-2 6.15483E-2 5.92323E-2 5.04482E-2 3.83438E-2 4.04786E-2 2.44322E-2 1.54079E-2 1.26594E-2 1.07305E-2 1.70815E-2 2.30645E-2 2.94021E-2 2.70146E-2 2.09288E-2 1.40224E-2 1.51939E-2 1.73495E-2 2.48844E-2 3.01338E-2 1.73263E-2 1.23053E-2 9.82921E-3 1.04767E-2 9.39492E-3 1.05676E-2 9.51475E-3 6.65538E-3 9.20564E-3 1.78059E-2 1.23202E-2 8.27645E-3 7.12555E-3 2.3062E-3 2.00972E-3 1.94907E-3 1.323E-3 1.36783E-3 2.78458E-3 1.68467E-3 1.49627E-3 2.23224E-3 2.90493E-3
7.73677E-2 9.35265E-2 1.00986E-1 9.11169E-2 7.61993E-2 7.07137E-2 5.9431E-2 7.88861E-2 7.20155E-2 6.1001E-2 5.51115E-2 4.10571E-2 4.70577E-2 5.49533E-2 5.31465E-2 4.56374E-2 6.90513E-2 7.36828E-2 5.56398E-2 4.14636E-2 3.08589E-2 3.15934E-2 2.21864E-2 3.07389E-2 2.99964E-2 2.64336E-2 2.45601E-2 2.12808E-2 2.27691E-2 3.22364E-2 3.87617E-2 2.61207E-2 1.64043E-2 1.04828E-2 1.10385E-2 1.0836E-2 2.0315E-2 2.31526E-2 9.04717E-3 6.5925E-3 6.16095E-3 1.01406E-2 9.90248E-3 1.15999E-2 1.1572E-2 1.21979E-2 1.02686E-2 8.6642E-3 1.13407E-2 5.30695E-3 3.52378E-3 3.91686E-3 3.07368E-3 1.50157E-3 1.28513E-3 1.88744E-3 1.77537E-3 7.90361E-4 8.3974E-4 1.56688E-3 1.98299E-3
5.2749E-2 7.71496E-2 1.09799E-1 9.36916E-2 6.49979E-2 7.58385E-2 9.13532E-2 7.84767E-2 5.86661E-2 4.85784E-2 4.44283E-2 4.35196E-2 5.82019E-2 7.02452E-2 8.14824E-2 6.76129E-2 8.14616E-2 5.7339E-2 4.47837E-2 4.03204E-2 3.77693E-2 2.38991E-2 1.4479E-2 1.45169E-2 1.60768E-2 2.57409E-2 2.62071E-2 3.80898E-2 4.99878E-2 4.74455E-2 2.94459E-2 1.80973E-2 7.68284E-3 4.66961E-3 6.03009E-3 8.833E-3 1.70692E-2 3.04144E-2 9.80844E-3 9.09736E-3 8.0993E-3 8.69809E-3 6.36778E-3 9.72255E-3 8.82377E-3 7.15494E-3 1.1173E-2 1.18075E-2 8.92755E-3 8.7936E-3 8.30563E-3 5.79118E-3 4.03756E-3 3.02808E-3 1.54747E-3 3.04593E-3 1.61417E-3 3.60947E-4 6.70536E-4 1.1135E-3 1.73703E-3
5.55171E-2 6.93767E-2 9.93476E-2 1.00285E-1 1.02341E-1 1.08803E-1 9.62515E-2 8.15011E-2 7.54454E-2 6.71878E-2 6.25595E-2 6.25343E-2 6.61446E-2 7.4394E-2 9.26237E-2 8.68319E-2 7.80679E-2 6.729E-2 6.49162E-2 4.79021E-2 3.7623E-2 2.21071E-2 2.37809E-2 1.7481E-2 2.81997E-2 4.28496E-2 4.65684E-2 5.96745E-2 6.08798E-2 3.5768E-2 1.6213E-2 8.24504E-3 4.80296E-3 4.26656E-3 7.4682E-3 6.22074E-3 1.6217E-2 3.08688E-2 2.49006E-2 1.81744E-2 1.83405E-2 9.15719E-3 5.98839E-3 1.0815E-2 7.31972E-3 5.59273E-3 8.4265E-3 7.03748E-3 8.12049E-3 7.39508E-3 8.67728E-3 7.72947E-3 6.22693E-3 4.58155E-3 3.11067E-3 3.99018E-3 2.81657E-3 1.11289E-3 1.19896E-3 7.72465E-4 1.54869E-3
5.40153E-2 7.77964E-2 9.16583E-2 1.11356E-1 9.96756E-2 8.11236E-2 6.72313E-2 7.7258E-2 7.34535E-2 6.24372E-2 5.55764E-2 6.88346E-2 8.07799E-2 8.9652E-2 1.04493E-1 1.07042E-1 9.91629E-2 8.96915E-2 8.87279E-2 6.07014E-2 4.64184E-2 6.12357E-2 5.3638E-2 3.21741E-2 4.73813E-2 6.30059E-2 7.56935E-2 6.79472E-2 4.09836E-2 2.57884E-2 1.95816E-2 1.56205E-2 7.76774E-3 1.33317E-2 1.31525E-2 8.28588E-3 8.86894E-3 2.59533E-2 3.65888E-2 2.26947E-2 1.60312E-2 6.75121E-3 7.28548E-3 1.12564E-2 9.66258E-3 7.02945E-3 5.15369E-3 6.34656E-3 8.29407E-3 8.66258E-3 7.64956E-3 7.51386E-3 7.33138E-3 1.05475E-2 7.0922E-3 2.69494E-3 1.7325E-3 1.72006E-3 2.08854E-3 1.59484E-3 1.85843E-3
