Artocarpus heterophyllus SDM files/Last interglacial/results (without bias file)/Arthet_4.asc
ncols         625
nrows         721
xllcorner     69.99986311115
yllcorner     5.99986151914999
cellsize      0.041666667
NODATA_value  -9999
[rows 27 to 53 of 721, columns 366 to 426 of 625]
8.78869E-5 9.90417E-5 9.9108E-5 9.62455E-5 9.85779E-5 9.21394E-5 9.414E-5 1.01822E-4 1.093E-4 1.06758E-4 1.07184E-4 1.0636E-4 1.00655E-4 1.05934E-4 1.1017E-4 1.16999E-4 1.24813E-4 1.15605E-4 1.13311E-4 1.23583E-4 1.258E-4 1.30561E-4 1.21005E-4 1.17572E-4 1.19582E-4 1.22112E-4 1.25544E-4 1.23807E-4 1.30817E-4 1.35005E-4 1.58461E-4 1.58347E-4 1.40545E-4 1.31252E-4 1.38573E-4 1.46212E-4 1.39836E-4 1.41976E-4 1.4147E-4 1.32611E-4 1.26001E-4 1.14547E-4 1.08739E-4 9.55333E-5 9.76011E-5 1.00507E-4 1.03794E-4 1.1007E-4 1.16879E-4 1.15742E-4 1.15833E-4 1.11615E-4 1.09114E-4 1.11665E-4 1.31216E-4 1.32369E-4 1.26955E-4 1.21738E-4 1.21152E-4 1.25836E-4 1.2008E-4
7.84488E-5 8.93021E-5 9.62891E-5 1.02498E-4 1.0692E-4 1.05237E-4 1.04494E-4 1.04646E-4 1.08935E-4 1.11319E-4 1.19121E-4 1.18947E-4 1.23296E-4 1.24062E-4 1.23877E-4 1.28452E-4 1.30918E-4 1.3095E-4 1.31494E-4 1.32221E-4 1.44844E-4 1.4676E-4 1.39394E-4 1.35902E-4 1.4134E-4 1.5422E-4 1.58308E-4 1.45042E-4 1.4425E-4 1.43007E-4 1.5053E-4 1.74302E-4 1.5294E-4 1.38663E-4 1.53106E-4 1.37178E-4 1.41264E-4 1.17836E-4 1.32896E-4 1.14226E-4 1.30298E-4 1.17209E-4 1.11059E-4 1.20574E-4 1.14258E-4 1.20389E-4 1.2293E-4 1.27311E-4 1.3124E-4 1.29249E-4 1.2611E-4 1.30278E-4 1.34145E-4 1.30404E-4 1.34273E-4 1.23883E-4 1.25953E-4 1.21449E-4 1.30511E-4 1.20561E-4 1.16922E-4
7.27133E-5 8.41254E-5 9.25742E-5 9.20029E-5 1.01232E-4 1.06985E-4 1.02042E-4 1.00313E-4 1.11255E-4 1.16696E-4 1.19317E-4 1.24389E-4 1.26181E-4 1.26937E-4 1.35847E-4 1.38552E-4 1.48028E-4 1.48656E-4 1.52926E-4 1.54388E-4 1.43864E-4 1.49379E-4 1.42962E-4 1.49439E-4 1.6587E-4 1.66951E-4 1.7068E-4 1.6668E-4 1.6631E-4 1.27447E-4 1.67102E-4 1.56525E-4 1.3096E-4 1.26283E-4 1.24846E-4 1.33834E-4 1.30438E-4 1.43727E-4 1.19878E-4 1.27571E-4 1.40431E-4 1.35905E-4 1.29771E-4 1.23562E-4 1.3916E-4 1.44941E-4 1.43416E-4 1.48325E-4 1.46436E-4 1.39059E-4 1.46362E-4 1.41196E-4 1.24794E-4 1.28107E-4 1.09723E-4 1.23058E-4 1.2554E-4 1.2691E-4 1.30467E-4 1.28343E-4 1.33157E-4
8.36545E-5 9.70056E-5 9.03122E-5 8.05442E-5 9.78228E-5 1.04346E-4 1.02402E-4 9.9507E-5 1.06523E-4 9.65214E-5 9.21743E-5 9.60995E-5 1.04663E-4 1.16278E-4 1.30269E-4 1.23227E-4 1.32049E-4 1.2856E-4 1.49894E-4 1.62337E-4 1.64602E-4 1.59605E-4 1.53494E-4 1.39609E-4 1.28333E-4 1.27728E-4 1.29785E-4 1.46946E-4 1.50815E-4 1.32849E-4 1.38067E-4 1.30521E-4 1.37493E-4 1.35461E-4 1.38172E-4 1.24752E-4 1.37324E-4 1.44349E-4 1.60519E-4 1.33054E-4 1.37157E-4 1.22922E-4 1.17138E-4 1.14586E-4 1.27609E-4 1.66587E-4 1.59469E-4 1.57742E-4 1.54748E-4 1.41094E-4 1.43128E-4 1.41733E-4 1.33564E-4 1.21366E-4 1.22521E-4 1.18241E-4 1.27213E-4 1.39562E-4 1.40426E-4 1.39344E-4 1.44703E-4
8.4944E-5 9.03205E-5 8.96344E-5 9.49486E-5 9.12301E-5 9.67962E-5 1.10433E-4 1.11422E-4 1.13697E-4 1.05498E-4 1.02369E-4 1.00934E-4 1.13322E-4 1.15704E-4 1.18383E-4 1.12829E-4 1.17883E-4 1.10164E-4 1.23073E-4 1.30128E-4 1.36183E-4 1.40804E-4 1.38747E-4 1.30041E-4 1.26948E-4 1.27375E-4 1.18586E-4 1.23211E-4 1.39063E-4 1.37288E-4 1.41564E-4 1.6208E-4 1.65586E-4 1.70417E-4 1.66087E-4 1.34832E-4 1.40369E-4 1.41305E-4 1.44528E-4 1.39759E-4 1.54439E-4 1.30298E-4 1.26408E-4 1.35351E-4 1.47487E-4 1.44431E-4 1.45728E-4 1.55624E-4 1.59987E-4 1.43064E-4 1.44849E-4 1.39836E-4 1.36587E-4 1.27769E-4 1.27977E-4 1.20217E-4 1.11932E-4 1.28027E-4 1.41203E-4 1.35727E-4 1.194E-4
9.12801E-5 9.25742E-5 9.81102E-5 1.03646E-4 1.00364E-4 9.63618E-5 1.10713E-4 1.17816E-4 1.09937E-4 1.0396E-4 9.17698E-5 9.6869E-5 1.21394E-4 9.51108E-5 9.5657E-5 1.02218E-4 1.181E-4 1.21409E-4 1.31631E-4 1.1709E-4 1.14388E-4 1.19741E-4 1.21583E-4 1.20688E-4 1.17286E-4 1.23599E-4 1.28741E-4 1.43077E-4 1.51045E-4 1.51804E-4 1.5612E-4 1.57077E-4 1.56444E-4 1.5524E-4 1.61698E-4 1.30818E-4 1.35571E-4 1.37881E-4 1.42113E-4 1.55038E-4 1.68323E-4 1.55491E-4 1.5258E-4 1.41295E-4 1.43429E-4 1.48403E-4 1.50616E-4 1.39551E-4 1.46976E-4 1.37093E-4 1.50678E-4 1.49723E-4 1.36343E-4 1.38992E-4 1.28506E-4 1.23556E-4 1.25096E-4 1.19372E-4 1.26036E-4 1.23943E-4 1.12293E-4
9.81181E-5 9.93628E-5 1.00433E-4 9.85728E-5 1.1223E-4 8.4182E-5 9.43536E-5 9.30943E-5 8.80602E-5 8.47335E-5 8.94103E-5 1.02836E-4 1.00877E-4 9.19642E-5 9.67823E-5 1.07721E-4 1.23442E-4 1.25189E-4 1.33126E-4 1.19554E-4 1.19278E-4 1.26467E-4 1.19361E-4 1.2434E-4 1.39264E-4 1.61725E-4 1.65004E-4 1.62142E-4 1.65703E-4 1.51888E-4 1.51865E-4 1.62112E-4 1.50625E-4 1.53217E-4 1.60256E-4 1.49611E-4 1.44929E-4 1.36361E-4 1.65086E-4 1.63911E-4 1.61577E-4 1.73605E-4 1.65504E-4 1.62671E-4 1.70712E-4 1.67825E-4 1.53105E-4 1.6351E-4 1.61611E-4 1.62436E-4 1.57653E-4 1.52021E-4 1.45132E-4 1.37453E-4 1.4759E-4 1.38148E-4 1.17206E-4 1.2867E-4 1.33339E-4 1.10077E-4 1.07631E-4
9.62564E-5 9.55884E-5 8.30974E-5 9.21569E-5 9.51812E-5 9.60123E-5 9.10605E-5 8.82608E-5 8.82626E-5 8.39791E-5 8.7269E-5 9.8873E-5 9.38261E-5 9.48417E-5 1.02311E-4 1.19101E-4 1.25738E-4 1.28084E-4 1.35004E-4 1.32824E-4 1.29025E-4 1.29285E-4 1.38733E-4 1.36483E-4 1.46079E-4 1.50243E-4 1.42995E-4 1.36318E-4 1.40551E-4 1.54312E-4 1.75608E-4 1.57828E-4 1.55538E-4 1.70028E-4 1.80713E-4 1.67481E-4 1.62241E-4 1.53725E-4 1.44136E-4 1.69058E-4 1.58704E-4 1.76206E-4 1.88622E-4 1.80351E-4 1.63791E-4 1.55811E-4 1.53517E-4 1.60946E-4 1.45147E-4 1.58984E-4 1.21081E-4 1.47064E-4 1.43242E-4 1.37745E-4 1.24211E-4 1.16148E-4 1.15345E-4 1.31546E-4 1.19804E-4 1.17037E-4 1.16154E-4
7.86107E-5 8.18195E-5 7.7522E-5 7.65812E-5 7.96262E-5 1.01625E-4 9.21041E-5 8.46036E-5 7.96952E-5 7.79728E-5 9.9667E-5 1.04559E-4 1.00727E-4 8.97475E-5 9.81195E-5 1.21345E-4 1.32382E-4 1.1294E-4 1.05279E-4 1.18247E-4 1.16938E-4 1.21453E-4 1.16071E-4 1.15705E-4 1.21871E-4 1.20733E-4 1.1548E-4 1.10463E-4 1.26071E-4 1.42669E-4 1.63789E-4 1.58391E-4 1.54547E-4 1.57177E-4 1.77147E-4 1.72065E-4 1.75847E-4 1.75224E-4 1.64976E-4 1.4932E-4 1.58526E-4 1.60659E-4 1.61422E-4 1.65624E-4 1.63456E-4 1.45047E-4 1.36113E-4 1.37923E-4 1.41506E-4 1.3694E-4 1.3686E-4 1.42897E-4 1.44234E-4 1.22634E-4 1.08368E-4 1.20594E-4 1.28499E-4 1.28028E-4 1.10536E-4 1.14516E-4 1.18353E-4
7.17047E-5 7.9393E-5 7.55812E-5 5.94252E-5 7.46795E-5 1.10102E-4 9.91518E-5 8.33292E-5 6.31806E-5 7.48074E-5 1.06868E-4 1.16311E-4 1.17245E-4 9.77194E-5 7.30023E-5 1.08632E-4 1.2414E-4 1.0695E-4 1.0095E-4 1.14672E-4 1.10063E-4 1.14386E-4 1.15951E-4 1.18659E-4 1.39105E-4 1.30272E-4 1.33684E-4 1.29693E-4 1.28911E-4 1.37118E-4 1.4011E-4 1.41653E-4 1.60533E-4 1.51522E-4 1.66019E-4 1.73808E-4 1.84389E-4 1.84495E-4 1.65906E-4 1.74413E-4 1.51331E-4 1.37221E-4 1.58281E-4 1.39218E-4 1.39617E-4 1.45312E-4 1.49396E-4 1.60775E-4 1.57571E-4 1.52177E-4 1.58026E-4 1.41362E-4 1.2945E-4 1.16714E-4 1.27995E-4 1.35474E-4 1.1823E-4 1.22005E-4 1.00562E-4 1.0875E-4 1.20693E-4
7.5563E-5 8.48117E-5 9.61044E-5 7.17733E-5 6.51001E-5 1.11183E-4 1.0154E-4 7.96044E-5 6.68185E-5 8.95814E-5 1.01975E-4 1.10005E-4 1.11266E-4 1.01046E-4 6.87371E-5 9.70979E-5 1.09837E-4 9.78426E-5 9.55263E-5 1.0393E-4 1.05877E-4 1.12062E-4 1.11736E-4 1.3096E-4 1.36826E-4 1.35297E-4 1.37195E-4 1.33237E-4 1.41747E-4 1.37144E-4 1.49363E-4 1.50167E-4 1.35321E-4 1.75536E-4 1.8246E-4 1.85697E-4 1.68684E-4 1.64058E-4 1.58244E-4 1.50539E-4 1.3343E-4 1.34921E-4 1.48243E-4 1.48995E-4 1.53918E-4 1.55415E-4 1.61139E-4 1.49866E-4 1.52308E-4 1.54853E-4 1.32456E-4 1.33815E-4 1.34516E-4 1.32222E-4 1.37536E-4 1.31017E-4 1.20609E-4 1.20787E-4 1.08611E-4 1.11003E-4 1.33148E-4
1.21322E-4 1.20347E-4 1.1635E-4 8.77554E-5 7.70184E-5 8.97734E-5 9.29515E-5 6.71582E-5 5.61155E-5 6.00276E-5 9.67385E-5 1.12441E-4 1.14125E-4 1.11736E-4 5.99267E-5 7.91922E-5 8.27931E-5 9.44544E-5 9.90599E-5 1.10025E-4 1.14409E-4 1.20128E-4 1.20162E-4 1.22411E-4 1.25057E-4 1.30009E-4 1.28114E-4 1.29265E-4 1.43699E-4 1.32013E-4 1.35546E-4 1.28046E-4 1.36085E-4 1.3731E-4 1.43867E-4 1.35222E-4 1.27847E-4 1.50079E-4 1.50387E-4 1.55591E-4 1.58554E-4 1.72444E-4 1.67091E-4 1.67154E-4 1.79075E-4 1.88617E-4 1.57382E-4 1.55928E-4 1.54971E-4 1.57341E-4 1.57632E-4 1.49054E-4 1.43385E-4 1.45046E-4 1.41583E-4 1.37428E-4 1.32524E-4 1.33427E-4 1.35803E-4 1.35855E-4 1.41284E-4
1.42896E-4 1.35502E-4 1.27094E-4 1.04479E-4 7.61284E-5 7.76152E-5 8.35549E-5 9.10205E-5 5.89323E-5 6.85422E-5 1.09419E-4 1.2745E-4 1.28152E-4 1.10626E-4 5.44457E-5 7.03973E-5 8.3454E-5 9.66073E-5 8.56328E-5 1.09214E-4 1.13298E-4 1.20758E-4 1.21744E-4 1.16933E-4 1.14529E-4 1.07543E-4 1.05617E-4 1.02323E-4 1.13916E-4 1.34048E-4 1.33741E-4 1.34987E-4 1.37844E-4 1.27072E-4 1.30332E-4 1.33881E-4 1.57965E-4 1.5256E-4 1.53192E-4 1.58028E-4 1.633E-4 1.61401E-4 1.49316E-4 1.66533E-4 1.58944E-4 1.55677E-4 1.5965E-4 1.53119E-4 1.51472E-4 1.53446E-4 1.5326E-4 1.66235E-4 1.6847E-4 1.67442E-4 1.60702E-4 1.45048E-4 1.45327E-4 1.33529E-4 1.53451E-4 1.56598E-4 1.47283E-4
1.46664E-4 1.47188E-4 1.44514E-4 1.14971E-4 9.79322E-5 9.52132E-5 1.03303E-4 9.62817E-5 7.79566E-5 7.70737E-5 1.10629E-4 1.40713E-4 1.34979E-4 8.05434E-5 5.30317E-5 5.96901E-5 7.59926E-5 9.34201E-5 1.01275E-4 9.85174E-5 1.22855E-4 1.24982E-4 1.2562E-4 1.24477E-4 1.14888E-4 1.14215E-4 1.23019E-4 1.27612E-4 1.32622E-4 1.29692E-4 1.38402E-4 1.49844E-4 1.57959E-4 1.66481E-4 1.67201E-4 1.71868E-4 1.74072E-4 1.57018E-4 1.71178E-4 1.74707E-4 1.61611E-4 1.63593E-4 1.53082E-4 1.81642E-4 1.73188E-4 1.52793E-4 1.64647E-4 1.69977E-4 1.61036E-4 1.5227E-4 1.56921E-4 1.62067E-4 1.79545E-4 1.77357E-4 1.78668E-4 1.54203E-4 1.49339E-4 1.51043E-4 1.7904E-4 1.76735E-4 1.63211E-4
1.67505E-4 1.60985E-4 1.54675E-4 1.51204E-4 1.28509E-4 1.1673E-4 1.17229E-4 1.08221E-4 8.11753E-5 8.28237E-5 1.18382E-4 1.21915E-4 9.35019E-5 5.82266E-5 4.44194E-5 5.52532E-5 8.07476E-5 9.19447E-5 9.98462E-5 1.11831E-4 1.154E-4 1.29339E-4 1.21491E-4 1.30689E-4 1.37178E-4 1.2908E-4 1.41172E-4 1.42111E-4 1.35867E-4 1.56982E-4 1.57079E-4 1.64466E-4 1.70052E-4 1.68923E-4 1.76753E-4 1.73648E-4 1.78663E-4 1.65065E-4 1.57649E-4 1.70089E-4 1.67142E-4 1.76746E-4 1.73497E-4 1.5821E-4 1.63056E-4 1.70396E-4 1.72501E-4 1.7086E-4 1.89065E-4 1.75504E-4 1.70296E-4 1.833E-4 1.9514E-4 2.05404E-4 1.91498E-4 1.72581E-4 1.6047E-4 1.86718E-4 2.0097E-4 1.9566E-4 1.3534E-4
1.85042E-4 1.75755E-4 1.45673E-4 1.56385E-4 1.27337E-4 1.12689E-4 1.00031E-4 9.60465E-5 9.13402E-5 1.06298E-4 1.07214E-4 1.15128E-4 9.2914E-5 8.07611E-5 6.79328E-5 6.97773E-5 8.49905E-5 1.02522E-4 1.04753E-4 1.03189E-4 1.06137E-4 1.28167E-4 1.12619E-4 1.25789E-4 1.26724E-4 1.23885E-4 1.41996E-4 1.41879E-4 1.46812E-4 1.34607E-4 1.41203E-4 1.35364E-4 1.51953E-4 1.51607E-4 1.58162E-4 1.50976E-4 1.44783E-4 1.48064E-4 1.35816E-4 1.51324E-4 1.58858E-4 1.83222E-4 1.72322E-4 1.71009E-4 1.7065E-4 1.64004E-4 1.59971E-4 1.75335E-4 1.80616E-4 1.77877E-4 1.82338E-4 1.59807E-4 1.71536E-4 1.55155E-4 1.5163E-4 1.37606E-4 1.66358E-4 1.45748E-4 1.93463E-4 1.85973E-4 1.58674E-4
1.50132E-4 1.43732E-4 1.37744E-4 1.5472E-4 1.40234E-4 1.40015E-4 1.37095E-4 1.14283E-4 1.03693E-4 1.11434E-4 1.1227E-4 1.21312E-4 1.02944E-4 1.02372E-4 8.39075E-5 9.17016E-5 9.89844E-5 9.87218E-5 1.0807E-4 1.07486E-4 1.17353E-4 1.36894E-4 1.40479E-4 1.4504E-4 1.35091E-4 1.29114E-4 1.31356E-4 1.38469E-4 1.27245E-4 1.11623E-4 1.26365E-4 1.3078E-4 1.28126E-4 1.20865E-4 1.23798E-4 1.41254E-4 1.3954E-4 1.49362E-4 1.51185E-4 1.66712E-4 1.65267E-4 1.79105E-4 1.57332E-4 1.56447E-4 1.8674E-4 1.88391E-4 1.74078E-4 1.74372E-4 1.68147E-4 1.62643E-4 1.68266E-4 1.76758E-4 1.77491E-4 1.86412E-4 1.5929E-4 1.50607E-4 1.43485E-4 1.46664E-4 1.51497E-4 1.74581E-4 1.75909E-4
1.55987E-4 1.57917E-4 1.65268E-4 1.58387E-4 1.58062E-4 1.42981E-4 1.43501E-4 1.5213E-4 1.31174E-4 1.2922E-4 1.09807E-4 1.14888E-4 1.24867E-4 1.18528E-4 1.07519E-4 1.0218E-4 1.14278E-4 1.17582E-4 1.28925E-4 1.39179E-4 1.43478E-4 1.3906E-4 1.48973E-4 1.42386E-4 1.50746E-4 1.34905E-4 1.39086E-4 1.24134E-4 1.3252E-4 1.32788E-4 1.26439E-4 1.15472E-4 1.04249E-4 1.16411E-4 1.4027E-4 1.4123E-4 1.35233E-4 1.31474E-4 1.36637E-4 1.4213E-4 1.60594E-4 1.73587E-4 1.4959E-4 1.68979E-4 1.85987E-4 1.50017E-4 1.44313E-4 1.74024E-4 1.71317E-4 1.74637E-4 1.72984E-4 1.71348E-4 1.67148E-4 1.78056E-4 1.91598E-4 1.66985E-4 1.58096E-4 1.66507E-4 1.66286E-4 1.85961E-4 1.95983E-4
1.57859E-4 1.46923E-4 1.66927E-4 1.67622E-4 1.7247E-4 1.66982E-4 1.64741E-4 1.47362E-4 1.4896E-4 1.52699E-4 1.39844E-4 1.21115E-4 1.21248E-4 1.22076E-4 1.2409E-4 1.3182E-4 1.46085E-4 1.50068E-4 1.54612E-4 1.52019E-4 1.51714E-4 1.55237E-4 1.70794E-4 1.59706E-4 1.63484E-4 1.62403E-4 1.4698E-4 1.33469E-4 1.47331E-4 1.463E-4 1.57132E-4 1.37973E-4 1.04589E-4 9.67656E-5 1.37523E-4 1.50155E-4 1.61316E-4 1.42301E-4 1.54E-4 1.41853E-4 1.62225E-4 1.68659E-4 1.50541E-4 1.47596E-4 1.4848E-4 1.40187E-4 1.29792E-4 1.44092E-4 1.71077E-4 1.77471E-4 1.55099E-4 1.61169E-4 1.61805E-4 1.92389E-4 1.97256E-4 1.90746E-4 1.86861E-4 1.73596E-4 1.88802E-4 1.92095E-4 1.94711E-4
1.58973E-4 1.49645E-4 1.60183E-4 1.53774E-4 1.33993E-4 1.6033E-4 1.81233E-4 1.6487E-4 1.65167E-4 1.64145E-4 1.43774E-4 1.34609E-4 1.44284E-4 1.66251E-4 1.55569E-4 1.57168E-4 1.62915E-4 1.57259E-4 1.60034E-4 1.6202E-4 1.59392E-4 1.74697E-4 1.65246E-4 1.79593E-4 1.77553E-4 1.72711E-4 1.51797E-4 1.15213E-4 1.36565E-4 1.49304E-4 1.50362E-4 1.40602E-4 1.22293E-4 9.56854E-5 1.12741E-4 1.31648E-4 1.39169E-4 1.42567E-4 1.5319E-4 1.72687E-4 1.8352E-4 1.8802E-4 1.85868E-4 1.82091E-4 1.71784E-4 1.46572E-4 1.45635E-4 1.45445E-4 1.57441E-4 1.72581E-4 1.46822E-4 1.53721E-4 1.66982E-4 1.9669E-4 2.0664E-4 2.19965E-4 2.0851E-4 2.09728E-4 2.02465E-4 2.08723E-4 2.224E-4
1.71329E-4 1.5456E-4 1.61125E-4 1.5732E-4 1.59088E-4 1.57074E-4 1.79303E-4 1.66473E-4 1.60257E-4 1.52295E-4 1.60114E-4 1.5533E-4 1.51874E-4 1.59316E-4 1.64109E-4 1.69177E-4 1.7146E-4 1.71274E-4 1.44239E-4 1.39492E-4 1.4456E-4 1.52188E-4 1.70101E-4 1.38966E-4 1.48704E-4 1.35396E-4 1.34075E-4 1.34731E-4 1.5352E-4 1.6781E-4 1.64993E-4 1.70154E-4 1.4988E-4 1.32005E-4 1.25287E-4 1.58202E-4 1.55872E-4 1.44795E-4 1.73344E-4 1.96807E-4 2.07184E-4 2.11792E-4 2.15458E-4 2.11377E-4 1.98854E-4 1.89794E-4 1.77481E-4 1.71243E-4 1.72115E-4 1.85279E-4 1.79694E-4 1.63291E-4 1.62401E-4 1.90162E-4 2.17497E-4 1.91995E-4 2.07944E-4 2.19638E-4 2.19706E-4 2.2082E-4 2.28201E-4
1.48501E-4 1.75109E-4 1.72239E-4 1.74943E-4 1.64006E-4 1.62968E-4 1.58172E-4 1.73561E-4 1.76015E-4 1.80563E-4 1.63241E-4 1.77485E-4 1.66978E-4 1.76451E-4 1.70546E-4 1.43406E-4 1.42946E-4 1.39201E-4 1.44053E-4 1.52916E-4 1.41575E-4 1.42986E-4 1.55015E-4 1.56628E-4 1.41335E-4 1.44615E-4 1.48117E-4 1.58773E-4 1.78519E-4 1.87374E-4 1.87637E-4 1.7514E-4 1.67833E-4 1.58789E-4 1.5071E-4 1.70573E-4 1.90241E-4 1.97202E-4 1.9823E-4 2.01823E-4 2.24228E-4 2.32719E-4 2.35805E-4 2.29155E-4 2.22522E-4 2.08376E-4 2.24826E-4 2.17422E-4 2.09414E-4 1.96671E-4 1.86207E-4 1.77627E-4 1.55781E-4 1.87884E-4 2.24437E-4 2.17669E-4 2.26053E-4 2.24371E-4 2.27404E-4 2.26956E-4 2.40613E-4
1.4988E-4 1.79015E-4 1.81725E-4 1.72323E-4 1.61721E-4 1.66528E-4 1.55652E-4 1.66669E-4 1.56072E-4 1.4939E-4 1.43957E-4 1.30706E-4 1.21688E-4 1.42324E-4 1.49252E-4 1.47906E-4 1.54164E-4 1.63947E-4 1.61644E-4 1.59486E-4 1.56837E-4 1.60306E-4 1.62187E-4 1.70153E-4 1.69367E-4 1.72894E-4 1.71578E-4 1.87238E-4 1.93567E-4 1.98653E-4 1.94015E-4 1.85981E-4 1.90463E-4 1.99021E-4 1.96826E-4 2.13213E-4 2.14705E-4 2.20083E-4 2.0378E-4 2.14842E-4 2.42241E-4 2.56759E-4 2.53094E-4 2.57893E-4 2.4928E-4 2.35212E-4 2.34328E-4 2.33819E-4 2.39136E-4 2.21687E-4 2.25746E-4 2.12975E-4 2.00032E-4 2.18457E-4 2.34235E-4 2.33869E-4 2.20421E-4 2.19523E-4 2.05019E-4 2.01073E-4 2.20369E-4
1.16462E-4 1.72659E-4 1.59442E-4 1.84285E-4 1.79904E-4 1.34286E-4 1.51748E-4 1.49073E-4 1.49899E-4 1.3573E-4 1.27971E-4 1.24283E-4 1.2185E-4 1.23319E-4 1.41485E-4 1.5076E-4 1.62103E-4 1.56199E-4 1.53521E-4 1.88337E-4 1.66351E-4 1.87891E-4 1.87673E-4 1.89781E-4 1.8929E-4 1.82521E-4 1.95242E-4 2.13662E-4 2.16801E-4 2.1857E-4 2.10789E-4 1.99209E-4 2.04008E-4 2.14896E-4 2.4293E-4 2.46507E-4 2.3553E-4 2.16352E-4 2.07685E-4 1.99095E-4 2.31071E-4 2.70321E-4 2.64172E-4 2.7625E-4 2.75406E-4 2.68569E-4 2.62211E-4 2.5409E-4 2.43215E-4 2.29543E-4 2.23738E-4 2.1712E-4 2.25966E-4 2.33508E-4 2.09076E-4 2.02032E-4 1.93183E-4 1.85989E-4 1.88195E-4 1.76252E-4 1.69369E-4
1.67458E-4 1.50259E-4 1.53053E-4 1.30325E-4 1.29306E-4 1.41162E-4 1.49949E-4 1.41501E-4 1.39656E-4 1.35438E-4 1.50352E-4 1.52173E-4 1.47845E-4 1.57494E-4 1.57101E-4 1.63193E-4 1.57796E-4 1.46464E-4 1.71107E-4 1.95376E-4 1.84024E-4 1.85848E-4 1.92762E-4 2.00032E-4 1.99753E-4 2.07014E-4 2.03812E-4 2.01917E-4 2.33789E-4 2.22935E-4 2.14582E-4 1.93375E-4 2.46406E-4 2.57147E-4 2.66601E-4 2.57386E-4 2.21219E-4 2.07564E-4 2.17816E-4 2.28039E-4 2.55817E-4 2.79106E-4 2.88412E-4 2.90116E-4 2.93194E-4 2.91478E-4 2.80538E-4 2.60705E-4 2.57708E-4 2.28285E-4 2.05295E-4 1.53622E-4 1.54221E-4 1.8535E-4 2.13221E-4 2.17018E-4 2.04205E-4 1.92173E-4 1.93812E-4 1.99635E-4 1.89632E-4
1.37332E-4 1.35345E-4 1.29546E-4 1.24536E-4 1.31177E-4 1.42061E-4 1.49924E-4 1.54489E-4 1.56464E-4 1.75441E-4 1.76954E-4 1.66482E-4 1.64921E-4 1.6227E-4 1.73776E-4 1.77957E-4 1.67756E-4 1.66305E-4 1.61451E-4 1.65734E-4 2.03757E-4 1.97429E-4 2.03839E-4 1.84254E-4 1.93852E-4 1.8098E-4 1.66439E-4 1.87064E-4 2.18116E-4 2.40062E-4 2.29405E-4 2.43104E-4 2.63363E-4 2.5802E-4 2.67343E-4 2.77337E-4 2.58807E-4 2.52486E-4 2.6851E-4 2.18062E-4 2.89295E-4 2.97788E-4 3.02087E-4 2.4037E-4 2.43484E-4 2.41912E-4 2.96262E-4 2.15981E-4 1.99501E-4 1.75383E-4 1.62432E-4 1.48406E-4 1.46957E-4 1.85235E-4 2.26512E-4 2.09818E-4 1.93633E-4 1.82276E-4 1.8112E-4 1.97724E-4 1.83394E-4
1.41336E-4 1.55542E-4 1.53101E-4 1.44669E-4 1.50327E-4 1.61194E-4 1.61151E-4 1.62433E-4 1.90583E-4 2.03988E-4 2.07607E-4 1.95534E-4 2.06056E-4 2.06827E-4 2.08129E-4 2.08659E-4 2.0485E-4 2.14798E-4 2.0691E-4 2.0297E-4 2.075E-4 2.21036E-4 2.01011E-4 2.12488E-4 2.03322E-4 1.94493E-4 2.09923E-4 2.14487E-4 2.28441E-4 2.31277E-4 2.60866E-4 2.5866E-4 2.94054E-4 2.20524E-4 2.69356E-4 2.59158E-4 2.14316E-4 2.17884E-4 2.39968E-4 2.50615E-4 2.51817E-4 2.58227E-4 2.67179E-4 2.59669E-4 2.56302E-4 2.5947E-4 2.31355E-4 2.21508E-4 1.92347E-4 1.73429E-4 1.63498E-4 1.58499E-4 1.66491E-4 1.63053E-4 2.2193E-4 2.26682E-4 1.734E-4 1.56302E-4 1.85015E-4 1.82028E-4 1.65889E-4
