Artocarpus heterophyllus SDM files/Last interglacial/results (without bias file)/Arthet_3.asc
ncols         625
nrows         721
xllcorner     69.99986311115
yllcorner     5.99986151914999
cellsize      0.041666667
NODATA_value  -9999
[rows 621 to 647 of 721, columns 183 to 243 of 625]
7.67805E-1 7.67394E-1 7.63667E-1 6.35046E-1 6.7698E-1 6.36592E-1 6.28954E-1 5.81827E-1 6.16519E-1 6.23211E-1 5.0625E-1 5.15438E-1 6.12974E-1 6.35539E-1 5.97401E-1 6.22174E-1 6.48178E-1 6.69253E-1 6.91706E-1 6.94402E-1 6.92494E-1 6.69611E-1 6.81769E-1 6.82259E-1 6.95469E-1 6.54691E-1 6.58965E-1 6.36975E-1 6.53337E-1 6.56146E-1 6.35879E-1 7.90502E-1 8.05351E-1 6.42209E-1 6.6497E-1 6.50626E-1 8.01308E-1 7.88874E-1 7.61433E-1 -9999 -9999 -9999 -9999 -9999 -9999 -9999 -9999 -9999 -9999 -9999 -9999 -9999 -9999 -9999 -9999 -9999 -9999 -9999 -9999 -9999 -9999
7.7332E-1 7.56843E-1 6.65852E-1 5.75657E-1 6.03903E-1 5.81801E-1 6.07683E-1 5.74096E-1 5.60088E-1 4.42425E-1 4.63845E-1 4.78965E-1 6.54811E-1 6.00844E-1 5.4495E-1 6.54427E-1 7.13889E-1 6.94398E-1 6.93445E-1 7.12997E-1 7.12934E-1 7.16685E-1 6.90536E-1 6.99381E-1 6.64843E-1 6.79327E-1 6.81866E-1 6.45254E-1 6.64684E-1 6.8089E-1 6.49712E-1 8.02024E-1 7.84712E-1 6.63638E-1 6.78578E-1 6.566E-1 6.46621E-1 7.94884E-1 7.74292E-1 -9999 -9999 -9999 -9999 -9999 -9999 -9999 -9999 -9999 -9999 -9999 -9999 -9999 -9999 -9999 -9999 -9999 -9999 -9999 -9999 -9999 -9999
7.27464E-1 6.63148E-1 6.28494E-1 6.34544E-1 6.50113E-1 6.29378E-1 5.78354E-1 5.90262E-1 5.67724E-1 5.4947E-1 5.19451E-1 4.76619E-1 6.88624E-1 6.91161E-1 6.99884E-1 7.19289E-1 7.29305E-1 6.92661E-1 7.11424E-1 7.21869E-1 7.18962E-1 6.96146E-1 7.04226E-1 7.18106E-1 7.26534E-1 6.91883E-1 6.95724E-1 6.67458E-1 6.87939E-1 6.93196E-1 8.06826E-1 8.19996E-1 7.97739E-1 8.15887E-1 6.63391E-1 6.72478E-1 6.55612E-1 6.34867E-1 6.47633E-1 -9999 -9999 -9999 -9999 -9999 -9999 -9999 -9999 -9999 -9999 -9999 -9999 -9999 -9999 -9999 -9999 -9999 -9999 -9999 -9999 -9999 -9999
7.03151E-1 7.08537E-1 7.50545E-1 7.4414E-1 7.26714E-1 6.66624E-1 6.40679E-1 5.46838E-1 5.33715E-1 4.85404E-1 4.8658E-1 7.61857E-1 7.70085E-1 7.69955E-1 7.25846E-1 7.26102E-1 7.39774E-1 7.03779E-1 7.07798E-1 7.23706E-1 7.31487E-1 7.40383E-1 7.17056E-1 7.34134E-1 7.41121E-1 7.08489E-1 7.22277E-1 7.25769E-1 6.9341E-1 8.40733E-1 8.18224E-1 8.3096E-1 8.16337E-1 8.27338E-1 6.72759E-1 6.91592E-1 6.7002E-1 6.44698E-1 6.54885E-1 6.29768E-1 -9999 -9999 -9999 -9999 -9999 -9999 -9999 -9999 -9999 -9999 -9999 -9999 -9999 -9999 -9999 -9999 -9999 -9999 -9999 -9999 -9999
7.03176E-1 6.93572E-1 6.59495E-1 7.11213E-1 6.60823E-1 6.02897E-1 5.89847E-1 5.86436E-1 5.20387E-1 4.89415E-1 4.53957E-1 7.73149E-1 7.7126E-1 7.71962E-1 7.34988E-1 7.45402E-1 7.52456E-1 7.54007E-1 7.26542E-1 7.37503E-1 7.43973E-1 7.60102E-1 7.22396E-1 7.38275E-1 7.42787E-1 7.1915E-1 7.27938E-1 6.97457E-1 7.16776E-1 6.8419E-1 8.36958E-1 8.1103E-1 8.25804E-1 8.12997E-1 8.23465E-1 6.65207E-1 6.81455E-1 6.51114E-1 7.96135E-1 -9999 -9999 -9999 -9999 -9999 -9999 -9999 -9999 -9999 -9999 -9999 -9999 -9999 -9999 -9999 -9999 -9999 -9999 -9999 -9999 -9999 -9999
7.70055E-1 8.17991E-1 7.81977E-1 7.06972E-1 6.64981E-1 6.45458E-1 5.85822E-1 5.58284E-1 5.64189E-1 5.45011E-1 4.91791E-1 7.80661E-1 7.90377E-1 7.50076E-1 7.57327E-1 7.57675E-1 7.64121E-1 7.68852E-1 7.35173E-1 7.42709E-1 7.55371E-1 7.70781E-1 7.323E-1 7.38919E-1 7.63796E-1 7.31029E-1 7.39E-1 7.09341E-1 7.25779E-1 6.95604E-1 8.48611E-1 8.306E-1 8.38338E-1 8.20226E-1 8.03656E-1 6.74254E-1 6.55366E-1 6.56322E-1 -9999 -9999 -9999 -9999 -9999 -9999 -9999 -9999 -9999 -9999 -9999 -9999 -9999 -9999 -9999 -9999 -9999 -9999 -9999 -9999 -9999 -9999 -9999
7.5244E-1 7.39515E-1 7.0482E-1 7.29527E-1 7.03384E-1 6.43863E-1 5.71464E-1 5.61766E-1 5.51176E-1 5.32722E-1 5.01946E-1 7.86881E-1 7.93608E-1 7.99963E-1 8.08233E-1 7.68078E-1 7.70962E-1 7.87565E-1 7.4667E-1 7.59085E-1 7.67733E-1 7.40146E-1 7.48018E-1 7.54672E-1 7.2375E-1 7.40315E-1 7.49679E-1 7.21439E-1 7.355E-1 7.16292E-1 7.26566E-1 7.03647E-1 8.18906E-1 8.26088E-1 6.72246E-1 6.8573E-1 7.99314E-1 -9999 -9999 -9999 -9999 -9999 -9999 -9999 -9999 -9999 -9999 -9999 -9999 -9999 -9999 -9999 -9999 -9999 -9999 -9999 -9999 -9999 -9999 -9999 -9999
6.85646E-1 6.32909E-1 6.62083E-1 6.40547E-1 6.42414E-1 6.27353E-1 6.22099E-1 5.53392E-1 5.37373E-1 5.31002E-1 8.29531E-1 7.90134E-1 8.05906E-1 8.02588E-1 8.10342E-1 7.80235E-1 7.87844E-1 7.88147E-1 7.6481E-1 7.67479E-1 7.7832E-1 7.44208E-1 7.4853E-1 7.63527E-1 7.38163E-1 7.52023E-1 7.59252E-1 8.67565E-1 7.4569E-1 7.26546E-1 7.05086E-1 7.13737E-1 6.92762E-1 7.06107E-1 6.77333E-1 6.93835E-1 -9999 -9999 -9999 -9999 -9999 -9999 -9999 -9999 -9999 -9999 -9999 -9999 -9999 -9999 -9999 -9999 -9999 -9999 -9999 -9999 -9999 -9999 -9999 -9999 -9999
6.15069E-1 6.66219E-1 6.56995E-1 6.06511E-1 6.26986E-1 6.27495E-1 6.18599E-1 5.87896E-1 5.34058E-1 5.25406E-1 8.36628E-1 8.36001E-1 8.07281E-1 8.14412E-1 8.20936E-1 7.87034E-1 8.00682E-1 8.00089E-1 7.74599E-1 7.763E-1 7.79242E-1 7.85339E-1 7.6173E-1 7.85623E-1 7.85233E-1 7.6389E-1 8.89565E-1 8.73363E-1 8.81372E-1 7.3807E-1 7.15222E-1 7.2467E-1 7.02045E-1 6.80509E-1 6.9443E-1 6.66006E-1 -9999 -9999 -9999 -9999 -9999 -9999 -9999 -9999 -9999 -9999 -9999 -9999 -9999 -9999 -9999 -9999 -9999 -9999 -9999 -9999 3.99717E-1 4.04938E-1 3.30822E-1 3.30149E-1 3.33625E-1
7.24496E-1 6.04688E-1 6.30846E-1 6.19235E-1 6.414E-1 6.3387E-1 6.07258E-1 5.39353E-1 5.22671E-1 5.06035E-1 8.45931E-1 8.42861E-1 8.16021E-1 8.16414E-1 8.28569E-1 8.3826E-1 8.02586E-1 8.11446E-1 7.87633E-1 7.86912E-1 7.99421E-1 7.67191E-1 7.82153E-1 7.96629E-1 7.67665E-1 8.91313E-1 8.75327E-1 8.81455E-1 8.67617E-1 7.54377E-1 7.24503E-1 7.39234E-1 7.16761E-1 6.97455E-1 7.04003E-1 -9999 -9999 -9999 -9999 -9999 -9999 -9999 -9999 -9999 -9999 -9999 -9999 -9999 -9999 -9999 -9999 -9999 -9999 -9999 4.70657E-1 4.0197E-1 4.02666E-1 4.08123E-1 4.09861E-1 4.09986E-1 3.3408E-1
9.17965E-1 8.81688E-1 7.50259E-1 7.84771E-1 7.22308E-1 6.54788E-1 6.249E-1 6.02456E-1 5.36422E-1 8.49705E-1 8.53935E-1 8.51679E-1 8.22201E-1 8.24448E-1 8.33228E-1 8.48283E-1 8.11843E-1 8.19042E-1 8.337E-1 8.06291E-1 8.04239E-1 7.80983E-1 7.93105E-1 7.99528E-1 8.89158E-1 8.98472E-1 8.77416E-1 8.90347E-1 8.71537E-1 8.81392E-1 7.38373E-1 7.09389E-1 7.26397E-1 6.97734E-1 -9999 -9999 -9999 -9999 -9999 -9999 -9999 -9999 -9999 -9999 -9999 -9999 -9999 -9999 -9999 -9999 -9999 -9999 -9999 4.62464E-1 4.65065E-1 4.00707E-1 4.02743E-1 4.04457E-1 4.09974E-1 3.31436E-1 3.28417E-1
7.68133E-1 7.96602E-1 7.10555E-1 7.22096E-1 7.21653E-1 6.60446E-1 6.4108E-1 6.11523E-1 5.3357E-1 8.59852E-1 8.6566E-1 8.67935E-1 8.35856E-1 8.31586E-1 8.41104E-1 8.54825E-1 8.2045E-1 8.24857E-1 8.04712E-1 8.13328E-1 8.2121E-1 7.85413E-1 8.02069E-1 7.68192E-1 7.80219E-1 7.86712E-1 8.87246E-1 8.65143E-1 8.75584E-1 8.83251E-1 7.43332E-1 7.23123E-1 7.31944E-1 7.07893E-1 -9999 -9999 -9999 -9999 -9999 -9999 -9999 -9999 -9999 -9999 -9999 -9999 -9999 -9999 -9999 -9999 -9999 4.67387E-1 -9999 4.65001E-1 4.64067E-1 4.02031E-1 4.02432E-1 4.09957E-1 4.10976E-1 4.04699E-1 4.11523E-1
6.73024E-1 7.28222E-1 7.1395E-1 7.21988E-1 6.94902E-1 6.69513E-1 6.31148E-1 6.33846E-1 6.07155E-1 8.67015E-1 8.68447E-1 8.80488E-1 8.45456E-1 8.48328E-1 8.5078E-1 8.59263E-1 8.2861E-1 8.3497E-1 8.49989E-1 8.23656E-1 8.30266E-1 7.93816E-1 8.04941E-1 7.79741E-1 7.86825E-1 7.68294E-1 7.74848E-1 7.80638E-1 7.62327E-1 7.40225E-1 7.50524E-1 7.32177E-1 7.04138E-1 -9999 -9999 -9999 -9999 -9999 -9999 -9999 -9999 -9999 -9999 -9999 -9999 -9999 -9999 -9999 -9999 -9999 -9999 4.68961E-1 -9999 4.63729E-1 4.69852E-1 4.7193E-1 -9999 4.73036E-1 4.74759E-1 4.05807E-1 4.1124E-1
7.04598E-1 7.18051E-1 7.18457E-1 7.24423E-1 7.33613E-1 7.23051E-1 6.47471E-1 6.3226E-1 6.3028E-1 8.7401E-1 8.78258E-1 8.75173E-1 8.52268E-1 8.58207E-1 8.64712E-1 8.64323E-1 8.39195E-1 8.4432E-1 8.58862E-1 8.30889E-1 8.43736E-1 8.00434E-1 8.13417E-1 7.82076E-1 7.68459E-1 7.7495E-1 7.5279E-1 7.63095E-1 7.41133E-1 7.51454E-1 7.28944E-1 7.39224E-1 -9999 -9999 -9999 -9999 -9999 -9999 -9999 -9999 -9999 -9999 -9999 -9999 -9999 -9999 -9999 -9999 -9999 -9999 -9999 4.69173E-1 4.69805E-1 4.66571E-1 4.72574E-1 4.82771E-1 4.74377E-1 4.68932E-1 4.72458E-1 4.08637E-1 4.08117E-1
8.72682E-1 8.07259E-1 7.65254E-1 7.63652E-1 7.18996E-1 7.19962E-1 7.36582E-1 6.39552E-1 8.99504E-1 8.72798E-1 8.86347E-1 8.84269E-1 8.58665E-1 8.60629E-1 8.71187E-1 8.4403E-1 8.46897E-1 8.55548E-1 8.24787E-1 8.39167E-1 8.48916E-1 8.19326E-1 7.84589E-1 7.9099E-1 7.70072E-1 7.83304E-1 7.54297E-1 7.76388E-1 7.42463E-1 7.55641E-1 7.3791E-1 7.18561E-1 -9999 -9999 -9999 -9999 -9999 -9999 -9999 -9999 -9999 -9999 -9999 -9999 -9999 -9999 -9999 -9999 5.3104E-1 -9999 -9999 5.31821E-1 5.29542E-1 4.74862E-1 -9999 -9999 -9999 -9999 4.73906E-1 4.75417E-1 4.76527E-1
8.32639E-1 7.88179E-1 7.74991E-1 7.62195E-1 7.02412E-1 7.1032E-1 7.31143E-1 6.51888E-1 6.23957E-1 9.1015E-1 8.88884E-1 8.88397E-1 8.57938E-1 8.62003E-1 8.74365E-1 8.49572E-1 8.60283E-1 8.6837E-1 8.37361E-1 8.43165E-1 8.18085E-1 8.21893E-1 7.9778E-1 8.03983E-1 7.82077E-1 7.8586E-1 7.68236E-1 7.74498E-1 7.56466E-1 7.34724E-1 7.44853E-1 7.18778E-1 -9999 -9999 -9999 -9999 -9999 -9999 -9999 -9999 -9999 -9999 -9999 -9999 -9999 -9999 -9999 -9999 5.26763E-1 5.23365E-1 5.2625E-1 -9999 -9999 -9999 -9999 -9999 -9999 -9999 -9999 -9999 4.82374E-1
8.33603E-1 8.10002E-1 7.9236E-1 7.83836E-1 7.33899E-1 6.95086E-1 6.62787E-1 6.70512E-1 9.15167E-1 9.14256E-1 8.85954E-1 8.92241E-1 8.8767E-1 8.70558E-1 8.7287E-1 8.54063E-1 8.62609E-1 8.38743E-1 8.45371E-1 8.6198E-1 8.30477E-1 8.36361E-1 8.12828E-1 8.16463E-1 7.95455E-1 7.68335E-1 7.83617E-1 7.53393E-1 7.3563E-1 7.41836E-1 7.22611E-1 -9999 -9999 -9999 -9999 -9999 -9999 -9999 -9999 -9999 -9999 -9999 -9999 -9999 -9999 -9999 -9999 -9999 5.35843E-1 5.33193E-1 5.37626E-1 -9999 -9999 -9999 -9999 -9999 -9999 5.28873E-1 -9999 -9999 -9999
8.24813E-1 8.71531E-1 8.42351E-1 8.14894E-1 7.65092E-1 7.73475E-1 7.19399E-1 6.59838E-1 9.21694E-1 9.19972E-1 8.90785E-1 9.00137E-1 8.99782E-1 8.76687E-1 8.86805E-1 8.62043E-1 8.66898E-1 8.72999E-1 8.52641E-1 8.62246E-1 8.34115E-1 8.10416E-1 8.14631E-1 7.89304E-1 7.92998E-1 7.72496E-1 7.55814E-1 7.59795E-1 7.39533E-1 7.48631E-1 7.27225E-1 6.99226E-1 -9999 -9999 -9999 -9999 -9999 -9999 -9999 -9999 -9999 -9999 -9999 -9999 -9999 -9999 -9999 -9999 -9999 -9999 -9999 -9999 -9999 -9999 -9999 -9999 -9999 -9999 -9999 -9999 5.69841E-1
8.60622E-1 8.56345E-1 8.36489E-1 8.26898E-1 8.01065E-1 7.50923E-1 7.43347E-1 6.77928E-1 9.23751E-1 9.3081E-1 9.06644E-1 9.0164E-1 9.05816E-1 8.87214E-1 8.97762E-1 8.69194E-1 8.77801E-1 8.82185E-1 8.63751E-1 8.41829E-1 8.45772E-1 8.16371E-1 8.19318E-1 7.95364E-1 8.0951E-1 7.83934E-1 7.60349E-1 7.76799E-1 7.4939E-1 7.27875E-1 6.99669E-1 7.08689E-1 -9999 -9999 -9999 -9999 -9999 -9999 -9999 -9999 -9999 -9999 -9999 -9999 -9999 -9999 -9999 -9999 -9999 -9999 -9999 -9999 -9999 -9999 -9999 -9999 -9999 -9999 5.83468E-1 5.80913E-1 5.86452E-1
8.62044E-1 8.51195E-1 8.15302E-1 8.29023E-1 7.66714E-1 7.43509E-1 7.03755E-1 6.52465E-1 9.39618E-1 9.37272E-1 9.12612E-1 9.19303E-1 9.17902E-1 8.91962E-1 9.07867E-1 8.82998E-1 8.92242E-1 8.66355E-1 8.68941E-1 8.47321E-1 8.20824E-1 8.31086E-1 8.01333E-1 8.11745E-1 7.83802E-1 7.96789E-1 7.72967E-1 7.45412E-1 7.61855E-1 7.32089E-1 7.04602E-1 6.90572E-1 7.01228E-1 -9999 -9999 -9999 -9999 -9999 -9999 -9999 -9999 -9999 -9999 -9999 -9999 -9999 -9999 -9999 -9999 -9999 -9999 -9999 -9999 -9999 -9999 -9999 -9999 -9999 5.84939E-1 5.90808E-1 6.35451E-1
8.36597E-1 8.32209E-1 7.64272E-1 7.56828E-1 6.96472E-1 6.89798E-1 7.04791E-1 6.80156E-1 9.36365E-1 9.42739E-1 9.21777E-1 9.22962E-1 9.0197E-1 9.0207E-1 9.12482E-1 8.86455E-1 8.99406E-1 8.77325E-1 8.79348E-1 8.58338E-1 8.30464E-1 8.42463E-1 8.13926E-1 7.92585E-1 7.9676E-1 7.75815E-1 7.82014E-1 7.58427E-1 7.37041E-1 7.07868E-1 7.26747E-1 6.97329E-1 6.8714E-1 6.93201E-1 6.79355E-1 -9999 -9999 -9999 -9999 6.48083E-1 6.57903E-1 -9999 -9999 -9999 -9999 -9999 -9999 -9999 -9999 -9999 -9999 -9999 -9999 -9999 -9999 -9999 -9999 -9999 6.38018E-1 6.22733E-1 6.24301E-1
8.54433E-1 7.99465E-1 7.77038E-1 7.56207E-1 7.79597E-1 7.70759E-1 7.12709E-1 9.50717E-1 9.32935E-1 9.18702E-1 9.2658E-1 9.26896E-1 9.13228E-1 9.14865E-1 8.88267E-1 8.99514E-1 9.06251E-1 8.82101E-1 8.60449E-1 8.62982E-1 8.41195E-1 8.12558E-1 8.24908E-1 7.9528E-1 7.66798E-1 7.76079E-1 7.49482E-1 7.58585E-1 7.34396E-1 7.17457E-1 6.92993E-1 7.03248E-1 6.93752E-1 6.84172E-1 6.85106E-1 6.69164E-1 6.50419E-1 6.65985E-1 6.5291E-1 6.55534E-1 6.27315E-1 -9999 -9999 -9999 -9999 -9999 -9999 -9999 -9999 -9999 -9999 -9999 -9999 -9999 -9999 -9999 6.41107E-1 6.41095E-1 -9999 6.42036E-1 6.39298E-1
8.49795E-1 8.27206E-1 8.05594E-1 7.69271E-1 7.67167E-1 6.93089E-1 6.70711E-1 9.30098E-1 9.38928E-1 9.17021E-1 9.2559E-1 9.37741E-1 9.17478E-1 9.21507E-1 9.23743E-1 9.07467E-1 8.86215E-1 8.91659E-1 8.65373E-1 8.43345E-1 8.45389E-1 8.22948E-1 7.91577E-1 7.95561E-1 7.78351E-1 7.88769E-1 7.64868E-1 7.39976E-1 7.42893E-1 7.24548E-1 7.14992E-1 -9999 -9999 -9999 -9999 -9999 -9999 -9999 6.4902E-1 6.46675E-1 6.35954E-1 6.41965E-1 -9999 -9999 -9999 -9999 -9999 -9999 -9999 -9999 -9999 -9999 -9999 -9999 -9999 -9999 -9999 -9999 -9999 6.34792E-1 6.35972E-1
8.69164E-1 8.75388E-1 8.4784E-1 8.03983E-1 7.54223E-1 6.77458E-1 6.87624E-1 9.51597E-1 9.38111E-1 9.24851E-1 9.2955E-1 9.15472E-1 9.2249E-1 8.98647E-1 9.05458E-1 8.91193E-1 8.94202E-1 8.73476E-1 8.73073E-1 8.53498E-1 8.17045E-1 8.26949E-1 7.97897E-1 8.07885E-1 7.80136E-1 7.63537E-1 7.67492E-1 7.36375E-1 -9999 -9999 -9999 -9999 -9999 -9999 6.6954E-1 -9999 -9999 -9999 -9999 -9999 -9999 5.99287E-1 6.10406E-1 6.12215E-1 -9999 -9999 -9999 -9999 -9999 -9999 -9999 -9999 -9999 -9999 -9999 -9999 -9999 -9999 -9999 6.4803E-1 6.38951E-1
8.89445E-1 8.80711E-1 8.25573E-1 8.43273E-1 8.20078E-1 7.27566E-1 7.18729E-1 9.40424E-1 9.39489E-1 9.27763E-1 9.33761E-1 9.15421E-1 9.26709E-1 9.06232E-1 9.08668E-1 8.87801E-1 8.94921E-1 8.68931E-1 8.49825E-1 8.54915E-1 8.2898E-1 8.38424E-1 8.12322E-1 7.83041E-1 7.9311E-1 -9999 -9999 -9999 -9999 -9999 -9999 -9999 -9999 -9999 -9999 -9999 -9999 -9999 -9999 -9999 -9999 -9999 -9999 6.12595E-1 -9999 -9999 -9999 -9999 -9999 -9999 -9999 -9999 -9999 -9999 -9999 -9999 -9999 -9999 -9999 6.44197E-1 6.62571E-1
8.59555E-1 8.80699E-1 8.11699E-1 8.27537E-1 8.42501E-1 7.33229E-1 9.5784E-1 9.45281E-1 9.52714E-1 9.35963E-1 9.36653E-1 9.19237E-1 9.24151E-1 9.14628E-1 9.18396E-1 8.97596E-1 8.71932E-1 8.52145E-1 8.54732E-1 8.32122E-1 8.40367E-1 8.18055E-1 7.88496E-1 7.94636E-1 -9999 -9999 -9999 -9999 -9999 -9999 -9999 -9999 -9999 -9999 -9999 -9999 -9999 -9999 -9999 -9999 -9999 -9999 -9999 -9999 -9999 -9999 -9999 -9999 -9999 6.43642E-1 6.33295E-1 6.27197E-1 -9999 -9999 -9999 -9999 -9999 -9999 6.59139E-1 6.53725E-1 6.53344E-1
8.88133E-1 8.05009E-1 8.04256E-1 8.15849E-1 8.12996E-1 9.58894E-1 6.92029E-1 9.47642E-1 9.52079E-1 9.39434E-1 9.42146E-1 9.27968E-1 9.07799E-1 9.19164E-1 8.97591E-1 9.06679E-1 8.84745E-1 8.54446E-1 8.66955E-1 -9999 -9999 -9999 -9999 -9999 -9999 -9999 -9999 -9999 -9999 -9999 -9999 -9999 -9999 -9999 -9999 -9999 -9999 -9999 -9999 -9999 -9999 -9999 -9999 -9999 -9999 -9999 -9999 -9999 -9999 6.39761E-1 6.4833E-1 6.25101E-1 6.34003E-1 6.34089E-1 6.60553E-1 -9999 -9999 -9999 6.50838E-1 6.76519E-1 6.60925E-1
