Artocarpus heterophyllus SDM files/Last interglacial/results (without bias file)/Arthet_2.asc
ncols         625
nrows         721
xllcorner     69.99986311115
yllcorner     5.99986151914999
cellsize      0.041666667
NODATA_value  -9999
[rows 540 to 566 of 721, columns 122 to 182 of 625]
8.02512E-1 8.47751E-1 8.73377E-1 8.67818E-1 8.83709E-1 8.93501E-1 8.79428E-1 9.2463E-1 8.8273E-1 9.08504E-1 8.50295E-1 7.77816E-1 7.54731E-1 7.47904E-1 7.16194E-1 7.49463E-1 7.36326E-1 7.04739E-1 6.14862E-1 7.38651E-1 8.60873E-1 7.53219E-1 7.32398E-1 7.25522E-1 4.71753E-1 5.24015E-1 7.59417E-1 8.76334E-1 6.58731E-1 2.6738E-1 3.67035E-1 6.24951E-1 5.21098E-1 3.01537E-1 1.06994E-1 1.35632E-1 1.27635E-1 1.75115E-1 1.5399E-1 1.25298E-1 3.90493E-1 3.47909E-1 2.29106E-1 1.50141E-1 1.03495E-1 5.26296E-2 1.22355E-1 1.07393E-1 1.16984E-1 1.85865E-1 1.18293E-1 9.32071E-2 6.08244E-2 3.62604E-2 2.45234E-1 4.76475E-1 1.43715E-1 1.12524E-1 3.13557E-1 1.81182E-1 1.62082E-1
7.67547E-1 8.13993E-1 8.7283E-1 8.64034E-1 9.04087E-1 8.95212E-1 8.81953E-1 9.22303E-1 9.21751E-1 8.56631E-1 8.2232E-1 8.82867E-1 7.31121E-1 7.1154E-1 7.14061E-1 7.52537E-1 7.17274E-1 6.51617E-1 6.22921E-1 6.51944E-1 8.44116E-1 6.92947E-1 8.19244E-1 8.29599E-1 4.71629E-1 5.13621E-1 7.8379E-1 8.3496E-1 6.98419E-1 4.10002E-1 2.82577E-1 7.04191E-1 5.60736E-1 2.42173E-1 9.03915E-2 1.33141E-1 2.13502E-1 5.20386E-1 1.84216E-1 7.85306E-2 2.89214E-1 8.01591E-1 4.29489E-1 3.20409E-1 1.14913E-1 6.97888E-2 1.59421E-1 8.33612E-2 1.15656E-1 1.96955E-1 1.13616E-1 1.19134E-1 8.98459E-2 5.71334E-2 2.52202E-1 3.90104E-1 7.8857E-2 1.9539E-1 4.80211E-1 5.58134E-1 2.15762E-1
8.21481E-1 7.86552E-1 8.93324E-1 8.87324E-1 8.89555E-1 8.72303E-1 8.83896E-1 8.9801E-1 9.21849E-1 8.56583E-1 8.78858E-1 8.71751E-1 8.40912E-1 7.42943E-1 7.1246E-1 7.68835E-1 7.36259E-1 6.58865E-1 6.23484E-1 7.1606E-1 7.71777E-1 7.60679E-1 8.86603E-1 7.41266E-1 6.50293E-1 6.52046E-1 5.52575E-1 7.19351E-1 9.44179E-1 6.04616E-1 2.40915E-1 6.60095E-1 5.94149E-1 3.18278E-1 8.62766E-2 1.33106E-1 2.05285E-1 7.63384E-1 4.65765E-1 8.69856E-2 9.48995E-2 5.74876E-1 4.67776E-1 2.41489E-1 9.30523E-2 1.25753E-1 1.2586E-1 7.40218E-2 7.08424E-2 2.24312E-1 4.11987E-1 2.28313E-1 1.09449E-1 1.11636E-1 2.44612E-1 6.18046E-1 2.64273E-1 4.297E-1 5.14888E-1 5.84169E-1 4.86618E-1
8.33996E-1 8.22676E-1 9.03398E-1 9.07277E-1 8.84178E-1 8.97604E-1 8.87806E-1 8.73004E-1 9.17649E-1 8.74278E-1 8.87497E-1 8.8231E-1 8.98919E-1 8.15134E-1 8.47032E-1 7.78735E-1 7.15344E-1 7.50953E-1 6.36114E-1 6.82038E-1 7.12743E-1 7.23842E-1 9.06758E-1 7.94302E-1 7.61335E-1 9.14762E-1 6.92397E-1 4.23618E-1 9.13938E-1 9.15037E-1 3.14482E-1 4.38254E-1 3.71416E-1 2.30732E-1 1.41415E-1 1.36683E-1 3.86399E-1 5.88158E-1 8.82228E-1 3.78366E-1 8.91277E-2 4.02774E-1 1.78547E-1 2.65635E-1 1.43553E-1 1.37796E-1 8.15455E-2 5.5917E-2 1.0531E-1 4.4768E-1 7.54064E-1 1.89009E-1 3.80028E-1 1.38561E-1 1.44296E-1 4.92958E-1 4.46669E-1 6.60318E-1 6.33228E-1 5.46064E-1 6.31328E-1
8.04473E-1 8.56338E-1 8.75288E-1 8.88731E-1 8.75652E-1 9.01849E-1 9.03112E-1 8.93041E-1 8.97341E-1 8.88689E-1 8.7438E-1 8.8846E-1 9.07371E-1 8.86602E-1 8.55076E-1 7.95303E-1 7.40627E-1 6.94191E-1 6.55813E-1 6.10865E-1 5.99442E-1 7.56293E-1 9.269E-1 9.14209E-1 9.4359E-1 9.54471E-1 8.96295E-1 3.07529E-1 9.17618E-1 9.5773E-1 6.55218E-1 3.33546E-1 6.37473E-1 1.73674E-1 4.04271E-1 1.60451E-1 4.75057E-1 5.23962E-1 8.48274E-1 6.58716E-1 4.58185E-1 2.05659E-1 1.09241E-1 2.37857E-1 2.88897E-1 1.30266E-1 1.26726E-1 1.46921E-1 1.41473E-1 4.26871E-1 6.04342E-1 4.16005E-1 7.68048E-1 1.70351E-1 1.73227E-1 4.95402E-1 4.48231E-1 5.0694E-1 6.80482E-1 5.41516E-1 5.22089E-1
8.04606E-1 8.40758E-1 8.48167E-1 8.83355E-1 8.61632E-1 8.99575E-1 8.98119E-1 9.27403E-1 9.11842E-1 9.03166E-1 9.10531E-1 9.03602E-1 9.12268E-1 9.03035E-1 8.60782E-1 8.00927E-1 8.04465E-1 7.26449E-1 6.83947E-1 7.09429E-1 6.55241E-1 8.02278E-1 8.90887E-1 8.7763E-1 9.11499E-1 9.2354E-1 9.66727E-1 7.63794E-1 3.87399E-1 5.54608E-1 8.83785E-1 6.61694E-1 5.25711E-1 2.78414E-1 8.33393E-1 5.10938E-1 4.38331E-1 1.54605E-1 4.13015E-1 6.94161E-1 4.07303E-1 3.57765E-1 1.83062E-1 1.60988E-1 2.16066E-1 2.26269E-1 3.6545E-1 3.09059E-1 2.35912E-1 3.61136E-1 2.81907E-1 5.59503E-1 5.19492E-1 3.24878E-1 5.76023E-1 4.9385E-1 4.76626E-1 4.76788E-1 3.72287E-1 5.29318E-1 4.79404E-1
8.08083E-1 7.99399E-1 8.60109E-1 8.34418E-1 8.55546E-1 9.33372E-1 9.32154E-1 9.17488E-1 9.24832E-1 9.18484E-1 9.16675E-1 8.96551E-1 9.11013E-1 9.11337E-1 8.89697E-1 8.31797E-1 7.96785E-1 7.76705E-1 7.38082E-1 7.04156E-1 6.15894E-1 7.2208E-1 8.14732E-1 7.85241E-1 7.79063E-1 8.70887E-1 9.6581E-1 7.29427E-1 4.03697E-1 5.78345E-1 9.58983E-1 9.11482E-1 7.85004E-1 4.83778E-1 3.8357E-1 3.4585E-1 7.7206E-1 2.91634E-1 1.7317E-1 6.26241E-1 4.3795E-1 3.8199E-1 2.43478E-1 2.19529E-1 6.75597E-1 7.3713E-1 6.1794E-1 6.62195E-1 5.96956E-1 5.6912E-1 5.78917E-1 4.72327E-1 5.25978E-1 5.8686E-1 5.06691E-1 5.96143E-1 5.30595E-1 5.60584E-1 3.69694E-1 4.80628E-1 4.57789E-1
9.03791E-1 7.90049E-1 8.4732E-1 8.80151E-1 8.71528E-1 9.12014E-1 9.19868E-1 9.09976E-1 9.16012E-1 9.43815E-1 9.07441E-1 9.00524E-1 9.03956E-1 9.02237E-1 8.66674E-1 8.29964E-1 7.9288E-1 7.60832E-1 7.39802E-1 6.64165E-1 6.71164E-1 7.09935E-1 7.59581E-1 7.2122E-1 7.13434E-1 8.88762E-1 9.40366E-1 8.45787E-1 6.76905E-1 8.92212E-1 8.6679E-1 5.63773E-1 5.81605E-1 6.79378E-1 3.20022E-1 2.77497E-1 5.33901E-1 5.81997E-1 2.98855E-1 2.8853E-1 7.02974E-1 3.26271E-1 1.9429E-1 7.19247E-1 7.906E-1 7.78956E-1 7.64376E-1 6.55495E-1 5.74789E-1 5.8041E-1 5.31511E-1 5.1687E-1 5.62182E-1 6.07138E-1 4.96593E-1 5.93788E-1 4.42731E-1 4.35319E-1 4.55092E-1 4.88567E-1 4.54939E-1
8.93019E-1 8.2566E-1 8.33197E-1 8.85791E-1 8.8772E-1 9.25152E-1 8.89925E-1 9.41857E-1 8.97278E-1 9.40069E-1 9.45982E-1 8.84523E-1 8.93696E-1 8.92237E-1 8.9739E-1 8.8615E-1 7.99408E-1 7.60339E-1 7.3733E-1 7.21493E-1 6.95433E-1 6.63744E-1 7.37405E-1 6.90641E-1 6.56779E-1 7.42891E-1 9.73337E-1 8.53024E-1 7.78474E-1 8.08954E-1 7.5489E-1 7.25157E-1 4.53206E-1 4.21227E-1 5.39299E-1 3.41957E-1 2.82726E-1 3.246E-1 4.21305E-1 3.5555E-1 4.55744E-1 3.6142E-1 5.03938E-1 8.06051E-1 8.80422E-1 6.37696E-1 6.71382E-1 6.8787E-1 6.43044E-1 5.85983E-1 5.06703E-1 4.78041E-1 5.70176E-1 6.19918E-1 5.69367E-1 4.43183E-1 5.90624E-1 5.40161E-1 4.92198E-1 4.75941E-1 4.96861E-1
9.08162E-1 8.77829E-1 8.19822E-1 8.57781E-1 9.00569E-1 8.94178E-1 8.92935E-1 8.69086E-1 9.37497E-1 9.32609E-1 9.49803E-1 9.37168E-1 9.15507E-1 9.09596E-1 9.33715E-1 9.00396E-1 8.18965E-1 7.75035E-1 7.34546E-1 7.09184E-1 6.98257E-1 6.72078E-1 6.48259E-1 6.48364E-1 7.28754E-1 8.80859E-1 9.30566E-1 9.58615E-1 8.65034E-1 7.6297E-1 7.17345E-1 7.20707E-1 5.99519E-1 5.30878E-1 5.47265E-1 6.07041E-1 5.55645E-1 5.58004E-1 5.33845E-1 5.83296E-1 5.85372E-1 4.30893E-1 4.42784E-1 8.06154E-1 8.32993E-1 8.03951E-1 8.44345E-1 7.047E-1 6.51747E-1 6.50175E-1 4.97772E-1 5.03529E-1 6.21584E-1 6.53337E-1 5.48098E-1 4.80573E-1 5.63524E-1 6.05124E-1 4.51206E-1 4.76905E-1 5.2539E-1
9.05597E-1 8.76703E-1 8.21994E-1 7.9051E-1 8.95885E-1 8.75224E-1 8.90164E-1 8.82045E-1 9.02437E-1 9.24513E-1 9.30321E-1 9.46086E-1 9.43459E-1 8.99558E-1 8.87031E-1 9.21454E-1 9.00941E-1 8.46388E-1 7.45607E-1 7.08582E-1 6.97574E-1 6.85628E-1 6.76453E-1 6.56746E-1 7.07693E-1 9.00092E-1 9.81812E-1 9.82683E-1 9.57065E-1 8.23465E-1 7.26273E-1 6.96566E-1 6.46514E-1 6.31495E-1 6.6456E-1 5.97755E-1 6.21232E-1 5.33334E-1 5.29324E-1 5.37306E-1 4.85925E-1 2.8092E-1 8.52653E-1 8.39327E-1 8.79512E-1 8.38479E-1 8.57118E-1 7.69589E-1 6.68887E-1 6.28603E-1 5.03899E-1 4.44638E-1 6.1573E-1 6.60003E-1 5.27348E-1 4.94168E-1 6.21026E-1 5.40152E-1 4.46386E-1 4.84393E-1 6.01171E-1
9.00062E-1 8.85641E-1 8.84987E-1 8.74341E-1 8.44906E-1 8.91168E-1 9.04198E-1 8.51963E-1 8.53001E-1 8.47025E-1 9.22935E-1 9.55774E-1 9.62143E-1 9.21918E-1 8.95764E-1 9.08089E-1 8.98782E-1 8.96018E-1 7.6167E-1 7.65309E-1 6.94671E-1 6.76249E-1 6.77796E-1 6.48729E-1 6.63107E-1 7.82546E-1 9.52532E-1 9.72958E-1 9.7304E-1 9.16325E-1 8.65849E-1 8.44071E-1 8.34943E-1 5.9346E-1 7.27133E-1 5.85422E-1 5.91637E-1 6.51613E-1 5.0408E-1 5.29016E-1 4.84281E-1 3.34525E-1 5.23289E-1 8.47135E-1 8.55534E-1 8.61564E-1 8.04321E-1 7.8291E-1 7.07226E-1 5.94428E-1 5.31757E-1 5.07501E-1 5.97526E-1 6.87946E-1 5.43863E-1 5.33744E-1 6.07183E-1 4.72188E-1 4.82692E-1 5.52412E-1 7.26046E-1
9.23941E-1 9.2551E-1 8.98649E-1 9.09819E-1 8.65186E-1 9.08804E-1 9.02858E-1 8.71193E-1 8.63941E-1 8.69551E-1 8.68357E-1 9.41507E-1 9.50332E-1 9.58345E-1 9.09593E-1 8.71543E-1 8.9075E-1 9.08903E-1 8.34041E-1 7.89278E-1 7.0555E-1 6.81832E-1 6.72228E-1 6.47907E-1 6.40535E-1 7.2367E-1 8.73874E-1 9.6572E-1 9.64321E-1 8.88166E-1 8.93464E-1 8.27388E-1 9.29512E-1 9.03093E-1 8.37227E-1 6.09385E-1 5.63029E-1 5.43645E-1 5.27554E-1 6.9506E-1 7.11517E-1 4.70042E-1 4.0203E-1 4.8419E-1 8.56726E-1 8.48322E-1 7.63163E-1 7.77502E-1 6.37216E-1 5.84514E-1 5.17687E-1 6.20294E-1 6.84816E-1 7.59383E-1 6.06458E-1 5.64321E-1 5.40206E-1 4.70859E-1 5.26555E-1 5.90686E-1 8.28456E-1
9.23509E-1 9.16504E-1 9.0634E-1 9.05284E-1 9.07027E-1 8.95706E-1 9.20352E-1 8.85746E-1 9.1244E-1 8.53768E-1 8.80454E-1 8.82203E-1 9.32748E-1 9.43316E-1 9.10246E-1 8.75692E-1 8.56954E-1 8.60069E-1 8.35237E-1 7.96025E-1 7.08613E-1 7.33602E-1 7.09001E-1 6.57654E-1 6.45463E-1 8.21504E-1 7.74488E-1 9.59007E-1 9.65777E-1 8.60345E-1 9.00624E-1 9.3823E-1 9.62894E-1 9.36626E-1 9.13519E-1 6.93892E-1 6.03265E-1 5.63966E-1 5.50422E-1 5.33234E-1 6.61508E-1 5.10976E-1 3.47154E-1 4.5945E-1 7.90779E-1 7.77802E-1 7.98451E-1 7.83277E-1 7.53472E-1 5.75626E-1 5.89389E-1 7.63179E-1 7.83939E-1 7.5742E-1 6.69852E-1 4.87228E-1 4.81661E-1 4.60915E-1 5.59243E-1 5.91204E-1 7.74307E-1
9.34458E-1 9.09035E-1 8.92427E-1 9.12393E-1 9.05494E-1 8.96536E-1 9.2282E-1 9.01407E-1 8.94829E-1 8.48449E-1 8.91358E-1 8.76747E-1 8.97432E-1 9.31823E-1 9.54696E-1 8.9532E-1 8.7604E-1 8.60245E-1 8.44183E-1 8.20491E-1 7.54891E-1 7.26723E-1 7.1509E-1 6.58902E-1 6.58515E-1 8.58151E-1 7.66168E-1 9.5246E-1 9.25339E-1 8.64222E-1 9.18301E-1 9.21634E-1 9.66597E-1 9.46298E-1 9.09416E-1 7.04736E-1 5.91838E-1 5.54764E-1 5.45338E-1 5.2172E-1 4.69E-1 5.29985E-1 5.10825E-1 3.99663E-1 5.31882E-1 7.03644E-1 7.71002E-1 7.1448E-1 6.72083E-1 7.0264E-1 7.08042E-1 7.96332E-1 8.42662E-1 8.36441E-1 6.15721E-1 6.01984E-1 6.641E-1 5.23774E-1 4.80233E-1 5.33336E-1 7.60847E-1
9.215E-1 9.2757E-1 9.04662E-1 9.05467E-1 9.12013E-1 9.15925E-1 9.21876E-1 8.97446E-1 8.88106E-1 8.60518E-1 8.6435E-1 9.09169E-1 8.88525E-1 9.39416E-1 9.52687E-1 8.99579E-1 9.09089E-1 8.6484E-1 8.60852E-1 8.3388E-1 7.58023E-1 7.29578E-1 7.09868E-1 7.19189E-1 6.58744E-1 8.0572E-1 8.05812E-1 9.11115E-1 9.45013E-1 9.01308E-1 9.42893E-1 9.23361E-1 9.72198E-1 9.41696E-1 9.26089E-1 8.76256E-1 7.00035E-1 5.94111E-1 6.71208E-1 5.16939E-1 5.18071E-1 4.75417E-1 5.32554E-1 4.47157E-1 2.94894E-1 8.1291E-1 7.40262E-1 6.50776E-1 6.08953E-1 6.33109E-1 8.34967E-1 7.31473E-1 7.9298E-1 8.00129E-1 7.22412E-1 6.79485E-1 6.8592E-1 5.53628E-1 4.69461E-1 5.39654E-1 6.96824E-1
9.40391E-1 9.36625E-1 9.30308E-1 9.19731E-1 9.28424E-1 9.24741E-1 9.02547E-1 9.03081E-1 8.83403E-1 8.96945E-1 9.06161E-1 7.45521E-1 9.12968E-1 9.11616E-1 9.11478E-1 9.12915E-1 9.14286E-1 8.75367E-1 8.38682E-1 8.16639E-1 7.98548E-1 7.50407E-1 7.08774E-1 7.06634E-1 6.94403E-1 7.04682E-1 7.96392E-1 8.25676E-1 9.4965E-1 9.2409E-1 9.56638E-1 9.644E-1 9.4602E-1 9.22835E-1 9.18861E-1 9.0546E-1 7.66424E-1 7.40954E-1 6.87862E-1 4.83479E-1 4.82495E-1 5.08173E-1 5.2016E-1 3.8852E-1 3.1821E-1 8.01995E-1 7.92055E-1 6.54235E-1 6.06781E-1 6.82455E-1 6.97576E-1 8.52095E-1 8.20051E-1 8.21414E-1 7.44327E-1 6.40984E-1 7.32468E-1 5.00852E-1 4.37444E-1 4.83357E-1 5.89125E-1
9.21749E-1 9.19654E-1 9.22486E-1 9.25791E-1 9.21158E-1 8.9972E-1 8.74009E-1 8.9195E-1 8.87822E-1 9.12137E-1 8.89314E-1 8.98189E-1 8.74063E-1 8.89024E-1 8.99375E-1 9.03172E-1 9.12581E-1 8.66869E-1 8.30705E-1 8.09428E-1 7.76419E-1 7.4429E-1 7.22329E-1 7.06462E-1 6.86638E-1 7.53659E-1 7.97999E-1 9.09529E-1 9.50664E-1 9.39265E-1 9.54433E-1 9.50302E-1 9.44973E-1 9.35144E-1 8.87681E-1 8.71953E-1 8.77992E-1 8.60047E-1 6.63634E-1 5.38289E-1 5.20054E-1 5.0532E-1 4.98449E-1 4.67073E-1 3.45401E-1 3.33325E-1 7.47288E-1 6.68991E-1 6.45831E-1 7.13744E-1 7.39159E-1 7.77727E-1 8.55141E-1 8.08016E-1 6.86765E-1 7.73179E-1 6.01176E-1 5.12727E-1 4.54199E-1 4.25237E-1 5.26582E-1
9.48668E-1 9.14338E-1 9.05821E-1 9.25913E-1 9.24466E-1 9.1774E-1 9.10365E-1 8.95114E-1 9.25794E-1 9.15088E-1 8.775E-1 9.2462E-1 8.76612E-1 8.67067E-1 8.83445E-1 9.00343E-1 9.06949E-1 8.89582E-1 8.47797E-1 8.28851E-1 7.9671E-1 7.62191E-1 7.24213E-1 7.18499E-1 7.07887E-1 7.15491E-1 8.26165E-1 9.42202E-1 9.14058E-1 9.53959E-1 9.29374E-1 9.64754E-1 9.56214E-1 9.1549E-1 9.28879E-1 8.70601E-1 7.97783E-1 8.8762E-1 7.69028E-1 5.42982E-1 5.48993E-1 5.6656E-1 5.21396E-1 4.98268E-1 5.32323E-1 3.64383E-1 8.12481E-1 7.76026E-1 6.70305E-1 6.60732E-1 7.91601E-1 8.35566E-1 8.1818E-1 7.91856E-1 6.47308E-1 5.1855E-1 6.50387E-1 5.8716E-1 5.28583E-1 4.11605E-1 4.90752E-1
9.27026E-1 9.1409E-1 9.23992E-1 9.22802E-1 9.19132E-1 9.15751E-1 9.01855E-1 8.87637E-1 9.09208E-1 9.22202E-1 9.04236E-1 9.29107E-1 8.84114E-1 8.76486E-1 9.182E-1 9.35056E-1 9.18781E-1 9.05421E-1 8.3663E-1 8.14961E-1 8.63016E-1 8.32629E-1 7.43477E-1 7.27819E-1 7.71467E-1 7.42369E-1 7.26815E-1 8.12878E-1 9.63521E-1 9.53289E-1 8.95724E-1 9.387E-1 9.5493E-1 9.26917E-1 9.48811E-1 8.60239E-1 8.07132E-1 8.71685E-1 7.42606E-1 5.72318E-1 5.25679E-1 5.09273E-1 5.54321E-1 5.333E-1 5.28333E-1 3.93165E-1 6.76792E-1 7.85171E-1 6.2728E-1 7.0467E-1 7.52071E-1 7.06032E-1 6.80482E-1 6.60957E-1 6.4247E-1 4.99991E-1 6.79542E-1 5.23869E-1 4.12166E-1 4.3825E-1 5.23855E-1
9.35831E-1 9.33856E-1 9.40156E-1 9.36793E-1 9.08678E-1 9.10424E-1 8.90876E-1 9.08636E-1 8.88125E-1 9.20066E-1 9.13186E-1 9.2059E-1 9.14121E-1 8.81951E-1 8.79209E-1 9.29412E-1 9.45974E-1 9.46494E-1 8.46907E-1 8.35196E-1 8.53786E-1 8.43282E-1 7.94566E-1 7.79085E-1 7.70325E-1 7.57051E-1 7.4391E-1 7.79734E-1 8.69838E-1 9.81512E-1 9.41099E-1 8.87528E-1 9.42109E-1 9.61931E-1 9.507E-1 9.04445E-1 8.41015E-1 8.54017E-1 8.38434E-1 7.41992E-1 6.53041E-1 5.52124E-1 5.77554E-1 5.65102E-1 5.48185E-1 6.25898E-1 4.21811E-1 8.3279E-1 7.08375E-1 8.29673E-1 6.20336E-1 6.82252E-1 8.26755E-1 8.28429E-1 6.46413E-1 7.77911E-1 7.14445E-1 5.05202E-1 4.40516E-1 4.42326E-1 4.33972E-1
9.09418E-1 9.27192E-1 9.11139E-1 9.28238E-1 8.90286E-1 8.9333E-1 8.86368E-1 8.91405E-1 8.42664E-1 9.06709E-1 9.00223E-1 8.93269E-1 9.06134E-1 8.62479E-1 9.39984E-1 9.40654E-1 9.59903E-1 9.36119E-1 9.2085E-1 8.97814E-1 8.61608E-1 8.33351E-1 7.91207E-1 7.73394E-1 7.7788E-1 7.01164E-1 6.98488E-1 8.13443E-1 9.03385E-1 9.63586E-1 9.85454E-1 9.1531E-1 9.41371E-1 9.68327E-1 9.3338E-1 8.75444E-1 8.40753E-1 9.28414E-1 8.74791E-1 7.8391E-1 8.43848E-1 5.74229E-1 5.84338E-1 5.68169E-1 6.21648E-1 6.13061E-1 5.57517E-1 7.94921E-1 6.94499E-1 7.5873E-1 7.48367E-1 6.63652E-1 6.56405E-1 8.12534E-1 8.46285E-1 7.89589E-1 6.12001E-1 5.57344E-1 5.20286E-1 4.55542E-1 4.37243E-1
9.46924E-1 9.39954E-1 9.16786E-1 9.20946E-1 9.16339E-1 8.84157E-1 8.83487E-1 8.80878E-1 8.90867E-1 8.96616E-1 8.77504E-1 8.73326E-1 9.21528E-1 8.86488E-1 8.6275E-1 9.5335E-1 9.61333E-1 9.5931E-1 9.45396E-1 9.11765E-1 8.70911E-1 8.49225E-1 8.08224E-1 7.92057E-1 7.6798E-1 6.95927E-1 6.86772E-1 8.10406E-1 8.78664E-1 9.2375E-1 9.77691E-1 9.37295E-1 9.7155E-1 9.43869E-1 9.02917E-1 8.84211E-1 8.91167E-1 9.30739E-1 8.48916E-1 8.39417E-1 8.0376E-1 6.39716E-1 7.49955E-1 6.43617E-1 6.95692E-1 6.78775E-1 5.8923E-1 7.39285E-1 6.95357E-1 7.63177E-1 8.3121E-1 6.51785E-1 5.53127E-1 5.55995E-1 8.30251E-1 7.09848E-1 5.71433E-1 6.47059E-1 5.31838E-1 4.74651E-1 4.53075E-1
9.39595E-1 9.18752E-1 9.2406E-1 9.4368E-1 9.12906E-1 9.24583E-1 9.16394E-1 9.08826E-1 8.99431E-1 8.63198E-1 8.5149E-1 8.41003E-1 8.92762E-1 8.8917E-1 8.6402E-1 9.4145E-1 9.78568E-1 9.67234E-1 9.5091E-1 9.19694E-1 8.97333E-1 8.50805E-1 8.1788E-1 8.29166E-1 7.89898E-1 7.56722E-1 7.71415E-1 8.35013E-1 9.09677E-1 9.01147E-1 9.7534E-1 9.82136E-1 9.63981E-1 9.44107E-1 8.95884E-1 8.7838E-1 9.72858E-1 8.41008E-1 8.75761E-1 8.6455E-1 8.67956E-1 6.26166E-1 6.51568E-1 7.2555E-1 7.77956E-1 7.08518E-1 7.39036E-1 7.2192E-1 6.70593E-1 8.01875E-1 8.22598E-1 6.38703E-1 7.20211E-1 5.6359E-1 5.59926E-1 7.38061E-1 7.54308E-1 5.75863E-1 5.05588E-1 5.23381E-1 4.76787E-1
9.40167E-1 9.2049E-1 9.36971E-1 8.98078E-1 8.7548E-1 8.73566E-1 8.85364E-1 9.18693E-1 9.19358E-1 9.06141E-1 8.55686E-1 8.41367E-1 8.57607E-1 8.74025E-1 8.63201E-1 9.56458E-1 9.63227E-1 9.55561E-1 9.32913E-1 9.36254E-1 9.02616E-1 7.90279E-1 8.43148E-1 8.47119E-1 8.42413E-1 7.88899E-1 8.32821E-1 8.63323E-1 8.96084E-1 9.44251E-1 9.44294E-1 9.80712E-1 9.87625E-1 9.19186E-1 9.10168E-1 8.83892E-1 9.5987E-1 9.00894E-1 8.32767E-1 9.38538E-1 8.65567E-1 6.89607E-1 5.56395E-1 5.77023E-1 6.67136E-1 7.06459E-1 7.0442E-1 7.56378E-1 7.1529E-1 7.94519E-1 7.13404E-1 5.91135E-1 5.56439E-1 5.65027E-1 5.5513E-1 7.59479E-1 7.22623E-1 4.69958E-1 4.53395E-1 5.2111E-1 4.37598E-1
9.56477E-1 9.36746E-1 8.96918E-1 9.03575E-1 8.89322E-1 8.83916E-1 8.77656E-1 9.14928E-1 9.20315E-1 9.34682E-1 8.80056E-1 8.7019E-1 8.52009E-1 8.96155E-1 9.40402E-1 9.73975E-1 9.80242E-1 9.56535E-1 9.45139E-1 9.23132E-1 8.91234E-1 8.1519E-1 8.81174E-1 8.64934E-1 8.53746E-1 7.91121E-1 8.05406E-1 8.70203E-1 8.76147E-1 9.58594E-1 9.72973E-1 9.83183E-1 9.81869E-1 9.70935E-1 9.48541E-1 9.01655E-1 9.55241E-1 9.22622E-1 8.59215E-1 9.43257E-1 8.45486E-1 8.60178E-1 6.26111E-1 6.18422E-1 7.45209E-1 7.70866E-1 7.60321E-1 7.81362E-1 8.4285E-1 8.29929E-1 6.8026E-1 6.1527E-1 5.10126E-1 5.70198E-1 5.36339E-1 6.88424E-1 7.09458E-1 4.96288E-1 5.4415E-1 4.43119E-1 4.21161E-1
9.60234E-1 9.37332E-1 9.39164E-1 9.39691E-1 9.19779E-1 8.66207E-1 9.03153E-1 9.2652E-1 9.0593E-1 9.1229E-1 9.62725E-1 8.85765E-1 8.4419E-1 8.84667E-1 9.32078E-1 9.44074E-1 9.76945E-1 9.62621E-1 9.57649E-1 9.4026E-1 8.79224E-1 8.26563E-1 8.29661E-1 8.67606E-1 8.50524E-1 8.26768E-1 8.04957E-1 8.53676E-1 8.6769E-1 9.02639E-1 9.56103E-1 9.82952E-1 9.74486E-1 9.83843E-1 9.70677E-1 9.61994E-1 9.46159E-1 8.79155E-1 9.33737E-1 8.92692E-1 8.39295E-1 9.22818E-1 8.86827E-1 8.78855E-1 8.34349E-1 8.32715E-1 8.18355E-1 8.61721E-1 8.46027E-1 8.21569E-1 8.15286E-1 6.54772E-1 6.06328E-1 5.54594E-1 5.68364E-1 5.01502E-1 6.90603E-1 5.87305E-1 4.99609E-1 4.02858E-1 4.47788E-1
