Artocarpus heterophyllus SDM files/Last interglacial/results (without bias file)/Arthet_7.asc
ncols         625
nrows         721
xllcorner     69.99986311115
yllcorner     5.99986151914999
cellsize      0.041666667
NODATA_value  -9999
[rows 297 to 323 of 721, columns 366 to 426 of 625]
1.44613E-1 1.36826E-1 1.38825E-1 1.37981E-1 1.30967E-1 1.31789E-1 1.31107E-1 1.32379E-1 1.36884E-1 1.38684E-1 1.31375E-1 1.33521E-1 1.43952E-1 1.63068E-1 1.64953E-1 1.63654E-1 1.5418E-1 1.43374E-1 1.42179E-1 1.39087E-1 1.39391E-1 1.37311E-1 1.47335E-1 1.50479E-1 1.46152E-1 1.41895E-1 1.41829E-1 1.47158E-1 1.43831E-1 1.44834E-1 1.41145E-1 1.38477E-1 1.45267E-1 1.56595E-1 1.56367E-1 1.50187E-1 1.64887E-1 1.6893E-1 1.59788E-1 1.5508E-1 1.62426E-1 1.59879E-1 1.65583E-1 1.85383E-1 1.9314E-1 1.77678E-1 1.83771E-1 1.97641E-1 1.98008E-1 2.04149E-1 1.86531E-1 1.75192E-1 1.87153E-1 1.91197E-1 1.92642E-1 2.0464E-1 2.09105E-1 1.95297E-1 1.96312E-1 1.9677E-1 1.96763E-1
1.31351E-1 1.4897E-1 1.66546E-1 1.66108E-1 1.56236E-1 1.50251E-1 1.58224E-1 1.43673E-1 1.46001E-1 1.38705E-1 1.40959E-1 1.51665E-1 1.60798E-1 1.6783E-1 1.62157E-1 1.49579E-1 1.4907E-1 1.3598E-1 1.34848E-1 1.39726E-1 1.39053E-1 1.40636E-1 1.48415E-1 1.4103E-1 1.40968E-1 1.47519E-1 1.51148E-1 1.51836E-1 1.44219E-1 1.48559E-1 1.45737E-1 1.47E-1 1.52585E-1 1.53357E-1 1.49766E-1 1.50096E-1 1.708E-1 1.41781E-1 1.49248E-1 1.57442E-1 1.56148E-1 1.62583E-1 1.66579E-1 1.56844E-1 1.74545E-1 1.76293E-1 1.77489E-1 1.85189E-1 1.97791E-1 1.94252E-1 1.8958E-1 1.92374E-1 1.79514E-1 1.86337E-1 1.76717E-1 1.80791E-1 1.90172E-1 1.90118E-1 1.91105E-1 1.80126E-1 1.85995E-1
1.45725E-1 1.63477E-1 1.75063E-1 1.82074E-1 1.99628E-1 2.01501E-1 1.9315E-1 1.56895E-1 1.55068E-1 1.52362E-1 1.48913E-1 1.74908E-1 1.7702E-1 2.01324E-1 2.14696E-1 1.64585E-1 1.56543E-1 1.39186E-1 1.41705E-1 1.43173E-1 1.4206E-1 1.4272E-1 1.4052E-1 1.52231E-1 1.50044E-1 1.43672E-1 1.40823E-1 1.44094E-1 1.49233E-1 1.4885E-1 1.51811E-1 1.52225E-1 1.50811E-1 1.47482E-1 1.58304E-1 1.58699E-1 1.48615E-1 1.58636E-1 1.62105E-1 1.60329E-1 1.71444E-1 1.63697E-1 1.6278E-1 1.69931E-1 1.63095E-1 1.63882E-1 1.69101E-1 1.74887E-1 1.89883E-1 1.91065E-1 1.86895E-1 1.86106E-1 1.78837E-1 1.82373E-1 1.79849E-1 1.82096E-1 1.68565E-1 1.73667E-1 1.78323E-1 1.89736E-1 1.94948E-1
1.81254E-1 1.91328E-1 1.91861E-1 2.057E-1 2.31285E-1 2.1407E-1 1.95911E-1 1.76708E-1 1.50251E-1 1.54557E-1 1.52174E-1 1.67269E-1 1.75421E-1 2.16224E-1 2.18431E-1 1.80459E-1 1.66101E-1 1.46963E-1 1.5702E-1 1.48221E-1 1.4477E-1 1.43273E-1 1.41073E-1 1.42905E-1 1.41622E-1 1.43321E-1 1.41823E-1 1.51875E-1 1.50079E-1 1.51486E-1 1.53282E-1 1.56425E-1 1.59807E-1 1.58275E-1 1.62445E-1 1.6925E-1 1.6703E-1 1.6943E-1 1.80205E-1 1.78408E-1 1.69979E-1 1.56863E-1 1.54782E-1 1.62854E-1 1.6952E-1 1.71632E-1 1.73203E-1 1.6876E-1 1.85647E-1 1.98341E-1 1.85458E-1 1.81946E-1 1.73119E-1 1.71108E-1 1.71593E-1 1.72079E-1 1.74065E-1 1.73809E-1 1.71572E-1 1.74911E-1 1.75837E-1
1.69185E-1 1.76611E-1 1.93677E-1 2.01586E-1 1.87146E-1 1.89509E-1 1.89772E-1 1.91824E-1 1.83096E-1 1.67054E-1 1.58531E-1 1.50438E-1 1.49425E-1 1.72532E-1 1.84475E-1 1.94241E-1 1.96856E-1 1.92185E-1 1.78166E-1 1.6365E-1 1.51599E-1 1.38145E-1 1.45305E-1 1.5031E-1 1.45534E-1 1.47613E-1 1.45352E-1 1.54123E-1 1.53541E-1 1.54576E-1 1.56383E-1 1.69562E-1 1.51775E-1 1.54028E-1 1.66237E-1 1.63849E-1 1.52067E-1 1.53939E-1 1.59121E-1 1.56306E-1 1.57825E-1 1.70611E-1 1.66015E-1 1.69521E-1 1.70402E-1 1.84147E-1 1.78332E-1 1.67614E-1 1.69444E-1 1.66672E-1 1.71149E-1 1.82602E-1 1.90581E-1 1.9915E-1 1.89013E-1 1.965E-1 2.12646E-1 1.85607E-1 1.74926E-1 1.616E-1 1.61817E-1
1.80239E-1 1.77081E-1 1.76422E-1 1.83687E-1 1.8922E-1 1.88976E-1 1.88814E-1 1.89667E-1 1.84918E-1 1.73403E-1 1.70021E-1 1.51658E-1 1.74447E-1 1.54844E-1 1.52066E-1 1.7376E-1 1.89899E-1 1.87678E-1 1.79724E-1 1.67752E-1 1.51723E-1 1.55096E-1 1.67607E-1 1.71789E-1 1.53842E-1 1.50957E-1 1.57477E-1 1.6444E-1 1.69821E-1 1.70231E-1 1.68506E-1 1.64405E-1 1.56438E-1 1.54093E-1 1.42636E-1 1.48993E-1 1.47365E-1 1.52243E-1 1.54205E-1 1.56625E-1 1.63361E-1 1.53188E-1 1.69621E-1 1.76765E-1 1.85318E-1 1.76417E-1 1.76211E-1 1.87178E-1 1.91237E-1 1.80374E-1 1.82956E-1 1.87312E-1 1.89784E-1 1.82722E-1 1.8324E-1 1.83067E-1 1.86108E-1 1.8906E-1 1.65904E-1 1.65177E-1 1.80385E-1
1.79921E-1 1.82106E-1 1.861E-1 1.91247E-1 1.81755E-1 1.90132E-1 1.92434E-1 1.8538E-1 2.14057E-1 2.13964E-1 2.25781E-1 1.99303E-1 1.60249E-1 1.6879E-1 1.61165E-1 1.72725E-1 1.81788E-1 1.90443E-1 1.73799E-1 1.61362E-1 1.59505E-1 1.61437E-1 1.73902E-1 1.75933E-1 1.73629E-1 1.71414E-1 1.79132E-1 1.85324E-1 1.82239E-1 1.77763E-1 1.80593E-1 1.61679E-1 1.5798E-1 1.49362E-1 1.56315E-1 1.43308E-1 1.47492E-1 1.52413E-1 1.59023E-1 1.46601E-1 1.50035E-1 1.7058E-1 1.56576E-1 1.64987E-1 1.61814E-1 1.5678E-1 1.72821E-1 1.98447E-1 1.86974E-1 1.92017E-1 1.84295E-1 1.73704E-1 1.74795E-1 1.8724E-1 1.89909E-1 1.78194E-1 1.67082E-1 1.6383E-1 1.64621E-1 1.73884E-1 1.76855E-1
1.79306E-1 1.73329E-1 1.75693E-1 1.87359E-1 1.76552E-1 1.67137E-1 1.6567E-1 1.68016E-1 1.683E-1 1.72718E-1 1.84063E-1 1.71419E-1 1.69766E-1 1.5025E-1 1.55602E-1 1.69631E-1 1.9407E-1 1.93155E-1 1.71935E-1 1.53437E-1 1.52043E-1 1.58277E-1 1.55915E-1 1.58753E-1 1.61046E-1 1.687E-1 1.69865E-1 1.74771E-1 1.78939E-1 1.70108E-1 1.66985E-1 1.70533E-1 1.67032E-1 1.64211E-1 1.48901E-1 1.556E-1 1.5817E-1 1.45774E-1 1.4686E-1 1.5477E-1 1.54194E-1 1.50069E-1 1.63655E-1 1.59355E-1 1.64993E-1 1.50259E-1 1.5724E-1 1.67027E-1 1.75613E-1 1.59636E-1 1.78149E-1 1.88019E-1 1.80144E-1 1.73548E-1 1.6775E-1 1.78976E-1 1.84826E-1 1.85327E-1 1.84088E-1 1.72241E-1 1.72655E-1
1.79188E-1 1.80425E-1 1.82367E-1 1.92273E-1 1.90643E-1 1.90751E-1 1.95603E-1 1.81438E-1 1.74822E-1 1.56481E-1 1.45959E-1 1.46447E-1 1.64898E-1 1.62811E-1 1.59238E-1 1.7591E-1 1.83792E-1 2.03062E-1 2.0692E-1 1.87991E-1 1.69504E-1 1.56446E-1 1.60696E-1 1.57145E-1 1.55445E-1 1.53689E-1 1.62166E-1 1.51309E-1 1.6641E-1 1.6967E-1 1.59496E-1 1.64938E-1 1.71198E-1 1.70445E-1 1.60598E-1 1.54894E-1 1.62641E-1 1.56417E-1 1.63711E-1 1.52478E-1 1.59319E-1 1.66111E-1 1.50391E-1 1.56983E-1 1.62856E-1 1.83653E-1 1.95722E-1 1.57311E-1 1.6517E-1 1.86303E-1 1.87663E-1 1.77567E-1 1.75936E-1 1.6891E-1 1.61757E-1 1.65276E-1 1.70729E-1 1.82936E-1 1.84026E-1 1.83055E-1 1.88831E-1
1.81999E-1 1.85509E-1 2.0534E-1 2.11237E-1 2.12761E-1 1.99991E-1 1.7716E-1 1.53983E-1 1.46103E-1 1.43809E-1 1.50145E-1 1.50586E-1 1.53921E-1 1.47683E-1 1.64303E-1 1.85223E-1 2.03339E-1 2.15532E-1 2.14099E-1 2.09936E-1 1.97806E-1 1.577E-1 1.67722E-1 1.66565E-1 1.65798E-1 1.58872E-1 1.58895E-1 1.63723E-1 1.53665E-1 1.54234E-1 1.59166E-1 1.59065E-1 1.71116E-1 1.69948E-1 1.55391E-1 1.45097E-1 1.458E-1 1.40241E-1 1.43473E-1 1.41431E-1 1.36626E-1 1.58658E-1 1.56664E-1 1.54096E-1 1.59715E-1 1.65127E-1 1.94326E-1 1.99921E-1 2.16486E-1 2.02795E-1 2.05121E-1 2.0213E-1 1.87782E-1 1.7553E-1 1.70891E-1 1.67799E-1 1.68653E-1 1.67906E-1 1.69171E-1 1.80048E-1 1.82847E-1
1.79656E-1 1.90309E-1 1.86416E-1 2.00085E-1 2.0136E-1 1.78546E-1 1.60099E-1 1.58276E-1 1.61429E-1 1.69345E-1 1.78117E-1 1.62907E-1 1.53458E-1 1.46833E-1 1.53651E-1 1.6727E-1 1.70286E-1 1.82333E-1 2.13635E-1 2.33747E-1 2.42224E-1 1.97309E-1 1.96499E-1 1.85339E-1 1.72485E-1 1.72074E-1 1.70643E-1 1.83567E-1 1.81491E-1 1.76406E-1 1.71564E-1 1.54704E-1 1.756E-1 1.76838E-1 1.68305E-1 1.54986E-1 1.36714E-1 1.42641E-1 1.29299E-1 1.37526E-1 1.45847E-1 1.38069E-1 1.39119E-1 1.49282E-1 1.55095E-1 1.60167E-1 1.57057E-1 1.84519E-1 1.94907E-1 1.94434E-1 1.92035E-1 2.06538E-1 2.2382E-1 2.10775E-1 1.83769E-1 1.83984E-1 1.76919E-1 1.67905E-1 1.79988E-1 1.80045E-1 1.8557E-1
1.67438E-1 1.71137E-1 1.74487E-1 1.76561E-1 1.69785E-1 1.87518E-1 1.65039E-1 1.55503E-1 1.54636E-1 1.54393E-1 1.53953E-1 1.47938E-1 1.66025E-1 1.67438E-1 1.53252E-1 1.56127E-1 1.73759E-1 1.77692E-1 1.87294E-1 1.98473E-1 2.13084E-1 2.29104E-1 1.92197E-1 1.49309E-1 1.61262E-1 1.80499E-1 1.86472E-1 1.89788E-1 1.79179E-1 1.80914E-1 1.97309E-1 1.61009E-1 1.64753E-1 1.55755E-1 1.75828E-1 1.56307E-1 1.72711E-1 1.73626E-1 1.83732E-1 1.75357E-1 1.76183E-1 1.84269E-1 1.80912E-1 1.80102E-1 1.68547E-1 1.69755E-1 1.68372E-1 1.7673E-1 1.85889E-1 1.81394E-1 1.87224E-1 1.69488E-1 1.87507E-1 1.85766E-1 1.94332E-1 1.95787E-1 2.1009E-1 2.06757E-1 2.07301E-1 1.93736E-1 1.92889E-1
1.77163E-1 1.63534E-1 1.57499E-1 1.5452E-1 1.61204E-1 1.59463E-1 1.55277E-1 1.43366E-1 1.49788E-1 1.48701E-1 1.48127E-1 1.6145E-1 1.54211E-1 1.51569E-1 1.52272E-1 1.56367E-1 1.62311E-1 1.69382E-1 1.74506E-1 1.84274E-1 2.02168E-1 1.77294E-1 1.72461E-1 1.46181E-1 1.56198E-1 1.73358E-1 1.84629E-1 1.74282E-1 1.82537E-1 1.75455E-1 1.68286E-1 1.76456E-1 1.68297E-1 1.62754E-1 1.91115E-1 1.7742E-1 1.48178E-1 1.60002E-1 1.69901E-1 1.71117E-1 1.97713E-1 1.73714E-1 1.99933E-1 2.03247E-1 1.99535E-1 2.03523E-1 1.83381E-1 1.88533E-1 1.63729E-1 1.78011E-1 1.84773E-1 1.72407E-1 1.75717E-1 1.77023E-1 1.79984E-1 2.08097E-1 1.98145E-1 2.00061E-1 1.97802E-1 2.07417E-1 2.12181E-1
1.86638E-1 1.71257E-1 1.72516E-1 1.76971E-1 1.86219E-1 1.56198E-1 1.52386E-1 1.44789E-1 1.49068E-1 1.58735E-1 1.58803E-1 1.70223E-1 1.70423E-1 1.66054E-1 1.55884E-1 1.49514E-1 1.56541E-1 1.65699E-1 1.71991E-1 1.78155E-1 1.75363E-1 1.635E-1 1.62336E-1 1.53257E-1 1.61436E-1 1.69357E-1 1.64596E-1 1.6022E-1 1.55907E-1 1.77826E-1 1.698E-1 1.87383E-1 1.95191E-1 1.50267E-1 1.55691E-1 1.65712E-1 1.96581E-1 1.52276E-1 1.49531E-1 1.6337E-1 1.77805E-1 1.73721E-1 1.73607E-1 1.80046E-1 1.93162E-1 1.97328E-1 1.96881E-1 2.02439E-1 1.79708E-1 1.8515E-1 1.85987E-1 1.94655E-1 1.99517E-1 1.81588E-1 1.97294E-1 2.05561E-1 1.94756E-1 1.95729E-1 1.97802E-1 2.09839E-1 2.21513E-1
1.96341E-1 1.76728E-1 2.02674E-1 2.2267E-1 2.24131E-1 2.10986E-1 1.97982E-1 1.92199E-1 1.69509E-1 1.5023E-1 1.52359E-1 1.61065E-1 1.59127E-1 1.53866E-1 1.58043E-1 1.54504E-1 1.54518E-1 1.52509E-1 1.53896E-1 1.65274E-1 1.68098E-1 1.88705E-1 1.79931E-1 1.68423E-1 1.74661E-1 1.72204E-1 1.66895E-1 1.59382E-1 1.52532E-1 1.52839E-1 1.53992E-1 1.5051E-1 1.53321E-1 1.70137E-1 1.57533E-1 1.62472E-1 1.67666E-1 1.94312E-1 1.82278E-1 1.65903E-1 1.72734E-1 1.92364E-1 1.73191E-1 2.01614E-1 2.06059E-1 2.16557E-1 2.04316E-1 2.01513E-1 1.99654E-1 2.21415E-1 2.23426E-1 2.31891E-1 2.30199E-1 2.18379E-1 2.06041E-1 2.10388E-1 2.15107E-1 2.05676E-1 2.18732E-1 2.3283E-1 2.39169E-1
1.96798E-1 1.80304E-1 1.64127E-1 1.6793E-1 1.87152E-1 1.66401E-1 1.58154E-1 1.53287E-1 1.4332E-1 1.35535E-1 1.44572E-1 1.43398E-1 1.42931E-1 1.39722E-1 1.45416E-1 1.43475E-1 1.48412E-1 1.47288E-1 1.55725E-1 1.60431E-1 1.66119E-1 1.68054E-1 1.75154E-1 1.63823E-1 1.65697E-1 1.69067E-1 1.69427E-1 1.70506E-1 1.80043E-1 1.83595E-1 1.80224E-1 1.79709E-1 1.47968E-1 1.56429E-1 1.5677E-1 1.51513E-1 1.50058E-1 1.66929E-1 1.99709E-1 1.87918E-1 1.9579E-1 1.84178E-1 1.90956E-1 1.68302E-1 1.87747E-1 2.10278E-1 2.24695E-1 2.30352E-1 2.47095E-1 2.44927E-1 2.37243E-1 2.48245E-1 2.23963E-1 2.18387E-1 2.2301E-1 2.27202E-1 2.31996E-1 2.3653E-1 2.27378E-1 2.37296E-1 2.40624E-1
1.92185E-1 1.94354E-1 1.67898E-1 1.56508E-1 1.70721E-1 1.6617E-1 1.41901E-1 1.34924E-1 1.50777E-1 1.48994E-1 1.58044E-1 1.58166E-1 1.5972E-1 1.48702E-1 1.52294E-1 1.52992E-1 1.50141E-1 1.5929E-1 1.54773E-1 1.67634E-1 1.70939E-1 1.68385E-1 2.0401E-1 1.86269E-1 1.71698E-1 1.75312E-1 1.78137E-1 1.75117E-1 1.85187E-1 1.94533E-1 2.03222E-1 1.92829E-1 1.87096E-1 1.57884E-1 1.56414E-1 1.60225E-1 1.70116E-1 1.80465E-1 1.87177E-1 1.84236E-1 1.80691E-1 1.79326E-1 2.07721E-1 2.28558E-1 1.94139E-1 1.86873E-1 2.09375E-1 1.99245E-1 2.16698E-1 2.27185E-1 1.99025E-1 2.42139E-1 2.3819E-1 2.28166E-1 2.4076E-1 2.3755E-1 2.4192E-1 2.51767E-1 2.38382E-1 2.45782E-1 2.41175E-1
1.94139E-1 2.14404E-1 1.79048E-1 1.61145E-1 1.50829E-1 1.45965E-1 1.48265E-1 1.50976E-1 1.95307E-1 2.13413E-1 2.17411E-1 2.5254E-1 2.38508E-1 1.99727E-1 1.94939E-1 1.74221E-1 1.51602E-1 1.45732E-1 1.53378E-1 1.74953E-1 1.95303E-1 1.89389E-1 1.76166E-1 1.95018E-1 1.81149E-1 1.92366E-1 1.8113E-1 1.8241E-1 1.81032E-1 1.60426E-1 1.49443E-1 1.53537E-1 1.58021E-1 1.66826E-1 1.65296E-1 1.68068E-1 1.60982E-1 1.64519E-1 1.72904E-1 1.8413E-1 1.94499E-1 2.09493E-1 1.76823E-1 2.2092E-1 2.25068E-1 1.99208E-1 2.27111E-1 2.10615E-1 2.13574E-1 2.1656E-1 2.10577E-1 2.28052E-1 2.32545E-1 2.37833E-1 2.39178E-1 2.45231E-1 2.41426E-1 2.55293E-1 2.54262E-1 2.40691E-1 2.42892E-1
2.05772E-1 2.099E-1 2.07356E-1 1.97118E-1 1.66911E-1 1.75678E-1 1.62421E-1 1.88431E-1 1.79186E-1 1.47251E-1 1.51753E-1 1.89262E-1 1.94914E-1 1.89039E-1 2.2666E-1 2.32728E-1 2.01852E-1 1.59255E-1 1.57338E-1 1.42186E-1 1.43351E-1 2.06712E-1 2.46875E-1 2.66919E-1 1.82902E-1 1.96568E-1 1.96361E-1 1.967E-1 1.69106E-1 1.69584E-1 1.78318E-1 1.81352E-1 1.77946E-1 1.97072E-1 2.01526E-1 1.99678E-1 1.99051E-1 2.04249E-1 1.97917E-1 1.9259E-1 2.08424E-1 2.28723E-1 2.17482E-1 2.08975E-1 2.05867E-1 2.09729E-1 2.24142E-1 2.25481E-1 2.07555E-1 2.08043E-1 2.12582E-1 2.17352E-1 2.25199E-1 2.43858E-1 2.54553E-1 2.44735E-1 2.59E-1 2.50017E-1 2.68458E-1 2.58365E-1 2.53821E-1
2.00635E-1 2.08998E-1 2.04586E-1 2.02725E-1 1.92992E-1 1.86845E-1 2.02399E-1 2.20481E-1 2.49174E-1 2.08459E-1 1.71082E-1 1.46147E-1 1.70439E-1 1.84963E-1 1.71369E-1 1.70231E-1 1.8858E-1 1.78781E-1 1.692E-1 1.59746E-1 1.48737E-1 1.40016E-1 1.5306E-1 1.57204E-1 1.71111E-1 1.98309E-1 2.28711E-1 1.9766E-1 1.93071E-1 2.12089E-1 2.23831E-1 1.94815E-1 1.8137E-1 2.19703E-1 2.25957E-1 2.34639E-1 2.17146E-1 2.15557E-1 2.11547E-1 2.11778E-1 2.14688E-1 2.37233E-1 2.38756E-1 2.3335E-1 2.28822E-1 2.24826E-1 2.06347E-1 2.00878E-1 1.96689E-1 2.20252E-1 2.34799E-1 2.39342E-1 2.38326E-1 2.28572E-1 2.47818E-1 2.62506E-1 2.51514E-1 2.64633E-1 2.60668E-1 2.63638E-1 2.61938E-1
1.90681E-1 1.97051E-1 2.01812E-1 2.20989E-1 2.29159E-1 2.26647E-1 1.93884E-1 2.03599E-1 1.72147E-1 1.62139E-1 1.60883E-1 1.6115E-1 1.44619E-1 1.28014E-1 1.37349E-1 1.46031E-1 1.5018E-1 1.52939E-1 1.65E-1 1.71563E-1 1.72301E-1 1.48254E-1 1.53379E-1 1.3904E-1 1.43811E-1 1.86489E-1 1.93483E-1 2.24216E-1 2.03201E-1 1.66678E-1 2.05457E-1 2.03195E-1 1.86071E-1 2.05928E-1 2.28322E-1 2.32079E-1 2.15803E-1 2.20536E-1 2.36392E-1 2.21087E-1 2.15078E-1 2.32056E-1 2.5433E-1 2.44449E-1 2.25959E-1 2.29264E-1 2.31835E-1 2.25139E-1 2.37951E-1 2.60861E-1 2.72668E-1 2.69004E-1 2.58987E-1 2.48793E-1 2.43928E-1 2.67659E-1 2.62315E-1 2.60609E-1 2.63104E-1 2.65537E-1 2.68592E-1
1.63636E-1 1.69253E-1 1.57252E-1 1.73889E-1 1.86428E-1 1.85067E-1 1.75024E-1 1.46337E-1 1.50567E-1 1.61135E-1 1.47183E-1 1.49932E-1 1.42189E-1 1.45254E-1 1.30311E-1 1.28659E-1 1.27464E-1 1.21017E-1 1.28142E-1 1.50362E-1 1.53461E-1 1.63497E-1 1.69377E-1 1.79503E-1 1.79516E-1 1.57921E-1 1.66515E-1 1.71095E-1 1.84831E-1 1.76121E-1 1.95545E-1 2.13778E-1 2.02735E-1 2.21813E-1 2.37838E-1 2.33172E-1 2.19209E-1 2.18364E-1 2.19748E-1 2.17715E-1 1.93067E-1 2.04601E-1 2.41743E-1 2.53358E-1 2.44236E-1 2.53956E-1 2.53199E-1 2.55984E-1 2.55415E-1 2.61648E-1 2.62828E-1 2.57689E-1 2.61021E-1 2.72597E-1 2.588E-1 2.63441E-1 2.70063E-1 2.7171E-1 2.66015E-1 2.74754E-1 2.77886E-1
1.82197E-1 2.03526E-1 2.02475E-1 1.74358E-1 1.70941E-1 1.52497E-1 1.33525E-1 1.35539E-1 1.38958E-1 1.4631E-1 1.38953E-1 1.33753E-1 1.32394E-1 1.24608E-1 1.31047E-1 1.4393E-1 1.42234E-1 1.45008E-1 1.60145E-1 1.57886E-1 1.71702E-1 1.72701E-1 1.75176E-1 1.6675E-1 1.58676E-1 1.53907E-1 1.63843E-1 1.6461E-1 1.88717E-1 2.21429E-1 1.99828E-1 2.34846E-1 2.30674E-1 2.33194E-1 1.88674E-1 2.11612E-1 2.22543E-1 2.08468E-1 2.15543E-1 2.16994E-1 2.22531E-1 2.32565E-1 2.41282E-1 2.36363E-1 2.19316E-1 2.21916E-1 2.35777E-1 2.45536E-1 2.46096E-1 2.52775E-1 2.45612E-1 2.5429E-1 2.74029E-1 2.63858E-1 2.73699E-1 2.67061E-1 2.77776E-1 2.81386E-1 2.77157E-1 2.8206E-1 2.82739E-1
1.87539E-1 2.25897E-1 2.14445E-1 1.9549E-1 1.7664E-1 1.64211E-1 1.4615E-1 1.39425E-1 1.43577E-1 1.38195E-1 1.31882E-1 1.29625E-1 1.37575E-1 1.46349E-1 1.62927E-1 1.44789E-1 1.38857E-1 1.45552E-1 1.5812E-1 1.64514E-1 1.78395E-1 2.09369E-1 2.01924E-1 1.74348E-1 1.8764E-1 1.77958E-1 1.64757E-1 1.66994E-1 1.81641E-1 2.64195E-1 2.66915E-1 2.49614E-1 2.09593E-1 2.51899E-1 1.91181E-1 1.94153E-1 1.96564E-1 2.11764E-1 2.15986E-1 2.25267E-1 2.25377E-1 2.20842E-1 2.45883E-1 2.56357E-1 2.34599E-1 2.17957E-1 2.37128E-1 2.45198E-1 2.44135E-1 2.4523E-1 2.57991E-1 2.46348E-1 2.51057E-1 2.5608E-1 2.57178E-1 2.73867E-1 2.79013E-1 2.74419E-1 2.73196E-1 2.85011E-1 2.90713E-1
2.14799E-1 2.01907E-1 1.82887E-1 1.8919E-1 2.01002E-1 1.91574E-1 1.51912E-1 1.50775E-1 1.44298E-1 1.63011E-1 1.5121E-1 1.62997E-1 1.4437E-1 1.52459E-1 1.48736E-1 1.48257E-1 1.6377E-1 1.63096E-1 1.70208E-1 1.68652E-1 1.77832E-1 1.88242E-1 1.70786E-1 1.7025E-1 1.83278E-1 2.07786E-1 1.74616E-1 1.64603E-1 1.80441E-1 2.2095E-1 1.9083E-1 1.82857E-1 1.98707E-1 2.40878E-1 2.18791E-1 2.14542E-1 2.03347E-1 2.08123E-1 2.14662E-1 2.07957E-1 2.20429E-1 2.27812E-1 2.45311E-1 2.65106E-1 2.55947E-1 2.31412E-1 2.40976E-1 2.45785E-1 2.31136E-1 2.31486E-1 2.51489E-1 2.50548E-1 2.46242E-1 2.55128E-1 2.64059E-1 2.65841E-1 2.75895E-1 2.77687E-1 2.78539E-1 2.78537E-1 2.85884E-1
1.8364E-1 2.1041E-1 2.02583E-1 1.51351E-1 1.54242E-1 1.51679E-1 1.4348E-1 1.44755E-1 1.59681E-1 1.84196E-1 2.24035E-1 1.81545E-1 1.51646E-1 1.55333E-1 1.52923E-1 1.48127E-1 1.84891E-1 1.69155E-1 1.79517E-1 1.7469E-1 1.77578E-1 1.76135E-1 1.7012E-1 1.7941E-1 1.87262E-1 1.84868E-1 2.25003E-1 1.83778E-1 1.69245E-1 1.6693E-1 1.72971E-1 1.83078E-1 2.07704E-1 2.26519E-1 2.31975E-1 2.17019E-1 2.12163E-1 2.17708E-1 2.35131E-1 2.21465E-1 2.24007E-1 2.30282E-1 2.38772E-1 2.66064E-1 2.52551E-1 2.52253E-1 2.59875E-1 2.7025E-1 2.60022E-1 2.49449E-1 2.4872E-1 2.31336E-1 2.41232E-1 2.45118E-1 2.69064E-1 2.77353E-1 2.72835E-1 2.75281E-1 2.83132E-1 2.93083E-1 2.84626E-1
1.50429E-1 1.6075E-1 1.71674E-1 1.76849E-1 1.48268E-1 1.4703E-1 1.38722E-1 1.75119E-1 1.94261E-1 2.13024E-1 1.94799E-1 1.6788E-1 1.30414E-1 1.51192E-1 1.56123E-1 1.61766E-1 1.88668E-1 2.055E-1 1.99729E-1 1.93435E-1 1.73863E-1 1.70842E-1 1.78932E-1 1.88903E-1 2.10775E-1 2.16518E-1 2.66548E-1 2.36577E-1 1.79556E-1 1.71303E-1 1.86517E-1 2.02207E-1 2.23701E-1 2.52189E-1 2.26317E-1 2.06551E-1 2.04687E-1 2.23748E-1 2.16784E-1 2.43442E-1 2.27676E-1 2.27126E-1 2.31591E-1 2.5783E-1 2.80609E-1 2.56572E-1 2.41029E-1 2.32852E-1 2.7103E-1 2.59007E-1 2.45532E-1 2.49794E-1 2.61512E-1 2.64472E-1 2.73117E-1 2.73721E-1 2.76921E-1 2.79397E-1 2.89122E-1 2.91684E-1 2.98737E-1
