Artocarpus heterophyllus SDM files/Last interglacial/results (without bias file)/Arthet_1.asc
ncols         625
nrows         721
xllcorner     69.99986311115
yllcorner     5.99986151914999
cellsize      0.041666667
NODATA_value  -9999
[rows 243 to 269 of 721, columns 0 to 60 of 625]
4.31266E-2 4.25966E-2 4.0291E-2 3.87092E-2 4.05216E-2 3.95674E-2 3.95247E-2 3.74545E-2 3.70033E-2 3.45853E-2 3.43789E-2 3.223E-2 3.28361E-2 3.22004E-2 3.36463E-2 3.36326E-2 3.15174E-2 3.42385E-2 3.32008E-2 3.36462E-2 3.38263E-2 3.30674E-2 3.31168E-2 3.73409E-2 3.45479E-2 3.4296E-2 3.73214E-2 3.73734E-2 3.62325E-2 3.77316E-2 3.88441E-2 3.77901E-2 3.379E-2 3.50357E-2 3.35938E-2 3.25413E-2 3.19065E-2 3.18801E-2 3.45023E-2 3.44648E-2 3.76103E-2 3.80784E-2 3.4955E-2 2.95513E-2 3.02601E-2 3.04165E-2 3.19171E-2 2.99727E-2 2.99462E-2 3.16197E-2 3.03144E-2 3.01571E-2 3.01843E-2 3.04973E-2 2.95982E-2 3.19359E-2 3.35655E-2 3.34915E-2 3.30459E-2 3.32458E-2 3.2988E-2
4.34147E-2 4.02137E-2 4.06552E-2 3.94971E-2 3.82738E-2 3.69687E-2 3.80917E-2 3.565E-2 3.73144E-2 3.70835E-2 3.77394E-2 3.52995E-2 3.56173E-2 3.28361E-2 3.2735E-2 3.25334E-2 3.27147E-2 3.48821E-2 3.19912E-2 3.14416E-2 3.47506E-2 3.44088E-2 3.33841E-2 3.61066E-2 3.54405E-2 3.26393E-2 3.21137E-2 3.17426E-2 3.27734E-2 3.18119E-2 3.84084E-2 3.63817E-2 3.58719E-2 3.46383E-2 3.33155E-2 3.50456E-2 3.57733E-2 3.70765E-2 3.72359E-2 3.66683E-2 3.44233E-2 3.39623E-2 3.4562E-2 3.22286E-2 2.9735E-2 3.08016E-2 2.89309E-2 2.87206E-2 2.88626E-2 3.12996E-2 2.87483E-2 3.20136E-2 3.28065E-2 3.20704E-2 2.99643E-2 3.17496E-2 3.17197E-2 3.15353E-2 3.35279E-2 3.14674E-2 3.11623E-2
4.1604E-2 3.80591E-2 4.1764E-2 4.02572E-2 4.0739E-2 3.81514E-2 3.87647E-2 3.7604E-2 3.60954E-2 3.56817E-2 3.6745E-2 3.62229E-2 3.82397E-2 3.56348E-2 3.5345E-2 3.55268E-2 3.31648E-2 3.31754E-2 3.35901E-2 3.30369E-2 3.26773E-2 3.65649E-2 3.42329E-2 3.19372E-2 3.47133E-2 3.47133E-2 3.6255E-2 3.42751E-2 3.23142E-2 3.42981E-2 3.70678E-2 3.83604E-2 3.97177E-2 3.94376E-2 3.79662E-2 3.59146E-2 3.34543E-2 3.5326E-2 3.26328E-2 3.20048E-2 3.33797E-2 3.24998E-2 3.2099E-2 3.02354E-2 3.1704E-2 3.20957E-2 2.96525E-2 2.96194E-2 3.04515E-2 3.02634E-2 3.10708E-2 3.31096E-2 3.45713E-2 3.19057E-2 2.96255E-2 3.18898E-2 3.18134E-2 3.22939E-2 3.28529E-2 3.26256E-2 3.19989E-2
4.65277E-2 4.62264E-2 4.27844E-2 4.07764E-2 3.76127E-2 4.05314E-2 3.86086E-2 3.90901E-2 3.79322E-2 3.63133E-2 3.76684E-2 3.54705E-2 3.65675E-2 3.53484E-2 3.3234E-2 3.56312E-2 3.69281E-2 3.64721E-2 3.34376E-2 3.34692E-2 3.27347E-2 3.49737E-2 3.39187E-2 3.46104E-2 3.3886E-2 3.40116E-2 3.76699E-2 3.5995E-2 3.72696E-2 3.71483E-2 4.00934E-2 3.55062E-2 3.72047E-2 4.22774E-2 3.82743E-2 3.52963E-2 3.26726E-2 3.27486E-2 3.37339E-2 3.25973E-2 3.197E-2 2.87163E-2 2.9012E-2 2.95256E-2 3.16715E-2 3.16107E-2 3.30068E-2 2.94112E-2 3.04577E-2 2.93227E-2 2.64516E-2 2.67812E-2 2.49356E-2 2.58831E-2 2.75075E-2 3.07395E-2 3.3776E-2 3.64845E-2 3.55121E-2 3.30881E-2 3.38742E-2
4.49349E-2 4.82228E-2 4.39047E-2 4.25848E-2 4.11055E-2 4.30693E-2 3.87687E-2 3.80545E-2 3.7388E-2 3.95908E-2 3.73027E-2 3.70424E-2 3.67952E-2 3.58569E-2 3.51646E-2 3.53455E-2 3.51112E-2 3.53391E-2 3.58162E-2 3.64033E-2 3.6196E-2 3.76947E-2 3.77102E-2 3.85368E-2 3.93029E-2 3.67977E-2 3.55145E-2 3.95213E-2 3.86582E-2 4.32013E-2 4.26305E-2 3.67319E-2 3.22174E-2 3.60243E-2 3.89556E-2 3.17413E-2 3.08049E-2 3.08956E-2 3.18001E-2 3.06125E-2 3.05743E-2 2.97718E-2 2.93798E-2 2.98671E-2 3.15361E-2 3.12209E-2 3.22041E-2 2.93251E-2 2.87871E-2 3.00275E-2 2.71376E-2 2.70096E-2 2.72756E-2 2.75561E-2 2.77437E-2 2.80301E-2 2.77871E-2 2.80238E-2 3.36255E-2 3.11622E-2 3.31055E-2
4.52623E-2 4.57766E-2 4.4426E-2 4.4486E-2 3.89842E-2 4.10386E-2 4.08241E-2 3.86918E-2 3.86918E-2 3.60606E-2 3.73027E-2 3.67499E-2 3.8044E-2 3.63051E-2 3.58391E-2 3.53663E-2 3.55982E-2 3.55982E-2 3.65024E-2 3.67299E-2 3.91893E-2 3.87411E-2 4.16048E-2 3.96134E-2 3.53277E-2 3.90836E-2 3.78654E-2 3.89409E-2 3.67087E-2 3.6979E-2 3.94191E-2 3.50738E-2 3.40026E-2 3.10275E-2 3.21087E-2 3.22653E-2 3.2729E-2 2.99838E-2 2.84181E-2 2.6994E-2 2.71327E-2 2.69645E-2 2.84233E-2 3.07752E-2 3.09361E-2 3.16759E-2 2.97524E-2 3.00626E-2 2.74277E-2 2.79135E-2 2.89746E-2 3.03334E-2 2.91625E-2 2.70212E-2 3.06003E-2 2.89367E-2 3.22825E-2 3.06428E-2 2.83026E-2 3.18168E-2 3.04486E-2
4.68725E-2 4.60605E-2 4.29847E-2 4.07149E-2 4.07149E-2 4.04631E-2 4.00332E-2 3.90679E-2 4.31666E-2 4.11387E-2 3.80446E-2 3.81225E-2 3.95277E-2 3.5947E-2 3.72585E-2 3.38663E-2 3.78482E-2 3.71525E-2 3.71891E-2 3.9396E-2 4.01741E-2 3.67649E-2 3.57111E-2 3.50817E-2 3.44819E-2 3.62451E-2 3.53044E-2 3.0598E-2 2.91066E-2 3.06694E-2 3.63438E-2 3.54521E-2 3.39779E-2 3.39093E-2 3.32834E-2 3.16984E-2 3.03277E-2 2.79004E-2 2.70262E-2 2.96085E-2 2.7447E-2 2.59095E-2 2.48826E-2 2.52259E-2 2.55852E-2 2.61214E-2 2.81417E-2 2.81152E-2 2.84357E-2 2.87946E-2 2.79135E-2 2.72366E-2 2.74304E-2 2.69613E-2 2.78326E-2 2.90584E-2 3.01072E-2 3.20463E-2 3.31663E-2 3.00178E-2 3.33996E-2
4.51017E-2 4.51195E-2 4.20861E-2 4.30508E-2 4.25206E-2 4.12674E-2 4.1223E-2 3.93283E-2 3.79334E-2 3.87344E-2 3.88266E-2 3.78787E-2 3.92752E-2 3.93124E-2 3.56232E-2 3.40976E-2 3.67892E-2 3.60054E-2 3.81624E-2 3.61692E-2 3.83204E-2 3.72776E-2 3.77248E-2 3.7259E-2 3.68714E-2 3.70425E-2 3.40922E-2 3.3739E-2 3.28919E-2 3.42213E-2 3.50063E-2 3.39729E-2 3.38952E-2 3.15026E-2 3.29029E-2 3.00775E-2 2.82243E-2 2.78749E-2 2.6138E-2 2.71226E-2 2.73067E-2 2.81321E-2 2.66989E-2 2.61766E-2 2.62674E-2 2.60759E-2 2.70645E-2 2.81417E-2 2.82936E-2 2.74357E-2 2.82885E-2 2.74304E-2 2.7454E-2 2.71299E-2 2.79139E-2 2.94482E-2 3.27016E-2 3.61674E-2 2.97947E-2 3.32803E-2 3.39029E-2
4.9563E-2 4.83515E-2 4.38343E-2 4.25406E-2 4.13928E-2 3.96767E-2 3.98195E-2 4.10611E-2 4.18321E-2 4.06543E-2 3.99044E-2 3.82499E-2 3.91536E-2 4.05522E-2 4.05387E-2 3.89469E-2 3.57973E-2 3.64526E-2 3.62298E-2 3.67193E-2 3.91253E-2 3.9101E-2 3.9101E-2 3.86544E-2 3.90754E-2 3.95437E-2 3.74348E-2 3.47874E-2 3.28276E-2 3.47456E-2 3.80998E-2 3.43287E-2 3.43187E-2 3.20308E-2 2.71892E-2 2.91168E-2 2.84006E-2 2.81479E-2 2.82619E-2 2.59297E-2 2.76714E-2 2.6202E-2 2.79764E-2 2.61302E-2 2.56374E-2 2.75439E-2 2.63776E-2 2.53336E-2 2.56018E-2 2.54868E-2 2.54816E-2 2.72311E-2 2.69829E-2 2.73161E-2 2.92329E-2 3.28348E-2 3.40322E-2 2.95526E-2 2.69095E-2 2.57282E-2 3.0561E-2
4.72972E-2 4.92574E-2 4.54238E-2 4.57062E-2 4.33402E-2 4.361E-2 4.30721E-2 4.29409E-2 3.67084E-2 4.01141E-2 4.11568E-2 4.2379E-2 3.71679E-2 3.80911E-2 3.92082E-2 3.9927E-2 3.89159E-2 3.82253E-2 3.82288E-2 3.71784E-2 3.63052E-2 3.87299E-2 3.76012E-2 4.20286E-2 4.56446E-2 3.63853E-2 4.48096E-2 3.90229E-2 3.46999E-2 3.42591E-2 3.50158E-2 3.35006E-2 3.36584E-2 3.04009E-2 2.89049E-2 2.8136E-2 2.64301E-2 2.62372E-2 2.79051E-2 2.71706E-2 2.67575E-2 2.56259E-2 2.62442E-2 2.5758E-2 2.41865E-2 2.5423E-2 2.60298E-2 2.51496E-2 2.54266E-2 2.55846E-2 2.514E-2 2.54834E-2 2.57312E-2 2.6381E-2 2.53724E-2 2.53931E-2 2.54277E-2 2.82267E-2 2.68084E-2 2.61337E-2 2.78765E-2
4.34849E-2 3.79072E-2 4.31485E-2 4.46009E-2 4.57062E-2 4.27731E-2 4.10548E-2 4.28824E-2 4.12974E-2 3.79038E-2 3.54879E-2 4.06514E-2 4.14014E-2 3.87659E-2 4.09364E-2 3.81679E-2 3.71032E-2 3.83627E-2 3.74239E-2 4.0371E-2 4.0561E-2 3.91516E-2 3.72118E-2 3.55569E-2 3.81269E-2 3.92675E-2 4.47004E-2 3.48781E-2 3.69354E-2 3.66516E-2 3.47119E-2 3.17494E-2 2.76983E-2 2.96336E-2 2.86978E-2 2.81172E-2 2.74066E-2 2.68047E-2 2.92462E-2 2.58036E-2 2.52363E-2 2.53441E-2 2.70371E-2 2.55956E-2 2.5883E-2 2.50402E-2 2.3617E-2 2.50529E-2 2.51312E-2 2.51482E-2 2.50762E-2 2.6008E-2 2.41416E-2 2.49392E-2 2.50007E-2 2.81726E-2 2.75058E-2 2.6929E-2 2.45045E-2 2.58724E-2 2.82269E-2
3.39089E-2 3.26576E-2 3.60973E-2 3.7678E-2 4.31554E-2 4.47234E-2 4.31284E-2 4.36342E-2 4.26028E-2 4.47159E-2 4.16144E-2 4.13565E-2 3.77353E-2 3.82085E-2 3.86734E-2 3.91287E-2 4.19445E-2 3.88296E-2 4.31435E-2 3.90204E-2 4.23947E-2 4.13995E-2 3.80521E-2 3.80939E-2 3.59152E-2 3.84641E-2 3.86675E-2 3.63386E-2 3.77702E-2 3.77311E-2 3.33006E-2 3.22799E-2 3.20135E-2 3.06475E-2 2.7685E-2 2.78823E-2 2.74808E-2 2.76223E-2 2.54497E-2 2.60637E-2 2.59018E-2 2.52457E-2 2.44439E-2 2.3594E-2 2.55109E-2 2.567E-2 2.567E-2 2.53294E-2 2.51396E-2 2.50475E-2 2.55863E-2 2.32694E-2 2.43412E-2 2.52583E-2 2.69107E-2 2.73604E-2 2.62751E-2 2.49602E-2 2.39775E-2 2.4331E-2 2.42335E-2
2.7166E-2 2.95405E-2 2.80938E-2 2.95085E-2 4.30884E-2 3.90192E-2 4.17299E-2 3.75716E-2 4.34527E-2 4.42122E-2 4.18738E-2 4.19304E-2 4.06841E-2 4.10005E-2 4.27041E-2 4.32997E-2 4.06009E-2 4.03496E-2 3.90586E-2 4.0019E-2 4.04755E-2 3.90327E-2 3.81229E-2 3.81099E-2 4.03645E-2 4.2463E-2 3.90931E-2 3.77014E-2 3.65485E-2 3.24038E-2 3.17705E-2 2.94985E-2 2.96507E-2 3.19605E-2 3.11584E-2 2.82028E-2 2.72279E-2 2.70747E-2 2.77348E-2 2.58174E-2 2.51519E-2 2.44565E-2 2.4821E-2 2.47858E-2 2.42594E-2 2.36725E-2 2.40076E-2 2.5496E-2 2.51241E-2 2.35235E-2 2.43616E-2 2.26769E-2 2.51934E-2 2.42927E-2 2.61846E-2 2.63622E-2 2.51249E-2 2.46231E-2 2.4196E-2 2.40805E-2 2.42335E-2
2.69962E-2 2.33613E-2 2.89838E-2 3.49079E-2 3.84797E-2 3.28945E-2 4.28209E-2 4.02471E-2 3.49521E-2 4.06926E-2 4.12714E-2 4.24548E-2 4.09448E-2 4.04923E-2 3.84625E-2 4.06351E-2 3.72347E-2 4.04982E-2 3.95176E-2 3.92638E-2 3.94952E-2 3.9208E-2 4.0472E-2 3.97245E-2 3.99586E-2 3.98192E-2 3.8935E-2 3.48434E-2 3.38133E-2 3.18236E-2 3.10405E-2 2.94835E-2 2.80484E-2 2.81931E-2 2.96131E-2 2.85257E-2 2.68051E-2 2.69111E-2 2.62676E-2 2.43855E-2 2.5166E-2 2.5383E-2 2.41973E-2 2.42859E-2 2.4098E-2 2.41821E-2 2.35468E-2 2.36877E-2 2.14398E-2 2.36491E-2 2.44979E-2 2.47526E-2 2.51695E-2 2.60486E-2 2.56506E-2 2.40883E-2 2.51887E-2 2.46743E-2 2.42803E-2 2.49947E-2 2.54906E-2
2.25548E-2 1.95711E-2 2.38431E-2 3.07944E-2 4.1675E-2 2.83312E-2 4.30811E-2 4.15897E-2 3.67453E-2 4.06315E-2 3.79665E-2 3.99513E-2 3.95736E-2 4.09618E-2 4.09432E-2 4.23084E-2 4.11366E-2 3.75771E-2 3.92659E-2 3.82176E-2 4.11783E-2 3.99324E-2 3.9224E-2 3.91948E-2 4.08653E-2 3.94125E-2 3.47977E-2 3.49147E-2 3.39846E-2 3.14901E-2 3.19853E-2 3.07965E-2 2.87558E-2 3.03811E-2 2.76159E-2 2.8002E-2 2.8363E-2 2.54455E-2 2.77209E-2 2.41173E-2 2.40079E-2 2.35427E-2 2.45613E-2 2.41769E-2 2.38505E-2 2.37374E-2 2.16834E-2 2.15819E-2 2.20016E-2 2.27756E-2 2.24143E-2 2.42373E-2 2.49244E-2 2.58156E-2 2.54499E-2 2.47883E-2 2.29666E-2 2.31505E-2 2.29388E-2 2.52315E-2 2.727E-2
1.73231E-2 1.73042E-2 2.38431E-2 1.76773E-2 2.99033E-2 2.3719E-2 3.61724E-2 4.2438E-2 3.92969E-2 4.03603E-2 4.13694E-2 3.28359E-2 4.03523E-2 4.06145E-2 3.86936E-2 3.98681E-2 3.88686E-2 4.08743E-2 4.21123E-2 3.75518E-2 3.93976E-2 3.93417E-2 3.83798E-2 4.04136E-2 4.01634E-2 3.61189E-2 3.52304E-2 3.41499E-2 3.47065E-2 3.05304E-2 3.01678E-2 2.96512E-2 2.98251E-2 3.03811E-2 2.84849E-2 2.77978E-2 2.74662E-2 2.58449E-2 2.55207E-2 2.56525E-2 2.49737E-2 2.3551E-2 2.32007E-2 2.27469E-2 2.25816E-2 2.24215E-2 2.25255E-2 2.25617E-2 2.26152E-2 2.28352E-2 2.25929E-2 2.27992E-2 2.3397E-2 2.58027E-2 2.59879E-2 2.48289E-2 2.50859E-2 2.3609E-2 2.48716E-2 2.63901E-2 2.77936E-2
1.48539E-2 1.15245E-2 1.65822E-2 2.14111E-2 3.33001E-2 1.89854E-2 2.21701E-2 3.13558E-2 2.94666E-2 4.17643E-2 2.77059E-2 4.06755E-2 3.89212E-2 3.91135E-2 3.959E-2 3.99112E-2 4.03602E-2 4.01661E-2 4.13787E-2 4.28435E-2 4.3103E-2 3.99211E-2 3.7075E-2 3.81505E-2 3.65713E-2 3.67868E-2 3.67758E-2 3.54401E-2 3.26804E-2 3.26448E-2 3.30267E-2 3.11475E-2 2.91734E-2 2.64605E-2 2.99245E-2 2.93843E-2 2.74794E-2 2.54802E-2 2.51686E-2 2.38614E-2 2.54193E-2 2.52224E-2 2.48739E-2 2.32325E-2 2.11146E-2 2.15418E-2 2.31653E-2 2.32025E-2 2.33787E-2 2.35991E-2 2.37633E-2 2.33794E-2 2.40063E-2 2.41918E-2 2.4384E-2 2.55194E-2 2.64096E-2 2.53356E-2 2.53943E-2 2.62907E-2 2.65976E-2
1.5695E-2 1.34481E-2 2.01666E-2 1.66869E-2 2.03363E-2 2.43521E-2 2.69579E-2 3.26991E-2 3.10668E-2 4.11656E-2 3.3041E-2 3.96008E-2 3.89136E-2 3.93511E-2 3.96592E-2 3.9923E-2 4.01524E-2 3.7345E-2 4.08441E-2 3.96E-2 3.99364E-2 4.3103E-2 3.90025E-2 3.54565E-2 3.56004E-2 3.32904E-2 3.4497E-2 3.32427E-2 3.45306E-2 3.20658E-2 3.2473E-2 3.01092E-2 2.79131E-2 2.62796E-2 2.39452E-2 2.54962E-2 2.57245E-2 2.54523E-2 2.49251E-2 2.50167E-2 2.40134E-2 2.46382E-2 2.32409E-2 2.47319E-2 2.21284E-2 2.21258E-2 2.22948E-2 2.23477E-2 2.2542E-2 2.27487E-2 2.4563E-2 2.40425E-2 2.48255E-2 2.44288E-2 2.46425E-2 2.47469E-2 2.56093E-2 2.67919E-2 2.61346E-2 2.62971E-2 2.72796E-2
1.26692E-2 9.80267E-3 1.37263E-2 1.6533E-2 2.13464E-2 2.08915E-2 2.83466E-2 2.39107E-2 2.63046E-2 3.41645E-2 4.18622E-2 2.77507E-2 4.21551E-2 3.05731E-2 3.67193E-2 3.9682E-2 3.82294E-2 3.30292E-2 4.0788E-2 4.03025E-2 4.0554E-2 3.93873E-2 3.9997E-2 3.79244E-2 3.33383E-2 3.46549E-2 3.46053E-2 3.2022E-2 3.22776E-2 3.02298E-2 3.19498E-2 3.17054E-2 2.87796E-2 2.84189E-2 2.52073E-2 2.51244E-2 2.3903E-2 2.50441E-2 2.5128E-2 2.54059E-2 2.30344E-2 2.25652E-2 2.29067E-2 2.24331E-2 2.26897E-2 2.44222E-2 2.44607E-2 2.46845E-2 2.27545E-2 2.27545E-2 2.30482E-2 2.47984E-2 2.50411E-2 2.65728E-2 2.59146E-2 2.55752E-2 2.57967E-2 2.51574E-2 2.63058E-2 2.70492E-2 3.01457E-2
1.09415E-2 1.10843E-2 1.45418E-2 9.80267E-3 1.68301E-2 1.67311E-2 1.62812E-2 2.08687E-2 2.1289E-2 2.37353E-2 3.94889E-2 3.07326E-2 4.22857E-2 4.16771E-2 4.24494E-2 3.78028E-2 4.05955E-2 4.22249E-2 4.05511E-2 4.01029E-2 3.60649E-2 3.60191E-2 3.81684E-2 3.83926E-2 3.49002E-2 3.46549E-2 3.2597E-2 3.25261E-2 3.03813E-2 3.14715E-2 3.13466E-2 2.95083E-2 2.88715E-2 2.52468E-2 2.77663E-2 2.66698E-2 2.45798E-2 2.29413E-2 2.38498E-2 2.07153E-2 2.24E-2 2.2775E-2 2.29712E-2 2.2425E-2 2.26625E-2 2.29569E-2 2.30099E-2 2.47023E-2 2.49212E-2 2.44964E-2 2.32402E-2 2.40326E-2 2.46951E-2 2.72744E-2 2.75314E-2 2.85086E-2 2.76088E-2 2.61413E-2 2.86317E-2 3.11054E-2 3.12552E-2
1.05252E-2 9.86645E-3 1.27706E-2 1.01905E-2 1.42305E-2 2.14625E-2 2.14625E-2 2.29128E-2 2.22462E-2 3.70195E-2 2.6639E-2 3.20302E-2 3.03547E-2 2.98604E-2 4.23717E-2 4.15655E-2 3.95546E-2 3.86839E-2 3.85035E-2 3.40127E-2 3.78445E-2 3.6236E-2 3.78034E-2 3.55194E-2 3.50791E-2 3.50727E-2 3.43902E-2 3.3742E-2 3.21011E-2 2.99287E-2 2.88181E-2 2.79257E-2 2.73973E-2 2.54341E-2 2.51339E-2 2.58462E-2 2.51284E-2 2.31059E-2 2.11178E-2 2.10585E-2 2.16699E-2 2.16249E-2 2.15865E-2 2.37682E-2 2.32428E-2 2.30463E-2 2.32092E-2 2.34005E-2 2.42169E-2 2.53462E-2 2.56397E-2 2.5704E-2 2.55288E-2 2.64243E-2 2.67342E-2 2.95112E-2 3.09808E-2 3.28835E-2 2.78004E-2 2.81339E-2 3.22982E-2
9.16344E-3 9.11753E-3 1.25617E-2 1.01905E-2 1.41387E-2 2.34578E-2 1.87604E-2 1.82053E-2 1.74024E-2 3.01623E-2 2.65019E-2 3.18309E-2 3.08132E-2 2.69779E-2 3.13962E-2 4.28798E-2 4.31E-2 3.57142E-2 3.56662E-2 3.50889E-2 3.5438E-2 3.56033E-2 3.57871E-2 3.55646E-2 3.46442E-2 3.358E-2 3.41774E-2 3.15469E-2 3.05387E-2 3.03052E-2 2.91494E-2 2.80921E-2 2.68277E-2 2.66222E-2 2.59463E-2 2.56683E-2 2.59269E-2 2.26546E-2 2.25584E-2 2.21752E-2 2.05851E-2 2.11336E-2 2.15364E-2 2.17355E-2 2.39983E-2 2.30378E-2 2.33749E-2 2.41905E-2 2.50627E-2 2.69255E-2 2.49649E-2 2.65801E-2 2.74952E-2 2.84665E-2 2.75115E-2 2.9755E-2 2.80467E-2 2.77081E-2 2.80056E-2 2.74312E-2 3.25862E-2
9.26596E-3 1.13417E-2 9.05857E-3 1.21343E-2 1.39401E-2 1.69591E-2 1.46202E-2 1.87604E-2 2.07737E-2 3.33782E-2 3.15576E-2 2.74418E-2 3.92349E-2 1.99577E-2 3.74518E-2 4.11066E-2 4.16115E-2 3.89502E-2 3.91507E-2 3.85588E-2 3.45713E-2 3.37192E-2 3.37192E-2 3.32948E-2 3.48147E-2 3.35721E-2 3.25184E-2 3.34565E-2 2.99372E-2 2.88914E-2 2.88075E-2 2.61621E-2 2.73151E-2 2.66222E-2 2.49128E-2 2.20116E-2 2.1912E-2 2.02585E-2 2.10516E-2 2.20293E-2 2.20344E-2 2.15548E-2 2.16049E-2 2.17355E-2 2.15334E-2 2.177E-2 2.25773E-2 2.42955E-2 2.44875E-2 2.53113E-2 2.56734E-2 2.58249E-2 2.76953E-2 2.87234E-2 2.77109E-2 2.78965E-2 2.76281E-2 2.81255E-2 2.86186E-2 3.53552E-2 3.40598E-2
9.69355E-3 9.90683E-3 9.31964E-3 1.04331E-2 1.39401E-2 2.05299E-2 1.35287E-2 2.17305E-2 1.44142E-2 3.06451E-2 2.78063E-2 4.02706E-2 4.03913E-2 2.40374E-2 3.97287E-2 2.97912E-2 3.90342E-2 3.82922E-2 3.91736E-2 3.63758E-2 3.854E-2 3.35238E-2 3.24503E-2 3.24443E-2 3.31256E-2 3.27442E-2 3.28777E-2 3.34504E-2 3.01131E-2 3.0583E-2 2.91172E-2 2.47348E-2 2.55518E-2 2.45698E-2 2.08496E-2 2.149E-2 2.20256E-2 2.0662E-2 2.0023E-2 2.05639E-2 2.06965E-2 2.05661E-2 2.13194E-2 2.14709E-2 2.17752E-2 2.25827E-2 2.2746E-2 2.22129E-2 2.83923E-2 2.48537E-2 2.51751E-2 2.54835E-2 2.53753E-2 2.55872E-2 2.72318E-2 2.81768E-2 2.94807E-2 2.94875E-2 2.36379E-2 2.79175E-2 3.73588E-2
1.03638E-2 1.14175E-2 1.07531E-2 1.08418E-2 1.32301E-2 1.53284E-2 1.7232E-2 2.17068E-2 1.30975E-2 2.17392E-2 2.64729E-2 1.88685E-2 2.9458E-2 2.7161E-2 3.034E-2 3.68624E-2 3.82187E-2 4.04115E-2 3.56727E-2 3.70054E-2 3.9631E-2 3.6824E-2 3.44952E-2 3.29589E-2 3.19984E-2 3.02763E-2 3.09276E-2 3.01186E-2 2.91861E-2 2.87557E-2 2.85452E-2 2.76559E-2 2.46646E-2 1.97234E-2 1.89934E-2 1.97727E-2 2.0584E-2 1.98492E-2 2.1548E-2 1.97206E-2 2.02169E-2 2.01223E-2 2.52799E-2 2.25363E-2 2.33219E-2 2.58285E-2 2.62682E-2 2.65788E-2 2.81258E-2 3.11809E-2 3.25754E-2 3.28991E-2 2.56412E-2 3.19662E-2 2.69207E-2 2.72012E-2 3.10336E-2 5.67666E-2 3.67941E-2 3.61859E-2 3.67056E-2
8.86893E-3 9.69565E-3 9.23697E-3 1.07531E-2 1.4573E-2 1.4557E-2 1.98129E-2 1.58623E-2 2.02298E-2 2.22554E-2 3.74131E-2 3.29157E-2 3.2392E-2 3.77757E-2 3.68624E-2 3.74973E-2 3.74575E-2 3.83005E-2 3.67436E-2 3.53254E-2 3.65156E-2 3.53554E-2 3.81248E-2 3.15242E-2 3.27538E-2 3.06157E-2 3.12881E-2 3.23763E-2 2.89661E-2 2.87542E-2 2.78284E-2 2.58429E-2 2.46572E-2 2.03085E-2 2.08682E-2 1.90965E-2 2.03101E-2 2.11522E-2 2.12432E-2 1.92422E-2 1.91388E-2 2.30013E-2 1.9956E-2 2.38499E-2 2.27921E-2 2.81474E-2 2.85606E-2 2.79952E-2 2.87443E-2 3.03567E-2 3.24015E-2 3.2226E-2 2.66463E-2 3.3961E-2 3.22421E-2 3.73135E-2 4.03686E-2 4.00139E-2 5.36677E-2 3.57271E-2 4.18729E-2
8.70297E-3 8.81003E-3 9.56735E-3 8.61611E-3 1.16119E-2 1.17767E-2 1.42591E-2 1.56148E-2 1.87019E-2 2.71E-2 3.71345E-2 2.54148E-2 3.29813E-2 3.81999E-2 3.36696E-2 4.15292E-2 3.74783E-2 3.74783E-2 3.48029E-2 3.69341E-2 3.74503E-2 3.55591E-2 3.66554E-2 3.58292E-2 3.19116E-2 3.01748E-2 2.90588E-2 2.97498E-2 2.67906E-2 2.74362E-2 2.80705E-2 2.40774E-2 2.33297E-2 2.20768E-2 2.16665E-2 2.24479E-2 2.02617E-2 1.95918E-2 1.96178E-2 2.10157E-2 2.13707E-2 2.23338E-2 2.32454E-2 2.34092E-2 2.47832E-2 2.78331E-2 3.07071E-2 2.98928E-2 2.9588E-2 3.12544E-2 3.57608E-2 3.46914E-2 3.1896E-2 4.0952E-2 3.53617E-2 4.22578E-2 5.36172E-2 5.29623E-2 4.71591E-2 3.79737E-2 4.04529E-2
