Artocarpus heterophyllus SDM files/Last interglacial/results (without bias file)/Arthet_1.asc
ncols         625
nrows         721
xllcorner     69.99986311115
yllcorner     5.99986151914999
cellsize      0.041666667
NODATA_value  -9999
[rows 270 to 296 of 721, columns 244 to 304 of 625]
1.05402E-1 8.97746E-2 8.478E-2 9.06847E-2 8.89787E-2 8.65003E-2 8.23044E-2 8.84611E-2 9.81994E-2 9.5498E-2 9.10154E-2 9.66078E-2 9.81332E-2 9.71878E-2 9.43412E-2 9.37875E-2 9.55559E-2 9.88463E-2 9.86488E-2 9.95261E-2 9.38657E-2 9.47917E-2 1.00781E-1 1.02055E-1 9.07917E-2 9.59235E-2 9.01584E-2 9.20382E-2 9.15981E-2 9.4383E-2 8.68623E-2 9.74694E-2 9.4173E-2 1.02067E-1 1.01836E-1 1.05429E-1 1.04317E-1 9.79089E-2 9.56E-2 9.04396E-2 9.21553E-2 9.82758E-2 9.85841E-2 9.18089E-2 9.49591E-2 9.86936E-2 9.5594E-2 9.86593E-2 9.76049E-2 7.97828E-2 7.74591E-2 8.25705E-2 8.73573E-2 9.52166E-2 9.22267E-2 8.59771E-2 8.75311E-2 8.99109E-2 9.31118E-2 8.87456E-2 9.67215E-2
9.3962E-2 8.90706E-2 8.74883E-2 9.39065E-2 9.25589E-2 8.90304E-2 8.78927E-2 8.89623E-2 8.85926E-2 8.95199E-2 8.85305E-2 9.29397E-2 9.26731E-2 9.05256E-2 8.89134E-2 8.84553E-2 8.94709E-2 9.32346E-2 9.55255E-2 9.73293E-2 9.25924E-2 9.2876E-2 9.30386E-2 9.91184E-2 9.77056E-2 9.65832E-2 9.17421E-2 9.79417E-2 9.14003E-2 9.14594E-2 8.63903E-2 9.15684E-2 9.47653E-2 9.62637E-2 1.02764E-1 1.02936E-1 9.66596E-2 1.04067E-1 9.53765E-2 9.22202E-2 9.46935E-2 9.67968E-2 9.57956E-2 9.56953E-2 9.28681E-2 9.1884E-2 9.84882E-2 9.54944E-2 8.89598E-2 8.99082E-2 7.32465E-2 7.43909E-2 7.86703E-2 8.74848E-2 8.81843E-2 8.74113E-2 8.24008E-2 8.41472E-2 9.66984E-2 9.29497E-2 9.09048E-2
9.59136E-2 8.40899E-2 9.04989E-2 9.263E-2 9.16591E-2 9.06432E-2 8.80784E-2 8.81403E-2 8.60809E-2 8.61392E-2 8.67455E-2 8.72697E-2 8.68943E-2 9.03553E-2 8.84173E-2 8.64243E-2 8.57296E-2 8.69775E-2 8.77657E-2 9.0331E-2 9.16961E-2 9.01094E-2 8.97549E-2 8.83935E-2 8.8543E-2 9.36789E-2 9.7973E-2 9.74694E-2 1.00858E-1 1.00402E-1 9.52885E-2 9.77001E-2 9.23538E-2 9.27933E-2 9.27165E-2 9.62358E-2 9.49081E-2 9.63878E-2 9.4963E-2 8.68254E-2 8.79354E-2 8.96391E-2 9.40778E-2 9.48815E-2 9.9074E-2 8.9757E-2 9.05335E-2 9.40186E-2 9.66156E-2 8.70962E-2 7.44529E-2 7.14986E-2 7.59414E-2 8.32981E-2 8.74233E-2 8.74854E-2 7.01819E-2 8.33905E-2 8.69784E-2 8.26905E-2 8.38403E-2
8.72519E-2 9.2156E-2 8.80438E-2 9.07084E-2 8.79408E-2 8.73825E-2 8.50606E-2 8.23896E-2 8.04507E-2 7.98984E-2 8.11682E-2 8.13539E-2 8.39706E-2 8.67867E-2 8.72366E-2 8.59936E-2 8.77126E-2 8.23377E-2 8.70012E-2 8.61112E-2 8.76801E-2 8.95724E-2 8.97157E-2 8.56563E-2 8.96574E-2 9.41642E-2 9.12219E-2 9.39927E-2 1.00238E-1 1.02011E-1 9.00738E-2 9.52401E-2 9.7264E-2 9.78959E-2 9.22652E-2 9.21672E-2 1.02912E-1 9.29474E-2 8.90681E-2 8.5895E-2 8.5792E-2 8.9392E-2 9.21115E-2 9.27791E-2 9.77094E-2 9.48003E-2 9.83808E-2 9.56968E-2 1.02657E-1 9.93999E-2 7.17441E-2 6.28293E-2 7.5294E-2 7.4065E-2 8.08438E-2 8.17921E-2 7.41712E-2 7.81336E-2 8.35462E-2 8.37103E-2 8.66996E-2
9.45595E-2 9.15618E-2 9.15513E-2 9.05569E-2 8.96835E-2 7.82742E-2 8.18441E-2 8.04077E-2 8.14499E-2 7.80042E-2 7.68263E-2 7.98662E-2 7.91164E-2 8.03753E-2 8.72449E-2 8.91785E-2 8.41924E-2 8.24659E-2 8.3091E-2 8.86809E-2 8.18303E-2 9.31209E-2 9.19609E-2 8.70882E-2 9.18226E-2 9.23391E-2 8.98222E-2 9.03807E-2 9.70525E-2 1.03051E-1 8.95324E-2 9.73028E-2 9.29996E-2 1.0219E-1 1.01715E-1 1.03799E-1 1.05289E-1 9.83862E-2 1.01166E-1 9.9054E-2 9.65821E-2 1.00851E-1 1.02751E-1 9.75193E-2 8.88557E-2 9.06132E-2 8.82182E-2 8.52139E-2 7.99858E-2 7.96526E-2 7.988E-2 7.73171E-2 7.87556E-2 7.98611E-2 7.55889E-2 7.48062E-2 8.12993E-2 8.17703E-2 8.87914E-2 8.22187E-2 6.81439E-2
8.72136E-2 9.10156E-2 9.0561E-2 9.04209E-2 9.09037E-2 8.10982E-2 8.17687E-2 8.0148E-2 7.83987E-2 7.68708E-2 7.75267E-2 7.96698E-2 7.78946E-2 7.63699E-2 8.13202E-2 8.6292E-2 8.59001E-2 8.17442E-2 8.07939E-2 8.15522E-2 8.11078E-2 9.11692E-2 9.14675E-2 8.66809E-2 9.00533E-2 8.98362E-2 8.85498E-2 9.42721E-2 9.60184E-2 1.00316E-1 9.23773E-2 9.63031E-2 9.26263E-2 9.94472E-2 1.04626E-1 1.04066E-1 1.02369E-1 1.02288E-1 1.0357E-1 1.06068E-1 1.07304E-1 1.03639E-1 1.00257E-1 1.01655E-1 8.8263E-2 8.81107E-2 8.34268E-2 7.02349E-2 6.82501E-2 6.76107E-2 6.78114E-2 6.78622E-2 6.81524E-2 7.06181E-2 7.99938E-2 8.29803E-2 8.90279E-2 8.27683E-2 6.51079E-2 6.05041E-2 5.91116E-2
8.4926E-2 8.38435E-2 8.37289E-2 8.27159E-2 8.19457E-2 7.99225E-2 8.18838E-2 7.52352E-2 7.71449E-2 7.68662E-2 7.92968E-2 8.10989E-2 7.25378E-2 6.84024E-2 7.52266E-2 7.58494E-2 7.90865E-2 8.29742E-2 8.20681E-2 7.60885E-2 7.87431E-2 8.11288E-2 9.47838E-2 8.73349E-2 9.01425E-2 8.7382E-2 8.89358E-2 9.39871E-2 1.00334E-1 1.01491E-1 9.91026E-2 9.76658E-2 9.78258E-2 9.66573E-2 9.94804E-2 1.09228E-1 1.06287E-1 9.77196E-2 9.97441E-2 1.08994E-1 1.10102E-1 1.06228E-1 8.77144E-2 7.99546E-2 7.9882E-2 7.78079E-2 7.74765E-2 7.33713E-2 6.81915E-2 7.22111E-2 6.67329E-2 6.13937E-2 6.16056E-2 6.71731E-2 5.97969E-2 5.39406E-2 6.06119E-2 5.41839E-2 5.85419E-2 6.59993E-2 7.03278E-2
8.34977E-2 8.70016E-2 8.34298E-2 8.18164E-2 8.21769E-2 8.25373E-2 8.15934E-2 7.54162E-2 7.71973E-2 7.37595E-2 7.9188E-2 8.80176E-2 7.88846E-2 6.8795E-2 7.28537E-2 7.3674E-2 7.49638E-2 8.9858E-2 9.80776E-2 7.46564E-2 7.99904E-2 7.97057E-2 9.15397E-2 8.37862E-2 8.73349E-2 8.93187E-2 8.86308E-2 9.0988E-2 9.60419E-2 9.766E-2 9.66933E-2 9.8214E-2 9.9545E-2 1.04957E-1 1.10689E-1 1.09461E-1 9.83481E-2 9.79967E-2 9.54088E-2 9.69045E-2 9.45882E-2 8.18666E-2 8.02185E-2 7.83899E-2 7.84283E-2 7.46483E-2 8.43923E-2 7.47137E-2 7.83031E-2 6.80139E-2 6.63403E-2 6.95791E-2 6.90357E-2 6.74987E-2 6.11678E-2 6.41844E-2 6.71196E-2 6.55739E-2 8.01678E-2 8.83559E-2 9.24536E-2
8.34098E-2 8.49508E-2 8.37567E-2 7.86868E-2 7.91615E-2 8.15052E-2 8.233E-2 8.17066E-2 7.26533E-2 8.20677E-2 8.21191E-2 9.07937E-2 8.6979E-2 6.50782E-2 6.82556E-2 7.15368E-2 7.80864E-2 8.51556E-2 9.8413E-2 7.97672E-2 8.29622E-2 8.184E-2 8.27598E-2 8.72811E-2 8.24392E-2 8.69182E-2 8.73046E-2 9.13779E-2 9.10706E-2 9.12141E-2 9.85175E-2 1.05164E-1 9.83384E-2 9.61001E-2 9.77542E-2 9.43861E-2 9.36933E-2 8.66407E-2 9.0765E-2 8.55348E-2 9.02585E-2 7.96177E-2 8.96674E-2 8.29619E-2 9.02861E-2 7.79049E-2 8.415E-2 7.70612E-2 6.48616E-2 6.52023E-2 7.24934E-2 7.66997E-2 8.05841E-2 8.04869E-2 7.55581E-2 6.75631E-2 8.00257E-2 7.58382E-2 8.7094E-2 8.13352E-2 7.18073E-2
8.42113E-2 8.70803E-2 8.50576E-2 8.01436E-2 8.00108E-2 8.59961E-2 8.01421E-2 9.24753E-2 8.98841E-2 8.73434E-2 8.89671E-2 8.81312E-2 8.49812E-2 6.6816E-2 6.5941E-2 6.75855E-2 7.74062E-2 8.48707E-2 9.12549E-2 8.92339E-2 8.44099E-2 8.25267E-2 8.0707E-2 8.22518E-2 8.32315E-2 8.17273E-2 8.71458E-2 8.43078E-2 9.22893E-2 1.006E-1 1.04116E-1 9.40436E-2 9.2239E-2 8.96506E-2 8.87627E-2 9.07129E-2 9.27396E-2 8.97904E-2 8.85559E-2 8.87765E-2 9.15761E-2 8.53518E-2 8.88133E-2 8.27415E-2 8.70953E-2 9.46752E-2 9.05381E-2 7.93143E-2 6.45772E-2 6.46645E-2 7.56451E-2 8.76256E-2 8.8192E-2 9.23047E-2 8.58474E-2 7.99871E-2 7.29759E-2 6.57789E-2 6.61154E-2 7.11343E-2 7.14861E-2
8.56922E-2 8.37388E-2 8.40708E-2 8.23056E-2 7.83546E-2 7.88227E-2 8.5662E-2 8.27357E-2 8.10821E-2 9.13275E-2 8.90325E-2 7.53649E-2 7.16552E-2 6.57068E-2 6.55735E-2 6.66314E-2 7.32023E-2 8.12976E-2 8.77149E-2 9.55962E-2 8.5659E-2 8.04114E-2 8.03388E-2 8.11876E-2 8.51853E-2 7.99959E-2 8.33776E-2 9.86762E-2 1.03075E-1 1.00296E-1 9.13839E-2 9.80703E-2 9.0498E-2 8.64409E-2 9.107E-2 1.0112E-1 8.96857E-2 8.74754E-2 8.68274E-2 8.5441E-2 9.40616E-2 9.04178E-2 9.69151E-2 8.9857E-2 8.51434E-2 8.25527E-2 7.54438E-2 7.46109E-2 8.41455E-2 7.78371E-2 7.51377E-2 8.4847E-2 7.83355E-2 8.40693E-2 8.14E-2 8.02706E-2 6.82931E-2 7.36885E-2 7.32494E-2 7.28862E-2 7.46726E-2
8.17881E-2 8.26782E-2 8.03503E-2 8.56218E-2 9.36032E-2 8.64409E-2 8.21291E-2 8.55228E-2 7.97188E-2 8.95347E-2 8.57876E-2 7.54138E-2 7.68346E-2 6.47743E-2 6.49092E-2 7.0147E-2 7.99211E-2 7.86049E-2 8.255E-2 8.62161E-2 8.20662E-2 8.461E-2 9.28655E-2 9.84994E-2 9.34059E-2 8.34096E-2 1.05616E-1 9.72104E-2 8.43425E-2 8.8394E-2 8.9205E-2 9.24739E-2 9.17154E-2 9.43516E-2 1.0165E-1 1.04146E-1 1.03934E-1 9.52624E-2 8.54042E-2 8.86932E-2 1.01699E-1 9.71575E-2 8.29023E-2 8.15831E-2 8.09092E-2 8.07966E-2 7.26339E-2 7.82814E-2 8.36669E-2 8.00783E-2 6.50591E-2 6.04911E-2 7.81154E-2 9.20664E-2 9.49592E-2 9.07231E-2 8.21856E-2 7.55038E-2 7.34533E-2 7.48614E-2 6.76911E-2
8.3094E-2 7.92664E-2 8.59171E-2 7.21525E-2 9.04008E-2 9.72521E-2 8.80594E-2 9.03251E-2 8.50809E-2 8.74982E-2 8.52764E-2 8.28385E-2 7.61495E-2 6.358E-2 6.45765E-2 7.00922E-2 7.91357E-2 7.98507E-2 8.50673E-2 8.12759E-2 8.52529E-2 9.97659E-2 9.57921E-2 1.00158E-1 8.72958E-2 8.54682E-2 8.45041E-2 8.57373E-2 8.94168E-2 8.2953E-2 8.71726E-2 9.49147E-2 1.01342E-1 1.0306E-1 1.05066E-1 1.08583E-1 1.10446E-1 1.11272E-1 1.04767E-1 1.01421E-1 1.01822E-1 9.47729E-2 8.46821E-2 8.46805E-2 7.59099E-2 9.37387E-2 8.09062E-2 7.583E-2 7.42273E-2 7.54579E-2 5.98891E-2 6.36731E-2 7.09822E-2 7.75223E-2 8.56222E-2 9.16056E-2 9.15005E-2 7.83009E-2 8.10909E-2 7.78942E-2 7.23901E-2
8.5169E-2 8.65666E-2 7.68057E-2 7.36321E-2 7.89144E-2 9.4708E-2 9.78719E-2 9.34083E-2 8.82209E-2 8.76762E-2 8.08733E-2 7.86215E-2 7.9219E-2 6.42723E-2 6.66836E-2 7.46199E-2 8.08635E-2 8.14522E-2 8.05554E-2 8.3293E-2 8.40119E-2 9.03308E-2 8.44842E-2 9.59091E-2 8.57411E-2 9.60706E-2 8.65778E-2 9.07306E-2 8.325E-2 8.28758E-2 8.58913E-2 8.5552E-2 9.81786E-2 9.96149E-2 1.0592E-1 9.48864E-2 1.02975E-1 1.07626E-1 1.08566E-1 9.80685E-2 8.49093E-2 8.437E-2 8.08119E-2 8.08938E-2 8.56616E-2 8.50799E-2 9.14502E-2 8.35245E-2 7.89773E-2 7.45585E-2 7.20596E-2 8.50465E-2 7.60591E-2 7.40367E-2 7.88046E-2 8.30176E-2 7.63545E-2 7.28693E-2 7.81232E-2 7.10214E-2 7.77889E-2
8.75233E-2 8.45342E-2 7.6564E-2 7.54184E-2 7.11093E-2 8.27962E-2 1.00171E-1 1.02307E-1 9.51795E-2 7.75393E-2 7.27458E-2 6.88309E-2 6.75672E-2 6.90489E-2 7.49462E-2 8.62285E-2 9.01739E-2 9.02474E-2 9.0318E-2 8.03757E-2 8.2201E-2 8.92446E-2 8.67391E-2 8.4653E-2 8.655E-2 8.73222E-2 8.4246E-2 8.29246E-2 8.31431E-2 8.83339E-2 8.98414E-2 8.27318E-2 9.7899E-2 9.78091E-2 9.78955E-2 9.15164E-2 9.91558E-2 1.02075E-1 1.06918E-1 1.01899E-1 8.52206E-2 8.37677E-2 8.71573E-2 8.18E-2 9.72712E-2 9.87887E-2 1.01007E-1 8.76171E-2 7.9714E-2 7.56165E-2 7.32909E-2 8.1089E-2 7.81402E-2 7.75406E-2 7.68615E-2 8.05481E-2 7.76099E-2 8.72135E-2 8.56833E-2 8.08035E-2 8.42961E-2
8.29833E-2 8.50357E-2 7.84093E-2 7.51939E-2 7.17597E-2 8.41976E-2 9.3777E-2 1.08761E-1 1.05973E-1 8.73735E-2 7.48726E-2 6.75556E-2 7.52412E-2 7.6118E-2 8.41028E-2 7.98222E-2 7.88938E-2 7.91716E-2 8.01888E-2 8.52431E-2 8.12012E-2 8.48404E-2 8.74103E-2 9.02166E-2 8.46134E-2 8.61382E-2 9.23574E-2 8.5861E-2 8.68566E-2 9.3746E-2 8.87156E-2 8.22796E-2 9.14253E-2 1.06575E-1 1.00475E-1 9.04352E-2 9.511E-2 1.00601E-1 1.02342E-1 9.02054E-2 8.52992E-2 8.53452E-2 8.68781E-2 8.10683E-2 9.1879E-2 1.01906E-1 9.36655E-2 8.14269E-2 7.83418E-2 7.32473E-2 7.53548E-2 7.61558E-2 7.80835E-2 8.05958E-2 7.29242E-2 6.92575E-2 7.30218E-2 9.5379E-2 9.42059E-2 8.59168E-2 9.41042E-2
8.19292E-2 8.03972E-2 7.36801E-2 7.57821E-2 6.97272E-2 8.42317E-2 8.81468E-2 1.02675E-1 1.01886E-1 7.58007E-2 7.57572E-2 8.51552E-2 8.43997E-2 7.43027E-2 7.69864E-2 8.51417E-2 8.02984E-2 7.76381E-2 7.77334E-2 8.70215E-2 7.81671E-2 8.34732E-2 8.47784E-2 8.18085E-2 8.23412E-2 8.93289E-2 9.42702E-2 8.33558E-2 8.6242E-2 9.64976E-2 8.64894E-2 8.36282E-2 8.71596E-2 9.9369E-2 1.01577E-1 9.82962E-2 9.81489E-2 9.93858E-2 8.7459E-2 8.08584E-2 8.0726E-2 8.17975E-2 8.85958E-2 9.29188E-2 8.35683E-2 9.55974E-2 9.88759E-2 8.32118E-2 8.22414E-2 7.86239E-2 7.89509E-2 7.64718E-2 8.31695E-2 8.27946E-2 8.02193E-2 7.26388E-2 7.33451E-2 7.34594E-2 8.03643E-2 7.92965E-2 8.0796E-2
8.26412E-2 7.56945E-2 7.48291E-2 7.31522E-2 7.40412E-2 8.9725E-2 9.57419E-2 8.75287E-2 7.84203E-2 9.27475E-2 8.22765E-2 7.58848E-2 7.88589E-2 7.49055E-2 7.71134E-2 7.80362E-2 8.03564E-2 7.79579E-2 7.90264E-2 7.81582E-2 8.1666E-2 8.99216E-2 8.8E-2 8.37933E-2 9.64608E-2 9.93079E-2 8.68355E-2 8.01552E-2 8.56682E-2 9.3212E-2 9.00208E-2 8.70316E-2 9.24934E-2 9.64568E-2 1.05814E-1 1.03492E-1 1.073E-1 1.07949E-1 1.0853E-1 8.82585E-2 8.23307E-2 8.14832E-2 8.00287E-2 8.977E-2 9.20682E-2 9.49507E-2 9.96918E-2 9.1865E-2 8.9736E-2 8.60959E-2 8.59691E-2 8.29579E-2 8.59051E-2 8.22186E-2 7.78925E-2 7.346E-2 7.35485E-2 7.23651E-2 7.56143E-2 7.85728E-2 7.73963E-2
8.60351E-2 7.57262E-2 7.02868E-2 7.22275E-2 8.24745E-2 9.31409E-2 8.77422E-2 8.24047E-2 8.89346E-2 7.87048E-2 7.60031E-2 7.8514E-2 8.19453E-2 8.55082E-2 7.84881E-2 7.43587E-2 7.61897E-2 7.70029E-2 8.00467E-2 7.74977E-2 8.33921E-2 8.96776E-2 9.28101E-2 9.0177E-2 9.79093E-2 9.57138E-2 8.43835E-2 8.30037E-2 8.74839E-2 8.60232E-2 8.25367E-2 8.56355E-2 9.91412E-2 1.0181E-1 1.02005E-1 1.03679E-1 1.08867E-1 1.11161E-1 1.11632E-1 9.49913E-2 8.20431E-2 7.97755E-2 7.87529E-2 8.33443E-2 9.01164E-2 8.06371E-2 8.17251E-2 8.24014E-2 8.31015E-2 9.36582E-2 9.55186E-2 9.40064E-2 9.10532E-2 7.1293E-2 7.10658E-2 7.45215E-2 7.04357E-2 7.35565E-2 7.28046E-2 7.27658E-2 7.54056E-2
8.17318E-2 7.34557E-2 7.52556E-2 7.43392E-2 7.81802E-2 9.17715E-2 8.85282E-2 8.65267E-2 7.95409E-2 7.76902E-2 7.60448E-2 7.86821E-2 7.89331E-2 7.89331E-2 7.64456E-2 7.57565E-2 8.22542E-2 7.85654E-2 8.22896E-2 7.81462E-2 8.12742E-2 8.16771E-2 8.80422E-2 9.12173E-2 9.78529E-2 9.84591E-2 9.62869E-2 8.74508E-2 9.13495E-2 8.47597E-2 8.15966E-2 9.0245E-2 8.95788E-2 1.01139E-1 1.00144E-1 1.04058E-1 1.06147E-1 1.08795E-1 1.08949E-1 9.89944E-2 8.36289E-2 8.05921E-2 8.92571E-2 8.66924E-2 1.06845E-1 9.4609E-2 7.05686E-2 7.17009E-2 8.10803E-2 8.69566E-2 9.73747E-2 1.00902E-1 1.02897E-1 7.92782E-2 6.50182E-2 6.78536E-2 7.0522E-2 7.75587E-2 7.30782E-2 7.05889E-2 7.92403E-2
7.53069E-2 7.77364E-2 7.29792E-2 8.13352E-2 8.01373E-2 8.65575E-2 8.36541E-2 7.96694E-2 7.6998E-2 7.71293E-2 7.8432E-2 7.6074E-2 7.82472E-2 7.83869E-2 7.63745E-2 7.56322E-2 8.184E-2 7.91369E-2 8.52249E-2 8.3914E-2 8.14698E-2 8.25806E-2 8.4863E-2 8.79452E-2 9.60766E-2 9.79155E-2 9.9103E-2 9.83417E-2 8.84539E-2 8.45499E-2 8.33114E-2 9.613E-2 9.13938E-2 9.355E-2 1.00102E-1 1.0739E-1 1.08334E-1 1.11699E-1 1.03263E-1 1.12082E-1 9.6439E-2 8.75317E-2 8.9134E-2 8.83421E-2 1.13437E-1 9.9206E-2 9.52026E-2 7.20427E-2 7.76791E-2 7.92014E-2 9.08753E-2 9.83729E-2 1.0568E-1 1.09348E-1 8.39108E-2 6.60041E-2 7.00161E-2 8.28004E-2 7.79512E-2 7.48411E-2 7.62165E-2
8.42391E-2 7.859E-2 7.28958E-2 8.12447E-2 7.97677E-2 8.35514E-2 8.32437E-2 7.97893E-2 8.2953E-2 8.43866E-2 8.73875E-2 7.89187E-2 8.19719E-2 7.63826E-2 7.60745E-2 7.69326E-2 8.15427E-2 7.8027E-2 8.43216E-2 8.59627E-2 8.495E-2 8.95103E-2 8.39135E-2 8.30018E-2 8.78853E-2 9.31946E-2 9.82702E-2 9.48685E-2 9.5086E-2 9.15648E-2 8.86758E-2 9.23646E-2 8.32253E-2 9.07139E-2 9.63044E-2 9.90965E-2 1.00999E-1 1.06518E-1 1.11502E-1 1.12919E-1 1.10708E-1 8.22076E-2 9.93987E-2 9.93322E-2 1.17928E-1 1.07163E-1 1.02142E-1 8.23183E-2 8.19155E-2 7.55923E-2 8.9219E-2 1.06068E-1 1.09578E-1 1.16953E-1 1.14536E-1 8.179E-2 6.82752E-2 7.98966E-2 9.11576E-2 8.42964E-2 7.46517E-2
7.96127E-2 7.5671E-2 8.34144E-2 8.73875E-2 7.77944E-2 7.93856E-2 8.08191E-2 8.44758E-2 8.145E-2 8.01375E-2 7.87705E-2 8.16126E-2 8.88069E-2 8.59009E-2 8.19084E-2 8.15838E-2 7.75131E-2 7.86306E-2 8.87326E-2 9.49581E-2 9.12211E-2 8.72651E-2 8.14033E-2 7.82154E-2 8.35729E-2 8.56134E-2 9.06569E-2 9.74001E-2 9.8392E-2 9.65583E-2 8.96751E-2 8.46437E-2 8.80402E-2 9.12505E-2 8.58423E-2 9.42495E-2 9.90962E-2 1.0189E-1 1.1093E-1 1.14736E-1 1.12842E-1 9.50044E-2 9.89511E-2 1.06479E-1 1.15369E-1 1.14479E-1 8.64854E-2 8.46604E-2 7.67897E-2 8.03119E-2 8.346E-2 9.20681E-2 9.59274E-2 1.13205E-1 9.48192E-2 7.43108E-2 6.8775E-2 7.8E-2 8.5353E-2 8.11785E-2 7.71276E-2
7.57091E-2 7.61768E-2 8.57277E-2 8.34535E-2 7.95097E-2 8.09516E-2 8.90783E-2 9.32122E-2 9.12946E-2 8.77823E-2 7.72668E-2 7.31412E-2 7.98883E-2 8.56427E-2 8.79463E-2 9.28729E-2 8.41697E-2 8.46689E-2 9.22927E-2 9.59777E-2 9.73561E-2 9.03785E-2 7.9519E-2 8.13521E-2 8.36322E-2 8.95401E-2 9.24151E-2 9.88503E-2 9.97177E-2 1.02867E-1 9.09794E-2 9.37288E-2 8.3081E-2 8.73897E-2 9.33418E-2 9.46852E-2 9.85339E-2 1.05836E-1 1.07792E-1 1.04665E-1 1.11935E-1 1.1009E-1 1.14141E-1 1.19404E-1 1.182E-1 1.20494E-1 1.03331E-1 9.34831E-2 8.43081E-2 8.18179E-2 8.53746E-2 8.7641E-2 1.06564E-1 8.95181E-2 8.09195E-2 7.21827E-2 8.5516E-2 1.00215E-1 9.09232E-2 8.13738E-2 8.94958E-2
8.11248E-2 7.519E-2 8.48644E-2 8.3124E-2 9.02116E-2 8.3487E-2 8.92227E-2 9.31864E-2 9.17151E-2 8.94248E-2 8.06285E-2 7.55354E-2 7.88898E-2 8.51953E-2 8.71302E-2 8.76044E-2 8.53522E-2 9.32716E-2 9.29128E-2 9.78159E-2 9.59384E-2 8.38187E-2 7.9437E-2 8.08549E-2 8.3567E-2 9.30007E-2 9.83656E-2 1.01096E-1 1.01404E-1 1.08985E-1 1.00975E-1 9.52777E-2 9.05535E-2 8.44044E-2 9.71693E-2 8.75669E-2 1.04611E-1 1.00328E-1 1.1128E-1 1.07556E-1 1.06257E-1 1.06596E-1 1.14841E-1 1.21152E-1 1.20603E-1 1.07947E-1 8.98158E-2 9.84242E-2 1.05386E-1 9.93704E-2 8.85586E-2 8.85964E-2 1.20411E-1 1.2857E-1 1.22253E-1 1.1357E-1 1.15076E-1 9.93308E-2 7.68095E-2 7.93252E-2 7.67162E-2
9.32782E-2 8.19252E-2 9.353E-2 9.2693E-2 9.05536E-2 9.06489E-2 9.28807E-2 8.7169E-2 9.06275E-2 8.45833E-2 8.06942E-2 8.0441E-2 8.13605E-2 8.69084E-2 8.88214E-2 8.89191E-2 9.66444E-2 9.98901E-2 9.45761E-2 9.52456E-2 8.94869E-2 8.20075E-2 7.77994E-2 7.93459E-2 8.20456E-2 8.45391E-2 9.5179E-2 9.96237E-2 1.09172E-1 1.0428E-1 1.03408E-1 9.90388E-2 8.63461E-2 8.57124E-2 9.61636E-2 9.75708E-2 9.42642E-2 9.73291E-2 9.91097E-2 9.85926E-2 9.10604E-2 1.03324E-1 1.03788E-1 1.14635E-1 1.06913E-1 8.84593E-2 9.9955E-2 1.14417E-1 1.12399E-1 1.15058E-1 9.44424E-2 9.7389E-2 1.18164E-1 1.26065E-1 1.16595E-1 1.24192E-1 1.1619E-1 8.87895E-2 8.58604E-2 8.40313E-2 7.79437E-2
8.99846E-2 9.26832E-2 9.71372E-2 9.62571E-2 9.06538E-2 8.87397E-2 9.45301E-2 9.67688E-2 9.31118E-2 8.9307E-2 7.95549E-2 7.70128E-2 8.31853E-2 9.1804E-2 9.11831E-2 9.17072E-2 1.02178E-1 1.01904E-1 1.07838E-1 1.08813E-1 1.13337E-1 9.49828E-2 7.79292E-2 7.96044E-2 8.24456E-2 8.58996E-2 9.57749E-2 9.87085E-2 1.0795E-1 1.07838E-1 1.10144E-1 1.04749E-1 9.79912E-2 8.93228E-2 8.83926E-2 1.01342E-1 1.00376E-1 9.67327E-2 9.46579E-2 1.06619E-1 1.04219E-1 1.06384E-1 1.06267E-1 1.10467E-1 9.4926E-2 9.66167E-2 1.03804E-1 1.09195E-1 1.07328E-1 9.35264E-2 8.58714E-2 9.10899E-2 9.60424E-2 1.13847E-1 1.03115E-1 1.10651E-1 9.81231E-2 8.88487E-2 9.93098E-2 9.33978E-2 8.61639E-2
