Artocarpus heterophyllus SDM files/Last interglacial/results (without bias file)/Arthet_1.asc
ncols         625
nrows         721
xllcorner     69.99986311115
yllcorner     5.99986151914999
cellsize      0.041666667
NODATA_value  -9999
[rows 189 to 215 of 721, columns 549 to 609 of 625]
7.03022E-3 1.01567E-2 9.48387E-3 1.09469E-2 2.07792E-2 5.71477E-2 8.51694E-2 1.05521E-1 1.47611E-1 1.37916E-1 9.31755E-2 1.02201E-1 1.18256E-1 1.26699E-1 6.05054E-2 1.62542E-1 1.34512E-1 8.22531E-2 1.75495E-1 1.83889E-1 6.17544E-2 1.52893E-1 7.98479E-2 5.08379E-2 2.41673E-2 4.49903E-2 7.30249E-2 1.4262E-1 1.88376E-1 7.47334E-2 2.7243E-1 2.72348E-1 9.92206E-2 2.06678E-2 4.38064E-2 5.5E-2 3.58835E-2 9.92171E-2 4.98902E-2 7.35556E-2 1.57259E-1 1.04266E-1 2.01331E-1 2.67939E-1 1.60338E-1 1.73136E-1 3.07678E-1 3.01967E-1 1.98676E-1 6.22993E-2 7.74043E-2 2.55256E-1 2.4416E-1 2.56455E-1 2.59963E-1 2.44935E-1 2.00581E-1 2.5292E-1 2.1837E-1 2.34367E-1 2.64605E-1
5.30545E-3 5.02713E-3 7.60294E-3 9.75319E-3 1.54331E-2 2.86011E-2 2.11618E-2 8.32233E-2 1.45752E-1 1.70054E-1 2.19099E-1 2.19653E-1 1.80831E-1 1.15266E-1 5.64689E-2 6.88115E-2 1.70831E-1 1.46325E-1 1.84691E-1 1.34793E-1 6.88065E-2 1.80084E-1 1.22397E-1 6.39279E-2 2.15198E-2 2.4338E-2 2.61112E-2 8.13728E-2 1.94277E-1 1.23434E-1 2.48714E-1 2.55383E-1 1.1938E-1 6.78936E-2 5.53087E-2 2.15339E-1 5.17465E-2 8.29247E-2 1.91231E-1 1.14052E-1 2.6789E-1 1.13911E-1 2.11673E-1 2.75783E-1 1.17402E-1 1.68195E-1 2.82181E-1 3.23177E-1 2.02249E-1 6.45736E-2 1.63614E-1 2.29936E-1 9.35318E-2 1.92383E-1 1.9571E-1 1.02263E-1 5.46607E-2 1.77926E-1 2.64318E-1 2.68573E-1 2.65247E-1
1.07546E-2 1.25827E-2 1.12577E-2 1.4748E-2 1.6443E-2 2.95429E-2 2.46915E-2 4.3391E-2 5.9468E-2 1.25555E-1 1.20747E-1 1.71571E-1 2.55962E-1 2.21385E-1 1.13251E-1 4.7846E-2 7.58656E-2 1.73535E-1 2.65838E-1 1.3074E-1 5.35995E-2 7.11309E-2 1.29069E-1 6.37855E-2 6.01696E-2 1.29188E-1 1.07867E-1 9.07601E-2 1.17019E-1 9.90883E-2 2.43201E-1 3.24236E-1 1.98079E-1 7.53341E-2 1.71948E-1 2.39604E-1 5.98292E-2 7.51514E-2 1.91416E-1 2.66135E-1 2.79106E-1 1.24729E-1 9.21688E-2 1.34501E-1 2.12511E-1 2.19762E-1 2.70252E-1 2.95837E-1 1.80881E-1 1.03879E-1 1.10054E-1 7.43615E-2 5.79232E-2 9.89877E-2 7.27081E-2 8.69015E-2 9.96385E-2 1.59679E-1 2.0697E-1 2.58653E-1 2.63872E-1
3.23014E-2 2.36637E-2 2.39537E-2 2.41468E-2 2.34529E-2 4.94607E-2 4.25365E-2 4.94449E-2 6.72958E-2 4.23198E-2 6.34797E-2 1.17277E-1 1.39002E-1 1.67363E-1 2.48169E-1 1.34401E-1 2.09141E-1 2.20963E-1 2.36047E-1 2.05496E-1 1.91352E-1 1.23347E-1 1.16593E-1 1.96415E-1 4.84979E-2 4.83764E-2 1.5408E-1 1.66358E-1 1.9877E-1 1.45404E-1 1.57258E-1 2.34224E-1 2.11016E-1 1.72223E-1 2.97014E-1 1.77665E-1 6.31028E-2 1.8188E-1 1.56911E-1 2.12837E-1 2.99246E-1 1.76991E-1 1.44864E-1 1.8146E-1 2.10053E-1 7.91961E-2 1.38119E-1 1.67593E-1 8.06107E-2 1.44899E-1 1.85578E-1 1.096E-1 4.96331E-2 6.59536E-2 1.50583E-1 1.96921E-1 2.03913E-1 2.06011E-1 2.33142E-1 2.47863E-1 2.51156E-1
3.24823E-2 6.06183E-2 5.87331E-2 4.22587E-2 4.11323E-2 6.8954E-2 8.28693E-2 1.34854E-1 1.28691E-1 5.76247E-2 3.57112E-2 4.57431E-2 3.67202E-2 6.29945E-2 1.37215E-1 2.95703E-1 2.74469E-1 1.42264E-1 9.76963E-2 6.65435E-2 2.18203E-1 2.34914E-1 2.11799E-1 2.71825E-1 1.02923E-1 3.6846E-2 2.27683E-2 5.95871E-2 5.42259E-2 4.44215E-2 7.88892E-2 2.19961E-1 2.98616E-1 2.79301E-1 3.17365E-1 1.08322E-1 1.11951E-1 2.26814E-1 2.59611E-1 2.7805E-1 2.36573E-1 2.26839E-1 1.87951E-1 2.9411E-1 2.14922E-1 7.47841E-2 8.14235E-2 9.74892E-2 1.05813E-1 2.12401E-1 2.86106E-1 2.33229E-1 2.26563E-1 1.97296E-1 1.95162E-1 1.95826E-1 2.10659E-1 2.29903E-1 2.41468E-1 2.51019E-1 2.54279E-1
1.35134E-2 2.32072E-2 3.48822E-2 7.20033E-2 1.35412E-1 1.58328E-1 2.1241E-1 1.8388E-1 1.5872E-1 1.85973E-1 1.06037E-1 5.83475E-2 6.80058E-2 7.76023E-2 1.01273E-1 1.79933E-1 1.56403E-1 8.73765E-2 7.16169E-2 1.7654E-1 1.50372E-1 1.3105E-1 4.82663E-2 1.00253E-1 2.46568E-1 3.2236E-2 4.49369E-2 5.95485E-2 2.95475E-2 7.70774E-2 2.59334E-1 2.51322E-1 9.49659E-2 1.99246E-1 3.14601E-1 2.69171E-1 1.34686E-1 2.67005E-1 2.19574E-1 1.27459E-1 1.385E-1 1.9411E-1 1.24048E-1 1.44838E-1 1.99733E-1 1.32192E-1 6.09517E-2 7.78697E-2 1.25154E-1 2.34725E-1 2.56816E-1 1.92802E-1 2.41298E-1 2.13125E-1 2.09654E-1 2.11325E-1 2.07592E-1 2.3735E-1 2.45513E-1 2.46142E-1 2.60346E-1
2.5325E-2 2.36793E-2 3.02998E-2 4.85594E-2 1.38521E-1 1.21723E-1 1.30735E-1 8.60288E-2 5.72242E-2 1.46423E-1 2.60671E-1 2.5743E-1 2.58704E-1 2.52307E-1 1.08913E-1 1.22511E-1 7.5192E-2 5.96456E-2 1.12499E-1 8.20281E-2 4.00537E-2 1.87567E-2 3.09574E-2 5.05899E-2 2.39912E-1 2.30146E-1 1.59966E-1 7.37649E-2 4.58561E-2 1.62492E-1 8.59858E-2 5.6531E-2 8.83941E-2 1.39715E-1 2.49467E-1 1.98744E-1 1.11906E-1 3.02923E-1 1.86788E-1 1.50285E-1 8.32925E-2 7.28754E-2 9.34707E-2 1.38801E-1 2.46766E-1 2.19823E-1 1.82144E-1 1.64149E-1 2.26088E-1 2.86868E-1 2.15885E-1 2.50649E-1 2.511E-1 2.29636E-1 1.87678E-1 1.98989E-1 2.12653E-1 2.38898E-1 2.50673E-1 2.49666E-1 2.64392E-1
3.5849E-2 2.5588E-2 5.82251E-2 9.78501E-2 7.55224E-2 5.48266E-2 6.36321E-2 2.83531E-2 1.02355E-1 1.52792E-1 5.96656E-2 5.02913E-2 7.71163E-2 1.16489E-1 2.25235E-1 2.29449E-1 1.5021E-1 6.42531E-2 1.26878E-1 4.30535E-2 8.79171E-2 3.29678E-2 5.46721E-2 1.00994E-1 1.43013E-1 2.79138E-1 2.79179E-1 1.80183E-1 3.46028E-2 4.20492E-2 3.37116E-2 6.3504E-2 1.68892E-1 2.47556E-1 2.70603E-1 2.2285E-1 2.48801E-1 2.05898E-1 1.34334E-1 8.09126E-2 6.11336E-2 8.00702E-2 9.10748E-2 9.42428E-2 9.4659E-2 1.70225E-1 2.54106E-1 2.20515E-1 2.30103E-1 2.10793E-1 1.94813E-1 2.52985E-1 1.69973E-1 2.22114E-1 2.19305E-1 2.51794E-1 2.56723E-1 2.61584E-1 2.60099E-1 2.69161E-1 2.7878E-1
4.29193E-2 5.97108E-2 3.97922E-2 6.14993E-2 4.64128E-2 2.1675E-2 2.99609E-2 4.47031E-2 7.89776E-2 3.55065E-2 3.12886E-2 3.02487E-2 6.43238E-2 7.74521E-2 1.35949E-1 2.32873E-1 2.4554E-1 2.30644E-1 1.14888E-1 4.41916E-2 9.94409E-2 9.02222E-2 6.55193E-2 1.07543E-1 2.27077E-1 3.32824E-1 2.33386E-1 1.03073E-1 6.049E-2 1.35194E-1 1.10437E-1 7.56323E-2 1.18397E-1 9.3535E-2 1.4402E-1 2.8096E-1 1.23955E-1 1.00618E-1 1.53011E-1 2.22519E-1 2.36278E-1 2.52859E-1 2.84436E-1 1.80881E-1 1.53891E-1 1.75763E-1 1.80987E-1 1.71832E-1 2.48344E-1 2.06559E-1 1.90689E-1 2.15789E-1 2.45267E-1 2.65973E-1 2.65313E-1 2.66153E-1 2.64626E-1 2.72916E-1 2.6911E-1 2.78791E-1 2.7609E-1
7.97538E-2 1.50204E-1 7.27707E-2 1.58629E-1 6.22366E-2 7.60063E-2 1.03935E-1 1.57178E-1 7.56458E-2 5.83265E-2 9.96547E-2 7.45024E-2 1.38484E-1 1.86288E-1 2.40667E-1 1.9586E-1 1.08782E-1 2.23848E-1 1.30586E-1 1.5654E-1 1.7607E-1 2.74271E-1 2.27289E-1 2.69538E-1 1.88147E-1 1.76941E-1 3.14271E-1 2.66221E-1 2.30447E-1 2.6541E-1 2.70806E-1 2.70855E-1 2.44365E-1 2.4245E-1 2.7242E-1 1.30379E-1 1.94056E-1 2.16502E-1 2.73949E-1 3.01017E-1 2.54615E-1 1.8231E-1 1.66107E-1 1.42916E-1 1.95232E-1 1.53356E-1 1.65609E-1 2.13802E-1 2.24486E-1 2.64956E-1 2.74064E-1 2.62506E-1 2.72183E-1 2.69531E-1 2.70859E-1 2.65075E-1 2.71389E-1 2.78003E-1 2.82423E-1 2.84666E-1 2.87447E-1
7.78672E-2 1.53373E-1 2.088E-1 2.50475E-1 1.62914E-1 1.20635E-1 2.28109E-1 1.42054E-1 9.50955E-2 1.31161E-1 1.64956E-1 1.91591E-1 2.02898E-1 1.74224E-1 1.68288E-1 8.96398E-2 1.25616E-1 1.30139E-1 2.53622E-1 2.30068E-1 1.84891E-1 8.57142E-2 7.15545E-2 7.36682E-2 7.092E-2 1.8513E-1 2.69798E-1 2.32012E-1 2.29122E-1 1.30501E-1 6.78425E-2 2.27296E-1 1.21004E-1 8.17697E-2 2.18728E-1 2.84147E-1 2.8356E-1 2.60634E-1 2.79793E-1 2.33023E-1 1.44301E-1 1.89427E-1 2.53109E-1 2.67382E-1 2.51141E-1 2.65381E-1 1.96059E-1 2.42224E-1 2.67291E-1 2.69715E-1 2.76929E-1 2.73842E-1 2.75518E-1 2.77037E-1 2.76202E-1 2.84587E-1 2.84015E-1 2.92275E-1 2.86394E-1 2.90574E-1 2.92011E-1
5.98857E-2 7.40463E-2 1.39328E-1 2.7281E-1 1.84284E-1 2.69984E-1 2.11264E-1 1.14449E-1 8.52649E-2 1.19975E-1 7.88545E-2 8.46155E-2 9.97053E-2 5.07837E-2 1.05324E-1 9.40547E-2 5.87731E-2 1.78665E-1 2.4284E-1 1.25785E-1 8.9729E-2 5.76339E-2 1.07647E-1 1.55128E-1 2.07934E-1 2.09718E-1 1.66072E-1 8.32655E-2 3.84751E-2 3.64105E-2 1.24102E-1 1.11301E-1 7.76969E-2 2.07469E-1 2.74679E-1 1.83436E-1 1.77656E-1 1.99966E-1 1.99043E-1 1.96029E-1 1.95034E-1 2.17149E-1 2.36032E-1 2.32932E-1 2.25781E-1 2.39325E-1 2.67334E-1 2.64981E-1 2.64105E-1 2.68622E-1 2.69878E-1 2.74064E-1 2.75826E-1 2.73918E-1 2.87413E-1 2.86652E-1 2.90054E-1 2.90382E-1 2.9337E-1 2.95249E-1 2.97296E-1
1.22104E-1 1.04889E-1 2.08226E-1 3.06806E-1 3.33362E-1 2.83837E-1 1.55416E-1 1.2016E-1 5.40686E-2 6.71112E-2 3.58489E-2 2.9992E-2 3.10647E-2 3.70103E-2 8.56008E-2 4.21168E-2 6.90388E-2 1.57968E-1 9.94838E-2 8.51186E-2 1.1323E-1 7.32738E-2 1.08705E-1 8.69256E-2 8.23413E-2 8.92632E-2 1.4938E-1 8.21657E-2 2.61838E-2 4.59824E-2 8.43449E-2 9.52232E-2 2.60278E-1 2.73765E-1 2.51124E-1 2.64975E-1 2.38971E-1 3.03673E-1 3.05238E-1 2.68289E-1 2.31302E-1 2.09296E-1 2.29711E-1 2.72624E-1 2.76343E-1 2.77717E-1 2.70904E-1 2.71779E-1 2.71834E-1 2.75984E-1 2.81165E-1 2.77959E-1 2.86796E-1 2.8792E-1 2.94398E-1 3.03611E-1 2.9692E-1 2.9775E-1 2.96157E-1 2.9817E-1 3.0056E-1
2.02005E-1 2.03991E-1 1.64781E-1 3.59616E-1 2.35715E-1 1.92409E-1 1.48062E-1 7.58571E-2 3.12185E-2 2.55582E-2 1.83159E-2 2.1984E-2 3.01261E-2 3.08726E-2 2.22248E-2 2.53633E-2 4.4746E-2 5.59843E-2 1.30952E-1 1.8951E-1 9.83521E-2 3.19495E-2 7.78062E-2 1.14471E-1 5.65083E-2 3.13751E-2 4.37407E-2 2.08904E-2 3.06647E-2 4.99696E-2 9.91671E-2 2.28219E-1 3.08205E-1 2.19746E-1 2.34713E-1 2.32409E-1 2.07964E-1 2.22012E-1 2.15381E-1 2.25473E-1 2.61775E-1 2.82548E-1 2.79682E-1 2.82107E-1 2.71553E-1 2.76609E-1 2.85389E-1 2.80939E-1 2.81566E-1 2.83625E-1 2.88064E-1 2.96462E-1 3.00104E-1 2.95477E-1 3.05399E-1 3.01167E-1 3.05979E-1 3.00016E-1 3.02781E-1 3.05827E-1 3.06834E-1
2.50949E-1 2.66675E-1 3.82409E-1 2.33415E-1 1.50413E-1 2.4342E-1 2.09492E-1 1.53407E-1 1.09469E-1 5.49629E-2 2.2506E-2 2.12594E-2 5.19455E-2 7.64895E-2 5.51335E-2 5.57759E-2 4.02076E-2 8.56325E-2 1.84356E-1 1.16814E-1 4.76262E-2 7.84365E-2 9.56358E-2 1.41119E-1 7.25364E-2 3.96335E-2 2.53263E-2 2.23568E-2 4.27848E-2 1.23012E-1 2.45543E-1 2.25314E-1 2.7669E-1 2.71518E-1 2.78473E-1 2.33125E-1 2.56022E-1 2.77797E-1 2.83126E-1 2.77371E-1 2.81429E-1 2.89136E-1 2.89061E-1 2.81756E-1 2.79433E-1 2.87752E-1 2.88257E-1 2.89716E-1 2.88766E-1 2.9597E-1 3.00311E-1 3.08602E-1 3.09447E-1 3.05949E-1 3.03404E-1 3.04828E-1 3.09645E-1 3.10704E-1 3.06417E-1 3.0657E-1 3.09993E-1
3.28499E-1 3.85316E-1 3.80987E-1 2.27451E-1 2.71679E-1 2.94596E-1 2.13957E-1 8.55837E-2 5.211E-2 3.6901E-2 1.87808E-2 2.42078E-2 7.94254E-2 1.4391E-1 1.73108E-1 1.54636E-1 6.32426E-2 8.29637E-2 1.84056E-1 1.20846E-1 1.37374E-1 1.7422E-1 1.02097E-1 1.26201E-1 6.90249E-2 2.6091E-2 1.92723E-2 4.79006E-2 1.10675E-1 2.21646E-1 2.06543E-1 2.21139E-1 2.43656E-1 3.00854E-1 3.09596E-1 2.9832E-1 2.98587E-1 2.89996E-1 2.74688E-1 2.75466E-1 2.81221E-1 2.92307E-1 2.93749E-1 2.98088E-1 2.92909E-1 2.96484E-1 2.95501E-1 2.99583E-1 2.98293E-1 3.02628E-1 3.1007E-1 3.14003E-1 3.05091E-1 3.08501E-1 3.12949E-1 3.09213E-1 3.12669E-1 3.13267E-1 3.08091E-1 3.08418E-1 3.10161E-1
2.68561E-1 2.37256E-1 1.80882E-1 3.85609E-1 3.23535E-1 1.95137E-1 1.88931E-1 1.18107E-1 8.98903E-2 7.87876E-2 2.70028E-2 2.64009E-2 3.82831E-2 4.38604E-2 1.06976E-1 1.73134E-1 1.95154E-1 1.81846E-1 2.66743E-1 2.35253E-1 2.46091E-1 2.02594E-1 1.51455E-1 9.67837E-2 4.29097E-2 3.03249E-2 3.11234E-2 6.92893E-2 1.3312E-1 1.96756E-1 2.50572E-1 2.52013E-1 2.74431E-1 2.98302E-1 2.97241E-1 2.98917E-1 2.98681E-1 2.93495E-1 2.8412E-1 2.8558E-1 2.97872E-1 2.97238E-1 3.03108E-1 3.00386E-1 3.02524E-1 3.05211E-1 3.07965E-1 3.201E-1 3.1573E-1 3.18988E-1 3.21861E-1 3.17541E-1 3.21145E-1 3.16978E-1 3.19526E-1 3.22298E-1 3.18819E-1 3.19548E-1 3.19876E-1 3.20049E-1 3.14995E-1
1.54062E-1 1.15477E-1 1.92692E-1 3.60441E-1 2.4075E-1 3.05611E-1 1.62413E-1 9.21854E-2 5.9408E-2 3.80134E-2 2.63497E-2 1.68803E-2 2.02353E-2 3.74074E-2 6.40678E-2 7.66291E-2 1.66579E-1 2.00524E-1 2.17752E-1 3.53027E-1 3.01306E-1 2.59566E-1 1.42788E-1 5.00378E-2 7.62283E-2 1.12941E-1 1.87656E-1 1.12389E-1 2.30452E-1 2.71928E-1 2.88185E-1 2.65661E-1 2.99718E-1 3.0164E-1 2.97692E-1 3.02104E-1 2.99522E-1 3.05956E-1 3.029E-1 3.08178E-1 3.06766E-1 3.06452E-1 3.11821E-1 3.09551E-1 3.09348E-1 3.17311E-1 3.1627E-1 3.28486E-1 3.15047E-1 3.28119E-1 3.31964E-1 3.27614E-1 3.29516E-1 3.24263E-1 3.27624E-1 3.28659E-1 3.22056E-1 3.22283E-1 3.23936E-1 3.16308E-1 3.1605E-1
1.16459E-1 1.75038E-1 3.37951E-1 3.75843E-1 3.66163E-1 2.73438E-1 1.72723E-1 5.7185E-2 6.1948E-2 5.30459E-2 4.27279E-2 2.85764E-2 3.44E-2 3.9299E-2 4.13666E-2 1.17137E-1 1.8353E-1 9.96089E-2 1.64525E-1 1.94779E-1 2.43289E-1 3.02027E-1 9.18E-2 1.41044E-1 2.94371E-1 2.9026E-1 2.31081E-1 2.5748E-1 2.66896E-1 2.97518E-1 3.11148E-1 3.08558E-1 3.12858E-1 3.10075E-1 3.05606E-1 3.07112E-1 3.04585E-1 3.12772E-1 3.14827E-1 3.10958E-1 3.14273E-1 3.17817E-1 3.22577E-1 3.15946E-1 3.17945E-1 3.24499E-1 3.22892E-1 3.3639E-1 3.33944E-1 3.33198E-1 3.35542E-1 3.33E-1 3.34359E-1 3.35674E-1 3.30792E-1 3.32017E-1 3.254E-1 3.24932E-1 3.24813E-1 3.35016E-1 3.29144E-1
1.41796E-1 1.77885E-1 1.9833E-1 3.69176E-1 3.91078E-1 1.62456E-1 6.5645E-2 8.80757E-2 1.43526E-1 9.1498E-2 5.1549E-2 4.24321E-2 3.98093E-2 9.30351E-2 1.03344E-1 1.23277E-1 1.22579E-1 6.30536E-2 5.34843E-2 8.63832E-2 1.90142E-1 3.04709E-1 2.67643E-1 3.02248E-1 2.12424E-1 3.08042E-1 3.0246E-1 2.80112E-1 2.99082E-1 3.11579E-1 3.1269E-1 3.15033E-1 3.18074E-1 3.15917E-1 3.24422E-1 3.19545E-1 3.21109E-1 3.21475E-1 3.24123E-1 3.24816E-1 3.22669E-1 3.26617E-1 3.28144E-1 3.24865E-1 3.3017E-1 3.31727E-1 3.35428E-1 3.43047E-1 3.39141E-1 3.39322E-1 3.41736E-1 3.37928E-1 3.38953E-1 3.40208E-1 3.33455E-1 3.34004E-1 3.34261E-1 3.33691E-1 3.26336E-1 3.39473E-1 3.40124E-1
3.44125E-1 3.83714E-1 4.2816E-1 4.24634E-1 2.91194E-1 2.45587E-1 1.93897E-1 2.42229E-1 1.39968E-1 7.51779E-2 8.31296E-2 7.82625E-2 5.18304E-2 7.51155E-2 9.83035E-2 1.29949E-1 9.94084E-2 6.37508E-2 7.90049E-2 1.02089E-1 8.96458E-2 1.23418E-1 1.97406E-1 2.14453E-1 2.74779E-1 2.78473E-1 3.04662E-1 3.1647E-1 3.20108E-1 3.2271E-1 3.23679E-1 3.25188E-1 3.2637E-1 3.20517E-1 3.26211E-1 3.27092E-1 3.2661E-1 3.29515E-1 3.33019E-1 3.28473E-1 3.34387E-1 3.33278E-1 3.2983E-1 3.33225E-1 3.39347E-1 3.46755E-1 3.47295E-1 3.49299E-1 3.5148E-1 3.44347E-1 3.45438E-1 3.48485E-1 3.42591E-1 3.42856E-1 3.37094E-1 3.34958E-1 3.35248E-1 3.355E-1 3.39497E-1 3.39757E-1 3.43092E-1
4.26535E-1 3.86021E-1 2.65585E-1 2.64104E-1 4.01356E-1 3.40865E-1 2.55365E-1 1.47235E-1 7.74663E-2 5.73501E-2 1.0282E-1 1.41593E-1 1.25832E-1 1.29391E-1 1.69259E-1 2.11401E-1 1.47611E-1 1.21169E-1 1.97085E-1 2.14576E-1 1.97432E-1 3.03198E-1 3.29527E-1 2.90871E-1 3.19011E-1 3.13331E-1 3.06971E-1 3.29591E-1 3.31318E-1 3.31487E-1 3.25873E-1 3.2476E-1 3.36435E-1 3.33389E-1 3.33996E-1 3.38201E-1 3.31116E-1 3.33746E-1 3.33796E-1 3.38626E-1 3.41893E-1 3.40349E-1 3.39802E-1 3.43449E-1 3.55708E-1 3.46092E-1 3.52748E-1 3.54581E-1 3.55844E-1 3.54733E-1 3.49631E-1 3.51002E-1 3.45192E-1 3.44535E-1 3.44998E-1 3.43506E-1 3.34707E-1 3.35157E-1 3.46808E-1 3.43248E-1 3.32767E-1
4.18098E-1 3.27285E-1 3.62734E-1 3.72383E-1 3.77582E-1 2.5024E-1 2.36074E-1 1.85579E-1 8.66846E-2 1.29256E-1 1.85647E-1 2.39226E-1 2.28905E-1 2.66671E-1 2.27067E-1 3.18201E-1 3.41361E-1 2.66428E-1 2.7117E-1 3.6393E-1 3.39689E-1 3.15022E-1 3.3408E-1 3.13003E-1 3.09024E-1 3.24626E-1 3.33028E-1 3.34433E-1 3.37553E-1 3.29569E-1 3.31482E-1 3.42609E-1 3.42596E-1 3.4195E-1 3.39621E-1 3.42369E-1 3.46857E-1 3.3964E-1 3.43152E-1 3.46735E-1 3.45643E-1 3.48753E-1 3.45991E-1 3.46444E-1 3.60746E-1 3.62762E-1 3.59047E-1 3.59422E-1 3.60621E-1 3.61402E-1 3.51493E-1 3.52837E-1 3.46275E-1 3.4688E-1 3.45546E-1 3.4255E-1 3.42621E-1 3.35262E-1 3.37207E-1 3.40517E-1 3.54959E-1
4.26514E-1 2.91354E-1 1.86876E-1 1.8529E-1 1.81118E-1 1.43736E-1 1.79757E-1 1.26145E-1 1.34286E-1 1.773E-1 1.46286E-1 1.75614E-1 1.57609E-1 1.07284E-1 1.49306E-1 1.35264E-1 1.36827E-1 2.57541E-1 3.01759E-1 2.89052E-1 3.17381E-1 3.38118E-1 3.34802E-1 3.15346E-1 3.40097E-1 3.38401E-1 3.36756E-1 3.3634E-1 3.3746E-1 3.36385E-1 3.48128E-1 3.47867E-1 3.49459E-1 3.48482E-1 3.49612E-1 3.52604E-1 3.45198E-1 3.53822E-1 3.50763E-1 3.51522E-1 3.53211E-1 3.49943E-1 3.49414E-1 3.65887E-1 3.55265E-1 3.68822E-1 3.63041E-1 3.62548E-1 3.62811E-1 3.61944E-1 3.56157E-1 3.54988E-1 3.54838E-1 3.47426E-1 3.52606E-1 3.45171E-1 3.43457E-1 3.39631E-1 3.4033E-1 3.47005E-1 3.39949E-1
2.70392E-1 3.59149E-1 2.88685E-1 2.55545E-1 2.24515E-1 2.45547E-1 2.2809E-1 2.04992E-1 1.6197E-1 1.95104E-1 1.65033E-1 1.52183E-1 1.55353E-1 1.82656E-1 1.68083E-1 1.50744E-1 2.58307E-1 3.01019E-1 3.46995E-1 3.76127E-1 3.99607E-1 3.74977E-1 3.69705E-1 3.32046E-1 3.45238E-1 3.73778E-1 3.7285E-1 3.46472E-1 3.68629E-1 3.81227E-1 3.78305E-1 3.78859E-1 3.69968E-1 3.47713E-1 3.5087E-1 3.50189E-1 3.59524E-1 3.53265E-1 3.54104E-1 3.57455E-1 3.59171E-1 3.53704E-1 3.54701E-1 3.58298E-1 3.71051E-1 3.70895E-1 3.70731E-1 3.64151E-1 3.63851E-1 3.64277E-1 3.62639E-1 3.6166E-1 3.5425E-1 3.54016E-1 3.53297E-1 3.46165E-1 3.46625E-1 3.50728E-1 3.54231E-1 3.56504E-1 3.28303E-1
3.41986E-1 4.20198E-1 3.94551E-1 3.66869E-1 3.24117E-1 2.042E-1 2.01217E-1 1.594E-1 2.17351E-1 2.70936E-1 3.56757E-1 3.75634E-1 2.64352E-1 2.60912E-1 4.04759E-1 3.57287E-1 3.51223E-1 4.0085E-1 3.83112E-1 4.09321E-1 3.99813E-1 3.74267E-1 3.72083E-1 3.8249E-1 3.79699E-1 3.7785E-1 3.77757E-1 3.88107E-1 3.85401E-1 3.83878E-1 3.61292E-1 3.53503E-1 3.75621E-1 3.52121E-1 3.56195E-1 3.57442E-1 3.61205E-1 3.60478E-1 3.60935E-1 3.61999E-1 3.63262E-1 3.59203E-1 3.59514E-1 3.72738E-1 3.71896E-1 3.71224E-1 3.74198E-1 3.72607E-1 3.67077E-1 3.64915E-1 3.6435E-1 3.63245E-1 3.62492E-1 3.55594E-1 3.56212E-1 3.56166E-1 3.52706E-1 3.60176E-1 3.44977E-1 3.60641E-1 3.66252E-1
3.67842E-1 3.81608E-1 4.14279E-1 4.43648E-1 3.03339E-1 2.62183E-1 3.7912E-1 2.78464E-1 3.26776E-1 3.75887E-1 3.26628E-1 4.25348E-1 4.16127E-1 4.01862E-1 4.21926E-1 4.3064E-1 4.04997E-1 4.19982E-1 4.12092E-1 3.98668E-1 3.6658E-1 3.75636E-1 3.77902E-1 3.85847E-1 3.84493E-1 3.82759E-1 3.86425E-1 3.94083E-1 3.91332E-1 3.82E-1 3.8225E-1 3.81163E-1 3.80411E-1 3.80009E-1 3.8141E-1 3.80161E-1 3.62539E-1 3.64675E-1 3.6518E-1 3.6766E-1 3.69296E-1 3.67921E-1 3.7409E-1 3.6159E-1 3.77381E-1 3.7526E-1 3.73072E-1 3.73493E-1 3.736E-1 3.67571E-1 3.65704E-1 3.64643E-1 3.65251E-1 3.63983E-1 3.58575E-1 3.60169E-1 3.60468E-1 3.52414E-1 3.4494E-1 3.22112E-1 3.47919E-1
