Artocarpus heterophyllus SDM files/Last interglacial/results (without bias file)/Arthet_stddev.asc
ncols         625
nrows         721
xllcorner     69.99986311115
yllcorner     5.99986151914999
cellsize      0.041666667
NODATA_value  -9999
[rows 54 to 80 of 721, columns 61 to 121 of 625]
6.91123E-3 8.17087E-3 7.99941E-3 7.12646E-3 7.3881E-3 7.63079E-3 7.80275E-3 7.42826E-3 8.94068E-3 1.04837E-2 1.40966E-2 1.55557E-2 1.74384E-2 1.90722E-2 1.93898E-2 1.78737E-2 1.56147E-2 1.53799E-2 1.60012E-2 1.54189E-2 1.37303E-2 1.37325E-2 1.33581E-2 1.21215E-2 1.18226E-2 1.42399E-2 1.16707E-2 8.99351E-3 5.54207E-3 5.58862E-3 6.62998E-3 6.10154E-3 8.38561E-3 9.55538E-3 8.70608E-3 8.89772E-3 8.14025E-3 7.33107E-3 6.36739E-3 4.83427E-3 4.61542E-3 2.75861E-3 2.6811E-3 2.16176E-3 9.18621E-4 4.05089E-4 2.56934E-4 2.70399E-4 3.51483E-4 5.0128E-4 8.19518E-4 1.0932E-3 1.36144E-3 1.85617E-3 1.79332E-3 2.01787E-3 2.57041E-3 2.19274E-3 2.41934E-3 2.48226E-3 2.68793E-3
5.96504E-3 6.20994E-3 6.79467E-3 7.54715E-3 7.32932E-3 7.66669E-3 8.2189E-3 9.38741E-3 1.30036E-2 1.59577E-2 1.73031E-2 1.66145E-2 1.59522E-2 1.501E-2 1.36211E-2 1.3898E-2 1.28011E-2 1.16289E-2 1.37665E-2 1.65574E-2 1.7473E-2 1.42225E-2 1.3817E-2 8.45647E-3 1.07258E-2 1.15614E-2 1.18211E-2 1.00415E-2 8.74206E-3 8.1344E-3 5.50034E-3 6.31527E-3 7.36252E-3 9.81183E-3 9.52638E-3 9.74469E-3 8.12131E-3 6.43175E-3 6.03768E-3 5.33365E-3 5.03152E-3 3.23378E-3 2.30212E-3 1.82394E-3 1.90209E-3 8.81927E-4 3.54089E-4 3.04411E-4 2.9318E-4 4.54902E-4 7.34592E-4 1.04365E-3 1.205E-3 1.67066E-3 1.72894E-3 1.83437E-3 1.93682E-3 2.41709E-3 2.15346E-3 2.43538E-3 2.68419E-3
5.85518E-3 6.20269E-3 7.18874E-3 7.88144E-3 8.37021E-3 8.52666E-3 9.20787E-3 8.9209E-3 9.69972E-3 1.23073E-2 1.24875E-2 1.24543E-2 1.2669E-2 1.25674E-2 1.1861E-2 1.08317E-2 1.13895E-2 1.19485E-2 1.21246E-2 1.47868E-2 1.60512E-2 1.66733E-2 1.81161E-2 1.5023E-2 1.58483E-2 1.4128E-2 1.33606E-2 1.40263E-2 1.28111E-2 1.02488E-2 8.53898E-3 6.42356E-3 7.09124E-3 1.1508E-2 1.15306E-2 1.12387E-2 9.76372E-3 7.90797E-3 6.88279E-3 4.9223E-3 5.21542E-3 4.73074E-3 3.34838E-3 1.74102E-3 1.83835E-3 1.65938E-3 6.58064E-4 4.28155E-4 2.54067E-4 3.33714E-4 6.26833E-4 1.05194E-3 1.30422E-3 1.50476E-3 1.77392E-3 2.04356E-3 2.24686E-3 2.39123E-3 2.10478E-3 2.28106E-3 2.52007E-3
5.6995E-3 6.06608E-3 6.88911E-3 6.6038E-3 7.19065E-3 7.78376E-3 8.09177E-3 7.8168E-3 1.07446E-2 1.19777E-2 1.29733E-2 1.16657E-2 1.14148E-2 1.15268E-2 1.08791E-2 1.11377E-2 1.05552E-2 1.18749E-2 1.41659E-2 1.9269E-2 1.96589E-2 1.99785E-2 1.69245E-2 1.89343E-2 1.53997E-2 1.91895E-2 1.76812E-2 1.52731E-2 1.50425E-2 1.45435E-2 1.15904E-2 1.12556E-2 9.67159E-3 1.23042E-2 1.13736E-2 1.00957E-2 1.00075E-2 9.10062E-3 8.17565E-3 7.0049E-3 6.2224E-3 5.17214E-3 3.99308E-3 2.71541E-3 2.11502E-3 1.67345E-3 1.36943E-3 8.09303E-4 5.10827E-4 6.92286E-4 9.49936E-4 7.25199E-4 1.02271E-3 1.30079E-3 1.4568E-3 1.96133E-3 2.28211E-3 2.47766E-3 2.61701E-3 2.76843E-3 2.40554E-3
6.88122E-3 7.49316E-3 7.50158E-3 6.98866E-3 7.5332E-3 7.97966E-3 9.21163E-3 1.02617E-2 1.07543E-2 1.01475E-2 1.24816E-2 1.20323E-2 1.15142E-2 1.23985E-2 1.03393E-2 1.13855E-2 1.33253E-2 1.32327E-2 1.2442E-2 1.56915E-2 1.20878E-2 1.23605E-2 1.54515E-2 1.47843E-2 1.30596E-2 1.24098E-2 1.62777E-2 1.8277E-2 1.52562E-2 1.44741E-2 1.56985E-2 1.50033E-2 1.50035E-2 1.22445E-2 1.19319E-2 1.17408E-2 1.00459E-2 8.78063E-3 7.8237E-3 7.6707E-3 6.77034E-3 5.13493E-3 4.28222E-3 3.54239E-3 2.72814E-3 1.88939E-3 1.84835E-3 7.06309E-4 5.16924E-4 5.02511E-4 5.08562E-4 6.07753E-4 5.64543E-4 1.14845E-3 1.21437E-3 1.37858E-3 2.12726E-3 2.4098E-3 2.29147E-3 2.56066E-3 2.34297E-3
6.60952E-3 7.2189E-3 7.74454E-3 7.28265E-3 6.76921E-3 7.25965E-3 7.93518E-3 1.03986E-2 9.13067E-3 9.02794E-3 1.21569E-2 1.14846E-2 1.17576E-2 1.02788E-2 9.30145E-3 1.01465E-2 9.54999E-3 1.14001E-2 1.23031E-2 1.07988E-2 1.11726E-2 1.28783E-2 1.81253E-2 1.43271E-2 1.31571E-2 1.49612E-2 1.17204E-2 1.17917E-2 1.62763E-2 1.54568E-2 1.20424E-2 1.64021E-2 1.69818E-2 1.36768E-2 1.21653E-2 1.07724E-2 9.82612E-3 9.02613E-3 7.58047E-3 7.05122E-3 6.03504E-3 5.49842E-3 4.84764E-3 4.29787E-3 3.20207E-3 1.35864E-3 9.47109E-4 5.30259E-4 4.13917E-4 5.94497E-4 3.37329E-4 5.28629E-4 4.17809E-4 6.50589E-4 6.51911E-4 9.27781E-4 9.75752E-4 1.59771E-3 2.11153E-3 1.45506E-3 1.14145E-3
6.81101E-3 6.55911E-3 6.73288E-3 7.42439E-3 6.90663E-3 7.59652E-3 8.8794E-3 1.04614E-2 9.18284E-3 1.02558E-2 1.26322E-2 1.19044E-2 1.02551E-2 8.3048E-3 8.71954E-3 9.86992E-3 9.86139E-3 9.93594E-3 1.1087E-2 1.36031E-2 1.36797E-2 1.66481E-2 2.01237E-2 1.76374E-2 1.70772E-2 1.25503E-2 1.29179E-2 1.41947E-2 1.06039E-2 1.55136E-2 1.60828E-2 1.33956E-2 1.28091E-2 1.50087E-2 1.29515E-2 1.15905E-2 9.82884E-3 8.7134E-3 7.86668E-3 7.41345E-3 7.04589E-3 6.70184E-3 6.43508E-3 5.9048E-3 4.48331E-3 2.82735E-3 1.28223E-3 7.00968E-4 4.15685E-4 4.74233E-4 3.51413E-4 5.36721E-4 5.3259E-4 5.31022E-4 3.56663E-4 4.93887E-4 5.74228E-4 7.01419E-4 9.99306E-4 1.03805E-3 8.85432E-4
5.8344E-3 6.00324E-3 6.39842E-3 7.02473E-3 7.77281E-3 9.00292E-3 1.14687E-2 1.03931E-2 8.48258E-3 1.13771E-2 1.12687E-2 8.46996E-3 7.53711E-3 9.16193E-3 1.02675E-2 1.25738E-2 1.11805E-2 1.15751E-2 1.40786E-2 1.68164E-2 1.54907E-2 1.84184E-2 1.81262E-2 1.69602E-2 1.4434E-2 1.17878E-2 1.33848E-2 1.63741E-2 1.57327E-2 1.51349E-2 1.52384E-2 1.5957E-2 1.19387E-2 1.46927E-2 1.48605E-2 1.26325E-2 1.02123E-2 9.10438E-3 8.70201E-3 7.47307E-3 7.78169E-3 7.87199E-3 8.46446E-3 7.66163E-3 6.43975E-3 4.04115E-3 2.54136E-3 8.25113E-4 8.77105E-4 6.40933E-4 4.81586E-4 1.49238E-3 2.00736E-3 7.05844E-4 3.73319E-4 3.06315E-4 6.23169E-4 4.14842E-4 5.89438E-4 4.14196E-4 8.3622E-4
5.77455E-3 6.98101E-3 7.57393E-3 8.55843E-3 1.02113E-2 9.88027E-3 9.38864E-3 8.18933E-3 8.37412E-3 1.05828E-2 7.76016E-3 7.08104E-3 8.6209E-3 9.10291E-3 1.20871E-2 1.17819E-2 1.34872E-2 1.37052E-2 1.45902E-2 1.59241E-2 1.46171E-2 1.73303E-2 1.66128E-2 1.72633E-2 1.68939E-2 1.00651E-2 9.99441E-3 1.22437E-2 1.65657E-2 1.82512E-2 1.47344E-2 1.20517E-2 1.60659E-2 1.46269E-2 1.34458E-2 1.41587E-2 1.17398E-2 1.06719E-2 9.07613E-3 7.48824E-3 1.01058E-2 9.67643E-3 9.50658E-3 9.58504E-3 8.5461E-3 6.47726E-3 3.77786E-3 2.29555E-3 2.44539E-3 1.14509E-3 7.51424E-4 1.31387E-3 3.33901E-3 2.24791E-3 1.95325E-3 9.93936E-4 1.41335E-3 1.75139E-3 1.10718E-3 3.81205E-4 6.10917E-4
6.41352E-3 7.75694E-3 8.40804E-3 8.14772E-3 7.8975E-3 7.85852E-3 7.19163E-3 7.07955E-3 8.85494E-3 8.01458E-3 6.67618E-3 7.9248E-3 1.0391E-2 1.01633E-2 1.09508E-2 1.04824E-2 1.25065E-2 1.16151E-2 1.43363E-2 1.37277E-2 1.29042E-2 1.57751E-2 1.49961E-2 1.54737E-2 1.30753E-2 1.23869E-2 1.55347E-2 1.5159E-2 1.17841E-2 1.12388E-2 1.21501E-2 1.48174E-2 1.4274E-2 1.52869E-2 1.36089E-2 1.37879E-2 1.27074E-2 1.18795E-2 1.16274E-2 1.02523E-2 1.08645E-2 1.09936E-2 1.15247E-2 1.16557E-2 1.01311E-2 8.40756E-3 6.43625E-3 5.31045E-3 4.40447E-3 5.1204E-3 3.87662E-3 3.07954E-3 5.10083E-3 5.31572E-3 3.98809E-3 3.54934E-3 3.87147E-3 2.68365E-3 1.4147E-3 4.13696E-4 6.42864E-4
6.96904E-3 7.94933E-3 7.96482E-3 7.74978E-3 7.60771E-3 6.39294E-3 6.65376E-3 6.56018E-3 6.57294E-3 6.34215E-3 6.62372E-3 9.77803E-3 8.06872E-3 7.48834E-3 9.2983E-3 8.95329E-3 1.11692E-2 1.28811E-2 1.33848E-2 1.14246E-2 1.37916E-2 1.35301E-2 1.31982E-2 1.25071E-2 1.12933E-2 1.16025E-2 1.43688E-2 1.30403E-2 1.18875E-2 9.18191E-3 1.16519E-2 1.49634E-2 1.48326E-2 1.20725E-2 1.44551E-2 1.29802E-2 1.3056E-2 1.27209E-2 1.0794E-2 1.18339E-2 1.24283E-2 1.41627E-2 1.28388E-2 1.2645E-2 1.21102E-2 1.04103E-2 9.03561E-3 7.91787E-3 6.87848E-3 5.60169E-3 5.77336E-3 6.0346E-3 6.58135E-3 6.46058E-3 6.61846E-3 6.26572E-3 3.89671E-3 1.87807E-3 1.12834E-3 6.17421E-4 6.17983E-4
7.17692E-3 7.92968E-3 7.70474E-3 7.33677E-3 6.44872E-3 5.66766E-3 5.6852E-3 5.98576E-3 5.97479E-3 6.7651E-3 8.96517E-3 7.62187E-3 7.05021E-3 7.65995E-3 8.8996E-3 1.09085E-2 1.37271E-2 1.32897E-2 1.18329E-2 1.13483E-2 1.4153E-2 1.15001E-2 1.14342E-2 1.20811E-2 1.2286E-2 9.57044E-3 1.25457E-2 1.1115E-2 9.18351E-3 1.09261E-2 1.30039E-2 1.5267E-2 1.48314E-2 1.28468E-2 1.32668E-2 1.41458E-2 1.26501E-2 1.31366E-2 1.11698E-2 1.35335E-2 1.30636E-2 1.53655E-2 1.3545E-2 1.32036E-2 1.39318E-2 1.35954E-2 1.20068E-2 1.11593E-2 1.03206E-2 9.45551E-3 4.1683E-3 3.70399E-3 3.31485E-3 3.14449E-3 6.38127E-3 7.56767E-3 5.68694E-3 4.26933E-3 1.89053E-3 1.64557E-3 2.21377E-3
7.1571E-3 7.62935E-3 7.31044E-3 6.11268E-3 6.03591E-3 5.47718E-3 5.5386E-3 5.76642E-3 5.99045E-3 7.42472E-3 7.31046E-3 6.80467E-3 7.62992E-3 8.72578E-3 1.12444E-2 1.31418E-2 1.35546E-2 1.2775E-2 1.14352E-2 1.2641E-2 1.27956E-2 1.1808E-2 1.19226E-2 1.48561E-2 1.34581E-2 1.06372E-2 1.28566E-2 9.85486E-3 8.41494E-3 9.85774E-3 1.31357E-2 1.43432E-2 1.566E-2 1.49598E-2 1.4143E-2 1.35211E-2 1.41043E-2 1.47122E-2 1.52809E-2 1.44679E-2 1.56004E-2 1.39857E-2 1.49304E-2 1.64878E-2 1.61771E-2 1.49231E-2 1.47152E-2 1.44655E-2 1.19374E-2 1.05358E-2 8.87541E-3 1.055E-2 5.40902E-3 5.61863E-3 9.44845E-3 8.83942E-3 6.84409E-3 4.45281E-3 1.91538E-3 3.40237E-3 4.69135E-3
7.01465E-3 6.47686E-3 6.02312E-3 5.82611E-3 5.29165E-3 5.25679E-3 5.46568E-3 6.11736E-3 6.98411E-3 8.54459E-3 6.9913E-3 7.04287E-3 7.49058E-3 9.01146E-3 1.10861E-2 1.21116E-2 1.21417E-2 1.09488E-2 1.08496E-2 1.02197E-2 1.12306E-2 9.65742E-3 8.5979E-3 1.25585E-2 1.05691E-2 1.02566E-2 1.098E-2 9.85751E-3 1.01064E-2 9.54094E-3 1.07388E-2 1.07822E-2 1.6313E-2 1.62876E-2 1.69758E-2 1.5124E-2 1.5141E-2 1.6246E-2 1.68751E-2 1.57411E-2 1.67314E-2 1.48645E-2 1.52041E-2 1.75675E-2 1.79966E-2 1.63454E-2 1.73317E-2 1.48645E-2 1.40159E-2 1.14601E-2 1.07326E-2 1.21812E-2 9.73337E-3 1.16584E-2 1.3484E-2 1.12543E-2 4.02373E-3 3.17025E-3 1.89958E-3 3.90057E-3 3.80206E-3
5.52908E-3 5.44861E-3 5.3819E-3 4.77794E-3 4.71555E-3 4.94239E-3 5.22993E-3 6.36443E-3 6.96691E-3 7.48302E-3 6.99068E-3 7.70974E-3 9.1608E-3 8.95722E-3 1.06926E-2 1.24212E-2 1.09749E-2 1.00509E-2 1.1197E-2 1.13399E-2 9.96593E-3 1.08336E-2 1.17454E-2 1.21785E-2 9.65782E-3 1.46784E-2 1.1882E-2 9.09101E-3 9.04354E-3 8.39441E-3 9.12061E-3 1.10298E-2 1.32801E-2 1.29159E-2 1.20578E-2 1.35658E-2 1.46033E-2 1.51936E-2 1.51691E-2 1.5417E-2 1.78842E-2 1.51145E-2 1.71455E-2 1.85464E-2 1.64833E-2 1.92216E-2 1.71709E-2 1.89721E-2 1.83818E-2 1.60417E-2 9.60388E-3 1.38799E-2 1.61914E-2 1.73967E-2 1.43779E-2 1.59872E-2 1.42725E-2 1.19389E-2 6.97254E-3 4.67649E-3 7.00589E-3
5.12956E-3 5.35081E-3 4.40587E-3 4.85952E-3 4.68706E-3 5.16214E-3 5.62491E-3 5.88426E-3 5.89362E-3 6.29272E-3 7.234E-3 9.40016E-3 9.07128E-3 8.3223E-3 1.12019E-2 1.18714E-2 1.01616E-2 9.8022E-3 9.62389E-3 1.05571E-2 1.32435E-2 1.32357E-2 1.22468E-2 1.10767E-2 1.48038E-2 1.38811E-2 1.09534E-2 1.02986E-2 1.10485E-2 1.16469E-2 1.00043E-2 1.01228E-2 1.06465E-2 1.08737E-2 1.09667E-2 1.08328E-2 1.56404E-2 1.60311E-2 1.55385E-2 1.17623E-2 1.16182E-2 1.36004E-2 1.81869E-2 2.04838E-2 1.48774E-2 1.60892E-2 2.17868E-2 2.28711E-2 2.05508E-2 2.25249E-2 1.95377E-2 1.33419E-2 1.11868E-2 1.23995E-2 1.73027E-2 1.60488E-2 1.42116E-2 1.20498E-2 9.95712E-3 1.04915E-2 9.16602E-3
5.60579E-3 5.93427E-3 4.98671E-3 4.987E-3 4.83426E-3 4.96533E-3 5.39353E-3 5.9141E-3 6.35156E-3 6.4991E-3 8.44153E-3 9.30119E-3 7.60498E-3 9.31696E-3 9.65117E-3 9.91093E-3 9.7487E-3 1.14261E-2 1.29513E-2 1.37296E-2 1.33718E-2 1.33653E-2 1.0208E-2 1.28046E-2 1.34272E-2 1.16878E-2 9.51193E-3 9.85773E-3 1.02439E-2 1.07292E-2 1.1428E-2 1.06785E-2 8.46645E-3 9.83431E-3 1.33639E-2 1.36765E-2 1.39499E-2 1.43027E-2 1.49188E-2 1.56891E-2 1.54625E-2 1.46149E-2 1.3545E-2 1.29694E-2 1.39974E-2 1.97021E-2 2.10844E-2 1.86787E-2 2.05943E-2 2.33404E-2 2.04402E-2 2.58874E-2 2.42375E-2 2.21575E-2 1.6386E-2 2.13611E-2 1.23725E-2 1.31042E-2 7.30663E-3 5.0829E-3 5.01796E-3
5.62894E-3 5.62965E-3 5.31816E-3 4.64683E-3 5.1755E-3 5.06391E-3 5.62477E-3 5.3992E-3 6.19441E-3 7.77288E-3 9.50009E-3 9.09382E-3 8.48787E-3 7.27383E-3 7.07844E-3 9.70422E-3 1.03677E-2 1.15031E-2 1.27913E-2 1.22782E-2 1.42061E-2 1.01046E-2 1.13411E-2 1.1551E-2 1.10528E-2 1.00391E-2 8.95375E-3 8.92231E-3 8.5533E-3 8.2724E-3 8.9847E-3 8.74908E-3 8.63803E-3 9.18714E-3 1.02827E-2 1.34384E-2 1.71323E-2 1.61782E-2 1.25722E-2 1.40818E-2 1.46093E-2 1.47493E-2 1.2235E-2 1.12967E-2 1.17506E-2 1.18619E-2 1.40757E-2 1.47957E-2 1.73623E-2 1.82191E-2 1.79042E-2 1.72101E-2 1.80986E-2 1.76205E-2 1.48757E-2 1.75735E-2 1.81346E-2 8.96117E-3 7.19979E-3 6.06177E-3 3.59392E-3
4.99169E-3 5.44179E-3 5.38694E-3 4.90321E-3 5.63504E-3 5.31929E-3 5.67145E-3 6.43641E-3 6.30672E-3 8.29537E-3 9.68584E-3 8.87277E-3 7.07255E-3 6.996E-3 8.34524E-3 1.08201E-2 1.10515E-2 1.24025E-2 1.24406E-2 1.10984E-2 1.11982E-2 9.72361E-3 1.16601E-2 1.09764E-2 9.19618E-3 7.76395E-3 1.0088E-2 9.89102E-3 8.75978E-3 7.90669E-3 7.45456E-3 6.9296E-3 7.01997E-3 8.53598E-3 9.55033E-3 1.00687E-2 1.36414E-2 1.3198E-2 1.41859E-2 1.82604E-2 1.74954E-2 1.79055E-2 1.49022E-2 1.60282E-2 1.51229E-2 1.68481E-2 2.11701E-2 2.37913E-2 2.60319E-2 2.53598E-2 2.10402E-2 1.83566E-2 1.93397E-2 1.59006E-2 1.3864E-2 1.9294E-2 2.35838E-2 1.56535E-2 4.81307E-3 8.22838E-3 6.15994E-3
4.92405E-3 5.13747E-3 5.22397E-3 5.31282E-3 5.7628E-3 5.98934E-3 5.47047E-3 6.77197E-3 7.98256E-3 8.67858E-3 8.9492E-3 8.42938E-3 7.21899E-3 7.77324E-3 9.37008E-3 1.06281E-2 1.2036E-2 9.3229E-3 8.80192E-3 8.87455E-3 9.50709E-3 9.06505E-3 9.59779E-3 8.85699E-3 8.11915E-3 9.75286E-3 1.1394E-2 9.42867E-3 8.42394E-3 7.53988E-3 6.86177E-3 7.0164E-3 8.11088E-3 8.92948E-3 9.30337E-3 1.08027E-2 9.67504E-3 1.01275E-2 1.35903E-2 1.29146E-2 1.29365E-2 1.69875E-2 1.74326E-2 2.10965E-2 2.02201E-2 2.17163E-2 2.21428E-2 1.76158E-2 1.84328E-2 1.87862E-2 2.20447E-2 2.8944E-2 3.01929E-2 2.10129E-2 1.4727E-2 1.48824E-2 2.28359E-2 2.83784E-2 2.5652E-2 2.48437E-2 2.33202E-2
4.77837E-3 4.32346E-3 5.88235E-3 5.67698E-3 5.76725E-3 5.58282E-3 6.32381E-3 7.0696E-3 7.46055E-3 7.6308E-3 7.96635E-3 8.39485E-3 7.30358E-3 7.36382E-3 8.23273E-3 1.03941E-2 1.01642E-2 9.21053E-3 9.09835E-3 9.63949E-3 8.45246E-3 7.97642E-3 7.5034E-3 7.87275E-3 1.11702E-2 1.04689E-2 8.48412E-3 8.11324E-3 7.54038E-3 6.92023E-3 6.74936E-3 7.02187E-3 8.26371E-3 8.16474E-3 8.69774E-3 9.96856E-3 8.97004E-3 1.18956E-2 1.23829E-2 1.09196E-2 1.34575E-2 1.44364E-2 1.73995E-2 1.69351E-2 1.56462E-2 1.18169E-2 1.5534E-2 1.93443E-2 2.26003E-2 2.21485E-2 2.66618E-2 2.67702E-2 2.33705E-2 1.61235E-2 1.70869E-2 2.40229E-2 2.42357E-2 2.50807E-2 2.55887E-2 2.62421E-2 2.40529E-2
5.15499E-3 4.81446E-3 4.94907E-3 4.55616E-3 5.34637E-3 5.7085E-3 6.35046E-3 6.54183E-3 7.01489E-3 7.38911E-3 7.00415E-3 6.58723E-3 6.27376E-3 6.16017E-3 8.53165E-3 8.94595E-3 8.54801E-3 7.76313E-3 8.28537E-3 7.2936E-3 6.8379E-3 7.51323E-3 9.63798E-3 1.16038E-2 1.0802E-2 9.00109E-3 7.70582E-3 7.02966E-3 6.66545E-3 6.75215E-3 6.79807E-3 7.03805E-3 8.7107E-3 1.001E-2 1.14056E-2 9.46452E-3 9.40406E-3 1.04442E-2 1.0305E-2 1.26051E-2 1.36304E-2 1.49112E-2 1.73741E-2 1.79651E-2 1.62098E-2 1.27271E-2 1.71168E-2 1.78186E-2 2.203E-2 2.41386E-2 2.29014E-2 2.06044E-2 1.71688E-2 1.43554E-2 1.89845E-2 3.00913E-2 2.13047E-2 2.79097E-2 2.26911E-2 2.52367E-2 2.09821E-2
5.2745E-3 5.70733E-3 5.06955E-3 4.72942E-3 5.31297E-3 5.84152E-3 6.36746E-3 6.70337E-3 6.776E-3 6.48568E-3 6.21587E-3 5.70836E-3 5.54889E-3 8.42725E-3 8.43274E-3 8.16657E-3 9.58301E-3 8.42913E-3 7.60951E-3 7.49188E-3 1.02967E-2 1.36821E-2 1.25993E-2 1.07578E-2 9.44451E-3 7.4737E-3 6.6209E-3 6.51486E-3 6.75579E-3 7.0637E-3 8.19628E-3 9.60807E-3 1.10174E-2 1.09604E-2 1.00934E-2 8.99027E-3 1.01524E-2 9.97771E-3 1.13894E-2 1.20909E-2 1.24165E-2 1.29428E-2 1.37793E-2 1.42261E-2 1.46163E-2 1.3259E-2 1.58113E-2 1.65488E-2 1.8276E-2 1.73642E-2 1.70949E-2 1.62575E-2 1.61218E-2 1.53953E-2 2.02589E-2 2.94092E-2 2.10294E-2 2.45007E-2 2.65639E-2 2.09263E-2 2.67717E-2
5.07203E-3 5.34821E-3 5.16175E-3 5.19208E-3 5.51665E-3 5.7274E-3 6.10638E-3 5.78073E-3 6.06512E-3 6.06754E-3 5.63036E-3 5.61306E-3 5.93985E-3 9.04583E-3 1.03335E-2 1.16754E-2 1.09403E-2 9.3366E-3 6.69311E-3 9.6336E-3 1.15275E-2 9.21794E-3 9.12716E-3 9.08209E-3 7.63507E-3 6.69413E-3 6.24791E-3 6.95127E-3 9.02457E-3 1.08232E-2 1.07108E-2 9.60547E-3 9.20002E-3 9.72497E-3 9.11043E-3 9.44615E-3 1.05742E-2 1.02452E-2 1.11221E-2 1.13774E-2 1.23812E-2 1.23249E-2 1.29242E-2 1.33551E-2 1.34438E-2 1.27817E-2 1.32656E-2 1.47334E-2 1.45666E-2 1.43638E-2 1.49994E-2 1.64826E-2 1.66098E-2 1.60033E-2 1.89975E-2 2.70808E-2 2.02153E-2 1.90456E-2 2.23988E-2 1.57689E-2 1.68652E-2
5.28783E-3 5.24236E-3 5.99617E-3 5.82797E-3 5.55304E-3 6.08586E-3 6.97688E-3 7.83415E-3 7.43946E-3 7.53858E-3 7.12619E-3 7.3451E-3 9.7957E-3 1.26505E-2 1.23848E-2 1.12522E-2 1.21236E-2 7.7978E-3 7.7396E-3 8.65987E-3 7.53603E-3 8.23747E-3 8.22032E-3 7.74459E-3 6.99851E-3 6.36512E-3 7.73971E-3 1.06048E-2 1.06819E-2 9.78528E-3 8.90072E-3 8.73509E-3 8.51878E-3 8.47249E-3 9.32096E-3 1.00274E-2 1.03511E-2 1.03703E-2 1.06271E-2 1.0983E-2 1.18212E-2 1.19891E-2 1.23091E-2 1.2444E-2 1.42313E-2 1.32236E-2 1.31555E-2 1.36127E-2 1.372E-2 1.44581E-2 1.59253E-2 1.65688E-2 1.65229E-2 1.61765E-2 1.75301E-2 2.32003E-2 1.49032E-2 1.37002E-2 1.60692E-2 2.1583E-2 2.14188E-2
7.44782E-3 7.39011E-3 7.02964E-3 7.00414E-3 6.1585E-3 7.20626E-3 7.73837E-3 7.42575E-3 7.47876E-3 8.0935E-3 8.79799E-3 9.20151E-3 1.14209E-2 1.1301E-2 9.02813E-3 9.95222E-3 1.07747E-2 9.17705E-3 8.57311E-3 6.8674E-3 6.69468E-3 1.02024E-2 9.1953E-3 8.33164E-3 6.67844E-3 7.63237E-3 1.02643E-2 8.76454E-3 8.15844E-3 8.00749E-3 7.9531E-3 8.0875E-3 8.22436E-3 8.44835E-3 9.61467E-3 9.61624E-3 1.01589E-2 1.04687E-2 1.04757E-2 1.09133E-2 1.13948E-2 1.13942E-2 1.21501E-2 1.29157E-2 1.39638E-2 1.40291E-2 1.30181E-2 1.31178E-2 1.36198E-2 1.48571E-2 1.54724E-2 1.57681E-2 1.55322E-2 1.57191E-2 1.59452E-2 1.65172E-2 1.67176E-2 2.7793E-2 2.06467E-2 1.89929E-2 2.743E-2
6.58847E-3 5.9845E-3 7.11772E-3 7.80751E-3 6.48177E-3 7.37009E-3 7.32487E-3 7.83484E-3 7.39157E-3 8.12892E-3 9.52387E-3 1.00015E-2 9.42593E-3 8.18467E-3 6.71721E-3 6.14671E-3 6.58028E-3 6.2082E-3 6.31287E-3 7.62109E-3 8.88055E-3 1.06497E-2 1.00219E-2 7.3643E-3 7.11083E-3 8.12828E-3 8.02822E-3 7.74387E-3 7.67602E-3 7.69224E-3 7.70343E-3 7.99207E-3 8.11172E-3 8.55061E-3 9.59061E-3 9.49249E-3 1.00921E-2 1.03808E-2 1.03065E-2 1.08438E-2 1.11881E-2 1.18906E-2 1.19754E-2 1.27968E-2 1.4513E-2 1.37761E-2 1.28553E-2 1.31172E-2 1.35247E-2 1.38057E-2 1.41579E-2 1.43458E-2 1.53717E-2 1.55934E-2 1.57209E-2 1.57688E-2 1.8593E-2 2.68703E-2 2.57471E-2 2.5448E-2 2.64574E-2
