Artocarpus heterophyllus SDM files/Last interglacial/results (without bias file)/Arthet_0.asc
ncols         625
nrows         721
xllcorner     69.99986311115
yllcorner     5.99986151914999
cellsize      0.041666667
NODATA_value  -9999
[rows 351 to 377 of 721, columns 366 to 426 of 625]
2.45794E-1 1.75797E-1 1.72126E-1 1.65867E-1 1.67525E-1 2.00124E-1 3.2879E-1 3.36432E-1 3.10785E-1 3.35226E-1 3.23E-1 2.98484E-1 3.06759E-1 2.77899E-1 2.80938E-1 3.06838E-1 2.84076E-1 2.79713E-1 2.51449E-1 3.16204E-1 3.47299E-1 3.57362E-1 3.42261E-1 3.61519E-1 3.27188E-1 3.44216E-1 3.54674E-1 3.29865E-1 3.4495E-1 3.66231E-1 4.32118E-1 4.55794E-1 4.91921E-1 4.36352E-1 4.63759E-1 3.96826E-1 3.85088E-1 3.94003E-1 3.89728E-1 4.05525E-1 4.08532E-1 4.09528E-1 -9999 -9999 -9999 -9999 -9999 -9999 -9999 -9999 -9999 -9999 -9999 -9999 -9999 -9999 -9999 -9999 -9999 -9999 -9999
3.43016E-1 2.09778E-1 1.87388E-1 1.57747E-1 2.11883E-1 2.01141E-1 1.85738E-1 1.62772E-1 2.92149E-1 3.07646E-1 2.73443E-1 2.56167E-1 2.78034E-1 2.67759E-1 2.65906E-1 2.64309E-1 2.81674E-1 3.03771E-1 2.66699E-1 2.73436E-1 3.32692E-1 3.63263E-1 3.47065E-1 3.23235E-1 2.89516E-1 3.50574E-1 3.72698E-1 3.91335E-1 4.13477E-1 3.82672E-1 3.89436E-1 4.13036E-1 4.13246E-1 3.84916E-1 4.18771E-1 4.00933E-1 3.98361E-1 3.8381E-1 3.97022E-1 4.11979E-1 4.14952E-1 -9999 -9999 -9999 -9999 -9999 -9999 -9999 -9999 -9999 -9999 -9999 -9999 -9999 -9999 -9999 -9999 -9999 -9999 -9999 -9999
2.29322E-1 2.17669E-1 2.27893E-1 2.08278E-1 2.40814E-1 3.17493E-1 2.56694E-1 2.46102E-1 2.39725E-1 3.08661E-1 2.67437E-1 2.68589E-1 2.75193E-1 2.92174E-1 2.8478E-1 2.90182E-1 2.81114E-1 2.60043E-1 2.58571E-1 2.53972E-1 2.99486E-1 3.59233E-1 3.46002E-1 3.81409E-1 3.00117E-1 3.16788E-1 3.83841E-1 3.93385E-1 3.36392E-1 3.49318E-1 3.59403E-1 3.63676E-1 3.6059E-1 3.81814E-1 3.92277E-1 4.08355E-1 4.14169E-1 4.08506E-1 4.18261E-1 4.19083E-1 3.92628E-1 -9999 -9999 -9999 -9999 -9999 -9999 -9999 -9999 -9999 -9999 -9999 -9999 -9999 -9999 -9999 -9999 -9999 -9999 -9999 -9999
2.25295E-1 2.58642E-1 2.22049E-1 2.01229E-1 2.08561E-1 2.09229E-1 3.18889E-1 3.0716E-1 3.19631E-1 3.86263E-1 3.61051E-1 3.05412E-1 2.72425E-1 2.75504E-1 2.77036E-1 2.85943E-1 3.09147E-1 3.09102E-1 2.96658E-1 2.77366E-1 2.79717E-1 3.35746E-1 3.20992E-1 3.75435E-1 3.96357E-1 3.2869E-1 3.47041E-1 3.55626E-1 3.4091E-1 3.47596E-1 3.6239E-1 3.79466E-1 3.72701E-1 3.90319E-1 4.03413E-1 4.05682E-1 4.01543E-1 4.22232E-1 4.26608E-1 4.22039E-1 -9999 -9999 -9999 -9999 -9999 -9999 -9999 -9999 -9999 -9999 -9999 -9999 -9999 -9999 -9999 -9999 -9999 -9999 -9999 -9999 -9999
1.94559E-1 2.18188E-1 2.5341E-1 2.37166E-1 2.09116E-1 2.55437E-1 1.9573E-1 1.59624E-1 1.93229E-1 3.52557E-1 4.0362E-1 3.38288E-1 2.71424E-1 2.64117E-1 2.67688E-1 2.74452E-1 3.08812E-1 2.95453E-1 3.01288E-1 3.12475E-1 2.89746E-1 2.94656E-1 3.04887E-1 3.61172E-1 3.84822E-1 3.24946E-1 3.48215E-1 3.54017E-1 3.39541E-1 3.50795E-1 3.59882E-1 3.60876E-1 3.7626E-1 3.94613E-1 4.02605E-1 4.01289E-1 4.07899E-1 4.21351E-1 3.98177E-1 -9999 -9999 -9999 -9999 -9999 -9999 -9999 -9999 -9999 -9999 -9999 -9999 -9999 -9999 -9999 -9999 -9999 -9999 -9999 -9999 -9999 -9999
2.30428E-1 2.18938E-1 1.83699E-1 2.38381E-1 2.02617E-1 2.59881E-1 2.39229E-1 2.2418E-1 1.87958E-1 2.88192E-1 3.66665E-1 4.15792E-1 2.88358E-1 2.75055E-1 2.60233E-1 2.69146E-1 2.62873E-1 2.70891E-1 2.86006E-1 2.88559E-1 2.94508E-1 2.97993E-1 3.01865E-1 3.27972E-1 3.31734E-1 3.39879E-1 3.5333E-1 3.39262E-1 3.53881E-1 3.63523E-1 3.79149E-1 3.68627E-1 3.8249E-1 4.00839E-1 3.94087E-1 4.054E-1 4.22167E-1 3.97445E-1 4.02004E-1 -9999 -9999 -9999 -9999 -9999 -9999 -9999 -9999 -9999 -9999 -9999 -9999 -9999 -9999 -9999 -9999 -9999 -9999 -9999 -9999 -9999 -9999
1.96672E-1 2.17721E-1 2.24225E-1 2.35051E-1 2.38721E-1 1.91603E-1 2.39789E-1 2.67985E-1 2.28457E-1 3.15266E-1 3.44356E-1 3.78602E-1 3.67009E-1 3.08313E-1 2.53958E-1 2.56878E-1 2.52606E-1 2.58029E-1 2.67255E-1 2.78518E-1 2.8893E-1 2.8068E-1 2.92918E-1 3.18544E-1 3.37111E-1 3.37866E-1 3.52501E-1 3.47954E-1 3.61607E-1 3.77962E-1 3.87332E-1 3.80221E-1 4.01586E-1 4.00972E-1 4.11407E-1 4.19529E-1 3.98945E-1 4.05919E-1 -9999 -9999 -9999 -9999 -9999 -9999 -9999 -9999 -9999 -9999 -9999 -9999 -9999 -9999 -9999 -9999 -9999 -9999 -9999 -9999 -9999 -9999 -9999
2.12635E-1 2.06536E-1 2.19513E-1 2.31103E-1 2.21314E-1 1.98522E-1 2.1804E-1 2.33256E-1 2.43368E-1 3.12298E-1 3.1674E-1 3.2398E-1 3.79576E-1 3.93202E-1 3.32032E-1 2.74692E-1 2.73221E-1 2.54481E-1 2.75753E-1 3.14905E-1 3.11696E-1 3.15097E-1 3.01153E-1 3.24466E-1 3.39221E-1 3.54599E-1 3.35531E-1 3.48262E-1 3.67754E-1 3.76975E-1 3.7785E-1 3.92451E-1 4.04702E-1 4.09346E-1 4.24168E-1 4.00688E-1 4.10744E-1 4.17762E-1 3.68566E-1 -9999 -9999 -9999 -9999 -9999 -9999 -9999 -9999 -9999 -9999 -9999 -9999 -9999 -9999 -9999 -9999 -9999 -9999 -9999 -9999 -9999 -9999
2.39784E-1 2.48458E-1 2.42054E-1 2.62634E-1 2.27463E-1 2.33201E-1 2.03843E-1 2.13782E-1 2.42448E-1 2.68488E-1 2.61071E-1 2.64901E-1 2.99635E-1 3.07552E-1 3.45977E-1 4.02491E-1 3.59309E-1 3.00472E-1 2.92037E-1 3.12805E-1 3.05482E-1 3.05381E-1 3.06036E-1 3.25404E-1 3.37586E-1 3.53229E-1 3.40898E-1 3.54286E-1 3.67414E-1 3.91891E-1 3.84622E-1 3.95486E-1 4.08246E-1 4.10187E-1 4.22417E-1 3.99015E-1 4.2357E-1 4.24919E-1 3.78081E-1 -9999 -9999 -9999 -9999 -9999 -9999 -9999 -9999 -9999 -9999 -9999 -9999 -9999 -9999 -9999 -9999 -9999 -9999 -9999 -9999 -9999 -9999
1.79513E-1 2.09798E-1 2.31372E-1 2.89551E-1 2.56277E-1 3.06045E-1 2.43492E-1 2.26001E-1 2.36282E-1 2.59148E-1 2.49951E-1 2.61E-1 2.97408E-1 3.30077E-1 3.24493E-1 3.13703E-1 3.30115E-1 3.07686E-1 2.91277E-1 3.08114E-1 3.36023E-1 3.37957E-1 3.12308E-1 3.28779E-1 3.42208E-1 3.58866E-1 3.44597E-1 3.59155E-1 3.724E-1 3.75054E-1 3.88299E-1 4.09793E-1 4.03111E-1 4.15033E-1 3.97182E-1 4.10584E-1 4.22984E-1 3.83137E-1 3.90118E-1 -9999 -9999 -9999 -9999 -9999 -9999 -9999 -9999 -9999 -9999 -9999 -9999 -9999 -9999 -9999 -9999 -9999 -9999 -9999 -9999 -9999 -9999
1.90122E-1 2.00908E-1 2.1468E-1 2.3602E-1 2.22233E-1 2.60391E-1 2.57705E-1 2.82922E-1 2.54869E-1 2.48709E-1 2.59138E-1 2.5601E-1 2.68543E-1 2.64297E-1 2.82344E-1 2.93388E-1 3.07492E-1 3.04872E-1 3.06032E-1 3.03191E-1 3.23972E-1 3.31599E-1 3.24723E-1 3.37484E-1 3.53477E-1 3.67765E-1 3.50453E-1 3.61705E-1 3.80976E-1 3.74434E-1 3.9313E-1 4.13961E-1 4.06832E-1 4.32065E-1 4.03264E-1 4.11439E-1 3.77645E-1 3.89021E-1 3.36948E-1 3.43131E-1 -9999 -9999 -9999 -9999 -9999 -9999 -9999 -9999 -9999 -9999 -9999 -9999 -9999 -9999 -9999 -9999 -9999 -9999 -9999 -9999 -9999
2.08964E-1 2.1665E-1 2.23887E-1 2.21386E-1 2.19269E-1 2.29695E-1 2.1644E-1 2.4346E-1 2.42183E-1 2.48761E-1 2.65536E-1 2.51372E-1 2.7064E-1 2.67012E-1 2.81925E-1 3.11319E-1 3.37384E-1 3.13397E-1 3.41936E-1 3.15011E-1 3.28472E-1 3.41483E-1 3.3066E-1 3.42673E-1 3.5704E-1 3.72467E-1 3.57679E-1 3.68424E-1 3.84787E-1 3.7816E-1 3.90031E-1 3.90209E-1 4.06276E-1 4.27819E-1 4.07143E-1 4.23813E-1 3.84918E-1 3.99986E-1 3.4472E-1 3.54388E-1 2.83574E-1 -9999 -9999 -9999 -9999 -9999 -9999 -9999 -9999 -9999 -9999 -9999 -9999 -9999 -9999 -9999 -9999 -9999 -9999 -9999 -9999
1.95579E-1 2.1305E-1 2.36351E-1 2.56814E-1 2.76815E-1 2.58256E-1 2.18782E-1 2.42296E-1 2.28049E-1 2.33739E-1 2.49563E-1 2.5968E-1 2.62372E-1 2.74704E-1 2.67379E-1 2.90563E-1 3.05297E-1 3.04922E-1 3.10415E-1 3.12883E-1 3.20334E-1 3.20904E-1 3.34476E-1 3.49458E-1 3.63058E-1 3.57969E-1 3.55006E-1 3.68025E-1 3.70563E-1 3.7918E-1 3.91111E-1 3.93718E-1 4.14484E-1 3.91845E-1 4.12758E-1 3.71901E-1 3.83166E-1 3.36804E-1 3.48673E-1 2.88957E-1 2.93046E-1 -9999 -9999 -9999 -9999 -9999 -9999 -9999 -9999 -9999 -9999 -9999 -9999 -9999 -9999 -9999 -9999 -9999 -9999 -9999 -9999
2.1988E-1 2.25269E-1 2.38938E-1 2.46725E-1 2.50103E-1 2.9011E-1 2.70427E-1 2.71401E-1 2.84115E-1 2.4751E-1 2.71609E-1 2.61648E-1 2.95713E-1 2.82885E-1 2.57855E-1 2.70699E-1 2.82348E-1 3.01001E-1 3.06449E-1 3.06577E-1 3.23685E-1 3.21784E-1 3.37028E-1 3.51782E-1 3.66529E-1 3.52186E-1 3.62823E-1 3.74799E-1 3.77146E-1 3.92167E-1 4.12236E-1 3.99674E-1 4.1292E-1 3.96476E-1 4.15483E-1 3.82359E-1 3.29496E-1 3.47766E-1 2.91029E-1 2.95756E-1 2.44474E-1 2.42948E-1 -9999 -9999 -9999 -9999 -9999 -9999 -9999 -9999 -9999 -9999 -9999 -9999 -9999 -9999 -9999 -9999 -9999 -9999 -9999
2.23037E-1 2.12206E-1 2.26213E-1 2.29359E-1 2.33716E-1 2.53231E-1 2.69744E-1 2.75405E-1 2.53059E-1 2.61111E-1 2.70054E-1 2.61093E-1 2.88483E-1 3.18376E-1 2.89892E-1 2.76121E-1 2.78579E-1 2.97298E-1 3.0621E-1 3.10447E-1 3.12208E-1 3.21504E-1 3.40797E-1 3.55887E-1 3.73728E-1 3.52872E-1 3.65783E-1 3.82089E-1 3.82007E-1 3.94008E-1 4.14701E-1 4.05831E-1 4.25472E-1 4.06517E-1 4.18569E-1 3.82338E-1 3.30987E-1 3.48185E-1 2.91487E-1 2.98162E-1 2.46833E-1 2.47133E-1 -9999 -9999 -9999 -9999 -9999 -9999 -9999 -9999 -9999 -9999 -9999 -9999 -9999 -9999 -9999 -9999 -9999 -9999 -9999
2.16649E-1 2.41817E-1 2.39582E-1 2.34007E-1 2.35486E-1 2.32285E-1 2.52624E-1 2.69651E-1 2.46767E-1 2.82328E-1 3.07813E-1 2.69447E-1 2.62802E-1 2.76682E-1 2.7929E-1 2.83369E-1 2.78941E-1 3.02171E-1 3.56099E-1 3.24965E-1 3.33425E-1 3.29515E-1 3.43551E-1 3.56166E-1 3.5785E-1 3.519E-1 3.71866E-1 3.64245E-1 3.8685E-1 4.00696E-1 4.17635E-1 4.14363E-1 3.92327E-1 4.11247E-1 3.77634E-1 3.88248E-1 3.36369E-1 2.81497E-1 2.88489E-1 2.38277E-1 2.45338E-1 2.06188E-1 -9999 -9999 -9999 -9999 -9999 -9999 -9999 -9999 -9999 -9999 -9999 -9999 -9999 -9999 -9999 -9999 -9999 -9999 -9999
2.4123E-1 2.47743E-1 2.38032E-1 2.43045E-1 2.54466E-1 2.49779E-1 2.45749E-1 2.55342E-1 2.63586E-1 2.55698E-1 2.77111E-1 2.77066E-1 2.66198E-1 2.77047E-1 3.21781E-1 3.24768E-1 2.96149E-1 2.96706E-1 3.10076E-1 3.31464E-1 3.18965E-1 3.38383E-1 3.42346E-1 3.64161E-1 3.77845E-1 3.57266E-1 3.7623E-1 3.88915E-1 3.87296E-1 4.04914E-1 4.04219E-1 4.16549E-1 3.97581E-1 4.17152E-1 3.83969E-1 3.93347E-1 3.39692E-1 2.8594E-1 3.00489E-1 2.45028E-1 1.98005E-1 2.08115E-1 1.67068E-1 -9999 -9999 -9999 -9999 -9999 -9999 -9999 -9999 -9999 -9999 -9999 -9999 -9999 -9999 -9999 -9999 -9999 -9999
2.49531E-1 2.39821E-1 2.60199E-1 2.63568E-1 2.51429E-1 2.47947E-1 2.58308E-1 2.80187E-1 2.69922E-1 2.87321E-1 2.99878E-1 3.23952E-1 3.6972E-1 3.48577E-1 3.19827E-1 3.16273E-1 3.16183E-1 3.23274E-1 3.4528E-1 3.6826E-1 3.78597E-1 3.43638E-1 3.62621E-1 3.75126E-1 3.71169E-1 3.68982E-1 3.87134E-1 4.01465E-1 4.02283E-1 4.12519E-1 4.14019E-1 4.22785E-1 4.05812E-1 4.24903E-1 3.77419E-1 3.32978E-1 3.43806E-1 2.90174E-1 2.40732E-1 2.4721E-1 2.06776E-1 1.69132E-1 1.72253E-1 1.74582E-1 -9999 -9999 -9999 -9999 -9999 -9999 -9999 -9999 -9999 -9999 -9999 -9999 -9999 -9999 -9999 -9999 -9999
2.39381E-1 2.40703E-1 2.60314E-1 3.13012E-1 3.06591E-1 2.72535E-1 2.58876E-1 2.77403E-1 2.90845E-1 2.95765E-1 3.27213E-1 3.59585E-1 3.30768E-1 3.60744E-1 3.76046E-1 3.69067E-1 3.32578E-1 3.56182E-1 3.3385E-1 3.19316E-1 3.4338E-1 3.56959E-1 3.65391E-1 3.99643E-1 3.88439E-1 3.69792E-1 3.93453E-1 4.07084E-1 4.09144E-1 4.0236E-1 4.19513E-1 4.3209E-1 4.10408E-1 3.77013E-1 3.84598E-1 3.39369E-1 2.80895E-1 2.95149E-1 2.43496E-1 2.04271E-1 2.11672E-1 2.14554E-1 1.69106E-1 -9999 -9999 -9999 -9999 -9999 -9999 -9999 -9999 -9999 -9999 -9999 -9999 -9999 -9999 -9999 -9999 -9999 -9999
2.49987E-1 2.46167E-1 2.44433E-1 2.49808E-1 2.75759E-1 3.00941E-1 3.08136E-1 2.90939E-1 2.89405E-1 2.84902E-1 3.13982E-1 3.02672E-1 3.11183E-1 3.05589E-1 3.30722E-1 3.36755E-1 3.39788E-1 3.64412E-1 3.51317E-1 3.35445E-1 3.47328E-1 3.60545E-1 3.71303E-1 3.91081E-1 3.70093E-1 3.76577E-1 3.99152E-1 3.93333E-1 4.12787E-1 4.05791E-1 4.29137E-1 4.10065E-1 4.17078E-1 3.83135E-1 3.93279E-1 3.43078E-1 2.85001E-1 2.9936E-1 2.48045E-1 2.03586E-1 2.05297E-1 -9999 -9999 -9999 -9999 -9999 -9999 -9999 -9999 -9999 -9999 -9999 -9999 -9999 -9999 -9999 -9999 -9999 -9999 -9999 -9999
2.57291E-1 2.5527E-1 2.44819E-1 2.38347E-1 2.63995E-1 2.47748E-1 3.0419E-1 3.48922E-1 2.71403E-1 2.78617E-1 2.89045E-1 3.01966E-1 3.06815E-1 3.10325E-1 3.2042E-1 3.35649E-1 3.29144E-1 3.39701E-1 3.28713E-1 3.62615E-1 3.54061E-1 3.67027E-1 3.72666E-1 3.8867E-1 3.72633E-1 3.84005E-1 4.02883E-1 3.96879E-1 4.15626E-1 4.08512E-1 4.33777E-1 4.1603E-1 4.26749E-1 3.90366E-1 3.99497E-1 3.52128E-1 2.88753E-1 2.40451E-1 2.48271E-1 2.03829E-1 -9999 -9999 -9999 -9999 -9999 -9999 -9999 -9999 -9999 -9999 -9999 -9999 -9999 -9999 -9999 -9999 -9999 -9999 -9999 -9999 -9999
3.63492E-1 3.27967E-1 2.87146E-1 2.94329E-1 2.8426E-1 2.80771E-1 2.89557E-1 2.69651E-1 2.82304E-1 2.76015E-1 2.92865E-1 3.12153E-1 3.11671E-1 3.19175E-1 3.2234E-1 3.39208E-1 3.43232E-1 3.45915E-1 3.34229E-1 3.41438E-1 3.57275E-1 3.66603E-1 3.72033E-1 3.8056E-1 3.70988E-1 3.93868E-1 3.87909E-1 4.02326E-1 4.19151E-1 4.13905E-1 3.98021E-1 4.19817E-1 3.73724E-1 3.95309E-1 3.48923E-1 2.8598E-1 2.96489E-1 2.95254E-1 -9999 -9999 -9999 -9999 -9999 -9999 -9999 -9999 -9999 -9999 -9999 -9999 -9999 -9999 -9999 -9999 -9999 -9999 -9999 -9999 -9999 -9999 -9999
3.26376E-1 3.46035E-1 3.37556E-1 3.24075E-1 3.14635E-1 3.03067E-1 2.99659E-1 3.02138E-1 3.0471E-1 3.15885E-1 2.9245E-1 3.03978E-1 2.98881E-1 3.07717E-1 3.22889E-1 3.4095E-1 3.45268E-1 3.54726E-1 3.49558E-1 3.57541E-1 3.66838E-1 3.75196E-1 3.91222E-1 3.72193E-1 3.87805E-1 4.01255E-1 3.9466E-1 4.11289E-1 4.04331E-1 4.26538E-1 4.35897E-1 4.19671E-1 3.79066E-1 3.94419E-1 3.50349E-1 3.60525E-1 2.90204E-1 2.49324E-1 -9999 -9999 -9999 -9999 -9999 -9999 -9999 -9999 -9999 -9999 -9999 -9999 -9999 -9999 -9999 -9999 -9999 -9999 -9999 -9999 -9999 -9999 -9999
2.9358E-1 2.97208E-1 2.99291E-1 2.84448E-1 2.93428E-1 2.73343E-1 2.87148E-1 2.9689E-1 3.00812E-1 2.96978E-1 2.90146E-1 2.86356E-1 3.06172E-1 3.13994E-1 3.2894E-1 3.45145E-1 3.55435E-1 3.38452E-1 3.54828E-1 3.58236E-1 3.78376E-1 3.7298E-1 3.59409E-1 3.7409E-1 3.89729E-1 3.87605E-1 3.99556E-1 4.21359E-1 4.12944E-1 4.29321E-1 4.0764E-1 3.7556E-1 3.81483E-1 3.36911E-1 3.46512E-1 2.91881E-1 2.41366E-1 2.47032E-1 -9999 -9999 -9999 -9999 -9999 -9999 -9999 -9999 -9999 -9999 -9999 -9999 -9999 -9999 -9999 -9999 -9999 -9999 -9999 -9999 -9999 -9999 -9999
2.80915E-1 2.76378E-1 2.78022E-1 2.89995E-1 3.06232E-1 2.94219E-1 2.89974E-1 2.95176E-1 3.13881E-1 3.52416E-1 3.23926E-1 3.18223E-1 3.18213E-1 3.19471E-1 3.31353E-1 3.47347E-1 3.44579E-1 3.55672E-1 3.60252E-1 3.73546E-1 3.8294E-1 3.77359E-1 3.71304E-1 3.8919E-1 4.01333E-1 3.977E-1 4.12225E-1 4.23781E-1 4.17733E-1 4.38066E-1 4.17146E-1 3.77894E-1 3.87514E-1 3.43391E-1 3.513E-1 2.99095E-1 2.47515E-1 2.52012E-1 -9999 -9999 -9999 -9999 -9999 -9999 -9999 -9999 -9999 -9999 -9999 -9999 -9999 -9999 -9999 -9999 -9999 -9999 -9999 -9999 -9999 -9999 -9999
2.66996E-1 2.65936E-1 2.77099E-1 2.75077E-1 2.83852E-1 2.90982E-1 2.94403E-1 3.06978E-1 3.42959E-1 3.75201E-1 3.64678E-1 3.44496E-1 3.3095E-1 3.28285E-1 3.3927E-1 3.3724E-1 3.48267E-1 3.5924E-1 3.74952E-1 3.82189E-1 3.74654E-1 3.60799E-1 3.73147E-1 3.88624E-1 3.84598E-1 3.99352E-1 4.13218E-1 4.0855E-1 4.32085E-1 4.12803E-1 4.20833E-1 3.79016E-1 3.92667E-1 3.48253E-1 2.87621E-1 3.01405E-1 2.49131E-1 2.01287E-1 -9999 -9999 -9999 -9999 -9999 -9999 -9999 -9999 -9999 -9999 -9999 -9999 -9999 -9999 -9999 -9999 -9999 -9999 -9999 -9999 -9999 -9999 -9999
2.88188E-1 2.77199E-1 2.8839E-1 2.97729E-1 3.01664E-1 3.0898E-1 3.12771E-1 3.16842E-1 3.68793E-1 3.87983E-1 3.60149E-1 3.54057E-1 3.7336E-1 3.73816E-1 3.37068E-1 3.49929E-1 3.63356E-1 3.71525E-1 3.89147E-1 3.9567E-1 3.86506E-1 3.72674E-1 3.84412E-1 3.82191E-1 4.00161E-1 4.15977E-1 4.11975E-1 4.21791E-1 4.06614E-1 4.19348E-1 3.75754E-1 3.83835E-1 3.38971E-1 3.48443E-1 2.95913E-1 3.06888E-1 2.50962E-1 -9999 -9999 -9999 -9999 -9999 -9999 -9999 -9999 -9999 -9999 -9999 -9999 -9999 -9999 -9999 -9999 -9999 -9999 -9999 -9999 -9999 -9999 -9999 -9999
