Artocarpus heterophyllus SDM files/Last interglacial/results (without bias file)/Arthet_3.asc
ncols         625
nrows         721
xllcorner     69.99986311115
yllcorner     5.99986151914999
cellsize      0.041666667
NODATA_value  -9999
[rows 324 to 350 of 721, columns 488 to 548 of 625]
4.07029E-1 3.76421E-1 3.8216E-1 4.12966E-1 4.18728E-1 3.95517E-1 4.08971E-1 4.07376E-1 4.11884E-1 3.56061E-1 3.61759E-1 3.16859E-1 3.47951E-1 -9999 -9999 2.9511E-1 2.9466E-1 -9999 -9999 3.60019E-1 3.60911E-1 3.54928E-1 3.43785E-1 3.74474E-1 -9999 3.68206E-1 3.91386E-1 4.45169E-1 4.46519E-1 -9999 -9999 4.2277E-1 3.87323E-1 4.09919E-1 4.43648E-1 4.39036E-1 4.25922E-1 4.29229E-1 4.24778E-1 4.20176E-1 4.03882E-1 4.15108E-1 4.12422E-1 4.08044E-1 4.15128E-1 4.24911E-1 4.38714E-1 4.19233E-1 4.17059E-1 4.6181E-1 4.4815E-1 4.48164E-1 4.34841E-1 4.36799E-1 4.43383E-1 4.38956E-1 4.61187E-1 4.58419E-1 4.01464E-1 4.27894E-1 4.16736E-1
3.76012E-1 3.87518E-1 4.12264E-1 4.23809E-1 3.88832E-1 3.94189E-1 -9999 3.56703E-1 3.62487E-1 3.66954E-1 3.48704E-1 3.25631E-1 3.26122E-1 3.00542E-1 -9999 3.03604E-1 2.98592E-1 3.02552E-1 3.02052E-1 3.37933E-1 3.6497E-1 -9999 -9999 -9999 -9999 3.73266E-1 3.68212E-1 4.30535E-1 4.31727E-1 -9999 -9999 -9999 3.87311E-1 3.84002E-1 4.36639E-1 4.36463E-1 4.25436E-1 4.26768E-1 4.3224E-1 4.22071E-1 3.87661E-1 4.09705E-1 4.25318E-1 4.25539E-1 4.26321E-1 4.23194E-1 4.67721E-1 4.51902E-1 4.2688E-1 4.47499E-1 4.51389E-1 4.54913E-1 4.35921E-1 4.42081E-1 4.37213E-1 4.20278E-1 4.34487E-1 4.57964E-1 4.14073E-1 3.99738E-1 3.97862E-1
3.86262E-1 3.99132E-1 4.04936E-1 3.86652E-1 3.99086E-1 4.03202E-1 3.90869E-1 3.6106E-1 3.65828E-1 3.52701E-1 3.30577E-1 3.34789E-1 3.33871E-1 3.10122E-1 -9999 3.07111E-1 3.06781E-1 3.07118E-1 3.02134E-1 2.98088E-1 3.23214E-1 -9999 -9999 -9999 -9999 3.78407E-1 3.49482E-1 3.72552E-1 3.68618E-1 4.01217E-1 -9999 -9999 -9999 3.91441E-1 3.90223E-1 4.42407E-1 4.30934E-1 4.39783E-1 4.37732E-1 4.17073E-1 4.24159E-1 4.22627E-1 4.37419E-1 4.39074E-1 4.10191E-1 4.35014E-1 4.51016E-1 4.79384E-1 4.3221E-1 4.37927E-1 4.53405E-1 4.56415E-1 4.52564E-1 4.34542E-1 4.30902E-1 4.20421E-1 4.19035E-1 4.22084E-1 4.17725E-1 4.16931E-1 4.11908E-1
3.98435E-1 3.80409E-1 3.73219E-1 3.7847E-1 3.89202E-1 3.60845E-1 3.48276E-1 3.52988E-1 3.57716E-1 2.78671E-1 2.82519E-1 2.59128E-1 2.63597E-1 2.64337E-1 -9999 -9999 3.10799E-1 3.12336E-1 3.10675E-1 3.11661E-1 3.01966E-1 -9999 -9999 -9999 -9999 -9999 3.56301E-1 3.50619E-1 3.72833E-1 3.68264E-1 -9999 -9999 -9999 3.97718E-1 3.90503E-1 4.38761E-1 4.16937E-1 4.38171E-1 4.39699E-1 4.41627E-1 4.49759E-1 4.40548E-1 4.38209E-1 4.34494E-1 4.33185E-1 4.30491E-1 4.28648E-1 4.37757E-1 4.46479E-1 4.41015E-1 4.47028E-1 4.49641E-1 4.5172E-1 4.33544E-1 4.30523E-1 4.22816E-1 4.2148E-1 3.89805E-1 4.15569E-1 4.02261E-1 4.14897E-1
3.67235E-1 3.72582E-1 4.02115E-1 3.60515E-1 3.20885E-1 3.5295E-1 3.30034E-1 3.04111E-1 3.07457E-1 2.86732E-1 2.86408E-1 2.6772E-1 2.49022E-1 -9999 2.66641E-1 2.71552E-1 -9999 2.67148E-1 2.41709E-1 2.41562E-1 -9999 -9999 -9999 -9999 -9999 -9999 -9999 3.56278E-1 3.51493E-1 -9999 -9999 -9999 -9999 -9999 3.97449E-1 3.90594E-1 4.20784E-1 4.29267E-1 4.45852E-1 4.46187E-1 4.4588E-1 4.5549E-1 4.4222E-1 4.35299E-1 4.41367E-1 4.436E-1 4.29825E-1 4.2713E-1 4.58282E-1 4.61938E-1 4.66896E-1 4.42843E-1 4.46306E-1 4.40497E-1 4.31598E-1 4.19699E-1 4.27706E-1 3.87796E-1 4.11758E-1 3.99821E-1 3.80722E-1
3.78696E-1 3.84028E-1 3.94979E-1 3.20542E-1 3.23954E-1 3.56285E-1 3.39149E-1 -9999 2.89932E-1 2.93943E-1 2.74907E-1 2.08039E-1 2.07867E-1 -9999 2.0917E-1 2.75455E-1 -9999 2.52445E-1 2.53103E-1 2.48275E-1 2.48159E-1 -9999 -9999 -9999 -9999 -9999 -9999 -9999 -9999 -9999 -9999 -9999 -9999 -9999 3.96937E-1 3.98944E-1 4.26187E-1 4.35493E-1 4.38628E-1 4.42398E-1 4.45801E-1 4.4394E-1 4.57634E-1 4.53739E-1 4.49291E-1 4.57886E-1 4.51675E-1 4.42847E-1 4.31937E-1 4.64675E-1 4.8252E-1 4.67263E-1 4.56906E-1 4.55224E-1 4.44792E-1 4.16301E-1 4.38302E-1 4.30931E-1 4.19672E-1 4.07094E-1 4.21154E-1
3.8779E-1 3.63575E-1 3.46004E-1 3.28446E-1 2.7722E-1 2.62335E-1 2.62255E-1 -9999 2.71029E-1 2.08066E-1 2.11165E-1 2.11057E-1 2.15097E-1 -9999 2.14981E-1 2.15073E-1 -9999 2.13126E-1 2.12983E-1 2.5294E-1 2.52815E-1 -9999 -9999 -9999 -9999 -9999 -9999 -9999 -9999 -9999 -9999 -9999 -9999 -9999 4.34132E-1 3.97353E-1 4.33141E-1 4.42185E-1 4.46211E-1 4.46757E-1 4.38994E-1 4.48323E-1 4.39428E-1 4.32281E-1 4.404E-1 4.38069E-1 4.37911E-1 4.34513E-1 4.33898E-1 4.5062E-1 4.57558E-1 4.6199E-1 4.57692E-1 4.64643E-1 4.4943E-1 4.2465E-1 4.51522E-1 4.45197E-1 4.29669E-1 4.40416E-1 4.31533E-1
3.13836E-1 3.23314E-1 3.27963E-1 2.58016E-1 2.61954E-1 2.66962E-1 -9999 2.26155E-1 2.11042E-1 2.1425E-1 2.17421E-1 2.18235E-1 2.17539E-1 -9999 2.18151E-1 2.19061E-1 -9999 2.18907E-1 2.19489E-1 2.16224E-1 2.56557E-1 -9999 -9999 -9999 -9999 -9999 -9999 -9999 -9999 -9999 -9999 -9999 -9999 -9999 4.41159E-1 4.35951E-1 4.3871E-1 4.30895E-1 4.47238E-1 4.49438E-1 4.46048E-1 4.35733E-1 4.42605E-1 4.28144E-1 4.33266E-1 4.24976E-1 4.31622E-1 4.47783E-1 4.37608E-1 4.45964E-1 4.56111E-1 4.75555E-1 4.53937E-1 4.65312E-1 4.58414E-1 4.30777E-1 4.40601E-1 4.23819E-1 4.19631E-1 4.36195E-1 4.36039E-1
3.27669E-1 3.33664E-1 2.57808E-1 2.64726E-1 2.69849E-1 2.69891E-1 -9999 2.33034E-1 2.16616E-1 2.20713E-1 1.81891E-1 1.82716E-1 1.82784E-1 -9999 2.25407E-1 2.22296E-1 2.22106E-1 2.42512E-1 2.23133E-1 2.2038E-1 -9999 -9999 -9999 -9999 -9999 -9999 -9999 -9999 -9999 -9999 -9999 -9999 -9999 -9999 -9999 4.46171E-1 4.40646E-1 4.38881E-1 4.56882E-1 4.51851E-1 4.46968E-1 4.31605E-1 4.25958E-1 4.30412E-1 4.61538E-1 4.48389E-1 4.5364E-1 4.4539E-1 4.46146E-1 4.43562E-1 4.59924E-1 4.51426E-1 4.60342E-1 4.71402E-1 4.60854E-1 4.42058E-1 4.40303E-1 4.0015E-1 3.95509E-1 4.20806E-1 4.23481E-1
2.79367E-1 2.83646E-1 2.87908E-1 2.69459E-1 2.12966E-1 -9999 2.36226E-1 2.20544E-1 1.81589E-1 1.73519E-1 1.77022E-1 1.88416E-1 -9999 -9999 1.89147E-1 -9999 -9999 1.90315E-1 2.26419E-1 2.23221E-1 -9999 -9999 -9999 -9999 -9999 -9999 -9999 -9999 -9999 -9999 -9999 -9999 -9999 -9999 -9999 4.45807E-1 4.49704E-1 4.66222E-1 4.77069E-1 4.7176E-1 4.53598E-1 4.50079E-1 4.41206E-1 4.32869E-1 4.44243E-1 4.87366E-1 4.62108E-1 4.64529E-1 4.82975E-1 4.67384E-1 4.36329E-1 4.78007E-1 4.67816E-1 4.54308E-1 4.52419E-1 4.30863E-1 4.3482E-1 3.88279E-1 3.91407E-1 4.23947E-1 4.02054E-1
2.834E-1 2.91873E-1 2.73217E-1 2.28994E-1 2.15975E-1 2.36903E-1 2.01236E-1 1.8415E-1 1.8721E-1 1.79495E-1 1.79719E-1 1.79205E-1 -9999 -9999 1.92221E-1 -9999 1.92503E-1 1.92737E-1 -9999 -9999 -9999 -9999 -9999 -9999 -9999 -9999 -9999 -9999 -9999 -9999 -9999 -9999 -9999 -9999 -9999 -9999 4.5657E-1 4.7266E-1 4.72511E-1 4.76269E-1 4.64482E-1 4.5008E-1 4.55106E-1 4.56735E-1 4.64681E-1 4.58101E-1 4.86861E-1 4.83192E-1 4.58925E-1 4.31173E-1 4.74748E-1 4.82563E-1 4.70477E-1 4.56921E-1 4.41836E-1 4.31157E-1 4.18386E-1 3.91876E-1 4.04683E-1 4.32222E-1 3.99806E-1
2.92662E-1 3.01075E-1 2.27926E-1 2.34832E-1 2.3855E-1 1.83303E-1 2.0644E-1 1.8988E-1 1.81214E-1 1.81505E-1 1.81674E-1 -9999 -9999 -9999 -9999 -9999 -9999 -9999 -9999 -9999 -9999 -9999 -9999 -9999 -9999 -9999 -9999 -9999 -9999 -9999 -9999 -9999 -9999 -9999 -9999 -9999 4.79104E-1 4.73112E-1 4.68046E-1 4.78821E-1 4.69186E-1 4.60951E-1 4.55451E-1 4.555E-1 4.49506E-1 4.44454E-1 4.7725E-1 4.50081E-1 4.39106E-1 4.28707E-1 4.42643E-1 4.45956E-1 4.53551E-1 4.7058E-1 4.52458E-1 4.32147E-1 4.13E-1 3.82041E-1 4.0141E-1 4.217E-1 4.09943E-1
2.52074E-1 2.34423E-1 2.38023E-1 1.99791E-1 1.85801E-1 1.88754E-1 1.91509E-1 1.6072E-1 1.51051E-1 -9999 -9999 -9999 -9999 -9999 -9999 -9999 -9999 -9999 -9999 -9999 -9999 -9999 -9999 -9999 -9999 -9999 -9999 -9999 -9999 -9999 -9999 -9999 -9999 -9999 -9999 -9999 -9999 4.78145E-1 4.80469E-1 4.72858E-1 4.60944E-1 4.6081E-1 4.62866E-1 4.54117E-1 4.48783E-1 4.60617E-1 4.54131E-1 4.68312E-1 4.52355E-1 4.43315E-1 4.6098E-1 4.55104E-1 4.56869E-1 4.70548E-1 4.49049E-1 4.46419E-1 4.15287E-1 3.85537E-1 3.89562E-1 4.14463E-1 4.07496E-1
2.34252E-1 2.59243E-1 1.99773E-1 1.8555E-1 1.88573E-1 1.60217E-1 1.53202E-1 1.50916E-1 1.56085E-1 1.56287E-1 -9999 -9999 -9999 -9999 -9999 -9999 -9999 -9999 -9999 -9999 -9999 -9999 -9999 -9999 -9999 -9999 -9999 -9999 -9999 -9999 -9999 -9999 -9999 -9999 -9999 -9999 -9999 4.82513E-1 4.7805E-1 4.76799E-1 4.67064E-1 4.54717E-1 4.61137E-1 4.51653E-1 4.51662E-1 4.61984E-1 4.42084E-1 4.52181E-1 4.28233E-1 4.4167E-1 4.63587E-1 4.36582E-1 4.6993E-1 4.6532E-1 4.56594E-1 4.33766E-1 4.063E-1 3.89299E-1 3.82835E-1 4.04744E-1 3.83018E-1
2.411E-1 2.02425E-1 2.05773E-1 2.08243E-1 1.59358E-1 1.62008E-1 -9999 1.57884E-1 -9999 1.31775E-1 -9999 -9999 -9999 -9999 -9999 -9999 -9999 -9999 -9999 -9999 -9999 -9999 -9999 -9999 -9999 -9999 -9999 -9999 -9999 -9999 -9999 -9999 -9999 -9999 -9999 -9999 -9999 4.88657E-1 4.76185E-1 4.81825E-1 4.6952E-1 4.61066E-1 4.75735E-1 4.62747E-1 4.60899E-1 4.53548E-1 4.28817E-1 4.47955E-1 4.19931E-1 4.13605E-1 4.19222E-1 4.16004E-1 4.32564E-1 4.3116E-1 4.39566E-1 4.17126E-1 3.88577E-1 4.00023E-1 3.7955E-1 3.78034E-1 3.66855E-1
2.04678E-1 1.78767E-1 1.94013E-1 -9999 1.54257E-1 1.6467E-1 -9999 1.3003E-1 -9999 -9999 -9999 -9999 -9999 -9999 -9999 -9999 -9999 -9999 -9999 -9999 -9999 -9999 -9999 -9999 -9999 -9999 -9999 -9999 -9999 -9999 -9999 -9999 -9999 -9999 -9999 -9999 4.71415E-1 4.92351E-1 4.73019E-1 4.73637E-1 4.58272E-1 4.4107E-1 4.47698E-1 4.60494E-1 4.47949E-1 4.32683E-1 4.21963E-1 4.32465E-1 4.58816E-1 4.19092E-1 4.19892E-1 4.12285E-1 4.10074E-1 3.80626E-1 3.96717E-1 4.30755E-1 4.07798E-1 4.02946E-1 3.82004E-1 3.71916E-1 3.5691E-1
1.92799E-1 -9999 -9999 -9999 1.56184E-1 1.26981E-1 -9999 -9999 -9999 -9999 -9999 -9999 -9999 -9999 -9999 -9999 -9999 -9999 -9999 -9999 -9999 -9999 -9999 -9999 -9999 -9999 -9999 -9999 -9999 -9999 -9999 -9999 -9999 -9999 -9999 -9999 5.04127E-1 4.70869E-1 4.7767E-1 4.65009E-1 4.50655E-1 4.23233E-1 4.50232E-1 4.44286E-1 4.33985E-1 4.32812E-1 4.26502E-1 4.06738E-1 4.44438E-1 4.44349E-1 4.2959E-1 4.4221E-1 4.11735E-1 3.77884E-1 4.21591E-1 4.42459E-1 4.13474E-1 3.9427E-1 3.81516E-1 3.92504E-1 3.83464E-1
-9999 -9999 1.63149E-1 -9999 -9999 -9999 -9999 -9999 -9999 -9999 -9999 -9999 -9999 -9999 -9999 -9999 -9999 -9999 -9999 -9999 -9999 -9999 -9999 -9999 -9999 -9999 -9999 -9999 -9999 -9999 -9999 -9999 -9999 -9999 -9999 -9999 5.01478E-1 4.9625E-1 4.82706E-1 4.55151E-1 4.40134E-1 4.29568E-1 4.48548E-1 4.35159E-1 4.3274E-1 4.20396E-1 4.07408E-1 4.00184E-1 3.92163E-1 4.48074E-1 4.2638E-1 4.25342E-1 3.87834E-1 3.77661E-1 4.27174E-1 4.2071E-1 3.83673E-1 3.89045E-1 3.71922E-1 3.83922E-1 3.96153E-1
-9999 -9999 -9999 -9999 -9999 -9999 -9999 -9999 -9999 -9999 -9999 -9999 -9999 -9999 -9999 -9999 -9999 -9999 -9999 -9999 -9999 -9999 -9999 -9999 -9999 -9999 -9999 -9999 -9999 -9999 -9999 -9999 -9999 -9999 -9999 -9999 5.07709E-1 5.01769E-1 4.88028E-1 4.73297E-1 4.38374E-1 4.31986E-1 4.40622E-1 4.32544E-1 4.46804E-1 4.20946E-1 4.11735E-1 3.95898E-1 3.94125E-1 4.0685E-1 4.36833E-1 4.19891E-1 3.953E-1 3.89001E-1 3.81158E-1 3.92646E-1 4.04802E-1 3.77844E-1 3.52335E-1 3.88418E-1 3.82609E-1
-9999 -9999 -9999 -9999 -9999 -9999 -9999 -9999 -9999 -9999 -9999 -9999 -9999 -9999 -9999 -9999 -9999 -9999 -9999 -9999 -9999 -9999 -9999 -9999 -9999 -9999 -9999 -9999 -9999 -9999 -9999 -9999 -9999 -9999 -9999 5.19817E-1 5.13333E-1 5.00241E-1 4.95237E-1 4.78814E-1 4.6366E-1 4.58043E-1 4.48596E-1 4.4804E-1 4.33421E-1 4.40783E-1 4.13858E-1 4.06138E-1 3.97979E-1 3.78884E-1 4.22194E-1 4.51361E-1 3.75716E-1 3.81214E-1 3.87526E-1 3.66727E-1 3.89131E-1 3.76813E-1 3.69792E-1 4.05641E-1 3.8372E-1
-9999 -9999 -9999 -9999 -9999 -9999 -9999 -9999 -9999 -9999 -9999 -9999 -9999 -9999 -9999 -9999 -9999 -9999 -9999 -9999 -9999 -9999 -9999 -9999 -9999 -9999 -9999 -9999 -9999 -9999 -9999 -9999 -9999 -9999 -9999 -9999 5.09742E-1 4.97967E-1 4.8995E-1 4.84256E-1 4.68532E-1 4.49094E-1 4.40157E-1 4.31859E-1 4.30052E-1 4.2669E-1 4.12277E-1 4.01036E-1 3.97295E-1 3.74905E-1 4.01305E-1 4.38561E-1 3.85226E-1 4.07467E-1 3.70983E-1 3.51941E-1 3.60701E-1 3.81919E-1 3.70035E-1 3.61672E-1 3.57356E-1
-9999 -9999 -9999 -9999 -9999 -9999 -9999 -9999 -9999 -9999 -9999 -9999 -9999 -9999 -9999 -9999 -9999 -9999 -9999 -9999 -9999 -9999 -9999 -9999 -9999 -9999 -9999 -9999 -9999 -9999 -9999 -9999 -9999 -9999 -9999 -9999 5.09591E-1 5.03083E-1 4.97346E-1 4.82738E-1 4.71942E-1 4.55611E-1 4.47363E-1 4.27842E-1 4.27032E-1 4.10298E-1 4.27875E-1 4.18936E-1 4.11388E-1 3.85119E-1 3.65492E-1 3.93607E-1 4.00192E-1 3.6921E-1 3.5307E-1 3.44701E-1 3.67351E-1 3.70852E-1 3.69534E-1 3.30055E-1 3.58185E-1
-9999 -9999 -9999 -9999 -9999 -9999 -9999 -9999 -9999 -9999 -9999 -9999 -9999 -9999 -9999 -9999 -9999 -9999 -9999 -9999 -9999 -9999 -9999 -9999 -9999 -9999 -9999 -9999 -9999 -9999 -9999 -9999 -9999 -9999 -9999 -9999 -9999 5.14851E-1 4.92035E-1 4.79554E-1 4.70867E-1 4.57553E-1 4.50275E-1 4.30973E-1 4.32885E-1 3.99229E-1 3.98177E-1 4.43813E-1 4.16085E-1 3.83874E-1 3.64123E-1 3.52474E-1 3.98681E-1 3.74551E-1 3.71159E-1 3.23494E-1 3.40373E-1 3.28919E-1 3.46597E-1 2.96988E-1 3.43979E-1
-9999 -9999 -9999 -9999 -9999 -9999 -9999 -9999 -9999 -9999 -9999 -9999 -9999 -9999 -9999 -9999 -9999 -9999 -9999 -9999 -9999 -9999 -9999 -9999 -9999 -9999 -9999 -9999 -9999 -9999 -9999 -9999 -9999 -9999 -9999 -9999 -9999 5.13874E-1 4.90251E-1 4.79232E-1 4.67382E-1 4.54646E-1 4.44525E-1 4.37864E-1 4.14219E-1 4.01466E-1 3.60705E-1 3.81721E-1 4.32189E-1 3.81936E-1 3.68427E-1 3.6383E-1 3.33731E-1 3.63354E-1 3.36567E-1 3.14613E-1 3.13395E-1 3.39121E-1 3.43415E-1 3.00272E-1 2.8633E-1
-9999 -9999 -9999 -9999 -9999 -9999 -9999 -9999 -9999 -9999 -9999 -9999 -9999 -9999 -9999 -9999 -9999 -9999 -9999 -9999 -9999 -9999 -9999 -9999 -9999 -9999 -9999 -9999 -9999 -9999 -9999 -9999 -9999 -9999 -9999 -9999 5.21101E-1 5.08792E-1 4.98432E-1 4.84048E-1 4.74604E-1 4.65352E-1 4.41662E-1 4.36629E-1 4.19943E-1 4.08273E-1 3.85212E-1 3.52464E-1 3.78534E-1 4.16362E-1 3.65188E-1 3.54631E-1 3.25503E-1 3.51832E-1 3.07058E-1 3.04817E-1 2.88568E-1 3.47775E-1 3.26217E-1 3.15629E-1 2.71712E-1
-9999 -9999 -9999 -9999 -9999 -9999 -9999 -9999 -9999 -9999 -9999 -9999 -9999 -9999 -9999 -9999 -9999 -9999 -9999 -9999 -9999 -9999 -9999 -9999 -9999 -9999 -9999 -9999 -9999 -9999 -9999 -9999 -9999 -9999 -9999 -9999 5.19946E-1 5.07588E-1 5.04516E-1 4.89019E-1 4.77151E-1 4.63321E-1 4.46055E-1 4.37536E-1 4.12757E-1 4.1431E-1 4.00625E-1 3.61306E-1 3.38602E-1 3.52981E-1 3.57237E-1 3.00797E-1 3.01241E-1 3.58082E-1 3.04617E-1 3.19331E-1 2.67048E-1 3.3095E-1 2.88356E-1 2.83542E-1 4.03872E-1
-9999 -9999 -9999 -9999 -9999 -9999 -9999 -9999 -9999 -9999 -9999 -9999 -9999 -9999 -9999 -9999 -9999 -9999 -9999 -9999 -9999 -9999 -9999 -9999 -9999 -9999 -9999 -9999 -9999 -9999 -9999 -9999 -9999 -9999 -9999 -9999 -9999 -9999 -9999 4.87917E-1 4.80792E-1 4.73232E-1 4.57301E-1 4.49686E-1 4.30113E-1 4.2733E-1 4.10499E-1 3.91291E-1 2.99154E-1 2.88051E-1 3.73969E-1 3.08647E-1 2.75435E-1 3.46494E-1 3.04949E-1 3.34915E-1 2.84125E-1 3.03549E-1 3.50787E-1 4.20805E-1 4.10982E-1
