Artocarpus heterophyllus SDM files/Last interglacial/results (without bias file)/Arthet_avg.asc
ncols         625
nrows         721
xllcorner     69.99986311115
yllcorner     5.99986151914999
cellsize      0.041666667
NODATA_value  -9999
[rows 594 to 620 of 721, columns 122 to 182 of 625]
-9999 -9999 -9999 -9999 -9999 -9999 -9999 -9999 -9999 -9999 -9999 -9999 -9999 -9999 -9999 -9999 9.95364E-1 9.97179E-1 9.98367E-1 9.98344E-1 9.96762E-1 9.94096E-1 9.80809E-1 9.76799E-1 9.78048E-1 9.88125E-1 9.98009E-1 9.97911E-1 9.97445E-1 9.9589E-1 9.9521E-1 9.8139E-1 9.84454E-1 9.92036E-1 9.60167E-1 9.12827E-1 9.17318E-1 9.72509E-1 9.65382E-1 9.67983E-1 9.20916E-1 8.65857E-1 8.03449E-1 7.67474E-1 7.74518E-1 7.45172E-1 7.47529E-1 7.37075E-1 6.88123E-1 7.64687E-1 7.82773E-1 7.60515E-1 7.823E-1 7.6576E-1 7.02281E-1 7.04296E-1 7.08578E-1 7.12048E-1 6.18075E-1 6.25912E-1 5.9467E-1
-9999 -9999 -9999 -9999 -9999 -9999 -9999 -9999 -9999 -9999 -9999 -9999 -9999 -9999 -9999 -9999 9.97288E-1 9.98165E-1 9.98478E-1 9.98321E-1 9.97449E-1 9.97083E-1 9.96526E-1 9.95766E-1 9.97119E-1 9.96697E-1 9.98112E-1 9.97556E-1 9.97162E-1 9.96095E-1 9.84171E-1 9.86814E-1 9.89652E-1 9.53016E-1 9.45722E-1 9.22134E-1 9.12471E-1 9.77243E-1 9.49916E-1 9.03346E-1 8.75666E-1 8.3153E-1 7.85662E-1 7.64393E-1 8.04828E-1 7.53705E-1 7.70894E-1 7.45574E-1 7.96789E-1 7.40137E-1 7.53274E-1 7.87432E-1 7.58484E-1 7.61865E-1 6.98983E-1 6.8068E-1 6.9227E-1 7.17253E-1 6.69497E-1 6.3825E-1 5.90457E-1
-9999 -9999 -9999 -9999 -9999 -9999 -9999 -9999 -9999 -9999 -9999 -9999 -9999 -9999 -9999 -9999 9.98936E-1 9.98815E-1 9.98651E-1 9.96277E-1 9.96263E-1 9.97178E-1 9.98377E-1 9.97724E-1 9.97226E-1 9.97559E-1 9.97423E-1 9.9698E-1 9.97016E-1 9.94604E-1 9.73014E-1 9.78668E-1 9.81283E-1 9.79931E-1 9.8875E-1 9.87367E-1 9.81493E-1 9.62097E-1 9.18634E-1 8.7102E-1 8.9001E-1 8.33005E-1 7.92444E-1 8.31553E-1 8.11884E-1 7.59925E-1 7.63404E-1 7.7369E-1 7.83886E-1 7.29364E-1 7.48675E-1 7.41363E-1 7.16347E-1 7.39431E-1 6.86959E-1 6.7275E-1 6.48155E-1 6.86166E-1 6.92232E-1 6.51186E-1 6.15791E-1
-9999 -9999 -9999 -9999 -9999 -9999 -9999 -9999 -9999 -9999 -9999 -9999 -9999 -9999 -9999 -9999 -9999 9.98801E-1 9.98223E-1 9.97713E-1 9.97627E-1 9.97242E-1 9.98141E-1 9.97278E-1 9.97926E-1 9.96435E-1 9.97527E-1 9.9744E-1 9.96046E-1 9.95384E-1 9.86251E-1 9.81525E-1 9.84495E-1 9.93772E-1 9.91448E-1 9.91735E-1 9.44527E-1 9.09771E-1 8.79229E-1 8.80009E-1 8.99274E-1 8.64695E-1 8.7506E-1 8.40829E-1 8.18029E-1 8.02186E-1 7.50541E-1 7.24809E-1 7.30044E-1 6.91523E-1 7.1193E-1 7.20299E-1 6.89563E-1 6.76355E-1 6.49664E-1 6.48214E-1 6.57492E-1 6.48653E-1 6.6103E-1 6.51393E-1 6.24548E-1
-9999 -9999 -9999 -9999 -9999 -9999 -9999 -9999 -9999 -9999 -9999 -9999 -9999 -9999 -9999 -9999 -9999 9.97862E-1 9.97738E-1 9.97394E-1 9.96046E-1 9.95748E-1 9.93439E-1 9.97922E-1 9.98272E-1 9.97554E-1 9.97803E-1 9.97134E-1 9.96255E-1 9.94199E-1 9.59853E-1 9.85023E-1 9.91501E-1 9.96603E-1 9.836E-1 9.84674E-1 9.38962E-1 9.12236E-1 9.31698E-1 9.02362E-1 8.81747E-1 9.11884E-1 8.90934E-1 8.4717E-1 8.14841E-1 8.0666E-1 7.16494E-1 7.27045E-1 7.44132E-1 6.93038E-1 6.81201E-1 6.25918E-1 6.36287E-1 6.46136E-1 5.94534E-1 5.93175E-1 5.84762E-1 6.11793E-1 5.6585E-1 5.63441E-1 5.78112E-1
-9999 -9999 -9999 -9999 -9999 -9999 -9999 -9999 -9999 -9999 -9999 -9999 -9999 -9999 -9999 -9999 -9999 -9999 9.97195E-1 9.97231E-1 9.9288E-1 9.94179E-1 9.97895E-1 9.98091E-1 9.98168E-1 9.96894E-1 9.93048E-1 9.98145E-1 9.97575E-1 9.94884E-1 9.83932E-1 9.58713E-1 9.84243E-1 9.93478E-1 9.86416E-1 9.73711E-1 9.77179E-1 9.41333E-1 9.59889E-1 9.4525E-1 9.24422E-1 9.31882E-1 8.51187E-1 8.10969E-1 7.99005E-1 8.00888E-1 7.52033E-1 7.12107E-1 6.93418E-1 6.48776E-1 6.41489E-1 6.42257E-1 5.98936E-1 5.99554E-1 6.11999E-1 5.77657E-1 5.71224E-1 5.73301E-1 5.89602E-1 5.52183E-1 5.44987E-1
-9999 -9999 -9999 -9999 -9999 -9999 -9999 -9999 -9999 -9999 -9999 -9999 -9999 -9999 -9999 -9999 -9999 -9999 9.98108E-1 9.9907E-1 9.98333E-1 9.985E-1 9.97843E-1 9.97999E-1 9.97862E-1 9.97099E-1 9.9602E-1 9.97206E-1 9.97128E-1 9.97332E-1 9.94829E-1 9.9147E-1 8.90854E-1 8.52907E-1 9.72267E-1 9.806E-1 9.88297E-1 9.73068E-1 9.85715E-1 9.49078E-1 9.126E-1 8.79108E-1 8.72083E-1 7.92068E-1 7.77649E-1 7.79401E-1 7.41917E-1 6.80772E-1 6.65071E-1 6.48596E-1 6.135E-1 6.20657E-1 5.71427E-1 5.70664E-1 6.01406E-1 5.61416E-1 5.65572E-1 5.78445E-1 6.14738E-1 5.68063E-1 5.6565E-1
-9999 -9999 -9999 -9999 -9999 -9999 -9999 -9999 -9999 -9999 -9999 -9999 -9999 -9999 -9999 -9999 -9999 -9999 9.98263E-1 9.98777E-1 9.98656E-1 9.98159E-1 9.98089E-1 9.98065E-1 9.97827E-1 9.97978E-1 9.97983E-1 9.95978E-1 9.90097E-1 9.95897E-1 9.96841E-1 9.96528E-1 9.95875E-1 9.92256E-1 8.43033E-1 7.80851E-1 9.89888E-1 9.84341E-1 9.79089E-1 9.05894E-1 8.66627E-1 8.17852E-1 8.01106E-1 7.82196E-1 7.20925E-1 7.65212E-1 7.37547E-1 7.09421E-1 6.78267E-1 6.40247E-1 5.97041E-1 6.07974E-1 5.33145E-1 5.50799E-1 6.01653E-1 5.4469E-1 5.75294E-1 5.96771E-1 6.10454E-1 5.89595E-1 5.82659E-1
-9999 -9999 -9999 -9999 -9999 -9999 -9999 -9999 -9999 -9999 -9999 -9999 -9999 -9999 -9999 -9999 -9999 -9999 9.9843E-1 9.98521E-1 9.97856E-1 9.97597E-1 9.97026E-1 9.97933E-1 9.97755E-1 9.98403E-1 9.96825E-1 9.97841E-1 9.9667E-1 9.97263E-1 9.9739E-1 9.9683E-1 9.95258E-1 9.13608E-1 8.35182E-1 9.1495E-1 9.92275E-1 9.97332E-1 9.64459E-1 8.97797E-1 8.73091E-1 8.40243E-1 8.5468E-1 8.12449E-1 7.80763E-1 7.62231E-1 7.69684E-1 7.3263E-1 7.47379E-1 6.09254E-1 6.33147E-1 6.22573E-1 5.86656E-1 5.66111E-1 5.72223E-1 5.54068E-1 5.34512E-1 5.56442E-1 5.7631E-1 5.53123E-1 5.93997E-1
-9999 -9999 -9999 -9999 -9999 -9999 -9999 -9999 -9999 -9999 -9999 -9999 -9999 -9999 -9999 -9999 -9999 -9999 -9999 9.99141E-1 9.99015E-1 9.96758E-1 9.97757E-1 9.98685E-1 9.98844E-1 9.98852E-1 9.98512E-1 9.98086E-1 9.97518E-1 9.97601E-1 9.95874E-1 9.95715E-1 9.35002E-1 9.14692E-1 8.71013E-1 9.38688E-1 9.87517E-1 9.62257E-1 9.85834E-1 9.75499E-1 9.48767E-1 9.09778E-1 8.69909E-1 7.90153E-1 7.8313E-1 7.19967E-1 7.17997E-1 7.12171E-1 7.25389E-1 7.10771E-1 5.83467E-1 5.80385E-1 5.87997E-1 5.44295E-1 5.64059E-1 5.64576E-1 5.39768E-1 5.51933E-1 5.84997E-1 5.53604E-1 5.69162E-1
-9999 -9999 -9999 -9999 -9999 -9999 -9999 -9999 -9999 -9999 -9999 -9999 -9999 -9999 -9999 -9999 -9999 -9999 -9999 9.99332E-1 9.99361E-1 9.99099E-1 9.98909E-1 9.98723E-1 9.989E-1 9.98093E-1 9.97684E-1 9.97511E-1 9.96835E-1 9.96027E-1 9.95604E-1 9.94917E-1 9.96108E-1 9.1828E-1 9.02871E-1 8.73722E-1 8.07618E-1 8.47392E-1 7.74794E-1 7.10679E-1 9.60113E-1 8.38746E-1 8.39159E-1 8.25679E-1 7.98128E-1 7.3365E-1 7.2381E-1 7.07686E-1 6.99195E-1 7.24787E-1 5.69654E-1 5.48801E-1 5.65849E-1 5.33147E-1 5.39299E-1 5.71086E-1 5.47862E-1 5.50749E-1 5.49919E-1 5.05629E-1 5.12663E-1
-9999 -9999 -9999 -9999 -9999 -9999 -9999 -9999 -9999 -9999 -9999 -9999 -9999 -9999 -9999 -9999 -9999 -9999 -9999 9.99548E-1 9.99498E-1 9.99334E-1 9.98917E-1 9.98792E-1 9.98955E-1 9.98402E-1 9.97944E-1 9.97764E-1 9.97409E-1 9.95183E-1 9.96381E-1 9.96696E-1 9.3294E-1 9.28027E-1 9.17057E-1 9.11211E-1 9.09127E-1 8.9055E-1 8.4382E-1 8.10319E-1 8.34674E-1 8.15133E-1 7.84471E-1 8.51391E-1 8.17305E-1 7.84819E-1 7.34835E-1 6.96646E-1 6.9395E-1 7.19609E-1 5.97392E-1 4.92955E-1 5.36947E-1 5.01318E-1 4.95407E-1 5.34663E-1 5.73504E-1 5.56827E-1 5.47674E-1 5.51856E-1 5.06253E-1
-9999 -9999 -9999 -9999 -9999 -9999 -9999 -9999 -9999 -9999 -9999 -9999 -9999 -9999 -9999 -9999 -9999 -9999 -9999 9.99245E-1 9.99567E-1 9.99504E-1 9.99196E-1 9.98848E-1 9.98744E-1 9.98392E-1 9.986E-1 9.97767E-1 9.97388E-1 9.97102E-1 9.97926E-1 9.97034E-1 9.44068E-1 9.39749E-1 9.31787E-1 9.25747E-1 9.15709E-1 9.07668E-1 8.72645E-1 8.77507E-1 8.34524E-1 7.95853E-1 9.02231E-1 8.73378E-1 7.62033E-1 8.16411E-1 7.56952E-1 7.23458E-1 6.99811E-1 7.07606E-1 6.21703E-1 4.89993E-1 4.78155E-1 4.47056E-1 4.66747E-1 4.76013E-1 5.21399E-1 4.81562E-1 4.85257E-1 4.63755E-1 4.79807E-1
-9999 -9999 -9999 -9999 -9999 -9999 -9999 -9999 -9999 -9999 -9999 -9999 -9999 -9999 -9999 -9999 -9999 -9999 -9999 -9999 9.99021E-1 9.99544E-1 9.99335E-1 9.99265E-1 9.98708E-1 9.97949E-1 9.98437E-1 9.97379E-1 9.97578E-1 9.97736E-1 9.96489E-1 9.97564E-1 9.96981E-1 9.96506E-1 9.39067E-1 9.28871E-1 9.21697E-1 9.11224E-1 9.03743E-1 8.94421E-1 8.73505E-1 8.19895E-1 8.0661E-1 8.93299E-1 8.72931E-1 8.35601E-1 7.6548E-1 7.16261E-1 7.25578E-1 7.16766E-1 6.63998E-1 4.75059E-1 4.68766E-1 4.65429E-1 4.54173E-1 5.02245E-1 5.03286E-1 5.13067E-1 4.68787E-1 5.12489E-1 4.69856E-1
-9999 -9999 -9999 -9999 -9999 -9999 -9999 -9999 -9999 -9999 -9999 -9999 -9999 -9999 -9999 -9999 -9999 -9999 -9999 -9999 9.99033E-1 9.99505E-1 9.99438E-1 9.9898E-1 9.98312E-1 9.9862E-1 9.9822E-1 9.97522E-1 9.94712E-1 9.97508E-1 9.97512E-1 9.96387E-1 9.97869E-1 9.44203E-1 9.34526E-1 9.26863E-1 9.1494E-1 9.10105E-1 9.07722E-1 8.66805E-1 8.4402E-1 8.32425E-1 8.21185E-1 9.04522E-1 8.73155E-1 8.42677E-1 7.79131E-1 7.4091E-1 7.31747E-1 7.21833E-1 6.84776E-1 5.26598E-1 4.67076E-1 5.28549E-1 4.96995E-1 5.07125E-1 5.25497E-1 4.8409E-1 4.7697E-1 5.12163E-1 4.85746E-1
-9999 -9999 -9999 -9999 -9999 -9999 -9999 -9999 -9999 -9999 -9999 -9999 -9999 -9999 -9999 -9999 -9999 -9999 -9999 -9999 -9999 9.99439E-1 9.99423E-1 9.99238E-1 9.99131E-1 9.98768E-1 9.97909E-1 9.9651E-1 9.9588E-1 9.92083E-1 9.95203E-1 9.97284E-1 9.49343E-1 9.43664E-1 9.38286E-1 9.3312E-1 9.27758E-1 9.1272E-1 9.03876E-1 8.88936E-1 8.39191E-1 8.3033E-1 9.42251E-1 9.09431E-1 8.83506E-1 8.63217E-1 7.88621E-1 7.57513E-1 7.37011E-1 7.36979E-1 7.19699E-1 6.68534E-1 5.76108E-1 5.21703E-1 4.65942E-1 4.8606E-1 4.99761E-1 4.89231E-1 4.7689E-1 5.14909E-1 4.71528E-1
-9999 -9999 -9999 -9999 -9999 -9999 -9999 -9999 -9999 -9999 -9999 -9999 -9999 -9999 -9999 -9999 -9999 -9999 -9999 -9999 -9999 9.99479E-1 9.99196E-1 9.99228E-1 9.99303E-1 9.9881E-1 9.98576E-1 9.94937E-1 9.96528E-1 9.81756E-1 9.89558E-1 9.96653E-1 9.98215E-1 9.97804E-1 9.96059E-1 9.33504E-1 9.29982E-1 9.19567E-1 9.09207E-1 8.89744E-1 8.47375E-1 8.31179E-1 8.08725E-1 9.20779E-1 8.88506E-1 8.64752E-1 8.03391E-1 8.1443E-1 7.59044E-1 7.44445E-1 7.34259E-1 7.25833E-1 6.87145E-1 5.5406E-1 4.71783E-1 4.53205E-1 4.95605E-1 4.90425E-1 4.78204E-1 4.98095E-1 4.78798E-1
-9999 -9999 -9999 -9999 -9999 -9999 -9999 -9999 -9999 -9999 -9999 -9999 -9999 -9999 -9999 -9999 -9999 -9999 -9999 -9999 -9999 -9999 9.99235E-1 9.99322E-1 9.99311E-1 9.99056E-1 9.98711E-1 9.97653E-1 9.95999E-1 9.93975E-1 9.95975E-1 9.94436E-1 9.97016E-1 9.97855E-1 9.42189E-1 9.94071E-1 9.16582E-1 8.90857E-1 9.90789E-1 9.92243E-1 9.83613E-1 9.34098E-1 9.20263E-1 8.99227E-1 8.75767E-1 8.66317E-1 8.06297E-1 7.85341E-1 7.63542E-1 7.48404E-1 7.3779E-1 7.23988E-1 6.77383E-1 6.43543E-1 5.28025E-1 5.04575E-1 5.48469E-1 4.92334E-1 5.4984E-1 5.15319E-1 4.71707E-1
-9999 -9999 -9999 -9999 -9999 -9999 -9999 -9999 -9999 -9999 -9999 -9999 -9999 -9999 -9999 -9999 -9999 -9999 -9999 -9999 -9999 -9999 9.99402E-1 9.99247E-1 9.99261E-1 9.99317E-1 9.98778E-1 9.98299E-1 9.96817E-1 9.957E-1 9.93345E-1 9.91119E-1 9.89605E-1 9.88996E-1 9.32169E-1 9.28749E-1 9.73522E-1 9.84658E-1 9.89458E-1 9.9579E-1 9.94985E-1 9.79469E-1 9.43192E-1 9.06031E-1 8.73334E-1 8.38612E-1 8.80236E-1 7.9117E-1 7.61183E-1 7.57378E-1 7.45922E-1 7.26269E-1 6.90877E-1 6.97779E-1 5.93614E-1 6.02101E-1 5.46877E-1 5.16315E-1 5.19832E-1 5.34852E-1 4.75442E-1
-9999 -9999 -9999 -9999 -9999 -9999 -9999 -9999 -9999 -9999 -9999 -9999 -9999 -9999 -9999 -9999 -9999 -9999 -9999 -9999 -9999 -9999 -9999 9.99305E-1 9.99159E-1 9.99127E-1 9.98844E-1 9.98365E-1 9.97305E-1 9.91514E-1 9.79629E-1 9.77982E-1 9.89981E-1 9.89732E-1 9.91371E-1 9.76739E-1 9.77173E-1 9.91528E-1 9.97875E-1 9.86811E-1 9.90234E-1 9.94356E-1 9.83751E-1 9.58548E-1 9.085E-1 8.36102E-1 9.51318E-1 8.62044E-1 8.70337E-1 7.60117E-1 7.68621E-1 7.42559E-1 7.41555E-1 7.02255E-1 6.52681E-1 6.64758E-1 5.52493E-1 5.2133E-1 5.04705E-1 5.5426E-1 4.76124E-1
-9999 -9999 -9999 -9999 -9999 -9999 -9999 -9999 -9999 -9999 -9999 -9999 -9999 -9999 -9999 -9999 -9999 -9999 -9999 -9999 -9999 -9999 -9999 9.99137E-1 9.98979E-1 9.99096E-1 9.98649E-1 9.98117E-1 9.97435E-1 9.94169E-1 9.91909E-1 9.81216E-1 9.85529E-1 9.88488E-1 9.62693E-1 9.80045E-1 9.82761E-1 9.90011E-1 9.97481E-1 9.89142E-1 9.91818E-1 9.9177E-1 9.90983E-1 9.94625E-1 9.96933E-1 9.78845E-1 9.29537E-1 9.34487E-1 9.41137E-1 8.93303E-1 8.89126E-1 7.84862E-1 6.88194E-1 6.8924E-1 6.94711E-1 6.55851E-1 5.41934E-1 5.34595E-1 5.37301E-1 5.20498E-1 4.50354E-1
-9999 -9999 -9999 -9999 -9999 -9999 -9999 -9999 -9999 -9999 -9999 -9999 -9999 -9999 -9999 -9999 -9999 -9999 -9999 -9999 -9999 -9999 -9999 -9999 9.98798E-1 9.98873E-1 9.98899E-1 9.98565E-1 9.97863E-1 9.97508E-1 9.95182E-1 9.91355E-1 9.79688E-1 9.65641E-1 9.65689E-1 9.77562E-1 9.85203E-1 9.91427E-1 9.93725E-1 9.94023E-1 9.90819E-1 9.90014E-1 9.89823E-1 9.89987E-1 9.93083E-1 9.97552E-1 9.89568E-1 9.6852E-1 9.89545E-1 9.80297E-1 9.25928E-1 7.75542E-1 7.37715E-1 7.85806E-1 7.38787E-1 7.0603E-1 5.61252E-1 5.1496E-1 5.02894E-1 5.09878E-1 6.82567E-1
-9999 -9999 -9999 -9999 -9999 -9999 -9999 -9999 -9999 -9999 -9999 -9999 -9999 -9999 -9999 -9999 -9999 -9999 -9999 -9999 -9999 -9999 -9999 -9999 9.98752E-1 9.98927E-1 9.98587E-1 9.98429E-1 9.97593E-1 9.96033E-1 9.92608E-1 9.95184E-1 9.90025E-1 9.87233E-1 9.63322E-1 9.70484E-1 9.82635E-1 9.88524E-1 9.87713E-1 9.89653E-1 9.94728E-1 9.95441E-1 9.94981E-1 9.87623E-1 9.9218E-1 9.93584E-1 9.96966E-1 9.85751E-1 9.83141E-1 9.76024E-1 8.90823E-1 7.70772E-1 7.63081E-1 8.2039E-1 7.96656E-1 7.74194E-1 7.95424E-1 5.63239E-1 7.37738E-1 7.87855E-1 7.48194E-1
-9999 -9999 -9999 -9999 -9999 -9999 -9999 -9999 -9999 -9999 -9999 -9999 -9999 -9999 -9999 -9999 -9999 -9999 -9999 -9999 -9999 -9999 -9999 -9999 9.9899E-1 9.98791E-1 9.98655E-1 9.97717E-1 9.96829E-1 9.97125E-1 9.9696E-1 9.94195E-1 9.86644E-1 9.69315E-1 9.71339E-1 9.76597E-1 9.67852E-1 9.72194E-1 9.74509E-1 9.79947E-1 9.88042E-1 9.90492E-1 9.94411E-1 9.9264E-1 9.93594E-1 9.93289E-1 9.96585E-1 9.93818E-1 9.75582E-1 9.78773E-1 9.07499E-1 7.95323E-1 8.37252E-1 9.19931E-1 8.78208E-1 9.0286E-1 8.2681E-1 8.5899E-1 8.0984E-1 8.50579E-1 8.69597E-1
-9999 -9999 -9999 -9999 -9999 -9999 -9999 -9999 -9999 -9999 -9999 -9999 -9999 -9999 -9999 -9999 -9999 -9999 -9999 -9999 -9999 -9999 -9999 -9999 -9999 9.98742E-1 9.98473E-1 9.97906E-1 9.94271E-1 9.97733E-1 9.95489E-1 9.93034E-1 9.88186E-1 9.82488E-1 9.87115E-1 9.81823E-1 9.62379E-1 9.72275E-1 9.79523E-1 9.77979E-1 9.85171E-1 9.88804E-1 9.86361E-1 9.88525E-1 9.94844E-1 9.93452E-1 9.94789E-1 9.96317E-1 9.71329E-1 9.52925E-1 9.07083E-1 9.4229E-1 8.59274E-1 9.03013E-1 9.08867E-1 9.18679E-1 8.68698E-1 8.55814E-1 8.97302E-1 8.52529E-1 8.33892E-1
-9999 -9999 -9999 -9999 -9999 -9999 -9999 -9999 -9999 -9999 -9999 -9999 -9999 -9999 -9999 -9999 -9999 -9999 -9999 -9999 -9999 -9999 -9999 -9999 -9999 9.9868E-1 9.98709E-1 9.98557E-1 9.97468E-1 9.97976E-1 9.95651E-1 9.9607E-1 9.93947E-1 9.9009E-1 9.89115E-1 9.93786E-1 9.65642E-1 9.8011E-1 9.90944E-1 9.90709E-1 9.88358E-1 9.81536E-1 9.8684E-1 9.91287E-1 9.94826E-1 9.91638E-1 9.94384E-1 9.81764E-1 9.73307E-1 9.52415E-1 9.48366E-1 9.81099E-1 9.62857E-1 9.34059E-1 8.85162E-1 8.31763E-1 8.32068E-1 8.54548E-1 8.90693E-1 8.21037E-1 7.59619E-1
-9999 -9999 -9999 -9999 -9999 -9999 -9999 -9999 -9999 -9999 -9999 -9999 -9999 -9999 -9999 -9999 -9999 -9999 -9999 -9999 -9999 -9999 -9999 -9999 -9999 9.98785E-1 9.98545E-1 9.98336E-1 9.98154E-1 9.98047E-1 9.97261E-1 9.97313E-1 9.95958E-1 9.94167E-1 9.94742E-1 9.92418E-1 9.87005E-1 9.8136E-1 9.89406E-1 9.91925E-1 9.79612E-1 9.78223E-1 9.68127E-1 9.83266E-1 9.89166E-1 9.93598E-1 9.96425E-1 9.78281E-1 9.89258E-1 9.83608E-1 9.51223E-1 9.38771E-1 9.32149E-1 9.10201E-1 8.95395E-1 8.61052E-1 9.21346E-1 8.63525E-1 7.61679E-1 6.85247E-1 6.67444E-1
