Artocarpus heterophyllus SDM files/Last interglacial/results (without bias file)/Arthet_8.asc
ncols         625
nrows         721
xllcorner     69.99986311115
yllcorner     5.99986151914999
cellsize      0.041666667
NODATA_value  -9999
[rows 189 to 215 of 721, columns 488 to 548 of 625]
1.09591E-3 2.22244E-3 1.54173E-3 8.22107E-4 1.08027E-3 2.07671E-3 2.50562E-3 3.35995E-3 4.23539E-3 4.70367E-3 4.73689E-3 5.20857E-3 3.51806E-3 3.25742E-3 4.0928E-3 6.49363E-3 9.43573E-3 1.57197E-2 1.11302E-2 1.34133E-2 1.00515E-2 4.0447E-3 4.81826E-3 6.61525E-3 7.86363E-3 5.45712E-3 3.61903E-3 2.06326E-3 1.72983E-3 2.0881E-3 2.29245E-3 4.00953E-3 2.15463E-3 3.37639E-3 5.79727E-3 4.46395E-3 2.01113E-3 2.67133E-3 5.44228E-3 4.49776E-3 4.93515E-3 4.64073E-3 3.19451E-3 3.56333E-3 4.30409E-3 5.22633E-3 5.09315E-3 4.24465E-3 4.24476E-3 6.66437E-3 1.27352E-2 7.27805E-3 3.69715E-3 2.6427E-3 2.54592E-3 3.46696E-3 2.3927E-3 4.0327E-3 4.62453E-3 9.35984E-3 3.61709E-3
1.97883E-3 1.33174E-3 7.62966E-4 1.42084E-3 1.33127E-3 1.49739E-3 1.87851E-3 2.90829E-3 2.43055E-3 2.38789E-3 2.27734E-3 2.3094E-3 2.38827E-3 4.76808E-3 6.71457E-3 9.77227E-3 9.61489E-3 7.64582E-3 1.73331E-2 1.17231E-2 8.37259E-3 6.05249E-3 3.56971E-3 2.83172E-3 4.2981E-3 3.51126E-3 1.75034E-3 2.16654E-3 2.93855E-3 3.24255E-3 3.3579E-3 4.68711E-3 4.01236E-3 3.06572E-3 6.76234E-3 4.52851E-3 2.20253E-3 3.0849E-3 4.65487E-3 4.0153E-3 4.49507E-3 6.56411E-3 5.33018E-3 4.84303E-3 4.41049E-3 3.42451E-3 3.64179E-3 5.94586E-3 6.54371E-3 1.07612E-2 8.90313E-3 5.56356E-3 2.97702E-3 2.31457E-3 2.021E-3 1.66583E-3 2.35195E-3 4.70638E-3 7.277E-3 1.00564E-2 1.24714E-2
1.96204E-3 1.19232E-3 6.34365E-4 7.44169E-4 1.43568E-3 2.21544E-3 2.88672E-3 2.68246E-3 1.92489E-3 2.01082E-3 1.61695E-3 1.36316E-3 2.45802E-3 3.33221E-3 3.91361E-3 7.56268E-3 9.95662E-3 1.65698E-2 1.80876E-2 7.0005E-3 7.71417E-3 4.19654E-3 3.46498E-3 2.24487E-3 2.93531E-3 2.89773E-3 2.01612E-3 3.84891E-3 4.11583E-3 4.53856E-3 4.0502E-3 4.79101E-3 4.94822E-3 5.59057E-3 8.10332E-3 7.14658E-3 2.84861E-3 3.65638E-3 4.94933E-3 4.33815E-3 4.41092E-3 4.97749E-3 3.23229E-3 2.83401E-3 2.57862E-3 3.07022E-3 5.02377E-3 7.55845E-3 1.01588E-2 7.02838E-3 3.65079E-3 3.10185E-3 2.09758E-3 2.33021E-3 2.65951E-3 1.30259E-3 1.11285E-3 1.82464E-3 4.876E-3 7.76851E-3 1.60563E-2
2.04115E-3 2.01388E-3 1.88315E-3 2.13345E-3 3.2189E-3 2.486E-3 2.17851E-3 3.10702E-3 3.56866E-3 2.57088E-3 2.28315E-3 2.40433E-3 2.9857E-3 3.16168E-3 3.77373E-3 6.56354E-3 6.75107E-3 8.4429E-3 1.35967E-2 2.15698E-2 1.51437E-2 8.37928E-3 4.4847E-3 3.23424E-3 3.57115E-3 3.15615E-3 2.82836E-3 2.1755E-3 2.07461E-3 3.33149E-3 3.22851E-3 2.96559E-3 4.58239E-3 4.53018E-3 8.16266E-3 7.28252E-3 4.21927E-3 4.795E-3 6.68527E-3 4.93546E-3 5.05347E-3 4.24612E-3 3.38108E-3 3.15611E-3 4.16628E-3 4.29869E-3 5.77211E-3 3.32018E-3 3.40309E-3 7.46738E-3 5.20404E-3 2.79531E-3 2.60819E-3 2.05418E-3 3.25427E-3 1.66908E-3 1.54087E-3 1.76596E-3 5.28746E-3 9.43304E-3 2.66647E-2
2.56629E-3 2.24455E-3 2.7065E-3 3.14358E-3 2.97894E-3 3.77331E-3 2.63635E-3 3.17532E-3 4.49321E-3 3.47712E-3 3.27783E-3 3.32402E-3 3.96144E-3 4.73901E-3 5.59748E-3 8.92641E-3 1.27363E-2 7.3043E-3 1.28337E-2 2.39807E-2 1.92118E-2 5.40267E-3 4.90296E-3 6.43937E-3 8.80464E-3 7.92854E-3 5.47044E-3 2.29349E-3 2.52413E-3 3.49398E-3 2.30594E-3 4.23319E-3 7.50329E-3 5.05373E-3 7.50032E-3 1.04106E-2 3.79994E-3 5.05569E-3 6.16486E-3 6.15448E-3 5.24799E-3 4.0362E-3 3.46085E-3 2.93365E-3 3.1901E-3 2.82439E-3 2.40127E-3 1.94631E-3 2.18341E-3 5.18985E-3 5.49762E-3 5.20584E-3 4.87797E-3 4.25754E-3 3.59056E-3 2.50542E-3 2.20528E-3 1.59641E-3 6.08775E-3 9.61062E-3 1.65192E-2
2.95484E-3 2.40244E-3 3.43781E-3 3.95088E-3 2.97946E-3 4.53774E-3 4.36495E-3 4.01419E-3 6.05375E-3 3.75968E-3 2.5778E-3 4.16977E-3 6.87132E-3 4.80919E-3 4.2077E-3 5.37546E-3 1.48194E-2 1.1877E-2 1.94528E-2 3.81437E-2 1.14202E-2 5.05951E-3 3.68879E-3 8.45781E-3 8.56394E-3 6.38789E-3 5.03596E-3 3.45361E-3 4.71133E-3 6.46557E-3 6.58064E-3 6.75541E-3 8.61532E-3 6.53773E-3 7.81507E-3 1.34713E-2 8.66197E-3 6.37778E-3 6.54413E-3 7.03562E-3 3.87237E-3 3.09552E-3 3.31198E-3 3.37046E-3 3.63563E-3 3.27208E-3 2.43929E-3 3.03528E-3 3.62568E-3 4.72305E-3 2.71622E-3 3.62343E-3 2.45464E-3 2.77238E-3 1.64192E-3 1.69907E-3 2.15845E-3 6.02725E-3 5.37108E-3 1.00578E-2 1.18373E-2
3.44711E-3 3.40833E-3 4.73337E-3 4.78204E-3 3.52201E-3 3.59695E-3 5.87222E-3 6.65733E-3 6.35642E-3 4.47982E-3 3.85951E-3 3.52761E-3 5.71817E-3 1.07267E-2 8.01279E-3 5.96387E-3 1.03011E-2 2.37163E-2 2.78284E-2 5.70302E-2 1.91574E-2 7.45987E-3 4.09251E-3 1.26514E-2 8.3396E-3 9.62534E-3 8.51734E-3 7.07228E-3 7.79198E-3 6.30334E-3 4.38479E-3 4.43037E-3 6.23884E-3 1.06239E-2 1.03839E-2 1.6762E-2 6.67699E-3 6.84701E-3 5.38678E-3 6.30199E-3 4.73682E-3 4.41243E-3 5.36074E-3 4.89326E-3 4.72548E-3 3.24989E-3 2.66266E-3 2.40792E-3 2.83435E-3 2.42723E-3 1.61052E-3 2.02088E-3 1.26099E-3 1.81138E-3 1.53211E-3 2.39329E-3 2.43986E-3 7.49801E-3 1.11783E-2 8.39763E-3 2.00021E-2
3.31372E-3 5.30876E-3 4.80033E-3 8.81211E-3 7.36356E-3 4.33099E-3 4.15007E-3 8.88841E-3 6.15214E-3 4.66615E-3 7.35648E-3 6.38665E-3 4.615E-3 6.24663E-3 1.17478E-2 1.42746E-2 1.41045E-2 2.54646E-2 7.58991E-2 5.43662E-2 1.39836E-2 5.94521E-3 6.29089E-3 1.92257E-2 5.67532E-3 1.30837E-2 1.5959E-2 1.02412E-2 9.48228E-3 5.88499E-3 5.44689E-3 7.10447E-3 1.03419E-2 1.31777E-2 2.54932E-2 1.52488E-2 5.79289E-3 5.22958E-3 4.809E-3 6.23061E-3 8.36922E-3 4.85104E-3 4.14356E-3 4.12956E-3 3.80621E-3 3.46935E-3 3.24371E-3 1.95669E-3 2.27859E-3 1.24729E-3 1.13288E-3 1.81871E-3 8.01235E-4 8.81529E-4 2.91246E-3 4.54156E-3 8.94959E-3 1.09013E-2 2.10012E-2 1.39454E-2 1.82961E-2
4.13496E-3 4.24967E-3 8.39388E-3 1.27837E-2 9.81655E-3 3.77635E-3 4.51199E-3 6.17095E-3 1.19049E-2 7.6878E-3 8.30935E-3 5.51956E-3 6.85028E-3 6.84341E-3 1.15686E-2 2.14887E-2 3.91953E-2 6.65721E-2 8.34014E-2 4.06587E-2 2.07891E-2 8.70556E-3 1.09746E-2 2.76263E-2 8.26584E-3 1.31571E-2 2.43656E-2 1.22356E-2 1.34806E-2 5.89454E-3 7.67321E-3 9.20651E-3 1.50675E-2 2.70777E-2 2.31308E-2 5.86192E-3 5.28035E-3 5.80212E-3 6.2342E-3 7.80264E-3 6.49608E-3 3.77275E-3 4.60132E-3 5.30441E-3 5.8092E-3 5.83826E-3 3.68756E-3 2.5989E-3 2.16073E-3 1.25147E-3 1.44807E-3 1.4887E-3 3.08719E-3 2.82807E-3 5.6344E-3 6.56675E-3 1.12083E-2 1.64245E-2 2.57666E-2 4.68213E-2 4.00046E-2
6.48146E-3 5.89657E-3 5.19236E-3 1.13974E-2 1.2368E-2 6.2547E-3 6.63458E-3 4.93979E-3 9.26057E-3 1.55951E-2 7.10579E-3 6.85103E-3 7.31408E-3 7.981E-3 6.72841E-3 2.15237E-2 3.49986E-2 7.82004E-2 7.46237E-2 4.57495E-2 3.83172E-2 1.92351E-2 3.77183E-2 2.89036E-2 9.76066E-3 2.67717E-2 4.70088E-2 2.72114E-2 1.3898E-2 8.0333E-3 1.46006E-2 7.20642E-3 1.40208E-2 3.60621E-2 1.3744E-2 7.15158E-3 6.14829E-3 8.16559E-3 7.83336E-3 1.13528E-2 7.52764E-3 5.55871E-3 8.04295E-3 4.34942E-3 5.18491E-3 7.41583E-3 4.44335E-3 4.30189E-3 4.69599E-3 3.14753E-3 2.69134E-3 4.13235E-3 9.55935E-3 1.19996E-2 8.55127E-3 1.08041E-2 3.10115E-2 1.85652E-2 3.27761E-2 6.10569E-2 5.87723E-2
9.80142E-3 1.32735E-2 1.48013E-2 2.28004E-2 1.34815E-2 7.21877E-3 9.81263E-3 8.36208E-3 7.97E-3 2.07613E-2 1.08137E-2 7.14558E-3 1.42555E-2 1.09401E-2 9.09356E-3 1.84591E-2 3.59102E-2 4.79762E-2 7.10537E-2 1.10668E-1 4.69151E-2 5.73014E-2 5.45042E-2 2.61394E-2 1.76835E-2 4.05135E-2 5.53475E-2 1.62696E-2 1.76342E-2 2.30989E-2 1.46885E-2 8.10992E-3 2.32529E-2 4.48132E-2 1.26472E-2 1.20647E-2 8.59434E-3 7.59461E-3 6.64319E-3 1.07692E-2 1.55823E-2 1.20505E-2 5.43249E-3 7.73746E-3 6.31824E-3 8.27751E-3 8.09229E-3 5.81382E-3 4.03119E-3 3.22852E-3 3.82902E-3 6.26053E-3 1.21969E-2 3.86576E-2 1.54436E-2 3.99736E-2 6.84238E-2 4.03064E-2 3.21578E-2 4.86035E-2 3.59588E-2
5.55956E-3 7.86504E-3 1.48265E-2 3.41578E-2 1.59053E-2 8.1419E-3 1.231E-2 1.97399E-2 1.63159E-2 2.96662E-2 1.55752E-2 1.08414E-2 1.42987E-2 2.02297E-2 1.45482E-2 1.02187E-2 2.55018E-2 4.70854E-2 7.96518E-2 9.79649E-2 1.14619E-1 1.16353E-1 9.74611E-2 4.78299E-2 2.22562E-2 4.28333E-2 7.08025E-2 3.02906E-2 5.40933E-2 3.79222E-2 1.14687E-2 1.3293E-2 3.66432E-2 5.25305E-2 2.13189E-2 1.10175E-2 8.81156E-3 8.68246E-3 9.34537E-3 1.0596E-2 2.15548E-2 9.32186E-3 9.59614E-3 1.41954E-2 1.36134E-2 1.32858E-2 7.83204E-3 5.33267E-3 5.18054E-3 4.64305E-3 6.40229E-3 1.35512E-2 1.47266E-2 2.38371E-2 4.49598E-2 7.15398E-2 1.24175E-1 1.20017E-1 6.454E-2 4.67012E-2 3.54825E-2
8.69178E-3 1.49125E-2 2.0573E-2 4.4775E-2 2.63117E-2 1.15296E-2 1.54803E-2 2.37361E-2 1.96875E-2 3.16576E-2 2.60996E-2 1.85018E-2 2.56684E-2 3.0906E-2 1.72864E-2 1.12377E-2 1.68402E-2 2.95712E-2 3.16603E-2 5.81328E-2 9.19556E-2 1.1603E-1 4.95974E-2 4.82887E-2 1.82769E-2 4.08248E-2 6.10386E-2 8.23086E-2 5.89407E-2 2.09207E-2 3.35666E-2 2.54102E-2 3.17455E-2 7.23857E-2 1.35935E-2 9.77972E-3 1.27412E-2 1.3968E-2 1.83312E-2 1.92134E-2 3.35773E-2 2.43274E-2 2.79394E-2 1.68865E-2 8.31813E-3 6.9008E-3 7.96898E-3 9.64056E-3 7.29824E-3 6.36941E-3 9.78385E-3 2.24924E-2 2.40518E-2 4.05286E-2 8.27873E-2 1.14237E-1 1.73509E-1 1.56962E-1 1.22576E-1 8.29197E-2 1.06222E-1
2.16972E-2 3.75481E-2 4.74558E-2 4.69352E-2 4.65731E-2 1.34177E-2 2.29283E-2 3.24027E-2 3.44707E-2 3.90399E-2 2.05796E-2 1.66904E-2 2.48562E-2 3.84407E-2 1.97244E-2 1.72365E-2 4.14681E-2 6.17637E-2 2.99044E-2 6.14125E-2 1.09353E-1 1.37479E-1 6.0693E-2 2.25968E-2 1.65648E-2 2.90813E-2 3.84423E-2 8.14043E-2 7.5253E-2 2.5671E-2 3.17321E-2 6.67355E-2 9.1213E-2 5.89073E-2 1.99134E-2 1.80818E-2 3.10694E-2 4.06006E-2 2.68466E-2 5.09979E-2 2.87108E-2 1.76987E-2 1.05944E-2 1.16903E-2 8.36443E-3 7.18639E-3 1.23221E-2 1.77059E-2 9.16747E-3 8.87539E-3 1.37674E-2 3.76681E-2 3.68116E-2 3.0864E-2 5.16314E-2 7.85121E-2 1.26177E-1 1.38869E-1 1.74436E-1 1.15941E-1 1.01583E-1
2.91688E-2 4.5633E-2 7.1927E-2 6.19418E-2 3.89872E-2 1.75634E-2 1.51894E-2 1.9855E-2 1.85922E-2 4.29798E-2 3.42983E-2 3.76504E-2 4.31093E-2 3.31788E-2 1.70891E-2 1.77399E-2 4.25332E-2 6.72568E-2 8.65678E-2 5.24595E-2 1.19119E-1 1.09476E-1 5.88964E-2 2.21422E-2 2.3243E-2 3.5204E-2 5.39391E-2 7.0183E-2 8.29727E-2 3.60635E-2 3.51673E-2 6.69193E-2 1.12715E-1 4.47046E-2 4.72045E-2 7.16698E-2 8.0438E-2 9.23766E-2 7.57177E-2 4.43813E-2 1.90628E-2 9.07271E-3 7.38247E-3 6.35332E-3 9.03114E-3 8.63537E-3 2.33218E-2 3.43986E-2 1.9929E-2 1.93269E-2 2.86122E-2 6.28188E-2 5.55197E-2 4.54474E-2 4.43937E-2 7.75347E-2 7.59809E-2 1.25027E-1 2.22614E-1 2.01783E-1 1.75412E-1
2.85951E-2 3.18701E-2 6.4957E-2 5.89885E-2 4.19081E-2 2.91394E-2 2.3639E-2 3.05157E-2 2.36128E-2 3.38186E-2 4.59339E-2 4.2379E-2 2.39121E-2 2.10151E-2 1.75014E-2 1.76735E-2 4.35961E-2 7.22635E-2 9.99316E-2 1.43285E-1 1.67683E-1 5.66756E-2 2.83037E-2 3.22021E-2 3.97358E-2 2.14544E-2 4.18086E-2 7.84943E-2 1.11035E-1 4.84361E-2 4.84361E-2 9.3513E-2 1.61264E-1 1.32789E-1 1.11965E-1 7.02652E-2 5.08524E-2 4.88619E-2 4.18285E-2 1.75824E-2 9.95892E-3 1.02519E-2 8.08138E-3 9.31419E-3 2.68586E-2 2.29289E-2 2.22483E-2 4.93764E-2 2.9101E-2 3.76325E-2 5.2608E-2 7.02392E-2 1.10399E-1 7.22772E-2 5.44106E-2 3.18355E-2 6.35543E-2 1.21743E-1 1.65931E-1 3.16418E-1 3.07469E-1
4.75353E-2 3.07543E-2 3.88261E-2 7.67255E-2 5.97833E-2 2.7013E-2 1.70602E-2 2.75137E-2 3.39473E-2 3.02948E-2 3.66942E-2 4.7828E-2 3.08277E-2 2.5324E-2 2.475E-2 1.58895E-2 2.66426E-2 4.96577E-2 4.67196E-2 7.53167E-2 1.77223E-1 7.14486E-2 3.5864E-2 3.68001E-2 4.61608E-2 3.40293E-2 3.0417E-2 5.74861E-2 1.06339E-1 1.28519E-1 1.79212E-1 1.57378E-1 1.19059E-1 8.61079E-2 3.10687E-2 2.39367E-2 1.53474E-2 1.52842E-2 1.96306E-2 1.45041E-2 1.19007E-2 2.37887E-2 2.40016E-2 2.55183E-2 3.85458E-2 7.52563E-2 4.14463E-2 7.78641E-2 5.00845E-2 4.73855E-2 1.04807E-1 7.0936E-2 1.57435E-1 9.90304E-2 5.10014E-2 5.60702E-2 6.08561E-2 1.01771E-1 1.94016E-1 1.94257E-1 1.21614E-1
4.01507E-2 5.50598E-2 8.54182E-2 1.12956E-1 4.14629E-2 3.05628E-2 2.39303E-2 1.64407E-2 1.38783E-2 1.66041E-2 2.97794E-2 3.58307E-2 4.79113E-2 2.86845E-2 1.46553E-2 1.80989E-2 5.76875E-2 8.01547E-2 1.25862E-1 1.58778E-1 1.68305E-1 4.90721E-2 2.808E-2 3.51668E-2 7.20327E-2 4.26092E-2 2.91345E-2 5.86661E-2 8.20851E-2 2.05921E-1 1.52696E-1 7.06063E-2 4.73201E-2 3.67254E-2 4.39558E-2 3.75872E-2 3.78614E-2 2.94555E-2 1.82065E-2 1.66499E-2 1.1256E-2 1.95507E-2 5.20498E-2 5.38536E-2 7.65054E-2 8.36979E-2 7.69596E-2 1.26241E-1 6.04203E-2 4.78064E-2 1.04466E-1 1.48357E-1 1.69312E-1 6.99711E-2 7.1864E-2 1.18507E-1 8.13901E-2 1.16578E-1 2.26934E-1 2.77329E-1 1.69851E-1
1.23317E-2 1.68939E-2 4.26664E-2 1.15939E-1 1.52177E-1 7.7766E-2 5.36025E-2 3.72583E-2 1.66896E-2 9.91647E-3 1.12811E-2 1.5471E-2 3.21711E-2 5.23094E-2 2.07811E-2 1.8138E-2 2.86914E-2 2.64866E-2 6.86183E-2 1.28171E-1 2.01738E-1 1.27666E-1 8.19918E-2 7.45567E-2 1.35599E-1 6.74115E-2 3.50742E-2 7.54904E-2 1.89574E-1 2.14432E-1 9.59937E-2 8.19442E-2 1.18803E-1 1.24674E-1 1.20909E-1 8.92649E-2 5.82963E-2 3.99508E-2 3.17621E-2 1.83629E-2 1.42952E-2 2.85728E-2 5.9694E-2 8.69321E-2 1.1984E-1 1.14816E-1 1.36947E-1 9.84961E-2 5.99369E-2 1.02911E-1 6.38317E-2 1.35322E-1 2.2787E-1 1.46452E-1 1.22042E-1 1.31118E-1 6.02241E-2 1.33375E-1 2.37101E-1 3.76814E-1 2.97186E-1
1.04793E-2 1.93666E-2 4.5215E-2 8.10476E-2 1.31772E-1 1.88687E-1 1.17822E-1 8.27203E-2 3.45457E-2 1.24888E-2 1.17742E-2 1.24311E-2 1.35636E-2 5.41452E-2 3.99517E-2 2.02095E-2 3.86259E-2 2.63689E-2 5.5099E-2 8.00411E-2 1.88589E-1 1.2978E-1 5.67734E-2 1.07179E-1 1.89546E-1 1.10955E-1 6.75869E-2 1.28435E-1 1.52613E-1 2.54061E-1 2.17744E-1 2.02148E-1 1.65924E-1 9.59854E-2 7.27781E-2 4.69717E-2 3.64679E-2 1.82281E-2 2.00413E-2 1.12709E-2 1.31242E-2 1.93136E-2 2.18176E-2 3.54296E-2 5.68559E-2 1.11672E-1 1.43282E-1 1.08089E-1 9.91215E-2 1.30674E-1 1.26605E-1 1.58462E-1 2.14747E-1 2.2549E-1 2.34514E-1 1.04888E-1 9.93583E-2 2.01459E-1 2.6822E-1 3.99303E-1 2.34635E-1
8.99109E-3 1.75593E-2 3.48063E-2 3.62219E-2 4.54062E-2 1.30939E-1 1.59335E-1 6.27788E-2 2.20303E-2 2.24646E-2 2.13925E-2 3.44512E-2 2.09775E-2 4.82741E-2 8.70254E-2 2.01458E-2 3.53097E-2 6.23429E-2 1.39809E-1 1.62126E-1 2.08772E-1 2.19555E-1 7.84317E-2 1.31434E-1 2.07365E-1 1.53504E-1 1.43124E-1 2.39835E-1 2.63223E-1 1.41575E-1 1.04946E-1 1.10843E-1 9.86195E-2 5.05042E-2 3.2277E-2 2.38525E-2 1.56718E-2 1.21816E-2 1.3451E-2 9.36308E-3 1.07865E-2 1.75962E-2 2.13818E-2 2.02732E-2 3.98349E-2 9.32504E-2 9.07755E-2 7.58675E-2 1.13401E-1 1.67538E-1 1.69401E-1 1.80652E-1 2.27296E-1 2.52475E-1 3.06688E-1 2.49443E-1 2.1348E-1 3.02627E-1 4.03802E-1 3.87216E-1 3.25858E-1
1.04722E-2 1.04397E-2 2.98441E-2 6.21131E-2 7.70374E-2 1.28546E-1 1.96891E-1 6.301E-2 3.85284E-2 7.00846E-2 5.52674E-2 4.17766E-2 3.83477E-2 4.71095E-2 1.44281E-1 5.135E-2 3.71679E-2 1.11578E-1 1.9357E-1 2.69942E-1 2.92859E-1 1.61944E-1 1.19314E-1 7.76228E-2 1.34297E-1 2.68139E-1 2.9544E-1 2.03501E-1 1.02687E-1 1.11391E-1 3.9791E-2 5.92049E-2 3.21187E-2 2.94127E-2 1.47944E-2 1.31818E-2 2.69239E-2 1.58783E-2 1.21642E-2 2.06193E-2 1.44579E-2 1.87184E-2 3.00538E-2 4.36798E-2 3.25298E-2 4.19431E-2 3.83224E-2 5.8382E-2 5.20569E-2 6.65246E-2 6.53664E-2 8.27825E-2 1.26027E-1 1.2059E-1 1.63382E-1 2.44967E-1 3.43704E-1 3.37152E-1 2.04191E-1 2.54611E-1 3.37889E-1
1.32404E-2 3.1733E-2 3.74586E-2 4.26003E-2 6.35649E-2 8.3258E-2 2.26957E-1 1.47597E-1 1.03687E-1 7.83666E-2 1.15274E-1 5.89785E-2 3.34291E-2 4.98084E-2 1.82504E-1 7.83122E-2 3.80092E-2 5.78073E-2 9.4105E-2 1.98615E-1 3.17712E-1 2.2249E-1 1.06151E-1 9.69848E-2 1.36372E-1 2.78662E-1 1.58916E-1 1.57304E-1 1.02971E-1 6.74037E-2 3.93139E-2 2.36131E-2 2.63647E-2 5.09875E-2 2.13487E-2 1.08286E-2 3.04733E-2 5.56006E-2 2.15172E-2 3.76789E-2 3.40396E-2 2.69626E-2 2.17056E-2 3.60656E-2 5.90456E-2 8.59971E-2 9.35202E-2 1.11519E-1 1.13749E-1 1.12377E-1 1.26174E-1 1.54108E-1 1.42333E-1 1.32018E-1 1.71542E-1 2.26232E-1 2.23803E-1 2.15022E-1 2.39702E-1 2.4681E-1 2.71681E-1
2.68589E-2 6.12766E-2 8.22895E-2 1.29753E-1 1.72161E-1 1.54844E-1 1.39668E-1 2.72079E-1 1.6791E-1 1.75866E-1 1.15787E-1 1.02174E-1 5.39309E-2 7.42782E-2 2.16685E-1 9.78187E-2 3.31689E-2 4.50883E-2 1.1267E-1 1.76567E-1 2.44073E-1 3.16946E-1 1.61709E-1 1.26954E-1 2.59628E-1 2.56695E-1 1.37687E-1 1.28581E-1 8.30372E-2 9.46532E-2 7.81099E-2 4.53805E-2 6.00424E-2 7.74014E-2 5.8254E-2 3.38983E-2 6.42562E-2 1.06279E-1 6.07473E-2 5.15915E-2 8.64713E-2 5.37146E-2 6.93662E-2 4.01638E-2 5.2493E-2 8.5504E-2 9.28006E-2 1.03196E-1 1.23016E-1 1.45755E-1 1.15672E-1 1.84076E-1 1.6413E-1 2.05701E-1 2.03093E-1 2.11986E-1 3.29914E-1 4.37925E-1 4.30497E-1 3.366E-1 3.66468E-1
2.93893E-2 8.15695E-2 7.89463E-2 5.40602E-2 7.39474E-2 1.35469E-1 2.25607E-1 2.4829E-1 3.50423E-1 2.65332E-1 1.28887E-1 1.61268E-1 5.03557E-2 1.04417E-1 2.39179E-1 8.86434E-2 5.49796E-2 9.66785E-2 7.30317E-2 1.19071E-1 1.85156E-1 3.07589E-1 1.76961E-1 1.32187E-1 2.73809E-1 2.06541E-1 1.88197E-1 1.95989E-1 1.72124E-1 1.05622E-1 1.17418E-1 9.28576E-2 1.10389E-1 1.11882E-1 7.51091E-2 3.9433E-2 8.50853E-2 1.60293E-1 1.1149E-1 1.36975E-1 1.02254E-1 1.26332E-1 1.48329E-1 7.95982E-2 5.99499E-2 6.46651E-2 9.26167E-2 6.09396E-2 5.77227E-2 8.24684E-2 5.06515E-2 8.39369E-2 7.52495E-2 1.85147E-1 3.58005E-1 4.3494E-1 4.05058E-1 3.6932E-1 3.74892E-1 3.26416E-1 2.8067E-1
5.76041E-2 1.18139E-1 1.36412E-1 7.48075E-2 8.3815E-2 8.03423E-2 1.39089E-1 1.50913E-1 2.17595E-1 3.0367E-1 3.04778E-1 1.49378E-1 5.19329E-2 7.80831E-2 2.39319E-1 1.19141E-1 7.00978E-2 1.30086E-1 1.64326E-1 1.1399E-1 2.13258E-1 3.03658E-1 1.81826E-1 2.61568E-1 3.95631E-1 3.37254E-1 2.86725E-1 1.63186E-1 1.65503E-1 1.62002E-1 1.96915E-1 1.55269E-1 1.10991E-1 5.95282E-2 2.9163E-2 3.53982E-2 8.00139E-2 1.15092E-1 1.93167E-1 1.15039E-1 6.6703E-2 1.43697E-1 2.26559E-1 1.39221E-1 8.56899E-2 7.68462E-2 8.96263E-2 5.78595E-2 7.29356E-2 6.89555E-2 6.35363E-2 6.33773E-2 1.61001E-1 3.22614E-1 4.59738E-1 3.40733E-1 4.05135E-1 4.52222E-1 4.12693E-1 4.44308E-1 4.17606E-1
1.61722E-1 1.63101E-1 1.54537E-1 1.05085E-1 9.8222E-2 1.22398E-1 8.08435E-2 7.44261E-2 9.59605E-2 1.85049E-1 2.72722E-1 2.34541E-1 1.25782E-1 2.15054E-1 3.05272E-1 2.48836E-1 1.0804E-1 1.24224E-1 2.07227E-1 2.53488E-1 3.22674E-1 3.12063E-1 3.88514E-1 3.03515E-1 3.23052E-1 2.0659E-1 1.57335E-1 1.63185E-1 1.13328E-1 1.96699E-1 1.04889E-1 7.66881E-2 4.70878E-2 4.46612E-2 2.96381E-2 2.8979E-2 4.87253E-2 4.90714E-2 1.37825E-1 2.47162E-1 9.51111E-2 7.70657E-2 1.50698E-1 2.38907E-1 9.94258E-2 8.38618E-2 5.82111E-2 8.89704E-2 1.76545E-1 1.74042E-1 1.44543E-1 1.86705E-1 2.60351E-1 3.81748E-1 4.50915E-1 4.41641E-1 4.06574E-1 4.11059E-1 4.07247E-1 4.03273E-1 4.38833E-1
