Artocarpus heterophyllus SDM files/Last interglacial/results (without bias file)/Arthet_5.asc
ncols         625
nrows         721
xllcorner     69.99986311115
yllcorner     5.99986151914999
cellsize      0.041666667
NODATA_value  -9999
[rows 81 to 107 of 721, columns 427 to 487 of 625]
3.28164E-4 2.81385E-4 2.53371E-4 2.55918E-4 2.24398E-4 2.56759E-4 3.16533E-4 3.71251E-4 3.26377E-4 3.02686E-4 2.65922E-4 2.54102E-4 2.42037E-4 3.00986E-4 3.01448E-4 3.40677E-4 4.33402E-4 3.717E-4 3.54336E-4 3.72036E-4 3.62762E-4 3.59856E-4 3.69267E-4 3.69309E-4 3.97425E-4 4.04122E-4 4.03972E-4 4.24802E-4 4.14251E-4 4.03996E-4 3.92941E-4 3.84001E-4 4.61943E-4 4.62421E-4 4.62398E-4 4.49578E-4 4.49203E-4 4.86659E-4 4.48049E-4 4.26246E-4 4.04611E-4 4.04803E-4 4.04996E-4 3.4478E-4 3.48538E-4 3.36656E-4 3.66989E-4 3.46499E-4 4.0155E-4 2.63516E-4 2.98101E-4 3.47142E-4 3.6159E-4 3.9111E-4 3.62624E-4 3.59786E-4 4.09804E-4 4.30523E-4 3.61885E-4 4.00232E-4 3.62502E-4
2.97094E-4 2.68471E-4 2.25671E-4 1.99979E-4 1.71992E-4 2.11097E-4 3.19852E-4 3.60837E-4 2.86928E-4 2.41927E-4 2.42449E-4 2.25178E-4 2.41351E-4 2.89825E-4 3.07892E-4 3.39101E-4 3.56205E-4 4.77808E-4 4.53004E-4 4.87707E-4 4.75709E-4 3.95465E-4 3.76678E-4 3.68071E-4 4.27581E-4 4.36869E-4 4.84312E-4 4.56882E-4 4.24436E-4 4.02983E-4 4.03455E-4 4.12129E-4 4.1956E-4 3.88251E-4 5.34336E-4 5.77508E-4 5.22953E-4 4.97828E-4 4.50002E-4 3.93488E-4 3.56645E-4 3.84558E-4 4.15083E-4 4.26081E-4 4.36622E-4 3.83989E-4 3.46947E-4 3.54807E-4 3.38611E-4 3.14356E-4 2.83543E-4 3.82095E-4 3.73944E-4 4.19085E-4 4.28528E-4 3.98741E-4 4.26314E-4 4.71806E-4 4.28005E-4 3.87584E-4 4.20079E-4
2.56328E-4 2.09629E-4 2.38605E-4 1.80882E-4 1.77281E-4 2.90428E-4 3.59986E-4 4.18406E-4 3.33043E-4 2.41366E-4 2.29992E-4 2.48565E-4 2.75039E-4 3.34905E-4 3.59823E-4 3.8646E-4 3.83014E-4 4.12117E-4 4.31986E-4 4.31833E-4 5.38164E-4 4.85869E-4 4.14628E-4 3.9468E-4 4.71055E-4 5.22208E-4 5.20487E-4 4.71529E-4 4.00873E-4 3.72472E-4 3.92029E-4 4.23174E-4 4.54894E-4 4.49978E-4 4.73493E-4 5.91345E-4 5.2092E-4 5.08395E-4 4.57189E-4 4.26577E-4 3.73647E-4 3.64212E-4 3.82112E-4 4.22721E-4 4.44074E-4 4.43901E-4 4.11423E-4 3.34357E-4 2.81739E-4 2.84874E-4 3.48873E-4 3.98417E-4 4.48858E-4 5.33261E-4 5.07145E-4 4.93849E-4 5.2061E-4 5.46131E-4 4.59289E-4 4.36338E-4 4.17136E-4
2.25691E-4 1.99473E-4 1.72184E-4 1.44198E-4 1.86178E-4 3.34983E-4 4.05806E-4 4.59805E-4 4.15034E-4 3.15338E-4 2.6666E-4 2.35717E-4 2.89252E-4 3.35038E-4 3.77869E-4 3.58659E-4 3.75491E-4 4.46114E-4 4.52999E-4 4.63437E-4 6.07845E-4 5.34853E-4 4.13382E-4 3.74805E-4 4.35391E-4 5.46235E-4 5.05027E-4 4.12728E-4 3.20878E-4 3.0558E-4 3.29679E-4 3.72275E-4 3.99768E-4 4.36473E-4 4.94937E-4 6.1816E-4 5.45979E-4 4.9324E-4 4.57731E-4 4.10743E-4 4.43933E-4 4.12242E-4 4.67827E-4 4.31261E-4 5.28017E-4 5.01701E-4 4.642E-4 4.52866E-4 4.21113E-4 3.86973E-4 3.6624E-4 4.58749E-4 6.63471E-4 7.16923E-4 7.1811E-4 6.842E-4 6.36833E-4 6.05598E-4 5.4744E-4 5.22219E-4 4.7146E-4
2.38441E-4 2.09798E-4 2.20672E-4 2.09475E-4 2.91619E-4 4.19079E-4 4.81406E-4 5.34655E-4 4.45002E-4 3.30699E-4 2.61737E-4 2.36199E-4 2.67879E-4 3.10692E-4 3.1002E-4 3.33169E-4 3.8544E-4 4.55831E-4 4.62899E-4 4.61567E-4 4.96205E-4 6.33874E-4 5.72587E-4 5.26867E-4 5.59033E-4 5.69933E-4 5.42541E-4 4.66983E-4 4.12809E-4 3.83821E-4 3.80252E-4 4.40339E-4 4.61745E-4 5.08423E-4 5.17967E-4 6.63425E-4 5.70788E-4 4.6589E-4 4.55992E-4 4.51825E-4 5.00778E-4 4.19743E-4 5.00278E-4 4.53151E-4 5.12504E-4 5.52416E-4 4.85064E-4 4.3844E-4 4.25124E-4 4.69443E-4 5.62674E-4 7.71249E-4 7.9262E-4 7.7361E-4 7.55239E-4 7.18726E-4 6.68897E-4 6.22034E-4 6.07785E-4 5.36698E-4 4.99523E-4
2.39501E-4 2.64275E-4 2.7764E-4 2.97877E-4 4.08078E-4 4.91413E-4 5.86151E-4 5.74851E-4 4.26442E-4 2.67431E-4 2.4098E-4 2.97874E-4 2.89857E-4 2.60095E-4 2.80329E-4 3.09325E-4 3.57549E-4 3.71387E-4 4.28458E-4 4.60259E-4 5.32362E-4 5.45274E-4 5.31396E-4 6.79862E-4 6.49111E-4 5.99023E-4 5.43486E-4 5.17227E-4 4.45294E-4 4.68542E-4 4.881E-4 5.37185E-4 5.77088E-4 6.0527E-4 5.75902E-4 6.96096E-4 5.53866E-4 5.13554E-4 6.15283E-4 6.28441E-4 5.4086E-4 5.07802E-4 5.62823E-4 4.94242E-4 5.4911E-4 5.63099E-4 5.62836E-4 5.58617E-4 6.07044E-4 6.36853E-4 6.32812E-4 6.16174E-4 6.16065E-4 6.01224E-4 7.53739E-4 6.84786E-4 5.58787E-4 5.32318E-4 5.3364E-4 4.57382E-4 3.93284E-4
2.51881E-4 3.06129E-4 3.89803E-4 4.26799E-4 5.1948E-4 5.87373E-4 6.15744E-4 5.58383E-4 3.24431E-4 2.74584E-4 3.19677E-4 3.04392E-4 2.61328E-4 2.47049E-4 3.0141E-4 3.32371E-4 3.65932E-4 3.47053E-4 4.00943E-4 5.11279E-4 5.57924E-4 5.7135E-4 7.49719E-4 7.13379E-4 6.31054E-4 5.27588E-4 4.77748E-4 4.90835E-4 3.82279E-4 3.6462E-4 3.98969E-4 5.09348E-4 6.05966E-4 6.06153E-4 5.29338E-4 5.07315E-4 5.36939E-4 5.65063E-4 5.78342E-4 6.57519E-4 6.90338E-4 6.72286E-4 6.69225E-4 5.75358E-4 5.45464E-4 5.59615E-4 5.73224E-4 5.8776E-4 5.88442E-4 6.36876E-4 5.84631E-4 5.70017E-4 6.16617E-4 5.57222E-4 5.65535E-4 4.36301E-4 4.86068E-4 4.99425E-4 4.74885E-4 4.74722E-4 4.4092E-4
3.46027E-4 3.89494E-4 4.96356E-4 5.32498E-4 6.02149E-4 6.1621E-4 5.86376E-4 4.67477E-4 2.79683E-4 3.26915E-4 3.35012E-4 2.80909E-4 3.03289E-4 3.27068E-4 3.07662E-4 3.22707E-4 3.8299E-4 3.71946E-4 4.19959E-4 5.22684E-4 5.9861E-4 5.98268E-4 5.83629E-4 6.4351E-4 4.79366E-4 4.3611E-4 4.32425E-4 4.53678E-4 4.20958E-4 4.31339E-4 4.52789E-4 5.65415E-4 6.04605E-4 5.75709E-4 4.82922E-4 4.81823E-4 5.2705E-4 7.25033E-4 7.05846E-4 7.41592E-4 7.35601E-4 7.44265E-4 5.71461E-4 5.86331E-4 6.01833E-4 6.16878E-4 6.33313E-4 6.28929E-4 6.18534E-4 5.58193E-4 4.91055E-4 5.28347E-4 5.85929E-4 5.75866E-4 5.18026E-4 4.99501E-4 6.23401E-4 6.08391E-4 6.25259E-4 5.94758E-4 6.13204E-4
2.83322E-4 4.50155E-4 5.59684E-4 6.04919E-4 6.15836E-4 5.30217E-4 4.69592E-4 3.39957E-4 3.16541E-4 3.68486E-4 2.93858E-4 3.02047E-4 3.16978E-4 3.41231E-4 3.67716E-4 3.84857E-4 4.57519E-4 4.08787E-4 4.85449E-4 5.75554E-4 6.48893E-4 6.27662E-4 5.88033E-4 5.40449E-4 4.34933E-4 5.30927E-4 4.87695E-4 5.36702E-4 5.09596E-4 5.78808E-4 5.20479E-4 5.58312E-4 5.05377E-4 4.56092E-4 4.57068E-4 5.16177E-4 5.38329E-4 7.82183E-4 8.21547E-4 8.20702E-4 7.42732E-4 6.15341E-4 6.28203E-4 6.45185E-4 6.64555E-4 6.49962E-4 6.68385E-4 6.84454E-4 6.68666E-4 5.86983E-4 5.12717E-4 4.96377E-4 5.36932E-4 5.26844E-4 4.96492E-4 5.39046E-4 5.53286E-4 6.90074E-4 6.9286E-4 5.64891E-4 5.35309E-4
2.80758E-4 4.62425E-4 6.56723E-4 6.36012E-4 5.1768E-4 3.84969E-4 3.33107E-4 3.99176E-4 3.48589E-4 4.26937E-4 4.13535E-4 3.23483E-4 3.93723E-4 4.13897E-4 3.7387E-4 4.33732E-4 3.98663E-4 4.51067E-4 5.08747E-4 6.04259E-4 6.33986E-4 6.63985E-4 5.856E-4 5.37792E-4 4.77235E-4 5.43908E-4 6.45008E-4 6.69818E-4 6.34696E-4 6.85606E-4 6.36807E-4 5.42507E-4 4.66194E-4 4.43464E-4 4.77795E-4 5.39595E-4 5.95958E-4 7.58279E-4 7.00014E-4 7.18041E-4 6.82149E-4 6.79665E-4 7.5568E-4 7.52105E-4 7.16153E-4 5.85382E-4 5.2838E-4 5.86061E-4 6.32776E-4 6.66187E-4 6.1095E-4 5.79503E-4 6.1334E-4 5.96524E-4 5.63464E-4 5.7958E-4 7.63236E-4 7.45672E-4 6.89437E-4 5.85652E-4 6.70714E-4
5.5871E-4 5.88884E-4 5.48229E-4 4.72129E-4 3.52018E-4 3.27913E-4 3.70739E-4 4.62701E-4 4.70645E-4 4.57823E-4 5.16338E-4 3.90743E-4 4.42202E-4 4.76493E-4 4.20153E-4 4.65174E-4 4.77084E-4 5.54947E-4 5.26804E-4 5.07936E-4 6.319E-4 6.63875E-4 5.66687E-4 4.41113E-4 4.64665E-4 5.68905E-4 7.10984E-4 7.56844E-4 7.38625E-4 6.67641E-4 6.01317E-4 6.31844E-4 5.65732E-4 5.65049E-4 5.78926E-4 6.08484E-4 6.06583E-4 6.40458E-4 7.88829E-4 7.90982E-4 8.75067E-4 7.49096E-4 6.96617E-4 7.70911E-4 6.96535E-4 5.1419E-4 5.13619E-4 5.26101E-4 6.1324E-4 6.64654E-4 6.97853E-4 6.79686E-4 6.2455E-4 6.25455E-4 6.25423E-4 6.2574E-4 5.96821E-4 5.96886E-4 7.85753E-4 7.66874E-4 8.13128E-4
7.02246E-4 4.9166E-4 3.67562E-4 3.25971E-4 2.95412E-4 2.74614E-4 3.60576E-4 5.33472E-4 5.84571E-4 5.67098E-4 6.2584E-4 5.79465E-4 5.9724E-4 5.37468E-4 4.51102E-4 4.53541E-4 4.9027E-4 4.54794E-4 4.0126E-4 5.76674E-4 6.77843E-4 6.94735E-4 6.13612E-4 5.1482E-4 5.49259E-4 5.53084E-4 6.61218E-4 6.92149E-4 6.80409E-4 6.45195E-4 6.42895E-4 6.60858E-4 6.94244E-4 6.71299E-4 6.53555E-4 6.8888E-4 6.88357E-4 6.84068E-4 8.76551E-4 8.97814E-4 9.2274E-4 6.50875E-4 5.74213E-4 7.14524E-4 6.60783E-4 6.10158E-4 6.08948E-4 6.42484E-4 6.26225E-4 5.95312E-4 6.77164E-4 7.15643E-4 6.98051E-4 6.80451E-4 6.64892E-4 6.27256E-4 6.50139E-4 5.88081E-4 5.40699E-4 6.91716E-4 6.9069E-4
6.61704E-4 4.77686E-4 3.93723E-4 3.32972E-4 4.26478E-4 4.14528E-4 4.67806E-4 6.2758E-4 7.14014E-4 7.44086E-4 7.04584E-4 7.05411E-4 6.56221E-4 5.00411E-4 3.99152E-4 3.9056E-4 3.91008E-4 3.99723E-4 4.97085E-4 7.00044E-4 7.44706E-4 7.26919E-4 6.26479E-4 5.25094E-4 5.60325E-4 4.97748E-4 4.99559E-4 6.55148E-4 7.52827E-4 8.13473E-4 7.27898E-4 7.46498E-4 7.28583E-4 6.87803E-4 7.21929E-4 7.05101E-4 7.05584E-4 6.17418E-4 7.88425E-4 7.69384E-4 6.64168E-4 5.58039E-4 7.34454E-4 7.54577E-4 5.91837E-4 6.92687E-4 7.47394E-4 7.31896E-4 6.9588E-4 6.57811E-4 7.31687E-4 6.97202E-4 5.78491E-4 5.65135E-4 5.80239E-4 7.44405E-4 4.86916E-4 4.89004E-4 5.77521E-4 6.23678E-4 6.90789E-4
6.7627E-4 5.81183E-4 4.87505E-4 4.65473E-4 5.41418E-4 5.70663E-4 6.40968E-4 7.29046E-4 7.85089E-4 7.98217E-4 7.74408E-4 7.36012E-4 7.01295E-4 5.85876E-4 5.19002E-4 5.07077E-4 5.32723E-4 5.89799E-4 6.34809E-4 7.17513E-4 8.07932E-4 7.43987E-4 6.72968E-4 5.78145E-4 5.3604E-4 6.32147E-4 6.32147E-4 6.64683E-4 8.31316E-4 8.44997E-4 8.45091E-4 8.04742E-4 7.65038E-4 7.47272E-4 7.05682E-4 6.20292E-4 6.51982E-4 6.63706E-4 8.7195E-4 7.88358E-4 6.25083E-4 6.74864E-4 8.31186E-4 7.47521E-4 6.35918E-4 7.27895E-4 7.10768E-4 6.60445E-4 6.78702E-4 7.14257E-4 7.14114E-4 6.40392E-4 5.82243E-4 5.36205E-4 5.27476E-4 5.15167E-4 4.06692E-4 4.00135E-4 5.08218E-4 6.06145E-4 6.51563E-4
7.27425E-4 6.77454E-4 5.67009E-4 5.49826E-4 6.75993E-4 7.26562E-4 7.89617E-4 8.0017E-4 8.41915E-4 8.55707E-4 8.3303E-4 8.32947E-4 7.73634E-4 7.00917E-4 6.20931E-4 6.33646E-4 5.58122E-4 5.30572E-4 5.29623E-4 6.60961E-4 8.25611E-4 7.2355E-4 6.20334E-4 6.21154E-4 6.2179E-4 6.92751E-4 7.4829E-4 8.94002E-4 8.95186E-4 9.15837E-4 8.23055E-4 8.2287E-4 8.023E-4 7.4269E-4 6.31749E-4 6.49163E-4 7.00981E-4 7.39911E-4 8.9187E-4 8.48521E-4 8.03612E-4 8.03033E-4 8.4877E-4 8.30336E-4 7.25149E-4 7.07677E-4 6.03611E-4 5.61328E-4 5.48534E-4 5.64278E-4 5.9357E-4 5.80775E-4 5.37055E-4 4.85686E-4 4.97684E-4 4.46089E-4 4.56395E-4 4.5611E-4 4.33649E-4 6.13259E-4 6.1127E-4
7.6756E-4 7.60568E-4 7.05156E-4 7.65563E-4 8.03997E-4 8.20945E-4 8.69553E-4 9.12201E-4 8.81452E-4 9.03121E-4 8.97465E-4 8.973E-4 8.5319E-4 7.5387E-4 6.97614E-4 6.65161E-4 6.11207E-4 6.42894E-4 7.1014E-4 7.84709E-4 8.45578E-4 7.39737E-4 7.57262E-4 7.20518E-4 6.68394E-4 7.04169E-4 9.39015E-4 9.38597E-4 9.14421E-4 8.41552E-4 8.91747E-4 8.00681E-4 8.01039E-4 7.62287E-4 7.57468E-4 7.58147E-4 7.57088E-4 7.56582E-4 9.68252E-4 8.69085E-4 8.69384E-4 8.68823E-4 8.4883E-4 8.47422E-4 7.17439E-4 6.8455E-4 7.22882E-4 6.50774E-4 6.50398E-4 6.34413E-4 6.36416E-4 6.03856E-4 5.88487E-4 5.40992E-4 5.90313E-4 5.89261E-4 5.75346E-4 5.15016E-4 5.01473E-4 7.48837E-4 7.6822E-4
7.79288E-4 7.59323E-4 7.60907E-4 7.35803E-4 8.22273E-4 8.71311E-4 8.93878E-4 8.8502E-4 9.11893E-4 9.346E-4 9.5677E-4 8.98468E-4 8.55317E-4 7.94018E-4 7.75939E-4 7.37555E-4 7.32115E-4 7.66424E-4 7.85323E-4 8.24557E-4 8.45431E-4 7.9681E-4 7.75844E-4 7.58486E-4 6.85534E-4 6.80975E-4 9.40681E-4 9.15621E-4 9.14806E-4 9.12891E-4 9.12587E-4 8.19345E-4 8.17887E-4 7.2062E-4 6.66328E-4 7.38263E-4 7.57722E-4 7.56919E-4 9.93294E-4 9.13369E-4 8.70828E-4 8.70707E-4 8.45209E-4 8.68913E-4 8.2224E-4 7.60805E-4 7.40373E-4 7.60452E-4 7.4106E-4 7.41001E-4 7.23777E-4 7.23506E-4 7.05123E-4 6.86273E-4 6.88911E-4 6.87803E-4 6.50465E-4 5.84519E-4 6.02236E-4 6.72953E-4 8.56049E-4
9.03596E-4 9.34149E-4 9.34486E-4 9.0507E-4 7.78001E-4 7.2262E-4 8.0345E-4 7.25355E-4 8.03419E-4 7.96295E-4 8.90699E-4 9.06095E-4 7.74417E-4 7.5755E-4 6.49955E-4 7.35953E-4 7.16937E-4 8.12305E-4 8.05778E-4 8.04516E-4 8.22091E-4 8.21956E-4 8.02392E-4 7.57247E-4 7.19813E-4 6.46922E-4 9.41516E-4 9.14171E-4 9.34366E-4 9.11662E-4 8.60036E-4 8.60626E-4 8.39361E-4 7.01816E-4 5.69392E-4 5.8759E-4 6.63716E-4 7.3633E-4 9.12466E-4 9.67425E-4 8.24024E-4 8.92462E-4 9.12199E-4 8.69212E-4 8.27522E-4 8.28825E-4 8.70321E-4 7.78757E-4 6.98506E-4 6.99467E-4 7.79171E-4 7.61052E-4 7.43371E-4 7.62488E-4 7.4322E-4 7.25235E-4 7.08181E-4 6.72855E-4 6.35052E-4 8.35129E-4 6.92031E-4
9.14375E-4 9.14805E-4 9.24865E-4 9.34504E-4 8.21865E-4 7.08052E-4 6.42297E-4 5.95104E-4 6.56418E-4 6.88018E-4 7.40516E-4 7.00158E-4 6.9567E-4 6.79022E-4 6.64683E-4 6.65888E-4 7.7223E-4 8.08452E-4 8.244E-4 8.21221E-4 8.20546E-4 8.0121E-4 8.20343E-4 7.37282E-4 7.36021E-4 7.33835E-4 9.33266E-4 9.35228E-4 9.11677E-4 9.10569E-4 8.59903E-4 8.38915E-4 8.39361E-4 8.38128E-4 7.54172E-4 6.27035E-4 7.29865E-4 7.13923E-4 6.61338E-4 7.8075E-4 7.78424E-4 7.99072E-4 9.13245E-4 8.44272E-4 6.86037E-4 7.23156E-4 8.90702E-4 8.60533E-4 8.16626E-4 7.7376E-4 7.77105E-4 6.81451E-4 6.47913E-4 7.60883E-4 7.4486E-4 7.09799E-4 7.09975E-4 6.53171E-4 6.92499E-4 8.16383E-4 8.1518E-4
8.72947E-4 8.72912E-4 8.42917E-4 8.72177E-4 6.8694E-4 5.92135E-4 6.22624E-4 7.05418E-4 7.06999E-4 8.64207E-4 9.0786E-4 8.56235E-4 8.95999E-4 6.95522E-4 6.30866E-4 6.63454E-4 7.32997E-4 8.50962E-4 8.44875E-4 8.43041E-4 8.4134E-4 8.2078E-4 7.75325E-4 7.16549E-4 7.75504E-4 7.75359E-4 9.35549E-4 9.34005E-4 9.55405E-4 9.3178E-4 9.31185E-4 8.79096E-4 8.79192E-4 8.57955E-4 8.57325E-4 8.09178E-4 7.91322E-4 7.51255E-4 9.61261E-4 9.09964E-4 7.72151E-4 8.59793E-4 8.85018E-4 8.15916E-4 7.37462E-4 7.19121E-4 7.16901E-4 8.39158E-4 8.60143E-4 8.58472E-4 8.17779E-4 7.78305E-4 7.41798E-4 6.89924E-4 6.40756E-4 5.94185E-4 6.36909E-4 6.43239E-4 6.2414E-4 7.37691E-4 7.15508E-4
7.49415E-4 7.85178E-4 7.05746E-4 7.79187E-4 7.96928E-4 6.84535E-4 7.01859E-4 7.3795E-4 8.56229E-4 9.31856E-4 9.50361E-4 9.03839E-4 8.98061E-4 8.34068E-4 7.17342E-4 7.72561E-4 7.89172E-4 8.07194E-4 8.41705E-4 8.41575E-4 8.41932E-4 8.20452E-4 8.20533E-4 7.34009E-4 7.73008E-4 7.93388E-4 9.56829E-4 9.5668E-4 9.3272E-4 9.32574E-4 9.3051E-4 8.78363E-4 8.78555E-4 8.56972E-4 8.57065E-4 8.08378E-4 8.09142E-4 7.702E-4 7.32144E-4 1.01196E-3 8.79284E-4 9.28872E-4 9.77789E-4 8.80332E-4 8.61296E-4 8.17241E-4 7.57151E-4 7.57529E-4 8.60336E-4 8.60208E-4 8.19259E-4 7.39756E-4 6.88862E-4 5.93228E-4 5.35696E-4 5.1155E-4 5.62955E-4 5.74672E-4 5.43532E-4 5.55854E-4 5.56696E-4
6.31519E-4 7.78947E-4 8.35069E-4 8.97697E-4 9.07699E-4 8.9999E-4 9.31948E-4 9.25986E-4 8.78126E-4 8.55537E-4 8.58339E-4 6.69322E-4 5.95854E-4 6.60346E-4 7.76934E-4 8.14506E-4 6.83758E-4 8.31667E-4 9.38856E-4 8.63967E-4 8.42124E-4 8.403E-4 8.39682E-4 7.93087E-4 7.93584E-4 7.74409E-4 1.01466E-3 9.57731E-4 9.56931E-4 9.56085E-4 9.32137E-4 8.78607E-4 8.78838E-4 8.56574E-4 8.56442E-4 8.56402E-4 8.0797E-4 7.70165E-4 7.47657E-4 1.06164E-3 1.03482E-3 9.74303E-4 9.77659E-4 9.53285E-4 9.53574E-4 8.40715E-4 7.17986E-4 7.59724E-4 7.4144E-4 7.81571E-4 8.21343E-4 7.42268E-4 6.36305E-4 5.32643E-4 4.94481E-4 4.94792E-4 6.71677E-4 6.7359E-4 6.74318E-4 7.68333E-4 6.21144E-4
6.63779E-4 8.35566E-4 9.22249E-4 9.21594E-4 9.54183E-4 9.53526E-4 9.54001E-4 9.48201E-4 9.5053E-4 9.04098E-4 7.05725E-4 5.82875E-4 5.25014E-4 4.85516E-4 5.22749E-4 6.33085E-4 6.16088E-4 8.93616E-4 9.15312E-4 8.43051E-4 8.44097E-4 8.63784E-4 8.43085E-4 8.14157E-4 7.93872E-4 7.01796E-4 7.68229E-4 9.09738E-4 9.81357E-4 9.55787E-4 9.31554E-4 8.7898E-4 8.78062E-4 8.7866E-4 8.57379E-4 8.35298E-4 8.35036E-4 7.6859E-4 9.55161E-4 1.08901E-3 1.08897E-3 9.77529E-4 9.769E-4 9.52498E-4 9.06118E-4 8.15374E-4 7.01478E-4 6.16023E-4 6.01644E-4 5.90082E-4 6.2457E-4 6.92426E-4 7.2864E-4 6.2355E-4 6.23645E-4 6.10747E-4 6.42917E-4 6.92112E-4 6.74904E-4 8.82288E-4 8.54554E-4
7.7885E-4 9.01299E-4 9.21725E-4 9.55493E-4 9.55936E-4 9.49418E-4 9.55323E-4 9.27322E-4 7.99856E-4 6.89115E-4 5.40026E-4 5.02726E-4 4.91654E-4 6.10429E-4 7.2253E-4 7.37617E-4 8.73265E-4 8.94834E-4 8.0845E-4 7.4327E-4 8.2332E-4 8.22647E-4 7.59824E-4 7.77339E-4 7.17467E-4 7.29098E-4 6.96442E-4 9.62787E-4 9.80645E-4 9.77671E-4 9.52787E-4 9.52889E-4 8.99348E-4 8.98548E-4 8.77052E-4 7.88177E-4 7.70105E-4 9.601E-4 9.09607E-4 1.01098E-3 1.02867E-3 9.79228E-4 9.77857E-4 9.77597E-4 9.30889E-4 8.82242E-4 7.56807E-4 7.03631E-4 6.15041E-4 5.57882E-4 4.82383E-4 4.74842E-4 5.25718E-4 6.60384E-4 5.63339E-4 4.85815E-4 5.24312E-4 6.10824E-4 6.42588E-4 8.65291E-4 8.86491E-4
8.67787E-4 9.77457E-4 9.35665E-4 9.56446E-4 9.27026E-4 9.832E-4 9.13555E-4 7.42807E-4 7.06741E-4 6.57732E-4 5.66925E-4 5.52176E-4 5.38619E-4 5.37757E-4 5.61907E-4 7.36114E-4 8.75787E-4 8.52344E-4 7.61768E-4 6.53958E-4 6.71888E-4 8.20185E-4 8.21196E-4 8.20529E-4 7.75995E-4 8.9173E-4 9.40045E-4 9.84627E-4 1.00605E-3 9.78227E-4 9.77775E-4 9.52741E-4 8.99444E-4 8.7755E-4 8.76511E-4 8.34644E-4 7.70066E-4 7.31918E-4 8.8896E-4 8.67591E-4 9.39989E-4 9.55742E-4 9.33663E-4 9.54301E-4 9.55897E-4 8.84282E-4 8.18432E-4 7.59514E-4 6.45692E-4 5.68724E-4 5.29091E-4 4.68407E-4 4.8111E-4 5.62897E-4 5.07251E-4 4.72446E-4 4.65557E-4 5.00404E-4 5.67073E-4 6.73284E-4 5.53708E-4
9.03234E-4 9.24921E-4 9.36838E-4 9.82328E-4 8.68335E-4 7.90439E-4 6.31385E-4 6.81306E-4 6.63116E-4 6.01586E-4 6.17527E-4 6.80455E-4 7.14663E-4 7.10899E-4 7.25615E-4 8.15493E-4 7.95392E-4 7.532E-4 8.32945E-4 8.44949E-4 8.22021E-4 8.01756E-4 8.42944E-4 8.42926E-4 7.00521E-4 8.2642E-4 8.26377E-4 7.49241E-4 9.80822E-4 8.79314E-4 9.5371E-4 9.54088E-4 8.99914E-4 8.77507E-4 8.57145E-4 7.69412E-4 7.50414E-4 7.14179E-4 8.8972E-4 8.45988E-4 8.28712E-4 8.92952E-4 9.42934E-4 8.88404E-4 9.34782E-4 9.56793E-4 8.63295E-4 7.78616E-4 7.59736E-4 7.04601E-4 6.53112E-4 5.69414E-4 5.28162E-4 5.41839E-4 5.42449E-4 4.55618E-4 4.04077E-4 4.45253E-4 5.71621E-4 5.0368E-4 5.44089E-4
8.50888E-4 8.98163E-4 9.02503E-4 7.39112E-4 5.39103E-4 4.92868E-4 5.90603E-4 4.81436E-4 5.35048E-4 4.71378E-4 4.49904E-4 5.48025E-4 5.47542E-4 6.17318E-4 7.25151E-4 7.7834E-4 6.18476E-4 6.16118E-4 8.09195E-4 7.25491E-4 8.10582E-4 6.71966E-4 8.01545E-4 8.43022E-4 7.35532E-4 9.14149E-4 1.0136E-3 9.8471E-4 1.00511E-3 9.80624E-4 9.56285E-4 9.54836E-4 9.02218E-4 8.59382E-4 8.58839E-4 7.97248E-4 7.77808E-4 7.78814E-4 8.6801E-4 7.30762E-4 8.12071E-4 8.99108E-4 8.26451E-4 7.82727E-4 8.45814E-4 9.11649E-4 9.33932E-4 8.63467E-4 8.20233E-4 7.64075E-4 7.46786E-4 6.84263E-4 6.34399E-4 6.01849E-4 6.33522E-4 5.69347E-4 5.57359E-4 5.18419E-4 4.68925E-4 4.93274E-4 4.93687E-4
