Artocarpus heterophyllus SDM files/Last interglacial/results (without bias file)/Arthet_5.asc
ncols         625
nrows         721
xllcorner     69.99986311115
yllcorner     5.99986151914999
cellsize      0.041666667
NODATA_value  -9999
[rows 108 to 134 of 721, columns 0 to 60 of 625]
3.3048E-2 4.86259E-2 4.61085E-2 3.98328E-2 4.07109E-2 4.30897E-2 4.04599E-2 3.86739E-2 2.59897E-2 2.57019E-2 2.56123E-2 2.54028E-2 2.53118E-2 2.56475E-2 2.55119E-2 2.50575E-2 3.32369E-2 2.54221E-2 3.25493E-2 3.33476E-2 3.37813E-2 3.25865E-2 3.28872E-2 3.28348E-2 3.20656E-2 3.15923E-2 3.04324E-2 3.04364E-2 3.08639E-2 2.99476E-2 2.9604E-2 2.96089E-2 2.84033E-2 2.80515E-2 2.77564E-2 3.61509E-2 3.3953E-2 3.46841E-2 3.55234E-2 3.60932E-2 3.61923E-2 3.6589E-2 3.70918E-2 3.73805E-2 3.8067E-2 3.91226E-2 3.90033E-2 3.9859E-2 4.03028E-2 4.0975E-2 3.85447E-2 4.01641E-2 4.04714E-2 4.0667E-2 4.06734E-2 4.07847E-2 3.87506E-2 4.09276E-2 4.09276E-2 3.8849E-2 3.87159E-2
3.66538E-2 5.1077E-2 4.61136E-2 4.32981E-2 4.16765E-2 3.9862E-2 3.79286E-2 3.79818E-2 2.65334E-2 2.60072E-2 2.58814E-2 2.55781E-2 2.53163E-2 2.5297E-2 2.56727E-2 2.48611E-2 3.2909E-2 3.2024E-2 3.24703E-2 3.33502E-2 3.31767E-2 3.24424E-2 3.2697E-2 3.20445E-2 3.12889E-2 3.10366E-2 3.04364E-2 3.06355E-2 3.04606E-2 2.93667E-2 2.9284E-2 2.83694E-2 2.80559E-2 3.68729E-2 3.64658E-2 3.58635E-2 3.42255E-2 3.42738E-2 3.52517E-2 3.55459E-2 3.61152E-2 3.62144E-2 3.71761E-2 3.73864E-2 3.81594E-2 3.88597E-2 3.88597E-2 3.91739E-2 4.02843E-2 4.09504E-2 3.81589E-2 4.0297E-2 3.85065E-2 3.85125E-2 3.86182E-2 3.88626E-2 3.87209E-2 3.8827E-2 3.86394E-2 3.88006E-2 3.85938E-2
3.5074E-2 4.78304E-2 4.72255E-2 4.32939E-2 3.69975E-2 3.97123E-2 4.08882E-2 3.7378E-2 2.71491E-2 2.62682E-2 2.5744E-2 2.55871E-2 2.46516E-2 2.52973E-2 2.44875E-2 3.16425E-2 3.23651E-2 3.20587E-2 3.23645E-2 3.25445E-2 3.20324E-2 3.21827E-2 3.22985E-2 3.11275E-2 3.08672E-2 3.03146E-2 3.00481E-2 2.93871E-2 2.8798E-2 2.9141E-2 2.90176E-2 2.81777E-2 3.6534E-2 3.64201E-2 3.62625E-2 3.56637E-2 3.42869E-2 3.45543E-2 3.52517E-2 3.55459E-2 3.58287E-2 3.65109E-2 3.72782E-2 3.77846E-2 3.83795E-2 3.88597E-2 3.90842E-2 3.9388E-2 4.01492E-2 3.87422E-2 3.99298E-2 3.77729E-2 3.81317E-2 3.81438E-2 3.84638E-2 3.89602E-2 3.88541E-2 3.8893E-2 3.91788E-2 3.90651E-2 3.90889E-2
2.00514E-2 3.67424E-2 4.91966E-2 4.35996E-2 4.21273E-2 4.05364E-2 4.0125E-2 3.59954E-2 3.70429E-2 3.32855E-2 2.5077E-2 2.57979E-2 2.47108E-2 2.54232E-2 2.41135E-2 2.39461E-2 3.18643E-2 3.27092E-2 3.19946E-2 3.21465E-2 3.17553E-2 3.1689E-2 3.15699E-2 3.10605E-2 3.09912E-2 2.98467E-2 2.95722E-2 2.88889E-2 2.86763E-2 2.84848E-2 2.85838E-2 3.64701E-2 3.63759E-2 3.61745E-2 3.45625E-2 3.41414E-2 3.41898E-2 3.48427E-2 3.51391E-2 3.38303E-2 3.59926E-2 3.64754E-2 3.73582E-2 3.58539E-2 3.62166E-2 3.88008E-2 3.67463E-2 3.73488E-2 3.78408E-2 3.86501E-2 3.74076E-2 3.79852E-2 3.79852E-2 3.80958E-2 3.84092E-2 3.8551E-2 3.84638E-2 3.91802E-2 3.94748E-2 5.13388E-2 5.13461E-2
1.93409E-2 3.15852E-2 5.24394E-2 4.52387E-2 4.1694E-2 3.74338E-2 4.15786E-2 3.7536E-2 3.6559E-2 3.47188E-2 3.46499E-2 2.61468E-2 2.57675E-2 2.45283E-2 2.43119E-2 3.09923E-2 3.18254E-2 3.12559E-2 3.16274E-2 3.1829E-2 3.09763E-2 3.13387E-2 3.05165E-2 3.08316E-2 3.06362E-2 2.9881E-2 2.88625E-2 2.8781E-2 2.8442E-2 2.8444E-2 3.59777E-2 3.59798E-2 3.58233E-2 3.57552E-2 3.36609E-2 3.3659E-2 3.44698E-2 3.48015E-2 3.53907E-2 3.57842E-2 3.43632E-2 3.49964E-2 3.54666E-2 3.55643E-2 3.65139E-2 3.70164E-2 3.72084E-2 3.76171E-2 3.82338E-2 3.88423E-2 3.75727E-2 3.7715E-2 3.7715E-2 3.81296E-2 3.81296E-2 3.87252E-2 3.84092E-2 3.90211E-2 3.93954E-2 3.91746E-2 5.13388E-2
1.72083E-2 3.0974E-2 5.22918E-2 4.63052E-2 4.30816E-2 4.06615E-2 4.43592E-2 4.0366E-2 3.68052E-2 2.78043E-2 2.68952E-2 2.66233E-2 2.52363E-2 2.51237E-2 2.42617E-2 3.12098E-2 3.14308E-2 3.08469E-2 3.12897E-2 3.06593E-2 3.07288E-2 3.09114E-2 3.08338E-2 3.09779E-2 2.92927E-2 2.91855E-2 2.93042E-2 2.8463E-2 2.81278E-2 2.71027E-2 2.70639E-2 3.54932E-2 3.57363E-2 3.3593E-2 3.34067E-2 3.35381E-2 3.39713E-2 3.4237E-2 3.48054E-2 3.3562E-2 3.45959E-2 3.47757E-2 3.51382E-2 3.5524E-2 3.62784E-2 3.66771E-2 3.66771E-2 3.73872E-2 3.86135E-2 3.85023E-2 3.81919E-2 3.80839E-2 3.82909E-2 3.84027E-2 3.8443E-2 3.81296E-2 3.85316E-2 3.87378E-2 5.07885E-2 5.06741E-2 5.1283E-2
2.10283E-2 3.05806E-2 5.30543E-2 4.80097E-2 4.41534E-2 4.14106E-2 4.15126E-2 4.26725E-2 3.86367E-2 3.70437E-2 2.68344E-2 2.61484E-2 3.38811E-2 3.20926E-2 3.15591E-2 3.14651E-2 3.1036E-2 3.05757E-2 3.06763E-2 3.04679E-2 3.02572E-2 2.96998E-2 2.99584E-2 2.9248E-2 2.88181E-2 2.89337E-2 2.81997E-2 2.83E-2 3.55279E-2 2.72481E-2 3.54932E-2 3.52964E-2 3.34684E-2 3.35519E-2 3.34067E-2 3.38833E-2 3.41656E-2 3.44273E-2 3.29589E-2 3.38368E-2 3.39357E-2 3.43973E-2 3.50811E-2 3.57342E-2 3.65764E-2 3.67722E-2 3.70803E-2 3.76432E-2 3.8575E-2 3.81618E-2 3.79583E-2 3.77531E-2 3.80631E-2 3.82671E-2 3.85241E-2 5.06624E-2 5.10755E-2 5.12057E-2 4.83682E-2 5.07885E-2 4.79806E-2
2.54207E-2 3.47382E-2 5.2896E-2 4.75046E-2 4.31552E-2 3.91297E-2 4.0568E-2 4.00425E-2 3.74865E-2 3.68648E-2 3.50959E-2 3.37659E-2 3.31205E-2 3.24892E-2 3.2114E-2 3.09434E-2 3.08633E-2 3.03345E-2 2.93011E-2 3.01069E-2 3.00775E-2 2.91977E-2 2.99327E-2 2.85425E-2 2.86536E-2 2.89337E-2 2.80778E-2 2.80559E-2 3.49834E-2 3.52538E-2 3.49495E-2 3.50063E-2 3.3364E-2 3.33278E-2 3.35556E-2 3.20849E-2 3.2516E-2 3.27873E-2 3.30609E-2 3.34011E-2 3.4297E-2 3.42326E-2 3.49247E-2 3.53939E-2 3.60479E-2 3.62413E-2 3.69814E-2 3.75882E-2 3.82979E-2 3.75614E-2 3.79462E-2 3.81618E-2 4.76415E-2 4.76345E-2 4.73987E-2 4.81427E-2 4.87148E-2 5.10224E-2 4.84989E-2 4.85132E-2 5.10981E-2
2.6777E-2 3.8526E-2 5.26863E-2 4.73018E-2 4.21852E-2 4.07082E-2 3.93108E-2 4.34064E-2 3.81186E-2 3.83944E-2 3.4071E-2 3.3941E-2 3.32923E-2 3.28469E-2 3.28153E-2 3.14519E-2 3.14901E-2 3.05364E-2 2.90341E-2 2.94324E-2 2.94882E-2 2.88116E-2 2.94593E-2 2.83552E-2 2.83369E-2 2.84508E-2 2.78863E-2 3.56943E-2 3.5026E-2 3.50584E-2 3.33235E-2 3.30986E-2 3.30605E-2 3.33732E-2 3.38887E-2 3.22521E-2 3.2281E-2 3.26854E-2 3.32279E-2 3.34989E-2 3.39492E-2 3.45969E-2 3.46982E-2 3.56895E-2 3.44984E-2 3.47554E-2 3.50274E-2 3.54181E-2 3.58554E-2 3.54794E-2 4.70829E-2 4.68055E-2 4.74554E-2 4.74625E-2 4.75484E-2 4.85527E-2 4.84289E-2 4.84289E-2 4.85744E-2 4.87437E-2 5.12712E-2
3.23125E-2 5.31175E-2 4.83334E-2 4.74214E-2 4.33667E-2 4.34386E-2 4.10596E-2 4.23671E-2 3.79144E-2 3.73272E-2 3.50078E-2 3.42947E-2 3.34779E-2 3.2874E-2 3.25258E-2 3.16542E-2 3.17619E-2 3.10689E-2 2.93498E-2 2.92358E-2 2.93049E-2 2.87571E-2 2.93084E-2 2.7981E-2 2.79321E-2 2.82054E-2 2.75704E-2 3.52579E-2 3.50022E-2 3.43303E-2 3.29553E-2 3.29553E-2 3.30218E-2 3.346E-2 3.20901E-2 3.21187E-2 3.23704E-2 3.28833E-2 3.33252E-2 3.37731E-2 3.42327E-2 3.43275E-2 3.31136E-2 3.34653E-2 3.47383E-2 3.49308E-2 4.68254E-2 3.59556E-2 3.53695E-2 4.65697E-2 4.65915E-2 4.686E-2 4.73174E-2 4.72036E-2 4.82087E-2 4.83248E-2 4.83321E-2 4.80541E-2 4.79386E-2 4.78234E-2 4.78754E-2
4.35591E-2 4.98564E-2 4.37732E-2 4.64308E-2 4.59312E-2 4.27251E-2 3.97329E-2 3.60176E-2 4.0896E-2 3.78155E-2 3.56702E-2 3.5147E-2 3.42367E-2 3.34523E-2 3.3066E-2 3.17471E-2 3.12133E-2 3.12561E-2 2.98988E-2 2.94192E-2 2.79848E-2 2.82794E-2 2.7902E-2 2.77136E-2 2.75919E-2 2.70269E-2 3.57818E-2 3.49494E-2 3.46998E-2 3.43938E-2 3.2919E-2 3.3097E-2 3.33732E-2 3.16787E-2 3.21717E-2 3.25265E-2 3.28886E-2 3.32387E-2 3.33307E-2 3.19732E-2 3.24034E-2 3.26744E-2 3.31191E-2 3.35701E-2 3.44925E-2 3.5002E-2 4.68254E-2 3.51918E-2 4.62963E-2 4.68019E-2 4.6922E-2 4.69577E-2 4.72297E-2 4.78588E-2 4.78732E-2 4.8216E-2 4.8216E-2 4.81001E-2 4.78621E-2 4.75867E-2 4.74652E-2
3.58192E-2 3.83308E-2 4.31182E-2 5.12099E-2 4.78694E-2 3.86872E-2 3.80994E-2 4.02661E-2 4.22896E-2 4.00737E-2 3.74066E-2 3.5706E-2 3.40805E-2 3.29247E-2 3.25534E-2 3.19986E-2 3.18017E-2 3.02646E-2 2.98107E-2 2.89457E-2 2.8216E-2 2.84374E-2 2.76716E-2 2.75488E-2 2.73396E-2 3.46661E-2 3.41032E-2 3.45904E-2 3.4577E-2 3.34824E-2 3.29242E-2 3.31937E-2 3.34654E-2 3.17714E-2 3.25248E-2 3.29805E-2 3.31524E-2 3.35162E-2 3.36854E-2 3.22458E-2 3.28563E-2 3.29473E-2 3.33905E-2 3.37767E-2 4.5679E-2 3.53003E-2 4.6429E-2 4.60501E-2 4.62939E-2 4.64057E-2 4.65248E-2 4.65248E-2 4.69073E-2 4.76391E-2 4.76463E-2 4.80968E-2 4.78804E-2 4.78804E-2 4.80929E-2 4.78692E-2 4.54336E-2
2.48056E-2 3.32419E-2 3.87972E-2 5.0291E-2 4.63546E-2 3.94076E-2 4.06045E-2 4.52074E-2 4.13715E-2 4.00077E-2 3.86033E-2 3.59059E-2 3.47989E-2 3.40587E-2 3.33787E-2 3.2824E-2 3.11131E-2 3.05206E-2 3.022E-2 2.91733E-2 2.91754E-2 2.87365E-2 2.78216E-2 2.76362E-2 2.74881E-2 2.66135E-2 3.50275E-2 3.43938E-2 3.29931E-2 3.33347E-2 3.33028E-2 3.32301E-2 3.19538E-2 3.21822E-2 3.27128E-2 3.30717E-2 3.12111E-2 3.17246E-2 3.18901E-2 3.23245E-2 3.26744E-2 3.28503E-2 3.36833E-2 3.41417E-2 4.61707E-2 4.65694E-2 4.59251E-2 4.60501E-2 4.38242E-2 4.66798E-2 4.39368E-2 4.65319E-2 4.47382E-2 4.51061E-2 4.48531E-2 4.51061E-2 4.565E-2 4.53281E-2 4.49454E-2 4.52189E-2 4.52326E-2
2.91817E-2 3.48335E-2 4.95002E-2 4.66508E-2 4.72144E-2 4.05687E-2 4.05732E-2 4.64883E-2 4.18687E-2 4.09405E-2 3.99821E-2 3.66681E-2 3.4683E-2 3.44828E-2 3.37823E-2 3.29341E-2 3.11787E-2 3.04369E-2 3.03833E-2 2.942E-2 2.94991E-2 2.81191E-2 2.81344E-2 2.6894E-2 2.675E-2 3.51377E-2 3.41635E-2 3.43601E-2 3.33499E-2 3.36949E-2 3.34817E-2 3.16198E-2 3.18838E-2 3.23666E-2 3.25661E-2 3.09048E-2 3.14127E-2 3.17298E-2 3.21567E-2 3.25155E-2 3.26852E-2 4.36631E-2 3.397E-2 4.52278E-2 4.48573E-2 4.19823E-2 4.29626E-2 4.37051E-2 4.38242E-2 4.41899E-2 4.42967E-2 4.46304E-2 4.47451E-2 4.5113E-2 4.49975E-2 4.50043E-2 4.48823E-2 4.46595E-2 4.48728E-2 4.52257E-2 4.50015E-2
3.31959E-2 4.16424E-2 5.10561E-2 4.6722E-2 5.0724E-2 4.37013E-2 4.21852E-2 4.83861E-2 4.27235E-2 4.10421E-2 4.08679E-2 3.75364E-2 3.6293E-2 3.44588E-2 3.38671E-2 3.31398E-2 3.17467E-2 3.13304E-2 2.99151E-2 2.96565E-2 2.96689E-2 2.85615E-2 2.83513E-2 2.73403E-2 3.52961E-2 3.56952E-2 3.44492E-2 3.47319E-2 3.32305E-2 3.39817E-2 3.35741E-2 3.18166E-2 3.23836E-2 3.08005E-2 3.08244E-2 3.11577E-2 3.13362E-2 3.183E-2 3.19235E-2 3.2353E-2 4.064E-2 4.13369E-2 4.2485E-2 4.2627E-2 4.16595E-2 4.23189E-2 4.29626E-2 4.38508E-2 4.39703E-2 4.40766E-2 4.43035E-2 4.48755E-2 4.50326E-2 4.52572E-2 4.48823E-2 4.48891E-2 4.46595E-2 4.46663E-2 4.46731E-2 4.54873E-2 4.48796E-2
3.68943E-2 3.00347E-2 5.00884E-2 5.18474E-2 5.17027E-2 4.76489E-2 4.57774E-2 4.77432E-2 4.28932E-2 4.27152E-2 4.30287E-2 3.73503E-2 3.57012E-2 3.4344E-2 3.41483E-2 3.2622E-2 3.21104E-2 3.15817E-2 3.12726E-2 3.01375E-2 2.98243E-2 2.89536E-2 2.78815E-2 2.78141E-2 3.60301E-2 3.48093E-2 3.47181E-2 3.35655E-2 3.37547E-2 3.21308E-2 3.22314E-2 3.24956E-2 3.24956E-2 3.06574E-2 3.10818E-2 3.12441E-2 3.15979E-2 3.17629E-2 3.99353E-2 4.06556E-2 4.10541E-2 4.16091E-2 4.20455E-2 4.2293E-2 4.19627E-2 4.26262E-2 4.321E-2 4.26532E-2 4.38508E-2 4.18203E-2 4.41967E-2 4.45605E-2 4.21714E-2 4.21779E-2 4.45673E-2 4.20632E-2 4.1822E-2 4.23739E-2 4.23739E-2 4.28921E-2 4.29394E-2
3.25022E-2 2.7886E-2 4.28732E-2 5.76645E-2 4.97676E-2 4.78121E-2 4.57626E-2 4.62539E-2 4.47523E-2 3.90072E-2 4.03859E-2 3.69679E-2 3.58872E-2 3.45411E-2 3.4474E-2 3.29733E-2 3.20069E-2 3.18495E-2 3.07526E-2 3.03821E-2 2.92616E-2 2.94402E-2 2.83256E-2 3.65014E-2 3.53452E-2 3.51067E-2 3.51337E-2 3.39356E-2 3.36882E-2 3.23035E-2 3.28217E-2 3.28217E-2 3.09182E-2 3.09099E-2 3.10869E-2 3.14998E-2 2.99052E-2 3.98328E-2 3.99037E-2 4.04438E-2 4.08342E-2 4.14019E-2 4.19929E-2 4.19929E-2 4.15652E-2 4.26684E-2 4.00722E-2 4.00722E-2 4.05137E-2 4.19425E-2 4.19489E-2 4.23123E-2 4.21779E-2 4.21779E-2 4.20568E-2 4.20697E-2 4.20697E-2 4.20761E-2 4.22928E-2 4.20825E-2 4.19276E-2
2.91346E-2 2.81998E-2 2.61567E-2 5.48865E-2 4.97968E-2 4.75285E-2 4.65998E-2 4.54487E-2 4.88365E-2 4.33737E-2 3.96323E-2 3.76545E-2 3.58577E-2 3.51092E-2 3.46812E-2 3.38745E-2 3.25908E-2 3.20654E-2 3.12185E-2 3.07219E-2 2.95764E-2 2.97392E-2 3.73553E-2 3.71117E-2 3.5849E-2 3.54069E-2 3.42081E-2 3.23934E-2 3.2575E-2 3.27294E-2 3.2827E-2 3.31023E-2 3.13519E-2 3.11202E-2 3.12492E-2 2.99783E-2 3.95032E-2 3.97892E-2 4.02302E-2 4.04438E-2 4.10665E-2 4.13327E-2 3.93152E-2 3.89924E-2 4.00352E-2 3.98075E-2 3.98075E-2 4.02933E-2 4.05013E-2 4.12955E-2 4.16401E-2 4.16529E-2 4.20632E-2 4.23058E-2 4.19553E-2 4.19553E-2 4.23123E-2 4.23188E-2 4.2576E-2 4.24183E-2 4.20672E-2
3.23829E-2 3.17974E-2 3.51567E-2 4.64331E-2 5.30989E-2 4.61443E-2 4.51514E-2 4.35627E-2 4.7669E-2 4.31574E-2 3.83737E-2 3.85564E-2 3.63562E-2 3.56598E-2 3.50727E-2 3.35146E-2 3.31153E-2 3.13978E-2 3.1426E-2 3.00699E-2 2.98375E-2 3.00014E-2 3.7767E-2 3.62844E-2 3.60407E-2 3.57696E-2 3.45009E-2 3.43977E-2 3.26702E-2 3.28198E-2 3.29178E-2 3.11576E-2 3.13622E-2 3.13568E-2 3.15154E-2 2.98221E-2 3.9597E-2 3.98012E-2 4.01329E-2 3.89042E-2 3.95232E-2 3.89002E-2 3.88844E-2 3.99262E-2 3.97448E-2 3.97448E-2 3.98014E-2 4.01959E-2 4.08267E-2 4.10373E-2 4.17409E-2 4.17601E-2 4.17729E-2 4.16529E-2 4.14208E-2 4.17729E-2 4.23253E-2 4.2576E-2 4.19184E-2 4.12986E-2 4.15358E-2
4.00103E-2 3.3622E-2 3.76323E-2 4.13089E-2 5.23991E-2 4.74914E-2 4.1943E-2 4.58037E-2 4.39377E-2 4.4954E-2 4.14215E-2 3.91142E-2 3.57774E-2 3.4819E-2 3.41355E-2 3.41297E-2 3.36749E-2 3.19855E-2 3.16818E-2 3.03115E-2 3.02374E-2 3.83739E-2 3.8091E-2 3.65895E-2 3.6572E-2 3.59881E-2 3.47848E-2 3.48553E-2 3.31917E-2 3.29441E-2 3.13252E-2 3.15949E-2 3.16967E-2 3.13568E-2 3.15154E-2 3.9365E-2 3.9693E-2 4.0125E-2 4.05695E-2 3.88668E-2 3.91906E-2 3.91906E-2 3.97212E-2 3.96425E-2 3.96364E-2 3.98412E-2 4.0179E-2 4.04267E-2 4.10679E-2 4.10743E-2 3.90661E-2 3.9211E-2 3.9211E-2 4.16593E-2 4.16085E-2 3.90394E-2 3.90394E-2 3.87162E-2 4.12986E-2 3.8871E-2 3.8771E-2
4.57956E-2 5.04261E-2 5.59392E-2 5.54937E-2 4.76767E-2 4.51574E-2 4.37001E-2 4.75434E-2 4.58529E-2 4.15522E-2 3.72198E-2 3.9938E-2 3.64894E-2 3.50456E-2 3.41636E-2 3.39513E-2 3.273E-2 3.20605E-2 3.07825E-2 3.05423E-2 3.0648E-2 3.86779E-2 3.81712E-2 3.75669E-2 3.7183E-2 3.52265E-2 3.53392E-2 3.3092E-2 3.35464E-2 3.14443E-2 3.17596E-2 3.18597E-2 3.16247E-2 3.91823E-2 3.96135E-2 3.9693E-2 4.0119E-2 4.02282E-2 4.06678E-2 3.88727E-2 3.90012E-2 3.92025E-2 3.95292E-2 3.94448E-2 3.93152E-2 3.96364E-2 3.76972E-2 3.83886E-2 4.0202E-2 3.84496E-2 3.83566E-2 3.88802E-2 3.9211E-2 3.86106E-2 3.87328E-2 3.86106E-2 3.85113E-2 3.87882E-2 3.83685E-2 3.83626E-2 3.8375E-2
5.15101E-2 4.75811E-2 4.86387E-2 5.06386E-2 5.09977E-2 4.53554E-2 4.38792E-2 4.82703E-2 4.37322E-2 3.83336E-2 3.96909E-2 4.32777E-2 3.85117E-2 3.55006E-2 3.49139E-2 3.44126E-2 3.31538E-2 3.2384E-2 3.1125E-2 3.08767E-2 3.87204E-2 3.86338E-2 3.82177E-2 3.73944E-2 3.51881E-2 3.53805E-2 3.34701E-2 3.32641E-2 3.32934E-2 3.13935E-2 3.17699E-2 3.19478E-2 3.16299E-2 3.93244E-2 3.99556E-2 3.99496E-2 4.06039E-2 3.82972E-2 3.89953E-2 3.93202E-2 3.91906E-2 3.90958E-2 3.90185E-2 3.91191E-2 3.91251E-2 3.93212E-2 3.81912E-2 3.8203E-2 3.8175E-2 3.78435E-2 3.82578E-2 3.80449E-2 3.84995E-2 3.85054E-2 3.84181E-2 3.8639E-2 3.8639E-2 3.8474E-2 3.8474E-2 3.8375E-2 3.63E-2
4.40733E-2 5.08392E-2 4.60121E-2 5.80627E-2 5.43407E-2 4.36616E-2 4.21029E-2 3.98045E-2 3.87717E-2 3.92029E-2 4.34532E-2 4.23622E-2 3.82478E-2 3.52608E-2 3.47771E-2 3.35229E-2 3.28359E-2 3.25569E-2 3.10877E-2 3.99065E-2 3.89269E-2 3.88398E-2 3.73888E-2 3.74063E-2 3.6124E-2 3.58776E-2 3.3757E-2 3.33042E-2 3.12879E-2 3.15571E-2 4.16183E-2 3.18725E-2 3.9289E-2 3.92365E-2 3.94169E-2 4.02194E-2 3.81623E-2 3.90898E-2 3.89068E-2 3.86789E-2 3.90012E-2 3.91966E-2 3.87902E-2 3.69123E-2 3.71032E-2 3.7199E-2 3.80894E-2 3.8413E-2 3.82919E-2 3.86172E-2 3.83906E-2 3.86055E-2 3.86113E-2 3.84896E-2 3.86172E-2 3.85237E-2 3.85952E-2 3.85952E-2 3.85952E-2 3.80853E-2 4.74052E-2
5.21623E-2 3.6775E-2 5.63593E-2 5.57709E-2 5.10713E-2 4.50295E-2 4.53679E-2 4.45838E-2 4.15175E-2 4.04214E-2 4.38534E-2 4.21392E-2 3.75533E-2 3.53279E-2 3.46093E-2 3.43963E-2 3.32045E-2 3.1784E-2 4.08827E-2 4.08444E-2 3.96216E-2 3.80062E-2 3.80731E-2 3.67221E-2 3.63173E-2 3.41518E-2 3.39698E-2 3.35836E-2 3.14735E-2 3.18217E-2 3.20612E-2 3.95271E-2 3.96228E-2 3.94601E-2 3.97509E-2 3.80202E-2 3.85795E-2 3.85853E-2 3.84803E-2 3.86299E-2 3.68543E-2 3.65073E-2 3.68228E-2 3.70076E-2 3.70947E-2 3.79915E-2 3.81009E-2 3.81934E-2 3.8512E-2 3.85179E-2 3.85179E-2 3.87109E-2 3.86113E-2 3.85179E-2 3.84247E-2 3.65086E-2 3.6201E-2 3.61078E-2 4.75258E-2 4.78071E-2 4.77847E-2
5.08568E-2 5.09304E-2 5.54234E-2 4.833E-2 4.57988E-2 4.71773E-2 4.35176E-2 4.1904E-2 4.13639E-2 4.42011E-2 4.372E-2 4.09036E-2 3.9577E-2 3.7503E-2 3.50048E-2 3.42027E-2 3.35624E-2 3.19618E-2 4.13348E-2 4.00945E-2 4.00654E-2 3.83271E-2 3.86237E-2 3.81431E-2 3.65341E-2 3.43554E-2 3.42609E-2 3.20554E-2 3.21456E-2 3.21379E-2 4.2074E-2 3.9533E-2 3.9981E-2 3.96635E-2 3.78306E-2 3.81574E-2 3.82884E-2 3.84803E-2 3.64025E-2 3.65962E-2 3.66442E-2 3.66805E-2 3.66805E-2 3.64346E-2 3.72172E-2 3.74151E-2 3.78186E-2 3.56809E-2 3.60295E-2 3.60295E-2 3.8413E-2 3.61171E-2 4.76942E-2 3.6128E-2 4.76466E-2 4.75258E-2 4.78005E-2 4.80675E-2 4.78137E-2 4.74052E-2 4.79391E-2
5.55438E-2 5.46807E-2 4.98433E-2 4.98326E-2 5.51648E-2 4.78646E-2 4.46442E-2 4.7063E-2 4.70925E-2 4.32067E-2 4.28734E-2 4.44133E-2 4.20926E-2 3.63464E-2 3.49077E-2 3.36618E-2 3.22303E-2 3.2051E-2 4.16844E-2 4.04332E-2 3.86375E-2 3.92467E-2 3.88488E-2 3.68729E-2 3.69575E-2 3.45658E-2 3.46651E-2 3.27109E-2 3.21485E-2 3.99446E-2 4.00297E-2 3.99569E-2 4.0187E-2 3.77534E-2 3.78363E-2 3.79396E-2 3.81574E-2 3.64081E-2 3.64136E-2 3.65962E-2 3.6765E-2 3.68519E-2 3.65841E-2 3.72548E-2 3.75382E-2 3.76298E-2 3.76298E-2 3.5589E-2 3.5589E-2 3.55944E-2 3.54771E-2 3.56755E-2 4.69608E-2 4.72863E-2 4.72849E-2 4.75323E-2 4.77911E-2 4.77911E-2 4.76635E-2 4.79391E-2 4.75362E-2
5.44973E-2 5.1538E-2 4.575E-2 4.46899E-2 5.80079E-2 5.18268E-2 5.09577E-2 4.88408E-2 4.68038E-2 4.80349E-2 4.50755E-2 4.34606E-2 3.98777E-2 3.70554E-2 3.58363E-2 3.51877E-2 3.30355E-2 4.23541E-2 4.07974E-2 4.07683E-2 3.92431E-2 3.92711E-2 3.89618E-2 3.70701E-2 3.70592E-2 3.483E-2 3.47426E-2 3.2951E-2 3.23336E-2 4.01876E-2 4.03024E-2 4.01019E-2 3.77648E-2 3.80317E-2 3.80317E-2 3.82558E-2 3.58851E-2 3.63198E-2 3.64136E-2 3.68037E-2 3.66625E-2 3.6979E-2 3.71645E-2 3.73565E-2 3.77706E-2 3.57168E-2 3.78566E-2 4.66105E-2 4.66105E-2 4.66105E-2 4.7097E-2 4.68416E-2 4.43019E-2 4.72895E-2 4.75689E-2 4.45051E-2 4.47746E-2 4.53537E-2 4.74286E-2 4.74221E-2 4.47378E-2
