Artocarpus heterophyllus SDM files/Last interglacial/results (without bias file)/Arthet_median.asc
ncols         625
nrows         721
xllcorner     69.99986311115
yllcorner     5.99986151914999
cellsize      0.041666667
NODATA_value  -9999
[rows 324 to 350 of 721, columns 61 to 121 of 625]
8.36603E-2 8.31171E-2 9.00727E-2 9.03067E-2 9.05722E-2 9.09914E-2 8.34961E-2 8.65574E-2 9.67399E-2 9.71057E-2 8.71001E-2 8.53186E-2 8.55456E-2 9.28352E-2 9.11127E-2 9.16456E-2 8.27173E-2 8.7594E-2 8.64938E-2 8.69466E-2 8.98473E-2 9.01434E-2 9.09809E-2 9.30796E-2 9.08201E-2 9.20134E-2 9.74917E-2 1.05619E-1 9.49353E-2 9.48161E-2 9.60035E-2 1.01654E-1 1.1176E-1 1.01697E-1 1.09098E-1 1.1138E-1 1.21498E-1 1.20532E-1 1.44948E-1 1.39863E-1 1.22892E-1 1.16181E-1 1.11699E-1 1.07745E-1 1.1508E-1 1.16102E-1 1.37575E-1 1.35284E-1 1.3544E-1 1.44599E-1 1.50576E-1 1.53745E-1 1.51621E-1 1.56846E-1 1.49229E-1 1.48431E-1 1.53957E-1 1.55923E-1 1.57369E-1 1.57791E-1 1.60189E-1
8.82716E-2 8.85338E-2 8.85123E-2 8.87727E-2 8.90136E-2 9.12796E-2 8.91654E-2 8.66337E-2 8.69064E-2 8.75259E-2 8.55587E-2 8.56935E-2 8.55561E-2 8.63308E-2 1.02655E-1 1.0584E-1 1.02733E-1 1.0324E-1 1.06376E-1 8.71068E-2 8.94299E-2 9.08988E-2 9.41169E-2 1.02757E-1 9.26235E-2 9.81306E-2 1.05774E-1 1.19824E-1 1.12401E-1 1.09652E-1 9.46645E-2 9.83865E-2 1.06747E-1 1.06605E-1 1.08044E-1 1.08058E-1 1.14688E-1 1.19544E-1 1.18784E-1 1.22007E-1 1.28867E-1 1.23086E-1 1.24482E-1 1.19733E-1 1.13276E-1 1.15888E-1 1.36854E-1 1.39601E-1 1.38199E-1 1.36252E-1 1.50924E-1 1.47703E-1 1.45788E-1 1.50262E-1 1.52672E-1 1.42057E-1 1.50191E-1 1.52229E-1 1.52058E-1 1.53214E-1 1.54302E-1
8.82614E-2 8.84362E-2 9.0528E-2 8.86636E-2 8.90643E-2 9.42818E-2 9.24312E-2 8.77655E-2 8.56114E-2 8.59568E-2 9.36033E-2 8.45146E-2 9.39441E-2 8.53224E-2 9.56747E-2 1.05993E-1 1.06143E-1 1.0628E-1 9.51688E-2 8.85184E-2 8.73721E-2 9.08706E-2 1.00879E-1 1.03064E-1 9.58725E-2 9.8792E-2 1.10636E-1 1.07672E-1 1.07025E-1 1.09615E-1 1.08854E-1 1.00189E-1 1.05148E-1 1.05843E-1 1.0529E-1 1.06833E-1 1.13936E-1 1.16872E-1 1.16725E-1 1.16269E-1 1.21059E-1 1.18927E-1 1.31119E-1 1.18882E-1 1.13487E-1 1.12643E-1 1.31007E-1 1.33914E-1 1.36535E-1 1.36279E-1 1.45959E-1 1.39712E-1 1.3961E-1 1.44679E-1 1.50783E-1 1.5031E-1 1.44962E-1 1.48938E-1 1.51487E-1 1.48016E-1 1.5121E-1
8.65564E-2 8.86576E-2 8.87711E-2 9.15426E-2 9.19452E-2 9.24125E-2 8.83137E-2 9.26589E-2 9.34606E-2 8.6423E-2 8.69079E-2 9.49382E-2 9.45353E-2 9.30955E-2 9.33098E-2 9.30955E-2 9.34961E-2 1.06833E-1 9.29602E-2 9.3091E-2 9.20337E-2 9.00141E-2 9.63886E-2 9.62125E-2 9.78427E-2 1.01945E-1 1.0622E-1 1.15677E-1 9.96658E-2 1.16425E-1 1.15286E-1 1.1611E-1 1.18209E-1 1.04832E-1 1.13019E-1 1.06367E-1 1.12086E-1 1.12553E-1 1.12493E-1 1.28474E-1 1.1363E-1 1.15523E-1 1.20477E-1 1.16965E-1 1.16896E-1 1.12318E-1 1.12036E-1 1.30678E-1 1.3361E-1 1.35135E-1 1.3589E-1 1.34926E-1 1.38493E-1 1.36798E-1 1.46007E-1 1.40772E-1 1.39101E-1 1.43131E-1 1.49175E-1 1.50656E-1 1.49185E-1
9.11708E-2 9.17762E-2 9.18829E-2 9.16155E-2 9.19766E-2 9.28292E-2 9.3216E-2 9.36256E-2 8.88924E-2 8.96321E-2 9.03777E-2 9.53389E-2 9.53647E-2 9.36689E-2 9.36689E-2 9.07092E-2 1.0444E-1 9.27543E-2 9.85252E-2 9.60588E-2 1.00845E-1 9.51095E-2 9.49513E-2 9.60135E-2 9.6478E-2 1.01259E-1 1.10314E-1 1.18128E-1 1.11779E-1 1.21713E-1 1.22456E-1 1.15755E-1 1.16898E-1 1.15952E-1 1.05197E-1 1.1189E-1 1.13687E-1 1.14038E-1 1.25867E-1 1.29713E-1 1.15434E-1 1.18827E-1 1.20789E-1 1.13086E-1 1.14663E-1 1.16629E-1 1.28199E-1 1.3005E-1 1.32778E-1 1.39337E-1 1.32003E-1 1.30439E-1 1.38975E-1 1.30578E-1 1.34486E-1 1.53508E-1 1.35991E-1 1.38627E-1 1.46411E-1 1.45759E-1 1.43782E-1
9.1726E-2 9.19628E-2 9.46918E-2 9.25175E-2 9.2465E-2 9.80237E-2 9.8431E-2 9.90504E-2 9.97187E-2 1.00042E-1 9.30793E-2 9.1055E-2 9.07641E-2 9.14901E-2 9.86664E-2 9.63276E-2 9.13305E-2 9.06841E-2 1.0179E-1 1.04518E-1 1.00994E-1 9.40316E-2 9.5252E-2 1.07328E-1 1.05184E-1 1.05365E-1 1.03697E-1 1.06394E-1 1.2271E-1 1.21589E-1 1.22125E-1 1.23259E-1 1.1556E-1 1.15753E-1 1.08288E-1 1.09012E-1 1.14151E-1 1.14014E-1 1.21438E-1 1.29747E-1 1.16319E-1 1.16791E-1 1.15883E-1 1.08335E-1 1.10403E-1 1.15546E-1 1.19678E-1 1.36006E-1 1.37389E-1 1.37291E-1 1.37396E-1 1.28908E-1 1.33684E-1 1.39158E-1 1.42227E-1 1.4288E-1 1.42554E-1 1.35279E-1 1.42909E-1 1.44275E-1 1.3879E-1
9.17695E-2 9.22975E-2 9.47385E-2 9.2826E-2 9.81983E-2 9.87973E-2 9.66129E-2 1.01675E-1 9.99989E-2 9.96735E-2 9.81424E-2 9.59482E-2 8.94594E-2 9.45758E-2 9.50864E-2 9.35055E-2 9.67134E-2 9.62115E-2 1.01575E-1 1.03806E-1 9.62927E-2 1.01496E-1 9.55697E-2 1.00785E-1 1.14679E-1 1.16083E-1 1.02816E-1 1.03164E-1 1.15941E-1 1.21991E-1 1.23083E-1 1.2363E-1 1.24767E-1 1.23857E-1 1.12702E-1 1.1034E-1 1.12891E-1 1.24922E-1 1.28523E-1 1.41327E-1 1.38631E-1 1.21493E-1 1.23109E-1 1.29991E-1 1.25498E-1 1.08245E-1 1.13378E-1 1.18016E-1 1.36262E-1 1.29489E-1 1.33681E-1 1.33768E-1 1.35193E-1 1.33983E-1 1.39458E-1 1.39564E-1 1.40116E-1 1.30486E-1 1.31381E-1 1.29937E-1 1.31083E-1
9.02438E-2 -9999 -9999 1.00038E-1 1.00301E-1 1.0063E-1 1.03792E-1 9.87619E-2 9.6852E-2 1.02901E-1 1.0109E-1 1.01734E-1 9.44753E-2 9.48664E-2 9.51936E-2 9.5917E-2 9.62236E-2 9.63441E-2 9.61722E-2 9.65121E-2 1.09808E-1 1.01434E-1 1.01437E-1 1.01617E-1 1.00785E-1 1.12238E-1 1.14805E-1 1.15021E-1 1.21204E-1 1.22569E-1 1.22713E-1 1.23492E-1 1.26614E-1 1.22389E-1 1.13962E-1 1.13086E-1 1.14453E-1 1.22466E-1 1.2581E-1 1.26973E-1 1.40384E-1 1.20703E-1 1.22732E-1 1.28923E-1 1.31052E-1 1.13185E-1 1.14699E-1 1.16933E-1 1.32027E-1 1.37331E-1 1.23292E-1 1.2413E-1 1.2536E-1 1.31368E-1 1.3469E-1 1.36434E-1 1.36834E-1 1.26981E-1 1.29615E-1 1.27682E-1 1.28838E-1
1.10088E-1 1.00148E-1 1.00206E-1 1.00194E-1 9.82486E-2 1.00681E-1 1.01399E-1 1.02511E-1 1.03154E-1 1.03455E-1 1.01417E-1 1.01835E-1 9.47656E-2 9.52055E-2 9.55218E-2 1.01118E-1 9.63682E-2 1.0383E-1 1.01604E-1 1.03731E-1 1.03994E-1 1.04271E-1 1.08781E-1 1.04092E-1 1.06465E-1 1.00697E-1 1.17959E-1 1.2052E-1 1.20912E-1 1.21889E-1 1.2171E-1 1.3019E-1 1.28864E-1 1.30725E-1 1.1827E-1 1.16464E-1 1.17982E-1 1.18242E-1 1.18367E-1 1.23373E-1 1.27724E-1 1.22656E-1 1.2101E-1 1.23576E-1 1.24272E-1 1.15567E-1 1.11734E-1 1.17467E-1 1.31473E-1 1.37844E-1 1.33243E-1 1.21688E-1 1.24115E-1 1.26193E-1 1.28549E-1 1.32175E-1 1.32382E-1 1.34277E-1 1.30705E-1 1.26116E-1 1.32115E-1
1.10659E-1 1.0348E-1 1.03785E-1 9.90584E-2 1.01446E-1 1.07046E-1 1.04975E-1 1.07911E-1 1.08599E-1 1.09291E-1 1.04547E-1 1.10478E-1 1.11033E-1 1.00357E-1 1.00935E-1 1.01244E-1 1.0363E-1 1.04122E-1 1.01691E-1 1.03883E-1 1.04398E-1 1.03929E-1 1.04142E-1 1.09559E-1 1.03852E-1 1.0947E-1 1.08401E-1 1.20692E-1 1.21687E-1 1.21489E-1 1.28025E-1 1.33035E-1 1.28942E-1 1.30302E-1 1.18049E-1 1.16645E-1 1.18079E-1 1.21486E-1 1.21879E-1 1.17767E-1 1.21022E-1 1.15669E-1 1.11595E-1 1.14778E-1 1.14453E-1 1.21619E-1 1.22125E-1 1.18592E-1 1.35543E-1 1.34574E-1 1.30271E-1 1.21538E-1 1.21497E-1 1.25247E-1 1.26531E-1 1.28027E-1 1.30932E-1 1.3117E-1 1.28147E-1 1.24162E-1 1.31035E-1
1.16423E-1 1.03468E-1 1.05858E-1 1.04264E-1 1.07163E-1 1.07491E-1 1.13618E-1 1.11485E-1 1.08648E-1 1.09389E-1 1.09878E-1 1.10393E-1 1.10936E-1 1.03443E-1 1.00815E-1 1.01332E-1 1.03733E-1 1.01349E-1 1.07118E-1 1.09407E-1 1.11955E-1 1.12225E-1 1.09362E-1 1.17325E-1 1.12927E-1 1.13251E-1 1.08227E-1 1.20473E-1 1.22254E-1 1.22065E-1 1.29884E-1 1.32466E-1 1.34284E-1 1.29017E-1 1.17338E-1 1.17629E-1 1.1453E-1 1.18942E-1 1.2361E-1 1.24834E-1 1.32048E-1 1.27752E-1 1.31271E-1 1.09176E-1 1.12201E-1 1.15392E-1 1.1626E-1 1.12077E-1 1.32083E-1 1.29586E-1 1.32192E-1 1.27881E-1 1.24136E-1 1.26208E-1 1.34008E-1 1.28604E-1 1.35312E-1 1.21493E-1 1.21486E-1 1.26436E-1 1.26314E-1
1.19571E-1 1.22503E-1 1.12188E-1 1.12546E-1 1.12529E-1 1.13124E-1 1.13925E-1 1.14435E-1 1.14325E-1 1.12996E-1 1.13602E-1 1.16286E-1 1.13835E-1 1.14655E-1 1.15201E-1 1.06783E-1 1.06411E-1 1.06733E-1 1.09237E-1 1.09513E-1 1.11795E-1 1.12037E-1 1.117E-1 1.12054E-1 1.12375E-1 1.1766E-1 1.12802E-1 1.14251E-1 1.11901E-1 1.28315E-1 1.29529E-1 1.30964E-1 1.40853E-1 1.40914E-1 1.14838E-1 1.14145E-1 1.13547E-1 1.12661E-1 1.11489E-1 1.20518E-1 1.16249E-1 1.15394E-1 1.26049E-1 1.23795E-1 1.09481E-1 1.08533E-1 1.14518E-1 1.10287E-1 1.26324E-1 1.30577E-1 1.20375E-1 1.23172E-1 1.26515E-1 1.23743E-1 1.18581E-1 1.18368E-1 1.24139E-1 1.12539E-1 1.13478E-1 1.16641E-1 1.14668E-1
1.24698E-1 1.24747E-1 1.18052E-1 1.15608E-1 1.16219E-1 1.18965E-1 1.19776E-1 1.20421E-1 1.20305E-1 1.18925E-1 1.19547E-1 1.22673E-1 1.12097E-1 1.18815E-1 1.15812E-1 1.10105E-1 1.06837E-1 1.07366E-1 1.09871E-1 1.104E-1 1.12484E-1 1.09492E-1 1.14382E-1 1.13237E-1 1.12751E-1 1.14847E-1 1.23918E-1 1.14814E-1 1.157E-1 1.16576E-1 1.17492E-1 1.20502E-1 1.30587E-1 1.47353E-1 1.34439E-1 1.29703E-1 1.19554E-1 1.2002E-1 1.32861E-1 1.48572E-1 1.47631E-1 1.43428E-1 1.42768E-1 1.1447E-1 1.18338E-1 1.12073E-1 1.13138E-1 1.16936E-1 1.12933E-1 1.14119E-1 1.12034E-1 1.13312E-1 1.19934E-1 1.25935E-1 1.29652E-1 1.28243E-1 1.24895E-1 1.23701E-1 1.18894E-1 1.17864E-1 1.21334E-1
1.29989E-1 1.3007E-1 1.20362E-1 1.20632E-1 1.20983E-1 1.25292E-1 1.25728E-1 1.26596E-1 1.21443E-1 1.25041E-1 1.25955E-1 1.20053E-1 1.20212E-1 1.1888E-1 1.2193E-1 1.13286E-1 1.12779E-1 1.15678E-1 1.16541E-1 1.19473E-1 1.16217E-1 1.12201E-1 1.21121E-1 1.21657E-1 1.20803E-1 1.21482E-1 1.21915E-1 1.21084E-1 1.18514E-1 1.17368E-1 1.19776E-1 1.26872E-1 1.25E-1 1.36886E-1 1.42521E-1 1.35396E-1 1.4017E-1 1.35403E-1 1.42882E-1 1.42399E-1 1.61849E-1 1.2339E-1 1.26116E-1 1.18867E-1 1.28601E-1 1.07364E-1 1.28726E-1 1.38579E-1 1.39953E-1 1.3299E-1 1.38057E-1 1.10824E-1 1.20541E-1 1.33873E-1 1.39134E-1 1.46745E-1 1.37911E-1 1.32671E-1 1.26819E-1 1.20256E-1 1.17601E-1
1.35547E-1 1.25102E-1 1.26124E-1 -9999 1.26504E-1 1.26879E-1 1.31477E-1 1.31879E-1 1.29098E-1 1.30046E-1 1.2596E-1 1.269E-1 1.24129E-1 1.24455E-1 1.28263E-1 1.28952E-1 1.21505E-1 1.24695E-1 1.20235E-1 1.18877E-1 1.25919E-1 1.20474E-1 1.22684E-1 1.19335E-1 1.16918E-1 1.22109E-1 1.2206E-1 1.21497E-1 1.22873E-1 1.20535E-1 1.32273E-1 1.32388E-1 1.33063E-1 1.42883E-1 1.25544E-1 1.24351E-1 1.22098E-1 1.21158E-1 1.12214E-1 1.13604E-1 1.21118E-1 1.15264E-1 1.1591E-1 1.28076E-1 1.27184E-1 1.17846E-1 1.14372E-1 1.23355E-1 1.54566E-1 1.30786E-1 1.24129E-1 1.16182E-1 1.18211E-1 1.307E-1 1.3605E-1 1.39522E-1 1.45339E-1 1.44597E-1 1.36991E-1 1.21897E-1 1.26073E-1
1.42358E-1 -9999 1.35311E-1 1.31538E-1 1.32163E-1 1.32723E-1 1.37429E-1 1.37821E-1 1.34808E-1 1.36172E-1 1.36362E-1 1.32601E-1 1.29416E-1 1.33757E-1 1.34423E-1 1.3013E-1 1.31046E-1 1.34853E-1 1.21702E-1 1.23939E-1 1.2431E-1 1.22984E-1 1.2533E-1 1.25071E-1 1.22837E-1 1.14916E-1 1.18458E-1 1.25487E-1 1.26987E-1 1.32012E-1 1.35244E-1 1.36684E-1 1.5806E-1 1.29932E-1 1.30717E-1 1.23874E-1 1.32787E-1 1.18513E-1 1.15682E-1 1.36221E-1 1.24895E-1 1.12546E-1 1.15803E-1 1.45826E-1 1.55128E-1 1.34239E-1 1.5377E-1 1.34887E-1 1.50931E-1 1.27536E-1 1.28114E-1 1.15552E-1 1.25715E-1 1.2716E-1 1.26445E-1 1.2627E-1 1.29007E-1 1.32277E-1 1.37245E-1 1.3569E-1 1.26162E-1
-9999 -9999 1.47631E-1 1.39948E-1 1.40264E-1 1.40924E-1 1.45116E-1 1.429E-1 1.43863E-1 1.44539E-1 1.45367E-1 1.37894E-1 1.38714E-1 1.39079E-1 1.36761E-1 1.39581E-1 1.39413E-1 1.39854E-1 1.228E-1 1.21799E-1 1.21582E-1 1.15658E-1 1.16681E-1 1.18276E-1 1.16631E-1 1.17796E-1 1.1343E-1 1.13914E-1 1.21022E-1 1.30411E-1 1.20122E-1 1.19629E-1 1.14814E-1 1.23899E-1 1.18012E-1 1.27661E-1 1.50312E-1 1.27736E-1 1.27307E-1 1.44478E-1 1.31311E-1 1.23397E-1 1.21992E-1 1.29361E-1 1.36148E-1 1.44152E-1 1.69436E-1 1.58637E-1 1.5667E-1 1.29161E-1 1.2601E-1 1.24035E-1 1.21557E-1 1.23529E-1 1.22516E-1 1.24641E-1 1.1971E-1 1.26423E-1 1.41719E-1 1.4816E-1 1.4381E-1
-9999 1.55375E-1 1.5155E-1 1.55899E-1 1.56477E-1 1.53519E-1 1.62163E-1 1.52156E-1 1.52731E-1 1.53582E-1 1.54169E-1 1.45792E-1 1.42753E-1 1.42909E-1 1.42873E-1 1.45833E-1 1.47274E-1 1.43052E-1 1.34929E-1 1.24387E-1 1.23366E-1 1.24446E-1 1.15101E-1 1.22287E-1 1.3301E-1 1.5043E-1 1.34385E-1 1.21381E-1 1.22981E-1 1.15871E-1 1.2598E-1 1.33824E-1 1.28128E-1 1.45949E-1 1.74794E-1 1.34907E-1 1.2114E-1 1.188E-1 1.21479E-1 1.25428E-1 1.1899E-1 1.28586E-1 1.32011E-1 1.17878E-1 1.30865E-1 1.47986E-1 1.24112E-1 1.34764E-1 1.57834E-1 1.46201E-1 1.34002E-1 1.37099E-1 1.28894E-1 1.24322E-1 1.22913E-1 1.2591E-1 1.17036E-1 1.28024E-1 1.31571E-1 1.38126E-1 1.42858E-1
-9999 1.65472E-1 1.705E-1 1.70689E-1 1.63826E-1 1.68513E-1 1.6945E-1 1.66465E-1 1.60193E-1 1.61088E-1 1.66026E-1 1.51708E-1 1.52081E-1 1.46741E-1 1.50693E-1 1.51262E-1 1.48696E-1 1.43188E-1 1.38564E-1 1.4828E-1 1.56637E-1 1.41366E-1 1.34685E-1 1.29013E-1 1.41016E-1 1.59575E-1 1.66476E-1 1.54636E-1 1.60985E-1 1.41397E-1 1.29641E-1 1.43406E-1 1.5842E-1 1.46819E-1 1.59483E-1 1.47059E-1 1.20086E-1 1.18331E-1 1.15209E-1 1.25026E-1 1.34641E-1 1.38997E-1 1.28846E-1 1.53848E-1 1.519E-1 1.38337E-1 1.26135E-1 1.34618E-1 1.43974E-1 1.54664E-1 1.55286E-1 1.59302E-1 1.45899E-1 1.4792E-1 1.46887E-1 1.32713E-1 1.3286E-1 1.3663E-1 1.26889E-1 1.30957E-1 1.36274E-1
1.79732E-1 1.85058E-1 1.85483E-1 1.79863E-1 1.85861E-1 1.8629E-1 1.77945E-1 1.74811E-1 1.80122E-1 1.73726E-1 1.74684E-1 1.64819E-1 1.68154E-1 1.7247E-1 1.68421E-1 1.58733E-1 1.45085E-1 1.51587E-1 1.61046E-1 1.71802E-1 1.70934E-1 1.59964E-1 1.36643E-1 1.43846E-1 1.46162E-1 1.65076E-1 1.62521E-1 1.63473E-1 1.61375E-1 1.5897E-1 1.36798E-1 1.23152E-1 1.40173E-1 1.44833E-1 1.72848E-1 1.61704E-1 1.51358E-1 1.31547E-1 1.47726E-1 1.2652E-1 1.37029E-1 1.70664E-1 1.72208E-1 1.67247E-1 1.4597E-1 1.2007E-1 1.2317E-1 1.28176E-1 1.23025E-1 1.40722E-1 1.47377E-1 1.36843E-1 1.40919E-1 1.42478E-1 1.56202E-1 1.51096E-1 1.48471E-1 1.42684E-1 1.38818E-1 1.31116E-1 1.3409E-1
1.95266E-1 1.9483E-1 1.91314E-1 1.97087E-1 1.97974E-1 1.98987E-1 1.89521E-1 1.90129E-1 1.90533E-1 1.91421E-1 1.83057E-1 1.82779E-1 1.71647E-1 1.72642E-1 1.68155E-1 1.71705E-1 1.6741E-1 1.65197E-1 1.71009E-1 1.66589E-1 1.73226E-1 1.53946E-1 1.42485E-1 1.52145E-1 1.48275E-1 1.56149E-1 1.60478E-1 1.63231E-1 1.56811E-1 1.49084E-1 1.65193E-1 1.53335E-1 1.41093E-1 1.6237E-1 1.96506E-1 1.9083E-1 1.76638E-1 1.88404E-1 1.75324E-1 1.75201E-1 1.72133E-1 1.41288E-1 1.48094E-1 1.33732E-1 1.23993E-1 1.29177E-1 1.22096E-1 1.23315E-1 1.31619E-1 1.31356E-1 1.25655E-1 1.27074E-1 1.30627E-1 1.45464E-1 1.51757E-1 1.52128E-1 1.41983E-1 1.41755E-1 1.39121E-1 1.36826E-1 1.3584E-1
2.05186E-1 -9999 -9999 2.09197E-1 2.01329E-1 2.03181E-1 2.05008E-1 1.95478E-1 2.01114E-1 1.97191E-1 1.98103E-1 1.87977E-1 1.87574E-1 1.82715E-1 1.83129E-1 1.79932E-1 1.80811E-1 1.7755E-1 1.82368E-1 1.74707E-1 1.69157E-1 1.6158E-1 1.62226E-1 1.63267E-1 1.47447E-1 1.52054E-1 1.55556E-1 1.63119E-1 1.60043E-1 1.63296E-1 1.65788E-1 1.69041E-1 1.66338E-1 1.6379E-1 1.73438E-1 1.5758E-1 1.5744E-1 1.55996E-1 1.54562E-1 1.46869E-1 1.39412E-1 1.28945E-1 1.21523E-1 1.2065E-1 1.24596E-1 1.20713E-1 1.17139E-1 1.1403E-1 1.33273E-1 1.32984E-1 1.30752E-1 1.24917E-1 1.31037E-1 1.38226E-1 1.44567E-1 1.5179E-1 1.42456E-1 1.39863E-1 1.35133E-1 1.32382E-1 1.39158E-1
-9999 2.2084E-1 2.21253E-1 2.06007E-1 2.16953E-1 2.13429E-1 2.08433E-1 2.05888E-1 2.07723E-1 2.08699E-1 2.0562E-1 2.07015E-1 1.96208E-1 1.8943E-1 1.91896E-1 1.98191E-1 1.89462E-1 1.73433E-1 1.93346E-1 1.87613E-1 1.90813E-1 1.64227E-1 1.57519E-1 1.59993E-1 1.58758E-1 1.58293E-1 1.65579E-1 1.7576E-1 1.65237E-1 1.67665E-1 1.68895E-1 1.61915E-1 1.59205E-1 1.58331E-1 1.46177E-1 1.32939E-1 1.337E-1 1.32945E-1 1.29498E-1 1.3223E-1 1.28614E-1 1.35876E-1 1.15767E-1 1.22299E-1 1.19093E-1 1.16535E-1 1.12494E-1 1.1249E-1 1.09313E-1 1.26045E-1 1.37183E-1 1.29261E-1 1.3254E-1 1.31986E-1 1.38157E-1 1.49569E-1 1.50679E-1 1.45258E-1 1.50224E-1 1.54606E-1 1.51678E-1
-9999 -9999 2.34424E-1 2.28383E-1 2.13953E-1 2.26088E-1 2.27023E-1 2.16999E-1 2.12944E-1 2.19251E-1 2.16476E-1 2.06454E-1 2.06891E-1 2.02449E-1 2.04271E-1 2.11029E-1 2.0435E-1 1.87403E-1 1.78591E-1 1.85054E-1 2.0431E-1 1.86569E-1 1.68861E-1 1.65614E-1 1.68901E-1 1.63433E-1 1.65581E-1 1.69537E-1 1.63569E-1 1.72773E-1 1.53315E-1 1.48499E-1 1.47545E-1 1.31973E-1 1.30489E-1 1.27821E-1 1.33994E-1 1.30079E-1 1.29674E-1 1.33147E-1 1.33152E-1 1.48357E-1 1.36039E-1 1.18511E-1 1.14799E-1 1.15559E-1 1.11935E-1 1.14819E-1 1.10778E-1 1.08953E-1 1.38504E-1 1.38413E-1 1.34454E-1 1.37207E-1 1.36536E-1 1.36069E-1 1.46286E-1 1.5827E-1 1.58219E-1 1.72187E-1 1.72123E-1
-9999 -9999 -9999 2.3257E-1 2.2129E-1 2.22298E-1 2.23528E-1 2.30648E-1 2.09451E-1 2.32482E-1 2.13726E-1 2.25329E-1 2.25959E-1 2.16474E-1 2.2096E-1 2.1653E-1 2.00143E-1 1.97524E-1 1.9801E-1 1.96493E-1 1.91576E-1 1.92388E-1 1.7945E-1 1.72116E-1 1.60401E-1 1.67058E-1 1.70917E-1 1.59765E-1 1.44454E-1 1.4389E-1 1.47413E-1 1.50387E-1 1.38856E-1 1.36891E-1 1.40122E-1 1.25156E-1 1.28703E-1 1.28212E-1 1.25081E-1 1.24915E-1 1.16474E-1 1.31006E-1 1.31071E-1 1.31356E-1 1.10845E-1 1.1122E-1 1.12131E-1 1.08987E-1 1.10866E-1 1.11216E-1 1.34536E-1 1.41171E-1 1.43438E-1 1.25392E-1 1.25129E-1 1.31241E-1 1.40693E-1 1.41346E-1 1.53236E-1 1.51966E-1 1.60967E-1
-9999 -9999 2.57145E-1 2.46114E-1 2.39925E-1 2.4122E-1 2.37988E-1 2.33362E-1 2.29839E-1 2.2616E-1 2.21124E-1 2.26903E-1 2.27144E-1 2.22053E-1 2.11002E-1 2.11968E-1 2.10887E-1 2.12655E-1 2.26982E-1 2.07351E-1 2.05991E-1 2.01696E-1 1.93323E-1 1.94708E-1 1.73362E-1 1.69369E-1 1.66014E-1 1.56805E-1 1.53177E-1 1.38903E-1 1.40869E-1 1.43573E-1 1.34409E-1 1.3241E-1 1.3408E-1 1.31293E-1 1.2444E-1 1.22937E-1 1.23299E-1 1.20102E-1 1.19589E-1 1.28183E-1 1.3758E-1 1.27492E-1 1.27216E-1 1.11219E-1 1.08829E-1 1.09418E-1 1.09963E-1 1.09549E-1 1.31934E-1 1.33057E-1 1.34377E-1 1.25665E-1 1.2294E-1 1.29504E-1 1.41475E-1 1.37643E-1 1.41303E-1 1.52172E-1 1.54533E-1
-9999 -9999 2.64537E-1 2.6022E-1 2.60227E-1 2.54698E-1 2.56855E-1 2.51751E-1 2.41731E-1 2.43356E-1 2.44129E-1 2.38409E-1 2.39163E-1 2.28628E-1 2.23653E-1 2.2251E-1 2.25235E-1 2.21238E-1 2.17381E-1 2.14142E-1 2.20331E-1 2.17184E-1 2.1473E-1 2.02092E-1 1.8833E-1 1.73257E-1 1.68752E-1 1.65734E-1 1.47758E-1 1.46174E-1 1.44877E-1 1.47037E-1 1.39956E-1 1.32764E-1 1.2941E-1 1.2808E-1 1.2172E-1 1.20312E-1 1.21295E-1 1.17745E-1 1.38123E-1 1.19553E-1 1.27602E-1 1.24578E-1 1.23273E-1 1.24796E-1 1.28813E-1 1.2925E-1 1.30135E-1 1.22776E-1 1.32162E-1 1.26187E-1 1.3556E-1 1.29349E-1 1.29921E-1 1.30265E-1 1.3754E-1 1.36642E-1 1.39873E-1 1.51789E-1 1.52463E-1
