Artocarpus heterophyllus SDM files/Last interglacial/results (without bias file)/Arthet_min.asc
ncols         625
nrows         721
xllcorner     69.99986311115
yllcorner     5.99986151914999
cellsize      0.041666667
NODATA_value  -9999
[rows 81 to 107 of 721, columns 366 to 426 of 625]
1.25926E-4 1.23365E-4 1.3133E-4 1.25956E-4 1.29727E-4 1.44309E-4 1.41001E-4 1.27905E-4 1.05974E-4 9.54757E-5 1.1175E-4 1.34151E-4 1.37737E-4 1.3596E-4 1.39495E-4 1.18205E-4 1.33329E-4 1.52183E-4 1.64596E-4 1.73145E-4 1.79899E-4 2.04847E-4 2.2161E-4 1.77264E-4 1.4656E-4 1.40175E-4 1.80875E-4 1.61638E-4 1.26261E-4 1.50644E-4 1.80863E-4 1.95933E-4 1.98392E-4 2.00342E-4 1.97159E-4 2.02326E-4 1.80111E-4 1.76674E-4 1.77131E-4 1.92409E-4 1.96246E-4 1.75709E-4 1.53216E-4 1.70326E-4 1.74836E-4 1.7863E-4 1.78289E-4 1.64242E-4 1.69E-4 1.43221E-4 1.24181E-4 1.38582E-4 1.44798E-4 1.70214E-4 1.95612E-4 1.95247E-4 1.89875E-4 1.31901E-4 1.5912E-4 1.38584E-4 1.54562E-4
1.20135E-4 1.17724E-4 1.27173E-4 1.08405E-4 1.10567E-4 1.41524E-4 1.40417E-4 1.33965E-4 1.12324E-4 1.0459E-4 1.10784E-4 1.10682E-4 1.14123E-4 1.10096E-4 1.19436E-4 1.32889E-4 1.53581E-4 1.63279E-4 1.79032E-4 1.76421E-4 2.04422E-4 2.35821E-4 2.65637E-4 1.78306E-4 1.88087E-4 1.85124E-4 1.68813E-4 1.50632E-4 1.55757E-4 1.82783E-4 2.03981E-4 2.08792E-4 1.82018E-4 1.43917E-4 1.64511E-4 1.91209E-4 1.89349E-4 1.77389E-4 1.64074E-4 1.5402E-4 1.67542E-4 1.70948E-4 1.61616E-4 1.57702E-4 1.56609E-4 1.56642E-4 1.74342E-4 1.69728E-4 1.64147E-4 1.54915E-4 1.46838E-4 1.5441E-4 1.67863E-4 1.58394E-4 9.82051E-5 1.61265E-4 1.15049E-4 1.55334E-4 1.31703E-4 1.17803E-4 1.34878E-4
1.16239E-4 1.31529E-4 1.30929E-4 1.219E-4 1.21431E-4 1.18167E-4 1.33876E-4 1.2997E-4 1.22057E-4 1.19156E-4 1.23556E-4 1.10105E-4 9.68919E-5 1.04888E-4 1.09759E-4 1.34083E-4 1.66377E-4 1.89576E-4 1.93218E-4 2.10779E-4 2.33905E-4 2.56045E-4 1.77424E-4 1.91862E-4 1.98139E-4 1.72497E-4 1.59122E-4 1.62526E-4 1.55697E-4 1.6882E-4 1.89495E-4 1.98145E-4 1.89242E-4 1.85773E-4 1.91853E-4 1.88049E-4 1.59913E-4 1.63626E-4 1.46348E-4 1.45582E-4 1.50547E-4 1.67151E-4 1.45606E-4 1.47647E-4 1.52119E-4 1.56227E-4 1.73919E-4 1.65017E-4 1.43509E-4 1.23582E-4 9.86381E-5 1.45108E-4 1.81304E-4 1.91371E-4 1.16008E-4 1.32579E-4 1.43044E-4 1.39236E-4 1.11173E-4 1.14281E-4 1.17932E-4
1.11878E-4 1.29898E-4 1.34459E-4 1.21495E-4 1.04642E-4 9.41664E-5 1.14615E-4 1.21811E-4 1.22633E-4 1.04935E-4 1.0901E-4 1.35042E-4 1.42076E-4 1.63804E-4 1.72741E-4 1.82265E-4 1.6776E-4 1.77002E-4 2.03983E-4 2.1611E-4 2.35421E-4 2.57057E-4 1.86513E-4 1.94031E-4 1.92816E-4 1.81498E-4 1.72733E-4 1.59744E-4 1.36497E-4 1.28911E-4 1.43959E-4 1.72592E-4 1.88973E-4 2.01573E-4 2.01651E-4 1.68787E-4 1.59171E-4 1.91817E-4 1.68329E-4 1.81599E-4 1.63098E-4 1.50085E-4 1.45097E-4 1.44546E-4 1.33322E-4 1.59904E-4 1.73955E-4 1.39394E-4 1.14346E-4 1.11499E-4 1.34649E-4 1.62119E-4 1.37086E-4 1.5272E-4 1.48613E-4 1.32537E-4 1.35995E-4 1.48129E-4 1.2429E-4 1.11273E-4 1.02208E-4
1.12385E-4 1.28682E-4 1.35984E-4 1.23093E-4 9.05726E-5 9.8352E-5 1.15395E-4 1.33618E-4 1.23878E-4 1.33063E-4 1.77272E-4 2.28347E-4 2.52309E-4 2.00774E-4 1.62072E-4 1.69616E-4 1.77627E-4 1.84632E-4 1.90658E-4 2.10183E-4 2.21466E-4 2.27402E-4 1.53053E-4 1.50661E-4 1.68889E-4 1.85335E-4 1.94687E-4 1.71421E-4 1.44313E-4 1.44E-4 1.47937E-4 1.6248E-4 1.76394E-4 1.7805E-4 1.82435E-4 2.02731E-4 2.15469E-4 2.21137E-4 2.15079E-4 1.72632E-4 1.50236E-4 1.57423E-4 1.86387E-4 1.66289E-4 1.61832E-4 1.60873E-4 1.44525E-4 1.34887E-4 1.46394E-4 1.34961E-4 1.54373E-4 1.40655E-4 1.65331E-4 1.52148E-4 1.25469E-4 1.12081E-4 1.18012E-4 1.32083E-4 1.47705E-4 1.28546E-4 1.20981E-4
1.04452E-4 1.07882E-4 1.39674E-4 1.31088E-4 1.24454E-4 1.36105E-4 1.37323E-4 1.50105E-4 1.56997E-4 1.8325E-4 2.21553E-4 2.11648E-4 2.67121E-4 1.73083E-4 1.84777E-4 2.04031E-4 1.68013E-4 1.63666E-4 1.98283E-4 1.48589E-4 1.69735E-4 1.60526E-4 1.53479E-4 1.64802E-4 1.75826E-4 1.92162E-4 1.75998E-4 1.5596E-4 1.51998E-4 1.55615E-4 1.88406E-4 1.98576E-4 2.3653E-4 2.38755E-4 2.30629E-4 2.54208E-4 2.09132E-4 1.81467E-4 2.25897E-4 1.82082E-4 1.45462E-4 1.8641E-4 1.57615E-4 1.51829E-4 1.94548E-4 1.83864E-4 1.79211E-4 1.75293E-4 1.68465E-4 1.86276E-4 1.40906E-4 1.70348E-4 1.5354E-4 1.16118E-4 9.82561E-5 1.15479E-4 1.31696E-4 1.28195E-4 1.18058E-4 1.21641E-4 1.11541E-4
1.25432E-4 1.42523E-4 1.76811E-4 1.85484E-4 1.77711E-4 1.75894E-4 1.75752E-4 1.51902E-4 1.54871E-4 1.86665E-4 1.79682E-4 2.46541E-4 2.44321E-4 1.66139E-4 2.05787E-4 2.28167E-4 2.0001E-4 1.92665E-4 2.27553E-4 2.65282E-4 1.84615E-4 1.84605E-4 1.89504E-4 2.08802E-4 1.95528E-4 1.48446E-4 1.52072E-4 1.92562E-4 2.14828E-4 2.23634E-4 2.45115E-4 2.70707E-4 2.85E-4 2.88011E-4 2.91813E-4 2.88889E-4 2.95056E-4 2.6592E-4 2.61733E-4 2.63027E-4 2.14727E-4 2.02992E-4 1.90804E-4 2.13029E-4 1.95382E-4 1.69198E-4 2.0532E-4 1.9404E-4 1.72556E-4 1.57838E-4 1.75282E-4 1.57217E-4 1.19781E-4 7.63281E-5 6.46343E-5 8.99966E-5 8.73759E-5 9.68929E-5 8.65314E-5 7.9705E-5 9.39311E-5
1.81716E-4 1.9329E-4 1.90134E-4 1.64305E-4 1.59916E-4 1.54073E-4 1.50032E-4 1.67406E-4 1.69745E-4 2.00069E-4 2.11284E-4 1.92397E-4 1.82863E-4 1.86386E-4 1.84404E-4 2.3913E-4 2.4097E-4 2.41877E-4 2.15018E-4 2.14662E-4 2.41589E-4 1.85911E-4 2.03636E-4 1.91453E-4 1.2904E-4 1.18791E-4 1.77642E-4 2.32241E-4 2.62211E-4 2.82623E-4 3.27828E-4 3.31454E-4 3.29121E-4 3.30012E-4 3.32408E-4 3.38067E-4 3.24845E-4 3.1421E-4 2.80125E-4 2.31893E-4 1.71276E-4 1.57616E-4 1.85272E-4 2.47139E-4 1.70464E-4 2.12639E-4 1.94172E-4 2.27871E-4 2.53868E-4 1.85728E-4 1.53724E-4 1.07599E-4 8.1046E-5 7.65213E-5 9.00849E-5 8.97876E-5 1.11884E-4 8.0558E-5 6.51145E-5 7.91087E-5 1.20239E-4
2.36838E-4 2.05691E-4 1.63166E-4 1.37865E-4 1.34353E-4 1.70486E-4 1.64093E-4 1.81424E-4 1.47885E-4 1.66791E-4 1.99193E-4 1.93801E-4 2.18417E-4 1.94488E-4 2.17013E-4 2.19819E-4 2.98999E-4 2.11848E-4 1.79896E-4 2.60154E-4 1.70427E-4 2.09521E-4 1.80489E-4 1.47532E-4 1.18376E-4 1.24915E-4 1.92202E-4 2.41962E-4 2.81007E-4 3.09303E-4 3.52224E-4 3.62648E-4 3.60752E-4 3.57996E-4 3.62996E-4 3.34781E-4 2.8747E-4 2.23943E-4 2.01201E-4 1.80681E-4 1.37207E-4 9.00028E-5 2.01588E-4 1.89657E-4 1.05873E-4 1.64965E-4 1.27685E-4 2.10146E-4 1.45192E-4 1.71251E-4 9.07962E-5 5.62446E-5 8.33229E-5 8.33648E-5 1.15333E-4 1.64529E-4 1.78519E-4 9.45535E-5 7.98948E-5 8.6618E-5 9.05648E-5
2.29197E-4 1.7234E-4 1.25765E-4 1.13307E-4 1.30054E-4 1.80933E-4 2.34583E-4 2.54237E-4 2.32956E-4 2.46647E-4 2.49456E-4 2.55726E-4 2.44783E-4 2.54869E-4 2.95615E-4 3.04537E-4 3.25355E-4 2.76076E-4 2.5432E-4 1.97844E-4 2.19013E-4 2.2699E-4 1.8706E-4 1.77706E-4 1.7846E-4 1.50947E-4 1.77442E-4 2.16574E-4 2.67092E-4 2.81793E-4 3.04656E-4 3.42992E-4 3.74066E-4 3.55981E-4 2.84876E-4 3.09845E-4 2.85824E-4 2.86412E-4 2.36704E-4 1.90144E-4 1.70167E-4 1.52644E-4 1.32773E-4 2.50548E-4 1.35856E-4 1.0795E-4 1.46722E-4 1.62344E-4 1.84931E-4 1.8991E-4 8.34691E-5 7.40832E-5 1.12759E-4 8.07348E-5 7.60401E-5 1.50414E-4 2.25362E-4 2.0199E-4 1.6233E-4 1.81803E-4 1.37585E-4
2.19246E-4 1.72298E-4 1.66422E-4 1.75604E-4 1.79321E-4 1.79075E-4 2.42458E-4 2.82337E-4 2.6318E-4 2.41061E-4 2.60041E-4 2.76495E-4 3.00635E-4 3.32704E-4 3.50802E-4 3.30737E-4 3.19548E-4 2.24091E-4 2.25425E-4 2.32658E-4 2.5819E-4 2.77359E-4 2.69846E-4 2.53594E-4 2.20841E-4 2.29718E-4 2.52281E-4 2.73312E-4 2.87987E-4 2.72061E-4 2.56821E-4 3.00895E-4 4.16999E-4 4.04716E-4 3.69363E-4 3.5935E-4 3.43846E-4 3.01107E-4 3.0943E-4 2.69242E-4 2.2272E-4 1.83838E-4 1.47392E-4 2.4934E-4 2.69954E-4 1.08146E-4 1.30421E-4 2.59166E-4 2.94877E-4 3.1184E-4 1.40542E-4 1.19078E-4 1.2233E-4 7.38558E-5 8.04459E-5 1.02512E-4 1.86778E-4 2.31332E-4 2.11432E-4 3.20916E-4 2.92657E-4
2.76415E-4 2.6557E-4 2.44797E-4 1.8418E-4 1.69551E-4 1.83419E-4 2.29679E-4 2.68928E-4 2.45764E-4 2.17787E-4 2.40318E-4 2.4428E-4 2.50483E-4 2.87916E-4 3.31433E-4 3.46905E-4 3.00267E-4 3.73874E-4 2.74162E-4 2.95498E-4 2.94818E-4 2.98268E-4 3.16207E-4 3.15539E-4 2.90235E-4 3.04092E-4 3.18674E-4 3.32405E-4 3.47266E-4 3.52702E-4 3.09968E-4 3.66009E-4 3.90606E-4 4.14729E-4 4.14311E-4 3.89578E-4 3.54165E-4 3.44295E-4 3.44167E-4 3.16068E-4 2.90905E-4 2.6804E-4 2.46738E-4 2.68083E-4 2.25793E-4 2.07568E-4 1.95275E-4 2.78279E-4 3.05136E-4 2.9881E-4 1.73847E-4 1.83573E-4 1.93197E-4 1.50645E-4 1.67364E-4 1.72628E-4 2.19445E-4 2.78237E-4 2.49795E-4 3.24969E-4 3.42046E-4
1.87925E-4 1.95809E-4 2.20167E-4 2.58744E-4 2.54198E-4 2.30231E-4 2.42891E-4 2.64808E-4 2.7697E-4 2.5443E-4 2.59225E-4 2.60623E-4 2.79744E-4 3.03306E-4 3.20434E-4 3.45744E-4 3.20781E-4 2.44559E-4 2.77719E-4 2.65326E-4 2.6915E-4 3.11724E-4 3.04096E-4 3.22201E-4 3.32034E-4 3.41378E-4 3.20772E-4 3.45945E-4 3.62318E-4 3.84533E-4 4.16864E-4 4.08277E-4 4.21544E-4 4.17863E-4 4.06966E-4 3.93374E-4 3.62371E-4 3.99199E-4 3.83616E-4 3.62116E-4 3.42345E-4 3.32838E-4 3.22311E-4 2.24355E-4 2.24335E-4 2.50399E-4 2.42199E-4 2.75852E-4 3.08797E-4 2.92988E-4 2.54382E-4 2.46749E-4 2.27378E-4 2.09E-4 2.19869E-4 2.06998E-4 2.36475E-4 2.71432E-4 2.85406E-4 3.32582E-4 3.51568E-4
2.00875E-4 2.07859E-4 2.38213E-4 2.583E-4 2.65678E-4 2.42901E-4 2.49263E-4 2.60115E-4 2.29918E-4 2.53013E-4 2.69571E-4 2.56341E-4 2.44105E-4 2.36123E-4 2.73178E-4 3.22208E-4 3.63119E-4 2.5285E-4 2.67429E-4 2.5247E-4 2.59421E-4 2.9135E-4 2.92528E-4 2.58334E-4 3.03333E-4 2.92117E-4 2.30305E-4 2.93999E-4 2.77666E-4 3.61982E-4 4.18878E-4 4.23699E-4 4.15654E-4 4.11033E-4 3.92505E-4 3.5168E-4 3.23124E-4 3.5066E-4 4.02405E-4 4.36081E-4 2.64504E-4 4.01071E-4 2.42512E-4 3.78882E-4 2.49237E-4 2.48698E-4 2.70879E-4 2.84196E-4 2.68538E-4 2.62097E-4 2.97492E-4 2.89585E-4 2.59805E-4 2.38829E-4 2.32149E-4 2.38231E-4 2.64702E-4 2.79158E-4 2.93679E-4 3.31226E-4 3.55743E-4
2.38462E-4 2.22726E-4 2.35331E-4 2.69275E-4 2.62241E-4 2.57845E-4 2.21359E-4 2.2434E-4 2.0483E-4 1.7133E-4 1.52829E-4 1.45266E-4 1.71895E-4 1.92008E-4 2.1188E-4 2.66122E-4 3.21613E-4 2.29991E-4 2.5399E-4 2.63106E-4 2.55914E-4 2.70421E-4 2.80005E-4 2.82436E-4 2.97625E-4 2.71955E-4 2.49489E-4 2.8687E-4 3.14653E-4 3.83291E-4 4.26159E-4 4.38806E-4 4.40304E-4 4.12528E-4 3.91364E-4 3.60306E-4 3.91554E-4 4.13524E-4 4.24191E-4 4.59119E-4 4.71088E-4 4.69758E-4 2.7793E-4 2.70707E-4 2.85409E-4 2.76629E-4 2.6033E-4 2.83551E-4 2.74359E-4 2.58952E-4 3.22115E-4 3.14388E-4 2.64642E-4 2.44236E-4 2.3088E-4 2.12586E-4 2.49323E-4 2.90775E-4 3.23776E-4 3.55899E-4 3.75622E-4
2.45441E-4 2.25229E-4 2.38306E-4 2.42161E-4 2.46134E-4 2.22253E-4 2.17913E-4 2.12433E-4 2.10586E-4 1.94853E-4 1.93652E-4 1.93052E-4 1.93095E-4 2.15278E-4 1.95124E-4 2.38464E-4 2.46746E-4 3.0221E-4 2.32874E-4 2.24356E-4 2.26303E-4 2.26245E-4 2.44474E-4 2.87498E-4 3.0053E-4 2.71988E-4 2.64395E-4 2.49144E-4 2.55119E-4 3.1786E-4 3.77558E-4 4.18572E-4 4.53721E-4 4.68922E-4 4.85762E-4 4.22955E-4 3.77149E-4 3.88659E-4 4.71435E-4 5.1615E-4 3.3233E-4 3.41925E-4 3.26168E-4 3.08269E-4 3.16662E-4 3.50122E-4 3.15192E-4 3.23856E-4 3.32252E-4 3.40759E-4 3.69639E-4 3.68909E-4 3.21082E-4 3.01525E-4 2.62784E-4 2.4142E-4 2.48468E-4 2.67548E-4 3.24534E-4 3.5925E-4 3.88957E-4
2.15664E-4 2.21738E-4 2.53957E-4 2.40041E-4 2.46412E-4 2.42691E-4 2.27499E-4 2.50888E-4 2.33124E-4 2.31861E-4 2.33111E-4 2.3364E-4 2.28917E-4 2.40593E-4 2.61011E-4 2.49504E-4 2.35336E-4 2.56E-4 1.95105E-4 2.18696E-4 2.23758E-4 2.25917E-4 2.01562E-4 2.24971E-4 2.43841E-4 2.63937E-4 2.98925E-4 3.05362E-4 2.851E-4 2.99869E-4 2.75267E-4 2.98815E-4 4.08822E-4 4.93514E-4 5.06672E-4 5.04371E-4 4.92415E-4 4.45195E-4 5.08621E-4 5.41935E-4 5.5374E-4 3.58655E-4 3.60523E-4 3.42974E-4 3.22413E-4 3.75275E-4 3.84896E-4 3.61126E-4 3.67806E-4 3.83797E-4 3.95532E-4 3.96415E-4 4.07259E-4 4.32262E-4 4.24749E-4 3.93817E-4 4.10386E-4 3.92386E-4 3.91127E-4 4.12318E-4 4.12913E-4
2.93385E-4 2.93578E-4 2.95138E-4 2.85163E-4 2.79326E-4 2.75696E-4 2.81741E-4 2.79353E-4 2.62981E-4 2.61403E-4 2.55744E-4 2.60394E-4 2.58827E-4 2.75154E-4 2.87053E-4 2.83222E-4 2.69807E-4 2.5482E-4 1.72213E-4 2.2616E-4 2.48047E-4 2.68498E-4 2.63993E-4 2.43373E-4 2.64114E-4 2.49339E-4 2.62694E-4 3.39291E-4 3.54054E-4 3.35239E-4 3.44537E-4 3.91441E-4 3.887E-4 4.42924E-4 4.70673E-4 4.82622E-4 5.0686E-4 4.9155E-4 5.07722E-4 5.4266E-4 3.59887E-4 3.66201E-4 3.73687E-4 3.75503E-4 3.78524E-4 3.31842E-4 3.96111E-4 3.5939E-4 3.38723E-4 4.26786E-4 4.25063E-4 4.35541E-4 4.35376E-4 4.57376E-4 4.55511E-4 4.67079E-4 4.67089E-4 4.47709E-4 4.57297E-4 4.47452E-4 4.62501E-4
2.48446E-4 2.78022E-4 2.77579E-4 2.87996E-4 2.8392E-4 2.97434E-4 2.86693E-4 2.76669E-4 2.81435E-4 2.80755E-4 2.76673E-4 2.76181E-4 2.9354E-4 2.88614E-4 3.01819E-4 3.04627E-4 3.05255E-4 1.97433E-4 2.13614E-4 2.07461E-4 2.59042E-4 2.67087E-4 2.8831E-4 2.79312E-4 3.07617E-4 3.0179E-4 3.09682E-4 3.44358E-4 3.63281E-4 3.43794E-4 3.24258E-4 3.31978E-4 2.96944E-4 2.97652E-4 3.51139E-4 3.50913E-4 3.3067E-4 4.07704E-4 4.54544E-4 2.98143E-4 3.38248E-4 3.46646E-4 4.00489E-4 3.96313E-4 3.60932E-4 2.86913E-4 3.84186E-4 4.26777E-4 4.14219E-4 4.37493E-4 4.48802E-4 4.45986E-4 4.57224E-4 4.57054E-4 4.70619E-4 4.68654E-4 4.6877E-4 4.84408E-4 4.61643E-4 4.48051E-4 4.33471E-4
1.66242E-4 2.16142E-4 2.39663E-4 2.52343E-4 2.66727E-4 2.68573E-4 2.52186E-4 2.39554E-4 2.56491E-4 2.65285E-4 2.8872E-4 2.78878E-4 3.01914E-4 3.0152E-4 3.16084E-4 3.18599E-4 3.26536E-4 2.35133E-4 2.44033E-4 2.45354E-4 2.64892E-4 2.57631E-4 2.78812E-4 2.36158E-4 2.63629E-4 3.13678E-4 3.3493E-4 3.59133E-4 3.76443E-4 3.86187E-4 3.87144E-4 3.62286E-4 3.31215E-4 2.80637E-4 3.14239E-4 2.6504E-4 2.79374E-4 3.47842E-4 4.3E-4 4.5298E-4 2.90929E-4 3.05411E-4 3.55143E-4 3.59708E-4 3.22068E-4 3.11439E-4 4.04078E-4 4.11309E-4 4.21058E-4 4.36832E-4 4.49073E-4 4.60491E-4 4.59618E-4 4.71182E-4 4.9433E-4 4.6905E-4 4.68528E-4 4.74347E-4 4.51593E-4 4.0422E-4 4.24305E-4
1.8171E-4 1.58146E-4 1.81746E-4 2.1198E-4 2.52007E-4 2.25572E-4 1.8517E-4 2.11195E-4 2.33698E-4 2.49614E-4 2.70692E-4 2.61216E-4 2.80873E-4 2.88469E-4 2.83943E-4 2.95839E-4 3.43219E-4 2.18073E-4 1.41402E-4 1.7215E-4 2.5132E-4 2.87605E-4 2.42673E-4 2.78226E-4 2.76922E-4 3.16963E-4 3.64088E-4 3.7679E-4 3.85811E-4 3.72381E-4 3.71099E-4 4.26253E-4 3.91135E-4 3.49551E-4 3.11614E-4 2.70936E-4 2.78121E-4 3.55259E-4 4.602E-4 5.13343E-4 3.06929E-4 3.13721E-4 3.38466E-4 3.48769E-4 3.12771E-4 3.63706E-4 4.04335E-4 4.26685E-4 4.26709E-4 4.07982E-4 4.37023E-4 4.36446E-4 4.36446E-4 4.47482E-4 4.71263E-4 4.81955E-4 4.41979E-4 3.83813E-4 3.64176E-4 3.64855E-4 3.71951E-4
1.76291E-4 1.47412E-4 1.74925E-4 2.02816E-4 1.73394E-4 1.7456E-4 1.3001E-4 2.10068E-4 1.98774E-4 1.90017E-4 1.85229E-4 2.16986E-4 2.23676E-4 2.41956E-4 1.94282E-4 2.29337E-4 2.77352E-4 3.29806E-4 1.71774E-4 1.71008E-4 2.43231E-4 2.70239E-4 2.77109E-4 3.22102E-4 2.84421E-4 2.54271E-4 3.71298E-4 3.78578E-4 3.34574E-4 3.73658E-4 3.43449E-4 4.11692E-4 4.11725E-4 4.28799E-4 4.39942E-4 4.22463E-4 4.21472E-4 4.53833E-4 5.15304E-4 5.27442E-4 3.28229E-4 3.65934E-4 3.65094E-4 3.57835E-4 3.21296E-4 3.12115E-4 3.73644E-4 4.0439E-4 3.87168E-4 3.68089E-4 3.38218E-4 3.66353E-4 3.38945E-4 3.38634E-4 4.06867E-4 3.47545E-4 3.11545E-4 3.03567E-4 2.37532E-4 2.1214E-4 2.78291E-4
1.92142E-4 1.69707E-4 1.93443E-4 1.88334E-4 1.49645E-4 1.40866E-4 1.48096E-4 2.33248E-4 2.21565E-4 1.99931E-4 2.04808E-4 2.05462E-4 2.40739E-4 2.3616E-4 1.9926E-4 2.42526E-4 2.63215E-4 2.84455E-4 2.68534E-4 2.84721E-4 3.08851E-4 3.22707E-4 3.33765E-4 3.25879E-4 3.44819E-4 3.44013E-4 2.99471E-4 2.99475E-4 2.45785E-4 2.1475E-4 2.0879E-4 2.92026E-4 3.06736E-4 3.15355E-4 3.68367E-4 3.79409E-4 3.68416E-4 4.08213E-4 4.41557E-4 2.98505E-4 3.36538E-4 3.65343E-4 3.75081E-4 3.57574E-4 3.74036E-4 2.79902E-4 2.97195E-4 3.38207E-4 3.31434E-4 2.57636E-4 2.50398E-4 2.95501E-4 2.79184E-4 3.02423E-4 3.30577E-4 2.63784E-4 2.06182E-4 2.00459E-4 2.00206E-4 2.09486E-4 2.33058E-4
1.3289E-4 1.70414E-4 1.65379E-4 1.77313E-4 1.53055E-4 1.9955E-4 2.21546E-4 2.11183E-4 2.2751E-4 2.57173E-4 2.4998E-4 2.17075E-4 2.11278E-4 1.93656E-4 1.93693E-4 2.23208E-4 2.10455E-4 2.41272E-4 3.518E-4 2.83414E-4 3.24403E-4 3.24987E-4 3.32415E-4 3.3189E-4 3.35733E-4 3.09054E-4 2.91001E-4 2.74442E-4 2.31741E-4 1.85812E-4 2.07219E-4 2.13554E-4 2.24734E-4 2.30727E-4 2.71157E-4 2.77691E-4 2.48E-4 2.62865E-4 3.28184E-4 3.54984E-4 2.74036E-4 2.88458E-4 3.45761E-4 3.64674E-4 3.83853E-4 3.20458E-4 2.11687E-4 2.01015E-4 2.50657E-4 3.00689E-4 2.68823E-4 2.35082E-4 2.41065E-4 2.54724E-4 2.54978E-4 2.36403E-4 2.00391E-4 2.04906E-4 2.62579E-4 2.91073E-4 3.216E-4
1.50459E-4 1.62024E-4 1.44324E-4 1.63074E-4 1.80268E-4 2.11032E-4 2.31159E-4 2.39314E-4 2.49733E-4 2.17885E-4 1.94601E-4 2.05742E-4 2.11737E-4 2.23163E-4 1.8155E-4 1.82054E-4 1.86405E-4 1.97012E-4 2.07238E-4 2.68765E-4 3.12744E-4 2.62711E-4 2.93331E-4 2.48279E-4 3.01326E-4 3.10135E-4 3.25033E-4 3.09362E-4 2.76786E-4 2.68972E-4 2.33056E-4 2.26476E-4 2.74336E-4 3.21286E-4 3.66351E-4 4.27962E-4 3.08646E-4 2.85014E-4 3.48202E-4 2.2831E-4 2.59842E-4 2.66673E-4 3.05298E-4 2.95768E-4 2.93612E-4 3.731E-4 3.4819E-4 2.28828E-4 2.47453E-4 3.63642E-4 3.90319E-4 3.75E-4 3.655E-4 3.55222E-4 3.01615E-4 2.70997E-4 2.55613E-4 2.54839E-4 2.6834E-4 2.7544E-4 3.62946E-4
1.33571E-4 1.40115E-4 1.41297E-4 1.36817E-4 1.66781E-4 1.86896E-4 2.36093E-4 2.24121E-4 1.99598E-4 1.99598E-4 1.98531E-4 1.58531E-4 1.58653E-4 2.03169E-4 2.39627E-4 2.52647E-4 2.39349E-4 1.66745E-4 1.96395E-4 2.68596E-4 3.06372E-4 2.94917E-4 2.35391E-4 1.73231E-4 2.05291E-4 2.55722E-4 2.69255E-4 2.61286E-4 2.32382E-4 1.96314E-4 2.02661E-4 1.65585E-4 3.03154E-4 3.94452E-4 4.14762E-4 5.94273E-4 5.44132E-4 2.92246E-4 2.10593E-4 2.86664E-4 2.11068E-4 2.74861E-4 3.1111E-4 3.36914E-4 3.64182E-4 3.63804E-4 3.73435E-4 3.92753E-4 3.74893E-4 4.12863E-4 4.13297E-4 4.06458E-4 4.05137E-4 3.37093E-4 2.50154E-4 2.5797E-4 2.8005E-4 2.86334E-4 3.06078E-4 3.87168E-4 4.44542E-4
1.29703E-4 1.67519E-4 1.36889E-4 1.3666E-4 1.48305E-4 1.74557E-4 2.21622E-4 2.41766E-4 2.62491E-4 2.55239E-4 2.84894E-4 2.83117E-4 2.59408E-4 2.81221E-4 2.8223E-4 2.31228E-4 1.94289E-4 1.9575E-4 1.56578E-4 2.23333E-4 2.7709E-4 2.55026E-4 2.08697E-4 1.58279E-4 1.37621E-4 1.68338E-4 2.15302E-4 2.48163E-4 2.40341E-4 2.15588E-4 1.82052E-4 2.59624E-4 4.37907E-4 5.49888E-4 5.94087E-4 6.1025E-4 6.00398E-4 3.75423E-4 1.99781E-4 1.89286E-4 1.43493E-4 1.43029E-4 2.20929E-4 2.79434E-4 3.44181E-4 3.03066E-4 3.35726E-4 3.83117E-4 3.71584E-4 3.93338E-4 4.25262E-4 4.24271E-4 3.83959E-4 2.53469E-4 1.64688E-4 1.79326E-4 2.41167E-4 2.68274E-4 3.51601E-4 3.83321E-4 3.73665E-4
