Artocarpus heterophyllus SDM files/Last interglacial/results (without bias file)/Arthet_5.asc
ncols         625
nrows         721
xllcorner     69.99986311115
yllcorner     5.99986151914999
cellsize      0.041666667
NODATA_value  -9999
[rows 243 to 269 of 721, columns 244 to 304 of 625]
1.025E-1 1.02946E-1 1.00383E-1 1.00315E-1 1.05456E-1 1.03169E-1 1.04087E-1 1.04102E-1 1.05732E-1 1.03845E-1 1.11821E-1 8.89707E-2 9.00952E-2 1.13329E-1 9.14124E-2 9.1637E-2 9.44071E-2 9.53072E-2 9.69559E-2 9.74086E-2 9.77486E-2 9.80604E-2 9.61473E-2 9.89276E-2 1.0044E-1 1.01751E-1 1.05681E-1 1.06437E-1 1.06559E-1 1.06981E-1 1.08845E-1 1.11789E-1 1.11091E-1 1.1043E-1 1.10025E-1 1.10331E-1 1.13854E-1 1.15563E-1 1.14889E-1 1.13954E-1 1.14537E-1 1.1426E-1 1.13158E-1 1.1485E-1 1.14386E-1 1.18012E-1 1.16333E-1 1.22517E-1 1.24188E-1 1.22099E-1 1.21289E-1 1.21554E-1 1.21654E-1 1.21046E-1 1.20058E-1 1.20622E-1 1.20791E-1 1.20963E-1 1.18307E-1 1.18293E-1 1.18837E-1
9.80214E-2 1.03259E-1 1.03932E-1 1.00499E-1 1.00652E-1 1.00376E-1 1.00941E-1 1.00398E-1 1.01828E-1 1.03816E-1 1.08562E-1 1.08428E-1 1.08557E-1 1.08415E-1 1.14762E-1 1.15004E-1 9.16089E-2 1.15649E-1 1.13794E-1 1.15678E-1 1.13189E-1 1.1588E-1 9.53471E-2 9.80319E-2 9.76676E-2 1.21897E-1 9.95033E-2 1.02497E-1 1.01915E-1 1.01883E-1 1.09937E-1 1.0926E-1 1.33359E-1 1.32469E-1 1.10806E-1 1.07535E-1 1.09061E-1 1.09224E-1 1.08333E-1 1.1136E-1 1.11645E-1 1.1181E-1 1.15142E-1 1.14963E-1 1.12231E-1 1.16273E-1 1.17364E-1 1.1785E-1 1.19524E-1 1.1899E-1 1.19632E-1 1.20182E-1 1.21496E-1 1.20374E-1 1.19575E-1 1.19849E-1 1.16831E-1 1.20529E-1 1.1751E-1 1.17547E-1 1.18398E-1
1.00489E-1 1.04965E-1 1.0504E-1 9.95795E-2 1.05353E-1 1.02299E-1 1.02488E-1 1.02007E-1 1.00062E-1 1.01201E-1 1.03758E-1 1.08749E-1 1.07605E-1 1.081E-1 1.11045E-1 1.10794E-1 1.11516E-1 1.09221E-1 1.12788E-1 1.16326E-1 1.16358E-1 1.14055E-1 1.16251E-1 1.16481E-1 1.18317E-1 1.1761E-1 1.24624E-1 1.01061E-1 9.94726E-2 1.04394E-1 1.02039E-1 1.04866E-1 1.05442E-1 1.04782E-1 1.05726E-1 1.06031E-1 1.11072E-1 1.36436E-1 1.37419E-1 1.33849E-1 1.39653E-1 1.11846E-1 1.11012E-1 1.11297E-1 1.11871E-1 1.12283E-1 1.17275E-1 1.1776E-1 1.18069E-1 1.18472E-1 1.1699E-1 1.15553E-1 1.18306E-1 1.17545E-1 1.16057E-1 1.16604E-1 1.14252E-1 1.17074E-1 1.43648E-1 1.13066E-1 1.13563E-1
9.96493E-2 9.94814E-2 1.00651E-1 9.92115E-2 9.87044E-2 9.9125E-2 9.65569E-2 9.66123E-2 1.0172E-1 1.01876E-1 1.03305E-1 1.05059E-1 1.04054E-1 1.09891E-1 1.10093E-1 1.10591E-1 1.1081E-1 1.11123E-1 1.08598E-1 1.09273E-1 1.09623E-1 1.15887E-1 1.13912E-1 1.18303E-1 1.17163E-1 1.17362E-1 1.18936E-1 1.21313E-1 1.20655E-1 1.27135E-1 1.3002E-1 1.31039E-1 1.31785E-1 1.32775E-1 1.30367E-1 1.31073E-1 1.3317E-1 1.33557E-1 1.31001E-1 1.33216E-1 1.34129E-1 1.34091E-1 1.10457E-1 1.39275E-1 1.42848E-1 1.14647E-1 1.43714E-1 1.42796E-1 1.14317E-1 1.14808E-1 1.1332E-1 1.1549E-1 1.15983E-1 1.13392E-1 1.14004E-1 1.13018E-1 1.09787E-1 1.35476E-1 1.40219E-1 1.11184E-1 1.4177E-1
9.60945E-2 9.59003E-2 9.7856E-2 9.98825E-2 9.73416E-2 9.76169E-2 9.74747E-2 9.75446E-2 9.55519E-2 9.63253E-2 9.6533E-2 9.92052E-2 1.04856E-1 1.0584E-1 1.0665E-1 1.05255E-1 1.12245E-1 1.07332E-1 1.10629E-1 1.0872E-1 1.1059E-1 1.09608E-1 1.09901E-1 1.10057E-1 1.10773E-1 1.11358E-1 1.18962E-1 1.15342E-1 1.21945E-1 1.18391E-1 1.25648E-1 1.24839E-1 1.25899E-1 1.26868E-1 1.31335E-1 1.3179E-1 1.29052E-1 1.29664E-1 1.32344E-1 1.31094E-1 1.32981E-1 1.33221E-1 1.3228E-1 1.32872E-1 1.33312E-1 1.41922E-1 1.42541E-1 1.10257E-1 1.11712E-1 1.40452E-1 1.4109E-1 1.11887E-1 1.12045E-1 1.3935E-1 1.10303E-1 1.38814E-1 1.13216E-1 1.37085E-1 1.355E-1 1.35254E-1 1.37378E-1
9.61858E-2 9.46647E-2 9.40524E-2 9.23738E-2 9.26465E-2 9.6353E-2 9.24325E-2 9.75336E-2 9.76426E-2 9.76426E-2 9.64179E-2 9.64704E-2 9.81026E-2 9.63632E-2 1.02015E-1 1.03163E-1 1.02713E-1 1.04208E-1 1.02996E-1 1.04874E-1 1.03591E-1 1.02714E-1 1.10716E-1 1.0788E-1 1.09846E-1 1.12082E-1 1.12288E-1 1.14623E-1 1.21827E-1 1.13998E-1 1.16139E-1 1.2255E-1 1.24084E-1 1.2655E-1 1.24289E-1 1.23034E-1 1.23721E-1 1.24481E-1 1.25701E-1 1.2406E-1 1.24671E-1 1.24981E-1 1.25243E-1 1.25815E-1 1.32591E-1 1.32664E-1 1.3322E-1 1.32053E-1 1.34153E-1 1.34076E-1 1.40263E-1 1.39603E-1 1.34335E-1 1.38516E-1 1.39066E-1 1.37943E-1 1.37175E-1 1.37719E-1 1.37347E-1 1.3273E-1 1.34921E-1
9.00976E-2 8.77472E-2 8.75638E-2 9.23333E-2 9.09273E-2 9.13527E-2 9.25923E-2 9.21208E-2 9.73149E-2 9.99685E-2 9.35455E-2 9.82621E-2 9.59049E-2 9.73887E-2 9.75687E-2 9.91187E-2 9.93302E-2 1.04679E-1 1.0123E-1 1.05106E-1 1.02164E-1 1.04815E-1 1.03795E-1 1.04606E-1 1.03641E-1 1.10963E-1 1.11418E-1 1.13572E-1 1.15733E-1 1.15181E-1 1.11725E-1 1.11737E-1 1.14431E-1 1.17952E-1 1.24767E-1 1.26003E-1 1.23411E-1 1.24463E-1 1.22071E-1 1.2265E-1 1.21319E-1 1.22971E-1 1.24758E-1 1.23974E-1 1.23523E-1 1.23843E-1 1.32277E-1 1.33425E-1 1.33238E-1 1.32798E-1 1.3347E-1 1.32454E-1 1.32676E-1 1.31681E-1 1.32579E-1 1.31206E-1 1.30347E-1 1.31031E-1 1.2862E-1 1.27974E-1 1.28284E-1
8.7848E-2 8.7288E-2 8.73192E-2 8.76756E-2 8.7285E-2 9.0022E-2 9.00089E-2 8.96939E-2 9.08807E-2 9.12686E-2 9.12286E-2 9.11353E-2 9.61601E-2 9.73814E-2 9.65778E-2 9.79856E-2 9.72981E-2 9.74637E-2 9.52519E-2 1.02006E-1 9.57094E-2 9.727E-2 1.04331E-1 1.0434E-1 1.03348E-1 1.04799E-1 1.05245E-1 1.05693E-1 1.09198E-1 1.1309E-1 1.12551E-1 1.09915E-1 1.11335E-1 1.15335E-1 1.18581E-1 1.17984E-1 1.19453E-1 1.17252E-1 1.15038E-1 1.21574E-1 1.20692E-1 1.23939E-1 1.24113E-1 1.23144E-1 1.23454E-1 1.21789E-1 1.21824E-1 1.22714E-1 1.24068E-1 1.23204E-1 1.23084E-1 1.21938E-1 1.29026E-1 1.29927E-1 1.31833E-1 1.30672E-1 1.29318E-1 1.30165E-1 1.30926E-1 1.30101E-1 1.27832E-1
8.75369E-2 8.77512E-2 8.73192E-2 8.69749E-2 8.66222E-2 8.50534E-2 8.51226E-2 8.50042E-2 9.12286E-2 9.11753E-2 9.23683E-2 9.40029E-2 9.235E-2 9.12105E-2 9.3479E-2 9.32811E-2 9.17117E-2 9.72981E-2 9.65857E-2 9.65016E-2 9.63337E-2 9.70207E-2 9.65069E-2 1.05646E-1 1.05029E-1 1.05677E-1 1.04436E-1 1.05424E-1 1.05431E-1 1.05894E-1 1.07599E-1 1.07414E-1 1.09258E-1 1.08962E-1 1.09318E-1 1.07749E-1 1.14053E-1 1.1585E-1 1.17763E-1 1.18094E-1 1.20952E-1 1.22956E-1 1.21325E-1 1.19001E-1 1.2046E-1 1.21654E-1 1.22252E-1 1.22321E-1 1.23456E-1 1.21738E-1 1.22774E-1 1.21247E-1 1.24536E-1 1.22524E-1 1.30921E-1 1.21784E-1 1.23474E-1 1.22997E-1 1.23507E-1 1.24494E-1 1.22811E-1
8.21088E-2 8.1858E-2 8.10498E-2 8.20284E-2 8.46742E-2 8.41967E-2 8.47972E-2 8.48097E-2 8.65425E-2 8.7028E-2 8.7456E-2 8.78556E-2 8.96864E-2 9.36268E-2 9.35993E-2 9.36898E-2 9.19122E-2 9.19337E-2 9.23538E-2 9.65857E-2 9.55652E-2 9.64201E-2 9.53957E-2 9.72055E-2 9.99683E-2 9.97957E-2 9.87516E-2 1.04568E-1 9.93844E-2 1.05655E-1 1.06134E-1 1.07058E-1 1.07971E-1 1.10541E-1 1.08713E-1 1.08151E-1 1.08659E-1 1.0995E-1 1.186E-1 1.12457E-1 1.1287E-1 1.18293E-1 1.19961E-1 1.17943E-1 1.16774E-1 1.14542E-1 1.14784E-1 1.21393E-1 1.13933E-1 1.16594E-1 1.14303E-1 1.20754E-1 1.22735E-1 1.19962E-1 1.20452E-1 1.21371E-1 1.22932E-1 1.21809E-1 1.21984E-1 1.23294E-1 1.22044E-1
1.01922E-1 9.95385E-2 8.00231E-2 7.95E-2 9.74556E-2 7.93549E-2 7.94303E-2 7.93715E-2 8.66708E-2 8.57909E-2 8.74176E-2 8.74296E-2 9.01613E-2 8.89685E-2 8.91073E-2 9.40939E-2 9.35718E-2 9.35199E-2 9.31813E-2 9.09529E-2 8.99154E-2 9.27449E-2 9.30577E-2 9.24287E-2 9.49401E-2 9.97038E-2 9.73869E-2 9.88486E-2 9.79976E-2 1.00093E-1 1.00548E-1 1.01035E-1 1.0724E-1 1.09504E-1 1.11575E-1 1.14494E-1 1.12921E-1 1.11621E-1 1.09364E-1 1.12188E-1 1.19192E-1 1.12341E-1 1.13112E-1 1.13234E-1 1.10641E-1 1.16955E-1 1.14429E-1 1.14736E-1 1.14768E-1 1.13773E-1 1.13981E-1 1.15533E-1 1.14161E-1 1.15163E-1 1.14052E-1 1.14245E-1 1.15909E-1 1.14049E-1 1.22122E-1 1.16316E-1 1.17101E-1
9.93739E-2 9.41289E-2 9.66141E-2 9.11262E-2 9.74816E-2 9.73922E-2 9.50694E-2 9.74164E-2 9.74293E-2 1.00047E-1 8.74814E-2 8.72427E-2 8.94795E-2 8.99125E-2 8.88796E-2 8.83725E-2 9.05557E-2 8.86918E-2 9.33259E-2 9.34051E-2 9.49357E-2 9.27724E-2 9.21935E-2 9.23776E-2 9.21008E-2 9.44826E-2 9.67276E-2 9.96267E-2 9.75276E-2 9.93308E-2 1.00097E-1 1.00495E-1 1.03162E-1 1.0295E-1 1.05887E-1 1.08129E-1 1.12051E-1 1.16744E-1 1.18321E-1 1.22521E-1 1.21583E-1 1.15005E-1 1.13049E-1 1.12645E-1 1.10067E-1 1.10146E-1 1.07713E-1 1.08049E-1 1.08095E-1 1.07184E-1 1.12203E-1 1.13427E-1 1.13716E-1 1.15456E-1 1.14439E-1 1.15505E-1 1.14102E-1 1.13055E-1 1.16069E-1 1.15332E-1 1.14058E-1
9.50836E-2 9.08007E-2 9.13642E-2 9.1077E-2 9.75328E-2 9.73779E-2 9.73404E-2 9.73145E-2 9.77327E-2 1.00425E-1 1.00439E-1 8.50227E-2 8.5048E-2 1.03879E-1 8.88004E-2 9.10338E-2 8.97439E-2 9.04881E-2 8.81748E-2 8.77745E-2 9.0387E-2 9.01559E-2 8.63575E-2 9.01068E-2 9.00329E-2 8.98607E-2 9.2706E-2 9.42432E-2 9.48429E-2 9.40892E-2 9.97546E-2 1.00642E-1 1.01071E-1 1.02653E-1 1.04279E-1 1.03005E-1 1.06384E-1 1.12225E-1 1.13039E-1 1.08845E-1 1.12994E-1 1.06735E-1 1.0786E-1 1.07794E-1 1.12034E-1 1.09272E-1 1.07744E-1 1.06744E-1 1.06594E-1 1.05755E-1 1.08359E-1 1.072E-1 1.0616E-1 1.06613E-1 1.08053E-1 1.08591E-1 1.13541E-1 1.13974E-1 1.11584E-1 1.06224E-1 1.12372E-1
8.97317E-2 8.73312E-2 9.1413E-2 9.13125E-2 9.21985E-2 9.21985E-2 9.21125E-2 9.20769E-2 9.25108E-2 9.73025E-2 1.00203E-1 1.03288E-1 1.03218E-1 1.04778E-1 1.07445E-1 1.03155E-1 1.03337E-1 1.06639E-1 8.58639E-2 8.60609E-2 8.57716E-2 8.50266E-2 8.47384E-2 8.54646E-2 8.54474E-2 8.90324E-2 8.79584E-2 9.27517E-2 9.32597E-2 9.57224E-2 9.70198E-2 9.71705E-2 9.78368E-2 1.00363E-1 9.98317E-2 1.00359E-1 1.02229E-1 1.0271E-1 1.03468E-1 1.02319E-1 1.0766E-1 1.0522E-1 1.0123E-1 1.03236E-1 1.01827E-1 9.95595E-2 1.04035E-1 1.03584E-1 1.09064E-1 1.09496E-1 1.07655E-1 1.06475E-1 1.0565E-1 1.05891E-1 1.06162E-1 1.06599E-1 1.06733E-1 1.07021E-1 1.04833E-1 1.0825E-1 1.07388E-1
8.91848E-2 8.83529E-2 8.80462E-2 9.08464E-2 9.48454E-2 9.21173E-2 9.19092E-2 9.22227E-2 9.18962E-2 9.21514E-2 9.48556E-2 9.53376E-2 1.03389E-1 1.04152E-1 1.04067E-1 1.01342E-1 1.00976E-1 1.00908E-1 1.00416E-1 1.03679E-1 9.86322E-2 1.03635E-1 1.01732E-1 1.03921E-1 1.02602E-1 1.0083E-1 8.37301E-2 1.03919E-1 8.55819E-2 9.05085E-2 9.4203E-2 9.53563E-2 9.57224E-2 9.56395E-2 9.31206E-2 9.49818E-2 9.5844E-2 9.83787E-2 9.83355E-2 9.90312E-2 9.89766E-2 9.92476E-2 9.59626E-2 1.01055E-1 1.00475E-1 9.94579E-2 1.0253E-1 1.00535E-1 1.00433E-1 1.02967E-1 1.01923E-1 1.00573E-1 9.98204E-2 1.00306E-1 1.01695E-1 1.07643E-1 1.08102E-1 1.06887E-1 1.07336E-1 1.08263E-1 1.06045E-1
8.78447E-2 8.60255E-2 8.56665E-2 8.60813E-2 8.61638E-2 8.8541E-2 8.66611E-2 8.67128E-2 9.13467E-2 9.49651E-2 9.4612E-2 9.76913E-2 9.7036E-2 9.65083E-2 9.60815E-2 1.00751E-1 1.00614E-1 1.00193E-1 1.00362E-1 9.8046E-2 9.74972E-2 9.78475E-2 1.03371E-1 1.03521E-1 1.02738E-1 1.02945E-1 1.02449E-1 8.35926E-2 1.01977E-1 1.00663E-1 1.01145E-1 8.48014E-2 8.38424E-2 1.04787E-1 9.44298E-2 8.88401E-2 9.67402E-2 9.84364E-2 9.87478E-2 9.66728E-2 9.75249E-2 9.53062E-2 9.70874E-2 9.72008E-2 9.46878E-2 9.72691E-2 9.36159E-2 1.00041E-1 1.01124E-1 1.00908E-1 1.002E-1 1.00993E-1 1.00933E-1 9.84695E-2 1.029E-1 1.01986E-1 1.02452E-1 1.02874E-1 1.01685E-1 1.02572E-1 1.00188E-1
8.6277E-2 8.62871E-2 8.58807E-2 8.43021E-2 8.6508E-2 8.34071E-2 8.66368E-2 8.64968E-2 9.15688E-2 9.20222E-2 9.50146E-2 9.52574E-2 9.37466E-2 9.41185E-2 9.37633E-2 9.49792E-2 9.26962E-2 9.47063E-2 9.74666E-2 9.59182E-2 9.57147E-2 9.72899E-2 9.82802E-2 9.52002E-2 9.66139E-2 9.73612E-2 1.00202E-1 9.9253E-2 8.065E-2 9.13228E-2 9.65262E-2 9.9974E-2 1.02037E-1 1.12012E-1 1.13219E-1 1.08205E-1 8.91576E-2 9.02584E-2 9.07981E-2 9.64839E-2 9.68329E-2 9.47534E-2 9.50818E-2 9.42493E-2 9.39248E-2 9.38831E-2 9.3683E-2 9.46016E-2 9.35609E-2 9.30887E-2 9.37338E-2 9.28179E-2 9.26699E-2 9.2283E-2 9.34007E-2 9.91324E-2 9.99505E-2 9.88481E-2 9.81228E-2 9.79348E-2 9.83141E-2
8.16447E-2 8.64062E-2 8.55297E-2 8.43423E-2 8.63549E-2 8.42867E-2 8.56564E-2 8.62813E-2 8.6547E-2 8.70113E-2 8.68587E-2 8.67124E-2 9.49671E-2 9.80246E-2 9.36631E-2 9.21613E-2 9.22579E-2 8.9637E-2 9.35285E-2 9.84123E-2 9.00936E-2 9.59267E-2 9.58475E-2 9.31614E-2 9.61163E-2 9.34257E-2 9.0338E-2 9.04027E-2 9.63957E-2 9.6198E-2 1.00044E-1 1.10168E-1 1.10184E-1 1.17649E-1 1.16076E-1 1.14702E-1 1.11899E-1 1.09325E-1 1.11227E-1 1.10662E-1 9.16406E-2 9.11261E-2 9.0274E-2 8.89456E-2 9.11469E-2 8.43121E-2 8.60747E-2 9.3263E-2 9.10976E-2 9.06254E-2 9.05186E-2 9.3581E-2 9.10945E-2 8.96348E-2 8.92679E-2 8.83631E-2 9.67829E-2 9.12824E-2 9.1086E-2 9.27682E-2 9.704E-2
7.90522E-2 7.92393E-2 8.06733E-2 8.11287E-2 8.42186E-2 8.35355E-2 8.46862E-2 8.59514E-2 8.42955E-2 8.47791E-2 8.4993E-2 8.48945E-2 9.0541E-2 8.85014E-2 9.36368E-2 9.10129E-2 8.95652E-2 1.0125E-1 1.04004E-1 9.65043E-2 8.96459E-2 8.86186E-2 8.72127E-2 9.1415E-2 9.28043E-2 9.60715E-2 1.01166E-1 9.63272E-2 1.00417E-1 1.02378E-1 1.04287E-1 1.04434E-1 1.07212E-1 1.04715E-1 1.07963E-1 1.06173E-1 1.07818E-1 1.01424E-1 8.93064E-2 1.07862E-1 1.08386E-1 1.04309E-1 8.65797E-2 1.0445E-1 1.02616E-1 1.02565E-1 1.02552E-1 1.02717E-1 1.02495E-1 8.38723E-2 8.41273E-2 8.89876E-2 8.79904E-2 8.68636E-2 9.04325E-2 9.62025E-2 8.68577E-2 8.72236E-2 1.07016E-1 8.7263E-2 8.78928E-2
8.10974E-2 8.06174E-2 7.98474E-2 8.08933E-2 7.95417E-2 7.9973E-2 7.99075E-2 8.00486E-2 8.34512E-2 8.26275E-2 8.46684E-2 8.27571E-2 9.00913E-2 8.96059E-2 8.59227E-2 8.22966E-2 8.21353E-2 9.16376E-2 9.16507E-2 8.51951E-2 8.91403E-2 8.83627E-2 8.91886E-2 8.98134E-2 9.62201E-2 9.91329E-2 9.84134E-2 9.90755E-2 1.00804E-1 1.06227E-1 1.05022E-1 1.0395E-1 1.03494E-1 1.05188E-1 1.02243E-1 1.02817E-1 1.05169E-1 1.10191E-1 1.0056E-1 1.02341E-1 1.03881E-1 1.06816E-1 1.03673E-1 1.06216E-1 1.09539E-1 1.08902E-1 1.08245E-1 1.06566E-1 1.01064E-1 1.00594E-1 9.96966E-2 1.02424E-1 1.06251E-1 9.06915E-2 8.19229E-2 8.81438E-2 8.14649E-2 8.48728E-2 8.24618E-2 8.50478E-2 8.13731E-2
8.14079E-2 8.09528E-2 7.85157E-2 7.84063E-2 8.08283E-2 7.82314E-2 7.84914E-2 8.00385E-2 8.523E-2 7.65253E-2 7.60568E-2 8.90721E-2 8.50994E-2 8.58957E-2 9.1718E-2 8.69832E-2 8.48072E-2 8.48961E-2 8.30028E-2 9.48342E-2 8.9853E-2 8.77035E-2 9.53679E-2 9.47911E-2 9.54682E-2 9.84159E-2 9.44674E-2 9.51117E-2 9.36422E-2 9.60365E-2 9.7212E-2 1.00829E-1 9.7989E-2 1.02557E-1 1.01193E-1 1.0138E-1 9.96352E-2 1.02087E-1 9.98066E-2 9.86138E-2 1.02306E-1 1.03115E-1 1.03526E-1 1.03348E-1 1.02632E-1 1.08358E-1 1.08462E-1 1.03181E-1 1.05394E-1 1.02414E-1 1.02415E-1 1.07242E-1 1.0438E-1 9.89952E-2 1.03236E-1 1.01155E-1 1.00526E-1 1.00441E-1 1.00521E-1 1.05226E-1 9.75286E-2
7.7986E-2 8.05099E-2 7.85126E-2 8.3496E-2 7.5102E-2 7.27081E-2 7.76104E-2 8.19946E-2 8.47993E-2 8.56504E-2 8.90886E-2 9.34618E-2 8.67232E-2 8.82112E-2 7.95543E-2 8.3498E-2 8.74796E-2 8.89547E-2 8.49605E-2 8.71775E-2 8.85708E-2 8.70952E-2 8.72781E-2 9.31655E-2 8.42035E-2 9.13534E-2 9.08552E-2 8.75019E-2 8.93747E-2 9.15554E-2 9.21825E-2 9.48753E-2 9.51169E-2 9.58464E-2 9.37509E-2 9.96998E-2 9.48984E-2 9.62044E-2 9.64353E-2 9.60297E-2 9.78234E-2 1.00274E-1 1.02823E-1 1.00987E-1 1.03389E-1 1.00899E-1 1.01171E-1 1.0179E-1 1.0531E-1 1.09102E-1 1.01988E-1 1.03709E-1 9.7846E-2 9.52932E-2 1.00106E-1 1.00558E-1 1.00444E-1 9.51822E-2 1.00017E-1 9.92848E-2 9.47051E-2
7.67211E-2 7.82354E-2 7.80556E-2 7.60095E-2 7.33634E-2 7.51954E-2 7.46589E-2 8.04324E-2 9.03018E-2 8.78664E-2 9.26193E-2 9.512E-2 9.08957E-2 1.00612E-1 8.1659E-2 8.09283E-2 8.06356E-2 8.39063E-2 7.97445E-2 8.26805E-2 8.10076E-2 8.02817E-2 8.08655E-2 8.12136E-2 8.35091E-2 9.2622E-2 8.18276E-2 8.66418E-2 9.59083E-2 8.99642E-2 9.22726E-2 9.20258E-2 9.27514E-2 9.17118E-2 8.73715E-2 8.78162E-2 8.98788E-2 8.37078E-2 8.32964E-2 8.46747E-2 8.89373E-2 9.16615E-2 9.93959E-2 9.61104E-2 1.0134E-1 1.01224E-1 9.88284E-2 9.97004E-2 1.00751E-1 9.79052E-2 1.01405E-1 9.97708E-2 9.75025E-2 9.93636E-2 1.01228E-1 9.6798E-2 9.33684E-2 9.48507E-2 9.15687E-2 9.5629E-2 9.20257E-2
7.99703E-2 7.78646E-2 8.02488E-2 7.61077E-2 7.21806E-2 8.54363E-2 9.27827E-2 8.43345E-2 6.91318E-2 7.57904E-2 9.28269E-2 1.04325E-1 9.94944E-2 9.64929E-2 8.30551E-2 8.13521E-2 8.33345E-2 8.56776E-2 8.31604E-2 8.39359E-2 8.60294E-2 8.83831E-2 8.80232E-2 9.26968E-2 8.32432E-2 9.46208E-2 9.06012E-2 8.15902E-2 8.30861E-2 8.44255E-2 8.39622E-2 8.23491E-2 8.08566E-2 9.3241E-2 8.45749E-2 8.69579E-2 9.65499E-2 8.76507E-2 8.7794E-2 8.10178E-2 8.45232E-2 8.73068E-2 9.12217E-2 9.02996E-2 9.0107E-2 9.41514E-2 9.18358E-2 9.49516E-2 9.49569E-2 9.67119E-2 9.55165E-2 1.00461E-1 1.00648E-1 9.9949E-2 9.88484E-2 1.01666E-1 1.02785E-1 1.01013E-1 9.78666E-2 9.89127E-2 9.53458E-2
9.122E-2 8.01148E-2 9.43455E-2 8.37128E-2 8.74911E-2 9.9877E-2 9.83891E-2 8.79759E-2 8.91497E-2 9.07729E-2 9.61494E-2 9.53716E-2 9.59633E-2 8.88265E-2 9.36771E-2 9.85486E-2 1.10315E-1 1.0954E-1 1.00202E-1 1.03639E-1 9.0764E-2 1.09887E-1 1.03245E-1 9.2283E-2 9.31021E-2 8.73309E-2 8.36567E-2 7.73546E-2 7.71853E-2 7.97009E-2 7.86823E-2 8.28198E-2 8.79772E-2 9.11385E-2 9.38265E-2 9.36002E-2 9.2633E-2 9.40158E-2 9.28396E-2 8.6993E-2 8.00046E-2 8.20927E-2 8.76495E-2 8.97144E-2 8.27308E-2 8.57064E-2 8.46055E-2 8.39208E-2 8.67144E-2 8.96258E-2 8.90816E-2 8.98823E-2 9.13689E-2 9.71228E-2 9.83227E-2 1.02843E-1 1.02443E-1 1.0516E-1 1.01839E-1 1.02462E-1 1.00068E-1
8.68443E-2 9.36675E-2 8.19685E-2 8.34256E-2 1.01563E-1 8.6588E-2 9.35487E-2 8.6217E-2 9.09575E-2 9.58218E-2 1.00353E-1 9.14803E-2 9.76366E-2 9.26751E-2 9.98172E-2 1.02189E-1 1.02649E-1 1.09542E-1 1.12444E-1 9.19954E-2 1.11222E-1 9.51147E-2 1.11815E-1 9.32232E-2 9.2861E-2 8.85185E-2 8.5442E-2 7.87504E-2 9.05414E-2 9.20349E-2 8.21793E-2 8.96478E-2 9.7946E-2 9.7935E-2 9.87688E-2 9.86885E-2 9.57872E-2 9.50833E-2 9.17444E-2 8.54839E-2 7.40894E-2 7.5815E-2 7.98026E-2 8.25315E-2 8.00068E-2 8.29747E-2 9.64788E-2 9.13986E-2 8.18017E-2 8.34457E-2 8.61255E-2 8.64567E-2 9.1212E-2 8.85911E-2 8.79921E-2 9.12782E-2 9.33466E-2 9.15937E-2 8.91188E-2 9.25063E-2 9.06557E-2
1.04117E-1 9.15099E-2 8.61631E-2 8.96589E-2 8.67447E-2 8.47466E-2 8.53623E-2 8.77138E-2 9.28783E-2 9.09135E-2 9.88843E-2 9.36677E-2 9.53714E-2 9.5428E-2 9.70963E-2 9.6654E-2 9.98831E-2 1.05447E-1 1.06753E-1 8.81272E-2 1.03325E-1 1.07279E-1 1.0971E-1 1.04146E-1 8.95539E-2 9.16639E-2 8.7765E-2 8.51761E-2 9.1465E-2 8.83965E-2 8.71596E-2 9.44125E-2 9.84546E-2 9.84661E-2 1.01604E-1 1.02522E-1 9.66105E-2 9.19113E-2 9.19192E-2 8.43222E-2 8.65515E-2 9.64207E-2 8.97069E-2 8.46319E-2 9.03818E-2 8.21725E-2 9.23245E-2 8.30744E-2 7.73802E-2 7.90996E-2 8.194E-2 8.24613E-2 8.71843E-2 9.23147E-2 8.94344E-2 8.60043E-2 9.07556E-2 9.41081E-2 9.23456E-2 9.03772E-2 8.74289E-2
