Artocarpus heterophyllus SDM files/Last interglacial/Environmental layers/bio1.asc
ncols  625
nrows  721
xllcorner  69.99986311115
yllcorner  5.99986151914999
cellsize 0.041666667
NODATA_value  -9999
[rows 273 to 311 of 721, columns 356 to 444 of 625]
239 239 239 239 239 238 238 237 237 237 237 236 236 236 236 235 235 233 228 225 225 227 230 231 231 231 229 225 226 224 223 221 225 229 230 230 229 225 222 223 223 223 223 223 224 224 225 225 226 227 227 226 225 226 225 225 225 224 223 223 222 217 211 212 221 227 229 230 230 230 231 231 231 231 231 231 231 231 231 231 230 230 230 230 229 229 228 229 229
239 239 239 239 238 238 238 237 237 236 236 235 235 232 229 233 231 228 226 224 222 224 225 227 230 231 230 228 227 224 222 220 220 222 223 226 225 223 221 221 222 222 223 224 224 225 225 226 225 225 225 225 225 225 225 224 223 223 224 225 224 221 211 218 223 225 228 229 229 228 229 230 231 232 232 232 231 231 231 231 231 231 230 230 229 229 229 229 230
238 238 238 239 238 238 238 237 236 236 235 233 231 228 229 233 226 227 227 222 222 224 226 228 227 227 229 228 226 223 220 218 220 222 223 224 222 222 221 222 222 222 223 223 224 224 225 225 224 224 224 225 225 225 225 224 223 222 223 225 226 221 220 225 227 227 229 230 229 227 230 231 232 232 232 232 232 232 232 232 231 231 231 231 230 230 230 230 230
238 238 238 238 238 238 237 237 235 234 234 232 229 225 224 225 228 224 224 223 221 221 223 227 226 224 225 226 224 223 221 219 220 220 221 222 222 223 223 223 223 223 222 224 224 223 224 224 223 224 224 225 225 225 226 225 223 223 224 225 227 225 227 228 229 230 230 231 231 230 231 232 232 232 232 232 232 232 232 232 232 232 231 231 230 230 230 230 230
238 238 238 237 237 237 236 237 230 229 231 229 228 226 225 222 223 223 221 221 221 221 221 223 222 221 221 222 221 221 220 220 220 219 220 221 221 222 223 224 224 225 225 225 224 223 224 223 219 224 224 225 226 226 227 226 221 224 225 225 225 219 218 222 228 228 231 231 231 232 232 232 233 233 233 233 233 232 232 232 232 232 232 231 231 231 231 231 231
238 238 237 236 236 234 234 236 233 228 227 224 223 222 222 222 222 222 222 222 221 222 221 221 220 220 221 221 221 220 220 221 221 221 220 221 222 222 222 222 223 224 225 226 226 225 225 224 224 223 223 224 225 226 227 227 222 226 225 223 224 225 222 225 226 228 231 232 232 232 232 233 233 233 233 233 232 233 233 232 232 232 232 232 232 231 231 231 231
236 232 235 230 231 232 233 229 227 225 224 223 223 223 223 223 223 223 223 223 222 223 223 221 222 221 222 223 222 222 221 221 221 222 221 221 222 223 223 224 224 224 224 226 226 226 226 226 225 224 224 225 225 226 227 228 227 227 226 224 224 225 225 224 228 229 231 231 231 231 232 233 233 233 233 233 232 232 232 233 233 233 232 232 232 232 231 231 232
235 231 228 225 226 226 227 224 223 223 223 224 224 224 224 224 224 224 224 224 224 224 224 223 223 223 223 223 224 223 222 221 222 222 222 221 221 223 225 225 226 226 226 225 226 226 227 227 226 224 224 225 226 226 227 228 229 228 227 226 227 227 228 226 226 230 231 232 232 231 232 233 233 233 233 233 233 233 232 233 233 233 233 233 233 233 232 232 232
232 227 225 224 223 224 224 224 223 223 224 224 224 224 224 224 224 223 224 225 225 225 225 225 224 225 224 224 225 224 223 222 222 223 223 223 222 223 223 223 224 225 227 227 227 227 227 228 227 226 223 224 226 228 228 229 229 229 228 225 229 228 229 230 229 229 232 232 233 233 233 233 233 233 233 233 233 233 233 233 233 233 233 233 233 233 233 232 232
230 226 224 224 224 224 224 224 223 222 223 224 223 223 223 222 222 222 223 224 224 224 224 225 226 226 226 225 226 225 223 222 223 224 224 223 222 221 222 223 224 225 226 227 227 228 228 228 228 226 224 225 226 227 228 229 229 230 229 227 228 230 230 230 230 231 232 232 233 233 234 234 234 234 234 234 234 233 233 233 233 233 233 233 233 233 233 232 232
226 224 223 223 223 223 223 223 222 222 223 223 222 221 220 220 222 223 223 224 224 225 225 226 227 227 227 226 227 227 225 224 222 223 224 224 223 223 224 225 226 226 227 228 228 228 229 229 228 226 222 224 226 227 228 229 230 231 230 230 229 228 229 229 227 230 232 233 233 234 234 234 234 234 234 234 234 234 233 233 233 233 234 233 233 233 233 233 233
224 224 223 222 222 223 222 223 220 219 222 223 221 220 218 214 218 222 224 225 225 225 225 226 226 226 227 228 228 228 228 227 224 225 226 225 225 225 224 224 226 227 227 228 229 229 230 230 228 227 226 226 226 228 229 227 230 231 231 231 229 227 228 231 226 228 232 233 233 234 234 234 235 235 235 235 234 234 234 234 234 234 234 234 234 233 233 233 233
223 222 222 221 220 220 221 222 221 219 218 218 218 217 215 213 215 220 222 222 223 222 223 223 225 226 227 227 227 227 228 229 228 227 228 226 226 226 224 225 225 225 227 227 228 229 230 230 228 227 226 227 227 229 230 227 227 227 231 231 228 228 230 232 231 230 233 233 234 234 235 235 235 235 235 235 235 235 234 234 234 234 234 234 234 234 234 233 233
223 222 220 218 219 220 219 221 221 218 215 214 214 213 213 213 213 213 215 213 219 221 222 223 224 225 225 225 226 225 225 226 228 229 229 228 228 227 226 227 226 225 226 227 228 229 230 231 230 229 228 228 228 229 230 231 228 223 226 230 229 231 232 233 233 232 233 234 235 235 235 235 236 235 235 235 235 235 234 234 235 235 234 234 234 234 234 234 234
220 219 217 217 217 217 217 217 215 215 213 213 213 214 214 214 214 214 213 212 212 218 221 223 224 225 227 227 225 222 221 223 225 228 230 230 230 230 229 229 228 226 226 229 228 229 230 231 231 229 228 229 228 229 230 231 232 232 232 233 233 233 233 233 234 234 234 234 235 235 236 235 236 235 235 235 236 235 235 235 235 235 235 235 235 234 234 234 234
219 218 217 216 215 214 213 211 212 213 212 212 212 213 214 214 215 215 215 215 215 218 221 222 224 225 227 228 227 225 223 224 226 228 229 229 229 230 231 231 230 230 230 230 230 229 230 231 232 231 230 229 230 230 231 231 232 233 233 233 233 234 234 233 234 235 235 235 235 235 236 236 236 236 236 236 236 236 235 235 235 235 235 235 235 234 234 234 234
219 216 218 220 219 216 213 210 211 211 211 212 212 212 212 214 215 215 216 217 219 220 221 222 224 225 227 228 229 228 212 200 221 226 226 227 226 223 226 230 232 232 232 231 231 231 231 232 232 232 231 231 231 231 231 232 232 232 232 233 233 234 235 234 234 235 235 236 236 236 236 236 236 236 236 236 236 236 236 236 236 235 235 235 235 235 235 234 234
217 217 218 220 222 218 218 218 218 213 211 212 213 213 212 214 213 213 214 218 221 222 222 225 224 223 223 225 230 230 223 216 221 223 223 224 224 227 226 228 229 229 232 233 233 232 232 231 232 233 232 232 231 232 232 233 233 232 232 233 234 234 234 235 235 235 236 236 236 236 236 236 236 236 236 236 236 236 236 236 236 236 236 235 235 235 235 235 235
218 217 220 221 223 222 223 224 224 222 215 214 214 215 216 214 211 211 212 217 218 223 225 226 228 226 224 225 229 231 232 230 227 228 229 226 229 230 230 231 231 230 231 232 233 234 233 232 232 234 233 234 233 232 233 234 234 233 233 233 234 234 235 235 235 236 236 236 236 236 236 236 236 236 236 236 236 236 236 236 236 236 236 236 236 235 235 235 235
218 219 221 223 224 224 223 224 225 226 224 222 218 218 222 221 217 220 217 209 202 222 226 230 230 229 225 223 227 230 232 232 231 231 231 232 230 229 230 231 232 233 233 232 233 234 234 233 232 233 234 234 234 234 234 234 235 234 234 234 234 235 235 235 236 236 236 236 236 236 236 236 236 236 237 237 236 237 237 237 236 236 236 236 236 236 235 235 235
221 222 222 223 225 223 221 218 217 223 226 223 217 219 223 224 225 226 228 227 222 224 229 231 232 229 228 227 229 230 231 233 232 233 233 233 232 231 230 230 231 232 233 234 234 234 233 234 233 232 233 234 233 235 235 234 235 235 235 235 235 235 236 236 236 237 237 237 237 237 236 236 237 237 237 237 237 237 237 237 236 236 236 236 236 236 235 235 235
223 224 224 220 222 225 223 217 217 225 223 220 224 223 223 225 226 227 228 228 215 218 231 232 233 233 234 233 233 231 232 233 234 233 234 234 234 233 232 232 233 233 233 234 235 235 235 235 235 234 234 235 234 234 235 236 236 236 236 236 236 236 236 236 237 237 237 237 237 237 237 237 237 237 237 237 237 236 236 237 237 236 236 236 236 236 236 236 236
222 223 225 225 225 226 227 226 226 225 222 223 225 227 225 224 225 226 225 227 228 231 232 232 233 233 232 233 233 234 235 235 235 235 235 236 235 235 234 233 234 235 234 234 235 235 236 236 235 235 235 236 235 235 235 235 236 236 236 237 237 237 237 237 237 237 237 237 237 237 237 237 237 237 237 237 237 237 237 237 237 236 236 236 236 236 236 236 236
224 224 225 225 226 225 223 226 227 229 229 229 229 228 228 227 227 227 226 227 228 230 232 230 229 228 228 230 231 232 234 234 235 235 235 235 236 236 236 235 235 236 236 236 236 236 237 237 237 235 235 236 236 235 235 235 235 236 236 236 237 237 237 237 237 237 237 237 236 236 237 237 237 237 237 237 237 237 237 237 237 237 237 236 237 236 236 236 236
222 223 223 223 222 223 218 215 219 226 227 228 228 229 230 230 230 230 230 229 230 231 231 228 227 227 228 230 231 232 233 234 234 234 235 236 236 236 237 237 237 237 236 236 236 236 233 236 237 237 237 237 237 237 236 236 236 236 236 236 237 237 237 237 237 237 237 237 237 237 237 237 238 238 238 238 238 238 237 237 237 237 237 237 237 236 236 236 236
218 218 217 216 216 218 216 214 213 215 225 226 222 224 226 228 227 229 229 230 230 230 228 226 225 226 227 229 232 232 233 234 234 235 235 235 236 236 237 236 236 236 235 235 236 236 232 236 236 236 237 237 237 238 237 237 237 237 236 236 237 237 237 237 238 237 237 238 238 238 238 238 238 238 238 237 237 238 238 237 237 237 237 237 237 236 236 236 236
214 213 212 213 215 215 215 214 212 214 219 219 219 216 213 213 217 225 227 228 229 228 226 223 217 224 225 227 230 231 232 233 234 234 235 235 236 236 236 236 235 235 235 236 235 235 235 234 235 235 234 236 237 237 238 238 238 238 237 236 237 237 237 237 237 237 238 238 238 238 238 238 238 238 238 237 237 238 238 238 238 237 237 237 237 237 236 237 236
213 212 212 211 212 211 211 212 211 212 212 213 213 213 210 209 214 218 226 227 229 229 228 223 218 221 224 227 228 230 232 233 234 235 235 235 236 235 235 235 235 234 234 234 235 234 234 234 233 234 234 236 237 237 237 237 238 238 238 236 237 237 238 238 238 238 237 237 238 238 238 238 238 238 238 238 238 238 238 238 238 237 237 237 237 237 237 237 237
213 212 213 213 211 211 211 211 210 211 212 213 213 213 214 214 214 215 218 224 227 230 231 229 229 225 221 221 226 229 232 233 234 234 234 234 235 235 234 234 234 233 234 235 235 235 235 235 234 235 235 235 236 237 237 237 237 238 238 238 238 238 237 237 237 237 237 237 238 238 237 238 237 238 238 238 238 238 238 238 238 237 237 237 237 237 237 237 237
214 212 213 212 212 212 211 210 210 209 211 213 214 214 214 215 215 216 217 220 225 229 228 231 233 233 231 229 229 230 231 232 232 232 233 233 234 233 233 233 233 234 234 235 236 236 235 236 236 235 236 236 235 236 236 236 237 237 237 238 238 238 238 237 237 237 237 237 238 238 237 237 238 238 238 238 238 238 238 238 238 238 237 237 237 237 237 237 237
213 212 211 212 212 211 211 211 209 208 211 212 213 214 214 214 216 218 216 216 215 220 230 230 232 234 232 231 230 231 231 232 232 232 232 232 232 232 232 232 232 233 235 235 235 237 237 236 237 236 237 235 237 236 237 237 237 237 237 238 238 238 238 238 238 238 238 238 238 238 238 238 238 238 238 238 238 238 238 238 238 238 238 237 237 237 237 237 237
212 211 211 212 212 211 210 210 210 209 211 213 214 214 215 217 220 222 223 224 224 226 229 233 234 234 233 231 229 231 231 232 233 233 233 233 233 233 232 233 233 233 233 234 235 236 236 237 237 237 236 237 237 237 237 237 238 237 238 238 239 239 239 238 238 238 238 238 238 238 238 238 238 238 238 238 238 238 238 238 238 238 238 237 238 237 237 237 237
212 210 211 211 211 211 210 209 209 210 211 213 214 213 214 215 217 221 225 229 233 233 233 232 235 234 232 228 224 226 228 231 232 233 234 234 234 234 234 233 234 233 233 234 235 236 236 236 237 238 237 237 238 238 237 237 237 238 238 238 238 238 239 239 239 239 239 239 238 239 238 238 238 238 238 238 238 238 238 238 238 238 238 238 238 237 237 237 237
214 212 212 211 212 211 211 210 209 211 213 213 213 212 212 214 220 227 231 233 233 234 235 236 235 233 231 230 222 222 221 229 230 231 233 234 234 234 235 235 234 235 234 234 235 236 236 237 238 238 238 237 238 238 238 238 238 237 237 237 237 238 238 239 239 239 239 239 239 239 238 238 238 238 238 238 238 238 238 238 238 238 238 238 238 237 237 237 237
215 214 213 213 215 215 213 211 211 213 214 214 215 214 215 217 224 228 230 231 231 234 236 236 237 236 236 234 230 219 215 220 224 228 232 233 233 233 233 234 234 235 235 234 235 236 237 237 238 238 238 239 239 239 240 239 239 238 238 238 238 238 237 238 238 239 239 239 239 239 239 238 238 238 238 238 238 238 238 238 238 238 238 238 237 237 237 237 237
216 215 214 214 217 218 214 212 213 213 216 217 218 218 220 220 224 230 232 234 234 235 235 235 237 237 236 236 235 232 222 216 222 231 233 233 232 233 234 234 234 235 236 236 235 236 236 237 237 237 237 238 238 238 239 239 240 239 238 239 238 239 238 238 238 239 239 239 239 239 239 239 239 239 238 238 238 238 238 238 238 238 238 238 238 238 237 237 237
217 218 217 216 217 218 216 214 214 214 215 218 220 222 223 226 228 233 234 235 235 235 236 237 237 238 238 237 236 234 227 229 229 232 234 234 233 234 234 235 235 235 236 236 235 236 237 237 237 237 237 238 238 238 238 238 239 240 239 239 239 239 239 239 239 239 239 239 239 239 239 239 239 239 238 238 238 238 238 238 238 238 238 238 238 237 237 237 237
218 220 219 219 219 219 217 216 214 215 215 217 219 219 219 225 229 233 234 234 235 235 235 235 237 238 239 238 237 236 235 235 233 233 234 235 235 235 236 235 236 235 235 237 237 237 236 237 238 238 238 238 239 238 238 239 239 239 240 240 240 240 239 240 240 240 240 240 239 239 239 239 239 239 239 239 239 238 238 238 238 238 238 238 238 238 237 237 237
217 221 220 221 220 219 219 218 215 216 215 217 217 215 214 216 220 224 231 235 236 236 236 237 237 238 238 239 239 238 237 234 233 233 234 235 236 236 237 237 237 237 237 237 238 238 237 237 238 239 239 238 239 239 238 238 239 239 239 239 239 238 239 239 240 240 240 240 240 239 239 239 239 239 239 239 238 238 238 238 238 238 238 238 238 238 238 238 237
