Artocarpus heterophyllus SDM files/Last interglacial/Environmental layers/bio1.asc
ncols  625
nrows  721
xllcorner  69.99986311115
yllcorner  5.99986151914999
cellsize 0.041666667
NODATA_value  -9999
[rows 117 to 155 of 721, columns 534 to 622 of 625]
-42 -51 -52 -52 -55 -53 -47 -45 -52 -55 -54 -55 -56 -53 -56 -49 -50 -49 -49 -51 -52 -53 -54 -55 -57 -57 -63 -59 -59 -53 -53 -52 -52 -50 -55 -61 -58 -58 -60 -41 -35 -50 -43 -43 -43 -32 -30 -50 -27 -34 -49 -45 -26 -40 -40 -32 -23 -13 -27 -41 -22 -17 -22 -13 -2 -4 -10 -7 -12 -13 -9 -15 -2 -3 -6 -12 -37 -33 -45 -53 -54 -54 -45 -36 -11 -52 -42 -24 -42
-36 -40 -48 -61 -58 -47 -52 -58 -54 -63 -61 -56 -53 -54 -48 -47 -47 -48 -49 -51 -53 -55 -58 -54 -56 -64 -65 -63 -53 -53 -56 -59 -55 -55 -59 -62 -52 -45 -35 -51 -46 -56 -53 -53 -47 -45 -54 -52 -21 -41 -55 -54 -46 -32 -42 -37 -24 -15 -13 -36 -37 -8 -18 -21 -31 -36 -19 -21 -15 -39 -20 -29 -31 -39 -20 2 -2 -16 -48 -53 -56 -48 -32 -25 -5 -36 -51 -48 -47
-39 -44 -46 -56 -54 -51 -62 -62 -62 -63 -62 -59 -59 -54 -47 -45 -47 -49 -51 -51 -54 -61 -64 -60 -60 -59 -61 -54 -54 -51 -43 -44 -46 -49 -46 -43 -37 -51 -51 -57 -59 -63 -58 -55 -59 -56 -58 -34 -41 -34 -41 -58 -63 -54 -36 -38 -35 -39 -14 -11 -8 -19 -32 -39 -48 -32 -24 -29 -17 -42 -28 -32 -18 -42 -29 -33 -21 -4 -52 -55 -53 -54 -50 -31 -5 -11 -42 -44 -51
-47 -60 -56 -63 -61 -59 -59 -56 -59 -53 -60 -56 -51 -46 -45 -46 -50 -54 -58 -59 -57 -62 -60 -65 -62 -60 -59 -59 -60 -63 -58 -58 -51 -49 -54 -62 -51 -66 -67 -67 -64 -68 -62 -52 -49 -60 -46 -34 -55 -59 -47 -64 -64 -63 -44 -41 -44 -33 -36 -29 -13 -37 -37 -37 -31 -28 -39 -19 -27 -37 -33 -24 -19 -32 -41 -41 -25 6 -26 -48 -52 -43 -50 -46 -31 0 -10 -32 -40
-53 -64 -63 -64 -66 -64 -55 -45 -50 -50 -46 -45 -44 -45 -47 -51 -51 -62 -62 -63 -61 -67 -62 -58 -53 -61 -54 -59 -52 -60 -59 -66 -59 -52 -53 -63 -51 -65 -74 -69 -68 -61 -59 -56 -43 -37 -33 -47 -58 -66 -59 -59 -63 -58 -44 -47 -56 -32 -16 -7 -14 -36 -49 -39 -35 -28 -18 -15 -37 -39 -27 -19 -23 -30 -37 -27 -21 0 2 -14 -39 -43 -8 -18 -25 2 8 -16 -16
-56 -59 -64 -64 -60 -55 -44 -40 -42 -43 -49 -48 -45 -48 -51 -50 -55 -56 -57 -63 -65 -61 -54 -47 -54 -57 -52 -55 -52 -43 -47 -54 -55 -58 -62 -64 -70 -55 -68 -58 -57 -48 -46 -48 -45 -45 -38 -46 -57 -64 -62 -63 -66 -54 -53 -58 -58 -39 -18 -15 -27 -35 -40 -47 -38 -19 -27 -35 -40 -31 -21 -22 -34 -41 -35 -34 -23 -16 -3 10 4 -9 -17 -6 0 -14 -15 1 6
-63 -60 -65 -64 -63 -61 -49 -42 -59 -54 -58 -58 -48 -56 -53 -56 -59 -63 -58 -62 -67 -62 -53 -44 -55 -47 -54 -46 -47 -44 -57 -58 -59 -58 -55 -61 -84 -74 -72 -62 -52 -67 -56 -64 -56 -57 -55 -58 -55 -62 -62 -58 -54 -59 -53 -37 -43 -23 -14 -33 -39 -42 -50 -53 -38 -20 -32 -46 -42 -27 -24 -29 -29 -41 -32 -26 -18 -16 -11 -7 -2 -6 -20 -3 -28 -25 -25 -39 -35
-64 -62 -58 -54 -58 -54 -46 -47 -60 -59 -59 -59 -56 -54 -58 -60 -60 -62 -63 -65 -60 -53 -50 -45 -49 -40 -43 -34 -39 -51 -47 -59 -63 -65 -65 -53 -53 -56 -59 -66 -71 -74 -59 -58 -56 -60 -56 -57 -62 -61 -58 -55 -51 -47 -56 -44 -23 -17 -17 -22 -22 -18 -43 -59 -48 -20 -36 -43 -46 -49 -47 -44 -33 -35 -24 -19 -12 -18 -16 -13 -12 -10 0 -20 -32 -31 -19 -33 -48
-58 -59 -52 -57 -50 -50 -50 -43 -47 -50 -53 -55 -56 -58 -57 -56 -58 -63 -57 -53 -54 -50 -39 -54 -52 -45 -34 -39 -44 -39 -56 -58 -50 -59 -68 -62 -52 -48 -62 -51 -51 -53 -54 -55 -52 -46 -55 -52 -56 -57 -61 -55 -45 -52 -62 -55 -48 -53 -62 -63 -64 -47 -21 -45 -60 -37 -29 -31 -33 -32 -37 -42 -47 -39 -24 -33 -18 -21 -37 -22 -7 2 -6 1 -10 -28 -28 -30 -39
-48 -47 -50 -53 -50 -43 -43 -47 -49 -58 -53 -52 -49 -52 -53 -54 -55 -62 -60 -58 -46 -49 -41 -41 -37 -38 -34 -40 -44 -55 -57 -66 -58 -62 -66 -61 -62 -55 -44 -57 -44 -58 -60 -62 -55 -42 -44 -39 -35 -38 -49 -49 -33 -52 -58 -59 -63 -70 -64 -60 -59 -47 -24 -40 -34 -30 -41 -46 -43 -44 -37 -38 -43 -32 -33 -38 -20 -15 -27 -12 -12 -8 -8 -11 0 -8 -18 -24 -35
-59 -50 -41 -44 -40 -47 -45 -50 -53 -51 -51 -49 -45 -48 -49 -49 -52 -56 -61 -55 -59 -61 -52 -53 -50 -36 -33 -54 -63 -61 -60 -66 -66 -64 -59 -64 -57 -51 -41 -52 -43 -58 -60 -58 -57 -60 -53 -49 -36 -14 -11 -12 -38 -45 -44 -60 -52 -59 -54 -47 -22 -42 -41 -63 -54 -36 -53 -56 -58 -54 -50 -45 -47 -50 -45 -33 -26 -22 -35 -11 -26 -16 -8 -29 -24 -9 -8 -24 -32
-45 -46 -46 -43 -47 -48 -47 -51 -51 -49 -47 -50 -47 -55 -56 -55 -55 -51 -46 -45 -44 -51 -57 -62 -60 -55 -56 -36 -47 -35 -52 -60 -56 -48 -47 -59 -70 -55 -47 -33 -30 -30 -38 -31 -32 -53 -29 -14 -21 -32 -47 -45 -29 -42 -66 -67 -67 -61 -43 -29 -50 -63 -45 -70 -53 -35 -51 -61 -65 -57 -64 -48 -57 -53 -57 -46 -53 -35 -49 -33 -29 -24 -17 -30 -25 -15 -6 -22 -25
-32 -35 -39 -40 -43 -50 -49 -56 -43 -40 -43 -43 -47 -52 -53 -56 -54 -50 -56 -57 -52 -48 -40 -35 -40 -45 -52 -50 -43 -48 -36 -35 -38 -53 -52 -53 -54 -56 -65 -62 -53 -54 -50 -56 -45 -18 -22 -32 -45 -58 -64 -63 -49 -31 -38 -68 -65 -44 -50 -47 -51 -64 -58 -72 -51 -43 -54 -67 -63 -52 -64 -53 -55 -58 -59 -43 -54 -39 -52 -50 -50 -45 -24 -43 -29 -13 -10 -14 -18
-46 -38 -54 -57 -47 -48 -44 -44 -49 -49 -49 -48 -51 -51 -52 -56 -58 -61 -62 -54 -50 -41 -46 -61 -59 -49 -44 -34 -34 -36 -39 -44 -32 -26 -29 -25 -29 -25 -55 -61 -66 -64 -56 -51 -52 -26 -44 -49 -61 -67 -80 -72 -42 -71 -41 -62 -76 -71 -51 -54 -76 -63 -58 -69 -54 -67 -55 -70 -67 -60 -41 -59 -40 -53 -53 -49 -54 -55 -54 -53 -47 -44 -46 -46 -24 -37 -27 -29 -36
-61 -45 -46 -60 -50 -43 -45 -52 -57 -59 -60 -55 -55 -58 -58 -53 -53 -54 -67 -56 -58 -46 -61 -66 -55 -65 -59 -43 -59 -52 -42 -37 -42 -46 -58 -57 -47 -34 -16 -30 -52 -50 -60 -51 -16 -20 -63 -60 -57 -35 -50 -66 -65 -69 -66 -58 -72 -60 -65 -23 -43 -48 -25 -50 -43 -50 -67 -55 -49 -63 -33 -48 -42 -38 -57 -51 -45 -45 -47 -47 -52 -53 -54 -47 -25 -44 -52 -46 -48
-60 -43 -58 -59 -56 -49 -50 -59 -56 -52 -60 -58 -59 -59 -60 -53 -50 -58 -66 -58 -58 -45 -59 -69 -62 -59 -56 -51 -54 -74 -63 -59 -55 -70 -65 -67 -65 -62 -45 -27 -13 -35 -45 -33 -10 -43 -63 -65 -34 -35 -26 -67 -51 -38 -36 -38 -56 -66 -49 -51 -12 -44 -43 -16 -12 -30 -61 -53 -29 -55 -48 -29 -42 -31 -56 -55 -35 -51 -52 -51 -41 -48 -52 -46 -29 -53 -55 -54 -54
-45 -41 -42 -40 -43 -40 -43 -50 -46 -48 -54 -56 -60 -55 -53 -58 -44 -64 -56 -58 -59 -56 -51 -57 -60 -62 -61 -61 -68 -65 -60 -69 -81 -70 -53 -45 -54 -31 -39 -25 -5 11 11 11 -15 -44 -23 -45 -33 -19 -10 -54 -48 -31 -22 -43 -36 -62 -48 -38 -46 -8 -37 -55 -26 -13 -36 -48 -30 -53 -42 -25 -52 -28 -44 -50 -49 -30 -37 -53 -42 -44 -51 -44 -52 -45 -46 -46 -52
-58 -45 -53 -46 -49 -50 -51 -55 -58 -50 -59 -61 -60 -59 -56 -42 -41 -53 -61 -51 -56 -56 -59 -48 -48 -53 -51 -55 -51 -51 -52 -56 -61 -56 -60 -49 -16 -32 -26 -12 -50 -24 -41 -14 -3 5 1 -25 -6 -13 1 -50 -35 -52 -20 -14 -27 -35 -57 -49 -23 -28 -5 -32 -41 0 -53 -31 -35 -69 -56 -25 -48 -38 -17 -52 -51 -24 -29 -47 -57 -34 -44 -43 -55 -56 -45 -40 -35
-58 -55 -54 -43 -49 -58 -49 -61 -57 -59 -51 -60 -62 -61 -59 -55 -38 -55 -52 -46 -55 -57 -56 -59 -45 -39 -38 -55 -62 -62 -55 -39 -37 -26 -19 -22 -47 -62 -29 -45 -64 -26 -68 -44 -52 -47 -14 13 13 12 20 5 -4 -43 -32 10 -26 -23 -34 -32 -43 -4 3 12 12 -4 -19 -15 -50 -70 -31 -17 -29 -33 -5 -31 -15 -20 -36 -44 -55 -51 -26 -37 -54 -49 -54 -46 -50
-58 -51 -54 -51 -56 -61 -53 -52 -59 -59 -58 -58 -53 -59 -53 -49 -45 -35 -48 -43 -56 -63 -44 -56 -58 -50 -33 -55 -59 -55 -44 -62 -52 -50 -54 -33 -65 -48 -40 -66 -71 -42 -72 -34 -5 5 -7 4 -34 -34 -19 12 20 14 5 12 34 -6 -4 29 1 21 34 6 -36 0 -38 -40 -57 -60 -50 -38 -9 -55 -30 3 -26 -26 -44 -52 -54 -49 -38 -11 -32 -41 -52 -48 -50
-62 -52 -56 -60 -53 -54 -60 -52 -55 -57 -57 -60 -57 -47 -55 -58 -45 -27 -27 -29 -51 -63 -40 -50 -56 -59 -42 -30 -49 -60 -74 -81 -72 -84 -79 -71 -75 -62 -54 -59 -64 -68 -56 -32 -21 -16 -38 -22 -7 -47 -17 -19 -7 -3 27 28 40 41 17 22 41 28 -2 -10 -37 -41 -39 -64 -61 -34 -39 -37 3 -35 1 -35 -54 -48 -54 -54 -54 -50 -47 -13 -31 -45 -50 -46 -45
-57 -59 -59 -58 -59 -56 -55 -53 -55 -56 -57 -57 -49 -52 -42 -60 -50 -45 -34 -20 -41 -39 -36 -52 -44 -49 -40 -14 -31 -45 -61 -59 -61 -62 -64 -43 -43 -26 -53 -22 -39 -44 -34 -51 -52 -27 -45 -30 -12 -20 -43 -49 -28 -23 -9 -25 5 12 7 37 51 64 52 39 3 -41 -27 -10 -26 -39 -32 -8 5 15 23 4 -7 -30 -40 -49 -47 -46 -28 -22 1 -15 -37 -46 -46
-47 -51 -53 -52 -56 -59 -51 -52 -60 -51 -50 -51 -48 -44 -38 -57 -55 -53 -46 -29 -12 -23 -37 -39 -55 -35 -20 -54 -70 -61 -57 -40 -41 -36 -64 -48 -55 -30 -10 -9 -10 -31 -30 -36 -49 -47 -58 -15 -26 -15 -35 -40 -27 -7 -36 -16 -26 -12 1 2 29 31 48 66 22 -12 -24 -4 24 14 -17 -30 -38 -25 12 17 -21 -16 -26 -31 -45 -41 -29 3 7 -40 -43 -41 -44
-46 -41 -52 -46 -58 -50 -49 -50 -57 -54 -51 -44 -49 -54 -35 -45 -54 -53 -48 -37 -18 -28 -30 -39 -49 -39 -15 -54 -59 -53 -44 -30 -21 -21 -36 -46 -48 -38 -45 -34 -29 -4 -34 -55 -46 -36 -74 -52 -23 -29 -15 -16 -31 -45 -35 -45 -57 -30 -27 -16 -26 8 -2 54 59 44 13 31 8 0 8 -11 -24 -26 -3 29 12 -30 -51 -46 -49 -32 -12 -11 15 -23 -32 -42 -33
-51 -38 -46 -51 -49 -45 -49 -56 -50 -49 -54 -50 -36 -48 -36 -27 -51 -52 -49 -43 -12 -30 -55 -55 -43 -33 -8 -48 -34 -41 -37 -41 -39 -15 -47 -31 -37 -38 -41 -53 -44 -15 -25 -44 -15 -61 -46 -61 -38 -21 -32 -29 -14 -46 -15 -28 -35 -27 -10 -47 -12 -24 -8 23 21 44 59 32 -3 -25 -23 -20 -25 -28 -23 -4 28 24 -20 -24 -2 -19 -12 22 4 -22 -39 -22 -37
-40 -33 -41 -47 -51 -55 -52 -54 -49 -40 -53 -48 -35 -22 -32 -14 -38 -52 -44 -40 -21 -13 -43 -53 -52 -52 -21 -10 -32 -34 -36 -27 -5 -31 -49 -30 -32 -40 -25 -32 -50 -21 -7 -23 -38 -37 -21 -56 -26 -41 -16 -13 -9 -2 -7 -38 -9 -22 -7 -37 -38 -26 -21 -23 0 18 18 58 54 21 11 4 -14 -36 -11 -6 -4 14 33 12 -3 13 13 14 -36 -32 -35 -31 -18
-26 -48 -53 -52 -52 -50 -52 -51 -48 -38 -54 -56 -53 -31 -11 -4 -23 -35 -45 -20 -7 -40 -35 -50 -55 -49 -47 -20 -7 -3 -10 -10 5 -34 -40 -19 -20 -40 -17 -39 -30 -35 6 -22 -26 -18 -37 -29 -25 -35 -33 -40 -37 -21 5 13 0 -29 4 -18 -41 -7 -33 -40 -17 34 49 38 36 47 50 26 4 -15 -31 -35 -26 9 8 29 39 29 2 -2 4 -10 -35 -31 -30
-48 -42 -45 -48 -50 -46 -43 -45 -46 -35 -47 -53 -47 -39 -16 -4 -11 -6 -19 -7 -11 -44 -55 -52 -52 -42 -40 -45 -44 -33 -33 -31 -12 4 -11 -13 -9 -23 -15 -4 8 7 7 -16 -32 -42 -32 -11 -34 -32 -25 -22 -35 -31 -28 -14 5 19 20 6 3 -13 3 20 26 49 63 40 0 -24 4 41 45 24 -7 -27 -8 -26 -2 14 40 11 -18 -35 -29 -24 -18 -24 -43
-54 -53 -48 -40 -45 -52 -50 -52 -48 -34 -32 -43 -47 -26 -15 -27 -47 -25 -13 -19 0 -24 -37 -50 -50 -48 -35 -27 -40 -43 -47 -44 -38 -16 13 6 5 0 6 -6 -26 -18 -12 -8 -16 -18 -17 -28 -30 -29 -28 -21 -14 -18 -11 -21 -14 4 17 21 36 11 35 34 37 11 32 64 37 -9 -24 -13 1 37 43 -9 -24 -33 -9 -15 19 40 4 -8 -28 -25 -41 -35 -46
-49 -44 -36 -30 -30 -47 -42 -52 -55 -45 -34 -18 -18 -8 -15 -40 -55 -35 -46 -51 -30 7 -13 -44 -38 -35 -35 -23 -6 -34 -21 -29 -31 0 -16 -32 -28 -35 -26 -43 -43 -41 -30 -25 -24 -27 -31 -36 -36 -33 -28 -27 -25 -34 -27 -35 -33 -15 -16 -24 15 40 6 10 -10 -16 12 50 67 36 27 0 -31 -8 18 41 18 0 -7 -18 15 34 -10 -35 -24 -13 -34 -43 -51
-51 -50 -32 -34 -28 -27 -30 -36 -44 -36 -34 -16 -25 -32 -24 -44 -60 -49 -62 -58 -38 -14 6 4 4 6 11 7 10 8 12 8 12 8 -14 -39 -48 -44 -42 -37 -33 -31 -34 -33 -35 -39 -29 -29 -28 -27 -27 -35 -32 -33 -30 -28 -25 -25 -29 -20 14 12 -9 -7 -62 -12 17 32 75 84 75 55 28 7 -15 12 35 40 40 28 45 43 31 13 -7 -2 -32 -30 -30
-54 -47 -40 -43 -38 -47 -38 -30 -28 -24 -19 -36 -50 -48 -25 -42 -60 -59 -61 -55 -46 -29 -36 -12 -17 -6 -14 -11 -11 0 -3 -29 -4 18 15 4 -14 -25 -16 -24 -16 -17 -38 -25 -13 -29 -26 -20 -30 -22 -32 -32 -30 -26 -34 -30 -33 -29 -18 9 21 -16 -56 -27 -69 -26 2 43 69 60 75 62 66 52 -7 -8 1 0 23 29 20 0 3 25 36 11 -27 -10 -30
-54 -47 -40 -46 -44 -48 -49 -48 -27 -27 -39 -40 -56 -53 -41 -53 -55 -64 -61 -52 -53 -49 -53 -40 -25 2 -24 -43 -37 -23 -41 -43 -28 3 17 6 18 6 9 12 6 6 -25 -20 -9 -32 -29 -4 -20 -10 -35 -29 -19 -28 -32 -29 -28 -22 -7 16 0 -33 -60 -39 -41 -81 -31 25 59 57 54 76 84 76 17 7 -13 -4 -2 -5 -9 -23 -18 0 19 35 26 7 -25
-47 -42 -39 -40 -42 -45 -50 -26 -42 -54 -42 -54 -61 -54 -54 -53 -63 -60 -53 -56 -57 -55 -48 -39 -17 3 -37 -52 -43 -45 -26 -12 -5 7 -20 -29 -18 5 12 25 17 17 17 1 -7 -8 3 16 16 -7 -33 -14 -31 -33 -28 -26 -20 -28 -18 14 2 -34 -23 -27 15 22 23 31 15 49 48 24 70 85 12 33 -5 8 -6 -1 -13 -35 -12 -26 -10 5 25 23 30
-41 -34 -33 -34 -41 -46 -54 -33 -51 -60 -49 -51 -63 -54 -55 -55 -59 -53 -49 -42 -36 -44 -45 -35 -15 -7 -6 -40 -56 -40 -45 -30 -30 0 -25 -47 -38 -32 1 -14 -19 -6 20 29 25 24 20 15 24 25 -10 -2 -27 -34 -29 -21 -25 -17 -5 13 -11 -33 -13 6 27 -12 6 36 31 10 2 52 59 94 62 62 17 27 22 7 14 11 1 -36 -25 -10 0 -22 -4
-23 -24 -29 -32 -39 -52 -58 -47 -42 -52 -58 -56 -60 -57 -52 -51 -55 -54 -56 -56 -47 -24 -31 -26 -37 -18 -36 -20 -32 -50 -55 -51 -39 -8 -31 -48 -40 -30 -1 -31 -33 -17 0 -14 -12 -3 -16 -22 -17 24 32 8 -31 -34 -24 -21 -29 -22 -21 10 -18 -27 -10 33 9 -55 -34 -10 -38 -40 2 32 32 69 92 85 33 39 47 22 26 3 -4 -28 -3 13 -11 -45 -20
-33 -33 -33 -32 -39 -51 -46 -40 -40 -47 -59 -60 -54 -55 -53 -41 -47 -57 -51 -50 -38 -44 -54 -53 -48 -29 -51 -40 -32 -27 -50 -45 -31 -21 -47 -45 -30 -15 -23 -41 -44 -29 -9 -34 -36 -29 -36 -19 1 9 37 23 -2 -30 -19 -21 -28 -30 -23 5 -14 -15 12 34 8 -41 -88 -106 -74 -48 -4 -5 33 53 101 85 32 70 30 3 -8 6 -11 -27 -14 -30 -21 -41 -33
-44 -38 -37 -29 -43 -52 -59 -51 -47 -49 -58 -60 -47 -45 -47 -42 -49 -53 -56 -50 -51 -44 -56 -57 -40 -33 -45 -51 -42 -38 -47 -49 -44 -28 -45 -40 -33 -24 -38 -45 -42 -32 -20 -36 -41 -40 -27 -16 -28 -17 31 39 21 -1 -9 -20 -22 -26 -17 1 -19 -21 -12 22 34 -3 -46 -69 -44 -29 -1 25 46 70 83 102 52 88 46 20 10 -6 -8 -14 4 -31 -29 -21 -24
-43 -34 -34 -25 -41 -52 -58 -55 -55 -50 -53 -56 -54 -50 -41 -38 -41 -53 -52 -54 -49 -42 -54 -44 -48 -36 -43 -43 -45 -46 -38 -47 -43 -32 -44 -34 -33 -24 -44 -41 -37 -27 -38 -34 -40 -34 -36 -32 -32 -11 -3 10 41 36 22 0 -17 5 -19 -18 -23 -16 16 37 -2 -22 -45 -10 -32 -15 -12 9 3 34 85 106 66 81 56 27 -2 15 -11 17 -7 -10 13 -15 -25
