Artocarpus heterophyllus SDM files/Last interglacial/Environmental layers/bio1.asc
ncols  625
nrows  721
xllcorner  69.99986311115
yllcorner  5.99986151914999
cellsize 0.041666667
NODATA_value  -9999
[rows 39 to 77 of 721, columns 89 to 177 of 625]
118 119 100 83 65 28 34 37 42 78 91 97 100 101 103 101 92 72 72 88 99 98 97 83 61 47 8 -14 -46 -21 7 -9 -38 -37 -30 -41 -37 -33 -36 -59 -54 -68 -70 -59 -53 -24 -32 -24 -40 -33 -42 -42 -55 -59 -9 -9 -29 -38 -77 -76 -48 -27 -25 -34 -35 -45 -44 -33 -52 -78 -62 -50 -35 -17 -33 -57 -65 -80 -76 -94 -105 -104 -108 -114 -111 -120 -114 -113 -104
105 85 110 73 38 -6 -10 7 28 50 81 89 97 100 101 103 103 101 99 100 100 99 98 76 31 13 2 -11 0 2 28 1 -10 -35 -41 -37 -27 -40 -52 -54 -66 -65 -62 -46 -22 -33 -72 -48 -66 -51 -60 -52 -64 -53 -16 -71 -81 -56 -50 -62 -44 -49 -45 -43 -39 -34 -48 -39 -35 -53 -77 -79 -52 -38 -21 -36 -35 -46 -44 -58 -72 -79 -81 -89 -96 -104 -110 -107 -116
65 50 89 87 69 50 17 13 38 54 70 84 93 98 102 104 104 103 103 102 101 100 99 77 24 26 58 56 50 53 19 -20 -30 -24 -20 -12 3 16 -4 -29 -64 -35 -46 -32 -21 -59 -67 -64 -70 -62 -79 -47 -25 -16 -15 -80 -87 -78 -70 -67 -63 -62 -46 -69 -61 -44 -61 -51 -51 -43 -47 -54 -65 -59 -36 -24 -27 -24 -24 -29 -42 -50 -54 -64 -64 -86 -75 -91 -104
71 41 55 54 52 39 24 -3 -9 3 36 58 79 93 99 102 105 104 104 103 102 101 100 83 64 89 85 68 79 47 7 -14 12 34 41 28 -11 -16 -11 2 -9 -25 -34 -62 -48 -49 -63 -71 -85 -82 -91 -79 -55 -33 -6 -25 -43 -61 -67 -80 -65 -77 -69 -70 -75 -50 -58 -75 -76 -62 -63 -74 -53 -38 -30 -47 -72 -55 -46 -33 -31 -34 -36 -34 -44 -52 -58 -71 -79
85 88 82 49 44 51 26 -12 18 11 18 20 46 70 83 103 105 103 104 104 103 103 101 99 99 98 77 36 46 60 64 52 51 15 0 -14 -39 -29 -39 -37 -18 -24 -50 -58 -64 -57 -61 -75 -88 -78 -67 -83 -75 -38 -17 -53 -30 -34 -34 -64 -61 -61 -78 -97 -69 -73 -53 -72 -62 -52 -75 -88 -58 -48 -37 -35 -62 -79 -77 -58 -44 -42 -30 -23 -31 -29 -37 -47 -57
132 129 115 95 91 70 26 33 68 72 66 64 87 93 104 99 96 102 101 103 104 104 103 102 101 100 98 92 72 48 16 0 3 -12 -33 -27 -18 -6 -31 -47 -25 -46 -36 -38 -52 -52 -51 -72 -56 -48 -45 -70 -63 -18 -52 -73 -69 -75 -63 -56 -53 -62 -73 -85 -79 -62 -63 -81 -74 -66 -64 -74 -70 -68 -69 -48 -38 -57 -86 -96 -93 -86 -79 -64 -41 -30 -24 -30 -40
126 116 115 130 85 65 65 63 88 109 93 101 85 55 90 92 93 96 99 101 103 105 104 103 103 102 100 100 85 72 15 14 1 -26 -25 -17 2 -17 -48 -48 -36 -37 -44 -53 -54 -29 -53 -74 -63 -78 -69 -50 -40 -18 -29 -81 -89 -98 -96 -87 -72 -79 -93 -99 -98 -90 -88 -87 -69 -70 -84 -82 -93 -86 -69 -64 -44 -69 -83 -87 -80 -89 -72 -79 -60 -47 -36 -37 -32
102 80 80 103 125 118 117 114 109 79 48 91 61 35 38 61 85 87 94 101 103 106 105 104 104 103 102 101 84 55 66 31 18 1 -24 -15 11 24 -5 -21 -30 -12 -33 -40 -18 -48 -36 -68 -92 -78 -81 -60 -46 -15 -29 -68 -82 -81 -90 -96 -94 -92 -77 -86 -82 -98 -86 -92 -89 -85 -102 -107 -100 -81 -89 -60 -52 -53 -71 -93 -87 -67 -55 -41 -39 -62 -80 -68 -47
94 78 76 68 95 72 74 98 104 85 44 78 50 10 23 42 58 80 89 98 103 104 104 105 105 104 103 99 77 87 83 69 60 41 -6 -21 -16 32 24 30 6 -21 -38 -47 -13 -21 -29 -51 -63 -60 -59 -49 -58 -19 -32 -65 -67 -65 -53 -51 -72 -71 -54 -56 -69 -69 -71 -72 -85 -94 -97 -108 -98 -86 -74 -63 -72 -73 -64 -67 -93 -93 -76 -45 -36 -60 -86 -88 -72
119 125 102 63 53 40 61 71 87 74 39 52 41 0 -20 3 50 56 70 89 96 99 98 100 104 104 104 104 103 101 97 91 73 54 16 2 -16 -2 55 23 -26 -48 -36 -27 -15 -44 -33 -28 -51 -63 -70 -73 -82 -54 -79 -97 -133 -100 -68 -70 -73 -71 -80 -54 -62 -94 -96 -94 -88 -82 -78 -104 -100 -97 -105 -72 -90 -98 -83 -88 -99 -76 -60 -39 -46 -61 -75 -92 -88
141 142 123 101 78 55 46 46 71 46 40 39 45 24 -3 5 14 16 12 67 91 90 89 94 99 103 104 104 104 102 99 72 71 75 58 38 11 8 53 15 -41 -46 -22 11 -37 -48 -55 -51 -46 -54 -62 -69 -78 -78 -99 -116 -106 -79 -75 -90 -101 -95 -73 -55 -66 -69 -88 -105 -78 -57 -64 -86 -82 -100 -103 -90 -88 -95 -67 -79 -77 -68 -54 -41 -44 -44 -57 -80 -99
143 119 121 120 108 90 66 66 69 80 84 81 79 49 25 3 -25 -22 1 37 78 81 82 91 96 102 103 103 105 104 103 88 89 94 85 61 38 64 51 8 -36 -22 -29 19 -2 -20 -37 -42 -45 -55 -56 -55 -58 -64 -76 -66 -51 -78 -90 -92 -79 -71 -53 -87 -95 -87 -93 -97 -93 -72 -56 -58 -73 -99 -91 -85 -68 -80 -76 -55 -51 -59 -49 -40 -41 -73 -55 -55 -71
138 125 96 100 86 81 90 106 95 113 105 73 59 66 64 21 -24 -34 1 29 56 70 77 83 91 95 100 102 105 105 104 103 101 95 75 59 75 82 41 0 -23 -20 -3 25 -14 -20 -38 -33 -56 -41 -30 -53 -65 -65 -57 -46 -39 -57 -64 -84 -75 -69 -56 -77 -91 -85 -95 -102 -81 -64 -56 -47 -66 -68 -47 -51 -43 -41 -45 -52 -55 -43 -49 -61 -48 -58 -85 -67 -53
113 116 108 120 102 104 113 102 128 111 92 72 63 92 70 55 -9 -24 -6 17 37 57 67 75 84 88 94 101 102 104 103 104 103 90 87 79 84 88 65 41 -3 -29 -18 18 21 -13 -29 -32 -23 -16 -48 -58 -59 -35 -29 -53 -63 -58 -66 -81 -71 -76 -82 -65 -56 -77 -89 -98 -86 -80 -79 -66 -46 -70 -72 -56 -44 -67 -71 -67 -93 -59 -73 -70 -44 -62 -85 -78 -75
126 110 106 124 128 118 138 129 137 124 114 104 91 106 91 65 19 -26 -21 0 19 41 54 68 76 85 92 97 100 104 106 106 105 103 100 98 94 93 76 50 31 -15 -23 -13 32 -15 -20 -12 -33 -28 -12 -34 -20 -39 -69 -78 -79 -83 -90 -92 -80 -98 -95 -69 -77 -52 -84 -80 -87 -92 -65 -60 -51 -43 -54 -41 -49 -59 -92 -82 -98 -78 -89 -62 -52 -73 -87 -85 -74
108 107 110 122 150 141 150 156 154 148 140 122 123 86 64 57 14 -24 -27 -15 3 24 43 63 73 81 89 94 96 100 104 105 106 106 104 102 95 84 70 70 37 7 -28 -10 16 12 9 -17 -10 -30 -34 -1 -3 -29 -39 -47 -48 -58 -72 -96 -98 -96 -77 -98 -79 -56 -51 -84 -96 -93 -76 -59 -58 -75 -50 -40 -72 -50 -71 -99 -107 -90 -91 -93 -76 -61 -93 -104 -87
121 116 125 129 138 162 157 151 145 125 128 130 125 92 77 49 48 12 -30 -32 -19 9 36 52 60 76 85 88 92 96 101 105 107 107 105 102 98 96 90 74 45 23 -6 -25 -16 15 29 8 19 -27 -43 -7 -4 -62 -58 -48 -78 -97 -84 -69 -63 -91 -96 -91 -83 -53 -40 -54 -62 -85 -91 -79 -74 -86 -64 -37 -54 -61 -76 -87 -92 -82 -83 -67 -65 -58 -74 -89 -77
150 138 119 113 129 156 163 153 142 133 122 106 123 121 97 55 75 44 -2 -32 -39 -19 24 49 61 71 79 86 91 96 100 104 106 107 106 104 99 96 82 49 54 29 -2 -13 5 17 17 38 26 -10 -2 18 -28 -48 -63 -78 -71 -60 -47 -47 -64 -102 -109 -85 -64 -70 -58 -60 -43 -41 -68 -93 -83 -91 -77 -59 -49 -30 -49 -91 -79 -90 -102 -92 -73 -78 -63 -82 -97
162 159 133 143 135 164 169 162 161 150 149 129 124 127 104 77 75 65 27 -1 -6 16 34 28 50 61 71 86 92 97 100 103 105 106 105 102 97 82 74 64 56 32 2 -22 -11 -9 -18 35 51 27 17 -8 -58 -59 -37 -31 -42 -44 -56 -60 -76 -89 -81 -76 -92 -61 -68 -92 -77 -46 -34 -53 -67 -94 -93 -77 -60 -60 -25 -46 -60 -62 -89 -100 -107 -90 -68 -67 -89
164 174 162 152 156 174 164 148 146 144 152 150 142 119 111 104 90 71 49 -4 -6 -5 -8 13 15 51 54 69 87 90 87 95 92 100 103 101 96 92 83 65 64 47 19 -20 -10 14 -11 20 49 25 -4 -17 -13 -14 -55 -55 -84 -70 -91 -61 -79 -63 -79 -91 -82 -58 -93 -89 -89 -92 -68 -46 -40 -69 -87 -91 -95 -74 -41 -35 -87 -74 -72 -96 -115 -93 -75 -68 -71
178 172 181 178 164 174 153 160 142 139 132 136 123 111 94 103 85 44 14 -17 -25 -9 -32 -11 -8 11 24 39 47 73 79 64 56 86 93 94 94 79 72 77 48 16 -1 1 25 34 -10 -22 -1 35 47 12 -7 -29 -25 -19 -27 -59 -66 -74 -71 -46 -71 -66 -92 -77 -94 -98 -100 -94 -77 -58 -41 -38 -60 -76 -76 -59 -36 -39 -63 -88 -85 -87 -107 -92 -76 -85 -98
187 179 170 183 185 170 163 151 153 147 136 116 124 125 119 128 103 68 29 -4 -25 -21 -30 -15 -10 -13 -16 7 15 29 44 46 36 40 57 62 70 81 65 57 55 27 -2 0 49 48 14 3 15 37 45 20 32 18 -26 -55 -57 -36 -52 -51 -43 -37 -57 -57 -67 -69 -93 -87 -73 -70 -63 -90 -80 -39 -35 -32 -24 -23 -28 -72 -96 -89 -95 -76 -91 -101 -86 -91 -94
176 181 183 178 185 179 163 156 137 138 133 131 128 138 128 136 120 95 65 6 6 -10 -8 34 44 -5 -25 -26 -1 -12 0 -3 39 35 52 90 53 48 59 65 47 28 5 47 60 71 37 34 68 28 65 73 34 6 -12 -29 -65 -66 -65 -66 -58 -28 -50 -33 -57 -66 -57 -90 -85 -75 -98 -102 -103 -72 -35 -23 -24 -50 -70 -86 -89 -97 -80 -80 -75 -93 -101 -103 -104
185 174 184 187 173 172 179 166 153 147 134 120 140 142 146 140 131 113 77 45 59 20 20 51 92 54 43 26 53 56 20 -14 29 72 59 96 81 34 33 44 36 15 -15 31 75 89 76 85 85 55 55 44 10 -26 -24 -36 -70 -67 -92 -77 -57 -54 -12 -19 -32 -38 -53 -74 -89 -89 -96 -92 -78 -55 -80 -61 -36 -63 -86 -101 -91 -72 -74 -66 -76 -87 -97 -82 -101
198 196 189 178 180 176 173 177 155 151 148 137 141 153 157 151 147 131 109 88 79 90 81 84 115 98 87 91 105 85 41 -7 30 76 90 94 80 65 23 19 21 -10 0 25 40 72 104 106 83 73 32 49 26 0 27 -12 0 -34 -46 -55 -22 -5 8 -13 -9 -51 -29 -50 -80 -86 -94 -86 -74 -79 -108 -88 -53 -43 -67 -90 -86 -88 -89 -76 -60 -72 -91 -75 -94
199 200 189 178 175 181 167 174 174 164 159 144 154 154 163 161 149 143 121 108 113 113 119 126 133 140 138 129 86 50 32 14 18 37 81 110 94 77 63 31 3 13 36 24 31 66 76 72 112 91 88 88 79 71 59 19 38 4 -29 0 33 5 -46 -81 -39 -32 -64 -67 -80 -71 -91 -88 -91 -95 -106 -83 -56 -40 -62 -84 -93 -105 -85 -94 -69 -58 -71 -86 -88
206 201 191 180 170 174 176 167 174 164 147 149 165 167 169 164 156 144 135 128 128 117 97 101 93 97 132 136 101 84 62 63 79 80 92 123 94 86 76 63 37 44 60 51 24 20 42 77 97 99 49 18 46 32 60 52 61 45 4 50 -5 -53 -68 -48 -69 -55 -30 -46 -67 -68 -80 -91 -96 -100 -83 -68 -92 -53 -43 -58 -87 -105 -92 -75 -61 -64 -86 -85 -90
207 202 197 188 179 166 165 172 170 169 156 160 158 175 171 162 159 162 153 149 149 136 108 120 101 112 143 141 121 94 80 112 124 123 142 140 117 83 77 49 41 69 66 28 16 26 34 35 53 107 63 17 10 -21 -4 -11 12 46 64 53 -19 -19 -41 -58 -56 -58 -73 -56 -36 -71 -64 -89 -88 -85 -84 -95 -87 -59 -83 -50 -57 -77 -67 -53 -88 -76 -63 -61 -67
206 206 203 197 184 182 173 171 170 172 175 172 164 177 174 172 170 167 163 161 151 139 129 150 123 142 160 137 87 82 77 112 114 140 156 128 150 143 115 83 50 50 80 46 61 73 62 58 38 88 93 62 29 9 -4 -17 -35 -1 11 45 28 -14 -36 -53 -30 -49 -53 -62 -65 -37 -66 -81 -68 -94 -97 -103 -97 -64 -84 -79 -59 -54 -48 -80 -85 -90 -74 -87 -77
207 207 206 202 192 191 189 181 173 171 180 182 175 180 172 172 181 175 170 160 164 145 131 155 158 164 178 160 134 128 117 112 142 154 133 100 96 126 146 116 78 92 106 72 88 82 98 105 81 71 114 70 54 43 5 -23 -48 -40 -41 -9 49 4 -35 -2 -29 -44 -53 -66 -68 -74 -58 -62 -80 -81 -101 -90 -76 -91 -77 -94 -93 -83 -59 -68 -92 -79 -84 -91 -71
205 205 207 207 203 194 190 189 178 176 175 185 189 189 182 179 186 180 173 171 174 166 150 141 142 153 175 169 165 160 157 161 162 133 112 86 70 105 141 140 130 129 137 132 134 126 126 127 127 125 116 104 84 68 52 9 -4 -13 -36 -29 19 42 38 11 -7 -5 -23 -42 -62 -67 -73 -67 -76 -70 -102 -94 -92 -100 -85 -103 -102 -99 -93 -61 -70 -94 -87 -92 -81
211 209 207 209 210 203 187 179 180 182 181 178 180 185 190 192 190 184 179 182 179 177 182 175 158 166 191 169 136 139 126 122 126 151 137 119 77 86 105 100 119 125 103 93 117 115 103 105 87 79 80 100 85 71 49 45 37 -2 -22 -38 -29 -12 2 37 18 -17 -26 -43 -60 -57 -56 -54 -71 -64 -84 -96 -101 -97 -104 -101 -87 -79 -78 -75 -62 -84 -97 -96 -94
215 215 213 212 211 208 203 192 179 179 187 182 182 183 192 194 192 192 189 186 183 183 183 188 191 193 195 186 158 126 127 112 103 135 117 88 84 110 124 84 87 99 93 51 84 120 108 90 79 68 63 74 80 80 59 35 18 14 -1 -9 -34 -40 -20 17 32 16 -27 -48 -66 -46 -38 -69 -74 -50 -71 -84 -88 -94 -85 -87 -83 -76 -64 -68 -61 -88 -98 -98 -92
216 216 216 215 214 211 208 205 198 196 191 184 183 180 186 184 189 184 178 173 173 181 185 188 188 194 197 189 175 133 102 115 110 117 132 124 139 135 136 121 75 76 96 41 59 100 103 106 81 63 52 62 84 73 62 59 23 -8 -20 -27 -46 -33 1 -41 -14 38 -9 -23 -27 -1 -27 -36 -70 -74 -47 -61 -84 -86 -85 -80 -92 -84 -95 -100 -67 -95 -98 -90 -82
217 217 217 215 214 211 210 208 207 204 199 199 196 192 194 188 190 187 191 195 193 192 187 183 186 193 195 193 181 172 162 158 152 151 150 156 117 92 101 126 92 59 61 42 26 61 72 96 100 59 40 54 78 78 36 41 24 -2 28 19 -13 -28 -29 -45 2 41 18 16 19 -17 -48 -64 -55 -82 -67 -42 -71 -66 -83 -99 -97 -97 -105 -98 -76 -87 -99 -93 -73
218 217 217 215 214 213 212 210 210 206 205 205 201 199 195 199 204 207 201 198 195 194 190 194 198 201 193 185 184 181 175 172 176 175 171 158 126 117 88 99 115 82 61 31 21 12 33 66 86 77 36 28 46 63 52 21 4 27 55 38 28 21 -10 -37 -2 38 13 -41 -9 -12 -45 -70 -77 -79 -86 -59 -34 -73 -92 -95 -80 -91 -102 -96 -78 -88 -104 -77 -95
218 217 216 214 213 211 210 212 211 210 209 207 206 205 203 204 207 208 203 204 201 200 202 204 205 204 193 185 193 183 187 174 179 181 181 174 162 141 134 103 94 100 91 76 58 27 17 10 47 35 38 39 22 24 21 25 36 75 92 78 68 41 6 -18 -32 13 32 -43 -44 -54 -35 -67 -78 -54 -65 -56 -30 -72 -89 -75 -71 -76 -102 -88 -97 -91 -98 -79 -102
216 215 214 212 212 212 213 213 212 212 210 210 210 210 210 210 211 212 210 209 208 209 209 208 207 205 196 189 197 191 188 191 176 178 184 180 172 153 154 137 108 85 76 82 52 28 7 -17 20 56 35 55 57 40 29 74 74 72 104 76 58 36 -3 -40 -29 29 11 -32 -64 -80 -64 -61 -37 -15 -19 -33 -59 -89 -93 -89 -61 -83 -90 -76 -92 -89 -98 -92 -102
212 212 213 214 214 215 215 214 213 213 212 212 211 212 212 212 213 213 213 212 212 211 210 210 209 207 201 193 200 199 194 195 194 180 178 179 177 168 164 152 140 104 103 100 85 73 52 11 32 67 76 58 65 72 47 51 82 95 114 77 53 22 -6 -25 -17 15 -47 -57 -69 -69 -45 -60 -2 -33 -71 -71 -76 -82 -99 -79 -67 -52 -75 -89 -85 -61 -75 -97 -103
