Artocarpus heterophyllus SDM files/Last interglacial/Environmental layers/bio19.asc
ncols  625
nrows  721
xllcorner  69.99986311115
yllcorner  5.99986151914999
cellsize 0.041666667
NODATA_value  -9999
[rows 47 to 93 of 721, columns 192 to 287 of 625]
33 34 23 17 29 22 22 29 23 23 18 23 23 26 27 27 24 22 20 21 23 18 23 19 19 19 19 19 18 19 19 19 19 20 20 19 19 19 18 19 18 18 18 20 20 20 19 19 19 19 19 20 19 19 20 20 20 20 21 20 20 20 20 20 20 20 20 20 20 20 20 20 20 20 20 20 20 20 20 20 20 20 20 20 20 20 20 20 20 20 20 20 20 20 20 20
25 22 22 18 18 23 18 20 25 21 17 21 25 24 25 27 26 26 21 18 20 19 19 18 18 19 19 19 19 22 22 20 20 22 20 19 19 19 20 20 20 19 19 20 20 20 20 20 20 20 20 20 20 20 20 20 20 20 20 20 20 21 20 20 20 20 20 20 20 20 21 21 21 21 21 21 21 21 21 21 21 22 20 20 20 20 20 20 20 20 20 20 20 20 20 21
33 29 18 17 20 26 31 23 17 17 17 19 22 23 21 26 22 23 22 20 18 18 24 22 21 20 20 22 20 20 22 20 22 23 22 21 20 21 21 20 20 20 21 21 21 21 21 21 20 21 20 20 20 20 20 20 20 20 20 21 21 21 21 21 21 21 21 21 21 21 21 21 21 21 21 21 21 21 21 21 21 21 21 21 21 21 21 21 21 21 21 21 21 21 22 21
25 21 24 24 24 21 20 33 25 22 17 17 21 26 18 21 24 24 21 21 21 18 19 23 25 23 20 19 20 20 20 20 21 21 23 21 20 21 21 21 22 21 21 22 21 21 21 21 20 21 22 21 21 21 21 21 21 21 21 21 21 21 21 21 21 21 21 21 21 21 21 21 21 22 22 21 21 22 21 21 21 21 21 21 22 21 21 21 21 21 21 21 21 21 21 21
29 30 35 31 24 21 17 27 37 30 21 17 17 18 22 28 29 27 27 23 19 19 19 23 25 22 21 20 19 20 20 21 21 21 21 21 21 22 22 22 21 21 21 22 21 22 22 21 22 21 21 22 22 21 21 21 21 21 21 21 21 22 22 22 22 22 22 22 22 22 21 21 22 22 22 22 22 22 22 22 22 22 22 22 22 22 22 22 22 22 22 22 21 21 21 21
41 43 43 35 24 25 22 19 26 33 33 22 18 18 19 27 27 29 27 27 26 26 20 22 26 21 21 22 20 21 21 21 20 21 21 22 22 22 22 22 22 21 21 22 22 22 22 22 21 21 22 22 21 21 22 22 22 22 22 22 22 22 23 23 23 22 22 22 22 22 22 21 22 22 22 22 22 23 22 22 22 22 22 22 22 22 22 22 22 22 22 22 22 22 22 22
51 47 46 38 31 36 37 23 18 23 37 33 23 19 18 19 25 28 30 25 28 25 20 19 24 26 21 21 20 25 23 24 24 22 21 21 20 21 22 23 23 23 22 21 21 21 22 23 22 22 22 23 22 22 22 22 22 22 22 22 22 22 22 23 23 23 23 24 23 23 23 23 23 23 23 23 23 23 23 23 23 23 23 23 23 23 23 23 23 23 23 23 22 22 22 22
38 30 39 47 41 38 27 25 23 19 27 38 28 22 19 19 20 25 27 25 24 27 26 20 21 21 20 22 21 22 22 22 24 22 22 21 20 22 23 23 23 23 23 23 23 22 22 22 22 22 22 23 22 22 22 22 22 22 23 23 23 23 23 23 23 23 23 24 23 23 23 23 23 23 23 23 23 23 23 23 23 23 23 23 23 23 23 23 23 23 23 23 23 23 23 23
39 44 35 39 46 35 38 33 31 24 21 34 38 30 23 19 19 19 21 20 20 20 20 20 20 20 21 21 21 21 20 21 21 21 21 21 21 21 22 23 23 24 23 23 23 23 23 22 22 23 23 23 22 23 23 23 23 23 23 23 23 23 23 23 23 23 23 23 23 24 24 24 24 24 24 24 24 24 24 24 24 24 24 24 24 24 24 23 23 23 23 23 23 23 23 23
37 55 53 51 47 47 43 34 29 29 24 23 33 38 26 19 20 20 20 21 20 21 20 22 25 27 22 21 22 22 21 22 22 21 23 23 22 21 21 23 23 24 24 23 23 22 23 22 23 23 23 23 23 23 23 23 23 23 23 24 24 24 24 24 24 24 24 24 24 24 24 24 24 24 25 24 24 24 24 24 23 23 24 24 25 25 24 24 24 24 24 24 24 24 24 24
24 27 34 36 40 42 46 39 37 36 32 28 25 30 32 22 26 25 25 28 26 27 22 22 24 27 26 23 23 23 22 23 23 21 23 24 24 23 22 22 22 23 24 23 23 23 24 23 23 23 24 24 24 24 24 24 24 24 24 24 24 24 24 24 24 24 24 24 24 24 24 24 24 24 25 25 25 24 25 24 24 24 25 25 25 25 25 24 24 25 24 24 24 24 24 24
45 28 32 52 52 50 43 39 43 39 40 33 27 26 22 21 21 28 28 25 29 29 27 30 29 29 28 28 24 22 22 23 23 22 22 22 24 23 22 22 22 23 23 23 24 24 24 24 25 25 25 24 25 24 24 24 24 25 24 24 24 24 24 24 25 25 25 25 25 25 25 25 25 25 25 25 25 25 25 25 25 25 25 25 25 25 26 25 25 25 25 25 26 25 25 25
33 30 25 28 47 44 39 46 46 35 31 35 38 31 24 21 21 22 21 21 24 32 24 25 25 28 24 28 28 25 24 23 23 23 24 22 24 23 23 23 23 23 23 23 23 24 24 24 24 24 24 24 24 24 24 25 25 25 25 25 25 25 25 25 25 25 25 25 25 25 25 25 25 25 25 25 25 25 25 25 25 25 25 25 25 25 25 25 25 25 25 25 25 25 25 25
50 58 50 30 39 54 56 53 50 43 47 42 35 38 27 28 26 22 27 26 21 22 22 22 22 22 23 24 27 29 28 24 23 24 24 24 24 24 23 23 23 23 23 23 24 24 24 24 24 24 24 24 24 25 25 25 25 25 25 25 25 25 25 25 25 25 26 26 26 26 26 26 26 26 26 26 25 26 26 26 26 26 26 26 26 26 26 26 26 26 26 25 25 26 26 26
75 50 31 28 53 58 56 53 50 48 46 35 33 33 29 32 27 23 24 32 23 23 27 25 22 22 23 24 25 29 28 29 28 25 25 25 25 24 23 24 25 24 24 24 24 24 25 24 25 26 25 25 25 25 25 25 25 25 25 26 26 26 26 26 26 26 26 26 26 26 26 26 26 26 26 26 26 26 26 26 26 26 26 26 26 26 26 26 26 26 26 26 26 26 26 26
65 67 48 34 28 39 50 59 59 53 47 38 41 39 30 34 29 26 23 28 30 30 32 27 24 26 24 23 24 26 25 27 29 28 27 24 26 25 24 24 24 24 24 24 25 25 25 25 25 25 25 26 26 25 25 26 26 26 26 26 26 26 26 27 26 26 26 26 27 27 27 27 27 27 27 27 27 27 27 27 27 27 27 27 27 27 27 27 27 26 27 26 26 26 26 26
60 67 53 39 34 30 32 52 44 42 57 47 47 39 44 43 39 30 27 23 30 37 38 31 27 31 25 23 24 24 24 24 24 24 24 25 24 25 24 24 24 24 25 25 25 26 26 25 25 25 25 26 26 26 26 26 26 26 26 26 26 26 27 27 27 27 27 27 27 27 27 27 27 27 27 27 27 27 27 27 27 27 27 27 27 27 27 27 27 27 27 27 27 27 27 27
51 82 74 64 54 42 30 26 26 44 60 44 52 53 50 49 44 40 32 24 25 34 39 36 34 29 25 25 26 24 25 25 25 25 25 26 24 26 26 26 25 25 26 26 26 26 27 27 27 26 26 26 26 26 26 26 27 27 27 27 27 27 27 27 27 27 27 27 27 27 27 27 27 27 27 27 27 28 28 27 27 27 27 27 27 28 27 28 27 27 27 27 27 27 27 27
36 67 88 85 81 64 56 50 55 29 45 42 48 55 56 54 48 48 43 31 24 26 34 36 39 35 32 26 26 25 27 26 27 25 26 25 26 27 27 26 25 27 27 26 26 27 26 27 27 27 26 27 27 27 27 27 27 27 27 27 27 27 27 27 27 27 27 28 28 28 28 28 28 28 28 28 28 28 28 28 28 28 28 28 28 28 28 28 28 28 28 28 28 28 27 27
34 37 51 53 60 78 74 68 60 41 27 29 29 37 48 55 52 48 49 41 29 24 28 35 39 38 32 29 29 30 30 28 28 27 27 26 27 27 27 26 25 26 28 28 27 26 26 27 27 27 27 28 28 28 27 27 27 27 27 27 28 28 28 28 28 28 27 28 27 27 28 28 29 28 28 28 28 28 28 28 28 28 28 28 28 28 28 27 28 28 28 28 28 29 28 28
46 53 66 70 52 43 36 39 33 47 39 40 31 26 33 41 46 41 49 44 30 24 25 29 35 38 36 34 35 33 33 31 30 31 29 27 28 28 27 27 27 27 26 26 28 27 27 28 27 27 27 27 27 28 28 28 29 28 28 28 28 28 28 28 28 28 28 28 28 28 28 29 29 29 29 29 29 29 29 29 29 29 29 29 29 29 29 29 28 28 28 28 28 28 28 28
58 74 86 93 74 58 61 52 45 54 50 45 40 31 28 26 28 30 43 36 30 26 28 25 26 34 38 38 36 33 35 35 32 34 29 29 30 29 28 28 28 27 26 26 27 27 27 28 28 27 27 28 28 28 28 28 29 29 28 28 28 28 29 29 29 29 28 29 29 29 28 28 28 29 29 29 28 28 28 28 28 28 29 29 29 28 28 29 29 29 28 28 28 29 29 29
75 75 90 102 90 66 70 73 60 79 68 53 49 38 34 32 29 25 27 30 32 37 39 28 26 26 31 36 35 36 34 35 34 34 32 33 32 30 28 28 27 28 28 27 28 28 27 27 28 28 28 29 29 28 28 28 28 29 29 29 29 29 29 29 29 29 29 29 29 29 29 29 29 29 29 29 29 29 29 29 28 29 29 29 29 29 29 29 29 29 29 29 28 28 28 29
102 79 77 87 84 67 47 49 78 84 84 57 37 30 38 37 30 26 26 29 34 48 50 37 28 26 26 27 29 35 34 34 36 34 33 31 32 32 28 28 28 28 29 27 29 30 29 29 28 28 28 28 28 28 29 29 29 29 29 29 29 29 29 29 29 29 30 30 30 30 30 30 30 30 30 30 30 30 30 29 29 30 30 30 30 29 29 29 30 30 30 30 30 29 29 29
131 104 91 74 103 93 61 78 84 84 82 74 43 49 51 38 30 30 40 29 28 38 48 48 38 28 26 27 27 29 32 33 35 35 30 30 29 31 29 29 29 28 29 28 29 30 30 29 29 28 29 29 29 29 29 29 29 29 29 29 30 30 30 30 30 29 29 29 30 30 29 29 30 30 30 30 30 30 30 30 30 30 30 30 30 30 30 30 30 30 30 30 30 30 30 29
120 131 96 82 88 95 52 68 92 92 82 71 54 51 65 38 31 29 34 34 27 34 39 47 48 34 28 27 27 28 32 32 29 31 32 34 33 33 31 30 29 29 28 29 30 31 30 30 29 29 29 29 29 29 29 29 30 30 30 30 30 30 30 30 30 30 30 30 30 30 31 30 30 30 30 31 31 31 31 31 31 31 31 31 31 30 30 30 30 30 30 30 30 30 30 30
74 120 137 115 79 53 46 48 82 96 86 71 73 49 53 56 35 37 43 36 28 28 35 45 51 40 31 27 27 28 29 35 34 28 29 33 33 33 31 32 30 30 29 28 30 31 31 30 30 30 29 30 31 31 30 30 30 30 30 30 30 30 30 30 31 31 31 31 31 31 31 31 31 30 30 30 31 31 31 31 31 31 31 31 31 31 30 30 30 31 31 31 31 31 31 30
94 72 129 137 121 75 49 44 78 103 106 87 71 55 54 61 62 56 47 45 36 27 34 45 53 48 33 28 28 27 27 28 34 33 29 28 29 30 30 31 30 30 29 29 31 31 32 31 31 30 30 30 31 31 30 30 30 31 30 31 31 31 31 31 31 31 31 31 31 31 31 31 31 31 31 31 31 31 31 31 31 31 31 31 31 31 31 30 30 30 31 31 31 31 31 30
133 101 83 129 139 117 63 47 56 101 111 101 95 72 62 70 52 59 56 50 37 31 29 40 53 54 37 29 28 31 28 28 33 34 32 29 28 29 29 29 28 29 29 30 30 31 31 31 32 31 30 31 31 31 31 31 31 31 31 31 31 31 31 31 31 32 31 31 32 32 32 32 32 32 32 31 32 32 31 31 31 31 31 32 32 32 32 31 31 31 31 31 31 31 31 30
150 135 101 75 126 137 74 47 67 96 107 87 87 92 83 84 60 50 52 38 41 44 37 32 49 57 44 31 29 38 30 28 28 30 30 30 30 29 29 30 30 30 29 31 29 30 30 31 32 32 31 32 32 32 32 32 31 31 31 31 31 31 31 32 32 32 32 32 32 32 32 32 32 32 32 32 32 32 32 31 31 31 31 31 32 32 32 32 32 31 32 32 32 32 32 32
99 91 89 90 75 127 106 47 54 99 69 51 55 72 76 87 81 47 40 43 42 36 37 33 40 57 48 31 35 41 33 30 29 30 34 34 30 29 30 30 31 30 29 30 31 32 31 30 31 32 32 32 32 32 32 32 31 32 32 33 33 32 32 32 32 33 32 32 32 33 33 33 33 32 33 32 32 32 32 32 32 32 32 32 32 32 32 32 31 32 31 31 32 32 32 32
101 148 103 142 91 77 101 60 55 96 72 60 47 63 80 86 83 59 49 39 34 33 31 30 35 49 54 32 38 45 42 33 30 29 34 38 35 31 30 31 30 31 30 31 31 31 31 31 31 31 32 32 32 33 33 33 32 32 33 33 32 32 32 32 33 33 33 33 33 33 33 33 33 33 33 33 33 33 33 33 32 32 32 33 33 32 32 32 32 32 32 32 32 32 32 32
113 136 109 129 93 87 85 97 60 114 104 63 40 52 79 100 102 86 68 52 36 41 34 32 36 55 59 35 46 45 48 39 32 30 29 33 32 33 33 32 32 33 32 31 32 32 33 32 31 31 31 32 33 33 34 33 33 33 33 33 33 32 32 33 33 33 33 33 33 33 33 33 33 33 33 33 33 33 33 33 32 32 32 33 33 33 33 33 32 32 32 32 32 32 32 33
160 123 113 142 120 103 121 128 77 88 101 86 47 51 92 105 107 103 90 65 38 41 49 42 40 39 58 42 44 49 49 39 35 32 31 31 34 33 32 34 32 34 33 33 33 32 32 33 33 32 33 33 32 33 33 34 33 33 33 33 33 33 33 33 33 33 33 33 34 34 34 34 34 34 34 34 34 34 34 34 34 33 32 33 33 33 33 33 33 33 32 32 32 32 32 32
170 187 139 147 173 158 104 107 77 98 80 69 47 57 74 103 106 102 93 69 52 57 62 57 58 42 51 44 35 42 47 43 37 34 34 31 30 32 33 32 31 31 32 33 34 33 32 33 33 33 34 33 32 33 33 33 33 33 33 33 33 33 34 34 34 34 34 34 34 34 34 34 34 34 34 34 34 34 34 34 34 34 33 33 33 33 34 34 34 34 33 33 33 33 33 32
183 171 179 159 128 130 109 93 101 115 98 81 65 89 71 99 92 100 92 66 52 44 38 54 66 63 58 42 39 46 51 49 41 35 43 36 31 31 33 32 31 32 32 32 33 34 33 33 33 33 34 33 32 33 34 34 34 33 34 33 33 34 34 34 34 35 34 34 34 34 34 34 34 34 34 34 34 34 34 34 34 34 34 33 33 33 33 34 34 34 34 34 33 33 34 34
166 176 173 146 126 145 114 159 114 106 100 99 89 63 66 92 92 75 88 61 73 60 45 43 65 66 69 63 51 50 57 52 52 41 51 41 34 32 31 32 38 37 33 32 32 33 34 35 34 33 34 33 33 33 34 33 33 33 33 34 34 34 34 34 34 34 35 34 34 35 34 34 34 35 35 35 34 34 34 34 34 35 34 34 34 34 33 33 33 33 34 34 33 33 34 34
148 137 141 115 128 167 141 155 140 156 133 117 103 92 88 68 112 110 108 71 81 60 49 49 46 53 55 56 61 64 62 57 56 54 52 44 37 34 32 31 32 34 36 32 32 33 33 33 33 33 34 34 34 33 33 33 33 34 34 34 34 34 34 34 34 34 34 34 35 36 35 35 35 35 35 35 35 35 35 35 35 35 35 35 35 35 35 35 34 34 34 34 34 34 34 33
234 181 178 175 176 167 183 153 166 162 156 122 98 81 78 79 110 119 120 94 99 67 59 50 68 82 78 69 64 65 62 61 55 46 43 45 39 36 34 33 32 32 34 36 33 33 33 32 33 34 34 33 34 34 34 35 35 34 34 35 35 34 34 36 36 35 35 35 35 35 35 35 35 35 35 35 35 35 35 35 35 35 35 35 35 35 35 35 35 35 34 34 35 35 34 34
227 238 197 202 210 142 154 201 173 148 132 152 113 103 71 78 94 81 122 123 102 96 81 70 57 71 82 69 72 66 59 52 43 39 43 49 45 41 42 35 33 32 32 33 34 33 33 33 33 33 33 33 33 34 35 35 36 35 35 35 36 35 35 36 36 36 35 35 35 35 35 35 35 35 35 36 35 36 35 35 35 35 35 35 35 35 35 35 35 35 35 35 35 35 34 34
218 200 220 200 199 187 154 143 186 139 154 149 103 97 95 77 97 97 107 126 115 113 104 90 64 76 84 59 70 63 49 55 61 50 42 50 54 45 43 45 38 34 33 33 38 37 36 35 34 34 34 34 35 34 34 34 35 35 36 36 36 36 35 35 35 35 35 35 35 35 36 36 36 36 36 36 36 36 36 36 36 36 36 36 36 36 35 35 36 35 35 35 35 35 35 34
186 238 245 159 206 158 199 174 130 164 131 160 113 101 84 69 71 82 114 92 84 102 108 90 66 74 90 59 57 65 44 53 65 65 57 57 56 52 49 49 45 40 34 33 33 35 39 38 35 34 35 36 35 35 35 34 35 35 35 36 36 36 35 35 35 35 36 36 37 37 36 36 36 36 36 36 36 36 36 36 36 36 36 36 36 36 36 36 36 36 36 35 35 35 35 35
198 228 175 232 230 173 152 167 177 121 140 151 167 145 125 127 97 64 99 116 101 115 110 111 71 61 94 85 57 60 73 71 75 73 63 51 59 56 54 50 44 41 36 34 34 34 34 36 39 38 37 36 36 35 36 36 35 35 35 36 36 36 36 37 37 37 36 36 37 37 37 36 36 36 36 36 36 36 36 36 37 36 36 36 36 36 36 36 36 36 35 36 35 35 35 36
125 173 218 225 251 211 133 156 110 112 153 168 171 167 165 127 87 69 88 128 118 89 112 114 97 79 59 67 52 70 73 68 64 66 60 48 50 56 57 57 50 46 44 39 35 34 34 34 36 38 37 37 36 37 38 37 36 35 35 37 37 37 37 36 36 36 36 36 36 37 37 37 37 37 37 36 36 36 36 37 37 37 37 36 36 36 36 36 36 36 36 36 36 35 35 35
121 120 220 217 226 258 190 136 149 167 180 165 161 133 110 97 69 61 113 143 104 82 109 113 108 99 78 46 44 54 46 45 42 51 52 65 57 46 55 60 55 56 46 42 38 35 34 35 36 40 43 40 38 38 38 38 37 36 36 37 38 37 37 37 36 36 36 36 36 36 37 38 38 38 38 38 37 37 37 37 37 37 37 37 37 37 37 37 36 36 36 36 36 36 36 35
242 131 151 234 190 242 164 145 214 229 221 164 112 157 159 126 101 127 83 118 80 93 112 111 113 111 88 57 45 65 74 48 63 44 44 48 56 52 48 62 55 58 57 49 42 36 35 36 36 37 43 45 39 37 37 38 38 37 37 37 38 38 38 37 37 37 36 37 37 37 37 37 37 37 37 38 38 37 37 37 37 37 37 37 37 37 37 37 37 37 37 37 36 36 36 36
181 146 161 142 169 139 141 218 221 224 238 196 186 112 178 153 156 116 71 78 87 120 114 116 109 101 76 45 45 52 80 83 63 66 60 52 59 47 50 52 60 62 59 56 46 38 36 36 36 36 42 46 44 38 37 37 41 38 37 37 37 38 38 38 38 38 37 37 37 37 37 37 37 37 37 37 37 37 37 38 37 37 37 37 37 37 37 37 37 37 37 37 37 37 37 36
