Artocarpus heterophyllus SDM files/Last interglacial/Environmental layers/bio19.asc
ncols  625
nrows  721
xllcorner  69.99986311115
yllcorner  5.99986151914999
cellsize 0.041666667
NODATA_value  -9999
[rows 564 to 610 of 721, columns 96 to 191 of 625]
-9999 -9999 -9999 -9999 -9999 -9999 -9999 -9999 -9999 -9999 -9999 -9999 -9999 -9999 -9999 -9999 -9999 -9999 -9999 -9999 -9999 -9999 7 8 7 6 5 7 5 6 8 9 8 4 2 0 0 0 0 0 0 4 6 4 3 4 3 0 1 2 4 3 2 1 1 0 0 0 0 0 0 0 0 0 0 0 0 3 0 0 0 0 0 0 0 5 0 1 21 23 30 21 1 2 3 5 5 12 13 14 17 17 17 11 15 15
-9999 -9999 -9999 -9999 -9999 -9999 -9999 -9999 -9999 -9999 -9999 -9999 -9999 -9999 -9999 -9999 -9999 -9999 -9999 -9999 -9999 -9999 -9999 8 8 8 6 7 8 6 3 3 5 7 10 5 0 0 0 2 8 6 6 5 5 3 2 0 2 3 3 2 2 2 2 1 0 0 0 0 0 0 0 0 0 0 0 0 0 1 5 5 6 4 3 1 0 1 23 7 27 24 2 11 2 3 4 8 16 12 11 16 18 17 14 10
-9999 -9999 -9999 -9999 -9999 -9999 -9999 -9999 -9999 -9999 -9999 -9999 -9999 -9999 -9999 -9999 -9999 -9999 -9999 -9999 -9999 -9999 -9999 8 8 8 7 6 6 6 5 6 12 9 6 11 10 0 0 1 4 6 8 6 5 4 1 0 0 2 2 2 2 1 1 1 1 0 0 0 0 0 0 0 0 0 0 0 0 1 6 7 7 9 10 8 2 3 10 18 21 8 12 6 2 3 5 9 11 11 7 11 17 17 23 12
-9999 -9999 -9999 -9999 -9999 -9999 -9999 -9999 -9999 -9999 -9999 -9999 -9999 -9999 -9999 -9999 -9999 -9999 -9999 -9999 -9999 -9999 -9999 -9999 9 8 9 7 7 8 6 5 4 7 8 13 12 5 8 7 4 2 5 7 5 3 1 2 2 2 2 2 2 1 0 1 0 0 0 0 0 1 0 0 0 0 0 0 0 4 1 6 8 8 6 6 5 4 34 39 13 9 7 5 3 6 3 10 12 6 5 10 13 24 26 16
-9999 -9999 -9999 -9999 -9999 -9999 -9999 -9999 -9999 -9999 -9999 -9999 -9999 -9999 -9999 -9999 -9999 -9999 -9999 -9999 -9999 -9999 -9999 -9999 -9999 9 8 7 7 4 6 3 3 3 2 2 10 9 5 3 2 3 1 5 5 1 2 4 4 2 1 0 2 2 1 0 0 0 0 0 2 2 1 0 0 0 0 0 0 0 10 2 1 10 16 13 1 1 6 11 11 13 4 4 4 5 12 12 9 5 5 10 15 26 28 23
-9999 -9999 -9999 -9999 -9999 -9999 -9999 -9999 -9999 -9999 -9999 -9999 -9999 -9999 -9999 -9999 -9999 -9999 -9999 -9999 -9999 -9999 -9999 -9999 -9999 10 10 8 7 5 6 3 3 2 1 0 3 17 12 7 3 3 4 3 3 1 2 3 5 3 3 1 1 2 0 0 0 1 1 1 2 1 0 0 0 1 1 0 0 0 2 10 13 16 22 6 12 4 1 2 8 39 6 4 2 8 12 17 7 5 5 16 16 24 22 20
-9999 -9999 -9999 -9999 -9999 -9999 -9999 -9999 -9999 -9999 -9999 -9999 -9999 -9999 -9999 -9999 -9999 -9999 -9999 -9999 -9999 -9999 -9999 -9999 -9999 -9999 10 9 7 6 6 7 5 3 4 2 0 8 15 9 7 5 3 3 2 5 4 1 4 3 3 2 1 1 0 0 0 0 0 1 2 0 0 0 1 1 1 1 0 0 1 1 2 19 19 22 18 40 26 25 6 8 5 2 8 11 10 14 10 11 9 9 26 16 28 19
-9999 -9999 -9999 -9999 -9999 -9999 -9999 -9999 -9999 -9999 -9999 -9999 -9999 -9999 -9999 -9999 -9999 -9999 -9999 -9999 -9999 -9999 -9999 -9999 -9999 -9999 10 8 6 6 6 8 5 3 5 2 0 3 15 13 11 7 3 3 4 3 5 3 2 3 3 2 1 1 1 0 0 0 0 0 2 1 0 0 0 0 2 0 0 0 1 5 1 15 11 5 7 12 24 11 49 13 29 2 7 5 6 9 6 11 11 9 25 16 18 12
-9999 -9999 -9999 -9999 -9999 -9999 -9999 -9999 -9999 -9999 -9999 -9999 -9999 -9999 -9999 -9999 -9999 -9999 -9999 -9999 -9999 -9999 -9999 -9999 -9999 -9999 9 8 5 4 5 5 6 5 2 1 2 4 6 3 12 6 5 5 6 4 3 3 2 3 3 1 1 2 1 0 0 0 0 0 1 0 1 0 0 0 1 0 1 2 1 2 6 5 3 1 6 25 8 27 14 14 43 25 25 27 10 13 10 9 8 17 14 15 12 12
-9999 -9999 -9999 -9999 -9999 -9999 -9999 -9999 -9999 -9999 -9999 -9999 -9999 -9999 -9999 -9999 -9999 -9999 -9999 -9999 -9999 -9999 -9999 -9999 -9999 -9999 -9999 7 6 5 5 5 7 6 2 0 3 1 5 0 2 3 6 8 6 4 4 3 3 1 1 2 3 1 1 0 0 0 0 0 0 0 0 0 0 0 0 0 2 3 3 2 3 6 2 3 4 5 10 43 45 14 8 13 7 10 16 23 19 14 9 12 16 24 23 22
-9999 -9999 -9999 -9999 -9999 -9999 -9999 -9999 -9999 -9999 -9999 -9999 -9999 -9999 -9999 -9999 -9999 -9999 -9999 -9999 -9999 -9999 -9999 -9999 -9999 -9999 -9999 7 7 6 5 6 6 5 4 2 4 0 0 2 0 0 0 3 6 4 4 4 2 1 3 3 3 2 1 0 0 0 0 0 0 0 0 0 0 1 0 1 3 4 3 3 2 0 2 3 10 8 11 11 13 52 10 9 4 13 14 21 21 19 12 14 16 24 21 23
-9999 -9999 -9999 -9999 -9999 -9999 -9999 -9999 -9999 -9999 -9999 -9999 -9999 -9999 -9999 -9999 -9999 -9999 -9999 -9999 -9999 -9999 -9999 -9999 -9999 -9999 -9999 8 9 8 6 6 5 5 7 4 4 2 1 3 1 0 0 5 3 3 4 3 2 4 4 3 2 2 1 0 1 0 1 0 0 1 2 1 1 1 1 1 4 4 3 3 2 0 0 3 10 11 9 11 14 13 11 6 3 13 14 16 19 8 15 12 13 17 23 22
-9999 -9999 -9999 -9999 -9999 -9999 -9999 -9999 -9999 -9999 -9999 -9999 -9999 -9999 -9999 -9999 -9999 -9999 -9999 -9999 -9999 -9999 -9999 -9999 -9999 -9999 -9999 -9999 9 10 7 5 7 6 6 5 5 6 9 3 0 0 0 6 10 7 5 3 3 5 4 4 3 2 2 0 1 0 1 2 0 2 3 3 3 1 0 1 5 4 4 3 1 0 0 4 10 11 7 14 13 13 13 4 5 22 19 24 14 11 21 10 13 18 26 17
-9999 -9999 -9999 -9999 -9999 -9999 -9999 -9999 -9999 -9999 -9999 -9999 -9999 -9999 -9999 -9999 -9999 -9999 -9999 -9999 -9999 -9999 -9999 -9999 -9999 -9999 -9999 -9999 8 -9999 7 7 7 7 7 7 6 4 7 5 3 0 0 0 1 7 8 9 3 7 6 5 4 3 2 1 0 0 1 1 0 2 5 6 4 2 3 2 4 6 5 3 0 0 0 6 8 12 9 13 10 11 9 1 7 19 15 13 9 19 14 9 12 19 17 16
-9999 -9999 -9999 -9999 -9999 -9999 -9999 -9999 -9999 -9999 -9999 -9999 -9999 -9999 -9999 -9999 -9999 -9999 -9999 -9999 -9999 -9999 -9999 -9999 -9999 -9999 -9999 -9999 -9999 -9999 8 8 8 7 6 6 8 9 7 6 6 3 0 0 0 0 6 8 9 5 6 6 4 4 2 0 3 2 2 2 1 2 6 6 4 3 4 3 5 5 5 3 1 0 0 2 8 13 11 14 10 8 12 4 6 13 13 15 11 12 9 10 9 15 13 16
-9999 -9999 -9999 -9999 -9999 -9999 -9999 -9999 -9999 -9999 -9999 -9999 -9999 -9999 -9999 -9999 -9999 -9999 -9999 -9999 -9999 -9999 -9999 -9999 -9999 -9999 -9999 -9999 -9999 -9999 -9999 8 9 9 8 8 7 5 5 9 8 5 1 0 0 0 6 9 7 5 4 7 4 2 4 3 4 4 2 3 2 7 8 7 4 3 5 5 6 6 6 2 0 0 0 1 13 13 11 14 10 11 13 4 10 23 16 19 21 15 12 12 11 13 12 14
-9999 -9999 -9999 -9999 -9999 -9999 -9999 -9999 -9999 -9999 -9999 -9999 -9999 -9999 -9999 -9999 -9999 -9999 -9999 -9999 -9999 -9999 -9999 -9999 -9999 -9999 -9999 -9999 -9999 -9999 -9999 -9999 7 8 9 9 7 7 9 6 4 2 2 13 7 1 2 4 10 8 5 4 4 2 6 5 5 6 2 3 7 11 10 9 5 3 4 6 7 7 6 3 0 0 0 1 14 14 13 11 12 11 11 4 12 26 21 20 21 19 16 12 13 20 18 17
-9999 -9999 -9999 -9999 -9999 -9999 -9999 -9999 -9999 -9999 -9999 -9999 -9999 -9999 -9999 -9999 -9999 -9999 -9999 -9999 -9999 -9999 -9999 -9999 -9999 -9999 -9999 -9999 -9999 -9999 -9999 -9999 -9999 7 9 8 8 6 7 5 9 8 4 13 9 7 7 4 6 6 4 5 6 2 6 8 10 6 2 4 10 12 11 11 6 3 5 8 8 7 9 5 2 0 0 4 14 16 14 10 12 13 6 6 11 26 25 22 24 16 21 9 11 15 17 20
-9999 -9999 -9999 -9999 -9999 -9999 -9999 -9999 -9999 -9999 -9999 -9999 -9999 -9999 -9999 -9999 -9999 -9999 -9999 -9999 -9999 -9999 -9999 -9999 -9999 -9999 -9999 -9999 -9999 -9999 -9999 -9999 -9999 -9999 9 9 9 6 5 3 2 2 1 4 10 9 7 8 7 4 4 5 6 3 6 12 11 8 4 5 11 13 12 11 5 5 8 10 7 9 9 4 2 2 0 8 18 19 15 13 15 14 5 8 19 24 23 29 21 16 27 8 24 20 22 18
-9999 -9999 -9999 -9999 -9999 -9999 -9999 -9999 -9999 -9999 -9999 -9999 -9999 -9999 -9999 -9999 -9999 -9999 -9999 -9999 -9999 -9999 -9999 -9999 -9999 -9999 -9999 -9999 -9999 -9999 -9999 -9999 -9999 -9999 -9999 10 10 10 7 5 3 1 5 8 12 15 10 8 6 5 3 2 2 4 10 11 12 9 5 7 10 15 18 13 8 6 5 9 10 13 9 6 3 3 5 8 21 20 18 14 14 8 3 13 24 19 17 21 7 18 20 18 24 17 20 19
-9999 -9999 -9999 -9999 -9999 -9999 -9999 -9999 -9999 -9999 -9999 -9999 -9999 -9999 -9999 -9999 -9999 -9999 -9999 -9999 -9999 -9999 -9999 -9999 -9999 -9999 -9999 -9999 -9999 -9999 -9999 -9999 -9999 -9999 -9999 -9999 9 10 8 6 4 2 1 0 5 15 16 8 6 7 4 3 3 4 9 11 10 7 7 7 8 10 18 17 16 11 8 11 20 14 9 10 4 8 13 5 20 21 15 16 8 6 7 16 29 12 10 8 5 28 15 12 14 16 16 16
-9999 -9999 -9999 -9999 -9999 -9999 -9999 -9999 -9999 -9999 -9999 -9999 -9999 -9999 -9999 -9999 -9999 -9999 -9999 -9999 -9999 -9999 -9999 -9999 -9999 -9999 -9999 -9999 -9999 -9999 -9999 -9999 -9999 -9999 -9999 -9999 -9999 10 9 9 6 5 2 0 0 11 13 11 6 6 8 4 3 8 11 10 10 9 11 14 13 11 14 16 12 11 8 13 20 13 15 11 8 13 22 11 25 24 21 15 9 5 11 22 29 15 9 5 8 13 7 11 12 12 14 14
-9999 -9999 -9999 -9999 -9999 -9999 -9999 -9999 -9999 -9999 -9999 -9999 -9999 -9999 -9999 -9999 -9999 -9999 -9999 -9999 -9999 -9999 -9999 -9999 -9999 -9999 -9999 -9999 -9999 -9999 -9999 -9999 -9999 -9999 -9999 -9999 -9999 8 9 11 8 6 3 1 0 3 8 19 7 5 11 7 3 8 10 10 10 9 11 18 19 20 17 17 19 16 16 13 7 14 9 8 8 17 32 12 9 9 27 13 16 5 17 14 22 12 11 11 12 10 9 13 11 13 16 14
-9999 -9999 -9999 -9999 -9999 -9999 -9999 -9999 -9999 -9999 -9999 -9999 -9999 -9999 -9999 -9999 -9999 -9999 -9999 -9999 -9999 -9999 -9999 -9999 -9999 -9999 -9999 -9999 -9999 -9999 -9999 -9999 -9999 -9999 -9999 -9999 -9999 7 8 9 7 6 4 2 0 0 6 20 9 8 12 10 7 7 7 11 10 12 19 20 21 18 26 28 29 32 32 28 24 25 20 10 9 19 33 12 7 5 13 8 16 15 8 13 10 11 12 16 16 9 9 13 17 13 13 12
-9999 -9999 -9999 -9999 -9999 -9999 -9999 -9999 -9999 -9999 -9999 -9999 -9999 -9999 -9999 -9999 -9999 -9999 -9999 -9999 -9999 -9999 -9999 -9999 -9999 -9999 -9999 -9999 -9999 -9999 -9999 -9999 -9999 -9999 -9999 -9999 -9999 -9999 7 7 7 6 4 3 5 0 7 6 5 10 24 16 10 4 6 10 11 18 22 16 15 22 38 41 36 34 42 42 39 52 53 33 16 17 26 17 14 49 7 6 8 11 10 9 7 9 11 14 14 9 8 22 24 22 22 17
-9999 -9999 -9999 -9999 -9999 -9999 -9999 -9999 -9999 -9999 -9999 -9999 -9999 -9999 -9999 -9999 -9999 -9999 -9999 -9999 -9999 -9999 -9999 -9999 -9999 -9999 -9999 -9999 -9999 -9999 -9999 -9999 -9999 -9999 -9999 -9999 -9999 -9999 6 7 6 5 4 1 2 1 7 1 0 4 18 25 19 3 6 6 13 19 12 10 16 24 40 51 44 49 45 45 42 56 64 56 45 27 24 23 20 18 15 13 13 14 13 13 12 9 10 10 9 7 7 10 16 19 21 20
-9999 -9999 -9999 -9999 -9999 -9999 -9999 -9999 -9999 -9999 -9999 -9999 -9999 -9999 -9999 -9999 -9999 -9999 -9999 -9999 -9999 -9999 -9999 -9999 -9999 -9999 -9999 -9999 -9999 -9999 -9999 -9999 -9999 -9999 -9999 -9999 -9999 -9999 -9999 6 6 5 6 7 4 4 4 1 0 0 7 25 23 9 4 5 7 10 11 12 17 38 32 43 49 59 61 51 58 58 69 62 53 29 30 31 30 26 18 18 17 16 15 16 15 13 13 14 7 6 7 7 9 16 18 20
-9999 -9999 -9999 -9999 -9999 -9999 -9999 -9999 -9999 -9999 -9999 -9999 -9999 -9999 -9999 -9999 -9999 -9999 -9999 -9999 -9999 -9999 -9999 -9999 -9999 -9999 -9999 -9999 -9999 -9999 -9999 -9999 -9999 -9999 -9999 -9999 -9999 -9999 -9999 -9999 5 5 4 7 7 6 4 2 0 1 10 25 25 16 8 7 7 8 13 17 32 29 31 37 33 52 57 69 57 69 66 53 34 25 35 34 28 23 19 16 18 20 19 18 16 16 16 18 10 6 6 7 8 14 15 16
-9999 -9999 -9999 -9999 -9999 -9999 -9999 -9999 -9999 -9999 -9999 -9999 -9999 -9999 -9999 -9999 -9999 -9999 -9999 -9999 -9999 -9999 -9999 -9999 -9999 -9999 -9999 -9999 -9999 -9999 -9999 -9999 -9999 -9999 -9999 -9999 -9999 -9999 -9999 -9999 -9999 5 5 4 6 6 4 3 0 0 10 19 20 13 10 9 8 7 11 14 20 45 34 37 50 58 58 70 61 48 59 41 24 30 39 33 30 26 21 17 17 21 18 19 15 16 18 19 15 9 6 6 7 12 16 14
-9999 -9999 -9999 -9999 -9999 -9999 -9999 -9999 -9999 -9999 -9999 -9999 -9999 -9999 -9999 -9999 -9999 -9999 -9999 -9999 -9999 -9999 -9999 -9999 -9999 -9999 -9999 -9999 -9999 -9999 -9999 -9999 -9999 -9999 -9999 -9999 -9999 -9999 -9999 -9999 -9999 5 4 4 5 6 5 3 3 2 11 22 15 13 11 10 8 8 10 12 20 49 45 42 63 56 64 72 66 41 37 36 24 32 39 31 31 26 22 22 18 20 19 19 17 16 19 19 17 14 8 6 6 8 14 12
-9999 -9999 -9999 -9999 -9999 -9999 -9999 -9999 -9999 -9999 -9999 -9999 -9999 -9999 -9999 -9999 -9999 -9999 -9999 -9999 -9999 -9999 -9999 -9999 -9999 -9999 -9999 -9999 -9999 -9999 -9999 -9999 -9999 -9999 -9999 -9999 -9999 -9999 -9999 -9999 -9999 -9999 4 5 7 6 4 3 2 1 8 18 13 11 11 10 7 9 14 18 27 48 58 52 41 64 60 47 53 39 39 36 26 28 35 29 28 23 21 23 20 18 16 18 18 18 19 18 17 17 12 7 6 7 13 12
-9999 -9999 -9999 -9999 -9999 -9999 -9999 -9999 -9999 -9999 -9999 -9999 -9999 -9999 -9999 -9999 -9999 -9999 -9999 -9999 -9999 -9999 -9999 -9999 -9999 -9999 -9999 -9999 -9999 -9999 -9999 -9999 -9999 -9999 -9999 -9999 -9999 -9999 -9999 -9999 -9999 -9999 5 5 6 7 7 8 4 4 6 12 10 11 10 8 6 10 15 19 27 47 56 60 54 44 43 51 43 29 47 35 28 31 30 26 22 20 17 19 19 17 14 11 14 16 17 17 16 17 16 13 8 7 13 12
-9999 -9999 -9999 -9999 -9999 -9999 -9999 -9999 -9999 -9999 -9999 -9999 -9999 -9999 -9999 -9999 -9999 -9999 -9999 -9999 -9999 -9999 -9999 -9999 -9999 -9999 -9999 -9999 -9999 -9999 -9999 -9999 -9999 -9999 -9999 -9999 -9999 -9999 -9999 -9999 -9999 -9999 5 6 5 4 9 9 8 7 11 10 11 12 9 6 5 8 13 28 25 36 35 45 45 31 47 39 35 43 41 33 34 31 29 26 23 21 16 16 18 18 16 11 12 14 17 17 18 16 16 13 8 6 12 13
-9999 -9999 -9999 -9999 -9999 -9999 -9999 -9999 -9999 -9999 -9999 -9999 -9999 -9999 -9999 -9999 -9999 -9999 -9999 -9999 -9999 -9999 -9999 -9999 -9999 -9999 -9999 -9999 -9999 -9999 -9999 -9999 -9999 -9999 -9999 -9999 -9999 -9999 -9999 -9999 -9999 -9999 -9999 5 5 7 6 9 8 9 9 12 11 9 8 6 4 6 11 37 28 45 37 30 22 22 41 33 41 50 39 32 30 27 24 24 23 19 20 17 16 15 15 15 11 10 12 11 14 17 17 14 10 6 11 12
-9999 -9999 -9999 -9999 -9999 -9999 -9999 -9999 -9999 -9999 -9999 -9999 -9999 -9999 -9999 -9999 -9999 -9999 -9999 -9999 -9999 -9999 -9999 -9999 -9999 -9999 -9999 -9999 -9999 -9999 -9999 -9999 -9999 -9999 -9999 -9999 -9999 -9999 -9999 -9999 -9999 -9999 -9999 4 4 4 4 7 13 10 9 11 9 9 7 6 3 7 10 28 25 36 25 23 26 29 19 32 32 43 35 31 30 25 24 24 22 21 19 18 18 18 17 15 14 14 14 12 10 12 15 15 12 6 10 8
-9999 -9999 -9999 -9999 -9999 -9999 -9999 -9999 -9999 -9999 -9999 -9999 -9999 -9999 -9999 -9999 -9999 -9999 -9999 -9999 -9999 -9999 -9999 -9999 -9999 -9999 -9999 -9999 -9999 -9999 -9999 -9999 -9999 -9999 -9999 -9999 -9999 -9999 -9999 -9999 -9999 -9999 -9999 -9999 4 3 2 4 6 10 9 9 16 12 7 5 3 3 6 18 20 12 25 18 22 34 27 44 40 33 30 27 26 23 22 21 21 21 22 20 19 21 21 20 19 19 18 17 16 14 13 13 13 10 10 12
-9999 -9999 -9999 -9999 -9999 -9999 -9999 -9999 -9999 -9999 -9999 -9999 -9999 -9999 -9999 -9999 -9999 -9999 -9999 -9999 -9999 -9999 -9999 -9999 -9999 -9999 -9999 -9999 -9999 -9999 -9999 -9999 -9999 -9999 -9999 -9999 -9999 -9999 -9999 -9999 -9999 -9999 -9999 -9999 5 5 5 6 7 7 8 7 10 12 12 9 5 5 4 3 3 5 17 9 24 28 19 19 30 24 23 23 24 22 20 20 20 23 22 19 20 22 22 20 18 20 20 19 17 16 17 16 14 13 12 14
-9999 -9999 -9999 -9999 -9999 -9999 -9999 -9999 -9999 -9999 -9999 -9999 -9999 -9999 -9999 -9999 -9999 -9999 -9999 -9999 -9999 -9999 -9999 -9999 -9999 -9999 -9999 -9999 -9999 -9999 -9999 -9999 -9999 -9999 -9999 -9999 -9999 -9999 -9999 -9999 -9999 -9999 -9999 -9999 5 5 6 6 7 9 10 10 9 6 12 14 11 10 7 5 3 2 10 13 24 21 15 17 20 20 20 21 21 20 20 19 20 24 21 20 21 20 18 18 14 15 17 18 19 18 17 16 14 14 14 13
-9999 -9999 -9999 -9999 -9999 -9999 -9999 -9999 -9999 -9999 -9999 -9999 -9999 -9999 -9999 -9999 -9999 -9999 -9999 -9999 -9999 -9999 -9999 -9999 -9999 -9999 -9999 -9999 -9999 -9999 -9999 -9999 -9999 -9999 -9999 -9999 -9999 -9999 -9999 -9999 -9999 -9999 -9999 -9999 5 4 4 5 9 10 10 7 9 8 9 9 9 9 7 5 2 0 10 29 28 21 16 22 24 25 22 15 16 20 20 20 20 21 21 20 23 20 19 18 17 15 13 12 16 15 17 17 16 15 13 12
-9999 -9999 -9999 -9999 -9999 -9999 -9999 -9999 -9999 -9999 -9999 -9999 -9999 -9999 -9999 -9999 -9999 -9999 -9999 -9999 -9999 -9999 -9999 -9999 -9999 -9999 -9999 -9999 -9999 -9999 -9999 -9999 -9999 -9999 -9999 -9999 -9999 -9999 -9999 -9999 -9999 -9999 -9999 -9999 -9999 5 5 3 6 9 9 8 9 8 10 10 8 12 9 5 3 1 6 8 13 21 24 19 18 11 12 10 11 14 13 16 17 16 19 20 21 22 22 20 20 16 13 12 12 12 11 11 15 14 13 13
-9999 -9999 -9999 -9999 -9999 -9999 -9999 -9999 -9999 -9999 -9999 -9999 -9999 -9999 -9999 -9999 -9999 -9999 -9999 -9999 -9999 -9999 -9999 -9999 -9999 -9999 -9999 -9999 -9999 -9999 -9999 -9999 -9999 -9999 -9999 -9999 -9999 -9999 -9999 -9999 -9999 -9999 -9999 -9999 -9999 6 6 5 6 9 8 9 10 12 9 10 10 11 11 6 5 4 3 5 2 2 18 14 6 6 7 8 12 13 12 20 18 16 20 17 17 16 20 22 22 19 16 17 15 14 14 11 12 15 14 12
-9999 -9999 -9999 -9999 -9999 -9999 -9999 -9999 -9999 -9999 -9999 -9999 -9999 -9999 -9999 -9999 -9999 -9999 -9999 -9999 -9999 -9999 -9999 -9999 -9999 -9999 -9999 -9999 -9999 -9999 -9999 -9999 -9999 -9999 -9999 -9999 -9999 -9999 -9999 -9999 -9999 -9999 -9999 -9999 -9999 7 7 6 7 10 8 8 8 9 7 10 8 11 8 7 7 8 8 6 5 3 5 4 5 6 7 9 13 11 13 21 24 19 17 21 19 15 20 19 23 21 18 21 22 19 20 18 16 15 13 12
-9999 -9999 -9999 -9999 -9999 -9999 -9999 -9999 -9999 -9999 -9999 -9999 -9999 -9999 -9999 -9999 -9999 -9999 -9999 -9999 -9999 -9999 -9999 -9999 -9999 -9999 -9999 -9999 -9999 -9999 -9999 -9999 -9999 -9999 -9999 -9999 -9999 -9999 -9999 -9999 -9999 -9999 -9999 -9999 -9999 7 8 7 7 9 10 11 9 10 8 10 10 8 9 10 9 11 10 9 9 8 6 4 5 6 7 11 11 11 13 21 23 23 21 20 21 21 21 22 21 21 19 22 24 23 22 21 19 16 15 12
-9999 -9999 -9999 -9999 -9999 -9999 -9999 -9999 -9999 -9999 -9999 -9999 -9999 -9999 -9999 -9999 -9999 -9999 -9999 -9999 -9999 -9999 -9999 -9999 -9999 -9999 -9999 -9999 -9999 -9999 -9999 -9999 -9999 -9999 -9999 -9999 -9999 -9999 -9999 -9999 -9999 -9999 -9999 -9999 -9999 -9999 8 9 8 8 8 12 12 13 12 10 12 12 10 12 11 10 10 10 10 9 7 6 7 7 8 9 10 12 17 25 25 25 24 25 25 27 27 27 24 24 18 24 26 26 25 23 22 18 18 11
-9999 -9999 -9999 -9999 -9999 -9999 -9999 -9999 -9999 -9999 -9999 -9999 -9999 -9999 -9999 -9999 -9999 -9999 -9999 -9999 -9999 -9999 -9999 -9999 -9999 -9999 -9999 -9999 -9999 -9999 -9999 -9999 -9999 -9999 -9999 -9999 -9999 -9999 -9999 -9999 -9999 -9999 -9999 -9999 -9999 -9999 8 9 8 7 8 8 9 10 13 15 9 14 10 9 11 12 10 10 11 9 7 8 10 11 11 11 12 14 21 27 28 25 21 27 29 29 29 28 22 26 21 22 30 29 29 25 21 22 19 11
-9999 -9999 -9999 -9999 -9999 -9999 -9999 -9999 -9999 -9999 -9999 -9999 -9999 -9999 -9999 -9999 -9999 -9999 -9999 -9999 -9999 -9999 -9999 -9999 -9999 -9999 -9999 -9999 -9999 -9999 -9999 -9999 -9999 -9999 -9999 -9999 -9999 -9999 -9999 -9999 -9999 -9999 -9999 -9999 -9999 -9999 -9999 8 9 9 9 8 8 9 7 11 15 15 12 9 11 10 9 10 9 8 7 9 11 10 11 11 12 14 17 27 27 26 21 28 27 24 27 25 22 30 23 23 30 32 32 26 19 26 25 13
-9999 -9999 -9999 -9999 -9999 -9999 -9999 -9999 -9999 -9999 -9999 -9999 -9999 -9999 -9999 -9999 -9999 -9999 -9999 -9999 -9999 -9999 -9999 -9999 -9999 -9999 -9999 -9999 -9999 -9999 -9999 -9999 -9999 -9999 -9999 -9999 -9999 -9999 -9999 -9999 -9999 -9999 -9999 -9999 -9999 -9999 -9999 9 9 9 10 8 7 8 9 9 15 17 15 11 10 12 12 11 9 8 7 9 13 17 16 13 13 13 18 27 30 26 29 33 32 28 32 29 25 32 25 22 26 28 29 24 17 27 23 15
