Artocarpus heterophyllus SDM files/Last interglacial/Environmental layers/bio1.asc
ncols  625
nrows  721
xllcorner  69.99986311115
yllcorner  5.99986151914999
cellsize 0.041666667
NODATA_value  -9999
[rows 78 to 116 of 721, columns 89 to 177 of 625]
215 216 217 216 216 216 215 215 215 214 214 214 213 213 213 213 213 214 214 213 213 212 212 211 210 209 206 198 204 202 199 191 188 193 189 163 164 170 156 131 117 126 123 104 84 82 53 49 31 62 102 72 47 86 92 81 85 103 117 107 71 51 54 19 -13 28 -20 0 0 4 -14 -21 -10 -66 -85 -73 -49 -56 -82 -77 -92 -69 -49 -82 -72 -47 -78 -78 -88
219 219 218 218 217 217 216 216 216 216 216 215 215 215 214 214 213 214 215 214 214 213 213 212 211 211 209 206 200 187 195 195 187 183 187 184 166 146 140 121 109 116 148 131 98 103 98 83 86 94 113 90 84 76 91 109 122 130 98 66 75 84 57 17 -28 0 28 8 -7 -13 22 12 -25 -58 -56 -25 -57 -81 -85 -86 -94 -72 -39 -68 -43 -56 -65 -91 -95
220 220 219 218 218 218 217 217 217 217 217 216 216 216 215 215 214 215 215 215 214 214 213 213 212 211 210 209 204 195 195 196 195 191 186 182 180 177 166 150 150 147 161 139 122 126 126 122 94 98 124 118 117 99 122 133 147 125 86 63 42 41 45 33 -11 -45 -26 -40 -55 -32 -14 21 -4 -21 -14 -54 -67 -54 -78 -64 -87 -74 -57 -29 -33 -83 -93 -90 -90
220 220 220 219 219 218 218 218 218 218 217 217 217 217 216 216 216 216 216 215 215 214 214 213 212 212 211 210 207 204 199 195 199 198 197 194 188 184 181 178 175 173 175 168 157 143 138 140 109 94 107 110 140 140 113 149 136 117 94 92 71 36 18 -16 -13 -55 -29 -29 -51 -49 -33 -14 -3 12 7 8 -15 -32 -73 -45 -80 -78 -53 -21 -24 -58 -82 -99 -102
221 220 220 220 219 219 219 219 219 219 218 218 218 218 218 217 217 217 216 216 215 215 214 213 212 212 211 210 209 208 205 200 200 201 201 199 197 193 186 179 174 178 184 183 177 172 161 151 138 144 151 157 168 154 147 147 148 147 120 119 105 85 52 0 -28 -35 3 22 -8 -62 -64 -42 -58 -47 -37 -13 4 10 -34 -26 -58 -50 -13 -55 -61 -42 -54 -81 -103
221 221 221 221 220 220 220 220 219 219 219 219 219 218 218 218 217 217 216 216 215 215 214 213 213 212 212 211 210 209 207 206 204 203 199 192 193 195 190 191 186 181 182 178 181 176 177 161 157 158 170 177 157 135 128 105 115 142 130 93 98 79 27 23 27 5 49 2 -17 -49 -51 -66 -68 -70 -66 -39 -49 -19 8 -2 -4 -14 -52 -89 -79 -62 -75 -74 -99
222 222 221 221 221 221 220 220 220 220 220 219 219 219 218 218 217 217 217 216 215 215 215 214 214 213 212 212 211 209 208 208 207 204 204 201 199 196 194 194 189 194 190 181 171 167 180 185 184 181 180 182 159 134 99 73 90 116 134 102 64 80 54 64 56 37 62 0 -35 -13 -6 -44 -51 -34 -57 -65 -76 -26 8 -7 -24 -49 -55 -45 -50 -66 -68 -90 -106
222 222 222 222 221 221 221 221 221 220 220 220 219 219 219 218 218 217 217 216 216 216 215 215 214 213 213 212 211 210 210 209 207 207 207 206 205 203 201 197 194 198 184 184 180 180 180 183 189 188 186 178 168 141 126 107 87 79 98 124 110 113 109 84 64 86 84 44 31 46 19 20 8 -28 -43 -65 -50 -46 -22 -39 -23 -5 -6 -59 -72 -67 -62 -74 -93
223 222 222 222 222 222 221 221 221 220 220 220 220 219 219 218 218 218 217 217 216 216 216 215 214 214 213 212 212 211 210 210 209 208 208 209 208 207 205 204 203 202 197 193 186 187 187 190 188 185 186 182 174 160 151 138 108 83 62 74 80 66 91 91 93 58 89 64 62 42 24 -10 5 -16 -51 -51 -79 -64 -53 -76 -81 -30 -13 -13 -28 -42 -40 -59 -87
223 223 223 222 222 222 222 221 221 221 220 220 220 220 219 219 218 218 218 217 217 217 216 216 215 215 214 213 213 212 211 211 210 210 209 210 209 208 208 207 206 205 203 201 199 196 196 196 192 186 183 186 181 174 160 148 119 89 74 44 32 17 35 53 60 27 75 52 11 -17 -36 -45 -25 -51 -26 -31 -48 -67 -65 -54 -69 -49 -32 -48 -25 -8 -43 -74 -82
223 223 223 223 223 222 222 222 221 221 221 221 220 220 220 219 219 219 218 218 217 217 217 216 215 215 214 214 213 213 212 212 211 211 210 210 210 209 209 209 208 208 207 205 204 202 200 196 189 185 190 185 183 178 164 146 137 128 81 67 60 25 -10 -3 -7 44 67 75 59 3 -55 -23 -26 -39 0 0 -30 -19 -34 -53 -47 -7 11 -11 -12 -37 -21 -56 -58
224 223 223 223 223 223 222 222 222 221 221 221 220 220 220 220 219 219 219 218 218 218 217 217 216 215 215 214 214 213 213 213 212 212 211 211 211 210 210 210 210 209 208 207 205 204 203 200 195 194 192 187 185 182 176 159 163 147 119 113 83 54 50 -4 -13 11 18 41 72 45 15 39 31 28 28 0 -37 -44 -55 -70 -64 -41 26 37 -11 -35 -51 -30 -29
224 224 224 223 223 223 223 222 222 222 221 221 221 221 220 220 220 219 219 219 218 218 217 217 217 216 216 215 214 214 214 213 213 213 212 212 211 211 211 211 211 210 209 208 207 206 204 202 199 196 193 192 188 184 180 177 176 163 152 140 131 114 99 52 13 -15 -33 3 19 36 50 49 -8 -15 -26 3 -9 -36 -53 -62 -37 -22 32 52 3 -5 -37 -47 -72
224 224 224 224 224 223 223 223 222 222 222 221 221 221 220 220 220 220 219 219 219 218 218 217 217 217 216 216 215 215 214 214 214 213 213 213 212 212 212 212 211 211 210 209 208 207 206 201 199 197 195 192 189 186 184 182 182 177 169 164 156 149 127 112 81 51 -4 -38 -22 -4 33 36 -5 -48 -45 -29 -30 -32 -37 -54 -31 0 20 67 27 -22 -32 -53 -82
225 225 224 224 224 224 223 223 223 222 222 222 221 221 221 220 220 220 220 219 219 219 218 218 218 217 217 216 216 216 215 215 215 214 214 214 213 213 213 212 212 211 211 210 209 208 207 205 200 195 192 190 189 192 190 187 185 180 176 175 174 166 154 146 128 98 87 49 35 0 4 19 -13 -13 -32 -29 -13 -29 -44 -33 -34 10 23 73 35 -10 -36 -56 -85
225 225 225 225 224 224 224 223 223 223 222 222 222 222 221 221 221 220 220 220 219 219 219 218 218 218 217 217 216 216 216 215 215 215 214 214 214 213 213 212 212 212 211 210 209 210 208 207 205 199 195 189 189 194 195 191 185 184 179 180 174 172 166 158 154 142 126 111 99 68 64 60 36 19 -20 20 11 -12 -31 22 24 40 78 72 18 -30 -46 -46 -45
226 225 225 225 225 224 224 224 223 223 223 222 222 222 222 221 221 221 221 220 220 219 219 219 218 218 218 217 217 217 216 216 215 215 215 214 214 214 213 213 213 212 211 211 211 211 210 210 208 205 199 195 191 194 196 196 192 187 186 178 175 176 172 167 160 151 148 141 134 122 122 101 64 50 33 53 27 -17 -13 13 62 73 96 60 23 -4 0 -12 -49
226 225 225 225 225 225 224 224 224 224 223 223 222 222 222 222 222 221 221 221 220 220 219 219 219 218 218 218 217 217 217 216 216 215 215 215 214 214 214 213 213 212 211 212 212 212 211 210 209 208 205 199 195 194 198 198 196 192 183 182 181 177 173 168 160 158 156 152 148 150 146 129 93 68 71 70 38 11 33 11 47 78 90 33 15 30 -4 17 -33
226 226 226 225 225 225 225 224 224 224 224 223 223 223 222 222 222 221 221 221 221 220 220 219 219 219 218 218 217 217 217 216 216 216 215 215 215 214 214 213 213 212 212 213 213 212 211 210 209 209 207 201 200 196 199 199 198 194 190 189 185 182 177 172 166 162 164 162 157 155 156 142 130 113 87 85 56 50 38 61 31 71 92 33 67 68 69 57 29
227 226 226 226 226 225 225 225 224 224 224 223 223 223 223 223 222 222 222 221 221 221 220 220 219 219 219 218 218 218 217 217 216 216 215 215 215 214 214 213 213 213 213 213 213 212 211 210 208 208 208 206 204 199 199 199 199 198 195 188 185 176 178 173 167 171 170 168 160 149 158 160 139 145 128 101 93 72 39 79 82 94 89 74 93 59 50 36 10
227 227 226 226 226 225 225 225 225 225 224 224 224 223 223 223 222 222 222 222 221 221 220 220 220 219 219 218 218 218 217 217 216 216 216 215 215 214 214 214 213 213 214 214 213 213 212 211 208 204 204 200 204 202 197 197 196 197 198 192 191 184 171 171 170 175 174 174 170 165 154 163 151 137 146 123 103 98 73 60 82 104 87 97 54 30 7 13 -26
227 227 227 226 226 226 226 225 225 225 225 224 224 224 224 223 223 223 222 222 222 221 221 220 220 219 219 219 218 218 217 217 216 216 216 215 215 215 214 214 214 213 214 214 214 213 212 211 210 202 196 190 194 200 194 188 182 185 193 197 193 192 176 174 175 173 180 179 180 179 173 167 159 132 150 130 131 111 102 62 79 104 123 89 60 32 41 36 -12
228 228 227 227 226 226 226 226 225 225 225 225 224 224 224 224 223 223 222 222 222 221 221 221 220 220 219 219 218 218 217 217 217 216 216 216 215 215 215 214 214 214 214 215 214 214 213 212 211 207 198 188 188 194 194 182 170 175 180 190 194 194 191 171 176 181 180 184 176 170 173 166 168 158 145 150 134 122 116 105 71 87 119 111 102 87 63 30 20
228 228 227 227 227 226 226 226 226 225 225 225 225 225 224 224 223 223 223 222 222 222 221 221 220 220 219 219 218 218 218 217 217 216 216 216 216 215 215 215 214 214 214 214 215 214 214 212 211 209 205 198 195 191 193 187 177 171 174 181 189 194 194 187 178 182 185 178 174 167 162 157 161 164 147 153 149 139 127 118 97 85 101 123 79 68 56 61 44
228 228 228 228 227 227 226 226 226 226 226 225 225 225 224 224 224 223 223 223 222 222 221 221 220 220 219 219 219 218 218 217 217 217 217 216 216 216 215 215 215 214 214 214 215 215 214 213 211 210 207 203 198 195 190 192 187 181 182 178 180 188 194 193 191 184 176 178 169 163 160 159 168 157 123 138 147 148 135 122 90 69 68 118 91 106 98 82 72
229 228 228 228 228 227 227 227 227 226 226 226 225 225 225 224 224 224 223 223 222 222 221 221 220 220 220 219 219 219 218 218 217 217 217 217 216 216 215 215 215 215 214 215 215 215 214 213 212 210 208 205 201 197 192 194 195 189 188 185 180 182 187 192 189 187 174 173 169 161 157 156 158 158 130 121 139 149 136 139 104 94 88 108 119 85 69 39 41
229 229 228 228 228 228 227 227 227 227 226 226 226 225 225 224 224 224 223 223 222 222 221 221 221 220 220 220 219 219 218 218 218 217 217 217 217 216 216 215 215 215 215 216 216 215 214 214 213 211 210 208 205 200 197 193 198 197 193 190 187 182 183 188 187 186 179 173 169 164 159 157 160 145 137 124 150 156 146 129 144 126 114 104 83 109 91 62 58
229 229 229 228 228 228 228 227 227 227 227 226 226 225 225 225 225 224 223 223 222 222 222 221 221 221 220 220 219 219 218 218 218 217 217 217 217 216 216 216 216 216 216 216 216 216 215 214 213 212 211 209 207 204 199 194 197 200 198 193 191 182 187 181 184 182 181 177 173 167 164 166 166 144 128 140 158 158 143 120 141 125 94 60 54 72 104 97 84
230 229 229 229 228 228 228 228 228 227 227 226 226 225 225 225 224 224 223 223 223 222 222 222 221 221 220 219 219 219 219 218 218 218 217 217 217 216 216 216 216 217 217 216 216 216 215 214 214 213 212 210 209 207 203 198 195 199 202 199 196 191 183 188 177 180 173 171 170 165 166 170 172 153 136 151 164 166 148 123 136 109 112 85 59 57 78 77 37
230 230 229 229 229 228 228 228 228 227 227 227 226 226 225 224 224 224 224 223 223 222 222 222 221 221 220 220 220 219 219 219 218 218 218 217 217 217 217 217 217 217 217 217 216 216 215 215 214 213 212 211 210 209 207 203 196 197 202 202 201 197 191 190 187 175 174 167 169 169 168 172 176 164 139 153 165 164 148 128 115 95 90 89 66 50 55 55 45
230 230 230 229 229 229 229 228 228 228 227 227 226 226 225 225 225 224 224 224 223 223 222 222 221 221 221 220 220 219 219 219 219 218 218 218 217 217 217 217 217 217 217 217 216 216 215 215 214 214 213 212 211 210 208 206 201 195 201 204 203 201 196 188 194 181 178 174 174 176 174 177 173 160 130 151 156 153 131 97 101 77 64 63 73 46 53 49 57
231 230 230 230 229 229 229 228 228 228 227 227 226 226 225 225 225 225 224 224 224 223 222 222 222 221 221 220 220 220 219 219 219 218 218 218 218 218 218 218 218 217 217 217 216 216 215 215 215 214 214 213 212 211 210 208 206 198 199 203 205 204 200 193 184 194 182 179 179 182 174 179 170 159 155 157 139 136 124 92 61 70 47 47 60 71 89 84 74
231 231 230 230 230 229 229 229 228 228 228 227 227 226 226 225 225 225 224 224 223 223 223 222 222 222 221 221 220 220 220 219 219 219 218 218 219 218 218 218 218 217 217 216 216 216 216 215 215 215 214 214 213 212 211 210 208 204 198 198 203 205 203 199 193 192 194 184 182 185 184 178 176 172 182 172 147 139 129 101 82 75 80 80 70 69 94 115 106
231 231 231 230 230 230 229 229 229 228 227 227 227 226 226 225 225 225 224 224 224 223 223 222 222 222 221 221 220 220 220 220 219 219 219 219 219 219 218 218 217 217 217 216 216 216 216 216 215 215 215 214 214 213 212 211 210 207 200 195 199 206 205 204 203 193 191 193 184 187 186 181 185 184 179 175 155 120 115 95 108 108 108 108 112 103 109 108 127
231 231 231 230 230 230 229 229 229 228 227 227 227 226 226 226 225 225 224 224 224 223 223 223 222 222 221 221 221 220 220 220 219 219 219 219 219 219 219 218 217 217 217 217 216 216 216 216 216 216 215 215 214 214 213 212 211 209 204 196 197 205 207 207 204 200 190 190 190 185 189 182 185 178 170 163 164 154 119 105 130 123 111 117 130 100 114 138 135
231 231 231 231 230 230 230 229 229 228 228 227 227 227 226 226 226 225 225 224 224 224 223 223 222 222 222 221 221 221 220 220 220 220 220 220 219 219 218 218 218 218 217 217 216 216 216 216 216 216 216 215 215 215 214 213 212 211 208 198 198 201 207 208 208 206 202 184 186 186 183 191 184 175 171 161 145 139 155 134 136 112 114 116 121 119 119 134 102
232 231 231 231 230 230 229 229 229 228 228 228 227 227 226 226 226 225 225 224 224 224 223 223 223 222 222 221 221 221 220 220 220 220 220 220 220 219 219 218 218 217 217 217 217 217 216 216 216 216 216 216 216 215 215 214 214 213 212 205 200 198 200 208 209 208 207 203 194 187 182 184 185 180 170 160 160 139 133 149 159 143 127 139 137 148 141 121 78
232 232 231 231 230 230 229 229 229 228 228 228 227 227 227 226 226 225 225 225 224 224 223 223 223 222 222 222 221 221 221 220 220 221 220 220 220 219 219 218 218 217 217 217 217 217 217 216 216 216 216 216 216 215 215 215 215 214 214 212 208 204 199 205 209 209 209 208 206 198 188 175 162 178 165 139 140 134 137 151 155 159 159 152 128 107 104 81 71
232 231 231 230 230 230 230 229 229 228 228 228 227 227 227 226 226 226 225 225 225 224 224 223 223 223 222 222 222 221 221 221 221 221 220 220 220 219 219 218 218 218 218 217 217 217 217 217 216 216 216 216 216 215 215 215 215 215 214 213 212 210 206 202 206 209 210 210 209 205 201 188 168 166 164 145 124 132 142 141 133 133 130 119 124 84 88 92 81
