Artocarpus heterophyllus SDM files/Last interglacial/Environmental layers/bio19.asc
ncols  625
nrows  721
xllcorner  69.99986311115
yllcorner  5.99986151914999
cellsize 0.041666667
NODATA_value  -9999
[rows 423 to 469 of 721, columns 192 to 287 of 625]
24 26 25 25 28 28 28 28 25 26 26 28 30 31 30 30 28 32 31 29 30 32 32 31 32 33 32 31 30 32 32 31 30 29 28 28 28 27 26 25 28 26 24 23 23 23 25 27 26 25 24 24 24 26 27 25 26 26 25 24 23 23 25 26 25 32 28 27 26 24 24 25 26 25 25 24 25 25 25 26 37 38 33 34 34 34 34 37 35 34 35 31 37 44 33 32
24 28 24 24 27 30 28 28 27 26 26 28 31 31 31 29 28 29 29 29 30 35 31 33 32 35 32 30 30 33 32 31 29 29 27 27 28 27 27 25 25 27 26 24 23 23 23 25 25 26 25 23 23 24 25 25 27 27 26 24 24 23 24 25 25 29 30 24 25 24 22 26 26 24 25 24 24 25 25 26 36 38 35 33 33 34 33 35 35 36 37 37 32 33 33 37
25 25 25 24 26 28 28 28 27 27 27 28 29 30 30 30 30 29 30 29 30 33 32 33 32 35 32 30 31 32 31 30 29 29 28 28 28 28 26 25 25 27 25 27 24 23 23 23 25 26 27 26 25 24 25 27 28 27 27 24 24 23 22 26 28 28 31 24 24 23 23 23 25 24 25 25 24 24 27 31 38 39 38 36 34 33 33 33 34 37 43 38 36 33 33 35
24 24 26 23 26 26 28 28 28 28 28 29 29 29 29 31 30 30 29 29 31 31 33 33 33 33 31 29 31 31 31 29 29 29 28 27 27 27 26 26 26 26 25 25 25 25 24 23 24 24 24 26 25 23 26 26 28 27 27 26 25 24 22 22 22 24 27 26 23 24 23 23 24 24 25 25 25 24 26 31 33 36 36 36 33 33 33 33 37 43 44 39 38 35 34 33
25 24 27 25 25 25 25 28 28 28 28 29 29 28 28 30 31 31 30 29 31 31 32 33 32 31 29 29 30 32 30 29 30 30 28 28 28 27 27 27 26 25 26 25 28 26 24 24 24 24 23 23 23 24 25 26 29 28 28 27 25 24 22 22 21 21 22 27 23 23 22 23 23 25 25 24 26 27 27 27 29 31 32 35 31 31 33 34 45 43 43 37 37 36 37 38
25 25 27 25 25 25 23 26 29 28 29 29 29 27 26 29 30 30 30 29 30 31 32 33 30 29 30 29 30 31 30 30 30 29 28 29 28 28 27 27 27 26 25 25 26 28 25 24 25 27 24 23 21 25 26 27 27 26 26 27 25 24 27 22 20 23 22 26 23 23 22 24 23 28 25 25 27 27 29 30 31 31 30 33 30 30 32 38 40 40 38 36 38 41 39 37
26 26 27 26 25 23 24 25 26 29 29 29 29 28 26 26 27 30 30 30 30 30 31 31 30 30 30 29 29 29 32 31 29 29 29 29 28 28 27 28 27 27 25 25 26 26 28 26 24 24 25 24 23 22 27 27 29 26 26 27 26 25 25 23 21 20 22 27 23 21 22 25 23 24 24 27 27 28 28 31 33 34 32 32 31 30 32 36 37 36 37 36 35 37 37 47
26 26 26 26 25 24 23 24 24 25 29 29 29 29 26 26 26 29 30 30 30 30 31 31 31 30 31 30 29 29 31 32 30 30 29 29 29 28 27 29 28 28 26 26 25 26 28 28 27 25 23 25 26 21 24 27 28 27 25 27 26 27 27 25 22 20 21 22 21 21 22 23 27 27 24 25 26 29 28 30 35 34 34 33 31 35 38 35 34 36 37 36 41 33 41 53
26 26 26 25 25 24 23 23 24 24 26 29 30 29 28 26 26 26 30 30 30 30 31 31 30 30 31 31 30 29 30 31 30 32 29 30 29 29 28 29 29 28 27 26 26 26 26 26 28 25 23 23 24 25 22 24 27 28 26 25 25 25 25 27 24 22 21 22 21 22 22 23 25 25 24 25 27 31 30 30 32 32 34 31 31 36 35 34 36 35 33 34 34 42 48 44
28 26 26 26 27 24 23 23 24 24 24 28 29 29 29 28 26 26 28 31 30 30 31 31 30 29 30 31 30 31 32 32 30 33 30 30 30 29 28 29 29 28 28 27 27 26 26 26 28 25 24 25 24 25 23 25 24 27 28 27 27 25 23 24 24 23 22 22 21 21 22 25 25 22 28 30 32 32 33 33 31 31 32 31 33 34 36 34 36 37 33 34 40 50 46 36
28 26 26 26 24 25 25 24 24 24 24 25 27 29 29 29 27 26 28 31 30 30 30 31 30 30 29 30 31 33 33 32 32 32 30 32 30 29 29 31 29 29 30 29 27 26 25 25 25 24 23 24 26 26 25 25 23 24 28 27 27 27 25 27 26 24 24 23 22 21 22 24 22 21 24 25 32 34 34 31 30 34 32 31 32 32 33 34 32 34 37 37 37 37 41 46
27 25 25 25 25 25 25 24 24 24 24 25 25 28 29 30 29 26 27 31 31 31 31 31 31 30 29 29 31 33 33 32 32 32 32 32 32 30 30 31 31 29 30 30 28 26 25 25 25 24 23 24 26 26 28 24 23 23 26 25 24 26 24 27 28 26 25 23 25 22 22 23 22 22 23 23 28 33 33 34 29 30 30 30 31 31 30 34 31 43 43 34 42 45 52 53
26 25 25 24 25 26 26 24 25 24 24 24 25 27 29 30 29 27 27 30 32 31 31 32 31 31 30 31 33 33 33 33 33 32 31 32 32 32 32 31 31 29 29 29 28 26 25 25 26 25 24 24 25 25 29 27 25 23 24 25 24 22 23 27 29 27 27 25 24 21 22 21 21 22 24 27 25 28 31 34 31 29 29 30 31 30 29 30 33 38 33 33 44 46 55 43
26 25 23 23 25 26 25 25 26 28 26 25 25 26 28 30 29 28 27 30 32 32 32 32 31 32 33 33 33 33 34 33 33 33 32 31 32 32 31 31 32 31 29 29 30 27 25 24 27 27 25 23 23 26 31 30 29 26 25 24 25 22 22 23 29 28 25 26 23 22 22 22 22 22 26 25 27 30 32 31 33 29 30 30 32 29 30 29 33 36 45 38 44 52 48 37
26 25 23 23 24 25 24 24 26 28 26 27 26 26 26 30 31 30 29 30 33 33 33 31 29 30 33 33 33 33 33 34 34 33 33 32 32 32 31 31 31 30 30 29 29 29 27 25 26 27 27 23 23 24 30 29 29 30 28 24 25 24 22 24 23 28 27 26 23 22 22 22 22 23 25 25 26 27 30 31 31 29 30 31 30 30 32 29 33 43 45 42 47 52 42 49
26 24 23 23 23 24 24 25 28 28 27 28 29 27 27 29 31 31 31 30 33 33 32 31 29 30 33 32 33 33 32 33 33 33 33 33 33 32 32 30 29 30 31 30 29 29 28 25 25 25 28 24 24 24 33 30 29 29 29 26 24 24 22 24 23 29 27 27 24 22 22 22 23 26 26 25 26 30 31 31 31 29 29 30 31 31 32 37 34 49 37 35 43 41 52 51
24 24 23 23 23 23 24 25 27 29 29 29 30 29 28 30 31 33 33 32 32 32 31 31 31 31 33 33 33 33 32 32 33 33 33 33 33 33 32 31 30 29 31 31 30 29 28 26 26 24 27 28 24 25 27 26 29 27 29 25 29 27 24 22 24 28 27 27 26 22 23 25 25 26 25 25 25 29 38 33 30 28 29 30 28 29 32 34 40 38 40 38 37 52 57 51
23 23 24 23 23 23 24 24 26 29 30 30 30 31 30 29 29 31 34 35 35 35 33 32 31 31 32 33 33 33 33 32 33 33 32 34 33 32 31 31 30 29 30 30 31 31 29 28 26 25 28 27 26 26 26 26 27 27 26 24 28 27 29 26 25 28 28 27 25 24 25 25 26 26 25 24 26 31 35 30 29 28 29 30 33 32 37 40 41 34 35 43 42 14 12 44
24 24 23 23 23 23 23 24 25 28 30 30 29 31 31 30 29 31 32 36 35 35 35 33 32 31 32 33 34 33 32 31 33 33 32 32 32 33 33 32 31 29 30 30 30 31 30 29 27 25 28 28 25 25 24 25 29 29 27 28 27 26 30 28 27 27 28 27 26 25 26 26 26 26 25 24 26 30 31 28 28 26 29 37 33 31 43 39 37 34 40 42 42 14 14 11
24 24 24 24 23 23 23 24 25 29 30 30 31 31 31 31 31 31 32 32 35 35 36 35 34 33 32 33 34 33 32 31 32 33 32 30 31 33 33 32 31 29 30 28 30 30 30 30 28 25 25 26 26 27 25 25 28 30 27 29 29 28 28 30 28 31 28 27 26 27 27 29 27 27 27 26 27 30 29 28 26 25 29 37 32 37 37 38 40 34 44 51 14 13 13 10
23 25 25 25 25 24 24 24 25 28 29 29 33 33 33 33 35 34 33 32 34 36 35 35 34 35 34 34 34 34 32 32 31 32 33 30 30 31 31 33 31 30 29 27 29 27 28 30 31 28 25 24 26 25 25 25 28 30 30 29 30 28 28 28 27 28 28 28 28 26 27 31 30 31 31 30 29 30 27 28 26 25 29 36 32 42 32 36 44 35 39 13 14 13 11 10
24 24 26 26 26 25 24 24 26 29 28 28 30 32 32 30 34 35 34 32 32 36 36 35 34 34 34 35 34 34 33 32 30 30 32 32 31 30 31 31 30 31 31 30 28 27 27 28 30 28 26 24 27 26 25 27 28 30 30 31 31 30 29 27 28 33 29 30 27 26 25 28 33 35 36 31 31 30 27 28 30 28 29 41 33 32 33 39 48 40 42 12 12 13 11 10
25 25 26 27 27 26 25 26 29 30 29 28 30 32 32 31 33 33 34 32 32 34 35 35 35 35 34 34 34 34 34 32 31 30 30 32 31 31 31 31 30 29 30 31 30 28 26 27 29 30 28 26 27 26 25 26 29 27 30 34 32 30 27 30 27 32 32 31 28 26 24 27 32 34 35 31 31 29 30 29 29 28 29 34 36 30 33 42 12 41 11 12 13 13 11 10
26 26 26 26 26 27 26 26 30 31 31 28 32 31 33 32 31 34 33 32 32 33 33 35 34 34 35 34 34 34 34 34 33 31 30 31 31 30 32 33 31 30 29 30 31 29 27 27 28 28 28 27 27 27 26 26 29 30 32 31 31 30 27 29 28 33 30 30 27 25 25 29 33 31 31 32 28 29 30 32 37 36 30 42 41 30 31 11 14 12 10 10 11 11 11 12
24 25 27 27 27 26 27 28 28 29 30 30 30 30 31 32 32 34 33 34 33 32 32 33 33 33 33 34 34 32 33 33 33 31 30 31 31 30 30 31 32 30 29 28 29 30 29 27 28 29 28 27 27 28 29 26 27 28 32 31 32 32 29 28 27 30 29 31 31 26 31 33 35 33 32 29 26 26 26 30 36 40 37 48 47 43 9 39 12 12 10 10 12 11 11 12
27 25 27 27 28 29 29 29 30 30 30 31 31 33 33 33 33 36 36 34 34 34 33 33 33 33 33 33 32 32 32 32 32 32 30 30 33 33 31 30 32 31 29 28 29 29 30 29 28 28 28 27 27 29 31 30 27 26 27 28 29 32 33 31 30 29 27 29 31 30 30 29 35 35 36 32 26 25 25 28 32 33 43 43 43 49 9 11 13 10 10 12 13 10 10 10
27 27 27 27 28 29 29 29 28 30 31 33 32 33 34 33 32 33 35 35 35 35 34 34 34 34 34 33 33 33 33 33 33 32 31 29 31 32 32 31 31 30 28 27 28 29 28 30 30 30 29 26 28 29 28 32 31 27 28 25 30 37 39 37 31 29 31 29 30 28 28 32 33 31 34 34 30 27 27 28 28 35 42 13 13 14 14 11 10 11 13 12 12 10 10 13
26 26 26 26 27 28 28 28 27 29 31 32 32 32 33 35 33 33 35 38 37 36 34 34 34 36 34 34 35 35 33 32 34 32 32 29 29 32 33 32 31 30 29 28 27 28 27 29 29 30 28 26 28 30 29 28 30 26 27 25 33 33 31 31 30 28 30 32 30 28 30 33 33 34 33 32 32 28 29 29 29 37 36 12 41 14 15 11 11 14 13 12 10 10 11 13
26 26 26 26 27 28 28 26 28 28 31 32 32 32 32 32 32 32 33 39 37 36 33 32 32 33 34 34 34 34 34 32 32 34 34 32 28 29 32 33 31 31 30 30 29 27 27 29 30 30 29 27 28 31 32 30 30 29 30 28 28 30 31 31 31 30 29 31 30 30 31 33 32 33 35 32 36 30 30 30 31 33 12 43 13 13 13 11 11 13 12 11 10 10 11 13
25 26 26 26 28 29 26 26 28 29 31 31 33 32 31 31 32 32 34 38 37 35 34 32 30 30 31 33 34 34 34 34 31 32 34 33 30 29 29 31 31 31 31 31 30 28 27 29 30 30 31 28 27 30 32 31 31 30 30 30 31 33 32 31 32 30 30 33 31 32 34 30 32 33 33 32 33 33 31 32 34 12 13 14 14 14 14 12 13 12 12 12 11 11 11 13
25 26 26 27 28 27 27 27 25 28 31 32 32 32 29 32 32 33 35 38 38 36 34 32 30 30 30 32 33 33 33 33 32 32 33 34 32 29 29 29 31 30 31 33 31 29 28 28 30 30 30 28 28 29 32 33 32 31 30 31 32 32 32 32 31 31 33 33 32 33 35 31 31 35 33 32 32 32 36 35 35 12 13 14 13 13 14 14 14 12 11 11 11 11 12 12
25 25 26 28 27 26 27 26 25 26 30 31 31 30 28 31 32 34 35 39 37 36 34 33 31 30 31 31 32 33 33 33 34 34 33 31 32 30 28 28 33 32 30 31 31 31 31 29 30 30 30 29 28 30 33 33 32 31 30 31 34 33 32 32 33 32 34 36 34 34 33 32 34 35 34 37 35 34 35 36 11 12 12 13 13 14 14 14 13 13 12 12 12 12 12 12
24 24 24 25 25 26 25 27 26 27 30 30 31 30 29 29 31 32 32 34 37 35 34 33 33 32 32 31 32 33 36 33 33 34 34 32 32 31 28 28 31 32 31 29 30 31 30 31 28 29 30 29 29 31 34 33 32 31 32 34 36 33 33 33 33 34 35 38 37 35 33 30 33 40 36 38 40 39 37 37 10 11 11 12 14 15 14 14 13 13 12 12 12 13 13 12
24 24 22 24 23 24 25 25 24 25 28 30 30 31 31 30 30 32 33 34 34 33 33 33 33 33 33 32 31 32 35 35 33 33 34 34 34 32 30 29 30 33 32 31 29 33 31 30 30 30 32 30 29 32 34 34 32 34 35 37 36 34 35 34 35 35 36 36 37 35 32 32 32 32 32 10 10 39 10 10 12 11 12 13 13 12 14 14 13 12 11 11 13 14 14 13
25 25 25 23 21 23 24 23 23 23 24 28 29 32 32 33 33 33 34 34 34 33 33 33 33 33 32 32 31 31 34 34 34 34 34 34 36 34 30 30 31 33 34 32 31 32 32 31 31 31 33 33 31 32 36 34 33 35 36 36 34 33 44 35 35 35 36 39 39 37 33 33 38 35 9 9 38 39 11 11 14 13 11 12 11 13 14 14 13 12 11 11 11 11 12 12
25 23 25 25 21 22 22 24 22 23 23 25 27 27 28 30 31 29 31 33 34 33 32 32 33 33 34 34 33 32 34 32 34 35 33 34 34 35 32 30 32 32 33 31 30 34 32 33 33 32 31 34 35 33 35 37 34 35 36 35 32 34 41 42 37 36 35 42 45 41 36 34 34 38 36 9 11 12 11 11 13 13 12 12 12 12 13 13 13 12 11 12 12 11 12 12
24 23 22 24 22 22 22 23 22 24 25 24 28 28 27 27 28 28 29 30 31 32 32 32 33 33 34 34 34 35 33 33 33 36 34 35 36 35 35 31 32 33 32 30 30 34 35 34 33 32 30 33 37 36 34 37 37 35 37 33 34 41 42 39 37 34 35 46 46 42 40 34 33 10 10 10 12 12 11 11 12 12 13 14 13 13 13 13 14 12 12 12 12 12 12 12
24 24 23 23 22 22 21 21 22 23 25 26 25 28 28 27 27 27 28 29 29 30 31 32 33 33 34 34 34 34 34 35 33 35 36 35 36 38 35 34 32 35 32 31 32 35 36 36 36 35 31 35 39 39 37 37 39 36 36 34 36 40 41 39 36 33 37 47 45 45 41 36 36 10 40 10 12 12 11 11 12 12 13 13 13 14 14 14 13 13 13 12 12 12 12 12
22 24 24 24 23 22 20 20 20 23 25 26 27 27 27 26 26 26 27 29 29 29 29 31 32 33 34 34 34 34 34 34 35 34 35 38 35 39 38 35 34 37 32 32 34 35 36 38 38 35 33 35 40 40 38 37 38 38 37 35 36 50 43 38 36 34 44 46 45 44 43 40 10 10 11 11 11 11 10 11 11 12 13 13 13 14 14 13 14 14 13 12 13 13 13 13
18 19 23 23 23 22 21 20 21 23 25 25 27 26 26 26 26 25 25 26 28 29 29 31 31 33 34 35 35 35 36 37 35 35 35 38 36 40 40 38 35 36 34 35 34 35 35 40 39 37 38 35 40 41 40 39 38 37 36 37 36 51 48 39 36 37 41 47 46 41 9 11 10 10 11 11 11 11 11 11 12 12 12 13 14 14 14 14 14 14 13 13 13 13 13 13
17 17 19 22 22 22 21 19 20 20 23 23 26 26 25 24 24 26 26 26 27 27 28 28 31 33 34 34 35 37 38 39 38 37 37 43 39 39 41 39 37 37 37 37 36 36 38 38 35 42 43 37 38 42 41 39 38 38 34 48 43 51 46 39 38 40 41 47 46 43 10 11 11 11 11 10 11 11 11 12 12 13 13 13 14 14 14 14 14 14 15 13 14 14 14 14
17 17 17 20 23 23 21 19 20 19 20 20 23 25 25 24 24 24 25 25 26 27 28 26 28 31 33 34 35 38 37 41 43 43 39 42 41 42 39 40 39 37 45 39 40 37 41 38 35 46 46 39 39 43 43 41 41 38 35 53 52 44 42 39 49 49 42 42 45 11 11 11 10 10 10 11 11 10 11 11 12 13 13 14 14 14 15 15 15 15 15 14 14 14 15 15
16 16 16 17 22 22 22 20 19 19 20 19 22 23 25 23 26 25 25 25 25 27 28 27 25 27 33 34 35 37 34 44 45 45 40 42 40 39 42 40 42 40 45 44 44 39 39 37 43 50 46 42 40 43 44 42 42 38 40 43 56 44 38 44 53 46 48 44 10 10 10 10 10 10 10 11 10 10 11 11 12 13 14 14 14 15 15 15 15 15 16 15 14 15 15 15
15 16 16 17 19 21 22 21 20 17 18 18 21 22 23 23 24 26 26 26 27 26 29 30 29 26 30 33 34 40 39 43 43 43 43 43 42 44 45 43 46 41 46 48 45 46 41 39 47 49 48 46 45 44 45 45 44 42 42 41 48 43 39 47 48 44 46 10 10 10 10 10 10 10 10 10 10 10 11 11 12 13 14 15 15 15 15 16 16 16 16 15 15 15 16 16
14 16 16 17 19 18 19 20 21 20 17 18 20 20 21 21 21 25 27 25 24 21 27 34 36 35 33 30 35 35 40 44 46 45 47 46 43 43 46 46 48 45 49 48 47 48 43 42 51 50 49 49 47 47 49 50 50 48 48 48 48 45 45 48 46 45 10 10 10 9 9 9 9 10 10 10 10 10 11 11 12 12 14 14 14 15 15 15 16 16 16 17 16 16 16 16
14 15 18 19 19 18 18 18 19 20 18 18 20 21 21 22 22 25 25 25 26 23 21 29 34 37 37 34 38 36 45 49 49 47 49 49 46 46 49 47 50 48 50 48 50 49 42 50 54 51 51 49 47 50 51 50 48 52 54 51 50 49 50 51 10 9 9 10 10 10 10 10 10 10 10 10 10 10 11 12 12 12 14 14 15 15 15 15 16 16 16 16 15 15 16 16
13 14 15 17 18 18 19 18 19 19 19 19 19 20 21 22 24 24 22 24 29 32 31 29 27 35 36 46 40 39 50 53 52 50 49 52 51 53 52 51 52 50 52 53 54 49 45 51 54 53 53 50 51 54 54 52 49 55 54 53 52 52 55 10 10 9 10 10 10 10 10 10 10 10 11 10 10 11 11 12 12 13 14 15 15 15 15 16 16 16 16 16 16 17 16 16
