Artocarpus heterophyllus SDM files/Last interglacial/Environmental layers/bio19.asc
ncols  625
nrows  721
xllcorner  69.99986311115
yllcorner  5.99986151914999
cellsize 0.041666667
NODATA_value  -9999
[rows 235 to 281 of 721, columns 96 to 191 of 625]
7 7 7 7 7 6 6 6 6 6 6 6 6 6 6 4 4 5 5 5 6 6 6 6 6 6 6 6 6 6 6 6 7 7 8 8 8 8 9 9 9 9 9 9 9 9 9 9 10 10 11 11 11 11 11 11 10 11 11 11 12 12 12 12 12 13 14 15 15 15 15 13 14 13 13 13 13 14 15 15 16 18 18 18 17 17 17 19 19 20 20 20 23 25 25 22
7 7 7 7 7 7 6 6 6 6 6 6 6 6 5 4 5 5 5 5 5 5 6 6 6 6 6 6 6 6 7 7 7 8 8 8 8 8 9 9 9 9 9 9 9 9 9 9 10 11 11 10 10 10 10 10 10 11 11 12 13 13 12 13 14 14 14 17 16 13 13 13 13 13 14 15 15 16 16 16 16 18 17 16 16 17 18 19 20 20 19 21 23 23 22 22
7 7 6 6 7 6 7 6 6 6 6 6 6 6 6 5 5 5 5 5 5 5 5 6 6 6 6 6 6 6 7 7 8 8 9 9 9 9 9 9 9 9 9 9 9 10 9 9 9 10 10 10 11 11 11 12 12 13 13 13 13 13 12 11 14 15 15 16 16 14 13 14 14 14 14 16 16 16 16 15 15 15 16 16 17 18 18 20 20 20 21 20 22 22 22 24
7 6 6 6 6 6 7 6 6 6 6 6 5 5 6 6 5 5 5 5 5 5 5 6 6 6 6 6 6 7 7 7 8 8 9 9 9 9 9 9 9 10 11 11 10 10 10 9 9 10 10 10 10 10 11 12 11 13 13 13 14 14 14 12 11 12 13 11 12 13 13 14 14 16 14 16 16 16 16 15 15 15 16 17 17 19 19 19 19 20 21 20 19 21 22 25
6 5 5 5 6 6 6 6 5 5 5 5 4 5 5 5 5 4 5 5 5 5 6 6 6 6 6 6 6 7 7 8 8 8 9 10 10 10 10 10 9 10 11 11 11 10 10 10 10 11 10 10 10 10 10 11 11 13 13 14 14 13 11 12 11 11 11 12 13 13 13 15 16 14 16 15 16 18 16 16 16 16 16 17 17 18 18 19 19 20 20 20 20 20 23 23
5 5 5 5 5 5 5 5 4 5 5 4 5 5 5 5 5 4 4 4 4 5 5 5 6 6 6 6 7 7 8 8 8 8 8 10 10 10 10 10 10 11 11 11 11 10 10 10 11 11 10 9 10 10 10 10 11 12 13 13 13 13 13 12 12 12 12 12 13 13 14 15 16 14 14 15 16 16 18 16 16 16 16 16 17 20 20 17 18 19 19 20 20 20 22 19
5 5 5 5 5 5 5 5 5 5 5 5 5 5 5 5 5 5 4 4 4 5 5 5 5 5 5 6 6 8 8 8 8 8 8 10 10 10 10 10 11 11 11 11 11 10 10 10 11 11 11 10 10 10 10 10 10 10 10 11 15 14 12 12 12 12 12 12 13 14 15 15 15 16 14 14 16 16 16 16 16 16 18 16 17 18 17 17 18 19 18 19 19 20 23 21
5 5 5 5 5 5 5 5 5 5 6 6 5 5 5 5 5 5 5 4 4 5 5 5 5 5 6 6 6 7 7 8 10 8 8 10 10 10 10 11 11 11 11 11 11 11 10 11 11 11 11 10 9 9 9 9 9 9 10 12 12 12 12 12 12 12 12 13 13 13 15 14 14 15 16 14 15 17 16 16 18 16 16 18 16 18 18 17 17 19 18 18 19 20 23 23
5 5 5 5 5 5 5 6 6 6 6 6 5 5 5 5 5 5 5 4 4 5 5 5 6 6 6 6 7 7 7 8 9 9 9 10 10 10 10 11 11 11 11 11 11 11 11 11 11 11 11 10 10 9 9 9 10 10 9 10 11 12 12 12 12 12 12 13 15 13 15 15 16 15 16 15 15 15 16 16 16 17 17 18 17 17 18 17 17 17 17 18 18 19 21 21
5 5 5 5 5 6 6 6 6 6 6 6 6 6 5 5 5 5 5 5 6 6 6 6 6 6 6 7 7 7 7 8 9 8 9 9 9 10 11 11 11 11 11 11 11 11 12 11 11 11 11 10 10 10 9 10 10 10 10 10 11 12 12 12 13 12 12 13 14 14 14 15 15 17 18 15 16 16 17 17 17 17 18 17 17 17 18 18 19 18 17 18 19 18 19 18
5 5 5 5 6 6 6 6 6 6 6 6 6 6 6 5 5 5 5 6 6 6 6 6 6 6 7 8 7 9 9 9 9 9 10 10 10 11 11 12 12 12 11 12 12 11 12 12 11 11 11 10 10 10 10 10 10 10 11 11 11 11 12 12 12 12 13 14 14 14 14 15 15 16 18 16 15 16 17 17 17 17 18 19 19 17 18 19 21 19 17 17 17 17 21 20
5 5 5 6 6 6 6 6 6 6 6 6 6 6 6 6 6 6 6 6 6 6 6 6 6 7 7 8 8 9 9 9 9 10 10 10 10 10 10 11 11 12 12 12 11 12 12 12 12 11 11 10 11 10 10 10 10 10 11 11 11 11 11 12 12 12 13 14 14 15 15 14 15 16 18 17 15 15 17 17 17 17 17 20 19 19 19 19 22 21 20 20 20 17 20 20
7 6 6 6 6 6 6 6 6 6 6 6 6 6 6 6 6 6 6 6 6 6 6 6 7 7 7 9 8 9 9 9 10 10 10 10 10 11 11 11 11 11 11 12 12 12 12 12 12 12 12 10 11 10 10 10 10 11 11 11 11 11 11 11 12 12 13 14 14 14 14 15 15 16 20 20 16 16 17 17 17 17 18 18 19 17 17 20 20 19 20 21 21 20 20 20
7 7 6 6 6 6 6 6 6 6 6 6 6 6 6 6 7 7 7 7 6 6 7 8 9 9 9 9 9 9 9 10 10 10 10 11 11 11 11 11 11 11 11 11 11 12 12 12 11 11 12 12 10 10 10 10 10 11 11 11 11 11 11 12 12 13 13 14 14 14 14 15 16 16 17 20 16 16 17 17 17 17 20 20 20 19 18 21 22 19 19 21 20 19 20 21
7 7 6 6 6 6 6 6 7 7 7 7 6 6 7 6 7 7 7 7 7 7 9 9 9 9 9 9 9 10 10 10 10 11 11 11 12 12 12 11 11 11 11 12 12 11 11 12 12 12 12 11 10 10 10 10 10 11 11 11 10 11 11 12 12 12 13 14 14 14 14 15 16 16 18 20 16 15 16 17 18 20 19 20 20 19 20 21 20 19 18 21 19 23 21 20
7 7 6 6 6 6 6 7 7 7 7 7 7 7 7 8 8 7 7 7 7 9 9 9 9 9 9 9 10 10 10 10 11 11 11 11 11 12 12 12 11 11 11 12 12 12 11 11 11 11 11 11 11 11 10 10 10 11 12 11 10 11 12 12 12 12 13 14 14 14 15 15 16 16 18 19 16 15 16 17 19 20 20 21 21 20 20 22 19 21 22 23 21 23 23 22
7 7 7 6 6 6 6 7 7 7 7 7 7 7 8 8 8 8 8 8 8 9 9 9 9 9 10 10 10 10 10 11 11 11 11 11 11 12 12 12 12 12 13 12 12 11 10 10 10 11 11 11 11 11 11 10 11 11 11 12 10 12 12 12 12 12 13 14 14 15 15 15 15 17 21 19 17 15 15 17 18 18 19 22 22 22 22 23 23 23 24 24 21 25 24 23
6 6 6 6 5 5 6 6 6 6 6 6 6 7 8 8 8 8 8 9 8 9 9 9 9 9 10 10 10 10 10 11 11 11 11 11 11 12 11 10 12 12 13 12 11 11 11 11 11 10 10 11 11 11 11 11 11 11 11 12 11 12 12 12 12 12 13 13 15 15 15 15 15 17 20 19 17 16 16 17 18 18 20 22 22 23 23 25 26 23 23 25 25 25 25 24
6 6 6 6 6 5 5 6 6 6 6 6 6 6 7 7 8 8 8 9 10 10 9 10 10 10 9 10 10 10 11 11 11 11 11 11 12 12 10 10 11 11 11 11 11 11 11 11 11 11 10 10 11 11 11 11 11 11 12 12 12 11 12 12 12 13 14 14 14 15 15 15 16 17 21 21 17 16 17 17 20 20 20 22 22 22 23 26 27 24 23 25 27 25 26 25
6 6 6 6 6 6 6 6 6 6 6 6 8 8 8 8 9 9 9 9 9 9 9 10 10 10 10 10 10 10 11 11 11 10 10 12 11 10 10 11 11 11 11 11 11 11 11 11 11 11 11 10 10 11 11 11 11 11 11 12 12 11 13 13 13 13 14 14 14 14 15 16 16 18 21 22 16 16 17 17 18 18 20 21 21 22 22 26 26 26 23 25 29 25 26 26
6 6 6 6 6 6 6 7 6 6 7 8 8 8 9 9 9 9 9 10 9 9 9 9 9 9 10 10 10 11 11 11 11 10 11 11 10 10 11 12 12 12 11 12 11 11 11 11 11 11 11 10 10 10 11 11 11 11 12 13 12 13 12 13 13 13 14 14 14 15 16 16 16 18 20 22 16 16 17 18 18 19 20 22 22 23 24 26 27 27 24 26 27 28 26 27
6 6 6 6 6 6 6 7 7 7 8 8 8 9 9 9 9 9 9 10 10 9 9 9 9 9 9 9 10 11 11 11 11 10 11 11 11 11 11 12 12 12 12 12 12 12 11 11 11 11 11 10 10 10 11 11 11 11 12 12 12 12 13 13 13 14 15 15 15 15 15 16 16 18 20 22 18 18 18 18 18 19 20 23 23 24 24 24 25 27 27 26 29 29 30 29
6 6 6 6 6 6 7 7 7 8 8 8 9 10 9 9 9 9 9 10 10 9 9 9 9 9 9 9 10 10 10 11 11 11 11 11 11 11 12 12 12 12 12 12 12 12 12 11 11 11 11 11 11 11 11 10 11 12 12 12 12 12 13 13 13 14 15 15 15 15 15 15 17 17 22 23 18 18 18 18 18 20 21 23 24 27 27 25 25 25 27 25 27 27 31 30
6 6 6 6 6 6 7 7 7 8 8 9 9 9 9 9 9 9 9 10 10 10 10 10 9 9 9 9 9 10 10 10 12 13 12 12 12 13 12 12 12 12 12 12 12 12 12 11 11 11 11 11 11 11 11 11 11 12 12 13 13 13 13 13 13 14 15 15 16 16 16 16 17 17 21 24 20 18 18 18 18 20 21 21 24 27 27 28 28 27 27 27 28 29 33 32
6 6 6 6 6 7 7 7 7 8 9 9 9 9 10 10 9 9 9 10 10 10 10 10 9 9 9 10 10 10 10 10 12 12 13 14 14 14 13 13 13 12 12 12 12 12 12 11 11 11 11 11 11 11 11 11 11 11 13 13 13 14 13 14 15 15 16 16 16 16 16 16 16 18 21 25 23 19 18 18 20 21 22 22 25 27 27 27 28 29 30 27 28 29 31 32
6 6 6 6 6 7 7 7 8 8 9 9 9 9 9 9 10 9 9 10 10 10 10 10 9 9 9 9 10 10 10 11 12 13 13 14 14 15 15 14 13 13 13 12 12 12 12 12 12 12 12 11 12 11 11 12 12 12 12 14 14 14 14 14 14 16 16 16 16 16 16 16 16 18 21 24 25 19 19 19 20 21 22 23 25 29 28 27 28 30 31 30 28 29 34 34
6 6 6 6 6 7 8 8 9 9 9 9 9 9 10 9 9 9 9 9 10 10 9 10 10 9 9 9 10 10 10 11 11 12 12 13 15 15 15 15 14 14 13 13 12 12 12 12 12 12 12 12 12 12 12 12 12 12 13 13 14 15 15 15 15 17 17 17 17 17 17 17 17 17 20 24 27 21 19 19 19 20 23 23 25 28 31 28 27 28 32 32 28 28 34 34
6 6 6 6 7 7 8 8 8 9 9 9 9 10 9 10 9 9 9 9 10 8 8 8 10 9 8 9 10 10 11 11 11 12 12 13 13 14 15 15 16 14 14 13 13 12 12 12 11 12 12 12 12 12 12 12 12 13 14 14 15 15 15 15 15 17 17 17 17 17 17 17 17 18 20 22 26 26 20 21 22 21 23 23 24 27 31 28 28 29 32 32 30 28 33 34
6 6 6 7 8 8 8 8 8 9 9 9 9 9 9 9 9 9 9 9 9 10 10 8 10 8 8 10 10 11 11 11 11 12 13 13 13 13 14 15 14 14 14 14 14 13 12 12 11 12 12 12 12 12 12 13 13 13 14 14 16 16 15 15 15 16 18 18 18 18 17 17 18 19 19 20 25 28 24 22 23 27 24 24 24 26 30 31 29 29 33 33 33 30 32 34
7 7 8 8 8 8 8 8 9 9 9 9 9 9 10 9 9 9 9 9 8 10 10 10 10 8 8 8 9 9 9 9 10 13 14 12 12 12 12 12 14 14 14 14 14 14 13 12 12 12 12 12 12 13 13 13 13 14 14 15 16 16 16 16 16 16 18 18 18 18 18 18 19 19 19 22 25 27 23 22 21 26 27 27 27 29 30 31 32 31 31 33 35 31 32 35
7 7 7 8 8 8 9 9 9 9 9 9 9 9 9 9 9 9 9 9 8 11 10 10 10 9 9 9 9 10 11 10 10 12 13 12 12 12 11 12 13 14 14 14 14 14 14 13 13 13 13 13 13 13 13 13 14 14 14 15 15 17 17 16 16 16 16 18 18 18 18 18 19 19 19 21 25 28 27 24 21 22 25 27 29 31 29 30 33 32 31 32 33 33 31 36
6 6 6 6 6 7 8 8 8 8 9 9 9 9 9 8 8 9 9 9 8 11 11 10 11 11 11 11 11 11 11 12 13 14 14 15 15 14 12 14 12 12 13 14 13 14 14 14 13 13 13 13 13 13 14 14 14 14 15 15 15 16 17 17 16 17 17 18 18 18 18 19 19 20 20 20 24 28 30 27 24 26 28 26 29 33 30 30 31 33 34 32 33 34 30 31
6 7 6 6 6 7 7 8 8 8 8 8 8 8 9 8 8 11 9 9 9 9 10 11 11 11 11 11 12 12 12 14 14 15 15 16 16 15 13 14 14 12 11 13 13 13 14 14 14 13 13 13 13 14 14 14 15 15 15 15 15 16 17 17 17 17 17 18 18 18 18 19 19 20 20 21 22 26 30 31 30 26 29 29 31 31 30 31 31 32 34 35 35 38 35 34
7 7 7 7 7 7 7 8 8 8 8 8 8 8 8 7 7 9 9 9 9 9 9 9 9 10 11 12 12 12 13 14 15 16 16 16 17 16 13 13 16 12 12 11 11 11 12 14 14 14 13 14 14 14 14 14 15 15 16 16 16 16 17 17 17 17 17 17 18 18 18 19 20 20 21 21 21 23 27 32 32 27 30 31 31 31 32 34 32 32 32 33 36 36 39 33
8 7 7 7 7 7 7 8 8 8 8 8 8 8 8 7 7 8 9 10 11 9 9 9 9 9 9 9 10 11 13 14 15 15 16 16 15 14 13 13 15 14 13 12 11 11 11 12 13 14 14 14 14 14 14 15 15 15 16 17 17 17 17 17 17 17 17 17 17 18 19 19 20 20 21 21 21 22 26 30 31 31 31 34 31 31 33 34 35 33 32 33 35 35 39 37
9 7 7 7 7 7 7 7 8 8 8 8 8 8 8 8 7 7 8 8 10 10 11 12 11 10 10 10 9 10 11 11 12 12 13 13 15 14 13 13 13 16 14 13 12 12 11 11 12 14 15 15 14 14 15 15 15 15 16 18 17 17 17 17 17 17 18 17 17 18 19 20 20 20 21 21 22 22 26 30 31 33 34 34 31 30 32 33 36 36 34 34 32 36 36 40
9 9 8 8 8 8 8 7 7 9 8 7 8 9 8 8 8 7 8 8 9 11 11 11 12 12 12 13 13 14 13 13 13 13 13 15 16 17 14 13 13 14 16 14 12 12 12 11 11 12 15 15 15 15 15 15 15 15 15 18 18 17 17 17 18 17 17 18 18 19 19 19 19 21 21 21 23 26 25 27 31 34 34 34 34 31 32 34 37 37 35 37 34 33 36 38
9 9 8 8 8 8 7 7 7 9 8 7 7 9 9 8 8 8 8 8 9 11 11 11 10 11 12 13 13 14 15 16 16 16 15 15 16 15 17 14 14 14 16 15 12 12 12 12 11 12 13 15 15 15 15 15 15 15 15 17 18 16 18 18 18 17 17 18 19 19 19 19 20 20 21 21 25 29 28 27 31 34 34 34 32 31 33 34 38 37 37 37 36 34 36 37
10 10 9 9 9 8 7 7 8 8 7 7 7 9 9 9 9 8 8 8 8 9 9 9 9 10 11 11 13 14 15 16 16 16 16 16 15 14 13 13 14 14 16 14 13 13 13 13 12 12 14 14 15 17 15 15 15 15 15 16 17 17 17 19 18 18 18 18 19 19 19 19 21 20 20 20 22 29 29 28 30 33 35 33 32 32 34 35 38 38 39 37 37 36 36 37
10 10 9 9 8 8 7 8 8 8 7 7 7 8 9 9 9 9 9 9 8 9 9 9 9 10 12 12 14 14 15 16 15 16 16 16 16 15 13 13 14 15 16 14 13 13 13 13 12 12 14 14 14 15 18 17 16 16 16 16 15 17 18 19 18 18 18 18 19 19 19 20 21 21 21 20 22 26 29 27 29 34 34 31 31 30 31 36 38 38 37 36 36 36 36 34
10 9 9 9 8 8 8 8 8 8 7 7 7 7 9 9 9 9 9 9 10 10 10 10 10 10 10 10 11 14 16 16 16 16 15 15 17 14 13 13 13 14 16 14 14 13 14 14 14 13 14 14 14 14 15 18 17 17 17 17 16 16 19 18 19 18 19 18 20 21 19 21 21 21 21 21 21 23 25 27 30 34 34 30 30 30 31 34 34 36 36 34 35 34 34 34
9 8 7 8 8 9 9 8 8 7 7 7 7 7 8 9 9 9 9 10 10 11 10 10 10 11 11 10 10 11 13 13 15 17 14 15 17 14 14 14 14 13 14 15 14 14 14 15 14 14 15 14 14 15 15 16 17 18 18 18 16 16 17 18 20 18 19 18 19 22 21 22 23 22 22 22 23 28 24 27 33 33 33 30 30 30 34 36 34 35 35 35 34 34 34 34
7 7 7 7 8 8 9 9 8 7 7 7 7 8 8 10 9 9 9 10 11 11 11 11 10 11 12 12 11 12 12 12 13 14 15 14 15 15 14 14 15 15 15 14 15 15 15 15 15 15 16 15 15 16 16 17 16 17 20 17 17 17 16 16 19 19 21 21 18 22 21 24 24 24 22 22 23 28 25 28 33 33 33 30 29 30 34 36 35 36 35 34 34 35 36 36
7 7 7 7 8 8 8 9 8 8 8 7 8 8 8 8 10 10 10 10 11 11 11 12 11 11 12 13 13 13 13 13 16 15 15 15 15 15 14 15 16 17 17 16 16 16 16 15 15 15 16 17 16 15 17 18 17 17 20 18 17 17 16 16 16 18 19 21 19 22 22 25 25 26 22 22 22 27 24 28 31 33 34 31 29 30 33 36 34 36 36 34 32 33 33 34
7 7 7 7 6 7 8 8 8 8 8 9 9 8 8 8 8 10 10 11 12 12 12 12 11 12 12 12 13 15 14 13 15 16 16 15 15 16 15 14 16 17 17 16 16 16 16 15 16 16 17 16 16 16 16 18 17 19 18 19 19 19 18 18 18 18 18 21 20 21 23 26 26 24 23 22 22 24 24 27 31 33 34 31 29 30 32 35 34 36 34 32 30 30 31 31
7 7 7 6 6 7 8 8 8 8 8 8 9 9 8 8 8 10 10 12 12 12 12 12 12 12 12 12 13 14 14 14 14 15 15 15 16 17 16 15 16 17 17 17 17 16 16 16 16 17 18 17 17 16 17 18 18 20 20 20 19 20 21 20 18 19 18 21 21 21 25 27 26 25 23 23 23 23 23 26 30 33 33 31 30 30 30 33 33 34 35 32 34 30 30 32
7 6 6 6 6 7 8 8 8 8 8 8 10 10 8 8 8 10 11 12 13 13 13 13 15 14 13 13 13 13 14 15 15 15 15 16 16 17 16 16 17 17 18 17 17 16 16 16 16 18 18 17 17 16 17 19 20 21 20 20 19 20 21 22 19 19 18 20 21 22 25 27 28 27 24 23 23 23 23 26 31 31 33 31 31 30 31 32 33 32 35 35 35 32 32 31
