Artocarpus heterophyllus SDM files/Last glacial maximum/Environmental layers/bio19.asc
ncols  625
nrows  721
xllcorner  69.958333335383
yllcorner  5.95833333415099
cellsize 0.041666666667
NODATA_value  -9999
[rows 174 to 231 of 721, columns 384 to 479 of 625]
51 52 38 29 18 31 27 27 18 13 11 11 19 23 16 9 8 6 10 8 6 7 5 5 7 5 5 4 7 5 4 6 8 8 8 8 7 5 7 7 6 5 5 3 4 3 6 6 5 5 7 6 5 5 6 5 5 5 5 5 4 4 4 4 2 4 3 2 3 4 2 2 2 2 2 2 1 2 2 2 2 2 2 3 3 3 2 3 1 2 4 4 3 3 3 3
39 51 49 42 30 41 36 31 23 16 11 11 18 23 15 7 8 10 16 15 14 11 9 6 6 5 4 4 7 4 7 9 10 10 9 9 8 8 8 8 8 6 6 5 3 3 7 7 7 6 7 7 6 6 7 7 7 6 6 5 5 5 5 4 2 2 4 2 4 5 3 3 2 2 2 3 3 2 3 2 2 2 2 3 3 2 1 2 2 4 5 5 4 3 3 3
30 33 33 29 32 39 38 34 25 20 15 11 15 21 14 12 10 11 14 10 11 14 12 10 10 9 7 5 6 7 10 7 8 9 9 8 6 5 9 8 8 6 7 7 6 3 6 4 6 6 9 7 7 6 7 7 7 7 7 7 6 5 5 4 3 6 5 4 5 5 3 4 2 2 2 2 2 3 4 3 2 3 2 2 4 3 3 4 3 4 5 6 5 3 3 6
41 32 47 47 48 47 42 40 36 27 25 20 13 13 11 9 9 10 9 8 7 7 6 5 5 6 6 6 6 5 5 5 6 6 7 5 5 5 7 10 6 6 8 7 5 4 5 5 5 8 9 8 5 7 9 9 9 7 7 7 6 6 5 3 6 7 6 6 7 5 5 5 3 4 4 2 2 2 3 3 2 3 3 3 3 3 4 5 3 3 7 7 5 3 3 8
41 38 38 39 37 39 44 42 41 30 25 20 14 11 11 11 14 21 18 21 16 9 13 8 9 8 7 9 11 8 11 11 10 6 5 5 5 5 8 12 5 5 10 6 5 5 8 9 9 6 9 6 5 9 9 10 10 8 8 6 7 7 6 5 7 8 7 7 7 6 6 5 3 5 5 3 2 2 4 3 3 3 3 4 4 5 6 5 3 3 7 6 6 3 5 10
44 45 45 44 45 47 50 48 39 37 32 24 19 14 11 12 11 18 21 23 17 16 15 15 17 16 17 13 17 16 19 18 15 14 11 8 6 6 15 15 8 5 9 5 7 9 11 8 7 5 6 6 7 9 9 9 7 7 7 8 8 9 7 5 7 9 8 7 7 7 6 6 4 4 5 4 5 5 5 4 4 3 5 5 6 6 6 5 3 6 8 7 5 4 5 10
51 52 47 42 42 51 56 54 50 44 34 26 20 17 18 14 15 19 22 24 19 15 12 11 13 12 18 20 14 18 23 23 21 19 16 9 11 10 11 13 9 7 11 10 5 10 8 7 11 9 13 12 10 8 6 6 5 5 6 8 9 10 9 6 6 9 9 9 9 8 7 7 5 5 4 5 6 5 6 5 4 3 6 7 6 5 5 7 6 9 10 8 7 5 5 8
48 61 48 39 37 50 54 55 52 40 32 29 27 24 21 15 20 22 27 23 20 22 21 16 14 11 20 18 13 20 24 27 24 22 14 18 23 21 19 9 8 13 16 12 8 8 12 15 13 15 14 10 7 6 7 6 6 6 7 9 11 9 7 6 7 9 9 9 9 9 9 7 6 5 5 5 5 5 6 5 5 5 6 7 6 6 6 7 9 10 10 9 10 7 5 9
41 62 53 40 51 59 63 58 46 43 37 31 29 26 24 21 25 30 29 27 21 17 17 18 13 13 14 14 11 23 30 29 27 26 24 29 27 22 14 17 14 26 22 10 12 18 19 18 17 16 11 11 8 7 7 7 7 7 7 7 9 9 7 7 7 11 10 11 10 10 9 8 7 7 5 5 6 5 6 5 6 7 7 7 7 6 6 10 11 10 9 11 12 9 8 12
54 53 51 43 59 64 58 55 50 44 41 37 31 28 28 25 29 32 32 29 28 27 22 15 24 30 28 28 21 15 20 25 24 32 31 29 22 19 20 26 33 32 22 12 10 12 10 16 22 18 13 15 15 12 12 12 10 11 11 8 11 12 11 11 11 13 12 11 10 10 10 10 8 8 7 6 6 5 5 7 7 6 5 5 8 6 9 12 12 11 11 16 13 11 10 17
58 46 55 70 69 65 59 58 55 50 47 41 36 36 33 27 36 33 27 27 23 20 21 22 22 33 38 35 29 31 27 23 20 19 24 26 32 40 39 33 37 30 22 14 19 11 15 25 24 17 13 10 12 11 11 12 8 8 12 10 11 14 12 12 10 11 12 11 11 11 11 11 9 10 7 7 6 6 6 5 5 6 5 5 6 6 8 11 11 11 14 17 16 13 12 20
61 48 76 74 69 67 62 57 56 55 50 46 41 41 36 32 43 39 35 29 29 32 27 30 30 29 40 42 32 37 34 32 34 23 25 38 46 46 46 44 40 30 24 22 16 16 26 28 26 23 18 15 11 10 10 10 10 15 11 13 12 15 17 17 15 10 8 9 10 10 11 10 7 9 7 7 5 5 5 5 5 5 7 8 11 10 7 8 10 15 17 17 18 16 15 18
60 62 81 75 70 64 62 55 63 55 50 51 46 49 44 42 46 43 38 33 33 39 33 32 36 32 36 35 32 32 38 42 32 21 44 50 50 52 49 52 42 33 22 21 30 30 27 23 23 17 13 14 14 15 12 10 12 13 11 15 13 14 17 18 18 16 14 11 9 11 14 12 8 6 5 6 5 5 6 8 6 7 7 8 10 11 11 14 12 18 20 20 19 19 20 22
62 83 79 69 73 66 66 56 65 57 50 44 44 52 49 48 47 43 37 38 34 42 39 36 35 41 34 34 36 36 33 36 42 27 58 57 54 50 59 58 47 37 26 26 30 23 18 18 17 15 15 15 18 21 21 20 15 16 18 19 13 14 15 17 18 16 13 11 11 12 13 13 10 9 7 9 9 10 9 8 7 7 7 7 10 13 16 15 15 18 20 21 19 20 25 24
55 83 82 70 59 69 63 65 62 57 47 44 54 54 52 49 46 44 36 42 35 39 45 44 39 40 41 37 38 41 41 40 34 30 65 63 68 54 67 66 54 43 47 45 49 42 31 28 22 24 21 19 20 21 20 20 17 19 22 20 17 16 18 18 16 15 13 12 12 12 12 11 8 8 10 10 10 10 10 8 7 7 7 8 14 16 16 15 13 14 19 22 24 25 24 26
65 82 81 72 57 69 69 62 59 51 48 60 53 50 53 50 46 42 41 41 42 39 51 52 50 43 41 42 40 47 53 48 39 32 67 67 77 75 79 75 57 48 58 59 59 51 43 35 29 34 28 26 24 22 21 21 21 22 20 23 20 19 21 16 16 14 14 13 12 12 12 11 11 11 9 10 10 11 9 8 7 7 8 14 17 17 15 11 17 11 17 21 28 27 19 30
59 84 80 68 60 72 65 58 56 56 57 57 57 52 51 50 49 48 53 51 50 48 53 54 51 45 48 45 46 50 48 46 42 49 50 79 87 87 87 84 69 54 57 64 65 58 51 40 37 36 33 28 25 24 22 22 24 23 21 20 23 24 20 16 16 16 16 18 14 14 12 12 12 10 9 10 10 10 10 7 7 8 10 17 17 17 14 11 13 11 13 27 27 30 23 24
61 89 79 69 62 56 65 46 57 60 60 51 55 52 44 48 53 42 54 56 54 55 57 51 48 59 63 53 47 63 66 69 58 50 48 78 89 92 90 91 73 62 75 71 67 60 51 43 45 43 38 34 29 26 24 26 22 25 21 19 21 25 19 18 20 17 18 18 20 18 14 13 12 13 11 11 11 10 9 9 9 9 14 19 17 15 21 21 17 15 11 24 31 33 33 26
59 79 83 71 63 42 47 69 67 58 59 54 53 49 46 46 53 44 57 58 50 60 56 50 50 53 54 51 48 49 57 82 66 53 46 74 98 100 94 89 84 80 84 74 72 65 54 45 45 47 43 42 34 30 29 30 23 25 24 20 24 27 21 23 26 24 19 21 21 20 16 14 13 12 12 12 12 11 10 9 10 14 17 20 15 12 22 21 19 15 14 18 24 34 36 30
71 83 80 73 65 48 39 60 70 61 56 55 53 52 42 47 55 46 52 53 57 64 67 66 64 67 65 62 52 46 50 75 80 54 48 89 94 105 103 92 81 87 80 77 74 68 56 53 50 47 40 42 35 33 30 29 26 26 27 24 25 23 23 24 26 24 23 25 23 20 16 14 14 13 13 12 13 11 11 11 15 17 20 17 12 12 18 20 22 18 20 15 27 36 36 36
73 78 76 65 73 54 41 56 63 62 58 54 53 52 45 48 57 51 48 60 48 63 67 67 67 65 72 61 59 58 54 50 62 64 48 71 86 105 107 100 97 90 86 74 64 71 63 61 55 52 48 43 36 31 29 28 32 25 26 31 25 20 24 30 28 23 25 25 23 22 20 15 16 16 15 14 14 13 13 19 18 18 18 12 11 19 15 13 18 13 12 20 34 34 35 41
66 71 59 49 69 46 39 58 65 63 57 53 50 52 49 42 49 56 51 58 61 68 66 65 70 63 61 71 63 64 60 77 67 61 47 50 92 110 112 105 101 86 92 80 59 69 63 64 63 53 53 49 44 40 31 29 30 27 28 25 30 24 20 31 31 22 28 24 22 26 23 18 17 19 15 15 13 15 20 20 18 17 14 13 18 23 22 18 13 15 13 23 34 31 35 43
63 67 45 36 56 46 35 55 54 63 58 51 52 51 46 45 43 42 46 65 60 62 62 61 72 68 60 73 77 70 73 62 81 81 60 57 81 99 121 109 101 91 92 87 76 55 70 68 62 50 57 53 48 44 37 37 33 27 31 31 26 29 19 35 32 24 26 26 23 28 24 22 19 23 21 17 15 22 22 20 18 19 21 20 21 24 20 17 19 16 13 22 32 36 28 43
44 64 48 42 35 34 40 45 51 61 56 51 56 55 49 47 50 46 43 67 59 60 67 66 69 65 68 75 65 81 79 55 56 53 70 51 79 114 116 114 106 87 79 90 80 55 75 65 64 52 56 49 51 45 37 37 31 31 32 25 23 20 25 33 29 31 26 23 23 30 27 23 19 25 21 18 16 24 23 20 18 21 25 23 24 25 25 20 17 14 14 23 29 32 34 29
59 60 45 41 32 40 39 43 58 60 61 54 58 60 53 53 49 44 44 67 62 67 64 64 74 65 71 76 77 82 66 56 46 42 60 80 98 113 116 107 96 84 70 90 75 65 79 65 57 65 57 50 46 38 38 39 37 36 34 30 39 27 20 31 30 36 26 21 28 32 27 27 21 26 24 17 19 26 24 17 22 25 26 22 22 22 27 26 21 16 14 16 29 24 24 30
44 48 33 31 34 44 55 56 51 54 60 45 52 60 55 57 55 42 47 67 64 68 63 65 76 70 66 83 76 80 70 66 59 41 57 82 102 117 107 103 89 89 75 68 61 82 80 68 67 65 56 52 48 48 45 38 32 44 39 37 42 38 21 23 35 36 23 28 36 33 27 28 24 29 23 23 23 25 23 16 20 23 27 23 24 21 20 21 22 16 14 14 23 23 18 21
38 31 35 36 48 52 49 51 41 57 52 40 57 59 59 59 55 37 58 67 69 70 66 76 77 77 76 69 88 68 51 59 68 41 83 103 112 112 99 104 89 89 91 62 63 81 73 69 75 67 58 57 49 50 44 43 29 38 36 37 33 45 29 19 34 30 24 38 40 36 27 22 31 29 26 28 24 20 18 18 27 29 26 27 25 27 28 21 20 15 15 14 17 17 23 31
42 34 27 36 45 47 43 42 42 55 47 41 56 56 55 45 35 32 52 58 68 71 55 77 71 72 82 68 54 60 58 40 55 43 67 77 102 106 94 79 71 98 92 60 62 60 65 82 72 68 65 58 55 47 43 38 33 24 27 29 35 38 44 27 19 29 40 42 40 39 29 32 36 31 32 32 29 24 20 14 23 29 23 22 28 23 21 18 22 22 17 15 16 16 21 27
52 43 31 40 48 45 49 48 48 39 44 49 55 49 43 50 43 29 51 44 60 62 50 76 65 50 48 67 56 44 38 39 40 73 85 88 101 91 91 59 67 90 82 48 55 56 74 82 77 70 65 56 56 51 52 41 34 29 22 21 26 26 33 32 22 34 48 45 40 41 36 34 38 34 35 33 30 26 26 17 16 30 28 20 29 32 30 21 16 26 19 20 20 17 24 34
48 45 35 37 42 47 52 48 41 39 45 56 56 49 39 51 48 34 40 45 49 46 55 72 58 48 41 44 50 36 41 59 58 50 70 93 90 72 59 56 74 71 58 55 45 65 75 79 77 74 66 57 58 57 56 50 45 45 31 24 21 19 22 28 36 37 50 49 43 35 33 37 37 41 39 36 34 27 30 24 15 25 27 17 28 32 28 23 17 32 23 17 16 17 19 26
44 44 39 30 40 47 44 42 39 52 52 56 47 51 40 51 36 31 31 41 45 50 63 64 53 35 34 38 31 41 50 44 57 63 70 84 84 71 52 39 65 54 41 49 73 74 52 61 64 77 69 61 58 59 62 55 43 44 40 27 21 20 31 45 45 51 55 52 46 40 31 44 42 42 42 38 36 32 28 28 19 19 26 17 30 26 32 19 19 32 28 26 22 21 17 24
34 39 34 30 39 46 40 40 44 47 49 54 50 44 38 39 45 29 37 50 58 59 61 61 57 51 35 28 33 48 47 35 38 48 55 73 65 66 57 37 61 36 53 71 67 56 42 62 70 73 70 62 48 46 55 42 45 30 48 41 28 23 39 31 37 47 57 56 51 44 35 37 41 46 47 44 37 25 27 32 29 18 17 21 32 22 28 26 17 24 36 30 21 20 18 34
34 30 27 34 43 40 32 41 51 47 40 46 49 51 48 33 33 29 48 48 50 53 58 55 38 33 28 25 26 33 31 31 41 55 63 72 61 41 50 37 40 41 60 51 56 37 48 55 66 75 67 63 62 39 45 38 31 35 49 32 28 24 28 26 42 55 62 60 57 52 46 37 37 47 48 40 46 35 26 23 36 28 20 20 31 35 21 20 28 35 38 34 26 23 20 35
25 34 31 28 35 31 31 43 46 50 40 35 44 48 47 39 34 31 44 39 41 42 54 55 40 38 31 29 26 26 27 32 43 49 53 65 61 37 33 29 36 53 54 35 49 31 47 60 63 62 66 46 48 35 31 39 28 43 52 32 23 43 36 34 43 52 61 64 63 60 54 46 35 51 51 47 50 41 41 35 29 41 29 25 27 35 23 36 42 43 39 27 23 23 19 26
27 25 35 40 43 38 30 33 38 45 41 30 37 37 38 34 33 27 33 32 35 40 46 53 56 53 39 30 26 23 28 31 35 40 49 50 59 56 42 32 29 32 42 38 44 36 53 60 51 63 58 53 40 33 30 27 29 44 41 23 31 39 27 29 41 55 52 66 67 62 61 57 46 44 55 54 52 47 38 42 34 47 44 32 28 27 26 35 41 46 41 33 32 26 26 21
36 31 26 27 33 34 30 34 43 44 42 32 41 40 33 30 26 25 33 46 45 45 51 50 49 50 41 29 25 24 30 35 32 39 49 47 56 49 47 49 34 25 31 33 33 31 42 36 52 64 48 34 38 32 26 24 32 42 26 22 36 32 29 33 47 45 46 63 64 64 67 63 53 44 61 44 50 57 54 42 37 44 43 49 41 27 42 43 44 45 39 36 39 33 26 23
37 41 38 29 28 27 25 25 25 35 32 34 41 34 27 26 31 39 42 44 41 48 50 42 33 46 47 35 28 24 24 29 38 37 40 49 49 36 45 33 43 30 26 35 48 49 54 56 54 64 52 46 40 35 29 28 24 39 39 28 24 33 41 34 40 42 49 58 56 56 57 67 59 43 63 45 43 52 60 57 50 46 37 39 40 32 49 50 47 46 40 34 39 35 34 26
35 36 38 41 40 34 32 40 40 28 29 38 29 27 34 36 38 38 40 39 38 37 41 38 31 36 44 43 37 34 23 27 39 46 47 48 44 31 43 30 37 34 29 41 44 43 43 51 59 63 46 54 38 39 28 25 23 33 45 32 25 28 30 31 38 45 50 65 48 45 48 60 64 44 57 48 41 54 57 60 52 59 52 40 36 32 45 50 51 45 47 38 33 34 49 38
34 29 30 33 34 33 39 44 41 33 33 27 34 33 25 25 29 30 36 31 31 41 47 44 34 27 35 36 37 34 29 24 31 40 47 41 37 35 33 37 28 28 32 35 40 51 47 53 59 58 42 38 31 26 30 24 30 34 44 32 29 27 43 42 32 48 66 54 45 35 47 56 69 51 39 35 40 62 51 48 51 54 55 58 57 39 51 55 50 38 44 39 36 36 48 47
31 31 34 28 29 35 39 41 45 39 33 27 24 24 28 30 31 29 31 37 45 47 47 43 38 32 28 29 39 27 25 27 33 38 44 32 30 32 31 27 36 31 39 48 41 46 58 55 62 58 45 32 28 29 23 23 22 25 32 29 29 38 43 49 54 53 66 59 43 35 47 64 60 67 64 52 36 52 44 44 62 49 51 51 58 42 58 56 58 44 36 32 38 31 41 44
33 31 34 36 35 37 32 34 41 36 38 36 32 29 30 39 42 33 33 35 39 43 41 41 39 33 29 27 27 28 38 37 37 37 41 41 34 30 29 40 41 35 38 48 52 55 52 43 54 58 46 44 34 28 33 37 27 36 27 28 33 34 43 54 55 56 58 59 59 41 43 57 56 65 73 64 44 39 44 53 64 49 40 47 62 51 41 55 59 55 44 45 38 32 28 40
32 33 31 30 29 29 30 33 36 34 30 35 36 38 34 44 41 35 31 34 33 33 34 42 44 43 37 38 32 28 33 35 40 37 39 33 35 26 31 31 38 46 39 42 47 50 47 44 43 55 56 47 34 41 40 42 37 30 29 27 32 40 47 39 51 38 53 48 51 40 48 53 59 64 60 67 50 40 43 61 53 61 42 51 60 65 49 47 61 55 48 53 38 45 33 30
30 31 31 29 28 29 28 24 25 26 24 29 26 29 35 43 34 34 32 27 31 36 40 37 40 40 39 37 33 29 34 38 34 32 35 27 28 29 37 40 37 45 36 40 40 48 40 42 42 51 47 49 47 36 42 49 43 30 25 26 36 42 46 34 39 40 47 46 48 40 46 51 56 55 56 64 60 51 39 47 51 55 46 46 54 65 52 42 62 54 40 53 42 35 42 27
28 28 28 28 25 24 27 23 25 25 24 24 27 37 37 39 37 41 39 29 36 40 36 37 38 36 34 31 28 35 33 31 30 29 25 28 31 29 29 38 44 43 30 32 43 47 36 36 46 48 43 48 40 36 33 44 45 31 32 25 38 36 41 37 32 40 42 43 45 42 47 49 50 50 52 55 55 59 48 38 45 51 42 53 60 58 46 40 60 56 39 47 51 35 44 35
27 28 27 25 23 24 24 26 29 31 33 34 31 33 36 33 31 37 36 32 35 32 30 29 29 29 29 30 32 30 30 30 30 36 34 35 33 38 36 32 35 41 34 30 42 43 39 38 42 44 43 42 42 36 29 41 38 34 39 30 30 37 38 35 36 40 40 40 43 43 42 45 46 47 47 52 55 58 52 43 37 40 50 55 54 58 52 40 53 58 48 36 50 35 41 46
26 27 26 25 24 23 28 28 28 29 31 32 31 32 32 33 32 33 33 34 31 33 33 33 34 33 35 35 32 33 36 38 38 38 41 41 41 41 44 44 42 43 41 34 41 42 36 41 45 43 42 40 35 37 31 39 37 32 36 30 27 28 32 32 34 34 35 37 38 40 38 40 43 44 45 48 51 52 55 53 37 37 46 49 51 57 52 45 54 56 50 39 49 39 35 40
27 27 25 25 25 24 24 25 25 26 28 29 30 27 29 30 27 29 31 32 30 30 27 26 29 28 28 28 25 30 33 33 36 38 37 38 38 39 40 41 37 37 38 32 35 37 37 39 39 39 42 41 37 32 32 32 32 31 29 29 31 28 28 31 32 32 33 34 36 36 36 38 40 42 42 43 47 47 49 47 35 38 43 45 50 53 53 43 39 45 44 41 49 39 32 32
27 27 26 26 25 25 25 25 25 25 26 26 25 24 23 27 29 26 25 25 24 25 25 26 29 28 24 24 25 27 30 32 33 34 35 36 37 36 37 37 35 36 34 34 29 29 32 35 35 36 37 36 33 30 29 29 27 27 26 28 30 30 27 29 31 31 31 34 36 33 35 36 38 39 40 41 43 44 44 42 36 40 41 43 45 49 50 52 51 40 36 46 45 42 37 37
26 26 26 26 26 25 24 25 25 25 25 25 23 23 22 24 27 27 27 26 27 27 28 26 25 24 24 24 25 26 27 29 31 31 32 32 33 34 34 32 31 32 34 35 33 28 31 32 31 32 33 32 31 29 28 28 26 26 26 27 28 29 28 27 29 30 30 32 33 32 33 34 36 36 37 38 39 39 39 39 38 39 39 40 41 42 44 45 48 44 36 40 39 34 36 38
27 26 26 26 26 25 26 26 25 25 25 25 24 23 24 28 27 29 28 29 28 29 28 25 24 24 24 24 25 26 27 27 28 30 31 31 32 32 32 30 30 30 31 32 34 32 33 30 30 30 29 29 29 28 27 27 26 26 26 26 26 27 28 27 28 28 29 29 31 31 31 32 33 33 34 35 35 35 36 36 36 37 36 37 38 38 39 39 39 37 35 34 35 32 32 33
28 28 28 26 26 26 26 26 25 25 24 25 25 25 25 25 26 27 26 28 26 27 26 24 24 24 24 24 24 26 26 26 27 29 29 29 30 31 30 29 29 29 29 30 30 29 29 29 28 28 28 27 27 27 27 27 26 25 26 26 26 26 26 26 27 27 28 29 29 30 30 31 31 31 32 32 33 33 34 35 36 35 34 35 34 36 36 36 34 33 33 32 32 31 31 30
27 27 27 27 27 27 26 26 26 26 25 24 24 25 25 25 25 25 26 25 25 24 24 24 24 24 24 24 24 26 26 26 26 27 28 29 29 29 29 29 29 29 29 29 28 28 28 28 28 28 27 26 26 26 26 25 25 25 26 26 26 26 26 26 26 26 26 27 28 29 29 29 29 30 30 31 31 32 32 33 33 34 33 33 33 33 33 33 32 32 32 31 30 30 30 30
29 28 27 27 27 27 26 25 25 26 26 25 24 24 24 25 25 24 25 24 23 23 23 24 24 24 24 24 24 25 26 26 26 26 26 28 28 28 28 28 28 28 28 28 28 28 28 28 27 26 25 25 25 24 24 24 24 24 25 25 26 26 26 26 26 26 26 26 27 28 28 28 28 28 28 29 30 31 31 32 31 32 32 31 31 31 31 30 30 30 30 30 29 29 28 29
29 29 29 28 27 27 27 26 25 25 25 25 25 24 24 24 24 24 23 23 23 23 23 23 23 23 23 23 24 25 25 25 26 26 26 26 28 27 28 28 28 28 28 28 28 28 27 26 25 25 25 25 24 24 24 24 24 24 24 24 25 26 26 26 26 26 26 26 26 26 27 27 28 28 28 28 28 29 30 30 30 30 30 29 29 29 28 28 28 28 28 28 28 28 28 28
30 30 29 29 29 28 27 27 27 25 25 25 25 24 24 24 24 23 22 23 23 23 23 23 23 23 23 24 25 24 25 25 25 25 25 26 26 27 27 27 27 27 27 27 27 27 26 25 26 27 26 24 24 24 24 24 24 24 24 23 23 25 25 25 25 25 26 26 26 26 26 26 26 27 27 28 28 28 28 29 29 29 28 28 28 28 28 28 28 28 28 28 28 28 28 28
30 30 29 28 28 28 28 27 27 27 25 25 25 24 23 24 24 23 22 22 22 23 23 23 23 23 23 25 25 25 25 25 25 25 26 26 27 27 27 27 27 27 27 27 27 27 26 25 25 24 24 24 24 24 24 24 24 24 24 23 23 23 25 25 25 25 25 25 25 25 25 25 26 26 26 27 28 28 28 28 28 28 27 27 27 27 27 26 26 26 26 25 26 25 26 27
31 30 30 30 29 28 28 27 26 26 26 25 25 25 23 23 23 23 22 22 22 22 22 22 22 23 24 25 25 24 25 24 24 26 26 26 26 27 27 27 27 27 26 26 26 26 26 24 24 24 24 24 24 24 23 23 23 23 23 23 24 24 24 25 25 25 25 25 25 25 25 25 25 25 25 25 25 26 27 27 27 27 27 27 26 25 25 25 25 25 25 25 25 25 25 25
32 31 30 30 30 29 28 28 28 26 26 25 24 25 24 23 23 23 23 22 22 22 22 22 23 23 24 24 24 24 24 25 25 26 26 26 26 26 26 26 26 26 26 26 26 26 26 25 24 24 24 24 23 23 23 23 23 23 23 24 25 25 25 25 25 25 25 25 25 25 25 25 25 25 25 25 25 25 25 26 26 26 26 26 25 25 25 25 25 25 25 25 25 25 25 25
