Artocarpus heterophyllus SDM files/Last glacial maximum/Environmental layers/bio1.asc
ncols  625
nrows  721
xllcorner  69.958333335383
yllcorner  5.95833333415099
cellsize 0.041666666667
NODATA_value  -9999
[rows 252 to 293 of 721, columns 282 to 375 of 625]
222 222 222 222 222 222 222 222 222 222 222 222 222 222 222 222 222 222 222 222 222 222 222 222 222 222 222 222 222 223 222 223 223 223 223 223 223 223 223 223 223 223 223 223 223 223 223 223 223 223 223 223 223 223 223 223 223 223 223 223 223 223 223 223 223 223 223 223 223 223 223 223 223 223 223 223 223 223 223 224 224 224 224 224 224 224 224 224 224 224 224 225 225 225
222 222 222 222 222 222 222 222 222 222 222 222 222 222 222 222 222 222 222 222 222 222 222 222 222 222 222 222 222 223 223 223 223 223 223 223 223 223 223 223 223 223 223 223 223 223 223 223 223 223 223 223 223 223 223 223 223 223 223 223 223 223 223 223 223 223 223 223 223 223 223 223 223 223 223 223 223 224 224 224 224 224 224 224 224 224 225 225 225 225 225 225 225 225
222 222 222 222 222 222 222 222 222 222 222 222 222 222 222 222 222 222 222 222 222 222 222 222 223 222 223 223 223 223 223 223 223 223 223 223 223 223 223 223 223 223 223 223 223 223 223 223 223 223 223 223 223 223 223 223 223 223 223 222 223 223 223 223 223 223 223 223 223 223 223 223 223 223 223 224 224 224 224 224 224 224 224 224 224 224 224 225 225 225 225 225 225 225
222 222 222 222 222 223 222 223 223 222 222 222 222 222 222 222 222 222 223 223 223 223 222 223 223 223 223 223 223 223 223 223 223 223 223 223 223 223 223 223 223 223 223 223 223 224 224 224 224 224 223 223 223 223 223 223 223 223 223 223 223 223 223 223 223 223 223 223 223 223 223 223 223 223 224 224 224 224 224 224 224 224 224 224 224 224 224 225 225 225 225 225 225 225
222 222 222 222 222 222 222 222 223 222 222 222 222 222 222 222 222 222 222 223 223 223 223 223 223 223 223 223 223 223 223 223 223 223 223 223 223 223 223 223 223 223 223 224 224 224 224 224 224 224 224 223 223 223 223 223 223 223 223 223 223 223 223 223 223 223 223 223 223 223 223 223 223 224 224 224 224 224 224 224 224 224 224 224 224 224 224 225 224 225 225 225 225 225
222 222 222 222 222 222 222 222 223 222 222 222 222 223 223 223 223 222 223 223 223 223 223 223 223 223 223 223 223 223 223 223 223 223 223 223 223 223 223 223 223 223 224 224 224 224 224 224 224 224 224 223 223 223 223 223 223 223 223 223 223 223 223 223 223 223 223 223 223 223 223 223 223 224 224 224 224 224 224 224 224 224 224 224 224 224 224 224 224 224 224 224 224 225
222 222 222 222 222 222 222 222 222 222 222 222 223 223 223 223 223 223 223 223 223 223 223 223 223 223 223 223 223 223 223 223 223 223 223 223 223 223 223 223 223 223 224 224 224 224 224 223 223 223 223 223 223 223 223 223 223 223 223 223 223 222 223 223 223 223 223 223 223 223 223 223 223 224 224 224 224 224 224 224 224 224 224 224 224 224 224 224 224 224 224 224 224 224
221 222 222 222 222 222 222 222 222 222 222 222 223 223 223 223 223 222 223 223 223 223 223 223 223 223 223 223 223 223 223 223 223 223 223 223 223 223 223 223 223 223 224 224 224 223 223 223 223 223 223 223 223 223 223 223 223 223 223 223 223 222 223 223 223 223 223 223 223 223 223 223 223 223 224 224 224 224 224 224 223 223 224 224 224 224 224 224 224 224 224 223 224 224
221 222 222 222 222 222 222 222 221 221 221 222 222 222 222 222 222 221 220 223 223 223 223 223 223 223 223 223 223 223 223 223 223 223 223 223 223 223 223 223 223 223 224 223 223 223 223 223 223 223 223 223 223 223 223 223 222 222 222 222 222 222 222 223 223 223 223 223 223 223 223 223 223 223 223 223 223 224 223 223 223 223 223 223 223 224 224 224 224 224 224 223 224 224
221 222 222 221 221 221 220 220 220 219 219 221 222 221 220 219 220 221 221 222 222 222 222 222 223 223 222 222 222 223 223 223 222 223 223 223 223 223 223 223 223 223 223 223 223 223 223 223 223 223 223 223 222 222 222 222 222 222 222 222 222 222 222 222 223 223 223 223 223 223 223 223 223 223 223 223 223 223 223 223 223 223 223 223 223 223 223 223 223 223 223 223 223 223
221 222 222 222 221 221 221 220 220 219 218 219 219 219 218 218 220 219 219 219 219 219 219 221 221 220 219 219 220 222 222 222 222 221 221 222 222 222 222 222 222 222 223 223 223 223 223 223 223 223 222 222 222 222 222 222 222 222 222 222 222 222 222 222 222 222 223 223 223 223 223 223 223 223 223 223 223 223 223 223 222 223 223 223 223 223 223 223 223 223 223 223 223 223
222 222 221 221 221 221 221 220 220 220 219 218 218 218 218 218 218 218 218 218 217 218 218 220 220 219 219 219 221 221 221 221 221 221 220 220 221 220 221 221 221 222 222 222 222 223 223 222 222 222 222 222 222 222 222 222 222 222 222 221 222 222 222 222 222 222 222 223 223 223 223 223 223 223 222 222 222 222 222 222 220 222 222 222 222 223 223 223 221 219 219 221 222 222
221 221 221 221 221 221 220 220 220 219 219 219 219 218 217 217 216 215 215 215 215 216 215 215 215 216 218 218 218 218 216 218 217 216 216 216 217 219 219 216 214 215 219 218 220 221 222 222 222 222 222 222 222 222 221 221 221 221 221 221 221 222 222 222 222 222 223 223 223 222 222 222 222 222 222 222 222 222 222 221 222 222 222 222 222 222 220 217 214 219 221 222 222 222
211 214 220 221 221 221 220 220 220 220 219 218 218 218 217 217 216 215 214 213 212 213 212 212 212 211 213 212 214 212 211 213 213 211 210 211 210 212 212 214 214 213 216 217 219 220 221 220 221 221 221 222 222 222 221 220 219 220 221 221 221 221 221 222 222 222 222 222 222 222 222 222 222 222 222 221 221 221 221 221 221 221 221 221 220 220 219 218 221 222 222 221 221 221
205 207 211 220 221 219 217 220 220 218 219 218 218 218 217 217 216 214 213 213 212 212 211 211 210 210 210 209 209 208 209 209 209 209 211 210 208 206 207 212 209 207 208 211 211 214 210 212 217 221 221 221 221 221 219 215 215 220 220 221 221 221 221 221 222 222 222 222 222 222 221 221 221 221 221 221 221 221 221 221 221 221 221 220 220 218 220 220 221 221 221 221 220 220
205 206 208 218 216 217 218 218 217 209 209 217 217 217 217 216 215 215 214 213 212 212 212 211 210 210 209 209 208 207 208 209 208 209 209 208 208 209 209 209 209 206 204 208 205 211 210 216 219 219 218 219 220 218 211 213 217 220 220 220 220 221 221 221 221 221 221 222 221 221 221 221 221 221 220 220 220 221 220 220 220 220 220 220 219 220 220 220 220 220 220 220 220 220
205 205 208 208 205 205 207 204 207 205 211 212 216 216 216 215 214 213 214 212 210 210 210 210 210 209 208 208 208 207 207 207 208 208 208 207 208 208 207 206 207 206 203 203 201 204 208 208 210 205 202 202 207 209 205 216 220 220 220 220 220 220 220 220 221 221 221 221 221 220 221 220 220 220 220 220 220 220 220 219 220 220 219 219 219 219 219 219 219 219 219 219 219 219
205 205 206 206 204 204 204 203 202 202 201 202 211 213 215 214 212 211 213 211 211 210 208 207 207 207 207 207 207 208 207 207 207 207 207 207 208 207 205 205 205 205 202 201 200 200 202 204 203 208 206 204 201 201 199 214 219 219 219 219 220 220 220 220 220 220 220 220 220 220 220 219 219 219 219 219 219 219 218 219 219 219 218 218 218 219 219 219 219 219 218 218 218 218
204 204 205 204 204 203 203 202 202 201 200 202 201 212 213 213 211 210 209 210 210 208 207 207 207 207 207 207 207 207 206 206 207 206 206 206 206 206 205 205 203 203 203 201 199 197 198 198 205 205 199 200 201 198 200 218 219 219 219 219 219 219 219 219 219 219 219 220 219 218 218 219 219 219 218 218 219 219 218 218 218 218 216 217 218 218 218 218 218 218 217 217 217 217
204 204 204 204 203 203 202 200 200 200 200 199 201 208 212 212 211 209 208 210 209 208 208 208 206 206 206 206 205 205 205 205 206 206 206 206 205 205 205 203 202 202 201 201 198 197 195 195 198 197 194 195 208 207 209 219 218 218 218 218 218 218 218 218 218 218 218 219 219 218 211 218 218 218 218 218 218 218 218 218 218 217 217 217 217 217 216 217 217 217 216 216 214 201
203 203 203 203 202 200 200 199 198 198 201 199 200 207 210 210 209 209 208 208 207 206 205 206 206 206 207 205 202 202 202 203 204 205 205 205 205 204 201 200 199 200 199 198 196 197 193 193 194 194 193 194 198 208 218 218 217 217 218 217 217 217 217 217 217 217 217 217 217 217 216 217 217 217 217 217 217 217 217 217 217 216 216 216 216 216 215 216 216 215 215 215 213 207
202 202 201 201 199 198 199 201 201 202 202 206 206 205 206 205 207 207 206 204 204 202 206 211 213 213 213 213 212 211 209 210 211 206 204 205 204 203 199 197 195 194 196 195 191 191 189 189 190 191 198 205 203 215 218 217 217 216 216 216 216 216 216 216 216 216 216 215 211 211 215 215 216 216 216 216 216 216 217 216 216 216 215 215 215 214 214 214 211 208 212 210 207 205
201 200 200 199 198 199 201 203 205 207 209 209 210 210 210 210 208 205 203 200 201 207 212 212 211 210 208 207 206 210 213 212 212 202 197 195 196 197 198 194 192 190 192 189 192 191 195 192 202 212 215 216 216 217 217 216 216 215 215 215 215 215 214 214 215 212 208 206 207 211 212 213 214 216 216 215 215 215 216 215 215 215 214 214 214 213 211 208 206 207 211 204 206 205
201 200 200 201 202 205 208 208 209 209 209 210 209 210 211 211 209 210 211 211 211 209 208 205 206 206 204 207 210 211 213 213 209 191 191 195 197 200 203 206 208 207 213 214 215 214 215 215 216 216 216 216 216 216 216 215 215 214 213 210 213 214 214 211 208 206 204 205 208 212 213 214 214 214 215 214 214 214 215 214 214 214 213 212 211 211 209 206 202 201 203 206 202 201
205 206 207 207 208 208 208 207 208 207 206 207 208 209 208 207 206 206 207 205 205 202 199 199 201 201 202 207 210 208 212 211 213 208 210 212 212 213 213 212 212 212 211 212 213 213 212 214 215 215 215 215 215 215 214 214 213 212 212 211 213 212 210 207 205 206 207 209 210 213 212 211 211 212 213 213 214 213 213 213 213 213 213 206 205 207 205 204 203 202 199 200 200 198
207 207 206 207 207 206 207 205 205 204 206 207 208 206 204 203 200 200 201 199 200 200 202 204 205 206 207 207 208 208 210 209 209 210 212 210 210 210 210 210 210 211 210 210 209 205 207 212 212 213 214 215 213 209 210 211 211 209 208 210 210 210 209 209 210 211 211 212 212 212 212 211 211 212 212 212 212 212 210 211 209 210 211 209 203 202 199 198 197 198 198 198 198 199
205 205 205 205 205 204 204 203 201 201 204 207 207 204 199 198 196 197 198 200 201 202 203 204 204 206 206 206 206 208 209 209 207 207 210 208 207 206 206 209 208 209 207 208 209 209 208 209 210 211 214 213 208 205 206 206 206 206 206 208 208 208 208 208 208 208 210 210 211 211 211 210 209 211 212 209 205 209 204 205 206 207 203 201 200 198 198 198 198 198 199 199 198 199
203 203 203 202 201 200 200 202 202 204 205 204 203 204 202 202 200 198 196 197 198 199 200 202 204 204 204 204 204 205 209 206 205 206 209 208 206 205 207 208 205 203 203 205 206 205 205 208 211 212 213 211 208 208 209 208 208 206 206 206 205 207 206 204 205 205 208 209 209 209 209 207 206 208 210 208 204 201 198 199 199 200 198 197 197 197 198 198 199 199 199 200 200 200
198 199 199 196 194 199 200 202 204 205 203 200 199 204 205 203 198 194 190 192 195 196 199 202 201 202 202 202 203 205 208 207 205 205 205 208 209 206 204 206 203 204 203 205 204 206 208 211 212 212 212 212 211 210 210 208 205 203 204 202 203 205 204 204 202 203 207 208 207 207 206 206 206 208 209 204 200 197 196 196 196 197 197 196 196 197 197 198 198 198 198 198 198 199
195 195 195 195 197 199 201 203 201 201 201 201 200 203 203 201 199 198 196 194 196 196 197 200 199 199 200 200 202 203 205 207 204 202 202 203 205 206 205 206 206 206 206 207 208 209 210 209 208 209 211 211 210 209 207 206 204 203 202 200 197 199 199 197 200 204 206 207 205 204 202 200 198 206 206 201 198 196 195 196 196 196 196 195 195 196 197 197 197 196 196 196 196 198
197 196 196 199 200 201 202 201 199 196 194 194 197 198 195 197 198 197 196 196 198 197 199 199 199 199 199 198 199 201 203 205 202 200 200 204 207 209 207 206 206 205 204 204 206 207 208 207 205 206 209 211 210 208 204 203 206 205 204 201 202 202 199 198 201 202 203 202 202 200 198 198 201 202 199 196 195 194 194 194 194 194 195 194 194 195 196 195 194 193 193 195 197 197
198 197 195 198 200 200 201 198 196 192 194 195 197 198 196 196 197 197 197 197 196 193 196 197 197 204 205 203 204 204 204 204 202 202 204 205 206 207 206 203 203 202 200 199 202 205 205 206 206 207 208 210 210 210 209 208 208 207 206 206 205 203 202 202 200 199 198 198 199 199 197 197 198 198 195 194 194 193 193 193 193 193 194 191 190 193 194 193 193 191 186 190 196 198
197 196 198 199 200 200 200 199 195 193 195 196 196 196 197 196 195 196 199 200 195 193 197 197 196 203 205 205 205 204 202 200 199 201 202 203 204 205 206 204 203 200 199 201 202 204 205 207 207 208 209 209 209 210 209 209 209 208 207 207 205 205 203 202 201 201 198 198 197 197 198 197 196 196 195 193 192 191 190 190 190 191 192 191 190 188 189 189 189 186 185 188 192 194
195 196 198 199 199 199 198 199 197 192 194 194 194 195 195 194 193 194 197 201 202 202 202 203 203 204 205 205 204 204 203 200 198 199 201 201 202 204 205 203 202 200 200 201 202 204 205 205 206 206 206 207 208 208 208 208 209 208 207 207 206 206 205 205 205 204 203 202 200 199 199 195 193 191 192 191 190 188 187 188 190 189 190 191 188 185 184 184 184 184 184 184 184 186
192 190 193 195 197 199 198 197 195 193 193 194 194 193 193 192 192 196 199 200 203 203 203 204 204 205 204 204 203 203 200 198 197 198 199 200 201 203 203 201 200 200 198 198 198 199 200 199 201 202 204 206 206 207 206 206 208 207 207 207 206 205 205 204 204 203 203 203 201 197 195 192 191 190 189 188 187 185 185 186 186 186 186 184 185 183 183 183 184 184 185 185 185 184
191 190 190 193 195 197 197 195 196 196 196 195 194 192 190 189 195 199 199 202 203 203 204 204 204 204 201 201 201 200 199 196 195 195 196 198 200 201 202 201 200 198 198 198 196 195 195 197 197 199 201 203 202 205 206 205 207 206 204 206 204 204 203 201 201 202 201 202 200 197 196 194 191 189 188 186 186 185 184 183 182 182 180 180 182 181 181 182 183 184 184 185 186 186
192 190 190 193 194 194 194 188 187 193 196 195 194 192 190 187 190 200 201 202 201 202 203 202 202 201 199 198 199 199 197 196 195 196 197 198 199 198 194 197 199 197 194 196 194 193 190 190 193 197 199 201 202 203 202 202 203 206 203 204 204 202 201 200 197 198 196 198 199 198 194 191 189 188 187 186 183 186 188 187 183 181 178 179 180 180 181 181 182 182 184 185 186 187
190 189 187 188 191 190 193 183 183 182 193 192 194 193 191 186 181 186 198 201 199 199 200 201 198 197 196 196 196 196 196 195 193 195 195 195 198 196 195 195 193 192 189 195 195 190 185 187 192 195 198 200 199 200 199 197 199 203 205 203 203 203 199 198 196 191 191 192 192 191 190 188 187 187 185 184 183 185 187 189 185 185 186 186 181 180 181 181 182 182 183 183 183 185
192 190 187 184 191 188 186 180 179 180 187 188 193 192 189 185 181 177 187 199 199 197 197 199 198 198 195 195 194 193 192 191 190 192 194 195 194 193 189 188 190 190 193 194 195 193 189 190 190 193 196 197 197 196 195 196 198 202 203 202 201 201 199 198 196 193 192 189 188 188 189 188 187 185 185 184 183 187 188 190 189 191 192 193 191 183 182 182 183 185 183 180 180 182
192 190 187 185 187 187 185 181 177 182 184 190 192 192 191 190 183 186 194 198 197 194 195 197 197 197 196 195 193 192 190 190 188 188 190 190 190 189 188 186 188 190 191 189 192 194 194 193 192 192 194 193 195 194 195 198 202 202 201 199 199 200 198 197 197 196 191 190 192 191 190 187 186 185 184 183 185 187 189 191 191 190 191 193 194 192 191 187 186 191 191 187 190 187
191 189 189 187 185 184 181 178 175 178 183 188 190 189 189 184 187 188 194 190 182 185 192 192 195 196 196 194 190 191 192 193 191 192 192 192 192 191 190 189 189 190 191 190 192 193 192 192 192 191 191 192 194 197 200 201 200 200 197 198 199 200 199 198 198 196 195 195 194 193 192 188 186 183 185 187 188 188 189 191 190 188 185 184 191 194 191 186 187 191 193 194 196 198
191 189 188 188 188 185 181 179 182 187 185 182 181 183 186 180 173 173 172 171 175 189 191 194 196 196 194 195 194 193 193 192 192 192 192 191 190 189 189 188 187 186 189 191 192 193 192 191 192 192 191 192 190 196 199 200 197 197 196 194 197 198 197 197 197 196 195 193 193 192 192 190 186 184 187 189 190 189 186 189 192 190 184 183 193 190 188 193 191 192 194 196 197 198
