Artocarpus heterophyllus SDM files/Last glacial maximum/Environmental layers/bio16.asc
ncols  625
nrows  721
xllcorner  69.958333335383
yllcorner  5.95833333415099
cellsize 0.041666666667
NODATA_value  -9999
[rows 40 to 79 of 721, columns 180 to 269 of 625]
64 61 61 56 43 58 42 30 30 35 50 58 60 57 44 56 71 66 64 35 28 67 76 62 72 55 52 77 61 69 54 51 54 41 35 31 32 45 49 34 74 77 48 35 47 67 75 90 105 111 111 99 82 68 53 46 77 102 101 94 108 104 100 98 92 99 93 78 86 65 66 72 72 71 98 77 45 62 84 99 105 102 101 98 98 99 93 92 77 57
64 59 65 63 63 63 49 29 22 21 49 65 65 57 47 33 57 72 57 27 35 38 50 36 30 36 38 40 41 30 34 31 40 38 45 39 44 39 35 45 57 65 57 41 50 44 77 85 97 104 107 105 98 72 53 42 43 86 107 87 102 106 100 93 77 58 59 75 67 53 71 72 51 62 79 70 40 54 80 100 105 108 89 77 68 92 98 89 78 72
52 43 43 46 60 65 57 42 22 24 44 46 70 66 55 37 28 65 59 24 53 74 65 65 56 58 77 58 73 54 28 34 64 79 63 53 50 57 46 57 52 63 68 69 72 56 79 81 94 108 99 104 89 68 42 36 37 79 108 77 82 97 88 65 42 54 82 94 70 48 54 75 58 51 79 69 72 55 68 95 102 105 104 87 59 86 105 102 101 93
29 34 30 31 48 60 66 53 41 35 67 57 67 67 69 45 22 48 48 24 72 69 66 72 75 75 84 71 84 63 47 38 62 81 68 72 69 65 72 53 65 83 82 75 76 59 77 96 97 107 106 88 61 48 33 33 36 83 97 67 60 55 49 56 47 42 53 78 85 78 46 71 59 44 46 50 62 62 57 79 93 96 97 70 76 99 98 99 82 70
19 23 22 28 33 43 54 65 61 55 57 46 34 34 32 30 28 21 25 38 66 63 68 63 54 75 82 80 84 65 44 62 79 86 82 86 73 83 73 53 48 72 68 75 65 79 78 72 73 77 69 61 55 44 36 33 72 97 88 87 87 82 90 90 89 71 47 68 80 64 49 78 62 55 57 36 38 54 42 51 70 92 85 66 83 91 76 89 83 62
23 19 18 19 28 30 43 61 65 67 63 62 54 48 33 21 39 45 42 73 71 56 65 34 41 67 76 79 83 80 72 68 81 79 59 85 50 81 72 55 34 52 55 57 59 78 95 87 76 77 62 53 48 46 40 33 81 106 93 79 90 76 76 92 84 76 41 84 73 56 55 80 58 61 74 55 42 34 37 39 65 87 84 81 88 89 76 84 63 63
43 26 21 18 18 25 33 37 53 63 68 62 64 64 61 39 23 56 40 49 69 50 45 25 48 52 64 73 81 82 76 63 65 80 53 82 49 51 50 58 59 48 77 68 62 79 95 97 83 72 53 52 60 54 43 36 86 102 91 64 64 53 50 70 81 55 50 86 78 67 48 74 44 59 74 51 31 38 31 30 59 74 74 79 79 68 76 76 60 51
40 31 27 21 18 19 25 39 30 47 59 71 67 60 39 35 25 30 50 31 35 55 39 23 37 57 54 59 77 83 84 68 49 58 45 45 43 51 51 59 67 62 84 88 83 87 100 91 74 59 61 79 72 66 54 62 82 96 79 68 72 65 63 49 46 44 39 48 56 57 39 68 39 62 76 42 30 26 30 25 38 38 43 68 71 77 55 51 46 40
58 46 39 25 22 18 21 31 25 42 60 69 65 63 53 30 24 31 52 66 49 32 29 24 26 40 51 45 61 56 75 70 53 33 31 66 74 74 67 64 69 66 57 78 68 90 98 97 89 68 76 92 85 86 84 95 102 94 84 76 72 73 83 61 73 54 54 48 40 28 38 36 55 66 68 51 66 64 42 27 25 24 25 33 61 68 79 75 55 39
75 53 32 40 35 24 19 24 30 40 47 72 67 51 39 48 44 44 35 34 72 61 42 23 20 33 52 28 46 60 70 60 65 52 38 46 58 72 74 58 36 63 61 44 61 73 80 91 85 71 76 86 91 98 91 86 102 97 94 84 77 55 70 85 80 54 50 61 57 38 61 31 26 38 66 58 72 67 56 42 38 33 24 25 31 52 74 81 60 48
61 70 58 46 50 30 19 21 25 40 53 71 73 65 60 73 60 42 32 22 54 74 65 37 22 21 26 40 65 78 73 75 63 46 37 27 60 76 65 64 53 32 40 50 69 74 69 72 80 60 83 81 85 77 79 90 99 92 88 87 74 71 46 61 77 74 68 72 51 62 68 58 42 30 55 75 73 74 67 49 29 47 36 24 25 32 41 49 57 74
54 56 71 52 29 21 26 20 20 32 56 55 76 73 75 76 67 47 57 40 27 45 63 73 45 24 21 27 58 72 75 70 72 75 71 41 53 72 57 49 57 35 57 56 73 55 65 57 73 67 61 70 81 92 74 55 82 79 85 92 71 51 52 71 80 58 43 72 74 65 67 68 53 32 56 74 73 73 67 47 52 70 68 56 33 30 39 37 46 73
55 59 51 58 35 28 33 27 21 24 32 48 70 75 74 78 74 69 75 69 40 25 36 74 73 48 27 20 28 49 63 75 60 73 65 44 27 57 68 41 43 39 69 65 70 74 55 44 47 35 50 60 84 87 90 81 50 46 38 58 81 48 44 56 73 63 48 53 54 47 37 45 39 31 48 46 64 77 64 65 77 74 66 76 80 63 44 51 57 43
75 74 63 55 59 49 25 22 35 21 22 30 46 48 44 65 81 81 79 64 56 43 24 48 74 68 41 24 19 30 43 56 54 42 65 57 26 35 38 33 47 27 43 42 48 68 57 47 28 22 40 64 75 78 84 84 81 85 61 44 41 46 54 65 75 42 62 41 33 26 27 25 25 24 29 33 43 50 53 62 77 56 64 76 80 87 80 75 60 54
87 96 88 68 56 39 24 22 48 43 28 23 29 47 67 56 69 83 79 79 71 61 42 29 68 79 63 36 20 20 22 33 22 22 26 24 26 26 32 24 20 25 29 22 27 33 25 29 22 21 29 45 61 63 77 70 70 64 77 73 46 58 67 54 52 27 24 25 30 25 56 46 57 37 40 37 27 24 32 41 49 51 78 76 77 85 85 90 91 83
94 106 98 81 62 37 26 44 38 69 49 33 21 41 72 74 82 78 84 80 72 64 65 43 36 65 75 46 22 26 20 23 32 23 29 24 43 58 71 47 39 47 44 23 39 37 21 45 51 42 24 23 36 41 64 78 56 69 37 40 29 53 34 33 31 36 41 44 56 49 40 26 57 55 65 70 49 35 38 31 30 38 38 37 60 76 85 90 91 76
58 102 108 94 72 42 24 46 55 73 71 51 30 23 29 38 54 67 75 84 80 82 78 62 52 40 56 62 30 36 38 40 51 49 56 39 42 62 69 71 54 53 40 25 46 44 22 38 56 50 32 30 21 23 38 51 38 38 37 61 52 37 53 65 61 61 49 65 58 53 40 30 22 23 30 46 66 71 71 68 58 46 39 31 33 44 47 73 87 83
48 69 102 105 85 56 38 29 31 48 66 68 44 50 31 42 70 74 84 84 85 81 78 75 65 45 41 29 23 22 42 48 34 54 62 52 66 66 66 70 73 57 34 28 42 36 23 26 28 48 39 28 22 20 21 22 26 50 63 60 63 62 63 61 49 66 52 46 32 48 66 63 44 53 34 27 39 64 75 78 80 73 69 66 46 70 41 48 47 51
50 56 100 112 99 74 51 54 39 58 74 76 50 32 36 27 26 62 71 81 83 81 75 70 67 60 48 34 26 20 24 21 22 34 64 34 36 39 58 39 64 70 64 49 38 29 36 50 28 46 31 24 21 20 20 21 21 22 26 29 27 25 26 24 27 38 38 36 41 50 52 59 65 64 71 47 30 41 47 60 75 68 72 64 51 66 61 65 60 33
61 54 80 116 110 94 76 64 80 77 75 67 48 59 62 56 31 43 82 85 84 85 79 79 70 59 54 40 41 37 21 42 39 21 22 21 23 22 27 37 37 62 73 70 50 48 59 55 41 41 34 30 26 28 20 20 21 21 22 34 32 46 43 26 28 20 20 21 22 27 29 26 32 34 39 52 39 42 53 60 65 65 71 81 81 82 75 66 37 28
86 50 69 115 117 106 91 81 59 91 89 76 62 77 52 32 26 62 71 75 82 84 73 76 68 55 52 43 59 45 30 32 57 32 36 49 49 31 24 28 33 45 74 69 77 72 56 49 38 53 43 25 24 26 24 19 19 21 21 36 33 31 49 48 38 42 42 25 26 23 25 32 53 59 63 64 56 46 50 65 73 76 73 76 76 80 63 58 47 52
124 81 64 81 121 118 100 73 65 55 63 75 40 57 76 64 36 25 41 56 80 77 75 82 64 56 59 52 67 53 43 25 41 48 55 72 58 43 57 51 25 39 60 44 62 73 71 57 28 50 41 26 20 18 19 24 23 37 34 29 26 19 22 47 47 47 28 22 27 23 20 20 23 34 54 67 69 68 64 64 68 72 75 69 57 65 72 71 73 79
102 130 93 100 72 118 96 69 55 75 45 57 32 47 78 70 48 36 30 30 62 46 56 85 62 72 71 74 73 73 54 42 27 44 71 80 66 54 76 54 37 33 27 27 29 33 31 26 33 28 31 30 22 18 21 26 25 30 44 40 32 29 23 23 29 22 30 37 30 36 31 22 20 20 28 47 60 57 60 63 67 58 62 53 75 77 74 75 62 70
65 134 131 72 68 56 65 81 80 98 59 54 29 37 80 84 73 67 48 31 26 27 50 74 47 75 79 76 77 75 71 56 32 31 61 78 76 77 67 60 46 54 33 56 39 51 41 40 51 24 48 54 43 29 25 33 43 44 45 48 43 53 40 33 29 26 50 46 36 64 49 41 25 19 19 22 28 30 30 26 33 37 43 45 43 46 57 66 69 56
95 75 138 126 61 48 72 122 109 108 79 54 31 30 56 89 89 87 75 60 51 58 26 46 43 56 70 78 78 66 75 74 53 29 30 56 68 82 80 79 55 66 54 66 49 68 48 61 48 47 53 61 42 24 55 54 43 33 37 35 59 69 54 38 51 55 42 24 31 50 51 52 31 23 21 19 19 20 20 20 23 30 53 68 70 59 49 38 37 41
160 86 75 104 60 69 84 109 108 76 72 75 42 32 34 52 57 59 80 70 65 58 42 26 30 26 37 55 73 68 63 77 70 42 22 33 63 82 86 78 72 68 75 78 69 75 75 68 53 59 72 58 40 27 36 57 63 48 28 38 59 54 48 42 64 57 61 55 44 42 40 36 27 42 43 40 41 24 27 26 26 22 28 50 70 75 73 68 54 38
146 148 108 82 64 73 88 83 73 96 90 98 54 47 56 81 84 57 37 29 35 32 53 48 51 36 23 33 44 59 53 71 66 38 21 23 39 63 80 88 83 81 83 83 84 80 83 77 71 74 77 62 44 41 39 23 32 62 32 42 64 43 28 32 45 46 63 65 49 62 54 43 35 27 28 37 32 27 34 41 45 31 35 25 38 62 69 72 68 54
165 184 127 80 112 119 65 111 72 132 114 119 78 64 86 98 97 81 61 52 43 44 65 70 65 51 32 26 22 25 29 52 45 36 30 44 22 30 57 80 87 83 76 80 87 81 85 74 80 81 73 67 61 60 40 26 21 39 29 37 72 58 34 33 33 36 43 44 44 64 60 39 29 20 32 44 47 37 23 19 26 34 48 35 24 27 29 38 42 37
161 192 163 134 155 159 89 86 63 104 139 133 124 92 86 106 106 92 72 62 62 61 87 84 73 54 39 37 38 27 22 23 31 38 63 71 41 22 27 49 72 63 77 66 83 79 84 81 85 83 81 70 58 46 43 49 26 50 63 38 31 33 25 55 64 59 50 28 28 36 37 27 42 42 25 25 40 37 32 34 32 38 38 56 54 39 34 36 42 40
151 173 161 178 166 149 109 61 95 72 98 139 138 114 101 102 100 93 70 40 40 78 89 92 75 41 29 46 44 28 22 23 28 41 67 78 62 39 24 23 31 40 63 65 67 82 80 73 73 83 82 67 48 51 45 54 32 56 75 69 61 50 28 23 26 29 28 23 21 19 19 26 35 35 30 40 27 35 25 23 32 26 29 39 56 60 54 41 59 47
186 142 135 154 145 181 149 127 89 147 83 106 142 138 119 103 88 109 90 51 65 86 93 94 89 51 55 56 39 25 28 44 30 25 42 64 78 67 42 22 21 26 38 51 58 72 75 58 72 71 81 66 67 56 49 49 26 54 77 81 72 57 39 54 28 40 53 45 31 27 20 24 27 29 22 28 23 26 21 22 27 33 29 29 30 47 55 60 52 46
228 165 147 99 135 186 159 101 80 147 118 91 112 129 138 114 106 95 89 42 54 92 98 95 88 67 54 65 41 29 25 34 37 23 32 42 69 80 58 35 21 23 34 46 50 43 54 58 77 78 76 74 66 51 52 32 36 57 78 83 76 64 56 46 38 61 57 52 27 42 29 22 35 19 17 17 21 26 37 33 21 25 36 49 40 27 42 43 48 54
238 183 125 109 164 189 199 148 92 163 134 123 129 84 118 139 122 95 51 42 42 70 101 95 83 81 52 53 59 33 39 48 42 25 23 35 55 77 70 43 25 21 23 34 57 57 34 42 54 72 68 61 71 44 65 42 29 60 76 83 78 73 63 40 68 78 72 48 41 38 41 22 33 23 22 21 30 47 40 24 38 40 37 55 71 51 45 31 45 51
198 200 167 140 182 183 163 165 109 125 174 154 124 96 65 131 142 126 88 47 39 64 99 102 86 70 56 55 68 74 64 54 49 37 22 31 49 73 76 50 31 23 21 23 28 47 51 29 29 37 46 42 55 39 52 35 40 62 73 82 82 80 66 58 71 81 79 64 51 50 55 34 33 39 38 25 25 36 52 37 36 64 50 51 73 75 63 51 41 35
207 201 191 208 176 172 220 195 175 137 147 146 134 142 109 76 132 141 120 61 40 45 95 108 93 87 72 64 75 56 67 62 48 36 28 24 43 67 81 61 36 24 39 23 21 42 44 44 35 22 23 24 30 23 30 22 40 51 63 73 78 84 79 68 72 79 79 72 57 68 42 27 54 42 53 39 39 43 56 60 60 73 74 60 64 62 54 45 36 47
230 217 192 197 224 182 222 227 190 152 175 150 123 165 141 102 65 129 136 73 43 59 90 104 76 70 87 79 82 66 54 53 40 41 43 36 28 57 81 70 41 31 60 37 22 23 34 35 39 33 29 22 41 39 43 24 49 34 34 43 67 78 84 84 82 77 83 73 71 55 41 48 65 57 46 45 46 63 66 67 62 68 85 76 72 68 68 60 48 40
272 281 213 182 180 185 168 204 224 197 176 125 83 103 101 83 92 69 117 104 44 48 93 65 49 39 54 62 83 85 52 40 42 42 33 33 27 39 74 75 39 43 70 52 36 24 28 44 50 39 28 29 31 50 42 25 34 53 69 48 38 59 71 80 79 79 84 77 71 56 64 61 64 62 53 50 48 55 73 72 78 75 87 89 88 84 75 78 56 58
278 276 278 255 163 205 203 173 156 206 213 149 100 119 167 99 153 93 74 102 60 50 97 81 63 38 46 71 89 88 68 56 43 33 28 25 25 33 62 79 38 54 76 73 49 35 21 41 55 50 41 32 39 32 47 31 48 49 55 45 58 38 44 59 58 81 84 83 78 67 73 69 64 62 62 39 49 69 63 76 80 78 88 91 84 89 64 70 50 55
345 315 279 256 185 240 221 162 195 143 218 196 129 149 153 114 148 102 99 91 104 55 118 114 67 35 40 70 99 101 91 78 61 38 43 33 28 35 67 83 42 69 69 85 68 46 31 22 38 38 42 43 47 44 48 45 45 58 63 68 53 47 46 45 57 77 77 82 82 75 72 72 71 54 40 34 43 51 68 77 80 82 86 91 81 74 75 62 74 55
318 295 324 294 248 177 252 226 220 191 220 209 149 179 140 125 161 141 115 130 130 70 91 100 88 44 45 85 105 108 105 97 75 41 43 52 47 44 45 79 59 62 76 86 75 57 44 30 29 42 40 33 48 40 57 54 61 59 43 48 70 66 54 66 59 48 66 75 80 75 57 55 56 31 31 41 63 45 50 64 79 76 79 87 91 82 70 65 68 65
