Artocarpus heterophyllus SDM files/Last glacial maximum/Environmental layers/bio16.asc
ncols  625
nrows  721
xllcorner  69.958333335383
yllcorner  5.95833333415099
cellsize 0.041666666667
NODATA_value  -9999
[rows 320 to 359 of 721, columns 450 to 539 of 625]
839 830 824 832 838 833 839 839 832 849 850 851 852 862 872 864 871 879 886 893 902 917 931 948 957 989 1009 1028 1047 1068 1093 1122 1147 1171 1180 1201 1227 1258 1277 1302 1329 1377 1444 1322 1363 1460 1523 1602 1501 1462 1469 1507 1604 1703 1740 1791 1826 1878 1898 1879 1926 1959 1755 1894 2007 1778 1706 1648 1648 1697 1665 2160 1919 1677 1644 1604 1561 1581 1812 1700 1572 1936 1807 1580 1549 1572 1896 1670 1515 1706
833 835 832 838 842 850 848 859 823 834 862 862 858 873 882 878 882 891 901 906 915 931 944 962 980 1000 1022 1048 1070 1084 1119 1136 1170 1196 1205 1215 1252 1286 1308 1334 1349 1384 1436 1363 1430 1475 1537 1585 1650 1566 1523 1585 1565 1621 1731 1822 1843 1879 1908 1959 1968 2032 1765 1761 1849 1940 1853 1730 1700 1696 1676 1885 2053 1777 1654 1640 1598 1602 1753 1650 1573 1727 2005 1610 1565 1567 1662 2000 1525 1655
841 840 847 845 850 857 869 860 864 849 872 872 881 885 887 892 896 901 914 925 928 945 961 977 996 1017 1039 1065 1086 1110 1142 1154 1195 1223 1235 1241 1273 1301 1332 1356 1374 1396 1432 1464 1458 1476 1515 1596 1669 1662 1523 1677 1752 1742 1646 1780 1869 1892 1929 2010 2005 1932 1878 1838 1814 1915 1975 1828 1807 1724 1691 1717 2116 1887 1691 1653 1623 1606 1775 1666 1570 1598 2016 1640 1580 1575 1552 2015 1615 1620
842 855 850 855 852 864 872 880 868 871 887 881 892 899 906 908 913 915 927 940 951 964 976 998 1019 1036 1059 1085 1117 1136 1161 1172 1215 1251 1264 1267 1295 1321 1349 1374 1392 1417 1445 1484 1531 1515 1531 1589 1660 1736 1620 1567 1717 1822 1838 1684 1832 1949 1967 2020 1859 1877 1900 1913 1874 1878 1956 1936 1820 1792 1736 1682 1905 2003 1722 1685 1636 1605 1787 1703 1590 1601 1765 1777 1647 1624 1558 1717 1900 1593
872 810 845 860 868 872 873 885 885 897 892 885 902 913 919 925 935 917 956 980 972 976 995 1017 1038 1060 1081 1106 1143 1164 1173 1199 1238 1270 1288 1302 1322 1344 1366 1409 1412 1402 1476 1515 1550 1542 1545 1605 1660 1709 1785 1681 1674 1738 1774 1757 1732 1912 1959 1961 1935 1922 1905 1936 1926 1880 1929 1974 1905 1852 1792 1684 1790 2099 1787 1724 1684 1625 1781 1712 1646 1598 1697 1929 1615 1809 1724 1576 1956 1613
903 851 823 866 873 879 885 896 900 919 919 891 911 918 930 933 975 930 975 1005 1012 996 1011 1038 1063 1081 1103 1133 1161 1179 1191 1228 1255 1285 1314 1332 1363 1381 1387 1427 1459 1454 1493 1530 1580 1592 1559 1632 1681 1727 1781 1866 1730 1737 1809 1959 1825 1829 1937 1943 1962 1973 1916 1957 1976 1899 1907 1994 1957 1870 1844 1736 1716 2018 1870 1769 1742 1683 1735 1727 1665 1626 1665 1767 1623 1705 2084 1616 1809 1785
881 887 867 877 882 889 892 905 914 920 927 921 937 914 932 942 985 962 988 1012 1035 1041 1032 1074 1105 1115 1128 1164 1165 1191 1231 1253 1278 1304 1333 1362 1383 1391 1426 1447 1476 1496 1519 1540 1592 1653 1563 1657 1705 1745 1796 1821 1764 1721 1872 1948 1833 1993 1944 1968 1984 1975 1945 1965 1995 1965 1895 1957 1941 1911 1882 1808 1723 1914 1947 1795 1769 1731 1684 1737 1767 1652 1705 1725 1663 1651 2034 1840 1624 1740
882 888 882 893 894 902 900 915 918 925 936 939 926 939 944 975 990 978 998 1020 1052 1059 1049 1099 1141 1148 1161 1207 1164 1235 1260 1280 1307 1316 1359 1392 1394 1401 1448 1481 1498 1526 1559 1583 1621 1700 1543 1653 1719 1758 1826 1745 1788 1819 1829 1910 1901 1985 2042 1966 2012 2007 1990 1976 2018 2034 1988 1928 1969 1933 1917 1869 1755 1811 1909 1791 1786 1744 1682 1699 1930 1748 1682 1768 1767 1679 1771 2114 1782 1757
887 895 898 903 910 905 918 915 928 937 946 955 928 943 961 986 1002 1010 1006 1034 1061 1066 1097 1127 1158 1178 1193 1205 1212 1256 1281 1304 1333 1346 1386 1410 1431 1452 1474 1511 1532 1555 1592 1612 1655 1696 1604 1677 1746 1785 1840 1766 1756 1853 1904 1919 1911 1970 2034 2019 2018 2036 2010 2014 2020 2044 2010 1955 1988 1944 1912 1894 1798 1824 1829 1779 1782 1768 1727 1698 1856 1896 1814 1757 1855 1753 1728 1868 2257 1862
896 904 907 914 925 909 930 938 937 945 958 971 970 955 962 998 1021 1031 1024 1056 1082 1078 1133 1160 1174 1226 1240 1183 1255 1283 1311 1339 1366 1358 1402 1433 1457 1486 1508 1537 1553 1587 1619 1632 1678 1678 1606 1704 1767 1796 1834 1808 1832 1836 1933 1923 1937 1990 2025 2070 2017 2052 2053 2034 2019 2049 2036 1994 1991 1957 1904 1912 1835 1815 1848 1843 1799 1786 1774 1712 1761 1863 1821 1791 1870 1825 1744 1747 1946 2314
902 911 918 923 929 932 937 947 954 964 955 979 999 984 985 1014 1040 1056 1035 1086 1092 1100 1154 1181 1206 1250 1274 1216 1270 1311 1337 1368 1372 1402 1431 1467 1467 1514 1532 1557 1573 1610 1643 1674 1678 1723 1672 1743 1770 1809 1859 1805 1849 1855 1948 1926 1950 2019 2038 2078 2020 2065 2069 2065 2025 2064 2042 2013 2010 1975 1928 1908 1890 1819 1824 1878 1835 1799 1787 1745 1758 1962 1805 1829 1790 1793 1822 1762 1843 1959
912 917 925 931 934 945 950 959 966 974 980 996 999 1019 1011 1034 1053 1080 1051 1117 1096 1149 1184 1197 1228 1260 1289 1331 1285 1338 1371 1383 1378 1436 1461 1497 1495 1536 1556 1584 1608 1628 1664 1683 1640 1702 1730 1766 1796 1839 1882 1843 1834 1907 1955 1927 1991 2040 2084 2018 2064 2077 2076 2080 2041 2069 2057 2035 2019 2002 1965 1918 1899 1858 1832 1879 1866 1851 1822 1818 1776 1913 1799 2118 1933 1817 1845 1788 1827 1984
917 922 935 936 940 956 964 972 972 977 994 1008 1015 1023 1033 1049 1067 1103 1080 1118 1150 1151 1203 1224 1248 1278 1299 1352 1312 1370 1401 1432 1407 1463 1486 1515 1527 1557 1577 1607 1619 1665 1689 1650 1708 1720 1760 1787 1820 1856 1887 1842 1856 1958 1941 1943 2035 2067 2064 2019 2068 2073 2103 2079 2056 2057 2066 2053 2029 2019 1985 1952 1912 1879 1840 1904 1871 1997 1952 1858 1845 1817 1792 1879 2294 1843 1875 1869 1929 1999
908 926 944 952 952 958 968 988 979 994 1008 1023 1031 1031 1048 1062 1081 1121 1128 1122 1183 1165 1227 1246 1274 1304 1332 1372 1333 1394 1426 1430 1466 1498 1495 1520 1559 1585 1606 1638 1637 1694 1659 1697 1739 1737 1784 1810 1842 1875 1867 1830 1903 1973 1923 1991 2071 2028 2013 2071 2086 2087 2108 2103 2084 2068 2076 2071 2047 2035 2023 1987 1958 1899 1874 1898 1864 1985 2101 1914 1868 1863 1828 1860 2292 2150 1962 1964 1947 1911
909 933 949 962 965 969 978 998 987 1007 1025 1034 1046 1056 1066 1077 1107 1129 1149 1153 1177 1221 1257 1257 1303 1342 1363 1368 1352 1423 1462 1427 1506 1489 1529 1559 1586 1611 1641 1631 1705 1648 1675 1728 1764 1756 1804 1832 1868 1869 1846 1864 1941 1927 1976 2087 2040 1996 2056 2086 2097 2110 2122 2123 2113 2096 2100 2097 2088 2074 2053 2017 1992 1921 1904 1907 1916 1886 2174 2032 1876 1884 1847 1867 1907 2582 2102 1963 1910 1924
929 935 954 969 974 976 994 1010 1006 1020 1039 1045 1057 1083 1080 1091 1138 1150 1169 1187 1194 1249 1272 1279 1328 1360 1403 1428 1372 1452 1463 1497 1504 1536 1559 1590 1615 1644 1668 1669 1660 1711 1731 1756 1757 1822 1825 1855 1876 1846 1869 1925 1950 1939 1997 2026 2036 2059 2099 2105 2114 2128 2132 2140 2142 2128 2123 2103 2097 2099 2081 2053 2029 1961 1906 1924 1938 1887 2046 2167 1935 1936 1895 1893 1932 2400 2395 2145 2028 1936
923 947 951 984 985 980 1000 1011 1028 1032 1045 1061 1061 1104 1114 1101 1159 1172 1220 1165 1228 1277 1287 1310 1347 1388 1426 1465 1405 1462 1526 1491 1510 1561 1588 1617 1646 1670 1669 1655 1714 1745 1759 1770 1778 1839 1854 1867 1859 1888 1908 1939 1962 1967 2005 2035 2062 2078 2101 2118 2130 2138 2141 2157 2166 2159 2157 2128 2090 2107 2107 2059 2027 2005 1945 1932 1954 1937 1972 2227 2028 1976 1945 1923 1989 2146 2717 2147 2020 2023
937 958 967 975 985 989 1010 1022 1027 1051 1058 1067 1077 1108 1139 1132 1174 1203 1240 1204 1238 1305 1307 1336 1368 1410 1445 1496 1440 1461 1513 1506 1567 1593 1610 1642 1668 1695 1662 1714 1748 1772 1778 1786 1835 1795 1875 1915 1874 1892 1918 1965 1947 1982 2016 2048 2073 2085 2108 2130 2140 2154 2144 2167 2177 2177 2188 2159 2115 2090 2113 2085 2055 2053 1989 1951 1982 1967 1987 2173 2118 2111 1992 1960 2054 2084 2711 2066 1993 2100
957 976 982 983 1005 1020 1018 1019 1036 1059 1084 1090 1109 1112 1147 1161 1186 1241 1242 1215 1275 1333 1311 1370 1394 1431 1475 1514 1478 1499 1499 1537 1615 1623 1639 1662 1690 1704 1663 1749 1780 1799 1770 1814 1847 1829 1888 1843 1932 1924 1962 1987 1936 2000 2035 2059 2068 2095 2127 2145 2153 2175 2174 2171 2197 2209 2203 2187 2153 2106 2114 2124 2095 2100 2005 2004 2019 1999 1995 2118 2047 2152 2113 2017 2066 2059 2522 2601 2011 2048
969 978 990 991 1013 1024 1037 1050 1048 1061 1097 1100 1126 1137 1164 1178 1225 1271 1254 1232 1295 1368 1335 1376 1432 1443 1502 1489 1476 1507 1533 1538 1585 1636 1665 1688 1726 1699 1699 1770 1752 1786 1816 1828 1811 1877 1837 1874 1925 1927 1971 1973 1977 2020 2043 2067 2078 2112 2143 2158 2165 2183 2185 2178 2209 2243 2226 2218 2188 2144 2114 2129 2127 2124 2037 2062 2054 2045 2035 2124 2038 2146 2208 2062 2082 2154 2227 2949 2245 2076
974 986 995 1002 1021 1032 1048 1054 1064 1067 1107 1105 1145 1171 1139 1195 1248 1298 1290 1242 1345 1364 1421 1408 1425 1462 1466 1509 1513 1545 1565 1589 1597 1621 1666 1718 1729 1711 1755 1769 1769 1784 1821 1841 1841 1883 1887 1913 1941 1943 1961 1992 2012 2044 2051 2080 2082 2112 2142 2166 2187 2187 2204 2203 2220 2248 2238 2241 2212 2177 2130 2140 2150 2147 2081 2110 2064 2120 2127 2115 2066 2122 2376 2130 2128 2184 2123 2470 2961 2100
982 994 1009 1010 1030 1041 1064 1073 1073 1110 1101 1092 1161 1208 1161 1183 1272 1313 1294 1263 1372 1375 1425 1477 1434 1476 1497 1528 1546 1566 1592 1614 1637 1664 1683 1712 1730 1745 1761 1788 1809 1816 1832 1841 1858 1885 1896 1924 1942 1974 1963 1990 2017 2048 2071 2089 2102 2112 2147 2180 2203 2204 2223 2223 2237 2243 2265 2258 2237 2223 2183 2167 2184 2209 2156 2156 2119 2144 2180 2180 2150 2138 2206 2376 2135 2189 2178 2163 2917 2455
993 1001 1022 1007 1040 1047 1075 1102 1091 1089 1141 1100 1158 1219 1200 1179 1281 1309 1303 1289 1384 1419 1416 1452 1460 1487 1521 1551 1566 1590 1617 1642 1670 1694 1710 1731 1752 1774 1777 1800 1812 1845 1849 1859 1892 1905 1915 1923 1961 1983 1981 2013 2043 2058 2078 2107 2124 2131 2162 2190 2207 2219 2239 2247 2266 2258 2269 2282 2264 2268 2237 2153 2273 2263 2210 2190 2197 2182 2219 2238 2206 2178 2244 2488 2437 2240 2196 2175 2543 2912
1000 1019 1033 993 1048 1053 1087 1114 1144 1102 1109 1133 1194 1251 1217 1248 1267 1318 1323 1342 1382 1419 1442 1464 1486 1507 1540 1569 1591 1620 1636 1658 1685 1700 1726 1744 1766 1783 1796 1805 1835 1855 1845 1881 1901 1907 1935 1944 1960 2001 1978 2010 2058 2081 2092 2106 2140 2145 2179 2204 2207 2235 2257 2268 2289 2286 2284 2311 2314 2313 2288 2177 2254 2299 2244 2250 2227 2348 2227 2236 2233 2218 2290 2227 2767 2340 2233 2193 2256 3060
997 1030 993 1038 992 1057 1093 1116 1145 1150 1142 1126 1200 1243 1234 1288 1280 1328 1331 1371 1400 1429 1454 1480 1504 1527 1558 1581 1610 1647 1636 1614 1696 1723 1751 1737 1774 1795 1807 1822 1851 1866 1865 1890 1909 1931 1952 1954 1966 2022 1984 2008 2063 2083 2121 2116 2148 2158 2193 2211 2223 2249 2269 2299 2307 2313 2302 2341 2340 2354 2354 2255 2264 2266 2271 2280 2256 2402 2317 2258 2266 2264 2277 2271 2568 2847 2265 2270 2207 2534
1031 1102 946 1054 972 1019 1043 1097 1125 1162 1181 1159 1217 1242 1272 1302 1328 1332 1358 1383 1419 1442 1469 1491 1522 1542 1576 1597 1632 1669 1660 1650 1709 1733 1767 1756 1785 1804 1816 1837 1866 1879 1863 1900 1930 1950 1951 1968 1984 2022 2009 2027 2068 2080 2115 2134 2157 2165 2194 2214 2240 2263 2287 2304 2326 2337 2342 2341 2381 2416 2388 2320 2311 2254 2262 2320 2309 2380 2430 2279 2288 2414 2308 2284 2309 3058 2668 2339 2237 2314
946 945 878 1032 1095 1031 953 996 1117 1168 1202 1167 1238 1248 1266 1302 1345 1350 1373 1406 1433 1451 1478 1508 1536 1558 1592 1608 1634 1664 1691 1670 1727 1733 1764 1789 1793 1812 1832 1847 1868 1889 1881 1910 1936 1952 1970 1981 1995 2029 2028 2031 2092 2103 2097 2148 2175 2173 2205 2224 2251 2279 2309 2320 2346 2349 2354 2372 2353 2441 2432 2384 2381 2302 2229 2354 2386 2398 2391 2308 2321 2445 2366 2298 2320 2443 3129 2784 2298 2284
1030 995 959 948 1033 1059 931 974 1112 1172 1215 1193 1237 1263 1284 1302 1350 1381 1381 1426 1448 1450 1486 1521 1557 1523 1578 1624 1647 1667 1692 1715 1737 1746 1782 1793 1824 1830 1834 1860 1870 1892 1893 1918 1945 1943 1989 1990 2006 2034 2049 2038 2108 2133 2065 2124 2210 2199 2214 2236 2259 2282 2315 2333 2354 2371 2383 2422 2352 2367 2438 2431 2430 2410 2246 2390 2462 2420 2393 2331 2323 2456 2446 2331 2362 2314 2566 3168 2529 2303
1078 1073 1058 1049 1099 1111 970 1017 1111 1162 1204 1220 1258 1276 1304 1321 1351 1391 1405 1445 1463 1435 1480 1528 1562 1561 1565 1585 1643 1678 1695 1720 1729 1766 1792 1754 1794 1852 1831 1876 1885 1895 1908 1930 1944 1926 1993 2004 2020 2048 2034 2046 2107 2158 2111 2086 2191 2207 2228 2245 2273 2294 2326 2358 2372 2394 2421 2449 2411 2355 2443 2456 2476 2467 2327 2347 2457 2436 2430 2431 2378 2465 2490 2383 2358 2339 2402 2830 2912 2375
1100 1104 1122 1109 1101 1109 1063 1064 1104 1145 1173 1233 1272 1286 1315 1345 1355 1401 1437 1447 1445 1364 1393 1480 1534 1613 1567 1554 1649 1679 1696 1731 1747 1817 1775 1720 1761 1866 1845 1867 1911 1904 1919 1958 1966 1914 2001 2010 2037 2040 2039 2042 2108 2163 2167 2113 2195 2236 2242 2254 2275 2314 2329 2384 2397 2399 2431 2469 2460 2393 2444 2476 2517 2529 2422 2381 2441 2452 2527 2507 2451 2484 2522 2432 2376 2388 2379 2518 2909 2795
1102 1090 1133 1129 1111 1103 1112 1081 1081 1135 1169 1226 1281 1309 1324 1352 1371 1436 1454 1296 1289 1258 1320 1461 1519 1597 1589 1639 1669 1678 1699 1742 1752 1813 1785 1805 1827 1877 1827 1824 1921 1911 1916 1968 1978 1963 1991 2034 2048 2030 2064 2050 2071 2136 2159 2144 2193 2247 2258 2274 2285 2319 2340 2387 2419 2419 2428 2453 2444 2458 2462 2441 2511 2555 2478 2456 2468 2471 2466 2708 2526 2488 2595 2694 2448 2452 2443 2440 2616 3114
1087 1098 1125 1135 1127 1132 1137 1092 1111 1145 1184 1234 1298 1338 1363 1412 1484 1569 1520 -9999 -9999 1258 1346 1468 1539 1576 1562 1653 1702 1677 1699 1721 1739 1775 1803 1733 1861 1906 1852 1858 1921 1920 1916 1964 1996 1975 1974 2034 2057 2069 2083 2091 2087 2128 2170 2181 2181 2228 2261 2282 2281 2320 2366 2406 2434 2465 2466 2459 2454 2514 2500 2451 2486 2540 2525 2500 2507 2510 2450 2563 2593 2509 2528 3023 2587 2523 2478 2472 2518 3229
1089 1110 1139 1141 1134 1135 1131 1098 1133 1161 1206 1263 1336 1382 1426 1490 1480 1478 -9999 -9999 -9999 1273 1381 1474 1562 1580 1584 1587 1696 1699 1695 1718 1739 1753 1832 1732 1826 1892 1861 1883 1921 1937 1931 1956 1978 1995 2014 2031 2034 2093 2094 2102 2112 2094 2146 2190 2195 2254 2268 2262 2275 2341 2377 2417 2462 2491 2514 2501 2477 2529 2547 2514 2471 2516 2553 2538 2527 2560 2501 2519 2632 2536 2490 2997 2755 2502 2515 2503 2471 3152
1095 1120 1152 1149 1134 1134 1135 1102 1144 1220 1272 1322 1369 1433 1460 1567 1483 -9999 -9999 -9999 1285 1321 1384 1454 1495 1543 1624 1528 1621 1742 1663 1698 1728 1743 1794 1784 1814 1837 1823 1855 1896 1923 1960 1946 1960 1976 1994 2027 2019 2066 2091 2126 2131 2068 2134 2182 2195 2242 2289 2269 2296 2358 2420 2431 2445 2488 2530 2559 2548 2530 2530 2542 2488 2484 2589 2579 2556 2610 2561 2532 2647 2578 2516 2654 3098 2495 2494 2721 2513 2924
1101 1124 1169 1170 1144 1136 1145 1122 1155 1269 1329 1369 1432 1407 1271 1417 1441 -9999 -9999 -9999 1328 1360 1428 1492 1466 1521 1621 1506 1530 1668 1637 1678 1691 1716 1757 1793 1823 1859 1836 1801 1860 1866 1976 1953 1962 1977 2006 2031 2000 2059 2082 2112 2110 2082 2181 2206 2190 2245 2251 2247 2307 2347 2418 2407 2415 2463 2473 2556 2610 2525 2528 2581 2510 2473 2604 2596 2570 2593 2583 2508 2725 2741 2605 2564 2891 2865 2461 2910 2580 2616
1118 1136 1157 1177 1167 1164 1188 1169 1178 1279 1370 1425 1480 1449 -9999 -9999 -9999 -9999 -9999 1321 1359 1399 1446 1552 1518 1533 1579 1554 1541 1580 1608 1647 1667 1682 1705 1728 1786 1825 1793 1782 1865 1843 1909 1979 1965 1976 2022 2007 1947 2004 2073 2106 2115 2100 2184 2159 2175 2298 2262 2232 2319 2395 2400 2403 2431 2492 2509 2529 2598 2504 2513 2584 2547 2455 2573 2628 2581 2581 2586 2512 2730 2971 2698 2580 2589 3006 2529 2943 2907 2474
1136 1155 1160 1173 1161 1183 1276 1256 1235 1333 1407 1397 1469 1483 -9999 -9999 -9999 -9999 1317 1389 1427 1406 1412 1528 1546 1551 1595 1638 1605 1561 1629 1664 1673 1677 1672 1721 1737 1753 1685 1728 1850 1860 1876 1917 2002 2001 1978 2050 1972 1982 2059 2082 2131 2119 2159 2104 2148 2292 2292 2256 2311 2403 2420 2424 2440 2499 2524 2552 2585 2525 2511 2570 2567 2490 2527 2649 2642 2610 2629 2571 2582 2981 2943 2628 2602 2791 2643 2699 3113 2549
1155 1179 1183 1193 1202 1225 1291 1284 1278 1361 1402 1385 1345 1442 -9999 -9999 -9999 -9999 1328 1406 1486 1407 1415 1506 1495 1549 1693 1742 1613 1570 1691 1716 1681 1681 1704 1803 1764 1677 1621 1683 1792 1801 1811 1883 1987 1933 1900 1994 1955 1998 2074 2085 2125 2083 2074 2091 2190 2229 2256 2255 2304 2378 2422 2432 2427 2479 2469 2524 2587 2502 2500 2533 2546 2556 2515 2627 2701 2639 2684 2672 2620 2694 2922 2885 2658 2730 2664 2558 3265 2690
1139 1172 1179 1211 1236 1261 1280 1257 1233 1261 1399 1498 1432 -9999 -9999 1398 1379 1334 1373 1394 1414 1414 1409 1445 1459 1511 1733 1782 1619 1622 1755 1736 1703 1719 1754 1888 1877 1716 1616 1682 1812 1814 1778 1809 1894 1888 1892 1969 1924 1914 2011 2051 2097 2077 2031 2085 2199 2188 2216 2227 2256 2368 2440 2407 2403 2491 2482 2511 2594 2477 2515 2529 2540 2593 2579 2616 2709 2662 2716 2740 2691 2630 2728 3084 2916 2710 2663 2553 3247 2892
1158 1176 1180 1220 1232 1252 1272 1224 1192 1201 1297 1341 1376 -9999 -9999 1339 1410 1433 1414 -9999 1391 1509 1482 1414 1427 1518 1715 1787 1731 1748 1778 1677 1704 1734 1742 1842 1917 1794 1699 1744 1821 1837 1811 1788 1857 1956 1987 1953 1949 1895 1993 2032 2037 2097 2087 2056 2116 2196 2241 2204 2245 2411 2435 2356 2406 2503 2517 2459 2487 2492 2530 2586 2594 2636 2661 2606 2693 2718 2753 2776 2738 2676 2712 2900 3058 2738 2699 2594 3255 3161
