Artocarpus heterophyllus SDM files/Last glacial maximum/Environmental layers/bio17.asc
ncols  625
nrows  721
xllcorner  69.958333335383
yllcorner  5.95833333415099
cellsize 0.041666666667
NODATA_value  -9999
[rows 0 to 60 of 721, columns 96 to 191 of 625]
15 15 14 14 10 5 7 11 7 9 12 13 15 9 17 23 22 16 18 14 23 28 28 30 25 18 14 19 24 30 23 14 15 19 22 17 19 22 20 18 21 21 21 20 18 17 18 14 10 11 14 16 14 13 11 12 9 6 13 10 7 10 9 10 7 4 7 10 9 5 6 7 8 9 7 7 7 7 6 6 5 4 4 3 4 4 3 4 5 3 3 5 5 5 4 3
16 15 13 10 9 7 6 7 8 7 8 13 12 10 14 23 24 18 12 16 27 23 26 32 30 27 22 13 16 21 32 21 15 23 15 16 17 20 22 14 14 22 21 20 16 12 10 16 15 8 14 15 15 13 14 12 6 11 13 11 9 11 10 9 9 7 4 10 7 6 8 7 10 8 7 10 8 7 6 8 7 6 5 6 5 3 3 6 6 4 4 3 5 5 5 3
15 14 18 17 14 9 8 8 8 7 8 8 8 11 18 22 24 13 10 12 25 25 22 20 31 26 23 24 22 14 24 28 18 22 16 23 24 19 16 22 15 12 16 18 19 19 14 9 8 12 16 15 16 15 10 8 8 12 13 13 11 10 11 11 9 8 4 6 10 6 8 9 11 10 7 9 10 9 8 6 7 6 7 4 3 3 3 5 7 6 5 4 3 4 4 3
15 18 19 20 13 13 16 15 13 11 10 8 8 8 10 19 17 14 9 15 30 31 28 28 30 33 33 34 29 18 16 18 17 15 15 18 28 21 15 20 22 14 10 14 18 19 15 10 10 17 17 16 16 13 12 15 12 14 14 13 13 12 13 10 9 7 4 6 11 10 9 5 7 8 8 6 7 10 9 7 7 7 4 6 6 4 3 4 6 7 6 5 4 4 4 3
20 21 20 20 17 18 23 21 24 22 19 16 15 10 8 14 10 14 10 20 29 34 35 35 23 27 29 34 29 32 19 28 28 22 16 19 28 18 13 12 21 22 14 12 11 19 18 12 10 18 18 13 16 15 15 11 16 16 12 15 12 9 12 11 11 6 7 6 7 10 11 9 8 6 10 11 9 7 10 10 9 5 6 8 7 6 6 4 5 6 5 6 6 5 5 3
20 20 23 21 24 23 21 14 15 17 21 16 16 14 9 10 11 22 13 16 29 34 29 39 35 22 21 30 38 36 27 29 30 17 20 24 29 24 21 13 19 23 22 17 11 11 19 13 10 18 19 13 9 13 11 11 9 14 9 13 12 7 13 14 12 10 8 7 5 6 9 10 9 11 8 10 11 10 8 8 6 7 9 9 7 7 5 6 5 3 3 5 7 7 4 3
16 20 23 24 25 22 21 25 18 22 14 16 25 19 11 11 11 22 13 17 18 20 30 32 38 19 25 39 34 23 29 34 32 20 20 23 22 19 21 15 14 13 19 20 19 14 13 17 11 18 19 17 13 9 9 8 7 7 7 7 8 7 10 15 14 13 10 6 9 8 7 5 6 9 10 10 11 11 10 11 9 11 10 9 8 7 7 6 7 4 4 4 5 4 3 4
16 21 23 24 25 26 28 23 25 22 15 24 27 17 12 11 12 23 22 21 20 17 15 23 32 16 29 32 39 27 20 25 28 26 19 20 18 17 16 15 19 12 11 11 11 14 11 12 12 18 17 14 10 12 13 14 8 9 15 12 15 10 10 10 12 12 13 9 11 9 12 11 7 4 7 6 5 8 8 8 9 10 11 10 9 8 8 8 7 3 8 6 7 6 4 5
15 20 20 23 25 28 28 30 30 24 27 29 23 15 21 12 14 25 34 42 35 35 21 14 23 19 24 31 36 29 32 26 27 34 23 17 14 15 16 22 26 19 17 12 15 13 12 15 11 10 12 11 12 18 13 17 14 13 17 13 16 13 15 10 14 13 13 14 13 13 11 13 11 8 7 11 9 6 10 7 7 10 10 11 8 7 6 6 5 4 5 5 5 5 5 5
19 17 15 21 23 22 28 30 33 34 34 30 26 22 26 14 16 29 37 44 50 44 26 23 19 25 23 22 21 26 29 29 27 25 28 30 15 16 17 17 27 24 25 17 20 18 16 16 18 11 12 18 20 18 17 15 18 12 11 16 16 17 16 15 16 13 10 15 14 11 11 13 13 13 12 10 11 6 10 10 8 7 7 10 10 9 8 7 6 7 8 7 6 6 6 7
19 12 17 20 16 18 23 27 25 36 39 37 34 28 29 15 18 20 28 40 49 53 41 35 23 34 28 24 24 25 29 24 21 22 25 36 25 15 17 18 20 19 19 23 21 23 20 21 19 14 17 13 20 17 17 16 10 15 10 17 12 18 14 10 15 9 13 15 12 12 10 7 13 12 14 13 12 10 11 11 9 10 9 7 7 7 7 7 9 8 9 8 7 7 8 9
17 14 20 14 13 21 27 29 23 34 39 36 26 18 26 18 23 28 16 27 40 45 43 47 36 33 40 27 45 27 35 35 21 21 27 33 32 18 15 16 15 17 16 16 17 21 21 23 19 17 19 13 20 14 12 17 13 12 10 13 12 17 17 13 12 9 15 16 14 13 11 7 8 9 11 14 14 13 13 12 11 10 10 10 9 8 9 8 10 10 9 8 8 7 8 9
12 15 20 20 14 23 18 23 19 27 30 25 18 17 17 17 27 37 26 18 25 43 47 46 54 46 54 31 58 46 41 36 21 22 21 21 28 32 24 15 14 14 14 16 19 18 20 20 22 20 17 19 20 20 14 12 11 11 16 13 12 11 16 10 10 11 11 16 15 14 12 10 10 6 7 11 10 10 12 14 12 11 11 10 9 10 11 10 11 11 11 9 7 8 9 9
13 13 13 14 15 20 19 15 17 19 24 16 24 32 32 23 29 55 42 25 19 34 55 58 53 64 61 38 61 55 48 27 24 27 27 23 24 23 29 29 23 13 14 14 16 19 17 21 19 13 13 15 16 19 19 14 13 10 15 19 18 14 14 14 8 10 12 17 17 15 13 14 10 11 7 9 13 14 13 13 12 11 9 8 7 6 9 10 11 11 9 10 9 7 7 8
17 16 15 14 15 16 16 18 15 16 17 19 27 46 36 36 46 40 55 35 28 30 35 38 39 42 59 58 60 63 48 46 40 24 24 23 23 21 21 21 24 14 14 15 22 24 23 23 22 18 11 12 16 20 16 11 11 10 13 16 17 18 17 10 9 16 12 11 16 16 15 16 15 15 9 7 7 12 14 15 14 13 12 11 11 10 8 8 11 9 9 7 7 7 6 5
22 22 19 22 18 30 23 26 18 32 38 29 34 63 45 46 64 50 49 37 31 23 44 55 44 58 41 63 69 66 62 60 37 39 46 33 22 21 20 19 17 14 13 12 14 17 20 22 22 23 19 11 13 17 20 18 11 10 12 16 16 14 15 16 8 15 11 11 16 17 11 14 17 14 12 10 7 7 14 14 12 14 12 12 10 7 8 7 8 9 6 5 4 7 6 4
25 32 26 22 23 46 40 23 22 32 39 56 59 59 55 46 66 59 62 59 39 27 63 79 73 61 72 51 70 65 48 33 31 29 33 46 22 23 21 19 15 14 12 10 10 11 13 19 18 22 21 13 12 12 17 17 18 11 13 15 17 16 9 16 11 11 13 13 14 15 8 17 18 16 14 15 10 7 14 13 10 15 14 11 10 9 8 7 6 4 3 3 5 8 9 8
34 42 27 28 25 30 46 33 23 47 43 59 55 68 71 59 65 50 58 62 33 28 43 77 88 79 77 80 71 75 49 65 43 51 36 42 34 24 21 19 15 16 14 16 13 9 13 16 17 24 21 19 14 12 13 14 15 11 13 13 14 17 11 10 11 11 12 12 17 12 10 13 17 17 14 13 11 7 9 11 8 14 15 14 13 14 12 12 9 8 4 6 8 6 8 8
56 50 32 39 39 32 61 33 29 60 64 75 77 71 74 77 78 53 33 35 41 37 45 53 65 50 46 65 84 72 76 70 50 65 47 39 49 36 24 21 18 35 30 21 13 11 7 8 11 16 19 19 15 13 12 14 16 13 12 11 12 15 16 13 15 11 12 13 13 9 11 15 18 12 11 9 7 8 12 13 10 8 13 14 14 14 11 11 11 8 5 9 11 8 7 5
71 54 52 54 48 43 78 50 38 68 83 80 82 82 74 56 51 45 63 37 55 68 56 41 46 81 68 73 54 83 84 68 69 65 58 48 50 48 32 22 20 35 32 23 13 13 9 10 10 9 13 15 14 12 11 13 12 13 13 11 11 12 13 13 12 16 18 18 10 12 10 15 17 17 16 15 9 7 7 10 15 13 10 11 15 15 13 11 6 7 7 9 11 9 9 7
72 78 72 78 57 57 81 68 55 70 91 83 78 78 71 97 71 78 78 41 56 100 82 66 50 47 85 96 83 73 86 85 72 67 60 59 56 53 41 25 37 32 28 21 23 14 11 8 12 15 13 14 10 12 13 14 10 12 12 11 11 12 11 12 10 10 10 10 9 8 13 10 10 15 18 17 14 8 7 12 15 15 13 11 15 15 14 12 11 9 7 11 11 7 8 9
72 80 73 85 86 82 89 94 79 93 96 96 99 104 97 100 74 109 74 44 47 100 102 94 85 56 48 83 90 95 89 82 77 72 57 56 54 50 41 33 45 35 24 15 15 13 14 11 8 11 16 21 20 20 17 19 10 14 11 11 12 14 18 16 13 12 8 10 15 13 10 19 13 10 18 15 11 13 7 7 8 13 12 16 15 13 14 13 12 8 6 6 9 7 11 10
92 97 98 76 93 89 99 94 102 105 97 96 99 113 110 99 108 97 58 66 47 74 80 93 103 88 50 72 90 96 90 74 57 55 47 42 36 38 46 45 44 35 32 25 24 20 19 12 9 8 8 13 18 22 22 21 18 20 15 12 13 13 18 18 18 18 15 16 16 19 13 16 20 13 14 17 14 11 13 8 7 9 12 16 15 14 8 14 15 13 11 5 5 6 9 8
108 98 83 91 78 92 94 103 104 106 102 83 103 109 122 115 108 70 84 106 65 52 108 87 101 103 77 53 68 84 96 75 70 65 36 59 55 41 41 43 40 47 40 40 34 32 21 11 16 13 10 8 8 16 11 18 22 21 17 18 14 14 13 17 17 16 18 13 9 17 20 17 19 18 16 18 17 13 16 9 8 7 11 13 14 15 8 8 9 11 12 9 6 7 8 6
87 85 107 73 69 101 70 95 113 84 107 93 104 92 120 89 81 101 131 110 76 53 81 105 113 117 104 77 88 84 79 68 63 56 40 52 62 65 56 54 44 40 48 43 33 27 19 15 22 17 15 11 7 9 10 18 20 22 19 15 16 15 14 12 16 12 12 11 9 10 12 19 16 17 14 13 17 14 18 15 11 7 8 8 12 11 9 14 14 14 11 10 8 8 7 9
107 115 101 111 109 81 72 116 127 98 82 106 104 123 128 118 87 124 123 90 89 68 100 80 87 109 117 87 108 102 88 87 75 50 48 39 61 68 63 63 54 49 45 47 42 43 30 20 29 20 16 19 12 11 7 10 11 18 22 19 18 16 15 14 12 11 10 9 12 18 19 11 19 14 13 12 12 10 17 15 12 10 7 7 8 8 11 12 15 14 12 8 13 9 9 9
107 122 105 95 86 68 100 135 109 130 84 97 111 125 142 123 120 141 116 118 99 81 118 129 91 112 120 111 105 99 107 85 69 57 47 36 41 66 65 69 65 58 46 51 44 42 42 32 35 26 18 15 14 8 10 19 20 15 21 20 21 17 16 14 12 12 12 10 11 15 17 12 20 10 14 10 16 9 14 18 16 10 11 7 8 10 14 13 15 15 14 11 12 11 13 11
132 134 135 125 115 67 114 135 120 89 95 134 133 141 139 118 128 140 137 123 118 114 84 118 124 103 123 90 121 93 87 103 101 81 71 66 51 39 37 37 61 65 56 51 41 36 44 40 33 30 24 17 9 8 18 21 23 23 20 21 23 19 16 20 19 15 16 12 11 13 14 13 15 13 10 10 10 9 13 15 16 14 13 8 7 8 12 14 14 15 15 14 12 15 14 14
149 133 150 125 107 81 82 73 74 56 68 75 85 109 121 112 132 130 136 136 128 137 128 120 133 115 97 87 116 118 97 66 108 103 99 94 74 86 71 46 29 38 62 56 51 36 34 42 37 28 20 14 13 8 13 20 24 24 23 24 24 23 21 20 22 15 21 13 14 14 14 13 13 12 11 10 10 11 13 16 16 15 16 10 7 7 7 11 14 16 15 16 13 11 10 7
137 144 150 119 70 89 109 87 120 82 65 92 93 68 81 68 90 109 101 121 106 124 137 114 107 85 92 81 75 86 88 77 54 89 90 105 98 89 62 64 51 33 42 58 57 44 37 40 40 28 20 17 18 10 16 19 18 20 22 24 23 25 24 21 22 23 19 15 16 13 15 13 15 14 13 11 11 11 14 15 11 16 13 13 9 7 8 11 15 13 15 17 15 14 13 12
109 94 97 110 72 89 134 112 115 106 72 119 133 124 129 97 100 76 91 86 113 113 118 110 79 119 126 139 120 90 100 99 94 71 55 72 103 101 88 63 62 67 30 47 58 42 44 45 40 33 19 14 10 12 9 10 19 22 24 24 22 23 25 20 24 25 22 20 19 18 13 17 16 16 16 12 10 11 11 11 9 11 10 14 10 8 8 9 12 10 15 17 14 15 15 14
103 155 122 74 117 99 113 143 121 136 93 95 108 136 142 113 114 88 132 125 124 120 103 106 103 126 140 138 139 126 120 122 130 122 86 57 54 69 93 69 42 64 37 28 40 44 31 46 38 34 29 18 11 16 15 8 11 14 22 19 15 21 25 21 15 23 26 25 23 19 17 21 19 21 19 12 11 14 11 11 10 10 9 9 10 8 8 8 12 16 17 18 16 11 8 8
127 169 151 95 106 125 117 132 90 129 133 100 112 130 130 138 95 72 91 82 96 106 89 112 87 110 129 142 143 146 141 117 127 123 103 105 57 47 41 45 45 34 27 34 25 26 20 26 31 19 25 17 11 18 20 15 9 8 11 10 11 21 26 20 15 22 25 23 19 15 20 20 22 25 22 17 14 19 12 12 12 11 10 9 8 8 8 8 9 12 14 16 17 17 12 14
137 119 134 130 147 139 105 122 100 103 119 140 141 142 148 153 124 112 150 127 111 100 91 90 74 107 129 135 149 136 145 139 121 117 134 101 84 97 68 69 81 61 48 30 27 28 29 19 17 18 13 12 15 23 27 24 14 12 11 13 10 9 20 15 16 26 26 25 26 22 23 22 26 21 16 15 15 22 15 14 14 12 11 10 10 10 10 8 8 14 14 12 13 17 16 15
149 162 121 127 127 102 90 97 90 110 113 113 121 146 124 146 133 151 160 161 160 132 107 121 81 84 107 125 125 126 141 127 128 133 134 127 114 118 80 94 79 89 67 53 53 53 46 29 15 31 23 13 12 13 15 19 17 21 20 22 13 10 10 8 16 23 27 27 28 27 27 25 25 19 24 20 18 22 15 15 20 18 14 11 10 9 9 8 8 8 12 15 16 16 17 14
165 164 104 82 97 68 65 79 93 82 70 101 94 139 131 123 138 115 143 150 158 157 152 139 91 120 106 135 112 89 150 143 109 146 132 109 126 119 107 106 87 90 84 77 72 65 51 35 20 38 34 19 11 11 16 18 19 18 13 9 8 14 16 8 11 17 23 24 28 27 24 28 25 25 27 17 21 23 17 18 22 15 14 12 10 10 7 8 7 8 10 14 14 15 16 12
137 128 103 82 76 75 85 68 93 113 68 77 125 142 134 116 116 110 112 117 123 141 162 160 113 122 155 133 138 87 126 161 131 124 105 80 89 78 111 108 103 59 64 68 64 60 36 19 37 34 18 14 15 14 11 12 15 19 14 12 9 10 15 8 8 11 15 22 25 23 26 27 27 26 26 24 23 20 22 21 21 16 14 11 15 13 14 10 7 8 10 12 16 17 15 9
111 117 105 98 88 83 72 73 77 104 113 97 121 91 88 95 89 112 131 143 143 163 158 148 161 157 153 169 113 118 93 136 163 151 113 116 102 96 74 72 66 45 40 34 29 33 27 31 42 30 17 20 25 27 19 13 19 27 25 20 15 9 16 14 10 8 10 17 16 25 29 30 29 28 28 26 26 25 24 23 19 21 15 14 18 18 16 10 8 8 10 11 14 11 11 15
145 146 129 96 83 78 72 72 70 76 99 128 121 87 64 65 70 91 101 95 132 153 173 148 116 153 172 155 139 154 137 131 137 157 127 142 131 118 111 85 70 54 60 42 43 44 45 40 24 31 25 29 39 36 19 12 13 15 14 17 15 10 19 25 17 13 10 8 12 20 21 25 23 28 28 28 27 27 26 25 23 20 17 20 16 21 16 14 8 8 11 9 11 15 16 17
212 182 157 131 93 90 81 76 73 68 68 74 76 69 65 65 67 99 122 121 141 155 152 150 122 132 130 165 160 160 147 163 165 159 155 151 133 112 111 91 108 68 82 59 58 47 61 47 32 46 43 33 31 31 20 21 17 16 14 12 17 12 11 18 27 25 13 10 8 13 13 16 13 18 22 23 22 23 23 24 24 23 23 22 19 20 15 13 9 13 13 8 10 12 12 13
210 196 137 120 105 95 85 78 73 69 68 69 66 65 65 65 65 93 131 130 111 109 117 105 131 162 154 163 162 146 114 84 110 144 164 132 135 127 109 110 96 95 83 71 69 43 31 33 35 56 54 46 35 33 27 28 19 29 21 15 24 15 15 12 13 16 20 18 11 9 10 9 9 10 12 13 14 17 15 23 17 22 24 24 22 21 20 18 13 17 12 8 8 9 13 14
193 208 199 185 145 126 103 87 78 73 69 66 63 62 63 62 63 92 106 83 82 79 73 118 147 161 136 107 90 87 112 111 106 82 100 123 123 135 120 114 105 107 101 90 89 75 45 33 30 32 39 46 42 43 33 37 31 30 27 18 22 28 27 19 21 23 14 11 10 16 21 14 11 9 10 10 10 10 12 14 15 17 19 23 23 21 21 21 20 19 14 8 6 5 12 17
212 230 207 213 201 187 153 128 109 75 66 67 63 61 62 62 64 71 66 68 100 123 106 89 81 91 86 115 109 124 160 151 157 134 91 112 142 147 143 115 111 114 114 100 83 86 65 44 33 47 27 29 24 38 33 31 42 45 25 28 20 30 20 19 28 30 17 14 12 12 20 24 21 13 10 10 8 8 9 8 12 13 15 15 19 15 15 15 20 21 17 12 6 6 12 12
211 195 156 161 159 155 117 97 74 78 77 66 69 63 61 62 62 63 61 61 69 82 103 121 130 128 125 138 152 152 137 120 133 148 114 143 111 114 121 118 117 117 85 66 52 82 65 36 54 62 48 46 33 28 28 33 37 41 32 23 22 30 27 26 21 24 22 20 20 15 11 16 27 27 24 21 19 16 10 8 7 9 10 11 10 12 10 10 16 19 21 16 12 10 18 15
177 172 137 96 102 94 110 127 81 80 76 73 69 66 63 61 61 59 59 59 62 60 82 88 134 135 141 157 151 129 107 146 166 159 140 144 137 136 120 86 112 118 88 102 80 57 50 33 49 73 63 61 54 48 42 44 52 51 50 42 40 38 23 27 32 26 29 25 19 18 14 20 26 25 21 26 19 24 17 14 9 9 8 7 7 8 7 9 11 14 17 20 18 16 16 12
92 100 110 141 151 93 141 133 122 100 79 79 74 66 64 60 59 59 59 58 59 56 81 100 98 125 132 142 153 130 95 108 141 151 146 117 125 123 77 128 103 121 116 107 101 77 60 37 41 66 64 61 62 62 61 55 45 51 49 56 48 51 42 35 45 42 36 26 32 21 18 18 26 34 24 13 12 10 12 18 23 14 9 10 8 7 7 7 9 10 14 19 20 20 18 17
135 105 94 122 161 100 141 159 122 102 93 82 76 69 63 62 60 57 57 56 57 68 94 83 91 103 103 118 142 148 132 84 115 106 109 112 112 123 83 93 99 102 113 91 80 66 67 39 43 56 47 43 37 38 53 51 33 32 44 37 31 30 42 44 49 49 39 35 32 29 27 26 24 25 32 28 21 11 11 16 26 23 15 13 16 9 7 7 7 8 11 12 16 19 20 17
155 127 118 114 150 121 137 178 178 147 94 89 82 73 69 65 66 62 56 56 56 56 56 57 67 73 82 105 124 134 143 117 73 115 141 141 126 121 102 119 110 98 102 102 101 85 86 60 73 73 69 64 53 51 45 42 49 30 43 62 57 46 44 40 50 57 53 51 45 28 39 39 31 35 36 25 19 12 16 20 23 25 21 18 16 12 9 7 7 7 8 13 9 15 18 21
163 170 131 153 166 161 156 163 178 153 119 105 107 81 70 72 72 68 62 58 56 54 53 57 66 89 84 93 106 117 123 129 93 125 147 146 106 77 134 133 129 107 99 97 95 97 96 91 88 83 82 75 63 68 73 71 55 35 39 41 59 62 39 41 51 54 51 53 49 38 38 41 26 33 37 26 12 11 16 13 16 24 29 30 23 18 15 9 8 7 7 10 8 13 19 21
152 152 147 138 121 111 97 134 161 172 168 136 125 97 79 78 78 71 67 60 58 58 54 54 57 88 85 71 77 93 112 93 103 124 144 123 128 71 92 99 116 109 99 100 104 92 86 83 90 74 56 73 78 75 63 55 38 69 64 56 59 57 53 42 38 38 44 57 52 45 33 41 33 25 25 25 21 16 11 25 15 15 18 28 31 21 12 15 13 9 6 8 10 13 15 23
133 108 118 93 83 96 119 119 113 156 177 168 112 99 89 84 81 78 72 69 64 61 56 55 54 55 60 62 81 99 74 79 113 129 138 118 95 69 115 108 118 99 118 105 100 96 91 90 85 64 47 64 64 78 61 59 42 65 73 67 63 64 50 43 30 31 43 37 22 27 22 22 26 21 21 17 16 19 15 20 29 20 15 16 26 29 24 18 19 11 7 7 8 13 18 23
97 116 85 83 104 112 124 88 113 125 167 149 119 103 95 88 85 82 76 75 70 62 58 57 57 53 57 84 83 89 70 74 97 111 130 134 116 71 80 105 109 105 90 85 109 106 100 84 55 71 70 60 70 76 59 60 64 50 63 72 76 72 63 51 46 39 28 45 41 27 27 35 32 35 40 25 27 21 13 22 34 26 20 17 23 24 29 21 11 8 9 7 7 11 19 18
80 86 82 77 89 86 97 75 80 92 133 160 133 110 104 96 94 91 86 76 70 65 61 56 53 53 54 60 68 75 71 65 83 101 111 132 120 101 59 115 109 100 109 88 64 94 102 95 93 91 89 90 81 78 73 78 79 57 60 78 82 76 61 63 38 39 30 27 33 30 27 33 51 41 43 34 36 22 16 29 36 27 18 24 23 25 21 25 14 11 13 10 8 8 11 17
78 69 68 65 67 78 67 81 94 102 134 153 147 130 114 106 102 93 85 80 72 67 65 62 56 56 56 55 56 60 70 81 98 89 100 116 134 106 63 79 84 106 98 105 88 64 96 96 79 74 69 70 81 92 88 87 63 69 69 82 85 83 77 71 51 45 39 43 26 26 47 22 44 54 54 41 46 42 27 19 39 41 25 27 31 31 26 23 25 21 10 9 14 8 8 11
75 76 67 80 73 71 68 88 91 119 123 146 158 139 137 118 114 103 99 90 82 80 76 70 63 59 56 56 56 62 69 63 61 66 100 115 125 122 109 72 67 88 78 106 105 76 74 102 83 69 95 91 93 91 82 89 78 73 77 84 88 88 82 78 66 55 48 58 36 22 35 36 50 54 50 42 39 38 28 15 31 40 24 33 36 40 38 29 24 17 10 9 20 18 11 8
65 67 67 69 73 91 77 66 72 113 91 111 130 154 160 162 133 117 108 96 91 89 82 74 68 62 58 56 55 54 61 54 66 99 93 105 123 111 77 67 70 53 79 99 89 64 82 88 100 98 99 94 78 65 82 96 89 88 69 74 90 83 80 83 81 73 67 69 47 35 30 21 33 59 55 54 52 41 24 23 17 34 42 30 39 44 42 34 26 16 11 19 16 30 20 13
62 65 60 63 59 71 72 61 73 103 92 96 118 128 143 124 111 120 106 103 95 88 81 72 67 66 61 57 58 60 68 84 85 87 88 108 121 118 102 114 111 60 55 62 66 85 110 110 104 88 74 69 75 82 92 100 93 77 87 73 85 88 72 77 80 79 64 75 66 48 34 34 19 37 53 31 53 53 46 31 18 25 40 41 24 42 45 40 30 18 10 20 24 32 31 21
64 73 74 74 62 56 56 65 69 71 77 81 89 116 125 141 134 132 125 106 109 92 78 78 81 71 70 63 58 62 70 65 74 90 77 76 95 126 118 103 113 68 54 76 100 100 94 108 107 98 107 102 97 86 100 97 108 105 96 66 96 85 75 80 68 64 58 67 73 72 69 51 30 30 62 38 31 53 57 44 31 24 21 20 19 28 42 45 35 24 16 12 14 21 30 30
72 60 66 65 74 60 64 73 92 81 73 89 101 127 134 139 153 148 154 121 113 111 109 90 85 101 99 75 70 67 70 88 77 68 101 112 113 98 100 93 117 111 93 65 64 77 90 105 90 83 82 100 105 109 102 75 106 101 108 98 96 93 96 89 81 61 43 45 61 78 72 45 28 32 36 53 40 53 62 43 35 39 40 31 20 23 41 47 42 31 22 23 17 26 34 35
62 64 60 58 60 70 72 70 75 60 69 85 102 128 143 138 151 160 160 156 149 132 136 120 104 98 121 116 110 113 86 70 91 92 86 105 118 118 73 86 103 106 98 71 70 91 76 68 90 100 94 80 93 83 79 78 95 95 100 102 109 101 84 79 67 77 65 45 54 59 39 25 24 57 61 52 57 37 60 59 49 47 40 35 24 22 32 48 47 40 32 27 35 35 34 31
60 60 70 62 61 62 77 60 72 57 66 76 87 131 137 141 153 145 145 162 168 169 170 175 162 139 119 142 117 90 123 102 84 84 90 98 100 80 73 69 97 95 68 85 55 50 76 81 93 100 109 104 100 96 100 69 108 85 95 104 94 111 97 80 96 87 89 66 47 39 32 42 54 60 57 65 44 47 42 62 57 59 55 47 34 20 28 47 50 45 39 35 26 41 41 36
