Artocarpus heterophyllus SDM files/Last glacial maximum/Environmental layers/bio17.asc
ncols  625
nrows  721
xllcorner  69.958333335383
yllcorner  5.95833333415099
cellsize 0.041666666667
NODATA_value  -9999
[rows 61 to 121 of 721, columns 192 to 287 of 625]
18 27 36 30 16 11 17 23 32 29 27 29 22 18 19 16 19 15 12 6 9 11 12 15 12 8 11 9 4 6 9 6 9 10 9 7 3 6 5 2 1 1 1 1 2 3 2 2 1 1 1 3 3 3 1 0 1 0 0 0 0 1 2 3 3 3 2 2 3 3 3 2 2 2 2 2 3 3 2 2 3 2 2 2 2 2 2 2 3 3 3 3 2 2 2 2
14 22 38 34 22 17 13 13 25 18 21 30 22 25 24 23 22 20 15 11 7 11 17 17 14 11 14 10 7 5 4 4 4 4 4 3 4 4 3 3 2 1 1 2 1 2 3 3 2 2 1 1 1 1 1 2 1 1 1 0 0 0 0 2 3 2 2 2 3 3 2 2 3 3 3 3 2 2 2 2 2 3 3 3 2 3 2 2 3 3 3 2 2 2 2 2
13 18 39 41 35 31 22 14 11 11 20 29 18 27 28 25 24 22 20 16 8 8 15 18 16 16 13 12 8 9 5 9 6 7 6 5 7 3 6 6 4 3 2 3 4 4 4 4 3 4 2 2 1 1 3 2 1 3 2 2 0 0 0 0 0 0 0 0 1 1 2 2 1 1 2 2 2 2 2 3 2 3 2 3 2 2 3 3 3 3 2 2 2 1 2 2
14 15 27 44 43 40 35 28 23 25 11 19 17 21 26 28 26 21 23 21 15 8 7 13 15 17 17 15 10 12 9 11 8 10 7 8 6 6 6 7 4 2 5 5 4 3 3 3 4 5 4 3 3 4 3 0 1 2 2 2 1 0 0 0 0 0 0 0 0 0 2 3 3 2 2 1 0 1 2 3 3 3 2 2 2 2 3 3 3 2 2 2 2 2 2 3
19 15 16 26 28 29 39 34 30 26 19 11 12 10 14 20 26 23 20 23 20 12 5 8 15 18 18 16 14 13 13 13 11 11 11 10 7 8 9 6 4 3 3 6 6 4 2 3 4 4 3 3 5 4 4 3 2 2 2 2 0 2 2 2 2 0 0 0 0 0 0 2 3 3 3 2 2 1 1 1 2 2 2 2 2 2 2 1 0 0 1 2 2 2 3 2
25 22 27 40 42 29 18 14 17 15 24 21 22 15 8 12 16 21 17 22 20 11 5 5 9 15 18 18 16 15 15 15 14 13 13 11 9 10 9 8 5 4 4 2 3 6 2 3 5 3 2 2 3 3 4 4 3 3 3 2 2 0 1 1 1 0 1 1 2 0 1 0 1 2 2 3 3 2 0 0 1 0 0 0 0 0 0 1 0 1 0 1 2 2 2 2
37 31 41 48 48 40 31 27 22 22 31 33 29 22 13 10 8 9 10 17 14 11 8 12 5 7 13 18 18 17 15 15 15 13 13 11 11 11 9 8 7 7 4 3 1 3 2 2 6 4 2 2 2 2 3 2 2 4 3 2 1 0 1 2 2 1 0 0 0 1 2 1 0 0 0 1 1 1 0 0 0 0 0 0 0 1 0 0 1 2 2 1 0 0 1 1
58 44 41 52 53 46 36 32 32 32 42 38 33 24 17 15 15 10 8 8 10 12 19 21 11 5 6 11 16 13 16 12 15 14 13 12 13 12 11 9 7 5 5 5 2 5 6 3 2 2 1 4 5 4 3 1 1 2 2 1 2 2 0 0 2 1 1 1 0 1 1 2 2 1 0 1 1 1 1 0 0 0 0 1 0 1 0 0 0 2 2 2 2 0 0 0
65 54 49 50 49 46 35 20 20 40 45 43 35 19 13 20 18 11 8 8 9 13 21 23 18 10 6 5 7 9 13 13 12 15 13 12 11 13 12 9 6 6 5 6 3 6 7 6 5 4 2 1 1 1 1 1 0 0 0 0 1 1 1 2 0 1 0 0 0 0 0 1 2 2 2 1 2 2 1 0 0 0 0 0 1 1 0 0 0 1 1 1 1 1 0 0
66 66 57 50 43 54 46 26 33 44 48 46 42 25 26 26 17 10 10 17 10 8 14 20 23 19 11 5 5 5 8 10 11 13 13 10 11 11 12 9 9 7 6 6 3 6 8 8 6 5 3 4 1 3 4 3 2 1 0 0 1 1 0 0 0 0 0 0 0 1 0 0 0 2 2 2 2 1 1 1 1 1 2 2 2 1 1 0 1 0 1 1 1 1 0 0
51 61 66 55 52 47 44 21 28 47 51 49 43 33 26 31 19 12 10 13 14 8 11 13 21 23 16 9 5 5 8 10 10 8 10 10 12 12 12 11 9 7 6 3 4 6 8 8 7 5 4 3 2 4 4 3 1 2 1 0 1 0 0 0 0 0 1 1 0 0 1 2 1 0 1 1 1 2 2 2 1 2 2 2 1 1 0 0 1 2 2 2 2 2 2 1
60 39 56 67 60 47 25 21 21 36 52 49 42 40 27 26 28 15 17 20 17 9 8 12 18 24 20 12 6 5 5 7 12 11 6 7 9 12 11 9 10 6 8 5 3 6 8 8 8 6 5 3 5 5 5 3 3 2 2 0 1 0 0 0 1 2 2 0 1 1 1 2 3 2 1 0 1 2 2 2 2 1 1 1 0 1 1 0 0 0 1 2 2 2 2 2
57 45 30 62 69 62 43 23 19 32 51 53 45 37 29 28 34 35 29 24 21 14 8 11 16 24 23 15 8 6 5 5 6 10 10 5 5 6 7 6 8 5 7 4 4 7 8 8 8 7 5 5 5 5 5 4 3 3 3 2 1 2 2 0 0 1 2 1 1 3 2 2 3 3 2 2 1 0 0 0 1 1 0 1 1 2 1 0 0 0 0 1 1 1 1 1
61 66 51 36 63 69 60 30 20 22 49 56 48 45 38 34 38 28 32 28 21 15 11 8 15 23 25 19 10 7 10 5 5 9 9 8 6 4 3 3 4 3 4 3 4 6 7 8 8 8 7 5 5 5 5 5 4 4 2 1 3 2 2 2 2 2 2 3 3 3 3 2 3 3 2 2 1 1 1 0 0 0 0 0 0 2 2 2 0 0 0 0 0 1 0 0
56 77 66 48 31 63 67 36 21 30 46 54 39 37 46 41 43 33 27 26 18 18 18 14 10 20 26 22 12 9 16 9 5 5 7 7 7 6 5 3 6 5 6 3 6 4 3 4 7 7 8 8 7 6 6 5 5 4 3 3 4 3 3 2 2 3 3 3 3 3 3 3 3 3 2 2 2 1 1 1 0 0 1 0 1 1 2 2 1 0 0 0 0 0 1 1
37 47 46 39 43 33 57 51 21 23 47 33 25 20 28 32 43 43 26 20 20 19 14 13 10 14 26 24 12 13 20 14 9 5 6 9 10 7 5 5 5 7 6 3 4 6 7 5 4 6 7 8 7 7 7 5 5 4 4 4 5 4 3 3 2 3 4 3 4 3 4 3 3 3 3 3 2 2 1 1 1 1 0 1 0 0 0 0 0 0 1 0 0 0 2 1
45 55 78 46 73 44 36 49 29 25 48 41 31 19 24 37 46 45 35 29 21 15 12 11 9 12 22 27 12 17 22 21 13 8 5 9 11 10 8 5 6 5 7 4 6 6 6 5 6 4 4 6 5 7 8 7 5 4 5 5 5 4 4 2 3 4 3 4 4 4 4 4 3 3 3 3 2 2 2 1 2 1 0 1 2 2 0 0 0 0 0 0 1 0 1 2
58 68 71 53 70 48 47 44 51 26 58 58 33 17 20 36 51 51 46 39 30 18 20 14 12 14 25 29 14 22 21 24 18 12 8 5 8 8 8 8 8 7 7 6 6 7 7 7 6 4 4 4 5 7 7 8 6 5 5 5 5 4 2 2 3 3 4 4 4 4 4 4 3 3 3 3 3 2 2 1 1 0 0 0 1 3 2 2 2 0 0 0 1 1 0 0
67 82 64 58 76 67 55 62 63 34 44 49 43 22 22 43 53 55 53 49 38 20 20 24 20 18 17 29 21 21 24 26 21 15 11 7 6 9 8 6 9 7 9 8 8 7 5 5 8 7 5 7 5 4 6 6 7 5 4 4 4 1 1 2 4 2 3 3 4 4 4 4 5 3 3 2 2 2 2 2 1 0 0 0 0 2 3 3 2 1 1 0 0 0 1 0
95 86 94 78 78 87 80 50 51 39 53 42 36 23 28 33 55 56 57 53 42 30 30 30 26 27 23 29 24 16 25 26 23 16 13 13 9 5 7 8 6 5 5 6 6 7 7 5 7 6 5 7 6 3 5 6 5 4 3 4 4 1 4 5 5 4 4 3 3 3 3 4 3 3 3 2 2 2 2 2 2 2 1 1 0 0 0 2 2 2 2 1 0 0 0 0
102 100 104 96 85 63 68 57 51 55 60 52 41 32 44 33 51 53 58 56 41 30 24 19 25 34 34 33 25 21 28 29 24 19 15 21 15 9 5 8 7 6 6 5 4 6 8 7 5 4 5 7 4 3 4 5 4 4 3 4 4 2 3 4 3 3 5 4 3 4 4 4 3 3 3 3 3 2 2 2 2 2 2 1 0 0 0 0 2 2 2 2 2 0 0 1
86 97 103 100 99 77 85 59 83 60 64 56 52 48 33 33 46 53 56 57 43 45 35 23 22 35 37 39 37 30 29 30 26 25 21 24 18 13 9 5 8 11 9 6 4 4 6 7 8 7 4 6 5 3 3 5 3 3 2 2 3 3 4 4 1 3 4 4 2 4 4 3 2 2 2 3 3 3 1 0 1 2 3 2 2 1 0 0 0 0 1 2 0 0 0 0
105 82 84 92 85 92 96 84 89 85 79 70 64 55 47 46 35 63 63 61 50 53 38 29 28 26 34 35 36 35 33 31 28 27 28 26 22 18 13 8 6 6 8 9 5 3 3 4 4 4 4 4 4 6 3 3 3 3 2 2 3 2 2 1 2 2 2 2 2 4 4 2 3 4 3 3 3 3 2 0 0 2 3 3 2 2 2 1 0 0 0 1 1 0 0 0
116 116 98 103 104 101 94 100 91 91 81 81 73 58 45 42 37 56 62 64 59 56 44 40 32 44 45 43 40 35 34 31 29 25 24 25 25 21 16 13 9 5 5 7 9 4 3 3 3 3 3 3 3 6 7 6 5 4 3 4 5 5 4 3 5 4 3 2 1 2 2 2 3 4 4 3 3 3 3 1 0 1 2 3 3 3 2 2 2 2 1 0 0 1 0 0
125 115 116 115 108 110 90 92 103 96 83 64 86 68 60 36 34 44 38 65 66 58 57 51 44 32 45 47 40 38 31 22 20 22 21 26 27 25 20 20 14 9 5 5 5 7 4 6 4 3 3 3 4 3 4 7 6 6 5 4 5 5 4 3 5 5 4 4 3 1 1 1 1 2 2 3 3 2 3 3 2 2 2 2 3 3 3 3 3 3 2 1 1 2 0 0
94 103 109 119 106 115 104 93 83 99 76 82 89 64 50 45 33 50 38 48 68 66 63 58 49 40 48 49 35 33 27 19 24 34 30 22 28 29 24 22 22 17 9 5 5 11 11 9 7 3 3 5 6 5 4 4 3 4 3 4 5 5 5 4 3 3 3 3 2 2 2 2 2 0 1 1 1 2 2 3 3 2 2 2 2 2 2 1 2 3 3 2 1 2 3 1
77 82 121 122 92 115 94 108 92 64 88 78 96 76 57 43 33 33 32 54 49 56 63 61 55 44 44 51 32 22 25 18 26 36 34 29 31 31 29 26 26 23 17 9 6 6 8 12 11 7 5 7 9 7 5 7 4 3 3 3 4 4 5 3 3 3 2 1 3 4 4 3 2 2 2 0 1 1 2 3 3 3 3 3 3 2 3 2 2 1 2 3 1 0 1 1
49 80 100 74 121 118 101 83 83 94 75 88 93 86 74 65 61 40 24 43 64 63 64 67 64 51 45 50 36 20 25 35 33 39 38 33 26 32 31 29 28 24 19 15 10 6 6 6 9 12 11 10 9 8 8 8 5 4 3 3 4 5 4 4 4 4 4 2 2 3 5 4 3 3 2 2 1 1 2 2 3 4 3 3 3 2 3 3 2 1 0 0 1 0 0 0
81 51 70 96 111 125 113 67 73 71 70 95 94 82 84 83 60 37 27 40 69 64 44 67 67 58 43 36 28 18 27 31 31 28 33 28 23 24 29 31 31 27 24 23 17 10 6 6 6 7 11 13 12 11 10 9 8 6 5 3 6 6 6 5 3 3 3 3 2 2 4 3 4 4 4 4 3 2 2 2 3 4 4 3 3 3 3 3 2 2 2 1 2 2 1 0
71 56 48 97 102 103 125 88 76 105 97 99 88 84 72 52 45 28 26 51 78 52 49 73 68 57 44 35 21 18 22 20 20 18 24 23 33 29 23 29 33 30 30 25 23 17 9 6 6 6 13 15 14 12 11 11 12 10 7 4 7 7 6 5 5 3 3 3 3 3 3 3 3 4 3 3 5 3 2 3 2 3 4 3 3 3 3 3 3 3 3 3 3 2 2 1
106 117 56 64 101 69 122 79 92 112 112 107 87 59 73 79 61 46 63 35 62 48 61 74 65 49 42 35 24 19 31 37 22 32 20 21 21 27 28 25 35 33 33 30 26 20 13 6 6 6 9 16 16 14 10 9 11 11 8 6 6 8 8 7 6 4 3 3 3 3 3 3 3 3 3 3 4 5 3 2 3 2 2 2 2 3 3 3 3 3 3 3 3 2 2 1
106 89 75 71 56 66 66 78 116 93 107 113 96 83 46 81 67 71 53 38 46 50 76 69 56 48 39 33 21 21 24 34 39 30 32 30 23 32 25 24 32 34 36 33 29 24 18 10 6 6 6 14 18 16 11 8 10 14 10 7 6 4 7 8 5 5 5 3 3 3 3 3 3 3 3 3 3 4 3 3 4 3 3 3 3 3 3 3 3 2 2 3 1 0 0 1
103 137 127 110 76 50 111 128 109 66 64 91 94 65 61 48 72 54 57 80 76 78 71 68 57 50 33 49 41 37 32 20 38 41 38 37 23 38 33 28 26 35 38 36 33 29 24 16 9 6 6 12 18 18 13 9 13 15 12 7 9 6 5 8 8 6 5 4 3 3 3 3 3 3 3 3 3 3 3 2 4 5 3 3 4 3 3 3 3 2 2 1 0 2 1 3
107 89 119 97 89 75 62 95 62 67 61 41 51 40 41 33 49 71 79 89 76 78 80 70 58 42 38 61 60 39 28 20 26 32 32 28 38 40 34 39 24 34 40 40 36 31 27 21 14 9 6 10 18 20 17 15 17 17 13 9 9 9 7 7 10 7 6 3 4 4 3 3 3 3 4 5 4 3 3 2 3 4 5 4 4 4 3 3 3 3 2 2 0 1 0 1
105 95 67 115 101 101 74 55 80 85 106 71 49 57 42 39 79 106 96 89 87 78 85 72 62 41 63 50 68 55 34 20 21 22 28 35 40 32 40 40 25 30 39 42 41 36 32 26 24 14 9 7 12 17 19 20 20 18 15 12 13 13 8 8 11 9 7 5 4 4 3 4 3 3 3 4 5 4 5 4 2 3 4 4 5 3 3 5 3 3 3 2 1 1 0 0
138 125 89 131 134 130 98 90 102 107 96 102 83 76 48 44 99 108 102 99 95 95 87 71 57 56 45 67 61 60 44 25 25 36 26 36 27 34 30 35 34 36 39 43 44 41 37 31 26 20 14 9 8 11 18 21 20 20 18 16 15 14 9 7 11 12 10 7 4 4 4 4 3 3 3 4 5 5 5 4 4 3 4 3 3 3 3 5 5 3 3 2 2 2 3 2
133 84 134 99 143 135 119 129 126 120 116 115 94 72 57 49 110 112 103 96 95 91 92 86 77 69 60 65 61 58 51 26 37 38 28 28 29 32 30 45 38 38 40 40 44 45 41 37 31 26 20 14 9 13 16 19 21 19 20 19 18 15 11 8 9 12 10 7 4 5 3 3 3 3 5 4 5 6 6 4 3 3 5 3 3 3 5 4 5 3 3 3 3 3 3 3
150 103 152 118 114 136 111 121 134 119 118 122 97 70 50 44 94 117 107 107 103 88 78 96 95 90 75 58 62 43 63 47 27 35 25 23 35 26 29 39 35 34 32 36 43 47 45 41 38 34 25 16 13 10 18 17 18 18 21 20 20 17 15 11 8 8 9 7 5 5 5 5 4 5 7 5 4 4 4 4 5 3 4 5 3 3 3 4 5 4 3 3 3 3 3 3
122 117 159 138 135 147 127 134 121 108 116 126 117 98 71 42 88 98 80 99 103 54 68 83 85 76 86 66 40 52 39 54 33 33 50 41 41 24 32 44 31 42 42 40 43 47 45 44 40 39 34 26 23 14 11 19 16 16 23 23 21 20 18 14 11 9 7 6 6 6 6 6 6 6 8 6 5 3 4 7 6 5 4 5 3 3 4 4 4 5 4 3 3 3 4 5
142 148 154 146 107 137 145 138 123 106 72 95 114 92 75 84 45 68 47 43 41 41 45 67 66 85 83 60 54 62 56 37 43 31 60 35 28 24 35 30 46 52 53 42 44 51 51 44 35 24 28 36 31 21 10 9 12 19 23 25 23 22 21 18 15 13 10 8 9 8 7 9 7 6 6 5 6 3 6 7 7 6 6 5 3 4 4 6 4 3 3 3 3 5 6 5
158 166 165 150 128 97 112 145 143 124 88 53 73 120 83 67 55 114 84 54 50 44 52 63 67 70 84 76 66 66 47 52 38 29 56 44 26 23 32 38 46 51 54 46 42 47 55 50 45 36 36 33 35 26 18 9 9 14 20 25 24 23 22 21 19 15 12 11 10 9 8 7 6 6 5 3 6 3 4 7 9 8 8 5 4 4 4 5 5 5 5 3 4 4 4 3
134 162 158 153 128 113 90 99 146 139 137 110 72 74 53 60 78 93 110 78 71 59 40 45 92 85 81 73 62 75 47 45 41 33 56 53 31 24 26 35 46 47 45 48 41 42 52 57 50 46 37 34 30 23 18 12 9 10 15 26 27 25 24 23 20 19 16 12 11 12 9 6 8 8 7 7 4 6 7 7 8 9 8 6 5 4 5 7 4 4 4 3 5 5 5 3
138 152 157 156 147 147 140 103 112 98 123 75 78 66 99 98 92 106 112 104 93 71 51 45 80 44 40 43 37 53 42 34 32 33 45 54 37 41 27 31 35 37 29 36 37 40 49 60 57 51 45 43 41 28 23 18 11 12 16 25 29 27 26 23 22 21 19 18 15 11 8 7 10 10 10 8 6 5 8 8 8 8 9 9 6 5 6 5 5 3 4 4 3 3 4 5
167 112 169 159 140 130 116 97 116 91 71 54 77 69 86 103 120 114 118 117 104 85 84 51 41 42 64 66 88 47 58 28 34 38 52 38 29 40 41 32 31 26 25 36 52 44 52 60 62 57 50 39 39 37 27 22 13 14 18 23 25 26 29 26 26 23 23 19 17 13 11 9 11 9 13 12 10 6 5 7 9 7 9 11 7 6 8 6 5 5 5 6 5 3 5 5
152 103 138 162 160 150 118 93 71 75 94 56 106 123 101 77 83 87 100 98 116 101 74 77 63 40 43 75 73 75 63 47 50 31 36 38 35 38 52 47 48 37 25 31 44 50 47 57 62 63 57 52 46 40 36 31 23 15 15 24 25 30 30 29 28 26 24 21 18 17 14 12 11 10 12 14 13 8 5 8 9 7 8 9 9 9 9 6 6 5 7 8 5 5 5 6
71 92 119 152 136 151 105 59 112 78 71 59 67 126 122 108 103 113 109 109 113 120 104 75 90 75 39 85 102 87 80 75 45 47 42 29 44 42 44 40 30 32 32 33 36 49 51 54 56 62 64 60 53 45 41 32 28 19 14 17 14 22 28 23 24 29 27 25 23 20 19 17 14 14 12 12 11 9 6 8 11 10 10 8 11 11 11 10 8 7 7 6 5 6 7 8
93 71 69 75 70 101 95 56 103 134 110 94 70 94 128 131 129 127 123 108 100 95 111 92 61 59 61 69 100 103 70 63 45 61 54 38 29 32 42 38 29 33 35 33 31 37 38 47 54 60 65 65 60 53 45 39 37 28 17 23 20 19 19 17 20 28 29 26 24 21 20 17 18 17 16 14 9 9 7 6 9 13 13 11 12 12 10 11 9 8 7 7 8 6 8 7
126 100 96 97 85 62 100 113 124 123 126 106 101 79 102 100 116 123 131 128 116 100 113 77 62 90 100 81 86 97 57 72 84 66 49 38 32 35 29 40 26 22 23 24 24 26 24 40 51 54 59 64 62 60 56 51 45 33 25 16 20 20 28 23 17 30 30 28 26 24 23 19 18 17 15 15 16 14 11 8 7 11 10 13 14 12 9 12 12 10 9 9 9 8 12 10
138 129 138 133 101 81 83 117 134 136 134 123 124 97 74 103 118 106 101 121 119 117 83 107 87 106 110 102 116 99 70 99 105 83 66 53 39 40 34 43 32 29 27 32 36 33 23 39 60 60 58 58 61 63 61 53 42 36 39 27 21 19 29 34 30 26 33 29 30 27 27 24 23 19 16 15 15 16 14 15 10 9 8 9 14 13 12 9 11 13 14 12 11 10 13 11
156 154 154 152 139 123 98 100 90 94 133 135 129 120 107 108 91 106 120 113 96 84 84 106 121 106 106 107 128 115 100 107 106 93 78 64 59 49 50 52 41 41 36 36 38 25 27 25 45 59 61 59 59 64 63 58 45 39 47 42 30 19 22 39 37 24 28 30 30 29 27 24 24 21 20 19 14 9 18 19 14 12 10 12 8 10 9 10 12 12 14 14 10 9 12 13
163 159 140 138 145 135 130 131 122 99 89 97 104 130 126 123 113 117 132 125 122 107 107 119 134 127 90 130 128 136 121 92 106 99 75 57 72 58 64 57 52 52 51 37 28 33 27 26 26 42 46 57 64 65 68 62 55 54 50 45 42 22 25 30 39 38 32 32 31 27 28 27 26 26 22 19 15 12 13 20 17 16 11 16 11 11 9 10 11 15 13 15 12 9 9 9
144 130 145 151 152 144 140 140 128 120 118 101 98 95 131 128 130 136 128 129 122 127 131 117 132 136 101 115 125 129 130 94 111 109 82 63 82 62 67 63 58 60 43 46 47 41 30 33 25 31 45 60 64 60 68 70 63 56 53 47 43 29 22 30 24 30 38 37 33 29 29 30 28 28 25 22 22 17 13 21 20 18 15 18 13 11 12 10 11 15 15 15 14 10 7 10
115 123 138 123 111 124 127 134 138 135 127 117 114 114 98 97 94 107 137 127 125 120 138 133 106 125 130 105 138 131 121 106 105 127 94 81 84 70 69 75 68 55 55 58 53 46 36 36 33 26 36 51 43 61 71 75 71 65 60 53 52 45 33 20 28 17 30 38 36 33 31 30 32 29 27 26 22 22 17 16 23 21 18 19 17 12 16 12 14 12 14 16 12 10 14 14
129 133 131 108 142 145 144 142 137 133 133 135 130 130 126 124 118 97 134 139 144 134 108 146 133 97 131 122 143 131 135 134 109 116 100 101 85 79 76 71 62 70 72 56 50 47 47 37 48 34 33 29 51 49 61 72 71 69 66 59 48 54 52 32 26 28 20 26 35 36 35 31 33 27 29 28 27 23 19 18 20 19 21 19 16 15 18 15 17 16 16 15 16 14 12 16
147 126 88 127 123 137 121 146 137 134 132 140 136 136 130 125 130 133 133 139 144 131 108 120 144 112 123 122 142 113 133 117 116 114 101 114 116 106 86 87 80 76 77 75 62 57 58 45 56 47 41 29 36 50 49 63 57 67 59 61 60 49 43 31 18 26 23 17 18 25 30 33 35 30 29 28 27 25 25 22 22 21 23 22 17 21 20 19 17 16 19 19 16 16 15 12
157 138 107 96 121 137 106 110 141 136 129 139 126 129 130 129 113 115 140 145 137 139 129 90 143 142 96 121 141 101 135 138 132 126 121 106 103 93 87 97 99 86 104 88 77 67 60 54 57 53 39 47 34 35 29 43 54 54 58 58 64 53 45 39 17 16 16 23 22 23 24 26 30 32 33 31 29 28 26 24 25 23 24 23 20 23 20 19 19 18 15 23 20 20 19 15
130 138 95 114 115 94 97 110 91 98 98 125 134 126 123 113 124 138 133 151 143 151 144 123 106 97 101 101 85 99 107 121 124 128 130 112 134 118 98 99 118 90 107 100 84 77 74 69 64 51 58 41 45 36 37 41 30 39 43 59 62 51 32 29 21 18 18 16 16 19 23 24 23 25 32 32 30 29 28 22 23 26 24 25 25 25 22 24 22 20 20 18 17 15 20 22
96 108 92 69 90 83 84 97 122 128 128 127 124 121 122 109 111 96 121 119 123 125 130 101 123 126 116 133 117 114 107 119 118 127 138 132 139 126 115 111 135 102 105 101 90 87 79 78 66 71 57 63 51 46 61 41 39 32 33 37 40 31 23 38 30 26 35 31 24 15 18 25 22 22 25 30 31 31 30 25 28 26 26 26 26 23 23 25 25 24 24 22 20 18 22 20
105 71 69 104 128 131 132 135 136 135 136 142 136 125 120 123 128 106 98 91 96 76 96 126 135 140 135 135 129 130 119 119 132 118 141 152 153 143 127 123 131 116 112 116 116 110 95 89 79 78 63 61 61 43 62 64 52 35 40 37 42 30 36 39 38 36 36 42 34 24 17 15 22 28 22 27 26 28 29 29 29 28 28 25 28 23 27 22 28 27 24 26 26 23 23 20
69 65 76 103 119 119 118 125 136 135 124 114 137 136 132 132 114 88 139 141 122 105 88 85 98 96 141 139 143 145 130 119 131 118 116 153 160 157 143 143 127 137 135 135 130 128 109 89 82 85 68 88 72 55 51 55 51 37 48 41 58 47 42 31 22 28 44 31 28 29 27 15 15 23 25 27 19 15 17 20 27 29 29 29 29 27 29 21 24 26 27 27 26 27 25 22
87 85 92 90 99 108 103 121 116 124 93 116 135 142 144 142 117 99 136 139 131 118 103 105 127 105 99 143 144 142 145 142 127 150 136 121 166 161 158 142 135 127 136 141 125 135 140 116 97 99 85 86 88 64 68 50 34 48 45 47 51 57 50 36 21 20 31 39 31 24 30 23 13 16 20 15 15 13 12 12 15 23 27 29 24 30 30 26 21 22 28 30 27 29 27 25
