Artocarpus heterophyllus SDM files/Last glacial maximum/Environmental layers/bio19.asc
ncols  625
nrows  721
xllcorner  69.958333335383
yllcorner  5.95833333415099
cellsize 0.041666666667
NODATA_value  -9999
[rows 116 to 173 of 721, columns 288 to 383 of 625]
25 25 23 20 19 18 12 20 24 23 19 20 16 12 10 13 16 10 7 8 7 7 6 5 9 10 10 8 5 9 5 3 3 5 7 7 6 6 5 4 5 5 4 3 3 3 3 1 0 0 0 0 0 0 0 0 0 0 2 2 1 1 0 1 3 3 2 1 2 1 1 2 3 2 3 3 3 3 2 2 2 3 2 1 2 1 2 2 2 1 2 2 2 2 2 2
28 26 22 22 23 20 13 15 25 25 22 21 19 16 11 13 19 16 10 8 8 10 7 8 8 8 9 7 7 9 6 3 3 5 8 8 8 7 5 5 4 3 3 2 4 3 3 2 1 0 0 0 0 0 0 1 2 2 2 3 3 2 0 1 2 2 2 0 0 2 0 3 1 2 2 2 2 2 0 1 1 2 0 0 0 1 1 2 3 2 2 2 2 2 3 2
29 29 30 27 26 19 14 14 22 27 26 22 24 21 16 14 16 19 15 9 9 10 9 10 11 9 9 9 9 8 6 3 3 6 8 9 8 8 6 5 3 5 4 3 3 4 3 3 2 2 2 2 2 0 1 2 3 3 3 3 3 2 0 0 2 3 3 2 0 1 0 1 0 0 2 0 0 0 0 0 0 0 0 0 0 0 0 1 1 2 2 2 2 3 2 2
25 23 23 20 20 16 17 22 20 29 29 28 26 24 21 17 16 20 20 13 11 14 14 14 14 11 10 9 12 10 7 5 5 6 9 10 10 8 6 5 5 6 6 4 5 5 3 3 2 2 2 3 3 2 2 2 3 3 3 3 2 2 0 0 2 3 3 2 1 3 2 1 1 1 2 1 0 0 0 0 0 0 0 0 0 0 1 1 0 0 0 0 1 2 2 2
23 23 30 25 22 16 16 21 24 26 31 31 29 25 27 22 20 19 19 18 15 14 15 15 16 14 11 11 12 8 6 5 5 6 10 11 11 8 5 4 7 7 7 5 5 5 3 3 3 2 2 2 2 2 2 3 3 3 3 2 2 1 0 0 2 3 3 2 2 2 3 3 2 2 2 1 0 0 0 0 0 0 0 0 0 0 0 0 0 0 0 0 0 0 0 0
30 29 29 27 27 21 19 17 28 25 29 30 32 32 29 28 24 22 21 22 22 20 20 20 18 16 15 14 9 6 6 8 6 6 11 11 10 6 4 4 6 8 7 7 6 6 6 5 3 2 2 2 1 1 2 3 3 3 3 2 2 2 0 1 1 2 3 3 3 2 3 2 2 2 2 1 2 2 2 0 0 0 0 0 0 0 0 0 0 0 0 0 0 0 0 0
35 35 34 32 27 27 27 20 23 31 25 23 28 31 31 30 29 27 23 24 21 20 23 23 20 15 13 12 9 8 8 8 9 9 14 11 9 5 5 5 5 6 7 5 5 7 7 5 5 3 3 2 2 2 2 3 3 3 3 2 2 3 2 2 0 0 1 2 2 3 3 3 3 1 0 0 0 1 2 1 0 0 0 0 0 0 0 0 0 0 0 0 0 0 1 1
37 39 38 35 33 32 30 25 23 33 37 30 19 30 31 30 31 31 25 22 23 18 19 24 23 21 16 16 13 12 14 13 13 14 13 10 7 5 5 7 7 6 5 4 6 7 5 6 5 3 3 3 2 2 3 3 3 3 3 2 1 2 2 2 0 1 0 2 1 2 3 3 3 2 1 0 2 2 2 2 1 2 1 0 0 0 0 1 1 0 0 0 0 0 2 3
35 40 41 40 40 40 35 31 28 28 37 32 24 31 32 33 35 33 30 26 23 20 15 22 25 24 23 21 18 16 19 18 16 16 14 12 7 5 5 6 7 9 7 6 8 8 6 5 5 4 3 3 3 2 2 3 3 2 2 2 2 2 2 1 2 2 0 0 0 1 2 0 1 2 2 1 0 2 3 2 1 1 2 2 2 1 0 0 1 0 1 0 0 0 2 2
42 43 43 44 43 43 42 36 34 32 31 33 35 38 38 36 34 33 35 32 30 26 20 15 22 24 22 20 22 14 19 20 18 15 13 12 8 6 8 10 9 9 8 7 10 9 7 6 4 4 5 5 3 3 2 2 2 2 2 2 2 3 2 2 2 3 2 1 0 1 1 0 0 0 2 2 0 0 2 0 1 2 2 2 3 2 1 1 2 2 0 0 0 0 0 1
31 28 29 39 44 46 45 44 42 41 38 28 37 42 40 40 38 35 36 34 34 30 23 19 18 15 13 12 22 12 18 22 20 17 15 11 9 6 10 9 11 11 8 6 10 10 8 5 5 5 6 6 5 3 3 2 2 2 2 2 2 3 3 2 2 2 2 2 2 1 0 0 0 0 2 2 2 0 2 2 2 2 3 3 3 3 3 1 0 0 1 0 1 0 0 0
21 25 18 22 32 44 46 47 45 43 38 31 28 35 39 42 41 36 36 39 36 33 28 31 26 16 14 12 22 13 20 23 21 20 15 12 9 7 13 9 10 13 8 6 7 11 10 8 6 6 7 7 6 5 3 3 3 3 3 3 3 4 3 3 3 2 2 3 2 2 1 1 0 0 2 1 1 1 0 1 2 2 2 2 3 3 3 2 0 0 0 0 2 2 2 2
26 26 21 17 18 23 32 38 43 45 45 42 45 31 31 41 43 31 39 41 39 32 36 35 28 21 18 18 27 15 22 24 22 21 18 14 10 9 13 9 10 13 8 6 6 10 10 9 7 7 8 8 6 5 4 3 3 3 3 3 4 5 3 3 3 3 3 3 3 3 2 2 1 2 3 1 2 3 1 0 0 0 0 1 2 2 2 2 2 2 2 0 0 1 2 2
42 45 39 32 22 17 19 22 26 35 35 37 33 32 39 43 35 31 37 38 35 32 40 36 29 25 21 29 25 15 21 25 24 21 20 16 13 11 16 12 11 13 7 8 10 10 8 7 8 8 8 8 6 6 5 3 3 3 3 4 5 5 5 3 3 3 3 3 3 2 2 2 3 2 2 1 2 3 1 2 2 1 0 0 0 0 1 1 2 1 2 2 2 2 2 3
52 47 50 45 37 31 24 20 28 36 48 44 39 34 33 41 38 31 41 39 32 39 42 39 35 31 33 32 23 19 25 27 25 22 22 20 17 14 19 15 14 14 10 13 13 11 10 8 6 8 10 8 8 7 6 5 3 3 4 4 6 5 5 5 4 3 3 3 3 3 3 3 3 3 3 2 1 1 2 3 2 2 1 1 0 0 0 0 0 0 0 1 1 1 0 0
57 56 56 55 52 46 44 34 44 44 48 49 38 45 43 28 48 45 43 44 42 42 44 43 41 38 36 32 21 23 22 29 27 25 25 23 21 18 20 17 15 13 12 16 14 13 11 9 8 8 10 9 8 8 7 5 5 3 4 5 6 5 6 5 5 4 3 3 3 3 3 3 3 3 4 3 1 1 3 3 2 2 1 1 0 0 1 0 0 0 0 0 0 0 0 1
48 50 47 48 53 57 52 39 32 36 47 41 37 44 33 28 32 38 39 38 34 35 41 42 43 41 38 32 20 26 26 25 25 25 25 24 21 20 21 18 14 15 16 17 15 14 12 11 8 8 8 10 8 7 7 6 5 3 3 6 6 6 7 6 5 5 4 5 3 3 3 3 3 3 3 3 2 2 2 3 3 2 2 2 1 1 0 0 1 0 0 0 0 0 0 0
45 49 47 46 43 42 46 49 38 33 32 26 34 36 42 42 24 26 22 26 28 25 29 40 41 41 40 29 20 26 19 25 16 17 20 21 17 22 17 20 13 14 19 17 17 15 14 12 10 8 8 10 10 8 6 8 6 5 3 6 6 6 7 6 6 6 6 5 5 3 3 4 5 3 3 3 3 2 2 3 3 2 2 1 2 1 2 2 1 1 2 2 1 0 0 1
49 56 50 42 47 46 40 35 39 31 31 35 35 27 26 42 27 27 23 27 26 19 21 28 33 36 37 23 23 24 16 14 14 13 13 15 16 17 17 22 17 17 18 18 17 15 15 12 12 9 8 10 11 10 8 8 7 6 3 5 8 8 8 6 6 6 7 7 5 5 4 5 3 3 3 3 5 3 3 4 3 2 2 2 3 2 3 2 2 2 2 2 1 0 0 2
65 66 63 60 65 52 48 40 47 40 45 52 39 27 23 24 25 23 22 22 22 18 18 19 23 27 27 33 33 31 21 14 11 11 11 11 11 17 21 21 20 19 18 19 18 15 17 16 13 11 9 11 11 10 7 5 8 7 3 4 7 8 8 7 6 4 5 7 7 6 5 5 4 5 3 3 3 3 4 4 3 3 3 3 3 3 2 2 2 2 3 3 2 1 0 2
73 74 64 74 69 62 55 47 53 48 54 49 37 37 33 38 32 26 21 20 22 19 19 17 18 19 22 34 31 29 17 22 14 10 11 10 11 12 15 18 19 17 18 20 19 17 17 15 16 13 12 13 11 10 8 7 4 6 6 3 4 8 8 8 8 6 3 5 8 7 6 7 6 5 4 3 3 5 6 5 3 3 3 3 3 3 3 3 2 2 3 3 2 1 0 2
67 69 60 80 71 63 60 55 53 51 51 45 52 54 46 27 29 33 26 21 20 22 29 17 18 18 30 39 37 31 19 22 22 12 11 15 12 11 10 13 15 19 19 19 17 19 18 16 17 15 14 14 13 11 10 8 5 6 10 7 3 4 8 8 8 8 6 3 7 8 8 7 7 6 5 4 3 5 6 4 3 4 3 3 3 3 3 3 3 3 3 3 3 1 2 1
54 66 76 84 78 73 65 62 62 63 58 48 40 35 29 36 38 43 46 28 27 24 21 18 17 17 30 35 31 26 25 15 16 24 18 16 21 16 9 9 11 16 18 19 16 18 17 15 16 15 15 14 14 11 10 8 9 8 11 10 5 3 6 8 8 11 8 5 5 8 8 8 7 7 5 5 4 5 7 5 4 5 5 3 3 3 4 4 3 3 3 2 2 2 2 2
65 47 84 89 88 82 73 66 60 61 47 45 54 55 49 40 35 31 33 33 28 30 20 19 18 17 18 18 19 16 15 14 21 27 23 16 22 22 14 13 10 12 12 12 15 18 17 13 14 16 15 16 14 12 10 9 12 12 11 10 8 3 7 7 9 11 10 7 5 7 9 9 9 8 7 6 6 5 7 6 5 5 5 4 3 3 5 5 5 4 3 2 2 2 3 2
84 62 73 84 89 86 77 76 81 66 46 69 67 65 54 48 55 45 31 38 24 25 23 21 23 31 27 16 14 14 14 14 16 24 20 17 19 20 12 12 9 8 8 9 11 13 14 17 12 15 16 17 14 14 10 12 14 13 12 10 9 5 5 10 10 11 11 8 5 7 10 8 9 11 10 8 7 6 7 7 6 5 5 6 5 4 4 4 5 3 3 3 3 4 3 2
75 62 84 92 94 87 83 73 76 69 70 80 75 68 60 59 59 48 47 37 36 29 29 22 20 17 31 27 19 15 14 14 14 13 13 24 23 16 21 20 15 13 9 8 8 8 9 11 15 13 15 16 16 15 11 13 14 14 13 10 7 5 5 11 11 13 12 9 5 7 11 9 8 10 10 8 9 9 8 8 8 6 5 6 5 5 4 3 3 3 5 4 4 5 4 3
94 65 101 99 98 95 94 94 85 76 81 86 83 77 73 74 68 63 61 56 49 31 36 27 20 17 23 24 19 16 14 14 14 13 12 16 18 22 20 22 21 19 18 11 7 8 6 8 10 13 12 13 16 16 14 14 16 14 13 11 8 6 8 13 13 12 13 10 7 11 13 10 8 8 9 7 5 8 9 8 9 9 8 7 6 5 5 4 3 4 6 5 4 5 3 3
85 83 97 102 104 103 90 92 95 93 92 87 86 80 67 64 56 52 46 39 37 47 43 37 27 22 17 17 16 19 21 14 14 14 12 11 12 19 24 24 19 18 17 15 16 12 6 7 8 8 11 12 12 15 16 17 16 16 15 12 11 9 12 14 15 14 13 12 9 13 13 11 11 10 12 10 7 5 7 8 10 11 10 9 9 6 5 5 4 4 7 6 5 4 4 3
74 94 109 101 102 87 97 89 102 90 99 95 87 68 61 48 66 52 50 52 55 48 41 42 37 31 24 17 16 14 15 15 16 13 13 12 11 11 14 17 22 20 17 20 18 17 14 6 8 7 12 15 9 10 15 18 18 17 17 14 16 14 13 12 15 16 14 14 14 16 14 14 14 12 12 13 9 5 6 10 10 10 11 9 9 8 7 5 3 4 7 7 5 4 4 3
88 100 94 95 110 104 104 94 98 93 90 81 88 84 84 72 81 62 69 56 54 52 47 42 37 34 27 22 22 20 25 26 18 13 13 12 11 11 12 20 20 19 19 16 12 17 12 9 8 10 12 8 14 15 14 17 19 18 19 18 18 17 16 13 14 16 16 13 16 17 14 13 16 13 14 14 13 8 5 10 12 13 11 9 11 8 9 6 5 3 6 8 5 4 5 4
112 113 108 106 103 104 110 89 90 82 89 83 69 92 84 90 83 71 70 60 61 52 54 46 40 41 34 33 28 22 21 27 24 13 14 16 11 13 11 12 14 12 17 21 14 17 16 12 15 9 10 15 8 13 15 16 18 18 17 18 19 19 18 15 13 12 14 9 15 18 17 16 16 14 15 16 15 11 7 10 14 13 13 12 11 11 10 7 5 4 4 8 7 5 7 6
83 110 105 101 91 106 80 78 97 107 103 97 83 64 98 94 86 84 80 67 58 55 52 47 41 35 32 31 31 31 23 21 29 22 18 17 14 13 12 11 11 10 10 14 14 12 18 18 14 13 10 11 9 12 8 9 13 15 19 19 21 21 19 19 17 15 11 8 9 14 18 19 17 16 16 18 16 11 8 13 16 14 15 14 12 13 11 9 7 5 4 7 9 6 8 6
83 101 79 78 86 67 99 108 106 107 103 98 86 66 82 94 90 86 80 70 65 59 56 56 48 39 39 38 33 32 21 28 33 17 19 20 18 15 12 12 11 11 13 10 9 9 14 18 19 14 11 13 17 14 12 13 11 11 15 17 20 20 22 22 21 17 14 14 13 11 14 19 18 15 18 18 16 12 12 13 15 16 16 14 15 14 12 10 8 5 5 6 10 10 9 8
54 60 65 73 103 100 86 98 109 106 103 91 88 56 86 82 78 89 84 80 71 63 61 55 50 45 38 34 27 24 23 23 34 17 25 27 21 21 14 11 11 11 17 23 20 11 7 11 13 11 13 17 19 18 17 15 17 16 13 12 17 21 23 23 22 18 13 11 11 19 13 17 22 16 18 20 18 18 17 15 15 19 17 16 15 16 14 14 9 5 6 9 11 10 10 8
83 57 51 71 80 82 110 102 100 109 106 83 96 61 105 99 96 94 90 87 81 72 70 63 56 55 46 43 38 31 26 19 19 17 20 23 31 28 20 12 15 12 11 15 20 22 14 12 8 7 8 9 11 14 18 21 20 16 13 11 16 24 24 23 23 22 19 15 9 16 10 18 24 20 12 22 22 21 21 19 15 20 20 16 15 18 15 15 14 9 7 11 12 11 9 10
55 56 74 64 107 115 112 108 114 115 107 77 90 63 106 101 85 69 93 92 87 79 76 73 64 63 57 52 50 41 37 29 20 17 16 17 26 30 15 16 22 11 13 13 14 16 20 18 8 8 8 8 10 14 17 15 18 19 16 9 15 25 26 25 24 26 25 22 14 12 21 23 22 22 13 22 25 24 21 21 22 20 21 18 13 18 17 16 16 14 8 12 12 10 12 11
87 94 100 99 105 109 112 110 101 113 112 101 62 61 97 91 90 55 67 78 86 81 75 73 73 70 60 60 56 52 47 42 33 25 21 19 29 26 25 17 20 14 14 20 25 23 15 11 8 8 8 8 8 9 11 11 15 21 23 17 9 20 28 27 26 26 28 28 23 16 11 19 14 14 16 10 17 25 24 20 22 23 22 22 19 15 15 15 16 16 9 11 13 13 12 11
50 53 54 63 74 74 94 69 66 100 70 69 61 88 96 94 90 58 91 89 80 71 72 58 62 74 68 65 62 59 53 52 44 34 27 19 30 24 31 22 28 14 13 20 27 26 14 11 8 8 8 8 9 14 15 18 19 19 18 12 18 15 20 20 15 15 18 24 28 28 16 12 26 23 18 20 12 12 14 17 19 22 19 23 22 19 18 15 13 14 13 9 14 14 12 12
94 58 69 57 39 56 52 54 59 41 39 43 46 51 55 51 64 62 66 84 86 64 46 55 70 65 70 68 66 63 60 56 46 42 36 25 21 18 27 29 25 17 24 15 22 25 16 13 11 10 9 9 9 9 8 10 13 19 12 13 17 26 24 17 11 11 13 15 14 20 17 12 22 30 27 28 25 23 20 18 22 22 20 18 21 20 15 13 14 13 12 10 13 14 13 11
72 82 73 60 46 49 52 83 103 78 77 94 76 67 63 83 44 41 49 55 81 56 41 44 40 41 54 57 58 59 64 57 54 50 43 35 29 20 19 30 33 25 27 28 18 24 20 11 13 10 14 15 15 13 11 9 10 11 13 12 11 18 25 18 22 29 23 15 16 28 28 18 19 28 26 24 28 31 24 19 25 27 26 23 22 19 15 11 13 14 11 10 13 15 13 11
96 97 108 90 55 72 80 78 104 106 98 99 91 71 86 83 74 59 80 48 66 51 63 75 66 47 30 31 34 57 61 63 59 54 46 43 33 25 23 26 34 31 27 28 21 27 20 12 10 12 19 20 19 21 17 15 18 15 18 22 24 13 19 19 29 30 35 31 31 27 20 14 13 18 16 14 15 28 27 25 30 31 29 25 22 23 20 13 12 14 12 13 11 11 9 9
95 100 88 92 93 68 105 111 105 108 104 102 94 92 93 78 74 73 80 52 40 46 40 56 80 66 33 45 32 38 37 60 60 56 52 48 39 32 29 27 34 32 29 26 26 28 20 12 11 13 20 24 21 28 28 27 24 18 20 17 13 13 25 29 36 29 28 32 34 32 18 14 21 30 28 26 20 15 14 16 28 32 31 30 21 18 23 20 15 14 10 9 9 11 10 15
63 69 80 90 70 82 87 87 99 103 105 103 96 104 91 94 83 75 92 82 71 65 62 53 77 65 44 38 66 60 54 34 57 58 55 49 42 39 30 27 36 35 34 29 30 28 20 13 12 13 22 19 21 28 26 32 26 28 23 18 15 16 16 21 36 30 15 15 19 23 30 19 19 26 36 38 31 36 21 18 25 33 34 31 20 16 21 26 23 21 18 16 14 12 10 11
67 106 95 101 106 102 100 90 98 100 106 106 105 98 98 92 93 75 97 92 85 79 79 72 64 74 71 55 55 72 63 41 39 61 57 52 44 43 39 31 28 33 35 32 33 29 22 15 13 18 20 17 19 19 30 36 35 34 24 18 16 29 33 35 39 28 28 29 37 22 14 17 17 16 21 21 26 36 20 21 14 22 24 28 16 24 30 27 27 21 24 22 20 18 18 18
75 86 101 107 94 79 67 61 62 62 75 86 110 100 91 84 86 81 99 97 87 88 84 82 76 71 59 57 69 69 62 36 49 40 58 54 48 44 45 35 30 32 37 35 33 29 23 18 18 26 28 28 26 29 22 23 22 27 20 24 18 21 38 37 28 31 40 38 39 36 35 33 34 38 37 33 18 19 17 14 13 13 22 17 20 30 22 17 16 18 20 13 11 10 13 13
84 100 108 89 71 52 59 65 78 70 91 108 113 106 94 96 93 88 97 93 88 74 65 89 79 81 71 67 62 64 45 48 64 49 51 54 52 48 43 38 37 33 32 36 33 27 22 16 21 25 29 34 34 38 34 33 24 31 20 20 19 21 25 24 19 35 37 26 28 24 32 30 41 41 33 28 29 36 28 19 17 15 15 15 26 21 17 31 26 21 11 13 15 11 15 10
73 64 72 68 64 84 68 63 63 92 87 106 116 108 96 89 100 104 90 88 82 87 74 65 83 76 85 80 74 67 51 52 67 62 59 56 50 49 43 42 41 38 34 32 34 25 21 15 16 21 32 35 41 42 39 38 36 30 33 23 21 20 20 22 22 21 20 20 20 22 40 27 21 22 28 48 46 45 30 31 29 21 21 20 14 16 28 17 26 21 20 10 11 11 17 19
85 84 80 120 98 85 96 81 68 66 94 85 106 114 107 104 97 109 101 92 79 73 94 63 78 74 75 72 64 73 67 59 59 59 61 57 55 50 49 44 41 39 37 29 30 28 22 16 15 25 26 29 44 44 46 49 50 37 27 39 37 32 25 24 25 30 24 31 36 39 26 26 32 25 27 44 41 39 46 45 46 30 23 25 29 35 28 21 20 12 13 12 19 11 11 16
87 91 72 111 117 96 109 102 91 82 93 110 93 108 103 104 86 108 94 87 85 70 67 65 88 86 76 68 55 54 71 70 58 60 56 56 57 53 49 46 41 38 35 35 30 25 21 19 20 26 28 33 48 45 42 42 48 53 34 52 56 47 41 46 34 33 43 58 52 45 38 32 24 27 39 25 23 22 26 33 43 32 21 30 31 35 38 34 18 16 24 27 21 21 23 17
115 103 89 93 120 107 113 112 118 117 116 82 83 76 82 80 107 109 106 99 95 77 68 95 89 85 82 75 55 64 69 71 63 41 45 43 55 52 50 47 42 40 36 32 31 23 19 18 20 32 44 48 47 45 48 41 43 37 36 42 52 50 50 59 52 37 62 67 64 56 49 42 41 32 31 30 28 28 26 31 31 33 19 20 27 35 41 35 23 25 30 28 17 29 30 18
129 121 92 107 114 122 125 121 114 109 110 74 57 67 72 87 109 90 72 84 96 94 64 99 99 88 80 67 61 63 72 68 48 52 59 45 39 42 48 46 40 36 32 29 25 19 19 17 27 30 49 51 52 52 48 48 50 41 52 38 38 38 58 60 55 38 63 75 74 72 63 53 51 52 48 39 34 32 33 38 43 42 28 20 23 31 44 34 23 30 33 26 34 34 28 13
129 128 108 114 120 98 110 114 96 116 109 92 100 100 68 105 91 93 68 43 56 96 65 91 91 90 79 67 81 75 67 68 57 48 62 53 47 51 46 46 43 40 37 36 28 22 18 20 36 44 48 56 57 58 60 59 50 47 54 50 47 48 51 54 58 48 43 63 78 82 78 66 71 65 63 48 50 48 47 52 52 48 39 33 29 42 40 23 26 32 38 38 34 26 18 20
127 129 119 123 122 94 78 94 103 111 112 115 107 71 67 57 58 50 68 74 49 54 62 99 97 91 74 82 84 77 72 74 58 47 63 54 46 53 48 44 36 41 41 33 26 21 23 30 39 48 46 56 51 53 50 46 46 55 55 56 56 57 60 59 63 57 51 54 61 76 85 82 79 77 72 55 64 54 59 64 62 59 56 35 33 22 23 24 40 38 47 44 38 33 30 37
109 123 126 106 103 115 75 71 85 113 113 92 97 66 103 72 65 81 65 80 59 65 45 57 75 94 88 89 81 85 76 75 66 45 61 61 53 44 43 41 39 42 43 37 21 34 39 51 47 59 60 58 53 47 53 53 53 64 68 63 57 64 61 68 73 67 59 72 69 64 74 83 87 82 81 63 59 70 62 65 62 54 63 36 49 40 24 27 49 50 49 46 42 36 41 42
104 106 117 115 95 93 103 78 94 102 108 77 81 53 90 94 80 92 87 81 61 69 55 69 51 64 63 67 71 55 71 71 72 55 62 62 56 47 38 35 29 27 29 23 23 39 49 52 50 56 60 59 58 54 66 69 68 69 70 66 71 81 61 78 79 80 74 85 92 78 78 83 90 80 82 66 46 49 42 35 37 50 59 41 57 57 37 25 36 53 48 50 41 37 48 45
111 94 104 92 93 89 100 80 93 99 71 62 62 88 93 101 92 99 97 90 86 84 83 82 63 67 85 64 66 58 56 44 44 45 62 60 54 50 45 50 45 45 41 26 38 54 61 58 52 47 60 59 68 63 60 71 80 81 82 79 77 82 64 67 75 88 72 95 96 92 97 96 97 85 74 60 49 47 40 31 30 50 63 51 50 35 28 28 31 52 47 41 36 30 45 50
87 85 102 86 72 93 75 74 76 67 70 74 70 96 106 104 104 102 101 97 99 101 99 100 91 81 82 76 72 63 68 56 64 57 46 55 57 54 51 51 42 41 41 28 39 44 61 57 56 57 53 59 68 70 73 72 85 87 88 85 79 70 67 64 84 96 78 81 93 106 96 82 92 97 78 67 60 56 51 37 34 61 70 60 44 28 28 29 29 41 44 33 31 30 37 45
88 77 66 64 85 97 97 70 61 51 68 103 91 80 86 104 82 86 104 104 101 103 99 102 98 93 89 79 71 67 70 62 62 52 52 56 60 58 47 51 50 32 32 50 58 51 59 56 64 67 60 63 63 65 72 87 91 86 89 83 73 73 74 72 80 104 86 57 91 106 105 86 90 104 94 90 74 60 55 39 30 61 70 62 47 33 29 32 36 33 32 26 29 31 34 39
