Artocarpus heterophyllus SDM files/Last glacial maximum/Environmental layers/bio16.asc
ncols  625
nrows  721
xllcorner  69.958333335383
yllcorner  5.95833333415099
cellsize 0.041666666667
NODATA_value  -9999
[rows 240 to 279 of 721, columns 180 to 269 of 625]
549 592 652 625 605 619 627 560 602 597 628 672 627 575 565 580 586 587 620 640 631 628 633 628 636 640 637 641 643 640 636 633 642 649 660 630 655 660 671 671 682 682 681 684 689 699 703 700 695 692 700 704 705 703 701 696 699 698 693 698 699 703 700 665 657 672 691 673 672 683 688 696 683 683 691 694 700 702 707 709 704 702 708 712 715 716 725 700 696 700
588 628 647 622 600 599 642 554 556 590 638 665 672 593 574 565 574 580 624 627 636 637 650 649 637 648 642 642 643 642 641 642 644 650 648 631 660 665 674 677 681 684 688 693 696 698 696 699 707 700 699 666 669 664 684 675 675 693 685 685 691 690 684 663 653 641 660 666 680 666 674 691 691 695 684 701 701 699 699 703 710 700 706 711 710 713 719 723 734 722
627 630 632 615 590 581 582 533 533 576 619 645 643 584 580 571 576 581 626 640 627 639 637 631 641 649 644 642 645 645 643 637 639 633 635 660 666 669 672 681 688 686 688 696 701 703 701 703 703 678 684 677 701 689 665 664 653 650 657 673 664 678 685 691 670 676 700 692 675 673 681 676 667 674 674 702 704 702 701 704 711 704 707 712 709 714 715 717 725 731
643 627 615 606 608 648 592 543 530 602 618 631 568 567 568 579 589 601 615 631 631 635 622 644 647 646 645 649 650 652 641 636 650 641 658 664 665 671 675 679 688 692 671 690 702 709 714 706 690 680 661 712 726 712 701 697 696 692 675 698 703 699 700 696 687 688 690 692 689 693 690 707 691 689 670 705 708 709 704 706 707 707 707 711 709 713 711 716 722 738
653 647 618 613 620 654 588 555 548 557 604 639 568 573 578 589 596 602 602 627 627 614 641 645 643 644 641 643 649 637 641 644 654 648 668 667 669 675 675 653 672 685 651 640 662 699 693 699 699 691 687 710 714 718 716 708 705 674 684 690 689 686 683 688 687 679 683 685 676 695 670 695 669 672 663 695 706 706 711 711 711 710 706 704 711 710 713 721 720 722
665 639 602 615 638 660 622 596 628 635 540 594 562 570 578 599 606 612 608 611 621 632 644 644 644 650 659 666 646 635 632 646 658 657 670 673 680 686 665 692 696 719 702 695 686 681 687 709 706 716 714 710 709 714 716 716 711 664 680 691 688 688 682 684 684 686 677 674 677 677 677 675 676 669 659 682 699 706 707 707 709 708 710 708 710 711 711 723 721 719
646 620 606 616 650 659 610 614 642 653 587 578 571 575 589 606 598 603 620 613 631 643 653 656 667 664 671 658 661 667 654 644 659 666 674 678 682 683 670 697 694 715 731 739 713 688 665 715 717 713 716 717 714 707 705 687 681 680 691 686 686 686 687 686 687 691 683 678 696 676 693 703 702 702 677 669 680 703 690 707 687 687 703 702 704 714 714 717 717 722
641 624 629 650 661 679 608 617 646 639 593 569 586 591 607 602 596 605 617 626 638 659 664 680 688 680 682 674 675 658 651 643 654 672 680 677 683 666 692 708 694 710 732 730 703 707 672 712 716 718 720 717 714 719 701 681 694 695 701 697 687 678 681 681 693 678 680 705 687 666 687 706 705 708 709 702 698 685 685 687 708 693 691 677 708 705 710 718 715 716
654 656 624 654 673 659 625 606 651 589 632 578 568 575 584 586 598 612 617 618 639 664 662 686 696 682 686 685 676 672 653 659 667 674 678 670 665 684 703 720 704 727 728 711 702 696 668 714 717 716 721 723 720 723 686 701 708 703 702 696 694 689 680 677 681 676 695 698 664 695 700 706 700 705 716 718 705 689 712 715 718 716 716 690 699 686 709 711 719 721
688 672 640 673 692 635 656 645 662 606 621 621 588 601 600 590 623 606 624 605 621 654 682 666 667 674 670 665 662 657 656 658 665 677 673 656 658 698 718 724 730 725 717 712 711 684 680 714 720 716 722 722 722 717 686 716 709 701 695 694 694 694 691 695 684 675 700 681 670 698 702 705 701 712 712 709 695 706 715 711 715 714 708 707 693 679 704 698 718 720
708 686 688 690 701 692 652 661 664 593 663 623 592 610 617 601 627 602 626 632 617 651 683 671 676 665 661 664 659 660 657 663 669 668 651 650 659 688 703 694 719 728 721 703 688 718 680 696 723 720 725 722 716 698 688 727 713 712 700 702 695 687 690 699 694 689 701 681 656 695 710 708 706 713 700 716 694 717 719 719 719 712 714 717 710 674 707 686 711 720
704 707 708 697 705 712 664 662 664 656 654 643 601 621 626 626 613 602 622 656 641 673 687 680 687 672 668 676 662 656 660 672 658 655 672 666 687 711 709 700 692 707 695 702 713 733 678 714 725 721 716 710 705 707 713 739 726 704 704 715 689 692 704 699 688 710 714 673 665 700 717 709 711 704 703 716 704 721 719 719 714 712 717 719 726 688 700 689 682 701
688 695 707 706 721 728 684 650 665 687 632 669 616 641 637 628 618 631 635 667 659 683 689 694 677 663 687 678 665 654 659 660 663 662 706 709 709 714 722 719 711 708 686 715 731 692 707 722 727 731 733 732 710 709 740 740 725 713 727 703 695 706 714 698 697 731 720 692 669 707 711 709 712 714 707 717 712 722 720 718 716 717 718 705 700 704 717 714 702 679
663 673 691 706 724 715 693 647 674 698 644 673 645 662 648 630 619 652 639 669 679 691 704 697 689 665 698 687 676 652 636 662 645 661 696 722 726 711 705 708 715 705 696 726 724 695 726 728 722 711 754 743 719 705 753 749 739 723 715 714 711 726 713 711 712 735 726 713 672 711 716 713 712 716 713 719 715 723 720 719 724 723 708 708 715 718 709 699 692 684
689 701 707 722 720 721 706 667 682 685 680 663 659 637 634 628 638 647 643 667 695 699 695 700 683 688 693 686 661 642 631 671 663 676 698 724 722 717 719 722 710 696 709 740 713 702 723 733 729 703 761 761 735 706 751 771 749 737 724 741 724 740 712 726 735 740 731 734 675 715 726 719 725 717 714 721 720 728 726 723 723 704 711 715 716 711 702 715 709 690
678 694 724 722 694 694 721 700 686 695 683 708 664 666 664 631 653 656 669 667 703 696 692 692 691 699 701 704 648 658 672 674 699 698 709 728 730 730 726 711 711 711 717 725 710 736 724 754 732 714 737 772 750 733 733 772 753 757 754 745 753 737 736 747 745 742 752 743 682 707 728 729 730 723 719 724 728 731 725 723 711 706 717 720 728 721 718 710 727 712
667 711 740 729 705 690 695 709 667 678 679 721 682 686 682 634 675 663 696 695 715 701 701 692 687 676 683 678 662 674 701 682 711 703 721 741 759 738 723 724 718 716 712 717 737 743 744 758 728 722 752 792 779 764 763 754 771 784 771 762 778 753 744 740 734 717 720 739 685 722 735 733 733 728 728 733 734 735 726 711 716 723 720 729 730 721 730 723 740 729
655 717 735 729 734 728 707 682 659 699 687 723 714 693 708 656 669 692 725 718 708 704 698 693 687 690 711 666 690 691 724 703 712 724 741 763 758 728 723 717 717 708 707 694 721 748 771 758 722 754 719 753 795 795 793 769 771 797 791 790 778 760 768 757 735 749 746 729 707 684 712 736 737 736 740 735 728 716 717 714 729 725 731 747 730 733 733 739 743 721
676 732 740 715 728 722 718 714 679 706 689 722 715 686 713 692 688 714 729 720 714 712 702 692 713 708 671 679 687 698 750 735 732 721 762 786 745 728 731 722 712 739 717 697 702 754 786 764 739 751 731 734 752 773 810 812 799 794 783 785 779 776 760 747 746 770 763 750 721 740 700 732 747 742 741 734 715 718 732 747 742 739 742 748 741 739 772 763 732 742
685 707 765 741 708 681 728 727 724 688 702 740 741 691 708 721 725 718 724 709 717 708 700 713 708 690 663 664 711 723 752 745 752 769 772 746 740 747 731 724 745 735 711 696 688 719 789 796 759 788 767 764 767 791 795 821 819 811 811 792 780 767 773 774 766 782 755 756 743 768 749 718 758 737 728 720 698 719 818 764 752 763 721 752 855 791 765 771 746 760
658 680 745 742 711 677 704 740 735 685 698 750 752 714 716 740 732 716 705 693 684 708 685 683 674 686 708 657 679 720 753 766 791 800 787 780 756 733 731 749 739 728 721 700 699 692 723 767 777 781 786 799 798 801 788 783 809 825 812 792 780 808 805 790 797 770 761 781 777 757 736 746 744 737 711 723 695 740 785 741 720 684 775 854 841 803 786 777 766 743
636 656 718 739 696 693 716 740 733 711 701 752 741 774 724 732 728 729 705 713 684 696 684 671 700 692 743 673 694 716 719 749 776 808 813 804 759 754 747 758 756 741 704 713 742 696 724 742 752 787 828 830 813 819 822 812 794 799 799 794 803 814 821 812 791 791 797 761 785 757 752 726 725 749 720 724 702 731 829 819 783 719 800 817 810 821 793 790 788 803
647 662 691 721 712 709 704 751 751 758 715 751 760 801 755 728 727 733 726 718 686 680 704 689 722 720 752 715 698 711 739 741 762 803 824 791 766 774 760 765 755 711 713 743 736 707 728 745 767 792 842 822 835 846 832 818 827 822 824 813 778 825 820 799 785 831 793 768 735 763 739 723 715 767 768 682 816 819 794 860 876 820 833 785 798 842 819 835 846 808
702 679 706 699 732 745 710 722 752 777 730 758 777 809 768 748 746 748 738 711 685 662 710 715 745 757 748 752 709 728 768 783 777 817 831 800 787 758 764 773 724 707 752 787 746 727 749 760 799 829 838 827 857 862 843 840 845 847 838 830 795 792 818 808 802 792 769 731 767 776 735 696 701 694 839 775 882 902 907 878 843 799 857 831 825 817 830 800 872 809
703 704 733 690 699 745 754 725 755 769 758 759 795 800 820 773 730 747 730 722 691 681 704 746 757 753 742 740 711 722 796 811 798 804 836 849 853 772 737 721 724 698 799 834 771 721 750 770 834 841 852 855 867 871 858 829 830 846 840 839 820 791 769 829 798 764 740 758 759 726 702 715 661 720 727 709 818 886 898 878 845 827 859 925 910 876 845 851 842 792
680 709 750 701 697 720 761 763 756 775 783 742 741 789 820 752 713 732 713 701 679 709 780 783 759 751 755 765 750 748 761 794 810 826 816 826 824 750 757 746 770 717 798 809 755 719 760 787 844 840 862 887 899 886 865 852 846 840 837 841 835 829 787 776 753 765 725 740 778 667 780 877 801 677 655 816 870 890 865 852 860 860 923 932 916 888 934 897 982 920
735 753 732 707 702 703 738 766 775 787 811 798 789 754 810 748 729 699 698 710 724 706 764 785 759 734 799 807 755 719 740 779 803 862 871 824 756 730 763 795 785 762 817 804 774 722 728 794 878 867 858 913 933 918 897 879 864 852 869 887 863 820 811 784 780 732 732 855 738 682 833 900 863 797 807 836 862 882 866 807 844 861 924 888 878 890 919 921 923 988
761 733 712 725 739 716 712 734 759 799 811 842 776 792 763 757 712 689 720 737 754 742 783 770 745 741 806 804 785 756 783 782 800 842 887 849 775 752 784 831 792 779 839 816 754 741 743 805 839 884 899 914 910 922 917 880 860 891 856 846 837 791 782 762 762 725 830 775 752 891 873 904 798 774 761 891 854 901 892 883 882 827 846 863 847 860 891 907 937 952
770 712 735 760 737 766 748 732 768 801 809 837 801 793 772 819 723 721 693 735 759 778 801 788 750 795 804 778 778 774 820 803 785 834 877 852 799 751 787 858 808 819 837 832 753 776 768 826 852 894 948 939 914 906 909 887 881 868 842 857 787 767 763 712 724 885 983 791 911 908 868 820 763 810 802 873 875 875 860 875 846 835 844 863 865 848 856 879 876 869
760 752 708 756 734 779 782 764 787 771 804 794 839 728 810 801 800 752 707 736 780 809 811 772 770 819 804 786 802 789 830 805 811 857 849 818 777 803 785 880 859 846 825 795 760 773 803 830 880 939 970 955 930 916 895 884 868 857 871 830 769 735 701 760 790 909 933 836 854 881 878 888 787 860 891 867 875 878 870 855 837 823 820 851 858 830 822 799 873 860
791 777 719 747 758 790 799 784 798 773 760 798 806 710 775 838 850 766 718 731 771 826 812 780 779 832 805 785 813 800 856 811 829 877 837 826 817 813 831 895 895 870 854 834 770 774 796 866 942 960 972 959 944 938 889 835 795 857 767 832 758 706 739 898 929 878 881 808 882 903 908 896 900 885 880 864 858 859 847 847 841 806 797 804 823 855 816 824 803 852
791 740 728 757 774 803 795 804 797 788 765 772 818 700 747 792 874 825 790 728 759 826 811 779 810 824 820 793 824 840 850 815 805 845 866 840 829 838 826 863 881 878 831 823 777 782 772 941 962 945 929 945 966 922 854 862 797 761 739 729 717 773 820 859 938 929 954 878 926 928 922 903 874 853 835 835 822 842 855 874 870 860 835 816 810 828 812 806 815 808
758 732 751 789 787 809 811 814 800 799 799 791 787 757 750 787 861 853 806 732 762 830 792 788 840 831 844 797 819 844 829 830 808 814 853 866 896 842 797 812 838 823 816 807 793 798 818 968 975 958 952 959 935 893 927 961 868 763 841 783 755 837 772 943 983 971 948 936 927 917 901 885 865 850 842 835 816 811 829 851 889 882 876 865 849 833 805 845 838 814
739 749 742 773 810 814 811 809 799 791 787 773 763 781 820 758 830 856 831 746 758 832 785 789 844 860 856 822 815 822 847 846 812 850 874 910 907 868 821 847 833 815 831 806 831 819 844 1011 992 890 906 914 867 897 889 933 783 732 777 850 842 987 960 979 982 954 918 893 872 892 894 887 872 880 892 857 867 847 817 826 868 890 848 840 843 806 807 872 843 831
738 752 763 791 814 804 802 800 788 787 768 777 791 800 806 781 782 792 807 775 794 827 783 804 864 870 844 812 856 828 854 872 830 855 916 880 887 859 829 850 868 844 850 785 814 854 922 937 914 959 901 873 911 934 817 750 774 763 729 937 978 996 979 952 896 881 860 842 835 860 901 898 893 911 889 854 891 887 856 821 831 883 840 823 825 829 823 875 862 865
755 744 779 825 840 796 795 793 784 772 794 794 820 810 811 822 817 805 764 810 866 816 791 832 889 875 855 826 884 852 856 893 858 903 908 890 861 823 840 838 852 858 842 839 814 818 858 991 948 958 1018 1076 889 845 894 961 938 847 865 1028 976 895 858 855 842 832 829 839 853 874 897 921 925 903 867 877 927 903 883 864 861 828 836 904 861 855 821 885 877 903
775 754 787 833 845 806 807 787 788 792 802 818 830 828 818 795 819 864 778 765 863 851 912 867 895 880 849 831 895 865 864 906 875 918 894 886 846 822 868 844 881 906 812 827 822 941 900 983 983 945 1057 980 789 885 973 982 1023 908 906 969 928 867 842 830 819 814 849 870 880 870 876 902 925 874 903 847 982 1006 951 858 866 783 753 1041 878 923 849 868 914 892
811 763 790 820 833 804 817 804 782 779 791 819 833 828 818 804 774 774 810 742 770 841 932 979 950 882 878 848 904 863 866 911 912 905 878 855 811 810 850 851 823 923 902 783 785 830 835 932 1048 948 952 907 826 1010 1014 1051 1064 1023 915 845 834 824 821 838 847 831 851 896 860 831 836 815 950 916 877 964 976 1084 1029 893 814 821 763 932 881 899 888 922 916 899
819 766 779 810 839 819 828 798 793 763 783 812 795 762 775 794 767 753 754 812 818 773 833 926 981 998 913 881 904 866 879 938 926 872 840 836 813 813 869 823 788 814 942 841 820 897 1014 988 904 1008 937 833 985 1053 1062 1022 1003 929 873 818 826 836 856 851 852 828 831 835 822 774 804 784 869 946 970 1009 1017 1074 1005 870 851 809 814 840 877 939 936 931 899 859
798 767 786 787 830 835 845 817 798 837 786 769 762 770 774 755 749 786 762 789 839 829 810 814 925 986 1007 975 935 886 892 916 903 863 880 859 828 855 846 816 805 880 880 875 948 1013 961 938 997 989 948 1029 1069 1072 1023 925 867 877 840 817 822 846 854 827 803 798 784 769 775 792 791 845 968 841 959 1042 1045 1000 995 928 826 813 817 815 865 983 914 894 885 959
