Artocarpus heterophyllus SDM files/Last glacial maximum/Environmental layers/bio1.asc
ncols  625
nrows  721
xllcorner  69.958333335383
yllcorner  5.95833333415099
cellsize 0.041666666667
NODATA_value  -9999
[rows 252 to 293 of 721, columns 376 to 469 of 625]
225 225 225 225 225 225 225 225 225 225 225 225 226 226 226 226 226 226 226 226 226 226 226 226 226 226 226 226 226 226 226 226 226 226 226 226 226 225 225 225 225 225 225 225 225 225 224 224 224 224 224 223 223 223 223 222 222 222 221 221 221 220 220 220 219 219 219 218 218 218 217 217 216 216 216 215 215 215 214 214 214 213 213 213 213 213 213 212 212 212 212 212 212 212
225 225 225 225 225 225 225 225 225 225 225 225 225 225 226 225 225 226 225 225 226 226 226 226 225 226 226 226 226 226 226 226 226 225 225 225 225 225 225 225 225 225 225 225 225 224 224 224 224 224 224 223 223 223 223 222 222 222 221 221 221 220 220 219 219 219 218 218 218 217 217 217 216 216 215 215 215 214 214 214 214 213 213 213 213 213 213 212 212 212 212 212 212 212
225 225 225 225 225 225 225 225 225 225 225 225 225 225 225 225 225 225 225 225 225 225 226 225 225 225 225 226 225 225 225 225 225 225 225 225 225 225 225 225 225 225 225 224 224 224 224 224 224 224 223 223 223 223 222 222 222 221 221 221 220 220 220 219 219 219 218 218 217 217 217 216 216 216 215 215 215 214 214 214 213 213 213 213 213 213 212 212 212 212 212 212 212 212
225 225 225 225 225 225 225 225 225 225 225 225 225 225 225 225 225 225 225 225 224 224 225 225 225 225 225 225 225 225 225 225 225 225 225 225 225 225 225 225 224 224 224 224 224 224 224 223 223 223 223 223 223 222 222 222 222 221 221 221 220 220 219 219 218 218 218 217 217 217 216 216 216 215 215 215 214 214 214 214 213 213 213 213 212 212 212 212 212 212 212 212 212 212
225 225 225 225 225 225 225 225 225 225 225 225 225 225 225 225 225 225 225 225 224 222 225 225 225 225 225 225 225 225 225 225 225 225 225 225 225 225 224 223 223 224 223 223 224 224 224 224 223 223 223 222 222 222 222 221 221 221 221 220 220 220 219 218 218 218 218 217 217 216 216 216 215 215 215 215 214 214 214 213 213 213 213 213 212 212 212 212 212 212 212 212 212 212
225 225 225 225 225 225 225 225 225 224 225 225 225 225 225 225 225 225 224 224 224 219 224 225 225 225 225 225 225 225 225 225 224 224 224 224 224 224 224 223 222 223 222 222 223 223 223 223 223 222 222 222 222 222 221 221 221 221 221 220 220 219 219 218 218 218 217 217 217 216 216 215 215 215 215 214 214 214 213 213 213 213 213 213 212 212 212 212 212 212 212 212 212 212
224 224 224 224 225 225 225 225 225 225 225 225 225 225 224 224 224 223 222 223 218 212 223 225 225 225 224 225 225 225 224 224 224 224 224 224 224 224 224 223 222 222 221 222 220 216 216 215 219 220 219 222 222 222 221 221 221 221 220 220 219 218 218 218 218 217 217 217 216 216 215 215 214 214 215 214 214 214 213 213 213 213 213 212 212 212 212 212 212 212 212 212 212 212
224 224 224 224 224 224 224 224 224 224 224 224 224 224 224 222 221 218 217 216 210 212 222 224 224 224 224 224 224 224 224 224 224 224 224 224 224 224 223 223 223 222 222 221 220 219 216 210 211 211 214 222 222 221 221 221 221 220 220 219 218 218 218 218 218 217 217 217 216 216 215 214 214 214 214 214 214 213 213 213 213 213 212 212 212 212 212 212 212 212 212 212 212 212
224 223 224 224 223 223 223 224 224 224 224 224 223 223 221 218 213 208 209 212 215 220 223 224 223 223 224 224 223 223 223 223 223 223 223 223 223 223 223 223 222 222 221 221 220 219 212 212 216 214 219 221 221 221 221 220 220 220 220 219 218 218 217 218 217 216 216 217 216 215 215 214 214 214 214 214 214 213 213 213 213 212 212 212 212 212 212 212 212 212 212 212 212 212
223 223 223 223 223 223 223 224 224 224 223 223 223 222 214 208 209 210 212 215 219 222 223 223 223 223 223 223 223 223 223 223 223 223 223 223 223 223 222 222 221 220 219 221 220 216 212 216 216 212 219 221 221 221 220 220 220 220 219 219 218 218 218 217 217 216 216 216 216 215 214 214 214 214 214 214 214 213 213 213 213 212 212 212 212 212 212 212 212 212 212 212 212 212
223 223 223 223 222 223 223 223 223 223 223 222 222 222 216 209 213 206 212 217 219 222 222 222 222 222 222 222 222 222 222 222 222 222 222 222 222 222 222 221 220 218 219 218 218 214 215 218 214 208 220 221 221 221 220 220 220 219 219 219 218 218 218 217 216 216 216 216 215 215 214 215 215 214 214 214 213 213 213 213 212 212 212 212 212 212 212 212 212 212 212 212 212 212
222 222 222 222 222 223 223 223 223 223 222 222 222 222 218 214 217 215 217 216 218 220 221 221 221 221 221 222 221 221 221 221 221 221 222 222 222 222 221 220 219 217 215 212 211 212 218 218 214 215 220 220 221 220 220 220 219 219 219 218 218 218 218 216 216 216 216 216 215 214 214 215 214 214 214 214 213 213 213 213 212 212 212 212 212 212 212 212 212 212 212 212 212 212
222 222 222 222 222 222 222 222 222 222 222 222 221 221 221 220 219 219 218 217 216 218 220 220 221 220 220 219 219 219 220 220 221 221 221 221 221 221 221 220 219 218 216 212 210 213 216 218 212 213 219 220 220 220 220 220 219 219 219 218 218 218 217 217 216 216 216 216 215 214 215 215 214 214 214 214 213 213 213 213 212 212 212 212 212 212 212 212 212 212 212 212 212 212
221 221 221 221 221 221 221 221 221 221 221 221 221 220 220 220 219 219 218 218 217 218 219 219 219 219 218 217 218 218 219 220 220 220 220 220 220 220 220 219 218 217 216 209 214 217 216 219 210 214 215 218 218 219 220 220 219 219 219 218 218 218 217 217 217 216 216 215 214 214 215 215 214 214 214 213 213 213 213 213 212 212 212 212 212 212 212 212 212 212 212 212 212 212
220 220 221 221 220 219 218 218 219 219 216 218 218 219 219 219 219 218 217 216 216 216 217 218 217 216 216 216 215 218 219 219 219 219 219 220 220 219 219 218 217 216 213 206 203 217 219 219 218 219 215 218 220 220 220 220 219 219 219 218 218 218 217 217 217 216 215 214 214 214 215 214 214 214 214 213 213 213 213 213 212 212 212 212 212 212 212 212 212 212 212 212 212 212
219 220 220 219 219 219 216 210 210 211 210 209 205 216 219 219 218 217 216 216 214 214 215 215 216 213 213 214 215 216 218 218 218 218 218 219 219 219 218 218 217 216 211 201 206 217 218 217 214 218 218 219 220 219 220 219 219 219 219 218 218 218 217 217 217 216 215 214 214 214 215 215 214 214 214 214 213 213 213 213 213 212 212 212 212 212 212 212 212 212 212 212 212 212
218 216 213 213 208 211 215 217 214 212 213 215 217 216 218 218 217 217 216 214 213 212 212 213 214 212 214 215 216 216 217 217 217 217 218 218 218 217 217 217 216 213 206 208 213 216 217 211 213 219 219 220 220 220 219 219 219 219 218 218 218 217 217 217 216 215 215 214 214 214 214 214 214 214 214 214 213 213 213 213 213 212 212 212 212 212 212 212 212 212 212 212 212 212
218 217 217 215 214 212 207 209 210 211 213 214 215 216 217 217 216 216 214 211 207 208 210 212 213 212 212 213 214 215 216 216 216 217 217 217 216 216 215 216 215 213 213 213 213 213 212 210 212 214 219 219 219 219 219 219 219 219 218 218 218 217 217 217 216 215 214 214 215 215 214 214 214 214 214 214 214 213 213 213 213 213 212 212 212 212 212 212 212 212 212 212 212 212
216 210 204 208 215 209 207 206 207 208 205 207 214 214 215 216 216 214 214 213 210 208 209 210 211 211 211 212 213 214 215 214 215 215 215 216 215 215 214 214 213 212 213 209 209 206 203 214 217 217 218 218 218 219 219 219 219 219 218 218 218 217 217 217 216 215 215 214 215 215 215 215 214 214 214 214 213 213 213 213 213 213 213 212 212 212 212 212 212 212 212 212 212 212
200 206 209 211 213 213 207 205 204 205 207 202 210 212 214 214 215 213 208 208 208 208 209 208 209 209 210 211 212 212 213 213 213 213 213 214 214 213 211 211 211 210 207 204 202 206 209 216 218 219 218 218 219 219 219 219 219 219 218 218 217 217 217 217 216 215 215 214 214 215 215 215 214 214 214 214 213 213 213 213 213 213 212 212 212 212 212 212 212 212 212 212 213 213
205 205 208 210 211 212 212 210 207 208 206 204 202 207 211 212 213 212 208 205 206 207 207 207 207 208 209 210 210 211 212 212 212 211 212 211 211 212 210 210 210 209 204 197 199 208 214 217 218 218 218 218 218 219 219 219 219 218 218 218 217 217 217 217 216 215 215 214 214 215 215 215 214 214 214 214 214 213 213 213 213 213 213 213 213 212 212 212 212 212 212 212 213 213
203 202 203 205 207 210 212 210 208 208 205 203 201 202 203 205 208 208 205 203 204 205 205 206 207 208 209 209 210 210 210 211 211 210 210 210 210 209 209 210 212 210 207 197 204 209 212 215 217 216 215 216 217 218 219 219 219 218 218 218 218 217 217 217 216 215 215 214 214 215 215 215 214 214 214 214 214 213 213 213 213 213 213 213 213 213 213 213 213 213 213 213 213 213
200 200 202 205 207 207 207 209 208 207 203 201 199 201 203 204 205 204 204 203 204 205 205 206 206 207 208 208 209 208 209 209 209 210 211 211 209 209 208 209 211 212 207 206 212 213 213 216 216 215 214 217 218 219 219 219 219 218 218 218 218 217 217 217 216 215 215 215 215 215 215 215 214 214 214 214 214 213 213 213 213 213 213 213 213 213 213 213 213 213 213 213 213 213
201 199 200 202 206 205 203 204 206 204 202 201 199 200 200 202 203 203 204 205 205 205 205 204 206 207 206 207 207 207 208 208 209 209 210 211 210 208 208 209 210 212 211 213 214 215 216 216 217 217 216 217 218 219 219 219 219 218 218 218 218 217 217 217 216 215 215 215 215 215 215 215 215 214 214 214 214 214 213 213 213 213 213 213 213 213 213 213 213 213 213 213 213 213
198 198 199 199 201 201 199 199 201 200 200 199 199 200 199 200 201 202 203 204 205 206 206 207 207 207 206 207 206 202 207 208 209 210 211 211 211 206 209 210 209 210 204 203 207 213 214 216 217 217 218 218 219 219 219 219 218 218 218 218 218 217 217 217 216 216 215 215 215 215 215 215 215 214 214 214 214 214 214 213 213 213 213 213 213 213 213 213 213 213 213 213 213 213
198 198 199 198 198 198 198 199 199 199 199 199 200 200 200 200 201 202 202 202 203 204 205 206 208 208 207 207 207 207 206 206 207 209 210 211 211 206 211 209 208 209 209 207 210 211 213 216 217 217 218 218 219 219 218 218 218 218 218 218 218 217 217 217 217 216 216 215 215 216 215 215 215 215 214 214 214 214 214 213 213 213 213 213 213 213 213 213 213 213 213 213 213 213
199 199 200 199 198 199 199 199 201 201 200 199 199 200 201 200 200 201 203 204 204 205 205 205 207 208 208 208 208 207 206 207 207 208 209 210 212 211 211 210 209 208 210 209 208 213 213 216 216 216 217 218 218 218 218 218 218 218 217 217 218 218 217 217 217 217 216 216 215 216 215 215 215 215 214 214 214 214 214 214 213 213 213 213 213 213 213 213 213 214 213 213 213 213
200 200 200 200 199 200 200 200 201 201 201 200 199 200 201 201 200 200 202 204 205 206 207 206 206 207 207 209 209 207 206 206 208 209 209 210 211 213 212 210 210 211 211 212 210 210 214 216 217 217 215 217 217 218 218 218 218 218 217 217 217 218 217 217 217 217 216 216 216 216 215 215 215 215 214 214 214 214 214 214 214 213 213 213 213 213 213 213 213 214 214 214 214 214
200 200 200 201 201 201 201 201 201 202 202 200 199 200 201 201 201 200 202 202 203 204 205 207 207 208 207 208 209 208 207 205 206 208 210 211 211 212 212 211 209 212 212 213 214 213 213 216 217 217 217 217 218 218 218 218 218 218 218 217 217 217 217 217 217 217 217 216 216 216 216 215 215 215 215 214 214 214 214 214 214 214 214 213 213 213 214 214 214 214 214 214 214 214
198 199 199 200 201 201 202 202 201 202 202 200 199 200 201 202 202 200 200 201 202 203 205 205 207 208 209 208 209 209 208 205 206 208 209 210 211 212 213 212 210 212 213 213 214 214 215 216 216 217 218 218 218 218 218 218 218 218 218 217 217 217 217 217 217 217 216 216 216 216 215 215 215 215 215 214 214 214 214 214 214 214 214 214 214 214 214 214 214 214 214 214 214 214
198 198 199 200 201 202 202 203 202 203 203 202 201 199 201 202 202 201 201 202 204 204 205 207 208 208 208 209 209 209 207 203 205 207 209 210 211 212 213 213 213 212 211 211 213 210 214 216 217 217 218 218 218 218 218 219 218 218 218 217 217 217 217 217 217 217 217 216 216 216 216 215 215 215 215 215 215 214 214 214 214 214 214 214 214 214 214 214 214 214 214 214 214 214
198 199 200 199 200 201 201 202 203 204 204 204 203 201 202 203 203 203 202 202 203 204 206 206 207 209 209 210 210 209 207 206 207 207 209 211 208 212 213 213 213 212 210 211 214 209 211 215 216 216 217 218 218 218 218 219 219 218 218 217 217 217 217 217 217 217 217 217 216 216 216 216 215 215 215 215 215 214 214 214 214 214 214 214 214 214 214 214 214 214 214 214 214 214
195 197 196 197 198 200 201 202 202 203 203 203 205 205 204 205 203 203 203 202 202 203 203 205 206 208 208 209 210 208 207 206 208 207 209 211 208 209 209 213 213 210 210 213 215 213 213 216 217 217 218 218 219 219 219 219 219 219 219 218 217 218 218 218 217 217 217 217 216 216 216 216 216 215 215 215 215 215 215 215 215 214 214 214 214 214 214 214 214 214 214 214 214 214
185 191 194 195 197 198 200 200 199 201 200 200 202 204 205 206 204 205 204 203 204 204 203 204 205 206 208 209 210 209 208 208 208 208 210 211 212 209 204 208 212 211 213 214 215 216 215 216 217 218 218 219 219 219 219 219 219 219 219 218 218 218 218 218 218 217 217 217 217 216 216 216 216 215 215 215 215 215 215 215 214 214 214 214 214 214 214 214 214 214 214 214 214 214
184 184 190 194 196 198 198 201 201 199 197 196 198 201 204 206 207 207 207 206 206 206 203 204 207 207 207 209 210 210 208 208 209 208 209 211 212 213 213 213 214 215 215 215 215 216 217 216 217 218 218 219 219 219 219 219 219 219 219 218 218 218 218 218 218 217 217 217 217 216 216 216 216 216 216 215 215 215 215 215 215 215 214 214 214 214 214 214 214 214 214 215 214 214
187 187 190 193 195 197 199 201 202 201 200 197 198 201 203 204 205 205 207 208 208 207 207 207 208 208 207 209 210 211 210 209 209 210 210 211 212 213 214 214 214 215 216 216 215 216 217 217 218 218 218 218 219 219 219 219 219 219 219 218 218 218 218 218 218 218 217 217 217 216 216 216 216 216 216 215 215 215 215 215 215 215 215 215 214 214 214 214 215 215 215 215 215 215
188 191 192 193 194 196 198 201 202 203 202 185 173 195 201 202 202 202 198 202 207 208 209 209 209 209 209 209 210 211 211 210 210 210 210 211 212 212 213 213 214 214 215 216 216 216 217 217 218 218 218 218 219 219 219 219 219 219 219 219 219 219 218 218 218 218 217 217 217 217 217 216 216 216 216 216 216 215 215 215 215 215 215 215 215 215 215 215 215 215 215 215 215 215
189 192 193 194 197 197 196 196 199 204 204 197 189 195 197 198 199 200 203 202 204 205 206 209 210 210 210 210 210 211 212 211 211 210 212 212 213 213 212 213 214 215 215 215 216 217 217 218 218 218 218 219 219 219 219 219 219 219 219 219 219 219 218 218 218 218 218 217 217 217 217 216 216 216 216 216 216 215 215 215 215 215 215 215 215 215 215 215 215 215 215 215 215 215
187 189 194 196 198 200 199 196 198 203 205 206 204 202 203 203 201 204 205 206 207 207 206 208 209 210 211 211 210 210 212 212 212 211 212 212 213 214 213 214 214 215 215 216 216 217 217 218 218 218 218 219 219 219 219 219 219 219 219 219 219 219 219 218 218 218 218 217 217 217 217 217 216 216 216 216 216 216 216 215 215 215 215 215 215 215 215 215 215 215 215 215 215 215
178 171 193 198 202 202 202 198 195 200 204 206 206 205 205 205 207 205 204 206 207 208 209 209 209 210 211 211 211 210 211 212 213 213 213 213 213 214 214 214 215 215 216 216 217 218 218 218 218 218 218 218 219 219 219 219 219 219 219 219 219 219 219 219 218 218 218 218 217 217 217 217 217 217 216 216 216 216 216 216 216 215 215 215 215 215 215 215 215 215 215 215 215 215
198 193 194 200 202 204 201 200 199 202 203 205 207 206 207 207 208 207 206 205 206 207 208 210 210 211 211 211 211 211 210 211 212 212 214 214 214 215 215 215 215 215 216 217 217 218 218 218 218 218 219 218 219 219 219 219 219 219 219 219 219 219 219 219 218 218 218 218 218 217 217 217 217 217 216 216 216 216 216 216 216 216 215 215 215 215 215 215 215 215 215 215 215 215
199 184 189 203 204 205 205 206 206 206 204 205 207 208 207 208 209 208 208 207 207 208 208 209 211 212 212 212 213 212 212 212 213 212 213 214 215 215 215 216 216 216 216 217 217 218 218 218 218 219 219 219 219 219 219 219 219 219 219 219 219 219 219 219 218 218 218 218 218 218 217 217 217 217 217 216 216 216 216 216 216 216 216 216 215 215 215 215 215 215 215 215 215 215
