Artocarpus heterophyllus SDM files/Last glacial maximum/Environmental layers/bio1.asc
ncols  625
nrows  721
xllcorner  69.958333335383
yllcorner  5.95833333415099
cellsize 0.041666666667
NODATA_value  -9999
[rows 378 to 419 of 721, columns 188 to 281 of 625]
197 199 199 200 199 199 199 199 199 199 199 198 200 197 197 199 198 199 198 197 200 203 204 205 206 205 206 206 206 206 206 205 205 204 204 205 203 202 203 203 202 203 204 204 205 205 204 204 205 204 205 205 206 206 206 206 206 206 206 204 205 201 203 201 201 201 199 199 196 199 201 202 203 201 198 202 201 201 201 201 197 192 193 193 188 195 195 196 200 201 197 198 199 191
196 197 199 200 201 201 201 200 201 200 199 200 201 198 196 199 201 200 198 196 198 200 203 204 204 205 206 207 207 207 206 206 206 204 204 205 205 204 204 203 202 202 202 202 206 206 205 204 206 205 206 206 206 206 206 206 206 206 204 200 202 199 199 201 202 200 197 200 198 200 202 203 204 201 197 201 202 202 201 202 198 186 186 182 185 188 186 193 195 199 198 189 195 194
199 198 199 200 201 201 202 202 202 201 200 201 202 199 198 200 202 200 198 200 200 198 199 203 205 205 206 207 207 207 207 207 206 205 204 205 205 204 204 204 204 202 197 199 206 206 205 205 206 206 207 207 206 206 206 206 206 206 204 201 200 197 200 202 202 201 199 198 201 202 202 204 202 200 197 201 203 202 203 202 202 194 187 185 182 183 185 185 189 196 197 192 186 185
200 200 200 200 200 200 201 201 202 202 202 201 202 201 199 202 203 203 202 202 201 200 202 203 204 204 206 206 207 207 207 207 206 205 205 206 205 204 204 205 204 202 199 200 206 207 206 207 206 206 206 206 207 207 206 206 206 206 204 202 198 197 200 203 202 201 201 199 202 203 203 204 203 198 198 203 203 203 203 202 203 202 192 186 184 185 179 176 182 187 188 186 189 185
199 200 201 201 202 202 202 201 202 203 202 202 203 202 200 200 202 204 203 200 199 199 202 204 205 205 206 206 207 207 208 207 207 207 207 207 207 206 205 205 206 204 203 203 206 207 207 207 207 207 207 206 207 207 206 205 204 205 205 202 198 198 201 203 203 202 202 202 203 204 204 204 201 199 200 204 203 203 203 202 202 203 195 187 186 184 182 179 176 178 182 186 187 186
199 199 200 201 201 202 203 203 203 204 202 202 203 203 201 201 202 204 204 201 198 197 200 202 204 204 206 207 207 208 208 208 207 207 207 208 207 206 204 206 206 207 206 207 207 208 207 207 208 208 207 207 208 207 206 206 205 205 205 203 200 201 202 203 203 203 202 202 204 203 205 203 202 202 203 204 203 204 203 199 199 201 198 189 186 185 187 184 183 181 186 187 188 186
200 200 200 200 200 200 202 203 204 204 201 203 205 204 202 203 204 205 205 204 202 199 198 203 205 204 205 207 208 208 208 209 207 207 208 208 207 206 205 205 205 207 207 208 208 208 207 208 207 207 208 208 207 207 207 206 206 206 204 202 201 201 202 203 203 202 201 202 204 205 205 203 203 199 204 204 204 203 202 196 200 202 201 192 186 187 187 187 187 184 186 187 188 187
200 202 203 203 202 202 202 203 204 205 203 204 205 205 203 201 204 206 205 203 201 200 198 202 205 206 205 205 206 208 209 209 209 208 208 209 208 206 206 206 206 205 207 208 208 208 208 209 208 207 207 207 208 207 207 206 205 204 205 203 202 202 202 203 204 203 202 203 203 205 204 202 198 187 198 204 203 203 202 200 202 199 194 185 183 186 187 188 188 184 187 187 188 188
201 202 205 205 205 205 205 205 205 206 206 206 206 206 205 201 202 206 207 206 205 202 201 203 205 207 207 206 206 207 209 209 209 209 209 209 209 207 207 207 207 207 208 208 209 208 208 209 209 208 208 207 207 207 207 204 203 202 203 203 203 202 202 204 204 203 203 204 205 205 203 191 188 187 185 201 203 201 193 191 202 202 199 193 186 186 186 188 188 183 187 188 188 189
204 205 204 200 204 204 205 205 204 204 205 205 205 206 207 205 203 206 207 208 207 205 206 206 205 207 208 208 208 207 208 209 209 208 209 209 210 209 209 208 209 208 207 208 209 209 209 209 208 208 207 207 207 207 207 205 204 203 202 203 204 203 204 205 204 204 204 205 206 205 200 194 187 184 184 192 202 196 183 188 197 188 198 191 188 187 187 188 187 182 187 187 189 189
203 205 202 194 196 202 203 203 203 200 202 204 204 205 207 207 207 208 208 208 209 208 208 208 208 208 208 209 209 209 209 209 209 208 209 209 210 210 210 209 209 207 207 208 209 210 210 209 209 208 208 207 207 207 207 206 205 204 202 204 204 204 205 205 204 204 204 204 206 205 200 194 190 191 185 188 192 190 182 182 178 186 195 196 192 188 188 189 188 185 187 189 189 190
203 204 202 201 200 197 196 197 195 195 199 202 203 203 206 205 205 208 208 208 209 209 209 209 209 209 209 209 209 209 209 209 208 207 208 209 209 209 208 209 210 209 208 208 209 210 210 210 209 209 209 208 208 207 207 207 206 205 203 204 204 205 205 204 202 204 205 205 206 204 201 197 198 188 186 187 188 186 182 182 181 191 193 194 192 188 188 189 189 188 187 189 190 190
203 205 205 204 202 200 197 195 198 198 194 195 200 199 202 205 207 207 208 208 208 209 209 209 209 209 209 209 209 208 207 207 207 206 208 208 209 209 208 209 210 208 207 207 209 209 210 211 210 209 209 209 209 208 207 206 206 205 205 204 205 206 205 204 202 205 206 204 204 203 200 192 190 190 189 190 190 188 186 185 184 190 193 193 191 188 187 189 190 189 189 190 190 189
202 204 204 202 205 204 203 198 200 201 200 193 192 200 203 206 207 208 208 207 206 206 207 207 207 206 204 203 204 204 202 197 203 204 206 207 208 209 209 209 210 209 207 208 209 209 210 211 210 210 210 210 211 210 207 206 206 205 206 206 205 206 206 202 204 207 207 206 202 203 197 197 189 192 187 187 189 193 193 191 190 189 193 191 191 189 188 189 190 189 190 190 190 190
197 201 200 202 204 202 204 204 204 204 201 195 198 202 204 206 206 207 207 206 205 205 202 196 196 193 192 192 192 193 196 192 199 195 198 204 208 207 209 210 211 209 207 209 210 210 210 211 210 210 210 210 211 211 209 207 206 206 206 207 205 201 201 205 207 208 207 202 202 201 190 186 187 193 190 186 184 192 192 191 188 181 191 190 189 187 186 189 191 189 191 189 190 191
197 198 198 197 200 201 200 200 199 204 203 201 196 200 201 204 204 204 206 204 201 195 199 200 196 193 193 195 195 196 196 193 193 192 196 200 203 205 208 210 211 209 207 210 211 211 211 212 211 211 210 211 212 211 211 210 206 206 207 208 208 206 206 208 208 207 203 199 207 203 192 187 194 191 188 187 182 187 186 186 182 181 182 187 187 189 187 189 191 191 190 190 191 190
198 199 199 197 196 197 198 201 201 204 203 200 189 190 195 199 201 200 201 196 193 191 196 194 194 197 196 194 199 200 196 193 194 194 195 203 201 204 204 205 211 211 210 211 211 211 211 212 212 212 212 212 212 212 212 210 208 207 207 208 209 209 208 207 205 201 201 208 209 199 191 197 196 184 181 187 187 181 178 180 182 185 183 180 188 193 190 189 192 192 190 190 191 190
199 200 200 200 199 200 199 201 203 202 203 202 192 194 194 191 194 198 198 197 195 192 191 192 195 197 199 201 201 202 198 196 198 201 199 204 207 207 198 199 206 210 211 212 211 211 210 212 212 213 213 213 213 212 212 208 206 206 208 208 208 209 208 208 206 207 209 210 207 198 201 193 186 178 180 185 183 180 183 182 185 186 186 184 190 197 196 192 191 193 191 190 192 191
200 200 200 200 201 201 201 202 199 200 201 201 196 197 196 192 196 198 199 199 197 197 196 193 193 194 196 200 203 206 205 206 205 204 205 206 209 209 204 201 205 208 211 211 209 210 211 212 212 213 213 214 213 212 212 212 209 207 208 209 209 209 210 208 206 207 210 211 205 208 204 192 189 185 180 183 180 182 183 181 183 182 186 194 196 199 197 193 190 194 192 189 191 192
200 200 199 201 201 201 201 200 196 196 194 196 197 198 198 197 196 198 200 201 199 200 200 199 196 192 195 198 199 204 205 205 206 208 208 209 209 210 206 199 205 208 210 210 209 210 211 212 212 212 212 213 214 214 214 212 210 208 208 210 209 210 211 210 208 208 210 210 211 210 208 204 201 199 194 192 186 177 179 181 180 185 192 188 194 199 198 196 192 194 191 189 190 190
200 200 200 201 200 200 200 196 193 191 192 195 197 198 199 198 198 199 200 203 202 202 202 201 196 192 194 192 195 195 196 194 196 203 207 209 211 211 207 204 209 210 209 209 210 210 211 212 213 213 208 212 214 214 213 211 210 208 208 210 210 211 211 210 210 207 210 211 211 209 199 195 192 196 186 183 183 178 179 181 180 191 189 184 187 198 194 194 192 194 193 189 188 191
199 199 198 198 198 199 198 198 194 192 196 197 198 199 201 201 200 200 201 203 205 205 204 202 201 195 190 191 192 193 195 199 204 207 210 211 211 212 212 210 212 212 212 212 211 211 211 212 212 214 213 213 215 213 213 208 210 208 209 210 211 211 211 211 211 212 210 209 210 209 198 189 194 197 186 183 186 183 177 183 185 190 190 188 192 197 199 195 193 195 194 191 188 190
195 195 196 198 195 196 198 200 200 197 195 194 198 198 199 201 203 205 205 205 208 208 206 203 202 197 190 190 191 192 194 201 197 199 205 210 209 211 212 213 213 213 213 213 214 214 212 212 210 213 214 215 215 214 214 212 213 210 209 211 211 212 212 212 212 212 210 210 211 210 203 199 200 195 193 192 191 186 181 181 182 184 189 191 191 198 198 194 194 196 193 190 187 190
198 199 200 201 201 198 200 201 203 203 202 196 196 197 197 200 203 205 209 208 210 209 209 205 203 201 198 192 193 194 197 197 198 203 207 210 204 209 211 212 211 212 213 213 214 214 214 214 212 212 212 214 213 210 211 214 214 213 209 210 212 213 212 213 212 212 210 210 210 209 209 204 199 195 194 192 187 185 182 181 179 178 184 189 185 198 197 193 197 195 194 191 188 191
201 202 202 203 203 201 200 200 201 204 205 204 195 195 199 200 200 199 205 210 211 212 209 206 205 209 210 208 198 193 195 192 197 200 204 207 203 206 209 210 211 212 212 213 213 214 214 215 215 212 213 215 211 208 204 209 213 214 210 210 211 213 213 213 212 211 211 210 209 207 210 209 202 198 197 193 191 185 183 185 180 180 179 182 191 199 196 197 198 201 200 194 188 192
202 204 204 203 204 204 204 204 203 204 206 206 205 200 197 197 198 203 205 208 213 213 212 209 207 211 212 212 212 200 202 193 198 200 205 207 202 203 206 209 211 212 213 213 214 214 215 215 215 211 214 215 211 207 200 199 213 214 208 204 210 212 214 213 213 212 212 211 209 208 209 209 208 204 192 194 189 183 187 197 184 184 192 196 200 203 201 200 199 196 191 188 191 193
203 202 204 205 205 205 205 206 203 203 205 207 207 205 205 203 201 203 208 210 211 213 214 209 211 212 213 214 215 214 213 201 194 196 202 204 205 201 202 209 210 211 212 213 214 214 214 215 215 214 214 215 211 204 202 210 213 215 211 200 207 213 213 213 212 212 212 210 207 208 209 210 209 207 196 203 202 205 202 206 200 199 196 205 204 206 204 197 195 187 183 186 187 190
201 202 204 205 206 206 207 207 207 205 205 207 208 207 207 208 206 204 207 209 211 213 214 215 215 215 213 216 216 216 215 213 196 195 200 201 203 208 207 210 211 211 212 213 214 215 215 215 216 217 215 213 213 213 213 214 215 216 216 204 207 209 211 213 212 212 211 210 206 208 209 209 209 210 207 207 207 209 208 208 206 203 200 207 206 205 204 199 196 189 184 185 188 190
200 203 204 206 206 207 207 207 208 208 208 208 209 209 209 209 209 209 210 211 213 214 214 215 216 215 216 217 217 217 217 216 211 203 193 195 206 206 212 213 212 212 212 213 215 215 216 216 217 218 217 214 212 213 214 212 213 213 216 214 207 202 205 212 213 212 212 208 207 208 208 207 208 209 208 208 203 205 208 207 205 201 204 206 206 205 204 199 190 191 189 186 186 187
203 204 204 205 206 206 207 207 208 209 209 208 209 210 210 210 211 210 211 212 214 215 215 216 216 214 214 215 216 216 217 217 216 213 200 201 204 209 208 215 214 213 212 213 215 215 215 216 216 217 217 216 213 215 210 203 204 200 214 217 208 197 202 207 211 211 211 210 207 208 207 206 208 209 209 208 207 205 208 208 207 208 207 205 204 204 203 202 199 190 189 188 183 179
205 205 206 206 207 207 208 208 208 209 209 209 209 210 210 211 211 212 212 213 214 213 214 215 215 215 211 210 214 214 217 218 217 216 214 212 213 212 208 216 215 214 213 213 213 213 215 215 216 216 217 218 217 215 209 202 205 211 215 218 214 204 206 207 208 210 209 210 207 207 203 198 208 209 209 208 205 201 207 207 208 207 203 207 205 205 204 203 200 192 186 186 186 180
206 207 207 207 208 208 209 209 209 208 209 210 210 210 210 211 211 212 212 213 213 212 212 215 214 213 210 212 212 215 217 219 218 218 217 215 213 215 214 216 216 215 215 214 215 215 216 216 216 217 217 218 217 213 213 211 209 215 217 219 217 213 208 203 204 207 209 208 208 207 206 206 209 209 209 207 205 201 200 201 207 206 200 206 206 206 203 201 198 193 189 185 187 183
207 207 207 208 209 209 209 208 208 208 209 209 209 209 210 211 211 211 211 211 212 212 213 214 214 213 212 212 212 214 216 216 219 218 218 218 215 216 217 218 217 216 216 213 215 215 217 217 217 218 217 218 218 215 215 215 215 217 217 218 219 219 214 205 203 202 206 207 208 210 207 208 209 209 209 207 204 200 195 198 204 205 195 204 206 206 205 204 199 196 194 190 188 187
208 208 208 208 208 208 209 208 208 208 209 209 208 208 210 211 210 210 209 211 212 212 213 213 213 213 213 214 215 215 216 217 218 219 219 219 218 219 219 219 218 217 218 215 215 217 217 218 219 219 219 219 219 218 217 216 215 218 217 217 216 220 219 218 217 214 205 206 209 213 210 208 208 208 208 209 208 207 199 196 201 202 186 200 203 204 201 202 197 192 194 192 192 187
208 208 209 209 208 208 208 208 207 207 208 208 208 209 210 210 210 209 208 211 211 212 212 213 212 212 213 214 214 216 216 217 217 218 217 219 220 219 218 219 219 219 219 217 215 217 218 219 219 219 219 220 219 218 217 216 215 217 219 217 217 219 219 220 219 219 217 214 211 214 214 206 208 207 208 208 208 207 205 197 199 200 176 197 201 200 196 197 199 191 191 191 191 187
208 208 209 208 208 207 208 208 206 207 206 207 208 209 210 210 209 207 208 210 211 211 211 211 211 209 212 212 213 214 216 216 216 216 217 217 218 217 217 217 219 219 219 219 216 215 217 218 219 219 218 219 220 220 218 218 218 218 220 220 219 211 210 214 219 219 219 218 212 214 216 211 206 206 208 208 207 207 207 205 196 198 173 196 200 199 200 196 194 189 186 187 190 189
208 208 208 208 207 206 207 208 206 205 204 207 208 209 210 210 209 207 206 208 209 210 210 209 209 208 210 209 211 214 215 213 209 214 216 215 217 217 215 217 218 218 219 220 220 217 218 219 220 218 217 218 219 220 220 219 220 220 220 220 220 212 209 205 212 215 218 219 217 216 217 215 205 205 205 207 207 203 204 202 201 192 171 197 198 196 199 198 194 193 190 190 190 192
208 208 208 208 207 205 206 207 207 206 205 207 208 209 209 210 208 204 204 206 206 208 209 207 204 202 205 209 211 212 213 213 212 212 214 214 216 216 217 215 218 218 219 219 220 220 219 220 220 219 218 217 217 219 220 221 221 221 221 219 221 213 212 207 206 211 215 219 218 216 218 216 205 202 207 205 204 202 198 194 196 178 174 195 194 193 197 198 198 198 205 206 204 201
208 208 208 207 207 204 205 207 207 207 206 206 208 207 208 209 208 202 204 201 201 206 205 204 201 203 205 207 208 211 211 212 212 213 214 214 214 215 216 215 218 218 219 219 220 220 217 219 220 219 218 218 217 218 220 219 219 220 220 216 218 217 212 208 205 203 205 214 219 215 217 216 212 205 210 211 206 203 200 198 194 180 170 191 190 194 197 200 203 203 206 206 210 210
208 207 208 207 206 205 204 206 206 206 205 207 207 207 207 209 208 203 200 198 199 204 204 203 201 201 205 207 209 210 211 211 212 213 214 215 215 216 216 213 214 211 216 215 219 219 218 217 219 219 218 219 220 220 219 218 219 220 219 219 220 222 219 214 208 208 210 205 214 218 215 216 215 215 214 216 213 208 204 203 200 179 174 187 189 192 197 198 202 206 208 207 210 211
207 207 207 206 206 202 200 204 204 201 204 206 206 206 207 208 205 198 202 203 203 204 206 207 207 207 208 208 209 211 212 212 213 213 213 215 215 216 217 217 217 215 214 216 215 218 220 220 219 218 218 219 220 220 219 219 220 220 219 220 219 220 223 219 216 210 208 200 208 214 215 215 217 217 218 218 214 207 209 203 200 198 188 190 189 195 199 203 208 208 209 207 208 211
206 205 205 206 205 202 200 203 201 201 204 205 203 204 206 206 199 199 200 204 205 207 208 209 210 210 210 210 211 212 213 213 214 215 215 215 216 216 217 218 218 217 217 219 218 219 219 220 219 218 216 217 219 219 219 219 219 219 219 220 222 223 223 222 215 215 210 203 196 207 214 216 216 218 219 218 218 214 213 213 210 206 195 191 193 195 196 198 207 211 208 209 208 212
