Artocarpus heterophyllus SDM files/Last glacial maximum/Environmental layers/bio19.asc
ncols  625
nrows  721
xllcorner  69.958333335383
yllcorner  5.95833333415099
cellsize 0.041666666667
NODATA_value  -9999
[rows 0 to 57 of 721, columns 192 to 287 of 625]
4 3 3 3 3 3 4 6 6 6 5 3 3 3 4 4 4 5 4 5 5 5 5 5 5 4 4 4 2 2 3 5 5 5 4 5 4 4 3 3 3 3 4 5 5 4 4 4 2 2 2 3 3 3 4 4 4 5 5 5 5 5 5 5 5 5 5 5 5 4 5 5 4 5 6 5 5 5 5 5 5 5 5 5 3 6 7 6 6 5 3 3 3 3 5 5
4 3 4 3 3 4 4 6 8 8 6 4 5 3 3 3 3 4 5 4 4 4 5 5 5 5 5 5 4 3 2 3 4 4 4 5 4 4 4 4 4 3 3 3 3 3 3 3 3 3 2 4 3 3 3 3 2 3 4 3 2 3 4 4 4 5 5 6 5 5 5 5 5 5 5 7 7 6 6 6 7 6 5 4 2 5 7 6 4 4 3 5 5 4 6 5
3 4 7 5 3 5 5 5 6 6 7 4 4 4 3 4 4 4 4 3 3 3 4 5 5 4 4 3 2 3 2 3 2 3 5 5 5 4 5 5 4 4 4 5 3 4 5 5 4 2 3 3 3 4 5 5 4 5 4 5 4 4 3 2 3 4 4 6 6 6 6 6 6 6 7 7 7 7 5 5 6 7 6 5 4 4 6 7 5 4 4 5 6 6 6 6
3 3 5 4 3 5 5 5 6 6 5 4 3 3 3 3 5 5 5 4 4 3 3 3 3 2 2 2 4 4 4 3 4 2 3 4 5 5 5 5 4 5 4 4 4 4 5 4 4 3 4 3 4 4 5 5 5 5 5 5 5 4 4 4 3 3 3 3 3 3 5 4 4 4 4 5 6 6 5 5 5 5 6 7 6 6 7 7 7 6 6 6 6 6 5 6
3 5 5 5 4 5 4 4 6 5 3 3 3 3 4 5 7 4 4 3 3 4 3 2 3 2 4 5 5 5 5 4 4 4 4 4 5 5 5 5 5 5 5 4 5 4 5 4 4 3 4 4 3 4 5 6 5 6 5 5 5 5 5 4 4 4 3 3 3 4 4 3 6 6 5 5 5 5 5 5 5 5 5 6 6 7 7 6 6 6 6 5 4 3 4 4
5 7 5 6 6 5 5 5 4 4 5 5 5 7 7 4 4 4 4 5 4 5 4 3 3 4 4 4 5 5 4 4 5 4 3 4 6 6 5 6 5 5 5 5 5 5 5 4 3 5 5 5 4 4 4 5 5 5 6 6 5 5 4 4 5 5 5 5 4 6 5 3 6 7 7 6 5 5 5 5 5 5 5 4 3 4 4 5 5 5 5 4 4 5 6 6
5 5 5 7 8 5 6 6 4 7 7 6 5 7 7 5 7 7 6 6 4 5 5 4 2 4 5 5 5 5 4 4 3 2 4 4 6 7 7 6 7 5 6 5 5 5 5 5 5 4 4 3 4 5 5 6 6 6 6 7 5 5 3 5 5 5 5 5 5 5 3 3 4 6 7 7 7 7 6 5 5 5 5 3 2 4 3 4 4 5 5 5 7 6 5 6
8 7 6 8 6 8 7 7 6 5 6 3 4 7 4 4 6 6 6 7 6 5 5 5 4 2 5 5 5 4 3 4 2 2 3 5 5 5 4 6 7 6 6 5 6 6 5 6 5 4 5 4 6 5 5 5 5 6 6 6 6 5 5 5 6 5 4 5 5 5 4 4 3 6 5 6 6 7 7 6 6 5 6 5 5 4 5 3 3 6 5 5 6 5 4 6
8 7 9 9 8 8 8 8 6 7 5 3 4 6 4 3 5 7 6 5 7 5 4 4 4 2 4 5 5 4 4 3 3 2 5 5 5 3 4 6 7 7 7 6 6 6 6 7 5 5 6 5 5 5 6 6 5 6 6 6 5 5 5 6 6 6 6 6 6 5 6 4 5 3 3 3 4 6 6 6 6 6 6 6 6 5 4 3 5 6 5 6 6 6 4 5
11 9 9 10 11 10 8 9 8 6 4 5 4 5 4 5 3 6 7 7 6 5 5 4 5 4 3 4 4 3 3 2 3 2 2 5 4 3 5 6 6 7 7 6 6 6 6 7 6 6 6 5 5 6 5 7 6 6 6 5 5 5 6 6 5 5 4 4 4 4 4 4 6 5 5 4 3 4 5 6 5 6 6 5 5 5 5 5 5 6 5 5 5 6 6 5
13 12 11 10 9 9 8 10 9 9 5 9 6 7 6 5 3 5 6 7 8 7 7 3 4 5 5 4 3 3 3 4 3 2 2 2 4 3 4 6 5 6 7 7 7 7 6 7 7 7 6 5 7 7 6 7 7 6 7 6 5 6 6 7 5 5 5 4 5 5 6 5 4 6 6 5 5 4 4 4 5 5 5 5 5 5 6 5 5 5 5 5 5 6 6 6
14 12 11 11 10 11 8 9 11 9 6 7 8 9 7 4 4 3 6 4 5 6 5 3 4 4 5 5 4 4 4 3 3 2 2 2 2 2 2 3 4 6 7 7 7 6 7 7 7 7 5 5 7 7 7 7 8 7 7 7 7 7 7 7 6 6 6 5 7 6 7 6 5 7 6 6 6 6 5 5 6 5 5 5 6 7 7 6 5 6 6 5 5 4 4 5
14 13 13 10 10 10 9 8 7 8 10 10 9 9 7 7 5 4 3 3 6 6 3 3 3 3 4 4 5 5 5 4 4 4 4 3 4 3 2 2 3 5 6 7 6 5 7 7 7 7 6 6 6 6 8 9 9 8 8 7 7 7 8 7 8 7 6 6 8 7 8 7 5 7 7 7 7 6 6 5 5 6 5 6 7 7 9 7 7 6 5 5 5 6 6 8
15 10 11 10 11 10 8 11 10 5 8 10 10 8 6 8 4 3 4 3 3 3 3 3 3 3 4 3 3 3 3 3 3 4 4 4 4 3 3 3 3 4 5 6 6 4 6 7 6 8 7 7 7 6 5 8 9 10 10 9 9 10 8 7 8 8 7 6 9 8 8 6 7 8 8 7 7 7 7 7 6 6 6 7 7 8 9 7 7 7 6 6 7 6 8 9
11 10 10 13 9 7 6 9 7 8 7 7 6 9 8 8 6 5 4 5 3 4 6 5 4 4 3 3 4 4 3 3 3 2 2 2 3 3 3 3 3 4 4 5 6 5 4 7 6 8 8 8 9 8 5 5 7 10 10 10 10 10 9 9 9 7 9 7 8 9 7 7 8 9 9 9 7 8 8 7 7 7 7 7 7 9 9 7 7 8 8 7 6 7 9 10
7 7 7 7 9 6 8 11 11 9 8 8 8 8 9 9 8 7 6 7 5 3 3 6 6 5 4 3 4 3 4 4 4 3 3 2 2 2 3 4 5 5 5 5 5 3 5 6 6 5 7 6 9 6 5 9 6 9 9 10 10 10 9 9 10 9 9 8 9 9 7 8 9 9 8 9 9 9 8 8 8 8 9 9 9 10 7 7 7 9 8 7 8 8 9 9
10 9 9 6 6 6 6 8 9 9 8 7 8 7 7 8 8 6 7 7 4 4 4 4 6 6 6 4 4 3 4 4 4 4 3 3 3 3 4 5 3 3 4 3 3 3 6 6 6 6 7 6 6 4 7 10 6 9 6 7 9 10 10 10 10 10 10 10 10 9 10 9 10 10 8 8 10 9 10 9 8 9 11 11 10 8 7 7 7 10 10 9 9 10 10 10
11 9 7 7 10 10 10 10 8 11 10 11 10 11 10 9 8 8 6 4 6 7 7 4 4 5 6 5 5 5 3 5 5 5 4 3 3 3 2 3 3 3 4 3 3 3 4 4 5 6 6 6 7 8 4 7 8 9 7 6 9 9 9 10 10 10 10 10 9 9 11 11 11 11 10 10 9 9 9 9 8 10 12 11 10 9 7 7 7 10 11 11 10 10 10 10
11 15 11 10 12 15 11 14 14 10 9 11 10 8 12 12 11 9 8 6 6 9 8 4 7 6 5 6 5 4 4 4 5 4 4 4 3 3 3 3 3 3 3 3 3 3 3 3 4 6 6 4 5 5 6 7 8 9 7 5 6 8 9 10 11 12 11 10 9 9 11 10 10 9 11 12 9 9 6 7 8 11 12 12 10 8 7 8 10 11 11 11 11 10 10 10
9 11 14 11 7 12 14 14 14 12 10 11 12 10 9 12 12 11 8 5 10 9 9 7 5 7 6 5 5 4 4 4 5 4 3 3 3 3 3 3 3 3 2 2 3 3 3 3 3 4 5 4 5 5 6 7 8 8 10 8 9 6 9 10 10 11 11 10 8 11 11 10 8 8 8 11 8 7 7 7 11 12 12 11 10 7 8 9 10 10 12 10 10 10 10 10
14 8 13 9 9 10 10 11 13 14 12 12 12 12 11 9 11 10 8 5 10 10 10 7 6 7 7 5 4 3 4 4 4 4 5 4 3 3 3 3 4 5 4 3 2 2 3 3 3 3 3 3 4 5 7 4 5 7 6 5 8 7 9 9 9 10 10 7 11 12 11 10 10 9 8 9 10 8 9 9 11 12 11 11 9 8 8 10 10 10 10 11 10 10 9 8
17 10 6 15 13 13 15 15 13 12 13 11 14 12 10 7 9 8 6 6 10 10 10 8 8 7 6 5 5 4 6 4 5 6 5 4 4 3 3 3 3 4 7 5 4 3 3 2 2 3 3 3 3 3 3 3 4 5 5 4 5 7 5 6 8 10 10 7 11 11 11 10 10 7 7 7 8 9 9 8 10 11 10 9 9 9 9 10 10 9 8 9 9 8 7 7
13 12 10 13 14 12 11 13 15 8 12 9 11 12 12 11 10 8 7 8 10 10 12 10 9 8 8 7 5 5 5 5 6 7 6 4 4 5 3 3 3 4 7 6 6 6 5 3 3 3 3 3 3 3 3 3 3 3 3 5 5 6 5 5 5 6 8 7 10 10 10 7 6 5 5 5 5 5 5 6 8 6 7 8 7 7 7 7 6 6 5 5 6 6 5 5
9 11 15 14 10 8 7 6 7 7 8 7 9 9 9 10 8 9 7 5 8 11 10 9 9 9 9 8 7 6 6 5 5 6 5 4 4 6 4 5 3 3 3 4 4 4 3 3 3 5 3 2 2 2 3 3 3 3 3 3 3 5 5 5 5 5 6 6 7 7 8 5 5 5 5 5 5 5 5 7 9 8 6 7 6 5 5 5 5 5 5 6 7 7 7 5
9 8 12 16 17 16 13 14 14 13 13 13 11 11 9 7 9 10 10 8 9 9 11 9 9 8 8 8 8 8 7 7 7 7 6 4 4 4 4 6 5 3 3 3 3 3 3 3 3 6 4 4 3 3 5 5 3 4 4 3 3 3 4 6 6 5 5 5 5 5 5 5 5 5 5 5 6 7 6 6 7 6 5 5 4 3 4 5 5 5 7 9 9 8 6 5
11 6 6 11 16 18 15 11 15 15 15 15 12 11 10 8 7 9 11 12 10 11 10 11 9 8 8 8 7 7 5 6 6 6 7 7 4 4 5 4 4 4 3 3 3 3 3 3 3 5 4 5 3 4 3 6 5 5 6 6 5 3 3 5 5 5 5 5 6 9 8 9 7 8 8 7 8 7 9 8 7 7 5 5 3 3 5 4 4 4 5 6 6 5 5 5
14 10 6 5 9 17 18 16 12 9 14 15 15 13 13 11 10 10 8 9 9 8 9 8 6 5 5 7 6 5 5 5 5 5 5 7 6 6 5 5 5 4 3 4 4 5 4 3 4 4 5 5 4 4 4 5 5 6 5 4 3 2 3 5 5 6 7 5 6 8 10 9 7 8 8 9 8 8 7 7 5 4 4 5 4 4 5 4 5 3 5 6 5 5 5 5
20 18 15 8 7 12 16 12 12 10 15 11 13 15 15 11 13 11 9 8 7 6 6 5 5 5 5 5 5 5 5 5 5 5 5 5 7 7 7 7 6 5 5 5 7 7 6 7 5 4 4 6 6 4 2 4 3 4 5 5 5 6 5 6 5 6 5 6 6 6 9 9 8 7 5 5 5 5 4 4 3 4 5 4 3 4 4 5 5 5 5 6 6 5 6 5
13 13 18 12 6 13 15 7 13 17 14 14 9 10 15 12 8 12 11 8 8 8 8 6 5 5 5 5 5 5 5 5 5 5 5 5 5 6 7 7 8 6 7 7 8 7 5 6 5 4 4 6 5 5 6 7 6 6 7 5 6 4 6 8 7 6 4 4 5 6 7 8 6 6 5 6 6 6 5 4 4 5 5 5 5 5 5 5 5 5 6 5 8 7 5 6
21 15 13 18 6 10 11 9 11 15 16 14 9 13 14 9 7 12 10 9 9 9 10 9 7 5 5 5 5 5 5 5 5 5 5 5 5 6 6 5 6 7 9 8 9 9 8 8 6 5 6 4 4 3 5 9 9 7 6 5 5 5 7 9 8 7 5 5 5 7 8 8 8 7 6 6 5 4 3 3 5 4 5 5 5 5 5 6 6 6 5 5 6 5 4 5
20 16 8 10 7 13 14 11 6 9 10 8 10 11 10 12 13 11 10 12 10 9 9 8 9 8 7 6 6 5 5 5 5 5 5 5 5 5 5 5 5 5 7 8 8 8 9 8 7 7 6 6 5 4 4 6 8 8 7 7 8 6 9 9 8 6 5 5 5 7 8 6 7 5 5 4 4 5 5 4 5 5 5 5 5 6 7 7 7 6 6 5 5 4 4 5
16 11 20 14 6 9 15 18 9 15 9 6 9 10 12 15 13 12 10 10 12 10 8 8 8 7 7 7 8 8 6 6 5 5 5 5 6 5 5 5 5 5 5 6 6 6 7 6 6 5 6 7 8 8 6 6 8 9 7 7 7 6 7 9 8 6 6 7 8 8 8 6 6 6 5 4 4 5 5 5 5 5 6 7 6 5 5 5 5 5 5 4 3 3 4 5
20 15 23 17 14 8 14 19 13 13 17 12 9 7 8 6 9 11 12 10 12 10 11 10 11 8 9 9 8 8 8 8 7 7 6 6 7 6 6 5 5 5 5 5 5 5 5 5 6 5 7 6 8 9 6 5 5 7 4 5 3 3 4 5 5 5 5 5 5 6 5 7 8 7 7 6 5 7 5 5 6 7 6 6 6 5 5 5 4 5 4 4 3 4 5 6
17 24 23 16 9 8 15 16 16 16 14 14 15 12 13 8 12 12 12 11 13 13 13 13 12 11 11 10 10 8 8 8 8 8 7 8 8 8 7 6 5 5 6 5 6 6 5 5 7 5 6 6 5 5 3 3 5 4 3 3 2 2 4 5 5 5 5 5 5 5 5 5 5 5 5 6 5 5 5 6 7 7 7 7 7 6 5 4 4 6 5 5 4 5 6 7
23 26 22 20 13 11 8 16 16 16 17 18 16 14 16 13 14 14 11 11 12 14 14 14 14 13 12 10 11 9 8 8 8 8 8 8 8 8 7 7 8 7 7 6 6 7 5 5 6 5 5 4 3 3 4 4 5 4 3 4 5 5 5 6 6 6 7 7 7 5 5 5 5 5 5 6 6 5 6 7 8 8 9 8 7 7 5 5 5 4 5 5 6 7 6 5
25 26 22 17 19 13 7 17 19 14 17 18 16 12 17 15 13 13 13 12 11 12 12 12 12 14 14 12 12 9 9 10 10 9 9 9 9 9 8 8 8 9 7 7 7 7 6 5 5 5 5 4 4 3 5 6 7 6 5 3 4 7 7 6 8 9 8 7 6 6 5 6 4 5 5 8 7 5 5 5 8 8 8 8 7 5 6 6 5 4 3 4 6 7 6 6
21 25 24 21 22 17 11 9 12 15 20 20 18 13 12 16 16 12 14 16 13 10 7 9 9 14 15 14 12 10 10 11 10 10 10 11 10 10 10 9 8 8 8 8 8 7 6 5 5 5 5 5 5 7 7 8 8 5 6 3 6 7 6 7 8 9 9 9 8 7 7 6 5 5 5 8 8 7 5 7 7 7 8 8 8 7 6 7 6 4 4 3 5 6 5 5
27 24 24 24 18 16 15 12 5 11 14 17 18 16 13 13 13 10 9 12 12 11 11 8 13 14 14 14 14 14 13 12 11 12 12 12 12 12 11 9 8 7 6 8 7 6 5 5 5 5 5 5 6 9 8 7 6 5 5 4 6 5 8 8 7 8 9 9 10 8 7 6 5 5 7 8 8 7 5 5 7 8 8 8 9 7 7 7 5 5 4 4 4 5 4 4
26 26 24 20 22 22 14 12 6 12 18 17 18 18 16 16 15 13 13 10 8 10 9 13 15 15 15 14 12 13 13 12 11 12 11 11 11 11 10 9 8 7 6 8 9 7 6 5 7 8 7 7 7 8 8 7 6 6 5 3 6 7 9 8 7 7 8 10 11 10 8 7 6 7 7 8 7 7 6 5 7 8 8 8 8 7 7 9 7 6 5 5 5 5 5 4
23 20 18 24 17 14 12 6 8 18 22 20 20 20 21 20 19 17 18 16 14 11 6 13 14 13 11 10 8 8 8 8 7 7 7 9 12 12 11 11 9 7 6 7 10 9 8 8 10 9 8 7 7 7 8 7 7 7 6 5 6 7 9 8 6 6 9 11 11 11 9 7 7 8 8 8 8 8 5 5 7 9 7 7 8 7 7 7 8 9 7 6 5 6 7 7
23 22 16 20 24 22 20 11 8 20 21 17 19 14 13 19 14 16 12 11 11 8 7 6 6 8 8 5 12 12 7 5 6 9 10 12 14 14 12 11 10 8 6 5 8 11 10 10 10 10 9 9 9 10 9 8 9 6 6 7 7 7 9 8 5 6 8 10 11 10 9 9 9 9 8 8 7 5 7 7 7 7 8 7 8 8 6 6 7 9 9 8 6 7 9 8
26 22 17 12 20 23 19 8 10 11 14 10 8 10 10 9 10 7 7 6 8 8 9 7 8 7 6 7 10 11 9 6 7 6 11 12 13 14 13 12 11 9 6 5 5 10 11 10 11 10 10 9 7 6 6 7 7 5 7 7 5 6 8 7 5 5 8 11 12 10 8 7 6 8 9 8 7 7 6 7 5 8 7 6 7 8 9 7 6 8 9 9 8 6 9 9
28 26 21 13 10 22 19 7 17 22 19 19 16 16 20 15 18 13 6 7 14 16 13 10 9 11 8 10 9 10 11 11 11 8 11 12 13 14 12 12 11 9 5 5 5 9 12 9 9 11 9 7 4 6 9 9 7 5 5 7 6 5 8 7 7 6 7 10 11 11 10 8 6 8 9 9 9 8 6 6 6 9 8 6 5 7 8 6 6 8 8 7 7 7 8 9
27 26 26 16 8 17 16 8 22 21 20 21 22 21 22 18 20 16 11 9 14 17 14 14 13 12 13 9 11 14 14 12 12 9 11 14 14 14 14 12 8 6 5 5 5 9 11 8 6 6 5 6 5 4 6 8 9 8 5 7 6 5 5 5 6 6 6 8 10 10 10 7 7 9 9 9 7 6 6 5 6 6 7 6 5 5 5 6 7 8 7 7 7 7 7 7
14 14 12 11 10 7 8 13 21 20 21 19 16 22 23 21 21 16 10 15 18 18 17 17 14 16 14 10 9 13 11 12 10 13 12 10 11 11 10 8 7 5 5 5 9 11 10 10 10 9 10 10 9 7 5 7 8 6 5 8 6 6 6 4 4 6 5 5 7 9 8 6 8 8 7 8 8 6 5 7 8 5 4 3 4 3 4 5 6 5 5 5 6 7 8 7
23 19 13 8 15 16 15 25 23 18 21 10 12 19 22 22 23 20 18 16 19 17 13 18 10 16 14 10 6 9 9 10 10 13 15 13 11 11 9 7 7 6 5 5 10 12 10 10 10 9 9 10 9 8 5 9 8 6 6 8 6 7 8 6 4 3 4 5 7 9 8 8 8 8 7 8 6 6 7 8 8 6 5 3 2 2 2 5 6 4 5 6 7 6 7 7
28 27 25 15 9 20 14 17 24 16 15 8 15 15 19 21 22 21 19 16 15 19 12 17 10 11 10 11 11 9 14 12 11 13 15 14 13 11 8 7 8 7 6 5 11 12 11 8 7 6 6 8 9 6 6 9 8 7 5 8 5 6 8 5 3 4 3 3 6 8 7 8 8 7 7 7 6 5 6 6 7 7 7 6 4 2 2 2 2 2 3 6 6 6 6 6
30 26 17 14 10 11 18 11 12 19 13 8 12 17 16 17 21 22 22 17 12 14 10 10 9 11 11 12 13 12 16 16 15 15 16 14 11 9 9 12 10 9 7 8 11 12 10 8 9 8 7 6 5 5 4 5 6 6 5 7 4 7 8 4 3 2 3 2 4 3 4 7 7 8 5 5 5 4 3 3 6 6 7 6 2 2 4 2 2 2 4 2 3 5 5 6
30 28 23 13 10 12 20 24 18 11 10 8 8 13 16 13 18 16 20 18 13 8 7 15 16 16 14 13 14 13 11 14 12 16 16 15 14 11 12 14 12 12 12 13 14 12 11 10 9 9 10 7 8 6 6 5 4 2 3 3 6 7 7 5 6 6 4 2 2 2 2 3 6 7 8 7 5 3 5 3 3 3 4 3 2 4 6 3 2 2 6 2 2 3 6 7
32 24 17 21 18 18 14 13 26 22 15 8 7 10 16 9 13 17 19 16 17 13 9 11 13 16 16 12 7 12 12 9 11 13 14 15 14 11 12 13 14 15 13 12 15 13 12 11 10 7 9 10 10 6 6 7 6 4 7 3 2 4 7 6 7 7 6 4 4 3 2 2 2 5 7 8 5 4 6 5 3 2 2 3 5 6 5 4 2 2 5 5 3 2 2 4
36 31 28 32 26 18 13 9 21 27 23 13 8 7 9 12 20 23 20 20 17 12 9 6 14 17 14 14 11 6 8 10 13 14 12 13 14 10 14 13 13 12 12 13 15 12 12 11 10 9 6 7 9 9 8 8 6 7 7 6 4 3 6 8 7 7 7 5 2 5 3 2 2 2 4 4 5 6 5 5 6 5 3 2 3 4 5 5 4 3 5 5 5 5 3 2
39 36 36 35 30 21 24 16 10 17 24 26 16 8 7 9 18 22 23 19 19 19 18 10 12 17 13 11 12 7 11 11 14 11 12 10 13 12 10 12 13 15 11 8 12 11 12 12 10 7 7 8 9 7 5 9 9 7 7 7 6 3 6 8 7 7 7 5 5 7 7 5 3 2 3 3 4 6 7 7 6 5 2 3 2 2 6 5 5 5 6 4 5 4 4 2
38 39 37 38 35 31 32 29 17 10 14 27 26 17 9 8 9 15 19 22 17 19 18 11 6 14 16 9 9 8 14 13 14 14 10 8 8 6 9 10 14 14 14 13 7 7 5 8 11 6 6 7 9 8 6 6 6 5 4 5 4 3 5 5 7 8 6 6 7 7 6 7 8 6 4 5 5 3 5 7 5 5 3 5 4 3 4 5 3 6 5 5 6 5 5 2
26 26 23 33 39 38 36 28 24 18 10 19 27 24 15 8 7 10 13 17 16 12 18 15 6 8 9 7 11 6 9 9 10 14 11 9 5 5 7 11 13 13 14 14 12 13 9 6 6 6 7 8 9 5 8 5 4 3 3 2 2 2 2 3 4 5 5 6 7 5 6 7 7 8 7 7 5 5 6 6 5 5 3 5 6 5 4 4 4 5 6 6 6 6 5 4
17 27 37 30 36 40 38 36 32 26 18 12 27 28 23 13 7 8 7 10 7 6 7 6 6 7 8 6 5 5 6 5 6 7 5 6 4 4 5 8 10 10 13 11 11 9 11 11 6 8 9 7 7 3 3 3 3 2 6 5 6 4 4 4 2 2 3 4 5 5 7 7 7 8 7 8 8 7 5 5 4 3 4 6 6 7 7 6 5 4 5 5 5 5 5 4
13 25 41 41 44 41 42 38 34 29 29 19 15 26 28 17 8 9 6 7 10 7 8 6 12 16 19 12 9 11 10 5 8 8 5 9 10 8 4 4 6 7 11 13 9 10 5 6 4 7 5 4 4 5 5 5 7 6 4 2 6 6 6 7 5 3 3 3 2 3 3 3 6 7 7 8 8 7 6 7 5 2 2 5 7 7 7 7 7 7 6 5 4 4 6 4
20 15 18 23 30 37 40 42 39 38 35 27 23 17 22 24 11 13 13 14 16 15 17 11 12 17 18 18 13 13 9 5 10 10 5 8 11 10 6 5 4 4 6 8 6 6 5 9 7 5 7 9 8 8 6 8 7 6 4 3 2 2 3 5 7 7 7 7 6 5 3 2 3 4 4 6 8 7 6 6 4 3 4 6 7 7 7 7 6 7 7 7 6 6 6 5
31 34 20 25 41 42 46 44 43 39 36 34 29 20 17 11 9 8 15 16 11 17 19 15 19 19 18 19 19 14 8 6 10 8 5 5 6 10 7 5 4 3 3 3 4 8 9 9 9 9 9 8 6 9 7 6 4 5 7 7 5 6 3 2 4 6 7 8 8 7 7 6 4 6 3 4 4 5 5 2 3 6 5 3 5 6 7 7 6 7 7 6 7 7 7 7
