Artocarpus heterophyllus SDM files/Last glacial maximum/Environmental layers/bio1.asc
ncols  625
nrows  721
xllcorner  69.958333335383
yllcorner  5.95833333415099
cellsize 0.041666666667
NODATA_value  -9999
[rows 0 to 41 of 721, columns 188 to 281 of 625]
-199 -195 -196 -177 -160 -142 -146 -148 -148 -149 -152 -164 -176 -179 -171 -162 -160 -159 -164 -168 -164 -172 -173 -194 -208 -228 -219 -211 -206 -206 -197 -185 -133 -120 -154 -195 -196 -221 -181 -216 -207 -202 -171 -174 -167 -159 -174 -191 -211 -194 -190 -182 -110 -73 -80 -94 -108 -102 -132 -147 -167 -172 -165 -167 -158 -167 -196 -217 -190 -174 -164 -157 -165 -126 -139 -168 -140 -155 -209 -207 -197 -192 -189 -202 -212 -201 -204 -167 -124 -163 -209 -234 -213 -185
-196 -198 -197 -186 -158 -146 -153 -148 -148 -151 -155 -165 -179 -190 -188 -173 -175 -159 -151 -149 -152 -164 -178 -170 -167 -186 -210 -222 -222 -219 -201 -195 -173 -145 -126 -134 -169 -180 -187 -223 -205 -181 -192 -198 -197 -175 -161 -158 -154 -156 -157 -149 -147 -122 -106 -128 -109 -98 -116 -105 -98 -125 -140 -135 -113 -101 -132 -152 -150 -194 -202 -220 -217 -206 -201 -196 -191 -186 -190 -221 -229 -227 -207 -196 -193 -195 -174 -151 -127 -147 -194 -206 -176 -150
-180 -189 -183 -164 -152 -153 -166 -161 -153 -159 -160 -165 -174 -183 -192 -181 -172 -163 -152 -155 -166 -167 -173 -168 -162 -152 -171 -185 -203 -184 -183 -143 -134 -150 -138 -165 -140 -153 -200 -244 -230 -201 -239 -212 -195 -171 -185 -211 -172 -171 -215 -212 -191 -128 -124 -111 -108 -120 -168 -173 -149 -172 -154 -171 -159 -154 -118 -104 -118 -162 -154 -182 -175 -184 -204 -195 -181 -174 -174 -185 -193 -190 -180 -172 -170 -173 -172 -164 -150 -146 -174 -198 -195 -167
-192 -188 -179 -161 -153 -155 -162 -161 -158 -162 -165 -172 -180 -187 -180 -172 -156 -150 -146 -157 -195 -233 -210 -186 -166 -148 -152 -147 -142 -135 -138 -144 -168 -178 -199 -175 -175 -154 -163 -200 -230 -228 -231 -213 -185 -211 -206 -181 -184 -187 -208 -188 -172 -148 -178 -127 -133 -142 -154 -190 -183 -206 -222 -211 -205 -154 -159 -162 -132 -117 -123 -131 -134 -122 -144 -138 -146 -148 -149 -161 -171 -181 -172 -166 -163 -161 -162 -168 -178 -186 -195 -208 -205 -193
-207 -196 -196 -166 -157 -163 -166 -167 -166 -171 -171 -173 -182 -181 -171 -169 -168 -169 -176 -194 -226 -192 -173 -160 -160 -179 -160 -145 -152 -147 -173 -200 -202 -202 -223 -190 -197 -187 -176 -177 -187 -198 -222 -231 -229 -222 -218 -182 -217 -206 -207 -202 -184 -153 -173 -180 -147 -161 -181 -199 -203 -222 -252 -238 -238 -189 -203 -174 -160 -150 -142 -136 -140 -144 -143 -129 -191 -194 -187 -176 -178 -180 -172 -161 -158 -155 -155 -158 -161 -169 -167 -163 -167 -169
-195 -200 -186 -169 -166 -177 -172 -174 -184 -183 -178 -178 -176 -177 -188 -202 -196 -219 -228 -193 -184 -189 -200 -207 -183 -216 -196 -164 -167 -176 -180 -190 -209 -213 -210 -199 -200 -184 -161 -168 -198 -214 -213 -233 -239 -218 -199 -213 -217 -215 -200 -193 -179 -190 -203 -201 -173 -174 -175 -196 -223 -202 -241 -249 -231 -214 -182 -164 -187 -170 -185 -169 -144 -179 -177 -124 -168 -201 -212 -219 -219 -216 -201 -190 -159 -152 -150 -148 -148 -148 -149 -154 -156 -151
-189 -186 -175 -178 -175 -173 -176 -184 -196 -188 -191 -191 -183 -202 -225 -212 -183 -201 -205 -185 -211 -239 -242 -240 -215 -203 -225 -181 -155 -176 -189 -200 -207 -222 -207 -188 -165 -155 -165 -177 -189 -205 -206 -209 -222 -214 -227 -216 -206 -206 -203 -192 -193 -186 -183 -167 -181 -199 -206 -214 -244 -227 -218 -239 -228 -203 -162 -187 -199 -192 -181 -167 -170 -176 -143 -129 -136 -177 -204 -211 -233 -233 -221 -205 -178 -163 -152 -147 -145 -145 -145 -146 -148 -149
-196 -201 -186 -186 -195 -189 -184 -196 -191 -203 -207 -209 -206 -192 -192 -173 -176 -193 -178 -166 -190 -197 -207 -226 -232 -218 -223 -209 -184 -161 -187 -188 -199 -189 -174 -174 -156 -152 -156 -177 -184 -186 -174 -193 -219 -230 -218 -212 -214 -216 -205 -221 -226 -197 -205 -181 -207 -200 -195 -193 -200 -203 -226 -220 -209 -192 -189 -186 -206 -190 -175 -181 -177 -185 -181 -159 -129 -163 -163 -168 -188 -203 -224 -226 -205 -189 -182 -172 -156 -151 -150 -147 -147 -160
-194 -191 -190 -195 -203 -196 -207 -213 -211 -208 -204 -207 -196 -195 -184 -162 -164 -181 -174 -157 -173 -201 -212 -208 -225 -214 -198 -196 -191 -165 -180 -189 -191 -173 -176 -160 -157 -154 -169 -184 -183 -161 -167 -187 -215 -214 -216 -208 -207 -208 -220 -241 -239 -224 -236 -213 -193 -202 -216 -218 -197 -203 -208 -208 -202 -195 -191 -213 -204 -205 -212 -223 -217 -209 -210 -166 -157 -144 -139 -146 -154 -177 -191 -193 -200 -189 -186 -190 -186 -176 -163 -151 -156 -176
-209 -199 -206 -216 -223 -214 -207 -211 -215 -219 -205 -203 -201 -187 -174 -179 -177 -185 -176 -178 -161 -190 -222 -236 -228 -215 -211 -182 -191 -183 -170 -187 -185 -167 -160 -153 -158 -153 -154 -168 -173 -161 -173 -189 -197 -196 -211 -205 -206 -222 -218 -241 -247 -244 -244 -207 -198 -206 -203 -217 -212 -202 -206 -202 -199 -198 -220 -220 -208 -203 -191 -182 -180 -169 -164 -164 -193 -188 -185 -152 -152 -156 -166 -181 -173 -186 -185 -185 -184 -177 -179 -181 -185 -200
-208 -204 -212 -232 -232 -223 -218 -211 -205 -204 -200 -205 -202 -217 -183 -216 -200 -202 -204 -188 -157 -177 -198 -219 -224 -207 -214 -175 -182 -190 -189 -186 -173 -164 -162 -169 -167 -156 -152 -154 -162 -159 -167 -181 -175 -186 -203 -196 -201 -223 -206 -230 -220 -218 -220 -199 -214 -223 -220 -218 -227 -207 -220 -216 -206 -215 -223 -239 -225 -199 -189 -171 -194 -195 -212 -199 -168 -216 -233 -197 -196 -168 -165 -173 -185 -185 -188 -188 -190 -191 -208 -206 -210 -214
-211 -206 -213 -220 -220 -211 -207 -207 -203 -201 -198 -197 -208 -207 -192 -198 -202 -219 -204 -183 -174 -158 -186 -176 -182 -198 -190 -165 -172 -179 -188 -191 -184 -180 -176 -173 -164 -158 -155 -154 -156 -158 -155 -158 -163 -180 -186 -189 -202 -195 -195 -210 -213 -216 -193 -190 -199 -210 -209 -228 -227 -228 -233 -232 -234 -231 -244 -248 -221 -230 -222 -192 -249 -225 -249 -247 -190 -234 -244 -235 -241 -219 -216 -195 -243 -225 -196 -197 -203 -210 -251 -250 -236 -240
-208 -207 -216 -214 -212 -212 -213 -202 -203 -202 -198 -195 -191 -193 -205 -210 -214 -219 -203 -205 -193 -170 -158 -165 -184 -199 -167 -160 -162 -168 -177 -180 -190 -192 -190 -183 -178 -178 -179 -171 -173 -167 -158 -156 -157 -165 -178 -182 -183 -180 -193 -206 -198 -217 -199 -203 -195 -191 -199 -208 -229 -242 -246 -244 -247 -242 -253 -242 -242 -250 -221 -218 -256 -242 -259 -244 -210 -245 -248 -246 -252 -235 -243 -217 -220 -251 -211 -208 -217 -227 -258 -261 -252 -243
-208 -200 -197 -199 -215 -202 -201 -196 -204 -201 -192 -200 -200 -190 -196 -217 -216 -209 -201 -203 -185 -174 -178 -169 -162 -163 -162 -163 -163 -171 -182 -174 -170 -171 -170 -166 -169 -181 -181 -183 -174 -165 -159 -157 -158 -163 -171 -180 -187 -179 -183 -202 -189 -207 -207 -211 -203 -193 -185 -195 -207 -230 -234 -248 -242 -250 -253 -247 -246 -252 -229 -224 -259 -260 -264 -241 -238 -252 -260 -264 -261 -244 -257 -252 -244 -230 -219 -217 -229 -241 -257 -258 -240 -216
-191 -190 -186 -183 -192 -192 -191 -202 -197 -189 -185 -194 -193 -194 -198 -198 -199 -204 -205 -206 -200 -192 -187 -192 -171 -175 -192 -190 -180 -176 -175 -172 -175 -177 -170 -170 -169 -164 -163 -162 -161 -160 -159 -160 -164 -169 -172 -178 -181 -178 -171 -188 -183 -196 -204 -196 -198 -199 -185 -181 -187 -200 -210 -221 -232 -251 -251 -252 -253 -243 -247 -238 -245 -267 -257 -237 -251 -262 -272 -276 -263 -264 -267 -255 -241 -241 -237 -231 -239 -254 -263 -234 -211 -207
-175 -187 -189 -182 -184 -184 -185 -186 -190 -185 -188 -201 -207 -204 -205 -202 -201 -205 -207 -216 -218 -209 -207 -209 -195 -175 -176 -190 -204 -190 -180 -179 -182 -176 -182 -180 -179 -169 -164 -162 -161 -161 -161 -171 -177 -176 -180 -174 -172 -167 -170 -180 -189 -180 -189 -188 -198 -187 -180 -198 -193 -196 -198 -214 -244 -244 -243 -235 -255 -257 -256 -253 -265 -267 -254 -253 -262 -266 -260 -263 -269 -268 -262 -255 -255 -252 -254 -250 -243 -258 -231 -205 -201 -204
-181 -198 -205 -205 -198 -195 -192 -186 -186 -189 -189 -194 -201 -201 -202 -201 -209 -209 -207 -215 -214 -205 -206 -209 -187 -185 -190 -186 -200 -202 -204 -191 -187 -178 -185 -184 -183 -178 -173 -164 -162 -162 -171 -181 -171 -168 -169 -166 -165 -165 -173 -180 -180 -178 -194 -189 -184 -177 -186 -203 -190 -198 -193 -193 -210 -221 -226 -233 -246 -260 -259 -260 -264 -258 -269 -268 -260 -264 -253 -246 -254 -249 -250 -248 -227 -224 -226 -239 -253 -256 -215 -204 -201 -210
-198 -197 -208 -205 -200 -196 -192 -191 -199 -203 -205 -206 -201 -210 -215 -222 -223 -227 -229 -227 -230 -227 -202 -190 -201 -216 -220 -198 -194 -194 -206 -203 -206 -194 -179 -195 -195 -192 -182 -169 -165 -164 -163 -165 -164 -164 -169 -163 -162 -163 -165 -167 -169 -179 -181 -184 -191 -199 -177 -186 -193 -196 -191 -185 -202 -203 -205 -231 -233 -247 -246 -256 -244 -237 -237 -243 -251 -257 -255 -254 -239 -232 -219 -212 -204 -208 -219 -248 -266 -253 -214 -204 -203 -214
-224 -221 -206 -198 -196 -205 -202 -201 -204 -219 -215 -222 -235 -218 -215 -225 -234 -218 -233 -241 -248 -241 -219 -205 -198 -219 -224 -196 -215 -209 -205 -213 -196 -190 -185 -185 -193 -186 -180 -177 -171 -167 -165 -164 -164 -164 -164 -163 -163 -163 -163 -164 -167 -177 -179 -172 -177 -176 -182 -189 -191 -197 -194 -185 -185 -194 -199 -204 -210 -226 -251 -247 -229 -216 -231 -236 -234 -224 -227 -236 -225 -210 -199 -197 -199 -216 -227 -242 -245 -225 -208 -205 -213 -223
-237 -223 -221 -206 -197 -199 -217 -205 -190 -202 -212 -223 -231 -233 -223 -225 -240 -232 -220 -231 -245 -235 -213 -195 -227 -228 -239 -214 -200 -215 -212 -196 -192 -187 -190 -188 -195 -185 -180 -176 -170 -168 -167 -166 -166 -166 -165 -165 -165 -164 -164 -164 -164 -167 -171 -168 -174 -173 -182 -184 -185 -191 -200 -192 -191 -184 -194 -204 -205 -211 -223 -217 -206 -214 -233 -236 -225 -214 -208 -212 -205 -196 -194 -196 -206 -221 -225 -225 -225 -208 -204 -204 -207 -209
-238 -206 -208 -223 -222 -194 -206 -192 -194 -204 -207 -211 -225 -234 -226 -223 -225 -230 -225 -216 -224 -216 -210 -196 -212 -234 -242 -218 -209 -214 -215 -201 -191 -186 -191 -189 -187 -187 -189 -183 -174 -170 -169 -169 -180 -185 -177 -169 -167 -165 -165 -165 -165 -165 -166 -167 -168 -172 -183 -174 -174 -183 -181 -177 -186 -184 -196 -199 -199 -209 -213 -197 -208 -225 -250 -246 -232 -215 -201 -198 -198 -193 -196 -197 -205 -218 -225 -225 -217 -204 -201 -207 -210 -212
-206 -195 -229 -232 -238 -194 -182 -210 -215 -224 -234 -230 -238 -220 -224 -215 -227 -232 -223 -211 -214 -211 -200 -196 -216 -227 -234 -223 -223 -213 -204 -200 -195 -190 -195 -189 -191 -200 -198 -189 -184 -173 -172 -170 -173 -179 -199 -190 -179 -176 -170 -167 -166 -166 -166 -167 -167 -169 -169 -169 -172 -177 -175 -174 -179 -185 -181 -183 -190 -204 -203 -195 -205 -206 -217 -214 -207 -195 -189 -188 -188 -192 -194 -191 -203 -212 -207 -200 -201 -202 -202 -203 -204 -197
-190 -190 -214 -200 -199 -201 -195 -210 -220 -205 -196 -204 -226 -204 -207 -204 -209 -219 -230 -219 -217 -206 -200 -204 -213 -217 -236 -239 -229 -221 -214 -208 -201 -192 -190 -191 -195 -201 -201 -190 -184 -190 -177 -173 -172 -180 -198 -202 -195 -196 -185 -171 -169 -171 -171 -168 -167 -168 -168 -169 -169 -170 -171 -173 -175 -181 -177 -178 -180 -184 -188 -189 -198 -201 -207 -194 -187 -184 -183 -183 -183 -183 -183 -188 -195 -194 -197 -199 -196 -192 -187 -184 -182 -180
-192 -191 -204 -188 -177 -183 -214 -216 -200 -193 -189 -185 -194 -195 -200 -203 -207 -211 -208 -209 -205 -209 -204 -199 -209 -223 -228 -227 -222 -220 -221 -207 -205 -202 -200 -195 -195 -197 -193 -189 -188 -196 -189 -187 -177 -174 -177 -180 -179 -177 -172 -171 -170 -178 -174 -169 -168 -169 -169 -170 -170 -171 -172 -173 -174 -179 -182 -184 -182 -182 -184 -185 -186 -189 -191 -183 -183 -183 -183 -183 -183 -183 -183 -193 -201 -200 -193 -190 -184 -180 -178 -178 -178 -175
-200 -205 -199 -203 -182 -171 -190 -210 -225 -239 -225 -231 -228 -234 -238 -240 -226 -222 -210 -205 -209 -213 -215 -211 -215 -220 -231 -224 -218 -213 -208 -205 -201 -200 -199 -199 -199 -199 -201 -193 -191 -188 -189 -192 -188 -178 -175 -174 -174 -174 -174 -172 -174 -187 -183 -179 -177 -174 -180 -181 -176 -177 -179 -176 -175 -174 -178 -183 -185 -183 -183 -182 -183 -185 -187 -186 -185 -187 -191 -190 -194 -198 -194 -196 -197 -193 -186 -179 -173 -171 -171 -172 -173 -174
-229 -219 -215 -221 -198 -160 -164 -183 -213 -251 -238 -215 -233 -238 -241 -241 -234 -229 -221 -214 -208 -211 -216 -225 -221 -221 -215 -220 -214 -206 -203 -201 -199 -198 -197 -197 -196 -197 -203 -207 -192 -190 -191 -188 -187 -182 -177 -178 -177 -177 -176 -176 -179 -190 -183 -188 -178 -179 -177 -187 -187 -185 -190 -192 -184 -175 -175 -179 -179 -179 -181 -183 -189 -200 -208 -221 -216 -215 -216 -203 -202 -199 -204 -203 -197 -193 -182 -177 -172 -171 -171 -171 -171 -173
-258 -237 -254 -255 -218 -194 -164 -152 -177 -226 -251 -235 -216 -203 -224 -240 -248 -233 -232 -229 -225 -220 -210 -210 -208 -206 -207 -207 -202 -201 -200 -200 -198 -197 -196 -195 -194 -194 -195 -200 -199 -198 -194 -196 -194 -185 -183 -185 -186 -187 -186 -184 -185 -187 -191 -193 -185 -183 -184 -187 -186 -191 -192 -182 -178 -176 -177 -185 -189 -190 -201 -187 -191 -200 -216 -235 -210 -208 -202 -202 -200 -199 -196 -195 -185 -178 -176 -174 -173 -172 -173 -174 -178 -173
-233 -247 -240 -246 -238 -229 -221 -181 -153 -191 -209 -205 -206 -197 -227 -223 -223 -230 -246 -223 -230 -223 -214 -210 -206 -204 -203 -201 -200 -199 -198 -198 -197 -196 -196 -195 -195 -195 -195 -196 -200 -204 -204 -208 -204 -195 -196 -197 -205 -213 -205 -217 -198 -188 -186 -198 -204 -188 -180 -183 -182 -186 -190 -191 -188 -201 -196 -197 -192 -194 -190 -191 -194 -191 -202 -206 -205 -198 -193 -190 -189 -191 -184 -181 -179 -178 -178 -175 -174 -174 -175 -177 -180 -181
-242 -223 -219 -202 -200 -205 -237 -211 -152 -208 -212 -176 -201 -238 -230 -242 -207 -207 -232 -224 -208 -216 -214 -210 -208 -207 -208 -203 -200 -199 -199 -198 -197 -197 -196 -196 -196 -196 -196 -196 -197 -199 -202 -203 -206 -204 -207 -209 -212 -213 -207 -209 -200 -190 -189 -203 -196 -193 -201 -214 -212 -207 -212 -203 -203 -191 -196 -208 -210 -199 -188 -184 -188 -190 -196 -200 -198 -198 -194 -198 -195 -195 -185 -182 -181 -179 -181 -184 -184 -183 -180 -181 -183 -187
-245 -242 -237 -236 -243 -218 -199 -228 -159 -176 -184 -182 -187 -213 -231 -220 -197 -218 -220 -205 -199 -220 -217 -213 -211 -210 -213 -213 -207 -203 -201 -199 -198 -197 -197 -196 -197 -197 -197 -197 -197 -198 -198 -197 -198 -202 -208 -210 -216 -226 -221 -223 -209 -201 -207 -198 -192 -188 -195 -222 -238 -221 -209 -200 -199 -193 -198 -222 -215 -207 -193 -186 -187 -193 -206 -205 -207 -203 -195 -196 -190 -182 -180 -180 -182 -182 -184 -184 -183 -184 -187 -192 -196 -198
-227 -240 -246 -233 -222 -206 -178 -183 -167 -193 -213 -201 -171 -187 -195 -192 -208 -207 -208 -218 -233 -224 -216 -219 -216 -213 -214 -212 -212 -210 -209 -205 -203 -200 -199 -199 -198 -198 -198 -198 -197 -197 -196 -195 -194 -195 -200 -205 -207 -211 -215 -214 -212 -211 -208 -203 -199 -191 -191 -202 -217 -219 -207 -209 -209 -200 -207 -215 -211 -201 -192 -187 -188 -197 -211 -202 -202 -192 -191 -187 -186 -187 -186 -186 -187 -187 -187 -187 -190 -195 -201 -201 -198 -194
-238 -220 -199 -201 -217 -191 -238 -214 -174 -184 -208 -242 -198 -222 -201 -189 -196 -201 -205 -221 -222 -215 -214 -214 -223 -220 -214 -215 -216 -213 -212 -210 -211 -210 -206 -203 -200 -199 -199 -199 -199 -199 -198 -196 -194 -194 -195 -198 -200 -201 -205 -205 -207 -203 -206 -208 -215 -216 -213 -204 -205 -208 -203 -200 -197 -191 -194 -202 -202 -197 -197 -197 -206 -207 -207 -202 -199 -199 -194 -189 -187 -192 -194 -192 -191 -192 -195 -200 -197 -192 -192 -192 -189 -187
-230 -247 -230 -242 -240 -204 -255 -240 -208 -185 -201 -250 -220 -217 -243 -214 -201 -193 -198 -192 -202 -209 -221 -218 -222 -221 -223 -223 -226 -220 -221 -221 -213 -210 -210 -208 -204 -202 -201 -201 -204 -203 -202 -198 -195 -194 -196 -199 -201 -201 -200 -202 -205 -203 -208 -208 -212 -222 -204 -190 -188 -197 -185 -185 -181 -181 -183 -187 -191 -193 -191 -192 -195 -198 -197 -202 -206 -206 -205 -200 -197 -204 -195 -193 -197 -200 -201 -203 -206 -200 -194 -189 -187 -188
-207 -237 -252 -248 -215 -237 -253 -220 -190 -184 -206 -220 -227 -228 -220 -226 -240 -225 -223 -204 -214 -219 -228 -224 -225 -227 -230 -233 -235 -233 -232 -224 -221 -215 -211 -207 -205 -206 -205 -207 -211 -209 -209 -205 -200 -200 -205 -203 -206 -206 -201 -201 -206 -200 -203 -203 -195 -193 -184 -184 -190 -184 -181 -181 -181 -181 -183 -189 -193 -197 -197 -196 -196 -196 -196 -195 -195 -196 -196 -197 -194 -193 -194 -198 -204 -209 -214 -213 -218 -216 -196 -189 -187 -191
-226 -222 -247 -234 -230 -242 -237 -232 -201 -196 -184 -222 -235 -237 -245 -251 -245 -227 -235 -223 -223 -224 -218 -217 -218 -223 -230 -233 -232 -233 -231 -225 -226 -219 -215 -212 -212 -211 -211 -212 -217 -215 -214 -214 -215 -214 -210 -208 -207 -211 -204 -201 -200 -197 -192 -188 -186 -185 -186 -189 -191 -189 -186 -189 -190 -191 -197 -201 -202 -207 -206 -213 -210 -201 -201 -197 -196 -193 -193 -198 -200 -194 -197 -203 -208 -219 -228 -230 -222 -217 -202 -193 -189 -187
-204 -216 -234 -213 -218 -246 -233 -217 -231 -203 -185 -226 -249 -213 -229 -245 -237 -221 -239 -237 -224 -220 -222 -221 -214 -217 -217 -215 -215 -225 -233 -229 -231 -224 -222 -224 -222 -219 -222 -221 -227 -227 -223 -221 -219 -220 -213 -212 -211 -214 -210 -202 -196 -190 -189 -189 -189 -188 -195 -206 -221 -227 -203 -188 -190 -214 -215 -210 -215 -226 -225 -222 -210 -212 -205 -206 -195 -193 -194 -204 -212 -201 -197 -202 -215 -217 -224 -228 -217 -207 -204 -202 -192 -187
-216 -227 -212 -192 -209 -228 -238 -230 -235 -215 -191 -176 -186 -209 -246 -245 -245 -223 -217 -226 -231 -218 -216 -235 -222 -212 -198 -202 -206 -216 -226 -234 -235 -230 -226 -227 -226 -224 -227 -232 -236 -240 -238 -234 -221 -220 -216 -213 -215 -212 -204 -197 -192 -191 -192 -194 -197 -209 -214 -229 -240 -208 -203 -185 -205 -215 -205 -205 -212 -216 -229 -231 -228 -221 -213 -208 -195 -194 -196 -208 -215 -214 -199 -213 -212 -214 -220 -225 -228 -214 -208 -209 -208 -190
-192 -185 -191 -214 -237 -229 -230 -238 -221 -213 -205 -192 -138 -171 -201 -223 -234 -240 -223 -220 -220 -209 -200 -212 -218 -211 -211 -195 -213 -224 -233 -237 -235 -235 -237 -235 -225 -231 -229 -236 -234 -235 -229 -222 -218 -211 -207 -211 -215 -209 -200 -195 -194 -197 -197 -199 -208 -224 -234 -229 -220 -199 -193 -190 -201 -196 -210 -214 -218 -220 -225 -223 -229 -230 -221 -210 -199 -199 -209 -224 -230 -220 -204 -202 -208 -216 -216 -218 -223 -224 -221 -223 -210 -197
-175 -195 -214 -224 -223 -222 -226 -214 -231 -231 -202 -179 -136 -168 -223 -232 -244 -245 -237 -234 -234 -222 -226 -213 -193 -199 -192 -208 -222 -227 -226 -221 -215 -225 -229 -224 -215 -216 -216 -216 -216 -220 -220 -222 -224 -218 -206 -215 -247 -235 -213 -205 -218 -232 -222 -219 -221 -231 -238 -237 -222 -211 -194 -188 -197 -203 -217 -220 -214 -211 -211 -220 -237 -258 -244 -221 -207 -214 -219 -237 -238 -227 -207 -203 -207 -210 -214 -221 -225 -227 -218 -238 -229 -210
-169 -172 -181 -191 -200 -201 -202 -232 -216 -204 -185 -144 -138 -203 -246 -245 -243 -233 -242 -247 -243 -237 -240 -229 -214 -198 -176 -198 -206 -204 -202 -200 -195 -200 -200 -200 -196 -195 -197 -204 -223 -228 -237 -249 -235 -220 -204 -207 -254 -261 -234 -229 -246 -257 -245 -239 -247 -245 -247 -241 -221 -209 -204 -195 -200 -208 -224 -219 -199 -197 -209 -218 -240 -253 -258 -241 -224 -232 -232 -242 -240 -228 -205 -202 -206 -218 -217 -218 -225 -217 -215 -211 -221 -235
-159 -157 -174 -191 -201 -208 -202 -208 -235 -238 -234 -172 -131 -204 -219 -207 -216 -200 -196 -222 -210 -216 -203 -193 -192 -175 -171 -169 -174 -184 -191 -185 -207 -218 -199 -191 -195 -202 -208 -216 -227 -247 -260 -257 -241 -227 -204 -195 -214 -242 -247 -241 -258 -262 -258 -253 -245 -244 -235 -211 -213 -205 -203 -208 -206 -205 -232 -216 -188 -192 -200 -213 -230 -243 -247 -242 -238 -236 -225 -220 -211 -202 -205 -206 -207 -210 -214 -211 -207 -215 -207 -200 -202 -218
-153 -145 -174 -204 -214 -221 -211 -190 -204 -235 -214 -140 -141 -163 -195 -182 -172 -191 -195 -195 -194 -180 -170 -165 -174 -183 -195 -191 -194 -192 -187 -197 -204 -214 -210 -197 -202 -196 -205 -211 -218 -233 -246 -259 -262 -236 -200 -188 -186 -212 -253 -236 -243 -256 -250 -241 -219 -198 -197 -217 -215 -199 -206 -206 -194 -195 -206 -201 -185 -188 -197 -222 -236 -264 -248 -228 -210 -212 -219 -224 -224 -218 -209 -211 -198 -204 -205 -198 -205 -210 -217 -204 -195 -203
