Artocarpus heterophyllus SDM files/Last glacial maximum/Environmental layers/bio16.asc
ncols  625
nrows  721
xllcorner  69.958333335383
yllcorner  5.95833333415099
cellsize 0.041666666667
NODATA_value  -9999
[rows 360 to 399 of 721, columns 90 to 179 of 625]
628 619 608 576 546 540 659 629 580 538 462 466 440 404 365 340 344 356 358 327 341 342 347 361 364 369 354 333 343 379 389 375 352 369 378 393 390 415 404 388 403 428 411 374 423 454 433 392 392 413 430 433 430 388 403 462 497 469 438 428 417 409 420 425 426 437 439 439 444 449 445 451 454 466 467 478 479 478 479 479 485 491 493 493 491 498 500 499 498 511
636 623 633 582 544 614 650 605 565 521 482 451 421 392 369 383 355 336 337 325 322 325 324 336 335 347 344 323 337 386 384 366 350 364 372 402 416 412 388 384 430 416 384 370 427 472 458 418 379 420 459 467 452 415 435 479 500 481 461 443 441 430 427 431 423 425 424 425 428 435 430 436 441 446 454 461 461 468 471 473 475 477 489 484 484 488 487 490 496 502
611 601 583 547 543 688 649 613 584 531 496 462 426 396 374 380 379 349 350 339 336 330 332 330 331 329 328 332 346 370 380 375 342 360 376 400 418 411 378 383 436 407 372 372 410 462 476 437 382 383 392 425 458 469 499 484 476 461 453 454 445 446 444 444 437 442 445 432 430 432 437 444 443 458 450 447 457 458 461 468 471 473 477 476 481 477 482 483 493 491
710 627 648 585 556 660 691 639 598 552 501 463 441 426 407 384 370 357 358 343 338 340 346 343 343 340 323 345 375 365 388 377 345 342 367 405 411 391 374 390 439 385 371 375 395 447 425 408 391 403 423 427 432 436 494 489 468 454 469 441 434 465 455 449 434 448 452 434 438 434 436 445 453 443 466 452 453 458 475 466 468 467 470 476 478 476 477 478 483 484
749 763 592 549 519 645 660 574 557 524 456 403 368 394 380 381 360 339 370 355 345 348 339 352 363 338 333 360 378 374 390 378 347 346 379 401 392 396 408 406 389 384 380 389 430 442 414 413 390 381 393 458 469 447 478 486 461 473 453 432 432 467 452 453 441 451 447 435 445 454 435 454 460 445 458 469 475 464 474 478 467 470 472 480 483 497 488 484 488 493
724 771 732 613 534 677 678 613 579 512 470 431 386 352 329 341 348 340 338 340 339 331 320 335 354 346 360 350 359 354 364 353 351 352 389 407 407 421 402 393 373 382 381 404 441 417 407 431 411 394 389 394 454 455 489 485 473 472 449 448 428 454 449 452 453 451 441 458 443 465 433 463 469 444 446 474 477 480 478 469 478 485 475 489 500 514 493 490 503 508
631 607 664 787 679 682 669 651 582 522 471 434 404 380 342 319 317 333 334 337 330 326 330 327 328 336 341 344 342 353 351 349 369 370 406 402 411 411 390 377 364 377 404 446 430 419 408 429 429 402 398 393 412 474 473 493 492 476 453 451 450 452 444 462 460 439 445 481 441 472 459 474 446 432 446 468 496 486 461 469 496 487 483 513 519 503 490 508 533 524
634 603 676 685 671 638 659 595 504 462 388 422 420 381 356 332 304 291 301 330 335 333 336 340 334 332 330 325 344 353 366 380 399 385 398 387 376 378 369 378 370 371 380 413 428 430 416 417 425 420 409 404 387 429 466 477 504 486 464 443 463 445 466 484 466 433 456 457 446 483 494 469 454 425 447 487 491 466 456 470 510 488 531 545 501 504 520 542 550 531
660 615 575 735 622 698 603 558 493 429 373 350 382 365 348 329 316 301 294 304 317 320 325 331 333 331 339 329 353 365 361 368 377 372 372 372 378 366 369 379 382 370 375 390 415 437 429 420 429 427 419 415 392 418 463 474 494 496 464 459 462 439 467 512 476 447 452 453 474 500 488 470 455 433 436 467 492 476 465 459 475 518 554 541 502 501 546 571 555 553
691 736 745 810 625 592 526 522 529 478 413 361 335 322 356 325 306 303 296 284 307 315 317 322 327 334 345 335 343 351 366 358 355 361 380 375 365 369 375 377 387 371 374 373 384 428 440 442 432 438 422 422 389 420 457 481 512 486 457 460 495 435 473 534 508 478 469 474 501 485 474 473 472 451 440 446 494 488 474 465 466 513 569 538 505 508 519 575 559 580
757 915 740 763 691 662 557 445 451 435 430 381 332 310 319 305 295 287 278 274 275 312 319 327 323 314 325 333 335 335 340 342 349 379 366 355 356 397 401 372 379 369 367 363 394 466 476 510 448 504 429 480 488 442 434 450 528 503 486 524 540 489 490 542 530 459 524 524 500 485 476 498 501 470 445 444 479 493 497 475 487 498 543 508 497 521 532 583 557 603
943 908 836 721 602 592 587 513 441 409 380 364 339 316 302 297 288 286 288 280 272 283 311 311 321 317 316 328 330 335 335 350 367 355 351 344 346 406 387 362 353 357 403 380 460 511 508 502 476 466 476 462 466 490 520 528 538 533 524 541 552 552 553 546 506 477 549 520 516 516 498 480 478 458 455 455 459 488 502 486 516 509 539 504 529 504 545 598 582 614
990 916 815 747 677 620 558 498 482 451 406 372 345 329 318 317 299 295 300 296 296 294 295 307 316 319 325 331 336 342 346 351 345 343 341 328 354 357 362 339 354 387 503 490 488 487 499 499 476 463 461 446 433 427 450 525 548 531 542 521 526 541 554 530 530 542 545 546 553 517 512 484 467 447 463 456 496 484 497 490 540 560 527 518 555 525 536 580 598 616
872 850 832 757 730 651 571 462 498 463 409 369 341 351 331 315 303 300 307 301 299 291 297 310 309 328 318 332 338 343 333 327 317 321 320 306 329 403 404 388 418 392 396 478 470 432 444 473 472 464 480 447 429 419 425 433 529 547 547 540 537 508 534 545 545 545 547 556 547 531 527 477 478 457 476 439 528 512 565 481 542 555 509 528 576 551 571 600 634 635
783 765 663 634 664 651 547 527 519 456 411 390 385 368 333 313 313 312 297 305 313 299 302 307 321 325 319 311 333 316 310 310 302 299 298 328 439 457 439 412 401 409 383 413 433 451 422 429 471 441 458 464 448 417 413 413 494 541 530 536 529 526 514 539 549 545 550 539 555 541 530 477 503 472 500 440 529 561 548 565 534 598 528 531 609 614 634 622 636 623
753 690 688 574 529 502 486 490 432 411 350 362 380 377 348 333 319 319 305 308 310 304 303 311 306 303 292 294 310 305 300 314 340 343 331 458 462 471 475 480 444 415 399 400 403 409 438 410 435 445 429 451 458 445 411 412 433 497 543 547 527 519 534 522 532 540 556 551 542 547 552 500 519 532 536 450 523 596 560 602 588 584 574 621 615 624 619 615 629 630
784 662 628 568 535 491 444 437 428 391 358 342 314 345 326 334 322 311 305 298 299 299 300 300 284 284 272 271 291 357 332 375 356 380 358 434 465 459 450 473 458 431 423 411 397 385 406 436 409 429 440 415 445 462 437 403 423 423 512 512 518 535 533 539 545 519 537 548 555 545 516 541 542 574 554 486 540 579 586 595 552 622 637 624 633 621 621 605 620 649
847 733 598 543 508 471 441 422 414 388 358 342 331 321 317 322 318 304 295 296 296 288 283 281 245 249 268 287 319 329 400 398 388 360 343 375 465 493 477 462 447 448 423 442 442 412 390 417 427 406 435 417 418 436 444 410 414 423 433 445 503 539 526 516 534 525 510 525 536 543 543 558 571 580 567 506 562 577 613 609 580 599 641 608 677 632 665 660 663 626
818 726 642 548 487 468 423 396 375 380 352 337 331 312 306 314 305 289 272 310 278 271 256 253 242 243 274 289 292 293 348 398 387 382 355 341 362 411 486 477 437 435 424 460 445 430 411 401 404 432 423 425 417 409 434 411 421 408 420 452 463 510 535 534 517 514 511 509 500 530 550 562 555 560 576 562 566 584 615 613 638 609 648 620 676 671 687 718 702 674
876 811 707 629 508 463 434 389 365 355 337 332 309 283 272 263 264 266 271 301 273 288 292 281 245 257 280 291 298 303 314 334 342 346 344 342 351 383 438 484 447 418 408 431 415 418 426 432 405 408 420 432 422 421 411 411 407 405 410 444 455 470 500 503 525 542 526 519 486 527 547 537 540 522 547 575 588 590 607 611 629 601 659 664 682 697 687 703 717 718
865 829 742 666 567 476 428 387 350 331 310 314 280 259 251 243 237 243 248 258 254 287 300 292 261 289 297 295 298 309 317 325 332 332 330 341 401 423 427 450 441 430 417 412 407 402 403 418 425 414 416 412 420 421 412 435 448 411 410 427 450 432 444 494 532 543 550 516 477 510 531 542 546 517 511 566 599 577 581 578 611 642 662 660 671 690 706 681 661 696
811 863 753 661 573 504 441 393 345 314 288 310 287 260 245 237 232 238 242 247 247 259 288 293 298 315 320 317 306 303 315 318 319 322 327 386 438 468 447 433 430 427 437 419 428 430 419 417 404 401 424 414 434 443 423 456 444 416 410 426 436 438 418 469 530 517 528 516 504 499 507 522 548 543 512 541 566 575 564 580 618 628 655 670 688 690 690 695 683 616
734 718 704 655 592 511 436 377 340 316 282 283 283 262 246 235 232 236 238 238 245 245 268 277 303 316 311 320 331 314 307 303 309 314 318 449 467 431 435 419 420 445 447 414 457 444 425 425 397 418 415 441 449 436 450 459 439 459 443 424 418 426 432 445 519 533 518 531 531 540 525 523 529 535 537 534 548 541 552 594 600 607 646 647 666 703 708 714 723 603
819 702 645 617 556 492 425 380 355 318 285 275 265 243 243 233 230 234 235 233 237 242 249 270 279 294 297 288 311 314 299 295 305 311 311 387 426 389 450 437 409 430 453 452 443 401 427 417 423 426 439 425 417 456 456 448 444 459 455 435 472 419 444 445 465 526 546 545 551 548 543 550 533 563 564 547 577 588 572 575 572 599 641 619 617 677 721 734 704 626
958 832 715 629 562 478 420 405 394 353 307 277 258 243 233 232 228 229 233 228 237 237 250 259 265 273 292 283 291 287 282 285 294 299 327 375 387 409 406 379 401 475 471 448 434 379 363 386 388 418 415 409 371 464 455 452 463 452 445 460 443 442 422 428 452 467 508 531 541 552 551 537 554 588 576 581 595 605 594 609 585 623 624 606 633 640 693 748 734 664
1032 878 752 621 543 495 460 452 419 370 327 299 274 258 238 229 224 224 230 224 234 235 243 255 251 264 289 280 272 274 271 284 295 304 309 314 346 406 392 350 349 384 452 434 430 422 403 364 364 362 406 368 375 414 432 390 443 473 470 448 493 472 437 424 443 471 494 519 497 486 531 550 574 595 603 600 619 599 619 629 627 612 633 638 649 658 668 702 738 722
1051 931 791 605 546 524 518 506 433 378 335 308 292 273 252 249 231 225 224 219 233 230 238 239 241 256 268 284 281 272 275 283 298 303 311 319 339 326 352 363 362 364 390 426 414 394 397 384 363 353 397 366 376 409 413 374 377 397 448 471 487 461 474 465 457 476 475 493 475 475 503 519 549 568 576 581 597 605 617 620 629 628 665 674 666 672 645 655 691 753
1013 926 740 587 581 610 546 495 439 390 345 319 300 280 263 252 239 229 226 219 225 226 232 234 249 248 253 283 283 274 281 287 297 307 314 321 337 325 341 382 395 373 370 372 404 419 384 379 358 359 403 387 364 390 413 389 376 395 373 401 478 491 494 516 497 455 455 468 477 469 487 486 518 572 572 574 578 592 565 565 625 620 657 685 686 705 715 656 693 730
925 825 692 640 613 661 575 504 442 393 360 327 302 282 267 254 242 241 240 229 225 225 227 236 244 242 255 282 296 283 279 287 289 305 316 315 316 308 394 433 439 408 378 354 386 398 390 377 359 361 391 393 393 373 386 403 378 387 372 376 444 510 513 517 519 502 494 474 483 471 478 465 490 517 585 579 577 584 566 568 597 573 615 653 696 691 691 664 630 712
933 866 696 851 762 689 605 543 464 412 366 330 310 287 272 257 253 249 241 236 233 234 238 236 238 244 257 270 284 299 293 285 285 292 298 306 306 308 316 372 420 429 411 391 371 377 374 368 365 363 375 376 392 396 380 378 395 378 365 381 400 467 502 506 511 511 494 530 513 488 494 487 475 490 552 547 589 607 593 583 581 578 611 621 647 666 679 639 612 659
912 811 710 913 831 743 626 564 483 429 371 337 319 293 276 267 261 253 244 242 239 247 253 253 249 248 252 265 273 280 302 308 299 292 297 309 308 311 318 337 357 394 403 395 390 383 388 392 393 376 368 372 370 375 396 385 399 401 375 392 410 412 419 431 465 484 504 530 553 554 539 516 502 497 511 477 535 626 612 626 634 598 600 606 618 678 682 656 650 622
1008 797 856 938 842 728 642 552 469 394 392 351 326 300 284 273 266 253 250 244 248 259 265 259 261 260 257 266 272 274 293 294 308 303 300 322 306 307 324 329 326 355 415 420 407 398 411 408 402 401 388 394 392 387 384 394 393 389 388 389 401 413 419 414 432 451 458 464 500 551 558 579 524 505 487 473 506 604 593 618 627 641 609 584 619 647 672 681 658 644
924 965 1070 981 848 712 623 550 444 363 339 334 324 299 291 276 263 256 254 253 259 269 277 274 279 269 271 272 274 280 286 293 297 299 299 308 300 314 320 318 315 330 365 371 368 372 373 399 414 398 404 414 405 414 416 404 411 426 417 407 395 406 409 417 431 443 459 470 469 486 489 536 577 563 551 518 491 516 551 558 596 630 616 589 624 616 623 691 700 669
1243 1032 939 833 804 705 665 557 475 388 329 298 279 262 260 284 267 256 258 259 257 259 269 286 282 285 291 291 292 289 293 296 298 303 304 305 303 324 324 323 323 345 343 342 355 362 347 364 407 395 403 392 405 425 417 403 431 445 445 449 434 414 406 421 444 426 472 466 503 497 466 465 504 534 590 573 553 520 493 541 607 594 615 664 606 608 606 652 649 647
1168 997 865 768 734 597 505 450 457 402 336 298 271 250 239 258 254 252 252 252 252 254 257 266 277 290 287 285 290 285 307 314 320 325 325 314 313 322 325 318 329 335 342 330 338 367 364 351 361 376 384 380 370 408 415 416 434 461 460 456 453 443 428 417 431 432 456 470 486 515 502 484 474 483 500 530 521 545 481 591 583 623 636 675 677 661 620 627 634 622
1283 1160 1059 995 799 688 588 502 433 379 349 340 310 280 261 246 247 245 248 251 257 263 263 269 272 279 281 284 288 286 316 331 337 341 334 327 324 323 326 327 326 326 348 322 328 369 370 372 355 355 368 366 371 392 400 394 418 461 464 460 464 461 463 449 438 432 441 458 488 506 506 492 478 474 482 507 497 504 477 521 589 629 679 687 651 641 660 666 680 634
1316 1268 1089 925 822 705 629 578 497 390 406 359 345 305 286 271 275 276 262 266 273 274 269 268 277 282 281 281 296 296 311 349 352 351 348 337 328 331 336 341 322 321 335 322 332 357 353 362 362 358 358 366 367 385 386 387 400 450 468 461 452 449 454 462 472 464 443 444 473 498 509 499 513 508 484 493 497 486 492 509 565 580 565 619 608 646 679 703 678 642
1135 1179 1043 911 817 687 558 460 435 403 431 382 352 310 297 282 289 293 293 287 283 280 275 276 276 277 282 284 289 311 333 351 344 348 348 330 329 352 351 353 343 331 329 323 337 337 348 354 350 353 356 374 360 376 373 380 407 423 441 459 457 476 469 454 450 480 471 453 468 480 484 475 479 511 526 503 490 492 532 529 543 560 543 571 545 575 565 657 667 648
813 1049 1011 969 916 770 656 542 394 362 386 375 342 299 267 267 277 264 277 297 295 277 266 269 278 283 295 298 299 305 332 352 348 344 340 327 338 367 367 362 356 339 348 342 338 336 336 352 359 349 355 373 362 365 368 387 415 404 406 450 432 474 479 480 471 469 472 478 482 478 472 483 486 482 506 535 495 506 550 524 559 566 548 552 544 570 550 554 555 661
755 720 719 804 841 719 573 588 489 401 340 346 337 290 249 245 259 253 251 274 290 270 271 272 279 298 311 310 311 320 342 351 351 346 342 322 349 380 374 371 359 351 364 359 349 356 358 343 351 363 370 373 372 387 382 377 409 396 399 432 425 452 464 469 482 485 496 512 492 496 494 520 532 503 489 502 500 517 541 515 556 570 543 549 532 572 538 539 542 592
