Artocarpus heterophyllus SDM files/Last glacial maximum/Environmental layers/bio19.asc
ncols  625
nrows  721
xllcorner  69.958333335383
yllcorner  5.95833333415099
cellsize 0.041666666667
NODATA_value  -9999
[rows 116 to 173 of 721, columns 96 to 191 of 625]
36 36 37 37 38 39 39 39 40 42 42 42 42 43 44 45 44 45 45 45 45 45 45 45 47 47 48 48 48 48 49 50 51 53 54 55 56 57 57 60 62 64 66 67 69 70 72 74 75 77 77 77 79 79 80 82 85 91 110 105 95 91 90 91 93 94 103 151 117 140 168 149 142 148 151 163 146 160 168 158 184 215 236 226 243 218 244 287 258 231 177 251 299 306 311 308
35 36 36 37 37 38 39 38 39 39 41 41 42 42 42 42 43 44 44 45 45 45 45 45 46 46 47 47 48 48 48 49 51 51 53 54 55 56 57 58 59 62 65 67 69 70 71 72 74 75 75 77 77 78 79 81 82 84 91 110 100 92 88 89 91 92 107 130 107 116 121 120 120 122 140 173 207 224 235 229 226 234 221 178 190 188 231 266 245 217 213 179 244 294 256 267
34 35 35 36 35 37 37 37 38 39 39 40 41 42 42 42 42 42 43 44 45 45 45 45 45 45 45 45 46 47 48 48 49 50 51 52 54 55 56 57 59 60 63 66 67 68 70 72 71 73 74 76 75 76 79 79 80 81 83 97 105 92 86 88 90 91 94 98 106 112 140 119 120 141 146 137 206 201 187 258 241 179 168 212 254 283 316 304 330 297 252 212 186 237 202 259
34 34 34 34 35 36 37 37 38 39 39 40 40 41 42 42 42 42 42 42 43 43 44 44 44 44 45 45 45 45 47 48 48 49 50 51 52 53 54 56 57 59 60 63 65 66 68 69 70 71 73 74 75 75 77 77 78 79 80 83 97 91 85 87 88 89 93 94 113 125 132 138 114 124 132 193 202 161 236 235 211 184 180 235 246 279 252 314 306 307 325 302 200 241 284 276
32 33 34 34 34 36 37 37 37 38 39 39 39 40 40 41 41 42 42 42 42 42 42 42 42 42 43 44 44 45 45 46 47 48 49 50 51 52 54 56 57 58 60 60 63 65 67 68 70 70 72 73 74 75 76 77 77 79 79 80 82 82 83 85 89 93 93 90 99 105 110 124 118 122 140 201 153 205 225 190 156 180 208 190 219 297 271 223 286 252 277 306 220 190 228 161
31 33 34 34 34 34 36 37 37 37 37 39 39 40 40 40 40 40 41 41 41 42 42 42 42 42 42 42 43 44 45 45 46 47 48 49 51 52 54 55 56 58 59 60 61 64 66 67 69 70 70 72 73 73 74 75 76 77 78 79 80 81 82 83 85 89 93 92 93 96 106 124 130 143 160 211 170 212 225 160 180 183 232 208 277 287 237 211 234 240 287 264 220 144 139 187
31 31 33 34 34 34 34 36 37 37 37 37 38 39 39 40 40 40 40 40 40 40 40 40 41 41 41 42 42 43 44 45 45 46 47 49 50 52 53 55 55 57 59 61 61 65 66 68 69 70 71 73 73 73 74 75 76 77 78 78 79 80 80 81 83 85 89 95 93 93 99 115 180 158 208 192 200 187 146 193 209 216 238 261 277 282 304 300 203 201 226 276 196 190 227 208
31 31 31 33 34 34 34 34 36 36 37 37 37 37 37 38 39 39 39 39 39 39 39 39 39 40 40 40 42 42 42 43 44 45 46 48 49 50 51 53 55 56 58 58 60 63 65 67 68 68 69 71 72 73 72 72 73 75 77 77 78 78 79 80 82 83 85 89 94 94 97 103 143 132 181 182 187 173 171 224 183 242 297 325 334 329 307 291 305 291 202 225 157 182 179 198
31 31 31 31 33 34 34 34 34 34 36 37 37 37 37 37 37 37 38 38 37 38 38 38 39 39 39 39 40 40 41 42 43 43 45 46 48 48 50 51 53 54 56 58 58 60 63 65 66 66 67 68 69 70 70 71 72 73 74 75 76 77 78 79 81 83 84 86 90 94 96 99 118 163 146 166 175 167 214 163 223 236 242 286 314 320 254 243 259 274 212 165 156 186 228 261
30 31 31 31 31 33 33 34 34 34 34 35 36 36 37 37 37 37 37 37 37 37 37 37 37 37 38 38 39 40 40 40 42 43 43 44 46 47 49 50 52 53 55 56 58 58 60 62 64 66 65 66 68 69 70 69 70 71 72 73 74 75 77 78 80 81 84 85 87 91 97 97 104 124 123 142 202 188 228 235 178 189 257 258 241 295 297 281 202 204 206 265 259 228 262 273
28 30 31 31 31 31 31 33 34 34 34 34 34 34 35 36 36 36 36 37 37 37 37 36 36 37 37 37 37 38 39 40 40 41 42 43 44 46 47 49 50 52 53 55 56 58 59 60 61 63 64 65 65 67 67 68 69 70 71 73 73 74 76 77 79 81 83 85 86 89 92 97 105 110 141 146 149 216 202 234 209 220 221 190 229 282 233 216 226 222 177 220 251 272 253 244
28 28 30 31 31 31 31 31 32 33 34 34 34 34 34 34 34 34 34 34 35 35 34 34 35 35 36 36 37 37 37 38 39 40 41 42 44 44 46 47 48 50 51 53 54 56 57 58 59 60 62 63 64 65 66 67 68 68 70 70 72 73 75 76 78 80 82 84 86 87 90 97 106 104 128 140 157 177 229 197 216 232 169 241 216 275 285 282 274 264 203 162 208 231 188 170
28 28 28 29 31 31 31 31 31 31 31 32 32 33 33 34 34 34 34 34 34 34 34 34 34 34 34 34 35 36 36 37 37 38 40 41 41 43 44 46 47 48 49 51 53 53 55 57 58 59 60 61 62 64 64 66 67 68 69 70 71 72 74 75 77 79 82 84 86 87 90 95 98 101 109 140 154 135 188 222 201 216 229 202 216 226 263 222 202 201 194 154 167 208 213 199
28 28 28 28 28 29 30 31 31 31 31 31 32 32 32 32 32 32 32 33 33 33 34 34 34 34 34 34 34 34 34 35 36 37 38 39 40 41 43 44 45 47 48 49 50 52 53 55 56 58 59 60 61 62 63 65 66 67 67 69 70 71 73 75 77 79 81 84 85 88 92 95 99 101 104 115 121 121 132 154 208 222 217 185 199 230 251 234 235 234 208 149 168 212 175 216
28 28 28 28 28 28 28 29 29 30 30 31 31 31 31 31 32 31 31 31 31 31 31 31 31 31 32 33 33 34 34 34 35 36 37 38 39 40 41 42 44 45 46 47 49 50 52 53 54 56 57 59 60 61 61 63 65 66 67 68 69 71 73 75 77 79 81 83 86 88 92 95 98 103 105 109 116 119 122 146 165 186 205 215 211 184 188 198 170 213 224 178 183 168 177 195
25 26 27 28 28 28 28 28 28 29 29 29 29 30 30 30 30 30 30 30 31 31 31 31 31 31 31 31 31 32 32 33 34 35 35 37 38 38 39 41 42 44 45 46 47 49 50 52 53 54 56 57 59 60 61 62 63 64 66 67 68 70 72 74 76 78 80 82 85 88 92 95 99 103 108 110 112 113 124 133 147 158 186 192 166 157 166 181 165 145 162 157 134 122 119 138
25 25 26 27 28 28 28 28 28 28 29 29 29 29 29 29 29 29 29 29 29 29 29 30 30 31 31 31 31 31 31 32 32 34 35 35 36 37 38 39 41 42 44 45 46 47 49 50 51 53 54 55 57 59 60 62 62 63 65 66 68 70 72 74 75 78 80 82 85 87 91 95 98 104 108 110 111 109 122 147 154 145 135 157 164 154 130 130 139 126 120 113 110 114 117 169
25 25 25 25 26 26 27 28 28 28 28 28 28 28 28 29 29 29 29 28 28 28 28 28 28 28 29 30 30 31 31 31 32 32 33 34 35 36 37 38 39 41 42 43 45 46 47 49 50 51 53 54 56 57 59 61 62 63 65 65 66 69 71 73 75 77 79 81 84 88 92 94 97 102 105 110 111 110 113 116 119 123 125 136 144 170 137 120 122 117 114 112 110 112 116 141
25 25 25 25 25 25 26 26 26 26 26 26 26 26 26 26 26 27 27 27 28 28 28 28 28 28 28 28 28 29 30 30 31 32 32 32 34 35 36 36 38 39 41 42 43 45 46 48 49 50 51 52 54 56 58 59 61 63 65 65 66 68 71 73 74 76 79 81 84 88 92 94 96 100 104 109 112 112 113 116 119 115 115 117 124 144 125 118 136 160 128 111 108 110 110 115
24 24 24 25 25 25 25 25 25 25 25 26 26 26 26 26 26 26 26 26 26 27 27 28 28 28 28 28 28 28 28 29 30 31 32 32 32 33 35 35 36 38 39 41 42 44 44 46 48 49 50 52 53 55 56 58 60 61 64 65 66 68 69 71 73 75 78 80 83 86 90 93 97 100 102 107 109 110 110 114 118 114 114 113 112 121 129 110 120 142 146 131 115 106 105 108
22 23 24 24 24 25 25 25 25 25 25 25 25 25 26 26 26 26 26 26 26 26 26 26 27 28 28 28 28 28 28 28 29 29 30 32 32 32 33 35 35 36 38 39 40 42 43 45 46 47 49 51 52 53 55 56 58 60 62 63 66 67 69 70 72 74 77 80 82 85 88 92 95 97 100 104 107 109 108 111 115 114 112 111 111 111 115 107 106 115 128 144 146 124 106 104
22 22 23 23 23 24 24 24 23 23 23 23 23 23 23 23 23 24 25 25 25 25 25 25 25 26 27 27 27 28 28 28 28 29 29 30 32 32 32 33 35 35 37 38 39 41 42 43 44 46 48 49 51 53 54 55 57 58 60 62 64 66 68 70 71 73 75 78 81 83 86 91 93 94 97 101 105 107 107 108 113 112 111 110 110 109 108 106 104 106 110 113 124 127 120 126
22 22 22 22 22 22 22 22 22 22 23 23 23 23 23 23 23 23 23 24 25 25 25 25 25 25 25 25 27 27 28 28 28 28 29 29 30 31 32 32 33 35 35 37 38 39 40 42 44 45 46 48 50 51 53 55 55 57 59 61 63 65 67 68 69 72 74 77 79 81 84 89 90 92 95 98 102 105 106 107 109 110 108 107 108 107 107 105 103 101 101 101 101 109 108 118
22 22 22 22 22 22 22 22 22 22 22 22 22 23 23 23 23 23 23 23 23 24 25 25 25 25 25 25 25 26 27 28 28 28 28 29 29 30 31 32 32 34 35 35 37 38 40 40 42 44 45 46 48 50 52 53 55 56 58 59 61 64 65 67 69 71 74 76 77 79 82 86 89 90 93 96 99 101 103 104 106 107 105 106 106 105 104 103 102 101 99 98 95 95 100 111
20 21 21 21 21 22 22 22 22 22 21 21 21 21 22 22 22 22 22 22 23 23 24 25 25 25 25 25 25 26 26 27 27 28 28 28 29 29 30 31 32 32 34 34 36 37 38 39 41 42 43 45 47 48 50 52 54 55 57 58 60 62 64 66 68 70 72 75 77 78 80 83 86 88 90 93 95 98 100 102 103 104 103 103 104 103 102 102 100 100 98 97 94 91 91 91
19 19 19 20 19 20 20 20 20 20 20 20 20 20 20 20 21 22 22 22 22 22 22 24 24 24 24 25 25 25 26 27 27 27 28 28 28 28 29 31 31 31 33 34 34 36 36 38 39 41 42 43 45 47 49 50 52 53 55 57 58 60 62 64 66 68 70 73 75 78 80 80 84 87 88 90 92 95 97 98 99 100 101 101 102 102 101 100 100 99 98 97 92 90 88 87
19 19 19 19 19 19 19 19 19 19 19 19 20 20 20 20 20 21 22 22 22 22 22 24 24 24 24 24 24 26 26 27 27 27 27 28 28 28 28 30 31 31 31 33 34 34 36 36 38 40 40 42 44 46 48 49 50 52 54 56 58 59 61 63 65 67 68 71 73 75 78 80 82 84 85 87 90 92 93 95 95 97 98 99 100 100 99 98 97 97 95 94 90 90 87 84
19 19 19 19 19 19 19 19 19 19 19 19 19 19 19 19 20 20 21 22 22 22 22 22 24 24 24 24 24 24 26 27 27 27 27 27 28 28 28 29 31 31 31 31 33 33 35 36 37 38 40 41 42 44 46 47 49 51 52 54 56 58 59 61 63 64 66 69 71 73 75 77 80 82 84 85 87 89 90 92 93 93 95 97 98 98 97 96 95 94 94 92 88 88 86 83
17 17 18 18 18 18 18 18 18 18 18 18 19 19 19 19 19 19 19 20 21 21 22 22 24 24 24 24 24 24 25 26 27 27 27 27 27 28 28 28 30 30 30 31 32 33 33 35 36 37 38 40 41 43 45 46 48 49 52 53 55 57 58 60 62 63 65 67 69 72 74 75 77 79 82 84 84 86 87 88 89 91 92 94 96 97 95 94 94 91 91 91 88 87 85 82
17 17 16 16 16 16 17 17 17 17 17 17 17 17 18 19 19 19 19 19 20 21 21 21 23 24 24 24 24 24 25 26 26 26 27 27 27 27 27 28 28 30 30 30 31 33 33 34 35 36 37 39 40 41 43 45 46 48 49 51 53 54 56 58 60 62 64 65 67 69 71 73 75 77 79 81 83 84 84 85 87 88 89 91 93 94 93 92 91 89 89 89 88 84 83 82
16 16 16 16 16 16 16 16 16 16 16 17 17 17 17 18 19 19 19 19 20 21 21 21 21 23 23 23 23 24 25 26 26 26 26 27 27 27 27 27 27 29 30 30 30 31 32 32 34 34 36 38 39 40 42 44 45 47 49 50 52 53 55 56 58 60 62 63 65 67 69 70 73 75 77 77 79 81 82 83 84 85 86 87 89 92 91 90 89 86 86 86 86 84 81 81
16 16 16 16 16 16 16 16 16 16 16 16 16 16 16 16 18 19 19 19 19 21 21 21 21 23 23 23 23 24 26 26 26 26 26 26 26 27 27 27 27 28 29 30 30 30 32 32 33 34 35 36 38 39 40 42 44 45 46 48 50 52 53 55 57 58 60 61 63 64 66 68 70 72 73 75 77 77 78 81 82 82 83 84 86 88 88 89 88 85 84 85 85 83 82 80
14 14 14 15 15 14 15 15 15 15 16 16 16 16 16 16 16 17 18 18 19 20 21 21 21 22 23 23 23 23 24 25 26 26 26 26 26 26 27 27 27 27 29 29 29 29 31 32 32 34 34 36 37 38 40 41 43 44 45 47 48 50 51 53 54 56 58 59 61 63 64 66 68 70 70 72 74 75 77 79 80 80 82 82 82 84 84 87 87 84 82 83 82 82 82 80
14 14 14 14 14 14 14 14 14 14 14 14 15 16 16 16 16 16 18 18 18 19 20 20 21 22 23 23 23 23 24 25 25 26 26 26 26 26 26 26 26 27 28 29 29 29 29 31 31 33 33 35 36 37 38 40 41 43 45 46 47 49 50 52 53 54 56 58 59 61 62 64 66 67 68 70 70 72 74 76 77 77 80 81 80 80 82 84 84 81 81 80 80 80 82 80
14 14 14 14 14 14 14 14 14 14 14 14 14 15 16 16 16 16 17 18 18 18 19 20 20 21 22 23 23 23 24 25 25 25 25 26 26 26 26 26 26 26 27 29 29 29 29 31 31 32 33 34 35 36 37 39 40 41 43 44 46 47 49 50 52 53 54 55 57 59 61 62 64 65 65 67 68 70 71 74 75 76 78 79 79 80 80 81 81 80 78 79 78 79 81 77
14 14 14 14 14 14 14 14 13 14 14 14 14 14 15 16 16 16 16 18 18 18 18 20 20 20 22 22 23 23 24 25 25 25 25 25 25 26 26 26 26 26 27 28 28 28 29 31 31 31 33 33 35 36 37 38 39 41 42 43 44 45 47 49 50 52 53 54 55 57 58 60 62 62 63 65 66 67 69 71 72 74 75 76 77 78 79 79 79 79 77 77 77 79 79 75
12 13 13 14 13 13 13 13 13 13 13 13 13 13 13 15 16 16 16 17 18 18 18 20 20 20 21 22 22 22 24 25 25 25 25 25 25 25 25 25 26 26 27 28 28 28 28 29 30 30 32 32 34 35 36 37 39 40 41 42 43 45 46 47 48 50 52 53 54 55 56 58 60 61 61 63 63 65 67 68 70 72 73 74 75 76 77 76 77 78 75 76 77 79 81 75
12 11 11 11 11 11 11 12 12 13 13 13 13 13 13 13 15 15 16 17 18 18 18 20 20 20 21 22 22 22 23 24 24 25 25 25 25 25 25 25 27 28 28 28 28 28 28 28 30 30 30 32 33 34 35 36 38 39 40 41 43 44 45 46 47 48 49 51 52 54 55 56 58 59 60 61 62 63 65 67 68 70 71 72 74 75 74 75 75 77 75 75 76 77 80 74
11 11 11 11 11 11 11 11 11 12 13 13 13 13 13 13 14 15 15 15 17 17 18 19 20 20 21 22 22 22 23 24 24 24 24 25 25 25 26 26 27 27 27 27 28 28 28 28 30 30 30 32 32 34 34 36 36 38 39 40 42 43 44 45 46 47 49 49 51 52 53 54 56 57 58 59 60 61 62 64 67 68 69 70 72 73 72 75 74 76 74 75 76 76 79 75
11 11 11 11 11 11 11 11 11 11 12 13 13 13 13 13 14 15 15 15 15 17 17 18 20 20 20 21 22 22 22 24 24 24 24 24 25 25 27 27 27 27 27 27 27 27 28 28 30 30 30 32 32 33 34 35 36 37 38 39 40 42 43 45 45 46 47 48 49 51 52 53 54 55 56 57 58 59 61 62 64 66 67 68 70 70 72 73 74 73 74 75 76 76 77 79
11 11 11 11 11 11 11 11 11 11 11 13 13 13 13 13 13 15 15 15 15 17 17 17 18 19 20 21 22 22 22 23 24 24 24 24 24 24 26 27 27 27 27 27 27 27 27 28 29 29 30 32 32 33 34 34 36 36 38 38 40 40 42 43 45 45 47 47 48 49 50 51 53 54 55 55 56 57 60 61 62 63 65 67 68 67 70 72 73 72 74 74 75 75 76 77
11 11 11 11 11 11 11 11 11 11 11 11 13 13 13 13 13 14 15 15 15 16 17 17 18 19 19 20 22 22 22 23 24 24 24 24 24 25 25 26 26 27 27 27 27 27 27 29 29 29 29 31 32 32 34 34 35 36 37 38 39 40 41 42 43 44 45 47 47 48 49 50 51 51 53 54 55 56 58 60 61 61 63 65 67 66 68 69 71 70 72 73 74 74 75 76
11 11 11 11 11 11 11 11 11 11 11 11 12 13 13 13 13 13 15 15 15 16 17 17 17 19 19 19 20 21 21 22 23 24 24 24 25 25 25 26 26 26 26 27 27 27 27 28 29 29 29 30 31 31 33 33 35 36 36 38 38 40 40 41 42 43 44 45 46 47 48 49 49 50 51 52 53 54 56 58 59 60 62 63 64 64 67 68 68 68 71 71 72 73 74 75
11 11 11 11 11 11 11 11 11 11 11 11 12 13 13 13 13 13 14 15 15 15 17 17 17 18 19 19 19 21 21 21 22 23 24 24 24 24 25 26 26 26 26 26 27 27 27 29 29 29 29 30 31 31 32 33 34 35 36 38 38 39 40 40 41 42 43 44 44 45 47 47 49 49 49 50 51 53 55 56 57 58 60 61 62 63 65 66 67 66 68 70 71 72 72 74
11 11 11 11 11 11 11 11 11 11 11 11 11 13 13 13 13 13 14 15 15 15 16 17 17 17 18 19 19 20 21 21 21 23 24 24 24 24 25 26 26 26 26 26 26 26 28 29 29 29 29 30 31 31 32 33 33 35 35 37 38 38 39 40 40 41 42 42 43 44 45 46 47 48 49 49 49 52 53 55 56 56 58 60 60 61 63 64 65 65 67 68 68 70 72 73
11 11 11 11 11 11 11 11 11 11 11 11 11 12 13 13 13 13 13 15 15 15 15 16 17 17 17 19 19 19 20 21 21 21 23 24 24 24 25 26 26 26 26 26 26 26 28 28 29 29 29 30 31 31 32 33 33 34 35 35 36 37 38 39 40 40 41 42 42 43 44 44 45 46 47 48 48 50 51 53 54 55 57 58 59 59 60 62 64 65 66 67 67 68 70 71
11 11 11 11 11 11 11 11 11 11 11 11 11 12 13 13 13 13 13 14 15 15 15 15 17 17 17 18 19 19 19 21 21 21 22 23 23 24 24 26 26 26 26 26 26 26 28 28 28 28 29 30 31 31 31 32 33 33 35 35 35 36 37 37 39 39 40 41 42 42 42 44 44 44 45 46 46 48 50 51 52 54 55 56 58 58 59 61 63 64 64 65 66 67 68 70
11 11 11 11 11 11 11 11 11 11 11 11 11 12 12 13 13 13 13 13 14 15 15 15 16 17 17 17 19 19 19 20 21 21 21 22 23 24 24 24 26 26 26 26 26 26 28 28 28 28 29 30 31 31 31 32 33 33 33 35 35 35 36 37 37 37 38 39 39 41 42 42 43 43 44 44 45 48 49 50 50 52 54 55 55 57 59 59 61 62 63 64 65 66 67 68
10 11 11 11 11 11 11 11 11 11 11 11 11 12 13 13 13 13 13 13 14 15 15 15 15 16 17 17 17 19 19 19 20 21 21 22 23 23 24 24 25 26 26 26 26 26 27 28 28 28 28 29 30 31 31 31 33 33 33 33 35 35 35 35 36 37 37 38 39 39 40 41 41 41 42 43 44 46 47 49 50 50 52 54 53 56 58 59 60 61 62 63 64 64 66 67
10 11 11 11 11 11 11 11 11 11 11 11 11 12 13 13 13 13 13 13 13 15 15 15 15 16 17 17 17 18 19 19 19 21 21 21 22 23 23 24 24 26 26 26 26 26 27 28 28 28 28 28 30 30 30 30 32 33 33 33 33 34 35 35 35 36 36 37 37 38 39 39 40 40 41 41 42 45 46 47 48 50 51 50 53 55 56 57 58 59 60 61 63 63 64 66
11 11 11 11 11 11 11 11 11 11 11 11 10 11 12 13 13 13 13 13 13 13 14 15 15 15 16 17 17 17 18 19 19 20 21 21 22 23 23 23 24 25 26 26 26 26 26 27 28 28 28 28 28 29 30 30 30 31 32 33 33 33 34 34 35 35 35 36 36 37 37 38 39 39 40 41 41 42 44 46 47 49 50 50 51 54 55 56 57 58 59 59 61 61 63 64
10 11 11 11 11 11 11 11 10 11 11 11 10 11 12 12 13 13 13 13 13 13 14 15 15 15 15 16 17 17 17 18 19 19 20 21 21 22 23 23 23 25 25 25 26 26 26 26 27 28 28 28 28 28 29 30 30 30 30 31 32 33 33 33 33 34 34 35 35 36 36 37 38 39 39 39 40 41 43 44 46 47 49 50 50 52 54 55 56 58 59 59 60 61 61 62
11 11 11 11 11 11 11 11 11 11 11 11 11 11 11 12 13 13 13 13 13 13 13 14 15 15 15 15 16 17 17 17 19 19 19 20 21 21 22 23 23 23 24 24 26 26 26 26 26 27 28 28 28 28 28 28 29 29 30 30 30 30 31 32 32 32 32 33 33 34 34 35 36 37 37 39 39 39 41 43 45 46 47 49 49 51 53 54 55 56 57 58 59 59 60 61
11 11 11 11 11 11 11 11 11 11 11 11 11 13 13 13 13 13 13 13 13 13 13 13 14 14 15 15 15 16 17 17 17 19 19 19 20 21 21 22 23 23 23 23 25 26 26 26 26 26 26 27 28 28 28 28 28 28 29 29 30 30 30 30 30 31 31 32 32 32 33 34 35 36 36 37 38 39 40 42 43 45 46 47 48 51 51 53 54 55 56 56 58 59 59 60
10 10 11 11 11 11 11 11 11 11 11 10 10 12 12 13 13 13 13 13 13 13 13 13 14 14 15 15 15 15 16 17 17 18 19 19 20 21 21 21 21 23 23 23 24 26 25 26 26 26 26 26 26 26 27 28 28 28 28 28 28 29 29 30 30 30 30 30 31 31 32 33 34 34 35 35 36 38 39 41 42 44 45 45 48 50 51 51 53 54 55 55 56 57 58 59
10 10 11 11 11 11 11 11 11 11 11 11 10 11 12 13 13 13 13 13 13 13 13 13 13 14 14 15 15 15 16 17 17 17 18 19 19 20 21 21 21 21 22 23 23 24 24 25 25 26 26 26 26 26 26 26 26 27 27 28 28 28 28 28 28 29 30 30 30 30 31 32 32 34 34 35 36 36 38 39 41 43 44 45 47 49 50 51 52 53 54 55 55 56 57 58
10 11 11 11 11 10 10 10 10 10 10 10 10 11 12 12 13 13 13 13 13 13 13 13 13 13 13 14 15 15 15 16 17 17 17 19 19 19 20 21 22 21 22 22 23 23 25 25 24 24 25 25 26 26 26 26 26 26 26 26 26 26 27 28 28 28 28 28 29 30 30 30 31 32 34 34 35 36 36 38 40 42 42 45 46 48 50 51 51 52 53 54 54 55 56 56
9 10 10 10 10 10 10 10 10 10 10 10 10 10 12 11 12 13 13 13 13 13 13 13 13 13 13 13 14 15 15 15 16 17 17 19 20 20 20 21 22 22 22 22 22 22 23 24 23 24 24 24 24 24 24 25 25 26 25 26 26 26 26 26 26 26 27 28 28 29 30 30 30 31 32 34 34 35 36 37 39 41 42 44 46 47 48 50 51 51 51 53 54 54 55 56
