Artocarpus heterophyllus SDM files/Last glacial maximum/Environmental layers/bio17.asc
ncols  625
nrows  721
xllcorner  69.958333335383
yllcorner  5.95833333415099
cellsize 0.041666666667
NODATA_value  -9999
[rows 549 to 609 of 721, columns 96 to 191 of 625]
2 2 2 2 2 2 2 2 2 2 2 2 2 2 2 2 2 2 2 2 1 2 1 1 2 2 3 3 3 3 3 3 3 3 3 3 3 3 4 3 3 3 3 4 5 5 4 3 3 3 3 3 3 3 3 3 3 2 2 2 2 2 2 2 2 2 2 2 2 2 2 2 2 2 2 2 2 2 2 2 2 2 2 2 2 2 3 3 3 4 4 3 4 4 5 5
2 2 2 2 2 2 2 2 2 2 2 2 2 2 2 2 3 3 3 3 3 3 3 2 3 3 3 3 3 3 3 3 3 3 3 3 3 4 5 3 3 3 3 3 5 5 4 3 3 3 3 3 3 3 3 3 3 3 2 2 2 2 2 2 2 2 2 2 2 2 2 2 2 2 2 2 2 2 2 2 2 2 2 2 2 2 3 3 3 3 4 3 3 4 5 5
2 2 2 2 2 2 2 2 2 2 2 3 3 3 4 4 4 4 4 4 4 3 3 3 3 3 3 3 3 3 3 3 3 3 3 3 2 3 3 3 3 3 3 3 3 5 5 4 3 3 3 3 3 3 3 3 3 3 2 2 2 2 2 2 2 2 2 2 2 2 2 2 2 2 2 2 2 2 2 2 2 2 2 2 2 3 4 5 4 5 4 3 4 4 5 5
2 2 2 5 3 2 2 3 4 4 4 4 4 4 4 4 4 4 4 4 4 3 3 3 3 3 3 3 3 3 3 3 3 3 3 3 3 3 3 3 4 4 3 3 3 4 5 3 3 3 3 3 3 3 3 3 3 3 2 3 2 2 2 2 2 2 2 2 2 2 2 2 2 2 2 2 2 2 2 2 2 2 2 2 2 3 3 5 5 5 5 4 5 5 5 5
-9999 2 2 3 3 4 4 4 4 4 4 4 4 4 4 4 4 4 4 4 4 4 3 3 3 3 3 3 3 3 3 3 3 3 3 3 3 3 3 3 4 5 3 4 3 3 5 4 3 3 3 3 3 3 3 3 3 3 3 3 2 3 2 2 2 2 2 2 2 2 2 2 2 2 2 2 2 2 2 2 2 2 2 2 2 3 4 5 5 5 5 5 5 5 5 5
-9999 -9999 2 4 4 4 4 4 4 4 4 4 4 4 4 4 4 4 4 4 4 4 4 3 3 3 3 3 3 3 3 3 3 3 3 3 3 3 3 3 4 5 3 4 3 3 4 5 3 3 3 3 3 3 3 3 3 3 3 3 3 3 3 3 2 2 2 2 2 2 2 2 2 2 2 2 2 2 2 2 3 2 3 2 3 3 4 5 5 5 5 5 5 5 5 5
-9999 -9999 4 4 5 5 4 4 4 4 4 4 4 4 4 4 4 4 4 4 4 4 4 3 3 3 3 3 3 3 3 3 3 3 3 3 3 3 3 3 3 3 3 5 4 3 4 4 4 3 3 3 3 3 3 3 3 3 3 3 3 3 3 3 3 3 2 2 2 2 2 2 2 2 2 2 2 3 3 3 3 3 3 3 3 3 4 5 5 5 5 5 5 5 5 5
-9999 -9999 -9999 5 5 5 5 5 5 4 5 4 4 4 4 4 4 4 4 4 4 4 4 4 3 3 3 3 3 3 3 3 3 3 3 3 3 3 3 3 3 3 4 5 5 4 4 4 5 3 3 3 3 3 3 3 3 3 3 3 3 3 3 3 3 3 3 2 2 2 2 2 2 2 2 2 2 2 4 3 3 4 3 3 3 3 4 5 5 5 5 5 5 5 5 5
-9999 -9999 -9999 -9999 5 5 5 5 5 5 5 4 4 4 4 4 4 4 4 4 4 4 4 4 3 3 3 3 3 3 3 3 3 3 3 3 3 3 3 3 3 4 4 4 5 5 5 5 5 4 4 3 3 3 3 3 3 3 3 3 3 3 3 3 3 3 3 3 3 2 2 2 2 2 2 2 3 4 3 4 3 5 3 3 3 3 4 5 5 5 5 5 5 5 5 5
-9999 -9999 -9999 -9999 -9999 5 5 5 5 5 5 5 5 5 4 4 4 4 4 4 4 4 4 4 4 3 3 3 3 3 3 3 3 3 3 3 3 3 3 3 3 4 4 5 5 5 5 5 5 4 4 3 3 3 3 3 3 3 3 3 3 3 3 3 3 3 3 3 3 3 2 2 2 2 2 2 3 3 4 3 4 4 3 3 3 4 4 5 5 5 5 5 5 5 5 5
-9999 -9999 -9999 -9999 -9999 5 5 5 5 5 5 5 5 5 4 4 4 4 4 4 4 4 4 4 4 4 3 3 3 3 3 3 3 3 3 4 3 3 3 3 3 4 5 5 5 5 5 5 5 4 3 3 3 3 3 3 3 3 3 3 3 3 3 3 3 3 3 3 3 3 3 2 3 2 2 3 3 3 4 4 3 4 3 3 3 4 4 5 5 5 5 5 6 6 5 5
-9999 -9999 -9999 -9999 -9999 5 5 5 5 5 5 5 5 5 5 5 4 4 4 4 4 4 4 4 4 4 4 5 4 5 3 4 4 4 4 5 5 4 4 4 4 6 5 7 7 6 5 5 5 4 3 3 3 3 3 3 3 3 3 3 3 3 3 3 3 3 3 4 4 4 4 3 4 3 3 4 4 3 4 5 5 4 4 3 5 5 4 5 5 5 5 7 7 7 8 6
-9999 -9999 -9999 -9999 -9999 5 5 5 5 5 5 5 5 5 5 5 5 4 4 4 4 4 4 4 4 4 4 4 5 5 5 5 5 5 5 5 5 5 5 5 5 5 8 8 7 7 6 5 5 4 3 3 3 3 3 3 3 3 3 3 3 3 3 3 3 3 3 5 3 5 5 5 5 4 3 4 5 5 3 5 5 5 4 4 5 5 5 5 5 5 7 8 7 6 8 8
-9999 -9999 -9999 -9999 -9999 -9999 5 5 5 5 5 5 5 5 5 5 5 4 4 4 4 4 4 4 4 4 6 6 6 6 5 5 5 5 5 5 5 5 5 5 5 5 8 8 7 7 6 6 5 5 5 5 4 3 3 3 3 3 3 3 3 3 3 3 3 3 3 5 4 4 5 5 5 5 5 5 5 5 5 5 5 5 5 4 5 5 5 5 7 7 8 8 8 7 8 8
-9999 -9999 -9999 -9999 -9999 -9999 -9999 5 5 5 5 5 5 5 5 5 5 5 4 4 4 4 4 4 5 5 6 6 6 6 6 6 6 6 5 5 5 5 5 6 5 6 8 8 8 6 7 6 5 5 5 6 5 3 3 3 3 3 3 3 3 3 3 3 4 3 3 5 5 5 5 5 5 5 5 5 5 5 5 5 5 5 5 5 5 5 5 5 7 8 8 8 8 8 7 8
-9999 -9999 -9999 -9999 -9999 -9999 -9999 -9999 5 5 5 5 5 5 5 5 5 5 5 5 4 5 6 6 6 6 6 6 6 6 6 6 6 6 6 7 6 5 5 5 7 9 8 8 8 7 7 6 5 6 6 6 5 5 5 4 3 3 3 3 3 3 3 4 3 4 3 5 5 5 5 5 5 5 5 5 5 5 5 5 5 5 5 5 5 5 5 5 6 8 8 8 8 8 8 8
-9999 -9999 -9999 -9999 -9999 -9999 -9999 -9999 -9999 5 5 5 5 5 5 5 5 5 6 7 6 6 6 6 6 6 6 6 6 6 6 6 6 8 7 7 8 8 6 7 7 8 9 10 8 8 8 6 5 6 6 6 6 6 5 5 5 4 4 3 3 3 4 4 3 3 4 5 5 5 5 5 5 5 5 5 5 5 5 5 5 5 5 5 5 5 5 5 6 7 7 8 8 8 8 10
-9999 -9999 -9999 -9999 -9999 -9999 -9999 -9999 -9999 5 5 5 5 5 5 6 6 6 7 7 7 6 6 6 6 6 6 6 6 6 6 6 6 6 7 8 9 9 8 9 9 8 8 9 9 8 7 7 7 6 6 6 6 6 5 5 5 5 5 4 4 5 5 5 5 5 5 5 5 5 5 5 5 5 5 5 5 5 5 6 5 5 5 5 5 5 5 5 7 7 6 7 8 8 10 11
-9999 -9999 -9999 -9999 -9999 -9999 -9999 -9999 -9999 -9999 5 5 5 6 7 7 7 7 7 7 7 7 6 6 6 6 6 6 6 6 6 6 6 6 7 7 8 10 10 8 8 8 8 8 9 8 7 8 8 8 6 6 6 6 6 5 5 5 5 5 5 5 5 5 5 5 5 5 5 5 5 5 5 5 5 5 5 5 5 6 6 6 6 5 5 5 5 7 7 6 5 6 8 8 10 11
-9999 -9999 -9999 -9999 -9999 -9999 -9999 -9999 -9999 -9999 5 5 5 7 7 7 7 7 7 7 7 7 7 6 6 6 6 6 6 6 6 6 6 6 7 7 7 8 12 11 10 8 8 8 8 8 8 8 8 8 8 7 6 6 6 5 5 5 5 5 5 5 5 5 5 5 5 5 5 5 5 5 5 5 5 5 5 5 5 5 5 5 6 5 5 5 6 6 7 5 5 6 9 9 10 9
-9999 -9999 -9999 -9999 -9999 -9999 -9999 -9999 -9999 -9999 6 5 5 7 7 7 7 7 7 7 7 7 7 7 6 6 6 6 6 6 6 7 7 8 8 8 8 8 10 12 11 10 9 8 8 8 9 8 8 8 8 8 8 6 5 5 5 5 5 5 5 5 5 5 5 5 5 5 5 5 5 5 5 5 5 5 5 5 6 5 5 5 5 5 5 6 7 6 7 6 7 7 8 10 8 10
-9999 -9999 -9999 -9999 -9999 -9999 -9999 -9999 -9999 -9999 -9999 8 7 7 7 7 7 7 7 7 7 7 7 7 7 6 6 6 6 7 8 8 8 8 8 8 8 8 9 13 12 11 10 8 9 9 8 10 8 8 8 8 8 7 7 7 5 5 5 5 5 5 5 5 5 5 5 5 5 5 5 5 5 5 5 5 5 7 7 6 6 7 6 5 5 6 6 6 6 6 7 8 7 10 8 9
-9999 -9999 -9999 -9999 -9999 -9999 -9999 -9999 -9999 -9999 -9999 8 8 8 7 7 7 7 7 7 7 7 7 7 7 8 8 7 8 8 8 8 8 8 8 8 8 8 9 10 9 12 10 9 9 9 8 8 8 8 8 8 8 8 8 7 6 5 5 5 5 5 5 5 5 5 5 5 5 6 6 5 5 5 6 6 5 6 6 6 6 8 7 7 6 6 6 7 7 7 7 7 8 8 8 8
-9999 -9999 -9999 -9999 -9999 -9999 -9999 -9999 -9999 -9999 -9999 8 8 8 8 8 8 7 7 7 7 7 7 8 9 9 9 8 8 8 8 8 8 8 8 8 8 8 8 8 8 8 8 9 10 9 8 9 9 9 8 8 8 8 8 8 7 7 6 5 5 6 5 6 5 5 5 5 5 7 7 6 6 6 6 6 6 6 6 7 8 8 8 6 7 6 7 10 11 9 7 7 8 8 11 10
-9999 -9999 -9999 -9999 -9999 -9999 -9999 -9999 -9999 -9999 -9999 -9999 8 8 8 8 8 8 8 7 7 7 8 9 9 9 9 9 8 8 8 8 8 8 8 8 8 8 8 8 8 8 8 8 9 10 9 9 10 9 9 9 10 10 9 8 7 7 6 6 5 6 5 6 6 5 6 6 6 8 8 7 7 6 6 6 7 8 8 8 8 8 8 7 7 6 10 10 10 10 9 8 8 9 11 11
-9999 -9999 -9999 -9999 -9999 -9999 -9999 -9999 -9999 -9999 -9999 -9999 8 8 8 8 8 8 8 9 8 9 9 9 9 9 9 9 9 9 8 8 8 8 8 8 8 8 8 8 8 8 8 8 10 9 9 10 10 10 10 10 10 10 10 9 8 8 7 7 7 7 7 7 7 7 7 8 8 8 8 7 8 7 6 7 8 9 9 8 8 8 8 8 7 7 10 9 9 9 8 8 8 8 9 11
-9999 -9999 -9999 -9999 -9999 9 -9999 -9999 -9999 -9999 -9999 -9999 8 8 8 8 8 8 9 10 9 9 9 9 9 9 9 9 9 9 9 8 8 8 8 8 8 8 8 9 8 8 8 8 10 12 11 11 11 11 12 11 10 10 10 10 8 8 7 8 8 7 8 8 8 8 8 8 8 8 8 8 8 8 6 6 9 10 10 8 10 9 9 9 7 8 11 10 11 9 8 10 8 8 9 10
-9999 -9999 -9999 -9999 -9999 9 -9999 -9999 -9999 -9999 -9999 -9999 -9999 8 8 8 8 9 10 10 10 9 9 9 9 9 9 9 9 9 9 9 9 8 8 8 8 8 8 8 8 8 8 8 8 9 12 13 14 12 13 13 12 11 10 9 8 8 7 8 8 7 8 9 8 8 8 8 8 8 8 8 8 8 7 7 10 10 11 10 11 9 9 9 6 9 12 10 9 8 10 8 8 8 9 8
-9999 -9999 -9999 -9999 -9999 -9999 -9999 -9999 -9999 -9999 -9999 -9999 -9999 8 8 8 9 10 10 10 10 10 9 9 9 9 9 9 9 9 9 9 9 9 8 8 8 8 8 8 8 8 8 8 8 8 9 14 15 14 13 13 13 11 10 10 9 10 8 8 8 8 8 9 10 8 8 9 8 9 8 8 8 8 8 8 9 11 12 11 11 10 9 10 8 9 10 9 10 8 8 8 8 8 8 8
-9999 -9999 -9999 -9999 -9999 -9999 -9999 -9999 -9999 -9999 -9999 -9999 -9999 8 8 8 10 10 10 10 10 10 10 9 9 9 9 9 9 9 9 9 9 9 9 9 8 8 8 8 9 9 8 8 8 8 9 13 15 13 13 12 13 11 10 11 10 10 9 8 9 8 10 10 10 8 8 10 10 10 10 8 8 8 8 9 10 13 13 12 12 11 11 11 8 10 13 10 11 10 8 8 8 8 8 8
-9999 -9999 -9999 -9999 -9999 -9999 -9999 -9999 -9999 -9999 -9999 -9999 -9999 9 8 8 10 10 10 10 10 10 10 10 10 9 9 9 9 9 9 9 9 9 9 9 9 8 8 9 8 8 8 8 13 11 10 11 12 14 13 12 12 11 10 12 11 10 11 9 9 11 12 11 11 9 9 10 11 11 11 8 8 8 8 9 11 14 13 13 12 12 12 11 9 11 14 12 11 11 10 8 8 8 9 8
-9999 -9999 -9999 -9999 -9999 -9999 -9999 -9999 -9999 -9999 -9999 -9999 -9999 9 10 10 10 10 10 10 10 10 10 10 10 9 9 9 9 9 9 9 9 9 9 9 9 9 8 8 8 10 10 10 14 12 13 13 13 13 13 13 12 12 10 12 13 12 11 10 10 12 13 12 13 11 10 11 12 11 11 11 10 9 9 9 12 14 14 14 13 12 12 10 11 12 14 14 12 12 9 10 8 8 8 9
-9999 -9999 -9999 -9999 -9999 -9999 -9999 -9999 -9999 -9999 -9999 -9999 -9999 -9999 -9999 10 10 10 10 11 10 10 10 10 10 10 11 11 9 9 9 9 9 9 9 9 9 9 8 8 8 8 8 8 11 13 13 13 13 13 13 12 12 13 11 13 14 13 12 10 11 12 13 13 13 11 11 12 13 12 12 11 11 11 11 11 13 16 15 14 14 13 13 11 11 14 14 14 14 11 10 12 8 11 10 10
-9999 -9999 -9999 -9999 -9999 -9999 -9999 -9999 -9999 -9999 -9999 -9999 -9999 -9999 -9999 -9999 10 10 10 11 10 10 10 12 11 11 10 11 11 11 10 9 9 9 9 9 9 9 9 8 8 8 8 12 13 15 16 14 13 13 13 12 12 12 13 14 15 14 13 12 12 13 15 15 14 12 12 13 14 14 15 13 12 11 12 12 14 16 16 15 14 13 11 10 13 15 13 13 13 8 12 11 11 10 9 9
-9999 -9999 -9999 -9999 -9999 -9999 -9999 -9999 -9999 -9999 -9999 -9999 -9999 -9999 -9999 -9999 10 10 10 12 11 10 11 12 12 11 11 11 11 11 11 11 10 9 10 9 10 9 11 10 10 9 9 10 10 13 18 16 13 13 13 13 13 12 12 14 15 13 13 13 12 13 14 17 17 17 15 14 16 17 15 14 14 12 14 15 13 17 16 14 14 11 12 12 14 16 11 10 9 8 14 10 9 9 9 9
-9999 -9999 -9999 -9999 -9999 -9999 -9999 -9999 -9999 -9999 -9999 -9999 -9999 -9999 -9999 -9999 -9999 10 10 11 11 10 11 12 12 12 12 11 11 11 11 11 11 11 11 11 11 11 11 11 10 10 10 10 10 10 15 15 14 13 13 13 13 13 14 15 13 14 13 14 15 14 14 16 17 16 15 14 16 18 14 15 14 14 16 18 15 17 16 15 13 12 12 14 15 16 11 10 8 9 10 8 8 8 9 9
-9999 -9999 -9999 -9999 -9999 -9999 -9999 -9999 -9999 -9999 -9999 -9999 -9999 -9999 -9999 -9999 -9999 10 10 10 11 11 11 12 12 12 12 11 11 11 11 11 11 11 11 11 11 11 11 11 11 10 10 10 10 10 11 15 19 13 13 16 13 13 14 14 13 14 14 15 17 17 17 16 17 17 16 16 15 13 14 13 13 13 17 20 13 12 12 17 13 14 12 14 13 13 11 11 10 10 8 8 9 8 9 9
-9999 -9999 -9999 -9999 -9999 -9999 -9999 -9999 -9999 -9999 -9999 -9999 -9999 -9999 -9999 -9999 -9999 11 10 10 11 12 12 12 12 12 12 11 11 11 11 11 11 11 11 11 11 11 11 11 11 10 10 10 10 10 10 14 20 14 14 15 14 13 13 13 15 14 16 18 19 18 17 21 22 21 21 20 19 17 17 15 12 13 15 17 11 11 11 13 12 14 14 11 12 11 11 11 11 10 8 8 9 9 9 9
-9999 -9999 -9999 -9999 -9999 -9999 -9999 -9999 -9999 -9999 -9999 -9999 -9999 -9999 -9999 -9999 -9999 11 10 10 11 12 12 12 12 12 12 12 11 11 11 11 11 11 11 11 11 11 11 11 11 10 10 10 10 10 10 13 13 13 16 21 16 13 11 13 15 16 18 19 17 17 21 26 27 25 25 27 26 26 27 26 17 14 14 14 13 11 11 11 11 11 11 11 11 11 11 11 11 10 8 8 12 11 10 10
-9999 -9999 -9999 -9999 -9999 -9999 -9999 -9999 -9999 -9999 -9999 -9999 -9999 -9999 -9999 -9999 -9999 -9999 -9999 11 12 12 12 12 12 12 12 12 11 11 11 11 11 11 11 11 11 11 11 11 11 10 10 10 10 10 10 11 10 10 13 19 20 16 11 12 13 16 18 15 16 21 25 28 30 30 30 30 29 27 29 30 26 21 15 14 14 13 13 13 12 12 11 11 11 11 11 11 10 9 8 9 9 10 10 10
-9999 -9999 -9999 -9999 -9999 -9999 -9999 -9999 -9999 14 14 -9999 -9999 -9999 -9999 -9999 -9999 -9999 -9999 12 12 12 12 12 12 12 12 12 12 12 11 11 11 11 11 11 11 11 11 11 10 10 10 10 10 10 10 10 10 10 10 15 22 17 12 11 11 13 14 15 17 21 27 28 30 30 32 33 31 31 30 31 28 24 16 16 17 17 15 14 14 14 14 13 12 11 11 11 10 9 9 9 9 9 10 9
-9999 -9999 -9999 -9999 -9999 -9999 -9999 -9999 -9999 13 14 14 -9999 -9999 -9999 -9999 -9999 -9999 -9999 -9999 12 12 12 12 12 12 12 13 12 13 12 11 11 11 11 11 11 11 11 11 11 10 10 10 11 10 10 10 10 10 11 16 21 19 14 12 12 13 13 16 20 26 27 28 29 29 32 33 34 31 33 30 25 20 17 19 18 17 15 14 14 14 14 14 14 11 11 11 11 9 9 9 9 9 10 9
-9999 -9999 -9999 -9999 -9999 -9999 -9999 -9999 -9999 14 15 -9999 -9999 -9999 -9999 -9999 -9999 -9999 -9999 -9999 -9999 12 12 12 12 12 12 14 12 13 13 11 11 11 11 11 11 11 11 11 11 10 10 10 10 10 10 10 10 10 10 14 16 15 13 13 13 13 13 15 17 21 30 28 30 32 34 34 35 32 27 28 22 18 20 20 18 17 16 14 14 14 14 14 14 12 11 11 11 10 9 9 9 9 9 10
-9999 13 -9999 -9999 -9999 -9999 -9999 -9999 -9999 14 16 -9999 -9999 -9999 -9999 -9999 -9999 -9999 -9999 -9999 -9999 -9999 12 13 12 13 12 13 14 14 13 13 11 13 11 11 11 11 11 11 11 10 10 10 10 10 10 10 10 10 10 14 17 13 13 13 13 13 14 15 17 21 31 32 31 36 35 36 36 33 24 23 21 18 20 20 18 17 17 15 15 14 14 14 14 13 12 12 11 11 10 9 9 9 9 9
-9999 15 15 -9999 -9999 -9999 -9999 -9999 -9999 -9999 15 17 -9999 -9999 -9999 -9999 -9999 -9999 -9999 -9999 -9999 -9999 -9999 12 13 13 12 14 14 14 14 14 12 12 13 13 13 12 11 11 11 10 10 10 10 10 10 10 10 10 10 12 14 13 13 13 13 13 15 17 20 26 32 35 35 31 37 35 30 29 25 23 22 19 20 20 18 17 16 15 15 14 14 14 14 13 13 12 11 11 11 10 9 9 9 9
-9999 15 15 -9999 -9999 -9999 -9999 -9999 -9999 -9999 -9999 16 16 -9999 -9999 -9999 -9999 -9999 -9999 -9999 -9999 -9999 -9999 -9999 13 13 12 15 15 14 14 15 13 12 14 13 13 13 13 13 11 11 10 10 10 10 11 12 12 10 11 12 13 13 13 13 13 13 16 19 25 28 32 35 37 35 31 30 31 27 23 26 22 20 20 19 17 16 15 14 14 14 14 13 12 12 13 13 12 12 11 11 9 9 9 9
-9999 -9999 -9999 -9999 -9999 -9999 -9999 -9999 -9999 -9999 -9999 -9999 -9999 -9999 -9999 -9999 -9999 -9999 -9999 -9999 -9999 -9999 -9999 -9999 14 14 14 14 15 14 14 14 13 13 13 13 13 13 13 13 13 12 12 11 11 10 10 12 13 13 12 13 13 13 13 13 13 13 16 20 28 27 29 30 33 32 28 32 28 27 27 25 23 22 20 19 18 16 15 14 14 14 14 13 12 12 12 12 12 12 11 11 9 9 9 9
-9999 -9999 -9999 -9999 -9999 -9999 -9999 -9999 -9999 -9999 -9999 -9999 -9999 -9999 -9999 -9999 -9999 -9999 -9999 -9999 -9999 -9999 -9999 -9999 -9999 -9999 14 14 14 14 14 14 14 13 13 13 13 13 13 13 13 13 13 12 12 12 12 12 13 13 13 12 13 13 13 13 13 13 15 19 30 27 32 29 28 26 27 31 28 29 29 25 23 21 20 18 17 17 15 14 14 14 12 12 12 12 11 12 12 11 12 12 9 9 9 9
-9999 -9999 -9999 -9999 -9999 -9999 -9999 -9999 -9999 -9999 -9999 -9999 -9999 -9999 -9999 -9999 -9999 -9999 -9999 -9999 -9999 -9999 -9999 -9999 -9999 -9999 14 14 14 14 14 15 15 13 14 13 13 13 13 13 13 13 13 13 12 12 12 12 12 14 13 12 13 13 13 13 13 13 17 20 27 26 29 26 26 27 28 25 27 26 28 24 23 21 20 18 17 16 15 14 14 14 13 13 12 12 12 12 11 9 10 11 10 9 9 9
-9999 -9999 -9999 -9999 -9999 -9999 -9999 -9999 -9999 -9999 -9999 -9999 -9999 -9999 -9999 -9999 -9999 -9999 -9999 -9999 -9999 -9999 -9999 -9999 -9999 -9999 -9999 14 14 15 14 14 16 15 15 14 13 13 13 13 13 13 13 13 13 13 12 11 12 12 13 13 13 14 13 13 13 13 14 17 23 23 21 27 24 26 30 28 30 28 25 23 21 20 19 18 17 15 15 15 15 14 14 14 13 12 12 12 12 12 10 9 10 10 9 9
-9999 -9999 -9999 -9999 -9999 -9999 -9999 -9999 -9999 -9999 -9999 -9999 -9999 -9999 -9999 -9999 -9999 -9999 -9999 -9999 -9999 -9999 -9999 -9999 -9999 -9999 -9999 -9999 14 15 15 15 16 16 16 15 14 14 14 13 13 13 13 13 13 12 13 12 12 12 13 13 13 13 13 13 13 13 13 14 14 14 16 23 21 27 27 24 23 25 22 21 20 19 18 18 16 15 15 15 15 15 15 14 13 12 13 13 12 12 10 11 10 10 10 9
-9999 -9999 -9999 -9999 -9999 -9999 -9999 -9999 -9999 -9999 -9999 -9999 -9999 -9999 -9999 -9999 -9999 -9999 -9999 -9999 -9999 -9999 -9999 -9999 -9999 -9999 -9999 -9999 -9999 15 16 15 16 16 16 16 15 15 15 15 14 13 13 13 13 13 13 13 13 12 13 13 13 13 13 14 14 13 13 14 14 14 14 20 23 26 24 22 23 22 20 20 19 18 18 18 15 15 15 15 15 15 14 13 12 12 12 12 13 12 12 11 10 10 10 10
-9999 -9999 -9999 -9999 -9999 -9999 -9999 -9999 -9999 -9999 -9999 -9999 -9999 -9999 -9999 -9999 -9999 -9999 -9999 -9999 -9999 -9999 -9999 -9999 -9999 -9999 -9999 -9999 -9999 16 16 16 16 16 16 16 16 15 15 15 15 14 13 13 13 13 13 13 13 13 13 13 13 13 13 13 13 13 13 13 14 14 14 21 27 26 23 22 23 23 22 19 16 17 17 17 15 15 15 15 15 15 13 13 13 12 12 12 12 12 11 12 12 12 11 10
-9999 -9999 -9999 -9999 -9999 -9999 -9999 -9999 -9999 -9999 -9999 -9999 -9999 -9999 -9999 -9999 -9999 -9999 -9999 -9999 -9999 -9999 -9999 -9999 -9999 -9999 -9999 -9999 -9999 -9999 16 16 16 16 17 16 16 16 15 15 15 15 14 13 13 13 13 13 13 13 13 13 13 13 13 13 13 13 13 13 13 14 15 19 19 21 24 24 21 19 16 15 14 15 15 14 15 15 15 15 14 14 13 13 13 13 13 12 12 12 11 10 11 12 11 11
-9999 -9999 -9999 -9999 -9999 -9999 -9999 -9999 -9999 -9999 -9999 -9999 -9999 -9999 -9999 -9999 -9999 -9999 -9999 -9999 -9999 -9999 -9999 -9999 -9999 -9999 -9999 -9999 -9999 -9999 16 17 17 16 17 17 16 16 16 15 15 15 15 14 14 13 13 14 13 13 14 13 14 13 14 13 13 13 13 13 13 13 14 14 14 14 15 21 17 14 13 13 13 15 14 13 15 15 14 15 13 13 13 13 13 13 13 12 12 12 12 12 11 11 11 11
-9999 -9999 -9999 -9999 -9999 -9999 -9999 -9999 -9999 -9999 -9999 -9999 -9999 -9999 -9999 -9999 -9999 -9999 -9999 -9999 -9999 -9999 -9999 -9999 -9999 -9999 -9999 -9999 -9999 -9999 -9999 17 18 17 17 18 18 17 17 16 16 15 15 15 15 15 15 15 15 15 15 13 13 13 13 13 14 13 14 13 13 13 14 14 14 14 14 14 13 12 12 12 12 14 12 13 15 15 14 13 15 13 13 13 13 13 13 13 13 13 12 13 13 11 11 11
-9999 -9999 -9999 -9999 -9999 -9999 -9999 -9999 -9999 -9999 -9999 -9999 -9999 -9999 -9999 -9999 -9999 -9999 -9999 -9999 -9999 -9999 -9999 -9999 -9999 -9999 -9999 -9999 -9999 -9999 -9999 -9999 18 18 18 18 18 18 18 17 17 16 16 15 15 15 15 15 15 15 15 14 15 14 14 13 14 13 13 13 13 13 14 14 14 14 14 14 12 12 12 12 12 12 12 13 15 16 16 15 14 13 14 13 13 13 13 13 13 13 13 14 13 13 11 11
-9999 -9999 -9999 -9999 -9999 -9999 -9999 -9999 -9999 -9999 -9999 -9999 -9999 -9999 -9999 -9999 -9999 -9999 -9999 -9999 -9999 -9999 -9999 -9999 -9999 -9999 -9999 -9999 -9999 -9999 -9999 -9999 18 18 18 18 18 18 18 18 18 17 17 17 17 15 15 15 15 15 15 15 15 15 16 15 15 15 15 15 15 14 14 14 14 14 14 14 14 12 12 12 12 12 13 15 16 16 16 16 16 16 16 16 14 13 14 13 14 14 14 14 14 14 12 13
-9999 -9999 -9999 -9999 -9999 -9999 -9999 -9999 -9999 -9999 -9999 -9999 -9999 -9999 -9999 -9999 -9999 -9999 -9999 -9999 -9999 -9999 -9999 -9999 -9999 -9999 -9999 -9999 -9999 -9999 -9999 -9999 -9999 18 18 18 18 19 19 18 18 18 17 17 17 17 16 15 15 15 15 15 15 15 15 17 17 15 17 15 15 16 15 14 14 14 14 14 14 14 14 13 13 14 14 16 17 17 16 16 17 17 17 16 15 14 14 14 14 15 14 14 14 14 14 13
-9999 -9999 -9999 -9999 -9999 -9999 -9999 -9999 -9999 -9999 -9999 -9999 -9999 -9999 -9999 -9999 -9999 -9999 -9999 -9999 -9999 -9999 -9999 -9999 -9999 -9999 -9999 -9999 -9999 -9999 -9999 -9999 -9999 -9999 19 19 20 20 20 19 19 19 18 17 17 17 17 16 16 16 16 15 15 15 15 15 18 19 17 16 16 16 16 16 15 14 14 14 15 15 15 15 15 15 16 16 18 18 17 16 17 17 16 16 14 14 16 14 14 16 16 16 14 13 14 14
-9999 -9999 -9999 -9999 -9999 -9999 -9999 -9999 -9999 -9999 -9999 -9999 -9999 -9999 -9999 -9999 -9999 -9999 -9999 -9999 -9999 -9999 -9999 -9999 -9999 -9999 -9999 -9999 -9999 -9999 -9999 -9999 -9999 -9999 20 20 20 20 20 20 20 20 19 19 18 17 17 17 17 17 17 16 16 15 16 16 17 21 20 18 16 16 16 16 16 15 15 15 15 15 16 16 15 15 16 17 19 20 19 19 19 18 17 17 16 15 17 15 14 16 17 15 14 13 15 14
