Artocarpus heterophyllus SDM files/Last glacial maximum/Environmental layers/bio17.asc
ncols  625
nrows  721
xllcorner  69.958333335383
yllcorner  5.95833333415099
cellsize 0.041666666667
NODATA_value  -9999
[rows 305 to 365 of 721, columns 480 to 575 of 625]
23 25 23 24 23 24 23 24 24 24 24 24 25 25 25 23 23 25 25 26 27 27 27 27 26 28 28 28 26 26 26 26 24 26 26 25 25 24 23 23 24 24 29 25 25 31 28 28 32 36 31 34 36 34 40 39 40 43 40 42 55 53 71 48 55 50 50 56 54 48 53 50 48 41 42 55 47 40 39 39 53 40 35 37 39 48 46 32 27 36 31 35 32 26 24 21
22 24 24 23 23 23 23 23 23 23 23 23 24 25 25 24 23 25 25 26 27 27 27 27 27 27 27 28 27 26 26 26 24 27 25 24 24 25 23 23 24 24 28 27 25 30 29 28 29 37 31 32 38 34 40 37 38 44 41 41 49 59 72 51 52 52 54 59 60 44 53 46 52 48 40 48 46 37 36 43 48 43 30 36 46 48 44 34 26 27 28 31 32 28 24 20
23 22 23 23 23 23 23 23 23 23 23 23 23 25 25 23 24 25 25 26 27 27 27 27 27 28 27 27 27 26 27 27 24 26 25 23 23 23 26 24 24 24 26 28 24 27 30 28 28 34 34 31 37 33 36 37 37 43 42 39 49 48 57 60 47 54 52 51 62 49 50 41 43 47 44 54 38 36 44 52 41 38 30 36 42 47 41 34 26 34 29 31 31 26 23 20
24 22 22 22 23 23 23 23 23 23 23 23 23 25 25 23 24 25 25 26 27 27 27 27 27 28 27 27 27 27 27 26 25 26 25 23 23 22 25 24 22 22 25 28 25 24 27 33 28 30 36 32 34 35 34 37 39 41 42 39 43 53 45 55 44 53 50 51 57 49 47 45 44 55 56 46 42 35 39 44 53 38 27 35 37 44 40 33 23 26 30 32 29 25 22 20
24 22 22 22 23 23 23 23 23 23 23 23 25 25 23 23 24 25 25 26 27 27 27 27 27 27 27 27 27 27 27 25 25 25 25 23 22 21 24 25 22 22 23 25 25 23 25 32 28 28 35 34 33 35 33 35 41 39 39 42 40 54 41 47 43 53 49 48 51 47 47 42 41 44 59 49 40 39 37 41 45 31 30 31 32 36 41 36 22 28 29 30 26 25 23 20
23 22 22 22 23 23 23 23 23 23 23 25 25 25 23 23 24 26 26 27 28 27 27 27 27 27 27 27 27 27 27 25 25 24 23 23 21 21 22 26 22 22 23 23 25 23 24 30 30 27 31 37 32 33 33 34 42 37 38 46 39 50 43 44 44 50 45 58 56 44 45 42 38 49 58 46 37 33 33 45 41 27 34 30 30 35 34 33 22 23 25 26 26 25 21 21
23 22 22 23 23 23 23 23 23 23 23 24 24 25 23 23 24 26 26 26 28 28 28 28 27 27 27 27 27 27 26 25 25 24 23 23 21 21 22 25 23 22 22 23 25 23 24 28 33 27 28 38 33 33 32 33 42 37 37 46 39 44 48 39 46 43 42 54 56 51 47 45 40 43 50 43 38 45 30 37 30 33 27 32 32 34 35 30 19 27 22 21 25 23 18 20
23 22 22 23 23 23 23 23 23 23 24 24 24 25 25 23 23 25 26 26 27 28 28 28 28 28 28 27 27 27 26 25 25 24 24 23 22 22 21 23 21 20 21 23 23 24 24 26 34 27 27 35 33 32 31 32 39 39 35 45 38 38 49 38 45 44 45 48 49 52 40 41 45 47 42 43 32 50 36 32 33 32 27 31 33 38 34 26 22 19 19 20 23 23 18 18
23 22 22 23 23 23 23 23 23 24 24 24 24 24 25 24 23 24 26 26 26 27 27 27 28 28 28 28 26 26 26 25 24 24 24 22 22 21 21 23 21 20 22 23 23 24 23 25 33 28 27 30 35 31 31 31 39 39 35 42 39 36 44 38 41 40 45 61 46 48 42 40 37 38 44 42 29 39 36 33 35 34 26 32 33 37 32 28 25 24 18 19 19 23 20 17
23 22 22 23 23 23 23 23 23 24 24 24 24 24 25 25 24 24 24 25 26 26 26 26 27 27 27 26 26 26 26 25 24 24 23 22 22 20 20 24 21 21 22 22 22 22 23 24 32 29 27 27 35 30 30 30 41 34 36 35 39 37 40 40 40 38 45 58 52 43 44 35 49 39 35 39 29 29 40 35 30 39 24 34 31 34 33 29 28 25 18 17 15 19 20 16
22 22 22 23 23 23 23 23 24 24 24 24 24 24 25 26 26 24 24 24 26 26 26 26 26 26 26 26 26 26 25 24 23 23 22 22 20 20 21 24 22 21 22 21 22 22 22 23 31 28 26 26 33 33 29 30 39 36 33 36 34 41 36 42 36 37 38 48 59 42 37 41 44 49 36 33 32 30 36 37 29 34 23 24 30 34 32 26 27 26 23 21 16 14 20 17
22 22 22 23 23 23 23 24 24 24 24 23 23 24 25 25 26 24 24 24 27 27 27 26 26 26 26 26 25 24 24 24 22 22 22 21 20 20 19 25 23 20 20 21 22 22 22 22 30 29 27 26 27 36 30 30 35 38 32 37 34 43 35 40 36 37 39 37 49 49 35 40 48 48 38 28 28 34 45 38 39 31 24 23 27 32 30 24 21 22 22 19 16 15 16 16
22 22 22 23 23 23 23 24 24 24 24 24 22 24 25 25 26 24 23 23 25 26 26 26 26 26 26 25 24 24 25 24 22 22 21 21 20 21 18 22 25 21 19 21 21 21 21 23 27 30 27 26 26 32 34 30 30 40 32 36 33 36 38 36 40 34 39 36 37 38 39 33 36 40 42 29 28 33 44 35 37 34 27 24 28 32 30 25 26 23 23 20 15 19 16 16
22 22 22 23 23 23 23 24 24 24 24 24 24 23 24 25 26 25 23 22 24 25 25 25 25 25 25 25 25 25 24 24 22 21 20 19 20 21 19 19 25 22 20 20 20 20 20 23 23 31 27 27 26 27 33 30 29 33 34 36 35 32 38 33 47 33 36 34 38 41 33 33 39 34 40 28 34 35 41 32 29 34 28 24 29 30 28 28 26 22 22 17 16 18 17 18
22 22 23 23 23 23 23 24 24 24 24 25 25 22 23 25 25 26 23 22 22 24 25 25 25 25 25 25 25 23 24 22 22 23 21 20 18 19 19 19 22 24 21 20 20 20 20 21 25 24 27 30 27 26 28 34 30 29 32 35 38 32 40 33 39 38 35 33 36 43 37 32 32 42 41 26 32 34 45 33 27 25 28 23 30 28 27 27 24 22 22 20 18 15 19 18
22 22 23 23 23 23 24 24 24 24 24 25 25 23 23 25 25 26 24 23 23 23 23 24 24 24 24 24 23 23 23 23 21 22 23 21 19 19 19 19 19 25 22 20 20 20 20 21 25 24 23 29 28 25 26 28 34 31 29 33 39 31 38 36 32 36 33 32 33 37 38 32 31 41 43 26 27 32 37 32 29 25 27 25 32 30 25 26 24 24 21 22 20 16 19 17
22 22 23 23 23 23 24 24 24 24 25 25 25 23 24 25 25 26 26 23 23 23 23 22 22 23 23 23 23 23 23 23 21 20 21 21 20 19 19 19 19 21 23 20 20 20 20 21 23 23 22 26 31 25 25 26 29 36 29 31 39 31 34 37 30 33 35 33 33 32 41 34 30 34 40 36 24 34 26 28 26 25 22 21 30 27 24 25 25 23 20 19 17 19 19 16
22 22 23 23 23 23 24 24 24 24 25 24 25 24 24 23 24 25 26 24 22 24 24 23 21 22 23 23 23 24 23 22 21 21 19 21 21 20 19 19 19 19 23 21 20 20 20 21 23 22 21 23 30 25 25 26 26 36 29 30 39 31 32 34 31 36 37 32 32 33 37 29 28 40 31 28 23 32 25 23 24 32 27 23 31 28 23 26 25 21 21 18 19 20 18 16
22 22 23 23 23 23 24 24 24 24 24 24 24 25 25 24 24 24 24 25 23 21 23 24 23 21 22 24 23 23 21 21 21 22 20 20 21 21 20 20 19 19 21 22 20 20 20 20 23 22 22 22 26 27 26 26 26 30 34 29 39 32 29 32 32 40 38 29 33 40 37 28 29 42 34 27 25 30 22 22 28 33 25 22 30 29 23 26 25 23 22 20 20 19 18 17
22 22 23 23 23 23 24 24 24 24 23 22 24 24 24 24 23 23 24 24 24 22 21 21 21 21 20 22 21 22 21 21 21 21 20 20 20 20 20 20 20 18 20 23 20 20 20 20 22 22 22 22 24 29 25 29 28 27 34 28 37 33 29 34 29 43 40 29 31 32 37 27 28 38 38 34 24 24 22 26 32 29 23 21 28 27 23 26 24 24 20 21 20 19 17 17
22 22 23 23 23 23 24 23 23 24 24 22 23 23 23 23 22 23 24 24 24 24 21 21 21 23 21 21 22 22 21 21 20 20 20 20 20 20 20 20 20 19 19 22 21 21 21 21 21 22 22 22 23 25 24 27 33 27 31 31 34 36 29 33 29 37 41 31 29 28 37 27 28 29 39 39 26 21 25 28 33 24 26 22 30 28 24 26 21 23 21 19 20 20 18 15
22 22 23 23 23 23 24 23 23 22 23 23 23 23 23 24 22 23 24 24 24 23 21 21 21 22 20 22 21 21 21 20 20 20 20 20 20 20 20 20 20 20 19 21 22 21 21 21 21 21 22 22 23 24 24 25 32 30 28 29 32 39 29 32 29 33 38 33 27 28 36 27 25 27 35 35 32 21 25 33 33 21 25 21 29 27 24 27 24 19 20 19 19 19 18 16
22 22 23 22 23 23 23 22 22 22 23 23 23 23 23 24 21 23 24 24 24 22 21 21 21 22 21 22 21 20 20 20 20 20 20 20 20 20 20 20 20 20 20 20 21 21 21 21 21 21 25 23 23 25 25 24 27 33 29 29 30 39 29 31 27 30 33 33 27 27 29 33 27 26 34 32 33 21 25 35 28 20 20 23 28 29 24 25 25 21 22 21 20 18 17 16
22 22 22 21 22 22 22 22 22 22 23 23 23 23 23 23 22 23 24 24 23 21 21 22 22 22 20 21 21 20 20 20 20 20 20 20 20 20 20 20 20 20 20 20 21 21 21 21 21 21 23 24 24 24 27 25 26 29 36 30 33 38 31 31 27 29 32 31 26 26 27 28 26 32 29 31 38 22 21 30 33 25 18 20 23 27 28 23 25 24 23 22 21 19 16 14
21 22 21 21 21 21 21 22 22 22 23 23 23 23 23 23 21 22 23 22 22 22 22 21 22 21 20 20 20 21 20 20 20 20 20 20 20 20 20 20 20 20 20 20 20 21 21 21 21 21 22 23 24 24 26 26 25 26 30 37 33 37 36 31 28 27 33 30 28 25 26 26 26 32 28 33 28 23 22 33 30 24 19 21 23 26 28 21 25 25 23 20 21 21 18 13
20 20 21 21 21 21 21 22 22 22 22 23 23 23 22 23 21 21 21 22 22 21 22 21 21 20 20 20 20 21 20 20 20 20 20 20 20 20 20 20 20 20 20 20 20 21 21 21 21 22 22 24 23 24 24 25 25 26 28 30 38 32 39 31 28 28 33 28 31 26 25 26 29 29 25 34 23 23 21 30 32 20 19 21 22 27 28 23 24 24 22 20 18 20 18 15
20 20 20 21 21 21 21 22 22 22 22 23 23 22 21 22 21 21 21 22 22 22 21 21 21 20 20 20 20 20 20 20 20 20 20 20 20 20 20 20 20 20 20 20 20 21 21 21 21 22 22 24 23 28 26 25 25 26 27 30 41 30 39 33 28 28 32 25 30 24 26 24 30 27 23 32 26 21 21 27 33 22 22 21 22 27 27 21 26 24 21 21 19 18 16 14
20 20 20 21 21 21 21 22 22 22 22 23 22 21 21 21 21 21 21 22 22 21 21 22 20 20 21 20 20 20 20 20 20 20 20 20 20 20 20 20 20 20 20 20 20 21 21 22 22 22 22 22 23 24 30 25 26 26 28 29 34 32 39 37 28 28 29 24 28 23 25 24 24 27 22 29 34 22 20 26 28 19 27 20 22 22 24 21 26 25 23 21 21 19 15 16
20 20 21 21 20 21 21 22 22 22 21 22 21 21 21 21 21 21 21 21 21 20 20 21 20 20 21 20 20 20 20 20 20 20 20 20 20 20 20 20 20 20 20 20 20 20 21 22 24 22 22 23 23 23 29 28 26 26 27 27 36 35 37 35 28 27 29 24 29 24 25 22 23 32 22 23 35 30 22 22 21 20 25 22 27 22 28 25 23 27 23 23 20 19 15 17
20 19 21 20 20 21 22 22 22 20 22 20 20 21 21 21 21 21 21 21 21 21 22 20 20 21 20 20 20 20 20 20 20 20 20 20 20 20 20 20 20 20 20 20 20 20 21 21 24 23 22 22 23 23 24 33 27 26 26 27 37 38 33 40 30 27 26 24 29 25 24 21 25 34 22 20 29 32 22 25 19 25 19 24 25 24 29 26 26 26 25 22 21 20 15 18
20 21 20 20 19 20 20 21 21 20 20 20 21 21 21 21 21 21 21 21 21 22 22 20 21 21 20 20 20 20 20 20 20 20 20 20 20 20 20 20 20 20 20 20 20 20 21 21 22 24 22 22 23 23 24 30 30 28 26 26 33 35 32 39 33 28 25 24 28 26 28 21 23 27 22 22 27 29 24 31 21 29 23 20 25 26 28 27 27 26 22 20 22 20 16 19
20 19 19 19 19 19 20 20 20 20 20 20 20 21 21 21 21 21 21 21 21 21 22 21 22 22 21 20 20 21 20 20 20 21 22 21 21 20 20 20 21 20 20 20 20 20 20 21 21 24 22 23 23 23 24 26 34 27 26 26 33 36 35 40 36 29 25 23 27 25 25 20 21 23 21 21 30 25 23 28 20 28 26 20 25 28 24 27 26 27 24 22 20 18 15 19
19 18 19 19 19 19 20 20 20 20 20 20 20 20 21 21 21 21 21 21 21 22 20 21 22 22 22 21 21 22 22 21 21 22 22 22 22 22 21 20 22 21 20 20 20 20 20 21 21 23 23 23 23 23 24 25 33 26 24 26 27 39 35 41 34 29 25 22 26 24 24 20 20 23 20 20 23 24 24 25 17 21 29 22 25 30 26 24 24 25 23 20 22 19 17 17
18 18 19 19 19 19 20 19 19 20 20 20 20 20 21 21 21 21 21 21 21 22 19 21 22 22 22 22 22 22 22 22 22 22 22 22 22 22 22 21 21 22 21 21 20 20 20 21 21 22 22 23 23 23 24 24 29 31 23 24 25 36 30 40 34 28 26 22 23 24 23 20 20 26 19 21 21 22 24 24 18 25 26 25 23 29 28 24 27 26 23 21 22 20 19 17
18 19 19 19 19 19 20 19 19 20 20 20 20 20 20 21 21 21 21 21 21 21 21 22 22 22 22 22 22 22 22 22 22 22 22 22 22 22 22 22 22 22 22 21 20 20 20 21 21 21 22 22 24 23 23 24 25 34 25 24 25 33 29 35 36 31 27 23 24 24 22 20 20 26 19 18 22 20 26 21 16 23 21 22 24 28 28 28 24 25 24 22 22 19 18 16
19 19 19 19 19 19 19 20 20 20 19 20 20 20 20 21 21 21 21 21 21 21 22 22 22 22 22 22 22 22 22 22 22 22 22 22 22 22 22 22 22 22 22 22 20 21 20 21 21 21 22 22 25 23 23 24 23 28 34 23 25 31 27 34 39 30 25 24 22 25 26 20 19 20 21 18 22 18 27 22 17 21 18 19 20 26 29 25 28 26 23 20 19 18 20 18
19 19 19 19 19 19 19 20 20 20 20 20 19 19 20 20 20 20 21 21 20 21 22 22 22 22 22 22 22 22 22 22 22 22 22 22 22 22 22 22 22 22 22 22 22 21 20 21 21 21 22 22 22 24 23 24 23 22 33 27 24 26 25 33 36 30 24 22 22 24 26 20 19 19 22 20 18 17 23 22 18 17 20 21 24 26 27 29 25 25 21 20 19 20 19 18
19 19 19 19 19 19 19 19 19 19 18 20 19 19 20 20 19 19 20 20 19 20 22 22 22 22 22 22 22 22 22 22 22 22 22 22 22 22 22 22 22 22 22 22 22 22 22 21 22 22 22 22 22 25 25 23 22 22 27 32 24 28 23 31 32 33 25 21 22 23 25 19 19 19 22 22 20 18 17 20 18 17 19 20 25 24 26 28 25 23 22 18 20 20 20 20
19 19 19 19 19 18 18 18 18 18 18 18 18 18 19 19 19 19 19 20 19 19 22 22 22 22 22 22 22 22 22 22 22 22 22 22 22 22 22 22 22 22 22 22 22 22 23 23 21 21 21 22 22 22 27 24 22 22 22 32 30 25 23 31 29 31 24 20 23 22 25 20 18 18 21 21 20 19 15 17 18 17 16 18 18 24 25 27 25 25 21 20 18 21 20 18
18 17 18 19 18 17 18 18 18 18 18 18 18 18 19 19 19 19 19 19 19 19 20 21 22 22 22 22 22 22 22 22 22 22 22 22 22 22 22 22 22 22 22 22 22 22 22 23 22 21 21 22 22 22 25 28 21 21 21 25 34 26 22 28 25 26 25 19 23 21 24 21 18 20 19 18 19 17 14 16 17 18 15 15 17 23 21 25 25 24 22 23 19 22 20 18
18 17 18 17 17 17 18 18 18 18 18 18 18 18 19 19 19 19 19 19 19 19 20 20 20 21 22 22 22 22 22 22 22 22 22 22 22 22 22 22 22 22 22 22 22 22 23 23 23 21 21 22 22 22 22 29 25 22 21 22 27 28 21 24 22 28 22 18 21 23 21 25 18 23 18 16 19 18 15 14 14 15 16 15 16 21 18 23 21 23 23 24 22 21 19 17
18 17 17 17 17 18 18 18 18 18 18 18 18 18 19 19 19 19 19 19 19 19 20 20 20 20 22 22 22 22 22 22 22 22 23 22 22 22 22 22 22 22 22 22 21 22 23 23 22 21 21 22 22 22 21 22 30 25 21 21 23 30 20 25 22 30 20 19 18 23 18 25 21 20 16 15 17 22 17 13 14 14 20 18 15 15 18 24 20 22 19 21 22 21 19 17
18 17 17 17 17 18 18 18 18 18 18 18 18 18 19 19 19 19 19 19 19 19 20 20 20 20 21 21 22 22 22 22 22 23 23 23 23 23 22 22 23 23 23 22 20 22 23 23 22 21 21 21 22 22 21 20 22 29 22 20 21 28 20 24 21 26 22 20 17 21 16 21 20 17 15 17 14 18 17 13 13 17 20 15 18 17 20 22 19 20 19 21 22 19 17 18
17 17 17 17 17 17 17 18 18 18 18 18 18 19 19 19 19 19 19 19 19 19 20 20 20 20 20 20 20 21 22 22 23 23 23 23 23 23 22 22 23 23 23 23 21 21 23 23 22 21 21 21 22 21 20 20 20 24 26 20 19 26 21 23 22 21 24 17 17 18 16 17 18 18 14 17 15 14 17 13 13 18 18 17 14 14 20 22 17 20 17 18 21 20 19 15
17 17 17 17 17 17 17 18 18 18 18 18 18 19 19 19 19 19 19 19 19 19 20 20 20 20 20 20 20 20 21 22 23 23 23 23 23 23 23 22 22 23 23 23 22 21 23 22 22 21 21 21 22 20 19 20 20 20 24 23 19 22 23 20 24 17 24 19 17 16 19 17 16 18 14 15 14 15 15 12 13 19 17 16 15 13 16 22 18 18 15 19 20 18 16 17
17 17 17 17 17 18 18 18 18 17 18 18 18 19 19 19 19 19 19 19 20 20 20 20 20 20 20 20 20 21 21 21 22 23 23 23 23 23 23 23 23 23 23 23 23 22 21 21 21 23 21 21 22 22 20 20 20 20 20 26 20 19 24 19 25 17 21 22 16 16 17 17 21 18 14 14 14 16 14 13 12 19 16 14 17 12 14 19 20 15 15 18 18 19 18 15
17 17 17 17 17 16 18 18 18 18 18 18 19 19 19 19 19 19 19 20 20 20 20 20 20 20 20 20 21 21 21 21 21 22 23 23 23 23 23 23 23 22 22 22 22 21 21 21 21 21 21 20 20 24 20 19 19 19 18 26 20 18 24 18 23 18 17 24 16 15 17 16 16 21 15 13 14 14 13 12 15 16 19 12 15 12 15 16 21 18 14 18 18 17 16 14
17 17 17 17 18 16 17 18 17 17 18 18 17 18 18 18 18 18 18 20 20 20 20 19 20 20 20 20 21 21 21 21 21 21 21 22 22 22 21 22 22 21 21 21 21 21 21 21 21 21 21 20 19 23 21 19 19 18 18 25 20 17 21 19 20 21 15 22 18 15 15 15 16 16 14 12 14 14 12 12 15 12 15 13 15 12 12 15 18 17 15 14 18 18 15 15
17 17 17 18 18 16 16 16 16 16 16 17 17 17 17 17 17 17 17 18 18 19 19 18 19 19 20 20 21 21 21 21 21 21 21 21 21 21 21 21 21 21 20 20 21 21 21 21 21 20 20 19 19 19 23 17 17 19 17 22 22 16 17 20 18 23 17 18 16 18 14 15 16 16 14 11 13 13 12 12 15 12 14 15 14 11 11 14 17 15 16 12 15 16 15 16
16 16 15 15 16 16 16 16 16 16 16 16 17 17 17 17 17 17 17 18 18 18 18 18 18 19 18 20 20 20 21 21 21 21 21 21 21 21 21 21 21 21 20 20 21 21 21 21 20 18 20 19 19 19 20 19 17 19 17 17 24 17 15 21 16 21 22 18 16 17 14 12 15 15 12 11 14 12 11 14 12 11 12 15 13 11 13 12 12 14 17 12 13 13 14 15
15 15 15 15 16 16 16 16 16 16 16 16 17 17 17 17 17 17 17 17 18 18 18 18 18 18 18 20 19 19 19 21 21 21 21 21 21 21 21 21 21 21 21 18 20 21 19 19 18 18 19 21 19 18 17 20 16 19 18 15 18 19 15 19 16 17 19 22 16 16 16 12 14 14 13 11 14 11 11 14 12 12 11 12 13 11 11 15 13 13 16 10 12 11 14 15
15 15 15 16 16 16 16 16 15 15 16 17 17 17 17 17 17 18 17 17 18 18 18 18 18 18 18 19 19 19 19 19 19 19 19 20 20 20 21 20 19 20 19 18 18 19 19 18 19 18 18 19 19 16 16 17 16 16 20 15 15 20 15 16 16 15 18 20 17 13 17 13 12 13 12 11 14 11 10 11 12 14 10 14 11 11 11 12 16 13 16 12 9 11 12 14
15 16 16 16 16 16 16 15 14 14 15 15 15 16 17 16 16 17 17 17 18 18 18 18 17 17 18 19 19 19 19 19 19 19 19 19 19 19 19 19 19 19 19 18 18 18 19 18 19 18 17 17 18 17 16 16 16 14 20 15 14 17 16 15 16 15 18 18 19 14 13 14 11 11 13 12 13 11 11 11 13 12 10 11 11 11 12 13 15 14 16 13 9 12 14 13
16 16 16 16 16 16 16 15 14 14 15 15 15 15 15 15 15 16 15 15 16 17 17 17 16 16 19 19 19 19 19 19 19 19 19 19 19 19 19 19 19 19 19 19 18 18 19 18 18 18 16 16 16 18 17 16 14 14 20 16 14 14 16 15 14 14 16 17 20 14 12 13 11 11 15 13 13 10 10 10 14 11 11 10 13 11 10 11 15 12 15 13 9 12 14 12
16 16 16 16 16 16 17 15 14 14 15 15 15 15 15 15 16 15 15 15 16 16 16 16 16 16 16 17 18 17 17 19 19 18 19 19 19 18 18 18 18 19 19 19 18 16 18 17 16 16 16 16 16 17 17 14 14 14 20 17 14 14 16 15 12 15 15 16 20 13 12 12 11 11 14 11 13 10 10 10 12 11 10 12 14 12 12 11 12 11 14 14 11 10 13 13
16 16 15 16 16 15 17 15 14 15 15 15 15 15 15 16 16 15 16 16 16 16 16 16 17 16 16 17 17 17 17 18 18 17 18 19 18 17 17 17 17 17 18 18 17 16 16 16 16 16 16 16 15 15 18 14 14 14 19 17 14 12 13 15 12 16 14 15 18 14 12 12 11 11 12 11 12 10 10 10 12 11 9 12 13 13 11 14 11 14 13 12 11 9 11 12
16 16 14 15 16 15 16 15 15 15 15 15 15 15 15 15 16 16 16 16 16 16 16 16 17 16 16 17 17 17 17 17 17 17 17 17 17 17 17 17 17 17 16 17 17 16 16 16 16 16 16 14 14 14 17 15 14 14 16 17 14 12 12 15 13 14 13 15 17 16 12 12 11 11 11 11 12 10 10 10 10 12 9 10 12 14 12 14 11 15 14 13 11 8 9 12
17 15 14 16 15 15 16 15 15 15 15 15 16 15 15 16 16 16 15 16 16 16 17 17 17 17 17 17 17 17 17 17 17 16 17 17 17 17 17 17 17 17 17 17 17 17 17 16 16 16 15 14 14 14 14 16 14 14 13 18 13 12 12 14 14 14 14 14 14 17 12 12 11 11 11 12 10 10 10 10 10 10 9 9 12 12 12 10 11 13 14 13 11 9 8 11
17 16 15 16 14 14 16 15 15 15 15 15 16 16 16 16 16 16 -9999 15 15 16 17 17 17 18 18 17 16 16 17 17 -9999 15 16 16 15 15 17 17 16 16 17 17 17 17 16 14 14 15 14 14 14 14 14 14 14 13 12 15 15 12 12 12 12 17 15 12 14 16 13 12 11 11 11 11 10 11 10 10 9 9 9 11 10 10 9 9 9 12 14 14 11 11 8 9
17 15 15 15 14 14 15 15 15 15 15 16 15 16 16 16 16 -9999 -9999 14 14 16 17 17 17 18 18 18 15 15 18 17 -9999 15 15 15 15 15 16 17 14 14 15 17 17 15 15 14 14 14 14 14 14 14 15 14 14 12 12 13 17 13 12 12 13 15 18 14 14 16 14 12 12 11 11 11 10 10 10 10 9 11 10 9 9 10 10 10 10 10 12 12 12 11 10 8
16 15 -9999 -9999 14 15 16 15 15 15 16 16 15 16 17 16 -9999 14 14 15 15 16 16 15 16 18 18 17 15 15 17 17 15 -9999 -9999 -9999 15 15 15 15 14 14 15 15 15 15 15 15 14 14 14 14 14 14 14 14 14 12 12 12 16 14 12 12 12 13 15 15 13 16 14 12 12 11 11 11 11 10 10 10 10 10 10 9 9 11 11 12 13 10 11 13 12 11 10 10
