Artocarpus hirsutus SDM files/MIS19/results (without bias file)/Arthir_0.asc
ncols         625
nrows         721
xllcorner     69.99986311115
yllcorner     5.99986187915
cellsize      0.041666667
NODATA_value  -9999
[rows 432 to 458 of 721, columns 122 to 182 of 625]
2.91755E-5 3.65261E-5 3.42369E-5 3.23189E-5 3.10704E-5 3.77208E-5 4.92889E-5 5.01006E-5 4.61945E-5 4.63518E-5 4.33007E-5 3.60776E-5 3.51506E-5 5.3242E-5 6.80381E-5 4.32593E-5 4.62016E-5 4.87004E-5 5.788E-5 5.89767E-5 5.75579E-5 5.47534E-5 6.83475E-5 8.98075E-5 8.70072E-5 8.24902E-5 8.71942E-5 9.58431E-5 9.81635E-5 9.54448E-5 8.55673E-5 7.75618E-5 7.82457E-5 7.88152E-5 8.29113E-5 8.67374E-5 8.78791E-5 8.8636E-5 9.87285E-5 1.12844E-4 1.08015E-4 9.17498E-5 8.96027E-5 1.20918E-4 1.14488E-4 1.21299E-4 1.35993E-4 1.66342E-4 1.34493E-4 1.2999E-4 1.31904E-4 1.79605E-4 1.90028E-4 2.32821E-4 1.95789E-4 1.77958E-4 1.75068E-4 1.56255E-4 1.96434E-4 1.76128E-4 1.72131E-4
2.80215E-5 2.44398E-5 3.34899E-5 2.66484E-5 3.20052E-5 3.39298E-5 4.3505E-5 4.78668E-5 4.87884E-5 4.42666E-5 4.18146E-5 4.25906E-5 3.41339E-5 5.03438E-5 6.98224E-5 4.23621E-5 5.29673E-5 6.87271E-5 6.75891E-5 7.26971E-5 7.06771E-5 7.29957E-5 6.63782E-5 8.19947E-5 9.77794E-5 8.01352E-5 7.53438E-5 8.14359E-5 8.14206E-5 9.31349E-5 9.96078E-5 1.02649E-4 9.20278E-5 1.02795E-4 9.23346E-5 1.09123E-4 9.3198E-5 9.74339E-5 1.08256E-4 1.1502E-4 9.86051E-5 1.02485E-4 1.02629E-4 1.49561E-4 1.25533E-4 1.53255E-4 1.41015E-4 1.20292E-4 1.29812E-4 1.65055E-4 1.47947E-4 1.35746E-4 1.72336E-4 2.00693E-4 1.99938E-4 2.29513E-4 1.92141E-4 1.79699E-4 2.33289E-4 2.21956E-4 1.7845E-4
3.18122E-5 3.64868E-5 2.28506E-5 3.21827E-5 3.82009E-5 4.17312E-5 3.95734E-5 3.64774E-5 4.34235E-5 5.24018E-5 5.73677E-5 4.49749E-5 3.67926E-5 4.59951E-5 5.25049E-5 4.44836E-5 6.03909E-5 6.65453E-5 6.70832E-5 7.46235E-5 8.66134E-5 6.21079E-5 6.22795E-5 8.64163E-5 7.95134E-5 7.9185E-5 8.32365E-5 8.01503E-5 7.8619E-5 9.56795E-5 9.55538E-5 1.02649E-4 9.64711E-5 1.04539E-4 9.70079E-5 9.75233E-5 9.42551E-5 1.02525E-4 1.19378E-4 1.10528E-4 1.16372E-4 1.02884E-4 1.1499E-4 1.64565E-4 1.45905E-4 1.20559E-4 1.03698E-4 1.34919E-4 1.63134E-4 1.80281E-4 1.78692E-4 1.32717E-4 1.47989E-4 1.60495E-4 2.15568E-4 2.5296E-4 2.39274E-4 2.62522E-4 2.47863E-4 2.04467E-4 1.97523E-4
3.62504E-5 2.61646E-5 2.94699E-5 3.53654E-5 3.75408E-5 3.49721E-5 4.57811E-5 3.37061E-5 3.69666E-5 5.0038E-5 4.55836E-5 4.43184E-5 4.27953E-5 4.47814E-5 4.37371E-5 6.09445E-5 6.66351E-5 5.70725E-5 7.97355E-5 8.58655E-5 7.98446E-5 6.77053E-5 7.67E-5 8.71119E-5 7.64662E-5 6.99938E-5 9.13045E-5 8.16367E-5 7.68254E-5 9.19421E-5 9.48137E-5 7.54919E-5 8.26056E-5 8.84508E-5 8.06432E-5 7.48955E-5 8.38378E-5 7.37005E-5 7.54412E-5 1.16233E-4 1.13977E-4 1.13312E-4 1.2969E-4 1.40583E-4 1.13377E-4 9.7879E-5 1.19401E-4 1.79844E-4 1.79054E-4 1.78858E-4 1.74747E-4 1.8068E-4 1.50182E-4 1.37312E-4 1.92956E-4 2.62201E-4 1.94022E-4 2.66458E-4 2.79086E-4 2.2749E-4 2.19777E-4
3.34744E-5 3.22223E-5 2.84681E-5 2.86564E-5 3.07579E-5 3.64987E-5 4.4213E-5 3.32561E-5 3.46895E-5 4.27972E-5 4.89746E-5 5.40622E-5 5.89608E-5 4.64659E-5 4.52137E-5 5.45305E-5 5.42347E-5 7.48177E-5 9.6927E-5 7.87669E-5 7.40477E-5 7.1461E-5 8.33416E-5 1.03925E-4 7.02806E-5 7.91914E-5 7.85504E-5 9.33479E-5 7.52647E-5 8.69248E-5 9.19018E-5 8.21555E-5 7.51373E-5 8.92404E-5 9.72385E-5 7.70517E-5 7.93641E-5 8.30253E-5 6.73369E-5 1.03611E-4 8.0141E-5 1.2217E-4 1.47155E-4 1.4548E-4 1.07749E-4 1.07724E-4 1.56565E-4 1.65588E-4 1.55529E-4 1.5596E-4 1.71511E-4 1.68951E-4 1.65319E-4 1.42794E-4 1.32704E-4 2.14386E-4 2.04115E-4 2.00847E-4 2.22575E-4 2.79316E-4 2.13736E-4
3.75274E-5 3.17699E-5 2.81641E-5 3.87622E-5 3.24347E-5 3.16618E-5 3.74403E-5 3.73763E-5 3.21866E-5 3.48982E-5 5.06769E-5 6.25833E-5 4.6288E-5 4.95963E-5 4.53667E-5 4.99386E-5 6.79727E-5 6.62307E-5 1.04941E-4 8.07461E-5 6.86758E-5 9.15534E-5 9.9469E-5 9.75101E-5 7.73297E-5 9.67788E-5 6.64068E-5 8.15885E-5 8.28167E-5 7.78771E-5 8.62732E-5 1.02516E-4 7.98453E-5 9.92545E-5 8.31971E-5 9.50304E-5 8.05549E-5 8.53114E-5 6.6804E-5 7.45435E-5 9.12332E-5 1.20074E-4 1.23222E-4 1.11833E-4 1.18275E-4 1.51047E-4 1.43021E-4 1.40324E-4 1.47018E-4 1.54967E-4 2.09521E-4 1.55493E-4 1.53254E-4 1.46016E-4 1.34267E-4 2.09646E-4 1.99905E-4 1.70806E-4 2.07576E-4 2.19642E-4 2.41405E-4
3.37261E-5 2.90592E-5 2.64687E-5 2.71216E-5 2.67218E-5 2.80664E-5 4.12464E-5 3.43198E-5 2.73787E-5 3.58791E-5 4.47032E-5 6.23014E-5 6.08678E-5 5.19506E-5 4.63648E-5 5.81963E-5 6.0022E-5 7.67793E-5 1.01194E-4 8.13231E-5 7.37698E-5 8.9513E-5 1.0365E-4 1.07258E-4 7.57451E-5 8.54801E-5 7.72934E-5 9.67354E-5 6.75343E-5 8.11968E-5 9.4011E-5 8.74498E-5 8.28811E-5 7.96684E-5 7.75802E-5 8.14679E-5 8.77916E-5 8.03592E-5 6.99529E-5 7.89497E-5 1.09628E-4 8.3706E-5 1.04472E-4 1.20896E-4 1.08278E-4 1.04404E-4 1.51351E-4 1.37953E-4 1.27114E-4 1.35853E-4 1.35665E-4 1.52407E-4 1.60042E-4 1.69728E-4 1.37823E-4 1.64771E-4 2.06525E-4 2.12303E-4 1.73605E-4 1.5263E-4 1.83472E-4
3.25943E-5 3.70159E-5 3.04143E-5 3.48442E-5 3.30658E-5 2.62842E-5 3.81124E-5 3.2757E-5 2.82021E-5 3.29154E-5 4.12427E-5 4.96396E-5 5.08604E-5 6.15355E-5 5.15576E-5 4.97044E-5 5.16129E-5 7.34898E-5 9.84298E-5 7.86152E-5 8.51857E-5 8.28639E-5 9.52049E-5 1.12779E-4 8.41625E-5 7.7185E-5 9.59694E-5 7.44648E-5 7.07038E-5 8.30738E-5 7.71834E-5 9.53935E-5 1.00677E-4 8.66752E-5 8.84774E-5 8.795E-5 9.78639E-5 1.02359E-4 6.6924E-5 8.80135E-5 1.20732E-4 7.55552E-5 8.25126E-5 1.16408E-4 1.43231E-4 1.08826E-4 1.10684E-4 1.37181E-4 1.57975E-4 1.55029E-4 1.63272E-4 1.70813E-4 1.35883E-4 1.87731E-4 1.6937E-4 1.37611E-4 1.53454E-4 1.69842E-4 1.45153E-4 1.40125E-4 1.78233E-4
4.09269E-5 4.0384E-5 2.92586E-5 3.57121E-5 3.22713E-5 2.77133E-5 2.90412E-5 2.79318E-5 2.73691E-5 3.39774E-5 3.81174E-5 3.5622E-5 5.13613E-5 6.2498E-5 5.41447E-5 6.18858E-5 5.36284E-5 9.57923E-5 8.11127E-5 8.45551E-5 9.68037E-5 1.0168E-4 1.09839E-4 1.29591E-4 1.10412E-4 7.48793E-5 7.36006E-5 6.92981E-5 8.01226E-5 8.17404E-5 7.28703E-5 1.03194E-4 8.82524E-5 7.64978E-5 7.80888E-5 8.7439E-5 9.65798E-5 9.19703E-5 6.5948E-5 8.19222E-5 1.27995E-4 8.95695E-5 8.85049E-5 9.30587E-5 1.1849E-4 1.42375E-4 1.06964E-4 1.02434E-4 1.15381E-4 1.76849E-4 1.73955E-4 1.43981E-4 1.49331E-4 1.83108E-4 1.81989E-4 1.95358E-4 1.43314E-4 1.44658E-4 1.65009E-4 1.92225E-4 1.76914E-4
3.47789E-5 3.10076E-5 3.27315E-5 3.44647E-5 3.23469E-5 3.18565E-5 2.70636E-5 4.49246E-5 3.36001E-5 3.30393E-5 2.91373E-5 3.63033E-5 5.24427E-5 7.18217E-5 7.11595E-5 6.43741E-5 5.6454E-5 7.5503E-5 7.97428E-5 1.10138E-4 1.1353E-4 8.81473E-5 1.0168E-4 1.07385E-4 1.29783E-4 1.10782E-4 7.33454E-5 7.31412E-5 8.84235E-5 6.64977E-5 8.85956E-5 8.86824E-5 8.27322E-5 7.47414E-5 6.85408E-5 7.27184E-5 9.66564E-5 1.07459E-4 6.92164E-5 6.39806E-5 9.91858E-5 1.18476E-4 7.42161E-5 8.48987E-5 8.89749E-5 1.09598E-4 1.64151E-4 1.34647E-4 9.32623E-5 1.40633E-4 1.99643E-4 1.57812E-4 1.5731E-4 1.78741E-4 1.8401E-4 1.71357E-4 1.40117E-4 1.35697E-4 1.82405E-4 1.98468E-4 1.82045E-4
3.04E-5 3.76216E-5 3.94088E-5 4.33143E-5 3.68922E-5 3.18659E-5 3.57343E-5 3.57239E-5 3.25497E-5 3.12355E-5 3.15313E-5 4.18677E-5 5.38769E-5 4.29748E-5 6.99405E-5 6.77133E-5 6.1679E-5 5.68722E-5 8.37097E-5 9.83936E-5 9.49749E-5 8.86154E-5 9.68088E-5 1.03218E-4 1.13165E-4 1.14042E-4 9.13078E-5 7.48242E-5 6.90105E-5 7.61056E-5 8.56252E-5 1.1511E-4 8.08657E-5 6.3069E-5 6.20543E-5 8.72232E-5 8.46837E-5 1.07443E-4 8.80389E-5 6.46786E-5 9.08097E-5 1.08196E-4 9.37799E-5 7.97941E-5 1.09212E-4 9.81171E-5 1.0301E-4 1.53144E-4 1.36971E-4 1.08253E-4 1.44112E-4 1.28517E-4 1.30503E-4 1.76005E-4 1.48559E-4 1.90759E-4 1.4774E-4 1.45725E-4 1.48213E-4 1.7664E-4 1.30772E-4
4.44839E-5 3.96844E-5 3.96008E-5 4.19738E-5 3.5453E-5 3.1614E-5 2.68043E-5 2.82828E-5 3.29254E-5 3.61615E-5 3.65703E-5 3.6295E-5 4.25648E-5 3.90505E-5 6.4353E-5 8.06258E-5 7.08596E-5 6.91516E-5 7.01665E-5 7.66362E-5 8.02089E-5 1.01031E-4 9.07981E-5 1.04554E-4 8.34383E-5 1.26172E-4 1.04113E-4 7.07451E-5 6.82682E-5 9.88726E-5 7.6988E-5 1.13566E-4 7.81581E-5 6.32047E-5 5.98333E-5 6.95713E-5 8.34198E-5 1.12778E-4 8.90319E-5 8.60197E-5 6.66232E-5 7.5973E-5 7.50976E-5 9.93693E-5 9.0245E-5 9.8419E-5 1.00157E-4 1.18763E-4 1.79166E-4 1.32515E-4 1.14998E-4 1.11619E-4 1.23905E-4 1.29119E-4 1.32563E-4 1.10353E-4 1.35438E-4 1.23357E-4 1.37861E-4 1.24416E-4 1.31445E-4
4.40541E-5 3.84894E-5 3.20587E-5 3.12948E-5 2.71233E-5 2.89327E-5 2.94236E-5 3.62891E-5 3.44149E-5 3.03694E-5 3.14664E-5 3.82537E-5 4.15265E-5 3.91222E-5 5.23076E-5 7.02252E-5 8.8542E-5 8.64004E-5 8.29111E-5 7.32719E-5 8.12319E-5 1.0386E-4 9.24886E-5 7.5956E-5 9.04336E-5 1.05924E-4 1.08942E-4 6.77355E-5 7.65641E-5 7.07425E-5 7.29743E-5 9.5769E-5 1.06581E-4 8.26802E-5 6.82459E-5 5.43846E-5 6.68092E-5 7.83893E-5 1.11039E-4 1.1794E-4 9.44683E-5 9.60937E-5 8.34548E-5 8.32839E-5 9.10659E-5 1.28999E-4 8.87647E-5 1.23345E-4 1.00854E-4 1.53299E-4 1.45449E-4 1.40887E-4 1.18653E-4 1.09221E-4 1.35765E-4 1.01497E-4 8.90718E-5 1.39675E-4 1.37702E-4 1.56895E-4 1.62324E-4
4.39735E-5 4.1735E-5 3.64136E-5 2.69785E-5 3.03919E-5 3.57138E-5 3.74179E-5 3.84556E-5 3.07697E-5 2.95337E-5 3.44375E-5 4.05367E-5 4.43219E-5 4.35922E-5 4.43468E-5 5.62299E-5 8.06249E-5 7.60557E-5 9.77641E-5 7.7078E-5 8.09168E-5 1.145E-4 1.08216E-4 7.03093E-5 8.00297E-5 9.54434E-5 1.23276E-4 7.97517E-5 6.69146E-5 6.82398E-5 7.53353E-5 6.93702E-5 1.03128E-4 8.59758E-5 6.91242E-5 5.24108E-5 6.4297E-5 7.92722E-5 1.18792E-4 1.15396E-4 1.07769E-4 9.91999E-5 1.0509E-4 9.52864E-5 8.19962E-5 9.07305E-5 9.29684E-5 1.06645E-4 9.33361E-5 1.21895E-4 1.51522E-4 1.99133E-4 1.56445E-4 1.49036E-4 1.12278E-4 9.73524E-5 7.43163E-5 1.24099E-4 1.76607E-4 1.37619E-4 1.66327E-4
4.56829E-5 4.41437E-5 3.55588E-5 2.67923E-5 3.27068E-5 4.37082E-5 3.98696E-5 3.57076E-5 3.36322E-5 4.11335E-5 3.77537E-5 5.21539E-5 4.85609E-5 4.88975E-5 4.73008E-5 5.79787E-5 7.12201E-5 5.72137E-5 7.59252E-5 7.16417E-5 8.78679E-5 1.10694E-4 1.02502E-4 6.99292E-5 6.13922E-5 7.40788E-5 1.21008E-4 9.78256E-5 6.26726E-5 7.50156E-5 5.84215E-5 6.64631E-5 1.09838E-4 9.8775E-5 6.1644E-5 5.77048E-5 7.87212E-5 8.26851E-5 1.09741E-4 8.50873E-5 1.00368E-4 1.04715E-4 1.08101E-4 1.09084E-4 1.03836E-4 9.98061E-5 9.79635E-5 9.9843E-5 1.06021E-4 8.95476E-5 1.24045E-4 1.2875E-4 1.95377E-4 1.66992E-4 1.1144E-4 9.38171E-5 7.73592E-5 9.89966E-5 1.89679E-4 1.57836E-4 1.53017E-4
3.83224E-5 3.71331E-5 3.17874E-5 3.01735E-5 3.13332E-5 4.16887E-5 4.52161E-5 4.14757E-5 3.9956E-5 4.54286E-5 4.2001E-5 4.47197E-5 4.21356E-5 4.70231E-5 4.93522E-5 5.83574E-5 5.67356E-5 6.18877E-5 7.12359E-5 5.82777E-5 1.0362E-4 1.04622E-4 8.73915E-5 6.30768E-5 7.15031E-5 6.48216E-5 7.27004E-5 1.12417E-4 7.57556E-5 5.87389E-5 6.66071E-5 8.6372E-5 8.60999E-5 7.98875E-5 8.36896E-5 5.26464E-5 6.92557E-5 7.7993E-5 9.68819E-5 9.51969E-5 9.50108E-5 8.87797E-5 1.03359E-4 9.78232E-5 9.66493E-5 1.13833E-4 1.19627E-4 9.50403E-5 8.83664E-5 1.18312E-4 1.08338E-4 1.09849E-4 1.22115E-4 1.27475E-4 1.15332E-4 9.43554E-5 8.59348E-5 8.38994E-5 1.3249E-4 1.40078E-4 1.48168E-4
4.77401E-5 4.70175E-5 3.99751E-5 3.29786E-5 3.37355E-5 4.12416E-5 5.15466E-5 4.54488E-5 3.85479E-5 4.02462E-5 4.32529E-5 3.66475E-5 5.24287E-5 5.70784E-5 5.35577E-5 6.21207E-5 6.14261E-5 6.05092E-5 1.00143E-4 5.92912E-5 8.97013E-5 6.56189E-5 6.59849E-5 5.826E-5 6.51887E-5 6.34757E-5 7.18285E-5 1.15611E-4 8.19899E-5 5.8983E-5 6.16763E-5 8.33502E-5 9.36942E-5 6.84633E-5 6.70101E-5 5.16271E-5 7.18231E-5 8.97342E-5 8.09083E-5 8.97322E-5 9.18093E-5 9.23083E-5 9.52747E-5 1.05268E-4 1.01316E-4 1.11362E-4 1.10376E-4 1.25808E-4 9.4835E-5 8.63745E-5 9.27733E-5 9.97115E-5 1.15718E-4 1.09217E-4 1.34575E-4 1.0076E-4 7.65098E-5 8.20999E-5 9.19253E-5 1.12304E-4 1.02305E-4
6.93225E-5 6.01182E-5 4.22092E-5 3.47199E-5 3.65854E-5 4.78787E-5 4.83709E-5 4.14127E-5 4.0635E-5 4.37666E-5 3.83326E-5 5.14694E-5 6.15087E-5 4.7353E-5 5.78485E-5 6.23959E-5 7.49454E-5 8.5273E-5 6.54044E-5 8.8006E-5 6.33192E-5 7.29968E-5 7.82367E-5 6.28086E-5 6.00079E-5 6.30903E-5 7.67159E-5 9.63192E-5 7.25601E-5 5.60296E-5 7.86486E-5 8.83178E-5 8.70431E-5 5.98746E-5 7.62937E-5 5.28983E-5 7.7845E-5 1.06348E-4 6.72686E-5 7.78579E-5 8.78503E-5 7.9657E-5 7.30596E-5 1.37178E-4 1.27325E-4 1.22264E-4 1.11894E-4 1.0789E-4 1.08703E-4 9.46795E-5 1.22805E-4 1.24716E-4 1.15703E-4 1.06943E-4 1.28848E-4 1.00537E-4 8.18645E-5 9.6592E-5 9.27895E-5 8.59982E-5 1.03485E-4
8.12243E-5 4.72224E-5 3.91489E-5 5.25713E-5 4.59609E-5 5.5152E-5 4.34999E-5 3.91797E-5 4.74378E-5 4.44237E-5 5.12907E-5 5.48905E-5 4.88803E-5 4.43042E-5 5.64782E-5 6.47707E-5 8.77503E-5 6.76447E-5 7.58419E-5 6.28842E-5 7.70872E-5 8.66001E-5 8.49516E-5 6.36668E-5 5.52551E-5 6.42999E-5 7.53178E-5 8.86989E-5 6.8573E-5 6.07242E-5 7.51818E-5 7.68541E-5 7.34802E-5 6.05521E-5 7.20643E-5 6.06835E-5 1.06769E-4 8.50887E-5 6.86487E-5 8.21739E-5 9.57593E-5 7.69903E-5 1.01633E-4 1.27463E-4 1.32434E-4 1.2135E-4 1.11647E-4 1.02694E-4 1.14348E-4 9.41326E-5 1.18917E-4 9.85417E-5 1.13094E-4 1.04527E-4 9.48131E-5 9.23675E-5 8.08013E-5 7.51213E-5 7.47671E-5 8.51799E-5 9.53131E-5
6.22015E-5 4.26785E-5 5.0412E-5 7.10393E-5 5.21716E-5 5.63628E-5 4.68606E-5 4.67763E-5 4.99924E-5 5.50189E-5 5.57269E-5 5.01932E-5 5.393E-5 4.73627E-5 5.64698E-5 8.14395E-5 9.55977E-5 6.10599E-5 7.48436E-5 7.56939E-5 8.0041E-5 7.0619E-5 6.45128E-5 6.87396E-5 7.04124E-5 5.4637E-5 6.66356E-5 8.74963E-5 7.57438E-5 6.07242E-5 6.36129E-5 8.02451E-5 7.3487E-5 7.52851E-5 5.85828E-5 6.60002E-5 8.00213E-5 8.65094E-5 7.96033E-5 8.15634E-5 8.69783E-5 8.23399E-5 1.06525E-4 1.03757E-4 1.15273E-4 1.31874E-4 1.05922E-4 9.43889E-5 1.29457E-4 1.15914E-4 9.5599E-5 9.24367E-5 9.02146E-5 9.22729E-5 8.38611E-5 8.3357E-5 8.57122E-5 9.4222E-5 8.29199E-5 7.15099E-5 7.33446E-5
5.98063E-5 4.15876E-5 5.26407E-5 7.24007E-5 6.52176E-5 5.79409E-5 4.96451E-5 5.81475E-5 5.3929E-5 5.37964E-5 6.03261E-5 5.61957E-5 4.46254E-5 5.29017E-5 6.23001E-5 9.95339E-5 7.6412E-5 6.41166E-5 9.85016E-5 7.89929E-5 6.57652E-5 6.5641E-5 8.38528E-5 8.3518E-5 7.57521E-5 6.21013E-5 5.49457E-5 5.34817E-5 7.64322E-5 6.53624E-5 6.02544E-5 7.86933E-5 7.74283E-5 6.53624E-5 6.20904E-5 5.86286E-5 7.27579E-5 1.04342E-4 7.39775E-5 8.11278E-5 7.47956E-5 9.00701E-5 1.16354E-4 1.27208E-4 1.01954E-4 1.17525E-4 1.02057E-4 9.65434E-5 1.19239E-4 1.13116E-4 1.03065E-4 1.09277E-4 9.89084E-5 1.00635E-4 9.16217E-5 8.33246E-5 8.92433E-5 1.11457E-4 1.00051E-4 7.46512E-5 8.2751E-5
6.49163E-5 4.61767E-5 5.62866E-5 7.8359E-5 8.21459E-5 6.47541E-5 5.42932E-5 6.67618E-5 5.74024E-5 5.89964E-5 5.70368E-5 4.59162E-5 5.24635E-5 6.88661E-5 7.35458E-5 1.21002E-4 7.74235E-5 8.09865E-5 9.46542E-5 7.33183E-5 7.38532E-5 9.06776E-5 8.27232E-5 6.64734E-5 5.9501E-5 7.14371E-5 7.29461E-5 5.88987E-5 6.17071E-5 7.27549E-5 7.19424E-5 6.66857E-5 6.89001E-5 6.87535E-5 6.51853E-5 6.5775E-5 9.0382E-5 1.00495E-4 9.31755E-5 6.95228E-5 7.5927E-5 8.68791E-5 1.22651E-4 1.36885E-4 9.5218E-5 8.95721E-5 1.12893E-4 1.21861E-4 1.12008E-4 1.19056E-4 1.36799E-4 1.13493E-4 1.14543E-4 9.47577E-5 9.86087E-5 8.98597E-5 8.81233E-5 1.23847E-4 1.32353E-4 7.35449E-5 9.34189E-5
6.55003E-5 5.15271E-5 6.0409E-5 7.63695E-5 9.68785E-5 8.74675E-5 8.67245E-5 6.70359E-5 5.78033E-5 5.73656E-5 5.99522E-5 4.85187E-5 5.56019E-5 7.21653E-5 8.64156E-5 1.44511E-4 8.84034E-5 1.03952E-4 8.81641E-5 8.00283E-5 8.35245E-5 7.77847E-5 6.7487E-5 7.2439E-5 6.28122E-5 7.8919E-5 7.28222E-5 5.62014E-5 8.9123E-5 8.61833E-5 6.42959E-5 6.58675E-5 6.93966E-5 7.94568E-5 6.66E-5 7.27346E-5 8.31053E-5 7.4671E-5 8.54952E-5 1.06481E-4 7.94124E-5 9.38532E-5 1.19612E-4 1.13475E-4 9.73612E-5 9.28377E-5 1.30216E-4 1.36769E-4 1.29517E-4 1.28384E-4 1.42359E-4 1.27902E-4 1.24635E-4 8.99143E-5 9.14614E-5 7.97675E-5 8.61375E-5 9.55502E-5 1.23815E-4 1.01354E-4 1.14556E-4
9.33251E-5 6.39134E-5 6.44289E-5 8.09935E-5 1.11732E-4 8.72001E-5 7.16379E-5 5.80384E-5 5.7372E-5 5.32771E-5 5.66066E-5 5.8747E-5 6.86261E-5 8.21404E-5 1.13086E-4 1.25898E-4 1.09681E-4 1.03296E-4 9.40628E-5 9.43848E-5 8.42482E-5 8.20558E-5 7.1623E-5 6.38957E-5 7.32472E-5 6.98663E-5 7.77754E-5 6.24465E-5 9.88315E-5 8.39437E-5 6.51441E-5 5.87483E-5 9.19751E-5 7.63835E-5 7.39763E-5 7.32908E-5 7.56529E-5 8.3907E-5 7.53525E-5 1.26356E-4 8.98954E-5 9.65674E-5 8.90721E-5 1.03866E-4 8.82316E-5 1.20538E-4 1.05897E-4 1.30276E-4 1.29587E-4 1.45644E-4 1.36138E-4 1.38262E-4 1.14932E-4 8.71317E-5 8.67517E-5 8.80226E-5 8.25841E-5 1.02481E-4 1.21076E-4 1.11139E-4 9.12577E-5
9.27183E-5 1.07355E-4 9.90317E-5 1.04594E-4 8.47414E-5 8.18322E-5 7.94991E-5 6.38765E-5 6.06497E-5 6.53876E-5 6.77454E-5 6.15948E-5 7.99975E-5 1.01591E-4 1.18731E-4 9.73889E-5 9.08641E-5 9.97043E-5 9.59894E-5 9.28132E-5 7.87651E-5 6.74568E-5 8.01243E-5 7.18463E-5 8.79805E-5 7.24124E-5 8.70427E-5 6.34062E-5 1.0354E-4 6.43347E-5 7.22696E-5 9.30657E-5 9.26959E-5 6.89121E-5 8.1287E-5 8.17192E-5 8.04811E-5 1.01813E-4 8.3881E-5 1.2148E-4 9.94659E-5 9.60051E-5 1.23472E-4 1.0576E-4 9.79802E-5 9.46825E-5 8.27005E-5 8.96557E-5 9.91129E-5 1.1839E-4 1.20261E-4 1.71647E-4 1.11293E-4 8.23689E-5 9.48645E-5 9.69502E-5 1.00501E-4 1.12418E-4 1.21031E-4 9.02484E-5 8.01405E-5
8.3612E-5 8.94648E-5 8.67056E-5 1.33874E-4 9.45888E-5 8.25966E-5 6.62019E-5 6.92638E-5 6.89031E-5 7.43806E-5 7.45343E-5 8.13628E-5 8.54041E-5 1.23414E-4 1.11922E-4 1.03081E-4 9.70756E-5 8.97611E-5 7.4798E-5 7.90515E-5 7.91825E-5 7.76248E-5 8.94189E-5 7.98038E-5 9.10857E-5 6.74348E-5 9.5375E-5 8.05614E-5 9.01515E-5 6.42103E-5 1.05897E-4 9.62154E-5 6.89188E-5 6.01091E-5 9.20144E-5 1.07498E-4 6.71394E-5 9.32562E-5 1.04362E-4 1.24484E-4 9.51651E-5 1.06475E-4 1.29865E-4 1.11635E-4 8.34333E-5 8.812E-5 9.03305E-5 1.32738E-4 1.53215E-4 1.15581E-4 1.36725E-4 1.54863E-4 1.1053E-4 7.68751E-5 9.60757E-5 1.08079E-4 1.14021E-4 1.25719E-4 9.96934E-5 1.07685E-4 1.01571E-4
8.95437E-5 7.32256E-5 8.87908E-5 1.14914E-4 1.0304E-4 8.85246E-5 7.09194E-5 7.80041E-5 8.58901E-5 7.35861E-5 8.40022E-5 8.84569E-5 8.50744E-5 1.37099E-4 1.41738E-4 1.18834E-4 1.05684E-4 8.27044E-5 8.48874E-5 7.84795E-5 9.11361E-5 8.90916E-5 8.99376E-5 9.77121E-5 9.79034E-5 6.96168E-5 8.44779E-5 9.17003E-5 9.26729E-5 7.73186E-5 9.55397E-5 8.75618E-5 7.48544E-5 6.058E-5 8.28583E-5 8.0893E-5 7.40415E-5 1.1234E-4 1.36552E-4 1.10349E-4 1.09085E-4 1.41213E-4 1.265E-4 1.05701E-4 8.31207E-5 9.11619E-5 8.45649E-5 1.12359E-4 1.84395E-4 1.11923E-4 1.05644E-4 1.06681E-4 1.0338E-4 1.08997E-4 8.78915E-5 9.70251E-5 1.40743E-4 1.30039E-4 9.5969E-5 1.07823E-4 1.02505E-4
