Artocarpus hirsutus SDM files/MIS19/results (without bias file)/Arthir_0.asc
ncols         625
nrows         721
xllcorner     69.99986311115
yllcorner     5.99986187915
cellsize      0.041666667
NODATA_value  -9999
[rows 54 to 80 of 721, columns 244 to 304 of 625]
4.5641E-6 6.93722E-6 4.17917E-6 3.99454E-6 3.56673E-6 3.52686E-6 3.48233E-6 3.64117E-6 3.50504E-6 3.97528E-6 4.39435E-6 5.97632E-6 6.81537E-6 6.94829E-6 8.14187E-6 1.02018E-5 5.77248E-6 7.50026E-6 1.02637E-5 9.65994E-6 1.01616E-5 9.03259E-6 8.542E-6 6.98992E-6 7.39504E-6 9.20852E-6 1.01092E-5 7.34279E-6 5.96781E-6 5.96412E-6 1.18559E-5 1.50251E-5 9.97682E-6 8.06454E-6 7.10945E-6 8.50977E-6 1.23124E-5 1.3875E-5 1.67084E-5 2.06946E-5 1.49696E-5 1.39966E-5 1.2059E-5 7.5271E-6 7.02047E-6 9.3159E-6 1.57171E-5 1.65716E-5 2.11029E-5 2.19172E-5 3.16803E-5 4.07781E-5 3.76713E-5 2.11564E-5 2.20923E-5 2.35682E-5 2.50239E-5 1.91821E-5 1.55652E-5 1.71423E-5 2.94568E-5
3.59003E-6 3.63486E-6 3.80079E-6 4.74056E-6 4.02493E-6 8.39846E-6 6.46321E-6 8.00095E-6 5.18413E-6 4.9348E-6 4.87158E-6 3.7825E-6 3.64012E-6 4.37152E-6 5.1495E-6 5.91207E-6 5.98871E-6 1.06548E-5 9.88211E-6 8.84049E-6 1.09839E-5 9.70464E-6 1.1796E-5 1.19474E-5 9.3814E-6 6.90597E-6 7.43703E-6 5.56583E-6 5.08975E-6 7.73663E-6 1.2184E-5 1.33946E-5 1.59683E-5 1.52211E-5 1.31184E-5 1.05442E-5 9.12221E-6 1.21879E-5 1.3195E-5 1.09913E-5 1.36208E-5 1.39228E-5 1.39205E-5 1.42195E-5 9.48769E-6 8.15203E-6 1.06044E-5 2.55708E-5 3.58155E-5 2.01035E-5 2.7079E-5 3.53731E-5 3.58381E-5 2.62221E-5 2.8375E-5 2.60063E-5 2.06901E-5 2.26477E-5 1.82895E-5 1.41236E-5 1.73564E-5
5.69464E-6 5.87688E-6 6.18443E-6 7.80479E-6 6.5494E-6 5.69327E-6 4.05113E-6 8.45236E-6 7.88365E-6 9.94023E-6 9.77613E-6 5.9616E-6 4.71926E-6 5.02753E-6 4.21354E-6 3.93305E-6 5.15632E-6 4.87158E-6 5.15079E-6 7.60471E-6 1.03665E-5 1.18383E-5 1.24576E-5 1.15068E-5 7.71805E-6 7.47574E-6 1.06842E-5 6.47802E-6 3.85677E-6 4.83348E-6 1.04922E-5 1.76064E-5 1.76843E-5 1.38847E-5 1.52563E-5 1.51653E-5 1.59439E-5 1.40019E-5 1.2066E-5 1.06363E-5 1.30261E-5 1.9909E-5 1.44054E-5 2.05401E-5 1.64682E-5 1.16543E-5 8.76994E-6 1.48106E-5 3.10719E-5 3.28147E-5 1.78383E-5 3.90259E-5 2.94069E-5 2.83231E-5 3.31198E-5 3.61479E-5 2.28033E-5 2.62303E-5 2.3661E-5 1.57791E-5 2.84022E-5
8.77693E-6 6.92318E-6 9.22529E-6 7.31484E-6 7.03668E-6 5.91207E-6 4.74863E-6 3.82974E-6 4.23335E-6 5.05068E-6 7.77982E-6 9.29045E-6 1.00842E-5 9.54462E-6 8.74084E-6 7.02614E-6 6.03605E-6 4.9348E-6 4.40727E-6 5.06122E-6 7.65205E-6 6.42322E-6 1.00678E-5 1.22993E-5 1.02716E-5 8.46021E-6 1.08433E-5 6.30339E-6 6.07232E-6 8.71873E-6 1.4162E-5 1.52412E-5 1.42278E-5 1.64002E-5 1.50238E-5 1.28735E-5 1.51152E-5 1.63027E-5 1.70361E-5 1.76843E-5 1.69629E-5 2.27968E-5 1.80609E-5 2.06779E-5 1.80609E-5 1.37829E-5 9.92365E-6 1.53811E-5 3.10682E-5 3.41429E-5 3.04428E-5 3.50193E-5 2.55586E-5 2.41547E-5 2.88989E-5 2.87201E-5 2.15257E-5 2.87802E-5 3.58995E-5 3.04746E-5 2.79151E-5
1.18098E-5 8.27599E-6 7.39816E-6 5.47704E-6 8.77467E-6 1.26051E-5 9.53792E-6 6.71263E-6 8.00095E-6 5.55702E-6 4.54096E-6 5.48588E-6 9.28719E-6 1.13438E-5 1.14952E-5 1.09528E-5 9.14023E-6 8.91077E-6 8.63303E-6 6.97292E-6 1.08077E-5 5.99999E-6 7.85044E-6 7.55767E-6 8.03508E-6 7.93273E-6 5.69051E-6 6.40634E-6 1.39281E-5 9.6478E-6 6.57501E-6 1.04273E-5 1.39529E-5 1.52975E-5 1.74096E-5 1.32397E-5 1.69806E-5 1.89529E-5 1.30764E-5 1.82507E-5 2.43455E-5 2.42886E-5 2.10959E-5 2.56924E-5 2.03211E-5 1.59941E-5 1.14771E-5 1.43115E-5 2.62825E-5 3.45627E-5 3.75019E-5 3.7353E-5 2.6706E-5 2.11225E-5 1.94577E-5 2.1423E-5 2.15528E-5 2.62732E-5 3.36095E-5 4.63224E-5 3.22008E-5
7.8231E-6 8.02326E-6 7.62787E-6 8.38663E-6 1.0376E-5 1.01217E-5 1.03191E-5 1.13934E-5 1.11086E-5 1.14226E-5 7.36793E-6 5.21511E-6 6.41762E-6 9.20809E-6 1.02535E-5 1.2059E-5 8.72838E-6 1.06564E-5 9.02205E-6 7.29085E-6 9.91376E-6 8.3227E-6 9.36857E-6 8.57677E-6 5.21511E-6 5.61753E-6 5.98448E-6 7.45529E-6 1.23584E-5 9.21169E-6 9.87172E-6 8.11811E-6 1.13604E-5 1.31822E-5 1.66486E-5 1.7511E-5 1.55428E-5 1.97272E-5 1.5157E-5 1.31108E-5 1.93578E-5 2.16076E-5 2.39494E-5 2.50902E-5 2.12602E-5 1.56468E-5 1.41798E-5 1.45856E-5 2.37155E-5 3.74902E-5 3.99188E-5 3.82242E-5 2.76652E-5 1.92937E-5 2.03283E-5 2.23778E-5 2.20945E-5 3.25651E-5 4.56756E-5 3.48491E-5 3.71578E-5
5.14158E-6 5.86247E-6 6.01288E-6 5.86247E-6 6.207E-6 7.07675E-6 6.28605E-6 7.96832E-6 7.73811E-6 8.44233E-6 9.22642E-6 6.5411E-6 6.8799E-6 9.82744E-6 1.04684E-5 1.16323E-5 1.12056E-5 1.1421E-5 1.20896E-5 1.15714E-5 1.17918E-5 9.72007E-6 9.12066E-6 5.98731E-6 5.24627E-6 5.55439E-6 9.51891E-6 1.59546E-5 9.171E-6 1.153E-5 1.31301E-5 9.36494E-6 1.17226E-5 1.91105E-5 1.92343E-5 1.84654E-5 1.63896E-5 2.04844E-5 2.02359E-5 1.76248E-5 1.36108E-5 1.89923E-5 2.29038E-5 2.53807E-5 2.61977E-5 1.8998E-5 2.0869E-5 2.3803E-5 3.59428E-5 3.21293E-5 3.0829E-5 2.95156E-5 2.22073E-5 2.34925E-5 2.0663E-5 2.20503E-5 2.18107E-5 3.53246E-5 4.96094E-5 3.23222E-5 2.32267E-5
9.06631E-6 8.62108E-6 5.7996E-6 6.61231E-6 6.52766E-6 7.07507E-6 8.08165E-6 1.20627E-5 1.41844E-5 1.27776E-5 1.24659E-5 9.83231E-6 7.74914E-6 7.74762E-6 1.11278E-5 1.35849E-5 1.34191E-5 1.11362E-5 1.16166E-5 1.26541E-5 1.16889E-5 8.54214E-6 9.27082E-6 9.11262E-6 1.05335E-5 1.02069E-5 9.70458E-6 1.35796E-5 1.05148E-5 8.98055E-6 1.04902E-5 1.38109E-5 1.18753E-5 1.26109E-5 2.15314E-5 2.42012E-5 1.70304E-5 1.62904E-5 2.24444E-5 1.97378E-5 1.39555E-5 1.42553E-5 2.18999E-5 2.2502E-5 2.33713E-5 2.34109E-5 2.43117E-5 3.82037E-5 4.12782E-5 3.2225E-5 2.95185E-5 2.23486E-5 2.57529E-5 2.6404E-5 2.25134E-5 2.45803E-5 2.50863E-5 3.9586E-5 4.75336E-5 3.4241E-5 2.97286E-5
1.18913E-5 7.21642E-6 7.12081E-6 7.68359E-6 6.65347E-6 6.363E-6 7.07338E-6 7.48847E-6 9.85264E-6 1.30662E-5 1.57559E-5 1.32552E-5 1.29253E-5 1.13488E-5 1.12056E-5 1.13455E-5 1.257E-5 1.16094E-5 1.17247E-5 9.72419E-6 1.13154E-5 1.46161E-5 1.30006E-5 1.40763E-5 1.6368E-5 1.23639E-5 1.22838E-5 1.63646E-5 1.50843E-5 1.26783E-5 1.64279E-5 1.88124E-5 1.63263E-5 1.39529E-5 1.73954E-5 2.59042E-5 2.26623E-5 1.68116E-5 2.3733E-5 2.17363E-5 1.49549E-5 1.35449E-5 1.63404E-5 1.54358E-5 1.92951E-5 2.85682E-5 3.07375E-5 3.96669E-5 3.61313E-5 2.47618E-5 2.32487E-5 2.22394E-5 2.83264E-5 2.5412E-5 2.47727E-5 3.13426E-5 2.41767E-5 4.3521E-5 4.1136E-5 3.46923E-5 2.92362E-5
6.69799E-6 9.27334E-6 1.02602E-5 8.18936E-6 9.81711E-6 8.5051E-6 6.73813E-6 7.25461E-6 7.29977E-6 9.14974E-6 1.43196E-5 1.63113E-5 1.32898E-5 1.3626E-5 1.38006E-5 1.37152E-5 1.18603E-5 1.22409E-5 1.06131E-5 1.58502E-5 1.7488E-5 1.54253E-5 1.60191E-5 1.36891E-5 1.48552E-5 1.68016E-5 1.71218E-5 1.78931E-5 1.60829E-5 1.87604E-5 1.8696E-5 1.87627E-5 2.00415E-5 1.79559E-5 1.55328E-5 2.01611E-5 2.31341E-5 1.82866E-5 1.72697E-5 2.02627E-5 1.65139E-5 1.41835E-5 1.53334E-5 2.27231E-5 3.60159E-5 4.04069E-5 3.96643E-5 3.26145E-5 3.48634E-5 2.33934E-5 2.86459E-5 2.68492E-5 2.33713E-5 2.43033E-5 2.4172E-5 2.20975E-5 2.55752E-5 3.05662E-5 3.34029E-5 2.62502E-5 2.47988E-5
8.13869E-6 1.41881E-5 1.1482E-5 9.57467E-6 1.68803E-5 1.13387E-5 1.12595E-5 8.03165E-6 7.34694E-6 8.06043E-6 9.24399E-6 1.00357E-5 1.07349E-5 1.0336E-5 9.07146E-6 1.05325E-5 1.07371E-5 1.21537E-5 1.24686E-5 1.20854E-5 1.18625E-5 1.40285E-5 1.66883E-5 1.72215E-5 1.32597E-5 1.7168E-5 2.03464E-5 1.56749E-5 1.9168E-5 1.68038E-5 1.88795E-5 1.90557E-5 1.69053E-5 2.16635E-5 2.24969E-5 2.57329E-5 2.0603E-5 1.96338E-5 1.81917E-5 1.68589E-5 1.51372E-5 1.67475E-5 2.41413E-5 3.15006E-5 3.77104E-5 4.04912E-5 4.20538E-5 2.77191E-5 2.5586E-5 2.50986E-5 3.21141E-5 3.73891E-5 2.75682E-5 2.476E-5 2.32403E-5 2.16766E-5 2.44642E-5 2.44642E-5 2.38498E-5 2.25304E-5 2.44771E-5
1.47353E-5 1.05991E-5 7.69024E-6 9.27692E-6 1.40966E-5 1.45483E-5 1.41038E-5 1.00497E-5 8.75713E-6 8.80976E-6 8.53316E-6 8.53125E-6 9.30154E-6 9.24192E-6 9.24192E-6 1.0664E-5 1.14336E-5 1.68206E-5 1.94462E-5 1.86196E-5 1.4162E-5 1.21717E-5 1.08606E-5 1.13877E-5 1.1827E-5 1.63683E-5 2.16587E-5 2.31426E-5 2.27158E-5 1.99124E-5 2.00862E-5 1.90954E-5 1.77005E-5 2.52402E-5 2.43631E-5 2.6158E-5 2.25863E-5 1.87992E-5 1.86416E-5 2.64214E-5 2.81357E-5 3.31138E-5 3.49028E-5 3.11805E-5 3.73028E-5 3.92878E-5 4.40565E-5 2.90469E-5 2.81426E-5 3.23545E-5 2.72563E-5 2.97957E-5 3.07449E-5 2.62277E-5 3.33492E-5 2.86387E-5 4.4833E-5 2.82757E-5 2.22427E-5 2.18226E-5 2.40097E-5
1.57521E-5 1.70911E-5 1.49193E-5 1.19247E-5 1.18492E-5 1.16978E-5 1.08443E-5 1.02405E-5 1.49712E-5 1.54495E-5 1.47822E-5 1.53475E-5 1.01023E-5 1.1803E-5 1.0966E-5 1.04939E-5 1.02063E-5 1.16979E-5 1.74215E-5 2.20703E-5 2.16697E-5 2.04844E-5 1.78952E-5 1.52835E-5 1.31261E-5 1.67308E-5 1.51222E-5 1.83226E-5 2.0526E-5 2.38469E-5 1.8372E-5 1.63918E-5 1.93564E-5 2.15492E-5 1.98913E-5 1.62141E-5 1.6315E-5 1.89042E-5 2.83556E-5 3.36064E-5 3.10315E-5 4.30727E-5 3.06573E-5 2.41311E-5 2.68918E-5 4.1032E-5 4.89792E-5 3.59473E-5 2.77777E-5 2.62373E-5 3.17241E-5 4.28764E-5 3.16833E-5 2.43079E-5 2.49478E-5 2.31216E-5 3.3787E-5 3.48859E-5 3.17199E-5 2.32602E-5 2.4946E-5
1.55457E-5 2.05783E-5 1.82053E-5 1.46123E-5 1.94537E-5 1.4926E-5 1.29128E-5 1.23466E-5 1.10886E-5 1.27052E-5 1.69277E-5 1.38776E-5 1.29463E-5 1.45933E-5 1.64034E-5 1.70331E-5 1.39222E-5 1.43687E-5 1.20392E-5 1.39222E-5 2.26898E-5 2.50117E-5 2.32867E-5 2.08018E-5 1.6425E-5 1.29535E-5 1.37473E-5 1.98029E-5 1.72332E-5 1.73405E-5 1.61757E-5 1.72677E-5 1.80499E-5 1.82792E-5 2.11369E-5 1.79382E-5 2.38756E-5 1.88669E-5 2.48774E-5 3.02485E-5 2.97251E-5 3.82774E-5 4.29064E-5 3.24748E-5 2.33901E-5 3.7841E-5 4.7458E-5 4.4585E-5 3.81146E-5 3.23304E-5 2.95909E-5 4.63185E-5 5.18479E-5 3.75764E-5 2.59052E-5 2.52693E-5 2.51072E-5 2.47773E-5 4.23608E-5 5.17702E-5 3.46089E-5
1.26863E-5 1.49102E-5 1.59428E-5 1.59407E-5 2.15016E-5 2.07966E-5 1.43285E-5 1.34469E-5 1.19249E-5 1.48675E-5 1.99287E-5 2.23962E-5 1.64082E-5 1.27465E-5 1.20366E-5 1.47802E-5 1.82554E-5 2.00669E-5 1.55497E-5 1.31942E-5 1.25038E-5 1.52075E-5 1.81998E-5 1.78641E-5 1.65577E-5 1.50584E-5 1.33984E-5 1.34818E-5 1.44889E-5 1.64797E-5 2.03455E-5 1.90619E-5 2.86492E-5 1.99702E-5 1.95083E-5 2.49968E-5 3.40773E-5 3.5992E-5 2.38796E-5 2.01655E-5 2.12353E-5 2.75694E-5 3.26912E-5 3.55128E-5 2.46019E-5 2.7741E-5 4.89847E-5 4.77781E-5 4.75147E-5 4.63373E-5 3.98335E-5 4.05889E-5 4.84075E-5 4.60379E-5 4.00636E-5 4.68341E-5 4.70684E-5 4.67772E-5 4.85652E-5 4.31735E-5 3.68904E-5
2.13589E-5 1.7848E-5 1.30579E-5 1.45863E-5 1.68563E-5 1.83624E-5 1.47709E-5 2.01754E-5 1.98054E-5 1.47376E-5 1.5017E-5 2.01273E-5 1.90218E-5 1.73058E-5 1.74135E-5 1.62485E-5 1.87203E-5 1.81425E-5 2.53922E-5 2.29789E-5 1.74794E-5 1.6513E-5 1.8203E-5 1.98812E-5 2.01326E-5 1.89032E-5 1.7677E-5 1.63813E-5 1.61722E-5 2.03455E-5 2.99369E-5 2.55874E-5 2.90769E-5 1.96338E-5 1.85433E-5 2.34668E-5 4.12057E-5 4.01319E-5 3.79951E-5 3.1419E-5 2.47187E-5 2.20694E-5 2.35227E-5 2.82747E-5 2.86342E-5 2.72228E-5 2.99313E-5 4.29203E-5 3.83225E-5 4.18609E-5 4.57194E-5 5.38492E-5 4.08276E-5 3.78498E-5 4.57293E-5 6.22223E-5 6.62572E-5 6.83041E-5 6.70524E-5 4.51664E-5 3.46596E-5
1.48039E-5 1.44367E-5 1.34694E-5 1.32166E-5 1.25655E-5 1.4039E-5 1.6434E-5 2.01754E-5 2.0508E-5 1.98137E-5 2.10333E-5 1.68761E-5 2.0189E-5 1.73566E-5 1.66037E-5 2.02452E-5 1.66068E-5 1.88903E-5 2.1837E-5 3.00642E-5 2.82463E-5 2.43839E-5 2.21895E-5 3.02604E-5 2.24762E-5 2.07544E-5 1.93601E-5 2.28487E-5 2.02234E-5 2.22765E-5 2.54292E-5 2.8897E-5 2.64597E-5 2.2741E-5 2.16441E-5 2.34978E-5 3.3281E-5 3.14853E-5 3.03181E-5 3.24945E-5 4.13055E-5 2.68765E-5 2.41255E-5 2.45847E-5 2.75628E-5 2.91786E-5 3.18876E-5 3.16904E-5 3.95376E-5 4.02954E-5 3.97921E-5 3.31374E-5 3.21037E-5 3.55122E-5 4.34615E-5 5.95245E-5 5.59119E-5 5.80541E-5 5.45278E-5 4.54325E-5 3.9788E-5
1.66881E-5 2.28766E-5 1.88881E-5 1.60378E-5 1.63347E-5 1.47661E-5 1.76767E-5 1.97407E-5 1.99899E-5 1.76254E-5 2.05654E-5 1.8948E-5 1.93103E-5 1.74584E-5 1.91228E-5 1.97391E-5 2.12923E-5 1.92519E-5 2.03006E-5 2.04306E-5 2.88428E-5 3.16934E-5 3.3335E-5 2.53973E-5 2.35968E-5 2.52835E-5 2.46523E-5 2.51194E-5 3.29753E-5 3.40298E-5 3.00183E-5 3.00143E-5 2.93152E-5 2.85828E-5 2.87968E-5 3.58903E-5 2.87968E-5 3.94889E-5 3.30801E-5 3.46089E-5 3.35354E-5 2.93697E-5 2.93582E-5 2.73816E-5 2.68746E-5 2.91817E-5 3.33246E-5 3.55011E-5 4.31801E-5 4.92831E-5 3.46308E-5 2.82835E-5 2.99365E-5 3.48338E-5 3.75611E-5 3.90122E-5 4.5657E-5 3.92636E-5 4.31409E-5 4.56663E-5 5.38023E-5
2.48158E-5 2.26057E-5 1.85516E-5 1.55413E-5 2.13534E-5 1.79098E-5 1.70231E-5 2.19719E-5 1.69728E-5 1.6862E-5 1.67548E-5 1.93072E-5 2.12225E-5 2.65279E-5 2.18432E-5 1.81867E-5 2.13485E-5 2.48325E-5 3.00673E-5 2.41413E-5 1.89475E-5 2.64176E-5 2.56031E-5 2.98365E-5 3.36205E-5 2.94723E-5 2.87345E-5 2.71503E-5 3.60823E-5 3.5247E-5 3.14684E-5 3.46196E-5 3.54951E-5 2.58694E-5 3.06968E-5 4.39792E-5 4.39792E-5 5.54557E-5 4.59703E-5 4.83748E-5 4.86316E-5 4.02872E-5 4.15683E-5 4.18213E-5 3.33281E-5 2.93701E-5 3.66429E-5 4.56907E-5 5.41619E-5 5.21498E-5 3.90499E-5 3.46309E-5 3.16933E-5 3.27069E-5 3.41756E-5 3.35296E-5 3.66149E-5 3.66149E-5 4.28555E-5 4.59412E-5 5.51638E-5
2.93054E-5 2.52471E-5 1.94605E-5 1.92064E-5 2.01859E-5 2.22638E-5 1.75723E-5 2.37716E-5 1.94945E-5 2.03117E-5 1.98049E-5 2.36167E-5 3.37566E-5 2.78152E-5 1.9136E-5 2.78784E-5 2.56344E-5 2.37737E-5 3.39584E-5 3.39773E-5 2.58841E-5 2.57808E-5 2.42331E-5 2.92744E-5 3.30531E-5 3.87222E-5 3.80037E-5 4.34119E-5 3.31325E-5 3.70978E-5 3.57214E-5 3.27316E-5 4.15683E-5 3.83078E-5 2.75751E-5 2.79322E-5 3.17039E-5 4.51415E-5 5.31569E-5 5.76375E-5 6.10353E-5 5.59193E-5 4.65897E-5 4.63111E-5 3.33364E-5 3.37383E-5 4.62687E-5 6.4962E-5 6.41303E-5 6.13867E-5 4.74681E-5 3.80782E-5 3.97842E-5 4.18418E-5 4.26361E-5 3.4402E-5 3.52688E-5 3.37383E-5 4.07343E-5 4.36702E-5 4.80098E-5
3.07967E-5 3.11209E-5 2.41695E-5 2.17319E-5 2.38552E-5 2.31335E-5 2.05221E-5 2.39221E-5 2.78991E-5 2.42351E-5 2.0577E-5 2.00669E-5 2.76347E-5 3.53807E-5 2.43839E-5 2.36298E-5 3.5493E-5 2.86852E-5 2.85044E-5 3.74055E-5 3.69514E-5 3.04428E-5 3.06735E-5 2.93332E-5 2.85965E-5 2.77342E-5 2.89812E-5 4.02465E-5 4.0497E-5 3.46362E-5 3.90561E-5 4.34625E-5 5.34713E-5 4.37235E-5 3.46508E-5 3.13062E-5 3.07155E-5 3.31321E-5 4.77635E-5 5.05587E-5 5.91563E-5 6.29993E-5 4.42856E-5 3.85225E-5 3.31002E-5 3.63712E-5 4.48125E-5 7.50488E-5 8.29602E-5 8.04313E-5 7.09657E-5 6.26021E-5 6.62287E-5 4.92964E-5 5.62435E-5 4.15631E-5 4.92807E-5 4.51091E-5 3.85138E-5 4.15186E-5 4.42251E-5
3.25026E-5 3.1903E-5 2.80016E-5 2.23269E-5 2.88847E-5 2.33515E-5 2.06406E-5 3.30303E-5 2.70533E-5 2.91658E-5 2.69681E-5 2.78179E-5 2.8525E-5 3.45154E-5 3.12382E-5 2.73892E-5 3.78727E-5 3.88368E-5 3.12047E-5 3.22008E-5 3.02514E-5 3.0876E-5 2.82568E-5 2.97401E-5 3.90265E-5 3.24748E-5 3.14534E-5 2.80932E-5 3.12736E-5 3.07027E-5 3.39786E-5 4.13196E-5 5.94868E-5 5.55694E-5 4.24267E-5 3.78498E-5 3.11059E-5 3.61983E-5 4.51344E-5 4.05271E-5 4.89711E-5 4.48057E-5 4.28904E-5 4.31767E-5 5.91403E-5 4.26361E-5 3.66063E-5 4.45004E-5 6.29082E-5 7.12858E-5 7.31091E-5 7.8337E-5 8.14003E-5 7.36316E-5 7.18319E-5 6.61706E-5 8.99707E-5 6.87458E-5 4.5657E-5 4.09972E-5 4.12524E-5
3.23013E-5 3.79816E-5 2.94286E-5 3.32454E-5 2.43122E-5 2.54775E-5 2.74684E-5 3.40806E-5 3.03889E-5 2.85369E-5 2.74825E-5 3.04545E-5 4.04511E-5 3.9705E-5 3.66138E-5 3.19124E-5 3.62521E-5 4.384E-5 3.34588E-5 3.35307E-5 3.31117E-5 3.19042E-5 3.17516E-5 3.09198E-5 3.37709E-5 3.68784E-5 3.52808E-5 3.29232E-5 3.37569E-5 4.95964E-5 3.31321E-5 4.62904E-5 5.87956E-5 6.37803E-5 5.7737E-5 5.6283E-5 4.45854E-5 3.7113E-5 3.92636E-5 3.90122E-5 5.3793E-5 6.10089E-5 6.96211E-5 6.66373E-5 8.04204E-5 5.84345E-5 4.31661E-5 3.97078E-5 4.25199E-5 5.23882E-5 6.24438E-5 5.78987E-5 6.55908E-5 7.87293E-5 7.87407E-5 8.28773E-5 8.65962E-5 9.16266E-5 7.27052E-5 6.21223E-5 4.95025E-5
4.22074E-5 3.79772E-5 3.25026E-5 3.42936E-5 3.00921E-5 3.40789E-5 3.06631E-5 3.39929E-5 3.1546E-5 3.14416E-5 3.24232E-5 3.3123E-5 4.00452E-5 4.73943E-5 4.21086E-5 4.63521E-5 4.14355E-5 4.85367E-5 4.53342E-5 4.23391E-5 4.24243E-5 3.49502E-5 4.09158E-5 3.60675E-5 3.98513E-5 4.06064E-5 3.8325E-5 4.65955E-5 4.00573E-5 3.95504E-5 4.89989E-5 4.1602E-5 3.92856E-5 4.40122E-5 4.59829E-5 4.77535E-5 5.11514E-5 5.58621E-5 5.01894E-5 4.47964E-5 5.34509E-5 8.34823E-5 6.50144E-5 6.46014E-5 7.55586E-5 7.84658E-5 5.73381E-5 4.5657E-5 4.30611E-5 4.27845E-5 4.50043E-5 5.00525E-5 5.29849E-5 5.67214E-5 6.31464E-5 7.87178E-5 7.7633E-5 6.34534E-5 6.84391E-5 6.93068E-5 5.2245E-5
4.19216E-5 4.3405E-5 3.91686E-5 3.85381E-5 3.40806E-5 3.97032E-5 3.59496E-5 3.3363E-5 3.56161E-5 3.99502E-5 3.41606E-5 4.13042E-5 5.01192E-5 4.23617E-5 5.15159E-5 4.93274E-5 4.88293E-5 5.03804E-5 4.61872E-5 4.21439E-5 4.59958E-5 3.53658E-5 4.24463E-5 3.86107E-5 4.32184E-5 4.35263E-5 4.32297E-5 5.5936E-5 4.26827E-5 3.59744E-5 5.35088E-5 7.37237E-5 5.59671E-5 4.93177E-5 4.40032E-5 4.56985E-5 4.28904E-5 4.31222E-5 6.25604E-5 6.41684E-5 5.04635E-5 7.69457E-5 8.77735E-5 9.75957E-5 8.61298E-5 9.75957E-5 7.842E-5 6.91281E-5 5.65437E-5 4.69872E-5 4.9424E-5 6.48352E-5 7.5413E-5 5.82591E-5 4.63967E-5 4.46579E-5 5.0602E-5 5.62502E-5 5.1898E-5 5.84237E-5 5.99184E-5
4.34164E-5 4.2098E-5 4.48627E-5 4.27837E-5 4.24598E-5 4.48276E-5 5.06004E-5 5.21946E-5 3.81286E-5 3.38518E-5 3.47958E-5 3.79841E-5 4.04357E-5 4.91948E-5 5.24898E-5 5.42773E-5 5.37199E-5 5.40571E-5 5.30641E-5 4.63507E-5 4.40754E-5 4.78629E-5 4.35515E-5 5.49468E-5 4.66735E-5 4.81385E-5 4.69286E-5 5.42259E-5 4.13516E-5 3.95459E-5 4.05478E-5 6.6225E-5 8.0465E-5 6.88729E-5 6.50947E-5 6.19063E-5 4.95887E-5 4.6187E-5 4.76631E-5 8.18647E-5 7.59967E-5 5.16859E-5 6.85632E-5 8.22822E-5 8.12673E-5 9.74813E-5 9.99848E-5 9.68964E-5 8.71156E-5 6.24764E-5 5.93873E-5 8.93443E-5 9.6365E-5 7.88346E-5 6.27677E-5 5.06139E-5 5.0602E-5 5.0277E-5 5.15649E-5 5.25582E-5 5.95347E-5
4.14021E-5 4.71833E-5 4.90223E-5 5.0118E-5 4.93355E-5 4.09505E-5 4.68143E-5 4.82919E-5 3.55807E-5 3.5136E-5 4.19722E-5 5.36631E-5 3.95454E-5 4.35276E-5 5.13054E-5 5.7753E-5 5.6802E-5 6.0554E-5 6.44451E-5 6.13255E-5 5.55977E-5 5.0923E-5 4.93461E-5 5.63097E-5 5.66553E-5 6.30483E-5 5.45764E-5 4.69234E-5 4.65993E-5 4.51432E-5 4.40032E-5 5.34694E-5 7.5084E-5 9.46444E-5 9.17615E-5 7.19211E-5 6.34023E-5 6.06467E-5 5.17722E-5 5.13661E-5 7.58295E-5 8.17841E-5 5.25821E-5 5.46131E-5 5.96577E-5 6.88651E-5 8.62438E-5 9.14148E-5 1.11583E-4 1.20453E-4 1.0444E-4 1.11759E-4 8.64494E-5 8.75173E-5 1.06403E-4 6.77058E-5 6.14639E-5 9.68184E-5 7.72427E-5 6.03045E-5 6.54662E-5
