Artocarpus hirsutus SDM files/MIS19/results (without bias file)/Arthir_stddev.asc
ncols         625
nrows         721
xllcorner     69.99986311115
yllcorner     5.99986187915
cellsize      0.041666667
NODATA_value  -9999
[rows 243 to 269 of 721, columns 183 to 243 of 625]
1.62175E-5 1.75661E-5 1.41913E-5 1.35395E-5 1.91772E-5 2.44383E-5 2.76303E-5 3.15848E-5 2.02003E-5 2.0534E-5 2.50498E-5 2.86535E-5 3.00691E-5 2.7034E-5 3.16861E-5 3.047E-5 3.0046E-5 3.16869E-5 3.141E-5 3.23349E-5 3.57015E-5 3.5509E-5 3.31811E-5 3.2757E-5 3.21632E-5 3.08353E-5 3.00711E-5 3.08018E-5 2.99306E-5 2.99235E-5 3.46711E-5 4.20529E-5 4.10541E-5 4.08803E-5 4.08803E-5 4.94501E-5 5.18979E-5 5.18979E-5 5.61969E-5 5.79753E-5 5.34038E-5 6.0077E-5 5.64185E-5 5.93814E-5 5.4845E-5 4.55763E-5 4.89761E-5 5.35993E-5 6.60395E-5 5.73092E-5 5.16718E-5 5.52739E-5 5.32986E-5 5.40285E-5 5.78053E-5 6.18817E-5 6.2303E-5 6.48542E-5 7.38386E-5 8.41556E-5 7.8515E-5
2.91801E-5 2.88498E-5 2.2789E-5 1.70595E-5 2.29572E-5 2.84532E-5 2.37192E-5 1.66523E-5 1.48935E-5 1.7219E-5 1.98244E-5 2.52846E-5 2.76968E-5 2.92635E-5 3.1478E-5 3.20244E-5 3.13362E-5 3.18029E-5 3.26301E-5 5.06121E-5 3.78614E-5 3.53749E-5 3.47541E-5 3.53606E-5 3.65928E-5 3.15104E-5 2.87371E-5 3.10447E-5 3.66442E-5 3.5576E-5 4.22391E-5 4.04755E-5 4.08519E-5 4.22801E-5 4.50821E-5 4.57039E-5 5.06533E-5 5.06533E-5 4.86257E-5 5.18003E-5 5.36816E-5 6.07504E-5 6.04122E-5 4.81042E-5 4.63769E-5 5.00941E-5 4.82652E-5 9.84061E-5 8.72228E-5 5.79446E-5 6.88108E-5 6.83533E-5 7.00633E-5 6.43356E-5 6.5493E-5 7.47149E-5 7.9715E-5 8.18348E-5 8.18348E-5 8.73084E-5 8.7651E-5
3.46131E-5 3.26823E-5 2.1615E-5 1.85022E-5 2.08455E-5 1.82426E-5 2.24861E-5 2.63393E-5 1.75639E-5 2.02211E-5 2.41086E-5 2.73372E-5 2.8307E-5 2.81329E-5 2.92635E-5 3.96409E-5 4.0551E-5 3.93515E-5 5.47551E-5 4.64274E-5 3.68955E-5 3.5333E-5 3.45945E-5 3.3384E-5 3.10936E-5 2.85419E-5 3.43363E-5 3.78418E-5 3.8773E-5 3.82844E-5 4.2608E-5 4.01478E-5 4.17441E-5 4.24608E-5 4.10432E-5 3.98404E-5 4.73002E-5 4.58733E-5 4.03554E-5 4.045E-5 4.67833E-5 4.90651E-5 4.21062E-5 4.78647E-5 5.54331E-5 6.8336E-5 7.98245E-5 7.98241E-5 7.55432E-5 7.97003E-5 6.38512E-5 5.99654E-5 5.99233E-5 5.85471E-5 7.00302E-5 6.91882E-5 6.72886E-5 6.57568E-5 7.06272E-5 7.41384E-5 7.3084E-5
3.49316E-5 3.49502E-5 2.62502E-5 2.39481E-5 2.82278E-5 3.24845E-5 1.54128E-5 2.19484E-5 1.7177E-5 2.20147E-5 2.6248E-5 3.973E-5 3.56769E-5 3.83604E-5 3.60871E-5 3.83328E-5 4.73776E-5 5.4426E-5 4.79946E-5 4.53724E-5 4.37074E-5 3.67095E-5 3.95204E-5 3.80459E-5 3.28348E-5 3.36335E-5 3.70749E-5 3.6298E-5 3.89023E-5 3.86193E-5 3.98734E-5 4.24677E-5 4.30142E-5 4.28591E-5 4.03578E-5 5.3378E-5 5.2419E-5 5.40823E-5 5.68579E-5 5.83961E-5 4.85373E-5 4.54984E-5 5.21138E-5 8.21563E-5 7.95715E-5 8.18069E-5 7.53095E-5 7.32392E-5 6.5838E-5 6.70616E-5 5.45336E-5 6.10471E-5 5.90706E-5 4.89705E-5 6.47533E-5 6.67101E-5 6.60595E-5 6.57238E-5 6.09168E-5 6.19994E-5 7.05573E-5
3.65633E-5 2.75888E-5 2.4051E-5 3.40775E-5 3.99219E-5 3.04149E-5 2.29642E-5 1.92783E-5 2.96379E-5 2.49683E-5 3.98113E-5 3.60436E-5 3.27153E-5 3.5832E-5 4.53932E-5 4.57287E-5 5.30263E-5 5.43934E-5 5.14101E-5 5.31878E-5 5.62723E-5 5.08959E-5 5.1001E-5 3.91143E-5 3.99209E-5 3.99502E-5 3.75749E-5 3.69213E-5 3.92436E-5 3.90786E-5 4.37684E-5 4.22969E-5 4.17532E-5 4.3165E-5 4.72853E-5 5.007E-5 5.1926E-5 6.38757E-5 7.98364E-5 8.42297E-5 6.89488E-5 6.63879E-5 6.70712E-5 8.2719E-5 8.03313E-5 7.0489E-5 7.04407E-5 6.67241E-5 6.31884E-5 4.9549E-5 4.97525E-5 4.61135E-5 4.69307E-5 5.46724E-5 5.85049E-5 5.61308E-5 5.93225E-5 6.0074E-5 6.14505E-5 6.19895E-5 6.75647E-5
4.12957E-5 4.20291E-5 2.28031E-5 3.25758E-5 3.44762E-5 3.04085E-5 2.2573E-5 2.39997E-5 3.38838E-5 3.7904E-5 3.65122E-5 3.44286E-5 3.35282E-5 4.30563E-5 4.48136E-5 5.08419E-5 5.30514E-5 6.2587E-5 5.92315E-5 7.07474E-5 5.8088E-5 5.99668E-5 5.58595E-5 5.40685E-5 4.03116E-5 3.72088E-5 3.47376E-5 3.57218E-5 3.86036E-5 4.02629E-5 3.98389E-5 3.83444E-5 4.14139E-5 3.89072E-5 5.45351E-5 5.35328E-5 4.85619E-5 6.34378E-5 7.58117E-5 7.19473E-5 6.43359E-5 7.12385E-5 7.07176E-5 8.15233E-5 7.0898E-5 6.92564E-5 6.67241E-5 6.43333E-5 6.31597E-5 6.31597E-5 4.44994E-5 4.7351E-5 5.6423E-5 5.74312E-5 5.54351E-5 5.85977E-5 5.03187E-5 5.05431E-5 5.53861E-5 5.7543E-5 6.03768E-5
4.07448E-5 2.89463E-5 2.47986E-5 2.72157E-5 2.87054E-5 2.38081E-5 4.0624E-5 2.76932E-5 2.87121E-5 3.17542E-5 3.23092E-5 3.17649E-5 4.20294E-5 4.37258E-5 4.61061E-5 5.0772E-5 5.99526E-5 6.78868E-5 5.9648E-5 6.611E-5 5.65916E-5 4.95157E-5 5.07357E-5 4.71876E-5 4.59041E-5 3.82474E-5 3.5513E-5 3.94513E-5 3.84593E-5 3.91067E-5 3.76885E-5 3.56522E-5 3.93072E-5 5.47566E-5 5.6531E-5 5.19244E-5 4.96662E-5 7.3279E-5 6.39735E-5 5.90182E-5 6.76083E-5 5.68537E-5 6.10669E-5 8.18722E-5 6.99075E-5 6.76603E-5 6.67241E-5 6.46309E-5 6.28704E-5 6.11682E-5 4.35863E-5 6.87318E-5 5.51735E-5 5.25555E-5 5.16431E-5 5.00963E-5 5.01022E-5 4.96828E-5 4.6937E-5 5.44867E-5 5.69057E-5
3.29858E-5 2.5817E-5 3.42721E-5 3.71508E-5 4.43548E-5 3.22213E-5 4.07137E-5 3.46902E-5 3.58126E-5 3.90158E-5 4.29397E-5 4.28784E-5 5.18197E-5 4.46834E-5 4.93288E-5 4.35244E-5 5.7522E-5 6.2245E-5 5.87412E-5 4.27556E-5 4.18919E-5 4.24171E-5 4.05254E-5 4.09316E-5 3.32952E-5 3.37601E-5 3.65667E-5 3.70202E-5 3.77927E-5 3.78627E-5 3.43306E-5 3.75013E-5 4.67268E-5 5.89608E-5 5.47589E-5 5.38052E-5 5.78534E-5 5.88582E-5 5.84959E-5 6.32922E-5 5.83978E-5 5.76126E-5 6.39103E-5 7.55434E-5 7.11835E-5 6.6144E-5 6.76603E-5 6.37432E-5 6.27471E-5 5.8649E-5 4.71562E-5 6.602E-5 4.77707E-5 4.32804E-5 4.32921E-5 4.38593E-5 4.7903E-5 6.81801E-5 7.00087E-5 7.92561E-5 7.38572E-5
4.22476E-5 4.62682E-5 4.00142E-5 4.90932E-5 3.99965E-5 3.48509E-5 4.65542E-5 3.55068E-5 3.65758E-5 4.51122E-5 4.91182E-5 4.55611E-5 4.89765E-5 4.54434E-5 5.53885E-5 5.24098E-5 4.84312E-5 5.21356E-5 5.33237E-5 4.07719E-5 4.43977E-5 4.2446E-5 3.98217E-5 4.20125E-5 4.09655E-5 3.58349E-5 3.62915E-5 3.79885E-5 3.83739E-5 3.49401E-5 3.42471E-5 4.04677E-5 4.65126E-5 5.25069E-5 4.45566E-5 4.07708E-5 4.86964E-5 4.67652E-5 5.71104E-5 5.34105E-5 5.70963E-5 7.4436E-5 5.60714E-5 6.81795E-5 6.81713E-5 6.76603E-5 6.67241E-5 6.33213E-5 5.69181E-5 3.84312E-5 4.64376E-5 5.0844E-5 4.55944E-5 4.34762E-5 4.60919E-5 5.05431E-5 5.94552E-5 5.99875E-5 7.15626E-5 7.41306E-5 7.32003E-5
6.19526E-5 5.25521E-5 3.57076E-5 3.99277E-5 4.22522E-5 4.6933E-5 4.71194E-5 3.97423E-5 4.02561E-5 4.98914E-5 4.89814E-5 4.92453E-5 4.52305E-5 5.12668E-5 5.89094E-5 5.75685E-5 5.20599E-5 6.61645E-5 5.57093E-5 5.59367E-5 5.07957E-5 4.29706E-5 4.65756E-5 4.711E-5 4.47995E-5 4.57966E-5 3.72164E-5 3.69128E-5 3.44059E-5 3.67727E-5 4.5925E-5 4.71142E-5 5.16303E-5 4.67456E-5 4.06168E-5 3.95572E-5 4.18067E-5 4.02303E-5 4.03709E-5 6.7013E-5 7.65265E-5 6.91524E-5 5.75872E-5 8.06277E-5 7.08506E-5 6.23704E-5 4.95119E-5 5.05238E-5 5.16126E-5 6.13231E-5 6.53055E-5 6.51051E-5 5.76234E-5 4.40141E-5 6.2791E-5 6.12601E-5 5.72197E-5 7.25065E-5 7.47828E-5 6.76628E-5 6.88534E-5
6.01002E-5 5.11921E-5 4.07835E-5 3.95455E-5 6.1406E-5 5.8343E-5 4.34638E-5 5.10696E-5 4.33332E-5 5.8929E-5 4.73318E-5 4.37162E-5 4.69662E-5 5.21052E-5 5.51235E-5 6.64369E-5 5.75245E-5 6.26313E-5 5.50995E-5 5.22674E-5 4.66339E-5 4.72347E-5 6.07806E-5 4.82954E-5 4.71021E-5 3.62617E-5 3.67975E-5 3.64735E-5 4.27656E-5 4.63289E-5 7.06466E-5 4.86308E-5 4.64861E-5 4.47436E-5 4.09619E-5 3.92144E-5 4.00716E-5 4.4059E-5 4.63393E-5 7.73336E-5 6.94769E-5 5.4088E-5 7.41011E-5 6.64887E-5 6.27996E-5 6.37896E-5 6.65406E-5 6.25158E-5 5.32633E-5 6.19385E-5 6.72895E-5 5.62579E-5 5.73951E-5 5.96725E-5 6.28863E-5 5.53702E-5 5.85553E-5 7.7123E-5 7.23625E-5 6.80278E-5 8.46628E-5
5.55395E-5 4.32578E-5 4.37628E-5 4.14865E-5 6.47301E-5 6.10355E-5 4.2583E-5 5.18956E-5 5.29557E-5 5.57475E-5 4.8539E-5 4.59813E-5 5.2294E-5 6.27368E-5 5.96939E-5 6.58798E-5 6.34175E-5 6.76145E-5 6.40272E-5 5.50089E-5 5.36601E-5 4.90575E-5 6.3335E-5 5.00311E-5 4.74765E-5 3.41853E-5 3.70085E-5 5.32311E-5 3.86979E-5 4.57019E-5 6.18498E-5 5.88056E-5 4.13134E-5 3.70519E-5 4.44318E-5 5.24585E-5 5.97741E-5 5.40898E-5 6.82944E-5 7.38613E-5 6.24952E-5 6.39068E-5 7.04889E-5 6.79006E-5 6.13961E-5 5.91072E-5 7.00483E-5 6.89514E-5 5.61429E-5 6.13725E-5 7.07123E-5 6.30026E-5 5.8281E-5 5.51088E-5 5.63122E-5 6.40214E-5 6.92427E-5 7.72822E-5 6.80278E-5 7.90015E-5 9.04549E-5
5.59948E-5 6.34447E-5 5.50308E-5 4.70586E-5 5.62186E-5 5.3387E-5 4.80158E-5 5.12621E-5 4.74448E-5 4.3183E-5 4.58092E-5 5.05169E-5 5.73666E-5 6.3194E-5 6.26876E-5 6.92609E-5 6.52228E-5 6.12485E-5 5.39422E-5 5.37268E-5 5.30977E-5 5.72143E-5 5.23396E-5 5.34078E-5 4.40592E-5 3.66283E-5 3.92488E-5 5.76519E-5 5.67054E-5 5.48843E-5 5.72427E-5 4.8327E-5 5.07204E-5 5.09097E-5 5.68574E-5 5.80972E-5 5.40998E-5 5.45681E-5 7.08704E-5 6.79597E-5 5.43351E-5 6.67324E-5 7.30665E-5 7.51053E-5 6.54122E-5 6.47005E-5 7.6824E-5 6.97285E-5 5.79278E-5 5.81513E-5 7.33337E-5 7.08627E-5 5.88263E-5 5.92239E-5 6.54455E-5 7.47627E-5 7.3959E-5 7.85184E-5 7.1265E-5 9.47599E-5 1.07269E-4
4.18335E-5 5.83937E-5 6.75544E-5 5.43965E-5 5.33442E-5 5.68132E-5 7.08153E-5 6.81946E-5 5.16061E-5 6.42041E-5 6.21228E-5 5.80489E-5 6.97208E-5 7.00696E-5 6.69326E-5 6.75125E-5 7.38798E-5 5.16914E-5 5.52966E-5 6.03755E-5 6.27451E-5 6.08532E-5 6.09917E-5 5.86129E-5 4.81763E-5 6.14802E-5 6.14458E-5 6.10584E-5 6.78343E-5 5.34244E-5 6.1992E-5 5.73461E-5 5.32893E-5 6.22268E-5 5.19755E-5 5.27525E-5 6.07578E-5 6.08366E-5 6.71446E-5 6.05858E-5 7.39993E-5 8.09168E-5 7.51569E-5 8.12321E-5 6.42595E-5 6.30459E-5 7.51939E-5 7.6579E-5 6.33414E-5 6.08868E-5 6.62989E-5 6.91512E-5 6.25626E-5 7.59619E-5 7.41142E-5 7.34786E-5 8.88743E-5 8.34084E-5 9.95214E-5 1.0798E-4 1.0602E-4
5.07176E-5 5.24553E-5 5.8975E-5 5.50874E-5 4.94957E-5 5.16784E-5 7.49306E-5 7.52584E-5 5.80274E-5 6.9959E-5 6.12671E-5 6.30841E-5 8.10029E-5 7.34317E-5 8.6344E-5 7.81109E-5 7.4484E-5 6.2384E-5 6.21325E-5 5.80974E-5 5.23789E-5 5.09673E-5 5.28065E-5 5.35176E-5 5.57879E-5 7.34156E-5 7.04845E-5 6.7586E-5 6.10811E-5 5.96809E-5 6.6783E-5 7.2943E-5 6.89752E-5 5.77944E-5 5.20001E-5 5.93229E-5 6.48042E-5 6.7431E-5 7.43842E-5 7.51179E-5 9.39127E-5 8.24505E-5 8.62209E-5 7.27528E-5 6.77469E-5 7.50395E-5 8.73264E-5 9.35987E-5 7.73462E-5 7.36967E-5 7.81698E-5 7.14869E-5 8.66014E-5 9.52591E-5 9.02897E-5 1.00476E-4 1.01566E-4 8.54448E-5 8.3294E-5 9.24479E-5 8.70556E-5
6.63347E-5 6.58787E-5 5.69901E-5 5.42723E-5 5.58855E-5 7.97698E-5 7.77277E-5 8.86257E-5 7.79053E-5 7.74158E-5 8.41164E-5 6.57476E-5 8.20574E-5 1.01446E-4 9.33646E-5 7.33685E-5 6.57889E-5 6.02019E-5 6.02019E-5 6.07342E-5 5.97246E-5 6.93704E-5 7.6413E-5 5.61875E-5 7.46277E-5 7.91436E-5 8.25618E-5 6.86013E-5 7.1585E-5 8.16423E-5 8.37262E-5 8.02502E-5 5.91723E-5 5.43422E-5 6.27221E-5 6.71903E-5 6.74262E-5 6.71287E-5 6.98572E-5 6.92496E-5 8.62151E-5 9.06336E-5 1.01696E-4 8.23807E-5 7.46816E-5 8.13778E-5 7.44072E-5 8.94789E-5 1.05734E-4 1.01406E-4 9.67836E-5 9.04834E-5 9.55862E-5 1.11776E-4 1.03226E-4 9.7127E-5 9.15268E-5 9.51854E-5 1.06885E-4 1.00367E-4 9.96963E-5
6.18899E-5 5.94278E-5 7.7003E-5 7.68711E-5 6.53959E-5 8.24797E-5 7.73355E-5 9.68223E-5 7.0724E-5 6.78876E-5 9.8419E-5 7.36546E-5 8.92147E-5 8.79434E-5 7.71172E-5 6.68424E-5 7.0102E-5 6.43292E-5 6.59565E-5 7.58213E-5 8.58504E-5 6.95364E-5 5.57943E-5 7.38106E-5 8.38066E-5 9.38751E-5 1.05726E-4 8.0891E-5 8.05734E-5 7.20619E-5 8.97816E-5 8.48909E-5 5.71062E-5 6.06656E-5 6.63663E-5 7.19045E-5 7.74842E-5 9.17235E-5 7.44717E-5 7.38942E-5 8.83982E-5 1.14935E-4 1.13869E-4 8.41136E-5 8.19714E-5 8.58818E-5 9.06068E-5 9.02221E-5 9.17781E-5 1.17393E-4 1.33152E-4 1.22249E-4 1.02509E-4 8.62064E-5 8.24493E-5 9.23291E-5 9.02469E-5 9.3954E-5 9.12386E-5 1.06587E-4 1.31036E-4
5.43407E-5 6.0608E-5 1.03419E-4 9.04691E-5 8.26803E-5 6.99158E-5 9.76103E-5 1.10925E-4 9.34755E-5 6.9665E-5 9.5082E-5 9.69911E-5 9.06253E-5 6.83644E-5 7.26207E-5 6.71757E-5 7.31901E-5 7.18068E-5 7.84472E-5 8.44035E-5 7.0743E-5 6.84115E-5 6.88669E-5 8.14224E-5 1.07885E-4 1.02854E-4 1.04566E-4 8.35147E-5 1.0049E-4 9.29009E-5 7.54812E-5 6.03342E-5 6.28734E-5 7.73471E-5 7.8629E-5 9.33461E-5 9.49122E-5 8.69521E-5 7.69057E-5 8.29353E-5 9.27027E-5 1.0081E-4 1.36184E-4 1.10158E-4 1.09369E-4 1.22487E-4 1.19307E-4 1.12607E-4 1.26839E-4 1.31683E-4 1.11363E-4 1.12089E-4 1.01322E-4 1.11139E-4 1.13149E-4 1.01531E-4 1.01503E-4 1.13289E-4 1.32263E-4 1.48247E-4 1.46562E-4
6.2767E-5 6.46059E-5 8.97325E-5 1.09589E-4 8.13503E-5 6.45487E-5 9.58235E-5 1.27276E-4 1.04294E-4 7.12275E-5 8.87868E-5 9.45536E-5 7.12758E-5 6.94174E-5 6.41875E-5 6.27505E-5 6.8991E-5 7.30579E-5 6.5585E-5 6.34574E-5 6.98622E-5 9.47246E-5 9.72289E-5 7.34542E-5 9.66859E-5 1.07603E-4 1.09839E-4 1.04587E-4 1.11666E-4 9.37814E-5 8.75258E-5 9.03402E-5 7.93595E-5 7.88558E-5 9.12805E-5 1.06774E-4 8.60581E-5 8.97844E-5 9.09952E-5 8.66785E-5 9.44148E-5 9.15369E-5 1.16845E-4 1.13705E-4 1.36398E-4 1.29198E-4 1.52428E-4 1.39235E-4 1.32397E-4 1.04756E-4 9.85578E-5 9.99862E-5 1.15059E-4 1.23023E-4 1.15607E-4 1.18604E-4 1.44865E-4 1.6502E-4 1.78941E-4 1.56172E-4 1.72581E-4
6.53758E-5 7.76015E-5 1.00159E-4 1.072E-4 9.18242E-5 8.60844E-5 8.60683E-5 1.14098E-4 1.0001E-4 1.16001E-4 7.16745E-5 7.25747E-5 7.26193E-5 7.87611E-5 7.33143E-5 8.40412E-5 7.29446E-5 7.92918E-5 8.32744E-5 8.67566E-5 1.16283E-4 1.15931E-4 1.20197E-4 7.95923E-5 9.69905E-5 9.59387E-5 8.60069E-5 1.00912E-4 1.10286E-4 1.26332E-4 1.24145E-4 9.65769E-5 8.23578E-5 9.54379E-5 9.43707E-5 1.14651E-4 1.13511E-4 9.7514E-5 9.74747E-5 1.17174E-4 1.30809E-4 1.05693E-4 1.21956E-4 1.26082E-4 1.37415E-4 1.61935E-4 1.72167E-4 1.37144E-4 1.21347E-4 1.35643E-4 1.44045E-4 1.21777E-4 1.1357E-4 1.22742E-4 1.4429E-4 1.54322E-4 1.80359E-4 1.93167E-4 1.99034E-4 1.81705E-4 1.63112E-4
9.53918E-5 8.42041E-5 9.41459E-5 1.17446E-4 1.09855E-4 1.02028E-4 8.53848E-5 1.25543E-4 1.23767E-4 1.63387E-4 7.74813E-5 7.58034E-5 7.91482E-5 9.91909E-5 1.00682E-4 9.23777E-5 8.07289E-5 9.56638E-5 1.17605E-4 1.21167E-4 1.2926E-4 1.228E-4 1.07883E-4 9.70448E-5 8.71402E-5 1.00997E-4 1.19469E-4 1.01363E-4 1.12022E-4 1.33599E-4 1.0993E-4 8.68667E-5 9.55792E-5 1.16774E-4 1.20838E-4 1.1119E-4 1.00105E-4 9.36686E-5 1.31828E-4 1.56679E-4 1.09666E-4 1.20282E-4 1.40052E-4 1.51349E-4 1.53391E-4 1.64982E-4 1.71394E-4 1.45145E-4 1.76705E-4 1.79481E-4 1.53892E-4 1.58594E-4 1.79982E-4 1.84914E-4 1.87433E-4 1.72218E-4 1.58225E-4 2.0704E-4 1.77346E-4 1.71176E-4 1.92522E-4
1.24993E-4 1.19998E-4 9.53676E-5 1.07837E-4 1.16918E-4 1.29195E-4 7.82224E-5 1.24428E-4 1.34783E-4 1.44306E-4 9.26182E-5 9.59531E-5 1.02345E-4 1.03864E-4 1.02659E-4 9.74573E-5 9.45345E-5 1.0044E-4 1.31768E-4 1.33849E-4 1.36594E-4 1.30995E-4 1.13839E-4 1.1381E-4 1.03011E-4 1.38155E-4 1.5733E-4 1.37946E-4 1.16722E-4 1.51347E-4 1.13599E-4 1.01841E-4 1.07524E-4 1.03148E-4 1.11841E-4 1.16902E-4 9.47067E-5 1.23541E-4 1.79907E-4 1.83585E-4 1.2148E-4 1.40979E-4 1.70212E-4 1.85185E-4 2.04585E-4 2.03553E-4 1.88648E-4 1.92458E-4 2.45207E-4 1.94524E-4 2.09745E-4 2.13423E-4 2.38829E-4 2.33198E-4 1.91251E-4 1.85063E-4 1.61179E-4 1.8356E-4 2.04084E-4 2.02799E-4 1.78815E-4
1.05564E-4 1.37998E-4 1.15392E-4 9.29757E-5 1.19567E-4 1.08235E-4 9.82127E-5 1.03004E-4 1.56138E-4 1.34375E-4 1.79334E-4 9.45764E-5 8.45213E-5 1.03656E-4 1.00716E-4 1.16713E-4 9.78681E-5 1.1865E-4 1.52169E-4 1.69458E-4 1.46815E-4 1.14893E-4 1.13077E-4 1.24265E-4 1.1245E-4 1.63739E-4 2.07439E-4 1.47225E-4 1.3807E-4 1.49396E-4 2.01513E-4 2.07151E-4 1.71003E-4 8.79868E-5 9.09018E-5 1.02965E-4 1.44821E-4 1.43706E-4 2.53344E-4 2.13065E-4 1.30093E-4 1.44775E-4 1.97819E-4 2.24226E-4 2.51513E-4 2.25114E-4 2.67954E-4 2.39967E-4 2.72602E-4 2.27682E-4 1.98383E-4 1.74864E-4 1.96917E-4 1.9929E-4 1.91429E-4 1.85828E-4 1.88439E-4 1.76219E-4 1.94686E-4 2.33459E-4 1.93023E-4
9.86324E-5 1.17797E-4 1.32037E-4 1.15423E-4 1.14888E-4 1.34512E-4 1.16248E-4 7.92109E-5 1.00446E-4 1.14401E-4 1.20813E-4 8.31656E-5 8.50272E-5 1.0257E-4 9.92163E-5 1.12723E-4 1.20347E-4 1.77302E-4 2.45102E-4 1.69684E-4 1.31046E-4 1.34294E-4 1.65392E-4 1.70676E-4 1.43623E-4 1.52428E-4 1.47671E-4 1.93221E-4 1.84623E-4 1.90106E-4 1.27171E-4 1.28449E-4 1.09642E-4 9.02871E-5 1.43218E-4 1.69695E-4 2.03967E-4 1.43565E-4 2.36673E-4 1.49106E-4 1.39048E-4 1.50656E-4 2.26093E-4 2.50146E-4 2.98362E-4 2.34635E-4 3.0884E-4 3.20729E-4 3.03041E-4 2.07924E-4 1.974E-4 2.06427E-4 2.02028E-4 1.9952E-4 2.23833E-4 2.32468E-4 2.33206E-4 2.1751E-4 2.27618E-4 2.26917E-4 2.31942E-4
9.19573E-5 1.07073E-4 1.39651E-4 1.34894E-4 1.36407E-4 1.26894E-4 1.53489E-4 9.81528E-5 1.00697E-4 7.836E-5 1.29559E-4 8.72371E-5 8.86013E-5 9.38973E-5 1.31985E-4 1.56262E-4 1.6249E-4 1.49724E-4 2.13466E-4 1.81361E-4 1.38999E-4 1.52983E-4 2.29856E-4 1.79846E-4 1.2981E-4 1.21935E-4 1.42839E-4 1.65749E-4 1.82973E-4 2.20555E-4 1.47699E-4 1.11984E-4 1.05481E-4 1.26432E-4 2.41659E-4 2.31126E-4 1.72767E-4 2.07598E-4 2.43875E-4 1.65343E-4 1.67304E-4 1.54892E-4 2.07449E-4 2.86623E-4 3.6269E-4 2.74706E-4 3.17847E-4 3.6975E-4 4.11619E-4 2.75315E-4 2.55291E-4 2.48229E-4 2.37666E-4 2.8161E-4 3.53497E-4 3.71424E-4 2.9523E-4 2.87835E-4 3.99988E-4 4.05362E-4 4.51549E-4
1.18174E-4 1.02422E-4 1.08139E-4 1.13323E-4 1.34029E-4 1.47328E-4 1.64886E-4 1.52471E-4 9.01943E-5 9.59752E-5 1.02149E-4 9.94126E-5 1.00657E-4 1.20411E-4 1.80279E-4 1.84019E-4 1.99007E-4 1.69414E-4 2.07569E-4 1.59167E-4 1.41862E-4 1.68883E-4 2.3794E-4 1.64757E-4 1.59383E-4 1.51859E-4 1.95666E-4 1.75021E-4 1.93515E-4 2.44242E-4 2.39227E-4 1.46169E-4 1.36133E-4 1.7884E-4 2.61029E-4 2.98159E-4 1.83632E-4 2.0597E-4 2.74383E-4 1.64457E-4 1.53104E-4 1.93081E-4 2.34281E-4 3.04652E-4 3.03585E-4 3.18995E-4 3.42439E-4 2.75019E-4 2.74344E-4 2.90368E-4 2.83637E-4 2.61772E-4 3.28361E-4 4.40268E-4 3.41559E-4 3.07143E-4 3.86378E-4 3.36203E-4 3.87592E-4 4.29627E-4 4.53931E-4
1.17304E-4 1.37288E-4 1.13159E-4 1.10958E-4 1.31654E-4 1.33932E-4 1.26809E-4 1.52687E-4 1.04713E-4 1.23588E-4 1.3589E-4 2.09005E-4 1.08214E-4 1.29346E-4 1.34346E-4 1.99313E-4 1.98735E-4 2.3551E-4 2.0983E-4 1.74509E-4 1.54227E-4 2.3206E-4 1.88642E-4 1.66447E-4 1.75218E-4 2.154E-4 2.73727E-4 2.0192E-4 1.94472E-4 2.55926E-4 2.57465E-4 1.72016E-4 1.63341E-4 1.87015E-4 2.73644E-4 3.13627E-4 2.06382E-4 2.57121E-4 2.47649E-4 1.89206E-4 1.72321E-4 2.60665E-4 2.74744E-4 3.32424E-4 3.34451E-4 3.8663E-4 4.10111E-4 3.03138E-4 2.46246E-4 2.6591E-4 3.28996E-4 3.09977E-4 3.31319E-4 2.96885E-4 3.3506E-4 4.21498E-4 3.42626E-4 4.21053E-4 4.41151E-4 4.1033E-4 7.13092E-4
