Artocarpus hirsutus SDM files/MIS19/results (without bias file)/Arthir_stddev.asc
ncols         625
nrows         721
xllcorner     69.99986311115
yllcorner     5.99986187915
cellsize      0.041666667
NODATA_value  -9999
[rows 324 to 350 of 721, columns 244 to 304 of 625]
1.50622E-3 1.87794E-3 2.88155E-3 1.91162E-3 1.34583E-3 1.26332E-3 1.2778E-3 1.24448E-3 1.05413E-3 9.95802E-4 9.29459E-4 1.50362E-3 2.35308E-3 1.34441E-3 1.23678E-3 1.92629E-3 1.37452E-3 1.00492E-3 8.07873E-4 9.98929E-4 8.22745E-4 7.42594E-4 8.07683E-4 1.18095E-3 1.05847E-3 8.76844E-4 9.92935E-4 1.12157E-3 1.01006E-3 1.36595E-3 9.91919E-4 1.20309E-3 5.10651E-4 5.51829E-4 6.42831E-4 6.18333E-4 4.69368E-4 1.01163E-3 1.38953E-3 1.70212E-3 1.58446E-3 1.08875E-3 1.24747E-3 5.67175E-4 4.43434E-4 4.9101E-4 1.25234E-3 8.16934E-4 1.33349E-3 1.28872E-3 2.12116E-3 8.86412E-4 1.83534E-3 1.12075E-3 7.50995E-4 4.98732E-4 5.61384E-4 7.24948E-4 7.88456E-4 6.77223E-4 6.86642E-4
1.61062E-3 1.80101E-3 2.84505E-3 1.80026E-3 1.2387E-3 1.51667E-3 1.59862E-3 1.58188E-3 1.65645E-3 2.02189E-3 1.37427E-3 1.08398E-3 1.82461E-3 1.48845E-3 9.51135E-4 1.04143E-3 1.62685E-3 2.16809E-3 1.37657E-3 1.02722E-3 8.73172E-4 8.72227E-4 1.14309E-3 1.23414E-3 2.04129E-3 1.39821E-3 7.52659E-4 8.05449E-4 5.32921E-4 1.2473E-3 1.2037E-3 7.16446E-4 5.28161E-4 5.35294E-4 4.65426E-4 5.39259E-4 5.47454E-4 6.51818E-4 8.12788E-4 1.07974E-3 8.38742E-4 1.41254E-3 2.1233E-3 1.12268E-3 5.06821E-4 5.49713E-4 9.82321E-4 1.21104E-3 1.08108E-3 1.1908E-3 8.57242E-4 1.55937E-3 1.18129E-3 5.12602E-4 4.53104E-4 5.23173E-4 6.21594E-4 6.50023E-4 7.14026E-4 7.88805E-4 5.37742E-4
1.42933E-3 1.83415E-3 2.1978E-3 1.87095E-3 1.50229E-3 1.31176E-3 1.95587E-3 2.49819E-3 1.33482E-3 1.2429E-3 1.71029E-3 1.71524E-3 2.41975E-3 2.28928E-3 1.23779E-3 8.15409E-4 9.47522E-4 1.5462E-3 1.09837E-3 1.2271E-3 1.20375E-3 8.8106E-4 1.04066E-3 1.69477E-3 1.26082E-3 7.38761E-4 5.24833E-4 4.55934E-4 5.83488E-4 9.34175E-4 5.49081E-4 5.93835E-4 4.39089E-4 4.44073E-4 4.73174E-4 6.42118E-4 6.14487E-4 8.76128E-4 6.58053E-4 6.29789E-4 6.72298E-4 1.28324E-3 2.46071E-3 1.26955E-3 5.70791E-4 5.98477E-4 1.18787E-3 5.75983E-4 6.64095E-4 6.3325E-4 4.57955E-4 6.66523E-4 7.51482E-4 7.1615E-4 5.67631E-4 5.59122E-4 5.87865E-4 7.38215E-4 6.52616E-4 7.78629E-4 6.11525E-4
1.3036E-3 1.25088E-3 1.51135E-3 1.5685E-3 1.31477E-3 1.51526E-3 1.91351E-3 2.9992E-3 2.18608E-3 1.84781E-3 1.4274E-3 2.01921E-3 2.48736E-3 2.09121E-3 1.0732E-3 8.85326E-4 9.34859E-4 1.78131E-3 1.21214E-3 1.62884E-3 1.73197E-3 1.00037E-3 1.22435E-3 1.38848E-3 1.14913E-3 4.14252E-4 3.54946E-4 3.90646E-4 4.88707E-4 5.31645E-4 4.71953E-4 4.84668E-4 5.4179E-4 8.66009E-4 6.33658E-4 9.73312E-4 9.85438E-4 1.54603E-3 1.18093E-3 1.59899E-3 7.05351E-4 1.01886E-3 7.27013E-4 5.58306E-4 4.85919E-4 6.05397E-4 6.97137E-4 5.60677E-4 6.16088E-4 4.77935E-4 5.06105E-4 5.71398E-4 5.74784E-4 7.90731E-4 9.59513E-4 6.07203E-4 5.80669E-4 6.16491E-4 6.38331E-4 6.90201E-4 6.62328E-4
1.41644E-3 1.55528E-3 2.16785E-3 1.93015E-3 1.71342E-3 1.23679E-3 1.05811E-3 1.432E-3 2.13666E-3 2.13063E-3 9.35868E-4 1.89935E-3 2.83527E-3 2.15229E-3 1.01893E-3 9.88275E-4 1.83492E-3 1.7139E-3 1.01319E-3 1.68258E-3 2.29011E-3 1.77504E-3 1.34568E-3 8.19273E-4 4.39666E-4 4.38749E-4 5.40923E-4 4.89347E-4 5.39192E-4 5.31677E-4 5.83651E-4 5.70768E-4 5.33092E-4 5.75056E-4 6.08746E-4 9.84659E-4 9.70769E-4 1.52146E-3 1.52751E-3 1.54071E-3 9.2829E-4 6.9567E-4 4.03331E-4 4.70283E-4 5.5164E-4 5.27691E-4 5.71629E-4 5.64419E-4 5.10603E-4 5.66425E-4 6.09566E-4 6.30988E-4 6.43795E-4 7.34642E-4 6.5222E-4 6.30121E-4 7.29754E-4 6.97502E-4 6.39679E-4 6.83242E-4 6.2584E-4
1.34526E-3 1.32714E-3 2.45218E-3 2.19097E-3 1.8527E-3 1.86153E-3 1.42411E-3 8.24117E-4 9.19156E-4 1.67224E-3 1.68192E-3 1.0117E-3 2.76092E-3 2.18344E-3 8.21778E-4 6.86928E-4 1.00847E-3 2.05224E-3 8.80295E-4 8.00181E-4 7.28163E-4 9.99673E-4 1.09567E-3 7.3562E-4 5.6287E-4 4.69907E-4 5.0636E-4 6.0272E-4 1.30273E-3 9.77804E-4 1.19748E-3 9.46269E-4 5.98198E-4 6.21545E-4 6.22607E-4 6.04266E-4 6.05873E-4 6.49845E-4 6.35363E-4 9.44121E-4 1.18522E-3 4.94371E-4 5.31516E-4 4.93898E-4 6.47137E-4 5.17542E-4 6.57254E-4 6.45226E-4 4.90466E-4 5.21853E-4 6.07408E-4 7.22737E-4 7.84778E-4 8.67614E-4 6.69713E-4 5.70146E-4 5.70059E-4 6.70348E-4 6.9822E-4 6.29443E-4 6.07328E-4
1.32703E-3 2.21256E-3 2.85007E-3 2.07914E-3 1.98755E-3 2.82935E-3 1.46381E-3 1.09298E-3 1.18283E-3 1.33599E-3 1.79386E-3 1.46236E-3 1.92373E-3 1.85129E-3 8.31007E-4 8.5978E-4 8.422E-4 1.75202E-3 1.73236E-3 1.662E-3 1.27781E-3 1.54138E-3 1.83918E-3 1.27083E-3 1.11118E-3 1.00813E-3 5.30384E-4 4.89188E-4 7.2669E-4 7.27847E-4 1.4202E-3 8.59709E-4 6.23072E-4 6.42479E-4 6.95492E-4 6.8166E-4 6.11349E-4 5.55046E-4 5.43515E-4 5.59035E-4 5.65072E-4 4.99501E-4 5.59388E-4 5.23107E-4 5.73429E-4 5.53054E-4 5.94676E-4 5.79722E-4 5.04291E-4 5.8555E-4 6.50043E-4 8.31499E-4 1.09589E-3 7.59991E-4 5.91977E-4 4.26725E-4 6.07936E-4 6.7271E-4 6.67826E-4 5.57375E-4 5.37075E-4
2.43376E-3 2.60371E-3 2.13484E-3 1.66843E-3 1.59638E-3 2.04529E-3 1.24478E-3 9.36101E-4 1.27276E-3 1.59269E-3 1.06273E-3 2.19875E-3 2.44382E-3 2.1333E-3 8.01932E-4 1.28761E-3 1.27588E-3 8.20138E-4 1.31977E-3 2.06799E-3 1.64958E-3 1.03993E-3 1.20306E-3 4.84048E-4 5.28632E-4 5.90781E-4 5.84127E-4 5.89007E-4 5.52219E-4 5.90722E-4 6.22878E-4 6.0461E-4 6.45401E-4 7.15846E-4 7.1474E-4 6.96949E-4 6.71543E-4 5.86006E-4 5.37681E-4 5.515E-4 5.34563E-4 5.22706E-4 5.95224E-4 5.46716E-4 6.08524E-4 5.32207E-4 5.34042E-4 5.25375E-4 4.82882E-4 5.37024E-4 5.68615E-4 5.7468E-4 1.45407E-3 5.01078E-4 3.88501E-4 4.54434E-4 6.25193E-4 5.5051E-4 5.20894E-4 5.36689E-4 5.51149E-4
1.80756E-3 2.02421E-3 1.88044E-3 1.33149E-3 1.70478E-3 1.47644E-3 1.16096E-3 1.00603E-3 1.05328E-3 1.09391E-3 8.02152E-4 7.82163E-4 1.10575E-3 2.09895E-3 1.45533E-3 1.91828E-3 1.72664E-3 1.6762E-3 6.37106E-4 9.52419E-4 1.69734E-3 1.41912E-3 6.09939E-4 4.43782E-4 5.74808E-4 5.28828E-4 5.64588E-4 6.02297E-4 6.21516E-4 6.20172E-4 6.41942E-4 6.9619E-4 6.20566E-4 6.63984E-4 6.91339E-4 6.48619E-4 6.88809E-4 6.69099E-4 5.41663E-4 5.39096E-4 4.7674E-4 5.34435E-4 5.37515E-4 5.33541E-4 5.60589E-4 5.51207E-4 4.54126E-4 5.25374E-4 4.70858E-4 4.61268E-4 5.09165E-4 5.08024E-4 4.99762E-4 4.39278E-4 4.30546E-4 5.05288E-4 5.85383E-4 5.93968E-4 4.82582E-4 4.83311E-4 8.49007E-4
1.16094E-3 1.78403E-3 2.02558E-3 1.25549E-3 1.6079E-3 2.00597E-3 1.63621E-3 9.84897E-4 1.08813E-3 1.0542E-3 1.22885E-3 7.35728E-4 7.14156E-4 1.01565E-3 1.96501E-3 2.18409E-3 2.03544E-3 1.72937E-3 1.21631E-3 7.02506E-4 1.15404E-3 1.74828E-3 7.86247E-4 9.82306E-4 5.33576E-4 5.44105E-4 5.83357E-4 6.14365E-4 6.43765E-4 6.77679E-4 6.83402E-4 7.40462E-4 6.75033E-4 6.47064E-4 6.29264E-4 6.12189E-4 6.27688E-4 6.27688E-4 5.79214E-4 5.35495E-4 4.81551E-4 4.81251E-4 5.18009E-4 5.71725E-4 5.07756E-4 5.18257E-4 4.51587E-4 5.20405E-4 4.56608E-4 4.43205E-4 4.84102E-4 4.08799E-4 3.73525E-4 4.28613E-4 4.43614E-4 5.63312E-4 4.76658E-4 4.79106E-4 4.91392E-4 4.20581E-4 6.00862E-4
1.34724E-3 2.07697E-3 1.30368E-3 1.26925E-3 1.45687E-3 2.22725E-3 2.18479E-3 1.32288E-3 1.42792E-3 8.58315E-4 1.28013E-3 1.55959E-3 5.99401E-4 6.54342E-4 7.29159E-4 8.0105E-4 6.19368E-4 7.81739E-4 9.0767E-4 8.89872E-4 1.01154E-3 1.14394E-3 5.3231E-4 6.15986E-4 4.81816E-4 5.86974E-4 6.10493E-4 6.29695E-4 6.13019E-4 6.63792E-4 6.28688E-4 6.88599E-4 6.73478E-4 6.04298E-4 5.69349E-4 5.59123E-4 6.03654E-4 5.48288E-4 5.33427E-4 5.21866E-4 5.21171E-4 4.69123E-4 4.58506E-4 5.20115E-4 4.35189E-4 5.46723E-4 4.52037E-4 4.48639E-4 4.49712E-4 4.18339E-4 4.76235E-4 3.71251E-4 4.12381E-4 6.23275E-4 4.6209E-4 5.08297E-4 5.1718E-4 4.49142E-4 4.0624E-4 3.91131E-4 5.07492E-4
8.25151E-4 7.83607E-4 1.21973E-3 1.21586E-3 1.42862E-3 1.34381E-3 2.19244E-3 2.22745E-3 1.39288E-3 7.42893E-4 9.24429E-4 1.57464E-3 8.63026E-4 6.03958E-4 7.3815E-4 7.40918E-4 6.7899E-4 6.13567E-4 7.8715E-4 1.1811E-3 1.21688E-3 9.17116E-4 9.77821E-4 1.1393E-3 4.46251E-4 5.82748E-4 6.37723E-4 6.15851E-4 6.2002E-4 5.66973E-4 5.99248E-4 6.37113E-4 6.53642E-4 6.54632E-4 5.47429E-4 5.47152E-4 5.37319E-4 5.00508E-4 5.2509E-4 5.08196E-4 4.56832E-4 4.49103E-4 4.2157E-4 4.57974E-4 4.13962E-4 4.9655E-4 4.81221E-4 4.23025E-4 3.82122E-4 3.81791E-4 4.55474E-4 3.49747E-4 3.7677E-4 4.11231E-4 4.59855E-4 4.20141E-4 4.41763E-4 4.09586E-4 3.83547E-4 3.99627E-4 4.52504E-4
2.52475E-3 1.48208E-3 2.27894E-3 1.33199E-3 1.80107E-3 1.1819E-3 1.50035E-3 2.6974E-3 1.45687E-3 7.00604E-4 1.07949E-3 1.70441E-3 9.86461E-4 7.92183E-4 6.15319E-4 6.62787E-4 7.54129E-4 7.90413E-4 7.19381E-4 1.18487E-3 1.44375E-3 1.08525E-3 6.46626E-4 6.09962E-4 4.50653E-4 5.1246E-4 5.64746E-4 5.77115E-4 5.71516E-4 5.57674E-4 5.84053E-4 5.72668E-4 5.46057E-4 6.11344E-4 5.76947E-4 4.91935E-4 4.75642E-4 4.75642E-4 5.00551E-4 4.53397E-4 4.62048E-4 4.34301E-4 3.91175E-4 3.85183E-4 4.15253E-4 4.4575E-4 4.83826E-4 4.05044E-4 3.58197E-4 3.72968E-4 4.16945E-4 3.33324E-4 3.85466E-4 4.45807E-4 4.32539E-4 3.30799E-4 3.77703E-4 4.34019E-4 4.01847E-4 3.3485E-4 4.17426E-4
1.97941E-3 2.48967E-3 2.09216E-3 1.34761E-3 1.47188E-3 1.40353E-3 9.44736E-4 1.30605E-3 1.63631E-3 9.92307E-4 1.65412E-3 8.25099E-4 6.79679E-4 6.57746E-4 8.54251E-4 6.38691E-4 6.48645E-4 7.16518E-4 7.48234E-4 7.99311E-4 1.00622E-3 9.51952E-4 3.88088E-4 4.49849E-4 5.19034E-4 5.76454E-4 5.44562E-4 5.69782E-4 5.39123E-4 5.16105E-4 5.33983E-4 5.53493E-4 5.14581E-4 5.51302E-4 6.06972E-4 5.16085E-4 4.74886E-4 4.36324E-4 4.40125E-4 4.13049E-4 4.32692E-4 4.57743E-4 4.09381E-4 3.53134E-4 4.07787E-4 4.04225E-4 4.35373E-4 3.95049E-4 3.40547E-4 3.45262E-4 3.83348E-4 3.33816E-4 3.50401E-4 3.80745E-4 3.97701E-4 3.20321E-4 3.12958E-4 4.00033E-4 4.09032E-4 3.31113E-4 3.4886E-4
8.80225E-4 1.51291E-3 2.6416E-3 1.7803E-3 1.37664E-3 2.27235E-3 1.41511E-3 8.44684E-4 1.34374E-3 1.65717E-3 1.96902E-3 6.98783E-4 3.367E-4 5.54218E-4 9.70609E-4 8.04473E-4 6.14715E-4 7.3204E-4 9.57657E-4 7.96974E-4 6.0034E-4 7.55361E-4 4.77792E-4 3.83782E-4 5.2103E-4 5.53543E-4 5.4925E-4 5.63761E-4 5.61087E-4 5.15253E-4 4.87514E-4 5.1135E-4 4.67429E-4 4.96775E-4 5.07873E-4 4.91206E-4 4.89421E-4 4.96818E-4 4.62533E-4 4.50128E-4 3.78483E-4 3.56866E-4 3.88603E-4 3.41998E-4 3.73895E-4 3.74516E-4 3.78336E-4 3.75876E-4 3.48749E-4 3.20456E-4 3.4844E-4 3.22348E-4 3.83368E-4 3.69665E-4 3.54624E-4 2.88396E-4 3.08202E-4 3.33007E-4 3.88505E-4 3.61309E-4 3.08769E-4
8.19339E-4 1.2009E-3 9.51856E-4 1.43602E-3 1.52848E-3 2.38103E-3 2.79719E-3 8.24985E-4 5.56796E-4 1.069E-3 1.7872E-3 6.15966E-4 2.49598E-4 6.57161E-4 1.41641E-3 7.52655E-4 6.05096E-4 8.75038E-4 1.10153E-3 7.08291E-4 2.89865E-4 6.19891E-4 4.9822E-4 3.98181E-4 4.54956E-4 5.25777E-4 5.7026E-4 5.4394E-4 5.51411E-4 5.31023E-4 5.18235E-4 4.62826E-4 4.30639E-4 4.54433E-4 4.37558E-4 4.70506E-4 4.49099E-4 4.2791E-4 4.30705E-4 4.47004E-4 4.0059E-4 3.52016E-4 3.67962E-4 3.62497E-4 3.36704E-4 3.49361E-4 3.36046E-4 3.58208E-4 3.24876E-4 3.53618E-4 3.29046E-4 2.74473E-4 3.13845E-4 3.16615E-4 3.52131E-4 2.95462E-4 2.63196E-4 2.75474E-4 3.54239E-4 3.42878E-4 2.97559E-4
8.40727E-4 9.52223E-4 6.72633E-4 1.32087E-3 1.8867E-3 1.42072E-3 2.02751E-3 6.00551E-4 4.79758E-4 1.16289E-3 1.69512E-3 6.77562E-4 2.55339E-4 5.8087E-4 1.08045E-3 8.26665E-4 6.48649E-4 8.44069E-4 8.84136E-4 6.63828E-4 2.64582E-4 3.96128E-4 4.05515E-4 4.27928E-4 4.57597E-4 5.08146E-4 4.70557E-4 5.46958E-4 5.24606E-4 5.10978E-4 5.20627E-4 5.09545E-4 4.54033E-4 4.0202E-4 4.00988E-4 4.08725E-4 3.88932E-4 3.89489E-4 3.70557E-4 4.02975E-4 3.85755E-4 3.71605E-4 3.40514E-4 3.33065E-4 3.24389E-4 3.31669E-4 2.92441E-4 3.19542E-4 2.89352E-4 3.21842E-4 3.45655E-4 2.78578E-4 2.56964E-4 2.89869E-4 3.42744E-4 3.32845E-4 2.63196E-4 2.76225E-4 3.28628E-4 3.08584E-4 2.63863E-4
1.05942E-3 8.68629E-4 9.18778E-4 1.62722E-3 2.61374E-3 1.04741E-3 2.48157E-3 1.03651E-3 4.34357E-4 9.4335E-4 1.7662E-3 9.24271E-4 2.02225E-4 3.91021E-4 9.6129E-4 8.86856E-4 6.40986E-4 6.97686E-4 6.03287E-4 3.38933E-4 3.8795E-4 3.50252E-4 4.41167E-4 5.06756E-4 5.17106E-4 5.01142E-4 4.73694E-4 4.49575E-4 5.53042E-4 4.91672E-4 4.45916E-4 4.85763E-4 4.37213E-4 4.02575E-4 3.93149E-4 4.0088E-4 3.81265E-4 3.50284E-4 3.5376E-4 3.62155E-4 3.81337E-4 3.30737E-4 3.2105E-4 3.62788E-4 3.82866E-4 3.57773E-4 3.16488E-4 3.1836E-4 2.67544E-4 3.49937E-4 3.34873E-4 3.15073E-4 2.56687E-4 2.79171E-4 2.97949E-4 2.70008E-4 2.71892E-4 2.5193E-4 2.82837E-4 2.87395E-4 2.95332E-4
8.77633E-4 9.73454E-4 1.00373E-3 8.81483E-4 7.48492E-4 1.01947E-3 1.39716E-3 6.24078E-4 1.51868E-3 1.26801E-3 1.42133E-3 4.68214E-4 2.53637E-4 5.54647E-4 7.8666E-4 8.24843E-4 6.74791E-4 7.72874E-4 4.09674E-4 3.40023E-4 3.38479E-4 3.55245E-4 4.32899E-4 5.06433E-4 5.49711E-4 5.1205E-4 4.68225E-4 4.3028E-4 4.62412E-4 4.58466E-4 4.32185E-4 4.8207E-4 4.72345E-4 4.3831E-4 3.88083E-4 3.44782E-4 3.44059E-4 3.42794E-4 3.24706E-4 3.39021E-4 3.13754E-4 3.229E-4 3.60973E-4 3.71297E-4 3.12835E-4 3.19772E-4 2.93456E-4 2.87914E-4 2.67544E-4 2.72612E-4 2.76375E-4 2.97858E-4 2.68636E-4 2.45946E-4 2.63441E-4 2.78553E-4 2.57012E-4 2.6994E-4 2.59942E-4 2.78674E-4 3.03601E-4
9.263E-4 9.20276E-4 9.21208E-4 8.76412E-4 8.07133E-4 7.45432E-4 7.78386E-4 1.17926E-3 2.06405E-3 1.48231E-3 1.4244E-3 3.58031E-4 2.96508E-4 6.54313E-4 8.9304E-4 7.62435E-4 8.97928E-4 6.56463E-4 3.42087E-4 4.06424E-4 5.35834E-4 3.14001E-4 4.30256E-4 4.4071E-4 4.82249E-4 4.76614E-4 4.89197E-4 4.28811E-4 4.31856E-4 4.34622E-4 4.14573E-4 4.05837E-4 4.49099E-4 4.19038E-4 4.09739E-4 3.71588E-4 3.39652E-4 3.50038E-4 3.6584E-4 3.47838E-4 3.46138E-4 3.4292E-4 3.57523E-4 3.09805E-4 2.84924E-4 2.90168E-4 2.99698E-4 3.0813E-4 2.93658E-4 2.73627E-4 2.53587E-4 2.48966E-4 2.51874E-4 2.45946E-4 2.17165E-4 2.23121E-4 2.14721E-4 2.137E-4 2.27885E-4 2.39637E-4 2.39817E-4
9.53589E-4 1.06553E-3 1.1098E-3 9.41137E-4 9.74897E-4 1.11853E-3 8.28148E-4 1.6977E-3 2.26082E-3 1.18205E-3 9.00716E-4 2.02907E-4 4.26023E-4 8.56385E-4 8.61993E-4 6.78497E-4 9.33544E-4 5.03235E-4 3.02018E-4 3.0533E-4 4.92103E-4 3.40714E-4 3.88882E-4 4.19701E-4 4.4742E-4 4.58154E-4 4.9251E-4 4.80624E-4 4.19949E-4 4.06147E-4 3.95399E-4 4.11552E-4 3.99036E-4 3.95958E-4 3.33187E-4 3.32496E-4 3.3772E-4 3.40066E-4 3.74164E-4 3.90292E-4 3.4098E-4 3.43989E-4 3.11524E-4 2.76839E-4 2.78824E-4 3.31434E-4 3.30214E-4 2.92159E-4 2.5728E-4 2.70686E-4 2.61501E-4 2.68071E-4 2.50494E-4 2.47957E-4 2.26286E-4 2.52178E-4 2.21302E-4 2.18375E-4 2.47759E-4 2.30653E-4 2.6892E-4
8.69948E-4 1.02352E-3 1.02653E-3 1.02854E-3 1.01655E-3 1.22238E-3 6.77458E-4 9.91131E-4 2.17286E-3 1.68073E-3 1.01671E-3 1.79392E-4 4.03807E-4 8.99448E-4 1.13726E-3 6.55329E-4 8.87412E-4 3.33915E-4 3.28372E-4 3.37146E-4 4.37599E-4 4.01179E-4 3.96759E-4 3.29366E-5 4.54849E-4 4.2776E-4 4.43891E-4 4.48023E-4 4.36154E-4 4.0589E-4 3.84194E-4 3.75472E-4 3.70815E-4 3.69227E-4 3.55722E-4 3.52468E-4 3.43868E-4 3.82822E-4 3.49827E-4 3.80667E-4 3.42047E-4 3.00107E-4 2.80236E-4 3.14941E-4 2.92061E-4 3.49472E-4 3.02983E-4 2.52755E-4 2.72842E-4 2.88312E-4 3.04993E-4 2.88934E-4 2.44445E-4 2.2451E-4 2.76438E-4 2.46092E-4 2.02457E-4 2.19621E-4 2.36628E-4 2.15957E-4 2.40002E-4
1.01089E-3 1.21331E-3 9.31751E-4 8.90883E-4 8.34756E-4 8.20226E-4 5.29688E-4 7.217E-4 6.06332E-4 1.60702E-3 1.74832E-3 2.20505E-4 5.79478E-4 8.04738E-4 1.15076E-3 7.1015E-4 7.44351E-4 3.31403E-4 3.54074E-4 2.64832E-5 3.09286E-5 2.83044E-5 3.15316E-5 3.39922E-5 4.47222E-4 4.20561E-4 3.98549E-4 4.30892E-4 3.88416E-4 3.68017E-4 3.86307E-4 3.63844E-4 3.6928E-4 3.60685E-4 3.19376E-4 3.37128E-4 3.13138E-4 3.43649E-4 3.96883E-4 3.50167E-4 2.96E-4 2.99074E-4 3.32215E-4 2.84823E-4 3.06505E-4 3.00382E-4 2.64538E-4 2.58384E-4 3.17016E-4 2.89367E-4 2.91838E-4 2.52297E-4 2.22335E-4 2.37131E-4 2.68409E-4 2.34682E-4 2.31295E-4 2.84752E-4 3.18499E-4 2.6059E-4 1.78515E-4
1.02234E-3 1.29092E-3 9.69912E-4 8.67502E-4 8.26357E-4 7.7783E-4 6.4677E-4 4.64462E-4 4.6591E-4 6.67716E-4 7.63181E-4 2.44075E-5 6.15661E-4 9.13792E-4 1.14901E-3 4.15889E-4 3.52829E-4 2.33934E-5 4.65555E-4 2.26656E-5 2.77498E-5 3.5289E-5 3.7945E-5 3.81216E-5 3.50851E-5 4.10094E-4 3.92683E-4 3.81817E-4 4.1533E-4 3.67345E-4 4.07173E-4 3.94229E-4 4.14876E-4 3.79675E-4 3.18172E-4 3.0243E-4 3.28975E-4 3.58441E-4 3.76279E-4 3.31152E-4 3.38941E-4 3.12093E-4 2.90448E-4 2.97847E-4 2.95831E-4 2.79505E-4 2.77298E-4 2.91499E-4 3.17695E-4 2.97771E-4 2.77647E-4 2.49763E-4 2.38283E-4 3.02531E-4 3.46696E-4 2.92016E-4 3.64212E-4 1.86516E-4 3.88183E-4 3.0819E-4 2.24099E-4
9.24837E-4 1.04432E-3 7.95381E-4 8.31198E-4 6.87259E-4 7.14834E-4 7.18338E-4 4.67813E-5 3.84709E-5 3.94393E-5 3.37386E-5 4.65839E-5 8.0184E-4 9.41501E-4 1.14101E-3 3.27726E-4 2.34561E-5 2.50649E-5 2.7074E-5 2.86622E-5 2.85589E-5 3.24923E-5 3.58021E-5 4.29193E-5 4.03624E-5 4.85368E-4 4.52432E-4 3.83195E-4 3.57202E-4 3.93245E-4 4.21838E-4 4.25397E-4 3.94166E-4 3.59688E-4 3.13301E-4 2.94787E-4 3.30112E-4 3.28141E-4 3.37614E-4 3.73735E-4 3.7429E-4 3.07162E-4 3.18884E-4 3.10075E-4 2.66986E-4 2.83601E-4 3.11394E-4 3.14129E-4 2.8032E-4 2.64407E-4 2.40797E-4 2.56221E-4 3.60939E-4 4.2554E-4 3.6039E-4 2.74369E-4 2.66863E-4 2.00033E-4 1.76793E-4 2.93439E-4 3.64091E-4
8.72952E-4 7.05915E-4 7.30663E-4 7.54966E-4 7.62309E-4 5.88547E-4 6.56542E-4 4.78543E-5 4.79414E-5 4.59211E-5 5.11214E-5 9.70217E-4 7.94926E-4 1.00276E-3 7.64413E-4 3.21409E-4 2.37863E-5 2.19524E-5 2.94122E-5 3.14606E-5 3.14046E-5 3.02458E-5 3.26325E-5 3.20298E-5 3.83501E-5 3.58209E-5 4.30826E-4 3.66311E-4 3.51045E-4 3.65147E-4 4.17665E-4 4.14982E-4 3.48968E-4 3.11209E-4 3.19244E-4 3.1058E-4 3.15525E-4 3.43143E-4 3.67785E-4 3.79709E-4 3.94408E-4 3.09124E-4 3.10198E-4 2.89048E-4 2.58708E-4 2.9521E-4 3.02298E-4 2.76381E-4 2.81316E-4 2.4748E-4 2.89165E-4 3.76623E-4 4.17955E-4 3.70601E-4 3.73073E-4 4.70021E-4 2.87336E-4 2.85254E-4 1.45808E-4 1.71822E-4 3.54922E-4
6.31928E-4 6.62489E-4 7.66091E-4 8.48713E-4 7.2175E-4 5.25994E-4 5.00126E-4 4.22342E-5 4.21333E-5 4.31364E-5 4.83484E-5 6.86702E-4 6.99917E-4 7.03973E-4 2.30523E-5 2.79565E-5 2.29837E-5 2.48849E-5 2.74994E-5 3.19145E-5 3.19314E-5 3.01985E-5 3.01985E-5 3.06669E-5 3.0065E-5 2.94839E-5 3.21458E-5 3.80233E-4 3.42946E-4 3.35777E-4 4.12223E-4 3.86258E-4 3.4711E-4 3.05591E-4 3.14997E-4 3.19397E-4 3.09561E-4 3.19543E-4 3.40243E-4 3.47745E-4 3.76783E-4 3.70312E-4 3.416E-4 2.98312E-4 2.70858E-4 3.04026E-4 2.98031E-4 2.67587E-4 2.6904E-4 2.73821E-4 3.2703E-4 4.80129E-4 4.21542E-4 2.67456E-4 2.27041E-4 3.79055E-4 4.97372E-4 5.14004E-4 1.58262E-4 1.86869E-4 2.81836E-4
