Artocarpus hirsutus SDM files/MIS19/results (without bias file)/Arthir_max.asc
ncols         625
nrows         721
xllcorner     69.99986311115
yllcorner     5.99986187915
cellsize      0.041666667
NODATA_value  -9999
[rows 162 to 188 of 721, columns 488 to 548 of 625]
4.70218E-4 5.55182E-4 6.22036E-4 6.08167E-4 5.96103E-4 5.80034E-4 5.16362E-4 5.47796E-4 4.95429E-4 5.47151E-4 4.71663E-4 4.86444E-4 5.3243E-4 4.67572E-4 4.53348E-4 4.58951E-4 4.2662E-4 4.19231E-4 4.38716E-4 4.49638E-4 3.97809E-4 3.69078E-4 3.44884E-4 3.54724E-4 3.5066E-4 3.50013E-4 3.48602E-4 3.46446E-4 3.47898E-4 3.23607E-4 3.21097E-4 3.28897E-4 3.23662E-4 3.57512E-4 3.43879E-4 3.19718E-4 3.0976E-4 3.04957E-4 3.08788E-4 3.6932E-4 3.52103E-4 3.40675E-4 2.98336E-4 3.12707E-4 3.45211E-4 3.92622E-4 5.66917E-4 5.43185E-4 5.94548E-4 5.42879E-4 6.25509E-4 7.09101E-4 9.0707E-4 8.52857E-4 9.02822E-4 9.49838E-4 1.11177E-3 1.04108E-3 1.22881E-3 1.3225E-3 1.58852E-3
5.09348E-4 5.18724E-4 5.29351E-4 5.39918E-4 5.46915E-4 5.2283E-4 5.20087E-4 5.82508E-4 5.23323E-4 5.62965E-4 4.67681E-4 4.69423E-4 6.76885E-4 4.57055E-4 4.77386E-4 6.18676E-4 4.58076E-4 3.96472E-4 3.96227E-4 5.91615E-4 5.02499E-4 3.68146E-4 3.63071E-4 3.53024E-4 5.14798E-4 3.44816E-4 4.23166E-4 4.38054E-4 3.4032E-4 3.81447E-4 3.16743E-4 3.35487E-4 3.88021E-4 3.62389E-4 3.2549E-4 4.38812E-4 3.35828E-4 3.52688E-4 3.27859E-4 2.74365E-4 2.98723E-4 4.70309E-4 4.51846E-4 3.61873E-4 3.52693E-4 4.046E-4 3.72506E-4 4.12398E-4 4.13142E-4 4.33575E-4 4.7772E-4 4.66798E-4 8.90519E-4 9.68296E-4 1.05866E-3 9.94591E-4 9.88605E-4 1.25349E-3 1.3398E-3 1.37265E-3 1.52583E-3
6.1557E-4 5.75587E-4 5.88727E-4 6.2907E-4 6.31879E-4 6.48317E-4 6.33417E-4 6.13971E-4 6.25063E-4 6.18442E-4 5.08224E-4 4.54741E-4 6.49475E-4 4.47891E-4 4.71201E-4 6.14148E-4 4.71051E-4 4.15332E-4 4.19959E-4 5.25933E-4 5.06063E-4 3.9887E-4 3.574E-4 3.45935E-4 5.51606E-4 3.75062E-4 3.87407E-4 4.60215E-4 3.33186E-4 3.67401E-4 4.14561E-4 4.27356E-4 4.33209E-4 3.83491E-4 3.15775E-4 4.70859E-4 4.43354E-4 4.4973E-4 3.40726E-4 3.05755E-4 3.00716E-4 5.18467E-4 5.22596E-4 4.77562E-4 5.08102E-4 5.93512E-4 5.58339E-4 4.83515E-4 5.23761E-4 6.17254E-4 7.11897E-4 7.24523E-4 7.28467E-4 9.50293E-4 1.06236E-3 1.11419E-3 1.05662E-3 1.34327E-3 1.43177E-3 1.41367E-3 1.28331E-3
6.82703E-4 6.7504E-4 6.71423E-4 6.76864E-4 5.31692E-4 6.90823E-4 6.13112E-4 5.07757E-4 5.42338E-4 6.98791E-4 6.20286E-4 4.91169E-4 6.22058E-4 4.6676E-4 4.61132E-4 5.59557E-4 4.39192E-4 4.34599E-4 4.10226E-4 6.02996E-4 5.80449E-4 3.70545E-4 4.08569E-4 3.6535E-4 4.13084E-4 4.07715E-4 4.15845E-4 5.09192E-4 4.19624E-4 3.48936E-4 3.7165E-4 3.20153E-4 2.91968E-4 3.21771E-4 3.07198E-4 3.39571E-4 4.15748E-4 5.02177E-4 4.487E-4 3.27198E-4 2.63839E-4 3.58635E-4 4.13153E-4 4.3261E-4 5.04607E-4 5.76635E-4 6.5122E-4 6.03902E-4 5.65999E-4 6.19657E-4 6.13848E-4 6.39453E-4 4.94664E-4 5.42963E-4 7.88334E-4 9.63179E-4 1.12035E-3 1.43388E-3 1.67345E-3 1.66417E-3 1.59108E-3
5.12585E-4 5.46482E-4 6.09058E-4 6.99082E-4 5.52972E-4 6.96841E-4 6.23715E-4 5.40302E-4 4.76811E-4 6.15803E-4 7.25975E-4 5.94919E-4 5.70445E-4 5.22937E-4 5.23796E-4 5.5924E-4 4.37974E-4 4.33508E-4 4.03658E-4 5.61713E-4 5.69916E-4 4.05198E-4 3.56414E-4 4.06222E-4 5.76718E-4 4.35407E-4 3.15889E-4 3.98424E-4 4.12535E-4 3.33557E-4 3.07297E-4 3.47148E-4 3.5675E-4 4.16209E-4 3.80449E-4 2.73291E-4 3.20766E-4 3.64292E-4 4.65309E-4 3.54084E-4 2.8316E-4 3.53634E-4 3.57593E-4 2.94328E-4 4.08313E-4 5.35263E-4 5.92401E-4 6.1079E-4 5.57415E-4 6.15351E-4 6.72625E-4 5.92945E-4 6.11104E-4 6.39441E-4 6.02084E-4 6.0336E-4 6.8094E-4 1.02108E-3 1.24685E-3 1.42883E-3 1.65848E-3
5.23118E-4 4.95056E-4 7.36319E-4 7.53085E-4 7.73594E-4 7.1334E-4 6.72746E-4 6.15455E-4 5.06872E-4 6.29883E-4 7.18831E-4 6.91086E-4 6.84891E-4 7.19248E-4 6.7511E-4 6.73439E-4 5.88966E-4 4.76077E-4 4.29247E-4 5.15282E-4 4.92549E-4 3.74722E-4 4.31346E-4 3.79459E-4 4.23051E-4 5.05701E-4 3.9227E-4 4.03208E-4 4.3115E-4 4.20134E-4 3.78295E-4 3.50584E-4 2.9291E-4 3.92315E-4 4.02254E-4 3.00628E-4 2.81384E-4 4.35734E-4 4.03081E-4 4.1288E-4 2.91041E-4 2.76079E-4 3.82043E-4 3.76027E-4 2.2713E-4 3.75858E-4 4.99826E-4 5.37553E-4 4.01756E-4 4.12024E-4 4.57916E-4 4.1492E-4 5.96129E-4 6.15725E-4 9.18197E-4 6.31127E-4 8.48428E-4 7.04781E-4 7.7783E-4 8.84732E-4 1.23574E-3
5.21982E-4 4.93222E-4 6.07441E-4 6.60634E-4 7.45338E-4 8.16799E-4 7.38312E-4 6.89668E-4 5.37897E-4 6.32762E-4 7.92386E-4 7.10397E-4 6.13096E-4 7.21561E-4 7.03827E-4 7.47923E-4 7.5957E-4 5.90993E-4 4.73154E-4 5.9304E-4 5.27299E-4 4.25777E-4 4.06876E-4 4.07591E-4 5.04086E-4 4.96999E-4 4.88492E-4 4.99468E-4 4.98755E-4 5.08019E-4 4.35178E-4 3.7027E-4 2.99668E-4 3.651E-4 4.11558E-4 3.13916E-4 3.02186E-4 4.10695E-4 4.73854E-4 4.37065E-4 3.48552E-4 3.02971E-4 2.88789E-4 3.86926E-4 4.54886E-4 3.54095E-4 4.11541E-4 4.37145E-4 4.86728E-4 4.19489E-4 4.38914E-4 6.89187E-4 7.88474E-4 5.90225E-4 1.09647E-3 8.38189E-4 7.1251E-4 8.95004E-4 9.27079E-4 1.07812E-3 1.42677E-3
6.19076E-4 5.52432E-4 5.9662E-4 6.69242E-4 6.81774E-4 7.42725E-4 7.17958E-4 8.38099E-4 7.56546E-4 6.18852E-4 6.48892E-4 7.38239E-4 6.05003E-4 6.06671E-4 5.24921E-4 6.16493E-4 7.39891E-4 7.5957E-4 7.35484E-4 6.77462E-4 6.38963E-4 6.20067E-4 5.8981E-4 5.06481E-4 4.97744E-4 4.12954E-4 3.86505E-4 3.85569E-4 3.72461E-4 3.20331E-4 3.25731E-4 2.92307E-4 3.38776E-4 3.96555E-4 3.21713E-4 3.3347E-4 3.10902E-4 3.20034E-4 4.72825E-4 4.83467E-4 3.75447E-4 2.95143E-4 2.81408E-4 3.41329E-4 4.53979E-4 4.36852E-4 3.97257E-4 4.83535E-4 4.48628E-4 4.67387E-4 4.86311E-4 5.00423E-4 4.83563E-4 5.18898E-4 9.30079E-4 1.11923E-3 8.78618E-4 8.21427E-4 1.08317E-3 1.02328E-3 1.05396E-3
5.9736E-4 5.52642E-4 5.64534E-4 5.67297E-4 6.15884E-4 7.11415E-4 6.77195E-4 6.26037E-4 6.26603E-4 7.16664E-4 6.57142E-4 5.92498E-4 5.47769E-4 5.54903E-4 5.79089E-4 5.52746E-4 5.27381E-4 5.24962E-4 6.24732E-4 6.42221E-4 6.09036E-4 7.01683E-4 7.10339E-4 6.43E-4 6.24061E-4 5.26455E-4 4.52206E-4 4.05862E-4 4.06803E-4 3.91728E-4 3.59491E-4 3.37963E-4 3.54639E-4 4.32642E-4 3.40882E-4 2.77288E-4 3.19962E-4 2.68187E-4 3.55446E-4 3.90419E-4 3.42535E-4 2.69736E-4 2.85482E-4 2.79948E-4 3.55083E-4 5.76006E-4 5.21112E-4 4.5717E-4 4.984E-4 5.40503E-4 5.2618E-4 5.62865E-4 5.03771E-4 5.91439E-4 5.42555E-4 7.29194E-4 9.94027E-4 1.13934E-3 1.41919E-3 1.58548E-3 1.17805E-3
6.28006E-4 6.29923E-4 6.90703E-4 6.92832E-4 9.28776E-4 7.99951E-4 7.23316E-4 6.95065E-4 6.62969E-4 6.85514E-4 8.60245E-4 7.7192E-4 6.49749E-4 6.21005E-4 6.56629E-4 5.77043E-4 7.48588E-4 6.49599E-4 7.61327E-4 7.21758E-4 5.97118E-4 5.48838E-4 5.88045E-4 5.37195E-4 5.86396E-4 6.23678E-4 6.17633E-4 6.04343E-4 5.26287E-4 4.35655E-4 3.50666E-4 3.98328E-4 4.73197E-4 4.02457E-4 3.29286E-4 3.07694E-4 3.38962E-4 2.66746E-4 3.09742E-4 4.03627E-4 3.55269E-4 2.7971E-4 2.91454E-4 3.85191E-4 4.04729E-4 4.87932E-4 5.04386E-4 5.1779E-4 5.26088E-4 6.13762E-4 5.29375E-4 4.67459E-4 5.58629E-4 5.13167E-4 6.40345E-4 6.50771E-4 8.98795E-4 1.13709E-3 1.32287E-3 1.32102E-3 1.10515E-3
6.02444E-4 6.60717E-4 6.35725E-4 6.17033E-4 7.95075E-4 7.74468E-4 7.10041E-4 6.74185E-4 7.0878E-4 6.45323E-4 7.7449E-4 7.73481E-4 8.40543E-4 8.7551E-4 8.71296E-4 6.79576E-4 5.43371E-4 5.61651E-4 4.85657E-4 6.50504E-4 6.48683E-4 5.50681E-4 4.83684E-4 5.03184E-4 4.03217E-4 4.52286E-4 4.19018E-4 4.95299E-4 5.33482E-4 5.94501E-4 4.81151E-4 4.48497E-4 5.1856E-4 4.70898E-4 4.36273E-4 4.29518E-4 3.8791E-4 3.04468E-4 4.09703E-4 3.07078E-4 3.64763E-4 3.10216E-4 3.24813E-4 4.22222E-4 4.82833E-4 4.65257E-4 5.18342E-4 5.2952E-4 5.28988E-4 6.3184E-4 7.11817E-4 6.98348E-4 7.32245E-4 7.14169E-4 8.05611E-4 7.6194E-4 8.62793E-4 8.40808E-4 8.01118E-4 9.38083E-4 1.19496E-3
7.81999E-4 6.67905E-4 6.53207E-4 6.93821E-4 7.66285E-4 7.22558E-4 6.58044E-4 7.72406E-4 7.85164E-4 6.72496E-4 8.8508E-4 7.36065E-4 8.16786E-4 8.90253E-4 8.04083E-4 9.22199E-4 8.35678E-4 8.88762E-4 5.68411E-4 5.06228E-4 5.29856E-4 5.19606E-4 5.76095E-4 5.93479E-4 4.87973E-4 5.52857E-4 4.5234E-4 4.92209E-4 4.01092E-4 4.18371E-4 4.50722E-4 5.15995E-4 5.3846E-4 5.04898E-4 4.14907E-4 3.67391E-4 3.60521E-4 3.45342E-4 4.31723E-4 3.61399E-4 3.51329E-4 3.1924E-4 2.62131E-4 3.34062E-4 3.57834E-4 3.31925E-4 3.75453E-4 4.26914E-4 3.64656E-4 4.13886E-4 4.93947E-4 4.98125E-4 5.80253E-4 6.65233E-4 8.60169E-4 8.89051E-4 8.52171E-4 8.4579E-4 1.07178E-3 1.0823E-3 1.34025E-3
7.99718E-4 7.10654E-4 7.55688E-4 6.85829E-4 7.1389E-4 6.63411E-4 8.62366E-4 7.30412E-4 7.40861E-4 8.27407E-4 9.08104E-4 8.04391E-4 7.33109E-4 6.83904E-4 6.27682E-4 5.78365E-4 5.90156E-4 7.58629E-4 8.15198E-4 7.29293E-4 7.94256E-4 6.20401E-4 7.22627E-4 6.58294E-4 6.83719E-4 6.74613E-4 6.45092E-4 6.45092E-4 5.30185E-4 5.53034E-4 5.60793E-4 5.03234E-4 4.94674E-4 5.85382E-4 5.4848E-4 4.05288E-4 3.80169E-4 3.83754E-4 4.59172E-4 4.39136E-4 4.55733E-4 3.80702E-4 2.79246E-4 3.30151E-4 4.14509E-4 3.65838E-4 3.60118E-4 4.64855E-4 4.48309E-4 4.26961E-4 6.28726E-4 5.54466E-4 7.25871E-4 6.95464E-4 6.87731E-4 8.70044E-4 9.5751E-4 1.15897E-3 1.35871E-3 1.42225E-3 1.25703E-3
7.57827E-4 7.61561E-4 7.76883E-4 7.13386E-4 9.76498E-4 7.69296E-4 1.03714E-3 8.02441E-4 7.98846E-4 7.86744E-4 7.24004E-4 8.54447E-4 9.49916E-4 8.30601E-4 8.22686E-4 7.64777E-4 7.6134E-4 6.85916E-4 6.38191E-4 6.53458E-4 6.78399E-4 7.33131E-4 6.83041E-4 6.7894E-4 6.26757E-4 5.46336E-4 6.613E-4 7.46577E-4 6.72384E-4 5.67836E-4 5.11799E-4 4.14667E-4 4.16152E-4 6.10061E-4 5.87387E-4 5.00087E-4 4.24137E-4 4.55089E-4 4.90825E-4 4.9521E-4 4.62534E-4 3.35469E-4 3.27359E-4 4.19877E-4 4.2088E-4 3.66473E-4 3.64435E-4 4.491E-4 4.1324E-4 3.42837E-4 5.63629E-4 6.4546E-4 7.22466E-4 8.46863E-4 8.78256E-4 8.97483E-4 9.58168E-4 1.21554E-3 1.60558E-3 1.48007E-3 1.80126E-3
8.04655E-4 8.08842E-4 8.1737E-4 7.5863E-4 1.08316E-3 8.48375E-4 1.1376E-3 1.07321E-3 9.20431E-4 9.51568E-4 9.04454E-4 7.68587E-4 8.9875E-4 1.23297E-3 1.10377E-3 9.31009E-4 9.54423E-4 1.10734E-3 8.82209E-4 6.99852E-4 7.45761E-4 6.79602E-4 6.76517E-4 6.28389E-4 6.01734E-4 6.15084E-4 5.02409E-4 5.12756E-4 5.92496E-4 5.31837E-4 4.80406E-4 3.8824E-4 3.95523E-4 5.69193E-4 6.45552E-4 4.78663E-4 4.32748E-4 4.57285E-4 4.69174E-4 4.71466E-4 4.44816E-4 4.54108E-4 3.80373E-4 4.21072E-4 4.07753E-4 4.46071E-4 3.43041E-4 3.50812E-4 4.39562E-4 3.79656E-4 5.39862E-4 6.38127E-4 7.50958E-4 8.26549E-4 9.34154E-4 8.80817E-4 8.56241E-4 7.99912E-4 1.478E-3 1.78022E-3 2.07255E-3
1.04748E-3 9.92878E-4 9.49114E-4 9.1787E-4 9.20146E-4 9.10295E-4 1.11561E-3 1.22044E-3 1.06786E-3 1.17907E-3 1.14265E-3 8.91752E-4 1.01956E-3 1.17519E-3 1.14778E-3 1.04209E-3 1.13292E-3 1.12294E-3 1.18209E-3 8.58029E-4 7.81998E-4 7.77543E-4 7.81295E-4 6.84345E-4 6.49153E-4 6.39869E-4 5.9655E-4 5.99224E-4 5.48604E-4 4.98832E-4 4.9694E-4 4.53421E-4 3.73103E-4 4.80825E-4 6.35474E-4 5.1042E-4 4.92599E-4 4.67801E-4 3.58647E-4 3.57717E-4 4.93344E-4 5.30848E-4 4.93744E-4 4.75318E-4 4.62533E-4 4.67453E-4 3.98477E-4 3.98676E-4 4.38881E-4 4.14396E-4 4.28985E-4 4.00767E-4 5.95541E-4 6.18852E-4 8.19076E-4 9.69813E-4 1.03661E-3 1.05833E-3 1.11562E-3 1.75489E-3 2.16811E-3
1.05605E-3 1.07652E-3 1.08481E-3 1.21231E-3 1.34727E-3 1.27155E-3 1.1593E-3 1.36867E-3 1.17374E-3 1.11671E-3 1.20276E-3 1.15766E-3 1.38698E-3 1.20823E-3 1.15446E-3 1.0655E-3 1.11687E-3 1.1088E-3 9.61445E-4 8.81321E-4 8.7371E-4 1.04745E-3 1.03119E-3 1.01004E-3 9.13907E-4 7.73304E-4 6.89766E-4 6.36576E-4 5.79481E-4 5.68881E-4 5.23879E-4 4.84381E-4 3.9861E-4 5.38931E-4 6.234E-4 6.0523E-4 4.27378E-4 5.59087E-4 4.66972E-4 3.81925E-4 5.18189E-4 5.31101E-4 4.76838E-4 5.19201E-4 4.74622E-4 4.92909E-4 4.86279E-4 5.02728E-4 5.46406E-4 4.98425E-4 5.35631E-4 5.24989E-4 4.38879E-4 4.49284E-4 6.02136E-4 7.67252E-4 1.03019E-3 1.22709E-3 1.24348E-3 1.66723E-3 1.9387E-3
9.83457E-4 1.00084E-3 1.0436E-3 1.19388E-3 1.22121E-3 1.47439E-3 1.43659E-3 1.15147E-3 1.23724E-3 1.12786E-3 1.22372E-3 1.15921E-3 1.6439E-3 1.57372E-3 1.64525E-3 1.62676E-3 1.34349E-3 1.44778E-3 1.50521E-3 1.38066E-3 1.07725E-3 1.17422E-3 1.18973E-3 1.14725E-3 1.21977E-3 9.43961E-4 8.89767E-4 8.05142E-4 7.14299E-4 6.02389E-4 5.57758E-4 5.62855E-4 5.32285E-4 6.08949E-4 6.74473E-4 6.43408E-4 4.42027E-4 4.89203E-4 4.83227E-4 4.18262E-4 4.63404E-4 5.55801E-4 4.56243E-4 5.19284E-4 5.34764E-4 4.15916E-4 5.19344E-4 5.1769E-4 5.49552E-4 4.77212E-4 4.21421E-4 4.18891E-4 5.06868E-4 6.00329E-4 6.46354E-4 6.11453E-4 6.54283E-4 7.49E-4 8.86383E-4 1.02476E-3 1.53045E-3
1.09091E-3 9.85374E-4 1.07654E-3 1.13588E-3 1.13227E-3 1.37947E-3 1.51841E-3 1.43721E-3 1.30839E-3 1.23649E-3 1.43464E-3 1.351E-3 1.60545E-3 1.61688E-3 1.47139E-3 1.92658E-3 1.71964E-3 1.47257E-3 1.66314E-3 1.21289E-3 1.40799E-3 1.38124E-3 1.19487E-3 9.80702E-4 1.20616E-3 1.20025E-3 1.22685E-3 1.17594E-3 9.58913E-4 8.7914E-4 7.70718E-4 7.19223E-4 7.89076E-4 7.09378E-4 5.20563E-4 6.41741E-4 4.53852E-4 3.77281E-4 3.74823E-4 3.52236E-4 3.2756E-4 3.35649E-4 4.13795E-4 5.14455E-4 5.35017E-4 4.47696E-4 4.01151E-4 4.7211E-4 4.35308E-4 5.22943E-4 5.71773E-4 5.68481E-4 7.06677E-4 7.9276E-4 8.58254E-4 9.33395E-4 7.85763E-4 8.3906E-4 9.53309E-4 1.09201E-3 1.26779E-3
1.15688E-3 1.03044E-3 1.13971E-3 1.27549E-3 1.32235E-3 1.45972E-3 1.3924E-3 1.48198E-3 1.41369E-3 1.75574E-3 1.80314E-3 1.85583E-3 2.05791E-3 2.07948E-3 1.77946E-3 2.2086E-3 2.18842E-3 2.00733E-3 1.98181E-3 1.23969E-3 1.19082E-3 1.56748E-3 1.69037E-3 1.52294E-3 1.07638E-3 1.36031E-3 1.39188E-3 1.41939E-3 1.34514E-3 1.20723E-3 9.47433E-4 8.54818E-4 6.99239E-4 5.98131E-4 4.98125E-4 7.90844E-4 6.05018E-4 5.65218E-4 5.86321E-4 5.39381E-4 5.34778E-4 4.70998E-4 3.92124E-4 3.44778E-4 5.1618E-4 5.96696E-4 4.34947E-4 4.91589E-4 5.47132E-4 6.16927E-4 6.28516E-4 6.91043E-4 7.7374E-4 8.50627E-4 9.87972E-4 1.02936E-3 1.14676E-3 1.22125E-3 1.37251E-3 1.3211E-3 1.78248E-3
1.30856E-3 1.21786E-3 1.47195E-3 1.4567E-3 1.5817E-3 1.78462E-3 1.84603E-3 1.77536E-3 1.77226E-3 1.90142E-3 2.09962E-3 1.99588E-3 2.22009E-3 1.97854E-3 1.91451E-3 2.10357E-3 2.25099E-3 2.09856E-3 2.19272E-3 1.47864E-3 1.42182E-3 1.47225E-3 1.38548E-3 1.29593E-3 1.08518E-3 9.32705E-4 9.3902E-4 1.2508E-3 1.30057E-3 1.16285E-3 7.95132E-4 7.69152E-4 7.07573E-4 7.16135E-4 8.98779E-4 9.90384E-4 7.39177E-4 4.92529E-4 5.54309E-4 6.13085E-4 6.37138E-4 5.14735E-4 5E-4 4.8143E-4 3.74913E-4 3.84252E-4 3.88997E-4 4.32459E-4 4.87308E-4 5.35181E-4 5.49446E-4 6.52436E-4 6.35157E-4 5.66315E-4 7.43258E-4 1.0003E-3 1.22594E-3 1.54237E-3 1.72279E-3 1.73451E-3 2.17033E-3
1.40154E-3 1.24669E-3 1.6408E-3 1.92861E-3 2.06973E-3 2.04276E-3 2.20552E-3 2.19071E-3 2.02332E-3 1.79274E-3 1.61829E-3 1.49642E-3 1.51255E-3 1.73847E-3 2.13705E-3 2.11656E-3 2.15398E-3 2.39508E-3 2.34465E-3 1.72293E-3 1.59994E-3 1.9579E-3 2.1804E-3 2.0858E-3 2.04971E-3 1.70083E-3 1.04062E-3 1.2175E-3 1.38345E-3 1.30561E-3 1.18058E-3 1.08712E-3 1.07666E-3 1.06175E-3 7.63926E-4 1.05717E-3 8.63626E-4 5.6834E-4 5.59374E-4 6.21535E-4 5.47888E-4 4.51079E-4 4.50206E-4 3.8845E-4 3.51311E-4 3.85221E-4 3.3064E-4 3.97359E-4 3.49623E-4 3.30651E-4 3.66917E-4 3.73809E-4 4.54473E-4 5.70053E-4 5.88877E-4 7.14234E-4 9.14632E-4 1.34479E-3 1.74933E-3 1.73064E-3 1.88135E-3
1.30396E-3 1.23851E-3 1.56835E-3 1.63751E-3 1.75586E-3 1.63808E-3 1.46284E-3 1.3429E-3 1.46425E-3 1.66347E-3 1.98285E-3 1.86723E-3 2.12432E-3 1.85816E-3 1.77389E-3 2.83379E-3 2.92065E-3 2.84096E-3 2.66087E-3 2.2985E-3 2.06842E-3 1.88314E-3 2.60348E-3 2.10897E-3 1.79743E-3 1.37248E-3 1.59292E-3 1.72928E-3 1.58631E-3 1.14377E-3 1.1096E-3 1.14543E-3 1.11951E-3 9.42149E-4 9.65724E-4 1.20894E-3 1.05148E-3 7.04052E-4 6.14273E-4 8.40636E-4 7.67126E-4 4.99858E-4 4.82711E-4 4.30219E-4 4.88914E-4 4.65418E-4 4.82516E-4 4.48776E-4 4.86222E-4 4.80025E-4 5.26564E-4 5.29085E-4 6.63753E-4 7.85763E-4 1.00086E-3 1.09835E-3 1.29438E-3 1.18872E-3 1.90212E-3 2.35334E-3 2.02112E-4
1.24347E-3 1.34546E-3 1.30965E-3 1.32632E-3 1.41192E-3 1.53837E-3 1.58754E-3 1.70543E-3 1.95086E-3 2.37081E-3 2.85441E-3 2.61473E-3 2.72598E-3 2.71483E-3 2.09406E-3 3.18792E-3 3.51572E-3 3.32421E-3 3.17744E-3 2.88581E-3 2.33285E-3 2.5997E-3 2.66793E-3 1.42207E-3 1.70926E-3 1.53396E-3 1.55956E-3 1.76484E-3 1.47761E-3 1.1979E-3 1.01975E-3 9.49168E-4 1.0736E-3 1.09531E-3 7.79482E-4 1.24423E-3 1.08845E-3 7.49091E-4 6.01365E-4 8.87937E-4 8.23588E-4 6.23661E-4 7.20022E-4 4.94501E-4 6.75606E-4 6.20908E-4 6.63518E-4 6.93643E-4 7.08484E-4 7.75319E-4 8.61755E-4 8.39908E-4 9.5638E-4 1.01628E-3 1.05814E-3 1.38138E-3 1.44811E-3 1.36351E-3 1.9276E-3 2.16607E-3 2.54137E-3
1.26382E-3 1.43869E-3 1.55994E-3 1.86075E-3 1.86094E-3 1.61957E-3 1.91312E-3 2.04948E-3 2.18269E-3 2.16447E-3 3.1873E-3 3.53389E-3 3.43105E-3 3.99379E-3 3.75674E-3 2.67099E-3 3.96146E-3 4.22535E-3 3.75461E-3 3.39072E-3 2.23862E-3 2.57445E-3 2.34932E-3 2.32382E-3 2.21891E-3 2.1058E-3 1.73711E-3 1.68787E-3 1.87573E-3 1.82466E-3 1.58687E-3 1.1792E-3 9.92756E-4 9.73874E-4 9.37545E-4 1.48883E-3 1.30443E-3 7.03032E-4 6.46925E-4 9.48003E-4 1.02147E-3 7.30039E-4 8.77554E-4 6.85244E-4 7.79752E-4 7.36468E-4 7.11364E-4 8.19219E-4 9.0403E-4 8.24354E-4 9.28091E-4 9.92018E-4 1.15568E-3 1.25296E-3 1.26301E-3 9.86661E-4 1.01038E-3 1.17577E-3 1.33264E-3 1.67859E-3 2.02275E-3
1.26531E-3 1.49776E-3 2.03723E-3 2.09579E-3 2.06349E-3 2.24999E-3 2.34963E-3 2.34655E-3 2.51897E-3 2.73132E-3 2.647E-3 2.70044E-3 2.95742E-3 2.3417E-3 2.24353E-3 2.3655E-3 3.10405E-3 3.6023E-3 4.4108E-3 3.85166E-3 2.62077E-3 4.14706E-3 3.9266E-3 3.58095E-3 3.38225E-3 3.2472E-3 2.83413E-3 2.49512E-3 2.17127E-3 1.59189E-3 2.10462E-3 1.78725E-3 1.28611E-3 1.23301E-3 8.91413E-4 1.72248E-3 1.46408E-3 7.62643E-4 8.57065E-4 1.28851E-3 1.15878E-3 1.06239E-3 1.05141E-3 7.35017E-4 7.85814E-4 7.62807E-4 7.79482E-4 6.14659E-4 6.48415E-4 6.6685E-4 6.31971E-4 6.13546E-4 7.85899E-4 8.80546E-4 8.67606E-4 1.07321E-3 1.16761E-3 1.52982E-3 1.5624E-3 1.96458E-3 2.21701E-3
1.49334E-3 1.98366E-3 2.17979E-3 2.14631E-3 1.86569E-3 2.6236E-3 2.47804E-3 3.03025E-3 3.14973E-3 3.32677E-3 3.6639E-3 2.80009E-3 2.76833E-3 3.07536E-3 2.96336E-3 2.62577E-3 2.46119E-3 4.23968E-3 5.06084E-3 4.87667E-3 3.20683E-3 2.66533E-3 2.46174E-3 3.05286E-3 3.58327E-3 3.7589E-3 3.39629E-3 2.53476E-3 2.03594E-3 1.88262E-3 1.74048E-3 2.3114E-3 1.98336E-3 1.34288E-3 9.85094E-4 1.90432E-3 1.64658E-3 9.24974E-4 9.95682E-4 1.29166E-3 1.39249E-3 1.1979E-3 1.18626E-3 1.00559E-3 6.99961E-4 6.68837E-4 6.23193E-4 6.3843E-4 6.47173E-4 7.78279E-4 7.4785E-4 1.0343E-3 8.88422E-4 9.65728E-4 1.04416E-3 1.39065E-3 1.35331E-3 1.81325E-3 1.28478E-4 1.64297E-4 2.19349E-4
