Artocarpus hirsutus SDM files/MIS19/results (without bias file)/Arthir_9.asc
ncols         625
nrows         721
xllcorner     69.99986311115
yllcorner     5.99986187915
cellsize      0.041666667
NODATA_value  -9999
[rows 189 to 215 of 721, columns 122 to 182 of 625]
3.43716E-6 3.57182E-6 3.41158E-6 3.9137E-6 4.25596E-6 5.31684E-6 6.03441E-6 6.15495E-6 6.18116E-6 8.08808E-6 7.48014E-6 6.8083E-6 6.84226E-6 7.81762E-6 8.36733E-6 8.52905E-6 9.31862E-6 1.03249E-5 9.84274E-6 1.03884E-5 9.95048E-6 1.10824E-5 1.10133E-5 1.15662E-5 1.25837E-5 1.31497E-5 1.46421E-5 1.38311E-5 1.29038E-5 1.70728E-5 1.96881E-5 1.34613E-5 1.22586E-5 1.9563E-5 1.3608E-5 1.5006E-5 1.66163E-5 1.79885E-5 1.79885E-5 1.71416E-5 1.93757E-5 2.09436E-5 2.42756E-5 3.30964E-5 2.74306E-5 2.3276E-5 1.50769E-5 1.93402E-5 1.96429E-5 2.42266E-5 2.77028E-5 2.77233E-5 2.68142E-5 2.87702E-5 3.12741E-5 3.22451E-5 3.52946E-5 3.3132E-5 3.5981E-5 4.44569E-5 5.51314E-5
3.38327E-6 3.71652E-6 3.76979E-6 4.01567E-6 4.13051E-6 4.81472E-6 5.65596E-6 6.15346E-6 6.55181E-6 7.0832E-6 7.70569E-6 7.00933E-6 8.00848E-6 9.31862E-6 1.05685E-5 1.11042E-5 1.0948E-5 1.13925E-5 1.20913E-5 1.25294E-5 1.07548E-5 1.22088E-5 1.27482E-5 1.31344E-5 1.36677E-5 1.42824E-5 1.38551E-5 1.36711E-5 1.38077E-5 2.17743E-5 2.123E-5 1.38557E-5 2.16471E-5 1.7143E-5 1.39992E-5 1.50808E-5 1.69503E-5 1.72051E-5 1.84415E-5 1.74861E-5 1.9667E-5 2.24462E-5 2.77326E-5 2.84481E-5 3.65086E-5 1.60166E-5 1.61492E-5 1.94511E-5 2.45761E-5 2.42301E-5 2.36667E-5 2.33947E-5 2.32957E-5 2.67397E-5 2.65101E-5 2.80523E-5 2.93577E-5 3.02057E-5 3.51222E-5 4.83429E-5 5.26406E-5
3.33146E-6 3.69479E-6 3.80374E-6 4.21709E-6 4.9399E-6 5.36677E-6 6.2211E-6 5.97251E-6 6.20967E-6 7.26057E-6 7.89387E-6 9.19299E-6 1.03256E-5 1.23709E-5 1.47449E-5 1.52647E-5 1.96334E-5 1.08303E-5 1.33335E-5 1.31009E-5 1.16411E-5 1.1628E-5 1.71067E-5 1.47126E-5 1.38043E-5 1.44972E-5 1.62747E-5 2.00797E-5 1.91662E-5 1.54848E-5 1.51824E-5 2.37145E-5 1.68803E-5 1.37943E-5 1.44842E-5 1.7032E-5 1.77875E-5 1.89857E-5 2.13733E-5 2.04532E-5 2.24498E-5 2.26706E-5 2.6407E-5 2.87326E-5 3.78658E-5 1.48149E-5 1.7208E-5 2.04299E-5 2.25411E-5 2.22236E-5 2.3788E-5 2.20493E-5 2.13258E-5 2.14477E-5 2.28864E-5 2.60283E-5 2.73918E-5 3.00887E-5 3.36766E-5 3.91838E-5 4.85732E-5
3.41302E-6 3.51368E-6 3.85824E-6 4.2805E-6 4.74731E-6 5.31438E-6 5.83475E-6 6.10073E-6 6.45617E-6 7.59719E-6 8.33696E-6 9.41741E-6 1.16132E-5 1.40437E-5 1.65141E-5 1.89557E-5 1.74583E-5 1.10393E-5 1.33681E-5 1.2124E-5 1.1595E-5 1.49945E-5 1.46192E-5 1.40523E-5 1.3193E-5 1.50332E-5 2.2031E-5 2.7624E-5 1.88465E-5 1.39728E-5 1.6085E-5 2.66955E-5 1.46267E-5 1.65312E-5 1.85729E-5 2.05107E-5 2.08191E-5 2.12375E-5 2.05299E-5 2.07448E-5 2.15651E-5 2.49618E-5 2.81495E-5 3.00482E-5 2.8116E-5 1.35972E-5 1.85042E-5 2.06217E-5 2.18679E-5 2.3788E-5 2.31224E-5 2.19427E-5 2.18497E-5 2.12379E-5 2.07436E-5 2.72096E-5 3.1858E-5 2.98403E-5 3.11414E-5 3.65377E-5 4.67889E-5
3.53433E-6 3.71167E-6 4.34967E-6 4.43021E-6 5.2163E-6 5.70001E-6 5.86421E-6 7.17771E-6 7.60241E-6 8.33696E-6 8.89171E-6 9.05682E-6 1.106E-5 1.35131E-5 1.40495E-5 1.73298E-5 2.77635E-5 1.21463E-5 1.17842E-5 1.06003E-5 1.13406E-5 1.5338E-5 1.80254E-5 2.23056E-5 1.32032E-5 1.56436E-5 2.27171E-5 2.91336E-5 1.31004E-5 2.03769E-5 2.34461E-5 2.44403E-5 1.68505E-5 1.93932E-5 1.95051E-5 2.26021E-5 2.13434E-5 2.13305E-5 2.17575E-5 2.22988E-5 2.55708E-5 2.58265E-5 2.89801E-5 3.67947E-5 2.38788E-5 1.52022E-5 1.85042E-5 2.34215E-5 2.73959E-5 2.34529E-5 2.24352E-5 2.03881E-5 2.01152E-5 2.25357E-5 2.54852E-5 2.46145E-5 2.74101E-5 2.82605E-5 3.02469E-5 3.48467E-5 4.3603E-5
3.8097E-6 4.00086E-6 4.43663E-6 4.5901E-6 5.56397E-6 5.92714E-6 5.92642E-6 6.90101E-6 7.49431E-6 9.20954E-6 1.08136E-5 1.05622E-5 9.00593E-6 1.058E-5 1.36858E-5 1.98833E-5 2.2851E-5 1.08743E-5 1.3085E-5 1.29188E-5 1.32633E-5 2.11205E-5 1.90507E-5 1.6307E-5 1.57518E-5 1.82145E-5 2.41702E-5 1.66191E-5 1.68112E-5 2.42578E-5 2.74433E-5 3.02899E-5 1.84808E-5 2.35743E-5 2.5735E-5 2.28104E-5 2.249E-5 2.34804E-5 2.61678E-5 2.45671E-5 2.62148E-5 2.69882E-5 2.97675E-5 3.46845E-5 2.22513E-5 1.64388E-5 2.38657E-5 2.46932E-5 2.5236E-5 2.36905E-5 2.3826E-5 2.29555E-5 2.32018E-5 2.244E-5 2.21233E-5 2.40874E-5 2.75302E-5 2.79638E-5 2.64934E-5 3.68066E-5 4.47011E-5
3.90529E-6 4.00086E-6 4.48099E-6 5.3248E-6 5.72841E-6 5.7277E-6 6.34377E-6 7.07388E-6 9.12692E-6 1.01058E-5 1.13768E-5 1.02593E-5 1.0713E-5 8.08151E-6 1.43239E-5 1.50837E-5 1.20193E-5 1.01098E-5 1.18713E-5 1.5054E-5 1.69763E-5 3.20112E-5 1.65462E-5 1.60548E-5 1.73443E-5 2.56478E-5 3.62674E-5 1.93804E-5 2.01394E-5 2.46225E-5 2.66413E-5 1.81791E-5 2.49738E-5 2.93131E-5 3.37723E-5 2.92189E-5 2.39296E-5 2.56024E-5 2.74407E-5 2.6921E-5 2.68081E-5 2.47045E-5 3.07984E-5 4.48113E-5 2.62815E-5 1.80391E-5 2.18466E-5 2.77463E-5 2.67586E-5 2.36905E-5 2.6061E-5 2.63406E-5 2.29748E-5 2.25383E-5 2.22337E-5 2.26966E-5 2.65577E-5 2.82434E-5 2.86353E-5 3.22481E-5 3.35573E-5
3.80422E-6 4.20156E-6 4.82644E-6 5.27526E-6 5.71125E-6 6.13987E-6 6.38447E-6 7.32356E-6 9.03488E-6 1.08313E-5 1.00212E-5 1.14815E-5 1.19304E-5 9.38907E-6 8.74292E-6 1.05785E-5 1.3513E-5 1.14719E-5 1.4261E-5 2.04045E-5 2.38622E-5 1.65712E-5 1.9892E-5 1.73039E-5 2.0996E-5 1.94172E-5 2.86283E-5 1.79311E-5 2.08492E-5 2.64812E-5 2.71266E-5 2.66132E-5 3.25764E-5 3.59426E-5 4.97796E-5 3.2289E-5 2.75687E-5 3.94911E-5 3.89061E-5 4.49854E-5 3.9708E-5 2.34108E-5 2.85061E-5 4.71317E-5 3.06435E-5 1.7348E-5 2.35728E-5 3.23439E-5 2.69319E-5 2.53898E-5 2.5535E-5 2.5175E-5 2.17603E-5 2.15603E-5 2.27799E-5 2.3024E-5 2.59236E-5 2.94541E-5 3.14218E-5 3.32251E-5 3.55139E-5
4.04047E-6 4.57073E-6 5.04689E-6 5.30336E-6 5.55064E-6 6.27049E-6 6.78246E-6 7.26003E-6 9.17791E-6 1.12711E-5 1.36534E-5 1.66576E-5 2.0005E-5 1.01415E-5 1.09497E-5 1.07604E-5 1.44149E-5 1.43407E-5 2.49711E-5 3.84667E-5 3.31102E-5 2.27373E-5 1.37853E-5 1.6056E-5 2.46022E-5 1.88447E-5 1.77749E-5 1.86962E-5 2.43411E-5 2.831E-5 2.8593E-5 3.27127E-5 3.733E-5 3.59643E-5 4.15121E-5 2.89704E-5 3.28111E-5 4.12589E-5 4.38941E-5 5.01806E-5 3.28508E-5 2.37628E-5 2.33376E-5 4.44784E-5 2.3688E-5 2.00675E-5 3.71635E-5 3.07538E-5 2.31329E-5 2.56469E-5 2.60325E-5 2.59221E-5 2.3743E-5 2.17759E-5 2.16833E-5 2.3024E-5 2.6167E-5 2.98759E-5 3.14218E-5 3.78864E-5 3.53377E-5
4.15873E-6 4.6621E-6 4.87157E-6 6.06044E-6 6.59821E-6 6.53209E-6 7.60908E-6 6.4611E-6 7.54336E-6 1.05604E-5 1.52011E-5 2.00931E-5 1.43185E-5 1.01157E-5 1.03879E-5 1.22804E-5 1.70219E-5 1.99731E-5 2.17104E-5 1.64918E-5 1.15481E-5 1.13017E-5 1.51966E-5 1.94789E-5 1.83928E-5 1.9128E-5 2.03898E-5 2.10076E-5 2.65242E-5 4.09562E-5 2.64134E-5 3.86218E-5 4.07858E-5 4.06819E-5 4.10303E-5 2.82758E-5 4.36068E-5 4.4078E-5 5.57263E-5 6.31211E-5 2.2379E-5 3.2643E-5 2.41055E-5 6.05291E-5 1.98842E-5 2.58427E-5 4.15506E-5 2.20181E-5 2.35597E-5 2.42735E-5 2.61623E-5 2.59221E-5 2.3966E-5 2.34108E-5 2.36591E-5 2.641E-5 2.70751E-5 3.10701E-5 3.15373E-5 3.70878E-5 4.19158E-5
4.20284E-6 4.52157E-6 4.99369E-6 6.48735E-6 6.9634E-6 7.49449E-6 7.32197E-6 6.37541E-6 7.057E-6 8.91723E-6 8.66854E-6 7.97101E-6 1.01842E-5 9.8026E-6 1.05701E-5 1.42902E-5 1.66866E-5 1.87494E-5 2.48801E-5 2.08413E-5 1.23207E-5 2.32791E-5 2.99749E-5 2.26626E-5 1.69541E-5 2.03796E-5 2.1924E-5 2.20333E-5 2.91245E-5 2.98369E-5 2.94945E-5 4.44118E-5 4.05044E-5 4.8619E-5 4.61397E-5 4.13266E-5 4.03237E-5 6.01586E-5 7.07526E-5 3.86639E-5 3.35798E-5 3.95633E-5 2.366E-5 4.89318E-5 2.30155E-5 3.23769E-5 3.83013E-5 2.06874E-5 2.59226E-5 2.54491E-5 2.75628E-5 2.74659E-5 2.74857E-5 2.41028E-5 2.38813E-5 2.73099E-5 2.8851E-5 3.10701E-5 3.37542E-5 3.52998E-5 3.93577E-5
4.61921E-6 4.72523E-6 5.39894E-6 6.26926E-6 7.10171E-6 8.19143E-6 9.51403E-6 1.20755E-5 8.67469E-6 7.70068E-6 9.30844E-6 7.52304E-6 7.07882E-6 1.01268E-5 1.35333E-5 1.9712E-5 2.01332E-5 2.30772E-5 3.4201E-5 2.04343E-5 1.38485E-5 1.86573E-5 1.43341E-5 1.45921E-5 1.78188E-5 2.04935E-5 2.7303E-5 2.34512E-5 3.0845E-5 3.36425E-5 4.14577E-5 4.16895E-5 4.02953E-5 6.40782E-5 6.10859E-5 2.92171E-5 2.52198E-5 4.6356E-5 2.95961E-5 2.21409E-5 3.88947E-5 2.84859E-5 2.44534E-5 3.01345E-5 2.50873E-5 3.75248E-5 2.77365E-5 2.59226E-5 2.7873E-5 3.16315E-5 4.24937E-5 3.08623E-5 2.72332E-5 2.44652E-5 2.41201E-5 2.45131E-5 3.01238E-5 2.94432E-5 3.47523E-5 3.49503E-5 3.97231E-5
4.573E-6 5.01859E-6 5.45621E-6 6.4494E-6 7.6704E-6 8.26552E-6 1.20933E-5 1.15306E-5 8.17505E-6 7.30264E-6 8.87811E-6 7.84467E-6 9.5542E-6 1.2433E-5 1.66247E-5 2.18799E-5 2.16222E-5 2.07441E-5 1.75201E-5 1.41507E-5 1.66162E-5 1.35882E-5 1.32964E-5 1.55943E-5 1.71137E-5 2.57647E-5 2.81472E-5 2.32373E-5 3.14587E-5 3.71431E-5 4.33469E-5 4.47763E-5 4.46778E-5 5.15737E-5 6.94733E-5 2.87286E-5 2.81493E-5 3.11092E-5 2.48039E-5 3.08779E-5 4.48588E-5 2.36822E-5 3.1019E-5 3.02803E-5 2.9559E-5 4.44904E-5 2.80953E-5 2.91062E-5 2.91062E-5 2.91453E-5 2.94234E-5 2.55959E-5 2.19393E-5 2.59222E-5 3.13317E-5 2.51125E-5 3.04249E-5 3.04249E-5 3.52285E-5 3.54507E-5 3.97231E-5
4.37852E-6 4.76304E-6 4.33325E-6 5.81538E-6 6.41487E-6 7.63005E-6 7.07037E-6 9.27595E-6 6.27166E-6 1.12305E-5 8.16031E-6 9.2647E-6 1.34304E-5 1.40109E-5 1.40343E-5 2.07478E-5 1.76589E-5 2.07897E-5 1.04387E-5 1.11679E-5 1.31977E-5 1.30183E-5 1.67846E-5 1.4849E-5 1.67765E-5 2.05674E-5 2.46351E-5 2.82162E-5 3.14044E-5 4.13631E-5 6.24692E-5 5.95285E-5 5.72851E-5 3.08822E-5 5.12609E-5 4.20652E-5 5.70478E-5 2.95493E-5 3.62633E-5 4.58706E-5 5.86867E-5 3.20685E-5 3.56951E-5 3.08465E-5 3.11549E-5 5.22803E-5 2.82564E-5 2.99839E-5 2.9855E-5 2.95813E-5 3.60818E-5 2.14672E-5 2.73209E-5 3.04094E-5 2.52093E-5 2.52378E-5 2.93779E-5 3.10364E-5 3.57327E-5 3.62699E-5 3.98644E-5
5.26096E-6 5.47893E-6 5.75756E-6 4.58478E-6 4.36997E-6 5.26327E-6 5.94528E-6 6.57035E-6 7.65729E-6 9.47279E-6 9.48407E-6 1.08414E-5 1.45902E-5 1.67985E-5 1.58806E-5 1.46649E-5 2.01691E-5 1.71782E-5 1.13976E-5 1.12089E-5 1.18233E-5 2.60437E-5 2.68446E-5 1.45485E-5 1.82297E-5 2.90424E-5 3.36138E-5 3.06366E-5 2.73865E-5 3.28095E-5 3.725E-5 4.60375E-5 5.86219E-5 3.31295E-5 4.17994E-5 6.8449E-5 3.41594E-5 3.31212E-5 4.39417E-5 4.35719E-5 3.60438E-5 3.33445E-5 3.38255E-5 3.50182E-5 3.26003E-5 3.26741E-5 2.93985E-5 3.15297E-5 3.01535E-5 3.27853E-5 3.49006E-5 2.65423E-5 2.54535E-5 2.24005E-5 2.557E-5 2.83279E-5 3.14674E-5 3.13112E-5 2.97983E-5 3.62785E-5 3.77154E-5
5.23584E-6 6.31858E-6 5.76797E-6 4.39645E-6 4.25092E-6 5.96553E-6 7.2323E-6 8.08796E-6 9.34402E-6 1.01683E-5 9.48664E-6 1.12609E-5 1.35398E-5 1.52129E-5 1.83135E-5 1.66807E-5 1.74415E-5 1.55042E-5 1.26827E-5 1.46699E-5 1.77289E-5 3.07753E-5 2.03877E-5 1.52325E-5 2.19725E-5 3.35092E-5 3.84898E-5 5.53976E-5 3.29255E-5 2.64909E-5 3.33028E-5 3.20146E-5 7.60862E-5 4.45189E-5 3.49507E-5 4.02446E-5 2.95046E-5 3.53059E-5 4.26578E-5 3.99689E-5 3.90491E-5 4.6911E-5 3.89916E-5 3.45521E-5 3.37555E-5 3.34276E-5 3.01162E-5 2.95666E-5 2.84556E-5 2.58176E-5 3.5122E-5 2.5312E-5 2.1186E-5 2.47171E-5 2.6457E-5 2.83537E-5 3.04939E-5 3.20575E-5 3.20575E-5 3.46519E-5 3.76745E-5
4.60364E-6 5.43755E-6 6.09693E-6 3.74949E-6 5.0516E-6 7.37786E-6 6.36999E-6 6.77825E-6 7.84563E-6 8.41139E-6 8.70418E-6 1.11293E-5 1.34058E-5 1.37187E-5 1.58278E-5 1.82411E-5 1.8778E-5 1.25065E-5 1.51177E-5 1.56274E-5 1.29189E-5 1.53534E-5 2.45659E-5 1.63063E-5 2.26205E-5 2.94734E-5 3.16231E-5 3.30372E-5 4.12432E-5 2.10193E-5 6.03707E-5 3.23352E-5 4.32878E-5 3.64063E-5 5.23713E-5 2.35787E-5 3.24333E-5 4.09754E-5 4.52094E-5 4.76317E-5 4.67926E-5 4.37636E-5 4.17385E-5 3.54223E-5 3.49246E-5 3.42949E-5 3.10279E-5 3.05913E-5 2.58176E-5 2.53277E-5 2.48716E-5 2.25687E-5 2.69335E-5 2.78878E-5 2.70874E-5 2.90467E-5 3.10843E-5 2.69692E-5 3.10843E-5 3.0646E-5 3.28412E-5
4.95757E-6 5.55324E-6 5.9153E-6 3.80683E-6 5.68619E-6 6.21865E-6 5.54718E-6 7.14695E-6 9.13891E-6 8.91978E-6 9.7472E-6 1.19754E-5 1.39998E-5 1.265E-5 9.93059E-6 1.22474E-5 1.7275E-5 2.19432E-5 1.99917E-5 1.23568E-5 1.18751E-5 1.27043E-5 1.40706E-5 2.47817E-5 3.27222E-5 4.3718E-5 2.245E-5 3.05376E-5 2.14513E-5 2.78853E-5 6.57785E-5 3.46814E-5 3.16234E-5 3.95075E-5 2.80165E-5 2.86875E-5 3.78708E-5 4.76317E-5 4.8792E-5 4.85499E-5 5.05476E-5 4.44836E-5 3.64387E-5 3.63144E-5 3.58102E-5 3.30253E-5 3.17852E-5 3.11826E-5 2.88332E-5 2.64518E-5 2.64715E-5 2.70181E-5 2.93919E-5 2.89777E-5 2.76118E-5 2.94724E-5 2.83071E-5 2.91285E-5 3.13724E-5 3.09301E-5 3.15288E-5
4.88414E-6 6.00565E-6 5.15138E-6 5.62193E-6 6.77462E-6 4.65506E-6 6.59704E-6 8.48526E-6 9.23029E-6 9.22886E-6 1.04201E-5 1.12283E-5 9.54574E-6 9.08943E-6 1.08832E-5 1.1755E-5 1.65097E-5 1.88634E-5 1.83147E-5 1.28579E-5 1.30183E-5 1.33276E-5 2.19355E-5 3.51753E-5 2.949E-5 2.47588E-5 3.85711E-5 2.5057E-5 2.21467E-5 2.59953E-5 3.34306E-5 2.31179E-5 8.66907E-5 7.18641E-5 4.96159E-5 3.29518E-5 4.34053E-5 4.76317E-5 5.37652E-5 5.65414E-5 6.21711E-5 3.38093E-5 3.16259E-5 3.29098E-5 3.26094E-5 3.09682E-5 3.19499E-5 3.0108E-5 2.95371E-5 2.70978E-5 2.82135E-5 2.78161E-5 2.91009E-5 2.91009E-5 2.91009E-5 2.6393E-5 2.87118E-5 2.82865E-5 2.80065E-5 3.19562E-5 3.43606E-5
4.58624E-6 4.95757E-6 5.83917E-6 6.69958E-6 5.78403E-6 4.95621E-6 6.41784E-6 7.99908E-6 8.19437E-6 1.08095E-5 1.04385E-5 8.20311E-6 8.55877E-6 9.66307E-6 1.14045E-5 1.35533E-5 1.45891E-5 1.57069E-5 1.51088E-5 1.68457E-5 1.63107E-5 1.4918E-5 3.07748E-5 2.87522E-5 1.9663E-5 2.56902E-5 3.94054E-5 2.54337E-5 2.45381E-5 3.53654E-5 6.38163E-5 4.05839E-5 7.76979E-5 4.32772E-5 4.28566E-5 3.45251E-5 4.23727E-5 4.92799E-5 5.7596E-5 5.04758E-5 3.74663E-5 3.29589E-5 3.34756E-5 3.69994E-5 3.35076E-5 3.15231E-5 3.1259E-5 3.09732E-5 3.17956E-5 3.15045E-5 3.13717E-5 2.86377E-5 3.23588E-5 3.00917E-5 2.79549E-5 2.78161E-5 2.93919E-5 2.91009E-5 3.03995E-5 3.22633E-5 3.29002E-5
3.59501E-6 3.59956E-6 4.50185E-6 5.15272E-6 5.35974E-6 5.87401E-6 8.19559E-6 9.32836E-6 8.74589E-6 9.13627E-6 9.17488E-6 7.91872E-6 9.07452E-6 1.03007E-5 1.13202E-5 1.29129E-5 1.43043E-5 1.62409E-5 1.82623E-5 1.57825E-5 1.42845E-5 1.61558E-5 1.93872E-5 2.23485E-5 2.10748E-5 3.82802E-5 2.313E-5 3.33499E-5 1.90686E-5 4.97189E-5 3.88299E-5 5.6435E-5 5.17787E-5 4.25148E-5 5.95909E-5 3.85899E-5 4.11593E-5 5.53648E-5 5.63066E-5 4.97681E-5 4.25928E-5 3.7283E-5 4.49169E-5 4.55005E-5 3.2735E-5 3.5144E-5 3.3675E-5 3.45166E-5 3.27343E-5 3.24346E-5 2.99044E-5 2.99044E-5 2.93371E-5 3.09805E-5 2.89066E-5 2.86204E-5 2.82344E-5 2.98118E-5 3.17447E-5 3.12745E-5 3.30515E-5
5.97183E-6 4.00139E-6 4.072E-6 4.92637E-6 5.9334E-6 7.00859E-6 7.83786E-6 7.87695E-6 6.56219E-6 7.53617E-6 8.34771E-6 8.38802E-6 9.33664E-6 1.05456E-5 1.10728E-5 1.36071E-5 1.57538E-5 1.94244E-5 1.79669E-5 1.59981E-5 1.37979E-5 1.20825E-5 1.46299E-5 1.66202E-5 2.35605E-5 2.82897E-5 1.92488E-5 3.04385E-5 2.19608E-5 3.88352E-5 3.79712E-5 2.39748E-5 2.59765E-5 3.50588E-5 5.8616E-5 3.20967E-5 4.49705E-5 5.59521E-5 4.2276E-5 3.56267E-5 3.4779E-5 4.00717E-5 4.58284E-5 3.16549E-5 3.18441E-5 3.43254E-5 3.50152E-5 3.31564E-5 3.28533E-5 2.98424E-5 2.92766E-5 3.04826E-5 3.03357E-5 3.23508E-5 2.98864E-5 2.90292E-5 2.87632E-5 3.06738E-5 3.26823E-5 3.31491E-5 3.74459E-5
4.16239E-6 4.05805E-6 4.00849E-6 5.73522E-6 6.31671E-6 7.17394E-6 7.42456E-6 6.36943E-6 7.83207E-6 8.17832E-6 8.26009E-6 9.85641E-6 1.08046E-5 1.22854E-5 1.37505E-5 1.63933E-5 2.10517E-5 2.99752E-5 1.23976E-5 1.56339E-5 1.41965E-5 1.4179E-5 1.38367E-5 1.78471E-5 1.94025E-5 2.91573E-5 2.20426E-5 2.47399E-5 2.45083E-5 3.68357E-5 4.14076E-5 1.74897E-5 2.16309E-5 4.30612E-5 4.08911E-5 5.58505E-5 5.21557E-5 6.33315E-5 3.59503E-5 4.6698E-5 4.82853E-5 4.76081E-5 4.33086E-5 3.13227E-5 3.31112E-5 3.55143E-5 3.64086E-5 3.3629E-5 3.11613E-5 3.07232E-5 3.02911E-5 3.23964E-5 3.17822E-5 3.10249E-5 3.27392E-5 3.07688E-5 3.30914E-5 3.33012E-5 3.34673E-5 3.36342E-5 3.52145E-5
4.7299E-6 3.638E-6 4.31231E-6 5.11624E-6 5.98591E-6 6.56469E-6 6.34474E-6 7.07165E-6 7.8348E-6 8.13899E-6 8.0469E-6 8.78578E-6 1.00726E-5 1.22092E-5 1.37307E-5 1.58149E-5 1.79099E-5 1.27946E-5 1.27743E-5 2.06449E-5 2.23123E-5 1.50491E-5 1.36915E-5 2.50226E-5 2.01925E-5 3.32112E-5 2.27394E-5 1.90567E-5 4.56949E-5 2.74949E-5 2.90453E-5 1.68708E-5 4.3854E-5 3.00462E-5 3.71763E-5 3.26419E-5 3.46545E-5 6.54634E-5 2.88901E-5 3.57288E-5 2.79556E-5 4.02943E-5 3.79265E-5 3.22467E-5 3.65343E-5 3.37232E-5 3.19573E-5 3.39653E-5 3.19217E-5 3.16108E-5 3.17684E-5 3.13217E-5 3.35189E-5 3.48938E-5 3.45284E-5 3.16772E-5 3.1208E-5 3.10531E-5 3.59717E-5 3.56156E-5 3.56156E-5
5.34819E-6 3.30937E-6 4.10191E-6 4.89003E-6 5.51622E-6 5.91872E-6 6.55757E-6 7.63144E-6 9.96449E-6 8.71995E-6 9.42804E-6 1.05955E-5 1.16767E-5 1.25069E-5 1.37909E-5 1.49907E-5 1.47042E-5 1.36604E-5 1.98317E-5 1.68823E-5 1.98079E-5 2.29402E-5 2.68165E-5 1.81319E-5 1.72431E-5 2.07177E-5 1.89658E-5 1.76772E-5 4.16284E-5 3.84991E-5 2.58606E-5 2.79301E-5 4.35171E-5 2.07294E-5 2.12386E-5 2.22368E-5 3.47883E-5 4.57097E-5 2.65917E-5 2.83066E-5 2.8056E-5 3.20574E-5 2.79608E-5 3.20447E-5 3.75284E-5 4.48444E-5 2.95377E-5 3.45944E-5 3.21966E-5 3.26807E-5 3.30587E-5 3.32236E-5 3.17483E-5 3.1458E-5 3.29135E-5 3.29135E-5 3.27502E-5 3.29135E-5 3.73756E-5 3.77493E-5 3.81267E-5
3.97438E-6 4.33756E-6 4.61802E-6 6.07024E-6 6.75739E-6 7.20248E-6 7.41516E-6 7.78638E-6 8.3753E-6 8.89144E-6 9.90135E-6 1.12318E-5 1.22627E-5 1.41221E-5 1.25048E-5 1.41247E-5 1.53411E-5 1.75918E-5 2.00852E-5 1.98656E-5 2.35148E-5 1.5207E-5 2.30732E-5 2.04723E-5 2.52779E-5 1.54615E-5 2.12011E-5 1.68392E-5 2.95137E-5 1.58573E-5 1.44412E-5 3.00658E-5 5.0397E-5 4.52088E-5 3.02552E-5 2.33568E-5 2.71116E-5 2.78932E-5 2.98514E-5 3.04514E-5 3.12182E-5 3.23244E-5 3.01976E-5 2.76673E-5 3.40251E-5 3.37351E-5 2.81182E-5 3.08808E-5 3.30999E-5 3.28229E-5 3.266E-5 3.26851E-5 3.28481E-5 3.27102E-5 3.20657E-5 3.43681E-5 3.38645E-5 3.37167E-5 3.59029E-5 3.88634E-5 4.23835E-5
3.7349E-6 4.78166E-6 5.21839E-6 5.83828E-6 6.85899E-6 7.16242E-6 7.52521E-6 7.63411E-6 8.85402E-6 1.01446E-5 1.05973E-5 1.14007E-5 1.3327E-5 1.2079E-5 1.34443E-5 1.57963E-5 2.01734E-5 2.24655E-5 3.15516E-5 1.38367E-5 1.27116E-5 1.96036E-5 2.37988E-5 2.40617E-5 2.18128E-5 1.55966E-5 1.64776E-5 1.68894E-5 2.06533E-5 1.74807E-5 1.91715E-5 2.88519E-5 2.78687E-5 2.03669E-5 2.44263E-5 2.65396E-5 2.84013E-5 2.83842E-5 3.07314E-5 3.18203E-5 3.16625E-5 3.19598E-5 2.78524E-5 2.6418E-5 2.63077E-5 2.65707E-5 2.58143E-5 2.71483E-5 2.67669E-5 2.6502E-5 2.66341E-5 3.24729E-5 3.08173E-5 3.29866E-5 3.32963E-5 3.31311E-5 3.53609E-5 3.55373E-5 3.82198E-5 4.11661E-5 4.16028E-5
