Artocarpus hirsutus SDM files/MIS19/results (without bias file)/Arthir_1.asc
ncols         625
nrows         721
xllcorner     69.99986311115
yllcorner     5.99986187915
cellsize      0.041666667
NODATA_value  -9999
[rows 297 to 323 of 721, columns 122 to 182 of 625]
1.43402E-4 1.59063E-4 1.60682E-4 1.89693E-4 2.89208E-4 2.20103E-4 1.59818E-4 2.19581E-4 2.61791E-4 2.56859E-4 2.26802E-4 1.9956E-4 1.73297E-4 2.47049E-4 2.91258E-4 3.17445E-4 2.52678E-4 2.12478E-4 2.64846E-4 3.27747E-4 4.1758E-4 4.34443E-4 3.3844E-4 3.3261E-4 4.41083E-4 3.52694E-4 3.02175E-4 3.37234E-4 6.28056E-4 6.83094E-4 5.1131E-4 4.02956E-4 4.00617E-4 5.01272E-4 5.71736E-4 6.55087E-4 6.26984E-4 5.86416E-4 4.72706E-4 5.74669E-4 6.55768E-4 7.6673E-4 8.59753E-4 8.14421E-4 7.79751E-4 7.33902E-4 9.35924E-4 9.82393E-4 1.0193E-3 5.61757E-4 7.93198E-4 8.92861E-4 1.02793E-3 9.49627E-4 7.61364E-4 5.97409E-4 7.22349E-4 7.18026E-4 7.84806E-4 7.86331E-4 6.85878E-4
1.65873E-4 1.52121E-4 1.5376E-4 1.94676E-4 3.02387E-4 2.20958E-4 1.71203E-4 2.34332E-4 2.87602E-4 2.8426E-4 2.59208E-4 2.07213E-4 1.83021E-4 2.68075E-4 3.38074E-4 3.31232E-4 3.15051E-4 2.41338E-4 2.59606E-4 3.54415E-4 3.76392E-4 4.32421E-4 3.7469E-4 2.89989E-4 3.25956E-4 3.22386E-4 3.29066E-4 3.33498E-4 5.94332E-4 7.45143E-4 6.28466E-4 4.79595E-4 4.07955E-4 4.96269E-4 6.28559E-4 5.91682E-4 7.01967E-4 5.26684E-4 4.68766E-4 6.22153E-4 7.15336E-4 8.39353E-4 9.61879E-4 7.95756E-4 7.8977E-4 7.89471E-4 9.63189E-4 7.60994E-4 6.13365E-4 5.56821E-4 1.01765E-3 8.97982E-4 1.04274E-3 9.05915E-4 7.81247E-4 6.42825E-4 9.11071E-4 1.03832E-3 9.8399E-4 9.16244E-4 6.49828E-4
2.02009E-4 1.82203E-4 1.89478E-4 1.78982E-4 3.02949E-4 2.34535E-4 1.88237E-4 2.44104E-4 3.03505E-4 3.21874E-4 2.26233E-4 2.20554E-4 1.8542E-4 2.3896E-4 3.31781E-4 3.81133E-4 3.55797E-4 2.50768E-4 2.5436E-4 2.80599E-4 3.61673E-4 4.3805E-4 4.944E-4 5.18873E-4 4.17873E-4 4.21859E-4 3.77269E-4 3.15484E-4 4.70312E-4 7.29324E-4 7.74371E-4 5.11902E-4 3.93035E-4 4.27421E-4 6.19825E-4 7.31634E-4 6.70197E-4 5.36585E-4 4.91421E-4 5.58961E-4 6.66751E-4 8.36815E-4 9.12033E-4 9.07246E-4 8.72662E-4 8.89011E-4 9.70489E-4 8.49582E-4 6.83577E-4 6.6499E-4 8.03949E-4 8.78628E-4 9.52209E-4 1.02955E-3 8.71377E-4 8.53075E-4 7.81202E-4 6.32149E-4 8.54256E-4 7.32775E-4 6.25267E-4
1.652E-4 1.82006E-4 1.84746E-4 2.00098E-4 2.90285E-4 2.91163E-4 1.7445E-4 2.29061E-4 2.77632E-4 3.33839E-4 2.3968E-4 2.28939E-4 2.36892E-4 2.2078E-4 3.39233E-4 4.16539E-4 3.56794E-4 2.63589E-4 2.95218E-4 3.22705E-4 3.1404E-4 4.10821E-4 4.41257E-4 5.8933E-4 5.44099E-4 4.15587E-4 4.30543E-4 3.50933E-4 3.86472E-4 6.68945E-4 7.7259E-4 4.73524E-4 3.90924E-4 4.48262E-4 6.03544E-4 7.0362E-4 5.95812E-4 5.36653E-4 4.97385E-4 6.52798E-4 6.36594E-4 7.82131E-4 1.00221E-3 1.03743E-3 8.72662E-4 9.9777E-4 7.90489E-4 7.66654E-4 6.64309E-4 8.56459E-4 9.1112E-4 9.6983E-4 1.01373E-3 1.27253E-3 1.01681E-3 7.30964E-4 7.17652E-4 6.8594E-4 7.78592E-4 1.22755E-3 8.01125E-4
1.84649E-4 2.07084E-4 1.90679E-4 2.45772E-4 2.94292E-4 3.13E-4 2.12249E-4 1.7478E-4 2.74789E-4 3.49301E-4 2.46456E-4 2.33209E-4 2.19011E-4 2.4316E-4 3.57956E-4 4.22697E-4 4.01839E-4 2.93635E-4 3.43553E-4 3.42907E-4 3.17454E-4 3.90757E-4 4.80517E-4 5.8497E-4 5.01393E-4 4.60625E-4 3.97973E-4 3.47608E-4 4.06298E-4 6.21963E-4 6.9243E-4 4.82747E-4 4.37154E-4 5.54737E-4 6.46245E-4 6.72526E-4 5.91926E-4 5.21953E-4 5.48186E-4 7.51409E-4 7.03437E-4 7.80685E-4 9.91107E-4 1.0784E-3 8.87355E-4 7.39562E-4 7.61953E-4 7.34952E-4 8.43942E-4 1.12496E-3 1.2719E-3 1.10316E-3 1.28916E-3 1.47148E-3 1.09277E-3 9.1106E-4 8.89425E-4 6.98053E-4 9.24063E-4 9.28788E-4 6.21808E-4
1.77555E-4 1.78271E-4 2.05757E-4 2.90819E-4 2.68039E-4 3.07243E-4 2.05886E-4 1.82756E-4 2.73807E-4 3.48647E-4 2.81645E-4 2.18967E-4 2.21879E-4 3.33684E-4 4.14407E-4 4.36115E-4 3.845E-4 3.58985E-4 3.71695E-4 3.78039E-4 3.61564E-4 2.98676E-4 4.55419E-4 5.7849E-4 5.0341E-4 5.30208E-4 3.90653E-4 4.85835E-4 4.38814E-4 7.11946E-4 6.8762E-4 5.12382E-4 4.22028E-4 6.14208E-4 8.25784E-4 6.21092E-4 6.04486E-4 5.25777E-4 4.64267E-4 7.02225E-4 8.48861E-4 7.80685E-4 9.22864E-4 1.03743E-3 7.61856E-4 7.85454E-4 7.79776E-4 8.75154E-4 1.11664E-3 1.02545E-3 1.49144E-3 1.2197E-3 1.42686E-3 1.46512E-3 9.94397E-4 8.31522E-4 9.83021E-4 8.2499E-4 1.10909E-3 9.57617E-4 7.78645E-4
1.89413E-4 1.80938E-4 2.1675E-4 2.61945E-4 3.4028E-4 2.8248E-4 2.31339E-4 1.80062E-4 2.96895E-4 3.73799E-4 2.63432E-4 2.15738E-4 2.67074E-4 2.6974E-4 3.23918E-4 3.13028E-4 3.60667E-4 4.44838E-4 4.67214E-4 3.41367E-4 3.45823E-4 3.26174E-4 4.22879E-4 6.89489E-4 5.60995E-4 5.14279E-4 4.09817E-4 5.90012E-4 4.69558E-4 7.06589E-4 7.41062E-4 4.47242E-4 4.27468E-4 6.06524E-4 8.44072E-4 7.41663E-4 5.65495E-4 5.7609E-4 4.90047E-4 6.17139E-4 6.84948E-4 7.5963E-4 9.97553E-4 9.79791E-4 8.27387E-4 7.06921E-4 1.0521E-3 9.13219E-4 1.24073E-3 1.20236E-3 1.29537E-3 1.29555E-3 1.71281E-3 1.21792E-3 1.04552E-3 9.14449E-4 9.01518E-4 1.14979E-3 1.58481E-3 8.71363E-4 1.20786E-3
1.99093E-4 1.94142E-4 2.51786E-4 2.57021E-4 3.54421E-4 2.62247E-4 2.34373E-4 2.19406E-4 2.1166E-4 3.41856E-4 3.40049E-4 2.35217E-4 2.68566E-4 3.54154E-4 2.33839E-4 3.36764E-4 3.96802E-4 4.49234E-4 5.1176E-4 3.88276E-4 3.61602E-4 3.22561E-4 4.78585E-4 5.93625E-4 6.20967E-4 4.04956E-4 3.63642E-4 5.42925E-4 6.86478E-4 5.90691E-4 7.8617E-4 5.36614E-4 3.8273E-4 6.11794E-4 8.31027E-4 7.16116E-4 5.81419E-4 5.11246E-4 5.75204E-4 6.87362E-4 7.81692E-4 9.25912E-4 1.14741E-3 9.47647E-4 8.76128E-4 7.29515E-4 1.13485E-3 1.04225E-3 1.00221E-3 1.06637E-3 1.33474E-3 1.5316E-3 1.46619E-3 1.12088E-3 1.05571E-3 9.27484E-4 1.05839E-3 1.46718E-3 1.66432E-3 1.07996E-3 2.11812E-3
2.40181E-4 2.44857E-4 2.69197E-4 3.36087E-4 3.16849E-4 2.17555E-4 2.58125E-4 2.2583E-4 1.93583E-4 2.63214E-4 3.44574E-4 3.03315E-4 2.75515E-4 3.81478E-4 2.80978E-4 2.7056E-4 3.76356E-4 3.63774E-4 4.68751E-4 5.43358E-4 4.31287E-4 3.37566E-4 3.79214E-4 5.68127E-4 6.42594E-4 4.14407E-4 6.05314E-4 4.14244E-4 7.33073E-4 6.44738E-4 6.88301E-4 4.53792E-4 3.88457E-4 6.33617E-4 8.41783E-4 7.66718E-4 5.79264E-4 4.97302E-4 5.68072E-4 7.95007E-4 7.3006E-4 8.67019E-4 1.07168E-3 8.72083E-4 8.58509E-4 7.12012E-4 1.11374E-3 1.17092E-3 1.19347E-3 1.12496E-3 1.13822E-3 1.40529E-3 1.84378E-3 1.21807E-3 1.34704E-3 1.01997E-3 9.79386E-4 1.25195E-3 1.09231E-3 1.5016E-3 1.01585E-3
2.40311E-4 2.8921E-4 2.7589E-4 4.49521E-4 2.78768E-4 2.17527E-4 2.90983E-4 2.38591E-4 2.15383E-4 2.54655E-4 3.44807E-4 3.55526E-4 2.577E-4 3.9692E-4 3.51074E-4 2.85181E-4 2.78796E-4 3.58621E-4 4.24447E-4 5.86906E-4 4.16594E-4 4.22868E-4 4.01149E-4 4.78208E-4 6.91575E-4 5.84303E-4 5.9368E-4 4.29592E-4 6.67367E-4 8.40548E-4 5.94609E-4 4.92934E-4 4.33437E-4 6.4956E-4 7.44288E-4 7.55985E-4 5.63399E-4 4.75704E-4 5.63941E-4 7.73218E-4 8.39981E-4 9.03947E-4 1.01464E-3 9.54015E-4 8.28089E-4 7.45756E-4 1.16848E-3 1.42881E-3 1.28031E-3 1.49461E-3 1.29348E-3 1.77733E-3 1.40165E-3 1.14951E-3 1.36881E-3 1.36376E-3 1.02577E-3 9.52861E-4 8.53745E-4 1.06929E-3 8.77283E-4
2.43456E-4 2.53573E-4 2.90823E-4 3.46635E-4 2.50037E-4 2.37516E-4 2.9291E-4 2.3203E-4 2.31538E-4 2.43393E-4 2.86594E-4 3.84998E-4 2.71742E-4 2.86056E-4 4.09735E-4 4.05392E-4 2.68977E-4 3.49973E-4 4.35309E-4 5.66196E-4 5.384E-4 3.98508E-4 4.19337E-4 4.90433E-4 5.20666E-4 6.71185E-4 5.64091E-4 5.50746E-4 5.59823E-4 1.02431E-3 7.54665E-4 4.81175E-4 3.95815E-4 5.83786E-4 8.15728E-4 6.19202E-4 5.35562E-4 5.65504E-4 6.74896E-4 8.2256E-4 8.36322E-4 9.24082E-4 1.01499E-3 7.68237E-4 8.1433E-4 9.00598E-4 1.1902E-3 1.39494E-3 1.39102E-3 1.5855E-3 1.56784E-3 1.28327E-3 1.16238E-3 1.23897E-3 1.34254E-3 1.68251E-3 1.16836E-3 1.03187E-3 1.00076E-3 8.86341E-4 8.46652E-4
2.55262E-4 2.43233E-4 2.85093E-4 3.44973E-4 2.93041E-4 1.93274E-4 2.19192E-4 2.14153E-4 2.6711E-4 2.72426E-4 2.92507E-4 3.73093E-4 2.79418E-4 2.69562E-4 4.13256E-4 3.49193E-4 3.09107E-4 3.59166E-4 4.58423E-4 6.17007E-4 4.74645E-4 4.25085E-4 4.40496E-4 5.56286E-4 5.2521E-4 5.75515E-4 6.47317E-4 7.23655E-4 5.60355E-4 7.03168E-4 5.58258E-4 4.44714E-4 4.79655E-4 7.13737E-4 8.65212E-4 6.59584E-4 5.27066E-4 6.15575E-4 7.40732E-4 8.42554E-4 9.99714E-4 9.03975E-4 7.54108E-4 8.00932E-4 1.01746E-3 1.17409E-3 1.25486E-3 1.19133E-3 1.21728E-3 1.53798E-3 1.58671E-3 1.17754E-3 1.5261E-3 1.54474E-3 1.24781E-3 1.17219E-3 9.05517E-4 8.99331E-4 1.07466E-3 9.34276E-4 8.5772E-4
1.99044E-4 2.43263E-4 2.88484E-4 3.33021E-4 2.49929E-4 2.29613E-4 2.11381E-4 2.09535E-4 3.20781E-4 2.54808E-4 2.7165E-4 3.75289E-4 3.23261E-4 2.87534E-4 4.32138E-4 3.80654E-4 3.24497E-4 4.14422E-4 4.51593E-4 5.32051E-4 5.69169E-4 4.96223E-4 4.75955E-4 5.10274E-4 5.5217E-4 6.10218E-4 5.98995E-4 6.89529E-4 8.13379E-4 5.22201E-4 4.29321E-4 4.50951E-4 6.09941E-4 8.07833E-4 7.54872E-4 6.00767E-4 6.16694E-4 7.58482E-4 7.75656E-4 8.7887E-4 1.00151E-3 7.35945E-4 8.34032E-4 9.73416E-4 8.4164E-4 1.08263E-3 1.37694E-3 1.53219E-3 1.51203E-3 1.59562E-3 1.2525E-3 1.38294E-3 1.51098E-3 1.60491E-3 1.54375E-3 9.06196E-4 8.72771E-4 9.95461E-4 1.06478E-3 1.37372E-3 8.85876E-4
2.0508E-4 2.48744E-4 2.74383E-4 3.22117E-4 2.45627E-4 2.22646E-4 2.2855E-4 2.35172E-4 3.46475E-4 2.76806E-4 2.56266E-4 3.49094E-4 3.13217E-4 3.27739E-4 4.35411E-4 4.75848E-4 3.37667E-4 3.33608E-4 4.27678E-4 5.26225E-4 5.6555E-4 6.39567E-4 5.25506E-4 4.64261E-4 6.20372E-4 6.04424E-4 6.46095E-4 6.77419E-4 6.575E-4 4.8695E-4 4.48029E-4 4.97406E-4 6.76711E-4 7.79925E-4 7.86427E-4 5.81483E-4 7.11067E-4 8.10639E-4 7.31073E-4 8.60125E-4 7.66473E-4 6.89919E-4 9.41238E-4 1.05781E-3 8.70313E-4 1.08797E-3 1.23652E-3 1.66538E-3 1.54341E-3 1.29971E-3 1.13999E-3 1.39017E-3 1.16566E-3 1.62874E-3 2.37467E-3 8.98615E-4 8.76505E-4 8.94553E-4 1.19649E-3 1.03215E-3 1.45274E-3
2.20236E-4 2.37021E-4 2.57123E-4 3.06372E-4 2.42171E-4 2.58329E-4 2.34112E-4 2.24502E-4 3.2168E-4 2.7578E-4 2.59113E-4 3.34505E-4 3.0236E-4 3.0396E-4 4.26572E-4 4.57656E-4 3.63968E-4 3.53048E-4 3.78408E-4 4.76217E-4 5.34988E-4 5.93429E-4 5.93881E-4 4.62482E-4 6.04973E-4 6.46095E-4 7.74678E-4 4.85454E-4 4.77051E-4 5.03945E-4 4.32659E-4 8.15108E-4 7.56934E-4 7.56934E-4 5.717E-4 6.07109E-4 7.21994E-4 8.9178E-4 7.83927E-4 6.70407E-4 7.69324E-4 8.31531E-4 9.37751E-4 8.84874E-4 1.05655E-3 9.44209E-4 1.24265E-3 1.3939E-3 9.14788E-4 9.04431E-4 1.10276E-3 1.09756E-3 8.38428E-4 1.40097E-3 2.49305E-3 9.44736E-4 9.32026E-4 9.7598E-4 9.99759E-4 9.28911E-4 1.04385E-3
1.9195E-4 2.34564E-4 2.3787E-4 2.97063E-4 3.00331E-4 2.73414E-4 2.16537E-4 2.25603E-4 3.35111E-4 2.55591E-4 2.67425E-4 3.33265E-4 3.55954E-4 2.82751E-4 3.98675E-4 4.52987E-4 3.68045E-4 3.63013E-4 4.39327E-4 3.95215E-4 5.7626E-4 5.63454E-4 5.71183E-4 5.47429E-4 6.26562E-4 7.36157E-4 6.64615E-4 4.40833E-4 4.71006E-4 4.84671E-4 5.77506E-4 8.55228E-4 9.17406E-4 7.67838E-4 6.05647E-4 6.99965E-4 7.60257E-4 8.51855E-4 5.96685E-4 5.93494E-4 8.46597E-4 8.63423E-4 9.76461E-4 8.15209E-4 9.83738E-4 1.11483E-3 1.18258E-3 1.17534E-3 9.31031E-4 8.34185E-4 1.11804E-3 1.32702E-3 8.56723E-4 1.13159E-3 1.48091E-3 1.84414E-3 1.26204E-3 1.0774E-3 1.03771E-3 8.52084E-4 9.85754E-4
2.16161E-4 2.34533E-4 2.71017E-4 2.4021E-4 2.6708E-4 2.22631E-4 1.90968E-4 2.3762E-4 2.88051E-4 2.3138E-4 2.76208E-4 3.7882E-4 3.33886E-4 2.77329E-4 3.99363E-4 5.13319E-4 4.12356E-4 3.43311E-4 4.65701E-4 4.20975E-4 4.23267E-4 5.26704E-4 6.06043E-4 7.69726E-4 5.74963E-4 6.43648E-4 4.86743E-4 4.35658E-4 5.56427E-4 6.59722E-4 4.99019E-4 7.08756E-4 9.76938E-4 6.35353E-4 7.71446E-4 7.16902E-4 8.28445E-4 6.27945E-4 6.26059E-4 7.04799E-4 7.38428E-4 1.03088E-3 1.19801E-3 8.71218E-4 9.4812E-4 1.12717E-3 1.40731E-3 1.13193E-3 1.12687E-3 8.63136E-4 9.24493E-4 1.11868E-3 1.00964E-3 1.11272E-3 6.8343E-4 1.05462E-3 1.50922E-3 1.66867E-3 1.05259E-3 9.18708E-4 1.03323E-3
1.97904E-4 3.05159E-4 2.60484E-4 2.4489E-4 1.99281E-4 1.94546E-4 2.12703E-4 2.96149E-4 2.37008E-4 2.21456E-4 3.26512E-4 3.46792E-4 3.58248E-4 3.00349E-4 3.12901E-4 4.86937E-4 4.42367E-4 3.99164E-4 3.92331E-4 4.89141E-4 4.36873E-4 4.24405E-4 5.87887E-4 9.41123E-4 5.31701E-4 4.59932E-4 4.72962E-4 5.52222E-4 6.36905E-4 6.14875E-4 5.3542E-4 6.88804E-4 1.20112E-3 6.80301E-4 7.96203E-4 9.20226E-4 6.08404E-4 5.52011E-4 5.88505E-4 7.75808E-4 6.51399E-4 8.13833E-4 1.03225E-3 1.02918E-3 1.033E-3 1.15579E-3 9.05443E-4 9.61845E-4 8.77792E-4 1.03971E-3 1.03492E-3 1.02272E-3 1.07344E-3 1.25152E-3 1.32256E-3 1.0491E-3 9.60114E-4 2.76501E-3 2.06924E-3 1.16511E-3 1.74346E-3
2.0728E-4 2.90741E-4 2.68299E-4 2.08345E-4 1.90235E-4 1.82754E-4 2.54663E-4 2.69389E-4 2.22498E-4 2.13774E-4 3.02298E-4 3.22895E-4 3.94169E-4 3.03551E-4 2.97004E-4 4.48362E-4 4.65098E-4 4.10431E-4 4.34868E-4 4.64255E-4 4.97213E-4 3.94782E-4 5.78315E-4 9.70302E-4 4.89087E-4 4.89861E-4 5.29443E-4 6.53412E-4 5.90709E-4 5.12104E-4 5.94972E-4 5.87424E-4 7.43942E-4 9.03907E-4 9.29778E-4 6.73566E-4 6.12846E-4 4.9978E-4 5.91745E-4 8.51088E-4 6.63519E-4 8.91646E-4 9.95612E-4 9.24563E-4 1.05485E-3 8.98918E-4 8.10564E-4 8.47637E-4 6.88949E-4 1.01754E-3 8.00777E-4 7.06197E-4 7.49118E-4 2.30413E-3 9.84009E-4 6.80683E-4 6.2567E-4 1.71654E-3 1.44627E-3 1.03904E-3 1.87439E-3
2.03819E-4 2.85797E-4 2.29163E-4 1.91074E-4 1.88128E-4 1.99043E-4 2.73296E-4 2.46868E-4 2.32161E-4 2.18574E-4 3.17246E-4 3.25302E-4 3.84722E-4 2.99671E-4 2.80874E-4 4.13592E-4 4.66828E-4 4.18069E-4 5.05133E-4 3.84273E-4 5.04588E-4 3.57121E-4 4.03148E-4 5.66066E-4 6.77479E-4 6.58917E-4 7.67862E-4 5.56279E-4 6.24086E-4 4.67583E-4 6.0487E-4 6.68019E-4 6.1986E-4 7.02905E-4 1.00975E-3 8.35483E-4 5.93845E-4 5.41121E-4 5.60861E-4 8.54145E-4 7.83017E-4 6.29657E-4 4.2181E-4 5.17728E-4 6.99306E-4 5.49935E-4 5.84373E-4 6.88125E-4 1.10227E-3 5.31421E-4 6.22961E-4 4.89958E-4 8.92084E-4 1.78417E-3 6.47171E-4 4.64742E-4 1.1983E-3 1.21377E-3 1.02193E-3 8.08298E-4 1.39437E-3
1.99328E-4 2.2854E-4 2.65817E-4 1.96474E-4 1.64179E-4 2.10452E-4 2.54979E-4 2.0478E-4 2.40958E-4 2.26427E-4 3.0477E-4 3.89087E-4 3.2679E-4 3.01905E-4 2.55048E-4 3.87183E-4 4.59506E-4 4.1046E-4 4.24258E-4 3.82801E-4 5.06465E-4 4.55715E-4 4.17601E-4 4.34156E-4 5.61238E-4 6.37568E-4 1.09491E-3 7.51132E-4 4.85782E-4 4.44776E-4 4.43186E-4 5.61921E-4 7.55072E-4 9.61223E-4 9.45078E-4 6.83478E-4 6.25917E-4 6.06055E-4 4.49793E-4 4.48417E-4 5.25599E-4 3.09893E-4 3.77554E-4 6.13318E-4 5.04128E-4 5.17274E-4 7.14308E-4 6.26036E-4 1.741E-3 6.14084E-4 5.04293E-4 5.55358E-4 7.76362E-4 1.48309E-3 5.9663E-4 5.50474E-4 7.3816E-4 7.23749E-4 7.00385E-4 8.63357E-4 1.61562E-3
1.94244E-4 2.14702E-4 2.535E-4 1.78814E-4 1.8219E-4 2.44145E-4 2.26369E-4 2.04496E-4 2.41112E-4 2.20157E-4 2.9417E-4 3.68323E-4 3.48083E-4 3.25756E-4 2.56841E-4 3.29061E-4 5.17423E-4 4.33815E-4 3.43096E-4 4.24301E-4 5.15938E-4 4.27072E-4 4.11117E-4 3.95413E-4 5.10985E-4 6.90277E-4 8.83648E-4 4.75978E-4 4.32223E-4 5.20626E-4 5.454E-4 4.97355E-4 5.86895E-4 1.00675E-3 5.24674E-4 4.56623E-4 4.04147E-4 2.86232E-4 3.77453E-4 3.06695E-4 4.62977E-4 4.23026E-4 4.72782E-4 7.29778E-4 4.95494E-4 5.39363E-4 8.11193E-4 5.95104E-4 9.22019E-4 8.22848E-4 5.78332E-4 7.14078E-4 7.30488E-4 7.4972E-4 7.33294E-4 6.4049E-4 6.14237E-4 1.63516E-3 1.94833E-3 7.11809E-4 4.84143E-4
2.03422E-4 2.44715E-4 1.99134E-4 1.64468E-4 1.94407E-4 2.5702E-4 2.35327E-4 2.00734E-4 2.48202E-4 2.13311E-4 2.44348E-4 3.18017E-4 3.80079E-4 3.53112E-4 2.55857E-4 2.63411E-4 4.03254E-4 4.08391E-4 3.30776E-4 4.55232E-4 4.52302E-4 4.09769E-4 4.17215E-4 3.78036E-4 4.1837E-4 5.08447E-4 8.54554E-4 5.25004E-4 4.66753E-4 5.4556E-4 4.50098E-4 4.28849E-4 5.61216E-4 1.00046E-3 4.92572E-4 2.98059E-4 3.18541E-4 3.38965E-4 4.64092E-4 4.56103E-4 6.60707E-4 5.16084E-4 5.47344E-4 5.37533E-4 5.48455E-4 5.76714E-4 7.87697E-4 5.90481E-4 6.36641E-4 6.84404E-4 6.07939E-4 7.75291E-4 7.78029E-4 7.0193E-4 7.48559E-4 7.10722E-4 6.2058E-4 9.40878E-4 8.99549E-4 5.40427E-4 5.40958E-4
2.34716E-4 2.08605E-4 1.70379E-4 1.81586E-4 2.18116E-4 2.37706E-4 1.98485E-4 2.05644E-4 2.57968E-4 2.26254E-4 2.41595E-4 2.56577E-4 3.03597E-4 4.05572E-4 3.08351E-4 2.42186E-4 3.42727E-4 4.43949E-4 3.31345E-4 4.10602E-4 4.48899E-4 3.95522E-4 3.75831E-4 3.78948E-4 3.54235E-4 4.56665E-4 9.20149E-4 6.52854E-4 4.79941E-4 3.8885E-4 4.73032E-4 4.73092E-4 4.31788E-4 4.79447E-4 6.29822E-4 3.42957E-4 3.70912E-4 3.62835E-4 3.05633E-4 4.25807E-4 4.39645E-4 3.79776E-4 5.41635E-4 6.25474E-4 5.66136E-4 5.48815E-4 6.96443E-4 7.21771E-4 6.66741E-4 6.53374E-4 6.27481E-4 8.16602E-4 7.78109E-4 6.96309E-4 7.08661E-4 7.73757E-4 7.31906E-4 7.31241E-4 7.27815E-4 6.68077E-4 6.76184E-4
2.2929E-4 1.82487E-4 1.52458E-4 1.9233E-4 2.50512E-4 2.0832E-4 1.94833E-4 2.01836E-4 2.16856E-4 2.27524E-4 2.02994E-4 2.67727E-4 2.8465E-4 3.96194E-4 3.75831E-4 2.11625E-4 3.08583E-4 4.22928E-4 3.54578E-4 3.5708E-4 4.33242E-4 4.04689E-4 3.40943E-4 3.40666E-4 2.92443E-4 3.10038E-4 4.24006E-4 4.28245E-4 7.35373E-4 4.40863E-4 5.38509E-4 4.03996E-4 4.36228E-4 3.14468E-4 2.88656E-4 4.25926E-4 3.80453E-4 2.96641E-4 3.05225E-4 4.58894E-4 6.72498E-4 5.21836E-4 4.42793E-4 5.42956E-4 5.92005E-4 5.91005E-4 6.22124E-4 7.36975E-4 6.9594E-4 6.46184E-4 6.41339E-4 6.8413E-4 7.28031E-4 6.98949E-4 7.12044E-4 7.32716E-4 6.93068E-4 7.58248E-4 7.75952E-4 7.63697E-4 6.96497E-4
1.95446E-4 1.55033E-4 1.58237E-4 1.88786E-4 2.07449E-4 2.27484E-4 2.09873E-4 1.98273E-4 2.49616E-4 1.98626E-4 1.895E-4 2.50413E-4 2.65913E-4 3.16363E-4 3.6817E-4 2.41999E-4 2.2832E-4 3.43848E-4 4.56694E-4 3.78007E-4 3.18222E-4 2.80276E-4 3.14715E-4 3.05922E-4 3.04708E-4 2.38916E-4 2.3433E-4 3.60648E-4 6.76358E-4 8.56492E-4 6.27689E-4 3.25545E-4 2.63414E-4 2.64073E-4 2.85226E-4 3.73127E-4 3.61332E-4 3.07953E-4 3.41255E-4 4.26322E-4 5.15842E-4 5.13581E-4 4.50319E-4 4.79005E-4 6.36058E-4 5.4409E-4 6.55171E-4 7.27645E-4 5.97785E-4 5.85789E-4 6.15817E-4 6.97323E-4 6.81371E-4 7.18798E-4 7.24397E-4 7.66353E-4 8.35622E-4 7.57391E-4 9.27697E-4 7.32507E-4 7.9535E-4
1.54448E-4 1.35206E-4 1.54304E-4 1.95513E-4 1.50809E-4 1.92375E-4 2.51491E-4 2.51508E-4 2.19705E-4 2.0014E-4 1.99536E-4 2.07321E-4 2.55704E-4 2.85339E-4 3.8451E-4 2.79844E-4 2.17962E-4 2.78778E-4 4.03424E-4 2.8977E-4 2.57318E-4 2.4981E-4 2.73304E-4 2.93466E-4 2.49711E-4 2.24276E-4 1.73522E-4 1.93483E-4 3.90352E-4 6.10722E-4 2.9037E-4 2.80865E-4 2.79356E-4 3.01865E-4 3.62028E-4 4.25677E-4 3.65011E-4 3.57679E-4 3.44274E-4 3.51638E-4 4.06144E-4 5.88125E-4 4.80209E-4 4.8325E-4 5.9502E-4 4.99328E-4 6.67576E-4 6.1185E-4 6.04637E-4 5.80407E-4 6.35573E-4 6.60826E-4 7.46906E-4 6.57797E-4 6.96749E-4 8.07533E-4 7.72389E-4 6.70864E-4 7.39283E-4 7.46754E-4 7.95279E-4
