Artocarpus hirsutus SDM files/MIS19/results (without bias file)/Arthir_avg.asc
ncols         625
nrows         721
xllcorner     69.99986311115
yllcorner     5.99986187915
cellsize      0.041666667
NODATA_value  -9999
[rows 162 to 188 of 721, columns 427 to 487 of 625]
2.58258E-4 2.58545E-4 2.57414E-4 2.36701E-4 2.18613E-4 2.08765E-4 2.28606E-4 2.92687E-4 3.08275E-4 3.20294E-4 3.43044E-4 3.34503E-4 2.9843E-4 3.06092E-4 3.37087E-4 3.55929E-4 2.97398E-4 2.97506E-4 3.1545E-4 3.6008E-4 3.70934E-4 3.99925E-4 3.6453E-4 3.76127E-4 3.88207E-4 4.12988E-4 4.0106E-4 4.18576E-4 4.00615E-4 3.62693E-4 3.73528E-4 3.75851E-4 3.83111E-4 3.9835E-4 4.085E-4 3.87509E-4 3.91266E-4 3.89426E-4 3.66409E-4 3.64413E-4 3.05263E-4 3.22219E-4 3.72777E-4 3.11352E-4 2.91005E-4 2.75389E-4 3.35588E-4 3.35793E-4 3.93651E-4 3.50829E-4 3.31787E-4 3.15249E-4 3.18059E-4 2.97437E-4 3.04522E-4 3.15488E-4 3.36646E-4 3.67897E-4 3.54261E-4 3.77516E-4 3.27096E-4
2.72173E-4 2.78307E-4 2.89832E-4 2.78096E-4 2.6032E-4 2.47646E-4 2.74716E-4 2.95633E-4 2.87416E-4 3.11703E-4 3.28269E-4 3.31635E-4 3.07762E-4 3.28547E-4 3.27411E-4 3.18537E-4 3.5877E-4 3.5885E-4 3.40129E-4 3.75519E-4 3.68405E-4 3.64543E-4 3.67773E-4 3.99145E-4 4.22095E-4 4.21147E-4 4.12092E-4 4.21406E-4 4.34878E-4 4.11341E-4 4.13692E-4 4.11272E-4 4.26594E-4 4.18572E-4 4.16482E-4 3.26051E-4 3.86107E-4 3.49656E-4 2.9748E-4 3.11383E-4 3.33087E-4 3.15353E-4 3.22352E-4 2.90941E-4 2.80601E-4 2.78919E-4 2.89329E-4 3.30367E-4 3.15706E-4 3.68016E-4 3.64298E-4 3.6002E-4 3.78785E-4 3.40865E-4 3.17796E-4 3.07357E-4 3.10659E-4 3.85881E-4 3.87221E-4 3.61626E-4 3.13536E-4
2.76E-4 2.62793E-4 2.55975E-4 2.96117E-4 2.35517E-4 2.62334E-4 2.81024E-4 2.84497E-4 2.78324E-4 3.31654E-4 3.47059E-4 3.25574E-4 3.19641E-4 3.46219E-4 3.4259E-4 3.7046E-4 3.72792E-4 3.96542E-4 3.73746E-4 3.81256E-4 3.63319E-4 3.96873E-4 3.90599E-4 4.21147E-4 3.96313E-4 4.06913E-4 4.05996E-4 4.22266E-4 4.08748E-4 4.19667E-4 4.23192E-4 4.04521E-4 3.83434E-4 3.86999E-4 3.92844E-4 3.52732E-4 3.16365E-4 2.80638E-4 3.11382E-4 3.38974E-4 3.60981E-4 3.45536E-4 3.04322E-4 3.11997E-4 2.9894E-4 3.14413E-4 2.99664E-4 2.91476E-4 3.17693E-4 3.6024E-4 3.59259E-4 3.74831E-4 3.72205E-4 3.70801E-4 3.27822E-4 3.06148E-4 3.28665E-4 3.62083E-4 4.13998E-4 3.6984E-4 3.2481E-4
2.70098E-4 2.47225E-4 2.54742E-4 2.82701E-4 2.73423E-4 2.88868E-4 2.93596E-4 3.12632E-4 2.90807E-4 3.08116E-4 3.17416E-4 3.2289E-4 2.70479E-4 3.07192E-4 3.4491E-4 3.5623E-4 3.69971E-4 3.70522E-4 3.7341E-4 3.79787E-4 3.75558E-4 3.94417E-4 3.99372E-4 3.95918E-4 4.0563E-4 3.69151E-4 3.98114E-4 4.10159E-4 4.05058E-4 4.24995E-4 3.89924E-4 4.06308E-4 3.582E-4 3.5499E-4 3.79291E-4 3.9242E-4 3.70553E-4 3.1215E-4 3.46339E-4 3.39731E-4 3.72967E-4 3.74433E-4 3.75773E-4 3.63078E-4 3.64151E-4 3.34343E-4 3.09623E-4 3.21249E-4 3.39939E-4 3.54941E-4 3.48788E-4 3.66209E-4 3.47604E-4 3.5888E-4 3.42594E-4 3.26052E-4 3.71007E-4 3.96996E-4 3.9093E-4 3.63547E-4 3.72515E-4
2.86444E-4 2.84397E-4 3.01651E-4 3.00752E-4 3.06666E-4 2.81088E-4 3.19742E-4 3.16352E-4 3.05333E-4 3.2782E-4 2.95194E-4 2.60576E-4 2.66209E-4 2.98111E-4 3.20741E-4 3.71354E-4 3.64095E-4 3.77267E-4 3.55377E-4 3.7343E-4 3.5287E-4 3.76602E-4 3.90581E-4 4.06483E-4 3.81563E-4 3.60098E-4 3.86904E-4 4.21885E-4 3.90765E-4 3.9663E-4 3.78928E-4 3.54411E-4 3.2182E-4 3.3978E-4 3.70494E-4 4.03047E-4 3.7421E-4 3.80786E-4 3.885E-4 3.73199E-4 4.13402E-4 3.8722E-4 3.62692E-4 3.89756E-4 3.6561E-4 3.63187E-4 3.45443E-4 3.24527E-4 3.24631E-4 3.12321E-4 3.55744E-4 3.81933E-4 3.19883E-4 3.13858E-4 3.22452E-4 3.14152E-4 2.94854E-4 3.26981E-4 2.97254E-4 2.95023E-4 2.95798E-4
2.61485E-4 2.87755E-4 2.82279E-4 3.08443E-4 3.11607E-4 2.9685E-4 3.0608E-4 2.93404E-4 3.00847E-4 3.19731E-4 2.74436E-4 2.88261E-4 2.81255E-4 3.03076E-4 3.2663E-4 3.76897E-4 3.87958E-4 3.83474E-4 3.75808E-4 3.61309E-4 3.75537E-4 3.86919E-4 3.71133E-4 3.50989E-4 3.5679E-4 3.7092E-4 3.89205E-4 3.93435E-4 3.63959E-4 3.51199E-4 3.34244E-4 3.20074E-4 3.51216E-4 3.8611E-4 3.99871E-4 4.07569E-4 4.02371E-4 3.65959E-4 3.8495E-4 3.84045E-4 4.16884E-4 3.85301E-4 3.65667E-4 3.4862E-4 3.51785E-4 3.28712E-4 3.29701E-4 3.20165E-4 3.09887E-4 3.26315E-4 3.506E-4 3.56252E-4 3.26793E-4 3.05327E-4 3.02184E-4 3.19527E-4 2.89728E-4 3.99704E-4 2.90399E-4 2.99941E-4 2.74912E-4
2.75975E-4 2.72834E-4 2.84292E-4 3.17566E-4 3.06958E-4 2.79734E-4 3.08155E-4 2.79791E-4 2.91028E-4 3.0204E-4 3.12954E-4 3.20614E-4 3.19514E-4 3.11878E-4 3.69534E-4 3.65205E-4 3.74668E-4 3.79722E-4 3.85648E-4 3.45339E-4 3.41448E-4 3.72171E-4 3.45369E-4 3.77278E-4 3.64294E-4 3.37033E-4 3.58565E-4 3.77603E-4 3.22279E-4 3.09272E-4 2.86289E-4 3.106E-4 3.18502E-4 3.66405E-4 3.88566E-4 3.88708E-4 3.86345E-4 3.71642E-4 3.54573E-4 3.61711E-4 3.69797E-4 3.7681E-4 3.79591E-4 3.53196E-4 3.22746E-4 3.09912E-4 3.04174E-4 3.39741E-4 3.38797E-4 3.31084E-4 3.53091E-4 3.17796E-4 3.36974E-4 3.2416E-4 2.92907E-4 3.10469E-4 3.47715E-4 3.86763E-4 2.79545E-4 2.80387E-4 2.75212E-4
2.54897E-4 2.52976E-4 2.77083E-4 3.11507E-4 3.18383E-4 2.77826E-4 2.96233E-4 2.89833E-4 2.99116E-4 3.09109E-4 2.98558E-4 3.1918E-4 3.36624E-4 3.29209E-4 3.64282E-4 3.78704E-4 3.64289E-4 3.66446E-4 3.45752E-4 3.24467E-4 3.44472E-4 3.33326E-4 3.43109E-4 3.29341E-4 3.25786E-4 3.11076E-4 3.26454E-4 3.05323E-4 3.05304E-4 3.44799E-4 3.63108E-4 3.57383E-4 3.3227E-4 3.8613E-4 3.99747E-4 3.70594E-4 3.43471E-4 3.19689E-4 3.07532E-4 3.31357E-4 3.52509E-4 3.64664E-4 3.79091E-4 3.62299E-4 3.42218E-4 3.5486E-4 3.47757E-4 3.58698E-4 3.79214E-4 3.32323E-4 3.14024E-4 2.97661E-4 3.44687E-4 3.41685E-4 3.4279E-4 3.63355E-4 4.45597E-4 3.06098E-4 2.92574E-4 3.28629E-4 3.01748E-4
2.82455E-4 2.55577E-4 2.90693E-4 2.97766E-4 3.27234E-4 3.48807E-4 3.32376E-4 3.49414E-4 3.33881E-4 3.10503E-4 3.07652E-4 3.31894E-4 3.07404E-4 2.91338E-4 3.56676E-4 3.34246E-4 3.55183E-4 3.44158E-4 3.70072E-4 3.7236E-4 3.72326E-4 3.60856E-4 3.47195E-4 3.19478E-4 3.55813E-4 3.55346E-4 3.21994E-4 3.22012E-4 3.33489E-4 3.341E-4 3.23647E-4 2.89686E-4 3.18861E-4 4.00535E-4 3.59357E-4 3.54828E-4 3.21515E-4 2.90138E-4 2.94908E-4 3.23921E-4 3.47713E-4 3.48761E-4 3.81885E-4 4.01504E-4 3.73622E-4 3.85276E-4 3.711E-4 3.54731E-4 3.58718E-4 3.05603E-4 2.92813E-4 3.20385E-4 3.78135E-4 3.55788E-4 3.41768E-4 3.97529E-4 3.72567E-4 2.76035E-4 3.26387E-4 3.76371E-4 3.62085E-4
2.60224E-4 2.85168E-4 3.09299E-4 2.9685E-4 2.94898E-4 3.27502E-4 3.37592E-4 3.31943E-4 3.31707E-4 3.17475E-4 3.07077E-4 3.27554E-4 2.78182E-4 2.76914E-4 3.54989E-4 2.95979E-4 3.15015E-4 3.51873E-4 3.80463E-4 3.68145E-4 3.49058E-4 3.58666E-4 3.4046E-4 3.44764E-4 3.48285E-4 3.55783E-4 3.43106E-4 3.67204E-4 3.46925E-4 3.44206E-4 3.30487E-4 3.2377E-4 3.77158E-4 3.78302E-4 3.75284E-4 3.73388E-4 3.47706E-4 3.3712E-4 3.41895E-4 3.38266E-4 3.59345E-4 3.79678E-4 3.68743E-4 3.63919E-4 3.68347E-4 4.12347E-4 3.60993E-4 3.47237E-4 3.53669E-4 3.36472E-4 3.59095E-4 3.56608E-4 3.75758E-4 3.59784E-4 3.29446E-4 4.36558E-4 3.9467E-4 3.48385E-4 3.49668E-4 3.3389E-4 3.48338E-4
2.76095E-4 2.97554E-4 3.15034E-4 3.31808E-4 3.42218E-4 3.36161E-4 3.15268E-4 3.26741E-4 3.30817E-4 2.93306E-4 3.12651E-4 2.99145E-4 3.05094E-4 3.1173E-4 3.40838E-4 3.52432E-4 3.49035E-4 2.99029E-4 3.77906E-4 3.54959E-4 3.1839E-4 3.51092E-4 3.24416E-4 3.2334E-4 3.60856E-4 3.32397E-4 3.51743E-4 3.32455E-4 3.39257E-4 3.13384E-4 3.15093E-4 3.36903E-4 3.74971E-4 3.87042E-4 3.44858E-4 3.7085E-4 3.70523E-4 3.53875E-4 3.41376E-4 3.28647E-4 3.58113E-4 3.64987E-4 3.63716E-4 3.73283E-4 3.62011E-4 3.87871E-4 3.76664E-4 3.721E-4 3.74723E-4 3.47467E-4 3.70251E-4 3.32623E-4 3.60224E-4 3.8114E-4 3.15847E-4 4.33897E-4 3.60673E-4 3.90711E-4 3.37889E-4 3.57879E-4 3.32364E-4
3.59921E-4 3.93539E-4 5.24523E-4 4.88109E-4 3.14847E-4 3.30398E-4 3.12033E-4 2.93175E-4 2.96455E-4 3.20517E-4 3.45311E-4 2.94735E-4 2.81337E-4 2.82905E-4 2.84368E-4 3.33032E-4 2.33638E-4 3.41757E-4 3.66997E-4 3.58012E-4 2.95249E-4 3.31111E-4 3.019E-4 3.51657E-4 3.63857E-4 3.69061E-4 3.2457E-4 3.52133E-4 3.35674E-4 3.17669E-4 2.9837E-4 3.12375E-4 3.4734E-4 3.77291E-4 3.31164E-4 3.24486E-4 3.49494E-4 3.67205E-4 3.16098E-4 3.33355E-4 3.46154E-4 3.42829E-4 3.26351E-4 3.38896E-4 3.68713E-4 3.64564E-4 3.60229E-4 3.40539E-4 3.02446E-4 3.56991E-4 3.5094E-4 3.51785E-4 3.76831E-4 3.54434E-4 3.23825E-4 4.0654E-4 4.28469E-4 3.80683E-4 3.96506E-4 4.00347E-4 4.25656E-4
4.21229E-4 3.96755E-4 5.9957E-4 4.39458E-4 3.95932E-4 4.57465E-4 4.52395E-4 3.12954E-4 2.71998E-4 3.01068E-4 3.21644E-4 3.29826E-4 2.9988E-4 2.65279E-4 3.35686E-4 2.9707E-4 2.70686E-4 3.81096E-4 3.13932E-4 3.18264E-4 2.70462E-4 2.92212E-4 3.37677E-4 3.49768E-4 3.5362E-4 3.34235E-4 3.36144E-4 3.58426E-4 2.98736E-4 3.09568E-4 3.1069E-4 3.34474E-4 3.42368E-4 3.35598E-4 3.36923E-4 3.38984E-4 3.40337E-4 3.59029E-4 3.57106E-4 3.21196E-4 3.35085E-4 3.08828E-4 3.03016E-4 3.13795E-4 3.47168E-4 3.88262E-4 3.61443E-4 3.14213E-4 2.93818E-4 3.28901E-4 3.4141E-4 3.90665E-4 4.39408E-4 4.19096E-4 3.52944E-4 4.07231E-4 4.01678E-4 3.67328E-4 3.82496E-4 3.99318E-4 3.59903E-4
4.99301E-4 4.69712E-4 6.10515E-4 4.64079E-4 4.86102E-4 5.34808E-4 5.57239E-4 5.1186E-4 4.9693E-4 5.03785E-4 5.46149E-4 5.06373E-4 4.93022E-4 3.07345E-4 3.42047E-4 2.67335E-4 3.20568E-4 3.29463E-4 2.80755E-4 2.9441E-4 2.9365E-4 3.3168E-4 3.50689E-4 3.11245E-4 3.5752E-4 3.15726E-4 3.19512E-4 3.56573E-4 3.10979E-4 2.92445E-4 3.172E-4 3.22047E-4 3.49297E-4 3.63203E-4 3.39298E-4 3.26356E-4 3.40278E-4 3.35542E-4 3.25906E-4 3.15987E-4 3.18247E-4 2.94572E-4 3.25185E-4 3.13475E-4 3.49876E-4 3.73916E-4 3.37553E-4 3.30758E-4 3.0036E-4 3.30362E-4 3.35824E-4 4.11523E-4 4.30897E-4 4.0163E-4 4.27871E-4 3.98918E-4 4.10295E-4 3.94832E-4 4.1268E-4 4.1869E-4 3.80845E-4
4.47258E-4 5.36338E-4 6.1216E-4 6.38541E-4 6.47583E-4 6.49099E-4 6.27915E-4 5.6454E-4 5.92636E-4 6.09303E-4 6.17908E-4 5.99197E-4 5.49257E-4 5.32229E-4 5.03052E-4 4.83904E-4 3.16029E-4 2.99519E-4 2.95624E-4 3.14253E-4 3.65799E-4 4.22469E-4 3.52968E-4 3.34741E-4 3.72252E-4 2.96579E-4 2.85206E-4 3.5235E-4 3.43452E-4 3.68745E-4 3.54477E-4 3.26878E-4 3.24761E-4 3.33385E-4 3.27212E-4 3.27292E-4 3.37276E-4 3.52337E-4 3.32007E-4 3.31958E-4 3.25691E-4 3.45438E-4 3.5416E-4 3.57398E-4 3.71693E-4 3.56609E-4 3.28404E-4 3.26055E-4 3.06902E-4 3.25404E-4 3.46629E-4 3.92347E-4 4.11331E-4 3.94997E-4 4.14237E-4 4.08397E-4 3.89619E-4 3.97697E-4 5.06803E-4 5.07963E-4 5.04714E-4
6.08132E-4 5.56716E-4 7.83379E-4 7.06216E-4 7.93156E-4 7.85088E-4 7.71571E-4 6.55983E-4 6.9374E-4 7.64207E-4 6.96121E-4 6.36376E-4 6.34209E-4 5.78293E-4 5.80903E-4 5.42091E-4 5.26775E-4 5.20913E-4 5.40618E-4 5.4839E-4 6.10386E-4 4.22892E-4 3.1189E-4 3.65841E-4 3.58303E-4 3.21942E-4 3.2754E-4 3.40544E-4 3.52103E-4 3.74051E-4 3.63409E-4 3.52722E-4 3.66292E-4 3.52385E-4 3.62734E-4 3.40378E-4 3.34958E-4 3.71648E-4 3.59868E-4 3.61018E-4 3.5075E-4 3.55716E-4 3.64576E-4 3.32533E-4 3.19861E-4 3.51127E-4 3.66055E-4 3.44633E-4 2.92068E-4 3.12046E-4 3.73595E-4 4.67651E-4 3.69629E-4 3.62957E-4 3.79974E-4 4.18546E-4 4.35368E-4 4.34417E-4 5.02284E-4 5.59415E-4 5.71533E-4
6.14221E-4 6.52577E-4 6.64611E-4 6.10117E-4 6.01771E-4 8.82395E-4 5.25986E-5 7.41876E-4 6.67791E-4 8.59542E-4 8.28534E-4 7.41662E-4 7.0689E-4 6.37425E-4 6.69714E-4 6.53158E-4 6.79305E-4 6.76874E-4 5.79357E-4 5.31904E-4 7.04909E-4 5.39955E-4 4.81457E-4 4.99626E-4 4.98424E-4 3.08612E-4 3.37668E-4 3.00701E-4 3.12397E-4 3.64177E-4 3.37101E-4 3.38365E-4 3.50536E-4 3.66986E-4 3.61865E-4 3.51014E-4 3.47861E-4 3.62392E-4 3.73418E-4 3.6837E-4 3.59159E-4 3.37186E-4 3.62594E-4 2.92118E-4 3.21207E-4 3.9755E-4 3.94873E-4 3.46657E-4 3.38488E-4 3.31653E-4 4.05759E-4 4.8568E-4 4.25474E-4 4.00741E-4 4.41211E-4 4.38566E-4 4.02238E-4 4.34531E-4 4.77888E-4 5.18401E-4 5.38809E-4
5.6808E-4 6.65983E-4 5.41145E-5 5.52201E-5 5.59674E-5 8.3163E-4 6.69415E-5 9.21339E-4 7.37805E-4 9.30095E-4 5.67414E-5 5.31654E-5 5.09236E-5 8.2145E-4 8.22454E-4 7.77701E-4 8.69024E-4 8.0722E-4 6.34983E-4 5.74187E-4 7.13345E-4 5.70682E-4 5.41946E-4 5.64729E-4 5.4943E-4 4.87141E-4 5.20064E-4 4.32805E-4 4.85197E-4 4.99786E-4 4.72783E-4 4.77746E-4 4.70467E-4 3.71565E-4 3.66408E-4 3.37339E-4 3.54881E-4 3.5986E-4 3.95803E-4 3.61416E-4 3.58553E-4 3.43345E-4 3.57407E-4 3.34968E-4 3.44012E-4 3.76599E-4 4.01969E-4 3.67897E-4 3.85645E-4 3.58473E-4 4.40733E-4 5.07499E-4 4.5532E-4 4.44639E-4 4.88099E-4 5.012E-4 4.33281E-4 4.42218E-4 4.86619E-4 4.83929E-4 4.96294E-4
8.21633E-4 6.79377E-5 7.71238E-5 6.783E-5 6.10932E-5 6.90814E-4 7.56458E-4 6.58872E-4 7.83296E-4 9.43509E-4 1.00589E-3 6.14895E-5 1.00112E-3 1.00817E-3 9.4619E-4 9.11981E-4 9.55369E-4 8.21251E-4 6.88586E-4 6.14186E-4 7.74546E-4 7.16622E-4 6.05889E-4 6.17962E-4 5.81724E-4 5.21845E-4 5.29969E-4 4.71464E-4 4.3886E-4 4.93619E-4 5.32871E-4 5.68068E-4 5.39499E-4 4.78201E-4 4.76954E-4 4.48701E-4 4.62839E-4 3.79104E-4 4.09629E-4 3.77968E-4 3.67735E-4 3.48366E-4 3.80098E-4 3.59711E-4 3.62083E-4 3.98385E-4 3.77948E-4 3.66024E-4 3.68832E-4 3.5072E-4 4.31169E-4 5.47736E-4 5.07348E-4 4.44932E-4 4.70206E-4 4.99742E-4 4.38478E-4 4.43271E-4 5.25229E-4 5.58669E-4 5.12521E-4
7.06032E-4 8.17734E-5 6.48301E-5 8.22114E-4 6.63381E-5 5.41413E-5 6.43369E-5 6.45959E-5 6.69594E-5 6.06489E-5 9.97914E-4 1.07466E-3 9.70793E-4 9.42919E-4 1.00171E-3 1.07395E-3 1.01851E-3 9.38332E-4 8.66746E-4 8.01775E-4 8.46046E-4 8.19146E-4 7.25628E-4 6.80022E-4 6.04609E-4 5.98647E-4 5.9877E-4 5.35038E-4 5.02854E-4 5.06442E-4 5.30076E-4 5.64846E-4 5.49966E-4 5.50198E-4 5.28696E-4 4.85585E-4 4.66481E-4 4.86031E-4 4.90536E-4 4.05679E-4 3.66525E-4 3.65153E-4 3.98961E-4 4.46512E-4 3.87194E-4 4.03736E-4 3.88317E-4 3.90495E-4 3.95691E-4 3.69215E-4 3.81571E-4 5.52722E-4 6.38132E-4 4.83951E-4 5.25433E-4 4.69978E-4 4.70313E-4 4.91889E-4 5.94809E-4 6.97693E-4 6.03486E-4
5.20753E-5 5.57591E-5 8.02589E-5 7.79045E-5 8.25766E-5 9.7251E-5 6.83895E-5 7.14487E-5 1.00138E-3 9.25748E-4 9.42167E-4 8.83655E-4 9.05057E-4 9.44329E-4 9.97531E-4 1.13107E-3 6.71779E-5 9.80461E-4 8.66327E-4 8.45195E-4 9.06282E-4 9.67273E-4 7.76912E-4 7.67624E-4 7.07504E-4 7.2617E-4 6.58346E-4 6.19404E-4 5.96609E-4 5.37889E-4 5.09755E-4 5.66544E-4 5.99883E-4 5.47322E-4 6.07582E-4 5.32374E-4 4.88097E-4 4.64187E-4 4.92191E-4 5.24564E-4 5.00399E-4 4.92025E-4 5.02379E-4 4.60164E-4 3.91962E-4 4.15529E-4 4.41338E-4 4.87572E-4 4.34958E-4 4.03199E-4 3.82834E-4 5.53154E-4 6.63063E-4 5.24508E-4 4.57801E-4 4.48041E-4 4.34853E-4 4.90686E-4 5.59707E-4 6.76246E-4 7.67389E-4
1.04889E-4 1.78469E-4 1.88887E-4 1.67349E-4 1.6521E-4 9.84712E-5 7.05554E-5 8.30804E-5 9.8806E-4 8.391E-4 8.48825E-4 8.42832E-4 8.8483E-4 9.10081E-4 9.09566E-4 9.7238E-4 1.11795E-3 1.03442E-3 7.54753E-4 7.54751E-4 8.50663E-4 1.07749E-3 7.79961E-4 8.23267E-4 7.15137E-4 7.53827E-4 7.41973E-4 6.86488E-4 6.28098E-4 5.67479E-4 5.29414E-4 5.26748E-4 5.52787E-4 4.91699E-4 6.02569E-4 5.88485E-4 5.30013E-4 5.2227E-4 5.55913E-4 6.15353E-4 5.45372E-4 4.90739E-4 5.05712E-4 5.68023E-4 4.54225E-4 4.78707E-4 4.8673E-4 5.38405E-4 4.38263E-4 4.25812E-4 4.07847E-4 5.23689E-4 5.62088E-4 5.92815E-4 5.30537E-4 5.42588E-4 4.72864E-4 4.89346E-4 5.97996E-4 6.27546E-4 8.18896E-4
7.54998E-5 1.07405E-4 9.86795E-5 1.79983E-4 1.88555E-4 1.04063E-4 8.97493E-5 1.25651E-4 1.25691E-4 1.15115E-4 1.20914E-4 9.94353E-5 8.62027E-5 9.48274E-5 8.55608E-5 1.09747E-3 8.43069E-5 7.78962E-5 1.17304E-3 9.60249E-4 9.96827E-4 1.00025E-3 8.61156E-4 8.22216E-4 8.97117E-4 8.38048E-4 8.39948E-4 7.64423E-4 6.71813E-4 6.69308E-4 5.79362E-4 5.77242E-4 5.93053E-4 5.90768E-4 6.13655E-4 6.43421E-4 6.63429E-4 6.29032E-4 5.57813E-4 5.85588E-4 6.47717E-4 5.65609E-4 6.0747E-4 6.34782E-4 6.84135E-4 6.66378E-4 6.6984E-4 5.41959E-4 4.6038E-4 4.54218E-4 4.35465E-4 6.02528E-4 5.69873E-4 6.21116E-4 6.45696E-4 6.6076E-4 6.89828E-4 5.83721E-4 6.35184E-4 6.53392E-4 6.83635E-4
1.86211E-4 9.96484E-5 1.60933E-4 2.70557E-4 1.90857E-4 1.11589E-4 9.3469E-5 7.99895E-5 1.2028E-4 1.15167E-4 1.13378E-4 1.16851E-4 8.99891E-5 7.4604E-5 8.88082E-5 1.18015E-3 1.23106E-3 8.6482E-5 1.05927E-3 9.97771E-4 8.54246E-4 9.681E-4 9.86414E-4 9.55792E-4 9.40778E-4 9.77669E-4 9.50969E-4 8.05763E-4 6.7772E-4 7.20372E-4 6.9695E-4 6.56599E-4 7.20737E-4 6.92577E-4 6.86897E-4 6.58129E-4 6.18691E-4 6.09121E-4 5.49E-4 4.90662E-4 4.81427E-4 4.65701E-4 5.10151E-4 6.02342E-4 6.4068E-4 6.34636E-4 6.1837E-4 6.30835E-4 4.75693E-4 4.82035E-4 4.78492E-4 6.63475E-4 6.41087E-4 6.49058E-4 7.24522E-4 7.95331E-4 7.94467E-4 6.41426E-4 7.26384E-4 7.21391E-4 6.79337E-4
1.60708E-4 1.37573E-4 3.29624E-4 3.16678E-4 3.09726E-4 2.71088E-4 2.291E-4 1.77623E-4 1.12985E-4 9.35885E-5 8.25294E-5 7.92915E-5 7.66051E-5 1.15142E-4 1.13696E-3 8.55952E-5 1.24744E-3 9.47278E-5 1.0248E-4 8.46801E-5 7.1422E-5 8.91769E-4 7.88543E-4 7.9499E-4 8.53353E-4 8.76881E-4 8.5013E-4 7.95695E-4 6.28355E-4 7.38256E-4 7.2255E-4 7.41407E-4 5.82495E-4 5.46817E-4 5.04295E-4 4.83211E-4 4.7693E-4 4.68872E-4 5.0359E-4 5.84827E-4 6.37365E-4 6.06674E-4 5.01595E-4 5.42744E-4 6.44728E-4 7.06999E-4 7.00956E-4 6.61949E-4 6.24288E-4 6.03971E-4 5.15504E-4 5.58081E-4 5.31407E-4 5.52354E-4 5.68295E-4 7.00868E-4 7.96683E-4 6.72365E-4 7.15942E-4 8.63103E-4 6.90053E-4
4.48851E-4 5.73468E-4 4.89786E-4 4.13484E-4 3.34485E-4 2.08261E-4 1.44526E-4 1.67848E-4 1.25003E-4 1.21861E-4 8.73584E-5 7.52531E-5 7.83634E-5 8.73875E-5 1.18001E-3 7.9148E-5 1.1986E-3 7.35323E-5 1.09068E-4 1.05822E-4 8.9986E-5 7.93442E-5 1.08661E-3 9.42822E-4 7.98981E-4 9.47303E-4 1.01288E-3 8.26262E-4 6.34949E-4 5.84818E-4 5.68291E-4 6.08312E-4 5.10267E-4 5.16541E-4 5.14008E-4 5.48896E-4 5.18198E-4 6.09361E-4 6.99204E-4 7.47812E-4 7.88625E-4 7.20081E-4 5.80403E-4 5.58007E-4 5.84632E-4 7.17993E-4 8.12132E-4 7.47061E-4 8.30361E-4 8.60731E-4 7.77291E-4 5.98188E-4 5.31488E-4 6.47035E-4 5.79161E-4 6.29554E-4 7.62612E-4 6.4777E-4 6.95391E-4 8.92901E-4 7.93411E-4
3.53346E-4 2.50048E-4 1.59961E-4 1.28871E-4 1.1605E-4 1.01402E-4 1.10471E-4 1.14171E-4 1.41397E-4 1.67628E-4 1.97876E-4 1.79178E-4 1.04303E-4 1.02207E-4 1.15292E-4 1.1055E-4 7.42752E-5 7.32023E-5 7.88731E-5 8.18831E-5 8.27608E-5 1.0836E-3 1.00408E-3 8.64777E-4 7.99518E-4 8.76267E-4 9.70741E-4 8.67922E-4 7.92075E-4 7.86762E-4 6.12801E-4 7.13204E-4 6.59052E-4 7.09925E-4 6.14954E-4 6.43313E-4 6.91922E-4 7.24014E-4 6.03068E-4 6.40934E-4 6.42649E-4 6.23281E-4 6.17197E-4 6.02908E-4 7.02228E-4 8.1829E-4 9.1196E-4 8.24085E-4 8.34348E-4 9.48443E-4 9.78631E-4 6.78919E-4 6.83194E-4 6.70546E-4 6.73486E-4 7.15591E-4 8.81269E-4 7.30727E-4 6.7822E-4 7.92525E-4 8.49745E-4
