Artocarpus hirsutus SDM files/MIS19/results (without bias file)/Arthir_min.asc
ncols         625
nrows         721
xllcorner     69.99986311115
yllcorner     5.99986187915
cellsize      0.041666667
NODATA_value  -9999
[rows 108 to 134 of 721, columns 427 to 487 of 625]
1.58126E-5 1.32943E-5 1.11721E-5 1.65586E-5 3.08917E-5 2.76854E-5 2.67971E-5 2.61178E-5 2.71885E-5 2.54348E-5 2.37069E-5 2.10161E-5 2.13566E-5 2.12389E-5 1.72808E-5 1.47558E-5 1.44999E-5 6.89269E-6 7.42165E-6 2.81179E-5 2.60251E-5 1.72646E-5 1.79111E-5 8.14012E-6 2.60784E-5 1.39886E-5 7.25363E-6 6.67435E-6 7.80691E-6 7.80691E-6 7.08456E-6 7.83784E-6 9.53964E-6 9.4084E-6 1.00226E-5 9.22287E-6 7.89159E-6 7.91654E-6 1.73245E-5 3.64218E-5 3.38766E-5 2.10378E-5 9.60225E-6 2.49938E-5 1.49929E-5 8.35749E-6 6.9079E-6 8.22138E-6 1.41209E-5 2.10139E-5 1.30122E-5 9.19066E-6 1.02743E-5 1.12198E-5 1.36263E-5 1.75083E-5 2.74443E-5 4.55776E-5 4.66767E-5 4.44695E-5 3.802E-5
1.86936E-5 1.13213E-5 7.9856E-6 7.62702E-6 1.90595E-5 2.48964E-5 2.70637E-5 2.91674E-5 2.77253E-5 2.9321E-5 2.79523E-5 2.15146E-5 2.36877E-5 2.12528E-5 2.02803E-5 1.89375E-5 1.84398E-5 1.54522E-5 1.23563E-5 1.1863E-5 7.59573E-6 6.1994E-6 6.46269E-6 7.91789E-6 1.08716E-5 2.45089E-5 1.14883E-5 8.79641E-6 7.62781E-6 8.3223E-6 1.22351E-5 2.01219E-5 1.62228E-5 3.40256E-5 2.91787E-5 1.77345E-5 1.31876E-5 1.14351E-5 1.69201E-5 2.45849E-5 3.41988E-5 2.64813E-5 1.58294E-5 1.85565E-5 1.24098E-5 1.46184E-5 8.25923E-6 6.09117E-6 1.03576E-5 2.64683E-5 1.84128E-5 1.19311E-5 2.14178E-5 8.44138E-6 8.53193E-6 1.07257E-5 1.32279E-5 2.86493E-5 4.11142E-5 4.5266E-5 4.35001E-5
3.17825E-5 3.10534E-5 2.67656E-5 2.55445E-5 1.95879E-5 3.24244E-5 2.61185E-5 2.36187E-5 2.50279E-5 2.47563E-5 2.64515E-5 2.54203E-5 2.4916E-5 2.44714E-5 2.03761E-5 2.0857E-5 2.40571E-5 1.77873E-5 1.90595E-5 1.50433E-5 1.68607E-5 1.53943E-5 7.38837E-6 1.10226E-5 9.69409E-6 1.19732E-5 2.14547E-5 2.04001E-5 1.52439E-5 8.35991E-6 1.60951E-5 2.77498E-5 3.42291E-5 3.64343E-5 3.50974E-5 3.01043E-5 2.65353E-5 1.80355E-5 1.42076E-5 1.39505E-5 3.68613E-5 3.77814E-5 3.32792E-5 3.43228E-5 2.14675E-5 1.73601E-5 9.27492E-6 5.30915E-6 1.25418E-5 3.76488E-5 2.99268E-5 2.26437E-5 2.15966E-5 1.03214E-5 9.72897E-6 8.07643E-6 8.54754E-6 8.91366E-6 2.85242E-5 3.51159E-5 2.92642E-5
8.99988E-6 1.06201E-5 1.97719E-5 2.35515E-5 1.70073E-5 2.73983E-5 2.81228E-5 3.01548E-5 2.7218E-5 2.57761E-5 2.48666E-5 2.29488E-5 2.71682E-5 2.7368E-5 2.27763E-5 2.43378E-5 2.27348E-5 2.0368E-5 2.44065E-5 2.52472E-5 2.98447E-5 2.85487E-5 9.92128E-6 3.23242E-5 2.71212E-5 1.07226E-5 3.54919E-5 3.16713E-5 2.86196E-5 1.23995E-5 1.86946E-5 2.51404E-5 2.77108E-5 3.69169E-5 3.74018E-5 3.07884E-5 3.43231E-5 3.09537E-5 2.76332E-5 1.89602E-5 1.4405E-5 1.87654E-5 1.93387E-5 3.9948E-5 3.90771E-5 3.53375E-5 1.3951E-5 6.35176E-6 1.11008E-5 4.1247E-5 3.95167E-5 3.262E-5 2.21431E-5 8.89553E-6 2.41618E-5 2.3071E-5 2.39498E-5 2.27417E-5 1.31679E-5 1.57709E-5 1.48671E-5
1.353E-5 1.07622E-5 9.16565E-6 8.2472E-6 1.39759E-5 3.08508E-5 3.0123E-5 2.92046E-5 3.33549E-5 3.13694E-5 3.02955E-5 2.96947E-5 2.66533E-5 2.83073E-5 2.51673E-5 2.36442E-5 2.15773E-5 2.4067E-5 2.32026E-5 1.06673E-5 6.34301E-6 6.40257E-6 7.08773E-6 3.2544E-5 1.37903E-5 1.08667E-5 1.41608E-5 1.0959E-5 2.02856E-5 1.9639E-5 1.08976E-5 1.67397E-5 9.53638E-6 2.88314E-5 4.03528E-5 3.25204E-5 3.32492E-5 3.09629E-5 1.93799E-5 1.80768E-5 1.41382E-5 1.43084E-5 1.48823E-5 3.12286E-5 3.33487E-5 3.3738E-5 3.63712E-5 1.65675E-5 8.96666E-6 2.51348E-5 4.06404E-5 3.75122E-5 2.22404E-5 1.19282E-5 3.96799E-5 2.86081E-5 1.50459E-5 1.10903E-5 7.85362E-6 9.65401E-6 7.89611E-6
2.97366E-5 3.10386E-5 2.91854E-5 2.21379E-5 9.33437E-6 1.08152E-5 2.11737E-5 2.27399E-5 2.56641E-5 3.2453E-5 3.18321E-5 2.90253E-5 3.01765E-5 2.82399E-5 2.64036E-5 2.64523E-5 2.45565E-5 2.21116E-5 2.31005E-5 2.41514E-5 1.08152E-5 8.28745E-6 1.28201E-5 1.72539E-5 2.38184E-5 2.91899E-5 2.24346E-5 1.86154E-5 3.02635E-5 2.94647E-5 2.45353E-5 3.31456E-5 1.65345E-5 1.01283E-5 3.27971E-5 3.29702E-5 3.66408E-5 3.17792E-5 2.82417E-5 2.83347E-5 2.06236E-5 2.02196E-5 1.39809E-5 3.78585E-5 3.98542E-5 3.86742E-5 3.75168E-5 3.41597E-5 2.56372E-5 2.93157E-5 3.69386E-5 3.45896E-5 2.01014E-5 1.68009E-5 3.59438E-5 3.75594E-5 1.9995E-5 2.18547E-5 2.26759E-5 2.43753E-5 1.59856E-5
1.87065E-5 3.3182E-5 3.33549E-5 2.94124E-5 2.65371E-5 1.76218E-5 9.12495E-6 7.317E-6 9.044E-6 1.85575E-5 3.57433E-5 3.18517E-5 2.88382E-5 3.11251E-5 3.20197E-5 3.07645E-5 3.11676E-5 2.70212E-5 2.53366E-5 2.19373E-5 2.58495E-5 2.74117E-5 1.24656E-5 2.30725E-5 3.51555E-5 2.31598E-5 2.96708E-5 2.95291E-5 2.93004E-5 2.82524E-5 1.59979E-5 2.12287E-5 1.03619E-5 6.98034E-6 1.54979E-5 3.98224E-5 3.80868E-5 3.64103E-5 3.16766E-5 3.41517E-5 3.43204E-5 3.18188E-5 3.26738E-5 3.50514E-5 3.95779E-5 3.73119E-5 3.79729E-5 3.76049E-5 3.19797E-5 3.8916E-5 3.90154E-5 3.85399E-5 3.64141E-5 3.74917E-5 3.72913E-5 3.92937E-5 3.75666E-5 3.9621E-5 3.89478E-5 3.26849E-5 1.8696E-5
2.65572E-5 2.84289E-5 3.083E-5 3.25537E-5 3.12274E-5 2.76492E-5 2.51617E-5 1.80201E-5 7.73321E-6 8.4805E-6 1.67872E-5 3.21756E-5 3.64867E-5 3.01167E-5 2.6576E-5 2.84078E-5 2.81149E-5 2.76957E-5 3.28204E-5 2.90253E-5 2.32381E-5 2.30526E-5 1.7243E-5 1.66893E-5 2.33582E-5 2.71544E-5 2.69967E-5 3.09304E-5 3.43332E-5 3.18216E-5 2.84506E-5 2.2699E-5 1.19387E-5 7.30381E-6 1.04009E-5 4.21551E-5 4.04719E-5 4.02882E-5 3.90434E-5 3.67602E-5 3.88265E-5 3.87507E-5 4.12399E-5 4.02001E-5 4.2924E-5 4.31252E-5 4.32264E-5 4.25189E-5 4.13189E-5 4.08557E-5 4.20531E-5 4.11171E-5 3.95822E-5 3.88305E-5 4.23686E-5 4.09487E-5 4.18647E-5 4.15507E-5 3.71887E-5 2.76509E-5 1.25697E-5
1.24591E-5 9.81588E-6 1.62318E-5 1.65995E-5 2.5609E-5 2.73411E-5 2.6338E-5 2.5773E-5 1.44913E-5 7.91448E-6 9.12892E-6 1.06723E-5 1.60409E-5 3.0358E-5 3.5705E-5 3.46147E-5 3.37212E-5 2.94873E-5 3.26468E-5 3.32628E-5 2.87207E-5 2.71151E-5 1.11654E-5 3.28108E-5 3.0349E-5 3.28249E-5 3.27774E-5 3.03874E-5 2.99412E-5 2.82852E-5 2.71425E-5 2.70055E-5 1.02196E-5 6.51171E-6 7.85581E-6 2.91169E-5 2.90356E-5 3.54147E-5 3.58962E-5 2.86858E-5 3.04099E-5 3.06955E-5 3.32976E-5 3.61112E-5 4.0841E-5 3.31495E-5 3.12502E-5 2.72516E-5 4.12122E-5 4.12122E-5 4.20735E-5 4.37253E-5 4.71257E-5 4.21131E-5 4.03013E-5 4.12886E-5 4.29518E-5 4.54256E-5 4.31427E-5 3.77989E-5 1.8605E-5
2.54591E-5 1.30335E-5 2.17159E-5 2.78316E-5 2.62739E-5 3.04266E-5 2.93481E-5 2.52933E-5 2.32917E-5 1.07674E-5 1.08685E-5 2.35881E-5 8.75846E-6 1.00996E-5 1.79779E-5 3.2461E-5 3.90396E-5 3.30323E-5 2.58147E-5 2.51089E-5 2.62458E-5 2.11397E-5 1.1421E-5 1.04215E-5 2.01094E-5 2.73755E-5 1.99354E-5 3.25326E-5 3.61115E-5 3.65396E-5 3.33093E-5 3.32412E-5 1.33259E-5 6.65673E-6 1.17032E-5 2.3259E-5 1.77514E-5 2.54162E-5 2.53434E-5 1.64975E-5 1.44428E-5 1.39867E-5 1.60957E-5 2.28615E-5 2.75075E-5 3.49441E-5 2.761E-5 1.22857E-5 9.88473E-6 1.16974E-5 2.11353E-5 2.66162E-5 4.21165E-5 4.27084E-5 4.09052E-5 4.07585E-5 3.51026E-5 3.85117E-5 4.18202E-5 4.67461E-5 4.04048E-5
2.55052E-5 2.43006E-5 2.45763E-5 2.50743E-5 2.43962E-5 2.73687E-5 3.01232E-5 2.92977E-5 2.41719E-5 1.19618E-5 1.16948E-5 3.07735E-5 2.49682E-5 1.14841E-5 1.03821E-5 1.21334E-5 2.79577E-5 3.9155E-5 3.59332E-5 2.75057E-5 3.12809E-5 2.35837E-5 2.89639E-5 3.21316E-5 2.62817E-5 2.69662E-5 2.57524E-5 2.28307E-5 1.21159E-5 3.02333E-5 3.80673E-5 3.92653E-5 3.60965E-5 3.17782E-5 3.37464E-5 3.87568E-5 3.35548E-5 3.27877E-5 3.57855E-5 3.04131E-5 1.95447E-5 1.23498E-5 1.6546E-5 2.82048E-5 3.75808E-5 4.28016E-5 4.14758E-5 3.08045E-5 1.94694E-5 1.34387E-5 3.80426E-5 4.83997E-5 4.53874E-5 4.75682E-5 4.51158E-5 4.57435E-5 4.5618E-5 3.99791E-5 3.04915E-5 2.47126E-5 2.41967E-5
3.13425E-5 3.0853E-5 3.19643E-5 3.15676E-5 3.1471E-5 2.97042E-5 3.00797E-5 3.0873E-5 2.65987E-5 1.55198E-5 1.01898E-5 1.07198E-5 2.9079E-5 2.86791E-5 9.82466E-6 1.05262E-5 1.02399E-5 2.09872E-5 3.82286E-5 3.43906E-5 3.56175E-5 2.36173E-5 3.23633E-5 3.24077E-5 2.96291E-5 2.318E-5 1.57796E-5 1.57884E-5 9.24271E-6 8.8667E-6 1.05061E-5 1.65201E-5 3.66969E-5 3.89671E-5 4.2767E-5 4.18747E-5 3.97355E-5 3.79571E-5 4.07206E-5 3.78632E-5 3.36541E-5 2.60257E-5 3.14998E-5 3.74662E-5 3.83957E-5 4.26552E-5 4.33547E-5 3.86312E-5 3.60593E-5 2.06248E-5 1.09644E-5 1.61928E-5 4.24978E-5 4.43027E-5 3.66773E-5 3.89892E-5 4.12538E-5 4.85929E-5 4.90144E-5 4.6253E-5 4.36365E-5
2.86273E-5 2.60201E-5 2.92267E-5 3.22645E-5 3.46406E-5 3.54292E-5 3.38121E-5 3.09798E-5 3.08152E-5 2.55833E-5 1.01898E-5 1.03313E-5 1.06201E-5 8.79766E-6 1.6252E-5 8.51975E-6 9.00375E-6 9.78097E-6 1.80527E-5 3.76579E-5 3.75872E-5 3.05074E-5 3.00197E-5 3.67614E-5 3.26582E-5 2.95049E-5 2.63427E-5 1.40116E-5 7.69037E-6 7.27528E-6 7.93611E-6 7.71891E-6 9.97422E-6 2.168E-5 3.4791E-5 3.36321E-5 3.84924E-5 3.77979E-5 4.21034E-5 4.43187E-5 4.38855E-5 4.23276E-5 4.09635E-5 3.78993E-5 4.3715E-5 4.74859E-5 4.52436E-5 4.36705E-5 4.45503E-5 3.0144E-5 1.25418E-5 1.3462E-5 3.4259E-5 5.24096E-5 4.79581E-5 4.68698E-5 3.19502E-5 3.88481E-5 4.7481E-5 5.23534E-5 4.64651E-5
3.29358E-5 2.72466E-5 2.16084E-5 2.40946E-5 2.71434E-5 3.07439E-5 3.33661E-5 3.55627E-5 3.07181E-5 2.54242E-5 1.08152E-5 2.68065E-5 2.97133E-5 1.2576E-5 2.95399E-5 1.53078E-5 7.84141E-6 8.28745E-6 7.95065E-6 1.0571E-5 2.33899E-5 3.52796E-5 3.81201E-5 4.01684E-5 3.65889E-5 3.34447E-5 2.96626E-5 2.89203E-5 1.78411E-5 2.79473E-5 1.97928E-5 1.78225E-5 9.74552E-6 8.44533E-6 9.05207E-6 1.22352E-5 3.94258E-5 3.21429E-5 1.76423E-5 2.57046E-5 2.79063E-5 3.8574E-5 1.57408E-5 1.34587E-5 1.5065E-5 2.36798E-5 2.5018E-5 3.05117E-5 4.4987E-5 4.32888E-5 4.22889E-5 1.63448E-5 2.75091E-5 3.3681E-5 4.09056E-5 4.73554E-5 4.54639E-5 3.78387E-5 4.45458E-5 4.80896E-5 5.27564E-5
3.47736E-5 3.23831E-5 2.60406E-5 1.69127E-5 1.75313E-5 1.83459E-5 2.60016E-5 3.2317E-5 3.034E-5 1.51E-5 2.62468E-5 3.08734E-5 3.4981E-5 3.01994E-5 3.59508E-5 3.01745E-5 1.69198E-5 3.13931E-5 2.31598E-5 1.40971E-5 9.55033E-6 7.875E-6 2.83222E-5 3.41406E-5 3.77802E-5 3.90298E-5 3.68408E-5 3.48001E-5 3.25373E-5 3.04686E-5 3.51884E-5 2.97321E-5 3.07202E-5 3.10085E-5 1.22901E-5 9.37726E-6 1.76911E-5 2.75674E-5 1.37385E-5 1.25872E-5 1.17447E-5 1.1583E-5 1.27908E-5 1.13957E-5 1.20687E-5 1.27576E-5 1.50918E-5 1.53712E-5 1.27785E-5 1.27959E-5 1.4166E-5 1.61411E-5 3.16063E-5 2.31376E-5 2.66707E-5 4.11194E-5 2.19935E-5 2.16922E-5 3.1021E-5 4.12312E-5 5.26419E-5
1.37091E-5 1.53657E-5 1.15735E-5 1.65275E-5 2.69183E-5 3.15725E-5 3.10919E-5 3.26455E-5 2.25431E-5 1.2121E-5 2.27548E-5 3.60104E-5 3.13331E-5 2.61201E-5 2.85686E-5 1.97296E-5 2.63107E-5 3.12068E-5 2.20034E-5 3.19098E-5 2.70233E-5 9.28998E-6 2.98122E-5 3.46415E-5 3.49019E-5 3.20298E-5 3.18846E-5 3.42156E-5 3.87081E-5 3.66066E-5 3.88414E-5 3.27368E-5 3.04343E-5 2.87012E-5 1.74691E-5 1.61637E-5 1.06535E-5 1.24701E-5 1.12903E-5 1.22986E-5 1.21294E-5 1.18231E-5 1.09805E-5 1.05322E-5 1.19564E-5 1.09502E-5 1.14341E-5 1.19755E-5 1.25019E-5 1.18256E-5 1.30486E-5 1.3666E-5 1.86416E-5 4.00367E-5 2.79004E-5 2.29115E-5 2.48848E-5 1.89788E-5 2.32405E-5 2.12999E-5 3.53629E-5
2.04389E-5 1.98151E-5 1.84257E-5 2.46145E-5 2.72498E-5 2.86766E-5 2.92626E-5 2.38704E-5 1.57241E-5 1.50243E-5 1.60909E-5 3.48236E-5 3.68609E-5 2.76946E-5 3.72572E-5 3.11846E-5 3.08275E-5 2.77101E-5 2.91275E-5 3.1574E-5 2.85668E-5 2.49359E-5 1.02736E-5 1.43569E-5 3.06243E-5 3.52784E-5 3.70653E-5 3.59914E-5 3.41865E-5 3.57627E-5 3.97781E-5 3.95177E-5 3.40401E-5 3.98455E-5 3.93879E-5 3.55764E-5 1.29036E-5 1.4055E-5 1.44488E-5 1.55878E-5 1.81822E-5 1.81822E-5 1.49193E-5 1.45122E-5 1.31123E-5 1.3075E-5 1.25418E-5 1.36501E-5 1.49017E-5 1.31529E-5 1.37282E-5 2.04357E-5 1.54789E-5 4.81811E-5 4.81038E-5 4.13473E-5 4.11409E-5 3.09518E-5 3.76887E-5 1.63043E-5 1.87255E-5
2.86282E-5 2.79107E-5 3.07156E-5 2.87648E-5 2.66987E-5 2.96369E-5 3.13838E-5 3.74209E-5 3.30362E-5 2.68629E-5 1.50243E-5 3.37094E-5 3.40077E-5 2.77607E-5 3.61473E-5 3.5469E-5 3.65826E-5 3.11389E-5 3.18957E-5 3.21289E-5 3.17103E-5 2.8604E-5 1.38373E-5 1.00875E-5 2.04761E-5 3.18903E-5 4.00062E-5 3.57243E-5 3.68718E-5 3.94968E-5 3.32957E-5 3.35456E-5 2.40558E-5 1.81249E-5 1.80067E-5 1.56894E-5 2.59631E-5 2.79238E-5 2.68005E-5 2.66842E-5 3.28233E-5 3.32075E-5 2.74724E-5 2.21801E-5 2.00545E-5 2.14834E-5 3.00582E-5 1.99131E-5 2.68662E-5 2.95753E-5 1.73697E-5 4.33605E-5 4.71865E-5 4.08796E-5 4.58325E-5 4.81568E-5 4.36646E-5 4.31993E-5 4.19931E-5 3.49644E-5 2.2309E-5
3.20802E-5 3.23831E-5 3.27372E-5 2.85689E-5 2.68362E-5 2.1374E-5 2.6613E-5 2.62168E-5 2.8246E-5 2.71711E-5 1.92107E-5 3.27751E-5 3.58387E-5 3.72927E-5 3.02771E-5 3.49437E-5 3.84956E-5 3.24718E-5 2.94588E-5 3.12084E-5 3.1145E-5 2.93823E-5 1.42862E-5 1.15164E-5 2.29455E-5 2.90118E-5 1.54821E-5 3.62476E-5 3.96906E-5 3.20376E-5 3.23948E-5 1.69435E-5 2.69215E-5 4.05628E-5 4.00996E-5 3.446E-5 3.33732E-5 3.31025E-5 3.26353E-5 3.679E-5 3.73232E-5 3.86783E-5 3.64478E-5 3.67628E-5 3.36418E-5 2.63663E-5 3.47175E-5 3.10066E-5 3.28153E-5 3.42683E-5 1.93918E-5 2.5579E-5 3.98634E-5 4.31577E-5 4.35368E-5 4.49713E-5 4.80553E-5 5.01164E-5 4.65509E-5 3.80963E-5 2.45351E-5
2.92823E-5 2.65206E-5 2.80727E-5 2.66026E-5 1.75199E-5 2.15138E-5 2.318E-5 2.47584E-5 3.20355E-5 2.5853E-5 1.39581E-5 1.20613E-5 1.33945E-5 2.48427E-5 2.88082E-5 3.51137E-5 3.64302E-5 3.4999E-5 3.15463E-5 3.21918E-5 2.997E-5 2.94235E-5 2.86217E-5 3.48489E-5 2.89361E-5 4.08663E-5 2.93077E-5 2.44932E-5 3.38639E-5 2.52816E-5 2.08718E-5 2.24196E-5 2.74713E-5 1.78299E-5 3.34847E-5 4.26666E-5 4.14137E-5 3.73653E-5 3.82297E-5 4.23932E-5 3.97082E-5 4.02129E-5 4.21698E-5 4.2231E-5 3.8573E-5 3.92715E-5 4.11295E-5 3.99907E-5 3.87359E-5 4.30612E-5 3.8376E-5 4.20133E-5 4.07674E-5 4.32689E-5 4.83667E-5 4.58425E-5 4.50669E-5 4.20394E-5 4.06397E-5 2.5682E-5 2.52197E-5
2.51763E-5 2.42124E-5 2.44398E-5 2.17644E-5 2.41293E-5 2.6835E-5 3.10349E-5 2.75523E-5 2.46146E-5 1.81753E-5 2.69638E-5 2.76151E-5 2.78345E-5 2.34829E-5 2.09232E-5 3.33744E-5 3.30329E-5 2.92604E-5 3.08605E-5 3.73927E-5 3.61783E-5 2.9464E-5 1.91078E-5 1.32019E-5 2.94336E-5 3.49361E-5 3.57875E-5 3.83633E-5 3.87213E-5 4.16202E-5 3.71054E-5 3.3097E-5 3.87804E-5 3.72107E-5 2.87923E-5 3.86034E-5 4.18193E-5 4.16479E-5 3.83854E-5 3.97791E-5 4.25875E-5 4.28465E-5 4.1182E-5 4.37515E-5 3.89061E-5 3.61687E-5 4.38727E-5 4.61253E-5 4.64417E-5 4.70072E-5 4.03662E-5 4.12687E-5 4.06351E-5 3.78249E-5 4.51215E-5 3.83591E-5 2.98531E-5 4.67807E-5 4.59172E-5 2.78896E-5 2.70544E-5
3.02948E-5 2.89669E-5 2.70836E-5 2.23587E-5 2.89412E-5 2.88703E-5 2.92394E-5 2.87553E-5 2.90253E-5 3.00506E-5 3.02779E-5 2.87356E-5 3.15193E-5 2.3081E-5 2.84755E-5 3.39072E-5 3.31324E-5 3.14735E-5 3.38458E-5 3.82286E-5 3.14822E-5 1.55643E-5 2.365E-5 3.72373E-5 3.88647E-5 3.14093E-5 4.29746E-5 3.36084E-5 3.26331E-5 3.69051E-5 4.31273E-5 4.3643E-5 3.80843E-5 3.28185E-5 3.0173E-5 3.30567E-5 2.86892E-5 2.7016E-5 3.18709E-5 2.53389E-5 3.29918E-5 3.73741E-5 4.38684E-5 3.815E-5 4.08273E-5 3.94668E-5 3.33957E-5 3.89334E-5 4.81162E-5 4.99988E-5 4.54004E-5 4.73808E-5 4.00847E-5 3.36595E-5 4.37208E-5 4.21627E-5 3.11569E-5 4.73198E-5 4.23366E-5 2.43069E-5 2.52553E-5
3.26724E-5 2.86773E-5 2.57875E-5 2.71341E-5 2.92197E-5 3.30459E-5 3.26685E-5 3.17666E-5 2.88827E-5 3.49568E-5 3.62804E-5 3.43188E-5 3.10795E-5 2.65854E-5 3.46836E-5 3.57726E-5 3.03692E-5 2.90116E-5 1.92039E-5 2.29296E-5 3.40703E-5 3.35231E-5 2.83187E-5 2.69066E-5 3.45759E-5 1.98795E-5 3.81065E-5 3.95591E-5 2.90766E-5 3.46597E-5 4.43536E-5 4.58394E-5 4.04515E-5 3.71362E-5 3.64899E-5 3.87323E-5 4.08233E-5 3.88329E-5 3.90886E-5 3.46207E-5 3.44994E-5 3.60033E-5 3.85836E-5 3.79257E-5 3.82959E-5 3.82959E-5 3.9425E-5 2.44539E-5 2.43468E-5 4.21616E-5 3.81197E-5 3.72985E-5 2.67333E-5 4.42355E-5 3.59808E-5 4.41314E-5 4.35181E-5 4.50177E-5 3.55165E-5 4.26859E-5 4.5241E-5
3.31793E-5 3.17666E-5 3.06232E-5 2.84804E-5 2.64926E-5 3.28423E-5 3.10739E-5 3.09519E-5 2.66573E-5 3.19381E-5 3.75526E-5 3.69649E-5 3.03224E-5 3.35535E-5 3.62897E-5 3.47134E-5 3.16971E-5 2.40329E-5 1.79979E-5 2.86258E-5 4.34326E-5 4.1577E-5 3.28669E-5 2.57405E-5 3.12444E-5 2.84565E-5 3.11906E-5 2.26603E-5 2.11599E-5 2.67867E-5 3.57078E-5 4.28867E-5 4.37154E-5 4.41574E-5 4.26556E-5 3.91445E-5 3.94882E-5 3.78767E-5 3.43351E-5 3.35691E-5 3.84145E-5 4.08319E-5 3.80859E-5 3.92715E-5 3.82462E-5 3.76357E-5 3.47458E-5 3.20049E-5 3.70217E-5 3.28153E-5 4.12862E-5 4.01691E-5 3.72328E-5 4.74008E-5 4.53479E-5 4.65161E-5 5.52489E-5 5.06967E-5 4.4878E-5 3.47312E-5 2.76866E-5
3.11629E-5 3.35999E-5 3.46145E-5 3.00242E-5 2.86367E-5 3.11629E-5 3.34972E-5 3.07929E-5 3.18202E-5 3.05984E-5 3.00085E-5 3.3012E-5 3.13396E-5 3.05904E-5 4.0239E-5 3.58069E-5 3.18007E-5 3.1117E-5 2.93809E-5 2.8853E-5 3.99739E-5 3.27913E-5 2.56295E-5 3.67723E-5 3.74584E-5 3.49928E-5 3.27611E-5 3.82106E-5 2.86858E-5 2.53606E-5 2.98468E-5 4.18512E-5 4.17657E-5 3.80124E-5 4.26721E-5 4.47201E-5 4.38024E-5 4.21994E-5 4.19162E-5 3.94169E-5 3.9448E-5 4.34945E-5 4.38399E-5 4.22383E-5 4.53436E-5 4.42345E-5 4.12934E-5 4.40358E-5 4.28242E-5 4.61425E-5 4.92065E-5 4.7791E-5 4.80191E-5 4.65509E-5 4.68303E-5 4.60756E-5 4.56E-5 4.16774E-5 2.91071E-5 3.01987E-5 2.74622E-5
2.82826E-5 2.95812E-5 3.30826E-5 3.19682E-5 3.03137E-5 2.72295E-5 2.5854E-5 2.48565E-5 3.2055E-5 3.11389E-5 3.49055E-5 3.24394E-5 3.10958E-5 2.68252E-5 3.71546E-5 3.92143E-5 3.98179E-5 4.00026E-5 2.97298E-5 2.49793E-5 2.30118E-5 2.48305E-5 3.79088E-5 3.63614E-5 3.48974E-5 3.21837E-5 3.26993E-5 3.84163E-5 3.64993E-5 2.69027E-5 2.65375E-5 3.05858E-5 3.43189E-5 3.63455E-5 3.69397E-5 4.34565E-5 4.36765E-5 4.60733E-5 4.19751E-5 3.72299E-5 3.59198E-5 3.42275E-5 3.19158E-5 3.77119E-5 3.79396E-5 4.20985E-5 4.23266E-5 4.32433E-5 4.64259E-5 4.27699E-5 4.71163E-5 4.07317E-5 2.44017E-5 2.79161E-5 2.59092E-5 2.85681E-5 2.58327E-5 2.46782E-5 2.3679E-5 2.42597E-5 2.53964E-5
2.71141E-5 2.83995E-5 2.85731E-5 3.06232E-5 2.86837E-5 2.94572E-5 2.90692E-5 2.79454E-5 3.00884E-5 2.97098E-5 3.43132E-5 3.74946E-5 3.21488E-5 2.88359E-5 2.75979E-5 3.29994E-5 3.69471E-5 3.30602E-5 2.56713E-5 2.23904E-5 1.97928E-5 4.02576E-5 3.85631E-5 3.63856E-5 3.73113E-5 3.5693E-5 3.6189E-5 3.20966E-5 3.61086E-5 3.56997E-5 2.98239E-5 2.9015E-5 3.04425E-5 3.38729E-5 3.96118E-5 4.38971E-5 4.67639E-5 4.5747E-5 4.7846E-5 3.9859E-5 4.17258E-5 3.73232E-5 3.96659E-5 4.55966E-5 4.60097E-5 3.82546E-5 3.251E-5 4.04048E-5 4.24135E-5 3.78182E-5 2.5654E-5 2.77782E-5 3.26949E-5 4.52223E-5 3.11569E-5 2.82136E-5 2.78282E-5 2.74143E-5 2.98084E-5 4.02734E-5 4.11529E-5
