Artocarpus hirsutus SDM files/MIS19/results (without bias file)/Arthir_3.asc
ncols         625
nrows         721
xllcorner     69.99986311115
yllcorner     5.99986187915
cellsize      0.041666667
NODATA_value  -9999
[rows 0 to 26 of 721, columns 366 to 426 of 625]
1.28922E-6 3.18915E-6 4.84956E-6 4.49107E-6 2.79316E-6 2.7795E-6 1.58849E-6 2.44662E-6 1.86783E-6 1.4374E-6 2.26639E-6 2.24699E-6 2.07859E-6 1.78174E-6 1.67388E-6 1.01086E-6 1.12406E-6 1.07702E-6 1.65229E-6 2.72165E-6 2.96219E-6 2.98194E-6 3.27385E-6 3.39428E-6 3.49129E-6 5.56235E-6 3.87665E-6 1.56965E-6 3.20945E-6 3.59336E-6 3.16439E-6 2.55888E-6 3.56158E-6 3.38494E-6 2.94832E-6 2.12052E-6 1.71894E-6 1.50747E-6 1.84964E-6 1.986E-6 2.10217E-6 1.64634E-6 1.71814E-6 1.69786E-6 2.09468E-6 3.25927E-6 4.15811E-6 3.82019E-6 2.83092E-6 2.44312E-6 3.82985E-6 4.08466E-6 3.23221E-6 4.52163E-6 4.52076E-6 4.32124E-6 2.75774E-6 3.36136E-6 5.4724E-6 4.91156E-6 3.03533E-6
5.041E-6 6.06885E-6 4.43948E-6 3.0412E-6 3.38024E-6 3.75878E-6 3.43159E-6 4.28111E-6 4.71546E-6 4.45813E-6 5.78537E-6 3.29542E-6 2.83181E-6 2.35115E-6 1.90443E-6 1.79676E-6 1.59712E-6 2.08725E-6 4.0206E-6 4.68652E-6 4.40547E-6 4.62454E-6 3.45141E-6 2.71727E-6 2.01897E-6 1.70345E-6 1.87024E-6 1.95139E-6 2.48604E-6 2.3366E-6 2.10196E-6 4.30969E-6 3.13833E-6 5.729E-6 1.90192E-6 1.10153E-6 9.04005E-7 1.03085E-6 1.43855E-6 1.57163E-6 1.86466E-6 1.51097E-6 1.36746E-6 2.28829E-6 4.6666E-6 5.06219E-6 2.16158E-6 1.52406E-6 1.22912E-6 1.9497E-5 1.9497E-5 1.17407E-6 1.17407E-6 1.15736E-6 1.44316E-6 1.79739E-6 1.77006E-6 1.79551E-6 1.52998E-6 5.07248E-6 5.01107E-6
3.87902E-6 2.34985E-6 2.4949E-6 2.49208E-6 3.42209E-6 5.99741E-6 6.07642E-6 5.10776E-6 4.84808E-6 4.87378E-6 4.8458E-6 4.6196E-6 3.80765E-6 3.31955E-6 2.89193E-6 3.72213E-6 5.07413E-6 5.33263E-6 4.49336E-6 4.76982E-6 4.7251E-6 4.67694E-6 4.34017E-6 3.98494E-6 3.14128E-6 3.54375E-6 2.7001E-6 2.29892E-6 2.1499E-6 1.81379E-6 7.62908E-6 6.71466E-6 5.07722E-6 3.1081E-6 1.2369E-6 1.05488E-6 1.23396E-6 1.34038E-6 1.44342E-6 1.24823E-6 1.19923E-6 1.21647E-6 1.37091E-6 2.05602E-6 2.67888E-6 3.74439E-6 5.9759E-6 5.7769E-6 5.02439E-6 4.51798E-6 3.94068E-6 2.75599E-6 4.00126E-6 3.84809E-6 5.45356E-6 2.85117E-6 5.27132E-6 5.12559E-6 3.54495E-6 2.49376E-6 4.0716E-6
1.55028E-6 2.05481E-6 2.98836E-6 4.9317E-6 5.65646E-6 6.07948E-6 6.2496E-6 6.0048E-6 5.3993E-6 4.60342E-6 4.61072E-6 4.09157E-6 3.59201E-6 3.63153E-6 3.59727E-6 4.88112E-6 6.37254E-6 5.9491E-6 3.21238E-6 3.3826E-6 3.92894E-6 4.40668E-6 3.66173E-6 3.48568E-6 3.20795E-6 2.79184E-6 2.08807E-6 1.53535E-6 2.00647E-6 2.42764E-6 2.51349E-6 7.97189E-6 6.83252E-6 3.55552E-6 2.00371E-6 2.20901E-6 2.48407E-6 2.54125E-6 3.25797E-6 2.44643E-6 2.07373E-6 1.94845E-6 2.13572E-6 2.76517E-6 2.38649E-6 2.28618E-6 1.96217E-6 2.45534E-6 3.16536E-6 4.06104E-6 4.1135E-6 5.15125E-6 5.2437E-6 5.21643E-6 6.3795E-6 4.9458E-6 5.67473E-6 6.06616E-6 6.29437E-6 6.37399E-6 6.1699E-6
2.86056E-6 3.23335E-6 3.49382E-6 5.30596E-6 5.76231E-6 6.36336E-6 6.62667E-6 5.87024E-6 5.95819E-6 6.14538E-6 5.13336E-6 3.69723E-6 3.47637E-6 3.80384E-6 4.14212E-6 4.28848E-6 4.38346E-6 4.99456E-6 3.11784E-6 3.69653E-6 4.43697E-6 4.95285E-6 4.89262E-6 4.55013E-6 4.72276E-6 3.40871E-6 1.69647E-6 4.42564E-6 7.09397E-6 5.30434E-6 5.68741E-6 5.37391E-6 5.34185E-6 3.357E-6 2.78264E-6 3.73457E-6 4.24252E-6 4.57643E-6 4.55352E-6 3.90421E-6 4.10252E-6 4.05977E-6 4.88761E-6 5.41453E-6 6.32166E-6 4.93089E-6 5.23182E-6 6.37843E-6 4.98826E-6 4.90621E-6 5.32471E-6 5.30666E-6 5.28018E-6 5.7146E-6 6.03995E-6 5.25378E-6 5.53065E-6 5.90902E-6 6.57135E-6 6.54975E-6 5.66761E-6
3.65205E-6 3.33914E-6 2.99941E-6 6.53265E-6 6.20491E-6 7.58426E-6 8.29246E-6 6.2038E-6 5.84474E-6 4.73071E-6 4.52992E-6 3.4717E-6 3.10144E-6 3.68309E-6 3.94919E-6 4.21622E-6 3.29719E-6 3.63117E-6 4.68139E-6 4.26607E-6 4.47435E-6 2.7319E-6 2.47251E-6 1.15812E-6 5.98923E-6 4.303E-6 3.70882E-6 4.01702E-6 3.37616E-6 4.01307E-6 7.39439E-6 6.30381E-6 5.24382E-6 4.90974E-6 5.11514E-6 5.65257E-6 4.85885E-6 4.8819E-6 4.59976E-6 4.62749E-6 4.61646E-6 4.92792E-6 4.93976E-6 5.2334E-6 5.97717E-6 5.99881E-6 5.18291E-6 5.77116E-6 5.15207E-6 5.2022E-6 5.92019E-6 5.61058E-6 5.93441E-6 6.32199E-6 5.13381E-6 5.48987E-6 5.52996E-6 5.40251E-6 5.64755E-6 5.95948E-6 5.54948E-6
2.14177E-6 2.02993E-6 4.5052E-6 6.65436E-6 6.68191E-6 8.00418E-6 7.86879E-6 4.97975E-6 3.73127E-6 3.28326E-6 4.26105E-6 2.88867E-6 3.04923E-6 2.96858E-6 3.22896E-6 3.26648E-6 3.40079E-6 3.52579E-6 4.66539E-6 3.7584E-6 3.82689E-6 4.08433E-6 3.80555E-6 2.6382E-6 5.38987E-6 7.02613E-6 5.95316E-6 3.09803E-6 3.95407E-6 2.59795E-6 2.65146E-6 2.18631E-6 2.41377E-6 2.61721E-6 2.42509E-6 3.81841E-6 4.65642E-6 6.15179E-6 6.46338E-6 6.59007E-6 6.87357E-6 4.60186E-6 5.21578E-6 5.63295E-6 6.02052E-6 6.17055E-6 6.15318E-6 4.86097E-6 4.7822E-6 5.33366E-6 6.37586E-6 5.73141E-6 6.34532E-6 6.10566E-6 5.22561E-6 5.71032E-6 6.79044E-6 5.35905E-6 5.47101E-6 5.24428E-6 6.922E-6
1.26868E-6 3.89679E-6 5.68734E-6 6.53776E-6 6.89795E-6 8.25739E-6 8.08995E-6 5.30727E-6 5.0091E-6 5.30169E-6 3.13215E-6 2.75204E-6 3.3261E-6 3.26944E-6 3.39426E-6 3.46707E-6 3.28309E-6 3.55552E-6 5.02014E-6 3.93648E-6 4.39924E-6 3.94343E-6 4.26717E-6 3.51847E-6 5.27837E-6 5.4051E-6 4.53043E-6 3.80352E-6 4.2946E-6 4.98967E-6 4.97727E-6 3.83807E-6 3.61539E-6 2.47442E-6 1.66296E-6 2.34386E-6 2.28129E-6 7.22581E-6 7.47433E-6 5.03871E-6 7.3243E-6 4.46842E-6 5.09281E-6 4.78797E-6 4.56766E-6 6.45388E-6 4.95479E-6 4.56438E-6 3.13889E-6 2.23618E-6 4.27524E-6 4.71787E-6 5.50998E-6 5.0475E-6 5.55107E-6 7.10639E-6 7.45854E-6 6.01509E-6 6.87897E-6 6.09856E-6 6.30005E-6
3.36648E-6 5.05407E-6 6.50896E-6 7.47797E-6 7.25502E-6 9.99583E-6 9.77025E-6 7.9418E-6 6.87909E-6 3.67877E-6 2.51563E-6 2.73957E-6 3.01256E-6 3.99886E-6 3.37454E-6 3.96225E-6 3.18074E-6 4.06837E-6 4.10069E-6 3.70651E-6 4.89112E-6 4.78441E-6 4.6734E-6 4.01588E-6 3.80772E-6 4.03849E-6 2.51897E-6 4.52347E-6 4.58939E-6 4.23902E-6 5.38243E-6 4.05685E-6 3.95511E-6 3.9192E-6 4.15435E-6 3.96455E-6 2.86584E-6 7.44032E-6 5.05405E-6 1.74119E-6 1.48076E-6 2.11292E-6 1.37107E-6 2.17261E-5 1.74578E-6 1.79613E-6 2.58506E-5 2.22849E-5 2.26052E-5 2.39915E-5 1.53333E-6 1.95781E-6 2.05526E-6 2.48407E-6 3.30068E-6 4.83084E-6 4.78112E-6 4.11893E-6 4.27036E-6 6.62689E-6 7.06825E-6
2.9265E-6 5.84692E-6 8.01056E-6 7.91897E-6 7.92328E-6 9.16974E-6 8.29633E-6 7.57034E-6 5.78373E-6 3.11246E-6 2.73484E-6 2.63845E-6 3.28433E-6 3.06464E-6 3.55203E-6 3.15899E-6 3.32193E-6 3.40947E-6 3.6951E-6 3.50256E-6 3.46517E-6 4.01767E-6 4.21287E-6 4.10568E-6 2.72835E-6 3.37872E-6 4.15314E-6 4.17521E-6 4.03569E-6 4.30761E-6 4.70372E-6 4.98626E-6 4.34765E-6 3.46052E-6 3.66841E-6 3.99208E-6 3.7768E-6 3.87184E-6 2.7218E-6 2.63592E-6 3.32892E-6 3.88423E-6 4.77646E-6 6.10747E-6 6.56672E-6 6.40451E-6 5.71137E-6 4.92051E-6 4.71801E-6 5.12103E-6 5.54277E-6 4.67291E-6 3.25449E-6 2.2599E-6 3.58073E-6 4.59266E-6 5.07198E-6 3.02626E-6 4.2054E-6 3.74411E-6 3.43918E-6
2.87974E-6 4.47566E-6 7.43553E-6 8.09174E-6 9.12821E-6 1.00676E-5 9.55487E-6 6.57715E-6 3.87686E-6 3.98105E-6 4.13463E-6 3.24493E-6 2.94246E-6 3.7712E-6 3.41189E-6 3.64106E-6 3.32845E-6 4.66093E-6 5.06989E-6 3.80582E-6 4.94939E-6 4.4524E-6 4.26066E-6 3.57328E-6 3.60921E-6 4.38751E-6 4.55774E-6 6.47069E-6 5.58048E-6 4.25596E-6 4.45832E-6 5.8408E-6 4.20082E-6 4.06669E-6 4.10529E-6 3.86867E-6 4.75498E-6 6.27532E-6 4.37508E-6 5.53473E-6 5.4212E-6 4.25851E-6 5.07274E-6 7.30598E-6 6.85566E-6 5.84701E-6 5.47662E-6 6.29819E-6 5.96248E-6 5.63808E-6 5.5676E-6 5.03803E-6 5.39138E-6 4.77413E-6 4.31761E-6 3.57378E-5 2.01375E-6 2.04262E-6 1.99692E-6 3.0514E-6 4.85893E-6
3.96004E-6 6.04652E-6 8.34188E-6 8.09174E-6 8.75342E-6 7.8672E-6 6.78206E-6 6.85905E-6 4.56399E-6 5.51824E-6 5.03331E-6 3.10087E-6 3.20526E-6 3.71503E-6 3.3218E-6 3.45839E-6 3.4527E-6 4.39308E-6 5.16516E-6 4.49558E-6 6.52024E-6 5.31806E-6 5.04597E-6 3.97945E-6 4.21487E-6 4.72528E-6 4.25533E-6 6.05958E-6 6.06683E-6 4.8113E-6 3.7323E-6 4.9262E-6 4.30646E-6 4.36323E-6 4.08042E-6 4.16324E-6 4.68881E-6 4.65538E-6 4.66105E-6 5.51518E-6 6.01089E-6 4.81711E-6 5.11368E-6 6.22141E-6 5.85635E-6 7.55647E-6 5.17628E-6 5.59789E-6 7.1198E-6 6.5494E-6 6.15613E-6 5.11843E-6 5.83236E-6 5.05614E-6 5.06647E-6 4.80994E-6 4.83916E-6 4.8244E-6 5.77238E-6 6.82743E-6 6.94154E-6
5.95575E-6 6.47581E-6 6.73833E-6 7.30591E-6 6.29869E-6 4.77523E-6 5.72572E-6 6.50165E-6 6.31613E-6 7.82057E-6 5.37661E-6 3.36593E-6 3.4887E-6 4.28087E-6 3.59201E-6 3.43858E-6 3.46407E-6 4.8299E-6 5.59036E-6 5.77789E-6 5.46317E-6 5.20154E-6 3.99737E-6 3.82021E-6 3.72636E-6 4.20404E-6 5.87773E-6 6.85252E-6 5.46426E-6 4.62916E-6 3.43372E-6 5.5538E-6 4.6748E-6 3.96958E-6 4.25038E-6 4.21576E-6 4.29736E-6 4.37487E-6 5.3632E-6 6.18924E-6 6.62649E-6 5.28634E-6 5.07017E-6 4.68266E-6 5.95029E-6 6.19955E-6 4.54413E-6 5.72816E-6 8.13376E-6 6.95363E-6 6.04365E-6 5.3885E-6 7.31651E-6 6.64304E-6 5.51825E-6 4.49159E-6 5.67547E-6 5.76616E-6 5.29383E-6 2.77075E-6 7.20539E-6
3.72986E-6 6.11172E-6 6.0931E-6 6.02823E-6 6.02603E-6 5.73096E-6 6.08333E-6 6.89606E-6 5.32772E-6 5.33061E-6 4.77036E-6 3.8765E-6 4.32879E-6 5.58141E-6 3.94796E-6 3.86726E-6 4.69049E-6 6.56731E-6 4.87443E-6 4.99378E-6 4.8065E-6 6.37821E-6 4.40945E-6 3.56834E-6 4.37745E-6 4.61621E-6 5.05285E-6 5.03976E-6 4.96051E-6 5.01571E-6 4.95231E-6 5.62959E-6 4.89087E-6 4.87442E-6 4.94017E-6 4.47203E-6 4.08012E-6 4.85671E-6 4.42518E-6 4.18E-6 4.95393E-6 4.1149E-6 5.21269E-6 4.22728E-6 3.02256E-6 2.26031E-6 2.1845E-6 2.41941E-6 3.3995E-6 3.54681E-6 2.36542E-6 2.77378E-5 1.64703E-6 2.13091E-6 2.30146E-6 2.99157E-6 3.17598E-6 6.61137E-6 6.57615E-6 6.18977E-6 6.941E-6
3.04617E-6 3.29495E-6 5.32591E-6 6.12211E-6 6.12961E-6 5.81805E-6 5.4842E-6 4.89615E-6 3.9675E-6 4.07066E-6 3.05021E-6 4.27051E-6 4.40544E-6 4.73394E-6 3.53951E-6 2.97892E-6 4.83626E-6 4.91385E-6 3.72075E-6 5.16106E-6 5.26439E-6 5.34357E-6 4.52247E-6 3.87776E-6 4.33683E-6 3.58469E-6 2.75304E-6 2.34456E-6 2.49146E-6 2.53713E-6 3.7539E-6 4.08462E-6 4.28476E-6 4.53239E-6 7.38139E-6 6.35728E-6 6.55327E-6 3.78437E-6 3.13921E-6 3.03065E-5 3.36001E-5 3.58553E-5 3.52855E-5 3.00182E-5 2.36916E-5 2.76382E-5 2.55922E-5 2.41095E-5 2.45233E-5 2.07806E-5 2.60273E-5 1.88735E-6 1.95318E-6 2.26962E-6 2.45077E-6 3.21664E-6 3.73427E-6 4.43443E-6 7.1454E-6 7.53152E-6 6.9947E-6
4.06332E-6 3.85738E-6 4.02517E-6 4.42842E-6 5.24497E-6 5.70418E-6 5.62691E-6 4.6027E-6 2.84513E-6 3.44198E-6 2.1937E-6 1.67672E-6 4.10124E-6 4.25843E-6 2.08077E-6 4.35494E-6 5.34234E-6 4.93126E-6 4.54209E-6 4.49364E-6 3.68665E-6 4.43313E-6 3.21319E-6 3.70879E-5 3.32204E-5 2.54894E-5 2.43993E-5 2.51011E-5 2.70599E-5 2.1876E-6 2.34765E-6 2.9659E-6 3.37366E-6 6.68688E-6 8.81953E-6 6.64559E-6 4.49443E-6 3.71768E-6 3.03368E-6 4.18464E-6 4.42163E-6 4.97995E-6 4.98554E-6 6.43739E-5 6.04554E-5 4.64395E-6 5.52659E-5 2.86455E-5 2.51482E-5 3.08796E-5 4.0336E-6 5.61896E-6 5.8451E-6 5.71567E-6 6.47059E-6 6.81203E-6 6.32865E-6 6.93509E-6 7.78757E-6 7.30178E-6 7.22072E-6
3.44552E-6 3.69536E-6 4.10245E-6 4.99141E-6 3.74883E-6 1.88936E-6 2.47787E-6 2.65847E-6 1.4912E-6 1.85759E-6 1.63653E-6 1.40066E-6 3.11249E-6 2.83378E-6 1.75564E-6 1.76474E-6 1.75468E-6 1.87163E-6 2.69923E-6 2.45853E-6 1.81851E-6 1.95784E-6 2.03586E-6 2.8001E-5 2.46353E-5 2.70452E-5 3.36189E-5 4.56303E-5 3.9815E-6 4.3014E-6 4.85974E-6 5.02138E-6 6.02006E-6 7.449E-6 7.8619E-6 6.93985E-6 4.04609E-6 3.24779E-6 2.97439E-6 4.79791E-6 7.98687E-6 7.67641E-6 6.31016E-6 5.32254E-6 4.14019E-6 6.03342E-5 3.33857E-5 2.83682E-5 2.80156E-5 3.3629E-5 4.34017E-6 7.22119E-6 7.85447E-6 8.76785E-6 8.76326E-6 8.07861E-6 6.54567E-6 6.15355E-6 9.07967E-6 8.77977E-6 8.61155E-6
3.42146E-6 3.87409E-6 3.66446E-6 3.60559E-6 2.45585E-6 1.41321E-6 3.87181E-6 3.74515E-6 1.81061E-6 3.89031E-6 4.0018E-6 3.84034E-6 2.79793E-6 2.28069E-6 1.85215E-6 1.88888E-6 1.89878E-6 1.61644E-6 1.7844E-6 1.82502E-6 1.62074E-6 2.66858E-5 2.74305E-5 3.29595E-5 2.63813E-5 3.65578E-5 4.03808E-6 4.26695E-6 4.4989E-6 4.99183E-6 6.17224E-6 6.28353E-6 5.21776E-6 6.88118E-6 7.12696E-6 6.23191E-6 3.88078E-6 3.36691E-6 3.45453E-6 4.65531E-6 6.39559E-6 6.72881E-6 5.8841E-6 4.39433E-6 4.05577E-6 3.43906E-6 3.11899E-5 2.82046E-5 3.02219E-5 3.27712E-5 4.06626E-5 3.45752E-6 2.9282E-6 5.52727E-6 5.57934E-6 5.01312E-6 4.8906E-6 2.95783E-6 5.22581E-6 7.0167E-6 9.91641E-6
4.50304E-6 4.32196E-6 4.38979E-6 4.57363E-6 2.83813E-6 2.42507E-6 3.15914E-6 3.53105E-6 2.51857E-6 4.11736E-6 3.81536E-6 3.90307E-6 3.09824E-6 2.98258E-6 2.81252E-6 2.90294E-6 2.73095E-6 2.66655E-6 3.0137E-5 2.86273E-6 3.54807E-5 4.53068E-5 4.65955E-5 3.59812E-5 3.02101E-5 3.86865E-6 6.52728E-6 6.03545E-6 5.2092E-6 5.23338E-6 5.20162E-6 6.11231E-6 5.6446E-6 5.43338E-6 6.70378E-6 5.02629E-6 3.78082E-6 3.52703E-6 3.37019E-6 6.41678E-5 6.1741E-5 4.81008E-6 3.73204E-6 4.6473E-5 3.01969E-5 2.62727E-5 2.43294E-5 2.92606E-5 4.20164E-5 3.75024E-6 5.46808E-6 7.89062E-5 4.86081E-5 4.78027E-5 6.92507E-6 8.44252E-6 7.08722E-6 7.033E-6 7.91274E-6 8.49804E-6 6.18801E-6
2.5771E-6 2.42378E-6 2.13521E-6 2.13521E-6 2.95075E-6 4.18076E-6 4.79412E-6 5.14942E-6 3.95863E-6 3.96813E-6 4.31576E-6 4.08717E-6 4.16434E-6 3.40241E-6 3.29848E-6 2.87882E-6 2.79382E-6 2.5405E-6 2.55861E-6 2.76988E-6 3.26958E-6 5.17041E-6 4.11781E-6 5.03829E-5 4.6884E-5 4.86494E-6 7.31191E-6 6.51097E-6 4.9108E-6 6.03217E-6 4.75126E-6 6.09538E-6 4.12022E-6 3.81377E-6 6.20911E-6 5.35615E-6 3.4534E-6 3.67586E-6 3.41388E-6 3.48039E-6 5.03405E-5 4.07002E-5 3.51337E-5 3.28742E-5 3.20412E-5 2.83216E-5 3.66981E-5 5.86841E-5 5.27177E-6 7.11533E-6 7.59979E-6 6.16682E-6 4.84387E-6 6.58587E-5 4.96747E-6 3.15458E-6 3.15458E-6 3.11024E-6 4.56809E-6 3.02341E-6 2.66131E-6
1.60879E-6 1.63163E-6 1.40894E-6 1.40878E-6 1.33134E-6 2.40839E-6 4.91673E-6 5.27449E-6 4.09334E-6 5.24628E-6 5.4915E-6 5.62515E-6 4.75207E-6 4.12712E-6 3.01761E-6 2.50286E-6 2.71062E-6 2.64725E-6 2.86275E-6 4.23524E-6 6.00123E-6 5.09885E-6 5.10189E-5 4.11794E-5 5.19682E-5 6.1944E-6 7.31292E-6 6.55339E-6 5.61638E-6 5.73753E-6 3.89227E-6 4.22236E-6 3.96336E-6 3.43606E-6 3.96018E-6 3.74223E-6 4.43527E-5 3.35348E-5 2.41109E-6 2.40063E-6 3.38176E-5 3.89498E-5 6.05314E-5 5.19785E-6 6.57079E-5 6.94724E-5 7.35984E-5 5.76031E-6 7.5467E-6 5.51316E-6 5.01282E-6 5.17845E-6 4.36381E-6 6.73991E-5 5.01139E-5 3.8757E-5 3.3629E-5 3.18553E-5 3.38011E-5 4.51687E-5 3.17113E-6
3.15741E-6 3.05981E-6 2.4502E-6 2.35708E-6 1.68266E-6 1.42883E-6 1.86154E-6 4.78524E-6 5.36454E-6 4.4524E-6 6.11661E-6 5.51198E-6 5.23603E-6 3.87823E-6 2.97377E-6 2.21489E-6 2.52863E-6 2.51279E-6 3.96405E-6 5.94203E-6 5.68854E-6 4.33064E-6 2.7197E-6 4.44876E-5 4.88698E-5 5.37877E-6 6.79071E-6 4.23649E-6 6.00212E-6 5.56825E-6 4.7785E-5 2.78759E-6 3.80904E-6 3.60337E-5 2.41993E-5 2.19678E-5 2.27E-5 2.48216E-5 3.13869E-5 4.35437E-5 4.47283E-6 7.28847E-5 7.02522E-5 7.95988E-6 6.8454E-6 4.73982E-6 5.12177E-6 5.23043E-6 5.99041E-6 6.86817E-6 5.7797E-6 5.29457E-6 5.82844E-6 4.90666E-6 7.72913E-5 8.21127E-5 7.8202E-5 5.21356E-6 5.8712E-6 7.83979E-6 7.52542E-6
3.58423E-6 3.39917E-6 2.885E-6 2.44438E-6 2.2776E-6 1.66292E-6 1.59053E-6 1.88638E-6 2.15557E-6 3.47531E-6 4.44714E-6 5.37395E-6 4.97198E-6 3.98478E-6 3.37772E-6 2.61723E-6 2.89974E-6 2.96097E-6 3.15057E-6 4.34325E-6 3.90513E-6 2.97264E-6 2.67573E-6 3.79121E-5 3.53672E-5 4.19635E-5 2.75761E-5 2.75761E-5 2.54741E-6 4.65932E-6 2.1808E-5 2.3159E-5 2.47518E-5 2.43709E-5 2.44672E-5 3.08331E-5 4.05112E-5 3.77499E-5 4.12635E-5 5.37116E-5 5.17524E-6 4.48279E-6 3.51743E-5 5.11402E-5 3.98457E-6 2.75605E-6 6.26048E-6 7.74032E-6 7.72798E-6 7.64245E-6 6.83274E-6 4.70303E-6 5.37546E-6 5.05823E-6 5.03647E-6 5.03115E-6 4.83471E-6 7.26043E-5 4.48801E-5 3.37532E-6 7.83343E-6
3.62106E-6 3.81423E-6 3.52651E-6 4.27811E-6 2.80058E-6 2.395E-6 2.32054E-6 2.90772E-6 3.20163E-6 3.15151E-6 3.34332E-6 3.22079E-6 3.91927E-6 4.02359E-6 3.9261E-6 2.74981E-6 2.52569E-6 2.67809E-6 2.60461E-6 3.64802E-5 2.80009E-5 2.88021E-5 2.82368E-5 3.01278E-5 3.59662E-5 2.30959E-5 2.35458E-5 2.68773E-5 3.84469E-5 3.77222E-5 2.4855E-5 2.8616E-5 3.35959E-5 3.48683E-5 4.24497E-5 5.76356E-5 5.81216E-5 4.61871E-5 4.32682E-5 3.49728E-5 3.83764E-5 3.98846E-5 4.34714E-5 3.18014E-5 2.849E-5 3.15732E-5 3.67148E-5 7.97276E-6 8.52418E-6 8.80502E-6 7.03818E-6 4.68932E-6 5.41039E-6 5.45601E-6 3.91286E-6 4.38193E-6 6.45667E-5 2.93115E-5 2.34719E-5 3.61753E-5 6.5812E-6
3.55424E-6 3.56036E-6 4.47239E-6 4.4781E-6 3.09284E-6 2.34941E-6 3.25975E-6 3.72093E-6 3.03527E-6 3.27565E-6 4.24896E-6 2.95267E-6 4.29105E-6 5.60501E-6 4.25447E-6 3.30286E-6 2.84797E-6 2.83794E-6 2.83103E-6 2.78932E-6 4.14986E-5 3.6451E-5 3.88002E-5 3.80444E-5 3.21629E-6 5.05749E-5 3.43805E-5 5.86018E-5 4.09462E-6 4.60586E-5 4.52668E-5 4.52898E-5 5.48302E-5 6.1548E-5 5.91407E-5 4.28207E-5 6.50025E-5 4.34837E-6 5.66366E-5 4.52853E-5 5.04677E-5 4.68146E-5 3.46182E-5 4.72461E-5 6.52913E-5 8.30822E-5 7.88145E-5 5.84259E-5 9.23993E-6 9.49552E-6 6.37873E-6 3.96763E-6 3.4086E-6 4.37517E-6 3.58552E-6 3.6993E-5 2.62265E-5 2.50598E-5 2.80858E-5 4.66431E-5 4.09745E-6
3.31957E-6 3.21439E-6 3.97292E-6 3.99187E-6 3.16075E-6 2.93446E-6 3.41949E-6 2.55375E-6 2.34321E-6 3.76641E-6 3.69298E-6 3.71664E-6 3.93049E-6 4.4691E-6 3.09945E-6 2.77851E-6 2.54929E-6 2.53172E-6 2.47937E-6 3.38143E-6 2.88198E-6 2.61932E-6 4.7502E-5 4.88741E-5 5.11167E-5 3.57941E-6 5.40969E-5 4.21771E-6 5.88869E-5 4.668E-5 4.3724E-5 5.70339E-5 5.49568E-5 4.42908E-5 6.00967E-5 4.64133E-6 4.48521E-6 6.08552E-5 5.95008E-5 5.87323E-5 5.94796E-5 5.97994E-5 6.58737E-5 4.90327E-6 6.66194E-6 5.74804E-6 8.2447E-5 7.70274E-5 5.80652E-5 4.35226E-5 3.80901E-5 3.53156E-6 3.7328E-6 4.00477E-6 5.39365E-5 3.29917E-5 3.94295E-5 8.34145E-5 5.15533E-5 5.04243E-5 6.21497E-5
2.78064E-6 2.72075E-6 2.70844E-6 3.2116E-6 2.77761E-6 2.91581E-6 3.39427E-6 2.802E-6 2.37901E-6 3.02504E-6 2.39187E-6 2.38473E-6 2.79249E-6 2.74448E-6 2.21608E-6 1.86188E-6 3.04561E-5 2.98611E-5 3.63749E-5 3.43871E-5 3.05532E-5 2.67536E-6 4.62317E-5 2.82754E-6 5.30189E-5 4.95379E-5 3.6065E-5 3.26884E-5 3.587E-5 4.69299E-5 4.40159E-5 3.39979E-5 5.70339E-5 5.64618E-5 4.51152E-6 5.85243E-6 5.48863E-6 6.94894E-5 6.4755E-5 6.58834E-5 5.68802E-5 4.61835E-6 6.6999E-6 7.23604E-6 4.72195E-6 6.40733E-5 6.74409E-5 4.4504E-5 2.48053E-5 2.45465E-5 3.55727E-5 3.24194E-6 5.15139E-6 3.28542E-6 4.44603E-5 6.28308E-5 5.40605E-6 7.25592E-6 5.38281E-6 8.37801E-5 6.05295E-6
