Artocarpus hirsutus SDM files/MIS19/results (without bias file)/Arthir_2.asc
ncols         625
nrows         721
xllcorner     69.99986311115
yllcorner     5.99986187915
cellsize      0.041666667
NODATA_value  -9999
[rows 297 to 323 of 721, columns 183 to 243 of 625]
8.20892E-4 9.04089E-4 7.77266E-4 7.44553E-4 6.98642E-4 7.23432E-4 9.04594E-4 9.79302E-4 1.07792E-3 9.19583E-4 8.04595E-4 1.17686E-3 1.99901E-3 9.45479E-4 8.10514E-4 1.64509E-3 1.70237E-3 1.04612E-3 1.42951E-3 2.79346E-3 2.15346E-3 1.3576E-3 3.01672E-3 2.74304E-3 2.38116E-3 2.74157E-3 2.55719E-3 3.38717E-3 2.80288E-3 2.52055E-3 2.87188E-3 2.77417E-3 2.12751E-3 2.40894E-3 2.40867E-3 4.47663E-3 3.04693E-3 2.62621E-3 3.74815E-3 3.6231E-3 4.36112E-3 2.98433E-3 3.74239E-3 2.49737E-3 1.78157E-3 3.78906E-3 2.18362E-3 2.58027E-3 3.40797E-3 3.29992E-3 5.15507E-3 4.48088E-3 2.09168E-3 1.49062E-3 3.71412E-3 6.78021E-3 2.12033E-3 2.33537E-3 2.18541E-3 2.98902E-3 5.27549E-3
7.03317E-4 8.36725E-4 7.52289E-4 8.64087E-4 7.18758E-4 7.86492E-4 8.89048E-4 1.03983E-3 9.8971E-4 1.02089E-3 9.41457E-4 1.58465E-3 1.44483E-3 9.23619E-4 8.69028E-4 2.00778E-3 1.17529E-3 1.17181E-3 1.23299E-3 1.71584E-3 2.36558E-3 1.56817E-3 2.76562E-3 1.84643E-3 2.72366E-3 2.55582E-3 2.51E-3 2.17243E-3 1.94866E-3 1.84784E-3 2.76063E-3 2.69185E-3 1.99178E-3 2.42581E-3 3.76813E-3 3.52852E-3 2.92751E-3 3.45816E-3 5.1833E-3 2.9984E-3 1.86521E-3 1.95477E-3 2.5637E-3 2.0514E-3 2.07639E-3 3.04648E-3 2.01079E-3 2.20963E-3 2.9259E-3 3.48406E-3 3.2737E-3 5.05423E-3 2.01736E-3 1.88098E-3 2.87714E-3 3.46076E-3 1.71391E-3 2.43194E-3 4.22999E-3 4.86114E-3 4.70034E-3
6.9678E-4 7.3906E-4 8.73995E-4 8.19813E-4 7.5513E-4 8.89633E-4 7.91113E-4 8.76288E-4 8.63257E-4 9.37122E-4 8.95616E-4 1.50894E-3 1.86599E-3 8.23162E-4 1.20448E-3 1.1948E-3 1.2898E-3 1.29903E-3 1.30717E-3 1.75711E-3 2.78806E-3 2.12173E-3 1.84237E-3 2.81482E-3 2.46544E-3 2.98626E-3 2.49407E-3 1.71976E-3 1.91029E-3 2.47176E-3 3.4644E-3 1.80531E-3 2.62794E-3 6.5954E-3 3.74773E-3 3.40716E-3 2.83126E-3 3.50834E-3 4.38365E-3 2.99233E-3 2.56189E-3 3.88315E-3 1.96996E-3 2.30634E-3 3.55677E-3 2.6605E-3 3.13851E-3 4.14449E-3 2.47363E-3 1.66557E-3 3.34463E-3 4.02458E-3 1.60163E-3 1.68721E-3 2.06866E-3 2.16975E-3 3.08229E-3 3.12222E-3 4.18795E-3 4.50802E-3 3.20111E-3
1.08771E-3 7.61748E-4 8.47559E-4 7.90603E-4 1.0143E-3 1.19279E-3 9.33571E-4 8.27568E-4 1.04664E-3 9.14445E-4 9.65737E-4 1.49533E-3 1.83826E-3 1.02917E-3 1.64653E-3 8.20173E-4 1.52151E-3 1.27255E-3 1.26793E-3 1.54233E-3 2.19788E-3 2.62318E-3 1.43249E-3 2.53719E-3 2.57157E-3 2.56799E-3 1.73448E-3 1.78757E-3 2.73406E-3 2.39106E-3 1.8659E-3 1.71053E-3 4.36715E-3 4.84415E-3 2.71875E-3 2.54153E-3 3.26476E-3 4.07665E-3 4.35981E-3 3.44602E-3 3.52727E-3 2.67989E-3 2.27205E-3 2.67769E-3 4.94307E-3 3.65015E-3 3.62811E-3 8.34221E-3 2.3005E-3 2.67791E-3 8.18975E-3 9.26818E-3 4.79578E-3 2.17205E-3 2.52136E-3 2.60202E-3 3.03837E-3 3.00028E-3 3.72797E-3 3.44129E-3 3.69571E-3
9.88767E-4 9.4613E-4 9.44156E-4 7.78531E-4 1.10471E-3 1.25232E-3 9.41224E-4 8.40001E-4 8.38421E-4 9.1451E-4 1.10004E-3 1.94935E-3 1.70951E-3 1.05392E-3 9.7059E-4 7.70948E-4 1.24682E-3 1.77164E-3 1.08522E-3 1.75653E-3 1.75847E-3 2.42764E-3 1.63096E-3 2.61029E-3 3.02577E-3 1.68151E-3 1.92988E-3 2.60346E-3 3.08894E-3 1.65929E-3 1.66675E-3 2.98537E-3 5.28201E-3 3.15999E-3 2.66757E-3 4.01762E-3 3.69907E-3 2.62589E-3 2.24094E-3 1.91774E-3 2.19253E-3 1.89216E-3 2.64829E-3 4.93063E-3 4.53078E-3 2.33057E-3 2.30632E-3 7.17939E-3 7.14542E-3 4.65204E-3 8.47233E-3 7.1607E-3 2.79399E-3 1.82607E-3 3.63918E-3 4.75232E-3 2.62984E-3 3.15995E-3 3.57276E-3 3.73702E-3 4.451E-3
1.40572E-3 1.16336E-3 7.38303E-4 9.52318E-4 1.06279E-3 1.30471E-3 1.2646E-3 8.70152E-4 7.75416E-4 9.67044E-4 1.41667E-3 1.16957E-3 1.47855E-3 1.20097E-3 9.06735E-4 1.01225E-3 1.2424E-3 1.64297E-3 1.37454E-3 1.20666E-3 1.71674E-3 2.65364E-3 1.79907E-3 2.33292E-3 1.46806E-3 1.68456E-3 2.28462E-3 2.27481E-3 1.79212E-3 1.46539E-3 3.58845E-3 2.84733E-3 2.48757E-3 2.60919E-3 2.51695E-3 2.2024E-3 2.29343E-3 1.95012E-3 2.76736E-3 4.12391E-3 2.01343E-3 2.25515E-3 4.7362E-3 7.13142E-3 3.90389E-3 2.20613E-3 1.94357E-3 4.90057E-3 6.72603E-3 4.6814E-3 4.42621E-3 2.08336E-3 1.35103E-3 1.94315E-3 3.11182E-3 3.36575E-3 2.92288E-3 3.31411E-3 3.67384E-3 3.95573E-3 4.10029E-3
1.9041E-3 1.18335E-3 8.00543E-4 8.93073E-4 1.09628E-3 1.28208E-3 1.3564E-3 7.59599E-4 8.03519E-4 8.11174E-4 8.45802E-4 1.41395E-3 1.76183E-3 1.23793E-3 1.07863E-3 1.46581E-3 1.15313E-3 1.28953E-3 1.59438E-3 1.18872E-3 7.16785E-4 1.46912E-3 1.84488E-3 2.39265E-3 1.75448E-3 1.26787E-3 1.88108E-3 1.80848E-3 2.1947E-3 4.33169E-3 2.24281E-3 1.99954E-3 1.75162E-3 1.77727E-3 2.11614E-3 2.01303E-3 2.65321E-3 2.54943E-3 4.09051E-3 1.9648E-3 1.95016E-3 2.33709E-3 3.86602E-3 5.77562E-3 2.35071E-3 1.75507E-3 1.87662E-3 4.18161E-3 5.2348E-3 5.95161E-3 2.4071E-3 1.61722E-3 2.20795E-3 2.73395E-3 5.01811E-3 3.08783E-3 3.44349E-3 4.06375E-3 5.04432E-3 4.71637E-3 4.89934E-3
1.55685E-3 8.31101E-4 1.03988E-3 1.29995E-3 1.13811E-3 1.51788E-3 1.26437E-3 8.5934E-4 8.20572E-4 8.78791E-4 8.13291E-4 1.12406E-3 2.08519E-3 1.28548E-3 1.15725E-3 1.13888E-3 1.11645E-3 8.92647E-4 7.98499E-4 7.32947E-4 5.0337E-4 7.58416E-4 1.50224E-3 1.86136E-3 1.51956E-3 1.6559E-3 1.61691E-3 1.67682E-3 2.51906E-3 2.21283E-3 2.04179E-3 2.06751E-3 1.85446E-3 2.12575E-3 2.05771E-3 2.41699E-3 3.33056E-3 4.03709E-3 4.99685E-3 4.26648E-3 3.70204E-3 1.6912E-3 3.2495E-3 5.34099E-3 4.26341E-3 3.84941E-3 4.06689E-3 4.91282E-3 5.14401E-3 2.50943E-3 1.75734E-3 2.28874E-3 2.87567E-3 3.17979E-3 3.47198E-3 3.64705E-3 3.69709E-3 4.12775E-3 4.83109E-3 6.29112E-3 6.0724E-3
1.22299E-3 9.54769E-4 9.77106E-4 1.01687E-3 1.00156E-3 1.5788E-3 1.39287E-3 1.1474E-3 9.1625E-4 9.46601E-4 8.99255E-4 9.63048E-4 2.16227E-3 1.33965E-3 1.35956E-3 5.60638E-4 8.05905E-4 4.22802E-4 4.39041E-4 5.5578E-4 9.03741E-4 7.2398E-4 1.52849E-3 1.2625E-3 1.25468E-3 1.21694E-3 1.3733E-3 1.35555E-3 1.68232E-3 1.66606E-3 1.8646E-3 1.94711E-3 2.46677E-3 2.16805E-3 2.23527E-3 3.18972E-3 4.6528E-3 4.5558E-3 4.32015E-3 3.11318E-3 2.01849E-3 1.48596E-3 2.53585E-3 7.3525E-3 7.35573E-3 6.21401E-3 6.48682E-3 2.86474E-3 1.48167E-3 1.70154E-3 2.56515E-3 3.27008E-3 3.84914E-3 3.47929E-3 4.03282E-3 3.89964E-3 3.9193E-3 4.07766E-3 5.68106E-3 8.59939E-3 6.86144E-3
1.32045E-3 1.03533E-3 1.28009E-3 9.22893E-4 1.47392E-3 1.92335E-3 1.79101E-3 7.46715E-4 5.99085E-4 6.74078E-4 1.61511E-3 1.30057E-3 1.18761E-3 1.07471E-3 9.50254E-4 5.12761E-4 5.73846E-4 6.33305E-4 6.53426E-4 6.39592E-4 9.22369E-4 9.4825E-4 1.63381E-3 1.04438E-3 1.06735E-3 1.35235E-3 1.52598E-3 1.29265E-3 1.83178E-3 2.27246E-3 1.80471E-3 1.44034E-3 2.59822E-3 2.86166E-3 2.82241E-3 3.6685E-3 5.39214E-3 4.61052E-3 4.1134E-3 3.34629E-3 1.75152E-3 2.17565E-3 3.3934E-3 4.76939E-3 3.20746E-3 1.86887E-3 1.57262E-3 1.33377E-3 2.07515E-3 2.9877E-3 3.56171E-3 3.79911E-3 4.17819E-3 4.19301E-3 4.17171E-3 4.46528E-3 4.46251E-3 5.46401E-3 5.80578E-3 5.74823E-3 8.09028E-3
9.76653E-4 1.14795E-3 2.3708E-3 1.09858E-3 8.98377E-4 9.68386E-4 8.53393E-4 7.37387E-4 4.96883E-4 7.76686E-4 1.59062E-3 7.38682E-4 9.74052E-4 9.78314E-4 6.80134E-4 6.28413E-4 6.91655E-4 7.35322E-4 7.65749E-4 7.86493E-4 1.06337E-3 9.31145E-4 1.16721E-3 1.10123E-3 1.54422E-3 1.98961E-3 3.01447E-3 1.53525E-3 1.07673E-3 2.51526E-3 2.10808E-3 1.64077E-3 3.18637E-3 4.10784E-3 3.1604E-3 5.27193E-3 6.36149E-3 4.12223E-3 2.51685E-3 2.58438E-3 3.75799E-3 4.27068E-3 3.50985E-3 4.43448E-3 1.31594E-3 1.37941E-3 1.93863E-3 2.67515E-3 3.46459E-3 3.58804E-3 4.22639E-3 4.22941E-3 4.30498E-3 4.3819E-3 4.44442E-3 4.4003E-3 4.65895E-3 4.20509E-3 3.74727E-3 4.34798E-3 5.68452E-3
1.0777E-3 1.39677E-3 1.5932E-3 3.20187E-3 2.01774E-3 1.21243E-3 7.4916E-4 7.61013E-4 5.21131E-4 6.01436E-4 1.43636E-3 7.59251E-4 1.73515E-3 1.34848E-3 6.81349E-4 6.45787E-4 8.67938E-4 9.69666E-4 9.68114E-4 1.02761E-3 1.30938E-3 1.28382E-3 1.51703E-3 1.75818E-3 2.63865E-3 2.80276E-3 1.48236E-3 9.35121E-4 9.52996E-4 1.64701E-3 1.10303E-3 1.39371E-3 1.48313E-3 1.54027E-3 1.59513E-3 2.71014E-3 6.21084E-3 4.56483E-3 4.78054E-3 4.76984E-3 5.3893E-3 3.66747E-3 2.37581E-3 1.62107E-3 1.82792E-3 2.48074E-3 3.01451E-3 3.49252E-3 3.81514E-3 3.97293E-3 4.04364E-3 4.27459E-3 4.3819E-3 4.57024E-3 4.24898E-3 5.65037E-3 6.79144E-3 7.23325E-3 7.55607E-3 4.88578E-3 4.74695E-3
1.44843E-3 1.85138E-3 1.13234E-3 1.03928E-3 1.05662E-3 8.21936E-4 6.4273E-4 6.31108E-4 7.1484E-4 6.04011E-4 9.82706E-4 1.22443E-3 9.65368E-4 1.17094E-3 7.80375E-4 8.33549E-4 7.86821E-4 8.54989E-4 7.40478E-4 9.21737E-4 9.9197E-4 1.34265E-3 1.70622E-3 1.16675E-3 1.68261E-3 1.43678E-3 9.22837E-4 9.87355E-4 1.16418E-3 1.49311E-3 1.51684E-3 1.51283E-3 1.65755E-3 1.68413E-3 1.622E-3 2.03889E-3 4.0049E-3 5.51025E-3 5.59226E-3 3.71463E-3 2.66783E-3 1.18891E-3 1.21702E-3 2.0333E-3 2.39086E-3 2.33064E-3 2.60967E-3 3.28266E-3 3.87489E-3 3.88254E-3 4.0952E-3 3.46666E-3 3.64726E-3 4.63846E-3 6.61049E-3 4.91135E-3 4.74814E-3 5.16633E-3 4.27153E-3 3.6388E-3 3.6188E-3
2.88009E-3 1.34688E-3 1.13282E-3 1.08869E-3 1.04916E-3 1.03779E-3 9.28361E-4 7.62787E-4 6.87259E-4 7.22079E-4 8.45571E-4 2.29593E-3 9.9736E-4 1.07194E-3 6.99514E-4 8.86614E-4 8.56576E-4 9.07338E-4 8.18786E-4 1.03315E-3 9.11065E-4 9.41128E-4 9.77672E-4 9.28519E-4 9.59461E-4 1.06864E-3 1.33274E-3 1.22044E-3 1.4055E-3 1.65114E-3 1.95247E-3 2.08201E-3 2.08403E-3 2.02305E-3 1.98947E-3 1.64932E-3 1.95192E-3 1.47383E-3 1.22721E-3 1.27304E-3 1.60287E-3 1.61978E-3 1.92377E-3 2.37611E-3 2.76088E-3 3.53177E-3 3.3416E-3 2.82066E-3 3.01268E-3 3.0726E-3 4.26042E-3 6.09031E-3 4.3537E-3 4.64568E-3 5.42287E-3 3.41492E-3 3.65168E-3 3.92978E-3 5.60133E-3 5.20949E-3 5.16297E-3
1.30621E-3 1.4695E-3 1.30135E-3 1.22457E-3 2.0337E-3 1.72322E-3 1.77915E-3 1.36891E-3 6.78278E-4 5.86416E-4 1.05813E-3 1.84902E-3 6.9425E-4 6.6838E-4 7.12083E-4 9.65291E-4 1.0031E-3 9.87459E-4 1.01727E-3 1.09882E-3 1.05185E-3 1.0297E-3 1.09041E-3 1.17732E-3 1.23483E-3 1.29831E-3 1.31723E-3 1.3805E-3 1.70021E-3 1.6259E-3 1.77513E-3 1.79283E-3 1.78061E-3 2.02784E-3 2.94134E-3 1.50661E-3 1.5914E-3 1.56673E-3 1.52796E-3 2.13094E-3 2.16672E-3 2.53984E-3 2.78273E-3 3.02946E-3 3.47611E-3 3.77395E-3 4.43338E-3 3.39493E-3 3.73318E-3 5.05269E-3 7.26656E-3 8.60383E-3 6.46247E-3 7.0116E-3 5.85954E-3 3.16534E-3 3.71257E-3 5.58622E-3 1.00356E-2 8.883E-3 6.38083E-3
1.1938E-3 2.16363E-3 1.60475E-3 2.4657E-3 1.36631E-3 1.88272E-3 1.03388E-3 1.56376E-3 9.25172E-4 1.49263E-3 8.70472E-4 7.39741E-4 7.45367E-4 8.67153E-4 8.43171E-4 1.0856E-3 1.13207E-3 1.00878E-3 1.19936E-3 1.15599E-3 1.22275E-3 1.27512E-3 1.13865E-3 1.18041E-3 1.20249E-3 1.28499E-3 1.65288E-3 1.79323E-3 1.71581E-3 1.773E-3 2.22913E-3 2.06185E-3 2.05542E-3 1.59337E-3 1.75965E-3 1.55307E-3 1.96541E-3 2.20477E-3 2.56254E-3 2.66466E-3 3.08498E-3 2.98947E-3 2.83645E-3 2.99929E-3 3.24876E-3 3.54524E-3 4.42931E-3 3.62444E-3 5.40741E-3 5.63997E-3 6.96023E-3 8.20752E-3 6.96866E-3 5.49972E-3 3.77548E-3 3.39879E-3 5.98192E-3 7.69866E-3 8.9214E-3 7.72542E-3 8.72502E-3
1.36012E-3 1.39725E-3 1.98484E-3 1.70214E-3 2.16468E-3 2.1678E-3 1.38431E-3 1.61939E-3 7.61663E-4 1.41649E-3 7.92828E-4 7.81197E-4 8.70014E-4 8.84231E-4 1.05832E-3 1.16088E-3 1.08554E-3 1.24119E-3 1.20245E-3 1.07787E-3 1.3196E-3 1.53376E-3 1.54417E-3 1.62847E-3 1.56062E-3 1.47652E-3 1.43156E-3 1.6765E-3 1.96824E-3 1.89294E-3 2.32246E-3 2.27684E-3 2.47741E-3 2.23617E-3 2.29833E-3 1.9342E-3 2.09756E-3 2.35257E-3 2.16731E-3 2.43527E-3 3.10297E-3 3.38077E-3 2.8518E-3 2.99366E-3 3.52803E-3 4.49401E-3 5.67842E-3 4.33326E-3 3.68718E-3 4.67405E-3 5.50976E-3 8.73351E-3 5.06521E-3 2.85093E-3 2.76862E-3 5.46935E-3 4.64562E-3 6.61646E-3 4.67397E-3 6.76395E-3 6.83166E-3
1.06429E-3 1.57098E-3 1.91501E-3 2.17963E-3 2.24614E-3 8.63978E-4 5.25788E-4 5.53891E-4 6.26223E-4 7.85505E-4 8.69537E-4 9.30187E-4 1.03197E-3 9.98121E-4 1.05992E-3 1.0884E-3 1.18829E-3 1.23558E-3 1.30222E-3 1.52149E-3 1.35696E-3 1.4201E-3 1.42965E-3 1.64406E-3 1.7685E-3 1.74524E-3 1.82646E-3 1.47806E-3 1.71195E-3 1.80434E-3 2.24111E-3 2.31756E-3 2.25193E-3 2.2664E-3 2.17207E-3 2.19716E-3 1.98686E-3 2.40856E-3 2.64901E-3 2.80128E-3 2.66566E-3 2.97973E-3 3.21886E-3 3.28805E-3 4.11128E-3 3.63021E-3 4.58279E-3 6.17537E-3 3.27251E-3 5.50006E-3 9.9921E-3 6.65129E-3 3.35611E-3 3.7252E-3 5.89296E-3 4.03805E-3 4.78965E-3 4.49572E-3 5.48406E-3 6.83932E-3 7.55121E-3
7.48197E-4 1.17827E-3 6.02035E-4 5.66867E-4 5.77186E-4 5.74764E-4 6.64136E-4 8.36675E-4 9.05875E-4 1.01279E-3 1.05027E-3 1.06227E-3 9.79584E-4 9.76654E-4 1.02727E-3 1.17641E-3 1.19711E-3 1.38176E-3 1.3397E-3 1.46211E-3 1.7256E-3 1.62826E-3 1.5666E-3 1.71586E-3 1.78461E-3 1.74085E-3 1.89912E-3 1.84297E-3 1.43445E-3 1.69116E-3 1.71415E-3 2.10884E-3 2.25275E-3 2.21602E-3 2.1196E-3 1.92146E-3 1.69873E-3 2.15415E-3 2.62274E-3 2.58581E-3 3.15626E-3 2.6045E-3 3.59455E-3 5.12452E-3 5.30383E-3 3.41019E-3 4.32347E-3 7.26169E-3 3.35426E-3 6.05917E-3 1.01057E-2 7.38744E-3 3.81713E-3 4.48062E-3 6.96566E-3 3.24329E-3 7.7918E-3 1.08522E-2 7.69994E-3 6.46726E-3 7.92544E-3
9.88969E-4 2.38441E-3 8.99734E-4 5.31912E-4 6.21141E-4 7.89462E-4 8.42554E-4 9.56087E-4 1.04542E-3 1.02565E-3 1.09674E-3 1.0476E-3 9.19735E-4 1.10892E-3 1.09972E-3 1.13456E-3 1.25323E-3 1.36604E-3 1.72772E-3 1.69219E-3 1.56851E-3 1.76272E-3 1.79459E-3 1.67819E-3 1.93945E-3 1.82367E-3 1.69935E-3 1.81774E-3 1.66244E-3 1.71515E-3 1.55325E-3 1.90984E-3 2.08174E-3 2.26194E-3 1.94725E-3 1.88013E-3 2.16102E-3 2.157E-3 2.59392E-3 3.34523E-3 4.01356E-3 2.4935E-3 2.4705E-3 3.56187E-3 5.14495E-3 6.62123E-3 5.69931E-3 6.58485E-3 2.39233E-3 4.75454E-3 7.94613E-3 5.99856E-3 5.32251E-3 5.17097E-3 8.61982E-3 2.93284E-3 4.03608E-3 4.41325E-3 4.4056E-3 8.64648E-3 7.60073E-3
1.52561E-3 5.34344E-4 1.4826E-3 6.32752E-4 6.45201E-4 8.17121E-4 9.46618E-4 8.08726E-4 8.9582E-4 9.37438E-4 9.61867E-4 9.31065E-4 9.78212E-4 1.05709E-3 1.23522E-3 1.33974E-3 1.40871E-3 1.46753E-3 1.74228E-3 1.75587E-3 1.71878E-3 1.81828E-3 1.77999E-3 1.65508E-3 2.00235E-3 2.02178E-3 1.71969E-3 1.67529E-3 1.80959E-3 1.50888E-3 1.9647E-3 1.75571E-3 1.91129E-3 1.85804E-3 2.55659E-3 3.62441E-3 3.86414E-3 4.77371E-3 3.70609E-3 3.22091E-3 2.80149E-3 3.37919E-3 2.85046E-3 2.30135E-3 2.76358E-3 4.65332E-3 7.89471E-3 4.94585E-3 2.79775E-3 4.86197E-3 8.16376E-3 6.58159E-3 3.50133E-3 4.5299E-3 1.13262E-2 5.1629E-3 3.51708E-3 3.91942E-3 7.04627E-3 7.55247E-3 6.9437E-3
4.64838E-4 5.25515E-4 6.57471E-4 6.48373E-4 7.88557E-4 9.65451E-4 9.82473E-4 1.13682E-3 1.09392E-3 8.98513E-4 9.47378E-4 8.88289E-4 1.09698E-3 1.25701E-3 1.29187E-3 1.41679E-3 1.54433E-3 1.55485E-3 1.77345E-3 1.94849E-3 1.99718E-3 1.97091E-3 1.84599E-3 1.84228E-3 1.71785E-3 2.05066E-3 1.7874E-3 1.78201E-3 1.77835E-3 1.78379E-3 2.72322E-3 3.24874E-3 2.65463E-3 3.92161E-3 2.7522E-3 2.23072E-3 2.54715E-3 4.00321E-3 4.08635E-3 2.92746E-3 1.85781E-3 2.71387E-3 4.59267E-3 2.33716E-3 3.26429E-3 2.73065E-3 6.41297E-3 8.06822E-3 4.30591E-3 5.80049E-3 8.34146E-3 6.01031E-3 7.07928E-3 4.80008E-3 1.11213E-2 1.00809E-2 5.44625E-3 4.9394E-3 3.48466E-3 4.23422E-3 4.34785E-3
7.16165E-4 8.3334E-4 9.75003E-4 9.36256E-4 7.30549E-4 7.91786E-4 8.72582E-4 9.60869E-4 1.08825E-3 8.00443E-4 8.59681E-4 9.98501E-4 9.72841E-4 1.27404E-3 1.27266E-3 1.34886E-3 1.48264E-3 1.58754E-3 1.84506E-3 2.12458E-3 2.10507E-3 2.22556E-3 2.3309E-3 2.75216E-3 3.8903E-3 2.85801E-3 1.99834E-3 3.21665E-3 4.36615E-3 2.54437E-3 4.5723E-3 4.69866E-3 2.37476E-3 1.20455E-3 1.42416E-3 2.25629E-3 2.14289E-3 3.38313E-3 5.19107E-3 3.013E-3 2.65304E-3 1.90247E-3 6.09513E-3 3.34395E-3 2.59595E-3 3.32508E-3 4.50555E-3 7.30836E-3 5.44447E-3 6.84217E-3 6.74729E-3 5.61391E-3 3.91511E-3 4.04885E-3 7.87994E-3 9.29624E-3 7.29214E-3 8.34086E-3 1.01543E-2 1.33176E-2 1.48739E-2
8.18091E-4 8.42481E-4 8.59256E-4 8.61119E-4 8.69929E-4 7.23011E-4 7.44057E-4 7.1098E-4 9.3327E-4 9.90535E-4 9.46283E-4 1.10324E-3 9.54656E-4 1.12091E-3 1.32553E-3 1.44387E-3 1.51251E-3 1.86414E-3 2.20982E-3 2.76942E-3 3.36448E-3 2.79183E-3 4.37872E-3 6.57788E-3 2.97094E-3 1.1502E-3 2.48929E-3 8.35417E-3 3.18818E-3 3.69552E-3 4.16086E-3 2.49904E-3 1.50275E-3 9.24152E-4 2.57109E-3 3.6444E-3 3.15684E-3 1.7728E-3 3.33906E-3 4.96551E-3 2.56977E-3 1.66743E-3 5.10169E-3 6.16253E-3 3.17322E-3 4.94409E-3 4.26667E-3 4.89408E-3 4.98648E-3 7.23018E-3 6.80346E-3 4.85077E-3 4.26174E-3 5.22516E-3 6.44606E-3 1.00589E-2 9.27746E-3 1.18711E-2 8.53899E-3 1.03436E-2 1.12896E-2
7.52092E-4 7.65499E-4 8.29948E-4 8.78589E-4 8.65917E-4 6.98809E-4 7.36076E-4 7.38867E-4 8.00794E-4 1.37373E-3 1.6531E-3 1.72291E-3 1.08328E-3 1.16446E-3 1.77653E-3 2.28874E-3 1.68743E-3 2.21786E-3 3.34246E-3 4.18377E-3 2.34204E-3 2.39898E-3 3.0147E-3 3.25839E-3 1.2821E-3 8.89964E-4 1.10663E-3 5.20145E-3 2.47124E-3 3.73644E-3 3.50654E-3 2.18454E-3 1.2378E-3 1.15433E-3 1.20051E-3 3.99233E-3 2.93601E-3 1.31942E-3 2.68425E-3 4.81004E-3 2.11127E-3 3.03605E-3 6.22401E-3 3.69714E-3 4.90098E-3 4.28991E-3 4.55585E-3 5.5331E-3 5.50914E-3 5.50594E-3 8.08772E-3 7.35855E-3 6.36642E-3 5.84328E-3 7.15906E-3 8.32781E-3 9.62603E-3 5.84212E-3 4.749E-3 5.16309E-3 6.94956E-3
7.33689E-4 7.80604E-4 7.94576E-4 8.21516E-4 9.23022E-4 8.67929E-4 8.11432E-4 9.15505E-4 9.19035E-4 1.78498E-3 1.12079E-3 9.03245E-4 7.76235E-4 1.34195E-3 2.77867E-3 3.06659E-3 2.34965E-3 2.17207E-3 1.70465E-3 1.96922E-3 2.16092E-3 2.5589E-3 2.38848E-3 1.64929E-3 1.80298E-3 1.51836E-3 1.48306E-3 2.35996E-3 4.40643E-3 3.17117E-3 4.85186E-3 2.64592E-3 1.88093E-3 1.65623E-3 1.11759E-3 2.43477E-3 2.90799E-3 1.53244E-3 2.87879E-3 5.86784E-3 3.68528E-3 2.66107E-3 4.2782E-3 3.05739E-3 5.01504E-3 3.60774E-3 4.22193E-3 5.16539E-3 6.40106E-3 6.87689E-3 8.21119E-3 5.8706E-3 5.10281E-3 6.80565E-3 6.08455E-3 4.21719E-3 4.93535E-3 5.13383E-3 4.33515E-3 5.09988E-3 5.80892E-3
6.76931E-4 7.8098E-4 8.36002E-4 8.68289E-4 1.20351E-3 1.46434E-3 1.43381E-3 8.47812E-4 6.0623E-4 8.33386E-4 6.06996E-4 1.00288E-3 8.2149E-4 9.1525E-4 1.42725E-3 1.61442E-3 2.96718E-3 3.44588E-3 4.85983E-3 4.47802E-3 2.85435E-3 2.61766E-3 3.45443E-3 8.72275E-3 5.42234E-3 1.54025E-3 1.59279E-3 2.13305E-3 3.98493E-3 3.98959E-3 4.54398E-3 4.08704E-3 2.08964E-3 1.32845E-3 1.11332E-3 1.77436E-3 3.73509E-3 2.02051E-3 1.98863E-3 5.33257E-3 2.67806E-3 2.30509E-3 3.84079E-3 2.77605E-3 5.39886E-3 4.11646E-3 3.11909E-3 4.73107E-3 6.83428E-3 7.49428E-3 4.69345E-3 4.9096E-3 4.86631E-3 5.03704E-3 5.40373E-3 4.20932E-3 4.01843E-3 3.55209E-3 5.55443E-3 5.55626E-3 6.05836E-3
