Artocarpus hirsutus SDM files/MIS19/results (without bias file)/Arthir_4.asc
ncols         625
nrows         721
xllcorner     69.99986311115
yllcorner     5.99986187915
cellsize      0.041666667
NODATA_value  -9999
[rows 459 to 485 of 721, columns 183 to 243 of 625]
3.61478E-5 3.97607E-5 2.59217E-5 3.08452E-5 4.07161E-5 3.64512E-5 3.6497E-5 4.32339E-5 6.81454E-5 5.86276E-5 4.84357E-5 4.50357E-5 5.84886E-5 4.97685E-5 5.14782E-5 1.54496E-4 1.81057E-4 1.44241E-4 2.1347E-4 1.69042E-4 1.67946E-4 2.07317E-4 1.72268E-4 1.39271E-4 1.39849E-4 1.43305E-4 1.51363E-4 1.68612E-4 1.66377E-4 2.05327E-4 1.7796E-4 1.71793E-4 1.52809E-4 1.75911E-4 1.73423E-4 1.62396E-4 1.59932E-4 1.72324E-4 1.72324E-4 1.70959E-4 1.76147E-4 1.71571E-4 2.4191E-4 1.80666E-4 2.21305E-4 1.97972E-4 1.58343E-4 1.86263E-4 1.28718E-4 1.68688E-4 1.77713E-4 1.5823E-4 1.38411E-4 1.86041E-4 2.65808E-4 2.06612E-4 1.78769E-4 1.73687E-4 1.90268E-4 1.8425E-4 2.96573E-4
3.20689E-5 3.53278E-5 2.68641E-5 2.93043E-5 3.51746E-5 3.43187E-5 2.99838E-5 3.96067E-5 6.04611E-5 6.94607E-5 6.16035E-5 4.83869E-5 4.8169E-5 4.58836E-5 4.52864E-5 1.53347E-4 1.52165E-4 1.62945E-4 1.61461E-4 1.99365E-4 1.64084E-4 1.36536E-4 1.70233E-4 1.5354E-4 1.38537E-4 1.45438E-4 1.63852E-4 1.66016E-4 1.68928E-4 1.66186E-4 1.69239E-4 1.9171E-4 1.80854E-4 1.82779E-4 1.69903E-4 1.72188E-4 1.66753E-4 1.9414E-4 1.97281E-4 1.86444E-4 1.96746E-4 1.90578E-4 2.05066E-4 2.44745E-4 1.9804E-4 2.22173E-4 2.24563E-4 1.79868E-4 1.53829E-4 1.68427E-4 2.09629E-4 1.63021E-4 1.51782E-4 2.21533E-4 2.8855E-4 2.24904E-4 2.17134E-4 2.3874E-4 2.22688E-4 1.75378E-4 4.29739E-4
3.2509E-5 3.29151E-5 2.68375E-5 3.07899E-5 3.4419E-5 3.95501E-5 3.92442E-5 4.14489E-5 5.75021E-5 7.68934E-5 6.97961E-5 6.02689E-5 6.85765E-5 5.50601E-5 4.67896E-5 1.39016E-4 1.50939E-4 1.35183E-4 1.84653E-4 1.92453E-4 2.02567E-4 1.62326E-4 1.55401E-4 1.46465E-4 1.26837E-4 1.32179E-4 1.40597E-4 1.56415E-4 1.61332E-4 1.63558E-4 1.53584E-4 1.56225E-4 1.78535E-4 1.88641E-4 1.77425E-4 1.79811E-4 1.79144E-4 1.76484E-4 2.06223E-4 2.02356E-4 1.95003E-4 2.1031E-4 2.2181E-4 2.44801E-4 2.72027E-4 2.14978E-4 2.9581E-4 2.21847E-4 1.59014E-4 1.82418E-4 2.4306E-4 1.65282E-4 1.96985E-4 2.33362E-4 2.55293E-4 2.70089E-4 2.84489E-4 2.56958E-4 1.88817E-4 2.07525E-4 3.65354E-4
3.88896E-5 5.12164E-5 3.21137E-5 2.6716E-5 2.92156E-5 3.21421E-5 4.10387E-5 5.76233E-5 4.71011E-5 4.61281E-5 5.16969E-5 6.87833E-5 6.43252E-5 4.86384E-5 4.68658E-5 1.47036E-4 1.11974E-4 1.70449E-4 1.76608E-4 1.79209E-4 1.64347E-4 1.56814E-4 1.45023E-4 1.52563E-4 1.37217E-4 1.29943E-4 1.29494E-4 1.32836E-4 1.49338E-4 1.70053E-4 1.59132E-4 1.69356E-4 1.72352E-4 1.71832E-4 1.72708E-4 1.86953E-4 1.83199E-4 1.84597E-4 1.85705E-4 2.4697E-4 2.34862E-4 2.16458E-4 2.07923E-4 2.28838E-4 2.85723E-4 2.21338E-4 3.61073E-4 2.95715E-4 2.31245E-4 1.72858E-4 2.2709E-4 1.70771E-4 2.47224E-4 2.15069E-4 2.57574E-4 2.69809E-4 3.5874E-4 2.71905E-4 2.55829E-4 3.01984E-4 3.18012E-4
5.57119E-5 5.46109E-5 3.97001E-5 2.35149E-5 3.95379E-5 4.74237E-5 4.00772E-5 5.23102E-5 4.49238E-5 3.57858E-5 3.59756E-5 5.17503E-5 5.53198E-5 5.12456E-5 1.57306E-4 1.36235E-4 1.14997E-4 1.54141E-4 1.30743E-4 1.72962E-4 1.53546E-4 2.17908E-4 1.737E-4 1.23269E-4 1.24891E-4 1.39859E-4 1.3748E-4 1.3933E-4 1.41205E-4 1.41237E-4 1.35652E-4 1.50663E-4 1.4959E-4 1.83236E-4 1.89294E-4 1.99592E-4 1.8177E-4 2.11272E-4 2.42448E-4 2.08272E-4 2.43004E-4 2.28048E-4 2.32128E-4 2.60398E-4 4.65223E-4 2.66475E-4 2.6581E-4 3.45576E-4 2.36292E-4 2.50035E-4 1.99995E-4 2.03426E-4 2.29985E-4 2.2524E-4 2.49316E-4 3.52777E-4 3.01457E-4 1.86052E-4 5.09788E-4 4.11273E-4 2.87913E-4
3.91918E-5 4.9115E-5 3.59749E-5 2.84718E-5 3.86279E-5 3.93829E-5 2.98363E-5 3.91074E-5 4.49819E-5 3.67526E-5 3.42857E-5 3.76291E-5 5.98768E-5 6.48163E-5 1.65243E-4 1.2216E-4 1.03898E-4 1.43027E-4 1.14887E-4 1.45265E-4 1.4224E-4 1.90634E-4 1.64023E-4 1.30795E-4 1.22784E-4 1.16275E-4 1.05098E-4 1.1764E-4 1.28569E-4 1.43105E-4 1.34623E-4 1.48534E-4 1.15681E-4 1.53729E-4 2.08791E-4 2.28083E-4 1.99637E-4 2.22152E-4 2.97159E-4 2.57771E-4 3.68627E-4 3.9579E-4 3.94484E-4 2.63648E-4 3.75811E-4 3.16864E-4 3.28541E-4 2.62473E-4 2.78298E-4 2.46079E-4 2.22625E-4 4.36779E-4 2.02444E-4 2.68814E-4 2.28799E-4 4.30407E-4 2.22691E-4 2.27741E-4 8.73601E-4 4.42502E-4 3.30189E-4
3.04022E-5 4.86281E-5 4.38517E-5 3.19419E-5 3.31991E-5 3.22713E-5 4.56853E-5 6.65328E-5 4.52243E-5 3.20172E-5 3.3636E-5 3.37679E-5 4.43293E-5 6.55088E-5 1.79642E-4 1.65515E-4 1.24541E-4 1.02831E-4 1.15459E-4 1.37379E-4 1.33828E-4 1.47942E-4 1.54372E-4 1.32739E-4 1.34462E-4 1.48547E-4 1.17287E-4 1.14007E-4 1.18625E-4 1.30075E-4 1.27507E-4 1.38881E-4 1.16012E-4 1.10441E-4 1.56212E-4 3.06029E-4 2.57196E-4 2.67204E-4 2.47448E-4 2.12441E-4 6.0047E-4 5.19795E-4 4.4507E-4 2.74917E-4 3.40569E-4 2.6602E-4 3.00185E-4 4.07721E-4 3.05402E-4 3.57343E-4 3.51192E-4 4.72374E-4 3.78804E-4 3.57552E-4 2.45146E-4 2.64222E-4 2.59354E-4 6.07473E-4 8.15339E-4 3.9853E-4 3.32125E-4
3.41981E-5 3.35335E-5 4.11864E-5 3.39842E-5 3.30089E-5 3.43274E-5 4.04893E-5 4.19503E-5 3.88289E-5 2.94135E-5 3.68428E-5 4.35025E-5 4.23746E-5 5.38911E-5 1.83537E-4 1.73072E-4 1.52745E-4 1.33721E-4 9.41082E-5 1.23331E-4 1.18792E-4 1.2821E-4 1.4792E-4 1.52042E-4 1.23775E-4 1.50812E-4 1.40313E-4 1.40198E-4 1.6299E-4 1.35092E-4 1.47227E-4 1.70172E-4 1.85247E-4 1.3093E-4 1.08878E-4 2.04985E-4 2.54215E-4 3.05591E-4 4.34451E-4 3.24777E-4 5.00656E-4 3.65316E-4 3.44774E-4 3.28445E-4 3.67929E-4 3.78773E-4 4.8159E-4 4.52172E-4 3.9208E-4 5.11461E-4 3.01102E-4 5.11455E-4 5.61639E-4 3.19731E-4 3.68499E-4 2.75371E-4 4.0181E-4 7.76962E-4 7.6608E-4 5.59334E-4 4.81257E-4
3.99164E-5 3.70284E-5 3.90799E-5 3.32479E-5 3.37551E-5 3.66758E-5 3.70839E-5 3.37985E-5 3.25753E-5 3.35432E-5 4.66583E-5 3.43034E-5 4.89585E-5 1.48925E-4 1.35713E-4 1.66958E-4 1.57859E-4 1.46644E-4 1.1752E-4 8.89853E-5 1.39915E-4 1.22503E-4 1.1758E-4 1.26411E-4 1.15926E-4 1.22937E-4 1.69283E-4 1.81506E-4 1.11643E-4 1.05098E-4 9.34537E-5 2.4216E-4 3.61148E-4 3.14508E-4 2.11964E-4 1.79626E-4 1.50566E-4 2.72642E-4 2.20227E-4 3.47779E-4 4.34494E-4 4.76404E-4 4.29037E-4 6.34956E-4 5.32895E-4 3.80631E-4 4.84746E-4 5.38383E-4 4.66887E-4 6.32279E-4 4.05951E-4 6.05017E-4 4.86763E-4 4.9598E-4 5.36812E-4 3.41407E-4 3.96279E-4 9.20709E-4 6.45772E-4 6.15387E-4 5.85423E-4
3.44698E-5 4.03514E-5 3.93692E-5 3.33336E-5 3.29484E-5 3.90428E-5 3.25784E-5 3.67794E-5 3.65854E-5 3.77499E-5 4.02212E-5 5.47939E-5 6.07347E-5 1.59834E-4 1.21937E-4 1.24118E-4 1.31715E-4 1.29159E-4 1.3117E-4 1.10003E-4 1.01642E-4 1.16847E-4 1.03007E-4 1.02438E-4 1.16564E-4 1.14927E-4 1.41386E-4 1.30234E-4 1.29541E-4 1.38962E-4 1.11943E-4 1.05915E-4 3.05345E-4 3.41796E-4 3.20703E-4 2.58872E-4 1.9701E-4 3.27868E-4 2.05009E-4 6.17756E-4 6.65262E-4 6.37552E-4 4.53131E-4 6.41438E-4 5.97515E-4 5.06908E-4 5.14186E-4 6.21927E-4 5.58135E-4 7.10435E-4 5.39588E-4 7.14025E-4 5.11074E-4 7.13261E-4 4.96144E-4 4.10218E-4 8.57606E-4 1.04232E-3 6.15698E-4 6.18858E-4 6.01398E-4
3.43856E-5 3.2943E-5 4.15201E-5 4.33084E-5 3.26262E-5 4.51113E-5 3.14376E-5 3.26636E-5 3.00136E-5 3.60415E-5 3.99692E-5 4.87088E-5 5.12984E-5 1.44202E-4 1.41514E-4 1.42927E-4 1.24976E-4 1.31024E-4 1.22079E-4 1.19355E-4 1.14981E-4 1.04635E-4 1.28028E-4 1.26709E-4 1.36323E-4 1.46551E-4 1.32271E-4 1.00955E-4 1.95369E-4 2.71467E-4 3.09977E-4 1.93851E-4 1.47779E-4 1.48112E-4 3.95058E-4 4.17571E-4 9.92277E-4 2.92631E-4 3.32205E-4 1.13957E-3 8.78137E-4 7.62505E-4 6.35483E-4 6.09939E-4 8.07152E-4 6.97741E-4 8.40978E-4 7.06978E-4 6.4381E-4 7.14811E-4 6.19856E-4 7.62711E-4 7.94535E-4 7.75899E-4 4.67599E-4 4.66159E-4 8.21544E-4 8.39127E-4 7.8212E-4 7.35175E-4 6.48148E-4
3.40949E-5 3.08829E-5 4.25461E-5 4.24794E-5 3.3665E-5 4.47797E-5 3.41198E-5 3.3315E-5 3.60679E-5 3.32651E-5 3.14666E-5 2.90889E-5 3.35198E-5 1.76966E-4 1.67613E-4 1.34441E-4 1.53628E-4 1.57188E-4 1.31007E-4 1.20112E-4 1.1812E-4 1.17095E-4 1.60137E-4 1.37452E-4 1.54824E-4 1.54618E-4 9.89726E-5 1.21367E-4 3.41843E-4 3.91463E-4 3.627E-4 3.06417E-4 3.07252E-4 3.32474E-4 2.00107E-4 4.04723E-4 8.16945E-4 7.12495E-4 2.95021E-4 1.10332E-3 1.32408E-3 9.27944E-4 1.00009E-3 8.53605E-4 8.46267E-4 8.54414E-4 9.27357E-4 8.72293E-4 7.56884E-4 8.07805E-4 6.91632E-4 8.87885E-4 9.11931E-4 7.41118E-4 5.86431E-4 5.87083E-4 1.80785E-3 1.13876E-3 7.94289E-4 7.63556E-4 7.81387E-4
3.28213E-5 3.45689E-5 3.86848E-5 4.2646E-5 4.07426E-5 3.27009E-5 3.18069E-5 3.3203E-5 3.70196E-5 3.31805E-5 3.12086E-5 3.12015E-5 3.52972E-5 1.45155E-4 1.86804E-4 1.50611E-4 1.75512E-4 1.53209E-4 1.45804E-4 1.22187E-4 1.40679E-4 1.29335E-4 1.43128E-4 1.61007E-4 1.52374E-4 1.17538E-4 1.2212E-4 2.83335E-4 2.95191E-4 2.67589E-4 2.87426E-4 3.52764E-4 4.58719E-4 5.04875E-4 6.3072E-4 4.70237E-4 3.12012E-4 7.31793E-4 4.04688E-4 1.0151E-3 9.32371E-4 1.04465E-3 1.09428E-3 1.04668E-3 8.10932E-4 9.28932E-4 9.1175E-4 1.36298E-3 2.6181E-3 3.16489E-3 9.60275E-4 2.57097E-3 1.44542E-3 1.2134E-3 8.0915E-4 1.08663E-3 1.52087E-3 1.00341E-3 9.64739E-4 3.57455E-3 3.2353E-3
3.36898E-5 3.30353E-5 3.60006E-5 4.12816E-5 3.99718E-5 3.04675E-5 3.42723E-5 3.46084E-5 3.70533E-5 4.33801E-5 3.726E-5 4.37827E-5 4.68555E-5 1.08053E-4 1.40126E-4 1.38885E-4 1.19884E-4 1.41554E-4 1.25875E-4 1.05663E-4 1.53744E-4 1.56273E-4 1.20513E-4 1.72028E-4 1.14454E-4 1.41812E-4 3.31487E-4 2.61534E-4 3.36255E-4 4.0558E-4 3.9961E-4 4.72482E-4 4.64189E-4 4.89298E-4 6.68906E-4 1.10942E-3 7.31111E-4 1.09033E-3 3.62722E-4 6.13438E-4 1.0155E-3 1.34576E-3 1.32802E-3 1.12529E-3 9.21716E-4 1.14623E-3 1.4979E-3 3.55727E-3 1.27981E-3 1.53956E-3 6.50427E-4 1.23733E-3 2.87064E-3 2.61228E-3 1.91177E-3 1.7429E-3 1.20097E-3 3.74555E-3 4.11868E-3 4.89496E-3 4.38956E-3
4.09596E-5 4.09084E-5 4.01049E-5 3.47299E-5 4.21958E-5 3.74218E-5 3.11962E-5 3.59989E-5 3.29027E-5 4.15097E-5 5.20089E-5 4.57251E-5 5.3163E-5 1.30159E-4 1.07697E-4 1.22216E-4 1.22297E-4 1.77785E-4 1.26161E-4 9.78481E-5 1.134E-4 1.50436E-4 1.62025E-4 1.61332E-4 1.21695E-4 1.73356E-4 4.76523E-4 3.51457E-4 3.38432E-4 3.1515E-4 3.20701E-4 5.69754E-4 4.54198E-4 5.81506E-4 7.41369E-4 1.03404E-3 8.14992E-4 2.33467E-3 9.3482E-4 6.56112E-4 7.50638E-4 1.19631E-3 1.62024E-3 2.93574E-3 4.20487E-3 5.20189E-3 1.71366E-3 1.52863E-3 1.90041E-3 1.23143E-3 1.82044E-3 2.56376E-3 1.89441E-3 1.60029E-3 1.46321E-3 1.38105E-3 4.90084E-3 4.12409E-3 4.37573E-3 5.30904E-3 4.46131E-3
4.88832E-5 5.14973E-5 4.58838E-5 4.42638E-5 3.8236E-5 3.20069E-5 3.29579E-5 3.60892E-5 4.31855E-5 3.87626E-5 4.00044E-5 3.4119E-5 4.58546E-5 1.89399E-4 1.15211E-4 1.23075E-4 1.32757E-4 1.5404E-4 1.4553E-4 9.67381E-5 1.27983E-4 1.18845E-4 1.54441E-4 1.7101E-4 1.38087E-4 2.80632E-4 6.31184E-4 5.52888E-4 4.62357E-4 4.64053E-4 4.64419E-4 4.65295E-4 4.50143E-4 4.75477E-4 6.57297E-4 6.99394E-4 7.90218E-4 1.30548E-3 7.16432E-4 1.80462E-3 1.16712E-3 1.88939E-3 5.15623E-3 2.77125E-3 5.83699E-3 4.44628E-3 1.41547E-3 1.40897E-3 2.22227E-3 3.17944E-3 4.14589E-3 2.26055E-3 2.55654E-3 2.05804E-3 6.29415E-3 5.29872E-3 5.02792E-3 5.77081E-3 4.56068E-3 5.73244E-3 4.85887E-3
5.68737E-5 5.09147E-5 4.50352E-5 4.46837E-5 5.04276E-5 4.31453E-5 3.52358E-5 3.4828E-5 3.93099E-5 3.71535E-5 3.90952E-5 3.505E-5 5.39504E-5 1.47206E-4 1.51359E-4 1.7203E-4 1.28134E-4 1.44176E-4 1.34204E-4 1.02177E-4 1.41115E-4 1.2493E-4 1.57715E-4 1.89613E-4 2.83718E-4 4.78784E-4 4.89851E-4 3.44467E-4 6.10218E-4 6.25473E-4 7.40724E-4 6.17814E-4 5.66682E-4 7.31285E-4 6.12695E-4 5.19194E-4 5.28007E-4 5.68392E-4 1.21562E-3 2.59736E-3 2.6116E-3 5.62501E-3 6.72517E-3 1.69084E-3 7.35642E-3 3.0368E-3 1.17573E-3 2.7523E-3 3.00794E-3 7.5097E-3 4.71106E-3 1.89901E-3 2.33074E-3 6.60899E-3 7.33631E-3 5.95036E-3 5.40653E-3 6.72176E-3 5.91553E-3 6.17662E-3 5.62878E-3
5.63311E-5 5.59737E-5 4.34045E-5 5.46371E-5 5.03458E-5 5.22835E-5 3.89225E-5 3.38523E-5 3.78499E-5 3.38959E-5 4.29184E-5 4.73736E-5 4.95198E-5 1.42664E-4 1.86459E-4 1.32347E-4 1.49979E-4 1.45587E-4 1.00457E-4 1.03529E-4 1.75541E-4 2.79651E-4 1.87054E-4 2.6392E-4 4.86685E-4 3.9407E-4 3.22712E-4 2.7785E-4 3.04516E-4 7.33603E-4 4.08844E-4 6.54898E-4 1.13279E-3 1.40765E-3 1.55654E-3 1.39248E-3 1.42274E-3 7.56429E-4 2.90702E-3 3.11263E-3 2.57311E-3 3.28453E-3 4.01453E-3 2.29123E-3 4.9835E-3 2.70855E-3 1.43606E-3 4.69746E-3 3.78111E-3 3.98309E-3 3.9827E-3 3.34825E-3 5.74826E-3 1.09312E-2 7.7177E-3 9.34525E-3 6.21297E-3 7.2326E-3 6.80187E-3 6.44947E-3 7.97899E-3
5.24741E-5 5.52369E-5 5.43159E-5 4.95278E-5 5.51481E-5 5.07846E-5 4.56906E-5 3.87047E-5 4.16823E-5 3.87852E-5 4.93997E-5 4.38077E-5 5.64661E-5 1.22901E-4 2.05255E-4 1.45024E-4 1.56048E-4 1.97768E-4 1.06166E-4 1.04145E-4 1.77696E-4 2.33591E-4 4.60471E-4 2.7373E-4 2.11162E-4 6.01289E-4 3.63811E-4 3.30752E-4 3.32961E-4 2.66274E-4 5.85251E-4 5.51447E-4 1.67605E-3 1.35355E-3 1.0547E-3 1.71473E-3 4.2425E-3 2.41859E-3 6.4998E-3 4.23297E-3 2.84828E-3 4.00109E-3 3.54712E-3 3.89413E-3 6.02581E-3 2.3532E-3 3.07779E-3 4.01141E-3 3.96896E-3 3.5975E-3 6.12042E-3 8.83373E-3 6.4454E-3 1.27425E-2 1.04512E-2 7.91309E-3 7.70984E-3 8.49359E-3 1.17584E-2 5.85534E-3 7.16285E-3
4.46714E-5 5.99341E-5 5.86594E-5 5.46195E-5 6.0369E-5 5.82777E-5 5.49699E-5 4.26206E-5 3.94829E-5 4.20868E-5 3.76043E-5 4.52271E-5 6.6095E-5 1.67216E-4 1.33903E-4 1.5294E-4 1.69618E-4 2.63167E-4 1.08078E-4 1.86881E-4 1.80217E-4 3.16525E-4 5.82991E-4 2.71345E-4 1.47733E-4 2.56887E-4 5.12869E-4 9.35263E-4 6.40694E-4 4.84691E-4 3.62995E-4 4.13305E-4 8.31219E-4 1.66393E-3 4.08246E-3 4.26919E-3 3.47003E-3 4.55763E-3 5.89695E-3 4.30865E-3 3.32792E-3 3.31923E-3 3.99042E-3 6.6082E-3 8.56382E-3 3.67755E-3 3.98229E-3 6.66313E-3 3.72481E-3 5.10842E-3 2.04616E-2 1.20183E-2 7.09019E-3 1.27771E-2 1.46891E-2 1.1675E-2 8.23374E-3 7.32317E-3 8.39492E-3 9.14483E-3 7.78799E-3
4.08232E-5 4.92996E-5 5.89451E-5 5.99012E-5 6.55863E-5 6.22315E-5 6.27064E-5 5.70856E-5 5.42548E-5 4.63049E-5 4.33234E-5 5.63306E-5 5.58405E-5 2.01069E-4 1.34847E-4 1.57445E-4 2.32816E-4 2.4328E-4 1.73502E-4 1.23586E-4 2.33972E-4 2.40643E-4 2.65007E-4 3.14405E-4 1.5173E-4 2.30349E-4 6.67601E-4 4.94219E-4 4.00122E-4 4.66569E-4 4.88188E-4 7.49222E-4 1.75816E-3 2.66357E-3 6.03366E-3 5.076E-3 3.52058E-3 5.04679E-3 3.59384E-3 3.40978E-3 4.99431E-3 4.07672E-3 4.28407E-3 8.72907E-3 6.29197E-3 4.57569E-3 3.77297E-3 7.76061E-3 5.08135E-3 1.07102E-2 1.81999E-2 1.31537E-2 9.30687E-3 1.51208E-2 1.64055E-2 1.64859E-2 1.50421E-2 1.7388E-2 1.13039E-2 1.06707E-2 1.12483E-2
4.69681E-5 4.68952E-5 5.85662E-5 5.21366E-5 6.20919E-5 7.13943E-5 6.57506E-5 6.44024E-5 6.06728E-5 5.80664E-5 4.76666E-5 4.56857E-5 5.22068E-5 2.50199E-4 1.50519E-4 1.51237E-4 1.55203E-4 1.79439E-4 2.47696E-4 1.87021E-4 4.4593E-4 4.66136E-4 1.86161E-4 4.18987E-4 3.16462E-4 2.0426E-4 3.30911E-4 3.14175E-4 2.83187E-4 6.08282E-4 5.99339E-4 1.92114E-3 2.09658E-3 2.67423E-3 2.10577E-3 4.1558E-3 4.30595E-3 5.77216E-3 4.56452E-3 5.70621E-3 6.11725E-3 3.98672E-3 4.92859E-3 9.70357E-3 6.86275E-3 5.60604E-3 4.87978E-3 5.96926E-3 1.69988E-2 1.63892E-2 1.37583E-2 1.43164E-2 9.66296E-3 1.41037E-2 1.39207E-2 2.35838E-2 1.94129E-2 1.53408E-2 1.20935E-2 1.08142E-2 1.03511E-2
6.13574E-5 5.28824E-5 6.18633E-5 6.26418E-5 6.14619E-5 6.20578E-5 7.10058E-5 6.62943E-5 8.17742E-5 7.14845E-5 6.27752E-5 6.68948E-5 5.42518E-5 2.51678E-4 1.98744E-4 1.72908E-4 1.84158E-4 1.62731E-4 1.6212E-4 1.65379E-4 2.00028E-4 2.17335E-4 2.20926E-4 3.95801E-4 4.09143E-4 4.23289E-4 4.45632E-4 8.56952E-4 8.43141E-4 8.33679E-4 1.64358E-3 2.2736E-3 1.49069E-3 2.25106E-3 2.93791E-3 3.17885E-3 6.43731E-3 9.0734E-3 4.06427E-3 6.61804E-3 6.91181E-3 6.69359E-3 6.60805E-3 7.97358E-3 6.9277E-3 5.80662E-3 8.3897E-3 6.8284E-3 1.70622E-2 2.06949E-2 2.02153E-2 1.92355E-2 1.77855E-2 9.96943E-3 1.62167E-2 3.19541E-2 2.98691E-2 2.03384E-2 2.53533E-2 1.53411E-2 1.70486E-2
6.1024E-5 5.87143E-5 5.9909E-5 6.94919E-5 6.95076E-5 6.79864E-5 6.29051E-5 6.93531E-5 7.50012E-5 8.30406E-5 8.54053E-5 9.06074E-5 7.64526E-5 1.77416E-4 1.87142E-4 2.39982E-4 3.10571E-4 2.21389E-4 1.7612E-4 1.9599E-4 2.12402E-4 2.09743E-4 2.17233E-4 2.12852E-4 2.63687E-4 4.80828E-4 6.56324E-4 6.26357E-4 6.61945E-4 1.36803E-3 2.29913E-3 1.67193E-3 1.55664E-3 1.57508E-3 1.64123E-3 1.82599E-3 3.35471E-3 6.1697E-3 6.05201E-3 5.96E-3 6.04831E-3 8.35172E-3 6.4117E-3 7.22656E-3 6.79009E-3 8.3534E-3 8.63429E-3 1.51716E-2 1.83533E-2 2.06268E-2 1.78506E-2 2.10121E-2 2.04002E-2 1.38202E-2 1.69891E-2 3.81911E-2 1.76655E-2 3.65848E-2 2.85643E-2 1.95174E-2 2.11485E-2
5.73115E-5 5.85113E-5 6.50019E-5 6.74867E-5 6.67441E-5 7.14229E-5 6.8899E-5 6.98237E-5 7.15061E-5 7.77724E-5 8.85603E-5 8.93549E-5 6.92323E-5 1.91138E-4 2.2201E-4 2.58242E-4 3.52005E-4 2.67382E-4 2.08729E-4 2.1185E-4 2.73276E-4 2.73635E-4 2.48638E-4 2.51835E-4 2.59363E-4 2.81039E-4 3.55844E-4 6.12333E-4 1.02388E-3 2.45967E-3 1.7525E-3 1.16258E-3 1.10299E-3 2.79383E-3 2.60142E-3 2.10883E-3 3.15033E-3 5.38506E-3 6.63238E-3 7.73077E-3 7.76198E-3 7.42953E-3 6.24321E-3 8.1656E-3 1.03377E-2 8.66321E-3 1.70549E-2 1.79865E-2 1.83799E-2 2.29194E-2 1.58561E-2 1.61728E-2 1.82488E-2 1.805E-2 1.59071E-2 2.28036E-2 1.96462E-2 5.10425E-2 3.30836E-2 2.69678E-2 2.10835E-2
7.18207E-5 6.63813E-5 7.68615E-5 7.87953E-5 7.54571E-5 8.3003E-5 8.95029E-5 9.18857E-5 8.89059E-5 8.20102E-5 7.04672E-5 7.86131E-5 6.73208E-5 2.5233E-4 2.73791E-4 3.08826E-4 2.7859E-4 2.73971E-4 2.54074E-4 2.53165E-4 2.71127E-4 2.76968E-4 3.07796E-4 3.48836E-4 3.38568E-4 3.38183E-4 3.43288E-4 4.29444E-4 1.57831E-3 1.74381E-3 1.06455E-3 9.16253E-4 2.58179E-3 9.68962E-3 7.81559E-3 4.46477E-3 5.93996E-3 8.57614E-3 7.72287E-3 9.9428E-3 8.05135E-3 6.32161E-3 7.09845E-3 1.06869E-2 1.05253E-2 1.92735E-2 1.86244E-2 2.66376E-2 2.0781E-2 1.69361E-2 1.52534E-2 1.73674E-2 2.10141E-2 2.37029E-2 2.06206E-2 1.95497E-2 2.83459E-2 3.62634E-2 2.93547E-2 2.5848E-2 2.55514E-2
7.21313E-5 6.89188E-5 9.51805E-5 8.58228E-5 8.00159E-5 9.70541E-5 1.12008E-4 1.05917E-4 1.01851E-4 8.69745E-5 7.35526E-5 6.81665E-5 9.24081E-5 3.00571E-4 2.62046E-4 3.53842E-4 3.28719E-4 3.11749E-4 2.69338E-4 3.47812E-4 3.60064E-4 3.01196E-4 3.81994E-4 3.82402E-4 2.89576E-4 3.33672E-4 4.8716E-4 1.34153E-3 2.3821E-3 1.38067E-3 7.13706E-4 2.26255E-3 2.09919E-3 1.45091E-2 9.55473E-3 6.33341E-3 6.57498E-3 9.90498E-3 7.13349E-3 8.1053E-3 8.56377E-3 7.64624E-3 1.02749E-2 1.04984E-2 9.04784E-3 1.94233E-2 2.08213E-2 2.7104E-2 2.61378E-2 2.04882E-2 1.49252E-2 1.60544E-2 1.66709E-2 1.931E-2 2.22888E-2 1.87563E-2 2.79962E-2 3.03799E-2 2.28143E-2 1.95604E-2 2.12335E-2
