Artocarpus hirsutus SDM files/MIS19/results (without bias file)/Arthir_9.asc
ncols         625
nrows         721
xllcorner     69.99986311115
yllcorner     5.99986187915
cellsize      0.041666667
NODATA_value  -9999
[rows 270 to 296 of 721, columns 427 to 487 of 625]
8.16671E-4 8.62798E-4 7.99332E-4 8.09183E-4 8.48952E-4 8.43293E-4 8.84648E-4 9.44169E-4 9.31749E-4 9.31058E-4 9.36677E-4 9.94429E-4 1.01678E-3 1.01991E-3 9.69577E-4 9.01723E-4 8.78593E-4 8.25564E-4 8.72741E-4 9.17807E-4 8.39638E-4 8.76714E-4 8.76714E-4 8.82955E-4 8.779E-4 8.83088E-4 8.79209E-4 8.79977E-4 8.78607E-4 8.43785E-4 8.94981E-4 8.81659E-4 8.90495E-4 8.67345E-4 8.56976E-4 8.50801E-4 8.52269E-4 9.14041E-4 9.02755E-4 9.31505E-4 1.05177E-3 1.10521E-3 1.11249E-3 1.10232E-3 1.16593E-3 1.16921E-3 1.21353E-3 1.20765E-3 1.34656E-3 1.32107E-3 1.48321E-3 1.45676E-3 1.46666E-3 1.5253E-3 1.47689E-3 1.4457E-3 1.60292E-3 1.47338E-3 1.41886E-3 1.47748E-3 1.34203E-3
8.6313E-4 8.18401E-4 8.58554E-4 9.05847E-4 9.61725E-4 9.53511E-4 9.5326E-4 1.03503E-3 1.03879E-3 9.83955E-4 1.05008E-3 9.92598E-4 1.00727E-3 1.11453E-3 1.08993E-3 9.56071E-4 8.73946E-4 9.73006E-4 9.10093E-4 9.1429E-4 9.92545E-4 9.75148E-4 8.83421E-4 9.33487E-4 9.77864E-4 9.16638E-4 9.16638E-4 9.0995E-4 9.17624E-4 9.20445E-4 9.35164E-4 9.43802E-4 9.00806E-4 9.67183E-4 9.65358E-4 9.60132E-4 9.58897E-4 1.02934E-3 1.02453E-3 1.04332E-3 1.18766E-3 1.17026E-3 1.17558E-3 1.22759E-3 1.23137E-3 1.4008E-3 1.37769E-3 1.42779E-3 1.41921E-3 1.39451E-3 1.46723E-3 1.4519E-3 1.45287E-3 1.81512E-3 1.69211E-3 1.67411E-3 1.51582E-3 1.49069E-3 1.54322E-3 1.51016E-3 1.56814E-3
9.21189E-4 9.4435E-4 1.01265E-3 1.06153E-3 1.01698E-3 1.0605E-3 1.05976E-3 1.1187E-3 1.11063E-3 1.16632E-3 1.1109E-3 1.06441E-3 1.19619E-3 1.11759E-3 1.15467E-3 1.13014E-3 1.06957E-3 9.62616E-4 9.69971E-4 1.03394E-3 9.82766E-4 9.76541E-4 9.78637E-4 9.84395E-4 9.85273E-4 9.85992E-4 1.04163E-3 9.75115E-4 9.7439E-4 9.75191E-4 9.86998E-4 9.49348E-4 1.00515E-3 1.00343E-3 1.00243E-3 1.0732E-3 1.21485E-3 1.02125E-3 1.09948E-3 1.17708E-3 1.24212E-3 1.23848E-3 1.31363E-3 1.30112E-3 1.36108E-3 1.38337E-3 1.52581E-3 1.42708E-3 1.4946E-3 1.46921E-3 1.65696E-3 1.64131E-3 1.82792E-3 1.76341E-3 1.85001E-3 1.84596E-3 1.50253E-3 1.68662E-3 1.66525E-3 1.61494E-3 1.59594E-3
1.14827E-3 9.85555E-4 1.00369E-3 1.18522E-3 1.13584E-3 1.19622E-3 1.19381E-3 1.1922E-3 1.19301E-3 1.24827E-3 1.17818E-3 1.19551E-3 1.31685E-3 1.26779E-3 1.22345E-3 1.11012E-3 1.13376E-3 1.07681E-3 1.13544E-3 1.03505E-3 1.0629E-3 1.06544E-3 1.17177E-3 1.09782E-3 1.09782E-3 1.03064E-3 1.03653E-3 1.03208E-3 1.05105E-3 9.8318E-4 1.03376E-3 1.18797E-3 1.12785E-3 1.12772E-3 1.21348E-3 1.2045E-3 1.20413E-3 1.30449E-3 1.22479E-3 1.31131E-3 1.31824E-3 1.38272E-3 1.38995E-3 1.45491E-3 1.33894E-3 1.45739E-3 1.51351E-3 1.71343E-3 1.80176E-3 1.78231E-3 1.84658E-3 1.84383E-3 1.82549E-3 1.70096E-3 1.77534E-3 1.84202E-3 1.82289E-3 1.71274E-3 1.80521E-3 1.75604E-3 1.63755E-3
1.08273E-3 1.08562E-3 1.17396E-3 1.18397E-3 1.24774E-3 1.32361E-3 1.40261E-3 1.41154E-3 1.32899E-3 1.31725E-3 1.37479E-3 1.39117E-3 1.32481E-3 1.36082E-3 1.25321E-3 1.11375E-3 1.11621E-3 1.06694E-3 1.12518E-3 1.17876E-3 1.23963E-3 1.16307E-3 1.16228E-3 1.16265E-3 1.17593E-3 1.17025E-3 1.3285E-3 1.39805E-3 1.33696E-3 1.24677E-3 1.26581E-3 1.27966E-3 1.34504E-3 1.37063E-3 1.36824E-3 1.43309E-3 1.4375E-3 1.47257E-3 1.55394E-3 1.38485E-3 1.29703E-3 1.45E-3 1.5477E-3 1.53794E-3 1.82373E-3 1.73706E-3 1.81768E-3 1.89467E-3 1.89273E-3 1.97964E-3 1.96281E-3 1.95432E-3 1.92333E-3 1.92475E-3 1.89063E-3 2.06932E-3 2.04888E-3 1.96756E-3 2.01664E-3 2.0121E-3 1.74382E-3
1.09366E-3 1.15252E-3 1.32309E-3 1.31639E-3 1.33001E-3 1.33086E-3 1.39217E-3 1.3977E-3 1.41184E-3 1.4899E-3 1.39297E-3 1.4008E-3 1.32575E-3 1.46323E-3 1.33492E-3 1.26273E-3 1.12927E-3 1.08848E-3 1.14632E-3 1.19185E-3 1.43078E-3 1.49722E-3 1.47908E-3 1.41241E-3 1.44039E-3 1.34214E-3 1.41651E-3 1.41683E-3 1.41172E-3 1.32162E-3 1.33713E-3 1.40671E-3 1.42488E-3 1.42369E-3 1.50173E-3 1.51959E-3 1.45632E-3 1.54563E-3 1.67702E-3 1.54928E-3 1.75644E-3 1.74966E-3 1.85447E-3 1.95626E-3 1.93118E-3 1.94573E-3 2.17318E-3 2.11503E-3 2.13279E-3 2.09259E-3 1.95374E-3 2.04289E-3 2.09983E-3 2.29098E-3 2.12755E-3 2.21962E-3 2.17759E-3 2.21136E-3 2.1711E-3 1.79588E-3 1.89023E-3
1.12035E-3 1.28822E-3 1.45123E-3 1.54931E-3 1.55431E-3 1.56787E-3 1.55232E-3 1.5553E-3 1.66064E-3 1.64943E-3 1.48159E-3 1.48897E-3 1.49973E-3 1.51318E-3 1.33749E-3 1.24495E-3 1.34503E-3 1.28045E-3 1.23848E-3 1.4233E-3 1.49228E-3 1.59491E-3 1.49506E-3 1.49813E-3 1.50116E-3 1.50319E-3 1.40842E-3 1.40883E-3 1.40981E-3 1.33231E-3 1.49547E-3 1.42258E-3 1.41616E-3 1.4859E-3 1.51657E-3 1.5308E-3 1.64964E-3 1.75089E-3 1.87841E-3 1.86045E-3 1.97419E-3 1.96814E-3 2.07434E-3 2.06015E-3 2.1566E-3 2.15472E-3 2.15666E-3 2.24918E-3 2.25849E-3 2.19001E-3 2.18516E-3 2.17186E-3 2.49135E-3 2.67633E-3 2.36553E-3 2.26545E-3 2.19019E-3 2.32468E-3 2.46797E-3 2.47871E-3 2.29311E-3
1.31205E-3 1.33728E-3 1.60327E-3 1.54967E-3 1.64363E-3 1.68156E-3 1.7552E-3 1.75734E-3 1.66622E-3 1.64849E-3 1.54438E-3 1.63848E-3 1.55183E-3 1.50188E-3 1.34725E-3 1.25472E-3 1.35049E-3 1.38356E-3 1.33382E-3 1.58563E-3 1.66636E-3 1.59355E-3 1.59765E-3 1.58867E-3 1.67633E-3 1.56396E-3 1.59659E-3 1.69298E-3 1.68599E-3 1.5958E-3 1.59507E-3 1.59982E-3 1.59509E-3 1.6E-3 1.70804E-3 1.71077E-3 1.96507E-3 1.95882E-3 1.87031E-3 2.09764E-3 2.09079E-3 2.2018E-3 2.2036E-3 2.18416E-3 2.29178E-3 2.40539E-3 2.40539E-3 2.39819E-3 2.51638E-3 2.49778E-3 2.59759E-3 2.40914E-3 2.57504E-3 2.56939E-3 2.31889E-3 2.50672E-3 2.49012E-3 2.63986E-3 2.4492E-3 2.49118E-3 2.45142E-3
1.45851E-3 1.58805E-3 1.62799E-3 1.8213E-3 1.83772E-3 1.96552E-3 1.8289E-3 1.75511E-3 1.76029E-3 1.96099E-3 1.83401E-3 1.83655E-3 1.64124E-3 1.54061E-3 1.52258E-3 1.52663E-3 1.41542E-3 1.49357E-3 1.80622E-3 1.68673E-3 1.77949E-3 1.8057E-3 1.61511E-3 1.69937E-3 1.70047E-3 1.67645E-3 1.79001E-3 1.79798E-3 1.71432E-3 1.80642E-3 1.70867E-3 1.70129E-3 1.82727E-3 1.90351E-3 1.8049E-3 1.86235E-3 1.9486E-3 1.97662E-3 2.18907E-3 2.20825E-3 2.20293E-3 2.1838E-3 2.44454E-3 2.44454E-3 2.56661E-3 2.38221E-3 2.37383E-3 2.51706E-3 2.82967E-3 2.75877E-3 2.73482E-3 2.57375E-3 2.53838E-3 2.48478E-3 2.54357E-3 2.71117E-3 2.98259E-3 2.62509E-3 2.60981E-3 2.79886E-3 2.6072E-3
1.60794E-3 1.64509E-3 1.8813E-3 1.86504E-3 1.89195E-3 2.03764E-3 2.13949E-3 2.06642E-3 1.94351E-3 1.82885E-3 1.82569E-3 1.71063E-3 1.84436E-3 1.65181E-3 1.55401E-3 1.56165E-3 1.5435E-3 1.57807E-3 1.8962E-3 1.80905E-3 1.80016E-3 1.89289E-3 1.7905E-3 1.82134E-3 1.91912E-3 1.91419E-3 1.78819E-3 1.78521E-3 1.87541E-3 1.89433E-3 1.91401E-3 1.9003E-3 1.89044E-3 1.92072E-3 2.05204E-3 2.04895E-3 2.06547E-3 2.1757E-3 2.35528E-3 2.49972E-3 2.48835E-3 2.6119E-3 2.60777E-3 2.56225E-3 2.72767E-3 2.83873E-3 2.63596E-3 2.67417E-3 2.97385E-3 2.73098E-3 2.85398E-3 2.86455E-3 3.02485E-3 2.81576E-3 2.85329E-3 3.04702E-3 3.16159E-3 3.13814E-3 2.93607E-3 2.9695E-3 2.80465E-3
1.85448E-3 1.86606E-3 1.87986E-3 1.78374E-3 1.794E-3 1.89673E-3 2.0183E-3 2.12381E-3 1.93534E-3 1.95115E-3 1.83041E-3 1.93693E-3 1.84601E-3 1.76468E-3 1.78251E-3 1.74575E-3 1.59487E-3 1.80751E-3 1.94181E-3 1.81111E-3 1.79779E-3 1.92877E-3 1.89627E-3 2.00055E-3 1.99929E-3 1.90459E-3 1.78625E-3 1.88435E-3 1.98474E-3 2.12166E-3 1.97583E-3 1.88729E-3 2.12197E-3 2.10762E-3 2.15319E-3 2.27164E-3 2.31504E-3 2.46427E-3 2.66382E-3 2.65559E-3 2.78541E-3 2.78756E-3 2.92079E-3 2.90969E-3 3.05967E-3 3.00707E-3 2.93075E-3 2.96182E-3 3.10249E-3 3.04076E-3 3.24228E-3 3.21264E-3 2.98004E-3 3.34449E-3 3.40788E-3 3.35705E-3 3.34038E-3 3.10317E-3 2.90027E-3 2.93273E-3 2.95771E-3
1.45786E-3 1.75615E-3 1.8701E-3 1.88584E-3 1.8968E-3 1.91176E-3 1.93223E-3 2.02537E-3 2.03486E-3 2.05384E-3 1.9267E-3 1.75834E-3 1.88544E-3 1.76953E-3 1.91613E-3 1.79085E-3 2.0744E-3 2.17308E-3 2.03501E-3 2.17596E-3 2.0427E-3 1.94043E-3 2.01187E-3 2.17629E-3 2.0263E-3 2.12945E-3 2.12254E-3 2.11264E-3 2.12976E-3 2.14387E-3 1.99545E-3 1.97603E-3 2.09157E-3 2.1628E-3 2.4434E-3 2.4811E-3 2.71323E-3 2.58551E-3 2.64346E-3 2.96285E-3 2.95378E-3 3.09978E-3 3.06423E-3 3.24502E-3 3.22264E-3 3.34212E-3 3.12367E-3 3.3227E-3 3.49594E-3 3.66153E-3 3.38463E-3 3.58624E-3 3.56447E-3 3.57089E-3 3.3506E-3 3.56626E-3 3.51396E-3 3.09127E-3 3.10981E-3 2.94005E-3 3.13812E-3
1.58769E-3 1.59822E-3 1.68901E-3 1.79132E-3 1.80094E-3 1.81874E-3 1.97729E-3 2.03783E-3 2.06319E-3 1.95715E-3 1.97072E-3 1.9888E-3 1.98982E-3 1.81288E-3 1.94975E-3 1.82414E-3 2.2214E-3 2.20437E-3 2.28387E-3 2.31652E-3 2.30683E-3 2.05578E-3 2.1716E-3 2.15373E-3 2.12183E-3 2.20833E-3 2.24905E-3 2.36571E-3 2.22454E-3 2.21194E-3 2.24504E-3 2.34482E-3 2.39696E-3 2.53184E-3 2.55861E-3 2.72046E-3 2.75797E-3 2.73948E-3 3.09443E-3 2.95582E-3 3.08784E-3 3.27439E-3 3.44637E-3 3.43582E-3 3.14895E-3 3.30685E-3 3.11674E-3 3.50249E-3 4.13715E-3 3.83672E-3 3.82364E-3 3.78358E-3 3.99681E-3 3.55758E-3 3.54321E-3 3.95036E-3 3.93862E-3 3.68323E-3 3.52607E-3 3.08433E-3 2.80301E-3
1.78047E-3 1.92328E-3 1.89831E-3 1.8934E-3 1.81698E-3 1.85814E-3 1.96149E-3 2.04542E-3 1.93695E-3 1.96795E-3 1.87721E-3 1.99386E-3 1.9099E-3 2.01433E-3 1.91504E-3 1.9497E-3 2.32137E-3 2.16974E-3 2.3169E-3 2.30745E-3 2.15967E-3 2.26013E-3 2.24761E-3 2.37939E-3 2.26084E-3 2.25752E-3 2.37041E-3 2.38487E-3 2.241E-3 2.35186E-3 2.34863E-3 2.38685E-3 2.54333E-3 2.59372E-3 2.82492E-3 2.87218E-3 3.00364E-3 3.09203E-3 3.12E-3 3.29125E-3 3.30465E-3 3.44111E-3 3.21547E-3 3.59019E-3 3.76591E-3 3.71173E-3 3.71358E-3 4.16365E-3 4.0645E-3 4.07892E-3 3.98311E-3 3.94672E-3 4.22222E-3 4.23518E-3 3.96808E-3 4.02859E-3 3.97415E-3 3.66841E-3 3.68712E-3 3.44946E-3 3.78706E-3
1.77653E-3 1.79244E-3 1.78704E-3 1.81027E-3 1.83715E-3 1.8233E-3 1.97552E-3 2.08382E-3 1.90989E-3 1.75573E-3 1.79666E-3 2.02046E-3 2.17821E-3 2.02093E-3 2.16446E-3 2.06468E-3 2.23315E-3 2.4497E-3 2.32173E-3 2.1738E-3 2.32557E-3 2.2875E-3 2.30791E-3 2.51615E-3 2.34191E-3 2.35893E-3 2.48904E-3 2.47114E-3 2.43097E-3 2.48932E-3 2.48932E-3 2.62597E-3 2.68836E-3 2.8903E-3 2.87943E-3 2.98374E-3 3.04228E-3 3.12222E-3 3.42468E-3 3.68056E-3 3.65851E-3 3.64839E-3 4.08546E-3 4.04837E-3 4.21964E-3 4.19348E-3 4.42504E-3 4.38139E-3 4.58543E-3 4.8493E-3 4.50185E-3 4.48556E-3 4.50322E-3 4.21508E-3 4.24112E-3 4.56024E-3 4.46825E-3 4.14863E-3 3.93957E-3 3.77929E-3 3.82592E-3
1.63189E-3 1.73403E-3 1.77025E-3 1.74924E-3 1.88394E-3 1.87318E-3 1.90505E-3 2.10037E-3 1.83264E-3 1.80218E-3 2.04233E-3 2.08042E-3 2.18893E-3 2.09179E-3 2.17041E-3 2.20609E-3 2.62372E-3 2.45262E-3 2.4772E-3 2.60093E-3 2.59077E-3 2.41059E-3 2.5247E-3 2.52663E-3 2.40997E-3 2.52757E-3 2.50565E-3 2.49399E-3 2.50451E-3 2.4908E-3 2.76883E-3 2.96045E-3 3.05494E-3 3.19083E-3 3.34472E-3 3.40859E-3 3.44452E-3 3.43416E-3 3.49973E-3 3.88986E-3 3.89947E-3 4.34838E-3 4.07723E-3 4.23251E-3 4.22343E-3 4.15643E-3 4.37795E-3 4.95172E-3 5.14935E-3 4.82749E-3 4.77098E-3 5.05327E-3 4.72452E-3 4.72499E-3 4.76292E-3 4.76224E-3 4.68091E-3 4.4135E-3 3.97242E-3 3.97213E-3 3.81772E-3
1.79098E-3 1.77562E-3 1.79131E-3 1.87241E-3 1.8798E-3 1.86794E-3 1.89804E-3 2.11727E-3 1.87245E-3 1.94656E-3 2.18373E-3 1.94892E-3 2.09822E-3 2.09163E-3 2.24234E-3 2.20698E-3 2.51279E-3 2.50836E-3 2.66881E-3 2.64191E-3 2.91128E-3 2.58105E-3 2.56268E-3 2.70415E-3 2.70035E-3 2.52531E-3 2.66703E-3 2.80946E-3 2.91927E-3 2.76635E-3 2.9263E-3 3.1357E-3 3.31132E-3 3.33134E-3 3.38775E-3 3.6124E-3 4.05436E-3 3.81051E-3 3.89216E-3 4.10596E-3 4.32628E-3 4.31558E-3 4.54063E-3 4.53796E-3 4.45675E-3 4.69411E-3 5.23819E-3 5.26826E-3 5.1703E-3 4.81393E-3 5.07954E-3 5.05882E-3 5.37435E-3 5.09464E-3 5.0661E-3 4.7648E-3 4.76528E-3 4.50681E-3 4.31414E-3 4.08248E-3 4.16074E-3
1.8744E-3 1.89652E-3 1.90441E-3 1.87299E-3 1.88188E-3 1.91245E-3 1.9325E-3 1.90536E-3 1.8824E-3 1.94738E-3 2.05036E-3 2.08865E-3 2.20409E-3 2.13682E-3 2.43546E-3 2.4196E-3 2.58228E-3 2.56436E-3 2.79045E-3 2.76243E-3 2.70136E-3 2.68414E-3 2.85136E-3 2.87646E-3 3.0164E-3 2.9943E-3 3.11222E-3 3.05439E-3 3.03364E-3 2.91437E-3 3.18175E-3 3.24325E-3 3.67842E-3 3.66342E-3 3.73074E-3 4.05673E-3 4.02829E-3 4.28761E-3 4.35085E-3 4.56715E-3 4.55948E-3 4.77796E-3 5.04508E-3 5.32267E-3 4.96825E-3 5.04948E-3 5.28917E-3 5.83936E-3 5.77423E-3 5.40901E-3 5.77143E-3 5.41869E-3 5.39534E-3 5.10764E-3 5.13904E-3 5.13531E-3 4.8364E-3 4.85729E-3 4.58162E-3 4.59993E-3 4.34765E-3
1.76683E-3 1.77569E-3 1.78865E-3 1.76831E-3 1.77943E-3 1.81071E-3 1.82515E-3 1.8598E-3 1.74862E-3 1.82604E-3 2.09945E-3 2.00092E-3 2.11621E-3 2.26098E-3 2.25136E-3 2.72222E-3 2.69421E-3 2.83074E-3 2.81141E-3 2.74492E-3 2.69461E-3 2.75067E-3 2.9949E-3 2.9662E-3 2.96525E-3 3.07782E-3 2.86548E-3 3.01161E-3 3.00995E-3 3.01896E-3 3.20505E-3 3.43644E-3 3.62945E-3 3.70397E-3 4.16107E-3 3.99428E-3 4.0028E-3 4.47266E-3 4.51024E-3 4.84686E-3 4.84592E-3 5.08924E-3 5.1019E-3 5.35406E-3 5.01693E-3 5.68466E-3 5.60629E-3 6.22254E-3 6.14843E-3 5.82829E-3 5.79658E-3 6.09556E-3 5.77704E-3 5.73852E-3 5.39373E-3 5.40807E-3 4.86682E-3 4.91177E-3 4.93059E-3 4.63685E-3 4.32639E-3
1.81371E-3 1.79108E-3 1.80234E-3 1.8274E-3 1.91919E-3 1.93785E-3 1.94131E-3 1.83944E-3 1.94783E-3 1.98968E-3 2.09488E-3 2.02771E-3 2.25759E-3 2.26314E-3 2.40763E-3 2.84789E-3 2.98227E-3 2.87161E-3 2.62245E-3 2.78373E-3 2.87266E-3 3.00213E-3 2.96308E-3 3.09723E-3 3.08459E-3 2.87893E-3 3.00963E-3 2.98985E-3 2.99182E-3 3.60367E-3 3.64321E-3 3.44086E-3 3.59877E-3 3.83339E-3 4.07855E-3 4.14823E-3 4.43364E-3 4.50531E-3 4.80838E-3 4.86303E-3 5.37539E-3 5.07836E-3 5.39588E-3 5.35682E-3 5.32434E-3 5.97509E-3 5.97853E-3 6.27539E-3 6.28219E-3 6.2225E-3 6.51909E-3 6.49252E-3 6.19619E-3 5.8316E-3 5.82397E-3 4.84613E-3 4.9183E-3 4.93318E-3 5.00553E-3 5.01639E-3 4.97549E-3
1.79869E-3 1.81531E-3 1.71233E-3 1.72493E-3 1.81317E-3 1.82037E-3 1.86962E-3 1.88136E-3 1.99265E-3 1.99482E-3 2.1331E-3 2.28828E-3 2.2791E-3 2.42489E-3 2.87621E-3 2.67809E-3 2.83685E-3 2.80785E-3 2.93672E-3 2.90317E-3 2.84136E-3 2.97653E-3 2.94251E-3 3.21894E-3 3.18483E-3 3.3344E-3 3.16337E-3 3.15267E-3 3.30531E-3 3.55975E-3 3.82226E-3 3.85995E-3 3.89362E-3 4.13953E-3 4.19257E-3 4.16298E-3 4.40654E-3 4.47007E-3 4.81145E-3 4.86641E-3 5.10001E-3 5.14166E-3 5.43529E-3 5.72307E-3 6.05952E-3 6.07643E-3 6.29542E-3 6.38691E-3 6.7145E-3 7.0484E-3 6.64516E-3 6.67671E-3 6.26937E-3 6.26744E-3 5.94269E-3 5.55477E-3 5.5551E-3 5.61938E-3 5.70303E-3 5.67125E-3 4.98114E-3
1.83821E-3 1.84471E-3 1.85861E-3 1.86516E-3 1.87744E-3 1.88946E-3 1.87632E-3 1.98505E-3 1.99482E-3 2.03097E-3 2.00797E-3 2.03516E-3 2.14045E-3 2.28719E-3 2.39025E-3 2.66767E-3 2.834E-3 2.7985E-3 2.91825E-3 3.06929E-3 3.18784E-3 2.95059E-3 3.29189E-3 3.24513E-3 3.37455E-3 3.14176E-3 3.26948E-3 3.299E-3 3.3014E-3 3.52504E-3 3.94062E-3 4.22198E-3 4.22957E-3 4.31143E-3 4.60877E-3 4.61488E-3 4.74338E-3 5.05195E-3 4.80186E-3 5.08189E-3 5.47082E-3 5.84E-3 5.82501E-3 6.11534E-3 6.44764E-3 6.10528E-3 6.81653E-3 6.45969E-3 6.79977E-3 7.12987E-3 7.16383E-3 6.76937E-3 6.72657E-3 6.34984E-3 6.01593E-3 6.00588E-3 6.0018E-3 5.38286E-3 5.4015E-3 5.65194E-3 5.01176E-3
1.83864E-3 1.85348E-3 1.9405E-3 1.75945E-3 1.85622E-3 1.86261E-3 1.77999E-3 1.78194E-3 1.93407E-3 1.909E-3 2.05031E-3 2.14962E-3 2.17533E-3 2.28501E-3 2.70968E-3 3.22663E-3 3.1443E-3 3.27429E-3 3.24191E-3 3.36346E-3 3.38238E-3 3.52154E-3 3.46536E-3 3.20629E-3 3.33639E-3 3.45494E-3 3.64475E-3 3.47211E-3 3.68924E-3 3.90202E-3 3.91431E-3 3.97428E-3 4.25407E-3 4.28296E-3 4.36082E-3 4.59466E-3 5.27636E-3 5.59688E-3 5.39412E-3 5.86323E-3 5.8403E-3 6.14321E-3 6.17815E-3 6.51174E-3 6.16317E-3 6.18712E-3 6.88541E-3 6.92873E-3 6.90379E-3 6.83594E-3 6.85258E-3 6.84189E-3 6.4643E-3 6.48297E-3 6.47237E-3 6.48152E-3 6.15046E-3 5.78801E-3 5.76348E-3 5.70209E-3 5.11116E-3
1.7108E-3 1.72786E-3 1.85521E-3 1.87066E-3 1.86284E-3 1.8723E-3 1.97971E-3 2.0188E-3 2.01754E-3 2.12684E-3 2.13485E-3 2.24362E-3 2.27314E-3 2.5399E-3 3.02577E-3 3.19617E-3 3.15538E-3 3.07924E-3 3.21996E-3 3.40809E-3 3.50049E-3 3.61935E-3 3.35608E-3 3.48702E-3 3.45933E-3 3.41458E-3 3.60422E-3 3.64964E-3 4.03096E-3 3.86794E-3 3.88273E-3 4.39655E-3 4.43244E-3 4.49698E-3 4.56542E-3 4.61637E-3 5.2209E-3 5.64349E-3 5.41762E-3 6.15791E-3 6.24655E-3 6.23901E-3 6.30865E-3 5.95302E-3 6.28996E-3 6.37652E-3 6.72508E-3 6.67315E-3 6.9691E-3 6.65712E-3 7.00104E-3 6.57955E-3 6.61924E-3 6.60963E-3 6.55595E-3 6.21244E-3 6.21575E-3 5.82451E-3 5.85769E-3 5.23714E-3 4.93012E-3
1.84426E-3 1.86203E-3 1.86595E-3 1.94011E-3 1.94896E-3 2.06102E-3 2.09736E-3 2.10406E-3 2.10513E-3 2.21617E-3 2.15558E-3 2.38758E-3 2.38625E-3 2.37485E-3 2.99649E-3 2.7848E-3 2.89205E-3 3.07115E-3 3.02931E-3 3.33354E-3 3.25344E-3 3.38858E-3 3.33523E-3 3.45664E-3 3.45242E-3 3.58441E-3 3.77641E-3 3.77164E-3 3.97173E-3 4.00183E-3 4.12404E-3 4.36671E-3 4.39655E-3 4.49997E-3 4.7714E-3 5.22222E-3 5.54241E-3 5.6685E-3 5.7004E-3 5.86464E-3 6.26076E-3 6.61337E-3 6.71927E-3 7.10533E-3 7.10068E-3 7.58042E-3 7.57312E-3 7.14173E-3 6.81187E-3 6.70628E-3 7.03573E-3 7.02998E-3 7.15217E-3 6.71158E-3 6.31676E-3 6.3605E-3 6.31357E-3 6.29554E-3 5.32242E-3 5.62518E-3 5.35318E-3
1.90009E-3 2.04472E-3 2.04945E-3 2.04913E-3 1.94782E-3 2.04913E-3 2.06037E-3 1.96571E-3 2.10123E-3 2.21527E-3 2.52459E-3 2.40311E-3 2.3552E-3 2.71212E-3 2.79842E-3 2.77209E-3 2.87895E-3 3.18978E-3 3.15354E-3 3.27361E-3 3.20214E-3 3.39293E-3 3.66863E-3 3.61943E-3 3.41662E-3 3.72272E-3 3.75162E-3 3.7318E-3 3.93759E-3 4.19016E-3 4.07213E-3 4.34258E-3 4.38012E-3 4.49691E-3 5.0354E-3 5.22848E-3 5.56966E-3 6.00574E-3 5.78154E-3 5.9355E-3 6.01974E-3 6.69154E-3 6.41E-3 6.44865E-3 6.79113E-3 6.8859E-3 7.25681E-3 7.26274E-3 7.28928E-3 6.52289E-3 6.56646E-3 6.50948E-3 6.51473E-3 6.8422E-3 6.47942E-3 6.42842E-3 6.44813E-3 6.47265E-3 5.70151E-3 5.40981E-3 5.46521E-3
1.92905E-3 1.92592E-3 1.92782E-3 2.07099E-3 2.07898E-3 2.07898E-3 2.07375E-3 2.07858E-3 2.21637E-3 2.34738E-3 2.52771E-3 2.35139E-3 2.46922E-3 2.77535E-3 2.81636E-3 3.0503E-3 2.99713E-3 3.10562E-3 3.08657E-3 3.27062E-3 3.19427E-3 3.53653E-3 3.66332E-3 3.59073E-3 3.56164E-3 3.76968E-3 3.72485E-3 3.71535E-3 4.15249E-3 4.20832E-3 4.26239E-3 4.54728E-3 4.65687E-3 4.75702E-3 5.36082E-3 5.2409E-3 5.60337E-3 5.79522E-3 5.82392E-3 6.29016E-3 6.12821E-3 6.15466E-3 6.4849E-3 6.52391E-3 6.56996E-3 6.60958E-3 6.62547E-3 6.98262E-3 7.06471E-3 6.79145E-3 6.75327E-3 6.71079E-3 6.76001E-3 7.09889E-3 6.58984E-3 6.56512E-3 6.63118E-3 6.1714E-3 5.85952E-3 5.91438E-3 5.52779E-3
