Artocarpus hirsutus SDM files/MIS19/results (without bias file)/Arthir_avg.asc
ncols         625
nrows         721
xllcorner     69.99986311115
yllcorner     5.99986187915
cellsize      0.041666667
NODATA_value  -9999
[rows 270 to 296 of 721, columns 244 to 304 of 625]
3.99969E-3 3.00129E-3 2.27092E-3 2.51009E-3 3.22208E-3 4.01179E-3 3.75452E-3 2.84738E-3 3.70205E-3 2.40108E-3 1.75888E-3 1.45812E-3 1.2776E-3 1.27842E-3 1.3991E-3 1.39946E-3 1.51638E-3 1.81537E-3 2.26537E-3 2.12031E-3 1.86743E-3 2.10222E-3 2.14605E-3 2.33369E-3 2.05495E-3 2.03496E-3 2.40325E-3 3.26756E-3 3.26912E-3 3.71122E-3 2.69337E-3 3.06142E-3 3.1252E-3 2.83829E-3 2.70928E-3 2.72692E-3 2.96298E-3 2.61936E-3 2.55833E-3 2.29121E-3 2.97857E-3 3.17417E-3 3.17384E-3 2.62787E-3 2.37814E-3 2.52641E-3 2.81515E-3 3.12362E-3 2.41506E-3 1.50908E-3 1.52928E-3 1.31752E-3 1.72797E-3 2.05386E-3 1.95641E-3 1.51213E-3 1.74342E-3 1.76452E-3 2.08163E-3 2.31226E-3 2.76728E-3
3.21966E-3 2.74288E-3 2.65635E-3 4.77945E-3 3.84018E-3 3.20074E-3 2.7603E-3 2.41123E-3 1.82444E-3 1.44381E-3 1.41739E-3 1.49275E-3 1.7217E-3 1.91122E-3 1.97766E-3 2.31496E-3 2.22034E-3 2.22274E-3 2.41183E-3 2.667E-3 2.95952E-3 2.68546E-3 2.7558E-3 2.55727E-3 2.90544E-3 2.82576E-3 3.99053E-3 3.52536E-3 3.66823E-3 4.07689E-3 3.07627E-3 3.13763E-3 3.05235E-3 3.00051E-3 3.00735E-3 2.54918E-3 2.61893E-3 3.31589E-3 2.82906E-3 2.62336E-3 3.00854E-3 2.75767E-3 2.69262E-3 2.40841E-3 2.43484E-3 2.09904E-3 2.37844E-3 2.33652E-3 1.94874E-3 2.35676E-3 1.20835E-3 1.26723E-3 1.59553E-3 1.78508E-3 2.02366E-3 2.2E-3 1.74247E-3 1.74742E-3 2.45648E-3 2.31719E-3 1.94061E-3
4.31797E-3 3.42606E-3 2.88329E-3 2.27291E-3 1.87098E-3 1.62504E-3 1.458E-3 1.41517E-3 1.43449E-3 1.55381E-3 1.85062E-3 2.22217E-3 2.96514E-3 3.5936E-3 3.97621E-3 3.77518E-3 3.62037E-3 3.15972E-3 2.67729E-3 2.56111E-3 2.76418E-3 2.74013E-3 2.9338E-3 3.09316E-3 3.10761E-3 3.98641E-3 4.44085E-3 3.65631E-3 4.46829E-3 4.48427E-3 3.55445E-3 3.45399E-3 3.66415E-3 3.11695E-3 3.13154E-3 3.24005E-3 3.36023E-3 3.21817E-3 2.55342E-3 2.50057E-3 2.37992E-3 2.47449E-3 2.49785E-3 2.39891E-3 2.91431E-3 2.29345E-3 2.0855E-3 2.01719E-3 2.37242E-3 1.7164E-3 1.36675E-3 1.24906E-3 1.38997E-3 1.57898E-3 1.82297E-3 1.97816E-3 1.32359E-3 1.71787E-3 1.8803E-3 1.74375E-3 1.84769E-3
2.19558E-3 1.62339E-3 1.56618E-3 1.30831E-3 1.367E-3 1.53314E-3 1.69186E-3 1.88222E-3 2.01572E-3 2.43142E-3 2.55923E-3 2.72837E-3 3.09937E-3 3.22408E-3 4.04281E-3 4.61161E-3 4.63071E-3 4.34201E-3 4.07391E-3 4.15565E-3 3.68155E-3 3.65341E-3 4.98261E-3 4.34594E-3 4.18801E-3 5.21726E-3 4.71357E-3 3.55537E-3 4.30705E-3 5.12355E-3 4.04522E-3 4.00915E-3 4.12348E-3 4.13274E-3 3.57926E-3 3.59539E-3 3.74193E-3 3.71451E-3 3.36187E-3 2.96071E-3 2.4834E-3 2.76593E-3 3.5579E-3 2.87313E-3 2.86907E-3 3.0807E-3 2.38409E-3 1.5897E-3 2.0609E-3 1.89003E-3 1.20201E-3 1.14181E-3 1.421E-3 1.60164E-3 1.66758E-3 1.68588E-3 1.53852E-3 1.7491E-3 2.05972E-3 2.39804E-3 2.09621E-3
1.28319E-3 1.2194E-3 1.25783E-3 1.44069E-3 1.87413E-3 2.20398E-3 2.46391E-3 2.99226E-3 3.83362E-3 4.24144E-3 3.49933E-3 4.39385E-3 3.92351E-3 3.39926E-3 3.66714E-3 4.51399E-3 4.80993E-3 3.61232E-3 3.96374E-3 4.22385E-3 3.88639E-3 4.62763E-3 5.53268E-3 4.45479E-3 4.80897E-3 6.01233E-3 3.99733E-3 4.31252E-3 4.96003E-3 6.27701E-3 4.51125E-3 4.79566E-3 4.60102E-3 5.0016E-3 4.80938E-3 4.37467E-3 4.85673E-3 4.09667E-3 4.29853E-3 4.68288E-3 4.0787E-3 4.51493E-3 4.13873E-3 2.71482E-3 1.81524E-3 1.71209E-3 1.54003E-3 1.56582E-3 1.19902E-3 1.17075E-3 1.60455E-3 1.68333E-3 1.90151E-3 1.64735E-3 1.66865E-3 1.88337E-3 2.08075E-3 2.19646E-3 2.81001E-3 1.74126E-3 1.14379E-3
1.25579E-3 1.3695E-3 1.70435E-3 2.02542E-3 2.71886E-3 3.48555E-3 3.5777E-3 4.25138E-3 4.4357E-3 3.64042E-3 4.11977E-3 5.54233E-3 5.18097E-3 3.77618E-3 3.4332E-3 3.59298E-3 4.58283E-3 3.53303E-3 4.20302E-3 4.39205E-3 5.07504E-3 5.26545E-3 6.12321E-3 4.86131E-3 5.70723E-3 5.53452E-3 3.93463E-3 5.20571E-3 5.84618E-3 6.61387E-3 5.59006E-3 6.07501E-3 5.60005E-3 4.80294E-3 5.14381E-3 4.41577E-3 4.60443E-3 4.80529E-3 5.03324E-3 3.96879E-3 4.02585E-3 3.45471E-3 2.49993E-3 2.35901E-3 1.67028E-3 1.29825E-3 1.12979E-3 9.63401E-4 9.85484E-4 9.72589E-4 9.35215E-4 9.44115E-4 9.66732E-4 1.22306E-3 1.67066E-3 1.91342E-3 2.43558E-3 2.12174E-3 1.34043E-3 9.87339E-4 1.27731E-3
1.6698E-3 2.10946E-3 2.67036E-3 3.26093E-3 3.88791E-3 4.41719E-3 5.00814E-3 4.19124E-3 3.49098E-3 3.72447E-3 4.82593E-3 6.82299E-3 4.95301E-3 4.70407E-3 5.09156E-3 4.50259E-3 3.96847E-3 5.59711E-3 8.64817E-3 5.81663E-3 5.39843E-3 4.91693E-3 6.75866E-3 5.53014E-3 6.17478E-3 5.89041E-3 4.7147E-3 4.96386E-3 5.6422E-3 5.81666E-3 5.80507E-3 5.08634E-3 4.64875E-3 5.29E-3 6.42067E-3 8.28258E-3 6.80732E-3 3.52064E-3 3.49769E-3 3.99677E-3 3.03712E-3 2.30243E-3 1.5816E-3 1.27898E-3 1.12667E-3 1.12636E-3 1.19498E-3 1.10606E-3 1.16179E-3 1.42207E-3 1.13858E-3 9.74806E-4 1.00089E-3 1.1981E-3 1.00905E-3 8.83763E-4 8.99834E-4 9.05548E-4 1.21431E-3 1.50874E-3 2.25885E-3
2.57621E-3 3.89214E-3 3.6625E-3 3.28238E-3 2.95847E-3 2.99218E-3 3.87698E-3 4.53865E-3 4.02423E-3 5.47442E-3 5.55307E-3 1.08277E-2 1.06916E-2 6.63579E-3 4.13108E-3 4.22514E-3 3.83002E-3 4.68815E-3 1.25386E-2 4.78965E-3 7.18603E-3 5.44133E-3 6.33956E-3 6.85794E-3 5.27579E-3 5.06674E-3 4.48982E-3 4.975E-3 4.58733E-3 5.02229E-3 4.85301E-3 4.8616E-3 7.22787E-3 8.49766E-3 8.34616E-3 6.75996E-3 2.89867E-3 2.23397E-3 1.88914E-3 1.84972E-3 1.93832E-3 1.64549E-3 1.6237E-3 1.71495E-3 2.24137E-3 1.76801E-3 2.11471E-3 1.88444E-3 1.46942E-3 1.28633E-3 1.04794E-3 1.52576E-3 1.57154E-3 1.67092E-3 1.34353E-3 1.32499E-3 1.6695E-3 1.58826E-3 2.24421E-3 2.66766E-3 2.66532E-3
3.06454E-3 3.39664E-3 3.35733E-3 2.35567E-3 2.59561E-3 3.03502E-3 3.76969E-3 7.85496E-3 6.7709E-3 7.33423E-3 1.01908E-2 9.36967E-3 1.2087E-2 6.39377E-3 3.98639E-3 3.75312E-3 4.55292E-3 4.34384E-3 6.47683E-3 4.37354E-3 5.84985E-3 6.25916E-3 6.93218E-3 6.17409E-3 5.36994E-3 5.29405E-3 5.23499E-3 6.24836E-3 6.11252E-3 4.84559E-3 6.96757E-3 1.07003E-2 7.64411E-3 3.64236E-3 2.73107E-3 2.50416E-3 2.80998E-3 2.27166E-3 2.5641E-3 2.82769E-3 2.85035E-3 2.74433E-3 3.21755E-3 2.1143E-3 2.7869E-3 2.66998E-3 2.57871E-3 1.69406E-3 1.18033E-3 1.16254E-3 1.69499E-3 1.88718E-3 2.07696E-3 2.00032E-3 2.01524E-3 1.76961E-3 1.99857E-3 1.79393E-3 1.83731E-3 1.46694E-3 1.19661E-3
2.41188E-3 2.72534E-3 2.81283E-3 2.80054E-3 2.37667E-3 4.20716E-3 3.39645E-3 6.0219E-3 7.44976E-3 8.0039E-3 6.57019E-3 5.54778E-3 6.00916E-3 3.90934E-3 2.97671E-3 3.7797E-3 4.0332E-3 4.70906E-3 4.94704E-3 6.04112E-3 7.66723E-3 6.38195E-3 5.57702E-3 4.95102E-3 4.87852E-3 5.1688E-3 5.71141E-3 6.87391E-3 7.34184E-3 1.10067E-2 1.14363E-2 4.70742E-3 3.27487E-3 2.97092E-3 2.47614E-3 3.33234E-3 4.1104E-3 3.85395E-3 3.95368E-3 4.19289E-3 3.96917E-3 3.68274E-3 3.80833E-3 3.0327E-3 3.2055E-3 3.49872E-3 2.56388E-3 1.52806E-3 1.08456E-3 1.22603E-3 1.71721E-3 2.42348E-3 2.08303E-3 2.03256E-3 1.5011E-3 1.57148E-3 1.21196E-3 1.14926E-3 1.18113E-3 1.29979E-3 1.38592E-3
2.41498E-3 2.36091E-3 2.59083E-3 2.67735E-3 3.38572E-3 3.56416E-3 5.71074E-3 6.27867E-3 3.11863E-3 3.93319E-3 4.65833E-3 2.95691E-3 3.70352E-3 4.46144E-3 4.03805E-3 3.57985E-3 4.75702E-3 5.71961E-3 5.30603E-3 6.10725E-3 6.19352E-3 4.39834E-3 4.84025E-3 6.40335E-3 9.52379E-3 8.84007E-3 1.01683E-2 1.12044E-2 9.34555E-3 4.38456E-3 2.67341E-3 4.21481E-3 4.5248E-3 2.90113E-3 4.13612E-3 7.45221E-3 5.36144E-3 5.19666E-3 5.21863E-3 4.81454E-3 4.64787E-3 4.9622E-3 4.79502E-3 3.89928E-3 2.30276E-3 1.90178E-3 1.25329E-3 1.1279E-3 1.84582E-3 1.74229E-3 1.25859E-3 1.19165E-3 9.5411E-4 1.12639E-3 1.47046E-3 1.718E-3 1.51951E-3 1.80827E-3 1.85909E-3 1.59157E-3 1.43926E-3
2.68425E-3 2.90092E-3 2.90884E-3 3.49209E-3 8.2079E-3 7.89235E-3 4.23624E-3 6.07955E-3 4.35241E-3 5.18184E-3 6.36627E-3 5.83656E-3 7.79016E-3 3.33784E-3 3.02238E-3 3.96948E-3 5.58986E-3 6.05678E-3 5.80831E-3 5.75719E-3 4.5883E-3 5.86005E-3 1.14506E-2 1.52184E-2 1.24133E-2 6.29014E-3 7.10822E-3 4.8686E-3 2.92068E-3 3.21641E-3 3.15001E-3 3.94473E-3 4.50144E-3 6.34473E-3 8.16835E-3 8.22087E-3 9.65293E-3 7.61204E-3 5.68623E-3 5.41923E-3 6.5823E-3 6.27509E-3 3.34796E-3 2.58173E-3 1.97066E-3 1.26634E-3 1.29247E-3 1.72449E-3 2.34676E-3 2.25044E-3 1.0216E-3 8.91449E-4 1.12193E-3 1.80027E-3 2.17078E-3 2.41364E-3 2.12005E-3 1.65763E-3 1.94387E-3 1.49793E-3 1.28423E-3
4.53215E-3 6.12254E-3 7.42903E-3 2.68561E-3 3.62024E-3 4.95578E-3 4.81961E-3 5.9379E-3 4.29372E-3 5.94644E-3 6.68556E-3 5.86234E-3 6.29905E-3 3.81615E-3 3.36776E-3 3.74369E-3 4.80199E-3 5.32091E-3 5.84073E-3 5.38701E-3 7.24851E-3 1.10624E-2 8.45371E-3 7.10427E-3 3.59395E-3 3.17645E-3 4.01179E-3 4.33319E-3 5.24964E-3 3.77743E-3 3.56613E-3 4.28806E-3 5.56108E-3 5.8663E-3 7.3545E-3 8.03361E-3 6.40038E-3 6.36843E-3 6.84169E-3 5.59412E-3 4.14187E-3 3.02006E-3 2.35336E-3 1.87453E-3 1.39507E-3 2.47866E-3 2.53652E-3 1.89503E-3 1.68788E-3 1.62034E-3 9.77729E-4 1.18548E-3 1.38261E-3 1.42066E-3 1.28584E-3 1.28983E-3 1.40029E-3 1.22597E-3 1.67628E-3 1.60266E-3 1.46841E-3
3.59593E-3 7.03518E-3 4.09495E-3 3.02844E-3 1.92915E-3 3.00429E-3 4.87365E-3 5.75551E-3 5.0012E-3 5.52548E-3 4.00688E-3 2.69319E-3 3.67755E-3 2.87688E-3 3.33015E-3 5.06201E-3 9.67142E-3 8.9225E-3 9.07082E-3 8.4843E-3 5.66779E-3 3.83088E-3 2.79447E-3 3.93064E-3 2.87051E-3 5.91523E-3 3.94153E-3 4.32216E-3 4.07908E-3 4.57505E-3 5.89557E-3 5.45925E-3 6.3813E-3 5.65614E-3 4.72093E-3 3.40615E-3 3.45599E-3 3.70435E-3 4.7441E-3 4.1738E-3 1.96833E-3 1.77086E-3 1.75398E-3 1.69048E-3 2.55256E-3 2.86715E-3 3.83329E-3 3.48414E-3 2.79557E-3 1.83575E-3 1.59114E-3 2.21757E-3 1.76783E-3 1.47105E-3 1.70587E-3 1.69363E-3 1.20196E-3 1.10381E-3 1.56784E-3 1.24289E-3 1.56302E-3
3.80546E-3 3.69129E-3 2.06733E-3 2.38013E-3 1.86726E-3 2.71223E-3 4.54734E-3 8.08623E-3 7.43065E-3 5.15997E-3 4.29736E-3 3.06081E-3 2.21841E-3 2.82205E-3 5.25443E-3 1.00811E-2 7.15294E-3 5.87778E-3 4.54222E-3 3.20567E-3 3.4704E-3 3.60464E-3 3.56176E-3 3.03652E-3 3.286E-3 3.55714E-3 3.34599E-3 3.56316E-3 4.1869E-3 6.77398E-3 8.20395E-3 4.80121E-3 7.36141E-3 6.55282E-3 5.42677E-3 2.84235E-3 2.90012E-3 3.0606E-3 3.39085E-3 4.07638E-3 2.4381E-3 2.25956E-3 2.60142E-3 1.92958E-3 3.37447E-3 3.61073E-3 3.52613E-3 2.0271E-3 1.65106E-3 1.53636E-3 1.52113E-3 1.88437E-3 1.78174E-3 1.62912E-3 1.31302E-3 1.36806E-3 1.33027E-3 1.9677E-3 2.79319E-3 1.95424E-3 2.32915E-3
2.40404E-3 3.51677E-3 3.83488E-3 3.42445E-3 2.408E-3 3.29579E-3 2.84494E-3 3.57302E-3 7.6478E-3 6.11151E-3 3.28018E-3 2.18094E-3 4.85033E-3 6.8108E-3 5.12361E-3 3.63012E-3 3.07626E-3 2.7325E-3 3.19195E-3 3.47414E-3 3.29953E-3 3.55747E-3 3.684E-3 5.11686E-3 3.81455E-3 3.66949E-3 6.74162E-3 6.75139E-3 6.56117E-3 7.62521E-3 6.52203E-3 4.20119E-3 4.40267E-3 6.46406E-3 6.00018E-3 3.81651E-3 4.05453E-3 4.29664E-3 3.79349E-3 2.48147E-3 1.87014E-3 2.07989E-3 2.49503E-3 2.11942E-3 2.35321E-3 3.23181E-3 2.90579E-3 1.57441E-3 1.57474E-3 1.39025E-3 1.56083E-3 1.56226E-3 1.72771E-3 1.85657E-3 1.66061E-3 1.12864E-3 1.20187E-3 2.37996E-3 2.3555E-3 1.5516E-3 2.07611E-3
3.52324E-3 4.35593E-3 3.51927E-3 3.94439E-3 2.36983E-3 3.43431E-3 3.52514E-3 5.52736E-3 5.53819E-3 2.49783E-3 3.4882E-3 7.90976E-3 4.73685E-3 2.94661E-3 3.02818E-3 3.14728E-3 3.87326E-3 3.77109E-3 3.94209E-3 4.46769E-3 3.71235E-3 3.41143E-3 4.12607E-3 3.58633E-3 3.71069E-3 5.6396E-3 8.43117E-3 4.79257E-3 3.98529E-3 6.17964E-3 4.09313E-3 3.6281E-3 3.3583E-3 3.32724E-3 3.78877E-3 4.67852E-3 5.02422E-3 4.98038E-3 3.70042E-3 2.38114E-3 2.43239E-3 2.08369E-3 2.65852E-3 3.14045E-3 1.88366E-3 2.35623E-3 3.19902E-3 1.89119E-3 2.18001E-3 1.91569E-3 1.91118E-3 1.8113E-3 2.28859E-3 2.57207E-3 2.10988E-3 1.4964E-3 1.14486E-3 1.10831E-3 1.28776E-3 1.33787E-3 1.36047E-3
4.42594E-3 3.0694E-3 2.40318E-3 2.90465E-3 2.37738E-3 3.3805E-3 6.55233E-3 3.34699E-3 2.55817E-3 6.31059E-3 5.09391E-3 2.63666E-3 3.05595E-3 3.41668E-3 3.96249E-3 3.52914E-3 3.34239E-3 2.96063E-3 3.33334E-3 3.13391E-3 3.77868E-3 5.96198E-3 6.37165E-3 4.75788E-3 6.88507E-3 7.80115E-3 4.64708E-3 3.45283E-3 3.75493E-3 5.25583E-3 4.52641E-3 4.24957E-3 3.8895E-3 3.51108E-3 5.10467E-3 5.41937E-3 6.1289E-3 6.64352E-3 7.36692E-3 4.45527E-3 3.54479E-3 3.09584E-3 1.97309E-3 2.38657E-3 2.93683E-3 2.78787E-3 2.81159E-3 2.16387E-3 1.82575E-3 1.92881E-3 2.24865E-3 2.12222E-3 2.51836E-3 2.2655E-3 1.42153E-3 1.27954E-3 1.40714E-3 1.30424E-3 1.33479E-3 1.50346E-3 1.51409E-3
4.26814E-3 2.57011E-3 2.32911E-3 2.42264E-3 2.88561E-3 5.06766E-3 4.14507E-3 3.63646E-3 5.84559E-3 2.58389E-3 2.32491E-3 2.8832E-3 3.52797E-3 5.17933E-3 3.82392E-3 3.49034E-3 3.38926E-3 3.80137E-3 5.13354E-3 5.1165E-3 4.38491E-3 4.27509E-3 5.60831E-3 5.29772E-3 6.21057E-3 5.40468E-3 4.20541E-3 4.15737E-3 4.76041E-3 4.20855E-3 2.84783E-3 3.06793E-3 4.11568E-3 5.68956E-3 4.74418E-3 4.08166E-3 3.95348E-3 4.74907E-3 5.3757E-3 4.90177E-3 3.19807E-3 2.82159E-3 2.52662E-3 2.35023E-3 2.81411E-3 1.73491E-3 1.46435E-3 1.41042E-3 1.43566E-3 2.3356E-3 2.8688E-3 3.35955E-3 3.45566E-3 1.36362E-3 1.15927E-3 1.39345E-3 1.26452E-3 1.42018E-3 1.63599E-3 1.6496E-3 1.85444E-3
3.14645E-3 2.92889E-3 2.63399E-3 3.07692E-3 3.01298E-3 4.5491E-3 3.5251E-3 3.37622E-3 2.64226E-3 2.74996E-3 2.88946E-3 3.18872E-3 3.22072E-3 3.25948E-3 3.20189E-3 3.66059E-3 5.13177E-3 4.98083E-3 5.96572E-3 6.45263E-3 5.01181E-3 3.57688E-3 3.46652E-3 3.45499E-3 4.96608E-3 5.43367E-3 5.60959E-3 5.15328E-3 5.22011E-3 3.78548E-3 2.71119E-3 3.74549E-3 3.29435E-3 3.07921E-3 2.81072E-3 3.07441E-3 3.4299E-3 3.32882E-3 3.65295E-3 3.48282E-3 2.50302E-3 2.39599E-3 3.21507E-3 2.43567E-3 5.4768E-3 4.5613E-3 2.15191E-3 1.48267E-3 1.86282E-3 1.87969E-3 2.45301E-3 2.75171E-3 3.81125E-3 2.62386E-3 1.20604E-3 1.2991E-3 1.52636E-3 2.79784E-3 2.43353E-3 2.08714E-3 3.05731E-3
2.47146E-3 2.85777E-3 3.32276E-3 4.30131E-3 2.84968E-3 4.01246E-3 3.7331E-3 3.74452E-3 3.42652E-3 3.63193E-3 4.9877E-3 4.28221E-3 5.22524E-3 4.08321E-3 4.69081E-3 4.83421E-3 5.5544E-3 5.34781E-3 5.5555E-3 6.6443E-3 4.77362E-3 5.27295E-3 5.16458E-3 3.59833E-3 3.55119E-3 3.70727E-3 4.05103E-3 4.0172E-3 2.87701E-3 2.81978E-3 3.08267E-3 3.74894E-3 2.81778E-3 2.70464E-3 3.51276E-3 3.7452E-3 3.82969E-3 4.02727E-3 3.75936E-3 4.92651E-3 4.27826E-3 2.97066E-3 3.09532E-3 2.27571E-3 5.76354E-3 4.08808E-3 4.46015E-3 2.2508E-3 2.70544E-3 1.74739E-3 2.1561E-3 2.38041E-3 3.92464E-3 5.78414E-3 3.97498E-3 2.2864E-3 1.73215E-3 3.3225E-3 3.83777E-3 3.60981E-3 2.83359E-3
4.51866E-3 3.5302E-3 3.37507E-3 4.03173E-3 3.77185E-3 3.88869E-3 3.75217E-3 3.50346E-3 4.22352E-3 4.31009E-3 6.95732E-3 4.53102E-3 6.53981E-3 5.98073E-3 5.60737E-3 5.30812E-3 6.13607E-3 4.63001E-3 4.82019E-3 6.12807E-3 5.40479E-3 6.6958E-3 5.02012E-3 3.56291E-3 2.7315E-3 2.72703E-3 3.29444E-3 2.52291E-3 3.77243E-3 4.32824E-3 4.51074E-3 4.25948E-3 2.81328E-3 2.81411E-3 2.51447E-3 3.40329E-3 2.70425E-3 2.60832E-3 3.53675E-3 4.23532E-3 5.42217E-3 2.03316E-3 4.07618E-3 4.2504E-3 5.54355E-3 4.66073E-3 3.11064E-3 2.28183E-3 3.35513E-3 1.77577E-3 2.40756E-3 3.08722E-3 3.18544E-3 4.42627E-3 5.55298E-3 3.25204E-3 2.05039E-3 2.56502E-3 4.34769E-3 4.64824E-3 3.15211E-3
4.33489E-3 2.53241E-3 3.5071E-3 4.62844E-3 3.22295E-3 3.04682E-3 3.70469E-3 5.72927E-3 6.04427E-3 4.69663E-3 5.35921E-3 3.51966E-3 4.59216E-3 6.51584E-3 6.79901E-3 6.50656E-3 5.27899E-3 4.57654E-3 5.30436E-3 5.82249E-3 6.47619E-3 6.26256E-3 4.93443E-3 3.45211E-3 3.53381E-3 2.64221E-3 2.46446E-3 3.95878E-3 4.97376E-3 5.22355E-3 4.52176E-3 3.54996E-3 2.79326E-3 3.68585E-3 2.7245E-3 2.63251E-3 3.11446E-3 2.61743E-3 3.20014E-3 3.59035E-3 3.74444E-3 3.2329E-3 3.08455E-3 3.3052E-3 3.87123E-3 4.1967E-3 2.69805E-3 3.051E-3 1.59909E-3 2.24616E-3 2.33111E-3 2.32992E-3 2.05563E-3 3.63258E-3 1.99578E-3 1.49957E-3 1.98759E-3 3.65131E-3 4.6891E-3 4.29172E-3 4.03449E-3
3.32121E-3 1.76769E-3 2.89868E-3 2.79306E-3 3.55878E-3 4.13329E-3 4.32398E-3 4.92628E-3 6.37443E-3 5.91775E-3 6.2666E-3 4.04222E-3 4.06986E-3 4.15676E-3 5.25972E-3 6.25261E-3 5.26546E-3 5.03871E-3 5.61381E-3 5.98135E-3 7.26429E-3 6.16785E-3 3.60893E-3 3.76631E-3 3.16282E-3 3.6714E-3 4.18621E-3 4.48367E-3 4.92921E-3 4.70074E-3 4.46864E-3 4.03923E-3 2.88013E-3 2.90541E-3 3.55734E-3 2.76047E-3 3.51194E-3 3.6854E-3 3.3394E-3 2.41545E-3 3.42016E-3 3.68017E-3 3.89306E-3 4.65386E-3 4.38771E-3 5.11226E-3 3.55989E-3 2.47579E-3 2.3966E-3 2.45925E-3 2.8569E-3 2.847E-3 5.16944E-3 2.81605E-3 2.77894E-3 2.23664E-3 4.89373E-3 6.87595E-3 5.22309E-3 4.10763E-3 4.69931E-3
4.32515E-3 2.40546E-3 2.47559E-3 3.46871E-3 4.16869E-3 5.23281E-3 4.5263E-3 5.22846E-3 5.92198E-3 5.94304E-3 4.56588E-3 4.64649E-3 4.1329E-3 4.99105E-3 5.66754E-3 5.76179E-3 5.67411E-3 5.7791E-3 5.95559E-3 6.46416E-3 5.84688E-3 3.80538E-3 3.75853E-3 3.24935E-3 2.96705E-3 3.3433E-3 4.09645E-3 4.42695E-3 3.74084E-3 4.14531E-3 4.66084E-3 3.92077E-3 3.31884E-3 2.41217E-3 3.04862E-3 2.1427E-3 2.70116E-3 2.67607E-3 3.36516E-3 2.90975E-3 2.20756E-3 2.06095E-3 3.34647E-3 3.95651E-3 3.32592E-3 2.01391E-3 1.49137E-3 2.9441E-3 4.75907E-3 5.8607E-3 4.48091E-3 3.37236E-3 7.08478E-3 8.14262E-3 7.80845E-3 8.51026E-3 8.53529E-3 6.22994E-3 2.67921E-3 3.54803E-3 2.93928E-3
2.08232E-3 2.35855E-3 4.31804E-3 5.22875E-3 4.78683E-3 5.88339E-3 5.32911E-3 6.01661E-3 6.37549E-3 6.18616E-3 5.71624E-3 5.24737E-3 4.23663E-3 4.17907E-3 4.54091E-3 4.55105E-3 6.11684E-3 7.83728E-3 7.47E-3 5.32334E-3 5.60707E-3 4.90495E-3 3.99634E-3 3.75663E-3 3.88247E-3 3.00887E-3 3.03246E-3 3.23116E-3 2.96501E-3 3.04234E-3 3.19422E-3 4.23103E-3 2.90699E-3 2.99331E-3 3.18202E-3 3.44918E-3 2.39313E-3 2.5294E-3 2.00788E-3 2.19869E-3 2.39942E-3 2.35985E-3 2.26959E-3 2.70458E-3 2.21204E-3 1.42851E-3 2.22372E-3 3.84803E-3 3.71965E-3 4.82255E-3 3.73905E-3 3.37875E-3 3.88344E-3 5.05287E-3 3.15852E-3 3.82654E-3 3.59756E-3 2.34413E-3 3.54447E-3 4.02476E-3 2.74684E-3
3.88535E-3 3.76493E-3 5.04401E-3 5.72147E-3 4.81997E-3 5.70217E-3 5.63754E-3 7.64918E-3 8.50066E-3 8.80173E-3 6.22521E-3 4.5275E-3 4.20326E-3 5.51091E-3 6.47527E-3 5.28592E-3 5.89329E-3 5.84098E-3 6.42947E-3 6.59091E-3 9.1942E-3 6.95901E-3 4.10397E-3 3.87674E-3 3.20766E-3 2.72775E-3 3.42164E-3 3.46967E-3 3.16203E-3 3.12064E-3 2.90022E-3 3.57238E-3 3.90385E-3 3.29062E-3 2.75045E-3 3.36648E-3 3.46395E-3 3.24822E-3 3.25766E-3 3.86444E-3 4.01678E-3 3.57794E-3 3.82643E-3 3.68885E-3 2.32375E-3 3.06586E-3 4.51208E-3 5.05445E-3 5.13399E-3 3.70977E-3 2.66268E-3 3.29705E-3 2.49384E-3 2.78798E-3 2.62457E-3 3.51027E-3 4.11984E-3 4.11265E-3 6.29623E-3 5.3253E-3 5.26513E-3
