Artocarpus hirsutus SDM files/MIS19/results (without bias file)/Arthir_4.asc
ncols         625
nrows         721
xllcorner     69.99986311115
yllcorner     5.99986187915
cellsize      0.041666667
NODATA_value  -9999
[rows 81 to 107 of 721, columns 427 to 487 of 625]
3.25031E-5 3.71376E-5 3.40072E-5 3.34673E-5 3.2927E-5 3.03785E-5 2.82639E-5 2.4472E-5 3.38792E-5 3.64102E-5 3.79932E-5 3.70557E-5 3.66354E-5 3.43812E-5 3.19162E-5 2.74573E-5 3.51701E-5 4.06532E-5 4.07333E-5 3.75769E-5 4.0195E-5 4.01196E-5 3.95818E-5 3.72507E-5 3.6581E-5 3.54012E-5 3.55587E-5 2.94308E-5 3.44313E-5 3.45537E-5 4.1344E-5 3.95473E-5 4.70097E-5 4.37526E-5 4.51445E-5 4.74587E-5 4.73561E-5 3.85465E-5 3.57017E-5 4.13809E-5 4.75408E-5 4.43293E-5 4.27622E-5 5.17543E-5 5.15233E-5 5.08101E-5 4.64077E-5 4.59741E-5 5.62677E-5 5.63162E-5 5.1827E-5 4.69276E-5 4.44836E-5 4.46516E-5 5.15784E-5 4.91313E-5 4.22416E-5 4.30338E-5 5.55339E-5 4.22567E-5 5.78798E-5
3.3041E-5 3.56573E-5 3.54523E-5 3.18673E-5 3.32612E-5 2.81749E-5 3.004E-5 3.05461E-5 3.75606E-5 3.66747E-5 3.53962E-5 3.46598E-5 2.96966E-5 2.95685E-5 3.25084E-5 3.29402E-5 3.27135E-5 3.4784E-5 3.93044E-5 3.71714E-5 4.00246E-5 4.30302E-5 4.32247E-5 4.28327E-5 3.87679E-5 3.93044E-5 2.59446E-5 2.50549E-5 3.01892E-5 4.07915E-5 3.67003E-5 3.90021E-5 2.61258E-5 3.71699E-5 3.81312E-5 2.54531E-5 3.22843E-5 3.64801E-5 4.77931E-5 5.33023E-5 5.35747E-5 4.50211E-5 4.11623E-5 3.47391E-5 3.42857E-5 5.02523E-5 5.24834E-5 4.28309E-5 4.15082E-5 5.16451E-5 5.5792E-5 4.79951E-5 4.66776E-5 4.39141E-5 5.03638E-5 5.31215E-5 4.98926E-5 4.69909E-5 5.71683E-5 5.74709E-5 5.29589E-5
3.25057E-5 3.47236E-5 3.30123E-5 3.33088E-5 2.93783E-5 2.8636E-5 2.98768E-5 1.93996E-5 3.62477E-5 3.93235E-5 3.80131E-5 3.43102E-5 3.13547E-5 3.13998E-5 3.22615E-5 3.059E-5 2.60405E-5 2.10615E-5 2.06393E-5 2.29493E-5 2.9001E-5 4.22099E-5 4.66641E-5 4.37214E-5 3.42967E-5 1.91096E-5 2.01855E-5 3.03535E-5 4.53856E-5 4.55075E-5 4.15636E-5 3.08611E-5 2.67121E-5 2.48699E-5 1.81352E-5 2.123E-5 3.94699E-5 4.18345E-5 3.88891E-5 5.34154E-5 5.39377E-5 5.0206E-5 4.66138E-5 4.56235E-5 4.28674E-5 4.59864E-5 5.18417E-5 5.6246E-5 5.49963E-5 5.33917E-5 4.64869E-5 5.03727E-5 4.56668E-5 4.73596E-5 5.48769E-5 5.59498E-5 4.69039E-5 3.70655E-5 6.42065E-5 6.31356E-5 6.28809E-5
3.45078E-5 3.38612E-5 3.22564E-5 3.14745E-5 2.69744E-5 2.94884E-5 2.78541E-5 1.82251E-5 2.99721E-5 4.31194E-5 3.84984E-5 3.76811E-5 3.32379E-5 3.16131E-5 3.00225E-5 3.30172E-5 3.37095E-5 2.47854E-5 1.97125E-5 1.84174E-5 1.78828E-5 3.73047E-5 4.46265E-5 4.48057E-5 3.81986E-5 2.07509E-5 3.48087E-5 4.71998E-5 4.69605E-5 4.52798E-5 4.19641E-5 3.94056E-5 3.94866E-5 3.6631E-5 1.8708E-5 2.70842E-5 3.58273E-5 5.15413E-5 5.42708E-5 5.17091E-5 4.61499E-5 4.9374E-5 3.42318E-5 4.70097E-5 2.61979E-5 3.18581E-5 4.41757E-5 5.07288E-5 5.43152E-5 5.08468E-5 5.40567E-5 3.96147E-5 3.41506E-5 2.30325E-5 1.89522E-5 2.29986E-5 2.30865E-5 2.72277E-5 4.01036E-5 3.93794E-5 5.70043E-5
3.69194E-5 3.29162E-5 3.25578E-5 3.24009E-5 2.89035E-5 3.07047E-5 2.10996E-5 1.53358E-5 2.86343E-5 4.04038E-5 3.89081E-5 3.42138E-5 3.17133E-5 3.14903E-5 3.24433E-5 3.31137E-5 3.29319E-5 2.60865E-5 2.10188E-5 2.35019E-5 1.8686E-5 2.42388E-5 4.10151E-5 4.36741E-5 4.21122E-5 2.54644E-5 3.06847E-5 4.59843E-5 5.01422E-5 4.95769E-5 4.58187E-5 4.21219E-5 4.07124E-5 3.39908E-5 1.85677E-5 2.23724E-5 4.07017E-5 5.42476E-5 5.31461E-5 4.90003E-5 4.22257E-5 5.20624E-5 4.01238E-5 4.83581E-5 3.47332E-5 2.66612E-5 4.93739E-5 5.95234E-5 5.35617E-5 4.11523E-5 2.98176E-5 1.80697E-5 1.38932E-5 1.37461E-5 1.47011E-5 1.64726E-5 1.89808E-5 2.06745E-5 2.13804E-5 3.03286E-5 3.30142E-5
3.12604E-5 3.05076E-5 3.09995E-5 2.95036E-5 3.09347E-5 2.32894E-5 1.33323E-5 1.46392E-5 3.98349E-5 3.9424E-5 3.50651E-5 3.13539E-5 3.40088E-5 3.43147E-5 3.44759E-5 3.25177E-5 3.33366E-5 3.37815E-5 3.28164E-5 2.88402E-5 1.68927E-5 1.57806E-5 1.84772E-5 2.02848E-5 1.837E-5 1.82033E-5 2.48099E-5 3.04064E-5 4.45751E-5 3.72391E-5 2.46861E-5 2.06676E-5 1.72896E-5 1.39593E-5 1.59915E-5 1.76219E-5 5.05516E-5 5.43635E-5 2.92507E-5 2.69836E-5 4.96388E-5 5.31072E-5 3.70785E-5 5.37297E-5 4.01847E-5 3.05715E-5 2.93276E-5 2.34793E-5 2.165E-5 1.70933E-5 1.17692E-5 1.28026E-5 1.36929E-5 1.29995E-5 1.41393E-5 1.91135E-5 4.20605E-5 4.32313E-5 3.81352E-5 6.42065E-5 6.31666E-5
2.83778E-5 2.87051E-5 3.02351E-5 3.41814E-5 2.79553E-5 1.59647E-5 1.2944E-5 2.13259E-5 4.11061E-5 3.55624E-5 3.45558E-5 3.4165E-5 3.75264E-5 3.47658E-5 3.19305E-5 3.25084E-5 3.54164E-5 3.70847E-5 3.75037E-5 2.5844E-5 1.46915E-5 1.52638E-5 1.44969E-5 1.83991E-5 2.68497E-5 3.75106E-5 4.3087E-5 4.04498E-5 4.77316E-5 4.60233E-5 3.95778E-5 3.08577E-5 1.40975E-5 1.18724E-5 2.0757E-5 3.05481E-5 5.57412E-5 5.12758E-5 4.80471E-5 3.33054E-5 2.63432E-5 3.07133E-5 1.73619E-5 3.31983E-5 4.91033E-5 4.14502E-5 4.25074E-5 3.68057E-5 3.19438E-5 1.8282E-5 2.00645E-5 2.32171E-5 1.19973E-5 2.12624E-5 6.3925E-5 6.40019E-5 6.95199E-5 5.96884E-5 6.32568E-5 6.35473E-5 6.38373E-5
3.11219E-5 3.21269E-5 2.82688E-5 2.90522E-5 1.45352E-5 1.34036E-5 1.82117E-5 4.01808E-5 4.02216E-5 3.44769E-5 3.74762E-5 3.82344E-5 3.73091E-5 3.44769E-5 3.54331E-5 3.5676E-5 3.55671E-5 3.75947E-5 3.81055E-5 3.01305E-5 1.31086E-5 1.32729E-5 1.45743E-5 3.48693E-5 4.97357E-5 4.49266E-5 4.43236E-5 4.36148E-5 4.48291E-5 4.43236E-5 4.43221E-5 3.19458E-5 1.43246E-5 1.81789E-5 4.18406E-5 4.42997E-5 2.65971E-5 2.63999E-5 3.08943E-5 2.46516E-5 1.5195E-5 1.50408E-5 5.53653E-5 4.87454E-5 3.996E-5 3.29736E-5 2.47596E-5 1.8812E-5 2.76009E-5 4.22283E-5 6.47001E-5 3.00686E-5 1.72022E-5 2.62427E-5 4.85001E-5 5.0428E-5 5.37546E-5 5.8993E-5 4.58296E-5 4.9671E-5 3.74668E-5
3.08582E-5 3.07773E-5 2.0079E-5 1.49142E-5 1.39318E-5 3.00791E-5 3.69766E-5 4.38986E-5 3.97419E-5 3.52636E-5 3.93624E-5 3.8247E-5 3.59141E-5 3.60844E-5 3.59161E-5 3.68315E-5 3.55176E-5 3.80216E-5 3.38554E-5 2.36697E-5 1.29348E-5 1.14349E-5 1.87466E-5 4.98485E-5 4.53252E-5 4.3797E-5 4.41103E-5 4.14978E-5 4.64943E-5 3.72372E-5 4.97342E-5 3.36182E-5 4.37122E-5 5.59989E-5 4.81658E-5 4.261E-5 2.57409E-5 1.66481E-5 1.30922E-5 1.18033E-5 1.90338E-5 4.20401E-5 4.82265E-5 3.67328E-5 2.79491E-5 2.41061E-5 1.6898E-5 1.35233E-5 1.4902E-5 3.31724E-5 6.34434E-5 6.24139E-5 4.37484E-5 6.19991E-5 5.98825E-5 3.42907E-5 3.05155E-5 3.97198E-5 3.17135E-5 5.95872E-5 6.45479E-5
3.74526E-5 3.37815E-5 1.32319E-5 1.59597E-5 2.96971E-5 4.08681E-5 3.99343E-5 3.63321E-5 3.74094E-5 3.29324E-5 3.93954E-5 4.00165E-5 3.70837E-5 3.93893E-5 4.10509E-5 3.99346E-5 4.09617E-5 3.83537E-5 3.40345E-5 1.88232E-5 1.42103E-5 1.2041E-5 2.5931E-5 5.14651E-5 5.02941E-5 4.04536E-5 2.88918E-5 2.41896E-5 3.62293E-5 2.18192E-5 2.5308E-5 4.33935E-5 5.35669E-5 5.41796E-5 4.97342E-5 4.56147E-5 3.39854E-5 2.45741E-5 4.14567E-5 3.68123E-5 4.97442E-5 5.02415E-5 2.73039E-5 1.39897E-5 1.66618E-5 4.1761E-5 6.19679E-5 4.03631E-5 2.51514E-5 1.85704E-5 2.54504E-5 3.43473E-5 3.56963E-5 4.02139E-5 3.88112E-5 2.80336E-5 2.46405E-5 2.67929E-5 3.62649E-5 7.10886E-5 6.37004E-5
4.05023E-5 3.19459E-5 3.0971E-5 3.99277E-5 3.99343E-5 3.63941E-5 3.33422E-5 3.33894E-5 3.78502E-5 3.8286E-5 3.0971E-5 4.32342E-5 4.13348E-5 4.0662E-5 4.24786E-5 4.05675E-5 4.08344E-5 2.3717E-5 3.19459E-5 3.65114E-5 2.04405E-5 1.46593E-5 2.486E-5 4.86626E-5 5.11896E-5 4.14978E-5 2.06654E-5 1.32652E-5 1.34794E-5 2.37839E-5 4.59208E-5 3.86193E-5 4.9797E-5 5.03708E-5 4.89567E-5 4.33189E-5 4.65952E-5 2.91936E-5 3.83198E-5 2.72638E-5 1.51592E-5 1.83374E-5 2.16341E-5 1.08631E-5 1.95848E-5 6.67455E-5 6.44829E-5 5.93335E-5 4.11289E-5 2.05923E-5 1.66168E-5 1.97108E-5 2.14361E-5 1.95805E-5 1.88786E-5 1.81585E-5 1.84358E-5 1.8033E-5 1.64663E-5 1.65303E-5 1.76752E-5
1.72034E-5 4.33621E-5 4.21401E-5 4.05302E-5 3.95104E-5 3.56858E-5 3.31868E-5 3.38059E-5 3.53816E-5 4.01483E-5 3.71829E-5 4.38511E-5 3.68456E-5 3.98293E-5 4.66007E-5 4.1327E-5 3.35588E-5 4.07566E-5 4.15234E-5 3.47518E-5 1.66673E-5 1.41787E-5 2.54114E-5 4.82063E-5 5.21717E-5 4.88252E-5 2.5003E-5 2.32762E-5 3.03499E-5 4.55903E-5 5.07127E-5 3.98349E-5 3.62933E-5 3.0226E-5 3.39194E-5 2.41184E-5 2.14805E-5 1.40618E-5 1.39726E-5 1.20372E-5 8.88228E-6 4.24011E-5 5.52071E-5 1.80253E-5 3.13525E-5 5.1392E-5 5.61933E-5 3.6131E-5 4.31069E-5 4.71478E-5 2.39243E-5 1.45748E-5 1.51878E-5 1.5446E-5 1.67339E-5 1.46951E-5 1.68343E-5 2.39074E-5 2.84554E-5 3.03954E-5 3.00059E-5
3.17692E-5 4.83009E-5 4.65359E-5 4.10665E-5 3.78521E-5 4.13239E-5 3.89893E-5 3.23068E-5 2.30269E-5 2.03645E-5 3.06277E-5 2.9854E-5 3.37409E-5 4.76733E-5 4.6988E-5 4.2469E-5 4.20838E-5 4.29463E-5 3.9977E-5 2.1714E-5 1.40718E-5 1.44395E-5 2.90425E-5 5.33718E-5 5.3847E-5 5.22588E-5 4.75517E-5 3.85075E-5 1.9266E-5 2.49016E-5 3.45431E-5 2.58702E-5 2.62905E-5 2.49732E-5 2.08553E-5 1.75835E-5 1.78646E-5 2.69157E-5 3.23186E-5 3.55988E-5 5.05547E-5 6.11397E-5 3.2399E-5 2.65895E-5 6.06678E-5 3.00772E-5 2.00211E-5 1.51973E-5 2.03852E-5 3.58577E-5 1.45185E-5 1.59974E-5 3.09245E-5 3.20536E-5 2.53475E-5 2.82812E-5 4.3857E-5 3.77287E-5 5.88308E-5 4.29855E-5 3.25413E-5
3.37409E-5 4.44568E-5 4.61727E-5 4.47292E-5 3.97937E-5 4.09936E-5 3.69861E-5 2.61723E-5 1.88892E-5 2.09288E-5 2.72441E-5 3.5443E-5 3.79167E-5 4.51577E-5 4.59027E-5 4.4665E-5 4.36491E-5 3.66932E-5 2.87307E-5 1.92007E-5 1.1513E-5 1.29249E-5 2.61155E-5 4.92936E-5 5.11632E-5 5.03537E-5 5.03537E-5 4.90991E-5 2.71397E-5 1.51865E-5 1.49917E-5 1.78521E-5 2.55278E-5 2.21591E-5 2.05883E-5 4.22936E-5 3.96732E-5 2.41184E-5 1.95535E-5 3.01964E-5 6.48715E-5 5.84453E-5 2.13496E-5 4.07454E-5 5.98379E-5 2.29886E-5 2.25488E-5 2.91059E-5 2.36799E-5 1.65937E-5 1.49582E-5 1.8521E-5 4.24229E-5 4.45422E-5 5.41825E-5 4.97208E-5 7.46398E-5 6.99972E-5 6.29428E-5 4.82674E-5 4.36462E-5
2.65095E-5 4.42307E-5 4.73473E-5 4.62966E-5 4.13565E-5 4.13319E-5 2.852E-5 2.35775E-5 1.62146E-5 1.87437E-5 2.28062E-5 2.02464E-5 2.56924E-5 3.95273E-5 4.4844E-5 3.31909E-5 4.47551E-5 4.64281E-5 4.67411E-5 4.2092E-5 1.3391E-5 2.05017E-5 4.94995E-5 4.96287E-5 4.41968E-5 5.19856E-5 4.66168E-5 2.15834E-5 1.61987E-5 1.61987E-5 1.64089E-5 1.75569E-5 1.93476E-5 3.44051E-5 5.53104E-5 4.59204E-5 2.98777E-5 1.63595E-5 2.0047E-5 2.48049E-5 3.71952E-5 3.53352E-5 2.12494E-5 2.13889E-5 2.78642E-5 3.27323E-5 7.00431E-5 7.0869E-5 6.92551E-5 6.58129E-5 5.2585E-5 4.70389E-5 6.79555E-5 7.23958E-5 6.73878E-5 6.78698E-5 6.89736E-5 6.91321E-5 6.88223E-5 6.67766E-5 6.84992E-5
2.28532E-5 2.77994E-5 3.85435E-5 3.80551E-5 2.80539E-5 2.95268E-5 1.9627E-5 1.41531E-5 1.23519E-5 1.3391E-5 1.39192E-5 1.40997E-5 1.89152E-5 2.92026E-5 4.57545E-5 4.6194E-5 4.78243E-5 4.32841E-5 3.66925E-5 2.27261E-5 1.28339E-5 2.23478E-5 2.03486E-5 2.58259E-5 3.88285E-5 2.76387E-5 1.65058E-5 1.63469E-5 1.78907E-5 1.78907E-5 1.91422E-5 2.19245E-5 2.05574E-5 2.51075E-5 1.65722E-5 1.42794E-5 1.52773E-5 1.63595E-5 1.92124E-5 2.31695E-5 2.22902E-5 2.20045E-5 2.018E-5 2.42429E-5 5.24106E-5 4.68829E-5 3.12859E-5 5.34758E-5 5.73971E-5 5.89046E-5 5.20082E-5 6.40343E-5 6.87783E-5 6.78954E-5 5.95318E-5 6.87237E-5 6.47181E-5 7.26867E-5 7.37271E-5 4.74695E-5 4.22653E-5
4.61844E-5 4.3184E-5 4.23779E-5 4.53395E-5 2.99068E-5 1.86434E-5 1.33199E-5 1.80396E-5 1.43908E-5 1.20373E-5 1.15362E-5 1.15362E-5 1.5887E-5 2.05082E-5 2.09288E-5 2.67982E-5 2.20313E-5 2.40111E-5 2.06959E-5 1.46554E-5 1.25069E-5 1.28339E-5 1.46495E-5 1.62945E-5 3.26408E-5 2.39112E-5 1.46971E-5 1.56763E-5 1.83576E-5 1.78907E-5 1.91422E-5 2.18422E-5 2.24961E-5 4.63339E-5 3.78975E-5 2.07767E-5 1.49442E-5 1.46959E-5 1.7277E-5 1.7277E-5 1.92655E-5 1.90907E-5 2.47823E-5 1.95906E-5 1.52612E-5 2.33858E-5 2.77593E-5 2.37798E-5 2.58601E-5 2.58601E-5 2.61959E-5 2.6536E-5 2.70526E-5 3.61493E-5 2.68073E-5 3.34623E-5 2.61884E-5 5.25146E-5 3.74699E-5 2.62884E-5 2.06029E-5
1.5947E-5 1.65127E-5 1.6093E-5 2.30149E-5 4.50622E-5 4.67389E-5 2.46813E-5 4.17971E-5 2.3665E-5 2.18315E-5 1.47663E-5 1.49577E-5 2.41002E-5 2.4815E-5 4.54654E-5 3.45492E-5 3.87549E-5 2.40111E-5 1.67267E-5 1.64507E-5 1.80629E-5 1.92631E-5 1.87739E-5 1.82969E-5 2.68392E-5 5.22048E-5 2.97372E-5 1.98317E-5 1.90806E-5 1.98964E-5 2.01543E-5 1.93905E-5 1.88972E-5 5.4183E-5 6.40599E-5 6.0205E-5 4.5338E-5 2.15143E-5 1.75017E-5 1.77292E-5 2.9409E-5 1.73916E-5 1.66659E-5 1.87738E-5 2.2497E-5 1.84831E-5 1.63454E-5 2.43092E-5 4.93164E-5 4.80692E-5 2.12229E-5 1.88885E-5 1.94291E-5 1.876E-5 1.92529E-5 2.11284E-5 2.20987E-5 2.65914E-5 2.46056E-5 2.22694E-5 1.94854E-5
1.5947E-5 1.47108E-5 1.1883E-5 1.57429E-5 2.67982E-5 4.41313E-5 4.50704E-5 4.63119E-5 4.28069E-5 4.31003E-5 4.01738E-5 4.84798E-5 4.70629E-5 4.69547E-5 4.6309E-5 4.2092E-5 3.09622E-5 3.19372E-5 1.73199E-5 1.80013E-5 2.31391E-5 2.25524E-5 2.19803E-5 2.60623E-5 2.92503E-5 3.42291E-5 2.14225E-5 1.88365E-5 2.06799E-5 2.04154E-5 1.96418E-5 1.86552E-5 1.79475E-5 2.10145E-5 4.48345E-5 6.34709E-5 3.84656E-5 3.43894E-5 5.28268E-5 6.66502E-5 5.3214E-5 4.37718E-5 1.6178E-5 2.75507E-5 7.31306E-5 4.9819E-5 1.48705E-5 1.318E-5 1.91161E-5 2.88236E-5 2.22646E-5 4.69908E-5 5.8104E-5 1.72879E-5 1.68796E-5 1.83189E-5 1.72338E-5 1.89859E-5 2.0259E-5 2.41209E-5 2.41209E-5
1.78092E-5 1.88141E-5 2.74934E-5 1.78092E-5 4.73905E-5 4.91844E-5 4.48689E-5 4.23122E-5 4.16313E-5 2.53673E-5 1.94126E-5 3.10169E-5 1.44678E-5 4.68338E-5 5.12797E-5 4.6309E-5 4.04089E-5 1.90222E-5 1.3689E-5 1.44134E-5 1.66639E-5 1.80629E-5 1.82969E-5 3.55684E-5 1.95782E-5 1.70917E-5 1.92553E-5 1.95047E-5 2.11395E-5 2.08692E-5 2.00785E-5 1.90701E-5 1.8826E-5 1.9629E-5 1.86421E-5 1.77715E-5 1.85277E-5 2.66581E-5 2.70851E-5 4.18131E-5 6.71047E-5 3.93642E-5 2.48438E-5 4.37512E-5 6.6195E-5 6.6879E-5 4.61159E-5 1.74587E-5 1.20338E-5 1.59433E-5 1.79592E-5 2.11108E-5 2.3045E-5 2.70804E-5 3.3198E-5 4.02134E-5 2.2854E-5 2.51176E-5 3.49018E-5 5.37396E-5 7.6172E-5
3.14196E-5 3.07942E-5 4.72828E-5 4.24871E-5 4.2866E-5 4.89141E-5 4.86994E-5 4.68507E-5 3.51845E-5 1.44678E-5 1.35136E-5 1.67267E-5 1.16861E-5 1.70071E-5 3.68268E-5 2.84646E-5 2.87252E-5 3.05103E-5 1.87092E-5 1.91963E-5 1.66013E-5 1.84644E-5 1.87035E-5 3.69594E-5 2.57299E-5 1.87658E-5 1.87658E-5 1.87658E-5 2.03387E-5 2.03387E-5 1.98216E-5 2.09355E-5 2.04029E-5 1.9629E-5 1.93776E-5 1.84031E-5 1.72528E-5 2.00193E-5 2.7436E-5 1.95657E-5 3.71199E-5 2.47503E-5 1.61161E-5 3.40318E-5 3.16231E-5 4.06364E-5 5.58424E-5 2.56646E-5 1.33835E-5 1.23789E-5 1.38203E-5 2.51335E-5 2.70168E-5 4.61486E-5 6.28935E-5 6.10144E-5 5.64663E-5 5.89919E-5 7.43698E-5 7.5068E-5 7.84325E-5
4.02414E-5 3.07942E-5 3.04568E-5 2.09634E-5 2.353E-5 2.97396E-5 1.83027E-5 1.90222E-5 3.06228E-5 3.2644E-5 2.1868E-5 4.9892E-5 4.79959E-5 3.90088E-5 1.84101E-5 1.80396E-5 4.0196E-5 2.26418E-5 1.2465E-5 1.59721E-5 1.59721E-5 1.75377E-5 1.7765E-5 1.73133E-5 1.70917E-5 1.64436E-5 1.56171E-5 1.5417E-5 1.6233E-5 1.80544E-5 1.98216E-5 2.09355E-5 2.04029E-5 1.9629E-5 1.9629E-5 2.09995E-5 1.91863E-5 2.03384E-5 3.08954E-5 1.90667E-5 1.87504E-5 2.0929E-5 1.58478E-5 1.65822E-5 1.72828E-5 3.01199E-5 4.25134E-5 2.25543E-5 2.58278E-5 1.74076E-5 1.30006E-5 2.27485E-5 4.50994E-5 7.74259E-5 7.92004E-5 7.32282E-5 2.9639E-5 2.40689E-5 2.30632E-5 3.95503E-5 4.12615E-5
3.90173E-5 2.57892E-5 1.52327E-5 1.7385E-5 1.80689E-5 1.80689E-5 1.7385E-5 1.77713E-5 1.40466E-5 1.916E-5 4.81777E-5 4.77798E-5 4.67074E-5 4.50483E-5 4.50632E-5 4.31003E-5 4.73864E-5 1.90222E-5 1.35136E-5 1.41751E-5 1.36373E-5 1.34625E-5 1.45941E-5 1.43526E-5 1.49754E-5 2.82437E-5 3.70296E-5 2.63988E-5 1.55581E-5 1.82197E-5 2.0003E-5 2.0003E-5 2.08567E-5 2.00657E-5 1.93044E-5 2.18274E-5 2.33498E-5 2.25492E-5 3.74596E-5 1.31484E-5 1.38853E-5 1.44357E-5 1.60544E-5 1.67984E-5 2.01872E-5 3.99691E-5 7.32864E-5 7.52974E-5 7.53846E-5 6.4242E-5 3.54965E-5 2.18E-5 1.74222E-5 3.60506E-5 4.0109E-5 3.31472E-5 2.47948E-5 2.11442E-5 2.26073E-5 2.85402E-5 3.50018E-5
3.41068E-5 1.72273E-5 1.67267E-5 1.76101E-5 1.76101E-5 1.59774E-5 1.47896E-5 1.71628E-5 3.30067E-5 4.48343E-5 4.88757E-5 4.80761E-5 4.72261E-5 3.74245E-5 2.60757E-5 2.99068E-5 1.69476E-5 1.38667E-5 2.64044E-5 3.39214E-5 1.51755E-5 1.90169E-5 3.58955E-5 3.9398E-5 3.41063E-5 5.84485E-5 5.72552E-5 3.11846E-5 1.55581E-5 1.77561E-5 1.9747E-5 1.94943E-5 1.92447E-5 1.98087E-5 1.88127E-5 2.07305E-5 2.12719E-5 2.88847E-5 4.27396E-5 2.1201E-5 1.06141E-5 1.31835E-5 1.44736E-5 1.45295E-5 1.77365E-5 2.59687E-5 5.42322E-5 6.63833E-5 7.64102E-5 7.66413E-5 7.54575E-5 7.4763E-5 5.44179E-5 2.34906E-5 5.31001E-5 7.62872E-5 5.57919E-5 3.03271E-5 2.52138E-5 2.29023E-5 1.90596E-5
2.07733E-5 1.5089E-5 1.6093E-5 1.65127E-5 2.03555E-5 1.6575E-5 2.21504E-5 4.19955E-5 4.44166E-5 4.45407E-5 4.93231E-5 4.97598E-5 4.61936E-5 4.70088E-5 4.59007E-5 3.67044E-5 1.50379E-5 1.80689E-5 2.97396E-5 5.26989E-5 4.81391E-5 2.27642E-5 1.87739E-5 1.99458E-5 1.75377E-5 4.50914E-5 3.29395E-5 1.19403E-5 1.36305E-5 1.64342E-5 1.68637E-5 1.8755E-5 1.95549E-5 1.88127E-5 1.85715E-5 2.09995E-5 2.19752E-5 2.88847E-5 4.41517E-5 4.60503E-5 2.24092E-5 1.76912E-5 1.79216E-5 1.53025E-5 1.4566E-5 2.21566E-5 3.66355E-5 4.65071E-5 7.10154E-5 7.91502E-5 7.87988E-5 7.87767E-5 7.12145E-5 5.43139E-5 7.75754E-5 8.06886E-5 6.29015E-5 5.25275E-5 3.71656E-5 4.68886E-5 3.73057E-5
1.47108E-5 1.39192E-5 1.39192E-5 2.04317E-5 3.35543E-5 3.33721E-5 4.25381E-5 3.2296E-5 3.48676E-5 4.00878E-5 3.61803E-5 2.91559E-5 2.25275E-5 2.94749E-5 3.89159E-5 1.70711E-5 1.94808E-5 3.07356E-5 2.15088E-5 1.47896E-5 1.89512E-5 1.87092E-5 1.51697E-5 1.55658E-5 3.3364E-5 5.16116E-5 5.48281E-5 5.58632E-5 1.82197E-5 4.43573E-5 2.28239E-5 1.78121E-5 1.75173E-5 1.85715E-5 1.91293E-5 2.12719E-5 2.81512E-5 3.05228E-5 3.77389E-5 4.48863E-5 4.06639E-5 3.38495E-5 2.19816E-5 2.00041E-5 1.49489E-5 1.43782E-5 2.37254E-5 4.02349E-5 4.3223E-5 5.57113E-5 6.88493E-5 7.75224E-5 7.93383E-5 7.75424E-5 7.66532E-5 8.4233E-5 7.5914E-5 7.70077E-5 7.77996E-5 7.37329E-5 7.24293E-5
2.3574E-5 2.64571E-5 1.51515E-5 4.70629E-5 5.018E-5 4.65812E-5 4.29674E-5 4.55423E-5 4.00971E-5 4.44248E-5 4.30283E-5 3.84493E-5 3.62667E-5 3.39274E-5 1.87878E-5 1.87134E-5 4.64258E-5 4.83668E-5 2.86194E-5 3.58315E-5 2.47647E-5 4.81316E-5 2.27642E-5 1.39936E-5 2.85101E-5 3.88979E-5 2.18983E-5 2.76855E-5 1.49107E-5 1.43442E-5 1.47652E-5 1.66991E-5 1.52554E-5 1.58584E-5 1.7477E-5 2.4997E-5 2.46772E-5 2.19752E-5 4.31944E-5 6.58456E-5 3.55756E-5 2.27286E-5 2.39323E-5 3.83954E-5 2.48503E-5 1.60115E-5 1.57834E-5 2.47266E-5 3.07077E-5 3.22439E-5 2.91931E-5 4.26809E-5 5.5575E-5 6.58686E-5 5.62911E-5 8.13628E-5 7.94996E-5 8.36618E-5 8.48975E-5 7.79507E-5 7.81186E-5
