Artocarpus hirsutus SDM files/MIS19/results (without bias file)/Arthir_6.asc
ncols         625
nrows         721
xllcorner     69.99986311115
yllcorner     5.99986187915
cellsize      0.041666667
NODATA_value  -9999
[rows 297 to 323 of 721, columns 183 to 243 of 625]
7.34502E-4 8.06976E-4 6.96583E-4 6.7245E-4 6.29833E-4 6.48293E-4 8.038E-4 8.72829E-4 9.51402E-4 8.2297E-4 7.2337E-4 1.03315E-3 1.73554E-3 8.62546E-4 7.38141E-4 1.43404E-3 1.49291E-3 9.30596E-4 1.24403E-3 2.35378E-3 1.88148E-3 1.21285E-3 2.58966E-3 2.3589E-3 2.06382E-3 2.38623E-3 2.24478E-3 2.92728E-3 2.45223E-3 2.22289E-3 2.51258E-3 2.44978E-3 2.04507E-3 2.32312E-3 2.30795E-3 4.29944E-3 2.93983E-3 2.53811E-3 3.67171E-3 3.512E-3 4.23815E-3 2.85005E-3 3.53702E-3 2.41179E-3 1.7568E-3 3.64039E-3 2.15002E-3 2.47959E-3 3.23339E-3 3.19613E-3 5.25287E-3 4.4941E-3 1.98742E-3 1.44008E-3 3.56859E-3 5.85722E-3 1.91502E-3 2.0986E-3 1.96962E-3 2.666E-3 4.7656E-3
6.35339E-4 7.49759E-4 6.78204E-4 7.74202E-4 6.47884E-4 7.11058E-4 7.9444E-4 9.24885E-4 8.7874E-4 9.10196E-4 8.47188E-4 1.38059E-3 1.27795E-3 8.44585E-4 7.85383E-4 1.7259E-3 1.05383E-3 1.04937E-3 1.08948E-3 1.46206E-3 2.02759E-3 1.36783E-3 2.34175E-3 1.62884E-3 2.34231E-3 2.22812E-3 2.19176E-3 1.91692E-3 1.74255E-3 1.76533E-3 2.58567E-3 2.39841E-3 1.91657E-3 2.3243E-3 3.58147E-3 3.35963E-3 2.82611E-3 3.29739E-3 5.17312E-3 2.87317E-3 1.81669E-3 1.89029E-3 2.45698E-3 2.00695E-3 2.03233E-3 2.90724E-3 1.98146E-3 2.15494E-3 2.86922E-3 3.54105E-3 3.21365E-3 4.55033E-3 1.95812E-3 1.82755E-3 2.75734E-3 3.02652E-3 1.66645E-3 2.20643E-3 3.73144E-3 4.42626E-3 4.30774E-3
6.2935E-4 6.66332E-4 7.78441E-4 7.37314E-4 6.79313E-4 7.99601E-4 7.15389E-4 7.89244E-4 7.70139E-4 8.33891E-4 7.88294E-4 1.29333E-3 1.62088E-3 7.58526E-4 1.06306E-3 1.0715E-3 1.13978E-3 1.15196E-3 1.14664E-3 1.49758E-3 2.37902E-3 1.83234E-3 1.61132E-3 2.39956E-3 2.12478E-3 2.59039E-3 2.18894E-3 1.53877E-3 1.70634E-3 2.32107E-3 3.02879E-3 1.74058E-3 2.4992E-3 6.55355E-3 3.5748E-3 3.26339E-3 2.73659E-3 3.36052E-3 4.12146E-3 2.86551E-3 2.48267E-3 3.69497E-3 1.93703E-3 2.24622E-3 3.45928E-3 2.58862E-3 3.03564E-3 4.09465E-3 2.40913E-3 1.63301E-3 3.39316E-3 3.5339E-3 1.55502E-3 1.65504E-3 2.0171E-3 2.10009E-3 2.74999E-3 2.77981E-3 3.82951E-3 4.01754E-3 2.87483E-3
9.72797E-4 6.94049E-4 7.64746E-4 7.12583E-4 9.04477E-4 1.07039E-3 8.48035E-4 7.51289E-4 9.36574E-4 8.15243E-4 8.57941E-4 1.29057E-3 1.60605E-3 9.22078E-4 1.45217E-3 7.55688E-4 1.33407E-3 1.14205E-3 1.11401E-3 1.33222E-3 1.86392E-3 2.23824E-3 1.26349E-3 2.16425E-3 2.21192E-3 2.21788E-3 1.52957E-3 1.59634E-3 2.41511E-3 2.27114E-3 1.80464E-3 1.65169E-3 4.34459E-3 4.54172E-3 2.59E-3 2.44975E-3 3.1468E-3 3.87571E-3 4.07919E-3 3.27978E-3 3.39285E-3 2.60318E-3 2.23625E-3 2.60575E-3 5.00629E-3 3.53985E-3 3.61968E-3 7.95544E-3 2.2752E-3 2.61555E-3 7.75587E-3 8.65519E-3 4.32467E-3 2.02349E-3 2.33359E-3 2.38501E-3 2.75009E-3 2.70645E-3 3.37362E-3 3.06837E-3 3.32818E-3
8.78796E-4 8.45353E-4 8.59089E-4 7.10564E-4 9.77037E-4 1.12487E-3 8.65841E-4 7.77422E-4 7.58978E-4 8.18385E-4 9.71512E-4 1.66918E-3 1.47526E-3 9.45824E-4 8.85075E-4 7.04504E-4 1.08895E-3 1.54803E-3 9.66266E-4 1.50834E-3 1.49172E-3 2.06841E-3 1.42758E-3 2.22214E-3 2.57556E-3 1.48914E-3 1.71061E-3 2.2863E-3 2.7099E-3 1.60267E-3 1.61449E-3 2.81285E-3 5.19935E-3 2.97063E-3 2.54746E-3 3.76807E-3 3.49946E-3 2.52527E-3 2.16694E-3 1.87667E-3 2.12875E-3 1.8584E-3 2.56097E-3 4.9691E-3 4.49026E-3 2.27496E-3 2.24805E-3 6.82216E-3 6.6408E-3 4.75067E-3 7.91875E-3 6.20222E-3 2.55459E-3 1.70202E-3 3.35535E-3 4.33495E-3 2.41039E-3 2.85405E-3 3.2316E-3 3.39515E-3 4.11153E-3
1.2335E-3 1.04571E-3 6.77722E-4 8.55706E-4 9.41791E-4 1.15474E-3 1.14236E-3 8.08058E-4 7.11526E-4 8.68898E-4 1.22099E-3 1.02061E-3 1.27744E-3 1.0669E-3 8.18487E-4 9.12263E-4 1.08511E-3 1.42705E-3 1.21386E-3 1.04635E-3 1.46164E-3 2.23242E-3 1.55409E-3 2.01168E-3 1.28934E-3 1.47287E-3 1.99684E-3 1.98272E-3 1.6198E-3 1.41791E-3 3.3164E-3 2.67232E-3 2.33641E-3 2.47211E-3 2.37657E-3 2.09979E-3 2.19774E-3 1.89087E-3 2.66446E-3 3.90069E-3 1.97175E-3 2.20588E-3 4.89001E-3 6.74979E-3 3.54136E-3 2.19829E-3 1.89996E-3 4.9672E-3 6.33614E-3 4.71689E-3 3.8404E-3 1.89552E-3 1.35492E-3 1.80429E-3 2.84523E-3 3.07027E-3 2.69797E-3 3.03017E-3 3.35709E-3 3.6169E-3 3.78328E-3
1.65318E-3 1.06722E-3 7.29231E-4 8.1024E-4 9.75501E-4 1.1497E-3 1.20931E-3 7.05493E-4 7.39927E-4 7.3591E-4 8.08418E-4 1.21681E-3 1.52347E-3 1.0979E-3 9.70089E-4 1.30128E-3 1.0383E-3 1.13162E-3 1.38942E-3 1.04842E-3 6.80914E-4 1.33493E-3 1.57393E-3 2.02352E-3 1.55304E-3 1.21442E-3 1.65123E-3 1.61014E-3 2.06309E-3 3.75405E-3 2.1351E-3 1.91616E-3 1.68999E-3 1.70978E-3 2.00503E-3 1.91151E-3 2.5098E-3 2.4469E-3 3.85767E-3 1.92774E-3 1.93173E-3 2.27025E-3 3.98455E-3 5.33139E-3 2.28908E-3 1.73542E-3 1.83806E-3 4.17899E-3 5.3001E-3 5.49913E-3 2.20156E-3 1.51142E-3 2.05038E-3 2.51962E-3 4.5819E-3 2.84207E-3 3.17519E-3 3.72368E-3 4.67225E-3 4.37823E-3 4.64278E-3
1.36436E-3 7.67352E-4 9.3079E-4 1.16143E-3 1.01972E-3 1.34544E-3 1.14394E-3 8.00707E-4 7.6063E-4 8.04193E-4 7.86558E-4 1.04159E-3 1.77558E-3 1.14419E-3 1.04165E-3 1.00683E-3 9.99533E-4 8.08977E-4 7.26584E-4 6.74724E-4 5.04116E-4 7.26441E-4 1.36874E-3 1.6757E-3 1.3937E-3 1.45058E-3 1.5232E-3 1.59269E-3 2.31677E-3 2.06766E-3 1.94556E-3 1.98377E-3 1.78525E-3 2.03481E-3 1.97781E-3 2.30538E-3 3.15833E-3 3.88463E-3 4.73773E-3 4.10067E-3 3.6013E-3 1.67956E-3 3.21058E-3 4.91447E-3 3.85174E-3 3.71086E-3 4.15657E-3 4.98394E-3 4.70066E-3 2.25826E-3 1.64308E-3 2.14572E-3 2.67077E-3 2.9377E-3 3.21224E-3 3.36751E-3 3.41412E-3 3.78849E-3 4.54878E-3 6.14075E-3 5.9282E-3
1.08501E-3 8.71613E-4 8.76119E-4 9.23302E-4 8.94462E-4 1.38852E-3 1.2617E-3 1.0427E-3 8.50524E-4 8.67628E-4 8.18492E-4 9.10009E-4 1.84404E-3 1.18531E-3 1.21122E-3 5.22591E-4 7.41199E-4 4.36281E-4 4.45951E-4 5.62822E-4 8.72367E-4 7.05771E-4 1.4106E-3 1.18616E-3 1.18124E-3 1.15098E-3 1.29601E-3 1.29561E-3 1.59437E-3 1.5787E-3 1.76222E-3 1.85536E-3 2.35088E-3 2.08955E-3 2.15496E-3 3.03725E-3 4.52413E-3 4.4632E-3 4.08818E-3 3.0096E-3 2.00092E-3 1.48972E-3 2.462E-3 7.03422E-3 7.01575E-3 5.95305E-3 6.16107E-3 2.59546E-3 1.48496E-3 1.62396E-3 2.37972E-3 3.03436E-3 3.55541E-3 3.23465E-3 3.71979E-3 3.58637E-3 3.63004E-3 3.77852E-3 5.61072E-3 8.39458E-3 6.75941E-3
1.15867E-3 9.31329E-4 1.14199E-3 8.32395E-4 1.31188E-3 1.66555E-3 1.59068E-3 7.00069E-4 5.58388E-4 6.62936E-4 1.42317E-3 1.15997E-3 1.04845E-3 9.73322E-4 8.72236E-4 4.93129E-4 5.49772E-4 6.05535E-4 6.21638E-4 6.44005E-4 9.06745E-4 9.28779E-4 1.54579E-3 1.0215E-3 1.03607E-3 1.28615E-3 1.44264E-3 1.2434E-3 1.7167E-3 2.12348E-3 1.73082E-3 1.39364E-3 2.45185E-3 2.7028E-3 2.6755E-3 3.64478E-3 5.41268E-3 4.37046E-3 3.68649E-3 3.04168E-3 1.7539E-3 2.16729E-3 3.45314E-3 4.894E-3 3.08093E-3 1.81873E-3 1.57457E-3 1.35236E-3 1.95215E-3 2.76455E-3 3.30326E-3 3.52816E-3 3.88388E-3 3.8976E-3 3.86656E-3 4.15217E-3 4.13651E-3 5.27495E-3 5.71069E-3 5.63498E-3 7.84043E-3
8.77559E-4 1.01759E-3 2.03257E-3 9.95164E-4 8.22083E-4 8.75921E-4 7.85149E-4 6.91478E-4 5.02371E-4 7.52541E-4 1.38604E-3 6.80208E-4 8.79264E-4 9.00753E-4 6.45875E-4 6.05715E-4 6.64505E-4 7.02756E-4 7.34402E-4 7.96845E-4 1.06009E-3 9.28609E-4 1.1439E-3 1.08308E-3 1.49627E-3 1.89768E-3 2.83889E-3 1.50064E-3 1.06895E-3 2.35513E-3 2.01329E-3 1.5959E-3 3.00922E-3 3.95214E-3 3.04107E-3 5.26748E-3 5.81148E-3 3.65716E-3 2.29413E-3 2.34989E-3 3.42818E-3 3.87096E-3 3.46462E-3 4.0754E-3 1.32853E-3 1.4104E-3 1.82464E-3 2.46159E-3 3.19839E-3 3.34619E-3 3.91382E-3 3.95162E-3 4.02191E-3 4.09344E-3 4.15158E-3 4.09273E-3 4.38079E-3 3.95955E-3 3.5546E-3 4.25633E-3 5.51371E-3
9.78969E-4 1.23223E-3 1.39537E-3 2.71632E-3 1.79911E-3 1.12773E-3 7.11211E-4 7.21377E-4 5.30564E-4 6.00896E-4 1.28578E-3 7.57428E-4 1.53423E-3 1.24761E-3 6.58492E-4 6.24887E-4 8.35511E-4 9.36361E-4 9.33447E-4 9.82166E-4 1.22069E-3 1.29146E-3 1.4947E-3 1.72755E-3 2.50721E-3 2.50437E-3 1.46921E-3 9.41887E-4 9.63989E-4 1.61111E-3 1.09921E-3 1.36035E-3 1.44379E-3 1.48009E-3 1.5241E-3 2.66194E-3 5.73337E-3 3.98879E-3 4.21521E-3 4.28608E-3 4.9168E-3 3.32905E-3 2.20157E-3 1.52734E-3 1.74925E-3 2.33008E-3 2.81939E-3 3.27342E-3 3.56113E-3 3.72692E-3 3.77868E-3 3.99364E-3 4.09344E-3 4.26106E-3 3.95958E-3 5.50215E-3 6.67223E-3 7.26433E-3 7.54428E-3 4.72475E-3 4.62422E-3
1.28101E-3 1.61696E-3 1.01679E-3 9.37252E-4 9.5408E-4 7.68694E-4 6.17473E-4 6.12121E-4 6.73645E-4 6.09161E-4 9.7046E-4 1.11669E-3 8.99584E-4 1.08384E-3 7.48789E-4 8.09685E-4 7.66033E-4 8.31012E-4 7.6782E-4 9.38E-4 1.00001E-3 1.3268E-3 1.66167E-3 1.16707E-3 1.64015E-3 1.4213E-3 9.38051E-4 1.00898E-3 1.17846E-3 1.48012E-3 1.50604E-3 1.49165E-3 1.6309E-3 1.65145E-3 1.58483E-3 1.95794E-3 3.98901E-3 5.14466E-3 5.177E-3 3.31363E-3 2.4345E-3 1.20859E-3 1.24772E-3 1.92619E-3 2.24794E-3 2.19199E-3 2.48316E-3 3.0862E-3 3.64244E-3 3.67496E-3 3.86778E-3 3.28923E-3 3.43754E-3 4.33448E-3 6.41627E-3 4.63777E-3 4.56391E-3 5.05239E-3 3.95567E-3 3.33646E-3 3.32374E-3
2.43296E-3 1.22488E-3 1.0404E-3 1.01265E-3 9.78104E-4 9.77804E-4 8.87778E-4 7.35108E-4 6.70091E-4 6.99037E-4 8.47036E-4 2.0531E-3 9.47679E-4 1.02677E-3 6.85287E-4 8.56512E-4 8.35294E-4 8.76859E-4 8.50113E-4 1.05387E-3 9.40099E-4 9.62356E-4 9.90642E-4 9.42496E-4 9.68142E-4 1.07157E-3 1.34827E-3 1.23954E-3 1.4137E-3 1.64205E-3 1.95251E-3 2.07332E-3 2.06126E-3 1.9981E-3 1.95508E-3 1.63408E-3 1.86229E-3 1.43691E-3 1.21239E-3 1.26191E-3 1.49292E-3 1.53264E-3 1.8248E-3 2.24958E-3 2.61599E-3 3.33447E-3 3.18179E-3 2.69297E-3 2.85687E-3 2.93368E-3 4.05278E-3 5.95645E-3 4.13698E-3 4.40592E-3 5.18342E-3 3.20858E-3 3.40862E-3 3.70552E-3 5.54143E-3 5.08805E-3 5.09045E-3
1.1603E-3 1.3033E-3 1.1862E-3 1.13078E-3 1.83902E-3 1.59455E-3 1.66265E-3 1.31764E-3 6.71133E-4 6.15383E-4 1.06251E-3 1.67996E-3 6.8345E-4 6.54078E-4 6.94182E-4 9.32753E-4 9.7067E-4 9.54145E-4 9.86163E-4 1.0592E-3 1.08246E-3 1.05976E-3 1.11352E-3 1.20351E-3 1.26413E-3 1.32382E-3 1.34683E-3 1.39916E-3 1.71399E-3 1.63119E-3 1.78892E-3 1.8003E-3 1.79456E-3 2.0203E-3 2.85222E-3 1.50272E-3 1.6041E-3 1.5769E-3 1.54098E-3 1.97992E-3 2.02302E-3 2.37624E-3 2.61891E-3 2.86313E-3 3.29701E-3 3.58402E-3 4.20837E-3 3.28591E-3 3.59203E-3 4.97526E-3 7.37221E-3 8.65216E-3 6.28807E-3 7.00934E-3 5.53471E-3 3.04636E-3 3.51754E-3 5.64411E-3 9.96544E-3 8.82879E-3 6.34265E-3
1.07099E-3 1.8921E-3 1.43825E-3 2.17256E-3 1.26013E-3 1.69926E-3 9.8039E-4 1.47121E-3 9.12562E-4 1.41148E-3 8.53818E-4 7.29564E-4 7.31563E-4 8.45962E-4 8.19903E-4 1.04659E-3 1.09293E-3 9.78334E-4 1.15511E-3 1.11934E-3 1.1795E-3 1.22544E-3 1.18119E-3 1.2197E-3 1.23993E-3 1.31262E-3 1.68205E-3 1.81416E-3 1.74466E-3 1.79867E-3 2.25792E-3 2.08923E-3 2.07081E-3 1.61737E-3 1.75751E-3 1.57434E-3 1.8471E-3 2.06597E-3 2.39836E-3 2.48419E-3 2.90163E-3 2.83093E-3 2.70916E-3 2.84312E-3 3.08836E-3 3.35108E-3 4.19784E-3 3.47599E-3 5.37683E-3 5.64445E-3 6.96202E-3 8.17035E-3 6.54264E-3 5.28842E-3 3.65348E-3 3.29464E-3 6.06426E-3 7.75803E-3 8.85957E-3 7.68146E-3 8.64391E-3
1.23434E-3 1.25669E-3 1.75464E-3 1.51703E-3 1.93773E-3 1.96126E-3 1.29931E-3 1.50349E-3 7.47017E-4 1.33036E-3 7.86127E-4 7.71444E-4 8.61756E-4 8.76182E-4 1.02954E-3 1.12261E-3 1.05193E-3 1.21021E-3 1.17058E-3 1.05355E-3 1.28391E-3 1.48246E-3 1.48984E-3 1.57245E-3 1.50722E-3 1.51704E-3 1.47074E-3 1.70597E-3 2.0061E-3 1.92971E-3 2.20319E-3 2.15827E-3 2.3305E-3 2.10826E-3 2.17998E-3 1.83821E-3 1.99287E-3 2.21857E-3 2.0622E-3 2.28483E-3 2.91391E-3 3.20311E-3 2.75563E-3 2.85019E-3 3.34537E-3 4.3469E-3 5.67788E-3 4.17553E-3 3.45519E-3 4.56097E-3 5.48284E-3 8.68466E-3 4.81879E-3 2.75639E-3 2.69093E-3 5.41824E-3 4.52882E-3 6.52873E-3 4.55803E-3 6.76052E-3 6.79258E-3
9.88447E-4 1.4085E-3 1.67254E-3 1.92443E-3 1.98836E-3 8.26993E-4 5.1978E-4 5.50581E-4 6.15511E-4 7.60062E-4 8.42152E-4 9.07101E-4 1.01271E-3 9.84767E-4 1.03658E-3 1.06982E-3 1.16135E-3 1.21779E-3 1.27381E-3 1.47381E-3 1.32896E-3 1.38561E-3 1.38717E-3 1.59079E-3 1.70336E-3 1.6807E-3 1.77E-3 1.53358E-3 1.75333E-3 1.85954E-3 2.12628E-3 2.19669E-3 2.131E-3 2.14751E-3 2.08357E-3 2.10926E-3 1.90344E-3 2.29517E-3 2.52424E-3 2.65925E-3 2.53108E-3 2.82125E-3 3.09043E-3 3.12431E-3 3.94171E-3 3.42504E-3 4.51742E-3 6.05447E-3 3.13819E-3 5.40243E-3 9.83266E-3 6.28355E-3 3.27215E-3 3.6238E-3 5.6531E-3 3.82908E-3 4.69629E-3 4.44503E-3 5.38901E-3 6.74757E-3 7.43993E-3
7.0178E-4 1.07129E-3 5.80864E-4 5.52244E-4 5.67565E-4 5.70618E-4 6.52956E-4 8.08102E-4 8.77596E-4 9.80909E-4 1.015E-3 1.03927E-3 9.62125E-4 9.7098E-4 1.01218E-3 1.15387E-3 1.172E-3 1.34901E-3 1.31031E-3 1.41938E-3 1.66995E-3 1.58395E-3 1.52405E-3 1.67696E-3 1.73076E-3 1.68851E-3 1.84009E-3 1.79157E-3 1.4989E-3 1.74059E-3 1.75791E-3 2.0053E-3 2.13554E-3 2.11832E-3 2.03706E-3 1.85918E-3 1.64393E-3 2.05087E-3 2.48257E-3 2.44777E-3 2.99006E-3 2.4747E-3 3.4102E-3 5.19569E-3 5.26381E-3 3.28113E-3 4.17027E-3 7.29496E-3 3.1874E-3 5.88281E-3 9.87749E-3 6.85377E-3 3.74419E-3 4.2598E-3 6.63424E-3 3.1243E-3 7.90865E-3 1.07615E-2 7.75681E-3 6.44216E-3 7.78057E-3
9.07248E-4 2.10821E-3 8.8247E-4 5.36071E-4 6.20738E-4 7.81237E-4 8.20377E-4 9.31608E-4 1.0144E-3 1.00022E-3 1.07283E-3 1.02679E-3 9.08412E-4 1.09984E-3 1.0911E-3 1.12703E-3 1.22452E-3 1.3364E-3 1.69014E-3 1.67547E-3 1.54833E-3 1.71996E-3 1.76886E-3 1.65757E-3 1.88995E-3 1.78945E-3 1.67095E-3 1.77698E-3 1.61636E-3 1.66822E-3 1.51074E-3 1.83386E-3 1.98638E-3 2.18876E-3 1.88247E-3 1.82444E-3 2.0934E-3 2.05148E-3 2.45108E-3 3.13517E-3 3.88323E-3 2.40957E-3 2.28712E-3 3.42839E-3 5.13044E-3 6.68899E-3 5.65109E-3 6.3224E-3 2.31029E-3 4.59615E-3 7.85705E-3 5.71442E-3 5.09262E-3 5.04719E-3 8.56338E-3 2.84794E-3 3.90325E-3 4.34183E-3 4.3067E-3 8.59174E-3 7.56859E-3
1.39962E-3 5.21986E-4 1.3727E-3 6.3908E-4 6.52694E-4 8.16991E-4 9.40247E-4 8.04622E-4 8.84363E-4 9.29829E-4 9.5196E-4 9.25171E-4 9.70081E-4 1.05295E-3 1.21841E-3 1.32506E-3 1.40461E-3 1.45814E-3 1.71959E-3 1.7295E-3 1.68675E-3 1.79586E-3 1.75823E-3 1.63774E-3 1.95095E-3 1.97548E-3 1.69349E-3 1.6412E-3 1.7703E-3 1.48584E-3 1.90146E-3 1.71227E-3 1.84945E-3 1.80807E-3 2.45034E-3 3.44348E-3 3.68897E-3 4.70477E-3 3.5789E-3 3.06542E-3 2.73394E-3 3.29308E-3 2.76219E-3 2.18672E-3 2.51951E-3 4.47307E-3 7.81599E-3 4.72291E-3 2.70151E-3 4.75085E-3 8.07071E-3 6.28374E-3 3.4451E-3 4.35877E-3 1.11305E-2 5.02225E-3 3.43134E-3 3.82471E-3 7.00034E-3 7.50013E-3 6.98563E-3
4.6655E-4 5.22346E-4 6.50434E-4 6.4261E-4 7.76415E-4 9.54261E-4 9.72343E-4 1.12981E-3 1.09121E-3 8.99019E-4 9.46005E-4 8.90614E-4 1.08496E-3 1.25036E-3 1.29626E-3 1.40784E-3 1.53647E-3 1.54415E-3 1.75021E-3 1.91759E-3 1.98192E-3 1.95555E-3 1.82272E-3 1.81784E-3 1.69073E-3 2.00357E-3 1.75013E-3 1.75037E-3 1.74296E-3 1.75497E-3 2.61629E-3 3.09966E-3 2.5446E-3 3.67454E-3 2.61704E-3 2.11966E-3 2.36012E-3 3.83166E-3 3.89947E-3 2.85752E-3 1.84582E-3 2.60256E-3 4.44351E-3 2.29441E-3 3.03566E-3 2.46522E-3 6.32782E-3 7.92809E-3 4.12854E-3 5.76237E-3 8.21551E-3 5.61609E-3 6.77702E-3 4.60695E-3 1.10284E-2 9.95259E-3 5.25344E-3 4.81205E-3 3.35543E-3 4.24682E-3 4.38183E-3
7.09197E-4 8.18842E-4 9.57213E-4 9.30146E-4 7.3385E-4 7.82343E-4 8.61462E-4 9.44635E-4 1.07968E-3 8.09872E-4 8.72678E-4 1.01096E-3 9.81619E-4 1.26974E-3 1.27718E-3 1.35789E-3 1.48141E-3 1.58233E-3 1.83382E-3 2.08337E-3 2.08874E-3 2.18779E-3 2.2823E-3 2.68013E-3 3.72621E-3 2.80623E-3 1.98935E-3 3.09992E-3 4.04424E-3 2.44587E-3 4.23133E-3 4.34134E-3 2.28776E-3 1.19329E-3 1.39722E-3 2.13753E-3 1.98266E-3 3.19303E-3 5.17747E-3 2.94975E-3 2.63977E-3 1.82482E-3 6.11578E-3 3.30808E-3 2.45501E-3 3.05685E-3 4.34446E-3 7.23696E-3 5.17451E-3 6.78371E-3 6.40125E-3 5.27671E-3 3.77706E-3 3.77869E-3 7.89019E-3 9.22486E-3 6.99473E-3 8.39522E-3 1.01673E-2 1.32374E-2 1.46778E-2
8.08581E-4 8.29248E-4 8.51567E-4 8.5762E-4 8.70684E-4 7.35087E-4 7.49793E-4 7.15463E-4 9.28926E-4 9.87245E-4 9.60107E-4 1.11841E-3 9.73578E-4 1.14212E-3 1.32542E-3 1.4502E-3 1.51857E-3 1.85966E-3 2.1704E-3 2.72541E-3 3.28354E-3 2.744E-3 4.20286E-3 6.14944E-3 2.87514E-3 1.15583E-3 2.33241E-3 7.88392E-3 2.94127E-3 3.38369E-3 3.81113E-3 2.3638E-3 1.46259E-3 9.33389E-4 2.4454E-3 3.36053E-3 2.99936E-3 1.65865E-3 3.14555E-3 4.7675E-3 2.55158E-3 1.61696E-3 4.99998E-3 5.81876E-3 3.07886E-3 4.66506E-3 4.0273E-3 4.75562E-3 4.84493E-3 7.13941E-3 6.37943E-3 4.61656E-3 4.10754E-3 5.1802E-3 6.44896E-3 1.00037E-2 9.25313E-3 1.17174E-2 8.54063E-3 1.02951E-2 1.11912E-2
7.48918E-4 7.59335E-4 8.2703E-4 8.81066E-4 8.75811E-4 7.10262E-4 7.46809E-4 7.50955E-4 8.09462E-4 1.36442E-3 1.63565E-3 1.70047E-3 1.11721E-3 1.18542E-3 1.77527E-3 2.28574E-3 1.70921E-3 2.22103E-3 3.25246E-3 4.06514E-3 2.3176E-3 2.36709E-3 2.82949E-3 3.04216E-3 1.29054E-3 9.00557E-4 1.13786E-3 4.66044E-3 2.28742E-3 3.26666E-3 3.16639E-3 2.05665E-3 1.21717E-3 1.15092E-3 1.15791E-3 3.69347E-3 2.79847E-3 1.27418E-3 2.42156E-3 4.67511E-3 2.08104E-3 2.78599E-3 6.14192E-3 3.54261E-3 4.58631E-3 4.06175E-3 4.23685E-3 5.30193E-3 5.37751E-3 5.42976E-3 7.93511E-3 6.84056E-3 5.95221E-3 5.79573E-3 7.18935E-3 8.30525E-3 9.58638E-3 5.88518E-3 4.70802E-3 5.10588E-3 6.92327E-3
7.36929E-4 7.84916E-4 7.989E-4 8.18472E-4 9.33293E-4 8.82063E-4 8.24037E-4 9.31019E-4 9.26374E-4 1.73977E-3 1.12904E-3 9.26827E-4 8.08663E-4 1.34838E-3 2.70215E-3 3.00246E-3 2.33188E-3 2.17035E-3 1.74088E-3 1.96087E-3 2.12469E-3 2.51699E-3 2.34887E-3 1.65021E-3 1.81054E-3 1.49983E-3 1.42569E-3 2.24371E-3 3.87592E-3 2.75398E-3 4.30329E-3 2.47091E-3 1.8116E-3 1.62903E-3 1.11251E-3 2.21106E-3 2.78208E-3 1.46207E-3 2.57736E-3 5.77976E-3 3.50027E-3 2.4937E-3 3.98947E-3 2.90449E-3 4.73687E-3 3.46709E-3 3.90029E-3 4.95535E-3 6.23879E-3 6.76818E-3 8.02928E-3 5.45327E-3 4.82781E-3 6.79667E-3 6.10621E-3 4.06712E-3 4.90887E-3 5.20547E-3 4.30853E-3 5.02904E-3 5.71918E-3
6.8363E-4 7.88076E-4 8.38482E-4 8.69123E-4 1.19328E-3 1.4474E-3 1.42107E-3 8.68261E-4 6.28423E-4 8.47285E-4 6.29636E-4 1.01855E-3 8.48566E-4 9.32092E-4 1.40367E-3 1.59165E-3 2.90101E-3 3.37534E-3 4.70209E-3 4.39865E-3 2.89576E-3 2.643E-3 3.38362E-3 8.13528E-3 5.18748E-3 1.59353E-3 1.56767E-3 1.98788E-3 3.5158E-3 3.50027E-3 4.02233E-3 3.74304E-3 1.99917E-3 1.31899E-3 1.11744E-3 1.63496E-3 3.52341E-3 1.94699E-3 1.79354E-3 5.21144E-3 2.57869E-3 2.13991E-3 3.64284E-3 2.64932E-3 5.15622E-3 3.88562E-3 2.92218E-3 4.50406E-3 6.74302E-3 7.35489E-3 4.39765E-3 4.6365E-3 4.58126E-3 4.83866E-3 5.33352E-3 4.03598E-3 3.88294E-3 3.45633E-3 5.62796E-3 5.60195E-3 6.04763E-3
