Artocarpus hirsutus SDM files/MIS19/results (without bias file)/Arthir_6.asc
ncols         625
nrows         721
xllcorner     69.99986311115
yllcorner     5.99986187915
cellsize      0.041666667
NODATA_value  -9999
[rows 594 to 620 of 721, columns 183 to 243 of 625]
9.39203E-3 1.54484E-2 1.56324E-2 1.44534E-2 1.61138E-2 1.77554E-2 2.01379E-2 2.23019E-2 1.82462E-2 1.86013E-2 1.65341E-2 1.87439E-2 2.10861E-2 1.80451E-2 1.57447E-2 1.57512E-2 1.98312E-2 1.66837E-2 1.02154E-2 9.66753E-3 1.85821E-2 2.16351E-2 3.5017E-2 2.72163E-2 1.87867E-2 1.21726E-2 1.09942E-2 1.22657E-2 1.04161E-2 1.01413E-2 4.11461E-2 4.05093E-2 4.13866E-2 4.61742E-2 4.03951E-2 3.75488E-2 3.52071E-2 4.27489E-2 4.0426E-2 3.12021E-2 2.4946E-2 2.26657E-2 1.86761E-2 1.66587E-2 1.36061E-2 1.1806E-2 1.00063E-2 8.71151E-3 6.86699E-3 5.57837E-3 4.29837E-3 3.45276E-3 2.9923E-3 5.88647E-3 -9999 -9999 -9999 -9999 -9999 -9999 -9999
9.42379E-3 1.59533E-2 1.46095E-2 1.43937E-2 1.44935E-2 1.45381E-2 1.63417E-2 1.98883E-2 1.55511E-2 1.53918E-2 1.69641E-2 1.83489E-2 1.88273E-2 1.60734E-2 1.42663E-2 1.6705E-2 2.12905E-2 1.14902E-2 7.02135E-3 9.71973E-3 1.77562E-2 2.20143E-2 2.58937E-2 2.70834E-2 2.63306E-2 2.29301E-2 1.07363E-2 9.81367E-3 7.97336E-3 3.24972E-2 3.575E-2 4.16435E-2 4.48476E-2 5.02946E-2 4.27821E-2 4.07361E-2 3.71072E-2 4.38701E-2 3.58346E-2 2.90061E-2 2.30919E-2 2.09622E-2 1.80027E-2 1.76303E-2 1.44278E-2 1.26751E-2 1.03628E-2 7.88774E-3 6.67293E-3 4.92809E-3 4.29977E-3 3.27003E-3 2.63274E-3 5.44761E-3 -9999 -9999 -9999 -9999 -9999 -9999 -9999
9.71365E-3 1.35402E-2 1.30257E-2 1.38247E-2 1.3794E-2 1.33832E-2 1.62537E-2 1.74288E-2 1.5197E-2 1.44703E-2 1.658E-2 1.66223E-2 1.71689E-2 1.44675E-2 1.29954E-2 1.50467E-2 2.16149E-2 2.31362E-2 1.45973E-2 1.0086E-2 1.76959E-2 1.86662E-2 2.02645E-2 1.93887E-2 2.17187E-2 2.09026E-2 1.35968E-2 1.34814E-2 4.0402E-2 2.86593E-2 3.0924E-2 3.47352E-2 3.89646E-2 4.6717E-2 4.81871E-2 4.84677E-2 4.70172E-2 4.78724E-2 3.94238E-2 3.27655E-2 2.54169E-2 2.22607E-2 1.94676E-2 1.73624E-2 1.40137E-2 1.25192E-2 1.02246E-2 8.44074E-3 6.48877E-3 4.85423E-3 3.77827E-3 3.13823E-3 2.31057E-3 4.85717E-3 -9999 -9999 -9999 -9999 -9999 -9999 -9999
1.05264E-2 1.62979E-2 1.57441E-2 1.3734E-2 1.30388E-2 1.32156E-2 1.45642E-2 1.73043E-2 1.513E-2 1.38196E-2 1.5303E-2 1.60843E-2 1.86471E-2 1.51881E-2 1.24975E-2 1.21265E-2 1.3874E-2 1.43691E-2 1.30299E-2 1.06711E-2 1.87861E-2 1.59314E-2 1.64954E-2 1.84175E-2 2.06441E-2 1.66655E-2 1.56596E-2 1.86372E-2 5.0772E-2 3.4734E-2 3.00912E-2 3.07121E-2 3.17611E-2 3.75229E-2 4.20835E-2 4.65344E-2 4.52364E-2 4.35581E-2 4.24369E-2 3.67916E-2 2.83203E-2 2.45693E-2 2.05965E-2 1.79613E-2 1.39646E-2 1.24441E-2 9.97823E-3 7.52398E-3 5.89792E-3 4.93061E-3 3.85447E-3 7.2904E-3 2.38055E-3 4.81943E-3 -9999 -9999 -9999 -9999 -9999 -9999 -9999
7.51249E-3 1.37881E-2 1.52831E-2 1.47741E-2 1.35259E-2 1.21431E-2 1.34233E-2 1.39683E-2 1.298E-2 1.37048E-2 1.41674E-2 1.43239E-2 1.51382E-2 1.42797E-2 1.18353E-2 1.29963E-2 1.17674E-2 9.66217E-3 9.99578E-3 1.4494E-2 1.66922E-2 1.48963E-2 1.53221E-2 1.76106E-2 1.48444E-2 1.41438E-2 1.35472E-2 2.46715E-2 3.7844E-2 3.6409E-2 3.62003E-2 3.40252E-2 3.1706E-2 3.06366E-2 3.26618E-2 3.80885E-2 4.21506E-2 4.18277E-2 3.39634E-2 2.82148E-2 2.73564E-2 2.22191E-2 1.9138E-2 1.64687E-2 1.44254E-2 1.18113E-2 9.01091E-3 7.02975E-3 5.7253E-3 4.83702E-3 3.89547E-3 7.37018E-3 2.51536E-3 4.6993E-3 -9999 -9999 -9999 -9999 -9999 -9999 -9999
1.04261E-2 1.10596E-2 1.13542E-2 1.18589E-2 1.19835E-2 1.13645E-2 1.06691E-2 1.06759E-2 1.14165E-2 1.10544E-2 1.06262E-2 1.10878E-2 1.1754E-2 1.28186E-2 1.11857E-2 1.39863E-2 1.63552E-2 1.13871E-2 1.07749E-2 1.64433E-2 1.5436E-2 1.53659E-2 1.48161E-2 1.68942E-2 1.19484E-2 1.18214E-2 1.35587E-2 2.73639E-2 3.65464E-2 3.07244E-2 3.53753E-2 3.84545E-2 3.60072E-2 3.41903E-2 3.37087E-2 3.06642E-2 3.17292E-2 3.73816E-2 4.07068E-2 2.7197E-2 2.26879E-2 2.12415E-2 1.78638E-2 1.58392E-2 1.30832E-2 1.06704E-2 8.58628E-3 7.4811E-3 5.91091E-3 4.75101E-3 3.72957E-3 6.75872E-3 5.64149E-3 4.7102E-3 -9999 -9999 -9999 -9999 -9999 -9999 -9999
1.03908E-2 1.0224E-2 9.92924E-3 1.08092E-2 1.07744E-2 1.01651E-2 9.95374E-3 9.8332E-3 1.13062E-2 1.04245E-2 1.03964E-2 1.08181E-2 1.0635E-2 1.18229E-2 1.07637E-2 1.30127E-2 1.22339E-2 1.15239E-2 1.07967E-2 1.85288E-2 1.50928E-2 1.41866E-2 1.58158E-2 1.59043E-2 1.2788E-2 1.21271E-2 1.99723E-2 2.6913E-2 3.44404E-2 3.10215E-2 3.53417E-2 3.59693E-2 3.28333E-2 3.58585E-2 3.62234E-2 3.12649E-2 2.82396E-2 2.85705E-2 3.02509E-2 2.89757E-2 2.27993E-2 1.94762E-2 1.73461E-2 1.43322E-2 1.27532E-2 1.05603E-2 8.5718E-3 6.83939E-3 5.76117E-3 4.35219E-3 3.6558E-3 6.35467E-3 5.38581E-3 4.26139E-3 -9999 -9999 -9999 -9999 -9999 -9999 -9999
1.2186E-2 1.10121E-2 1.09404E-2 1.06073E-2 9.55242E-3 9.27368E-3 9.9003E-3 1.08183E-2 1.16794E-2 1.10456E-2 1.05803E-2 9.75284E-3 1.01537E-2 9.62553E-3 9.99357E-3 1.0376E-2 9.6705E-3 9.67897E-3 9.67043E-3 1.67455E-2 1.69878E-2 1.36437E-2 1.64293E-2 1.63238E-2 1.29058E-2 2.70905E-2 2.46391E-2 3.206E-2 3.42312E-2 3.0627E-2 3.34178E-2 3.76381E-2 3.27417E-2 3.31581E-2 3.4088E-2 3.69156E-2 3.29472E-2 2.83779E-2 2.63673E-2 2.46896E-2 2.1135E-2 1.86684E-2 1.67966E-2 1.38694E-2 1.15767E-2 1.01449E-2 8.2057E-3 7.07849E-3 5.62602E-3 4.21071E-3 3.31302E-3 6.05946E-3 5.19534E-3 4.04193E-3 -9999 -9999 -9999 -9999 -9999 -9999 -9999
1.18373E-2 1.32367E-2 1.24563E-2 1.16011E-2 1.05589E-2 9.95866E-3 1.08439E-2 1.1028E-2 1.01E-2 9.44195E-3 8.57882E-3 8.70625E-3 8.41446E-3 8.05652E-3 8.14708E-3 8.4869E-3 7.8868E-3 8.43099E-3 8.08575E-3 1.48525E-2 1.42688E-2 1.52778E-2 1.6429E-2 1.69092E-2 2.64294E-2 3.02734E-2 3.08667E-2 2.95988E-2 3.61872E-2 3.49324E-2 3.44614E-2 3.5443E-2 3.53437E-2 3.35575E-2 3.22902E-2 3.02194E-2 2.89925E-2 2.63235E-2 2.50326E-2 2.29175E-2 2.07422E-2 1.86454E-2 1.56706E-2 1.3583E-2 1.113E-2 9.09365E-3 7.77579E-3 6.33115E-3 5.10104E-3 4.09401E-3 6.95965E-3 5.87795E-3 4.65439E-3 3.838E-3 -9999 -9999 -9999 -9999 -9999 -9999 -9999
1.1058E-2 1.17009E-2 1.14815E-2 1.1692E-2 1.24978E-2 1.26909E-2 1.1527E-2 1.04165E-2 8.87799E-3 8.67532E-3 8.52363E-3 7.9562E-3 7.27251E-3 7.01967E-3 7.25438E-3 7.34761E-3 7.9925E-3 7.36244E-3 1.22404E-2 1.26122E-2 1.21574E-2 1.3347E-2 1.43592E-2 1.8543E-2 2.46234E-2 2.59708E-2 2.8988E-2 3.21094E-2 3.30997E-2 3.19975E-2 3.25214E-2 3.47852E-2 3.17782E-2 3.33037E-2 2.92608E-2 2.76297E-2 2.80954E-2 2.49645E-2 2.41175E-2 2.22611E-2 2.04941E-2 1.71034E-2 1.53594E-2 1.34654E-2 1.08795E-2 8.6727E-3 7.02548E-3 5.66739E-3 4.57761E-3 3.6418E-3 6.53145E-3 5.11946E-3 4.32454E-3 3.47747E-3 -9999 -9999 -9999 -9999 -9999 -9999 -9999
8.61689E-3 8.8218E-3 9.04914E-3 9.39505E-3 1.02311E-2 1.03543E-2 1.05057E-2 8.85368E-3 8.591E-3 8.89379E-3 8.14094E-3 7.43618E-3 7.2716E-3 7.13548E-3 7.39469E-3 7.48344E-3 7.37291E-3 7.61208E-3 1.19165E-2 1.23957E-2 1.20661E-2 1.19967E-2 1.25006E-2 2.36133E-2 2.7725E-2 3.36203E-2 3.29508E-2 3.3119E-2 3.31127E-2 3.37765E-2 3.42848E-2 3.28634E-2 3.21842E-2 3.2441E-2 2.90543E-2 2.93549E-2 2.57879E-2 2.4989E-2 2.34796E-2 2.17277E-2 1.96386E-2 1.64527E-2 1.47836E-2 1.3005E-2 1.07672E-2 8.54713E-3 6.65566E-3 5.63536E-3 4.51048E-3 3.54415E-3 6.24995E-3 5.00258E-3 4.07334E-3 3.25053E-3 -9999 -9999 -9999 -9999 -9999 -9999 -9999
8.53206E-3 8.10624E-3 8.31361E-3 8.25989E-3 9.00948E-3 8.93162E-3 9.05363E-3 8.88147E-3 8.54967E-3 8.18114E-3 8.27633E-3 7.16222E-3 7.12833E-3 7.6003E-3 7.14793E-3 7.05844E-3 6.82933E-3 1.14988E-2 1.17471E-2 1.17549E-2 1.21086E-2 1.18382E-2 1.25555E-2 2.93664E-2 3.15078E-2 3.54894E-2 3.3576E-2 3.49318E-2 3.29579E-2 3.41094E-2 3.13038E-2 3.19311E-2 3.08647E-2 3.11277E-2 2.94561E-2 2.74673E-2 2.41823E-2 2.24222E-2 2.09041E-2 1.90157E-2 1.75078E-2 1.49614E-2 1.36948E-2 1.19642E-2 9.96787E-3 8.68931E-3 7.05642E-3 5.52237E-3 4.36374E-3 7.15613E-3 2.69996E-3 4.64341E-3 3.7319E-3 3.02805E-3 -9999 -9999 -9999 -9999 -9999 -9999 -9999
8.31905E-3 7.42202E-3 8.08359E-3 8.14528E-3 7.73691E-3 7.58226E-3 7.53898E-3 7.76282E-3 7.53099E-3 7.91424E-3 8.1215E-3 7.11068E-3 6.93806E-3 6.57274E-3 6.69413E-3 6.6488E-3 6.78134E-3 1.10786E-2 1.171E-2 1.18737E-2 1.20067E-2 1.28621E-2 3.32656E-2 3.37928E-2 3.18887E-2 3.81506E-2 3.58557E-2 3.7378E-2 3.62699E-2 3.32671E-2 3.32351E-2 3.1742E-2 3.18161E-2 2.78764E-2 2.63733E-2 2.76982E-2 2.28314E-2 2.03541E-2 2.07327E-2 1.81215E-2 1.76573E-2 1.46838E-2 1.31058E-2 1.16503E-2 9.79684E-3 7.80952E-3 6.34507E-3 5.40845E-3 4.20995E-3 6.96753E-3 5.2985E-3 4.43493E-3 3.47322E-3 2.97278E-3 -9999 -9999 -9999 -9999 -9999 -9999 -9999
8.89538E-3 7.50721E-3 7.23997E-3 6.82806E-3 7.15359E-3 7.36937E-3 7.09406E-3 7.66941E-3 7.46389E-3 7.89006E-3 7.34204E-3 6.39064E-3 6.55727E-3 6.22941E-3 6.53156E-3 6.65726E-3 6.87513E-3 1.08346E-2 1.04867E-2 1.10507E-2 1.18877E-2 2.95749E-2 3.33773E-2 3.4401E-2 3.46596E-2 3.86811E-2 3.59186E-2 3.89369E-2 3.59396E-2 3.58257E-2 3.53011E-2 3.2175E-2 3.393E-2 2.7132E-2 3.0388E-2 2.69836E-2 2.38211E-2 2.14175E-2 2.04107E-2 2.04564E-2 1.67415E-2 1.47237E-2 1.22528E-2 1.09829E-2 9.12447E-3 7.25815E-3 6.34863E-3 5.04883E-3 3.85614E-3 6.40192E-3 5.28762E-3 4.12786E-3 3.63121E-3 2.78517E-3 -9999 -9999 -9999 -9999 -9999 -9999 -9999
8.53217E-3 7.40858E-3 6.53922E-3 6.38164E-3 7.22282E-3 6.97324E-3 6.77423E-3 6.83708E-3 7.19288E-3 7.54941E-3 7.44504E-3 6.33424E-3 6.09037E-3 5.77588E-3 6.28623E-3 7.5117E-3 7.32345E-3 1.67669E-2 1.17014E-2 1.23238E-2 2.86578E-2 3.07494E-2 3.5109E-2 3.53312E-2 3.78084E-2 4.13091E-2 3.91423E-2 3.81434E-2 3.67046E-2 3.68909E-2 3.76559E-2 3.24521E-2 3.0888E-2 2.81036E-2 2.94071E-2 2.54611E-2 2.38334E-2 2.11244E-2 2.23107E-2 1.93794E-2 1.74791E-2 1.48109E-2 1.20448E-2 9.61374E-3 8.51346E-3 7.18002E-3 6.01625E-3 5.24206E-3 8.45835E-3 6.4332E-3 5.10007E-3 4.12473E-3 3.60805E-3 2.65999E-3 -9999 -9999 -9999 -9999 -9999 -9999 -9999
9.25286E-3 8.31547E-3 7.83959E-3 7.0655E-3 6.49558E-3 7.11467E-3 7.70218E-3 6.9918E-3 6.80309E-3 7.10748E-3 7.53504E-3 6.80104E-3 7.09468E-3 4.72567E-3 5.244E-3 6.86923E-3 1.10869E-2 1.32969E-2 2.12116E-2 2.49631E-2 2.71338E-2 3.75546E-2 3.62505E-2 3.86021E-2 3.78708E-2 4.27615E-2 4.24808E-2 3.92427E-2 4.09546E-2 3.81757E-2 3.77739E-2 3.91431E-2 3.36895E-2 3.17401E-2 2.68201E-2 2.58277E-2 2.49244E-2 2.25259E-2 2.23476E-2 2.03021E-2 1.72317E-2 1.55924E-2 1.27079E-2 9.72328E-3 8.31954E-3 7.40873E-3 5.92387E-3 4.82118E-3 7.74948E-3 5.88466E-3 4.80344E-3 4.06449E-3 3.18744E-3 2.35545E-3 -9999 -9999 -9999 -9999 -9999 -9999 -9999
1.01191E-2 1.04287E-2 9.63217E-3 7.51803E-3 7.24887E-3 8.32376E-3 8.37289E-3 7.2143E-3 7.07512E-3 7.32212E-3 7.65221E-3 7.7972E-3 8.33789E-3 7.06441E-3 6.25537E-3 6.41662E-3 1.10018E-2 1.78484E-2 2.20374E-2 2.63281E-2 2.96714E-2 3.84915E-2 3.79954E-2 3.94057E-2 4.29714E-2 4.31523E-2 4.57009E-2 4.62134E-2 4.59226E-2 4.59802E-2 4.50119E-2 3.92643E-2 3.57906E-2 3.49846E-2 3.22029E-2 2.55878E-2 2.53923E-2 2.4872E-2 2.217E-2 2.05156E-2 1.73407E-2 1.46778E-2 1.3075E-2 9.60183E-3 7.66842E-3 6.83409E-3 5.83241E-3 4.52794E-3 7.39475E-3 5.6669E-3 4.66922E-3 3.66366E-3 3.09367E-3 2.18405E-3 -9999 -9999 -9999 -9999 -9999 -9999 -9999
9.98208E-3 8.25395E-3 7.33323E-3 7.24371E-3 7.8084E-3 1.03631E-2 7.50566E-3 7.20063E-3 7.57444E-3 7.77562E-3 8.16377E-3 9.87586E-3 7.40023E-3 6.11338E-3 6.25452E-3 8.20423E-3 1.65387E-2 1.98357E-2 2.70533E-2 3.05469E-2 3.43271E-2 3.50722E-2 3.79819E-2 4.32098E-2 4.06252E-2 4.73818E-2 4.40568E-2 4.09149E-2 4.25993E-2 4.49671E-2 4.98036E-2 4.57217E-2 3.45856E-2 2.98628E-2 3.07012E-2 2.61021E-2 2.38386E-2 2.3893E-2 2.28722E-2 2.02647E-2 1.71278E-2 1.40775E-2 1.28651E-2 9.55726E-3 7.62764E-3 6.54242E-3 5.682E-3 4.55842E-3 3.44639E-3 5.01074E-3 4.42011E-3 3.46877E-3 2.99931E-3 1.95314E-3 -9999 -9999 -9999 -9999 -9999 -9999 -9999
8.92028E-3 6.99652E-3 6.55791E-3 7.079E-3 7.40713E-3 8.19967E-3 6.9991E-3 7.84237E-3 7.72384E-3 8.037E-3 8.75739E-3 1.04959E-2 1.03219E-2 8.16938E-3 8.35207E-3 2.21738E-2 2.89116E-2 2.92493E-2 2.80327E-2 3.10791E-2 3.31655E-2 3.6575E-2 4.21591E-2 4.62519E-2 4.75375E-2 4.87707E-2 4.32346E-2 4.32493E-2 3.92111E-2 4.03402E-2 4.55513E-2 4.88445E-2 4.05154E-2 2.96678E-2 2.93746E-2 2.77776E-2 2.46789E-2 2.06791E-2 2.05116E-2 1.86378E-2 1.68795E-2 1.30818E-2 1.03858E-2 9.34833E-3 7.59872E-3 6.0142E-3 5.18925E-3 8.33305E-3 7.02444E-3 5.20405E-3 4.00018E-3 3.08548E-3 2.72809E-3 1.7978E-3 -9999 -9999 -9999 -9999 -9999 -9999 -9999
8.36801E-3 6.38018E-3 5.64826E-3 5.76883E-3 6.46111E-3 6.82836E-3 6.63102E-3 6.99336E-3 8.10919E-3 8.56172E-3 9.30589E-3 9.1392E-3 9.53075E-3 7.57603E-3 3.06108E-2 2.23042E-2 2.65307E-2 2.77375E-2 2.93696E-2 3.18915E-2 3.39577E-2 3.79605E-2 4.10953E-2 4.83653E-2 5.2164E-2 5.08147E-2 5.26851E-2 4.69374E-2 4.07582E-2 3.93984E-2 3.86216E-2 3.93229E-2 4.13383E-2 3.21987E-2 2.90702E-2 2.69773E-2 2.49107E-2 2.24999E-2 1.8931E-2 1.93049E-2 1.68667E-2 1.28306E-2 1.02221E-2 7.5373E-3 7.31033E-3 5.86537E-3 4.61268E-3 7.46066E-3 6.29036E-3 4.64898E-3 3.45392E-3 2.82872E-3 2.07394E-3 1.54253E-3 -9999 -9999 -9999 -9999 -9999 -9999 -9999
6.89684E-3 6.32527E-3 5.53121E-3 4.25586E-3 6.7609E-3 6.7598E-3 6.70873E-3 7.33993E-3 7.84629E-3 8.38597E-3 8.79167E-3 9.01222E-3 8.92807E-3 1.65966E-2 2.97724E-2 2.71377E-2 2.71708E-2 2.60937E-2 3.91928E-2 3.17561E-2 3.69841E-2 3.78974E-2 4.37769E-2 4.59706E-2 5.28986E-2 4.79029E-2 5.47649E-2 5.37171E-2 4.652E-2 4.26991E-2 3.73633E-2 3.27318E-2 3.01591E-2 2.87824E-2 2.72354E-2 2.36588E-2 2.41536E-2 2.20984E-2 1.86055E-2 1.77154E-2 1.53206E-2 1.27993E-2 1.03592E-2 7.56204E-3 6.63891E-3 5.71905E-3 9.04629E-3 6.86201E-3 5.32048E-3 4.13187E-3 3.3851E-3 2.77435E-3 2.05855E-3 1.46972E-3 -9999 -9999 -9999 -9999 -9999 -9999 -9999
3.6383E-3 3.40754E-3 3.36284E-3 3.12025E-3 4.23745E-3 6.15455E-3 6.20383E-3 6.59578E-3 7.34603E-3 7.61581E-3 8.66572E-3 8.6889E-3 6.901E-3 2.46447E-2 1.7638E-2 1.58326E-2 3.70479E-2 2.47754E-2 3.82458E-2 3.41766E-2 3.88609E-2 4.07167E-2 4.33079E-2 4.44382E-2 4.78511E-2 4.93516E-2 4.97963E-2 5.39375E-2 6.46618E-2 6.02382E-2 4.34617E-2 3.73949E-2 3.55523E-2 3.06782E-2 2.67193E-2 2.25586E-2 2.2559E-2 1.97568E-2 1.69335E-2 1.60949E-2 1.49429E-2 1.1873E-2 9.72608E-3 7.64294E-3 6.58179E-3 5.34223E-3 4.18246E-3 7.15817E-3 5.44563E-3 4.22751E-3 3.44301E-3 2.72715E-3 2.02666E-3 1.36468E-3 -9999 -9999 -9999 -9999 -9999 -9999 -9999
2.71601E-3 3.35485E-3 3.5879E-3 3.12973E-3 4.57974E-3 5.37668E-3 5.68684E-3 6.56297E-3 6.8399E-3 6.36088E-3 7.23006E-3 5.98327E-3 7.0357E-3 3.0597E-2 2.51293E-2 1.43786E-2 1.97722E-2 2.9931E-2 3.67222E-2 3.705E-2 4.33959E-2 4.05907E-2 4.15809E-2 4.28119E-2 4.19551E-2 4.62361E-2 4.5727E-2 4.36174E-2 4.77197E-2 5.37702E-2 5.11063E-2 3.5533E-2 3.19338E-2 2.89649E-2 2.90455E-2 2.31899E-2 2.08636E-2 1.94484E-2 1.58626E-2 1.4119E-2 1.28522E-2 1.17021E-2 9.3925E-3 7.64899E-3 6.59986E-3 9.73156E-3 8.05319E-3 3.11956E-3 5.09396E-3 4.02205E-3 3.39149E-3 2.56765E-3 2.04794E-3 1.31807E-3 1.09796E-3 -9999 -9999 -9999 -9999 -9999 -9999
2.49653E-3 4.69399E-3 8.3113E-3 4.19764E-3 6.23089E-3 6.06455E-3 6.3154E-3 6.92803E-3 6.15183E-3 4.678E-3 9.30448E-3 6.13603E-3 8.14384E-3 4.50351E-2 3.07835E-2 2.54487E-2 2.83965E-2 2.90386E-2 3.33584E-2 3.50621E-2 3.94999E-2 4.74176E-2 4.59162E-2 4.46367E-2 4.3042E-2 4.50092E-2 4.61402E-2 4.02714E-2 3.85848E-2 3.96941E-2 4.62949E-2 4.03061E-2 3.36669E-2 2.87763E-2 2.50642E-2 2.18615E-2 2.06551E-2 1.96838E-2 1.48744E-2 1.32301E-2 1.12868E-2 1.09848E-2 9.29516E-3 7.03741E-3 5.92728E-3 4.7057E-3 6.9578E-3 5.41898E-3 2.18531E-3 3.45673E-3 2.88582E-3 2.20697E-3 1.81255E-3 1.2221E-3 1.17323E-3 -9999 -9999 -9999 -9999 -9999 -9999
9.97446E-3 1.72237E-2 1.77032E-2 1.12005E-2 8.06629E-3 6.59023E-3 7.2239E-3 6.88902E-3 1.91665E-2 1.22048E-2 1.05267E-2 5.43157E-3 6.23135E-3 2.05594E-2 3.14277E-2 1.70458E-2 3.18745E-2 3.91425E-2 4.52801E-2 4.58006E-2 3.64024E-2 4.31852E-2 5.12273E-2 6.84297E-2 4.4744E-2 4.32037E-2 4.14837E-2 4.08056E-2 4.36082E-2 3.67122E-2 3.13058E-2 3.62551E-2 3.38832E-2 2.7748E-2 2.50223E-2 2.1988E-2 1.86412E-2 1.77627E-2 1.5661E-2 1.20019E-2 1.08919E-2 1.00413E-2 -9999 -9999 -9999 -9999 -9999 -9999 3.94695E-3 3.071E-3 2.49393E-3 2.04947E-3 1.74811E-3 1.39231E-3 -9999 -9999 -9999 -9999 -9999 -9999 -9999
1.7554E-2 6.80716E-3 1.15435E-2 1.29071E-2 1.21942E-2 9.05669E-3 1.05827E-2 2.19677E-2 2.59008E-2 2.00502E-2 1.09386E-2 1.00863E-2 1.44461E-2 1.40966E-2 1.40767E-2 1.87125E-2 3.08995E-2 2.43267E-2 2.52964E-2 4.61007E-2 3.91748E-2 4.34022E-2 5.07328E-2 5.55104E-2 5.50733E-2 4.42281E-2 3.90739E-2 3.57638E-2 3.94014E-2 4.36544E-2 2.96076E-2 3.14991E-2 3.2441E-2 2.77661E-2 2.28872E-2 1.92312E-2 1.66715E-2 1.51612E-2 1.33843E-2 2.10817E-2 -9999 -9999 -9999 -9999 -9999 -9999 -9999 -9999 -9999 -9999 -9999 -9999 -9999 -9999 -9999 -9999 -9999 -9999 -9999 -9999 -9999
2.45458E-2 1.97293E-2 1.59718E-2 1.34194E-2 1.37935E-2 1.32898E-2 1.29169E-2 8.07348E-3 2.73184E-2 1.87694E-2 1.97757E-2 1.71902E-2 2.48869E-2 2.15102E-2 2.22572E-2 2.49555E-2 2.3277E-2 2.17076E-2 2.88301E-2 4.0182E-2 4.19293E-2 4.12826E-2 4.31552E-2 4.63545E-2 5.51558E-2 5.30339E-2 4.29953E-2 3.34731E-2 3.13956E-2 3.18473E-2 2.94555E-2 2.84944E-2 2.90884E-2 2.41397E-2 2.05802E-2 1.73917E-2 1.49317E-2 1.27368E-2 1.06338E-2 1.84675E-2 -9999 -9999 -9999 -9999 -9999 -9999 -9999 -9999 -9999 -9999 -9999 -9999 -9999 -9999 -9999 -9999 -9999 -9999 -9999 -9999 -9999
