Artocarpus hirsutus SDM files/MIS19/results (without bias file)/Arthir_7.asc
ncols         625
nrows         721
xllcorner     69.99986311115
yllcorner     5.99986187915
cellsize      0.041666667
NODATA_value  -9999
[rows 135 to 161 of 721, columns 305 to 365 of 625]
2.57191E-5 3.08512E-5 2.56256E-5 1.28103E-5 1.60663E-5 3.38549E-5 4.76955E-5 4.84824E-5 3.85295E-5 1.32059E-5 2.4025E-4 2.36057E-4 1.79221E-4 1.83843E-4 1.89844E-4 1.92472E-4 2.10056E-4 2.35886E-4 2.35225E-4 2.13577E-4 2.06943E-4 1.87041E-4 1.74966E-4 1.70538E-4 1.72645E-4 1.62143E-4 1.55616E-4 1.46747E-4 1.40823E-4 1.32843E-4 1.40606E-4 1.30541E-4 1.36321E-4 1.45071E-4 1.38928E-4 1.32437E-4 1.3262E-4 1.37604E-4 1.40958E-4 1.43525E-4 9.85711E-5 1.6399E-4 1.5228E-4 1.41955E-4 1.30895E-4 1.33015E-4 1.38973E-4 1.3926E-4 1.31721E-4 1.2875E-4 1.35094E-4 1.33262E-4 1.46095E-4 1.55294E-4 1.49232E-4 1.58003E-4 1.6066E-4 1.52338E-4 1.5895E-4 1.60166E-4 1.727E-4
1.76039E-5 1.74512E-5 1.75128E-5 1.29948E-5 1.30858E-5 1.43437E-5 2.93659E-5 3.55879E-5 2.91764E-5 3.29299E-5 2.41095E-5 1.56497E-5 2.144E-4 1.68379E-4 1.53723E-4 1.70104E-4 1.73193E-4 1.91742E-4 1.91742E-4 2.35659E-4 2.36384E-4 2.23827E-4 2.02813E-4 1.96356E-4 1.92227E-4 1.66473E-4 1.5336E-4 1.54803E-4 1.55093E-4 1.48814E-4 1.34551E-4 1.31559E-4 1.34035E-4 1.42204E-4 1.33761E-4 1.36814E-4 1.37902E-4 1.41573E-4 1.50585E-4 1.48605E-4 1.09826E-4 1.51559E-4 1.68406E-4 1.46262E-4 1.36802E-4 1.30718E-4 1.37782E-4 1.42556E-4 1.54466E-4 1.39602E-4 1.33571E-4 1.39465E-4 1.3768E-4 1.5298E-4 1.50321E-4 1.52941E-4 1.4553E-4 1.59615E-4 1.61948E-4 1.72674E-4 1.70846E-4
1.74815E-5 1.49022E-5 1.99837E-5 1.48199E-5 1.42437E-5 1.29425E-5 1.68303E-5 1.91445E-5 2.26688E-5 3.3724E-5 1.82471E-5 1.51618E-5 2.01687E-4 1.33439E-5 1.8711E-4 1.58044E-4 1.73683E-4 1.70919E-4 1.87462E-4 2.05822E-4 2.09709E-4 2.32052E-4 2.29768E-4 2.01013E-4 1.99118E-4 1.86049E-4 1.60609E-4 1.62064E-4 1.52734E-4 1.41931E-4 1.54769E-4 1.38066E-4 1.33926E-4 1.49827E-4 1.35656E-4 1.36044E-4 1.34651E-4 1.38558E-4 1.1994E-4 1.57544E-4 1.48868E-4 1.1527E-4 1.53564E-4 1.53278E-4 1.50452E-4 1.37521E-4 1.37447E-4 1.38906E-4 1.43708E-4 1.59255E-4 1.40066E-4 1.48549E-4 1.57319E-4 1.50706E-4 1.43187E-4 1.46391E-4 1.53736E-4 1.57262E-4 1.6756E-4 1.59567E-4 1.51114E-4
2.76933E-5 1.37717E-5 1.32565E-5 2.00535E-5 3.6965E-5 1.31292E-5 1.78541E-5 1.78868E-5 4.32831E-5 5.55752E-5 4.84686E-5 2.87213E-5 1.23485E-5 1.71151E-5 1.6338E-5 1.89868E-4 1.70789E-4 2.03439E-4 1.84918E-4 1.82215E-4 1.66464E-4 1.90048E-4 2.11297E-4 2.2931E-4 2.07062E-4 1.99219E-4 1.78546E-4 1.66175E-4 1.64395E-4 1.60344E-4 1.61735E-4 1.53641E-4 1.538E-4 1.42994E-4 1.38933E-4 1.35203E-4 1.35778E-4 1.4216E-4 1.42978E-4 1.46862E-4 1.4749E-4 1.50806E-4 1.06801E-4 1.5758E-4 1.58278E-4 1.55008E-4 1.53934E-4 1.45983E-4 1.44685E-4 1.47163E-4 1.55821E-4 1.53662E-4 1.459E-4 1.38722E-4 1.34891E-4 1.31507E-4 1.48833E-4 1.58003E-4 1.59859E-4 1.60653E-4 1.54984E-4
1.5604E-4 3.63792E-5 3.35126E-5 2.37446E-5 1.65615E-5 1.39117E-5 1.52166E-5 1.71624E-5 5.0854E-5 6.16185E-5 5.14007E-5 3.20369E-5 2.81803E-5 2.24244E-4 1.31097E-5 1.95578E-5 2.24343E-4 2.05128E-4 1.36588E-5 2.02316E-4 1.50526E-4 1.65911E-4 1.86553E-4 2.16784E-4 2.16719E-4 2.1036E-4 1.89286E-4 1.98755E-4 1.85096E-4 1.71083E-4 1.59149E-4 1.66175E-4 1.57916E-4 1.59551E-4 1.52798E-4 1.33135E-4 1.39127E-4 1.43499E-4 1.49576E-4 1.52787E-4 1.55464E-4 1.4555E-4 1.42609E-4 1.22967E-4 1.69587E-4 1.6955E-4 1.66775E-4 1.61239E-4 1.44553E-4 1.46075E-4 1.57238E-4 1.60297E-4 1.52805E-4 1.45551E-4 1.38744E-4 1.41954E-4 1.41552E-4 1.56467E-4 1.58937E-4 1.54352E-4 1.43896E-4
5.42027E-5 6.15007E-5 3.63197E-5 4.852E-5 1.39397E-5 1.40882E-5 1.58622E-5 1.32939E-5 1.51344E-5 1.58312E-5 1.8045E-5 1.50797E-5 1.30998E-5 2.25278E-4 2.06231E-5 2.94351E-5 1.58282E-5 2.14883E-4 1.65962E-5 1.3586E-5 1.84563E-4 1.87476E-4 1.66585E-4 2.07457E-4 2.07457E-4 1.91927E-4 2.11297E-4 2.06632E-4 1.95218E-4 1.74179E-4 1.77332E-4 1.67101E-4 1.65786E-4 1.59149E-4 1.54085E-4 1.39089E-4 1.42977E-4 1.48851E-4 1.60762E-4 1.51701E-4 1.41857E-4 1.46358E-4 1.41599E-4 1.21889E-4 1.66883E-4 1.71481E-4 1.68677E-4 1.59826E-4 1.45979E-4 1.4383E-4 1.4867E-4 1.6371E-4 1.58703E-4 1.57579E-4 1.39176E-4 1.35587E-4 1.35457E-4 1.50109E-4 1.39157E-4 1.45222E-4 1.51902E-4
3.49471E-5 6.10306E-5 2.20281E-5 2.22229E-5 1.95904E-5 1.67668E-5 2.89515E-5 6.39721E-5 3.90501E-5 2.25391E-4 2.06097E-4 2.24437E-4 2.45706E-4 2.4742E-4 1.52683E-5 2.70132E-5 1.98085E-5 1.40385E-5 1.36725E-5 2.2876E-4 1.86012E-4 1.6667E-4 1.51017E-4 1.50396E-4 1.64771E-4 1.68058E-4 1.88373E-4 2.11824E-4 2.10233E-4 1.98686E-4 1.7957E-4 1.7778E-4 1.89082E-4 1.63165E-4 1.57753E-4 1.56957E-4 1.42925E-4 1.61564E-4 1.63761E-4 1.51395E-4 1.45461E-4 1.39548E-4 1.5182E-4 1.49103E-4 1.54604E-4 1.84235E-4 1.72132E-4 1.55376E-4 1.55654E-4 1.51317E-4 1.48267E-4 1.7066E-4 1.57512E-4 1.54321E-4 1.53564E-4 1.48245E-4 1.43034E-4 1.459E-4 1.38438E-4 1.42921E-4 1.46727E-4
7.86584E-5 5.34226E-5 5.32565E-5 2.63797E-5 3.42576E-5 1.96952E-5 1.6826E-5 1.60863E-5 7.26103E-5 4.2989E-5 1.86387E-5 1.23839E-5 1.35054E-5 1.33079E-5 2.2727E-4 2.25152E-4 2.4742E-4 2.3483E-5 1.87891E-5 2.33063E-4 1.34338E-5 2.18085E-4 1.93348E-4 1.76563E-4 1.50619E-4 1.50165E-4 1.52437E-4 1.68285E-4 1.84431E-4 1.91742E-4 2.09956E-4 1.96364E-4 2.00641E-4 1.763E-4 1.66092E-4 1.60045E-4 1.55644E-4 1.65031E-4 1.62274E-4 1.52067E-4 1.54585E-4 1.5325E-4 1.47265E-4 1.47489E-4 1.42091E-4 1.78711E-4 1.65024E-4 1.63567E-4 1.56779E-4 1.41289E-4 1.47454E-4 1.5721E-4 1.54408E-4 1.51236E-4 1.44731E-4 1.44378E-4 1.53891E-4 1.56355E-4 1.56805E-4 1.52796E-4 1.47083E-4
2.81324E-4 2.84165E-4 1.54938E-4 3.12387E-5 4.57031E-5 2.51178E-5 1.48663E-5 1.32224E-5 3.04223E-5 3.97439E-5 2.16838E-5 1.61125E-5 1.33079E-5 1.32832E-5 1.34504E-5 2.2757E-4 2.23315E-4 1.51855E-5 1.91777E-5 1.90229E-5 1.48103E-5 1.33578E-5 2.15003E-4 1.97871E-4 1.96185E-4 1.7769E-4 1.45251E-4 1.51179E-4 1.4859E-4 1.66666E-4 1.89663E-4 2.09967E-4 2.05598E-4 2.03857E-4 1.94859E-4 1.77848E-4 1.58833E-4 1.72946E-4 1.74742E-4 1.68787E-4 1.54762E-4 1.5674E-4 1.57943E-4 1.46805E-4 1.65147E-4 1.82366E-4 1.75705E-4 1.67272E-4 1.56801E-4 1.50832E-4 1.59838E-4 1.71175E-4 1.48758E-4 1.50902E-4 1.43828E-4 1.50489E-4 1.6228E-4 1.49066E-4 1.60745E-4 1.65935E-4 1.5893E-4
1.04174E-4 5.89408E-5 4.84281E-5 8.359E-5 8.75157E-5 5.32565E-5 2.5033E-5 1.69452E-5 1.26362E-5 1.60835E-5 1.42583E-5 2.44735E-5 2.43431E-5 1.34007E-5 2.28852E-4 2.24164E-4 2.22468E-4 2.21621E-4 2.24589E-4 2.00908E-5 2.27608E-5 1.79155E-5 1.3956E-5 2.22916E-4 2.17384E-4 1.9297E-4 1.91279E-4 1.77912E-4 1.43242E-4 1.46535E-4 1.6908E-4 1.87188E-4 2.05638E-4 2.01838E-4 2.01232E-4 2.00538E-4 1.87496E-4 1.70915E-4 1.67906E-4 1.67931E-4 1.65337E-4 1.49407E-4 1.57193E-4 1.56963E-4 1.67941E-4 1.75896E-4 1.62727E-4 1.62421E-4 1.6073E-4 1.58706E-4 1.58226E-4 1.78976E-4 1.59168E-4 1.53259E-4 1.56522E-4 1.4776E-4 1.54232E-4 1.50472E-4 1.56667E-4 1.59877E-4 1.75235E-4
6.65734E-5 6.54112E-5 8.98465E-5 7.31543E-5 6.34712E-5 7.56639E-5 5.79662E-5 3.99267E-5 2.30828E-5 1.42102E-5 1.48612E-5 1.24297E-5 1.24243E-5 2.2928E-4 1.32095E-5 2.0543E-4 2.27997E-4 2.24164E-4 2.23581E-4 2.21027E-4 2.46044E-4 1.48069E-5 1.78399E-5 1.26448E-5 2.19727E-4 1.3473E-5 2.14681E-4 2.19186E-4 1.93541E-4 1.44509E-4 1.66322E-4 1.64609E-4 2.0404E-4 2.00779E-4 1.76132E-4 1.71664E-4 1.97666E-4 1.87557E-4 1.80737E-4 1.72577E-4 1.71485E-4 1.65611E-4 1.68137E-4 1.64285E-4 1.59439E-4 1.69248E-4 1.77954E-4 1.69382E-4 1.77102E-4 1.69732E-4 1.73318E-4 1.68329E-4 1.64362E-4 1.59122E-4 1.58927E-4 1.518E-4 1.47755E-4 1.5947E-4 1.59208E-4 1.5972E-4 1.74925E-4
2.14401E-4 8.01128E-5 7.54546E-5 6.76931E-5 6.51962E-5 5.79016E-5 5.5034E-5 4.6306E-5 2.97788E-5 2.23525E-5 2.51383E-5 1.89369E-5 3.2198E-5 3.78551E-5 1.57207E-5 2.06608E-4 2.2529E-4 2.05273E-4 2.04092E-4 2.19754E-4 2.21877E-4 1.76321E-5 1.71724E-5 1.69303E-5 1.41268E-5 2.22935E-4 2.00871E-4 2.26567E-4 1.9717E-4 1.65347E-4 1.64094E-4 1.79878E-4 1.94468E-4 1.62461E-4 2.15316E-4 1.97296E-4 1.97416E-4 2.04128E-4 2.0009E-4 1.82202E-4 1.8148E-4 1.91633E-4 1.74013E-4 1.65911E-4 1.65852E-4 1.629E-4 1.7507E-4 1.87659E-4 1.83428E-4 1.76424E-4 1.89577E-4 1.00991E-5 1.65249E-4 1.71249E-4 1.77514E-4 1.69382E-4 1.72058E-4 1.66459E-4 1.61174E-4 1.73797E-4 1.66826E-4
3.96935E-4 1.25156E-4 1.87321E-4 1.12276E-4 9.01061E-5 7.50017E-5 6.80317E-5 7.08214E-5 3.77943E-5 4.77363E-5 3.33922E-5 2.20032E-5 2.20435E-5 4.65306E-5 3.38882E-5 2.0543E-4 2.25865E-4 1.33079E-5 2.04092E-4 2.04486E-4 2.1806E-4 2.1806E-4 2.4132E-4 2.39036E-4 1.56273E-5 1.5654E-5 2.2218E-4 1.30438E-5 2.08815E-4 1.90479E-4 2.05506E-4 1.74589E-4 1.80847E-4 2.15479E-4 1.77577E-4 2.16655E-4 2.18471E-4 2.19433E-4 2.15156E-4 2.05069E-4 2.10247E-4 2.02393E-4 1.99616E-4 9.98624E-6 1.69766E-4 1.72106E-4 1.76947E-4 1.80854E-4 1.90051E-4 1.97174E-4 2.17863E-4 1.11084E-5 1.05269E-5 1.76096E-4 1.82628E-4 1.83716E-4 1.90169E-4 1.79705E-4 1.85204E-4 1.68203E-4 1.69262E-4
1.36216E-3 2.49227E-4 8.85764E-5 7.83044E-5 8.60364E-5 6.67708E-5 5.56325E-5 3.72267E-5 2.99634E-5 3.47555E-5 4.68278E-5 4.73337E-5 2.21206E-5 2.24332E-5 3.80004E-5 2.18509E-5 1.87684E-5 1.41505E-5 2.04879E-4 2.01347E-4 2.00372E-4 1.99588E-4 1.98413E-4 1.97242E-4 1.95296E-4 2.36658E-4 2.27689E-4 2.25737E-4 1.441E-5 2.03124E-4 2.03307E-4 1.9183E-4 1.81212E-4 1.98655E-4 1.90793E-4 1.89248E-4 1.60651E-4 1.74693E-4 1.97558E-4 2.18889E-4 1.26999E-5 1.14936E-5 1.21394E-5 1.19783E-5 1.09061E-5 1.04149E-5 1.75095E-4 1.80897E-4 1.81791E-4 1.85434E-4 1.96399E-4 2.35555E-4 1.28897E-5 1.21583E-5 1.9649E-4 2.03898E-4 2.13481E-4 1.06525E-5 1.9229E-4 1.801E-4 1.94366E-4
4.02311E-4 4.07717E-4 3.20078E-4 1.24187E-4 8.76746E-5 9.91101E-5 5.6997E-5 4.36947E-5 5.67705E-5 7.33602E-5 5.72432E-5 5.01111E-5 1.49978E-5 4.62154E-5 5.38758E-5 1.40986E-5 1.79742E-5 1.56559E-5 1.48282E-5 2.20937E-4 1.99394E-4 1.98022E-4 1.98413E-4 2.01945E-4 2.1511E-4 1.88986E-4 1.73849E-4 1.88225E-4 2.28035E-4 1.31512E-5 1.36432E-5 2.07919E-4 2.03837E-4 2.16655E-4 2.32522E-4 2.11203E-4 2.10799E-4 2.07722E-4 1.88866E-4 1.89248E-4 2.36488E-4 1.32675E-5 1.35989E-5 1.25957E-5 1.3651E-5 1.32421E-5 1.27408E-5 1.7772E-4 1.97455E-4 2.19377E-4 2.24948E-4 2.20427E-4 2.30617E-4 1.43641E-5 1.15373E-5 1.93427E-4 2.02656E-4 2.17761E-4 2.04512E-4 1.97871E-4 1.8641E-4
6.40218E-4 1.53026E-3 4.97309E-4 2.19431E-4 1.31946E-4 9.2285E-5 5.70543E-5 5.03334E-5 4.12751E-5 3.49719E-5 2.319E-5 2.35687E-5 2.23552E-5 3.00571E-5 5.77675E-5 1.47224E-5 3.42016E-5 3.74959E-5 2.32577E-5 1.84341E-5 2.15265E-4 1.96674E-4 1.83515E-4 1.81348E-4 1.56539E-5 1.8129E-5 1.38463E-5 1.83551E-4 1.70227E-4 2.05424E-4 2.23323E-4 2.2376E-4 2.32527E-4 1.48094E-5 1.46324E-5 1.28813E-5 2.33403E-4 2.25949E-4 2.27E-4 2.09533E-4 2.14955E-4 2.23035E-4 1.46113E-5 1.54425E-5 1.52138E-5 1.41801E-5 1.41333E-5 1.84908E-4 2.00671E-4 1.96016E-4 2.26453E-4 1.51289E-5 2.14872E-4 1.39566E-5 1.49305E-5 2.14564E-4 1.13712E-5 2.13826E-4 2.06386E-4 1.14772E-5 2.07806E-4
1.5308E-3 2.01875E-3 1.91487E-3 6.52541E-4 5.78555E-4 3.03815E-4 1.17215E-4 9.8972E-5 5.60082E-5 4.75943E-5 3.68404E-5 2.68665E-5 2.0378E-5 1.48612E-5 1.70018E-5 1.26738E-5 2.25148E-5 2.84692E-5 4.13015E-5 3.05808E-5 1.67424E-5 1.99394E-4 2.14254E-4 1.95899E-4 1.95899E-4 2.33967E-4 1.72874E-5 1.5655E-5 2.08322E-4 1.78048E-4 1.72789E-4 1.92093E-4 2.1103E-4 2.30623E-4 2.31106E-4 2.49129E-4 1.67324E-5 1.6207E-5 1.57969E-5 2.19307E-4 2.15592E-4 2.17268E-4 2.49795E-4 1.994E-5 1.71943E-5 1.6746E-5 1.65853E-5 1.56367E-5 1.10753E-5 2.20697E-4 2.13918E-4 1.38532E-5 2.29337E-4 1.55641E-5 2.15915E-5 1.28272E-5 2.18295E-4 1.81189E-5 1.41137E-5 2.07208E-4 1.18712E-5
3.14267E-3 2.75115E-3 2.38555E-3 1.67102E-3 1.33551E-3 1.17134E-3 3.91902E-4 4.36293E-4 2.01323E-4 8.12312E-5 6.21087E-5 3.83761E-5 2.91468E-5 2.5368E-5 1.31716E-5 2.16012E-4 2.14009E-4 1.40727E-5 3.32082E-5 3.38071E-5 2.15432E-4 2.19259E-4 1.76017E-5 1.93199E-4 2.11768E-4 2.08071E-4 2.16867E-4 2.11628E-4 1.27725E-5 2.05413E-4 1.7503E-4 1.92872E-4 2.09339E-4 2.10339E-4 2.31996E-4 1.55361E-5 1.60952E-5 1.43867E-5 1.66395E-5 1.48879E-5 2.28827E-4 1.96429E-4 1.45782E-5 2.34796E-5 2.11196E-5 1.89115E-5 1.94456E-5 2.63499E-5 2.50143E-5 1.54136E-5 2.20562E-4 2.32822E-4 1.9802E-5 2.1515E-5 2.3463E-5 2.01453E-5 2.4175E-4 2.26068E-5 2.37937E-5 2.05387E-5 1.3352E-5
7.91072E-4 9.53399E-4 1.71679E-3 1.4032E-3 6.89098E-4 1.58736E-3 1.27298E-3 8.98792E-4 3.20216E-4 2.8929E-4 2.16312E-4 1.35069E-4 8.5047E-5 3.73429E-5 2.40153E-5 1.6985E-5 1.39289E-5 1.23783E-5 3.83816E-5 3.17237E-5 2.48522E-5 2.19148E-4 1.39805E-5 1.94196E-4 2.31288E-4 1.71597E-5 1.79801E-5 1.44274E-5 1.896E-4 2.03566E-4 1.89761E-4 1.94185E-4 2.09489E-4 2.1119E-4 2.10764E-4 2.29902E-4 2.32237E-4 2.49449E-4 1.45482E-5 1.97756E-5 2.29844E-5 1.6943E-5 2.27288E-4 2.08617E-5 3.05974E-5 3.03657E-5 2.44369E-5 3.02109E-5 3.45118E-5 3.26024E-5 1.95718E-5 2.46132E-4 2.42526E-4 2.20373E-5 1.57653E-5 2.70522E-4 2.63883E-4 2.35922E-4 1.69221E-5 2.47968E-5 2.23655E-5
3.37862E-3 3.46603E-3 1.44077E-3 9.29062E-4 7.09985E-4 5.9203E-4 6.75483E-4 1.08783E-3 9.59688E-4 5.51132E-4 3.312E-4 3.02594E-4 1.78888E-4 1.87751E-4 5.90723E-5 2.40562E-5 1.81527E-5 1.27905E-5 2.73887E-5 2.71039E-5 4.03943E-5 1.93928E-5 1.99313E-5 1.91927E-4 2.0726E-4 1.51796E-5 2.20305E-5 1.97908E-5 1.909E-4 1.8733E-4 1.90658E-4 1.91831E-4 1.93791E-4 2.10339E-4 2.11616E-4 1.48396E-5 1.65438E-5 1.95843E-5 2.00014E-5 1.80564E-5 2.08105E-5 1.50523E-5 2.10329E-5 1.46319E-5 2.24623E-5 2.23871E-5 1.53927E-5 1.86229E-5 2.42631E-5 3.36441E-5 4.06215E-5 3.47297E-5 1.77315E-5 2.71543E-4 3.1822E-5 2.13089E-5 1.59825E-5 1.68106E-5 2.37829E-4 2.46094E-4 2.5318E-4
1.14595E-3 2.67134E-3 3.13141E-3 7.00036E-4 3.08185E-4 3.86591E-4 9.89909E-4 5.99422E-4 8.28784E-4 6.94739E-4 4.55608E-4 4.41301E-4 3.91372E-4 2.09773E-4 6.65155E-5 4.12934E-5 2.55644E-5 1.58996E-5 2.25391E-4 2.23303E-4 2.68663E-5 3.07452E-5 1.85574E-5 2.04807E-4 1.5275E-5 2.00871E-4 1.61369E-5 1.78477E-5 2.02513E-4 1.97922E-4 2.10505E-4 2.11878E-4 1.96299E-4 2.09632E-4 2.08354E-4 2.0878E-4 2.10486E-4 2.53108E-4 2.81293E-4 2.26866E-5 2.79661E-4 1.51324E-5 2.29198E-5 3.63462E-5 2.45849E-5 1.77962E-5 2.61637E-4 2.54136E-4 2.75553E-4 1.62156E-5 2.82148E-4 2.29577E-5 1.64525E-5 2.65178E-4 3.45879E-5 4.65875E-5 3.61519E-5 3.86854E-5 2.6473E-5 2.26564E-5 1.53067E-5
1.60673E-4 3.96507E-4 2.35684E-3 4.45089E-4 1.4127E-4 1.38577E-4 9.71241E-5 9.70517E-5 2.73321E-4 3.91835E-4 4.18674E-4 4.20633E-4 4.48166E-4 2.66331E-4 2.09544E-4 1.72787E-4 5.49404E-5 2.08795E-5 1.98219E-5 1.33429E-5 1.33366E-5 2.9361E-5 3.15864E-5 1.52264E-5 1.61257E-5 1.77896E-5 2.06896E-4 1.53065E-5 1.17322E-5 1.90743E-4 2.35651E-4 2.18483E-4 2.53389E-4 2.4606E-4 1.4105E-5 2.41727E-4 2.23639E-4 2.09914E-4 2.1177E-4 2.31191E-4 2.75327E-4 2.50665E-4 2.5361E-4 2.31748E-5 4.2944E-5 2.28539E-5 3.00183E-5 4.21085E-5 2.5153E-5 1.4893E-5 1.61433E-5 3.9635E-5 4.29324E-5 2.33092E-5 3.20086E-5 6.11799E-5 5.38973E-5 3.87301E-5 5.38647E-5 4.75854E-5 2.60879E-5
1.45049E-3 1.14737E-4 7.1707E-4 3.04211E-4 7.10442E-4 1.41809E-3 5.98975E-4 1.23078E-4 3.9293E-5 5.44056E-5 7.72684E-5 3.49523E-4 3.94892E-4 3.46001E-4 2.98135E-4 2.28959E-4 8.3427E-5 4.99828E-5 2.68106E-5 1.88768E-5 1.31155E-5 1.93278E-5 3.26061E-5 2.25262E-5 1.4335E-5 1.76407E-5 1.21125E-5 1.74912E-5 1.87994E-4 1.94132E-4 1.99488E-4 2.21724E-4 2.28356E-5 2.17165E-5 1.90132E-5 1.9776E-5 1.375E-5 2.62698E-4 1.51881E-5 2.46302E-4 2.20214E-5 3.24908E-5 3.87425E-5 1.58303E-5 3.07E-5 2.68318E-5 5.60612E-5 4.80425E-5 7.10117E-5 5.25458E-5 6.00368E-5 4.1538E-5 2.80758E-5 1.97101E-5 1.90035E-5 2.62609E-5 1.964E-5 2.80478E-4 2.00956E-5 4.55091E-5 4.5952E-5
2.25928E-3 1.77314E-4 7.59077E-5 1.26771E-4 1.14339E-4 4.2941E-4 1.78968E-3 5.62517E-4 4.65772E-5 1.3856E-4 5.2986E-5 5.80566E-5 6.35064E-5 2.29635E-4 3.10884E-4 2.45741E-4 1.73276E-4 1.34926E-4 4.20425E-5 2.31128E-5 2.13594E-5 1.97258E-5 3.23007E-5 2.35104E-5 1.89632E-5 1.3935E-5 1.4536E-5 1.74697E-5 1.11165E-5 1.98136E-4 2.02464E-4 2.40329E-4 2.40088E-5 2.70831E-5 2.52931E-5 3.82011E-5 3.57825E-5 3.15076E-5 2.32365E-5 1.59275E-5 2.09542E-5 2.22701E-5 1.68062E-5 1.86957E-5 6.27629E-5 8.25201E-5 9.81161E-5 5.63154E-5 5.98449E-5 9.92767E-5 1.16787E-4 8.7262E-5 2.56698E-5 1.87286E-5 4.71966E-5 8.29065E-5 6.13522E-5 3.59382E-5 2.0493E-5 1.7424E-5 1.55598E-5
2.87918E-3 1.59684E-3 4.5078E-4 2.87043E-4 2.33985E-4 1.74666E-4 1.08069E-3 4.04155E-4 7.23022E-5 7.12372E-5 4.44947E-4 2.01519E-4 9.38657E-5 3.57632E-5 2.39354E-4 2.64188E-4 2.16208E-4 1.28788E-4 5.1297E-5 3.08355E-5 2.24878E-5 1.78195E-5 3.38458E-5 3.94052E-5 4.08437E-5 1.82028E-5 2.01246E-5 1.69975E-5 1.8816E-4 1.99726E-4 2.01894E-4 2.39391E-4 2.39507E-5 1.92049E-5 2.22831E-5 3.65724E-5 3.79021E-5 4.51903E-5 2.62319E-5 3.6218E-5 2.87213E-5 2.43559E-5 2.11319E-5 2.54999E-5 2.24285E-5 3.93111E-5 1.33217E-4 5.76177E-5 2.11212E-5 2.38389E-5 3.17561E-5 4.54356E-5 8.43978E-5 3.5542E-5 3.78073E-5 7.12238E-5 1.26798E-4 1.17585E-4 7.87375E-5 8.85199E-5 3.00427E-5
3.36199E-3 3.27888E-3 2.00567E-3 1.4884E-3 1.26735E-3 5.96188E-4 3.52718E-4 8.37741E-4 5.45312E-4 1.713E-4 1.8536E-4 8.32342E-4 3.24473E-4 6.24336E-5 6.66145E-5 3.46709E-4 2.56314E-4 1.80751E-4 6.54276E-5 6.01625E-5 3.91334E-5 2.07743E-5 1.74077E-5 3.72691E-5 4.26149E-5 2.92852E-5 3.29965E-5 2.07506E-5 1.00744E-5 1.24322E-4 1.52377E-4 1.94624E-5 2.0311E-5 1.51884E-5 1.68024E-5 1.79632E-5 3.75019E-5 6.63383E-5 7.95214E-5 8.43195E-5 4.23026E-5 2.62597E-5 2.2698E-5 9.63735E-5 1.25783E-4 1.0612E-4 1.68774E-4 8.47681E-5 7.73614E-5 6.93641E-5 1.19611E-4 4.10633E-5 2.22747E-5 2.86409E-5 2.68718E-5 2.57421E-5 3.2126E-5 3.89526E-5 6.8612E-5 1.21528E-4 4.3506E-5
3.46313E-3 2.61423E-3 1.70326E-3 2.42003E-3 1.51521E-3 2.34396E-3 1.24572E-3 8.36438E-4 1.9993E-4 1.79004E-4 4.57415E-4 6.45614E-4 2.83837E-4 4.92527E-5 1.05198E-4 6.40247E-5 2.30912E-4 2.10647E-4 1.17573E-4 6.74785E-5 1.0359E-4 2.85229E-5 1.72653E-5 2.90779E-5 4.5162E-5 3.98516E-5 3.71835E-5 1.95898E-5 1.08497E-5 1.88034E-4 2.03717E-5 4.24725E-5 4.56212E-5 3.98563E-5 3.40372E-5 3.67246E-5 1.87894E-5 2.49738E-5 2.5162E-5 4.17723E-5 3.08389E-5 4.18307E-5 2.70632E-5 5.0071E-5 2.32916E-4 1.96974E-4 1.0577E-4 1.4565E-4 2.70415E-4 2.48811E-4 2.13386E-4 1.86595E-4 1.67318E-4 1.20754E-4 1.17892E-4 1.21578E-4 1.07715E-4 8.84699E-5 3.52665E-5 3.29476E-5 2.46963E-5
