Artocarpus hirsutus SDM files/MIS19/results (without bias file)/Arthir_8.asc
ncols         625
nrows         721
xllcorner     69.99986311115
yllcorner     5.99986187915
cellsize      0.041666667
NODATA_value  -9999
[rows 270 to 296 of 721, columns 366 to 426 of 625]
2.25672E-3 2.20736E-3 2.34781E-3 2.20814E-3 2.26546E-3 2.2323E-3 2.34182E-3 2.18352E-3 2.23455E-3 2.03534E-3 2.25679E-3 2.28022E-3 2.45587E-3 2.3229E-3 2.10593E-3 3.92673E-3 3.30659E-3 3.75838E-3 3.68993E-3 3.74648E-3 4.21189E-3 3.3873E-3 3.46872E-3 3.30811E-3 3.70567E-3 3.70988E-3 3.36788E-3 3.43183E-3 3.9263E-3 5.75985E-3 5.32492E-3 4.19548E-3 3.50299E-3 2.60296E-3 3.46895E-3 3.73009E-3 3.72717E-3 3.61359E-3 9.13517E-4 8.40477E-4 9.93179E-4 1.08305E-3 9.56839E-4 9.63216E-4 9.53603E-4 1.07671E-3 1.01617E-3 1.10574E-3 1.02537E-3 1.01385E-3 1.08566E-3 1.14885E-3 1.15122E-3 1.34105E-3 1.55513E-3 1.90107E-3 1.86846E-3 1.40162E-3 1.67405E-3 1.39853E-3 1.50877E-3
2.20315E-3 2.49314E-3 2.47483E-3 2.28793E-3 2.2242E-3 2.38959E-3 2.1857E-3 1.98833E-3 2.05793E-3 2.06452E-3 3.23913E-3 4.60334E-3 3.52783E-3 2.06003E-3 3.3253E-3 4.21141E-3 3.95975E-3 3.99653E-3 3.10969E-3 5.08289E-3 5.62742E-3 2.98261E-3 3.93476E-3 3.77518E-3 3.67067E-3 3.25187E-3 3.53311E-3 3.35764E-3 3.34285E-3 3.73541E-3 4.54366E-3 3.68321E-3 3.03103E-3 3.12316E-3 3.52077E-3 3.69181E-3 3.65647E-3 3.49269E-3 3.07644E-3 9.29535E-4 1.04895E-3 1.04648E-3 1.05547E-3 1.01324E-3 9.37467E-4 1.05234E-3 1.11928E-3 1.12729E-3 1.13074E-3 1.11346E-3 1.17928E-3 1.49234E-3 1.8737E-3 1.80327E-3 2.08959E-3 2.00215E-3 1.40931E-3 1.3601E-3 1.38674E-3 1.61334E-3 1.98334E-3
2.46899E-3 2.75185E-3 2.41785E-3 2.23241E-3 2.41025E-3 2.28737E-3 2.08333E-3 2.20171E-3 4.22877E-3 4.62032E-3 3.50368E-3 3.53242E-3 2.67843E-3 1.93479E-3 2.00954E-3 4.14983E-3 4.61407E-3 4.42081E-3 4.49084E-3 2.56707E-3 6.64454E-3 3.62185E-3 3.89927E-3 3.67245E-3 3.36788E-3 3.12817E-3 3.20423E-3 4.77356E-3 4.81032E-3 4.38932E-3 4.29626E-3 2.95244E-3 3.35765E-3 3.59168E-3 3.78234E-3 3.87588E-3 3.68897E-3 3.15222E-3 3.28073E-3 9.29028E-4 1.07942E-3 1.08103E-3 1.1685E-3 9.9412E-4 1.10113E-3 1.15613E-3 1.15379E-3 1.30765E-3 1.25799E-3 1.29802E-3 1.35242E-3 2.19964E-3 2.46362E-3 2.26862E-3 1.85609E-3 1.39039E-3 1.28956E-3 1.5014E-3 1.49675E-3 1.67004E-3 1.6796E-3
2.55984E-3 2.49581E-3 2.14375E-3 2.35581E-3 2.20459E-3 2.16164E-3 2.07984E-3 2.17207E-3 2.79748E-3 3.11858E-3 3.36656E-3 2.44327E-3 2.43388E-3 2.44345E-3 2.30668E-3 2.23644E-3 2.86924E-3 3.85545E-3 2.21445E-3 2.84439E-3 3.76974E-3 5.26338E-3 4.00665E-3 3.26051E-3 3.24789E-3 3.31146E-3 3.07981E-3 3.88883E-3 5.39086E-3 3.9879E-3 3.50608E-3 3.76443E-3 4.29627E-3 4.30948E-3 4.01836E-3 3.6056E-3 3.36398E-3 3.8014E-3 3.62879E-3 9.13311E-4 1.01012E-3 1.07594E-3 1.08859E-3 1.02178E-3 1.20309E-3 1.34734E-3 1.29432E-3 1.2977E-3 1.27068E-3 1.1828E-3 1.26961E-3 2.29686E-3 2.66676E-3 1.87454E-3 1.454E-3 1.46249E-3 1.58948E-3 1.71765E-3 2.19565E-3 2.22642E-3 2.22989E-3
2.74793E-3 2.39201E-3 2.12838E-3 2.65245E-3 4.08967E-3 2.11912E-3 2.73614E-3 2.83511E-3 2.87681E-3 3.21522E-3 4.2598E-3 3.47199E-3 3.51104E-3 3.13276E-3 2.59566E-3 2.32262E-3 2.63584E-3 2.93153E-3 2.72295E-3 3.12325E-3 4.04308E-3 5.01563E-3 5.73059E-3 4.51429E-3 4.91099E-3 3.63722E-3 3.74388E-3 4.03552E-3 5.61354E-3 4.84355E-3 4.41826E-3 4.74528E-3 4.00656E-3 3.54994E-3 3.5033E-3 3.39129E-3 3.38129E-3 2.81663E-3 3.23991E-3 1.05996E-3 1.13835E-3 1.06726E-3 1.2109E-3 1.22104E-3 1.144E-3 1.34029E-3 1.43702E-3 1.44939E-3 1.12149E-3 9.56261E-4 1.14275E-3 1.34557E-3 2.2428E-3 1.4342E-3 1.39846E-3 1.6349E-3 1.7225E-3 1.98796E-3 2.80288E-3 2.82014E-3 2.75323E-3
2.54457E-3 2.73045E-3 3.03054E-3 3.50322E-3 3.02021E-3 1.69133E-3 3.10508E-3 2.64668E-3 2.36851E-3 3.75592E-3 3.72702E-3 3.04809E-3 2.64992E-3 2.26883E-3 2.78505E-3 3.59716E-3 2.47073E-3 2.9137E-3 2.82643E-3 3.69549E-3 4.32708E-3 5.99276E-3 4.57649E-3 3.56503E-3 3.60036E-3 3.30904E-3 4.60721E-3 5.20437E-3 5.44334E-3 4.75883E-3 3.97946E-3 3.88677E-3 3.79897E-3 3.90722E-3 3.55272E-3 2.90951E-3 3.37436E-3 3.08876E-3 3.78954E-3 1.13548E-3 1.20412E-3 1.21142E-3 1.03156E-3 9.89614E-4 1.07276E-3 1.14069E-3 1.33591E-3 1.43707E-3 1.38046E-3 1.17945E-3 1.10452E-3 1.64624E-3 1.72222E-3 1.31295E-3 1.49433E-3 1.65389E-3 1.78763E-3 2.08451E-3 2.64977E-3 2.37089E-3 2.22017E-3
2.45971E-3 2.7298E-3 3.10711E-3 3.68664E-3 3.82657E-3 3.11569E-3 2.0528E-3 3.11746E-3 2.66798E-3 2.90386E-3 3.7095E-3 3.46822E-3 2.91035E-3 1.92215E-3 2.7125E-3 3.21956E-3 3.17601E-3 2.82949E-3 3.51541E-3 3.48278E-3 3.90893E-3 4.7427E-3 4.12335E-3 4.69138E-3 4.05182E-3 4.43898E-3 4.35615E-3 4.11942E-3 3.85645E-3 3.82527E-3 3.55049E-3 3.97065E-3 4.58091E-3 3.43608E-3 3.29806E-3 3.83102E-3 3.58778E-3 3.31727E-3 4.81683E-3 1.06345E-3 1.02776E-3 1.02965E-3 1.08168E-3 1.16854E-3 1.06881E-3 1.11987E-3 1.55964E-3 1.3588E-3 1.2362E-3 1.24342E-3 1.22397E-3 1.43694E-3 1.61917E-3 1.91409E-3 1.64818E-3 1.95681E-3 1.95869E-3 2.06364E-3 2.15889E-3 2.19089E-3 2.20626E-3
2.83187E-3 3.24693E-3 2.86478E-3 3.11053E-3 2.8647E-3 3.54374E-3 2.63541E-3 3.05967E-3 3.56861E-3 3.59032E-3 3.64061E-3 3.14548E-3 2.99626E-3 2.22026E-3 3.09058E-3 4.24995E-3 4.30577E-3 3.30136E-3 3.91805E-3 3.90679E-3 4.55447E-3 4.41139E-3 3.87428E-3 4.71358E-3 4.53621E-3 4.6446E-3 4.51969E-3 4.53694E-3 4.20583E-3 3.71509E-3 3.54651E-3 3.76785E-3 3.75137E-3 3.46622E-3 3.28826E-3 4.93039E-3 3.63977E-3 3.87301E-3 1.11578E-3 1.07065E-3 1.12683E-3 1.07596E-3 1.03798E-3 9.82666E-4 1.03777E-3 1.30361E-3 1.72775E-3 1.27865E-3 1.21611E-3 1.68218E-3 1.84634E-3 2.3877E-3 2.93042E-3 2.60299E-3 2.51633E-3 2.63416E-3 2.26934E-3 2.56853E-3 2.54655E-3 2.39692E-3 2.44168E-3
3.16974E-3 4.1741E-3 4.24474E-3 4.39553E-3 3.74577E-3 3.64658E-3 3.75464E-3 3.28977E-3 2.96168E-3 2.98681E-3 3.22975E-3 2.48059E-3 3.0767E-3 3.41048E-3 3.36405E-3 4.23977E-3 3.3863E-3 3.37538E-3 3.73945E-3 3.81962E-3 4.05502E-3 3.80481E-3 3.50987E-3 3.73334E-3 4.81164E-3 4.33422E-3 3.97728E-3 4.32921E-3 4.79067E-3 5.22571E-3 4.51417E-3 4.16871E-3 3.95927E-3 3.31602E-3 3.3058E-3 4.22772E-3 3.37038E-3 3.82413E-3 3.39306E-3 1.13178E-3 1.19241E-3 1.33269E-3 1.22245E-3 1.22757E-3 1.21278E-3 1.26191E-3 1.52681E-3 1.15658E-3 1.56272E-3 1.94936E-3 1.7566E-3 1.44623E-3 2.31965E-3 1.85526E-3 2.44294E-3 2.49112E-3 2.26827E-3 2.41046E-3 2.52228E-3 2.53053E-3 2.52743E-3
4.35156E-3 4.49232E-3 3.37378E-3 3.44467E-3 3.30543E-3 2.88022E-3 2.78625E-3 3.0089E-3 2.53607E-3 2.47361E-3 3.16986E-3 2.44667E-3 2.71825E-3 3.70744E-3 2.88359E-3 3.46673E-3 3.19042E-3 2.75466E-3 2.88493E-3 3.04883E-3 3.91032E-3 4.27748E-3 3.87404E-3 3.24649E-3 4.39131E-3 4.62404E-3 4.51687E-3 4.01736E-3 4.18502E-3 4.26128E-3 3.70571E-3 4.22723E-3 4.3994E-3 3.80431E-3 3.58543E-3 3.69576E-3 3.27184E-3 3.63396E-3 3.61589E-3 4.99361E-3 4.85145E-3 1.14529E-3 1.28014E-3 1.34741E-3 1.29627E-3 1.21586E-3 1.29835E-3 1.20382E-3 1.59333E-3 1.56462E-3 1.73005E-3 1.67812E-3 2.26465E-3 2.36745E-3 2.08234E-3 2.09696E-3 2.42088E-3 2.98662E-3 3.45252E-3 3.41354E-3 2.93818E-3
4.00124E-3 3.66995E-3 3.24374E-3 2.48549E-3 2.83827E-3 2.66735E-3 2.51692E-3 2.51367E-3 2.60224E-3 2.46071E-3 2.8404E-3 2.88483E-3 2.6714E-3 3.13463E-3 2.81893E-3 3.02159E-3 2.95336E-3 3.21026E-3 2.76062E-3 2.79683E-3 3.42844E-3 4.59911E-3 3.83538E-3 3.33206E-3 3.99251E-3 4.81515E-3 4.94583E-3 4.7008E-3 3.37706E-3 3.61638E-3 3.68473E-3 3.81755E-3 4.04121E-3 4.51088E-3 4.18112E-3 4.59025E-3 3.81256E-3 3.24405E-3 3.62363E-3 4.8661E-3 4.77083E-3 1.20121E-3 1.14247E-3 1.28653E-3 1.28959E-3 1.36183E-3 1.29402E-3 1.42746E-3 1.5792E-3 1.56496E-3 1.36442E-3 1.42017E-3 1.38238E-3 2.368E-3 2.65216E-3 2.36319E-3 2.39367E-3 2.50969E-3 2.65366E-3 3.0722E-3 3.44059E-3
3.31541E-3 3.01004E-3 2.7391E-3 2.64508E-3 3.03678E-3 2.74786E-3 2.58145E-3 3.30428E-3 2.78445E-3 2.55915E-3 2.61298E-3 2.74104E-3 2.38006E-3 2.78749E-3 2.96569E-3 2.90368E-3 3.10281E-3 3.21623E-3 2.72492E-3 2.97197E-3 3.46436E-3 4.52495E-3 3.95897E-3 3.95565E-3 3.9661E-3 3.57714E-3 4.44651E-3 4.07993E-3 4.20562E-3 5.07229E-3 4.92975E-3 4.73454E-3 3.73683E-3 3.99955E-3 3.80406E-3 4.32516E-3 4.40153E-3 3.2584E-3 3.72099E-3 3.50728E-3 5.74603E-3 1.33311E-3 1.2729E-3 1.27874E-3 1.28211E-3 1.44016E-3 1.45303E-3 1.51843E-3 1.66439E-3 2.02583E-3 1.6021E-3 1.52087E-3 1.52328E-3 1.94629E-3 2.10652E-3 2.45567E-3 2.51124E-3 2.79758E-3 2.91692E-3 2.50147E-3 2.67494E-3
3.43679E-3 2.7439E-3 2.91402E-3 3.03979E-3 3.24253E-3 3.55488E-3 3.53106E-3 3.96356E-3 3.05013E-3 3.11816E-3 3.26604E-3 3.23249E-3 3.49481E-3 2.90032E-3 2.90032E-3 2.94923E-3 3.007E-3 3.24985E-3 2.80053E-3 2.88056E-3 3.74602E-3 4.59924E-3 3.82348E-3 3.76712E-3 3.52119E-3 3.78001E-3 5.05039E-3 5.60848E-3 5.37044E-3 5.26098E-3 5.15749E-3 4.63551E-3 4.80924E-3 4.51081E-3 4.51642E-3 3.78976E-3 4.19177E-3 3.85057E-3 3.43417E-3 3.62467E-3 6.17394E-3 5.89881E-3 5.74602E-3 1.5042E-3 1.51583E-3 1.44076E-3 1.69413E-3 1.60332E-3 1.77014E-3 1.77348E-3 1.78024E-3 1.769E-3 2.08879E-3 2.39377E-3 2.79983E-3 2.33336E-3 2.37785E-3 2.91181E-3 2.79481E-3 2.93268E-3 2.8948E-3
3.10767E-3 2.57338E-3 2.96349E-3 3.2067E-3 3.44214E-3 3.9566E-3 3.31853E-3 2.87367E-3 2.84207E-3 2.89317E-3 3.10084E-3 3.05356E-3 2.686E-3 2.50514E-3 2.4728E-3 2.72634E-3 2.66405E-3 3.263E-3 3.05563E-3 3.09313E-3 3.30292E-3 3.63107E-3 5.42815E-3 4.48485E-3 3.85411E-3 4.66719E-3 4.58577E-3 5.07488E-3 4.3925E-3 3.94952E-3 4.38274E-3 4.32516E-3 4.01754E-3 3.80061E-3 4.21805E-3 4.66538E-3 3.81509E-3 3.3909E-3 3.4065E-3 4.85813E-3 8.07207E-3 6.89713E-3 6.39951E-3 6.07126E-3 6.25172E-3 1.49659E-3 1.51957E-3 1.6163E-3 1.68568E-3 1.51886E-3 1.75193E-3 2.44033E-3 2.24216E-3 2.8514E-3 3.96935E-3 3.17062E-3 2.77285E-3 2.76184E-3 2.75232E-3 2.94875E-3 3.06107E-3
2.84061E-3 2.54023E-3 3.16269E-3 3.11641E-3 3.24885E-3 5.35615E-3 3.78318E-3 2.65353E-3 2.51329E-3 2.22895E-3 2.25611E-3 2.20756E-3 2.89242E-3 2.67598E-3 2.73859E-3 3.34953E-3 2.86708E-3 2.63526E-3 2.68966E-3 2.7296E-3 2.85862E-3 3.32051E-3 4.25586E-3 4.62245E-3 3.6394E-3 3.86238E-3 3.77842E-3 4.06635E-3 4.79382E-3 4.49905E-3 3.97251E-3 3.64663E-3 3.89253E-3 3.90974E-3 3.7681E-3 3.6763E-3 3.70928E-3 3.34587E-3 4.01712E-3 5.00376E-3 5.86607E-3 5.42194E-3 6.74197E-3 6.37324E-3 4.76867E-3 2.23713E-3 1.79216E-3 1.84376E-3 1.67756E-3 1.68419E-3 1.93923E-3 2.53791E-3 2.19982E-3 2.10725E-3 3.19824E-3 2.92919E-3 2.60896E-3 2.81848E-3 3.07507E-3 2.81569E-3 2.78802E-3
4.27155E-3 3.74163E-3 3.71624E-3 3.60832E-3 4.02723E-3 4.92289E-3 3.74447E-3 2.43483E-3 2.48789E-3 2.79764E-3 2.80706E-3 3.66626E-3 3.41959E-3 3.45212E-3 2.92191E-3 3.03454E-3 2.2677E-3 2.93144E-3 2.80944E-3 3.25908E-3 3.49705E-3 3.14134E-3 3.31333E-3 4.06837E-3 3.11463E-3 4.36651E-3 4.52606E-3 4.29344E-3 5.55928E-3 4.82354E-3 4.78277E-3 5.80541E-3 4.39369E-3 5.23356E-3 4.1084E-3 4.62926E-3 4.53236E-3 3.63383E-3 4.63346E-3 6.04729E-3 6.63677E-3 5.3319E-3 7.25399E-3 6.35397E-3 5.63372E-3 1.61546E-3 2.1362E-3 2.49199E-3 1.8498E-3 2.0821E-3 2.54856E-3 1.86597E-3 1.59745E-3 2.01196E-3 2.43233E-3 2.2989E-3 2.27387E-3 2.48054E-3 2.49477E-3 2.65337E-3 2.79194E-3
5.14518E-3 4.59606E-3 4.83689E-3 4.71001E-3 5.6061E-3 4.52338E-3 4.11358E-3 3.91273E-3 3.66465E-3 5.17374E-3 3.56551E-3 3.94973E-3 3.22161E-3 3.22332E-3 3.25018E-3 2.98608E-3 3.49992E-3 4.21139E-3 3.11097E-3 3.98563E-3 4.15514E-3 4.40172E-3 3.9139E-3 3.68294E-3 3.1571E-3 4.73742E-3 4.29049E-3 4.10766E-3 5.11151E-3 4.06444E-3 3.73824E-3 5.48984E-3 5.32656E-3 5.00354E-3 5.25746E-3 5.36723E-3 4.40441E-3 3.83471E-3 4.33211E-3 4.60666E-3 5.20007E-3 4.94612E-3 6.10817E-3 5.78489E-3 6.46606E-3 5.87037E-3 8.02347E-3 2.08008E-3 2.27001E-3 1.98626E-3 1.77777E-3 1.62516E-3 1.54124E-3 2.21525E-3 2.2296E-3 2.11535E-3 2.36508E-3 2.48083E-3 2.63951E-3 2.65471E-3 2.75111E-3
5.54604E-3 5.26585E-3 4.42598E-3 3.65434E-3 3.74978E-3 3.57606E-3 3.5108E-3 3.33435E-3 3.99398E-3 5.22849E-3 5.52942E-3 3.6022E-3 3.57491E-3 3.10796E-3 3.24182E-3 3.54851E-3 2.96443E-3 2.74592E-3 3.72839E-3 4.90954E-3 6.45652E-3 5.23067E-3 4.94119E-3 4.45601E-3 3.33749E-3 3.17401E-3 3.41882E-3 3.43096E-3 3.7964E-3 4.09719E-3 3.93956E-3 5.38257E-3 5.21769E-3 4.27716E-3 4.48949E-3 5.20777E-3 4.72117E-3 4.07802E-3 3.78511E-3 5.6067E-3 6.06391E-3 4.88076E-3 6.43972E-3 7.73156E-3 7.46501E-3 6.6489E-3 5.51331E-3 5.98459E-3 6.36307E-3 6.61899E-3 1.39303E-3 1.40105E-3 1.65734E-3 1.73076E-3 2.50053E-3 2.22886E-3 2.39313E-3 2.38389E-3 2.78167E-3 2.77023E-3 2.9282E-3
5.50665E-3 5.16113E-3 4.43952E-3 3.89885E-3 3.5885E-3 3.70492E-3 3.36335E-3 3.41455E-3 3.47033E-3 3.47598E-3 3.80141E-3 3.50577E-3 3.27215E-3 3.36751E-3 3.30638E-3 3.11945E-3 3.09538E-3 2.66825E-3 2.64407E-3 2.85535E-3 3.80923E-3 3.66105E-3 4.14645E-3 3.14564E-3 3.61789E-3 3.86774E-3 4.08409E-3 3.42885E-3 3.28734E-3 3.26392E-3 4.12983E-3 3.89945E-3 3.9314E-3 4.01383E-3 4.00185E-3 4.84729E-3 4.64784E-3 4.32655E-3 3.94118E-3 4.55907E-3 5.20766E-3 6.43028E-3 5.87071E-3 6.13962E-3 5.84895E-3 6.4043E-3 6.19634E-3 5.7987E-3 5.88495E-3 6.50817E-3 7.72333E-3 1.54793E-3 1.56175E-3 1.93548E-3 2.48251E-3 2.49941E-3 2.47316E-3 2.46799E-3 2.61124E-3 2.75146E-3 3.06318E-3
6.21831E-3 4.64364E-3 4.0523E-3 4.3689E-3 4.9914E-3 3.47358E-3 3.15391E-3 3.13431E-3 3.17749E-3 3.52045E-3 3.05855E-3 3.51336E-3 3.5951E-3 3.53717E-3 3.2476E-3 3.2057E-3 2.91362E-3 3.13765E-3 2.57153E-3 2.46505E-3 6.12519E-3 1.02468E-2 5.6343E-3 3.87825E-3 4.60137E-3 4.49032E-3 4.80546E-3 6.93572E-3 6.09209E-3 4.03178E-3 3.14526E-3 3.51185E-3 3.51784E-3 4.0374E-3 3.67013E-3 3.98728E-3 4.83014E-3 4.36488E-3 3.75305E-3 4.6079E-3 5.18081E-3 5.25004E-3 6.11284E-3 6.41585E-3 6.77697E-3 6.61832E-3 7.73394E-3 7.43276E-3 7.42658E-3 7.30238E-3 7.98101E-3 7.04199E-3 1.80794E-3 1.66636E-3 2.5023E-3 2.48897E-3 2.46402E-3 2.72295E-3 2.74298E-3 2.75995E-3 3.098E-3
5.41146E-3 4.94061E-3 4.75476E-3 4.53254E-3 4.64028E-3 3.42629E-3 4.35712E-3 5.12748E-3 4.49582E-3 3.46098E-3 3.03118E-3 3.25967E-3 3.89266E-3 2.93265E-3 3.64274E-3 4.45622E-3 5.96942E-3 5.11326E-3 3.14377E-3 2.8164E-3 4.72901E-3 5.56681E-3 4.83785E-3 5.84468E-3 6.2153E-3 7.21028E-3 6.26681E-3 4.46317E-3 5.29192E-3 5.48959E-3 5.30771E-3 5.75757E-3 3.51998E-3 3.41255E-3 3.52844E-3 3.59252E-3 4.31024E-3 4.78397E-3 4.64037E-3 4.46197E-3 5.00796E-3 4.82317E-3 6.03262E-3 5.478E-3 6.52793E-3 5.83079E-3 6.35252E-3 8.08352E-3 8.3176E-3 8.29637E-3 6.3147E-3 8.02862E-3 8.02177E-3 1.92731E-3 2.56865E-3 2.58278E-3 2.74309E-3 2.74646E-3 2.75476E-3 2.7548E-3 2.87986E-3
6.18471E-3 5.70083E-3 5.03909E-3 4.73459E-3 4.01666E-3 4.53242E-3 7.53774E-3 6.42839E-3 5.14378E-3 3.30499E-3 4.33373E-3 3.8028E-3 3.71584E-3 3.74338E-3 2.98275E-3 3.03433E-3 4.88697E-3 4.9721E-3 3.32537E-3 3.3523E-3 2.88068E-3 3.0103E-3 3.83484E-3 3.74202E-3 3.80071E-3 5.07039E-3 3.65526E-3 3.87115E-3 3.6902E-3 3.81535E-3 4.08743E-3 4.81505E-3 4.42587E-3 4.45651E-3 4.1182E-3 3.41819E-3 3.65971E-3 4.25926E-3 4.83474E-3 4.04595E-3 4.73108E-3 4.32072E-3 5.83616E-3 5.95661E-3 6.32956E-3 5.86313E-3 5.63878E-3 6.82229E-3 6.54693E-3 7.11734E-3 6.70616E-3 7.14436E-3 6.90193E-3 7.21974E-3 2.63142E-3 2.48689E-3 2.77308E-3 2.77348E-3 2.76147E-3 2.74913E-3 3.07242E-3
3.49894E-3 3.04677E-3 4.62419E-3 4.72514E-3 3.33594E-3 3.54559E-3 5.16158E-3 3.68583E-3 4.02622E-3 7.01301E-3 1.14338E-2 4.19291E-3 4.07287E-3 3.05836E-3 2.98031E-3 3.06502E-3 4.99448E-3 7.17179E-3 4.60364E-3 4.14202E-3 3.68997E-3 3.07461E-3 3.99115E-3 4.22498E-3 4.0896E-3 2.95387E-3 3.80921E-3 4.48144E-3 3.85849E-3 3.51811E-3 3.5169E-3 3.4421E-3 3.71317E-3 4.53885E-3 4.46879E-3 3.76726E-3 3.78992E-3 3.63042E-3 4.79189E-3 5.67823E-3 4.26374E-3 4.1917E-3 4.34391E-3 5.15014E-3 6.33874E-3 6.54551E-3 5.40809E-3 6.22449E-3 6.10636E-3 6.20475E-3 7.5429E-3 6.52859E-3 7.27082E-3 6.49402E-3 8.01936E-3 2.4691E-3 2.46879E-3 2.75349E-3 2.76483E-3 3.11999E-3 3.07314E-3
3.05418E-3 5.15499E-3 7.73455E-3 5.97482E-3 3.92596E-3 4.00534E-3 3.89693E-3 3.33709E-3 2.82132E-3 2.69932E-3 3.68635E-3 4.42435E-3 3.84888E-3 3.79784E-3 2.98568E-3 5.03935E-3 5.21543E-3 5.46663E-3 4.15299E-3 5.03262E-3 4.17646E-3 3.47743E-3 4.64898E-3 3.77411E-3 3.84236E-3 3.57879E-3 3.92673E-3 4.08141E-3 4.68789E-3 4.89196E-3 5.0276E-3 4.30427E-3 3.54647E-3 3.74428E-3 3.75557E-3 4.37071E-3 4.89447E-3 4.42864E-3 4.32493E-3 5.696E-3 6.36915E-3 6.00893E-3 6.47935E-3 5.16992E-3 5.28499E-3 5.94663E-3 5.39215E-3 5.92103E-3 6.9776E-3 5.87662E-3 5.8246E-3 6.33959E-3 5.51317E-3 5.2212E-3 5.14462E-3 8.37824E-3 2.66187E-3 2.70801E-3 2.69833E-3 2.71231E-3 2.76962E-3
6.8108E-3 9.06639E-3 4.04873E-3 4.52729E-3 4.63244E-3 4.0751E-3 3.55174E-3 3.19222E-3 3.35644E-3 3.48236E-3 8.4349E-3 6.9616E-3 3.45536E-3 3.24654E-3 3.21136E-3 2.9997E-3 3.00783E-3 3.06705E-3 3.17861E-3 4.55578E-3 4.48886E-3 4.44425E-3 3.45913E-3 4.52548E-3 3.61433E-3 3.5795E-3 3.78547E-3 4.01126E-3 4.23784E-3 4.01519E-3 4.06658E-3 4.48171E-3 5.15699E-3 3.67535E-3 3.59604E-3 3.64762E-3 4.4959E-3 3.50605E-3 3.98421E-3 4.56666E-3 4.87632E-3 4.26927E-3 5.88002E-3 6.07119E-3 5.15035E-3 4.60577E-3 5.14257E-3 5.16997E-3 5.0658E-3 5.58589E-3 5.50817E-3 5.6609E-3 5.39276E-3 5.74461E-3 5.98375E-3 8.71626E-3 8.7471E-3 3.01091E-3 3.01894E-3 3.02116E-3 2.97218E-3
7.06195E-3 5.90749E-3 5.22691E-3 3.94329E-3 5.26661E-3 6.25005E-3 5.70495E-3 6.03929E-3 7.26212E-3 6.04344E-3 5.05044E-3 3.76483E-3 2.87338E-3 3.22886E-3 3.58529E-3 3.83004E-3 5.00648E-3 3.71499E-3 4.12701E-3 3.59543E-3 3.3389E-3 3.23901E-3 3.36774E-3 4.06606E-3 3.94817E-3 3.5051E-3 3.77359E-3 3.8338E-3 3.8091E-3 4.72607E-3 3.78977E-3 3.67134E-3 4.30631E-3 4.27133E-3 4.35434E-3 3.90412E-3 3.51442E-3 3.28674E-3 4.68337E-3 4.47144E-3 4.47905E-3 4.45515E-3 4.57966E-3 5.5271E-3 6.09902E-3 5.99058E-3 5.68797E-3 5.29725E-3 5.2703E-3 4.73886E-3 5.48439E-3 5.35362E-3 5.8468E-3 5.41243E-3 5.12168E-3 8.84474E-3 8.74605E-3 9.05361E-3 2.98597E-3 2.95699E-3 3.15705E-3
3.41832E-3 3.51598E-3 3.49873E-3 4.06166E-3 4.66868E-3 5.31429E-3 4.91216E-3 5.09588E-3 6.54772E-3 6.48622E-3 5.52694E-3 4.5452E-3 3.29077E-3 5.04491E-3 6.9846E-3 7.05076E-3 7.74611E-3 6.7703E-3 7.04504E-3 5.57751E-3 4.8426E-3 4.55859E-3 3.80368E-3 4.25661E-3 4.56192E-3 4.9247E-3 4.1987E-3 3.55845E-3 3.61887E-3 3.90934E-3 4.01029E-3 3.48767E-3 3.28488E-3 2.86953E-3 3.05624E-3 3.34658E-3 3.12943E-3 3.3256E-3 3.874E-3 4.45575E-3 5.004E-3 4.71982E-3 4.26859E-3 5.27395E-3 5.22768E-3 5.71432E-3 6.73786E-3 6.08895E-3 5.2354E-3 5.22063E-3 5.61433E-3 5.3886E-3 5.1408E-3 5.02471E-3 5.16518E-3 8.30969E-3 8.11644E-3 8.66479E-3 3.28866E-3 3.5229E-3 3.14042E-3
