Artocarpus hirsutus SDM files/MIS19/results (without bias file)/Arthir_2.asc
ncols         625
nrows         721
xllcorner     69.99986311115
yllcorner     5.99986187915
cellsize      0.041666667
NODATA_value  -9999
[rows 108 to 134 of 721, columns 0 to 60 of 625]
3.65476E-4 4.04059E-4 3.76819E-4 4.21402E-4 7.22451E-4 7.22645E-4 4.41678E-4 4.34469E-4 5.03506E-4 6.87656E-4 7.32326E-4 6.8714E-4 6.74948E-4 5.92734E-4 5.22483E-4 5.11212E-4 4.29664E-4 4.2503E-4 3.81156E-4 3.77924E-4 3.65892E-4 3.48581E-4 3.11538E-4 2.68887E-4 2.41772E-4 2.16747E-4 1.95208E-4 1.31878E-4 1.18798E-4 1.20084E-4 1.1748E-4 9.89176E-5 9.34535E-5 9.44658E-5 9.2771E-5 9.07618E-5 9.13657E-5 9.48142E-5 9.47218E-5 9.66625E-5 9.61803E-5 8.95932E-5 9.1528E-5 9.63663E-5 1.08647E-4 1.15633E-4 1.06792E-4 1.09949E-4 1.11186E-4 1.09285E-4 1.09293E-4 1.16385E-4 1.37494E-4 1.34602E-4 1.40685E-4 1.24743E-4 1.30587E-4 1.18973E-4 1.24539E-4 1.40461E-4 1.38818E-4
2.778E-4 3.23938E-4 3.65648E-4 5.20204E-4 5.9322E-4 4.49495E-4 4.1965E-4 5.23821E-4 5.00135E-4 7.07613E-4 7.0459E-4 7.23543E-4 6.74045E-4 6.43327E-4 5.12479E-4 5.03373E-4 4.60769E-4 4.20475E-4 3.95799E-4 3.75781E-4 3.79858E-4 3.24539E-4 3.34025E-4 2.64102E-4 2.34073E-4 2.14423E-4 2.0293E-4 1.46311E-4 1.31878E-4 1.28602E-4 1.09127E-4 9.68169E-5 9.36542E-5 8.82356E-5 8.6347E-5 8.94772E-5 8.75252E-5 8.84055E-5 8.3322E-5 8.44104E-5 8.72296E-5 8.92758E-5 8.91058E-5 9.08308E-5 1.0261E-4 1.07623E-4 1.03976E-4 1.07423E-4 1.09235E-4 1.06625E-4 1.04385E-4 1.12085E-4 1.10899E-4 1.02545E-4 1.29444E-4 1.28467E-4 1.12248E-4 1.25093E-4 1.23658E-4 1.20949E-4 1.39322E-4
4.33252E-4 4.81954E-4 4.36918E-4 4.21138E-4 4.60399E-4 9.32089E-4 5.49673E-4 5.69367E-4 4.89859E-4 5.6031E-4 7.31351E-4 6.83744E-4 6.97047E-4 6.77349E-4 6.67682E-4 5.60999E-4 4.55311E-4 4.39003E-4 4.37448E-4 4.39549E-4 3.75039E-4 3.36973E-4 3.15318E-4 2.71264E-4 2.45839E-4 2.21609E-4 1.93007E-4 1.63821E-4 1.36689E-4 1.19881E-4 1.15216E-4 9.93454E-5 8.84199E-5 8.24162E-5 8.06478E-5 8.12043E-5 8.29419E-5 7.93288E-5 8.76966E-5 8.17433E-5 8.13334E-5 8.4445E-5 7.86076E-5 8.29234E-5 9.31562E-5 9.35877E-5 1.02148E-4 1.02952E-4 1.00538E-4 1.09681E-4 9.6396E-5 9.42071E-5 9.69066E-5 1.00053E-4 1.01767E-4 1.06161E-4 1.10774E-4 1.15544E-4 1.12527E-4 1.13399E-4 1.1663E-4
3.1536E-3 6.09537E-4 4.25051E-4 4.16822E-4 7.45804E-4 5.94305E-4 5.2027E-4 5.5893E-4 5.8144E-4 6.17138E-4 7.2098E-4 7.09645E-4 6.97047E-4 6.79756E-4 6.67682E-4 5.23317E-4 4.79416E-4 4.68342E-4 4.52404E-4 4.44351E-4 3.69671E-4 3.54936E-4 3.30974E-4 2.70842E-4 2.43098E-4 2.18439E-4 1.7964E-4 1.70336E-4 1.43709E-4 1.26075E-4 1.08781E-4 9.41319E-5 8.685E-5 8.63491E-5 7.83721E-5 7.89096E-5 7.28455E-5 7.3045E-5 7.67354E-5 7.74657E-5 7.67994E-5 7.28082E-5 7.34385E-5 7.0049E-5 8.81184E-5 8.28222E-5 8.56799E-5 9.66588E-5 1.01609E-4 9.95055E-5 8.51219E-5 9.27085E-5 9.00894E-5 8.97302E-5 9.54649E-5 9.64544E-5 9.43516E-5 1.07963E-4 1.07464E-4 9.86543E-5 9.4761E-5
3.70374E-3 4.42223E-4 3.38128E-4 3.9145E-4 5.3761E-4 5.88833E-4 1.18084E-3 4.87217E-4 6.4737E-4 6.34059E-4 8.01007E-4 6.86224E-4 7.47068E-4 6.44599E-4 6.22921E-4 5.48993E-4 4.7852E-4 5.13598E-4 4.97239E-4 4.3895E-4 3.49164E-4 3.73773E-4 3.44845E-4 3.29231E-4 2.40013E-4 2.24536E-4 1.73919E-4 1.7964E-4 1.6149E-4 1.32569E-4 1.14419E-4 9.90394E-5 9.1737E-5 8.2415E-5 8.21242E-5 7.77863E-5 7.15547E-5 7.12407E-5 7.24513E-5 6.87357E-5 7.68049E-5 7.1523E-5 7.11276E-5 7.17298E-5 7.75887E-5 7.99002E-5 7.39916E-5 7.98692E-5 8.10947E-5 8.85924E-5 7.91065E-5 8.19831E-5 9.00894E-5 8.38556E-5 8.62556E-5 7.88316E-5 8.33969E-5 9.09889E-5 9.35132E-5 9.89233E-5 1.05814E-4
3.48051E-3 5.65268E-4 3.52606E-4 4.19455E-4 5.27758E-4 7.81586E-4 1.19142E-3 5.69877E-4 8.33484E-4 6.32953E-4 7.78998E-4 7.43516E-4 7.08435E-4 7.01514E-4 6.53391E-4 5.43112E-4 5.13598E-4 5.40545E-4 5.23325E-4 4.31843E-4 3.68552E-4 3.72449E-4 3.61859E-4 3.60551E-4 2.52003E-4 2.26943E-4 1.82741E-4 1.73919E-4 1.52176E-4 1.46865E-4 1.14411E-4 9.62307E-5 8.2295E-5 8.00805E-5 8.06669E-5 7.65328E-5 7.01478E-5 6.28761E-5 5.96576E-5 5.99928E-5 6.03212E-5 5.63452E-5 6.98727E-5 7.61372E-5 7.67652E-5 7.76623E-5 7.1926E-5 7.34975E-5 7.28792E-5 7.2351E-5 8.02334E-5 7.82522E-5 7.15647E-5 8.01704E-5 7.70549E-5 7.43121E-5 8.19389E-5 8.24167E-5 7.73133E-5 8.60644E-5 9.469E-5
1.87254E-3 5.14111E-4 3.11871E-4 3.97378E-4 4.34311E-4 4.97072E-4 8.7185E-4 6.71654E-4 9.8084E-4 6.05544E-4 5.78913E-4 6.5309E-4 7.62642E-4 7.38453E-4 7.52277E-4 6.98218E-4 6.41985E-4 5.60006E-4 5.23325E-4 5.12992E-4 4.15308E-4 3.85779E-4 3.41761E-4 3.4796E-4 2.65493E-4 2.36577E-4 1.94039E-4 1.73303E-4 1.47854E-4 1.44252E-4 1.24983E-4 1.07826E-4 8.66105E-5 7.90678E-5 7.82285E-5 7.51756E-5 6.64653E-5 6.17623E-5 6.25799E-5 5.80952E-5 5.77911E-5 5.91419E-5 5.78687E-5 6.39438E-5 7.14269E-5 6.66263E-5 7.07721E-5 6.78694E-5 7.35107E-5 6.79979E-5 7.2766E-5 7.09602E-5 7.06719E-5 7.02607E-5 6.72771E-5 7.51002E-5 7.3704E-5 7.25647E-5 6.99473E-5 7.21993E-5 7.91597E-5
1.73205E-3 4.78029E-4 3.34557E-4 3.73203E-4 4.58644E-4 5.79266E-4 6.99736E-4 7.21316E-4 7.76264E-4 6.2309E-4 6.1625E-4 7.07265E-4 8.08305E-4 7.74235E-4 8.11689E-4 7.64772E-4 6.22204E-4 5.61997E-4 5.58735E-4 5.03857E-4 4.41936E-4 3.81112E-4 3.59843E-4 3.2505E-4 2.65512E-4 2.48394E-4 2.03791E-4 1.84071E-4 1.4733E-4 1.5E-4 1.18414E-4 1.057E-4 9.65408E-5 8.93977E-5 7.22842E-5 7.20082E-5 6.13808E-5 6.00176E-5 6.12542E-5 5.72745E-5 5.67693E-5 5.5154E-5 5.56185E-5 6.64253E-5 6.26493E-5 6.33648E-5 6.27199E-5 6.76289E-5 6.69097E-5 6.92221E-5 6.89672E-5 7.07088E-5 7.14234E-5 6.41367E-5 6.6208E-5 6.6362E-5 6.4107E-5 7.02997E-5 6.89698E-5 6.71749E-5 6.42691E-5
2.20805E-3 3.99074E-4 3.58981E-4 4.07815E-4 4.70308E-4 8.6017E-4 8.12326E-4 1.40794E-3 1.06438E-3 7.6644E-4 6.3859E-4 7.41653E-4 8.50426E-4 7.63178E-4 8.11631E-4 7.40119E-4 6.81136E-4 5.85495E-4 5.56755E-4 5.39862E-4 4.82877E-4 3.81112E-4 3.65898E-4 3.41086E-4 2.61709E-4 2.35389E-4 2.03791E-4 1.93352E-4 1.55411E-4 1.32796E-4 1.22732E-4 1.04197E-4 9.48248E-5 9.40862E-5 8.0392E-5 7.2152E-5 6.77084E-5 5.39186E-5 5.28919E-5 5.41552E-5 5.09671E-5 4.81094E-5 4.92092E-5 5.26507E-5 6.00943E-5 5.97105E-5 5.72674E-5 5.39182E-5 5.42898E-5 5.62861E-5 6.35553E-5 6.30765E-5 5.74455E-5 6.32373E-5 6.09796E-5 6.02574E-5 5.8912E-5 6.23282E-5 6.88614E-5 7.36744E-5 7.10055E-5
1.01706E-3 3.63565E-4 3.54353E-4 4.55007E-4 7.04576E-4 1.10718E-3 6.26165E-4 8.77331E-4 5.47922E-4 6.39402E-4 6.73887E-4 8.59163E-4 8.53448E-4 8.14516E-4 7.32788E-4 7.12001E-4 6.89344E-4 5.84358E-4 5.49668E-4 5.2451E-4 4.82877E-4 3.99739E-4 3.64602E-4 3.07739E-4 2.5161E-4 2.38826E-4 2.00873E-4 1.90583E-4 1.64519E-4 1.59955E-4 1.14418E-4 1.02707E-4 1.00485E-4 9.24146E-5 7.61691E-5 7.58857E-5 6.45843E-5 6.02342E-5 5.59389E-5 4.99776E-5 4.71931E-5 5.05043E-5 4.78254E-5 5.54899E-5 5.3068E-5 5.56439E-5 5.33517E-5 4.84364E-5 4.96532E-5 5.05556E-5 5.08856E-5 5.33866E-5 5.41401E-5 5.57866E-5 6.16274E-5 6.08968E-5 5.87033E-5 5.81969E-5 5.96431E-5 5.75891E-5 5.52908E-5
7.9473E-4 7.39727E-4 5.76941E-4 6.91633E-4 5.22025E-4 7.95497E-4 5.76953E-4 8.53405E-4 1.09888E-3 8.67473E-4 7.3926E-4 9.15733E-4 1.03833E-3 8.83954E-4 7.75509E-4 7.49092E-4 6.85244E-4 6.1475E-4 5.49668E-4 5.58998E-4 5.0267E-4 3.99739E-4 3.83781E-4 3.18917E-4 2.641E-4 2.50719E-4 1.97295E-4 1.82558E-4 1.80153E-4 1.40671E-4 1.2031E-4 1.08413E-4 1.00129E-4 8.97943E-5 7.61691E-5 7.56168E-5 6.2535E-5 5.91665E-5 5.88911E-5 5.56593E-5 5.25742E-5 4.59286E-5 4.34811E-5 5.11753E-5 4.82367E-5 4.86028E-5 5.41145E-5 4.30521E-5 4.89541E-5 5.05592E-5 5.57773E-5 5.0268E-5 5.32998E-5 5.26811E-5 5.22484E-5 5.2955E-5 5.54404E-5 5.53934E-5 5.86007E-5 5.54844E-5 5.42178E-5
1.35814E-3 1.34116E-3 1.31902E-3 9.21091E-4 6.52874E-4 6.2619E-4 8.43834E-4 1.61198E-3 1.34706E-3 9.71831E-4 8.30053E-4 9.06592E-4 8.69773E-4 8.73276E-4 8.29313E-4 7.49092E-4 7.20829E-4 6.61623E-4 5.76201E-4 5.65112E-4 5.03665E-4 4.31489E-4 3.83781E-4 3.35814E-4 2.74988E-4 2.50719E-4 2.10952E-4 1.79306E-4 1.7318E-4 1.55469E-4 1.19884E-4 1.08029E-4 9.69434E-5 8.94761E-5 8.53138E-5 6.79819E-5 6.55574E-5 6.2045E-5 6.17659E-5 5.5462E-5 5.16443E-5 5.1359E-5 4.91577E-5 4.9737E-5 4.63587E-5 4.36683E-5 4.47717E-5 4.28996E-5 4.88156E-5 4.5922E-5 4.46045E-5 4.36291E-5 4.9867E-5 4.84173E-5 4.73399E-5 4.96619E-5 4.83719E-5 4.71106E-5 4.60375E-5 5.10675E-5 5.06021E-5
2.59595E-3 9.20137E-4 9.01644E-4 3.99424E-4 5.51777E-4 7.78645E-4 1.44878E-3 2.1575E-3 8.53721E-4 1.04335E-3 7.45367E-4 7.06769E-4 8.69773E-4 8.45205E-4 8.19254E-4 7.68235E-4 7.96685E-4 6.87886E-4 6.2385E-4 5.65112E-4 5.35724E-4 4.51214E-4 3.83781E-4 3.57399E-4 2.96868E-4 2.41864E-4 2.22276E-4 1.79306E-4 1.72567E-4 1.48913E-4 1.18685E-4 1.08029E-4 9.69434E-5 9.55183E-5 7.95198E-5 6.60569E-5 6.53251E-5 6.09449E-5 5.60141E-5 5.73601E-5 5.41981E-5 5.06303E-5 5.16125E-5 4.47068E-5 4.30368E-5 4.38294E-5 4.68471E-5 4.32368E-5 4.29194E-5 4.51151E-5 4.69047E-5 4.28633E-5 4.38923E-5 4.26104E-5 4.1739E-5 4.54682E-5 4.75252E-5 4.32059E-5 4.44415E-5 4.40353E-5 4.36277E-5
4.23827E-3 5.41996E-4 4.6683E-4 4.70612E-4 9.20867E-4 8.53454E-4 1.51011E-3 1.56087E-3 8.49261E-4 1.14531E-3 8.19133E-4 6.7633E-4 7.75562E-4 8.55289E-4 8.19254E-4 8.21415E-4 8.3775E-4 7.52059E-4 7.20881E-4 6.0313E-4 5.41583E-4 4.80954E-4 4.23801E-4 3.57399E-4 2.97945E-4 2.42534E-4 2.4538E-4 1.88317E-4 1.81266E-4 1.46782E-4 1.16572E-4 1.13206E-4 9.65999E-5 9.28089E-5 6.94797E-5 6.92285E-5 6.41659E-5 5.90114E-5 5.60141E-5 5.27549E-5 4.9833E-5 4.9735E-5 4.6406E-5 4.51879E-5 4.21317E-5 3.78111E-5 4.53723E-5 4.256E-5 4.30043E-5 4.18475E-5 4.30514E-5 4.28633E-5 4.2366E-5 3.90886E-5 3.76722E-5 4.0004E-5 3.83479E-5 4.1269E-5 4.26009E-5 4.09471E-5 4.15278E-5
1.03577E-3 5.73762E-4 6.15136E-4 5.18951E-4 1.27309E-3 8.24674E-4 1.55629E-3 1.52665E-3 9.04474E-4 1.07824E-3 1.18401E-3 7.48512E-4 7.84939E-4 8.5535E-4 8.07617E-4 8.73373E-4 8.51587E-4 8.63763E-4 7.18327E-4 6.77806E-4 6.00994E-4 5.13386E-4 4.583E-4 3.52277E-4 3.20612E-4 2.42534E-4 2.4538E-4 1.85619E-4 1.69494E-4 1.46782E-4 1.04672E-4 1.06223E-4 1.01981E-4 8.63231E-5 7.38478E-5 6.5347E-5 5.59423E-5 5.31201E-5 5.8748E-5 5.53464E-5 5.24829E-5 4.695E-5 4.75301E-5 4.43905E-5 3.87423E-5 4.36176E-5 4.52116E-5 4.47335E-5 4.10652E-5 4.34644E-5 4.02979E-5 3.73413E-5 3.59297E-5 4.01244E-5 3.66221E-5 3.82084E-5 3.41171E-5 3.73709E-5 3.70296E-5 4.20634E-5 3.76709E-5
9.54395E-4 4.07026E-3 6.30116E-4 4.98253E-4 9.08946E-4 7.37992E-4 1.49678E-3 1.06959E-3 6.67605E-4 8.31332E-4 9.19028E-4 6.93885E-4 8.19496E-4 7.88139E-4 8.13225E-4 8.76477E-4 8.76473E-4 8.63763E-4 7.67831E-4 6.87699E-4 6.29908E-4 5.59589E-4 5.09719E-4 3.75606E-4 3.20612E-4 2.83412E-4 2.45188E-4 1.85633E-4 1.67066E-4 1.46262E-4 1.10663E-4 1.00276E-4 1.0162E-4 9.14893E-5 7.25355E-5 6.01582E-5 5.88539E-5 5.57038E-5 5.2688E-5 4.89172E-5 4.5805E-5 4.68761E-5 4.66903E-5 4.45104E-5 4.25207E-5 4.28484E-5 4.39435E-5 4.21111E-5 3.97735E-5 4.00406E-5 3.54691E-5 3.71418E-5 3.4406E-5 3.36384E-5 2.99872E-5 3.45486E-5 3.41171E-5 3.27492E-5 3.49669E-5 3.85661E-5 3.75374E-5
1.60055E-3 4.45071E-3 6.6178E-4 7.23544E-4 5.55122E-4 6.2624E-4 7.38905E-4 1.32145E-3 9.97932E-4 7.12614E-4 8.2621E-4 6.85355E-4 8.43728E-4 9.65957E-4 1.054E-3 8.73373E-4 8.95415E-4 8.60704E-4 8.07283E-4 7.23987E-4 6.31154E-4 5.97923E-4 4.7925E-4 3.78967E-4 3.3633E-4 2.83412E-4 2.45188E-4 1.85633E-4 1.78038E-4 1.29515E-4 1.18016E-4 9.88418E-5 9.83845E-5 9.08357E-5 6.77296E-5 6.3046E-5 5.86454E-5 5.47155E-5 5.1017E-5 5.36987E-5 4.80694E-5 4.53932E-5 4.02551E-5 3.87428E-5 4.4664E-5 4.20926E-5 4.02416E-5 3.66911E-5 3.74754E-5 3.71957E-5 3.38709E-5 3.64893E-5 3.33265E-5 3.25836E-5 3.16242E-5 3.09086E-5 3.12545E-5 3.27492E-5 3.24457E-5 3.19584E-5 3.24774E-5
3.87273E-3 3.41402E-3 4.09833E-3 5.30652E-4 6.09563E-4 6.0738E-4 7.42881E-4 1.54944E-3 1.22026E-3 9.6388E-4 7.92967E-4 7.90599E-4 8.93856E-4 1.04284E-3 1.05027E-3 8.99673E-4 1.02007E-3 9.23083E-4 8.59351E-4 7.90098E-4 6.97661E-4 6.28918E-4 5.09756E-4 4.05441E-4 3.3633E-4 3.06058E-4 2.40818E-4 1.99929E-4 1.74866E-4 1.22262E-4 1.14255E-4 1.11467E-4 9.42239E-5 8.5751E-5 6.74897E-5 6.28226E-5 6.34061E-5 5.83279E-5 5.57882E-5 5.27472E-5 4.78991E-5 4.07369E-5 3.84327E-5 3.47159E-5 3.9012E-5 3.56302E-5 3.59169E-5 3.60446E-5 3.57837E-5 3.36576E-5 3.32753E-5 3.28933E-5 3.27412E-5 3.14496E-5 3.05241E-5 2.9834E-5 2.79843E-5 2.97165E-5 2.74661E-5 2.825E-5 2.71045E-5
4.17452E-3 3.92568E-3 1.73894E-3 7.55976E-4 5.79635E-4 5.74439E-4 6.32775E-4 8.71391E-4 1.06437E-3 9.99899E-4 1.02831E-3 9.98586E-4 8.10819E-4 1.04655E-3 1.13229E-3 1.08457E-3 9.98616E-4 9.23083E-4 7.93584E-4 7.90098E-4 6.80831E-4 6.2669E-4 4.5266E-4 4.49427E-4 3.41894E-4 3.04973E-4 2.44319E-4 1.99929E-4 1.72974E-4 1.35621E-4 1.23598E-4 1.02646E-4 9.44103E-5 8.42257E-5 7.01183E-5 6.36447E-5 6.22799E-5 5.79153E-5 5.85018E-5 5.25603E-5 4.48346E-5 3.99718E-5 3.97418E-5 3.74803E-5 3.388E-5 3.31786E-5 3.34255E-5 3.30711E-5 3.4657E-5 3.47691E-5 3.49954E-5 2.98583E-5 2.96113E-5 2.84394E-5 2.96719E-5 2.9834E-5 2.94627E-5 2.73378E-5 2.65546E-5 2.44221E-5 2.41455E-5
8.27793E-4 3.0823E-3 1.32922E-3 9.21913E-4 4.90188E-4 6.60532E-4 8.13768E-4 1.38466E-3 8.39529E-4 1.04486E-3 1.00755E-3 8.94135E-4 8.52901E-4 9.03639E-4 1.08834E-3 1.09057E-3 9.98616E-4 9.50074E-4 8.56565E-4 7.57297E-4 6.82129E-4 6.2669E-4 4.86741E-4 4.49427E-4 3.59313E-4 3.02766E-4 2.64335E-4 2.1643E-4 1.94208E-4 1.46941E-4 1.26999E-4 1.14543E-4 1.02405E-4 7.9952E-5 7.28341E-5 6.64533E-5 6.09524E-5 5.68871E-5 5.4018E-5 5.0894E-5 4.55602E-5 4.24142E-5 3.90386E-5 3.51845E-5 3.26935E-5 3.24773E-5 3.01467E-5 3.24879E-5 3.01382E-5 3.36749E-5 3.34171E-5 3.08588E-5 3.23152E-5 2.95064E-5 2.73076E-5 2.45051E-5 2.45388E-5 2.56022E-5 2.43105E-5 2.17546E-5 2.2981E-5
1.87606E-3 8.69072E-4 5.37886E-4 4.67931E-4 4.9312E-4 6.36172E-4 1.0585E-3 2.46122E-3 9.80891E-4 7.50931E-4 1.06709E-3 1.31266E-3 1.05844E-3 8.9324E-4 1.09049E-3 1.02853E-3 1.04814E-3 9.39388E-4 8.56565E-4 7.59989E-4 6.70666E-4 5.96211E-4 4.83185E-4 4.49427E-4 3.58603E-4 3.01694E-4 2.56916E-4 2.15664E-4 1.94208E-4 1.46941E-4 1.26549E-4 1.20405E-4 9.66707E-5 7.8803E-5 7.6804E-5 6.47979E-5 6.00823E-5 5.66855E-5 5.30596E-5 4.99918E-5 4.34886E-5 4.10709E-5 4.08414E-5 3.6298E-5 3.33784E-5 3.31636E-5 3.11255E-5 3.09085E-5 3.1238E-5 2.89123E-5 2.88926E-5 3.155E-5 2.91259E-5 2.84785E-5 2.56203E-5 2.5346E-5 2.43317E-5 2.4023E-5 2.31362E-5 2.25156E-5 2.19498E-5
1.55393E-3 6.89199E-4 1.32283E-3 8.61988E-4 8.20566E-4 6.48942E-4 7.18441E-4 1.35093E-3 6.90405E-4 1.03694E-3 2.9452E-3 1.54697E-3 1.04752E-3 9.0685E-4 9.85279E-4 1.02853E-3 1.00217E-3 8.28127E-4 7.71028E-4 7.68297E-4 6.7305E-4 5.64822E-4 4.81473E-4 4.44562E-4 3.57333E-4 3.01198E-4 2.56006E-4 2.14884E-4 1.9352E-4 1.46421E-4 1.24295E-4 1.19979E-4 9.39232E-5 7.74007E-5 6.86405E-5 6.90079E-5 6.40045E-5 5.91106E-5 5.04422E-5 4.18533E-5 4.09037E-5 4.23437E-5 4.22639E-5 3.56559E-5 3.44399E-5 3.00261E-5 3.01428E-5 2.99334E-5 2.97198E-5 2.95021E-5 2.71988E-5 2.5111E-5 2.49056E-5 2.46078E-5 2.4418E-5 2.41194E-5 2.38182E-5 2.29429E-5 2.11271E-5 2.17316E-5 2.15227E-5
2.16382E-3 1.58234E-3 2.20129E-3 6.34666E-4 1.00013E-3 6.70944E-4 7.98935E-4 9.79257E-4 1.01818E-3 1.7124E-3 2.19844E-3 1.03208E-3 7.39555E-4 9.00374E-4 1.04336E-3 1.0029E-3 9.10925E-4 8.34543E-4 7.85006E-4 7.57297E-4 6.47321E-4 5.35414E-4 4.74574E-4 4.19868E-4 3.52212E-4 2.77374E-4 2.56006E-4 2.14884E-4 1.75285E-4 1.55506E-4 1.32515E-4 1.1326E-4 1.01295E-4 7.62934E-5 6.6692E-5 6.77808E-5 6.40045E-5 5.32249E-5 4.92938E-5 4.00927E-5 3.96065E-5 3.68741E-5 3.29014E-5 3.6256E-5 3.37109E-5 3.35E-5 3.15635E-5 2.97217E-5 2.91956E-5 2.88773E-5 2.78566E-5 2.79394E-5 2.54704E-5 2.55302E-5 2.297E-5 2.06544E-5 2.03942E-5 2.19108E-5 2.16317E-5 2.06815E-5 2.16975E-5
1.42647E-3 5.65793E-3 7.4532E-4 4.999E-4 6.2876E-4 7.15717E-4 1.06803E-3 1.21546E-3 1.21377E-3 2.34716E-3 1.30715E-3 1.04454E-3 7.01709E-4 8.84304E-4 1.14261E-3 1.10237E-3 9.01452E-4 8.19693E-4 7.82226E-4 7.28393E-4 6.45028E-4 5.33518E-4 4.72893E-4 3.87853E-4 3.29816E-4 2.66671E-4 2.66252E-4 2.11805E-4 1.70903E-4 1.53278E-4 1.14491E-4 1.05078E-4 1.00936E-4 8.11451E-5 6.57383E-5 6.12844E-5 5.32513E-5 5.55985E-5 5.02268E-5 4.91191E-5 4.38392E-5 4.1429E-5 3.78088E-5 3.51082E-5 3.26444E-5 3.33789E-5 3.14517E-5 2.8477E-5 2.82747E-5 2.75716E-5 2.59293E-5 2.57266E-5 2.67504E-5 2.61612E-5 2.19346E-5 2.17444E-5 1.94759E-5 2.03219E-5 2.06588E-5 2.0391E-5 2.02358E-5
2.31775E-3 1.16383E-3 4.79658E-4 4.9081E-4 9.09602E-4 8.33856E-4 8.5462E-4 1.52471E-3 1.58961E-3 1.98052E-3 9.82788E-4 1.89827E-3 1.13302E-3 8.58975E-4 7.94496E-4 8.08957E-4 8.08124E-4 8.02134E-4 8.22298E-4 7.30982E-4 6.47367E-4 5.36119E-4 4.72893E-4 4.02287E-4 3.52212E-4 2.51795E-4 2.46513E-4 1.99977E-4 1.89791E-4 1.53278E-4 1.15653E-4 1.09188E-4 9.80672E-5 8.11451E-5 6.45684E-5 5.76342E-5 6.1733E-5 5.30626E-5 5.17257E-5 4.75558E-5 4.71721E-5 3.95442E-5 3.5306E-5 3.2731E-5 3.03747E-5 2.86304E-5 3.00264E-5 2.95056E-5 2.88861E-5 2.63242E-5 2.61285E-5 2.58374E-5 2.5093E-5 2.3575E-5 2.1287E-5 2.04396E-5 2.01862E-5 2.03621E-5 1.98192E-5 1.87503E-5 1.85715E-5
1.28868E-3 6.02445E-4 5.59647E-4 1.59471E-3 1.29477E-3 7.67484E-4 1.25339E-3 1.50856E-3 1.75958E-3 1.74447E-3 1.20397E-3 1.33747E-3 7.56244E-4 7.12312E-4 8.77926E-4 8.50285E-4 8.26197E-4 8.5244E-4 7.30982E-4 7.28393E-4 5.6587E-4 5.69995E-4 4.48214E-4 4.02287E-4 3.47163E-4 2.50902E-4 2.45155E-4 2.00373E-4 1.68454E-4 1.53278E-4 1.15243E-4 1.08801E-4 9.80672E-5 8.08576E-5 6.52732E-5 5.82627E-5 5.32676E-5 5.56174E-5 5.04384E-5 4.65458E-5 4.16947E-5 3.82897E-5 3.74131E-5 3.1694E-5 3.00024E-5 3.22243E-5 2.83419E-5 2.73585E-5 2.63096E-5 2.71869E-5 2.66075E-5 2.45804E-5 2.43891E-5 2.37687E-5 2.16987E-5 2.15134E-5 2.01862E-5 1.97229E-5 1.91293E-5 1.84212E-5 1.82457E-5
9.1928E-4 5.46779E-4 1.1791E-3 3.06824E-3 7.15685E-4 7.81366E-4 1.15139E-3 8.11102E-4 7.45554E-4 1.07412E-3 7.2961E-4 7.05614E-4 5.85167E-4 6.81889E-4 8.81148E-4 1.10275E-3 8.43868E-4 8.10896E-4 7.30982E-4 6.83045E-4 5.63866E-4 5.69995E-4 4.03746E-4 4.00861E-4 3.29002E-4 2.50902E-4 2.31478E-4 1.99663E-4 1.56978E-4 1.44179E-4 1.22865E-4 1.08801E-4 8.75395E-5 7.57644E-5 6.60112E-5 5.28762E-5 5.21202E-5 5.40398E-5 5.0078E-5 4.63809E-5 4.48638E-5 4.01753E-5 3.72806E-5 3.1694E-5 2.94712E-5 2.9183E-5 2.89969E-5 2.56566E-5 2.3473E-5 2.59559E-5 2.44197E-5 2.34688E-5 2.3287E-5 2.36845E-5 2.18519E-5 2.08368E-5 1.92765E-5 1.91036E-5 1.82681E-5 1.80978E-5 1.76737E-5
