Artocarpus hirsutus SDM files/MIS19/results (without bias file)/Arthir_stddev.asc
ncols         625
nrows         721
xllcorner     69.99986311115
yllcorner     5.99986187915
cellsize      0.041666667
NODATA_value  -9999
[rows 108 to 134 of 721, columns 61 to 121 of 625]
2.72516E-5 2.90698E-5 2.81701E-5 3.05895E-5 3.33141E-5 3.26037E-5 3.45413E-5 4.29838E-5 4.11157E-5 4.35443E-5 4.33037E-5 4.44576E-5 4.76783E-5 4.56601E-5 5.06681E-5 5.29708E-5 5.98191E-5 6.36138E-5 7.22397E-5 7.23015E-5 7.14659E-5 8.33576E-6 7.69091E-6 7.3646E-6 8.02032E-6 4.32136E-6 8.99296E-6 8.70751E-6 8.97753E-6 9.58019E-6 9.32727E-6 1.0053E-5 1.05661E-5 1.16065E-5 1.2094E-5 1.35961E-5 1.52215E-5 1.55094E-5 1.64478E-5 1.56851E-5 1.77204E-5 1.98291E-5 2.20656E-5 2.43271E-5 2.60385E-5 2.51928E-5 2.52914E-5 2.70546E-5 2.88169E-5 3.32962E-5 3.53225E-5 4.05763E-5 4.27475E-5 4.58996E-5 4.55665E-5 4.53864E-5 5.46958E-5 1.33565E-4 1.43673E-4 1.38916E-4 1.37408E-4
2.7521E-5 2.67498E-5 2.55202E-5 2.68698E-5 2.93364E-5 2.79111E-5 3.03934E-5 3.50829E-5 3.49151E-5 3.73568E-5 3.90238E-5 3.79226E-5 3.63063E-5 4.25224E-5 4.45522E-5 4.9225E-5 4.99356E-5 4.84218E-5 6.04221E-5 3.59439E-5 3.57276E-5 7.50264E-6 7.37994E-6 4.10599E-6 7.35889E-6 4.13651E-6 4.04222E-6 4.26242E-6 8.37711E-6 9.27638E-6 9.19672E-6 9.52878E-6 1.0086E-5 1.05661E-5 1.18231E-5 1.11644E-5 1.28053E-5 1.43095E-5 1.39196E-5 1.3521E-5 1.71882E-5 1.90436E-5 1.81157E-5 1.94705E-5 2.08945E-5 2.37879E-5 2.38536E-5 2.41982E-5 2.55401E-5 2.88147E-5 3.17443E-5 3.39831E-5 3.62441E-5 3.85041E-5 3.8659E-5 4.10737E-5 4.37861E-5 4.6323E-5 1.1661E-4 1.1946E-4 1.2222E-4
2.34678E-5 2.59258E-5 2.51949E-5 2.45841E-5 2.52277E-5 2.73986E-5 3.12847E-5 3.0153E-5 3.19127E-5 3.37341E-5 3.56295E-5 3.4617E-5 3.88166E-5 4.36089E-5 4.21158E-5 4.77125E-5 2.6013E-5 2.76009E-5 5.11844E-5 5.86146E-5 3.61358E-6 3.47948E-6 3.65385E-6 3.92829E-6 3.92253E-6 3.67273E-6 3.79131E-6 3.9923E-6 4.30238E-6 4.18833E-6 8.33677E-6 7.87931E-6 9.20627E-6 9.17525E-6 9.72772E-6 1.07132E-5 1.08979E-5 1.14474E-5 1.25132E-5 1.33746E-5 1.43247E-5 1.54807E-5 1.7353E-5 1.64052E-5 1.83787E-5 1.98423E-5 2.12017E-5 2.28272E-5 2.69022E-5 2.4704E-5 2.61492E-5 2.78499E-5 3.07039E-5 3.35784E-5 3.52156E-5 3.52073E-5 3.85148E-5 4.23803E-5 4.05665E-5 4.31335E-5 1.09226E-4
1.92539E-5 2.00233E-5 2.14505E-5 2.17124E-5 2.19285E-5 2.56217E-5 2.51388E-5 2.43501E-5 2.606E-5 2.75106E-5 3.11957E-5 3.03087E-5 3.50748E-5 3.77585E-5 3.7032E-5 4.04087E-5 4.01027E-5 4.34729E-5 2.70741E-5 2.90552E-5 5.92607E-6 3.14923E-6 3.28779E-6 3.22546E-6 3.3363E-6 3.42962E-6 3.39739E-6 3.87315E-6 3.7278E-6 4.01671E-6 4.23895E-6 8.48846E-6 9.02796E-6 8.75843E-6 9.26696E-6 5.20684E-6 1.03862E-5 1.08033E-5 1.26132E-5 1.32098E-5 1.32128E-5 1.40476E-5 1.48871E-5 1.41201E-5 1.66539E-5 1.76714E-5 1.95798E-5 2.0924E-5 2.20697E-5 2.3774E-5 2.39163E-5 2.51026E-5 2.52063E-5 2.5698E-5 3.00893E-5 3.38481E-5 3.25242E-5 3.69074E-5 3.78139E-5 3.93796E-5 4.07861E-5
1.88987E-5 1.94431E-5 1.93182E-5 2.0397E-5 2.15872E-5 2.24233E-5 2.23557E-5 2.37431E-5 2.38898E-5 2.44589E-5 2.59042E-5 2.8608E-5 2.93562E-5 2.8845E-5 3.19749E-5 1.99032E-5 1.95763E-5 3.74355E-5 4.25912E-5 2.53819E-5 3.09805E-6 2.97456E-6 3.2083E-6 3.12512E-6 3.17691E-6 3.28609E-6 3.19062E-6 3.75193E-6 3.63607E-6 3.42111E-6 3.77943E-6 3.98234E-6 4.22062E-6 4.27063E-6 8.63631E-6 8.94122E-6 4.7292E-6 9.88986E-6 1.0962E-5 1.15376E-5 1.2627E-5 1.32748E-5 1.43347E-5 1.35973E-5 1.44108E-5 1.53008E-5 1.61073E-5 1.68455E-5 2.01846E-5 2.13743E-5 2.061E-5 2.0941E-5 2.27409E-5 2.40283E-5 2.4755E-5 2.76306E-5 2.96047E-5 3.09894E-5 3.59282E-5 3.92074E-5 4.07861E-5
2.19844E-5 1.8077E-5 1.88359E-5 1.74536E-5 2.02677E-5 1.98828E-5 1.8822E-5 2.10427E-5 2.29994E-5 2.19418E-5 2.35391E-5 2.66063E-5 2.85534E-5 2.99973E-5 2.95258E-5 3.28234E-5 1.87019E-5 2.03691E-5 2.02525E-5 2.46199E-5 2.76281E-6 2.65904E-6 2.80196E-6 3.06853E-6 3.14456E-6 2.99095E-6 3.10374E-6 3.3153E-6 3.45295E-6 3.67017E-6 3.45977E-6 3.67215E-6 3.9949E-6 3.80427E-6 4.31021E-6 8.55218E-6 9.33109E-6 1.01897E-5 9.34611E-6 9.8853E-6 1.03862E-5 1.14444E-5 1.23129E-5 1.29403E-5 1.44966E-5 1.37906E-5 1.48636E-5 1.56857E-5 1.67225E-5 1.84276E-5 1.96828E-5 1.93991E-5 2.06311E-5 2.3242E-5 2.2987E-5 2.43117E-5 2.68551E-5 3.04948E-5 2.97781E-5 3.24178E-5 3.69408E-5
1.69347E-5 1.8161E-5 1.79382E-5 1.79045E-5 1.81241E-5 1.94333E-5 1.87676E-5 1.85953E-5 1.94387E-5 2.15871E-5 2.31705E-5 2.30979E-5 2.45963E-5 2.68E-5 2.86025E-5 2.72733E-5 1.80501E-5 1.82818E-5 1.96034E-5 1.96563E-5 2.67166E-6 2.64255E-6 2.74347E-6 2.62352E-6 2.68035E-6 2.85558E-6 2.74104E-6 2.86131E-6 3.12154E-6 3.24247E-6 3.38427E-6 3.45977E-6 3.71667E-6 3.98013E-6 4.40922E-6 4.48712E-6 4.45977E-6 4.76058E-6 9.14873E-6 8.97494E-6 9.44319E-6 9.98702E-6 1.1123E-5 1.19221E-5 1.23675E-5 1.37624E-5 1.41169E-5 1.43953E-5 1.50446E-5 1.58908E-5 1.75643E-5 1.88986E-5 1.91739E-5 2.04465E-5 2.20236E-5 2.33447E-5 2.50324E-5 2.52247E-5 2.65987E-5 2.92457E-5 3.39049E-5
1.67086E-5 1.8161E-5 1.76109E-5 1.73022E-5 1.69933E-5 1.55525E-5 1.59555E-5 1.7386E-5 1.83069E-5 1.87685E-5 1.98941E-5 1.95746E-5 2.09931E-5 2.35195E-5 1.46095E-5 1.47045E-5 1.58477E-5 1.57481E-5 1.72262E-5 1.92804E-5 2.22206E-6 2.30633E-6 2.37776E-6 2.53493E-6 2.61537E-6 2.50063E-6 2.65806E-6 2.79165E-6 2.91411E-6 3.01645E-6 3.24108E-6 3.39333E-6 3.58138E-6 3.62518E-6 3.85593E-6 4.53367E-6 4.33327E-6 4.52911E-6 4.33739E-6 8.80478E-6 8.53226E-6 9.55043E-6 1.09699E-5 1.08266E-5 1.0787E-5 1.22293E-5 1.30016E-5 1.26795E-5 1.44063E-5 1.40579E-5 1.5119E-5 1.60057E-5 1.89107E-5 1.81753E-5 1.95234E-5 2.02724E-5 2.21497E-5 2.4805E-5 2.77882E-5 2.64315E-5 2.74709E-5
1.5108E-5 1.50289E-5 1.50331E-5 1.78E-5 1.70356E-5 1.74816E-5 1.44092E-5 1.58995E-5 1.53954E-5 1.62063E-5 1.68987E-5 1.6892E-5 1.08907E-5 1.16236E-5 1.30533E-5 1.44686E-5 1.48991E-5 1.5E-5 1.61207E-5 2.11386E-6 2.17341E-6 2.04677E-6 2.09924E-6 2.24498E-6 2.35105E-6 2.46965E-6 2.56279E-6 2.48738E-6 2.58012E-6 2.6555E-6 3.16265E-6 3.07693E-6 3.39875E-6 3.46863E-6 3.34763E-6 3.47464E-6 3.80748E-6 4.04669E-6 4.26787E-6 4.47717E-6 7.87253E-6 8.35428E-6 5.32091E-6 1.06265E-5 1.02951E-5 1.0535E-5 1.12539E-5 1.11763E-5 1.25466E-5 1.36881E-5 1.40856E-5 1.32287E-5 1.4141E-5 1.55286E-5 1.59505E-5 1.77989E-5 1.77792E-5 2.3097E-5 2.16108E-5 2.19939E-5 2.44195E-5
1.47251E-5 1.47911E-5 1.47574E-5 1.40773E-5 1.46367E-5 1.44095E-5 1.68957E-5 1.655E-5 1.63127E-5 1.62084E-5 1.66772E-5 1.63131E-5 1.09159E-5 1.18027E-5 1.24743E-5 1.18862E-5 1.44248E-5 1.49546E-5 1.63352E-5 1.63266E-5 1.86124E-6 1.97285E-6 2.06608E-6 2.14486E-6 2.2794E-6 2.16659E-6 2.24139E-6 2.15672E-6 2.50975E-6 2.39411E-6 2.52261E-6 2.79676E-6 2.87983E-6 2.92909E-6 3.19643E-6 3.35773E-6 3.55956E-6 3.79978E-6 4.0597E-6 4.31972E-6 4.61674E-6 7.69297E-6 8.12168E-6 8.97778E-6 9.65279E-6 1.00871E-5 1.05741E-5 1.25739E-5 1.24522E-5 1.29236E-5 1.37829E-5 1.16779E-5 1.25378E-5 1.37334E-5 1.39319E-5 1.53901E-5 1.64897E-5 1.63492E-5 1.90204E-5 2.17639E-5 2.53027E-5
1.32618E-5 1.32304E-5 1.295E-5 1.21932E-5 1.18155E-5 1.26443E-5 1.49795E-5 1.63367E-5 1.5545E-5 1.59638E-5 1.61614E-5 1.6011E-5 1.03845E-5 1.05266E-5 1.09455E-5 1.17562E-5 1.1829E-5 1.31455E-5 1.45116E-5 1.42677E-5 1.84295E-6 1.75174E-6 1.85103E-6 1.91008E-6 1.82003E-6 2.14642E-6 2.21359E-6 2.08389E-6 2.24303E-6 2.37921E-6 2.49126E-6 2.60051E-6 2.75902E-6 2.92391E-6 3.01023E-6 3.28617E-6 3.19173E-6 3.36489E-6 3.71888E-6 3.90057E-6 4.18369E-6 4.42503E-6 7.48384E-6 7.63854E-6 8.0683E-6 8.54599E-6 9.25389E-6 1.06984E-5 1.1076E-5 1.04603E-5 1.0933E-5 1.1703E-5 1.32457E-5 1.3309E-5 1.4071E-5 1.45328E-5 1.61171E-5 1.76254E-5 1.83603E-5 2.00132E-5 2.16313E-5
1.11678E-5 1.17648E-5 1.24202E-5 1.16946E-5 1.23515E-5 1.13808E-5 1.17151E-5 1.3891E-5 1.34623E-5 1.44463E-5 1.33311E-5 1.4345E-5 8.44711E-6 9.75641E-6 1.09122E-5 1.15681E-5 1.16393E-5 1.17822E-5 1.17036E-5 1.35896E-5 1.66132E-6 1.6983E-6 1.82299E-6 1.90317E-6 1.81434E-6 1.88822E-6 1.97152E-6 2.07091E-6 2.15672E-6 2.16319E-6 2.22626E-6 2.34552E-6 2.45624E-6 2.6214E-6 2.77445E-6 2.6939E-6 3.18156E-6 3.09316E-6 3.13852E-6 3.43771E-6 3.47466E-6 4.12504E-6 5.91171E-6 4.54215E-6 7.50572E-6 7.96551E-6 8.43502E-6 9.98259E-6 9.67312E-6 1.05155E-5 1.04317E-5 1.20688E-5 1.27337E-5 1.27422E-5 1.43807E-5 1.53964E-5 1.51906E-5 1.63977E-5 1.86698E-5 1.91212E-5 2.11117E-5
9.89587E-6 9.25778E-6 1.08336E-5 1.16586E-5 1.24733E-5 1.19323E-5 1.1529E-5 1.13164E-5 1.28694E-5 7.14402E-6 6.97335E-6 8.48733E-6 8.28711E-6 9.0422E-6 9.09531E-6 1.03372E-5 1.07895E-5 1.02688E-5 1.08886E-5 1.50924E-6 1.63558E-6 1.67251E-6 1.62333E-6 1.72622E-6 1.62546E-6 1.82573E-6 1.7294E-6 1.84413E-6 1.92651E-6 1.99315E-6 1.93044E-6 2.1013E-6 2.42559E-6 2.33344E-6 2.52229E-6 2.37766E-6 2.7267E-6 2.81132E-6 3.00411E-6 3.1008E-6 3.34164E-6 3.97921E-6 4.13386E-6 4.40002E-6 4.68439E-6 7.64918E-6 7.80179E-6 8.63984E-6 9.19088E-6 1.05479E-5 9.74011E-6 1.03676E-5 1.22172E-5 1.31619E-5 1.3995E-5 1.4085E-5 1.46711E-5 1.54884E-5 1.55066E-5 1.876E-5 1.94974E-5
9.89555E-6 9.40441E-6 9.55782E-6 9.17874E-6 1.09104E-5 1.03719E-5 1.02106E-5 1.09931E-5 5.95873E-6 6.29805E-6 6.86239E-6 6.72231E-6 7.35439E-6 8.11882E-6 7.97757E-6 9.15877E-6 9.1187E-6 9.65566E-6 1.05101E-5 1.03613E-5 1.41633E-6 1.39614E-6 1.5554E-6 1.48181E-6 1.57102E-6 1.64531E-6 1.53862E-6 1.80512E-6 1.88555E-6 1.82376E-6 1.92192E-6 1.7786E-6 1.97956E-6 2.30422E-6 2.1382E-6 1.98746E-6 2.31068E-6 2.69938E-6 2.87661E-6 3.03216E-6 3.22571E-6 3.80977E-6 4.01847E-6 3.8574E-6 4.18949E-6 4.81535E-6 5.09426E-6 7.90728E-6 8.50514E-6 9.36611E-6 9.31139E-6 1.00392E-5 1.07755E-5 1.15287E-5 1.18206E-5 1.3387E-5 1.43155E-5 1.49377E-5 1.63215E-5 1.69193E-5 1.78222E-5
8.30123E-6 8.14466E-6 8.25004E-6 8.33069E-6 9.41841E-6 9.12302E-6 8.80966E-6 8.55141E-6 5.807E-6 6.19396E-6 6.56736E-6 6.40942E-6 6.39603E-6 6.75513E-6 7.25356E-6 7.31013E-6 8.73931E-6 9.52998E-6 1.02377E-5 1.01641E-5 1.2841E-6 1.3663E-6 1.40117E-6 1.35526E-6 1.49992E-6 1.61975E-6 1.52975E-6 1.61219E-6 1.73505E-6 1.65907E-6 1.87513E-6 1.77113E-6 1.85128E-6 1.72019E-6 1.84501E-6 1.92652E-6 2.26411E-6 2.37483E-6 2.51804E-6 2.93979E-6 3.12631E-6 3.36544E-6 3.63657E-6 3.81183E-6 3.91734E-6 4.26421E-6 4.88147E-6 7.47426E-6 7.91302E-6 8.87026E-6 9.16218E-6 9.69195E-6 1.03624E-5 1.10429E-5 1.14487E-5 1.25776E-5 1.3088E-5 1.47183E-5 1.39453E-5 1.48106E-5 1.74339E-5
8.19772E-6 7.78793E-6 8.11931E-6 7.28028E-6 8.52176E-6 7.41788E-6 7.14916E-6 4.80193E-6 5.28319E-6 5.25747E-6 5.4821E-6 5.62476E-6 6.03823E-6 6.66793E-6 6.4466E-6 6.63689E-6 7.50344E-6 8.3155E-6 8.79058E-6 8.84087E-6 1.27603E-6 1.30807E-6 1.39176E-6 1.30203E-6 1.35952E-6 1.46452E-6 1.51128E-6 1.46146E-6 1.51693E-6 1.63394E-6 1.53756E-6 1.75362E-6 1.62505E-6 1.8204E-6 1.94257E-6 2.10204E-6 2.26091E-6 2.11461E-6 2.41906E-6 2.64173E-6 2.76015E-6 2.94614E-6 3.41247E-6 3.66918E-6 3.87579E-6 4.00447E-6 4.42728E-6 4.68276E-6 7.70953E-6 5.34886E-6 7.64252E-6 8.36412E-6 8.67501E-6 9.42401E-6 1.08843E-5 1.06344E-5 1.14198E-5 1.23778E-5 1.34751E-5 1.45417E-5 1.55915E-5
7.83936E-6 7.56681E-6 7.99066E-6 7.16474E-6 7.35179E-6 7.22284E-6 7.03733E-6 4.78695E-6 4.74446E-6 4.8836E-6 4.92196E-6 5.19619E-6 5.5798E-6 5.32363E-6 5.7113E-6 6.01462E-6 6.66679E-6 7.13819E-6 7.8639E-6 8.448E-6 9.0509E-6 1.27202E-6 1.20454E-6 1.29794E-6 1.33886E-6 1.29538E-6 1.20357E-6 1.44382E-6 1.40929E-6 1.27769E-6 1.29334E-6 1.39236E-6 1.44128E-6 1.62505E-6 1.73983E-6 1.82727E-6 1.98404E-6 2.05633E-6 2.16067E-6 2.49417E-6 2.67515E-6 2.8551E-6 2.94008E-6 3.18633E-6 3.82073E-6 3.90453E-6 4.20834E-6 4.3993E-6 6.7013E-6 6.92141E-6 5.36333E-6 7.98287E-6 8.20952E-6 8.74464E-6 9.56974E-6 1.13158E-5 1.09406E-5 1.20034E-5 1.19001E-5 1.24969E-5 1.48589E-5
6.97141E-6 7.54322E-6 7.21209E-6 7.51902E-6 6.46245E-6 6.39239E-6 4.06873E-6 4.42455E-6 4.2597E-6 4.44143E-6 4.23738E-6 4.67889E-6 4.86405E-6 4.77705E-6 5.02981E-6 5.93837E-6 5.87221E-6 6.48928E-6 7.73795E-6 7.70369E-6 8.36285E-6 1.17875E-6 1.20507E-6 1.1549E-6 1.24E-6 1.18499E-6 1.20737E-6 1.13148E-6 1.17418E-6 1.22304E-6 1.40046E-6 1.35404E-6 1.57942E-6 1.59464E-6 1.52337E-6 1.63635E-6 1.71407E-6 1.77607E-6 2.1202E-6 2.20096E-6 2.33482E-6 2.70462E-6 2.54204E-6 3.12483E-6 3.3185E-6 3.81245E-6 3.90052E-6 4.27396E-6 4.5457E-6 6.74432E-6 5.08035E-6 7.43902E-6 8.26382E-6 8.47255E-6 8.96296E-6 9.50174E-6 1.02812E-5 1.11364E-5 1.07771E-5 1.3278E-5 1.34637E-5
5.84073E-6 6.49352E-6 5.21769E-6 5.34443E-6 5.97988E-6 5.70959E-6 3.61699E-6 3.89465E-6 4.48182E-6 3.987E-6 4.42762E-6 4.33467E-6 4.37917E-6 4.68648E-6 4.94932E-6 4.78316E-6 5.77837E-6 5.75055E-6 6.35504E-6 6.34452E-6 7.67165E-6 9.6743E-7 1.00126E-6 9.47192E-7 1.08291E-6 1.04358E-6 1.04302E-6 1.08005E-6 1.11775E-6 1.19721E-6 1.38296E-6 1.31679E-6 1.40982E-6 1.44114E-6 1.48609E-6 1.54363E-6 1.66159E-6 1.75372E-6 1.843E-6 1.9669E-6 2.05449E-6 2.39217E-6 2.4713E-6 2.66215E-6 3.16916E-6 3.32178E-6 3.80323E-6 4.04954E-6 4.29958E-6 4.72101E-6 4.41324E-6 5.24189E-6 5.64026E-6 8.30186E-6 8.48676E-6 8.76167E-6 9.85355E-6 9.80485E-6 1.04775E-5 1.19436E-5 1.28884E-5
5.18668E-6 5.40725E-6 4.86643E-6 4.76617E-6 4.60461E-6 2.95827E-6 3.47295E-6 3.33175E-6 3.63412E-6 3.7384E-6 3.99943E-6 3.91472E-6 4.11967E-6 4.12353E-6 4.39757E-6 4.76866E-6 4.6813E-6 5.25894E-6 5.68794E-6 5.75351E-6 6.10105E-6 5.8794E-6 7.80965E-7 9.18088E-7 8.68758E-7 1.08245E-6 1.15184E-6 1.06358E-6 1.02485E-6 1.18222E-6 1.12542E-6 1.26511E-6 1.33811E-6 1.45359E-6 1.46801E-6 1.41202E-6 1.47394E-6 1.71671E-6 1.79779E-6 1.70297E-6 2.00894E-6 2.11857E-6 2.49129E-6 2.59631E-6 2.97249E-6 3.13657E-6 3.39486E-6 3.96128E-6 3.8901E-6 4.45781E-6 4.3301E-6 4.62577E-6 4.75323E-6 5.0451E-6 7.16492E-6 9.31572E-6 9.76705E-6 9.56873E-6 9.15366E-6 1.07337E-5 1.09742E-5
5.42628E-6 5.23706E-6 5.28645E-6 4.57378E-6 4.51859E-6 3.01259E-6 3.07732E-6 3.23613E-6 3.12771E-6 3.66769E-6 3.58974E-6 3.8032E-6 3.70834E-6 4.1108E-6 4.06197E-6 4.30502E-6 4.33784E-6 4.78061E-6 5.70536E-6 5.49772E-6 5.81172E-6 5.60035E-6 7.73561E-7 8.95527E-7 9.3232E-7 9.98806E-7 1.018E-6 9.75157E-7 9.99693E-7 1.04072E-6 1.11131E-6 1.14284E-6 1.10467E-6 1.23128E-6 1.32598E-6 1.38176E-6 1.43392E-6 1.50219E-6 1.43727E-6 1.64094E-6 1.90211E-6 2.00529E-6 2.19264E-6 2.43678E-6 2.6168E-6 3.10626E-6 3.27718E-6 3.37878E-6 3.59958E-6 3.86869E-6 4.101E-6 4.35861E-6 4.60124E-6 5.27589E-6 5.82899E-6 5.6408E-6 8.10367E-6 9.02098E-6 9.72555E-6 9.38617E-6 1.07203E-5
4.89636E-6 5.15154E-6 4.908E-6 5.35486E-6 3.17565E-6 2.6707E-6 2.61375E-6 2.90514E-6 3.02869E-6 3.34445E-6 3.2834E-6 3.40005E-6 3.38106E-6 3.68802E-6 4.06197E-6 3.97604E-6 4.25538E-6 4.30249E-6 4.07826E-6 4.80609E-6 5.12872E-6 5.10433E-6 6.8677E-7 7.88088E-7 8.44724E-7 7.99159E-7 8.55871E-7 9.56745E-7 9.87146E-7 1.03091E-6 9.63727E-7 1.03184E-6 1.06785E-6 1.10917E-6 1.26222E-6 1.23663E-6 1.29964E-6 1.34822E-6 1.42363E-6 1.45585E-6 1.70839E-6 1.82361E-6 2.08221E-6 2.21588E-6 2.56848E-6 2.71734E-6 2.86888E-6 3.28373E-6 3.42083E-6 3.35683E-6 3.8842E-6 4.23135E-6 4.42671E-6 4.71874E-6 5.01048E-6 4.8288E-6 8.01842E-6 5.57899E-6 8.41162E-6 8.95688E-6 9.22845E-6
4.68202E-6 4.57378E-6 4.76843E-6 4.60109E-6 3.0454E-6 4.92825E-6 3.34016E-6 2.90514E-6 2.80672E-6 2.70057E-6 3.23131E-6 3.1502E-6 3.38132E-6 3.3523E-6 3.3656E-6 3.5659E-6 4.26944E-6 3.74776E-6 3.89745E-6 4.17349E-6 4.61684E-6 5.33471E-6 5.29489E-6 7.26877E-7 7.38511E-7 7.00829E-7 8.01695E-7 9.44733E-7 9.08018E-7 9.33841E-7 9.51625E-7 1.02535E-6 1.06113E-6 1.00447E-6 1.04906E-6 1.07519E-6 1.11364E-6 1.30033E-6 1.39914E-6 1.59554E-6 1.63215E-6 1.75254E-6 1.96488E-6 2.09103E-6 2.16035E-6 2.5734E-6 3.05459E-6 3.21234E-6 3.45968E-6 3.58414E-6 3.77356E-6 4.11035E-6 4.45164E-6 4.51376E-6 4.98248E-6 5.08381E-6 4.8919E-6 5.28918E-6 7.37922E-6 7.9998E-6 8.8678E-6
4.89851E-6 4.37331E-6 4.55934E-6 3.03417E-6 3.0454E-6 3.02294E-6 2.9606E-6 2.81762E-6 2.63887E-6 2.69214E-6 2.67668E-6 2.95634E-6 2.85555E-6 3.05586E-6 3.23841E-6 3.14837E-6 3.13115E-6 3.58488E-6 3.55471E-6 4.16068E-6 4.38452E-6 4.52106E-6 4.78104E-6 6.33545E-7 6.72723E-7 6.94184E-7 7.11736E-7 8.26769E-7 7.99083E-7 9.16667E-7 9.48977E-7 9.0594E-7 1.03837E-6 1.07853E-6 1.03304E-6 9.70934E-7 1.1031E-6 1.1522E-6 1.34953E-6 1.40718E-6 1.60699E-6 1.68857E-6 1.81318E-6 2.03285E-6 2.17041E-6 2.24375E-6 2.64317E-6 3.13864E-6 2.95729E-6 3.3838E-6 3.62188E-6 4.08609E-6 4.13121E-6 3.93583E-6 4.24423E-6 4.51167E-6 4.80772E-6 4.57521E-6 4.83681E-6 7.38756E-6 7.45925E-6
4.59059E-6 4.5012E-6 2.71909E-6 2.65375E-6 3.63989E-6 2.66782E-6 2.5704E-6 2.90136E-6 3.10515E-6 2.69214E-6 2.4717E-6 2.28087E-6 2.40936E-6 2.53492E-6 2.76763E-6 3.01988E-6 3.18957E-6 3.12149E-6 3.45241E-6 3.74553E-6 3.66718E-6 4.0586E-6 4.36102E-6 5.71339E-7 5.94968E-7 6.79217E-7 7.0723E-7 6.70685E-7 7.74799E-7 8.40168E-7 8.54116E-7 8.92079E-7 8.51541E-7 8.81857E-7 1.02328E-6 1.07165E-6 9.99387E-7 1.14855E-6 1.18507E-6 1.24181E-6 1.41202E-6 1.66782E-6 1.7845E-6 2.01345E-6 2.14275E-6 2.19513E-6 2.59319E-6 2.77088E-6 2.78834E-6 3.33158E-6 3.26367E-6 3.73287E-6 3.98745E-6 3.91555E-6 4.14698E-6 4.41058E-6 4.65724E-6 5.02578E-6 4.38303E-6 4.57677E-6 7.24973E-6
4.26223E-6 3.86718E-6 3.74227E-6 3.66621E-6 3.98058E-6 3.86369E-6 2.43219E-6 2.85494E-6 2.84236E-6 3.03255E-6 2.84773E-6 2.43244E-6 2.37959E-6 2.245E-6 2.48981E-6 2.93346E-6 2.86043E-6 3.11187E-6 3.43121E-6 3.33563E-6 3.29813E-6 3.57958E-6 3.91065E-6 4.13608E-6 5.38272E-7 6.04615E-7 5.93792E-7 6.14673E-7 7.08174E-7 6.69115E-7 7.41488E-7 7.85316E-7 7.56371E-7 7.87616E-7 8.13232E-7 9.47003E-7 9.93071E-7 1.12456E-6 1.17757E-6 1.23003E-6 1.38159E-6 1.43966E-6 1.6843E-6 1.804E-6 2.04806E-6 2.41509E-6 2.29065E-6 2.63556E-6 2.83203E-6 3.05709E-6 3.13856E-6 3.29863E-6 3.89948E-6 3.84146E-6 4.1422E-6 4.15098E-6 4.38277E-6 4.19936E-6 4.15898E-6 4.01182E-6 4.34716E-6
3.89466E-6 3.76923E-6 3.69452E-6 2.80085E-6 2.53518E-6 2.64356E-6 2.30982E-6 2.49582E-6 2.43558E-6 2.3244E-6 2.53994E-6 2.51173E-6 2.31895E-6 2.26838E-6 2.16805E-6 2.64715E-6 2.61464E-6 2.80769E-6 2.77451E-6 3.03964E-6 3.288E-6 3.52202E-6 3.77285E-6 4.12342E-6 5.38272E-7 5.11915E-7 5.86673E-7 6.12721E-7 6.5497E-7 6.54645E-7 6.7553E-7 7.22251E-7 7.49728E-7 7.78251E-7 8.08085E-7 8.41488E-7 9.95066E-7 1.10382E-6 1.06696E-6 1.20351E-6 1.25184E-6 1.46559E-6 1.52844E-6 1.74057E-6 1.85243E-6 2.15127E-6 2.20926E-6 2.33127E-6 2.70775E-6 2.91017E-6 3.0837E-6 3.31107E-6 3.46913E-6 3.73157E-6 3.83197E-6 4.13696E-6 3.92719E-6 4.13304E-6 4.06515E-6 4.29417E-6 4.10866E-6
