Artocarpus hirsutus SDM files/MIS19/results (without bias file)/Arthir_max.asc
ncols         625
nrows         721
xllcorner     69.99986311115
yllcorner     5.99986187915
cellsize      0.041666667
NODATA_value  -9999
[rows 351 to 377 of 721, columns 549 to 609 of 625]
3.10192E-3 2.91345E-3 7.24977E-3 1.82236E-2 9.4869E-3 7.00146E-3 5.98878E-3 1.05087E-2 8.78278E-3 7.45175E-3 7.3301E-3 4.18618E-3 6.18225E-3 4.5923E-3 5.45833E-3 4.27182E-3 3.69286E-3 3.20958E-3 4.84251E-3 3.49347E-3 2.73211E-3 2.77779E-3 2.64867E-3 2.94493E-3 3.76553E-3 3.26532E-3 3.58007E-3 3.35159E-3 3.22268E-3 3.26048E-3 4.16534E-3 2.7663E-3 2.9716E-3 3.15897E-3 3.51033E-3 4.00163E-3 3.96949E-3 3.75679E-3 3.84E-3 5.28268E-3 4.13244E-3 2.45529E-3 1.41627E-3 4.14901E-3 3.92199E-3 1.33029E-3 1.20922E-3 1.34075E-3 1.42764E-3 1.54822E-3 1.77332E-3 1.60448E-3 1.2111E-3 1.28051E-3 1.17611E-3 1.16168E-3 1.12084E-3 1.25382E-3 1.3288E-3 1.37396E-3 1.88537E-3
2.05431E-3 3.05276E-3 1.96834E-3 2.66601E-3 9.25875E-3 5.03918E-3 4.60498E-3 7.09713E-3 6.6579E-3 6.71878E-3 7.40181E-3 3.1618E-3 5.40015E-3 4.77216E-3 4.82129E-3 3.88936E-3 3.63274E-3 3.69132E-3 4.05526E-3 4.08274E-3 2.80803E-3 2.42642E-3 2.65891E-3 2.87236E-3 3.06147E-3 3.52626E-3 3.66686E-3 3.51696E-3 3.66355E-3 3.87596E-3 4.90119E-3 2.73169E-3 2.89883E-3 3.38635E-3 4.30315E-3 3.19117E-3 3.19866E-3 3.54856E-3 5.3124E-3 4.86309E-3 3.43602E-3 1.32176E-3 1.14845E-3 2.59076E-3 2.3112E-3 1.31076E-3 1.11041E-3 1.14137E-3 1.31845E-3 1.32341E-3 1.30228E-3 1.42446E-3 1.30518E-3 1.07269E-3 9.50653E-4 9.60622E-4 9.71395E-4 1.12701E-3 1.24276E-3 1.27409E-3 1.80188E-3
3.53328E-3 4.09353E-3 8.54192E-3 4.77624E-3 8.19633E-3 6.92133E-3 5.47362E-3 7.39043E-3 6.08114E-3 6.67419E-3 5.29557E-3 4.29541E-3 4.23675E-3 5.70882E-3 4.99427E-3 3.73905E-3 3.04214E-3 2.94167E-3 3.64537E-3 3.15263E-3 3.03382E-3 2.64507E-3 2.69209E-3 3.42806E-3 3.93204E-3 4.36267E-3 4.17461E-3 4.49411E-3 4.23481E-3 3.46194E-3 3.26586E-3 3.22317E-3 2.72179E-3 2.46243E-3 3.42194E-3 3.24916E-3 3.58223E-3 4.93116E-3 5.39608E-3 4.33185E-3 3.02139E-3 1.19E-3 1.05823E-3 1.40072E-3 2.40383E-3 9.69673E-4 1.03089E-3 1.12461E-3 1.24632E-3 1.13441E-3 9.87001E-4 9.08706E-4 8.40134E-4 7.60154E-4 7.95213E-4 1.00994E-3 9.88562E-4 9.64913E-4 1.14973E-3 1.14655E-3 1.31861E-3
8.29568E-3 1.57532E-3 1.98707E-3 6.41957E-3 7.41203E-3 8.00519E-3 5.84221E-3 3.05608E-3 4.99227E-3 6.49961E-3 4.50167E-3 4.63783E-3 3.82496E-3 5.87057E-3 4.69863E-3 4.38097E-3 3.92567E-3 2.72217E-3 2.72995E-3 3.92365E-3 3.98916E-3 2.75248E-3 2.29362E-3 3.0985E-3 3.15516E-3 3.21406E-3 3.51985E-3 3.3428E-3 3.87977E-3 3.39196E-3 2.77252E-3 3.09199E-3 2.51761E-3 2.72055E-3 3.27052E-3 3.97956E-3 3.98833E-3 5.48218E-3 5.87478E-3 4.16975E-3 1.62723E-3 1.19269E-3 1.02318E-3 1.19877E-3 2.38618E-3 1.20542E-3 7.48517E-4 9.74768E-4 1.09548E-3 9.73897E-4 8.53476E-4 7.60154E-4 8.16118E-4 9.85193E-4 1.01774E-3 1.16863E-3 1.00094E-3 1.049E-3 1.00733E-3 1.1124E-3 1.17689E-3
7.52338E-3 3.91134E-3 2.95895E-3 3.51723E-3 8.01087E-3 7.10584E-3 7.05731E-3 6.03935E-3 6.84293E-3 7.35049E-3 5.89348E-3 4.95662E-3 4.18671E-3 4.88645E-3 4.93942E-3 4.64474E-3 4.77281E-3 4.20171E-3 3.28404E-3 2.7032E-3 3.7626E-3 3.0503E-3 2.21627E-3 2.07322E-3 2.0086E-3 2.11148E-3 2.70647E-3 3.49205E-3 3.64454E-3 3.80676E-3 3.39656E-3 3.26277E-3 3.26108E-3 3.94351E-3 4.3254E-3 4.15515E-3 4.08494E-3 5.43703E-3 5.3479E-3 4.57377E-3 1.56721E-3 1.17819E-3 9.11901E-4 1.00306E-3 1.96421E-3 1.8039E-3 7.25548E-4 8.1416E-4 9.06668E-4 7.79202E-4 7.66088E-4 8.92036E-4 9.4475E-4 1.12368E-3 1.22712E-3 1.2537E-3 1.15559E-3 1.09885E-3 1.09525E-3 1.12335E-3 1.06442E-3
7.39017E-3 5.70456E-3 1.17476E-3 2.05494E-3 6.19372E-3 4.80796E-3 5.3467E-3 6.48063E-3 2.85018E-3 4.05312E-3 6.74464E-3 7.71138E-3 4.57197E-3 5.30248E-3 4.1803E-3 4.49102E-3 3.2407E-3 4.04983E-3 4.47153E-3 3.31281E-3 3.53675E-3 3.00967E-3 2.36507E-3 2.1849E-3 1.83763E-3 2.00797E-3 2.1582E-3 2.43277E-3 2.68203E-3 2.85949E-3 2.64869E-3 3.34885E-3 3.13526E-3 2.76621E-3 4.8434E-3 3.35066E-3 4.2783E-3 5.39664E-3 4.89284E-3 4.02237E-3 1.59094E-3 1.03379E-3 8.85387E-4 8.67753E-4 1.4131E-3 1.59541E-3 6.61574E-4 8.95677E-4 9.7612E-4 1.14571E-3 1.0514E-3 1.03733E-3 8.76342E-4 9.62866E-4 1.40258E-3 1.41739E-3 1.40257E-3 1.21674E-3 1.07947E-3 1.0577E-3 1.06785E-3
1.03463E-3 6.66294E-3 2.67596E-3 1.80684E-3 8.43024E-3 9.14208E-3 9.74495E-3 6.56293E-3 5.95845E-3 3.96943E-3 6.95156E-3 7.23522E-3 4.94198E-3 5.76529E-3 4.40388E-3 4.94404E-3 5.02169E-3 3.40835E-3 3.97392E-3 3.52728E-3 3.91729E-3 3.37167E-3 2.91498E-3 2.96893E-3 2.09467E-3 1.88908E-3 2.23167E-3 2.75988E-3 3.17589E-3 2.87552E-3 2.44525E-3 3.2227E-3 2.92094E-3 3.27242E-3 3.92735E-3 3.26169E-3 4.09608E-3 3.93769E-3 3.47816E-3 3.16031E-3 1.74302E-3 1.0889E-3 9.71705E-4 9.46421E-4 1.16159E-3 1.46955E-3 6.29045E-4 9.50454E-4 1.34826E-3 1.48517E-3 1.33389E-3 1.26658E-3 1.0637E-3 8.80204E-4 8.56651E-4 9.83305E-4 8.08339E-4 7.32654E-4 8.39318E-4 8.98261E-4 1.01448E-3
1.16159E-3 2.46054E-3 5.25141E-3 6.43121E-3 1.31129E-2 1.03374E-2 6.02134E-3 5.19043E-3 5.04877E-3 4.69861E-3 7.09125E-3 6.00473E-3 5.47301E-3 4.90966E-3 6.70027E-3 5.19085E-3 3.78833E-3 4.06418E-3 2.95621E-3 3.18024E-3 3.29887E-3 3.51388E-3 3.13605E-3 2.3574E-3 2.24359E-3 1.87931E-3 1.99968E-3 2.31606E-3 2.70697E-3 2.94133E-3 2.63868E-3 3.37594E-3 2.84799E-3 3.29305E-3 3.46313E-3 3.39919E-3 2.68146E-3 2.8706E-3 3.07156E-3 2.98921E-3 3.18335E-3 1.42144E-3 8.0443E-4 7.84002E-4 8.95215E-4 1.64583E-3 6.22415E-4 9.73897E-4 1.31604E-3 1.52233E-3 1.49468E-3 1.47465E-3 1.36517E-3 9.57925E-4 8.58011E-4 7.74478E-4 8.63213E-4 8.56219E-4 8.40792E-4 9.15179E-4 9.87726E-4
2.04276E-3 1.12753E-3 3.4525E-3 1.2143E-3 1.76181E-3 1.654E-3 5.66303E-3 4.35173E-3 3.83141E-3 2.95647E-3 4.89956E-3 5.78426E-3 5.00422E-3 6.28025E-3 7.98101E-3 5.64626E-3 4.05739E-3 2.9442E-3 2.58532E-3 2.75296E-3 3.08656E-3 3.88122E-3 2.82318E-3 2.36149E-3 2.60065E-3 2.52501E-3 2.3511E-3 2.37333E-3 2.84049E-3 2.45623E-3 2.80342E-3 2.57574E-3 2.45689E-3 2.50393E-3 3.0328E-3 3.09373E-3 1.87708E-3 2.75376E-3 2.01643E-3 1.90968E-3 1.8409E-3 1.4877E-3 8.64013E-4 7.89351E-4 7.56158E-4 1.09861E-3 8.2604E-4 9.42462E-4 1.32944E-3 1.29567E-3 1.51928E-3 1.47561E-3 1.6059E-3 1.3221E-3 8.95323E-4 8.89702E-4 8.25467E-4 7.96387E-4 9.54151E-4 1.25355E-3 8.83592E-4
4.26404E-3 9.89252E-4 3.20225E-3 1.33428E-3 1.10564E-3 1.6856E-3 5.54885E-3 5.63853E-3 4.1334E-3 6.16015E-3 3.42502E-3 5.89852E-3 4.47634E-3 5.22592E-3 4.44373E-3 5.48373E-3 5.48719E-3 4.95063E-3 3.21891E-3 3.48842E-3 2.83243E-3 3.80766E-3 3.42616E-3 2.68554E-3 2.64869E-3 3.25794E-3 2.82588E-3 2.5636E-3 2.45896E-3 2.42184E-3 2.21327E-3 2.18391E-3 2.09824E-3 2.29394E-3 2.41007E-3 2.85014E-3 1.70095E-3 2.52773E-3 2.34749E-3 1.14226E-3 9.26554E-4 8.85081E-4 7.72297E-4 7.93959E-4 8.50451E-4 8.4789E-4 8.2985E-4 8.63131E-4 1.32639E-3 1.13436E-3 1.28557E-3 1.30994E-3 1.34639E-3 1.67966E-3 1.22879E-3 8.90513E-4 8.1908E-4 8.2188E-4 9.17027E-4 8.20975E-4 8.76901E-4
3.94594E-3 1.38341E-3 1.77853E-3 1.60787E-3 7.25663E-4 2.47979E-3 3.63596E-3 4.59699E-3 5.05726E-3 1.97895E-3 1.98123E-3 5.90469E-3 3.56263E-3 2.41898E-3 4.45694E-3 5.39229E-3 4.4196E-3 5.13533E-3 4.00116E-3 4.32936E-3 3.92225E-3 3.43867E-3 3.40622E-3 2.87261E-3 2.54244E-3 3.29342E-3 3.22791E-3 3.32889E-3 3.12104E-3 2.82302E-3 3.06494E-3 3.06365E-3 2.58117E-3 3.1583E-3 4.31961E-3 2.85459E-3 1.96998E-3 2.07359E-3 3.45038E-3 2.13937E-3 1.75122E-3 2.58462E-3 1.11021E-3 8.02119E-4 9.5092E-4 7.78346E-4 9.27077E-4 7.8948E-4 1.18641E-3 1.15279E-3 1.17058E-3 1.25656E-3 1.0819E-3 1.77631E-3 1.67262E-3 9.89094E-4 9.77115E-4 8.6497E-4 8.30111E-4 8.62528E-4 1.03978E-3
4.97371E-3 1.78118E-3 2.25068E-3 2.55717E-3 9.14462E-4 2.6511E-3 1.59834E-3 5.35209E-3 2.27724E-3 2.02591E-3 1.52261E-3 3.86827E-3 4.11172E-3 1.76539E-3 3.23626E-3 4.11779E-3 3.26717E-3 2.90962E-3 3.43541E-3 3.0894E-3 3.75204E-3 3.74543E-3 3.27524E-3 2.95658E-3 2.42841E-3 2.94382E-3 2.96297E-3 3.07743E-3 2.85507E-3 3.08747E-3 3.18955E-3 3.1542E-3 3.1457E-3 2.23783E-3 3.65211E-3 3.13644E-3 1.81951E-3 2.37984E-3 3.70668E-3 2.57156E-3 1.13973E-3 1.42152E-3 1.33492E-3 9.72197E-4 1.05618E-3 9.22182E-4 7.52769E-4 8.54348E-4 1.37354E-3 1.25523E-3 1.05237E-3 1.64789E-3 1.64937E-3 1.41695E-3 1.21527E-3 1.97324E-3 2.65209E-3 1.69577E-3 1.44456E-3 1.84733E-3 1.36031E-3
6.08292E-3 2.80576E-3 1.67807E-3 2.72217E-3 1.45784E-3 1.58828E-3 1.32741E-3 5.21509E-3 3.14447E-3 2.9267E-3 1.65702E-3 3.40688E-3 3.89457E-3 2.52704E-3 1.67402E-3 2.03608E-3 2.48416E-3 2.95553E-3 2.79695E-3 2.3692E-3 4.2495E-3 4.12202E-3 3.55744E-3 3.48892E-3 2.97163E-3 2.86985E-3 3.10421E-3 2.88852E-3 2.74675E-3 3.44146E-3 3.47108E-3 3.53313E-3 3.18641E-3 2.83628E-3 2.89873E-3 3.18204E-3 1.79681E-3 2.71815E-3 3.15847E-3 3.31713E-3 1.78245E-3 1.02023E-3 9.56235E-4 9.81908E-4 1.37626E-3 9.31452E-4 8.64437E-4 1.12587E-3 9.83641E-4 7.32863E-4 7.74672E-4 1.19771E-3 1.14474E-3 1.24615E-3 9.45953E-4 1.20904E-3 2.71352E-3 2.69731E-3 2.04155E-3 1.89864E-3 2.45978E-3
4.82048E-3 2.72201E-3 2.00896E-3 2.37517E-3 2.17303E-3 8.96147E-4 1.45709E-3 2.0388E-3 5.79197E-3 5.36348E-3 3.22104E-3 5.51094E-3 4.82771E-3 2.69142E-3 3.50813E-3 4.30636E-3 3.83549E-3 3.88201E-3 3.89236E-3 2.78381E-3 2.83344E-3 4.3432E-3 4.10622E-3 4.72546E-3 2.94689E-3 2.98034E-3 3.38938E-3 3.20655E-3 2.82334E-3 3.1805E-3 3.59301E-3 2.45195E-3 2.8688E-3 3.97641E-3 3.08209E-3 2.03096E-3 1.54924E-3 2.10876E-3 3.15379E-3 2.10981E-3 1.30904E-3 1.8389E-3 9.98675E-4 9.12402E-4 8.94517E-4 8.19771E-4 1.03107E-3 1.2004E-3 1.34563E-3 1.58407E-3 7.62234E-4 1.09241E-3 1.36209E-3 1.35909E-3 1.045E-3 8.88779E-4 1.07919E-3 1.98736E-3 1.46925E-3 1.59516E-3 3.0068E-3
1.92929E-3 2.68032E-3 1.87326E-3 2.14226E-3 2.35435E-3 1.3765E-3 1.57462E-3 1.94957E-3 3.55247E-3 2.59179E-3 6.08669E-3 5.43682E-3 5.76526E-3 4.55648E-3 4.16063E-3 5.43048E-3 6.03047E-3 5.43265E-3 4.19593E-3 3.46815E-3 3.07987E-3 4.1157E-3 4.56188E-3 4.184E-3 4.05828E-3 3.03698E-3 2.8529E-3 2.91274E-3 2.50185E-3 2.76961E-3 3.14257E-3 2.5112E-3 2.68772E-3 4.83346E-3 4.04922E-3 3.55571E-3 2.00361E-3 2.01494E-3 3.1562E-3 2.32964E-3 1.00089E-3 1.0023E-3 6.69554E-4 7.76837E-4 1.00197E-3 1.30252E-3 1.32354E-3 1.32002E-3 1.27505E-3 1.66867E-3 1.26635E-3 1.1271E-3 1.24629E-3 1.18945E-3 1.07366E-3 8.38811E-4 8.88583E-4 1.11942E-3 1.33713E-3 1.60221E-3 2.20271E-3
7.93908E-4 2.27164E-3 1.69451E-3 1.91724E-3 2.19193E-3 1.76318E-3 7.87019E-4 1.22058E-3 1.46875E-3 1.66489E-3 1.24614E-3 5.73357E-3 5.22925E-3 4.68659E-3 5.24357E-3 4.18146E-3 5.04398E-3 3.79237E-3 5.66772E-3 3.72562E-3 2.87707E-3 3.06884E-3 2.95849E-3 3.81523E-3 3.88397E-3 3.91515E-3 3.71687E-3 4.0216E-3 3.41384E-3 2.15283E-3 2.91708E-3 3.14985E-3 3.31323E-3 5.40796E-3 3.05668E-3 3.2625E-3 2.09E-3 1.86798E-3 2.82621E-3 3.14387E-3 1.38388E-3 8.45353E-4 7.66703E-4 8.09521E-4 9.68507E-4 1.28644E-3 1.47208E-3 1.29686E-3 9.1208E-4 7.75767E-4 6.11649E-4 6.17555E-4 8.10085E-4 9.44412E-4 1.16406E-3 1.10835E-3 9.20767E-4 1.5628E-3 1.44863E-3 1.28654E-3 1.8862E-3
1.07871E-3 1.59016E-3 1.59198E-3 1.71345E-3 1.9849E-3 2.00124E-3 1.49195E-3 1.61805E-3 1.35336E-3 1.8162E-3 1.57654E-3 2.56415E-3 3.66321E-3 4.15243E-3 2.20526E-3 3.78066E-3 3.16571E-3 2.0056E-3 4.01992E-3 3.40854E-3 3.05663E-3 2.46422E-3 2.69601E-3 4.37149E-3 4.79997E-3 4.15972E-3 3.97378E-3 3.58103E-3 4.05287E-3 3.19667E-3 4.74087E-3 2.80094E-3 3.98748E-3 4.93491E-3 3.44972E-3 2.90282E-3 2.52129E-3 1.75093E-3 2.72981E-3 2.90272E-3 2.11637E-3 1.93293E-3 8.19611E-4 8.54533E-4 9.45695E-4 1.32576E-3 1.56181E-3 1.77318E-3 1.38206E-3 9.48079E-4 6.75648E-4 6.61715E-4 6.38705E-4 8.42628E-4 9.75354E-4 9.7918E-4 8.94613E-4 1.01271E-3 1.114E-3 1.06655E-3 1.10476E-3
2.83902E-3 2.33862E-3 1.828E-3 1.5467E-3 1.67807E-3 1.84865E-3 1.33859E-3 1.44827E-3 2.41305E-3 1.03973E-3 7.64331E-4 1.13482E-3 4.05404E-3 4.05766E-3 3.98369E-3 1.77376E-3 2.56843E-3 2.77347E-3 3.19384E-3 3.71099E-3 3.1232E-3 3.03832E-3 3.24167E-3 3.16263E-3 2.91958E-3 3.02951E-3 3.02704E-3 3.14681E-3 3.1546E-3 2.73742E-3 3.56409E-3 4.86515E-3 5.76202E-3 4.65028E-3 5.0045E-3 2.06859E-3 2.17612E-3 2.30183E-3 2.40421E-3 2.8016E-3 2.61598E-3 1.51152E-3 1.12582E-3 9.10009E-4 9.1343E-4 1.21068E-3 1.54753E-3 1.80714E-3 1.87545E-3 2.01039E-3 1.48478E-3 1.25388E-3 8.79387E-4 8.28822E-4 9.80166E-4 8.91713E-4 7.92004E-4 6.70998E-4 1.0102E-3 7.07183E-4 8.8183E-4
1.21024E-3 3.33825E-3 2.16506E-3 1.78097E-3 1.53636E-3 1.77935E-3 1.65037E-3 1.01815E-3 1.79519E-3 1.58871E-3 1.20127E-3 6.31582E-4 4.12539E-3 1.58773E-3 4.13786E-3 3.61616E-3 2.80464E-3 1.87175E-3 3.17916E-3 3.27797E-3 3.51503E-3 3.55235E-3 3.21252E-3 2.94189E-3 3.39082E-3 3.2809E-3 3.47247E-3 4.42039E-3 4.21821E-3 3.49176E-3 3.93876E-3 4.53679E-3 4.56871E-3 6.30914E-3 6.17445E-3 2.90863E-3 2.18017E-3 1.89668E-3 2.16315E-3 2.57118E-3 2.39865E-3 1.81822E-3 1.18966E-3 9.61785E-4 8.71373E-4 9.57154E-4 1.49441E-3 1.8489E-3 2.09173E-3 2.06729E-3 1.78977E-3 1.27671E-3 9.73258E-4 7.91371E-4 6.28038E-4 6.11213E-4 6.31554E-4 7.71565E-4 1.00603E-3 1.2986E-3 1.1014E-3
1.29149E-4 2.22503E-3 2.57534E-3 1.75616E-3 1.42137E-3 1.49991E-3 1.62737E-3 1.54865E-3 2.29133E-3 2.16279E-3 1.25834E-3 5.74689E-4 4.18399E-3 4.09972E-3 1.35135E-3 4.2534E-3 4.05599E-3 3.66312E-3 4.1554E-3 4.31464E-3 4.80477E-3 5.13747E-3 4.09552E-3 3.23391E-3 3.77567E-3 4.22429E-3 3.68868E-3 3.91576E-3 3.39202E-3 3.52225E-3 4.69864E-3 4.12949E-3 4.04754E-3 5.3301E-3 6.75154E-3 3.44666E-3 2.8105E-3 2.00491E-3 1.76512E-3 1.4565E-3 1.39801E-3 1.18425E-3 1.08464E-3 1.03525E-3 9.96958E-4 8.71103E-4 1.17108E-3 1.78744E-3 1.86138E-3 1.67653E-3 1.56257E-3 1.20235E-3 7.70769E-4 5.96973E-4 9.67189E-4 1.09185E-3 1.13261E-3 1.02131E-3 7.94042E-4 1.41117E-3 9.88503E-4
1.91627E-4 4.58158E-4 2.9945E-3 1.67916E-3 1.15835E-3 1.27132E-3 1.44894E-3 1.41521E-3 1.96862E-3 1.88152E-3 1.97241E-3 6.10899E-4 8.41662E-4 2.84044E-3 1.19398E-3 4.61593E-3 3.85044E-3 4.50306E-3 2.64497E-3 5.22499E-3 4.49641E-3 3.94168E-3 3.83361E-3 3.4497E-3 2.97762E-3 3.67991E-3 4.14322E-3 3.64002E-3 4.1944E-3 3.64051E-3 3.41883E-3 4.27153E-3 3.75367E-3 5.07098E-3 7.9299E-3 3.55194E-3 2.95022E-3 2.57752E-3 2.60546E-3 1.86102E-3 1.44166E-3 1.25945E-3 1.16566E-3 1.07876E-3 9.54594E-4 9.70063E-4 9.95213E-4 1.64575E-3 1.80726E-3 1.5746E-3 1.23478E-3 8.17119E-4 7.89778E-4 8.75729E-4 9.46896E-4 7.78976E-4 1.40985E-3 1.43096E-3 1.12391E-3 1.3761E-3 8.76356E-4
1.51621E-4 2.12086E-4 4.48381E-4 1.62945E-3 1.06473E-3 1.1283E-3 1.25311E-3 1.34599E-3 1.65023E-3 1.93194E-3 2.31286E-3 4.96616E-4 7.72381E-4 3.5378E-3 2.48059E-3 1.09005E-3 1.73256E-3 3.46375E-3 3.09938E-3 4.03338E-3 4.85202E-3 3.091E-3 3.56827E-3 2.59689E-3 2.46615E-3 2.40854E-3 3.33471E-3 3.54894E-3 3.40734E-3 3.40516E-3 3.15902E-3 4.93773E-3 3.51407E-3 5.11848E-3 7.67476E-3 3.83625E-3 3.20954E-3 2.69738E-3 2.44312E-3 1.97978E-3 1.71594E-3 1.40079E-3 1.28208E-3 1.23208E-3 1.16127E-3 1.0052E-3 9.38902E-4 1.25511E-3 1.20661E-3 1.06824E-3 7.12703E-4 9.05082E-4 1.38991E-3 1.55213E-3 1.55712E-3 1.29285E-3 1.34136E-3 1.51511E-3 1.17795E-3 1.49508E-3 1.49989E-3
1.74751E-4 9.4281E-5 1.97798E-4 1.20019E-3 8.36324E-4 8.79201E-4 1.045E-3 1.14414E-3 1.56008E-3 1.76981E-3 2.04017E-3 9.52841E-4 7.02265E-4 1.05277E-3 3.07582E-3 8.10997E-4 1.93966E-3 1.20944E-3 1.17072E-3 1.40421E-3 4.1344E-3 2.71524E-3 3.632E-3 3.10932E-3 3.07211E-3 2.55389E-3 2.66121E-3 3.59186E-3 3.80604E-3 3.564E-3 3.62275E-3 5.76142E-3 4.10129E-3 4.7525E-3 6.91135E-3 4.37701E-3 3.72785E-3 3.4175E-3 3.39593E-3 3.09699E-3 2.52662E-3 1.80976E-3 1.41029E-3 1.19202E-3 1.19049E-3 1.06636E-3 9.8732E-4 1.21488E-3 1.53842E-3 8.81543E-4 8.56265E-4 9.48421E-4 1.19647E-3 1.44803E-3 1.59916E-3 1.2733E-3 1.28824E-3 1.31536E-3 9.95366E-4 1.16538E-3 1.34933E-3
9.79831E-5 6.56489E-5 1.41363E-4 6.00398E-4 6.54826E-4 7.13852E-4 8.66486E-4 1.03794E-3 1.0387E-3 1.54206E-3 1.70139E-3 1.73332E-3 4.51488E-4 4.27579E-4 1.2067E-3 1.07114E-3 2.83967E-3 3.601E-3 3.31924E-3 1.66491E-3 4.35207E-3 3.30542E-3 3.56838E-3 3.05001E-3 3.21099E-3 2.90072E-3 2.71621E-3 3.03013E-3 3.00543E-3 3.33611E-3 4.04062E-3 3.75758E-3 4.25164E-3 3.6115E-3 5.46273E-3 5.06155E-3 4.04771E-3 3.73687E-3 3.6446E-3 2.95635E-3 2.34933E-3 2.22554E-3 1.74286E-3 1.50505E-3 1.32986E-3 1.24654E-3 9.67702E-4 1.01321E-3 1.56524E-3 1.996E-3 1.10144E-3 1.00962E-3 1.01332E-3 1.20975E-3 1.21011E-3 1.48764E-3 1.75936E-3 1.32557E-3 7.93699E-4 8.9155E-4 1.12806E-3
2.18328E-4 2.07833E-4 1.42156E-4 2.89739E-4 4.68933E-4 5.9859E-4 6.94357E-4 9.18547E-4 1.01268E-3 1.64589E-3 1.55397E-3 2.32465E-3 8.23286E-4 1.06733E-3 1.33823E-3 1.04073E-3 6.72021E-4 1.1662E-3 1.64411E-3 2.60028E-3 3.6932E-3 3.7544E-3 3.43721E-3 3.23359E-3 3.24846E-3 3.41548E-3 3.02756E-3 2.76753E-3 3.72159E-3 4.07687E-3 3.15559E-3 3.59533E-3 5.69996E-3 4.01207E-3 4.23517E-3 5.38496E-3 4.00268E-3 4.16137E-3 3.82907E-3 3.86046E-3 2.98565E-3 2.53417E-3 1.77446E-3 1.49148E-3 1.47226E-3 1.29663E-3 1.15394E-3 9.9247E-4 1.24328E-3 1.93281E-3 1.75492E-3 1.39546E-3 1.15163E-3 1.48553E-3 1.37656E-3 1.34724E-3 1.39373E-3 1.26834E-3 9.27462E-4 8.52283E-4 9.58603E-4
2.0045E-4 2.20484E-4 1.8853E-4 2.81141E-4 3.92488E-4 5.27225E-4 5.94466E-4 7.80771E-4 9.05227E-4 8.38448E-4 1.31282E-3 1.30789E-3 1.47226E-3 1.23072E-3 1.84388E-3 1.62929E-3 7.26433E-4 7.45772E-4 9.62266E-4 1.16457E-3 2.426E-3 4.49916E-3 3.69877E-3 3.6349E-3 3.10777E-3 3.59084E-3 3.81411E-3 2.98267E-3 2.53355E-3 3.1485E-3 3.11527E-3 4.20404E-3 3.83705E-3 4.5193E-3 3.50279E-3 4.47773E-3 3.59865E-3 3.22673E-3 3.31502E-3 2.84735E-3 2.40654E-3 1.90026E-3 1.51126E-3 1.39337E-3 1.56034E-3 1.28283E-3 1.24412E-3 1.16695E-3 1.05102E-3 1.75152E-3 2.45079E-3 1.27744E-3 9.21682E-4 1.29171E-3 1.23831E-3 1.56212E-3 1.88328E-3 1.87231E-3 1.24328E-3 9.14441E-4 9.39103E-4
1.99279E-4 1.9965E-4 1.87752E-4 2.8421E-4 3.48483E-4 4.49637E-4 5.13102E-4 6.0774E-4 7.62464E-4 8.73352E-4 2.02791E-3 1.71136E-3 1.2766E-3 6.83132E-4 3.55007E-3 4.47549E-3 2.48141E-3 9.23824E-4 2.08266E-3 9.30575E-4 3.40409E-3 3.0594E-3 3.82488E-3 3.83449E-3 3.20147E-3 2.7695E-3 3.22692E-3 3.1741E-3 2.71317E-3 3.484E-3 4.0997E-3 3.70162E-3 3.62573E-3 5.45047E-3 3.82421E-3 5.81191E-3 3.79295E-3 3.29963E-3 3.08887E-3 2.14426E-3 2.02937E-3 1.75768E-3 1.61782E-3 1.33875E-3 1.44663E-3 1.31535E-3 1.28693E-3 1.17738E-3 1.02589E-3 1.79023E-3 2.13164E-3 1.11887E-3 7.21759E-4 8.37255E-4 1.22766E-3 1.54706E-3 1.85126E-3 1.71816E-3 1.20312E-3 1.02421E-3 1.00233E-3
