Artocarpus hirsutus SDM files/MIS19/results (without bias file)/Arthir_2.asc
ncols         625
nrows         721
xllcorner     69.99986311115
yllcorner     5.99986187915
cellsize      0.041666667
NODATA_value  -9999
[rows 189 to 215 of 721, columns 122 to 182 of 625]
4.37659E-6 4.53604E-6 4.42665E-6 5.11127E-6 5.59308E-6 6.75904E-6 7.74518E-6 7.91217E-6 7.96935E-6 1.01567E-5 9.31923E-6 8.73724E-6 8.76831E-6 9.93504E-6 1.07496E-5 1.09429E-5 1.16638E-5 1.29357E-5 1.21283E-5 1.26569E-5 1.19073E-5 1.32546E-5 1.33529E-5 1.38854E-5 1.46945E-5 1.52263E-5 1.69464E-5 1.57197E-5 1.50132E-5 1.89946E-5 2.13078E-5 1.50754E-5 1.39743E-5 2.08333E-5 1.48948E-5 1.64628E-5 1.81945E-5 1.91864E-5 1.91864E-5 1.83839E-5 2.0671E-5 2.25935E-5 2.56977E-5 3.30244E-5 2.706E-5 2.21622E-5 1.5204E-5 1.93074E-5 1.95821E-5 2.39802E-5 2.60876E-5 2.59929E-5 2.51712E-5 2.63416E-5 2.85812E-5 2.90901E-5 3.06565E-5 2.90605E-5 3.16419E-5 3.77507E-5 4.42927E-5
4.23383E-6 4.70026E-6 4.76813E-6 5.06634E-6 5.37263E-6 6.20096E-6 7.26012E-6 7.73905E-6 8.37703E-6 8.99516E-6 9.58779E-6 8.95776E-6 1.01497E-5 1.16638E-5 1.35682E-5 1.40055E-5 1.38071E-5 1.42048E-5 1.486E-5 1.51789E-5 1.30377E-5 1.47008E-5 1.52879E-5 1.5617E-5 1.60669E-5 1.66483E-5 1.64171E-5 1.61266E-5 1.62415E-5 2.37976E-5 2.23923E-5 1.56646E-5 2.30976E-5 1.82458E-5 1.5722E-5 1.65214E-5 1.84547E-5 1.86523E-5 1.953E-5 1.86468E-5 2.08923E-5 2.36538E-5 2.82743E-5 2.87484E-5 3.41193E-5 1.60953E-5 1.63911E-5 1.93058E-5 2.41528E-5 2.38103E-5 2.33878E-5 2.22343E-5 2.20749E-5 2.48091E-5 2.46294E-5 2.56313E-5 2.63667E-5 2.70788E-5 3.09716E-5 4.05933E-5 4.32685E-5
4.10939E-6 4.5793E-6 4.72887E-6 5.30654E-6 6.14608E-6 6.74904E-6 7.75859E-6 7.57597E-6 7.87861E-6 9.22159E-6 9.79498E-6 1.12972E-5 1.27572E-5 1.50819E-5 1.79964E-5 1.84949E-5 2.27227E-5 1.31954E-5 1.61089E-5 1.57108E-5 1.41026E-5 1.38996E-5 1.96781E-5 1.70881E-5 1.61813E-5 1.68265E-5 1.89942E-5 2.29443E-5 2.14418E-5 1.73268E-5 1.70011E-5 2.51872E-5 1.81852E-5 1.5219E-5 1.61759E-5 1.86521E-5 1.92601E-5 2.00225E-5 2.21948E-5 2.14194E-5 2.34866E-5 2.38223E-5 2.71899E-5 2.89532E-5 3.42024E-5 1.49891E-5 1.76057E-5 2.04393E-5 2.19374E-5 2.16262E-5 2.33045E-5 2.13916E-5 2.0715E-5 2.07129E-5 2.15266E-5 2.39338E-5 2.4794E-5 2.68558E-5 2.96427E-5 3.3778E-5 4.04147E-5
4.19843E-6 4.33559E-6 4.7971E-6 5.36335E-6 5.8203E-6 6.5766E-6 7.29846E-6 7.50792E-6 8.19325E-6 9.45182E-6 1.04858E-5 1.15413E-5 1.40945E-5 1.6761E-5 1.93461E-5 2.19933E-5 2.07985E-5 1.37102E-5 1.5673E-5 1.42165E-5 1.37353E-5 1.76441E-5 1.7462E-5 1.70363E-5 1.57876E-5 1.80122E-5 2.48399E-5 3.00156E-5 2.06415E-5 1.58905E-5 1.82618E-5 2.75935E-5 1.64071E-5 1.82591E-5 2.05377E-5 2.19669E-5 2.22021E-5 2.25196E-5 2.17333E-5 2.17271E-5 2.29998E-5 2.62234E-5 2.8577E-5 2.98931E-5 2.608E-5 1.40136E-5 1.89761E-5 2.05134E-5 2.20255E-5 2.33045E-5 2.26479E-5 2.11645E-5 2.10127E-5 2.04202E-5 2.00574E-5 2.49036E-5 2.88366E-5 2.68948E-5 2.80192E-5 3.18837E-5 3.94757E-5
4.2064E-6 4.4059E-6 5.10421E-6 5.37513E-6 6.24815E-6 6.91048E-6 7.111E-6 8.72271E-6 9.20224E-6 1.04858E-5 1.09403E-5 1.11776E-5 1.32607E-5 1.59837E-5 1.64549E-5 2.02569E-5 3.06554E-5 1.46705E-5 1.40512E-5 1.32171E-5 1.40069E-5 1.82687E-5 2.10561E-5 2.46877E-5 1.57309E-5 1.85311E-5 2.48356E-5 2.95847E-5 1.52295E-5 2.22143E-5 2.55214E-5 2.58267E-5 1.85871E-5 2.13576E-5 2.13566E-5 2.42686E-5 2.25997E-5 2.25212E-5 2.32543E-5 2.35815E-5 2.67894E-5 2.69803E-5 2.92977E-5 3.46499E-5 2.30591E-5 1.60569E-5 1.89761E-5 2.29776E-5 2.64742E-5 2.29739E-5 2.23384E-5 2.00721E-5 1.97149E-5 2.14752E-5 2.38807E-5 2.30163E-5 2.51146E-5 2.55612E-5 2.73282E-5 3.09222E-5 3.71325E-5
4.43566E-6 4.64604E-6 5.21435E-6 5.40365E-6 6.43959E-6 7.13555E-6 7.18661E-6 8.26276E-6 9.13649E-6 1.12138E-5 1.33287E-5 1.30323E-5 1.12739E-5 1.28226E-5 1.6342E-5 2.2589E-5 2.4558E-5 1.25781E-5 1.48504E-5 1.527E-5 1.61305E-5 2.51188E-5 2.187E-5 1.89271E-5 1.8417E-5 2.12338E-5 2.72429E-5 1.94311E-5 1.92662E-5 2.62576E-5 2.89348E-5 3.11751E-5 2.04649E-5 2.55277E-5 2.78982E-5 2.45296E-5 2.41826E-5 2.54166E-5 2.74762E-5 2.60487E-5 2.72691E-5 2.79568E-5 3.08732E-5 3.32539E-5 2.24261E-5 1.74288E-5 2.38071E-5 2.4495E-5 2.42342E-5 2.29734E-5 2.29712E-5 2.19422E-5 2.20179E-5 2.1321E-5 2.1018E-5 2.25106E-5 2.51164E-5 2.52922E-5 2.42345E-5 3.21534E-5 3.77974E-5
4.54754E-6 4.64604E-6 5.2515E-6 6.17015E-6 6.6023E-6 6.64954E-6 7.66244E-6 8.47083E-6 1.08543E-5 1.21138E-5 1.34627E-5 1.27114E-5 1.32196E-5 1.0372E-5 1.68123E-5 1.69851E-5 1.38998E-5 1.24092E-5 1.43758E-5 1.81357E-5 2.05388E-5 3.54907E-5 1.9401E-5 1.90853E-5 2.04198E-5 2.83196E-5 3.83032E-5 2.19201E-5 2.26061E-5 2.65387E-5 2.81905E-5 2.06145E-5 2.75042E-5 3.18055E-5 3.59941E-5 3.12443E-5 2.60569E-5 2.80709E-5 2.939E-5 2.88715E-5 2.86657E-5 2.62324E-5 3.17641E-5 4.27925E-5 2.59407E-5 1.91177E-5 2.23392E-5 2.74415E-5 2.58322E-5 2.29734E-5 2.48831E-5 2.4969E-5 2.17067E-5 2.13225E-5 2.10927E-5 2.1316E-5 2.43892E-5 2.54724E-5 2.62975E-5 2.85194E-5 2.93409E-5
4.36675E-6 4.86634E-6 5.55774E-6 6.14785E-6 6.63355E-6 7.22418E-6 7.45941E-6 8.7259E-6 1.05694E-5 1.27948E-5 1.22203E-5 1.38889E-5 1.49962E-5 1.19564E-5 1.10454E-5 1.3187E-5 1.63079E-5 1.40073E-5 1.74217E-5 2.47217E-5 2.8462E-5 2.02812E-5 2.34753E-5 2.00308E-5 2.40386E-5 2.24548E-5 3.046E-5 2.02727E-5 2.32857E-5 2.86958E-5 2.93146E-5 2.87978E-5 3.54992E-5 3.81012E-5 4.87847E-5 3.38209E-5 2.97266E-5 4.0872E-5 4.04391E-5 4.46414E-5 3.95937E-5 2.49594E-5 2.90699E-5 4.35732E-5 2.91928E-5 1.85148E-5 2.44145E-5 3.09643E-5 2.54844E-5 2.43328E-5 2.43303E-5 2.39849E-5 2.0957E-5 2.07327E-5 2.13959E-5 2.14694E-5 2.38724E-5 2.66349E-5 2.78928E-5 2.91333E-5 3.10039E-5
4.71274E-6 5.18683E-6 5.7793E-6 6.10452E-6 6.4926E-6 7.24678E-6 7.93871E-6 8.42543E-6 1.04654E-5 1.29107E-5 1.54632E-5 1.90848E-5 2.26847E-5 1.26688E-5 1.33303E-5 1.31368E-5 1.7324E-5 1.74641E-5 2.85542E-5 4.07148E-5 3.45095E-5 2.48542E-5 1.60506E-5 1.92039E-5 2.72768E-5 2.23196E-5 2.10144E-5 2.16957E-5 2.71176E-5 3.10249E-5 3.1246E-5 3.57532E-5 4.0217E-5 3.81462E-5 4.24336E-5 3.07047E-5 3.4862E-5 4.26507E-5 4.57646E-5 5.01687E-5 3.32892E-5 2.52266E-5 2.42593E-5 4.33229E-5 2.3574E-5 2.11889E-5 3.56991E-5 2.84544E-5 2.21924E-5 2.43321E-5 2.45926E-5 2.44161E-5 2.29902E-5 2.08804E-5 2.07303E-5 2.14694E-5 2.3959E-5 2.70191E-5 2.78928E-5 3.2468E-5 3.0894E-5
4.70445E-6 5.29874E-6 5.53019E-6 6.86195E-6 7.58081E-6 7.54627E-6 8.92592E-6 7.64472E-6 8.9587E-6 1.24198E-5 1.67258E-5 2.05075E-5 1.50645E-5 1.20321E-5 1.24225E-5 1.48276E-5 2.00878E-5 2.36433E-5 2.50714E-5 1.92581E-5 1.41293E-5 1.42304E-5 1.87983E-5 2.33416E-5 2.19024E-5 2.25585E-5 2.37089E-5 2.42192E-5 2.98447E-5 4.3438E-5 2.96325E-5 4.13766E-5 4.31298E-5 4.40834E-5 4.30229E-5 3.18039E-5 4.59303E-5 4.60922E-5 5.82246E-5 6.15377E-5 2.41818E-5 3.31755E-5 2.54082E-5 5.56143E-5 2.09754E-5 2.66112E-5 3.79285E-5 2.15008E-5 2.30807E-5 2.35776E-5 2.468E-5 2.44161E-5 2.30736E-5 2.25025E-5 2.27418E-5 2.42184E-5 2.4652E-5 2.77008E-5 2.79974E-5 3.22464E-5 3.51481E-5
4.75448E-6 5.08765E-6 5.66955E-6 7.29961E-6 7.93154E-6 8.63807E-6 8.63477E-6 7.69615E-6 8.60065E-6 1.09583E-5 1.04576E-5 9.62982E-6 1.19288E-5 1.16651E-5 1.27645E-5 1.70139E-5 1.98046E-5 2.22437E-5 2.9041E-5 2.47186E-5 1.591E-5 2.70691E-5 3.39288E-5 2.58254E-5 2.03251E-5 2.41292E-5 2.56322E-5 2.57234E-5 3.21943E-5 3.33477E-5 3.33498E-5 4.74449E-5 4.3878E-5 5.23105E-5 4.69035E-5 4.43962E-5 4.13911E-5 5.75977E-5 6.46631E-5 3.7719E-5 3.41346E-5 3.86491E-5 2.4349E-5 4.53278E-5 2.34283E-5 3.16654E-5 3.50942E-5 2.12103E-5 2.55007E-5 2.49586E-5 2.6406E-5 2.61211E-5 2.60258E-5 2.30712E-5 2.28242E-5 2.48323E-5 2.63703E-5 2.77008E-5 2.93543E-5 3.03071E-5 3.26333E-5
5.24199E-6 5.27208E-6 6.07418E-6 7.03933E-6 7.87766E-6 9.13185E-6 1.08605E-5 1.34992E-5 1.04054E-5 9.44312E-6 1.1085E-5 9.49196E-6 8.9735E-6 1.23256E-5 1.64242E-5 2.30006E-5 2.38881E-5 2.61159E-5 3.60754E-5 2.32343E-5 1.70373E-5 2.16974E-5 1.70195E-5 1.76765E-5 2.10596E-5 2.41879E-5 3.11717E-5 2.76095E-5 3.44324E-5 3.77059E-5 4.4984E-5 4.50935E-5 4.383E-5 6.29227E-5 5.81697E-5 3.1736E-5 2.6928E-5 4.44062E-5 2.95266E-5 2.32618E-5 3.79935E-5 2.84925E-5 2.51499E-5 2.9414E-5 2.57903E-5 3.57318E-5 2.73921E-5 2.55007E-5 2.75694E-5 3.10883E-5 3.9827E-5 2.92635E-5 2.57473E-5 2.33181E-5 2.29869E-5 2.25326E-5 2.66017E-5 2.60331E-5 3.00964E-5 3.00928E-5 3.29866E-5
5.24224E-6 5.68971E-6 6.11061E-6 7.17445E-6 8.23208E-6 9.0146E-6 1.24027E-5 1.19411E-5 9.1405E-6 8.62899E-6 1.03536E-5 9.55327E-6 1.17262E-5 1.50842E-5 1.97476E-5 2.44653E-5 2.46127E-5 2.38588E-5 2.05138E-5 1.67444E-5 1.96672E-5 1.65835E-5 1.64047E-5 1.91358E-5 2.0619E-5 2.9499E-5 3.18071E-5 2.73159E-5 3.50107E-5 4.04266E-5 4.65582E-5 4.88428E-5 4.76235E-5 5.18191E-5 6.42606E-5 3.18034E-5 3.05998E-5 3.22784E-5 2.69165E-5 3.26246E-5 4.45652E-5 2.52467E-5 3.15834E-5 3.09161E-5 3.02627E-5 4.17672E-5 2.83794E-5 2.86723E-5 2.86723E-5 2.86677E-5 2.74711E-5 2.39126E-5 2.14954E-5 2.49464E-5 2.79081E-5 2.30203E-5 2.67912E-5 2.67912E-5 3.04243E-5 3.05267E-5 3.29866E-5
5.07645E-6 5.58354E-6 5.19744E-6 6.65958E-6 7.15442E-6 8.322E-6 7.63765E-6 9.66272E-6 6.98689E-6 1.20084E-5 9.69818E-6 1.10951E-5 1.551E-5 1.63853E-5 1.67658E-5 2.33605E-5 2.06526E-5 2.36619E-5 1.32114E-5 1.38012E-5 1.59294E-5 1.65627E-5 2.05667E-5 1.8402E-5 2.03283E-5 2.45384E-5 2.89038E-5 3.27109E-5 3.57498E-5 4.41311E-5 5.98455E-5 5.82066E-5 5.80826E-5 3.43554E-5 5.12216E-5 4.59683E-5 5.62747E-5 3.14856E-5 3.75858E-5 4.53556E-5 5.54821E-5 3.26123E-5 3.61397E-5 3.13622E-5 3.15857E-5 4.66988E-5 2.8377E-5 2.94985E-5 2.84098E-5 2.81064E-5 3.3265E-5 2.15072E-5 2.62257E-5 2.66243E-5 2.36506E-5 2.31021E-5 2.63353E-5 2.71743E-5 3.08628E-5 3.11932E-5 3.33474E-5
6.06738E-6 6.40074E-6 6.82447E-6 5.57955E-6 5.24882E-6 6.11052E-6 6.8479E-6 7.76798E-6 8.92267E-6 1.09322E-5 1.12687E-5 1.25033E-5 1.66711E-5 1.94593E-5 1.86726E-5 1.7525E-5 2.29048E-5 2.01747E-5 1.43517E-5 1.43354E-5 1.49771E-5 2.98776E-5 3.09072E-5 1.84634E-5 2.1974E-5 3.36177E-5 3.81715E-5 3.53398E-5 3.20216E-5 3.71336E-5 3.91989E-5 4.62125E-5 5.52776E-5 3.60654E-5 4.23822E-5 6.31886E-5 3.52589E-5 3.40353E-5 4.33101E-5 4.21086E-5 3.57844E-5 3.36726E-5 3.39149E-5 3.44404E-5 3.1746E-5 3.16989E-5 2.87922E-5 2.97519E-5 2.86122E-5 3.07202E-5 3.18198E-5 2.50881E-5 2.37451E-5 2.13414E-5 2.39915E-5 2.589E-5 2.83223E-5 2.8222E-5 2.67148E-5 3.16926E-5 3.22094E-5
6.08418E-6 7.18314E-6 6.80158E-6 5.39064E-6 5.10544E-6 7.01432E-6 8.57161E-6 9.27795E-6 1.0503E-5 1.13632E-5 1.10383E-5 1.29E-5 1.54203E-5 1.73902E-5 2.08986E-5 1.95402E-5 2.02246E-5 1.84998E-5 1.59664E-5 1.82244E-5 2.13885E-5 3.24039E-5 2.37237E-5 1.89035E-5 2.54969E-5 3.75804E-5 4.15541E-5 5.56964E-5 3.69744E-5 3.10123E-5 3.75312E-5 3.61156E-5 6.98931E-5 4.55567E-5 3.75855E-5 4.0037E-5 3.06033E-5 3.57707E-5 4.20993E-5 4.05E-5 3.95036E-5 4.38392E-5 3.7361E-5 3.33671E-5 3.25447E-5 3.30754E-5 2.94141E-5 2.79291E-5 2.69507E-5 2.45804E-5 3.0951E-5 2.35789E-5 2.06054E-5 2.29074E-5 2.46852E-5 2.5842E-5 2.79425E-5 2.87325E-5 2.87325E-5 3.05588E-5 3.32164E-5
5.50425E-6 6.21115E-6 7.01065E-6 4.77233E-6 6.04762E-6 8.4705E-6 7.51323E-6 7.76819E-6 8.85868E-6 9.89893E-6 1.02764E-5 1.29652E-5 1.53112E-5 1.61439E-5 1.79356E-5 2.05116E-5 2.14075E-5 1.55033E-5 1.83846E-5 1.93432E-5 1.60631E-5 1.79958E-5 2.70636E-5 2.00109E-5 2.61396E-5 3.40613E-5 3.54865E-5 3.49202E-5 4.25862E-5 2.47257E-5 5.67426E-5 3.53913E-5 4.3612E-5 3.86765E-5 5.06879E-5 2.64429E-5 3.3686E-5 4.12252E-5 4.42468E-5 4.71482E-5 4.49251E-5 4.14204E-5 3.95479E-5 3.39646E-5 3.3484E-5 3.25431E-5 2.91488E-5 2.87357E-5 2.45804E-5 2.4146E-5 2.37612E-5 2.17368E-5 2.51342E-5 2.57666E-5 2.51317E-5 2.64011E-5 2.84459E-5 2.51299E-5 2.84459E-5 2.80419E-5 2.93542E-5
6.02513E-6 6.44467E-6 7.01636E-6 4.90074E-6 6.88159E-6 7.52933E-6 6.74343E-6 8.34083E-6 1.08421E-5 1.06394E-5 1.14832E-5 1.39932E-5 1.60226E-5 1.46587E-5 1.2003E-5 1.45875E-5 1.93993E-5 2.47647E-5 2.32084E-5 1.58177E-5 1.50472E-5 1.60437E-5 1.74733E-5 2.88345E-5 3.6608E-5 4.68175E-5 2.72992E-5 3.5095E-5 2.52678E-5 3.15467E-5 5.93105E-5 3.72442E-5 3.52659E-5 4.14695E-5 3.06047E-5 3.09368E-5 3.881E-5 4.71482E-5 4.81643E-5 4.79936E-5 4.80634E-5 4.18594E-5 3.49463E-5 3.45728E-5 3.38429E-5 3.08584E-5 2.97783E-5 2.92524E-5 2.74475E-5 2.49337E-5 2.48432E-5 2.5599E-5 2.70872E-5 2.67028E-5 2.55843E-5 2.70165E-5 2.60424E-5 2.73689E-5 2.87533E-5 2.83451E-5 2.88556E-5
5.96131E-6 7.21817E-6 6.4447E-6 6.94589E-6 8.32035E-6 6.00263E-6 7.962E-6 9.99181E-6 1.09193E-5 1.09466E-5 1.22137E-5 1.34119E-5 1.13561E-5 1.09205E-5 1.29946E-5 1.42973E-5 1.8927E-5 2.12592E-5 2.11512E-5 1.61735E-5 1.65627E-5 1.70426E-5 2.59041E-5 3.92693E-5 3.29353E-5 2.78233E-5 4.15713E-5 2.95566E-5 2.64163E-5 3.02372E-5 3.63925E-5 2.71554E-5 7.90841E-5 6.92086E-5 5.03744E-5 3.5758E-5 4.3759E-5 4.71482E-5 5.22643E-5 5.43415E-5 5.77005E-5 3.41658E-5 3.06575E-5 3.15405E-5 3.12049E-5 2.958E-5 3.03613E-5 2.85447E-5 2.80405E-5 2.54725E-5 2.6623E-5 2.62454E-5 2.68956E-5 2.68956E-5 2.68956E-5 2.4966E-5 2.64174E-5 2.61376E-5 2.59527E-5 2.9378E-5 3.17613E-5
5.78625E-6 6.02513E-6 7.0651E-6 7.9612E-6 7.06108E-6 6.39807E-6 7.94235E-6 9.82682E-6 1.00391E-5 1.30352E-5 1.25934E-5 1.01982E-5 1.05145E-5 1.1917E-5 1.39771E-5 1.62141E-5 1.72047E-5 1.85877E-5 1.79581E-5 1.99223E-5 2.00883E-5 1.85595E-5 3.37307E-5 3.20642E-5 2.31555E-5 2.9268E-5 4.13945E-5 2.9873E-5 2.9133E-5 3.92165E-5 6.09533E-5 4.40068E-5 7.10939E-5 4.46679E-5 4.39671E-5 3.66436E-5 4.28355E-5 4.85074E-5 5.51232E-5 4.87715E-5 3.73383E-5 3.34483E-5 3.29117E-5 3.56306E-5 3.25622E-5 3.01155E-5 2.96873E-5 2.9371E-5 3.02635E-5 2.99406E-5 2.97265E-5 2.69081E-5 3.00311E-5 2.75767E-5 2.63387E-5 2.62454E-5 2.70872E-5 2.68956E-5 2.83654E-5 2.99561E-5 3.01199E-5
4.91193E-6 4.94387E-6 5.81769E-6 6.4356E-6 6.78878E-6 7.36933E-6 1.0014E-5 1.13944E-5 1.09204E-5 1.11658E-5 1.12462E-5 9.99485E-6 1.12001E-5 1.25248E-5 1.35973E-5 1.52194E-5 1.69203E-5 1.91452E-5 2.16796E-5 1.91637E-5 1.78912E-5 1.93473E-5 2.18819E-5 2.51276E-5 2.35104E-5 3.97225E-5 2.62854E-5 3.63847E-5 2.26062E-5 4.69954E-5 4.08561E-5 5.39943E-5 5.02514E-5 4.29164E-5 5.74991E-5 4.05837E-5 4.17828E-5 5.45042E-5 5.39562E-5 4.80828E-5 4.09405E-5 3.65456E-5 4.23801E-5 4.15873E-5 3.17596E-5 3.35376E-5 3.16888E-5 3.17495E-5 3.10271E-5 3.06962E-5 2.79841E-5 2.79841E-5 2.74896E-5 2.8273E-5 2.70057E-5 2.68146E-5 2.65264E-5 2.7477E-5 2.95002E-5 2.91878E-5 3.06037E-5
7.57694E-6 5.61153E-6 5.44447E-6 6.36861E-6 7.64523E-6 8.99288E-6 9.73402E-6 9.76864E-6 8.2814E-6 9.53779E-6 1.04539E-5 1.05173E-5 1.14954E-5 1.28095E-5 1.33532E-5 1.59968E-5 1.87628E-5 2.29747E-5 2.16834E-5 1.95802E-5 1.74088E-5 1.52814E-5 1.74673E-5 1.93414E-5 2.56749E-5 3.06195E-5 2.2598E-5 3.24459E-5 2.56839E-5 3.96809E-5 3.90659E-5 2.57488E-5 2.66708E-5 3.35553E-5 5.39512E-5 3.48708E-5 4.50162E-5 5.50838E-5 4.21083E-5 3.59111E-5 3.5153E-5 3.97849E-5 4.31839E-5 3.12649E-5 3.08139E-5 3.22581E-5 3.27194E-5 3.10913E-5 3.076E-5 2.77459E-5 2.72559E-5 2.84875E-5 2.81855E-5 2.94036E-5 2.7887E-5 2.72004E-5 2.691E-5 2.8073E-5 3.02451E-5 3.06802E-5 3.4234E-5
5.70976E-6 5.56271E-6 5.44211E-6 7.37765E-6 8.03685E-6 9.03206E-6 9.50104E-6 8.25908E-6 9.92153E-6 1.03181E-5 1.03916E-5 1.2233E-5 1.30535E-5 1.48657E-5 1.62869E-5 1.89117E-5 2.34393E-5 3.25954E-5 1.57831E-5 1.87626E-5 1.78678E-5 1.8017E-5 1.71421E-5 2.10417E-5 2.24855E-5 3.24225E-5 2.59162E-5 2.73278E-5 2.73537E-5 3.77987E-5 4.27288E-5 2.12157E-5 2.43687E-5 4.19344E-5 4.24562E-5 5.57287E-5 5.20974E-5 5.94421E-5 3.70641E-5 4.54287E-5 4.63483E-5 4.56935E-5 4.17377E-5 3.09359E-5 3.18159E-5 3.31891E-5 3.37834E-5 3.15377E-5 2.88545E-5 2.84459E-5 2.8043E-5 3.011E-5 2.95782E-5 2.89528E-5 3.08076E-5 2.85908E-5 3.09148E-5 3.11727E-5 3.12835E-5 3.13947E-5 3.27988E-5
6.54465E-6 5.12615E-6 5.89162E-6 6.77481E-6 7.86955E-6 8.51096E-6 8.27198E-6 9.0086E-6 1.00317E-5 1.02323E-5 1.02699E-5 1.10798E-5 1.24785E-5 1.49366E-5 1.64632E-5 1.82455E-5 2.04045E-5 1.51491E-5 1.55168E-5 2.34109E-5 2.58048E-5 1.87336E-5 1.70399E-5 2.82587E-5 2.29953E-5 3.47693E-5 2.59193E-5 2.18256E-5 4.53993E-5 3.04691E-5 3.2209E-5 2.05516E-5 4.32338E-5 3.217E-5 3.70727E-5 3.22728E-5 3.30819E-5 5.79456E-5 3.03681E-5 3.49074E-5 2.83958E-5 3.74736E-5 3.64264E-5 3.17159E-5 3.52013E-5 3.27454E-5 3.0774E-5 3.17624E-5 2.94775E-5 2.90622E-5 2.91655E-5 2.87525E-5 3.09794E-5 3.1635E-5 3.22671E-5 2.93124E-5 2.90019E-5 2.88991E-5 3.28308E-5 3.25986E-5 3.25986E-5
7.4005E-6 4.75479E-6 5.6826E-6 6.68181E-6 7.31917E-6 7.81514E-6 8.70286E-6 9.95261E-6 1.26094E-5 1.14567E-5 1.22143E-5 1.32977E-5 1.44312E-5 1.52588E-5 1.65402E-5 1.73984E-5 1.71339E-5 1.61476E-5 2.24589E-5 2.00473E-5 2.33398E-5 2.60817E-5 3.01332E-5 2.10644E-5 2.04246E-5 2.33235E-5 2.16947E-5 2.03218E-5 4.09131E-5 3.90694E-5 2.86109E-5 2.99615E-5 4.25756E-5 2.40303E-5 2.43756E-5 2.43765E-5 3.45206E-5 4.31886E-5 2.78954E-5 2.93213E-5 2.84999E-5 3.17022E-5 2.81958E-5 3.19502E-5 3.60431E-5 4.13946E-5 2.9649E-5 3.24497E-5 2.96914E-5 3.00092E-5 3.10827E-5 3.11933E-5 2.99584E-5 2.96391E-5 3.03759E-5 3.03759E-5 3.02683E-5 3.03759E-5 3.4022E-5 3.42644E-5 3.45085E-5
5.65413E-6 6.09404E-6 6.40654E-6 8.2549E-6 9.02346E-6 9.55173E-6 9.79284E-6 1.02562E-5 1.07244E-5 1.13298E-5 1.27015E-5 1.39101E-5 1.50065E-5 1.69557E-5 1.50194E-5 1.66319E-5 1.81848E-5 2.07222E-5 2.33012E-5 2.3635E-5 2.67792E-5 1.7903E-5 2.56079E-5 2.3517E-5 2.83904E-5 1.86682E-5 2.37663E-5 1.92689E-5 3.01082E-5 1.88008E-5 1.69576E-5 3.06085E-5 4.7868E-5 4.45781E-5 3.12672E-5 2.51696E-5 2.76964E-5 2.88062E-5 3.07084E-5 3.11475E-5 3.17052E-5 3.25029E-5 3.0706E-5 2.78991E-5 3.2755E-5 3.25196E-5 2.8216E-5 2.99702E-5 3.13804E-5 3.09346E-5 3.0825E-5 3.0714E-5 3.08232E-5 3.06032E-5 3.01718E-5 3.15896E-5 3.10341E-5 3.10319E-5 3.33168E-5 3.51288E-5 3.85242E-5
5.27274E-6 6.56771E-6 7.07841E-6 7.76521E-6 9.12006E-6 9.48484E-6 1.01164E-5 1.004E-5 1.12488E-5 1.2884E-5 1.32342E-5 1.4059E-5 1.60924E-5 1.46145E-5 1.59729E-5 1.85971E-5 2.29948E-5 2.55556E-5 3.369E-5 1.71421E-5 1.59661E-5 2.18171E-5 2.7237E-5 2.6852E-5 2.52784E-5 1.90075E-5 1.92776E-5 1.92724E-5 2.29316E-5 2.00466E-5 2.15246E-5 3.02918E-5 2.91285E-5 2.23809E-5 2.59866E-5 2.78016E-5 2.99548E-5 2.98508E-5 3.1482E-5 3.2274E-5 3.21597E-5 3.22763E-5 2.91183E-5 2.73145E-5 2.71202E-5 2.73135E-5 2.64543E-5 2.72138E-5 2.68288E-5 2.6639E-5 2.67338E-5 3.08267E-5 2.88088E-5 3.10446E-5 3.11572E-5 3.10468E-5 3.22739E-5 3.23886E-5 3.50212E-5 3.6795E-5 3.71863E-5
