Artocarpus hirsutus SDM files/MIS19/results (without bias file)/Arthir_min.asc
ncols         625
nrows         721
xllcorner     69.99986311115
yllcorner     5.99986187915
cellsize      0.041666667
NODATA_value  -9999
[rows 81 to 107 of 721, columns 122 to 182 of 625]
4.6595E-3 4.58213E-3 4.3267E-3 4.03427E-3 3.83711E-3 4.57609E-3 4.15372E-3 3.51369E-3 2.95412E-3 3.45102E-3 3.35083E-3 2.85484E-3 2.77523E-3 1.95071E-3 3.60787E-3 4.32953E-4 7.95586E-5 1.99745E-4 1.82287E-4 2.5444E-3 9.9785E-4 1.8827E-4 2.51741E-3 1.52531E-3 1.06891E-3 6.70237E-4 8.0574E-4 4.85103E-4 2.12571E-4 2.15589E-4 1.31036E-4 2.81133E-4 8.13058E-5 1.65472E-4 3.45317E-4 2.1542E-4 3.9268E-4 7.25573E-4 1.41217E-3 1.84573E-3 1.95854E-3 2.08115E-3 2.24813E-3 1.32909E-3 1.16977E-3 2.69911E-4 1.0953E-3 7.01221E-4 3.16029E-4 8.09588E-4 1.47033E-3 1.2418E-3 1.13348E-3 7.10041E-4 6.91792E-4 9.46433E-4 8.99942E-4 9.89682E-4 8.23451E-4 9.7281E-4 9.21E-4
5.4082E-3 6.07465E-3 6.48868E-3 6.10281E-3 5.28533E-3 4.46406E-3 3.55271E-3 2.57197E-3 2.91372E-3 4.62922E-3 5.18048E-3 4.31465E-3 4.10464E-3 3.49283E-3 3.76526E-3 2.18349E-3 1.52083E-3 2.09012E-3 2.13904E-3 4.45575E-3 4.8863E-3 4.07369E-3 6.53396E-3 3.09537E-3 2.41625E-3 9.13306E-4 1.10213E-3 9.01914E-4 5.85856E-4 2.97219E-4 7.37433E-5 6.66421E-5 3.9836E-5 2.85205E-4 8.76218E-4 3.17072E-4 1.99344E-4 3.48221E-4 9.89088E-4 4.12733E-4 9.8462E-4 1.21823E-3 1.70154E-3 1.93846E-3 2.30187E-3 7.52043E-4 1.2643E-3 2.92665E-4 5.83989E-4 1.61009E-3 1.65732E-3 1.32125E-3 1.17491E-3 1.50227E-3 1.08369E-3 7.84487E-4 8.00164E-4 8.77175E-4 1.10929E-3 1.10268E-3 1.11364E-3
5.88479E-3 6.33264E-3 5.08412E-3 4.69216E-3 5.59548E-3 4.58949E-3 4.51839E-3 4.36248E-3 3.44269E-3 4.02936E-3 4.41804E-3 6.10825E-3 5.56408E-3 4.171E-3 3.321E-3 2.24542E-3 1.33769E-3 2.46477E-3 4.22819E-3 5.29217E-3 9.29704E-4 1.37141E-3 3.19586E-4 5.98541E-4 2.73832E-3 1.62178E-3 5.59197E-4 1.36337E-3 6.1111E-4 5.89191E-5 7.14155E-5 1.31221E-4 4.48783E-5 1.04367E-3 1.64212E-4 2.78789E-4 1.37669E-4 2.36621E-4 2.648E-4 2.87657E-4 4.0387E-4 3.60812E-4 1.38612E-3 7.48327E-4 1.14506E-3 2.35549E-3 2.20316E-3 2.05485E-3 2.05299E-3 1.46142E-3 3.7206E-4 4.2383E-4 9.85848E-4 1.08464E-3 1.27005E-3 9.91042E-4 8.44093E-4 8.08571E-4 1.0902E-3 7.98746E-4 7.92466E-4
4.98363E-3 4.3551E-3 4.44765E-3 4.34106E-3 5.03816E-3 4.34343E-3 5.06585E-3 4.04276E-3 4.44979E-3 6.16326E-3 4.93454E-3 3.44897E-3 2.19758E-3 3.8941E-3 4.7243E-3 3.92078E-3 3.71195E-3 3.89429E-3 5.97603E-3 5.8368E-3 5.17134E-3 3.32607E-4 5.34614E-5 1.24549E-4 1.03084E-3 2.14462E-3 6.24872E-4 8.94182E-5 3.27203E-4 5.85918E-5 1.89173E-4 1.56528E-4 1.13384E-4 7.09426E-4 5.3811E-5 2.96856E-5 1.28149E-4 2.89679E-4 9.69459E-5 7.37418E-5 5.14911E-4 3.36237E-4 5.79978E-4 1.86044E-4 1.03172E-3 2.11566E-3 1.88193E-3 1.31947E-3 3.92258E-4 4.65356E-4 1.51246E-3 1.32199E-3 7.55871E-4 9.94816E-4 6.02028E-4 4.29189E-4 6.93574E-4 1.03692E-3 1.05395E-3 1.13491E-3 9.08861E-4
5.07152E-3 4.97824E-3 4.54175E-3 4.35726E-3 4.38042E-3 4.14008E-3 4.2771E-3 3.78302E-3 4.95226E-3 4.93225E-3 4.4589E-3 4.29027E-3 2.96519E-3 3.00094E-3 3.11772E-3 5.05053E-3 5.64638E-3 6.22521E-3 6.32277E-3 6.29989E-3 5.459E-3 3.72522E-4 2.28574E-4 1.06362E-4 7.10811E-5 4.04728E-4 1.51708E-3 7.22704E-4 1.15721E-3 8.6466E-4 3.07661E-4 9.96715E-5 6.15793E-4 7.27657E-4 1.40082E-4 1.16204E-4 4.83599E-4 2.34738E-4 5.26413E-4 7.1152E-4 4.72989E-4 6.08344E-4 3.56213E-4 9.58449E-4 8.48554E-4 1.64792E-3 1.72652E-3 1.5881E-3 1.72269E-3 2.11845E-3 4.35107E-4 2.64699E-4 3.22426E-4 7.74364E-4 7.37275E-4 7.22868E-4 1.00891E-3 1.16136E-3 8.92718E-4 9.01289E-4 9.21418E-4
5.4603E-3 5.47677E-3 5.32341E-3 5.22339E-3 4.82304E-3 4.6009E-3 4.27178E-3 4.40637E-3 4.48002E-3 3.84968E-3 3.99301E-3 3.71466E-3 3.46847E-3 3.07116E-3 4.14956E-3 4.42721E-3 5.17006E-3 7.15433E-3 6.34481E-3 6.24838E-3 5.61623E-3 5.00935E-3 5.4749E-3 1.99095E-4 8.91013E-5 5.45406E-5 1.8801E-4 4.93314E-4 2.20903E-4 9.4003E-4 9.82553E-4 9.16239E-4 2.14904E-4 1.42213E-3 6.39937E-4 1.08911E-3 8.84976E-4 8.34769E-4 3.04785E-4 1.32802E-3 7.25146E-4 2.5988E-4 5.78161E-4 1.57479E-4 5.55939E-4 1.07922E-3 3.9403E-4 1.67436E-4 8.78427E-4 1.83278E-3 1.82808E-3 1.25259E-3 8.09292E-4 1.56962E-3 1.54756E-3 8.81562E-4 9.67609E-4 5.13551E-4 8.90691E-4 1.02919E-3 9.02164E-4
5.39618E-3 5.68916E-3 5.61021E-3 5.6579E-3 5.34512E-3 4.84104E-3 4.87996E-3 4.56822E-3 4.72315E-3 4.50716E-3 4.2024E-3 4.2448E-3 4.11534E-3 4.59318E-3 5.44345E-3 6.84426E-3 5.7629E-3 4.732E-3 5.80833E-3 6.30096E-3 6.50169E-3 6.56063E-3 6.28786E-3 1.74164E-4 7.07425E-5 3.7005E-5 9.36602E-6 1.13073E-5 1.85739E-5 5.87585E-5 2.71261E-4 5.59715E-4 5.60805E-5 9.43283E-4 1.55983E-4 2.96066E-5 4.06553E-5 7.11627E-5 9.61861E-5 4.41249E-4 2.05244E-4 2.59024E-4 4.70164E-4 3.70122E-4 1.61828E-4 1.5416E-4 3.18847E-4 6.67617E-5 8.51492E-5 3.05111E-4 1.92366E-4 1.45087E-3 1.9162E-3 1.402E-3 3.36864E-4 2.57724E-4 3.5551E-4 7.25808E-4 1.00027E-3 9.31965E-4 9.33315E-4
5.28592E-3 5.43346E-3 5.68385E-3 5.95753E-3 5.64902E-3 5.39939E-3 5.27945E-3 5.37521E-3 5.21339E-3 5.00928E-3 5.05445E-3 5.05117E-3 5.11394E-3 5.39242E-3 5.84356E-3 5.69091E-3 3.75227E-3 5.17694E-3 6.12344E-3 6.66555E-3 6.65637E-3 6.582E-3 5.77963E-3 5.95305E-3 1.27937E-4 3.52592E-5 1.99963E-5 8.93681E-6 2.62826E-6 3.49181E-6 2.78368E-5 1.99417E-5 1.17145E-4 5.63364E-4 8.82713E-4 2.23457E-4 2.42484E-5 2.17515E-5 5.23077E-5 7.5412E-5 1.77037E-5 3.46505E-4 8.18986E-4 3.96377E-4 1.13623E-3 1.09582E-3 7.31517E-4 1.93112E-4 1.06022E-3 1.63996E-3 7.9155E-4 2.14721E-3 1.69979E-3 1.79738E-3 6.25065E-4 7.80723E-4 2.61997E-4 3.50292E-4 7.59609E-4 5.85682E-4 1.08117E-3
5.25247E-3 5.48032E-3 5.67456E-3 5.65413E-3 5.73515E-3 5.73408E-3 5.30392E-3 5.67263E-3 5.38889E-3 5.51436E-3 5.65285E-3 5.47723E-3 5.24953E-3 5.49159E-3 5.72605E-3 5.59821E-3 4.94474E-3 6.03522E-3 5.66229E-3 6.2987E-3 7.09812E-3 6.97246E-3 6.14497E-3 5.25665E-3 7.18158E-3 5.82395E-5 4.57606E-5 1.30095E-5 2.58816E-6 3.79331E-6 1.32635E-6 7.31933E-6 3.72586E-5 4.57815E-5 2.14876E-4 9.34667E-4 2.26321E-4 3.53996E-5 4.24404E-4 4.28579E-4 6.41175E-4 1.46193E-3 8.90348E-4 5.63903E-4 4.55475E-4 6.81469E-4 1.31948E-4 4.16874E-5 4.33759E-5 1.6257E-3 3.00485E-3 2.06881E-3 7.14198E-4 9.43076E-4 1.64707E-3 1.69493E-3 1.57914E-3 1.37411E-3 8.95133E-4 1.21036E-3 1.37222E-3
5.09873E-3 5.02966E-3 5.28408E-3 5.58907E-3 5.56251E-3 5.68309E-3 5.538E-3 5.59607E-3 5.63262E-3 5.75284E-3 5.42643E-3 5.54299E-3 5.47216E-3 6.02722E-3 6.56126E-3 6.73984E-3 6.94307E-3 7.3589E-3 7.47014E-3 7.58696E-3 7.57132E-3 7.04965E-3 6.24669E-3 6.56575E-3 7.94443E-3 7.12475E-3 5.89363E-3 4.46345E-5 2.47286E-5 1.1E-5 1.37821E-6 1.03592E-6 3.99343E-6 4.80605E-6 4.95036E-5 6.37469E-5 3.36466E-4 7.87754E-4 6.17447E-4 6.9476E-5 1.62745E-4 9.76837E-5 1.34401E-3 9.36306E-4 4.88524E-4 2.68879E-4 7.8447E-5 6.08685E-5 6.34609E-5 1.75451E-3 3.25449E-3 2.28993E-3 2.72417E-3 1.78675E-3 1.69223E-3 1.21664E-3 1.28268E-3 1.40589E-3 1.29846E-3 1.27298E-3 1.43749E-3
4.92645E-3 4.89266E-3 4.927E-3 4.92355E-3 5.04898E-3 5.58046E-3 5.41795E-3 5.78965E-3 5.84989E-3 5.84529E-3 5.67479E-3 5.60221E-3 5.69759E-3 5.35148E-3 5.88433E-3 6.45355E-3 7.0269E-3 7.49269E-3 7.76337E-3 7.90266E-3 6.2364E-3 6.66667E-3 5.90625E-3 7.0857E-3 7.87634E-3 8.48604E-3 7.37294E-3 6.67973E-3 6.28611E-3 2.2869E-5 1.27839E-5 4.24853E-6 1.97506E-6 1.44176E-6 4.33244E-6 1.48563E-5 1.77651E-5 2.78097E-4 4.77516E-4 7.2763E-5 4.11108E-5 4.57261E-5 2.29594E-4 5.57472E-4 4.11864E-4 5.19994E-4 8.26284E-5 4.84298E-5 3.65746E-4 8.87684E-4 3.05684E-3 3.72184E-3 2.21337E-3 1.78352E-3 1.39907E-3 5.59157E-4 1.14452E-3 5.25658E-4 9.953E-4 9.08694E-4 1.22654E-3
4.65551E-3 4.63503E-3 4.90364E-3 4.84531E-3 5.14079E-3 5.36283E-3 5.72626E-3 5.64542E-3 5.59773E-3 5.70897E-3 5.5261E-3 5.5387E-3 5.49948E-3 5.53681E-3 5.63455E-3 6.50362E-3 7.08791E-3 7.37253E-3 7.95093E-3 6.43123E-3 6.08191E-3 6.17246E-3 6.75918E-3 8.08071E-3 9.32511E-3 8.6332E-3 7.66745E-3 8.62669E-3 8.45726E-3 7.07328E-3 6.27147E-3 2.38675E-5 9.27156E-6 1.11268E-5 3.00113E-6 4.94783E-6 3.33735E-6 8.09776E-6 5.74048E-5 2.04655E-5 5.37764E-5 5.36775E-5 5.12977E-5 2.35549E-4 1.4355E-4 8.23944E-5 6.03776E-5 1.97477E-5 1.85042E-4 5.35502E-4 3.32343E-3 3.67957E-3 2.59398E-3 1.3562E-3 7.84521E-4 1.78875E-4 3.0398E-4 2.82391E-4 9.88192E-4 4.7495E-4 1.14285E-3
4.32595E-3 4.65238E-3 4.58977E-3 4.92452E-3 4.91819E-3 5.2578E-3 5.24156E-3 5.23428E-3 5.59143E-3 5.72505E-3 5.48529E-3 5.45842E-3 5.11958E-3 5.33038E-3 5.27925E-3 5.27519E-3 5.83549E-3 6.34144E-3 7.0291E-3 4.97429E-3 5.99575E-3 6.43732E-3 7.41611E-3 8.84772E-3 7.72763E-3 8.49466E-3 8.19091E-3 1.03646E-2 1.06261E-2 8.30961E-3 7.67942E-3 7.5589E-3 4.84685E-5 3.31379E-5 3.37136E-5 2.91032E-5 1.15545E-5 3.9529E-5 5.20984E-5 3.44806E-5 4.8016E-5 1.62216E-5 4.52354E-4 3.38206E-4 2.45384E-4 4.08682E-5 3.80486E-4 3.0244E-4 5.21237E-4 3.48685E-3 3.89724E-3 2.96546E-3 6.80181E-4 1.56912E-4 3.05686E-4 7.27402E-4 5.34956E-4 1.06504E-3 1.14842E-3 1.00869E-3 9.2521E-4
4.05144E-3 4.36194E-3 4.66174E-3 4.67097E-3 4.69998E-3 4.67569E-3 4.97592E-3 4.9451E-3 5.05022E-3 5.27835E-3 4.97661E-3 5.0194E-3 5.49896E-3 5.26674E-3 5.67879E-3 5.19409E-3 5.17994E-3 5.76319E-3 6.04776E-3 5.52632E-3 5.50591E-3 6.70009E-3 7.34878E-3 7.94637E-3 8.25021E-3 9.73709E-3 1.09022E-2 8.29408E-3 8.77654E-3 1.08735E-2 9.72398E-3 9.37526E-3 8.75545E-3 9.12982E-5 7.42854E-5 8.0456E-5 7.81756E-5 1.72893E-4 1.20145E-4 6.40419E-5 1.11787E-4 6.79803E-5 6.61744E-4 2.49274E-4 6.76773E-5 5.05395E-5 9.72698E-5 1.71684E-3 2.61521E-3 3.77439E-3 3.72297E-3 2.49236E-3 6.15653E-4 1.95883E-3 2.00965E-3 9.32066E-4 3.13475E-4 1.29485E-3 1.04521E-3 6.02625E-4 1.00535E-3
3.99923E-3 4.04245E-3 4.07039E-3 4.35626E-3 4.312E-3 4.61284E-3 4.93532E-3 5.02758E-3 4.96681E-3 5.26371E-3 4.92488E-3 5.15688E-3 5.57931E-3 6.24324E-3 6.42878E-3 6.47788E-3 5.83073E-3 6.21147E-3 6.46476E-3 6.71918E-3 5.30756E-3 6.70944E-3 7.56423E-3 8.5814E-3 9.68976E-3 8.63935E-3 7.75626E-3 8.46095E-3 8.70422E-3 8.76382E-3 9.58457E-3 7.11168E-3 8.29487E-3 8.96516E-3 7.62985E-3 1.12028E-4 3.53576E-4 3.25363E-4 1.99883E-4 1.12991E-4 1.01037E-4 3.28809E-4 5.51546E-4 2.55036E-4 6.96924E-5 5.28809E-4 7.88971E-5 4.92711E-4 2.73006E-3 3.93871E-3 1.94264E-3 5.79149E-4 2.38318E-3 4.69978E-4 1.92573E-3 5.13467E-4 1.55497E-4 1.80217E-3 1.79899E-3 1.58951E-3 1.4776E-3
3.3911E-3 3.52995E-3 3.6332E-3 3.99983E-3 4.34118E-3 4.37386E-3 4.39636E-3 4.58942E-3 4.84508E-3 4.71234E-3 4.91191E-3 5.24868E-3 5.72936E-3 6.39049E-3 7.08676E-3 7.41251E-3 7.21353E-3 7.04523E-3 7.53716E-3 6.71815E-3 6.56044E-3 7.07447E-3 8.39147E-3 8.81748E-3 1.01312E-2 8.84748E-3 9.43226E-3 9.8667E-3 1.13292E-2 1.21298E-2 1.05389E-2 9.49798E-3 7.35441E-3 8.74779E-3 8.53562E-3 8.69294E-3 8.19483E-3 8.57182E-4 3.0831E-4 2.83892E-4 2.70233E-4 2.32051E-4 5.69863E-4 2.59506E-4 3.83614E-4 2.16382E-4 1.34814E-3 2.12334E-4 1.58447E-3 3.31182E-3 7.70544E-4 2.62014E-3 3.04233E-3 3.07712E-3 3.26927E-3 2.8105E-3 2.46877E-3 2.86713E-3 1.21111E-3 4.46598E-4 5.86721E-4
2.75416E-3 3.10351E-3 3.42072E-3 3.48397E-3 3.68608E-3 4.12269E-3 4.31016E-3 4.14494E-3 4.4483E-3 4.33833E-3 4.65707E-3 5.02931E-3 5.65229E-3 5.93783E-3 6.15272E-3 8.02717E-3 7.90477E-3 7.88978E-3 7.01253E-3 6.62241E-3 7.78407E-3 8.4438E-3 9.13975E-3 9.86843E-3 9.91708E-3 1.06776E-2 9.58898E-3 8.65296E-3 6.38108E-3 1.13562E-2 1.24825E-2 7.37857E-3 8.31831E-3 9.26106E-3 9.58348E-3 9.09545E-3 1.25848E-4 8.37788E-3 8.77992E-3 3.76135E-4 1.14261E-3 5.53176E-4 4.52304E-4 6.73277E-4 5.26688E-4 1.50296E-4 1.35739E-3 1.52446E-3 2.35127E-3 2.94986E-3 2.35958E-3 3.20142E-3 3.0824E-3 3.01686E-3 3.1564E-3 2.37264E-3 2.14529E-3 2.48464E-3 2.08105E-3 1.86762E-3 1.58538E-3
2.13811E-3 2.25775E-3 2.43998E-3 3.07264E-3 3.30296E-3 3.43462E-3 3.59134E-3 4.17229E-3 4.33545E-3 4.30844E-3 4.45428E-3 4.59418E-3 5.20786E-3 5.43505E-3 5.64064E-3 7.37721E-3 9.49958E-3 9.72938E-3 1.03833E-2 9.20517E-3 8.81508E-3 9.38993E-3 9.81101E-3 1.04148E-2 1.03218E-2 9.84861E-3 1.06149E-2 9.17933E-3 7.8254E-3 7.53072E-3 8.64076E-3 5.6478E-3 7.93191E-3 8.6291E-3 9.08141E-3 9.89119E-3 1.01876E-2 8.5125E-3 8.55669E-3 4.57971E-4 8.05799E-4 1.34812E-3 6.98316E-4 6.72935E-4 7.749E-4 5.66473E-4 4.02339E-4 1.55132E-3 2.98611E-3 2.47632E-3 3.0682E-3 2.50225E-3 2.22902E-3 1.01136E-3 2.06068E-3 8.95215E-4 7.06824E-4 1.52588E-3 4.3414E-4 1.36878E-3 1.17867E-3
1.73969E-3 2.04881E-3 2.16754E-3 2.14183E-3 2.48982E-3 2.68318E-3 2.96185E-3 3.72019E-3 4.32847E-3 4.08673E-3 4.2487E-3 4.40356E-3 4.59054E-3 5.14083E-3 5.48754E-3 5.64386E-3 6.85227E-3 8.96106E-3 9.51189E-3 8.1248E-3 9.02572E-3 1.01878E-2 9.66914E-3 8.87171E-3 7.79453E-3 9.20133E-3 9.84844E-3 1.0203E-2 9.7888E-3 6.36913E-3 7.58599E-3 8.40212E-3 7.04957E-3 8.80398E-3 8.8801E-3 9.13946E-3 9.99309E-3 1.08664E-2 1.01163E-2 1.00489E-2 3.44579E-4 1.31613E-3 7.95093E-4 1.13677E-3 9.93393E-4 9.59602E-4 5.13338E-4 7.85083E-4 2.29946E-3 3.13099E-3 3.01796E-3 1.997E-3 1.04611E-3 1.60167E-3 1.94886E-3 1.03234E-3 4.26293E-4 5.96701E-4 4.46574E-4 7.36597E-4 4.07423E-4
1.3683E-3 1.44577E-3 1.48107E-3 1.61053E-3 1.86053E-3 2.03402E-3 2.67627E-3 3.01733E-3 3.90166E-3 4.03517E-3 4.16691E-3 4.36441E-3 4.60164E-3 4.54951E-3 4.78794E-3 5.21366E-3 5.18038E-3 6.12921E-3 7.44436E-3 6.69213E-3 8.78925E-3 9.57206E-3 1.01666E-2 6.84231E-3 6.03169E-3 6.14435E-3 8.18355E-3 9.74437E-3 9.64838E-3 1.0574E-2 5.93151E-3 7.28489E-3 7.95439E-3 7.35053E-3 8.89716E-3 1.21729E-2 1.1371E-2 1.1647E-2 1.23187E-2 1.06448E-2 9.77426E-4 9.73359E-4 1.24278E-3 1.31088E-3 1.06992E-3 1.18451E-3 1.1101E-3 6.42388E-4 1.37839E-3 2.82523E-3 2.99923E-3 2.72224E-3 2.68125E-3 2.33869E-3 1.53747E-3 1.32099E-3 8.87097E-4 7.43809E-4 7.59157E-4 5.68219E-4 4.1565E-4
1.07416E-3 1.09271E-3 1.17489E-3 1.33197E-3 1.54877E-3 1.8328E-3 2.00746E-3 2.71671E-3 3.53413E-3 4.27133E-3 3.75389E-3 4.03016E-3 4.23773E-3 4.75629E-3 5.05292E-3 5.14667E-3 5.09054E-3 5.22846E-3 5.22834E-3 5.6889E-3 7.8786E-3 8.16528E-3 7.6305E-3 6.29632E-3 5.27338E-3 5.00829E-3 5.84931E-3 7.70792E-3 9.67905E-3 9.13688E-3 1.03198E-2 7.40282E-3 7.83653E-3 9.58402E-3 1.34638E-2 1.40118E-2 1.21819E-2 1.19972E-2 9.37232E-3 8.05526E-3 8.13933E-3 1.09641E-3 2.22042E-3 1.88422E-3 1.34165E-3 1.32966E-3 1.22336E-3 9.78689E-4 1.16399E-3 2.70472E-3 2.96388E-3 2.47243E-3 2.28628E-3 1.63737E-3 2.04225E-3 1.7467E-3 1.22936E-3 9.46663E-4 9.10171E-4 8.87592E-4 1.17022E-3
9.27336E-4 9.99234E-4 1.07867E-3 1.11281E-3 1.20907E-3 1.51181E-3 1.69002E-3 2.06362E-3 2.65076E-3 3.61421E-3 3.95203E-3 3.83124E-3 4.00582E-3 4.32245E-3 4.76136E-3 4.73978E-3 4.94819E-3 4.98813E-3 5.2194E-3 5.4926E-3 6.5062E-3 7.94048E-3 6.02685E-3 6.41215E-3 5.76993E-3 5.55078E-3 5.95678E-3 6.40633E-3 8.20333E-3 9.44013E-3 9.99312E-3 1.03333E-2 1.12219E-2 1.03427E-2 1.13344E-2 1.26907E-2 1.12062E-2 1.06605E-2 7.9543E-3 7.66876E-3 8.97342E-3 3.59181E-4 1.57485E-3 2.49005E-3 2.0481E-3 1.53541E-3 1.22131E-3 1.01128E-3 8.16558E-4 6.55025E-4 2.58873E-3 1.9663E-3 2.58004E-3 2.60941E-3 2.76967E-3 2.77281E-3 2.65907E-3 1.98981E-3 1.87972E-3 1.91446E-3 1.67437E-3
8.54267E-4 9.01969E-4 9.55535E-4 1.01365E-3 1.10738E-3 1.20135E-3 1.32001E-3 1.76709E-3 2.06525E-3 2.52702E-3 2.55108E-3 3.30563E-3 3.45969E-3 3.77293E-3 4.23221E-3 4.70757E-3 4.88113E-3 4.82793E-3 4.99117E-3 5.56834E-3 6.36043E-3 6.91992E-3 5.81429E-3 5.18422E-3 6.18653E-3 6.15594E-3 6.79275E-3 6.93496E-3 7.0002E-3 7.98592E-3 9.27392E-3 1.09702E-2 1.0577E-2 1.10529E-2 1.13171E-2 1.13636E-2 1.05131E-2 9.70397E-3 8.15294E-3 8.61249E-3 7.8821E-3 3.67136E-4 7.81873E-4 1.85522E-3 1.67158E-3 1.24221E-3 1.36007E-3 8.64159E-4 8.10985E-4 9.35028E-4 1.69935E-3 2.2578E-3 2.16765E-3 2.14429E-3 1.14766E-3 1.86911E-3 1.05339E-3 6.59464E-4 3.25044E-4 3.49829E-4 4.05509E-4
7.13364E-4 7.56145E-4 7.99686E-4 8.68807E-4 1.02367E-3 9.9108E-4 1.14067E-3 1.40651E-3 1.76466E-3 1.81659E-3 2.08375E-3 2.5427E-3 3.27044E-3 3.63908E-3 3.98009E-3 4.07368E-3 4.25883E-3 4.62459E-3 4.86476E-3 4.84314E-3 5.34036E-3 6.13978E-3 6.86449E-3 5.23504E-3 5.37873E-3 6.21037E-3 6.38484E-3 7.16265E-3 8.01493E-3 7.4616E-3 8.66251E-3 1.05806E-2 1.02763E-2 1.00838E-2 8.91034E-3 9.44358E-3 9.24371E-3 8.25387E-3 6.73993E-3 6.15552E-3 7.73414E-3 5.63809E-4 6.45091E-4 1.75895E-3 1.71957E-3 1.23795E-3 1.5221E-3 1.71425E-3 1.5489E-3 1.66068E-3 2.44574E-3 2.24894E-3 2.72237E-3 2.50986E-3 1.45758E-3 1.30231E-3 8.80997E-4 1.20379E-3 9.66363E-4 6.50441E-4 6.06554E-4
6.61035E-4 6.99611E-4 7.40073E-4 7.84152E-4 8.66087E-4 9.1695E-4 1.03505E-3 1.21948E-3 1.13289E-3 1.36009E-3 1.91726E-3 2.24989E-3 2.82592E-3 3.37057E-3 3.73286E-3 3.86972E-3 4.35283E-3 4.17211E-3 4.69946E-3 4.68933E-3 5.01679E-3 5.51236E-3 7.31631E-3 6.8189E-3 5.22992E-3 5.39713E-3 6.4564E-3 6.59426E-3 8.44114E-3 6.99747E-3 8.04753E-3 9.46299E-3 1.05114E-2 1.05445E-2 1.01954E-2 8.89473E-3 8.66676E-3 7.60632E-3 5.51156E-3 5.35703E-3 7.71738E-3 5.39838E-4 1.11353E-3 5.11232E-3 4.68339E-3 1.01197E-3 1.26572E-3 2.12475E-3 1.85494E-3 1.09292E-3 6.73233E-4 7.11364E-4 1.49783E-3 2.5038E-3 2.56934E-3 2.46074E-3 2.23761E-3 1.0956E-3 6.81875E-4 3.3651E-4 2.09528E-4
5.51513E-4 6.53641E-4 6.68722E-4 6.62868E-4 7.35047E-4 8.80557E-4 8.9265E-4 9.0244E-4 1.06542E-3 1.33672E-3 1.48796E-3 1.93029E-3 2.35385E-3 2.7329E-3 3.07755E-3 3.5409E-3 3.6329E-3 4.03913E-3 3.96818E-3 4.24654E-3 4.44625E-3 4.66404E-3 5.7044E-3 7.30838E-3 6.68577E-3 5.11781E-3 5.66951E-3 5.92194E-3 6.5533E-3 7.66694E-3 6.49401E-3 8.31506E-3 9.13256E-3 9.26842E-3 9.90413E-3 9.00159E-3 8.66481E-3 6.73591E-3 5.64055E-3 4.86804E-3 6.42301E-3 4.85877E-4 5.1206E-3 4.78614E-3 4.53216E-3 1.08109E-3 1.00443E-3 2.13829E-3 1.50341E-3 2.29022E-3 1.25003E-3 7.14263E-4 8.36235E-4 2.41704E-3 2.29127E-3 8.48263E-4 2.25783E-3 2.08514E-3 1.11063E-3 5.4386E-4 7.62551E-4
5.14205E-4 5.47377E-4 5.64184E-4 6.21667E-4 6.72602E-4 7.53632E-4 7.59628E-4 8.97437E-4 1.00816E-3 1.20575E-3 1.44301E-3 1.75505E-3 2.00143E-3 2.50451E-3 2.7872E-3 3.22991E-3 3.3068E-3 3.68094E-3 3.83081E-3 3.9604E-3 4.11631E-3 4.09893E-3 4.92146E-3 6.83703E-3 7.21502E-3 5.63684E-3 5.14131E-3 5.06757E-3 6.15739E-3 6.91469E-3 6.47439E-3 6.64582E-3 8.33046E-3 7.5357E-3 7.66587E-3 6.3812E-3 6.16298E-3 5.66578E-3 4.89551E-3 4.8304E-3 6.40506E-3 6.55245E-3 5.52183E-3 5.40354E-3 5.8062E-3 1.51729E-3 1.59528E-3 1.96344E-3 1.42271E-3 2.54473E-3 2.23355E-3 1.06305E-3 7.19577E-4 1.3844E-3 1.73394E-3 1.51179E-3 4.70116E-4 6.67991E-4 6.95128E-4 1.52667E-3 6.4107E-4
