Artocarpus hirsutus SDM files/MIS19/results (without bias file)/Arthir_4.asc
ncols         625
nrows         721
xllcorner     69.99986311115
yllcorner     5.99986187915
cellsize      0.041666667
NODATA_value  -9999
[rows 567 to 593 of 721, columns 183 to 243 of 625]
2.74457E-2 2.11704E-2 1.51218E-2 1.49797E-2 1.78215E-2 1.74011E-2 1.8523E-2 2.77348E-2 2.2542E-2 2.71292E-2 3.10229E-2 4.31929E-2 2.32044E-2 2.03581E-2 2.17958E-2 2.57617E-2 2.76757E-2 2.23922E-2 2.05133E-2 2.21856E-2 1.97538E-2 2.01179E-2 1.78006E-2 2.03574E-2 2.89752E-2 3.64795E-2 2.65038E-2 3.90659E-2 4.09895E-2 2.64264E-2 3.29295E-2 2.33472E-2 2.17764E-2 1.63518E-2 1.54886E-2 1.65128E-2 1.78833E-2 1.57949E-2 1.09839E-2 1.03509E-2 8.11464E-2 8.00825E-2 7.51476E-2 6.87588E-2 5.95165E-2 6.2388E-2 5.86004E-2 5.23436E-2 4.77435E-2 4.44619E-2 4.43926E-2 4.69774E-2 4.66556E-2 4.51976E-2 3.68664E-2 2.51109E-2 2.44647E-2 2.63759E-2 4.69192E-2 4.40906E-2 -9999
2.1856E-2 1.69252E-2 1.27084E-2 1.6573E-2 2.49826E-2 2.05372E-2 2.01672E-2 2.34598E-2 2.43809E-2 2.50229E-2 2.55459E-2 3.55573E-2 2.73776E-2 2.47922E-2 2.44345E-2 2.27539E-2 2.74813E-2 2.053E-2 1.87312E-2 1.84188E-2 1.79468E-2 1.83607E-2 1.79662E-2 2.23917E-2 2.91076E-2 3.37668E-2 2.47639E-2 3.83457E-2 3.12201E-2 2.4655E-2 2.21049E-2 1.76133E-2 1.67855E-2 1.59567E-2 1.74283E-2 1.53058E-2 1.48866E-2 1.23016E-2 1.02004E-2 9.63645E-3 6.90968E-2 6.82299E-2 8.04971E-2 5.98899E-2 6.16E-2 6.07105E-2 5.83586E-2 5.16748E-2 4.38006E-2 4.01931E-2 3.67092E-2 3.78052E-2 4.01978E-2 3.97415E-2 3.50482E-2 2.51411E-2 2.44243E-2 2.26129E-2 4.62861E-2 4.36908E-2 -9999
2.11241E-2 1.24088E-2 1.31613E-2 1.73142E-2 2.65877E-2 1.92589E-2 1.76111E-2 2.46388E-2 2.6389E-2 2.81998E-2 2.61492E-2 2.4717E-2 2.58704E-2 2.73823E-2 2.43715E-2 2.40257E-2 2.50826E-2 2.28076E-2 2.22811E-2 2.21546E-2 1.7087E-2 1.56599E-2 1.7111E-2 2.55036E-2 3.01454E-2 3.45844E-2 2.33911E-2 2.54567E-2 2.34042E-2 2.14135E-2 1.9296E-2 1.55519E-2 1.48711E-2 1.23131E-2 1.45607E-2 1.82223E-2 1.54933E-2 9.02993E-3 7.4299E-3 7.48989E-3 5.76203E-2 6.14914E-2 6.50072E-2 6.63851E-2 5.36627E-2 6.0185E-2 6.07116E-2 4.56709E-2 4.02913E-2 3.60761E-2 3.19683E-2 2.92063E-2 2.86123E-2 3.19611E-2 3.14103E-2 2.45582E-2 2.1694E-2 2.07537E-2 4.2817E-2 -9999 -9999
2.45468E-2 1.48379E-2 1.80871E-2 2.30321E-2 1.8491E-2 2.15081E-2 1.48321E-2 3.97478E-2 2.3319E-2 2.73565E-2 2.71831E-2 2.61803E-2 2.27351E-2 2.33879E-2 2.39628E-2 2.34139E-2 2.28154E-2 2.49061E-2 2.80005E-2 2.26748E-2 1.59611E-2 1.56289E-2 1.7217E-2 2.40921E-2 2.39323E-2 1.11866E-2 2.19046E-2 2.11223E-2 2.06138E-2 2.06794E-2 2.62991E-2 2.20553E-2 2.28964E-2 1.56059E-2 1.20365E-2 1.6921E-2 1.69989E-2 9.94199E-3 7.00798E-3 4.89033E-2 5.08655E-2 6.04463E-2 4.59046E-2 4.82302E-2 4.22104E-2 4.87776E-2 5.26825E-2 4.17282E-2 4.15111E-2 3.64831E-2 2.99951E-2 2.58383E-2 2.37237E-2 2.52066E-2 2.43493E-2 2.28883E-2 2.1974E-2 1.93507E-2 -9999 -9999 -9999
2.18343E-2 1.92389E-2 2.41407E-2 2.24644E-2 1.75539E-2 2.4071E-2 1.64813E-2 3.4045E-2 2.85752E-2 4.11714E-2 2.57892E-2 2.64459E-2 2.21807E-2 2.18188E-2 2.19433E-2 2.28714E-2 2.2488E-2 2.25116E-2 2.25158E-2 2.12963E-2 1.85892E-2 1.4426E-2 1.63394E-2 1.93176E-2 1.6092E-2 1.22128E-2 2.49666E-2 2.46301E-2 2.23204E-2 2.18387E-2 2.1617E-2 2.37269E-2 1.87991E-2 2.01452E-2 1.4763E-2 1.32943E-2 1.54252E-2 1.06403E-2 6.6733E-3 4.67413E-2 4.48606E-2 4.89955E-2 3.92781E-2 4.01851E-2 3.80127E-2 4.04854E-2 4.32822E-2 3.61444E-2 3.41902E-2 3.77412E-2 3.39743E-2 2.57901E-2 2.26483E-2 1.99857E-2 1.83181E-2 1.89662E-2 1.88376E-2 4.00959E-2 -9999 -9999 -9999
1.52358E-2 1.52625E-2 1.74492E-2 1.86518E-2 2.01465E-2 1.46063E-2 1.22156E-2 2.71854E-2 4.00827E-2 4.05417E-2 3.06797E-2 2.59174E-2 2.25313E-2 1.99231E-2 2.05734E-2 2.04413E-2 1.85988E-2 1.79404E-2 1.76799E-2 1.77261E-2 1.77293E-2 1.47828E-2 1.44542E-2 1.42988E-2 1.39285E-2 3.53325E-2 2.0058E-2 2.22649E-2 2.14445E-2 2.29523E-2 2.04118E-2 1.87423E-2 1.831E-2 1.52465E-2 1.23291E-2 1.21641E-2 1.28999E-2 1.21153E-2 8.29578E-3 9.19147E-2 4.10411E-2 3.98974E-2 3.16156E-2 4.26058E-2 3.56084E-2 3.96198E-2 3.70154E-2 3.2782E-2 2.80476E-2 2.9087E-2 3.00048E-2 2.6845E-2 1.96543E-2 2.40243E-2 1.92282E-2 1.7852E-2 1.72045E-2 -9999 -9999 -9999 -9999
1.87275E-2 1.2017E-2 1.20991E-2 1.62525E-2 1.56884E-2 1.71776E-2 4.14175E-2 3.72849E-2 3.15074E-2 3.48127E-2 3.15759E-2 2.6089E-2 2.1978E-2 2.31514E-2 2.48492E-2 2.21058E-2 1.55609E-2 1.49052E-2 1.40716E-2 1.39659E-2 1.27645E-2 1.19547E-2 1.19647E-2 1.20397E-2 1.30138E-2 3.99174E-2 2.50061E-2 1.9414E-2 1.72966E-2 1.75084E-2 2.29273E-2 2.03348E-2 2.1585E-2 1.63239E-2 1.10804E-2 1.12161E-2 1.16854E-2 1.19879E-2 9.22903E-2 1.11298E-1 5.04233E-2 3.14157E-2 3.21241E-2 3.38684E-2 3.53228E-2 3.67722E-2 3.77179E-2 3.05271E-2 2.57324E-2 2.33759E-2 2.32489E-2 2.59643E-2 2.01692E-2 1.93723E-2 1.97841E-2 1.72558E-2 -9999 -9999 -9999 -9999 -9999
1.93464E-2 1.299E-2 1.34862E-2 1.35381E-2 1.58575E-2 2.3417E-2 4.77621E-2 3.88323E-2 3.39615E-2 2.95712E-2 2.76614E-2 3.16158E-2 2.97858E-2 3.43853E-2 3.32589E-2 1.63834E-2 1.46524E-2 1.51461E-2 1.51679E-2 1.31618E-2 1.10119E-2 1.11488E-2 1.00668E-2 9.47382E-3 9.94481E-3 2.48688E-2 2.29463E-2 2.53805E-2 1.77809E-2 1.6188E-2 1.70409E-2 1.93774E-2 1.98943E-2 1.91232E-2 1.12717E-2 1.04206E-2 1.18898E-2 7.3516E-2 9.26001E-2 8.19552E-2 5.31472E-2 3.18886E-2 3.19787E-2 3.02813E-2 2.9843E-2 3.37719E-2 3.25959E-2 3.52959E-2 2.49381E-2 1.88326E-2 1.81774E-2 1.81715E-2 1.72072E-2 1.64133E-2 1.5931E-2 1.58169E-2 -9999 -9999 -9999 -9999 -9999
1.63105E-2 1.47165E-2 1.35287E-2 2.14976E-2 2.11436E-2 5.89032E-2 4.83257E-2 4.61427E-2 3.2589E-2 2.63567E-2 3.6322E-2 3.68875E-2 3.55982E-2 4.17495E-2 2.77934E-2 1.40865E-2 1.70153E-2 1.59309E-2 1.57959E-2 1.23005E-2 1.13529E-2 1.11728E-2 1.16916E-2 1.11873E-2 5.96742E-3 2.03288E-2 1.37704E-2 1.37016E-2 1.13908E-2 1.10265E-2 1.0699E-2 1.34456E-2 1.56561E-2 1.71774E-2 1.3249E-2 9.92271E-3 9.81357E-3 7.15095E-2 8.2761E-2 6.64428E-2 5.25275E-2 3.6866E-2 3.35245E-2 3.03633E-2 2.7191E-2 2.91751E-2 2.87699E-2 2.85017E-2 2.67272E-2 2.08246E-2 1.67169E-2 1.49926E-2 1.43788E-2 1.21043E-2 1.2897E-2 -9999 -9999 -9999 -9999 -9999 -9999
1.39837E-2 1.33263E-2 1.86613E-2 1.89352E-2 1.78147E-2 4.39154E-2 4.90195E-2 3.89569E-2 3.01481E-2 4.03937E-2 4.29855E-2 3.97045E-2 4.20355E-2 5.3904E-2 2.67199E-2 1.73286E-2 1.74514E-2 1.32724E-2 1.21228E-2 1.16181E-2 1.2933E-2 1.20261E-2 1.24016E-2 1.25354E-2 1.34079E-2 3.45252E-2 1.28471E-2 9.82607E-3 1.02376E-2 1.11552E-2 9.82528E-3 1.0063E-2 1.2216E-2 1.33831E-2 1.28824E-2 1.21995E-2 9.34239E-3 6.32659E-2 7.2289E-2 6.3016E-2 4.36929E-2 3.47648E-2 3.2701E-2 2.98707E-2 2.60755E-2 2.42976E-2 2.42371E-2 2.24851E-2 2.24985E-2 2.20898E-2 1.90544E-2 1.64339E-2 1.40404E-2 9.42338E-3 -9999 -9999 -9999 -9999 -9999 -9999 -9999
1.75969E-2 1.91383E-2 2.42058E-2 1.91466E-2 2.06354E-2 6.13852E-2 5.30903E-2 3.91683E-2 5.00277E-2 6.02615E-2 5.16983E-2 4.48017E-2 3.06677E-2 2.9714E-2 2.4199E-2 3.11204E-2 2.97158E-2 1.2941E-2 1.13283E-2 1.16898E-2 1.32669E-2 1.31164E-2 1.46054E-2 2.10103E-2 1.51874E-2 3.24597E-2 1.96671E-2 1.23591E-2 8.05727E-3 8.34873E-3 1.26093E-2 1.15854E-2 1.14661E-2 1.14141E-2 1.10472E-2 1.05212E-2 6.09773E-2 5.72896E-2 6.13118E-2 5.22552E-2 4.3174E-2 3.49811E-2 2.9048E-2 2.98794E-2 2.53945E-2 2.26524E-2 2.11858E-2 1.93999E-2 1.89017E-2 1.90284E-2 1.73456E-2 1.99154E-2 1.34607E-2 1.04969E-2 -9999 -9999 -9999 -9999 -9999 -9999 -9999
1.52644E-2 1.49424E-2 1.76459E-2 1.72736E-2 2.06661E-2 4.65415E-2 5.63374E-2 5.85228E-2 6.84919E-2 4.7446E-2 3.8301E-2 3.63539E-2 3.1804E-2 2.19871E-2 1.99215E-2 1.7456E-2 1.55386E-2 1.28287E-2 1.1295E-2 1.5915E-2 1.34562E-2 1.15991E-2 7.49301E-3 2.3358E-2 1.83898E-2 3.04815E-2 2.7336E-2 1.82433E-2 1.76212E-2 8.05558E-3 1.2855E-2 1.29402E-2 1.20864E-2 1.06935E-2 9.0176E-3 7.93918E-3 6.00624E-2 5.30813E-2 4.49735E-2 4.19055E-2 4.00678E-2 3.45404E-2 2.94893E-2 2.59274E-2 2.36764E-2 2.10661E-2 1.99555E-2 1.71073E-2 1.59478E-2 1.45384E-2 1.58699E-2 1.67169E-2 1.30341E-2 1.02346E-2 -9999 -9999 -9999 -9999 -9999 -9999 -9999
1.85702E-2 1.15746E-2 1.24793E-2 1.34473E-2 1.48886E-2 3.36705E-2 4.1016E-2 4.13715E-2 5.07985E-2 5.52138E-2 5.10646E-2 3.93375E-2 4.25876E-2 3.62455E-2 3.31336E-2 1.19393E-2 1.04904E-2 9.07241E-3 1.60617E-2 2.39271E-2 1.59451E-2 7.95215E-3 7.19493E-3 1.91946E-2 3.57832E-2 2.62961E-2 1.93924E-2 1.12872E-2 1.71399E-2 1.50304E-2 1.44653E-2 1.66364E-2 1.4751E-2 1.21085E-2 9.96184E-3 1.05164E-2 6.18322E-2 5.56832E-2 4.79953E-2 4.35324E-2 3.51523E-2 3.08564E-2 2.87543E-2 2.40561E-2 2.1048E-2 2.0136E-2 1.85679E-2 1.60672E-2 1.54219E-2 1.4211E-2 1.32336E-2 1.21035E-2 1.0281E-2 9.86311E-3 -9999 -9999 -9999 -9999 -9999 -9999 -9999
1.26494E-2 9.99154E-3 1.11135E-2 1.27081E-2 2.80315E-2 4.06027E-2 4.2941E-2 4.58814E-2 5.51258E-2 4.554E-2 3.70295E-2 3.77147E-2 4.94582E-2 5.39784E-2 3.69964E-2 1.34267E-2 1.04983E-2 1.27082E-2 2.51691E-2 3.48813E-2 2.3167E-2 9.86142E-3 7.2225E-3 3.6414E-2 3.60865E-2 2.21624E-2 1.47913E-2 9.46853E-3 1.13445E-2 1.29239E-2 1.51504E-2 1.66332E-2 1.81972E-2 1.22466E-2 1.05099E-2 6.25484E-2 5.47356E-2 4.93892E-2 4.01562E-2 3.91968E-2 3.6213E-2 3.12624E-2 2.70312E-2 2.4584E-2 2.1884E-2 1.95659E-2 1.67252E-2 1.50909E-2 1.38121E-2 1.28685E-2 1.16335E-2 1.06692E-2 9.68424E-3 -9999 -9999 -9999 -9999 -9999 -9999 -9999 -9999
8.34569E-3 9.03098E-3 1.00428E-2 1.1826E-2 2.63112E-2 4.03024E-2 5.22291E-2 5.01335E-2 5.43869E-2 3.78457E-2 3.4366E-2 4.79467E-2 7.46931E-2 7.71194E-2 2.71181E-2 2.13601E-2 1.55039E-2 1.68137E-2 1.73058E-2 2.59094E-2 2.51939E-2 1.39703E-2 1.60832E-2 5.43465E-2 4.09449E-2 2.4208E-2 1.38626E-2 7.76219E-3 9.21266E-3 1.24221E-2 1.4942E-2 1.59369E-2 1.67834E-2 1.42648E-2 9.29079E-3 5.88835E-2 5.39024E-2 4.82983E-2 4.23026E-2 3.46654E-2 3.47089E-2 3.05865E-2 2.67282E-2 2.28852E-2 2.02612E-2 1.79059E-2 1.4845E-2 1.3339E-2 1.22234E-2 1.10206E-2 1.02707E-2 9.31789E-3 7.85058E-3 -9999 -9999 -9999 -9999 -9999 -9999 -9999 -9999
1.04303E-2 1.09728E-2 1.33615E-2 2.61637E-2 2.49509E-2 3.50534E-2 3.58297E-2 3.5102E-2 3.85634E-2 3.77902E-2 3.57089E-2 4.6624E-2 5.37673E-2 8.53917E-2 4.29884E-2 2.95498E-2 3.47313E-2 3.88283E-2 2.05222E-2 2.72865E-2 2.0045E-2 1.56547E-2 4.99664E-2 4.99182E-2 3.85768E-2 1.61503E-2 9.32406E-3 9.86772E-3 1.01173E-2 1.19204E-2 1.26758E-2 1.39019E-2 1.35628E-2 1.36269E-2 1.30191E-2 6.50401E-2 5.456E-2 4.66438E-2 4.12766E-2 3.77145E-2 3.3573E-2 2.84499E-2 2.46786E-2 2.19695E-2 1.74093E-2 1.55557E-2 1.28106E-2 1.14398E-2 9.65265E-3 8.75134E-3 8.00944E-3 6.84089E-3 6.74145E-3 -9999 -9999 -9999 -9999 -9999 -9999 -9999 -9999
1.42239E-2 1.47399E-2 4.13677E-2 2.80162E-2 3.86117E-2 3.15767E-2 3.50978E-2 3.70972E-2 3.41565E-2 3.32329E-2 4.32188E-2 5.21567E-2 5.38553E-2 6.33093E-2 4.64391E-2 3.70197E-2 4.45891E-2 3.9958E-2 2.72151E-2 2.55126E-2 2.14775E-2 2.80673E-2 4.84758E-2 3.09675E-2 2.17769E-2 1.08378E-2 9.86548E-3 8.40687E-3 8.5543E-3 1.04357E-2 1.32848E-2 1.32428E-2 1.42676E-2 1.22183E-2 7.83438E-2 7.30229E-2 5.35954E-2 4.64208E-2 3.66762E-2 3.21006E-2 2.6791E-2 2.39325E-2 1.92886E-2 1.78989E-2 1.50629E-2 1.29497E-2 9.09409E-3 7.49183E-3 6.71815E-3 6.68061E-3 5.30185E-3 5.73591E-3 -9999 -9999 -9999 -9999 -9999 -9999 -9999 -9999 -9999
1.72435E-2 1.74995E-2 4.92096E-2 3.16792E-2 3.96449E-2 3.97246E-2 3.93427E-2 3.47579E-2 3.50975E-2 3.66601E-2 4.343E-2 4.61813E-2 4.30196E-2 3.32913E-2 3.50397E-2 3.89104E-2 4.33639E-2 3.08215E-2 2.16937E-2 2.26399E-2 3.19746E-2 2.39644E-2 5.8239E-2 5.85394E-2 3.66689E-2 2.0461E-2 2.14038E-2 2.46844E-2 1.89336E-2 1.46367E-2 1.57244E-2 1.37179E-2 1.33606E-2 1.11829E-2 6.79711E-2 7.36865E-2 5.88425E-2 5.25416E-2 4.11778E-2 3.19101E-2 2.9035E-2 2.54402E-2 2.17431E-2 1.76885E-2 1.26039E-2 1.11175E-2 8.75326E-3 7.01292E-3 6.15829E-3 5.77645E-3 5.09423E-3 5.03887E-3 -9999 -9999 -9999 -9999 -9999 -9999 -9999 -9999 -9999
1.69883E-2 2.21667E-2 1.87641E-2 2.93035E-2 4.04539E-2 3.93059E-2 3.51727E-2 3.21389E-2 3.43018E-2 3.56361E-2 3.21401E-2 2.67665E-2 3.02166E-2 3.38327E-2 2.41657E-2 2.50682E-2 1.98148E-2 1.75776E-2 1.65823E-2 1.74906E-2 1.62857E-2 1.61171E-2 4.09228E-2 6.44963E-2 5.63795E-2 3.83915E-2 2.6362E-2 2.44784E-2 1.72849E-2 1.57718E-2 1.43713E-2 1.50092E-2 1.31773E-2 1.0938E-2 6.53093E-2 5.97403E-2 5.68417E-2 5.37718E-2 4.79914E-2 4.02273E-2 3.11895E-2 3.05726E-2 2.69461E-2 1.9905E-2 1.47081E-2 1.29744E-2 1.0051E-2 8.11836E-3 7.994E-3 6.8751E-3 5.35963E-3 4.93908E-3 -9999 -9999 -9999 -9999 -9999 -9999 -9999 -9999 -9999
1.56666E-2 1.54778E-2 1.37266E-2 3.25086E-2 3.35371E-2 3.16157E-2 3.27252E-2 3.79215E-2 3.92624E-2 4.94201E-2 3.52358E-2 2.65155E-2 3.73087E-2 4.5162E-2 3.4788E-2 2.82654E-2 1.78973E-2 1.5817E-2 1.1188E-2 1.20616E-2 1.26068E-2 1.08935E-2 2.63765E-2 2.7987E-2 2.72898E-2 2.54971E-2 2.34999E-2 2.01998E-2 1.61664E-2 1.44317E-2 1.39336E-2 1.14978E-2 1.03007E-2 6.51326E-2 5.84216E-2 5.15761E-2 5.2518E-2 4.66411E-2 4.43739E-2 4.1034E-2 2.67383E-2 3.73226E-2 3.10723E-2 2.05445E-2 1.70972E-2 1.24285E-2 1.23229E-2 8.88826E-3 7.6406E-3 6.24364E-3 5.14113E-3 4.74582E-3 -9999 -9999 -9999 -9999 -9999 -9999 -9999 -9999 -9999
1.38921E-2 1.354E-2 1.23639E-2 2.60389E-2 2.69162E-2 2.37665E-2 2.4202E-2 3.0613E-2 3.13983E-2 3.56556E-2 2.91737E-2 3.26391E-2 3.54603E-2 4.06566E-2 2.85661E-2 2.37639E-2 1.17925E-2 1.04596E-2 1.29396E-2 9.23791E-3 1.05676E-2 1.04465E-2 2.28963E-2 1.56568E-2 1.66387E-2 1.69325E-2 1.80201E-2 1.7481E-2 1.67436E-2 1.31388E-2 1.14075E-2 9.98226E-3 5.71656E-2 5.20698E-2 4.90746E-2 4.51202E-2 4.40911E-2 4.07966E-2 3.73478E-2 4.03893E-2 3.32329E-2 3.65027E-2 2.63715E-2 2.05552E-2 1.64806E-2 1.52373E-2 1.1022E-2 8.87348E-3 6.78116E-3 5.8975E-3 5.00705E-3 3.67745E-3 -9999 -9999 -9999 -9999 -9999 -9999 -9999 -9999 -9999
1.65801E-2 1.34006E-2 2.2046E-2 2.70782E-2 3.23967E-2 1.81732E-2 1.85745E-2 1.87274E-2 2.10502E-2 2.69347E-2 2.75955E-2 3.99856E-2 3.48261E-2 5.12919E-2 4.25923E-2 3.04905E-2 2.88256E-2 1.66382E-2 1.61588E-2 1.12882E-2 9.21831E-3 3.9907E-2 1.65105E-2 1.2851E-2 1.4139E-2 1.44974E-2 1.46084E-2 1.48996E-2 1.44729E-2 1.369E-2 1.19604E-2 1.01741E-2 5.75667E-2 5.0608E-2 5.02032E-2 4.464E-2 4.2974E-2 3.92895E-2 3.54827E-2 3.34694E-2 3.52037E-2 3.59762E-2 2.63846E-2 1.64774E-2 1.47949E-2 1.47802E-2 1.00378E-2 7.95378E-3 6E-3 5.29121E-3 3.98851E-3 3.33909E-3 -9999 -9999 -9999 -9999 -9999 -9999 -9999 -9999 -9999
1.37879E-2 1.31553E-2 2.81874E-2 3.5159E-2 3.67532E-2 3.34987E-2 2.44712E-2 2.28648E-2 1.99385E-2 2.16136E-2 2.5901E-2 3.56441E-2 2.69419E-2 2.54064E-2 2.63059E-2 2.51488E-2 2.92432E-2 2.32263E-2 1.85394E-2 1.60561E-2 1.47601E-2 3.67349E-2 2.17935E-2 1.46598E-2 1.38271E-2 1.11341E-2 1.25176E-2 1.28792E-2 1.27513E-2 1.27967E-2 1.28509E-2 1.14939E-2 5.47235E-2 5.48789E-2 4.79964E-2 4.26242E-2 3.95487E-2 3.47958E-2 3.1929E-2 2.92813E-2 2.81275E-2 2.5196E-2 2.0074E-2 1.51112E-2 1.23932E-2 1.076E-2 8.06722E-3 6.54851E-3 5.20946E-3 4.24826E-3 3.72119E-3 3.21386E-3 2.78749E-3 -9999 -9999 -9999 -9999 -9999 -9999 -9999 -9999
1.10041E-2 1.17228E-2 2.84164E-2 3.003E-2 2.88174E-2 3.20472E-2 2.97396E-2 2.36783E-2 2.02381E-2 2.03422E-2 2.38577E-2 3.17335E-2 2.76496E-2 2.36929E-2 2.24177E-2 2.36391E-2 2.34295E-2 1.12327E-2 7.84742E-3 8.50475E-3 9.14617E-3 1.85104E-2 1.63402E-2 1.63037E-2 1.88674E-2 1.06209E-2 1.18221E-2 1.3001E-2 1.27303E-2 1.20116E-2 1.1155E-2 1.16694E-2 5.5856E-2 4.80529E-2 4.26424E-2 4.27985E-2 3.57327E-2 3.25729E-2 2.85334E-2 2.55197E-2 2.20356E-2 1.71178E-2 1.46417E-2 1.31956E-2 1.09154E-2 8.90404E-3 7.24579E-3 6.218E-3 5.05627E-3 4.04876E-3 3.18857E-3 2.79836E-3 2.46566E-3 -9999 -9999 -9999 -9999 -9999 -9999 -9999 -9999
9.46096E-3 1.04378E-2 2.15753E-2 2.53907E-2 2.70433E-2 2.69726E-2 2.67854E-2 2.1136E-2 1.97584E-2 1.87317E-2 2.49654E-2 2.15213E-2 2.15149E-2 2.2009E-2 2.3368E-2 2.31229E-2 1.83607E-2 8.13765E-3 4.86648E-3 5.50222E-3 7.08984E-3 1.96981E-2 1.71425E-2 1.21337E-2 1.10195E-2 1.02226E-2 1.14749E-2 1.18873E-2 1.17627E-2 1.12892E-2 9.92039E-3 8.45265E-3 4.62545E-2 4.3765E-2 4.17699E-2 3.54737E-2 3.49144E-2 3.17E-2 2.80598E-2 2.69993E-2 2.05891E-2 1.39775E-2 1.14711E-2 9.97141E-3 8.97018E-3 8.34574E-3 6.83577E-3 5.82633E-3 4.78288E-3 3.90926E-3 3.01365E-3 2.44107E-3 1.95002E-3 -9999 -9999 -9999 -9999 -9999 -9999 -9999 -9999
7.96323E-3 8.60111E-3 1.64576E-2 2.06654E-2 2.31553E-2 2.45614E-2 2.75666E-2 1.91993E-2 1.77992E-2 1.82456E-2 2.17581E-2 1.89205E-2 1.92241E-2 2.02619E-2 2.08395E-2 2.00855E-2 2.90002E-2 1.37885E-2 6.43943E-3 6.07942E-3 9.37914E-3 2.73874E-2 2.84959E-2 1.14644E-2 7.57835E-3 7.90658E-3 7.91004E-3 7.87408E-3 8.0717E-3 7.79067E-3 4.16037E-2 4.01418E-2 3.85507E-2 3.8907E-2 3.68439E-2 3.37766E-2 3.09919E-2 2.90495E-2 3.01282E-2 3.00836E-2 2.10892E-2 1.48889E-2 1.23459E-2 8.95198E-3 7.89295E-3 7.42614E-3 6.58373E-3 5.37262E-3 4.34498E-3 3.42536E-3 2.88876E-3 2.1501E-3 1.86865E-3 1.63137E-3 -9999 -9999 -9999 -9999 -9999 -9999 -9999
7.17114E-3 1.21206E-2 1.36923E-2 1.5121E-2 2.08619E-2 2.15515E-2 2.28691E-2 2.09442E-2 1.75972E-2 1.80541E-2 1.71793E-2 1.76483E-2 2.06921E-2 2.46475E-2 1.71891E-2 1.45504E-2 1.92455E-2 2.05387E-2 8.74102E-3 5.88763E-3 1.05626E-2 2.61235E-2 3.38588E-2 1.15654E-2 5.75261E-3 5.8754E-3 4.14689E-3 4.33579E-3 5.05168E-3 5.96208E-3 3.55832E-2 3.88686E-2 3.37943E-2 3.6583E-2 3.29187E-2 2.90051E-2 2.78962E-2 2.70688E-2 2.62431E-2 2.44349E-2 1.68963E-2 1.46001E-2 1.3554E-2 1.01809E-2 7.99433E-3 6.4502E-3 5.85055E-3 5.16775E-3 4.11842E-3 3.29545E-3 2.575E-3 2.05206E-3 1.78809E-3 4.22001E-3 -9999 -9999 -9999 -9999 -9999 -9999 -9999
