Artocarpus hirsutus SDM files/MIS19/results (without bias file)/Arthir_min.asc
ncols         625
nrows         721
xllcorner     69.99986311115
yllcorner     5.99986187915
cellsize      0.041666667
NODATA_value  -9999
[rows 81 to 107 of 721, columns 427 to 487 of 625]
1.83502E-5 2.19854E-5 2.02698E-5 1.99614E-5 1.97379E-5 1.80772E-5 1.63278E-5 1.32274E-5 1.95362E-5 2.11466E-5 2.17911E-5 2.1076E-5 2.09001E-5 2.01806E-5 1.80104E-5 1.47627E-5 1.96288E-5 2.38229E-5 2.40014E-5 2.20829E-5 2.35219E-5 2.32467E-5 2.27763E-5 2.15999E-5 2.09221E-5 1.96501E-5 1.93715E-5 1.54581E-5 1.8042E-5 1.78638E-5 2.16848E-5 2.06601E-5 2.52537E-5 2.3769E-5 2.36596E-5 2.57315E-5 2.57608E-5 1.98155E-5 1.82528E-5 2.10912E-5 2.46446E-5 2.32214E-5 2.18644E-5 2.74775E-5 2.74131E-5 2.68425E-5 2.35544E-5 2.30015E-5 2.89374E-5 2.96201E-5 2.81615E-5 2.48799E-5 2.38688E-5 2.26767E-5 2.71045E-5 2.6431E-5 2.16339E-5 2.11377E-5 2.88733E-5 2.07463E-5 2.93466E-5
1.91464E-5 2.09494E-5 2.12372E-5 1.92942E-5 2.03453E-5 1.67884E-5 1.723E-5 1.66157E-5 2.22666E-5 2.206E-5 2.09969E-5 2.07055E-5 1.76225E-5 1.70475E-5 1.84358E-5 1.84783E-5 1.75493E-5 1.88898E-5 2.19447E-5 1.99356E-5 2.13099E-5 2.42047E-5 2.45875E-5 2.43588E-5 2.15891E-5 2.19447E-5 1.36755E-5 1.29973E-5 1.56644E-5 2.13258E-5 1.93185E-5 2.06445E-5 1.34098E-5 1.93087E-5 1.98442E-5 1.28556E-5 1.6366E-5 1.84033E-5 2.47147E-5 2.82257E-5 2.89502E-5 2.41857E-5 2.12945E-5 1.77481E-5 1.72482E-5 2.5832E-5 2.81881E-5 2.16202E-5 2.06162E-5 2.56938E-5 2.90761E-5 2.52896E-5 2.40923E-5 2.26886E-5 2.55009E-5 2.78427E-5 2.63454E-5 2.35371E-5 2.93153E-5 3.00076E-5 2.60165E-5
1.91839E-5 2.08569E-5 1.91458E-5 2.01152E-5 1.7597E-5 1.63861E-5 1.66812E-5 1.02948E-5 2.06346E-5 2.34776E-5 2.26021E-5 2.0028E-5 1.80845E-5 1.75726E-5 1.78686E-5 1.65542E-5 1.39249E-5 1.10823E-5 1.0835E-5 1.19799E-5 1.51909E-5 2.29488E-5 2.59672E-5 2.47951E-5 1.84984E-5 9.97596E-6 1.04395E-5 1.57426E-5 2.47907E-5 2.52229E-5 2.28685E-5 1.62577E-5 1.39211E-5 1.28835E-5 9.1728E-6 1.07152E-5 2.02908E-5 2.13036E-5 1.97088E-5 2.81918E-5 2.89897E-5 2.74182E-5 2.54887E-5 2.41933E-5 2.22051E-5 2.32827E-5 2.67394E-5 2.969E-5 2.96008E-5 2.86835E-5 2.36947E-5 2.69656E-5 2.49298E-5 2.44848E-5 2.79197E-5 2.90049E-5 2.34516E-5 1.76729E-5 3.15121E-5 3.23718E-5 3.08848E-5
2.05678E-5 2.03477E-5 1.95053E-5 1.9307E-5 1.61429E-5 1.67547E-5 1.51761E-5 9.61555E-6 1.59692E-5 2.47158E-5 2.24304E-5 2.2303E-5 1.87531E-5 1.76752E-5 1.62344E-5 1.85435E-5 1.90493E-5 1.31903E-5 1.03052E-5 9.57641E-6 9.27447E-6 1.98738E-5 2.53498E-5 2.59624E-5 2.18474E-5 1.08886E-5 1.82236E-5 2.64193E-5 2.69259E-5 2.59379E-5 2.38259E-5 2.2324E-5 2.20985E-5 1.95058E-5 9.47594E-6 1.37179E-5 1.82757E-5 2.71183E-5 2.86228E-5 2.80412E-5 2.42629E-5 2.62676E-5 1.74413E-5 2.52537E-5 1.30755E-5 1.59018E-5 2.2265E-5 2.54744E-5 2.75197E-5 2.61117E-5 2.89582E-5 2.0379E-5 1.71175E-5 1.10434E-5 8.82266E-6 1.05546E-5 1.06026E-5 1.24811E-5 1.86548E-5 1.83094E-5 2.72565E-5
2.1817E-5 1.94046E-5 1.90002E-5 1.90307E-5 1.66915E-5 1.71555E-5 1.12414E-5 8.08095E-6 1.51941E-5 2.31849E-5 2.29984E-5 2.02117E-5 1.83982E-5 1.78837E-5 1.86251E-5 1.89566E-5 1.83503E-5 1.39338E-5 1.10394E-5 1.24385E-5 9.71382E-6 1.26709E-5 2.16754E-5 2.36354E-5 2.23928E-5 1.31916E-5 1.59001E-5 2.47907E-5 2.75924E-5 2.74862E-5 2.53716E-5 2.30276E-5 2.16016E-5 1.7743E-5 9.39149E-6 1.11599E-5 2.06517E-5 2.96187E-5 2.89697E-5 2.66489E-5 2.18212E-5 2.82062E-5 2.06597E-5 2.49822E-5 1.76929E-5 1.31196E-5 2.50726E-5 3.12198E-5 2.75785E-5 2.09229E-5 1.47868E-5 8.62481E-6 6.4988E-6 6.33238E-6 6.70784E-6 7.47658E-6 8.45753E-6 9.2801E-6 9.62981E-6 1.38273E-5 1.51594E-5
1.85718E-5 1.77397E-5 1.79338E-5 1.72181E-5 1.76179E-5 1.24914E-5 6.94426E-6 7.57785E-6 2.20994E-5 2.34631E-5 2.0886E-5 1.80039E-5 1.95872E-5 1.99429E-5 1.99071E-5 1.86897E-5 1.89813E-5 1.90267E-5 1.78144E-5 1.54898E-5 8.82535E-6 8.19967E-6 9.58497E-6 1.0454E-5 9.40269E-6 9.31521E-6 1.2649E-5 1.57521E-5 2.36075E-5 1.95981E-5 1.27705E-5 1.06888E-5 8.81417E-6 6.99837E-6 7.99267E-6 8.75383E-6 2.60439E-5 2.94529E-5 1.48981E-5 1.36574E-5 2.55616E-5 2.83069E-5 1.86799E-5 2.88089E-5 2.03706E-5 1.49662E-5 1.452E-5 1.14317E-5 1.04735E-5 8.12133E-6 5.50997E-6 5.94899E-6 6.30316E-6 5.96038E-6 6.43244E-6 8.64687E-6 1.96248E-5 2.08439E-5 1.79507E-5 3.15121E-5 3.28267E-5
1.67465E-5 1.65187E-5 1.71708E-5 1.94531E-5 1.51975E-5 8.4262E-6 6.72438E-6 1.11982E-5 2.42267E-5 2.10523E-5 1.97129E-5 1.95492E-5 2.2065E-5 2.05239E-5 1.83436E-5 1.84358E-5 1.98366E-5 2.12648E-5 2.12497E-5 1.39479E-5 7.69039E-6 7.90484E-6 7.47913E-6 9.40645E-6 1.39449E-5 1.97104E-5 2.35159E-5 2.14309E-5 2.71108E-5 2.6116E-5 2.21757E-5 1.64343E-5 7.16864E-6 5.95777E-6 1.0432E-5 1.53719E-5 3.01851E-5 2.77942E-5 2.63126E-5 1.71012E-5 1.32929E-5 1.54479E-5 8.36977E-6 1.6336E-5 2.4874E-5 2.10413E-5 2.13028E-5 1.8517E-5 1.56747E-5 8.60482E-6 9.37204E-6 1.0968E-5 5.54734E-6 9.83315E-6 3.16189E-5 3.17812E-5 3.66235E-5 3.17677E-5 3.34822E-5 3.37148E-5 3.42501E-5
1.74917E-5 1.80308E-5 1.51928E-5 1.56248E-5 7.61584E-6 6.97806E-6 9.44946E-6 2.2048E-5 2.40796E-5 1.96449E-5 2.10624E-5 2.2297E-5 2.12944E-5 1.96449E-5 2.02939E-5 2.05046E-5 1.97892E-5 2.1517E-5 2.15754E-5 1.622E-5 6.88696E-6 6.88685E-6 7.51546E-6 1.8438E-5 2.80929E-5 2.57224E-5 2.4979E-5 2.42703E-5 2.55241E-5 2.50899E-5 2.48674E-5 1.68147E-5 7.19533E-6 9.04341E-6 2.15544E-5 2.32162E-5 1.36172E-5 1.34975E-5 1.57574E-5 1.23578E-5 7.44902E-6 7.26562E-6 2.78494E-5 2.46594E-5 2.02062E-5 1.64437E-5 1.20864E-5 8.99414E-6 1.31952E-5 2.0549E-5 3.27234E-5 1.46958E-5 8.06333E-6 1.23333E-5 2.35094E-5 2.48858E-5 2.66489E-5 2.94522E-5 2.21431E-5 2.41487E-5 1.78476E-5
1.78895E-5 1.70448E-5 1.06457E-5 7.82923E-6 7.27378E-6 1.59904E-5 2.01382E-5 2.53957E-5 2.32246E-5 1.9882E-5 2.31983E-5 2.211E-5 2.0897E-5 2.07684E-5 2.03502E-5 2.10457E-5 1.92737E-5 2.15989E-5 1.84409E-5 1.25072E-5 6.69861E-6 5.94195E-6 9.7224E-6 2.7694E-5 2.61853E-5 2.41028E-5 2.4471E-5 2.29945E-5 2.61474E-5 1.95404E-5 2.75981E-5 1.75127E-5 2.25703E-5 3.03961E-5 2.65274E-5 2.26351E-5 1.33226E-5 8.33468E-6 6.43233E-6 5.75402E-6 9.22659E-6 2.10254E-5 2.47063E-5 1.84465E-5 1.37534E-5 1.15717E-5 8.01087E-6 6.39523E-6 7.00132E-6 1.60811E-5 3.33306E-5 3.24474E-5 2.16562E-5 3.10002E-5 3.04563E-5 1.66778E-5 1.44955E-5 1.89609E-5 1.46765E-5 2.89173E-5 3.37661E-5
2.1901E-5 1.90267E-5 6.88214E-6 8.31041E-6 1.57729E-5 2.33807E-5 2.31873E-5 2.07991E-5 2.19339E-5 1.80883E-5 2.20215E-5 2.33637E-5 2.117E-5 2.19196E-5 2.36439E-5 2.22808E-5 2.32546E-5 2.15018E-5 1.8493E-5 9.90346E-6 7.41378E-6 6.2809E-6 1.35873E-5 2.90633E-5 2.86992E-5 2.20798E-5 1.52893E-5 1.26219E-5 1.89427E-5 1.11434E-5 1.28939E-5 2.23755E-5 2.95602E-5 3.03408E-5 2.75981E-5 2.49603E-5 1.76882E-5 1.24878E-5 2.12894E-5 1.87359E-5 2.5519E-5 2.61996E-5 1.35925E-5 6.71517E-6 7.99333E-6 2.02794E-5 3.09749E-5 1.98564E-5 1.21167E-5 8.87007E-6 1.20892E-5 1.66859E-5 1.739E-5 1.97693E-5 1.8755E-5 1.3222E-5 1.15111E-5 1.24143E-5 1.69345E-5 3.67261E-5 3.21632E-5
2.18266E-5 1.7049E-5 1.65058E-5 2.21771E-5 2.31873E-5 2.14169E-5 1.94111E-5 1.86947E-5 2.1547E-5 2.1923E-5 1.65058E-5 2.53481E-5 2.33678E-5 2.25956E-5 2.44609E-5 2.25164E-5 2.25412E-5 1.25553E-5 1.7049E-5 1.96482E-5 1.08099E-5 7.6589E-6 1.29808E-5 2.75209E-5 2.96093E-5 2.29945E-5 1.08034E-5 6.78984E-6 6.81643E-6 1.22183E-5 2.40809E-5 2.02847E-5 2.67539E-5 2.72194E-5 2.59573E-5 2.26183E-5 2.44453E-5 1.50095E-5 1.95349E-5 1.37446E-5 7.41691E-6 8.85254E-6 1.0433E-5 5.18539E-6 9.37925E-6 3.43635E-5 3.41582E-5 3.16128E-5 2.05459E-5 9.91179E-6 7.86412E-6 9.31303E-6 1.00489E-5 9.11703E-6 8.63762E-6 8.28385E-6 8.29502E-6 8.10395E-6 7.34903E-6 7.38315E-6 7.81559E-6
8.99188E-6 2.47905E-5 2.49332E-5 2.40345E-5 2.35412E-5 2.145E-5 1.94464E-5 1.85087E-5 1.93942E-5 2.26358E-5 2.0019E-5 2.46626E-5 1.98327E-5 2.13439E-5 2.64715E-5 2.31557E-5 1.7995E-5 2.26749E-5 2.38442E-5 1.88684E-5 8.67263E-6 7.38317E-6 1.32842E-5 2.67747E-5 2.95378E-5 2.68399E-5 1.30887E-5 1.21114E-5 1.60909E-5 2.43234E-5 2.72587E-5 2.09521E-5 1.89548E-5 1.55729E-5 1.76217E-5 1.22131E-5 1.07852E-5 6.93027E-6 6.79163E-6 5.86347E-6 4.34501E-6 2.08979E-5 2.94888E-5 8.82583E-6 1.53306E-5 2.6064E-5 2.86624E-5 1.8115E-5 2.12801E-5 2.34255E-5 1.14679E-5 6.72866E-6 6.93123E-6 7.06132E-6 7.58349E-6 6.59414E-6 7.52246E-6 1.08197E-5 1.28553E-5 1.40163E-5 1.38235E-5
1.69127E-5 2.80727E-5 2.73758E-5 2.45193E-5 2.18369E-5 2.3989E-5 2.2535E-5 1.773E-5 1.22886E-5 1.07622E-5 1.6242E-5 1.58026E-5 1.80323E-5 2.71567E-5 2.74094E-5 2.46712E-5 2.44417E-5 2.50926E-5 2.27898E-5 1.1529E-5 7.31699E-6 7.52248E-6 1.53168E-5 2.96376E-5 3.08484E-5 3.01452E-5 2.74154E-5 2.08587E-5 9.99886E-6 1.29875E-5 1.79542E-5 1.3343E-5 1.33915E-5 1.26728E-5 1.0444E-5 8.81543E-6 8.84433E-6 1.35564E-5 1.6267E-5 1.77987E-5 2.55987E-5 3.30773E-5 1.65748E-5 1.30196E-5 3.19804E-5 1.48738E-5 9.59969E-6 7.1345E-6 9.50763E-6 1.71986E-5 6.69763E-6 7.3295E-6 1.44626E-5 1.48196E-5 1.16912E-5 1.29605E-5 2.04727E-5 1.74267E-5 2.85242E-5 2.0673E-5 1.50882E-5
1.80323E-5 2.5068E-5 2.7265E-5 2.63335E-5 2.26322E-5 2.36717E-5 2.05578E-5 1.40966E-5 1.00496E-5 1.10682E-5 1.44999E-5 1.89771E-5 2.04077E-5 2.52184E-5 2.63107E-5 2.55833E-5 2.44913E-5 1.97439E-5 1.53754E-5 1.0095E-5 5.97231E-6 6.67246E-6 1.3662E-5 2.70884E-5 2.90369E-5 2.85974E-5 2.85974E-5 2.74058E-5 1.42374E-5 7.72757E-6 7.62113E-6 9.07475E-6 1.29695E-5 1.11417E-5 1.03005E-5 2.1705E-5 2.02669E-5 1.22131E-5 9.74552E-6 1.51174E-5 3.52283E-5 3.12997E-5 1.05715E-5 2.02892E-5 3.0739E-5 1.11313E-5 1.07518E-5 1.3951E-5 1.11783E-5 7.73617E-6 6.91924E-6 8.58394E-6 2.03223E-5 2.11143E-5 2.60614E-5 2.37778E-5 3.81572E-5 3.70043E-5 3.27945E-5 2.37648E-5 2.13077E-5
1.4099E-5 2.45492E-5 2.79462E-5 2.71323E-5 2.33609E-5 2.3034E-5 1.52418E-5 1.25826E-5 8.51975E-6 9.82466E-6 1.19674E-5 1.06723E-5 1.36048E-5 2.13425E-5 2.49545E-5 1.77102E-5 2.51E-5 2.66492E-5 2.70414E-5 2.34686E-5 7.0218E-6 1.06703E-5 2.67273E-5 2.72466E-5 2.38096E-5 2.94831E-5 2.59961E-5 1.12755E-5 8.28214E-6 8.28214E-6 8.39767E-6 8.90974E-6 9.76011E-6 1.76179E-5 2.91022E-5 2.40266E-5 1.51438E-5 8.15071E-6 9.86739E-6 1.22352E-5 1.86402E-5 1.76423E-5 1.03623E-5 1.02924E-5 1.34841E-5 1.58045E-5 3.55442E-5 3.7204E-5 3.60914E-5 3.3172E-5 2.59631E-5 2.30494E-5 3.37093E-5 3.7419E-5 3.50935E-5 3.56296E-5 3.65084E-5 3.66352E-5 3.67108E-5 3.4767E-5 3.61298E-5
1.20144E-5 1.48294E-5 2.07646E-5 2.0496E-5 1.49687E-5 1.58126E-5 1.03313E-5 7.45506E-6 6.52126E-6 7.0218E-6 7.31963E-6 7.42165E-6 9.91692E-6 1.56069E-5 2.52743E-5 2.57543E-5 2.73805E-5 2.44785E-5 1.96865E-5 1.20806E-5 6.70556E-6 1.16995E-5 1.05756E-5 1.34823E-5 2.06126E-5 1.4506E-5 8.56002E-6 8.35991E-6 9.21061E-6 9.21061E-6 9.77225E-6 1.11575E-5 1.04124E-5 1.2735E-5 8.26462E-6 7.136E-6 7.56942E-6 8.15071E-6 9.42256E-6 1.13662E-5 1.09036E-5 1.07536E-5 9.80308E-6 1.17694E-5 2.6173E-5 2.32357E-5 1.52693E-5 2.67657E-5 2.84697E-5 2.97115E-5 2.56259E-5 3.20368E-5 3.4886E-5 3.43378E-5 2.96424E-5 3.40458E-5 3.24376E-5 3.65417E-5 3.81251E-5 2.32658E-5 2.02327E-5
2.56333E-5 2.43931E-5 2.36055E-5 2.50392E-5 1.60308E-5 9.77671E-6 6.98788E-6 9.55722E-6 7.59291E-6 6.34301E-6 6.05713E-6 6.05713E-6 8.32788E-6 1.08204E-5 1.10682E-5 1.42396E-5 1.16948E-5 1.282E-5 1.09221E-5 7.73617E-6 6.52216E-6 6.70556E-6 7.63E-6 8.44238E-6 1.70991E-5 1.24129E-5 7.55685E-6 8.09894E-6 9.46895E-6 9.21061E-6 9.77225E-6 1.11078E-5 1.14701E-5 2.39043E-5 1.92798E-5 1.03972E-5 7.3955E-6 7.26022E-6 8.52463E-6 8.52463E-6 9.3183E-6 9.23162E-6 1.20456E-5 9.49159E-6 7.25366E-6 1.11613E-5 1.34238E-5 1.13685E-5 1.22659E-5 1.22659E-5 1.24371E-5 1.26106E-5 1.26923E-5 1.70791E-5 1.25742E-5 1.57201E-5 1.20816E-5 2.51493E-5 1.75012E-5 1.21365E-5 9.19974E-6
8.36527E-6 8.68051E-6 8.44383E-6 1.20798E-5 2.43823E-5 2.63301E-5 1.30481E-5 2.30694E-5 1.2638E-5 1.1586E-5 7.80583E-6 7.91448E-6 1.28765E-5 1.31127E-5 2.53662E-5 1.84648E-5 2.08827E-5 1.282E-5 8.80128E-6 8.64175E-6 9.42993E-6 1.0104E-5 9.82888E-6 9.56111E-6 1.40505E-5 2.90227E-5 1.56834E-5 1.02875E-5 9.86989E-6 1.01862E-5 1.0328E-5 9.90837E-6 9.63798E-6 2.82734E-5 3.5636E-5 3.23031E-5 2.37003E-5 1.07893E-5 8.6438E-6 8.7646E-6 1.4482E-5 8.47031E-6 8.08743E-6 9.06297E-6 1.07062E-5 8.79382E-6 7.81274E-6 1.16354E-5 2.41662E-5 2.35116E-5 9.91493E-6 8.74748E-6 8.88468E-6 8.55995E-6 8.80203E-6 9.58316E-6 9.91099E-6 1.20981E-5 1.11298E-5 1.00024E-5 8.66017E-6
8.36527E-6 7.77093E-6 6.25569E-6 8.25041E-6 1.42396E-5 2.38966E-5 2.54798E-5 2.69048E-5 2.47191E-5 2.47553E-5 2.28308E-5 2.79503E-5 2.66062E-5 2.65139E-5 2.59653E-5 2.34686E-5 1.66308E-5 1.71783E-5 9.13279E-6 9.519E-6 1.21393E-5 1.18094E-5 1.14883E-5 1.36089E-5 1.54017E-5 1.7985E-5 1.11757E-5 9.73442E-6 1.06174E-5 1.04717E-5 1.00463E-5 9.50553E-6 9.11883E-6 1.06565E-5 2.30571E-5 3.45249E-5 1.98478E-5 1.73578E-5 2.71267E-5 3.57378E-5 2.73624E-5 2.21858E-5 7.82971E-6 1.33038E-5 3.79933E-5 2.5158E-5 7.05416E-6 6.19255E-6 8.97919E-6 1.37697E-5 1.04343E-5 2.26107E-5 2.84132E-5 7.83608E-6 7.52358E-6 8.21975E-6 7.70062E-6 8.4216E-6 9.03057E-6 1.07343E-5 1.07343E-5
9.42629E-6 9.86852E-6 1.4636E-5 9.42629E-6 2.71258E-5 2.93443E-5 2.66632E-5 2.39685E-5 2.33887E-5 1.36037E-5 1.03354E-5 1.66415E-5 7.6299E-6 2.6179E-5 2.90081E-5 2.59653E-5 2.18875E-5 1.01038E-5 7.18658E-6 7.59573E-6 8.76202E-6 9.42993E-6 9.56111E-6 1.87403E-5 1.01464E-5 8.8828E-6 9.96257E-6 1.01012E-5 1.08662E-5 1.07171E-5 1.02819E-5 9.72849E-6 9.59479E-6 9.89965E-6 9.36607E-6 8.901E-6 9.18124E-6 1.33825E-5 1.34233E-5 2.11056E-5 3.59476E-5 1.97915E-5 1.22398E-5 2.18519E-5 3.37541E-5 3.42445E-5 2.28187E-5 8.1449E-6 5.615E-6 7.38707E-6 8.27431E-6 9.70549E-6 1.05162E-5 1.23264E-5 1.51238E-5 1.8605E-5 1.0285E-5 1.13891E-5 1.598E-5 2.54153E-5 3.69515E-5
1.69224E-5 1.65479E-5 2.70326E-5 2.38016E-5 2.39114E-5 2.84566E-5 2.81422E-5 2.65423E-5 1.88132E-5 7.6299E-6 7.08773E-6 8.80128E-6 6.14173E-6 8.96366E-6 1.97719E-5 1.51846E-5 1.53272E-5 1.63435E-5 9.92128E-6 1.01987E-5 8.7229E-6 9.65089E-6 9.78512E-6 1.95269E-5 1.34228E-5 9.69094E-6 9.69094E-6 9.69094E-6 1.0425E-5 1.0425E-5 1.01407E-5 1.06089E-5 1.03194E-5 9.89965E-6 9.76351E-6 9.23717E-6 8.6184E-6 9.97757E-6 1.361E-5 9.60035E-6 1.85681E-5 1.2185E-5 7.794E-6 1.66759E-5 1.54193E-5 1.98988E-5 2.75981E-5 1.21556E-5 6.20574E-6 5.70587E-6 6.33428E-6 1.15388E-5 1.24816E-5 2.15578E-5 3.0096E-5 2.96107E-5 2.80451E-5 2.93667E-5 3.81213E-5 3.86623E-5 3.90452E-5
2.2715E-5 1.65479E-5 1.63333E-5 1.10736E-5 1.25341E-5 1.59014E-5 9.69433E-6 1.01038E-5 1.64149E-5 1.75787E-5 1.15919E-5 2.79533E-5 2.68342E-5 2.11921E-5 9.77639E-6 9.55722E-6 2.18257E-5 1.20274E-5 6.5825E-6 8.36848E-6 8.36848E-6 9.13189E-6 9.25901E-6 9.0065E-6 8.8828E-6 8.52166E-6 8.06255E-6 7.95163E-6 8.40452E-6 9.2971E-6 1.01407E-5 1.06089E-5 1.03194E-5 9.89965E-6 9.89965E-6 1.04985E-5 9.52811E-6 1.00083E-5 1.52426E-5 9.33756E-6 9.16713E-6 1.01765E-5 7.65117E-6 7.92379E-6 8.16671E-6 1.44231E-5 2.05924E-5 1.05803E-5 1.20653E-5 8.00857E-6 5.9336E-6 1.03708E-5 2.13338E-5 3.84319E-5 4.06418E-5 3.7903E-5 1.38119E-5 1.08739E-5 1.03815E-5 1.8268E-5 1.91259E-5
2.25311E-5 1.38523E-5 8.06382E-6 9.17364E-6 9.56149E-6 9.56149E-6 9.17364E-6 9.38851E-6 7.38837E-6 1.00547E-5 2.64E-5 2.67699E-5 2.63288E-5 2.63821E-5 2.61608E-5 2.47553E-5 2.73641E-5 1.01038E-5 7.08773E-6 7.45774E-6 7.15429E-6 7.05587E-6 7.59571E-6 7.45751E-6 7.80903E-6 1.46355E-5 1.95993E-5 1.37975E-5 8.02629E-6 9.3844E-6 1.02359E-5 1.02359E-5 1.05614E-5 1.01319E-5 9.71964E-6 1.09436E-5 1.16031E-5 1.11813E-5 1.87425E-5 6.43591E-6 6.73079E-6 7.01812E-6 7.75844E-6 8.03491E-6 9.65088E-6 1.95402E-5 3.63774E-5 3.77422E-5 3.79337E-5 3.16805E-5 1.67628E-5 1.00691E-5 7.90879E-6 1.67906E-5 1.88357E-5 1.51189E-5 1.12318E-5 9.45997E-6 1.00118E-5 1.28621E-5 1.62596E-5
1.84621E-5 9.0883E-6 8.80128E-6 9.30117E-6 9.30117E-6 8.48404E-6 7.80882E-6 9.04783E-6 1.75683E-5 2.48369E-5 2.80752E-5 2.79997E-5 2.72527E-5 2.01786E-5 1.38459E-5 1.60308E-5 9.046E-6 7.28679E-6 1.39917E-5 1.80679E-5 8.02779E-6 9.96552E-6 1.91809E-5 2.09106E-5 1.81583E-5 3.35555E-5 3.2961E-5 1.64963E-5 8.02629E-6 9.12826E-6 1.00953E-5 9.95664E-6 9.81984E-6 9.9926E-6 9.45402E-6 1.03542E-5 1.06449E-5 1.43829E-5 2.15982E-5 1.03187E-5 5.18018E-6 6.36565E-6 6.94013E-6 6.9721E-6 8.39743E-6 1.24743E-5 2.67349E-5 3.27452E-5 3.8594E-5 3.97163E-5 3.96589E-5 3.75046E-5 2.65968E-5 1.07589E-5 2.54822E-5 3.70657E-5 2.69033E-5 1.3958E-5 1.14411E-5 1.01524E-5 8.46062E-6
1.09706E-5 7.87957E-6 8.44383E-6 8.68051E-6 1.07248E-5 8.71941E-6 1.17526E-5 2.24413E-5 2.44354E-5 2.48092E-5 2.83388E-5 2.88481E-5 2.70407E-5 2.78924E-5 2.6426E-5 1.99567E-5 7.95311E-6 9.56149E-6 1.59014E-5 2.96997E-5 2.70487E-5 1.20868E-5 9.82888E-6 1.04843E-5 9.13189E-6 2.38482E-5 1.72597E-5 6.19981E-6 7.05524E-6 8.40045E-6 8.63647E-6 9.55176E-6 9.85519E-6 9.45402E-6 9.32391E-6 1.04985E-5 1.08759E-5 1.43829E-5 2.20571E-5 2.30852E-5 1.09565E-5 8.49492E-6 8.61391E-6 7.37178E-6 6.89265E-6 1.05136E-5 1.75386E-5 2.26741E-5 3.52131E-5 4.15121E-5 4.17849E-5 4.25164E-5 3.8147E-5 2.64981E-5 3.95639E-5 4.05217E-5 3.0188E-5 2.52302E-5 1.71179E-5 2.1662E-5 1.71947E-5
7.77093E-6 7.31963E-6 7.31963E-6 1.07725E-5 1.78883E-5 1.7799E-5 2.34535E-5 1.72205E-5 1.86936E-5 2.15138E-5 1.94654E-5 1.56455E-5 1.20081E-5 1.58026E-5 2.09767E-5 9.00375E-6 1.02399E-5 1.64866E-5 1.13829E-5 7.80882E-6 1.00591E-5 9.92128E-6 7.91789E-6 8.14012E-6 1.74982E-5 2.86523E-5 3.00611E-5 3.11963E-5 9.3844E-6 2.34228E-5 1.16344E-5 9.03704E-6 8.87257E-6 9.32391E-6 9.62922E-6 1.06449E-5 1.39912E-5 1.52665E-5 1.89085E-5 2.24602E-5 2.02114E-5 1.65944E-5 1.05851E-5 9.5611E-6 7.08771E-6 6.79712E-6 1.13206E-5 1.94025E-5 2.09703E-5 2.71497E-5 3.40921E-5 4.02298E-5 4.22184E-5 4.06021E-5 3.9901E-5 4.50066E-5 4.14725E-5 4.14461E-5 4.06232E-5 3.98571E-5 3.84514E-5
1.24107E-5 1.40454E-5 8.02463E-6 2.66062E-5 2.94809E-5 2.69299E-5 2.43421E-5 2.61414E-5 2.21237E-5 2.50653E-5 2.40962E-5 2.06657E-5 1.96653E-5 1.81767E-5 1.00003E-5 9.82033E-6 2.62954E-5 2.79758E-5 1.52602E-5 1.91682E-5 1.3062E-5 2.69234E-5 1.20868E-5 7.35521E-6 1.49842E-5 2.06263E-5 1.14373E-5 1.45138E-5 7.66473E-6 7.35234E-6 7.48424E-6 8.43192E-6 7.65128E-6 7.97671E-6 8.73879E-6 1.24895E-5 1.23181E-5 1.08759E-5 2.15539E-5 3.36582E-5 1.75265E-5 1.09817E-5 1.16075E-5 1.87401E-5 1.19086E-5 7.6344E-6 7.4073E-6 1.16635E-5 1.45174E-5 1.50865E-5 1.35649E-5 2.01001E-5 2.67013E-5 3.20484E-5 2.70703E-5 4.14065E-5 3.97249E-5 4.15911E-5 4.35616E-5 4.00289E-5 3.99826E-5
