Artocarpus hirsutus SDM files/MIS19/results (without bias file)/Arthir_max.asc
ncols         625
nrows         721
xllcorner     69.99986311115
yllcorner     5.99986187915
cellsize      0.041666667
NODATA_value  -9999
[rows 216 to 242 of 721, columns 122 to 182 of 625]
6.5384E-6 7.77913E-6 8.17268E-6 9.40233E-6 1.13758E-5 1.22481E-5 1.23975E-5 1.11749E-5 1.2384E-5 1.40064E-5 1.66293E-5 1.78756E-5 1.59344E-5 1.70423E-5 2.05569E-5 2.59569E-5 2.64045E-5 2.64273E-5 2.64784E-5 1.83542E-5 1.99157E-5 2.29067E-5 3.08799E-5 3.99749E-5 2.0473E-5 2.79942E-5 2.75854E-5 2.77052E-5 2.80995E-5 2.88548E-5 3.03818E-5 4.20735E-5 2.83061E-5 3.19496E-5 3.60126E-5 3.48502E-5 3.61682E-5 3.69431E-5 3.78499E-5 3.75834E-5 3.6115E-5 4.80439E-5 3.34705E-5 3.73287E-5 3.21861E-5 3.1902E-5 3.34451E-5 3.97546E-5 4.80189E-5 3.92116E-5 3.37576E-5 3.6973E-5 3.5518E-5 3.47217E-5 3.48007E-5 3.65417E-5 4.12672E-5 4.14133E-5 4.20027E-5 4.34815E-5 4.82731E-5
7.25203E-6 8.52955E-6 8.695E-6 9.45028E-6 9.65121E-6 1.12767E-5 1.10588E-5 1.15803E-5 1.0255E-5 1.29025E-5 1.40474E-5 1.49412E-5 1.64011E-5 1.91931E-5 2.10718E-5 2.12308E-5 2.27039E-5 4.05526E-5 3.06889E-5 1.94162E-5 2.053E-5 2.48994E-5 3.89877E-5 3.96798E-5 2.491E-5 2.78955E-5 3.00012E-5 3.12461E-5 3.238E-5 3.2725E-5 3.01679E-5 2.96086E-5 3.30611E-5 3.71183E-5 3.80263E-5 3.56606E-5 3.61682E-5 3.57868E-5 3.57981E-5 3.54826E-5 3.91551E-5 3.7402E-5 3.42491E-5 3.20726E-5 3.46501E-5 4.46276E-5 4.31678E-5 4.37638E-5 5.43291E-5 5.35021E-5 4.81802E-5 4.0956E-5 2.85451E-5 2.76771E-5 3.0759E-5 3.61683E-5 4.15248E-5 4.25742E-5 4.34119E-5 4.47726E-5 4.95716E-5
7.15065E-6 7.8977E-6 7.64834E-6 9.65871E-6 1.0366E-5 1.18105E-5 1.27569E-5 1.34242E-5 1.10482E-5 1.53732E-5 1.69364E-5 1.93622E-5 2.006E-5 1.90238E-5 2.01399E-5 2.08585E-5 2.10807E-5 2.4385E-5 3.18805E-5 2.36168E-5 2.06821E-5 2.62168E-5 2.87278E-5 3.64394E-5 3.04471E-5 3.95232E-5 2.90102E-5 3.23133E-5 3.41436E-5 3.49986E-5 3.3555E-5 3.16694E-5 3.03466E-5 3.65329E-5 3.8084E-5 4.51244E-5 4.59857E-5 4.58121E-5 3.97104E-5 4.16512E-5 4.85578E-5 3.929E-5 3.31876E-5 3.20169E-5 3.83115E-5 3.12068E-5 2.89905E-5 3.00332E-5 3.67126E-5 4.77296E-5 3.88932E-5 4.39223E-5 3.36398E-5 3.10049E-5 3.36323E-5 4.17886E-5 5.15562E-5 5.38692E-5 4.65557E-5 4.78047E-5 4.44659E-5
8.26383E-6 8.56291E-6 9.40628E-6 1.01315E-5 1.0815E-5 1.18686E-5 1.09502E-5 1.05133E-5 1.08766E-5 1.3448E-5 1.67942E-5 1.71851E-5 1.72777E-5 1.88035E-5 1.98982E-5 2.07544E-5 1.8937E-5 2.6106E-5 3.86411E-5 2.1933E-5 2.01951E-5 2.43554E-5 2.47381E-5 3.26566E-5 2.71279E-5 3.04741E-5 2.71194E-5 3.06372E-5 3.25919E-5 3.48559E-5 3.75623E-5 3.25048E-5 3.26458E-5 4.19346E-5 4.65774E-5 4.74665E-5 5.06934E-5 4.19672E-5 4.60537E-5 5.76269E-5 5.62961E-5 3.81913E-5 3.00963E-5 3.5456E-5 3.03371E-5 3.0133E-5 3.11624E-5 2.60433E-5 2.38006E-5 2.46566E-5 2.31359E-5 4.01111E-5 3.8603E-5 3.20092E-5 3.52676E-5 5.36668E-5 5.58655E-5 4.66878E-5 4.39477E-5 4.37164E-5 3.87387E-5
8.93095E-6 8.77456E-6 9.0779E-6 9.77803E-6 1.10858E-5 1.41854E-5 1.27058E-5 9.8517E-6 1.08634E-5 1.3692E-5 1.40574E-5 1.42789E-5 1.63095E-5 1.8322E-5 1.85447E-5 2.09513E-5 1.97987E-5 2.26377E-5 2.39892E-5 2.25908E-5 2.17584E-5 2.46165E-5 2.64193E-5 2.7515E-5 3.4865E-5 3.66674E-5 2.92775E-5 3.0004E-5 3.05029E-5 3.22203E-5 3.5352E-5 3.6981E-5 4.22515E-5 4.43433E-5 4.71783E-5 4.85539E-5 5.26141E-5 4.25421E-5 4.51988E-5 4.21088E-5 3.22288E-5 3.4537E-5 3.48351E-5 2.77433E-5 2.97229E-5 3.19999E-5 3.10525E-5 3.07347E-5 3.13287E-5 2.69388E-5 2.65133E-5 2.72259E-5 3.25032E-5 3.97249E-5 3.72106E-5 4.38444E-5 4.83703E-5 3.31799E-5 3.47189E-5 3.54628E-5 4.19484E-5
8.10637E-6 7.99261E-6 8.44342E-6 8.25301E-6 9.90281E-6 1.3276E-5 1.31163E-5 9.99507E-6 9.94644E-6 1.22554E-5 1.44234E-5 1.50495E-5 1.54495E-5 1.71189E-5 2.06333E-5 2.16041E-5 2.20215E-5 2.13763E-5 2.26541E-5 2.61227E-5 2.38428E-5 2.57364E-5 3.11241E-5 3.68923E-5 3.6055E-5 3.27641E-5 3.00644E-5 2.8218E-5 2.9002E-5 3.0312E-5 3.19056E-5 3.87542E-5 4.39953E-5 4.66441E-5 4.78953E-5 5.08809E-5 3.328E-5 3.53365E-5 2.68213E-5 3.25627E-5 3.72059E-5 3.30026E-5 2.72086E-5 2.92116E-5 3.10213E-5 3.76105E-5 3.7466E-5 3.66801E-5 3.60698E-5 3.8337E-5 3.70061E-5 4.18523E-5 6.57368E-5 6.33133E-5 5.44919E-5 4.93934E-5 3.23205E-5 3.53925E-5 3.68067E-5 3.74627E-5 4.46275E-5
7.63278E-6 7.43669E-6 8.11148E-6 9.21545E-6 9.39307E-6 1.00299E-5 1.04075E-5 1.14353E-5 1.11388E-5 1.24337E-5 1.62664E-5 1.67631E-5 1.621E-5 1.98225E-5 2.09336E-5 2.21521E-5 2.2349E-5 2.4107E-5 2.6308E-5 2.41044E-5 2.34426E-5 2.7146E-5 2.87225E-5 3.35284E-5 3.08265E-5 2.69668E-5 2.92711E-5 2.96593E-5 2.77203E-5 3.18496E-5 4.05755E-5 4.22445E-5 5.16769E-5 5.59096E-5 6.27277E-5 5.49545E-5 3.68157E-5 2.79976E-5 2.66408E-5 2.52431E-5 2.61053E-5 2.98388E-5 3.10768E-5 3.69694E-5 4.02104E-5 4.01398E-5 3.90897E-5 3.81348E-5 3.99982E-5 4.20137E-5 4.80104E-5 5.29662E-5 6.35687E-5 3.99575E-5 4.08776E-5 3.52957E-5 3.54318E-5 3.99493E-5 4.05888E-5 4.24223E-5 4.64807E-5
8.36574E-6 7.50112E-6 7.6124E-6 9.2808E-6 9.68456E-6 9.4844E-6 1.00918E-5 1.20208E-5 1.16642E-5 1.23921E-5 1.44048E-5 1.44063E-5 1.6106E-5 1.82545E-5 1.95848E-5 2.23952E-5 2.23952E-5 2.33659E-5 2.60537E-5 2.56881E-5 2.84532E-5 2.54358E-5 2.74991E-5 2.69138E-5 2.68188E-5 2.84603E-5 3.06847E-5 3.11767E-5 3.09717E-5 3.76521E-5 4.3239E-5 4.50031E-5 5.97059E-5 6.34764E-5 4.77741E-5 2.76775E-5 3.42501E-5 2.61646E-5 2.88453E-5 3.07942E-5 3.19585E-5 3.24236E-5 3.85714E-5 3.61624E-5 4.29273E-5 4.07111E-5 4.07834E-5 4.0211E-5 4.1351E-5 4.32181E-5 4.00081E-5 4.73638E-5 4.3402E-5 4.17995E-5 4.84768E-5 4.16934E-5 4.61376E-5 3.98794E-5 4.19762E-5 4.31796E-5 4.2498E-5
6.5702E-6 7.95237E-6 8.0548E-6 8.89659E-6 9.65344E-6 9.48421E-6 1.00054E-5 1.25202E-5 1.36552E-5 1.43234E-5 1.4709E-5 1.3786E-5 1.60242E-5 1.87845E-5 1.98782E-5 2.30445E-5 2.13583E-5 2.29231E-5 2.54805E-5 2.65264E-5 2.50422E-5 2.64058E-5 2.65528E-5 2.72659E-5 2.75983E-5 2.7115E-5 2.95147E-5 2.68291E-5 3.13318E-5 3.42739E-5 4.00575E-5 4.24347E-5 5.22756E-5 5.74925E-5 2.52124E-5 2.38833E-5 2.51471E-5 3.03089E-5 3.41481E-5 3.22423E-5 3.7696E-5 4.03848E-5 4.03848E-5 4.33082E-5 4.31555E-5 4.37697E-5 4.84482E-5 4.69171E-5 3.97747E-5 5.02489E-5 4.92809E-5 5.6006E-5 4.57236E-5 3.28104E-5 3.01251E-5 3.29655E-5 3.73952E-5 3.80402E-5 4.80689E-5 4.98989E-5 5.56429E-5
7.23851E-6 7.77334E-6 8.11192E-6 8.71059E-6 1.00743E-5 1.01288E-5 1.02749E-5 1.20938E-5 1.45317E-5 1.39522E-5 1.49183E-5 1.56817E-5 1.66544E-5 1.81368E-5 2.14396E-5 1.94603E-5 2.14396E-5 2.35045E-5 2.52262E-5 2.95901E-5 2.80217E-5 2.73159E-5 2.79506E-5 2.90071E-5 2.93162E-5 2.77538E-5 2.81986E-5 3.06842E-5 3.39232E-5 3.56309E-5 3.91709E-5 3.42415E-5 3.97277E-5 2.55125E-5 2.48243E-5 2.66978E-5 3.15105E-5 3.42992E-5 4.1728E-5 4.21013E-5 4.18048E-5 4.44711E-5 4.32317E-5 4.50243E-5 4.43143E-5 4.2662E-5 5.18376E-5 4.82613E-5 5.40224E-5 5.45612E-5 4.7901E-5 4.85215E-5 3.51504E-5 2.82734E-5 3.10039E-5 3.61838E-5 3.87644E-5 4.0826E-5 5.21205E-5 5.19678E-5 5.99251E-5
7.48656E-6 8.15524E-6 9.71023E-6 8.58801E-6 8.42662E-6 9.47254E-6 1.08191E-5 1.18639E-5 1.24233E-5 1.34677E-5 1.44604E-5 1.58264E-5 1.81228E-5 1.74444E-5 1.8434E-5 1.93017E-5 2.29039E-5 2.43149E-5 2.71781E-5 3.00911E-5 2.88764E-5 2.7993E-5 2.83574E-5 2.91189E-5 3.08025E-5 2.89558E-5 3.03703E-5 3.55911E-5 4.03869E-5 4.20118E-5 3.63633E-5 3.28413E-5 3.34462E-5 3.66525E-5 2.81667E-5 3.0043E-5 3.34022E-5 3.71967E-5 3.91393E-5 4.25864E-5 4.48245E-5 4.55005E-5 3.9902E-5 4.30402E-5 4.41955E-5 4.19854E-5 4.58738E-5 5.0481E-5 4.47066E-5 3.4759E-5 4.77849E-5 3.89534E-5 3.32799E-5 4.48612E-5 4.502E-5 4.21303E-5 3.8355E-5 5.75517E-5 6.92346E-5 5.43113E-5 6.13154E-5
7.81234E-6 7.94102E-6 8.52717E-6 8.7885E-6 9.2888E-6 9.97095E-6 1.0723E-5 1.15723E-5 1.29614E-5 1.35725E-5 1.49549E-5 1.57756E-5 1.74494E-5 2.01941E-5 2.19844E-5 2.24957E-5 2.24566E-5 2.34364E-5 2.71388E-5 3.29281E-5 3.11009E-5 3.18057E-5 2.88977E-5 3.04705E-5 2.92218E-5 2.97426E-5 3.26683E-5 3.4801E-5 3.10824E-5 3.21089E-5 2.51022E-5 3.23502E-5 4.27563E-5 3.7446E-5 3.00261E-5 3.27696E-5 3.79286E-5 3.88093E-5 4.12839E-5 4.35078E-5 4.61187E-5 4.67603E-5 4.69695E-5 4.77215E-5 4.9002E-5 4.52582E-5 4.54648E-5 4.6163E-5 4.08687E-5 4.67114E-5 5.68414E-5 4.96499E-5 5.15487E-5 4.67875E-5 3.66216E-5 3.98028E-5 5.13098E-5 6.42748E-5 7.02977E-5 5.99035E-5 6.51814E-5
7.74553E-6 8.05444E-6 9.03688E-6 8.45608E-6 9.8096E-6 1.03854E-5 1.04786E-5 1.08608E-5 1.2338E-5 1.28742E-5 1.26759E-5 1.38246E-5 1.73934E-5 1.84007E-5 2.00666E-5 2.20298E-5 2.11967E-5 2.6104E-5 3.4052E-5 3.86994E-5 3.91272E-5 3.43768E-5 3.49276E-5 3.4316E-5 3.0588E-5 2.90252E-5 3.46816E-5 3.30151E-5 2.82731E-5 2.82201E-5 3.03422E-5 2.93412E-5 2.97588E-5 2.92806E-5 3.33531E-5 3.6048E-5 3.90981E-5 3.98769E-5 4.39907E-5 4.49332E-5 4.76291E-5 5.69356E-5 5.7932E-5 6.00191E-5 4.85262E-5 5.42345E-5 4.71171E-5 4.69728E-5 5.09311E-5 5.38713E-5 5.03623E-5 3.94146E-5 3.34361E-5 3.94395E-5 4.66495E-5 6.99382E-5 6.76327E-5 7.30697E-5 6.79752E-5 7.01714E-5 6.8947E-5
7.56872E-6 8.01343E-6 8.58801E-6 8.6068E-6 9.04802E-6 9.57619E-6 1.05902E-5 1.11722E-5 1.16993E-5 1.29239E-5 1.37509E-5 1.68424E-5 1.75737E-5 1.97502E-5 2.02813E-5 2.11298E-5 2.29111E-5 2.85654E-5 3.00137E-5 2.95832E-5 3.32786E-5 3.05831E-5 3.36254E-5 3.54549E-5 3.31613E-5 3.15759E-5 3.36562E-5 3.10493E-5 3.32493E-5 2.9767E-5 3.17769E-5 3.43978E-5 3.46305E-5 3.67662E-5 3.70916E-5 3.93857E-5 4.37707E-5 4.51037E-5 4.95989E-5 5.58787E-5 6.0989E-5 6.2604E-5 5.00542E-5 5.29371E-5 6.03126E-5 4.56641E-5 5.19E-5 5.60917E-5 5.39638E-5 5.64764E-5 4.60159E-5 3.80584E-5 6.03115E-5 6.44594E-5 6.10807E-5 5.69434E-5 5.48035E-5 5.8196E-5 4.73959E-5 4.26654E-5 3.66569E-5
8.1353E-6 8.54995E-6 8.92518E-6 9.02509E-6 9.01611E-6 9.34226E-6 1.04819E-5 1.2202E-5 1.29595E-5 1.28288E-5 1.53398E-5 1.78544E-5 1.87616E-5 2.01022E-5 2.21088E-5 2.22339E-5 2.36681E-5 2.66813E-5 2.90835E-5 3.06563E-5 3.4544E-5 3.08518E-5 2.99099E-5 3.42057E-5 3.84035E-5 3.82477E-5 3.83626E-5 3.34192E-5 3.6697E-5 3.52367E-5 3.56292E-5 3.76375E-5 3.98237E-5 4.05853E-5 3.94542E-5 4.00284E-5 4.34891E-5 5.29589E-5 7.16224E-5 7.93883E-5 5.53822E-5 5.05835E-5 4.93887E-5 6.37984E-5 5.29808E-5 6.66278E-5 5.28573E-5 6.46325E-5 5.34958E-5 5.88861E-5 5.31937E-5 5.42253E-5 6.71101E-5 6.67637E-5 5.47555E-5 3.52086E-5 3.0795E-5 3.23566E-5 3.4541E-5 3.62846E-5 5.17642E-5
7.71141E-6 7.33448E-6 8.85042E-6 8.74568E-6 9.16155E-6 9.62802E-6 1.05759E-5 1.20774E-5 1.24026E-5 1.29655E-5 1.34378E-5 1.48117E-5 1.66181E-5 1.97913E-5 1.99737E-5 1.9939E-5 2.44763E-5 2.91351E-5 3.14791E-5 3.54246E-5 3.45252E-5 2.90229E-5 2.98019E-5 3.22157E-5 3.67764E-5 3.99191E-5 3.54775E-5 4.48446E-5 4.15468E-5 4.01726E-5 3.62565E-5 3.95309E-5 4.18481E-5 4.56905E-5 4.83984E-5 4.43998E-5 4.62568E-5 5.99923E-5 7.61789E-5 5.55915E-5 4.11342E-5 4.66443E-5 5.95166E-5 5.28868E-5 6.45844E-5 7.29087E-5 5.85361E-5 6.46892E-5 6.16535E-5 7.17369E-5 6.65207E-5 6.75827E-5 5.3114E-5 3.60311E-5 3.85307E-5 3.68207E-5 3.54582E-5 4.91777E-5 5.24373E-5 6.82808E-5 6.97114E-5
8.44974E-6 8.0241E-6 7.65882E-6 8.15216E-6 1.03522E-5 9.76505E-6 9.996E-6 1.10393E-5 1.18751E-5 1.37006E-5 1.52857E-5 1.6011E-5 1.57083E-5 1.78111E-5 2.02228E-5 2.05539E-5 2.52209E-5 2.74921E-5 3.14834E-5 4.23005E-5 2.79169E-5 2.71931E-5 3.26204E-5 2.93447E-5 3.33216E-5 3.18223E-5 4.41769E-5 5.3277E-5 3.59102E-5 4.00052E-5 4.13693E-5 4.06037E-5 4.281E-5 4.65939E-5 4.63509E-5 4.66739E-5 7.09687E-5 5.37195E-5 4.86896E-5 4.86743E-5 4.48946E-5 7.07017E-5 5.77523E-5 4.38452E-5 8.27514E-5 7.80777E-5 6.08113E-5 6.68946E-5 7.96676E-5 6.90435E-5 5.60266E-5 4.508E-5 3.21083E-5 3.71557E-5 3.7383E-5 4.4326E-5 5.18794E-5 7.75029E-5 7.05993E-5 7.50686E-5 7.22149E-5
7.50495E-6 7.95696E-6 8.48412E-6 7.92746E-6 9.4247E-6 1.05597E-5 1.00502E-5 1.22117E-5 1.45661E-5 1.25676E-5 1.44234E-5 1.55408E-5 1.61879E-5 1.71672E-5 1.82639E-5 1.88211E-5 2.51842E-5 2.73551E-5 2.84864E-5 3.07227E-5 2.70056E-5 2.85753E-5 3.5072E-5 3.52571E-5 3.19958E-5 3.56401E-5 4.45606E-5 3.41536E-5 3.56984E-5 3.91975E-5 4.27979E-5 4.42692E-5 4.46597E-5 4.93828E-5 5.27774E-5 4.62609E-5 4.89696E-5 4.89542E-5 4.77583E-5 5.51595E-5 6.20269E-5 6.69002E-5 4.79701E-5 8.16844E-5 9.84989E-5 9.14713E-5 7.30755E-5 6.34472E-5 4.00236E-5 4.2426E-5 4.2801E-5 4.0622E-5 3.95211E-5 4.43972E-5 6.8344E-5 7.18286E-5 7.98563E-5 7.80241E-5 6.85914E-5 6.41834E-5 6.36225E-5
7.84479E-6 8.08545E-6 8.65159E-6 9.09516E-6 9.33098E-6 1.01417E-5 1.06203E-5 1.38462E-5 1.68067E-5 1.11863E-5 1.26852E-5 1.52421E-5 1.68607E-5 1.79753E-5 1.96988E-5 2.06403E-5 2.82502E-5 2.37228E-5 2.76035E-5 3.00878E-5 2.97064E-5 2.58551E-5 3.05755E-5 2.93591E-5 3.12815E-5 3.67958E-5 3.57091E-5 3.25774E-5 3.82594E-5 4.06899E-5 4.42056E-5 4.82655E-5 5.34187E-5 5.14098E-5 5.38894E-5 5.70161E-5 5.15138E-5 5.55777E-5 5.70658E-5 5.98404E-5 5.82425E-5 6.75298E-5 7.83784E-5 8.74397E-5 8.25485E-5 5.5232E-5 5.5119E-5 4.44376E-5 3.34467E-5 3.99733E-5 4.68056E-5 4.03089E-5 4.5827E-5 6.66376E-5 7.21647E-5 7.45272E-5 7.70488E-5 7.47747E-5 7.14277E-5 6.84712E-5 7.2066E-5
8.00221E-6 8.71294E-6 8.79399E-6 9.52464E-6 1.03363E-5 1.00703E-5 1.06612E-5 1.18578E-5 1.33945E-5 1.25098E-5 1.39119E-5 1.51454E-5 1.75344E-5 1.83993E-5 1.99936E-5 2.1383E-5 2.49795E-5 2.28257E-5 2.93292E-5 3.38184E-5 3.04161E-5 3.11074E-5 3.27553E-5 2.95746E-5 3.17338E-5 3.52788E-5 3.80545E-5 3.99073E-5 4.06186E-5 4.17781E-5 4.73648E-5 4.99951E-5 4.98344E-5 5.12633E-5 5.28226E-5 5.19675E-5 5.42108E-5 6.22007E-5 7.16517E-5 9.58017E-5 1.34441E-4 1.14584E-4 9.05393E-5 8.78317E-5 7.13835E-5 3.91622E-5 7.92324E-5 4.11992E-5 4.08776E-5 4.12714E-5 4.4065E-5 5.79296E-5 6.82199E-5 7.06809E-5 7.56712E-5 1.16202E-4 1.07691E-4 1.27163E-4 7.09892E-5 6.45E-5 7.28244E-5
8.47224E-6 9.2871E-6 9.76007E-6 1.02966E-5 1.0859E-5 1.10766E-5 1.15175E-5 1.1857E-5 1.24389E-5 1.55912E-5 1.62158E-5 1.69197E-5 1.92935E-5 2.08913E-5 2.26612E-5 2.38527E-5 2.58773E-5 2.97951E-5 2.66647E-5 2.83111E-5 2.93663E-5 3.40582E-5 4.03919E-5 3.89228E-5 3.50835E-5 3.67406E-5 4.02712E-5 4.09895E-5 4.17913E-5 5.18902E-5 5.00883E-5 5.12483E-5 5.81408E-5 5.95965E-5 6.09762E-5 7.2489E-5 5.57299E-5 8.83851E-5 1.20996E-4 1.24807E-4 1.13693E-4 1.3229E-4 8.2984E-5 5.60962E-5 4.60268E-5 3.9338E-5 3.66348E-5 4.4521E-5 4.93094E-5 6.19513E-5 7.35855E-5 8.29849E-5 8.06467E-5 8.19056E-5 1.08357E-4 1.35666E-4 8.24071E-5 5.11986E-5 5.35188E-5 7.18251E-5 1.02958E-4
8.89962E-6 9.09745E-6 9.88897E-6 1.0649E-5 1.06169E-5 1.14364E-5 1.28309E-5 1.46492E-5 1.44993E-5 1.76368E-5 1.64486E-5 1.81619E-5 2.00528E-5 2.04897E-5 2.2587E-5 2.59174E-5 2.70927E-5 3.2009E-5 3.19517E-5 3.42273E-5 3.25361E-5 3.39488E-5 3.82457E-5 4.05498E-5 3.91352E-5 4.28957E-5 4.38895E-5 5.91781E-5 5.21457E-5 5.8634E-5 5.70179E-5 5.96976E-5 6.17305E-5 6.40584E-5 8.85342E-5 7.65373E-5 5.98133E-5 7.77543E-5 1.36006E-4 1.29986E-4 1.26442E-4 1.22193E-4 8.77555E-5 5.36505E-5 4.58996E-5 4.99554E-5 5.18022E-5 6.86913E-5 7.70849E-5 8.72524E-5 9.63718E-5 1.10102E-4 1.07683E-4 7.68905E-5 8.2635E-5 5.45243E-5 4.49564E-5 5.5017E-5 8.04954E-5 1.09912E-4 1.308E-4
9.62856E-6 9.83238E-6 9.90968E-6 1.0768E-5 1.06202E-5 1.18952E-5 1.23683E-5 1.47638E-5 1.57814E-5 1.58999E-5 1.65367E-5 1.78129E-5 1.84652E-5 2.12271E-5 2.49795E-5 2.78618E-5 3.01586E-5 2.85044E-5 3.39863E-5 3.45297E-5 3.57181E-5 3.72617E-5 3.40655E-5 4.03405E-5 4.4666E-5 4.61091E-5 5.15645E-5 5.87806E-5 4.84236E-5 5.82211E-5 4.99122E-5 6.05382E-5 6.54198E-5 8.46348E-5 1.09702E-4 7.6985E-5 9.51431E-5 6.29167E-5 5.1389E-5 9.52052E-5 8.62313E-5 4.01593E-5 4.63137E-5 4.41996E-5 4.87153E-5 5.92262E-5 7.89532E-5 8.69721E-5 7.30085E-5 1.01252E-4 1.12217E-4 1.42092E-4 9.42197E-5 6.84269E-5 5.38073E-5 4.8235E-5 6.16874E-5 8.33489E-5 1.11878E-4 1.43183E-4 1.61871E-4
9.30362E-6 9.33014E-6 9.92813E-6 1.09837E-5 1.15017E-5 1.17735E-5 1.28862E-5 1.57634E-5 1.55703E-5 1.79324E-5 1.65367E-5 1.73824E-5 1.99186E-5 2.27014E-5 2.1502E-5 3.10232E-5 3.09646E-5 3.11789E-5 3.21318E-5 3.38167E-5 4.03257E-5 4.22028E-5 3.74532E-5 4.15603E-5 4.20821E-5 5.54046E-5 5.81533E-5 5.33363E-5 5.08719E-5 4.90382E-5 5.46056E-5 6.40823E-5 1.00368E-4 1.40446E-4 8.47853E-5 7.97408E-5 4.82455E-5 5.241E-5 4.60656E-5 5.34966E-5 4.53934E-5 5.41374E-5 5.34511E-5 5.21782E-5 7.29861E-5 9.4153E-5 1.07314E-4 7.73176E-5 9.87137E-5 1.01701E-4 1.43287E-4 1.52947E-4 9.79497E-5 6.1659E-5 5.96786E-5 6.29092E-5 7.72895E-5 1.05126E-4 1.2499E-4 1.43657E-4 1.36629E-4
9.93061E-6 1.02635E-5 1.15295E-5 1.16328E-5 1.18115E-5 1.207E-5 1.27286E-5 1.49273E-5 1.62511E-5 2.0907E-5 1.55221E-5 1.78186E-5 2.08489E-5 2.08659E-5 2.13882E-5 2.77698E-5 2.9227E-5 3.36355E-5 3.36868E-5 3.58953E-5 3.66672E-5 3.50295E-5 3.87295E-5 3.84639E-5 4.87844E-5 4.91036E-5 6.10497E-5 5.2234E-5 5.07783E-5 5.32721E-5 6.12746E-5 1.13724E-4 1.27938E-4 1.05632E-4 6.36434E-5 5.59218E-5 5.80675E-5 5.10353E-5 5.74966E-5 6.38929E-5 6.21124E-5 5.2548E-5 5.76822E-5 9.03569E-5 9.4754E-5 1.06965E-4 1.22346E-4 6.88794E-5 8.05248E-5 1.03525E-4 1.42592E-4 1.6342E-4 1.04237E-4 5.45239E-5 6.4146E-5 8.75526E-5 1.18811E-4 1.15182E-4 1.34313E-4 1.94175E-4 1.84795E-4
1.10451E-5 1.21122E-5 1.21346E-5 1.25095E-5 1.34998E-5 1.33946E-5 1.3635E-5 1.44342E-5 1.43668E-5 2.4575E-5 1.47208E-5 1.88616E-5 1.94029E-5 2.22306E-5 2.73264E-5 3.00586E-5 2.89689E-5 3.34075E-5 3.71869E-5 3.26427E-5 3.49059E-5 3.73894E-5 3.55372E-5 4.19454E-5 5.93435E-5 5.53573E-5 5.2316E-5 5.19707E-5 5.04372E-5 5.57767E-5 8.87639E-5 9.35729E-5 7.03426E-5 6.37229E-5 1.26789E-4 7.49057E-5 4.53014E-5 5.32063E-5 5.96828E-5 6.64883E-5 6.79163E-5 6.44152E-5 9.39367E-5 1.00988E-4 1.07594E-4 1.08157E-4 1.33046E-4 1.02791E-4 5.74284E-5 1.09168E-4 1.36791E-4 1.46244E-4 5.81565E-5 5.51194E-5 8.00181E-5 1.13803E-4 1.6183E-4 1.24774E-4 1.56109E-4 1.59318E-4 1.0073E-4
1.05522E-5 1.21776E-5 1.17877E-5 1.23873E-5 1.33716E-5 1.42975E-5 1.43787E-5 1.49021E-5 1.57791E-5 2.13854E-5 1.56935E-5 1.94361E-5 2.11953E-5 2.56892E-5 2.83079E-5 2.94687E-5 3.7516E-5 3.39791E-5 2.99895E-5 3.34562E-5 3.53339E-5 3.72526E-5 3.4677E-5 4.36047E-5 5.13207E-5 4.81124E-5 4.60371E-5 4.60371E-5 4.76528E-5 5.5598E-5 9.79471E-5 5.39075E-5 4.42112E-5 1.21769E-4 6.23967E-5 4.42912E-5 5.19317E-5 5.83333E-5 5.76109E-5 6.22553E-5 6.24668E-5 8.98123E-5 9.78458E-5 1.19212E-4 1.17475E-4 1.15128E-4 8.28662E-5 9.22607E-5 1.14694E-4 5.52446E-5 1.24551E-4 7.62662E-5 5.74965E-5 7.98788E-5 1.27387E-4 1.26922E-4 1.30882E-4 1.82618E-4 1.57231E-4 1.3242E-4 1.05379E-4
