Artocarpus hirsutus SDM files/MIS19/results (without bias file)/Arthir_9.asc
ncols         625
nrows         721
xllcorner     69.99986311115
yllcorner     5.99986187915
cellsize      0.041666667
NODATA_value  -9999
[rows 108 to 134 of 721, columns 183 to 243 of 625]
1.11583E-3 2.39822E-3 2.23899E-3 3.32343E-3 2.48324E-3 1.77125E-3 2.40299E-3 2.4986E-3 1.94965E-3 1.6659E-3 1.70965E-3 1.9333E-3 1.76865E-3 2.34764E-3 1.99791E-3 1.0438E-3 2.19813E-3 1.62117E-3 9.49645E-4 9.21998E-4 8.03598E-4 1.42893E-3 9.2673E-4 8.82752E-4 9.89153E-4 9.77942E-4 8.85145E-4 8.98662E-4 8.48034E-4 7.97621E-4 9.28703E-4 8.40716E-4 7.09973E-4 6.05562E-4 5.176E-4 6.9796E-4 1.04722E-3 9.53442E-4 6.8009E-4 7.36319E-4 2.44811E-4 5.50022E-4 4.87479E-4 1.5406E-4 5.39129E-5 1.40582E-4 5.55982E-4 4.57611E-4 1.08934E-4 3.47927E-4 2.81533E-4 1.5207E-4 8.91676E-5 1.28269E-4 2.21549E-4 4.2496E-4 3.86873E-4 4.0593E-4 3.65575E-4 3.67975E-4 2.4311E-4
1.65069E-3 2.98032E-3 2.94468E-3 3.55784E-3 2.34904E-3 1.89852E-3 1.30686E-3 1.37598E-3 1.34741E-3 1.55044E-3 1.60777E-3 1.72061E-3 1.40897E-3 1.34461E-3 2.01084E-3 1.8362E-3 1.71479E-3 1.12428E-3 8.94493E-4 9.84857E-4 1.02115E-3 7.92592E-4 1.23875E-3 1.39585E-3 1.20287E-3 1.01457E-3 1.01782E-3 1.10072E-3 9.39946E-4 7.34631E-4 9.35698E-4 8.34292E-4 5.8884E-4 9.38063E-4 8.92714E-4 7.25891E-4 7.60143E-4 7.68353E-4 4.52253E-4 6.34917E-4 7.52819E-4 4.71594E-4 3.51973E-4 1.14411E-4 7.77017E-5 1.07764E-4 6.35976E-5 2.07003E-4 3.32721E-5 2.33474E-5 2.46876E-5 2.15793E-5 1.86723E-5 3.13503E-5 3.84647E-5 2.67093E-4 3.30329E-4 3.06469E-4 3.60469E-4 3.91658E-4 2.84201E-4
2.70987E-3 1.44875E-3 1.27021E-3 1.57632E-3 2.11032E-3 1.96091E-3 1.09219E-3 7.63884E-4 1.18492E-3 1.36251E-3 1.26393E-3 1.09048E-3 1.21756E-3 1.24282E-3 1.46984E-3 1.89099E-3 1.61959E-3 1.26857E-3 1.2274E-3 1.06007E-3 8.1312E-4 8.90598E-4 6.76049E-4 1.17755E-3 1.22459E-3 1.15089E-3 1.08278E-3 1.1485E-3 8.96396E-4 9.273E-4 5.85526E-4 1.12879E-3 8.41731E-4 9.46552E-4 7.28143E-4 7.88066E-4 8.77659E-4 7.52029E-4 5.29123E-4 8.66392E-4 9.186E-4 6.683E-4 5.28398E-4 3.99523E-4 1.77787E-4 2.04178E-4 9.29148E-5 3.54662E-4 8.76059E-5 4.03588E-5 3.82086E-5 7.85497E-5 1.738E-4 3.86854E-4 2.22585E-5 3.12391E-4 7.21296E-4 6.43453E-4 5.31738E-4 2.91558E-4 2.1654E-4
3.77134E-3 3.50303E-3 3.38073E-3 2.81549E-3 2.56425E-3 2.5258E-3 1.78407E-3 9.27344E-4 8.14598E-4 9.40974E-4 9.61065E-4 1.07779E-3 1.30632E-3 1.01637E-3 1.15707E-3 1.28926E-3 1.09582E-3 1.42207E-3 1.32857E-3 1.0005E-3 1.03326E-3 1.03683E-3 1.09205E-3 1.06731E-3 8.39336E-4 1.00447E-3 1.20178E-3 9.606E-4 8.59173E-4 7.50164E-4 7.52161E-4 9.96699E-4 9.79761E-4 8.31624E-4 7.2709E-4 8.63328E-4 7.07971E-4 8.95547E-4 7.09136E-4 8.71467E-4 8.34724E-4 7.89439E-4 6.73056E-4 5.89677E-4 5.13987E-4 3.86308E-4 4.25163E-4 5.0626E-4 2.07174E-4 1.86962E-4 1.29148E-4 1.93277E-4 4.59744E-4 4.17697E-5 2.77239E-5 3.53948E-5 6.2865E-4 7.57162E-4 6.86088E-4 5.82281E-4 2.95435E-4
2.83104E-3 2.24903E-3 2.10486E-3 2.57113E-3 1.57035E-3 6.44261E-4 1.35475E-3 1.26678E-3 9.37083E-4 1.38437E-3 1.81654E-3 1.8328E-3 1.44112E-3 1.13669E-3 1.4926E-3 1.62542E-3 1.09663E-3 1.05622E-3 9.94761E-4 1.18564E-3 1.40518E-3 1.36478E-3 1.1888E-3 9.527E-4 7.86953E-4 1.04458E-3 1.10455E-3 1.0916E-3 1.02077E-3 8.80084E-4 7.81952E-4 9.43324E-4 7.42827E-4 7.48721E-4 6.97501E-4 8.72109E-4 1.06856E-3 8.76252E-4 9.41986E-4 7.21926E-4 8.64223E-4 8.95809E-4 6.58479E-4 5.42415E-4 7.13602E-4 4.61101E-4 6.70666E-4 5.52772E-4 4.60889E-4 5.11259E-4 5.85154E-4 3.7644E-4 4.15886E-5 5.883E-5 3.79198E-5 2.78964E-5 3.71306E-5 5.47707E-4 5.19625E-4 6.31436E-4 5.61015E-4
2.24477E-3 1.917E-3 1.152E-3 7.00574E-4 1.18181E-3 8.73902E-4 2.27614E-3 1.12352E-3 1.48041E-3 2.37142E-3 1.35425E-3 1.62654E-3 1.74776E-3 1.55549E-3 1.91425E-3 1.88738E-3 1.17251E-3 1.37257E-3 1.0582E-3 9.70874E-4 1.03191E-3 1.04881E-3 1.26647E-3 1.07367E-3 1.03428E-3 1.09754E-3 1.28606E-3 1.15492E-3 8.88101E-4 7.24613E-4 8.45279E-4 7.93876E-4 9.11447E-4 6.32728E-4 7.5431E-4 9.4519E-4 9.9676E-4 1.01186E-3 8.37726E-4 7.29718E-4 8.08163E-4 7.39694E-4 6.70053E-4 4.73929E-4 8.21943E-4 5.25018E-4 6.65985E-4 6.05163E-4 6.07328E-4 7.19778E-4 4.58422E-4 3.91712E-4 4.12192E-4 2.24189E-4 5.66657E-5 8.48302E-5 2.38587E-5 9.43686E-5 6.83126E-4 8.02894E-4 7.47805E-4
1.3857E-3 2.23157E-3 1.54282E-3 8.49416E-4 2.12229E-3 1.85841E-3 2.07156E-3 1.91678E-3 2.43792E-3 2.22916E-3 1.54985E-3 2.1282E-3 2.22397E-3 2.45117E-3 2.08697E-3 1.71047E-3 1.43392E-3 1.40078E-3 1.15324E-3 1.06954E-3 1.12861E-3 1.16108E-3 9.51869E-4 8.71795E-4 8.45388E-4 1.14859E-3 1.26471E-3 9.75805E-4 7.41341E-4 7.68735E-4 7.39138E-4 1.03348E-3 8.92042E-4 8.68776E-4 6.09476E-4 9.57348E-4 1.16362E-3 9.50704E-4 6.56164E-4 8.00113E-4 8.0048E-4 6.96196E-4 7.73122E-4 7.2511E-4 7.29102E-4 5.87744E-4 6.28541E-4 9.00059E-4 8.66207E-4 6.37491E-4 5.10473E-4 5.88453E-4 5.5241E-4 4.06221E-4 9.53156E-5 1.11234E-4 5.18035E-5 2.52773E-5 1.58377E-4 7.19047E-4 4.56772E-4
9.06835E-4 2.08994E-3 2.59213E-3 1.67339E-3 2.42444E-3 2.8254E-3 3.45497E-3 3.59707E-3 2.13577E-3 1.46488E-3 1.8861E-3 2.37821E-3 2.2036E-3 1.67886E-3 1.31333E-3 1.77102E-3 1.99662E-3 1.61991E-3 1.39631E-3 1.25665E-3 1.42723E-3 1.08181E-3 8.95121E-4 7.7753E-4 7.77999E-4 9.39668E-4 1.01241E-3 6.26696E-4 7.27673E-4 7.66112E-4 8.75738E-4 6.30594E-4 6.8402E-4 7.90855E-4 8.78207E-4 1.15938E-3 5.80435E-4 4.79166E-4 5.20189E-4 6.23467E-4 8.2289E-4 8.55732E-4 7.46594E-4 8.48505E-4 7.29203E-4 6.91548E-4 6.79764E-4 6.72873E-4 5.1148E-4 7.32404E-4 7.14936E-4 4.96082E-4 4.29697E-4 3.5966E-4 2.96795E-4 1.19569E-4 2.56679E-4 6.8695E-5 6.06894E-5 7.58325E-5 7.39327E-4
2.21596E-3 2.00009E-3 3.03893E-3 2.87403E-3 3.07708E-3 2.84173E-3 2.93616E-3 2.06719E-3 9.59325E-4 1.37717E-3 2.10444E-3 2.69138E-3 2.47308E-3 1.95257E-3 2.34929E-3 1.69878E-3 1.55915E-3 1.59889E-3 1.2486E-3 1.47562E-3 1.28892E-3 1.14001E-3 1.13307E-3 8.82033E-4 9.58466E-4 8.56514E-4 8.89677E-4 8.33548E-4 8.3276E-4 9.96337E-4 8.61134E-4 1.06988E-3 4.38309E-4 7.94769E-4 1.22577E-3 1.30828E-3 4.66526E-4 6.2648E-4 5.98184E-4 8.72087E-4 8.3091E-4 7.18987E-4 7.13946E-4 7.12727E-4 5.40748E-4 6.92063E-4 7.07219E-4 7.73369E-4 7.5137E-4 7.88642E-4 7.50929E-4 6.19485E-4 5.12671E-4 5.29077E-4 5.56001E-4 2.99981E-4 6.02233E-4 4.72144E-4 4.98099E-4 5.55814E-5 1.44528E-4
1.05416E-3 2.07059E-3 3.28345E-3 2.53698E-3 1.31058E-3 1.29971E-3 1.11377E-3 9.30265E-4 6.64063E-4 9.52196E-4 2.07916E-3 2.94942E-3 2.30015E-3 1.62912E-3 2.25944E-3 2.49194E-3 1.65834E-3 1.25486E-3 1.50543E-3 1.77681E-3 1.56332E-3 1.42263E-3 9.62956E-4 8.68682E-4 9.15932E-4 1.05008E-3 1.00366E-3 6.39355E-4 9.4171E-4 5.65393E-4 7.86354E-4 9.94015E-4 5.4426E-4 6.26678E-4 1.08149E-3 1.23068E-3 3.74826E-4 1.0006E-3 6.35593E-4 4.01256E-4 4.3514E-4 6.29536E-4 6.3281E-4 5.694E-4 8.21357E-4 6.69951E-4 6.82813E-4 8.21724E-4 7.82038E-4 7.58123E-4 9.12528E-4 7.4811E-4 6.98776E-4 6.12654E-4 5.51882E-4 4.93057E-4 5.91268E-4 6.12229E-4 1.26471E-4 4.61216E-4 6.83632E-5
1.29958E-3 2.3767E-3 2.74716E-3 3.386E-3 2.47433E-3 1.3217E-3 1.68507E-3 1.26537E-3 1.59431E-3 1.04917E-3 2.51629E-3 2.335E-3 2.02063E-3 2.62887E-3 2.77522E-3 2.47105E-3 2.58692E-3 2.16776E-3 1.86167E-3 1.70516E-3 1.22639E-3 1.02676E-3 8.28321E-4 9.20257E-4 1.0344E-3 7.43094E-4 1.33121E-3 5.45481E-4 1.07508E-3 3.80342E-4 3.71601E-4 7.58662E-4 1.29071E-3 1.10801E-3 1.07977E-3 9.85692E-4 8.49142E-4 9.35987E-4 9.53019E-4 7.77389E-4 6.60809E-4 5.66404E-4 5.08643E-4 7.80193E-4 5.8325E-4 6.17107E-4 6.46319E-4 8.24015E-4 7.95375E-4 7.12057E-4 8.50726E-4 8.37863E-4 7.47192E-4 6.77111E-4 6.79226E-4 6.90177E-4 7.13242E-4 4.91655E-4 6.2857E-4 1.60732E-4 2.56703E-4
4.76222E-4 7.32542E-4 1.19238E-3 2.25088E-3 3.31614E-3 2.4435E-3 2.30548E-3 1.34218E-3 2.20881E-3 2.04438E-3 2.2708E-3 2.65295E-3 2.63533E-3 3.18651E-3 3.16598E-3 2.82655E-3 1.79101E-3 1.51587E-3 9.59228E-4 1.19325E-3 1.30689E-3 1.22067E-3 8.67469E-4 8.05533E-4 7.4189E-4 1.36558E-3 1.44403E-3 1.71674E-3 1.45365E-3 1.44847E-3 1.15771E-3 1.48551E-3 1.00489E-3 6.32878E-4 9.48004E-4 5.70038E-4 8.81551E-4 7.86964E-4 6.32684E-4 8.79426E-4 7.4427E-4 5.01014E-4 3.28612E-4 5.63924E-4 4.28424E-4 5.2893E-4 6.04159E-4 7.69406E-4 6.31979E-4 6.65248E-4 8.14478E-4 7.63088E-4 7.32922E-4 7.47524E-4 7.93408E-4 8.89442E-4 7.45373E-4 6.90338E-4 5.39744E-4 6.43299E-4 4.21186E-4
8.86423E-4 8.69962E-4 4.12601E-4 4.23243E-4 2.55856E-3 2.15117E-3 8.10597E-4 7.04581E-4 1.33401E-3 2.56583E-3 2.99415E-3 2.25066E-3 1.22214E-3 9.60501E-4 1.23193E-3 1.09492E-3 7.46164E-4 6.83922E-4 8.97711E-4 8.61975E-4 8.0994E-4 7.19508E-4 6.30308E-4 5.30805E-4 7.06367E-4 1.36664E-3 1.91168E-3 1.5874E-3 1.53578E-3 1.20164E-3 1.4963E-3 1.03683E-3 5.16539E-4 3.29961E-4 3.72022E-4 4.595E-4 4.93259E-4 3.87834E-4 6.62011E-4 7.78743E-4 4.46312E-4 4.78965E-4 2.95553E-4 1.77922E-4 2.09586E-4 2.59143E-4 5.6835E-4 7.694E-4 5.65665E-4 5.82752E-4 6.78255E-4 4.61277E-4 6.05279E-4 6.34346E-4 9.17478E-4 9.27839E-4 6.99918E-4 7.30612E-4 6.26887E-4 6.43145E-4 5.94146E-4
1.34298E-3 1.61901E-3 9.42145E-4 5.49721E-4 1.92434E-3 2.56928E-3 1.23137E-3 2.14392E-3 2.82167E-3 3.48577E-3 3.33375E-3 2.40748E-3 1.3676E-3 1.23708E-3 1.35252E-3 9.88579E-4 7.00877E-4 6.48816E-4 1.17189E-3 1.27052E-3 1.00495E-3 5.81065E-4 4.54549E-4 5.04057E-4 9.33236E-4 1.71984E-3 1.26236E-3 6.17116E-4 9.20385E-4 9.97718E-4 1.06933E-3 1.14799E-3 1.15834E-3 1.15687E-3 4.49514E-4 2.10561E-4 2.13451E-4 3.00979E-4 4.46765E-4 5.9798E-4 3.66475E-4 5.0529E-4 5.85075E-4 2.12348E-4 1.83356E-4 1.86379E-4 4.84369E-4 4.67263E-4 4.73234E-4 3.06062E-4 2.8408E-4 4.07385E-4 4.50875E-4 6.25774E-4 1.01703E-3 7.62423E-4 7.70649E-4 9.06685E-4 6.24446E-4 1.07321E-3 7.51819E-4
2.16666E-3 1.97491E-3 9.73615E-4 6.68143E-4 1.83308E-3 7.71284E-3 3.1857E-3 2.08014E-3 1.97066E-3 2.92801E-3 2.87733E-3 2.58283E-3 1.49448E-3 1.33172E-3 1.62129E-3 9.05441E-4 1.16422E-3 8.12043E-4 1.49593E-3 1.37114E-3 9.03494E-4 5.96363E-4 4.3913E-4 3.97991E-4 1.09903E-3 1.94685E-3 1.16276E-3 6.88034E-4 5.07162E-4 5.41427E-4 7.65619E-4 8.41896E-4 5.06586E-4 7.41249E-4 1.03461E-3 4.56356E-4 4.24057E-4 3.34946E-4 2.25058E-4 2.26202E-4 3.2646E-4 1.96113E-4 3.72623E-4 6.01845E-4 2.11336E-4 2.2839E-4 2.19696E-4 3.40539E-4 3.84334E-4 4.96263E-4 4.53549E-4 4.37325E-4 7.40518E-4 1.12348E-3 7.54438E-4 9.4659E-4 9.50556E-4 1.05594E-3 9.19519E-4 9.04887E-4 8.97393E-4
2.50205E-3 3.01432E-3 8.48798E-3 5.94479E-4 6.55391E-3 1.54829E-3 1.07542E-3 1.5978E-3 6.08645E-4 1.75457E-3 2.14514E-3 2.17515E-3 1.17925E-3 1.29424E-3 1.64522E-3 1.00945E-3 1.42862E-3 1.54233E-3 9.20017E-4 8.95586E-4 5.70957E-4 6.61456E-4 5.66296E-4 4.77316E-4 1.28056E-3 1.79299E-3 7.52886E-4 3.77621E-4 5.76238E-4 3.67475E-4 6.32085E-4 4.61338E-4 6.03403E-4 4.06961E-4 5.95778E-4 8.79958E-4 6.55202E-4 7.03593E-4 5.0108E-4 3.80948E-4 3.62714E-4 3.71734E-4 2.07289E-4 3.58028E-4 3.39206E-4 1.2099E-4 1.93727E-4 2.12272E-4 3.36389E-4 4.48859E-4 7.6526E-4 6.3544E-4 2.40445E-4 1.08317E-3 1.02358E-3 6.08252E-4 9.80654E-4 1.08193E-3 9.29606E-4 1.15251E-3 1.12237E-3
3.29698E-4 3.75473E-4 7.36029E-3 6.55993E-3 8.3465E-3 1.77595E-3 2.09455E-3 1.69172E-3 8.58516E-4 9.55835E-4 2.04952E-3 1.86714E-3 9.08444E-4 1.71123E-3 1.51764E-3 1.67229E-3 1.61963E-3 8.654E-4 5.74834E-4 1.28949E-3 1.05113E-3 9.75276E-4 6.29464E-4 1.58211E-3 1.87995E-3 1.47128E-3 9.38485E-4 5.1512E-4 4.43832E-4 2.98916E-4 4.21179E-4 2.74477E-4 2.9623E-4 2.93874E-4 6.08359E-4 7.94858E-4 2.72261E-4 3.32534E-4 3.08732E-4 2.00081E-4 3.25801E-4 4.34083E-4 4.34365E-4 5.35613E-4 7.52993E-4 1.54953E-4 1.52409E-4 1.39257E-4 1.21849E-4 1.47837E-4 2.34015E-4 8.25167E-4 1.06339E-3 7.40513E-4 4.24482E-4 8.73066E-4 1.15609E-3 8.97342E-4 1.14555E-3 1.15311E-3 1.1189E-3
6.13057E-3 6.02971E-3 6.73147E-3 9.18432E-3 9.99289E-3 1.69024E-3 7.46188E-4 3.12102E-4 6.41247E-4 8.28944E-4 5.46995E-4 1.79819E-3 1.2051E-3 1.78649E-3 2.68372E-3 1.75483E-3 9.46039E-4 7.28789E-4 6.7354E-4 1.39864E-3 8.56503E-4 5.78733E-4 4.72382E-4 1.83303E-3 1.0843E-3 6.25449E-4 7.33447E-4 3.6555E-4 2.82897E-4 2.58545E-4 3.43031E-4 5.37388E-4 3.08373E-4 2.49605E-4 2.96354E-4 5.04498E-4 4.64931E-4 2.15118E-4 2.04896E-4 4.43704E-4 2.72325E-4 2.23919E-4 1.11026E-4 1.01058E-4 5.1675E-4 2.14375E-4 1.08838E-4 8.93091E-5 2.15551E-4 5.00203E-4 6.88202E-4 5.55213E-4 1.12715E-3 3.5778E-4 2.18619E-4 6.98772E-4 1.08084E-3 9.5218E-4 9.93189E-4 1.00313E-3 1.03991E-3
7.5913E-3 8.53374E-3 9.33029E-3 2.19732E-4 3.00632E-4 6.61829E-4 2.8877E-4 3.18221E-4 3.05793E-4 7.84894E-4 1.02432E-3 1.13247E-3 1.22665E-3 1.09888E-3 1.15163E-3 1.1503E-3 9.59139E-4 1.30319E-3 9.28012E-4 1.48359E-3 1.45635E-3 9.40928E-4 1.2569E-3 2.12363E-3 1.88214E-3 1.56458E-3 1.37744E-3 7.33651E-4 6.70069E-4 2.75375E-4 3.90108E-4 4.86483E-4 2.75293E-4 1.80776E-4 2.5038E-4 1.81531E-4 2.40972E-4 2.98268E-4 2.03887E-4 2.9908E-4 3.67326E-4 2.66213E-4 9.54608E-4 7.07267E-4 1.06174E-3 5.32868E-4 2.70618E-4 9.6951E-5 9.10333E-5 3.36161E-4 5.38188E-4 8.16128E-4 1.07698E-3 1.45247E-3 3.42869E-4 2.80476E-4 7.79731E-4 1.47444E-3 7.76199E-4 8.88052E-4 1.13046E-3
6.8908E-3 7.70347E-3 9.82358E-3 8.64675E-3 2.19016E-4 1.35099E-4 2.5271E-4 3.24851E-4 6.25937E-3 3.95993E-4 6.9845E-3 8.7747E-3 9.99753E-4 8.09572E-4 3.16055E-4 1.39232E-3 7.94967E-4 2.00613E-3 1.64298E-3 2.28055E-3 1.73881E-3 2.26826E-3 1.96648E-3 1.97737E-3 8.85333E-4 1.06286E-3 2.82701E-4 2.55541E-4 1.98036E-4 3.08643E-4 6.78455E-4 2.0418E-4 1.5022E-4 1.05704E-4 3.1089E-4 1.34613E-4 1.34337E-4 1.39997E-4 1.85974E-4 1.3245E-4 2.7241E-4 3.44936E-4 1.49757E-4 1.70347E-4 8.79268E-4 2.37815E-4 6.26009E-5 4.6089E-4 6.48521E-4 2.95064E-4 3.67654E-4 3.91305E-4 1.09896E-3 1.41137E-3 1.37909E-3 7.73018E-4 1.15822E-3 1.36812E-3 1.40317E-3 1.13359E-3 9.70371E-4
5.42942E-3 5.05983E-3 7.90606E-3 9.52193E-3 8.41433E-3 6.67971E-3 6.24752E-3 7.36607E-3 7.80171E-3 2.68806E-4 7.33439E-3 8.96401E-3 4.76423E-4 8.71009E-4 6.05695E-4 8.24805E-4 1.14649E-3 8.12821E-3 6.63053E-4 9.4224E-4 1.44606E-3 1.03255E-3 7.35087E-4 4.73235E-4 3.35763E-4 5.34923E-4 3.86944E-4 3.98783E-4 2.2645E-4 8.63235E-4 2.03063E-4 3.88917E-4 7.31754E-4 4.41459E-4 4.12754E-4 2.50048E-4 2.15388E-4 1.30517E-4 4.0834E-4 2.27671E-4 1.24161E-4 2.34391E-4 3.92987E-4 6.6485E-4 1.16553E-3 1.49009E-3 2.68389E-4 1.13719E-3 4.26308E-4 1.51612E-4 1.13532E-4 3.39738E-4 8.46879E-4 1.6863E-3 1.28678E-3 1.34729E-3 1.15756E-3 1.27069E-3 1.37698E-3 9.30467E-4 1.23008E-3
7.94904E-3 8.15448E-3 8.14078E-3 9.00555E-3 1.03325E-2 8.62824E-3 6.75609E-3 6.56318E-3 7.08034E-3 8.60374E-3 9.73132E-3 1.00542E-2 3.87872E-4 9.68633E-4 7.47596E-3 8.20596E-3 8.63679E-3 1.09277E-3 1.5477E-3 1.71029E-3 9.84735E-4 4.77414E-4 5.99782E-4 6.51287E-4 7.99626E-4 6.40821E-4 5.70631E-4 5.4683E-4 3.15907E-4 9.19103E-4 2.98476E-4 7.91008E-4 1.76857E-3 1.25246E-3 4.94035E-4 7.94951E-4 1.83859E-4 1.01577E-3 3.46135E-4 2.09067E-4 1.34319E-4 9.10892E-5 7.45514E-5 1.65647E-4 2.16574E-4 1.68482E-3 2.03634E-3 7.67654E-4 2.6517E-4 3.90388E-4 1.00189E-4 3.64212E-4 1.3618E-3 1.51554E-3 1.03073E-3 4.73174E-4 1.18465E-3 7.03584E-4 1.08027E-3 1.27036E-3 1.09481E-3
6.31124E-3 6.07442E-3 7.54741E-3 9.11226E-3 1.19286E-2 7.69129E-3 8.45997E-3 5.99078E-3 6.92847E-3 8.99586E-3 7.99277E-3 8.82482E-3 1.94961E-4 4.29998E-4 6.98894E-3 8.10285E-3 8.43202E-3 1.04904E-2 3.20092E-4 6.30098E-4 8.85232E-4 1.07023E-3 6.15198E-4 1.00014E-3 1.2259E-3 8.45976E-4 9.16095E-4 3.88751E-4 5.60572E-4 6.58842E-4 3.20257E-4 3.11302E-4 1.10248E-3 2.08346E-3 1.32961E-3 1.16268E-3 8.14421E-4 1.62748E-3 1.31047E-3 6.84264E-4 1.69281E-4 5.09594E-5 7.32787E-5 1.40572E-4 7.01709E-5 4.75007E-4 2.18274E-3 1.28959E-3 2.4914E-4 8.98298E-5 1.63278E-4 1.58711E-3 1.87727E-3 1.69943E-3 9.06704E-4 4.99324E-4 6.75604E-4 6.47627E-4 8.75906E-4 7.20815E-4 1.036E-3
1.03104E-1 8.2277E-3 6.44498E-3 8.61388E-3 8.22911E-3 8.1031E-3 7.88949E-3 7.40735E-3 6.93438E-3 1.0072E-2 1.0525E-2 1.69487E-4 8.71551E-5 1.10807E-4 2.66089E-4 7.58326E-3 7.989E-3 1.03725E-2 3.21855E-4 2.62634E-4 1.24267E-3 5.84189E-4 5.53341E-4 9.1111E-4 1.62326E-3 7.58618E-4 5.5051E-4 5.13822E-4 8.62121E-4 3.93267E-4 6.67628E-4 4.33224E-4 4.30156E-4 1.31013E-3 2.37304E-3 1.83843E-3 1.63944E-3 5.22834E-4 2.61554E-4 1.33953E-4 7.01921E-5 2.893E-4 1.9224E-4 8.46412E-4 3.61377E-4 2.16111E-3 2.8569E-3 2.2488E-3 6.22642E-4 7.46241E-5 8.00388E-4 1.856E-3 1.11412E-3 6.75573E-4 9.32685E-4 9.52635E-4 5.21626E-4 3.89162E-4 5.83819E-4 4.46305E-4 5.93873E-4
1.02641E-1 1.10912E-1 1.30648E-1 1.28807E-1 9.85954E-2 1.16882E-1 1.31685E-1 1.02693E-2 7.35884E-2 1.02689E-2 9.12527E-3 7.75884E-3 7.78787E-3 8.10894E-3 9.20738E-5 2.51649E-4 7.80342E-3 9.13408E-3 1.06661E-2 3.58503E-4 7.68186E-3 6.87086E-4 9.13612E-4 1.74256E-3 1.37946E-3 7.05384E-4 9.01696E-4 1.47434E-3 1.68877E-3 4.88314E-4 8.29652E-4 4.63078E-4 7.00829E-4 5.37869E-4 1.97546E-3 1.86996E-3 1.19819E-3 8.95134E-4 3.83284E-4 5.40411E-4 1.63645E-4 8.02393E-4 7.67778E-4 8.61068E-4 2.3534E-3 2.63107E-3 1.3277E-3 2.60852E-3 5.86427E-4 2.00554E-4 2.25611E-3 1.60291E-3 5.98578E-4 3.08802E-4 3.46323E-4 5.61899E-4 3.60921E-4 4.40199E-4 1.10074E-3 6.64442E-4 4.15996E-4
1.10351E-1 8.52031E-2 8.85865E-2 9.51944E-2 1.12393E-1 1.77336E-1 2.11641E-1 8.5835E-3 8.9178E-3 8.3328E-3 1.03791E-2 1.07824E-2 9.87356E-3 9.45255E-3 9.03853E-3 8.36089E-3 7.38185E-3 8.56389E-3 9.29596E-3 1.07332E-2 1.02661E-2 7.49034E-4 5.47795E-4 7.03796E-3 8.57011E-3 9.26919E-4 9.50867E-4 6.39579E-4 4.62064E-4 5.62843E-4 1.21094E-3 7.67895E-4 1.17792E-3 1.28708E-3 1.99049E-3 1.62832E-3 1.43009E-3 5.37275E-4 4.27224E-4 1.53448E-3 4.51373E-4 3.35172E-4 1.28377E-3 2.51657E-3 2.73194E-3 2.2162E-3 6.30678E-4 2.01359E-3 2.3955E-3 2.36383E-3 2.07364E-3 9.9258E-4 3.28958E-4 1.69148E-4 2.37061E-4 2.40835E-4 3.62154E-4 3.4551E-4 7.71143E-4 1.4127E-3 3.90872E-4
9.01041E-2 8.83578E-2 9.5397E-2 1.08393E-1 1.40484E-1 1.86651E-1 2.24646E-1 2.17401E-1 8.45379E-3 7.89615E-3 6.987E-3 7.08254E-3 7.12317E-3 6.94908E-3 6.9257E-3 1.95772E-4 7.29095E-3 8.21354E-3 8.62169E-3 9.02078E-3 1.12588E-2 3.61934E-4 7.48859E-3 7.45776E-3 7.47703E-3 9.01132E-3 1.63046E-3 1.15755E-3 8.265E-4 4.37093E-4 1.13448E-3 9.37658E-4 5.66742E-4 7.80428E-4 1.90751E-3 1.70943E-3 7.562E-4 8.96611E-4 6.1018E-4 1.51921E-3 1.54743E-3 1.19845E-3 1.36134E-3 2.73078E-3 1.08879E-3 1.00083E-3 3.91304E-4 4.02758E-4 4.26119E-4 6.32813E-4 1.22623E-3 1.0775E-3 1.18992E-3 6.37106E-4 3.95375E-4 4.89418E-4 5.53623E-4 2.57963E-4 5.62912E-4 9.57945E-4 1.48052E-3
