Artocarpus hirsutus SDM files/MIS19/results (without bias file)/Arthir_median.asc
ncols         625
nrows         721
xllcorner     69.99986311115
yllcorner     5.99986187915
cellsize      0.041666667
NODATA_value  -9999
[rows 108 to 134 of 721, columns 488 to 548 of 625]
1.25599E-4 3.13561E-4 3.37403E-4 3.32925E-4 3.23122E-4 3.00106E-4 2.89365E-4 3.01259E-4 3.06126E-4 2.75503E-4 2.11337E-4 8.48709E-5 1.26151E-4 3.23244E-4 1.1649E-4 8.76971E-5 9.62704E-5 1.53507E-4 2.13459E-4 4.13433E-4 4.11089E-4 3.84157E-4 3.22974E-4 3.14651E-4 2.427E-4 1.3418E-4 1.00721E-4 1.13132E-4 1.07841E-4 1.27041E-4 1.28031E-4 1.3985E-4 1.46624E-4 1.23068E-4 1.50399E-4 1.10847E-4 1.74581E-4 4.22176E-4 3.93557E-4 2.74923E-4 1.13036E-4 1.86914E-4 4.82434E-4 5.11418E-4 5.11033E-4 5.58218E-4 4.33739E-4 3.12023E-4 2.07401E-4 6.27091E-4 5.08336E-4 5.9436E-4 5.82914E-4 4.34431E-4 4.04924E-4 4.55945E-4 2.03239E-4 1.19041E-4 1.55041E-4 2.07275E-4 5.97367E-4
1.71726E-4 2.48295E-4 3.34415E-4 3.56252E-4 3.32954E-4 2.81675E-4 2.90011E-4 3.21278E-4 2.99422E-4 3.25107E-4 3.07518E-4 3.10105E-4 1.48877E-4 1.49402E-4 7.06586E-5 8.52409E-5 1.12526E-4 1.86914E-4 3.06848E-4 2.74358E-4 3.58818E-4 2.20303E-4 1.32549E-4 1.19189E-4 1.17547E-4 1.21338E-4 1.03617E-4 9.62704E-5 1.06592E-4 1.65413E-4 2.56336E-4 2.70278E-4 3.9573E-4 3.6179E-4 2.09431E-4 3.05913E-4 4.1105E-4 4.13176E-4 4.05896E-4 3.93797E-4 3.36235E-4 1.48242E-4 3.36858E-4 3.77148E-4 4.72254E-4 5.77724E-4 4.93789E-4 3.94609E-4 2.83513E-4 4.93248E-4 4.6682E-4 2.28395E-4 2.67947E-4 2.27596E-4 3.47139E-4 4.84864E-4 3.5489E-4 1.82034E-4 3.9009E-4 1.31906E-4 2.21905E-4
1.68296E-4 1.88304E-4 2.64896E-4 3.36911E-4 3.53122E-4 3.18745E-4 3.02839E-4 3.599E-4 3.12456E-4 3.04979E-4 2.84058E-4 3.33861E-4 3.57441E-4 1.81929E-4 7.58573E-5 8.30681E-5 1.0509E-4 1.78326E-4 2.08046E-4 3.47461E-4 3.58295E-4 3.12363E-4 3.07217E-4 3.15124E-4 3.15143E-4 1.2108E-4 9.90426E-5 9.59862E-5 1.21389E-4 2.99726E-4 3.71319E-4 3.47946E-4 3.74493E-4 3.30554E-4 1.2995E-4 1.43132E-4 4.25459E-4 2.58776E-4 1.20455E-4 1.45471E-4 1.0328E-4 4.21629E-4 3.63497E-4 3.31681E-4 3.67105E-4 3.57326E-4 2.07861E-4 1.35123E-4 2.04273E-4 1.9928E-4 1.61005E-4 5.51309E-4 2.9291E-4 5.26582E-4 4.66048E-4 5.69596E-4 4.72867E-4 5.69005E-4 6.1037E-4 4.78578E-4 1.67409E-4
1.33471E-4 1.36759E-4 1.55849E-4 1.99676E-4 2.28765E-4 2.20284E-4 2.29746E-4 3.31416E-4 3.27278E-4 3.10746E-4 2.13152E-4 1.41726E-4 1.42199E-4 1.03062E-4 7.62705E-5 1.10252E-4 3.81461E-4 3.95699E-4 3.45167E-4 3.67589E-4 3.20445E-4 3.38641E-4 3.07518E-4 3.43635E-4 3.55015E-4 3.41475E-4 3.58237E-4 2.9883E-4 4.17307E-4 4.71175E-4 4.20085E-4 3.51346E-4 3.28908E-4 2.52222E-4 1.45169E-4 1.39142E-4 2.00242E-4 2.25849E-4 1.51581E-4 3.24632E-4 2.26992E-4 1.14076E-4 2.98678E-4 4.65103E-4 4.52494E-4 1.51063E-4 3.07952E-4 2.58336E-4 2.35259E-4 5.91517E-4 2.44225E-4 2.62742E-4 4.99297E-4 2.15108E-4 4.33499E-4 5.28288E-4 5.56257E-4 5.23354E-4 4.5184E-4 3.07524E-4 3.36651E-4
7.7128E-5 8.63983E-5 1.05699E-4 1.07791E-4 9.90165E-5 1.01652E-4 1.14453E-4 1.33704E-4 1.73847E-4 1.43457E-4 1.24921E-4 1.37922E-4 2.79224E-4 1.98709E-4 1.18677E-4 2.72579E-4 3.94628E-4 3.7517E-4 3.04459E-4 3.5533E-4 3.34679E-4 3.17253E-4 2.99669E-4 2.12313E-4 2.4299E-4 1.50985E-4 1.23591E-4 2.17698E-4 4.1926E-4 4.07502E-4 4.2876E-4 3.61768E-4 3.57822E-4 1.77247E-4 1.23918E-4 1.03963E-4 1.12026E-4 1.17367E-4 2.05266E-4 2.12606E-4 1.23918E-4 2.85951E-4 5.07922E-4 4.95309E-4 5.20381E-4 4.66472E-4 4.21371E-4 1.41247E-4 2.66874E-4 6.06372E-4 6.66639E-4 6.13099E-4 4.574E-4 5.17944E-4 4.53958E-4 4.82158E-4 6.06042E-4 6.70595E-4 5.10229E-4 2.30105E-4 4.01E-4
8.09175E-5 8.93613E-5 8.91695E-5 8.23552E-5 8.79334E-5 9.46983E-5 1.06065E-4 1.17479E-4 1.49329E-4 1.86399E-4 1.13132E-4 2.62238E-4 3.69897E-4 3.81393E-4 2.37146E-4 2.77666E-4 3.48073E-4 3.48627E-4 3.41816E-4 3.618E-4 3.43474E-4 1.76931E-4 9.8771E-5 1.02795E-4 1.04264E-4 1.27479E-4 9.12642E-5 1.18124E-4 2.17284E-4 4.26579E-4 4.10961E-4 1.47646E-4 1.31846E-4 1.97533E-4 1.1544E-4 1.62329E-4 1.37701E-4 1.31713E-4 2.09727E-4 2.43328E-4 1.83445E-4 1.02723E-4 4.38388E-4 5.14025E-4 4.65586E-4 4.61679E-4 1.51318E-4 1.3653E-4 2.33395E-4 5.62148E-4 5.7575E-4 6.02391E-4 6.17956E-4 6.38261E-4 5.21633E-4 5.48757E-4 4.87884E-4 4.84919E-4 5.09375E-4 4.55658E-4 6.12605E-4
1.50193E-4 3.33726E-4 2.06778E-4 8.8691E-5 1.17736E-4 9.20502E-5 1.04573E-4 1.2714E-4 2.25535E-4 1.60035E-4 3.30902E-4 3.73395E-4 2.08709E-4 3.90959E-4 3.58926E-4 3.51269E-4 1.73227E-4 1.14633E-4 1.41703E-4 3.68384E-4 3.77561E-4 3.33726E-4 1.34389E-4 8.79292E-5 1.11227E-4 2.38132E-4 1.02795E-4 9.82209E-5 1.11609E-4 2.16278E-4 3.76656E-4 1.99542E-4 1.12211E-4 1.27479E-4 2.33253E-4 4.6162E-4 5.05629E-4 4.18999E-4 4.46235E-4 4.49134E-4 3.90814E-4 2.2474E-4 9.43225E-5 1.15085E-4 1.05115E-4 1.02365E-4 9.80872E-5 1.53994E-4 1.76037E-4 5.06883E-4 6.49462E-4 4.86566E-4 6.46681E-4 5.60093E-4 4.00352E-4 1.93553E-4 1.53465E-4 4.37587E-4 5.84047E-4 6.70517E-4 7.22073E-4
8.48901E-5 1.64041E-4 3.39426E-4 1.47312E-4 2.51194E-4 8.8995E-5 1.07332E-4 2.73182E-4 3.93459E-4 1.4527E-4 1.80663E-4 3.66286E-4 3.57504E-4 3.39849E-4 3.59551E-4 3.54465E-4 3.2844E-4 3.09328E-4 1.59733E-4 1.35106E-4 2.8734E-4 3.86623E-4 3.98874E-4 3.76501E-4 3.65085E-4 4.078E-4 2.72572E-4 9.73599E-5 1.20455E-4 1.72345E-4 4.41043E-4 3.87954E-4 1.26025E-4 1.12211E-4 1.4748E-4 5.06522E-4 4.62371E-4 4.25523E-4 4.64798E-4 4.58357E-4 5.28985E-4 4.12682E-4 2.40533E-4 1.12468E-4 2.1865E-4 4.28719E-4 1.82966E-4 2.57889E-4 3.31402E-4 4.38542E-4 6.32489E-4 6.70517E-4 5.70927E-4 5.2419E-4 3.92311E-4 5.1417E-4 6.79794E-4 7.37928E-4 5.78484E-4 6.2025E-4 6.21155E-4
2.67868E-4 1.90395E-4 7.88997E-5 2.27828E-4 1.44486E-4 8.31348E-5 1.27888E-4 3.76348E-4 3.70915E-4 3.12391E-4 3.60573E-4 3.35338E-4 3.6013E-4 3.69108E-4 3.83191E-4 3.79578E-4 3.42982E-4 2.06239E-4 1.20661E-4 3.70002E-4 1.66946E-4 1.47049E-4 3.91722E-4 3.91079E-4 4.15626E-4 3.8002E-4 1.53406E-4 1.23492E-4 2.05633E-4 2.787E-4 3.04809E-4 1.92185E-4 1.95402E-4 1.52691E-4 1.9062E-4 3.57326E-4 4.21116E-4 3.59096E-4 2.57628E-4 3.95907E-4 4.15849E-4 2.83917E-4 2.20705E-4 1.81406E-4 1.51891E-4 5.08306E-4 4.80305E-4 4.10755E-4 4.91811E-4 4.69225E-4 4.92715E-4 5.80509E-4 5.96121E-4 5.70475E-4 3.24611E-4 5.17497E-4 6.48874E-4 7.20304E-4 6.87255E-4 7.39382E-4 6.39621E-4
3.22202E-4 3.41584E-4 2.69258E-4 2.07861E-4 1.39977E-4 7.12835E-5 1.82309E-4 3.52495E-4 2.60372E-4 2.14979E-4 1.56701E-4 3.1914E-4 3.38701E-4 3.65329E-4 3.89087E-4 3.91261E-4 3.58256E-4 2.57054E-4 1.22637E-4 1.75074E-4 2.31045E-4 1.49139E-4 1.96154E-4 1.68427E-4 4.38394E-4 3.97387E-4 2.82845E-4 2.36023E-4 2.95613E-4 3.68621E-4 3.10856E-4 1.69315E-4 3.04902E-4 4.43124E-4 3.82762E-4 2.74483E-4 2.74483E-4 2.05954E-4 2.22948E-4 4.56232E-4 3.22742E-4 2.33956E-4 4.43484E-4 5.0758E-4 4.24708E-4 1.88823E-4 4.92173E-4 6.43714E-4 6.53084E-4 5.56106E-4 5.03986E-4 4.39421E-4 4.2689E-4 3.29491E-4 6.04161E-4 5.20244E-4 5.24717E-4 5.27418E-4 6.36901E-4 6.14901E-4 8.03519E-4
1.71054E-4 3.38103E-4 3.26191E-4 2.85021E-4 3.12561E-4 1.21986E-4 2.67582E-4 3.48988E-4 3.85389E-4 3.03639E-4 1.97748E-4 3.398E-4 3.72248E-4 4.10011E-4 3.89142E-4 3.60385E-4 3.55162E-4 3.10085E-4 3.75274E-4 3.4721E-4 1.56701E-4 1.42139E-4 3.96745E-4 3.61912E-4 4.35708E-4 4.43411E-4 4.14941E-4 3.72236E-4 3.33449E-4 3.47005E-4 3.22788E-4 1.55585E-4 4.20029E-4 5.24084E-4 3.96271E-4 3.74425E-4 4.26205E-4 3.97491E-4 4.24786E-4 4.50783E-4 3.82059E-4 3.49274E-4 4.33558E-4 6.00003E-4 4.97223E-4 3.61712E-4 1.54258E-4 4.19086E-4 6.47045E-4 6.35271E-4 4.97132E-4 3.31844E-4 5.9132E-4 5.69743E-4 5.10179E-4 6.77768E-4 5.8263E-4 5.48765E-4 5.22461E-4 5.47699E-4 4.8765E-4
2.5519E-4 2.88916E-4 2.9965E-4 2.79911E-4 3.27249E-4 3.78299E-4 3.56289E-4 3.88656E-4 3.54798E-4 2.81771E-4 1.73182E-4 2.05451E-4 1.64557E-4 3.68124E-4 3.74375E-4 3.6647E-4 3.57812E-4 3.96764E-4 4.085E-4 3.60838E-4 1.92829E-4 2.401E-4 3.93733E-4 1.82581E-4 2.81008E-4 3.97217E-4 4.51876E-4 4.17727E-4 3.51045E-4 3.45288E-4 3.17723E-4 1.15982E-4 3.39094E-4 5.02172E-4 4.37482E-4 2.72019E-4 4.28283E-4 4.42432E-4 4.00465E-4 4.0559E-4 3.67428E-4 4.0299E-4 4.35662E-4 4.68997E-4 3.90022E-4 1.90749E-4 2.26554E-4 4.07546E-4 3.70285E-4 5.48087E-4 4.43511E-4 4.47321E-4 5.88236E-4 5.68705E-4 6.56366E-4 7.02915E-4 6.87255E-4 6.70416E-4 6.99682E-4 7.39207E-4 5.60668E-4
2.94378E-4 2.84954E-4 2.16007E-4 1.36808E-4 2.35533E-4 3.89341E-4 3.81421E-4 3.7058E-4 3.21781E-4 2.84539E-4 1.76305E-4 3.69333E-4 3.61807E-4 2.54613E-4 2.72627E-4 2.86814E-4 3.62629E-4 3.95653E-4 3.98151E-4 3.54788E-4 3.32542E-4 3.66267E-4 3.53694E-4 4.0117E-4 3.72379E-4 2.47866E-4 4.01441E-4 4.24773E-4 4.26024E-4 3.66434E-4 3.06664E-4 1.11157E-4 2.20705E-4 5.35376E-4 4.16507E-4 3.41357E-4 2.41233E-4 4.66045E-4 5.08313E-4 4.26343E-4 3.95351E-4 3.79973E-4 4.08326E-4 3.91162E-4 2.13036E-4 2.75148E-4 5.2648E-4 5.66108E-4 4.44254E-4 5.76871E-4 4.94153E-4 4.2443E-4 5.51501E-4 5.83799E-4 7.3719E-4 6.64928E-4 7.95032E-4 7.1308E-4 7.25721E-4 5.47015E-4 4.45226E-4
3.15037E-4 3.14674E-4 3.12013E-4 1.26151E-4 1.72626E-4 4.04887E-4 3.82635E-4 3.52866E-4 3.44545E-4 3.47063E-4 3.5742E-4 3.53724E-4 3.53219E-4 3.52899E-4 3.3265E-4 2.41244E-4 4.04481E-4 3.98573E-4 4.19723E-4 3.74222E-4 3.29658E-4 3.05858E-4 3.75423E-4 4.36531E-4 3.66708E-4 3.90576E-4 4.19977E-4 3.97099E-4 3.38583E-4 3.51023E-4 2.85145E-4 1.73539E-4 4.60926E-4 5.32014E-4 4.23308E-4 3.61232E-4 2.30038E-4 3.2158E-4 5.40064E-4 5.27795E-4 4.05778E-4 4.00161E-4 3.97075E-4 3.96236E-4 4.07383E-4 4.25962E-4 5.5064E-4 6.1787E-4 4.95844E-4 5.35716E-4 5.18318E-4 5.19128E-4 4.81507E-4 4.39736E-4 7.0993E-4 6.50391E-4 5.56509E-4 5.2292E-4 4.50133E-4 5.49486E-4 6.32476E-4
3.45459E-4 3.33834E-4 3.41743E-4 3.59693E-4 3.26887E-4 3.47424E-4 3.33863E-4 3.16664E-4 2.99988E-4 3.7209E-4 3.80517E-4 3.89789E-4 3.5881E-4 3.3627E-4 3.8656E-4 3.70092E-4 4.12268E-4 4.39592E-4 4.27406E-4 4.04116E-4 3.3483E-4 2.42619E-4 4.05362E-4 4.33572E-4 3.4848E-4 3.932E-4 4.66312E-4 4.32101E-4 3.07308E-4 2.9625E-4 2.5441E-4 2.35684E-4 4.79315E-4 5.34468E-4 4.47344E-4 3.67805E-4 3.1865E-4 3.49719E-4 4.46071E-4 4.71729E-4 3.68048E-4 4.01528E-4 3.90073E-4 3.99807E-4 4.03119E-4 4.3747E-4 4.87281E-4 4.79227E-4 4.99332E-4 5.16079E-4 4.79664E-4 4.60763E-4 3.45751E-4 1.94987E-4 3.44778E-4 2.82718E-4 6.23894E-4 5.13706E-4 4.59451E-4 6.15073E-4 6.60504E-4
2.35634E-4 3.12278E-4 3.3306E-4 3.67888E-4 3.63085E-4 3.50701E-4 2.92321E-4 2.83451E-4 2.31155E-4 3.46713E-4 3.6463E-4 3.56694E-4 3.63791E-4 3.16514E-4 3.06585E-4 2.74916E-4 3.74695E-4 4.27713E-4 4.27406E-4 3.57456E-4 3.79235E-4 4.44539E-4 4.31795E-4 3.70965E-4 4.23685E-4 4.05234E-4 3.94951E-4 3.67992E-4 2.99758E-4 2.79293E-4 1.85785E-4 2.40957E-4 5.13808E-4 5.38058E-4 4.89443E-4 3.47172E-4 3.7052E-4 3.65056E-4 3.95074E-4 4.70883E-4 3.76847E-4 4.10768E-4 3.92256E-4 3.85905E-4 4.29918E-4 4.58167E-4 5.09323E-4 4.79295E-4 5.26637E-4 5.70547E-4 5.54634E-4 5.28247E-4 4.32727E-4 3.63021E-4 7.74955E-4 5.64822E-4 7.0558E-4 6.22068E-4 5.19992E-4 7.16214E-4 6.38752E-4
1.90758E-4 2.28922E-4 2.29843E-4 3.65366E-4 4.02187E-4 3.71262E-4 3.2137E-4 3.21912E-4 2.58531E-4 2.824E-4 2.94428E-4 3.10453E-4 3.06291E-4 3.44501E-4 2.90186E-4 2.98132E-4 2.86292E-4 3.80888E-4 4.22927E-4 4.1209E-4 3.67204E-4 4.28998E-4 4.50059E-4 4.68495E-4 4.81402E-4 4.38789E-4 3.97062E-4 3.59673E-4 3.18415E-4 2.70947E-4 2.95915E-4 4.28534E-4 4.50031E-4 4.75241E-4 4.2005E-4 3.9674E-4 3.87257E-4 3.76847E-4 3.77458E-4 3.63945E-4 4.46256E-4 3.84899E-4 4.42373E-4 4.68391E-4 4.93996E-4 5.49906E-4 5.1498E-4 4.58113E-4 5.13797E-4 4.90079E-4 6.26926E-4 5.6879E-4 4.38514E-4 6.18478E-4 7.65389E-4 7.34967E-4 7.20304E-4 7.7793E-4 6.81303E-4 6.56734E-4 8.37334E-4
2.22594E-4 2.48992E-4 2.59669E-4 2.74613E-4 3.62009E-4 3.54558E-4 3.67121E-4 2.77041E-4 3.2183E-4 3.25984E-4 3.2183E-4 3.25984E-4 3.13418E-4 2.7728E-4 3.04783E-4 2.92682E-4 2.41837E-4 2.6007E-4 3.42484E-4 4.29753E-4 4.04038E-4 3.88602E-4 4.33715E-4 4.71477E-4 4.52935E-4 4.43435E-4 3.61848E-4 3.44696E-4 3.2797E-4 2.69694E-4 3.26054E-4 5.14097E-4 4.68076E-4 4.37229E-4 3.9978E-4 3.89576E-4 3.80875E-4 4.06118E-4 4.21588E-4 3.90044E-4 4.62627E-4 5.08129E-4 4.22188E-4 4.61965E-4 4.95655E-4 4.30476E-4 5.48458E-4 5.84388E-4 4.72728E-4 5.76259E-4 4.60352E-4 5.46565E-4 5.72624E-4 4.96753E-4 6.34371E-4 6.50925E-4 6.41245E-4 7.64992E-4 7.53335E-4 8.89995E-4 8.75272E-4
2.58325E-4 2.84897E-4 2.80942E-4 2.84897E-4 2.88907E-4 2.80942E-4 2.84897E-4 3.0508E-4 3.25984E-4 3.57822E-4 3.30191E-4 3.39511E-4 3.53264E-4 3.69045E-4 2.96282E-4 2.80678E-4 2.32171E-4 2.49709E-4 2.92699E-4 3.71862E-4 4.15626E-4 4.14117E-4 3.80913E-4 4.76947E-4 3.7479E-4 3.84356E-4 3.99305E-4 3.34157E-4 2.92015E-4 1.94893E-4 4.30795E-4 5.26697E-4 4.48212E-4 4.38615E-4 4.33907E-4 4.04475E-4 3.86841E-4 3.89405E-4 4.00736E-4 4.1021E-4 3.77189E-4 2.88073E-4 3.93387E-4 4.6705E-4 5.20017E-4 3.85732E-4 4.38394E-4 4.52406E-4 4.86559E-4 6.15265E-4 6.0627E-4 4.96753E-4 4.88375E-4 5.51013E-4 5.6095E-4 7.28284E-4 6.03912E-4 6.98524E-4 6.95542E-4 8.92212E-4 8.83726E-4
2.65657E-4 2.65657E-4 2.73194E-4 2.96959E-4 3.2183E-4 3.2183E-4 3.2183E-4 3.25984E-4 3.25984E-4 3.25984E-4 3.30191E-4 3.21686E-4 2.88376E-4 2.69508E-4 2.85464E-4 3.76362E-4 3.67224E-4 3.73668E-4 3.78204E-4 3.45694E-4 3.4232E-4 3.61273E-4 3.96664E-4 3.56851E-4 3.49726E-4 4.08239E-4 3.98833E-4 3.19409E-4 2.63253E-4 1.6344E-4 4.72254E-4 4.89725E-4 4.82454E-4 4.63221E-4 3.95973E-4 3.72844E-4 4.32075E-4 3.67605E-4 3.52815E-4 3.8663E-4 4.23791E-4 3.87959E-4 3.70105E-4 4.13583E-4 4.7632E-4 4.08435E-4 5.72472E-4 4.50888E-4 4.4238E-4 4.69274E-4 3.02106E-4 5.83238E-4 5.23661E-4 6.22988E-4 6.33633E-4 6.07847E-4 6.4506E-4 6.3831E-4 4.92778E-4 7.06718E-4 6.01973E-4
2.61966E-4 2.84897E-4 2.92973E-4 3.25984E-4 3.43136E-4 3.50218E-4 3.38767E-4 3.43136E-4 3.25984E-4 3.24452E-4 3.02897E-4 2.47226E-4 2.22905E-4 3.42484E-4 4.01721E-4 3.79056E-4 3.75695E-4 3.31992E-4 3.38556E-4 3.20785E-4 3.23217E-4 3.4186E-4 4.06889E-4 4.20136E-4 3.62735E-4 3.35663E-4 4.20964E-4 3.98413E-4 3.16632E-4 1.38981E-4 4.7618E-4 5.25431E-4 4.98907E-4 4.77997E-4 4.0726E-4 4.39108E-4 4.86271E-4 4.54547E-4 4.49046E-4 4.63581E-4 4.84362E-4 4.28747E-4 3.97118E-4 4.81848E-4 4.41E-4 3.9406E-4 4.96429E-4 5.75881E-4 6.07911E-4 5.651E-4 6.14997E-4 5.2892E-4 5.1704E-4 6.51705E-4 6.66312E-4 6.63099E-4 6.99167E-4 7.82189E-4 6.63743E-4 9.9123E-4 8.82796E-4
2.80942E-4 3.17671E-4 3.13418E-4 3.41335E-4 3.53766E-4 3.41335E-4 3.28858E-4 2.99213E-4 2.68544E-4 2.50602E-4 2.51856E-4 3.10074E-4 3.7274E-4 3.76835E-4 3.48825E-4 3.32457E-4 3.20804E-4 3.19759E-4 3.2375E-4 3.43686E-4 3.70583E-4 4.1258E-4 4.49302E-4 4.50177E-4 4.57987E-4 4.3473E-4 4.09705E-4 3.75163E-4 3.28371E-4 1.21729E-4 4.0709E-4 4.69694E-4 4.91646E-4 4.77241E-4 4.61036E-4 3.78976E-4 4.81009E-4 4.7739E-4 5.3465E-4 5.15272E-4 4.96165E-4 4.54553E-4 4.54584E-4 3.85098E-4 4.15317E-4 2.4758E-4 1.46079E-4 3.1962E-4 3.21666E-4 2.67392E-4 4.55754E-4 5.74198E-4 5.70439E-4 7.09836E-4 4.46796E-4 2.66738E-4 5.23494E-4 4.8982E-4 6.89321E-4 7.63968E-4 8.99637E-4
2.84897E-4 3.03581E-4 3.15815E-4 2.99213E-4 2.79664E-4 2.64561E-4 2.37367E-4 2.18795E-4 2.48465E-4 3.49222E-4 3.71549E-4 3.52594E-4 3.56984E-4 3.41389E-4 3.11942E-4 3.05256E-4 2.93116E-4 3.06595E-4 3.27076E-4 3.9201E-4 4.13107E-4 3.96663E-4 4.24026E-4 4.15098E-4 4.34464E-4 4.84186E-4 4.92467E-4 4.75076E-4 3.89899E-4 1.40957E-4 1.79762E-4 3.98068E-4 4.30792E-4 4.52878E-4 4.25352E-4 4.47067E-4 4.32439E-4 4.00522E-4 3.80891E-4 3.32587E-4 3.86832E-4 4.12802E-4 4.05819E-4 3.69882E-4 3.93433E-4 4.00318E-4 3.70639E-4 3.91385E-4 5.69962E-4 5.82799E-4 4.33173E-4 5.32904E-4 4.85075E-4 5.42464E-4 5.49466E-4 4.79852E-4 5.41689E-4 5.35445E-4 6.27291E-4 6.33599E-4 7.14596E-4
2.61373E-4 2.50912E-4 2.09082E-4 2.27895E-4 2.07249E-4 2.9559E-4 3.599E-4 3.38094E-4 3.70388E-4 3.36407E-4 3.32838E-4 3.16075E-4 3.16252E-4 3.16195E-4 3.1084E-4 3.17377E-4 3.35769E-4 3.13895E-4 3.11814E-4 3.66401E-4 2.82106E-4 1.81016E-4 1.74975E-4 1.85544E-4 2.40894E-4 2.72128E-4 2.9458E-4 2.83715E-4 3.87625E-4 4.01898E-4 3.48986E-4 3.55496E-4 1.82267E-4 2.44746E-4 1.94925E-4 3.35355E-4 3.74521E-4 3.90278E-4 4.18497E-4 3.87142E-4 3.76761E-4 4.44759E-4 4.33569E-4 4.69891E-4 4.52039E-4 4.78374E-4 4.73266E-4 3.77087E-4 5.08751E-4 5.57091E-4 4.5704E-4 3.83028E-4 5.97624E-4 6.45497E-4 6.32868E-4 7.07002E-4 7.87495E-4 5.70819E-4 6.7258E-4 6.9294E-4 7.41063E-4
1.94899E-4 3.22894E-4 2.97054E-4 3.56463E-4 3.41353E-4 3.38841E-4 3.4491E-4 3.35511E-4 3.1385E-4 2.8877E-4 2.84495E-4 2.58974E-4 2.81873E-4 3.43676E-4 3.6655E-4 3.12931E-4 3.25171E-4 3.54169E-4 3.26056E-4 1.41159E-4 1.43626E-4 1.58018E-4 1.57788E-4 1.4497E-4 1.73551E-4 2.60277E-4 4.66691E-4 4.28182E-4 3.58531E-4 4.33667E-4 3.65338E-4 3.35385E-4 3.39497E-4 3.19885E-4 3.59045E-4 4.77346E-4 4.26937E-4 4.08413E-4 4.71562E-4 4.47601E-4 4.11241E-4 4.63999E-4 4.04685E-4 3.8656E-4 4.97527E-4 4.79739E-4 5.50853E-4 4.02803E-4 5.99219E-4 5.78019E-4 6.11751E-4 5.30053E-4 6.62337E-4 7.08399E-4 5.96547E-4 6.87932E-4 8.33387E-4 7.41063E-4 7.45415E-4 7.18194E-4 8.63791E-4
2.2037E-4 4.00578E-4 3.62335E-4 3.45378E-4 3.36982E-4 3.22526E-4 3.00711E-4 2.94933E-4 2.76881E-4 2.66622E-4 2.64577E-4 2.67754E-4 3.33963E-4 4.0002E-4 4.30757E-4 4.13833E-4 3.17034E-4 1.65173E-4 1.53116E-4 4.01075E-4 3.92763E-4 4.03933E-4 4.02015E-4 3.32173E-4 3.7858E-4 4.13592E-4 4.14053E-4 4.10845E-4 3.93615E-4 3.89857E-4 3.84745E-4 3.54506E-4 3.73671E-4 3.78453E-4 3.4636E-4 4.84615E-4 4.8558E-4 4.63864E-4 4.91991E-4 4.45878E-4 4.77418E-4 4.58502E-4 4.83768E-4 4.66375E-4 4.00748E-4 4.20184E-4 4.72815E-4 3.98258E-4 4.51965E-4 4.36524E-4 4.65174E-4 4.45734E-4 4.84419E-4 5.86837E-4 4.99032E-4 5.34128E-4 6.01765E-4 6.88614E-4 7.70267E-4 5.53879E-4 7.05285E-4
3.40511E-4 3.45723E-4 3.37587E-4 3.17158E-4 3.3614E-4 3.00698E-4 2.7045E-4 2.59899E-4 2.73141E-4 2.67434E-4 2.49465E-4 2.95444E-4 3.39791E-4 3.78362E-4 3.93583E-4 4.10757E-4 2.64016E-4 4.13339E-4 3.54109E-4 3.83126E-4 3.92425E-4 3.8983E-4 4.06108E-4 3.4477E-4 3.32285E-4 3.51861E-4 4.06707E-4 4.79251E-4 3.24058E-4 4.45104E-4 4.09146E-4 3.51839E-4 3.11153E-4 3.6411E-4 3.60026E-4 3.48915E-4 3.18216E-4 3.56377E-4 3.95435E-4 3.5825E-4 3.5825E-4 2.61139E-4 3.79965E-4 3.84206E-4 3.4455E-4 4.68135E-4 4.45808E-4 3.83608E-4 4.39233E-4 3.93158E-4 5.53157E-4 4.78825E-4 5.61887E-4 5.70107E-4 5.81552E-4 5.31048E-4 7.30836E-4 7.05205E-4 7.15922E-4 7.0003E-4 6.85086E-4
