Artocarpus hirsutus SDM files/MIS19/results (without bias file)/Arthir_stddev.asc
ncols         625
nrows         721
xllcorner     69.99986311115
yllcorner     5.99986187915
cellsize      0.041666667
NODATA_value  -9999
[rows 162 to 188 of 721, columns 427 to 487 of 625]
1.08193E-4 1.06673E-4 1.063E-4 9.77355E-5 9.01388E-5 8.53162E-5 9.34908E-5 1.25285E-4 1.34415E-4 1.33045E-4 1.45068E-4 1.37894E-4 1.21688E-4 1.26259E-4 1.44901E-4 1.49623E-4 1.19225E-4 1.19107E-4 1.29401E-4 1.55341E-4 1.61482E-4 1.69615E-4 1.54774E-4 1.58864E-4 1.60619E-4 1.76592E-4 1.74665E-4 1.73487E-4 1.64802E-4 1.49617E-4 1.55641E-4 1.56453E-4 1.61302E-4 1.66556E-4 1.77525E-4 1.7224E-4 1.75978E-4 1.75281E-4 1.64637E-4 1.63761E-4 1.32211E-4 1.44237E-4 1.69459E-4 1.38662E-4 1.33104E-4 1.25108E-4 1.53263E-4 1.52847E-4 1.79385E-4 1.52418E-4 1.4611E-4 1.40151E-4 1.414E-4 1.35509E-4 1.39266E-4 1.45118E-4 1.53297E-4 1.65425E-4 1.60342E-4 1.71774E-4 1.49192E-4
1.17966E-4 1.21857E-4 1.24385E-4 1.16827E-4 1.09025E-4 1.03014E-4 1.156E-4 1.28203E-4 1.25075E-4 1.33872E-4 1.41782E-4 1.39013E-4 1.24762E-4 1.39834E-4 1.33387E-4 1.25966E-4 1.43518E-4 1.43518E-4 1.35089E-4 1.56302E-4 1.56108E-4 1.47879E-4 1.48924E-4 1.61766E-4 1.77281E-4 1.82038E-4 1.81213E-4 1.84651E-4 1.84384E-4 1.73542E-4 1.74366E-4 1.76012E-4 1.84027E-4 1.8367E-4 1.80554E-4 1.39435E-4 1.72026E-4 1.56534E-4 1.31347E-4 1.36117E-4 1.41863E-4 1.35707E-4 1.44586E-4 1.29321E-4 1.23807E-4 1.2481E-4 1.30393E-4 1.51086E-4 1.43382E-4 1.65005E-4 1.57339E-4 1.56011E-4 1.65143E-4 1.51895E-4 1.44878E-4 1.40457E-4 1.4344E-4 1.74796E-4 1.75569E-4 1.63826E-4 1.39862E-4
1.17739E-4 1.13097E-4 1.12152E-4 1.26834E-4 9.73555E-5 1.09639E-4 1.15963E-4 1.15085E-4 1.15037E-4 1.43069E-4 1.44359E-4 1.40964E-4 1.38699E-4 1.50341E-4 1.46821E-4 1.56773E-4 1.59856E-4 1.68331E-4 1.57958E-4 1.58259E-4 1.52071E-4 1.66028E-4 1.66178E-4 1.82038E-4 1.72966E-4 1.79317E-4 1.78977E-4 1.85031E-4 1.79997E-4 1.7899E-4 1.85371E-4 1.78452E-4 1.70568E-4 1.71903E-4 1.67086E-4 1.46272E-4 1.34019E-4 1.19767E-4 1.32319E-4 1.50215E-4 1.58063E-4 1.48369E-4 1.32053E-4 1.34578E-4 1.30167E-4 1.37761E-4 1.34216E-4 1.30934E-4 1.42286E-4 1.64401E-4 1.63964E-4 1.70046E-4 1.64871E-4 1.62427E-4 1.47047E-4 1.38271E-4 1.48712E-4 1.6366E-4 1.86059E-4 1.64938E-4 1.43769E-4
1.14053E-4 1.0119E-4 1.03618E-4 1.14457E-4 1.11565E-4 1.24165E-4 1.25747E-4 1.34433E-4 1.26427E-4 1.34594E-4 1.36139E-4 1.36211E-4 1.14316E-4 1.28648E-4 1.49754E-4 1.49595E-4 1.54389E-4 1.56854E-4 1.62408E-4 1.64749E-4 1.63145E-4 1.72335E-4 1.74129E-4 1.72864E-4 1.71632E-4 1.54178E-4 1.7133E-4 1.70624E-4 1.76271E-4 1.86124E-4 1.70754E-4 1.74483E-4 1.54884E-4 1.53612E-4 1.66862E-4 1.69259E-4 1.54679E-4 1.32492E-4 1.46399E-4 1.44091E-4 1.62363E-4 1.60697E-4 1.63555E-4 1.61216E-4 1.61768E-4 1.46795E-4 1.36019E-4 1.41995E-4 1.5472E-4 1.60463E-4 1.57963E-4 1.64961E-4 1.5976E-4 1.6007E-4 1.52319E-4 1.45765E-4 1.66906E-4 1.76752E-4 1.74889E-4 1.62031E-4 1.65333E-4
1.17772E-4 1.17093E-4 1.26716E-4 1.22462E-4 1.30491E-4 1.21339E-4 1.37026E-4 1.31816E-4 1.3193E-4 1.37856E-4 1.22649E-4 1.07163E-4 1.09085E-4 1.23628E-4 1.33257E-4 1.54848E-4 1.47741E-4 1.49302E-4 1.4215E-4 1.53166E-4 1.43986E-4 1.56667E-4 1.66285E-4 1.74447E-4 1.60836E-4 1.51052E-4 1.67328E-4 1.79957E-4 1.71063E-4 1.68548E-4 1.64648E-4 1.49164E-4 1.33637E-4 1.39652E-4 1.54609E-4 1.77928E-4 1.5825E-4 1.62899E-4 1.67926E-4 1.60136E-4 1.84423E-4 1.74636E-4 1.65282E-4 1.75812E-4 1.66754E-4 1.63649E-4 1.52844E-4 1.47144E-4 1.48983E-4 1.40462E-4 1.62967E-4 1.71347E-4 1.4748E-4 1.44999E-4 1.48323E-4 1.4515E-4 1.36008E-4 1.50217E-4 1.36897E-4 1.36111E-4 1.36188E-4
1.14004E-4 1.25291E-4 1.21594E-4 1.29105E-4 1.30226E-4 1.28949E-4 1.3416E-4 1.25914E-4 1.285E-4 1.30711E-4 1.0953E-4 1.13343E-4 1.13707E-4 1.23189E-4 1.30861E-4 1.59092E-4 1.65305E-4 1.59006E-4 1.48725E-4 1.46644E-4 1.6105E-4 1.67377E-4 1.54828E-4 1.40819E-4 1.45189E-4 1.54776E-4 1.68246E-4 1.62374E-4 1.56931E-4 1.50258E-4 1.42206E-4 1.37241E-4 1.52364E-4 1.694E-4 1.69551E-4 1.79675E-4 1.7785E-4 1.64201E-4 1.73635E-4 1.73292E-4 1.85781E-4 1.67022E-4 1.60041E-4 1.55982E-4 1.5743E-4 1.50807E-4 1.51113E-4 1.43635E-4 1.39956E-4 1.49848E-4 1.612E-4 1.59603E-4 1.48853E-4 1.40817E-4 1.39334E-4 1.46489E-4 1.32692E-4 1.86409E-4 1.37276E-4 1.40843E-4 1.27249E-4
1.19636E-4 1.18411E-4 1.24074E-4 1.3425E-4 1.26498E-4 1.17475E-4 1.31146E-4 1.17503E-4 1.25092E-4 1.30862E-4 1.34737E-4 1.35333E-4 1.282E-4 1.25999E-4 1.58824E-4 1.5725E-4 1.60661E-4 1.64703E-4 1.64642E-4 1.41419E-4 1.42467E-4 1.57566E-4 1.43782E-4 1.6171E-4 1.47552E-4 1.40971E-4 1.52805E-4 1.59498E-4 1.31577E-4 1.2483E-4 1.15353E-4 1.25386E-4 1.30388E-4 1.55451E-4 1.72584E-4 1.72714E-4 1.67352E-4 1.6454E-4 1.58018E-4 1.62652E-4 1.65621E-4 1.6376E-4 1.64913E-4 1.53368E-4 1.42659E-4 1.35999E-4 1.33949E-4 1.488E-4 1.48561E-4 1.51756E-4 1.62548E-4 1.44878E-4 1.50503E-4 1.48162E-4 1.34122E-4 1.38745E-4 1.56679E-4 1.82086E-4 1.3156E-4 1.29805E-4 1.25526E-4
1.05305E-4 1.06621E-4 1.19944E-4 1.30151E-4 1.27727E-4 1.10281E-4 1.18059E-4 1.16152E-4 1.23902E-4 1.29386E-4 1.25795E-4 1.36945E-4 1.45225E-4 1.40372E-4 1.56982E-4 1.59868E-4 1.50136E-4 1.57758E-4 1.36377E-4 1.2408E-4 1.35938E-4 1.29874E-4 1.3268E-4 1.33899E-4 1.24802E-4 1.20365E-4 1.30519E-4 1.2152E-4 1.21556E-4 1.43598E-4 1.5447E-4 1.54612E-4 1.41328E-4 1.6707E-4 1.74471E-4 1.57114E-4 1.49862E-4 1.39372E-4 1.36913E-4 1.47389E-4 1.57157E-4 1.6374E-4 1.64635E-4 1.56582E-4 1.47332E-4 1.53989E-4 1.51435E-4 1.61988E-4 1.70084E-4 1.5258E-4 1.43707E-4 1.33536E-4 1.5323E-4 1.52332E-4 1.52733E-4 1.59901E-4 2.03914E-4 1.46245E-4 1.34433E-4 1.50297E-4 1.37463E-4
1.16328E-4 1.03512E-4 1.19031E-4 1.27305E-4 1.37628E-4 1.44958E-4 1.37141E-4 1.45138E-4 1.37554E-4 1.27522E-4 1.30998E-4 1.41591E-4 1.31038E-4 1.23416E-4 1.5221E-4 1.40067E-4 1.49467E-4 1.4339E-4 1.52058E-4 1.55293E-4 1.55285E-4 1.46478E-4 1.42071E-4 1.25939E-4 1.47309E-4 1.42062E-4 1.23802E-4 1.26686E-4 1.35212E-4 1.35313E-4 1.31882E-4 1.16573E-4 1.30529E-4 1.72381E-4 1.57416E-4 1.46979E-4 1.33494E-4 1.23032E-4 1.26601E-4 1.38636E-4 1.49042E-4 1.53493E-4 1.72553E-4 1.75211E-4 1.62749E-4 1.71716E-4 1.68819E-4 1.62719E-4 1.60076E-4 1.36789E-4 1.31991E-4 1.41796E-4 1.67454E-4 1.57252E-4 1.49555E-4 1.76982E-4 1.71692E-4 1.31326E-4 1.49074E-4 1.70191E-4 1.64573E-4
1.0904E-4 1.21175E-4 1.33457E-4 1.28949E-4 1.28197E-4 1.41963E-4 1.43431E-4 1.39297E-4 1.3919E-4 1.34436E-4 1.28622E-4 1.40182E-4 1.16654E-4 1.14249E-4 1.47003E-4 1.17453E-4 1.26062E-4 1.45986E-4 1.62955E-4 1.48382E-4 1.45032E-4 1.50643E-4 1.39828E-4 1.43591E-4 1.37246E-4 1.44863E-4 1.43029E-4 1.55918E-4 1.46602E-4 1.45685E-4 1.3652E-4 1.34301E-4 1.61608E-4 1.57305E-4 1.63479E-4 1.64892E-4 1.46836E-4 1.41038E-4 1.49396E-4 1.51934E-4 1.61906E-4 1.71801E-4 1.676E-4 1.65723E-4 1.67478E-4 1.81871E-4 1.58534E-4 1.53746E-4 1.56096E-4 1.47824E-4 1.58236E-4 1.59292E-4 1.66616E-4 1.58348E-4 1.49042E-4 1.96961E-4 1.81948E-4 1.5954E-4 1.62082E-4 1.53421E-4 1.58806E-4
1.18086E-4 1.21226E-4 1.28718E-4 1.39254E-4 1.47332E-4 1.43051E-4 1.35751E-4 1.39808E-4 1.38895E-4 1.19289E-4 1.27188E-4 1.2557E-4 1.30241E-4 1.32484E-4 1.44623E-4 1.48576E-4 1.47423E-4 1.21738E-4 1.59702E-4 1.41079E-4 1.29959E-4 1.45707E-4 1.29734E-4 1.31958E-4 1.46478E-4 1.29351E-4 1.40872E-4 1.32303E-4 1.34151E-4 1.26031E-4 1.31404E-4 1.45194E-4 1.65477E-4 1.65258E-4 1.45976E-4 1.64156E-4 1.61674E-4 1.4905E-4 1.49439E-4 1.4673E-4 1.61566E-4 1.66315E-4 1.65861E-4 1.69618E-4 1.65143E-4 1.77464E-4 1.70907E-4 1.67072E-4 1.70448E-4 1.55682E-4 1.66622E-4 1.52235E-4 1.60601E-4 1.70909E-4 1.45844E-4 1.93261E-4 1.64377E-4 1.80709E-4 1.58656E-4 1.65758E-4 1.53541E-4
1.53345E-4 1.69997E-4 2.18741E-4 2.13717E-4 1.35704E-4 1.41145E-4 1.32473E-4 1.26197E-4 1.27334E-4 1.37656E-4 1.43268E-4 1.2096E-4 1.17073E-4 1.18016E-4 1.16654E-4 1.39575E-4 9.40962E-5 1.4008E-4 1.53478E-4 1.45179E-4 1.17258E-4 1.33988E-4 1.20093E-4 1.43425E-4 1.52427E-4 1.54192E-4 1.27235E-4 1.43617E-4 1.38221E-4 1.27596E-4 1.18741E-4 1.28316E-4 1.4889E-4 1.5949E-4 1.39039E-4 1.38834E-4 1.54038E-4 1.58395E-4 1.36185E-4 1.48605E-4 1.57193E-4 1.55891E-4 1.47765E-4 1.52467E-4 1.67839E-4 1.64306E-4 1.65172E-4 1.57617E-4 1.38896E-4 1.63774E-4 1.57217E-4 1.5743E-4 1.71552E-4 1.63025E-4 1.51066E-4 1.85593E-4 1.94966E-4 1.7678E-4 1.80537E-4 1.81921E-4 1.90971E-4
1.80365E-4 1.73911E-4 2.56797E-4 1.94244E-4 1.69213E-4 1.89522E-4 1.91605E-4 1.28997E-4 1.11702E-4 1.26562E-4 1.32441E-4 1.34095E-4 1.22422E-4 1.06888E-4 1.40289E-4 1.22153E-4 1.10027E-4 1.58009E-4 1.28285E-4 1.26446E-4 1.05375E-4 1.13131E-4 1.36077E-4 1.42704E-4 1.41006E-4 1.3488E-4 1.38375E-4 1.45527E-4 1.1553E-4 1.24878E-4 1.25262E-4 1.37847E-4 1.45035E-4 1.40526E-4 1.43294E-4 1.48316E-4 1.5084E-4 1.59961E-4 1.54996E-4 1.42294E-4 1.51348E-4 1.39734E-4 1.3565E-4 1.41285E-4 1.57511E-4 1.73452E-4 1.66127E-4 1.4618E-4 1.35836E-4 1.48907E-4 1.51514E-4 1.74308E-4 1.95216E-4 1.87802E-4 1.62655E-4 1.88791E-4 1.8732E-4 1.69227E-4 1.74754E-4 1.83362E-4 1.65453E-4
2.03255E-4 1.96676E-4 2.5123E-4 1.92296E-4 2.02765E-4 2.17843E-4 2.2952E-4 2.12034E-4 2.0377E-4 2.05251E-4 2.23875E-4 2.08403E-4 2.04142E-4 1.25305E-4 1.41508E-4 1.08007E-4 1.3297E-4 1.32854E-4 1.10015E-4 1.1546E-4 1.11976E-4 1.29641E-4 1.39154E-4 1.22496E-4 1.41896E-4 1.25774E-4 1.30569E-4 1.44812E-4 1.22915E-4 1.11009E-4 1.24089E-4 1.33717E-4 1.51965E-4 1.52222E-4 1.41755E-4 1.39634E-4 1.46627E-4 1.45009E-4 1.41793E-4 1.38409E-4 1.41276E-4 1.28694E-4 1.41475E-4 1.3956E-4 1.58713E-4 1.6814E-4 1.53002E-4 1.52885E-4 1.38633E-4 1.49567E-4 1.51243E-4 1.84513E-4 1.94759E-4 1.83808E-4 1.96954E-4 1.86104E-4 1.91032E-4 1.79678E-4 1.89025E-4 1.91199E-4 1.73721E-4
1.95313E-4 2.2633E-4 2.46886E-4 2.551E-4 2.58318E-4 2.5751E-4 2.58246E-4 2.302E-4 2.39534E-4 2.41876E-4 2.51819E-4 2.47352E-4 2.27586E-4 2.21244E-4 2.09204E-4 1.97627E-4 1.2705E-4 1.17527E-4 1.16826E-4 1.2152E-4 1.4009E-4 1.71122E-4 1.39891E-4 1.35276E-4 1.49131E-4 1.16573E-4 1.12034E-4 1.43157E-4 1.43163E-4 1.56549E-4 1.46833E-4 1.29838E-4 1.32043E-4 1.39785E-4 1.37703E-4 1.42117E-4 1.45623E-4 1.50922E-4 1.41619E-4 1.41668E-4 1.4183E-4 1.53148E-4 1.60446E-4 1.61744E-4 1.69329E-4 1.59768E-4 1.49498E-4 1.51169E-4 1.41261E-4 1.45523E-4 1.57443E-4 1.82263E-4 1.90281E-4 1.81581E-4 1.91919E-4 1.90254E-4 1.77738E-4 1.77753E-4 2.26865E-4 2.27232E-4 2.29356E-4
2.46382E-4 2.33573E-4 3.11431E-4 2.92703E-4 3.20467E-4 3.18052E-4 3.08872E-4 2.59854E-4 2.73311E-4 3.04301E-4 2.82709E-4 2.6211E-4 2.62557E-4 2.39541E-4 2.41438E-4 2.24874E-4 2.17483E-4 2.09148E-4 2.11764E-4 2.11684E-4 2.50529E-4 1.73889E-4 1.27381E-4 1.50231E-4 1.47412E-4 1.33335E-4 1.35453E-4 1.4209E-4 1.48474E-4 1.5842E-4 1.5476E-4 1.51009E-4 1.53264E-4 1.43467E-4 1.49289E-4 1.42088E-4 1.42582E-4 1.60104E-4 1.58181E-4 1.60863E-4 1.52775E-4 1.59029E-4 1.66957E-4 1.52943E-4 1.45408E-4 1.55286E-4 1.65907E-4 1.58398E-4 1.31812E-4 1.3849E-4 1.72382E-4 2.14964E-4 1.71958E-4 1.69461E-4 1.76508E-4 1.91266E-4 1.97415E-4 1.93839E-4 2.24918E-4 2.53197E-4 2.57897E-4
2.53074E-4 2.79478E-4 2.88235E-4 2.68659E-4 2.6143E-4 3.5479E-4 2.10275E-5 2.91365E-4 2.75109E-4 3.47606E-4 3.31015E-4 3.02391E-4 2.89734E-4 2.60533E-4 2.77147E-4 2.66477E-4 2.74574E-4 2.70053E-4 2.27103E-4 2.17155E-4 2.77473E-4 2.24709E-4 1.96668E-4 2.06291E-4 2.0345E-4 1.25528E-4 1.38146E-4 1.23534E-4 1.2812E-4 1.52497E-4 1.40977E-4 1.41455E-4 1.50276E-4 1.60792E-4 1.56666E-4 1.52823E-4 1.51622E-4 1.59182E-4 1.65538E-4 1.63971E-4 1.62669E-4 1.54441E-4 1.66866E-4 1.3199E-4 1.44126E-4 1.79312E-4 1.79509E-4 1.56719E-4 1.50907E-4 1.51826E-4 1.8493E-4 2.19029E-4 1.96878E-4 1.84819E-4 1.99714E-4 2.04553E-4 1.87292E-4 1.99493E-4 2.18998E-4 2.37681E-4 2.45378E-4
2.45712E-4 2.88958E-4 2.28245E-5 2.26709E-5 2.29E-5 3.33446E-4 2.63983E-5 3.67223E-4 3.13875E-4 3.68598E-4 2.25819E-5 2.14613E-5 2.09499E-5 3.29854E-4 3.29399E-4 3.05713E-4 3.41646E-4 3.1871E-4 2.48645E-4 2.34991E-4 2.81589E-4 2.37814E-4 2.24173E-4 2.27501E-4 2.2593E-4 1.99515E-4 2.1212E-4 1.80827E-4 2.07891E-4 2.01205E-4 1.93E-4 2.04659E-4 2.08174E-4 1.62551E-4 1.60849E-4 1.47933E-4 1.56479E-4 1.55933E-4 1.76379E-4 1.61443E-4 1.60487E-4 1.55125E-4 1.60486E-4 1.49708E-4 1.54628E-4 1.71387E-4 1.81581E-4 1.66445E-4 1.72902E-4 1.64459E-4 1.98292E-4 2.26888E-4 2.08232E-4 2.01006E-4 2.23131E-4 2.31981E-4 2.02409E-4 2.05403E-4 2.25599E-4 2.24512E-4 2.2926E-4
3.43286E-4 2.78249E-5 3.05901E-5 2.71507E-5 2.55559E-5 2.97757E-4 3.26062E-4 2.86472E-4 3.29974E-4 3.66012E-4 3.92155E-4 2.42461E-5 3.89178E-4 3.94261E-4 3.69199E-4 3.56374E-4 3.75559E-4 3.27628E-4 2.69994E-4 2.5264E-4 3.01098E-4 2.9254E-4 2.49691E-4 2.50627E-4 2.39882E-4 2.14338E-4 2.15802E-4 1.92914E-4 1.85975E-4 2.0738E-4 2.16033E-4 2.35441E-4 2.29584E-4 2.04816E-4 2.04546E-4 2.00105E-4 2.01999E-4 1.67624E-4 1.78931E-4 1.67693E-4 1.6396E-4 1.54725E-4 1.68679E-4 1.61143E-4 1.6366E-4 1.82656E-4 1.75036E-4 1.68218E-4 1.68827E-4 1.61475E-4 1.94666E-4 2.41211E-4 2.305E-4 2.064E-4 2.19477E-4 2.34758E-4 2.04672E-4 2.06061E-4 2.43989E-4 2.60742E-4 2.39035E-4
3.03657E-4 3.28012E-5 2.69088E-5 3.55087E-4 2.794E-5 2.33564E-5 2.67156E-5 2.56197E-5 2.66315E-5 2.36663E-5 3.90441E-4 4.21659E-4 3.90641E-4 3.8179E-4 3.99533E-4 4.17772E-4 4.00803E-4 3.73205E-4 3.44317E-4 3.10816E-4 3.29018E-4 3.29893E-4 2.94643E-4 2.80329E-4 2.49068E-4 2.46311E-4 2.45981E-4 2.18512E-4 2.07303E-4 2.15509E-4 2.26952E-4 2.38619E-4 2.29408E-4 2.3332E-4 2.25846E-4 2.10588E-4 2.09546E-4 2.22891E-4 2.21622E-4 1.77727E-4 1.63641E-4 1.60546E-4 1.75139E-4 1.98115E-4 1.7552E-4 1.84868E-4 1.77252E-4 1.77639E-4 1.8189E-4 1.6873E-4 1.75741E-4 2.49988E-4 2.95127E-4 2.28436E-4 2.48503E-4 2.23491E-4 2.20054E-4 2.28032E-4 2.74516E-4 3.17795E-4 2.82083E-4
2.22498E-5 2.43658E-5 3.38452E-5 3.23753E-5 3.45588E-5 4.02142E-5 2.74092E-5 2.81116E-5 4.09033E-4 3.8429E-4 3.89359E-4 3.69945E-4 3.77016E-4 3.89792E-4 4.06714E-4 4.38699E-4 2.65476E-5 3.8231E-4 3.43519E-4 3.43677E-4 3.6928E-4 3.86814E-4 3.14737E-4 3.11321E-4 2.86752E-4 2.91332E-4 2.67681E-4 2.52938E-4 2.50374E-4 2.34002E-4 2.19976E-4 2.43463E-4 2.54719E-4 2.32384E-4 2.61097E-4 2.34289E-4 2.17796E-4 2.14936E-4 2.22496E-4 2.34871E-4 2.25485E-4 2.21728E-4 2.2847E-4 2.17977E-4 1.80332E-4 1.90095E-4 1.96489E-4 2.19582E-4 1.99747E-4 1.84279E-4 1.7631E-4 2.53818E-4 3.09437E-4 2.48384E-4 2.18692E-4 2.15132E-4 2.06408E-4 2.31008E-4 2.61143E-4 3.14367E-4 3.59508E-4
4.17292E-5 6.78795E-5 7.27791E-5 6.6088E-5 6.59701E-5 3.93686E-5 2.86412E-5 3.31436E-5 4.12357E-4 3.55711E-4 3.58975E-4 3.56723E-4 3.71063E-4 3.79163E-4 3.78743E-4 3.91918E-4 4.435E-4 4.18098E-4 3.20139E-4 3.19965E-4 3.58086E-4 4.37164E-4 3.22333E-4 3.3125E-4 2.87373E-4 3.03515E-4 3.01377E-4 2.79452E-4 2.65838E-4 2.44833E-4 2.34415E-4 2.33122E-4 2.38656E-4 2.16482E-4 2.59622E-4 2.58381E-4 2.40554E-4 2.34659E-4 2.46556E-4 2.71423E-4 2.49652E-4 2.24722E-4 2.36312E-4 2.65309E-4 2.04391E-4 2.13192E-4 2.15739E-4 2.48831E-4 2.01002E-4 1.9571E-4 1.8862E-4 2.42661E-4 2.62285E-4 2.78961E-4 2.51363E-4 2.56003E-4 2.2498E-4 2.30774E-4 2.79965E-4 2.95659E-4 3.84814E-4
3.23751E-5 4.3478E-5 4.06516E-5 7.22388E-5 7.41583E-5 4.19115E-5 3.53541E-5 4.99429E-5 5.01926E-5 4.53975E-5 4.77056E-5 3.90964E-5 3.39102E-5 3.73393E-5 3.36856E-5 4.38759E-4 3.3051E-5 3.08663E-5 4.6915E-4 3.94896E-4 4.05934E-4 4.02473E-4 3.47511E-4 3.3156E-4 3.58819E-4 3.36002E-4 3.39531E-4 3.22265E-4 2.80665E-4 2.8454E-4 2.52946E-4 2.51642E-4 2.52863E-4 2.55751E-4 2.67703E-4 2.82846E-4 2.89878E-4 2.77048E-4 2.49985E-4 2.63986E-4 2.91951E-4 2.59952E-4 2.76001E-4 2.87127E-4 3.09571E-4 3.02231E-4 3.16571E-4 2.50758E-4 2.12623E-4 2.09632E-4 2.02206E-4 2.81361E-4 2.69977E-4 2.89943E-4 2.99283E-4 3.04791E-4 3.20566E-4 2.74984E-4 2.98688E-4 3.10401E-4 3.2704E-4
7.03625E-5 4.10784E-5 6.63437E-5 1.04252E-4 7.62144E-5 4.43091E-5 3.72929E-5 3.22589E-5 4.65508E-5 4.46864E-5 4.39473E-5 4.52422E-5 3.58179E-5 3.10926E-5 3.45954E-5 4.82988E-4 5.08471E-4 3.42868E-5 4.35167E-4 4.1499E-4 3.60519E-4 3.88768E-4 3.9537E-4 3.78586E-4 3.71475E-4 3.89423E-4 3.89189E-4 3.42277E-4 2.83006E-4 3.01761E-4 2.93855E-4 2.79778E-4 3.06034E-4 2.96035E-4 2.9828E-4 2.92165E-4 2.77394E-4 2.73543E-4 2.50661E-4 2.31067E-4 2.27375E-4 2.21045E-4 2.38443E-4 2.78084E-4 2.92505E-4 2.98688E-4 2.96532E-4 3.026E-4 2.21598E-4 2.23783E-4 2.22109E-4 3.09826E-4 2.97197E-4 2.99875E-4 3.3297E-4 3.64885E-4 3.70395E-4 3.06049E-4 3.43591E-4 3.4722E-4 3.30997E-4
6.36578E-5 5.76619E-5 1.21796E-4 1.20123E-4 1.18046E-4 1.04813E-4 8.87565E-5 6.88743E-5 4.48419E-5 3.89233E-5 3.45444E-5 3.33089E-5 3.24408E-5 4.52511E-5 4.70573E-4 3.53863E-5 5.14348E-4 3.75193E-5 4.16706E-5 3.50854E-5 2.95894E-5 3.73277E-4 3.38148E-4 3.34429E-4 3.59495E-4 3.73408E-4 3.70312E-4 3.45228E-4 2.75367E-4 3.13611E-4 3.07615E-4 3.19032E-4 2.61154E-4 2.51209E-4 2.34443E-4 2.26017E-4 2.23379E-4 2.20051E-4 2.3362E-4 2.68449E-4 2.93238E-4 2.81079E-4 2.35451E-4 2.55112E-4 2.98521E-4 3.32118E-4 3.32006E-4 3.20618E-4 3.01289E-4 2.87967E-4 2.40188E-4 2.60232E-4 2.5029E-4 2.62687E-4 2.68486E-4 3.23926E-4 3.76949E-4 3.23252E-4 3.39794E-4 4.21429E-4 3.46392E-4
1.58337E-4 1.98282E-4 1.7401E-4 1.49263E-4 1.23626E-4 7.91484E-5 5.68653E-5 6.48832E-5 5.09212E-5 4.99484E-5 3.68311E-5 3.21118E-5 3.30732E-5 3.60139E-5 4.94058E-4 3.3288E-5 4.99332E-4 3.08314E-5 4.35653E-5 4.29658E-5 3.69677E-5 3.26057E-5 4.42422E-4 3.97128E-4 3.47159E-4 4.04784E-4 4.25699E-4 3.56586E-4 2.82683E-4 2.63526E-4 2.56834E-4 2.75511E-4 2.37753E-4 2.39963E-4 2.38916E-4 2.52587E-4 2.36649E-4 2.74808E-4 3.11836E-4 3.34377E-4 3.60064E-4 3.3403E-4 2.74512E-4 2.61932E-4 2.75308E-4 3.37116E-4 3.79298E-4 3.55634E-4 3.87961E-4 4.0502E-4 3.76539E-4 2.90235E-4 2.55449E-4 3.09065E-4 2.77764E-4 2.96629E-4 3.63943E-4 3.14246E-4 3.32175E-4 4.33756E-4 4.01271E-4
1.28261E-4 9.47189E-5 6.50659E-5 5.37279E-5 4.84054E-5 4.26408E-5 4.6364E-5 4.7544E-5 5.73552E-5 6.65276E-5 7.72464E-5 7.08978E-5 4.219E-5 4.16028E-5 4.65579E-5 4.44316E-5 3.11332E-5 3.07773E-5 3.31781E-5 3.42745E-5 3.44547E-5 4.52066E-4 4.25678E-4 3.7114E-4 3.48199E-4 3.80893E-4 4.2017E-4 3.71213E-4 3.38721E-4 3.4218E-4 2.78177E-4 3.20543E-4 3.00128E-4 3.24376E-4 2.79123E-4 2.88708E-4 3.05675E-4 3.21495E-4 2.75806E-4 2.9854E-4 3.03648E-4 2.96156E-4 2.9424E-4 2.84915E-4 3.27214E-4 3.77182E-4 4.25384E-4 3.92659E-4 3.87027E-4 4.49814E-4 4.6527E-4 3.27539E-4 3.23694E-4 3.23806E-4 3.30318E-4 3.40716E-4 4.09198E-4 3.64509E-4 3.37249E-4 3.88358E-4 4.24651E-4
