Artocarpus hirsutus SDM files/MIS19/results (without bias file)/Arthir_avg.asc
ncols         625
nrows         721
xllcorner     69.99986311115
yllcorner     5.99986187915
cellsize      0.041666667
NODATA_value  -9999
[rows 0 to 26 of 721, columns 549 to 609 of 625]
1.47509E-5 1.5313E-5 1.47049E-5 1.33033E-5 1.05334E-5 9.07567E-6 7.06712E-6 6.38814E-6 6.48826E-6 6.17845E-6 7.91181E-6 6.69853E-6 5.47941E-6 7.62292E-6 1.00981E-5 9.91487E-6 7.32454E-6 6.58936E-6 7.6177E-6 7.06035E-6 6.67966E-6 6.85539E-6 7.99031E-6 6.12591E-6 5.41617E-6 7.22504E-6 6.67045E-6 6.52341E-6 6.53521E-6 6.95782E-6 7.05884E-6 6.58474E-6 6.92605E-6 8.1248E-6 7.1916E-6 6.31844E-6 5.939E-6 6.60012E-6 6.94062E-6 7.26658E-6 7.43298E-6 7.27215E-6 8.2998E-6 8.7379E-6 9.88234E-6 1.03848E-5 1.07496E-5 1.23377E-5 1.36064E-5 1.27185E-5 1.17409E-5 1.06652E-5 8.94326E-6 9.29046E-6 1.02198E-5 9.8167E-6 1.02971E-5 1.03491E-5 1.00683E-5 1.0271E-5 1.07352E-5
1.76744E-5 1.72043E-5 1.79553E-5 1.7391E-5 1.72433E-5 1.64681E-5 1.4269E-5 1.10241E-5 8.90586E-6 7.77139E-6 7.96752E-6 9.5823E-6 6.60827E-6 9.17387E-6 1.08583E-5 7.6304E-6 6.64108E-6 7.51113E-6 8.40304E-6 7.28286E-6 6.85732E-6 8.90193E-6 9.18819E-6 6.64216E-6 6.71621E-6 6.32453E-6 7.34023E-6 6.77797E-6 6.54523E-6 7.37312E-6 6.01938E-6 6.00725E-6 6.56249E-6 6.4074E-6 7.49373E-6 6.74387E-6 6.19511E-6 7.73549E-6 9.04584E-6 8.22177E-6 6.75505E-6 7.30799E-6 7.86213E-6 7.99675E-6 9.03167E-6 9.80548E-6 1.08563E-5 1.23091E-5 1.29367E-5 1.22278E-5 1.11816E-5 1.34544E-5 1.0806E-5 9.94899E-6 9.52372E-6 1.02599E-5 8.68034E-6 1.08762E-5 9.18343E-6 9.48877E-6 1.11022E-5
2.05545E-5 2.00086E-5 1.92096E-5 1.91147E-5 1.9588E-5 1.69726E-5 1.66192E-5 1.61225E-5 1.3611E-5 1.35775E-5 1.07039E-5 8.65284E-6 1.16602E-5 6.70998E-6 1.04239E-5 1.18099E-5 9.78651E-6 7.76205E-6 8.53597E-6 8.67538E-6 7.30117E-6 1.15795E-5 8.39243E-6 7.44228E-6 7.40009E-6 6.89833E-6 7.91879E-6 7.04036E-6 7.87692E-6 7.77954E-6 6.80874E-6 6.84334E-6 8.80426E-6 7.59456E-6 7.00194E-6 7.11611E-6 7.32077E-6 8.97857E-6 8.73932E-6 7.47539E-6 7.58221E-6 8.6753E-6 8.75381E-6 9.39453E-6 9.09103E-6 9.48456E-6 9.57382E-6 1.21676E-5 1.18241E-5 1.14397E-5 1.13486E-5 1.12503E-5 1.15139E-5 1.28727E-5 1.22096E-5 9.97291E-6 1.03432E-5 9.85203E-6 9.62047E-6 9.49132E-6 9.24874E-6
2.2235E-5 2.00778E-5 1.8963E-5 1.78148E-5 1.9289E-5 1.72721E-5 1.84695E-5 1.4295E-5 1.61713E-5 1.56314E-5 1.55735E-5 1.09628E-5 9.04937E-6 9.08274E-6 7.11296E-6 7.23483E-6 7.20078E-6 8.07119E-6 8.48399E-6 7.22808E-6 7.17602E-6 6.75732E-6 6.45654E-6 6.99316E-6 7.16072E-6 6.62187E-6 7.60357E-6 7.18012E-6 8.15168E-6 7.00967E-6 6.83562E-6 7.00189E-6 8.02852E-6 6.01183E-6 7.28704E-6 7.18755E-6 8.6231E-6 8.34123E-6 9.11324E-6 7.90406E-6 9.1117E-6 9.50628E-6 8.96608E-6 1.09455E-5 1.00906E-5 1.02892E-5 1.17361E-5 1.18426E-5 1.32976E-5 1.11984E-5 1.01412E-5 1.03233E-5 1.05174E-5 1.03517E-5 9.97053E-6 1.03014E-5 9.64343E-6 1.08406E-5 1.04782E-5 9.38389E-6 1.04422E-5
2.05417E-5 2.24415E-5 2.45148E-5 2.07548E-5 1.74731E-5 1.32645E-5 1.15795E-5 1.25205E-5 1.58277E-5 1.94013E-5 1.77265E-5 1.79235E-5 1.74995E-5 1.84984E-5 1.66308E-5 1.44951E-5 1.67118E-5 1.58801E-5 1.55576E-5 1.44887E-5 1.25869E-5 1.01546E-5 1.06381E-5 9.66109E-6 1.21822E-5 1.2699E-5 9.97697E-6 8.22792E-6 8.06972E-6 7.6557E-6 9.8093E-6 8.02278E-6 9.07723E-6 1.10898E-5 1.06828E-5 8.52398E-6 1.15776E-5 1.02529E-5 1.14045E-5 1.1147E-5 1.15887E-5 1.11445E-5 1.21015E-5 1.13646E-5 1.04311E-5 1.19644E-5 1.1109E-5 1.07825E-5 1.27742E-5 1.28032E-5 1.19946E-5 1.09065E-5 1.01198E-5 9.11239E-6 9.80344E-6 8.724E-6 1.04586E-5 1.08529E-5 1.18493E-5 1.05964E-5 1.01826E-5
1.13382E-5 1.24675E-5 1.29323E-5 1.15844E-5 1.30638E-5 1.42713E-5 1.44931E-5 1.8364E-5 1.84193E-5 2.00396E-5 2.13301E-5 1.96855E-5 1.83189E-5 1.57888E-5 1.79421E-5 1.76077E-5 1.75916E-5 1.80962E-5 1.61132E-5 1.51727E-5 1.52705E-5 1.46659E-5 1.40337E-5 1.53227E-5 1.37059E-5 1.14093E-5 1.2349E-5 1.25354E-5 1.32857E-5 1.08315E-5 1.18291E-5 9.78583E-6 1.23329E-5 1.07615E-5 9.48394E-6 1.00561E-5 1.19499E-5 1.11342E-5 1.12491E-5 1.12629E-5 1.08591E-5 1.1464E-5 1.2045E-5 1.08079E-5 1.01018E-5 1.14163E-5 1.2834E-5 1.05636E-5 1.27499E-5 1.23691E-5 1.19905E-5 1.30914E-5 1.32371E-5 1.18879E-5 1.1695E-5 1.2438E-5 1.21437E-5 1.23588E-5 1.21894E-5 1.22337E-5 1.15546E-5
9.02095E-6 1.00889E-5 1.23492E-5 1.1311E-5 1.11321E-5 1.10222E-5 1.16355E-5 1.32871E-5 1.25449E-5 1.54044E-5 1.50885E-5 1.53245E-5 1.51732E-5 1.54164E-5 1.6324E-5 1.77692E-5 1.70337E-5 1.60784E-5 1.69524E-5 1.54155E-5 1.54401E-5 1.48199E-5 1.45926E-5 1.38478E-5 1.23274E-5 1.14093E-5 1.39131E-5 1.36922E-5 1.51586E-5 1.33724E-5 1.3089E-5 1.24104E-5 1.29655E-5 1.10287E-5 9.22839E-6 1.06441E-5 1.16017E-5 1.09957E-5 1.02425E-5 9.9817E-6 1.01416E-5 9.12647E-6 9.11522E-6 9.20898E-6 9.85064E-6 1.22652E-5 1.23335E-5 1.03837E-5 1.18737E-5 1.1504E-5 1.04607E-5 1.0512E-5 1.18769E-5 1.24427E-5 1.2918E-5 1.14785E-5 1.11722E-5 1.16276E-5 1.24286E-5 1.23168E-5 1.29784E-5
1.11058E-5 1.02941E-5 1.17158E-5 1.23881E-5 1.21918E-5 1.27902E-5 1.16778E-5 1.23492E-5 1.17626E-5 1.13568E-5 1.16577E-5 1.06461E-5 1.01971E-5 1.0551E-5 1.10639E-5 1.18909E-5 1.12258E-5 1.04543E-5 1.02077E-5 1.08592E-5 9.93291E-6 1.07777E-5 1.14059E-5 1.32396E-5 1.01739E-5 1.12415E-5 1.10624E-5 1.10515E-5 1.06588E-5 1.10044E-5 1.13615E-5 1.23943E-5 1.21093E-5 1.08173E-5 9.48778E-6 1.20182E-5 1.11717E-5 1.13524E-5 1.00118E-5 9.27162E-6 9.82928E-6 9.30273E-6 1.0079E-5 1.09805E-5 1.07217E-5 1.24836E-5 1.25733E-5 1.17766E-5 1.13009E-5 1.19572E-5 1.07099E-5 1.1086E-5 1.21535E-5 1.25368E-5 1.23924E-5 1.24202E-5 1.27786E-5 1.24604E-5 1.31351E-5 1.09328E-5 1.19098E-5
1.43936E-5 1.34505E-5 1.19044E-5 1.14933E-5 1.18759E-5 1.24386E-5 1.30275E-5 1.33855E-5 1.36637E-5 1.41349E-5 1.25656E-5 1.23962E-5 1.28234E-5 1.23807E-5 1.1792E-5 1.14489E-5 1.10535E-5 1.09658E-5 1.12139E-5 1.12573E-5 9.67999E-6 1.00265E-5 1.02528E-5 1.13211E-5 1.00265E-5 1.21458E-5 1.37157E-5 1.37809E-5 1.39788E-5 1.43763E-5 1.43763E-5 1.55026E-5 1.55201E-5 1.47136E-5 1.36414E-5 1.44593E-5 1.38482E-5 1.40491E-5 1.29464E-5 1.21935E-5 1.23856E-5 1.27574E-5 1.29925E-5 1.28623E-5 1.34534E-5 1.38231E-5 1.49579E-5 1.3485E-5 1.36403E-5 1.38749E-5 1.32871E-5 1.36199E-5 1.35935E-5 1.35966E-5 9.10368E-7 1.2915E-5 1.36085E-5 1.43693E-5 1.56259E-5 1.56614E-5 1.54838E-5
1.66734E-5 1.60401E-5 1.65059E-5 1.61543E-5 1.44737E-5 1.44951E-5 1.24686E-5 1.23005E-5 1.30045E-5 1.23005E-5 1.40115E-5 1.27271E-5 1.34524E-5 1.35278E-5 1.29569E-5 1.36922E-5 1.21742E-5 1.19816E-5 1.23914E-5 1.18962E-5 1.13299E-5 1.20376E-5 1.21057E-5 1.20775E-5 1.27324E-5 1.32829E-5 1.20026E-5 1.32085E-5 1.28165E-5 1.20819E-5 1.13626E-5 1.26973E-5 1.17957E-5 1.05498E-5 1.21136E-5 1.41075E-5 1.33341E-5 1.27264E-5 1.23585E-5 1.17299E-5 1.2304E-5 1.27976E-5 1.25147E-5 1.31102E-5 1.4735E-5 1.28513E-5 1.29395E-5 1.18408E-5 9.23223E-7 1.33175E-5 1.38127E-5 1.36871E-5 1.30003E-5 1.26083E-5 1.00466E-6 1.27266E-5 1.43548E-5 1.38277E-5 1.45521E-5 1.47349E-5 1.35005E-5
2.3615E-5 1.89317E-5 2.23429E-5 1.92269E-5 1.648E-5 1.49905E-5 1.47888E-5 1.3763E-5 1.33945E-5 1.2164E-5 1.30358E-5 1.218E-5 1.25287E-5 1.25287E-5 1.36807E-5 1.32709E-5 1.44909E-5 1.3134E-5 1.27822E-5 1.38882E-5 1.252E-5 1.30487E-5 1.22596E-5 1.20657E-5 1.22714E-5 1.25803E-5 1.39361E-5 1.12981E-5 1.25016E-5 1.18112E-5 1.21065E-5 1.0376E-5 6.68653E-7 6.27202E-7 1.04832E-5 1.04474E-5 6.92385E-7 1.08958E-5 8.18931E-7 1.18229E-5 1.24967E-5 1.28997E-5 1.26678E-5 1.40406E-5 7.93502E-7 8.21831E-7 1.27498E-5 1.31318E-5 8.64846E-7 1.2009E-5 1.17237E-5 1.15906E-5 1.32271E-5 1.38095E-5 8.20278E-7 7.44271E-7 7.50173E-7 7.1728E-7 7.51761E-7 7.78625E-7 8.43503E-7
4.51769E-5 3.99533E-5 3.42007E-5 2.70746E-5 2.5176E-5 1.99117E-5 1.55255E-5 1.90483E-5 1.90483E-5 1.73278E-5 1.64146E-5 1.33199E-5 1.29046E-5 1.23889E-5 1.2802E-5 1.46421E-5 1.51294E-5 1.5009E-5 1.44101E-5 1.50191E-5 1.48997E-5 1.45819E-5 1.37331E-5 1.38151E-5 1.41641E-5 1.26014E-5 1.23219E-5 1.56266E-5 1.67824E-5 1.49703E-5 1.43702E-5 1.21065E-5 1.06266E-5 1.02586E-5 1.06835E-5 1.00621E-5 1.02548E-5 1.07863E-5 7.24782E-7 1.01736E-5 6.59483E-7 6.44038E-7 6.47756E-7 7.16E-7 6.64916E-7 7.16109E-7 7.4922E-7 7.49685E-7 7.68735E-7 7.42715E-7 8.30051E-7 9.18263E-7 1.28513E-5 1.35321E-5 1.31284E-5 1.11834E-5 1.1913E-5 1.10166E-5 7.59192E-7 7.65219E-7 7.52192E-7
2.58876E-5 2.52668E-5 2.80513E-5 3.32958E-5 3.81771E-5 2.96751E-5 2.13011E-5 2.03795E-5 2.43252E-5 2.03443E-5 1.8912E-5 1.7847E-5 1.62538E-5 1.62696E-5 1.56308E-5 1.48779E-5 1.47595E-5 1.55935E-5 1.5681E-5 1.63328E-5 1.62029E-5 1.58573E-5 1.621E-5 1.50249E-5 1.47043E-5 1.41165E-5 1.39715E-5 1.55057E-5 1.50547E-5 1.10818E-6 1.71779E-5 1.73151E-5 1.68928E-5 1.49845E-5 1.25139E-5 1.17841E-5 1.1121E-5 1.14508E-5 1.23396E-5 1.11351E-5 7.62713E-7 7.48063E-7 7.7379E-7 1.1278E-5 7.42715E-7 7.68052E-7 6.72053E-7 6.93642E-7 7.31375E-7 7.37178E-7 8.79068E-7 7.60383E-7 7.38448E-7 1.05576E-6 7.84432E-7 9.22887E-7 8.20779E-7 1.34977E-5 1.2083E-5 1.23257E-5 1.23531E-5
2.11594E-5 2.47947E-5 2.57968E-5 1.85656E-5 2.43916E-5 2.28628E-5 3.34544E-5 3.30083E-5 2.75661E-5 2.66879E-5 2.42865E-5 2.51504E-5 2.01562E-5 1.86314E-5 1.86463E-5 1.82488E-5 1.68225E-5 1.6372E-5 1.65958E-5 1.60228E-5 1.66887E-5 1.67821E-5 1.54695E-5 1.65634E-5 1.59913E-5 1.4739E-5 1.52323E-5 1.45889E-5 1.38618E-5 8.5741E-7 8.97816E-7 8.1483E-7 1.38414E-5 9.67878E-7 1.58166E-5 1.48515E-5 1.40964E-5 1.50053E-5 1.37809E-5 1.27101E-5 7.77434E-7 9.43203E-7 9.1151E-7 1.35566E-5 1.23501E-5 1.17202E-5 1.21997E-5 1.2452E-5 1.21432E-5 7.43221E-7 7.72997E-7 7.62493E-7 7.33125E-7 7.60864E-7 8.14708E-7 1.17992E-6 9.75757E-7 1.33744E-5 9.64E-7 9.65526E-7 1.54667E-5
4.80139E-5 5.02622E-5 4.7278E-5 3.62792E-5 2.49204E-5 2.52244E-5 3.45511E-5 3.38332E-5 2.9031E-5 3.15332E-5 3.32736E-5 3.32736E-5 2.61876E-5 2.5191E-5 2.42482E-5 2.08775E-5 1.86314E-5 1.60503E-5 1.60612E-5 1.70601E-5 1.72853E-5 1.72853E-5 1.91228E-5 1.97581E-5 1.58067E-5 1.45743E-5 1.56893E-5 1.66577E-5 1.57385E-5 1.41972E-5 8.79994E-7 8.66162E-7 9.35192E-7 8.96169E-7 1.40654E-5 1.13223E-6 1.19943E-6 1.91897E-5 1.85574E-5 1.57548E-5 1.29879E-5 1.0039E-6 8.78E-7 1.00257E-6 9.33413E-7 1.00481E-6 1.00042E-6 1.12181E-6 1.05749E-6 1.05749E-6 1.43229E-5 1.32982E-5 1.27633E-5 8.74411E-7 9.21566E-7 7.83645E-7 8.86451E-7 9.76627E-7 1.32357E-6 1.19261E-6 1.28262E-5
6.57506E-5 6.54046E-5 5.64931E-5 5.62181E-5 5.68226E-5 5.5334E-5 4.64024E-5 4.41049E-5 3.92957E-5 3.67485E-5 3.67485E-5 3.51088E-5 3.09438E-5 2.77876E-5 2.48535E-5 2.62666E-5 2.37673E-5 2.04833E-5 1.82931E-5 1.75718E-5 1.74239E-5 1.87603E-5 2.25076E-5 2.18829E-5 1.65958E-5 1.67386E-5 1.70631E-5 1.59417E-5 1.47749E-5 1.59916E-5 1.18715E-6 1.04306E-6 9.16225E-7 8.56376E-7 1.02667E-6 9.24E-7 1.12836E-6 1.02414E-6 1.09965E-6 1.53324E-5 1.25134E-5 8.40754E-7 8.64958E-7 9.44076E-7 1.28408E-5 7.96947E-7 9.80061E-7 9.79107E-7 1.32357E-6 1.05136E-6 1.23374E-6 1.21297E-6 1.23101E-6 1.25327E-6 1.03798E-6 1.05871E-6 1.15498E-6 1.21761E-6 1.42832E-6 9.57029E-7 1.25648E-5
3.04031E-5 3.09938E-5 3.41236E-5 3.28532E-5 3.19115E-5 3.10644E-5 3.38443E-5 3.55149E-5 3.8376E-5 4.03627E-5 3.57759E-5 3.23918E-5 2.8164E-5 2.85948E-5 2.88661E-5 2.7351E-5 2.57726E-5 2.40905E-5 2.17957E-5 1.90525E-5 1.78036E-5 1.80554E-5 2.05135E-5 1.99534E-5 1.9169E-5 1.69649E-5 1.95448E-5 1.76737E-5 2.07499E-5 2.05862E-5 1.78294E-5 1.46575E-5 1.51797E-5 1.36928E-5 9.07895E-7 1.00837E-6 9.51603E-7 9.92451E-7 9.74438E-7 1.36609E-5 1.29925E-5 1.11262E-6 1.44042E-6 1.38075E-6 1.9144E-5 1.64262E-5 1.1574E-5 8.8454E-7 1.31443E-6 8.9595E-7 1.29094E-6 9.39669E-7 1.31235E-6 1.19529E-6 1.05382E-6 1.1112E-6 1.1467E-6 1.5007E-6 1.32195E-6 1.03493E-6 1.36553E-5
2.76791E-5 2.60285E-5 2.72443E-5 2.83534E-5 3.35603E-5 3.07313E-5 2.75275E-5 3.22396E-5 2.99839E-5 2.95839E-5 3.37233E-5 3.60635E-5 3.5391E-5 3.31548E-5 2.92152E-5 2.53934E-5 2.50863E-5 2.23658E-5 2.20924E-5 2.18157E-5 1.86917E-5 1.79549E-5 1.77128E-5 1.77128E-5 1.95867E-5 1.87011E-5 1.54623E-5 1.7575E-5 1.48347E-6 1.67161E-6 2.74361E-5 1.77693E-5 1.37569E-5 1.75253E-5 1.26016E-6 1.36156E-6 1.63021E-5 1.26471E-5 1.27439E-5 1.50019E-5 1.59721E-6 1.49409E-6 1.04306E-6 1.47732E-6 1.38903E-6 1.30411E-6 2.06973E-5 1.45041E-5 1.16815E-5 1.27379E-5 9.27334E-7 1.0606E-6 1.58403E-6 1.17377E-6 1.04317E-6 8.91576E-7 1.27016E-6 1.42678E-6 1.32026E-6 1.10008E-6 1.11032E-6
2.35466E-5 2.4189E-5 2.54687E-5 2.63052E-5 3.07313E-5 4.00593E-5 4.18082E-5 4.38693E-5 4.44596E-5 4.67638E-5 4.86771E-5 4.46842E-5 4.18774E-5 3.5391E-5 3.4796E-5 3.29751E-5 3.02535E-5 3.07089E-5 2.81695E-5 2.49487E-5 2.32136E-5 2.14035E-5 1.93596E-5 1.8597E-5 1.8597E-5 1.59208E-5 1.61445E-5 1.59276E-5 1.59244E-5 1.12136E-6 1.36028E-6 2.0597E-5 1.53731E-5 1.38789E-6 1.71068E-6 1.34303E-6 1.80599E-5 1.52543E-5 1.37848E-5 1.41579E-5 8.648E-7 9.42874E-7 9.53697E-7 1.40962E-6 1.27529E-6 1.58125E-5 1.00812E-6 1.42384E-5 1.28807E-6 1.78638E-6 1.27789E-6 1.57942E-5 1.23739E-6 1.62083E-6 1.11767E-6 1.09397E-6 1.15154E-6 1.09039E-6 1.27016E-6 1.64433E-6 1.36776E-6
2.80513E-5 2.88146E-5 3.04031E-5 4.22591E-5 4.81649E-5 4.7909E-5 5.72858E-5 5.47466E-5 4.76477E-5 3.99061E-5 3.83325E-5 4.43277E-5 3.75439E-5 4.10975E-5 3.92644E-5 3.72125E-5 3.85967E-5 3.41458E-5 3.05416E-5 2.35069E-5 2.21472E-5 2.12852E-5 2.118E-5 1.8993E-5 1.82357E-5 1.72723E-5 1.8394E-5 1.71854E-5 1.57496E-5 1.47129E-5 1.56207E-5 1.68184E-5 1.82389E-5 1.33554E-6 1.22018E-6 1.1125E-6 1.60174E-5 1.45917E-5 1.63564E-5 1.35487E-6 1.59878E-6 1.9224E-6 1.95503E-6 1.57712E-6 1.44801E-6 1.92814E-5 1.44674E-5 1.21569E-6 2.00096E-6 1.93522E-6 1.45474E-6 1.91401E-5 1.18337E-6 1.17773E-6 1.04551E-6 1.97717E-6 1.48531E-6 1.78729E-5 1.07798E-6 1.42465E-6 1.85493E-6
8.15928E-5 7.81789E-5 7.75549E-5 6.15356E-5 5.3026E-5 5.28796E-5 4.35193E-5 4.15845E-5 4.1682E-5 4.73931E-5 4.12358E-5 3.17867E-5 3.04188E-5 3.38735E-5 3.57434E-5 3.62857E-5 3.32402E-5 3.06633E-5 3.306E-5 3.3377E-5 2.91718E-5 3.20954E-5 3.0787E-5 2.90454E-5 2.78931E-5 2.49167E-5 2.22358E-5 2.10626E-5 2.03907E-5 1.82914E-5 1.67642E-5 1.67609E-5 1.55329E-5 1.2279E-6 1.51013E-6 1.38475E-6 1.57496E-5 1.64952E-5 1.37655E-6 1.67848E-6 1.54554E-6 1.43272E-6 1.68961E-6 1.20986E-6 1.52986E-6 1.24668E-6 1.49868E-5 1.78902E-6 2.09197E-6 2.36255E-6 1.93903E-6 1.56911E-6 1.33411E-6 1.18176E-6 1.43415E-6 1.85917E-6 1.82722E-6 1.24782E-6 1.18805E-6 1.03663E-6 1.45276E-6
6.75264E-5 7.7569E-5 8.71381E-5 7.39039E-5 8.09417E-5 9.46342E-5 8.62312E-5 8.33478E-5 8.55887E-5 7.92563E-5 6.95828E-5 5.48936E-5 5.05088E-5 5.70782E-5 6.05335E-5 6.77119E-5 6.55798E-5 6.0211E-5 5.67735E-5 4.53391E-5 4.66429E-5 4.72726E-5 4.79107E-5 4.28026E-5 4.089E-5 3.10714E-5 2.88864E-5 2.85228E-5 2.54589E-5 2.46528E-5 2.39939E-5 2.11198E-5 1.7127E-5 1.55694E-5 1.53587E-5 1.54495E-5 1.56613E-5 1.36003E-6 1.70734E-6 1.29538E-6 1.99556E-6 1.93771E-6 1.86255E-6 1.78493E-5 1.64323E-6 1.07317E-6 1.56366E-5 1.46367E-6 1.98247E-6 1.48057E-6 1.60457E-6 2.16983E-6 2.13628E-6 2.16822E-6 1.68796E-6 1.46308E-6 1.37232E-6 1.68044E-6 2.18168E-6 1.64655E-6 1.4548E-6
3.63385E-5 4.31408E-5 4.18116E-5 4.56652E-5 5.68818E-5 5.88144E-5 6.40483E-5 7.55304E-5 8.71648E-5 8.46249E-5 9.41454E-5 8.74036E-5 8.33478E-5 7.94647E-5 7.0798E-5 5.79519E-5 5.93642E-5 6.45356E-5 7.33404E-5 7.393E-5 7.32954E-5 6.72999E-5 6.35606E-5 5.33878E-5 4.882E-5 5.61969E-5 4.63916E-5 3.96339E-5 3.39913E-5 3.35362E-5 3.20508E-5 2.43114E-5 1.90947E-5 1.76025E-5 1.6577E-5 1.75997E-5 1.7127E-5 1.57831E-5 1.66588E-5 1.64333E-5 1.5561E-5 1.02535E-6 9.5861E-7 1.40722E-5 1.17486E-6 1.57906E-6 2.82026E-6 1.76414E-6 1.24217E-6 1.47702E-6 1.15125E-6 1.79916E-6 2.33364E-6 2.62079E-6 1.95949E-6 2.09865E-6 2.38324E-6 2.25792E-6 1.5491E-6 1.47891E-6 1.62195E-6
3.75636E-5 2.75433E-5 3.20509E-5 3.56831E-5 3.48055E-5 3.52759E-5 3.45281E-5 4.05863E-5 4.23066E-5 4.04804E-5 4.63738E-5 5.01311E-5 6.55748E-5 6.42208E-5 6.172E-5 5.44967E-5 7.06532E-5 6.29567E-5 5.51681E-5 5.1665E-5 6.38044E-5 7.60735E-5 7.00456E-5 6.26705E-5 6.86818E-5 6.11386E-5 6.51094E-5 6.35606E-5 4.92125E-5 4.61988E-5 4.58746E-5 4.26214E-5 3.20306E-5 2.43716E-5 2.06043E-5 1.97803E-5 1.7984E-5 1.74031E-5 1.62574E-5 1.79763E-5 1.67097E-6 1.58455E-6 1.34901E-6 2.03185E-5 1.21689E-6 1.87518E-6 1.83526E-6 1.85039E-6 2.01813E-6 1.97791E-6 1.44068E-6 1.75492E-6 2.57789E-6 2.38701E-6 1.74905E-6 3.10615E-6 3.12633E-6 1.88483E-6 2.27592E-6 2.14566E-6 1.47208E-6
3.86846E-5 3.9206E-5 2.91409E-5 3.42434E-5 3.93746E-5 3.33355E-5 3.39704E-5 3.73805E-5 3.5367E-5 3.5367E-5 3.30698E-5 3.17629E-5 3.29422E-5 3.44854E-5 3.26284E-5 4.11059E-5 4.80473E-5 6.02122E-5 4.6914E-5 5.77363E-5 5.57651E-5 6.34645E-5 5.42111E-5 5.98449E-5 5.54658E-5 5.09108E-5 3.70317E-6 6.2122E-5 5.57232E-5 5.96071E-5 4.25506E-5 2.67125E-6 3.24676E-6 3.60323E-6 5.17675E-5 4.57734E-5 3.58094E-5 2.83017E-5 2.2532E-5 2.10463E-5 1.78754E-5 1.93945E-6 1.97803E-5 1.82807E-6 1.68321E-5 1.22545E-6 1.66981E-5 1.41852E-5 1.13575E-6 1.86734E-6 2.45324E-6 2.77575E-6 3.28777E-6 3.29433E-6 2.88855E-6 3.31758E-6 2.24224E-6 2.53139E-6 3.28118E-6 3.32881E-6 2.40441E-6
3.35692E-5 3.34694E-5 3.3289E-5 2.96111E-5 2.95595E-5 3.07761E-5 3.12484E-5 3.25348E-5 3.38735E-5 3.62266E-5 3.19261E-5 3.19746E-5 2.97297E-5 3.07089E-5 3.07459E-5 2.95273E-5 3.00926E-5 3.19332E-5 3.60216E-5 3.93806E-5 4.53714E-5 4.67144E-5 5.05641E-5 7.28991E-5 5.57262E-5 4.18496E-5 3.03767E-5 3.01615E-6 3.57699E-6 4.03367E-6 6.65182E-5 5.10333E-5 4.13415E-5 3.06306E-6 3.88805E-6 5.65665E-5 5.74794E-5 4.81795E-5 3.55239E-5 2.93324E-6 3.39268E-5 3.58097E-5 2.28205E-6 3.23104E-6 2.85291E-5 2.18E-5 1.69672E-5 1.89048E-6 2.6521E-6 3.12464E-6 3.13454E-6 2.93471E-6 2.51673E-6 2.81283E-6 3.63846E-6 4.16257E-6 3.16518E-6 2.72259E-6 3.40808E-6 3.45424E-6 3.62801E-6
3.02327E-5 2.74324E-5 2.80826E-5 2.6971E-5 2.76022E-5 2.92897E-5 2.88979E-5 2.99686E-5 3.09098E-5 3.03308E-5 3.07418E-5 3.06193E-5 2.82407E-5 3.16275E-5 2.94399E-5 2.86562E-5 3.04382E-5 3.40915E-5 2.85843E-5 3.01957E-5 3.13638E-5 3.37594E-5 2.75961E-6 3.60119E-6 4.25325E-6 6.48803E-5 3.93984E-5 3.41483E-5 2.07429E-6 2.24336E-6 2.94137E-6 2.87075E-6 3.09666E-6 3.05697E-6 2.91308E-6 3.03122E-6 3.95167E-6 3.91911E-6 4.34332E-5 3.95544E-6 4.03846E-6 4.06041E-6 5.69447E-5 4.39623E-5 2.5359E-6 3.2482E-6 3.60972E-5 1.3252E-6 1.56346E-6 2.35759E-6 1.5901E-6 2.52663E-6 1.50258E-6 3.23528E-6 3.8001E-6 3.7581E-6 4.20742E-6 3.62978E-6 3.47791E-6 2.44395E-6 4.48014E-6
