Artocarpus hirsutus SDM files/MIS19/results (without bias file)/Arthir_5.asc
ncols         625
nrows         721
xllcorner     69.99986311115
yllcorner     5.99986187915
cellsize      0.041666667
NODATA_value  -9999
[rows 297 to 323 of 721, columns 427 to 487 of 625]
3.41091E-3 3.60085E-3 3.57696E-3 3.55472E-3 3.56445E-3 3.56695E-3 3.56944E-3 3.82986E-3 3.79782E-3 3.92676E-3 3.98338E-3 3.99147E-3 4.68356E-3 4.92698E-3 4.86738E-3 5.13835E-3 5.07439E-3 5.35927E-3 5.22829E-3 5.6605E-3 5.92323E-3 5.74754E-3 6.08481E-3 6.01824E-3 6.53647E-3 6.29526E-3 6.52802E-3 7.02489E-3 6.9645E-3 7.08131E-3 6.95021E-3 7.94032E-3 8.14881E-3 9.25747E-3 9.56105E-3 9.37203E-3 9.52659E-3 1.04334E-2 1.05661E-2 1.15663E-2 1.13577E-2 1.15115E-2 1.23988E-2 1.24695E-2 1.28404E-2 1.33192E-2 1.33814E-2 1.5274E-2 1.53987E-2 1.46918E-2 1.47492E-2 1.48489E-2 1.42863E-2 1.53936E-2 1.53559E-2 1.46811E-2 1.46965E-2 1.44931E-2 1.44325E-2 1.38535E-2 1.2472E-2
3.73488E-3 3.71214E-3 3.68868E-3 3.68042E-3 3.68565E-3 3.95465E-3 3.95196E-3 3.76599E-3 3.9298E-3 4.35262E-3 4.08863E-3 4.34789E-3 4.8174E-3 5.1124E-3 4.85829E-3 5.12396E-3 5.03108E-3 5.32524E-3 5.18521E-3 5.36888E-3 5.90463E-3 5.8227E-3 6.03329E-3 6.2619E-3 6.227E-3 6.50761E-3 6.5757E-3 7.03116E-3 6.9974E-3 7.84861E-3 7.97129E-3 7.95828E-3 8.14824E-3 9.28089E-3 9.58812E-3 9.80489E-3 9.6171E-3 1.04998E-2 1.06213E-2 1.15012E-2 1.19635E-2 1.15891E-2 1.25351E-2 1.26602E-2 1.27685E-2 1.34164E-2 1.42515E-2 1.4358E-2 1.56889E-2 1.57745E-2 1.51019E-2 1.56981E-2 1.43584E-2 1.4499E-2 1.47354E-2 1.42025E-2 1.47972E-2 1.31606E-2 1.41095E-2 1.26509E-2 1.2088E-2
3.68316E-3 3.67282E-3 3.65704E-3 3.89684E-3 3.92132E-3 3.90235E-3 3.89408E-3 3.85221E-3 4.12971E-3 4.10586E-3 4.06757E-3 4.79619E-3 4.77413E-3 5.05332E-3 5.01119E-3 5.25276E-3 5.01239E-3 5.46607E-3 5.29598E-3 5.53492E-3 5.48305E-3 5.84966E-3 6.05461E-3 6.28175E-3 6.6688E-3 6.54015E-3 6.57729E-3 7.05697E-3 7.33364E-3 7.94309E-3 8.12266E-3 8.07711E-3 8.2215E-3 9.74319E-3 9.59166E-3 9.91299E-3 1.00418E-2 1.0448E-2 1.11692E-2 1.09078E-2 1.20773E-2 1.16558E-2 1.17737E-2 1.27731E-2 1.30031E-2 1.40219E-2 1.43492E-2 1.45741E-2 1.47075E-2 1.61076E-2 1.5412E-2 1.52497E-2 1.62634E-2 1.60671E-2 1.41311E-2 1.35923E-2 1.41922E-2 1.49565E-2 1.33548E-2 1.27714E-2 1.28824E-2
3.61719E-3 3.59617E-3 4.0111E-3 3.88005E-3 3.86325E-3 3.85517E-3 3.86325E-3 4.08972E-3 4.07523E-3 4.04801E-3 4.28988E-3 4.74018E-3 5.2597E-3 5.02539E-3 4.96679E-3 5.22713E-3 5.1615E-3 5.45645E-3 5.31875E-3 5.58134E-3 5.852E-3 5.7775E-3 6.28714E-3 6.27982E-3 6.69466E-3 6.57424E-3 7.07076E-3 7.37747E-3 7.55258E-3 7.53995E-3 8.13976E-3 8.5022E-3 8.62355E-3 8.84577E-3 9.61622E-3 9.98934E-3 1.02504E-2 1.10265E-2 1.12257E-2 1.1488E-2 1.13069E-2 1.17054E-2 1.25297E-2 1.29962E-2 1.31157E-2 1.38594E-2 1.4345E-2 1.41267E-2 1.42284E-2 1.62591E-2 1.63405E-2 1.57037E-2 1.57106E-2 1.65116E-2 1.46869E-2 1.47783E-2 1.415E-2 1.43493E-2 1.36729E-2 1.36224E-2 1.31257E-2
9.95921E-3 1.0833E-2 3.99444E-3 3.98566E-3 3.97737E-3 3.81984E-3 3.80821E-3 4.03208E-3 3.97207E-3 4.14641E-3 4.25572E-3 5.22435E-3 5.16665E-3 5.1548E-3 5.25727E-3 5.20861E-3 5.48487E-3 5.44382E-3 5.3337E-3 5.6087E-3 6.12251E-3 6.04482E-3 6.41109E-3 6.32177E-3 7.02106E-3 6.78185E-3 7.02595E-3 7.53314E-3 7.65271E-3 7.76144E-3 7.87987E-3 8.49986E-3 8.77459E-3 9.30288E-3 1.01363E-2 1.03363E-2 1.02583E-2 1.0534E-2 1.14505E-2 1.11632E-2 1.20726E-2 1.25092E-2 1.20591E-2 1.22122E-2 1.31774E-2 1.33583E-2 1.29738E-2 1.4156E-2 1.42921E-2 1.44348E-2 1.4809E-2 1.52339E-2 1.50141E-2 1.50172E-2 1.49913E-2 1.48466E-2 1.42799E-2 1.43513E-2 1.37536E-2 1.39266E-2 1.33703E-2
1.17838E-2 1.12466E-2 3.99461E-3 3.95516E-3 4.20752E-3 4.19527E-3 4.13967E-3 4.12185E-3 4.44705E-3 4.38621E-3 4.18675E-3 4.99514E-3 5.19502E-3 5.11761E-3 5.43E-3 5.38581E-3 5.44839E-3 5.64765E-3 5.15306E-3 5.61987E-3 5.5935E-3 6.08268E-3 6.48929E-3 6.82055E-3 6.68831E-3 7.1475E-3 7.19323E-3 7.65162E-3 7.81323E-3 7.52689E-3 7.62321E-3 8.69141E-3 8.84806E-3 9.39922E-3 1.0288E-2 1.03826E-2 1.03541E-2 1.05703E-2 1.03412E-2 1.12643E-2 1.1407E-2 1.17895E-2 1.21727E-2 1.23177E-2 1.32552E-2 1.34957E-2 1.30029E-2 1.40023E-2 1.42077E-2 1.45723E-2 1.47056E-2 1.50657E-2 1.51205E-2 1.52666E-2 1.59276E-2 1.68061E-2 1.4941E-2 1.4345E-2 1.43638E-2 1.3813E-2 1.32757E-2
1.07928E-2 1.01399E-2 1.04803E-2 3.92156E-3 4.16594E-3 4.14776E-3 4.13235E-3 4.10572E-3 4.5688E-3 4.39855E-3 4.11217E-3 4.43151E-3 5.14564E-3 5.46308E-3 5.16801E-3 5.38581E-3 5.48812E-3 5.43861E-3 5.40441E-3 5.69454E-3 5.57439E-3 6.011E-3 6.83269E-3 6.83534E-3 6.89784E-3 7.30551E-3 7.31841E-3 7.0893E-3 7.4851E-3 7.96849E-3 8.11878E-3 8.34592E-3 9.05612E-3 9.12078E-3 9.73823E-3 1.05539E-2 1.07586E-2 1.06744E-2 1.04787E-2 1.00895E-2 1.09573E-2 1.13915E-2 1.104E-2 1.19312E-2 1.26002E-2 1.35658E-2 1.3804E-2 1.41917E-2 1.49177E-2 1.44099E-2 1.48017E-2 1.58641E-2 1.5958E-2 1.67779E-2 1.60919E-2 1.61567E-2 1.61883E-2 1.53618E-2 1.47554E-2 1.41715E-2 1.35358E-2
9.64651E-3 1.02949E-2 9.88062E-3 1.07323E-2 4.08895E-3 4.07933E-3 4.06963E-3 4.55485E-3 4.54969E-3 4.52065E-3 4.78284E-3 4.58968E-3 5.09913E-3 4.87828E-3 5.38661E-3 5.11891E-3 5.43138E-3 5.19706E-3 5.13782E-3 5.72602E-3 5.88983E-3 6.26974E-3 6.30279E-3 6.6558E-3 6.66714E-3 7.16811E-3 7.43569E-3 7.47136E-3 8.08886E-3 8.1344E-3 8.25697E-3 8.07652E-3 8.18804E-3 9.31667E-3 9.92313E-3 1.00541E-2 1.03861E-2 1.06317E-2 1.00802E-2 1.01309E-2 1.10203E-2 1.12737E-2 1.11103E-2 1.19531E-2 1.26979E-2 1.28787E-2 1.38655E-2 1.34038E-2 1.51067E-2 1.52334E-2 1.5562E-2 1.56568E-2 1.61463E-2 1.69074E-2 1.69968E-2 1.62916E-2 1.63051E-2 1.56565E-2 1.50341E-2 1.43731E-2 1.43809E-2
1.07745E-2 1.1371E-2 1.11322E-2 1.08983E-2 4.7576E-3 4.53714E-3 4.52336E-3 4.50239E-3 4.80918E-3 4.79762E-3 4.79061E-3 4.53514E-3 4.84318E-3 5.37894E-3 5.35088E-3 5.67786E-3 5.40176E-3 5.66324E-3 5.99416E-3 5.99533E-3 6.09414E-3 6.46721E-3 6.36981E-3 6.86655E-3 6.77476E-3 6.86184E-3 7.72942E-3 7.6819E-3 8.33724E-3 8.27062E-3 8.40261E-3 8.20322E-3 8.3417E-3 8.46629E-3 9.61917E-3 9.38572E-3 9.50074E-3 9.26529E-3 1.02029E-2 1.03381E-2 1.04698E-2 1.01633E-2 1.1181E-2 1.13086E-2 1.21343E-2 1.29273E-2 1.38592E-2 1.40079E-2 1.42638E-2 1.54426E-2 1.57844E-2 1.59454E-2 1.52505E-2 1.7101E-2 1.71313E-2 1.71594E-2 1.64868E-2 1.58339E-2 1.52055E-2 1.52094E-2 1.4592E-2
1.1348E-2 1.11658E-2 1.12169E-2 1.2293E-2 1.21077E-2 4.7062E-3 4.48099E-3 4.48291E-3 4.99766E-3 4.98975E-3 5.0075E-3 4.90657E-3 5.0522E-3 4.80725E-3 5.39739E-3 6.01525E-3 5.75198E-3 5.48691E-3 6.10661E-3 6.11666E-3 6.09021E-3 6.51175E-3 6.85433E-3 7.21546E-3 7.03319E-3 6.95293E-3 7.80128E-3 7.81493E-3 7.95606E-3 8.96522E-3 8.94443E-3 8.73281E-3 8.87634E-3 8.59879E-3 8.37367E-3 8.8755E-3 9.62572E-3 9.40244E-3 9.25345E-3 9.31923E-3 1.01218E-2 1.01621E-2 9.96958E-3 1.02937E-2 1.094E-2 1.18716E-2 1.25058E-2 1.21672E-2 1.31564E-2 1.39107E-2 1.41633E-2 1.51944E-2 1.59749E-2 1.53753E-2 1.54125E-2 1.73495E-2 1.65954E-2 1.66874E-2 1.60215E-2 1.43732E-2 1.44274E-2
1.12524E-2 1.19989E-2 1.17157E-2 1.22802E-2 1.20465E-2 1.18646E-2 4.98174E-3 5.01485E-3 4.99709E-3 5.00332E-3 5.32414E-3 5.05475E-3 5.05633E-3 5.41127E-3 5.35972E-3 5.41721E-3 6.07496E-3 6.40353E-3 6.38871E-3 6.43395E-3 6.85232E-3 6.93705E-3 6.93764E-3 6.70162E-3 7.411E-3 7.51409E-3 7.93577E-3 8.03184E-3 8.07498E-3 8.13715E-3 8.37233E-3 7.96042E-3 9.02004E-3 8.75557E-3 8.43059E-3 8.57233E-3 8.62588E-3 9.37284E-3 9.24894E-3 9.43771E-3 9.06036E-3 9.84219E-3 9.49986E-3 9.71573E-3 1.09522E-2 1.1069E-2 1.20087E-2 1.21377E-2 1.23257E-2 1.34578E-2 1.42345E-2 1.52768E-2 1.60432E-2 1.62906E-2 1.55904E-2 1.56078E-2 1.75018E-2 1.67494E-2 1.51404E-2 1.51444E-2 1.45905E-2
1.16231E-2 1.15705E-2 1.16819E-2 1.245E-2 1.23052E-2 1.34868E-2 1.35218E-2 1.32432E-2 5.33179E-3 5.31958E-3 5.35174E-3 5.6779E-3 5.4271E-3 5.43768E-3 5.41842E-3 5.44003E-3 5.4157E-3 6.45821E-3 6.45965E-3 6.47474E-3 6.96059E-3 6.99153E-3 7.09627E-3 7.5853E-3 7.62253E-3 7.64373E-3 7.75052E-3 8.24624E-3 8.39343E-3 8.71894E-3 8.47528E-3 8.57113E-3 9.12307E-3 8.90512E-3 8.5772E-3 8.26606E-3 8.80294E-3 8.50752E-3 8.41079E-3 9.01008E-3 8.80162E-3 8.85758E-3 9.1101E-3 9.87495E-3 9.89517E-3 1.11531E-2 1.20421E-2 1.29228E-2 1.24908E-2 1.40981E-2 1.42117E-2 1.4311E-2 1.62323E-2 1.62781E-2 1.64419E-2 1.56742E-2 1.64708E-2 1.57696E-2 1.51378E-2 1.52644E-2 1.46423E-2
1.303E-2 1.25709E-2 1.26079E-2 1.25491E-2 1.39559E-2 1.38958E-2 1.37604E-2 1.4471E-2 1.42786E-2 5.38418E-3 5.36006E-3 5.70927E-3 5.94409E-3 5.71615E-3 5.73844E-3 6.05625E-3 5.49852E-3 5.90683E-3 5.94743E-3 5.93521E-3 5.95707E-3 6.38772E-3 6.88848E-3 7.24624E-3 7.80833E-3 7.94142E-3 7.88971E-3 8.02793E-3 7.59864E-3 8.05823E-3 8.57078E-3 8.64732E-3 8.37967E-3 8.11514E-3 7.86123E-3 8.47471E-3 8.20459E-3 8.24415E-3 8.04295E-3 8.14341E-3 8.20615E-3 8.90068E-3 8.74999E-3 8.80238E-3 9.4749E-3 9.73468E-3 1.14695E-2 1.16311E-2 1.25364E-2 1.2647E-2 1.42333E-2 1.44896E-2 1.52095E-2 1.63223E-2 1.56455E-2 1.58596E-2 1.66123E-2 1.58899E-2 1.59635E-2 1.53183E-2 1.54234E-2
1.38991E-2 1.38287E-2 1.4108E-2 1.40697E-2 1.40217E-2 1.383E-2 1.47809E-2 1.46629E-2 1.45185E-2 6.30173E-3 6.02683E-3 6.0301E-3 6.06067E-3 6.05153E-3 6.22169E-3 6.21425E-3 5.96409E-3 5.89537E-3 5.99072E-3 6.04178E-3 6.4425E-3 6.47002E-3 6.56546E-3 7.35317E-3 7.42229E-3 7.18656E-3 7.97129E-3 7.73991E-3 8.47714E-3 8.66996E-3 8.6772E-3 8.49075E-3 8.55266E-3 8.1818E-3 7.92098E-3 7.74044E-3 7.88028E-3 7.67422E-3 8.105E-3 7.76978E-3 8.08907E-3 8.17048E-3 7.50966E-3 8.12719E-3 8.69122E-3 9.71796E-3 9.84864E-3 1.11158E-2 1.17731E-2 1.26372E-2 1.34156E-2 1.44813E-2 1.52019E-2 1.52886E-2 1.64197E-2 1.57912E-2 1.66045E-2 1.66189E-2 1.66989E-2 1.6082E-2 1.54355E-2
1.34327E-2 1.41695E-2 1.4175E-2 1.40309E-2 1.41681E-2 1.50059E-2 1.47718E-2 1.64403E-2 1.63645E-2 1.64634E-2 6.43205E-3 6.58989E-3 6.57139E-3 6.54276E-3 6.52823E-3 6.62681E-3 5.9839E-3 7.04577E-3 6.08463E-3 6.07198E-3 6.55652E-3 6.65231E-3 6.96139E-3 7.17767E-3 7.59034E-3 7.25682E-3 7.40078E-3 7.86694E-3 8.28801E-3 8.27609E-3 8.4308E-3 8.5019E-3 8.56235E-3 7.95842E-3 7.97274E-3 7.48891E-3 7.20421E-3 7.24241E-3 7.44855E-3 7.98148E-3 7.1973E-3 7.44319E-3 7.5142E-3 8.08278E-3 8.26759E-3 9.18455E-3 9.83863E-3 1.1131E-2 1.12225E-2 1.27015E-2 1.29143E-2 1.35541E-2 1.51698E-2 1.54173E-2 1.54655E-2 1.48647E-2 1.6671E-2 1.67565E-2 1.67608E-2 1.59689E-2 1.44733E-2
1.50852E-2 1.5032E-2 1.41999E-2 1.39692E-2 1.57529E-2 1.55962E-2 1.67485E-2 1.68481E-2 1.61802E-2 1.60697E-2 6.2336E-3 6.67756E-3 6.69226E-3 6.66944E-3 6.6411E-3 6.34577E-3 6.66807E-3 6.17527E-3 6.1228E-3 5.95992E-3 5.98814E-3 6.01952E-3 6.51364E-3 6.48529E-3 7.33541E-3 7.40457E-3 7.50317E-3 7.95495E-3 8.00996E-3 7.78161E-3 7.71288E-3 7.63142E-3 7.41012E-3 7.15534E-3 7.37279E-3 6.67665E-3 7.14825E-3 6.99039E-3 7.22889E-3 7.28018E-3 6.89739E-3 6.98437E-3 7.17056E-3 7.40116E-3 7.80569E-3 8.78408E-3 9.9603E-3 1.00046E-2 1.0792E-2 1.14504E-2 1.29187E-2 1.36185E-2 1.53134E-2 1.54239E-2 1.4842E-2 1.56125E-2 1.56971E-2 1.66885E-2 1.67619E-2 1.50815E-2 1.44177E-2
1.45949E-2 1.60164E-2 1.60487E-2 1.57124E-2 1.5919E-2 1.71308E-2 1.72486E-2 1.73192E-2 1.72615E-2 1.86981E-2 1.80782E-2 6.80707E-3 6.80465E-3 7.2221E-3 6.80609E-3 7.22187E-3 6.83027E-3 6.57465E-3 7.04815E-3 6.33098E-3 6.74401E-3 6.0978E-3 5.87005E-3 6.88574E-3 7.39822E-3 7.45857E-3 7.51164E-3 7.14008E-3 7.67791E-3 7.71811E-3 7.38339E-3 7.45046E-3 7.38941E-3 7.12592E-3 6.93802E-3 6.68845E-3 7.19994E-3 6.98483E-3 6.44966E-3 7.01078E-3 6.9931E-3 6.63506E-3 6.74919E-3 6.92104E-3 7.43184E-3 8.44924E-3 8.89952E-3 1.00544E-2 1.01452E-2 1.09258E-2 1.20426E-2 1.30252E-2 1.44435E-2 1.55202E-2 1.48561E-2 1.55668E-2 1.57664E-2 1.64434E-2 1.57759E-2 1.51388E-2 1.50764E-2
1.53341E-2 1.57572E-2 1.55363E-2 1.73043E-2 1.79117E-2 1.73567E-2 1.9585E-2 1.8941E-2 1.89786E-2 1.91438E-2 1.90439E-2 7.20397E-3 7.1991E-3 7.72655E-3 7.42228E-3 7.81823E-3 7.50678E-3 7.18913E-3 6.4739E-3 6.45036E-3 6.44323E-3 6.21474E-3 6.22964E-3 6.2845E-3 6.02635E-3 6.49077E-3 7.30684E-3 7.21047E-3 7.28139E-3 7.03576E-3 7.43359E-3 7.51721E-3 7.56233E-3 6.86681E-3 6.64505E-3 6.70632E-3 6.59181E-3 6.66769E-3 6.13736E-3 6.21739E-3 6.76599E-3 6.69969E-3 6.74069E-3 6.92104E-3 7.48073E-3 7.53812E-3 8.89026E-3 9.6035E-3 1.01944E-2 1.09947E-2 1.1506E-2 1.29716E-2 1.37976E-2 1.44832E-2 1.48687E-2 1.5646E-2 1.57153E-2 1.64445E-2 1.57837E-2 1.64954E-2 1.57923E-2
1.68354E-2 1.68292E-2 1.72982E-2 1.85175E-2 1.80316E-2 1.94274E-2 2.00186E-2 1.99846E-2 1.93619E-2 1.94322E-2 1.92647E-2 7.28576E-3 7.82408E-3 7.90276E-3 7.61074E-3 7.2656E-3 6.98035E-3 6.61881E-3 6.59538E-3 6.33185E-3 6.28709E-3 6.30928E-3 6.36151E-3 6.34497E-3 6.35694E-3 6.37795E-3 5.93309E-3 6.95186E-3 6.98407E-3 7.03752E-3 7.09511E-3 7.48035E-3 6.90149E-3 6.94676E-3 6.68203E-3 6.83341E-3 6.61714E-3 6.07995E-3 6.16319E-3 6.21344E-3 6.00742E-3 6.79002E-3 6.15248E-3 6.32721E-3 7.1044E-3 7.54541E-3 8.92226E-3 9.05499E-3 1.02672E-2 1.03598E-2 1.16382E-2 1.22683E-2 1.38008E-2 1.38479E-2 1.39945E-2 1.55836E-2 1.56599E-2 1.64429E-2 1.58276E-2 1.64745E-2 1.5805E-2
1.80038E-2 1.99502E-2 2.03511E-2 1.99553E-2 2.03164E-2 2.07624E-2 2.10975E-2 2.17493E-2 2.3032E-2 2.09621E-2 2.08554E-2 2.23588E-2 8.43652E-3 7.7468E-3 7.73309E-3 7.04994E-3 6.71582E-3 6.94509E-3 6.71939E-3 6.75592E-3 6.7282E-3 6.45982E-3 6.44593E-3 6.19321E-3 6.17427E-3 6.18032E-3 6.20564E-3 7.10692E-3 6.98857E-3 7.04904E-3 6.7712E-3 6.86466E-3 6.92486E-3 6.66028E-3 6.74035E-3 6.54634E-3 6.62093E-3 6.39086E-3 6.16784E-3 6.21479E-3 6.02245E-3 6.51869E-3 6.51828E-3 6.58754E-3 7.11299E-3 7.17511E-3 8.52107E-3 9.0609E-3 1.02393E-2 1.03491E-2 1.11438E-2 1.2258E-2 1.37739E-2 1.39211E-2 1.52688E-2 1.46229E-2 1.47419E-2 1.58382E-2 1.65466E-2 1.57834E-2 1.48504E-2
2.03962E-2 2.05817E-2 2.06576E-2 2.09566E-2 2.0448E-2 2.08025E-2 2.28789E-2 2.32474E-2 2.28422E-2 2.34181E-2 2.37405E-2 2.42463E-2 2.22597E-2 7.84641E-3 7.07604E-3 7.00764E-3 7.03848E-3 6.79193E-3 6.8188E-3 6.60717E-3 6.53265E-3 6.50743E-3 6.49305E-3 6.21841E-3 5.97668E-3 5.96767E-3 5.96108E-3 6.42046E-3 6.44655E-3 6.74822E-3 6.75825E-3 6.50117E-3 6.51126E-3 6.23458E-3 6.80631E-3 6.59888E-3 6.33339E-3 6.45029E-3 6.19717E-3 6.24506E-3 6.08818E-3 6.49212E-3 6.60749E-3 7.00798E-3 7.03221E-3 7.48796E-3 8.07266E-3 9.00918E-3 1.02153E-2 1.03665E-2 1.16776E-2 1.23256E-2 1.38017E-2 1.39452E-2 1.53429E-2 1.46866E-2 1.48041E-2 1.47967E-2 1.55081E-2 1.48662E-2 1.55666E-2
2.04502E-2 2.0785E-2 2.09617E-2 2.2607E-2 2.30985E-2 2.24138E-2 2.3433E-2 2.25317E-2 2.30851E-2 2.24761E-2 2.32857E-2 2.27896E-2 2.22415E-2 7.92335E-3 7.15875E-3 7.13977E-3 7.19874E-3 6.92326E-3 6.647E-3 6.58666E-3 6.59046E-3 6.3048E-3 6.05581E-3 6.05878E-3 6.03138E-3 6.05878E-3 6.40414E-3 6.42639E-3 6.45851E-3 6.19068E-3 6.49162E-3 6.51094E-3 6.37469E-3 6.39483E-3 6.86389E-3 6.94106E-3 6.25932E-3 6.40825E-3 6.19649E-3 6.32746E-3 6.12468E-3 6.60087E-3 6.60901E-3 6.65919E-3 7.48999E-3 7.60658E-3 8.60068E-3 8.99324E-3 1.02417E-2 1.03603E-2 1.16746E-2 1.23089E-2 1.2971E-2 1.39716E-2 1.53568E-2 1.47517E-2 1.54813E-2 1.55064E-2 1.55956E-2 1.56035E-2 1.63103E-2
1.93604E-2 2.09225E-2 2.14494E-2 2.09625E-2 2.22936E-2 2.18274E-2 2.27718E-2 2.31817E-2 2.30972E-2 2.26841E-2 2.28285E-2 2.20801E-2 2.14996E-2 7.20017E-3 7.22558E-3 6.96645E-3 7.03268E-3 6.6929E-3 6.72107E-3 6.06496E-3 6.41709E-3 5.69033E-3 5.475E-3 5.48005E-3 5.79127E-3 5.82258E-3 6.14918E-3 6.16232E-3 6.18421E-3 6.18734E-3 6.54474E-3 6.24835E-3 6.06177E-3 6.15598E-3 6.64254E-3 6.65735E-3 6.36647E-3 6.50765E-3 6.27377E-3 6.75005E-3 6.81475E-3 6.89896E-3 7.29689E-3 7.3874E-3 7.44445E-3 8.53996E-3 8.64355E-3 9.69097E-3 1.02242E-2 1.08408E-2 1.16615E-2 1.23841E-2 1.2991E-2 1.37115E-2 1.55393E-2 1.48981E-2 1.5563E-2 1.5607E-2 1.56216E-2 1.64034E-2 1.64505E-2
2.05642E-2 2.11133E-2 2.12689E-2 2.10425E-2 2.19978E-2 2.25923E-2 2.20739E-2 2.26891E-2 2.20498E-2 2.24466E-2 2.15081E-2 2.41467E-2 2.30583E-2 7.22199E-3 7.29064E-3 7.37463E-3 6.79658E-3 6.80841E-3 6.08511E-3 6.0464E-3 6.08014E-3 5.79757E-3 5.52282E-3 5.51554E-3 5.52996E-3 5.49292E-3 6.20844E-3 6.19411E-3 6.22479E-3 5.9641E-3 6.04366E-3 6.0643E-3 6.02188E-3 6.09517E-3 6.17328E-3 6.64368E-3 6.13858E-3 6.51185E-3 6.28476E-3 6.77594E-3 6.84143E-3 6.60677E-3 7.4875E-3 7.73831E-3 7.81443E-3 8.50471E-3 8.61142E-3 1.01589E-2 1.07329E-2 1.07902E-2 1.10068E-2 1.29349E-2 1.36061E-2 1.37771E-2 1.38772E-2 1.48446E-2 1.56664E-2 1.63933E-2 1.56837E-2 1.65358E-2 1.6518E-2
2.06458E-2 2.0396E-2 2.08723E-2 2.11364E-2 2.21538E-2 2.20739E-2 2.13765E-2 2.33973E-2 2.21476E-2 2.18816E-2 2.3978E-2 2.40496E-2 2.24466E-2 7.77835E-3 7.26959E-3 6.77695E-3 6.84336E-3 6.11509E-3 6.09411E-3 5.8147E-3 5.81305E-3 5.55896E-3 5.58103E-3 5.29816E-3 5.30496E-3 5.29935E-3 5.06526E-3 5.98222E-3 5.98726E-3 5.71575E-3 5.50971E-3 6.08285E-3 6.06643E-3 6.1382E-3 6.22591E-3 6.68295E-3 6.44467E-3 6.51485E-3 6.30608E-3 6.76447E-3 6.86884E-3 6.92422E-3 7.44627E-3 7.87993E-3 7.91839E-3 8.96847E-3 9.02842E-3 1.02444E-2 1.08136E-2 1.13881E-2 1.22676E-2 1.29568E-2 1.36158E-2 1.38285E-2 1.5478E-2 1.39495E-2 1.56301E-2 1.64577E-2 1.48374E-2 1.65431E-2 1.66031E-2
1.94476E-2 2.01452E-2 2.09834E-2 2.18584E-2 2.13186E-2 2.17793E-2 2.13152E-2 2.21472E-2 2.33224E-2 2.48923E-2 2.41918E-2 2.27391E-2 2.26109E-2 1.02879E-2 9.53868E-3 9.19597E-3 6.09267E-3 6.15423E-3 5.83822E-3 5.84011E-3 5.88832E-3 5.38296E-3 5.36067E-3 5.36174E-3 5.33707E-3 5.08735E-3 5.08735E-3 5.10053E-3 5.77576E-3 5.76021E-3 5.54772E-3 5.86824E-3 6.1623E-3 6.19043E-3 6.22591E-3 6.41943E-3 6.49632E-3 6.53163E-3 6.75509E-3 7.15534E-3 7.18387E-3 7.70091E-3 7.79463E-3 8.24432E-3 8.85172E-3 8.95044E-3 9.01197E-3 9.91135E-3 1.12987E-2 1.21885E-2 1.22542E-2 1.30243E-2 1.37319E-2 1.38239E-2 1.45996E-2 1.46606E-2 1.46708E-2 1.54561E-2 1.55358E-2 1.62867E-2 1.7458E-2
2.21203E-2 2.18484E-2 1.98724E-2 2.18757E-2 2.16212E-2 2.07593E-2 2.14658E-2 2.09012E-2 2.17262E-2 2.11856E-2 2.18518E-2 2.30613E-2 1.03148E-2 1.01276E-2 9.55907E-3 8.71806E-3 6.23933E-3 6.30608E-3 5.87909E-3 5.57509E-3 5.33449E-3 5.37038E-3 5.13781E-3 4.59026E-3 5.16754E-3 4.93499E-3 4.94456E-3 4.71067E-3 5.24115E-3 5.55976E-3 5.59936E-3 5.60955E-3 6.26725E-3 6.33699E-3 6.67957E-3 6.44498E-3 6.48677E-3 6.56178E-3 7.0387E-3 7.15714E-3 7.64529E-3 7.62447E-3 7.73537E-3 8.77026E-3 9.27609E-3 9.33111E-3 1.01045E-2 1.03683E-2 1.14648E-2 1.21666E-2 1.23608E-2 1.36348E-2 1.44031E-2 1.39166E-2 1.45691E-2 1.46368E-2 1.5464E-2 1.54954E-2 1.55563E-2 1.62637E-2 1.64094E-2
