Artocarpus hirsutus SDM files/MIS19/results (without bias file)/Arthir_median.asc
ncols         625
nrows         721
xllcorner     69.99986311115
yllcorner     5.99986187915
cellsize      0.041666667
NODATA_value  -9999
[rows 297 to 323 of 721, columns 122 to 182 of 625]
1.43402E-4 1.59063E-4 1.60682E-4 1.89693E-4 2.89208E-4 2.20103E-4 1.59818E-4 2.19581E-4 2.61791E-4 2.56859E-4 2.26802E-4 1.9956E-4 1.73297E-4 2.47049E-4 2.91258E-4 3.17445E-4 2.52678E-4 2.12478E-4 2.64846E-4 3.27747E-4 4.1758E-4 4.34443E-4 3.3844E-4 3.3261E-4 4.41083E-4 3.52694E-4 3.02175E-4 3.37234E-4 6.28056E-4 6.73834E-4 5.10746E-4 4.02956E-4 4.00617E-4 4.95713E-4 5.71531E-4 6.60066E-4 6.35844E-4 5.99255E-4 4.87238E-4 5.85886E-4 6.61311E-4 7.6673E-4 8.59753E-4 8.14664E-4 7.81797E-4 7.35354E-4 9.35924E-4 9.82393E-4 1.0193E-3 5.73411E-4 7.94251E-4 8.92861E-4 1.02793E-3 9.49627E-4 7.63832E-4 6.10071E-4 7.27332E-4 7.18026E-4 7.84806E-4 7.86331E-4 6.85878E-4
1.65873E-4 1.52121E-4 1.5376E-4 1.94676E-4 3.02387E-4 2.20958E-4 1.71203E-4 2.34332E-4 2.87602E-4 2.8426E-4 2.59208E-4 2.07213E-4 1.83021E-4 2.68075E-4 3.38074E-4 3.31232E-4 3.15051E-4 2.41338E-4 2.59606E-4 3.54415E-4 3.76392E-4 4.32421E-4 3.7469E-4 2.89989E-4 3.25956E-4 3.22386E-4 3.29066E-4 3.33498E-4 5.89263E-4 7.45143E-4 6.41727E-4 4.79595E-4 4.07955E-4 4.92861E-4 6.25125E-4 5.99573E-4 7.07476E-4 5.41391E-4 4.83155E-4 6.31552E-4 7.17818E-4 8.39353E-4 9.61879E-4 7.96864E-4 7.91005E-4 7.89471E-4 9.63189E-4 7.60994E-4 6.20504E-4 5.56821E-4 1.01133E-3 8.95801E-4 1.04274E-3 9.05915E-4 7.85517E-4 6.51126E-4 9.11071E-4 1.03832E-3 9.8399E-4 9.16244E-4 6.49828E-4
2.02009E-4 1.82203E-4 1.89478E-4 1.78982E-4 3.02949E-4 2.34535E-4 1.88237E-4 2.44104E-4 3.03505E-4 3.21874E-4 2.26233E-4 2.20554E-4 1.8542E-4 2.3896E-4 3.31781E-4 3.81133E-4 3.55797E-4 2.50768E-4 2.5436E-4 2.80599E-4 3.61673E-4 4.3805E-4 4.92869E-4 5.18873E-4 4.17873E-4 4.21859E-4 3.77269E-4 3.15484E-4 4.70027E-4 7.26642E-4 7.8122E-4 5.11902E-4 3.93035E-4 4.27421E-4 6.19825E-4 7.35661E-4 6.77143E-4 5.5083E-4 4.99122E-4 5.70528E-4 6.71682E-4 8.36815E-4 9.12033E-4 9.07246E-4 8.72662E-4 8.89011E-4 9.70489E-4 8.50667E-4 6.90138E-4 6.6499E-4 8.03949E-4 8.78628E-4 9.42307E-4 1.02955E-3 8.71377E-4 8.53075E-4 7.83063E-4 6.38708E-4 8.54256E-4 7.32775E-4 6.25267E-4
1.652E-4 1.82006E-4 1.84746E-4 2.00098E-4 2.90285E-4 2.91163E-4 1.7445E-4 2.29061E-4 2.77632E-4 3.33839E-4 2.3968E-4 2.28939E-4 2.36892E-4 2.2078E-4 3.39233E-4 4.16539E-4 3.56794E-4 2.63589E-4 2.95218E-4 3.22705E-4 3.1404E-4 4.10821E-4 4.41257E-4 5.83734E-4 5.44099E-4 4.15587E-4 4.30543E-4 3.50933E-4 3.86472E-4 6.55603E-4 7.72337E-4 4.73524E-4 3.90924E-4 4.47799E-4 5.93013E-4 7.0362E-4 6.05861E-4 5.51003E-4 5.10934E-4 6.60794E-4 6.45324E-4 7.82131E-4 1.00221E-3 1.03743E-3 8.72662E-4 9.9777E-4 7.91718E-4 7.69206E-4 6.71892E-4 8.56459E-4 9.07193E-4 9.60367E-4 1.0036E-3 1.27253E-3 1.01681E-3 7.35253E-4 7.22855E-4 6.93181E-4 7.78592E-4 1.22755E-3 8.01125E-4
1.84649E-4 2.07084E-4 1.90679E-4 2.45772E-4 2.94292E-4 3.13E-4 2.12249E-4 1.7478E-4 2.74789E-4 3.49301E-4 2.46456E-4 2.33209E-4 2.19011E-4 2.4316E-4 3.57956E-4 4.22697E-4 4.01839E-4 2.93635E-4 3.43553E-4 3.42907E-4 3.17454E-4 3.90757E-4 4.80517E-4 5.79625E-4 5.01393E-4 4.60625E-4 3.97973E-4 3.47608E-4 4.06298E-4 6.12022E-4 7.0303E-4 4.82747E-4 4.37154E-4 5.49574E-4 6.46245E-4 6.79183E-4 6.04314E-4 5.34652E-4 5.62252E-4 7.54696E-4 7.08942E-4 7.80685E-4 9.91107E-4 1.0784E-3 8.87355E-4 7.43148E-4 7.64686E-4 7.39037E-4 8.43942E-4 1.12496E-3 1.2719E-3 1.08625E-3 1.28916E-3 1.47148E-3 1.09277E-3 9.1106E-4 8.89425E-4 7.07242E-4 9.24063E-4 9.28788E-4 6.21808E-4
1.77555E-4 1.78271E-4 2.05757E-4 2.90819E-4 2.68039E-4 3.07243E-4 2.05886E-4 1.82756E-4 2.73807E-4 3.48647E-4 2.81645E-4 2.18967E-4 2.21879E-4 3.33684E-4 4.14407E-4 4.36115E-4 3.845E-4 3.58985E-4 3.71695E-4 3.78039E-4 3.61564E-4 2.98676E-4 4.55419E-4 5.73515E-4 5.0341E-4 5.30208E-4 3.90653E-4 4.85835E-4 4.38814E-4 6.97799E-4 7.00802E-4 5.12382E-4 4.22028E-4 6.05049E-4 8.27489E-4 6.32306E-4 6.18557E-4 5.40322E-4 4.78731E-4 7.07641E-4 8.48861E-4 7.80685E-4 9.22864E-4 1.03743E-3 7.64445E-4 7.89968E-4 7.81478E-4 8.75154E-4 1.11664E-3 1.02545E-3 1.49144E-3 1.2197E-3 1.42953E-3 1.46512E-3 9.94397E-4 8.31522E-4 9.83021E-4 8.2499E-4 1.10909E-3 9.57617E-4 7.78645E-4
1.89413E-4 1.80938E-4 2.1675E-4 2.61945E-4 3.4028E-4 2.8248E-4 2.31339E-4 1.80062E-4 2.96895E-4 3.73799E-4 2.63432E-4 2.15738E-4 2.67074E-4 2.6974E-4 3.23918E-4 3.13028E-4 3.60667E-4 4.44838E-4 4.67214E-4 3.41367E-4 3.45823E-4 3.26174E-4 4.22879E-4 6.79131E-4 5.60818E-4 5.14279E-4 4.09817E-4 5.86201E-4 4.69558E-4 6.92669E-4 7.5204E-4 4.47242E-4 4.27468E-4 5.97815E-4 8.44711E-4 7.50211E-4 5.72999E-4 5.87425E-4 4.89004E-4 6.08032E-4 6.84948E-4 7.5963E-4 9.97553E-4 9.79791E-4 8.29676E-4 7.12368E-4 1.0521E-3 9.13219E-4 1.24073E-3 1.20236E-3 1.29537E-3 1.29555E-3 1.72218E-3 1.21792E-3 1.04552E-3 9.14449E-4 9.01518E-4 1.14979E-3 1.58481E-3 8.71363E-4 1.20786E-3
1.99093E-4 1.94142E-4 2.51786E-4 2.57021E-4 3.54421E-4 2.62247E-4 2.34373E-4 2.19406E-4 2.1166E-4 3.41856E-4 3.40049E-4 2.35217E-4 2.68566E-4 3.54154E-4 2.33839E-4 3.36764E-4 3.96802E-4 4.49234E-4 5.1176E-4 3.88276E-4 3.61602E-4 3.22561E-4 4.78585E-4 5.87501E-4 6.15093E-4 4.04956E-4 3.63642E-4 5.42098E-4 6.76425E-4 5.86849E-4 7.9499E-4 5.36614E-4 3.8273E-4 6.02761E-4 8.31027E-4 7.25922E-4 5.92621E-4 5.11246E-4 5.88303E-4 6.96242E-4 7.83207E-4 9.25912E-4 1.14741E-3 9.47647E-4 8.76128E-4 7.33835E-4 1.13485E-3 1.04225E-3 1.00221E-3 1.06637E-3 1.33474E-3 1.5316E-3 1.46619E-3 1.12088E-3 1.05571E-3 9.27484E-4 1.05839E-3 1.46718E-3 1.66432E-3 1.07996E-3 2.11812E-3
2.40181E-4 2.44857E-4 2.69197E-4 3.36087E-4 3.16849E-4 2.17555E-4 2.58125E-4 2.2583E-4 1.93583E-4 2.63214E-4 3.44574E-4 3.03315E-4 2.75515E-4 3.81478E-4 2.80978E-4 2.7056E-4 3.76356E-4 3.63774E-4 4.68751E-4 5.43358E-4 4.31287E-4 3.37566E-4 3.79214E-4 5.6544E-4 6.42594E-4 4.14407E-4 6.0258E-4 4.14244E-4 7.17378E-4 6.39679E-4 6.88301E-4 4.53792E-4 3.88457E-4 6.22927E-4 8.41783E-4 7.7393E-4 5.89681E-4 4.97302E-4 5.59964E-4 7.98841E-4 7.3006E-4 8.67019E-4 1.07168E-3 8.72083E-4 8.58924E-4 7.17036E-4 1.11374E-3 1.17092E-3 1.19347E-3 1.12496E-3 1.13822E-3 1.40529E-3 1.84378E-3 1.21807E-3 1.34704E-3 1.01997E-3 9.79386E-4 1.25195E-3 1.09231E-3 1.5016E-3 1.01585E-3
2.40311E-4 2.8921E-4 2.7589E-4 4.49521E-4 2.78768E-4 2.17527E-4 2.90983E-4 2.38591E-4 2.15383E-4 2.54655E-4 3.44807E-4 3.55526E-4 2.577E-4 3.9692E-4 3.51074E-4 2.85181E-4 2.78796E-4 3.58621E-4 4.24447E-4 5.83494E-4 4.16594E-4 4.22868E-4 4.01149E-4 4.78208E-4 6.83221E-4 5.82688E-4 5.9171E-4 4.29592E-4 6.58343E-4 8.49653E-4 5.94609E-4 4.92934E-4 4.33437E-4 6.40078E-4 7.44058E-4 7.63747E-4 5.70156E-4 4.75379E-4 5.56197E-4 7.73218E-4 8.39981E-4 9.03947E-4 1.01464E-3 9.54015E-4 8.30116E-4 7.49147E-4 1.16848E-3 1.42881E-3 1.28031E-3 1.49461E-3 1.29348E-3 1.77733E-3 1.40165E-3 1.14951E-3 1.36881E-3 1.36376E-3 1.02577E-3 9.52861E-4 8.53745E-4 1.06929E-3 8.77283E-4
2.43456E-4 2.53573E-4 2.90823E-4 3.46635E-4 2.50037E-4 2.37516E-4 2.9291E-4 2.3203E-4 2.31538E-4 2.43393E-4 2.86594E-4 3.84998E-4 2.71742E-4 2.86056E-4 4.09735E-4 4.05392E-4 2.68977E-4 3.49973E-4 4.35309E-4 5.63921E-4 5.384E-4 3.98508E-4 4.19337E-4 4.90433E-4 5.20666E-4 6.61823E-4 5.63629E-4 5.50746E-4 5.5953E-4 1.02431E-3 7.54665E-4 4.81175E-4 3.95815E-4 5.78671E-4 8.15728E-4 6.32724E-4 5.33641E-4 5.61714E-4 6.64233E-4 8.2256E-4 8.36322E-4 9.24082E-4 1.01499E-3 7.73284E-4 8.1433E-4 9.00598E-4 1.1902E-3 1.39494E-3 1.39102E-3 1.5855E-3 1.56784E-3 1.28327E-3 1.16238E-3 1.23897E-3 1.34254E-3 1.68251E-3 1.16836E-3 1.03187E-3 1.00076E-3 8.86341E-4 8.46652E-4
2.55262E-4 2.43233E-4 2.85093E-4 3.44973E-4 2.93041E-4 1.93274E-4 2.19192E-4 2.14153E-4 2.6711E-4 2.72426E-4 2.92507E-4 3.73093E-4 2.79418E-4 2.69562E-4 4.13256E-4 3.49193E-4 3.09107E-4 3.59166E-4 4.58423E-4 6.11282E-4 4.74645E-4 4.25085E-4 4.40496E-4 5.56286E-4 5.2521E-4 5.74192E-4 6.39552E-4 7.13017E-4 5.59934E-4 6.93947E-4 5.58258E-4 4.44714E-4 4.79655E-4 6.99767E-4 8.67706E-4 6.73895E-4 5.25579E-4 6.08762E-4 7.28638E-4 8.42554E-4 9.99714E-4 9.03975E-4 7.59749E-4 8.04504E-4 1.01746E-3 1.17409E-3 1.25486E-3 1.19133E-3 1.21728E-3 1.53961E-3 1.58671E-3 1.17754E-3 1.5261E-3 1.54474E-3 1.24781E-3 1.17219E-3 9.05517E-4 8.99331E-4 1.07466E-3 9.34276E-4 8.5772E-4
1.99044E-4 2.43263E-4 2.88484E-4 3.33021E-4 2.49929E-4 2.29613E-4 2.11381E-4 2.09535E-4 3.20781E-4 2.54808E-4 2.7165E-4 3.75289E-4 3.23261E-4 2.87534E-4 4.32138E-4 3.80654E-4 3.24497E-4 4.14422E-4 4.51593E-4 5.31635E-4 5.69169E-4 4.96223E-4 4.75955E-4 5.10274E-4 5.5217E-4 6.06949E-4 5.96324E-4 6.81121E-4 8.20167E-4 5.22201E-4 4.29321E-4 4.50951E-4 6.0317E-4 8.04103E-4 7.37605E-4 5.96627E-4 6.09403E-4 7.43987E-4 7.74741E-4 8.7887E-4 1.00151E-3 7.45143E-4 8.35535E-4 9.73416E-4 8.4164E-4 1.08263E-3 1.37694E-3 1.53219E-3 1.51203E-3 1.59562E-3 1.2525E-3 1.38294E-3 1.51098E-3 1.60491E-3 1.54375E-3 9.11625E-4 8.72771E-4 9.95461E-4 1.06478E-3 1.37372E-3 8.85876E-4
2.0508E-4 2.48744E-4 2.74383E-4 3.22117E-4 2.45627E-4 2.22646E-4 2.2855E-4 2.35172E-4 3.46475E-4 2.76806E-4 2.56266E-4 3.49094E-4 3.13217E-4 3.27739E-4 4.35411E-4 4.75848E-4 3.37667E-4 3.33608E-4 4.27678E-4 5.26197E-4 5.63033E-4 6.39567E-4 5.25506E-4 4.64261E-4 6.16287E-4 6.01466E-4 6.40634E-4 6.72586E-4 6.575E-4 4.8695E-4 4.48029E-4 4.97406E-4 6.67653E-4 7.69819E-4 7.69384E-4 5.78524E-4 6.97583E-4 7.94858E-4 7.20741E-4 8.63192E-4 7.74146E-4 6.98706E-4 9.41238E-4 1.05781E-3 8.70313E-4 1.08797E-3 1.23652E-3 1.66765E-3 1.54341E-3 1.29971E-3 1.13999E-3 1.39017E-3 1.16566E-3 1.62874E-3 2.37467E-3 9.0823E-4 8.76505E-4 8.94553E-4 1.19649E-3 1.03215E-3 1.45274E-3
2.20236E-4 2.37021E-4 2.57123E-4 3.06372E-4 2.42171E-4 2.58329E-4 2.34112E-4 2.24502E-4 3.2168E-4 2.7578E-4 2.59113E-4 3.34505E-4 3.0236E-4 3.0396E-4 4.26572E-4 4.57656E-4 3.63968E-4 3.53048E-4 3.78408E-4 4.76217E-4 5.343E-4 5.89127E-4 5.93881E-4 4.62482E-4 6.01858E-4 6.40634E-4 7.73127E-4 4.85454E-4 4.77051E-4 5.03945E-4 4.32659E-4 7.99815E-4 7.41893E-4 7.41893E-4 5.69263E-4 6.02726E-4 7.12893E-4 8.93016E-4 7.93614E-4 6.84551E-4 7.76885E-4 8.36129E-4 9.37751E-4 8.84874E-4 1.05655E-3 9.44209E-4 1.24394E-3 1.39521E-3 9.14788E-4 9.04431E-4 1.10276E-3 1.09756E-3 8.38428E-4 1.40097E-3 2.49305E-3 9.52299E-4 9.37322E-4 9.7598E-4 9.99759E-4 9.28911E-4 1.04385E-3
1.9195E-4 2.34564E-4 2.3787E-4 2.97063E-4 3.00331E-4 2.73414E-4 2.16537E-4 2.25603E-4 3.35111E-4 2.55591E-4 2.67425E-4 3.33265E-4 3.55954E-4 2.82751E-4 3.98675E-4 4.52987E-4 3.68045E-4 3.63013E-4 4.39327E-4 3.95215E-4 5.75091E-4 5.61047E-4 5.68088E-4 5.47429E-4 6.25509E-4 7.3372E-4 6.64615E-4 4.40833E-4 4.71006E-4 4.84671E-4 5.74619E-4 8.40965E-4 9.10863E-4 7.55277E-4 6.03248E-4 6.89459E-4 7.59175E-4 8.58113E-4 5.93047E-4 5.87992E-4 8.46597E-4 8.66214E-4 9.76461E-4 8.20693E-4 9.83738E-4 1.11483E-3 1.18258E-3 1.17534E-3 9.31031E-4 8.36454E-4 1.11804E-3 1.32702E-3 8.56723E-4 1.13159E-3 1.48091E-3 1.84414E-3 1.26204E-3 1.0774E-3 1.03771E-3 8.52084E-4 9.85754E-4
2.16161E-4 2.34533E-4 2.71017E-4 2.4021E-4 2.6708E-4 2.22631E-4 1.90968E-4 2.3762E-4 2.88051E-4 2.3138E-4 2.76208E-4 3.7882E-4 3.33886E-4 2.77329E-4 3.99363E-4 5.13319E-4 4.12356E-4 3.43311E-4 4.65701E-4 4.20975E-4 4.23267E-4 5.26704E-4 6.00738E-4 7.66637E-4 5.7359E-4 6.43648E-4 4.86743E-4 4.35658E-4 5.56427E-4 6.56052E-4 4.99019E-4 6.9501E-4 9.76938E-4 6.28953E-4 7.63852E-4 7.10563E-4 8.35703E-4 6.24366E-4 6.20764E-4 6.9416E-4 7.32392E-4 1.03088E-3 1.19801E-3 8.77084E-4 9.4812E-4 1.12717E-3 1.40731E-3 1.13193E-3 1.12687E-3 8.67351E-4 9.24493E-4 1.11868E-3 1.00964E-3 1.11272E-3 6.93897E-4 1.05462E-3 1.50922E-3 1.66867E-3 1.05259E-3 9.18708E-4 1.03323E-3
1.97904E-4 3.05159E-4 2.60484E-4 2.4489E-4 1.99281E-4 1.94546E-4 2.12703E-4 2.96149E-4 2.37008E-4 2.21456E-4 3.26512E-4 3.46792E-4 3.58248E-4 3.00349E-4 3.12901E-4 4.86937E-4 4.42367E-4 3.99164E-4 3.92331E-4 4.89141E-4 4.36873E-4 4.24405E-4 5.85579E-4 9.58069E-4 5.31701E-4 4.59932E-4 4.72962E-4 5.52222E-4 6.34598E-4 6.13844E-4 5.3542E-4 6.80682E-4 1.21559E-3 6.77525E-4 7.96203E-4 9.20226E-4 6.05894E-4 5.52011E-4 5.85449E-4 7.85815E-4 6.4436E-4 8.13833E-4 1.03225E-3 1.03211E-3 1.03593E-3 1.15579E-3 9.06562E-4 9.61845E-4 8.81182E-4 1.03971E-3 1.03492E-3 1.02272E-3 1.07344E-3 1.25152E-3 1.32256E-3 1.0491E-3 9.60114E-4 2.76501E-3 2.06924E-3 1.16511E-3 1.74346E-3
2.0728E-4 2.90741E-4 2.68299E-4 2.08345E-4 1.90235E-4 1.82754E-4 2.54663E-4 2.69389E-4 2.22498E-4 2.13774E-4 3.02298E-4 3.22895E-4 3.94169E-4 3.03551E-4 2.97004E-4 4.48362E-4 4.65098E-4 4.10431E-4 4.34868E-4 4.64255E-4 4.97213E-4 3.94782E-4 5.76514E-4 9.93254E-4 4.89087E-4 4.89861E-4 5.29443E-4 6.49675E-4 5.90709E-4 5.12104E-4 5.93008E-4 5.83777E-4 7.41067E-4 9.03907E-4 9.35029E-4 6.70004E-4 6.12846E-4 4.9978E-4 5.88374E-4 8.57777E-4 6.55635E-4 8.91646E-4 9.95804E-4 9.24563E-4 1.05485E-3 9.00781E-4 8.17284E-4 8.52601E-4 6.9861E-4 1.01754E-3 8.02726E-4 7.16195E-4 7.49118E-4 2.30413E-3 9.84009E-4 6.89639E-4 6.37073E-4 1.71654E-3 1.44627E-3 1.03904E-3 1.87439E-3
2.03819E-4 2.85797E-4 2.29163E-4 1.91074E-4 1.88128E-4 1.99043E-4 2.73296E-4 2.46868E-4 2.32161E-4 2.18574E-4 3.17246E-4 3.25302E-4 3.84722E-4 2.99671E-4 2.80874E-4 4.13592E-4 4.66828E-4 4.18069E-4 5.05133E-4 3.84273E-4 5.04588E-4 3.57121E-4 4.03148E-4 5.65267E-4 6.71225E-4 6.55146E-4 7.78118E-4 5.56279E-4 6.24086E-4 4.67583E-4 6.0213E-4 6.61606E-4 6.14256E-4 7.01099E-4 1.01938E-3 8.44978E-4 5.93845E-4 5.42033E-4 5.59521E-4 8.60541E-4 7.92797E-4 6.45422E-4 4.2181E-4 5.13932E-4 7.05992E-4 5.47153E-4 5.84373E-4 6.88125E-4 1.10227E-3 5.49731E-4 6.3672E-4 5.05858E-4 8.92084E-4 1.78417E-3 6.60586E-4 4.8346E-4 1.1983E-3 1.21377E-3 1.02193E-3 8.08298E-4 1.39437E-3
1.99328E-4 2.2854E-4 2.65817E-4 1.96474E-4 1.64179E-4 2.10452E-4 2.54979E-4 2.0478E-4 2.40958E-4 2.26427E-4 3.0477E-4 3.89087E-4 3.2679E-4 3.01905E-4 2.55048E-4 3.87183E-4 4.59506E-4 4.1046E-4 4.24258E-4 3.82801E-4 5.06465E-4 4.55715E-4 4.17601E-4 4.34156E-4 5.60674E-4 6.37568E-4 1.12817E-3 7.6597E-4 4.85782E-4 4.44776E-4 4.43186E-4 5.59906E-4 7.5209E-4 9.71965E-4 9.67853E-4 6.99353E-4 6.39095E-4 6.06284E-4 4.49793E-4 4.48417E-4 5.43107E-4 3.09893E-4 3.77554E-4 6.26668E-4 5.03879E-4 5.14468E-4 7.21722E-4 6.26036E-4 1.741E-3 6.32945E-4 5.23891E-4 5.71805E-4 7.78602E-4 1.48309E-3 6.14621E-4 5.65591E-4 7.4315E-4 7.26864E-4 7.0455E-4 8.63357E-4 1.61562E-3
1.94244E-4 2.14702E-4 2.535E-4 1.78814E-4 1.8219E-4 2.44145E-4 2.26369E-4 2.04496E-4 2.41112E-4 2.20157E-4 2.9417E-4 3.68323E-4 3.48083E-4 3.25756E-4 2.56841E-4 3.29061E-4 5.17423E-4 4.33815E-4 3.43096E-4 4.24301E-4 5.15938E-4 4.27072E-4 4.11117E-4 3.95413E-4 5.10985E-4 6.90277E-4 9.07042E-4 4.75978E-4 4.32223E-4 5.20626E-4 5.454E-4 4.97355E-4 5.86437E-4 1.0185E-3 5.24674E-4 4.56623E-4 4.04147E-4 2.86232E-4 3.77453E-4 3.06695E-4 4.80605E-4 4.22246E-4 4.72522E-4 7.41756E-4 4.98281E-4 5.36484E-4 8.17478E-4 6.12413E-4 9.22019E-4 8.32381E-4 5.98577E-4 7.2831E-4 7.41593E-4 7.60156E-4 7.44654E-4 6.52921E-4 6.27725E-4 1.63516E-3 1.94833E-3 7.16102E-4 4.97935E-4
2.03422E-4 2.44715E-4 1.99134E-4 1.64468E-4 1.94407E-4 2.5702E-4 2.35327E-4 2.00734E-4 2.48202E-4 2.13311E-4 2.44348E-4 3.18017E-4 3.80079E-4 3.53112E-4 2.55857E-4 2.63411E-4 4.03254E-4 4.08391E-4 3.30776E-4 4.55232E-4 4.52302E-4 4.09769E-4 4.17215E-4 3.78036E-4 4.1837E-4 5.08648E-4 8.79207E-4 5.28664E-4 4.66753E-4 5.4556E-4 4.50098E-4 4.28849E-4 5.59156E-4 1.01411E-3 4.92572E-4 2.98059E-4 3.18541E-4 3.38965E-4 4.67078E-4 4.56103E-4 6.7515E-4 5.26617E-4 5.64495E-4 5.56324E-4 5.67594E-4 5.72875E-4 7.98504E-4 6.08432E-4 6.53297E-4 6.99678E-4 6.25804E-4 7.84954E-4 7.90594E-4 7.17337E-4 7.59719E-4 7.23479E-4 6.36484E-4 9.40878E-4 9.04185E-4 5.6116E-4 5.61804E-4
2.34716E-4 2.08605E-4 1.70379E-4 1.81586E-4 2.18116E-4 2.37706E-4 1.98485E-4 2.05644E-4 2.57968E-4 2.26254E-4 2.41595E-4 2.56577E-4 3.03597E-4 4.05572E-4 3.08351E-4 2.42186E-4 3.42727E-4 4.43949E-4 3.31345E-4 4.10602E-4 4.48899E-4 3.95522E-4 3.75831E-4 3.78948E-4 3.54235E-4 4.56665E-4 9.5797E-4 6.69679E-4 4.83442E-4 3.8885E-4 4.73853E-4 4.73092E-4 4.31788E-4 4.79447E-4 6.29822E-4 3.42957E-4 3.70912E-4 3.62835E-4 3.05633E-4 4.23954E-4 4.39645E-4 3.72555E-4 5.31472E-4 6.42259E-4 5.86716E-4 5.35444E-4 7.11377E-4 7.36125E-4 6.85462E-4 6.72668E-4 6.4548E-4 8.28E-4 7.9104E-4 7.12515E-4 7.24525E-4 7.87352E-4 7.4713E-4 7.4667E-4 7.43529E-4 6.73747E-4 6.81355E-4
2.2929E-4 1.82487E-4 1.52458E-4 1.9233E-4 2.50512E-4 2.0832E-4 1.94833E-4 2.01836E-4 2.16856E-4 2.27524E-4 2.02994E-4 2.67727E-4 2.8465E-4 3.96194E-4 3.75831E-4 2.11625E-4 3.08583E-4 4.23279E-4 3.54578E-4 3.59008E-4 4.33262E-4 4.04689E-4 3.40943E-4 3.40666E-4 2.92443E-4 3.10038E-4 4.24006E-4 4.28245E-4 7.48189E-4 4.41839E-4 5.44503E-4 4.03996E-4 4.36228E-4 3.14468E-4 2.88656E-4 4.25926E-4 3.80453E-4 2.96641E-4 3.01497E-4 4.54338E-4 6.8987E-4 5.21836E-4 4.42793E-4 5.64211E-4 6.12312E-4 6.11589E-4 6.39834E-4 7.53635E-4 7.14294E-4 6.65931E-4 6.61463E-4 7.00807E-4 7.43363E-4 7.15416E-4 7.28162E-4 7.4842E-4 7.10167E-4 7.73228E-4 7.78989E-4 7.67441E-4 7.01113E-4
1.95446E-4 1.55033E-4 1.58237E-4 1.88786E-4 2.07449E-4 2.27484E-4 2.09873E-4 1.98273E-4 2.49616E-4 1.98626E-4 1.895E-4 2.50413E-4 2.65913E-4 3.16363E-4 3.6817E-4 2.41999E-4 2.2832E-4 3.43848E-4 4.6147E-4 3.78007E-4 3.18222E-4 2.80276E-4 3.14715E-4 3.05922E-4 3.04708E-4 2.38916E-4 2.3433E-4 3.60648E-4 6.70688E-4 8.66931E-4 6.30036E-4 3.25545E-4 2.63414E-4 2.64073E-4 2.85226E-4 3.73127E-4 3.61332E-4 3.07953E-4 3.34683E-4 4.186E-4 5.29379E-4 5.30879E-4 4.50319E-4 4.90806E-4 6.55714E-4 5.65834E-4 6.74734E-4 7.45219E-4 6.18959E-4 6.07394E-4 6.37103E-4 7.16585E-4 7.01151E-4 7.35043E-4 7.43038E-4 7.83759E-4 8.35847E-4 7.59686E-4 9.27697E-4 7.34915E-4 7.97893E-4
1.54448E-4 1.35206E-4 1.54304E-4 1.95513E-4 1.50809E-4 1.92375E-4 2.51491E-4 2.51508E-4 2.19705E-4 2.0014E-4 1.99536E-4 2.07321E-4 2.55704E-4 2.85339E-4 3.8451E-4 2.79844E-4 2.17962E-4 2.78778E-4 4.03424E-4 2.8977E-4 2.57318E-4 2.4981E-4 2.73304E-4 2.93466E-4 2.49711E-4 2.24276E-4 1.73522E-4 1.93483E-4 3.90352E-4 6.02209E-4 2.9037E-4 2.80865E-4 2.79356E-4 3.01865E-4 3.62028E-4 4.25677E-4 3.65011E-4 3.57679E-4 3.44274E-4 3.51638E-4 4.06144E-4 6.08755E-4 4.80209E-4 4.97268E-4 6.15969E-4 5.18791E-4 6.87333E-4 6.3307E-4 6.282E-4 6.02495E-4 6.56683E-4 6.81326E-4 7.64999E-4 6.78517E-4 7.16524E-4 8.08734E-4 7.72666E-4 6.70864E-4 7.41541E-4 7.47729E-4 7.98034E-4
