Artocarpus hirsutus SDM files/MIS19/results (without bias file)/Arthir_3.asc
ncols         625
nrows         721
xllcorner     69.99986311115
yllcorner     5.99986187915
cellsize      0.041666667
NODATA_value  -9999
[rows 135 to 161 of 721, columns 305 to 365 of 625]
1.94702E-5 2.33628E-5 1.9204E-5 9.70965E-6 1.21782E-5 2.56374E-5 3.63617E-5 3.72775E-5 2.98125E-5 1.00935E-5 1.74494E-4 1.71588E-4 1.27447E-4 1.30161E-4 1.35244E-4 1.36854E-4 1.49536E-4 1.69991E-4 1.70371E-4 1.55455E-4 1.5103E-4 1.3979E-4 1.26805E-4 1.24179E-4 1.27264E-4 1.18781E-4 1.15335E-4 1.07271E-4 1.03874E-4 9.63773E-5 1.01248E-4 9.1819E-5 9.59463E-5 1.04819E-4 1.02979E-4 9.62783E-5 9.56133E-5 1.00578E-4 1.02499E-4 1.00442E-4 7.71344E-5 1.16096E-4 1.1324E-4 1.06536E-4 9.82563E-5 9.57008E-5 9.86292E-5 1.01543E-4 9.88043E-5 9.73639E-5 9.9379E-5 9.73677E-5 1.03647E-4 1.12417E-4 1.08735E-4 1.11978E-4 1.14068E-4 1.07206E-4 1.20418E-4 1.14652E-4 1.21574E-4
1.33122E-5 1.31251E-5 1.31847E-5 9.86083E-6 9.92066E-6 1.09015E-5 2.18383E-5 2.69551E-5 2.21142E-5 2.50456E-5 1.82393E-5 1.19481E-5 1.5481E-4 1.19057E-4 1.07211E-4 1.18893E-4 1.21667E-4 1.35402E-4 1.35402E-4 1.70774E-4 1.74488E-4 1.66028E-4 1.50211E-4 1.44089E-4 1.41027E-4 1.23957E-4 1.1319E-4 1.12247E-4 1.15173E-4 1.09854E-4 9.85422E-5 9.35444E-5 9.41614E-5 1.03363E-4 9.69509E-5 9.89348E-5 9.68148E-5 9.84117E-5 1.09643E-4 1.07795E-4 8.6063E-5 1.04832E-4 1.22589E-4 1.09423E-4 1.03391E-4 9.66624E-5 9.83968E-5 9.98618E-5 1.11002E-4 1.05544E-4 1.01485E-4 1.04444E-4 1.00944E-4 1.09634E-4 1.07195E-4 1.10235E-4 1.03169E-4 1.11818E-4 1.16969E-4 1.23681E-4 1.24513E-4
1.31931E-5 1.1321E-5 1.4954E-5 1.12078E-5 1.08355E-5 9.78129E-6 1.26332E-5 1.43541E-5 1.69319E-5 2.56131E-5 1.37757E-5 1.15723E-5 1.44849E-4 1.01696E-5 1.32365E-4 1.10449E-4 1.21756E-4 1.19279E-4 1.31919E-4 1.46102E-4 1.50526E-4 1.68896E-4 1.68724E-4 1.45917E-4 1.45844E-4 1.3843E-4 1.18718E-4 1.18361E-4 1.12268E-4 1.04012E-4 1.14528E-4 1.00681E-4 9.57071E-5 1.09212E-4 9.90047E-5 9.76525E-5 9.52644E-5 9.71246E-5 9.40187E-5 1.12535E-4 1.04351E-4 9.01393E-5 1.06417E-4 1.13196E-4 1.12809E-4 1.04091E-4 1.02204E-4 1.00917E-4 1.00028E-4 1.15438E-4 1.06308E-4 1.10327E-4 1.15306E-4 1.11694E-4 1.04889E-4 1.05126E-4 1.10009E-4 1.10027E-4 1.19347E-4 1.2031E-4 1.15861E-4
2.06266E-5 1.05053E-5 1.01169E-5 1.50212E-5 2.77418E-5 9.93392E-6 1.33586E-5 1.34294E-5 3.26584E-5 4.28606E-5 3.7454E-5 2.18903E-5 9.39833E-6 1.29519E-5 1.23756E-5 1.33707E-4 1.19506E-4 1.43936E-4 1.30381E-4 1.28312E-4 1.16311E-4 1.35037E-4 1.5199E-4 1.678E-4 1.52028E-4 1.46795E-4 1.29814E-4 1.23672E-4 1.2197E-4 1.17091E-4 1.19439E-4 1.1214E-4 1.12945E-4 1.05013E-4 1.0179E-4 9.80094E-5 9.74081E-5 1.01245E-4 9.88076E-5 1.02257E-4 1.08957E-4 1.06364E-4 8.36823E-5 1.10312E-4 1.17278E-4 1.15516E-4 1.15162E-4 1.08835E-4 1.02959E-4 1.02526E-4 1.15956E-4 1.14899E-4 1.11343E-4 1.05263E-4 1.01834E-4 9.57249E-5 1.0707E-4 1.11978E-4 1.13012E-4 1.17811E-4 1.17203E-4
1.17235E-4 2.73375E-5 2.48865E-5 1.76151E-5 1.24558E-5 1.0519E-5 1.14937E-5 1.29168E-5 3.80197E-5 4.6548E-5 3.88088E-5 2.40322E-5 2.12248E-5 1.62155E-4 9.94398E-6 1.47605E-5 1.6125E-4 1.46743E-4 1.04793E-5 1.45006E-4 1.04665E-4 1.15484E-4 1.3148E-4 1.56622E-4 1.584E-4 1.54243E-4 1.37504E-4 1.45503E-4 1.35126E-4 1.24327E-4 1.17332E-4 1.21522E-4 1.15827E-4 1.15672E-4 1.12657E-4 9.49831E-5 9.90558E-5 1.01291E-4 1.06207E-4 1.06917E-4 1.12208E-4 1.0584E-4 9.87647E-5 9.61438E-5 1.22264E-4 1.24748E-4 1.2213E-4 1.21124E-4 1.05254E-4 1.02143E-4 1.12254E-4 1.2026E-4 1.15764E-4 1.11657E-4 1.04361E-4 1.07164E-4 1.03393E-4 1.11872E-4 1.13483E-4 1.13884E-4 1.1138E-4
4.06105E-5 4.62939E-5 2.72798E-5 3.61339E-5 1.05771E-5 1.06909E-5 1.19527E-5 1.0065E-5 1.14139E-5 1.18878E-5 1.35427E-5 1.13609E-5 9.87645E-6 1.62168E-4 1.54816E-5 2.22467E-5 1.20212E-5 1.55312E-4 1.26652E-5 1.04074E-5 1.30815E-4 1.32698E-4 1.16085E-4 1.4674E-4 1.4674E-4 1.35962E-4 1.5199E-4 1.51179E-4 1.42598E-4 1.24659E-4 1.27935E-4 1.22392E-4 1.19753E-4 1.17332E-4 1.13215E-4 1.00757E-4 1.01403E-4 1.05853E-4 1.16801E-4 1.09686E-4 1.01519E-4 1.0753E-4 1.00733E-4 9.53399E-5 1.19419E-4 1.25108E-4 1.24286E-4 1.20111E-4 1.08154E-4 1.0218E-4 1.03873E-4 1.19254E-4 1.18677E-4 1.17596E-4 1.06019E-4 1.01612E-4 1.00306E-4 1.09516E-4 1.02039E-4 1.06538E-4 1.15905E-4
2.60516E-5 4.55593E-5 1.64269E-5 1.65654E-5 1.463E-5 1.26549E-5 2.14586E-5 4.79908E-5 2.90955E-5 1.62746E-4 1.48115E-4 1.61391E-4 1.7706E-4 1.78128E-4 1.15101E-5 2.02033E-5 1.48289E-5 1.06352E-5 1.03706E-5 1.66307E-4 1.31371E-4 1.16833E-4 1.04499E-4 1.03949E-4 1.13811E-4 1.17064E-4 1.32359E-4 1.51593E-4 1.51448E-4 1.45013E-4 1.27765E-4 1.28723E-4 1.38068E-4 1.20446E-4 1.15001E-4 1.14589E-4 1.00772E-4 1.15519E-4 1.21011E-4 1.11329E-4 1.06374E-4 9.9728E-5 1.10156E-4 1.0277E-4 1.07032E-4 1.35153E-4 1.25672E-4 1.17193E-4 1.15709E-4 1.08382E-4 1.03811E-4 1.21791E-4 1.19623E-4 1.12124E-4 1.13094E-4 1.1433E-4 1.10802E-4 1.11343E-4 1.06275E-4 1.06529E-4 1.11497E-4
5.95812E-5 4.00954E-5 3.99342E-5 1.97265E-5 2.55268E-5 1.46875E-5 1.2638E-5 1.20993E-5 5.40769E-5 3.18896E-5 1.38778E-5 9.35394E-6 1.02114E-5 1.00199E-5 1.63536E-4 1.61581E-4 1.78128E-4 1.75197E-5 1.41003E-5 1.68361E-4 1.01979E-5 1.5686E-4 1.36416E-4 1.23947E-4 1.04447E-4 1.03447E-4 1.05152E-4 1.16592E-4 1.28447E-4 1.35402E-4 1.51633E-4 1.3996E-4 1.45569E-4 1.29596E-4 1.2109E-4 1.1681E-4 1.10119E-4 1.18709E-4 1.196E-4 1.12621E-4 1.13356E-4 1.09843E-4 1.0321E-4 1.0164E-4 1.0285E-4 1.30728E-4 1.20793E-4 1.21892E-4 1.16785E-4 1.02212E-4 1.03679E-4 1.12881E-4 1.17978E-4 1.1183E-4 1.05113E-4 1.06985E-4 1.16481E-4 1.18191E-4 1.20751E-4 1.19235E-4 1.14917E-4
2.12775E-4 2.14253E-4 1.17355E-4 2.31401E-5 3.39232E-5 1.86151E-5 1.12278E-5 1.00315E-5 2.24174E-5 2.95883E-5 1.60897E-5 1.20892E-5 1.00199E-5 9.99606E-6 1.01284E-5 1.63336E-4 1.59425E-4 1.14299E-5 1.4344E-5 1.42426E-5 1.11948E-5 1.0157E-5 1.56279E-4 1.43829E-4 1.4143E-4 1.23885E-4 1.02665E-4 1.04042E-4 1.03807E-4 1.14826E-4 1.33136E-4 1.50325E-4 1.46322E-4 1.46425E-4 1.42262E-4 1.30632E-4 1.1467E-4 1.23129E-4 1.26966E-4 1.23217E-4 1.10593E-4 1.11436E-4 1.10281E-4 1.01328E-4 1.1576E-4 1.32571E-4 1.29366E-4 1.23588E-4 1.1715E-4 1.0888E-4 1.13609E-4 1.26611E-4 1.14116E-4 1.11187E-4 1.04881E-4 1.09234E-4 1.18219E-4 1.0791E-4 1.15812E-4 1.25735E-4 1.24393E-4
7.85136E-5 4.42199E-5 3.62614E-5 6.25368E-5 6.54293E-5 3.99342E-5 1.85341E-5 1.27534E-5 9.59958E-6 1.20612E-5 1.07622E-5 1.80469E-5 1.7976E-5 1.00804E-5 1.64519E-4 1.60204E-4 1.58649E-4 1.57875E-4 1.60594E-4 1.49689E-5 1.69281E-5 1.3498E-5 1.05585E-5 1.60868E-4 1.55307E-4 1.36864E-4 1.3572E-4 1.24442E-4 1.02391E-4 1.0353E-4 1.16961E-4 1.30536E-4 1.45513E-4 1.43313E-4 1.43176E-4 1.4505E-4 1.37382E-4 1.24852E-4 1.20625E-4 1.22772E-4 1.19992E-4 1.0694E-4 1.11526E-4 1.10356E-4 1.19267E-4 1.28793E-4 1.22158E-4 1.22582E-4 1.20941E-4 1.17942E-4 1.14109E-4 1.34428E-4 1.21558E-4 1.1476E-4 1.16881E-4 1.09213E-4 1.17113E-4 1.11797E-4 1.13365E-4 1.13685E-4 1.32523E-4
5.01515E-5 4.93163E-5 6.7345E-5 5.50149E-5 4.76812E-5 5.67843E-5 4.30476E-5 2.9693E-5 1.69983E-5 1.0747E-5 1.11573E-5 9.39837E-6 9.3658E-6 1.64914E-4 9.92479E-6 1.46645E-4 1.6373E-4 1.60204E-4 1.59206E-4 1.56875E-4 1.76856E-4 1.10974E-5 1.33407E-5 9.57341E-6 1.58379E-4 1.02097E-5 1.5462E-4 1.57419E-4 1.36986E-4 1.03254E-4 1.14523E-4 1.13015E-4 1.44064E-4 1.43594E-4 1.22849E-4 1.19558E-4 1.42803E-4 1.37842E-4 1.32977E-4 1.26783E-4 1.2686E-4 1.19203E-4 1.24047E-4 1.18667E-4 1.14526E-4 1.21158E-4 1.31499E-4 1.28251E-4 1.3223E-4 1.27837E-4 1.30941E-4 1.29884E-4 1.24839E-4 1.22644E-4 1.23178E-4 1.15417E-4 1.13842E-4 1.22626E-4 1.1812E-4 1.1387E-4 1.27971E-4
1.64278E-4 5.9835E-5 5.67961E-5 5.11331E-5 4.88116E-5 4.31145E-5 4.10757E-5 3.41151E-5 2.20021E-5 1.65431E-5 1.84706E-5 1.41228E-5 2.36875E-5 2.78642E-5 1.18157E-5 1.47725E-4 1.6077E-4 1.46076E-4 1.44999E-4 1.55717E-4 1.5765E-4 1.31453E-5 1.28183E-5 1.26232E-5 1.06624E-5 1.59487E-4 1.4202E-4 1.63782E-4 1.39076E-4 1.1465E-4 1.13213E-4 1.24759E-4 1.36636E-4 1.12741E-4 1.53414E-4 1.4246E-4 1.41744E-4 1.47912E-4 1.46281E-4 1.33192E-4 1.34464E-4 1.41656E-4 1.30413E-4 1.23736E-4 1.23275E-4 1.17045E-4 1.27272E-4 1.41213E-4 1.37935E-4 1.30857E-4 1.4483E-4 8.16388E-6 1.25337E-4 1.27799E-4 1.37462E-4 1.28251E-4 1.33665E-4 1.28457E-4 1.22134E-4 1.26128E-4 1.20062E-4
3.03471E-4 9.56896E-5 1.4197E-4 8.59656E-5 6.75975E-5 5.60159E-5 5.05422E-5 5.30846E-5 2.81673E-5 3.50623E-5 2.45475E-5 1.62587E-5 1.62492E-5 3.46202E-5 2.47977E-5 1.46645E-4 1.61766E-4 1.00199E-5 1.44999E-4 1.45357E-4 1.54179E-4 1.54179E-4 1.72006E-4 1.69919E-4 1.16834E-5 1.17475E-5 1.57874E-4 9.81899E-6 1.49652E-4 1.33439E-4 1.45345E-4 1.20773E-4 1.25983E-4 1.54009E-4 1.23072E-4 1.52855E-4 1.55852E-4 1.58568E-4 1.57339E-4 1.49659E-4 1.53634E-4 1.4932E-4 1.4842E-4 7.83226E-6 1.27823E-4 1.25604E-4 1.27534E-4 1.29644E-4 1.38573E-4 1.41933E-4 1.63749E-4 8.93524E-6 8.46085E-6 1.34842E-4 1.3843E-4 1.40322E-4 1.47591E-4 1.40971E-4 1.43057E-4 1.25664E-4 1.23032E-4
1.03785E-3 1.90327E-4 6.69888E-5 5.92817E-5 6.48989E-5 4.99293E-5 4.16544E-5 2.78698E-5 2.2244E-5 2.5482E-5 3.4407E-5 3.51011E-5 1.63224E-5 1.65712E-5 2.79194E-5 1.60667E-5 1.39203E-5 1.06266E-5 1.45716E-4 1.42501E-4 1.41207E-4 1.40499E-4 1.39439E-4 1.38385E-4 1.36637E-4 1.6873E-4 1.61502E-4 1.59266E-4 1.08074E-5 1.46125E-4 1.43769E-4 1.35044E-4 1.26308E-4 1.38805E-4 1.31807E-4 1.31574E-4 1.10497E-4 1.20518E-4 1.39426E-4 1.56234E-4 9.68348E-6 8.82456E-6 9.40901E-6 9.30646E-6 8.49393E-6 8.12039E-6 1.27623E-4 1.30017E-4 1.28629E-4 1.293E-4 1.39182E-4 1.74211E-4 1.02633E-5 9.71783E-6 1.46774E-4 1.51691E-4 1.63334E-4 8.69798E-6 1.49721E-4 1.35619E-4 1.43519E-4
3.10387E-4 3.11688E-4 2.45774E-4 9.52133E-5 6.63057E-5 7.43334E-5 4.26266E-5 3.24228E-5 4.23777E-5 5.46105E-5 4.25791E-5 3.70283E-5 1.13225E-5 3.40079E-5 4.00545E-5 1.05766E-5 1.33564E-5 1.16846E-5 1.10855E-5 1.57707E-4 1.40731E-4 1.39087E-4 1.39439E-4 1.4263E-4 1.51508E-4 1.31384E-4 1.20506E-4 1.30706E-4 1.6276E-4 9.8685E-6 1.0252E-5 1.47537E-4 1.43464E-4 1.52855E-4 1.66344E-4 1.49663E-4 1.48434E-4 1.46083E-4 1.31233E-4 1.31574E-4 1.68519E-4 1.00653E-5 1.03933E-5 9.69429E-6 1.04759E-5 1.02876E-5 9.90458E-6 1.30086E-4 1.42145E-4 1.60378E-4 1.6515E-4 1.58565E-4 1.70024E-4 1.13666E-5 9.1595E-6 1.4092E-4 1.48314E-4 1.66088E-4 1.56902E-4 1.43829E-4 1.36011E-4
4.90642E-4 1.13475E-3 3.81718E-4 1.6864E-4 1.00634E-4 7.00538E-5 4.31023E-5 3.78307E-5 3.07377E-5 2.59981E-5 1.72013E-5 1.74093E-5 1.64971E-5 2.18717E-5 4.26997E-5 1.09914E-5 2.49458E-5 2.74423E-5 1.70007E-5 1.36326E-5 1.52973E-4 1.38273E-4 1.29159E-4 1.27207E-4 1.15733E-5 1.33874E-5 1.03274E-5 1.28032E-4 1.17638E-4 1.44061E-4 1.5754E-4 1.57024E-4 1.6592E-4 1.10317E-5 1.09261E-5 9.69041E-6 1.67154E-4 1.60333E-4 1.6176E-4 1.49009E-4 1.52198E-4 1.58654E-4 1.10625E-5 1.17141E-5 1.15215E-5 1.08058E-5 1.08915E-5 1.3609E-4 1.43447E-4 1.38835E-4 1.63201E-4 1.17536E-5 1.57586E-4 1.09748E-5 1.19819E-5 1.59562E-4 9.04646E-6 1.62226E-4 1.54532E-4 9.18265E-6 1.58222E-4
1.14163E-3 1.48914E-3 1.41585E-3 5.03124E-4 4.46376E-4 2.33316E-4 8.96805E-5 7.47137E-5 4.17021E-5 3.54795E-5 2.71842E-5 1.97311E-5 1.50846E-5 1.11573E-5 1.26959E-5 9.58017E-6 1.65027E-5 2.0687E-5 3.03734E-5 2.22426E-5 1.2407E-5 1.40731E-4 1.51612E-4 1.37576E-4 1.37576E-4 1.66271E-4 1.27372E-5 1.1545E-5 1.46201E-4 1.24205E-4 1.19566E-4 1.33002E-4 1.46557E-4 1.60881E-4 1.6225E-4 1.76542E-4 1.23893E-5 1.20355E-5 1.17782E-5 1.56617E-4 1.51455E-4 1.52083E-4 1.7922E-4 1.49136E-5 1.29938E-5 1.26705E-5 1.28579E-5 1.19504E-5 8.5599E-6 1.58762E-4 1.50819E-4 1.06404E-5 1.63954E-4 1.19683E-5 1.726E-5 1.01992E-5 1.59883E-4 1.46877E-5 1.14838E-5 1.5717E-4 9.59183E-6
2.1837E-3 1.93823E-3 1.69911E-3 1.23945E-3 1.01786E-3 9.00428E-4 3.02964E-4 3.37649E-4 1.56219E-4 6.09198E-5 4.62894E-5 2.85672E-5 2.15403E-5 1.85874E-5 9.95283E-6 1.55961E-4 1.54105E-4 1.05517E-5 2.41581E-5 2.45688E-5 1.53571E-4 1.56171E-4 1.29976E-5 1.35149E-4 1.49359E-4 1.46871E-4 1.52604E-4 1.49183E-4 9.49919E-6 1.46955E-4 1.21206E-4 1.33694E-4 1.45054E-4 1.45522E-4 1.6211E-4 1.14616E-5 1.19206E-5 1.06876E-5 1.23009E-5 1.1039E-5 1.62486E-4 1.36421E-4 1.08706E-5 1.73651E-5 1.57417E-5 1.4399E-5 1.46601E-5 2.02965E-5 1.93772E-5 1.17557E-5 1.57769E-4 1.6716E-4 1.5132E-5 1.68645E-5 1.85966E-5 1.60042E-5 1.7647E-4 1.79698E-5 1.92822E-5 1.67795E-5 1.06775E-5
5.74783E-4 6.94534E-4 1.24913E-3 1.02121E-3 4.98664E-4 1.16067E-3 9.28689E-4 6.91462E-4 2.46786E-4 2.22428E-4 1.66826E-4 1.03078E-4 6.43053E-5 2.77425E-5 1.76815E-5 1.26477E-5 1.04743E-5 9.32126E-6 2.78815E-5 2.3114E-5 1.80883E-5 1.5698E-4 1.04289E-5 1.3723E-4 1.63832E-4 1.26165E-5 1.3132E-5 1.06406E-5 1.33806E-4 1.41982E-4 1.30937E-4 1.34472E-4 1.44769E-4 1.46277E-4 1.45899E-4 1.59774E-4 1.62797E-4 1.74288E-4 1.07479E-5 1.45348E-5 1.67884E-5 1.25533E-5 1.59281E-4 1.54333E-5 2.28442E-5 2.27557E-5 1.8341E-5 2.30223E-5 2.64863E-5 2.51273E-5 1.48197E-5 1.77913E-4 1.74121E-4 1.67718E-5 1.21006E-5 1.96823E-4 1.91753E-4 1.68545E-4 1.30967E-5 1.99773E-5 1.8182E-5
2.36696E-3 2.48409E-3 1.05961E-3 6.76261E-4 5.1379E-4 4.29143E-4 4.88224E-4 7.93297E-4 7.05671E-4 4.2553E-4 2.55512E-4 2.33929E-4 1.37278E-4 1.44525E-4 4.43054E-5 1.77203E-5 1.35326E-5 9.58433E-6 1.99146E-5 1.96484E-5 2.96034E-5 1.41839E-5 1.46024E-5 1.35962E-4 1.46137E-4 1.11936E-5 1.59047E-5 1.43937E-5 1.34594E-4 1.30286E-4 1.31352E-4 1.32387E-4 1.34123E-4 1.45522E-4 1.46655E-4 1.08975E-5 1.21001E-5 1.42656E-5 1.45772E-5 1.33048E-5 1.52501E-5 1.11307E-5 1.54148E-5 1.08273E-5 1.64299E-5 1.64071E-5 1.15555E-5 1.38884E-5 1.78343E-5 2.47665E-5 3.09054E-5 2.67027E-5 1.33093E-5 1.94911E-4 2.45473E-5 1.61983E-5 1.22394E-5 1.29908E-5 1.72798E-4 1.80031E-4 1.87277E-4
8.29761E-4 1.94801E-3 2.195E-3 5.09719E-4 2.17589E-4 2.80152E-4 7.21114E-4 4.33401E-4 6.01726E-4 5.07497E-4 3.3329E-4 3.22042E-4 2.85278E-4 1.60626E-4 5.01749E-5 3.0402E-5 1.87215E-5 1.18886E-5 1.62746E-4 1.60812E-4 1.94841E-5 2.23309E-5 1.36008E-5 1.456E-4 1.12224E-5 1.4202E-4 1.17956E-5 1.30078E-5 1.43049E-4 1.3895E-4 1.47362E-4 1.47313E-4 1.35958E-4 1.44479E-4 1.43352E-4 1.43727E-4 1.45233E-4 1.76039E-4 1.97459E-4 1.64959E-5 1.95991E-4 1.11096E-5 1.66168E-5 2.62584E-5 1.79304E-5 1.31393E-5 1.84751E-4 1.77983E-4 1.93985E-4 1.20315E-5 2.00547E-4 1.69469E-5 1.23655E-5 1.89613E-4 2.65355E-5 3.67387E-5 2.8648E-5 3.06442E-5 2.09651E-5 1.79133E-5 1.19272E-5
1.12985E-4 2.78055E-4 1.72689E-3 3.20127E-4 9.89847E-5 9.69269E-5 6.70793E-5 6.66476E-5 1.93488E-4 2.80845E-4 3.03107E-4 3.04664E-4 3.26944E-4 1.92941E-4 1.49794E-4 1.24626E-4 4.141E-5 1.54297E-5 1.46746E-5 9.99859E-6 9.96337E-6 2.1153E-5 2.30641E-5 1.12092E-5 1.18539E-5 1.29913E-5 1.47032E-4 1.1216E-5 8.64785E-6 1.33336E-4 1.66354E-4 1.52782E-4 1.77826E-4 1.72252E-4 1.03296E-5 1.68373E-4 1.55111E-4 1.45145E-4 1.46369E-4 1.59997E-4 1.92104E-4 1.74872E-4 1.76486E-4 1.68548E-5 3.15387E-5 1.66524E-5 2.16109E-5 3.05793E-5 1.83035E-5 1.11082E-5 1.20325E-5 2.96513E-5 3.30029E-5 1.74475E-5 2.42858E-5 4.72225E-5 4.17786E-5 3.00999E-5 4.22543E-5 3.78908E-5 2.03248E-5
1.0924E-3 7.99102E-5 5.22279E-4 2.16814E-4 5.11436E-4 1.04424E-3 4.36659E-4 8.58809E-5 2.69785E-5 3.72731E-5 5.28415E-5 2.50419E-4 2.87602E-4 2.49564E-4 2.16896E-4 1.67202E-4 5.91207E-5 3.45049E-5 1.84486E-5 1.31787E-5 9.86612E-6 1.41643E-5 2.37463E-5 1.63258E-5 1.05563E-5 1.29269E-5 8.98308E-6 1.26715E-5 1.33853E-4 1.35594E-4 1.38794E-4 1.55245E-4 1.64007E-5 1.55559E-5 1.37786E-5 1.43206E-5 1.01138E-5 1.84047E-4 1.11264E-5 1.7297E-4 1.58771E-5 2.30375E-5 2.76963E-5 1.17374E-5 2.19208E-5 1.93156E-5 4.02704E-5 3.48973E-5 5.30461E-5 3.91202E-5 4.51323E-5 3.09635E-5 2.09842E-5 1.47658E-5 1.42076E-5 1.94015E-5 1.46983E-5 2.02009E-4 1.51831E-5 3.56003E-5 3.62695E-5
1.65496E-3 1.26127E-4 5.30712E-5 8.91391E-5 7.84416E-5 3.05733E-4 1.32849E-3 4.15796E-4 3.23101E-5 9.57475E-5 3.62682E-5 4.00415E-5 4.34141E-5 1.62728E-4 2.2553E-4 1.79953E-4 1.25349E-4 9.77073E-5 2.93758E-5 1.60603E-5 1.47476E-5 1.37291E-5 2.18992E-5 1.70562E-5 1.38292E-5 1.02689E-5 1.0654E-5 1.26248E-5 8.23551E-6 1.37988E-4 1.41046E-4 1.68636E-4 1.71445E-5 1.92252E-5 1.81141E-5 2.68888E-5 2.53667E-5 2.22305E-5 1.66761E-5 1.16256E-5 1.51144E-5 1.61078E-5 1.23791E-5 1.36361E-5 4.4588E-5 5.90469E-5 7.18468E-5 4.06261E-5 4.36888E-5 7.45164E-5 8.75088E-5 6.48707E-5 1.88966E-5 1.3944E-5 3.52144E-5 6.34946E-5 4.62215E-5 2.67279E-5 1.55314E-5 1.32434E-5 1.18588E-5
2.10231E-3 1.2198E-3 3.29439E-4 2.06498E-4 1.68201E-4 1.23465E-4 8.09586E-4 2.94528E-4 4.99972E-5 4.95927E-5 3.27083E-4 1.44979E-4 6.5253E-5 2.46674E-5 1.7423E-4 1.91126E-4 1.5617E-4 9.23817E-5 3.59342E-5 2.10617E-5 1.56126E-5 1.24453E-5 2.3161E-5 2.72063E-5 2.79515E-5 1.32359E-5 1.45806E-5 1.23671E-5 1.34393E-4 1.39409E-4 1.40944E-4 1.67792E-4 1.70415E-5 1.38713E-5 1.58929E-5 2.55398E-5 2.63645E-5 3.14789E-5 1.87652E-5 2.53825E-5 2.06579E-5 1.75587E-5 1.53672E-5 1.82904E-5 1.6202E-5 2.76049E-5 9.5725E-5 4.19739E-5 1.54922E-5 1.73256E-5 2.27617E-5 3.25293E-5 6.30339E-5 2.57897E-5 2.72893E-5 5.28257E-5 9.65966E-5 9.0846E-5 6.10905E-5 6.88332E-5 2.28326E-5
2.73238E-3 2.82747E-3 1.50278E-3 1.13964E-3 9.69938E-4 4.44069E-4 2.57967E-4 6.19707E-4 4.10637E-4 1.25751E-4 1.33953E-4 6.23885E-4 2.3715E-4 4.40067E-5 4.6879E-5 2.54525E-4 1.86199E-4 1.32109E-4 4.65337E-5 4.23472E-5 2.70047E-5 1.4424E-5 1.2161E-5 2.58268E-5 2.92225E-5 1.98763E-5 2.26729E-5 1.42856E-5 8.13998E-6 9.58905E-5 1.17234E-4 1.40378E-5 1.46101E-5 1.1069E-5 1.21694E-5 1.30259E-5 2.60833E-5 4.62993E-5 5.63315E-5 5.97236E-5 3.00209E-5 1.87803E-5 1.63569E-5 6.7615E-5 8.87209E-5 7.48746E-5 1.22387E-4 6.1506E-5 5.5093E-5 4.9716E-5 8.67751E-5 2.98366E-5 1.63475E-5 2.0875E-5 1.96353E-5 1.89016E-5 2.35211E-5 2.87034E-5 5.23504E-5 9.45714E-5 3.35397E-5
3.21959E-3 1.95635E-3 1.29237E-3 1.78916E-3 1.15866E-3 1.71633E-3 9.52528E-4 6.36083E-4 1.47763E-4 1.30147E-4 3.34685E-4 4.79991E-4 2.10153E-4 3.44677E-5 7.39833E-5 4.43454E-5 1.66576E-4 1.5483E-4 8.59012E-5 4.7896E-5 7.50421E-5 2.01441E-5 1.2125E-5 1.97409E-5 3.09317E-5 2.74233E-5 2.5633E-5 1.35442E-5 8.73743E-6 1.45078E-4 1.48073E-5 2.81809E-5 3.01317E-5 2.63253E-5 2.26401E-5 2.43453E-5 1.46156E-5 1.92016E-5 1.79864E-5 2.90993E-5 2.18559E-5 2.92226E-5 1.93518E-5 3.45553E-5 1.64607E-4 1.40456E-4 7.54073E-5 1.03328E-4 1.94373E-4 1.81868E-4 1.57552E-4 1.38294E-4 1.23887E-4 8.9667E-5 8.66596E-5 9.08121E-5 8.1411E-5 6.77383E-5 2.62335E-5 2.42994E-5 1.84589E-5
