Artocarpus hirsutus SDM files/MIS19/results (without bias file)/Arthir_7.asc
ncols         625
nrows         721
xllcorner     69.99986311115
yllcorner     5.99986187915
cellsize      0.041666667
NODATA_value  -9999
[rows 135 to 161 of 721, columns 427 to 487 of 625]
1.62371E-4 1.79596E-4 1.93814E-4 1.92196E-4 1.75657E-4 1.76099E-4 1.89156E-4 1.84011E-4 1.9658E-4 2.05337E-4 2.0909E-4 2.27281E-4 2.09269E-4 2.00119E-4 2.17551E-4 2.19409E-4 2.16852E-4 1.79044E-4 1.87887E-4 2.30897E-4 2.46066E-4 2.69554E-4 2.37735E-4 2.40562E-4 2.2939E-4 2.39013E-4 2.17338E-4 2.38314E-4 2.57569E-4 2.5684E-4 2.6194E-4 2.9094E-4 2.9398E-4 2.7804E-4 2.7406E-4 2.7406E-4 3.01747E-4 3.0518E-4 3.19914E-4 3.082E-4 2.95536E-4 2.8974E-4 2.89392E-4 3.18157E-4 3.15051E-4 2.77577E-4 2.85337E-4 3.01705E-4 2.33454E-4 2.38835E-4 2.93408E-4 3.3555E-4 2.79521E-4 2.34955E-4 2.30486E-4 2.98E-4 4.00437E-4 2.85773E-4 3.97245E-4 3.81795E-4 3.4814E-4
1.67949E-4 1.76394E-4 1.8859E-4 1.79912E-4 1.86613E-4 1.95575E-4 2.00758E-4 1.99683E-4 2.05444E-4 2.33775E-4 2.35229E-4 2.47767E-4 2.39756E-4 2.02615E-4 2.0416E-4 2.15779E-4 1.84369E-4 1.57925E-4 2.72173E-4 2.81916E-4 2.70676E-4 2.47285E-4 2.46929E-4 2.50071E-4 2.33809E-4 2.66817E-4 2.3661E-4 2.6976E-4 2.60741E-4 2.52576E-4 2.55636E-4 2.642E-4 2.94201E-4 2.81589E-4 2.741E-4 2.837E-4 2.99313E-4 3.01998E-4 2.98415E-4 2.89731E-4 2.94682E-4 2.89487E-4 3.11318E-4 3.12604E-4 3.1777E-4 3.19263E-4 3.22318E-4 3.13059E-4 3.39964E-4 3.3779E-4 3.15997E-4 3.16605E-4 3.26854E-4 3.30433E-4 3.57471E-4 3.5115E-4 3.70781E-4 3.56302E-4 3.84819E-4 3.50658E-4 3.34906E-4
1.76553E-4 1.66354E-4 1.75837E-4 1.77655E-4 1.83231E-4 2.04711E-4 2.11305E-4 2.05579E-4 1.93744E-4 1.88531E-4 2.24268E-4 2.31473E-4 2.23244E-4 2.10434E-4 2.09546E-4 2.05831E-4 2.13618E-4 1.48038E-4 2.22205E-4 2.84878E-4 2.55101E-4 2.63871E-4 2.50066E-4 2.3108E-4 2.3617E-4 2.63047E-4 2.63496E-4 2.62661E-4 2.72145E-4 2.62463E-4 2.62203E-4 2.74672E-4 2.82187E-4 2.61309E-4 2.74571E-4 2.84341E-4 2.98174E-4 3.15214E-4 3.13558E-4 2.82363E-4 2.91453E-4 2.90056E-4 3.13038E-4 2.94165E-4 3.16599E-4 3.23243E-4 3.06602E-4 3.04694E-4 3.05598E-4 3.15004E-4 3.4107E-4 3.43527E-4 3.16849E-4 3.5127E-4 3.37089E-4 3.83894E-4 3.68085E-4 3.55167E-4 3.74834E-4 3.29078E-4 2.8947E-4
1.86205E-4 2.00244E-4 1.82569E-4 1.8283E-4 2.08361E-4 2.01198E-4 2.05688E-4 1.8992E-4 2.36873E-4 2.23641E-4 2.37814E-4 2.23E-4 2.11371E-4 2.02234E-4 2.00126E-4 2.09541E-4 2.2663E-4 2.15229E-4 1.85285E-4 2.77726E-4 2.8689E-4 2.62741E-4 2.41982E-4 2.5578E-4 2.51549E-4 2.4694E-4 2.5263E-4 2.52484E-4 2.79846E-4 2.64582E-4 2.46979E-4 2.68329E-4 2.64546E-4 2.63661E-4 2.84419E-4 2.74552E-4 2.83387E-4 2.90958E-4 2.89094E-4 2.75253E-4 2.7237E-4 2.85332E-4 2.89356E-4 3.10106E-4 3.1292E-4 2.97904E-4 2.99375E-4 2.96908E-4 2.9725E-4 3.01728E-4 3.0969E-4 3.05436E-4 2.75023E-4 3.16151E-4 3.52977E-4 3.89484E-4 3.92832E-4 3.55145E-4 3.22029E-4 2.99311E-4 3.06647E-4
1.8579E-4 2.00498E-4 2.03954E-4 1.8638E-4 1.98828E-4 2.11728E-4 2.05824E-4 2.03565E-4 2.30221E-4 2.26596E-4 2.06357E-4 2.06434E-4 2.08433E-4 2.03174E-4 1.99932E-4 2.03818E-4 2.26671E-4 2.42609E-4 1.80189E-4 2.11349E-4 2.65331E-4 2.47834E-4 2.49298E-4 2.60396E-4 2.51316E-4 2.55106E-4 2.42291E-4 2.55832E-4 2.6834E-4 2.59887E-4 2.81957E-4 2.78956E-4 3.04538E-4 3.18946E-4 3.04422E-4 2.96599E-4 3.17063E-4 2.93117E-4 2.87886E-4 2.87642E-4 2.81615E-4 2.90192E-4 3.04854E-4 3.01151E-4 2.93623E-4 3.11528E-4 2.9881E-4 3.10463E-4 3.0913E-4 3.26764E-4 3.20354E-4 2.75713E-4 3.15316E-4 3.54376E-4 3.86714E-4 4.02505E-4 3.59786E-4 3.51385E-4 3.19207E-4 2.8495E-4 2.6712E-4
2.14979E-4 1.86419E-4 2.0194E-4 1.97686E-4 2.09972E-4 1.94713E-4 2.08543E-4 2.15892E-4 2.26203E-4 2.1368E-4 2.20149E-4 2.11994E-4 2.20813E-4 2.01801E-4 2.20687E-4 2.2754E-4 2.43377E-4 2.35768E-4 1.72173E-4 2.58625E-4 2.43949E-4 2.48103E-4 2.63363E-4 2.60662E-4 2.78019E-4 2.5813E-4 2.69553E-4 2.7568E-4 2.64348E-4 2.72145E-4 2.7609E-4 2.63165E-4 2.94929E-4 2.97159E-4 2.93037E-4 3.08674E-4 3.33527E-4 3.04136E-4 3.19684E-4 2.90186E-4 2.81423E-4 2.99102E-4 3.14672E-4 3.29653E-4 3.32919E-4 2.99161E-4 2.74089E-4 2.92264E-4 3.02593E-4 3.25168E-4 2.84272E-4 2.83638E-4 3.2182E-4 3.872E-4 4.15227E-4 3.82234E-4 3.4604E-4 3.13357E-4 2.6921E-4 2.734E-4 2.72039E-4
1.95401E-4 1.87457E-4 1.84728E-4 1.78484E-4 1.9401E-4 1.95302E-4 2.18538E-4 2.23934E-4 2.11786E-4 2.13658E-4 2.15215E-4 2.11614E-4 2.25284E-4 2.27955E-4 2.56941E-4 2.7916E-4 2.70504E-4 2.55689E-4 2.35378E-4 2.21766E-4 2.49576E-4 2.58241E-4 2.93896E-4 2.79905E-4 2.919E-4 2.94006E-4 2.75938E-4 2.92426E-4 2.84636E-4 2.9289E-4 2.76774E-4 3.07393E-4 2.98961E-4 3.16978E-4 3.18223E-4 3.32709E-4 2.71553E-4 3.36313E-4 3.13062E-4 2.76307E-4 2.56501E-4 2.85723E-4 2.88503E-4 2.94965E-4 3.12279E-4 2.69206E-4 2.64963E-4 2.97551E-4 2.94601E-4 2.86797E-4 2.79908E-4 3.32525E-4 3.51231E-4 4.05298E-4 3.98109E-4 3.63568E-4 3.19148E-4 2.68121E-4 2.608E-4 2.72061E-4 2.79587E-4
1.84221E-4 1.97885E-4 1.84594E-4 1.84969E-4 1.94713E-4 2.02645E-4 2.24107E-4 2.01449E-4 2.01072E-4 2.15057E-4 2.1939E-4 2.17499E-4 2.28335E-4 2.2637E-4 2.65015E-4 2.74534E-4 2.39291E-4 2.26169E-4 2.1196E-4 2.53571E-4 2.64174E-4 2.64588E-4 2.88236E-4 2.97673E-4 2.77228E-4 3.10076E-4 2.77873E-4 2.97197E-4 2.91055E-4 2.86893E-4 2.90857E-4 3.03957E-4 3.19376E-4 2.8419E-4 2.99369E-4 3.11617E-4 2.93177E-4 3.16753E-4 3.16568E-4 2.81917E-4 2.79208E-4 2.91952E-4 3.29109E-4 3.50147E-4 2.68309E-4 2.72839E-4 2.87773E-4 2.99203E-4 3.15634E-4 2.96487E-4 3.30707E-4 3.45812E-4 3.60619E-4 4.01299E-4 3.62907E-4 3.37458E-4 2.94585E-4 2.52655E-4 2.5661E-4 2.52825E-4 2.84396E-4
1.69473E-4 1.78545E-4 1.79035E-4 1.7521E-4 1.80033E-4 1.94965E-4 2.1305E-4 2.03476E-4 2.27955E-4 2.29763E-4 2.13402E-4 2.36528E-4 2.09426E-4 2.23152E-4 2.61299E-4 2.34941E-4 2.05541E-4 2.26007E-4 2.28705E-4 2.69203E-4 2.72641E-4 2.48981E-4 3.01245E-4 3.0834E-4 3.15621E-4 3.12482E-4 3.13336E-4 2.96928E-4 2.90823E-4 2.85309E-4 2.97752E-4 3.15028E-4 3.24961E-4 2.924E-4 2.93308E-4 2.97439E-4 2.76652E-4 3.08633E-4 2.67152E-4 2.50843E-4 2.72116E-4 2.85278E-4 3.32745E-4 2.94474E-4 2.82261E-4 3.11154E-4 2.8822E-4 3.27531E-4 3.30607E-4 3.26092E-4 3.39468E-4 3.39468E-4 3.74571E-4 3.66661E-4 3.28864E-4 2.78984E-4 2.56135E-4 2.68222E-4 2.55373E-4 2.65786E-4 3.24336E-4
1.77643E-4 1.71479E-4 1.71247E-4 1.60385E-4 1.70344E-4 1.97417E-4 1.9983E-4 2.15747E-4 2.35446E-4 2.2506E-4 2.17306E-4 2.10136E-4 2.18594E-4 2.48265E-4 2.72677E-4 2.48815E-4 2.43973E-4 2.62211E-4 2.47445E-4 2.74917E-4 2.48082E-4 2.72742E-4 2.91214E-4 2.59307E-4 2.86653E-4 2.99566E-4 2.8902E-4 2.92336E-4 2.95861E-4 3.0075E-4 2.90692E-4 3.29433E-4 3.00448E-4 2.81029E-4 2.78859E-4 2.63933E-4 3.08513E-4 2.7446E-4 2.68213E-4 2.63661E-4 3.19703E-4 3.44282E-4 3.62018E-4 3.30427E-4 3.20885E-4 3.21417E-4 3.10758E-4 3.55403E-4 3.56303E-4 3.53844E-4 3.41343E-4 3.34181E-4 3.45911E-4 3.4675E-4 2.94039E-4 2.48429E-4 2.58454E-4 2.46904E-4 2.26906E-4 3.14179E-4 3.45576E-4
1.87456E-4 1.74756E-4 1.71287E-4 1.78741E-4 1.97289E-4 2.27342E-4 2.35228E-4 2.32616E-4 2.37184E-4 2.34582E-4 2.3519E-4 2.05256E-4 2.34673E-4 2.36099E-4 2.56611E-4 2.38801E-4 2.45053E-4 2.49609E-4 2.42679E-4 2.6296E-4 2.69727E-4 2.86879E-4 2.82679E-4 2.80633E-4 2.89956E-4 2.84165E-4 2.6582E-4 2.67182E-4 2.95681E-4 3.072E-4 2.78812E-4 3.25799E-4 3.3034E-4 2.87509E-4 2.86579E-4 2.74983E-4 2.73407E-4 2.65256E-4 2.72336E-4 2.97673E-4 3.51233E-4 3.64093E-4 3.31508E-4 3.27149E-4 3.37746E-4 3.33846E-4 3.39767E-4 3.59571E-4 3.65157E-4 3.48292E-4 3.48299E-4 3.36756E-4 3.23414E-4 2.99339E-4 2.69205E-4 2.43494E-4 2.65291E-4 2.65681E-4 3.05602E-4 2.91967E-4 2.18884E-4
1.78014E-4 2.13283E-4 1.93219E-4 2.13213E-4 2.33898E-4 2.48677E-4 2.13372E-4 2.40317E-4 2.40034E-4 2.41183E-4 2.21735E-4 2.30157E-4 2.44706E-4 2.45414E-4 2.36437E-4 2.52729E-4 2.46442E-4 2.32761E-4 2.2756E-4 2.53726E-4 2.51613E-4 2.54119E-4 2.69282E-4 2.65293E-4 2.88087E-4 2.85581E-4 2.99677E-4 3.01868E-4 3.05369E-4 3.24415E-4 3.49049E-4 3.63499E-4 3.22177E-4 3.17736E-4 3.08056E-4 2.87016E-4 2.87413E-4 3.17423E-4 3.38864E-4 3.88917E-4 3.73234E-4 3.01978E-4 2.93982E-4 2.79833E-4 2.7274E-4 3.20616E-4 3.25231E-4 3.34407E-4 3.21416E-4 3.13612E-4 3.16006E-4 3.13499E-4 3.24901E-4 2.99168E-4 2.626E-4 2.70159E-4 3.14081E-4 3.25838E-4 3.3046E-4 3.47862E-4 2.85631E-4
2.2406E-4 2.2402E-4 2.34836E-4 2.35604E-4 2.3118E-4 2.50688E-4 2.41249E-4 2.43586E-4 2.40424E-4 2.39675E-4 2.4118E-4 2.29111E-4 2.51367E-4 1.86624E-4 1.84721E-4 2.42127E-4 2.42072E-4 2.3186E-4 2.4303E-4 2.62293E-4 2.58517E-4 2.94446E-4 2.98647E-4 2.93434E-4 2.96667E-4 2.92335E-4 3.02203E-4 3.11771E-4 3.47782E-4 3.54023E-4 3.54258E-4 2.18345E-4 3.62713E-4 3.69466E-4 3.14951E-4 2.79419E-4 2.8449E-4 3.22455E-4 3.71237E-4 3.35467E-4 2.92591E-4 2.96981E-4 2.80385E-4 2.67826E-4 2.85703E-4 2.92222E-4 3.09124E-4 3.14497E-4 3.00455E-4 2.9165E-4 2.89009E-4 2.91892E-4 2.87818E-4 2.79536E-4 2.94743E-4 3.24869E-4 3.41965E-4 3.19626E-4 3.12451E-4 3.16524E-4 2.5402E-4
1.95113E-4 1.99689E-4 2.11461E-4 2.2362E-4 2.31399E-4 2.49964E-4 2.32908E-4 2.30926E-4 2.11764E-4 2.03519E-4 2.39672E-4 2.35536E-4 1.98333E-4 1.47338E-4 2.0995E-4 2.59532E-4 2.49619E-4 2.33148E-4 2.92941E-4 3.06146E-4 3.0421E-4 3.00301E-4 2.63996E-4 2.77348E-4 2.52008E-4 2.78581E-4 2.98916E-4 3.11987E-4 3.19628E-4 3.27572E-4 3.5647E-4 3.13852E-4 3.453E-4 3.73898E-4 3.60581E-4 3.29968E-4 3.21975E-4 3.55715E-4 4.05512E-4 3.43579E-4 2.92646E-4 2.86799E-4 2.79294E-4 2.77873E-4 2.9088E-4 2.96481E-4 3.17731E-4 2.95113E-4 2.9167E-4 2.99939E-4 3.08934E-4 3.14763E-4 2.74764E-4 3.11734E-4 3.99581E-4 4.23989E-4 3.49529E-4 3.19574E-4 2.93729E-4 2.84881E-4 2.55177E-4
2.03043E-4 1.76668E-4 1.86827E-4 2.03036E-4 2.31198E-4 2.40431E-4 2.33026E-4 2.10516E-4 1.99948E-4 2.24887E-4 2.49759E-4 2.2199E-4 1.63093E-4 1.75695E-4 2.46338E-4 2.53598E-4 2.36574E-4 2.84045E-4 3.34813E-4 2.99099E-4 2.91374E-4 2.53703E-4 2.46737E-4 2.6941E-4 2.83515E-4 3.16355E-4 3.04699E-4 3.09148E-4 3.06651E-4 3.3497E-4 3.20539E-4 3.13868E-4 3.3538E-4 2.98013E-4 3.55771E-4 3.45358E-4 2.9408E-4 3.35712E-4 3.74408E-4 3.49255E-4 3.17902E-4 2.7284E-4 2.8231E-4 3.00265E-4 3.13793E-4 3.29637E-4 3.30842E-4 2.93531E-4 3.2415E-4 3.00092E-4 3.05382E-4 3.14573E-4 3.28274E-4 3.86936E-4 4.6787E-4 3.60638E-4 3.01623E-4 3.27202E-4 2.84587E-4 2.94587E-4 3.00877E-4
1.83911E-4 1.86455E-4 1.83314E-4 2.13031E-4 2.37518E-4 2.1631E-4 2.06295E-4 1.90061E-4 2.23107E-4 2.53838E-4 2.28251E-4 1.83333E-4 1.74391E-4 2.25539E-4 2.75864E-4 2.54985E-4 2.45313E-4 3.2024E-4 2.93356E-4 2.6905E-4 2.49413E-4 2.4867E-4 2.82772E-4 3.19641E-4 3.46787E-4 3.06329E-4 2.94066E-4 2.76204E-4 2.92235E-4 2.77452E-4 2.75925E-4 3.0208E-4 2.95829E-4 3.38092E-4 3.91638E-4 3.79502E-4 3.77846E-4 3.33178E-4 3.94362E-4 3.26239E-4 2.9715E-4 3.06359E-4 3.27039E-4 3.42147E-4 3.49062E-4 3.4734E-4 3.31629E-4 3.36054E-4 3.59126E-4 3.57198E-4 3.76635E-4 3.54467E-4 3.60072E-4 4.3415E-4 3.91381E-4 3.17471E-4 3.25366E-4 3.19393E-4 3.15286E-4 3.1088E-4 3.35151E-4
1.82565E-4 2.03008E-4 2.24267E-4 2.48345E-4 2.35844E-4 2.22104E-4 2.29892E-4 2.1982E-4 2.51852E-4 2.40642E-4 1.99477E-4 1.83747E-4 2.06307E-4 2.78213E-4 2.92723E-4 2.95557E-4 3.04851E-4 3.1902E-4 2.83234E-4 2.61496E-4 2.6906E-4 3.26693E-4 3.39947E-4 3.41575E-4 3.17649E-4 2.76297E-4 2.59722E-4 2.84807E-4 2.96296E-4 2.72623E-4 3.08289E-4 3.70325E-4 3.94851E-4 3.46978E-4 3.87366E-4 4.10589E-4 3.59636E-4 4.02071E-4 4.19193E-4 3.8875E-4 3.67855E-4 3.35391E-4 3.23989E-4 3.85028E-4 3.50513E-4 3.8175E-4 4.20083E-4 4.26156E-4 4.34844E-4 4.13905E-4 3.97377E-4 3.97307E-4 4.23441E-4 4.42739E-4 3.09952E-4 3.11963E-4 3.76222E-4 3.13598E-4 3.63097E-4 3.09403E-4 2.81728E-4
2.17033E-4 2.30901E-4 2.30123E-4 2.15364E-4 2.15732E-4 2.18137E-4 2.32485E-4 2.30772E-4 2.33981E-4 1.98664E-4 2.0752E-4 2.08592E-4 2.67753E-4 2.95026E-4 3.05034E-4 3.20425E-4 2.91822E-4 2.96655E-4 3.04001E-4 2.96622E-4 3.50376E-4 3.60645E-4 3.54869E-4 2.91245E-4 2.74569E-4 2.50996E-4 3.00224E-4 3.33408E-4 2.86537E-4 3.40245E-4 3.87011E-4 4.54074E-4 4.27394E-4 4.07849E-4 4.24325E-4 3.84704E-4 3.6489E-4 3.50562E-4 3.66238E-4 3.8957E-4 3.81585E-4 3.31222E-4 3.58807E-4 4.05753E-4 4.02167E-4 4.53022E-4 4.6072E-4 4.28132E-4 3.84004E-4 4.13837E-4 3.60136E-4 3.89178E-4 4.65015E-4 3.54902E-4 3.01296E-4 3.71406E-4 3.61926E-4 4.1012E-4 3.57465E-4 3.05463E-4 3.36052E-4
2.05284E-4 1.89889E-4 1.93551E-4 1.89041E-4 1.9951E-4 1.86751E-4 1.73627E-4 1.98715E-4 2.0915E-4 2.21211E-4 2.67864E-4 2.93386E-4 2.82381E-4 3.17048E-4 2.89173E-4 2.7643E-4 2.71969E-4 2.74004E-4 2.49417E-4 3.42752E-4 3.86163E-4 3.39403E-4 3.23901E-4 2.6579E-4 2.84396E-4 3.07148E-4 3.20078E-4 3.3634E-4 4.0223E-4 3.95209E-4 4.41943E-4 4.42998E-4 3.85199E-4 3.83325E-4 3.59139E-4 3.7526E-4 3.6679E-4 3.04497E-4 3.45574E-4 2.83361E-4 3.29702E-4 3.80612E-4 4.07675E-4 4.50058E-4 4.3123E-4 4.89106E-4 4.37372E-4 3.84377E-4 3.91956E-4 3.81649E-4 3.48561E-4 3.92001E-4 3.9217E-4 3.07779E-4 3.88269E-4 4.34594E-4 4.46006E-4 4.24341E-4 2.90978E-4 2.98466E-4 3.6881E-4
1.74995E-4 1.74772E-4 1.67886E-4 1.89671E-4 1.86716E-4 1.7927E-4 1.81441E-4 2.37364E-4 2.21882E-4 2.64011E-4 2.84078E-4 3.18812E-4 2.51449E-4 3.0656E-4 2.79207E-4 2.41688E-4 2.24308E-4 2.56984E-4 3.07373E-4 3.7761E-4 3.65145E-4 3.259E-4 3.00026E-4 2.74987E-4 2.71448E-4 2.73089E-4 2.79446E-4 3.00734E-4 3.63926E-4 4.06695E-4 4.40762E-4 4.5615E-4 4.00512E-4 3.64669E-4 3.11815E-4 3.13196E-4 3.0271E-4 2.88989E-4 2.8253E-4 2.96819E-4 3.35416E-4 3.81589E-4 3.88127E-4 3.30118E-4 4.48976E-4 4.29413E-4 3.53002E-4 3.26803E-4 3.53812E-4 3.51464E-4 2.95389E-4 3.61304E-4 3.87959E-4 3.84907E-4 4.1091E-4 4.52794E-4 3.68728E-4 3.62135E-4 2.94302E-4 3.59762E-4 4.2593E-4
1.64859E-4 1.69723E-4 1.79753E-4 1.79364E-4 1.80858E-4 1.83297E-4 1.8465E-4 2.39263E-4 2.43179E-4 2.88327E-4 2.91949E-4 2.54261E-4 2.43029E-4 2.76034E-4 2.2228E-4 2.11886E-4 2.28661E-4 2.60194E-4 3.45619E-4 4.22901E-4 3.54811E-4 3.18759E-4 2.83583E-4 2.81883E-4 2.58899E-4 3.0194E-4 2.76883E-4 2.92759E-4 3.70742E-4 4.02038E-4 4.51168E-4 4.70193E-4 3.59321E-4 3.32128E-4 3.02984E-4 2.95095E-4 2.94241E-4 2.99199E-4 2.9705E-4 3.24604E-4 3.20572E-4 3.3219E-4 3.48094E-4 3.96434E-4 4.0791E-4 3.48576E-4 3.61234E-4 3.14946E-4 3.16255E-4 3.06264E-4 2.93074E-4 2.80162E-4 3.30334E-4 4.11446E-4 3.96192E-4 4.16973E-4 3.82903E-4 3.81714E-4 3.7132E-4 3.98554E-4 4.28262E-4
1.88676E-4 2.00585E-4 1.93924E-4 1.79454E-4 1.92973E-4 1.8679E-4 1.90219E-4 2.29998E-4 2.66938E-4 2.97496E-4 3.19101E-4 2.64058E-4 2.84802E-4 2.92122E-4 2.45131E-4 2.27681E-4 3.06472E-4 3.46312E-4 3.71049E-4 3.67897E-4 3.48062E-4 2.99282E-4 2.63038E-4 2.82001E-4 3.08228E-4 3.05839E-4 2.96729E-4 3.06333E-4 3.04666E-4 3.7131E-4 4.54561E-4 4.63771E-4 3.75483E-4 3.24867E-4 2.85515E-4 3.18467E-4 3.37177E-4 3.27165E-4 2.99375E-4 3.85329E-4 3.55664E-4 3.08558E-4 3.16864E-4 3.84613E-4 3.84106E-4 3.34561E-4 3.32875E-4 3.12842E-4 3.22242E-4 2.92757E-4 2.97957E-4 3.27127E-4 3.45711E-4 3.83212E-4 4.3332E-4 4.04653E-4 4.14547E-4 4.18241E-4 3.74874E-4 4.6886E-4 4.79757E-4
2.12753E-4 2.59269E-4 2.3542E-4 2.2954E-4 2.09814E-4 2.11022E-4 2.15578E-4 2.4837E-4 2.7481E-4 3.08747E-4 3.48983E-4 3.19147E-4 3.73095E-4 3.19753E-4 2.35395E-4 2.72142E-4 3.41314E-4 4.04775E-4 3.88281E-4 3.3939E-4 3.01158E-4 2.69272E-4 2.74469E-4 2.91584E-4 3.70634E-4 3.5567E-4 3.1063E-4 3.05841E-4 3.24297E-4 3.48207E-4 4.42921E-4 5.12662E-4 4.20501E-4 3.73273E-4 3.72166E-4 3.97422E-4 4.0091E-4 3.89086E-4 3.47171E-4 4.0223E-4 4.07242E-4 3.97245E-4 3.57936E-4 3.54907E-4 4.22473E-4 3.84075E-4 3.09283E-4 3.21875E-4 3.17731E-4 2.93154E-4 3.06323E-4 3.02706E-4 2.9662E-4 3.11194E-4 3.58709E-4 4.14592E-4 4.52013E-4 4.77993E-4 4.3133E-4 4.86001E-4 4.87701E-4
3.05285E-4 3.13056E-4 3.09431E-4 2.70852E-4 2.98477E-4 2.77577E-4 2.26556E-4 2.28924E-4 2.79171E-4 3.31278E-4 3.89774E-4 4.12337E-4 4.09276E-4 3.13283E-4 2.35827E-4 2.42166E-4 2.68428E-4 3.23691E-4 3.94131E-4 2.979E-4 2.76306E-4 2.84123E-4 3.1683E-4 3.18822E-4 3.87103E-4 4.48036E-4 3.74284E-4 4.10192E-4 3.78103E-4 4.11667E-4 4.55685E-4 5.08505E-4 4.19382E-4 4.35267E-4 4.66451E-4 4.70318E-4 4.65454E-4 4.0745E-4 4.52594E-4 4.71335E-4 4.50594E-4 4.62936E-4 3.54382E-4 4.04487E-4 5.03584E-4 3.60412E-4 3.69501E-4 3.3049E-4 3.07732E-4 3.16334E-4 3.20803E-4 3.29793E-4 3.18293E-4 3.08396E-4 3.63047E-4 4.24834E-4 4.34261E-4 5.14444E-4 4.77394E-4 4.7145E-4 5.02107E-4
2.42615E-4 2.61032E-4 2.89391E-4 3.35291E-4 3.53768E-4 3.04689E-4 3.10427E-4 2.8838E-4 3.16139E-4 3.90432E-4 4.0375E-4 4.00881E-4 3.27255E-4 2.4998E-4 2.42244E-4 3.0585E-4 3.577E-4 3.38845E-4 4.42453E-4 3.93851E-4 3.66609E-4 3.97474E-4 4.44937E-4 4.49455E-4 4.67334E-4 5.00581E-4 4.46794E-4 5.0641E-4 4.93031E-4 5.23367E-4 5.17875E-4 5.29625E-4 5.2849E-4 5.27074E-4 5.66001E-4 5.16351E-4 5.30427E-4 5.16135E-4 4.8599E-4 4.87288E-4 5.16758E-4 4.69496E-4 4.51481E-4 4.85338E-4 4.81734E-4 3.89541E-4 4.39452E-4 3.17079E-4 3.15839E-4 3.3801E-4 3.85751E-4 3.81945E-4 3.49387E-4 3.70398E-4 4.14926E-4 4.49018E-4 5.03295E-4 5.29668E-4 4.86636E-4 4.66E-4 4.1048E-4
3.33069E-4 3.4374E-4 3.41739E-4 3.49189E-4 3.204E-4 3.26232E-4 3.35544E-4 3.29556E-4 3.53605E-4 3.94289E-4 3.88858E-4 3.88858E-4 4.15918E-4 3.76855E-4 3.43099E-4 4.21369E-4 4.53443E-4 4.36457E-4 4.6411E-4 4.85185E-4 4.94052E-4 5.14032E-4 4.93077E-4 5.21849E-4 5.32636E-4 5.39871E-4 5.13084E-4 5.2905E-4 5.0549E-4 5.46239E-4 5.09555E-4 5.08537E-4 5.17146E-4 5.46239E-4 5.42221E-4 5.02142E-4 5.03164E-4 5.42221E-4 5.51069E-4 5.4112E-4 5.74717E-4 5.35286E-4 5.29514E-4 5.67411E-4 5.44342E-4 5.35945E-4 4.3502E-4 3.47848E-4 3.8284E-4 4.39592E-4 3.9639E-4 4.17684E-4 4.4122E-4 4.47517E-4 4.7168E-4 5.06711E-4 5.11766E-4 5.04201E-4 4.75995E-4 4.67564E-4 4.53363E-4
3.29582E-4 3.35151E-4 3.20665E-4 3.09341E-4 2.89622E-4 2.19313E-4 2.20248E-4 2.8114E-4 3.89371E-4 3.83066E-4 3.96517E-4 4.01216E-4 3.49234E-4 3.89939E-4 4.06897E-4 4.58504E-4 3.83617E-4 3.8454E-4 4.18E-4 4.15262E-4 4.87261E-4 4.92328E-4 4.6879E-4 4.7891E-4 4.80349E-4 4.91727E-4 5.32155E-4 5.37594E-4 5.40884E-4 5.21314E-4 5.16198E-4 5.17195E-4 5.42122E-4 4.99027E-4 5.36276E-4 5.49262E-4 4.97401E-4 5.30932E-4 5.24431E-4 5.19835E-4 5.11442E-4 4.61792E-4 5.41089E-4 4.41286E-4 4.66065E-4 4.59942E-4 4.81741E-4 4.71619E-4 4.91531E-4 4.72545E-4 4.73885E-4 4.67435E-4 4.13537E-4 4.13353E-4 4.30299E-4 4.51166E-4 4.75982E-4 4.85803E-4 4.25831E-4 4.45886E-4 4.48305E-4
