Artocarpus hirsutus SDM files/MIS19/results (without bias file)/Arthir_8.asc
ncols         625
nrows         721
xllcorner     69.99986311115
yllcorner     5.99986187915
cellsize      0.041666667
NODATA_value  -9999
[rows 567 to 593 of 721, columns 122 to 182 of 625]
7.7188E-1 7.76676E-1 8.7559E-1 9.27909E-1 8.25872E-1 8.98067E-1 7.84616E-1 1E0 1E0 1E0 9.94434E-1 9.83815E-1 9.96232E-1 9.50465E-1 5.4953E-1 7.03727E-1 7.93479E-1 2.37465E-1 4.84559E-2 2.88172E-2 3.3142E-2 2.63007E-2 2.04912E-2 1.32569E-2 6.22227E-3 6.8511E-3 6.13285E-3 3.39503E-3 2.83666E-3 3.47655E-3 2.96116E-3 2.65651E-3 1.8165E-3 2.25472E-3 3.20807E-3 2.56224E-3 1.85528E-3 1.90808E-3 1.49051E-3 1.85342E-3 2.0065E-3 2.36806E-3 4.69958E-3 6.22665E-3 5.78228E-3 5.71571E-3 6.14694E-3 6.611E-3 6.37552E-3 6.96128E-3 6.05465E-3 6.2029E-3 1.61026E-2 1.18136E-2 1.17976E-2 1.04841E-2 6.21767E-3 1.01509E-2 9.0343E-3 1.58409E-2 8.81806E-3
6.99893E-1 7.74373E-1 8.1724E-1 5.49184E-1 5.25237E-1 4.47469E-1 7.60519E-1 1E0 9.98851E-1 1E0 9.99996E-1 9.4154E-1 8.53812E-1 6.75785E-1 6.69826E-1 6.27753E-1 6.61471E-1 6.55641E-1 7.36786E-2 3.04572E-2 1.14535E-1 7.75677E-2 1.52512E-2 7.50816E-3 5.5831E-3 4.32338E-3 8.33256E-3 4.58752E-3 3.00795E-3 2.68684E-3 2.69792E-3 2.38047E-3 2.54058E-3 2.70946E-3 4.27208E-3 3.03459E-3 2.55547E-3 2.17864E-3 2.32485E-3 3.13913E-3 2.59012E-3 2.14557E-3 3.29812E-3 5.8514E-3 7.85816E-3 7.24291E-3 6.85459E-3 7.05043E-3 9.88413E-3 8.78616E-3 4.6577E-3 5.80561E-3 2.00879E-2 1.55166E-2 1.80013E-2 1.31891E-2 7.29364E-3 1.03058E-2 8.52283E-3 1.13476E-2 1.55963E-2
6.35837E-1 6.52803E-1 6.86414E-1 6.86532E-1 5.36439E-1 6.60078E-1 7.39756E-1 9.95195E-1 9.78254E-1 1E0 1E0 9.98582E-1 7.20834E-1 5.69271E-1 5.40206E-1 7.09042E-1 5.09922E-1 3.591E-1 1.88413E-1 1.11568E-1 1.08476E-1 9.80338E-2 3.05844E-2 1.20844E-2 8.08333E-3 5.18971E-3 5.86025E-3 5.49693E-3 3.21478E-3 2.84346E-3 3.36555E-3 3.57197E-3 3.57545E-3 3.70122E-3 3.40851E-3 2.82552E-3 2.52205E-3 2.76031E-3 3.43897E-3 3.60873E-3 3.71478E-3 3.49242E-3 2.69946E-3 5.10036E-3 1.04388E-2 8.15515E-3 9.58791E-3 1.1113E-2 1.10169E-2 9.95325E-3 7.75458E-3 6.6892E-3 4.77571E-3 6.33987E-3 1.98958E-2 1.76152E-2 8.46453E-3 9.80777E-3 7.65083E-3 1.92233E-2 1.3191E-2
5.19467E-1 6.84733E-1 6.79538E-1 6.73657E-1 6.17339E-1 7.42685E-1 5.39571E-1 9.99906E-1 9.99999E-1 9.99983E-1 1E0 1E0 9.50263E-1 4.92404E-1 4.80617E-1 4.92193E-1 5.69107E-1 6.16942E-1 4.66114E-1 3.9046E-1 8.45044E-2 2.74185E-2 7.72955E-2 2.06979E-2 1.06041E-2 7.55943E-3 4.80146E-3 4.92299E-3 3.66394E-3 3.43626E-3 2.98029E-3 2.40468E-3 3.44928E-3 4.22094E-3 4.93178E-3 2.53926E-3 2.30095E-3 2.411E-3 4.97467E-3 4.31797E-3 4.49436E-3 4.23451E-3 3.81976E-3 4.0779E-3 8.37544E-3 7.2911E-3 8.94717E-3 1.38331E-2 1.09851E-2 1.19023E-2 1.01959E-2 1.37038E-2 7.59188E-3 8.52857E-3 8.35277E-3 1.05686E-2 8.37208E-3 1.10533E-2 2.04079E-2 1.87679E-2 1.21181E-2
4.88816E-1 5.45495E-1 6.81951E-1 7.56461E-1 8.34048E-1 8.52885E-1 7.62648E-1 7.29111E-1 9.98844E-1 9.80665E-1 9.99949E-1 1E0 9.98809E-1 8.9594E-1 4.84843E-1 4.14031E-1 4.14105E-1 7.48909E-1 5.2509E-1 2.35385E-1 1.31853E-1 3.44318E-2 2.98623E-2 3.14548E-2 1.91971E-2 8.09551E-3 5.96282E-3 6.29205E-3 5.96731E-3 3.6931E-3 2.77978E-3 2.37397E-3 3.57394E-3 3.69629E-3 6.38747E-3 3.71973E-3 2.60436E-3 2.83924E-3 2.86211E-3 4.46675E-3 5.87196E-3 3.91501E-3 4.22553E-3 4.75376E-3 6.33279E-3 7.34128E-3 7.26954E-3 1.4453E-2 1.08942E-2 7.69996E-3 1.7963E-2 1.56367E-2 8.16428E-3 1.27503E-2 1.17155E-2 1.09035E-2 9.52695E-3 8.83562E-3 1.84809E-2 1.32127E-2 1.26857E-2
4.30468E-1 5.09674E-1 5.30317E-1 6.50036E-1 7.2469E-1 6.74806E-1 6.89988E-1 4.4644E-1 9.32442E-1 9.99943E-1 1E0 1E0 9.88323E-1 9.72007E-1 9.67831E-1 4.49508E-1 4.73066E-1 5.69471E-1 2.68779E-1 1.49021E-1 1.11165E-1 7.42167E-2 4.06951E-2 4.70709E-2 2.01431E-2 9.96986E-3 1.18364E-2 1.13982E-2 4.76418E-3 4.60772E-3 3.51706E-3 2.46914E-3 3.54845E-3 3.56381E-3 6.24381E-3 3.48111E-3 4.63493E-3 3.37859E-3 3.31283E-3 4.34011E-3 4.41108E-3 3.76304E-3 6.68843E-3 7.90035E-3 7.0986E-3 8.62513E-3 8.57501E-3 9.06798E-3 7.7276E-3 8.23013E-3 1.82043E-2 1.29303E-2 1.50154E-2 1.57901E-2 1.42977E-2 1.1445E-2 9.98154E-3 8.50833E-3 9.08867E-3 8.70714E-3 1.07986E-2
-9999 4.55241E-1 5.02295E-1 6.02979E-1 6.05938E-1 6.28765E-1 7.60443E-1 5.31648E-1 9.62887E-1 9.99904E-1 9.99922E-1 9.96784E-1 9.86237E-1 7.95148E-1 9.96612E-1 8.21032E-1 9.18176E-1 6.27086E-1 2.14927E-1 2.10969E-1 1.88173E-1 1.03967E-1 7.47189E-2 3.36363E-2 4.0331E-2 2.94653E-2 1.75577E-2 7.63855E-3 6.16157E-3 4.05122E-3 4.94305E-3 3.6976E-3 2.52632E-3 4.23142E-3 5.89997E-3 3.49374E-3 4.52572E-3 3.54445E-3 3.79853E-3 3.72101E-3 3.55659E-3 5.62387E-3 8.01844E-3 9.36297E-3 8.65119E-3 8.83997E-3 1.10225E-2 8.94527E-3 1.1285E-2 1.16531E-2 1.19842E-2 1.44134E-2 1.59811E-2 1.12521E-2 1.04649E-2 9.75873E-3 9.13815E-3 1.05537E-2 8.72936E-3 9.74928E-3 1.55866E-2
-9999 4.39693E-1 4.76054E-1 4.54062E-1 4.9437E-1 7.09045E-1 5.8163E-1 6.42976E-1 7.05388E-1 9.94704E-1 9.88407E-1 8.17962E-1 9.90223E-1 8.08842E-1 9.88205E-1 5.95315E-1 7.92527E-1 9.57955E-1 6.86748E-1 4.00207E-1 3.03341E-1 2.14884E-1 1.0432E-1 1.03599E-1 1.05163E-1 3.63661E-2 1.86206E-2 1.02371E-2 8.24768E-3 5.83242E-3 4.37856E-3 3.69329E-3 4.09085E-3 3.79096E-3 3.87918E-3 3.4966E-3 4.55035E-3 4.52835E-3 3.77968E-3 5.61565E-3 4.10295E-3 5.80442E-3 1.11508E-2 1.08274E-2 9.39709E-3 1.03811E-2 1.0883E-2 7.67161E-3 1.35443E-2 1.40456E-2 1.31494E-2 9.01137E-3 1.00094E-2 9.26732E-3 9.94871E-3 9.99106E-3 1.14975E-2 1.08902E-2 1.31843E-2 1.78985E-2 2.06138E-2
-9999 4.0103E-1 6.32286E-1 4.43608E-1 5.82762E-1 5.23522E-1 5.43787E-1 5.88979E-1 6.45348E-1 9.61583E-1 9.52937E-1 7.09857E-1 9.94061E-1 8.03331E-1 9.54368E-1 5.69308E-1 9.89959E-1 9.59367E-1 8.69613E-1 8.20601E-1 6.01022E-1 3.4848E-1 2.50877E-1 2.08256E-1 6.52984E-2 2.48597E-2 1.81226E-2 1.38049E-2 1.00582E-2 7.5924E-3 8.5813E-3 4.60735E-3 9.60867E-3 5.2078E-3 5.04385E-3 6.06592E-3 7.14178E-3 5.60805E-3 4.29492E-3 4.79857E-3 6.5828E-3 6.60431E-3 1.36758E-2 1.20974E-2 1.04541E-2 1.12515E-2 1.10434E-2 7.47676E-3 1.10685E-2 1.44138E-2 1.41105E-2 8.13032E-3 8.34625E-3 1.0116E-2 1.11143E-2 1.04211E-2 1.12877E-2 1.03803E-2 1.24526E-2 1.62721E-2 1.29208E-2
-9999 -9999 7.18008E-1 3.74678E-1 3.44783E-1 3.92786E-1 5.92668E-1 4.65288E-1 3.63749E-1 3.95083E-1 9.60654E-1 9.95642E-1 9.61282E-1 8.17382E-1 8.48311E-1 7.75036E-1 9.97071E-1 9.89714E-1 7.9833E-1 5.84191E-1 4.18604E-1 3.30799E-1 2.85587E-1 1.74265E-1 5.91158E-2 3.29174E-2 2.25733E-2 1.74835E-2 1.39271E-2 1.02829E-2 1.0086E-2 4.53918E-3 1.33214E-2 7.41256E-3 3.80442E-3 9.01043E-3 9.66833E-3 7.53103E-3 6.3184E-3 4.98685E-3 5.29547E-3 9.0026E-3 1.66644E-2 1.1225E-2 1.07644E-2 1.12532E-2 9.74547E-3 7.20592E-3 1.01174E-2 1.75065E-2 1.27538E-2 8.6102E-3 9.61513E-3 1.02229E-2 9.49819E-3 1.02472E-2 1.17388E-2 1.00327E-2 1.49009E-2 1.68557E-2 1.36969E-2
-9999 -9999 -9999 -9999 3.87889E-1 4.43729E-1 5.09109E-1 4.93305E-1 5.34289E-1 5.93397E-1 9.75604E-1 9.77259E-1 9.24576E-1 8.78939E-1 7.8494E-1 8.85503E-1 9.55013E-1 9.67696E-1 9.84767E-1 9.42367E-1 8.02121E-1 4.61612E-1 1.2725E-1 2.89155E-1 5.18354E-2 3.37518E-2 2.74867E-2 2.09111E-2 1.31528E-2 1.01537E-2 9.92417E-3 8.8065E-3 1.40182E-2 6.52135E-3 5.45733E-3 1.02292E-2 1.98813E-2 1.19591E-2 7.33179E-3 7.16087E-3 8.67788E-3 7.75011E-3 1.56081E-2 1.53254E-2 1.18512E-2 1.08055E-2 9.87076E-3 7.61038E-3 1.00878E-2 1.74571E-2 1.14912E-2 1.07673E-2 8.05332E-3 9.21372E-3 1.03807E-2 1.14511E-2 1.01542E-2 9.25086E-3 2.05289E-2 1.79319E-2 1.32818E-2
-9999 -9999 -9999 -9999 4.36876E-1 4.71869E-1 4.78577E-1 4.48354E-1 4.31149E-1 6.60494E-1 9.78741E-1 9.59907E-1 9.65344E-1 9.52792E-1 9.56569E-1 8.25499E-1 9.40779E-1 9.83622E-1 9.88191E-1 9.82425E-1 9.33361E-1 6.52426E-1 1.37033E-1 5.77225E-2 6.59521E-2 4.56996E-2 2.6767E-2 2.73227E-2 1.7511E-2 1.78039E-2 3.52691E-2 1.99642E-2 1.15639E-2 1.1119E-2 8.3903E-3 9.57757E-3 2.43366E-2 1.18656E-2 8.00248E-3 9.2436E-3 1.5542E-2 1.33459E-2 1.38193E-2 1.18668E-2 1.12492E-2 1.11192E-2 1.05505E-2 8.85297E-3 1.12924E-2 1.71876E-2 1.61258E-2 9.84284E-3 7.35358E-3 7.61401E-3 7.56841E-3 8.14051E-3 1.35415E-2 7.98149E-3 1.21565E-2 1.32801E-2 8.97463E-3
-9999 -9999 -9999 -9999 -9999 5.56968E-1 5.83509E-1 4.84302E-1 6.41302E-1 6.10271E-1 5.59496E-1 9.32104E-1 9.85206E-1 9.64543E-1 9.24031E-1 7.72787E-1 9.53461E-1 9.4826E-1 9.74454E-1 9.83823E-1 9.43409E-1 5.95559E-1 1.23097E-1 7.09029E-2 1.56984E-1 7.9452E-2 3.51218E-2 6.11237E-2 5.22126E-2 4.04051E-2 3.76534E-2 3.0256E-2 1.32438E-2 1.99237E-2 1.3925E-2 2.67028E-2 1.81718E-2 1.07887E-2 8.15942E-3 1.44576E-2 1.68256E-2 1.66061E-2 1.376E-2 1.30338E-2 1.10648E-2 1.04956E-2 1.14982E-2 1.23519E-2 1.76786E-2 1.7468E-2 1.58823E-2 7.85541E-3 7.94992E-3 9.09146E-3 6.77489E-3 8.82513E-3 1.02344E-2 8.41622E-3 1.1412E-2 9.82502E-3 7.84327E-3
-9999 -9999 -9999 -9999 -9999 -9999 4.9113E-1 5.83837E-1 6.44871E-1 4.53391E-1 5.21498E-1 9.75787E-1 9.80346E-1 9.57236E-1 9.73929E-1 9.83404E-1 9.98626E-1 9.81608E-1 9.0592E-1 8.96726E-1 9.53277E-1 8.89929E-1 4.44329E-1 1.04879E-1 8.32983E-2 1.11359E-1 1.03524E-1 1.09471E-1 1.857E-1 4.63988E-2 5.19534E-2 2.78846E-2 1.45009E-2 2.82167E-2 4.52879E-2 2.45213E-2 1.19951E-2 1.15367E-2 1.13062E-2 1.40151E-2 1.81718E-2 2.02397E-2 1.42925E-2 1.22725E-2 1.04694E-2 1.06009E-2 1.07154E-2 1.37905E-2 2.06029E-2 1.98801E-2 1.61985E-2 7.73593E-3 8.48933E-3 9.24981E-3 1.09182E-2 1.10997E-2 9.55141E-3 7.88948E-3 1.30865E-2 1.06592E-2 6.96794E-3
-9999 -9999 -9999 -9999 -9999 -9999 -9999 5.57383E-1 6.12459E-1 4.23786E-1 5.75292E-1 9.73531E-1 9.89116E-1 9.90975E-1 9.97666E-1 9.83257E-1 9.98468E-1 9.60895E-1 8.40832E-1 8.056E-1 6.48573E-1 5.29771E-1 5.6777E-1 2.78007E-1 3.42911E-1 3.47021E-1 2.1726E-1 1.5304E-1 2.73359E-1 1.1522E-1 5.17463E-2 1.61184E-2 1.32973E-2 4.50946E-2 4.90827E-2 1.87901E-2 1.41831E-2 1.38578E-2 1.08159E-2 1.47435E-2 1.98148E-2 2.06342E-2 1.3161E-2 1.20163E-2 1.33331E-2 1.0538E-2 1.0682E-2 1.12229E-2 1.56685E-2 1.75043E-2 1.43779E-2 6.88011E-3 7.26383E-3 7.61871E-3 7.61676E-3 7.37057E-3 7.14599E-3 1.03506E-2 1.24056E-2 1.08694E-2 5.81368E-3
-9999 -9999 -9999 -9999 -9999 -9999 -9999 -9999 5.58037E-1 6.0113E-1 5.99874E-1 5.4317E-1 9.72966E-1 9.66321E-1 9.91881E-1 9.0453E-1 9.7578E-1 9.96324E-1 9.65385E-1 7.68332E-1 5.73497E-1 6.35299E-1 5.01993E-1 4.18551E-1 6.40926E-1 6.44223E-1 5.34575E-1 2.85419E-1 4.97267E-1 1.33084E-1 2.8125E-2 1.75815E-2 2.56587E-2 4.54045E-2 4.68727E-2 1.62884E-2 1.21539E-2 1.17118E-2 1.29134E-2 2.30423E-2 2.65471E-2 1.74431E-2 1.23447E-2 1.54961E-2 1.15314E-2 1.05621E-2 1.21594E-2 1.19184E-2 1.31291E-2 1.99125E-2 1.18075E-2 6.41373E-3 6.52871E-3 8.36175E-3 9.1775E-3 8.26258E-3 7.8169E-3 1.1967E-2 1.18495E-2 9.40446E-3 9.70178E-3
-9999 -9999 -9999 -9999 -9999 -9999 -9999 -9999 -9999 5.78334E-1 6.80352E-1 6.3921E-1 9.30951E-1 9.63375E-1 9.67334E-1 9.93247E-1 9.99218E-1 9.87117E-1 9.81229E-1 9.29715E-1 5.10843E-1 4.53056E-1 4.43016E-1 4.22633E-1 5.28353E-1 6.47368E-1 6.4998E-1 7.13273E-1 3.99883E-1 9.69202E-2 4.47322E-2 2.21529E-2 3.30947E-2 6.07335E-2 5.71839E-2 4.69744E-2 1.31897E-2 9.93454E-3 1.1213E-2 1.48408E-2 2.12165E-2 2.0284E-2 1.74262E-2 1.41136E-2 1.09978E-2 1.13435E-2 1.31091E-2 1.76732E-2 1.30334E-2 1.97699E-2 1.15396E-2 8.15352E-3 7.65137E-3 8.76144E-3 9.48504E-3 6.9648E-3 9.41053E-3 1.17334E-2 1.00089E-2 1.22602E-2 1.30242E-2
-9999 -9999 -9999 -9999 -9999 -9999 -9999 -9999 -9999 -9999 6.23818E-1 6.85393E-1 9.29658E-1 9.5338E-1 9.68242E-1 9.70462E-1 9.77355E-1 9.91094E-1 9.99525E-1 9.84837E-1 3.35086E-1 3.23118E-1 4.64311E-1 5.75335E-1 4.76167E-1 5.7391E-1 6.51614E-1 6.74068E-1 5.3124E-1 1.34893E-1 5.16328E-2 4.1592E-2 7.17925E-2 7.07137E-2 7.4113E-2 6.52215E-2 2.20923E-2 1.28491E-2 1.3278E-2 1.29391E-2 1.79759E-2 2.42113E-2 1.62806E-2 1.04773E-2 1.3605E-2 1.38746E-2 1.30656E-2 1.99178E-2 1.38912E-2 1.41648E-2 1.57636E-2 8.37025E-3 8.98417E-3 7.5108E-3 7.5328E-3 1.00078E-2 1.05082E-2 1.41601E-2 7.91705E-3 1.30582E-2 1.52317E-2
-9999 -9999 -9999 -9999 -9999 -9999 -9999 -9999 -9999 -9999 -9999 7.06054E-1 6.57111E-1 9.42378E-1 9.43671E-1 8.88081E-1 9.34319E-1 9.8677E-1 9.99683E-1 9.96955E-1 6.26254E-1 4.86817E-1 3.53575E-1 6.5186E-1 5.57377E-1 5.13066E-1 6.71999E-1 6.99643E-1 3.96248E-1 1.40728E-1 1.0914E-1 1.13445E-1 9.86888E-2 7.05649E-2 3.63697E-2 2.65573E-2 2.5918E-2 1.69266E-2 1.82292E-2 1.7239E-2 2.90987E-2 2.95242E-2 2.31423E-2 1.76069E-2 1.9998E-2 1.88196E-2 2.03777E-2 1.96059E-2 1.17603E-2 1.3811E-2 1.36233E-2 7.04973E-3 5.88105E-3 7.45899E-3 1.01569E-2 1.38335E-2 1.61407E-2 1.47453E-2 7.27268E-3 1.13071E-2 1.23376E-2
-9999 -9999 -9999 -9999 -9999 -9999 -9999 -9999 -9999 -9999 -9999 6.67996E-1 7.3575E-1 9.17095E-1 8.97635E-1 8.92207E-1 9.54211E-1 9.84849E-1 9.97998E-1 9.99627E-1 9.97708E-1 8.01625E-1 3.23874E-1 5.37737E-1 8.96437E-1 3.03177E-1 5.08017E-1 7.15649E-1 3.47406E-1 3.04372E-1 1.629E-1 1.43881E-1 1.24146E-1 6.01472E-2 1.7032E-2 1.01218E-2 9.29008E-3 1.20685E-2 9.61882E-3 8.96883E-3 1.18613E-2 1.27382E-2 1.99822E-2 2.88145E-2 2.32808E-2 3.295E-2 2.8677E-2 2.60973E-2 8.98967E-3 1.5908E-2 1.61908E-2 1.70593E-2 9.19577E-3 1.15593E-2 1.12562E-2 1.51336E-2 1.39758E-2 1.66178E-2 1.06331E-2 1.15504E-2 1.21643E-2
-9999 -9999 -9999 -9999 -9999 -9999 -9999 -9999 -9999 -9999 -9999 -9999 6.49219E-1 6.93676E-1 9.11771E-1 9.37304E-1 9.59568E-1 9.80925E-1 9.78359E-1 9.99566E-1 9.99737E-1 8.06018E-1 3.09334E-1 7.28969E-1 5.72219E-1 5.27998E-1 4.92348E-1 5.14022E-1 5.09495E-1 4.77405E-1 1.88498E-1 2.04754E-1 6.55263E-2 1.89609E-2 1.16779E-2 1.47167E-2 1.32453E-2 7.84833E-3 5.97976E-3 5.40985E-3 4.87771E-3 5.14197E-3 7.1159E-3 6.93694E-3 7.61059E-3 1.29494E-2 2.38801E-2 2.58081E-2 1.1426E-2 1.31367E-2 1.60119E-2 2.27236E-2 2.26948E-2 1.74395E-2 1.3638E-2 1.62215E-2 1.51674E-2 1.3886E-2 1.22959E-2 1.27893E-2 1.29653E-2
-9999 -9999 -9999 -9999 -9999 -9999 -9999 -9999 -9999 -9999 -9999 -9999 6.49065E-1 6.08407E-1 9.53983E-1 9.43592E-1 9.49062E-1 9.88275E-1 9.92961E-1 9.92213E-1 9.95817E-1 7.42218E-1 7.30204E-1 9.90093E-1 5.39326E-1 1.46701E-1 1.15911E-1 1.65606E-1 6.53543E-1 5.88034E-1 2.47398E-1 2.24346E-1 1.9402E-2 1.8907E-2 2.98842E-2 4.56078E-2 1.61868E-2 3.94976E-3 4.05505E-3 4.53163E-3 5.50831E-3 3.47067E-3 5.19132E-3 4.223E-3 1.76277E-3 4.52289E-3 9.85799E-3 1.62275E-2 1.3058E-2 1.27237E-2 1.30593E-2 1.3558E-2 1.53753E-2 1.73365E-2 1.5748E-2 1.43227E-2 1.08531E-2 1.10902E-2 1.06935E-2 1.27564E-2 1.29495E-2
-9999 -9999 -9999 -9999 -9999 -9999 -9999 -9999 -9999 -9999 -9999 -9999 6.18441E-1 6.22891E-1 6.02056E-1 9.20529E-1 9.48733E-1 9.62126E-1 9.66616E-1 7.3346E-1 8.888E-1 3.20445E-1 8.97816E-1 9.9854E-1 9.57741E-1 2.58694E-1 5.38138E-2 7.34603E-2 4.39811E-1 4.81262E-1 4.40289E-1 8.67574E-2 3.19617E-2 1.02442E-1 1.31322E-1 5.23072E-2 1.4292E-2 2.611E-3 2.7597E-3 2.36465E-3 4.473E-3 3.12087E-3 6.2359E-3 4.4078E-3 9.95221E-4 1.1809E-3 2.59594E-3 6.22711E-3 7.35184E-3 8.23158E-3 8.36235E-3 8.74199E-3 9.40008E-3 9.14001E-3 8.9601E-3 7.9412E-3 8.1871E-3 9.14988E-3 9.14442E-3 9.41766E-3 1.0937E-2
-9999 -9999 -9999 -9999 -9999 -9999 -9999 -9999 -9999 -9999 -9999 -9999 -9999 -9999 5.94958E-1 9.44597E-1 9.6162E-1 9.34789E-1 9.43363E-1 8.47398E-1 8.30806E-1 6.38067E-1 8.97514E-1 9.98275E-1 9.96135E-1 5.68729E-1 5.2883E-2 4.17435E-2 1.2911E-1 1.32521E-1 3.5295E-1 2.43523E-1 2.49165E-1 1.85367E-1 1.18172E-1 1.44005E-2 9.13218E-3 4.90281E-3 4.17819E-3 1.46718E-3 8.7834E-4 1.98663E-3 2.18177E-3 2.2671E-3 1.11036E-3 1.10734E-3 1.9481E-3 5.13889E-3 5.50376E-3 5.30601E-3 5.71185E-3 5.86698E-3 6.72061E-3 7.26435E-3 6.80026E-3 6.70768E-3 6.98908E-3 7.12868E-3 7.02261E-3 7.52912E-3 7.72595E-3
-9999 -9999 -9999 -9999 -9999 -9999 -9999 -9999 -9999 -9999 -9999 -9999 -9999 -9999 5.72608E-1 9.53638E-1 9.64537E-1 9.34491E-1 8.82749E-1 8.04602E-1 7.26645E-1 8.14297E-1 8.14421E-1 9.98205E-1 9.90413E-1 4.49017E-1 6.15701E-2 3.49503E-2 5.84396E-2 5.58438E-2 2.07226E-1 2.84113E-1 3.88475E-1 1.69426E-1 3.71588E-2 1.0497E-2 1.25863E-2 4.37852E-3 8.83877E-3 3.93552E-3 1.63455E-3 9.38289E-4 2.14866E-3 1.06658E-3 1.14801E-3 2.11424E-3 4.75423E-3 6.93695E-3 5.81565E-3 4.83059E-3 4.70667E-3 5.16653E-3 5.77683E-3 6.69216E-3 6.7237E-3 6.30857E-3 6.11041E-3 5.81713E-3 5.7928E-3 5.83368E-3 6.72033E-3
-9999 -9999 -9999 -9999 -9999 -9999 -9999 -9999 -9999 -9999 -9999 -9999 -9999 -9999 -9999 5.46125E-1 9.35399E-1 9.48314E-1 9.20559E-1 8.014E-1 6.95608E-1 7.54788E-1 7.8174E-1 9.94275E-1 9.65204E-1 3.04595E-1 5.60992E-2 4.73189E-2 6.48753E-2 8.0692E-2 1.33369E-1 3.58925E-1 3.04754E-1 1.61163E-1 9.06373E-2 7.77979E-3 4.41451E-3 4.28822E-3 3.33781E-3 1.42256E-3 1.56453E-3 1.03484E-3 1.29998E-3 4.05291E-3 1.72244E-3 3.45619E-3 6.53712E-3 8.01047E-3 3.931E-3 3.88825E-3 3.91664E-3 4.38564E-3 4.8197E-3 5.996E-3 6.83428E-3 5.82647E-3 5.70074E-3 5.76822E-3 5.46406E-3 5.82507E-3 6.20972E-3
-9999 -9999 -9999 -9999 -9999 -9999 -9999 -9999 -9999 -9999 -9999 -9999 -9999 -9999 -9999 5.43368E-1 9.29399E-1 9.24721E-1 9.15247E-1 7.78576E-1 7.79873E-1 6.79529E-1 9.44487E-1 9.40769E-1 9.73601E-1 3.33026E-1 5.6881E-2 7.36701E-2 1.0044E-1 1.49661E-1 1.94116E-1 3.47961E-1 2.84221E-1 1.90301E-1 1.12431E-1 4.38244E-3 2.13498E-3 3.09224E-3 1.08997E-3 1.25463E-3 1.29841E-3 5.65825E-4 6.68865E-4 3.01972E-3 3.98757E-3 3.9794E-3 6.47397E-3 6.82242E-3 3.91065E-3 4.01139E-3 4.12337E-3 3.84047E-3 4.88497E-3 4.80602E-3 6.02228E-3 5.83368E-3 5.721E-3 5.33336E-3 5.27976E-3 5.74994E-3 5.86445E-3
