Artocarpus hirsutus SDM files/MIS19/results (without bias file)/Arthir_1.asc
ncols         625
nrows         721
xllcorner     69.99986311115
yllcorner     5.99986187915
cellsize      0.041666667
NODATA_value  -9999
[rows 567 to 593 of 721, columns 122 to 182 of 625]
7.38303E-1 7.43975E-1 8.44313E-1 9.02457E-1 7.98525E-1 8.7066E-1 7.58325E-1 9.99999E-1 1E0 9.99998E-1 9.94471E-1 9.82597E-1 9.95445E-1 9.59425E-1 6.14984E-1 7.5347E-1 8.38745E-1 2.68194E-1 5.48283E-2 3.19637E-2 3.67823E-2 2.93416E-2 2.32147E-2 1.52894E-2 7.35111E-3 8.15969E-3 7.44994E-3 4.16105E-3 3.43662E-3 4.0144E-3 3.3707E-3 3.0186E-3 2.10672E-3 2.601E-3 3.64661E-3 2.89156E-3 2.10378E-3 2.16367E-3 1.69826E-3 2.10849E-3 2.24902E-3 2.64351E-3 5.09224E-3 6.59797E-3 6.13122E-3 6.05786E-3 6.49952E-3 6.88806E-3 6.65086E-3 7.24851E-3 6.32857E-3 6.70932E-3 1.73164E-2 1.26296E-2 1.25416E-2 1.05104E-2 6.41429E-3 1.09147E-2 9.79603E-3 1.6692E-2 9.39187E-3
6.69236E-1 7.40219E-1 7.85641E-1 5.73668E-1 5.51939E-1 4.77737E-1 7.30678E-1 1E0 9.97964E-1 9.99997E-1 9.9999E-1 9.6069E-1 8.89554E-1 7.30747E-1 7.20529E-1 6.83217E-1 7.14384E-1 7.22951E-1 8.33002E-2 3.37489E-2 1.25394E-1 8.57336E-2 1.7368E-2 8.71726E-3 6.55972E-3 5.12883E-3 9.94025E-3 5.60848E-3 3.63629E-3 3.20075E-3 3.16146E-3 2.79688E-3 2.97676E-3 3.12757E-3 4.79563E-3 3.36934E-3 2.84484E-3 2.42863E-3 2.62252E-3 3.47637E-3 2.83849E-3 2.36758E-3 3.59781E-3 6.26888E-3 8.26036E-3 7.52687E-3 7.13321E-3 7.39419E-3 1.03238E-2 9.11129E-3 4.89957E-3 6.16509E-3 2.10264E-2 1.5776E-2 1.86143E-2 1.35802E-2 7.37728E-3 1.07683E-2 8.83493E-3 1.20132E-2 1.66525E-2
6.21115E-1 6.28992E-1 6.62233E-1 6.60509E-1 5.6309E-1 6.40838E-1 7.12357E-1 9.9612E-1 9.82082E-1 9.99999E-1 1E0 9.98919E-1 8.02826E-1 6.5221E-1 6.12367E-1 7.65152E-1 5.77072E-1 3.88244E-1 2.06219E-1 1.21529E-1 1.18566E-1 1.07126E-1 3.44895E-2 1.3845E-2 9.4013E-3 6.13826E-3 6.96506E-3 6.62762E-3 3.96806E-3 3.50161E-3 4.01308E-3 4.18997E-3 4.11565E-3 4.18898E-3 3.75384E-3 3.1234E-3 2.78549E-3 3.03398E-3 3.78749E-3 3.92871E-3 4.03862E-3 3.75541E-3 2.9204E-3 5.49069E-3 1.07853E-2 8.44381E-3 9.88568E-3 1.14255E-2 1.12176E-2 1.01803E-2 7.86898E-3 6.8339E-3 4.98905E-3 6.65943E-3 2.03208E-2 1.75619E-2 8.4031E-3 1.0094E-2 8.24028E-3 2.06009E-2 1.35467E-2
5.43662E-1 6.56538E-1 6.51889E-1 6.47917E-1 6.15496E-1 7.18173E-1 5.6852E-1 9.99733E-1 9.99995E-1 9.99937E-1 1E0 9.99999E-1 9.62137E-1 5.8026E-1 5.61639E-1 5.65905E-1 6.32933E-1 6.81631E-1 4.96969E-1 4.22857E-1 9.32054E-2 3.05914E-2 8.59562E-2 2.33831E-2 1.22397E-2 8.82705E-3 5.67811E-3 5.9146E-3 4.45066E-3 4.24107E-3 3.62648E-3 2.88417E-3 4.0419E-3 4.77008E-3 5.38009E-3 2.81907E-3 2.55124E-3 2.67176E-3 5.3103E-3 4.55465E-3 4.73351E-3 4.46654E-3 4.04458E-3 4.35462E-3 8.66582E-3 7.47712E-3 9.12299E-3 1.39565E-2 1.1119E-2 1.20781E-2 1.05858E-2 1.44215E-2 7.94419E-3 8.89152E-3 8.4953E-3 1.08438E-2 8.49741E-3 1.17673E-2 2.15517E-2 1.94436E-2 1.21868E-2
5.13152E-1 5.54984E-1 6.53463E-1 7.24959E-1 8.03927E-1 8.25758E-1 7.38702E-1 7.06429E-1 9.98179E-1 9.85293E-1 9.9982E-1 1E0 9.9897E-1 9.19979E-1 5.8666E-1 4.70133E-1 4.5101E-1 8.03831E-1 5.64469E-1 2.57413E-1 1.46235E-1 3.82927E-2 3.31291E-2 3.50186E-2 2.16533E-2 9.35518E-3 6.95694E-3 7.43174E-3 7.15427E-3 4.52054E-3 3.44804E-3 2.89661E-3 4.25831E-3 4.26127E-3 7.04577E-3 4.03232E-3 2.8748E-3 3.08348E-3 3.10674E-3 4.71958E-3 6.13087E-3 4.12252E-3 4.44445E-3 4.98105E-3 6.58067E-3 7.58994E-3 7.51873E-3 1.45934E-2 1.09606E-2 8.02902E-3 1.87305E-2 1.60362E-2 8.38187E-3 1.34679E-2 1.26406E-2 1.14253E-2 9.80783E-3 8.98765E-3 1.86506E-2 1.31464E-2 1.25541E-2
4.56476E-1 5.34272E-1 5.44271E-1 6.23563E-1 6.95319E-1 6.49927E-1 6.67978E-1 4.81321E-1 9.45662E-1 9.99805E-1 9.99998E-1 9.99998E-1 9.8824E-1 9.69714E-1 9.73441E-1 5.27961E-1 5.48199E-1 6.4493E-1 2.99796E-1 1.63435E-1 1.21333E-1 8.13872E-2 4.47582E-2 5.14896E-2 2.25563E-2 1.13267E-2 1.35649E-2 1.32204E-2 5.66522E-3 5.55309E-3 4.30639E-3 3.05022E-3 4.28193E-3 4.1685E-3 6.89955E-3 3.83571E-3 4.98664E-3 3.60441E-3 3.57873E-3 4.5884E-3 4.63379E-3 3.97269E-3 7.03051E-3 8.17635E-3 7.34168E-3 8.78667E-3 8.70697E-3 9.19268E-3 7.97227E-3 8.56555E-3 1.84619E-2 1.31709E-2 1.5528E-2 1.59348E-2 1.43693E-2 1.15696E-2 1.00574E-2 8.64495E-3 9.27393E-3 9.02752E-3 1.16286E-2
-9999 4.80831E-1 5.29468E-1 5.79609E-1 5.85792E-1 6.06705E-1 7.33385E-1 5.62333E-1 9.71901E-1 9.99714E-1 9.99823E-1 9.95339E-1 9.85028E-1 8.32643E-1 9.94815E-1 8.58495E-1 9.25263E-1 6.98574E-1 2.4012E-1 2.30753E-1 2.04879E-1 1.12763E-1 8.18756E-2 3.69514E-2 4.41907E-2 3.26042E-2 1.991E-2 8.83347E-3 7.25682E-3 4.84223E-3 5.9793E-3 4.54789E-3 3.11798E-3 5.01253E-3 6.6156E-3 3.85402E-3 4.86425E-3 3.82697E-3 4.07482E-3 3.93995E-3 3.80367E-3 6.0215E-3 8.37759E-3 9.52254E-3 8.779E-3 8.96228E-3 1.11596E-2 9.03896E-3 1.14479E-2 1.21057E-2 1.22833E-2 1.47237E-2 1.6034E-2 1.12271E-2 1.0472E-2 9.9109E-3 9.23714E-3 1.12598E-2 9.26339E-3 1.07155E-2 1.76812E-2
-9999 4.65877E-1 5.01235E-1 4.80981E-1 5.11299E-1 6.80071E-1 5.76758E-1 6.23866E-1 6.84166E-1 9.93005E-1 9.87242E-1 8.52318E-1 9.87836E-1 8.50248E-1 9.85165E-1 6.44945E-1 8.18306E-1 9.52396E-1 7.43099E-1 4.44683E-1 3.26516E-1 2.32237E-1 1.12202E-1 1.1179E-1 1.13943E-1 4.06109E-2 2.08554E-2 1.16972E-2 9.59087E-3 6.88196E-3 5.22157E-3 4.46702E-3 4.95638E-3 4.53664E-3 4.4886E-3 3.93204E-3 4.99945E-3 4.90241E-3 4.05817E-3 5.95245E-3 4.42124E-3 6.1938E-3 1.13991E-2 1.10132E-2 9.36602E-3 1.03572E-2 1.08868E-2 7.7888E-3 1.39603E-2 1.46528E-2 1.36747E-2 9.21738E-3 1.0181E-2 9.40989E-3 1.01867E-2 1.04096E-2 1.1851E-2 1.13423E-2 1.41482E-2 1.96943E-2 2.22011E-2
-9999 4.26757E-1 6.09114E-1 4.74648E-1 5.63378E-1 5.35311E-1 5.4471E-1 5.73085E-1 6.29393E-1 9.72386E-1 9.67466E-1 7.62206E-1 9.92156E-1 8.50981E-1 9.66267E-1 6.20166E-1 9.85401E-1 9.56664E-1 8.69157E-1 8.22361E-1 6.58474E-1 3.71844E-1 2.69205E-1 2.25572E-1 7.23412E-2 2.77485E-2 2.02606E-2 1.56182E-2 1.15418E-2 8.76163E-3 1.00018E-2 5.50855E-3 1.14585E-2 6.17797E-3 5.87936E-3 6.74307E-3 7.77924E-3 5.973E-3 4.59301E-3 5.11404E-3 6.9395E-3 7.01756E-3 1.38983E-2 1.19299E-2 1.0377E-2 1.12448E-2 1.09017E-2 7.59485E-3 1.15253E-2 1.52556E-2 1.49218E-2 8.47142E-3 8.58319E-3 1.05835E-2 1.14863E-2 1.06935E-2 1.15845E-2 1.02532E-2 1.31118E-2 1.77563E-2 1.34252E-2
-9999 -9999 6.86081E-1 4.03696E-1 3.76218E-1 4.23804E-1 5.78623E-1 4.97447E-1 3.98385E-1 4.30879E-1 9.71553E-1 9.94817E-1 9.66787E-1 8.65462E-1 8.83083E-1 8.10386E-1 9.9501E-1 9.8791E-1 8.37991E-1 6.57173E-1 4.54862E-1 3.5623E-1 3.06954E-1 1.91207E-1 6.57199E-2 3.68074E-2 2.52104E-2 1.95939E-2 1.5772E-2 1.18242E-2 1.17049E-2 5.37734E-3 1.5683E-2 8.88568E-3 4.61082E-3 1.02035E-2 1.04579E-2 7.96133E-3 6.61412E-3 5.23825E-3 5.62764E-3 9.40072E-3 1.65651E-2 1.11203E-2 1.0677E-2 1.10112E-2 9.69195E-3 7.42085E-3 1.0719E-2 1.86875E-2 1.36592E-2 9.23214E-3 9.92233E-3 1.09366E-2 9.60773E-3 1.06327E-2 1.18473E-2 9.74042E-3 1.57101E-2 2.04135E-2 1.51316E-2
-9999 -9999 -9999 -9999 4.1603E-1 4.72214E-1 5.28994E-1 5.26828E-1 5.50342E-1 5.8012E-1 9.7527E-1 9.76108E-1 9.49551E-1 9.15843E-1 8.35762E-1 9.1234E-1 9.53342E-1 9.59164E-1 9.79388E-1 9.4205E-1 8.19749E-1 5.1776E-1 1.40816E-1 3.20603E-1 5.89463E-2 3.81283E-2 3.0908E-2 2.3423E-2 1.48411E-2 1.1527E-2 1.13595E-2 1.01811E-2 1.62368E-2 7.76214E-3 6.56797E-3 1.1919E-2 2.11877E-2 1.24725E-2 7.54489E-3 7.34471E-3 8.95136E-3 8.01444E-3 1.56736E-2 1.50971E-2 1.15533E-2 1.05224E-2 9.81883E-3 7.82342E-3 1.0586E-2 1.87463E-2 1.2409E-2 1.1502E-2 8.33747E-3 9.61561E-3 1.03597E-2 1.14385E-2 1.00225E-2 9.14192E-3 2.14459E-2 1.99188E-2 1.35995E-2
-9999 -9999 -9999 -9999 4.67544E-1 5.0176E-1 5.11461E-1 4.818E-1 4.65925E-1 6.41325E-1 9.79052E-1 9.64303E-1 9.68183E-1 9.56982E-1 9.59412E-1 8.70883E-1 9.4615E-1 9.78505E-1 9.83129E-1 9.76498E-1 9.38979E-1 7.39086E-1 1.62528E-1 6.58277E-2 7.48343E-2 5.23064E-2 2.99557E-2 3.04208E-2 1.95248E-2 1.98571E-2 3.92629E-2 2.27236E-2 1.3419E-2 1.3003E-2 9.97233E-3 1.1426E-2 2.65095E-2 1.22199E-2 8.22791E-3 9.58125E-3 1.55316E-2 1.3257E-2 1.37416E-2 1.1594E-2 1.09628E-2 1.0849E-2 1.06934E-2 9.18066E-3 1.18218E-2 1.80976E-2 1.77073E-2 1.05983E-2 7.69506E-3 8.14573E-3 7.65527E-3 8.25403E-3 1.42818E-2 7.95459E-3 1.23237E-2 1.42819E-2 9.09772E-3
-9999 -9999 -9999 -9999 -9999 5.47868E-1 5.67605E-1 5.11034E-1 6.25293E-1 5.99925E-1 5.57817E-1 9.50963E-1 9.84175E-1 9.69067E-1 9.4455E-1 8.30553E-1 9.52578E-1 9.46503E-1 9.68509E-1 9.78477E-1 9.44131E-1 6.79389E-1 1.42294E-1 8.02662E-2 1.74134E-1 9.07411E-2 3.9314E-2 6.72578E-2 5.77359E-2 4.48466E-2 4.20316E-2 3.40996E-2 1.5262E-2 2.29262E-2 1.63243E-2 3.12521E-2 1.99882E-2 1.1342E-2 8.50059E-3 1.46528E-2 1.67713E-2 1.64786E-2 1.36398E-2 1.30607E-2 1.09345E-2 1.02754E-2 1.16863E-2 1.27331E-2 1.84816E-2 1.84906E-2 1.85728E-2 8.7378E-3 8.3665E-3 9.69374E-3 7.10771E-3 9.46051E-3 1.06868E-2 8.38517E-3 1.23984E-2 1.21348E-2 8.55023E-3
-9999 -9999 -9999 -9999 -9999 -9999 5.01367E-1 5.6986E-1 6.29662E-1 4.9342E-1 5.29317E-1 9.76308E-1 9.81665E-1 9.60699E-1 9.73638E-1 9.80971E-1 9.9788E-1 9.86211E-1 9.22083E-1 9.03081E-1 9.48943E-1 8.90206E-1 5.26287E-1 1.21335E-1 9.32066E-2 1.23339E-1 1.14165E-1 1.1834E-1 2.03752E-1 5.19191E-2 5.78776E-2 3.19447E-2 1.65746E-2 3.21642E-2 5.29081E-2 2.9055E-2 1.3251E-2 1.23345E-2 1.16635E-2 1.4178E-2 1.84375E-2 2.02388E-2 1.42048E-2 1.21116E-2 1.03486E-2 1.06509E-2 1.0922E-2 1.41767E-2 2.12216E-2 2.07429E-2 1.85277E-2 8.44185E-3 9.32457E-3 9.40652E-3 1.14371E-2 1.14045E-2 9.73551E-3 8.12144E-3 1.44443E-2 1.35793E-2 8.25821E-3
-9999 -9999 -9999 -9999 -9999 -9999 -9999 5.44877E-1 5.99878E-1 4.62078E-1 5.66726E-1 9.73855E-1 9.89071E-1 9.90517E-1 9.97686E-1 9.85636E-1 9.98093E-1 9.71341E-1 8.76887E-1 8.64669E-1 7.28335E-1 6.0448E-1 6.37105E-1 3.12675E-1 3.74786E-1 3.81607E-1 2.41846E-1 1.66674E-1 3.00186E-1 1.30487E-1 6.03207E-2 1.86527E-2 1.51289E-2 5.09185E-2 5.85192E-2 2.29789E-2 1.62189E-2 1.50751E-2 1.13808E-2 1.52942E-2 2.01553E-2 2.08688E-2 1.30823E-2 1.207E-2 1.34749E-2 1.05137E-2 1.07088E-2 1.13969E-2 1.6193E-2 1.86426E-2 1.64539E-2 7.81106E-3 7.95128E-3 7.75996E-3 7.99111E-3 7.82956E-3 7.25389E-3 1.12125E-2 1.36268E-2 1.37481E-2 7.33246E-3
-9999 -9999 -9999 -9999 -9999 -9999 -9999 -9999 5.48627E-1 5.91714E-1 5.91564E-1 5.38357E-1 9.73863E-1 9.66719E-1 9.90497E-1 9.31958E-1 9.73215E-1 9.95288E-1 9.70178E-1 8.3186E-1 6.51465E-1 7.15689E-1 5.79649E-1 4.78764E-1 7.04494E-1 7.107E-1 5.90175E-1 3.09695E-1 5.41786E-1 1.58179E-1 3.39441E-2 2.06853E-2 2.90934E-2 5.10714E-2 5.57176E-2 2.0474E-2 1.45347E-2 1.32673E-2 1.39257E-2 2.42813E-2 2.74146E-2 1.76921E-2 1.24808E-2 1.58553E-2 1.15767E-2 1.05614E-2 1.24896E-2 1.22241E-2 1.36072E-2 2.13078E-2 1.44877E-2 7.74596E-3 7.34429E-3 9.28045E-3 1.03927E-2 9.00802E-3 7.93148E-3 1.29633E-2 1.3709E-2 1.15684E-2 1.17165E-2
-9999 -9999 -9999 -9999 -9999 -9999 -9999 -9999 -9999 5.71534E-1 6.68899E-1 6.30976E-1 9.41224E-1 9.66195E-1 9.67797E-1 9.91623E-1 9.99083E-1 9.88602E-1 9.85959E-1 9.52325E-1 6.17757E-1 5.43101E-1 5.22751E-1 4.94251E-1 5.93356E-1 7.06357E-1 7.08731E-1 7.77302E-1 4.56762E-1 1.15895E-1 5.4504E-2 2.6252E-2 3.75553E-2 6.89096E-2 6.66408E-2 5.94771E-2 1.63443E-2 1.15275E-2 1.24153E-2 1.59266E-2 2.20603E-2 2.09715E-2 1.80853E-2 1.52403E-2 1.10645E-2 1.14861E-2 1.33229E-2 1.84081E-2 1.36554E-2 2.08477E-2 1.42561E-2 9.87854E-3 8.9683E-3 9.34126E-3 1.026E-2 7.09804E-3 1.00918E-2 1.34827E-2 1.27613E-2 1.3358E-2 1.3698E-2
-9999 -9999 -9999 -9999 -9999 -9999 -9999 -9999 -9999 -9999 6.15972E-1 6.77369E-1 9.41321E-1 9.59952E-1 9.70454E-1 9.7132E-1 9.76031E-1 9.88751E-1 9.99351E-1 9.90429E-1 4.4988E-1 3.88635E-1 5.49806E-1 6.61885E-1 5.51331E-1 6.41046E-1 7.14745E-1 7.36184E-1 6.00172E-1 1.60772E-1 6.11419E-2 4.81669E-2 8.16844E-2 8.05474E-2 8.61122E-2 7.98289E-2 3.03364E-2 1.60553E-2 1.58568E-2 1.41209E-2 1.88102E-2 2.66279E-2 1.98125E-2 1.15253E-2 1.37653E-2 1.49624E-2 1.32905E-2 2.12866E-2 1.55941E-2 1.43696E-2 1.94695E-2 9.8886E-3 9.47958E-3 8.18406E-3 7.68517E-3 1.08238E-2 1.16014E-2 1.69123E-2 1.05201E-2 1.29153E-2 1.45142E-2
-9999 -9999 -9999 -9999 -9999 -9999 -9999 -9999 -9999 -9999 -9999 6.96604E-1 6.54E-1 9.54957E-1 9.54008E-1 9.26999E-1 9.49853E-1 9.84869E-1 9.99363E-1 9.97469E-1 7.28899E-1 5.91057E-1 4.34967E-1 7.309E-1 6.46115E-1 5.90582E-1 7.36472E-1 7.73507E-1 4.59103E-1 1.6551E-1 1.28525E-1 1.31987E-1 1.15999E-1 8.65437E-2 4.47482E-2 3.31276E-2 3.56778E-2 2.1715E-2 2.18504E-2 1.96617E-2 3.07534E-2 3.31741E-2 2.75473E-2 1.94519E-2 2.2298E-2 1.95445E-2 2.07966E-2 2.21068E-2 1.49817E-2 1.48658E-2 1.70792E-2 8.6607E-3 6.98494E-3 7.97895E-3 1.07856E-2 1.46904E-2 1.74895E-2 1.80751E-2 9.2747E-3 1.13304E-2 1.19414E-2
-9999 -9999 -9999 -9999 -9999 -9999 -9999 -9999 -9999 -9999 -9999 6.62747E-1 7.27308E-1 9.3878E-1 9.20441E-1 9.19871E-1 9.58236E-1 9.84344E-1 9.97114E-1 9.99439E-1 9.97904E-1 8.81934E-1 4.00246E-1 6.29497E-1 9.33342E-1 3.57211E-1 5.84197E-1 7.9573E-1 4.07246E-1 3.55858E-1 1.93656E-1 1.67996E-1 1.48125E-1 8.2021E-2 2.51381E-2 1.5201E-2 1.30796E-2 1.66787E-2 1.31899E-2 1.09489E-2 1.45393E-2 1.42427E-2 2.06491E-2 3.15461E-2 2.3267E-2 3.41757E-2 2.99777E-2 3.07754E-2 1.31432E-2 1.61777E-2 1.54083E-2 1.7283E-2 1.22862E-2 1.24484E-2 1.24557E-2 1.53495E-2 1.57036E-2 1.69971E-2 1.17898E-2 1.11642E-2 1.20212E-2
-9999 -9999 -9999 -9999 -9999 -9999 -9999 -9999 -9999 -9999 -9999 -9999 6.45366E-1 6.90519E-1 9.31535E-1 9.50374E-1 9.65375E-1 9.81677E-1 9.77158E-1 9.99249E-1 9.99668E-1 8.87157E-1 3.98533E-1 8.12623E-1 6.86769E-1 6.3598E-1 5.85413E-1 6.05794E-1 5.99699E-1 5.66696E-1 2.24972E-1 2.47461E-1 9.51466E-2 2.80251E-2 1.74527E-2 2.05823E-2 2.22067E-2 1.27524E-2 9.17445E-3 8.37773E-3 7.19128E-3 6.96145E-3 8.93446E-3 8.84379E-3 9.35231E-3 1.31525E-2 2.46346E-2 3.01799E-2 1.56109E-2 1.37396E-2 1.50718E-2 2.23246E-2 2.38322E-2 1.71021E-2 1.46586E-2 1.70275E-2 1.42521E-2 1.38833E-2 1.18639E-2 1.25125E-2 1.29356E-2
-9999 -9999 -9999 -9999 -9999 -9999 -9999 -9999 -9999 -9999 -9999 -9999 6.4878E-1 6.10898E-1 9.64776E-1 9.55294E-1 9.58174E-1 9.88702E-1 9.93584E-1 9.9177E-1 9.96387E-1 8.13946E-1 7.90728E-1 9.92484E-1 7.3006E-1 1.98357E-1 1.44853E-1 1.90353E-1 7.36E-1 6.89407E-1 3.00477E-1 3.13893E-1 3.15038E-2 2.58557E-2 4.04567E-2 6.87857E-2 3.39169E-2 7.8147E-3 6.61235E-3 7.0649E-3 9.43985E-3 5.77199E-3 8.52247E-3 8.98257E-3 3.87354E-3 6.85649E-3 1.10751E-2 1.8169E-2 1.601E-2 1.42638E-2 1.38669E-2 1.32665E-2 1.51127E-2 1.68963E-2 1.58184E-2 1.44287E-2 1.10601E-2 1.08842E-2 1.06278E-2 1.27374E-2 1.32226E-2
-9999 -9999 -9999 -9999 -9999 -9999 -9999 -9999 -9999 -9999 -9999 -9999 6.193E-1 6.23579E-1 6.04962E-1 9.3561E-1 9.56214E-1 9.65073E-1 9.69817E-1 7.94364E-1 9.31915E-1 3.56492E-1 9.21288E-1 9.98224E-1 9.76115E-1 4.22136E-1 8.14751E-2 8.55236E-2 5.12578E-1 5.58464E-1 5.58194E-1 1.26982E-1 4.24023E-2 1.25707E-1 1.84106E-1 9.04161E-2 3.22485E-2 6.27916E-3 5.37761E-3 4.84966E-3 8.94046E-3 5.98297E-3 1.14835E-2 9.60925E-3 2.53539E-3 2.73529E-3 4.78218E-3 8.21427E-3 9.17399E-3 9.81756E-3 9.99453E-3 9.9028E-3 1.04057E-2 9.72822E-3 9.54449E-3 8.55767E-3 8.80453E-3 9.58574E-3 9.42567E-3 9.54299E-3 1.10774E-2
-9999 -9999 -9999 -9999 -9999 -9999 -9999 -9999 -9999 -9999 -9999 -9999 -9999 -9999 5.98168E-1 9.55292E-1 9.69263E-1 9.5034E-1 9.53907E-1 8.9772E-1 8.825E-1 7.03202E-1 9.23624E-1 9.9766E-1 9.96657E-1 7.31242E-1 8.37014E-2 5.15013E-2 1.49109E-1 1.54287E-1 4.0369E-1 2.89285E-1 3.10515E-1 2.36804E-1 1.76269E-1 3.41605E-2 1.89446E-2 1.09105E-2 9.69965E-3 3.592E-3 2.17177E-3 4.17582E-3 4.79453E-3 5.03171E-3 2.91302E-3 2.68042E-3 4.08212E-3 7.05954E-3 7.81654E-3 7.73996E-3 7.84661E-3 7.41344E-3 7.76056E-3 8.24904E-3 7.64682E-3 7.60872E-3 7.86357E-3 7.88506E-3 7.66587E-3 7.86966E-3 8.19214E-3
-9999 -9999 -9999 -9999 -9999 -9999 -9999 -9999 -9999 -9999 -9999 -9999 -9999 -9999 5.77854E-1 9.63131E-1 9.70727E-1 9.50837E-1 9.27004E-1 8.75938E-1 8.02381E-1 8.69565E-1 8.60478E-1 9.97814E-1 9.93491E-1 6.3472E-1 1.02462E-1 4.77169E-2 7.05582E-2 6.69128E-2 2.39686E-1 3.29664E-1 4.87554E-1 2.55245E-1 7.86616E-2 2.22091E-2 2.79889E-2 9.60327E-3 1.71827E-2 8.88957E-3 3.72105E-3 2.45438E-3 4.49126E-3 2.70894E-3 2.77607E-3 4.37609E-3 7.02179E-3 9.03245E-3 9.03865E-3 7.18295E-3 6.45311E-3 6.58656E-3 6.95866E-3 7.62928E-3 7.84477E-3 7.37944E-3 7.01771E-3 6.64212E-3 6.537E-3 6.62395E-3 7.57559E-3
-9999 -9999 -9999 -9999 -9999 -9999 -9999 -9999 -9999 -9999 -9999 -9999 -9999 -9999 -9999 5.53193E-1 9.4827E-1 9.58745E-1 9.40196E-1 8.74514E-1 7.80895E-1 8.24161E-1 8.37451E-1 9.93931E-1 9.75141E-1 4.28478E-1 8.11112E-2 6.11133E-2 8.08698E-2 9.85992E-2 1.58438E-1 4.13089E-1 3.82485E-1 2.23859E-1 1.50466E-1 2.27522E-2 1.01312E-2 9.61631E-3 7.5933E-3 3.36984E-3 3.52814E-3 2.77897E-3 3.00716E-3 7.57387E-3 3.8336E-3 5.92107E-3 8.71091E-3 1.1454E-2 6.7315E-3 5.84679E-3 5.61697E-3 5.81748E-3 5.97079E-3 6.90307E-3 7.9311E-3 7.1564E-3 6.54513E-3 6.61906E-3 6.12836E-3 6.66748E-3 7.07535E-3
-9999 -9999 -9999 -9999 -9999 -9999 -9999 -9999 -9999 -9999 -9999 -9999 -9999 -9999 -9999 5.52921E-1 9.45199E-1 9.41498E-1 9.35246E-1 8.56048E-1 8.54301E-1 7.61126E-1 9.57973E-1 9.59117E-1 9.82938E-1 4.87197E-1 7.55593E-2 9.42151E-2 1.25019E-1 1.82585E-1 2.31283E-1 4.03323E-1 3.53118E-1 2.56313E-1 1.85934E-1 1.37735E-2 5.64764E-3 7.21068E-3 3.06914E-3 3.02503E-3 3.34364E-3 1.66397E-3 1.77866E-3 5.41378E-3 6.40477E-3 6.40396E-3 8.79903E-3 1.00792E-2 6.52253E-3 5.79843E-3 5.99466E-3 5.23162E-3 6.16158E-3 6.05734E-3 7.01868E-3 6.80115E-3 6.64126E-3 6.17125E-3 5.99888E-3 6.59691E-3 6.7009E-3
