Artocarpus hirsutus SDM files/MIS19/results (without bias file)/Arthir_median.asc
ncols         625
nrows         721
xllcorner     69.99986311115
yllcorner     5.99986187915
cellsize      0.041666667
NODATA_value  -9999
[rows 216 to 242 of 721, columns 488 to 548 of 625]
9.06896E-4 1.49553E-3 1.8763E-3 1.12838E-3 1.25538E-3 2.37979E-3 1.79824E-3 2.15073E-3 2.36198E-3 2.14754E-3 3.23713E-3 4.19733E-2 2.81942E-3 2.9148E-3 4.36486E-3 4.07351E-3 4.71622E-3 5.04363E-3 5.84326E-3 4.97223E-3 3.59016E-3 3.30891E-3 2.44742E-3 1.25768E-3 1.11906E-3 1.65409E-2 1.1488E-3 1.14898E-3 1.17814E-3 9.92092E-4 1.11199E-3 1.17696E-3 1.1887E-3 1.32962E-3 1.36023E-3 1.59824E-3 1.37358E-3 1.3831E-3 1.79727E-3 1.61147E-3 1.56597E-3 2.12786E-3 2.44645E-3 1.41815E-3 1.88454E-3 1.90684E-3 2.40432E-3 2.72472E-3 2.8535E-3 2.08564E-3 2.73557E-3 3.57853E-3 4.48839E-3 4.34735E-3 3.99711E-3 4.24748E-3 3.83187E-3 4.26279E-3 4.29272E-3 4.62893E-3 4.25931E-3
5.87741E-4 6.724E-4 1.40888E-3 2.14978E-3 1.47545E-3 1.14479E-3 1.28063E-3 8.57512E-4 8.77244E-4 2.3553E-3 2.69101E-3 2.54339E-3 5.25473E-2 4.72712E-3 4.68675E-3 6.87791E-3 5.76542E-3 2.94899E-3 5.58128E-3 4.92113E-3 5.19782E-2 4.90397E-3 1.10963E-3 1.15776E-3 1.35526E-3 9.45804E-4 1.34547E-3 1.03198E-3 1.13752E-3 1.12369E-3 1.24393E-3 1.36312E-3 1.28571E-3 1.39956E-3 1.57363E-3 1.9124E-3 1.91203E-3 1.71674E-3 2.185E-3 2.33048E-3 1.65438E-3 1.75115E-3 2.35058E-3 1.50374E-3 2.0845E-3 1.98989E-3 2.03861E-3 2.6159E-3 2.35285E-3 2.27189E-3 2.6697E-3 3.24917E-3 3.29851E-3 3.55944E-3 4.35008E-3 3.91365E-3 4.53709E-3 4.66745E-3 4.46173E-3 3.77749E-3 3.96688E-3
7.10638E-4 1.02623E-3 7.65096E-4 1.05175E-3 1.58403E-3 1.40098E-3 1.58062E-3 9.72673E-4 1.07723E-3 2.13617E-3 3.69697E-3 2.65108E-3 4.84755E-2 5.83919E-2 4.57641E-3 4.24307E-3 5.84297E-3 7.30289E-3 4.83478E-3 4.17325E-3 3.65645E-3 4.37259E-3 6.04909E-3 1.20238E-3 1.14847E-3 1.1184E-3 1.22577E-3 1.11842E-3 1.13426E-3 1.37197E-3 1.37946E-3 1.40028E-3 1.37304E-3 1.67359E-3 1.56304E-3 2.05331E-3 1.73334E-3 1.80617E-3 1.99212E-3 1.92548E-3 2.49883E-3 2.26998E-3 1.6279E-3 1.93005E-3 2.28339E-3 2.32906E-3 2.24959E-3 2.07579E-3 2.37809E-3 2.70547E-3 2.70056E-3 2.43077E-3 2.37905E-3 2.6844E-3 2.8394E-3 2.85256E-3 3.11414E-3 3.97035E-3 5.78697E-3 3.89714E-3 3.70178E-3
1.05964E-3 1.35714E-3 1.35568E-3 1.48556E-3 1.95533E-3 1.69104E-3 2.3142E-3 1.82538E-3 2.44553E-3 3.73505E-3 2.18076E-3 2.91005E-3 4.78743E-3 4.0772E-3 5.453E-3 6.15224E-3 8.08915E-3 8.20301E-3 7.26329E-3 5.95068E-3 5.56409E-3 5.57647E-3 5.96814E-3 1.16374E-3 1.36007E-3 1.03533E-3 1.23516E-3 1.19476E-3 1.39013E-3 1.12829E-3 1.5473E-3 1.77389E-3 1.47514E-3 1.7276E-3 2.02461E-3 1.82987E-3 1.60608E-3 2.02107E-3 2.17437E-3 2.17994E-3 2.13611E-3 2.32608E-3 1.63054E-3 1.9243E-3 2.18445E-3 2.07363E-3 2.10187E-3 2.08826E-3 2.17563E-3 2.43509E-3 2.34808E-3 2.69494E-3 2.9315E-3 2.44155E-3 2.72541E-3 2.73369E-3 2.75933E-3 2.89125E-3 3.64766E-3 3.77693E-3 3.39775E-3
1.31414E-3 1.35505E-3 1.55794E-3 1.91509E-3 2.10025E-3 1.90521E-3 1.22363E-3 1.75873E-3 2.60534E-3 2.32463E-3 2.7156E-3 4.44378E-3 5.52209E-3 4.5974E-3 5.30514E-3 5.07088E-3 6.07592E-3 6.18414E-3 8.07999E-3 7.76472E-3 6.77254E-3 7.04524E-3 8.80216E-3 9.44224E-4 1.00946E-2 6.03755E-3 8.23973E-3 1.26112E-3 1.42377E-3 1.39726E-3 1.58814E-3 1.75947E-3 1.68971E-3 1.76597E-3 2.10694E-3 1.83386E-3 1.81625E-3 1.9949E-3 1.97691E-3 1.99691E-3 1.91048E-3 2.15202E-3 1.93215E-3 1.97547E-3 1.98881E-3 2.12606E-3 2.13487E-3 2.08422E-3 2.13632E-3 2.27128E-3 2.21965E-3 2.31656E-3 2.43454E-3 2.45395E-3 2.45308E-3 2.88594E-3 3.16423E-3 3.66048E-3 3.66359E-3 3.64488E-3 3.31068E-3
1.33993E-3 1.48596E-3 1.63098E-3 2.13934E-3 2.22008E-3 1.93369E-3 1.8895E-3 1.46722E-3 1.89801E-3 2.82347E-3 2.98679E-3 3.56709E-3 5.19285E-3 6.3789E-3 7.41078E-3 7.98705E-3 1.0431E-2 9.73148E-3 9.04536E-3 1.08439E-2 1.08525E-2 9.50654E-3 9.40888E-3 1.23664E-2 1.06581E-2 7.53192E-3 8.70062E-3 8.95745E-3 9.89585E-3 7.78055E-3 1.50502E-3 1.67573E-3 1.65128E-3 1.79266E-3 1.6598E-3 1.80995E-3 1.82085E-3 1.96332E-3 1.96508E-3 1.99749E-3 1.94783E-3 1.955E-3 2.0882E-3 2.01994E-3 2.04643E-3 2.17415E-3 2.1782E-3 2.10989E-3 2.10751E-3 2.10132E-3 2.24647E-3 2.26602E-3 2.35264E-3 2.3582E-3 2.47193E-3 2.47065E-3 2.76522E-3 3.27393E-3 3.32643E-3 3.30327E-3 3.2964E-3
1.39371E-3 1.44978E-3 1.95259E-3 2.18347E-3 2.38003E-3 2.57087E-3 2.51365E-3 2.7423E-3 3.02789E-3 3.54245E-3 4.10487E-3 5.48258E-3 6.59931E-3 7.6117E-3 6.61975E-3 7.47553E-3 8.53392E-3 7.94007E-3 7.04248E-3 7.55908E-3 7.82834E-3 8.2759E-3 9.5533E-3 9.99808E-3 1.00513E-2 8.47648E-3 7.89098E-3 7.83714E-3 7.8059E-3 7.13797E-3 6.89255E-3 7.12651E-3 6.60598E-3 1.72246E-3 1.84383E-3 1.8721E-3 1.89099E-3 2.04108E-3 2.0454E-3 1.99373E-3 2.02591E-3 2.02894E-3 2.16794E-3 2.19015E-3 2.19642E-3 2.19461E-3 2.11744E-3 2.12435E-3 2.12752E-3 2.04909E-3 2.18405E-3 2.27695E-3 2.28104E-3 2.27423E-3 2.35264E-3 2.36729E-3 2.4854E-3 2.60552E-3 3.17208E-3 3.30517E-3 3.29438E-3
1.32226E-3 1.62509E-3 2.0558E-3 2.29464E-3 2.76697E-3 2.93561E-3 3.34276E-3 3.48122E-3 3.9495E-3 4.46932E-3 5.07882E-3 5.71183E-3 7.87293E-3 6.67348E-3 6.60917E-3 7.07736E-3 7.15227E-3 7.63495E-3 7.2706E-3 7.38268E-3 7.0787E-3 7.30427E-3 7.33289E-3 7.38846E-3 7.76559E-3 8.07249E-3 7.92495E-3 7.40394E-3 7.34751E-3 7.14582E-3 7.36192E-3 7.15409E-3 6.62189E-3 6.41778E-3 1.93353E-3 1.87666E-3 1.8966E-3 2.03108E-3 2.0453E-3 2.05817E-3 2.07189E-3 2.20437E-3 2.20674E-3 2.20898E-3 2.21187E-3 2.13995E-3 2.13939E-3 2.1391E-3 2.06437E-3 2.06613E-3 2.06571E-3 2.07297E-3 2.07025E-3 2.06823E-3 2.27959E-3 2.36789E-3 2.48817E-3 2.48565E-3 2.61184E-3 2.89611E-3 3.19686E-3
1.52538E-3 2.00903E-3 2.35446E-3 2.71719E-3 3.04243E-3 3.25524E-3 3.54139E-3 4.0418E-3 4.2937E-3 5.0382E-3 5.59572E-3 6.47809E-3 6.71619E-3 6.09498E-3 6.51683E-3 6.67762E-3 6.66169E-3 7.16674E-3 7.21605E-3 7.681E-3 7.51373E-3 7.73387E-3 7.45723E-3 7.41796E-3 7.75249E-3 7.75193E-3 7.65941E-3 7.37767E-3 7.67996E-3 7.52584E-3 7.31368E-3 7.13927E-3 1.96263E-3 1.88819E-3 1.99145E-3 2.03811E-3 2.06891E-3 2.08098E-3 2.08288E-3 2.08649E-3 2.22554E-3 2.22729E-3 2.22849E-3 2.22955E-3 2.23035E-3 2.1545E-3 2.15657E-3 2.07856E-3 2.07786E-3 2.07786E-3 2.07918E-3 2.07602E-3 2.07353E-3 2.06642E-3 2.13396E-3 2.1401E-3 2.13733E-3 2.24013E-3 2.6349E-3 2.63401E-3 2.88552E-3
1.96903E-3 2.125E-3 2.58102E-3 2.85428E-3 3.50251E-3 3.84873E-3 3.96109E-3 4.50812E-3 4.84572E-3 5.52092E-3 6.0509E-3 6.70579E-3 6.14654E-3 6.66733E-3 6.74595E-3 7.04811E-3 7.12484E-3 7.75727E-3 8.08744E-3 7.91584E-3 8.18454E-3 7.74348E-3 7.84724E-3 7.68591E-3 7.6852E-3 8.43659E-3 8.32769E-3 8.04809E-3 7.8757E-3 7.65023E-3 7.42559E-3 6.84544E-3 2.0347E-3 2.02501E-3 1.9455E-3 2.07408E-3 2.09758E-3 2.10324E-3 2.23282E-3 2.23773E-3 2.23811E-3 2.24023E-3 2.24902E-3 2.24939E-3 2.16767E-3 2.1696E-3 2.0918E-3 2.09195E-3 2.09088E-3 2.09006E-3 3.49665E-2 2.0868E-3 2.08888E-3 2.07775E-3 2.07544E-3 2.14909E-3 2.14528E-3 2.12958E-3 2.6208E-3 2.6294E-3 2.6287E-3
3.76441E-2 2.56527E-3 2.83245E-3 3.42604E-3 6.67919E-2 7.23848E-2 4.96251E-3 5.08485E-3 5.45803E-3 6.04641E-3 9.83438E-2 9.88002E-2 1.06708E-1 1.08983E-1 1.14362E-1 1.17101E-1 1.18923E-1 8.13921E-3 8.5071E-3 8.38853E-3 8.17733E-3 8.12078E-3 7.88471E-3 8.10978E-3 7.98036E-3 8.33778E-3 8.19982E-3 8.35064E-3 7.74315E-3 7.86256E-3 8.1001E-3 7.73421E-3 2.12559E-3 2.02548E-3 2.15838E-3 2.13284E-3 2.10864E-3 2.25243E-3 2.25407E-3 2.25769E-3 2.25989E-3 2.25928E-3 2.24777E-3 2.16817E-3 2.17006E-3 2.17033E-3 2.09245E-3 2.09249E-3 3.49702E-2 3.52742E-2 3.52742E-2 3.52642E-2 3.52721E-2 3.52806E-2 2.09715E-3 2.17114E-3 2.16484E-3 2.16401E-3 2.15463E-3 2.26029E-3 2.37274E-3
4.53485E-2 4.89322E-2 5.36794E-2 6.49017E-2 7.98384E-2 8.75365E-2 8.87977E-2 9.68637E-2 9.87685E-2 9.96128E-2 9.96641E-2 1.06411E-1 1.11358E-1 1.14233E-1 1.18724E-1 1.21028E-1 1.23149E-1 1.2391E-1 1.28805E-1 8.23789E-3 8.15179E-3 8.3449E-3 8.1899E-3 8.02481E-3 8.65867E-3 8.46013E-3 8.20573E-3 7.99957E-3 7.77852E-3 8.02197E-3 7.71399E-3 7.40626E-3 2.1269E-3 2.24063E-3 2.22312E-3 2.19904E-3 2.16856E-3 2.36142E-3 2.36513E-3 2.26144E-3 2.26285E-3 2.18131E-3 2.18204E-3 2.18157E-3 2.18172E-3 2.10347E-3 2.10359E-3 3.52672E-2 3.52532E-2 3.52618E-2 3.52374E-2 3.52313E-2 2.10344E-3 2.10172E-3 2.10115E-3 2.17697E-3 2.17418E-3 2.26586E-3 2.26525E-3 2.37611E-3 2.37363E-3
5.41167E-2 6.08602E-2 6.9747E-2 7.87433E-2 8.91556E-2 9.20792E-2 9.91193E-2 1.01416E-1 1.01287E-1 1.01269E-1 1.03334E-1 1.12804E-1 1.16229E-1 1.20136E-1 1.21439E-1 1.24856E-1 1.23816E-1 1.29998E-1 1.29973E-1 1.28337E-1 8.44192E-3 8.18747E-3 8.21041E-3 8.44195E-3 8.40026E-3 8.4122E-3 8.11643E-3 8.32071E-3 8.16826E-3 7.79061E-3 7.56693E-3 7.24672E-3 2.31228E-3 2.28803E-3 2.26866E-3 2.23424E-3 2.45127E-3 2.3951E-3 2.36811E-3 2.27494E-3 2.27554E-3 2.27554E-3 2.28574E-3 2.11473E-3 2.1146E-3 2.11435E-3 3.55262E-2 3.54906E-2 3.5455E-2 3.54501E-2 3.52281E-2 2.1035E-3 2.1021E-3 1.96895E-3 1.96543E-3 2.03422E-3 2.03227E-3 2.13183E-3 2.13183E-3 2.13105E-3 2.12838E-3
7.29081E-2 7.81698E-2 7.63425E-2 9.07704E-2 9.28021E-2 1.00264E-1 9.91339E-2 1.08882E-1 1.06363E-1 1.0868E-1 1.09649E-1 1.18238E-1 1.22455E-1 1.25247E-1 1.24027E-1 1.25093E-1 1.25214E-1 1.31965E-1 1.31833E-1 1.29346E-1 1.2663E-1 8.25452E-3 7.92909E-3 8.51691E-3 8.18053E-3 7.82269E-3 8.41463E-3 8.18326E-3 7.89784E-3 7.52993E-3 7.25577E-3 7.70785E-3 2.48487E-3 2.44928E-3 2.41235E-3 2.25989E-3 2.44983E-3 2.31046E-3 2.27544E-3 2.27557E-3 2.27511E-3 2.27524E-3 2.19259E-3 2.11232E-3 2.11276E-3 3.32376E-2 3.54241E-2 3.53957E-2 3.54016E-2 3.5506E-2 3.30637E-2 3.3082E-2 3.30802E-2 1.96682E-3 1.96467E-3 1.83911E-3 1.83514E-3 1.91621E-3 2.03124E-3 2.13344E-3 2.13442E-3
8.73199E-2 8.56752E-2 7.79607E-2 4.73846E-3 9.71158E-2 1.13836E-1 9.70009E-2 1.12398E-1 1.12797E-1 1.14149E-1 1.15145E-1 1.23943E-1 1.24437E-1 1.24003E-1 1.23899E-1 1.25333E-1 1.3045E-1 1.31439E-1 1.29234E-1 1.26044E-1 1.24008E-1 8.05765E-3 7.83777E-3 8.34327E-3 7.9621E-3 7.70864E-3 8.26569E-3 7.92039E-3 7.50858E-3 7.22621E-3 6.99113E-3 7.26713E-3 2.399E-3 2.35601E-3 2.31352E-3 2.26227E-3 2.22806E-3 2.31376E-3 2.28747E-3 2.28718E-3 2.28655E-3 2.20348E-3 2.20304E-3 2.20256E-3 3.5624E-2 2.10972E-3 3.53712E-2 3.5478E-2 3.33219E-2 3.3349E-2 3.12698E-2 3.12681E-2 3.10058E-2 3.09925E-2 1.84097E-3 1.83826E-3 1.8358E-3 1.91751E-3 1.91729E-3 1.91751E-3 2.13553E-3
8.78804E-2 6.70531E-2 8.35172E-2 8.4688E-2 9.32308E-2 8.91196E-2 1.07824E-1 1.08681E-1 1.29715E-1 1.18279E-1 1.2547E-1 1.24441E-1 1.24882E-1 1.23432E-1 1.22732E-1 1.23609E-1 1.23017E-1 1.29361E-1 1.26015E-1 1.22824E-1 1.20259E-1 7.74514E-3 7.97557E-3 8.10217E-3 7.95027E-3 7.52307E-3 8.04409E-3 7.6568E-3 7.18449E-3 6.60982E-3 6.28236E-3 6.47413E-3 6.34071E-3 2.34468E-3 2.32625E-3 2.41016E-3 2.34843E-3 2.28685E-3 2.20433E-3 2.20362E-3 2.20288E-3 2.20221E-3 2.20203E-3 1.99026E-3 2.12215E-3 1.98102E-3 3.32765E-2 3.33219E-2 3.12493E-2 3.12639E-2 3.12698E-2 3.12642E-2 2.92874E-2 2.92763E-2 2.92718E-2 1.72358E-3 1.72358E-3 1.91791E-3 1.91781E-3 1.91777E-3 1.91777E-3
8.90183E-2 8.56937E-2 9.3196E-2 9.55157E-2 1.08943E-1 1.23732E-1 1.11202E-1 1.11056E-1 1.27377E-1 1.20626E-1 1.20395E-1 1.25756E-1 1.2528E-1 1.21927E-1 1.21988E-1 1.19308E-1 1.24845E-1 1.23074E-1 1.21415E-1 1.20052E-1 1.16034E-1 7.66159E-3 7.83539E-3 7.87779E-3 7.71687E-3 7.31871E-3 7.04907E-3 7.44381E-3 6.76919E-3 6.3175E-3 6.37763E-3 6.11696E-3 5.92869E-3 2.47707E-3 2.45353E-3 2.29251E-3 2.09036E-3 2.07488E-3 2.06512E-3 2.06393E-3 2.06207E-3 2.19737E-3 2.20145E-3 1.99026E-3 3.35562E-2 3.3587E-2 3.15046E-2 3.15199E-2 3.12658E-2 2.93024E-2 2.92966E-2 2.9289E-2 2.9272E-2 2.92718E-2 2.92697E-2 1.73443E-3 1.72332E-3 1.80756E-3 1.80752E-3 1.91625E-3 1.91753E-3
5.74322E-2 8.98523E-2 9.65089E-2 9.20905E-2 9.22643E-2 1.19439E-1 1.13781E-1 1.27598E-1 1.23766E-1 1.22223E-1 1.20146E-1 1.24471E-1 1.23954E-1 1.20676E-1 1.19031E-1 1.1635E-1 1.23762E-1 1.19738E-1 1.18305E-1 1.15542E-1 7.56538E-3 7.82213E-3 7.80877E-3 7.55899E-3 7.25802E-3 7.70881E-3 7.39848E-3 7.08558E-3 6.67026E-3 6.05239E-3 6.12599E-3 5.84546E-3 5.33338E-3 6.22276E-3 5.44863E-3 2.07155E-3 2.06782E-3 2.07278E-3 2.20815E-3 2.11909E-3 2.10669E-3 2.12264E-3 2.06375E-3 3.35523E-2 3.14792E-2 3.15066E-2 3.15199E-2 3.15086E-2 2.95451E-2 2.92858E-2 2.7497E-2 2.75184E-2 2.75261E-2 2.75436E-2 2.75342E-2 1.63416E-3 1.63385E-3 1.73449E-3 1.82136E-3 1.92411E-3 2.15717E-3
1.00142E-1 1.07221E-1 1.08993E-1 1.04393E-1 1.19594E-1 1.2241E-1 1.17829E-1 1.3348E-1 1.24515E-1 1.22473E-1 1.1824E-1 1.24046E-1 1.18781E-1 1.16793E-1 1.14826E-1 1.13459E-1 1.19015E-1 1.18024E-1 1.16535E-1 7.61064E-3 7.40037E-3 7.52893E-3 7.82238E-3 7.78619E-3 7.46684E-3 7.10953E-3 7.19436E-3 6.74327E-3 6.37955E-3 6.47128E-3 5.58405E-3 5.25151E-3 5.2003E-3 7.94733E-3 5.14384E-3 2.07795E-3 1.98933E-3 1.98552E-3 2.0905E-3 2.65371E-3 2.23955E-3 1.99788E-3 3.16718E-2 3.14821E-2 3.15139E-2 3.15243E-2 3.14792E-2 2.95451E-2 2.7737E-2 2.77538E-2 2.75495E-2 2.75487E-2 2.75436E-2 2.75382E-2 2.7546E-2 1.63412E-3 1.6338E-3 1.63396E-3 1.80755E-3 2.28144E-3 3.23809E-3
1.13954E-1 1.15345E-1 1.15256E-1 1.21358E-1 1.20843E-1 1.34168E-1 1.25788E-1 1.29288E-1 1.25257E-1 1.20421E-1 1.1607E-1 1.19336E-1 1.18054E-1 1.14541E-1 1.12226E-1 1.10549E-1 1.08759E-1 1.12971E-1 1.10554E-1 7.23561E-3 7.07755E-3 7.18029E-3 7.62532E-3 7.35045E-3 7.08614E-3 7.09024E-3 7.29756E-3 6.98368E-3 6.44164E-3 6.11148E-3 5.51932E-3 5.13132E-3 6.02065E-3 6.62315E-2 4.24117E-3 4.26175E-3 4.29521E-3 4.74674E-3 5.26477E-3 5.86125E-2 1.86312E-3 1.873E-3 3.16937E-2 3.17786E-2 2.97912E-2 2.95375E-2 3.12696E-2 2.60307E-2 2.60728E-2 2.60733E-2 2.77386E-2 2.60542E-2 2.75047E-2 2.58502E-2 2.58689E-2 1.63366E-3 1.63386E-3 1.63276E-3 1.62257E-3 2.17315E-3 3.50091E-3
1.18295E-1 1.26159E-1 1.23763E-1 1.19025E-1 1.31673E-1 1.39095E-1 1.31555E-1 1.27683E-1 1.19744E-1 1.15615E-1 1.18487E-1 1.14302E-1 1.10053E-1 1.05458E-1 1.04494E-1 1.09671E-1 1.07955E-1 1.07335E-1 6.91246E-3 6.83393E-3 6.93249E-3 7.11855E-3 7.78058E-3 7.57517E-3 7.31773E-3 7.81617E-3 6.66609E-3 7.23433E-3 6.69623E-3 6.6501E-3 5.40662E-3 4.92434E-3 4.76957E-3 4.40705E-3 4.68684E-3 6.15469E-3 5.68184E-3 2.68452E-3 2.57301E-3 4.1238E-3 4.70458E-3 1.98671E-3 6.12254E-2 2.97721E-2 2.97899E-2 2.77556E-2 2.77556E-2 2.60375E-2 2.60708E-2 2.76883E-2 2.76446E-2 2.76046E-2 2.75625E-2 4.91772E-2 2.58326E-2 1.63386E-3 1.63298E-3 1.53878E-3 2.02095E-3 2.24988E-3 2.25599E-3
1.2601E-1 1.28008E-1 1.2646E-1 1.23457E-1 1.29914E-1 1.32387E-1 1.32005E-1 1.23898E-1 1.189E-1 1.21015E-1 1.15666E-1 1.11645E-1 1.08478E-1 1.04558E-1 1.02032E-1 1.01459E-1 1.00435E-1 6.87093E-3 6.86787E-3 7.01057E-3 7.11936E-3 6.79384E-3 7.46439E-3 7.3735E-3 7.39057E-3 7.11569E-3 6.8241E-3 6.32182E-3 5.72365E-3 5.67169E-3 5.3273E-3 4.70572E-3 5.17125E-3 5.16773E-3 4.16948E-3 6.28273E-2 6.34051E-2 6.4773E-2 4.20971E-3 5.66788E-2 4.09493E-3 3.94421E-3 5.36483E-2 5.45303E-2 5.54562E-2 2.94709E-2 5.19134E-2 2.46097E-2 5.33547E-2 1.83944E-3 5.02531E-2 2.00635E-3 4.72816E-2 4.64277E-2 4.73639E-2 3.11469E-3 3.04588E-3 2.94958E-3 4.57412E-2 1.35562E-3 1.46332E-3
1.28111E-1 1.27454E-1 1.23119E-1 1.42517E-1 1.364E-1 1.32512E-1 1.28815E-1 1.22809E-1 1.16298E-1 1.22107E-1 1.11269E-1 1.0768E-1 1.0358E-1 9.95937E-2 9.76291E-2 9.77003E-2 9.80643E-2 6.12773E-3 6.70632E-3 6.6524E-3 6.84736E-3 6.93639E-3 7.13946E-3 7.18599E-3 6.88304E-3 6.79203E-3 6.6684E-3 6.65926E-3 6.7536E-3 6.10358E-3 5.45097E-3 6.79167E-3 5.46725E-3 5.01601E-3 4.72153E-3 4.28581E-3 5.16945E-3 3.9531E-3 3.6687E-3 3.73511E-3 5.39459E-3 4.29511E-3 4.30217E-3 3.55882E-3 1.99072E-3 2.15558E-3 5.17703E-2 5.20007E-2 1.71392E-3 2.32715E-3 2.18925E-3 1.90877E-3 1.61126E-3 1.90053E-3 4.61453E-2 3.05522E-3 3.00903E-3 1.53122E-3 2.55694E-2 2.55055E-2 2.70985E-2
1.24331E-1 1.27297E-1 1.22983E-1 1.2148E-1 1.22838E-1 1.50483E-1 1.25969E-1 1.1842E-1 1.12081E-1 1.133E-1 1.09012E-1 1.04502E-1 9.74983E-2 9.42431E-2 9.27807E-2 9.25591E-2 5.88357E-3 5.74997E-3 6.36741E-3 6.52848E-3 6.61733E-3 6.46611E-3 6.79949E-3 6.83289E-3 7.07185E-3 6.67527E-3 6.70487E-3 6.37594E-3 5.67882E-3 5.68664E-3 5.85983E-3 7.24043E-3 9.17205E-3 7.86655E-3 6.97941E-3 6.84028E-3 4.66206E-3 3.8469E-3 4.83092E-3 5.27157E-3 5.59266E-3 5.90646E-3 2.16819E-3 4.51585E-3 3.82661E-3 5.50036E-2 5.08917E-2 4.24432E-3 1.76529E-3 2.07452E-3 2.03158E-3 1.86052E-3 1.99191E-3 1.94587E-3 4.5772E-2 3.17914E-3 3.27623E-3 1.63764E-3 1.62507E-3 1.72404E-3 3.14709E-3
1.15724E-1 1.28612E-1 1.13997E-1 1.17347E-1 1.19375E-1 1.31103E-1 1.24647E-1 1.1724E-1 1.11875E-1 1.08369E-1 1.02833E-1 9.66455E-2 9.16274E-2 9.33942E-2 9.4574E-2 5.9589E-3 5.74327E-3 5.73277E-3 6.27508E-3 6.51189E-3 6.2959E-3 6.38135E-3 6.63689E-3 6.74051E-3 7.57654E-3 7.41451E-3 6.52388E-3 5.93597E-3 5.92435E-3 6.09379E-3 7.82301E-3 7.81947E-3 7.88747E-3 7.01962E-3 7.28613E-3 5.14226E-3 4.72726E-3 4.82586E-3 5.54061E-3 5.12187E-3 5.00151E-3 4.88977E-3 2.03208E-3 4.99343E-3 5.05004E-3 4.58127E-3 2.34853E-3 2.41225E-3 1.77705E-3 1.41957E-3 1.71783E-3 1.67051E-3 1.73229E-3 3.41168E-3 3.13232E-3 1.72972E-3 1.78474E-3 1.79946E-3 1.9951E-3 3.52443E-3 3.53557E-3
1.34717E-1 1.34546E-1 1.20855E-1 1.29303E-1 1.20705E-1 1.00621E-1 1.43177E-1 1.12801E-1 1.00325E-1 9.78065E-2 9.33533E-2 8.98855E-2 8.61571E-2 8.65573E-2 8.72357E-2 5.75885E-3 5.49577E-3 5.87327E-3 6.11143E-3 6.26695E-3 6.40403E-3 6.43387E-3 8.45973E-3 8.51879E-3 1.18841E-2 8.67198E-3 8.21039E-3 6.51267E-3 7.5956E-3 8.05018E-3 9.87578E-3 6.13446E-3 5.08307E-3 4.32691E-3 4.55583E-3 6.13611E-3 6.11486E-3 5.89138E-3 6.37665E-3 5.95651E-3 2.39333E-3 2.56253E-3 5.467E-3 2.68083E-3 2.31607E-3 2.05037E-3 1.69784E-3 1.37168E-3 1.11439E-3 9.2198E-4 1.22355E-3 1.47588E-3 2.54975E-2 4.81009E-2 3.50101E-3 4.04151E-3 3.34191E-3 1.8894E-3 3.48108E-3 3.4465E-3 4.00591E-3
1.33191E-1 1.29584E-1 1.15958E-1 1.15266E-1 1.22087E-1 1.11158E-1 1.26867E-1 9.03504E-2 9.71552E-2 1.06756E-1 8.4068E-2 8.68296E-2 5.45258E-3 5.38434E-3 6.83231E-3 5.35568E-3 5.55502E-3 5.84005E-3 6.0838E-3 6.18972E-3 6.26228E-3 6.23194E-3 6.81432E-3 7.89021E-3 1.17518E-2 6.88834E-3 8.72033E-3 6.69186E-3 7.71689E-3 6.75916E-3 7.67188E-3 7.36584E-3 5.55482E-3 5.69225E-3 4.07951E-3 5.34867E-3 6.75676E-3 7.05789E-3 6.62635E-3 2.28503E-3 2.41089E-3 2.39201E-3 2.57997E-3 2.14051E-3 1.58731E-3 1.24176E-3 1.60018E-3 2.11551E-2 1.86426E-2 1.52618E-3 1.9516E-3 2.08022E-3 2.2282E-3 5.05057E-3 2.88051E-3 4.89194E-3 3.77065E-3 3.43681E-3 3.50624E-3 3.68139E-3 3.93981E-3
