Artocarpus hirsutus SDM files/MIS19/results (without bias file)/Arthir_median.asc
ncols         625
nrows         721
xllcorner     69.99986311115
yllcorner     5.99986187915
cellsize      0.041666667
NODATA_value  -9999
[rows 432 to 458 of 721, columns 244 to 304 of 625]
2.87031E-4 3.16332E-4 2.72222E-4 3.87683E-4 4.46324E-4 5.88541E-4 4.20261E-4 4.32463E-4 3.35403E-4 2.7406E-4 2.91227E-4 4.12383E-4 3.64364E-4 4.13692E-4 4.17245E-4 4.83229E-4 7.16188E-4 1.01502E-3 1.38915E-3 1.69569E-3 1.29948E-3 7.13397E-4 3.16646E-3 2.73401E-3 1.30345E-3 1.17641E-3 1.80056E-3 1.51472E-3 1.65449E-3 1.85827E-3 2.72466E-3 2.14245E-3 2.82733E-3 3.17082E-3 5.96776E-3 3.13045E-3 6.51083E-3 5.20359E-3 3.44677E-3 6.84916E-3 1.21766E-2 1.71187E-2 7.42674E-3 3.97725E-3 7.80882E-3 2.12957E-2 3.84189E-3 7.58226E-3 1.69858E-2 8.9842E-3 2.10542E-2 5.47279E-3 5.25033E-3 7.02603E-3 9.34239E-3 1.17547E-2 1.95569E-2 9.20635E-3 1.9361E-2 2.51287E-2 6.12603E-3
4.58242E-4 3.09394E-4 2.57237E-4 3.54796E-4 3.66677E-4 6.80484E-4 8.65991E-4 8.97186E-4 6.68236E-4 3.75499E-4 3.64034E-4 6.08969E-4 4.50011E-4 4.07366E-4 4.2619E-4 4.44087E-4 4.40431E-4 7.27911E-4 1.36916E-3 1.4247E-3 9.01183E-4 1.13638E-3 1.78693E-3 2.67439E-3 3.2221E-3 2.6907E-3 1.38832E-3 8.99116E-4 1.7115E-3 2.38391E-3 2.25337E-3 2.24208E-3 3.59438E-3 4.30036E-3 5.46641E-3 4.90827E-3 3.69802E-3 5.62577E-3 7.0862E-3 8.91763E-3 5.99096E-3 4.43727E-3 6.91271E-3 9.29511E-3 7.01843E-3 7.61904E-3 8.67513E-3 1.26027E-2 1.17983E-2 8.20655E-3 2.41217E-2 1.94744E-2 6.48737E-3 3.03434E-3 5.64317E-3 8.1535E-3 1.571E-2 1.52597E-2 1.84054E-2 6.91676E-3 4.28395E-3
4.36724E-4 4.36919E-4 4.62149E-4 2.00447E-4 2.43118E-4 4.40073E-4 1.10712E-3 4.97236E-4 7.26468E-4 9.98774E-4 6.45291E-4 1.689E-3 6.78903E-4 4.22226E-4 4.21311E-4 4.30513E-4 8.21241E-4 4.60042E-4 9.48321E-4 1.02644E-3 9.95365E-4 1.05283E-3 1.22622E-3 1.63203E-3 3.58779E-3 3.2227E-3 1.5204E-3 1.60766E-3 1.07471E-3 2.00904E-3 2.05947E-3 2.86452E-3 3.02125E-3 3.8372E-3 4.39873E-3 5.8839E-3 4.70348E-3 1.22283E-2 7.89697E-3 3.93621E-3 8.96546E-3 1.08398E-2 1.69047E-2 1.26899E-2 4.79188E-3 7.09057E-3 1.12821E-2 2.12527E-2 8.55553E-3 6.75315E-3 1.06348E-2 1.89681E-2 1.04629E-2 3.49529E-3 5.85061E-3 9.80099E-3 1.72772E-2 2.5992E-2 1.92878E-2 7.00489E-3 4.75786E-3
5.3409E-4 5.39341E-4 7.48984E-4 2.23958E-4 2.31107E-4 2.54581E-4 7.47599E-4 5.81605E-4 5.59842E-4 8.14017E-4 1.46086E-3 1.35026E-3 1.004E-3 5.70324E-4 6.61541E-4 5.50069E-4 6.65009E-4 5.01354E-4 7.57814E-4 8.30471E-4 1.1605E-3 1.78728E-3 1.9134E-3 2.16621E-3 1.35447E-3 1.5475E-3 2.57603E-3 1.82328E-3 1.2532E-3 1.31413E-3 1.81499E-3 2.52294E-3 3.25274E-3 3.03216E-3 3.15163E-3 5.38676E-3 6.59599E-3 7.14908E-3 3.135E-3 7.062E-3 1.32595E-2 1.23081E-2 1.48509E-2 4.29392E-3 6.31419E-3 1.91909E-2 9.92948E-3 2.00259E-2 8.70291E-3 5.33039E-3 1.3239E-2 1.86387E-2 4.15383E-3 7.26309E-3 4.20679E-3 8.54801E-3 1.08878E-2 2.48662E-2 1.06194E-2 6.10214E-3 1.96009E-3
5.38242E-4 8.2732E-4 7.96504E-4 4.87675E-4 3.39355E-4 2.67846E-4 2.99445E-4 4.38444E-4 7.50278E-4 5.4981E-4 8.25759E-4 1.40934E-3 1.84484E-3 5.66827E-4 7.50637E-4 6.13959E-4 4.83132E-4 5.55349E-4 9.74578E-4 1.1281E-3 1.16009E-3 1.58651E-3 2.01712E-3 1.11376E-3 1.94867E-3 2.89422E-3 1.89903E-3 1.31322E-3 1.45928E-3 1.38513E-3 2.50147E-3 2.58286E-3 4.10011E-3 2.06521E-3 3.43638E-3 3.33016E-3 5.80906E-3 6.49227E-3 1.16204E-2 4.91188E-3 1.12911E-2 1.58358E-2 5.51328E-3 4.22729E-3 9.964E-3 8.22109E-3 1.63966E-2 2.55278E-2 1.16887E-2 9.6517E-3 5.97605E-3 1.69351E-2 1.02559E-2 5.6893E-3 4.23314E-3 3.63441E-3 1.0311E-2 1.18014E-2 9.11314E-3 1.13077E-2 5.4275E-3
5.95755E-4 7.8631E-4 9.8629E-4 4.95452E-4 5.17634E-4 5.09922E-4 3.54674E-4 3.18656E-4 6.15093E-4 4.97636E-4 5.29618E-4 1.0995E-3 9.79091E-4 1.3179E-3 6.18006E-4 5.20765E-4 5.1703E-4 6.265E-4 9.85035E-4 1.18554E-3 1.04888E-3 1.34385E-3 1.44035E-3 1.1881E-3 1.133E-3 1.12911E-3 1.72015E-3 1.34854E-3 1.33685E-3 1.3111E-3 2.29522E-3 2.2974E-3 1.98111E-3 2.40668E-3 2.76997E-3 2.86121E-3 7.22138E-3 1.146E-2 1.15788E-2 9.27622E-3 1.40414E-2 1.30178E-2 5.54425E-3 1.59245E-2 8.75703E-3 9.08725E-3 9.44787E-3 1.53162E-2 1.08229E-2 2.1804E-2 7.39166E-3 1.11578E-2 1.45644E-2 1.54765E-2 2.02992E-2 6.8538E-3 1.42748E-2 4.07951E-3 1.7058E-2 3.99799E-3 8.57029E-3
6.23576E-4 6.78742E-4 1.31394E-3 6.77643E-4 5.20183E-4 5.66089E-4 4.85981E-4 3.85265E-4 4.24715E-4 4.25506E-4 5.66075E-4 8.3813E-4 9.68169E-4 1.70488E-3 7.64709E-4 6.57859E-4 5.28112E-4 6.83127E-4 8.20339E-4 8.65752E-4 1.18466E-3 1.6624E-3 1.21778E-3 9.08627E-4 1.23415E-3 2.00009E-3 1.28801E-3 1.31749E-3 1.62661E-3 1.26675E-3 2.04948E-3 2.33263E-3 3.94048E-3 3.18605E-3 5.18442E-3 6.41886E-3 7.00652E-3 1.34713E-2 5.13279E-3 6.53424E-3 9.28507E-3 7.33162E-3 1.17009E-2 1.15749E-2 4.75043E-3 7.15101E-3 8.65841E-3 1.13971E-2 1.06025E-2 1.57214E-2 1.38935E-2 1.41312E-2 3.325E-3 7.37872E-3 1.61288E-2 2.16194E-2 3.44849E-3 2.31402E-3 5.19295E-3 6.87665E-3 7.42326E-4
4.0645E-4 5.07039E-4 5.86742E-4 4.5264E-4 6.31155E-4 5.10132E-4 6.30352E-4 4.36403E-4 7.26344E-4 5.01975E-4 4.16977E-4 5.05178E-4 1.34481E-3 1.23243E-3 7.15959E-4 7.9359E-4 7.53638E-4 6.14889E-4 1.08995E-3 1.46799E-3 1.25575E-3 1.34099E-3 1.09441E-3 1.21598E-3 1.47814E-3 3.88175E-3 5.3996E-3 1.67605E-3 1.02772E-3 1.18393E-3 2.49654E-3 2.62432E-3 1.99975E-3 3.47012E-3 5.48887E-3 5.27495E-3 9.10059E-3 7.00891E-3 6.43474E-3 6.08393E-3 6.48173E-3 1.81099E-2 1.60117E-2 9.06056E-3 5.38768E-3 4.04495E-3 1.153E-2 1.72531E-2 8.96565E-3 1.26656E-2 1.26894E-2 1.67521E-2 3.98359E-3 5.34638E-3 1.61332E-2 3.73686E-3 7.85909E-3 1.62322E-3 3.9339E-3 8.32265E-4 4.93401E-4
6.03165E-4 5.15141E-4 5.01677E-4 6.52449E-4 6.0819E-4 5.78386E-4 4.06665E-4 5.29473E-4 1.01672E-3 8.1319E-4 9.69881E-4 5.44283E-4 6.73528E-4 1.04766E-3 7.64147E-4 7.09773E-4 7.27089E-4 7.3805E-4 1.03605E-3 1.09499E-3 1.07797E-3 1.03966E-3 1.00109E-3 1.51388E-3 2.91125E-3 3.93119E-3 2.38166E-3 1.00052E-3 1.10623E-3 1.35753E-3 2.48657E-3 2.74005E-3 5.23886E-3 4.76972E-3 5.70182E-3 8.00499E-3 5.91073E-3 3.37841E-3 4.66079E-3 1.08441E-2 1.01343E-2 2.0877E-2 5.61344E-3 5.32038E-3 6.60747E-3 9.52345E-3 9.86456E-3 1.92617E-2 7.89206E-3 8.51298E-3 1.62375E-2 5.36793E-3 1.87417E-3 6.26557E-3 7.57972E-3 3.43868E-3 1.06965E-3 3.74764E-4 5.24241E-4 9.56887E-4 4.98102E-4
4.09463E-4 4.47087E-4 4.97057E-4 7.89361E-4 7.49105E-4 6.14749E-4 4.66657E-4 5.89716E-4 5.60058E-4 6.8454E-4 1.00066E-3 6.61883E-4 5.76806E-4 6.11753E-4 7.56882E-4 6.76222E-4 6.03607E-4 6.08917E-4 6.94123E-4 7.02788E-4 9.48744E-4 8.35078E-4 9.10014E-4 1.34101E-3 1.95306E-3 3.25405E-3 1.55E-3 1.19336E-3 1.52231E-3 1.91067E-3 4.36063E-3 6.13963E-3 3.4773E-3 3.95625E-3 1.0522E-2 4.90261E-3 5.02941E-3 5.21952E-3 8.77731E-3 7.96825E-3 7.4684E-3 1.65272E-2 1.03842E-2 6.11437E-3 5.84181E-3 6.72376E-3 1.03478E-2 1.43264E-2 3.21482E-3 6.28129E-3 1.28475E-2 1.611E-2 2.44859E-3 2.98724E-3 3.37993E-4 1.79218E-3 1.39778E-3 3.03174E-4 2.52692E-4 5.50214E-4 4.68534E-4
6.32407E-4 5.71821E-4 6.12571E-4 5.67348E-4 9.13306E-4 7.52141E-4 4.35745E-4 5.94641E-4 6.05947E-4 7.12137E-4 8.23917E-4 7.24794E-4 5.74022E-4 8.82543E-4 5.98459E-4 5.88513E-4 6.45077E-4 7.20648E-4 8.32391E-4 8.4845E-4 6.42647E-4 6.88195E-4 7.60206E-4 9.74997E-4 1.3563E-3 1.45175E-3 1.14704E-3 1.28169E-3 1.5793E-3 3.10813E-3 4.64285E-3 6.75767E-3 2.56418E-3 6.03184E-3 5.89956E-3 6.23367E-3 5.07734E-3 4.84192E-3 1.17476E-2 1.14496E-2 1.01168E-2 6.26304E-3 6.93803E-3 4.04828E-3 8.73683E-3 1.59195E-2 1.81152E-2 8.08624E-3 3.53011E-3 7.24704E-3 1.08443E-2 2.88389E-3 4.6913E-4 3.79925E-4 4.14483E-4 8.4519E-4 1.81998E-3 7.54247E-4 2.74961E-4 2.54544E-4 2.39969E-4
7.29296E-4 4.46189E-4 4.62634E-4 7.04505E-4 7.64025E-4 8.85642E-4 4.70595E-4 4.32864E-4 4.97439E-4 4.80686E-4 5.89923E-4 6.35427E-4 5.1427E-4 9.45386E-4 6.28362E-4 7.74032E-4 7.70035E-4 6.31896E-4 9.02912E-4 1.11356E-3 6.97545E-4 7.68877E-4 8.76846E-4 7.77498E-4 8.34311E-4 1.05087E-3 1.02085E-3 1.53948E-3 1.33482E-3 2.77851E-3 4.21187E-3 5.48257E-3 2.69187E-3 7.88229E-3 4.09465E-3 7.04989E-3 8.97765E-3 4.45106E-3 7.66153E-3 1.34228E-2 1.10529E-2 5.20996E-3 4.95044E-3 6.7438E-3 7.99031E-3 8.41443E-3 1.64408E-2 7.54468E-3 2.97462E-3 7.80847E-3 6.14484E-3 3.03426E-3 1.02135E-3 1.43651E-3 2.65306E-4 4.83094E-4 1.33957E-3 1.02458E-3 4.88769E-4 3.0041E-4 1.42643E-4
7.38992E-4 5.26337E-4 4.7382E-4 6.90279E-4 6.82387E-4 6.79218E-4 4.25956E-4 4.66337E-4 5.07324E-4 6.05563E-4 5.04663E-4 4.84408E-4 1.08327E-3 1.08031E-3 6.03921E-4 8.40189E-4 5.03359E-4 6.56184E-4 8.43412E-4 1.67186E-3 2.15839E-3 2.12592E-3 1.38569E-3 7.38495E-4 9.28815E-4 9.41025E-4 7.84534E-4 2.67779E-3 2.00867E-3 3.07458E-3 3.68979E-3 7.32715E-3 2.94537E-3 2.8449E-3 5.66752E-3 9.05934E-3 1.0798E-2 3.62993E-3 6.9321E-3 6.84949E-3 7.47154E-3 6.80985E-3 3.02721E-3 5.81915E-3 8.63192E-3 9.66759E-3 1.8108E-2 1.02258E-2 3.93271E-3 1.43419E-3 2.23307E-3 3.31741E-3 2.1857E-3 5.56082E-4 2.98445E-4 3.21845E-4 6.41375E-4 1.44138E-3 1.25376E-3 8.22845E-4 7.96471E-4
5.39453E-4 4.48403E-4 5.62134E-4 6.17866E-4 7.46875E-4 4.27973E-4 1.1799E-3 1.66443E-3 5.26184E-4 4.56489E-4 4.88805E-4 1.0535E-3 5.3224E-4 1.41023E-3 8.08418E-4 5.74843E-4 6.00001E-4 5.1255E-4 6.99795E-4 1.86215E-3 3.21826E-3 2.90623E-3 1.29876E-3 7.18161E-4 9.04331E-4 8.42046E-4 1.10027E-3 1.14406E-3 9.94112E-4 1.22749E-3 2.3338E-3 3.15216E-3 3.6594E-3 3.47781E-3 6.10585E-3 1.0291E-2 8.19248E-3 3.98269E-3 7.24126E-3 1.15877E-2 1.15874E-2 7.91345E-3 6.41148E-3 4.66002E-3 4.98811E-3 1.54469E-2 7.3716E-3 4.22035E-3 1.22808E-3 2.39911E-3 2.44896E-3 1.44988E-3 8.97213E-4 8.12721E-4 1.81765E-4 2.05691E-4 2.85247E-4 5.08778E-4 9.5078E-4 1.29958E-3 1.44732E-3
4.94545E-4 5.03804E-4 5.21669E-4 7.27226E-4 7.5321E-4 1.08053E-3 6.80725E-4 4.6313E-4 5.16044E-4 4.7457E-4 4.82566E-4 8.99775E-4 6.94562E-4 1.42511E-3 6.14664E-4 6.4139E-4 4.94334E-4 6.27051E-4 7.73719E-4 1.93903E-3 1.62314E-3 7.41647E-4 8.27199E-4 9.78855E-4 8.43011E-4 1.68973E-3 2.18049E-3 2.31883E-3 3.27817E-3 1.33868E-3 1.21761E-3 7.46556E-3 1.93574E-3 1.02031E-3 5.42557E-3 1.02938E-2 1.27016E-2 4.12477E-3 3.61188E-3 3.47158E-3 8.46984E-3 5.72407E-3 1.10464E-2 1.4461E-2 3.76559E-3 5.55695E-3 8.28134E-3 9.30405E-4 1.1146E-3 1.3674E-3 3.11985E-3 1.28838E-3 7.02403E-4 4.27818E-4 4.34824E-4 1.60746E-4 2.10121E-4 8.6193E-4 4.01763E-4 4.11016E-4 5.71511E-4
4.25007E-4 5.71009E-4 5.58635E-4 5.03999E-4 6.52078E-4 9.15427E-4 9.50031E-4 6.44163E-4 5.86258E-4 5.52622E-4 4.54771E-4 4.95686E-4 7.43825E-4 1.00904E-3 7.68588E-4 1.20659E-3 7.65551E-4 6.49045E-4 1.80118E-3 1.75657E-3 8.55073E-4 6.88121E-4 6.58816E-4 5.96742E-4 1.17683E-3 1.69574E-3 2.74969E-3 3.86968E-3 5.99458E-3 5.15265E-3 4.17779E-3 8.26926E-3 3.0532E-3 1.58953E-3 1.38181E-3 7.16475E-3 6.50813E-3 8.09491E-3 3.16809E-3 4.40482E-3 7.51846E-3 3.95845E-3 6.24568E-3 1.21433E-2 3.69433E-3 7.65146E-3 1.71284E-3 2.90972E-3 9.17882E-4 3.12788E-3 1.60149E-3 4.88104E-4 1.98848E-4 5.29925E-4 1.50081E-3 1.31303E-3 2.73493E-4 1.24188E-3 2.25647E-4 2.94984E-4 2.7423E-4
4.46345E-4 7.70459E-4 7.23718E-4 4.50103E-4 4.41718E-4 5.07769E-4 7.31962E-4 7.68401E-4 5.88205E-4 8.9638E-4 5.81058E-4 5.05578E-4 5.87056E-4 6.36402E-4 7.37412E-4 1.33462E-3 1.69065E-3 1.34703E-3 1.20241E-3 1.40059E-3 2.37306E-3 1.36452E-3 1.00056E-3 6.71677E-4 6.02457E-4 1.15555E-3 2.56305E-3 3.89963E-3 5.00566E-3 4.58057E-3 8.15857E-3 3.39277E-3 5.18131E-3 3.2872E-3 1.0602E-3 5.82697E-3 1.01978E-2 3.62056E-3 4.26566E-3 8.44262E-3 1.04213E-2 4.15804E-3 3.77133E-3 6.49096E-3 2.4268E-3 6.41479E-4 1.10221E-3 1.905E-3 1.81867E-3 1.86614E-3 2.15967E-3 7.11189E-4 2.58825E-4 3.8399E-4 1.25501E-3 7.81796E-4 2.62315E-4 2.71704E-4 3.99267E-4 5.97631E-4 2.33255E-4
6.28247E-4 7.01972E-4 6.49355E-4 1.14347E-3 5.39183E-4 5.10096E-4 7.11626E-4 5.99415E-4 1.66365E-3 2.52367E-3 1.72454E-3 9.95326E-4 6.91129E-4 8.81314E-4 1.25563E-3 1.26753E-3 1.11952E-3 9.73982E-4 1.14924E-3 1.85887E-3 1.21235E-3 9.44757E-4 1.41674E-3 1.55382E-3 8.47984E-4 1.10556E-3 2.12388E-3 3.22427E-3 3.80986E-3 6.20176E-3 5.29326E-3 4.22199E-3 5.87518E-3 5.22032E-3 3.2751E-3 1.59985E-3 2.46343E-3 5.47307E-3 8.20009E-3 8.37835E-3 4.7349E-3 4.65024E-3 6.36544E-3 7.21476E-3 6.89874E-4 6.89787E-4 6.88115E-4 2.31036E-3 9.62297E-4 8.40805E-4 1.78785E-3 1.44101E-3 3.36592E-4 9.69623E-4 8.82906E-4 8.82921E-4 3.63007E-4 2.82218E-4 2.71444E-4 2.80652E-4 2.32634E-4
6.75396E-4 6.5746E-4 5.65917E-4 6.47154E-4 6.60849E-4 5.61181E-4 6.80824E-4 7.62502E-4 2.60214E-3 9.59138E-4 7.85214E-4 7.07071E-4 7.47466E-4 7.89152E-4 1.01782E-3 1.21183E-3 8.12716E-4 7.84103E-4 1.15145E-3 1.43398E-3 1.00223E-3 1.02369E-3 9.42286E-4 1.08223E-3 1.14207E-3 1.12111E-3 2.33476E-3 2.11212E-3 3.59297E-3 6.57046E-3 3.09965E-3 6.45499E-3 3.09583E-3 5.13856E-3 6.22693E-3 1.81778E-3 5.11589E-3 7.83182E-3 3.57056E-3 4.84241E-3 3.57232E-3 3.5973E-3 7.46052E-3 2.02884E-3 6.90791E-4 9.04108E-4 5.59694E-4 7.71703E-4 9.5252E-4 6.79604E-4 1.22347E-3 1.59447E-3 6.68178E-4 4.28404E-4 4.09638E-4 3.93316E-4 4.01748E-4 3.24712E-4 2.83896E-4 -9999 -9999
5.88555E-4 8.69002E-4 6.31201E-4 5.80938E-4 5.45597E-4 6.42053E-4 7.2225E-4 6.29892E-4 7.07952E-4 7.54234E-4 8.09884E-4 7.45783E-4 9.16832E-4 6.98461E-4 8.16517E-4 1.03662E-3 7.8005E-4 9.87974E-4 1.0826E-3 1.48857E-3 1.01956E-3 1.65905E-3 1.37503E-3 1.24513E-3 1.67573E-3 1.04967E-3 1.65977E-3 2.17405E-3 2.55415E-3 3.5529E-3 3.50814E-3 5.08558E-3 1.91418E-3 2.32824E-3 1.76293E-3 1.74498E-3 3.73293E-3 4.96463E-3 3.81228E-3 3.43791E-3 4.04152E-3 6.06638E-3 1.76643E-3 1.66658E-3 8.36092E-4 4.84595E-4 5.32668E-4 6.64998E-4 6.7917E-4 6.48262E-4 1.02131E-3 1.06263E-3 8.50282E-4 5.40447E-4 4.92625E-4 4.66747E-4 3.7226E-4 3.34852E-4 -9999 -9999 -9999
5.80693E-4 8.0159E-4 7.30095E-4 6.21652E-4 5.7973E-4 6.79645E-4 6.08223E-4 7.55453E-4 8.28382E-4 9.54611E-4 7.0277E-4 8.02001E-4 8.17626E-4 5.92093E-4 7.07164E-4 1.04452E-3 7.48961E-4 1.00479E-3 1.03948E-3 7.27696E-4 1.5857E-3 1.03597E-3 1.10765E-3 1.05225E-3 1.61668E-3 1.18222E-3 1.3923E-3 2.01239E-3 2.35952E-3 2.32339E-3 4.02861E-3 2.78317E-3 2.06787E-3 2.18705E-3 1.86431E-3 1.81735E-3 2.67054E-3 2.43532E-3 4.06471E-3 3.1466E-3 3.62669E-3 1.50839E-3 1.70483E-3 1.3555E-3 7.23916E-4 6.05922E-4 5.58419E-4 5.74917E-4 8.87486E-4 8.49789E-4 7.41782E-4 7.52565E-4 6.47211E-4 5.239E-4 5.32572E-4 4.19158E-4 -9999 -9999 -9999 -9999 -9999
5.10755E-4 6.85304E-4 8.49084E-4 7.0801E-4 6.17552E-4 5.98785E-4 6.7991E-4 7.88915E-4 8.56611E-4 8.90385E-4 7.03843E-4 7.08853E-4 6.19545E-4 6.80971E-4 9.7559E-4 7.9192E-4 7.31936E-4 1.17253E-3 1.20822E-3 5.6466E-4 8.57977E-4 1.20279E-3 7.92498E-4 8.37627E-4 9.49444E-4 1.20328E-3 1.9713E-3 1.42162E-3 1.99103E-3 2.06351E-3 3.20248E-3 2.38734E-3 1.47282E-3 1.91073E-3 2.84046E-3 2.09316E-3 2.42825E-3 2.82634E-3 2.52428E-3 2.64339E-3 7.86744E-4 1.09399E-3 1.10912E-3 7.5846E-4 4.9267E-4 3.82917E-4 3.96527E-4 8.3376E-4 7.91724E-4 7.49301E-4 6.67671E-4 6.11549E-4 5.94126E-4 6.08412E-4 4.58538E-4 -9999 -9999 -9999 -9999 -9999 -9999
4.72616E-4 7.08241E-4 7.61787E-4 6.94923E-4 6.73701E-4 5.86894E-4 6.17324E-4 8.68062E-4 9.72387E-4 7.15657E-4 6.95919E-4 6.92076E-4 7.59877E-4 7.32135E-4 8.77021E-4 8.43296E-4 6.64126E-4 7.19945E-4 7.17606E-4 6.59586E-4 7.28906E-4 6.86596E-4 6.71961E-4 8.71471E-4 6.9207E-4 8.10554E-4 1.33052E-3 1.33756E-3 1.35563E-3 1.83413E-3 2.17437E-3 2.7248E-3 1.96486E-3 1.53719E-3 1.44596E-3 1.84458E-3 2.2236E-3 2.50859E-3 2.67242E-3 1.02562E-3 8.46591E-4 5.29596E-4 5.22182E-4 5.52682E-4 6.70326E-4 9.96655E-4 7.48477E-4 6.27502E-4 7.16653E-4 7.56537E-4 7.4918E-4 6.90397E-4 5.96484E-4 5.3252E-4 -9999 -9999 -9999 -9999 -9999 -9999 -9999
5.40419E-4 8.0292E-4 8.0615E-4 6.11608E-4 5.92799E-4 6.47229E-4 7.909E-4 8.98072E-4 8.89331E-4 6.22327E-4 6.70318E-4 7.33925E-4 7.08032E-4 7.8962E-4 9.50961E-4 9.51469E-4 6.88197E-4 6.47661E-4 6.74187E-4 7.65894E-4 1.55693E-3 1.85185E-3 1.06328E-3 1.34433E-3 1.00945E-3 8.25613E-4 6.96797E-4 8.7506E-4 1.00341E-3 1.21002E-3 1.729E-3 2.15347E-3 4.2875E-3 2.37455E-3 1.35355E-3 1.44644E-3 1.99977E-3 1.98729E-3 8.45952E-4 8.43352E-4 9.83222E-4 6.44653E-4 4.90673E-4 3.34241E-4 1.00256E-3 1.18486E-3 7.95888E-4 8.46326E-4 6.72481E-4 7.39383E-4 7.51137E-4 6.93946E-4 5.97542E-4 -9999 -9999 -9999 -9999 -9999 -9999 -9999 -9999
5.41484E-4 8.15979E-4 8.08507E-4 6.2025E-4 5.97704E-4 8.72911E-4 9.26357E-4 9.66367E-4 7.15305E-4 5.02581E-4 5.58E-4 6.77612E-4 9.53671E-4 8.2108E-4 9.04939E-4 7.47581E-4 7.12658E-4 7.10481E-4 6.35359E-4 8.08889E-4 8.85056E-4 1.029E-3 9.52181E-4 1.63779E-3 1.24357E-3 8.48122E-4 9.13279E-4 1.02669E-3 1.42599E-3 8.02166E-4 1.74426E-3 1.67842E-3 1.94442E-3 2.55342E-3 2.61547E-3 1.39317E-3 1.53758E-3 1.63355E-3 8.03089E-4 1.26701E-3 1.24151E-3 1.04956E-3 1.16959E-3 8.56314E-4 7.40329E-4 8.4292E-4 8.19238E-4 7.44152E-4 7.37867E-4 8.42016E-4 7.56732E-4 6.57755E-4 -9999 -9999 -9999 -9999 -9999 -9999 -9999 -9999 -9999
4.32819E-4 6.2116E-4 8.81772E-4 6.05898E-4 6.45636E-4 9.14365E-4 9.24641E-4 7.82566E-4 5.47532E-4 7.59111E-4 1.70099E-3 4.83798E-4 6.30231E-4 6.67388E-4 6.82504E-4 7.99365E-4 5.81221E-4 5.52953E-4 5.29479E-4 9.36682E-4 1.18052E-3 7.34503E-4 6.10455E-4 8.61492E-4 1.9175E-3 1.05657E-3 1.11798E-3 2.10645E-3 1.64915E-3 1.04428E-3 9.43694E-4 1.17176E-3 1.15932E-3 2.69679E-3 3.48073E-3 1.87091E-3 1.48769E-3 5.79148E-4 5.9893E-4 8.17485E-4 8.50363E-4 1.12785E-3 1.06845E-3 8.1395E-4 8.6008E-4 7.64325E-4 7.20763E-4 7.70046E-4 8.35276E-4 8.43854E-4 7.40867E-4 6.94967E-4 6.75069E-4 -9999 -9999 -9999 -9999 -9999 -9999 -9999 -9999
6.40205E-4 5.25843E-4 7.3868E-4 8.61901E-4 6.36071E-4 8.11421E-4 9.24581E-4 6.29854E-4 6.05015E-4 9.60867E-4 1.57412E-3 8.08754E-4 6.32609E-4 6.59713E-4 7.40163E-4 1.13161E-3 7.72466E-4 5.35716E-4 4.77943E-4 6.43362E-4 8.07464E-4 1.06711E-3 5.90824E-4 8.19476E-4 1.41626E-3 9.89898E-4 1.13723E-3 1.55224E-3 1.55919E-3 1.08517E-3 1.03369E-3 1.10852E-3 1.12803E-3 1.23949E-3 2.13177E-3 1.66578E-3 5.54767E-4 4.96809E-4 4.67481E-4 1.01199E-3 9.0166E-4 9.40218E-4 8.77252E-4 7.87084E-4 7.5254E-4 8.16311E-4 7.69492E-4 7.75509E-4 7.46869E-4 7.62253E-4 6.60892E-4 -9999 6.33989E-4 -9999 -9999 -9999 -9999 -9999 -9999 -9999 -9999
