Artocarpus hirsutus SDM files/MIS19/results (without bias file)/Arthir_5.asc
ncols         625
nrows         721
xllcorner     69.99986311115
yllcorner     5.99986187915
cellsize      0.041666667
NODATA_value  -9999
[rows 0 to 26 of 721, columns 61 to 121 of 625]
3.02937E-5 1.16025E-5 1.74148E-5 2.19133E-5 7.21889E-6 1.76697E-5 1.35924E-5 1.71636E-5 9.53322E-6 8.96818E-6 3.27035E-6 9.10525E-6 6.10503E-6 5.8547E-6 8.26124E-5 7.50878E-6 5.6602E-6 3.88433E-6 5.10276E-6 4.65679E-5 4.59958E-5 6.09654E-5 8.51619E-5 8.34196E-5 7.82047E-5 6.02276E-5 6.53943E-5 5.48309E-5 5.86785E-5 3.76261E-5 1.98801E-6 4.88281E-5 6.48308E-5 4.8517E-5 2.34266E-6 3.54945E-6 2.30502E-6 2.12963E-6 2.28724E-6 3.15576E-6 5.33669E-6 4.30658E-6 3.38974E-6 6.2919E-6 6.12304E-6 4.60732E-6 5.36586E-6 4.85015E-6 3.4198E-6 3.31552E-6 3.22223E-6 5.12584E-6 7.9356E-6 8.9058E-6 5.65822E-6 4.57661E-6 4.75004E-6 8.15736E-6 1.09861E-5 1.54135E-5 1.04228E-5
3.53336E-5 1.14689E-5 3.71886E-5 1.89766E-5 1.24975E-5 2.44694E-5 2.39719E-5 2.24728E-5 1.1099E-5 7.52417E-6 7.22218E-6 1.66872E-5 8.81811E-6 1.18907E-5 5.8051E-6 6.23969E-6 6.43974E-6 6.10864E-6 7.53249E-6 3.76252E-6 8.04242E-5 7.33511E-5 5.42317E-5 6.73205E-5 6.11996E-5 6.91362E-5 7.03362E-5 8.39347E-5 6.33352E-5 4.40023E-5 2.10171E-6 5.47614E-6 8.05396E-5 4.17081E-6 4.84186E-6 4.20909E-6 4.16958E-6 4.38917E-6 4.0433E-6 2.80762E-6 3.88979E-6 5.79858E-6 4.34154E-6 5.90374E-6 6.69111E-6 5.3726E-6 6.2442E-6 4.27808E-6 5.71103E-6 5.67377E-6 6.56623E-6 6.54289E-6 5.98691E-6 5.22256E-6 5.70096E-6 9.43157E-6 9.60328E-6 8.464E-6 9.20184E-6 6.28546E-6 5.29288E-6
2.73091E-5 2.30288E-5 4.9625E-5 1.81918E-5 1.87207E-5 3.46529E-5 3.57821E-5 2.25363E-5 1.28043E-5 1.97167E-5 1.01373E-5 2.25991E-5 1.40533E-5 1.40806E-5 9.05558E-6 1.10986E-5 7.51373E-6 1.06028E-5 9.64904E-6 7.72541E-6 7.68608E-6 7.86157E-5 7.96931E-5 1.01559E-4 9.38738E-5 7.60803E-5 8.06599E-5 8.06698E-5 9.36613E-5 4.10272E-6 4.26917E-6 4.76474E-6 6.03163E-6 5.23583E-6 5.79938E-6 5.31836E-6 3.99328E-6 3.33681E-6 3.86603E-6 3.85316E-6 3.45951E-6 4.96407E-6 5.98944E-6 5.0007E-6 5.61515E-6 8.5773E-6 7.42015E-6 5.1873E-6 4.88858E-6 6.67753E-6 1.06875E-5 9.23427E-6 7.07518E-6 6.28124E-6 1.08394E-5 7.90693E-6 6.69011E-6 1.44485E-5 1.25103E-5 1.35498E-5 1.54866E-5
5.76458E-5 4.45051E-5 6.23237E-5 3.68984E-5 3.47842E-5 3.7726E-5 5.6802E-5 2.90853E-5 2.96556E-5 2.86709E-5 1.45778E-5 2.76365E-5 2.65098E-5 1.55865E-5 1.84767E-5 1.6673E-5 1.04261E-5 1.07536E-5 9.33018E-5 1.04101E-5 9.797E-6 1.24883E-4 9.642E-6 1.05554E-4 7.48825E-6 1.0201E-4 1.11889E-4 9.17253E-6 9.89202E-6 6.44386E-6 8.3699E-6 7.40465E-6 5.25276E-6 8.63685E-6 5.98273E-6 3.73775E-6 4.06191E-6 5.45506E-6 5.11444E-6 4.10729E-6 3.40517E-6 3.30645E-6 4.31547E-6 4.24534E-6 4.91493E-6 5.71934E-6 6.6582E-6 6.78781E-6 9.25576E-6 8.6978E-6 1.40156E-5 9.66237E-6 7.20434E-6 5.28132E-6 5.41768E-6 4.48516E-6 5.52172E-6 7.13289E-6 1.53178E-5 1.84481E-5 1.34564E-5
8.58979E-5 8.92425E-5 8.18314E-5 7.69639E-5 6.88377E-5 6.29863E-5 6.48567E-5 4.58276E-5 5.67423E-5 2.75861E-5 3.60739E-5 3.45845E-5 3.01866E-5 2.35423E-5 3.07446E-5 1.83422E-5 1.6395E-5 1.48739E-5 1.56327E-5 1.00946E-5 1.3054E-5 1.34321E-5 9.67395E-6 9.83981E-6 1.18389E-5 1.09576E-5 1.08963E-5 1.20645E-5 1.14711E-5 1.10097E-5 8.24784E-6 1.03721E-5 9.69368E-6 9.35449E-6 5.79763E-6 6.40519E-6 6.09609E-6 7.51001E-6 4.03753E-6 4.29971E-6 4.87667E-6 5.14524E-6 5.09762E-6 4.86601E-6 5.33686E-6 5.33426E-6 6.6905E-6 6.70753E-6 7.45314E-6 1.11342E-5 1.1967E-5 1.01965E-5 6.55517E-6 6.55196E-6 1.28329E-5 1.1478E-5 9.40764E-6 1.52662E-5 2.64725E-5 2.46281E-5 3.2598E-5
3.73166E-4 7.5742E-5 8.47586E-5 8.1805E-5 1.18977E-4 8.67674E-5 8.27026E-5 5.18104E-5 6.90334E-5 5.2717E-5 5.76413E-5 5.60015E-5 2.514E-5 4.21137E-5 4.24316E-5 3.0533E-5 2.4265E-5 3.38515E-5 2.89976E-5 3.9023E-5 1.28829E-5 3.28915E-5 3.9963E-5 2.41114E-5 2.03288E-5 1.75596E-5 1.11697E-5 7.60289E-6 1.02484E-5 1.32223E-5 1.117E-5 7.31753E-6 7.19336E-6 9.24309E-6 8.84068E-6 9.32359E-6 7.39408E-6 7.64967E-6 5.5648E-6 5.65972E-6 9.79308E-6 9.26588E-6 9.29932E-6 8.45142E-6 8.33297E-6 8.6872E-6 9.72419E-6 8.59439E-6 8.12432E-6 1.15583E-5 8.23043E-6 8.65808E-6 8.5418E-6 8.4702E-6 1.64023E-5 2.01402E-5 2.43979E-5 3.53084E-5 2.32567E-5 2.32085E-5 3.03093E-5
3.73836E-4 4.03286E-4 9.77298E-4 2.24121E-4 1.31698E-4 6.69495E-4 3.26895E-4 1.41E-4 6.78829E-5 1.18862E-4 6.62334E-5 1.32346E-4 8.2269E-5 1.17807E-4 9.82272E-5 1.57151E-4 8.52949E-5 9.98215E-5 4.97876E-5 2.92075E-5 1.6107E-5 2.7545E-5 5.63351E-5 2.42421E-5 3.435E-5 2.82026E-5 1.47278E-5 8.85877E-6 1.38992E-5 1.34364E-5 1.60872E-5 1.51715E-5 1.00963E-5 6.30909E-6 1.0611E-5 8.98369E-6 9.64527E-6 8.00591E-6 8.74623E-6 9.01399E-6 8.42294E-6 5.89218E-6 7.48478E-6 8.65957E-6 1.04066E-5 9.51135E-6 8.22791E-6 1.07011E-5 9.4992E-6 1.08283E-5 8.88975E-6 1.62607E-5 1.11817E-5 9.03388E-6 2.3207E-5 3.9389E-5 1.90199E-5 3.6965E-5 5.32018E-5 2.81799E-5 1.23409E-5
6.75167E-4 6.01541E-4 7.42011E-4 1.06867E-3 1.30131E-3 8.71982E-4 3.72019E-4 4.2339E-4 8.33857E-4 6.74231E-4 6.1223E-4 1.09298E-4 2.41337E-4 2.97686E-4 1.75625E-4 2.7473E-4 1.67835E-4 9.90716E-5 5.0268E-5 3.77012E-5 1.72888E-5 3.65676E-5 5.40804E-5 2.73212E-5 6.07936E-5 2.36784E-5 1.16768E-5 1.29165E-5 1.679E-5 1.84297E-5 2.1227E-5 1.47736E-5 1.5539E-5 1.03063E-5 7.76364E-6 8.63996E-6 9.42713E-6 1.20535E-5 9.94792E-6 9.39075E-6 6.95154E-6 1.22754E-5 8.14727E-6 1.08049E-5 7.91339E-6 6.85722E-6 1.41032E-5 2.04503E-5 1.33141E-5 1.35599E-5 9.76076E-6 1.61016E-5 1.16329E-5 1.2689E-5 1.81023E-5 1.37862E-5 2.95593E-5 3.77515E-5 9.22634E-5 2.99506E-5 1.65321E-5
1.19684E-3 9.33259E-4 7.77351E-4 1.0039E-3 1.64077E-3 1.95096E-3 1.23955E-3 8.40057E-4 3.44151E-4 9.32419E-4 1.37391E-4 5.34858E-4 4.65042E-4 6.67019E-4 3.91845E-4 4.5089E-4 1.6365E-4 1.06534E-4 1.25877E-4 1.40348E-4 6.85441E-5 2.04364E-5 8.83402E-5 4.62439E-5 8.10856E-5 2.45555E-5 1.41221E-5 2.81623E-5 4.85717E-5 2.46858E-5 2.25795E-5 2.05595E-5 1.43359E-5 1.06944E-5 7.32059E-6 1.01564E-5 1.20646E-5 1.03324E-5 1.22137E-5 1.20151E-5 1.42582E-5 9.73041E-6 1.3307E-5 1.45547E-5 8.4667E-6 1.27387E-5 3.30544E-5 2.35104E-5 1.69401E-5 1.53115E-5 1.0891E-5 1.29041E-5 1.92244E-5 1.58829E-5 2.14339E-5 1.53999E-5 2.07367E-5 2.76931E-5 1.06471E-4 1.94279E-5 5.5377E-5
1.99617E-3 1.75701E-3 1.08726E-3 8.75956E-4 2.79224E-3 2.19462E-3 1.94514E-3 1.5394E-3 1.10795E-3 2.76207E-4 6.50247E-4 6.97836E-4 1.2599E-3 9.10233E-4 3.94568E-4 6.76011E-4 3.20673E-4 3.83999E-4 3.02019E-4 3.33728E-4 1.12284E-4 4.26001E-5 6.21195E-5 9.41616E-5 5.38824E-5 1.96115E-5 2.3364E-5 4.17658E-5 3.81868E-5 3.78951E-5 1.71954E-5 1.96538E-5 1.14981E-5 7.77014E-6 9.4501E-6 1.441E-5 1.51093E-5 1.23243E-5 1.41247E-5 1.41769E-5 1.71433E-5 1.83225E-5 2.2831E-5 1.45882E-5 1.74376E-5 3.02333E-5 2.71698E-5 1.51631E-5 3.26324E-5 2.06735E-5 1.28618E-5 1.67403E-5 2.99898E-5 5.76047E-5 6.191E-5 7.66548E-5 5.72559E-5 1.8006E-5 4.89218E-5 2.70868E-5 3.36214E-5
2.31372E-3 2.46578E-3 1.40631E-3 1.15994E-3 2.59305E-3 2.91037E-3 3.23342E-3 1.93529E-3 1.32167E-3 6.51085E-4 3.13086E-3 2.38689E-3 2.08179E-3 1.33177E-3 3.58008E-4 1.04061E-3 8.58586E-4 2.02905E-4 2.13154E-4 6.26973E-4 3.42262E-4 1.43888E-4 5.00402E-5 8.80601E-5 4.73728E-5 4.01498E-5 9.3746E-5 3.82292E-5 3.00264E-5 4.62071E-5 2.93753E-5 1.70297E-5 1.10486E-5 1.55344E-5 2.66499E-5 1.8112E-5 1.01878E-5 1.48174E-5 1.84324E-5 1.30628E-5 1.64284E-5 2.39107E-5 2.56118E-5 3.22974E-5 3.86551E-5 5.01236E-5 4.1174E-5 3.45778E-5 6.43907E-5 3.18883E-5 1.7166E-5 2.70088E-5 4.91421E-5 6.65899E-5 1.47181E-4 1.73475E-4 4.57037E-5 5.97515E-5 3.61361E-5 5.93465E-5 2.93246E-5
1.87324E-3 3.15954E-3 2.09585E-3 3.28195E-3 4.47592E-3 3.91128E-3 2.01672E-3 1.69077E-3 7.58127E-4 3.96219E-3 3.43656E-3 2.29896E-3 2.65882E-3 2.03771E-3 4.77905E-4 9.01811E-4 1.99026E-3 3.23309E-4 2.10202E-4 5.62624E-4 3.33816E-4 1.79249E-4 1.38437E-4 6.43919E-5 1.00542E-4 3.71791E-5 7.67075E-5 6.63796E-5 3.501E-5 4.13571E-5 2.20725E-5 1.53679E-5 2.11843E-5 2.38308E-5 3.18187E-5 1.25688E-5 1.19491E-5 2.5226E-5 1.39107E-5 9.61226E-6 1.23383E-5 2.86511E-5 1.50604E-5 3.26669E-5 6.20864E-5 8.36285E-5 9.22574E-5 6.90494E-5 9.10094E-5 3.54873E-5 1.93644E-5 2.55043E-5 4.47878E-5 8.64158E-5 1.41544E-4 2.31724E-4 2.2652E-4 1.51943E-4 7.72882E-5 1.86641E-4 6.27783E-5
2.20558E-3 3.35168E-3 3.65101E-3 4.54638E-3 5.28705E-3 3.90296E-3 1.8776E-3 1.72433E-3 3.87066E-3 3.63393E-3 2.68667E-3 3.35715E-3 2.83884E-3 2.14092E-3 9.55373E-4 7.44181E-4 2.35888E-3 3.6687E-4 2.11316E-4 2.1722E-4 1.28798E-4 1.29911E-4 1.52398E-4 8.71638E-5 6.02144E-5 6.22893E-5 6.21094E-5 4.1638E-5 3.16558E-5 3.26362E-5 2.21021E-5 3.30342E-5 3.02319E-5 2.17711E-5 2.40737E-5 1.28217E-5 2.37877E-5 2.5865E-5 1.13657E-5 1.56552E-5 3.15917E-5 5.05398E-5 2.15886E-5 4.08053E-5 9.14886E-5 1.11534E-4 8.38604E-5 3.7512E-5 6.61549E-5 4.39654E-5 3.49288E-5 8.83923E-5 3.82375E-5 7.2703E-5 1.3636E-4 1.43093E-4 2.09137E-4 3.18271E-4 2.96512E-4 1.85181E-4 1.8729E-4
2.79448E-3 4.08381E-3 8.19064E-3 8.81435E-3 6.55071E-3 2.88552E-3 2.33761E-3 2.81669E-3 2.58242E-3 1.8996E-3 9.97442E-4 1.30737E-3 3.32743E-3 2.12568E-3 5.02864E-4 8.01461E-4 8.95206E-4 3.54679E-4 4.57928E-4 4.68489E-4 2.10999E-4 3.27421E-4 8.05182E-4 2.76613E-4 2.53764E-4 9.7975E-5 1.45204E-4 1.41345E-4 9.01288E-5 8.14283E-5 4.62236E-5 2.76085E-5 2.31104E-5 2.13834E-5 1.71005E-5 1.84495E-5 3.62832E-5 4.13733E-5 1.58563E-5 3.18942E-5 3.40862E-5 4.18611E-5 2.69422E-5 4.09657E-5 9.64881E-5 8.03024E-5 4.46387E-5 2.81682E-5 3.71185E-5 2.97964E-5 5.49269E-5 1.88063E-4 1.78727E-4 6.90722E-5 6.78725E-5 2.03195E-4 3.98779E-4 3.85491E-4 6.619E-4 3.96652E-4 5.80094E-4
2.80766E-3 4.13374E-3 1.12021E-2 9.59069E-3 6.38233E-3 3.40826E-3 5.26591E-3 4.75963E-3 5.67073E-3 3.47234E-3 7.14862E-3 4.40505E-3 2.95536E-3 1.78224E-3 4.5747E-3 1.07446E-3 7.39161E-4 1.63782E-3 4.66386E-3 7.58639E-4 7.36861E-4 7.19427E-4 6.35438E-4 1.16636E-3 7.20387E-4 1.77368E-4 9.76698E-5 3.38048E-4 3.0945E-4 1.65225E-4 6.30797E-5 5.41773E-5 5.67403E-5 4.86424E-5 3.82984E-5 2.19862E-5 2.17796E-5 2.14098E-5 2.18308E-5 3.44005E-5 4.51509E-5 2.3757E-5 2.56933E-5 3.30009E-5 7.73736E-5 3.96658E-5 3.53672E-5 1.07882E-4 1.94587E-4 6.03311E-5 7.38566E-5 3.86084E-4 7.52101E-4 2.32112E-4 6.87929E-5 1.5716E-4 8.28807E-4 8.61801E-4 4.89518E-4 8.23311E-4 7.62103E-4
2.17245E-3 4.97642E-3 1.42924E-2 9.51394E-3 7.92627E-3 7.71363E-3 5.46758E-3 4.91621E-3 5.25711E-3 4.34108E-3 1.20435E-2 7.27984E-3 4.76314E-3 7.05162E-3 4.69085E-3 1.35563E-3 8.57764E-4 1.84435E-3 5.34801E-3 3.59861E-3 2.17091E-3 3.18126E-3 1.2248E-3 1.97141E-3 1.16785E-3 3.63821E-4 2.29305E-4 5.38529E-4 5.42263E-4 1.91789E-4 8.68552E-5 4.80313E-5 1.02536E-4 1.18937E-4 6.7591E-5 4.51272E-5 4.56085E-5 4.02451E-5 2.88386E-5 3.44721E-5 3.07654E-5 6.2978E-5 3.8323E-5 4.00028E-5 4.40657E-5 4.11491E-5 4.70698E-5 1.88471E-4 2.70783E-4 1.182E-4 4.26062E-4 2.30892E-4 1.05312E-3 8.3831E-4 3.66595E-4 1.70652E-4 2.437E-4 2.46373E-4 1.74861E-4 2.49422E-4 6.84731E-4
2.63492E-3 6.01445E-3 9.3577E-3 9.77239E-3 1.33042E-2 8.93519E-3 4.51765E-3 4.56352E-3 4.86821E-3 7.68414E-3 1.2317E-2 7.31774E-3 9.5078E-3 6.15991E-3 6.03793E-3 2.83265E-3 1.30977E-3 2.04523E-3 3.69153E-3 6.35524E-3 5.31477E-3 4.45631E-3 3.26495E-3 3.03423E-3 2.0853E-3 1.76003E-3 1.35419E-3 1.49298E-3 6.76804E-4 1.78718E-4 6.61854E-5 1.41471E-4 1.99772E-4 2.61978E-4 9.56471E-5 8.14485E-5 6.87754E-5 1.02189E-4 3.15314E-5 1.19439E-4 9.00343E-5 1.52856E-4 4.42659E-5 1.12489E-4 1.83687E-4 1.16906E-4 1.0478E-4 4.2324E-4 4.27511E-4 1.98775E-4 7.61966E-4 6.90334E-4 9.74626E-4 8.57672E-4 7.00253E-4 1.36585E-4 2.87846E-4 1.017E-3 5.10919E-4 9.8286E-4 3.86564E-4
3.00297E-3 6.97155E-3 1.42125E-2 1.54467E-2 1.10685E-2 8.35186E-3 7.08003E-3 1.06154E-2 8.66329E-3 1.42374E-2 1.10989E-2 1.25937E-2 8.7982E-3 5.85613E-3 6.16945E-3 2.56685E-3 2.26078E-3 4.46783E-3 8.11298E-3 6.15164E-3 1.7041E-3 2.61324E-3 3.42451E-3 2.76971E-3 2.46397E-3 2.74069E-3 1.50058E-3 2.17685E-3 8.99148E-4 2.67083E-4 1.66726E-4 1.28721E-4 6.19385E-4 1.68784E-4 8.12503E-5 2.6322E-4 2.1302E-4 8.56223E-5 3.69563E-5 1.95058E-4 3.70193E-4 1.40102E-4 5.00975E-5 1.24436E-4 1.26028E-4 3.08003E-4 4.61417E-4 3.33243E-4 5.6861E-4 3.65433E-4 5.42419E-4 7.62413E-4 1.0756E-3 1.22173E-3 1.09863E-3 1.96247E-4 8.54209E-4 1.52181E-3 1.17447E-3 1.02067E-3 1.04431E-3
6.18084E-3 1.02754E-2 2.0081E-2 1.5097E-2 1.17901E-2 7.99661E-3 1.0388E-2 1.12993E-2 9.8991E-3 1.25455E-2 1.22064E-2 1.00016E-2 1.1896E-2 9.29533E-3 1.02062E-2 7.95952E-3 1.87545E-3 3.28805E-3 2.859E-3 2.81723E-3 6.8013E-3 6.44098E-3 6.42189E-3 3.88981E-3 1.72986E-3 1.399E-3 1.54211E-3 1.8426E-3 2.35503E-3 8.98314E-4 8.60192E-4 3.03107E-4 9.49745E-4 3.68689E-4 1.79448E-4 6.59315E-4 2.28986E-4 9.76503E-5 1.25222E-4 6.77909E-5 4.16882E-4 3.4777E-4 5.67252E-5 2.46852E-4 2.47671E-4 3.8139E-4 3.29521E-4 3.66935E-4 2.63706E-4 4.14102E-4 6.9369E-4 9.61048E-4 1.28544E-3 1.38302E-3 1.19177E-3 2.41833E-4 5.40168E-4 1.54275E-3 1.29398E-3 1.17074E-3 1.0932E-3
1.08682E-2 2.41555E-2 1.94543E-2 1.20841E-2 8.92105E-3 8.82485E-3 1.0819E-2 1.12231E-2 1.15674E-2 1.31349E-2 1.27184E-2 8.73544E-3 1.5877E-2 1.19226E-2 7.75694E-3 7.33402E-3 5.7157E-3 9.89032E-3 9.60909E-3 9.0191E-3 7.7521E-3 6.1044E-3 3.33294E-3 1.52118E-3 4.37685E-3 5.65458E-3 4.5974E-3 3.88289E-3 3.6951E-3 2.47106E-3 2.68767E-3 1.29449E-3 1.54505E-3 1.14848E-3 6.63518E-4 1.1694E-3 2.35474E-4 2.21517E-4 4.76282E-4 9.04933E-5 8.83027E-4 4.14298E-4 1.11336E-4 3.87315E-4 6.55049E-4 4.97434E-4 5.18885E-4 5.75997E-4 6.01397E-4 7.52023E-4 1.33969E-3 1.1788E-3 6.68882E-4 1.09406E-3 1.30346E-3 5.69371E-4 1.51924E-3 1.44945E-3 1.183E-3 1.16075E-3 9.48832E-4
2.92711E-2 1.53917E-2 1.64972E-2 9.32033E-3 7.31425E-3 9.48881E-3 1.05778E-2 1.10454E-2 9.67745E-3 1.33772E-2 1.32308E-2 1.15335E-2 1.76833E-2 1.16619E-2 2.05705E-2 2.33234E-2 1.2315E-2 7.37704E-3 1.02586E-2 5.37145E-3 7.21308E-3 3.88395E-3 5.35878E-3 7.94081E-3 3.20521E-3 1.87178E-3 4.03184E-3 1.56659E-3 3.63825E-3 2.81437E-3 1.31848E-3 1.05505E-3 8.26007E-4 2.32106E-3 2.09271E-3 1.36807E-3 6.17076E-4 8.07204E-4 8.88761E-4 2.0884E-4 1.22113E-3 9.4984E-4 3.5762E-4 4.43139E-4 9.50491E-4 1.12453E-3 1.29714E-3 1.23595E-3 1.28064E-3 1.45928E-3 1.42531E-3 1.47485E-3 1.92624E-3 1.51662E-3 1.74556E-3 2.18669E-3 1.73549E-3 1.3418E-3 1.19721E-3 1.94041E-3 1.49998E-3
2.68181E-2 1.99189E-2 1.66335E-2 1.17886E-2 8.46545E-3 6.22703E-3 5.95392E-3 6.94621E-3 1.34448E-2 1.95059E-2 1.63225E-2 2.12927E-2 1.49841E-2 1.64755E-2 2.25002E-2 1.60542E-2 1.86504E-2 1.96842E-2 1.68204E-2 1.91385E-2 1.44971E-2 9.01295E-3 1.34758E-2 1.14621E-2 8.14715E-3 3.88088E-3 6.4341E-3 3.82078E-3 1.33938E-3 1.60098E-3 3.66846E-3 1.88187E-3 2.56253E-3 3.07256E-3 2.11334E-3 2.23713E-3 1.39179E-3 2.47698E-3 1.43952E-3 7.54253E-4 1.81568E-3 1.16023E-3 1.00829E-3 7.17154E-4 1.12068E-3 1.27928E-3 1.43553E-3 1.70185E-3 1.74299E-3 2.15123E-3 1.58099E-3 2.17936E-3 1.64002E-3 1.58063E-3 1.6639E-3 2.82168E-3 2.10885E-3 1.55324E-3 1.41671E-3 1.43132E-3 1.73502E-3
1.93389E-2 2.14976E-2 1.65468E-2 6.49011E-3 1.49376E-2 9.08853E-3 6.15998E-3 1.25806E-2 2.18507E-2 2.57262E-2 1.85333E-2 2.73067E-2 3.29414E-2 2.21086E-2 1.42503E-2 1.06834E-2 1.33871E-2 1.30004E-2 1.08047E-2 1.08406E-2 1.44345E-2 1.49087E-2 1.07964E-2 9.92931E-3 8.46682E-3 6.88028E-3 7.97994E-3 8.73936E-3 7.00021E-3 2.33341E-3 5.59463E-3 4.49599E-3 3.89065E-3 2.97567E-3 1.90071E-3 2.81895E-3 2.53603E-3 1.73094E-3 2.84787E-3 2.20486E-3 2.17787E-3 1.73758E-3 2.02585E-3 2.17097E-3 1.98904E-3 1.89596E-3 2.03972E-3 2.0122E-3 1.86362E-3 1.84438E-3 1.82093E-3 2.62594E-3 1.35085E-3 1.75268E-3 1.78836E-3 2.91719E-3 2.02452E-3 1.4054E-3 1.27943E-3 1.40017E-3 1.42909E-3
2.11448E-2 1.45512E-2 9.01185E-3 5.15939E-3 1.89169E-2 1.35654E-2 6.86634E-3 1.76841E-2 2.06632E-2 2.81908E-2 3.73672E-2 3.29773E-2 1.93621E-2 1.92177E-2 1.51474E-2 1.26528E-2 1.11023E-2 9.06472E-3 8.15689E-3 8.11316E-3 9.4336E-3 8.70745E-3 9.68849E-3 9.73589E-3 1.1588E-2 9.76291E-3 7.62279E-3 9.7443E-3 8.90453E-3 5.47862E-3 6.62484E-3 6.08946E-3 4.51148E-3 1.37104E-3 3.89403E-3 4.063E-3 4.33422E-3 2.46522E-3 3.10835E-3 2.89354E-3 3.25726E-3 2.60402E-3 2.83077E-3 2.7156E-3 2.4769E-3 2.4661E-3 2.66504E-3 2.59065E-3 2.23034E-3 1.98732E-3 2.79194E-3 1.56793E-3 1.87904E-3 2.63306E-3 1.92077E-3 2.32737E-3 2.32708E-3 2.34916E-3 1.12434E-3 9.59985E-4 1.24571E-3
1.57392E-2 1.00852E-2 1.21599E-2 3.45706E-3 2.06115E-2 1.82064E-2 5.49009E-3 1.99558E-2 2.79248E-2 3.86448E-2 3.27746E-2 2.43329E-2 2.30033E-2 1.94529E-2 2.37915E-2 2.79613E-2 2.38727E-2 2.2206E-2 1.40663E-2 8.51742E-3 1.05364E-2 1.26687E-2 1.00473E-2 9.27315E-3 1.00884E-2 1.26405E-2 1.23429E-2 1.14578E-2 1.11784E-2 1.12795E-2 8.83208E-3 9.06734E-3 7.30754E-3 3.46452E-3 5.81647E-3 5.081E-3 4.08815E-3 3.98792E-3 3.03548E-3 3.74617E-3 3.16335E-3 3.36389E-3 2.92136E-3 3.30999E-3 3.24099E-3 2.48143E-3 3.18938E-3 3.20014E-3 3.22983E-3 2.63472E-3 2.02461E-3 2.27201E-3 3.34678E-3 1.7103E-3 1.48555E-3 2.11702E-3 2.70205E-3 2.15679E-3 1.92437E-3 8.61499E-4 1.39422E-3
1.4026E-2 9.44625E-3 1.72906E-2 7.70319E-3 1.94511E-2 1.75999E-2 8.89892E-3 1.43243E-2 3.93667E-2 2.35316E-2 1.22563E-2 8.71724E-3 1.33973E-2 1.44875E-2 7.24363E-3 8.3751E-3 1.06041E-2 8.97577E-3 2.04973E-2 1.64931E-2 1.42171E-2 1.00847E-2 1.33683E-2 1.04106E-2 9.53994E-3 1.05929E-2 9.29086E-3 1.08465E-2 9.06477E-3 9.377E-3 1.13195E-2 9.81913E-3 8.96212E-3 4.93561E-3 5.77339E-3 5.28811E-3 6.54913E-3 3.88252E-3 3.13162E-3 4.71498E-3 3.13933E-3 3.30177E-3 4.35078E-3 2.90204E-3 4.15304E-3 3.20319E-3 3.2867E-3 2.80845E-3 3.98745E-3 2.74907E-3 2.6516E-3 3.59638E-3 2.87603E-3 9.5206E-4 1.37325E-3 2.16186E-3 2.70766E-3 2.3874E-3 1.76294E-3 1.13383E-3 1.01133E-3
2.02569E-2 9.08399E-3 2.10411E-2 7.56134E-3 2.05078E-2 2.13043E-2 2.01311E-2 2.80418E-2 3.29555E-2 1.78602E-2 1.33618E-2 1.05603E-2 1.10766E-2 9.3915E-3 8.17455E-3 6.76861E-3 6.13505E-3 6.34892E-3 1.72367E-2 8.91358E-3 1.10142E-2 1.2607E-2 9.48327E-3 9.57289E-3 1.02108E-2 9.90847E-3 1.28713E-2 1.06668E-2 1.05279E-2 7.49972E-3 9.38466E-3 7.53767E-3 8.6074E-3 1.09162E-2 9.18046E-3 9.34742E-3 6.85567E-3 7.13949E-3 6.05437E-3 4.372E-3 2.80418E-3 6.00005E-3 5.35262E-3 3.34915E-3 3.33584E-3 3.80295E-3 4.19701E-3 5.51464E-3 3.85891E-3 3.11805E-3 2.50836E-3 4.0608E-3 1.0642E-3 1.32348E-3 1.54806E-3 2.3781E-3 2.47953E-3 2.20256E-3 2.24385E-3 2.46713E-3 1.48308E-3
