Artocarpus hirsutus SDM files/MIS19/results (without bias file)/Arthir_3.asc
ncols         625
nrows         721
xllcorner     69.99986311115
yllcorner     5.99986187915
cellsize      0.041666667
NODATA_value  -9999
[rows 162 to 188 of 721, columns 122 to 182 of 625]
2.51319E-6 2.5287E-6 3.05102E-6 3.45611E-6 4.07283E-6 4.25458E-6 5.55665E-6 5.82568E-6 5.94763E-6 6.91388E-6 7.24842E-6 7.50804E-6 7.72969E-6 8.83898E-6 9.1331E-6 9.73207E-6 1.00082E-5 1.15982E-5 1.21585E-5 1.26392E-5 1.41508E-5 1.47284E-5 1.54684E-5 1.6097E-5 1.88207E-5 1.96603E-5 2.27689E-5 2.47843E-5 2.57011E-5 2.9756E-5 3.16916E-5 3.35844E-5 3.66216E-5 3.82538E-5 4.11853E-5 4.40492E-5 4.61846E-5 4.95767E-5 5.11023E-5 5.65081E-5 5.89251E-5 5.95091E-5 6.22952E-5 6.67077E-5 7.08428E-5 7.36349E-5 7.54933E-5 8.55207E-5 8.99148E-5 9.80106E-5 1.17182E-4 1.18955E-4 1.29668E-4 1.27813E-4 1.40309E-4 1.70307E-4 1.65651E-4 1.99506E-4 2.45439E-4 2.54511E-4 2.80065E-4
2.18694E-6 2.53147E-6 2.88403E-6 3.36075E-6 3.93981E-6 4.20858E-6 4.831E-6 5.49662E-6 5.76278E-6 6.07876E-6 6.23548E-6 7.24842E-6 8.33446E-6 8.6119E-6 8.98559E-6 9.43498E-6 1.06815E-5 1.11041E-5 1.15155E-5 1.2116E-5 1.39229E-5 1.43335E-5 1.49162E-5 1.5412E-5 1.83399E-5 2.08964E-5 2.18008E-5 2.37307E-5 2.50136E-5 2.84916E-5 3.04561E-5 3.28066E-5 3.42692E-5 3.68979E-5 3.9464E-5 3.93868E-5 4.35885E-5 4.22891E-5 4.30684E-5 4.59594E-5 4.61374E-5 5.36816E-5 5.88615E-5 6.11682E-5 6.47231E-5 6.49863E-5 6.60688E-5 7.76883E-5 7.9271E-5 8.21345E-5 9.14262E-5 1.0787E-4 1.03771E-4 1.03771E-4 1.27838E-4 1.40878E-4 1.56313E-4 1.83135E-4 1.75961E-4 2.20184E-4 2.80191E-4
2.1577E-6 2.51319E-6 2.66867E-6 3.0401E-6 3.46632E-6 3.57771E-6 4.64158E-6 4.84867E-6 5.61786E-6 5.78386E-6 6.08845E-6 7.13106E-6 7.36852E-6 8.33545E-6 8.55027E-6 8.96377E-6 1.04896E-5 1.07598E-5 1.12473E-5 1.16215E-5 1.19207E-5 1.35409E-5 1.56131E-5 1.66924E-5 1.71845E-5 1.97928E-5 2.13217E-5 2.26279E-5 2.38063E-5 2.50184E-5 2.7383E-5 3.07441E-5 2.97707E-5 3.26389E-5 3.52863E-5 3.6068E-5 3.70019E-5 4.00605E-5 4.07987E-5 4.17827E-5 4.27084E-5 4.44334E-5 4.68444E-5 4.68629E-5 4.995E-5 5.15289E-5 5.78266E-5 6.33931E-5 6.31737E-5 7.16202E-5 8.33746E-5 8.42165E-5 9.14777E-5 9.39489E-5 1.12312E-4 1.27397E-4 1.41393E-4 1.37322E-4 1.85923E-4 2.46023E-4 2.33432E-4
2.13672E-6 2.22155E-6 2.62054E-6 2.66867E-6 3.13539E-6 3.57771E-6 4.09253E-6 4.72671E-6 5.44317E-6 5.70053E-6 5.84119E-6 6.93478E-6 7.236E-6 8.07661E-6 8.36595E-6 8.91255E-6 1.00902E-5 1.01531E-5 1.08984E-5 1.122E-5 1.25468E-5 1.32257E-5 1.41918E-5 1.61164E-5 1.65131E-5 1.91952E-5 2.01218E-5 2.17445E-5 2.28772E-5 2.4469E-5 2.57431E-5 2.79234E-5 2.87143E-5 3.06E-5 3.1848E-5 3.44099E-5 3.53008E-5 3.62843E-5 3.43715E-5 3.98617E-5 4.04482E-5 4.11301E-5 4.15912E-5 4.35372E-5 4.49131E-5 4.46027E-5 4.65634E-5 4.91436E-5 5.595E-5 5.74923E-5 7.27004E-5 7.35142E-5 8.13147E-5 8.40317E-5 9.09442E-5 1.05068E-4 1.24365E-4 1.27368E-4 1.89387E-4 2.12423E-4 2.21083E-4
1.83846E-6 2.11344E-6 2.51614E-6 2.59213E-6 2.91369E-6 3.40383E-6 3.8478E-6 4.14502E-6 4.72711E-6 4.92801E-6 5.70053E-6 6.33445E-6 6.96016E-6 7.70381E-6 7.96037E-6 8.27575E-6 9.71309E-6 1.02201E-5 1.05488E-5 1.18524E-5 1.24483E-5 1.32946E-5 1.48266E-5 1.58566E-5 1.6444E-5 1.86007E-5 1.94066E-5 2.12427E-5 2.20292E-5 2.66749E-5 2.57367E-5 2.65919E-5 2.90485E-5 2.99753E-5 3.10842E-5 3.25891E-5 3.30687E-5 3.55438E-5 3.31883E-5 3.36767E-5 3.73096E-5 3.5645E-5 3.96778E-5 3.95477E-5 4.10963E-5 3.80994E-5 3.76652E-5 3.95642E-5 4.71997E-5 5.33417E-5 6.71229E-5 6.83598E-5 7.50765E-5 7.7585E-5 8.6758E-5 1.05725E-4 1.00841E-4 1.40683E-4 1.54439E-4 1.89424E-4 2.0493E-4
1.81385E-6 2.06018E-6 2.17972E-6 2.46173E-6 2.8716E-6 3.01087E-6 3.54942E-6 3.89019E-6 4.54702E-6 4.83923E-6 4.89254E-6 5.57801E-6 6.4393E-6 7.46442E-6 7.64855E-6 7.98949E-6 9.1842E-6 9.82009E-6 1.0099E-5 1.04543E-5 1.18758E-5 1.245E-5 1.41494E-5 1.50178E-5 1.56861E-5 1.65041E-5 1.90483E-5 1.98737E-5 2.12462E-5 2.20328E-5 2.31809E-5 2.61648E-5 2.73321E-5 2.92799E-5 3.1642E-5 3.2343E-5 3.0415E-5 3.3909E-5 3.47263E-5 3.23065E-5 3.26684E-5 3.43567E-5 3.46148E-5 3.32295E-5 3.36013E-5 3.4041E-5 3.37988E-5 3.58053E-5 4.23595E-5 4.34245E-5 5.18223E-5 5.58741E-5 5.7121E-5 7.1631E-5 7.59288E-5 8.10741E-5 9.93961E-5 1.22261E-4 1.58359E-4 1.67855E-4 1.84042E-4
1.78761E-6 2.06247E-6 2.33339E-6 2.62002E-6 2.75719E-6 2.84031E-6 3.24132E-6 3.86637E-6 3.91871E-6 4.60889E-6 4.83962E-6 5.44792E-6 5.73275E-6 5.99081E-6 7.56673E-6 6.95395E-6 8.82549E-6 8.23234E-6 9.5058E-6 1.01668E-5 1.12469E-5 1.1834E-5 1.25202E-5 1.30158E-5 1.53789E-5 1.58906E-5 1.66585E-5 1.89125E-5 1.98986E-5 2.07109E-5 2.28081E-5 2.35663E-5 2.61693E-5 2.75324E-5 2.89715E-5 2.74392E-5 2.80471E-5 2.85639E-5 2.95557E-5 3.09326E-5 3.10513E-5 2.67751E-5 2.71257E-5 2.71301E-5 2.68431E-5 2.76907E-5 2.84958E-5 3.14377E-5 3.20766E-5 3.42245E-5 4.12725E-5 4.48823E-5 5.07629E-5 5.50897E-5 6.98451E-5 7.40362E-5 9.1309E-5 9.52707E-5 1.27738E-4 1.48025E-4 1.54627E-4
1.68192E-6 1.93152E-6 2.00324E-6 2.32906E-6 2.41285E-6 2.76913E-6 3.23877E-6 3.27087E-6 3.76902E-6 3.91871E-6 4.54205E-6 5.21289E-6 5.46786E-6 5.70561E-6 6.37031E-6 6.04786E-6 7.70541E-6 8.76219E-6 8.3993E-6 9.37259E-6 1.01309E-5 1.16426E-5 1.20302E-5 1.26581E-5 1.45073E-5 1.49901E-5 1.70241E-5 1.84748E-5 1.90198E-5 2.00849E-5 1.92328E-5 2.03837E-5 2.14461E-5 2.5793E-5 2.46081E-5 2.5426E-5 2.58945E-5 2.69572E-5 2.7454E-5 2.42804E-5 2.42845E-5 2.4073E-5 2.39016E-5 2.40806E-5 2.54201E-5 2.5335E-5 2.55244E-5 2.56935E-5 2.76166E-5 3.01586E-5 3.17114E-5 4.14295E-5 4.75475E-5 5.20353E-5 5.7984E-5 6.99323E-5 8.2477E-5 9.44477E-5 1.13047E-4 1.38152E-4 1.42768E-4
1.80094E-6 1.84753E-6 2.00674E-6 2.20125E-6 2.52914E-6 2.66325E-6 2.79412E-6 3.08909E-6 3.5818E-6 3.69701E-6 4.30583E-6 4.55901E-6 5.15648E-6 5.52809E-6 5.66457E-6 5.76847E-6 6.49882E-6 8.12012E-6 8.84843E-6 8.64389E-6 9.75181E-6 1.17368E-5 1.14346E-5 1.19237E-5 1.22758E-5 1.30574E-5 1.48287E-5 1.5958E-5 1.64289E-5 1.74371E-5 1.85486E-5 1.8795E-5 2.06083E-5 2.14496E-5 2.18448E-5 2.23252E-5 2.33175E-5 2.20823E-5 2.26541E-5 2.26579E-5 2.22552E-5 2.01735E-5 2.07998E-5 2.08417E-5 2.27241E-5 2.09011E-5 2.12712E-5 2.35896E-5 2.47789E-5 2.85372E-5 2.93263E-5 3.7628E-5 4.14354E-5 4.68714E-5 5.24244E-5 6.32313E-5 6.41617E-5 8.94552E-5 1.07448E-4 1.1023E-4 1.28999E-4
1.76049E-6 1.98112E-6 2.00803E-6 2.21559E-6 2.4475E-6 2.45368E-6 2.65354E-6 3.00029E-6 3.36108E-6 3.68084E-6 4.12229E-6 4.30849E-6 4.45217E-6 4.66289E-6 5.36115E-6 6.244E-6 7.25124E-6 7.56645E-6 9.66403E-6 9.11075E-6 9.63933E-6 1.00581E-5 1.14889E-5 1.21511E-5 1.38E-5 1.44255E-5 1.51233E-5 1.6088E-5 1.69276E-5 1.7909E-5 1.84707E-5 1.76906E-5 1.8795E-5 1.94201E-5 2.0213E-5 1.92093E-5 2.00666E-5 2.02497E-5 1.83557E-5 1.82916E-5 1.84931E-5 1.85983E-5 1.9456E-5 1.91096E-5 1.90426E-5 1.92881E-5 1.99619E-5 1.98193E-5 2.26667E-5 2.37227E-5 2.88326E-5 3.33141E-5 3.70491E-5 4.71695E-5 4.96439E-5 5.0614E-5 5.61376E-5 8.69055E-5 9.86152E-5 1.02642E-4 1.21424E-4
1.63075E-6 1.84859E-6 1.95954E-6 1.99342E-6 2.35981E-6 2.42083E-6 2.85434E-6 3.33999E-6 3.5553E-6 3.95729E-6 4.15121E-6 4.35254E-6 4.95238E-6 4.82944E-6 5.05802E-6 5.31265E-6 6.66457E-6 7.48469E-6 7.77639E-6 7.71979E-6 8.31823E-6 8.7662E-6 1.09196E-5 1.05278E-5 1.19815E-5 1.26074E-5 1.3013E-5 1.4566E-5 1.55501E-5 1.62447E-5 1.70301E-5 1.75327E-5 1.8116E-5 1.9061E-5 1.80487E-5 1.84614E-5 1.73072E-5 1.94239E-5 1.93561E-5 1.97407E-5 1.78938E-5 1.80275E-5 1.82261E-5 1.80325E-5 1.60811E-5 1.77109E-5 1.8236E-5 1.82052E-5 1.89743E-5 1.92888E-5 2.40572E-5 2.83145E-5 3.31969E-5 3.84441E-5 4.6845E-5 4.53858E-5 7.35976E-5 8.00351E-5 9.27058E-5 9.71992E-5 1.01183E-4
1.80378E-6 1.837E-6 1.81517E-6 2.10244E-6 2.4432E-6 2.68575E-6 2.79259E-6 3.24396E-6 3.38899E-6 3.87172E-6 3.93856E-6 4.27404E-6 4.37966E-6 5.10795E-6 5.12103E-6 5.88646E-6 5.60291E-6 6.5706E-6 6.75745E-6 8.77944E-6 8.39507E-6 8.30359E-6 9.7998E-6 1.11409E-5 1.15965E-5 1.22918E-5 1.28867E-5 1.33645E-5 1.50692E-5 1.42017E-5 1.44143E-5 1.60755E-5 1.7535E-5 1.61335E-5 1.64286E-5 1.71621E-5 1.57254E-5 1.61303E-5 1.70612E-5 1.71863E-5 1.688E-5 1.70038E-5 1.68823E-5 1.55612E-5 1.52165E-5 1.52555E-5 1.71111E-5 1.72703E-5 1.74797E-5 2.05824E-5 2.30143E-5 2.40865E-5 3.07244E-5 3.52592E-5 4.52203E-5 4.36041E-5 6.54505E-5 6.96334E-5 7.91849E-5 9.1721E-5 1.0325E-4
1.67695E-6 1.86815E-6 2.00722E-6 2.04941E-6 2.43436E-6 2.50647E-6 2.70248E-6 2.74918E-6 3.30374E-6 3.3731E-6 3.55158E-6 3.64337E-6 3.71983E-6 4.48462E-6 4.54538E-6 5.03946E-6 5.26814E-6 5.52352E-6 6.05942E-6 7.30796E-6 6.72362E-6 7.72364E-6 9.19933E-6 9.68017E-6 9.91905E-6 1.11875E-5 1.16449E-5 1.20768E-5 1.28007E-5 1.30366E-5 1.36176E-5 1.4071E-5 1.46817E-5 1.52796E-5 1.56732E-5 1.61948E-5 1.53868E-5 1.53328E-5 1.55017E-5 1.56724E-5 1.59031E-5 1.62554E-5 1.50765E-5 1.5187E-5 1.43881E-5 1.44407E-5 1.47282E-5 1.6317E-5 1.71634E-5 1.91819E-5 2.11783E-5 2.50679E-5 2.91784E-5 3.32621E-5 4.36041E-5 4.04347E-5 5.85277E-5 6.54588E-5 7.72811E-5 8.45545E-5 9.885E-5
1.76859E-6 1.83435E-6 1.87977E-6 2.21676E-6 2.26336E-6 2.8415E-6 2.62482E-6 2.96213E-6 3.03873E-6 3.3122E-6 3.36941E-6 3.46915E-6 3.78104E-6 3.89293E-6 4.31256E-6 5.08542E-6 5.17316E-6 5.32618E-6 5.50377E-6 6.19011E-6 6.50622E-6 7.52931E-6 8.49454E-6 8.74563E-6 9.27023E-6 9.72004E-6 1.00329E-5 1.0405E-5 1.08304E-5 1.21707E-5 1.25302E-5 1.31365E-5 1.32812E-5 1.28498E-5 1.44908E-5 1.35552E-5 1.38537E-5 1.40063E-5 1.40576E-5 1.44197E-5 1.39702E-5 1.41758E-5 1.39738E-5 1.42816E-5 1.38484E-5 1.37979E-5 1.4955E-5 1.56745E-5 1.79308E-5 2.15364E-5 2.22814E-5 2.43016E-5 2.8306E-5 3.47633E-5 4.01404E-5 3.87479E-5 5.83217E-5 6.92883E-5 6.64384E-5 7.48201E-5 9.37192E-5
1.76214E-6 1.96039E-6 1.81239E-6 2.04594E-6 2.31315E-6 2.42554E-6 2.58682E-6 2.96213E-6 3.13941E-6 3.30013E-6 3.34489E-6 3.68982E-6 3.56775E-6 4.17792E-6 4.32808E-6 4.85141E-6 4.91742E-6 5.77595E-6 5.40455E-6 5.99038E-6 6.21276E-6 7.00296E-6 7.21001E-6 8.58811E-6 9.23727E-6 9.3732E-6 9.20728E-6 9.61885E-6 1.01214E-5 1.05738E-5 1.15698E-5 1.19988E-5 1.13589E-5 1.27645E-5 1.21279E-5 1.25301E-5 1.27145E-5 1.31377E-5 1.39214E-5 1.40234E-5 1.29619E-5 1.30109E-5 1.29651E-5 1.39891E-5 1.40916E-5 1.49442E-5 1.53348E-5 1.76042E-5 1.77333E-5 2.06504E-5 2.50678E-5 2.70135E-5 2.86143E-5 3.07616E-5 3.88897E-5 4.10366E-5 6.12842E-5 5.94107E-5 6.78109E-5 7.66631E-5 8.908E-5
1.61437E-6 1.66831E-6 1.96039E-6 2.09868E-6 2.135E-6 2.61333E-6 2.64883E-6 2.96213E-6 3.09462E-6 3.3122E-6 3.36941E-6 3.41884E-6 4.05784E-6 4.17792E-6 4.28118E-6 4.63707E-6 5.1543E-6 5.7549E-6 5.13738E-6 5.61205E-6 6.05637E-6 6.85171E-6 7.02858E-6 8.017E-6 7.533E-6 8.37546E-6 8.84631E-6 9.17454E-6 9.07765E-6 9.4135E-6 9.79839E-6 1.18823E-5 1.06809E-5 1.10366E-5 1.11175E-5 1.0407E-5 1.06753E-5 1.26681E-5 1.19469E-5 1.20345E-5 1.38469E-5 1.27305E-5 1.42036E-5 1.43601E-5 1.48605E-5 1.52158E-5 1.51843E-5 1.65113E-5 1.87229E-5 2.21149E-5 2.7929E-5 2.44224E-5 2.67516E-5 3.33014E-5 3.46445E-5 4.19041E-5 5.56918E-5 5.75594E-5 6.95568E-5 7.93763E-5 8.68415E-5
1.759E-6 1.65436E-6 2.26366E-6 2.30284E-6 2.37713E-6 2.55674E-6 2.62956E-6 2.74721E-6 3.01662E-6 3.1366E-6 3.35713E-6 3.43135E-6 3.51619E-6 3.79487E-6 4.20395E-6 4.32834E-6 4.51675E-6 5.24928E-6 5.34566E-6 5.86095E-6 6.00573E-6 6.72822E-6 7.8693E-6 8.74706E-6 7.81527E-6 8.16473E-6 8.4987E-6 8.84631E-6 1.01235E-5 1.03478E-5 9.83194E-6 1.05352E-5 1.0348E-5 1.05387E-5 1.10084E-5 1.09963E-5 1.02573E-5 1.06364E-5 1.1071E-5 1.19906E-5 1.22562E-5 1.23461E-5 1.38975E-5 1.39994E-5 1.44126E-5 1.69987E-5 1.66302E-5 1.86726E-5 2.26673E-5 2.98663E-5 2.75276E-5 2.4052E-5 2.57954E-5 3.25003E-5 3.96082E-5 4.21034E-5 4.85994E-5 6.26515E-5 6.7816E-5 7.60726E-5 7.9684E-5
1.89519E-6 1.74429E-6 1.96039E-6 2.3197E-6 2.40328E-6 2.46546E-6 2.91629E-6 2.72424E-6 2.8461E-6 3.05755E-6 3.22579E-6 3.75984E-6 3.857E-6 3.93793E-6 3.69621E-6 4.36007E-6 4.4353E-6 4.58322E-6 5.09999E-6 5.94029E-6 6.09368E-6 6.18335E-6 7.45347E-6 9.19436E-6 1.00983E-5 8.40333E-6 1.07952E-5 8.66478E-6 9.86891E-6 1.01977E-5 1.06148E-5 1.11287E-5 1.1626E-5 1.03491E-5 1.06548E-5 1.01207E-5 1.18374E-5 1.08817E-5 1.24101E-5 1.1576E-5 1.20491E-5 1.28615E-5 1.43341E-5 1.48879E-5 1.47795E-5 1.63912E-5 1.77843E-5 1.93551E-5 2.48446E-5 3.14825E-5 2.39656E-5 2.66013E-5 3.09051E-5 3.13385E-5 3.90339E-5 4.0751E-5 4.79051E-5 6.15313E-5 6.22157E-5 7.36207E-5 7.74904E-5
1.88828E-6 1.76996E-6 2.16448E-6 2.2205E-6 2.60763E-6 2.66244E-6 2.93758E-6 2.99929E-6 3.10723E-6 3.35396E-6 3.4746E-6 3.61272E-6 3.91355E-6 3.92358E-6 4.03967E-6 4.15919E-6 4.20042E-6 4.56651E-6 5.06288E-6 5.16904E-6 5.62605E-6 6.67877E-6 6.91909E-6 7.49734E-6 6.81856E-6 8.04483E-6 6.63139E-6 8.28775E-6 9.4121E-6 9.79701E-6 1.01234E-5 9.76458E-6 9.94356E-6 1.00155E-5 1.03113E-5 9.75883E-6 1.01577E-5 1.10016E-5 1.20983E-5 1.15338E-5 1.16609E-5 1.20052E-5 1.33472E-5 1.4455E-5 1.59737E-5 1.57997E-5 1.87741E-5 2.19262E-5 2.83009E-5 3.65722E-5 2.98242E-5 3.04996E-5 3.45317E-5 2.98073E-5 3.5582E-5 4.02082E-5 4.45875E-5 4.65354E-5 6.55895E-5 6.82849E-5 7.13999E-5
2.05409E-6 1.92098E-6 2.11217E-6 2.22048E-6 2.6267E-6 2.67212E-6 2.79883E-6 3.07685E-6 3.1186E-6 3.26625E-6 3.52557E-6 3.61272E-6 3.77415E-6 3.98109E-6 4.08393E-6 4.20016E-6 4.27755E-6 4.38803E-6 4.4526E-6 5.15019E-6 5.68763E-6 6.22692E-6 6.84844E-6 7.25997E-6 6.07586E-6 6.25551E-6 7.32725E-6 8.37834E-6 8.75291E-6 9.07765E-6 9.27875E-6 9.48342E-6 9.58789E-6 9.87119E-6 1.01618E-5 9.58325E-6 9.86633E-6 1.02696E-5 1.05344E-5 1.13265E-5 1.25468E-5 1.29645E-5 1.32018E-5 1.5184E-5 1.48568E-5 1.71726E-5 2.13818E-5 2.42246E-5 3.41807E-5 2.89456E-5 3.07431E-5 4.4409E-5 3.59079E-5 2.75358E-5 3.43133E-5 4.07865E-5 4.33555E-5 5.03978E-5 5.25438E-5 6.65744E-5 6.68242E-5
2.07672E-6 2.22337E-6 2.30603E-6 2.21805E-6 2.63343E-6 2.7815E-6 2.83993E-6 2.96695E-6 3.23434E-6 3.29019E-6 3.40851E-6 4.0346E-6 4.11923E-6 4.25661E-6 4.59419E-6 4.69052E-6 4.34022E-6 4.48494E-6 4.48494E-6 5.74986E-6 5.82765E-6 7.07617E-6 8.23529E-6 8.5423E-6 6.65049E-6 6.49874E-6 7.23949E-6 8.43902E-6 9.39837E-6 8.7379E-6 9.7124E-6 9.32987E-6 9.67596E-6 9.85427E-6 1.01084E-5 1.03426E-5 1.06481E-5 1.00419E-5 1.02632E-5 1.0478E-5 1.22098E-5 1.23881E-5 1.35217E-5 1.56878E-5 1.58606E-5 1.8197E-5 2.12291E-5 2.13067E-5 2.74719E-5 2.32436E-5 3.66639E-5 4.08E-5 2.5315E-5 2.40228E-5 3.52871E-5 3.90417E-5 4.62225E-5 4.53993E-5 4.82509E-5 6.00719E-5 6.39252E-5
1.99024E-6 2.31447E-6 2.21238E-6 2.51438E-6 2.55786E-6 2.81214E-6 2.88163E-6 2.98532E-6 3.28178E-6 3.71473E-6 3.84824E-6 3.94333E-6 4.2719E-6 4.41435E-6 4.02104E-6 4.15511E-6 4.86464E-6 4.91823E-6 4.96662E-6 5.70923E-6 6.04344E-6 6.78772E-6 7.37377E-6 7.8375E-6 8.02059E-6 6.18782E-6 7.31924E-6 8.409E-6 8.721E-6 9.7124E-6 8.6141E-6 8.9011E-6 9.13158E-6 9.74783E-6 9.16936E-6 9.57826E-6 1.06104E-5 1.07665E-5 1.09638E-5 1.02269E-5 1.18596E-5 1.42781E-5 1.66214E-5 1.77998E-5 1.85655E-5 2.25656E-5 1.96085E-5 2.05453E-5 2.97061E-5 3.62362E-5 3.27494E-5 2.30165E-5 1.86983E-5 2.23485E-5 3.10147E-5 3.87614E-5 4.07947E-5 4.42574E-5 4.63593E-5 5.62186E-5 6.11897E-5
2.00483E-6 2.38306E-6 2.40665E-6 2.57002E-6 2.65286E-6 2.89217E-6 3.01049E-6 3.06249E-6 3.19573E-6 4.03436E-6 4.13857E-6 4.30293E-6 4.62756E-6 4.40952E-6 4.12488E-6 4.23138E-6 4.34063E-6 4.98479E-6 5.15096E-6 5.80761E-6 5.97876E-6 7.60142E-6 7.56678E-6 6.61637E-6 5.16624E-6 6.32392E-6 7.32007E-6 8.2283E-6 8.37993E-6 8.45823E-6 8.55141E-6 8.9011E-6 9.13158E-6 9.26595E-6 1.01575E-5 1.04959E-5 9.68377E-6 1.07273E-5 1.09919E-5 1.09919E-5 1.28977E-5 1.33256E-5 1.66661E-5 2.11211E-5 2.34343E-5 2.7159E-5 2.32121E-5 2.05892E-5 2.47769E-5 3.37654E-5 1.49789E-5 1.53969E-5 1.87326E-5 2.22102E-5 3.04535E-5 3.54196E-5 3.9053E-5 3.75251E-5 4.22162E-5 5.50651E-5 5.5525E-5
2.22858E-6 2.40665E-6 2.49608E-6 2.54853E-6 2.49905E-6 2.94536E-6 3.0072E-6 3.53023E-6 3.8107E-6 4.15371E-6 4.30293E-6 4.76933E-6 4.49014E-6 4.72457E-6 4.86429E-6 4.98441E-6 4.85971E-6 4.49682E-6 4.56263E-6 5.49958E-6 6.37683E-6 8.78021E-6 1.02226E-5 6.14588E-6 5.28595E-6 7.03246E-6 7.45429E-6 8.3486E-6 8.50245E-6 9.40062E-6 9.67835E-6 9.03121E-6 9.43579E-6 8.63538E-6 8.9409E-6 9.54429E-6 1.05343E-5 1.07665E-5 1.08336E-5 1.11536E-5 1.28522E-5 1.30875E-5 1.36209E-5 1.64146E-5 2.191E-5 2.5942E-5 2.33765E-5 1.27764E-5 1.57722E-5 2.43482E-5 1.48539E-5 1.59698E-5 1.9492E-5 2.32715E-5 2.47447E-5 2.96199E-5 3.22689E-5 3.40798E-5 3.60928E-5 4.62934E-5 5.03498E-5
2.42974E-6 2.52002E-6 2.55705E-6 2.63947E-6 2.70468E-6 2.86079E-6 3.44524E-6 3.5561E-6 3.87645E-6 4.3234E-6 4.83916E-6 4.47377E-6 4.6229E-6 5.33276E-6 5.40489E-6 5.07586E-6 5.26422E-6 5.05849E-6 5.077E-6 5.62093E-6 6.74195E-6 8.12765E-6 9.23097E-6 5.30529E-6 6.346E-6 7.45359E-6 8.46055E-6 8.68911E-6 8.65829E-6 8.8346E-6 9.67835E-6 1.11813E-5 8.72097E-6 8.68835E-6 9.89358E-6 9.41427E-6 9.42457E-6 1.09838E-5 1.12067E-5 1.11944E-5 1.25291E-5 1.40743E-5 1.41258E-5 1.32641E-5 1.48552E-5 1.7121E-5 2.04423E-5 1.13887E-5 1.39584E-5 1.58583E-5 1.46026E-5 1.66992E-5 1.92304E-5 2.24391E-5 2.54532E-5 2.87695E-5 3.01707E-5 2.80521E-5 3.6239E-5 4.01991E-5 4.24655E-5
2.23932E-6 2.34812E-6 2.40618E-6 2.69491E-6 2.82574E-6 3.34128E-6 3.45259E-6 3.88069E-6 4.0496E-6 4.2104E-6 4.95866E-6 5.04964E-6 5.13665E-6 5.52418E-6 5.54439E-6 5.68747E-6 5.77116E-6 5.877E-6 6.07282E-6 6.57065E-6 5.8232E-6 6.48901E-6 6.78041E-6 6.72009E-6 7.63614E-6 7.97672E-6 9.29792E-6 9.36706E-6 9.47025E-6 9.00154E-6 1.15075E-5 1.12099E-5 8.50086E-6 8.75204E-6 9.15412E-6 9.45905E-6 1.04402E-5 1.10643E-5 1.11048E-5 1.13496E-5 1.25514E-5 1.39224E-5 1.67922E-5 1.47631E-5 1.51453E-5 1.59174E-5 1.94303E-5 1.32073E-5 1.258E-5 1.59317E-5 1.83476E-5 1.82842E-5 2.15024E-5 2.25319E-5 2.27008E-5 2.66723E-5 2.42917E-5 2.52598E-5 2.88483E-5 3.81426E-5 3.85233E-5
2.33956E-6 2.40618E-6 2.50466E-6 2.80518E-6 2.88495E-6 3.41514E-6 3.99298E-6 4.0959E-6 4.30551E-6 4.6494E-6 5.10485E-6 5.2118E-6 5.28849E-6 5.36584E-6 6.25571E-6 6.23347E-6 6.32463E-6 6.46414E-6 7.01961E-6 7.30662E-6 7.52324E-6 6.5015E-6 6.69425E-6 6.86759E-6 8.36287E-6 9.26402E-6 9.57254E-6 9.7134E-6 9.64375E-6 1.05455E-5 1.29596E-5 1.38264E-5 7.90452E-6 1.00558E-5 8.97866E-6 1.02898E-5 1.05552E-5 1.12271E-5 1.20328E-5 1.19889E-5 1.35967E-5 1.47888E-5 1.82274E-5 1.55895E-5 1.89671E-5 2.03202E-5 1.14251E-5 9.94249E-6 1.32556E-5 1.51031E-5 1.86784E-5 1.84091E-5 2.06593E-5 2.0363E-5 2.15727E-5 2.20522E-5 2.25439E-5 2.30195E-5 2.46523E-5 3.44756E-5 3.57601E-5
