Artocarpus hirsutus SDM files/MIS19/results (without bias file)/Arthir_7.asc
ncols         625
nrows         721
xllcorner     69.99986311115
yllcorner     5.99986187915
cellsize      0.041666667
NODATA_value  -9999
[rows 513 to 539 of 721, columns 122 to 182 of 625]
7.35809E-4 7.95988E-4 6.94248E-4 6.34836E-4 9.51268E-4 1.14869E-3 1.1502E-3 1.52742E-3 1.00375E-3 1.27721E-3 9.03843E-4 8.22659E-4 6.97573E-4 8.66249E-4 8.54835E-4 5.36436E-4 5.68825E-4 4.81226E-4 7.32829E-4 5.32538E-4 5.73377E-4 7.32365E-4 7.47276E-4 4.88804E-4 3.30345E-4 4.34194E-4 5.04471E-4 4.84619E-4 3.96911E-4 2.98852E-4 4.13322E-4 4.98198E-4 3.65812E-4 3.1828E-4 2.96264E-4 2.49125E-4 2.36509E-4 3.22522E-4 2.96638E-4 2.37907E-4 2.56416E-4 2.89085E-4 2.51946E-4 2.22558E-4 2.42864E-4 2.26369E-4 1.88891E-4 1.98814E-4 2.14647E-4 2.80503E-4 2.80502E-4 3.08482E-4 2.00095E-4 2.48727E-4 4.00283E-4 3.63244E-4 3.50045E-4 2.97894E-4 2.97188E-4 2.62146E-4 2.66676E-4
6.9282E-4 7.48412E-4 8.3294E-4 6.61358E-4 8.22135E-4 1.06749E-3 1.01144E-3 1.33179E-3 1.68303E-3 1.09604E-3 7.28445E-4 6.93495E-4 7.62608E-4 7.29323E-4 7.93283E-4 6.73508E-4 7.1775E-4 3.94093E-4 4.75195E-4 4.87527E-4 5.35282E-4 5.59748E-4 8.40113E-4 5.29881E-4 3.24396E-4 3.82406E-4 4.76092E-4 5.16959E-4 4.32075E-4 3.49012E-4 4.28897E-4 3.93718E-4 3.21028E-4 3.33146E-4 2.98469E-4 2.64486E-4 2.76908E-4 2.72445E-4 2.61408E-4 2.60127E-4 2.55999E-4 2.50147E-4 2.507E-4 2.06979E-4 2.05972E-4 2.0792E-4 1.9873E-4 2.71791E-4 2.43713E-4 3.20551E-4 3.22544E-4 2.79558E-4 2.34296E-4 2.39243E-4 4.18707E-4 3.68898E-4 3.30437E-4 3.23798E-4 3.16494E-4 2.78181E-4 2.63157E-4
8.10059E-4 1.13872E-3 1.41238E-3 8.72123E-4 5.61439E-4 6.8817E-4 9.16194E-4 1.29893E-3 1.50829E-3 1.00316E-3 8.53164E-4 7.01968E-4 5.84213E-4 7.14425E-4 7.43573E-4 7.37201E-4 5.54302E-4 3.68748E-4 4.36586E-4 6.29978E-4 5.3136E-4 5.41869E-4 6.79938E-4 5.86219E-4 3.27185E-4 3.24953E-4 3.89954E-4 5.64727E-4 5.05222E-4 3.68943E-4 3.60311E-4 3.94453E-4 3.13034E-4 3.14886E-4 2.46827E-4 2.92803E-4 3.34809E-4 3.03046E-4 2.48935E-4 2.49903E-4 2.28425E-4 2.16461E-4 1.90061E-4 2.00733E-4 1.9216E-4 2.21535E-4 2.15957E-4 3.05604E-4 2.92481E-4 3.36652E-4 2.88584E-4 2.99931E-4 2.24276E-4 2.58634E-4 4.09643E-4 3.77161E-4 3.44485E-4 3.40571E-4 3.19314E-4 2.85757E-4 3.75803E-4
1.02005E-3 1.12808E-3 1.3947E-3 1.72545E-3 6.20486E-4 5.65188E-4 9.32794E-4 1.11116E-3 1.05998E-3 8.52881E-4 7.53524E-4 6.9156E-4 6.1304E-4 6.06188E-4 6.05265E-4 6.80524E-4 4.70705E-4 5.13921E-4 5.20421E-4 5.04381E-4 4.77722E-4 4.82675E-4 5.86236E-4 6.49011E-4 3.87706E-4 2.93087E-4 4.1332E-4 4.58813E-4 5.55403E-4 4.2638E-4 3.50031E-4 3.08619E-4 2.94031E-4 3.03346E-4 3.08453E-4 2.82318E-4 2.82973E-4 3.04236E-4 2.48984E-4 2.42399E-4 2.01964E-4 2.06481E-4 2.01717E-4 2.19372E-4 1.94539E-4 2.00671E-4 2.14687E-4 2.83073E-4 3.29301E-4 2.70764E-4 2.70494E-4 2.70165E-4 3.06745E-4 2.42543E-4 3.68935E-4 4.53479E-4 3.35258E-4 3.30851E-4 3.14633E-4 3.0011E-4 4.6453E-4
9.46595E-4 7.06122E-4 9.38041E-4 1.50845E-3 7.92671E-4 8.58114E-4 9.18671E-4 6.69341E-4 8.71552E-4 8.25214E-4 7.03301E-4 5.87974E-4 6.35177E-4 6.46633E-4 5.58189E-4 5.50144E-4 5.57151E-4 5.20339E-4 6.38909E-4 5.69055E-4 4.30599E-4 4.55319E-4 5.26119E-4 5.91188E-4 4.26112E-4 3.68596E-4 3.23042E-4 4.07866E-4 4.94945E-4 4.78811E-4 3.62987E-4 3.04179E-4 3.36736E-4 3.1335E-4 2.86815E-4 2.73844E-4 2.68541E-4 2.75088E-4 2.49937E-4 2.38061E-4 1.99061E-4 1.81782E-4 2.09482E-4 2.26163E-4 1.78171E-4 2.18912E-4 2.29022E-4 2.91879E-4 2.86498E-4 2.58378E-4 3.12461E-4 2.99363E-4 3.09305E-4 2.41649E-4 3.36909E-4 4.90053E-4 3.57014E-4 3.42259E-4 3.19984E-4 4.48809E-4 4.77352E-4
1.14352E-3 6.64283E-4 9.00088E-4 1.00971E-3 1.23379E-3 1.53593E-3 7.90167E-4 5.67895E-4 5.45672E-4 6.69542E-4 6.0561E-4 7.31296E-4 7.11054E-4 4.79853E-4 6.72613E-4 6.76682E-4 4.44257E-4 4.91031E-4 6.50918E-4 5.99698E-4 5.05766E-4 4.34435E-4 4.78786E-4 5.24947E-4 4.99539E-4 4.87141E-4 2.76309E-4 3.5088E-4 4.77973E-4 4.2963E-4 3.67469E-4 3.05789E-4 4.09801E-4 2.77516E-4 2.65375E-4 2.65028E-4 2.6366E-4 2.47184E-4 2.24607E-4 2.17806E-4 2.19905E-4 1.91939E-4 1.90593E-4 2.41797E-4 2.00122E-4 1.85734E-4 2.00789E-4 2.79765E-4 3.43782E-4 2.86722E-4 2.72146E-4 2.76805E-4 2.57706E-4 2.63197E-4 3.64219E-4 5.29598E-4 3.70813E-4 3.42767E-4 3.22297E-4 5.2196E-4 4.47544E-4
1.19199E-3 1.15512E-3 6.84849E-4 6.99062E-4 9.60996E-4 1.09896E-3 1.23527E-3 6.69243E-4 5.45725E-4 4.80752E-4 7.69946E-4 1.17857E-3 5.64826E-4 4.23929E-4 6.7294E-4 6.92011E-4 5.12752E-4 4.08636E-4 4.64039E-4 5.76526E-4 5.56027E-4 4.9939E-4 4.39921E-4 5.16306E-4 5.22586E-4 5.38322E-4 3.14586E-4 3.15783E-4 4.54337E-4 4.50995E-4 3.60967E-4 3.73855E-4 4.07513E-4 2.76905E-4 2.95326E-4 3.02357E-4 2.55071E-4 2.38619E-4 2.54833E-4 2.27813E-4 2.11578E-4 1.84729E-4 1.80465E-4 2.01584E-4 2.23531E-4 2.17145E-4 1.97934E-4 2.52639E-4 3.0175E-4 2.73003E-4 2.92064E-4 3.02403E-4 2.61874E-4 2.42365E-4 3.62077E-4 4.88116E-4 3.79589E-4 3.03664E-4 3.49769E-4 6.65445E-4 4.56227E-4
2.30853E-3 2.04024E-3 8.78434E-4 9.57659E-4 9.53118E-4 7.10103E-4 9.74767E-4 5.4099E-4 5.04257E-4 5.8377E-4 1.10856E-3 8.93734E-4 4.04134E-4 4.86433E-4 1.2625E-3 6.77435E-4 4.96871E-4 3.76784E-4 3.90446E-4 5.09012E-4 5.56027E-4 5.12285E-4 4.76498E-4 5.06462E-4 5.36141E-4 6.55292E-4 4.03513E-4 3.78992E-4 3.56153E-4 3.3824E-4 3.29351E-4 5.34465E-4 3.35763E-4 2.7738E-4 3.44144E-4 3.06547E-4 2.77169E-4 2.65566E-4 2.50276E-4 2.45431E-4 1.81998E-4 1.7398E-4 1.70767E-4 2.0532E-4 1.83344E-4 1.88789E-4 2.10119E-4 2.62387E-4 2.61392E-4 2.44451E-4 2.54069E-4 2.65448E-4 2.55352E-4 2.56297E-4 2.89132E-4 4.59472E-4 3.7816E-4 4.0898E-4 5.65954E-4 4.79619E-4 3.93041E-4
2.10826E-3 2.27743E-3 2.07706E-3 1.01384E-3 6.08971E-4 8.73063E-4 4.70697E-4 5.06432E-4 7.06873E-4 1.08765E-3 1.21443E-3 6.00645E-4 4.42114E-4 3.69529E-4 1.01812E-3 1.14707E-3 5.44824E-4 4.42113E-4 3.90467E-4 4.72448E-4 5.24786E-4 4.93496E-4 5.34116E-4 5.1954E-4 5.34331E-4 7.46258E-4 5.49192E-4 4.03946E-4 3.53504E-4 3.43683E-4 3.57724E-4 6.47627E-4 3.60519E-4 3.12323E-4 3.36375E-4 2.84704E-4 2.83234E-4 2.66549E-4 2.50276E-4 2.01447E-4 2.05147E-4 1.66759E-4 1.59363E-4 1.78015E-4 1.86255E-4 1.81601E-4 2.06252E-4 2.36971E-4 2.53356E-4 2.19541E-4 2.66758E-4 2.47733E-4 3.0049E-4 2.9288E-4 2.61971E-4 3.99025E-4 4.57526E-4 5.05578E-4 5.2619E-4 4.44415E-4 3.96673E-4
4.10791E-3 3.0424E-3 3.68473E-3 1.35191E-3 6.02354E-4 4.59332E-4 5.21325E-4 6.81181E-4 7.33529E-4 9.8206E-4 1.21617E-3 9.24907E-4 4.85084E-4 3.20603E-4 5.27174E-4 1.07843E-3 1.04087E-3 4.79477E-4 3.7622E-4 5.5271E-4 5.26453E-4 4.62337E-4 4.75933E-4 5.05883E-4 5.37491E-4 6.23801E-4 7.99392E-4 5.86072E-4 3.33357E-4 2.96857E-4 4.83856E-4 5.29183E-4 3.96307E-4 3.27519E-4 3.62563E-4 3.58678E-4 2.78205E-4 2.60849E-4 2.10716E-4 2.3329E-4 2.24114E-4 1.74239E-4 1.55061E-4 1.5276E-4 1.71273E-4 1.72542E-4 1.67745E-4 2.10407E-4 2.90589E-4 2.18173E-4 2.33883E-4 2.26903E-4 3.85321E-4 3.10953E-4 2.48755E-4 3.64955E-4 4.89886E-4 5.98969E-4 6.17829E-4 3.78463E-4 4.1456E-4
3.46286E-3 3.5778E-3 4.0374E-3 1.83483E-3 6.81973E-4 4.15608E-4 5.69409E-4 9.84172E-4 1.36976E-3 1.38532E-3 7.24251E-4 5.77349E-4 5.14689E-4 4.44547E-4 4.4549E-4 7.5104E-4 1.38898E-3 6.76345E-4 4.13255E-4 5.05924E-4 6.45893E-4 6.27511E-4 4.54616E-4 4.83568E-4 5.3178E-4 6.07426E-4 8.61494E-4 7.93429E-4 3.78019E-4 3.08303E-4 5.34257E-4 5.03644E-4 4.15558E-4 3.34337E-4 3.28129E-4 3.12282E-4 3.18714E-4 2.60322E-4 2.22869E-4 2.52538E-4 1.92864E-4 1.57563E-4 1.78346E-4 1.58466E-4 1.54121E-4 1.66623E-4 1.6295E-4 1.94562E-4 3.22421E-4 1.89831E-4 3.15654E-4 2.64151E-4 3.10612E-4 3.16894E-4 2.75619E-4 3.12175E-4 4.7078E-4 6.03741E-4 4.17529E-4 4.32282E-4 5.50308E-4
8.32998E-3 4.09652E-3 1.92996E-3 1.49647E-3 9.11119E-4 7.35196E-4 4.36883E-4 9.30717E-4 1.16014E-3 1.60433E-3 5.8341E-4 5.79997E-4 6.52065E-4 4.78822E-4 4.4811E-4 7.71499E-4 1.02963E-3 1.16221E-3 4.38808E-4 5.74779E-4 5.77666E-4 6.21339E-4 5.86501E-4 5.86351E-4 5.9783E-4 6.90214E-4 9.84677E-4 6.63025E-4 4.50364E-4 3.37412E-4 6.03639E-4 9.43606E-4 4.70459E-4 3.03994E-4 3.24304E-4 2.69599E-4 2.86909E-4 2.42609E-4 2.51596E-4 2.09512E-4 1.59941E-4 1.65241E-4 1.80614E-4 1.61345E-4 1.36138E-4 1.43738E-4 1.55678E-4 1.74737E-4 2.61639E-4 3.29111E-4 3.09741E-4 2.75152E-4 2.95586E-4 3.1941E-4 3.05407E-4 2.9983E-4 3.84569E-4 4.97729E-4 5.96883E-4 6.38041E-4 5.48333E-4
8.1437E-3 3.86535E-3 3.95187E-3 1.35461E-3 2.08097E-3 1.55296E-3 5.60416E-4 5.08841E-4 7.02912E-4 1.18401E-3 1.25572E-3 5.91006E-4 5.70518E-4 5.41833E-4 4.87026E-4 5.68912E-4 9.14664E-4 1.59627E-3 9.06401E-4 4.7834E-4 5.34578E-4 6.93356E-4 6.31518E-4 6.58588E-4 6.56906E-4 6.16444E-4 7.99792E-4 7.57889E-4 6.29582E-4 4.33127E-4 6.04536E-4 9.80144E-4 4.58878E-4 3.22518E-4 3.25987E-4 2.8399E-4 2.9469E-4 2.64487E-4 2.43822E-4 1.90968E-4 1.60718E-4 1.59537E-4 1.58069E-4 1.5156E-4 1.65185E-4 1.30007E-4 1.44699E-4 1.74996E-4 3.37409E-4 2.9991E-4 2.94307E-4 2.62857E-4 2.74584E-4 3.94789E-4 3.15996E-4 3.07894E-4 3.399E-4 4.14305E-4 6.16627E-4 9.35286E-4 5.84633E-4
1.92651E-2 3.28696E-3 2.71063E-3 2.56667E-3 4.00322E-3 2.95208E-3 5.75872E-4 1.1183E-3 1.43993E-3 7.6154E-4 5.86401E-4 6.54097E-4 1.07153E-3 7.80127E-4 4.59315E-4 5.27302E-4 8.12841E-4 1.75352E-3 1.09313E-3 5.83042E-4 5.87574E-4 6.40026E-4 6.63968E-4 6.55774E-4 6.53574E-4 6.54609E-4 7.47636E-4 8.79259E-4 5.81588E-4 6.8113E-4 6.1319E-4 8.85481E-4 4.60182E-4 3.17875E-4 3.20217E-4 3.15419E-4 3.21785E-4 2.42925E-4 2.26472E-4 2.0429E-4 1.58381E-4 1.54146E-4 1.55545E-4 1.54915E-4 1.62682E-4 1.37587E-4 1.40084E-4 1.59009E-4 2.51856E-4 2.89397E-4 2.80452E-4 2.37268E-4 3.92833E-4 4.0674E-4 3.55002E-4 3.92412E-4 2.95876E-4 3.90761E-4 5.89571E-4 7.58137E-4 4.57745E-4
1.34694E-2 5.90156E-3 7.4849E-3 3.82106E-3 3.45155E-3 3.35452E-3 6.62154E-4 1.07475E-3 1.23204E-3 5.89786E-4 8.564E-4 1.35627E-3 1.06033E-3 9.53876E-4 5.51515E-4 4.735E-4 7.9672E-4 1.7661E-3 9.54949E-4 7.78043E-4 8.04848E-4 7.58075E-4 8.25047E-4 6.40335E-4 5.81925E-4 6.40586E-4 7.1869E-4 9.12986E-4 7.51025E-4 5.66409E-4 6.56442E-4 1.18358E-3 5.01014E-4 3.60632E-4 3.12262E-4 3.35324E-4 3.24063E-4 2.38898E-4 2.08332E-4 1.75664E-4 1.82836E-4 1.86471E-4 1.6513E-4 1.39394E-4 1.69641E-4 1.69893E-4 1.67444E-4 1.7397E-4 2.36442E-4 3.0787E-4 2.51345E-4 2.87591E-4 4.55691E-4 4.20472E-4 4.03149E-4 3.97023E-4 3.37452E-4 3.67295E-4 4.91749E-4 5.64763E-4 7.52886E-4
2.07282E-2 1.34492E-2 1.40734E-2 7.03164E-3 4.04167E-3 4.64232E-3 1.15424E-3 8.12087E-4 1.05916E-3 8.97497E-4 9.20077E-4 1.77443E-3 1.00288E-3 7.62986E-4 5.46271E-4 8.65349E-4 8.80536E-4 1.08673E-3 1.27385E-3 1.27078E-3 8.61978E-4 9.4419E-4 8.56583E-4 8.21039E-4 5.12104E-4 5.97858E-4 6.88311E-4 9.8288E-4 1.05733E-3 7.88379E-4 3.66459E-4 6.75509E-4 5.89619E-4 4.35332E-4 3.27104E-4 2.83605E-4 3.20822E-4 2.57807E-4 1.95056E-4 1.67176E-4 1.92669E-4 2.11363E-4 1.75322E-4 1.50455E-4 1.57197E-4 1.62411E-4 1.66869E-4 1.79768E-4 2.08272E-4 2.79915E-4 3.01396E-4 4.45457E-4 5.31274E-4 4.34559E-4 4.16992E-4 4.30516E-4 3.55427E-4 4.18856E-4 4.13228E-4 4.81968E-4 5.8127E-4
3.67578E-2 2.33605E-2 7.11989E-3 8.36819E-3 6.75327E-3 5.38279E-3 1.31541E-3 1.18468E-3 1.45727E-3 1.20898E-3 6.94151E-4 8.23946E-4 7.62452E-4 7.02238E-4 6.68653E-4 9.18912E-4 1.11859E-3 1.49939E-3 1.27869E-3 1.76513E-3 8.50841E-4 9.99332E-4 9.73748E-4 7.86628E-4 5.76554E-4 7.04988E-4 6.09047E-4 1.13767E-3 9.38471E-4 1.01957E-3 3.78929E-4 6.11045E-4 5.51801E-4 4.25405E-4 3.29529E-4 2.72131E-4 2.70335E-4 2.95948E-4 2.17949E-4 1.68415E-4 1.78529E-4 2.02356E-4 1.96571E-4 1.70555E-4 1.74334E-4 1.65672E-4 1.79515E-4 1.89875E-4 2.13206E-4 2.85524E-4 4.12409E-4 5.47647E-4 5.02427E-4 4.50283E-4 3.9783E-4 4.85693E-4 3.93213E-4 4.69312E-4 4.24244E-4 4.21552E-4 5.55567E-4
6.5469E-2 8.24443E-2 2.08347E-2 1.20695E-2 5.6013E-3 1.30649E-2 2.55333E-3 2.75236E-3 1.64821E-3 9.92818E-4 9.05579E-4 7.89641E-4 7.27984E-4 1.06684E-3 1.05753E-3 8.07078E-4 1.01989E-3 1.34046E-3 1.4987E-3 2.11453E-3 1.28367E-3 9.15466E-4 1.44067E-3 8.28215E-4 5.22799E-4 7.84864E-4 9.11567E-4 1.11063E-3 7.34898E-4 6.90261E-4 6.15426E-4 5.38475E-4 4.58518E-4 3.73238E-4 3.09671E-4 2.42876E-4 2.51504E-4 2.264E-4 2.1407E-4 1.97254E-4 1.82094E-4 1.91606E-4 1.99747E-4 1.94744E-4 1.87779E-4 1.79109E-4 1.83088E-4 1.86038E-4 2.43825E-4 2.99706E-4 6.39595E-4 4.16187E-4 5.11822E-4 4.37779E-4 4.97395E-4 5.28099E-4 4.27748E-4 4.26833E-4 4.8575E-4 4.55489E-4 5.17788E-4
6.95012E-2 8.08662E-2 6.82116E-2 2.62268E-2 9.85867E-3 2.14903E-2 8.13839E-3 4.89359E-3 2.01144E-3 1.06032E-3 8.84241E-4 7.13201E-4 1.12584E-3 1.58672E-3 1.07571E-3 7.41226E-4 1.16409E-3 1.38858E-3 1.32912E-3 2.04619E-3 1.92574E-3 1.00009E-3 2.00174E-3 9.08703E-4 9.23614E-4 5.73468E-4 7.8293E-4 9.16163E-4 1.12382E-3 4.688E-4 6.9733E-4 5.04189E-4 4.11235E-4 3.47007E-4 2.53121E-4 2.67314E-4 2.46253E-4 2.17409E-4 2.14767E-4 2.16312E-4 1.48216E-4 1.83713E-4 1.94329E-4 2.14762E-4 2.19496E-4 2.0483E-4 2.06371E-4 2.17483E-4 2.7873E-4 4.83804E-4 4.67975E-4 4.75457E-4 5.21223E-4 4.9405E-4 5.47843E-4 5.4244E-4 4.9993E-4 4.8997E-4 4.51558E-4 4.50473E-4 4.80939E-4
5.88798E-2 5.47455E-2 8.93876E-2 4.48179E-2 2.33666E-2 7.20288E-3 6.24246E-3 6.09205E-3 4.82624E-3 2.36387E-3 8.90474E-4 7.63057E-4 1.43254E-3 2.11031E-3 9.02158E-4 9.7354E-4 1.55047E-3 1.13296E-3 1.35476E-3 2.14968E-3 1.64561E-3 1.23275E-3 1.20317E-3 1.09922E-3 1.55662E-3 7.66258E-4 6.59353E-4 6.82885E-4 1.1664E-3 5.43179E-4 5.00251E-4 4.04977E-4 3.04879E-4 3.80274E-4 3.5381E-4 2.66757E-4 2.58457E-4 2.161E-4 2.06619E-4 2.32519E-4 1.45756E-4 1.83713E-4 2.00789E-4 2.33819E-4 2.25462E-4 2.19822E-4 2.24193E-4 2.29175E-4 3.31477E-4 5.21129E-4 5.14441E-4 4.65876E-4 5.16587E-4 5.20148E-4 5.52723E-4 5.36609E-4 6.15868E-4 5.24365E-4 4.59575E-4 4.60197E-4 4.83401E-4
3.0402E-1 1.50485E-1 3.93563E-2 6.13521E-2 4.84712E-2 1.02785E-2 4.06649E-3 6.45404E-3 5.76544E-3 2.16081E-3 1.21694E-3 2.12996E-3 2.02149E-3 2.261E-3 1.03268E-3 8.11427E-4 1.32679E-3 1.48051E-3 1.80549E-3 3.44435E-3 1.71327E-3 1.12263E-3 8.50895E-4 1.11634E-3 1.4781E-3 8.5416E-4 6.24025E-4 7.64008E-4 1.1397E-3 5.95184E-4 4.08031E-4 3.69E-4 3.02125E-4 3.74796E-4 4.78067E-4 2.59319E-4 2.32144E-4 2.13304E-4 2.1954E-4 1.78687E-4 1.80021E-4 1.74607E-4 1.84684E-4 2.09412E-4 2.14833E-4 2.29662E-4 2.30512E-4 2.39412E-4 2.92142E-4 5.18806E-4 5.87323E-4 5.60134E-4 6.08802E-4 5.43705E-4 5.71392E-4 5.81727E-4 6.39024E-4 5.42737E-4 4.92628E-4 4.84537E-4 4.97302E-4
2.26264E-1 3.0491E-1 4.80276E-2 6.1168E-2 5.72698E-2 1.4737E-2 7.62817E-3 1.41066E-2 6.95333E-3 1.46639E-3 1.66897E-3 2.54395E-3 4.79776E-3 1.68212E-3 1.05914E-3 9.25156E-4 1.49909E-3 1.82989E-3 1.40767E-3 1.72361E-3 2.56367E-3 1.66557E-3 9.47037E-4 9.62739E-4 1.2803E-3 1.08408E-3 7.46436E-4 7.54997E-4 8.35787E-4 5.52505E-4 3.98271E-4 3.60028E-4 3.63214E-4 3.14793E-4 5.69735E-4 2.81434E-4 2.26117E-4 2.11946E-4 1.89916E-4 1.90355E-4 2.20142E-4 1.76762E-4 1.99701E-4 2.04122E-4 2.16696E-4 2.5929E-4 2.95323E-4 2.62897E-4 2.97512E-4 3.68148E-4 5.66371E-4 6.64422E-4 5.54766E-4 6.01745E-4 6.05956E-4 6.08072E-4 5.64486E-4 6.01407E-4 6.12408E-4 5.43237E-4 5.18062E-4
7.74348E-1 2.3811E-1 1.25177E-1 6.09511E-2 7.65171E-2 4.48986E-2 8.16655E-3 1.04171E-2 8.63156E-3 3.02841E-3 3.44269E-3 4.75152E-3 5.32449E-3 1.35979E-3 1.06849E-3 1.48283E-3 1.42464E-3 1.33422E-3 1.17948E-3 1.27161E-3 1.99284E-3 1.86441E-3 1.47226E-3 1.0744E-3 1.00142E-3 1.31058E-3 9.35829E-4 7.39029E-4 6.35487E-4 5.37966E-4 4.15185E-4 3.88246E-4 4.34826E-4 2.90998E-4 4.77744E-4 3.35218E-4 2.42424E-4 2.00308E-4 1.81803E-4 2.18393E-4 2.43504E-4 1.85571E-4 1.8428E-4 2.3845E-4 1.97844E-4 2.34261E-4 3.27432E-4 2.84142E-4 2.75079E-4 4.02994E-4 6.25796E-4 9.35396E-4 6.39186E-4 6.18366E-4 5.70133E-4 6.60568E-4 5.55137E-4 6.15617E-4 6.98047E-4 5.69195E-4 5.67957E-4
7.4188E-1 6.22661E-1 2.0903E-1 1.1756E-1 8.73422E-2 4.14904E-2 2.16375E-2 3.27281E-2 2.0397E-2 5.05207E-3 8.32711E-3 2.73781E-3 3.02481E-3 2.64899E-3 1.25593E-3 2.04919E-3 2.40835E-3 1.48315E-3 1.64248E-3 1.53721E-3 1.62394E-3 1.94174E-3 1.64276E-3 1.28424E-3 9.99608E-4 9.15137E-4 8.41509E-4 6.69608E-4 6.98941E-4 7.13205E-4 5.08159E-4 3.51926E-4 4.51636E-4 4.3584E-4 4.5034E-4 3.53445E-4 2.34516E-4 1.781E-4 1.95819E-4 1.97279E-4 2.78465E-4 2.15662E-4 2.1774E-4 2.49442E-4 2.05479E-4 2.35477E-4 2.88034E-4 3.2082E-4 3.22579E-4 5.21792E-4 5.89223E-4 5.83805E-4 6.24126E-4 6.20816E-4 6.21073E-4 7.50735E-4 5.62651E-4 6.57543E-4 7.34784E-4 5.87833E-4 5.25868E-4
8.48987E-1 8.26584E-1 3.19097E-1 2.10203E-1 1.71451E-1 6.73325E-2 6.95321E-2 4.5379E-2 4.07397E-2 4.97524E-3 5.8541E-3 2.59966E-3 9.67668E-3 2.64539E-3 2.4222E-3 1.92046E-3 2.59765E-3 1.46905E-3 1.71478E-3 3.45827E-3 1.77443E-3 1.70371E-3 1.54997E-3 1.2032E-3 1.14187E-3 9.39376E-4 7.98866E-4 8.16899E-4 7.218E-4 6.31833E-4 6.0206E-4 3.68835E-4 3.41078E-4 5.31261E-4 4.39051E-4 3.58711E-4 2.79179E-4 1.91106E-4 2.17458E-4 2.01206E-4 2.27183E-4 2.5109E-4 2.42606E-4 2.70057E-4 2.05026E-4 2.35477E-4 3.21083E-4 3.27279E-4 2.93993E-4 6.71909E-4 8.64385E-4 6.42826E-4 7.45626E-4 5.39634E-4 7.05159E-4 7.34776E-4 5.54556E-4 6.47283E-4 6.11872E-4 5.6967E-4 5.19524E-4
9.32573E-1 6.26096E-1 4.30284E-1 1.98319E-1 1.77695E-1 2.66309E-1 1.59899E-1 6.12623E-2 3E-2 1.00555E-2 4.6123E-3 2.60836E-3 7.68375E-3 4.919E-3 6.91817E-3 2.72186E-3 3.12844E-3 1.14398E-3 2.08764E-3 3.32632E-3 2.00096E-3 1.55316E-3 1.54477E-3 1.27729E-3 1.06538E-3 9.09608E-4 8.92776E-4 1.09778E-3 6.64821E-4 6.92181E-4 7.90523E-4 5.08701E-4 3.65315E-4 4.45772E-4 3.75838E-4 2.82399E-4 2.28291E-4 2.14675E-4 2.47616E-4 2.692E-4 2.25077E-4 2.77806E-4 2.56035E-4 2.45737E-4 2.17639E-4 2.35308E-4 3.1631E-4 3.7002E-4 3.87678E-4 1.07003E-3 8.69961E-4 7.69785E-4 7.38077E-4 5.2176E-4 7.67286E-4 7.52347E-4 6.54012E-4 6.52229E-4 6.24196E-4 6.1824E-4 5.61431E-4
9.89363E-1 8.46543E-1 3.69163E-1 2.74167E-1 1.65506E-1 2.37517E-1 3.23788E-1 1.01542E-1 2.60421E-2 2.29842E-2 9.88461E-3 2.70297E-3 1.22339E-2 8.02308E-3 1.15105E-2 8.00796E-3 4.3384E-3 1.42588E-3 2.30906E-3 3.4752E-3 2.19785E-3 1.60221E-3 1.53392E-3 1.27055E-3 1.07378E-3 1.05947E-3 1.15139E-3 1.23232E-3 7.14187E-4 5.81556E-4 8.33551E-4 6.17889E-4 4.43682E-4 4.83523E-4 3.3337E-4 2.98576E-4 2.31115E-4 2.44118E-4 2.28545E-4 3.7472E-4 2.37522E-4 3.22179E-4 2.87466E-4 2.56483E-4 2.33933E-4 2.33126E-4 3.1571E-4 4.00549E-4 4.57614E-4 9.53931E-4 6.92122E-4 7.2249E-4 6.19453E-4 4.844E-4 7.84128E-4 9.02171E-4 6.3985E-4 6.22782E-4 6.81698E-4 6.73417E-4 6.93099E-4
