Artocarpus hirsutus SDM files/MIS19/results (without bias file)/Arthir_max.asc
ncols         625
nrows         721
xllcorner     69.99986311115
yllcorner     5.99986187915
cellsize      0.041666667
NODATA_value  -9999
[rows 27 to 53 of 721, columns 427 to 487 of 625]
1.39876E-5 1.0291E-5 9.04186E-5 1.09806E-4 1.5615E-5 1.98024E-5 2.12455E-5 1.48009E-5 1.71638E-5 2.10455E-5 1.53167E-5 1.38621E-4 2.02373E-5 1.54104E-5 1.08576E-4 1.34399E-4 9.85728E-6 2.02811E-5 1.60243E-5 1.27221E-5 1.43243E-5 1.50946E-5 1.63463E-5 1.47232E-5 1.09545E-5 1.06492E-5 1.01954E-4 7.31472E-6 7.52821E-6 1.06138E-4 9.22075E-6 1.46989E-5 2.16286E-5 1.50365E-5 1.01428E-5 1.622E-5 2.59627E-5 2.46492E-5 2.70763E-5 2.40145E-5 2.41483E-5 2.5191E-5 2.63441E-5 1.82266E-5 1.05793E-5 9.69203E-6 1.48766E-5 1.49924E-5 2.20246E-5 1.43869E-5 1.1753E-5 1.19814E-5 1.14122E-5 1.63323E-4 1.65217E-4 1.46818E-5 1.38144E-5 1.32136E-5 1.73624E-4 9.62861E-5 7.61046E-5
1.05319E-4 1.38377E-4 1.58392E-5 1.71772E-5 1.83122E-4 2.03222E-5 2.36169E-5 1.54052E-5 1.51367E-5 1.58667E-5 1.75121E-5 2.19797E-5 1.82059E-5 1.67854E-5 1.60129E-5 1.71124E-5 1.94499E-5 1.76535E-5 1.63023E-5 1.77159E-5 1.1733E-5 1.20296E-5 1.05504E-5 9.91061E-6 7.40607E-6 1.0986E-5 1.38342E-5 1.49991E-5 1.79187E-5 1.53151E-5 1.26214E-4 1.43225E-5 1.22182E-5 1.91044E-5 1.71664E-5 1.14163E-4 1.03499E-4 1.08588E-5 1.78393E-5 2.25109E-5 2.15155E-5 2.39608E-5 2.13408E-5 1.86971E-5 1.23437E-5 1.11758E-5 9.2581E-6 9.49031E-6 1.53324E-5 1.65561E-5 1.40674E-5 1.3616E-5 1.55414E-4 1.41447E-4 9.15862E-5 9.23104E-6 1.28135E-4 1.16655E-4 1.48658E-4 7.34852E-5 7.70693E-5
1.81411E-5 1.98544E-5 1.76236E-5 1.27701E-5 1.35575E-5 1.49588E-5 1.14843E-5 1.06166E-5 1.94864E-5 2.71881E-5 2.58386E-5 1.76971E-5 1.7469E-5 1.72986E-5 1.65109E-5 1.74442E-5 1.47554E-5 1.2632E-5 1.17957E-5 1.18099E-4 1.12028E-4 8.11599E-6 1.10217E-5 8.34876E-6 1.22307E-4 1.12387E-4 8.87688E-6 9.3338E-6 1.92359E-5 1.21378E-5 8.47971E-6 7.02379E-6 1.67247E-5 2.30199E-5 1.89706E-5 1.21093E-4 8.70729E-5 8.02185E-6 1.09263E-5 1.56579E-5 2.14146E-5 2.71857E-5 2.2731E-5 1.3378E-5 1.15075E-5 9.27901E-6 1.10689E-4 8.09195E-6 1.96491E-5 1.76828E-5 1.29988E-5 1.06242E-5 1.11521E-5 1.64195E-4 1.03164E-4 8.23557E-5 9.9733E-5 8.00363E-5 9.07628E-5 1.06848E-4 9.60337E-5
1.86975E-5 1.95402E-5 1.40034E-5 1.24522E-5 1.19228E-5 1.3114E-5 1.4309E-5 1.94135E-5 2.24946E-5 1.50541E-5 1.31173E-5 1.59636E-5 1.52825E-5 2.19552E-5 2.4725E-5 2.14168E-5 1.79837E-5 1.58372E-5 1.75746E-5 1.59982E-5 1.62455E-5 1.56045E-5 1.52117E-5 1.78623E-4 1.25602E-5 1.69997E-5 1.62982E-5 1.68084E-5 1.36178E-5 9.75615E-5 9.3149E-6 1.41447E-5 1.16938E-5 1.84757E-5 1.15764E-5 9.84615E-5 1.16315E-4 8.05584E-6 1.0588E-5 1.30473E-5 2.86907E-5 2.27937E-5 2.28175E-5 1.19331E-4 1.15646E-4 1.60597E-5 1.5845E-5 1.65332E-5 1.84559E-5 1.15587E-5 1.21397E-4 9.33198E-5 8.44562E-5 1.08883E-4 1.02063E-5 1.08452E-4 1.26013E-4 1.14019E-4 1.02253E-4 9.74885E-5 8.60432E-5
1.60235E-5 1.59124E-5 1.05457E-5 1.05938E-5 1.14242E-5 1.30378E-5 1.28154E-5 1.86061E-5 9.75067E-6 6.4512E-6 8.5325E-6 1.12632E-5 1.27627E-5 1.10208E-5 1.3613E-5 2.88611E-5 2.41646E-5 1.83978E-5 2.35236E-5 2.22608E-5 1.84217E-5 1.64742E-5 1.90887E-5 1.82725E-5 1.78909E-5 1.56093E-5 1.22771E-5 1.30301E-5 1.24743E-5 1.24921E-4 9.3436E-6 1.02533E-5 1.10894E-5 1.00415E-5 1.27097E-5 1.3183E-4 1.0361E-5 1.03269E-5 9.48474E-6 1.72366E-5 2.90655E-5 2.37184E-5 1.18706E-5 1.16507E-5 1.87644E-5 2.38248E-5 1.70849E-5 1.1599E-5 1.63601E-4 1.71734E-4 1.62311E-4 1.18803E-4 1.02514E-4 1.19127E-4 1.30542E-4 1.35529E-4 1.24174E-4 1.85083E-4 1.22364E-4 1.41873E-4 1.36661E-4
2.04697E-5 1.81108E-5 1.40752E-5 1.08979E-5 1.22116E-5 1.59295E-5 1.12212E-5 7.7858E-6 9.38619E-5 1.00312E-4 7.20179E-6 1.06514E-4 9.02713E-6 1.13412E-4 9.4519E-5 7.61993E-6 7.52478E-6 9.78409E-5 9.47331E-6 1.56155E-5 1.37005E-5 1.14031E-5 1.21371E-5 1.85829E-5 1.11219E-5 1.75171E-5 2.02725E-5 1.8037E-5 1.50037E-5 1.63338E-5 1.64987E-5 1.62352E-5 1.8451E-5 1.70356E-5 1.35506E-4 1.30519E-4 1.28023E-5 1.83641E-5 1.95956E-5 1.8034E-5 2.21636E-5 1.95844E-5 1.20189E-5 2.06996E-5 2.69761E-5 2.63466E-5 1.86112E-5 1.21522E-5 1.10221E-5 1.11023E-5 1.5753E-4 1.61525E-4 1.25657E-4 2.04768E-4 1.62976E-4 1.98515E-4 1.96067E-4 1.5805E-5 2.04346E-4 1.52197E-4 1.23901E-4
1.37077E-5 1.08417E-5 1.09347E-4 9.64696E-5 1.05308E-4 1.16885E-4 1.19325E-4 1.22539E-4 1.35392E-4 1.41421E-4 1.23634E-4 1.01187E-4 1.02211E-4 1.18807E-4 9.54526E-6 1.02609E-5 8.96677E-6 1.09505E-5 1.20735E-4 1.19231E-4 1.06168E-4 9.72185E-5 9.93475E-5 1.03173E-4 8.87433E-6 1.32074E-5 1.62091E-5 2.06231E-5 2.13672E-5 2.01379E-5 1.65768E-5 1.49125E-5 1.19418E-5 8.74606E-6 8.2951E-6 1.90499E-5 1.74542E-5 1.16938E-5 2.45787E-5 2.37334E-5 2.05965E-5 1.7042E-5 1.47715E-5 1.44703E-5 2.23031E-5 3.06959E-5 2.15148E-5 1.68003E-5 1.08407E-5 1.00758E-5 1.17889E-5 1.70835E-4 1.8133E-4 1.9061E-4 1.61968E-4 2.04768E-4 1.91259E-4 1.36912E-4 1.50315E-4 1.56233E-4 1.33533E-4
1.65478E-4 1.16737E-4 1.19526E-4 1.38213E-5 1.98198E-4 1.63857E-5 1.38077E-5 1.2614E-5 1.2908E-5 1.37675E-5 1.83866E-4 1.81333E-4 1.46747E-5 1.47643E-5 1.73413E-4 1.35183E-4 1.19547E-4 1.12271E-5 1.68088E-5 1.27431E-5 1.57978E-5 1.65068E-5 1.64067E-5 1.63734E-5 1.40086E-4 1.14828E-4 9.96968E-5 1.0448E-4 1.05803E-4 8.33404E-6 9.18986E-6 7.88826E-6 9.72185E-5 9.845E-5 1.05149E-4 1.48668E-5 2.41963E-5 2.16266E-5 1.65658E-5 2.0281E-5 2.08512E-5 2.10418E-5 1.66759E-5 1.12305E-5 1.61697E-5 2.24892E-5 2.48057E-5 2.5191E-5 1.62801E-5 1.22732E-5 1.06336E-5 1.67591E-4 1.22494E-5 1.35769E-5 1.27452E-5 1.85285E-4 2.17123E-4 2.06347E-4 2.0991E-4 2.32574E-4 1.37733E-5
1.48458E-4 1.67943E-4 1.83379E-5 1.66757E-5 1.11723E-5 1.78672E-4 1.72819E-5 1.70478E-5 1.40828E-5 1.14042E-5 1.30855E-5 1.77063E-5 1.96996E-5 1.50784E-5 1.23091E-5 1.28331E-5 1.2621E-4 1.23341E-4 9.84181E-5 1.04502E-4 1.01659E-5 1.96502E-5 2.36869E-5 2.06815E-5 1.55244E-5 1.50257E-5 1.27554E-4 1.11274E-4 1.1665E-4 1.13757E-4 1.17731E-4 1.43207E-5 1.36941E-5 1.10586E-4 1.085E-4 2.42413E-5 1.82506E-5 1.43216E-5 1.69304E-5 2.42783E-5 2.09587E-5 2.09177E-5 1.71966E-5 1.15854E-5 1.71597E-5 2.52522E-5 2.86339E-5 2.20555E-5 1.35693E-5 1.68882E-4 1.65863E-4 1.45285E-5 1.71232E-5 1.17541E-5 1.61504E-4 1.64195E-4 1.61746E-5 1.46744E-5 1.41805E-5 1.61068E-5 2.26873E-4
1.54362E-4 1.9316E-5 1.88702E-5 1.21427E-5 1.08866E-5 1.78145E-5 2.02331E-5 1.65565E-5 1.55821E-5 1.2013E-5 9.41049E-6 2.03463E-5 2.32575E-5 1.33723E-5 1.30887E-5 1.23824E-5 1.25618E-4 1.17588E-4 1.20712E-5 1.6679E-4 1.50294E-4 1.10959E-5 2.40539E-5 2.40677E-5 1.3959E-5 1.40362E-5 1.27995E-4 1.18793E-4 1.18793E-4 1.21487E-4 1.34293E-4 1.23019E-4 1.15543E-4 1.15106E-5 1.48128E-5 1.59216E-5 9.76127E-6 9.81221E-5 8.31107E-6 2.8218E-5 2.37757E-5 2.34825E-5 1.77484E-5 1.2958E-5 2.24642E-5 2.67423E-5 3.10939E-5 2.06626E-5 1.17936E-5 1.52959E-4 1.73023E-4 1.53692E-5 1.59717E-5 1.65595E-4 1.75257E-4 1.34387E-4 1.59651E-4 1.87954E-5 1.40021E-5 1.39743E-5 1.85868E-4
1.0096E-5 2.31485E-5 1.67869E-5 1.23162E-5 1.19122E-5 1.26776E-4 1.21751E-5 9.04562E-6 7.65727E-6 8.27528E-5 8.47529E-6 2.24368E-5 2.45834E-5 1.5186E-5 1.29328E-5 1.27812E-5 1.12343E-5 1.94148E-5 1.62058E-5 1.47964E-5 1.96744E-4 1.1464E-5 9.57843E-6 1.9058E-5 1.87072E-5 1.05578E-5 1.17823E-4 1.24392E-4 1.08597E-5 1.39598E-5 1.90819E-5 1.69099E-5 2.0488E-5 1.93064E-5 1.35576E-5 9.04386E-5 1.02237E-4 1.09235E-5 1.05876E-5 1.09798E-5 1.69165E-5 1.88242E-5 9.14413E-6 1.87077E-5 2.39027E-5 2.73556E-5 3.07229E-5 2.39425E-5 1.52441E-5 9.92745E-6 1.7741E-4 1.43493E-5 1.37166E-5 1.8185E-4 1.22949E-5 1.84528E-4 1.8035E-4 2.2529E-5 1.38215E-5 1.98368E-4 1.49147E-5
1.85498E-5 2.04394E-5 1.39545E-5 1.89374E-4 1.50502E-4 7.85456E-5 7.2218E-5 8.08773E-5 1.07039E-4 1.77166E-4 1.71805E-5 2.39864E-5 1.476E-5 1.27203E-4 1.02214E-5 1.40877E-5 1.98433E-5 2.11901E-5 1.12344E-5 1.36407E-5 1.29635E-5 1.8112E-4 1.50031E-4 1.55434E-4 1.10187E-5 1.49769E-5 1.49561E-4 1.31017E-4 1.3547E-4 1.00336E-5 1.44569E-5 1.07472E-5 2.12673E-5 1.9115E-5 1.27537E-5 1.26079E-5 1.36673E-5 1.09902E-4 1.19998E-4 1.20318E-5 2.30919E-5 1.57626E-4 1.09267E-5 2.31641E-5 2.0829E-5 2.16445E-5 2.79465E-5 2.5869E-5 1.8788E-5 1.13363E-5 1.05473E-5 1.92877E-4 1.35886E-5 1.59783E-5 1.3518E-5 2.06427E-4 2.10872E-4 1.22306E-5 1.57876E-5 1.82892E-5 1.48608E-5
2.28653E-5 1.44004E-5 9.67718E-5 6.6402E-5 6.76612E-5 1.00117E-4 1.46087E-5 1.88843E-5 1.41208E-5 1.51085E-5 1.90326E-5 1.51743E-5 1.54293E-4 1.0095E-5 1.15748E-5 1.03324E-5 1.12271E-5 1.3702E-5 1.69604E-5 1.4144E-5 1.48559E-5 1.56139E-5 1.41722E-5 1.67975E-5 1.32258E-5 1.74705E-4 1.59159E-4 1.31017E-4 1.37472E-4 1.18005E-5 1.3617E-5 2.20021E-5 1.74419E-5 9.12695E-5 1.13397E-4 1.18058E-4 1.06807E-5 1.68389E-5 1.30986E-4 2.35558E-5 2.20662E-5 1.34301E-5 1.5569E-5 2.20797E-5 1.89236E-5 1.33364E-5 2.25816E-5 2.7605E-5 2.11895E-5 1.19274E-5 1.71912E-4 1.30376E-5 1.60202E-5 1.44928E-5 1.32347E-5 1.48149E-5 2.22275E-4 1.57463E-5 1.89941E-5 1.90586E-5 1.47245E-5
2.30614E-5 1.75944E-4 9.27257E-5 7.40828E-5 1.58171E-4 2.04214E-5 2.17795E-5 1.91101E-5 1.16953E-5 1.34855E-5 1.23265E-5 1.26763E-5 1.35083E-5 1.24559E-5 1.46498E-5 1.74342E-5 1.43943E-5 1.89107E-5 1.94748E-5 1.48149E-5 2.06359E-5 1.73194E-5 1.3038E-5 1.5004E-5 1.26237E-5 1.35924E-5 1.34334E-5 1.55312E-5 1.57192E-4 1.3815E-5 1.22222E-5 1.50831E-4 2.04729E-5 9.42635E-6 1.37186E-4 1.69775E-5 1.38052E-4 2.00473E-5 2.06475E-5 2.68938E-5 1.80366E-5 1.14703E-5 1.34789E-5 1.39886E-5 1.62417E-4 9.5237E-6 1.72079E-5 2.70791E-5 2.47233E-5 1.52302E-5 1.18487E-5 1.9131E-4 1.5101E-5 1.19975E-5 1.18779E-5 1.08957E-5 1.44247E-5 2.29635E-5 2.1365E-5 1.63082E-5 1.73617E-4
2.07696E-5 1.24482E-5 1.26565E-4 1.16209E-4 1.60749E-5 2.26952E-5 1.7036E-5 1.38045E-5 1.12635E-5 1.63857E-5 1.21889E-5 1.81829E-5 2.06445E-5 1.26777E-5 1.66854E-5 1.82885E-5 1.22417E-5 1.25979E-5 1.58772E-5 2.40518E-5 2.54852E-5 2.06635E-5 1.17811E-5 1.32712E-5 1.71189E-5 1.43198E-5 1.36353E-5 1.8997E-5 1.2156E-5 1.52173E-4 1.87718E-4 1.8164E-4 2.22133E-5 1.93773E-5 1.3451E-5 1.75031E-5 1.42122E-5 1.26383E-5 2.44157E-5 2.86243E-5 2.02718E-5 1.25589E-5 1.45767E-5 1.49219E-5 1.23635E-5 1.73425E-4 1.41756E-4 1.94173E-5 2.62513E-5 1.96768E-5 1.42343E-5 1.41411E-5 1.5196E-4 1.35689E-4 1.33842E-5 1.80877E-5 1.67992E-5 1.7113E-5 2.00297E-5 1.46065E-5 1.99904E-4
1.93001E-5 1.79833E-5 1.02809E-5 1.80269E-4 2.11881E-5 2.04515E-5 1.395E-5 1.29718E-5 1.20821E-5 1.43174E-5 1.4492E-5 2.26233E-5 2.1417E-5 1.41051E-5 1.45232E-5 1.7601E-5 1.80865E-5 1.64588E-5 1.55411E-5 2.34867E-5 3.15933E-5 2.63062E-5 1.5619E-5 1.23939E-5 1.786E-5 1.81938E-5 1.39599E-5 1.39108E-5 1.69999E-5 1.1365E-5 1.35864E-5 1.50045E-5 2.16019E-5 2.23141E-5 1.53111E-5 1.60237E-5 1.96541E-5 1.91837E-5 2.43131E-5 2.05446E-5 1.59455E-5 1.77822E-5 2.2369E-5 1.64368E-5 1.20333E-5 1.73213E-4 1.75008E-4 1.24587E-5 2.14478E-5 2.05955E-5 1.42801E-5 1.33668E-5 1.08883E-4 1.39391E-5 1.96346E-5 2.11683E-5 1.70598E-5 1.82892E-5 1.59737E-5 1.48558E-5 1.39367E-5
1.4452E-4 1.94474E-5 1.17757E-5 1.20395E-5 2.31509E-5 2.0605E-5 1.26637E-5 1.22225E-5 1.18217E-5 1.17331E-5 1.39469E-4 2.14734E-5 2.24153E-5 1.1558E-5 1.07464E-4 9.74868E-6 2.07992E-5 2.36676E-5 1.60596E-5 2.05013E-5 2.72637E-5 2.86002E-5 2.5621E-5 1.66299E-5 1.62355E-5 1.63735E-5 1.189E-5 1.26456E-5 1.86572E-5 1.11378E-5 1.28629E-5 1.99023E-5 1.87381E-5 1.06814E-5 1.22514E-5 2.12877E-5 2.47229E-5 1.79077E-5 1.73573E-5 1.89753E-5 1.48937E-5 1.65339E-5 2.40572E-5 1.86254E-5 1.25389E-5 1.78871E-4 9.97193E-5 1.09616E-4 1.5442E-5 1.05585E-5 1.07899E-5 1.47559E-4 1.28233E-4 1.82096E-5 2.33918E-5 1.94631E-5 2.06858E-5 1.90164E-5 1.57652E-5 1.43829E-5 2.24675E-4
1.03495E-4 2.4853E-5 1.79712E-5 1.68948E-5 1.50034E-5 1.9643E-5 1.21288E-5 1.02078E-5 1.09216E-5 1.17024E-5 1.58332E-4 1.93044E-5 2.27494E-5 1.33766E-5 9.61538E-5 9.88697E-5 1.13383E-5 2.87117E-5 1.64877E-5 1.42506E-5 2.32035E-5 2.65012E-5 2.5519E-5 2.60047E-5 1.69756E-5 1.7071E-5 1.18857E-5 1.43463E-5 1.76633E-5 1.08795E-5 1.37614E-5 1.65029E-5 1.88919E-5 1.23227E-5 1.59954E-4 1.37724E-4 1.29322E-5 2.40709E-5 1.51622E-5 1.78113E-5 1.79415E-5 1.45293E-5 1.70756E-5 1.79652E-5 1.60173E-5 1.17793E-5 1.19535E-4 1.3468E-4 1.65811E-5 1.62714E-4 1.41032E-5 1.4158E-4 1.47629E-4 1.99882E-5 2.14276E-5 1.62354E-5 2.31722E-5 1.777E-5 1.65637E-5 2.1501E-4 1.54652E-5
1.19024E-4 1.82446E-5 2.49807E-5 1.88546E-5 1.96771E-5 1.29032E-5 1.14289E-5 1.03053E-5 1.15104E-5 1.1496E-5 1.32369E-5 1.49864E-5 1.3861E-5 1.29373E-5 1.70847E-4 1.05604E-4 1.2361E-4 2.45008E-5 2.06695E-5 1.9379E-5 2.33042E-5 2.49113E-5 2.03608E-5 2.42225E-5 2.47443E-5 1.61832E-5 1.13627E-5 1.51009E-5 1.7327E-5 1.58757E-5 1.74566E-5 1.35014E-5 1.81595E-5 1.53217E-5 1.19318E-5 1.84736E-4 1.8856E-4 2.07114E-5 2.20513E-5 2.43929E-5 1.81163E-5 1.13266E-5 2.03841E-4 1.535E-5 2.01253E-5 1.53589E-5 1.23358E-5 1.3481E-5 1.96101E-4 1.91883E-4 1.23657E-4 1.15244E-4 1.86685E-5 2.12669E-5 2.14232E-5 1.71318E-5 1.70636E-5 1.58373E-5 1.9012E-5 2.02014E-4 1.74233E-4
1.49827E-4 1.66599E-5 2.25105E-5 2.21291E-5 2.18888E-5 1.32523E-5 1.2424E-5 1.28083E-5 1.87577E-5 1.16271E-5 1.15457E-5 1.11597E-5 1.17293E-5 1.13699E-5 1.41743E-4 1.2913E-4 1.35173E-5 1.58514E-5 1.08387E-5 2.01739E-5 2.40075E-5 2.29298E-5 1.74132E-5 1.49533E-5 1.80758E-5 2.46376E-5 1.36008E-5 1.71555E-5 1.36047E-5 2.11449E-5 1.7652E-5 1.27459E-5 1.41911E-5 1.74542E-5 1.25375E-5 1.38304E-5 1.46323E-5 1.55097E-5 1.59034E-5 2.52275E-5 1.96592E-5 1.19009E-5 2.01417E-4 1.54993E-5 2.01742E-5 1.37841E-5 2.03465E-4 1.58013E-5 1.29547E-5 1.87297E-4 1.93469E-4 1.07875E-4 2.15325E-5 1.86538E-5 1.92002E-5 1.80445E-5 1.92575E-5 1.91143E-5 1.44225E-5 1.30561E-5 1.8384E-5
1.74718E-4 1.48882E-5 2.25353E-5 1.91181E-5 1.81394E-5 1.34398E-5 1.27832E-5 1.89844E-5 2.10364E-5 1.65104E-5 1.06449E-5 1.06523E-5 1.14445E-5 1.67159E-4 1.49413E-4 1.72969E-4 1.58695E-5 2.16263E-5 1.80515E-5 2.05266E-5 2.59258E-5 2.52404E-5 1.53743E-5 1.28178E-5 1.48183E-5 1.83828E-5 1.20401E-5 1.77727E-5 1.54209E-5 2.20255E-5 1.68812E-5 1.72638E-5 1.23063E-5 1.70765E-5 1.30252E-5 1.65573E-5 1.83662E-5 1.25032E-5 1.91526E-4 2.17747E-5 2.29635E-5 1.38972E-5 1.89845E-4 1.7703E-5 1.80573E-5 1.25965E-5 1.91411E-4 1.76683E-4 2.34065E-4 1.41968E-5 1.86675E-4 9.2691E-5 1.19256E-4 1.82086E-5 1.77617E-5 2.11353E-5 2.11706E-5 1.86328E-5 2.26386E-4 2.59617E-4 2.22091E-5
1.56106E-4 1.23612E-5 1.58794E-5 1.7003E-5 1.53672E-5 1.4879E-5 1.41649E-5 1.85592E-5 2.04242E-5 2.03371E-5 1.34219E-5 1.18866E-5 1.14249E-5 1.02897E-5 1.50921E-4 1.52458E-5 2.09091E-5 1.83213E-5 1.75202E-5 1.40984E-5 2.0969E-5 2.61022E-5 1.90177E-5 1.59839E-5 2.11423E-5 1.4387E-5 1.14903E-5 1.84852E-5 1.73213E-5 2.2052E-5 1.50938E-5 1.8627E-5 1.13914E-5 1.23321E-5 1.21604E-5 1.59733E-5 1.75362E-5 1.10965E-5 2.01439E-4 1.8128E-5 2.0218E-5 1.20962E-5 1.89081E-4 1.63702E-5 1.49368E-5 1.36391E-5 1.51302E-5 1.91554E-4 1.94972E-4 2.04405E-4 1.6016E-4 9.24392E-5 9.908E-5 2.14664E-4 2.0536E-5 2.14407E-5 2.13024E-5 1.91098E-5 2.31408E-4 3.00829E-4 2.97667E-4
1.17409E-5 1.35695E-5 1.41061E-5 1.40112E-5 1.68714E-4 1.65519E-5 1.88331E-5 1.88568E-5 1.67552E-5 1.39587E-5 1.50168E-5 1.24195E-5 1.25256E-5 1.13699E-5 1.77201E-4 1.78389E-5 2.59916E-5 2.11476E-5 1.34599E-5 1.22655E-5 1.49838E-5 1.76621E-5 1.73433E-5 2.45818E-5 2.41264E-5 1.37898E-5 1.36203E-5 2.23048E-5 2.4092E-5 2.59449E-5 1.96981E-5 1.75819E-5 1.01212E-5 1.11655E-5 1.22333E-5 1.37565E-5 1.09707E-5 1.6937E-4 2.0103E-4 2.09656E-5 2.13511E-5 1.27494E-5 1.81739E-4 1.93648E-4 1.74277E-5 1.61412E-5 1.56835E-5 1.41655E-5 1.84099E-4 1.34101E-4 1.48181E-4 1.44229E-4 1.86224E-4 1.44841E-4 2.34068E-5 2.07142E-5 2.70747E-4 2.58709E-4 2.84636E-4 1.88906E-4 2.37984E-4
1.34201E-5 1.21431E-5 1.18576E-5 1.59958E-5 1.10483E-5 1.60311E-4 1.7449E-5 2.01878E-5 1.75425E-5 1.17512E-5 1.27537E-5 1.37675E-5 1.55407E-4 1.34337E-5 1.91468E-5 2.17479E-5 2.43857E-5 2.60342E-5 1.39862E-5 1.69926E-5 2.01471E-5 1.34999E-5 1.0793E-5 2.54499E-5 2.53187E-5 1.53631E-5 1.9382E-5 2.54763E-5 2.68899E-5 2.82613E-5 2.92707E-5 2.06596E-5 1.71969E-5 1.29982E-5 1.486E-5 1.28037E-5 1.57583E-4 1.69038E-4 1.46154E-5 2.11687E-5 1.87339E-5 1.73218E-4 1.79301E-4 2.25764E-4 1.6907E-5 1.51428E-5 1.51146E-5 1.57044E-5 1.29411E-4 9.56256E-5 1.68181E-4 1.9094E-5 2.27172E-4 1.36474E-4 1.73238E-5 1.73832E-5 1.84292E-4 3.19646E-4 2.01503E-4 2.2289E-4 3.08895E-4
1.35008E-5 1.14605E-5 1.69728E-5 1.56623E-5 9.7888E-6 1.25991E-4 1.95527E-4 2.08971E-5 1.6535E-5 1.3389E-5 1.15694E-5 9.09883E-5 9.08712E-5 1.06768E-4 1.78551E-5 2.32771E-5 2.2447E-5 1.874E-5 1.59318E-4 1.39665E-4 1.32273E-5 1.40978E-5 1.51626E-5 2.1616E-5 2.39843E-5 2.16071E-5 2.44505E-5 2.60321E-5 2.76E-5 2.69298E-5 2.74298E-5 2.62843E-5 2.32179E-5 1.50033E-5 1.4784E-5 1.16711E-5 1.6484E-4 1.93635E-4 1.78857E-5 2.24971E-5 1.71651E-5 1.70358E-4 1.72214E-4 1.90343E-4 2.12533E-4 1.90071E-4 1.66107E-4 1.66249E-5 2.07473E-4 1.82772E-4 1.05052E-4 1.08515E-4 1.28169E-4 1.78035E-4 2.01658E-4 2.21585E-5 2.79402E-4 2.48315E-4 2.01024E-4 2.79689E-4 3.30405E-4
1.5111E-5 1.25019E-5 1.30928E-5 1.08286E-5 1.11096E-5 1.06261E-5 1.35789E-5 1.2272E-5 1.14717E-5 1.68569E-4 1.22412E-5 1.65465E-4 9.0416E-5 1.24043E-4 1.8183E-5 2.37393E-5 1.603E-5 1.46158E-5 1.58331E-4 1.65206E-4 1.63035E-5 1.45454E-5 1.47072E-5 1.78122E-5 2.33212E-5 2.34948E-5 2.5271E-5 2.48155E-5 2.58206E-5 2.69857E-5 2.39907E-5 2.50743E-5 2.24171E-5 1.17445E-5 1.23712E-5 1.84013E-4 1.40169E-5 1.49501E-5 2.13323E-5 1.69386E-5 1.4354E-5 1.6776E-4 1.71296E-4 1.84508E-4 1.91934E-4 1.68108E-4 1.31319E-4 1.86993E-5 1.55537E-5 2.10319E-4 1.94133E-4 9.50205E-5 1.24205E-4 1.56124E-4 2.03604E-4 3.65586E-4 2.2503E-5 2.69482E-4 2.74739E-4 2.95423E-4 2.69463E-4
1.38376E-5 1.58666E-5 1.35253E-5 1.07762E-5 1.64247E-5 1.05868E-5 1.12965E-5 1.08394E-5 1.08415E-5 1.66496E-4 1.64442E-4 1.29662E-5 1.21371E-5 1.66936E-4 1.97778E-5 1.84542E-5 1.28401E-5 1.69791E-4 1.59316E-4 1.99201E-4 1.50933E-5 1.42087E-5 2.00807E-4 1.55557E-5 2.14638E-5 2.39626E-5 2.37126E-5 2.52596E-5 2.50191E-5 2.30476E-5 1.75015E-5 1.92601E-5 2.19507E-5 1.17385E-5 1.85997E-4 2.01046E-4 1.77461E-5 2.17934E-5 1.65202E-5 1.88594E-5 1.91769E-4 1.91829E-4 1.41418E-5 1.33983E-5 2.10759E-4 1.81421E-4 1.42302E-4 2.55101E-4 1.65435E-4 1.89317E-4 1.79081E-5 2.26404E-4 1.36621E-4 2.66081E-4 1.955E-4 3.3693E-4 2.36921E-5 3.05106E-4 2.42378E-4 1.69259E-4 1.49744E-4
