Artocarpus hirsutus SDM files/MIS19/results (without bias file)/Arthir_9.asc
ncols         625
nrows         721
xllcorner     69.99986311115
yllcorner     5.99986187915
cellsize      0.041666667
NODATA_value  -9999
[rows 189 to 215 of 721, columns 427 to 487 of 625]
7.12087E-4 2.95791E-4 1.45005E-4 1.19159E-4 9.17454E-5 9.8434E-5 7.47947E-5 6.62083E-5 7.11873E-5 7.55534E-5 7.20358E-5 7.28985E-5 6.33604E-5 6.58798E-5 7.56075E-5 5.87734E-5 4.73563E-5 4.07547E-5 3.80071E-5 3.43356E-5 3.4027E-5 3.58562E-4 2.97838E-4 2.56442E-4 2.35757E-4 2.34206E-4 2.64254E-4 2.5089E-4 1.91724E-4 1.55509E-4 1.67894E-4 1.94441E-4 1.82479E-4 1.73316E-4 1.55065E-4 1.36847E-4 1.14808E-4 1.24265E-4 1.24295E-4 1.14384E-4 1.34268E-4 1.13136E-4 1.2432E-4 1.72602E-4 1.75691E-4 1.94999E-4 2.26495E-4 2.10629E-4 1.5899E-4 1.6121E-4 2.16371E-4 2.57665E-4 2.22825E-4 1.81308E-4 1.77157E-4 1.81758E-4 1.77508E-4 2.06535E-4 1.85924E-4 2.27347E-4 1.95229E-4
1.47057E-3 5.2189E-4 2.48056E-4 1.46632E-4 1.10164E-4 1.74266E-4 1.02056E-4 9.92083E-5 8.3929E-5 7.99515E-5 7.44792E-5 7.4289E-5 7.37205E-5 6.54753E-5 5.87795E-5 6.37902E-5 5.30845E-5 5.07779E-5 4.71352E-5 3.29329E-5 4.18919E-5 3.83812E-5 3.04326E-5 2.97289E-4 2.42491E-4 2.18885E-4 1.96757E-4 2.01621E-4 1.8998E-4 2.04086E-4 2.14099E-4 1.97062E-4 1.97643E-4 2.09937E-4 2.00959E-4 1.84234E-4 1.33168E-4 1.33234E-4 1.42177E-4 1.58538E-4 1.50182E-4 1.46635E-4 1.52915E-4 1.35962E-4 1.87962E-4 1.4634E-4 2.38616E-4 1.93966E-4 2.2293E-5 2.30802E-5 1.84925E-4 2.55192E-4 2.39574E-4 2.74592E-4 3.10142E-4 2.88959E-4 2.37944E-4 2.74676E-4 2.16605E-4 1.89641E-4 2.40728E-4
2.08352E-3 1.13718E-3 3.48057E-4 1.14748E-4 1.99597E-4 1.60646E-4 1.26135E-4 1.00588E-4 8.96972E-5 8.31166E-5 7.57967E-5 7.9508E-5 7.24862E-5 6.45288E-5 5.90128E-5 5.76176E-5 5.63008E-5 7.07741E-5 3.92173E-5 3.25333E-5 5.96669E-5 5.69255E-5 4.40755E-5 4.16205E-5 2.9096E-4 2.16826E-4 1.92243E-4 1.84629E-4 2.05782E-4 1.80588E-4 1.84698E-4 2.00726E-4 1.90911E-4 1.9925E-4 1.89514E-4 1.51658E-4 1.36656E-4 1.39568E-4 1.477E-4 1.71921E-4 1.63957E-4 1.9915E-4 1.63478E-4 1.2954E-4 1.44902E-4 1.53305E-4 2.06986E-4 3.02005E-4 2.65476E-5 2.92248E-5 1.82882E-4 2.2108E-4 3.28979E-4 3.19257E-4 3.93158E-4 2.96275E-4 2.25691E-4 1.92603E-4 2.04373E-4 2.24339E-4 1.8824E-4
1.55305E-3 7.60569E-4 2.77425E-4 1.45348E-4 4.08498E-4 2.33191E-4 1.38767E-4 1.03372E-4 9.15641E-5 7.90965E-5 7.7015E-5 7.73887E-5 6.20546E-5 5.93968E-5 6.22851E-5 4.66267E-5 5.70512E-5 6.12441E-5 3.79673E-5 5.07485E-5 6.34826E-5 3.71169E-5 3.87939E-5 3.74393E-5 4.89745E-5 2.50243E-5 1.92702E-4 1.93496E-4 2.68431E-4 2.80976E-4 2.07165E-4 2.15867E-4 2.0629E-4 1.69902E-4 1.64202E-4 1.46159E-4 1.37362E-4 1.29121E-4 1.49362E-4 2.0316E-4 1.80568E-4 1.87716E-4 2.41936E-4 2.1324E-4 2.26842E-4 1.99798E-4 1.88157E-4 3.40523E-4 3.51387E-5 3.82056E-5 2.8075E-5 1.90858E-4 2.36773E-4 3.52568E-4 3.28294E-4 2.59561E-4 3.52525E-4 2.87013E-5 2.76908E-5 3.13788E-5 2.61604E-5
1.29414E-3 8.58684E-4 2.81472E-4 2.08421E-4 2.68496E-4 2.09964E-4 1.29639E-4 1.59365E-4 1.09488E-4 7.14803E-5 6.95367E-5 7.61839E-5 5.48518E-5 6.81308E-5 7.49409E-5 4.28533E-5 8.29702E-5 6.65557E-5 5.20844E-5 7.87649E-5 5.8308E-5 4.64073E-5 4.65272E-5 5.6625E-5 4.18619E-5 2.25068E-5 2.20797E-4 2.30448E-4 2.21704E-4 2.29634E-4 2.45524E-4 2.12593E-4 2.15345E-4 1.98654E-4 1.76529E-4 1.42312E-4 1.29175E-4 1.39524E-4 1.69334E-4 2.10703E-4 2.05933E-4 1.80637E-4 2.5729E-4 2.54029E-4 2.45836E-4 2.44042E-4 2.26371E-4 3.19179E-4 3.23574E-5 3.40608E-5 5.33308E-5 2.85484E-5 2.17757E-4 3.55022E-4 3.26463E-4 6.57172E-5 4.65481E-5 5.80507E-5 5.48321E-5 4.08385E-5 2.98998E-4
1.07152E-3 6.35712E-4 3.50423E-4 3.76503E-4 2.57941E-4 2.18389E-4 1.12428E-4 1.51506E-4 1.04012E-4 9.10493E-5 8.71176E-5 6.75171E-5 8.85136E-5 8.2575E-5 8.28417E-5 8.21626E-5 6.58654E-5 7.15628E-5 7.76211E-5 1.0627E-4 1.00412E-4 5.39785E-5 6.09772E-5 7.27564E-5 4.84189E-5 3.4724E-5 2.8148E-4 2.80737E-4 3.28016E-4 2.63481E-4 2.04586E-4 1.86283E-4 2.05662E-4 1.76197E-4 1.48559E-4 1.29999E-4 1.34726E-4 1.27612E-4 1.44384E-4 2.05953E-4 2.00669E-4 1.81256E-4 2.24776E-4 2.7911E-4 3.02717E-4 3.34937E-4 3.9166E-4 3.52299E-4 3.24451E-5 4.48396E-5 7.17523E-5 5.78527E-5 2.79481E-4 4.00349E-4 6.89567E-5 8.76151E-5 7.15612E-5 5.50373E-5 5.64151E-5 4.53217E-5 3.04228E-5
5.27061E-4 6.25918E-4 4.00991E-4 3.84725E-4 2.05886E-4 1.70023E-4 1.52204E-4 1.47123E-4 8.72538E-5 8.3676E-5 8.28888E-5 9.6602E-5 1.17444E-4 7.64001E-5 8.94695E-5 1.02285E-4 7.89033E-5 7.08597E-5 9.59184E-5 1.11618E-4 7.26424E-5 5.02514E-5 7.62841E-5 5.69968E-5 5.52191E-5 5.63566E-5 4.17274E-5 3.6235E-4 3.20352E-4 2.86361E-4 2.95601E-4 2.36377E-4 2.26152E-4 1.95918E-4 1.41426E-4 1.28826E-4 1.2445E-4 1.28073E-4 1.5895E-4 1.6493E-4 1.43032E-4 1.55091E-4 1.50716E-4 1.7836E-4 2.88165E-4 2.81893E-4 3.26366E-4 3.94144E-4 6.47123E-5 6.22753E-5 7.29805E-5 8.33838E-5 3.60477E-4 3.92244E-4 7.61262E-5 9.94452E-5 5.59937E-5 9.48103E-5 1.01762E-4 7.12556E-5 5.55419E-5
5.99792E-4 5.45492E-4 4.3993E-4 7.40489E-4 3.64215E-4 1.25322E-4 2.03758E-4 1.60225E-4 1.12374E-4 1.06006E-4 7.00421E-5 8.45714E-5 7.87546E-5 8.1154E-5 8.33971E-5 7.16577E-5 1.00477E-4 8.76286E-5 8.81701E-5 1.25392E-4 7.86089E-5 6.43302E-5 8.49797E-5 6.72168E-5 6.51205E-5 7.86338E-5 5.65366E-5 3.9762E-5 3.33145E-4 3.7786E-4 2.37339E-4 2.24343E-4 2.22415E-4 1.88102E-4 1.71504E-4 1.20601E-4 1.45707E-4 1.59321E-4 1.66733E-4 1.35527E-4 1.68595E-4 1.91339E-4 2.19973E-4 2.37084E-4 2.06919E-4 2.4681E-4 3.38324E-4 5.13119E-5 8.08921E-5 5.2954E-5 8.0202E-5 1.07157E-4 5.68652E-5 4.68432E-4 5.67008E-4 5.37774E-4 9.9251E-5 1.57216E-4 1.37707E-4 1.01698E-4 8.25382E-5
5.96623E-4 2.05508E-4 7.59626E-4 5.75442E-4 2.70797E-4 1.21579E-4 4.15668E-4 3.02931E-4 1.61179E-4 9.98595E-5 6.6126E-5 8.07744E-5 6.09646E-5 7.34508E-5 1.02026E-4 1.029E-4 1.02958E-4 1.17525E-4 1.00887E-4 1.5105E-4 1.11346E-4 7.8867E-5 9.51579E-5 8.79011E-5 7.11602E-5 8.41311E-5 6.01978E-5 3.99889E-4 3.69231E-4 3.44505E-5 3.10503E-4 2.83428E-4 3.0479E-4 2.83427E-4 2.20622E-4 1.6002E-4 2.14842E-4 2.40746E-4 1.8798E-4 1.61723E-4 1.86949E-4 2.36739E-4 1.90636E-4 2.03596E-4 3.00518E-4 3.81549E-4 3.99665E-4 5.34028E-4 8.54071E-5 9.77439E-5 5.13684E-5 1.29388E-4 8.02739E-5 5.89405E-4 9.77113E-5 1.54061E-4 1.47764E-4 1.60353E-4 1.67568E-4 1.56871E-4 1.32631E-4
5.21293E-4 2.91947E-4 1.40752E-3 4.4616E-4 2.34219E-4 5.98976E-4 5.04707E-4 1.76003E-4 1.17814E-4 7.0685E-5 5.03149E-5 9.07338E-5 7.65994E-5 9.68933E-5 1.26418E-4 1.06703E-4 1.0673E-4 9.99736E-5 1.15611E-4 1.26826E-4 1.30309E-4 1.24665E-4 9.07029E-5 9.3092E-5 7.73338E-5 7.26936E-5 6.38726E-5 4.23075E-4 3.74601E-4 3.67254E-5 3.71598E-4 3.09908E-4 2.42911E-4 3.12039E-4 2.55477E-4 2.38945E-4 2.39071E-4 2.02916E-4 2.41234E-4 1.98138E-4 2.77921E-4 2.85023E-4 3.05692E-4 2.55028E-4 2.83538E-4 3.02504E-4 4.62311E-4 7.16586E-5 1.05329E-4 1.29299E-4 1.30953E-4 8.5655E-5 1.05654E-4 7.51112E-4 5.30122E-4 4.8604E-4 9.47599E-5 1.78274E-4 1.75095E-4 2.18792E-4 1.05376E-4
4.08391E-4 1.01587E-3 8.10198E-4 1.92243E-4 3.02554E-4 6.17016E-4 1.74306E-4 6.77515E-5 6.98392E-5 6.54979E-5 8.07964E-5 6.64318E-5 5.40931E-5 1.00703E-4 1.15032E-4 1.078E-4 1.4375E-4 1.16756E-4 1.29384E-4 1.49045E-4 1.65661E-4 1.53835E-4 9.10309E-5 8.0908E-5 8.69778E-5 9.27955E-5 5.234E-5 5.66283E-5 4.56309E-4 4.47491E-5 3.70433E-4 2.16277E-4 1.9881E-4 3.08112E-4 3.02309E-4 2.21552E-4 2.82764E-4 3.02099E-4 2.77104E-4 2.23956E-4 2.65884E-4 2.71036E-4 3.61661E-4 3.58382E-5 3.60047E-4 4.03745E-4 4.40539E-4 7.16359E-4 1.27318E-4 9.37286E-5 1.05071E-4 1.50209E-4 9.96604E-4 1.04061E-4 1.78891E-4 1.18912E-4 1.51813E-4 1.79204E-4 1.84807E-4 2.69716E-4 1.40464E-4
4.32292E-4 1.75715E-3 5.50479E-4 3.84353E-4 1.08907E-3 4.21134E-4 9.67475E-5 1.01497E-4 7.48517E-5 9.06127E-5 9.1798E-5 6.28471E-5 7.46136E-5 1.41326E-4 1.50977E-4 1.50523E-4 1.61405E-4 1.58504E-4 1.26161E-4 1.61206E-4 1.98919E-4 1.89685E-4 1.37781E-4 1.15662E-4 1.57493E-4 9.2107E-5 5.47959E-4 7.1039E-4 4.77382E-4 4.6559E-5 3.25534E-4 2.60883E-4 2.2726E-4 3.4002E-4 3.23019E-4 2.87023E-4 2.60163E-4 2.37899E-4 2.94314E-4 2.4032E-4 2.59179E-4 2.39893E-4 2.36802E-4 3.47277E-4 5.15356E-4 4.24213E-4 5.03555E-4 6.35045E-4 9.62008E-5 1.10887E-4 1.08803E-3 9.51418E-4 7.17754E-4 9.72652E-5 2.29973E-4 3.34555E-4 2.6245E-4 1.13219E-3 1.63161E-4 2.35744E-4 3.18652E-4
5.52673E-4 4.69521E-4 6.56935E-4 1.84578E-3 4.87883E-4 2.10193E-4 1.43451E-4 1.99125E-4 1.05455E-4 6.4609E-5 5.95319E-5 7.04845E-5 1.25719E-4 1.80173E-4 2.14151E-4 1.92125E-4 2.45442E-4 2.07984E-4 1.55307E-4 1.71153E-3 2.27386E-4 2.08947E-4 1.37513E-4 1.71814E-4 1.46983E-4 9.74858E-5 7.30123E-4 6.39308E-4 7.09011E-5 6.22905E-4 4.53959E-4 3.82395E-4 2.6582E-4 2.60883E-4 2.52427E-4 3.16921E-4 4.28599E-4 3.53675E-4 3.23265E-4 3.95574E-4 3.47059E-4 3.93253E-4 4.01429E-5 4.45928E-4 5.38948E-4 3.93039E-4 4.16491E-4 5.51857E-4 9.25043E-4 1.09571E-3 1.23035E-3 1.29459E-4 1.2709E-4 2.29469E-4 2.83209E-4 4.17509E-4 1.54545E-4 1.12881E-3 1.92724E-4 2.76591E-4 3.44651E-4
6.867E-4 4.84999E-4 1.2521E-3 8.06118E-4 2.54036E-4 3.06012E-4 4.5557E-4 1.18834E-4 7.74852E-5 4.50253E-5 1.3349E-4 1.23901E-4 1.62644E-4 1.73797E-4 2.46515E-4 2.69786E-4 3.1844E-4 2.44555E-4 2.254E-4 2.04915E-4 2.04701E-4 2.57696E-4 2.80473E-4 1.73137E-4 1.09895E-4 1.15824E-4 8.34275E-5 1.06682E-4 1.29146E-4 8.95189E-5 6.81481E-5 4.26754E-5 3.43309E-4 2.85124E-4 2.82215E-4 2.48761E-4 4.80041E-4 3.84482E-4 3.32278E-4 4.06081E-4 4.13042E-5 3.41258E-4 3.21421E-4 3.76419E-4 6.52015E-4 6.71764E-4 5.9496E-4 5.50162E-4 6.21849E-4 8.70504E-4 1.26922E-3 1.15739E-3 2.19863E-4 2.43837E-4 2.40937E-4 3.96668E-4 2.34502E-4 9.42027E-4 2.18886E-4 2.90959E-4 2.94811E-4
1.10146E-3 1.7253E-3 1.04381E-3 3.49297E-4 4.38268E-4 2.73875E-4 1.61014E-4 5.36746E-5 6.63582E-5 5.83077E-5 1.54086E-4 1.27393E-4 1.35811E-4 1.53335E-4 1.99403E-4 2.54895E-4 2.92645E-4 3.02019E-4 3.91761E-4 3.99023E-4 2.74473E-4 3.39205E-4 3.57529E-4 2.04068E-4 1.26326E-4 1.24348E-4 1.08009E-4 1.35487E-4 1.5044E-4 1.11797E-4 9.09663E-5 5.64226E-5 4.97455E-4 5.23164E-4 5.18923E-4 3.18202E-4 4.147E-4 5.82179E-5 5.28503E-5 5.10072E-4 5.8247E-5 5.67358E-5 5.59125E-4 4.58168E-4 5.62789E-4 7.52476E-5 5.19258E-4 8.38232E-4 9.60831E-4 8.48876E-4 1.59983E-3 2.78856E-4 2.45934E-4 2.3234E-4 1.78596E-4 1.75725E-4 9.55848E-4 1.02221E-3 4.02529E-4 1.41904E-4 1.5815E-3
1.0639E-3 9.44115E-4 3.6831E-4 2.86086E-4 1.39649E-4 1.48749E-4 1.07717E-4 3.81259E-5 2.97426E-5 4.31793E-5 8.23415E-5 8.208E-5 3.84771E-5 6.54761E-5 1.3143E-4 1.94111E-4 2.27474E-4 2.78812E-4 4.10937E-4 2.92629E-4 2.30155E-4 2.4065E-4 3.79368E-4 3.01347E-4 1.16621E-4 1.08991E-4 1.18542E-4 1.57071E-4 1.37103E-4 1.61963E-4 1.44366E-4 1.0419E-4 8.27134E-5 6.46803E-4 8.37005E-5 6.71002E-4 4.08797E-4 7.32546E-4 7.10789E-4 7.06138E-4 7.77586E-4 7.79676E-5 6.68546E-4 6.81174E-4 6.14412E-4 8.05557E-5 7.71658E-4 5.57506E-4 6.57219E-4 7.54778E-4 1.35591E-3 1.79009E-4 1.25255E-3 1.35333E-3 1.47682E-3 1.03992E-3 1.64667E-4 2.58092E-4 1.79669E-4 1.20242E-3 1.34E-3
1.5533E-3 4.4131E-4 1.51067E-4 6.09327E-4 7.6131E-4 2.40049E-4 1.21169E-4 5.25088E-5 3.97386E-5 3.26475E-5 5.19454E-5 4.48137E-5 5.07393E-5 1.07335E-4 2.4149E-4 2.00978E-4 2.09491E-4 3.19436E-4 5.33986E-4 3.3054E-4 3.15192E-4 3.65286E-4 3.57582E-4 2.44521E-4 1.41312E-4 1.27873E-4 1.37368E-3 1.92764E-4 2.06454E-4 2.48545E-4 1.81756E-4 1.35251E-4 1.25902E-4 1.02086E-4 1.04976E-3 9.19104E-4 4.97931E-4 6.56172E-4 9.33911E-4 6.9055E-4 8.69053E-5 8.23522E-4 8.47996E-5 5.87422E-4 7.04971E-4 1.13622E-4 9.04267E-5 7.93579E-4 1.0721E-3 1.11315E-3 9.92329E-4 1.24003E-3 1.1961E-3 1.16287E-3 1.12263E-3 2.35404E-4 1.39473E-3 1.72509E-4 4.16401E-4 2.27028E-4 1.04344E-3
4.4124E-4 3.41651E-4 5.49836E-4 8.49118E-4 4.45274E-4 3.46794E-4 1.2276E-4 7.04207E-5 5.56666E-5 7.27065E-5 5.91756E-5 9.09271E-5 1.20153E-4 2.2164E-4 3.09902E-4 1.13161E-4 1.52139E-4 4.46915E-4 4.43024E-4 3.51037E-4 6.26337E-4 6.82377E-4 4.95247E-4 2.46595E-4 2.14919E-4 1.46892E-4 1.37385E-4 1.84818E-4 2.08845E-4 2.90211E-4 3.03826E-4 1.90778E-4 1.38467E-4 7.91243E-4 1.02307E-3 1.26717E-4 1.06592E-3 5.37326E-4 6.29686E-4 8.63614E-4 1.08148E-4 7.14023E-4 1.0705E-3 1.24158E-3 6.64087E-4 7.19972E-4 9.22344E-4 8.26684E-4 8.57603E-4 9.64265E-4 1.06281E-3 2.61683E-4 2.68187E-4 3.62926E-4 3.1757E-4 2.94172E-4 3.63374E-4 1.66814E-3 3.444E-4 3.22551E-4 1.51663E-3
6.68943E-4 2.99755E-4 7.05655E-4 9.31329E-4 4.46048E-4 7.7398E-5 4.88437E-5 3.91305E-5 4.04324E-5 5.95635E-5 1.12371E-4 1.5906E-4 1.91075E-4 6.20161E-4 3.69654E-4 1.5283E-4 2.43006E-4 4.50478E-4 3.68469E-4 3.46254E-4 5.64801E-4 3.56212E-4 2.45789E-4 2.44654E-4 2.26386E-4 2.22483E-4 1.81711E-4 1.51972E-4 1.88642E-4 2.64494E-4 2.51989E-4 2.03667E-4 2.44033E-4 1.28492E-4 1.05496E-3 9.49937E-4 1.80514E-4 1.10484E-3 7.4603E-4 8.57819E-4 1.49774E-3 1.32931E-4 9.9831E-4 8.51215E-4 7.83732E-4 8.05036E-4 7.759E-4 1.22299E-3 1.45841E-3 1.52846E-3 1.30068E-3 3.10431E-4 3.53752E-4 3.78633E-4 3.96546E-4 3.60488E-4 4.44486E-4 3.27976E-4 4.00078E-4 3.63687E-4 2.40677E-4
7.40963E-4 3.85508E-4 1.21138E-3 5.45822E-4 2.34014E-4 5.31634E-4 1.23682E-4 1.08993E-4 1.13168E-4 1.21996E-4 2.3028E-4 1.76997E-4 3.4052E-4 6.15158E-4 1.56721E-4 7.56477E-5 3.89726E-4 4.02557E-4 1.88552E-4 3.14664E-4 5.04376E-4 6.20456E-4 2.02155E-4 2.89387E-4 3.26544E-4 2.7393E-4 2.15913E-4 1.78451E-4 2.04174E-4 2.62633E-4 3.39791E-4 3.42747E-4 2.77366E-4 1.58317E-4 1.86722E-4 1.60777E-4 1.79692E-3 2.40077E-4 1.13675E-3 9.35956E-4 1.37737E-3 1.8168E-3 1.26455E-3 1.45864E-4 1.6952E-4 1.42726E-4 1.01826E-3 9.63157E-4 1.05041E-3 1.19374E-3 1.37959E-3 2.76253E-3 3.99194E-4 3.03953E-4 3.83263E-4 4.54067E-4 4.69257E-4 4.18708E-4 3.15157E-4 4.09117E-4 3.28495E-4
6.64313E-4 6.60309E-4 8.52393E-4 4.05153E-4 6.43607E-4 9.89863E-4 6.92762E-5 8.88518E-5 1.69808E-4 1.92376E-4 1.97573E-4 1.83756E-4 3.85065E-4 4.10917E-4 9.79024E-5 2.10655E-4 4.22471E-4 2.31427E-4 2.37568E-4 4.32062E-4 7.17098E-4 3.08702E-4 2.30337E-4 1.68199E-4 1.93297E-4 1.48938E-4 2.53337E-4 2.06148E-4 1.71154E-4 2.79166E-4 4.14629E-4 2.75184E-4 3.26168E-4 2.14005E-4 2.22102E-4 2.33638E-4 2.03852E-3 2.54859E-4 1.87907E-4 1.75507E-3 1.54137E-3 1.91718E-3 1.42015E-3 1.74832E-3 1.58051E-3 1.1447E-3 9.66519E-4 1.35396E-3 1.52396E-3 1.67212E-3 1.89602E-3 1.8622E-3 3.35465E-3 3.83375E-3 3.70946E-4 3.7964E-3 4.76682E-4 4.32624E-4 3.97497E-4 3.91147E-4 4.74605E-4
6.47486E-4 4.32748E-4 4.64894E-4 3.62904E-4 6.20172E-4 5.41296E-4 1.23753E-4 2.06873E-4 2.08039E-4 2.15321E-4 2.55202E-4 2.43837E-4 2.41143E-4 2.02276E-4 2.90319E-4 3.46379E-4 1.54653E-4 1.99754E-4 4.66872E-4 4.91274E-4 3.67997E-4 2.05898E-4 7.49691E-4 3.06017E-4 5.16546E-5 1.15589E-4 1.58157E-4 1.85696E-4 1.7446E-4 3.02568E-4 3.8541E-4 1.94033E-4 3.59799E-4 3.7954E-4 2.92159E-4 2.14315E-4 2.2424E-4 2.63205E-4 2.52178E-4 2.21265E-4 1.96649E-4 2.28852E-3 2.65841E-4 1.78156E-4 1.51564E-3 1.21577E-4 1.07393E-3 1.28308E-4 1.79749E-4 1.97088E-4 2.461E-3 2.31087E-3 2.70568E-3 2.77467E-3 4.23197E-3 4.1766E-3 5.12664E-4 3.90578E-4 3.78898E-4 4.23403E-4 3.81025E-4
9.92308E-4 5.69936E-4 5.59156E-4 4.12113E-4 5.15742E-4 1.59774E-4 2.50496E-5 1.07892E-4 8.75986E-5 9.16301E-5 7.2259E-5 1.09856E-4 2.38358E-4 1.13209E-4 2.16916E-4 1.59141E-4 2.26064E-4 3.23601E-4 2.46929E-4 2.54122E-4 4.20631E-4 7.73711E-4 1.09281E-3 6.86817E-4 4.15827E-5 1.05644E-4 1.19998E-4 1.31551E-4 2.48818E-4 3.24799E-4 2.42895E-4 2.5895E-4 4.39805E-4 6.96538E-4 3.62133E-4 3.06827E-4 2.69911E-4 2.29243E-4 2.36153E-3 2.5031E-4 2.44559E-4 2.70682E-3 2.7526E-4 2.01737E-4 1.56376E-4 1.333E-4 1.36279E-4 1.87989E-3 1.96584E-4 2.16505E-4 2.97868E-3 2.50852E-3 2.96814E-3 3.18513E-3 3.92597E-3 5.06867E-3 4.7283E-3 4.13933E-3 3.64528E-3 3.17609E-3 2.32249E-4
8.26503E-4 4.88907E-4 4.19465E-4 4.97964E-4 6.08135E-4 1.14844E-4 2.36229E-5 1.95683E-5 1.81785E-5 2.78261E-5 7.52799E-5 1.0216E-4 2.86079E-4 3.88384E-4 4.84911E-5 8.51475E-5 2.50502E-4 3.39682E-4 6.76129E-4 5.02426E-4 4.69742E-4 5.98722E-4 7.16978E-4 7.46035E-5 2.31532E-5 8.73836E-5 2.99972E-4 3.13417E-4 4.64974E-4 3.1284E-4 3.13324E-4 3.37189E-4 4.18966E-4 8.42117E-4 2.88119E-4 3.68268E-4 4.03373E-4 3.11183E-4 2.44407E-4 2.46755E-4 2.74726E-3 2.77088E-3 3.12598E-4 2.86641E-4 1.72555E-4 1.58155E-4 1.54758E-4 1.86165E-4 2.75653E-3 2.81177E-3 3.04703E-4 2.25509E-4 2.70396E-3 3.47425E-3 4.25497E-3 4.75731E-3 3.47822E-3 2.82673E-3 3.21354E-3 2.68928E-4 2.19107E-4
4.42597E-4 6.56949E-4 3.46005E-4 3.04437E-4 2.73478E-4 3.28971E-5 2.78203E-5 4.46318E-5 5.36569E-5 1.97828E-4 1.78769E-4 1.94056E-4 2.66731E-4 9.01305E-5 4.07283E-5 3.09903E-5 1.67095E-4 4.44169E-4 6.11072E-4 1.98844E-4 4.30648E-4 6.15678E-4 1.38286E-4 7.21767E-6 3.2431E-5 1.02409E-4 2.83891E-4 7.7511E-4 5.90261E-5 3.83671E-4 5.54064E-4 4.91749E-4 4.80846E-4 3.30623E-4 1.87663E-4 4.67518E-4 9.40196E-4 1.99428E-4 2.2815E-4 2.04577E-4 2.46835E-4 2.43236E-4 4.29402E-4 1.90377E-4 1.68102E-4 2.38213E-3 1.89746E-4 1.93194E-4 2.6806E-3 2.95855E-3 2.69116E-4 2.71028E-4 2.08397E-4 3.08431E-3 4.38875E-3 4.00441E-4 3.51706E-4 3.47476E-4 2.64685E-4 2.05532E-4 1.87071E-4
3.25197E-4 3.5841E-4 3.05224E-4 7.91874E-5 7.84031E-5 3.02478E-5 4.06746E-5 1.19146E-4 2.09212E-3 1.57137E-4 3.31231E-3 3.45989E-3 3.33869E-3 2.99731E-4 1.28967E-4 1.23418E-4 3.89981E-4 2.07456E-4 8.33308E-5 1.58449E-4 4.5552E-5 8.14341E-5 1.50007E-6 2.37433E-6 1.14143E-4 8.55191E-5 9.79181E-5 2.89154E-5 3.24301E-5 6.08907E-5 4.68458E-4 2.69257E-4 4.85921E-4 1.73041E-4 2.18568E-4 8.41631E-4 2.95893E-4 1.59838E-4 2.03529E-4 2.0106E-4 3.2717E-4 3.04593E-4 2.18832E-4 1.73807E-4 2.69549E-4 2.21951E-3 2.54972E-3 3.32952E-3 2.68995E-3 3.27639E-3 2.63936E-4 2.52593E-4 3.40935E-3 3.72003E-3 4.51986E-3 4.91795E-3 5.66781E-3 4.64151E-4 3.84183E-4 2.45486E-4 2.07641E-4
3.44814E-4 1.92974E-4 1.13427E-4 9.13095E-5 1.64185E-4 7.33839E-5 1.31773E-4 5.74839E-5 3.87377E-5 2.42816E-3 2.81369E-4 1.33808E-4 2.14012E-3 6.22626E-5 4.26635E-5 2.7307E-4 6.89129E-5 3.2166E-4 2.39354E-4 6.47474E-6 2.66468E-6 1.81586E-6 1.19673E-6 1.60051E-6 2.67044E-6 7.57825E-6 7.59271E-5 2.67475E-5 4.18727E-4 2.03283E-4 9.75193E-6 1.14499E-5 1.45848E-4 3.68075E-4 3.38575E-4 9.97578E-4 1.65256E-4 2.15605E-4 2.29359E-4 4.20164E-4 2.06002E-4 2.84475E-4 2.70878E-4 1.35679E-4 1.28393E-4 1.00057E-4 1.23203E-3 1.52353E-4 1.67263E-4 3.31176E-3 4.25638E-3 2.59643E-4 2.59132E-4 3.79693E-3 5.32887E-3 5.49629E-3 5.40429E-3 4.52201E-3 3.02081E-4 1.4713E-4 3.325E-3
