Artocarpus hirsutus SDM files/MIS19/results (without bias file)/Arthir_6.asc
ncols         625
nrows         721
xllcorner     69.99986311115
yllcorner     5.99986187915
cellsize      0.041666667
NODATA_value  -9999
[rows 54 to 80 of 721, columns 427 to 487 of 625]
6.28363E-5 4.36722E-6 4.57008E-6 5.92292E-6 6.0711E-6 5.06425E-6 3.54736E-6 3.34169E-6 3.45451E-6 3.50899E-6 4.78888E-5 4.20408E-6 6.72052E-6 3.94932E-6 4.87878E-6 6.5459E-6 4.2264E-6 3.81656E-6 4.383E-6 4.78642E-6 4.41935E-6 4.02721E-6 6.5043E-5 4.55649E-6 5.75502E-6 6.71868E-6 7.41771E-6 7.28449E-6 7.1979E-6 7.16758E-6 5.73745E-6 3.47536E-6 3.91296E-6 6.39556E-5 6.19623E-5 4.31491E-6 6.87666E-6 6.42908E-6 4.42511E-6 6.94465E-5 6.26011E-5 4.87603E-6 5.36267E-6 7.26326E-5 6.18949E-5 7.27546E-5 6.6657E-5 5.34254E-5 6.12484E-5 8.50881E-5 9.8365E-5 8.38718E-5 8.64943E-5 4.49802E-5 5.06696E-5 6.54876E-5 1.08701E-4 9.96742E-5 8.70899E-5 4.97939E-5 3.21346E-5
5.33151E-5 3.40943E-6 4.58261E-6 5.64727E-6 5.40812E-6 4.70568E-6 4.17489E-6 3.67569E-6 3.60872E-6 5.56678E-5 6.63394E-5 6.02346E-6 6.30527E-6 4.22057E-6 5.98934E-5 4.02929E-6 5.72619E-6 6.21076E-6 6.78233E-6 4.74243E-6 4.33381E-6 5.2266E-6 3.78501E-6 6.83816E-5 6.08768E-6 6.16443E-6 6.01011E-6 6.19577E-6 6.54197E-6 4.79968E-6 4.31198E-6 4.34576E-6 3.59059E-6 3.79075E-6 5.36462E-5 7.19121E-5 5.50328E-6 5.72344E-6 4.56405E-6 7.3267E-5 5.13506E-5 5.95302E-6 6.43824E-6 4.62354E-6 6.6011E-5 6.76029E-5 6.42848E-5 5.02243E-5 4.64693E-5 8.19474E-5 1.06805E-4 5.53829E-5 3.5459E-5 3.41912E-5 4.2618E-5 1.08986E-4 9.73445E-5 8.39789E-5 1.1107E-4 8.12558E-5 4.17526E-5
4.37925E-5 4.7416E-6 5.13688E-6 5.47899E-6 4.70311E-6 3.2025E-6 3.36796E-6 3.47018E-6 3.53687E-6 5.43173E-5 3.74934E-6 5.60937E-6 4.87244E-6 3.74798E-6 3.44773E-6 5.79568E-5 5.07541E-5 4.90906E-6 4.39224E-6 7.07283E-6 4.4813E-6 5.71029E-6 4.53559E-6 4.49896E-6 4.89508E-6 7.51267E-6 5.80872E-6 5.87809E-6 7.28056E-6 6.19382E-6 3.89279E-6 4.46286E-6 3.97175E-6 6.00447E-5 6.63937E-5 4.12754E-6 7.81344E-5 5.01444E-6 4.45257E-6 6.68458E-5 5.02243E-5 5.76037E-6 5.9588E-6 5.50542E-6 8.16135E-5 6.55651E-5 4.43724E-5 4.31469E-5 6.16643E-5 4.54248E-5 7.2572E-5 9.10142E-5 9.16311E-5 5.66288E-5 4.40926E-5 5.04409E-5 3.74909E-5 5.68735E-5 1.18812E-4 9.38422E-5 3.38423E-5
4.55137E-6 5.90114E-6 5.44003E-6 5.48112E-6 6.43291E-6 5.20709E-6 3.93647E-6 4.085E-6 3.60355E-6 3.93432E-6 5.58037E-6 6.28033E-6 5.70402E-6 4.49463E-6 4.36323E-6 3.76473E-6 3.78983E-6 6.20292E-5 4.17617E-5 4.45115E-6 5.91277E-6 6.72824E-5 3.69306E-6 5.20673E-6 4.06526E-6 7.02627E-6 6.55417E-6 6.62558E-6 7.31725E-6 7.63983E-6 5.73933E-6 4.33565E-6 4.34639E-6 4.25498E-6 4.41983E-6 3.85992E-6 7.08827E-5 7.63136E-5 6.84566E-5 6.49476E-5 4.24324E-5 5.29546E-5 7.21854E-5 7.75542E-5 5.2861E-5 4.27194E-5 4.04695E-5 4.38515E-5 5.36926E-5 5.64446E-5 1.07694E-4 6.02972E-6 8.79877E-5 7.23677E-5 8.12064E-5 8.55965E-5 5.87017E-5 3.33079E-5 5.42781E-5 6.1621E-5 3.31388E-5
7.43999E-5 4.77469E-6 4.76193E-6 5.08513E-6 5.58208E-6 5.17537E-6 4.62018E-6 4.3022E-6 4.46744E-6 4.53591E-6 5.56078E-6 6.59797E-6 4.75844E-6 4.72505E-6 5.01573E-6 5.71566E-6 4.75178E-6 4.22135E-6 4.05925E-6 4.17958E-6 4.30182E-6 5.42496E-5 3.76412E-5 5.20999E-6 5.20817E-6 6.70364E-5 4.62081E-6 5.83112E-6 7.66152E-6 7.20995E-6 5.22677E-6 6.3187E-6 4.19456E-6 7.62882E-5 7.93412E-5 4.94586E-6 5.30023E-6 4.88978E-6 6.61581E-5 5.89656E-5 3.69582E-5 4.44953E-5 5.15128E-5 5.81947E-5 4.58411E-5 3.96627E-5 7.19388E-5 8.96799E-5 9.01382E-5 8.35951E-5 8.33139E-5 1.07145E-4 1.04278E-4 8.53217E-5 9.71286E-5 9.86813E-5 8.70105E-5 5.14456E-5 3.48999E-5 4.40122E-5 3.47245E-5
5.86835E-5 6.59728E-5 6.85986E-5 6.34551E-5 4.4245E-6 4.44666E-6 4.46888E-6 4.1925E-6 4.56004E-6 4.24498E-6 5.02872E-6 5.64542E-6 4.95321E-6 4.30661E-6 4.61674E-6 4.93337E-6 4.57135E-6 4.58562E-6 5.0707E-6 5.6005E-6 4.20452E-6 5.95826E-5 4.89463E-5 5.70672E-6 6.22773E-6 7.15398E-5 7.04797E-5 5.29611E-6 5.54461E-6 4.79034E-6 4.64838E-6 5.39956E-6 5.00835E-6 5.18128E-6 7.01962E-5 8.65149E-5 5.28781E-6 5.46062E-6 6.78674E-5 4.13311E-5 4.0145E-5 9.45826E-5 9.20828E-5 8.57508E-5 7.42592E-5 6.57147E-5 1.08605E-4 9.83181E-5 8.27809E-5 1.04251E-4 8.13317E-5 4.97741E-5 5.77173E-5 6.69626E-5 1.14595E-4 1.02407E-4 9.405E-5 9.66473E-5 9.19037E-5 7.61988E-5 3.16066E-5
4.94048E-5 5.23603E-5 6.03708E-5 3.40977E-6 3.84165E-6 4.2275E-6 4.383E-6 4.12988E-6 4.09154E-6 6.37227E-5 6.97828E-5 4.53883E-6 4.56151E-6 4.58425E-6 4.60854E-6 4.74733E-6 4.35595E-6 6.91159E-5 7.48487E-5 5.0768E-6 4.86956E-6 4.44899E-5 7.05641E-5 7.83154E-6 5.00114E-6 4.19279E-6 4.22584E-6 5.30992E-6 4.71984E-6 4.51796E-6 7.71766E-5 5.0444E-6 5.90277E-6 5.54092E-6 8.40937E-5 7.81323E-5 6.17641E-5 7.45515E-5 7.35157E-5 5.46093E-5 4.75203E-5 5.47112E-5 6.30733E-5 5.09047E-5 8.10833E-5 9.33948E-5 1.12098E-4 9.52331E-5 6.66186E-5 6.53632E-5 5.8093E-5 4.11255E-5 6.86877E-5 1.09917E-4 9.47843E-5 7.60053E-5 1.03488E-4 1.14851E-4 9.98487E-5 9.1186E-5 4.12007E-5
5.2768E-5 5.42845E-5 3.93978E-6 4.37415E-6 3.25607E-6 3.75254E-6 4.65017E-6 4.5724E-6 4.26571E-6 5.90393E-5 3.95481E-6 3.94531E-6 6.48853E-5 6.41254E-5 6.6597E-5 4.44307E-6 4.60891E-6 4.37299E-6 7.12452E-5 6.80073E-5 6.36738E-5 5.1368E-5 6.32627E-5 5.89671E-6 5.84913E-6 5.03747E-6 5.56699E-6 6.64298E-6 5.14845E-6 4.48811E-6 6.80628E-5 8.52344E-5 5.19766E-6 4.68919E-6 7.5838E-5 7.53386E-5 8.25053E-5 7.86995E-5 7.29942E-5 7.30696E-5 5.00077E-5 4.15494E-5 7.35701E-5 7.54778E-5 8.76889E-5 4.34475E-5 5.56162E-5 8.87154E-5 1.04793E-4 4.73582E-5 4.68915E-5 4.83968E-5 5.5772E-5 1.03352E-4 8.82854E-5 8.45082E-5 8.65539E-5 1.22817E-4 1.10213E-4 8.47859E-5 4.75275E-5
5.91635E-5 3.6122E-6 3.66646E-6 3.59018E-6 3.53662E-6 4.03364E-6 3.66768E-6 6.61471E-5 4.43168E-6 4.28162E-6 5.05381E-6 4.05677E-6 5.84679E-5 6.39589E-5 6.34597E-5 4.12753E-6 4.37299E-6 4.27079E-6 6.76649E-5 5.18788E-5 4.59363E-5 5.24137E-5 5.9784E-5 6.02021E-5 5.56313E-6 6.88994E-5 6.87004E-5 6.2598E-6 7.08692E-6 4.91362E-6 7.17424E-5 8.18322E-5 5.52699E-6 4.61392E-6 7.87557E-5 9.71477E-5 9.1167E-5 7.69151E-5 7.20716E-5 6.94735E-5 5.3738E-5 6.18725E-5 6.6279E-5 9.1422E-5 9.62769E-5 6.33706E-5 4.24113E-5 4.06618E-5 5.82553E-5 4.70069E-5 5.28104E-5 5.07936E-5 1.01788E-4 6.34802E-5 4.13484E-5 4.70882E-5 8.08691E-5 1.25384E-4 1.03769E-4 4.84156E-5 4.16265E-5
4.22455E-6 4.28139E-6 4.34814E-6 3.43175E-6 3.77761E-6 4.43297E-6 4.76947E-6 3.80963E-6 4.16151E-6 5.21061E-6 4.53619E-6 4.13858E-6 3.89043E-6 4.07999E-6 6.28967E-5 6.27069E-5 6.49721E-5 4.27858E-6 6.83626E-5 5.50945E-5 6.99262E-5 5.67834E-6 5.00392E-6 7.3528E-5 6.92291E-5 4.64911E-5 5.24068E-6 5.79692E-6 5.73429E-6 4.69725E-6 7.34315E-5 8.31546E-5 6.30638E-6 5.86712E-6 8.0808E-5 9.57398E-5 1.02814E-4 9.0065E-5 8.01968E-5 8.44213E-5 7.36177E-5 8.66735E-5 8.68471E-5 9.16332E-5 8.69137E-5 7.87359E-5 7.7976E-5 8.13469E-5 4.54311E-5 4.99286E-5 5.28104E-5 5.19407E-5 8.59656E-5 4.98095E-5 4.00667E-5 4.085E-5 5.05412E-5 5.51029E-5 5.125E-5 4.81532E-5 4.82422E-5
4.91463E-6 4.56555E-6 6.95899E-5 6.51091E-5 4.93676E-6 5.16821E-6 4.34928E-6 7.00064E-5 4.68735E-6 5.47731E-6 5.46838E-6 3.9632E-6 3.95885E-6 5.46161E-6 3.88116E-6 5.71045E-5 4.92798E-5 5.47207E-6 4.81068E-6 7.44161E-5 4.92723E-6 6.53348E-6 5.41286E-6 6.28339E-5 6.30075E-5 4.93868E-5 6.79099E-5 9.25051E-5 5.54615E-6 8.37766E-5 8.21166E-5 8.69239E-5 1.00309E-4 9.04291E-5 8.4878E-5 9.60937E-5 1.04652E-4 9.65173E-5 1.03294E-4 9.76783E-5 7.82724E-5 9.85063E-5 9.15257E-5 9.01611E-5 7.88208E-5 7.85183E-5 7.40126E-5 5.85922E-5 4.4348E-5 5.10549E-5 5.27154E-5 7.50865E-5 1.16274E-4 9.72404E-5 6.96447E-5 4.48724E-5 4.9212E-5 5.55172E-5 4.34024E-5 4.34024E-5 4.64351E-5
5.22917E-6 7.87359E-5 4.8495E-6 4.51284E-6 5.31915E-6 5.98177E-6 6.78808E-5 7.2568E-5 7.2568E-5 5.09245E-6 6.27023E-6 4.69181E-6 4.10102E-6 4.46082E-6 6.78456E-5 4.13845E-5 5.09207E-6 5.4444E-6 7.57052E-5 5.2135E-6 5.82959E-6 5.89904E-6 4.27879E-6 6.33464E-5 6.48117E-5 5.04971E-5 5.47028E-5 5.03012E-5 5.58922E-5 6.51285E-5 7.33962E-5 6.91413E-5 6.57999E-5 7.95674E-5 8.52073E-5 8.13707E-5 1.06607E-4 9.611E-5 1.02873E-4 1.07318E-4 9.20828E-5 8.90281E-5 9.39134E-5 1.02812E-4 9.09974E-5 8.47925E-5 8.67083E-5 8.78509E-5 4.44261E-5 4.9153E-5 6.67731E-5 1.20721E-4 1.11641E-4 9.7615E-5 8.97295E-5 8.8519E-5 8.96544E-5 8.88041E-5 7.30532E-5 5.04141E-5 5.30453E-5
8.04246E-5 7.54765E-5 7.63808E-5 8.06254E-5 5.85133E-6 6.18491E-6 7.03772E-5 4.09751E-5 4.96386E-5 5.54194E-6 5.8155E-6 4.15149E-6 4.22919E-6 7.06053E-5 3.31497E-5 4.00093E-5 6.17194E-6 5.47938E-6 4.2025E-6 6.97118E-5 5.30328E-6 6.06995E-6 4.11494E-6 6.7051E-5 7.01187E-5 6.62299E-5 5.1002E-6 7.7444E-5 8.00846E-5 7.75481E-5 7.78351E-5 6.19331E-5 5.74749E-5 5.95812E-5 6.67282E-5 6.60473E-5 8.01331E-5 8.69641E-5 1.00513E-4 1.09665E-4 9.04164E-5 8.4878E-5 8.34771E-5 1.0446E-4 1.03408E-4 9.48864E-5 9.30851E-5 1.04474E-4 5.49846E-5 4.73197E-5 1.01278E-4 1.19152E-4 1.17021E-4 1.00695E-4 9.7989E-5 1.08798E-4 9.68437E-5 8.72347E-5 9.46199E-5 7.0428E-5 9.03322E-5
7.8757E-5 8.4097E-5 6.89701E-5 5.45356E-5 8.27226E-5 6.06897E-6 7.14159E-5 3.78523E-5 8.63504E-5 6.19491E-6 6.26727E-6 4.33592E-6 7.01551E-5 4.31178E-5 3.36922E-5 4.3902E-5 5.52796E-6 6.67478E-6 5.22265E-6 4.76866E-6 4.31775E-6 7.29781E-5 6.79095E-5 6.93863E-5 5.67201E-5 8.31233E-5 5.35224E-6 8.67271E-5 9.38137E-5 7.8956E-5 4.47518E-5 5.07868E-5 4.89851E-5 5.14017E-5 5.13164E-5 5.38486E-5 5.20311E-5 5.8571E-5 6.75097E-5 8.90662E-5 6.01025E-5 5.5249E-5 5.39344E-5 5.79733E-5 5.01717E-5 6.1321E-5 6.76279E-5 1.0846E-4 9.29317E-5 7.77048E-5 9.50151E-5 1.10114E-4 1.16307E-4 1.08016E-4 9.36981E-5 1.00413E-4 1.14529E-4 1.04655E-4 8.42896E-5 7.9627E-5 1.13072E-4
5.0069E-5 5.70137E-5 5.56659E-5 5.11899E-5 5.2972E-5 5.89956E-5 3.63775E-5 3.80874E-5 5.78307E-5 7.37174E-5 7.03981E-5 5.47926E-5 4.05267E-5 3.46009E-5 4.97173E-5 5.25831E-6 5.8558E-6 6.6E-6 6.24937E-6 4.83926E-6 4.73562E-6 4.08551E-6 6.36095E-5 6.64153E-5 6.23009E-5 5.56449E-5 7.93897E-5 6.25716E-5 4.61853E-5 4.45457E-5 4.28857E-5 5.85638E-5 5.78648E-5 9.91604E-5 7.64702E-5 8.22804E-5 9.61692E-5 7.56006E-5 6.31732E-5 9.69837E-5 8.33169E-5 6.40462E-5 7.30613E-5 4.84893E-5 5.12116E-5 4.93911E-5 6.95697E-5 1.26758E-4 1.02612E-4 9.16795E-5 8.71109E-5 7.15122E-5 7.69837E-5 7.85047E-5 7.13128E-5 6.5221E-5 8.03076E-5 9.22045E-5 7.22029E-5 9.87831E-5 1.14371E-4
5.69167E-5 6.04227E-5 7.92345E-5 5.04984E-5 4.11064E-5 3.86368E-5 3.58766E-5 4.39334E-5 4.96307E-5 5.53807E-5 4.85381E-5 7.65624E-5 8.12181E-5 7.46036E-5 8.48896E-5 6.04798E-6 6.65268E-6 6.29204E-6 4.38056E-6 4.65929E-6 4.25985E-6 7.08368E-5 6.42833E-5 6.29432E-5 4.6985E-5 4.67917E-5 6.01566E-5 4.56793E-5 4.72268E-5 9.67453E-5 5.27645E-5 4.49242E-5 6.44612E-5 9.91604E-5 9.81485E-5 9.73923E-5 9.76379E-5 9.37464E-5 7.84913E-5 1.00391E-4 9.85355E-5 8.46827E-5 7.12129E-5 6.26156E-5 5.01844E-5 4.42206E-5 5.02903E-5 1.11115E-4 7.90467E-5 4.31632E-5 4.60718E-5 5.77921E-5 5.50652E-5 5.58368E-5 5.32987E-5 5.4312E-5 6.68127E-5 9.61217E-5 6.78652E-5 7.62762E-5 1.21888E-4
4.91242E-5 4.67384E-5 8.30955E-5 5.04116E-5 5.22556E-5 5.81933E-5 4.63464E-5 7.02776E-5 7.82787E-5 7.15305E-5 7.09793E-5 7.42247E-5 7.44069E-5 8.44737E-5 5.77126E-6 5.92818E-6 5.64217E-6 5.95639E-6 4.74242E-6 7.22491E-5 7.09249E-5 6.85068E-5 5.90957E-5 4.10178E-5 4.13341E-5 5.64594E-5 9.70646E-5 9.8234E-5 8.50125E-5 7.76072E-5 4.50526E-5 4.60202E-5 5.91675E-5 8.96912E-5 7.34382E-5 6.68441E-5 9.21642E-5 1.01935E-4 1.00384E-4 1.0595E-4 9.65347E-5 8.66208E-5 9.65968E-5 9.13319E-5 6.32612E-5 8.01181E-5 6.52605E-5 8.65237E-5 6.42555E-5 4.95953E-5 6.49684E-5 1.2463E-4 1.16182E-4 9.19644E-5 8.74471E-5 9.07991E-5 7.05851E-5 8.11356E-5 8.32514E-5 1.04003E-4 1.298E-4
3.95804E-5 5.88926E-5 6.32642E-5 6.26186E-5 7.20731E-5 7.31652E-5 6.56647E-5 7.35084E-5 8.21121E-5 8.96147E-5 5.04092E-6 7.58562E-5 7.19902E-5 7.94783E-5 5.13728E-6 5.32156E-6 5.57152E-6 6.04531E-6 4.52413E-6 6.52867E-5 6.55025E-5 5.16283E-5 3.84801E-5 4.55171E-5 9.68874E-5 1.01369E-4 1.086E-4 9.74392E-5 7.69234E-5 6.18837E-5 3.75288E-5 5.05159E-5 8.98177E-5 1.11577E-4 9.27833E-5 6.78562E-5 1.07969E-4 9.18647E-5 8.70635E-5 1.00608E-4 1.02069E-4 9.39285E-5 8.83991E-5 8.77373E-5 7.93897E-5 6.29539E-5 4.64285E-5 4.19747E-5 4.30039E-5 5.5037E-5 8.36333E-5 1.20104E-4 9.77793E-5 1.28939E-4 1.2924E-4 1.19584E-4 1.15415E-4 1.15104E-4 9.6442E-5 9.37873E-5 1.08796E-4
6.41763E-5 6.9736E-5 8.47058E-5 7.79232E-5 7.1995E-5 7.18232E-5 8.9383E-5 8.94148E-5 8.68127E-5 7.42801E-5 7.46993E-5 7.44236E-5 7.47908E-5 4.84049E-6 4.71367E-6 7.48112E-5 5.65585E-6 5.3142E-6 4.90901E-6 7.28118E-5 7.06761E-5 4.08712E-5 4.21909E-5 9.37886E-5 1.03533E-4 1.05049E-4 1.12125E-4 1.11074E-4 8.91031E-5 4.69028E-5 3.84466E-5 4.94682E-5 1.01961E-4 1.12013E-4 1.02226E-4 9.10772E-5 9.53727E-5 9.48423E-5 9.53453E-5 1.04193E-4 9.6071E-5 8.32084E-5 8.18715E-5 7.65986E-5 8.3895E-5 7.17013E-5 4.8637E-5 5.08423E-5 4.39765E-5 5.76559E-5 6.25467E-5 6.94859E-5 9.94847E-5 1.08735E-4 1.32151E-4 1.16935E-4 1.19692E-4 1.21108E-4 1.07067E-4 1.00581E-4 8.67656E-5
6.95561E-5 7.86202E-5 5.39329E-6 5.19576E-6 7.32122E-5 6.82784E-5 7.36086E-5 7.61385E-5 7.52733E-5 7.53383E-5 8.94373E-5 8.94025E-5 8.34387E-5 8.26613E-5 8.00019E-5 8.09609E-5 1.01961E-4 5.91121E-6 8.91826E-5 7.39414E-5 4.38554E-5 3.92777E-5 4.69395E-5 1.05965E-4 8.24387E-5 6.97377E-5 9.05928E-5 9.96779E-5 9.84114E-5 9.65858E-5 8.81605E-5 6.15093E-5 1.01173E-4 1.09626E-4 1.08882E-4 1.07383E-4 9.01168E-5 9.49344E-5 1.09885E-4 1.09767E-4 1.02438E-4 8.22152E-5 8.90848E-5 9.13472E-5 7.71675E-5 7.00047E-5 4.63441E-5 4.44299E-5 4.81435E-5 5.09978E-5 5.73714E-5 1.04698E-4 1.30601E-4 1.27614E-4 1.27232E-4 1.23712E-4 1.20871E-4 1.21446E-4 9.6989E-5 8.34297E-5 8.51589E-5
7.47585E-5 8.26515E-5 9.49174E-5 9.13549E-5 7.59047E-5 7.19542E-5 7.122E-5 6.68105E-5 4.50131E-5 4.26765E-5 4.95858E-5 4.84064E-5 5.08832E-5 7.39779E-5 6.5123E-5 4.81685E-5 6.98049E-5 8.7966E-5 9.01921E-5 5.73074E-5 3.84298E-5 4.2224E-5 6.80389E-5 8.65279E-5 5.7676E-5 6.48577E-5 7.66097E-5 1.04306E-4 9.77428E-5 9.07098E-5 9.76447E-5 9.7118E-5 9.23345E-5 9.81485E-5 1.0377E-4 1.02712E-4 9.3627E-5 1.03989E-4 1.14751E-4 9.53727E-5 9.56554E-5 7.90337E-5 1.02088E-4 1.12499E-4 1.00329E-4 9.16362E-5 5.35614E-5 4.38952E-5 4.75642E-5 7.20207E-5 1.13447E-4 1.33974E-4 1.29936E-4 1.27298E-4 1.10415E-4 1.19839E-4 1.34189E-4 1.13268E-4 8.51863E-5 7.39326E-5 8.51983E-5
7.50021E-5 8.02977E-5 8.68281E-5 9.08886E-5 8.23597E-5 7.65578E-5 7.04322E-5 5.79968E-5 3.50618E-5 3.62896E-5 3.71767E-5 4.08488E-5 5.1529E-5 9.37349E-5 8.80116E-5 3.48308E-5 8.50478E-5 1.07312E-4 8.49859E-5 7.73269E-5 4.8379E-5 4.26594E-5 9.84254E-5 9.76155E-5 5.23051E-5 3.42642E-5 6.61317E-5 1.08654E-4 9.71712E-5 8.46568E-5 7.03981E-5 9.11724E-5 9.23184E-5 1.00113E-4 9.95857E-5 1.00692E-4 8.90999E-5 8.57772E-5 1.06145E-4 7.98485E-5 6.9523E-5 6.44335E-5 1.19827E-4 1.10824E-4 7.95902E-5 6.41468E-5 5.26215E-5 5.075E-5 4.5782E-5 5.34282E-5 9.57883E-5 1.05777E-4 1.39105E-4 1.29585E-4 1.16548E-4 1.31275E-4 1.20239E-4 1.08118E-4 8.58962E-5 7.9584E-5 6.61623E-5
5.33387E-5 4.27523E-5 5.17094E-5 7.66761E-5 1.00995E-4 7.92609E-5 4.2241E-5 3.81539E-5 3.8085E-5 4.24492E-5 6.31722E-5 5.53756E-5 8.74683E-5 1.05422E-4 8.77723E-5 5.38886E-5 5.43452E-5 9.52223E-5 9.3836E-5 9.7891E-5 7.9879E-5 7.6252E-5 8.67184E-5 7.99011E-5 4.58547E-5 4.74235E-5 9.94171E-5 1.07926E-4 1.05829E-4 8.97079E-5 8.25872E-5 9.50937E-5 9.5146E-5 9.18142E-5 9.27608E-5 9.27608E-5 8.41148E-5 5.76623E-5 1.00879E-4 6.64977E-5 5.54326E-5 8.81671E-5 1.11966E-4 1.05614E-4 9.81485E-5 7.87669E-5 1.02256E-4 1.05666E-4 8.42071E-5 6.84267E-5 8.03941E-5 1.02049E-4 1.38988E-4 1.40314E-4 1.29477E-4 1.26913E-4 1.25275E-4 1.17021E-4 1.10143E-4 1.03326E-4 6.14563E-5
3.77646E-5 3.63557E-5 4.14193E-5 4.30221E-5 7.02849E-5 6.05296E-5 5.36116E-5 4.98041E-5 4.05248E-5 5.68216E-5 6.63783E-5 7.65851E-5 9.74328E-5 9.9941E-5 7.67496E-5 7.19037E-5 4.2316E-5 7.97689E-5 1.04347E-4 1.039E-4 9.60574E-5 9.53769E-5 9.56035E-5 8.80431E-5 7.70382E-5 6.41298E-5 1.10427E-4 9.81193E-5 9.6699E-5 8.83353E-5 9.35049E-5 1.02662E-4 1.04035E-4 9.41233E-5 9.07098E-5 8.68978E-5 7.41624E-5 5.79601E-5 1.14885E-4 1.21923E-4 1.10835E-4 1.17986E-4 1.17598E-4 1.09206E-4 1.00141E-4 1.05405E-4 1.17183E-4 9.45604E-5 1.18362E-4 8.02531E-5 1.21142E-4 6.59503E-5 6.16844E-5 1.01007E-4 1.12133E-4 1.05623E-4 1.13865E-4 9.4492E-5 1.25898E-4 1.16754E-4 7.56708E-5
3.54233E-5 5.47155E-5 6.96254E-5 7.1426E-5 6.51324E-5 8.99211E-5 8.57665E-5 7.3221E-5 3.82973E-5 4.57886E-5 9.8677E-5 8.87881E-5 7.82787E-5 9.85376E-5 7.59885E-5 7.24615E-5 5.71113E-5 9.51472E-5 8.59076E-5 8.91117E-5 9.91687E-5 1.01587E-4 1.01981E-4 9.36915E-5 8.65317E-5 5.48786E-5 1.08822E-4 9.91309E-5 9.5923E-5 9.61636E-5 1.0123E-4 1.09762E-4 1.11577E-4 1.03889E-4 9.37399E-5 9.53944E-5 7.79871E-5 4.78792E-5 1.01582E-4 1.09523E-4 8.37785E-5 8.6526E-5 1.16359E-4 9.76797E-5 1.03123E-4 7.31548E-5 5.92419E-5 4.76445E-5 6.76894E-5 8.91376E-5 1.13159E-4 1.15302E-4 7.66318E-5 4.80907E-5 6.29769E-5 1.41047E-4 6.19084E-5 9.19378E-5 1.39961E-4 1.298E-4 1.00679E-4
4.04521E-5 7.75112E-5 9.03162E-5 8.71456E-5 8.42186E-5 9.11046E-5 8.13609E-5 5.78986E-5 4.69847E-5 9.0278E-5 1.04548E-4 9.28514E-5 7.95189E-5 7.82862E-5 7.70238E-5 7.6935E-5 6.8326E-5 7.32713E-5 4.62454E-5 6.69995E-5 6.84347E-5 9.99404E-5 1.02383E-4 9.00259E-5 6.41298E-5 7.82653E-5 1.01478E-4 1.0976E-4 1.08102E-4 9.79476E-5 9.05372E-5 1.11227E-4 1.12851E-4 1.1378E-4 1.04014E-4 1.0479E-4 9.71293E-5 8.42882E-5 9.01401E-5 7.25605E-5 1.12374E-4 6.96282E-5 5.08075E-5 4.02838E-5 5.23004E-5 7.72203E-5 4.77882E-5 1.20021E-4 1.29457E-4 1.27465E-4 1.25849E-4 1.24279E-4 9.43842E-5 7.10117E-5 9.40055E-5 1.29268E-4 9.0718E-5 6.28621E-5 1.20464E-4 1.41557E-4 1.17787E-4
8.32245E-5 9.43306E-5 8.35018E-5 9.11725E-5 8.19619E-5 7.26332E-5 6.78412E-5 4.5481E-5 6.58118E-5 8.95761E-5 1.039E-4 9.49174E-5 9.14441E-5 7.66966E-5 7.65144E-5 7.43953E-5 8.82968E-5 4.85246E-5 4.91114E-5 6.46804E-5 9.28171E-5 9.56205E-5 9.37349E-5 6.97276E-5 6.96099E-5 5.66923E-5 6.93305E-5 1.08202E-4 9.33665E-5 1.06567E-4 1.04676E-4 1.06273E-4 9.21624E-5 8.68233E-5 1.14046E-4 1.05147E-4 1.05435E-4 1.05988E-4 8.38656E-5 5.96652E-5 4.91065E-5 3.9415E-5 4.16996E-5 6.06368E-5 1.20815E-4 1.14004E-4 1.12669E-4 1.03645E-4 1.02337E-4 1.23946E-4 9.46019E-5 1.29585E-4 1.05291E-4 9.23649E-5 1.33226E-4 1.14688E-4 1.16182E-4 5.83561E-5 7.59705E-5 1.41023E-4 1.34361E-4
