Artocarpus hirsutus SDM files/MIS19/results (without bias file)/Arthir_7.asc
ncols         625
nrows         721
xllcorner     69.99986311115
yllcorner     5.99986187915
cellsize      0.041666667
NODATA_value  -9999
[rows 27 to 53 of 721, columns 244 to 304 of 625]
4.78282E-6 4.51636E-6 6.27714E-6 4.60695E-6 6.81734E-6 5.57892E-6 2.76565E-6 2.22511E-6 2.37765E-6 3.54919E-6 5.36325E-6 6.07952E-6 7.51182E-6 9.47279E-6 4.64917E-6 7.34477E-6 5.06731E-7 7.94232E-7 5.95004E-7 5.60319E-6 3.71494E-7 3.02271E-7 3.71538E-7 4.44148E-7 4.20557E-7 3.53323E-7 3.96444E-7 2.44661E-7 2.86928E-6 3.02177E-6 3.1575E-6 3.47073E-6 4.22184E-6 5.73228E-6 7.04878E-6 7.22069E-7 5.57108E-6 8.17535E-7 8.9878E-7 1.04618E-5 8.16988E-6 1.0329E-5 7.6772E-6 7.10173E-6 6.9024E-6 8.77122E-6 6.45191E-7 1.02471E-6 8.81784E-6 7.87989E-6 1.44107E-6 1.57712E-6 2.12511E-6 4.01306E-5 2.2858E-6 3.57171E-5 3.16234E-5 2.97554E-5 2.52365E-5 2.83585E-6 3.70753E-5
3.19978E-6 1.96578E-6 2.71389E-6 2.72907E-6 4.32619E-6 5.94074E-6 5.12095E-6 5.63631E-6 7.60288E-6 7.17219E-6 5.12095E-6 3.88876E-6 7.66137E-6 4.1102E-6 4.93995E-6 4.89664E-6 4.8359E-6 4.90655E-7 3.79587E-7 2.95378E-7 4.71057E-6 3.45576E-6 3.64619E-6 3.95108E-6 5.40092E-6 3.54053E-6 3.16137E-6 2.97203E-6 3.22063E-6 4.50847E-6 3.56161E-6 4.3964E-6 5.80904E-6 6.28615E-6 7.94153E-6 5.39967E-7 1.09539E-5 8.34718E-7 8.49301E-7 9.44579E-7 1.61786E-5 1.12452E-6 8.75506E-6 8.4339E-6 1.42078E-5 1.36179E-5 1.17394E-5 9.97222E-6 9.96381E-6 1.27917E-6 2.39263E-6 2.77443E-6 4.1685E-5 3.83363E-5 4.55252E-5 4.06174E-5 3.04203E-5 2.34912E-5 3.59781E-5 3.33328E-6 2.82889E-6
3.62821E-6 6.2482E-6 8.01879E-6 6.58989E-6 6.85014E-6 6.17058E-6 5.03354E-6 5.80407E-6 3.3168E-6 5.63633E-6 6.9852E-6 8.06828E-6 5.66023E-6 2.77902E-6 2.30151E-6 3.4547E-6 5.06086E-6 3.95703E-7 3.92001E-7 4.23864E-6 5.7608E-6 4.57275E-6 8.39876E-6 6.57008E-6 3.37329E-7 4.35243E-6 4.36705E-6 4.0695E-6 4.16445E-6 7.56889E-6 9.60922E-6 6.99363E-7 9.29104E-6 7.91319E-6 1.01408E-5 1.39339E-5 1.57675E-5 1.16527E-6 1.66244E-5 1.61122E-6 1.11968E-6 1.06348E-5 7.13974E-7 1.29417E-6 1.18933E-6 7.46881E-7 1.35988E-5 1.1445E-6 1.61843E-6 2.13785E-6 1.82023E-6 2.48111E-6 3.16121E-6 3.89312E-5 3.49532E-5 2.60333E-5 1.58873E-5 2.77891E-5 3.71664E-5 3.54363E-5 1.82039E-5
2.1601E-6 4.98996E-6 7.48362E-6 5.76339E-6 4.28836E-6 3.84389E-6 3.53247E-6 3.77328E-6 3.4293E-6 5.92752E-6 4.54594E-7 4.60586E-6 4.41268E-6 3.14291E-6 2.24503E-6 2.80995E-6 4.21108E-7 5.41342E-7 8.41651E-6 6.92854E-6 6.75767E-6 4.31164E-6 3.09714E-7 4.03931E-6 2.30598E-6 2.14698E-6 2.60841E-6 5.9889E-6 4.49642E-6 7.15057E-6 6.37374E-6 6.11202E-6 8.83249E-6 1.47876E-5 1.00233E-6 1.99994E-5 9.68513E-7 1.22685E-5 9.23299E-6 4.92407E-7 6.09124E-6 4.10749E-6 4.77605E-6 5.28603E-7 8.70279E-7 8.08523E-7 1.02917E-6 1.47997E-6 2.55213E-5 1.71101E-6 2.2104E-6 3.48E-6 2.86794E-6 2.5377E-5 1.79177E-5 1.35826E-5 2.35279E-5 3.92399E-5 2.2668E-6 1.42621E-5 9.0727E-6
2.08152E-6 2.81736E-6 5.97307E-6 6.4947E-6 4.39957E-6 3.8021E-6 4.53629E-6 5.23577E-6 3.46709E-6 6.5408E-6 6.31443E-6 5.15102E-6 3.52905E-6 2.78892E-6 2.10255E-6 3.26325E-6 6.52511E-6 6.95856E-6 4.41846E-6 4.41846E-6 2.7732E-6 3.13627E-6 3.10217E-6 3.31343E-6 5.16658E-6 6.04042E-6 6.04042E-6 7.22205E-6 8.08878E-6 8.39089E-6 7.97506E-6 1.12867E-5 8.58399E-7 9.5284E-7 7.76135E-7 5.64516E-7 4.27931E-7 4.9038E-7 6.21431E-6 4.01387E-6 3.84683E-6 4.51347E-6 5.961E-6 9.83641E-7 1.35145E-5 9.24343E-7 1.61472E-6 1.34168E-6 1.25398E-6 1.89848E-6 2.03547E-6 2.7538E-6 1.11699E-6 1.61636E-5 1.19261E-5 1.58501E-5 1.44983E-5 1.05223E-5 7.58777E-6 5.76689E-6 9.96336E-6
5.42757E-6 4.39406E-6 3.70741E-6 4.33851E-6 4.44966E-6 3.36097E-6 3.25283E-6 3.05868E-6 2.6099E-6 3.77904E-6 4.38577E-6 3.91191E-6 2.95116E-6 3.45293E-6 5.15676E-6 4.03021E-7 3.66861E-7 3.22799E-7 3.87797E-6 4.46032E-6 4.74853E-6 4.43813E-6 3.20974E-6 2.7676E-6 6.74299E-6 9.41464E-6 7.13615E-6 7.13615E-6 8.65187E-6 6.8385E-7 7.77798E-7 1.07132E-5 6.93682E-6 5.85132E-6 6.6102E-6 4.77131E-6 3.94467E-6 4.03662E-6 4.41962E-6 3.90189E-6 4.94265E-6 8.37877E-6 8.72996E-7 1.30239E-6 9.72196E-6 8.36854E-6 1.24961E-6 1.5826E-6 1.79349E-6 2.17573E-6 1.72321E-6 1.65129E-6 1.5117E-6 1.24377E-5 1.10059E-5 1.19271E-5 1.15147E-5 8.91555E-6 6.49389E-6 8.17482E-6 2.01025E-5
5.67688E-6 2.65056E-6 1.65658E-6 1.74947E-6 4.10412E-6 1.71597E-6 1.9131E-6 1.52179E-6 1.54382E-6 1.93002E-6 2.70054E-6 3.31427E-6 3.52407E-6 2.25826E-6 2.6278E-6 3.62315E-6 4.31922E-6 3.61403E-6 3.24588E-7 3.52248E-7 3.34808E-7 3.7182E-7 6.24968E-6 6.50992E-6 5.03638E-7 4.90071E-6 5.8315E-6 5.24632E-7 6.5364E-7 1.03239E-5 6.27679E-7 6.47086E-7 9.66895E-6 6.81416E-6 4.34247E-6 3.66007E-6 6.1818E-6 6.00824E-6 4.85531E-6 4.52054E-6 7.96169E-6 1.01634E-6 1.99936E-5 1.66532E-5 7.05845E-6 6.75313E-6 8.88017E-7 1.44101E-6 1.0937E-6 1.11247E-6 1.27131E-6 1.18727E-6 1.11908E-5 9.74042E-6 1.08645E-5 1.06901E-5 9.48245E-6 8.07202E-6 8.14341E-6 1.50491E-5 3.46979E-5
2.20957E-6 1.30255E-6 1.50845E-6 3.17882E-6 1.6442E-6 1.17105E-6 1.54403E-6 1.67355E-6 1.47879E-6 2.65254E-6 4.08868E-6 4.69938E-6 6.27502E-6 5.16069E-6 4.3755E-6 4.05318E-6 4.11064E-6 3.46551E-6 3.22704E-6 2.69563E-6 3.29131E-6 3.10906E-6 2.50339E-7 2.95104E-6 3.09162E-6 4.35114E-6 8.54731E-6 5.93485E-7 6.56215E-7 7.15306E-7 1.07691E-5 1.19492E-5 9.76538E-6 5.6113E-6 3.80097E-6 4.19637E-6 6.19079E-7 7.10388E-7 1.00454E-5 6.53821E-6 1.5022E-5 1.1777E-6 1.28934E-6 1.35523E-5 6.66698E-6 9.05758E-6 1.89388E-5 1.77755E-5 1.87392E-5 1.12083E-5 1.21146E-5 8.05295E-7 1.10713E-5 1.53133E-5 2.18504E-5 1.38882E-5 8.03894E-6 1.20921E-5 2.09285E-5 2.65204E-5 3.39158E-5
1.39183E-6 2.06773E-6 3.2475E-6 3.31228E-6 2.49537E-6 2.18143E-6 3.64128E-6 3.93138E-6 4.59686E-6 5.66813E-6 5.71079E-6 5.5018E-6 6.22952E-6 5.72094E-6 6.42056E-6 4.99643E-6 4.66194E-6 5.12357E-6 4.27327E-6 3.65508E-6 2.16535E-6 2.96223E-6 3.71573E-7 5.26752E-6 2.99124E-6 5.91553E-6 4.60375E-7 5.74953E-7 6.42277E-7 7.14111E-7 5.25605E-7 7.17497E-6 6.54743E-6 5.505E-6 6.39368E-6 4.87933E-6 3.85108E-6 7.60433E-6 5.16232E-7 7.16671E-7 1.15861E-6 1.30492E-5 8.10469E-6 1.11121E-5 1.30861E-5 1.79963E-5 1.43003E-6 2.33254E-5 2.34469E-5 1.22187E-5 7.19729E-6 1.07607E-5 1.02291E-5 1.2062E-6 1.70143E-6 1.4691E-5 8.66394E-6 2.98629E-5 3.13374E-5 2.41719E-5 3.9818E-5
1.97447E-6 4.30275E-6 5.27211E-6 5.82354E-6 4.34203E-6 2.91918E-6 1.67853E-6 2.61401E-6 6.29641E-6 4.55302E-6 4.20973E-6 4.93129E-6 3.26318E-7 5.41556E-6 4.67268E-6 3.61952E-6 4.67586E-6 3.47654E-6 4.91253E-6 2.43749E-6 2.78316E-6 2.69285E-6 4.2291E-7 4.4286E-7 5.06517E-6 3.6177E-6 7.52588E-6 4.95898E-7 4.55442E-7 5.17912E-7 4.71222E-7 4.43932E-6 4.64209E-6 4.56555E-6 6.9092E-6 5.89514E-6 3.4007E-6 3.32011E-6 5.03929E-6 8.39159E-7 8.79628E-7 9.78881E-6 1.03961E-5 7.54467E-6 8.24556E-6 7.35093E-7 1.12497E-6 9.73622E-7 2.35153E-5 1.06597E-5 6.47612E-6 7.31335E-6 1.36551E-5 2.37479E-5 2.59799E-5 1.53192E-5 1.55847E-5 2.65627E-5 2.93416E-5 3.18942E-5 3.87799E-5
4.55947E-6 5.04502E-6 4.46721E-6 4.52366E-6 1.93349E-6 2.57845E-6 1.30599E-6 4.26142E-6 3.87334E-6 2.62977E-6 3.51061E-6 4.99194E-6 4.94709E-6 3.38395E-7 4.45024E-6 3.88691E-6 3.3743E-6 3.4782E-6 4.12616E-6 2.11934E-6 2.34345E-6 3.24009E-6 6.38408E-6 7.58042E-6 6.0902E-6 3.17707E-6 4.4286E-7 3.29021E-7 3.73814E-7 4.51449E-7 4.32183E-7 4.55739E-7 5.26788E-6 5.05834E-6 6.47049E-6 9.44295E-6 4.20102E-6 3.78916E-6 3.59621E-6 4.80324E-6 8.18855E-6 5.2584E-6 4.56052E-6 4.89583E-6 8.26269E-6 1.23708E-5 8.93897E-7 8.82955E-7 1.87315E-5 9.7331E-6 6.94275E-6 5.2736E-6 9.36545E-6 2.01546E-5 2.71697E-5 2.17029E-5 2.6373E-5 2.75378E-5 1.63647E-5 2.86812E-5 2.59026E-5
4.82229E-6 4.27112E-6 3.53966E-6 2.27325E-6 1.87956E-6 1.53383E-6 1.94453E-6 3.79532E-6 2.40388E-6 4.96488E-6 5.16292E-6 4.77505E-6 4.28593E-6 2.61015E-7 3.60065E-6 5.01871E-6 4.72163E-6 3.6044E-6 2.8021E-6 2.60002E-6 3.42784E-6 6.93287E-6 4.40339E-7 7.92748E-6 5.4381E-6 3.26835E-6 3.90463E-6 3.19231E-7 3.7052E-7 3.18734E-7 3.0712E-7 4.39862E-7 5.9492E-6 6.39454E-6 8.48573E-6 7.1066E-6 5.74082E-6 5.44657E-6 3.7838E-6 4.06447E-6 6.25461E-6 3.89503E-6 4.22233E-6 4.38234E-6 6.73955E-6 1.64496E-5 1.61055E-5 9.61853E-6 1.29979E-5 1.20823E-5 6.36078E-6 4.97898E-6 5.57358E-6 1.36694E-5 2.42421E-5 1.96504E-5 1.89398E-5 7.33689E-6 1.21808E-5 2.75936E-5 1.4001E-5
3.46911E-6 3.34235E-6 3.57768E-6 2.45204E-6 2.01438E-6 1.63709E-6 1.24523E-6 3.56464E-6 3.52144E-6 5.41615E-6 3.89684E-6 2.88379E-6 2.49896E-6 2.9632E-6 2.70373E-7 3.47809E-7 3.40835E-7 4.18964E-6 2.80523E-6 2.7421E-6 5.07638E-6 5.51113E-6 7.50634E-6 5.11184E-6 3.81403E-6 3.02786E-6 3.64731E-6 5.41875E-6 3.57497E-7 3.63262E-7 3.88944E-7 4.8797E-7 7.33274E-6 6.05419E-6 6.02552E-7 7.85273E-6 6.85558E-6 7.0273E-6 5.21047E-6 7.23291E-6 7.34066E-6 7.91004E-6 1.00618E-5 1.31561E-5 9.82767E-6 7.58778E-6 6.01513E-6 1.00515E-5 1.7433E-5 1.87746E-5 1.23558E-5 1.43662E-5 1.67917E-5 2.3871E-5 1.71968E-5 1.52349E-5 7.37227E-6 5.30995E-6 2.36565E-5 2.51953E-5 2.82828E-5
2.80877E-6 3.36658E-6 2.62532E-6 2.03548E-6 1.77808E-6 2.1658E-6 1.77359E-6 3.70516E-6 4.28167E-6 5.18071E-6 3.11571E-6 1.92112E-6 1.95525E-6 2.28291E-7 2.88689E-7 3.21225E-7 2.84341E-7 2.91592E-7 3.09462E-6 2.9112E-6 4.79838E-6 5.20386E-6 3.13972E-7 2.51233E-7 2.05838E-7 2.71282E-6 3.6278E-6 4.96748E-6 4.43109E-7 6.52827E-6 5.74968E-6 4.11806E-7 4.4311E-6 4.21763E-6 5.09822E-6 3.36844E-7 7.43929E-7 7.60643E-6 6.8512E-6 6.78523E-6 7.94033E-6 1.50453E-5 1.91676E-5 1.23948E-5 5.11086E-6 2.54641E-6 3.34395E-6 5.61192E-6 1.04082E-5 1.48121E-5 1.25154E-5 1.85516E-5 1.77884E-5 1.268E-5 1.09569E-5 1.21394E-5 1.03312E-5 1.05718E-5 2.36565E-5 2.71661E-5 1.71096E-5
2.57905E-6 2.07552E-6 1.77311E-6 2.36063E-6 1.82568E-6 2.41612E-6 3.67663E-6 3.60536E-6 3.03714E-6 5.31343E-6 2.53306E-6 1.35898E-6 2.17496E-6 3.7178E-6 5.58032E-6 2.76632E-7 4.31278E-6 3.96918E-6 2.7702E-6 3.07965E-6 1.98714E-7 2.59246E-6 2.26474E-6 2.19237E-6 2.50008E-6 3.8599E-6 4.53384E-6 4.34561E-6 2.98678E-7 2.90613E-7 4.13507E-6 2.43454E-7 3.39823E-7 4.40748E-6 3.3856E-6 5.4514E-6 5.49268E-7 5.7531E-7 8.45357E-6 6.30804E-6 8.96359E-6 1.07144E-6 1.8066E-5 1.4262E-5 9.96219E-6 3.73451E-6 2.97647E-6 3.27492E-6 3.77611E-6 5.87598E-6 9.92641E-6 1.12933E-5 1.98959E-5 1.626E-5 1.01869E-5 8.4751E-6 1.07698E-5 9.38759E-6 2.42898E-5 1.46829E-5 1.82254E-5
1.39362E-6 2.08154E-6 3.70966E-6 2.69438E-6 1.6139E-6 3.2147E-6 3.0806E-6 1.52665E-6 2.13699E-6 3.43645E-6 2.46896E-6 1.23534E-6 1.89665E-6 4.09822E-6 2.80823E-7 2.90491E-7 3.3455E-7 3.00494E-6 2.1624E-6 1.99153E-6 1.86748E-6 2.62302E-6 3.18808E-6 3.30754E-6 4.68798E-6 3.97434E-6 4.72944E-6 2.78006E-6 2.69452E-7 4.48579E-6 3.11376E-6 4.86486E-6 3.2941E-7 4.44218E-7 4.47733E-6 4.6266E-6 3.52861E-7 4.58737E-7 7.37193E-6 7.51483E-6 5.21982E-6 5.93587E-7 5.66026E-7 6.41364E-7 8.33111E-7 6.64299E-6 4.02207E-6 5.10972E-6 3.82241E-6 3.33311E-6 3.64674E-6 4.97049E-6 1.31334E-5 2.11195E-5 1.85363E-5 9.92718E-6 5.73894E-6 6.16054E-6 9.68448E-6 1.11535E-5 1.71598E-5
1.99906E-6 3.9187E-6 4.15767E-6 2.33397E-6 1.45475E-6 1.86672E-6 3.6526E-6 2.12262E-6 1.95147E-6 3.89703E-6 2.39905E-6 2.84497E-6 2.09114E-6 3.02539E-6 2.65047E-7 2.77917E-7 2.41325E-7 1.89444E-7 2.0823E-6 1.74032E-6 3.48928E-6 3.70077E-7 4.91643E-6 3.0389E-7 4.29834E-6 2.50145E-6 2.84469E-6 2.59346E-6 3.53011E-7 5.00495E-6 2.86429E-6 2.63431E-6 4.75046E-6 5.31158E-6 3.41403E-6 3.61209E-6 4.43069E-7 9.80066E-6 5.44689E-6 4.71156E-6 4.7279E-6 8.15837E-6 1.15974E-5 1.08848E-5 9.44451E-6 7.21379E-6 6.67954E-6 9.43015E-6 1.0761E-5 5.36802E-6 3.57295E-6 4.00635E-6 7.66613E-6 1.81087E-5 2.16073E-5 1.31656E-5 7.4656E-6 5.33679E-6 6.38529E-6 1.35653E-5 1.12914E-5
1.33703E-6 2.26053E-6 3.88987E-6 3.71987E-6 2.76772E-6 1.63603E-6 3.57675E-6 2.35739E-6 1.76873E-6 1.40168E-6 1.58002E-6 2.29717E-6 2.38489E-6 1.8851E-6 3.47294E-6 2.40029E-7 2.19904E-7 2.11686E-7 2.08443E-6 2.77053E-6 2.68674E-7 2.16253E-7 2.24008E-7 2.70351E-6 2.24096E-6 1.80379E-6 1.87369E-6 3.23653E-6 3.46294E-6 3.6521E-6 3.41864E-6 2.15115E-6 2.41726E-6 2.57284E-6 3.05701E-6 7.18197E-6 5.01593E-7 5.19218E-6 3.82397E-6 3.45605E-6 5.13433E-6 9.06895E-6 8.95803E-6 1.21409E-5 9.09474E-6 1.0754E-5 1.08091E-5 1.42028E-5 1.03352E-5 7.45687E-6 4.5349E-6 4.13829E-6 4.53295E-6 9.03747E-6 1.48854E-5 1.43239E-5 1.2018E-5 6.56303E-6 1.08272E-5 6.56468E-6 6.29166E-6
2.11217E-6 1.29647E-6 2.29106E-6 3.42269E-6 2.20762E-6 1.43741E-6 3.48874E-6 2.16747E-6 2.44534E-6 2.13483E-6 1.0614E-6 1.08982E-6 2.10387E-6 1.40928E-6 1.71034E-6 3.31052E-6 2.47251E-7 3.35081E-6 2.01277E-6 3.44445E-6 4.56575E-6 3.10891E-6 4.17277E-6 2.97802E-6 2.15017E-6 1.51845E-6 4.62781E-6 6.10549E-6 2.70011E-6 1.56439E-6 1.80517E-6 1.97806E-6 1.72622E-6 2.13643E-6 3.12196E-6 6.83565E-6 2.53112E-6 3.05094E-6 3.39398E-6 4.81027E-6 1.07318E-5 1.28379E-5 1.09451E-5 9.96641E-6 8.69434E-6 9.50412E-6 1.77585E-5 2.07306E-5 1.14017E-5 7.95539E-6 4.5349E-6 4.05147E-6 4.0733E-6 4.57304E-6 5.44949E-6 1.46051E-5 1.90385E-5 2.47675E-5 1.91124E-5 1.75662E-5 1.42177E-5
2.24038E-6 1.25459E-6 3.92084E-6 2.86724E-6 1.93049E-6 1.90571E-6 3.44576E-6 1.77009E-6 2.64839E-6 3.38337E-6 2.04157E-6 1.4573E-6 1.2836E-6 1.25853E-6 1.23395E-6 2.8981E-6 4.38384E-6 3.04885E-6 2.88402E-6 4.19422E-6 3.96331E-6 2.75876E-6 2.91505E-6 1.92229E-6 1.81678E-6 4.15264E-6 5.23816E-6 4.61164E-6 3.18244E-6 2.81289E-6 1.88211E-6 1.47022E-6 1.7364E-6 1.79783E-6 4.69294E-6 5.07312E-6 2.33461E-6 2.84591E-6 7.28341E-6 1.27965E-5 6.71717E-6 6.41536E-6 6.38929E-6 7.19936E-6 8.37874E-6 1.06651E-5 1.67447E-5 1.06447E-5 9.97016E-6 6.35818E-6 3.78655E-6 4.87902E-6 1.27367E-5 1.03009E-5 7.0304E-6 6.21928E-6 9.03716E-6 1.64344E-5 1.51993E-5 1.7988E-5 1.25143E-5
1.79411E-6 1.79038E-6 3.7463E-6 3.38614E-6 2.31906E-6 1.57302E-6 3.07512E-6 1.4531E-6 2.47878E-6 3.50563E-6 1.91608E-6 1.09136E-6 1.47357E-6 1.14292E-6 1.15303E-6 2.96321E-6 3.3945E-6 2.78275E-6 3.50563E-6 3.36532E-6 2.22185E-6 2.85217E-6 2.62705E-6 1.89208E-6 1.75884E-6 3.31045E-6 2.53001E-6 3.93967E-6 4.14503E-6 6.01668E-6 4.38615E-6 3.26251E-6 1.78074E-6 1.76725E-6 1.97534E-6 2.05593E-6 2.29701E-6 2.45863E-6 6.71528E-6 6.30224E-6 5.40567E-6 5.49292E-6 5.29E-6 1.03244E-5 1.52029E-5 1.15358E-5 9.33821E-6 1.05889E-5 8.6486E-6 9.21914E-6 5.00587E-6 3.84153E-6 5.31641E-6 2.08016E-5 1.92117E-5 1.55816E-5 8.09578E-6 4.14998E-6 4.9913E-6 1.01909E-5 1.24417E-5
1.50211E-6 1.21044E-6 1.68967E-6 2.21662E-6 2.27596E-6 1.2831E-6 3.25308E-6 1.68217E-6 3.23525E-6 3.96649E-6 1.55629E-6 1.29511E-6 1.09333E-6 1.43573E-6 1.00153E-6 1.52177E-6 1.55352E-6 1.60717E-6 3.39251E-6 3.29273E-6 3.57718E-6 1.88191E-6 1.7975E-6 1.43189E-6 1.26638E-6 1.25953E-6 1.40117E-6 3.34337E-6 4.59415E-6 5.58118E-6 3.17396E-6 1.57002E-6 1.57536E-6 3.40562E-6 2.13958E-6 2.10939E-6 2.07963E-6 5.07074E-6 2.41831E-6 2.60252E-6 4.22628E-6 4.7662E-6 8.9743E-6 1.43034E-5 1.39329E-5 6.4626E-6 6.57602E-6 6.23671E-6 8.51245E-6 1.77805E-5 1.13866E-5 6.90251E-6 4.0298E-6 9.83346E-6 1.205E-5 1.38868E-5 8.61064E-6 6.65759E-6 4.36281E-6 5.77617E-6 5.35835E-6
1.88386E-6 1.92385E-6 1.82982E-6 1.49591E-6 9.83093E-7 1.57176E-6 1.59553E-6 2.736E-6 3.32826E-6 3.47276E-6 2.27802E-6 3.50433E-6 3.53129E-6 1.94958E-6 1.08315E-6 1.02099E-6 1.01544E-6 1.14639E-6 1.35324E-6 3.20288E-6 3.17005E-6 5.09513E-6 4.81124E-6 2.41215E-6 1.49389E-6 3.03434E-6 1.36647E-6 1.51777E-6 1.69722E-6 2.1628E-6 1.98007E-6 1.83831E-6 3.9439E-6 7.52282E-6 2.94419E-6 2.23782E-6 2.2207E-6 9.20554E-6 2.73128E-6 2.31142E-6 2.77908E-6 8.21071E-6 1.27336E-5 1.07947E-5 9.74809E-6 4.99373E-6 6.33588E-6 5.48268E-6 1.19866E-5 1.63436E-5 1.74975E-5 8.83078E-6 4.64304E-6 5.92237E-6 4.51886E-6 7.18724E-6 8.98118E-6 1.90761E-5 1.31959E-5 8.79457E-6 7.49102E-6
1.95531E-6 2.03638E-6 2.59898E-6 2.57119E-6 1.55798E-6 2.89983E-6 1.31643E-6 1.21005E-6 1.89925E-6 3.44594E-6 2.60468E-6 4.69815E-6 4.05784E-6 2.75444E-6 1.96359E-6 2.10728E-6 1.63141E-6 1.03487E-6 1.22438E-6 1.44521E-6 2.6588E-6 4.40045E-6 4.97977E-6 2.18048E-6 2.0057E-6 4.18269E-6 3.18269E-6 1.97035E-6 1.82849E-6 1.32551E-6 2.6613E-6 4.52597E-6 7.27604E-6 5.13106E-6 3.40212E-6 2.33509E-6 2.03308E-6 7.25846E-6 6.24946E-6 3.97879E-6 2.91618E-6 2.96752E-6 4.84375E-6 7.91706E-6 1.19044E-5 5.80262E-6 4.45756E-6 4.21182E-6 8.38406E-6 1.47579E-5 1.3025E-5 1.01199E-5 6.13785E-6 4.21933E-6 4.4883E-6 1.62506E-5 1.35979E-5 2.44975E-5 2.61329E-5 1.35419E-5 1.67127E-5
3.26089E-6 2.37877E-6 2.80484E-6 2.25244E-6 3.13527E-6 3.49287E-6 2.32002E-6 1.53951E-6 1.33426E-6 3.02453E-6 4.84129E-6 4.39012E-6 4.01977E-6 2.88887E-6 1.95013E-6 1.27445E-6 2.61538E-6 1.87379E-6 1.36007E-6 1.36007E-6 1.94466E-6 2.28539E-6 2.22581E-6 2.68999E-6 4.73821E-6 3.24521E-6 3.74382E-6 4.90015E-6 4.11734E-6 1.85459E-6 2.24226E-6 3.07555E-6 3.71727E-6 5.73747E-6 6.049E-6 3.834E-6 3.78019E-6 6.61719E-6 6.7386E-6 5.77821E-6 6.15648E-6 4.02499E-6 2.79689E-6 3.40923E-6 5.94287E-6 5.05393E-6 3.7797E-6 4.4883E-6 6.85845E-6 1.46484E-5 1.16983E-5 8.28046E-6 1.32119E-5 5.3654E-6 4.3174E-6 7.93001E-6 1.71092E-5 2.4858E-5 2.30688E-5 1.32607E-5 1.0502E-5
2.36133E-6 1.66866E-6 3.62345E-6 3.94543E-6 2.66856E-6 2.65817E-6 3.36133E-6 2.28918E-6 1.489E-6 3.08886E-6 4.57501E-6 4.00067E-6 3.77826E-6 2.95977E-6 1.83906E-6 2.36932E-6 4.56618E-6 3.75047E-6 2.89327E-6 1.59663E-6 1.72677E-6 2.03006E-6 1.98393E-6 2.87194E-6 4.56618E-6 5.24691E-6 5.23719E-6 3.71035E-6 2.86313E-6 1.9322E-6 2.83733E-6 1.78059E-6 2.60981E-6 7.23793E-6 4.84793E-6 5.1624E-6 5.06333E-6 8.30524E-6 3.75399E-6 5.8454E-6 4.99686E-6 6.42225E-6 2.86196E-6 3.02024E-6 6.4837E-6 1.36856E-5 6.84845E-6 1.19182E-5 1.77479E-5 1.52728E-5 1.29792E-5 1.1682E-5 1.03175E-5 7.08166E-6 5.29168E-6 7.10665E-6 8.97353E-6 2.22291E-5 2.1991E-5 1.82354E-5 1.43488E-5
2.94684E-6 2.08795E-6 2.4299E-6 2.63348E-6 2.26195E-6 1.71868E-6 2.34305E-6 2.36377E-6 1.65069E-6 3.26274E-6 2.71135E-6 4.01104E-6 4.93611E-6 2.90721E-6 3.41204E-6 4.55535E-6 3.79635E-6 3.12713E-6 3.60058E-6 4.7548E-6 3.25705E-6 2.31489E-6 2.76815E-6 3.34985E-6 2.13781E-6 3.53714E-6 5.41329E-6 3.40986E-6 3.72406E-6 1.98778E-6 4.43899E-6 3.98792E-6 2.74348E-6 3.96495E-6 5.4422E-6 3.264E-6 7.97594E-6 6.01707E-6 6.44467E-6 8.29143E-6 6.94373E-6 6.63462E-6 3.69045E-6 3.09051E-6 5.54E-6 4.7829E-6 1.21902E-5 1.03553E-5 9.65545E-6 1.3871E-5 1.74779E-5 1.93669E-5 1.48408E-5 8.94087E-6 8.61938E-6 1.09162E-5 1.17939E-5 1.78757E-5 1.8616E-5 1.63416E-5 1.36538E-5
