Artocarpus hirsutus SDM files/MIS19/results (without bias file)/Arthir_avg.asc
ncols         625
nrows         721
xllcorner     69.99986311115
yllcorner     5.99986187915
cellsize      0.041666667
NODATA_value  -9999
[rows 108 to 134 of 721, columns 244 to 304 of 625]
1.66516E-4 5.36657E-5 3.55073E-5 3.40192E-5 1.84461E-5 6.13344E-6 1.98694E-5 1.27977E-5 1.09179E-5 1.47056E-5 8.58892E-6 1.37339E-5 2.28954E-5 1.85233E-5 1.17566E-5 1.47025E-5 8.62261E-6 7.85669E-6 1.08862E-4 1.21446E-4 1.26078E-4 1.3585E-4 1.43466E-4 1.189E-4 1.09458E-4 1.10275E-4 1.00094E-4 1.38884E-4 1.72639E-4 1.65875E-4 1.51544E-4 1.5936E-4 1.51352E-4 1.31017E-4 1.56763E-4 1.32827E-4 1.34653E-4 1.27631E-4 1.32375E-4 1.33578E-4 1.19234E-4 1.45307E-4 1.27945E-4 1.35401E-4 1.28976E-4 1.41025E-4 1.52956E-4 1.45353E-4 1.6116E-4 1.49795E-4 9.18703E-5 8.06856E-5 1.61959E-4 8.49656E-5 8.13939E-5 1.68526E-4 1.52057E-4 1.49865E-4 1.47009E-4 1.38813E-4 1.04472E-4
4.79029E-4 3.39854E-4 2.40726E-4 1.1047E-4 3.3277E-5 1.34127E-5 5.4646E-6 1.15765E-5 1.27977E-5 3.30688E-5 1.52736E-5 6.5029E-6 1.62029E-5 2.39825E-5 2.20059E-5 1.83846E-5 1.19949E-5 1.02847E-5 1.20508E-4 1.33439E-4 1.24351E-4 1.25573E-4 1.20848E-4 1.62883E-4 1.53103E-4 1.30728E-4 1.1133E-4 1.01913E-4 1.48644E-4 1.4609E-4 1.70689E-4 1.68244E-4 1.49956E-4 1.33679E-4 1.76147E-4 1.74755E-4 1.51647E-4 1.3432E-4 1.44371E-4 1.32295E-4 1.33821E-4 1.69634E-4 1.40236E-4 1.40607E-4 1.28976E-4 1.33441E-4 1.27472E-4 1.28332E-4 1.38557E-4 1.24932E-4 8.59623E-5 8.35896E-5 1.06167E-4 8.43233E-5 9.34251E-5 1.62608E-4 1.65385E-4 1.55455E-4 1.54319E-4 1.55808E-4 1.53496E-4
4.7663E-4 2.18374E-4 9.2167E-5 6.07853E-5 4.21702E-5 3.04965E-5 1.46759E-5 1.04397E-5 1.11795E-5 3.67587E-5 3.48349E-5 1.97982E-5 1.63833E-5 3.64482E-5 2.38429E-5 2.22933E-5 1.62219E-5 1.6219E-5 1.27099E-5 1.1575E-5 1.38697E-4 1.19054E-4 1.10692E-4 1.28338E-4 1.71832E-4 1.60846E-4 1.54017E-4 1.22626E-4 1.22495E-4 1.15699E-4 1.46038E-4 1.77541E-4 1.70412E-4 1.63384E-4 1.53519E-4 1.69314E-4 1.76956E-4 1.70783E-4 1.54314E-4 1.55513E-4 1.46792E-4 1.73327E-4 1.53794E-4 1.41232E-4 1.35077E-4 1.36716E-4 1.39372E-4 1.3551E-4 1.32695E-4 1.06262E-4 8.90527E-5 9.0165E-5 1.62608E-4 8.6208E-5 1.49437E-4 1.3914E-4 1.07268E-4 1.56837E-4 1.20172E-4 1.35698E-4 1.09188E-4
3.45111E-4 3.45262E-4 2.67109E-4 6.04049E-5 3.36611E-5 7.51395E-5 8.34853E-5 2.12614E-5 8.77074E-6 1.88267E-5 8.84921E-5 5.58361E-5 1.18295E-5 1.88443E-5 2.02774E-5 1.90792E-5 1.53842E-5 1.62552E-5 1.33068E-5 1.0443E-5 9.56852E-6 1.4574E-4 1.42422E-4 1.25721E-4 1.04914E-4 1.76649E-4 1.85632E-4 1.42662E-4 1.35422E-4 1.2263E-4 1.38067E-4 1.22529E-4 1.42532E-4 1.41181E-4 1.54246E-4 1.66411E-4 1.67208E-4 1.92676E-4 1.76342E-4 1.43903E-4 1.38034E-4 1.80439E-4 1.80356E-4 1.78969E-4 1.84831E-4 1.75146E-4 1.63612E-4 1.56222E-4 1.46707E-4 1.17829E-4 9.35447E-5 9.56977E-5 1.34091E-4 1.39055E-4 1.63885E-4 1.51947E-4 1.23931E-4 1.36836E-4 8.65293E-5 7.98178E-5 8.08156E-5
1.05898E-3 9.45832E-4 3.5877E-4 1.41897E-4 2.10567E-4 1.46936E-4 1.13726E-4 7.21974E-5 1.17571E-5 1.91457E-5 4.73238E-5 8.01531E-5 6.97602E-5 2.83533E-5 1.39105E-5 1.48226E-5 9.8449E-6 1.84065E-5 1.72943E-5 1.83369E-5 1.24232E-5 1.46595E-4 1.46213E-4 1.28046E-4 1.18942E-4 1.3989E-4 1.22056E-5 1.66854E-4 1.53628E-4 1.20041E-4 1.71344E-4 1.26573E-4 1.41563E-4 1.32593E-4 1.45353E-4 1.71468E-4 1.98658E-4 1.65111E-4 1.9177E-4 1.58393E-4 1.36124E-4 1.55266E-4 1.58066E-4 1.58274E-4 1.43646E-4 1.7064E-4 1.58151E-4 1.60782E-4 1.6647E-4 1.0436E-4 9.81918E-5 8.75094E-5 1.59496E-4 1.7857E-4 1.54902E-4 1.46662E-4 1.35596E-4 1.17306E-4 1.0404E-4 1.0029E-4 9.52611E-5
1.18559E-3 9.14148E-4 9.60399E-4 5.71424E-4 2.33685E-4 2.26311E-4 1.09629E-4 8.38114E-5 2.36897E-5 1.30073E-5 4.26165E-5 2.88511E-5 5.92501E-5 8.41935E-5 5.90471E-5 2.27844E-5 1.57508E-5 2.35813E-5 2.8866E-5 1.97187E-5 1.66367E-5 1.08647E-5 1.48208E-4 1.62593E-4 1.32719E-4 1.1994E-4 1.26744E-5 2.03941E-4 1.83708E-4 1.48829E-4 1.75101E-4 1.31637E-4 1.32234E-4 1.53278E-4 1.32804E-4 1.42223E-4 1.85447E-4 1.80631E-4 1.69439E-4 1.73157E-4 1.39658E-4 1.20572E-4 1.54025E-4 1.73652E-4 1.43174E-4 1.69525E-4 1.69331E-4 1.45308E-4 1.35098E-4 1.47075E-4 1.10656E-4 9.52148E-5 1.08488E-4 1.80087E-4 1.63251E-4 1.44585E-4 1.47704E-4 1.40734E-4 1.28641E-4 1.0029E-4 9.57546E-5
1.37848E-3 1.35958E-3 1.31155E-3 1.20209E-3 7.94492E-4 3.6116E-4 2.14334E-4 2.47907E-4 1.10627E-4 3.02804E-5 1.11602E-5 4.35222E-5 1.59833E-5 5.69553E-5 8.35003E-5 6.22511E-5 3.31033E-5 2.49028E-5 1.77097E-5 2.85696E-5 2.08962E-5 1.67802E-5 1.4483E-5 1.08478E-5 1.66911E-4 1.43314E-4 1.51405E-4 2.15232E-4 2.03693E-4 1.72439E-4 1.8873E-4 1.65201E-4 1.32705E-4 1.65304E-4 1.41002E-4 1.4049E-4 1.38851E-4 1.52054E-4 1.91285E-4 1.4973E-4 1.40508E-4 1.70492E-4 1.70499E-4 1.57941E-4 1.84382E-4 1.57211E-4 1.47494E-4 1.93531E-4 1.85489E-4 1.64732E-4 1.42366E-4 1.34836E-4 1.19847E-4 1.42858E-4 1.70393E-4 1.68565E-4 1.55635E-4 1.44235E-4 1.44248E-4 1.11133E-4 9.85436E-5
1.07081E-3 1.4788E-3 1.5091E-3 1.34033E-3 1.24927E-3 1.00484E-3 4.12134E-4 1.13243E-4 2.21064E-4 2.81173E-4 6.78501E-5 5.21508E-5 5.33074E-5 2.15065E-5 4.22485E-5 7.48363E-5 6.93239E-5 5.22794E-5 3.30807E-5 3.69873E-5 1.6415E-5 2.58345E-5 1.84652E-5 1.50414E-5 1.08086E-5 1.60019E-4 1.44117E-4 1.57331E-4 1.7467E-4 1.98679E-4 1.71445E-4 1.46464E-4 1.52087E-4 1.60821E-4 1.45594E-4 1.7117E-4 1.75728E-4 1.72567E-4 1.61561E-4 1.79596E-4 1.53831E-4 1.31805E-4 1.99359E-4 2.01686E-4 1.69712E-4 1.44327E-4 1.5748E-4 1.50592E-4 2.01011E-4 2.05247E-4 1.84528E-4 1.6349E-4 1.40553E-4 1.33329E-4 1.2368E-4 1.43498E-4 1.80395E-4 1.61097E-4 1.48294E-4 1.26465E-4 1.50727E-4
1.06227E-3 1.04304E-3 1.41721E-3 1.01744E-3 1.39554E-3 9.20202E-4 9.40802E-4 4.22372E-4 1.63813E-4 2.0327E-4 9.03354E-5 1.74246E-5 5.32846E-5 4.04122E-5 1.14911E-5 1.21566E-5 3.92915E-5 5.26857E-5 4.56377E-5 5.00598E-5 3.22201E-5 1.90972E-5 1.8243E-5 1.89058E-5 1.14341E-5 1.19785E-5 1.67765E-4 1.7489E-4 1.93221E-4 2.29897E-4 2.01762E-4 1.58266E-4 1.89736E-4 1.82402E-4 1.83951E-4 1.78969E-4 1.66254E-4 2.10635E-4 1.98313E-4 1.77571E-4 1.74555E-4 1.63988E-4 1.55393E-4 2.03414E-4 1.68155E-4 1.52249E-4 1.33619E-4 1.46523E-4 1.36998E-4 1.81746E-4 2.20025E-4 2.04287E-4 1.78145E-4 1.38001E-4 1.33812E-4 1.26184E-4 1.39572E-4 1.62585E-4 1.66461E-4 1.4884E-4 1.45869E-4
1.65432E-4 5.85499E-5 3.0222E-4 1.04322E-3 1.0814E-3 1.21127E-3 8.76737E-4 9.21061E-4 4.76551E-4 3.94794E-4 1.51586E-4 9.40257E-6 9.63492E-6 1.10362E-5 2.90237E-5 2.53525E-5 2.78067E-5 3.31742E-5 3.48057E-5 4.27837E-5 4.46347E-5 4.23981E-5 3.31146E-5 2.51715E-5 1.79956E-5 1.82082E-5 1.16278E-5 1.50858E-5 1.90423E-4 1.94465E-4 2.22425E-4 1.6539E-4 2.02944E-4 1.73052E-4 1.79318E-4 1.73499E-4 1.65107E-4 1.55977E-4 2.14502E-4 2.08786E-4 2.20049E-4 2.04775E-4 1.62169E-4 2.1844E-4 2.126E-4 1.99075E-4 1.69893E-4 1.71078E-4 1.69525E-4 1.37651E-4 2.10441E-4 2.22324E-4 1.95114E-4 1.4842E-4 1.67278E-4 1.40075E-4 1.39751E-4 1.30313E-4 1.66512E-4 1.66878E-4 1.41744E-4
2.29897E-4 2.01086E-4 2.30883E-4 6.57012E-5 2.06242E-4 4.12053E-4 1.23306E-3 1.2517E-3 6.73542E-4 1.22325E-4 3.64679E-5 1.45837E-5 1.11908E-5 9.95578E-6 8.61533E-6 9.99058E-6 1.47013E-5 2.56262E-5 3.02072E-5 2.9492E-5 3.66605E-5 4.22589E-5 3.71227E-5 2.7748E-5 2.85837E-5 2.26842E-5 1.78605E-4 2.01968E-4 1.34874E-5 1.62982E-5 1.52104E-5 1.38877E-5 2.26726E-4 1.94195E-4 2.29295E-4 1.93922E-4 1.84257E-4 1.65236E-4 1.65304E-4 1.72248E-4 1.49353E-4 1.89666E-4 2.21287E-4 2.39797E-4 2.15232E-4 1.68281E-4 1.70278E-4 1.9058E-4 1.82905E-4 1.41937E-4 1.78883E-4 2.31005E-4 2.1119E-4 1.67368E-4 1.62688E-4 1.56425E-4 1.43311E-4 1.30396E-4 1.46454E-4 1.78236E-4 1.5248E-4
8.33378E-4 1.44994E-3 2.9289E-4 1.86867E-4 1.13999E-4 1.45862E-4 1.66471E-4 2.45256E-4 9.23663E-5 2.37167E-5 9.56319E-5 7.18696E-5 4.38077E-5 9.82275E-5 3.82037E-5 1.71208E-5 7.91975E-6 1.20294E-5 3.36349E-5 3.10095E-5 2.41496E-5 2.80655E-5 4.20119E-5 3.68348E-5 3.61481E-5 3.36301E-5 1.67068E-5 2.45622E-5 1.46371E-5 1.81548E-5 1.76817E-5 1.62877E-5 1.86465E-4 2.25212E-4 2.19647E-4 1.40276E-5 2.159E-4 1.38279E-5 2.00076E-4 1.70451E-4 1.59396E-4 1.88322E-4 1.90685E-4 2.531E-4 1.63886E-5 1.69379E-5 2.35527E-4 2.22746E-4 1.72066E-4 1.56534E-4 1.72529E-4 2.36234E-4 1.40591E-5 2.0287E-4 1.5558E-4 1.87484E-4 1.61184E-4 1.33934E-4 1.41317E-4 1.57604E-4 1.6635E-4
3.01603E-4 1.50084E-3 1.57586E-3 1.13523E-3 2.1478E-4 1.9464E-4 1.66491E-4 1.40073E-4 5.66932E-5 1.08701E-4 2.12424E-4 3.38746E-4 1.80867E-4 1.08279E-4 1.69935E-4 8.62983E-5 1.94189E-5 9.5937E-6 8.46683E-6 2.8496E-5 4.61198E-5 2.07159E-5 2.99659E-5 3.14423E-5 3.27823E-5 3.15546E-5 2.63102E-5 2.99321E-5 2.15341E-5 1.58612E-5 2.25601E-4 1.99547E-5 2.16282E-4 1.71318E-5 1.8095E-4 1.7547E-5 1.82234E-5 2.50014E-4 1.45012E-5 1.63838E-5 2.04659E-4 1.93531E-4 1.64186E-4 2.02187E-4 1.8711E-4 2.02478E-4 1.67807E-4 1.68186E-4 1.59257E-4 1.75692E-4 2.14312E-4 1.96813E-4 1.54415E-5 1.66076E-5 2.06619E-4 1.86579E-4 1.89709E-4 1.60293E-4 1.34863E-4 1.3862E-4 1.53471E-4
7.30802E-4 5.75215E-4 1.33468E-3 1.40084E-3 2.12097E-4 4.65482E-4 2.55907E-4 1.28017E-3 4.3949E-4 3.19021E-4 1.17954E-4 4.06716E-5 7.72843E-5 3.05163E-4 6.74774E-5 3.86855E-5 5.15189E-5 2.91757E-5 1.31283E-4 1.03711E-5 3.23204E-5 3.30478E-5 3.05682E-5 1.48994E-5 1.92431E-4 1.36234E-5 1.71761E-5 2.63625E-5 2.41934E-5 2.41318E-5 2.42276E-5 2.06851E-5 2.40252E-4 2.08138E-5 1.59624E-4 2.1181E-4 1.86601E-5 2.16545E-5 1.7438E-5 1.54509E-5 1.50853E-5 2.16062E-4 1.82498E-4 1.68186E-4 1.56343E-4 2.16407E-4 1.84431E-4 1.7284E-4 1.34808E-4 1.45283E-4 1.83462E-4 2.13518E-4 2.40904E-4 1.79531E-5 1.71457E-5 1.37823E-5 1.72816E-4 1.91212E-4 1.58564E-4 1.4491E-4 1.41345E-4
1.06992E-3 1.3882E-3 1.13073E-3 1.89128E-4 6.23556E-4 7.10005E-4 7.03438E-4 1.37319E-3 1.62613E-3 9.02875E-4 3.73188E-4 3.05874E-5 2.05383E-5 1.10126E-4 1.27174E-4 6.44253E-5 3.25008E-5 4.93852E-5 2.41385E-5 1.31788E-4 1.01749E-5 1.17399E-5 1.4673E-4 1.57083E-4 1.54405E-4 1.66315E-4 1.78823E-4 1.95977E-4 2.33781E-5 2.86736E-5 2.76564E-5 1.79557E-5 2.81318E-5 2.68656E-5 2.19863E-4 1.45397E-4 2.21443E-4 2.60774E-5 2.50073E-5 2.11792E-5 2.46089E-5 1.53662E-5 2.18014E-4 1.96077E-4 1.97952E-4 2.14336E-4 1.94802E-4 1.80045E-4 1.59957E-4 1.48157E-4 1.36064E-4 2.3841E-4 2.36919E-4 1.55605E-5 1.54102E-5 1.79466E-5 1.68724E-5 1.32059E-5 2.00715E-4 1.61737E-4 1.53593E-4
1.60765E-3 1.15762E-3 9.33354E-4 4.1577E-4 1.44489E-3 9.91644E-4 1.76428E-3 7.58083E-4 1.08906E-3 1.20693E-3 1.35676E-4 1.19912E-4 2.13135E-4 2.32948E-4 3.75357E-4 2.28277E-4 8.29373E-5 1.01073E-4 2.95364E-5 1.24527E-4 1.0219E-5 2.23637E-5 1.55559E-4 1.23243E-4 1.14265E-4 1.43675E-4 1.67662E-4 1.68025E-4 1.65955E-4 2.08033E-4 2.41915E-4 2.55269E-5 2.48721E-5 2.88137E-5 2.68656E-5 1.38664E-5 1.83541E-4 2.12791E-4 2.50536E-4 1.5954E-5 1.92045E-5 2.12301E-5 2.67431E-5 2.38836E-5 2.35984E-5 1.56543E-5 1.40928E-5 2.03477E-4 1.8619E-4 1.72806E-4 1.37011E-4 1.80538E-4 1.54999E-5 2.08329E-4 1.78043E-4 2.14127E-4 1.35226E-5 1.62055E-5 1.58854E-5 1.21326E-5 1.83884E-4
1.7464E-3 1.42304E-3 1.055E-3 8.79152E-4 6.34646E-4 4.17601E-4 1.52046E-3 3.6626E-4 1.4443E-4 2.13776E-4 6.55527E-5 1.89558E-4 6.15133E-5 5.45212E-5 1.72776E-4 2.48887E-4 1.86158E-4 1.34943E-4 7.19098E-5 1.69749E-5 1.19341E-5 3.48938E-5 1.93154E-5 9.30913E-6 1.25791E-4 1.36386E-4 1.6162E-4 2.03571E-4 1.68567E-4 1.38309E-4 1.38201E-4 2.08033E-4 2.33336E-5 3.25399E-5 2.94986E-5 1.90762E-5 2.19019E-4 1.82071E-4 1.90562E-4 1.94196E-4 3.09498E-5 3.71869E-5 3.95889E-5 2.62268E-5 3.63738E-5 2.65433E-5 1.48446E-5 1.30202E-5 1.27871E-5 1.86144E-4 1.75988E-4 1.63515E-4 1.40891E-5 2.39207E-5 2.0074E-4 1.61624E-4 1.6592E-5 1.66319E-5 1.36587E-5 1.38534E-5 1.51105E-5
1.68081E-3 1.57833E-3 1.32211E-3 1.13478E-3 1.33739E-3 4.80559E-4 3.22356E-4 3.89935E-4 1.29779E-4 1.36021E-4 1.50531E-4 9.16308E-4 1.58162E-4 3.05759E-5 3.42782E-5 7.89556E-5 1.18554E-4 6.0878E-5 5.07514E-5 8.86857E-5 6.06236E-5 4.36134E-5 2.33259E-5 1.87728E-5 1.50445E-4 1.28114E-4 1.39887E-4 1.92928E-4 2.51263E-5 1.92201E-5 2.08437E-5 1.68388E-4 1.96721E-4 1.98408E-4 2.13091E-5 3.40793E-5 3.67851E-5 4.11435E-5 4.13024E-5 3.03995E-5 1.966E-5 2.41753E-5 2.57281E-5 2.43721E-5 3.5723E-5 4.05743E-5 3.70441E-5 3.95615E-5 3.74689E-5 1.88323E-5 2.0108E-4 1.915E-4 1.77387E-4 2.28596E-5 1.29579E-5 1.79089E-4 2.13306E-4 1.96878E-4 1.2794E-5 1.95454E-5 1.46248E-5
1.54675E-3 1.37404E-3 1.47423E-3 1.50712E-3 1.58715E-3 8.65134E-4 5.56873E-4 8.65662E-4 2.46543E-4 2.26892E-4 1.87978E-4 1.82842E-4 5.8534E-5 3.29139E-5 2.76532E-5 8.80939E-5 7.15732E-5 6.55607E-5 4.95864E-5 3.57636E-5 7.86585E-5 7.86478E-5 4.41426E-5 1.52933E-5 1.32626E-4 1.33367E-4 1.54831E-4 1.28668E-4 1.6307E-4 1.91726E-4 1.76035E-4 1.73806E-4 1.7298E-4 1.85187E-4 1.85281E-4 2.17035E-5 3.01866E-5 2.2906E-5 3.50193E-5 5.1447E-5 3.29398E-5 3.20869E-5 5.72533E-5 5.95398E-5 6.07445E-5 5.78338E-5 5.58999E-5 4.72003E-5 4.37243E-5 3.94326E-5 2.04814E-5 1.75852E-5 1.3508E-5 1.20365E-5 1.63887E-5 1.75819E-5 2.63569E-5 2.17352E-5 1.46528E-5 1.45639E-5 1.4248E-5
1.67636E-3 1.66529E-3 1.66666E-3 1.56378E-3 1.36735E-3 1.12022E-3 8.21543E-4 1.05488E-3 5.25744E-4 3.22738E-4 2.29314E-4 1.12359E-4 6.80142E-5 7.80947E-5 2.40015E-5 2.56708E-5 3.02685E-5 1.90037E-5 4.63572E-5 1.23676E-5 2.2636E-5 3.71448E-5 4.47063E-5 3.31787E-5 1.22171E-5 1.61656E-4 2.76575E-5 2.61597E-5 1.8136E-4 1.30271E-4 1.52121E-4 1.65023E-4 1.77086E-4 1.63626E-4 1.92006E-4 2.04706E-5 1.65991E-5 2.92873E-5 3.7183E-5 3.32164E-5 2.36071E-5 3.65897E-5 2.06806E-5 2.95882E-5 2.5995E-5 2.5787E-5 5.53836E-5 6.57723E-5 6.81192E-5 5.90255E-5 4.96393E-5 3.91177E-5 4.05882E-5 2.95904E-5 1.83393E-4 2.14434E-5 3.60875E-5 3.2175E-5 3.23404E-5 2.34339E-5 1.5933E-5
1.55139E-3 1.49009E-3 1.62643E-3 1.45187E-3 1.47641E-3 1.24727E-3 1.1559E-3 1.05526E-3 6.10616E-4 4.30938E-4 2.78649E-4 1.40768E-4 3.01097E-4 1.72678E-4 1.54636E-4 1.21158E-4 6.18642E-5 3.63356E-5 2.80294E-5 1.37051E-5 1.23094E-5 1.48375E-5 1.23058E-4 1.04884E-5 1.43415E-4 1.30272E-4 1.39916E-4 1.63251E-5 1.85112E-4 1.32742E-4 1.57633E-4 1.70259E-4 1.69192E-4 1.67774E-4 1.49343E-5 4.33057E-5 4.71026E-5 1.3883E-5 1.40239E-5 2.15766E-4 2.2575E-4 1.72131E-4 1.57226E-4 1.88236E-4 1.42054E-5 1.70278E-4 1.42256E-5 4.31209E-5 7.60411E-5 8.4633E-5 7.716E-5 6.24957E-5 5.73788E-5 3.25571E-5 1.67398E-5 1.25041E-5 2.60802E-5 3.64184E-5 3.74639E-5 2.93192E-5 1.65511E-5
1.21819E-3 1.48976E-3 1.36842E-3 1.36791E-3 1.45824E-3 1.26938E-3 1.23842E-3 6.76574E-4 8.45104E-4 5.69799E-4 4.9042E-4 1.92466E-4 8.36173E-5 7.64304E-5 1.17592E-4 1.97765E-4 2.58973E-4 1.74535E-4 5.16661E-5 3.59662E-5 1.92987E-5 1.37365E-5 9.08261E-6 1.06522E-4 1.14957E-4 1.2225E-4 1.20984E-4 1.41078E-4 1.79474E-5 1.26511E-4 1.49308E-4 1.59957E-4 1.58627E-4 1.68537E-4 1.38752E-5 2.06162E-5 2.18202E-5 2.20352E-5 1.40874E-5 1.51852E-5 1.47939E-5 1.44659E-5 1.42321E-5 1.18702E-5 1.98124E-4 1.70013E-4 1.4555E-4 1.70539E-4 1.64293E-5 4.42421E-5 6.81485E-5 7.44044E-5 8.39284E-5 6.95115E-5 4.78672E-5 4.11331E-5 1.70138E-5 2.25002E-5 3.46654E-5 3.77225E-5 1.69789E-5
1.263E-3 1.24802E-3 1.27859E-3 1.30641E-3 1.39074E-3 1.40584E-3 1.45904E-3 1.24246E-3 1.19384E-3 6.16371E-4 7.90056E-4 4.75559E-4 2.25397E-4 1.13455E-4 6.23292E-5 3.66896E-5 6.76595E-5 1.29465E-4 1.48692E-4 1.00973E-4 9.35592E-5 4.72754E-5 2.7181E-5 1.82142E-5 1.20416E-5 1.24809E-4 1.13773E-4 1.2129E-4 1.39695E-4 1.19221E-4 1.29698E-4 1.38719E-4 1.60326E-4 1.72794E-4 2.18764E-5 1.31724E-5 1.42972E-5 3.3353E-5 9.13676E-5 9.68942E-5 5.87698E-5 6.36571E-5 5.67925E-5 3.94452E-5 5.10877E-5 2.8897E-5 1.81029E-5 1.73052E-4 1.58607E-4 1.72775E-4 1.3268E-5 2.17833E-5 4.59765E-5 3.72097E-5 3.00392E-5 2.25444E-5 2.12672E-5 4.02646E-5 3.94137E-5 2.47083E-5 2.10973E-5
1.01525E-3 8.78434E-4 1.06626E-3 1.13972E-3 1.22398E-3 1.39835E-3 1.49431E-3 1.35905E-3 1.19979E-3 1.25033E-3 9.89578E-4 3.29547E-4 4.85153E-4 3.30793E-4 1.11309E-4 5.32648E-5 2.67878E-5 1.80815E-5 3.27161E-5 3.16071E-5 3.22602E-5 8.72173E-5 6.22187E-5 3.79947E-5 4.02133E-5 2.02452E-5 9.87994E-6 8.71057E-6 1.29813E-4 1.11717E-4 1.20763E-4 1.50924E-4 1.03608E-5 1.63993E-4 2.58801E-5 1.11365E-5 2.87901E-5 2.79714E-5 7.46159E-5 1.08323E-4 1.4103E-4 1.42855E-4 1.24384E-4 1.29004E-4 7.07935E-5 1.09184E-4 6.55152E-5 3.34588E-5 2.22616E-5 1.26323E-5 1.73708E-4 1.96562E-5 4.38937E-5 8.62227E-5 5.2978E-5 3.64005E-5 2.84749E-5 2.9517E-5 4.10531E-5 3.43006E-5 1.82921E-5
1.70302E-3 1.27554E-3 1.21433E-3 1.43172E-3 1.11866E-3 1.2199E-3 1.26279E-3 1.42756E-3 1.33198E-3 7.56454E-4 1.42078E-3 9.25296E-4 3.57248E-4 2.54787E-4 1.30835E-4 7.37328E-5 5.6506E-5 3.97494E-5 3.0004E-5 1.37147E-5 8.56721E-6 2.0694E-5 2.21619E-5 1.73511E-5 1.58452E-5 1.222E-5 1.22629E-5 9.2715E-6 8.65823E-6 9.53798E-6 1.40569E-5 1.1241E-5 1.19655E-5 1.51539E-4 2.92554E-5 2.65816E-5 1.87641E-5 2.13911E-5 3.03291E-5 5.66078E-5 2.66064E-5 8.75885E-5 1.85313E-4 2.1933E-4 2.16479E-4 2.25811E-4 2.10329E-4 1.45019E-4 1.05168E-4 7.0944E-5 2.72458E-5 8.57496E-5 1.01857E-4 1.25439E-4 1.19212E-4 6.22021E-5 7.55321E-5 5.63136E-5 2.06673E-5 7.30551E-5 5.04086E-5
1.78011E-3 9.01537E-4 9.50025E-4 1.2486E-3 1.4603E-3 1.3609E-3 1.57872E-3 1.21494E-3 1.26149E-3 1.28439E-3 1.31902E-3 1.37119E-3 1.03055E-3 2.5838E-4 3.66615E-4 1.60446E-4 1.97313E-4 1.65855E-4 1.65751E-4 3.92167E-5 1.22142E-5 1.07616E-4 8.64158E-6 2.37878E-5 2.07297E-5 1.58712E-5 1.32026E-5 1.29246E-5 2.13532E-5 2.18338E-5 2.29252E-5 3.15612E-5 1.89295E-5 1.24029E-5 1.00108E-5 2.43273E-5 2.63739E-5 2.62262E-5 5.69594E-5 9.37878E-5 2.6052E-5 2.45424E-5 4.17179E-5 7.03932E-5 8.51464E-5 8.0744E-5 9.96094E-5 1.69651E-4 2.22687E-4 1.73566E-4 4.16993E-5 2.93289E-5 5.69568E-5 1.1277E-4 1.07108E-4 6.60735E-5 7.2288E-5 3.41934E-5 2.11308E-5 2.94009E-5 5.49655E-5
1.16492E-3 1.00753E-3 7.6704E-4 1.0277E-3 1.39002E-3 1.55803E-3 1.36674E-3 1.6161E-3 1.19164E-3 1.3421E-3 1.32092E-3 1.3179E-3 1.13415E-3 6.42753E-4 3.10928E-4 2.46759E-4 1.34377E-4 8.22072E-5 4.76585E-5 1.14566E-4 3.70983E-5 2.28132E-5 7.40568E-6 2.50494E-5 6.12323E-5 4.74905E-5 3.04464E-5 3.38805E-5 5.74726E-5 5.36833E-5 3.8199E-5 5.29413E-5 3.30674E-5 2.83711E-5 2.77243E-5 1.22682E-4 1.25476E-4 9.05244E-5 9.02176E-5 7.75483E-5 5.49269E-5 4.6233E-5 3.75599E-5 4.76115E-5 6.12009E-5 5.31602E-5 7.54074E-5 8.43294E-5 5.96381E-5 7.87912E-5 1.27586E-4 5.75242E-5 3.05799E-5 3.0647E-5 2.73571E-5 4.51467E-5 4.68078E-5 8.24481E-5 7.94025E-5 1.67039E-5 2.41052E-5
