Artocarpus hirsutus SDM files/MIS19/results (without bias file)/Arthir_6.asc
ncols         625
nrows         721
xllcorner     69.99986311115
yllcorner     5.99986187915
cellsize      0.041666667
NODATA_value  -9999
[rows 243 to 269 of 721, columns 549 to 609 of 625]
4.06471E-3 3.8183E-3 4.30129E-3 4.43743E-3 4.56294E-3 4.11156E-3 4.26248E-3 5.17604E-3 6.08899E-3 5.09763E-3 6.10933E-3 8.37259E-3 6.14968E-3 5.90153E-3 6.43547E-3 6.84224E-3 8.71817E-3 1.05901E-2 1.08388E-2 1.04561E-2 9.95677E-3 1.04265E-2 1.03737E-2 1.07977E-2 1.03852E-2 1.02949E-2 7.34474E-3 6.12225E-3 9.17659E-3 7.36522E-3 9.8225E-3 9.82172E-3 1.11827E-2 1.16549E-2 9.2032E-3 5.68603E-3 6.34228E-3 6.98551E-3 6.59436E-3 4.77458E-3 3.12449E-3 5.77592E-3 8.64533E-3 5.82538E-3 3.39376E-3 1.23168E-3 3.02425E-3 3.07371E-3 2.12349E-3 4.52542E-3 1.61055E-3 3.10658E-4 4.75891E-4 9.15493E-5 1.06221E-3 2.18813E-3 1.34695E-3 2.48886E-4 7.64658E-5 9.03792E-5 1.66103E-4
4.22017E-3 4.22846E-3 4.82064E-3 4.81033E-3 5.42378E-3 5.90781E-3 6.38281E-3 4.95421E-3 4.85044E-3 4.91641E-3 5.07336E-3 7.03915E-3 8.03122E-3 6.47754E-3 7.63576E-3 9.06488E-3 1.08535E-2 1.09684E-2 1.04885E-2 1.02583E-2 1.01371E-2 1.26961E-2 1.18935E-2 1.22799E-2 1.38236E-2 8.81983E-3 6.46805E-3 9.53496E-3 6.48687E-3 4.9067E-3 6.21477E-3 8.02533E-3 5.80223E-3 6.26918E-3 5.71287E-3 6.77073E-3 7.80063E-3 6.60953E-3 8.69854E-3 4.78259E-3 6.50716E-3 8.17301E-3 4.50523E-3 7.04075E-3 5.31626E-3 3.46515E-3 2.84199E-3 2.3053E-3 3.58369E-3 1.39213E-3 3.89897E-4 3.5173E-4 1.59765E-3 1.79589E-3 2.44786E-3 5.9502E-4 1.55346E-4 5.27752E-6 7.77815E-7 1.33428E-6 4.383E-6
4.88705E-3 4.59024E-3 4.34705E-3 4.07061E-3 4.41771E-3 4.69279E-3 5.84815E-3 8.83194E-3 9.62711E-3 8.55366E-3 8.1444E-3 7.37254E-3 8.03977E-3 6.61188E-3 7.98008E-3 6.82668E-3 7.67116E-3 7.86465E-3 8.40504E-3 8.87713E-3 9.05616E-3 1.07023E-2 1.61095E-2 1.39002E-2 1.18538E-2 1.02172E-2 7.84773E-3 6.09216E-3 8.78574E-3 6.69953E-3 7.44985E-3 7.11905E-3 7.09979E-3 5.47879E-3 5.90119E-3 8.24039E-3 6.43483E-3 3.78315E-3 4.58809E-3 3.71281E-3 2.35207E-3 1.89824E-3 4.62961E-3 2.89636E-3 2.76837E-3 3.3735E-3 5.72634E-3 1.64204E-3 6.60503E-4 1.47234E-4 4.60659E-4 9.88028E-4 2.58896E-3 1.61933E-3 4.76045E-4 3.05134E-5 3.82938E-6 8.6076E-7 2.49843E-7 4.31131E-7 5.04413E-6
4.83997E-3 4.87554E-3 5.17028E-3 5.35985E-3 4.01613E-3 3.91016E-3 3.54991E-3 4.16115E-3 4.64156E-3 4.59296E-3 5.68863E-3 6.46354E-3 8.8645E-3 7.95237E-3 7.52395E-3 9.45733E-3 9.25741E-3 8.85216E-3 1.03785E-2 9.87577E-3 1.04682E-2 1.80915E-2 9.68023E-3 9.65273E-3 1.02105E-2 6.73901E-3 8.40314E-3 6.13496E-3 5.50166E-3 9.48222E-3 7.23044E-3 7.41588E-3 8.58913E-3 5.89024E-3 8.81538E-3 8.68285E-3 7.67326E-3 7.9526E-3 4.48929E-3 3.64308E-3 2.88693E-3 1.75031E-3 3.10076E-3 4.58E-3 3.29934E-3 6.08437E-3 4.57867E-3 2.79331E-3 3.50993E-4 3.10624E-4 8.92039E-4 8.07651E-4 1.33574E-3 6.18002E-4 1.55606E-4 2.2932E-4 4.25086E-5 3.48728E-6 1.96111E-6 1.12059E-4 2.83867E-4
5.54481E-3 6.12158E-3 6.26531E-3 7.10317E-3 6.71789E-3 7.59842E-3 4.6377E-3 5.15377E-3 6.09441E-3 4.88694E-3 5.15395E-3 6.4406E-3 9.51136E-3 1.18067E-2 1.06879E-2 9.61302E-3 8.93232E-3 1.20288E-2 1.07522E-2 1.34714E-2 1.40686E-2 1.5808E-2 1.09853E-2 8.20407E-3 1.1004E-2 1.00967E-2 1.63409E-2 1.1437E-2 5.07748E-3 1.21974E-2 1.18745E-2 8.24497E-3 6.41288E-3 7.24377E-3 9.17283E-3 1.24944E-2 1.40926E-2 1.01877E-2 5.61886E-3 3.53893E-3 3.1147E-3 1.62882E-3 2.31713E-3 3.34106E-3 4.22607E-3 5.72816E-3 1.0431E-2 3.00529E-3 1.49958E-3 7.00499E-4 2.238E-4 5.69411E-5 5.99891E-5 6.77302E-5 6.68371E-5 1.0534E-5 7.04217E-5 1.0122E-3 1.12243E-4 3.96255E-4 3.18623E-4
6.92535E-3 7.08584E-3 6.10405E-3 8.29523E-3 7.51494E-3 8.48488E-3 8.07917E-3 9.86043E-3 1.18511E-2 1.09229E-2 9.27574E-3 7.39607E-3 9.51157E-3 1.23882E-2 1.16728E-2 9.31219E-3 1.02187E-2 1.47406E-2 1.70084E-2 1.17304E-2 1.56285E-2 2.09303E-2 1.33762E-2 9.35647E-3 1.38359E-2 1.29146E-2 1.17925E-2 1.18234E-2 7.69361E-3 1.14715E-2 1.11838E-2 6.55587E-3 5.20415E-3 8.37506E-3 9.87799E-3 8.29886E-3 5.59236E-3 6.86652E-3 6.64114E-3 6.05171E-3 3.36345E-3 2.9975E-3 3.16889E-3 3.76359E-3 8.96361E-3 5.44653E-3 4.45049E-3 3.23314E-3 1.88065E-3 2.35832E-3 5.2585E-4 3.92103E-5 1.90376E-5 7.92376E-5 2.69759E-4 4.68855E-4 3.86358E-3 1.97345E-3 6.15756E-4 4.2081E-4 6.1981E-4
8.66114E-3 8.0331E-3 6.95315E-3 1.00424E-2 9.34063E-3 8.68299E-3 9.87141E-3 8.14574E-3 1.49678E-2 1.43392E-2 1.54491E-2 1.2123E-2 1.07653E-2 9.62411E-3 9.64122E-3 1.0819E-2 1.38075E-2 1.03077E-2 1.50873E-2 1.13314E-2 1.83245E-2 2.49166E-2 1.85876E-2 1.27279E-2 1.07981E-2 6.64441E-3 7.03129E-3 9.16561E-3 1.08077E-2 1.05273E-2 8.09356E-3 5.84153E-3 5.57999E-3 4.84838E-3 8.10903E-3 6.05346E-3 3.80359E-3 3.98751E-3 3.97121E-3 5.64104E-3 6.65764E-3 5.47532E-3 6.38972E-3 7.92217E-3 4.29144E-3 3.263E-3 2.41244E-3 2.97653E-3 5.24694E-4 3.97416E-4 9.32546E-4 1.77506E-4 1.16835E-4 3.42284E-5 1.24543E-5 6.58084E-5 3.47692E-4 1.60435E-3 1.13268E-3 8.33864E-4 1.57013E-3
7.57797E-3 6.17515E-3 8.47391E-3 8.55365E-3 1.07547E-2 8.68655E-3 1.26853E-2 9.37818E-3 1.32592E-2 1.69767E-2 1.8279E-2 1.46639E-2 1.02239E-2 1.26915E-2 1.42191E-2 1.63417E-2 1.1359E-2 1.84864E-2 1.87558E-2 1.55427E-2 1.88371E-2 2.85194E-2 1.18423E-2 9.52038E-3 5.39857E-3 4.64246E-3 5.22402E-3 5.19066E-3 6.71279E-3 8.34833E-3 8.73785E-3 7.61845E-3 7.07606E-3 7.75534E-3 8.11112E-3 6.86013E-3 6.49164E-3 5.24729E-3 5.60754E-3 8.34361E-3 5.63112E-3 1.00173E-2 8.87071E-3 7.01082E-3 4.34998E-3 5.67878E-3 5.68585E-3 5.02452E-3 1.28937E-3 1.3777E-4 1.01814E-3 2.76779E-4 2.77518E-5 5.40909E-5 1.45412E-3 8.37282E-5 1.15907E-3 1.38398E-3 1.06742E-3 1.05892E-3 8.93096E-4
8.14249E-3 8.48578E-3 6.12858E-3 6.79769E-3 8.13163E-3 8.16758E-3 9.11526E-3 8.61351E-3 1.04417E-2 1.40975E-2 1.72348E-2 1.26154E-2 1.44071E-2 2.1296E-2 2.1815E-2 1.38315E-2 1.44766E-2 2.35646E-2 2.47141E-2 1.69144E-2 1.43294E-2 8.579E-3 6.88925E-3 6.97141E-3 7.22738E-3 5.86255E-3 4.22537E-3 4.38608E-3 5.27275E-3 6.40289E-3 8.33877E-3 6.40018E-3 6.38793E-3 8.66074E-3 1.14296E-2 8.7046E-3 6.71937E-3 6.27748E-3 6.13187E-3 6.54147E-3 1.00402E-2 5.01908E-3 5.93204E-3 4.0356E-3 3.48129E-3 5.37047E-3 5.21677E-3 5.56181E-3 7.42626E-3 5.53017E-4 1.58916E-3 5.68048E-3 3.61942E-3 3.3861E-3 2.84946E-3 5.67252E-4 1.28187E-3 1.81478E-3 1.7252E-3 1.42368E-3 1.1685E-3
1.69304E-2 1.56398E-2 1.35191E-2 7.95294E-3 7.59071E-3 8.46273E-3 1.08099E-2 1.11922E-2 1.3104E-2 1.79501E-2 2.00733E-2 1.75061E-2 2.39281E-2 2.27841E-2 1.68321E-2 2.29958E-2 2.80361E-2 3.55988E-2 1.88403E-2 1.03135E-2 1.12847E-2 1.25337E-2 7.12846E-3 7.02357E-3 7.45653E-3 5.8708E-3 4.84305E-3 4.7335E-3 3.67537E-3 4.22327E-3 6.33965E-3 5.49622E-3 8.55267E-3 8.66796E-3 7.72745E-3 6.9367E-3 8.41657E-3 8.91782E-3 8.28634E-3 1.34237E-2 5.27697E-3 3.71879E-3 8.67159E-3 8.35983E-3 4.08702E-3 6.62826E-3 5.42249E-3 2.53507E-3 7.20218E-3 6.97407E-3 5.31602E-3 2.0589E-3 1.78841E-3 5.68944E-3 2.08534E-3 1.01297E-3 2.03982E-3 2.05434E-3 2.88911E-3 2.75818E-3 1.94229E-3
2.08392E-2 1.72359E-2 1.38773E-2 1.3361E-2 1.33938E-2 1.071E-2 8.8935E-3 1.36894E-2 1.08295E-2 1.62766E-2 1.9317E-2 2.02339E-2 1.5969E-2 1.99769E-2 2.61978E-2 2.50188E-2 2.7948E-2 1.28485E-2 1.05929E-2 7.79818E-3 1.10089E-2 1.64217E-2 9.83953E-3 2.11326E-2 1.149E-2 1.25405E-2 8.88236E-3 5.92652E-3 4.3366E-3 5.24566E-3 5.23879E-3 5.00116E-3 4.80813E-3 8.94511E-3 1.10671E-2 6.4134E-3 5.11784E-3 1.09557E-2 1.02605E-2 1.18627E-2 7.46296E-3 5.55874E-3 3.22611E-3 4.41333E-3 2.35624E-3 1.11756E-3 2.23938E-3 2.83922E-3 3.00349E-3 2.0949E-3 2.34961E-3 7.71056E-4 1.98438E-3 3.15052E-3 1.82659E-3 1.2745E-3 2.04122E-3 3.25532E-3 2.49196E-3 1.88626E-3 1.76233E-3
2.08476E-2 2.07418E-2 1.66722E-2 1.25682E-2 1.80113E-2 1.85651E-2 1.93507E-2 2.38045E-2 1.96806E-2 1.44081E-2 1.20182E-2 1.76699E-2 2.21663E-2 2.62466E-2 3.03496E-2 3.65226E-2 3.36344E-2 1.83701E-2 1.18895E-2 1.15004E-2 2.76524E-2 2.11179E-2 2.61385E-2 1.44523E-2 1.57075E-2 9.43625E-3 7.72451E-3 7.42665E-3 8.14246E-3 6.36917E-3 4.0268E-3 5.49907E-3 1.00991E-2 8.84323E-3 7.06459E-3 6.01726E-3 8.67066E-3 1.27356E-2 1.01598E-2 9.75833E-3 5.95099E-3 6.25588E-3 4.59464E-3 2.74461E-3 9.87921E-4 6.08821E-4 1.0523E-3 4.433E-4 8.49875E-4 2.55933E-3 3.77155E-3 2.82447E-3 3.23672E-3 2.85036E-3 2.70311E-3 2.64028E-3 1.8469E-3 1.30262E-3 1.51983E-3 1.71178E-3 1.67019E-3
2.20599E-2 2.1199E-2 2.35774E-2 1.81645E-2 2.45898E-2 2.038E-2 1.89452E-2 2.5072E-2 3.79871E-2 1.41034E-2 1.73662E-2 2.32345E-2 3.41499E-2 3.85764E-2 3.88674E-2 1.6259E-2 3.1426E-2 2.09835E-2 2.45233E-2 1.57576E-2 2.29311E-2 2.85384E-2 1.65259E-2 1.45048E-2 1.69579E-2 1.12284E-2 1.32932E-2 2.03798E-2 1.74725E-2 1.92063E-2 1.6221E-2 1.02904E-2 1.06975E-2 7.5504E-3 7.64808E-3 5.60076E-3 1.39136E-2 7.40817E-3 8.82248E-3 9.2164E-3 1.00346E-2 3.67451E-3 2.87019E-3 2.55696E-3 1.86113E-3 6.96481E-4 1.75225E-3 3.89494E-3 4.78357E-3 8.87199E-3 1.03661E-2 6.04843E-3 4.6061E-3 3.58494E-3 2.86386E-3 3.15408E-3 2.99387E-3 2.21183E-3 1.49642E-3 1.72625E-3 2.41437E-3
3.12583E-2 2.46373E-2 4.02038E-2 3.05415E-2 1.94868E-2 1.82844E-2 1.53065E-2 3.2786E-2 4.32469E-2 2.30877E-2 2.17677E-2 3.41439E-2 3.18525E-2 5.53934E-2 1.48476E-2 2.54376E-2 1.79857E-2 3.42833E-2 1.97011E-2 1.68119E-2 4.16839E-2 4.86046E-2 1.44139E-2 1.19095E-2 9.50018E-3 1.0714E-2 1.45996E-2 1.24789E-2 9.50707E-3 1.92801E-2 1.1797E-2 1.83021E-2 1.38726E-2 6.86145E-3 8.69729E-3 1.01543E-2 1.0806E-2 1.48482E-2 7.68653E-3 5.75536E-3 9.92707E-3 5.35344E-3 4.81436E-3 2.30385E-3 2.72475E-3 1.41745E-3 4.75942E-3 5.56189E-3 4.41599E-3 2.26449E-3 6.04277E-3 3.48437E-3 3.90942E-3 3.29818E-3 2.93743E-3 2.64761E-3 2.99234E-3 2.87553E-3 2.43128E-3 2.89445E-3 3.13716E-3
2.46414E-2 2.60386E-2 2.25636E-2 3.98882E-2 2.00098E-2 3.51304E-2 1.98235E-2 2.16094E-2 5.59832E-2 4.18988E-2 3.98209E-2 5.14937E-2 3.42893E-2 4.41369E-2 1.53613E-2 2.84726E-2 2.06826E-2 2.78395E-2 2.51915E-2 3.07591E-2 4.77455E-2 1.71486E-2 1.79042E-2 1.16959E-2 5.62608E-3 9.74231E-3 1.73009E-2 2.41379E-2 2.87584E-2 2.41488E-2 1.36731E-2 1.36664E-2 7.64816E-3 7.68853E-3 1.50717E-2 1.36493E-2 1.82897E-2 7.18685E-3 5.92005E-3 8.11769E-3 4.30373E-3 5.12181E-3 4.56777E-3 4.69387E-3 6.68584E-3 6.27611E-3 7.57612E-3 9.51294E-3 2.95013E-3 1.52007E-3 3.7264E-3 3.78539E-3 3.16057E-3 3.21053E-3 3.43858E-3 3.10461E-3 2.73511E-3 3.09069E-3 2.79274E-3 3.073E-3 2.98531E-3
3.92893E-2 4.49652E-2 2.77715E-2 3.60075E-2 2.81693E-2 3.86484E-2 2.91212E-2 2.63936E-2 4.66623E-2 6.38618E-2 5.25975E-2 4.9768E-2 2.36403E-2 3.82507E-2 1.09378E-2 5.23147E-2 2.88857E-2 2.98951E-2 2.26444E-2 4.25036E-2 3.63345E-2 1.94105E-2 1.48793E-2 7.31235E-3 1.9505E-2 1.76952E-2 2.15801E-2 2.30505E-2 4.06789E-2 1.96141E-2 1.16718E-2 1.62474E-2 1.36022E-2 2.25341E-2 1.75979E-2 2.58408E-2 2.68593E-2 1.54335E-2 7.90339E-3 9.51966E-3 4.62569E-3 4.97818E-3 5.9084E-3 6.8437E-3 4.4904E-3 7.54333E-3 3.26299E-3 2.24448E-3 4.71963E-4 3.96629E-3 3.76849E-3 3.18483E-3 3.32217E-3 3.08433E-3 2.96089E-3 3.257E-3 3.11806E-3 3.43858E-3 3.67787E-3 3.24662E-3 2.98677E-3
3.47405E-2 4.65255E-2 3.93617E-2 3.71367E-2 3.15201E-2 5.19268E-2 4.03075E-2 3.0337E-2 5.65557E-2 5.4224E-2 4.42643E-2 3.01962E-2 3.48594E-2 2.57997E-2 5.16813E-2 3.60936E-2 3.07292E-2 1.94299E-2 4.50568E-2 6.59036E-2 7.11962E-2 1.27283E-2 2.51889E-2 2.1082E-2 4.51967E-2 2.41222E-2 3.51375E-2 3.53283E-2 3.8852E-2 2.03258E-2 4.78825E-2 3.22618E-2 1.34234E-2 3.43695E-2 2.0863E-2 1.30734E-2 9.59207E-3 1.48855E-2 8.16325E-3 6.14012E-3 5.15933E-3 5.45429E-3 7.12914E-3 3.02235E-3 1.8895E-3 1.93208E-3 1.46172E-3 6.55922E-4 3.26917E-3 3.13258E-3 3.07437E-3 3.42665E-3 3.33855E-3 3.29572E-3 3.77313E-3 3.71987E-3 3.90747E-3 4.202E-3 3.57303E-3 3.3301E-3 2.97341E-3
5.97904E-2 4.91453E-2 5.04644E-2 3.46317E-2 5.17923E-2 4.85018E-2 4.74049E-2 5.33866E-2 6.90108E-2 3.35439E-2 4.09353E-2 2.77931E-2 3.37837E-2 3.57626E-2 4.4432E-2 2.64251E-2 3.84654E-2 4.14644E-2 5.00558E-2 4.93479E-2 4.44122E-2 4.38081E-2 3.12696E-2 7.08323E-2 3.33325E-2 2.44622E-2 2.56035E-2 2.93213E-2 3.38623E-2 2.46276E-2 4.0899E-2 1.56322E-2 2.89979E-2 1.75875E-2 2.16731E-2 8.98946E-3 9.83629E-3 7.07767E-3 1.05728E-2 6.11751E-3 4.99324E-3 3.56751E-3 3.19573E-3 3.50691E-3 3.34711E-3 5.21389E-3 2.84968E-3 2.13165E-3 2.72631E-3 3.11915E-3 3.25251E-3 3.4783E-3 3.48093E-3 4.02312E-3 4.49946E-3 4.03495E-3 4.5506E-3 4.36158E-3 3.67484E-3 3.14929E-3 3.38012E-3
4.0837E-2 5.23179E-2 5.58421E-2 3.96926E-2 4.75537E-2 5.95637E-2 5.8405E-2 3.72503E-2 3.33226E-2 3.50612E-2 4.51388E-2 2.87938E-2 3.14721E-2 4.25066E-2 3.59253E-2 4.17764E-2 5.55646E-2 8.18578E-2 5.03031E-2 2.24346E-2 4.62965E-2 3.12906E-2 5.93864E-2 1.42545E-2 1.4009E-2 3.00639E-2 3.20085E-2 4.47832E-2 2.30472E-2 2.70368E-2 2.81529E-2 2.75524E-2 4.24289E-2 1.06524E-2 2.16637E-2 8.61935E-3 1.4747E-2 8.7952E-3 7.70416E-3 5.9716E-3 3.59435E-3 2.1856E-3 8.2985E-4 8.37804E-4 1.20311E-3 1.93536E-3 4.63766E-3 3.14738E-3 2.9852E-3 3.73236E-3 3.30294E-3 3.24333E-3 3.39058E-3 3.4687E-3 4.00891E-3 3.6889E-3 4.10779E-3 3.86495E-3 3.20584E-3 3.22175E-3 3.45858E-3
4.18015E-2 3.84276E-2 4.40849E-2 7.23819E-2 5.35511E-2 2.56858E-2 4.19514E-2 2.95864E-2 3.86088E-2 4.67654E-2 3.51677E-2 4.70057E-2 2.8017E-2 5.20405E-2 3.21258E-2 5.36082E-2 4.70473E-2 5.59576E-2 2.55482E-2 3.68316E-2 7.58023E-2 4.41245E-2 3.51589E-2 6.93255E-2 6.26525E-2 2.40386E-2 3.36298E-2 4.4867E-2 2.37074E-2 3.0326E-2 2.66489E-2 4.01672E-2 3.56818E-2 2.13922E-2 2.60746E-2 1.87833E-2 1.60641E-2 4.93213E-3 3.31853E-3 1.45E-3 1.94638E-3 1.05613E-3 2.83366E-3 4.65719E-4 3.77465E-4 3.67092E-3 4.25374E-3 3.68035E-3 3.03741E-3 3.08638E-3 2.98836E-3 2.86497E-3 2.9587E-3 3.31477E-3 3.31416E-3 3.4866E-3 3.26922E-3 3.38915E-3 4.09474E-3 4.07032E-3 2.87883E-3
2.89918E-2 2.91505E-2 4.60977E-2 3.11873E-2 2.00878E-2 3.00566E-2 2.89132E-2 2.48044E-2 3.57033E-2 2.94924E-2 4.81052E-2 3.60338E-2 3.46731E-2 5.06669E-2 3.69511E-2 5.78372E-2 5.66959E-2 3.78945E-2 3.09234E-2 5.08073E-2 5.77226E-2 5.3083E-2 6.40833E-2 2.00754E-2 4.51597E-2 2.30309E-2 5.23468E-2 2.5115E-2 3.82298E-2 4.18323E-2 2.62487E-2 4.069E-2 4.97926E-2 2.06436E-2 1.69715E-2 1.9E-2 1.2603E-2 4.51034E-3 6.19222E-3 4.74597E-3 1.49454E-3 3.54718E-3 4.09132E-3 3.22691E-3 3.29493E-3 4.61886E-3 4.56371E-3 3.87526E-3 3.33092E-3 3.18812E-3 3.44491E-3 3.54691E-3 3.75883E-3 3.72674E-3 3.68382E-3 3.27242E-3 3.34615E-3 3.00859E-3 2.38501E-3 1.34484E-3 8.92906E-4
2.46381E-2 4.58824E-2 3.19007E-2 2.33237E-2 2.44319E-2 3.53977E-2 2.28142E-2 3.24829E-2 3.63338E-2 4.33401E-2 5.47825E-2 2.88261E-2 7.11132E-2 3.6231E-2 6.10806E-2 7.91013E-2 4.35718E-2 2.71262E-2 5.61136E-2 5.12697E-2 4.08728E-2 8.79167E-2 2.04324E-2 4.30345E-2 2.60928E-2 3.08134E-2 4.80558E-2 2.26703E-2 4.49705E-2 6.27751E-2 2.25513E-2 4.7149E-2 2.68466E-2 1.95959E-2 1.6049E-2 1.46338E-2 1.15067E-2 3.17316E-3 6.68921E-3 4.79038E-3 7.33239E-3 4.42923E-3 4.27926E-3 3.39572E-3 5.69264E-3 4.04558E-3 3.3379E-3 3.66313E-3 3.0701E-3 3.08533E-3 3.41392E-3 3.5364E-3 3.66618E-3 3.8347E-3 3.17596E-3 3.13111E-3 2.34609E-3 2.21184E-3 8.51984E-4 8.24478E-4 7.58947E-4
3.7245E-2 3.29489E-2 3.45998E-2 3.86574E-2 3.35849E-2 3.19636E-2 3.43185E-2 4.69879E-2 4.92579E-2 5.92291E-2 4.96289E-2 5.94051E-2 6.70616E-2 3.32321E-2 6.13267E-2 5.77866E-2 3.18264E-2 4.67657E-2 4.44948E-2 2.97365E-2 6.83349E-2 1.24232E-2 4.63223E-2 2.44691E-2 1.94707E-2 4.90833E-2 3.72248E-2 2.2676E-2 3.39502E-2 4.93046E-2 2.9145E-2 3.18922E-2 1.95824E-2 2.49588E-2 1.33157E-2 1.262E-2 7.23434E-3 1.37466E-2 1.20403E-2 6.551E-3 5.20797E-3 6.37384E-3 4.27E-3 5.88888E-3 4.14107E-3 3.45664E-3 3.46858E-3 3.37838E-3 3.08681E-3 3.00705E-3 3.33942E-3 3.46162E-3 3.4508E-3 2.90881E-3 2.44424E-3 2.00355E-3 2.17959E-3 1.64651E-3 1.17876E-3 9.28321E-4 9.69728E-4
4.40452E-2 4.08058E-2 5.55281E-2 4.0803E-2 3.72328E-2 4.50126E-2 5.03105E-2 4.96339E-2 5.25746E-2 7.10267E-2 6.59716E-2 9.42616E-2 3.27335E-2 5.21509E-2 7.5931E-2 4.4732E-2 3.9909E-2 3.74488E-2 3.74757E-2 4.54041E-2 5.7357E-2 6.21589E-2 3.73333E-2 2.06391E-2 2.35912E-2 4.90721E-2 2.32532E-2 2.73465E-2 2.91013E-2 3.38306E-2 2.45574E-2 2.42171E-2 4.31886E-2 1.6036E-2 1.35606E-2 1.52249E-2 8.0699E-3 1.5335E-2 1.1993E-2 6.8309E-3 7.40644E-3 5.56599E-3 4.69228E-3 4.60838E-3 4.0671E-3 3.58068E-3 3.35234E-3 3.3802E-3 3.03377E-3 3.58138E-3 4.05595E-3 3.6843E-3 2.99231E-3 2.29741E-3 2.17914E-3 2.12864E-3 1.68658E-3 1.67869E-3 1.26966E-3 1.52215E-3 1.86602E-3
4.85058E-2 4.77811E-2 4.65358E-2 4.6694E-2 4.27841E-2 5.21675E-2 4.52362E-2 5.34471E-2 5.72037E-2 7.49806E-2 1.06108E-1 4.91365E-2 2.74929E-2 5.59478E-2 5.47711E-2 3.25749E-2 4.52722E-2 4.86993E-2 3.51416E-2 7.14094E-2 5.0164E-2 5.36653E-2 2.86811E-2 2.21938E-2 2.44819E-2 3.8445E-2 2.58224E-2 2.73234E-2 3.35002E-2 2.15398E-2 3.0671E-2 4.17988E-2 3.37783E-2 9.05556E-3 1.48925E-2 1.25375E-2 8.05213E-3 1.23474E-2 7.04655E-3 7.92157E-3 5.3355E-3 4.5662E-3 4.6727E-3 4.12557E-3 4.52054E-3 3.9901E-3 3.17459E-3 3.03844E-3 2.98341E-3 2.83155E-3 2.61458E-3 2.714E-3 2.66077E-3 2.36411E-3 2.14627E-3 2.03555E-3 1.6662E-3 2.02657E-3 2.01149E-3 2.0588E-3 2.27106E-3
5.04251E-2 4.453E-2 4.46851E-2 4.61942E-2 5.98558E-2 4.7257E-2 4.55071E-2 4.97258E-2 8.08189E-2 7.34678E-2 6.53689E-2 4.64576E-2 2.69233E-2 3.38764E-2 4.54386E-2 4.35847E-2 4.1171E-2 3.61189E-2 4.05464E-2 4.12409E-2 3.29839E-2 6.14969E-2 2.69864E-2 2.23579E-2 4.19285E-2 2.75372E-2 2.65689E-2 3.02005E-2 2.80829E-2 3.49562E-2 3.09551E-2 3.71707E-2 2.17414E-2 7.48361E-3 1.57244E-2 1.71061E-2 8.60657E-3 7.42136E-3 7.65826E-3 9.4371E-3 5.8196E-3 4.41244E-3 4.27621E-3 7.64743E-3 5.03873E-3 3.52128E-3 3.01805E-3 3.184E-3 2.96664E-3 2.89492E-3 2.75698E-3 2.61951E-3 2.47547E-3 2.27936E-3 2.33953E-3 1.9348E-3 1.81824E-3 1.91542E-3 2.01394E-3 2.6489E-3 2.48516E-3
4.72627E-2 4.56629E-2 4.43163E-2 5.03233E-2 6.37895E-2 4.27095E-2 4.27401E-2 6.28516E-2 7.17018E-2 7.91564E-2 2.94449E-2 3.10999E-2 3.45832E-2 5.72115E-2 5.07047E-2 3.93063E-2 3.07725E-2 4.66661E-2 3.63999E-2 4.14752E-2 6.4132E-2 5.64095E-2 2.59494E-2 2.38464E-2 2.76865E-2 2.86781E-2 2.76067E-2 4.54751E-2 3.48876E-2 2.93069E-2 2.05741E-2 2.96969E-2 1.51614E-2 8.39499E-3 1.65086E-2 1.62433E-2 1.05365E-2 5.62069E-3 8.25746E-3 5.85403E-3 4.55381E-3 4.26383E-3 6.2379E-3 5.66231E-3 3.66382E-3 3.24983E-3 2.90614E-3 3.14289E-3 3.30895E-3 3.54093E-3 3.31059E-3 3.41577E-3 3.26893E-3 2.8747E-3 3.18957E-3 2.85199E-3 2.61293E-3 2.62181E-3 2.59394E-3 3.20203E-3 3.5131E-3
