Artocarpus hirsutus SDM files/MIS19/results (without bias file)/Arthir_1.asc
ncols         625
nrows         721
xllcorner     69.99986311115
yllcorner     5.99986187915
cellsize      0.041666667
NODATA_value  -9999
[rows 594 to 620 of 721, columns 122 to 182 of 625]
-9999 -9999 -9999 -9999 -9999 -9999 -9999 -9999 -9999 -9999 -9999 -9999 -9999 -9999 -9999 -9999 9.39785E-1 9.38281E-1 9.09343E-1 8.42147E-1 8.25446E-1 8.08708E-1 9.36086E-1 7.96155E-1 9.43129E-1 5.21467E-1 1.01334E-1 1.34368E-1 1.98937E-1 2.853E-1 2.89251E-1 6.15713E-1 5.13441E-1 3.06823E-1 1.08274E-1 1.43273E-2 2.22546E-3 2.80424E-3 5.84117E-3 2.97019E-3 2.28978E-3 4.29253E-3 3.15925E-3 5.41632E-3 5.22161E-3 5.52725E-3 7.41484E-3 9.08519E-3 7.20029E-3 6.54315E-3 6.79111E-3 6.30981E-3 7.591E-3 7.29526E-3 6.80885E-3 6.83259E-3 7.2775E-3 7.59327E-3 6.72463E-3 6.609E-3 6.11086E-3
-9999 -9999 -9999 -9999 -9999 -9999 -9999 -9999 -9999 -9999 -9999 -9999 -9999 -9999 -9999 -9999 9.2734E-1 9.17029E-1 8.89717E-1 8.88036E-1 9.03754E-1 8.91364E-1 7.93242E-1 7.98788E-1 7.05125E-1 4.87125E-1 2.14193E-1 2.63533E-1 2.59016E-1 3.37679E-1 5.65703E-1 8.12986E-1 5.58007E-1 1.29828E-1 7.3473E-2 1.23359E-2 2.06124E-3 1.56178E-3 2.15614E-3 4.15485E-3 4.76551E-3 3.31734E-3 3.50576E-3 6.22193E-3 4.50143E-3 4.47684E-3 5.65863E-3 6.26777E-3 5.5159E-3 6.16802E-3 6.849E-3 7.06535E-3 7.68469E-3 7.36946E-3 7.31668E-3 6.75379E-3 7.15691E-3 7.0848E-3 8.26917E-3 7.24061E-3 6.21058E-3
-9999 -9999 -9999 -9999 -9999 -9999 -9999 -9999 -9999 -9999 -9999 -9999 -9999 -9999 -9999 -9999 9.03416E-1 9.02879E-1 8.97039E-1 9.2987E-1 9.20306E-1 8.31958E-1 5.47651E-1 6.83549E-1 7.26734E-1 5.51261E-1 4.82244E-1 4.68571E-1 3.779E-1 4.12107E-1 7.90844E-1 8.42804E-1 6.19452E-1 8.88305E-2 4.2174E-2 1.00087E-2 7.26034E-3 4.14934E-3 3.33986E-3 5.98367E-3 4.3607E-3 3.0981E-3 5.03347E-3 5.24375E-3 3.75307E-3 4.6174E-3 4.69626E-3 5.13731E-3 5.36615E-3 5.43061E-3 5.46041E-3 5.91623E-3 6.06875E-3 6.73611E-3 6.61335E-3 6.46601E-3 6.27309E-3 6.52358E-3 7.03365E-3 7.36477E-3 6.64849E-3
-9999 -9999 -9999 -9999 -9999 -9999 -9999 -9999 -9999 -9999 -9999 -9999 -9999 -9999 -9999 -9999 -9999 9.026E-1 9.1226E-1 9.09906E-1 8.93658E-1 8.38094E-1 6.2221E-1 7.80262E-1 6.42114E-1 7.49943E-1 4.20584E-1 3.91892E-1 4.53237E-1 3.40051E-1 5.73877E-1 8.30421E-1 7.13582E-1 1.43678E-1 1.9538E-2 9.63737E-3 5.32256E-3 5.60318E-3 7.21628E-3 1.12175E-2 7.18104E-3 4.42071E-3 6.29695E-3 2.13495E-3 2.88022E-3 3.97507E-3 4.59964E-3 4.75927E-3 4.86997E-3 4.81958E-3 4.59897E-3 4.92108E-3 5.46413E-3 5.26084E-3 5.58882E-3 5.98524E-3 6.35128E-3 5.83661E-3 5.88999E-3 6.85977E-3 6.86428E-3
-9999 -9999 -9999 -9999 -9999 -9999 -9999 -9999 -9999 -9999 -9999 -9999 -9999 -9999 -9999 -9999 -9999 8.80742E-1 9.0386E-1 8.91688E-1 9.02295E-1 9.05207E-1 7.96759E-1 4.96216E-1 4.41185E-1 5.45665E-1 3.84521E-1 4.40816E-1 4.19321E-1 5.28031E-1 7.77595E-1 8.2178E-1 6.17314E-1 2.31363E-1 1.79267E-2 1.2395E-2 9.26915E-3 7.78698E-3 1.57404E-2 7.72999E-3 1.06196E-2 8.7631E-3 6.00032E-3 3.16862E-3 2.77243E-3 3.44465E-3 3.69386E-3 4.13114E-3 4.35502E-3 4.52342E-3 4.21984E-3 4.1595E-3 4.31187E-3 4.07069E-3 4.33955E-3 4.12128E-3 4.13106E-3 4.45303E-3 4.70902E-3 4.52563E-3 4.96002E-3
-9999 -9999 -9999 -9999 -9999 -9999 -9999 -9999 -9999 -9999 -9999 -9999 -9999 -9999 -9999 -9999 -9999 -9999 8.79399E-1 8.71998E-1 8.77203E-1 9.02113E-1 7.4356E-1 4.47861E-1 3.77906E-1 7.74638E-1 7.27529E-1 2.84354E-1 2.98673E-1 3.92235E-1 5.47144E-1 7.51803E-1 4.78929E-1 2.45782E-1 3.32929E-2 3.76365E-2 2.98023E-2 1.45024E-2 3.0868E-2 7.92724E-3 9.30401E-3 3.27722E-3 2.2164E-3 2.83826E-3 3.39375E-3 3.89928E-3 3.66781E-3 4.05478E-3 3.88679E-3 3.89085E-3 3.58078E-3 3.50516E-3 3.40294E-3 3.17107E-3 3.42715E-3 3.52944E-3 3.50525E-3 3.4711E-3 3.6736E-3 3.91059E-3 3.93169E-3
-9999 -9999 -9999 -9999 -9999 -9999 -9999 -9999 -9999 -9999 -9999 -9999 -9999 -9999 -9999 -9999 -9999 -9999 8.68138E-1 8.3936E-1 8.72123E-1 8.45109E-1 8.34668E-1 7.70542E-1 7.26556E-1 7.18852E-1 7.3926E-1 3.45625E-1 3.81825E-1 2.47064E-1 3.01447E-1 4.10046E-1 1.1494E-1 1.03578E-1 1.52225E-1 2.28634E-1 9.17291E-2 5.60961E-2 4.17334E-2 7.98488E-3 7.63283E-3 7.03735E-3 4.13889E-3 3.84628E-3 4.36166E-3 4.06528E-3 3.96254E-3 3.53033E-3 3.55297E-3 3.53354E-3 3.51839E-3 3.09508E-3 3.01943E-3 3.1796E-3 3.40939E-3 3.55895E-3 3.33168E-3 3.653E-3 4.095E-3 4.32167E-3 4.30513E-3
-9999 -9999 -9999 -9999 -9999 -9999 -9999 -9999 -9999 -9999 -9999 -9999 -9999 -9999 -9999 -9999 -9999 -9999 8.71257E-1 8.71272E-1 8.74959E-1 8.609E-1 7.92055E-1 8.08592E-1 7.50788E-1 5.93148E-1 5.07633E-1 7.02236E-1 8.52878E-1 2.28569E-1 1.85409E-1 1.81653E-1 1.38048E-1 1.55264E-1 1.41524E-1 2.02233E-1 2.01608E-1 6.41337E-2 2.05476E-2 5.46437E-3 6.48755E-3 5.77088E-3 5.16095E-3 4.71859E-3 4.39279E-3 3.94609E-3 3.71277E-3 3.70644E-3 3.61665E-3 3.36698E-3 3.48223E-3 3.02593E-3 2.74931E-3 3.04762E-3 3.55003E-3 3.60653E-3 4.25126E-3 4.35711E-3 5.00179E-3 5.1101E-3 5.25826E-3
-9999 -9999 -9999 -9999 -9999 -9999 -9999 -9999 -9999 -9999 -9999 -9999 -9999 -9999 -9999 -9999 -9999 -9999 -9999 8.44004E-1 8.72602E-1 8.87359E-1 8.59128E-1 6.85264E-1 6.65265E-1 4.61714E-1 6.86402E-1 4.40197E-1 5.51296E-1 3.52381E-1 2.58926E-1 2.33166E-1 2.17221E-1 1.58433E-1 1.96009E-1 2.85335E-1 2.98365E-1 4.19616E-2 7.30758E-3 4.8666E-3 5.76903E-3 5.55866E-3 3.77616E-3 3.28741E-3 3.13493E-3 4.61604E-3 5.13699E-3 4.83082E-3 4.09091E-3 3.63714E-3 3.82037E-3 3.64786E-3 3.19565E-3 3.40407E-3 3.10199E-3 3.30744E-3 3.7081E-3 3.93602E-3 4.15075E-3 4.58272E-3 5.22813E-3
-9999 -9999 -9999 -9999 -9999 -9999 -9999 -9999 -9999 -9999 -9999 -9999 -9999 -9999 -9999 -9999 -9999 -9999 -9999 5.22998E-1 7.92317E-1 8.27365E-1 8.77942E-1 5.68748E-1 4.93972E-1 4.5862E-1 5.64184E-1 6.53598E-1 6.74945E-1 4.58068E-1 5.38004E-1 5.01981E-1 2.13538E-1 1.77684E-1 1.52717E-1 3.32807E-1 2.84247E-1 3.63398E-2 6.34049E-2 1.99202E-2 8.46849E-3 7.52082E-3 5.41686E-3 6.53527E-3 7.4619E-3 7.7822E-3 7.27292E-3 6.19516E-3 5.36307E-3 4.83761E-3 4.35651E-3 4.29931E-3 3.8014E-3 3.7043E-3 3.48049E-3 3.33448E-3 3.2596E-3 3.6591E-3 3.80727E-3 4.25876E-3 4.87117E-3
-9999 -9999 -9999 -9999 -9999 -9999 -9999 -9999 -9999 -9999 -9999 -9999 -9999 -9999 -9999 -9999 -9999 -9999 -9999 5.31182E-1 7.64664E-1 7.29644E-1 8.02373E-1 7.02134E-1 6.36152E-1 7.7956E-1 8.02696E-1 6.64146E-1 7.25409E-1 6.87929E-1 6.34304E-1 4.54343E-1 2.41583E-1 1.94087E-1 2.15764E-1 1.32699E-1 1.14467E-1 6.13332E-2 2.6976E-2 5.21934E-2 3.09057E-2 8.25188E-3 8.78428E-3 9.9556E-3 1.15183E-2 1.00426E-2 7.77938E-3 5.64589E-3 4.86864E-3 4.44205E-3 3.70531E-3 4.02359E-3 3.51936E-3 3.56816E-3 3.78833E-3 4.00297E-3 3.78862E-3 3.60844E-3 3.37416E-3 3.41725E-3 3.78491E-3
-9999 -9999 -9999 -9999 -9999 -9999 -9999 -9999 -9999 -9999 -9999 -9999 -9999 -9999 -9999 -9999 -9999 -9999 -9999 7.79987E-1 7.67009E-1 7.4423E-1 8.30604E-1 8.16026E-1 6.61761E-1 7.49873E-1 7.51363E-1 6.91871E-1 6.6853E-1 7.28394E-1 5.3795E-1 3.14648E-1 1.82856E-1 2.36217E-1 1.82219E-1 1.07185E-1 6.82166E-2 5.91717E-2 4.41094E-2 5.01379E-2 2.72358E-2 1.95898E-2 1.81127E-2 1.70637E-2 1.34406E-2 1.15774E-2 7.90518E-3 6.1122E-3 6.10861E-3 4.63392E-3 3.20094E-3 3.18274E-3 3.53845E-3 3.3587E-3 3.12174E-3 3.82547E-3 3.77872E-3 3.69767E-3 3.43144E-3 3.22407E-3 3.3732E-3
-9999 -9999 -9999 -9999 -9999 -9999 -9999 -9999 -9999 -9999 -9999 -9999 -9999 -9999 -9999 -9999 -9999 -9999 -9999 7.72229E-1 7.95487E-1 7.34984E-1 8.3369E-1 8.37557E-1 7.41573E-1 7.82886E-1 6.59953E-1 7.29932E-1 7.30894E-1 6.77462E-1 3.62167E-1 3.65758E-1 3.69023E-1 2.41361E-1 1.91232E-1 1.63748E-1 1.09588E-1 8.22861E-2 6.09815E-2 4.66756E-2 3.41869E-2 2.88118E-2 2.32242E-2 1.80234E-2 1.49507E-2 1.18039E-2 8.71361E-3 7.40856E-3 6.15321E-3 4.52783E-3 3.51906E-3 3.13518E-3 2.86345E-3 3.18463E-3 2.91885E-3 2.84127E-3 2.90854E-3 2.90862E-3 3.01525E-3 3.12052E-3 5.15625E-3
-9999 -9999 -9999 -9999 -9999 -9999 -9999 -9999 -9999 -9999 -9999 -9999 -9999 -9999 -9999 -9999 -9999 -9999 -9999 -9999 8.33862E-1 7.54159E-1 7.81308E-1 7.85243E-1 8.65609E-1 8.89727E-1 7.69175E-1 8.11559E-1 6.45949E-1 6.11908E-1 7.64894E-1 3.52358E-1 4.30071E-1 3.62803E-1 1.9018E-1 1.69081E-1 1.27178E-1 1.05976E-1 7.37901E-2 5.72955E-2 4.27567E-2 3.52805E-2 2.49046E-2 1.93842E-2 1.56705E-2 1.23609E-2 1.0446E-2 9.24021E-3 6.67507E-3 3.77859E-3 3.19729E-3 2.7178E-3 2.76412E-3 2.62764E-3 2.63314E-3 2.51336E-3 2.55376E-3 2.43493E-3 2.74515E-3 3.05377E-3 5.15406E-3
-9999 -9999 -9999 -9999 -9999 -9999 -9999 -9999 -9999 -9999 -9999 -9999 -9999 -9999 -9999 -9999 -9999 -9999 -9999 -9999 8.34037E-1 8.10716E-1 7.64101E-1 8.68046E-1 8.82354E-1 8.30972E-1 8.27001E-1 8.16103E-1 8.55632E-1 5.37671E-1 5.55268E-1 5.7593E-1 2.40798E-1 3.94802E-1 3.56599E-1 1.99243E-1 1.37027E-1 1.29829E-1 1.07005E-1 7.31786E-2 6.15516E-2 4.84339E-2 3.53142E-2 2.44898E-2 1.75385E-2 1.52588E-2 1.20603E-2 1.00624E-2 7.20612E-3 4.30681E-3 3.24251E-3 2.71232E-3 3.48821E-3 3.47049E-3 2.79E-3 2.71374E-3 2.57479E-3 2.61032E-3 3.07376E-3 3.11372E-3 4.94794E-3
-9999 -9999 -9999 -9999 -9999 -9999 -9999 -9999 -9999 -9999 -9999 -9999 -9999 -9999 -9999 -9999 -9999 -9999 -9999 -9999 -9999 8.49693E-1 8.34394E-1 8.53609E-1 7.77475E-1 8.67008E-1 8.72172E-1 9.1217E-1 8.64677E-1 8.89189E-1 5.864E-1 3.47041E-1 1.89199E-1 2.64669E-1 3.3234E-1 2.16604E-1 2.37309E-1 1.96192E-1 1.36232E-1 1.21597E-1 9.2474E-2 6.99189E-2 4.64648E-2 2.91913E-2 2.20956E-2 1.93116E-2 1.55345E-2 1.23652E-2 9.68869E-3 5.72559E-3 3.53475E-3 3.46081E-3 4.0814E-3 3.60349E-3 3.46983E-3 3.57457E-3 3.06467E-3 2.98296E-3 3.4923E-3 3.23955E-3 5.06311E-3
-9999 -9999 -9999 -9999 -9999 -9999 -9999 -9999 -9999 -9999 -9999 -9999 -9999 -9999 -9999 -9999 -9999 -9999 -9999 -9999 -9999 8.60187E-1 8.80698E-1 8.57636E-1 7.99936E-1 8.35201E-1 8.06738E-1 9.54013E-1 8.18235E-1 9.59026E-1 7.82742E-1 2.90575E-1 1.87192E-1 2.03985E-1 3.8225E-1 2.91881E-1 2.73343E-1 1.76993E-1 1.57041E-1 1.46931E-1 1.06946E-1 8.96266E-2 6.50505E-2 3.51554E-2 1.91704E-2 1.72862E-2 1.71175E-2 1.48848E-2 1.12448E-2 7.28333E-3 4.49119E-3 3.6015E-3 3.89232E-3 3.19694E-3 3.00423E-3 3.10533E-3 2.90881E-3 2.95393E-3 3.62325E-3 3.09159E-3 5.32411E-3
-9999 -9999 -9999 -9999 -9999 -9999 -9999 -9999 -9999 -9999 -9999 -9999 -9999 -9999 -9999 -9999 -9999 -9999 -9999 -9999 -9999 -9999 8.83595E-1 8.76206E-1 7.8541E-1 8.33789E-1 8.02891E-1 9.16142E-1 9.26515E-1 8.86254E-1 7.39725E-1 6.8447E-1 3.74871E-1 1.90118E-1 3.36628E-1 5.00677E-1 3.4255E-1 5.89609E-1 3.63366E-1 2.56604E-1 3.87841E-2 2.25451E-2 2.26914E-2 1.5534E-2 1.30956E-2 1.71608E-2 1.61229E-2 1.6387E-2 1.38236E-2 1.03109E-2 5.80548E-3 4.47998E-3 4.2242E-3 3.47544E-3 3.42166E-3 4.07186E-3 3.3169E-3 3.46396E-3 3.97413E-3 5.73148E-3 5.27866E-3
-9999 -9999 -9999 -9999 -9999 -9999 -9999 -9999 -9999 -9999 -9999 -9999 -9999 -9999 -9999 -9999 -9999 -9999 -9999 -9999 -9999 -9999 8.85391E-1 8.84979E-1 8.16747E-1 8.35152E-1 8.89497E-1 9.05295E-1 9.34841E-1 9.53565E-1 9.60497E-1 9.20503E-1 8.55906E-1 6.38036E-1 2.68547E-1 3.95733E-1 8.72406E-1 8.46024E-1 6.42506E-1 2.97735E-1 2.86085E-2 1.52299E-2 1.06873E-2 1.12116E-2 1.21336E-2 1.96789E-2 2.04443E-2 9.61246E-3 9.65343E-3 8.97476E-3 5.99253E-3 4.37815E-3 3.69208E-3 3.6074E-3 3.88788E-3 4.65025E-3 3.66412E-3 3.81101E-3 4.88588E-3 6.72554E-3 5.84316E-3
-9999 -9999 -9999 -9999 -9999 -9999 -9999 -9999 -9999 -9999 -9999 -9999 -9999 -9999 -9999 -9999 -9999 -9999 -9999 -9999 -9999 -9999 -9999 8.99975E-1 8.695E-1 8.30958E-1 8.98378E-1 9.18532E-1 9.14205E-1 9.78134E-1 9.75597E-1 9.71007E-1 7.88243E-1 7.13759E-1 4.03853E-1 7.8367E-1 9.4219E-1 6.19642E-1 1.1798E-1 5.39445E-2 8.70359E-2 1.63157E-1 2.56591E-2 2.17062E-2 9.73844E-3 1.69602E-2 2.90126E-2 7.10641E-3 7.10565E-3 4.64718E-3 3.66968E-3 3.30134E-3 3.52305E-3 3.74431E-3 4.0703E-3 4.6565E-3 3.77666E-3 3.98288E-3 4.83838E-3 7.19683E-3 5.88649E-3
-9999 -9999 -9999 -9999 -9999 -9999 -9999 -9999 -9999 -9999 -9999 -9999 -9999 -9999 -9999 -9999 -9999 -9999 -9999 -9999 -9999 -9999 -9999 9.17231E-1 9.15526E-1 8.57356E-1 8.7685E-1 9.16991E-1 9.01084E-1 9.61714E-1 9.25249E-1 9.61168E-1 9.0833E-1 7.32161E-1 9.80674E-1 9.22929E-1 9.22117E-1 6.31259E-1 9.0727E-2 6.22922E-2 1.60332E-1 3.19414E-1 3.68018E-1 2.40292E-1 3.25406E-2 9.9658E-3 9.46015E-3 9.41926E-3 8.0948E-3 2.71882E-3 2.9502E-3 2.25965E-3 3.84005E-3 4.40676E-3 3.77552E-3 3.83408E-3 3.59468E-3 4.18353E-3 4.73309E-3 7.19387E-3 5.92425E-3
-9999 -9999 -9999 -9999 -9999 -9999 -9999 -9999 -9999 -9999 -9999 -9999 -9999 -9999 -9999 -9999 -9999 -9999 -9999 -9999 -9999 -9999 -9999 -9999 9.28286E-1 8.90598E-1 8.66198E-1 8.66731E-1 9.09716E-1 9.29969E-1 9.55278E-1 9.73551E-1 9.81906E-1 9.87541E-1 9.83939E-1 9.50439E-1 8.69462E-1 5.16451E-1 2.97688E-1 2.3177E-1 3.10747E-1 3.1371E-1 4.10332E-1 4.45878E-1 3.54158E-1 8.52149E-2 1.1924E-2 1.36386E-2 1.50093E-2 3.8911E-3 1.95465E-3 2.49443E-3 4.86721E-3 4.32206E-3 2.11272E-3 2.031E-3 2.21326E-3 3.45113E-3 3.16759E-3 6.13754E-3 6.63184E-3
-9999 -9999 -9999 -9999 -9999 -9999 -9999 -9999 -9999 -9999 -9999 -9999 -9999 -9999 -9999 -9999 -9999 -9999 -9999 -9999 -9999 -9999 -9999 -9999 9.32153E-1 9.07129E-1 9.08777E-1 8.9029E-1 9.33943E-1 9.44279E-1 9.62737E-1 8.7264E-1 9.75358E-1 9.77049E-1 9.92768E-1 9.73857E-1 8.22671E-1 7.39176E-1 7.63513E-1 5.96515E-1 1.60105E-1 1.66443E-1 9.4341E-2 3.47573E-1 4.10861E-1 3.35211E-1 1.31871E-1 3.01583E-2 1.46087E-2 2.9409E-3 2.24369E-3 4.75446E-3 8.13589E-3 7.2743E-3 2.07297E-3 1.33284E-3 8.51463E-4 1.57917E-3 4.87009E-3 2.86075E-3 3.7746E-3
-9999 -9999 -9999 -9999 -9999 -9999 -9999 -9999 -9999 -9999 -9999 -9999 -9999 -9999 -9999 -9999 -9999 -9999 -9999 -9999 -9999 -9999 -9999 -9999 9.31784E-1 9.2885E-1 9.0449E-1 9.37294E-1 9.40618E-1 8.94672E-1 9.05229E-1 9.5811E-1 9.87046E-1 9.88846E-1 9.56648E-1 9.45744E-1 9.74604E-1 9.66166E-1 9.42956E-1 9.01149E-1 7.71861E-1 6.87496E-1 4.23672E-1 4.4096E-1 3.88265E-1 3.92635E-1 2.49079E-1 1.31626E-1 1.49355E-2 2.96361E-3 2.15508E-3 5.69748E-3 1.10848E-2 6.49396E-3 3.51291E-3 4.41109E-3 1.93678E-3 2.95483E-3 4.3433E-3 5.79581E-3 4.0066E-3
-9999 -9999 -9999 -9999 -9999 -9999 -9999 -9999 -9999 -9999 -9999 -9999 -9999 -9999 -9999 -9999 -9999 -9999 -9999 -9999 -9999 -9999 -9999 -9999 -9999 9.38696E-1 9.0654E-1 9.21384E-1 9.09316E-1 8.81479E-1 9.51389E-1 9.72694E-1 9.8599E-1 9.73495E-1 9.46926E-1 9.52656E-1 9.83158E-1 9.30649E-1 9.11386E-1 9.05907E-1 8.12528E-1 5.41084E-1 5.97959E-1 6.78139E-1 3.47021E-1 3.60277E-1 3.29679E-1 1.7824E-1 1.9118E-2 2.56416E-3 6.72477E-3 4.05087E-3 5.2532E-3 1.19977E-2 6.74642E-3 1.69473E-3 4.81465E-3 3.02244E-3 2.92962E-3 7.34807E-3 1.00901E-2
-9999 -9999 -9999 -9999 -9999 -9999 -9999 -9999 -9999 -9999 -9999 -9999 -9999 -9999 -9999 -9999 -9999 -9999 -9999 -9999 -9999 -9999 -9999 -9999 -9999 9.48943E-1 9.23927E-1 8.83776E-1 9.32327E-1 8.88737E-1 9.61796E-1 9.34385E-1 9.64521E-1 9.69578E-1 9.30028E-1 8.66163E-1 9.57205E-1 6.52141E-1 3.22135E-1 5.0301E-1 5.96284E-1 6.56911E-1 7.58722E-1 5.1961E-1 3.14396E-1 5.1523E-1 3.90901E-1 7.45871E-2 9.47884E-3 3.63E-3 1.3369E-2 6.34152E-3 9.3587E-3 1.38913E-2 1.49175E-2 6.24201E-3 4.46131E-2 2.93388E-2 4.27315E-3 9.03294E-3 1.28383E-2
-9999 -9999 -9999 -9999 -9999 -9999 -9999 -9999 -9999 -9999 -9999 -9999 -9999 -9999 -9999 -9999 -9999 -9999 -9999 -9999 -9999 -9999 -9999 -9999 -9999 9.31089E-1 9.32626E-1 9.11149E-1 8.94282E-1 8.95581E-1 9.21886E-1 9.26431E-1 9.13381E-1 9.45567E-1 9.38855E-1 9.43215E-1 9.62534E-1 9.05319E-1 7.12094E-1 6.27419E-1 8.29786E-1 5.30691E-1 8.2138E-1 8.11545E-1 6.58734E-1 5.05229E-1 2.54714E-1 7.74881E-2 9.24669E-3 2.10052E-2 9.8738E-3 1.10498E-2 1.44061E-2 8.67367E-3 1.68726E-2 6.97274E-2 5.75324E-3 1.11132E-2 1.28606E-2 1.9823E-2 1.43263E-2
