Artocarpus hirsutus SDM files/MIS19/results (without bias file)/Arthir_8.asc
ncols         625
nrows         721
xllcorner     69.99986311115
yllcorner     5.99986187915
cellsize      0.041666667
NODATA_value  -9999
[rows 108 to 134 of 721, columns 61 to 121 of 625]
1.164E-4 1.25098E-4 1.22042E-4 1.35386E-4 1.48636E-4 1.46353E-4 1.55846E-4 1.99444E-4 1.90142E-4 2.02009E-4 2.03171E-4 2.10223E-4 2.24451E-4 2.12214E-4 2.37817E-4 2.52949E-4 2.88198E-4 3.00685E-4 3.52416E-4 3.61056E-4 3.679E-4 4.0332E-5 3.68795E-5 3.54896E-5 3.89388E-5 1.76991E-5 4.51698E-5 4.40235E-5 4.5632E-5 4.86911E-5 4.77423E-5 5.26395E-5 5.57245E-5 6.13993E-5 6.50893E-5 7.34297E-5 8.27915E-5 8.48725E-5 9.06727E-5 8.66227E-5 9.85242E-5 1.09937E-4 1.23022E-4 1.3659E-4 1.46811E-4 1.43897E-4 1.42519E-4 1.52332E-4 1.62624E-4 1.89533E-4 2.01365E-4 2.27836E-4 2.39921E-4 2.56398E-4 2.5775E-4 2.51865E-4 3.04107E-4 8.32971E-4 8.83156E-4 8.44364E-4 8.3187E-4
1.17535E-4 1.15092E-4 1.09862E-4 1.17009E-4 1.2952E-4 1.23133E-4 1.37078E-4 1.59878E-4 1.59295E-4 1.70873E-4 1.80241E-4 1.7616E-4 1.66508E-4 1.97167E-4 2.09464E-4 2.30443E-4 2.34991E-4 2.28555E-4 2.84698E-4 1.37682E-4 1.41006E-4 3.55654E-5 3.50919E-5 1.65341E-5 3.56956E-5 1.6681E-5 1.6495E-5 1.78004E-5 4.24056E-5 4.74256E-5 4.67791E-5 4.8941E-5 5.28342E-5 5.57245E-5 6.27076E-5 5.90782E-5 6.95153E-5 7.79318E-5 7.53987E-5 7.45542E-5 9.54115E-5 1.06696E-4 1.01287E-4 1.09356E-4 1.18018E-4 1.35961E-4 1.34662E-4 1.38088E-4 1.46021E-4 1.67612E-4 1.83576E-4 1.96196E-4 2.08907E-4 2.21616E-4 2.18169E-4 2.31261E-4 2.46285E-4 2.59715E-4 7.0706E-4 7.24667E-4 7.41284E-4
9.88961E-5 1.11228E-4 1.08882E-4 1.06324E-4 1.10252E-4 1.20607E-4 1.39962E-4 1.35188E-4 1.46703E-4 1.54605E-4 1.63648E-4 1.59948E-4 1.80228E-4 2.05747E-4 1.98218E-4 2.24601E-4 9.80029E-5 1.04078E-4 2.39858E-4 2.76875E-4 1.36477E-5 1.33486E-5 1.41326E-5 1.54764E-5 1.57095E-5 1.47819E-5 1.53111E-5 1.62533E-5 1.79986E-5 1.77136E-5 4.2542E-5 4.00001E-5 4.79461E-5 4.80334E-5 5.13601E-5 5.68035E-5 5.85197E-5 6.18795E-5 6.78579E-5 7.37333E-5 7.94125E-5 8.63829E-5 9.7009E-5 9.13784E-5 1.03908E-4 1.12882E-4 1.20601E-4 1.30523E-4 1.54974E-4 1.42256E-4 1.50814E-4 1.60592E-4 1.76024E-4 1.92569E-4 2.01535E-4 2.02201E-4 2.19344E-4 2.40222E-4 2.27115E-4 2.40377E-4 6.52199E-4
7.95629E-5 8.36205E-5 9.02909E-5 9.2916E-5 9.34063E-5 1.12269E-4 1.10113E-4 1.07244E-4 1.14546E-4 1.22418E-4 1.40785E-4 1.37562E-4 1.60367E-4 1.73258E-4 1.69459E-4 1.85494E-4 1.85522E-4 2.03232E-4 1.02569E-4 1.09468E-4 2.71162E-5 1.20057E-5 1.26299E-5 1.26002E-5 1.31093E-5 1.35385E-5 1.37147E-5 1.5696E-5 1.52479E-5 1.68682E-5 1.79587E-5 4.34499E-5 4.61907E-5 4.55417E-5 4.85681E-5 2.31222E-5 5.47971E-5 5.80272E-5 6.83661E-5 7.22289E-5 7.33357E-5 7.84022E-5 8.35077E-5 7.90853E-5 9.45542E-5 1.00703E-4 1.11841E-4 1.20249E-4 1.27116E-4 1.37218E-4 1.38529E-4 1.45782E-4 1.44325E-4 1.47668E-4 1.74755E-4 1.95596E-4 1.85467E-4 2.13688E-4 2.13058E-4 2.22023E-4 2.2412E-4
7.79263E-5 8.03394E-5 8.008E-5 8.61976E-5 9.18259E-5 9.63607E-5 9.63224E-5 1.0343E-4 1.05814E-4 1.07792E-4 1.14526E-4 1.28616E-4 1.32971E-4 1.30507E-4 1.46309E-4 7.41984E-5 7.33827E-5 1.71744E-4 1.99493E-4 9.59931E-5 1.15182E-5 1.11472E-5 1.22745E-5 1.20935E-5 1.2382E-5 1.28823E-5 1.26415E-5 1.51536E-5 1.48043E-5 1.38086E-5 1.5952E-5 1.69503E-5 1.81256E-5 1.81477E-5 4.51305E-5 4.6951E-5 2.09714E-5 5.28521E-5 5.93774E-5 6.28526E-5 6.9796E-5 7.37977E-5 8.02752E-5 7.64709E-5 8.0972E-5 8.64593E-5 9.11712E-5 9.61654E-5 1.1667E-4 1.23788E-4 1.18207E-4 1.20461E-4 1.31006E-4 1.38172E-4 1.42406E-4 1.58442E-4 1.69369E-4 1.77554E-4 2.03927E-4 2.21205E-4 2.2412E-4
7.59333E-5 7.49476E-5 7.83094E-5 7.24414E-5 8.58844E-5 8.47793E-5 8.0672E-5 9.09803E-5 1.00704E-4 9.5938E-5 1.03301E-4 1.18699E-4 1.27786E-4 1.34943E-4 1.33519E-4 1.50234E-4 7.00107E-5 7.63496E-5 7.58657E-5 9.35653E-5 1.02495E-5 9.96037E-6 1.05667E-5 1.18403E-5 1.21831E-5 1.16536E-5 1.22407E-5 1.33289E-5 1.39459E-5 1.49691E-5 1.40717E-5 1.52097E-5 1.70129E-5 1.60677E-5 1.84383E-5 4.46336E-5 4.90059E-5 5.47919E-5 4.99624E-5 5.32218E-5 5.62756E-5 6.29599E-5 6.82355E-5 7.1959E-5 8.24618E-5 7.76875E-5 8.41849E-5 8.92617E-5 9.54131E-5 1.05625E-4 1.13182E-4 1.11224E-4 1.18735E-4 1.3382E-4 1.32468E-4 1.39707E-4 1.54306E-4 1.74653E-4 1.67415E-4 1.81555E-4 2.04829E-4
5.67975E-5 6.13467E-5 6.14618E-5 7.44075E-5 7.60058E-5 8.20625E-5 8.03748E-5 7.97029E-5 8.35705E-5 9.47377E-5 1.0156E-4 1.01852E-4 1.07969E-4 1.20173E-4 1.29071E-4 1.22568E-4 6.74323E-5 6.871E-5 7.33464E-5 7.39935E-5 9.86075E-6 9.88712E-6 1.03173E-5 9.94933E-6 1.01998E-5 1.10667E-5 1.07003E-5 1.13115E-5 1.26144E-5 1.31628E-5 1.3833E-5 1.40717E-5 1.54202E-5 1.69329E-5 1.938E-5 1.9491E-5 1.9613E-5 2.1167E-5 4.89347E-5 4.79347E-5 5.07408E-5 5.45281E-5 6.13064E-5 6.61979E-5 6.93959E-5 7.75209E-5 7.96301E-5 8.14541E-5 8.54778E-5 9.08597E-5 1.00745E-4 1.08751E-4 1.1017E-4 1.17955E-4 1.27314E-4 1.34314E-4 1.44069E-4 1.42789E-4 1.50118E-4 1.64047E-4 1.89282E-4
5.55083E-5 6.13467E-5 5.97792E-5 5.87569E-5 5.79875E-5 6.44458E-5 6.58992E-5 7.26974E-5 7.70762E-5 8.1017E-5 8.48887E-5 8.39838E-5 9.19247E-5 1.03624E-4 5.39848E-5 5.43743E-5 5.87431E-5 5.8361E-5 6.50309E-5 7.24873E-5 8.12127E-6 8.46654E-6 8.76789E-6 9.56981E-6 9.91268E-6 9.55622E-6 1.03227E-5 1.09291E-5 1.15533E-5 1.19993E-5 1.31497E-5 1.38702E-5 1.47672E-5 1.54141E-5 1.65928E-5 2.00137E-5 1.89723E-5 1.99955E-5 1.9263E-5 4.71265E-5 4.53824E-5 5.1895E-5 6.04952E-5 5.96914E-5 5.96605E-5 6.87478E-5 7.30635E-5 7.08227E-5 8.16616E-5 7.92182E-5 8.55187E-5 9.07354E-5 1.0892E-4 1.03488E-4 1.11048E-4 1.15654E-4 1.25938E-4 1.40352E-4 1.57345E-4 1.46482E-4 1.52531E-4
5.06919E-5 5.05028E-5 5.1253E-5 6.1585E-5 5.91739E-5 6.07786E-5 6.01141E-5 6.72084E-5 6.5091E-5 6.93159E-5 7.12178E-5 7.18369E-5 3.90348E-5 4.15328E-5 4.75434E-5 5.34609E-5 5.50994E-5 5.54733E-5 5.97037E-5 7.61822E-6 7.86798E-6 7.45362E-6 7.709E-6 8.39597E-6 8.84168E-6 9.41619E-6 9.83293E-6 9.70419E-6 1.01237E-5 1.0509E-5 1.27799E-5 1.25702E-5 1.42247E-5 1.44428E-5 1.40547E-5 1.47045E-5 1.66492E-5 1.77643E-5 1.89108E-5 2.0062E-5 4.15869E-5 4.44638E-5 2.44127E-5 5.86898E-5 5.64507E-5 5.84059E-5 6.26686E-5 6.19383E-5 7.01529E-5 7.68638E-5 7.91324E-5 7.33818E-5 7.84622E-5 8.64879E-5 8.84535E-5 9.93611E-5 9.87755E-5 1.30717E-4 1.19436E-4 1.21803E-4 1.35887E-4
4.93488E-5 4.96465E-5 4.98459E-5 4.77044E-5 4.94403E-5 4.97643E-5 5.89475E-5 5.76656E-5 6.90267E-5 6.86575E-5 7.14516E-5 6.9843E-5 3.97375E-5 4.28472E-5 4.53519E-5 4.27274E-5 5.32639E-5 5.52689E-5 6.04979E-5 6.07924E-5 6.63222E-6 7.14436E-6 7.5366E-6 7.90314E-6 8.54409E-6 8.16785E-6 8.498E-6 8.23398E-6 9.8026E-6 9.40254E-6 9.99157E-6 1.14165E-5 1.18133E-5 1.18798E-5 1.33251E-5 1.4134E-5 1.51138E-5 1.63764E-5 1.783E-5 1.91718E-5 2.0772E-5 4.05295E-5 4.35087E-5 4.89048E-5 5.26946E-5 5.56504E-5 5.86218E-5 7.09097E-5 6.9637E-5 7.22786E-5 7.74561E-5 6.39602E-5 6.88155E-5 7.60487E-5 7.66696E-5 8.50647E-5 9.14744E-5 8.88563E-5 1.04643E-4 1.2107E-4 1.42517E-4
4.3727E-5 4.39063E-5 4.29729E-5 4.05672E-5 3.94692E-5 4.28813E-5 5.18015E-5 5.69005E-5 5.38353E-5 5.50476E-5 6.84046E-5 6.84124E-5 3.73127E-5 3.84845E-5 3.98732E-5 4.29261E-5 4.32106E-5 4.86959E-5 5.38943E-5 5.3235E-5 6.56399E-6 6.27505E-6 6.73469E-6 6.9761E-6 6.69645E-6 8.07792E-6 8.37347E-6 7.92762E-6 8.68241E-6 9.33339E-6 9.84516E-6 1.03466E-5 1.11754E-5 1.20213E-5 1.22561E-5 1.37877E-5 1.35123E-5 1.43575E-5 1.63241E-5 1.72681E-5 1.87789E-5 2.00047E-5 3.94242E-5 4.03247E-5 4.31742E-5 4.59878E-5 5.02654E-5 5.91896E-5 6.11868E-5 5.72846E-5 6.01149E-5 6.46593E-5 7.38621E-5 7.36516E-5 7.82793E-5 8.03479E-5 8.94713E-5 9.82418E-5 1.00977E-4 1.10642E-4 1.19834E-4
3.6354E-5 3.87271E-5 4.13089E-5 3.88246E-5 4.11145E-5 3.79377E-5 3.91108E-5 4.70553E-5 4.57625E-5 5.01141E-5 5.61187E-5 6.10824E-5 3.03369E-5 3.51879E-5 3.97263E-5 4.2204E-5 4.24845E-5 4.32568E-5 4.2937E-5 5.06026E-5 5.90897E-6 6.05344E-6 6.61786E-6 6.95548E-6 6.67178E-6 6.9862E-6 7.43249E-6 7.86932E-6 8.23398E-6 8.44724E-6 8.71757E-6 9.31807E-6 9.82888E-6 1.06841E-5 1.13156E-5 1.10865E-5 1.3384E-5 1.32031E-5 1.34212E-5 1.48906E-5 1.49345E-5 1.8449E-5 3.03531E-5 2.05156E-5 3.98199E-5 4.26521E-5 4.54312E-5 5.49599E-5 5.29443E-5 5.78214E-5 5.72191E-5 6.71455E-5 7.08281E-5 7.03677E-5 8.04928E-5 8.65639E-5 8.38094E-5 9.07892E-5 1.03861E-4 1.05467E-4 1.16927E-4
3.19347E-5 2.96985E-5 3.56752E-5 3.86816E-5 4.15155E-5 3.98539E-5 3.84488E-5 3.78861E-5 4.36413E-5 2.48954E-5 2.43227E-5 3.04179E-5 2.97154E-5 3.25444E-5 3.29483E-5 3.73605E-5 3.96864E-5 3.77218E-5 4.00691E-5 5.22651E-6 5.77253E-6 5.9484E-6 5.83231E-6 6.30589E-6 5.96393E-6 6.72121E-6 6.39766E-6 6.98284E-6 7.33352E-6 7.62992E-6 7.39958E-6 8.27064E-6 9.68486E-6 9.39396E-6 1.03632E-5 9.73404E-6 1.12399E-5 1.16386E-5 1.27341E-5 1.32383E-5 1.44887E-5 1.76304E-5 1.84442E-5 1.97935E-5 2.1241E-5 4.06672E-5 4.1561E-5 4.68419E-5 5.00768E-5 5.83402E-5 5.30042E-5 5.66589E-5 6.8065E-5 7.35037E-5 7.82441E-5 7.84747E-5 8.0871E-5 8.52478E-5 8.44401E-5 1.04147E-4 1.07261E-4
3.1613E-5 3.00037E-5 3.09587E-5 2.99349E-5 3.59763E-5 3.41212E-5 3.3748E-5 3.67504E-5 2.04135E-5 2.17407E-5 2.39119E-5 2.3544E-5 2.6255E-5 2.92553E-5 2.88986E-5 3.31434E-5 3.31733E-5 3.53796E-5 3.8592E-5 3.82412E-5 4.92999E-6 4.95316E-6 5.55439E-6 5.33016E-6 5.73213E-6 6.04684E-6 5.67927E-6 6.77157E-6 7.15343E-6 6.98337E-6 7.42102E-6 6.77903E-6 7.72285E-6 9.25631E-6 8.49353E-6 7.9137E-6 9.41605E-6 1.11047E-5 1.20471E-5 1.29006E-5 1.38456E-5 1.6778E-5 1.78606E-5 1.70752E-5 1.89162E-5 2.19108E-5 2.33393E-5 4.22419E-5 4.57805E-5 5.09731E-5 5.02126E-5 5.45508E-5 5.88921E-5 6.33419E-5 6.46538E-5 7.38034E-5 7.91706E-5 8.20571E-5 8.95738E-5 9.20693E-5 9.72143E-5
2.6476E-5 2.61033E-5 2.64563E-5 2.69613E-5 3.07488E-5 2.98988E-5 2.88279E-5 3.3942E-5 1.98749E-5 2.12485E-5 2.27129E-5 2.2183E-5 2.2481E-5 2.36942E-5 2.55123E-5 2.61292E-5 3.15755E-5 3.49134E-5 3.75828E-5 3.74608E-5 4.4681E-6 4.83138E-6 4.96784E-6 4.85001E-6 5.4043E-6 5.93628E-6 5.63339E-6 5.98663E-6 6.56205E-6 6.31177E-6 7.21217E-6 6.75899E-6 7.09819E-6 6.61361E-6 7.26463E-6 7.6346E-6 9.13825E-6 9.71434E-6 1.03881E-5 1.24221E-5 1.33579E-5 1.47373E-5 1.6094E-5 1.70063E-5 1.73746E-5 1.92981E-5 2.23429E-5 3.95642E-5 4.21418E-5 4.79232E-5 4.94934E-5 5.25008E-5 5.64714E-5 6.05159E-5 6.24588E-5 6.86998E-5 7.09416E-5 8.08547E-5 7.43598E-5 7.9309E-5 9.45305E-5
2.62381E-5 2.48875E-5 2.60072E-5 2.33375E-5 2.75926E-5 2.906E-5 2.8011E-5 1.62982E-5 1.81043E-5 1.8129E-5 1.894E-5 1.94804E-5 2.09784E-5 2.33807E-5 2.27004E-5 2.33989E-5 2.68329E-5 3.01373E-5 3.19429E-5 3.22552E-5 4.43524E-6 4.56387E-6 4.93491E-6 4.63155E-6 4.86795E-6 5.36386E-6 5.55614E-6 5.42254E-6 5.66263E-6 6.20238E-6 5.82354E-6 6.77168E-6 6.20529E-6 6.97351E-6 7.55372E-6 8.43813E-6 9.24703E-6 8.56257E-6 9.92174E-6 1.10636E-5 1.17291E-5 1.26349E-5 1.48367E-5 1.62869E-5 1.74061E-5 1.78101E-5 2.01283E-5 2.15506E-5 4.09611E-5 2.497E-5 4.00865E-5 4.45593E-5 4.59094E-5 5.02418E-5 5.87538E-5 5.64008E-5 6.08791E-5 6.6361E-5 7.17539E-5 7.78591E-5 8.32252E-5
2.5015E-5 2.41379E-5 2.55655E-5 2.29414E-5 2.35658E-5 2.80223E-5 2.75363E-5 1.62382E-5 1.61301E-5 1.66286E-5 1.70136E-5 1.7934E-5 1.94264E-5 1.86065E-5 2.01173E-5 2.11241E-5 2.38693E-5 2.56033E-5 2.8418E-5 3.05909E-5 3.28532E-5 4.41891E-6 4.21201E-6 4.61449E-6 4.78346E-6 4.66513E-6 4.29439E-6 5.3482E-6 5.27606E-6 4.71887E-6 4.78443E-6 5.27548E-6 5.47935E-6 6.20529E-6 6.74652E-6 7.13561E-6 8.00049E-6 8.2912E-6 8.82929E-6 1.02737E-5 1.13158E-5 1.21898E-5 1.24269E-5 1.38792E-5 1.7051E-5 1.73106E-5 1.88324E-5 1.9825E-5 3.50201E-5 3.59536E-5 2.47113E-5 4.20692E-5 4.29908E-5 4.60714E-5 5.07904E-5 6.13785E-5 5.81667E-5 6.42711E-5 6.31772E-5 6.58157E-5 7.96977E-5
2.17009E-5 2.4049E-5 2.30747E-5 2.41129E-5 2.47105E-5 2.45764E-5 1.36972E-5 1.50415E-5 1.44889E-5 1.51379E-5 1.45001E-5 1.61647E-5 1.68252E-5 1.66071E-5 1.75416E-5 2.09371E-5 2.06939E-5 2.32958E-5 2.79402E-5 2.79376E-5 3.02266E-5 4.10843E-6 4.20894E-6 4.06648E-6 4.44185E-6 4.27123E-6 4.31026E-6 4.0556E-6 4.23114E-6 4.48557E-6 5.23726E-6 5.10809E-6 6.0453E-6 6.0694E-6 5.83849E-6 6.37116E-6 6.72042E-6 7.04671E-6 8.58554E-6 9.01782E-6 9.67187E-6 1.13616E-5 1.05657E-5 1.35753E-5 1.45583E-5 1.69238E-5 1.71244E-5 1.91623E-5 2.06458E-5 3.49464E-5 2.30342E-5 3.87177E-5 4.37923E-5 4.45047E-5 4.70351E-5 5.01787E-5 5.40665E-5 5.89375E-5 5.61499E-5 7.12407E-5 7.11167E-5
1.78411E-5 2.00044E-5 1.92926E-5 1.99346E-5 2.28965E-5 2.19478E-5 1.20809E-5 1.31736E-5 1.52443E-5 1.35935E-5 1.50822E-5 1.48381E-5 1.51607E-5 1.62666E-5 1.7145E-5 1.67286E-5 2.03453E-5 2.03403E-5 2.27955E-5 2.28639E-5 2.78013E-5 3.32871E-6 3.46339E-6 3.29511E-6 3.83105E-6 3.72298E-6 3.67446E-6 3.84451E-6 3.99998E-6 4.34983E-6 5.16051E-6 4.94599E-6 5.37757E-6 5.44205E-6 5.67422E-6 5.91515E-6 6.48338E-6 6.94346E-6 7.35101E-6 7.91929E-6 8.37109E-6 9.94123E-6 1.02312E-5 1.11321E-5 1.36259E-5 1.43709E-5 1.66441E-5 1.78612E-5 1.91318E-5 2.15332E-5 1.96658E-5 2.38466E-5 2.5889E-5 4.37856E-5 4.43294E-5 4.54029E-5 5.196E-5 5.07574E-5 5.45429E-5 6.31016E-5 6.79541E-5
1.5823E-5 1.65365E-5 1.79049E-5 1.76321E-5 1.70501E-5 9.68405E-6 1.16129E-5 1.11425E-5 1.23142E-5 1.27135E-5 1.36438E-5 1.34192E-5 1.40934E-5 1.43199E-5 1.52402E-5 1.65697E-5 1.63665E-5 1.86327E-5 2.00891E-5 2.0412E-5 2.16824E-5 2.09305E-5 2.64662E-6 3.17869E-6 3.0211E-6 3.82745E-6 4.13862E-6 3.77779E-6 3.67004E-6 4.28609E-6 4.10668E-6 4.66242E-6 5.02956E-6 5.56887E-6 5.55844E-6 5.37569E-6 5.68269E-6 6.73363E-6 7.14434E-6 6.70681E-6 8.11E-6 8.66802E-6 1.04694E-5 1.08196E-5 1.25357E-5 1.33444E-5 1.46572E-5 1.74245E-5 1.72675E-5 1.99974E-5 1.92565E-5 2.07155E-5 2.10703E-5 2.2498E-5 3.62294E-5 4.9459E-5 5.14488E-5 4.9981E-5 4.68237E-5 5.55248E-5 5.68581E-5
1.6495E-5 1.59786E-5 1.62802E-5 1.68723E-5 1.66987E-5 9.80446E-6 1.02281E-5 1.07446E-5 1.04897E-5 1.24521E-5 1.22479E-5 1.3017E-5 1.2695E-5 1.42672E-5 1.40953E-5 1.49773E-5 1.50997E-5 1.67933E-5 2.02527E-5 1.94718E-5 2.06082E-5 1.98939E-5 2.61748E-6 3.08909E-6 3.23487E-6 3.51819E-6 3.61808E-6 3.46618E-6 3.56666E-6 3.73483E-6 4.0465E-6 4.17914E-6 4.07356E-6 4.57189E-6 5.01162E-6 5.24376E-6 5.50795E-6 5.80992E-6 5.59635E-6 6.42925E-6 7.51351E-6 8.03053E-6 9.03527E-6 9.98229E-6 1.08212E-5 1.31975E-5 1.4022E-5 1.4375E-5 1.54549E-5 1.67505E-5 1.79465E-5 1.91231E-5 2.03299E-5 2.35412E-5 2.6291E-5 2.50668E-5 4.14673E-5 4.69366E-5 5.09402E-5 4.81102E-5 5.5802E-5
1.4882E-5 1.56374E-5 1.49402E-5 1.65008E-5 8.75227E-6 8.68543E-6 8.54482E-6 9.64462E-6 1.00779E-5 1.13041E-5 1.11566E-5 1.15874E-5 1.15855E-5 1.26919E-5 1.40953E-5 1.3848E-5 1.47905E-5 1.50269E-5 1.42592E-5 1.69804E-5 1.81711E-5 1.81407E-5 2.30108E-6 2.67362E-6 2.92514E-6 2.78389E-6 3.02995E-6 3.39595E-6 3.5144E-6 3.69371E-6 3.46131E-6 3.76677E-6 3.91906E-6 4.08563E-6 4.70429E-6 4.679E-6 4.95386E-6 5.1983E-6 5.53474E-6 5.60019E-6 6.7316E-6 7.25188E-6 8.40176E-6 9.01733E-6 1.05953E-5 1.13088E-5 1.2086E-5 1.39203E-5 1.44553E-5 1.42937E-5 1.67243E-5 1.85799E-5 1.92768E-5 2.06829E-5 2.21972E-5 2.10779E-5 4.10107E-5 2.46534E-5 4.27038E-5 4.56402E-5 4.71901E-5
1.41866E-5 1.38639E-5 1.44894E-5 1.40269E-5 8.37497E-6 1.54438E-5 9.37222E-6 9.64462E-6 9.35815E-6 9.00384E-6 1.09676E-5 1.06938E-5 1.15179E-5 1.14693E-5 1.15188E-5 1.23114E-5 1.4911E-5 1.30692E-5 1.36011E-5 1.45892E-5 1.62556E-5 1.89083E-5 1.87234E-5 2.47049E-6 2.5165E-6 2.39912E-6 2.79419E-6 3.34619E-6 3.21655E-6 3.32202E-6 3.41059E-6 3.73907E-6 3.89024E-6 3.69499E-6 3.88339E-6 3.96701E-6 4.12024E-6 4.88967E-6 5.42289E-6 6.22548E-6 6.34238E-6 6.87623E-6 7.8001E-6 8.37166E-6 8.6136E-6 1.05381E-5 1.28287E-5 1.35799E-5 1.48496E-5 1.52282E-5 1.61958E-5 1.79929E-5 1.96801E-5 1.94879E-5 2.20593E-5 2.22263E-5 2.1149E-5 2.29228E-5 3.71233E-5 4.04683E-5 4.5256E-5
1.47885E-5 1.32161E-5 1.38128E-5 8.23073E-6 8.37497E-6 8.354E-6 8.1825E-6 7.80508E-6 8.64616E-6 8.97067E-6 8.96759E-6 1.00576E-5 9.74858E-6 1.04606E-5 1.1116E-5 1.07865E-5 1.07689E-5 1.24475E-5 1.23256E-5 1.45354E-5 1.52605E-5 1.59513E-5 1.68072E-5 2.12756E-6 2.29265E-6 2.37271E-6 2.44153E-6 2.87693E-6 2.79883E-6 3.25236E-6 3.3782E-6 3.24677E-6 3.79468E-6 3.95598E-6 3.81609E-6 3.55258E-6 4.07488E-6 4.28248E-6 5.10093E-6 5.38821E-6 6.19008E-6 6.59177E-6 7.14646E-6 8.10655E-6 8.73258E-6 9.00197E-6 1.07622E-5 1.31022E-5 1.22884E-5 1.41374E-5 1.53159E-5 1.77152E-5 1.76742E-5 1.66536E-5 1.81855E-5 1.94393E-5 2.08316E-5 1.9504E-5 2.07304E-5 3.68688E-5 3.70677E-5
1.38322E-5 1.36278E-5 7.40675E-6 7.23109E-6 1.09955E-5 7.30863E-6 7.03491E-6 8.16304E-6 8.76206E-6 8.97067E-6 8.28884E-6 7.54917E-6 7.99361E-6 8.44475E-6 9.33172E-6 1.03711E-5 1.09312E-5 1.07293E-5 1.19579E-5 1.29987E-5 1.26962E-5 1.42086E-5 1.52946E-5 1.90519E-6 1.99514E-6 2.31434E-6 2.42358E-6 2.31149E-6 2.70252E-6 2.98225E-6 3.03557E-6 3.19045E-6 3.06538E-6 3.18393E-6 3.77407E-6 3.97726E-6 3.66269E-6 4.2667E-6 4.42271E-6 4.66514E-6 5.36878E-6 6.45728E-6 7.0158E-6 8.01729E-6 8.60462E-6 8.78162E-6 1.04762E-5 1.13505E-5 1.13406E-5 1.38941E-5 1.35204E-5 1.56335E-5 1.6818E-5 1.66281E-5 1.77098E-5 1.89654E-5 2.01235E-5 2.18594E-5 1.87306E-5 1.96395E-5 3.64045E-5
1.26913E-5 1.15827E-5 1.12516E-5 1.10258E-5 1.22051E-5 1.18916E-5 6.79423E-6 8.02445E-6 8.0254E-6 8.58211E-6 8.0362E-6 8.14846E-6 8.00241E-6 7.42298E-6 8.39293E-6 1.00608E-5 9.79578E-6 1.06897E-5 1.187E-5 1.15772E-5 1.14642E-5 1.24054E-5 1.36997E-5 1.44346E-5 1.79266E-6 2.02894E-6 2.02585E-6 2.10782E-6 2.45608E-6 2.30256E-6 2.57204E-6 2.75909E-6 2.67706E-6 2.80324E-6 2.9009E-6 3.45259E-6 3.63576E-6 4.13772E-6 4.39019E-6 4.61378E-6 5.23713E-6 5.41125E-6 6.53216E-6 7.0628E-6 8.10667E-6 9.72125E-6 9.13489E-6 1.06459E-5 1.15393E-5 1.2627E-5 1.28169E-5 1.36212E-5 1.64075E-5 1.62824E-5 1.77481E-5 1.75604E-5 1.86331E-5 1.76566E-5 1.75151E-5 1.69398E-5 1.8669E-5
1.16019E-5 1.12742E-5 1.11009E-5 7.74707E-6 7.02537E-6 7.342E-6 6.43832E-6 6.97937E-6 6.8044E-6 6.50841E-6 7.1932E-6 7.10229E-6 7.79104E-6 7.64888E-6 7.18812E-6 9.08223E-6 8.95916E-6 9.64756E-6 9.51256E-6 1.05466E-5 1.1422E-5 1.21968E-5 1.3081E-5 1.43814E-5 1.79266E-6 1.71504E-6 1.98636E-6 2.10006E-6 2.27577E-6 2.24596E-6 2.32819E-6 2.52292E-6 2.63214E-6 2.74604E-6 2.87956E-6 3.01522E-6 3.65186E-6 4.0511E-6 3.94614E-6 4.5006E-6 4.70892E-6 5.60055E-6 5.80372E-6 6.6883E-6 7.22047E-6 8.46213E-6 8.69164E-6 9.23479E-6 1.08702E-5 1.1782E-5 1.26237E-5 1.36017E-5 1.44015E-5 1.56071E-5 1.58388E-5 1.74958E-5 1.64159E-5 1.7354E-5 1.70885E-5 1.81308E-5 1.73934E-5
