Artocarpus hirsutus SDM files/MIS19/results (without bias file)/Arthir_8.asc
ncols         625
nrows         721
xllcorner     69.99986311115
yllcorner     5.99986187915
cellsize      0.041666667
NODATA_value  -9999
[rows 27 to 53 of 721, columns 122 to 182 of 625]
5.09873E-4 7.02635E-4 8.34224E-4 4.52945E-4 6.45666E-4 9.89254E-4 1.03065E-3 9.07019E-4 9.25556E-4 1.10822E-3 1.05395E-3 7.73652E-4 8.74869E-4 7.10519E-4 5.55946E-4 5.02174E-4 6.49763E-4 3.95515E-4 4.52994E-4 4.74599E-4 3.31147E-4 3.97265E-4 3.23161E-4 1.48525E-4 6.90236E-5 7.3451E-5 8.11782E-6 5.54686E-6 2.53607E-5 2.58002E-5 9.03707E-6 2.02102E-5 2.56121E-5 1.05261E-5 1.35321E-5 1.41528E-6 4.41645E-6 1.09108E-6 1.2104E-6 1.37952E-6 1.05361E-6 5.62624E-7 1.43403E-5 1.86917E-5 3.69381E-6 1.12401E-5 2.27585E-6 3.84245E-6 1.7662E-6 6.50368E-6 5.46595E-7 2.05562E-6 4.03384E-6 2.19335E-6 3.7843E-7 4.30215E-7 3.31974E-6 3.79692E-6 7.309E-7 1.11306E-6 6.76824E-7
1.49039E-3 6.52181E-4 4.56606E-4 1.26752E-3 1.30047E-3 1.25984E-3 1.20677E-3 1.38198E-3 1.19272E-3 9.37318E-4 9.50951E-4 8.3929E-4 7.70145E-4 7.10119E-4 6.89286E-4 5.15797E-4 7.25628E-4 4.53616E-4 5.03673E-4 4.84782E-4 4.3769E-4 3.62337E-4 3.35731E-4 2.66867E-4 1.10095E-4 1.95029E-5 5.76589E-6 3.57524E-5 3.13064E-5 3.95081E-5 4.88916E-5 1.83552E-5 2.13767E-5 3.47211E-5 1.69429E-5 3.07335E-6 1.33653E-5 7.65108E-6 8.27674E-6 2.94057E-6 4.62076E-6 4.73713E-6 5.58715E-7 1.88647E-6 2.24227E-6 1.02557E-5 7.23714E-6 1.84958E-6 2.34977E-6 8.24916E-7 3.67574E-7 1.52723E-6 2.24939E-6 2.72598E-6 1.69562E-6 6.69574E-7 2.46797E-7 3.00441E-6 3.24846E-7 1.07209E-6 1.02022E-6
2.01929E-3 8.22258E-4 2.31295E-4 3.76498E-4 1.16359E-3 1.10502E-3 6.81864E-4 1.24693E-3 6.21092E-4 1.17868E-3 6.67959E-4 4.13992E-4 4.67193E-4 7.20507E-4 9.04492E-4 5.88694E-4 7.024E-4 6.2707E-4 4.22627E-4 4.24828E-4 5.17968E-4 4.23303E-4 3.2547E-4 2.58918E-4 4.99698E-5 4.48155E-5 6.34806E-6 1.2296E-5 4.56522E-5 8.15419E-5 7.01495E-5 4.86536E-5 4.87821E-5 4.57015E-5 1.87651E-5 1.40473E-5 1.02487E-5 3.69515E-5 5.72442E-6 2.21264E-5 5.60165E-6 3.6612E-7 4.54954E-7 3.46903E-7 5.43655E-6 4.67429E-7 6.69096E-7 4.82677E-6 4.90571E-6 4.3763E-7 1.23181E-6 3.37032E-6 3.83534E-6 4.06845E-6 2.60341E-6 3.11988E-6 6.13536E-7 2.86883E-6 3.48538E-6 5.38699E-7 6.3557E-7
2.37949E-3 1.34636E-3 1.2519E-3 6.87637E-4 6.23338E-4 1.45513E-3 9.36464E-4 1.34141E-3 6.16459E-4 8.06448E-4 3.68774E-4 4.83692E-4 5.34801E-4 7.90465E-4 6.8629E-4 7.85133E-4 7.0328E-4 8.14671E-4 4.33305E-4 2.28384E-4 5.39251E-4 4.16757E-4 3.11153E-4 2.53021E-4 1.49244E-4 1.13515E-4 1.84648E-5 2.97429E-5 5.3171E-5 2.53638E-5 2.77389E-5 2.98225E-5 5.76643E-5 6.28888E-5 4.66489E-5 4.13213E-5 2.41985E-5 3.53393E-5 2.58795E-5 2.03251E-5 1.87937E-6 3.59384E-6 2.10385E-6 1.02449E-5 1.46802E-6 5.31896E-6 3.99926E-7 7.50231E-7 4.06635E-6 4.42022E-6 8.04229E-7 4.90954E-6 4.22051E-6 2.68278E-6 3.62702E-6 1.23414E-6 8.33069E-7 2.69205E-7 2.78343E-6 3.63434E-7 8.21423E-7
5.23549E-4 1.84679E-4 1.17488E-3 1.48219E-3 2.5787E-4 1.47366E-3 8.34097E-4 1.09809E-3 1.42578E-3 6.56204E-4 3.40205E-4 3.11824E-4 2.74833E-4 9.57976E-4 3.40071E-4 5.88319E-4 8.69977E-4 8.24783E-4 4.6329E-4 3.55844E-4 6.08729E-4 4.4482E-4 3.88035E-4 1.75844E-4 6.42869E-5 1.82621E-5 1.0123E-5 5.22911E-6 6.75415E-6 6.31707E-5 8.00527E-5 8.79347E-5 9.59846E-5 5.94848E-5 3.90637E-5 4.6595E-5 3.33971E-5 5.74969E-5 4.73549E-5 1.79748E-5 7.50924E-6 1.1021E-5 1.50427E-5 1.71817E-6 7.03402E-7 9.46659E-7 1.38095E-6 1.79477E-6 1.44654E-6 3.14707E-7 3.60173E-6 5.10554E-6 9.56231E-7 8.57746E-7 2.02481E-6 1.69613E-6 2.94566E-6 5.81033E-7 2.65781E-6 2.981E-6 6.87815E-7
1.68528E-3 5.52249E-4 3.65841E-4 3.11816E-4 1.91745E-4 1.86587E-3 1.30912E-4 2.74157E-4 8.02305E-4 9.92202E-4 9.67701E-4 3.89207E-4 2.0384E-4 1.01219E-3 4.93584E-4 8.15082E-4 8.03265E-4 8.3586E-4 5.88754E-4 5.60925E-4 6.40875E-4 4.38138E-4 4.25867E-4 3.54188E-4 1.26029E-4 1.64945E-5 1.80126E-5 3.94628E-5 4.55963E-6 1.4236E-5 2.06661E-5 8.39034E-5 6.07717E-5 1.20635E-5 2.17687E-5 5.45675E-5 6.32004E-5 7.13672E-6 2.06949E-5 4.03388E-5 3.76448E-5 2.53289E-5 1.62844E-5 1.56472E-6 3.32779E-6 2.96613E-6 4.25061E-6 6.65253E-6 1.32966E-6 3.73971E-6 8.20055E-7 3.69823E-6 3.53723E-6 4.12912E-6 5.7906E-6 3.91528E-7 8.84519E-7 1.93171E-6 2.67231E-7 2.50642E-6 3.23454E-7
1.08975E-3 7.03278E-4 1.25591E-4 3.35943E-5 2.74531E-4 1.30923E-3 1.64113E-4 8.50168E-4 5.71073E-5 4.64429E-4 1.3862E-3 1.45529E-3 1.31825E-3 1.63284E-3 1.20319E-3 1.00066E-3 9.91891E-4 8.20381E-4 6.84319E-4 2.92712E-4 6.42852E-4 6.28035E-4 3.45113E-4 4.56643E-4 1.55343E-4 1.05178E-5 5.29141E-5 7.38143E-5 3.3671E-5 5.43312E-6 2.55258E-6 8.93418E-6 6.36712E-6 8.3499E-6 6.90022E-5 9.34584E-5 5.73717E-5 5.28928E-6 1.38292E-5 1.54467E-5 1.8209E-5 6.5984E-6 3.31561E-6 1.5039E-6 1.65423E-6 6.09849E-6 1.67504E-5 1.26769E-5 3.58836E-6 4.33097E-7 1.59477E-6 5.38368E-7 2.6472E-7 4.51459E-6 2.95716E-6 2.76867E-6 3.11466E-6 4.28304E-7 5.93235E-7 2.91896E-6 3.35808E-6
1.08922E-3 2.86862E-4 2.16478E-4 2.09752E-4 1.80129E-4 6.26974E-4 8.54906E-4 4.5625E-4 1.80628E-4 5.18244E-4 2.6318E-4 1.30282E-3 1.03875E-3 1.55383E-3 7.40613E-4 8.21686E-4 9.47811E-4 6.46265E-4 8.27681E-4 8.25106E-4 4.85311E-4 1.47933E-4 1.32003E-4 4.54282E-5 3.59129E-5 5.77207E-5 2.13636E-4 2.8183E-4 1.78653E-4 1.94181E-5 1.61328E-5 6.81703E-6 1.52215E-5 8.40972E-6 3.84622E-6 7.01044E-5 2.95498E-5 1.02866E-5 4.1893E-5 4.01844E-5 2.73954E-5 2.99536E-5 7.03891E-6 8.11731E-6 4.50008E-6 1.5198E-5 1.33562E-5 1.4E-6 7.40767E-7 8.45474E-7 3.5451E-6 1.08727E-6 3.61316E-6 7.08372E-7 3.69948E-7 2.59702E-7 2.57386E-6 2.80148E-6 4.28437E-6 4.1476E-6 2.64669E-6
2.08781E-3 1.0395E-3 7.642E-4 6.06786E-4 2.61622E-3 8.44401E-4 7.18888E-4 2.51602E-4 1.12015E-4 2.83085E-4 1.92115E-4 1.0421E-3 5.51918E-4 1.08016E-3 5.50969E-4 4.77516E-4 1.09684E-3 1.21458E-3 8.29273E-4 5.17074E-4 5.23174E-4 6.76222E-5 2.83258E-4 4.62707E-4 1.00797E-4 2.42857E-5 2.9324E-5 2.54943E-5 6.54911E-5 9.48025E-5 1.27076E-4 1.0893E-4 1.43601E-4 3.15272E-5 3.14382E-6 4.15661E-6 3.19149E-6 2.74519E-5 7.13044E-5 9.08382E-5 6.30201E-5 4.83617E-5 3.36194E-5 2.43071E-5 8.33629E-6 2.03548E-5 2.2732E-6 5.40719E-6 5.28403E-6 1.25256E-6 5.51327E-6 5.58993E-7 3.49183E-7 1.65261E-6 2.06617E-6 1.2959E-6 3.34125E-6 3.27378E-6 2.47692E-6 2.3987E-6 2.24576E-6
1.94129E-3 1.68847E-3 3.49158E-3 2.35204E-3 1.65682E-3 3.2965E-3 2.74709E-4 1.85701E-5 1.50399E-4 1.11154E-4 6.17807E-4 4.04547E-4 2.07522E-4 1.96368E-4 3.71113E-4 4.94193E-4 6.91586E-4 6.09735E-4 4.74464E-4 4.3849E-4 5.76082E-4 1.35927E-4 7.30854E-4 5.429E-4 3.08708E-4 8.47645E-6 1.01754E-5 5.97205E-5 1.58637E-4 1.12899E-4 3.75873E-5 2.4619E-5 6.00592E-6 3.783E-6 1.91262E-5 6.3402E-5 3.05073E-6 6.97769E-6 3.46625E-5 8.44633E-5 4.4723E-5 5.7002E-5 6.03485E-5 1.82498E-5 2.10879E-5 1.75176E-5 1.13074E-5 1.7732E-5 2.67093E-6 2.70847E-6 7.73393E-6 5.96033E-7 5.64708E-7 3.35049E-6 1.1481E-6 3.32715E-6 3.41956E-6 4.12482E-6 2.85577E-7 2.4795E-6 2.89047E-6
4.91344E-4 2.10577E-5 1.74312E-3 1.55479E-3 3.98312E-5 1.15426E-3 6.45899E-5 1.19954E-4 7.24912E-4 6.107E-4 1.16255E-3 3.17555E-4 1.39478E-4 7.73091E-5 3.43802E-4 5.94345E-4 5.90261E-4 6.08351E-4 6.33846E-4 6.50328E-4 2.26732E-4 9.40656E-4 5.73527E-4 3.01826E-4 2.71695E-5 4.3098E-5 5.28644E-5 1.9707E-5 1.66539E-5 2.90758E-5 5.29923E-5 2.8704E-5 1.8813E-5 3.02105E-6 4.74697E-6 2.62666E-5 1.5869E-6 9.19815E-7 7.20287E-6 2.41322E-5 3.5469E-5 7.6505E-5 2.42164E-5 1.48455E-5 1.60138E-5 3.25943E-5 2.33262E-5 1.31951E-5 6.05637E-6 5.24175E-6 2.68246E-6 2.11912E-6 1.47739E-6 4.44136E-6 5.37106E-7 2.66996E-7 2.5278E-7 7.33895E-7 3.9423E-7 4.20419E-7 2.47264E-7
1.95709E-5 3.39828E-4 1.31701E-3 1.12924E-3 1.4218E-3 4.84793E-4 1.09969E-4 1.80479E-4 3.2984E-4 3.10611E-4 5.81684E-5 6.2038E-4 3.99081E-4 9.21232E-4 1.22547E-3 1.30945E-3 1.30592E-3 1.21057E-3 1.26436E-3 9.33287E-4 1.08431E-3 8.05542E-4 6.68711E-4 7.7977E-5 2.58368E-4 2.30394E-4 6.27719E-4 1.71331E-4 4.15531E-5 1.0537E-4 4.24642E-4 4.85451E-4 1.83118E-4 7.69721E-5 3.4922E-6 1.80561E-5 1.20815E-5 3.42329E-6 9.02462E-7 3.47851E-6 5.56418E-5 2.22653E-5 4.05278E-5 7.35476E-5 7.23583E-5 5.27005E-5 1.24053E-5 2.24266E-5 1.74741E-5 1.01896E-5 1.09956E-5 7.09114E-6 3.5472E-6 2.14187E-6 2.30754E-6 5.16514E-7 3.23209E-7 1.24919E-6 8.19912E-7 1.30198E-6 2.36067E-7
5.98386E-5 1.49734E-3 2.30023E-4 2.66114E-4 1.12087E-3 1.70421E-3 5.04071E-4 5.08858E-4 1.93934E-4 2.05595E-5 4.94129E-5 9.11855E-5 2.05008E-3 2.0657E-3 1.98026E-3 2.08173E-3 1.67396E-3 1.57619E-3 1.42956E-3 1.31505E-3 8.45607E-4 3.47666E-4 1.02624E-4 1.94884E-4 1.70123E-4 8.00079E-4 6.28366E-4 2.94079E-4 2.22206E-5 2.20884E-5 6.1186E-5 4.6841E-5 1.19722E-4 5.89758E-5 6.74496E-6 9.61784E-5 2.31706E-4 2.34042E-5 7.20977E-6 2.38216E-6 1.01611E-6 8.40193E-6 4.73998E-5 5.67262E-5 7.4535E-5 3.18796E-5 3.5252E-5 4.88825E-5 3.13083E-5 2.4247E-5 1.89476E-5 1.21045E-5 1.05173E-5 3.63014E-6 3.18295E-6 7.16604E-7 1.65079E-6 6.01033E-7 2.12657E-6 7.94971E-7 5.05901E-7
8.07705E-4 1.75465E-4 3.78793E-5 4.38225E-4 4.51935E-4 2.46425E-4 9.86992E-4 2.86175E-5 1.7602E-4 2.32749E-5 8.68598E-5 1.40372E-3 3.27198E-3 6.18374E-4 1.57888E-3 8.65127E-4 1.76068E-3 1.00435E-3 9.16904E-4 7.61303E-4 8.02606E-4 3.38164E-4 1.09983E-3 9.2247E-4 5.15912E-4 1.95658E-4 5.20554E-4 8.65992E-5 9.73084E-5 9.00954E-5 3.47922E-5 2.25938E-5 8.34821E-6 3.54365E-5 8.80923E-6 8.03973E-6 9.96369E-5 3.07803E-4 1.66455E-4 1.13347E-5 3.31875E-6 1.03572E-6 8.57759E-6 5.06023E-6 1.52254E-5 7.66487E-6 1.8239E-5 3.03494E-5 2.90706E-5 2.0809E-5 1.83587E-5 1.49906E-5 1.1633E-5 9.21394E-6 6.47312E-6 3.85986E-6 2.62888E-6 9.3304E-7 1.97778E-6 4.45868E-7 2.91135E-7
2.15854E-4 3.08794E-4 1.79693E-4 1.32398E-3 4.38411E-3 2.96423E-3 1.87567E-3 3.24911E-5 4.22444E-4 3.28725E-4 9.86675E-4 3.03282E-3 2.89835E-3 7.35672E-4 2.41074E-3 1.28636E-3 1.96296E-3 8.73741E-4 1.1098E-3 1.05926E-3 9.19891E-4 6.02678E-4 1.03781E-3 9.00577E-4 8.59235E-4 7.41512E-4 6.78159E-4 5.83283E-4 3.48541E-4 5.58855E-5 2.60179E-4 2.29486E-4 3.35746E-5 1.48773E-4 2.17394E-5 1.85378E-5 9.42619E-6 1.16909E-5 2.71513E-5 1.15124E-4 7.5706E-5 8.14928E-6 1.06473E-6 9.37944E-7 7.85094E-7 5.55815E-7 9.39116E-7 2.50626E-6 4.43161E-6 6.40653E-6 1.00714E-5 5.30842E-6 1.23681E-5 3.81807E-6 4.43894E-6 7.19508E-6 5.86667E-6 3.11202E-6 2.33416E-6 1.07972E-6 8.41889E-7
4.58175E-3 8.08636E-3 9.92477E-3 6.35803E-3 1.71526E-3 1.74764E-3 3.80945E-3 2.46949E-3 1.99518E-3 3.23065E-3 1.11475E-3 8.45585E-4 1.9001E-3 1.12708E-3 2.68616E-3 1.05645E-3 1.41812E-3 5.76745E-4 6.86895E-4 1.21739E-3 1.14304E-3 2.19487E-4 9.81043E-4 1.17319E-3 1.14732E-3 1.10705E-3 9.94263E-4 8.18067E-4 9.12523E-4 2.83227E-4 2.65243E-4 7.23229E-4 3.71829E-5 1.27244E-4 4.12937E-4 3.59639E-4 1.18409E-4 3.49343E-5 6.59274E-5 1.41191E-5 2.58072E-6 1.90771E-6 1.92833E-5 3.94662E-5 3.63902E-6 1.07145E-6 4.72613E-7 6.08949E-7 8.80277E-7 9.16996E-7 1.01706E-6 2.02763E-6 3.59211E-6 2.50782E-6 4.03738E-6 4.02674E-6 5.11461E-6 4.67259E-6 2.41348E-6 3.39344E-6 2.44798E-6
1.59073E-2 1.04672E-2 7.23424E-3 4.59255E-4 9.53552E-4 4.97119E-4 6.75658E-4 1.45952E-3 4.43331E-3 1.61406E-3 1.06366E-3 1.21105E-3 7.70775E-4 2.68551E-3 1.77739E-3 9.2571E-4 4.40353E-4 8.77958E-4 1.49595E-3 6.59574E-4 1.09646E-3 4.82712E-4 1.7368E-3 3.01825E-4 3.47296E-4 1.99744E-4 1.19091E-3 8.94988E-4 8.11946E-4 8.92832E-4 1.13811E-3 3.18262E-4 5.83432E-4 3.26908E-5 2.73082E-4 1.10603E-4 1.69259E-5 2.15687E-4 4.13907E-4 3.42932E-5 8.30599E-6 2.06852E-6 3.4197E-6 6.59862E-5 7.33958E-5 1.35497E-5 1.45005E-6 5.769E-7 4.68438E-7 5.76078E-6 5.64216E-6 4.78372E-7 4.3723E-7 1.21018E-6 1.47204E-6 1.89597E-6 2.15891E-6 3.65847E-6 1.2929E-6 1.26182E-6 1.07787E-6
1.08916E-2 6.0753E-4 7.88446E-4 1.55366E-3 7.30145E-3 5.26389E-3 3.33748E-4 1.97453E-3 9.49626E-4 1.16538E-3 2.66583E-3 1.0149E-3 6.86579E-4 2.60407E-3 1.20069E-3 1.28643E-3 1.98791E-3 1.7381E-3 1.46241E-3 7.23078E-4 1.2508E-3 1.78947E-3 1.85948E-3 1.49117E-3 1.31889E-3 8.91665E-4 4.52486E-4 2.57293E-4 3.64378E-4 6.30574E-4 9.97895E-4 7.05683E-4 7.89216E-5 6.2458E-5 4.35887E-4 2.78491E-4 5.13434E-5 3.23826E-5 9.67764E-5 2.3339E-5 2.97507E-5 6.26551E-5 7.90201E-6 1.53239E-6 8.43322E-6 6.22999E-5 3.95088E-5 1.98E-5 9.67362E-6 7.3734E-6 2.32068E-6 5.07E-7 5.39285E-6 3.78411E-6 5.90007E-6 4.52532E-7 6.83975E-7 6.6172E-7 8.73189E-7 5.8248E-7 5.01861E-7
2.86093E-3 7.79622E-4 1.99385E-3 4.21144E-3 7.47922E-3 1.6487E-3 3.42238E-4 1.82291E-3 1.5334E-3 1.11256E-3 2.0908E-3 5.62566E-4 3.6987E-3 3.48999E-3 2.48603E-3 2.51138E-3 2.23247E-3 9.97763E-4 1.62648E-3 1.49028E-3 1.26506E-3 1.68675E-3 2.19877E-3 1.75169E-3 1.52685E-3 1.38378E-3 1.12192E-3 9.68751E-4 1.15832E-3 1.27925E-3 1.23374E-3 1.18158E-3 9.06256E-4 9.03821E-4 7.47368E-4 8.57822E-5 7.93461E-5 1.12686E-4 5.43376E-5 1.9503E-4 2.10099E-4 2.5625E-5 3.28541E-5 2.53029E-6 5.69818E-5 5.05034E-5 3.4708E-5 2.2633E-5 5.91036E-5 1.85905E-5 3.1556E-5 7.52309E-6 1.20305E-6 5.51497E-6 4.73301E-6 4.32955E-6 3.47033E-6 3.75955E-6 5.03775E-6 4.91348E-6 4.72459E-7
1.43548E-2 2.59995E-3 9.66845E-4 3.09125E-3 9.30814E-3 6.65485E-3 3.60504E-3 8.95085E-4 5.61324E-3 2.14744E-3 1.23146E-3 2.8162E-3 1.9631E-3 2.8392E-3 3.54538E-3 9.44446E-4 1.03912E-3 9.46812E-4 9.94852E-4 1.34059E-3 1.28621E-3 1.8286E-3 2.31743E-3 1.76474E-3 1.45517E-3 1.44949E-3 1.49746E-3 1.62011E-3 1.25011E-3 1.14139E-3 1.31494E-3 1.38781E-3 1.58534E-3 1.15559E-3 1.3382E-3 9.58946E-4 3.41854E-4 8.04397E-4 6.06832E-4 5.23375E-4 1.12068E-4 3.50665E-4 2.40694E-5 3.28905E-6 3.92098E-6 3.98856E-5 1.32198E-4 2.00643E-5 2.79881E-6 1.62351E-6 6.78135E-7 1.23787E-6 3.91841E-6 4.41601E-6 8.50675E-7 4.53098E-6 4.88283E-6 3.80509E-6 3.15275E-6 2.7915E-6 3.99912E-6
2.12265E-2 1.13966E-2 2.73862E-3 8.20811E-4 7.12782E-3 8.42791E-3 9.73722E-3 1.13178E-2 9.12848E-3 4.68877E-3 8.72573E-4 3.73833E-3 3.90392E-3 4.63095E-3 3.17762E-3 2.99821E-3 2.57073E-3 2.22004E-3 2.66357E-3 1.86379E-3 1.47072E-3 1.83206E-3 2.31127E-3 1.6702E-3 1.41049E-3 1.16766E-3 1.18441E-3 1.86949E-3 1.6418E-3 8.32681E-4 1.09933E-3 1.32735E-3 5.45404E-4 2.42393E-4 2.78116E-4 1.02155E-3 1.25561E-3 1.31389E-3 1.08148E-3 5.16184E-4 1.593E-4 2.939E-5 1.46815E-5 2.36274E-5 1.43307E-5 6.42281E-6 7.97583E-6 8.57341E-5 6.01123E-5 3.40263E-5 1.77124E-6 8.78374E-7 4.39806E-6 2.1944E-5 6.12504E-6 8.33356E-7 5.25506E-7 7.77842E-7 4.09253E-6 3.26089E-6 3.1474E-6
2.39636E-2 1.51308E-2 1.12204E-2 3.05769E-3 1.83367E-3 9.33525E-3 1.80319E-2 8.88105E-3 1.41912E-3 1.29242E-3 1.84187E-3 7.29032E-3 4.37537E-3 2.92066E-3 4.13767E-3 2.89247E-3 2.64225E-3 2.18713E-3 2.83163E-3 1.99144E-3 2.35619E-3 2.58307E-3 2.48591E-3 1.66731E-3 1.03967E-3 1.43209E-3 1.63236E-3 1.53401E-3 1.23173E-3 1.54334E-3 5.125E-4 9.9146E-4 1.93188E-3 1.54538E-3 1.31006E-3 1.23348E-3 1.09985E-3 1.25291E-3 1.72102E-3 1.0559E-3 3.69108E-4 7.32569E-4 3.42713E-5 2.68108E-4 2.23801E-4 1.12628E-4 1.07196E-4 1.32781E-4 5.12072E-5 2.01997E-5 1.28926E-6 4.24275E-6 1.25651E-5 1.14614E-5 1.75271E-5 3.08843E-6 1.07543E-6 6.44124E-7 3.54116E-7 4.25579E-6 3.39985E-6
2.48683E-2 2.2499E-2 1.80965E-2 7.83394E-3 4.95012E-3 1.12222E-2 1.86814E-2 4.58731E-3 6.92682E-4 9.82903E-4 6.1125E-3 5.0633E-3 2.80437E-3 3.09965E-3 2.53673E-3 3.45298E-3 3.17024E-3 3.24022E-3 2.97329E-3 2.46805E-3 2.90662E-3 2.26318E-3 1.56995E-3 1.25166E-3 1.79661E-3 2.10395E-3 2.19918E-3 1.90486E-3 1.60765E-3 1.47774E-3 5.65319E-4 7.56215E-4 1.0717E-3 1.87268E-3 2.01642E-3 1.1104E-3 1.97345E-4 9.40295E-4 1.99838E-3 1.3982E-3 1.55054E-3 1.2031E-3 3.4988E-4 5.10011E-4 6.83769E-4 5.06063E-5 3.42148E-4 1.98149E-4 5.68976E-5 7.88453E-6 1.29621E-6 2.91928E-6 1.36466E-6 4.4464E-6 1.72007E-5 3.13287E-5 2.22695E-5 2.57045E-6 1.15638E-6 9.26272E-7 3.69127E-6
1.87798E-2 2.46939E-2 2.28124E-2 1.02885E-2 1.37254E-2 2.09043E-2 1.62836E-2 1.65548E-3 2.37925E-3 8.68713E-4 6.02553E-3 7.74929E-3 7.85459E-3 5.10122E-3 2.76552E-3 3.46152E-3 2.70023E-3 2.05177E-3 2.5671E-3 2.51411E-3 2.8496E-3 2.00347E-3 2.07757E-3 2.04376E-3 2.84311E-3 2.62081E-3 2.03559E-3 2.00907E-3 1.90645E-3 1.19604E-3 2.70932E-3 2.24936E-3 1.76567E-3 1.87382E-3 2.06843E-3 1.7227E-3 1.22094E-3 3.04885E-4 5.43419E-4 9.39263E-4 2.02239E-3 1.66313E-3 1.24855E-3 6.17487E-4 7.53906E-4 2.21866E-4 3.26377E-5 1.07449E-5 3.15122E-5 1.04387E-5 2.54625E-6 1.00417E-6 2.58001E-5 9.85609E-7 1.1977E-6 8.82704E-6 2.8472E-5 2.38718E-5 2.75038E-6 3.70725E-7 5.7685E-7
2.42707E-2 2.77114E-2 1.67525E-2 1.48247E-2 1.61329E-2 1.99614E-2 1.25075E-2 5.66657E-3 2.1937E-3 3.31666E-3 5.86402E-3 6.28042E-3 6.45686E-3 3.9913E-3 3.19992E-3 2.26994E-3 2.02415E-3 4.18918E-3 4.07275E-3 3.2236E-3 1.50303E-3 2.14583E-3 2.87072E-3 2.34656E-3 3.14571E-3 2.97993E-3 3.12602E-3 2.55389E-3 2.3391E-3 1.37426E-3 2.92618E-3 2.5244E-3 2.56479E-3 3.01478E-3 2.58811E-3 1.58993E-3 4.19332E-4 1.09359E-4 7.42281E-5 1.68785E-3 1.27851E-3 5.76508E-5 2.14693E-4 4.65185E-5 2.02944E-5 2.05476E-5 1.05979E-5 7.08854E-6 2.51269E-6 3.20244E-6 9.34918E-6 2.8985E-6 6.62004E-6 2.23597E-5 1.32372E-6 4.60485E-7 1.58758E-6 1.48671E-5 2.42765E-5 4.79767E-6 1.81301E-6
2.5151E-2 2.33632E-2 2.39753E-2 1.83592E-2 1.7497E-2 2.2439E-2 1.86136E-2 1.15686E-2 2.21292E-3 1.23386E-3 5.10456E-3 8.24536E-3 8.18963E-3 4.58301E-3 2.78598E-3 3.45907E-3 4.32669E-3 4.08561E-3 3.03574E-3 1.99434E-3 3.12488E-3 3.29306E-3 4.49406E-3 3.83307E-3 2.87034E-3 3.26733E-3 3.65097E-3 2.56373E-3 2.70304E-3 2.77999E-3 2.01819E-3 1.83002E-3 3.19023E-3 3.36834E-3 3.26569E-3 1.84274E-3 1.42126E-3 1.88209E-3 1.13832E-3 2.61967E-4 2.24939E-3 1.49902E-3 1.9434E-4 6.1364E-5 2.50978E-4 8.93089E-5 5.249E-5 1.67861E-4 5.53365E-6 2.86462E-5 2.35274E-5 1.05746E-6 1.02082E-5 3.99911E-5 4.77343E-6 4.15444E-6 5.5707E-7 4.72308E-7 3.33274E-6 1.77268E-5 2.1141E-6
2.37434E-2 2.43101E-2 2.30082E-2 2.3445E-2 1.93027E-2 2.15018E-2 1.89814E-2 1.61692E-2 6.7732E-3 2.77041E-3 1.74162E-3 6.53421E-3 5.8556E-3 3.36153E-3 7.62678E-3 4.62715E-3 4.43371E-3 3.62598E-3 3.9412E-3 3.79466E-3 6.31063E-3 4.41299E-3 3.53016E-3 3.33775E-3 3.40184E-3 3.51033E-3 3.13722E-3 3.36085E-3 3.06873E-3 2.83897E-3 2.33563E-3 2.46203E-3 1.61496E-3 3.43715E-3 3.42679E-3 3.66922E-3 2.86203E-3 8.98741E-4 1.14589E-3 2.62238E-4 1.02786E-4 9.87176E-4 9.74575E-5 7.01577E-5 4.72038E-4 1.16602E-3 1.07031E-4 2.10135E-4 2.97564E-5 9.95228E-5 9.37535E-6 2.29072E-6 4.05534E-5 4.03671E-5 1.1332E-5 1.89082E-6 6.73924E-6 1.869E-6 5.03048E-7 2.08306E-6 4.9921E-6
