Artocarpus hirsutus SDM files/MIS19/results (without bias file)/Arthir_0.asc
ncols         625
nrows         721
xllcorner     69.99986311115
yllcorner     5.99986187915
cellsize      0.041666667
NODATA_value  -9999
[rows 135 to 161 of 721, columns 488 to 548 of 625]
5.39069E-4 5.39372E-4 5.07016E-4 4.80484E-4 4.84816E-4 4.41772E-4 4.37362E-4 4.26593E-4 4.17931E-4 4.74905E-4 4.70833E-4 4.58664E-4 3.36394E-4 2.91905E-4 2.64782E-4 4.683E-4 6.67924E-4 6.49477E-4 5.8788E-4 5.82259E-4 6.23258E-4 6.12677E-4 5.79519E-4 5.84453E-4 5.74771E-4 4.84422E-4 5.72947E-4 6.85728E-4 4.70062E-4 6.43547E-4 5.88537E-4 6.30744E-4 5.02753E-4 6.19821E-4 5.90666E-4 6.06893E-4 5.71081E-4 5.60095E-4 5.98913E-4 6.54181E-4 5.466E-4 5.0559E-4 6.76301E-4 7.00811E-4 6.70241E-4 7.46431E-4 6.2975E-4 7.08074E-4 7.8611E-4 6.44008E-4 8.77355E-4 8.58949E-4 7.90228E-4 1.01013E-3 9.36072E-4 1.03624E-3 9.07006E-4 1.24889E-3 1.30874E-3 1.25253E-3 1.29884E-3
4.90917E-4 4.95012E-4 4.7249E-4 4.61122E-4 4.44929E-4 4.41904E-4 4.40516E-4 4.64209E-4 4.4147E-4 4.66691E-4 4.8435E-4 3.90764E-4 2.59534E-4 2.28854E-4 4.48369E-4 4.64564E-4 4.27482E-4 4.29051E-4 6.06758E-4 5.8209E-4 6.15618E-4 6.51393E-4 6.12926E-4 5.53623E-4 5.92071E-4 4.99302E-4 6.06499E-4 6.8117E-4 5.35492E-4 6.66432E-4 5.9511E-4 5.63112E-4 3.52322E-4 6.15829E-4 5.37227E-4 6.13542E-4 5.9924E-4 6.11573E-4 5.31982E-4 6.02541E-4 5.6549E-4 5.26686E-4 6.38712E-4 7.09606E-4 8.18999E-4 7.46933E-4 6.5488E-4 6.02685E-4 7.07743E-4 6.85991E-4 8.24635E-4 9.13443E-4 7.51076E-4 8.60652E-4 1.15688E-3 9.72943E-4 1.08336E-3 1.01429E-3 9.40891E-4 1.31937E-3 1.19523E-3
4.85503E-4 4.58954E-4 4.04086E-4 4.24342E-4 4.52217E-4 4.26156E-4 4.18965E-4 5.02794E-4 5.51903E-4 5.04699E-4 2.84171E-4 2.81675E-4 3.21367E-4 6.50595E-4 5.57514E-4 6.13199E-4 5.17889E-4 4.92253E-4 5.5185E-4 5.73237E-4 6.45911E-4 5.91284E-4 6.33793E-4 5.80049E-4 6.04148E-4 5.3307E-4 5.91559E-4 5.92005E-4 6.04809E-4 4.90183E-4 5.46026E-4 4.29066E-4 5.95016E-4 6.15013E-4 5.15014E-4 6.04974E-4 5.88773E-4 6.39164E-4 5.29302E-4 6.14943E-4 4.93999E-4 5.41021E-4 5.83336E-4 6.28241E-4 7.23589E-4 7.30944E-4 7.01313E-4 6.38393E-4 7.67792E-4 7.97595E-4 7.0578E-4 8.0582E-4 8.50389E-4 8.60652E-4 1.05034E-3 9.69382E-4 9.7566E-4 1.1459E-3 1.16236E-3 9.25626E-4 1.49544E-3
4.5002E-4 4.23324E-4 4.11532E-4 4.41353E-4 4.60546E-4 4.13982E-4 4.05278E-4 5.24887E-4 5.53864E-4 3.20808E-4 2.8531E-4 5.88325E-4 5.97959E-4 6.30322E-4 5.07212E-4 4.7596E-4 4.65132E-4 5.13686E-4 5.2594E-4 3.34314E-4 5.50937E-4 5.43725E-4 4.49599E-4 5.66403E-4 5.34554E-4 4.34339E-4 5.36569E-4 5.201E-4 5.62723E-4 5.42536E-4 5.54815E-4 4.71371E-4 5.73891E-4 6.55825E-4 5.36611E-4 5.85239E-4 5.56154E-4 6.77836E-4 6.12388E-4 5.8126E-4 5.49194E-4 6.08068E-4 5.12343E-4 6.9935E-4 6.56266E-4 6.50369E-4 7.60059E-4 7.377E-4 8.4575E-4 8.45895E-4 8.59567E-4 7.77996E-4 8.46094E-4 9.47268E-4 1.02147E-3 9.55517E-4 9.94019E-4 1.16574E-3 1.03025E-3 1.21942E-3 1.26171E-3
4.37476E-4 4.412E-4 4.41217E-4 4.22845E-4 4.35747E-4 5.078E-4 5.63321E-4 5.85989E-4 5.82307E-4 5.71828E-4 5.43498E-4 5.92018E-4 5.11482E-4 5.07769E-4 4.76586E-4 5.19056E-4 5.42328E-4 5.53719E-4 4.94297E-4 4.93346E-4 5.01384E-4 5.13608E-4 5.36036E-4 5.2062E-4 5.26499E-4 6.94949E-4 6.1433E-4 5.9175E-4 5.68441E-4 5.89574E-4 5.9269E-4 5.71449E-4 4.73618E-4 5.14634E-4 4.85083E-4 5.83511E-4 6.22904E-4 6.55683E-4 6.65572E-4 5.91284E-4 4.92482E-4 6.11629E-4 5.87817E-4 6.28409E-4 6.63629E-4 6.27113E-4 6.30194E-4 7.54352E-4 8.64625E-4 7.71277E-4 8.60484E-4 8.03609E-4 8.79266E-4 1.00477E-3 1.11129E-3 8.34099E-4 9.96031E-4 1.01754E-3 1.00871E-3 9.7711E-4 1.04174E-3
4.2314E-4 4.38306E-4 4.36864E-4 4.15392E-4 4.44086E-4 5.33999E-4 5.20728E-4 6.95626E-4 5.88279E-4 5.58191E-4 5.24802E-4 5.78791E-4 4.52645E-4 4.73643E-4 4.46664E-4 5.03292E-4 5.14695E-4 5.0564E-4 5.30186E-4 4.93149E-4 4.92805E-4 5.53758E-4 5.30012E-4 4.69323E-4 5.16917E-4 6.05076E-4 6.61524E-4 6.18753E-4 5.69906E-4 6.05065E-4 6.30922E-4 6.80696E-4 5.47089E-4 5.05497E-4 4.52003E-4 5.64324E-4 6.09498E-4 5.15615E-4 6.81875E-4 6.18026E-4 5.55303E-4 5.90396E-4 5.06986E-4 6.31681E-4 7.04279E-4 6.7677E-4 5.84838E-4 6.26077E-4 8.10812E-4 7.49085E-4 8.81702E-4 7.72175E-4 8.33149E-4 8.5039E-4 9.9523E-4 9.88435E-4 9.42969E-4 8.65605E-4 1.18797E-3 1.41274E-3 8.82527E-4
4.40591E-4 4.40177E-4 4.22096E-4 4.14721E-4 4.97385E-4 6.40184E-4 6.06566E-4 6.08022E-4 5.10583E-4 4.79E-4 4.85023E-4 5.05209E-4 4.63477E-4 5.09546E-4 5.09275E-4 5.72336E-4 5.78107E-4 5.03832E-4 5.11582E-4 4.60096E-4 4.91314E-4 4.75024E-4 5.41349E-4 5.51031E-4 4.22357E-4 4.49398E-4 5.46535E-4 5.53094E-4 5.4577E-4 5.46482E-4 6.18461E-4 6.02301E-4 5.72276E-4 5.38604E-4 4.54357E-4 5.85845E-4 6.51174E-4 5.2551E-4 6.90388E-4 5.69472E-4 4.46455E-4 6.52569E-4 5.52054E-4 4.68602E-4 6.63832E-4 7.54124E-4 7.01583E-4 5.54238E-4 7.59731E-4 7.8732E-4 8.05517E-4 5.94764E-4 7.36584E-4 9.76364E-4 8.04655E-4 9.8549E-4 1.16736E-3 9.7334E-4 8.33102E-4 1.22954E-3 9.68112E-4
5.05295E-4 4.87173E-4 5.46796E-4 5.03528E-4 4.30078E-4 6.62172E-4 6.08269E-4 5.09852E-4 5.02819E-4 5.00774E-4 5.52573E-4 5.61337E-4 5.13992E-4 5.18213E-4 5.38025E-4 5.64744E-4 5.8128E-4 4.63854E-4 5.26287E-4 5.89512E-4 5.91385E-4 5.41052E-4 5.33482E-4 6.00988E-4 5.612E-4 4.99891E-4 4.53227E-4 3.95446E-4 5.09226E-4 5.32754E-4 5.88742E-4 6.02343E-4 5.92129E-4 5.26421E-4 4.94808E-4 6.02824E-4 5.78751E-4 5.32939E-4 6.42795E-4 4.94196E-4 4.76114E-4 6.83799E-4 5.69151E-4 5.14875E-4 5.72394E-4 5.44359E-4 6.38363E-4 5.97959E-4 6.24829E-4 7.16145E-4 6.89678E-4 8.15297E-4 8.27585E-4 8.78949E-4 7.62213E-4 8.87351E-4 1.22302E-3 8.66363E-4 7.92222E-4 7.67305E-4 1.18156E-3
5.72027E-4 5.0062E-4 5.38728E-4 3.54423E-4 6.09355E-4 5.11985E-4 5.50041E-4 5.05319E-4 5.11611E-4 4.74448E-4 5.81241E-4 5.95109E-4 6.08967E-4 5.09082E-4 5.61937E-4 5.65631E-4 5.34867E-4 4.79632E-4 4.59945E-4 5.20879E-4 5.98028E-4 5.63079E-4 4.61858E-4 6.00595E-4 6.02975E-4 5.77959E-4 5.09393E-4 4.5429E-4 4.77343E-4 3.12168E-4 3.26061E-4 3.54805E-4 3.48225E-4 3.72945E-4 4.30027E-4 5.02124E-4 5.80224E-4 4.95447E-4 6.57778E-4 5.44927E-4 4.81996E-4 6.78776E-4 5.98308E-4 4.22541E-4 6.90452E-4 5.36033E-4 4.22578E-4 6.62119E-4 6.74108E-4 7.09056E-4 7.84272E-4 8.22186E-4 9.13429E-4 9.1617E-4 8.32358E-4 7.94217E-4 1.28005E-3 1.11175E-3 1.07355E-3 7.99143E-4 8.52296E-4
5.27333E-4 5.25072E-4 2.88305E-4 3.13341E-4 6.83332E-4 5.20706E-4 5.11484E-4 5.12741E-4 4.90997E-4 4.82004E-4 6.21249E-4 5.65742E-4 5.20553E-4 4.92681E-4 5.28325E-4 5.36002E-4 6.01064E-4 5.61048E-4 5.20918E-4 4.81526E-4 5.89521E-4 5.80375E-4 5.41245E-4 6.27931E-4 5.9237E-4 5.80231E-4 5.58103E-4 5.04503E-4 5.48268E-4 4.83342E-4 4.54077E-4 4.58791E-4 4.43896E-4 4.79174E-4 4.35399E-4 4.01267E-4 4.16487E-4 5.44346E-4 5.77556E-4 5.56395E-4 4.94431E-4 4.08312E-4 3.47345E-4 5.45022E-4 6.55269E-4 5.52677E-4 4.98431E-4 5.25096E-4 5.83862E-4 7.06614E-4 8.17375E-4 7.52123E-4 7.03057E-4 7.83998E-4 8.5502E-4 6.82775E-4 1.15211E-3 1.16398E-3 1.09488E-3 1.15604E-3 9.60155E-4
4.85854E-4 3.94182E-4 3.99129E-4 6.37688E-4 5.90887E-4 4.54111E-4 4.50853E-4 4.6707E-4 5.21723E-4 4.17195E-4 6.09412E-4 5.7586E-4 5.17675E-4 4.45643E-4 4.30582E-4 4.52644E-4 5.47653E-4 5.33601E-4 5.56188E-4 4.95845E-4 5.75102E-4 5.26219E-4 5.83431E-4 6.10629E-4 4.82843E-4 5.97351E-4 6.09909E-4 4.76544E-4 5.56274E-4 5.33233E-4 5.59842E-4 5.09354E-4 4.90506E-4 4.87085E-4 4.59118E-4 4.7056E-4 5.13117E-4 3.11195E-4 5.09918E-4 5.42693E-4 5.49344E-4 5.32565E-4 4.73828E-4 5.82167E-4 6.27418E-4 5.35832E-4 5.45439E-4 6.00482E-4 6.1053E-4 6.37188E-4 8.53922E-4 8.67691E-4 9.00802E-4 8.64695E-4 7.81007E-4 6.7095E-4 9.15737E-4 1.24362E-3 1.20979E-3 1.05514E-3 1.10206E-3
4.97385E-4 6.02274E-4 6.21845E-4 6.49107E-4 5.67964E-4 5.19057E-4 4.32082E-4 4.53852E-4 4.61742E-4 5.05898E-4 6.05552E-4 4.86208E-4 5.22407E-4 4.33116E-4 4.54587E-4 3.05456E-4 3.39608E-4 4.28668E-4 5.08617E-4 4.06259E-4 4.50481E-4 5.31794E-4 5.21326E-4 5.60591E-4 5.12651E-4 5.82562E-4 5.23248E-4 5.31054E-4 5.59495E-4 4.93764E-4 5.29839E-4 5.5923E-4 4.97989E-4 4.65136E-4 5.52334E-4 5.24717E-4 3.3841E-4 5.32249E-4 4.74391E-4 4.93964E-4 5.77646E-4 5.75538E-4 5.68698E-4 6.21543E-4 5.93078E-4 6.166E-4 5.53814E-4 4.46153E-4 5.4914E-4 5.47967E-4 6.49614E-4 9.12816E-4 8.50824E-4 1.00244E-3 9.61744E-4 9.08613E-4 8.18497E-4 8.32121E-4 1.03072E-3 7.23578E-4 9.20894E-4
3.72643E-4 6.60872E-4 6.39557E-4 6.6191E-4 6.59658E-4 5.27088E-4 4.51523E-4 4.15763E-4 4.39906E-4 5.24718E-4 5.97365E-4 5.16311E-4 5.4048E-4 4.34677E-4 4.77219E-4 4.71551E-4 4.7481E-4 4.05364E-4 3.19911E-4 3.12001E-4 3.15897E-4 3.60091E-4 3.32892E-4 4.9389E-4 5.09905E-4 5.45916E-4 4.5621E-4 5.41611E-4 4.4469E-4 4.62681E-4 5.2499E-4 5.38086E-4 5.31428E-4 4.70683E-4 4.68572E-4 3.65554E-4 4.73546E-4 4.96842E-4 5.07967E-4 4.27981E-4 4.70123E-4 5.64876E-4 5.79104E-4 6.33875E-4 5.23553E-4 5.78477E-4 4.86391E-4 4.93121E-4 4.56524E-4 5.72408E-4 5.10431E-4 5.5275E-4 6.83554E-4 7.96258E-4 9.68656E-4 1.01646E-3 1.06966E-3 7.94181E-4 8.15181E-4 7.75172E-4 1.12106E-3
3.8768E-4 6.76204E-4 6.65655E-4 6.39162E-4 5.83518E-4 4.95109E-4 3.97649E-4 4.36545E-4 4.0488E-4 3.95701E-4 5.45071E-4 5.96435E-4 5.77872E-4 4.40947E-4 5.24201E-4 4.5279E-4 4.41496E-4 3.88216E-4 4.59403E-4 4.37487E-4 4.35414E-4 4.38243E-4 4.66116E-4 3.64015E-4 3.46333E-4 4.69164E-4 4.69331E-4 5.03211E-4 5.21562E-4 4.81804E-4 5.26275E-4 4.782E-4 4.78681E-4 3.66273E-4 4.58181E-4 5.23319E-4 5.29215E-4 5.26808E-4 5.4612E-4 4.97744E-4 4.60335E-4 5.04504E-4 4.52691E-4 5.1759E-4 5.44285E-4 6.21466E-4 5.87367E-4 4.85386E-4 5.74548E-4 6.50717E-4 5.92922E-4 7.2469E-4 5.80285E-4 5.55261E-4 7.29213E-4 6.70776E-4 6.54397E-4 1.04255E-3 1.10293E-3 7.89534E-4 7.60108E-4
4.38262E-4 5.89903E-4 6.60379E-4 6.55483E-4 5.39284E-4 4.83638E-4 4.32322E-4 4.07866E-4 4.9155E-4 4.46617E-4 5.34689E-4 6.01954E-4 5.03776E-4 4.73068E-4 5.12574E-4 4.3906E-4 4.46054E-4 3.88564E-4 4.42234E-4 4.43841E-4 4.6086E-4 4.14885E-4 4.09741E-4 3.82221E-4 4.24617E-4 4.04182E-4 4.14256E-4 4.75556E-4 3.99542E-4 3.33641E-4 3.08285E-4 2.95141E-4 4.62512E-4 4.46477E-4 2.98879E-4 4.13831E-4 4.5952E-4 4.9405E-4 5.66678E-4 5.68534E-4 5.37973E-4 5.47288E-4 5.15388E-4 5.53788E-4 4.92349E-4 6.13125E-4 6.1552E-4 5.29467E-4 6.06124E-4 7.44401E-4 7.74514E-4 9.02749E-4 6.87487E-4 8.16964E-4 7.43317E-4 6.13738E-4 9.61553E-4 8.03013E-4 1.24512E-3 8.85505E-4 1.00266E-3
5.07352E-4 5.30433E-4 6.38189E-4 6.00351E-4 5.06943E-4 4.50133E-4 5.16782E-4 4.67717E-4 5.64023E-4 4.82663E-4 4.9963E-4 5.54581E-4 5.56508E-4 5.4257E-4 4.70951E-4 5.19702E-4 5.0417E-4 4.49051E-4 5.08611E-4 5.10915E-4 5.44287E-4 4.65188E-4 4.37087E-4 4.40299E-4 4.4719E-4 4.24003E-4 4.13508E-4 4.68487E-4 4.83692E-4 4.27156E-4 3.87222E-4 3.79105E-4 4.94911E-4 4.9637E-4 3.7291E-4 3.68438E-4 3.36862E-4 3.58749E-4 4.18788E-4 5.24652E-4 5.06646E-4 5.3605E-4 5.30033E-4 4.91784E-4 5.41179E-4 6.2132E-4 6.11363E-4 5.93939E-4 6.31502E-4 7.32877E-4 8.50855E-4 9.12367E-4 6.32137E-4 5.21838E-4 8.22287E-4 8.04331E-4 8.36213E-4 1.02764E-3 1.091E-3 9.42632E-4 1.20992E-3
4.53853E-4 5.57238E-4 7.03552E-4 5.98515E-4 4.74469E-4 4.6676E-4 4.72147E-4 5.14562E-4 4.87073E-4 5.06032E-4 4.46612E-4 3.75181E-4 4.91153E-4 5.59104E-4 4.8402E-4 5.67006E-4 5.3015E-4 4.25554E-4 4.97005E-4 5.13444E-4 5.74994E-4 4.7266E-4 4.43907E-4 5.12454E-4 5.04523E-4 4.41962E-4 4.62193E-4 4.46446E-4 4.71349E-4 4.51623E-4 3.50458E-4 3.21387E-4 4.03807E-4 4.25067E-4 4.20358E-4 4.20358E-4 4.17017E-4 3.7265E-4 4.13091E-4 3.24091E-4 4.2689E-4 4.47351E-4 4.68942E-4 4.75195E-4 4.65866E-4 5.20183E-4 5.91598E-4 5.85398E-4 6.05641E-4 6.49332E-4 7.41149E-4 8.37515E-4 7.16564E-4 4.86183E-4 1.04246E-3 9.59847E-4 8.31731E-4 9.45778E-4 1.11372E-3 1.06942E-3 1.14324E-3
4.98433E-4 6.18888E-4 7.13468E-4 5.83754E-4 4.56208E-4 4.88384E-4 4.49355E-4 4.6927E-4 4.09454E-4 4.95383E-4 4.90942E-4 4.33738E-4 4.74016E-4 5.06627E-4 4.69967E-4 4.90323E-4 5.85796E-4 5.32917E-4 4.91101E-4 5.09977E-4 5.49903E-4 5.20383E-4 4.77681E-4 4.82303E-4 4.07006E-4 4.3511E-4 5.07616E-4 4.78823E-4 4.00097E-4 4.67579E-4 3.26142E-4 3.42934E-4 4.1176E-4 3.31639E-4 4.06837E-4 3.74109E-4 3.97703E-4 3.49643E-4 3.96769E-4 3.83934E-4 3.45173E-4 3.4829E-4 3.39112E-4 4.02054E-4 3.69864E-4 3.68502E-4 4.07651E-4 4.20089E-4 4.81395E-4 5.41373E-4 8.82762E-4 8.43474E-4 8.1093E-4 6.12027E-4 8.45459E-4 1.11205E-3 1.07957E-3 9.11795E-4 1.07313E-3 1.14254E-3 1.20429E-3
5.84244E-4 7.40506E-4 6.84407E-4 5.75926E-4 4.93294E-4 4.85952E-4 4.29353E-4 4.44727E-4 3.92713E-4 4.68085E-4 4.35966E-4 4.0067E-4 4.38726E-4 4.64081E-4 4.33107E-4 4.33811E-4 4.91862E-4 5.17917E-4 4.48676E-4 3.5128E-4 3.62363E-4 3.16532E-4 3.97738E-4 4.39446E-4 3.99827E-4 3.98145E-4 4.73654E-4 5.12042E-4 4.5463E-4 4.24495E-4 3.84713E-4 3.31265E-4 3.8532E-4 3.09032E-4 3.43384E-4 3.42457E-4 4.16507E-4 3.34596E-4 4.07982E-4 4.52035E-4 3.92709E-4 4.10921E-4 3.90085E-4 4.31542E-4 3.95035E-4 4.14985E-4 4.12291E-4 4.66557E-4 4.83132E-4 5.28309E-4 8.15971E-4 7.40443E-4 6.33024E-4 5.28762E-4 6.99286E-4 9.27373E-4 1.07926E-3 9.26131E-4 1.11926E-3 1.25184E-3 1.16883E-3
6.53739E-4 7.02434E-4 6.36255E-4 5.80851E-4 4.67957E-4 4.8269E-4 4.79053E-4 4.30907E-4 4.43589E-4 4.77233E-4 4.43367E-4 4.27621E-4 4.82617E-4 4.43913E-4 3.76008E-4 4.36867E-4 4.81681E-4 5.48761E-4 5.14527E-4 4.27363E-4 4.36813E-4 3.90232E-4 4.06279E-4 4.09787E-4 3.65906E-4 3.83191E-4 4.07971E-4 3.61737E-4 4.03677E-4 4.00912E-4 4.2356E-4 3.7361E-4 3.56664E-4 3.46227E-4 3.90131E-4 3.65191E-4 3.89109E-4 3.76766E-4 3.79391E-4 4.85088E-4 3.89496E-4 3.86256E-4 4.16579E-4 4.31511E-4 4.22863E-4 4.31757E-4 4.10789E-4 5.1994E-4 5.78971E-4 5.28548E-4 9.64283E-4 6.98318E-4 7.48739E-4 7.3011E-4 6.33453E-4 8.66069E-4 1.07001E-3 1.00152E-3 9.15739E-4 1.11732E-3 1.22823E-3
6.77729E-4 7.10297E-4 5.84973E-4 5.51017E-4 4.58715E-4 4.71544E-4 4.50123E-4 4.58209E-4 4.92712E-4 5.40161E-4 4.95539E-4 5.08833E-4 4.4682E-4 4.90976E-4 4.55665E-4 4.86461E-4 4.52331E-4 4.82283E-4 5.28391E-4 4.35868E-4 4.14323E-4 3.91852E-4 3.84191E-4 3.62093E-4 3.69793E-4 3.37296E-4 4.20593E-4 3.73027E-4 3.98227E-4 4.74364E-4 4.39166E-4 3.63253E-4 3.56735E-4 3.85135E-4 3.78414E-4 4.1218E-4 3.77227E-4 4.58195E-4 4.92931E-4 4.68035E-4 4.22806E-4 4.07372E-4 3.99644E-4 4.04948E-4 5.19301E-4 5.0223E-4 4.20826E-4 5.52467E-4 5.91835E-4 5.715E-4 8.70465E-4 7.60062E-4 7.44078E-4 7.89791E-4 7.50575E-4 7.04625E-4 8.95992E-4 1.11134E-3 1.07076E-3 1.09957E-3 9.21975E-4
6.58045E-4 6.15935E-4 5.86526E-4 5.4882E-4 4.67076E-4 4.82725E-4 4.72147E-4 4.95077E-4 4.65748E-4 5.59013E-4 5.0472E-4 4.41234E-4 4.82619E-4 4.32302E-4 4.31236E-4 5.20937E-4 4.74433E-4 5.56427E-4 4.01784E-4 4.76153E-4 4.33471E-4 4.32836E-4 4.33986E-4 4.34876E-4 4.15381E-4 3.74495E-4 3.67732E-4 3.82357E-4 4.22492E-4 4.86467E-4 4.49214E-4 3.75348E-4 3.74641E-4 3.93916E-4 3.81897E-4 3.62561E-4 4.0293E-4 4.57883E-4 4.74523E-4 4.41176E-4 4.18554E-4 4.37829E-4 3.83954E-4 3.64703E-4 5.01841E-4 5.5451E-4 4.00883E-4 5.27265E-4 5.71411E-4 7.21592E-4 8.78948E-4 7.27083E-4 7.78105E-4 8.83938E-4 9.02121E-4 8.08221E-4 9.46954E-4 9.20264E-4 1.00565E-3 1.19322E-3 1.34218E-3
6.52083E-4 6.33518E-4 6.29582E-4 5.22381E-4 4.45738E-4 4.79245E-4 4.78616E-4 5.13118E-4 4.34623E-4 5.86682E-4 5.32421E-4 5.31382E-4 4.96024E-4 4.95177E-4 4.54385E-4 5.87316E-4 5.82893E-4 5.10804E-4 4.35024E-4 4.40679E-4 5.24148E-4 4.70785E-4 3.72977E-4 4.87522E-4 4.2199E-4 4.1307E-4 3.84412E-4 2.909E-4 3.90065E-4 4.58563E-4 4.25575E-4 3.73518E-4 3.46922E-4 3.18386E-4 3.25826E-4 3.12834E-4 3.58959E-4 4.54798E-4 5.12E-4 4.19701E-4 3.84742E-4 4.51752E-4 4.31391E-4 3.33494E-4 4.49382E-4 5.42742E-4 4.31687E-4 5.08066E-4 5.73136E-4 7.39722E-4 9.00312E-4 7.69638E-4 7.78144E-4 8.73395E-4 8.58029E-4 8.41611E-4 8.27983E-4 1.22257E-3 1.19155E-3 9.43587E-4 1.02571E-3
6.16946E-4 6.93998E-4 6.30982E-4 5.13873E-4 4.43185E-4 4.50401E-4 4.74524E-4 5.62801E-4 4.66107E-4 5.66303E-4 6.05137E-4 5.41972E-4 5.76835E-4 4.63073E-4 4.86653E-4 5.18153E-4 5.30385E-4 5.1879E-4 4.33567E-4 4.02388E-4 5.76069E-4 4.80767E-4 4.03559E-4 5.07592E-4 4.10408E-4 4.26943E-4 4.09296E-4 3.40339E-4 3.98948E-4 4.6574E-4 4.59477E-4 4.0486E-4 4.11917E-4 3.83032E-4 3.88116E-4 3.58105E-4 4.14837E-4 4.25212E-4 4.54577E-4 4.29418E-4 3.6358E-4 5.02898E-4 4.50668E-4 3.81343E-4 3.57897E-4 5.65219E-4 4.57167E-4 5.17181E-4 4.78021E-4 6.21487E-4 7.69478E-4 6.8764E-4 5.98738E-4 6.62394E-4 8.91918E-4 7.80639E-4 8.01239E-4 8.84783E-4 1.45728E-3 1.17359E-3 1.09634E-3
6.81214E-4 6.88285E-4 5.74032E-4 5.13627E-4 5.47011E-4 5.16608E-4 4.7198E-4 5.52748E-4 5.59913E-4 6.2033E-4 5.96619E-4 5.70107E-4 5.95498E-4 4.83652E-4 5.47758E-4 5.41531E-4 5.49183E-4 5.60885E-4 5.25064E-4 4.81774E-4 5.79396E-4 3.92944E-4 3.8336E-4 5.18113E-4 4.31843E-4 4.22992E-4 4.8944E-4 4.3832E-4 4.24369E-4 4.54389E-4 4.70224E-4 3.63799E-4 4.21798E-4 4.91591E-4 3.45205E-4 3.16679E-4 4.11582E-4 4.00002E-4 4.32336E-4 3.6662E-4 3.58218E-4 5.09874E-4 4.57594E-4 4.08649E-4 4.09319E-4 5.52276E-4 5.46367E-4 4.22761E-4 4.22675E-4 4.41989E-4 5.16416E-4 6.03511E-4 6.87587E-4 6.36821E-4 8.51637E-4 7.8726E-4 9.1694E-4 9.03832E-4 1.26215E-3 1.34068E-3 1.2594E-3
6.64349E-4 6.11767E-4 6.46795E-4 4.58148E-4 5.85175E-4 5.33581E-4 5.6615E-4 5.66502E-4 6.2009E-4 5.35578E-4 5.04326E-4 5.23473E-4 5.59506E-4 5.71111E-4 5.71268E-4 6.02636E-4 5.44364E-4 5.30557E-4 4.99208E-4 5.06912E-4 5.7033E-4 4.85326E-4 4.25061E-4 5.2138E-4 5.04754E-4 4.64391E-4 4.29668E-4 4.48538E-4 4.23258E-4 5.05771E-4 4.89375E-4 4.36153E-4 4.06333E-4 4.90788E-4 3.78675E-4 2.90229E-4 4.98641E-4 4.42352E-4 4.72884E-4 3.99679E-4 3.15236E-4 4.95437E-4 5.32152E-4 4.81523E-4 3.66556E-4 5.39121E-4 5.34267E-4 3.8653E-4 4.40478E-4 5.96567E-4 6.24298E-4 7.03267E-4 8.25505E-4 7.53715E-4 8.96546E-4 9.35495E-4 1.01761E-3 1.0754E-3 1.22685E-3 1.29126E-3 1.30481E-3
5.82995E-4 5.77719E-4 6.31657E-4 6.41301E-4 6.29271E-4 6.68773E-4 6.20813E-4 5.67644E-4 5.56423E-4 5.22717E-4 5.37986E-4 5.14504E-4 5.02577E-4 4.51612E-4 4.57154E-4 4.66543E-4 4.25863E-4 4.24999E-4 4.10435E-4 4.13615E-4 4.2598E-4 4.10868E-4 4.04097E-4 4.78647E-4 4.44717E-4 4.62278E-4 4.52986E-4 4.30112E-4 3.68577E-4 3.97597E-4 4.25275E-4 4.88428E-4 3.87014E-4 4.68178E-4 4.2127E-4 3.97621E-4 4.70282E-4 4.40187E-4 4.44067E-4 4.74015E-4 4.26562E-4 4.66365E-4 4.98759E-4 4.66814E-4 3.75076E-4 4.33033E-4 4.64317E-4 4.9442E-4 6.04527E-4 6.77925E-4 7.594E-4 7.62504E-4 9.49436E-4 9.03358E-4 8.60121E-4 9.85904E-4 1.04575E-3 1.06296E-3 1.13365E-3 1.3321E-3 1.41765E-3
