Artocarpus hirsutus SDM files/MIS19/results (without bias file)/Arthir_1.asc
ncols         625
nrows         721
xllcorner     69.99986311115
yllcorner     5.99986187915
cellsize      0.041666667
NODATA_value  -9999
[rows 162 to 188 of 721, columns 61 to 121 of 625]
4.30053E-6 4.41598E-6 4.19623E-6 4.19295E-6 4.42916E-6 4.30892E-6 4.30296E-6 4.56977E-6 4.18395E-6 4.44299E-6 2.93493E-6 3.15755E-6 3.03271E-6 3.02336E-6 3.29503E-6 3.2469E-6 6.21127E-7 6.38992E-7 6.07895E-7 6.23056E-7 5.89015E-7 6.03703E-7 5.80562E-7 5.43334E-7 5.5398E-7 5.65682E-7 5.43678E-7 5.60599E-7 5.03771E-7 4.82156E-7 4.94163E-7 4.63139E-7 5.2021E-7 4.42705E-7 4.88899E-7 5.09732E-7 5.35409E-7 5.6157E-7 5.69903E-7 6.78003E-7 7.14782E-7 8.16481E-7 7.6656E-7 9.50825E-7 9.81704E-7 1.12537E-6 1.20216E-6 1.26256E-6 1.32091E-6 1.49111E-6 1.4685E-6 1.67559E-6 1.93403E-6 2.0998E-6 2.40003E-6 2.52976E-6 2.94374E-6 3.09664E-6 3.44623E-6 3.69782E-6 3.81116E-6
4.26026E-6 4.14785E-6 4.07606E-6 4.12254E-6 4.37878E-6 4.34159E-6 4.27878E-6 4.27171E-6 4.50227E-6 4.11355E-6 4.42585E-6 3.0757E-6 3.01587E-6 3.24434E-6 3.18024E-6 6.51867E-7 6.18903E-7 6.36704E-7 6.63831E-7 6.30117E-7 6.43355E-7 6.10544E-7 5.74991E-7 5.90706E-7 6.03109E-7 5.72093E-7 5.53171E-7 4.97097E-7 5.14404E-7 4.75771E-7 4.92331E-7 5.13326E-7 4.82825E-7 4.78862E-7 4.94439E-7 5.13597E-7 5.82497E-7 6.1149E-7 6.37528E-7 6.607E-7 7.17442E-7 8.11717E-7 8.494E-7 8.02142E-7 1.06132E-6 1.11041E-6 1.16191E-6 1.25059E-6 1.32599E-6 1.39019E-6 1.60163E-6 1.6758E-6 1.89452E-6 2.0643E-6 2.36337E-6 2.45411E-6 2.94412E-6 3.05608E-6 3.17329E-6 3.69782E-6 3.76128E-6
4.29256E-6 3.86632E-6 4.07606E-6 4.16925E-6 4.16487E-6 4.44913E-6 4.646E-6 4.21578E-6 4.46046E-6 4.79946E-6 4.40118E-6 3.11055E-6 3.29049E-6 3.02941E-6 6.83978E-7 7.06273E-7 6.6417E-7 6.25837E-7 6.52587E-7 6.19367E-7 6.34815E-7 6.00207E-7 6.21215E-7 5.92904E-7 6.03186E-7 5.67859E-7 5.10412E-7 5.3139E-7 5.05709E-7 4.74007E-7 4.94226E-7 4.68388E-7 5.26105E-7 4.77822E-7 5.36695E-7 6.18821E-7 5.88767E-7 6.05657E-7 6.36158E-7 7.46892E-7 7.81581E-7 8.20916E-7 8.59026E-7 8.77105E-7 1.06527E-6 1.11883E-6 1.17945E-6 1.33657E-6 1.30855E-6 1.55847E-6 1.57473E-6 1.66612E-6 1.90157E-6 1.81024E-6 2.17996E-6 2.22541E-6 2.3949E-6 3.01565E-6 3.10182E-6 3.51733E-6 3.72586E-6
4.34121E-6 4.17931E-6 4.10697E-6 4.20087E-6 3.82871E-6 4.05146E-6 4.32727E-6 4.32012E-6 4.51101E-6 4.46823E-6 4.41755E-6 4.39003E-6 4.62613E-6 7.22861E-7 7.46425E-7 6.50493E-7 6.6417E-7 6.92562E-7 6.55098E-7 6.66386E-7 6.34895E-7 6.00207E-7 6.21215E-7 5.89401E-7 6.0543E-7 5.70044E-7 5.15416E-7 5.37412E-7 5.05709E-7 5.20234E-7 4.97911E-7 5.12207E-7 5.26105E-7 4.69693E-7 4.97902E-7 5.63487E-7 5.85317E-7 6.57274E-7 6.33799E-7 5.99609E-7 7.21728E-7 7.52033E-7 8.62222E-7 9.75289E-7 1.03047E-6 1.12314E-6 1.26994E-6 1.32882E-6 1.38765E-6 1.47369E-6 1.76496E-6 1.62602E-6 1.74327E-6 2.01118E-6 2.37247E-6 2.43124E-6 2.29782E-6 2.6012E-6 2.72707E-6 3.17229E-6 3.21438E-6
4.34121E-6 4.211E-6 4.23598E-6 3.92859E-6 4.12602E-6 4.01319E-6 4.30294E-6 4.63049E-6 4.58782E-6 4.50212E-6 4.43331E-6 4.29211E-6 4.26427E-6 1.00315E-6 6.94391E-7 7.02082E-7 7.32099E-7 6.97814E-7 6.57536E-7 6.73937E-7 6.39629E-7 6.59565E-7 6.25926E-7 5.95186E-7 6.07683E-7 5.96091E-7 5.63265E-7 5.34415E-7 5.54905E-7 5.22169E-7 5.42424E-7 5.51746E-7 5.24653E-7 5.20352E-7 5.29358E-7 5.51851E-7 5.87495E-7 6.0694E-7 5.79481E-7 7.45383E-7 7.77015E-7 8.13099E-7 8.54016E-7 9.09082E-7 9.31664E-7 9.74891E-7 1.14516E-6 1.38474E-6 1.43802E-6 1.65846E-6 1.74824E-6 1.85358E-6 1.88292E-6 1.9408E-6 2.08869E-6 2.44937E-6 2.51438E-6 2.53866E-6 2.62631E-6 3.09565E-6 3.16053E-6
3.73788E-6 3.97066E-6 4.08371E-6 4.20879E-6 4.17278E-6 4.05867E-6 4.39314E-6 4.63049E-6 4.62261E-6 4.53626E-6 4.75403E-6 9.85979E-7 1.05995E-6 1.0945E-6 1.02196E-6 7.07406E-7 7.3765E-7 6.9265E-7 7.1257E-7 6.73937E-7 6.26465E-7 6.02593E-7 6.23606E-7 5.6077E-7 5.80315E-7 5.46328E-7 5.18117E-7 5.38468E-7 5.45698E-7 5.15253E-7 5.29984E-7 5.55604E-7 5.69438E-7 5.22288E-7 5.32386E-7 5.5302E-7 5.2605E-7 6.09199E-7 6.81255E-7 7.4262E-7 7.77114E-7 8.16228E-7 8.54125E-7 9.73338E-7 1.0146E-6 1.06351E-6 1.11284E-6 1.29722E-6 1.42438E-6 1.48468E-6 1.65991E-6 1.80896E-6 1.97209E-6 1.92244E-6 2.03845E-6 2.11673E-6 2.50537E-6 2.54811E-6 2.68015E-6 3.02846E-6 3.22532E-6
3.76623E-6 4.00077E-6 3.99331E-6 3.59187E-6 3.90146E-6 4.08944E-6 4.29466E-6 4.15768E-6 4.41535E-6 4.40665E-6 4.70558E-6 9.8913E-7 1.02966E-6 1.00091E-6 1.02971E-6 7.73819E-7 7.90086E-7 7.50459E-7 7.07297E-7 6.71524E-7 6.85634E-7 6.50811E-7 5.83122E-7 6.03528E-7 5.80315E-7 5.50471E-7 5.11182E-7 5.31027E-7 5.96077E-7 5.64182E-7 5.38913E-7 5.149E-7 5.25764E-7 4.72224E-7 5.36423E-7 5.60502E-7 5.66781E-7 6.53507E-7 6.86421E-7 8.08833E-7 8.40139E-7 8.67443E-7 9.07722E-7 9.4622E-7 1.09854E-6 1.14951E-6 1.19378E-6 1.24914E-6 1.38474E-6 1.44355E-6 1.80291E-6 1.91014E-6 2.00605E-6 2.10676E-6 1.94827E-6 2.26891E-6 2.35603E-6 2.75073E-6 2.79801E-6 2.89461E-6 2.98246E-6
3.70927E-6 3.73799E-6 3.68538E-6 3.90014E-6 3.89524E-6 3.34937E-6 3.54412E-6 4.13435E-6 4.44884E-6 4.33292E-6 1.12259E-6 1.08959E-6 1.11665E-6 9.68706E-7 1.12182E-6 1.02755E-6 7.37744E-7 7.66329E-7 7.17974E-7 6.71524E-7 6.93404E-7 6.53233E-7 5.91924E-7 6.13618E-7 6.31255E-7 5.84284E-7 5.63846E-7 5.81586E-7 6.00881E-7 6.11214E-7 5.37984E-7 5.09973E-7 5.79185E-7 5.68E-7 5.38419E-7 5.64429E-7 6.97082E-7 6.63372E-7 7.47623E-7 8.05834E-7 8.35123E-7 8.7391E-7 9.90019E-7 1.0437E-6 1.0759E-6 1.12583E-6 1.165E-6 1.32189E-6 1.28015E-6 1.49132E-6 1.6593E-6 1.8545E-6 1.88642E-6 2.2407E-6 2.14995E-6 2.24086E-6 2.27735E-6 2.33239E-6 2.48948E-6 2.79672E-6 2.90406E-6
3.70927E-6 4.12641E-6 3.62778E-6 3.47631E-6 3.69243E-6 3.24141E-6 3.58429E-6 3.764E-6 3.79174E-6 8.92986E-7 9.22107E-7 1.04265E-6 1.00191E-6 9.42592E-7 1.09571E-6 9.58859E-7 9.79643E-7 7.25941E-7 6.8419E-7 6.98568E-7 6.68179E-7 5.77162E-7 5.97366E-7 6.09914E-7 5.69163E-7 5.41903E-7 5.61038E-7 5.77159E-7 5.60142E-7 6.22749E-7 5.88395E-7 5.57631E-7 5.77038E-7 5.29326E-7 5.94149E-7 6.17177E-7 6.9034E-7 7.17081E-7 7.42091E-7 7.98151E-7 9.02655E-7 9.49729E-7 9.93829E-7 1.03214E-6 1.08406E-6 1.12165E-6 1.17369E-6 1.50666E-6 1.53264E-6 1.63134E-6 1.57408E-6 1.85382E-6 2.07143E-6 1.99494E-6 2.09971E-6 2.21861E-6 2.30385E-6 2.28446E-6 2.35383E-6 2.45362E-6 3.03631E-6
3.58993E-6 3.35114E-6 3.56681E-6 3.50267E-6 3.27166E-6 3.21119E-6 3.18064E-6 3.37797E-6 3.49217E-6 8.61396E-7 8.02492E-7 8.5137E-7 7.34714E-7 8.17636E-7 7.82253E-7 8.94243E-7 6.50331E-7 6.57534E-7 6.24202E-7 6.48466E-7 6.04955E-7 6.20043E-7 5.8973E-7 6.06683E-7 5.83351E-7 5.93467E-7 5.67396E-7 5.81462E-7 5.51435E-7 6.29806E-7 6.3826E-7 6.05022E-7 5.85749E-7 6.50058E-7 6.00882E-7 6.78688E-7 7.07605E-7 7.27906E-7 7.50405E-7 8.77005E-7 9.10954E-7 9.33602E-7 9.76958E-7 1.03611E-6 1.07604E-6 1.2166E-6 1.29416E-6 1.54981E-6 1.58828E-6 1.6435E-6 1.86025E-6 1.93493E-6 2.03942E-6 1.94236E-6 2.15352E-6 2.26663E-6 2.32653E-6 2.3842E-6 2.58823E-6 2.52772E-6 2.97394E-6
2.93285E-6 2.89105E-6 3.0483E-6 3.04396E-6 2.90982E-6 3.05599E-6 3.00989E-6 3.28208E-6 7.6396E-7 7.85953E-7 8.25695E-7 8.36827E-7 7.87113E-7 8.17636E-7 8.52601E-7 7.98702E-7 8.55541E-7 6.57534E-7 6.73939E-7 6.39773E-7 6.05031E-7 6.73582E-7 6.39369E-7 5.61611E-7 6.19503E-7 5.98158E-7 6.10794E-7 5.837E-7 6.00394E-7 6.26016E-7 6.50305E-7 6.70136E-7 6.39076E-7 7.05149E-7 5.94224E-7 6.24171E-7 6.91496E-7 7.25208E-7 7.58909E-7 9.71282E-7 9.95431E-7 1.0125E-6 9.76958E-7 1.10051E-6 1.17334E-6 1.22048E-6 1.2628E-6 1.34416E-6 1.55001E-6 1.76753E-6 1.88109E-6 1.93493E-6 1.82516E-6 2.07378E-6 2.14553E-6 2.22003E-6 2.3526E-6 2.36135E-6 2.6281E-6 2.71331E-6 2.74973E-6
2.74215E-6 2.91298E-6 3.0483E-6 3.23794E-6 3.22118E-6 2.94274E-6 3.10188E-6 8.01223E-7 8.24291E-7 7.88978E-7 8.19585E-7 8.54647E-7 8.57718E-7 8.20782E-7 7.82253E-7 7.95842E-7 8.49209E-7 8.12276E-7 6.71441E-7 6.37483E-7 6.53301E-7 6.73582E-7 5.91999E-7 6.06683E-7 6.32875E-7 6.39965E-7 6.62267E-7 6.28344E-7 6.47513E-7 6.71081E-7 7.0232E-7 7.21483E-7 6.93546E-7 7.1314E-7 6.54457E-7 6.74706E-7 6.94069E-7 8.02897E-7 8.33991E-7 9.61899E-7 9.99135E-7 1.04166E-6 1.05952E-6 1.23415E-6 1.27424E-6 1.31354E-6 1.39302E-6 1.43273E-6 1.52424E-6 1.80066E-6 1.88413E-6 1.75754E-6 1.99673E-6 2.05843E-6 2.12966E-6 2.39598E-6 2.24381E-6 2.5347E-6 2.60686E-6 2.67736E-6 2.6477E-6
2.74215E-6 2.91298E-6 2.84948E-6 2.84479E-6 2.99887E-6 3.17334E-6 8.43243E-7 8.10303E-7 8.30542E-7 7.72618E-7 8.05682E-7 8.48322E-7 8.57827E-7 8.11688E-7 8.3815E-7 8.97684E-7 8.55541E-7 6.6252E-7 9.39106E-7 6.42235E-7 6.6464E-7 6.28465E-7 6.41748E-7 6.09017E-7 6.26723E-7 6.42346E-7 6.78445E-7 6.95352E-7 6.59733E-7 6.7617E-7 6.97123E-7 7.14486E-7 7.47734E-7 7.7673E-7 7.40787E-7 6.70746E-7 7.62736E-7 7.92186E-7 8.85806E-7 9.58455E-7 9.95431E-7 1.12109E-6 1.18834E-6 1.23415E-6 1.27424E-6 1.31843E-6 1.3796E-6 1.43807E-6 1.64621E-6 1.56789E-6 1.64037E-6 1.92276E-6 1.95999E-6 2.20621E-6 2.29843E-6 2.3642E-6 2.38182E-6 2.45507E-6 2.71607E-6 2.80997E-6 2.8583E-6
2.60716E-6 2.75928E-6 2.92016E-6 2.84479E-6 2.80204E-6 2.96506E-6 8.46381E-7 8.04307E-7 8.24396E-7 8.41746E-7 8.05682E-7 9.18604E-7 8.79239E-7 8.82399E-7 8.44398E-7 8.97684E-7 9.16558E-7 8.8015E-7 6.58206E-7 6.22599E-7 6.62176E-7 6.28544E-7 6.41748E-7 7.2242E-7 6.85724E-7 6.48252E-7 6.66882E-7 6.97939E-7 7.17992E-7 6.81212E-7 7.07646E-7 7.22583E-7 7.3774E-7 7.69204E-7 8.06843E-7 7.34374E-7 8.18031E-7 8.49723E-7 8.73991E-7 1.03923E-6 9.80052E-7 1.12048E-6 1.16383E-6 1.2224E-6 1.27898E-6 1.44542E-6 1.49554E-6 1.5793E-6 1.61231E-6 1.67706E-6 1.74183E-6 1.81872E-6 2.13241E-6 2.20512E-6 2.15777E-6 2.56175E-6 2.59045E-6 2.62528E-6 2.68005E-6 2.706E-6 3.02158E-6
3.15126E-6 3.01385E-6 2.87109E-6 2.86636E-6 3.04453E-6 8.3711E-7 8.5802E-7 8.10406E-7 9.04654E-7 9.30695E-7 8.84308E-7 9.18721E-7 9.45037E-7 8.82399E-7 8.41268E-7 8.97684E-7 9.23508E-7 8.73637E-7 8.10456E-7 8.27487E-7 6.73246E-7 6.90036E-7 7.66682E-7 7.27806E-7 7.43186E-7 7.08057E-7 7.23016E-7 7.56687E-7 7.26129E-7 7.51514E-7 7.67281E-7 7.25272E-7 8.10851E-7 7.76375E-7 8.67861E-7 8.20332E-7 8.04221E-7 8.38385E-7 8.77354E-7 1.0117E-6 1.06448E-6 1.21479E-6 1.27104E-6 1.30748E-6 1.38646E-6 1.4508E-6 1.50929E-6 1.7053E-6 1.62433E-6 1.67085E-6 1.89105E-6 1.97113E-6 2.30944E-6 2.40719E-6 2.14977E-6 2.35168E-6 2.59149E-6 2.49743E-6 2.67521E-6 2.76808E-6 2.79452E-6
2.83154E-6 2.78021E-6 3.11818E-6 2.99847E-6 9.39109E-7 8.37216E-7 8.43351E-7 8.01427E-7 8.91314E-7 8.44985E-7 8.77764E-7 8.37039E-7 9.45037E-7 8.82399E-7 9.45199E-7 8.97684E-7 9.7539E-7 8.55101E-7 8.79694E-7 8.35095E-7 6.48796E-7 7.45257E-7 7.66682E-7 7.4328E-7 7.43186E-7 7.08057E-7 7.23016E-7 6.82083E-7 7.13848E-7 7.33247E-7 7.64534E-7 7.83577E-7 8.83784E-7 7.76375E-7 7.92755E-7 8.86167E-7 9.11602E-7 9.09502E-7 9.87267E-7 1.02493E-6 1.06844E-6 1.20754E-6 1.25411E-6 1.29968E-6 1.20504E-6 1.37732E-6 1.55044E-6 1.64185E-6 1.71801E-6 1.80056E-6 1.85901E-6 1.94495E-6 2.0351E-6 2.24314E-6 2.32077E-6 2.36921E-6 2.60113E-6 2.36921E-6 2.63576E-6 2.95348E-6 2.72091E-6
2.84244E-6 2.73346E-6 3.14801E-6 3.06143E-6 9.39109E-7 8.9614E-7 8.40224E-7 9.50003E-7 9.69996E-7 9.32302E-7 8.77764E-7 9.2154E-7 9.53726E-7 9.77406E-7 9.12738E-7 8.85306E-7 9.03917E-7 9.29797E-7 8.98294E-7 9.04876E-7 6.48796E-7 7.56506E-7 7.82886E-7 7.82886E-7 7.46046E-7 7.61809E-7 7.77903E-7 7.28499E-7 7.08565E-7 7.36068E-7 7.68703E-7 7.90781E-7 8.21455E-7 8.38682E-7 8.56376E-7 8.89464E-7 9.14994E-7 9.46809E-7 1.05583E-6 1.10283E-6 1.13433E-6 1.19144E-6 1.25142E-6 1.12542E-6 1.31832E-6 1.46742E-6 1.53551E-6 1.63576E-6 1.86478E-6 1.91795E-6 1.85212E-6 2.09992E-6 2.16458E-6 2.21828E-6 2.23121E-6 2.29506E-6 2.52878E-6 2.59149E-6 2.64557E-6 2.65508E-6 2.71082E-6
3.4786E-6 3.7162E-6 3.49512E-6 1.02549E-6 9.58362E-7 9.89627E-7 1.01287E-6 9.73729E-7 9.97918E-7 9.08744E-7 8.6356E-7 8.93726E-7 9.53726E-7 9.94512E-7 9.25152E-7 9.58862E-7 9.92327E-7 9.42553E-7 9.62361E-7 8.98294E-7 6.95575E-7 7.12922E-7 8.24523E-7 7.79983E-7 7.96466E-7 7.56171E-7 7.10782E-7 7.2589E-7 7.63741E-7 8.6307E-7 8.33407E-7 8.44595E-7 8.77356E-7 8.35573E-7 8.77696E-7 8.92773E-7 1.00905E-6 1.03581E-6 1.11393E-6 1.09829E-6 1.12754E-6 1.15393E-6 1.21654E-6 1.11295E-6 1.26923E-6 1.45656E-6 1.54122E-6 1.82637E-6 1.83317E-6 1.90375E-6 1.94378E-6 2.01886E-6 2.25442E-6 2.31896E-6 2.38503E-6 2.4442E-6 2.47676E-6 2.52846E-6 2.77535E-6 2.87135E-6 3.19817E-6
2.61991E-6 2.99384E-6 9.57273E-7 9.8119E-7 9.43483E-7 9.72846E-7 9.8362E-7 9.38608E-7 9.58359E-7 9.02019E-7 9.24542E-7 8.93726E-7 9.19327E-7 1.0687E-6 9.94385E-7 9.51766E-7 9.71774E-7 9.26468E-7 9.22153E-7 9.41651E-7 1.00491E-6 1.02222E-6 8.24523E-7 7.80082E-7 7.93513E-7 8.23825E-7 7.71674E-7 7.93952E-7 8.21616E-7 7.79871E-7 7.99301E-7 8.16074E-7 7.80208E-7 8.16518E-7 8.62761E-7 9.54993E-7 1.00473E-6 1.03357E-6 1.05915E-6 1.09422E-6 1.15361E-6 1.17993E-6 1.22493E-6 1.20582E-6 1.25984E-6 1.43184E-6 1.49829E-6 1.7954E-6 1.83317E-6 1.88266E-6 2.1809E-6 2.00366E-6 2.24107E-6 2.49273E-6 2.58861E-6 2.38473E-6 2.71861E-6 2.70819E-6 2.76507E-6 2.82277E-6 3.08584E-6
3.38524E-6 1.0241E-6 9.64532E-7 9.8119E-7 8.91126E-7 1.04086E-6 9.83745E-7 1.00445E-6 9.58481E-7 9.02019E-7 9.31434E-7 8.53587E-7 9.26298E-7 9.81167E-7 1.09117E-6 1.0268E-6 1.07056E-6 1.02087E-6 9.98897E-7 9.3816E-7 9.65137E-7 9.06249E-7 1.04771E-6 8.70873E-7 8.89161E-7 9.14714E-7 8.57106E-7 7.3529E-7 7.45266E-7 8.29672E-7 7.96338E-7 8.16074E-7 8.39514E-7 8.16518E-7 9.19347E-7 8.78418E-7 8.8624E-7 1.03948E-6 1.0077E-6 1.0637E-6 1.10901E-6 1.25049E-6 1.31834E-6 1.36351E-6 1.54383E-6 1.38366E-6 1.46411E-6 1.7954E-6 2.06088E-6 1.87148E-6 2.23004E-6 2.2851E-6 2.26253E-6 2.33595E-6 2.56375E-6 2.47676E-6 2.72838E-6 2.76471E-6 3.02276E-6 3.08623E-6 3.4439E-6
9.99264E-7 9.67272E-7 8.38922E-7 8.63082E-7 8.84531E-7 9.90428E-7 8.6503E-7 8.93131E-7 8.52071E-7 8.8512E-7 9.03854E-7 8.53587E-7 8.93407E-7 9.15587E-7 1.1075E-6 1.05242E-6 1.07854E-6 1.06967E-6 1.02002E-6 1.04145E-6 9.92886E-7 8.65345E-7 8.83521E-7 8.48595E-7 9.98227E-7 9.31977E-7 8.78467E-7 9.19373E-7 9.94472E-7 9.19257E-7 8.66171E-7 8.91053E-7 9.35996E-7 9.68127E-7 9.18807E-7 9.38195E-7 9.11222E-7 9.89605E-7 1.04723E-6 1.19475E-6 1.24764E-6 1.37016E-6 1.32325E-6 1.37368E-6 1.61164E-6 1.59654E-6 1.65807E-6 1.75446E-6 1.87262E-6 2.13913E-6 2.21326E-6 2.27663E-6 2.29639E-6 2.34434E-6 2.63713E-6 2.42549E-6 2.75895E-6 3.09771E-6 3.09732E-6 3.16234E-6 3.20442E-6
9.70994E-7 9.87764E-7 9.30306E-7 8.81252E-7 9.06627E-7 9.22278E-7 8.86634E-7 8.93131E-7 1.014E-6 9.51062E-7 9.71068E-7 9.40281E-7 8.96731E-7 9.3149E-7 1.08436E-6 1.11804E-6 1.06638E-6 1.09704E-6 1.08384E-6 1.1717E-6 1.20284E-6 1.14006E-6 1.21213E-6 8.58211E-7 9.94526E-7 8.26031E-7 7.78433E-7 8.14578E-7 9.72831E-7 9.69102E-7 1.01421E-6 9.17924E-7 8.61625E-7 8.94521E-7 9.099E-7 8.99162E-7 9.4437E-7 9.53606E-7 9.77341E-7 1.06126E-6 1.22204E-6 1.27393E-6 1.33808E-6 1.51485E-6 1.75321E-6 1.74301E-6 1.6482E-6 1.72469E-6 2.03322E-6 2.14682E-6 2.41502E-6 2.17355E-6 2.30493E-6 2.35307E-6 2.6726E-6 2.70819E-6 2.79569E-6 2.89276E-6 3.16234E-6 3.22872E-6 3.37775E-6
1.04617E-6 9.91439E-7 9.37242E-7 7.83014E-7 9.23619E-7 9.36081E-7 8.71479E-7 9.76141E-7 1.01024E-6 9.54601E-7 9.00503E-7 8.53696E-7 9.56496E-7 9.93697E-7 9.35074E-7 8.84966E-7 9.51589E-7 9.75327E-7 9.72457E-7 1.00414E-6 1.02524E-6 1.11661E-6 1.05666E-6 8.39406E-7 8.6033E-7 8.50798E-7 8.80447E-7 7.59504E-7 8.03678E-7 7.49847E-7 8.79246E-7 9.23598E-7 9.21646E-7 9.44602E-7 9.71606E-7 8.89199E-7 9.8392E-7 9.57154E-7 1.1114E-6 1.08115E-6 1.22818E-6 1.2978E-6 1.44451E-6 1.50023E-6 1.70435E-6 1.82218E-6 1.7797E-6 1.85434E-6 2.056E-6 2.31657E-6 2.44754E-6 2.21102E-6 2.47765E-6 2.58286E-6 2.6822E-6 2.75895E-6 2.87567E-6 2.9641E-6 3.02631E-6 3.27662E-6 3.32064E-6
9.74607E-7 9.21213E-7 9.03321E-7 8.55799E-7 8.73814E-7 8.33723E-7 8.43064E-7 9.12156E-7 9.31348E-7 9.48804E-7 8.95037E-7 8.56872E-7 9.76856E-7 9.12309E-7 9.54853E-7 1.12924E-6 1.07331E-6 1.02372E-6 1.1427E-6 1.08989E-6 1.02918E-6 1.05094E-6 8.34541E-7 1.13865E-6 9.11277E-7 9.69128E-7 9.93156E-7 9.23805E-7 9.42744E-7 9.57435E-7 9.31279E-7 8.93945E-7 9.94957E-7 9.48116E-7 9.17452E-7 9.6014E-7 9.80272E-7 9.33907E-7 1.05518E-6 1.15447E-6 1.19852E-6 1.33386E-6 1.39885E-6 1.46365E-6 1.67521E-6 2.00658E-6 2.02586E-6 2.10057E-6 2.21913E-6 2.0575E-6 2.46548E-6 2.2275E-6 2.52034E-6 2.57296E-6 2.69218E-6 2.775E-6 2.85439E-6 2.97513E-6 3.39741E-6 3.39183E-6 3.463E-6
9.42829E-7 8.78035E-7 8.99973E-7 9.15513E-7 8.77065E-7 9.02316E-7 9.17891E-7 8.79143E-7 9.09858E-7 8.56369E-7 9.95307E-7 9.29862E-7 9.63749E-7 9.93061E-7 1.02163E-6 9.64936E-7 1.17751E-6 1.19795E-6 1.22328E-6 1.05708E-6 9.96711E-7 1.09652E-6 1.0316E-6 1.07553E-6 9.01066E-7 8.47537E-7 8.80336E-7 1.10825E-6 1.04264E-6 8.86544E-7 9.08637E-7 9.43787E-7 9.70775E-7 8.76765E-7 8.95158E-7 9.36694E-7 9.80272E-7 1.00841E-6 1.05127E-6 1.11554E-6 1.17377E-6 1.31908E-6 1.40406E-6 1.46365E-6 1.669E-6 1.98409E-6 1.8914E-6 2.22901E-6 2.34111E-6 2.32608E-6 2.18164E-6 2.61417E-6 2.54857E-6 2.42912E-6 2.77045E-6 2.81779E-6 2.90919E-6 3.24708E-6 3.39183E-6 3.5018E-6 3.5221E-6
8.66338E-7 8.87872E-7 9.19036E-7 9.38502E-7 8.73814E-7 9.65399E-7 9.14488E-7 9.40812E-7 8.90998E-7 9.0098E-7 9.59407E-7 1.0102E-6 9.40897E-7 1.04008E-6 1.02163E-6 1.02543E-6 1.04712E-6 1.06933E-6 1.18909E-6 1.01238E-6 1.026E-6 1.1006E-6 8.80379E-7 1.07154E-6 8.53955E-7 8.74705E-7 9.08555E-7 1.10414E-6 9.40546E-7 9.62534E-7 9.90189E-7 1.01097E-6 9.13269E-7 9.359E-7 9.56989E-7 9.05072E-7 9.47189E-7 8.86921E-7 1.04007E-6 1.09501E-6 1.2483E-6 1.31891E-6 1.39032E-6 1.46891E-6 1.72453E-6 1.82774E-6 2.08391E-6 2.25398E-6 2.34081E-6 2.69269E-6 2.49405E-6 2.51585E-6 2.60179E-6 2.67745E-6 2.78041E-6 2.90919E-6 2.94792E-6 3.06159E-6 3.19103E-6 3.32592E-6 3.64981E-6
7.77479E-7 7.90908E-7 8.75904E-7 9.19036E-7 9.34904E-7 9.82187E-7 9.91744E-7 9.3385E-7 9.57046E-7 9.16641E-7 1.04E-6 9.62977E-7 9.92268E-7 1.01703E-6 1.08155E-6 1.01716E-6 1.06065E-6 1.01173E-6 1.15585E-6 1.17141E-6 1.1024E-6 1.05537E-6 1.10866E-6 1.06507E-6 1.00655E-6 9.40044E-7 8.96393E-7 9.64161E-7 9.84401E-7 9.29366E-7 9.45354E-7 9.68908E-7 9.85573E-7 1.01388E-6 8.76542E-7 8.92971E-7 9.20632E-7 9.54129E-7 9.09005E-7 1.20172E-6 1.24814E-6 1.28673E-6 1.37491E-6 1.44396E-6 1.77375E-6 1.88014E-6 1.9716E-6 2.31856E-6 2.62293E-6 2.72286E-6 2.85513E-6 2.64413E-6 2.63211E-6 2.74351E-6 2.8706E-6 2.96989E-6 2.8205E-6 3.13707E-6 3.24591E-6 3.35807E-6 3.76236E-6
