Artocarpus hirsutus SDM files/MIS19/results (without bias file)/Arthir_0.asc
ncols         625
nrows         721
xllcorner     69.99986311115
yllcorner     5.99986187915
cellsize      0.041666667
NODATA_value  -9999
[rows 216 to 242 of 721, columns 61 to 121 of 625]
7.6377E-7 6.89358E-7 6.06288E-7 7.81052E-7 6.59259E-7 7.86487E-7 7.18145E-7 8.13666E-7 8.32387E-7 7.56368E-7 9.00662E-7 1.28143E-6 1.35628E-6 1.0621E-6 1.43927E-6 1.526E-6 1.57567E-6 1.54064E-6 1.68879E-6 1.6899E-6 1.69816E-6 2.03356E-6 2.19322E-6 2.34118E-6 2.09549E-6 2.02082E-6 1.74905E-6 1.63494E-6 1.59658E-6 1.69865E-6 1.79374E-6 1.77942E-6 1.71091E-6 1.41108E-6 1.43491E-6 1.30713E-6 1.36185E-6 1.4403E-6 1.62349E-6 1.56759E-6 1.60636E-6 1.63962E-6 1.85683E-6 1.90859E-6 1.9779E-6 2.06835E-6 2.19114E-6 2.2792E-6 2.62579E-6 2.74576E-6 2.87759E-6 3.11812E-6 3.56032E-6 3.81509E-6 3.56146E-6 6.44041E-6 3.67747E-6 3.60302E-6 4.94679E-6 5.37962E-6 5.58787E-6
8.04098E-7 7.56899E-7 6.76478E-7 9.82584E-7 7.05109E-7 7.62134E-7 6.59675E-7 7.94963E-7 7.25124E-7 8.37937E-7 9.45597E-7 1.18246E-6 1.21154E-6 1.07243E-6 1.18447E-6 1.36284E-6 1.4072E-6 1.37592E-6 1.64534E-6 1.94739E-6 1.54229E-6 1.91429E-6 2.22637E-6 2.26401E-6 2.05655E-6 2.18804E-6 1.81908E-6 1.64725E-6 1.51528E-6 1.66708E-6 1.70881E-6 1.69812E-6 1.69812E-6 1.37726E-6 1.37726E-6 1.31927E-6 1.39528E-6 1.46787E-6 1.5039E-6 1.55003E-6 1.62456E-6 1.62735E-6 1.60422E-6 1.52784E-6 1.70967E-6 1.88563E-6 2.21631E-6 2.51068E-6 2.66555E-6 2.80875E-6 3.1641E-6 3.39765E-6 4.19705E-6 3.13878E-6 4.30461E-6 5.6396E-6 3.64951E-6 3.78031E-6 4.7073E-6 5.96383E-6 6.56971E-6
7.37244E-7 8.17467E-7 6.99853E-7 6.75906E-7 7.29476E-7 6.71088E-7 7.66666E-7 7.17269E-7 7.55824E-7 9.7283E-7 8.86587E-7 1.03121E-6 1.05062E-6 1.10092E-6 1.23654E-6 1.30094E-6 1.53128E-6 1.60901E-6 1.64896E-6 1.85401E-6 1.71277E-6 1.66244E-6 2.03041E-6 2.10428E-6 1.78605E-6 2.0228E-6 1.67249E-6 1.67878E-6 1.66366E-6 1.69176E-6 1.70827E-6 1.66991E-6 1.55351E-6 1.5175E-6 1.27102E-6 1.32921E-6 1.42733E-6 1.62709E-6 1.50158E-6 1.53844E-6 1.63962E-6 1.42892E-6 1.46101E-6 1.51641E-6 1.7255E-6 1.8626E-6 2.18569E-6 2.48567E-6 2.74727E-6 3.18308E-6 3.32337E-6 3.8089E-6 3.11954E-6 3.21502E-6 5.17742E-6 4.05904E-6 3.72154E-6 4.26391E-6 5.33285E-6 5.94142E-6 6.04125E-6
7.16854E-7 7.38858E-7 6.84599E-7 6.6463E-7 7.21571E-7 7.21571E-7 7.53876E-7 7.59768E-7 7.90202E-7 7.84882E-7 8.76064E-7 8.14775E-7 1.00007E-6 9.65761E-7 1.04496E-6 1.25464E-6 1.43145E-6 1.64083E-6 1.79713E-6 1.84985E-6 1.76144E-6 1.58367E-6 1.93295E-6 2.20502E-6 2.23045E-6 1.87608E-6 2.0973E-6 1.49108E-6 1.66733E-6 1.70529E-6 1.52534E-6 1.51963E-6 1.57109E-6 1.38791E-6 1.28766E-6 1.40362E-6 1.49007E-6 1.49337E-6 1.5243E-6 1.59406E-6 1.58082E-6 1.64077E-6 1.62849E-6 1.71231E-6 1.77448E-6 1.86673E-6 1.98193E-6 2.31849E-6 2.76572E-6 3.18003E-6 3.17155E-6 4.31124E-6 2.93226E-6 3.17372E-6 4.83225E-6 4.05003E-6 3.95922E-6 4.72859E-6 5.43412E-6 7.52328E-6 5.84323E-6
7.95471E-7 7.94235E-7 7.41628E-7 7.63207E-7 6.81208E-7 7.94665E-7 7.74117E-7 7.68345E-7 7.64286E-7 8.08387E-7 8.08387E-7 8.61704E-7 8.96223E-7 1.05381E-6 1.00822E-6 1.10524E-6 1.16491E-6 1.59348E-6 1.61795E-6 1.75058E-6 2.04392E-6 1.92872E-6 1.68495E-6 2.12434E-6 2.06522E-6 1.9733E-6 2.06821E-6 1.69047E-6 1.79402E-6 1.60635E-6 1.50827E-6 1.51394E-6 1.47885E-6 1.4979E-6 1.31724E-6 1.4142E-6 1.47893E-6 1.51859E-6 1.55003E-6 1.58213E-6 1.60997E-6 1.63462E-6 1.6966E-6 1.74505E-6 1.91559E-6 1.83889E-6 2.18377E-6 2.38428E-6 2.53695E-6 2.90679E-6 3.1564E-6 4.00184E-6 3.03817E-6 3.25979E-6 3.68089E-6 3.97414E-6 4.4949E-6 4.9474E-6 5.1617E-6 6.0543E-6 6.7091E-6
7.98453E-7 7.91269E-7 7.37487E-7 7.68711E-7 7.11154E-7 7.38497E-7 7.92283E-7 7.85153E-7 8.17515E-7 7.78955E-7 8.56062E-7 8.33204E-7 8.99585E-7 1.02851E-6 1.12297E-6 1.11355E-6 1.34865E-6 1.5774E-6 1.49074E-6 1.72145E-6 1.84579E-6 1.99537E-6 1.8663E-6 1.67873E-6 2.0133E-6 1.91713E-6 2.05097E-6 1.88991E-6 1.89738E-6 1.64943E-6 1.57456E-6 1.58642E-6 1.53807E-6 1.4327E-6 1.44349E-6 1.51788E-6 1.45984E-6 1.40325E-6 1.54082E-6 1.59082E-6 1.4743E-6 1.66845E-6 1.79828E-6 1.65004E-6 1.79487E-6 2.02618E-6 2.18377E-6 2.35755E-6 2.4894E-6 2.90645E-6 3.18512E-6 4.05181E-6 3.78036E-6 3.2179E-6 3.38273E-6 3.8175E-6 4.89187E-6 5.17321E-6 5.26825E-6 6.39528E-6 7.20603E-6
8.58076E-7 7.99959E-7 7.40252E-7 7.36117E-7 7.1493E-7 7.42419E-7 7.70968E-7 8.76117E-7 8.68232E-7 8.44462E-7 8.67624E-7 8.66583E-7 8.47335E-7 1.08688E-6 1.12544E-6 1.27479E-6 1.41634E-6 1.92939E-6 1.70248E-6 1.88864E-6 1.96044E-6 1.85272E-6 1.97167E-6 1.91215E-6 2.11173E-6 1.84985E-6 1.73912E-6 1.80549E-6 1.81798E-6 1.66185E-6 1.49999E-6 1.44088E-6 1.47855E-6 1.37513E-6 1.4327E-6 1.39837E-6 1.31557E-6 1.5065E-6 1.52693E-6 1.62375E-6 1.47756E-6 1.72876E-6 1.71963E-6 1.70064E-6 1.98207E-6 2.0004E-6 2.28352E-6 2.33073E-6 2.47449E-6 2.94797E-6 3.16521E-6 3.35067E-6 3.71123E-6 4.07781E-6 3.38273E-6 3.99414E-6 4.78556E-6 5.57737E-6 5.25167E-6 6.29007E-6 6.78856E-6
8.14059E-7 7.77832E-7 7.79534E-7 7.41647E-7 7.68479E-7 7.94778E-7 8.20977E-7 8.5188E-7 9.13222E-7 9.18925E-7 8.58535E-7 9.58987E-7 1.10236E-6 1.07444E-6 1.23119E-6 1.35562E-6 1.36829E-6 1.53593E-6 1.68224E-6 1.92781E-6 1.73172E-6 1.90833E-6 2.14089E-6 1.98129E-6 1.94105E-6 1.97242E-6 1.81098E-6 2.07104E-6 1.78887E-6 1.77049E-6 1.74411E-6 1.52125E-6 1.57309E-6 1.54934E-6 1.26524E-6 1.27444E-6 1.45542E-6 1.46666E-6 1.5223E-6 1.57732E-6 1.46492E-6 1.5671E-6 1.87445E-6 1.85659E-6 1.96378E-6 2.13295E-6 2.13504E-6 2.33591E-6 2.55995E-6 3.02695E-6 3.57858E-6 3.52518E-6 4.09212E-6 3.52277E-6 3.52554E-6 4.74796E-6 5.0526E-6 5.51811E-6 5.1843E-6 6.03281E-6 7.10282E-6
6.97065E-7 7.64852E-7 7.86611E-7 7.1419E-7 6.6615E-7 7.93544E-7 7.45203E-7 9.57472E-7 9.07815E-7 9.39204E-7 9.26676E-7 1.13578E-6 1.36826E-6 1.09065E-6 1.2331E-6 1.33959E-6 1.36739E-6 1.611E-6 1.6834E-6 1.74693E-6 1.73698E-6 2.07026E-6 1.94625E-6 1.89314E-6 2.02683E-6 1.71253E-6 1.88218E-6 1.839E-6 1.69401E-6 1.73945E-6 1.8603E-6 1.63776E-6 1.60536E-6 1.532E-6 1.41742E-6 1.57707E-6 1.48556E-6 1.50266E-6 1.56552E-6 1.62849E-6 1.70298E-6 1.573E-6 1.64241E-6 1.70845E-6 2.2982E-6 2.31231E-6 2.2972E-6 2.46655E-6 2.92753E-6 3.01628E-6 3.39199E-6 3.15722E-6 3.63158E-6 3.41276E-6 4.27752E-6 4.55776E-6 4.81996E-6 5.31707E-6 5.6018E-6 5.9108E-6 6.37928E-6
7.46323E-7 7.94507E-7 7.4207E-7 7.33166E-7 6.53205E-7 7.73833E-7 7.98833E-7 9.61064E-7 9.48855E-7 9.17148E-7 9.93942E-7 1.19313E-6 1.26197E-6 1.20649E-6 1.25483E-6 1.39114E-6 1.5029E-6 1.9772E-6 1.7504E-6 1.92174E-6 1.98426E-6 2.08805E-6 1.83196E-6 1.88605E-6 2.25518E-6 2.2188E-6 1.82292E-6 1.84266E-6 1.66585E-6 2.05965E-6 1.9484E-6 1.6178E-6 1.65717E-6 1.4529E-6 1.483E-6 1.60369E-6 1.49115E-6 1.52802E-6 1.57141E-6 1.62849E-6 1.70298E-6 1.81492E-6 1.68271E-6 1.97644E-6 1.95128E-6 2.02209E-6 2.59006E-6 2.67841E-6 3.1201E-6 3.42289E-6 2.86354E-6 3.75464E-6 3.05514E-6 3.43495E-6 4.0315E-6 4.90398E-6 5.24197E-6 5.0532E-6 5.73483E-6 6.09691E-6 6.25583E-6
6.38415E-7 6.17118E-7 8.02224E-7 6.62571E-7 7.02342E-7 7.41022E-7 7.27285E-7 8.85815E-7 1.05824E-6 1.03086E-6 1.02093E-6 1.20214E-6 1.25065E-6 1.22013E-6 1.33811E-6 1.39636E-6 1.98675E-6 2.04057E-6 1.75311E-6 1.84772E-6 2.11161E-6 2.1717E-6 1.86533E-6 2.3679E-6 2.92538E-6 2.23508E-6 2.01364E-6 2.03006E-6 1.69655E-6 2.16368E-6 1.96307E-6 1.48231E-6 1.51302E-6 1.57046E-6 1.50805E-6 1.72429E-6 1.61329E-6 1.67449E-6 1.73149E-6 1.6622E-6 1.72522E-6 1.70142E-6 1.88584E-6 2.04816E-6 2.05243E-6 2.33113E-6 2.4248E-6 2.78325E-6 3.25358E-6 2.99563E-6 3.74646E-6 3.46712E-6 3.17742E-6 3.46856E-6 4.0865E-6 4.71035E-6 5.47813E-6 4.64154E-6 5.15151E-6 6.19889E-6 6.43323E-6
7.09799E-7 6.83737E-7 6.67548E-7 6.62571E-7 7.07618E-7 8.56217E-7 8.06479E-7 8.34356E-7 9.87162E-7 1.04642E-6 1.13656E-6 1.22252E-6 1.20248E-6 1.58047E-6 1.63123E-6 1.72883E-6 2.08191E-6 2.1383E-6 2.3089E-6 2.13461E-6 2.0871E-6 2.12241E-6 2.09749E-6 2.5238E-6 2.75318E-6 2.23172E-6 2.11442E-6 2.16474E-6 2.15663E-6 2.25881E-6 2.04484E-6 1.62639E-6 1.91483E-6 1.52136E-6 1.5826E-6 1.70204E-6 1.64052E-6 1.85153E-6 1.77124E-6 1.82839E-6 1.85752E-6 1.79264E-6 1.94667E-6 2.04019E-6 2.37405E-6 2.39729E-6 2.5219E-6 2.90944E-6 2.61531E-6 3.43243E-6 3.39973E-6 3.00521E-6 3.28714E-6 3.64833E-6 4.42334E-6 4.79964E-6 4.28175E-6 4.47926E-6 5.13216E-6 5.7446E-6 6.72632E-6
7.2816E-7 6.5273E-7 6.5273E-7 7.40762E-7 7.50095E-7 9.24762E-7 8.61311E-7 9.83474E-7 9.95645E-7 1.23922E-6 1.1188E-6 1.28522E-6 1.8142E-6 1.62542E-6 1.61905E-6 1.77829E-6 1.98983E-6 2.02798E-6 2.07461E-6 2.17836E-6 2.175E-6 2.05603E-6 2.56579E-6 2.47636E-6 2.30553E-6 2.29689E-6 2.40768E-6 2.08093E-6 1.93122E-6 2.08679E-6 2.19693E-6 2.03718E-6 1.9869E-6 2.0469E-6 1.61538E-6 1.70204E-6 1.78387E-6 1.89697E-6 1.72695E-6 1.82953E-6 1.89596E-6 1.94247E-6 1.87172E-6 2.18139E-6 2.42282E-6 2.61706E-6 2.98313E-6 2.37955E-6 2.85749E-6 3.84644E-6 2.93715E-6 3.21575E-6 3.26253E-6 3.67022E-6 5.00621E-6 4.41657E-6 4.78675E-6 5.1856E-6 5.20087E-6 5.59202E-6 6.35481E-6
6.57632E-7 7.53332E-7 7.45167E-7 7.24813E-7 8.0359E-7 8.36325E-7 9.70013E-7 1.02208E-6 1.05777E-6 1.18829E-6 1.10123E-6 1.15349E-6 1.81701E-6 1.6842E-6 1.62513E-6 1.98223E-6 2.12874E-6 2.21456E-6 2.26899E-6 2.33043E-6 2.175E-6 2.45718E-6 2.34448E-6 2.35382E-6 2.37573E-6 2.16903E-6 2.20041E-6 2.08221E-6 2.24648E-6 2.02108E-6 2.05061E-6 2.06647E-6 2.34148E-6 2.0469E-6 2.07946E-6 1.7702E-6 1.8585E-6 1.86667E-6 1.76933E-6 1.85026E-6 1.91026E-6 2.15623E-6 2.23792E-6 2.28069E-6 2.45806E-6 2.81815E-6 2.77799E-6 2.95553E-6 3.51626E-6 3.14717E-6 3.45969E-6 3.51379E-6 3.33029E-6 4.47264E-6 4.56504E-6 3.9099E-6 4.77782E-6 4.94751E-6 5.20087E-6 5.55009E-6 6.14262E-6
7.50518E-7 6.92773E-7 7.31615E-7 7.46594E-7 8.04839E-7 9.32642E-7 9.57686E-7 1.13396E-6 1.31127E-6 1.2052E-6 1.19393E-6 1.21416E-6 1.32385E-6 1.80809E-6 1.5791E-6 1.78693E-6 1.90467E-6 2.22632E-6 2.26899E-6 2.37876E-6 2.41098E-6 2.46098E-6 2.50261E-6 2.53149E-6 2.5743E-6 2.50174E-6 2.43481E-6 2.4034E-6 2.61064E-6 2.08309E-6 2.3462E-6 2.25585E-6 2.27681E-6 1.8727E-6 2.08728E-6 2.25324E-6 2.05447E-6 1.91248E-6 2.04587E-6 2.13943E-6 2.21369E-6 2.3392E-6 2.27114E-6 2.48903E-6 2.24667E-6 2.75528E-6 2.90458E-6 3.69788E-6 3.53674E-6 3.76203E-6 2.75819E-6 3.69153E-6 3.97572E-6 3.93427E-6 3.77357E-6 3.89933E-6 4.55962E-6 5.1179E-6 5.14201E-6 6.10162E-6 6.17957E-6
7.63022E-7 7.85949E-7 7.39406E-7 7.63293E-7 7.80862E-7 9.11661E-7 1.01927E-6 9.73923E-7 1.18862E-6 1.20741E-6 1.30668E-6 1.28785E-6 1.80469E-6 1.58489E-6 1.55428E-6 1.75226E-6 1.89754E-6 1.97403E-6 2.50125E-6 2.39241E-6 2.43289E-6 2.47405E-6 2.50261E-6 2.75268E-6 2.58398E-6 2.60195E-6 2.73739E-6 2.30627E-6 2.3046E-6 2.32602E-6 2.65065E-6 2.60137E-6 2.17846E-6 2.12846E-6 2.33652E-6 2.15456E-6 2.2279E-6 2.1062E-6 2.27009E-6 2.28475E-6 2.80718E-6 2.40283E-6 2.31811E-6 2.67481E-6 2.41127E-6 2.87996E-6 3.10187E-6 3.30599E-6 3.64744E-6 2.70503E-6 3.19417E-6 4.45596E-6 3.3083E-6 3.75318E-6 3.91591E-6 4.24222E-6 4.67308E-6 5.34561E-6 5.6803E-6 6.56512E-6 6.92729E-6
7.88896E-7 7.84231E-7 7.99044E-7 8.40689E-7 8.64605E-7 9.84935E-7 1.02469E-6 1.15648E-6 1.25056E-6 1.27311E-6 1.30442E-6 1.73089E-6 1.53293E-6 1.57762E-6 1.63778E-6 1.82572E-6 2.09964E-6 2.04226E-6 2.57174E-6 2.58201E-6 2.63556E-6 2.67601E-6 2.75694E-6 2.84155E-6 2.94495E-6 2.65999E-6 2.44352E-6 2.46015E-6 2.40166E-6 2.70504E-6 2.24093E-6 2.41237E-6 2.23195E-6 2.24266E-6 2.0599E-6 2.12676E-6 2.24469E-6 2.36547E-6 2.35214E-6 3.02456E-6 2.71331E-6 2.78799E-6 3.04188E-6 2.71828E-6 2.60538E-6 2.88724E-6 3.00025E-6 3.57999E-6 3.1663E-6 3.51143E-6 4.03292E-6 4.10582E-6 3.66339E-6 4.03548E-6 4.24222E-6 4.35286E-6 4.67308E-6 4.9316E-6 6.46301E-6 6.42486E-6 6.38692E-6
7.7694E-7 7.94319E-7 8.0654E-7 8.15647E-7 8.7437E-7 1.00539E-6 1.15363E-6 1.12796E-6 1.45622E-6 1.37201E-6 1.44891E-6 1.71303E-6 1.4894E-6 1.57185E-6 1.70979E-6 2.02017E-6 2.16743E-6 2.02653E-6 2.53346E-6 2.58601E-6 2.64546E-6 2.72066E-6 2.72127E-6 2.72188E-6 2.72454E-6 2.78716E-6 2.6239E-6 2.45093E-6 2.38739E-6 2.53056E-6 2.23599E-6 2.32088E-6 2.32493E-6 2.13218E-6 2.22977E-6 2.3195E-6 2.45733E-6 2.708E-6 3.00822E-6 2.74563E-6 2.67404E-6 3.05471E-6 3.49869E-6 3.44896E-6 3.11224E-6 3.06245E-6 3.11174E-6 3.64126E-6 3.87394E-6 4.74632E-6 3.87772E-6 3.49217E-6 4.05069E-6 4.15634E-6 4.51114E-6 4.76006E-6 4.7156E-6 5.0602E-6 6.24077E-6 6.73268E-6 6.19693E-6
8.69755E-7 8.84511E-7 1.00359E-6 8.94764E-7 9.62778E-7 1.01675E-6 1.17319E-6 1.27222E-6 1.54602E-6 1.3884E-6 1.70099E-6 1.65075E-6 1.71295E-6 1.82184E-6 1.79211E-6 2.01656E-6 1.91737E-6 2.23742E-6 2.28383E-6 2.85438E-6 2.89819E-6 2.8337E-6 2.90973E-6 3.02696E-6 3.12536E-6 2.73301E-6 2.65826E-6 2.72957E-6 2.69901E-6 2.35654E-6 2.44602E-6 2.47421E-6 2.77848E-6 2.52348E-6 2.39498E-6 2.52781E-6 2.75543E-6 3.21848E-6 3.41534E-6 3.17633E-6 2.81775E-6 2.75033E-6 3.36792E-6 3.95191E-6 3.89697E-6 3.63549E-6 3.33612E-6 4.03152E-6 4.53853E-6 4.72641E-6 4.00001E-6 4.06685E-6 4.35633E-6 4.73767E-6 4.84298E-6 4.78812E-6 4.93151E-6 5.21413E-6 6.13376E-6 7.03952E-6 6.98366E-6
8.48585E-7 8.50443E-7 9.84691E-7 1.00735E-6 9.66389E-7 1.02215E-6 1.29113E-6 1.41064E-6 1.50656E-6 1.46206E-6 1.67459E-6 1.79104E-6 1.80101E-6 1.765E-6 1.79884E-6 1.88837E-6 1.92457E-6 2.14086E-6 2.19399E-6 2.44964E-6 3.11162E-6 3.14753E-6 3.1123E-6 2.93614E-6 2.87466E-6 2.92325E-6 2.94587E-6 2.63593E-6 2.6842E-6 2.70916E-6 2.74462E-6 3.00288E-6 2.43122E-6 2.51403E-6 2.58145E-6 2.47654E-6 2.84433E-6 3.03807E-6 3.25546E-6 3.75664E-6 3.64586E-6 3.28844E-6 3.33016E-6 3.68653E-6 4.08126E-6 4.30949E-6 4.70542E-6 4.90523E-6 4.61054E-6 3.97005E-6 4.38972E-6 4.7304E-6 4.90867E-6 4.96149E-6 5.0446E-6 6.00135E-6 5.86383E-6 5.29117E-6 5.84029E-6 6.7788E-6 7.83965E-6
8.7007E-7 9.24028E-7 9.9209E-7 1.00735E-6 1.03601E-6 1.01073E-6 1.06739E-6 1.36561E-6 1.54046E-6 1.57834E-6 1.48682E-6 1.61757E-6 1.65114E-6 1.73064E-6 1.99352E-6 1.90259E-6 2.11691E-6 2.09916E-6 2.13939E-6 2.18858E-6 2.95596E-6 3.01725E-6 3.04064E-6 2.77803E-6 2.79955E-6 2.60374E-6 2.85316E-6 2.69846E-6 2.93484E-6 3.18617E-6 3.18617E-6 2.72749E-6 2.78399E-6 2.77129E-6 2.62503E-6 2.72042E-6 3.12442E-6 3.1706E-6 3.42308E-6 3.62799E-6 4.28279E-6 4.33249E-6 4.36312E-6 4.12846E-6 4.4327E-6 4.61776E-6 5.72679E-6 5.2053E-6 4.15131E-6 4.44675E-6 4.69212E-6 5.23887E-6 5.19906E-6 5.46534E-6 5.52736E-6 5.7361E-6 6.10828E-6 6.42138E-6 6.49034E-6 6.83759E-6 8.27204E-6
9.92516E-7 9.77347E-7 1.00515E-6 1.04379E-6 1.06382E-6 1.09819E-6 1.16188E-6 1.46096E-6 1.39181E-6 1.55144E-6 1.57528E-6 1.73655E-6 1.8367E-6 1.85793E-6 1.9504E-6 1.98779E-6 1.90844E-6 2.15075E-6 2.19197E-6 2.24237E-6 2.60181E-6 3.01725E-6 2.73184E-6 2.80947E-6 2.81007E-6 2.85316E-6 2.93424E-6 3.00167E-6 3.65984E-6 3.21393E-6 2.81405E-6 3.01047E-6 2.85865E-6 2.956E-6 3.19707E-6 3.03125E-6 3.20636E-6 3.391E-6 3.77349E-6 4.25048E-6 4.47887E-6 4.97364E-6 4.15622E-6 4.22953E-6 4.82072E-6 5.78059E-6 5.39147E-6 4.67054E-6 5.02178E-6 5.20973E-6 5.08222E-6 5.2652E-6 5.57664E-6 5.77808E-6 6.0186E-6 5.69286E-6 5.81957E-6 6.765E-6 7.24673E-6 6.53559E-6 7.77375E-6
9.57454E-7 1.0127E-6 1.02639E-6 1.06548E-6 1.19063E-6 1.13398E-6 1.15753E-6 1.29113E-6 1.34826E-6 1.51989E-6 1.62007E-6 1.78592E-6 1.76338E-6 1.90361E-6 2.03301E-6 2.06742E-6 2.1427E-6 2.37396E-6 2.25428E-6 2.26774E-6 2.64523E-6 2.68582E-6 2.77314E-6 3.11267E-6 3.13677E-6 3.20179E-6 2.98105E-6 3.54444E-6 3.68172E-6 3.14869E-6 2.90544E-6 3.13104E-6 3.22057E-6 3.34276E-6 3.31264E-6 3.46663E-6 3.60604E-6 3.69625E-6 4.11709E-6 4.31105E-6 5.8674E-6 4.39102E-6 4.68085E-6 4.99329E-6 5.23445E-6 5.78803E-6 4.75515E-6 5.22992E-6 5.841E-6 5.84828E-6 5.74814E-6 6.09779E-6 6.22372E-6 6.66659E-6 6.5172E-6 6.3954E-6 6.62246E-6 6.78601E-6 7.70426E-6 6.92207E-6 8.08144E-6
9.81012E-7 1.00515E-6 1.03214E-6 1.06548E-6 1.10433E-6 1.13398E-6 1.28149E-6 1.32785E-6 1.3866E-6 1.54864E-6 1.58713E-6 1.67608E-6 1.93536E-6 1.97987E-6 2.06287E-6 2.08298E-6 2.14693E-6 2.22854E-6 2.43767E-6 2.21335E-6 2.87625E-6 2.89588E-6 3.07242E-6 3.13612E-6 3.16594E-6 3.26814E-6 3.39658E-6 4.17697E-6 3.71282E-6 2.8707E-6 3.23021E-6 3.23768E-6 3.36795E-6 3.4957E-6 3.54922E-6 3.60604E-6 3.84306E-6 4.05096E-6 4.64365E-6 5.21477E-6 4.9826E-6 4.61354E-6 5.1683E-6 5.33819E-6 7.06732E-6 5.18546E-6 5.22717E-6 5.51555E-6 6.16145E-6 6.96884E-6 7.13953E-6 7.08152E-6 6.84512E-6 8.39308E-6 6.83698E-6 6.90978E-6 7.08284E-6 7.62776E-6 7.97582E-6 7.8885E-6 8.26102E-6
9.6548E-7 1.02828E-6 1.1595E-6 1.19063E-6 1.13398E-6 1.27868E-6 1.31794E-6 1.36862E-6 1.42604E-6 1.62932E-6 1.62322E-6 1.71729E-6 1.91028E-6 1.99477E-6 2.05601E-6 2.15025E-6 2.20796E-6 2.32295E-6 2.41657E-6 2.49075E-6 2.7733E-6 3.08874E-6 3.11267E-6 3.15343E-6 3.11332E-6 3.53928E-6 3.43571E-6 4.45097E-6 3.83264E-6 3.0475E-6 3.40876E-6 3.57265E-6 3.71639E-6 3.57597E-6 4.10461E-6 3.79725E-6 4.27981E-6 4.46487E-6 5.46981E-6 5.38361E-6 5.26931E-6 5.5983E-6 5.97491E-6 7.20747E-6 5.88373E-6 5.3325E-6 5.4537E-6 5.85132E-6 6.27459E-6 6.73964E-6 8.08298E-6 7.3645E-6 7.59772E-6 7.3441E-6 7.30023E-6 7.99428E-6 8.72649E-6 8.88671E-6 8.29566E-6 8.21738E-6 9.04647E-6
9.20737E-7 1.02916E-6 1.18618E-6 1.2245E-6 1.25737E-6 1.31794E-6 1.37074E-6 1.39181E-6 1.44757E-6 1.49472E-6 1.67565E-6 1.75292E-6 1.97198E-6 2.06693E-6 2.33392E-6 2.19919E-6 2.46469E-6 2.58334E-6 2.62704E-6 2.40514E-6 2.40938E-6 3.12371E-6 3.20112E-6 3.32269E-6 3.54639E-6 3.91313E-6 3.72071E-6 4.33469E-6 4.08676E-6 3.39599E-6 3.80376E-6 3.88251E-6 3.81413E-6 4.02759E-6 4.07335E-6 4.44433E-6 4.18725E-6 5.56124E-6 5.6423E-6 5.43019E-6 5.99306E-6 6.28029E-6 6.72797E-6 6.75732E-6 5.52081E-6 6.4504E-6 6.57391E-6 6.41125E-6 6.91385E-6 6.834E-6 8.10839E-6 8.59321E-6 7.95662E-6 7.96095E-6 8.06371E-6 9.63398E-6 8.60078E-6 8.35836E-6 8.54389E-6 9.2215E-6 1.02058E-5
1.01579E-6 1.04469E-6 1.07873E-6 1.24799E-6 1.30774E-6 1.33283E-6 1.49689E-6 1.44216E-6 1.62574E-6 1.63544E-6 1.83624E-6 1.88553E-6 2.14898E-6 2.25593E-6 2.12241E-6 2.40929E-6 2.44627E-6 2.52584E-6 2.6515E-6 2.44582E-6 2.48334E-6 3.30378E-6 3.54566E-6 3.67463E-6 4.07616E-6 3.89484E-6 4.02754E-6 4.64246E-6 3.69803E-6 3.74638E-6 3.94804E-6 4.02977E-6 4.00843E-6 4.49099E-6 4.06205E-6 4.80808E-6 4.69048E-6 5.05592E-6 5.7752E-6 5.69853E-6 6.15318E-6 7.08029E-6 5.97451E-6 5.75742E-6 5.78175E-6 6.78576E-6 7.67474E-6 7.05657E-6 7.49043E-6 7.87379E-6 8.31308E-6 8.31965E-6 8.3011E-6 9.49524E-6 8.66594E-6 9.37884E-6 9.34716E-6 8.90839E-6 8.98999E-6 8.95033E-6 9.64484E-6
