Artocarpus hirsutus SDM files/MIS19/results (without bias file)/Arthir_2.asc
ncols         625
nrows         721
xllcorner     69.99986311115
yllcorner     5.99986187915
cellsize      0.041666667
NODATA_value  -9999
[rows 216 to 242 of 721, columns 122 to 182 of 625]
5.65197E-6 6.68679E-6 7.07859E-6 8.20933E-6 9.86708E-6 1.06874E-5 1.08789E-5 9.82767E-6 1.08786E-5 1.24718E-5 1.47248E-5 1.58398E-5 1.40369E-5 1.50712E-5 1.84777E-5 2.33989E-5 2.36572E-5 2.34935E-5 2.32698E-5 1.61378E-5 1.75133E-5 2.08251E-5 2.77195E-5 3.58043E-5 1.77662E-5 2.41161E-5 2.38593E-5 2.40328E-5 2.43764E-5 2.50793E-5 2.63597E-5 3.77479E-5 2.43765E-5 2.74112E-5 3.18429E-5 2.98518E-5 3.10412E-5 3.17094E-5 3.2275E-5 3.20467E-5 3.0823E-5 4.25949E-5 2.84037E-5 3.15951E-5 2.73165E-5 2.70261E-5 2.8201E-5 3.49194E-5 4.24289E-5 3.41763E-5 2.81988E-5 3.2293E-5 3.11651E-5 3.04009E-5 3.03993E-5 3.21722E-5 3.61642E-5 3.62928E-5 3.68118E-5 3.78592E-5 4.19625E-5
6.22739E-6 7.42587E-6 7.61293E-6 8.32179E-6 8.48773E-6 9.86251E-6 9.65386E-6 9.99332E-6 9.0514E-6 1.13133E-5 1.24103E-5 1.32088E-5 1.44668E-5 1.70696E-5 1.89207E-5 1.92828E-5 2.06058E-5 3.66367E-5 2.74738E-5 1.6845E-5 1.80198E-5 2.23714E-5 3.55381E-5 3.54647E-5 2.12952E-5 2.40307E-5 2.58013E-5 2.69249E-5 2.78009E-5 2.80985E-5 2.61733E-5 2.57141E-5 2.94492E-5 3.27601E-5 3.35852E-5 3.06036E-5 3.10412E-5 3.07124E-5 3.06058E-5 3.02808E-5 3.3326E-5 3.2048E-5 2.91194E-5 2.72197E-5 2.93261E-5 3.92639E-5 3.80257E-5 3.89748E-5 4.82128E-5 4.7357E-5 4.24097E-5 3.59117E-5 2.38647E-5 2.32756E-5 2.57994E-5 3.17269E-5 3.64352E-5 3.73492E-5 3.77449E-5 3.9098E-5 4.31734E-5
6.07714E-6 6.76319E-6 6.59278E-6 8.41727E-6 9.05625E-6 1.03152E-5 1.10561E-5 1.1584E-5 9.54257E-6 1.34049E-5 1.48845E-5 1.69557E-5 1.76323E-5 1.68882E-5 1.80679E-5 1.88538E-5 1.90556E-5 2.24135E-5 2.86374E-5 2.02614E-5 1.80851E-5 2.35132E-5 2.63255E-5 3.27494E-5 2.62569E-5 3.41362E-5 2.49007E-5 2.78986E-5 2.94271E-5 3.01674E-5 2.87054E-5 2.72181E-5 2.60835E-5 3.23014E-5 3.35876E-5 3.98209E-5 4.05339E-5 4.03903E-5 3.37972E-5 3.552E-5 4.27514E-5 3.33187E-5 2.81059E-5 2.72207E-5 3.27379E-5 2.66417E-5 2.48064E-5 2.60582E-5 3.2838E-5 4.12199E-5 3.46359E-5 3.8954E-5 2.94467E-5 2.58964E-5 2.82018E-5 3.6575E-5 4.53938E-5 4.73657E-5 4.08004E-5 4.18269E-5 3.91053E-5
7.02161E-6 7.30292E-6 8.06873E-6 8.84696E-6 9.53346E-6 1.0387E-5 9.44066E-6 9.04616E-6 9.42352E-6 1.18491E-5 1.48315E-5 1.52054E-5 1.51815E-5 1.67102E-5 1.77508E-5 1.86549E-5 1.70003E-5 2.39179E-5 3.47759E-5 1.89419E-5 1.76998E-5 2.18148E-5 2.22831E-5 2.92994E-5 2.36879E-5 2.68207E-5 2.32771E-5 2.64524E-5 2.81983E-5 3.02742E-5 3.25033E-5 2.78029E-5 2.80049E-5 3.70912E-5 4.12582E-5 4.1997E-5 4.47684E-5 3.70876E-5 4.06788E-5 5.1222E-5 4.99605E-5 3.37547E-5 2.5535E-5 3.00649E-5 2.58958E-5 2.56233E-5 2.65501E-5 2.22913E-5 2.06758E-5 2.14228E-5 2.00242E-5 3.53785E-5 3.44077E-5 2.68346E-5 2.98512E-5 4.75433E-5 4.89081E-5 4.11048E-5 3.85632E-5 3.82888E-5 3.2157E-5
7.64727E-6 7.51274E-6 7.75805E-6 8.50656E-6 9.77331E-6 1.24526E-5 1.09027E-5 8.36538E-6 9.32422E-6 1.20194E-5 1.23826E-5 1.26489E-5 1.44368E-5 1.62343E-5 1.65244E-5 1.86571E-5 1.77418E-5 2.05214E-5 2.12117E-5 1.96261E-5 1.90722E-5 2.18267E-5 2.35166E-5 2.45402E-5 3.09168E-5 3.18106E-5 2.50808E-5 2.58051E-5 2.65423E-5 2.80939E-5 3.07071E-5 3.18201E-5 3.74864E-5 3.93977E-5 4.18488E-5 4.30511E-5 4.68811E-5 3.7541E-5 4.02464E-5 3.6671E-5 2.80007E-5 2.92217E-5 2.9536E-5 2.36981E-5 2.54424E-5 2.73156E-5 2.6456E-5 2.60849E-5 2.674E-5 2.31921E-5 2.27834E-5 2.34404E-5 2.79024E-5 3.36852E-5 3.14874E-5 3.76038E-5 4.30494E-5 2.80954E-5 2.91173E-5 2.9744E-5 3.50209E-5
6.9567E-6 6.85863E-6 7.26025E-6 7.19188E-6 8.70203E-6 1.17814E-5 1.12567E-5 8.45554E-6 8.45242E-6 1.06145E-5 1.2526E-5 1.3119E-5 1.35446E-5 1.51227E-5 1.82013E-5 1.91297E-5 1.96101E-5 1.89271E-5 1.9972E-5 2.27856E-5 2.0843E-5 2.27785E-5 2.77873E-5 3.28399E-5 3.2034E-5 2.90005E-5 2.5804E-5 2.43813E-5 2.52584E-5 2.64517E-5 2.78987E-5 3.39174E-5 3.93993E-5 4.15502E-5 4.25955E-5 4.52421E-5 2.90134E-5 3.04938E-5 2.32775E-5 2.86913E-5 3.24986E-5 2.84982E-5 2.31978E-5 2.49081E-5 2.6553E-5 3.18289E-5 3.18267E-5 3.1156E-5 3.08204E-5 3.26281E-5 3.14902E-5 3.61626E-5 5.8398E-5 5.61487E-5 4.82051E-5 4.39802E-5 2.78008E-5 2.99573E-5 3.1042E-5 3.15978E-5 3.74679E-5
6.49162E-6 6.3528E-6 6.90848E-6 7.90956E-6 8.19157E-6 8.71987E-6 8.99186E-6 9.74921E-6 9.4425E-6 1.07289E-5 1.40924E-5 1.45506E-5 1.41859E-5 1.72581E-5 1.83974E-5 1.95429E-5 1.97526E-5 2.12163E-5 2.29479E-5 2.0993E-5 2.05507E-5 2.40265E-5 2.578E-5 3.0243E-5 2.72948E-5 2.35252E-5 2.51718E-5 2.56266E-5 2.42068E-5 2.78991E-5 3.56457E-5 3.73264E-5 4.62094E-5 4.99546E-5 5.61533E-5 4.92398E-5 3.20399E-5 2.40392E-5 2.30325E-5 2.18323E-5 2.26218E-5 2.55362E-5 2.66481E-5 3.14938E-5 3.42911E-5 3.42916E-5 3.3331E-5 3.25131E-5 3.41701E-5 3.61652E-5 4.15281E-5 4.66608E-5 5.63206E-5 3.45244E-5 3.5017E-5 3.01743E-5 3.01765E-5 3.38082E-5 3.42908E-5 3.59111E-5 3.92403E-5
7.03622E-6 6.29959E-6 6.43398E-6 7.96591E-6 8.34379E-6 8.1396E-6 8.63394E-6 1.03157E-5 9.83879E-6 1.04533E-5 1.22685E-5 1.23943E-5 1.39879E-5 1.60087E-5 1.71276E-5 1.96835E-5 1.96835E-5 2.06141E-5 2.27798E-5 2.24587E-5 2.47284E-5 2.23013E-5 2.44467E-5 2.39296E-5 2.38448E-5 2.49831E-5 2.65466E-5 2.70224E-5 2.70239E-5 3.30809E-5 3.81324E-5 4.00692E-5 5.36212E-5 5.71615E-5 4.31631E-5 2.41209E-5 2.9952E-5 2.24684E-5 2.48201E-5 2.65523E-5 2.76101E-5 2.79077E-5 3.29822E-5 3.10446E-5 3.68154E-5 3.4782E-5 3.49061E-5 3.4414E-5 3.56556E-5 3.73396E-5 3.4895E-5 4.26901E-5 3.88016E-5 3.68001E-5 4.181E-5 3.56472E-5 3.92326E-5 3.38089E-5 3.56585E-5 3.66856E-5 3.60396E-5
5.50949E-6 6.69229E-6 6.76527E-6 7.57865E-6 8.28535E-6 8.06851E-6 8.51203E-6 1.07655E-5 1.16298E-5 1.20997E-5 1.24492E-5 1.16737E-5 1.37E-5 1.63063E-5 1.73218E-5 2.01802E-5 1.86637E-5 2.01092E-5 2.23009E-5 2.31072E-5 2.18325E-5 2.31092E-5 2.34287E-5 2.41037E-5 2.42009E-5 2.37751E-5 2.59818E-5 2.35233E-5 2.77927E-5 3.06943E-5 3.57659E-5 3.82553E-5 4.78789E-5 5.18269E-5 2.20708E-5 2.08453E-5 2.19095E-5 2.61785E-5 2.94382E-5 2.79061E-5 3.22877E-5 3.46635E-5 3.46635E-5 3.72098E-5 3.7078E-5 3.76082E-5 4.20418E-5 4.08618E-5 3.42903E-5 4.39508E-5 4.31771E-5 5.04456E-5 4.07863E-5 2.89054E-5 2.63512E-5 2.88992E-5 3.23955E-5 3.25168E-5 4.09505E-5 4.22758E-5 4.70187E-5
6.00364E-6 6.50456E-6 6.81347E-6 7.31704E-6 8.48475E-6 8.54607E-6 8.75803E-6 1.03362E-5 1.2355E-5 1.18389E-5 1.26272E-5 1.32733E-5 1.41509E-5 1.5626E-5 1.85978E-5 1.70673E-5 1.87866E-5 2.05435E-5 2.21343E-5 2.56237E-5 2.41245E-5 2.38614E-5 2.44619E-5 2.54361E-5 2.57085E-5 2.42889E-5 2.4724E-5 2.71126E-5 3.02638E-5 3.20293E-5 3.56219E-5 3.10163E-5 3.66349E-5 2.24646E-5 2.15315E-5 2.31178E-5 2.73185E-5 2.9854E-5 3.60967E-5 3.61681E-5 3.59122E-5 3.82818E-5 3.721E-5 3.88292E-5 3.81461E-5 3.69394E-5 4.57662E-5 4.2188E-5 4.73515E-5 4.83622E-5 4.2566E-5 4.36232E-5 3.11428E-5 2.46424E-5 2.70275E-5 3.1271E-5 3.35717E-5 3.51591E-5 4.49065E-5 4.42729E-5 5.06459E-5
6.22142E-6 6.74317E-6 8.04391E-6 7.15074E-6 7.0476E-6 7.98337E-6 9.06579E-6 1.00825E-5 1.05978E-5 1.1501E-5 1.22694E-5 1.35061E-5 1.53568E-5 1.48219E-5 1.58513E-5 1.66603E-5 1.98294E-5 2.12124E-5 2.38496E-5 2.61688E-5 2.49081E-5 2.42124E-5 2.47256E-5 2.5438E-5 2.71145E-5 2.54363E-5 2.67323E-5 3.1695E-5 3.61397E-5 3.77201E-5 3.26122E-5 2.9828E-5 3.00519E-5 3.21625E-5 2.42169E-5 2.60868E-5 2.91215E-5 3.24477E-5 3.43414E-5 3.69393E-5 3.89592E-5 3.95867E-5 3.45871E-5 3.73348E-5 3.841E-5 3.67356E-5 4.04918E-5 4.46423E-5 4.02593E-5 3.08065E-5 4.27091E-5 3.46439E-5 2.89177E-5 3.91017E-5 3.92407E-5 3.6686E-5 3.33341E-5 4.97688E-5 5.96191E-5 4.61886E-5 5.21041E-5
6.45984E-6 6.55354E-6 7.03798E-6 7.33152E-6 7.69526E-6 8.29261E-6 8.9689E-6 9.73458E-6 1.09869E-5 1.15484E-5 1.27136E-5 1.34115E-5 1.4921E-5 1.7147E-5 1.88081E-5 1.9282E-5 1.92826E-5 2.03288E-5 2.37671E-5 2.88016E-5 2.69319E-5 2.73245E-5 2.50879E-5 2.65542E-5 2.56194E-5 2.60781E-5 2.89934E-5 3.11234E-5 2.79757E-5 2.91723E-5 2.22912E-5 2.93964E-5 3.89246E-5 3.34315E-5 2.58173E-5 2.851E-5 3.29767E-5 3.38061E-5 3.60361E-5 3.80651E-5 4.04322E-5 4.11533E-5 4.10167E-5 4.17507E-5 4.29527E-5 3.95859E-5 4.05539E-5 4.15673E-5 3.65833E-5 4.18779E-5 5.11848E-5 4.41048E-5 4.48942E-5 4.10898E-5 3.19417E-5 3.47836E-5 4.44313E-5 5.67439E-5 6.11088E-5 5.11834E-5 5.61262E-5
6.4247E-6 6.70601E-6 7.42652E-6 7.03825E-6 8.17424E-6 8.65438E-6 8.74792E-6 9.06644E-6 1.03794E-5 1.08713E-5 1.07517E-5 1.17936E-5 1.48165E-5 1.57945E-5 1.73237E-5 1.90014E-5 1.82104E-5 2.27754E-5 2.98423E-5 3.36805E-5 3.35643E-5 2.96494E-5 3.01805E-5 2.96496E-5 2.65561E-5 2.53498E-5 3.07024E-5 2.94072E-5 2.5154E-5 2.53165E-5 2.71E-5 2.61553E-5 2.65293E-5 2.57528E-5 2.91235E-5 3.16004E-5 3.44094E-5 3.50274E-5 3.86848E-5 3.95175E-5 4.19745E-5 5.01275E-5 5.12029E-5 5.27613E-5 4.28598E-5 4.8183E-5 4.15979E-5 4.20287E-5 4.56863E-5 4.86932E-5 4.5518E-5 3.48993E-5 2.93272E-5 3.46573E-5 4.08034E-5 6.13348E-5 5.91982E-5 6.44525E-5 5.9186E-5 6.11072E-5 5.98226E-5
6.26619E-6 6.6346E-6 7.15074E-6 7.16428E-6 7.53157E-6 8.00179E-6 8.84158E-6 9.32759E-6 9.80463E-6 1.08721E-5 1.16332E-5 1.42032E-5 1.48757E-5 1.68468E-5 1.73328E-5 1.82742E-5 1.97606E-5 2.5067E-5 2.6438E-5 2.61561E-5 2.92135E-5 2.66399E-5 2.92257E-5 3.09334E-5 2.89637E-5 2.75157E-5 2.95881E-5 2.7503E-5 2.95749E-5 2.65304E-5 2.83809E-5 3.05923E-5 3.05954E-5 3.21681E-5 3.2512E-5 3.46557E-5 3.84129E-5 3.96588E-5 4.39528E-5 4.9423E-5 5.40011E-5 5.57478E-5 4.44274E-5 4.70957E-5 5.35071E-5 4.03695E-5 4.64269E-5 5.0113E-5 4.88642E-5 5.15277E-5 4.0937E-5 3.35653E-5 5.32234E-5 5.67234E-5 5.34059E-5 5.02936E-5 4.90555E-5 5.21068E-5 4.19648E-5 3.75984E-5 3.14983E-5
6.70667E-6 7.07531E-6 7.3856E-6 7.47972E-6 7.50489E-6 7.80542E-6 8.71755E-6 1.0163E-5 1.08355E-5 1.08328E-5 1.29476E-5 1.50876E-5 1.59144E-5 1.71485E-5 1.8877E-5 1.89461E-5 2.05485E-5 2.34319E-5 2.55178E-5 2.7103E-5 3.05345E-5 2.71597E-5 2.61727E-5 3.01645E-5 3.42056E-5 3.38556E-5 3.36258E-5 2.93788E-5 3.24472E-5 3.10947E-5 3.1751E-5 3.33163E-5 3.53865E-5 3.57798E-5 3.47781E-5 3.51529E-5 3.84115E-5 4.70172E-5 6.3432E-5 6.84585E-5 4.92418E-5 4.50596E-5 4.42563E-5 5.7008E-5 4.74961E-5 5.98261E-5 4.68512E-5 5.83507E-5 4.76849E-5 5.34013E-5 4.76795E-5 4.8438E-5 6.04591E-5 5.98187E-5 4.85363E-5 3.07232E-5 2.71187E-5 2.85004E-5 3.01705E-5 3.13854E-5 4.44476E-5
6.41298E-6 6.11199E-6 7.32123E-6 7.29342E-6 7.64012E-6 8.05965E-6 8.9045E-6 1.0212E-5 1.0507E-5 1.09488E-5 1.13469E-5 1.25797E-5 1.42478E-5 1.70201E-5 1.71433E-5 1.71438E-5 2.12914E-5 2.55178E-5 2.78835E-5 3.13633E-5 3.03293E-5 2.55706E-5 2.6307E-5 2.88344E-5 3.31131E-5 3.60023E-5 3.16881E-5 3.99989E-5 3.64868E-5 3.55211E-5 3.19914E-5 3.50815E-5 3.7512E-5 4.05091E-5 4.28741E-5 3.93009E-5 4.10866E-5 5.44476E-5 6.55893E-5 5.05146E-5 3.66726E-5 4.22425E-5 5.35919E-5 4.78411E-5 5.83583E-5 6.53538E-5 5.19986E-5 5.8971E-5 5.58103E-5 6.51213E-5 5.98126E-5 6.08802E-5 4.75119E-5 3.20462E-5 3.39229E-5 3.19505E-5 3.08316E-5 4.28919E-5 4.55624E-5 5.96468E-5 6.04964E-5
7.01147E-6 6.64745E-6 6.35791E-6 6.79149E-6 8.68427E-6 8.1749E-6 8.35232E-6 9.29436E-6 1.00169E-5 1.16507E-5 1.29017E-5 1.35137E-5 1.33655E-5 1.52992E-5 1.7389E-5 1.76394E-5 2.22045E-5 2.44361E-5 2.82098E-5 3.8428E-5 2.45043E-5 2.40614E-5 2.88516E-5 2.62433E-5 3.00305E-5 2.88614E-5 4.05915E-5 4.84116E-5 3.18141E-5 3.55147E-5 3.67968E-5 3.59655E-5 3.80644E-5 4.1593E-5 4.10877E-5 4.17389E-5 6.1977E-5 4.83584E-5 4.39262E-5 4.40793E-5 4.03433E-5 6.21885E-5 5.20886E-5 3.97669E-5 7.13851E-5 7.05024E-5 5.46351E-5 6.08849E-5 7.2418E-5 6.29449E-5 5.09896E-5 4.03601E-5 2.83068E-5 3.22925E-5 3.27456E-5 3.84269E-5 4.52362E-5 6.77561E-5 6.2012E-5 6.51566E-5 6.24457E-5
6.21306E-6 6.58957E-6 7.02662E-6 6.57843E-6 7.98175E-6 8.84129E-6 8.46802E-6 1.03414E-5 1.25069E-5 1.0534E-5 1.2334E-5 1.32911E-5 1.38001E-5 1.46616E-5 1.56864E-5 1.63605E-5 2.21275E-5 2.42648E-5 2.55406E-5 2.78083E-5 2.4171E-5 2.56739E-5 3.16719E-5 3.18966E-5 2.87789E-5 3.24049E-5 4.12878E-5 3.08937E-5 3.20281E-5 3.5371E-5 3.85155E-5 3.94381E-5 3.98586E-5 4.43305E-5 4.70115E-5 4.14416E-5 4.43101E-5 4.44645E-5 4.33733E-5 4.99027E-5 5.63114E-5 6.05427E-5 4.37594E-5 7.08785E-5 8.43184E-5 8.16807E-5 6.62771E-5 5.75215E-5 3.646E-5 3.88473E-5 3.82629E-5 3.57177E-5 3.45421E-5 3.88963E-5 6.0367E-5 6.32123E-5 6.9687E-5 6.82181E-5 6.03646E-5 5.61513E-5 5.55593E-5
6.50733E-6 6.70842E-6 7.17875E-6 7.54682E-6 7.79112E-6 8.51672E-6 9.01121E-6 1.1977E-5 1.44975E-5 9.3976E-6 1.08291E-5 1.31434E-5 1.45482E-5 1.54099E-5 1.69902E-5 1.78283E-5 2.48048E-5 2.09771E-5 2.46517E-5 2.71278E-5 2.67902E-5 2.32447E-5 2.77559E-5 2.65992E-5 2.84015E-5 3.38506E-5 3.27878E-5 2.96365E-5 3.46097E-5 3.66502E-5 4.00455E-5 4.3605E-5 4.78354E-5 4.59333E-5 4.83448E-5 5.13457E-5 4.5934E-5 5.03412E-5 5.17875E-5 5.46076E-5 5.34531E-5 6.14161E-5 6.88931E-5 7.57921E-5 7.28863E-5 5.08651E-5 5.05134E-5 4.02751E-5 2.95381E-5 3.61336E-5 4.24572E-5 3.55837E-5 4.02981E-5 5.95986E-5 6.46626E-5 6.59496E-5 6.80745E-5 6.59386E-5 6.27499E-5 5.9927E-5 6.32006E-5
6.62518E-6 7.22989E-6 7.28279E-6 7.93312E-6 8.6104E-6 8.45648E-6 8.95299E-6 1.01533E-5 1.13857E-5 1.05312E-5 1.18011E-5 1.30295E-5 1.51083E-5 1.57433E-5 1.72058E-5 1.85389E-5 2.19055E-5 2.01038E-5 2.62329E-5 3.041E-5 2.74188E-5 2.82997E-5 2.95521E-5 2.67891E-5 2.91106E-5 3.24939E-5 3.46642E-5 3.65547E-5 3.72093E-5 3.8413E-5 4.29876E-5 4.53361E-5 4.50186E-5 4.60758E-5 4.75684E-5 4.6423E-5 4.86092E-5 5.6208E-5 6.48616E-5 8.06459E-5 1.11873E-4 1.03479E-4 8.23762E-5 8.02342E-5 6.51089E-5 3.53832E-5 7.03546E-5 3.71792E-5 3.64053E-5 3.64183E-5 3.89554E-5 5.18196E-5 6.08805E-5 6.34219E-5 6.81826E-5 1.02093E-4 9.64416E-5 1.13308E-4 6.16008E-5 5.62219E-5 6.40966E-5
7.01457E-6 7.73614E-6 8.16104E-6 8.60979E-6 9.11476E-6 9.27953E-6 9.68511E-6 1.00334E-5 1.04924E-5 1.32497E-5 1.37799E-5 1.44322E-5 1.64365E-5 1.78997E-5 1.95623E-5 2.07061E-5 2.27774E-5 2.6255E-5 2.35996E-5 2.53741E-5 2.65996E-5 3.10913E-5 3.6689E-5 3.52856E-5 3.21121E-5 3.36281E-5 3.70068E-5 3.7475E-5 3.82796E-5 4.73808E-5 4.53514E-5 4.64893E-5 5.27172E-5 5.37635E-5 5.51121E-5 6.59101E-5 4.96658E-5 7.71417E-5 1.03508E-4 1.04571E-4 1.00225E-4 1.15048E-4 7.55019E-5 5.14311E-5 4.19386E-5 3.51404E-5 3.31081E-5 4.00454E-5 4.38608E-5 5.51475E-5 6.60436E-5 7.44955E-5 7.26622E-5 7.42143E-5 9.61219E-5 1.15684E-4 7.46063E-5 4.52158E-5 4.69306E-5 6.29736E-5 9.18142E-5
7.38552E-6 7.53297E-6 8.30545E-6 8.9218E-6 8.98354E-6 9.71493E-6 1.08529E-5 1.24264E-5 1.2252E-5 1.48798E-5 1.39063E-5 1.54717E-5 1.72126E-5 1.75853E-5 1.96926E-5 2.26277E-5 2.39374E-5 2.83918E-5 2.83912E-5 3.05859E-5 2.90909E-5 3.09419E-5 3.52556E-5 3.6888E-5 3.57188E-5 3.93074E-5 4.02941E-5 5.46773E-5 4.78814E-5 5.37418E-5 5.20558E-5 5.42318E-5 5.61873E-5 5.84201E-5 7.75377E-5 6.96355E-5 5.32154E-5 6.82387E-5 1.07471E-4 1.09086E-4 1.07698E-4 1.07339E-4 8.00219E-5 4.80035E-5 4.07895E-5 4.4339E-5 4.6253E-5 6.21729E-5 6.92868E-5 7.96559E-5 8.79561E-5 9.88415E-5 9.72598E-5 6.92635E-5 7.56636E-5 4.93892E-5 3.97981E-5 4.92142E-5 7.177E-5 9.85224E-5 1.17125E-4
8.00332E-6 8.19064E-6 8.23619E-6 9.11201E-6 8.95235E-6 1.01042E-5 1.06146E-5 1.26227E-5 1.33696E-5 1.34674E-5 1.40061E-5 1.52001E-5 1.58611E-5 1.82862E-5 2.19055E-5 2.44565E-5 2.64551E-5 2.53784E-5 3.03695E-5 3.09123E-5 3.1917E-5 3.34216E-5 3.11595E-5 3.69447E-5 4.11565E-5 4.24925E-5 4.79264E-5 5.43922E-5 4.42904E-5 5.33616E-5 4.55665E-5 5.54824E-5 5.98802E-5 7.40082E-5 9.40651E-5 7.03698E-5 8.42818E-5 5.68163E-5 4.76765E-5 7.81933E-5 7.48476E-5 3.72024E-5 4.26489E-5 3.93597E-5 4.34676E-5 5.32927E-5 7.15179E-5 7.90981E-5 6.55874E-5 9.11121E-5 9.832E-5 1.22585E-4 8.56121E-5 6.09515E-5 4.81798E-5 4.30197E-5 5.5704E-5 7.57975E-5 9.95603E-5 1.2457E-4 1.42143E-4
7.67052E-6 7.72477E-6 8.26632E-6 9.27667E-6 9.751E-6 9.96243E-6 1.0967E-5 1.35536E-5 1.34107E-5 1.53061E-5 1.40061E-5 1.49302E-5 1.70929E-5 1.96321E-5 1.88677E-5 2.72171E-5 2.74531E-5 2.8026E-5 2.86454E-5 3.03161E-5 3.65152E-5 3.85052E-5 3.39498E-5 3.78928E-5 3.86848E-5 5.1541E-5 5.3781E-5 4.92536E-5 4.67064E-5 4.47649E-5 5.0139E-5 5.93094E-5 8.71303E-5 1.13399E-4 7.74285E-5 7.31663E-5 4.36922E-5 4.74845E-5 4.18553E-5 4.93206E-5 4.23026E-5 4.93504E-5 4.83347E-5 4.68217E-5 6.64767E-5 8.28171E-5 9.50724E-5 7.00099E-5 9.01493E-5 8.99645E-5 1.20051E-4 1.36581E-4 8.9125E-5 5.50839E-5 5.3187E-5 5.66918E-5 7.02427E-5 9.58871E-5 1.10661E-4 1.27184E-4 1.22985E-4
8.22171E-6 8.54949E-6 9.61817E-6 9.72205E-6 9.9312E-6 1.0251E-5 1.08516E-5 1.27602E-5 1.39966E-5 1.82708E-5 1.32307E-5 1.53613E-5 1.80271E-5 1.82744E-5 1.88009E-5 2.46261E-5 2.60633E-5 3.04068E-5 3.0314E-5 3.24261E-5 3.34573E-5 3.15205E-5 3.51747E-5 3.51556E-5 4.53656E-5 4.58439E-5 5.65441E-5 4.80483E-5 4.67031E-5 4.94239E-5 5.69449E-5 9.27375E-5 1.02842E-4 9.05805E-5 5.87975E-5 5.10591E-5 5.27204E-5 4.57681E-5 5.29667E-5 5.78889E-5 5.62983E-5 4.74049E-5 5.25195E-5 7.95345E-5 8.35523E-5 9.45803E-5 1.06448E-4 6.20658E-5 7.40495E-5 9.14056E-5 1.20574E-4 1.43721E-4 9.41624E-5 4.86706E-5 5.74938E-5 7.96247E-5 1.08286E-4 1.05085E-4 1.1914E-4 1.70862E-4 1.66849E-4
9.13412E-6 1.00925E-5 1.01293E-5 1.04228E-5 1.13122E-5 1.12707E-5 1.15149E-5 1.21902E-5 1.24392E-5 2.19721E-5 1.25447E-5 1.6261E-5 1.67895E-5 1.94207E-5 2.40344E-5 2.66381E-5 2.58781E-5 3.02445E-5 3.34245E-5 2.92589E-5 3.14089E-5 3.38345E-5 3.24592E-5 3.86157E-5 5.51545E-5 5.14731E-5 4.86354E-5 4.8211E-5 4.66988E-5 5.19038E-5 7.59404E-5 7.99152E-5 6.40538E-5 5.88433E-5 1.05626E-4 6.90893E-5 4.09156E-5 4.79162E-5 5.48795E-5 6.0497E-5 6.20365E-5 5.81289E-5 8.21072E-5 8.77987E-5 9.28997E-5 9.42027E-5 1.14639E-4 9.4037E-5 5.21611E-5 9.42961E-5 1.16594E-4 1.31609E-4 5.26046E-5 4.96389E-5 7.26127E-5 1.03982E-4 1.43267E-4 1.13758E-4 1.40113E-4 1.44662E-4 9.16057E-5
8.78292E-6 1.01654E-5 9.87975E-6 1.04217E-5 1.13865E-5 1.21445E-5 1.21893E-5 1.26321E-5 1.36516E-5 1.90608E-5 1.33745E-5 1.70205E-5 1.84738E-5 2.24675E-5 2.49905E-5 2.63956E-5 3.40158E-5 3.03801E-5 2.70563E-5 3.0255E-5 3.21324E-5 3.40064E-5 3.18818E-5 4.07099E-5 4.78315E-5 4.48005E-5 4.27901E-5 4.27901E-5 4.43328E-5 5.07731E-5 8.19423E-5 5.00948E-5 4.12888E-5 9.53265E-5 5.77566E-5 4.05292E-5 4.72986E-5 5.35375E-5 5.29657E-5 5.74603E-5 5.70832E-5 7.83741E-5 8.55026E-5 1.00776E-4 1.00748E-4 1.01839E-4 7.61724E-5 8.48407E-5 1.0526E-4 5.07715E-5 1.07039E-4 6.96384E-5 5.19745E-5 7.32419E-5 1.15498E-4 1.15993E-4 1.19292E-4 1.6202E-4 1.43637E-4 1.20172E-4 9.56178E-5
