Artocarpus hirsutus SDM files/MIS19/results (without bias file)/Arthir_5.asc
ncols         625
nrows         721
xllcorner     69.99986311115
yllcorner     5.99986187915
cellsize      0.041666667
NODATA_value  -9999
[rows 162 to 188 of 721, columns 305 to 365 of 625]
3.23842E-3 1.86361E-3 1.75755E-3 6.50898E-4 2.85659E-4 3.17866E-3 1.31389E-3 1.64656E-3 6.99969E-4 3.98954E-4 3.68951E-4 5.02908E-4 1.02325E-4 1.19038E-4 4.3148E-4 1.2233E-4 1.33178E-4 1.71576E-4 1.82536E-4 1.23953E-4 6.3927E-5 3.31739E-5 3.31091E-5 2.58512E-5 2.38618E-5 4.19909E-5 3.21863E-5 1.98359E-5 1.363E-5 2.09025E-4 2.84912E-5 4.19558E-5 5.6251E-5 7.74072E-5 6.81989E-5 1.04657E-4 4.27074E-5 3.96605E-5 2.90877E-5 5.28703E-5 3.03272E-5 3.16084E-5 3.59484E-5 5.14637E-5 1.05556E-4 1.0091E-4 5.24249E-5 2.80382E-4 2.86417E-4 1.16792E-4 1.37882E-4 1.13018E-4 1.72453E-4 1.34999E-4 3.5306E-4 3.5986E-4 1.6881E-4 1.1182E-4 7.95274E-5 1.10966E-4 5.48568E-5
2.53811E-3 2.20599E-3 1.04875E-3 2.81571E-3 7.80109E-4 5.75813E-4 1.22352E-3 7.69174E-4 2.11886E-3 1.65545E-3 1.0768E-3 5.43913E-4 1.65915E-4 1.62279E-4 6.56415E-4 4.52227E-4 2.291E-4 2.36501E-4 1.31334E-4 1.39544E-4 5.49997E-5 6.48573E-5 6.30896E-5 4.31281E-5 2.95261E-5 2.62094E-5 3.86635E-5 1.75235E-5 1.3755E-5 1.85912E-4 1.77791E-5 3.47048E-5 8.18617E-5 8.84755E-5 1.41346E-4 1.57921E-4 7.6248E-5 7.31801E-5 6.96124E-5 4.69864E-5 7.37425E-5 4.2184E-5 4.25467E-5 4.28441E-5 4.89494E-5 6.78675E-5 6.85394E-5 5.66751E-5 5.39159E-5 5.49172E-5 6.07852E-5 6.88447E-5 3.19913E-4 1.01933E-4 7.41869E-5 9.25553E-5 1.40612E-4 5.78908E-4 3.65465E-4 3.49413E-4 1.17353E-4
4.42724E-3 3.06591E-3 1.35395E-3 8.01936E-4 3.73092E-3 4.51042E-4 1.46815E-3 9.63985E-4 4.88106E-4 8.04424E-4 2.37498E-4 1.04087E-3 6.9918E-4 2.25785E-4 1.76822E-4 2.23578E-4 3.85919E-4 2.70878E-4 2.52774E-4 1.57703E-4 1.33557E-4 9.58196E-5 7.6012E-5 5.84275E-5 4.49588E-5 2.14497E-5 2.75477E-5 2.41202E-5 1.62694E-5 2.3583E-4 2.57624E-4 4.54642E-5 4.74959E-5 5.90958E-5 2.07853E-4 1.84373E-4 1.75418E-4 2.75858E-4 4.31618E-4 8.65745E-5 5.51819E-5 1.53302E-4 1.33861E-4 9.7472E-5 6.47582E-5 6.81972E-5 8.13776E-5 1.3018E-4 7.08252E-5 1.22344E-4 1.71393E-4 1.97956E-4 8.28506E-5 1.05151E-4 2.01295E-4 9.77318E-5 1.22995E-4 5.29359E-4 4.65329E-4 4.49313E-4 5.13576E-4
4.64861E-3 2.71631E-3 1.20428E-3 3.48367E-4 7.64335E-4 6.07624E-4 2.12555E-3 2.73609E-3 1.56422E-3 6.26359E-4 1.97648E-4 2.49184E-4 9.4181E-4 8.88034E-4 2.52147E-4 3.62779E-4 2.07114E-4 2.49689E-4 3.06997E-4 1.872E-4 1.3729E-4 1.19676E-4 9.12604E-5 6.53846E-5 4.35058E-5 4.33009E-5 2.72346E-5 2.49251E-5 2.43986E-5 2.63759E-5 3.3454E-5 5.26414E-5 5.14709E-5 7.1097E-5 2.15162E-4 1.38651E-4 9.42894E-5 1.0562E-4 2.59652E-4 5.04812E-4 9.70858E-5 6.50492E-4 1.24822E-3 6.1126E-4 3.80827E-4 5.38851E-4 1.65786E-4 1.73745E-4 4.68642E-4 1.41135E-3 6.68808E-4 3.03019E-4 1.67362E-4 1.11482E-4 6.42254E-5 1.01244E-4 3.18755E-4 8.7789E-5 7.13545E-5 7.5527E-5 1.38098E-4
5.1317E-3 4.59682E-3 3.15241E-3 8.35731E-4 8.01192E-4 3.9038E-3 3.74262E-3 2.24308E-3 2.40456E-3 9.05265E-4 2.82154E-4 4.67196E-4 6.34778E-4 1.24974E-3 5.40018E-4 1.03574E-4 1.35821E-4 1.21096E-4 2.48074E-4 2.25019E-4 1.67557E-4 1.48359E-4 9.93015E-5 8.75012E-5 5.48371E-5 4.51336E-5 4.27631E-5 2.601E-5 2.62712E-5 2.93151E-5 3.72102E-5 8.43402E-5 1.48771E-4 1.93413E-4 1.91842E-4 1.19944E-4 1.62337E-4 1.10634E-4 1.29089E-4 9.54485E-5 1.02663E-4 2.62812E-4 1.28126E-3 1.33216E-3 1.57097E-3 2.66527E-3 1.10572E-3 2.4869E-4 3.1845E-3 4.10706E-3 3.05256E-3 9.47399E-4 4.06987E-4 2.25052E-4 2.29182E-4 1.23118E-4 1.2682E-4 1.13012E-4 1.3685E-4 1.43245E-4 1.27328E-4
1.29998E-3 2.69244E-3 5.37612E-3 3.25759E-3 9.03426E-4 4.96576E-3 4.32814E-3 3.23782E-3 1.56644E-3 5.99852E-4 3.45917E-4 5.11378E-4 1.09237E-3 1.01348E-3 1.63148E-4 2.55317E-4 4.70856E-4 1.56752E-4 8.4775E-5 1.22661E-4 1.81028E-4 1.45563E-4 7.56306E-5 4.63516E-5 3.68307E-5 3.44868E-5 2.82239E-5 2.29599E-5 3.05472E-5 2.96739E-5 5.91744E-5 7.06561E-5 2.68757E-4 3.67957E-4 3.41159E-4 3.15676E-4 2.11077E-4 2.39363E-4 3.05664E-4 2.17634E-4 6.489E-4 2.06964E-4 3.06013E-4 3.18387E-4 2.72457E-3 3.67503E-3 2.08609E-3 2.6127E-4 3.39372E-3 5.13144E-3 4.65286E-3 4.46333E-3 1.67287E-3 5.24157E-4 3.77089E-4 4.54092E-4 3.41012E-4 1.5613E-4 1.29716E-4 1.31576E-4 1.60353E-4
1.45227E-3 5.5149E-4 1.1393E-3 5.78901E-3 9.9925E-4 3.80393E-3 4.96842E-3 3.74196E-3 1.11957E-3 4.95621E-4 1.95981E-3 1.72677E-3 9.23068E-4 7.8733E-4 2.73535E-4 2.14601E-4 5.65257E-4 3.71473E-4 1.87722E-4 3.01295E-4 1.49068E-4 1.69455E-4 1.27293E-4 1.06942E-4 7.51695E-5 6.29259E-5 3.72277E-5 3.55324E-5 3.17261E-5 3.57333E-5 1.30184E-4 1.74778E-4 2.29185E-4 5.652E-4 5.78941E-4 4.68863E-4 9.14439E-4 9.29209E-4 9.3275E-4 6.82062E-4 1.42004E-3 9.68251E-4 5.30491E-4 8.73339E-4 1.43661E-3 2.04599E-3 2.47695E-3 6.22323E-4 5.30633E-4 3.15223E-3 5.54661E-3 5.13379E-3 4.90495E-3 1.95417E-3 2.63545E-3 2.01157E-3 1.54847E-3 3.97898E-4 3.96356E-4 4.72736E-4 4.89551E-4
2.92627E-3 4.58095E-3 5.90201E-4 7.07388E-4 1.19427E-3 5.42006E-3 4.58081E-3 3.84385E-3 7.89341E-4 1.52087E-3 2.82797E-3 1.68208E-3 7.18649E-4 1.35041E-3 4.00637E-4 2.02008E-4 6.77988E-4 3.79815E-4 1.37659E-4 3.17937E-4 2.49716E-4 1.8124E-4 8.87653E-5 1.22647E-4 1.36233E-4 5.23832E-5 4.60115E-5 4.37607E-5 4.45576E-5 6.44898E-5 1.42892E-4 2.10145E-4 1.60382E-4 3.82268E-4 3.19618E-4 4.22997E-4 5.20833E-4 3.64179E-4 5.5953E-4 1.17679E-3 2.08019E-3 1.5364E-3 1.33165E-3 1.15835E-3 2.65489E-3 1.65427E-3 2.59299E-3 1.30898E-3 8.81899E-4 9.70344E-4 2.26413E-3 5.47343E-3 5.0972E-3 4.96229E-3 4.36054E-3 4.04045E-3 3.43037E-3 1.17004E-3 2.29919E-3 1.29377E-3 2.13452E-3
3.66528E-3 4.57258E-3 7.72715E-4 1.94943E-3 4.71853E-4 1.06334E-3 2.44569E-3 3.43674E-3 2.11276E-3 3.61185E-3 1.66919E-3 1.83594E-3 1.47183E-3 1.65507E-3 9.72382E-4 1.9163E-4 6.42315E-4 7.78713E-4 2.74175E-4 1.62426E-4 2.14295E-4 1.82795E-4 1.13544E-4 1.7324E-4 1.87705E-4 9.20044E-5 4.69842E-5 1.2667E-4 1.64139E-4 2.73435E-4 1.78038E-4 4.42749E-4 6.83285E-4 7.18029E-4 4.48826E-4 2.69613E-4 5.71864E-4 7.25274E-4 7.34023E-4 1.38442E-3 2.31308E-3 1.86195E-3 1.83014E-3 3.21157E-3 2.11492E-3 3.77129E-3 4.91041E-3 3.14436E-3 1.9214E-3 4.20701E-3 2.63755E-3 2.32659E-3 5.17964E-3 5.25773E-3 4.8835E-3 4.23245E-3 4.45315E-3 2.01877E-3 2.02502E-3 2.77191E-3 1.67675E-3
4.84957E-3 2.67623E-3 1.30113E-3 3.81717E-3 8.83438E-4 2.3384E-3 6.01401E-4 1.10619E-3 1.67528E-3 1.3501E-3 1.57173E-3 5.12276E-4 1.68493E-3 1.45959E-3 1.426E-3 4.0726E-4 1.0335E-3 1.16791E-3 5.42575E-4 3.25138E-4 1.22024E-4 1.17135E-4 7.76269E-5 7.12892E-5 7.92894E-5 6.28826E-5 7.79032E-5 2.08573E-4 3.40626E-4 3.45591E-4 2.71142E-4 5.09107E-4 9.02261E-4 9.11597E-4 6.59331E-4 5.25259E-4 1.25853E-3 1.7857E-3 1.65391E-3 2.6897E-3 2.82916E-3 2.04106E-3 3.0968E-3 5.09472E-3 2.08979E-3 5.50995E-3 5.39727E-3 5.52305E-3 5.54341E-3 5.52089E-3 5.57093E-3 4.83051E-3 5.00811E-3 4.64719E-3 5.2012E-3 4.41318E-3 4.91432E-3 1.89459E-3 5.66292E-4 5.83751E-4 4.06763E-4
3.27994E-3 3.63979E-3 5.63665E-3 4.66762E-3 4.10418E-3 3.53706E-3 9.60534E-4 2.16281E-3 4.84094E-3 1.62349E-3 1.69159E-3 1.00476E-3 9.28319E-4 2.68642E-4 4.13876E-4 4.01684E-4 1.68918E-3 1.07514E-3 8.12694E-4 3.66094E-4 1.63132E-4 2.81975E-4 1.81245E-4 2.39293E-4 1.64725E-4 8.68585E-5 2.28063E-4 6.06096E-4 1.0006E-3 7.9863E-4 5.00489E-4 3.34209E-4 1.04397E-3 7.54443E-4 1.65318E-3 1.09276E-3 9.42985E-4 2.18823E-3 4.79827E-3 4.32442E-3 4.398E-3 4.08636E-3 3.42442E-3 4.94575E-3 2.92636E-3 3.52027E-3 6.60985E-3 5.4925E-3 5.67198E-3 5.48462E-3 5.1978E-3 5.60144E-3 5.97044E-3 5.76597E-3 5.26178E-3 5.02491E-3 2.92063E-3 9.66498E-4 4.35805E-4 3.54594E-4 2.51519E-4
2.74958E-3 3.51423E-3 2.65895E-3 2.75057E-3 2.84664E-3 2.7281E-3 4.0773E-3 3.67038E-3 3.41821E-3 1.82306E-3 1.88324E-3 1.24315E-3 1.45599E-3 6.16027E-4 1.92444E-3 1.28344E-3 6.15702E-4 1.37127E-3 8.89849E-4 3.45464E-4 2.25721E-4 3.89147E-4 1.95066E-4 1.93511E-4 2.14164E-4 1.34145E-4 3.17783E-4 4.65636E-4 1.34271E-3 9.9711E-4 6.73956E-4 6.8529E-4 5.71521E-4 7.2202E-4 1.51614E-3 2.51463E-3 3.18091E-3 1.3463E-3 5.7817E-3 6.36731E-3 5.58209E-3 4.57639E-3 4.26497E-3 3.80413E-3 4.33213E-3 3.59674E-3 6.89102E-3 5.27199E-3 5.87507E-3 6.34547E-3 6.63318E-3 5.83532E-3 6.06229E-3 4.50593E-3 4.49184E-3 5.46312E-3 3.255E-3 2.71546E-3 1.37829E-3 7.09432E-4 4.30041E-4
4.49243E-3 3.75989E-3 1.65775E-3 1.50693E-3 1.75554E-3 3.35415E-3 2.76839E-3 2.32985E-3 1.81485E-3 1.66316E-3 1.3404E-3 9.63594E-4 8.79545E-4 8.0918E-4 1.47647E-3 1.12603E-3 5.27016E-4 4.8489E-4 7.24109E-4 6.96116E-4 5.58935E-4 3.58069E-4 3.58439E-4 2.00552E-4 2.124E-4 8.31992E-4 1.40763E-3 1.0788E-3 1.33204E-3 6.38257E-4 7.61507E-4 1.67618E-3 8.98788E-4 1.14785E-3 1.21283E-3 2.20437E-3 3.63732E-3 1.35804E-3 6.59561E-3 6.38699E-3 4.69374E-3 4.00716E-3 4.06483E-3 5.21036E-3 5.379E-3 5.46937E-3 7.35575E-3 6.34578E-3 6.8353E-3 2.85932E-3 8.17715E-3 6.52646E-3 5.61591E-3 5.62431E-3 6.30289E-3 5.13635E-3 5.22028E-3 4.83787E-3 3.97276E-3 1.68161E-3 6.40023E-4
3.12801E-3 2.45789E-3 1.61948E-3 1.15131E-3 2.49921E-3 3.32041E-3 2.27178E-3 1.90468E-3 1.37637E-3 1.52738E-3 9.05044E-4 5.31447E-4 1.00306E-3 1.23805E-3 7.53155E-4 4.68029E-4 4.04177E-4 3.66989E-4 1.12796E-3 9.71055E-4 3.73813E-4 4.38275E-4 4.07003E-4 6.15511E-4 1.70174E-3 1.16756E-3 2.14376E-3 1.53671E-3 9.34022E-4 7.0661E-4 9.48978E-4 2.48796E-3 1.70544E-3 2.32896E-3 2.50185E-3 1.72811E-3 5.45158E-3 3.35924E-3 5.49306E-3 4.21318E-3 4.35088E-3 4.60226E-3 4.2144E-3 4.85258E-3 5.86237E-3 6.60819E-3 6.15556E-3 7.15522E-3 7.53775E-3 5.64717E-3 6.82536E-3 5.76545E-3 6.2598E-3 6.22665E-3 7.44344E-3 6.6126E-3 6.50792E-3 4.99443E-3 4.26548E-3 3.58479E-3 2.60942E-3
4.05084E-3 2.6841E-3 1.35044E-3 1.2728E-3 4.33911E-3 2.66324E-3 3.50598E-3 3.65312E-3 2.86229E-3 1.96521E-3 1.01347E-3 8.31906E-4 1.61916E-3 1.0251E-3 6.05323E-4 7.2533E-4 6.50707E-4 8.53261E-4 9.84797E-4 5.51474E-4 6.24856E-4 4.47307E-4 1.16981E-3 3.75975E-3 1.96359E-3 1.0055E-3 9.942E-4 8.63801E-4 7.80564E-4 9.29653E-4 9.05697E-4 2.54452E-3 3.42792E-3 4.52828E-3 5.10194E-3 3.58481E-3 3.01525E-3 6.86671E-3 4.40153E-3 4.05549E-3 5.27661E-3 6.73208E-3 6.30241E-3 4.75106E-3 6.67525E-3 7.28878E-3 6.64247E-3 7.27863E-3 5.93712E-3 3.66048E-3 4.64574E-3 7.69393E-3 5.45619E-3 6.11341E-3 7.12242E-3 6.57155E-3 5.55657E-3 4.76351E-3 4.31293E-3 1.15839E-3 5.71678E-4
2.94466E-3 2.20958E-3 5.54834E-3 7.36289E-3 3.53134E-3 3.7686E-3 4.72107E-3 4.08965E-3 1.86599E-3 1.70548E-3 1.36164E-3 1.02194E-3 8.68245E-4 8.57892E-4 7.74625E-4 7.69941E-4 9.11723E-4 2.63627E-3 1.50637E-3 1.07605E-3 1.53183E-3 6.58047E-4 1.81278E-3 4.12698E-3 1.9381E-3 9.20868E-4 1.34693E-3 8.99352E-4 1.21371E-3 1.60974E-3 1.61341E-3 1.52085E-3 1.1018E-3 2.38657E-3 6.55548E-3 5.34429E-3 4.3981E-3 4.36766E-3 3.88916E-3 5.58093E-3 7.18863E-3 5.87659E-3 7.89141E-3 4.70117E-3 7.03982E-3 8.06066E-3 8.44459E-3 5.15667E-3 5.72245E-3 6.7737E-3 6.14223E-3 3.4345E-3 8.41116E-3 6.36088E-3 6.5247E-3 5.93349E-3 5.24198E-3 5.32338E-3 5.10391E-3 4.81689E-3 1.4032E-3
6.86651E-3 3.63053E-3 7.93604E-3 4.63243E-3 4.5467E-3 3.83213E-3 5.99833E-3 5.42388E-3 5.19286E-3 3.06641E-3 2.344E-3 1.0733E-3 1.19039E-3 1.22615E-3 1.19232E-3 1.37408E-3 1.43161E-3 3.34768E-3 1.57578E-3 1.14385E-3 2.77312E-3 1.77496E-3 1.05504E-3 3.74963E-3 3.83591E-3 3.57807E-3 3.08756E-3 1.31794E-3 7.72982E-4 1.63022E-3 2.39017E-3 1.95155E-3 4.04786E-3 6.25739E-3 2.68303E-3 5.374E-3 4.86846E-3 6.00299E-3 4.24764E-3 5.19205E-3 7.24147E-3 1.06793E-2 1.09528E-2 6.21688E-3 6.31456E-3 7.08745E-3 8.75559E-3 5.70892E-3 5.00548E-3 4.91839E-3 7.39307E-3 9.03726E-3 6.09649E-3 5.28471E-3 6.03138E-3 4.85201E-3 2.89422E-3 1.12025E-3 5.62439E-3 5.34689E-3 8.94836E-4
4.82965E-3 6.51658E-3 8.144E-3 7.36299E-3 5.71058E-3 4.52359E-3 2.3828E-3 2.10381E-3 2.40253E-3 9.36098E-4 1.04411E-3 1.43187E-3 1.65674E-3 1.56764E-3 1.44416E-3 1.69147E-3 1.71824E-3 3.11885E-3 1.4718E-3 1.68735E-3 3.36241E-3 2.03444E-3 1.25381E-3 2.60811E-3 3.95898E-3 2.70289E-3 1.50312E-3 6.79502E-4 7.31732E-4 1.52026E-3 1.87059E-3 1.54875E-3 4.12482E-3 4.42503E-3 4.16718E-3 4.52408E-3 3.66706E-3 7.22936E-3 8.66136E-3 7.2324E-3 9.48236E-3 7.44478E-3 4.25389E-3 4.27538E-3 3.42737E-3 6.24601E-3 6.58177E-3 7.77297E-3 5.63226E-3 1.02105E-2 1.13544E-2 6.01829E-3 8.91612E-3 4.79555E-3 5.36677E-3 5.63766E-3 4.42901E-3 1.9941E-3 5.54133E-3 4.48069E-3 1.0601E-3
9.70976E-3 9.08457E-3 6.60716E-3 3.66329E-3 5.02752E-3 4.0739E-3 1.94104E-3 1.39221E-3 1.05778E-3 9.56483E-4 9.57304E-4 9.89073E-4 1.48298E-3 1.57323E-3 1.46219E-3 1.23361E-3 3.33257E-3 3.68479E-3 2.41712E-3 2.32436E-3 3.2065E-3 1.88303E-3 1.17709E-3 4.0089E-3 6.7331E-3 6.58173E-3 1.56443E-3 8.69844E-4 9.39074E-4 3.41465E-3 1.85925E-3 2.28589E-3 2.67999E-3 2.08097E-3 2.3987E-3 4.93249E-3 6.87619E-3 6.91468E-3 5.67678E-3 4.15873E-3 8.52874E-3 5.42536E-3 4.46153E-3 3.15063E-3 3.38181E-3 6.14502E-3 6.42291E-3 8.59611E-3 8.77219E-3 4.34228E-3 4.12067E-3 4.20621E-3 8.50806E-3 4.45488E-3 5.05828E-3 7.8199E-3 6.65894E-3 4.76742E-3 5.16412E-3 1.70643E-3 1.82337E-3
9.83259E-3 4.28365E-3 3.75851E-3 3.72092E-3 3.0611E-3 3.25761E-3 3.52199E-3 2.54267E-3 1.60548E-3 1.21336E-3 1.51516E-3 1.11893E-3 9.10518E-4 1.65103E-3 2.67679E-3 1.41246E-3 2.57703E-3 5.71474E-3 3.27928E-3 1.79523E-3 2.73845E-3 1.26756E-3 2.01629E-3 5.52891E-3 1.30466E-3 8.64189E-4 4.13187E-4 7.33997E-4 2.30828E-3 1.90783E-3 1.45732E-3 2.82479E-3 2.24132E-3 2.4628E-3 2.48989E-3 2.79795E-3 3.27064E-3 3.30953E-3 4.78079E-3 5.80402E-3 6.78343E-3 3.83515E-3 3.57548E-3 3.25237E-3 2.93163E-3 6.13261E-3 7.20179E-3 5.0942E-3 4.49185E-3 5.43593E-3 8.06965E-3 3.41836E-3 1.19844E-2 1.00887E-2 6.55123E-3 2.66748E-3 5.81209E-3 5.84854E-3 4.57413E-3 3.18088E-3 1.13863E-3
3.75401E-3 3.203E-3 2.50963E-3 3.25767E-3 3.04059E-3 2.59634E-3 2.15017E-3 1.39352E-3 1.52216E-3 8.95285E-4 1.24115E-3 1.24946E-3 1.27552E-3 4.01183E-3 1.94019E-3 1.87289E-3 3.84808E-3 4.0127E-3 2.89034E-3 2.31634E-3 2.20109E-3 1.98422E-3 6.97908E-3 7.01321E-3 1.6683E-3 5.02147E-4 4.64344E-4 1.66507E-3 9.83821E-4 6.42516E-4 1.16247E-3 3.91655E-3 2.22184E-3 2.79174E-3 5.35076E-3 3.09112E-3 2.0263E-3 2.47927E-3 4.69869E-3 9.4569E-3 8.4764E-3 5.04596E-3 2.32789E-3 5.47153E-3 3.32551E-3 2.39589E-3 2.78475E-3 5.6175E-3 7.75848E-3 7.34334E-3 6.50721E-3 5.3121E-3 2.58655E-3 9.50532E-3 8.45696E-3 4.16151E-3 4.59888E-3 4.52868E-3 1.49089E-3 8.23825E-4 5.32572E-4
2.40642E-3 1.8417E-3 1.96802E-3 4.31131E-3 3.36455E-3 4.20159E-3 3.65103E-3 2.26494E-3 2.4999E-3 1.6036E-3 1.80719E-3 1.24911E-3 5.5638E-3 9.32281E-3 3.29503E-3 3.15565E-3 2.71507E-3 2.63158E-3 2.59367E-3 2.59067E-3 2.09467E-3 4.74169E-3 6.29738E-3 3.61949E-3 5.91974E-4 1.32717E-3 1.22036E-3 1.0872E-3 1.16117E-3 8.78157E-4 2.48818E-3 2.65943E-3 1.31898E-3 2.29317E-3 5.53748E-3 1.52E-3 1.19214E-3 2.84245E-3 4.15844E-3 5.82101E-3 5.27569E-3 7.63091E-3 7.53511E-3 8.75949E-3 2.56541E-3 2.76818E-3 2.81568E-3 4.296E-3 7.94663E-3 5.42565E-3 5.02804E-3 7.32604E-3 3.30828E-3 6.85856E-3 3.69557E-3 4.30003E-3 4.71991E-3 3.86993E-3 2.00744E-3 2.20945E-3 1.26345E-3
2.60664E-3 2.06651E-3 5.08066E-3 8.21253E-3 1.14195E-2 3.83423E-3 3.58344E-3 4.66497E-3 3.69991E-3 2.44499E-3 1.88258E-3 3.11999E-3 8.47618E-3 3.81788E-3 4.04285E-3 5.48935E-3 4.23994E-3 6.47214E-3 3.19402E-3 2.78488E-3 2.51634E-3 2.60957E-3 1.50561E-3 3.80352E-4 4.65707E-4 3.4131E-4 3.17499E-3 1.01605E-3 1.7863E-3 1.34009E-3 3.37182E-3 6.02234E-3 2.10245E-3 3.63618E-3 8.88261E-3 2.83988E-3 3.2941E-3 3.94756E-3 5.41658E-3 7.64418E-3 6.22107E-3 1.24465E-2 1.65907E-2 5.27615E-3 2.03049E-3 4.19357E-3 3.03573E-3 2.65006E-3 3.2255E-3 3.13202E-3 5.3782E-3 4.13602E-3 3.12328E-3 9.34074E-3 4.49196E-3 4.10442E-3 3.13451E-3 2.4716E-3 1.74994E-3 1.86888E-3 2.33019E-3
2.20904E-3 3.24631E-3 9.56542E-3 6.82737E-3 6.49029E-3 2.28597E-3 4.10449E-3 2.1138E-3 3.6097E-3 3.83538E-3 2.28619E-3 4.33999E-3 2.77523E-3 1.38721E-3 1.22398E-3 2.30501E-3 1.5738E-3 1.1329E-3 1.91835E-3 3.54763E-3 4.48424E-3 3.10563E-3 1.14985E-3 5.85948E-4 5.89734E-4 2.63561E-3 4.16353E-3 1.39791E-3 3.39633E-3 2.15439E-3 3.02421E-3 1.97797E-3 2.83201E-3 5.81375E-3 2.02775E-3 2.77279E-3 3.19967E-3 5.18898E-3 6.55292E-3 7.59215E-3 9.68191E-3 1.73855E-2 4.90534E-3 2.42649E-3 8.50304E-3 2.15885E-3 1.5601E-3 1.8205E-3 3.47302E-3 2.61804E-3 6.13077E-3 7.15373E-3 2.76106E-3 1.06241E-2 5.18934E-3 4.08466E-3 3.1097E-3 3.22801E-3 2.24678E-3 1.91344E-3 1.8641E-3
2.34711E-3 6.62349E-3 9.9463E-3 1.19876E-2 3.92513E-3 2.80476E-3 4.51884E-3 1.66938E-3 4.4089E-3 2.90978E-3 2.68024E-3 3.05071E-3 4.51267E-3 2.8831E-3 1.77193E-3 8.85506E-4 2.2666E-3 2.34168E-3 2.63804E-3 2.34948E-3 2.98687E-3 2.82002E-3 1.37048E-3 5.21555E-4 2.61695E-3 8.4094E-3 5.03164E-3 2.39089E-3 2.68698E-3 4.06E-3 2.25525E-3 1.89961E-3 2.17929E-3 3.98745E-3 2.08319E-3 3.19301E-3 3.90975E-3 4.92984E-3 7.32585E-3 7.51061E-3 1.14866E-2 5.5785E-3 7.43969E-3 1.27741E-2 8.19893E-3 2.03583E-3 4.27746E-3 3.2493E-3 5.02845E-3 4.77169E-3 6.18242E-3 3.93233E-3 3.84755E-3 1.09107E-2 7.87028E-3 3.39387E-3 2.56922E-3 4.30599E-3 2.95246E-3 2.61048E-3 1.64026E-3
8.74777E-3 1.58211E-2 1.7443E-2 7.14135E-3 2.17803E-3 5.66196E-3 2.88161E-3 3.77048E-3 7.38175E-3 2.2041E-3 2.26213E-3 2.81296E-3 2.33148E-3 2.51535E-3 1.70387E-3 2.53407E-3 2.18712E-3 3.28615E-3 3.6817E-3 6.40472E-3 4.02558E-3 2.25764E-3 2.21097E-3 2.96385E-3 7.54951E-3 3.3959E-3 1.26441E-3 5.14609E-3 5.30248E-3 4.15883E-3 2.01649E-3 1.75361E-3 3.54134E-3 4.55517E-3 5.67142E-3 4.58151E-3 5.57221E-3 6.18301E-3 7.71845E-3 1.05781E-2 9.77877E-3 5.61816E-3 1.12083E-2 6.72554E-3 3.54327E-3 3.9428E-3 5.07298E-3 4.72793E-3 4.50672E-3 7.56917E-3 6.64914E-3 3.03326E-3 6.37089E-3 6.10886E-3 3.00948E-3 3.30555E-3 2.54899E-3 4.56456E-3 5.47679E-3 2.44793E-3 1.95699E-3
8.80242E-3 1.0458E-2 8.44846E-3 3.17682E-3 2.69192E-3 6.39423E-3 2.63851E-3 9.7341E-3 3.1992E-3 1.7858E-3 1.81992E-3 1.76838E-3 2.79477E-3 2.80358E-3 5.4131E-3 7.00005E-3 8.55058E-3 6.26035E-3 4.39661E-3 1.11559E-3 1.16181E-3 1.84128E-3 2.57277E-3 7.92434E-3 1.22552E-2 2.41245E-3 4.3844E-4 3.4781E-4 1.86407E-3 5.30485E-3 4.67102E-3 3.29653E-3 2.3948E-3 3.52676E-3 9.24438E-3 7.06856E-3 5.24723E-3 9.04536E-3 1.33711E-2 5.35816E-3 9.13851E-3 6.59222E-3 1.16868E-2 1.16091E-2 4.76295E-3 5.55596E-3 8.9375E-3 3.61677E-3 7.60876E-3 6.42849E-3 6.55282E-3 2.45009E-3 6.30814E-3 9.77974E-3 4.88223E-3 2.29019E-3 2.93495E-3 4.52431E-3 5.94991E-3 2.4545E-3 1.96227E-3
