Artocarpus hirsutus SDM files/MIS19/results (without bias file)/Arthir_min.asc
ncols         625
nrows         721
xllcorner     69.99986311115
yllcorner     5.99986187915
cellsize      0.041666667
NODATA_value  -9999
[rows 108 to 134 of 721, columns 244 to 304 of 625]
7.85947E-5 2.22696E-5 1.39242E-5 1.31197E-5 6.72175E-6 1.85706E-6 7.14766E-6 4.1656E-6 3.428E-6 4.74677E-6 2.48398E-6 4.22827E-6 7.56051E-6 5.81843E-6 3.41641E-6 4.27478E-6 2.31235E-6 2.09569E-6 1.8669E-5 2.07489E-5 2.10989E-5 2.25041E-5 2.31778E-5 1.96522E-5 1.81227E-5 1.81213E-5 1.65482E-5 2.2384E-5 2.73969E-5 2.60172E-5 2.37066E-5 2.47035E-5 2.31766E-5 2.01684E-5 2.39906E-5 2.03322E-5 2.03928E-5 1.95961E-5 2.01587E-5 2.02031E-5 1.85893E-5 2.21212E-5 1.95017E-5 2.07179E-5 1.96848E-5 2.20398E-5 2.40338E-5 2.2929E-5 2.53217E-5 2.35589E-5 1.44629E-5 1.28699E-5 2.55934E-5 1.33903E-5 1.29829E-5 2.71952E-5 2.55315E-5 2.41064E-5 2.32E-5 2.13517E-5 1.63977E-5
2.54323E-4 1.73088E-4 1.14309E-4 4.73662E-5 1.2604E-5 4.64041E-6 1.63902E-6 3.6981E-6 4.1656E-6 1.19126E-5 4.88994E-6 1.83713E-6 5.10028E-6 7.60971E-6 6.81105E-6 5.53037E-6 3.359E-6 2.8378E-6 2.07265E-5 2.2199E-5 2.07772E-5 2.07591E-5 2.01291E-5 2.66609E-5 2.44996E-5 2.09352E-5 1.82552E-5 1.67887E-5 2.37572E-5 2.3215E-5 2.69387E-5 2.6031E-5 2.28611E-5 2.0573E-5 2.703E-5 2.69172E-5 2.35546E-5 2.07179E-5 2.20184E-5 2.03102E-5 2.02321E-5 2.60177E-5 2.14072E-5 2.13347E-5 1.96848E-5 2.0348E-5 1.95683E-5 1.97789E-5 2.14425E-5 1.96637E-5 1.37183E-5 1.33538E-5 1.67071E-5 1.34711E-5 1.47269E-5 2.58061E-5 2.73322E-5 2.60446E-5 2.60306E-5 2.61324E-5 2.52382E-5
2.59334E-4 1.0649E-4 4.05575E-5 2.52042E-5 1.66403E-5 1.1569E-5 5.15673E-6 3.33632E-6 3.56931E-6 1.31863E-5 1.23572E-5 6.48937E-6 5.13599E-6 1.23934E-5 7.43496E-6 6.86708E-6 4.67716E-6 4.70088E-6 3.5244E-6 3.09366E-6 2.32731E-5 2.00404E-5 1.86544E-5 2.12774E-5 2.77061E-5 2.58943E-5 2.4528E-5 1.96881E-5 1.95763E-5 1.84662E-5 2.30884E-5 2.76979E-5 2.61948E-5 2.52497E-5 2.38078E-5 2.64166E-5 2.74916E-5 2.64138E-5 2.3673E-5 2.37674E-5 2.25633E-5 2.69321E-5 2.3614E-5 2.16315E-5 2.08392E-5 2.10584E-5 2.1505E-5 2.07614E-5 2.05045E-5 1.67169E-5 1.42333E-5 1.44299E-5 2.58061E-5 1.37863E-5 2.37996E-5 2.19255E-5 1.68535E-5 2.43557E-5 1.89814E-5 2.15747E-5 1.753E-5
1.85417E-4 1.76168E-4 1.29955E-4 2.52038E-5 1.29849E-5 3.02214E-5 3.30418E-5 7.59447E-6 2.70886E-6 6.44231E-6 3.44254E-5 2.04003E-5 3.63065E-6 6.00275E-6 6.43197E-6 5.7511E-6 4.50173E-6 4.69169E-6 3.71596E-6 2.7909E-6 2.45189E-6 2.40379E-5 2.31647E-5 2.06379E-5 1.76399E-5 2.85722E-5 2.92396E-5 2.22853E-5 2.11742E-5 1.96162E-5 2.16262E-5 1.9331E-5 2.2313E-5 2.20031E-5 2.39737E-5 2.58146E-5 2.61284E-5 2.96442E-5 2.742E-5 2.19667E-5 2.13567E-5 2.80832E-5 2.83545E-5 2.7958E-5 2.88818E-5 2.71442E-5 2.54926E-5 2.43673E-5 2.29612E-5 1.8548E-5 1.49624E-5 1.53025E-5 2.12531E-5 2.19566E-5 2.66928E-5 2.40576E-5 1.94808E-5 2.155E-5 1.37622E-5 1.28722E-5 1.305E-5
5.53193E-4 5.31881E-4 1.82846E-4 6.40177E-5 9.32892E-5 6.31357E-5 4.70403E-5 2.85669E-5 3.83114E-6 6.6662E-6 1.7005E-5 3.01929E-5 2.56126E-5 9.37622E-6 4.19362E-6 4.41364E-6 2.70259E-6 5.34151E-6 4.89915E-6 5.11951E-6 3.28983E-6 2.43784E-5 2.39028E-5 2.12056E-5 1.96449E-5 2.27367E-5 2.9762E-6 2.59108E-5 2.38753E-5 1.92599E-5 2.66113E-5 1.99273E-5 2.22178E-5 2.08987E-5 2.2929E-5 2.68476E-5 3.09442E-5 2.57094E-5 2.95888E-5 2.42994E-5 2.09665E-5 2.40888E-5 2.47922E-5 2.49023E-5 2.2534E-5 2.6523E-5 2.46289E-5 2.52343E-5 2.64293E-5 1.66764E-5 1.57376E-5 1.41889E-5 2.52695E-5 2.90973E-5 2.53818E-5 2.31195E-5 2.13477E-5 1.84566E-5 1.6574E-5 1.59861E-5 1.52172E-5
6.31941E-4 5.26693E-4 5.39459E-4 2.91651E-4 1.04762E-4 1.01621E-4 4.54224E-5 3.34289E-5 8.40621E-6 4.23765E-6 1.53351E-5 9.82024E-6 2.13359E-5 3.12307E-5 2.08089E-5 7.09916E-6 4.62516E-6 7.05024E-6 8.59226E-6 5.62052E-6 4.54138E-6 2.82568E-6 2.45845E-5 2.6051E-5 2.15705E-5 1.98793E-5 3.10855E-6 3.2049E-5 2.84082E-5 2.34309E-5 2.6859E-5 2.0499E-5 2.09848E-5 2.39885E-5 2.09978E-5 2.22231E-5 2.90993E-5 2.81997E-5 2.60392E-5 2.65532E-5 2.16648E-5 1.90044E-5 2.38647E-5 2.74249E-5 2.24803E-5 2.66666E-5 2.65539E-5 2.2641E-5 2.10009E-5 2.2601E-5 1.76808E-5 1.52449E-5 1.73761E-5 2.97725E-5 2.6965E-5 2.292E-5 2.33616E-5 2.19741E-5 2.03103E-5 1.59861E-5 1.5284E-5
7.40011E-4 7.11923E-4 6.74828E-4 6.07123E-4 4.29349E-4 1.75926E-4 9.61199E-5 1.12885E-4 4.48329E-5 1.08999E-5 3.51949E-6 1.54229E-5 5.18666E-6 2.03763E-5 3.09176E-5 2.19655E-5 1.04067E-5 7.57147E-6 5.15138E-6 8.60609E-6 5.90111E-6 4.52558E-6 3.78372E-6 2.69504E-6 2.688E-5 2.30823E-5 2.46618E-5 3.41055E-5 3.18179E-5 2.70047E-5 2.88302E-5 2.54634E-5 2.11648E-5 2.59502E-5 2.21776E-5 2.21331E-5 2.17538E-5 2.37653E-5 2.96303E-5 2.31743E-5 2.18494E-5 2.66888E-5 2.68259E-5 2.49493E-5 2.89257E-5 2.4779E-5 2.32556E-5 3.12575E-5 2.94899E-5 2.58831E-5 2.23487E-5 2.12238E-5 1.90484E-5 2.2766E-5 2.79968E-5 2.77679E-5 2.54293E-5 2.33741E-5 2.2924E-5 1.77482E-5 1.59343E-5
6.12854E-4 7.755E-4 7.86532E-4 6.99445E-4 6.60816E-4 5.63722E-4 2.01191E-4 4.74361E-5 9.82773E-5 1.25053E-4 2.50474E-5 1.8588E-5 1.90366E-5 7.18096E-6 1.45914E-5 2.67621E-5 2.44618E-5 1.75588E-5 1.02737E-5 1.1304E-5 4.53911E-6 7.30643E-6 5.00273E-6 3.95227E-6 2.68743E-6 2.59641E-5 2.33341E-5 2.53824E-5 2.73141E-5 3.10623E-5 2.68425E-5 2.2997E-5 2.38918E-5 2.51674E-5 2.26242E-5 2.65029E-5 2.73483E-5 2.66204E-5 2.5084E-5 2.80315E-5 2.41766E-5 2.08788E-5 3.10265E-5 3.18172E-5 2.67785E-5 2.26914E-5 2.45961E-5 2.38597E-5 3.26457E-5 3.32871E-5 2.98925E-5 2.59919E-5 2.23697E-5 2.09779E-5 1.95372E-5 2.30843E-5 3.00061E-5 2.63561E-5 2.42287E-5 2.01784E-5 2.43891E-5
6.17713E-4 6.12124E-4 7.64787E-4 5.8007E-4 7.37617E-4 5.064E-4 5.15884E-4 2.09927E-4 6.85411E-5 8.38143E-5 3.38054E-5 5.90803E-6 1.95989E-5 1.42187E-5 3.35338E-6 3.5294E-6 1.2978E-5 1.7924E-5 1.50062E-5 1.61917E-5 9.63038E-6 5.36738E-6 4.9254E-6 5.14017E-6 2.90121E-6 3.01644E-6 2.71585E-5 2.76532E-5 3.03969E-5 3.62281E-5 3.15345E-5 2.47013E-5 2.97361E-5 2.82542E-5 2.83905E-5 2.7958E-5 2.61055E-5 3.27525E-5 3.11069E-5 2.75631E-5 2.69397E-5 2.55795E-5 2.43572E-5 3.1972E-5 2.65499E-5 2.38698E-5 2.11987E-5 2.31443E-5 2.17771E-5 2.91938E-5 3.59662E-5 3.34208E-5 2.88143E-5 2.18807E-5 2.12958E-5 1.99211E-5 2.211E-5 2.65814E-5 2.77403E-5 2.45452E-5 2.33589E-5
7.99772E-5 2.63386E-5 1.52673E-4 5.89425E-4 6.10944E-4 6.93354E-4 4.87598E-4 5.06594E-4 2.27063E-4 1.7802E-4 6.33766E-5 2.83824E-6 2.85482E-6 3.24452E-6 1.00517E-5 8.40034E-6 9.10929E-6 1.07045E-5 1.10772E-5 1.37159E-5 1.40786E-5 1.29716E-5 9.74236E-6 7.02153E-6 4.83641E-6 4.74733E-6 2.8844E-6 3.79531E-6 3.09195E-5 3.09385E-5 3.46544E-5 2.63068E-5 3.17275E-5 2.70776E-5 2.81846E-5 2.70417E-5 2.59705E-5 2.46771E-5 3.37487E-5 3.23231E-5 3.46931E-5 3.22918E-5 2.60102E-5 3.44977E-5 3.35703E-5 3.14513E-5 2.68896E-5 2.70299E-5 2.66666E-5 2.19297E-5 3.4688E-5 3.70488E-5 3.16984E-5 2.36958E-5 2.69684E-5 2.23131E-5 2.23681E-5 2.09662E-5 2.76092E-5 2.85182E-5 2.28388E-5
1.15039E-4 9.8477E-5 1.12859E-4 2.86931E-5 9.84312E-5 2.067E-4 7.16823E-4 7.19085E-4 3.40854E-4 5.09058E-5 1.39282E-5 4.83577E-6 3.42456E-6 2.92423E-6 2.49962E-6 2.87867E-6 4.52993E-6 8.18683E-6 9.50073E-6 9.18723E-6 1.14984E-5 1.3025E-5 1.11677E-5 7.91473E-6 7.98687E-6 6.14639E-6 2.92799E-5 3.32364E-5 3.38651E-6 4.03669E-6 3.70364E-6 3.39484E-6 3.56712E-5 3.04649E-5 3.5986E-5 3.04813E-5 2.91981E-5 2.6202E-5 2.59502E-5 2.73048E-5 2.40455E-5 3.00902E-5 3.51763E-5 3.8083E-5 3.41055E-5 2.67857E-5 2.69802E-5 3.05467E-5 2.96254E-5 2.29413E-5 2.94766E-5 3.88245E-5 3.52533E-5 2.72806E-5 2.59369E-5 2.52302E-5 2.28494E-5 2.1088E-5 2.39661E-5 3.04417E-5 2.54498E-5
4.75416E-4 7.84496E-4 1.47969E-4 8.91412E-5 5.05507E-5 6.78499E-5 7.76051E-5 1.17589E-4 3.8593E-5 8.87453E-6 3.94668E-5 2.74257E-5 1.62445E-5 3.83714E-5 1.357E-5 5.44092E-6 2.25965E-6 3.49722E-6 1.0932E-5 9.85874E-6 7.36229E-6 8.36184E-6 1.29087E-5 1.0939E-5 1.04351E-5 9.59326E-6 4.40576E-6 6.54097E-6 3.76017E-6 4.64676E-6 4.48932E-6 4.03015E-6 3.00398E-5 3.58264E-5 3.49742E-5 3.40572E-6 3.40798E-5 3.34181E-6 3.15212E-5 2.70906E-5 2.55483E-5 2.99288E-5 3.0411E-5 4.05279E-5 4.03289E-6 4.2646E-6 3.83297E-5 3.65381E-5 2.8112E-5 2.53235E-5 2.7935E-5 3.92698E-5 3.59363E-6 3.35395E-5 2.52903E-5 3.07863E-5 2.59186E-5 2.16442E-5 2.29074E-5 2.58416E-5 2.85377E-5
1.56779E-4 8.25586E-4 8.59587E-4 6.13128E-4 1.03878E-4 9.68891E-5 7.81847E-5 6.44183E-5 2.31254E-5 4.57612E-5 9.33062E-5 1.53342E-4 7.84065E-5 4.41916E-5 7.18931E-5 3.2535E-5 6.24938E-6 2.75297E-6 2.40751E-6 9.06606E-6 1.50244E-5 6.18799E-6 9.07919E-6 9.34144E-6 9.57509E-6 9.13978E-6 7.43775E-6 8.42192E-6 5.7897E-6 4.1064E-6 3.72471E-5 5.11309E-6 3.50489E-5 4.30107E-6 2.93847E-5 4.42338E-6 4.5051E-6 3.98942E-5 3.57129E-6 4.05512E-6 3.26961E-5 3.12575E-5 2.65605E-5 3.28443E-5 3.04863E-5 3.28275E-5 2.72243E-5 2.73157E-5 2.60438E-5 2.86981E-5 3.54575E-5 3.26182E-5 4.00776E-6 4.35194E-6 3.44902E-5 3.09042E-5 3.11676E-5 2.61672E-5 2.18666E-5 2.25454E-5 2.51636E-5
4.13592E-4 3.21828E-4 7.15054E-4 7.2883E-4 1.064E-4 2.55615E-4 1.28843E-4 7.78237E-4 2.20504E-4 1.53244E-4 4.90847E-5 1.53629E-5 3.08435E-5 1.4169E-4 2.57603E-5 1.36752E-5 1.83522E-5 9.80387E-6 2.5866E-5 2.97704E-6 1.02878E-5 1.03874E-5 9.3317E-6 4.26269E-6 3.46839E-5 3.76544E-6 4.7924E-6 7.37398E-6 6.66036E-6 6.50761E-6 6.5284E-6 5.4604E-6 4.02835E-5 5.39086E-6 2.66114E-5 3.50274E-5 4.73638E-6 5.61404E-6 4.38182E-6 3.83582E-6 3.72976E-6 3.51867E-5 2.95271E-5 2.73157E-5 2.56012E-5 3.51751E-5 3.01537E-5 2.83004E-5 2.22561E-5 2.37432E-5 3.06898E-5 3.53563E-5 4.06784E-5 4.75016E-6 4.5304E-6 3.51587E-6 2.83198E-5 3.19877E-5 2.5951E-5 2.35862E-5 2.32636E-5
5.92779E-4 7.54202E-4 6.07008E-4 9.32657E-5 3.56509E-4 3.98079E-4 3.95224E-4 7.6951E-4 8.92741E-4 5.00692E-4 1.77716E-4 1.14914E-5 7.19868E-6 4.56024E-5 5.31135E-5 2.39244E-5 1.11923E-5 1.75692E-5 7.84266E-6 2.59433E-5 2.86872E-6 3.27876E-6 2.79279E-5 2.94136E-5 2.86648E-5 3.04724E-5 3.23986E-5 3.5452E-5 6.46106E-6 7.96766E-6 7.65067E-6 4.7509E-6 7.63784E-6 7.2434E-6 3.62254E-5 2.47649E-5 3.69415E-5 6.86362E-6 6.56891E-6 5.41115E-6 6.42831E-6 3.82481E-6 3.57658E-5 3.18763E-5 3.21614E-5 3.48594E-5 3.15658E-5 2.932E-5 2.63487E-5 2.45029E-5 2.25628E-5 4.00417E-5 3.96631E-5 4.02081E-6 3.99541E-6 4.78673E-6 4.45878E-6 3.42786E-6 3.41483E-5 2.70246E-5 2.55921E-5
9.9063E-4 6.43877E-4 5.37084E-4 2.27313E-4 8.34097E-4 5.89736E-4 1.01111E-3 4.10418E-4 6.40119E-4 7.12431E-4 5.98134E-5 5.33218E-5 9.57347E-5 1.02966E-4 1.80558E-4 1.00913E-4 3.20295E-5 3.91962E-5 9.92997E-6 2.50014E-5 2.87752E-6 6.88844E-6 2.96426E-5 2.36565E-5 2.19794E-5 2.68396E-5 3.07585E-5 3.08583E-5 3.03738E-5 3.70854E-5 4.26867E-5 7.02044E-6 6.84564E-6 7.89957E-6 7.2434E-6 3.52224E-6 3.16707E-5 3.5979E-5 4.22027E-5 4.09566E-6 4.93347E-6 5.46149E-6 6.95625E-6 6.22975E-6 6.13405E-6 3.93194E-6 3.5375E-6 3.34281E-5 3.06671E-5 2.86667E-5 2.2911E-5 3.01215E-5 4.00824E-6 3.46353E-5 2.98977E-5 3.61018E-5 3.50423E-6 4.33705E-6 4.23092E-6 3.18827E-6 3.13696E-5
1.14742E-3 8.24298E-4 6.33898E-4 5.20904E-4 3.75042E-4 2.23178E-4 8.67525E-4 1.91947E-4 6.77133E-5 1.01788E-4 2.74993E-5 9.07187E-5 2.47673E-5 2.13973E-5 7.68162E-5 1.12431E-4 8.03948E-5 5.42211E-5 2.67541E-5 5.30486E-6 3.47216E-6 1.13665E-5 5.95557E-6 2.6E-6 2.42594E-5 2.59648E-5 3.04448E-5 3.75424E-5 3.11788E-5 2.54943E-5 2.5397E-5 3.70854E-5 6.4607E-6 9.13156E-6 8.11573E-6 5.13296E-6 3.77825E-5 3.13761E-5 3.23102E-5 3.31485E-5 8.37639E-6 1.03591E-5 1.09348E-5 6.96145E-6 1.01029E-5 7.17291E-6 3.76272E-6 3.29076E-6 3.21958E-6 3.09049E-5 2.93036E-5 2.73681E-5 3.63745E-6 6.51515E-6 3.33885E-5 2.70394E-5 4.3823E-6 4.43569E-6 3.54811E-6 3.63379E-6 4.01036E-6
1.18003E-3 1.03821E-3 7.72084E-4 6.9235E-4 7.90836E-4 2.68794E-4 1.71027E-4 2.1706E-4 6.07225E-5 6.37666E-5 7.01784E-5 5.33614E-4 7.02538E-5 1.16645E-5 1.30377E-5 3.24329E-5 4.97223E-5 2.2886E-5 1.86739E-5 3.37697E-5 2.16107E-5 1.47948E-5 7.34856E-6 5.81316E-6 2.89178E-5 2.47972E-5 2.68952E-5 3.62193E-5 7.38947E-6 5.50561E-6 5.93621E-6 3.09584E-5 3.55557E-5 3.60151E-5 5.86874E-6 9.62916E-6 1.03475E-5 1.17088E-5 1.17785E-5 8.39937E-6 5.18178E-6 6.55635E-6 6.97159E-6 6.51206E-6 9.79921E-6 1.13219E-5 1.0421E-5 1.1391E-5 1.06063E-5 4.86803E-6 3.33813E-5 3.19898E-5 2.98129E-5 6.11248E-6 3.30273E-6 3.00803E-5 3.59933E-5 3.33532E-5 3.34229E-6 5.39016E-6 3.94755E-6
1.02547E-3 9.12151E-4 9.28153E-4 9.25621E-4 9.71346E-4 5.25048E-4 3.22044E-4 5.3969E-4 1.27452E-4 1.15689E-4 9.12059E-5 8.61751E-5 2.43407E-5 1.28723E-5 1.05399E-5 3.72867E-5 2.85961E-5 2.52884E-5 1.83027E-5 1.2468E-5 2.91878E-5 2.86192E-5 1.49344E-5 4.68868E-6 2.61919E-5 2.62649E-5 3.00283E-5 2.49579E-5 3.09423E-5 3.58787E-5 3.3002E-5 3.23755E-5 3.20557E-5 3.38625E-5 3.39821E-5 6.03432E-6 8.46759E-6 6.27929E-6 9.97877E-6 1.51285E-5 9.22226E-6 8.88609E-6 1.68476E-5 1.78908E-5 1.84001E-5 1.73723E-5 1.66867E-5 1.38259E-5 1.25881E-5 1.14383E-5 5.45337E-6 4.57488E-6 3.45817E-6 3.08096E-6 4.31126E-6 4.70382E-6 7.42591E-6 5.95559E-6 3.90303E-6 3.86704E-6 3.77176E-6
1.1117E-3 1.13667E-3 1.13575E-3 1.00868E-3 8.90082E-4 7.00209E-4 5.10509E-4 6.48539E-4 3.09211E-4 1.77769E-4 1.18217E-4 5.18045E-5 2.91527E-5 3.32942E-5 8.81477E-6 9.39352E-6 1.11695E-5 6.3904E-6 1.72677E-5 3.7827E-6 7.547E-6 1.28207E-5 1.53678E-5 1.10749E-5 3.59777E-6 3.18687E-5 8.69067E-6 8.00618E-6 3.4718E-5 2.53552E-5 2.90772E-5 3.13259E-5 3.32059E-5 3.09281E-5 3.57549E-5 5.808E-6 4.5468E-6 8.35768E-6 1.07457E-5 9.59927E-6 6.53653E-6 1.05467E-5 5.6882E-6 8.26068E-6 7.21718E-6 7.15004E-6 1.6645E-5 2.06109E-5 2.11319E-5 1.81495E-5 1.49896E-5 1.13319E-5 1.1851E-5 8.34782E-6 3.11726E-5 5.89518E-6 1.08642E-5 9.32742E-6 9.43088E-6 6.60377E-6 4.30856E-6
9.87371E-4 9.85882E-4 1.11058E-3 9.38897E-4 9.29054E-4 7.76637E-4 7.30745E-4 6.4814E-4 3.81105E-4 2.50436E-4 1.53329E-4 6.79384E-5 1.58864E-4 8.22005E-5 7.19057E-5 5.41878E-5 2.52307E-5 1.38438E-5 1.01556E-5 4.38265E-6 3.79006E-6 4.60514E-6 2.57135E-5 3.04326E-6 2.92252E-5 2.65346E-5 2.81526E-5 4.88321E-6 3.58137E-5 2.60078E-5 3.05907E-5 3.2743E-5 3.2434E-5 3.20252E-5 4.1892E-6 1.3134E-5 1.42002E-5 3.84984E-6 3.89817E-6 3.94061E-5 4.04482E-5 3.10197E-5 2.83212E-5 3.38334E-5 3.85374E-6 3.05208E-5 3.84084E-6 1.26994E-5 2.40633E-5 2.70599E-5 2.50092E-5 1.96591E-5 1.79553E-5 9.32787E-6 4.51573E-6 3.28534E-6 7.40119E-6 1.09168E-5 1.14429E-5 8.56418E-6 4.51413E-6
7.29987E-4 9.71992E-4 8.79154E-4 8.77056E-4 9.19323E-4 8.04484E-4 7.70268E-4 4.22239E-4 5.16927E-4 3.58392E-4 3.06541E-4 1.01193E-4 3.86668E-5 3.40321E-5 5.3419E-5 9.57009E-5 1.28706E-4 7.98965E-5 2.00807E-5 1.3183E-5 6.48236E-6 4.26191E-6 2.64097E-6 2.26068E-5 2.4152E-5 2.52387E-5 2.48455E-5 2.8507E-5 5.41321E-6 2.53885E-5 2.95827E-5 3.12739E-5 3.08822E-5 3.23361E-5 3.9016E-6 6.01793E-6 6.2715E-6 6.38478E-6 3.92658E-6 4.20247E-6 4.07361E-6 3.94868E-6 3.86326E-6 3.25852E-6 3.54319E-5 3.05327E-5 2.64563E-5 3.05081E-5 4.47654E-6 1.31312E-5 2.11813E-5 2.41227E-5 2.76107E-5 2.22607E-5 1.44744E-5 1.23581E-5 4.6153E-6 6.25323E-6 1.01517E-5 1.14932E-5 4.60097E-6
7.31084E-4 7.32977E-4 8.1339E-4 8.18939E-4 8.78359E-4 9.00532E-4 9.3321E-4 8.0474E-4 7.67016E-4 3.84752E-4 4.78766E-4 2.94079E-4 1.20097E-4 5.40965E-5 2.7194E-5 1.4931E-5 2.8979E-5 5.85045E-5 6.69189E-5 4.14873E-5 3.7927E-5 1.71877E-5 9.41867E-6 6.04586E-6 3.55033E-6 2.61178E-5 2.37774E-5 2.50832E-5 2.83292E-5 2.43022E-5 2.62836E-5 2.77109E-5 3.14729E-5 3.35787E-5 6.5107E-6 3.7917E-6 4.10441E-6 9.93077E-6 3.00589E-5 3.20804E-5 1.83619E-5 1.96725E-5 1.75183E-5 1.15877E-5 1.52484E-5 8.17728E-6 4.98447E-6 3.14417E-5 2.86937E-5 3.11088E-5 3.61549E-6 6.08425E-6 1.40136E-5 1.09838E-5 8.55221E-6 6.2361E-6 5.96872E-6 1.22113E-5 1.19986E-5 7.1086E-6 5.9132E-6
5.852E-4 4.58428E-4 5.83061E-4 6.42842E-4 7.30791E-4 8.93234E-4 9.54767E-4 8.48938E-4 7.48005E-4 7.82251E-4 5.75239E-4 2.0489E-4 2.96329E-4 1.81053E-4 5.32492E-5 2.29243E-5 1.0069E-5 6.37094E-6 1.2558E-5 1.21156E-5 1.20434E-5 3.43322E-5 2.35666E-5 1.36483E-5 1.42763E-5 6.42051E-6 2.78872E-6 2.46799E-6 2.66996E-5 2.3264E-5 2.48476E-5 3.03303E-5 2.93599E-6 3.25698E-5 7.8777E-6 3.15368E-6 8.83889E-6 8.47988E-6 2.45134E-5 3.68846E-5 4.93373E-5 5.0003E-5 4.35404E-5 4.43196E-5 2.26912E-5 3.66935E-5 2.06249E-5 9.90884E-6 6.30614E-6 3.50961E-6 3.15339E-5 5.50611E-6 1.30927E-5 2.8626E-5 1.65137E-5 1.10411E-5 8.17167E-6 8.55757E-6 1.2544E-5 1.02029E-5 5.05103E-6
1.11205E-3 6.98342E-4 7.07048E-4 9.51219E-4 6.33551E-4 6.93223E-4 7.0799E-4 8.76006E-4 8.47421E-4 4.60775E-4 8.78499E-4 5.37536E-4 2.2152E-4 1.47774E-4 6.72845E-5 3.37564E-5 2.47338E-5 1.63003E-5 1.172E-5 4.45401E-6 2.62967E-6 7.33369E-6 7.85649E-6 5.6224E-6 4.81436E-6 3.54374E-6 3.62519E-6 2.61205E-6 2.44978E-6 2.70208E-6 4.21556E-6 3.26981E-6 3.51481E-6 3.05184E-5 9.27902E-6 8.2089E-6 5.53679E-6 6.36615E-6 9.14651E-6 1.7925E-5 7.94647E-6 2.94813E-5 6.76667E-5 8.22695E-5 8.11568E-5 8.60128E-5 7.92708E-5 5.18559E-5 3.57471E-5 2.2688E-5 7.96801E-6 2.87519E-5 3.49866E-5 4.49655E-5 4.20347E-5 2.01267E-5 2.54186E-5 1.77572E-5 5.8758E-6 2.45278E-5 1.60568E-5
1.10862E-3 4.1671E-4 4.99267E-4 7.60967E-4 9.46677E-4 7.97281E-4 1.0075E-3 6.37492E-4 6.94375E-4 8.04921E-4 8.41095E-4 8.71972E-4 5.97429E-4 1.56785E-4 2.26747E-4 8.54576E-5 1.02971E-4 8.34533E-5 8.10333E-5 1.58254E-5 3.91684E-6 2.55081E-5 2.63489E-6 8.21873E-6 6.60608E-6 4.91365E-6 3.99888E-6 3.97926E-6 6.81711E-6 6.86635E-6 7.27115E-6 1.03065E-5 5.90405E-6 3.65469E-6 2.85121E-6 7.56842E-6 8.18506E-6 8.11418E-6 1.8477E-5 3.16779E-5 7.81051E-6 7.41486E-6 1.30204E-5 2.28974E-5 2.83863E-5 2.65451E-5 3.38397E-5 6.20496E-5 8.69748E-5 6.49275E-5 1.26217E-5 8.68387E-6 1.83338E-5 3.9721E-5 3.71061E-5 2.17577E-5 2.37569E-5 1.03726E-5 6.04239E-6 8.74287E-6 1.7623E-5
5.53493E-4 4.82693E-4 3.56414E-4 5.6153E-4 8.75562E-4 1.06083E-3 7.97194E-4 1.02741E-3 5.8907E-4 8.14289E-4 8.58613E-4 8.33777E-4 6.76843E-4 3.85414E-4 1.96101E-4 1.50699E-4 6.97813E-5 3.77698E-5 2.05832E-5 5.28903E-5 1.4793E-5 8.4469E-6 2.23275E-6 8.61379E-6 2.38919E-5 1.72059E-5 1.02269E-5 1.14369E-5 2.04394E-5 1.91018E-5 1.29476E-5 1.83638E-5 1.10615E-5 9.35826E-6 9.02873E-6 4.55535E-5 4.63409E-5 3.2194E-5 3.10178E-5 2.64754E-5 1.78646E-5 1.47142E-5 1.1845E-5 1.51584E-5 1.97751E-5 1.68579E-5 2.50638E-5 2.87706E-5 1.95733E-5 2.64087E-5 4.53871E-5 1.85589E-5 9.17509E-6 9.17855E-6 8.19326E-6 1.39213E-5 1.46662E-5 2.81235E-5 2.68669E-5 4.66514E-6 7.0881E-6
