Artocarpus hirsutus SDM files/MIS19/results (without bias file)/Arthir_4.asc
ncols         625
nrows         721
xllcorner     69.99986311115
yllcorner     5.99986187915
cellsize      0.041666667
NODATA_value  -9999
[rows 108 to 134 of 721, columns 427 to 487 of 625]
2.95268E-5 2.51352E-5 2.11204E-5 3.08487E-5 5.06835E-5 4.66052E-5 4.54806E-5 4.51151E-5 4.56458E-5 4.36849E-5 4.15806E-5 3.7641E-5 3.78218E-5 3.82384E-5 3.19415E-5 2.7649E-5 2.72441E-5 1.30057E-5 1.40997E-5 5.02329E-5 4.6924E-5 3.25248E-5 3.36729E-5 1.55658E-5 4.89792E-5 2.67397E-5 1.3987E-5 1.29443E-5 1.51618E-5 1.51618E-5 1.38516E-5 1.54071E-5 1.89558E-5 1.87128E-5 2.00953E-5 1.85982E-5 1.58815E-5 1.6134E-5 3.47551E-5 6.82721E-5 6.48824E-5 4.21129E-5 2.00509E-5 5.01648E-5 3.07705E-5 1.76433E-5 1.47917E-5 1.76185E-5 2.99261E-5 4.39069E-5 2.80842E-5 2.03225E-5 2.25422E-5 2.44558E-5 2.9304E-5 3.75296E-5 5.70163E-5 8.61943E-5 8.6537E-5 8.40603E-5 7.65206E-5
3.48676E-5 2.13577E-5 1.50706E-5 1.44451E-5 3.55729E-5 4.46444E-5 4.75654E-5 4.92423E-5 4.70652E-5 4.9232E-5 4.63125E-5 3.75636E-5 4.11934E-5 3.748E-5 3.64674E-5 3.52513E-5 3.44254E-5 2.88872E-5 2.3191E-5 2.23531E-5 1.44134E-5 1.17931E-5 1.22587E-5 1.51697E-5 2.08787E-5 4.62568E-5 2.19803E-5 1.71473E-5 1.48316E-5 1.62851E-5 2.39006E-5 3.89609E-5 3.18577E-5 6.3397E-5 5.48214E-5 3.49738E-5 2.62326E-5 2.29787E-5 3.39441E-5 4.87402E-5 6.49115E-5 5.28018E-5 3.22893E-5 3.7984E-5 2.5791E-5 3.04625E-5 1.76865E-5 1.31593E-5 2.24366E-5 5.51659E-5 3.93008E-5 2.62498E-5 4.51928E-5 1.85183E-5 1.89728E-5 2.37935E-5 2.9331E-5 6.01861E-5 8.37626E-5 8.58044E-5 8.11597E-5
5.19463E-5 5.13134E-5 4.64257E-5 4.56769E-5 3.64927E-5 5.49914E-5 4.56498E-5 4.19949E-5 4.41216E-5 4.34205E-5 4.42997E-5 4.31557E-5 4.25899E-5 4.17163E-5 3.61572E-5 3.74779E-5 4.23851E-5 3.33127E-5 3.55729E-5 2.82065E-5 3.17645E-5 2.88313E-5 1.40466E-5 2.11489E-5 1.85339E-5 2.28439E-5 4.07893E-5 3.88996E-5 2.93021E-5 1.63469E-5 3.12319E-5 5.32046E-5 6.2194E-5 6.49804E-5 6.26548E-5 5.49952E-5 5.14812E-5 3.59973E-5 2.88314E-5 2.83565E-5 6.78156E-5 6.79222E-5 6.21085E-5 6.60171E-5 4.34267E-5 3.61859E-5 1.96929E-5 1.14236E-5 2.71605E-5 7.75728E-5 6.2442E-5 4.81583E-5 4.5454E-5 2.26289E-5 2.17302E-5 1.82849E-5 1.95501E-5 2.03272E-5 5.99643E-5 7.17633E-5 6.05596E-5
1.70436E-5 2.01379E-5 3.68268E-5 4.21905E-5 3.15913E-5 4.86613E-5 4.86434E-5 5.05962E-5 4.54082E-5 4.34236E-5 4.22835E-5 3.91982E-5 4.49511E-5 4.48998E-5 3.95818E-5 4.20893E-5 3.97965E-5 3.7767E-5 4.39318E-5 4.54563E-5 5.20995E-5 4.9598E-5 1.87092E-5 5.63567E-5 4.91896E-5 2.0612E-5 6.13367E-5 5.56026E-5 5.26086E-5 2.41705E-5 3.6348E-5 4.78864E-5 5.30645E-5 6.44216E-5 6.53357E-5 5.66417E-5 6.2837E-5 5.85107E-5 5.42095E-5 3.76861E-5 2.92045E-5 3.78694E-5 3.94746E-5 7.38512E-5 7.15116E-5 6.71075E-5 2.91059E-5 1.36643E-5 2.39009E-5 7.90495E-5 7.48401E-5 6.62387E-5 4.58296E-5 1.96985E-5 5.12433E-5 4.90439E-5 5.08643E-5 4.78299E-5 2.92193E-5 3.4561E-5 3.31977E-5
2.55103E-5 2.03645E-5 1.7329E-5 1.57181E-5 2.63143E-5 5.10932E-5 4.95562E-5 4.85969E-5 5.36167E-5 4.96874E-5 4.85682E-5 4.83669E-5 4.50525E-5 4.65938E-5 4.25258E-5 4.19022E-5 3.89501E-5 4.31467E-5 4.28276E-5 2.02132E-5 1.20373E-5 1.21475E-5 1.35136E-5 5.66094E-5 2.63545E-5 2.08449E-5 2.73344E-5 2.12646E-5 3.918E-5 3.79837E-5 2.14137E-5 3.27514E-5 1.89265E-5 5.48087E-5 6.99145E-5 5.94223E-5 6.37108E-5 5.93711E-5 3.83881E-5 3.65141E-5 2.86771E-5 2.94002E-5 3.09243E-5 6.33128E-5 6.71619E-5 6.74991E-5 6.92027E-5 3.45744E-5 1.95793E-5 5.24245E-5 7.69139E-5 7.16753E-5 4.59993E-5 2.62111E-5 7.88807E-5 6.06055E-5 3.29712E-5 2.48847E-5 1.78157E-5 2.2218E-5 1.81774E-5
5.07651E-5 5.14499E-5 4.91167E-5 3.96763E-5 1.7619E-5 2.04744E-5 3.92721E-5 4.16262E-5 4.60866E-5 5.44129E-5 5.26221E-5 4.97817E-5 4.88798E-5 4.72171E-5 4.53063E-5 4.56296E-5 4.42123E-5 4.07281E-5 4.18679E-5 4.32469E-5 2.04744E-5 1.58024E-5 2.43175E-5 3.24678E-5 4.49502E-5 5.25286E-5 4.246E-5 3.57006E-5 5.50475E-5 5.39233E-5 4.67652E-5 5.8116E-5 3.19884E-5 2.00345E-5 6.11694E-5 6.20872E-5 6.57827E-5 5.74836E-5 5.28718E-5 5.6179E-5 4.12092E-5 4.10352E-5 2.87611E-5 7.3385E-5 7.46015E-5 7.01922E-5 7.06366E-5 6.63868E-5 5.2563E-5 6.03531E-5 7.51745E-5 6.81265E-5 4.18265E-5 3.64945E-5 7.50261E-5 7.38745E-5 4.28339E-5 4.72396E-5 4.89117E-5 5.16247E-5 3.49559E-5
3.49305E-5 5.43995E-5 5.36167E-5 4.90758E-5 4.68141E-5 3.30106E-5 1.72642E-5 1.38975E-5 1.71352E-5 3.47379E-5 5.89774E-5 5.07915E-5 4.91652E-5 5.16974E-5 5.1735E-5 5.0848E-5 5.26357E-5 4.66853E-5 4.51372E-5 4.05492E-5 4.62782E-5 4.81096E-5 2.36618E-5 4.36366E-5 5.98809E-5 4.37382E-5 5.41727E-5 5.36865E-5 5.24805E-5 5.19858E-5 3.09579E-5 4.08613E-5 2.04479E-5 1.38207E-5 3.05407E-5 6.93086E-5 6.55346E-5 6.32473E-5 5.8551E-5 6.2614E-5 6.17183E-5 5.8553E-5 6.24295E-5 6.75308E-5 7.23276E-5 6.97696E-5 7.07858E-5 6.82997E-5 6.28988E-5 7.51791E-5 7.39938E-5 7.02285E-5 6.64725E-5 6.99861E-5 7.11869E-5 7.13407E-5 7.21656E-5 7.43122E-5 7.15572E-5 6.57754E-5 4.04293E-5
4.80866E-5 5.00105E-5 5.21411E-5 5.35615E-5 5.18091E-5 4.81012E-5 4.49307E-5 3.36804E-5 1.46324E-5 1.59518E-5 3.16478E-5 5.45884E-5 5.90692E-5 5.13432E-5 4.71349E-5 4.99563E-5 4.80645E-5 4.7872E-5 5.6059E-5 4.97817E-5 4.17887E-5 4.26649E-5 3.24107E-5 3.18229E-5 4.41163E-5 4.99264E-5 4.95893E-5 5.56839E-5 5.80884E-5 5.59113E-5 5.26862E-5 4.403E-5 2.36321E-5 1.45976E-5 2.0809E-5 7.54162E-5 7.25561E-5 7.17013E-5 6.96143E-5 6.47869E-5 6.77607E-5 6.82766E-5 7.28122E-5 7.22345E-5 7.72088E-5 7.69904E-5 7.6201E-5 7.53785E-5 7.35351E-5 7.34243E-5 7.3952E-5 7.265E-5 7.42647E-5 7.55097E-5 7.88255E-5 7.50588E-5 7.54887E-5 7.75895E-5 7.2952E-5 5.72373E-5 2.79591E-5
2.36221E-5 1.8683E-5 3.05739E-5 3.11955E-5 4.58585E-5 4.82819E-5 4.60097E-5 4.44298E-5 2.7197E-5 1.49577E-5 1.72921E-5 2.02464E-5 2.99594E-5 5.26896E-5 5.77172E-5 5.58841E-5 5.52644E-5 5.12011E-5 5.4103E-5 5.50979E-5 4.9178E-5 4.83279E-5 2.13526E-5 5.7728E-5 5.24915E-5 5.68994E-5 5.71815E-5 5.45538E-5 5.41811E-5 5.23302E-5 5.14818E-5 5.14223E-5 2.01862E-5 1.29553E-5 1.5821E-5 5.71226E-5 5.76303E-5 6.64312E-5 6.64414E-5 5.62216E-5 5.91387E-5 5.968E-5 6.50758E-5 7.08079E-5 7.80721E-5 6.69929E-5 6.34271E-5 5.5819E-5 7.80828E-5 7.80828E-5 7.91582E-5 8.09596E-5 8.60627E-5 7.71387E-5 7.76181E-5 7.88708E-5 8.04819E-5 8.27726E-5 7.81382E-5 7.33135E-5 4.02134E-5
4.55472E-5 2.45973E-5 4.04547E-5 4.92846E-5 4.59639E-5 4.99942E-5 4.75301E-5 4.18809E-5 4.1609E-5 2.03982E-5 2.05849E-5 4.37959E-5 1.66374E-5 1.92319E-5 3.37374E-5 5.70148E-5 6.37633E-5 5.50103E-5 4.59672E-5 4.55284E-5 4.70208E-5 3.96168E-5 2.17905E-5 2.00238E-5 3.83374E-5 5.0489E-5 3.80573E-5 5.7743E-5 6.07658E-5 6.19355E-5 5.71122E-5 5.94118E-5 2.61495E-5 1.3385E-5 2.34896E-5 4.62288E-5 3.59151E-5 5.08168E-5 5.00063E-5 3.35577E-5 2.96692E-5 2.8807E-5 3.32805E-5 4.67731E-5 5.63299E-5 7.02922E-5 5.64377E-5 2.62235E-5 2.14374E-5 2.54231E-5 4.46904E-5 5.61483E-5 8.35074E-5 8.35484E-5 8.0722E-5 7.98277E-5 7.10589E-5 7.59796E-5 7.97743E-5 8.48493E-5 7.86642E-5
4.4414E-5 4.39066E-5 4.37214E-5 4.3917E-5 4.31285E-5 4.58444E-5 4.78106E-5 4.59728E-5 4.14094E-5 2.24821E-5 2.20313E-5 5.31645E-5 4.58495E-5 2.16696E-5 1.97328E-5 2.31008E-5 5.03365E-5 6.4078E-5 5.79584E-5 4.82186E-5 5.46351E-5 4.41269E-5 5.13487E-5 5.56098E-5 4.815E-5 4.9264E-5 4.86413E-5 4.37154E-5 2.36454E-5 5.63919E-5 6.65186E-5 6.62976E-5 6.40381E-5 5.93814E-5 6.26845E-5 6.84631E-5 6.26185E-5 5.99011E-5 6.55324E-5 5.97243E-5 3.92872E-5 2.56539E-5 3.41472E-5 5.68765E-5 7.47008E-5 8.00609E-5 7.77261E-5 6.25098E-5 4.02517E-5 2.89283E-5 7.72436E-5 8.88917E-5 8.17605E-5 8.68504E-5 8.36259E-5 8.16967E-5 8.13078E-5 7.74328E-5 6.35902E-5 5.22906E-5 5.20458E-5
5.04093E-5 4.97434E-5 5.04524E-5 4.98922E-5 4.96431E-5 4.82329E-5 4.8777E-5 4.93195E-5 4.43649E-5 2.89936E-5 1.93764E-5 2.03222E-5 5.15132E-5 5.10434E-5 1.87437E-5 1.9988E-5 1.94808E-5 3.94716E-5 6.3837E-5 5.86719E-5 5.9153E-5 4.42439E-5 5.65373E-5 5.54298E-5 5.20971E-5 4.34449E-5 3.05638E-5 3.06159E-5 1.81522E-5 1.74636E-5 2.07129E-5 3.2389E-5 6.74334E-5 6.97508E-5 7.30686E-5 7.12116E-5 6.73836E-5 6.65608E-5 7.1994E-5 6.74195E-5 6.18429E-5 5.20339E-5 6.2195E-5 7.18256E-5 7.30014E-5 7.98799E-5 8.00337E-5 7.0155E-5 7.03307E-5 4.31141E-5 2.39574E-5 3.49245E-5 8.61833E-5 8.50992E-5 7.39779E-5 7.80641E-5 7.79064E-5 8.60223E-5 8.52338E-5 8.45087E-5 8.72782E-5
4.83531E-5 4.60737E-5 4.96006E-5 5.29327E-5 5.52908E-5 5.54403E-5 5.28126E-5 4.91354E-5 5.03005E-5 4.4665E-5 1.93764E-5 1.9627E-5 2.01379E-5 1.67E-5 3.06813E-5 1.62146E-5 1.70711E-5 1.86735E-5 3.42954E-5 6.26479E-5 6.18287E-5 5.29834E-5 5.28875E-5 6.07532E-5 5.53818E-5 5.21061E-5 4.83649E-5 2.73798E-5 1.5106E-5 1.43456E-5 1.57508E-5 1.53492E-5 1.99885E-5 4.28233E-5 6.52841E-5 6.39266E-5 7.08156E-5 7.01735E-5 7.46907E-5 7.65691E-5 7.60766E-5 7.53966E-5 7.444E-5 7.11254E-5 7.97735E-5 8.32509E-5 8.01678E-5 7.90184E-5 8.24484E-5 6.13766E-5 2.71605E-5 2.94194E-5 7.11976E-5 9.36718E-5 8.5282E-5 8.65175E-5 6.65541E-5 7.83419E-5 8.8555E-5 9.2224E-5 8.42633E-5
5.31318E-5 4.59814E-5 3.92146E-5 4.3432E-5 4.822E-5 5.37265E-5 5.63699E-5 5.8085E-5 5.1252E-5 4.52692E-5 2.04744E-5 4.85267E-5 5.25303E-5 2.38383E-5 5.15642E-5 2.89924E-5 1.50087E-5 1.58024E-5 1.52034E-5 2.03158E-5 4.41969E-5 6.09145E-5 6.35286E-5 6.72943E-5 5.93116E-5 5.59208E-5 5.36897E-5 5.34167E-5 3.47293E-5 5.39451E-5 3.8746E-5 3.51635E-5 1.95535E-5 1.71203E-5 1.82624E-5 2.48049E-5 7.19455E-5 6.14943E-5 3.53352E-5 5.15549E-5 5.56643E-5 7.43016E-5 3.26619E-5 2.824E-5 3.1798E-5 4.90981E-5 5.16808E-5 6.30388E-5 8.69685E-5 8.20935E-5 8.35964E-5 3.52441E-5 5.80172E-5 7.10192E-5 8.36642E-5 9.43148E-5 8.57999E-5 7.7998E-5 8.81994E-5 8.95656E-5 8.9441E-5
5.42761E-5 5.03222E-5 4.55906E-5 3.17692E-5 3.32534E-5 3.46798E-5 4.65944E-5 5.48714E-5 5.14416E-5 2.82613E-5 4.78525E-5 5.43531E-5 5.91566E-5 5.263E-5 5.74578E-5 5.27564E-5 3.22327E-5 5.54133E-5 4.37382E-5 2.68478E-5 1.84671E-5 1.52536E-5 5.17907E-5 5.94356E-5 6.27813E-5 6.39438E-5 6.13858E-5 6.15976E-5 5.87499E-5 5.62514E-5 6.29472E-5 5.5347E-5 5.689E-5 5.79152E-5 2.48985E-5 1.91106E-5 3.59013E-5 5.42796E-5 2.83766E-5 2.61661E-5 2.45317E-5 2.42171E-5 2.69218E-5 2.41878E-5 2.58665E-5 2.7238E-5 3.22938E-5 3.28368E-5 2.76599E-5 2.80856E-5 3.08615E-5 3.53302E-5 6.69814E-5 5.00587E-5 5.71266E-5 8.5544E-5 4.77288E-5 4.71192E-5 6.5772E-5 8.42071E-5 9.50657E-5
2.57947E-5 2.9049E-5 2.20353E-5 3.10813E-5 4.7675E-5 5.40358E-5 5.19686E-5 5.38205E-5 4.19563E-5 2.30238E-5 4.23403E-5 6.04739E-5 5.21956E-5 4.65984E-5 5.08843E-5 3.71012E-5 4.84669E-5 5.50339E-5 4.16175E-5 5.64846E-5 4.94552E-5 1.79977E-5 5.37366E-5 6.05422E-5 6.06629E-5 5.74881E-5 5.84795E-5 6.0913E-5 6.47078E-5 6.25652E-5 6.63846E-5 5.84701E-5 5.68694E-5 5.52936E-5 3.4956E-5 3.25404E-5 2.18049E-5 2.59288E-5 2.33228E-5 2.55966E-5 2.52685E-5 2.50104E-5 2.33569E-5 2.24684E-5 2.56319E-5 2.36285E-5 2.49419E-5 2.6028E-5 2.74733E-5 2.60879E-5 2.89969E-5 3.0259E-5 4.09646E-5 8.33896E-5 5.94851E-5 4.95232E-5 5.3488E-5 4.15867E-5 5.0246E-5 4.63432E-5 7.33081E-5
3.83384E-5 3.72368E-5 3.4807E-5 4.48014E-5 4.77813E-5 4.94186E-5 5.00824E-5 4.30381E-5 2.96924E-5 2.84689E-5 3.03499E-5 5.79767E-5 5.87561E-5 4.84371E-5 6.09237E-5 5.24987E-5 5.3635E-5 4.92868E-5 5.21225E-5 5.46206E-5 4.96471E-5 4.56946E-5 2.00149E-5 2.76872E-5 5.62976E-5 6.28911E-5 6.44015E-5 6.29799E-5 6.10581E-5 6.45664E-5 6.84414E-5 6.81465E-5 6.10644E-5 6.91301E-5 6.79994E-5 6.4723E-5 2.63901E-5 2.89616E-5 2.97168E-5 3.23139E-5 3.78108E-5 3.78108E-5 3.14603E-5 3.066E-5 2.7908E-5 2.82337E-5 2.71605E-5 2.98019E-5 3.23243E-5 2.87783E-5 3.03746E-5 4.45889E-5 3.39369E-5 9.45682E-5 8.69763E-5 7.94087E-5 8.19804E-5 6.46363E-5 7.6543E-5 3.61456E-5 4.11194E-5
4.75016E-5 4.72724E-5 5.01938E-5 4.68461E-5 4.56726E-5 5.06529E-5 5.24442E-5 6.02348E-5 5.60026E-5 4.78896E-5 2.84689E-5 5.87661E-5 5.85869E-5 5.00742E-5 5.85334E-5 5.76392E-5 5.94829E-5 5.39914E-5 5.58057E-5 5.36298E-5 4.99548E-5 4.80079E-5 2.67412E-5 1.96848E-5 3.95386E-5 5.95201E-5 6.75168E-5 6.28567E-5 6.58811E-5 6.83252E-5 5.98266E-5 6.06546E-5 4.70949E-5 3.61923E-5 3.64399E-5 3.20488E-5 5.2585E-5 5.62601E-5 5.41448E-5 5.39466E-5 6.62977E-5 6.66319E-5 5.61314E-5 4.60645E-5 4.19516E-5 4.47316E-5 6.20189E-5 4.22938E-5 5.66622E-5 6.19746E-5 3.77662E-5 8.63842E-5 9.32714E-5 8.27086E-5 8.80574E-5 8.65247E-5 7.92336E-5 8.19833E-5 8.21251E-5 7.15018E-5 4.84249E-5
5.00144E-5 5.03222E-5 5.26485E-5 4.76154E-5 4.60982E-5 3.99345E-5 4.74553E-5 4.7124E-5 5.06518E-5 4.81113E-5 3.62313E-5 5.60415E-5 6.08237E-5 6.22485E-5 5.28747E-5 5.94668E-5 6.39E-5 5.61341E-5 5.12653E-5 5.09478E-5 5.01603E-5 5.00693E-5 2.75382E-5 2.25444E-5 4.39546E-5 5.59474E-5 3.04389E-5 6.59132E-5 6.91576E-5 5.90092E-5 6.13665E-5 3.35301E-5 5.30094E-5 7.50395E-5 7.0849E-5 6.39178E-5 6.36764E-5 6.35189E-5 6.14773E-5 6.77173E-5 6.81624E-5 6.91681E-5 6.71031E-5 7.03093E-5 6.71422E-5 5.40196E-5 7.08539E-5 6.37442E-5 6.81549E-5 6.99561E-5 4.17955E-5 5.4878E-5 8.10733E-5 8.21717E-5 8.21644E-5 7.96138E-5 8.2666E-5 8.47187E-5 8.48724E-5 7.74475E-5 5.21671E-5
4.92239E-5 4.63846E-5 4.83009E-5 4.70281E-5 3.31945E-5 4.00878E-5 4.34449E-5 4.51061E-5 5.42344E-5 4.66897E-5 2.65589E-5 2.28999E-5 2.55573E-5 4.70247E-5 5.1467E-5 6.14172E-5 6.30827E-5 5.91132E-5 4.93782E-5 5.26193E-5 5.11443E-5 5.26521E-5 5.2153E-5 6.09605E-5 5.46144E-5 7.07077E-5 5.6078E-5 4.78751E-5 6.2829E-5 4.9293E-5 4.12188E-5 4.46527E-5 5.46632E-5 3.60488E-5 6.40097E-5 7.22763E-5 6.87891E-5 6.30061E-5 6.55011E-5 7.19724E-5 6.91527E-5 6.99364E-5 7.4307E-5 7.63735E-5 6.98647E-5 7.13245E-5 7.3748E-5 7.47703E-5 7.3426E-5 8.08547E-5 7.58019E-5 7.77017E-5 7.39718E-5 7.71592E-5 8.30169E-5 8.35245E-5 8.5806E-5 8.26655E-5 8.33442E-5 5.44156E-5 5.3523E-5
4.44244E-5 4.34188E-5 4.38162E-5 4.02882E-5 4.40852E-5 4.83932E-5 5.38724E-5 4.83854E-5 4.44111E-5 3.43653E-5 4.88315E-5 4.9175E-5 4.87119E-5 4.37773E-5 3.96915E-5 5.86978E-5 5.7763E-5 4.72952E-5 4.96026E-5 5.70234E-5 5.76952E-5 5.30094E-5 3.70243E-5 2.59124E-5 5.65259E-5 6.41383E-5 6.51676E-5 6.7826E-5 6.74399E-5 7.07165E-5 6.53799E-5 6.31482E-5 6.8288E-5 6.58686E-5 5.61408E-5 6.84868E-5 7.17586E-5 7.19926E-5 7.08815E-5 7.49471E-5 7.479E-5 7.53119E-5 7.33747E-5 7.56745E-5 7.06776E-5 6.8348E-5 7.76359E-5 7.97566E-5 7.98766E-5 8.26804E-5 7.54546E-5 7.70158E-5 7.46877E-5 7.45247E-5 8.84357E-5 7.89992E-5 6.25419E-5 9.11067E-5 8.73839E-5 5.87653E-5 5.79615E-5
5.02998E-5 4.71624E-5 4.44972E-5 4.03789E-5 5.02766E-5 4.9314E-5 4.89961E-5 4.93302E-5 4.97817E-5 5.13865E-5 5.25356E-5 4.94538E-5 5.11633E-5 4.3101E-5 5.16498E-5 5.75817E-5 5.26607E-5 4.90513E-5 5.49471E-5 6.3837E-5 5.68363E-5 3.01747E-5 4.57496E-5 6.51733E-5 6.60486E-5 5.80703E-5 7.24333E-5 6.03742E-5 5.95585E-5 6.65049E-5 7.23856E-5 7.31362E-5 6.68821E-5 5.97627E-5 5.93393E-5 6.21833E-5 5.67789E-5 5.44455E-5 6.43404E-5 5.12643E-5 6.63774E-5 7.19171E-5 8.13711E-5 7.2265E-5 7.36078E-5 7.47763E-5 6.73392E-5 7.4759E-5 8.54667E-5 8.58376E-5 7.86972E-5 8.41051E-5 7.66624E-5 7.0894E-5 8.66068E-5 8.56286E-5 6.60149E-5 9.15321E-5 8.30526E-5 5.1694E-5 5.43599E-5
5.08719E-5 4.69925E-5 4.46063E-5 4.76185E-5 5.0001E-5 5.30886E-5 5.05618E-5 5.00975E-5 4.80633E-5 5.59086E-5 5.60844E-5 5.39265E-5 5.13035E-5 4.79543E-5 5.67596E-5 5.80542E-5 4.91917E-5 4.95057E-5 3.66953E-5 4.38754E-5 6.09209E-5 5.93932E-5 5.29076E-5 5.14977E-5 6.37001E-5 3.8889E-5 6.75265E-5 6.90068E-5 5.57171E-5 6.39893E-5 7.43914E-5 7.39871E-5 6.67647E-5 6.63675E-5 6.57976E-5 6.86373E-5 7.25228E-5 7.01746E-5 6.94441E-5 6.31805E-5 6.84966E-5 6.99539E-5 7.25939E-5 7.17731E-5 7.30867E-5 7.30867E-5 7.73948E-5 5.10986E-5 5.09099E-5 8.4055E-5 7.84011E-5 7.68692E-5 5.63563E-5 8.7027E-5 7.4388E-5 8.73995E-5 8.69708E-5 8.88177E-5 7.35769E-5 8.43615E-5 9.08111E-5
5.12301E-5 5.00975E-5 5.02058E-5 4.81564E-5 4.54068E-5 5.2716E-5 4.93809E-5 4.98477E-5 4.62695E-5 5.30127E-5 5.82316E-5 5.71158E-5 5.10832E-5 5.60401E-5 6.02042E-5 5.47792E-5 5.33461E-5 4.57024E-5 3.49866E-5 5.37543E-5 6.77473E-5 6.48597E-5 5.81342E-5 5.01086E-5 5.90462E-5 5.43097E-5 5.78022E-5 4.45055E-5 4.17494E-5 5.27209E-5 6.71863E-5 7.4934E-5 7.23784E-5 7.15546E-5 7.01661E-5 6.8913E-5 7.09526E-5 7.04598E-5 6.41299E-5 6.41107E-5 6.98811E-5 7.10407E-5 6.90778E-5 7.13245E-5 7.49735E-5 7.22501E-5 7.08896E-5 6.56325E-5 7.4655E-5 6.81549E-5 8.21724E-5 7.81314E-5 7.54494E-5 8.5384E-5 8.31741E-5 8.50811E-5 9.44197E-5 8.66454E-5 8.14067E-5 7.21131E-5 5.9247E-5
4.97709E-5 5.21225E-5 5.2343E-5 4.78511E-5 4.86174E-5 4.97709E-5 5.21758E-5 5.191E-5 5.30416E-5 5.35295E-5 5.26912E-5 5.54448E-5 5.34238E-5 5.16853E-5 6.1597E-5 5.62363E-5 5.34605E-5 5.41259E-5 5.22943E-5 5.38805E-5 6.61273E-5 6.01E-5 4.99261E-5 6.366E-5 6.16509E-5 6.03784E-5 5.90166E-5 6.68531E-5 5.62216E-5 5.00961E-5 5.80709E-5 7.41762E-5 7.36396E-5 6.92073E-5 7.40253E-5 7.5433E-5 7.26542E-5 6.98486E-5 7.01706E-5 6.60363E-5 6.88545E-5 7.31919E-5 7.64545E-5 7.50508E-5 7.72375E-5 7.87382E-5 7.37231E-5 7.59966E-5 7.55099E-5 7.95387E-5 8.27119E-5 7.92569E-5 8.3119E-5 8.48724E-5 8.54596E-5 8.7583E-5 8.98391E-5 8.52027E-5 6.20277E-5 6.42198E-5 5.96247E-5
4.68448E-5 4.98135E-5 5.15978E-5 5.0003E-5 4.80079E-5 4.60987E-5 4.48138E-5 4.39216E-5 5.29819E-5 5.39914E-5 5.6997E-5 5.40018E-5 5.25229E-5 4.79583E-5 6.04509E-5 5.86318E-5 5.93962E-5 6.03064E-5 5.30139E-5 4.81457E-5 4.4596E-5 4.84903E-5 6.80732E-5 6.10063E-5 6.00918E-5 5.78159E-5 6.0854E-5 6.74878E-5 6.54412E-5 5.29137E-5 5.22427E-5 6.03587E-5 6.50625E-5 6.95779E-5 6.99197E-5 7.94522E-5 7.64942E-5 7.80491E-5 7.32064E-5 6.86532E-5 6.96429E-5 6.81957E-5 6.45101E-5 7.42775E-5 7.24238E-5 7.48873E-5 7.56002E-5 7.9663E-5 8.3233E-5 7.93196E-5 8.47951E-5 8.30029E-5 5.17996E-5 5.95868E-5 5.48209E-5 6.09077E-5 5.54733E-5 5.31798E-5 5.117E-5 5.3117E-5 5.54107E-5
4.54286E-5 4.66933E-5 4.70202E-5 5.02058E-5 4.82388E-5 4.89435E-5 4.71305E-5 4.70318E-5 5.11257E-5 5.05515E-5 5.47384E-5 5.69509E-5 5.33648E-5 5.11723E-5 4.87238E-5 5.65942E-5 5.97345E-5 5.66961E-5 4.93899E-5 4.34711E-5 3.8746E-5 7.08226E-5 6.47078E-5 6.06699E-5 6.20464E-5 6.11703E-5 6.46915E-5 6.02844E-5 6.68969E-5 6.65895E-5 5.90416E-5 5.75257E-5 6.09601E-5 6.67465E-5 7.30099E-5 7.74343E-5 7.74388E-5 7.6105E-5 8.04818E-5 7.1602E-5 7.53237E-5 6.81624E-5 6.95154E-5 7.82175E-5 7.91522E-5 7.32484E-5 6.75368E-5 7.86642E-5 8.38974E-5 7.7895E-5 5.42314E-5 5.92654E-5 6.8027E-5 8.60015E-5 6.60149E-5 6.10716E-5 6.02934E-5 5.86104E-5 6.42847E-5 8.5022E-5 8.55871E-5
