Artocarpus hirsutus SDM files/MIS19/results (without bias file)/Arthir_5.asc
ncols         625
nrows         721
xllcorner     69.99986311115
yllcorner     5.99986187915
cellsize      0.041666667
NODATA_value  -9999
[rows 459 to 485 of 721, columns 61 to 121 of 625]
-9999 -9999 -9999 -9999 -9999 -9999 -9999 -9999 -9999 -9999 -9999 -9999 -9999 -9999 -9999 -9999 -9999 7.4274E-3 1.01346E-2 1.34162E-2 3.68726E-2 6.86946E-2 2.98283E-2 1.83487E-2 2.7535E-2 2.47123E-2 1.44939E-2 4.35185E-2 4.61366E-2 4.52343E-2 5.26472E-2 2.65029E-2 2.91115E-3 1.7716E-3 3.31147E-3 1.04667E-3 8.57912E-4 7.61666E-4 4.18529E-4 3.83293E-4 2.90613E-4 2.79522E-4 2.32306E-4 2.38822E-4 2.05963E-4 1.99707E-4 1.8165E-4 1.58042E-4 1.38619E-4 1.73615E-4 1.81143E-4 1.69829E-4 1.45293E-4 1.30557E-4 1.98518E-4 1.83026E-4 8.6121E-5 7.59527E-5 6.06026E-5 6.82243E-5 6.11671E-5
-9999 -9999 -9999 -9999 -9999 -9999 -9999 -9999 -9999 -9999 -9999 -9999 -9999 -9999 -9999 -9999 -9999 6.48528E-3 1.06218E-2 1.16404E-2 5.96449E-2 3.22886E-2 3.85581E-2 2.08021E-2 2.42141E-2 2.06953E-2 1.97252E-2 3.95018E-2 4.48082E-2 6.31046E-2 2.95447E-2 3.78749E-2 2.16233E-2 1.00265E-2 8.93914E-3 1.13145E-3 2.10108E-3 8.71097E-4 6.83997E-4 5.55593E-4 6.35133E-4 4.72823E-4 3.60592E-4 2.31046E-4 2.21654E-4 2.16385E-4 1.8987E-4 1.68855E-4 1.53676E-4 1.83505E-4 1.63064E-4 1.49152E-4 1.38941E-4 1.42284E-4 1.94708E-4 1.24231E-4 1.02977E-4 8.9424E-5 7.9685E-5 6.33095E-5 5.28459E-5
-9999 -9999 -9999 -9999 -9999 -9999 -9999 -9999 -9999 -9999 -9999 -9999 -9999 -9999 -9999 -9999 -9999 -9999 9.08462E-3 1.26441E-2 6.44681E-2 2.75966E-2 8.20426E-2 3.31229E-2 2.25207E-2 1.24743E-2 3.07992E-2 5.9287E-2 6.52619E-2 7.66158E-2 3.06767E-2 1.8735E-2 2.09979E-2 1.1836E-2 7.00057E-3 5.08599E-3 4.52887E-3 2.73828E-3 1.14044E-3 1.09067E-3 9.79576E-4 4.155E-4 3.69993E-4 4.59994E-4 3.33503E-4 2.81878E-4 3.44566E-4 2.02352E-4 1.64237E-4 1.59157E-4 1.32475E-4 1.43996E-4 1.80555E-4 2.33137E-4 1.64975E-4 1.08683E-4 9.91566E-5 9.74795E-5 7.85542E-5 5.73661E-5 5.96596E-5
-9999 -9999 -9999 -9999 -9999 -9999 -9999 -9999 -9999 -9999 -9999 -9999 -9999 -9999 -9999 -9999 -9999 -9999 1.39935E-2 1.11688E-2 1.58892E-2 2.42853E-2 4.33497E-2 3.88581E-2 2.78401E-2 1.73555E-2 4.16294E-2 3.43844E-2 4.80552E-2 5.96909E-2 5.30682E-2 4.80526E-2 1.01718E-2 7.01653E-3 2.06276E-3 1.76981E-3 9.87496E-4 1.03509E-3 6.54458E-4 7.77441E-4 3.12232E-4 2.49859E-4 2.77068E-4 5.15676E-4 3.39823E-4 2.97295E-4 2.9422E-4 1.91361E-4 1.75591E-4 1.65408E-4 1.27391E-4 1.33801E-4 1.74462E-4 2.763E-4 1.27061E-4 1.08364E-4 9.78837E-5 1.06607E-4 6.38351E-5 5.987E-5 8.72004E-5
-9999 -9999 -9999 -9999 -9999 -9999 -9999 -9999 -9999 -9999 -9999 -9999 -9999 -9999 -9999 -9999 -9999 -9999 1.14738E-2 1.44192E-2 1.26602E-2 6.5037E-2 8.69851E-2 1.25367E-1 4.26248E-2 2.79915E-2 2.12127E-2 2.1189E-2 3.68252E-2 2.78069E-2 5.75687E-2 1.02734E-1 1.54005E-2 9.81468E-3 1.9349E-2 4.90459E-3 1.80617E-3 1.78738E-3 8.73056E-4 5.49512E-4 5.008E-4 3.78995E-4 2.59699E-4 3.02923E-4 3.6119E-4 2.84395E-4 2.3252E-4 2.09892E-4 1.47618E-4 1.67198E-4 1.47931E-4 1.25614E-4 1.89991E-4 2.67797E-4 1.47995E-4 9.06238E-5 1.00701E-4 8.78751E-5 6.75819E-5 6.85384E-5 1.05579E-4
-9999 -9999 -9999 -9999 -9999 -9999 -9999 -9999 -9999 -9999 -9999 -9999 -9999 -9999 -9999 -9999 -9999 -9999 1.24851E-2 1.88205E-2 2.77154E-2 1.03779E-1 1.02368E-1 5.29655E-2 8.98532E-2 1.7612E-2 2.03115E-2 5.05303E-2 4.27457E-2 3.89222E-2 5.16463E-2 8.15675E-2 5.98523E-2 2.04993E-2 8.47354E-3 3.005E-3 4.77409E-3 1.09778E-3 9.93183E-4 1.07978E-3 9.05306E-4 7.74332E-4 4.87112E-4 3.08398E-4 2.64328E-4 3.17715E-4 2.16768E-4 2.09688E-4 1.84668E-4 1.83425E-4 1.94065E-4 1.55934E-4 2.20987E-4 1.75692E-4 1.30167E-4 8.39013E-5 1.17119E-4 7.49331E-5 6.77798E-5 8.09789E-5 1.18627E-4
-9999 -9999 -9999 -9999 -9999 -9999 -9999 -9999 -9999 -9999 -9999 -9999 -9999 -9999 -9999 -9999 -9999 -9999 9.62663E-3 1.51643E-2 1.74411E-2 9.4398E-2 6.56389E-2 3.87476E-2 5.85242E-2 7.31262E-2 2.65987E-2 3.56842E-2 3.50987E-2 4.12375E-2 5.65561E-2 1.05005E-1 4.01579E-2 1.17887E-2 2.20643E-2 1.17521E-2 8.49808E-3 1.62007E-3 9.0831E-4 2.26542E-3 1.89404E-3 9.93657E-4 4.84905E-4 3.8912E-4 3.18955E-4 2.62028E-4 3.10567E-4 2.95181E-4 2.42377E-4 2.14206E-4 1.85293E-4 1.53285E-4 1.92689E-4 1.39722E-4 1.13933E-4 1.02789E-4 1.01336E-4 9.30865E-5 8.51507E-5 8.18948E-5 1.11757E-4
-9999 -9999 -9999 -9999 -9999 -9999 -9999 -9999 -9999 -9999 -9999 -9999 -9999 -9999 -9999 -9999 -9999 -9999 1.08478E-2 1.22014E-2 1.45859E-2 5.81051E-2 4.61678E-2 1.52608E-1 1.18199E-1 3.60257E-2 1.72333E-2 2.32908E-2 3.49533E-2 5.98277E-2 7.15564E-2 1.03062E-1 5.37916E-2 4.56989E-2 1.18557E-2 2.7626E-2 6.09607E-3 1.21688E-3 8.37556E-4 3.18077E-3 2.17462E-3 8.33919E-4 4.59029E-4 4.14073E-4 3.48864E-4 3.4962E-4 3.97056E-4 2.31571E-4 2.34012E-4 2.31609E-4 1.67452E-4 1.76023E-4 1.93357E-4 1.34035E-4 1.22648E-4 1.50082E-4 1.01322E-4 9.26963E-5 1.0389E-4 8.22282E-5 8.75985E-5
-9999 -9999 -9999 -9999 -9999 -9999 -9999 -9999 -9999 -9999 -9999 -9999 -9999 -9999 -9999 -9999 -9999 -9999 9.70039E-3 8.94345E-3 1.61789E-2 3.03462E-2 1.72572E-1 1.50437E-1 5.46277E-2 3.16455E-2 3.04129E-2 2.45075E-2 4.81092E-2 6.39362E-2 8.37422E-2 1.19001E-1 1.0636E-1 2.51483E-2 2.08797E-2 6.79012E-3 6.55326E-3 1.54192E-3 2.28667E-3 1.41643E-3 7.34669E-4 5.16985E-4 4.08609E-4 3.74611E-4 3.37809E-4 3.21242E-4 2.76333E-4 2.69711E-4 2.48652E-4 2.3395E-4 2.09237E-4 1.75381E-4 1.5875E-4 1.45324E-4 1.33907E-4 1.80176E-4 1.15851E-4 1.4316E-4 1.06801E-4 8.0153E-5 7.87465E-5
-9999 -9999 -9999 -9999 -9999 -9999 -9999 -9999 -9999 -9999 -9999 -9999 -9999 -9999 -9999 -9999 -9999 -9999 1.3099E-2 8.35743E-3 1.29928E-2 1.92531E-2 5.70412E-2 4.02197E-2 6.09244E-2 5.96229E-2 6.24427E-2 3.27484E-2 2.65544E-2 6.52503E-2 9.04376E-2 1.11685E-1 1.11979E-1 2.57928E-2 3.16047E-2 4.90882E-3 4.12678E-3 3.22228E-3 1.63815E-3 1.30757E-3 1.51877E-3 1.03822E-3 8.27331E-4 7.37465E-4 4.10928E-4 3.35326E-4 4.3906E-4 4.60637E-4 3.73729E-4 2.71055E-4 2.0321E-4 1.93345E-4 2.38843E-4 2.03784E-4 1.37592E-4 1.6011E-4 2.03435E-4 1.26904E-4 8.88675E-5 8.18719E-5 8.63485E-5
-9999 -9999 -9999 -9999 -9999 -9999 -9999 -9999 -9999 -9999 -9999 -9999 -9999 -9999 -9999 -9999 -9999 -9999 1.05943E-2 9.94901E-3 1.29896E-2 2.21587E-2 7.0651E-2 1.63046E-1 1.43268E-1 6.03302E-2 4.1568E-2 4.04266E-2 4.06365E-2 3.87802E-2 5.74754E-2 9.80895E-2 1.33003E-1 4.04099E-2 2.64473E-2 4.83219E-3 6.5375E-3 5.99456E-3 1.32171E-3 5.12006E-3 1.78968E-3 6.99439E-4 5.36142E-4 5.63137E-4 3.5911E-4 3.16277E-4 4.85994E-4 5.79009E-4 5.41809E-4 2.87502E-4 2.06675E-4 2.06386E-4 2.26931E-4 2.60629E-4 1.80451E-4 1.63963E-4 1.94113E-4 9.77012E-5 9.69844E-5 9.22918E-5 1.14507E-4
-9999 -9999 -9999 -9999 -9999 -9999 -9999 -9999 -9999 -9999 -9999 -9999 -9999 -9999 -9999 -9999 -9999 -9999 -9999 1.09487E-2 1.17311E-2 1.75776E-2 1.00043E-2 1.18196E-1 1.28676E-1 6.32385E-2 2.63805E-2 2.59159E-2 4.55162E-2 4.04575E-2 5.75133E-2 1.18804E-1 1.24383E-1 3.80087E-2 1.40676E-2 4.70241E-3 1.10077E-2 2.0803E-3 3.08426E-3 2.4641E-3 9.43715E-4 8.80982E-4 6.89111E-4 6.08543E-4 6.08267E-4 5.06787E-4 4.47801E-4 6.28787E-4 6.75425E-4 4.32344E-4 2.87987E-4 2.13576E-4 2.2347E-4 2.62852E-4 2.56259E-4 1.65545E-4 1.62736E-4 1.12811E-4 1.2722E-4 1.24185E-4 1.16112E-4
-9999 -9999 -9999 -9999 -9999 -9999 -9999 -9999 -9999 -9999 -9999 -9999 -9999 -9999 -9999 -9999 -9999 -9999 -9999 8.35637E-3 1.08471E-2 9.43049E-3 1.37525E-2 4.92987E-2 1.03211E-1 4.04082E-2 2.93544E-2 2.49552E-2 2.65806E-2 2.92285E-2 6.81885E-2 1.25341E-1 5.59542E-2 3.86496E-2 1.79633E-2 9.60258E-3 7.28002E-3 8.53927E-3 2.13912E-3 1.07114E-3 2.88463E-3 1.20604E-3 9.31116E-4 1.05398E-3 7.97441E-4 6.27736E-4 6.31516E-4 7.8341E-4 8.56221E-4 6.18949E-4 2.97729E-4 2.1109E-4 2.57971E-4 3.3193E-4 2.94945E-4 1.56975E-4 1.22344E-4 1.24557E-4 1.1445E-4 1.26794E-4 8.99698E-5
-9999 -9999 -9999 -9999 -9999 -9999 -9999 -9999 -9999 -9999 -9999 -9999 -9999 -9999 -9999 -9999 -9999 -9999 -9999 6.6934E-3 1.05653E-2 1.22725E-2 1.27218E-2 1.8149E-2 1.00079E-1 6.9056E-2 3.49903E-2 2.28455E-2 2.07791E-2 2.60622E-2 5.92489E-2 1.15465E-1 1.16262E-1 1.07968E-1 2.84164E-2 7.99453E-3 3.17469E-2 3.89967E-3 1.25988E-3 4.38924E-3 5.91385E-3 7.93574E-4 1.4971E-3 2.27847E-3 1.25142E-3 8.06324E-4 1.02482E-3 9.42795E-4 5.48758E-4 3.44167E-4 2.89741E-4 2.30546E-4 1.94109E-4 2.94121E-4 2.18086E-4 1.55738E-4 1.37602E-4 1.27769E-4 1.19983E-4 1.22111E-4 1.0379E-4
-9999 -9999 -9999 -9999 -9999 -9999 -9999 -9999 -9999 -9999 -9999 -9999 -9999 -9999 -9999 -9999 -9999 -9999 -9999 -9999 9.88965E-3 8.56757E-3 8.94615E-3 1.59602E-2 4.84981E-2 5.05303E-2 5.38783E-2 2.4273E-2 1.44795E-2 3.03053E-2 5.47088E-2 7.00343E-2 5.2268E-2 3.17283E-2 1.5976E-2 2.03391E-2 3.08859E-2 2.63644E-3 2.10584E-3 6.95384E-3 1.42647E-3 6.19308E-4 1.59365E-3 2.14338E-3 6.71287E-4 4.12479E-4 5.42651E-4 4.13489E-4 7.82223E-4 5.52676E-4 4.16043E-4 2.88762E-4 2.11559E-4 2.10696E-4 2.47857E-4 1.99425E-4 1.59195E-4 1.42639E-4 1.34323E-4 1.19969E-4 1.23359E-4
-9999 -9999 -9999 -9999 -9999 -9999 -9999 -9999 -9999 -9999 -9999 -9999 -9999 -9999 -9999 -9999 -9999 -9999 -9999 -9999 6.32591E-3 1.12719E-2 1.13891E-2 8.4658E-3 4.95991E-2 6.71837E-2 1.4441E-2 1.30127E-2 1.88806E-2 2.64263E-2 2.43236E-2 3.68029E-2 9.58648E-2 1.0396E-1 2.82885E-2 1.21773E-2 2.45167E-2 2.12149E-3 1.38413E-2 2.77846E-3 1.38532E-3 2.31071E-3 3.38463E-3 9.99789E-4 6.13919E-4 5.05981E-4 5.05039E-4 4.45715E-4 6.78905E-4 6.87756E-4 4.02617E-4 3.36318E-4 3.1126E-4 2.37615E-4 2.31228E-4 1.99488E-4 1.80847E-4 1.40152E-4 1.34205E-4 1.90735E-4 2.67534E-4
-9999 -9999 -9999 -9999 -9999 -9999 -9999 -9999 -9999 -9999 -9999 -9999 -9999 -9999 -9999 -9999 -9999 -9999 -9999 -9999 5.47849E-3 7.89077E-3 6.76974E-3 1.05558E-2 9.78052E-3 3.03187E-2 5.10741E-2 3.46496E-2 2.0405E-2 3.37311E-2 2.99026E-2 3.2374E-2 4.83726E-2 8.15953E-2 5.38633E-2 3.03166E-2 3.81567E-3 3.48051E-3 2.93599E-2 3.57484E-3 2.8444E-3 1.06948E-3 9.11902E-4 6.94035E-4 6.84038E-4 6.58516E-4 5.30623E-4 5.48426E-4 5.31041E-4 6.56109E-4 5.30447E-4 3.50449E-4 4.33666E-4 3.71308E-4 2.54962E-4 2.15635E-4 1.95985E-4 1.53093E-4 1.82476E-4 2.39291E-4 2.70135E-4
-9999 -9999 -9999 -9999 -9999 -9999 -9999 -9999 -9999 -9999 -9999 -9999 -9999 -9999 -9999 -9999 -9999 -9999 -9999 -9999 -9999 6.92112E-3 7.09909E-3 7.71136E-3 7.2074E-3 1.16178E-2 3.56006E-2 2.66555E-2 1.51241E-2 3.48852E-2 6.08995E-2 1.63842E-2 3.311E-2 5.11392E-2 4.97786E-2 1.15976E-2 3.68969E-3 1.19318E-2 3.10274E-2 6.86117E-3 1.91903E-3 1.30155E-3 7.84574E-4 9.41514E-4 2.58543E-3 1.44709E-3 6.79426E-4 6.6183E-4 5.92911E-4 6.19711E-4 5.73908E-4 4.30172E-4 6.32116E-4 6.59323E-4 2.5715E-4 1.72805E-4 1.79379E-4 2.14364E-4 2.97141E-4 3.73217E-4 2.7685E-4
-9999 -9999 -9999 -9999 -9999 -9999 -9999 -9999 -9999 -9999 -9999 -9999 -9999 -9999 -9999 -9999 -9999 -9999 -9999 -9999 -9999 6.54393E-3 7.05609E-3 1.13295E-2 5.7196E-3 1.49977E-2 8.95938E-3 1.61335E-2 2.25168E-2 2.25155E-2 5.57416E-2 1.0527E-1 5.01373E-2 5.43864E-2 2.04857E-2 2.6612E-2 1.28345E-2 1.94282E-2 3.56631E-3 3.51349E-3 1.69985E-3 2.21124E-3 8.58433E-4 1.97462E-3 3.61333E-3 1.45881E-3 1.04703E-3 7.51668E-4 5.75824E-4 6.28604E-4 5.60298E-4 5.41316E-4 7.5427E-4 6.62362E-4 5.03847E-4 2.12629E-4 1.92687E-4 2.31778E-4 2.87048E-4 3.16707E-4 3.60011E-4
-9999 -9999 -9999 -9999 -9999 -9999 -9999 -9999 -9999 -9999 -9999 -9999 -9999 -9999 -9999 -9999 -9999 -9999 -9999 -9999 -9999 4.13338E-3 1.02306E-2 1.83022E-2 7.53545E-3 6.16389E-3 3.3493E-3 1.15152E-2 1.85162E-2 4.46135E-2 9.4802E-2 9.20113E-2 4.43968E-2 2.68434E-2 4.84186E-2 4.29067E-2 3.41654E-2 5.52625E-3 1.70391E-2 2.32079E-3 3.37793E-3 5.30372E-3 1.72529E-3 2.47899E-3 1.25901E-3 1.70226E-3 9.76052E-4 6.3838E-4 4.52141E-4 1.25134E-3 8.85863E-4 5.18329E-4 9.62785E-4 1.08559E-3 5.72619E-4 2.37029E-4 2.01606E-4 2.72113E-4 3.35613E-4 3.00618E-4 3.934E-4
-9999 -9999 -9999 -9999 -9999 -9999 -9999 -9999 -9999 -9999 -9999 -9999 -9999 -9999 -9999 -9999 -9999 -9999 -9999 -9999 -9999 4.261E-3 7.94751E-3 1.59953E-2 1.17859E-2 3.18049E-3 2.89682E-3 4.62587E-3 2.14201E-2 3.27282E-2 4.51613E-2 4.30572E-2 9.47269E-3 1.36382E-2 2.07445E-2 5.9869E-2 2.03687E-2 2.64689E-2 1.20148E-2 3.64973E-3 1.53169E-2 3.32849E-3 1.64774E-3 1.32685E-3 1.0784E-3 9.34092E-4 1.0991E-3 9.49271E-4 8.69123E-4 1.30765E-3 5.84819E-4 4.94654E-4 8.0547E-4 6.27301E-4 4.19362E-4 5.7079E-4 2.89293E-4 2.32446E-4 4.10172E-4 3.88941E-4 5.03495E-4
-9999 -9999 -9999 -9999 -9999 -9999 -9999 -9999 -9999 -9999 -9999 -9999 -9999 -9999 -9999 -9999 -9999 -9999 -9999 -9999 -9999 -9999 7.13836E-3 1.06886E-2 6.94291E-3 4.18093E-3 3.70968E-3 4.43199E-3 2.30784E-2 2.98449E-2 2.63134E-2 2.41409E-2 3.30947E-2 2.48715E-2 2.22616E-2 4.92561E-2 4.77803E-2 5.97927E-2 7.56941E-3 1.03748E-2 5.57658E-3 1.61199E-3 1.36895E-3 2.61474E-3 1.21237E-3 1.4689E-3 2.91188E-3 2.21251E-3 1.25289E-3 8.66605E-4 7.04206E-4 4.62191E-4 8.21909E-4 1.35973E-3 4.77813E-4 4.66287E-4 3.56408E-4 2.39053E-4 3.69034E-4 5.66065E-4 4.07444E-4
-9999 -9999 -9999 -9999 -9999 -9999 -9999 -9999 -9999 -9999 -9999 -9999 -9999 -9999 -9999 -9999 -9999 -9999 -9999 -9999 -9999 1.11167E-2 5.88773E-3 1.36874E-2 8.98849E-3 8.92031E-3 5.53095E-3 4.90223E-3 4.92289E-3 2.85011E-2 4.95451E-2 4.43606E-2 1.41463E-2 1.32321E-2 4.94471E-2 8.90242E-2 5.6992E-2 1.35454E-2 7.98119E-3 3.82579E-3 4.93696E-3 7.64361E-3 4.72146E-3 1.06866E-3 1.26367E-3 2.17477E-3 2.45664E-3 1.16005E-3 1.1006E-3 7.66293E-4 5.51543E-4 6.78746E-4 1.55551E-3 1.09521E-3 4.49066E-4 4.34284E-4 5.55429E-4 3.06583E-4 4.12183E-4 5.45018E-4 3.36716E-4
-9999 -9999 -9999 -9999 -9999 -9999 -9999 -9999 -9999 -9999 -9999 -9999 -9999 -9999 -9999 -9999 -9999 -9999 -9999 -9999 -9999 -9999 -9999 9.73059E-3 8.17568E-3 8.93597E-3 1.23252E-2 5.40964E-3 4.04974E-3 1.53363E-2 6.21911E-2 1.39878E-2 1.08084E-2 2.91926E-2 8.43705E-2 1.25556E-1 4.20382E-2 3.54727E-2 3.77427E-2 3.4302E-3 4.74877E-3 3.00701E-3 1.93574E-3 1.90162E-3 6.48104E-3 3.30453E-3 8.70865E-4 8.28097E-4 2.4086E-3 1.71913E-3 5.09111E-4 8.23017E-4 2.16643E-3 8.795E-4 4.31588E-4 4.39238E-4 6.95541E-4 6.12725E-4 5.99924E-4 3.51617E-4 2.71906E-4
-9999 -9999 -9999 -9999 -9999 -9999 -9999 -9999 -9999 -9999 -9999 -9999 -9999 -9999 -9999 -9999 -9999 -9999 -9999 -9999 -9999 -9999 1.19351E-2 -9999 8.41452E-3 1.42094E-2 1.17805E-2 8.71678E-3 3.32546E-3 7.59984E-3 7.82888E-2 1.84743E-2 2.0061E-2 6.0093E-2 7.19783E-2 1.16124E-1 1.01301E-1 3.1987E-2 1.25521E-2 9.61016E-3 4.54322E-3 5.20425E-3 2.65258E-3 6.03052E-3 4.45259E-3 1.22486E-3 8.67171E-4 1.37577E-3 1.21003E-3 7.49676E-4 5.36145E-4 1.81812E-3 1.3592E-3 6.43169E-4 5.20185E-4 5.46093E-4 4.83264E-4 9.54347E-4 1.15077E-3 5.49025E-4 2.57433E-4
-9999 -9999 -9999 -9999 -9999 -9999 -9999 -9999 -9999 -9999 -9999 -9999 -9999 -9999 -9999 -9999 -9999 -9999 -9999 -9999 -9999 -9999 -9999 -9999 -9999 9.70327E-3 9.60167E-3 9.46916E-3 4.8281E-3 8.91558E-3 7.43754E-3 1.38791E-2 3.37E-2 7.71869E-2 1.053E-1 5.23434E-2 1.07587E-1 7.00993E-2 2.93979E-2 1.16709E-2 2.20428E-2 1.36685E-2 5.71875E-3 4.30278E-3 2.15913E-3 2.31088E-3 2.01562E-3 1.15753E-3 9.81943E-4 1.05346E-3 1.26966E-3 1.30625E-3 7.99143E-4 5.93327E-4 7.02087E-4 5.46517E-4 4.26073E-4 6.96157E-4 8.6381E-4 5.94357E-4 5.85533E-4
-9999 -9999 -9999 -9999 -9999 -9999 -9999 -9999 -9999 -9999 -9999 -9999 -9999 -9999 -9999 -9999 -9999 -9999 -9999 -9999 -9999 -9999 -9999 -9999 -9999 -9999 1.3663E-2 1.91179E-2 1.0779E-2 8.165E-3 5.22436E-3 2.027E-2 6.29909E-2 5.04449E-2 5.67176E-2 5.52157E-2 3.22392E-2 9.23376E-3 1.15382E-2 3.56538E-2 2.82775E-2 3.03199E-2 1.00947E-2 3.61868E-3 3.54003E-3 5.62609E-3 1.64577E-3 8.45729E-4 1.87938E-3 1.96335E-3 8.74818E-4 7.06674E-4 5.43401E-4 6.4037E-4 9.00979E-4 8.63013E-4 7.24401E-4 5.90838E-4 5.15013E-4 4.20512E-4 4.69105E-4
