Artocarpus hirsutus SDM files/MIS19/results (without bias file)/Arthir_3.asc
ncols         625
nrows         721
xllcorner     69.99986311115
yllcorner     5.99986187915
cellsize      0.041666667
NODATA_value  -9999
[rows 378 to 404 of 721, columns 183 to 243 of 625]
4.08518E-4 4.00097E-4 3.75608E-4 2.76026E-4 3.3314E-4 3.07198E-4 3.29786E-4 3.4633E-4 4.98747E-4 5.25326E-4 5.32452E-4 5.35193E-4 4.16592E-4 4.34783E-4 7.86748E-4 6.36428E-4 3.30935E-4 8.92338E-4 7.12197E-4 5.95124E-4 9.53345E-4 8.82175E-4 9.7813E-4 6.23237E-4 5.6267E-4 6.33183E-4 6.31996E-4 6.32738E-4 5.94914E-4 7.35585E-4 6.70297E-4 6.87318E-4 7.26277E-4 8.76277E-4 6.59353E-4 1.00148E-3 1.16407E-3 7.95153E-4 6.16481E-4 8.90117E-4 1.19456E-3 9.3657E-4 1.16617E-3 1.15339E-3 1.04371E-3 7.57623E-4 7.67436E-4 6.28525E-4 7.51686E-4 1.36713E-3 1.57101E-3 1.14356E-3 7.79641E-4 1.15872E-3 1.11827E-3 8.37993E-4 1.01438E-3 7.74042E-5 8.75412E-5 7.52219E-5 7.86092E-5
3.22265E-4 3.84901E-4 4.28758E-4 4.59527E-4 5.73974E-4 4.06671E-4 3.54522E-4 3.20731E-4 4.8265E-4 5.56232E-4 4.76648E-4 4.69727E-4 3.57245E-4 4.59566E-4 5.157E-4 6.39207E-4 3.5889E-4 9.48674E-4 8.29481E-4 4.97859E-4 6.64298E-4 6.34261E-4 1.02858E-3 1.34077E-3 7.19147E-4 6.01836E-4 5.93015E-4 5.81927E-4 6.81655E-4 7.76609E-4 7.51909E-4 6.51174E-4 6.9687E-4 7.2777E-4 6.76575E-4 9.69576E-4 8.35993E-4 1.01904E-3 7.93211E-4 5.6344E-4 1.33007E-3 1.13146E-3 9.64323E-4 1.03686E-3 1.29364E-3 7.49785E-4 6.72508E-4 6.90727E-4 5.45964E-4 9.08217E-4 1.64734E-3 9.68635E-4 7.23143E-4 1.22333E-3 8.08695E-4 1.01117E-3 8.73651E-4 6.77091E-5 7.47425E-5 7.11961E-5 7.30395E-5
2.75259E-4 2.78688E-4 3.51792E-4 4.84064E-4 6.82852E-4 4.84933E-4 3.92112E-4 3.66603E-4 3.34655E-4 4.03493E-4 4.38742E-4 5.83335E-4 3.87555E-4 5.83052E-4 8.89501E-4 4.48689E-4 3.91228E-4 8.85562E-4 1.31903E-3 5.19652E-4 4.27647E-4 6.24887E-4 9.9324E-4 1.63456E-3 1.06951E-3 7.90859E-4 5.61753E-4 5.84218E-4 7.08267E-4 7.05958E-4 6.71296E-4 5.55827E-4 7.02147E-4 6.5922E-4 8.89628E-4 7.51761E-4 7.47565E-4 1.21751E-3 9.57165E-4 6.17412E-4 6.10243E-4 1.1525E-3 8.15194E-4 1.11483E-3 1.19777E-3 1.54793E-3 1.11657E-3 8.90936E-4 4.35183E-4 6.02699E-4 1.19746E-3 1.35296E-3 7.26028E-4 1.04563E-3 7.45388E-4 9.06132E-4 1.04174E-3 7.43578E-5 8.31781E-5 8.26082E-5 8.37322E-5
3.82389E-4 3.08701E-4 3.04301E-4 3.71883E-4 3.69325E-4 5.44379E-4 4.9918E-4 3.99425E-4 3.94638E-4 4.84253E-4 4.17156E-4 4.5663E-4 3.86838E-4 5.15001E-4 7.75189E-4 5.30156E-4 4.12939E-4 9.62756E-4 9.65892E-4 5.32019E-4 4.02195E-4 7.85947E-4 1.13052E-3 6.81173E-4 6.3137E-4 1.48057E-3 9.30484E-4 5.92393E-4 5.94775E-4 6.32727E-4 6.9343E-4 6.0605E-4 5.60836E-4 6.29186E-4 6.80347E-4 7.09923E-4 9.74852E-4 1.17875E-3 1.08514E-3 5.89046E-4 7.01318E-4 1.17802E-3 7.74024E-4 7.98148E-4 8.68472E-4 1.49252E-3 3.26188E-3 9.75669E-4 4.18852E-4 4.7093E-4 9.12772E-4 1.00564E-3 7.75581E-4 1.0912E-3 7.37924E-4 9.29584E-4 1.10102E-3 6.88968E-5 7.23392E-5 6.94591E-5 7.52981E-5
2.87274E-4 3.14763E-4 3.63301E-4 3.9368E-4 3.10658E-4 3.7988E-4 4.85023E-4 4.74274E-4 5.27308E-4 5.87283E-4 5.16481E-4 5.81482E-4 4.62249E-4 4.27793E-4 6.57164E-4 6.46822E-4 4.13391E-4 7.22921E-4 1.01662E-3 5.18286E-4 4.5747E-4 4.90726E-4 5.25432E-4 5.77175E-4 9.59877E-4 1.02754E-3 7.08453E-4 7.11232E-4 7.42445E-4 7.86503E-4 6.84868E-4 6.6885E-4 6.3384E-4 5.54945E-4 7.05975E-4 8.30995E-4 9.9397E-4 8.99474E-4 8.97013E-4 5.82344E-4 9.14069E-4 1.08133E-3 1.07455E-3 5.51902E-4 1.02915E-3 1.17396E-3 2.22649E-3 1.04081E-3 3.82569E-4 4.55886E-4 8.16774E-4 7.79618E-4 9.53643E-4 1.00636E-3 1.00636E-3 9.03674E-4 5.36976E-5 6.81306E-5 7.55487E-5 7.65906E-5 7.55764E-5
3.20315E-4 4.68117E-4 5.2157E-4 4.66153E-4 4.54305E-4 4.06073E-4 4.10264E-4 4.13723E-4 4.50006E-4 4.28083E-4 4.88998E-4 6.10557E-4 4.73004E-4 4.03977E-4 6.36334E-4 8.53326E-4 4.81327E-4 5.03826E-4 1.13564E-3 9.34621E-4 5.70594E-4 3.85839E-4 6.38103E-4 1.37237E-3 1.48635E-3 1.15663E-3 6.41381E-4 5.23826E-4 5.69203E-4 6.28555E-4 6.12834E-4 6.68116E-4 6.91148E-4 6.38707E-4 5.64616E-4 6.93504E-4 8.03683E-4 7.66149E-4 6.51072E-4 6.16862E-4 8.38245E-4 9.19826E-4 1.09278E-3 6.16015E-4 5.56902E-4 1.06105E-3 1.06413E-3 1.02593E-3 5.99998E-4 4.76894E-4 6.31047E-4 9.14623E-4 6.95405E-4 7.553E-4 9.88818E-4 1.10146E-3 7.17528E-4 6.56037E-5 8.22138E-5 8.58029E-5 1.13064E-4
6.09514E-4 9.54412E-4 4.75661E-4 4.24047E-4 3.88457E-4 5.65789E-4 5.07204E-4 4.93772E-4 4.74709E-4 5.25529E-4 4.40974E-4 4.6896E-4 4.61941E-4 4.30066E-4 8.41546E-4 8.67296E-4 4.45238E-4 4.74779E-4 9.80392E-4 7.94646E-4 6.12607E-4 4.2712E-4 5.28313E-4 1.15654E-3 1.43336E-3 1.77759E-3 7.34575E-4 5.71857E-4 6.09324E-4 6.79143E-4 6.23036E-4 5.54883E-4 7.80037E-4 6.22836E-4 6.38346E-4 5.49871E-4 9.1445E-4 1.02854E-3 6.37727E-4 5.30784E-4 8.05498E-4 1.0318E-3 1.22055E-3 5.67328E-4 4.49802E-4 5.32552E-4 6.35539E-4 6.68577E-4 6.30203E-4 4.95567E-4 8.8871E-4 6.17901E-4 6.55136E-4 6.20078E-4 1.02933E-3 8.56661E-4 5.31825E-5 6.92218E-5 7.11022E-5 6.95093E-5 8.15544E-5
5.47903E-4 4.03078E-4 5.02159E-4 3.46575E-4 3.45383E-4 4.10432E-4 5.56761E-4 5.88253E-4 6.48006E-4 6.97901E-4 5.23671E-4 4.10018E-4 5.08685E-4 5.3208E-4 1.22957E-3 5.54396E-4 3.75602E-4 5.47253E-4 1.00365E-3 7.35739E-4 5.91599E-4 4.71154E-4 4.53049E-4 6.38259E-4 9.02275E-4 1.60157E-3 1.35697E-3 5.32987E-4 5.10224E-4 8.00285E-4 8.38907E-4 5.88977E-4 5.1276E-4 5.9944E-4 5.80898E-4 5.72167E-4 9.61984E-4 8.25923E-4 6.59477E-4 5.54101E-4 8.30224E-4 9.09212E-4 1.1163E-3 1.00704E-3 6.70146E-4 4.98827E-4 4.69109E-4 4.87457E-4 6.82519E-4 5.95919E-4 7.69716E-4 5.18157E-4 8.92317E-4 7.13721E-4 6.57087E-4 6.71639E-4 5.98518E-5 6.23195E-5 6.87181E-5 7.10084E-5 5.65312E-5
7.31139E-4 3.65471E-4 3.65363E-4 6.44891E-4 4.95022E-4 3.70728E-4 3.59731E-4 4.05095E-4 5.45633E-4 5.15449E-4 6.75659E-4 5.26812E-4 4.36182E-4 3.99084E-4 8.46178E-4 5.42612E-4 4.26503E-4 4.40744E-4 8.50193E-4 1.254E-3 5.45677E-4 4.19775E-4 6.20546E-4 9.82812E-4 1.07674E-3 1.28735E-3 1.6284E-3 6.7172E-4 4.88029E-4 5.35298E-4 7.72357E-4 1.03289E-3 7.10415E-4 5.81558E-4 4.76801E-4 6.75762E-4 6.28349E-4 7.89191E-4 6.51784E-4 5.11436E-4 7.70879E-4 1.15128E-3 9.34617E-4 7.93999E-4 7.05357E-4 8.53114E-4 5.39299E-4 4.69289E-4 4.22858E-4 7.29154E-4 7.37809E-4 4.7201E-4 6.62626E-4 7.98385E-4 7.98469E-4 7.34556E-4 5.15045E-5 5.42192E-5 6.1861E-5 7.53369E-5 7.64234E-5
4.32941E-4 4.79551E-4 3.98779E-4 5.69464E-4 7.01203E-4 4.33002E-4 3.10227E-4 3.68708E-4 4.13462E-4 5.14647E-4 4.36716E-4 5.13353E-4 4.93593E-4 4.56099E-4 5.06924E-4 5.44884E-4 5.18798E-4 4.07683E-4 6.55251E-4 1.48111E-3 1.00909E-3 4.28794E-4 4.16999E-4 5.56042E-4 7.55663E-4 1.31833E-3 1.02387E-3 8.33637E-4 5.63566E-4 4.72935E-4 5.14153E-4 1.00334E-3 9.18914E-4 6.13136E-4 5.11541E-4 5.0871E-4 5.58439E-4 6.06396E-4 5.7663E-4 5.8173E-4 6.31654E-4 1.1222E-3 7.52095E-4 6.24502E-4 6.50883E-4 7.90214E-4 5.48337E-4 4.9988E-4 4.05419E-4 7.00769E-4 7.14185E-4 4.96357E-4 6.1678E-4 7.01672E-4 8.02048E-4 8.27549E-4 5.30314E-5 5.35825E-5 5.56515E-5 9.64476E-5 1.00473E-4
3.96748E-4 4.85262E-4 4.78427E-4 3.97575E-4 3.87171E-4 3.86333E-4 5.54955E-4 1.13559E-3 4.73898E-4 5.49071E-4 4.81588E-4 5.78575E-4 6.1437E-4 7.40467E-4 5.50185E-4 5.53376E-4 5.66736E-4 5.53483E-4 4.54553E-4 6.49531E-4 1.08207E-3 5.82958E-4 4.15841E-4 3.99844E-4 7.37459E-4 1.05199E-3 6.37983E-4 6.35091E-4 7.60989E-4 6.11364E-4 5.01399E-4 6.16139E-4 7.31386E-4 9.19242E-4 6.78789E-4 4.71337E-4 6.77546E-4 8.45424E-4 6.01028E-4 5.23945E-4 4.51661E-4 7.48232E-4 6.49601E-4 6.50167E-4 5.36376E-4 8.04339E-4 6.91295E-4 5.33331E-4 4.27246E-4 4.84073E-4 4.82991E-4 5.64323E-4 7.76974E-4 8.495E-4 8.09995E-4 9.489E-4 6.30866E-5 4.60671E-5 5.60016E-5 7.47664E-5 8.3277E-5
3.92009E-4 3.88434E-4 4.89612E-4 4.42145E-4 6.30517E-4 3.74706E-4 8.95132E-4 1.65481E-3 9.57501E-4 3.95133E-4 3.84255E-4 5.03726E-4 6.62E-4 1.10383E-3 6.99093E-4 4.34676E-4 6.36221E-4 6.35048E-4 3.41851E-4 5.41995E-4 5.08323E-4 4.64256E-4 4.65415E-4 4.88811E-4 5.46342E-4 6.03354E-4 6.66127E-4 5.6083E-4 6.66262E-4 6.45724E-4 6.91518E-4 5.18554E-4 4.92636E-4 5.79427E-4 5.93164E-4 5.94389E-4 6.21008E-4 8.85724E-4 6.00177E-4 5.02294E-4 4.62337E-4 4.82382E-4 5.17804E-4 5.86735E-4 4.92329E-4 9.99307E-4 8.45114E-4 5.1421E-4 3.99552E-4 3.87223E-4 4.4318E-4 6.65606E-4 6.30973E-4 6.69604E-4 7.98916E-4 8.88714E-4 6.21016E-5 5.62007E-5 5.39934E-5 5.87438E-5 7.83666E-5
4.0749E-4 4.5268E-4 4.4854E-4 6.26063E-4 7.62541E-4 3.74296E-4 5.79645E-4 6.50819E-4 6.85775E-4 1.12544E-3 8.68137E-4 8.21387E-4 1.13632E-3 1.22625E-3 5.05501E-4 4.86147E-4 5.07133E-4 6.26919E-4 4.20487E-4 6.34244E-4 7.70598E-4 4.67732E-4 4.22878E-4 5.78464E-4 5.03955E-4 4.92342E-4 5.19679E-4 5.05894E-4 5.68566E-4 5.48641E-4 6.49407E-4 5.04342E-4 6.2397E-4 6.0744E-4 6.59633E-4 5.83874E-4 7.88461E-4 8.78426E-4 5.60749E-4 4.85379E-4 4.88756E-4 5.53884E-4 7.7179E-4 4.83992E-4 4.32699E-4 5.82073E-4 8.05448E-4 5.97532E-4 3.96151E-4 4.34392E-4 4.13527E-4 5.27014E-4 6.10652E-4 6.4689E-4 7.40992E-4 7.44044E-4 5.82347E-5 5.88724E-5 6.21155E-5 5.15518E-5 5.38023E-5
9.64277E-4 4.7254E-4 4.76607E-4 7.62174E-4 5.06725E-4 3.83491E-4 3.7019E-4 5.14773E-4 6.34438E-4 8.30414E-4 8.44828E-4 9.01093E-4 3.58392E-4 6.05003E-4 1.04292E-3 8.88815E-4 4.65689E-4 7.1413E-4 6.68651E-4 4.23123E-4 4.29035E-4 4.14376E-4 4.49469E-4 6.05405E-4 6.01962E-4 4.9686E-4 5.30384E-4 4.75835E-4 5.35902E-4 6.38149E-4 5.29577E-4 5.45932E-4 5.91905E-4 6.46578E-4 7.67511E-4 5.48987E-4 6.20582E-4 6.32817E-4 4.43874E-4 4.7437E-4 4.38955E-4 5.60965E-4 7.03566E-4 4.63872E-4 3.71743E-4 7.58537E-4 8.92348E-4 6.22141E-4 4.63008E-4 4.67215E-4 4.22203E-4 3.54784E-4 4.80132E-4 7.20986E-4 6.95357E-4 5.58587E-4 4.44857E-5 5.87627E-5 6.50182E-5 6.34812E-5 5.91744E-5
1.10659E-3 1.40292E-3 7.92697E-4 5.47071E-4 5.64274E-4 3.70733E-4 4.12599E-4 8.19896E-4 3.31498E-4 4.0056E-4 4.91557E-4 1.27948E-3 4.66036E-4 3.77639E-4 5.83167E-4 1.57445E-3 1.1355E-3 4.13883E-4 4.19556E-4 3.51478E-4 3.74088E-4 4.0068E-4 4.25503E-4 5.59078E-4 7.7569E-4 7.95041E-4 5.3173E-4 5.00334E-4 5.23227E-4 7.19401E-4 8.71919E-4 8.50046E-4 5.34226E-4 5.27713E-4 8.81754E-4 1.32053E-3 4.70795E-4 5.08841E-4 3.8809E-4 4.15259E-4 4.01898E-4 4.03821E-4 5.32898E-4 5.38593E-4 3.38263E-4 7.23715E-4 9.96445E-4 5.38856E-4 5.45227E-4 4.62631E-4 4.23589E-4 3.50919E-4 5.7528E-4 6.54599E-4 6.96337E-4 5.10827E-4 3.83269E-5 4.81308E-5 7.71575E-5 7.42591E-5 6.36166E-5
7.45085E-4 6.66228E-4 1.34372E-3 9.68745E-4 6.55836E-4 4.59611E-4 6.80457E-4 5.41972E-4 3.9533E-4 5.979E-4 3.85097E-4 4.11638E-4 4.08123E-4 3.04908E-4 7.14934E-4 1.30362E-3 5.339E-4 3.81221E-4 3.66052E-4 3.45661E-4 4.01003E-4 4.73782E-4 4.51734E-4 5.4977E-4 6.66298E-4 6.79905E-4 9.68641E-4 1.37077E-3 9.59581E-4 1.47748E-3 1.18458E-3 1.00888E-3 9.64091E-4 8.6679E-4 4.99327E-4 1.16314E-3 3.8612E-4 1.04138E-3 5.66037E-4 3.97011E-4 3.1672E-4 4.93076E-4 3.49775E-4 3.36162E-4 3.17593E-4 6.28265E-4 1.04318E-3 4.42204E-4 3.61657E-4 4.21643E-4 4.4159E-4 3.79984E-4 6.05007E-4 5.98853E-4 6.96641E-4 4.74316E-5 3.77227E-5 4.45831E-5 6.80346E-5 8.3343E-5 8.75178E-5
4.56379E-4 6.65921E-4 8.20158E-4 8.14477E-4 5.98313E-4 4.88382E-4 6.2289E-4 8.40694E-4 4.64223E-4 4.83974E-4 7.29447E-4 6.9989E-4 8.6667E-4 2.68907E-4 4.22255E-4 7.04736E-4 1.2933E-3 4.4505E-4 4.69033E-4 3.58345E-4 4.56789E-4 5.80294E-4 3.76486E-4 6.64339E-4 8.72174E-4 1.31655E-3 4.39592E-4 4.41676E-4 8.93626E-4 1.17661E-3 7.9233E-4 4.99897E-4 5.51565E-4 5.07711E-4 5.82607E-4 1.03867E-3 8.99714E-4 9.31646E-4 4.94388E-4 5.33792E-4 4.76732E-4 4.73305E-4 3.66727E-4 3.25347E-4 3.17921E-4 5.37538E-4 1.08285E-3 3.90479E-4 3.50349E-4 4.11452E-4 3.93915E-4 4.09951E-4 5.30199E-4 6.64658E-4 6.07663E-4 4.43059E-5 3.83358E-5 4.39366E-5 4.66359E-5 5.65433E-5 9.28909E-5
4.72707E-4 5.73061E-4 5.31462E-4 6.96459E-4 5.44101E-4 4.26082E-4 4.0156E-4 7.39444E-4 8.19362E-4 5.80638E-4 6.04557E-4 4.04229E-4 5.03241E-4 2.60902E-4 3.93023E-4 7.18614E-4 1.81408E-3 1.11986E-3 4.9777E-4 4.20523E-4 3.94921E-4 5.69133E-4 4.89782E-4 1.04386E-3 1.27365E-3 1.03437E-3 4.62841E-4 6.86835E-4 5.7103E-4 3.49752E-4 5.92607E-4 9.16318E-4 3.54273E-4 3.42553E-4 8.87102E-4 1.19472E-3 7.19008E-4 8.13488E-4 6.9282E-4 3.22637E-4 6.93193E-4 4.32115E-4 5.9357E-4 4.35619E-4 2.4674E-4 3.03196E-4 5.78959E-4 3.47623E-4 4.10431E-4 4.00443E-4 5.00183E-4 4.32521E-4 3.52981E-4 5.59809E-4 5.24862E-4 4.69464E-4 4.49108E-5 4.54543E-5 4.69778E-5 5.6729E-5 6.59893E-5
6.88668E-4 5.20735E-4 4.91876E-4 6.97964E-4 5.58483E-4 4.20097E-4 3.8524E-4 4.60149E-4 6.05455E-4 4.22484E-4 6.73494E-4 3.22165E-4 3.13051E-4 4.83674E-4 3.76897E-4 5.02128E-4 1.37517E-3 6.60871E-4 5.90159E-4 9.91716E-4 5.01968E-4 3.89754E-4 3.80549E-4 5.48069E-4 7.80705E-4 9.84453E-4 9.81856E-4 6.71374E-4 3.65723E-4 3.65667E-4 2.93597E-4 3.6362E-4 4.39072E-4 3.98842E-4 8.29651E-4 9.2375E-4 5.23433E-4 4.49702E-4 7.97863E-4 4.03606E-4 3.06084E-4 4.12209E-4 1.6219E-3 8.84609E-4 3.7481E-4 3.05739E-4 2.82375E-4 3.29275E-4 5.72339E-4 4.93747E-4 5.29767E-4 3.86359E-4 3.60361E-4 3.22587E-4 4.69752E-4 4.90827E-4 4.5919E-5 5.27738E-5 5.11276E-5 8.56462E-5 9.4974E-5
5.61695E-4 4.12295E-4 4.86627E-4 6.00357E-4 4.40162E-4 4.8384E-4 5.20916E-4 4.54611E-4 4.17623E-4 3.93711E-4 4.11721E-4 3.85089E-4 9.01465E-4 5.36625E-4 4.01913E-4 3.66798E-4 9.21592E-4 4.29052E-4 5.67424E-4 1.1789E-3 4.47738E-4 3.58282E-4 2.95527E-4 4.20199E-4 5.43917E-4 4.78371E-4 5.01161E-4 8.69282E-4 6.09666E-4 5.34681E-4 4.74247E-4 3.33593E-4 2.88691E-4 2.28182E-4 3.52312E-4 3.2401E-4 4.45326E-4 4.99534E-4 4.87134E-4 4.90522E-4 2.79337E-4 3.38913E-4 1.00612E-3 8.73519E-4 4.35399E-4 3.84078E-4 2.88975E-4 3.45045E-4 7.56933E-4 4.93055E-4 4.12053E-4 4.25074E-4 4.09229E-4 4.33321E-4 4.21455E-4 3.21647E-4 4.39982E-5 5.28545E-5 5.03488E-5 5.14815E-5 7.46006E-5
4.84285E-4 4.01161E-4 4.11758E-4 4.45662E-4 4.89234E-4 5.70828E-4 6.80536E-4 4.06589E-4 3.98102E-4 4.66046E-4 4.45668E-4 5.16844E-4 9.34364E-4 7.78719E-4 8.33601E-4 5.18071E-4 4.68501E-4 3.27559E-4 4.73E-4 5.47512E-4 5.70923E-4 4.33485E-4 2.96544E-4 3.01791E-4 5.2661E-4 4.02406E-4 4.00213E-4 3.87592E-4 7.33541E-4 1.01949E-3 4.43548E-4 3.73092E-4 4.54689E-4 2.77506E-4 2.84524E-4 4.054E-4 3.47322E-4 3.03179E-4 3.52544E-4 3.34483E-4 3.85556E-4 3.65631E-4 7.46061E-4 1.45617E-3 5.58044E-4 4.02976E-4 3.22065E-4 4.05766E-4 5.44317E-4 4.10909E-4 3.63585E-4 3.58498E-4 4.46037E-4 4.8732E-4 5.39697E-4 3.36803E-4 3.86782E-5 4.46181E-5 4.43369E-5 4.89481E-5 6.71637E-5
3.55873E-4 3.95756E-4 4.28464E-4 5.40976E-4 4.77229E-4 5.76485E-4 6.04768E-4 4.14306E-4 5.09366E-4 4.07029E-4 5.45507E-4 8.37862E-4 9.34868E-4 1.08109E-3 6.95038E-4 3.76823E-4 3.76418E-4 3.14581E-4 2.97477E-4 4.8951E-4 5.6775E-4 4.51851E-4 3.83536E-4 2.3521E-4 4.37575E-4 3.42769E-4 4.11242E-4 4.37392E-4 8.55479E-4 1.0904E-3 4.50586E-4 7.4261E-4 4.41464E-4 6.1311E-4 5.83688E-4 8.4963E-4 6.96478E-4 4.04664E-4 3.98617E-4 3.89646E-4 2.97047E-4 3.43781E-4 7.23081E-4 1.16258E-3 3.91443E-4 4.19596E-4 4.87975E-4 6.40573E-4 4.62154E-4 5.62907E-4 4.21392E-4 3.97063E-4 3.38686E-4 4.17635E-4 1.18398E-3 4.1586E-4 3.61834E-5 4.0856E-5 5.38168E-5 5.71812E-5 5.94979E-5
5.21088E-4 3.74552E-4 4.63982E-4 6.03965E-4 5.455E-4 5.77808E-4 6.80248E-4 6.79091E-4 6.45823E-4 4.62117E-4 5.13597E-4 4.3516E-4 7.71873E-4 7.98267E-4 3.30197E-4 2.97987E-4 2.81103E-4 3.14683E-4 2.74417E-4 3.80663E-4 5.22553E-4 4.23381E-4 4.64973E-4 2.87608E-4 2.91163E-4 2.8989E-4 4.11022E-4 5.10881E-4 5.94711E-4 9.15423E-4 1.01704E-3 6.47432E-4 5.27694E-4 5.07877E-4 4.27643E-4 3.25159E-4 3.13268E-4 3.29689E-4 2.78384E-4 2.83531E-4 3.10327E-4 3.04134E-4 3.64657E-4 5.66007E-4 3.8549E-4 3.83796E-4 4.7892E-4 4.65085E-4 6.60283E-4 5.29406E-4 5.37022E-4 5.01362E-4 4.06625E-4 3.30256E-4 5.09079E-4 6.14995E-4 4.56021E-4 4.90714E-5 5.7005E-5 9.66669E-5 7.07165E-5
4.70368E-4 5.33655E-4 5.39499E-4 7.12986E-4 8.67808E-4 7.70748E-4 6.03429E-4 3.98045E-4 7.22773E-4 5.29265E-4 3.46556E-4 2.75669E-4 3.18721E-4 5.90533E-4 7.13758E-4 7.31045E-4 3.09601E-4 3.98961E-4 3.75928E-4 3.04062E-4 2.6264E-4 2.47294E-4 3.25583E-4 2.91143E-4 2.37673E-4 2.60858E-4 3.79865E-4 6.13295E-4 5.5625E-4 7.46043E-4 1.18512E-3 8.87853E-4 6.14702E-4 4.79398E-4 4.69566E-4 2.85555E-4 7.58134E-4 6.58023E-4 4.0944E-4 3.0844E-4 4.23076E-4 3.35305E-4 3.48669E-4 3.36824E-4 3.6151E-4 4.21415E-4 3.59284E-4 3.96655E-4 4.15006E-4 4.53755E-4 7.0231E-4 5.84203E-4 1.01282E-3 3.70038E-4 3.48982E-4 3.5096E-4 4.29672E-5 4.58971E-5 4.49238E-5 6.37399E-5 5.2616E-5
4.32058E-4 4.07501E-4 4.84307E-4 4.19514E-4 3.8407E-4 3.54294E-4 3.11694E-4 2.45606E-4 3.45348E-4 6.47126E-4 3.78039E-4 3.32292E-4 2.42056E-4 2.40867E-4 3.78777E-4 7.77771E-4 6.6786E-4 4.54462E-4 5.23429E-4 3.21834E-4 2.54851E-4 2.90891E-4 2.32127E-4 2.98848E-4 2.29832E-4 2.94463E-4 3.09712E-4 6.65738E-4 6.41162E-4 5.00288E-4 5.50779E-4 9.19358E-4 5.9938E-4 4.93302E-4 3.99972E-4 5.53177E-4 4.46142E-4 3.35583E-4 3.40982E-4 2.52652E-4 9.01005E-4 4.20717E-4 3.71794E-4 3.51225E-4 4.96819E-4 4.7503E-4 4.31178E-4 4.22766E-4 3.88107E-4 3.89685E-4 4.33098E-4 4.55941E-4 1.05213E-3 6.49321E-4 9.17457E-4 4.26265E-4 7.18585E-4 8.16938E-4 5.77901E-5 3.68935E-5 4.59329E-5
4.7266E-4 4.68438E-4 3.89049E-4 3.49941E-4 3.16544E-4 2.42907E-4 3.78692E-4 2.84439E-4 3.16559E-4 5.1716E-4 4.94248E-4 5.38146E-4 3.88928E-4 2.37093E-4 2.17288E-4 3.18493E-4 1.01726E-3 6.39728E-4 3.23755E-4 2.80575E-4 4.24257E-4 5.03016E-4 2.76914E-4 1.9373E-4 2.12684E-4 2.30983E-4 4.39966E-4 6.10565E-4 5.09817E-4 2.26329E-4 2.05796E-4 3.73438E-4 9.3351E-4 1.05071E-3 6.12743E-4 1.06221E-3 4.65583E-4 4.19539E-4 3.37784E-4 3.38072E-4 8.81258E-4 4.77082E-4 3.93747E-4 4.09115E-4 4.32414E-4 4.75707E-4 4.62245E-4 4.69225E-4 4.72221E-4 4.84283E-4 5.02335E-4 4.60286E-4 5.06299E-4 8.40514E-4 6.30036E-4 4.42834E-4 1.14252E-3 1.42894E-3 1.83209E-3 6.38585E-5 4.50789E-5
4.77322E-4 3.80594E-4 4.55591E-4 4.6922E-4 3.18103E-4 2.14702E-4 3.1505E-4 3.88299E-4 2.86686E-4 4.19916E-4 3.16744E-4 3.86955E-4 4.215E-4 3.52021E-4 2.37934E-4 2.30032E-4 3.89816E-4 6.49173E-4 7.52984E-4 4.81404E-4 4.47427E-4 2.5373E-4 2.909E-4 2.53002E-4 1.55078E-4 1.8241E-4 2.96967E-4 5.50053E-4 6.05383E-4 2.50071E-4 2.39131E-4 2.44945E-4 3.21955E-4 1.02136E-3 5.08467E-4 1.1888E-3 4.92124E-4 4.36903E-4 3.10284E-4 2.8512E-4 8.25315E-4 7.56549E-4 5.94114E-4 4.23402E-4 4.05663E-4 3.96435E-4 4.14863E-4 4.51418E-4 4.69933E-4 4.81633E-4 4.96356E-4 5.0335E-4 5.35037E-4 1.50766E-3 6.04033E-4 4.15504E-4 1.2754E-3 1.597E-3 2.82178E-3 1.70735E-3 5.74203E-5
