Artocarpus heterophyllus SDM files/MIS19/results (without bias file)/Arthet_4.asc
ncols         625
nrows         721
xllcorner     69.99986311115
yllcorner     5.99986187915
cellsize      0.041666667
NODATA_value  -9999
[rows 513 to 539 of 721, columns 183 to 243 of 625]
8.86149E-2 2.42495E-1 2.38453E-1 8.77648E-2 8.54229E-2 9.3956E-2 2.60188E-1 1.14505E-1 9.02631E-2 8.38309E-2 9.20867E-2 9.49036E-2 8.35708E-2 8.41171E-2 2.24162E-1 3.07952E-1 3.67281E-1 1.2673E-1 1.06396E-1 1.15124E-1 2.63814E-1 2.85953E-1 3.02588E-1 3.15934E-1 3.21034E-1 3.29092E-1 3.32636E-1 3.63884E-1 5.1555E-1 5.88591E-1 6.64841E-1 5.26135E-1 4.16409E-1 3.542E-1 1.58975E-1 4.56288E-1 4.98732E-1 6.48883E-1 4.09447E-1 3.81957E-1 4.44463E-1 3.95651E-1 4.0508E-1 4.31297E-1 3.75956E-1 3.42706E-1 3.69121E-1 3.36578E-1 4.60603E-1 4.35688E-1 4.44273E-1 4.20155E-1 3.90091E-1 3.92025E-1 3.53203E-1 3.62949E-1 3.62852E-1 3.1894E-1 3.28179E-1 3.29734E-1 3.20249E-1
9.15512E-2 2.38881E-1 2.75677E-1 1.01151E-1 9.10335E-2 8.93875E-2 1.03833E-1 1.13467E-1 9.38757E-2 8.51047E-2 1.04825E-1 9.80483E-2 9.29316E-2 8.82744E-2 9.2706E-2 2.45758E-1 2.62357E-1 3.49875E-1 1.26835E-1 1.18835E-1 2.76924E-1 2.87062E-1 2.91564E-1 3.17583E-1 3.32619E-1 3.36416E-1 3.37577E-1 3.36939E-1 5.16584E-1 5.94233E-1 6.67387E-1 5.93993E-1 4.50035E-1 3.65172E-1 1.60417E-1 3.90542E-1 5.50663E-1 6.01861E-1 5.5484E-1 4.41669E-1 3.50221E-1 4.87046E-1 3.6992E-1 3.67558E-1 3.8344E-1 3.53409E-1 3.32286E-1 3.09995E-1 4.54119E-1 4.24383E-1 4.54277E-1 4.02719E-1 3.77936E-1 3.82847E-1 3.73361E-1 3.33839E-1 3.42946E-1 3.28627E-1 3.27487E-1 3.29855E-1 3.21135E-1
8.78904E-2 1.02393E-1 2.49595E-1 9.85037E-2 9.14413E-2 9.66471E-2 8.75501E-2 9.49815E-2 2.69322E-1 1.20223E-1 1.12348E-1 1.15171E-1 1.07665E-1 1.04098E-1 9.83364E-2 9.56569E-2 2.66169E-1 3.72323E-1 1.48909E-1 1.25811E-1 1.23967E-1 2.84737E-1 3.4634E-1 3.1964E-1 3.28305E-1 3.44843E-1 3.47749E-1 3.33582E-1 3.42187E-1 4.97784E-1 6.20866E-1 6.45233E-1 5.80743E-1 3.57837E-1 1.59071E-1 4.43022E-1 5.71103E-1 4.32424E-1 6.28996E-1 5.40249E-1 3.54816E-1 3.40945E-1 3.70047E-1 3.63414E-1 3.63373E-1 3.50555E-1 3.43427E-1 3.09351E-1 4.58687E-1 4.54494E-1 4.21122E-1 3.91222E-1 3.87548E-1 3.73566E-1 3.70081E-1 3.44372E-1 3.29419E-1 3.27971E-1 3.27435E-1 3.29537E-1 3.2049E-1
1.04925E-1 1.01558E-1 1.00519E-1 1.0563E-1 1.03324E-1 9.92245E-2 8.54587E-2 8.05735E-2 2.91152E-1 3.24535E-1 1.41323E-1 1.20194E-1 1.1896E-1 1.13389E-1 1.10056E-1 1.10719E-1 1.05341E-1 2.5148E-1 3.32378E-1 1.4896E-1 1.34475E-1 3.16811E-1 3.73412E-1 3.33263E-1 3.47834E-1 3.49178E-1 3.53977E-1 3.54679E-1 3.69486E-1 4.08656E-1 4.67729E-1 5.72907E-1 5.70213E-1 5.03841E-1 1.60672E-1 5.61348E-1 6.54078E-1 3.65657E-1 4.55402E-1 6.1782E-1 3.69298E-1 3.31192E-1 3.51564E-1 3.95581E-1 3.75596E-1 3.36468E-1 3.44286E-1 3.09583E-1 4.49518E-1 4.21359E-1 4.03587E-1 3.96974E-1 3.71556E-1 3.77912E-1 3.53108E-1 3.55901E-1 3.44751E-1 3.30351E-1 3.31561E-1 3.31246E-1 3.32764E-1
9.87402E-2 9.86689E-2 9.91057E-2 9.5958E-2 1.09099E-1 1.00671E-1 8.91127E-2 8.83426E-2 2.17416E-1 3.48607E-1 1.5442E-1 1.38916E-1 1.19774E-1 1.24558E-1 1.24149E-1 1.29266E-1 1.26443E-1 1.13379E-1 2.78531E-1 1.26506E-1 2.67545E-1 4.49564E-1 3.38297E-1 3.62243E-1 3.27874E-1 3.58223E-1 3.56115E-1 3.75382E-1 3.6943E-1 4.1229E-1 4.4063E-1 4.30418E-1 5.01665E-1 5.02762E-1 3.58909E-1 4.5177E-1 6.26586E-1 5.38562E-1 3.80805E-1 3.94032E-1 5.48507E-1 3.63249E-1 4.18974E-1 4.00981E-1 3.44444E-1 3.45045E-1 3.52178E-1 3.19497E-1 4.58411E-1 4.20894E-1 4.25646E-1 3.78257E-1 3.60646E-1 3.61515E-1 3.58927E-1 3.54606E-1 3.4365E-1 3.43499E-1 3.4502E-1 3.35112E-1 3.20476E-1
9.59288E-2 9.87719E-2 1.0266E-1 9.65556E-2 1.00839E-1 1.12255E-1 1.08498E-1 1.02444E-1 1.01688E-1 2.3833E-1 3.7268E-1 1.44583E-1 1.37956E-1 1.25952E-1 1.32812E-1 1.44968E-1 1.43763E-1 1.24996E-1 1.20461E-1 1.18074E-1 3.53972E-1 3.61717E-1 3.96298E-1 4.14463E-1 3.57124E-1 3.71997E-1 3.87841E-1 4.00279E-1 3.77449E-1 4.52791E-1 5.88793E-1 4.92364E-1 3.99893E-1 1.65888E-1 4.52248E-1 4.36969E-1 4.8569E-1 5.89129E-1 5.17409E-1 4.35514E-1 5.20903E-1 4.03961E-1 3.92239E-1 4.82513E-1 3.40751E-1 3.28467E-1 3.44387E-1 3.41519E-1 4.51044E-1 4.53684E-1 4.37313E-1 3.81148E-1 3.62487E-1 3.923E-1 3.76442E-1 3.46795E-1 3.48337E-1 3.43414E-1 3.46977E-1 3.35505E-1 3.28295E-1
9.68985E-2 1.02838E-1 9.9008E-2 1.06257E-1 2.51351E-1 3.01638E-1 1.21996E-1 1.05586E-1 1.01746E-1 1.08801E-1 3.70275E-1 3.94068E-1 1.597E-1 1.38859E-1 1.46915E-1 1.43519E-1 1.42084E-1 1.33053E-1 1.24425E-1 3.43553E-1 3.24499E-1 3.62997E-1 4.59291E-1 5.47091E-1 4.50073E-1 4.81278E-1 4.17586E-1 3.90824E-1 3.63328E-1 5.51515E-1 5.95555E-1 4.49376E-1 4.38951E-1 4.11833E-1 4.29796E-1 6.16234E-1 4.44759E-1 5.04217E-1 5.5222E-1 5.74477E-1 4.62037E-1 5.36346E-1 3.58921E-1 4.4388E-1 4.14013E-1 3.64208E-1 3.39779E-1 3.44851E-1 5.01806E-1 5.03784E-1 4.50396E-1 4.3099E-1 4.16409E-1 4.00526E-1 3.96697E-1 3.53391E-1 3.45844E-1 3.60442E-1 3.6295E-1 3.51362E-1 3.28398E-1
1.02148E-1 9.48967E-2 9.6686E-2 2.81281E-1 3.30684E-1 3.41025E-1 1.36206E-1 1.02858E-1 1.11483E-1 1.21644E-1 1.18067E-1 3.20372E-1 4.67808E-1 1.80963E-1 1.62437E-1 1.66125E-1 1.61053E-1 1.67232E-1 1.55938E-1 1.45668E-1 2.87482E-1 4.49627E-1 5.22525E-1 5.21575E-1 4.47384E-1 3.95645E-1 1.87397E-1 1.66269E-1 4.60777E-1 5.8534E-1 6.23164E-1 5.30975E-1 4.78662E-1 4.49889E-1 4.87844E-1 5.80257E-1 6.02872E-1 4.54689E-1 4.03641E-1 5.15044E-1 5.84333E-1 5.54946E-1 4.24547E-1 3.48161E-1 3.62087E-1 3.70473E-1 3.46026E-1 5.05231E-1 4.75466E-1 4.84446E-1 4.833E-1 4.63298E-1 4.34612E-1 4.04821E-1 3.89513E-1 3.67702E-1 3.47211E-1 3.73455E-1 3.63397E-1 3.51149E-1 3.43747E-1
9.67525E-2 9.8049E-2 8.73576E-2 2.325E-1 3.78377E-1 1.59981E-1 1.23733E-1 1.07333E-1 1.2247E-1 1.45788E-1 1.05684E-1 2.85022E-1 4.33688E-1 1.63956E-1 4.66532E-1 1.9998E-1 1.79021E-1 1.63445E-1 1.59561E-1 4.31806E-1 1.64556E-1 4.84944E-1 5.01005E-1 5.40217E-1 5.31549E-1 4.22435E-1 4.43618E-1 4.19927E-1 5.82708E-1 5.89411E-1 5.44619E-1 5.83946E-1 5.12079E-1 4.34463E-1 4.23417E-1 5.27652E-1 6.21164E-1 4.55222E-1 4.19094E-1 3.85233E-1 5.37943E-1 5.79066E-1 5.64272E-1 3.66775E-1 3.09637E-1 3.25247E-1 3.47379E-1 3.12278E-1 4.6375E-1 4.41053E-1 4.50426E-1 4.52329E-1 4.28277E-1 4.28961E-1 3.95953E-1 4.11613E-1 3.57827E-1 3.61163E-1 3.66979E-1 3.58088E-1 3.45751E-1
1.23463E-1 1.11068E-1 9.97824E-2 9.38974E-2 3.16473E-1 3.31404E-1 1.33623E-1 1.47608E-1 1.24505E-1 3.93977E-1 1.16707E-1 2.75153E-1 3.9116E-1 2.01034E-1 1.82582E-1 2.06698E-1 1.65736E-1 1.66926E-1 4.40504E-1 1.73926E-1 1.21434E-1 3.31009E-1 4.22217E-1 4.98799E-1 4.76004E-1 2.02131E-1 1.86714E-1 5.30445E-1 5.89995E-1 5.78826E-1 5.15224E-1 5.14664E-1 4.97928E-1 4.47877E-1 5.12906E-1 4.0896E-1 5.24992E-1 4.72876E-1 3.94437E-1 4.15022E-1 5.17279E-1 5.60596E-1 5.78539E-1 4.64639E-1 3.15504E-1 3.13984E-1 3.28463E-1 3.19196E-1 5.13048E-1 4.47502E-1 4.34939E-1 4.31848E-1 4.27218E-1 4.19319E-1 3.92424E-1 4.1948E-1 3.92196E-1 3.70927E-1 3.71197E-1 3.61156E-1 3.51874E-1
2.82736E-1 1.26317E-1 9.89219E-2 8.41403E-2 2.56979E-1 4.03031E-1 3.87551E-1 1.35143E-1 1.65943E-1 1.37663E-1 1.16448E-1 1.15302E-1 4.9776E-1 4.92217E-1 1.96472E-1 1.81476E-1 1.82567E-1 1.57782E-1 1.65458E-1 1.66264E-1 1.36073E-1 3.19744E-1 4.07823E-1 4.8753E-1 4.58515E-1 1.95976E-1 1.82895E-1 4.26372E-1 5.34286E-1 6.22678E-1 5.80797E-1 4.68906E-1 5.00535E-1 4.60483E-1 4.78858E-1 4.87283E-1 4.83899E-1 5.99402E-1 4.5733E-1 4.40114E-1 4.37211E-1 5.0886E-1 5.84035E-1 5.53411E-1 3.61913E-1 3.34505E-1 3.63614E-1 3.16306E-1 5.58628E-1 5.03736E-1 4.57509E-1 4.38576E-1 4.24204E-1 4.25888E-1 4.04039E-1 3.90509E-1 3.97252E-1 3.91591E-1 3.64447E-1 3.69545E-1 3.59431E-1
1.12754E-1 1.18391E-1 9.23485E-2 9.40085E-2 2.30408E-1 4.21388E-1 3.00457E-1 4.3079E-1 1.818E-1 1.20947E-1 1.3706E-1 1.18561E-1 4.07049E-1 4.75025E-1 4.69504E-1 1.87449E-1 1.7764E-1 1.53594E-1 1.61997E-1 1.67197E-1 1.5767E-1 3.54951E-1 4.6764E-1 5.11679E-1 4.65613E-1 1.9229E-1 1.94217E-1 1.98994E-1 2.00516E-1 4.74945E-1 5.16843E-1 5.31498E-1 5.39306E-1 5.12228E-1 4.9003E-1 4.92436E-1 4.55184E-1 5.36664E-1 5.33573E-1 5.5461E-1 3.97545E-1 4.54432E-1 5.59011E-1 5.14351E-1 3.85726E-1 3.31863E-1 3.54535E-1 3.58589E-1 6.06402E-1 5.41246E-1 4.83718E-1 4.54634E-1 4.51066E-1 4.39394E-1 4.18975E-1 4.0501E-1 4.03917E-1 3.91728E-1 3.97043E-1 3.77853E-1 3.67408E-1
1.22714E-1 1.20245E-1 1.03227E-1 1.17651E-1 2.44042E-1 3.03187E-1 3.53124E-1 4.10302E-1 1.36408E-1 1.419E-1 1.95926E-1 1.40459E-1 1.21504E-1 4.15593E-1 5.40191E-1 2.24385E-1 1.9422E-1 1.62627E-1 1.60175E-1 1.68109E-1 1.566E-1 3.54214E-1 4.56443E-1 4.67466E-1 4.52904E-1 1.84845E-1 1.96248E-1 1.92218E-1 2.12589E-1 4.61289E-1 6.16265E-1 5.90997E-1 5.66776E-1 4.9224E-1 5.21072E-1 4.78468E-1 4.7173E-1 5.06315E-1 4.70606E-1 5.88663E-1 5.336E-1 4.27128E-1 4.95892E-1 5.38998E-1 3.82981E-1 3.33649E-1 3.3295E-1 3.40483E-1 5.8364E-1 5.37934E-1 4.83076E-1 4.73393E-1 4.71295E-1 4.39694E-1 4.20401E-1 4.07375E-1 3.96655E-1 3.98296E-1 3.90462E-1 3.81639E-1 3.58054E-1
1.57037E-1 1.09688E-1 1.18905E-1 3.21876E-1 2.87831E-1 3.55989E-1 4.40812E-1 1.87781E-1 1.5933E-1 1.66709E-1 1.53933E-1 1.4275E-1 1.2287E-1 3.89146E-1 4.71887E-1 1.97651E-1 1.99786E-1 1.7358E-1 1.66637E-1 1.58532E-1 1.5641E-1 4.0693E-1 4.82974E-1 4.46389E-1 4.12042E-1 1.90547E-1 1.98659E-1 1.87873E-1 2.14525E-1 4.87462E-1 5.25048E-1 5.69769E-1 6.0704E-1 4.88485E-1 5.71339E-1 5.00208E-1 4.92305E-1 5.58666E-1 4.55183E-1 5.26929E-1 5.59078E-1 4.55365E-1 5.51504E-1 5.37086E-1 3.52582E-1 3.01452E-1 3.10973E-1 3.16164E-1 5.19701E-1 5.16545E-1 5.54725E-1 5.12527E-1 4.69629E-1 4.39686E-1 4.11414E-1 4.21264E-1 4.08587E-1 3.81263E-1 3.92756E-1 3.69471E-1 3.56505E-1
1.32591E-1 1.51112E-1 1.13199E-1 3.2668E-1 2.84352E-1 3.42385E-1 4.45267E-1 1.63094E-1 1.46074E-1 1.3279E-1 3.33299E-1 1.85338E-1 1.25228E-1 4.52539E-1 4.7632E-1 1.95163E-1 2.01972E-1 1.83654E-1 1.69616E-1 1.58648E-1 1.72243E-1 4.0554E-1 4.9691E-1 5.00609E-1 1.92091E-1 1.91175E-1 1.85797E-1 1.89896E-1 2.06374E-1 5.07111E-1 5.2581E-1 5.64293E-1 6.39001E-1 5.69353E-1 5.58815E-1 5.22885E-1 4.84613E-1 5.77795E-1 4.6872E-1 4.78888E-1 5.05125E-1 4.68545E-1 5.82952E-1 5.16917E-1 3.54548E-1 3.04918E-1 2.96819E-1 3.1993E-1 5.32402E-1 5.31051E-1 5.8617E-1 5.7464E-1 4.89581E-1 4.4045E-1 4.54908E-1 4.34965E-1 4.10204E-1 3.81068E-1 3.83452E-1 3.70272E-1 3.57101E-1
3.77361E-1 3.53775E-1 1.32807E-1 2.94021E-1 2.8247E-1 3.2061E-1 4.93812E-1 1.68802E-1 1.34939E-1 1.15182E-1 3.73858E-1 1.85133E-1 1.23429E-1 3.29296E-1 5.16217E-1 4.85496E-1 2.15619E-1 2.01562E-1 1.71569E-1 1.62651E-1 1.70444E-1 4.02762E-1 4.7225E-1 4.87315E-1 1.98001E-1 2.12449E-1 1.94353E-1 1.92203E-1 2.06915E-1 4.97168E-1 4.88811E-1 4.60861E-1 5.592E-1 5.93974E-1 5.9877E-1 5.64209E-1 5.1255E-1 5.14357E-1 4.48902E-1 4.80713E-1 5.04403E-1 4.61566E-1 6.08927E-1 5.26225E-1 3.6781E-1 3.19593E-1 3.1723E-1 3.17192E-1 3.25851E-1 5.58101E-1 5.56922E-1 6.20576E-1 5.75866E-1 5.05054E-1 4.73181E-1 4.41982E-1 4.18249E-1 4.23165E-1 3.81138E-1 3.847E-1 3.566E-1
3.98276E-1 3.42757E-1 1.41748E-1 1.24765E-1 3.08219E-1 3.57343E-1 4.09275E-1 1.36268E-1 1.3152E-1 1.43154E-1 4.21588E-1 4.43904E-1 1.41568E-1 1.39769E-1 3.56173E-1 5.28566E-1 2.05475E-1 2.12407E-1 1.66341E-1 1.6506E-1 1.93091E-1 1.95513E-1 5.12303E-1 4.7279E-1 2.08397E-1 1.97307E-1 1.98824E-1 4.4867E-1 2.11206E-1 4.57054E-1 2.05166E-1 2.20041E-1 2.18056E-1 6.08782E-1 7.05114E-1 6.27513E-1 4.86944E-1 4.29342E-1 4.43568E-1 4.68874E-1 4.71869E-1 4.70953E-1 5.83383E-1 5.9796E-1 4.22025E-1 3.39422E-1 3.29971E-1 3.2833E-1 5.70381E-1 6.01833E-1 5.89816E-1 5.86211E-1 5.17183E-1 5.18086E-1 4.98075E-1 4.75247E-1 4.62525E-1 4.05203E-1 3.93464E-1 3.80437E-1 3.67587E-1
3.98143E-1 3.52202E-1 1.28622E-1 2.97994E-1 3.23665E-1 3.73873E-1 4.73974E-1 1.29951E-1 1.39079E-1 3.04577E-1 3.66297E-1 5.14523E-1 1.59299E-1 1.60753E-1 1.953E-1 2.01773E-1 1.92587E-1 2.07851E-1 1.75341E-1 1.66869E-1 4.41333E-1 1.77295E-1 4.68544E-1 5.06332E-1 1.96766E-1 1.97931E-1 4.43392E-1 4.70071E-1 2.17179E-1 4.72267E-1 4.53236E-1 4.96426E-1 4.72242E-1 5.48593E-1 6.91406E-1 6.19356E-1 5.47336E-1 4.96366E-1 4.43765E-1 4.39975E-1 4.79302E-1 4.72559E-1 5.41454E-1 5.66555E-1 4.39405E-1 3.6387E-1 3.48527E-1 3.4925E-1 3.56867E-1 6.14628E-1 5.80489E-1 5.85343E-1 5.59175E-1 5.21104E-1 5.14427E-1 5.04834E-1 4.81709E-1 3.93188E-1 3.92679E-1 3.92643E-1 3.79068E-1
4.1286E-1 3.69394E-1 1.3049E-1 2.96441E-1 3.29388E-1 3.73544E-1 4.65364E-1 1.6465E-1 1.53475E-1 1.40254E-1 1.44671E-1 3.98233E-1 1.72617E-1 1.87252E-1 1.92747E-1 1.84492E-1 1.90055E-1 2.08789E-1 1.63545E-1 4.48823E-1 4.32431E-1 1.83086E-1 4.78074E-1 5.05998E-1 2.14301E-1 4.559E-1 2.20765E-1 2.20806E-1 4.59442E-1 2.23978E-1 4.98303E-1 5.51474E-1 4.92989E-1 5.05941E-1 6.03746E-1 6.88333E-1 6.17795E-1 5.69573E-1 4.52008E-1 4.2779E-1 4.31546E-1 4.67442E-1 5.34624E-1 5.86699E-1 4.63184E-1 3.71251E-1 3.72841E-1 3.71509E-1 3.70803E-1 6.30425E-1 6.06194E-1 5.73313E-1 5.51497E-1 5.32564E-1 5.30981E-1 5.19753E-1 5.1331E-1 4.54624E-1 4.39678E-1 4.01579E-1 4.03134E-1
3.76882E-1 3.59179E-1 3.2367E-1 2.95121E-1 3.22041E-1 3.73544E-1 4.78862E-1 1.69877E-1 1.52778E-1 1.55799E-1 1.55769E-1 1.66839E-1 1.74489E-1 1.88446E-1 1.90059E-1 1.99303E-1 2.08541E-1 1.83706E-1 1.85302E-1 4.81868E-1 4.94367E-1 1.78163E-1 4.53411E-1 5.52896E-1 2.35593E-1 2.37281E-1 2.33914E-1 2.22045E-1 2.30679E-1 4.80733E-1 5.30652E-1 5.6491E-1 5.0658E-1 5.83938E-1 5.92473E-1 6.56278E-1 5.93643E-1 6.19079E-1 5.51616E-1 4.96808E-1 4.10436E-1 4.42782E-1 5.04266E-1 5.64914E-1 4.26277E-1 4.0806E-1 3.9272E-1 4.08053E-1 3.8385E-1 6.12585E-1 6.1531E-1 5.95773E-1 5.67714E-1 5.76494E-1 5.70202E-1 5.20314E-1 4.74959E-1 4.68575E-1 4.12842E-1 4.54598E-1 3.99183E-1
3.37221E-1 3.99288E-1 3.81727E-1 3.22742E-1 3.3484E-1 3.6822E-1 5.22966E-1 3.9415E-1 1.59938E-1 1.58668E-1 4.07724E-1 4.03864E-1 1.88844E-1 2.13643E-1 1.93434E-1 2.29071E-1 4.75664E-1 2.15735E-1 4.30499E-1 1.88398E-1 5.11133E-1 1.98484E-1 5.03506E-1 5.07919E-1 2.18933E-1 2.14774E-1 2.19228E-1 2.22288E-1 2.33958E-1 5.40453E-1 5.24801E-1 5.60396E-1 5.04627E-1 5.8699E-1 5.97807E-1 6.26263E-1 5.69802E-1 6.04464E-1 6.17018E-1 5.69679E-1 4.58749E-1 4.64898E-1 4.92034E-1 6.06509E-1 4.68902E-1 3.9526E-1 3.98275E-1 3.81939E-1 3.78971E-1 6.16049E-1 6.20838E-1 5.88541E-1 5.78997E-1 5.71368E-1 5.73226E-1 5.35275E-1 5.24888E-1 4.69726E-1 4.50392E-1 4.71641E-1 4.587E-1
3.44635E-1 3.95495E-1 4.11513E-1 3.56502E-1 3.21689E-1 3.61933E-1 5.13686E-1 3.82046E-1 3.73414E-1 3.65067E-1 4.09943E-1 4.09951E-1 1.88556E-1 2.11683E-1 2.02106E-1 1.85792E-1 2.17977E-1 5.05792E-1 4.88137E-1 2.1018E-1 2.13505E-1 4.60305E-1 4.85218E-1 5.33425E-1 2.32035E-1 2.30501E-1 2.2557E-1 2.23141E-1 4.92614E-1 5.84325E-1 5.63735E-1 2.36769E-1 5.35051E-1 6.01391E-1 6.20856E-1 6.33053E-1 5.47443E-1 6.22899E-1 6.69991E-1 6.51001E-1 5.39227E-1 4.95757E-1 4.77264E-1 4.94744E-1 6.12773E-1 5.32566E-1 3.93116E-1 4.00332E-1 3.71336E-1 6.16708E-1 6.20838E-1 6.14547E-1 5.68039E-1 5.41308E-1 5.38452E-1 5.29774E-1 5.52443E-1 4.97933E-1 4.66728E-1 4.69836E-1 4.74057E-1
3.67197E-1 3.92428E-1 4.78171E-1 3.68996E-1 3.35945E-1 3.63279E-1 5.53299E-1 4.30775E-1 4.76448E-1 4.23406E-1 3.9771E-1 1.86472E-1 4.29893E-1 2.12562E-1 2.04763E-1 2.14441E-1 2.12318E-1 4.83793E-1 5.12432E-1 4.67742E-1 4.52138E-1 4.49207E-1 4.76938E-1 2.39906E-1 2.41828E-1 2.38479E-1 2.44226E-1 2.21134E-1 5.04025E-1 5.32719E-1 5.19659E-1 2.39447E-1 5.39318E-1 6.0657E-1 6.33917E-1 5.60553E-1 5.5935E-1 5.73837E-1 5.95142E-1 5.23656E-1 6.40618E-1 5.55308E-1 4.85188E-1 4.67099E-1 5.13504E-1 6.16099E-1 4.86529E-1 4.03544E-1 3.94472E-1 4.07045E-1 6.35241E-1 5.64868E-1 5.55957E-1 5.42623E-1 5.41724E-1 5.33881E-1 5.18979E-1 4.97058E-1 4.82646E-1 4.87998E-1 4.72398E-1
4.5612E-1 5.0541E-1 4.40819E-1 3.88918E-1 3.38241E-1 3.59319E-1 4.92817E-1 4.97422E-1 4.51116E-1 1.96254E-1 1.87968E-1 1.87603E-1 5.01308E-1 4.48203E-1 2.10002E-1 2.11018E-1 4.68554E-1 4.97684E-1 4.93542E-1 4.89402E-1 4.53954E-1 2.19044E-1 4.69764E-1 2.37379E-1 2.28813E-1 2.36104E-1 2.22313E-1 2.22972E-1 5.39422E-1 6.11021E-1 5.60229E-1 2.3864E-1 5.48313E-1 5.97265E-1 6.40722E-1 5.5389E-1 5.89343E-1 6.29462E-1 6.13209E-1 5.17889E-1 6.79558E-1 6.36577E-1 5.61841E-1 5.19962E-1 5.32513E-1 5.56627E-1 5.73741E-1 4.40895E-1 4.17673E-1 7.13856E-1 6.76718E-1 5.73824E-1 7.24153E-1 5.21372E-1 5.32316E-1 5.26621E-1 5.19816E-1 5.12105E-1 4.98015E-1 4.85159E-1 4.87891E-1
5.26035E-1 4.83489E-1 4.7096E-1 4.45365E-1 3.94785E-1 3.71567E-1 4.69246E-1 4.59846E-1 4.08931E-1 4.09516E-1 4.09725E-1 4.07352E-1 5.47202E-1 4.76982E-1 2.30636E-1 4.38554E-1 5.60582E-1 5.30155E-1 5.87443E-1 4.89593E-1 2.06403E-1 2.18127E-1 2.15367E-1 5.31794E-1 2.32665E-1 2.2942E-1 2.19465E-1 5.01998E-1 4.99199E-1 5.15988E-1 5.89958E-1 5.25969E-1 5.49046E-1 5.95001E-1 6.17407E-1 5.49726E-1 5.73176E-1 6.22994E-1 5.71037E-1 5.19692E-1 5.37835E-1 6.2526E-1 6.17928E-1 5.58867E-1 5.33056E-1 5.02563E-1 4.84588E-1 4.74807E-1 4.81345E-1 7.24796E-1 6.39801E-1 5.78544E-1 7.49516E-1 6.17978E-1 5.09651E-1 5.22389E-1 5.28189E-1 4.97917E-1 5.16826E-1 5.01563E-1 4.87906E-1
4.81902E-1 5.58298E-1 5.42054E-1 4.94552E-1 4.26899E-1 4.21672E-1 5.69205E-1 5.02433E-1 4.65808E-1 4.58431E-1 4.60953E-1 4.77067E-1 5.62726E-1 4.77861E-1 2.19383E-1 4.75709E-1 5.60917E-1 5.27805E-1 5.87668E-1 5.01614E-1 2.14954E-1 2.32608E-1 2.1675E-1 6.08252E-1 4.8269E-1 2.38835E-1 5.09247E-1 5.30035E-1 5.83774E-1 5.66588E-1 5.82345E-1 5.3474E-1 5.79726E-1 5.91611E-1 6.26068E-1 5.4295E-1 6.29616E-1 4.96815E-1 5.45311E-1 5.38478E-1 5.10116E-1 5.049E-1 5.40548E-1 5.34625E-1 5.33312E-1 5.21302E-1 4.90956E-1 5.13571E-1 8.47392E-1 7.83678E-1 6.49503E-1 5.81417E-1 7.63159E-1 6.70882E-1 4.8897E-1 5.03675E-1 5.30282E-1 4.96844E-1 5.15996E-1 5.18581E-1 5.06511E-1
5.10377E-1 6.53519E-1 6.24786E-1 4.73611E-1 4.54077E-1 5.06725E-1 5.01437E-1 5.02784E-1 4.79161E-1 5.00058E-1 5.04475E-1 4.78382E-1 6.01316E-1 5.49486E-1 4.45716E-1 4.82582E-1 5.48952E-1 5.57126E-1 5.6504E-1 2.40359E-1 2.09716E-1 2.0301E-1 2.15735E-1 4.96555E-1 4.66827E-1 4.89995E-1 5.62145E-1 5.39283E-1 5.3428E-1 5.76901E-1 5.28735E-1 5.9872E-1 6.38324E-1 6.19467E-1 6.00531E-1 5.21571E-1 6.23422E-1 6.14306E-1 6.42733E-1 5.88431E-1 5.37921E-1 5.80606E-1 5.26571E-1 5.21742E-1 5.26663E-1 5.15004E-1 5.39887E-1 5.21356E-1 8.06554E-1 6.97367E-1 7.14559E-1 6.54495E-1 7.77983E-1 7.28246E-1 5.19454E-1 5.28503E-1 5.30207E-1 5.30808E-1 4.8638E-1 5.00748E-1 5.04743E-1
