Artocarpus heterophyllus SDM files/MIS19/results (without bias file)/Arthet_4.asc
ncols         625
nrows         721
xllcorner     69.99986311115
yllcorner     5.99986187915
cellsize      0.041666667
NODATA_value  -9999
[rows 243 to 269 of 721, columns 0 to 60 of 625]
2.66121E-3 2.65758E-3 2.7628E-3 2.65272E-3 2.66678E-3 2.67548E-3 2.9368E-3 3.04265E-3 3.02256E-3 3.05242E-3 3.01628E-3 3.14128E-3 3.07189E-3 3.07189E-3 3.09787E-3 3.05718E-3 3.08711E-3 3.04659E-3 3.17229E-3 3.16113E-3 3.17083E-3 3.26234E-3 3.28841E-3 3.09775E-3 3.07219E-3 3.37989E-3 3.42253E-3 3.4418E-3 3.41169E-3 3.12748E-3 2.96636E-3 3.05331E-3 3.09087E-3 3.22518E-3 3.34753E-3 3.45976E-3 3.49042E-3 3.53813E-3 3.57713E-3 3.45841E-3 3.4813E-3 3.41636E-3 3.4452E-3 3.48627E-3 3.26695E-3 3.32195E-3 3.60404E-3 3.63543E-3 3.60066E-3 3.32815E-3 3.50212E-3 3.58422E-3 3.60923E-3 3.60923E-3 3.81261E-3 3.96274E-3 3.78918E-3 3.94949E-3 4.0244E-3 4.13947E-3 4.27381E-3
2.72639E-3 2.45128E-3 2.68453E-3 2.68453E-3 2.80942E-3 2.79987E-3 3.03686E-3 2.86251E-3 3.15214E-3 3.17307E-3 3.07269E-3 3.20004E-3 3.17211E-3 3.19316E-3 3.17211E-3 3.11542E-3 3.12517E-3 3.1034E-3 3.237E-3 3.33378E-3 3.1931E-3 3.23549E-3 3.37299E-3 3.02004E-3 3.11955E-3 3.48966E-3 3.50003E-3 3.69797E-3 3.82891E-3 3.61512E-3 3.21401E-3 3.02405E-3 3.0346E-3 3.16503E-3 3.2896E-3 3.40865E-3 3.56155E-3 3.48737E-3 3.36132E-3 3.43567E-3 3.61838E-3 3.59328E-3 3.52624E-3 3.47876E-3 3.50468E-3 3.33675E-3 3.47626E-3 3.49932E-3 3.47626E-3 3.45335E-3 3.47626E-3 3.42558E-3 3.38514E-3 3.43594E-3 3.81261E-3 4.13613E-3 3.81055E-3 3.94567E-3 4.03192E-3 4.16278E-3 4.36851E-3
2.54831E-3 2.54831E-3 2.76014E-3 2.79456E-3 2.75775E-3 2.85337E-3 2.83831E-3 2.90068E-3 2.98513E-3 3.21229E-3 3.04839E-3 3.28704E-3 3.0784E-3 3.22829E-3 3.26418E-3 3.1989E-3 3.20885E-3 3.19331E-3 3.19761E-3 3.24696E-3 3.31877E-3 3.1543E-3 3.37299E-3 3.37299E-3 3.34762E-3 3.38455E-3 3.29264E-3 3.39E-3 3.71304E-3 3.4834E-3 3.58843E-3 3.37549E-3 3.14153E-3 3.22143E-3 3.25272E-3 3.40865E-3 3.7179E-3 3.74861E-3 3.66643E-3 3.76084E-3 3.52285E-3 3.66159E-3 3.58564E-3 3.42585E-3 3.56116E-3 3.43505E-3 3.49932E-3 3.49932E-3 3.3432E-3 3.40689E-3 3.68632E-3 3.47248E-3 3.26783E-3 3.60441E-3 4.05374E-3 3.75924E-3 3.87222E-3 3.85409E-3 3.85936E-3 3.58785E-3 3.87497E-3
2.6168E-3 2.6342E-3 2.56174E-3 2.60845E-3 2.65175E-3 2.87234E-3 2.711E-3 2.86855E-3 3.2265E-3 3.27561E-3 3.17307E-3 3.34972E-3 3.21434E-3 3.18892E-3 3.32512E-3 3.33539E-3 3.20885E-3 3.20885E-3 3.30175E-3 3.32931E-3 3.44937E-3 3.1931E-3 3.34528E-3 3.28978E-3 3.40136E-3 3.7275E-3 3.32837E-3 3.34029E-3 3.66963E-3 3.70472E-3 3.47742E-3 3.84464E-3 3.29492E-3 3.2696E-3 3.33327E-3 3.69347E-3 3.97003E-3 3.92181E-3 3.73612E-3 3.72816E-3 3.80267E-3 3.87868E-3 3.72213E-3 3.63209E-3 3.30458E-3 3.32225E-3 3.38443E-3 3.94163E-3 3.69208E-3 4.00568E-3 4.49232E-3 5.08945E-3 4.51998E-3 3.99087E-3 3.84395E-3 3.77009E-3 3.70843E-3 3.1786E-3 3.34389E-3 3.64207E-3 3.62331E-3
2.68454E-3 2.63168E-3 2.64918E-3 2.55606E-3 2.72038E-3 2.53052E-3 2.57888E-3 2.89683E-3 2.61261E-3 3.21117E-3 3.30454E-3 3.26108E-3 3.29299E-3 3.3192E-3 3.28145E-3 3.25983E-3 3.24841E-3 3.22702E-3 3.237E-3 3.41964E-3 3.40745E-3 3.21149E-3 3.34528E-3 3.38226E-3 3.37174E-3 3.20818E-3 3.36088E-3 3.32767E-3 3.45303E-3 3.35949E-3 3.25113E-3 3.82751E-3 4.41308E-3 3.78605E-3 3.64858E-3 3.83738E-3 3.9584E-3 3.88321E-3 3.6828E-3 3.77642E-3 3.65734E-3 3.67684E-3 3.74678E-3 3.60358E-3 3.41557E-3 3.41446E-3 3.26758E-3 3.59185E-3 3.76492E-3 3.99291E-3 4.24147E-3 4.39197E-3 4.33982E-3 3.90854E-3 3.86965E-3 3.95942E-3 3.92571E-3 4.04661E-3 3.72493E-3 3.8204E-3 3.49013E-3
2.8183E-3 2.72537E-3 2.79589E-3 2.57888E-3 2.78706E-3 2.78003E-3 2.76168E-3 2.86085E-3 2.84197E-3 3.14031E-3 3.12929E-3 3.28274E-3 3.28274E-3 3.40044E-3 3.43355E-3 3.41093E-3 3.3765E-3 3.35427E-3 3.25844E-3 3.26284E-3 3.37938E-3 3.47688E-3 3.44171E-3 3.68488E-3 3.97142E-3 3.50973E-3 3.64748E-3 3.56833E-3 4.02611E-3 3.47192E-3 3.25212E-3 3.63832E-3 4.18301E-3 4.13812E-3 3.98984E-3 3.80534E-3 3.9799E-3 4.06599E-3 3.82293E-3 4.01018E-3 4.03016E-3 3.97612E-3 3.77522E-3 3.60358E-3 3.68036E-3 3.45989E-3 3.78075E-3 3.63965E-3 4.12978E-3 4.1077E-3 4.3344E-3 4.0924E-3 4.3932E-3 4.09662E-3 3.85512E-3 4.4669E-3 4.15549E-3 3.57095E-3 3.78362E-3 3.51765E-3 3.96489E-3
2.58375E-3 2.54379E-3 2.775E-3 2.82695E-3 2.78972E-3 2.79583E-3 2.83312E-3 2.81441E-3 2.70734E-3 2.76771E-3 2.92446E-3 3.44572E-3 3.30886E-3 3.423E-3 3.41093E-3 3.51427E-3 3.35874E-3 3.39138E-3 3.39138E-3 3.56383E-3 3.50463E-3 3.50463E-3 3.55047E-3 3.70243E-3 3.69426E-3 3.83379E-3 4.01666E-3 4.52372E-3 4.88527E-3 4.18039E-3 3.48036E-3 3.39655E-3 3.8166E-3 3.78033E-3 3.80895E-3 3.9799E-3 4.13525E-3 4.08495E-3 4.16135E-3 3.94617E-3 4.02509E-3 4.32403E-3 4.69619E-3 4.44564E-3 4.35429E-3 4.18141E-3 4.07632E-3 4.03785E-3 4.01896E-3 4.1077E-3 4.24147E-3 4.49232E-3 4.1149E-3 1.18052E-2 3.94666E-3 4.66061E-3 4.10866E-3 3.54402E-3 3.58597E-3 3.53842E-3 3.16698E-3
2.58128E-3 2.59844E-3 2.52698E-3 2.75298E-3 2.86574E-3 2.8709E-3 2.85195E-3 2.9348E-3 2.95429E-3 2.81944E-3 2.97909E-3 3.02914E-3 3.17771E-3 3.46525E-3 3.49895E-3 3.65278E-3 3.60487E-3 3.43314E-3 3.50179E-3 3.41804E-3 3.41804E-3 3.53987E-3 3.46761E-3 3.501E-3 3.57808E-3 3.52798E-3 3.89786E-3 4.18866E-3 4.33013E-3 3.81063E-3 3.6318E-3 3.65096E-3 3.53824E-3 3.90701E-3 4.0114E-3 3.93149E-3 4.16262E-3 4.13398E-3 4.43544E-3 4.27263E-3 4.17567E-3 4.35684E-3 4.23811E-3 4.23701E-3 4.24109E-3 4.23596E-3 4.03785E-3 4.18141E-3 4.20912E-3 4.44915E-3 4.27639E-3 4.14088E-3 4.26041E-3 4.50798E-3 4.04783E-3 3.83142E-3 3.50673E-3 3.19354E-3 3.63031E-3 1.09392E-2 3.78337E-3
2.70122E-3 2.71548E-3 2.67034E-3 3.02823E-3 2.85195E-3 2.98444E-3 3.02424E-3 2.91544E-3 2.85811E-3 2.85811E-3 2.90517E-3 3.30315E-3 3.70337E-3 3.58296E-3 3.59392E-3 3.62875E-3 3.60487E-3 3.56838E-3 3.5968E-3 3.48302E-3 3.41189E-3 3.46761E-3 3.44484E-3 3.49771E-3 3.45195E-3 3.47943E-3 3.63665E-3 3.8386E-3 4.20987E-3 4.02206E-3 3.38762E-3 3.76702E-3 3.63281E-3 3.95047E-3 4.21044E-3 4.19016E-3 4.21259E-3 4.17684E-3 4.20451E-3 4.64512E-3 4.25922E-3 4.43855E-3 4.37503E-3 4.36688E-3 4.43216E-3 4.03294E-3 4.25196E-3 4.60243E-3 4.58484E-3 4.67653E-3 4.32692E-3 4.36319E-3 4.84006E-3 1.09478E-2 1.28248E-2 1.72029E-2 1.41772E-2 1.18155E-2 1.30814E-2 1.14236E-2 4.04172E-3
2.69755E-3 2.79437E-3 3.04835E-3 3.00825E-3 3.04433E-3 3.00427E-3 2.98444E-3 3.13264E-3 3.16303E-3 3.03996E-3 2.98022E-3 3.12516E-3 3.43353E-3 3.73567E-3 3.59392E-3 3.72229E-3 3.6978E-3 3.81314E-3 3.71687E-3 3.52291E-3 3.62785E-3 3.39975E-3 3.48725E-3 3.4146E-3 3.18206E-3 2.99252E-3 3.07069E-3 3.62924E-3 4.07758E-3 4.06591E-3 3.87529E-3 3.99334E-3 3.93599E-3 3.87676E-3 4.10083E-3 4.06085E-3 4.3702E-3 4.3702E-3 4.36904E-3 4.42176E-3 4.51026E-3 4.65617E-3 4.41971E-3 4.50823E-3 4.50823E-3 4.64189E-3 4.38541E-3 4.82021E-3 4.86075E-3 4.81012E-3 4.53561E-3 1.24255E-2 1.27958E-2 1.25668E-2 1.41939E-2 1.41257E-2 1.28363E-2 3.99577E-3 4.67162E-3 1.26884E-2 1.28319E-2
2.83163E-3 2.77592E-3 3.16886E-3 3.18575E-3 3.14795E-3 3.18271E-3 3.28234E-3 3.07105E-3 3.19241E-3 3.16001E-3 3.31651E-3 3.02508E-3 3.28452E-3 3.42449E-3 3.25128E-3 3.38972E-3 3.56098E-3 3.67515E-3 3.65066E-3 3.59328E-3 3.70165E-3 3.53683E-3 3.73716E-3 4.07166E-3 3.70579E-3 3.60972E-3 3.27104E-3 3.96405E-3 3.90455E-3 3.84221E-3 4.04249E-3 3.92955E-3 4.21571E-3 4.1047E-3 4.11482E-3 4.16835E-3 4.27991E-3 4.49143E-3 4.27408E-3 4.47952E-3 4.62997E-3 4.80604E-3 4.48286E-3 4.79311E-3 4.61038E-3 4.85121E-3 4.88336E-3 1.217E-2 4.57006E-3 1.24972E-2 1.22047E-2 1.31386E-2 1.47718E-2 1.35227E-2 1.39325E-2 1.74866E-2 1.7127E-2 1.54321E-2 1.33814E-2 1.39703E-2 1.43006E-2
2.84771E-3 2.84771E-3 3.16886E-3 3.10246E-3 3.22935E-3 3.2508E-3 3.29667E-3 3.12853E-3 3.17023E-3 3.10089E-3 3.20209E-3 3.21176E-3 3.2214E-3 3.40194E-3 3.35728E-3 3.45423E-3 3.39664E-3 3.44637E-3 3.53887E-3 3.63966E-3 3.56837E-3 3.65183E-3 3.78168E-3 4.05849E-3 4.00023E-3 3.7432E-3 3.6834E-3 3.81562E-3 3.88813E-3 3.81562E-3 3.88041E-3 4.00668E-3 3.91545E-3 4.01519E-3 4.14485E-3 4.34092E-3 4.42248E-3 4.26561E-3 4.75396E-3 4.62145E-3 4.46504E-3 4.62361E-3 4.81069E-3 1.21162E-2 4.83708E-3 4.77353E-3 4.85121E-3 1.23193E-2 1.12841E-2 1.20737E-2 1.31056E-2 1.42213E-2 1.5857E-2 1.68622E-2 1.9578E-2 1.89707E-2 1.82923E-2 1.56597E-2 1.29116E-2 1.45785E-2 1.49352E-2
2.92415E-3 3.20692E-3 3.18575E-3 3.16775E-3 3.31172E-3 3.23804E-3 3.36278E-3 3.10789E-3 3.2738E-3 3.21911E-3 3.35063E-3 3.2075E-3 3.34844E-3 3.48514E-3 3.3763E-3 3.54797E-3 3.37917E-3 3.79803E-3 3.83451E-3 3.73824E-3 3.64439E-3 3.82417E-3 3.90455E-3 3.87894E-3 3.90455E-3 3.72122E-3 3.74581E-3 3.76567E-3 3.89682E-3 3.95793E-3 3.93192E-3 4.19068E-3 4.10736E-3 4.019E-3 4.07864E-3 4.45178E-3 4.29898E-3 4.5271E-3 4.56075E-3 4.81624E-3 4.8426E-3 1.21279E-2 4.93959E-3 4.8426E-3 1.21026E-2 1.2765E-2 1.21679E-2 1.24803E-2 1.20575E-2 1.2815E-2 1.36029E-2 1.47551E-2 1.60246E-2 1.75724E-2 1.93214E-2 1.7357E-2 1.67317E-2 1.58654E-2 1.50386E-2 1.53253E-2 1.5351E-2
3.11009E-3 3.22514E-3 3.28877E-3 3.32944E-3 3.38834E-3 3.25643E-3 3.43349E-3 3.28364E-3 3.19788E-3 3.26627E-3 3.28794E-3 3.3385E-3 3.45757E-3 3.42225E-3 3.57973E-3 3.56676E-3 3.95705E-3 3.74222E-3 3.89461E-3 3.93694E-3 3.91108E-3 3.92257E-3 3.79549E-3 3.84582E-3 3.79906E-3 3.70888E-3 3.80932E-3 3.85986E-3 3.90608E-3 4.11375E-3 4.13577E-3 4.26913E-3 4.47087E-3 4.34092E-3 4.3686E-3 4.51097E-3 4.71345E-3 4.68689E-3 4.68296E-3 5.41502E-3 1.22081E-2 4.90148E-3 1.26738E-2 1.25079E-2 1.32067E-2 1.30196E-2 1.36929E-2 1.31763E-2 1.20575E-2 1.333E-2 1.40565E-2 1.52317E-2 1.63946E-2 1.69627E-2 1.79991E-2 1.601E-2 1.60135E-2 1.54822E-2 1.56088E-2 1.72015E-2 1.87707E-2
3.14849E-3 3.26706E-3 3.32944E-3 3.41884E-3 3.5646E-3 3.29554E-3 3.51772E-3 3.45881E-3 3.36848E-3 3.40091E-3 3.38293E-3 3.3385E-3 3.52676E-3 3.46773E-3 3.57973E-3 3.58393E-3 3.98326E-3 3.99498E-3 3.869E-3 3.90608E-3 3.91108E-3 3.95925E-3 4.0501E-3 3.98543E-3 3.83451E-3 3.91108E-3 3.93192E-3 3.95793E-3 4.03319E-3 4.02522E-3 4.12771E-3 4.23292E-3 4.51744E-3 4.18682E-3 4.63171E-3 4.62536E-3 4.67386E-3 1.23484E-2 4.73895E-3 1.33124E-2 1.3578E-2 1.25062E-2 1.28418E-2 1.29979E-2 1.31922E-2 1.314E-2 1.41484E-2 1.43217E-2 1.33278E-2 1.36693E-2 1.42582E-2 1.49497E-2 1.57611E-2 1.68333E-2 1.58662E-2 1.53743E-2 1.52777E-2 1.5263E-2 1.60213E-2 1.84608E-2 2.34871E-2
3.52559E-3 3.42908E-3 3.51772E-3 3.33947E-3 3.58828E-3 3.43021E-3 3.53769E-3 3.69182E-3 3.60002E-3 3.72835E-3 3.5822E-3 3.40211E-3 3.50354E-3 3.5002E-3 3.58067E-3 3.7747E-3 3.90394E-3 4.06975E-3 4.02143E-3 4.1018E-3 3.9542E-3 3.97375E-3 4.01179E-3 4.06502E-3 4.01179E-3 4.03832E-3 4.02143E-3 4.14096E-3 4.05186E-3 4.23411E-3 4.23411E-3 4.48235E-3 4.42775E-3 4.35618E-3 4.55712E-3 4.64306E-3 5.06387E-3 1.30925E-2 1.41114E-2 1.38339E-2 1.46641E-2 1.49565E-2 1.44711E-2 1.42611E-2 1.41259E-2 1.40197E-2 1.47999E-2 1.49811E-2 1.38347E-2 1.46185E-2 1.51078E-2 1.54301E-2 1.59508E-2 1.50346E-2 1.55554E-2 1.50759E-2 1.57696E-2 1.59981E-2 1.70073E-2 2.02543E-2 2.49624E-2
3.61669E-3 3.2987E-3 3.51772E-3 3.63262E-3 3.73986E-3 3.49899E-3 3.55272E-3 3.61928E-3 3.5763E-3 3.803E-3 3.48871E-3 3.60251E-3 3.58922E-3 3.54674E-3 3.85019E-3 4.2139E-3 4.13516E-3 4.03118E-3 4.17465E-3 4.09794E-3 4.02143E-3 4.13025E-3 4.28105E-3 4.15757E-3 4.18508E-3 4.04804E-3 4.1018E-3 4.15112E-3 4.40509E-3 4.37613E-3 4.30519E-3 4.46964E-3 4.40994E-3 4.91063E-3 4.46764E-3 5.10393E-3 5.29875E-3 1.39947E-2 1.4582E-2 1.4582E-2 1.48573E-2 1.44711E-2 1.54648E-2 1.52545E-2 1.41107E-2 1.56846E-2 1.58766E-2 1.62335E-2 1.47593E-2 1.54923E-2 1.5719E-2 1.59284E-2 1.47363E-2 1.48536E-2 1.54719E-2 1.56602E-2 1.67691E-2 1.69871E-2 1.7676E-2 1.914E-2 2.01034E-2
3.78933E-3 3.5646E-3 3.7956E-3 3.64679E-3 3.64217E-3 3.76581E-3 3.68715E-3 3.77313E-3 3.74827E-3 3.87052E-3 3.69904E-3 3.73078E-3 3.68181E-3 4.04341E-3 4.18718E-3 4.36603E-3 4.33076E-3 4.10795E-3 4.27517E-3 4.34449E-3 4.17984E-3 4.15236E-3 4.24064E-3 4.20751E-3 4.17984E-3 4.34859E-3 4.21148E-3 4.26214E-3 4.30111E-3 4.63389E-3 4.41097E-3 4.77032E-3 4.78263E-3 5.06966E-3 1.28821E-2 1.21068E-2 1.4008E-2 1.39693E-2 1.49297E-2 1.44602E-2 1.58248E-2 1.49145E-2 1.68289E-2 1.71365E-2 1.64224E-2 1.59801E-2 1.65146E-2 1.51505E-2 1.55773E-2 1.60982E-2 1.64407E-2 1.54098E-2 1.56338E-2 1.58604E-2 1.65004E-2 1.67656E-2 1.73262E-2 1.75746E-2 1.74818E-2 1.91171E-2 2.13256E-2
3.7956E-3 3.49786E-3 3.61211E-3 3.76581E-3 3.78604E-3 3.78604E-3 3.88385E-3 3.82334E-3 3.84502E-3 3.89619E-3 4.11544E-3 3.72001E-3 3.85238E-3 4.01679E-3 4.1204E-3 4.10383E-3 4.35533E-3 4.19013E-3 4.2982E-3 4.35533E-3 4.33197E-3 4.16255E-3 4.16255E-3 4.4186E-3 4.51986E-3 4.44786E-3 4.35945E-3 4.56564E-3 4.53017E-3 4.74449E-3 4.77032E-3 4.73791E-3 5.02247E-3 1.20874E-2 1.27738E-2 1.24887E-2 1.32997E-2 1.38721E-2 1.40404E-2 1.53272E-2 1.70386E-2 1.55547E-2 1.7489E-2 1.83394E-2 1.68594E-2 1.70483E-2 1.7185E-2 1.59898E-2 1.62917E-2 1.63315E-2 1.65694E-2 1.58373E-2 1.68183E-2 1.75122E-2 1.76437E-2 1.74533E-2 1.80568E-2 1.8218E-2 1.78482E-2 1.91281E-2 1.94349E-2
3.97161E-3 3.86678E-3 4.1051E-3 3.57058E-3 3.96664E-3 3.91452E-3 3.81231E-3 3.84384E-3 3.82334E-3 3.81851E-3 4.11151E-3 3.98174E-3 4.42121E-3 4.45596E-3 4.39751E-3 4.84171E-3 4.84171E-3 4.65376E-3 4.5872E-3 4.49725E-3 4.55702E-3 4.49725E-3 4.53252E-3 4.53252E-3 4.62315E-3 4.5015E-3 4.74113E-3 4.68338E-3 5.06462E-3 4.77592E-3 5.06248E-3 4.89144E-3 1.26457E-2 1.30896E-2 1.26302E-2 1.45213E-2 1.35782E-2 1.44309E-2 1.35985E-2 1.48985E-2 1.50196E-2 1.64875E-2 1.85678E-2 1.93094E-2 1.78326E-2 1.80682E-2 1.68117E-2 1.68347E-2 1.68575E-2 1.7009E-2 1.5734E-2 1.63608E-2 1.6926E-2 1.81913E-2 1.90785E-2 2.0544E-2 1.99273E-2 1.83543E-2 1.7375E-2 2.01126E-2 2.17413E-2
4.00824E-3 3.81596E-3 4.04613E-3 3.89733E-3 4.04613E-3 4.19001E-3 4.10775E-3 4.02207E-3 4.04875E-3 4.2765E-3 4.10382E-3 4.5152E-3 4.36319E-3 4.19646E-3 4.85429E-3 4.96064E-3 4.79626E-3 4.79174E-3 4.76021E-3 4.83139E-3 4.57413E-3 4.76803E-3 4.45485E-3 4.86917E-3 4.74113E-3 4.70994E-3 4.72772E-3 4.80414E-3 4.91776E-3 5.08635E-3 1.28317E-2 1.26476E-2 1.27292E-2 1.37609E-2 1.35665E-2 1.41121E-2 1.4379E-2 1.58965E-2 1.63446E-2 1.63446E-2 1.69694E-2 1.64363E-2 1.80291E-2 1.84453E-2 1.82891E-2 1.74696E-2 1.751E-2 1.80993E-2 1.84819E-2 1.71274E-2 1.68322E-2 1.73744E-2 1.80729E-2 1.88166E-2 2.00867E-2 2.16006E-2 2.68955E-2 2.52251E-2 2.01553E-2 2.2577E-2 2.11718E-2
3.91827E-3 3.96664E-3 4.24576E-3 3.96664E-3 4.23379E-3 4.41327E-3 4.20855E-3 4.04487E-3 4.0271E-3 4.23646E-3 4.23764E-3 4.63042E-3 4.59994E-3 4.29662E-3 4.2683E-3 4.97953E-3 4.97953E-3 4.6966E-3 4.94791E-3 4.87723E-3 4.8497E-3 4.92335E-3 4.88184E-3 4.81778E-3 4.97953E-3 5.07917E-3 4.81668E-3 5.24366E-3 1.28714E-2 1.26153E-2 1.30728E-2 1.32831E-2 1.37494E-2 1.36214E-2 1.48894E-2 1.46819E-2 1.45706E-2 1.61978E-2 1.66133E-2 1.6561E-2 1.69859E-2 1.75786E-2 1.80291E-2 1.84272E-2 1.74688E-2 1.85736E-2 1.85975E-2 1.89709E-2 2.03913E-2 1.96509E-2 1.94182E-2 1.86909E-2 1.89397E-2 1.95892E-2 2.01281E-2 2.19055E-2 2.40118E-2 2.49872E-2 2.08569E-2 2.07188E-2 2.0135E-2
3.96664E-3 4.3884E-3 4.09608E-3 4.34311E-3 4.41327E-3 4.44253E-3 4.29813E-3 4.35115E-3 4.26047E-3 4.40365E-3 4.8495E-3 4.70989E-3 4.9093E-3 4.321E-3 4.65551E-3 5.1808E-3 5.27947E-3 5.1467E-3 5.04574E-3 5.11282E-3 5.0067E-3 5.17591E-3 5.04097E-3 5.06849E-3 5.06849E-3 5.34965E-3 5.23869E-3 5.17484E-3 1.34504E-2 1.31112E-2 1.35499E-2 1.37146E-2 1.38947E-2 1.45616E-2 1.53726E-2 1.50592E-2 1.49451E-2 1.73962E-2 1.77256E-2 1.80034E-2 1.80034E-2 1.87534E-2 1.91526E-2 1.72177E-2 1.89326E-2 1.94411E-2 2.06468E-2 2.10596E-2 1.94644E-2 2.01493E-2 2.07477E-2 1.98437E-2 1.93733E-2 2.06984E-2 2.16201E-2 2.19661E-2 2.37711E-2 2.31305E-2 2.86737E-2 2.47172E-2 2.34325E-2
4.12986E-3 4.35532E-3 4.03725E-3 4.28605E-3 1.08577E-2 1.12551E-2 4.33896E-3 1.09625E-2 4.61193E-3 1.21657E-2 1.19416E-2 1.24448E-2 1.22794E-2 4.70989E-3 1.21989E-2 4.64805E-3 1.29233E-2 1.32047E-2 5.29973E-3 1.34678E-2 5.26483E-3 1.31181E-2 1.29442E-2 1.27749E-2 1.33669E-2 1.34527E-2 1.31898E-2 1.2654E-2 1.42708E-2 1.36415E-2 1.41376E-2 1.52231E-2 1.41429E-2 1.46007E-2 1.7385E-2 1.63227E-2 1.53291E-2 1.73965E-2 1.81977E-2 1.8727E-2 1.9267E-2 1.97261E-2 2.12455E-2 1.90237E-2 2.03528E-2 2.14727E-2 2.11977E-2 2.13833E-2 1.97584E-2 1.99101E-2 2.02355E-2 1.9269E-2 1.78548E-2 2.03421E-2 2.18467E-2 2.38133E-2 2.72929E-2 2.55515E-2 2.11843E-2 2.90443E-2 2.6175E-2
1.10455E-2 1.10322E-2 4.42589E-3 1.07864E-2 1.10045E-2 1.10216E-2 1.10216E-2 1.13798E-2 4.71777E-3 1.18494E-2 1.22486E-2 4.7043E-3 1.19277E-2 4.82575E-3 1.17854E-2 1.16943E-2 1.27399E-2 1.29111E-2 1.35198E-2 1.39048E-2 5.26483E-3 1.35198E-2 1.28966E-2 1.36837E-2 1.34162E-2 1.42214E-2 1.42348E-2 1.4695E-2 1.50275E-2 1.53414E-2 1.50005E-2 1.53846E-2 1.44829E-2 1.65305E-2 1.71074E-2 1.94331E-2 1.76006E-2 1.89257E-2 1.94144E-2 1.9959E-2 2.04187E-2 2.09889E-2 1.97229E-2 2.07109E-2 2.10097E-2 2.18335E-2 2.26547E-2 2.07973E-2 2.20783E-2 2.25822E-2 2.53153E-2 2.4283E-2 1.72067E-2 2.48912E-2 2.26064E-2 2.42562E-2 3.08283E-2 4.3882E-2 2.08495E-2 2.122E-2 2.69087E-2
4.36775E-3 1.09597E-2 4.39672E-3 1.09322E-2 1.14994E-2 1.1285E-2 1.15307E-2 1.24929E-2 1.23153E-2 1.21517E-2 1.34181E-2 1.23824E-2 1.2232E-2 1.31409E-2 1.21517E-2 1.27275E-2 1.23966E-2 1.32407E-2 1.39588E-2 1.42214E-2 1.34829E-2 1.45071E-2 1.34829E-2 1.48938E-2 1.3852E-2 1.49899E-2 1.44098E-2 1.42884E-2 1.56779E-2 1.56779E-2 1.63091E-2 1.56997E-2 1.50522E-2 1.67493E-2 1.89985E-2 1.90265E-2 1.91518E-2 1.99656E-2 2.02575E-2 2.11686E-2 2.18013E-2 2.30212E-2 2.12603E-2 2.15666E-2 2.21423E-2 2.38184E-2 2.18667E-2 2.28095E-2 2.40532E-2 2.6334E-2 2.80657E-2 2.7874E-2 1.95113E-2 2.70335E-2 2.32915E-2 2.78268E-2 3.03783E-2 3.10501E-2 2.69477E-2 2.24313E-2 2.87554E-2
1.12551E-2 1.07891E-2 1.12109E-2 1.09913E-2 1.14994E-2 1.1455E-2 1.26097E-2 1.28262E-2 1.2693E-2 1.30671E-2 1.35805E-2 1.24761E-2 1.26787E-2 1.28815E-2 1.21185E-2 1.28469E-2 1.30931E-2 1.41853E-2 1.50909E-2 1.37238E-2 1.44524E-2 1.52763E-2 1.42634E-2 1.4644E-2 1.51339E-2 1.51179E-2 1.56237E-2 1.59919E-2 1.65094E-2 1.51386E-2 1.47368E-2 1.61683E-2 1.63656E-2 1.68437E-2 1.72096E-2 1.95645E-2 2.04842E-2 2.06479E-2 2.11076E-2 2.19617E-2 2.28194E-2 2.38962E-2 2.20686E-2 2.19724E-2 2.34603E-2 2.2299E-2 2.39586E-2 2.51259E-2 2.61889E-2 2.77147E-2 3.18689E-2 3.04573E-2 2.67572E-2 3.43026E-2 2.91654E-2 3.31292E-2 4.42444E-2 3.6388E-2 2.6024E-2 2.4345E-2 3.42701E-2
