Artocarpus heterophyllus SDM files/MIS19/results (without bias file)/Arthet_7.asc
ncols         625
nrows         721
xllcorner     69.99986311115
yllcorner     5.99986187915
cellsize      0.041666667
NODATA_value  -9999
[rows 81 to 107 of 721, columns 427 to 487 of 625]
1.54614E-3 1.94963E-3 1.81926E-3 1.79851E-3 1.79589E-3 1.63166E-3 1.41949E-3 5.45947E-4 1.67819E-3 1.83367E-3 1.86911E-3 1.79634E-3 1.79236E-3 1.79413E-3 1.52215E-3 1.37404E-3 1.62617E-3 2.07752E-3 2.10844E-3 1.93429E-3 2.05167E-3 2.00087E-3 1.94692E-3 1.86074E-3 1.77566E-3 1.61441E-3 1.60262E-3 6.41216E-4 1.63104E-3 7.12921E-4 1.78673E-3 1.74077E-3 1.9935E-3 1.90175E-3 1.89813E-3 2.05191E-3 2.06412E-3 7.56329E-4 7.35776E-4 1.85719E-3 1.96796E-3 1.86891E-3 1.86265E-3 2.16446E-3 2.16732E-3 2.10869E-3 1.93059E-3 1.9715E-3 2.22558E-3 2.3445E-3 2.32419E-3 1.99462E-3 1.9326E-3 1.8597E-3 2.14375E-3 2.13981E-3 1.79131E-3 8.3326E-4 2.25775E-3 8.20509E-4 2.25399E-3
1.66345E-3 1.85239E-3 1.93052E-3 1.78998E-3 1.92485E-3 1.53893E-3 1.4852E-3 1.42905E-3 1.97421E-3 2.00473E-3 1.88364E-3 1.88259E-3 1.59139E-3 1.48384E-3 1.56228E-3 1.54006E-3 1.51223E-3 1.57576E-3 1.80425E-3 1.65691E-3 1.74718E-3 2.00357E-3 2.06452E-3 2.04828E-3 1.77392E-3 1.80425E-3 6.03511E-4 6.10592E-4 6.65861E-4 1.77596E-3 1.66887E-3 1.71543E-3 6.34985E-4 1.72516E-3 1.74107E-3 6.47266E-4 7.19039E-4 7.6637E-4 1.98044E-3 2.20266E-3 2.31815E-3 1.92617E-3 1.78531E-3 7.1902E-4 7.36462E-4 2.04322E-3 2.24802E-3 1.88425E-3 8.09912E-4 2.07809E-3 2.27843E-3 2.00286E-3 1.91622E-3 1.84098E-3 2.03485E-3 2.18201E-3 2.07599E-3 1.99591E-3 2.25023E-3 2.34338E-3 2.15829E-3
1.71303E-3 1.91003E-3 1.68776E-3 1.86918E-3 1.63186E-3 1.42152E-3 1.41194E-3 5.11489E-4 1.74357E-3 2.11443E-3 2.03611E-3 1.7681E-3 1.57737E-3 1.47447E-3 1.49367E-3 1.43618E-3 5.84713E-4 5.46729E-4 5.47517E-4 5.82608E-4 6.49127E-4 1.83236E-3 2.11709E-3 2.06877E-3 1.56414E-3 5.32643E-4 5.56451E-4 6.73025E-4 1.98272E-3 2.0557E-3 1.85112E-3 6.55106E-4 6.2477E-4 6.14288E-4 5.53341E-4 5.99734E-4 7.76355E-4 8.08645E-4 7.84207E-4 2.18954E-3 2.30159E-3 2.21837E-3 2.06283E-3 1.91829E-3 1.8298E-3 1.97635E-3 2.0943E-3 2.32157E-3 2.38551E-3 2.31896E-3 1.92099E-3 2.15865E-3 2.02145E-3 1.96517E-3 2.18511E-3 2.22878E-3 2.03029E-3 8.45503E-4 2.44278E-3 2.466E-3 2.39763E-3
1.86569E-3 1.87267E-3 1.82566E-3 1.85039E-3 1.49965E-3 1.43222E-3 1.36011E-3 5.06801E-4 6.32783E-4 2.09812E-3 1.96036E-3 1.99965E-3 1.59323E-3 1.47927E-3 1.41863E-3 1.5471E-3 1.5952E-3 5.82077E-4 5.43259E-4 5.32486E-4 5.2916E-4 1.67529E-3 2.11126E-3 2.22109E-3 1.83839E-3 5.5334E-4 7.10116E-4 2.16619E-3 2.28463E-3 2.21306E-3 2.00699E-3 1.87023E-3 1.82084E-3 1.64969E-3 5.64311E-4 6.73363E-4 7.56312E-4 2.1095E-3 2.21367E-3 2.23442E-3 1.93052E-3 2.06025E-3 7.27939E-4 1.9935E-3 6.69994E-4 7.36318E-4 8.44864E-4 2.11629E-3 2.17195E-3 2.06568E-3 2.28804E-3 7.73972E-4 7.61523E-4 6.85847E-4 6.57892E-4 7.33869E-4 7.31814E-4 7.88769E-4 9.16945E-4 9.03154E-4 1.01836E-3
1.95885E-3 1.74887E-3 1.69296E-3 1.71163E-3 1.46233E-3 1.44525E-3 5.38699E-4 4.73254E-4 6.27999E-4 1.96655E-3 2.04636E-3 1.8141E-3 1.61346E-3 1.52785E-3 1.60412E-3 1.62019E-3 1.524E-3 5.92855E-4 5.55889E-4 5.81114E-4 5.42163E-4 6.09753E-4 1.79946E-3 1.88131E-3 1.8273E-3 6.30328E-4 6.87528E-4 1.95342E-3 2.21948E-3 2.23856E-3 2.0624E-3 1.84342E-3 1.77734E-3 7.13357E-4 5.67583E-4 6.36762E-4 8.14808E-4 2.35905E-3 2.31174E-3 2.11987E-3 1.85856E-3 2.24167E-3 1.82469E-3 2.00209E-3 7.41419E-4 6.99649E-4 2.07288E-3 2.39287E-3 2.15712E-3 8.074E-4 7.31491E-4 6.18886E-4 5.65685E-4 5.77273E-4 6.05706E-4 6.40973E-4 7.0186E-4 7.17693E-4 7.20345E-4 8.25889E-4 8.44157E-4
1.68511E-3 1.57179E-3 1.57377E-3 1.52306E-3 1.49609E-3 5.60537E-4 4.55981E-4 4.82945E-4 1.79687E-3 2.10275E-3 1.88743E-3 1.56136E-3 1.70152E-3 1.7503E-3 1.73068E-3 1.61142E-3 1.60877E-3 1.5858E-3 1.52284E-3 6.25492E-4 5.1485E-4 5.04564E-4 5.46912E-4 5.793E-4 5.56668E-4 5.52508E-4 6.42421E-4 6.82307E-4 1.8943E-3 1.70003E-3 6.17981E-4 5.70904E-4 5.42401E-4 5.06628E-4 5.42549E-4 5.73014E-4 2.08411E-3 2.32027E-3 6.92263E-4 6.75356E-4 2.05227E-3 2.19235E-3 7.91266E-4 2.24345E-3 8.11055E-4 7.59345E-4 7.30259E-4 6.76996E-4 6.60334E-4 6.09217E-4 5.24742E-4 5.51659E-4 5.78829E-4 5.68185E-4 5.97332E-4 6.89655E-4 9.36825E-4 8.9362E-4 8.75157E-4 2.44278E-3 2.54493E-3
1.51385E-3 1.44263E-3 1.45956E-3 1.6395E-3 1.39857E-3 4.86305E-4 4.53108E-4 5.66059E-4 2.12535E-3 1.8817E-3 1.68599E-3 1.68232E-3 1.96185E-3 1.83512E-3 1.5862E-3 1.56228E-3 1.64858E-3 1.80609E-3 1.77233E-3 5.89556E-4 4.82172E-4 5.02793E-4 4.93583E-4 5.64077E-4 6.50811E-4 1.74231E-3 1.86955E-3 1.76919E-3 2.26317E-3 2.19265E-3 1.82919E-3 6.56527E-4 4.96358E-4 4.68733E-4 6.10258E-4 7.29655E-4 2.36423E-3 2.1807E-3 2.08702E-3 7.34882E-4 6.78183E-4 7.37355E-4 6.03049E-4 7.88957E-4 2.11456E-3 8.27358E-4 8.58992E-4 7.96007E-4 7.78066E-4 6.39273E-4 6.77067E-4 7.10527E-4 5.39017E-4 7.05228E-4 2.46048E-3 2.45665E-3 2.83712E-3 2.48159E-3 2.61209E-3 2.63619E-3 2.71688E-3
1.47823E-3 1.51134E-3 6.07515E-4 6.21667E-4 4.72269E-4 4.60731E-4 5.37188E-4 1.77289E-3 2.16833E-3 1.67835E-3 1.76344E-3 1.95362E-3 1.82098E-3 1.67835E-3 1.73631E-3 1.76016E-3 1.62923E-3 1.81804E-3 1.79202E-3 6.41016E-4 4.55733E-4 4.70825E-4 4.98682E-4 7.21444E-4 2.30838E-3 2.16292E-3 2.06074E-3 1.97475E-3 2.1307E-3 2.08244E-3 2.0392E-3 6.86936E-4 5.11334E-4 5.84323E-4 8.10419E-4 1.8975E-3 6.6437E-4 6.68274E-4 7.24479E-4 6.73473E-4 5.54789E-4 5.66175E-4 2.29214E-3 9.06611E-4 8.27139E-4 7.71607E-4 6.98826E-4 6.35755E-4 7.62517E-4 8.99224E-4 2.48937E-3 7.58044E-4 6.22903E-4 7.57442E-4 9.602E-4 9.46524E-4 9.68681E-4 2.34055E-3 9.32637E-4 9.56015E-4 8.63525E-4
1.5755E-3 1.44328E-3 5.36145E-4 4.76636E-4 4.6714E-4 6.50511E-4 1.65824E-3 2.17611E-3 2.02614E-3 1.66801E-3 2.05135E-3 1.91424E-3 1.82128E-3 1.7822E-3 1.71206E-3 1.78154E-3 1.60543E-3 1.80267E-3 1.56076E-3 5.9531E-4 4.66491E-4 4.37611E-4 5.56782E-4 2.22293E-3 2.22589E-3 1.93069E-3 1.97837E-3 1.85094E-3 2.13032E-3 7.46952E-4 2.2127E-3 7.19852E-4 1.94906E-3 2.38615E-3 2.11909E-3 1.84711E-3 6.43749E-4 5.57374E-4 5.15605E-4 4.96823E-4 6.31089E-4 8.66698E-4 2.08691E-3 8.09222E-4 7.36208E-4 7.11943E-4 6.14273E-4 5.53697E-4 5.84815E-4 8.11387E-4 2.52644E-3 2.44592E-3 8.89136E-4 2.41741E-3 2.35704E-3 8.14201E-4 8.03087E-4 9.00972E-4 8.47358E-4 1.04609E-3 2.58219E-3
1.93341E-3 1.5858E-3 4.58614E-4 5.0021E-4 6.47523E-4 1.97062E-3 2.00321E-3 1.76979E-3 1.91677E-3 1.51498E-3 1.81253E-3 2.03308E-3 1.78742E-3 1.79359E-3 2.00949E-3 1.82426E-3 1.93877E-3 1.76022E-3 1.57046E-3 5.3981E-4 4.80474E-4 4.4578E-4 6.41037E-4 2.37112E-3 2.38698E-3 1.77847E-3 6.52384E-4 6.1984E-4 7.52509E-4 6.14315E-4 6.60974E-4 8.35602E-4 2.35516E-3 2.46176E-3 2.2127E-3 1.9674E-3 7.35281E-4 6.56773E-4 8.29013E-4 7.9746E-4 2.12891E-3 2.08886E-3 7.18757E-4 5.56188E-4 6.0409E-4 9.07176E-4 2.42479E-3 8.67315E-4 7.19889E-4 6.32812E-4 7.43655E-4 8.25148E-4 8.36723E-4 8.69873E-4 8.79673E-4 7.85471E-4 7.49804E-4 7.88289E-4 8.96883E-4 2.75774E-3 2.45885E-3
1.77874E-3 6.67694E-4 6.54522E-4 1.80513E-3 2.00321E-3 1.89073E-3 1.69394E-3 1.54999E-3 1.80506E-3 1.84682E-3 6.54522E-4 2.18649E-3 1.93364E-3 1.83343E-3 2.06447E-3 1.82503E-3 1.81148E-3 5.8555E-4 6.67694E-4 1.65351E-3 5.6081E-4 4.89956E-4 6.34036E-4 2.23886E-3 2.50232E-3 1.85094E-3 5.71789E-4 4.84135E-4 4.98712E-4 6.36396E-4 1.96263E-3 7.7014E-4 2.08438E-3 2.11024E-3 2.0524E-3 1.93826E-3 1.99895E-3 7.04908E-4 8.19602E-4 7.10297E-4 5.63508E-4 6.3043E-4 6.79708E-4 4.98001E-4 6.53074E-4 2.5674E-3 2.6096E-3 2.43281E-3 8.56155E-4 6.56743E-4 6.131E-4 6.67718E-4 7.01999E-4 6.79517E-4 6.86978E-4 6.77454E-4 6.97724E-4 6.89405E-4 6.67307E-4 6.65529E-4 6.98303E-4
5.22638E-4 2.06311E-3 2.18929E-3 2.13234E-3 2.1123E-3 1.95684E-3 1.71329E-3 1.5533E-3 1.61441E-3 1.84948E-3 1.6791E-3 2.00221E-3 1.66626E-3 1.75975E-3 2.18586E-3 1.89331E-3 1.57422E-3 1.84187E-3 2.01365E-3 1.59969E-3 5.27715E-4 4.88181E-4 6.41805E-4 2.12842E-3 2.41194E-3 2.13258E-3 6.21926E-4 6.11299E-4 6.75662E-4 1.95222E-3 2.11672E-3 1.84364E-3 7.62782E-4 7.16876E-4 7.47478E-4 6.66225E-4 6.38912E-4 5.39934E-4 5.49477E-4 5.10605E-4 4.36575E-4 8.98179E-4 2.27181E-3 6.04194E-4 7.8938E-4 2.19701E-3 2.26953E-3 8.07841E-4 8.99721E-4 9.29465E-4 7.15949E-4 6.016E-4 6.25382E-4 6.26629E-4 6.60564E-4 6.30508E-4 6.75345E-4 7.75071E-4 8.41819E-4 8.38013E-4 8.3413E-4
6.81017E-4 2.37745E-3 2.37589E-3 2.19126E-3 1.86239E-3 2.05841E-3 1.91567E-3 1.51468E-3 5.82925E-4 5.62441E-4 6.80818E-4 6.74541E-4 6.99043E-4 2.24097E-3 2.34586E-3 2.10791E-3 2.09129E-3 2.15668E-3 1.89179E-3 5.75607E-4 4.90916E-4 4.95493E-4 6.79363E-4 2.34397E-3 2.54577E-3 2.52745E-3 2.30222E-3 1.72356E-3 5.69435E-4 6.42539E-4 7.58889E-4 6.70035E-4 6.90236E-4 6.77505E-4 6.34766E-4 5.82778E-4 6.00284E-4 7.07001E-4 7.73731E-4 8.17286E-4 9.34754E-4 2.58341E-3 7.40205E-4 7.32234E-4 2.41441E-3 7.59185E-4 6.60997E-4 6.01081E-4 6.97975E-4 8.69425E-4 6.03203E-4 6.37139E-4 8.40588E-4 8.65014E-4 7.75926E-4 8.2338E-4 9.75799E-4 9.20249E-4 1.04126E-3 9.11303E-4 8.55261E-4
6.99043E-4 2.03654E-3 2.34628E-3 2.27016E-3 1.87449E-3 1.98984E-3 1.67768E-3 6.10496E-4 5.39018E-4 5.75276E-4 6.45389E-4 1.69922E-3 1.73384E-3 2.01521E-3 2.1724E-3 2.12195E-3 1.98384E-3 1.67648E-3 6.46723E-4 5.55312E-4 4.47837E-4 4.80074E-4 6.5648E-4 2.11208E-3 2.34959E-3 2.32393E-3 2.32393E-3 2.18506E-3 6.65696E-4 5.336E-4 5.31123E-4 5.76909E-4 6.85781E-4 6.51532E-4 6.31818E-4 8.53184E-4 8.33557E-4 6.66225E-4 6.20164E-4 7.5809E-4 2.73228E-3 2.39071E-3 6.50216E-4 8.75433E-4 2.37688E-3 6.97643E-4 7.06665E-4 7.87102E-4 7.30632E-4 6.30253E-4 6.07225E-4 6.68811E-4 9.3456E-4 9.66117E-4 1.0328E-3 9.96816E-4 2.85015E-3 2.87655E-3 2.50739E-3 9.23571E-4 9.02233E-4
6.30888E-4 1.95398E-3 2.39171E-3 2.30826E-3 1.90181E-3 1.84154E-3 6.50578E-4 5.98048E-4 5.16622E-4 5.57487E-4 6.12897E-4 5.73237E-4 6.37225E-4 1.76627E-3 1.98744E-3 6.9791E-4 2.02125E-3 2.19959E-3 2.25405E-3 1.87014E-3 4.74794E-4 5.92204E-4 2.08585E-3 2.11854E-3 1.9178E-3 2.37547E-3 2.0593E-3 6.03323E-4 5.46161E-4 5.46161E-4 5.48708E-4 5.75819E-4 6.08243E-4 7.82699E-4 2.25579E-3 2.02299E-3 7.43582E-4 5.7251E-4 6.43543E-4 7.08908E-4 8.37471E-4 8.22E-4 6.70342E-4 6.85354E-4 7.69175E-4 8.31646E-4 2.65981E-3 2.80386E-3 2.70587E-3 2.5318E-3 9.86316E-4 9.4313E-4 2.5886E-3 2.80089E-3 2.64371E-3 2.70958E-3 2.79871E-3 2.81168E-3 2.84587E-3 2.62329E-3 2.76016E-3
6.03073E-4 6.44581E-4 1.73664E-3 1.72862E-3 6.49488E-4 6.61639E-4 5.62092E-4 4.82346E-4 4.50345E-4 4.74794E-4 4.81454E-4 4.83694E-4 5.6167E-4 6.67513E-4 1.98429E-3 2.04347E-3 2.23816E-3 1.97695E-3 1.72817E-3 5.97701E-4 4.6952E-4 6.13539E-4 5.95548E-4 6.62152E-4 7.79853E-4 6.75805E-4 5.39162E-4 5.50223E-4 5.68453E-4 5.68453E-4 5.96552E-4 6.39025E-4 6.24307E-4 6.84522E-4 5.75183E-4 5.34474E-4 5.6085E-4 5.7251E-4 6.36344E-4 6.94497E-4 6.84846E-4 6.81659E-4 6.57959E-4 7.20051E-4 9.91127E-4 9.47615E-4 8.02135E-4 9.89914E-4 1.03595E-3 2.3854E-3 9.95117E-4 2.50786E-3 2.61923E-3 2.595E-3 2.43158E-3 2.62436E-3 2.50438E-3 2.71987E-3 2.84466E-3 9.50325E-4 9.37272E-4
2.02145E-3 1.96782E-3 1.87589E-3 1.96909E-3 6.64713E-4 5.51762E-4 4.69975E-4 5.34634E-4 4.83233E-4 4.46185E-4 4.41231E-4 4.41231E-4 5.17123E-4 5.75905E-4 5.75276E-4 6.44284E-4 5.86046E-4 6.07144E-4 5.80239E-4 4.90478E-4 4.65178E-4 4.6952E-4 5.04301E-4 5.36659E-4 7.38343E-4 6.43908E-4 5.1705E-4 5.2922E-4 5.73771E-4 5.68453E-4 5.96552E-4 6.40809E-4 6.45009E-4 8.93424E-4 8.26786E-4 6.36535E-4 5.54147E-4 5.53063E-4 5.97982E-4 5.97982E-4 6.5236E-4 6.47564E-4 7.28813E-4 6.53634E-4 5.99788E-4 7.27928E-4 7.71325E-4 7.2933E-4 7.66816E-4 7.66816E-4 7.70402E-4 7.74005E-4 7.9502E-4 9.00671E-4 7.89138E-4 8.75804E-4 8.01499E-4 1.04325E-3 9.26829E-4 7.99302E-4 7.49885E-4
5.15677E-4 5.24381E-4 5.19531E-4 6.17514E-4 1.94469E-3 2.11406E-3 6.20076E-4 1.84435E-3 5.96303E-4 5.8165E-4 4.87735E-4 4.90001E-4 6.05381E-4 6.26593E-4 2.02148E-3 7.17367E-4 1.75526E-3 6.07144E-4 5.26824E-4 5.25851E-4 5.57012E-4 5.70123E-4 5.64842E-4 5.5961E-4 6.71468E-4 2.27124E-3 6.96953E-4 5.90028E-4 5.81843E-4 6.0495E-4 6.07776E-4 5.99338E-4 5.93779E-4 2.22743E-3 2.81695E-3 2.45809E-3 2.0136E-3 6.47289E-4 6.00776E-4 6.03582E-4 7.7224E-4 6.11379E-4 6.04519E-4 6.46299E-4 7.17804E-4 6.52857E-4 6.12312E-4 7.38194E-4 9.9283E-4 9.83602E-4 7.16922E-4 6.87421E-4 7.11271E-4 6.99511E-4 7.06074E-4 7.47831E-4 7.75323E-4 8.25497E-4 8.02688E-4 7.7118E-4 7.37971E-4
5.15677E-4 4.89107E-4 4.4412E-4 5.13289E-4 6.44284E-4 1.90925E-3 2.07148E-3 2.26018E-3 2.05983E-3 2.04456E-3 1.85734E-3 2.30118E-3 2.14364E-3 2.13374E-3 2.07526E-3 1.87014E-3 6.76022E-4 6.89567E-4 5.35722E-4 5.43247E-4 6.23935E-4 6.18151E-4 6.12421E-4 6.67142E-4 6.95716E-4 7.54418E-4 6.06745E-4 5.7914E-4 6.13467E-4 6.10615E-4 6.02138E-4 5.91018E-4 5.82813E-4 6.31906E-4 8.90309E-4 2.64782E-3 8.18603E-4 8.04838E-4 2.25233E-3 2.70715E-3 2.23906E-3 8.92387E-4 6.00514E-4 7.7562E-4 2.80354E-3 9.4592E-4 5.94214E-4 5.71258E-4 6.82341E-4 8.04154E-4 7.32418E-4 9.99121E-4 1.07039E-3 6.8198E-4 6.92528E-4 7.10363E-4 6.9214E-4 7.31111E-4 7.48383E-4 8.12986E-4 8.12986E-4
5.32161E-4 5.55907E-4 6.50292E-4 5.32161E-4 2.22076E-3 2.53277E-3 2.29318E-3 1.94946E-3 1.88744E-3 6.16714E-4 5.51295E-4 6.85206E-4 4.88206E-4 2.07849E-3 2.33529E-3 2.07526E-3 1.79641E-3 5.51878E-4 4.80555E-4 4.89569E-4 5.28302E-4 5.57012E-4 5.5961E-4 7.65046E-4 5.87287E-4 5.48262E-4 5.8619E-4 5.88928E-4 6.20941E-4 6.18052E-4 6.09466E-4 5.98204E-4 5.95421E-4 6.19043E-4 6.07595E-4 5.94735E-4 6.18309E-4 7.22423E-4 7.44114E-4 8.85086E-4 2.71546E-3 8.62178E-4 7.1818E-4 9.17664E-4 2.56476E-3 2.58101E-3 9.45952E-4 6.60373E-4 5.52881E-4 6.39112E-4 6.83265E-4 7.38855E-4 7.74775E-4 8.37787E-4 9.16197E-4 9.69913E-4 7.78412E-4 8.02074E-4 9.2141E-4 1.06847E-3 2.834E-3
6.68001E-4 6.68908E-4 2.21052E-3 1.90509E-3 1.89916E-3 2.36931E-3 2.32258E-3 2.14684E-3 7.28374E-4 4.88206E-4 4.78327E-4 5.26824E-4 4.43284E-4 5.27789E-4 1.72301E-3 6.61343E-4 6.66366E-4 6.84029E-4 5.50877E-4 5.56023E-4 5.29779E-4 5.63795E-4 5.66426E-4 7.75824E-4 6.64041E-4 5.80753E-4 5.80753E-4 5.80753E-4 6.12315E-4 6.12315E-4 6.06631E-4 6.33657E-4 6.27771E-4 6.19043E-4 6.16161E-4 6.04766E-4 5.90818E-4 6.35868E-4 7.47601E-4 6.45819E-4 8.51069E-4 7.20163E-4 6.02122E-4 8.44459E-4 8.18803E-4 9.14862E-4 1.04333E-3 7.71042E-4 5.88287E-4 5.72016E-4 6.07076E-4 8.02717E-4 8.17262E-4 1.02389E-3 1.12653E-3 1.07365E-3 2.35449E-3 2.41306E-3 2.80531E-3 2.85793E-3 2.87696E-3
1.85802E-3 6.68908E-4 6.74886E-4 5.82941E-4 6.07836E-4 6.77697E-4 5.44239E-4 5.51878E-4 6.82029E-4 6.9806E-4 5.89432E-4 2.23289E-3 2.15456E-3 1.73955E-3 5.34049E-4 5.34634E-4 1.78555E-3 5.99422E-4 4.53694E-4 5.22435E-4 5.22435E-4 5.53392E-4 5.55974E-4 5.50821E-4 5.48262E-4 5.40657E-4 5.30681E-4 5.28216E-4 5.38146E-4 5.72691E-4 6.06631E-4 6.33657E-4 6.27771E-4 6.19043E-4 6.19043E-4 6.49633E-4 6.28739E-4 6.54931E-4 7.99388E-4 6.39814E-4 6.38555E-4 6.77707E-4 6.00912E-4 6.23021E-4 6.47654E-4 8.23872E-4 9.48523E-4 7.35848E-4 7.88274E-4 6.70203E-4 5.91523E-4 7.71161E-4 9.99688E-4 2.85033E-3 3.01385E-3 2.8358E-3 8.31245E-4 7.93079E-4 7.84162E-4 9.6813E-4 9.79002E-4
1.88509E-3 6.17765E-4 4.97358E-4 5.34218E-4 5.41717E-4 5.41717E-4 5.34218E-4 5.40727E-4 4.85041E-4 5.64286E-4 2.06059E-3 2.15769E-3 2.15002E-3 2.25414E-3 2.2074E-3 2.04456E-3 2.26865E-3 5.51878E-4 4.78327E-4 4.88653E-4 4.81885E-4 4.79649E-4 5.05695E-4 5.04732E-4 5.10422E-4 7.03451E-4 7.63221E-4 6.70258E-4 5.32141E-4 5.76959E-4 6.11155E-4 6.11155E-4 6.35407E-4 6.26568E-4 6.17851E-4 6.58799E-4 6.9136E-4 6.79865E-4 8.57487E-4 5.35663E-4 5.59453E-4 5.67347E-4 6.03727E-4 6.2594E-4 6.85048E-4 9.13179E-4 2.76047E-3 2.80876E-3 2.80488E-3 2.57173E-3 8.87282E-4 7.32406E-4 6.78388E-4 9.13953E-4 9.45997E-4 9.04381E-4 7.98342E-4 7.56917E-4 7.94221E-4 8.63874E-4 9.08011E-4
1.62909E-3 5.30245E-4 5.26824E-4 5.36706E-4 5.36706E-4 5.08107E-4 4.94139E-4 5.31742E-4 7.11656E-4 1.96611E-3 2.33264E-3 2.38045E-3 2.29462E-3 1.68686E-3 6.29827E-4 6.64713E-4 5.14716E-4 4.82792E-4 6.51798E-4 7.28043E-4 4.98752E-4 5.67476E-4 7.49567E-4 7.94125E-4 7.35726E-4 2.73233E-3 2.70612E-3 7.12115E-4 5.32141E-4 5.71603E-4 6.0831E-4 6.05478E-4 6.0266E-4 6.23648E-4 6.12107E-4 6.46606E-4 6.52674E-4 7.61709E-4 8.95971E-4 6.80882E-4 4.86238E-4 5.49098E-4 5.8157E-4 5.80038E-4 6.53742E-4 7.65449E-4 1.03663E-3 2.65928E-3 2.83972E-3 2.94782E-3 3.01185E-3 2.77247E-3 1.0011E-3 7.64363E-4 1.03412E-3 2.80836E-3 1.03933E-3 8.51438E-4 7.99885E-4 7.97939E-4 7.29179E-4
5.78586E-4 5.07601E-4 5.19531E-4 5.24381E-4 5.79192E-4 5.22911E-4 5.92176E-4 1.85093E-3 1.93004E-3 1.98127E-3 2.35106E-3 2.4202E-3 2.29767E-3 2.40885E-3 2.19557E-3 1.67497E-3 4.95054E-4 5.41717E-4 6.77697E-4 2.36472E-3 2.15041E-3 6.05672E-4 5.64842E-4 5.79767E-4 5.53392E-4 1.99626E-3 7.43938E-4 4.61248E-4 4.95419E-4 5.55834E-4 5.61041E-4 5.97061E-4 6.20743E-4 6.12107E-4 6.09256E-4 6.49633E-4 6.73544E-4 7.61709E-4 9.24617E-4 9.34971E-4 6.91839E-4 6.37753E-4 6.40741E-4 5.90977E-4 5.9457E-4 7.25614E-4 9.0603E-4 9.80077E-4 2.71401E-3 3.11216E-3 3.18491E-3 3.3242E-3 2.95418E-3 1.01786E-3 2.92203E-3 2.96457E-3 1.09292E-3 1.01248E-3 9.30838E-4 1.02409E-3 9.28194E-4
4.89107E-4 4.81454E-4 4.81454E-4 5.77549E-4 7.12857E-4 7.05353E-4 1.86565E-3 6.82113E-4 1.64581E-3 1.76788E-3 1.64085E-3 6.39002E-4 5.75863E-4 6.52732E-4 1.7447E-3 5.263E-4 5.65308E-4 6.80028E-4 5.88384E-4 4.94139E-4 5.53444E-4 5.50877E-4 5.12803E-4 5.17597E-4 7.47415E-4 2.24333E-3 2.32221E-3 2.4632E-3 5.76959E-4 1.99283E-3 6.56521E-4 5.86021E-4 5.84884E-4 6.09256E-4 6.13292E-4 6.52674E-4 7.54622E-4 7.73907E-4 8.52624E-4 9.26277E-4 8.89748E-4 8.35813E-4 7.00736E-4 6.80023E-4 6.00154E-4 5.91797E-4 7.4079E-4 9.33582E-4 9.50256E-4 1.0586E-3 2.66042E-3 2.98456E-3 3.22957E-3 3.04998E-3 2.97995E-3 3.4898E-3 3.32445E-3 3.24212E-3 3.09734E-3 3.1643E-3 2.98614E-3
6.1507E-4 6.41302E-4 4.92278E-4 2.14364E-3 2.51746E-3 2.27942E-3 2.00428E-3 2.20013E-3 1.78361E-3 2.07021E-3 1.98272E-3 1.70357E-3 1.63556E-3 1.60843E-3 5.33436E-4 5.50189E-4 2.13022E-3 2.31515E-3 6.68309E-4 7.39538E-4 6.36809E-4 2.12717E-3 6.05672E-4 4.86386E-4 6.89262E-4 7.90431E-4 6.1415E-4 6.84822E-4 5.26187E-4 5.18878E-4 5.36931E-4 5.72506E-4 5.54107E-4 5.61919E-4 5.93582E-4 7.05748E-4 7.0246E-4 6.73544E-4 9.13387E-4 2.54939E-3 8.40415E-4 7.03451E-4 7.167E-4 8.88672E-4 7.47168E-4 6.1272E-4 6.26791E-4 7.70121E-4 8.46223E-4 8.7493E-4 8.40499E-4 9.83974E-4 1.07411E-3 1.13791E-3 1.07913E-3 3.01835E-3 2.91271E-3 3.02461E-3 3.24763E-3 2.98122E-3 2.96296E-3
