Artocarpus heterophyllus SDM files/MIS19/results (without bias file)/Arthet_4.asc
ncols         625
nrows         721
xllcorner     69.99986311115
yllcorner     5.99986187915
cellsize      0.041666667
NODATA_value  -9999
[rows 459 to 485 of 721, columns 183 to 243 of 625]
1.83459E-1 1.89714E-1 1.87788E-1 2.16665E-1 2.30245E-1 2.10547E-1 2.36201E-1 2.61183E-1 2.55534E-1 2.27564E-1 2.03893E-1 1.96099E-1 2.21047E-1 2.02825E-1 2.08626E-1 1.77319E-1 1.88905E-1 2.07646E-1 1.99209E-1 1.83397E-1 1.86534E-1 1.83317E-1 1.64114E-1 1.39915E-1 1.38467E-1 1.4055E-1 1.43978E-1 1.37718E-1 1.47519E-1 1.53711E-1 1.34074E-1 1.30596E-1 1.28675E-1 1.37662E-1 1.32246E-1 1.28655E-1 1.36211E-1 1.38875E-1 1.38875E-1 1.38992E-1 1.41288E-1 1.50755E-1 1.75546E-1 1.48798E-1 1.73241E-1 1.52478E-1 1.35927E-1 1.51989E-1 1.51576E-1 1.97642E-1 2.14443E-1 1.97715E-1 2.06069E-1 2.58616E-1 3.00679E-1 2.43332E-1 2.2696E-1 2.19854E-1 2.25156E-1 2.26251E-1 2.73298E-1
1.82215E-1 1.79975E-1 1.90836E-1 2.03936E-1 2.27459E-1 2.2589E-1 2.16227E-1 2.49899E-1 2.47302E-1 2.56103E-1 2.28E-1 1.92675E-1 2.02427E-1 1.93275E-1 1.96829E-1 1.78451E-1 1.8944E-1 1.96415E-1 1.96897E-1 2.14424E-1 1.68331E-1 1.68521E-1 1.70132E-1 1.49957E-1 1.4076E-1 1.4622E-1 1.61363E-1 1.62177E-1 1.6149E-1 1.57107E-1 1.50209E-1 1.45304E-1 1.43127E-1 1.35229E-1 1.29971E-1 1.29527E-1 1.35595E-1 1.3906E-1 1.45534E-1 1.4303E-1 1.49918E-1 1.42967E-1 1.589E-1 1.69958E-1 1.51333E-1 1.66958E-1 1.59265E-1 1.40874E-1 1.59877E-1 1.97903E-1 2.3386E-1 1.86229E-1 2.16648E-1 2.77413E-1 2.98044E-1 2.47189E-1 2.37724E-1 2.44741E-1 2.29526E-1 2.0896E-1 3.25369E-1
1.80324E-1 1.88002E-1 1.89959E-1 2.11753E-1 2.31195E-1 2.4489E-1 2.46811E-1 2.50553E-1 2.39289E-1 2.69826E-1 2.45854E-1 2.2285E-1 2.20279E-1 2.0148E-1 1.91159E-1 1.69867E-1 1.92553E-1 2.03471E-1 2.09496E-1 2.12706E-1 1.97706E-1 1.56522E-1 1.74091E-1 1.62106E-1 1.62253E-1 1.66479E-1 1.73713E-1 1.88675E-1 1.8311E-1 1.81249E-1 1.67744E-1 1.52569E-1 1.41205E-1 1.40112E-1 1.31904E-1 1.31453E-1 1.32577E-1 1.30344E-1 1.3901E-1 1.34511E-1 1.42577E-1 1.3892E-1 1.50316E-1 1.62794E-1 1.6713E-1 1.55213E-1 1.76595E-1 1.48045E-1 1.37121E-1 2.00946E-1 2.13226E-1 1.77967E-1 2.27913E-1 2.66688E-1 2.77746E-1 2.70547E-1 2.67163E-1 2.36621E-1 1.95122E-1 2.2352E-1 2.94462E-1
2.17425E-1 2.12704E-1 1.72523E-1 1.89694E-1 2.03621E-1 2.19324E-1 2.53378E-1 2.3868E-1 2.05594E-1 2.01379E-1 2.16616E-1 2.30565E-1 2.1012E-1 1.82273E-1 1.93217E-1 1.73566E-1 1.88696E-1 2.00924E-1 2.05398E-1 2.08768E-1 2.05087E-1 1.59141E-1 1.67449E-1 1.71649E-1 1.71437E-1 1.68556E-1 1.66197E-1 1.74404E-1 1.80774E-1 1.89805E-1 1.73272E-1 1.59216E-1 1.57179E-1 1.36055E-1 1.3576E-1 1.37884E-1 1.34365E-1 1.34851E-1 1.3042E-1 1.44759E-1 1.33865E-1 1.36231E-1 1.34747E-1 1.56888E-1 1.67987E-1 1.43717E-1 2.11112E-1 1.62067E-1 1.47281E-1 1.61263E-1 1.9073E-1 1.77282E-1 2.3911E-1 2.25734E-1 2.62765E-1 2.68433E-1 2.90778E-1 2.31165E-1 2.49141E-1 2.6177E-1 2.69843E-1
2.66162E-1 2.21895E-1 1.88857E-1 1.81717E-1 2.44065E-1 2.34437E-1 2.40746E-1 2.1996E-1 1.96086E-1 1.9072E-1 2.20751E-1 2.39381E-1 2.37259E-1 2.27553E-1 1.75627E-1 1.83175E-1 1.90335E-1 1.94722E-1 2.02899E-1 2.0767E-1 1.98115E-1 2.08886E-1 1.6521E-1 1.62782E-1 1.67388E-1 1.86639E-1 1.75811E-1 1.75265E-1 1.74717E-1 1.73295E-1 1.60969E-1 1.71736E-1 1.68307E-1 1.66624E-1 1.64674E-1 1.44767E-1 1.37102E-1 1.45427E-1 1.4574E-1 1.32305E-1 1.37664E-1 1.27548E-1 1.32667E-1 1.76404E-1 2.1075E-1 1.43917E-1 1.47167E-1 1.64361E-1 1.37898E-1 1.66807E-1 1.59818E-1 1.72553E-1 2.07663E-1 2.04122E-1 2.45254E-1 2.96669E-1 2.41663E-1 2.09595E-1 3.46676E-1 2.74605E-1 2.33412E-1
2.18744E-1 2.11872E-1 1.84629E-1 1.60119E-1 2.12336E-1 2.03427E-1 2.00191E-1 2.06488E-1 2.16935E-1 1.95597E-1 2.15437E-1 2.31568E-1 2.63228E-1 2.36791E-1 1.94783E-1 1.65219E-1 1.78513E-1 1.90377E-1 1.88911E-1 1.9116E-1 1.93793E-1 2.17629E-1 1.68365E-1 1.7484E-1 1.65657E-1 1.62856E-1 1.52164E-1 1.62994E-1 1.65381E-1 1.74168E-1 1.62821E-1 1.49819E-1 1.46856E-1 1.78498E-1 1.85068E-1 1.58736E-1 1.43886E-1 1.51386E-1 1.71697E-1 1.57483E-1 1.877E-1 1.92241E-1 1.77057E-1 1.40341E-1 1.60236E-1 1.48648E-1 1.42623E-1 1.41056E-1 1.41989E-1 1.56863E-1 1.79819E-1 2.09649E-1 1.85592E-1 2.04226E-1 2.13655E-1 3.03847E-1 2.19626E-1 2.63035E-1 3.92285E-1 2.57966E-1 2.32341E-1
1.8435E-1 2.12952E-1 1.92392E-1 1.74681E-1 1.89372E-1 2.10624E-1 2.3387E-1 2.43334E-1 2.15786E-1 1.98408E-1 2.12039E-1 2.17207E-1 2.54957E-1 2.63272E-1 2.11722E-1 1.98391E-1 1.63816E-1 1.56786E-1 1.92393E-1 1.87963E-1 1.87125E-1 1.96923E-1 2.13363E-1 1.79014E-1 1.84141E-1 1.91646E-1 1.56177E-1 1.56345E-1 1.57433E-1 1.65761E-1 1.5667E-1 1.42169E-1 1.41763E-1 1.40445E-1 1.85933E-1 1.95203E-1 1.58742E-1 1.72358E-1 1.51089E-1 1.45389E-1 2.35464E-1 1.95162E-1 1.65155E-1 1.14138E-1 1.41603E-1 1.2129E-1 1.36475E-1 1.72869E-1 1.61901E-1 1.76375E-1 2.14783E-1 2.01313E-1 1.97434E-1 1.99031E-1 1.98563E-1 2.38025E-1 2.72785E-1 3.65592E-1 3.75214E-1 2.16256E-1 2.16786E-1
1.71806E-1 1.9194E-1 1.86651E-1 1.92382E-1 1.89179E-1 1.93845E-1 2.12357E-1 2.12401E-1 2.02821E-1 2.18103E-1 2.28554E-1 2.50091E-1 2.47056E-1 2.42689E-1 2.1088E-1 2.06243E-1 1.89093E-1 1.76394E-1 1.68977E-1 1.79972E-1 2.15594E-1 1.83987E-1 2.18525E-1 2.05029E-1 1.7883E-1 2.08836E-1 1.79181E-1 1.71802E-1 1.65231E-1 1.65427E-1 1.76608E-1 1.6731E-1 1.72907E-1 1.30072E-1 1.32577E-1 1.8241E-1 1.62123E-1 1.99606E-1 2.03705E-1 1.67364E-1 1.95184E-1 1.4462E-1 1.31497E-1 1.2695E-1 1.41041E-1 1.55718E-1 1.94434E-1 1.81456E-1 1.72203E-1 1.9352E-1 1.67475E-1 2.27057E-1 2.06167E-1 1.84527E-1 2.40344E-1 2.29404E-1 3.35199E-1 3.67079E-1 3.27888E-1 2.2964E-1 2.3556E-1
1.89925E-1 1.79892E-1 1.86706E-1 1.87815E-1 1.91828E-1 1.97029E-1 1.98894E-1 2.07565E-1 2.34217E-1 2.41134E-1 2.31227E-1 2.21368E-1 2.35019E-1 1.94596E-1 1.86347E-1 2.02517E-1 1.94574E-1 1.81461E-1 1.60362E-1 1.63309E-1 1.93335E-1 1.9343E-1 1.87087E-1 1.87905E-1 1.68872E-1 1.86821E-1 2.12431E-1 1.83044E-1 1.42824E-1 1.42243E-1 1.54679E-1 2.65299E-1 2.48893E-1 2.12009E-1 1.52317E-1 1.31801E-1 1.32764E-1 1.71735E-1 1.29783E-1 1.61813E-1 1.71721E-1 1.69231E-1 1.58037E-1 2.05903E-1 1.74886E-1 1.43884E-1 1.84172E-1 1.90799E-1 1.81117E-1 2.09509E-1 1.71173E-1 2.27061E-1 2.01775E-1 2.44381E-1 2.4243E-1 2.23509E-1 2.92696E-1 3.86602E-1 2.56501E-1 2.60191E-1 2.93199E-1
1.92516E-1 1.89154E-1 1.8789E-1 1.85457E-1 1.88624E-1 2.05044E-1 1.87792E-1 2.05383E-1 2.26762E-1 2.32927E-1 2.43491E-1 2.53539E-1 2.55209E-1 2.00791E-1 1.66021E-1 1.72261E-1 1.83484E-1 1.73704E-1 1.76584E-1 1.56237E-1 1.73933E-1 1.88247E-1 1.67955E-1 1.67761E-1 1.83133E-1 1.7757E-1 1.93271E-1 1.68129E-1 1.66533E-1 1.8193E-1 1.52759E-1 1.53558E-1 2.5672E-1 2.1133E-1 1.76708E-1 1.48841E-1 1.32186E-1 1.69585E-1 1.28331E-1 2.37979E-1 2.15727E-1 1.98498E-1 1.57472E-1 1.89528E-1 1.80414E-1 1.64271E-1 1.7757E-1 2.05965E-1 1.92041E-1 2.10727E-1 1.89557E-1 2.19216E-1 2.11985E-1 2.63169E-1 2.14592E-1 2.69379E-1 3.80561E-1 3.71415E-1 2.6738E-1 2.89465E-1 2.82597E-1
1.91267E-1 1.68905E-1 1.93646E-1 1.9324E-1 1.86209E-1 1.98886E-1 1.78758E-1 1.88053E-1 2.03128E-1 2.25037E-1 2.36915E-1 2.3371E-1 2.32652E-1 1.86622E-1 1.86953E-1 1.85547E-1 1.68722E-1 1.83505E-1 1.7328E-1 1.90037E-1 1.84872E-1 1.7651E-1 2.05303E-1 2.00969E-1 2.08629E-1 2.09537E-1 1.79544E-1 1.71942E-1 2.47516E-1 2.56565E-1 2.38455E-1 1.50637E-1 1.44438E-1 1.7397E-1 2.08115E-1 2.21529E-1 3.18031E-1 1.48662E-1 1.67886E-1 3.02331E-1 2.37942E-1 2.1093E-1 1.82124E-1 1.84399E-1 2.12896E-1 2.00999E-1 2.2178E-1 2.0365E-1 1.93869E-1 2.08976E-1 1.98901E-1 2.2416E-1 2.42832E-1 2.28878E-1 2.23392E-1 3.15148E-1 3.72809E-1 3.21411E-1 2.9537E-1 2.8253E-1 2.98763E-1
1.71699E-1 2.02454E-1 1.95935E-1 1.8986E-1 1.83832E-1 1.9764E-1 1.79399E-1 1.90423E-1 1.97631E-1 2.14013E-1 2.07963E-1 1.99125E-1 2.15871E-1 2.01949E-1 2.02162E-1 1.86552E-1 1.97727E-1 2.0377E-1 1.72177E-1 1.83197E-1 1.93076E-1 1.91866E-1 2.26766E-1 2.04796E-1 2.23554E-1 2.06047E-1 1.76338E-1 2.32603E-1 2.85465E-1 2.7025E-1 2.22282E-1 1.83775E-1 1.79891E-1 1.88098E-1 1.42233E-1 2.12786E-1 2.66758E-1 2.1703E-1 1.45292E-1 2.71841E-1 2.65129E-1 2.17575E-1 2.27675E-1 2.08822E-1 2.14143E-1 2.1579E-1 2.30345E-1 2.1035E-1 2.01105E-1 2.1256E-1 2.32502E-1 2.76309E-1 2.43972E-1 2.39472E-1 2.56877E-1 3.50705E-1 4.66854E-1 3.58657E-1 2.91437E-1 2.79757E-1 3.25472E-1
1.53446E-1 1.75172E-1 1.84638E-1 1.89492E-1 1.79982E-1 1.84731E-1 1.83698E-1 1.91468E-1 2.01035E-1 2.13725E-1 2.07517E-1 2.08522E-1 2.22516E-1 2.06985E-1 2.08667E-1 1.95764E-1 2.09329E-1 1.9154E-1 1.82696E-1 1.85085E-1 2.12202E-1 2.01188E-1 2.16805E-1 2.26264E-1 2.15893E-1 1.99524E-1 2.32217E-1 2.65775E-1 2.46764E-1 2.10229E-1 1.91234E-1 1.91842E-1 2.10173E-1 2.12695E-1 2.31336E-1 1.79738E-1 1.4853E-1 2.16042E-1 1.69017E-1 2.43829E-1 2.1569E-1 2.29511E-1 2.34139E-1 2.23543E-1 2.03975E-1 2.31823E-1 2.35165E-1 2.9288E-1 3.88263E-1 3.89686E-1 2.42299E-1 3.75422E-1 2.79481E-1 2.72084E-1 2.77258E-1 3.7361E-1 3.30723E-1 3.2474E-1 3.11988E-1 3.00373E-1 3.07663E-1
1.71243E-1 1.61642E-1 1.70263E-1 1.84808E-1 1.79482E-1 1.6989E-1 1.92317E-1 1.94798E-1 2.00238E-1 2.20223E-1 2.26661E-1 2.20439E-1 2.21693E-1 1.82457E-1 1.85277E-1 1.80026E-1 1.69579E-1 1.8613E-1 1.70527E-1 2.01727E-1 2.15314E-1 2.20517E-1 1.9935E-1 2.35056E-1 2.08579E-1 2.4489E-1 2.79378E-1 2.62056E-1 2.60727E-1 2.37683E-1 2.07864E-1 2.09395E-1 1.95899E-1 2.03894E-1 2.2211E-1 2.67806E-1 2.23713E-1 2.44886E-1 6.33434E-2 1.93582E-1 2.44042E-1 2.64384E-1 2.51907E-1 2.326E-1 2.29701E-1 2.64452E-1 3.17303E-1 3.94259E-1 2.50358E-1 2.70339E-1 2.01453E-1 2.85426E-1 3.72658E-1 3.46231E-1 2.99812E-1 3.1993E-1 3.09684E-1 3.21521E-1 3.27495E-1 3.58728E-1 3.30619E-1
2.01378E-1 1.73724E-1 1.65474E-1 1.5789E-1 1.82607E-1 1.895E-1 1.74033E-1 1.98619E-1 2.12632E-1 2.15618E-1 2.16829E-1 2.00864E-1 2.11518E-1 1.61957E-1 1.53035E-1 1.66626E-1 1.93126E-1 2.0272E-1 1.6703E-1 1.87377E-1 2.06364E-1 2.3836E-1 2.20188E-1 2.24335E-1 2.28717E-1 2.63564E-1 2.88493E-1 2.67518E-1 2.08355E-1 1.81027E-1 1.78592E-1 2.28835E-1 1.86071E-1 2.08848E-1 2.27133E-1 2.49631E-1 2.33451E-1 3.39407E-1 2.10519E-1 1.85292E-1 2.04895E-1 2.60766E-1 2.98857E-1 3.89561E-1 4.21011E-1 4.46145E-1 2.63709E-1 2.54528E-1 2.77336E-1 2.48955E-1 3.12695E-1 3.51742E-1 2.88216E-1 2.7214E-1 2.85201E-1 3.01439E-1 3.15501E-1 3.27431E-1 3.25742E-1 3.53486E-1 3.30116E-1
2.23244E-1 1.87152E-1 1.72511E-1 1.67932E-1 1.46528E-1 1.66166E-1 1.80844E-1 1.96226E-1 1.96338E-1 1.83189E-1 1.83531E-1 2.08414E-1 2.20007E-1 1.89522E-1 1.48678E-1 1.6166E-1 1.9897E-1 1.88386E-1 1.87202E-1 1.76558E-1 2.17526E-1 2.10668E-1 2.39318E-1 2.54894E-1 2.39887E-1 2.89225E-1 3.30018E-1 2.99914E-1 2.39631E-1 2.1221E-1 2.04554E-1 1.86429E-1 1.80644E-1 1.82985E-1 2.04717E-1 2.00518E-1 2.20421E-1 2.44171E-1 1.99796E-1 3.08449E-1 2.5766E-1 3.37049E-1 4.63306E-1 3.39636E-1 4.27952E-1 3.50242E-1 1.02869E-1 2.47548E-1 3.16916E-1 3.81259E-1 3.93107E-1 2.99228E-1 3.18696E-1 2.77381E-1 2.72688E-1 2.97754E-1 3.07742E-1 3.21036E-1 3.19343E-1 3.54234E-1 3.23817E-1
2.03926E-1 1.68197E-1 1.68819E-1 1.72121E-1 1.67931E-1 1.4665E-1 1.45998E-1 1.86223E-1 1.80886E-1 1.7639E-1 1.96874E-1 2.08331E-1 2.11191E-1 1.81859E-1 1.85588E-1 1.98232E-1 1.61613E-1 1.84064E-1 1.71389E-1 1.86705E-1 2.2074E-1 2.15044E-1 2.36196E-1 2.63418E-1 2.86979E-1 3.23623E-1 3.06201E-1 2.51866E-1 2.86823E-1 2.49294E-1 2.4511E-1 2.10869E-1 1.94972E-1 2.1868E-1 1.87621E-1 7.45182E-2 1.84563E-1 1.77504E-1 2.86902E-1 3.69707E-1 3.737E-1 4.54851E-1 4.03032E-1 2.55775E-1 4.05735E-1 2.93022E-1 2.13381E-1 3.43117E-1 3.56246E-1 4.80825E-1 3.61007E-1 2.52312E-1 2.87195E-1 2.63552E-1 2.69923E-1 2.72284E-1 3.16042E-1 3.40191E-1 3.41836E-1 3.5435E-1 3.45446E-1
1.81509E-1 1.69717E-1 1.59013E-1 1.97644E-1 1.69067E-1 1.73875E-1 1.42341E-1 1.4493E-1 1.72839E-1 2.04591E-1 2.08245E-1 1.97223E-1 1.96397E-1 1.78456E-1 2.00967E-1 1.59544E-1 1.84807E-1 1.7184E-1 1.69762E-1 1.91267E-1 2.4081E-1 2.71003E-1 2.6596E-1 2.78336E-1 3.21357E-1 2.71158E-1 2.23165E-1 1.87011E-1 2.42695E-1 2.79119E-1 1.89631E-1 2.76724E-1 3.16201E-1 3.12524E-1 3.00489E-1 2.67314E-1 2.66811E-1 2.22231E-1 3.95972E-1 3.54529E-1 3.25383E-1 3.22824E-1 3.30746E-1 2.74681E-1 3.45017E-1 2.78907E-1 2.38231E-1 3.9145E-1 3.42094E-1 3.38461E-1 3.38976E-1 2.95039E-1 2.27811E-1 2.99716E-1 2.6558E-1 3.19872E-1 2.89986E-1 3.35923E-1 3.62156E-1 3.49047E-1 3.9953E-1
1.81067E-1 1.80263E-1 1.76857E-1 1.71663E-1 1.6956E-1 1.55554E-1 1.44962E-1 1.38328E-1 1.71999E-1 1.92605E-1 1.98671E-1 2.02865E-1 2.07989E-1 1.74467E-1 2.044E-1 1.69275E-1 1.84179E-1 2.0176E-1 1.68469E-1 1.89531E-1 2.39377E-1 2.71534E-1 3.04984E-1 2.56074E-1 2.52105E-1 3.09477E-1 2.15307E-1 2.09474E-1 2.00702E-1 2.09427E-1 2.66533E-1 2.91196E-1 3.93252E-1 2.94433E-1 2.50095E-1 3.34119E-1 4.37955E-1 3.37208E-1 4.56236E-1 3.25214E-1 2.94652E-1 3.24196E-1 3.01007E-1 3.12257E-1 3.53495E-1 2.44185E-1 3.10028E-1 3.26671E-1 3.23826E-1 3.24026E-1 3.74488E-1 2.57793E-1 2.39075E-1 3.03807E-1 2.80978E-1 2.83463E-1 3.16373E-1 3.8713E-1 3.93689E-1 3.64541E-1 3.62606E-1
1.59909E-1 2.05056E-1 1.90469E-1 1.8119E-1 1.76876E-1 1.65514E-1 1.57342E-1 1.42256E-1 1.46553E-1 1.71848E-1 2.04477E-1 2.31746E-1 2.25005E-1 1.76716E-1 1.86285E-1 1.99702E-1 2.29725E-1 2.28157E-1 1.74786E-1 2.44357E-1 2.42609E-1 3.01912E-1 3.21971E-1 2.32724E-1 1.69583E-1 2.60652E-1 3.08267E-1 3.30252E-1 2.4786E-1 2.48018E-1 2.08766E-1 2.82409E-1 3.34549E-1 3.95299E-1 4.98098E-1 4.44429E-1 3.76578E-1 3.87236E-1 3.66343E-1 3.25153E-1 3.00036E-1 3.11381E-1 3.19834E-1 3.8551E-1 3.6573E-1 2.78982E-1 3.10454E-1 3.69625E-1 2.87373E-1 3.66469E-1 3.274E-1 2.81657E-1 2.35348E-1 2.98282E-1 3.14595E-1 2.94286E-1 3.11857E-1 3.18704E-1 3.42337E-1 4.25424E-1 4.01329E-1
1.66176E-1 2.02741E-1 2.02813E-1 1.92142E-1 1.8922E-1 1.79733E-1 1.77319E-1 1.7012E-1 1.65868E-1 1.52447E-1 2.07654E-1 2.03263E-1 2.03795E-1 1.81055E-1 1.76517E-1 1.97092E-1 2.34638E-1 2.37959E-1 2.33775E-1 1.98797E-1 2.64324E-1 2.44757E-1 2.54599E-1 2.50749E-1 1.70864E-1 2.42876E-1 3.01116E-1 2.78055E-1 2.11372E-1 2.51335E-1 2.98725E-1 3.31097E-1 4.14052E-1 4.63372E-1 5.47623E-1 4.20451E-1 3.39249E-1 3.60244E-1 1.43029E-1 3.06687E-1 3.33365E-1 3.08445E-1 3.26578E-1 3.69516E-1 2.94518E-1 2.80785E-1 2.7822E-1 3.57423E-1 3.01352E-1 2.5981E-1 3.03049E-1 2.75869E-1 2.52421E-1 3.06695E-1 3.40051E-1 3.23929E-1 3.65254E-1 3.90651E-1 3.40292E-1 4.11587E-1 4.13636E-1
1.87309E-1 1.88717E-1 1.91293E-1 1.93749E-1 2.19801E-1 1.98266E-1 1.91352E-1 1.88163E-1 1.69196E-1 1.7201E-1 1.68498E-1 1.93714E-1 2.34438E-1 2.19371E-1 1.77637E-1 1.89698E-1 1.96472E-1 2.26969E-1 2.61026E-1 2.34673E-1 2.97615E-1 2.81701E-1 2.2922E-1 3.05704E-1 2.35826E-1 2.1798E-1 2.58896E-1 2.36658E-1 2.57632E-1 3.24007E-1 3.30586E-1 4.18557E-1 4.37487E-1 3.85882E-1 3.14264E-1 3.78991E-1 3.5424E-1 3.52741E-1 3.28324E-1 3.47919E-1 3.36955E-1 2.95511E-1 3.22589E-1 3.84348E-1 2.83297E-1 2.72722E-1 2.74251E-1 2.92474E-1 2.67175E-1 2.74547E-1 2.57214E-1 2.5946E-1 2.47216E-1 2.83749E-1 3.07651E-1 3.7992E-1 3.31089E-1 3.34303E-1 3.49159E-1 3.56556E-1 3.96089E-1
2.17136E-1 1.82599E-1 2.18534E-1 2.00846E-1 2.02752E-1 1.84111E-1 2.05962E-1 2.06438E-1 2.1996E-1 2.08585E-1 1.90458E-1 2.04003E-1 2.10265E-1 2.13761E-1 1.84533E-1 2.00207E-1 2.12621E-1 2.20137E-1 2.2267E-1 2.44626E-1 2.37389E-1 2.46071E-1 2.45541E-1 2.81822E-1 2.92532E-1 2.99147E-1 3.13182E-1 3.60092E-1 3.39967E-1 3.38542E-1 4.00592E-1 4.11407E-1 3.03718E-1 3.43932E-1 3.4573E-1 3.45279E-1 4.3136E-1 4.0545E-1 1.49435E-1 3.86326E-1 3.3182E-1 3.30794E-1 3.16827E-1 3.20117E-1 2.82961E-1 2.71491E-1 3.38457E-1 2.85963E-1 2.52545E-1 2.69483E-1 2.76503E-1 2.62369E-1 2.75724E-1 2.48022E-1 3.23838E-1 3.7837E-1 3.5364E-1 3.28168E-1 3.52452E-1 3.68652E-1 3.92661E-1
2.11271E-1 1.76344E-1 1.86527E-1 2.10367E-1 2.01727E-1 1.9475E-1 1.95192E-1 2.14643E-1 2.34969E-1 2.45557E-1 2.52394E-1 2.44833E-1 2.05737E-1 1.81287E-1 1.89898E-1 2.55531E-1 2.38376E-1 2.17813E-1 2.25049E-1 2.38173E-1 2.4283E-1 2.45041E-1 2.47112E-1 2.45071E-1 2.67771E-1 3.41139E-1 3.549E-1 3.21918E-1 3.36927E-1 3.7297E-1 4.18732E-1 3.10367E-1 2.87101E-1 2.69676E-1 1.21932E-1 1.26409E-1 3.33721E-1 3.81762E-1 3.53839E-1 3.23361E-1 3.30374E-1 3.45775E-1 2.85884E-1 2.98504E-1 2.91668E-1 3.42945E-1 3.89189E-1 2.60234E-1 2.75143E-1 2.96101E-1 2.80557E-1 2.85584E-1 2.76164E-1 2.62249E-1 3.0127E-1 3.73469E-1 3.28324E-1 3.73233E-1 3.29584E-1 3.17532E-1 3.29636E-1
1.81853E-1 1.84952E-1 1.97443E-1 1.92472E-1 1.89099E-1 1.96001E-1 1.95726E-1 1.96706E-1 2.09128E-1 2.37061E-1 2.54607E-1 2.32179E-1 2.10602E-1 1.93802E-1 2.43586E-1 2.64819E-1 2.49339E-1 2.67964E-1 2.37583E-1 2.50756E-1 2.73927E-1 2.70371E-1 2.64555E-1 2.66401E-1 2.69637E-1 2.74658E-1 2.93061E-1 3.32784E-1 3.31449E-1 4.35644E-1 3.21138E-1 2.5394E-1 2.47362E-1 3.41709E-1 1.32377E-1 1.23843E-1 3.13943E-1 3.61434E-1 3.57753E-1 3.48237E-1 3.20628E-1 3.11561E-1 2.94652E-1 3.56187E-1 4.22292E-1 3.92122E-1 2.96005E-1 2.92853E-1 2.94056E-1 3.52475E-1 3.11185E-1 2.83212E-1 2.77633E-1 2.53849E-1 2.55205E-1 3.16808E-1 3.22E-1 4.09557E-1 3.48927E-1 3.35728E-1 2.95976E-1
2.33289E-1 2.0146E-1 2.2211E-1 2.18596E-1 2.15776E-1 2.17424E-1 2.30683E-1 2.31211E-1 2.10563E-1 2.01864E-1 2.33561E-1 2.4097E-1 2.56036E-1 2.56741E-1 2.7313E-1 2.86756E-1 2.68572E-1 2.65809E-1 2.61511E-1 2.67545E-1 2.768E-1 2.73374E-1 2.85504E-1 2.69758E-1 2.69054E-1 2.65272E-1 2.90342E-1 2.83487E-1 3.65778E-1 3.74838E-1 2.63128E-1 2.49767E-1 4.24397E-1 5.90301E-1 4.27687E-1 3.39571E-1 3.65041E-1 3.82501E-1 3.59901E-1 3.55649E-1 3.13726E-1 3.09964E-1 3.37386E-1 3.87184E-1 4.05672E-1 3.18462E-1 2.80897E-1 3.49144E-1 3.65022E-1 3.19172E-1 3.00706E-1 2.87209E-1 2.97078E-1 3.14845E-1 2.87394E-1 2.56929E-1 3.21107E-1 3.54662E-1 3.31203E-1 3.19178E-1 3.2446E-1
2.37205E-1 2.37077E-1 2.69948E-1 2.23118E-1 2.26171E-1 2.63118E-1 2.4959E-1 2.30475E-1 2.41799E-1 2.24212E-1 2.27217E-1 2.43426E-1 3.23471E-1 2.71047E-1 2.55999E-1 3.00456E-1 2.83648E-1 2.80209E-1 2.6297E-1 3.06526E-1 2.7964E-1 2.92586E-1 2.84845E-1 2.82525E-1 2.54635E-1 2.86162E-1 3.275E-1 3.60228E-1 4.24304E-1 3.1688E-1 2.52532E-1 4.12976E-1 4.11749E-1 6.29556E-1 4.14128E-1 1.60615E-1 1.68799E-1 1.76757E-1 1.52192E-1 3.3426E-1 3.18775E-1 3.2588E-1 3.7016E-1 4.05996E-1 3.67703E-1 3.02491E-1 2.85862E-1 3.31644E-1 3.63375E-1 3.75782E-1 2.97744E-1 2.90614E-1 2.74456E-1 2.80529E-1 3.02335E-1 2.5694E-1 3.05692E-1 3.42083E-1 3.12203E-1 2.79393E-1 2.94784E-1
