Artocarpus heterophyllus SDM files/MIS19/results (without bias file)/Arthet_5.asc
ncols         625
nrows         721
xllcorner     69.99986311115
yllcorner     5.99986187915
cellsize      0.041666667
NODATA_value  -9999
[rows 405 to 431 of 721, columns 61 to 121 of 625]
-9999 -9999 -9999 -9999 -9999 4.9909E-1 5.12681E-1 6.01408E-1 6.72547E-1 5.50186E-1 6.12327E-1 7.93558E-1 6.32771E-1 7.17857E-1 8.33941E-1 7.81398E-1 6.60145E-1 7.2435E-1 9.53129E-1 9.59185E-1 9.86786E-1 9.31923E-1 8.51479E-1 9.34352E-1 7.13928E-1 5.21765E-1 5.77424E-1 4.00704E-1 3.71016E-1 3.49468E-1 2.7058E-1 2.09583E-1 2.0107E-1 1.85105E-1 1.73768E-1 1.46774E-1 1.05541E-1 1.05364E-1 1.09858E-1 1.36557E-1 1.35012E-1 9.9099E-2 8.21552E-2 8.80744E-2 6.4184E-2 6.8074E-2 5.81098E-2 5.33463E-2 5.14357E-2 4.44422E-2 4.35674E-2 4.02361E-2 3.77874E-2 4.8126E-2 5.88238E-2 8.39078E-2 7.8905E-2 5.75298E-2 3.57075E-2 3.85899E-2 4.5712E-2
-9999 -9999 -9999 -9999 -9999 -9999 5.38487E-1 5.76873E-1 6.41482E-1 5.72215E-1 6.51903E-1 8.09715E-1 7.1497E-1 6.9763E-1 8.83621E-1 7.85904E-1 8.5932E-1 6.70206E-1 8.49488E-1 8.69106E-1 9.57035E-1 9.65885E-1 8.78985E-1 9.26368E-1 6.89924E-1 4.60928E-1 4.16961E-1 3.55564E-1 2.7209E-1 2.73216E-1 2.5069E-1 2.4039E-1 2.10706E-1 2.08108E-1 1.56846E-1 1.55829E-1 1.16812E-1 9.09038E-2 9.00471E-2 1.01036E-1 9.54725E-2 1.07529E-1 1.21004E-1 9.7496E-2 8.84302E-2 8.09427E-2 5.86765E-2 5.17203E-2 4.86365E-2 4.87279E-2 4.80861E-2 3.65705E-2 3.26559E-2 4.43543E-2 5.80502E-2 6.5021E-2 5.66635E-2 5.81553E-2 6.50361E-2 5.73119E-2 5.6869E-2
-9999 -9999 -9999 -9999 -9999 -9999 5.34069E-1 5.34914E-1 5.80006E-1 5.49148E-1 6.20338E-1 7.98776E-1 7.56156E-1 7.53267E-1 8.95252E-1 9.09547E-1 8.097E-1 7.48003E-1 7.92174E-1 9.04807E-1 9.4846E-1 9.76586E-1 9.34041E-1 9.35468E-1 7.47346E-1 6.19222E-1 6.74781E-1 5.08824E-1 3.6267E-1 2.5509E-1 2.22535E-1 2.11365E-1 1.91332E-1 1.81814E-1 1.99863E-1 1.38795E-1 1.19283E-1 1.40955E-1 7.07647E-2 8.18374E-2 7.88377E-2 8.00787E-2 8.67649E-2 7.0922E-2 1.00383E-1 8.49397E-2 6.62585E-2 4.70955E-2 5.05942E-2 5.49789E-2 4.40822E-2 4.11124E-2 2.98423E-2 3.63908E-2 4.84956E-2 5.73773E-2 5.22955E-2 5.59583E-2 7.14925E-2 5.68069E-2 7.45296E-2
-9999 -9999 -9999 -9999 -9999 -9999 5.21121E-1 5.32815E-1 6.2289E-1 5.81235E-1 6.23686E-1 7.712E-1 7.81406E-1 8.236E-1 8.8806E-1 9.18514E-1 7.80043E-1 7.67874E-1 7.75911E-1 8.26508E-1 9.62572E-1 9.71856E-1 9.61174E-1 9.03933E-1 9.11355E-1 6.23828E-1 4.4695E-1 3.93427E-1 3.77181E-1 3.36264E-1 2.87835E-1 2.57628E-1 2.03142E-1 1.7275E-1 1.30032E-1 1.56129E-1 1.10537E-1 1.25753E-1 8.37276E-2 7.3922E-2 7.42846E-2 7.16404E-2 6.19233E-2 6.4225E-2 9.17466E-2 6.93638E-2 5.68036E-2 6.7226E-2 6.05895E-2 5.87932E-2 5.09221E-2 3.80905E-2 3.47259E-2 3.13703E-2 4.15982E-2 5.36619E-2 5.33711E-2 5.38399E-2 5.82373E-2 4.77186E-2 5.13737E-2
-9999 -9999 -9999 -9999 -9999 -9999 5.19823E-1 5.11122E-1 5.90493E-1 6.28693E-1 6.48343E-1 7.35293E-1 7.77945E-1 7.83971E-1 7.6938E-1 8.9896E-1 8.00317E-1 7.92546E-1 7.53271E-1 8.53946E-1 9.77478E-1 9.8892E-1 9.67603E-1 9.29209E-1 6.93609E-1 6.54003E-1 4.66339E-1 3.41005E-1 2.89181E-1 2.4677E-1 2.6639E-1 3.26868E-1 2.89825E-1 1.79248E-1 1.31186E-1 1.17269E-1 1.07259E-1 9.15586E-2 7.78116E-2 8.53324E-2 6.49853E-2 6.79797E-2 7.01558E-2 6.25219E-2 6.00533E-2 8.29681E-2 5.39095E-2 4.78308E-2 5.6733E-2 5.82188E-2 4.87468E-2 3.77746E-2 3.86392E-2 3.22664E-2 3.39012E-2 4.64001E-2 5.6651E-2 4.60977E-2 5.52377E-2 4.3107E-2 4.66431E-2
-9999 -9999 -9999 -9999 -9999 4.96035E-1 5.28107E-1 5.12235E-1 5.67146E-1 6.52524E-1 6.56938E-1 7.78938E-1 8.88747E-1 8.60025E-1 7.50605E-1 8.82316E-1 8.11799E-1 8.02826E-1 9.0414E-1 9.15453E-1 9.93176E-1 9.61607E-1 7.52673E-1 8.39908E-1 7.07523E-1 5.76641E-1 6.47786E-1 4.6241E-1 3.50393E-1 2.7669E-1 2.21534E-1 2.36067E-1 2.63694E-1 2.43383E-1 2.06826E-1 1.93741E-1 1.28991E-1 1.02141E-1 8.1737E-2 6.48485E-2 7.4784E-2 5.71484E-2 6.52404E-2 6.75866E-2 5.51999E-2 6.75409E-2 6.18945E-2 4.44834E-2 3.66619E-2 5.4367E-2 4.32448E-2 4.68791E-2 3.43532E-2 3.71499E-2 3.22817E-2 3.68362E-2 4.64111E-2 4.93372E-2 4.3068E-2 4.1839E-2 3.59936E-2
-9999 -9999 -9999 -9999 -9999 -9999 5.11023E-1 5.0846E-1 6.4242E-1 6.16423E-1 6.27707E-1 7.18502E-1 8.6699E-1 7.69961E-1 8.03014E-1 8.43403E-1 9.11055E-1 8.52545E-1 9.65434E-1 9.66373E-1 8.27459E-1 8.10119E-1 8.71678E-1 7.5297E-1 7.01042E-1 7.26594E-1 4.9047E-1 5.0895E-1 4.0873E-1 3.13029E-1 2.45117E-1 2.06789E-1 2.22314E-1 2.52008E-1 2.36039E-1 2.26887E-1 1.3545E-1 9.66349E-2 8.96356E-2 7.23551E-2 6.40435E-2 5.93017E-2 5.43366E-2 6.36279E-2 6.40382E-2 4.99419E-2 6.32642E-2 4.934E-2 3.97208E-2 4.17248E-2 5.02503E-2 5.38375E-2 3.70869E-2 3.65849E-2 3.60969E-2 3.44402E-2 3.81794E-2 4.93334E-2 4.2974E-2 3.85199E-2 3.90429E-2
-9999 -9999 -9999 -9999 -9999 -9999 -9999 -9999 5.89689E-1 6.74477E-1 6.44584E-1 7.82561E-1 8.88797E-1 8.89687E-1 8.80869E-1 9.04838E-1 7.91421E-1 8.94588E-1 7.59172E-1 9.73549E-1 9.57286E-1 7.91891E-1 8.68423E-1 8.14384E-1 6.92259E-1 6.40709E-1 6.70849E-1 4.37706E-1 3.6746E-1 3.0068E-1 2.67514E-1 2.32201E-1 1.85489E-1 2.37823E-1 2.51148E-1 1.71573E-1 1.37933E-1 1.27185E-1 1.2686E-1 9.42253E-2 6.30233E-2 5.25413E-2 5.16527E-2 5.06941E-2 4.72095E-2 5.1379E-2 4.72684E-2 5.51243E-2 3.48917E-2 3.75271E-2 4.30761E-2 5.25168E-2 4.29047E-2 3.72134E-2 3.75255E-2 3.5233E-2 2.86752E-2 3.51763E-2 4.63415E-2 3.80614E-2 3.88796E-2
-9999 -9999 -9999 -9999 -9999 -9999 -9999 5.65059E-1 5.71553E-1 5.77544E-1 6.40775E-1 7.00982E-1 7.9145E-1 7.6179E-1 7.22199E-1 8.26086E-1 7.82795E-1 8.44173E-1 9.56467E-1 9.37703E-1 8.2996E-1 7.25789E-1 8.18277E-1 8.14338E-1 8.6049E-1 6.57727E-1 6.16684E-1 5.65303E-1 3.78433E-1 3.21084E-1 2.75937E-1 2.43983E-1 1.95394E-1 2.02127E-1 2.43533E-1 1.6226E-1 1.32647E-1 1.16367E-1 9.93621E-2 8.92653E-2 8.04646E-2 6.19339E-2 6.5212E-2 5.20014E-2 3.74688E-2 4.49842E-2 4.57484E-2 5.66036E-2 3.87416E-2 3.38607E-2 3.83372E-2 4.2125E-2 5.16515E-2 4.20385E-2 3.51853E-2 3.56043E-2 3.28106E-2 3.56928E-2 3.62309E-2 4.7057E-2 3.87297E-2
-9999 -9999 -9999 -9999 -9999 -9999 -9999 5.72458E-1 6.71789E-1 5.71392E-1 5.56595E-1 6.60477E-1 7.75505E-1 7.56263E-1 7.69101E-1 8.92776E-1 8.62312E-1 8.85502E-1 9.70746E-1 8.00328E-1 8.24925E-1 7.82644E-1 8.56022E-1 8.41662E-1 7.09761E-1 5.87684E-1 5.09573E-1 4.81227E-1 3.89563E-1 3.48867E-1 3.16036E-1 2.52245E-1 2.13051E-1 1.79461E-1 2.23486E-1 2.04625E-1 1.10201E-1 9.68123E-2 9.41075E-2 7.20519E-2 8.12124E-2 8.31991E-2 6.67961E-2 6.39706E-2 4.11828E-2 4.37328E-2 4.42288E-2 4.63777E-2 4.61791E-2 3.04187E-2 3.70247E-2 4.19254E-2 4.50888E-2 4.44295E-2 4.00414E-2 3.50835E-2 3.51404E-2 3.58369E-2 3.91889E-2 3.66113E-2 4.09631E-2
-9999 -9999 -9999 -9999 -9999 -9999 -9999 5.72382E-1 6.79024E-1 6.09827E-1 5.53244E-1 6.35372E-1 7.49324E-1 8.79341E-1 8.31456E-1 8.5604E-1 7.21996E-1 8.14853E-1 8.7234E-1 8.16033E-1 8.09939E-1 8.81622E-1 8.5617E-1 8.7146E-1 7.67123E-1 7.81349E-1 5.65801E-1 4.32069E-1 3.62967E-1 2.92964E-1 2.93867E-1 2.94562E-1 2.75322E-1 1.98482E-1 1.61607E-1 1.63011E-1 1.38997E-1 9.9107E-2 8.17225E-2 7.44307E-2 6.13636E-2 8.03322E-2 5.58859E-2 6.06705E-2 5.01007E-2 3.79928E-2 3.54484E-2 4.4383E-2 3.64868E-2 3.59137E-2 4.39252E-2 3.99237E-2 3.55582E-2 3.26162E-2 4.3618E-2 4.61495E-2 3.77889E-2 3.88569E-2 3.47643E-2 3.52725E-2 3.6685E-2
-9999 -9999 -9999 -9999 -9999 -9999 5.14636E-1 5.88037E-1 7.14193E-1 6.92454E-1 5.15447E-1 5.91903E-1 8.29923E-1 7.76368E-1 6.63084E-1 7.88542E-1 7.92534E-1 7.69724E-1 9.52402E-1 9.51966E-1 8.25202E-1 8.81277E-1 9.19986E-1 7.4039E-1 7.48841E-1 6.07907E-1 4.95146E-1 4.36021E-1 3.54699E-1 3.30599E-1 2.61357E-1 2.42088E-1 2.33108E-1 2.3671E-1 1.5242E-1 1.3354E-1 1.39775E-1 1.13311E-1 7.71875E-2 7.94208E-2 5.29403E-2 5.76017E-2 6.54784E-2 5.21868E-2 5.15236E-2 4.33365E-2 3.44612E-2 3.49785E-2 3.77176E-2 3.58417E-2 3.85926E-2 3.64871E-2 3.52579E-2 3.20632E-2 3.42682E-2 4.42162E-2 4.86208E-2 3.61241E-2 3.7103E-2 3.79176E-2 3.75395E-2
-9999 -9999 -9999 -9999 -9999 -9999 -9999 5.80972E-1 6.62815E-1 8.02869E-1 7.0688E-1 6.98325E-1 6.23229E-1 8.27112E-1 7.91541E-1 7.66807E-1 7.55367E-1 6.65558E-1 9.77326E-1 7.80775E-1 7.88243E-1 8.8805E-1 8.17616E-1 8.9293E-1 7.52615E-1 5.0851E-1 4.23016E-1 3.4891E-1 3.24947E-1 3.12221E-1 2.8693E-1 2.69294E-1 2.34874E-1 2.0811E-1 1.66496E-1 1.57267E-1 1.04524E-1 1.01732E-1 8.14216E-2 6.95613E-2 5.61613E-2 5.53727E-2 5.65304E-2 5.35072E-2 4.70124E-2 4.5E-2 3.4263E-2 3.26736E-2 3.8283E-2 3.25324E-2 3.85288E-2 3.43596E-2 3.26837E-2 3.30467E-2 3.72906E-2 3.62168E-2 4.40651E-2 4.87214E-2 4.47162E-2 3.72279E-2 3.69648E-2
-9999 -9999 -9999 -9999 -9999 -9999 -9999 -9999 6.2407E-1 6.67007E-1 7.78071E-1 6.76252E-1 6.30792E-1 6.59985E-1 8.53225E-1 7.65657E-1 6.97983E-1 7.56903E-1 9.29731E-1 7.44188E-1 7.29686E-1 7.44222E-1 7.77121E-1 8.40438E-1 8.78851E-1 7.00011E-1 5.6209E-1 3.92025E-1 3.22424E-1 2.70111E-1 2.50303E-1 2.46283E-1 2.6767E-1 2.28167E-1 1.92603E-1 1.73777E-1 1.22643E-1 8.90501E-2 7.76566E-2 7.22183E-2 6.62513E-2 5.83976E-2 4.59512E-2 4.96633E-2 4.1119E-2 4.34596E-2 4.24692E-2 3.40212E-2 3.49729E-2 3.63136E-2 3.83293E-2 3.43476E-2 3.20298E-2 3.50019E-2 3.6659E-2 3.64221E-2 4.43061E-2 4.54486E-2 4.39704E-2 4.72649E-2 4.99531E-2
-9999 -9999 -9999 -9999 -9999 -9999 -9999 -9999 6.20738E-1 6.83541E-1 6.90853E-1 8.24475E-1 6.85242E-1 6.23672E-1 8.45459E-1 8.63014E-1 7.65881E-1 8.49229E-1 7.24224E-1 7.54249E-1 7.32014E-1 8.00979E-1 8.56505E-1 8.64044E-1 7.30952E-1 7.35034E-1 5.72569E-1 4.40463E-1 3.38555E-1 3.09054E-1 2.65812E-1 2.33125E-1 2.27378E-1 2.04855E-1 1.8056E-1 1.53812E-1 1.22466E-1 9.98682E-2 7.72622E-2 6.52492E-2 5.68718E-2 5.07345E-2 4.73549E-2 4.80144E-2 4.16751E-2 4.01074E-2 3.76863E-2 3.78799E-2 3.4517E-2 3.91883E-2 3.78927E-2 3.47829E-2 3.09569E-2 3.53027E-2 3.85099E-2 3.96725E-2 3.58133E-2 4.05267E-2 4.37594E-2 4.15958E-2 4.81883E-2
-9999 -9999 -9999 -9999 -9999 -9999 -9999 -9999 6.65153E-1 7.08948E-1 6.0317E-1 7.86372E-1 7.00593E-1 7.60083E-1 7.25641E-1 7.60013E-1 7.53345E-1 7.18638E-1 9.51781E-1 7.24453E-1 7.44025E-1 8.54119E-1 9.24196E-1 7.91647E-1 6.50438E-1 5.23769E-1 4.12542E-1 3.28299E-1 4.11657E-1 3.17742E-1 2.91746E-1 2.28708E-1 2.24131E-1 2.05084E-1 1.4748E-1 1.21087E-1 1.03866E-1 8.84624E-2 7.88981E-2 6.73097E-2 6.33676E-2 5.6859E-2 5.40586E-2 4.78425E-2 4.01671E-2 3.7845E-2 3.76008E-2 3.81172E-2 3.51968E-2 4.20265E-2 3.45383E-2 3.19774E-2 2.87864E-2 3.58982E-2 3.59363E-2 3.94028E-2 3.75207E-2 3.47641E-2 4.05846E-2 4.31008E-2 3.72062E-2
-9999 -9999 -9999 -9999 -9999 -9999 -9999 -9999 7.55487E-1 7.56013E-1 5.34515E-1 6.69216E-1 7.56747E-1 7.85818E-1 7.14424E-1 8.73485E-1 7.53147E-1 7.63143E-1 9.04285E-1 9.77959E-1 9.61707E-1 7.20557E-1 9.45369E-1 8.7203E-1 7.63795E-1 5.56012E-1 4.49034E-1 3.68133E-1 3.72407E-1 2.63668E-1 2.25503E-1 2.74523E-1 2.63091E-1 2.13824E-1 1.53927E-1 1.14923E-1 1.27806E-1 9.88949E-2 8.98308E-2 9.37013E-2 7.01273E-2 6.1618E-2 5.84114E-2 4.57773E-2 4.29677E-2 4.00513E-2 3.93722E-2 3.88506E-2 3.39974E-2 3.4642E-2 3.37277E-2 3.28326E-2 3.0234E-2 3.70293E-2 3.26341E-2 3.86928E-2 3.61929E-2 3.81727E-2 4.9154E-2 4.4355E-2 3.74753E-2
-9999 -9999 -9999 -9999 -9999 -9999 -9999 -9999 7.6093E-1 7.89136E-1 5.75239E-1 6.17734E-1 8.34799E-1 6.68313E-1 6.29861E-1 6.99131E-1 8.25139E-1 7.89624E-1 9.32342E-1 8.55775E-1 9.57212E-1 6.85682E-1 8.11239E-1 6.96294E-1 6.37672E-1 5.82421E-1 4.65429E-1 4.91738E-1 2.9559E-1 2.37696E-1 2.78001E-1 3.00399E-1 2.78764E-1 2.13707E-1 1.64145E-1 1.89481E-1 1.33486E-1 1.04459E-1 9.3321E-2 8.81974E-2 7.26447E-2 6.86658E-2 5.1946E-2 4.39895E-2 3.9835E-2 3.94143E-2 4.65715E-2 4.1559E-2 3.77232E-2 3.46258E-2 2.94109E-2 3.56845E-2 3.02413E-2 3.05321E-2 3.44247E-2 3.47206E-2 3.38635E-2 3.87263E-2 4.44922E-2 4.83554E-2 4.4781E-2
-9999 -9999 -9999 -9999 -9999 -9999 -9999 -9999 7.1877E-1 7.73221E-1 8.08809E-1 7.24058E-1 7.19526E-1 7.32736E-1 7.75153E-1 8.09302E-1 6.72975E-1 7.37628E-1 9.48204E-1 8.92037E-1 9.65203E-1 7.56276E-1 9.37903E-1 8.50212E-1 7.13005E-1 5.63006E-1 5.26355E-1 3.50018E-1 2.96596E-1 3.49789E-1 3.4379E-1 2.97624E-1 2.9124E-1 2.44496E-1 2.26243E-1 1.66977E-1 1.78611E-1 9.79322E-2 8.69138E-2 7.21449E-2 7.0432E-2 6.65784E-2 4.48889E-2 3.62886E-2 3.71172E-2 4.56755E-2 5.04018E-2 4.05645E-2 3.66578E-2 3.9922E-2 3.55368E-2 3.07846E-2 2.85839E-2 2.91437E-2 3.25002E-2 3.28724E-2 3.63422E-2 4.19904E-2 3.72773E-2 3.6824E-2 4.48348E-2
-9999 -9999 -9999 -9999 -9999 -9999 -9999 -9999 7.08224E-1 7.82527E-1 8.29358E-1 6.13362E-1 7.76801E-1 6.36183E-1 7.26894E-1 7.44863E-1 6.74245E-1 9.45793E-1 9.28578E-1 9.69394E-1 9.671E-1 7.09787E-1 7.93928E-1 7.68327E-1 6.49421E-1 5.46376E-1 4.96147E-1 3.69786E-1 3.67587E-1 3.74877E-1 2.56375E-1 2.01891E-1 2.91624E-1 2.15701E-1 1.77753E-1 1.28289E-1 1.09013E-1 9.02192E-2 7.27677E-2 6.04057E-2 5.89746E-2 5.30398E-2 4.43534E-2 4.45132E-2 4.4523E-2 4.86761E-2 4.25624E-2 3.78121E-2 3.40949E-2 3.17643E-2 3.53578E-2 3.42228E-2 3.39562E-2 3.04125E-2 2.85195E-2 3.34106E-2 3.9642E-2 3.56723E-2 3.68781E-2 3.75977E-2 3.55768E-2
-9999 -9999 -9999 -9999 -9999 -9999 -9999 -9999 -9999 7.06606E-1 8.08747E-1 6.89746E-1 7.2825E-1 8.27305E-1 8.50246E-1 8.66287E-1 6.51433E-1 9.51564E-1 9.45049E-1 9.37897E-1 6.31887E-1 6.24545E-1 8.11892E-1 8.8951E-1 7.92215E-1 5.37385E-1 4.89041E-1 4.0764E-1 4.33262E-1 3.56994E-1 3.01104E-1 1.99977E-1 2.37968E-1 2.72136E-1 2.41553E-1 1.67321E-1 1.12118E-1 8.07707E-2 6.72661E-2 5.35646E-2 5.08698E-2 4.56061E-2 4.21513E-2 4.02877E-2 3.7511E-2 4.4839E-2 4.10413E-2 3.63316E-2 3.27543E-2 3.47635E-2 3.76677E-2 3.30115E-2 3.02965E-2 3.01321E-2 2.576E-2 3.13878E-2 4.22962E-2 3.27073E-2 3.04616E-2 4.03002E-2 3.24458E-2
-9999 -9999 -9999 -9999 -9999 -9999 -9999 -9999 -9999 8.09027E-1 6.71116E-1 7.9629E-1 7.92924E-1 8.45132E-1 7.95163E-1 6.90645E-1 6.66566E-1 9.04572E-1 9.46139E-1 9.49678E-1 9.31613E-1 9.82734E-1 9.85822E-1 8.79072E-1 9.08122E-1 7.91881E-1 5.75305E-1 3.85683E-1 3.05925E-1 2.95446E-1 2.45708E-1 2.51395E-1 2.03858E-1 2.20905E-1 2.78826E-1 2.46106E-1 1.1955E-1 1.47151E-1 9.45427E-2 5.91248E-2 5.18503E-2 4.31203E-2 4.26669E-2 3.86164E-2 3.52614E-2 3.89464E-2 3.77123E-2 3.47245E-2 4.03249E-2 3.68703E-2 3.37587E-2 3.03199E-2 3.3092E-2 3.00994E-2 2.79698E-2 3.31537E-2 3.01206E-2 3.25283E-2 3.65572E-2 3.33154E-2 3.60799E-2
-9999 -9999 -9999 -9999 -9999 -9999 -9999 -9999 -9999 8.37667E-1 8.24506E-1 7.79629E-1 7.0215E-1 6.873E-1 7.93512E-1 7.31009E-1 6.33994E-1 8.23516E-1 9.08865E-1 9.06184E-1 9.886E-1 9.51431E-1 8.61281E-1 9.71527E-1 9.16543E-1 8.45641E-1 7.30914E-1 6.41E-1 4.1824E-1 2.9751E-1 3.42149E-1 2.80078E-1 1.99143E-1 2.09062E-1 2.24971E-1 1.78294E-1 1.59989E-1 1.43787E-1 9.63616E-2 7.29908E-2 5.47193E-2 4.20221E-2 4.49543E-2 4.19512E-2 3.83687E-2 3.42651E-2 3.42959E-2 3.16981E-2 3.84187E-2 3.79481E-2 3.65973E-2 3.11383E-2 3.37231E-2 3.20502E-2 3.01793E-2 3.00255E-2 3.46117E-2 4.00826E-2 3.45368E-2 3.28802E-2 3.5324E-2
-9999 -9999 -9999 -9999 -9999 -9999 -9999 -9999 -9999 -9999 8.05664E-1 6.82404E-1 6.97653E-1 6.69599E-1 6.48364E-1 6.975E-1 8.05834E-1 7.89271E-1 8.7246E-1 9.67578E-1 9.77892E-1 9.63087E-1 8.84441E-1 9.46111E-1 9.03336E-1 9.1621E-1 8.10749E-1 6.78658E-1 4.42213E-1 4.21714E-1 2.87982E-1 2.68582E-1 2.23444E-1 1.82475E-1 1.85731E-1 1.78405E-1 1.60014E-1 1.30857E-1 9.66205E-2 8.22903E-2 5.07516E-2 4.9484E-2 3.97624E-2 5.46394E-2 4.25303E-2 4.38318E-2 3.25681E-2 3.11663E-2 3.38616E-2 3.74091E-2 3.53018E-2 3.48146E-2 3.41823E-2 3.61432E-2 3.52955E-2 3.47063E-2 3.89209E-2 3.92821E-2 3.32519E-2 3.35853E-2 3.79745E-2
-9999 -9999 -9999 -9999 -9999 -9999 -9999 -9999 -9999 -9999 8.16647E-1 6.96405E-1 7.52748E-1 7.13126E-1 8.27339E-1 6.70707E-1 8.2205E-1 8.13817E-1 8.84054E-1 8.46722E-1 9.32164E-1 9.83734E-1 9.54208E-1 8.94456E-1 8.85733E-1 8.49104E-1 7.65551E-1 6.55476E-1 5.13896E-1 3.91625E-1 3.01426E-1 2.75339E-1 2.86865E-1 2.83672E-1 1.87116E-1 1.66804E-1 1.49817E-1 1.22367E-1 9.68838E-2 7.83056E-2 5.69419E-2 5.51723E-2 4.18756E-2 3.95962E-2 4.15077E-2 3.87604E-2 3.14885E-2 3.24124E-2 2.9952E-2 3.31549E-2 3.29265E-2 3.49151E-2 3.42747E-2 3.83008E-2 4.10794E-2 3.9198E-2 4.02019E-2 1.30501E-2 3.50579E-2 4.21235E-2 3.48172E-2
-9999 -9999 -9999 -9999 -9999 -9999 -9999 -9999 -9999 -9999 7.00742E-1 6.93924E-1 6.73127E-1 6.15416E-1 6.88244E-1 6.56273E-1 8.15E-1 7.97616E-1 9.12633E-1 9.68046E-1 9.7289E-1 9.65061E-1 8.89132E-1 9.30675E-1 9.14359E-1 8.95778E-1 7.47598E-1 5.53271E-1 3.68983E-1 3.20481E-1 3.89339E-1 3.38182E-1 3.7068E-1 2.76236E-1 2.20744E-1 2.14227E-1 1.60675E-1 1.23652E-1 8.73908E-2 6.69858E-2 5.21019E-2 5.60008E-2 4.09664E-2 4.03426E-2 4.27701E-2 3.55324E-2 3.10248E-2 3.06193E-2 3.19335E-2 2.90606E-2 2.87158E-2 3.40005E-2 3.43527E-2 3.6842E-2 3.53679E-2 3.54204E-2 4.01609E-2 4.25094E-2 3.67445E-2 4.06883E-2 3.57792E-2
-9999 -9999 -9999 -9999 -9999 -9999 -9999 -9999 -9999 -9999 8.48093E-1 8.51737E-1 8.35693E-1 7.17127E-1 6.85039E-1 8.07072E-1 7.9567E-1 9.05221E-1 8.97496E-1 8.7084E-1 9.75166E-1 9.47864E-1 8.65706E-1 9.38817E-1 9.12595E-1 8.67268E-1 8.00097E-1 5.60122E-1 5.1557E-1 3.96407E-1 3.80421E-1 3.70193E-1 3.59177E-1 2.72524E-1 2.73029E-1 2.12083E-1 1.7207E-1 1.66436E-1 1.14902E-1 7.41746E-2 6.30757E-2 5.04734E-2 4.56488E-2 4.13948E-2 3.63476E-2 3.28769E-2 3.43312E-2 3.11733E-2 3.03261E-2 3.03767E-2 3.05222E-2 3.09079E-2 3.28687E-2 3.24259E-2 3.20155E-2 3.83617E-2 4.01559E-2 3.89965E-2 4.08984E-2 3.66028E-2 3.58187E-2
