Artocarpus heterophyllus SDM files/MIS19/results (without bias file)/Arthet_5.asc
ncols         625
nrows         721
xllcorner     69.99986311115
yllcorner     5.99986187915
cellsize      0.041666667
NODATA_value  -9999
[rows 297 to 323 of 721, columns 244 to 304 of 625]
1.99409E-1 1.86944E-1 1.81814E-1 2.02921E-1 2.00993E-1 1.97426E-1 2.27239E-1 2.47992E-1 2.25631E-1 1.90669E-1 1.70381E-1 1.73961E-1 1.91475E-1 2.0371E-1 2.17917E-1 1.85309E-1 1.7537E-1 1.82032E-1 1.81147E-1 1.94256E-1 2.00288E-1 1.73671E-1 1.72613E-1 1.73241E-1 1.74503E-1 1.52276E-1 1.71781E-1 1.73401E-1 1.62676E-1 1.59146E-1 1.52458E-1 1.56972E-1 1.5642E-1 1.67809E-1 1.66134E-1 1.70679E-1 1.84281E-1 1.92743E-1 1.69386E-1 1.68835E-1 1.77378E-1 1.54564E-1 1.7389E-1 1.89321E-1 1.93009E-1 1.89787E-1 1.94033E-1 2.07177E-1 2.02053E-1 1.89238E-1 1.88876E-1 2.03137E-1 2.10704E-1 2.29082E-1 2.24109E-1 2.20981E-1 2.0982E-1 2.25791E-1 1.96467E-1 2.38195E-1 2.32381E-1
1.96659E-1 1.83392E-1 1.71353E-1 1.93264E-1 2.17747E-1 2.3351E-1 1.85282E-1 2.0033E-1 1.79845E-1 1.78598E-1 1.7727E-1 1.79817E-1 1.99721E-1 2.15067E-1 2.22082E-1 2.02577E-1 1.71921E-1 1.74241E-1 1.88431E-1 1.97745E-1 2.06879E-1 1.93661E-1 1.93699E-1 1.98023E-1 1.79741E-1 1.591E-1 1.72057E-1 1.81979E-1 1.83368E-1 1.83624E-1 1.96661E-1 1.87778E-1 1.81164E-1 1.85299E-1 1.88543E-1 1.86137E-1 1.78182E-1 1.81427E-1 1.7308E-1 1.80649E-1 1.7405E-1 1.9256E-1 1.81313E-1 2.06415E-1 1.97963E-1 1.86738E-1 2.03459E-1 2.12078E-1 2.03697E-1 2.12541E-1 2.13698E-1 2.05542E-1 2.09102E-1 2.0561E-1 2.2562E-1 2.40319E-1 2.16701E-1 2.43402E-1 2.20481E-1 2.21964E-1 2.41015E-1
1.57167E-1 1.59988E-1 1.70028E-1 1.87715E-1 1.93409E-1 1.99353E-1 1.6164E-1 1.76257E-1 1.80823E-1 1.68903E-1 1.92652E-1 2.2369E-1 1.95175E-1 2.10488E-1 2.39511E-1 2.15095E-1 1.91016E-1 1.92353E-1 2.02543E-1 1.99622E-1 1.96915E-1 1.9662E-1 1.97832E-1 1.7665E-1 1.66554E-1 1.92027E-1 1.62261E-1 1.50559E-1 1.94635E-1 1.72419E-1 1.69712E-1 1.89245E-1 1.94456E-1 1.97239E-1 1.9481E-1 1.88598E-1 1.63353E-1 1.46821E-1 1.59923E-1 1.94421E-1 1.7395E-1 1.93508E-1 1.8035E-1 1.69622E-1 2.07551E-1 2.14015E-1 2.13712E-1 2.01975E-1 1.86245E-1 1.93115E-1 2.14927E-1 1.91059E-1 1.98451E-1 1.90584E-1 2.11277E-1 2.51166E-1 2.76083E-1 2.72766E-1 2.34986E-1 2.15058E-1 1.86992E-1
1.89509E-1 1.63999E-1 1.54291E-1 1.62096E-1 1.64528E-1 1.46004E-1 1.52797E-1 2.09616E-1 2.16365E-1 1.79163E-1 2.3191E-1 2.61522E-1 2.04652E-1 2.48E-1 2.44748E-1 2.27724E-1 2.04789E-1 1.87096E-1 1.98968E-1 1.66669E-1 1.79454E-1 1.89002E-1 1.76701E-1 1.66073E-1 1.83718E-1 2.05577E-1 1.6328E-1 1.63434E-1 1.75806E-1 1.5992E-1 1.76965E-1 1.99779E-1 1.99529E-1 1.68292E-1 1.54073E-1 1.52631E-1 1.4304E-1 1.47225E-1 1.43587E-1 1.65917E-1 1.8811E-1 1.73834E-1 1.76246E-1 1.84652E-1 1.82818E-1 1.88333E-1 1.98685E-1 2.09284E-1 2.1734E-1 2.39979E-1 2.48508E-1 2.35032E-1 2.08809E-1 2.33031E-1 2.22873E-1 2.0493E-1 1.96536E-1 2.26665E-1 2.31569E-1 2.32838E-1 2.34185E-1
1.64115E-1 1.59058E-1 1.63445E-1 1.56793E-1 1.60193E-1 1.66164E-1 1.85464E-1 2.41054E-1 2.19419E-1 1.70137E-1 1.90319E-1 2.29334E-1 2.21462E-1 2.33642E-1 2.61976E-1 2.30658E-1 2.40374E-1 1.95086E-1 1.8262E-1 1.72583E-1 1.56699E-1 1.62382E-1 1.64561E-1 1.68224E-1 1.79858E-1 2.06061E-1 1.69708E-1 1.51204E-1 1.61894E-1 1.59061E-1 1.67022E-1 1.616E-1 1.44237E-1 1.40256E-1 1.43291E-1 1.44465E-1 1.48233E-1 1.54316E-1 1.60149E-1 1.64817E-1 1.43449E-1 1.5329E-1 1.49673E-1 1.44678E-1 1.48449E-1 1.53527E-1 1.53462E-1 1.61444E-1 1.69216E-1 2.13953E-1 2.08265E-1 2.06084E-1 2.29531E-1 2.37057E-1 2.02348E-1 1.85148E-1 1.76511E-1 1.87206E-1 1.76831E-1 1.86232E-1 1.91341E-1
1.78172E-1 1.82799E-1 1.72456E-1 1.77391E-1 2.03783E-1 1.88962E-1 1.90728E-1 2.18009E-1 2.07825E-1 1.61155E-1 1.68968E-1 1.83553E-1 1.91809E-1 2.39791E-1 2.69282E-1 2.7747E-1 2.75951E-1 1.88895E-1 1.56043E-1 1.5839E-1 1.64966E-1 1.96141E-1 1.88406E-1 2.06284E-1 1.83589E-1 2.10231E-1 1.99065E-1 1.52785E-1 1.58766E-1 1.5707E-1 1.75433E-1 1.57246E-1 1.4829E-1 1.50491E-1 1.56068E-1 1.64765E-1 1.83257E-1 1.89464E-1 1.91389E-1 2.07919E-1 1.77971E-1 1.72432E-1 1.62837E-1 1.53182E-1 1.46295E-1 1.50584E-1 1.49832E-1 1.51927E-1 1.67877E-1 1.69935E-1 1.82364E-1 1.99202E-1 1.80276E-1 1.76147E-1 1.73664E-1 1.76668E-1 1.89251E-1 1.9972E-1 2.00069E-1 2.3508E-1 1.94917E-1
1.96436E-1 2.23214E-1 1.97446E-1 1.79906E-1 1.80127E-1 1.7503E-1 1.79626E-1 2.41052E-1 2.17832E-1 1.89014E-1 2.38159E-1 2.38058E-1 2.16556E-1 2.412E-1 2.51508E-1 2.1931E-1 2.01228E-1 1.86789E-1 1.86083E-1 1.87786E-1 1.84784E-1 2.17056E-1 2.03213E-1 2.13847E-1 2.09513E-1 2.13622E-1 1.64951E-1 1.78851E-1 1.75855E-1 1.66076E-1 1.66119E-1 1.52427E-1 1.82794E-1 2.01471E-1 1.96649E-1 1.97834E-1 1.80721E-1 1.79314E-1 1.81712E-1 1.85103E-1 1.78071E-1 1.85056E-1 1.84873E-1 1.73129E-1 1.55881E-1 1.62016E-1 1.69799E-1 1.74551E-1 1.67586E-1 1.59734E-1 1.58792E-1 1.63575E-1 1.66623E-1 1.72845E-1 1.81542E-1 2.05329E-1 2.31935E-1 2.46448E-1 2.67279E-1 2.60402E-1 2.37832E-1
2.29128E-1 2.20399E-1 1.97254E-1 1.86277E-1 1.74443E-1 1.84296E-1 2.05983E-1 2.58499E-1 2.06344E-1 2.30328E-1 2.6131E-1 2.47092E-1 2.57491E-1 2.36354E-1 2.21122E-1 1.58453E-1 1.83283E-1 1.95183E-1 2.14696E-1 1.99953E-1 1.86549E-1 1.918E-1 2.03841E-1 2.38316E-1 2.19018E-1 1.95205E-1 1.86878E-1 1.74172E-1 1.80862E-1 1.87227E-1 1.8428E-1 1.52663E-1 1.72259E-1 1.87987E-1 1.9863E-1 1.6217E-1 1.64702E-1 1.83275E-1 1.76372E-1 1.73415E-1 1.64711E-1 1.61566E-1 1.77291E-1 1.76257E-1 1.68416E-1 1.86203E-1 1.96657E-1 1.8085E-1 1.69648E-1 1.68641E-1 1.70827E-1 1.69144E-1 1.89554E-1 2.07072E-1 2.19784E-1 2.15772E-1 2.18874E-1 2.08569E-1 1.89304E-1 1.96733E-1 2.4307E-1
2.4358E-1 2.44323E-1 2.09197E-1 2.05997E-1 2.19713E-1 2.02934E-1 2.19942E-1 2.54444E-1 2.07245E-1 2.2002E-1 2.23999E-1 2.34104E-1 2.28567E-1 2.68679E-1 1.97143E-1 2.15085E-1 2.45912E-1 2.71434E-1 2.81119E-1 2.71493E-1 2.02147E-1 2.11132E-1 2.43775E-1 2.66777E-1 2.16498E-1 1.93152E-1 1.92075E-1 1.84811E-1 1.84902E-1 2.04003E-1 1.88576E-1 1.58763E-1 1.76761E-1 1.83146E-1 1.91261E-1 1.58848E-1 1.7145E-1 1.86274E-1 1.86857E-1 1.69168E-1 1.73746E-1 1.82258E-1 1.94003E-1 1.74007E-1 1.76652E-1 1.78237E-1 1.77676E-1 1.78028E-1 1.84943E-1 1.74532E-1 1.72902E-1 1.71202E-1 1.79697E-1 1.74785E-1 1.80427E-1 1.79591E-1 1.72297E-1 1.82252E-1 1.88516E-1 1.9235E-1 1.90224E-1
2.33361E-1 2.45194E-1 2.63774E-1 2.34677E-1 2.17277E-1 2.09499E-1 2.18554E-1 2.13206E-1 1.91775E-1 2.09083E-1 2.28897E-1 2.00168E-1 2.08096E-1 2.53988E-1 2.22829E-1 2.49167E-1 2.33386E-1 2.54538E-1 2.91146E-1 2.58788E-1 2.272E-1 1.69363E-1 1.79304E-1 2.1709E-1 2.51422E-1 1.85421E-1 1.85909E-1 1.81534E-1 1.91452E-1 2.09762E-1 1.91416E-1 1.82625E-1 1.72638E-1 1.66747E-1 1.62125E-1 1.75568E-1 1.90279E-1 1.93823E-1 1.83463E-1 1.89078E-1 1.90859E-1 1.81389E-1 1.85427E-1 1.96079E-1 1.84704E-1 1.89723E-1 1.982E-1 1.85321E-1 1.86229E-1 1.64434E-1 1.7682E-1 1.96469E-1 1.88894E-1 2.25079E-1 1.87517E-1 1.90534E-1 1.97142E-1 1.92859E-1 1.86272E-1 1.88325E-1 1.94762E-1
1.94288E-1 2.17597E-1 2.32305E-1 2.54471E-1 2.19779E-1 2.08309E-1 2.43152E-1 2.41032E-1 2.18858E-1 1.87874E-1 1.93067E-1 1.92317E-1 1.91994E-1 2.34374E-1 2.57137E-1 2.92603E-1 2.70921E-1 2.56187E-1 2.39976E-1 2.86075E-1 2.32772E-1 2.47042E-1 1.70283E-1 1.90527E-1 2.35108E-1 2.49211E-1 2.06647E-1 2.06739E-1 2.08023E-1 2.05844E-1 1.85834E-1 1.82585E-1 2.0528E-1 1.93855E-1 1.73906E-1 1.79644E-1 1.87309E-1 2.01631E-1 1.84954E-1 2.04761E-1 2.09729E-1 1.79321E-1 1.89714E-1 1.94131E-1 1.88573E-1 2.02013E-1 2.16128E-1 2.21895E-1 1.81072E-1 1.65284E-1 1.91143E-1 2.38832E-1 2.64236E-1 2.69591E-1 2.00425E-1 1.98662E-1 1.96636E-1 2.02577E-1 2.07411E-1 2.22211E-1 2.23815E-1
1.65399E-1 1.77649E-1 1.87642E-1 1.84981E-1 2.0223E-1 2.22225E-1 2.24965E-1 2.25564E-1 2.68703E-1 2.25972E-1 2.47065E-1 2.1489E-1 2.09734E-1 2.09893E-1 2.32798E-1 2.27697E-1 2.24603E-1 2.00032E-1 2.18066E-1 2.64899E-1 2.74826E-1 2.69679E-1 2.08865E-1 1.78163E-1 2.05845E-1 2.54307E-1 2.72597E-1 2.26841E-1 2.02681E-1 1.91197E-1 1.85945E-1 2.00687E-1 2.09241E-1 1.98897E-1 2.03517E-1 1.94714E-1 1.97529E-1 2.22722E-1 2.23874E-1 2.13218E-1 2.05117E-1 1.90718E-1 2.19803E-1 2.0085E-1 2.09901E-1 2.28593E-1 2.12032E-1 2.18101E-1 2.0264E-1 1.95184E-1 2.09856E-1 2.4319E-1 2.34052E-1 2.22412E-1 1.92816E-1 2.015E-1 2.01247E-1 2.30858E-1 1.99222E-1 2.23294E-1 2.35196E-1
1.66878E-1 1.62557E-1 1.58017E-1 1.7694E-1 2.2312E-1 2.38691E-1 2.46586E-1 2.24609E-1 2.60129E-1 2.64228E-1 2.71292E-1 2.90835E-1 2.4465E-1 1.95547E-1 2.00131E-1 1.80925E-1 1.82917E-1 2.00845E-1 1.94655E-1 2.31555E-1 2.17918E-1 2.69217E-1 2.70489E-1 2.24262E-1 1.77348E-1 2.01601E-1 2.20748E-1 2.61252E-1 2.19304E-1 1.93155E-1 1.93857E-1 2.04309E-1 2.20622E-1 2.21151E-1 2.24696E-1 2.13856E-1 1.95295E-1 1.86517E-1 1.91076E-1 1.85127E-1 1.89452E-1 2.14638E-1 2.12357E-1 2.04001E-1 2.20899E-1 2.18096E-1 2.08453E-1 1.92877E-1 1.7636E-1 1.9833E-1 1.9307E-1 2.17956E-1 1.94859E-1 1.923E-1 2.05085E-1 2.1932E-1 1.91905E-1 1.91695E-1 2.19349E-1 2.56434E-1 2.31182E-1
2.01894E-1 1.9186E-1 2.11648E-1 1.89842E-1 1.97152E-1 2.18779E-1 2.42468E-1 2.20674E-1 2.22123E-1 2.19515E-1 2.28126E-1 2.56509E-1 1.79097E-1 2.12517E-1 2.51102E-1 2.1287E-1 1.97817E-1 1.65667E-1 1.75505E-1 1.88531E-1 1.70326E-1 2.31842E-1 2.5997E-1 2.52681E-1 2.44804E-1 1.86082E-1 1.80493E-1 2.35698E-1 2.09403E-1 1.9861E-1 2.12144E-1 2.35281E-1 2.58298E-1 2.36113E-1 2.22198E-1 2.15906E-1 2.11365E-1 2.10097E-1 2.21155E-1 2.21324E-1 2.05919E-1 2.11219E-1 2.1057E-1 2.22162E-1 2.13032E-1 2.23295E-1 2.24136E-1 2.17474E-1 1.93913E-1 1.95449E-1 1.95974E-1 1.92294E-1 1.99876E-1 2.01924E-1 2.15959E-1 2.20383E-1 1.90929E-1 1.95455E-1 1.92217E-1 2.012E-1 2.01355E-1
2.28727E-1 2.15241E-1 2.26936E-1 2.20593E-1 2.05903E-1 2.188E-1 2.37149E-1 2.23213E-1 2.28196E-1 2.49561E-1 2.35874E-1 2.08081E-1 2.00886E-1 2.18187E-1 1.90232E-1 1.66777E-1 1.64831E-1 1.68916E-1 1.70128E-1 1.73625E-1 1.99934E-1 2.12588E-1 2.10095E-1 2.35456E-1 1.81013E-1 1.82937E-1 1.69127E-1 2.24882E-1 2.3134E-1 2.70924E-1 2.89937E-1 3.06859E-1 2.99017E-1 2.60851E-1 2.39253E-1 2.34405E-1 2.42354E-1 2.36461E-1 2.24566E-1 2.58691E-1 2.73608E-1 2.40417E-1 2.24709E-1 2.25638E-1 2.3511E-1 2.40435E-1 2.02487E-1 2.16087E-1 2.4769E-1 2.55876E-1 2.21884E-1 1.99378E-1 1.99157E-1 1.93038E-1 2.01399E-1 2.35509E-1 2.55427E-1 2.1596E-1 1.98738E-1 1.97326E-1 1.95893E-1
2.54813E-1 2.85289E-1 2.18083E-1 2.56292E-1 2.42E-1 2.42136E-1 2.38046E-1 2.52532E-1 2.25994E-1 1.86243E-1 1.71553E-1 1.71397E-1 1.7164E-1 1.6161E-1 1.67487E-1 1.75018E-1 2.02739E-1 1.77463E-1 1.89211E-1 1.86755E-1 1.82562E-1 1.78411E-1 1.61994E-1 2.04451E-1 2.38097E-1 2.1613E-1 2.33273E-1 1.96511E-1 2.15233E-1 2.48056E-1 2.49622E-1 2.31327E-1 2.57971E-1 2.59487E-1 2.67636E-1 3.14305E-1 2.73519E-1 2.53665E-1 2.33527E-1 2.38943E-1 2.55746E-1 2.82624E-1 2.58781E-1 2.69487E-1 2.32428E-1 2.57698E-1 2.33161E-1 1.92899E-1 2.15787E-1 2.01862E-1 2.24428E-1 1.96807E-1 2.06651E-1 2.33859E-1 2.19029E-1 2.33782E-1 2.48795E-1 2.48142E-1 2.06605E-1 2.25126E-1 2.21892E-1
2.01855E-1 2.4003E-1 2.37628E-1 2.39001E-1 2.03765E-1 2.02811E-1 2.19167E-1 2.0902E-1 1.85607E-1 1.67997E-1 1.80227E-1 1.83757E-1 2.22682E-1 2.4667E-1 2.58329E-1 2.55255E-1 2.39895E-1 1.89532E-1 2.04883E-1 2.14575E-1 1.89577E-1 1.50651E-1 1.59056E-1 1.84738E-1 1.84652E-1 2.35913E-1 2.53444E-1 2.34573E-1 1.854E-1 1.96497E-1 2.18735E-1 1.90315E-1 2.15339E-1 2.63414E-1 2.98466E-1 3.0054E-1 2.93185E-1 2.69747E-1 2.39092E-1 2.60679E-1 2.46804E-1 2.8111E-1 2.7568E-1 2.90952E-1 2.69703E-1 2.65189E-1 2.58884E-1 2.53821E-1 2.29581E-1 2.29932E-1 2.39434E-1 2.44182E-1 2.17751E-1 2.25735E-1 2.16411E-1 2.17666E-1 2.15446E-1 2.22011E-1 2.08342E-1 2.12654E-1 2.32691E-1
2.24236E-1 2.237E-1 1.77529E-1 1.78343E-1 1.77242E-1 1.99941E-1 2.05061E-1 2.22379E-1 1.72725E-1 2.10328E-1 2.5039E-1 2.43194E-1 2.19864E-1 2.26137E-1 2.32407E-1 2.53246E-1 2.76276E-1 1.90602E-1 1.8693E-1 1.71744E-1 1.68479E-1 1.8126E-1 1.70458E-1 1.70453E-1 1.5949E-1 1.665E-1 1.88661E-1 1.96501E-1 2.33072E-1 2.20465E-1 2.25264E-1 2.10961E-1 2.46633E-1 2.75509E-1 2.4686E-1 2.6696E-1 3.17853E-1 2.80304E-1 2.58669E-1 2.70729E-1 2.42881E-1 2.67072E-1 2.81979E-1 2.86896E-1 2.8836E-1 2.64655E-1 2.7135E-1 2.7511E-1 2.522E-1 2.49592E-1 2.3068E-1 2.45422E-1 1.99903E-1 2.18046E-1 2.0756E-1 2.0928E-1 2.09413E-1 2.09541E-1 2.24264E-1 2.45602E-1 2.4601E-1
2.13281E-1 1.66567E-1 1.71714E-1 1.96174E-1 1.95422E-1 1.95886E-1 1.93151E-1 2.11684E-1 1.92139E-1 2.05091E-1 2.06237E-1 2.16853E-1 2.09297E-1 2.05689E-1 1.95798E-1 2.18244E-1 2.65204E-1 2.16259E-1 2.08286E-1 2.39595E-1 2.50864E-1 2.62244E-1 2.00797E-1 2.15369E-1 1.84946E-1 1.79693E-1 1.68749E-1 1.73883E-1 1.82051E-1 1.91767E-1 2.42544E-1 2.47948E-1 2.64572E-1 3.01599E-1 2.82117E-1 2.39971E-1 2.67862E-1 3.1733E-1 3.34455E-1 2.93464E-1 2.44445E-1 2.37785E-1 2.63704E-1 2.79558E-1 2.83995E-1 2.81065E-1 2.64003E-1 2.33231E-1 2.32633E-1 2.91494E-1 2.59971E-1 2.64198E-1 2.43497E-1 2.20833E-1 2.06986E-1 2.23345E-1 1.90162E-1 1.98512E-1 2.13831E-1 2.26072E-1 2.5635E-1
1.94346E-1 1.6723E-1 1.75123E-1 1.88431E-1 1.96066E-1 2.28598E-1 2.04913E-1 1.97907E-1 2.29664E-1 2.38772E-1 2.6541E-1 2.4298E-1 2.33391E-1 1.66316E-1 1.83132E-1 1.90096E-1 1.95469E-1 2.38379E-1 1.97964E-1 2.36879E-1 2.05976E-1 2.48121E-1 2.1172E-1 2.13964E-1 2.32829E-1 2.25111E-1 1.93681E-1 1.78245E-1 1.82791E-1 1.75923E-1 1.78282E-1 2.00932E-1 2.41423E-1 2.33371E-1 3.01612E-1 2.94727E-1 2.70549E-1 2.93221E-1 3.18318E-1 2.54273E-1 2.54159E-1 2.66589E-1 2.35154E-1 2.59034E-1 2.38876E-1 2.38445E-1 2.70326E-1 2.57014E-1 2.87494E-1 2.82143E-1 2.41695E-1 2.75562E-1 2.91347E-1 2.55765E-1 2.3376E-1 2.09181E-1 2.35089E-1 2.09008E-1 2.35511E-1 2.37167E-1 2.35584E-1
1.84591E-1 1.70966E-1 2.02948E-1 1.8919E-1 2.17183E-1 2.45373E-1 2.41346E-1 2.02135E-1 1.94953E-1 2.05404E-1 2.03052E-1 1.57901E-1 1.55997E-1 1.82012E-1 1.64936E-1 1.70054E-1 1.69692E-1 2.18912E-1 2.10255E-1 2.16028E-1 2.14085E-1 2.44353E-1 2.74308E-1 2.38276E-1 2.25961E-1 2.505E-1 2.32832E-1 1.9355E-1 2.4102E-1 2.17679E-1 1.86748E-1 2.0091E-1 1.98027E-1 2.13393E-1 2.09909E-1 2.01206E-1 2.80126E-1 2.86216E-1 3.25024E-1 2.6527E-1 2.50254E-1 2.57402E-1 2.51822E-1 2.71769E-1 2.49226E-1 2.60849E-1 2.75956E-1 2.70189E-1 2.48482E-1 2.71635E-1 2.94233E-1 2.33923E-1 2.38163E-1 2.41029E-1 2.81531E-1 2.70934E-1 2.78161E-1 2.31542E-1 2.37393E-1 2.19132E-1 2.09886E-1
1.91633E-1 2.14543E-1 2.06273E-1 2.13606E-1 2.04607E-1 2.12368E-1 2.49883E-1 1.84858E-1 1.79281E-1 1.9774E-1 1.83278E-1 1.84688E-1 1.89468E-1 2.19701E-1 2.60266E-1 2.01655E-1 1.94562E-1 2.02215E-1 2.0055E-1 2.35174E-1 1.87075E-1 1.7895E-1 1.99341E-1 2.34764E-1 2.18897E-1 2.54615E-1 2.70422E-1 2.08954E-1 2.36064E-1 2.52777E-1 2.0732E-1 1.93391E-1 1.90201E-1 2.04454E-1 1.95393E-1 2.2028E-1 2.38211E-1 2.83776E-1 3.35553E-1 2.72486E-1 2.60603E-1 2.71977E-1 2.66155E-1 2.82819E-1 2.82523E-1 2.65793E-1 2.46841E-1 2.7351E-1 2.40116E-1 2.81569E-1 2.85319E-1 2.63241E-1 2.39486E-1 2.12765E-1 2.46435E-1 2.75885E-1 2.46298E-1 2.15078E-1 2.52205E-1 2.37323E-1 2.33791E-1
2.78129E-1 2.94191E-1 2.17945E-1 1.92158E-1 1.94146E-1 1.89188E-1 2.22599E-1 2.11804E-1 1.94143E-1 2.08742E-1 2.30863E-1 2.24531E-1 2.25531E-1 2.15521E-1 2.67641E-1 2.15624E-1 2.2213E-1 1.97534E-1 1.96587E-1 2.28144E-1 2.21216E-1 2.26908E-1 1.80659E-1 1.81051E-1 2.01694E-1 2.31651E-1 2.63592E-1 2.0666E-1 1.92585E-1 2.75995E-1 2.18973E-1 2.26233E-1 2.25052E-1 2.44195E-1 2.27654E-1 2.39711E-1 2.92885E-1 3.12755E-1 3.11299E-1 2.29173E-1 2.41983E-1 2.36509E-1 2.44063E-1 2.56311E-1 2.76714E-1 2.79715E-1 2.61226E-1 2.62049E-1 2.60567E-1 2.74518E-1 2.36149E-1 1.94942E-1 1.91202E-1 1.94484E-1 1.96836E-1 2.1507E-1 2.24511E-1 2.01464E-1 2.25984E-1 2.4894E-1 2.55356E-1
3.054E-1 3.06454E-1 2.92426E-1 2.28655E-1 2.26217E-1 2.54861E-1 2.63105E-1 2.10733E-1 2.10557E-1 2.63939E-1 2.76462E-1 2.09979E-1 1.99195E-1 2.12778E-1 2.09413E-1 1.99854E-1 2.43731E-1 2.59798E-1 2.28832E-1 2.40699E-1 1.70613E-1 1.72878E-1 1.99413E-1 1.97442E-1 1.89432E-1 2.06631E-1 2.47889E-1 2.16001E-1 1.84461E-1 2.1686E-1 2.17111E-1 2.34902E-1 2.66616E-1 2.64458E-1 2.80712E-1 2.95033E-1 2.71798E-1 2.80573E-1 2.84174E-1 2.49184E-1 2.40113E-1 2.27972E-1 2.21518E-1 2.34473E-1 2.40762E-1 2.8002E-1 3.13836E-1 2.93973E-1 2.66064E-1 2.254E-1 2.13888E-1 2.56911E-1 2.83435E-1 2.12702E-1 2.07737E-1 2.00139E-1 2.09661E-1 2.30869E-1 1.92809E-1 1.85932E-1 1.98459E-1
2.51381E-1 2.8676E-1 2.66951E-1 2.12342E-1 2.02076E-1 2.08619E-1 2.41545E-1 2.24484E-1 2.05147E-1 2.60678E-1 2.83385E-1 2.5605E-1 2.29396E-1 2.00764E-1 2.01732E-1 1.95972E-1 1.94799E-1 1.88488E-1 2.64924E-1 2.564E-1 1.67091E-1 1.69741E-1 2.06546E-1 2.59476E-1 1.85316E-1 2.11049E-1 2.53497E-1 2.39179E-1 2.14871E-1 2.79083E-1 2.51014E-1 2.36717E-1 3.10554E-1 2.5529E-1 2.81254E-1 3.1352E-1 2.79884E-1 2.16855E-1 2.16526E-1 2.19014E-1 2.23647E-1 2.33303E-1 1.99554E-1 2.35879E-1 2.52598E-1 2.77452E-1 3.0324E-1 2.63933E-1 2.90763E-1 3.14888E-1 3.12768E-1 2.93332E-1 2.68561E-1 2.01979E-1 2.87119E-1 2.294E-1 1.77931E-1 2.08891E-1 2.30963E-1 1.99961E-1 1.83096E-1
2.1519E-1 2.52726E-1 2.8242E-1 2.66695E-1 2.15139E-1 2.1638E-1 2.32005E-1 2.10002E-1 2.1868E-1 2.57243E-1 2.81408E-1 3.06456E-1 2.4886E-1 2.29885E-1 2.59787E-1 2.10351E-1 1.96115E-1 2.00768E-1 2.1191E-1 1.77309E-1 1.64878E-1 1.71588E-1 1.86924E-1 2.00158E-1 1.8424E-1 1.94922E-1 2.16298E-1 2.66838E-1 2.49118E-1 2.59474E-1 2.80742E-1 2.17716E-1 2.76604E-1 3.05707E-1 3.07402E-1 3.07654E-1 1.80599E-1 1.83246E-1 1.91936E-1 2.03374E-1 1.90077E-1 1.74701E-1 2.18609E-1 2.40439E-1 2.7581E-1 2.47861E-1 2.50076E-1 2.76182E-1 2.8231E-1 2.61187E-1 2.39506E-1 2.40994E-1 2.45897E-1 1.87573E-1 2.19888E-1 2.68279E-1 2.4872E-1 1.84336E-1 2.07599E-1 2.21712E-1 2.24312E-1
2.24419E-1 2.39971E-1 2.75002E-1 2.33747E-1 2.05033E-1 2.1972E-1 2.21778E-1 2.3992E-1 2.18262E-1 2.12318E-1 2.53083E-1 2.71776E-1 2.82777E-1 2.20971E-1 2.3734E-1 2.55072E-1 1.97154E-1 2.0146E-1 1.74291E-1 1.67815E-1 1.7793E-1 2.15957E-1 2.51127E-1 1.9811E-1 2.02557E-1 2.14128E-1 2.2851E-1 2.44451E-1 2.59743E-1 2.87572E-1 2.91865E-1 2.58234E-1 2.20946E-1 2.70373E-1 2.73586E-1 2.48146E-1 1.84783E-1 1.92793E-1 2.09029E-1 2.22498E-1 2.44178E-1 1.85185E-1 1.73095E-1 1.78435E-1 2.03112E-1 1.80383E-1 1.73581E-1 1.82359E-1 1.84686E-1 2.10781E-1 2.18142E-1 2.30882E-1 2.24703E-1 2.5441E-1 1.87465E-1 2.11263E-1 2.16291E-1 1.98054E-1 1.96187E-1 2.26442E-1 2.3345E-1
