Artocarpus heterophyllus SDM files/MIS19/results (without bias file)/Arthet_3.asc
ncols         625
nrows         721
xllcorner     69.99986311115
yllcorner     5.99986187915
cellsize      0.041666667
NODATA_value  -9999
[rows 270 to 296 of 721, columns 305 to 365 of 625]
1.54851E-1 1.60219E-1 1.57446E-1 1.58283E-1 1.57446E-1 1.62693E-1 1.63516E-1 1.66827E-1 1.73732E-1 1.75947E-1 1.77101E-1 1.73295E-1 1.71704E-1 1.74963E-1 1.87317E-1 1.86632E-1 1.78872E-1 1.80742E-1 1.86081E-1 2.00121E-1 1.94912E-1 2.05353E-1 1.93308E-1 1.83657E-1 1.99847E-1 1.74577E-1 1.77659E-1 1.86604E-1 2.03069E-1 2.07305E-1 2.16985E-1 1.70558E-1 1.60996E-1 1.61345E-1 1.8208E-1 1.75375E-1 1.71773E-1 1.72967E-1 1.7358E-1 1.73775E-1 1.74756E-1 1.75375E-1 1.64662E-1 1.69105E-1 1.66536E-1 1.68538E-1 1.65888E-1 1.66578E-1 1.66653E-1 1.65717E-1 1.67328E-1 1.62591E-1 1.65322E-1 1.57666E-1 1.6666E-1 1.58371E-1 1.5586E-1 1.52608E-1 1.59968E-1 1.60636E-1 1.65776E-1
1.49431E-1 1.50266E-1 1.51987E-1 1.50013E-1 1.58892E-1 1.65445E-1 1.66998E-1 1.6778E-1 1.69749E-1 1.74763E-1 1.77672E-1 1.74629E-1 1.89846E-1 1.80205E-1 1.797E-1 1.80291E-1 1.95842E-1 1.8425E-1 1.82745E-1 1.89675E-1 2.05419E-1 2.14836E-1 2.01529E-1 2.05039E-1 1.74784E-1 1.88021E-1 2.25636E-1 2.04131E-1 1.90716E-1 2.11436E-1 2.06474E-1 1.65203E-1 1.60109E-1 1.7122E-1 1.82866E-1 1.73837E-1 1.81135E-1 1.82209E-1 1.83534E-1 1.74952E-1 1.7659E-1 1.71603E-1 1.72355E-1 1.6747E-1 1.65516E-1 1.73074E-1 1.78119E-1 1.63828E-1 1.67944E-1 1.66008E-1 1.72243E-1 1.64864E-1 1.63621E-1 1.5967E-1 1.62948E-1 1.61297E-1 1.6403E-1 1.54987E-1 1.6494E-1 1.62162E-1 1.54313E-1
1.55124E-1 1.49091E-1 1.61865E-1 1.59972E-1 1.70355E-1 1.6933E-1 1.68195E-1 1.71441E-1 1.73491E-1 1.65295E-1 1.75705E-1 1.77159E-1 1.77557E-1 1.79302E-1 1.75131E-1 1.91408E-1 1.85996E-1 1.86884E-1 1.90567E-1 1.81848E-1 1.95065E-1 1.86605E-1 2.0563E-1 2.05598E-1 1.88575E-1 2.03803E-1 2.29146E-1 2.21751E-1 1.66069E-1 1.87033E-1 1.84251E-1 1.59097E-1 1.72463E-1 1.8483E-1 1.8166E-1 1.82078E-1 1.83305E-1 1.84666E-1 1.83819E-1 1.82385E-1 1.83642E-1 1.72133E-1 1.70973E-1 1.67994E-1 1.65649E-1 1.64391E-1 1.99912E-1 1.62862E-1 1.60534E-1 1.66055E-1 1.67566E-1 1.67137E-1 1.65825E-1 1.62825E-1 1.65003E-1 1.60364E-1 1.60601E-1 1.59339E-1 1.5788E-1 1.58413E-1 1.56012E-1
1.51237E-1 1.52851E-1 1.46855E-1 1.55629E-1 1.77196E-1 1.79309E-1 1.87819E-1 1.77994E-1 1.7506E-1 1.63149E-1 1.69036E-1 1.75161E-1 1.72269E-1 1.81085E-1 2.00582E-1 2.08405E-1 2.10578E-1 2.05276E-1 1.99861E-1 1.91858E-1 2.077E-1 1.97126E-1 2.20093E-1 2.0255E-1 1.96561E-1 2.08121E-1 2.22211E-1 2.06903E-1 1.97069E-1 1.87631E-1 1.64167E-1 1.67449E-1 1.82065E-1 1.86175E-1 1.8362E-1 1.82636E-1 1.83179E-1 1.8341E-1 1.84024E-1 1.80674E-1 1.79977E-1 1.77354E-1 1.73957E-1 1.73152E-1 1.7279E-1 1.73632E-1 1.71786E-1 1.67483E-1 1.68701E-1 1.67965E-1 1.67001E-1 1.69646E-1 1.67212E-1 1.6569E-1 1.65932E-1 1.63076E-1 1.62006E-1 1.61564E-1 1.58537E-1 1.66191E-1 1.63074E-1
1.20071E-1 1.20244E-1 1.25545E-1 1.25242E-1 1.37108E-1 1.40194E-1 1.47824E-1 1.41167E-1 1.37388E-1 1.64101E-1 1.79878E-1 1.81881E-1 1.78777E-1 1.78298E-1 1.99273E-1 2.01018E-1 2.15903E-1 2.10784E-1 1.94108E-1 1.98519E-1 2.18115E-1 2.11476E-1 2.22516E-1 2.27227E-1 2.061E-1 2.04887E-1 1.90609E-1 1.76764E-1 1.9328E-1 1.68793E-1 1.61075E-1 1.79299E-1 1.9338E-1 1.941E-1 1.90906E-1 1.91144E-1 1.91781E-1 1.9117E-1 1.9014E-1 1.86357E-1 1.75437E-1 1.80984E-1 1.76908E-1 1.76229E-1 2.03058E-1 2.04812E-1 1.74589E-1 1.77893E-1 1.76893E-1 1.70707E-1 1.68322E-1 1.69971E-1 1.70435E-1 1.67776E-1 1.66837E-1 1.6418E-1 1.63498E-1 1.63241E-1 1.6648E-1 1.66706E-1 1.60916E-1
1.32467E-1 1.42269E-1 1.60609E-1 1.72072E-1 1.77786E-1 1.55574E-1 1.40841E-1 1.41321E-1 1.44917E-1 1.91674E-1 2.20274E-1 2.27828E-1 2.22665E-1 2.15234E-1 1.95738E-1 2.15728E-1 2.09552E-1 2.15737E-1 1.92428E-1 2.12579E-1 2.02594E-1 2.02508E-1 1.89736E-1 1.99287E-1 1.82604E-1 1.68476E-1 1.64873E-1 1.66297E-1 1.68865E-1 1.69654E-1 1.77543E-1 1.9057E-1 1.92904E-1 1.93166E-1 2.00759E-1 2.02311E-1 2.02193E-1 1.87936E-1 1.91441E-1 1.8848E-1 1.76148E-1 2.0536E-1 2.09888E-1 2.20989E-1 2.08147E-1 1.82449E-1 1.81248E-1 1.77883E-1 1.8081E-1 1.68432E-1 1.66242E-1 1.7709E-1 1.79447E-1 1.69183E-1 1.64919E-1 1.64549E-1 1.65291E-1 1.67572E-1 1.67067E-1 1.64752E-1 1.68437E-1
1.50044E-1 1.66771E-1 1.67396E-1 1.47574E-1 1.3877E-1 1.42748E-1 1.39574E-1 1.45842E-1 1.66524E-1 2.11176E-1 1.9652E-1 1.80712E-1 1.73716E-1 1.72885E-1 1.66399E-1 1.59965E-1 1.56144E-1 1.62717E-1 1.53273E-1 1.58774E-1 1.56309E-1 1.6169E-1 1.63026E-1 1.62755E-1 1.636E-1 1.68658E-1 1.6882E-1 1.76617E-1 1.88661E-1 1.85737E-1 1.99515E-1 2.01538E-1 2.00666E-1 1.99124E-1 2.15381E-1 2.27137E-1 1.95687E-1 1.7394E-1 1.81946E-1 2.10589E-1 2.1702E-1 2.15056E-1 2.13669E-1 2.03577E-1 1.92725E-1 1.76221E-1 1.68523E-1 1.60935E-1 1.67163E-1 1.77288E-1 1.75461E-1 1.81E-1 1.71391E-1 1.75407E-1 1.71109E-1 1.71998E-1 1.70852E-1 1.66853E-1 1.63001E-1 1.69459E-1 1.77434E-1
1.58719E-1 1.6885E-1 1.67206E-1 1.46703E-1 1.37123E-1 1.70566E-1 1.4108E-1 1.61212E-1 1.44767E-1 1.6189E-1 1.49852E-1 1.41398E-1 1.46231E-1 1.47314E-1 1.54826E-1 1.73494E-1 1.729E-1 1.70775E-1 1.78329E-1 1.74108E-1 1.76897E-1 1.89661E-1 1.95861E-1 1.77948E-1 1.9087E-1 1.93104E-1 1.96228E-1 1.8467E-1 2.00609E-1 2.03845E-1 2.06094E-1 2.0614E-1 2.09322E-1 2.14128E-1 2.08542E-1 2.0329E-1 1.75161E-1 1.85749E-1 2.07479E-1 2.21348E-1 2.10462E-1 1.99371E-1 1.99493E-1 1.85701E-1 1.77017E-1 1.58559E-1 1.69283E-1 1.86778E-1 1.90521E-1 1.92142E-1 1.7059E-1 1.71747E-1 1.73126E-1 1.71944E-1 1.78765E-1 1.79616E-1 1.75909E-1 1.72276E-1 1.58382E-1 1.91007E-1 1.95539E-1
1.25954E-1 1.27446E-1 1.32427E-1 1.41806E-1 1.44619E-1 1.58316E-1 1.57968E-1 1.71809E-1 1.89078E-1 1.75112E-1 1.50945E-1 1.76963E-1 1.8369E-1 1.84048E-1 1.93541E-1 1.84732E-1 1.90794E-1 1.77808E-1 2.01577E-1 1.97482E-1 2.03538E-1 2.27304E-1 2.07298E-1 1.86321E-1 2.13004E-1 1.99475E-1 1.95821E-1 1.89748E-1 2.05889E-1 2.34326E-1 2.23286E-1 2.17559E-1 2.13158E-1 2.29807E-1 2.21329E-1 1.96668E-1 2.00634E-1 2.05406E-1 2.01316E-1 1.90521E-1 1.75801E-1 1.75065E-1 1.73516E-1 1.72964E-1 1.71128E-1 1.68664E-1 1.75441E-1 1.87769E-1 1.81549E-1 1.74727E-1 1.66985E-1 1.70473E-1 1.77686E-1 1.7528E-1 1.87051E-1 1.73876E-1 1.89311E-1 1.75054E-1 1.6342E-1 1.76607E-1 1.8006E-1
1.32516E-1 1.31922E-1 1.42511E-1 1.55476E-1 1.67671E-1 1.56453E-1 1.46877E-1 1.6451E-1 1.89426E-1 1.96382E-1 1.64965E-1 1.92117E-1 2.09091E-1 2.08072E-1 1.96317E-1 1.76011E-1 2.00987E-1 1.88763E-1 2.07764E-1 1.87953E-1 1.87411E-1 1.92977E-1 2.08017E-1 2.13305E-1 1.96421E-1 1.95072E-1 1.71776E-1 1.86969E-1 2.28291E-1 2.47198E-1 2.17745E-1 2.19565E-1 2.16071E-1 2.1767E-1 2.08128E-1 1.99677E-1 1.96093E-1 1.96547E-1 2.01513E-1 1.9715E-1 1.98458E-1 2.03742E-1 1.90002E-1 1.79503E-1 1.77917E-1 1.87263E-1 1.84569E-1 1.87805E-1 2.05152E-1 1.764E-1 1.68689E-1 1.82711E-1 2.13552E-1 1.78828E-1 2.11976E-1 1.97402E-1 1.81856E-1 1.71447E-1 1.98334E-1 1.98268E-1 2.03324E-1
1.30555E-1 1.43574E-1 1.60748E-1 1.72614E-1 1.7766E-1 1.67894E-1 1.4532E-1 1.86267E-1 2.02146E-1 1.77204E-1 1.62958E-1 1.69471E-1 1.86654E-1 2.06774E-1 1.83669E-1 1.76752E-1 2.10929E-1 2.28752E-1 2.29364E-1 2.16011E-1 2.17414E-1 2.32842E-1 2.19054E-1 1.91028E-1 1.73102E-1 1.81097E-1 1.70618E-1 1.98401E-1 2.09525E-1 1.97499E-1 1.77528E-1 1.78931E-1 1.88591E-1 2.02571E-1 2.08323E-1 2.08611E-1 2.1018E-1 1.91084E-1 2.10032E-1 2.19138E-1 2.12253E-1 2.12298E-1 1.90935E-1 1.82313E-1 1.83771E-1 1.94544E-1 1.92731E-1 2.04699E-1 2.06553E-1 1.83467E-1 1.66577E-1 1.81569E-1 1.94841E-1 2.00833E-1 2.18144E-1 2.10715E-1 2.07845E-1 1.90912E-1 2.00423E-1 2.05947E-1 1.92934E-1
1.48758E-1 1.5333E-1 1.62254E-1 1.71967E-1 1.60346E-1 1.59256E-1 1.41755E-1 1.6316E-1 1.82857E-1 1.91708E-1 2.00253E-1 1.6235E-1 1.56202E-1 1.86563E-1 2.06198E-1 1.87309E-1 2.13442E-1 1.92821E-1 1.94184E-1 1.82113E-1 1.95696E-1 1.87629E-1 1.84342E-1 1.69811E-1 1.77697E-1 1.90597E-1 1.87545E-1 1.95455E-1 2.00738E-1 1.90104E-1 1.86109E-1 2.00374E-1 2.14972E-1 2.30922E-1 2.13943E-1 2.22519E-1 2.11937E-1 1.87257E-1 2.05114E-1 2.07774E-1 2.17763E-1 2.1437E-1 1.85775E-1 1.78083E-1 1.91659E-1 2.01763E-1 2.05469E-1 2.0157E-1 2.04837E-1 1.78207E-1 1.6442E-1 1.94651E-1 2.02674E-1 2.00952E-1 2.04806E-1 2.04586E-1 1.94723E-1 1.85973E-1 1.88016E-1 1.96205E-1 1.93526E-1
1.57006E-1 1.66709E-1 1.68218E-1 1.82059E-1 1.71572E-1 1.71298E-1 1.69595E-1 1.59692E-1 1.93581E-1 2.0403E-1 2.11719E-1 2.11312E-1 1.94912E-1 1.83201E-1 1.84512E-1 1.71258E-1 1.6881E-1 1.73852E-1 1.75463E-1 1.73257E-1 1.72323E-1 1.73455E-1 1.71953E-1 1.88373E-1 2.21593E-1 2.17748E-1 1.98749E-1 1.98739E-1 1.96328E-1 2.06931E-1 2.20864E-1 2.29174E-1 2.16062E-1 2.14132E-1 2.06851E-1 2.22051E-1 2.30121E-1 2.13482E-1 2.28026E-1 2.40576E-1 2.05493E-1 1.85141E-1 1.75161E-1 1.8322E-1 2.02776E-1 2.12748E-1 2.1459E-1 2.3644E-1 2.33876E-1 1.76189E-1 1.77918E-1 2.104E-1 2.12847E-1 2.05708E-1 2.07186E-1 1.90776E-1 1.86188E-1 1.95148E-1 1.8959E-1 2.0369E-1 2.04366E-1
1.5412E-1 1.56457E-1 1.5518E-1 1.77014E-1 1.71305E-1 1.79063E-1 1.64431E-1 1.61615E-1 1.95718E-1 2.0371E-1 2.02701E-1 1.6306E-1 1.54135E-1 1.48572E-1 1.76395E-1 1.87191E-1 1.82501E-1 1.97968E-1 2.09241E-1 2.24504E-1 2.03067E-1 2.04752E-1 1.94448E-1 2.16062E-1 2.40071E-1 2.14487E-1 2.00336E-1 1.98398E-1 1.89862E-1 2.18741E-1 2.29023E-1 2.32337E-1 1.85517E-1 1.93145E-1 1.92098E-1 2.0435E-1 1.89134E-1 1.80227E-1 1.98855E-1 2.10555E-1 1.87946E-1 1.92135E-1 1.97195E-1 2.09036E-1 2.21944E-1 2.15063E-1 2.29093E-1 2.15868E-1 1.84509E-1 1.82784E-1 2.07211E-1 2.17266E-1 2.15203E-1 2.16785E-1 2.04405E-1 1.96769E-1 1.92888E-1 1.93169E-1 1.85507E-1 2.08305E-1 2.07185E-1
1.60204E-1 1.23697E-1 1.25911E-1 1.39322E-1 1.38156E-1 1.48013E-1 1.48057E-1 1.71181E-1 1.88429E-1 1.82985E-1 1.54848E-1 1.70368E-1 1.70686E-1 1.69209E-1 1.84314E-1 2.18489E-1 2.12334E-1 2.21169E-1 2.43872E-1 2.44111E-1 2.1521E-1 2.08676E-1 2.16017E-1 2.06407E-1 2.06603E-1 2.04729E-1 1.97951E-1 1.90244E-1 1.90077E-1 1.89064E-1 1.97434E-1 1.90073E-1 1.77206E-1 1.82208E-1 1.86798E-1 1.83508E-1 1.80362E-1 1.91555E-1 2.02168E-1 1.90354E-1 2.05418E-1 2.12179E-1 2.26482E-1 2.3454E-1 2.2315E-1 2.04456E-1 2.17621E-1 2.13533E-1 2.05665E-1 1.94962E-1 2.16796E-1 2.14332E-1 2.10351E-1 2.10371E-1 2.054E-1 2.02384E-1 1.95895E-1 2.09825E-1 1.90625E-1 2.1326E-1 2.15519E-1
1.61453E-1 1.29255E-1 1.33725E-1 1.40629E-1 1.43198E-1 1.51134E-1 1.81898E-1 2.00413E-1 2.15927E-1 1.98689E-1 1.91839E-1 1.79291E-1 1.88112E-1 1.95167E-1 1.6975E-1 1.91223E-1 2.0489E-1 2.1657E-1 2.21969E-1 1.9723E-1 1.8798E-1 1.92048E-1 1.9397E-1 1.943E-1 1.94195E-1 1.94748E-1 1.94158E-1 1.96075E-1 2.10737E-1 1.98996E-1 2.05141E-1 1.95879E-1 1.85678E-1 1.92339E-1 1.94395E-1 1.95157E-1 1.91863E-1 1.9273E-1 2.00138E-1 2.01457E-1 2.02575E-1 1.89553E-1 2.08333E-1 2.05416E-1 2.11037E-1 2.04227E-1 1.92025E-1 1.95933E-1 2.131E-1 2.01336E-1 2.0808E-1 2.11512E-1 2.18307E-1 2.11157E-1 2.21661E-1 2.21865E-1 2.10809E-1 2.19096E-1 1.96416E-1 2.07462E-1 2.15688E-1
1.33452E-1 1.32664E-1 1.40275E-1 1.5015E-1 1.60095E-1 1.59038E-1 1.77033E-1 1.93749E-1 2.09704E-1 2.06317E-1 1.80831E-1 2.01826E-1 2.14444E-1 1.78335E-1 1.94766E-1 2.10942E-1 2.06395E-1 2.12593E-1 2.03721E-1 2.03571E-1 1.97344E-1 1.9283E-1 1.91767E-1 2.10407E-1 2.08921E-1 2.26915E-1 2.28469E-1 2.21953E-1 2.08621E-1 2.09655E-1 2.15144E-1 2.15081E-1 2.02043E-1 1.97271E-1 1.99265E-1 2.02113E-1 2.00511E-1 1.91024E-1 1.9083E-1 1.91765E-1 1.85869E-1 1.86636E-1 1.85964E-1 1.74344E-1 1.83421E-1 1.91181E-1 1.84167E-1 2.1379E-1 2.27087E-1 2.36159E-1 2.12907E-1 2.23232E-1 2.19825E-1 2.34572E-1 2.4238E-1 2.17557E-1 1.95957E-1 2.21936E-1 2.07676E-1 2.05387E-1 2.22E-1
1.35336E-1 1.38599E-1 1.47522E-1 1.54462E-1 1.72201E-1 1.74733E-1 1.99354E-1 2.05881E-1 2.12678E-1 1.93063E-1 1.90729E-1 2.08896E-1 1.93126E-1 1.74871E-1 2.06638E-1 2.16492E-1 2.20323E-1 2.07286E-1 2.22249E-1 2.21661E-1 2.2597E-1 2.2378E-1 2.36663E-1 2.48646E-1 2.29347E-1 2.31012E-1 2.28837E-1 2.10454E-1 2.25877E-1 2.13221E-1 2.18203E-1 2.26311E-1 2.07848E-1 2.11846E-1 2.11383E-1 2.04984E-1 2.07288E-1 2.02174E-1 2.02409E-1 2.09559E-1 2.10412E-1 2.08503E-1 1.95385E-1 2.00174E-1 1.91926E-1 2.11811E-1 2.31012E-1 2.38328E-1 2.23034E-1 2.26609E-1 2.28884E-1 2.37691E-1 2.37258E-1 2.32414E-1 2.31961E-1 2.2469E-1 2.32127E-1 2.23762E-1 2.28003E-1 2.59553E-1 2.42831E-1
1.40595E-1 1.57081E-1 1.91596E-1 1.9461E-1 1.87585E-1 1.99948E-1 2.10889E-1 2.1187E-1 2.24459E-1 2.17914E-1 2.16577E-1 2.02401E-1 1.83895E-1 1.86017E-1 2.01747E-1 2.15784E-1 2.08446E-1 2.25293E-1 2.30422E-1 2.09009E-1 2.21996E-1 2.3799E-1 2.49419E-1 2.32856E-1 2.49859E-1 2.49858E-1 2.41594E-1 2.23663E-1 2.4529E-1 2.13394E-1 2.14467E-1 2.21928E-1 2.02123E-1 2.26715E-1 2.3546E-1 2.08802E-1 2.19959E-1 2.29306E-1 2.24126E-1 2.36862E-1 2.37515E-1 2.14802E-1 2.23471E-1 2.06004E-1 2.19302E-1 2.24067E-1 2.07297E-1 2.00881E-1 2.18903E-1 2.20218E-1 2.19101E-1 2.23388E-1 2.26096E-1 2.31838E-1 2.26166E-1 2.21463E-1 2.39552E-1 2.50044E-1 2.67858E-1 2.62263E-1 2.37545E-1
1.75264E-1 1.82635E-1 2.052E-1 2.09183E-1 1.9665E-1 1.91894E-1 2.09698E-1 2.02242E-1 2.01143E-1 1.86722E-1 1.76807E-1 1.85012E-1 1.85224E-1 2.1874E-1 2.5699E-1 2.32109E-1 2.09755E-1 2.40179E-1 2.50761E-1 2.17021E-1 2.43373E-1 2.39506E-1 2.6502E-1 2.65139E-1 2.44287E-1 2.24435E-1 2.24332E-1 2.09915E-1 2.15892E-1 2.11531E-1 2.35449E-1 2.48145E-1 2.43356E-1 2.13773E-1 2.31514E-1 2.11527E-1 2.07518E-1 2.1879E-1 2.29576E-1 2.2878E-1 2.45008E-1 2.39802E-1 2.57802E-1 2.26493E-1 2.23523E-1 2.12324E-1 2.33995E-1 2.50558E-1 2.48594E-1 2.34441E-1 2.22488E-1 2.32687E-1 2.51488E-1 2.13439E-1 1.97759E-1 1.91939E-1 2.21939E-1 2.24382E-1 2.50354E-1 2.3918E-1 2.40129E-1
2.11812E-1 2.12413E-1 2.0868E-1 2.08844E-1 2.08848E-1 2.10069E-1 2.07234E-1 2.05801E-1 2.23537E-1 2.0009E-1 2.09993E-1 2.07072E-1 1.9931E-1 2.16229E-1 2.22109E-1 2.1894E-1 2.54012E-1 2.53272E-1 2.3522E-1 2.01355E-1 2.10686E-1 2.48936E-1 2.60954E-1 2.44024E-1 2.17349E-1 2.10271E-1 2.17705E-1 2.15401E-1 2.42563E-1 2.38911E-1 2.4905E-1 2.74833E-1 2.56483E-1 2.14102E-1 2.06413E-1 2.17543E-1 2.11393E-1 2.13205E-1 2.32372E-1 2.39075E-1 2.34241E-1 2.52608E-1 2.50335E-1 2.43931E-1 2.63686E-1 2.62227E-1 2.55632E-1 2.40644E-1 2.34118E-1 2.34827E-1 2.38243E-1 2.44967E-1 2.57612E-1 2.37462E-1 2.16978E-1 1.9351E-1 2.25696E-1 2.12011E-1 1.9605E-1 1.90744E-1 2.13281E-1
1.73038E-1 1.70719E-1 1.85836E-1 2.05698E-1 2.09884E-1 2.26164E-1 2.36188E-1 2.32343E-1 2.4888E-1 2.28742E-1 2.04838E-1 2.05204E-1 2.31652E-1 2.4741E-1 2.62447E-1 2.62066E-1 2.38568E-1 2.31046E-1 2.02819E-1 1.99997E-1 2.01605E-1 2.07523E-1 2.15191E-1 2.06302E-1 2.11369E-1 2.19888E-1 2.04533E-1 2.38011E-1 2.55928E-1 2.55302E-1 2.68829E-1 2.4768E-1 2.19883E-1 2.0083E-1 2.06081E-1 2.36921E-1 2.34601E-1 2.26257E-1 2.33393E-1 2.34308E-1 2.43475E-1 2.26566E-1 2.19709E-1 2.43964E-1 2.56877E-1 2.38333E-1 2.30309E-1 2.2106E-1 2.29809E-1 2.40298E-1 2.47147E-1 2.55137E-1 2.49812E-1 2.10071E-1 2.08229E-1 2.02007E-1 2.20614E-1 1.94895E-1 2.00061E-1 1.98517E-1 1.9533E-1
2.02682E-1 1.80153E-1 1.82909E-1 1.92888E-1 1.96883E-1 2.03629E-1 2.16164E-1 2.12877E-1 2.00709E-1 2.19248E-1 2.17883E-1 2.21347E-1 2.27178E-1 2.24896E-1 2.20419E-1 2.26998E-1 2.23316E-1 2.14805E-1 2.20068E-1 2.50312E-1 2.35624E-1 2.07775E-1 2.07141E-1 2.00122E-1 2.10285E-1 2.22889E-1 2.22255E-1 2.52203E-1 2.45925E-1 2.53058E-1 2.34205E-1 2.00213E-1 1.81876E-1 1.93455E-1 2.24272E-1 2.51801E-1 2.38802E-1 2.21413E-1 2.43385E-1 2.31686E-1 2.10581E-1 2.10086E-1 2.44473E-1 2.37629E-1 1.89405E-1 1.96435E-1 1.97418E-1 2.16895E-1 2.33616E-1 2.41017E-1 2.51499E-1 2.39763E-1 2.19697E-1 2.21719E-1 2.20893E-1 2.04905E-1 2.02327E-1 2.32538E-1 2.35525E-1 2.26178E-1 2.07353E-1
1.86508E-1 1.79275E-1 1.90361E-1 1.95725E-1 2.21911E-1 2.08715E-1 1.79151E-1 1.75782E-1 1.83E-1 1.74692E-1 1.72786E-1 1.76066E-1 1.8604E-1 1.86686E-1 1.88197E-1 1.89002E-1 1.94248E-1 1.90746E-1 1.99216E-1 1.98439E-1 1.99719E-1 2.0033E-1 2.39004E-1 2.32379E-1 2.13638E-1 2.20637E-1 2.41979E-1 2.4401E-1 2.3034E-1 2.05426E-1 1.908E-1 1.90079E-1 2.12609E-1 2.33018E-1 2.37505E-1 2.49247E-1 2.23839E-1 2.10041E-1 2.14665E-1 2.17623E-1 2.04473E-1 2.24093E-1 2.12025E-1 1.99957E-1 2.02363E-1 1.97413E-1 1.93068E-1 2.15364E-1 2.33344E-1 2.67736E-1 2.283E-1 2.09598E-1 2.07735E-1 2.17425E-1 2.2599E-1 2.16863E-1 2.41773E-1 2.66201E-1 2.85576E-1 3.12756E-1 2.5335E-1
1.71845E-1 1.80655E-1 2.08494E-1 1.84699E-1 1.75302E-1 1.74889E-1 1.70495E-1 1.77953E-1 1.72281E-1 1.92926E-1 1.88581E-1 2.13113E-1 2.11919E-1 2.2184E-1 2.28109E-1 2.2602E-1 2.23302E-1 2.49971E-1 2.26935E-1 2.1288E-1 2.05831E-1 2.00144E-1 2.20078E-1 2.21761E-1 2.12128E-1 2.26885E-1 2.2303E-1 2.19912E-1 2.57785E-1 2.11115E-1 2.13117E-1 2.11147E-1 2.54735E-1 2.55925E-1 2.56947E-1 2.73568E-1 2.44111E-1 2.40726E-1 2.45417E-1 2.36429E-1 2.35952E-1 2.25915E-1 2.26713E-1 2.40613E-1 2.24469E-1 2.17712E-1 2.19772E-1 2.27014E-1 2.44602E-1 2.45993E-1 2.23485E-1 2.08706E-1 2.06631E-1 2.14657E-1 2.6183E-1 2.48017E-1 2.15691E-1 2.31666E-1 2.75749E-1 2.70773E-1 2.15917E-1
1.81342E-1 2.02904E-1 2.18484E-1 2.41994E-1 2.02036E-1 2.18175E-1 2.22253E-1 2.2731E-1 2.37541E-1 2.11962E-1 2.0279E-1 2.12518E-1 2.23729E-1 2.44524E-1 2.25792E-1 2.20564E-1 2.23074E-1 2.47496E-1 2.51751E-1 2.37793E-1 2.40507E-1 2.06734E-1 2.42398E-1 2.24938E-1 2.1764E-1 2.309E-1 2.60571E-1 2.67062E-1 2.21839E-1 2.19625E-1 2.06294E-1 2.4408E-1 2.68689E-1 2.53475E-1 2.50705E-1 2.81976E-1 2.48712E-1 2.68882E-1 2.6707E-1 2.89671E-1 2.99975E-1 2.29564E-1 2.1864E-1 2.24932E-1 2.13889E-1 2.17167E-1 2.17809E-1 2.71118E-1 2.70978E-1 2.36368E-1 2.30019E-1 2.38552E-1 2.45142E-1 2.28443E-1 2.23822E-1 2.19345E-1 2.13722E-1 2.24648E-1 2.22764E-1 2.22301E-1 2.42896E-1
2.28566E-1 1.92073E-1 2.06E-1 2.22854E-1 1.98309E-1 2.24746E-1 2.1626E-1 2.43815E-1 2.38525E-1 2.18748E-1 2.2426E-1 2.0196E-1 1.90686E-1 1.81451E-1 1.74077E-1 1.9563E-1 1.90461E-1 2.12E-1 1.99576E-1 2.02672E-1 2.0869E-1 1.9918E-1 2.21104E-1 2.32976E-1 2.21199E-1 2.42577E-1 2.72905E-1 2.21643E-1 2.14705E-1 1.94393E-1 2.11462E-1 2.30143E-1 2.22335E-1 2.19757E-1 2.2431E-1 2.24433E-1 2.25883E-1 2.19103E-1 2.41628E-1 2.72549E-1 2.33078E-1 2.32482E-1 2.3E-1 2.51745E-1 2.46249E-1 2.32072E-1 2.57318E-1 2.6746E-1 2.32646E-1 2.17903E-1 2.16437E-1 2.17335E-1 2.31376E-1 2.2473E-1 2.36661E-1 2.1991E-1 2.45733E-1 2.77045E-1 2.59802E-1 2.49419E-1 2.19891E-1
