Artocarpus heterophyllus SDM files/MIS19/results (without bias file)/Arthet_1.asc
ncols         625
nrows         721
xllcorner     69.99986311115
yllcorner     5.99986187915
cellsize      0.041666667
NODATA_value  -9999
[rows 81 to 107 of 721, columns 61 to 121 of 625]
1.28237E-1 1.02734E-1 1.05553E-1 1.06356E-1 9.19947E-2 8.06908E-2 8.58875E-2 8.32978E-2 8.9149E-2 9.66893E-2 9.05281E-2 9.10243E-2 1.04234E-1 1.17479E-1 1.25618E-1 1.24703E-1 1.28369E-1 1.25204E-1 1.19667E-1 1.09746E-1 1.02739E-1 1.04231E-1 1.22506E-1 1.30281E-1 1.29028E-1 1.20959E-1 1.21044E-1 1.20402E-1 1.20903E-1 1.26378E-1 1.26679E-1 1.21193E-1 1.23375E-1 1.24544E-1 1.24286E-1 1.24194E-1 1.2512E-1 1.24057E-1 1.23534E-1 1.24441E-1 1.1994E-1 1.2006E-1 1.20749E-1 1.14968E-1 1.24537E-1 1.26937E-1 1.29874E-1 1.35278E-1 1.40208E-1 1.37148E-1 1.41444E-1 1.51845E-1 1.54348E-1 1.58702E-1 1.46728E-1 1.43336E-1 1.32959E-1 1.23546E-1 1.29563E-1 1.27458E-1 1.16879E-1
8.85943E-2 1.00485E-1 7.51843E-2 8.10624E-2 8.93507E-2 9.98309E-2 1.05343E-1 9.88684E-2 9.50787E-2 9.33771E-2 9.80508E-2 1.09318E-1 1.22102E-1 1.35483E-1 1.42938E-1 1.45343E-1 1.41571E-1 1.43652E-1 1.39944E-1 1.28737E-1 1.3058E-1 1.25928E-1 1.31041E-1 1.30002E-1 1.23809E-1 1.20471E-1 1.21422E-1 1.21248E-1 1.21503E-1 1.22568E-1 1.17352E-1 1.17683E-1 1.19001E-1 1.19822E-1 1.19191E-1 1.19617E-1 1.25658E-1 1.20629E-1 1.20716E-1 1.20833E-1 1.20836E-1 1.20442E-1 1.19319E-1 1.25105E-1 1.22575E-1 1.27255E-1 1.25346E-1 1.30991E-1 1.3458E-1 1.38554E-1 1.43096E-1 1.41866E-1 1.38423E-1 1.36873E-1 1.36746E-1 1.32429E-1 1.32967E-1 1.26043E-1 1.1152E-1 1.0618E-1 1.29667E-1
6.24647E-2 7.21827E-2 8.26919E-2 9.76834E-2 1.07248E-1 1.18009E-1 1.18623E-1 1.16142E-1 1.21631E-1 1.24293E-1 1.27867E-1 1.3004E-1 1.3954E-1 1.47625E-1 1.49487E-1 1.53539E-1 1.48066E-1 1.54694E-1 1.51047E-1 1.38407E-1 1.40651E-1 1.35473E-1 1.29619E-1 1.23922E-1 1.20166E-1 1.21195E-1 1.16215E-1 1.1731E-1 1.18327E-1 1.179E-1 1.13262E-1 1.1346E-1 1.14571E-1 1.14382E-1 1.2026E-1 1.20623E-1 1.21044E-1 1.21727E-1 1.21933E-1 1.20845E-1 1.20438E-1 1.25322E-1 1.19449E-1 1.2002E-1 1.24346E-1 1.22682E-1 1.27412E-1 1.26071E-1 1.30844E-1 1.28983E-1 1.2838E-1 1.28364E-1 1.32134E-1 1.30348E-1 1.33652E-1 1.38168E-1 1.43645E-1 1.34935E-1 1.28175E-1 1.13242E-1 1.10876E-1
7.47132E-2 8.1719E-2 8.74985E-2 1.06682E-1 1.12738E-1 1.24806E-1 1.243E-1 1.33719E-1 1.33492E-1 1.41938E-1 1.38657E-1 1.43376E-1 1.40597E-1 1.43152E-1 1.47544E-1 1.4644E-1 1.42362E-1 1.39599E-1 1.37869E-1 1.34701E-1 1.29061E-1 1.29453E-1 1.25485E-1 1.20666E-1 1.16475E-1 1.12186E-1 1.12322E-1 1.1248E-1 1.12759E-1 1.13062E-1 1.13329E-1 1.09874E-1 1.15182E-1 1.1465E-1 1.15336E-1 1.15236E-1 1.16552E-1 1.15942E-1 1.21594E-1 1.21913E-1 1.22394E-1 1.16072E-1 1.19676E-1 1.20048E-1 1.19808E-1 1.19393E-1 1.22853E-1 1.21465E-1 1.2221E-1 1.21502E-1 1.21496E-1 1.25665E-1 1.30179E-1 1.31751E-1 1.35193E-1 1.39682E-1 1.42799E-1 1.36173E-1 1.27853E-1 1.23363E-1 1.27956E-1
8.4679E-2 9.25367E-2 9.95688E-2 1.11799E-1 1.1702E-1 1.27752E-1 1.27166E-1 1.3809E-1 1.41537E-1 1.39622E-1 1.43576E-1 1.40513E-1 1.37891E-1 1.34152E-1 1.33077E-1 1.36605E-1 1.35868E-1 1.32919E-1 1.30929E-1 1.34472E-1 1.24839E-1 1.19876E-1 1.15557E-1 1.16152E-1 1.12456E-1 1.11883E-1 1.12072E-1 1.1191E-1 1.12445E-1 1.12759E-1 1.13311E-1 1.14034E-1 1.10146E-1 1.10639E-1 1.10965E-1 1.119E-1 1.11695E-1 1.16896E-1 1.16525E-1 1.16613E-1 1.16904E-1 1.16463E-1 1.17111E-1 1.16625E-1 1.15682E-1 1.14761E-1 1.15508E-1 1.16284E-1 1.14167E-1 1.19319E-1 1.18622E-1 1.22059E-1 1.25024E-1 1.29019E-1 1.31776E-1 1.31166E-1 1.34481E-1 1.3255E-1 1.30161E-1 1.32208E-1 1.18506E-1
9.25798E-2 9.81513E-2 1.02837E-1 1.1166E-1 1.19194E-1 1.23763E-1 1.33024E-1 1.34714E-1 1.40662E-1 1.3694E-1 1.3416E-1 1.38276E-1 1.35104E-1 1.39344E-1 1.37216E-1 1.30371E-1 1.28158E-1 1.31761E-1 1.29235E-1 1.221E-1 1.24651E-1 1.2019E-1 1.15878E-1 1.11452E-1 1.1174E-1 1.11757E-1 1.12141E-1 1.12775E-1 1.08213E-1 1.09304E-1 1.10083E-1 1.10826E-1 1.10743E-1 1.11061E-1 1.06488E-1 1.12083E-1 1.12152E-1 1.11888E-1 1.12388E-1 1.1309E-1 1.12986E-1 1.12386E-1 1.1248E-1 1.12624E-1 1.12429E-1 1.13231E-1 1.08226E-1 1.0856E-1 1.07794E-1 1.10735E-1 1.15347E-1 1.19581E-1 1.23692E-1 1.21039E-1 1.25524E-1 1.28546E-1 1.26469E-1 1.29575E-1 1.27179E-1 1.25396E-1 1.21413E-1
9.05235E-2 1.05322E-1 1.06332E-1 1.1361E-1 1.15741E-1 1.17463E-1 1.27432E-1 1.31332E-1 1.36032E-1 1.3397E-1 1.31681E-1 1.30066E-1 1.33599E-1 1.2656E-1 1.25725E-1 1.22485E-1 1.21876E-1 1.25979E-1 1.18481E-1 1.23185E-1 1.15273E-1 1.16383E-1 1.10743E-1 1.16682E-1 1.1179E-1 1.12352E-1 1.08734E-1 1.09214E-1 1.04354E-1 1.04923E-1 1.06023E-1 1.05905E-1 1.06022E-1 1.06165E-1 1.06461E-1 1.07365E-1 1.07614E-1 1.07726E-1 1.08623E-1 1.08526E-1 1.09469E-1 1.09759E-1 1.10311E-1 1.05247E-1 1.04895E-1 1.05112E-1 1.05189E-1 1.1009E-1 1.09842E-1 1.07686E-1 1.12608E-1 1.15356E-1 1.14887E-1 1.19035E-1 1.22614E-1 1.1975E-1 1.2429E-1 1.2278E-1 1.19241E-1 1.17948E-1 1.21301E-1
9.32642E-2 9.47099E-2 9.6529E-2 1.05634E-1 1.07529E-1 1.18246E-1 1.16829E-1 1.24564E-1 1.25253E-1 1.27294E-1 1.25329E-1 1.23681E-1 1.2153E-1 1.25554E-1 1.17913E-1 1.16903E-1 1.14638E-1 1.14159E-1 1.12912E-1 1.11356E-1 1.1274E-1 1.14374E-1 1.15948E-1 1.11934E-1 1.12461E-1 1.07963E-1 1.08594E-1 1.03661E-1 1.04286E-1 1.05013E-1 1.05692E-1 1.0649E-1 1.06499E-1 1.06766E-1 1.07339E-1 1.02787E-1 1.04457E-1 1.05356E-1 1.05362E-1 1.05716E-1 1.0563E-1 1.06139E-1 1.02141E-1 1.02446E-1 1.02397E-1 1.02618E-1 1.07052E-1 1.06103E-1 1.05121E-1 1.05241E-1 1.09326E-1 1.13032E-1 1.12335E-1 1.1622E-1 1.19455E-1 1.18608E-1 1.17378E-1 1.20387E-1 1.19493E-1 1.17971E-1 1.21887E-1
7.93242E-2 8.40386E-2 9.21966E-2 9.31049E-2 1.02853E-1 1.05254E-1 1.15293E-1 1.18407E-1 1.22648E-1 1.18212E-1 1.2334E-1 1.15455E-1 1.2E-1 1.17992E-1 1.1065E-1 1.14974E-1 1.1613E-1 1.07934E-1 1.09344E-1 1.11651E-1 1.09455E-1 1.12619E-1 1.10235E-1 1.10274E-1 1.07269E-1 1.08244E-1 1.07964E-1 1.03453E-1 1.05231E-1 1.04875E-1 1.064E-1 1.01247E-1 1.02793E-1 1.03247E-1 9.90803E-2 9.99862E-2 1.0017E-1 1.00563E-1 1.0126E-1 1.01657E-1 1.02211E-1 1.0294E-1 1.02431E-1 1.03328E-1 9.93281E-2 1.03246E-1 1.03403E-1 1.0285E-1 1.07748E-1 1.06779E-1 1.11889E-1 1.09342E-1 1.14321E-1 1.14272E-1 1.12682E-1 1.1696E-1 1.14969E-1 1.15536E-1 1.1331E-1 1.16425E-1 1.15094E-1
7.42786E-2 7.99632E-2 8.24871E-2 8.97397E-2 9.72411E-2 9.9544E-2 1.05405E-1 1.08576E-1 1.11981E-1 1.1536E-1 1.15225E-1 1.13182E-1 1.11993E-1 1.15479E-1 1.09406E-1 1.08574E-1 1.09215E-1 1.10298E-1 1.06847E-1 1.09872E-1 1.08736E-1 1.11785E-1 1.09415E-1 1.11937E-1 1.06913E-1 1.02596E-1 1.0315E-1 1.03852E-1 1.0447E-1 1.00241E-1 1.02055E-1 9.78691E-2 9.84741E-2 9.86536E-2 9.94041E-2 1.00016E-1 9.75147E-2 9.75684E-2 9.81036E-2 9.87997E-2 9.89859E-2 9.95027E-2 9.98535E-2 1.00226E-1 1.00439E-1 1.00726E-1 1.00398E-1 1.04961E-1 1.0392E-1 1.07661E-1 1.06808E-1 1.11646E-1 1.11715E-1 1.11467E-1 1.10989E-1 1.10204E-1 1.14408E-1 1.12707E-1 1.17259E-1 1.1645E-1 1.15219E-1
7.09624E-2 7.27035E-2 7.66364E-2 8.48987E-2 8.62184E-2 9.18923E-2 9.39376E-2 9.79081E-2 1.06298E-1 1.07883E-1 1.11338E-1 1.10872E-1 1.09574E-1 1.03931E-1 1.02629E-1 9.90686E-2 1.02786E-1 1.0615E-1 1.04774E-1 1.02665E-1 1.01387E-1 1.04136E-1 1.02078E-1 1.04142E-1 1.06713E-1 1.026E-1 1.03916E-1 9.98842E-2 1.00421E-1 1.01174E-1 9.70782E-2 9.87832E-2 9.56946E-2 9.62469E-2 9.59518E-2 9.69295E-2 9.76084E-2 9.80393E-2 9.84961E-2 9.88738E-2 9.96091E-2 9.61783E-2 9.69635E-2 9.65088E-2 1.00385E-1 1.00686E-1 1.00151E-1 1.00487E-1 1.05035E-1 1.03946E-1 1.03894E-1 1.0413E-1 1.08874E-1 1.08452E-1 1.0861E-1 1.08086E-1 1.12404E-1 1.1212E-1 1.15127E-1 1.14557E-1 1.12616E-1
6.76249E-2 6.83202E-2 7.38138E-2 7.41388E-2 8.30761E-2 8.21094E-2 8.39631E-2 9.19467E-2 9.33495E-2 1.0263E-1 1.06165E-1 1.0117E-1 1.05795E-1 1.05166E-1 9.67646E-2 1.00363E-1 1.04275E-1 1.0506E-1 1.0373E-1 1.00715E-1 9.82986E-2 1.02075E-1 9.99408E-2 9.84628E-2 1.01501E-1 9.82361E-2 9.93056E-2 9.94308E-2 9.98852E-2 1.00817E-1 9.67475E-2 9.8179E-2 9.51483E-2 9.56305E-2 9.70043E-2 9.71897E-2 9.4079E-2 9.46467E-2 9.52933E-2 9.59304E-2 9.65003E-2 9.70037E-2 9.7731E-2 9.79828E-2 9.78835E-2 9.76451E-2 1.02202E-1 1.01869E-1 1.01352E-1 1.05683E-1 1.01793E-1 1.06356E-1 1.05774E-1 1.0581E-1 1.05996E-1 1.05707E-1 1.10227E-1 1.09444E-1 1.09005E-1 1.12529E-1 1.16526E-1
6.07998E-2 6.39734E-2 6.97679E-2 7.24097E-2 7.61766E-2 7.69407E-2 7.73357E-2 7.91858E-2 8.71541E-2 9.20097E-2 9.4828E-2 9.79856E-2 9.70442E-2 9.35701E-2 9.28549E-2 9.76891E-2 9.74908E-2 9.65588E-2 9.43045E-2 9.56369E-2 9.56298E-2 9.3662E-2 9.77029E-2 9.66009E-2 9.40313E-2 9.70405E-2 9.90527E-2 9.4732E-2 9.56442E-2 9.73545E-2 9.37714E-2 9.46993E-2 9.50359E-2 9.57469E-2 9.67951E-2 9.38522E-2 9.48064E-2 9.48353E-2 9.57932E-2 9.27487E-2 9.34451E-2 9.6848E-2 9.74573E-2 9.86881E-2 9.52381E-2 9.90849E-2 9.92187E-2 9.9375E-2 9.84859E-2 9.96434E-2 1.03143E-1 1.03393E-1 1.02986E-1 1.07115E-1 1.03113E-1 1.07736E-1 1.07043E-1 1.11393E-1 1.10373E-1 1.10005E-1 1.1453E-1
5.83016E-2 5.85204E-2 6.31294E-2 6.69952E-2 6.70379E-2 6.8029E-2 7.3471E-2 7.16148E-2 7.91353E-2 8.19543E-2 8.58803E-2 8.23202E-2 8.56763E-2 9.06199E-2 9.08918E-2 8.8544E-2 8.78606E-2 8.61449E-2 8.83007E-2 9.39682E-2 9.16869E-2 8.98654E-2 9.38661E-2 9.18045E-2 9.64014E-2 9.40476E-2 9.18257E-2 9.47181E-2 9.56725E-2 9.23756E-2 9.32217E-2 9.43991E-2 9.15479E-2 9.27067E-2 9.34481E-2 9.42651E-2 9.47176E-2 9.13954E-2 9.25609E-2 9.36699E-2 9.35598E-2 9.4013E-2 9.47196E-2 9.48523E-2 9.53467E-2 9.91689E-2 9.95978E-2 9.5428E-2 1.00112E-1 9.96802E-2 9.95505E-2 1.03601E-1 1.04498E-1 1.04785E-1 1.0524E-1 1.08454E-1 1.08736E-1 1.08307E-1 1.07967E-1 1.12569E-1 1.11752E-1
5.21816E-2 5.80381E-2 5.80705E-2 6.03648E-2 5.91487E-2 6.40757E-2 6.61043E-2 6.80267E-2 6.9435E-2 7.21183E-2 7.97835E-2 8.26203E-2 8.22324E-2 8.43107E-2 8.18372E-2 8.12199E-2 8.37935E-2 8.63816E-2 8.57061E-2 8.43342E-2 8.80786E-2 8.73559E-2 8.51119E-2 8.79646E-2 8.73194E-2 9.07864E-2 9.42543E-2 9.22343E-2 8.89783E-2 9.10881E-2 9.19722E-2 8.84355E-2 8.97668E-2 8.70035E-2 8.73126E-2 8.9682E-2 9.06685E-2 9.17308E-2 9.21792E-2 9.32085E-2 9.40289E-2 9.3939E-2 9.43258E-2 9.4948E-2 9.64444E-2 9.59973E-2 9.65322E-2 9.63244E-2 9.65777E-2 1.00543E-1 1.00595E-1 1.01E-1 1.0024E-1 1.04071E-1 1.04369E-1 1.04591E-1 1.08046E-1 1.08312E-1 1.09694E-1 1.09539E-1 1.1343E-1
5.14457E-2 5.26726E-2 5.25595E-2 5.29812E-2 5.688E-2 5.78124E-2 6.34406E-2 6.17587E-2 6.22496E-2 7.07889E-2 6.8424E-2 7.36417E-2 7.5009E-2 7.4904E-2 7.4857E-2 7.82894E-2 7.65426E-2 8.07159E-2 7.87248E-2 8.0525E-2 7.96074E-2 8.42998E-2 8.76516E-2 8.58515E-2 8.36501E-2 8.583E-2 8.54806E-2 8.87483E-2 8.66933E-2 8.39659E-2 8.477E-2 8.64779E-2 8.85078E-2 8.92556E-2 9.06829E-2 8.70999E-2 8.8184E-2 8.8748E-2 8.96153E-2 9.23784E-2 9.21139E-2 9.30453E-2 9.3577E-2 9.45205E-2 9.48391E-2 9.63734E-2 9.60377E-2 9.65994E-2 9.60691E-2 1.00107E-1 1.01006E-1 1.01151E-1 1.05373E-1 1.05276E-1 1.05532E-1 1.05382E-1 1.05138E-1 1.05274E-1 1.05523E-1 1.0558E-1 1.06583E-1
4.39686E-2 4.51041E-2 4.80525E-2 5.66456E-2 5.86527E-2 5.24452E-2 5.57072E-2 5.66195E-2 6.39836E-2 6.4673E-2 6.27147E-2 6.79103E-2 6.61814E-2 7.26744E-2 7.3265E-2 7.05336E-2 7.41064E-2 7.31151E-2 7.51574E-2 7.8045E-2 7.65069E-2 8.15137E-2 8.02763E-2 7.7853E-2 7.62758E-2 7.94576E-2 8.23354E-2 8.08682E-2 8.39533E-2 8.6087E-2 8.3021E-2 8.48914E-2 8.57717E-2 8.734E-2 8.40962E-2 8.49138E-2 8.51772E-2 8.54375E-2 8.73561E-2 8.92216E-2 8.96351E-2 9.12099E-2 9.24168E-2 9.32176E-2 9.32788E-2 9.47924E-2 9.62413E-2 9.6779E-2 9.61502E-2 1.00486E-1 1.01325E-1 1.00973E-1 1.01557E-1 1.01525E-1 1.01058E-1 1.01177E-1 1.03051E-1 1.03279E-1 1.07218E-1 1.06168E-1 1.06927E-1
4.33433E-2 4.42845E-2 4.40216E-2 4.75275E-2 4.80287E-2 5.01355E-2 5.08378E-2 5.29628E-2 5.50484E-2 5.72328E-2 5.87953E-2 6.04342E-2 6.26613E-2 6.54981E-2 6.41103E-2 6.93522E-2 6.79982E-2 7.07806E-2 7.23953E-2 7.17615E-2 7.15488E-2 7.40826E-2 7.19771E-2 7.49738E-2 7.35895E-2 7.63682E-2 7.45585E-2 7.91382E-2 7.80763E-2 8.0092E-2 8.14734E-2 7.81384E-2 7.86891E-2 8.06917E-2 8.18039E-2 8.13222E-2 8.30313E-2 8.37906E-2 8.4852E-2 8.66097E-2 8.85006E-2 8.88047E-2 9.00714E-2 9.03819E-2 9.13766E-2 9.26403E-2 9.41962E-2 9.54804E-2 9.63287E-2 9.60819E-2 9.64231E-2 9.75609E-2 9.76518E-2 1.02516E-1 1.02519E-1 1.03151E-1 1.02518E-1 1.02219E-1 1.03364E-1 1.04071E-1 1.04352E-1
3.97029E-2 4.09092E-2 4.15179E-2 4.45549E-2 4.19185E-2 4.65569E-2 4.66021E-2 4.87461E-2 5.0677E-2 4.99396E-2 5.25445E-2 5.49239E-2 5.66467E-2 5.66782E-2 6.5404E-2 6.49932E-2 6.87422E-2 6.63552E-2 6.99131E-2 6.89664E-2 6.8027E-2 6.99114E-2 6.9375E-2 7.30571E-2 7.18073E-2 7.00738E-2 7.32525E-2 7.55085E-2 7.42627E-2 7.76014E-2 7.59009E-2 7.56987E-2 1.16023E-1 1.18349E-1 1.1893E-1 1.22397E-1 1.25159E-1 1.26601E-1 8.43511E-2 1.33481E-1 8.54188E-2 8.66523E-2 8.69589E-2 8.8579E-2 8.83648E-2 8.97565E-2 9.02045E-2 9.14178E-2 9.1827E-2 9.47494E-2 9.57075E-2 9.64969E-2 9.67585E-2 9.70068E-2 9.73817E-2 1.02575E-1 9.89641E-2 1.03857E-1 1.0045E-1 1.01001E-1 1.01188E-1
3.61744E-2 3.57164E-2 3.84352E-2 3.90987E-2 3.94717E-2 4.19561E-2 4.35907E-2 4.39468E-2 4.31093E-2 4.59147E-2 4.77379E-2 4.85206E-2 5.21526E-2 5.61111E-2 5.74245E-2 5.82232E-2 6.12601E-2 6.55777E-2 6.90797E-2 6.32576E-2 6.55918E-2 6.52549E-2 6.75544E-2 6.61547E-2 6.92609E-2 6.84201E-2 6.69725E-2 6.91855E-2 7.19913E-2 7.1617E-2 1.08366E-1 1.10109E-1 1.11589E-1 1.15496E-1 1.15125E-1 1.1803E-1 1.22008E-1 1.22055E-1 1.2815E-1 1.30086E-1 1.31772E-1 1.33384E-1 1.36535E-1 1.39904E-1 8.68801E-2 8.70573E-2 8.73915E-2 8.89209E-2 8.83966E-2 9.08755E-2 9.05209E-2 9.25424E-2 9.36866E-2 9.48697E-2 9.50833E-2 9.68923E-2 9.70333E-2 9.80028E-2 9.85158E-2 9.81792E-2 1.01426E-1
3.48872E-2 3.59634E-2 3.44968E-2 3.37213E-2 3.50048E-2 3.58224E-2 3.74867E-2 3.83101E-2 4.10579E-2 4.2643E-2 4.61851E-2 4.808E-2 4.88683E-2 5.21526E-2 5.28348E-2 5.72673E-2 6.13535E-2 6.13219E-2 5.90128E-2 6.22175E-2 6.0067E-2 6.25617E-2 6.23996E-2 6.38697E-2 6.3173E-2 6.49627E-2 9.20906E-2 6.73753E-2 1.00325E-1 1.06155E-1 1.04327E-1 1.06358E-1 1.07862E-1 1.10105E-1 1.12146E-1 1.15593E-1 1.18123E-1 1.23244E-1 1.24076E-1 1.25484E-1 1.28815E-1 1.3066E-1 1.33582E-1 1.34097E-1 1.34931E-1 1.37795E-1 8.49358E-2 8.66712E-2 8.78007E-2 8.81641E-2 8.6863E-2 8.76191E-2 9.15636E-2 9.2462E-2 9.3389E-2 9.42616E-2 9.48876E-2 9.35898E-2 9.40552E-2 9.48491E-2 9.83913E-2
2.91472E-2 3.0529E-2 3.19639E-2 3.1776E-2 3.15511E-2 3.44622E-2 3.47939E-2 3.45484E-2 3.96624E-2 3.8899E-2 3.95645E-2 4.347E-2 4.45089E-2 4.62411E-2 5.0086E-2 5.53086E-2 5.8177E-2 5.91451E-2 5.76693E-2 5.91578E-2 5.83217E-2 5.74244E-2 5.92805E-2 5.82865E-2 6.16488E-2 6.30197E-2 8.7179E-2 9.08059E-2 9.19075E-2 9.24205E-2 9.71449E-2 1.01197E-1 1.05874E-1 1.07432E-1 1.09673E-1 1.1369E-1 1.15275E-1 1.19163E-1 1.18659E-1 1.21915E-1 1.23853E-1 1.26119E-1 1.26809E-1 1.28528E-1 1.31564E-1 1.31938E-1 1.35152E-1 8.26969E-2 8.46393E-2 8.43133E-2 8.57946E-2 8.65717E-2 8.73179E-2 8.78328E-2 8.83255E-2 8.92862E-2 9.06093E-2 9.07705E-2 9.12758E-2 9.35278E-2 9.43284E-2
2.80717E-2 2.97906E-2 2.93695E-2 2.9816E-2 3.12168E-2 3.10996E-2 3.27246E-2 3.49644E-2 3.32936E-2 3.5361E-2 3.88697E-2 3.89137E-2 3.84683E-2 4.38235E-2 4.86361E-2 4.949E-2 4.84092E-2 5.19681E-2 5.44715E-2 5.82396E-2 5.70427E-2 5.54322E-2 5.68135E-2 5.68777E-2 5.88618E-2 8.05608E-2 8.35252E-2 8.44345E-2 8.72671E-2 9.00288E-2 9.22084E-2 9.81653E-2 1.02145E-1 1.03652E-1 1.09047E-1 1.08806E-1 1.12301E-1 1.14444E-1 1.15207E-1 1.18906E-1 1.19588E-1 1.2287E-1 1.23437E-1 1.26573E-1 1.2829E-1 1.30378E-1 1.29874E-1 1.28784E-1 1.31764E-1 1.35548E-1 8.33144E-2 8.47384E-2 8.53303E-2 8.58833E-2 8.76919E-2 8.71049E-2 8.75698E-2 8.95356E-2 9.02019E-2 9.06342E-2 9.26425E-2
2.56857E-2 2.66116E-2 2.62466E-2 2.78556E-2 2.82714E-2 2.96111E-2 2.96517E-2 3.21177E-2 3.19906E-2 3.42721E-2 3.66117E-2 3.60833E-2 3.85435E-2 4.18954E-2 4.0138E-2 4.17819E-2 4.56267E-2 5.02295E-2 5.11038E-2 5.05628E-2 5.17043E-2 5.26924E-2 5.30466E-2 5.4383E-2 7.32216E-2 7.36376E-2 7.77818E-2 8.10389E-2 8.29949E-2 8.67343E-2 8.98786E-2 9.40486E-2 9.94504E-2 1.03301E-1 1.04802E-1 1.05793E-1 1.07634E-1 1.1135E-1 1.1322E-1 1.15383E-1 1.15211E-1 1.19309E-1 1.2211E-1 1.21499E-1 1.22253E-1 1.23688E-1 1.24518E-1 1.26403E-1 1.29757E-1 1.33478E-1 1.33561E-1 8.24255E-2 8.28284E-2 8.26089E-2 8.42148E-2 8.38493E-2 8.52758E-2 8.57413E-2 8.76198E-2 8.90663E-2 8.91614E-2
2.47912E-2 2.42755E-2 2.5395E-2 2.71804E-2 2.72301E-2 2.71017E-2 2.89444E-2 2.89827E-2 2.94116E-2 3.08296E-2 3.24297E-2 3.20663E-2 3.72153E-2 3.87084E-2 3.7859E-2 4.02482E-2 4.23948E-2 4.32341E-2 4.5372E-2 4.7698E-2 5.05628E-2 5.01562E-2 4.94877E-2 7.16972E-2 7.21718E-2 7.42923E-2 7.38484E-2 7.63156E-2 8.00934E-2 8.21527E-2 8.61241E-2 9.00756E-2 9.62701E-2 9.87603E-2 1.01829E-1 1.01965E-1 1.05114E-1 1.08086E-1 1.09779E-1 1.12001E-1 1.13237E-1 1.16762E-1 1.17843E-1 1.1555E-1 1.18379E-1 1.18258E-1 1.22244E-1 1.23671E-1 1.23913E-1 1.26556E-1 1.2834E-1 1.28845E-1 1.30515E-1 8.12599E-2 8.22661E-2 8.33351E-2 8.38813E-2 8.42947E-2 8.6522E-2 8.6718E-2 8.85137E-2
2.1847E-2 2.38852E-2 2.35612E-2 2.32303E-2 2.50544E-2 2.66477E-2 2.62765E-2 2.61292E-2 2.76955E-2 2.87964E-2 3.06964E-2 3.24713E-2 3.35265E-2 3.36673E-2 3.62242E-2 3.63014E-2 3.91576E-2 4.27747E-2 4.31828E-2 4.36447E-2 4.66986E-2 4.57117E-2 4.73695E-2 6.3163E-2 6.51228E-2 7.21991E-2 7.0552E-2 7.21902E-2 7.49185E-2 8.16571E-2 8.48176E-2 8.69621E-2 8.96884E-2 9.39582E-2 1.00043E-1 1.0008E-1 1.02263E-1 1.05092E-1 1.06682E-1 1.06935E-1 1.09374E-1 1.10003E-1 1.13115E-1 1.13713E-1 1.16505E-1 1.17515E-1 1.19533E-1 1.2095E-1 1.21913E-1 1.22414E-1 1.24549E-1 1.24897E-1 1.26454E-1 1.27558E-1 8.09059E-2 8.20932E-2 8.32189E-2 8.42576E-2 8.43991E-2 8.52563E-2 8.64656E-2
2.18374E-2 2.20201E-2 2.31801E-2 2.32259E-2 2.29225E-2 2.29167E-2 2.24252E-2 2.50467E-2 2.56914E-2 2.76639E-2 3.09202E-2 2.99362E-2 3.02244E-2 3.25664E-2 3.23675E-2 3.48275E-2 3.76811E-2 3.81123E-2 4.04725E-2 4.24985E-2 4.52036E-2 4.48667E-2 6.17101E-2 6.0883E-2 6.33943E-2 6.41939E-2 6.73501E-2 7.09722E-2 7.55041E-2 7.76714E-2 7.94811E-2 8.38024E-2 8.75867E-2 9.04258E-2 9.46416E-2 9.8932E-2 1.00282E-1 1.00723E-1 1.03365E-1 1.0554E-1 1.049E-1 1.06539E-1 1.12103E-1 1.13906E-1 1.16072E-1 1.14652E-1 1.15454E-1 1.17098E-1 1.1856E-1 1.18963E-1 1.18906E-1 1.21314E-1 1.233E-1 1.26376E-1 1.28416E-1 7.97254E-2 7.99947E-2 8.20313E-2 8.25914E-2 8.39903E-2 8.64522E-2
