Artocarpus heterophyllus SDM files/MIS19/results (without bias file)/Arthet_8.asc
ncols         625
nrows         721
xllcorner     69.99986311115
yllcorner     5.99986187915
cellsize      0.041666667
NODATA_value  -9999
[rows 108 to 134 of 721, columns 244 to 304 of 625]
3.55978E-3 2.35142E-3 1.91607E-3 1.81385E-3 1.44244E-3 9.38454E-4 1.63684E-3 1.30076E-3 1.25675E-3 1.44885E-3 1.31182E-3 1.46687E-3 1.81181E-3 1.5293E-3 1.31197E-3 1.25083E-3 1.27991E-3 1.33837E-3 1.19707E-3 1.32434E-3 1.33928E-3 1.42282E-3 1.45345E-3 1.23989E-3 1.14606E-3 1.14037E-3 1.0805E-3 1.39687E-3 1.70222E-3 1.6147E-3 1.47149E-3 1.53175E-3 1.43706E-3 1.25388E-3 1.48311E-3 1.26071E-3 1.27658E-3 1.28283E-3 1.28781E-3 1.26515E-3 1.24033E-3 1.36623E-3 1.26248E-3 1.28588E-3 1.27384E-3 1.36771E-3 1.49294E-3 1.42334E-3 1.56505E-3 1.45642E-3 5.04202E-4 4.7807E-4 1.57095E-3 5.04891E-4 4.82106E-4 1.67596E-3 1.60678E-3 1.50305E-3 1.43878E-3 1.36601E-3 1.30279E-3
5.25534E-3 4.48334E-3 4.13019E-3 3.33432E-3 1.98307E-3 1.26403E-3 9.63401E-4 1.23388E-3 1.30076E-3 2.21381E-3 1.47503E-3 1.2889E-3 1.49712E-3 1.74753E-3 1.57144E-3 1.46331E-3 1.34449E-3 1.35985E-3 1.32779E-3 1.40815E-3 1.31951E-3 1.31165E-3 1.27177E-3 1.67498E-3 1.53242E-3 1.31079E-3 1.14726E-3 1.08264E-3 1.47871E-3 1.44423E-3 1.67168E-3 1.61628E-3 1.41654E-3 1.27682E-3 1.6668E-3 1.66333E-3 1.45836E-3 1.2861E-3 1.36136E-3 1.26077E-3 1.27195E-3 1.60928E-3 1.32708E-3 1.32011E-3 1.27384E-3 1.2994E-3 1.28956E-3 1.32666E-3 1.3877E-3 1.3337E-3 4.80252E-4 4.81348E-4 1.32591E-3 4.85428E-4 5.12963E-4 1.58598E-3 1.70714E-3 1.63332E-3 1.63931E-3 1.63929E-3 1.57107E-3
5.76174E-3 4.43643E-3 3.19753E-3 2.75039E-3 2.28497E-3 2.00395E-3 1.32033E-3 1.12491E-3 1.17943E-3 2.35824E-3 2.21688E-3 1.56477E-3 1.4555E-3 2.13414E-3 1.72421E-3 1.73579E-3 1.54899E-3 1.49817E-3 1.40149E-3 1.47481E-3 1.47723E-3 1.27328E-3 1.18611E-3 1.34333E-3 1.73434E-3 1.61663E-3 1.5305E-3 1.23285E-3 1.22148E-3 1.1703E-3 1.43372E-3 1.71777E-3 1.62091E-3 1.56053E-3 1.47156E-3 1.63302E-3 1.70261E-3 1.63789E-3 1.4665E-3 1.46966E-3 1.3963E-3 1.67099E-3 1.46364E-3 1.34151E-3 1.29309E-3 1.30468E-3 1.33066E-3 1.3299E-3 1.34834E-3 1.30155E-3 1.23928E-3 4.89873E-4 1.58598E-3 4.86963E-4 1.47093E-3 1.40317E-3 1.31241E-3 1.51287E-3 1.36358E-3 1.42936E-3 1.32641E-3
5.16456E-3 5.16577E-3 4.73618E-3 2.68781E-3 2.02672E-3 3.01375E-3 3.11512E-3 1.61217E-3 1.06408E-3 1.61569E-3 3.61704E-3 2.77502E-3 1.2617E-3 1.59553E-3 1.69728E-3 1.66356E-3 1.49616E-3 1.55319E-3 1.47885E-3 1.53188E-3 1.54507E-3 1.51854E-3 1.45744E-3 1.30033E-3 1.1151E-3 1.78665E-3 1.82784E-3 1.38942E-3 1.31888E-3 1.22486E-3 1.34559E-3 1.22429E-3 1.3825E-3 1.36256E-3 1.48229E-3 1.59494E-3 1.61808E-3 1.82903E-3 1.69927E-3 1.3589E-3 1.32376E-3 1.73748E-3 1.7617E-3 1.73363E-3 1.78581E-3 1.68098E-3 1.58006E-3 1.50666E-3 1.42011E-3 1.32138E-3 1.25195E-3 1.25547E-3 1.3971E-3 1.41048E-3 1.65747E-3 1.48868E-3 1.32193E-3 1.38568E-3 4.77513E-4 4.57393E-4 4.63356E-4
7.01191E-3 6.69076E-3 5.16997E-3 3.61745E-3 4.43246E-3 3.94436E-3 3.73564E-3 3.09976E-3 1.21352E-3 1.63369E-3 2.81525E-3 3.60709E-3 3.16296E-3 1.96428E-3 1.40508E-3 1.47251E-3 1.51427E-3 1.54642E-3 1.56601E-3 1.63222E-3 1.78308E-3 1.54507E-3 1.50377E-3 1.33849E-3 1.23754E-3 1.42251E-3 1.85422E-3 1.61201E-3 1.48596E-3 1.20734E-3 1.65232E-3 1.24141E-3 1.38021E-3 1.29505E-3 1.42334E-3 1.65994E-3 1.91388E-3 1.59182E-3 1.82851E-3 1.5021E-3 1.2988E-3 1.48752E-3 1.53429E-3 1.54272E-3 1.39771E-3 1.63597E-3 1.52011E-3 1.55936E-3 1.63476E-3 1.25263E-3 1.26507E-3 1.19249E-3 1.55556E-3 1.80697E-3 1.58991E-3 1.43355E-3 1.32437E-3 1.32794E-3 1.25821E-3 1.26185E-3 4.96672E-4
7.64656E-3 7.07471E-3 6.3443E-3 6.04872E-3 4.70387E-3 4.7911E-3 3.76875E-3 3.36685E-3 1.77811E-3 1.32743E-3 2.63998E-3 2.13004E-3 3.20776E-3 3.72485E-3 2.91417E-3 1.78746E-3 1.48489E-3 1.79335E-3 2.0902E-3 1.78407E-3 1.71682E-3 1.54717E-3 1.55489E-3 1.63365E-3 1.35606E-3 1.25216E-3 1.93612E-3 2.00261E-3 1.76342E-3 1.45994E-3 1.66787E-3 1.27735E-3 1.30478E-3 1.4877E-3 1.30221E-3 1.37486E-3 1.8019E-3 1.74671E-3 1.61189E-3 1.63947E-3 1.34176E-3 1.21537E-3 1.47416E-3 1.69952E-3 1.39524E-3 1.65362E-3 1.64477E-3 1.39955E-3 1.32605E-3 1.40881E-3 1.26431E-3 1.25044E-3 1.27858E-3 1.86066E-3 1.70111E-3 1.42601E-3 1.44929E-3 1.37923E-3 1.36253E-3 1.26185E-3 4.94154E-4
8.40153E-3 7.80565E-3 7.08251E-3 6.75407E-3 6.52794E-3 5.76339E-3 4.9272E-3 5.18502E-3 4.00859E-3 2.0781E-3 1.28626E-3 2.63365E-3 1.53929E-3 3.28197E-3 3.81965E-3 2.99363E-3 2.16937E-3 1.91789E-3 1.71214E-3 2.07715E-3 1.79824E-3 1.72567E-3 1.71253E-3 1.68253E-3 1.68588E-3 1.44585E-3 1.54421E-3 2.13029E-3 1.98274E-3 1.6814E-3 1.78953E-3 1.581E-3 1.31917E-3 1.61158E-3 1.37758E-3 1.37767E-3 1.35296E-3 1.47423E-3 1.83447E-3 1.43476E-3 1.3527E-3 1.6509E-3 1.66275E-3 1.54831E-3 1.79195E-3 1.53712E-3 1.44128E-3 1.95384E-3 1.83671E-3 1.60845E-3 1.38771E-3 1.31734E-3 1.24865E-3 1.41051E-3 1.75452E-3 1.74424E-3 1.59011E-3 1.45611E-3 1.41731E-3 1.28156E-3 1.21422E-3
8.16144E-3 8.83436E-3 8.50863E-3 8.09945E-3 8.07037E-3 7.24477E-3 6.26213E-3 3.99323E-3 5.24933E-3 5.7201E-3 3.15892E-3 2.9565E-3 3.14761E-3 1.91215E-3 2.84763E-3 3.75927E-3 3.43245E-3 3.01849E-3 2.35099E-3 2.47112E-3 1.73098E-3 2.00892E-3 1.88854E-3 1.79037E-3 1.67891E-3 1.62732E-3 1.46396E-3 1.58929E-3 1.6979E-3 1.94014E-3 1.67189E-3 1.4334E-3 1.48475E-3 1.56474E-3 1.4059E-3 1.6438E-3 1.69591E-3 1.6477E-3 1.55441E-3 1.73703E-3 1.50116E-3 1.3015E-3 1.91759E-3 1.97653E-3 1.66247E-3 1.40791E-3 1.52034E-3 1.47822E-3 2.03871E-3 2.09363E-3 1.87939E-3 1.62391E-3 1.39731E-3 1.30337E-3 1.25474E-3 1.43466E-3 1.88093E-3 1.64306E-3 1.50992E-3 1.30904E-3 1.51089E-3
8.70215E-3 8.42185E-3 8.99365E-3 8.43771E-3 8.52392E-3 8.09125E-3 8.30328E-3 6.44319E-3 4.79427E-3 5.63543E-3 3.87391E-3 1.63646E-3 3.24102E-3 2.77956E-3 1.74409E-3 1.81138E-3 2.86484E-3 3.27198E-3 3.00086E-3 2.934E-3 2.32685E-3 1.95532E-3 1.8607E-3 1.87429E-3 1.82194E-3 1.8842E-3 1.70666E-3 1.72677E-3 1.89306E-3 2.26483E-3 1.96707E-3 1.53623E-3 1.85157E-3 1.75602E-3 1.76076E-3 1.73363E-3 1.62055E-3 2.03095E-3 1.93029E-3 1.70593E-3 1.66613E-3 1.58578E-3 1.50949E-3 1.98111E-3 1.6501E-3 1.48218E-3 1.32042E-3 1.43626E-3 1.35402E-3 1.81448E-3 2.25688E-3 2.09225E-3 1.8154E-3 1.36704E-3 1.32769E-3 1.24864E-3 1.37039E-3 1.65492E-3 1.73856E-3 1.53527E-3 1.44651E-3
4.68863E-3 3.04495E-3 6.14502E-3 8.80526E-3 9.21921E-3 9.11879E-3 8.51938E-3 7.97279E-3 7.31905E-3 7.47883E-3 5.18544E-3 1.36239E-3 1.54671E-3 1.71041E-3 2.40238E-3 2.21014E-3 2.31035E-3 2.60472E-3 2.68702E-3 3.01127E-3 2.97904E-3 2.73395E-3 2.34417E-3 2.12703E-3 2.09184E-3 2.05674E-3 1.80396E-3 1.98325E-3 1.94088E-3 1.93592E-3 2.15993E-3 1.64235E-3 1.97845E-3 1.68489E-3 1.75185E-3 1.67967E-3 1.61426E-3 1.53413E-3 2.10113E-3 2.00188E-3 2.15707E-3 2.00274E-3 1.62003E-3 2.14824E-3 2.0954E-3 1.9575E-3 1.67133E-3 1.67775E-3 1.65362E-3 1.36392E-3 2.17334E-3 2.31462E-3 1.98275E-3 1.48449E-3 1.69195E-3 1.39461E-3 1.39138E-3 1.30671E-3 1.72592E-3 1.81096E-3 1.42214E-3
5.32397E-3 5.11685E-3 5.45609E-3 3.32444E-3 5.44388E-3 7.35879E-3 9.00727E-3 8.84198E-3 8.63527E-3 4.83571E-3 2.72652E-3 1.60628E-3 1.52252E-3 1.56276E-3 1.53982E-3 1.72811E-3 1.7974E-3 2.27721E-3 2.53401E-3 2.45585E-3 2.78253E-3 3.0255E-3 2.68702E-3 2.3104E-3 2.32797E-3 2.13759E-3 1.8411E-3 2.08946E-3 2.10843E-3 2.10523E-3 2.21866E-3 2.11379E-3 2.23049E-3 1.89409E-3 2.24542E-3 1.897E-3 1.81693E-3 1.63386E-3 1.61158E-3 1.69607E-3 1.50028E-3 1.86836E-3 2.19523E-3 2.38145E-3 2.13029E-3 1.67027E-3 1.67738E-3 1.90502E-3 1.84743E-3 1.43006E-3 1.84043E-3 2.42299E-3 2.18985E-3 1.72017E-3 1.623E-3 1.5804E-3 1.42577E-3 1.31666E-3 1.49659E-3 1.93295E-3 1.61031E-3
7.73057E-3 8.45302E-3 5.85795E-3 4.98602E-3 4.2635E-3 4.76376E-3 4.9887E-3 5.95429E-3 4.10226E-3 2.06579E-3 4.14821E-3 3.66727E-3 2.85623E-3 4.38282E-3 2.72892E-3 1.78716E-3 1.58117E-3 1.78228E-3 2.65515E-3 2.48732E-3 2.33354E-3 2.54693E-3 3.00101E-3 2.78872E-3 2.65572E-3 2.43847E-3 2.22201E-3 2.28016E-3 1.96801E-3 2.32599E-3 2.25176E-3 2.40854E-3 1.88182E-3 2.23291E-3 2.18605E-3 2.35609E-3 2.12395E-3 2.31267E-3 1.95837E-3 1.68627E-3 1.59341E-3 1.86109E-3 1.89193E-3 2.53309E-3 2.76558E-3 2.53371E-3 2.3993E-3 2.29447E-3 1.75514E-3 1.57569E-3 1.73619E-3 2.4684E-3 2.45666E-3 2.08552E-3 1.59023E-3 1.94037E-3 1.62895E-3 1.35669E-3 1.43022E-3 1.61638E-3 1.81674E-3
5.71538E-3 8.51476E-3 8.64902E-3 8.54304E-3 5.39974E-3 5.09577E-3 4.90006E-3 4.57906E-3 3.19379E-3 4.31949E-3 5.72837E-3 7.17179E-3 5.42841E-3 4.47582E-3 5.20377E-3 4.14166E-3 1.85277E-3 1.64698E-3 1.65844E-3 2.42682E-3 3.18244E-3 2.26811E-3 2.66476E-3 2.73957E-3 2.80276E-3 2.67786E-3 2.60545E-3 2.45735E-3 2.42174E-3 2.46438E-3 2.34134E-3 2.45302E-3 2.19245E-3 2.47382E-3 1.83672E-3 2.54446E-3 2.58807E-3 2.49156E-3 2.45819E-3 2.42452E-3 2.04091E-3 1.95384E-3 1.6585E-3 2.05012E-3 1.90223E-3 2.04665E-3 1.69849E-3 1.70467E-3 1.62528E-3 1.78755E-3 2.22183E-3 2.04253E-3 2.74303E-3 2.47831E-3 2.1376E-3 1.93664E-3 1.96623E-3 1.6443E-3 1.37149E-3 1.41216E-3 1.57813E-3
7.17884E-3 7.06632E-3 8.52843E-3 9.01045E-3 5.29328E-3 6.94711E-3 5.65597E-3 8.56898E-3 6.98052E-3 6.32592E-3 4.45917E-3 2.69208E-3 3.99402E-3 6.49812E-3 3.7126E-3 2.81058E-3 3.19656E-3 2.38713E-3 1.69888E-3 1.74595E-3 2.64921E-3 2.7557E-3 2.73459E-3 2.24537E-3 2.21248E-3 2.37116E-3 2.50748E-3 2.96997E-3 2.78012E-3 2.61286E-3 2.62321E-3 2.62773E-3 2.52436E-3 2.58226E-3 1.67554E-3 2.19716E-3 2.72986E-3 2.69814E-3 2.52358E-3 2.64459E-3 2.5716E-3 2.20736E-3 1.84074E-3 1.70467E-3 1.6017E-3 2.2039E-3 1.88758E-3 1.76795E-3 1.39596E-3 1.48311E-3 1.92609E-3 2.21752E-3 2.5411E-3 2.71267E-3 2.57794E-3 2.40104E-3 1.78562E-3 1.99839E-3 1.63416E-3 1.48226E-3 1.46155E-3
7.15976E-3 7.92627E-3 7.9704E-3 4.87023E-3 7.64511E-3 8.0025E-3 8.07542E-3 8.65826E-3 8.99904E-3 8.734E-3 7.0741E-3 2.37966E-3 1.96893E-3 4.55639E-3 4.66159E-3 3.64324E-3 2.53716E-3 3.16193E-3 2.11204E-3 1.70478E-3 1.9573E-3 2.19793E-3 1.81933E-3 1.90267E-3 1.84752E-3 1.95214E-3 2.06665E-3 2.26159E-3 3.11134E-3 3.19757E-3 3.06902E-3 2.75031E-3 2.94995E-3 2.7954E-3 2.27469E-3 1.56279E-3 2.31757E-3 3.16771E-3 3.02389E-3 2.99091E-3 2.96298E-3 2.63194E-3 2.24955E-3 1.99667E-3 2.012E-3 2.18695E-3 1.97514E-3 1.8361E-3 1.64907E-3 1.53535E-3 1.41644E-3 2.50581E-3 2.48487E-3 2.75912E-3 2.73542E-3 2.62807E-3 2.53303E-3 2.34827E-3 2.12478E-3 1.7161E-3 1.61692E-3
6.61682E-3 7.24942E-3 7.34851E-3 6.40247E-3 8.36566E-3 8.09817E-3 8.54504E-3 8.35892E-3 8.86431E-3 9.1735E-3 4.68832E-3 4.46099E-3 5.85436E-3 6.23238E-3 6.9045E-3 5.67712E-3 3.97145E-3 4.46085E-3 2.41908E-3 1.6487E-3 1.97261E-3 2.53609E-3 1.90956E-3 1.54864E-3 1.43845E-3 1.73203E-3 1.97E-3 1.97726E-3 1.94497E-3 2.35509E-3 2.6847E-3 3.25244E-3 3.1656E-3 3.04357E-3 2.7954E-3 2.45119E-3 2.00096E-3 2.2589E-3 2.64611E-3 2.8241E-3 2.83282E-3 3.00914E-3 3.08155E-3 2.86539E-3 2.82304E-3 2.60418E-3 2.44224E-3 2.09795E-3 1.92524E-3 1.8026E-3 1.44251E-3 1.89108E-3 2.74869E-3 2.18321E-3 1.88644E-3 2.26978E-3 2.40808E-3 2.47704E-3 2.41725E-3 2.18771E-3 1.9651E-3
5.97483E-3 7.14923E-3 7.47005E-3 7.35985E-3 7.22207E-3 6.56568E-3 8.65383E-3 6.32183E-3 4.53255E-3 5.53074E-3 3.43429E-3 5.1584E-3 3.39223E-3 3.34179E-3 5.43511E-3 6.38789E-3 5.60682E-3 5.11382E-3 3.96715E-3 2.02954E-3 1.95794E-3 2.78979E-3 2.09912E-3 1.7611E-3 1.58877E-3 1.68787E-3 1.96996E-3 2.38685E-3 2.0069E-3 1.63942E-3 1.6302E-3 2.35509E-3 3.1087E-3 3.39514E-3 3.01999E-3 2.86048E-3 2.38698E-3 1.98271E-3 2.03454E-3 2.09109E-3 3.22341E-3 3.21265E-3 3.3798E-3 3.0914E-3 3.13098E-3 2.76178E-3 2.50731E-3 2.28359E-3 2.23511E-3 1.94853E-3 1.84278E-3 1.72234E-3 2.51332E-3 2.97956E-3 2.10283E-3 1.70332E-3 2.52395E-3 2.54342E-3 2.43758E-3 2.40087E-3 2.2833E-3
4.85975E-3 5.72648E-3 7.20068E-3 7.0589E-3 7.63983E-3 6.59155E-3 5.88035E-3 6.2181E-3 4.27168E-3 4.45224E-3 4.70029E-3 8.94688E-3 5.00633E-3 2.49265E-3 2.67963E-3 3.98794E-3 4.74565E-3 3.71156E-3 3.38665E-3 4.29576E-3 3.70779E-3 3.00574E-3 2.16737E-3 2.06815E-3 1.87826E-3 1.62395E-3 1.75424E-3 2.30988E-3 2.97778E-3 2.67751E-3 2.87234E-3 1.98456E-3 2.26558E-3 2.29921E-3 3.25961E-3 3.58141E-3 3.70142E-3 3.50332E-3 3.52232E-3 3.12738E-3 2.88314E-3 3.04506E-3 3.21348E-3 3.00789E-3 3.4917E-3 3.36958E-3 3.10379E-3 2.95297E-3 3.1539E-3 2.68563E-3 2.10498E-3 2.01803E-3 1.88268E-3 2.8065E-3 2.27997E-3 1.89704E-3 2.2613E-3 2.11032E-3 2.3121E-3 2.47434E-3 2.25778E-3
3.79168E-3 3.29712E-3 6.25757E-3 6.85239E-3 7.23105E-3 7.06249E-3 6.91794E-3 7.53115E-3 5.33795E-3 5.23785E-3 5.05419E-3 5.11107E-3 3.26212E-3 2.58228E-3 2.39535E-3 4.08714E-3 3.88302E-3 3.77037E-3 3.36047E-3 2.78791E-3 4.23474E-3 3.95204E-3 2.93306E-3 2.03012E-3 1.71939E-3 1.72639E-3 1.94595E-3 1.63595E-3 2.00067E-3 2.29023E-3 2.12362E-3 2.08555E-3 2.05862E-3 2.16339E-3 2.17561E-3 3.34326E-3 3.75757E-3 3.35164E-3 3.57939E-3 3.7926E-3 3.43477E-3 3.79987E-3 4.0662E-3 3.91222E-3 3.87818E-3 3.79059E-3 3.63873E-3 3.44736E-3 3.25278E-3 2.95466E-3 2.51991E-3 2.53817E-3 2.30865E-3 2.14254E-3 2.39963E-3 2.61235E-3 2.84338E-3 2.73016E-3 2.24748E-3 2.22908E-3 2.17277E-3
6.14528E-3 4.94607E-3 5.59693E-3 6.42113E-3 6.32581E-3 6.79041E-3 7.04475E-3 7.58404E-3 6.70145E-3 5.6987E-3 5.19247E-3 4.11333E-3 3.45251E-3 3.71235E-3 2.24587E-3 2.35086E-3 2.56209E-3 2.04935E-3 3.21137E-3 1.85353E-3 2.29373E-3 2.95456E-3 3.20958E-3 2.65134E-3 2.20489E-3 2.05678E-3 2.83348E-3 3.00841E-3 2.21981E-3 1.66312E-3 1.89172E-3 2.02601E-3 2.13702E-3 2.00246E-3 2.28648E-3 3.22078E-3 3.02887E-3 3.59165E-3 3.84921E-3 3.57319E-3 3.48192E-3 3.77783E-3 3.15639E-3 3.66771E-3 3.33498E-3 3.30409E-3 4.01915E-3 4.09241E-3 4.01005E-3 3.59307E-3 3.25667E-3 2.92644E-3 2.9531E-3 2.68206E-3 1.97425E-3 2.73296E-3 2.91666E-3 2.88048E-3 2.90703E-3 2.53526E-3 2.39559E-3
3.92177E-3 4.4743E-3 5.11261E-3 5.90166E-3 5.64824E-3 6.26271E-3 6.65013E-3 7.11041E-3 6.63571E-3 6.08334E-3 5.34382E-3 4.3883E-3 5.81752E-3 4.9329E-3 4.73954E-3 4.40888E-3 3.41263E-3 2.72005E-3 2.47416E-3 1.96274E-3 2.02706E-3 2.09933E-3 1.6958E-3 2.03014E-3 1.90322E-3 1.74363E-3 1.83921E-3 2.76336E-3 2.28388E-3 1.70956E-3 1.98314E-3 2.1098E-3 2.09182E-3 2.06807E-3 2.93743E-3 3.93708E-3 4.09949E-3 2.68055E-3 2.71303E-3 2.49132E-3 2.55075E-3 1.98175E-3 1.80773E-3 2.16049E-3 2.6772E-3 1.94572E-3 2.67362E-3 3.80501E-3 4.54759E-3 4.57166E-3 4.13558E-3 3.662E-3 3.56387E-3 2.89815E-3 2.52436E-3 2.29714E-3 2.85977E-3 2.93748E-3 2.95786E-3 2.74584E-3 2.50805E-3
2.45658E-3 3.85931E-3 5.32271E-3 4.50014E-3 4.98462E-3 5.59012E-3 6.14899E-3 6.17264E-3 6.55804E-3 6.38796E-3 5.6577E-3 4.43012E-3 3.47656E-3 3.51069E-3 4.3276E-3 5.29427E-3 5.65218E-3 5.08605E-3 3.18718E-3 2.76727E-3 2.22235E-3 1.98408E-3 1.83423E-3 1.52173E-3 1.6103E-3 1.67034E-3 1.64669E-3 1.86031E-3 2.91825E-3 1.67543E-3 1.9235E-3 2.02315E-3 2.00019E-3 2.08462E-3 2.76901E-3 3.22849E-3 3.35522E-3 3.40927E-3 2.73998E-3 2.80871E-3 2.72401E-3 2.64637E-3 2.59272E-3 2.28838E-3 2.24963E-3 1.94936E-3 1.6951E-3 1.94205E-3 2.98643E-3 3.9306E-3 4.46542E-3 4.48679E-3 4.55727E-3 4.15288E-3 3.61304E-3 3.20065E-3 2.57639E-3 2.89581E-3 3.14324E-3 2.97513E-3 2.56926E-3
2.45536E-3 2.59728E-3 3.13405E-3 3.63591E-3 4.11034E-3 3.80217E-3 5.87763E-3 5.7213E-3 6.35244E-3 6.11657E-3 5.95381E-3 5.37082E-3 4.52816E-3 3.87041E-3 3.21105E-3 2.64125E-3 3.51155E-3 4.58918E-3 4.74237E-3 4.23774E-3 4.03424E-3 3.07276E-3 2.4182E-3 2.33561E-3 2.2666E-3 1.72244E-3 1.58751E-3 1.65875E-3 1.84609E-3 1.61415E-3 1.72984E-3 1.81427E-3 2.03346E-3 2.15718E-3 3.36359E-3 2.58421E-3 2.77255E-3 4.09638E-3 5.12809E-3 4.82413E-3 3.724E-3 3.84739E-3 3.55798E-3 3.33251E-3 3.53852E-3 2.9342E-3 2.68143E-3 2.01845E-3 1.83447E-3 1.98531E-3 2.5294E-3 3.25216E-3 3.64109E-3 3.40892E-3 3.1808E-3 2.89396E-3 2.7768E-3 3.18216E-3 3.11782E-3 2.7548E-3 2.751E-3
1.10899E-3 8.57049E-4 1.20485E-3 2.19414E-3 2.63735E-3 3.59464E-3 5.0148E-3 4.91437E-3 5.23679E-3 5.90189E-3 5.07629E-3 4.55396E-3 5.31983E-3 5.30015E-3 3.87752E-3 2.99447E-3 2.30134E-3 2.22216E-3 2.66159E-3 2.7669E-3 2.90678E-3 4.1171E-3 3.71179E-3 3.13481E-3 3.13115E-3 3.00403E-3 2.19641E-3 1.92421E-3 1.74891E-3 1.55421E-3 1.64568E-3 1.96399E-3 2.213E-3 2.09823E-3 3.39833E-3 2.3311E-3 3.79008E-3 3.64156E-3 4.6539E-3 4.98667E-3 5.37325E-3 5.47736E-3 4.94144E-3 5.06133E-3 3.96151E-3 4.70956E-3 3.80026E-3 2.97557E-3 2.83134E-3 2.37776E-3 2.02217E-3 2.95676E-3 3.77606E-3 4.47998E-3 3.48218E-3 2.88853E-3 3.05432E-3 3.19358E-3 3.26505E-3 3.17485E-3 2.81183E-3
4.42034E-3 1.94264E-3 2.89503E-3 4.00491E-3 2.1029E-3 2.4701E-3 2.76319E-3 3.92855E-3 4.53737E-3 5.52362E-3 4.65644E-3 4.74396E-3 4.59404E-3 4.69279E-3 3.69102E-3 3.24782E-3 2.95957E-3 2.64518E-3 2.36475E-3 2.12772E-3 1.90345E-3 2.73126E-3 2.84962E-3 2.53552E-3 3.0051E-3 2.67633E-3 2.19395E-3 1.90272E-3 1.80585E-3 1.96184E-3 2.33369E-3 2.23238E-3 2.39499E-3 1.9752E-3 3.35199E-3 3.5333E-3 3.41724E-3 3.286E-3 3.77759E-3 4.09096E-3 3.29997E-3 4.73779E-3 6.24938E-3 6.39678E-3 6.27345E-3 6.31176E-3 6.00908E-3 5.2076E-3 4.6801E-3 4.15007E-3 2.98264E-3 4.70216E-3 5.06129E-3 5.31279E-3 5.29768E-3 4.01774E-3 4.45068E-3 3.88422E-3 2.74783E-3 4.24686E-3 3.50899E-3
4.74149E-3 8.78472E-4 1.025E-3 2.95597E-3 3.97625E-3 3.02476E-3 4.4534E-3 1.55544E-3 2.99967E-3 4.40716E-3 4.98352E-3 4.83886E-3 5.10318E-3 4.45088E-3 4.58658E-3 3.91465E-3 4.29764E-3 4.25852E-3 4.54253E-3 2.63123E-3 2.18263E-3 1.76435E-3 2.17516E-3 3.1638E-3 3.088E-3 2.34012E-3 1.86335E-3 1.74407E-3 1.9671E-3 2.29405E-3 2.52375E-3 2.73898E-3 2.47834E-3 2.50483E-3 2.19863E-3 3.2689E-3 3.39605E-3 3.3681E-3 4.07198E-3 4.65216E-3 3.23573E-3 3.08683E-3 3.63477E-3 4.35156E-3 4.63964E-3 4.583E-3 4.94055E-3 6.08712E-3 6.53945E-3 5.84516E-3 3.64761E-3 3.13929E-3 3.8859E-3 5.381E-3 5.36215E-3 4.33939E-3 4.4961E-3 3.23969E-3 2.82275E-3 3.26794E-3 3.86578E-3
1.36324E-3 1.08908E-3 7.25363E-4 1.27192E-3 3.68146E-3 5.06327E-3 3.20608E-3 5.06581E-3 1.64605E-3 4.06257E-3 5.38981E-3 4.44593E-3 4.84733E-3 5.00839E-3 4.33054E-3 4.28395E-3 3.7693E-3 3.35262E-3 2.88593E-3 4.02488E-3 2.59759E-3 2.82989E-3 2.01509E-3 2.99643E-3 3.37706E-3 2.53681E-3 1.78418E-3 2.02587E-3 2.82264E-3 2.85818E-3 2.6999E-3 2.98319E-3 2.61684E-3 3.1468E-3 3.15092E-3 5.23428E-3 5.0791E-3 4.45943E-3 4.54129E-3 4.09126E-3 3.67853E-3 3.42737E-3 3.30767E-3 3.53796E-3 3.99352E-3 3.79246E-3 4.34253E-3 4.58644E-3 3.99532E-3 4.55779E-3 5.55965E-3 3.93344E-3 3.30957E-3 3.31312E-3 3.07533E-3 4.02035E-3 3.6869E-3 4.76209E-3 4.58011E-3 2.91476E-3 3.08016E-3
