Artocarpus heterophyllus SDM files/MIS19/results (without bias file)/Arthet_1.asc
ncols         625
nrows         721
xllcorner     69.99986311115
yllcorner     5.99986187915
cellsize      0.041666667
NODATA_value  -9999
[rows 216 to 242 of 721, columns 366 to 426 of 625]
1.38225E-1 1.38473E-1 1.45639E-1 1.37947E-1 1.44416E-1 2.00043E-1 1.43969E-1 1.36292E-1 1.97699E-1 1.96389E-1 1.41123E-1 1.40031E-1 1.4007E-1 1.38866E-1 1.37906E-1 1.36025E-1 1.41061E-1 1.47871E-1 1.46959E-1 1.70144E-1 2.25312E-1 2.33069E-1 2.36354E-1 2.20525E-1 1.51528E-1 1.46995E-1 2.0947E-1 2.00973E-1 2.06256E-1 1.99675E-1 1.5546E-1 1.60291E-1 2.23657E-2 1.06458E-1 2.39328E-1 2.46987E-1 2.14565E-1 2.317E-1 2.13408E-1 1.92777E-1 4.10192E-2 2.61603E-2 2.50259E-2 5.84236E-2 5.98646E-2 2.80154E-1 2.78369E-1 2.71854E-1 2.43539E-1 5.40985E-2 2.24601E-1 2.13439E-1 3.18217E-1 3.00075E-1 3.11793E-1 3.06033E-1 3.08942E-1 2.44425E-1 4.59229E-2 4.28514E-2 4.34024E-2
1.94499E-1 1.94416E-1 1.45414E-1 1.45166E-1 2.03058E-1 2.016E-1 1.92233E-1 1.91904E-1 1.90679E-1 1.90635E-1 1.35244E-1 1.3458E-1 1.34802E-1 1.38102E-1 1.37628E-1 1.43589E-1 1.38425E-1 1.38515E-1 1.50084E-1 1.5477E-1 1.60716E-1 1.54606E-1 2.15768E-1 2.2527E-1 2.38002E-1 2.28193E-1 2.12313E-1 2.04161E-1 2.0395E-1 1.96444E-1 2.1E-1 1.8396E-1 2.56202E-2 2.019E-1 2.06895E-1 2.33249E-1 2.17088E-1 1.99988E-1 1.55024E-1 1.66192E-1 2.1483E-1 3.11799E-2 1.14781E-1 1.56069E-1 2.59029E-1 2.93054E-1 2.76349E-1 2.51487E-1 2.0002E-1 3.12221E-1 3.15334E-1 3.0587E-1 3.03727E-1 3.07969E-1 2.95018E-1 2.8692E-1 7.07106E-2 7.49932E-2 2.77791E-2 4.51879E-2 5.30493E-2
1.94327E-1 1.94744E-1 1.95156E-1 1.95114E-1 1.94009E-1 1.94049E-1 1.92945E-1 1.92652E-1 1.90614E-1 1.90064E-1 1.887E-1 1.89078E-1 1.94915E-1 1.93985E-1 1.93304E-1 2.02245E-1 1.45039E-1 1.38302E-1 1.45959E-1 1.5085E-1 1.45263E-1 2.18683E-1 2.04113E-1 2.07236E-1 2.1882E-1 2.05763E-1 2.04738E-1 2.14831E-1 2.10931E-1 2.09126E-1 2.01226E-1 1.90804E-1 1.3173E-1 1.71659E-1 2.87954E-2 1.58046E-1 2.32644E-1 1.83231E-1 1.12011E-1 2.58735E-1 2.25525E-1 1.48369E-1 2.37671E-1 2.76677E-1 2.7813E-1 2.86754E-1 2.59894E-1 2.9124E-1 2.91555E-1 3.06287E-1 2.76138E-1 2.61458E-1 2.81024E-1 2.94528E-1 2.87662E-1 3.0055E-1 2.38321E-1 3.16092E-2 3.01993E-2 1.67777E-1 2.40281E-1
1.9405E-1 1.94368E-1 1.94699E-1 1.94871E-1 1.94832E-1 1.94712E-1 1.92958E-1 1.9275E-1 1.91506E-1 1.90248E-1 1.88926E-1 1.88678E-1 1.87845E-1 1.94649E-1 1.94087E-1 1.93311E-1 1.93866E-1 1.93783E-1 2.10347E-1 2.11531E-1 2.17979E-1 2.1019E-1 1.99471E-1 2.09508E-1 1.96669E-1 2.03721E-1 2.00519E-1 2.02889E-1 1.98608E-1 1.94539E-1 1.98493E-1 1.98554E-1 2.37408E-1 2.20577E-1 1.44195E-1 1.54974E-1 2.47395E-1 2.39459E-1 2.67069E-1 2.543E-1 2.62018E-1 2.79578E-1 2.66301E-1 2.6074E-1 2.60947E-1 2.90862E-1 2.85084E-1 2.66307E-1 2.83558E-1 2.68134E-1 2.50838E-1 2.27259E-1 2.16835E-1 2.33256E-1 6.46785E-2 7.34866E-2 2.20237E-1 2.1996E-1 3.97792E-2 1.77693E-1 2.38289E-1
1.85289E-1 1.85722E-1 1.85938E-1 1.86373E-1 1.94846E-1 1.94701E-1 1.84531E-1 1.84452E-1 1.82335E-1 1.82055E-1 1.8072E-1 1.79756E-1 1.79888E-1 1.86321E-1 1.85507E-1 1.93666E-1 1.94173E-1 1.93669E-1 2.099E-1 2.01508E-1 2.16171E-1 2.13445E-1 2.04279E-1 1.96989E-1 2.08186E-1 1.92426E-1 1.98654E-1 1.97858E-1 2.13236E-1 2.19968E-1 2.10255E-1 2.16007E-1 2.43044E-1 2.31278E-1 2.19125E-1 2.3094E-1 2.48875E-1 2.69472E-1 2.63451E-1 2.66756E-1 2.37462E-1 1.74593E-1 2.71902E-1 1.82775E-1 1.82075E-1 3.1527E-1 2.67098E-1 2.5911E-1 1.85818E-1 2.52417E-1 1.43298E-1 3.86968E-2 1.41341E-1 4.10137E-2 1.45762E-1 2.85822E-2 2.89868E-2 4.94693E-2 1.50232E-1 1.76938E-1 2.61231E-1
1.85827E-1 1.85531E-1 1.85846E-1 1.86124E-1 1.85809E-1 1.85587E-1 1.85107E-1 1.83996E-1 1.83128E-1 1.82536E-1 1.81666E-1 1.81428E-1 1.80009E-1 1.79717E-1 1.85213E-1 1.8462E-1 1.85141E-1 1.85612E-1 1.859E-1 1.98683E-1 1.98664E-1 1.98149E-1 1.96612E-1 2.0578E-1 2.04506E-1 1.91821E-1 2.05218E-1 2.02493E-1 2.09717E-1 2.24743E-1 2.34038E-1 2.36317E-1 2.5781E-1 2.60858E-1 2.45646E-1 2.30949E-1 1.96135E-1 2.92773E-1 2.7995E-1 2.90194E-1 2.6208E-1 2.73035E-1 3.08582E-1 3.19273E-1 3.18097E-1 3.05995E-1 2.89086E-1 2.9267E-1 2.87418E-1 2.99258E-1 1.97414E-1 2.37391E-1 2.22937E-1 2.37936E-1 2.24305E-1 1.85851E-1 2.1612E-1 2.72019E-1 2.85479E-1 2.81068E-1 2.82329E-1
1.85744E-1 1.85985E-1 1.86262E-1 1.86577E-1 1.86249E-1 1.85273E-1 1.85107E-1 1.83519E-1 1.8287E-1 1.82201E-1 1.82084E-1 1.80839E-1 1.79562E-1 1.79267E-1 1.71069E-1 1.78935E-1 1.85195E-1 1.85586E-1 2.00113E-1 1.99061E-1 1.99689E-1 1.97767E-1 1.98115E-1 1.96846E-1 2.06608E-1 1.99717E-1 1.9829E-1 2.09498E-1 2.26023E-1 2.2795E-1 2.32437E-1 2.22356E-1 2.29784E-1 2.56978E-1 2.70958E-1 2.6864E-1 2.82011E-1 2.81547E-1 2.75339E-1 2.76121E-1 2.76877E-1 2.77853E-1 3.13842E-1 2.95783E-1 3.03432E-1 3.112E-1 3.00804E-1 3.14641E-1 3.20995E-1 2.35608E-1 2.48373E-1 2.64133E-1 2.5251E-1 2.52904E-1 2.83299E-1 2.86555E-1 2.90247E-1 2.84957E-1 2.89088E-1 2.95942E-1 3.02928E-1
1.77356E-1 1.77654E-1 1.77919E-1 1.77917E-1 1.77797E-1 1.85952E-1 1.77305E-1 1.76473E-1 1.7451E-1 1.74171E-1 1.73853E-1 1.73323E-1 1.72993E-1 1.71139E-1 1.70995E-1 1.70795E-1 1.70995E-1 1.77158E-1 1.77012E-1 1.76644E-1 1.76695E-1 1.89656E-1 1.8894E-1 1.96726E-1 1.98741E-1 1.98894E-1 2.14162E-1 2.14298E-1 2.14339E-1 2.27268E-1 2.30461E-1 2.20568E-1 2.31309E-1 2.36093E-1 2.60695E-1 2.59815E-1 2.68686E-1 2.771E-1 2.91509E-1 2.95995E-1 2.88991E-1 2.95968E-1 3.07418E-1 3.06908E-1 3.05935E-1 3.20597E-1 3.15783E-1 3.2878E-1 3.25622E-1 2.60033E-1 2.59361E-1 2.64797E-1 2.63139E-1 2.8159E-1 2.88553E-1 2.97106E-1 2.90423E-1 2.78254E-1 2.72023E-1 2.80549E-1 2.95622E-1
1.76882E-1 1.77376E-1 1.77702E-1 1.77763E-1 1.7756E-1 1.77052E-1 1.77248E-1 1.7659E-1 1.75906E-1 1.73927E-1 1.736E-1 1.7292E-1 1.72616E-1 1.7132E-1 1.71399E-1 1.70947E-1 1.70292E-1 1.76229E-1 1.76314E-1 1.77214E-1 1.7607E-1 1.75693E-1 1.88904E-1 1.89001E-1 1.892E-1 1.98733E-1 2.14203E-1 2.14577E-1 2.15237E-1 2.28989E-1 2.25622E-1 2.30323E-1 2.18064E-1 2.31665E-1 2.50452E-1 2.47772E-1 2.83324E-1 2.72268E-1 2.18598E-1 2.23492E-1 2.90478E-1 2.95928E-1 3.07242E-1 3.10476E-1 3.21282E-1 3.2522E-1 3.21975E-1 3.39727E-1 3.41176E-1 3.41767E-1 2.67569E-1 2.70177E-1 2.68165E-1 2.87771E-1 2.99335E-1 2.93603E-1 2.9331E-1 2.84044E-1 2.85268E-1 2.8487E-1 2.84403E-1
1.68777E-1 1.77129E-1 1.77326E-1 1.77262E-1 1.77295E-1 1.76775E-1 1.76876E-1 1.76539E-1 1.75822E-1 1.74334E-1 1.73321E-1 1.7272E-1 1.72285E-1 1.72136E-1 1.63113E-1 1.62885E-1 1.62126E-1 1.69871E-1 1.70378E-1 1.7593E-1 1.75819E-1 1.7622E-1 1.75505E-1 1.88625E-1 1.89134E-1 1.8875E-1 1.98366E-1 2.14507E-1 2.14428E-1 2.14451E-1 2.30189E-1 2.29345E-1 2.32633E-1 2.44382E-1 2.45336E-1 2.45437E-1 1.87017E-1 2.86891E-1 2.789E-1 3.03706E-1 2.99284E-1 2.96456E-1 3.09801E-1 3.13087E-1 3.14257E-1 3.14843E-1 3.27898E-1 3.31987E-1 3.49456E-1 2.57753E-1 2.63229E-1 2.76239E-1 2.78859E-1 2.84422E-1 2.89425E-1 2.93766E-1 2.90156E-1 2.89639E-1 2.933E-1 2.97938E-1 3.02699E-1
1.6959E-1 1.6971E-1 1.7743E-1 1.77793E-1 1.77416E-1 1.77322E-1 1.76351E-1 1.7594E-1 1.75637E-1 1.67273E-1 1.65964E-1 1.65155E-1 1.64105E-1 1.63955E-1 1.63959E-1 1.62725E-1 1.62725E-1 1.61885E-1 1.62514E-1 1.61657E-1 1.69812E-1 1.76206E-1 1.76306E-1 1.74788E-1 1.88504E-1 1.89158E-1 1.89017E-1 2.14681E-1 2.14416E-1 2.32011E-1 2.31705E-1 2.30309E-1 2.43517E-1 2.50846E-1 2.62509E-1 2.62527E-1 2.64824E-1 2.85945E-1 2.86445E-1 2.88848E-1 2.96853E-1 2.98404E-1 3.12631E-1 3.13765E-1 3.17988E-1 3.19271E-1 3.33752E-1 3.36462E-1 2.60727E-1 2.62077E-1 2.66678E-1 2.70992E-1 2.87002E-1 2.8921E-1 2.92403E-1 2.9317E-1 2.94018E-1 2.93621E-1 2.97997E-1 3.02962E-1 3.06437E-1
1.68965E-1 1.69096E-1 1.69415E-1 1.69139E-1 1.69008E-1 1.76908E-1 1.76719E-1 1.76625E-1 1.68199E-1 1.66666E-1 1.66299E-1 1.64988E-1 1.64439E-1 1.63792E-1 1.6378E-1 1.62422E-1 1.62119E-1 1.62633E-1 1.61167E-1 1.61263E-1 1.61781E-1 1.69836E-1 1.67464E-1 1.67434E-1 1.73872E-1 1.87689E-1 1.8834E-1 1.89192E-1 2.04607E-1 2.21635E-1 2.21066E-1 2.31826E-1 2.33554E-1 2.51726E-1 2.62188E-1 2.62656E-1 2.63433E-1 2.85299E-1 2.85067E-1 2.8549E-1 2.98144E-1 2.9978E-1 3.00801E-1 3.15938E-1 3.20071E-1 3.21791E-1 3.2398E-1 2.49233E-1 2.51999E-1 2.65431E-1 2.69782E-1 2.74316E-1 2.77255E-1 2.79083E-1 2.81047E-1 2.84706E-1 2.95559E-1 2.97E-1 3.04893E-1 2.96842E-1 2.98955E-1
1.68589E-1 1.68574E-1 1.68632E-1 1.68791E-1 1.68501E-1 1.68386E-1 1.68042E-1 1.67832E-1 1.6745E-1 1.67263E-1 1.6588E-1 1.65747E-1 1.64312E-1 1.63506E-1 1.63418E-1 1.61854E-1 1.62035E-1 1.62326E-1 1.615E-1 1.61373E-1 1.61334E-1 1.61527E-1 1.61477E-1 1.67004E-1 1.66373E-1 1.73748E-1 1.87851E-1 1.8885E-1 1.89299E-1 2.15379E-1 2.21568E-1 2.38717E-1 2.49073E-1 2.5063E-1 2.51845E-1 2.51872E-1 2.63447E-1 2.85437E-1 2.85101E-1 2.85468E-1 2.99688E-1 3.006E-1 3.02568E-1 3.04406E-1 3.09414E-1 3.24586E-1 3.25484E-1 2.5116E-1 2.56624E-1 2.59923E-1 2.62656E-1 2.76582E-1 2.814E-1 2.79229E-1 2.7954E-1 2.85235E-1 2.88896E-1 2.91397E-1 2.95157E-1 2.97822E-1 3.00299E-1
1.5919E-1 1.59196E-1 1.67766E-1 1.68039E-1 1.67895E-1 1.67621E-1 1.67449E-1 1.67039E-1 1.66949E-1 1.66735E-1 1.66487E-1 1.65278E-1 1.65112E-1 1.63755E-1 1.63262E-1 1.61381E-1 1.61962E-1 1.62143E-1 1.61444E-1 1.61511E-1 1.60941E-1 1.61464E-1 1.61172E-1 1.61112E-1 1.6117E-1 1.74229E-1 1.74164E-1 1.8795E-1 2.03715E-1 2.05141E-1 2.21299E-1 2.20694E-1 2.38547E-1 2.49457E-1 2.51717E-1 2.51406E-1 2.50857E-1 2.72521E-1 2.85007E-1 2.86236E-1 2.88099E-1 2.89631E-1 3.04469E-1 3.06581E-1 3.11644E-1 3.1384E-1 3.27892E-1 2.41194E-1 2.57196E-1 2.60768E-1 2.62144E-1 2.67117E-1 2.80675E-1 2.81929E-1 2.80924E-1 2.87398E-1 2.90163E-1 2.92556E-1 2.98254E-1 3.00314E-1 2.98955E-1
2.7247E-1 1.58529E-1 1.5873E-1 1.58701E-1 1.58437E-1 1.67176E-1 1.66917E-1 1.66458E-1 1.66093E-1 1.66034E-1 1.65868E-1 1.64974E-1 1.64545E-1 1.64318E-1 1.63087E-1 1.62609E-1 1.6193E-1 1.61852E-1 1.60925E-1 1.6121E-1 1.60874E-1 1.61235E-1 1.60582E-1 1.60879E-1 1.60725E-1 1.602E-1 1.66566E-1 1.74568E-1 1.88329E-1 2.03772E-1 2.20458E-1 2.1959E-1 2.20366E-1 2.38157E-1 2.49665E-1 2.51069E-1 2.50606E-1 2.73125E-1 2.7364E-1 2.8695E-1 2.88872E-1 2.89877E-1 2.92292E-1 3.06757E-1 3.11633E-1 3.14688E-1 3.16035E-1 3.33608E-1 2.47494E-1 2.50083E-1 2.63303E-1 2.67939E-1 2.69125E-1 2.71387E-1 2.83678E-1 2.87361E-1 2.89752E-1 2.93914E-1 2.99384E-1 3.00738E-1 3.01485E-1
2.5815E-1 2.69844E-1 2.69654E-1 2.69508E-1 1.57767E-1 1.57652E-1 1.65841E-1 1.65663E-1 1.65634E-1 1.65545E-1 1.65436E-1 1.64244E-1 1.64013E-1 1.63999E-1 1.62687E-1 1.62462E-1 1.61572E-1 1.61717E-1 1.60969E-1 1.60692E-1 1.61127E-1 1.61091E-1 1.60113E-1 1.60269E-1 1.60224E-1 1.60725E-1 1.65766E-1 1.73609E-1 1.87371E-1 2.03336E-1 2.03775E-1 2.19242E-1 2.18947E-1 2.36615E-1 2.37835E-1 2.50695E-1 2.50553E-1 2.72766E-1 2.73968E-1 2.74915E-1 2.79015E-1 2.92929E-1 2.94536E-1 2.96563E-1 2.98517E-1 3.13849E-1 3.18838E-1 3.20979E-1 2.47363E-1 2.51162E-1 2.51083E-1 2.64345E-1 2.68485E-1 2.70508E-1 2.7294E-1 2.78566E-1 2.80198E-1 2.80942E-1 2.86276E-1 2.88561E-1 3.01747E-1
2.564E-1 2.55903E-1 2.55182E-1 2.67609E-1 2.66861E-1 2.65353E-1 1.56594E-1 1.56594E-1 1.64068E-1 1.64129E-1 1.6361E-1 1.63857E-1 1.636E-1 1.63585E-1 1.6318E-1 1.62408E-1 1.62221E-1 1.61502E-1 1.61579E-1 1.60569E-1 1.61147E-1 1.60653E-1 1.59859E-1 1.59622E-1 1.60174E-1 1.60443E-1 1.59427E-1 1.65301E-1 1.78479E-1 1.8723E-1 2.03169E-1 2.19582E-1 2.19068E-1 2.35979E-1 2.37013E-1 2.39586E-1 2.397E-1 2.61324E-1 2.73966E-1 2.75456E-1 2.77443E-1 2.80711E-1 2.94308E-1 2.96632E-1 2.9837E-1 3.02801E-1 3.17731E-1 3.21075E-1 2.38577E-1 2.50367E-1 2.52095E-1 2.54212E-1 2.67654E-1 2.70066E-1 2.72216E-1 2.77552E-1 2.80085E-1 2.83732E-1 2.85646E-1 2.87177E-1 3.01025E-1
2.51763E-1 2.49648E-1 2.51013E-1 2.64423E-1 2.63412E-1 2.62999E-1 2.6277E-1 2.62816E-1 2.61762E-1 1.63214E-1 1.6315E-1 1.63459E-1 1.63103E-1 1.63089E-1 1.62934E-1 1.62079E-1 1.62061E-1 1.62015E-1 1.61081E-1 1.61403E-1 1.60785E-1 1.60976E-1 1.60931E-1 1.59696E-1 1.59644E-1 1.6E-1 1.60017E-1 1.64732E-1 1.7771E-1 1.78102E-1 1.93344E-1 2.03167E-1 2.08831E-1 2.26015E-1 2.3671E-1 2.37563E-1 2.40411E-1 2.60481E-1 2.6209E-1 2.75326E-1 2.76769E-1 2.80683E-1 2.82131E-1 2.95972E-1 2.97891E-1 3.02246E-1 3.16892E-1 3.19338E-1 3.24515E-1 2.38972E-1 2.51413E-1 2.53334E-1 2.57649E-1 2.60485E-1 2.6266E-1 2.76045E-1 2.792E-1 2.81744E-1 2.84019E-1 2.88794E-1 2.87638E-1
2.36867E-1 2.35855E-1 2.47264E-1 2.47048E-1 2.49818E-1 2.60936E-1 2.61576E-1 2.60845E-1 2.61211E-1 2.59668E-1 1.55332E-1 1.63031E-1 1.55208E-1 1.62677E-1 1.6255E-1 1.62837E-1 1.54414E-1 1.61877E-1 1.61775E-1 1.61152E-1 1.61618E-1 1.60676E-1 1.60631E-1 1.60057E-1 1.59332E-1 1.59648E-1 1.59535E-1 1.58589E-1 1.64444E-1 1.77478E-1 1.92444E-1 1.93446E-1 2.08342E-1 2.0921E-1 2.26674E-1 2.36876E-1 2.40058E-1 2.60233E-1 2.61171E-1 2.6313E-1 2.75995E-1 2.79881E-1 2.81372E-1 2.83758E-1 2.96683E-1 3.01475E-1 3.04737E-1 3.19354E-1 3.22674E-1 3.24834E-1 2.3998E-1 2.52352E-1 2.5674E-1 2.58937E-1 2.60991E-1 2.7517E-1 2.77519E-1 2.80269E-1 2.82198E-1 2.8693E-1 2.89464E-1
2.12006E-1 2.11799E-1 2.44717E-1 2.44717E-1 2.44198E-1 2.43726E-1 2.46785E-1 2.58058E-1 2.582E-1 2.59431E-1 2.3229E-1 2.43826E-1 1.44759E-1 1.5491E-1 1.51648E-1 1.55018E-1 1.54018E-1 1.54064E-1 1.61579E-1 1.62058E-1 1.61011E-1 1.61053E-1 1.52807E-1 1.60114E-1 1.60125E-1 1.59004E-1 1.59432E-1 1.58056E-1 1.64191E-1 1.77242E-1 1.92022E-1 1.92653E-1 2.08735E-1 2.0872E-1 2.25935E-1 2.37909E-1 2.39464E-1 2.59319E-1 2.60551E-1 2.62235E-1 2.7499E-1 2.79001E-1 2.80889E-1 2.83273E-1 2.96346E-1 3.00786E-1 3.02474E-1 2.92107E-1 2.92619E-1 2.98834E-1 3.0055E-1 2.22544E-1 2.34263E-1 2.37064E-1 2.38952E-1 2.63567E-1 2.67105E-1 2.78018E-1 2.80185E-1 2.85047E-1 2.8783E-1
2.0909E-1 2.0943E-1 2.09658E-1 2.18495E-1 2.18375E-1 2.19496E-1 2.19671E-1 2.31193E-1 2.31871E-1 2.31496E-1 2.30163E-1 2.43574E-1 2.31029E-1 2.29055E-1 2.39117E-1 1.61964E-1 1.62069E-1 1.62239E-1 1.53968E-1 1.61432E-1 1.53343E-1 1.53586E-1 1.53375E-1 1.59861E-1 1.59836E-1 1.53016E-1 1.59906E-1 1.58848E-1 1.56438E-1 1.76812E-1 1.77589E-1 1.92124E-1 2.0838E-1 2.09121E-1 2.26714E-1 2.28096E-1 2.28827E-1 2.47534E-1 2.59615E-1 2.61219E-1 2.62757E-1 2.78157E-1 2.80121E-1 2.82016E-1 2.83839E-1 2.99449E-1 2.76258E-1 2.7808E-1 2.94784E-1 2.97293E-1 3.01907E-1 3.03677E-1 2.32833E-1 2.34837E-1 2.37539E-1 2.62007E-1 2.66553E-1 2.66832E-1 2.77968E-1 2.82973E-1 2.86407E-1
2.07308E-1 2.06281E-1 2.06113E-1 2.05944E-1 2.16948E-1 2.18259E-1 2.19085E-1 2.29902E-1 2.30764E-1 2.31133E-1 2.30348E-1 2.32302E-1 2.3041E-1 2.29859E-1 2.279E-1 2.42336E-1 1.44148E-1 1.51019E-1 1.44274E-1 1.51152E-1 1.44251E-1 1.51287E-1 1.44696E-1 1.44533E-1 1.52547E-1 1.52487E-1 1.60011E-1 1.5245E-1 1.57085E-1 1.6963E-1 1.69133E-1 1.83255E-1 1.9842E-1 2.08714E-1 2.09982E-1 2.27532E-1 2.28482E-1 2.47473E-1 2.59024E-1 2.60726E-1 2.62112E-1 2.75094E-1 2.55502E-1 2.57373E-1 2.69941E-1 2.74041E-1 2.75457E-1 2.78867E-1 2.68669E-1 2.73065E-1 2.99066E-1 2.76715E-1 2.31459E-1 2.35619E-1 2.35452E-1 2.59895E-1 2.64346E-1 2.66195E-1 2.79364E-1 2.81638E-1 2.83665E-1
2.02952E-1 2.04405E-1 2.03053E-1 2.04746E-1 2.14638E-1 2.17303E-1 2.1702E-1 2.19738E-1 2.30276E-1 2.29596E-1 2.3138E-1 2.30595E-1 2.30904E-1 2.30348E-1 2.29608E-1 2.39565E-1 2.29244E-1 2.2857E-1 2.2656E-1 1.50896E-1 1.50778E-1 1.44459E-1 1.44009E-1 1.43987E-1 1.44441E-1 1.52323E-1 1.52422E-1 1.51958E-1 1.51384E-1 1.57489E-1 1.69826E-1 1.84239E-1 1.9341E-1 2.08083E-1 2.09347E-1 2.26906E-1 2.27968E-1 2.46689E-1 2.58064E-1 2.59773E-1 2.41169E-1 2.52741E-1 2.54391E-1 2.56182E-1 2.68706E-1 2.70421E-1 2.513E-1 2.54534E-1 2.67273E-1 2.71113E-1 2.72464E-1 2.74102E-1 2.88107E-1 2.13474E-1 2.35418E-1 2.35173E-1 2.61473E-1 2.63224E-1 2.76907E-1 2.75948E-1 2.804E-1
2.03386E-1 2.00601E-1 2.00268E-1 2.00104E-1 2.02284E-1 2.15242E-1 2.14008E-1 2.18795E-1 2.19385E-1 2.29662E-1 2.30583E-1 2.32623E-1 2.3078E-1 2.30039E-1 2.27949E-1 2.28513E-1 2.39502E-1 2.28388E-1 2.27108E-1 2.26257E-1 2.23094E-1 1.43846E-1 1.43917E-1 1.43832E-1 1.44108E-1 1.43377E-1 1.52637E-1 1.52148E-1 1.52262E-1 1.57191E-1 1.69233E-1 1.8369E-1 1.84293E-1 2.07626E-1 2.10308E-1 2.11278E-1 2.28715E-1 2.29841E-1 2.39582E-1 2.40454E-1 2.52053E-1 2.51794E-1 2.53284E-1 2.35062E-1 2.67426E-1 2.48165E-1 2.49259E-1 2.52594E-1 2.43316E-1 2.47375E-1 2.70042E-1 2.71667E-1 2.8488E-1 2.90404E-1 2.33478E-1 2.32542E-1 2.58276E-1 2.60173E-1 2.73763E-1 2.73027E-1 2.77052E-1
2.01366E-1 2.01264E-1 1.99098E-1 2.00601E-1 2.00437E-1 2.12766E-1 2.12066E-1 2.14992E-1 2.187E-1 2.30342E-1 2.30897E-1 2.30462E-1 2.30951E-1 2.30162E-1 2.29423E-1 2.29371E-1 2.28452E-1 2.28513E-1 2.27962E-1 2.27231E-1 2.24655E-1 2.23151E-1 1.43595E-1 1.43677E-1 1.43523E-1 1.42753E-1 1.431E-1 1.43966E-1 1.44673E-1 1.51101E-1 1.64602E-1 1.69323E-1 1.84087E-1 1.93561E-1 2.09799E-1 2.10709E-1 2.11679E-1 2.21991E-1 2.38477E-1 2.40197E-1 2.40356E-1 2.51812E-1 2.33862E-1 2.3412E-1 2.45672E-1 2.46374E-1 2.47796E-1 2.29881E-1 2.41196E-1 2.43037E-1 2.46344E-1 2.69051E-1 2.81965E-1 2.86649E-1 2.90205E-1 2.30359E-1 2.53021E-1 2.57232E-1 2.69925E-1 2.69085E-1 2.7278E-1
1.90168E-1 1.99753E-1 1.98533E-1 2.0037E-1 2.00432E-1 2.01439E-1 2.02284E-1 2.11539E-1 2.17836E-1 2.3004E-1 2.30776E-1 2.30342E-1 2.31265E-1 2.30965E-1 2.30162E-1 2.30162E-1 2.29669E-1 2.28026E-1 2.27964E-1 2.27293E-1 2.2483E-1 2.2381E-1 2.2279E-1 2.21955E-1 1.42661E-1 1.42389E-1 1.42482E-1 1.43473E-1 1.44082E-1 1.4983E-1 1.63461E-1 1.64725E-1 1.93443E-1 1.94522E-1 2.09062E-1 2.09345E-1 2.10483E-1 2.21161E-1 2.39164E-1 2.3917E-1 2.50003E-1 2.32692E-1 2.32363E-1 2.44291E-1 2.26444E-1 2.45123E-1 2.26934E-1 2.38226E-1 2.39569E-1 2.40803E-1 2.4399E-1 2.67318E-1 2.79478E-1 2.81388E-1 2.86078E-1 3.11846E-1 2.38806E-1 2.65385E-1 2.66379E-1 2.65271E-1 2.68427E-1
1.90071E-1 1.90773E-1 1.98093E-1 1.98763E-1 2.00263E-1 2.01269E-1 2.02109E-1 2.12589E-1 2.15166E-1 2.28243E-1 2.30534E-1 2.30655E-1 2.32137E-1 2.30649E-1 2.30594E-1 2.30718E-1 2.29176E-1 2.28638E-1 2.27661E-1 2.27295E-1 2.25596E-1 2.23264E-1 2.23086E-1 2.21876E-1 2.18208E-1 2.15183E-1 1.41994E-1 1.43117E-1 1.43719E-1 1.43188E-1 1.49547E-1 1.6381E-1 1.7317E-1 1.90362E-1 1.90838E-1 2.10141E-1 2.11148E-1 2.21777E-1 2.38472E-1 2.22054E-1 2.31891E-1 2.31644E-1 2.32767E-1 2.25859E-1 2.24492E-1 2.2592E-1 2.25208E-1 2.36684E-1 2.37634E-1 2.39064E-1 2.41262E-1 2.76486E-1 2.77573E-1 2.78744E-1 2.80325E-1 3.08157E-1 3.22057E-1 2.61429E-1 2.62764E-1 2.6166E-1 2.62381E-1
