Artocarpus heterophyllus SDM files/MIS19/results (without bias file)/Arthet_3.asc
ncols         625
nrows         721
xllcorner     69.99986311115
yllcorner     5.99986187915
cellsize      0.041666667
NODATA_value  -9999
[rows 108 to 134 of 721, columns 549 to 609 of 625]
1.44492E-3 1.2454E-3 1.17148E-3 4.36475E-3 4.19316E-3 4.17421E-3 1.27838E-3 1.26294E-3 1.3464E-3 1.38533E-3 1.2866E-3 1.39176E-3 1.43224E-3 1.3187E-3 1.51565E-3 4.01511E-3 5.02192E-3 6.53209E-3 6.27482E-3 6.94164E-3 4.54585E-3 8.76555E-3 1.48311E-3 6.45211E-3 5.76393E-3 1.51316E-3 6.01117E-3 1.36068E-3 1.29587E-3 7.06522E-3 9.21608E-3 9.62058E-3 7.49933E-3 1.45625E-3 1.02304E-2 9.20904E-3 9.36888E-3 9.82334E-3 9.75726E-3 9.3233E-3 4.85113E-3 1.01837E-2 6.28481E-3 7.34877E-3 1.0057E-2 5.72239E-3 4.91156E-3 7.26318E-3 9.06165E-3 7.96009E-3 7.67926E-3 4.49938E-3 1.90434E-3 8.57318E-3 1.0573E-2 8.62309E-3 5.16693E-3 1.55023E-3 1.74237E-3 9.22478E-3 1.04923E-2
5.45131E-3 4.14422E-3 1.37142E-3 4.64584E-3 1.44953E-3 1.37151E-3 4.17469E-3 6.49548E-3 6.66704E-3 7.96236E-3 3.92981E-3 6.60665E-3 6.88462E-3 8.20663E-3 7.15448E-3 4.49899E-3 6.00525E-3 1.37515E-3 1.32795E-3 1.29507E-3 1.36284E-3 1.64987E-3 5.05759E-3 4.23517E-3 8.33114E-3 7.42882E-3 4.19913E-3 6.88689E-3 6.57217E-3 4.18959E-3 1.51461E-3 1.4863E-3 1.47666E-3 4.29161E-3 5.53936E-3 5.44216E-3 1.3622E-3 1.4972E-3 1.39858E-3 1.95001E-3 1.64834E-3 6.98341E-3 1.35457E-3 1.58895E-3 5.82463E-3 6.1728E-3 7.53216E-3 6.23998E-3 8.25323E-3 7.55337E-3 7.16477E-3 8.95023E-3 1.92217E-3 1.18494E-2 1.17144E-2 1.00006E-2 7.7014E-3 6.39559E-3 6.63175E-3 1.74868E-3 5.28871E-3
1.63126E-3 4.46966E-3 1.50691E-3 1.54119E-3 3.86342E-3 7.07937E-3 4.82893E-3 6.20958E-3 3.62786E-3 7.81695E-3 7.01718E-3 6.46287E-3 4.40733E-3 1.47636E-3 1.61896E-3 4.43176E-3 5.65846E-3 7.4663E-3 6.99705E-3 1.45006E-3 1.40559E-3 1.61009E-3 5.88688E-3 4.50942E-3 6.75564E-3 5.09496E-3 4.25697E-3 8.06629E-3 6.26124E-3 4.73763E-3 4.65583E-3 7.94357E-3 6.36879E-3 1.43942E-3 4.63118E-3 4.59754E-3 1.61523E-3 5.49885E-3 5.64168E-3 1.73121E-3 1.64253E-3 2.09619E-3 7.9162E-3 1.79227E-3 8.42916E-3 8.4728E-3 6.39722E-3 8.9305E-3 7.62563E-3 7.83462E-3 8.58766E-3 5.26763E-3 1.8794E-3 7.25042E-3 9.25749E-3 9.79961E-3 8.84198E-3 8.2174E-3 8.82083E-3 7.50529E-3 8.44205E-3
4.58751E-3 1.56618E-3 5.76736E-3 5.51884E-3 5.14463E-3 6.19159E-3 5.49652E-3 7.02277E-3 4.90456E-3 6.88157E-3 7.43222E-3 5.57374E-3 6.92494E-3 5.09725E-3 8.14949E-3 7.34188E-3 5.67396E-3 4.59463E-3 6.55388E-3 6.52693E-3 7.1561E-3 6.21554E-3 6.88515E-3 6.8466E-3 7.09295E-3 7.8288E-3 6.66148E-3 7.54093E-3 7.08982E-3 6.70715E-3 4.77179E-3 7.70868E-3 8.05326E-3 7.26017E-3 8.76659E-3 9.41356E-3 8.93723E-3 9.72909E-3 9.4835E-3 9.2023E-3 6.70381E-3 1.57421E-3 9.56228E-3 7.50943E-3 7.08212E-3 7.81096E-3 7.07176E-3 8.36416E-3 8.24391E-3 8.49E-3 7.02828E-3 4.25931E-3 6.10657E-3 1.03282E-2 9.79973E-3 8.94452E-3 9.25513E-3 1.05956E-2 9.95236E-3 8.25407E-3 9.65921E-3
4.40754E-3 5.92123E-3 7.38836E-3 5.7677E-3 6.83368E-3 6.41479E-3 7.0472E-3 6.98916E-3 6.92353E-3 7.3812E-3 5.85718E-3 7.67766E-3 7.31936E-3 6.44808E-3 6.19003E-3 8.35797E-3 6.57703E-3 7.14966E-3 7.05348E-3 6.83381E-3 8.34005E-3 7.74876E-3 7.73026E-3 7.85339E-3 7.75438E-3 8.16132E-3 8.2435E-3 8.63038E-3 9.29199E-3 8.64962E-3 7.96125E-3 8.43893E-3 9.92629E-3 9.06931E-3 8.60773E-3 8.60762E-3 9.69324E-3 4.72177E-3 1.05387E-2 9.79678E-3 1.90183E-3 8.82846E-3 1.03533E-2 8.94363E-3 9.36234E-3 8.65915E-3 7.52568E-3 7.90202E-3 7.7655E-3 9.881E-3 9.86958E-3 6.43457E-3 1.63252E-3 1.14313E-2 9.75709E-3 9.26193E-3 9.45063E-3 1.11878E-2 1.06125E-2 8.03541E-3 1.003E-2
6.3411E-3 7.26414E-3 7.23058E-3 6.5277E-3 7.0974E-3 6.92819E-3 7.29139E-3 6.85098E-3 5.75222E-3 7.64588E-3 7.52619E-3 7.55612E-3 6.65432E-3 8.52169E-3 7.09336E-3 8.20869E-3 7.76933E-3 6.82561E-3 6.62675E-3 6.72172E-3 7.09866E-3 7.8352E-3 8.64433E-3 9.0261E-3 8.58168E-3 8.49713E-3 7.81107E-3 8.34312E-3 7.42229E-3 8.88094E-3 8.82044E-3 5.79493E-3 8.92622E-3 5.44326E-3 7.37048E-3 6.8762E-3 1.11336E-2 6.95552E-3 5.52557E-3 6.2265E-3 7.27649E-3 1.05039E-2 1.04058E-2 9.74594E-3 9.49761E-3 9.12944E-3 9.20289E-3 8.26114E-3 8.79783E-3 7.51564E-3 1.04963E-2 8.30141E-3 1.69948E-3 9.13688E-3 1.09286E-2 8.66236E-3 7.09318E-3 9.71521E-3 1.05684E-2 9.90551E-3 1.053E-2
6.85308E-3 6.80571E-3 7.29414E-3 6.67373E-3 6.78633E-3 7.24423E-3 8.14462E-3 6.78199E-3 8.36814E-3 7.29244E-3 7.40376E-3 5.86459E-3 8.25345E-3 7.82207E-3 7.30499E-3 8.14679E-3 7.55725E-3 8.55065E-3 7.70638E-3 8.22989E-3 6.98479E-3 5.14751E-3 8.02409E-3 8.95955E-3 7.43175E-3 8.76542E-3 9.08056E-3 9.03598E-3 7.89603E-3 8.88826E-3 7.38894E-3 8.59731E-3 9.77972E-3 8.35224E-3 7.07004E-3 6.8597E-3 7.40433E-3 9.47538E-3 1.56964E-3 2.51257E-3 9.06031E-3 8.90487E-3 1.0981E-2 9.49924E-3 9.78403E-3 9.82658E-3 9.96457E-3 8.56371E-3 5.46516E-3 8.13237E-3 1.08303E-2 9.75576E-3 1.04523E-2 5.93001E-3 1.23357E-2 1.05803E-2 8.83065E-3 1.12892E-2 1.01336E-2 1.13325E-2 1.17581E-2
7.55897E-3 7.54854E-3 6.70225E-3 7.05632E-3 7.9572E-3 7.05878E-3 8.02597E-3 5.65663E-3 8.64065E-3 7.53993E-3 7.79119E-3 7.89503E-3 8.04364E-3 7.58532E-3 7.97165E-3 8.49544E-3 7.58316E-3 8.83912E-3 9.28065E-3 9.35859E-3 8.82912E-3 8.52109E-3 4.36198E-3 4.6197E-3 1.62116E-3 6.28039E-3 8.61144E-3 7.8721E-3 7.29785E-3 1.0053E-2 7.19724E-3 1.64834E-3 1.70747E-3 5.2662E-3 1.41301E-3 1.3588E-3 1.48887E-3 1.53567E-3 1.4829E-3 1.88416E-3 1.77228E-3 1.96931E-3 1.13631E-2 1.00543E-2 9.63561E-3 8.60206E-3 1.00898E-2 9.9912E-3 6.75801E-3 1.10549E-2 1.22178E-2 1.13717E-2 1.18296E-2 6.31914E-3 1.0281E-2 1.21702E-2 1.02277E-2 1.28299E-2 1.13996E-2 1.28002E-2 7.61605E-3
6.25794E-3 8.30102E-3 8.00642E-3 7.13579E-3 8.63038E-3 8.49104E-3 8.60201E-3 7.79838E-3 8.91969E-3 8.8856E-3 8.01498E-3 8.99321E-3 8.65947E-3 8.2139E-3 6.99939E-3 9.445E-3 8.32376E-3 5.72017E-3 6.94998E-3 5.61449E-3 5.82211E-3 5.30782E-3 5.14463E-3 8.72296E-3 8.18547E-3 7.47025E-3 1.38577E-3 1.57922E-3 1.49564E-3 1.96088E-3 5.0257E-3 1.5056E-3 6.56572E-3 5.1048E-3 6.66693E-3 5.88334E-3 7.1341E-3 1.67815E-3 5.90919E-3 5.97602E-3 8.40288E-3 1.54152E-3 9.74107E-3 9.25494E-3 9.9793E-3 1.06455E-2 1.14584E-2 1.1112E-2 1.10882E-2 6.73078E-3 1.08224E-2 9.80808E-3 8.88388E-3 9.33523E-3 8.85825E-3 7.98404E-3 2.34093E-3 1.07773E-2 9.00523E-3 8.36381E-3 1.33166E-2
6.14368E-3 7.90735E-3 7.09176E-3 6.80227E-3 9.25176E-3 8.93728E-3 8.71658E-3 8.02891E-3 8.41421E-3 8.88254E-3 7.70894E-3 8.79007E-3 6.81489E-3 7.63281E-3 7.4217E-3 7.60666E-3 7.60291E-3 7.90921E-3 7.89007E-3 8.29315E-3 8.54918E-3 8.73537E-3 8.56467E-3 9.36829E-3 6.96344E-3 1.78112E-3 7.15878E-3 6.39171E-3 5.59841E-3 6.86992E-3 4.95272E-3 1.64106E-3 8.06377E-3 5.36281E-3 6.1393E-3 8.1424E-3 6.75593E-3 1.72114E-3 7.81256E-3 6.7342E-3 6.1682E-3 5.77972E-3 2.35326E-3 8.66447E-3 1.02389E-2 2.32772E-3 7.24634E-3 9.04316E-3 2.67706E-3 1.45496E-3 1.80874E-3 2.11744E-3 1.75713E-3 2.74056E-3 2.46623E-3 2.43677E-3 6.31681E-3 1.84134E-3 1.75403E-3 2.50022E-3 1.01143E-2
6.13037E-3 6.37815E-3 5.99959E-3 6.80227E-3 8.12442E-3 8.8609E-3 7.5433E-3 7.59281E-3 5.7843E-3 8.01239E-3 9.6443E-3 8.33633E-3 8.30414E-3 7.67471E-3 8.62625E-3 9.79312E-3 1.02453E-2 9.31435E-3 8.72162E-3 1.01584E-2 1.00063E-2 8.8974E-3 8.26086E-3 4.76501E-3 6.7693E-3 5.62762E-3 7.45073E-3 6.05993E-3 7.17898E-3 5.4752E-3 6.19759E-3 7.98377E-3 8.3751E-3 1.45062E-3 8.35894E-3 9.64913E-3 7.31816E-3 5.15728E-3 1.77977E-3 8.23506E-3 6.94221E-3 1.75632E-3 1.59529E-3 2.15778E-3 1.17093E-2 1.17773E-2 2.2543E-3 2.16367E-3 2.25613E-3 6.61324E-3 9.77437E-3 6.56746E-3 6.42418E-3 3.19875E-3 1.2524E-2 6.86449E-3 1.05787E-2 1.23108E-2 1.26718E-2 6.19227E-3 1.69956E-3
4.80244E-3 5.63704E-3 6.86151E-3 6.66112E-3 5.46265E-3 7.93902E-3 8.95505E-3 9.02087E-3 7.00755E-3 7.40757E-3 8.17293E-3 8.6406E-3 7.4552E-3 6.9053E-3 5.83724E-3 1.56697E-3 5.35294E-3 6.58096E-3 8.99992E-3 7.60205E-3 6.19478E-3 1.5581E-3 5.72698E-3 5.8783E-3 6.8492E-3 6.6729E-3 7.20933E-3 7.45883E-3 8.48301E-3 8.2646E-3 8.24963E-3 8.79481E-3 5.87519E-3 5.44958E-3 1.59953E-3 5.67307E-3 7.21795E-3 7.71532E-3 6.09546E-3 5.0732E-3 6.75996E-3 6.13459E-3 8.24101E-3 1.83569E-3 1.94586E-3 2.31811E-3 2.53671E-3 7.63625E-3 9.23708E-3 1.16977E-2 9.9923E-3 2.68435E-3 9.99083E-3 2.91244E-3 1.28036E-2 7.96799E-3 1.19364E-2 8.05118E-3 1.45241E-2 8.5075E-3 8.96092E-3
4.86035E-3 7.95537E-3 6.99928E-3 7.81578E-3 7.60337E-3 6.87011E-3 7.8437E-3 7.45616E-3 8.718E-3 8.97277E-3 8.1384E-3 8.57866E-3 8.87744E-3 1.01914E-2 1.00488E-2 8.3565E-3 8.10383E-3 6.14224E-3 6.2633E-3 8.44112E-3 8.91993E-3 6.18763E-3 9.15154E-3 7.74911E-3 8.02145E-3 7.63237E-3 8.60111E-3 7.88642E-3 6.60106E-3 8.51375E-3 9.71414E-3 9.14304E-3 2.09901E-3 8.33699E-3 6.49775E-3 5.8761E-3 8.81023E-3 8.08661E-3 7.52946E-3 6.72968E-3 6.46398E-3 6.37636E-3 7.44038E-3 1.13441E-2 1.04818E-2 2.29873E-3 9.62688E-3 6.72844E-3 9.31989E-3 8.71491E-3 7.4353E-3 1.30683E-2 7.74909E-3 7.93607E-3 1.07745E-2 1.11172E-2 1.00913E-2 7.81131E-3 1.23387E-2 1.30177E-2 1.35797E-2
8.24561E-3 6.54341E-3 8.84128E-3 7.99121E-3 7.91282E-3 7.44102E-3 8.53705E-3 7.36428E-3 8.80908E-3 8.83331E-3 1.03051E-2 8.39332E-3 9.99283E-3 8.04099E-3 1.07057E-2 1.05012E-2 1.01013E-2 9.44037E-3 7.67217E-3 6.64008E-3 9.65483E-3 5.80846E-3 9.57546E-3 8.77863E-3 8.15209E-3 8.47511E-3 8.88968E-3 9.62498E-3 9.45266E-3 5.9732E-3 5.83471E-3 1.82717E-3 7.06945E-3 8.67693E-3 8.22353E-3 7.33616E-3 7.72742E-3 8.45353E-3 8.58031E-3 5.45958E-3 6.72393E-3 9.11654E-3 6.39932E-3 2.08819E-3 1.59081E-3 2.0738E-3 1.07449E-2 1.19612E-2 6.90327E-3 7.22695E-3 8.79063E-3 7.9395E-3 2.07414E-3 1.03214E-2 1.22738E-2 1.12892E-2 2.65783E-3 7.44785E-3 9.8685E-3 1.16871E-2 8.41499E-3
5.37688E-3 7.69373E-3 6.7711E-3 8.02551E-3 8.65504E-3 7.97121E-3 7.26763E-3 7.16539E-3 6.46823E-3 1.02745E-2 9.98537E-3 8.69432E-3 1.03257E-2 9.67113E-3 8.06091E-3 8.38002E-3 9.47168E-3 1.04816E-2 9.37362E-3 9.91865E-3 9.33672E-3 8.49668E-3 6.01371E-3 8.01069E-3 8.03844E-3 8.72181E-3 6.61728E-3 5.33499E-3 5.19853E-3 5.03718E-3 5.28346E-3 1.5817E-3 5.99653E-3 8.01575E-3 9.22787E-3 7.97565E-3 8.54762E-3 9.17353E-3 7.23109E-3 6.86159E-3 9.49396E-3 9.9922E-3 1.09062E-2 6.8064E-3 1.90167E-3 2.46762E-3 8.00328E-3 7.85151E-3 8.42533E-3 8.74043E-3 2.40259E-3 8.73056E-3 9.04727E-3 1.02455E-2 8.94722E-3 2.57675E-3 3.00606E-3 1.38353E-2 1.2936E-2 1.29827E-2 1.4917E-2
7.55658E-3 7.5417E-3 7.99979E-3 7.21351E-3 8.01315E-3 8.59595E-3 7.55216E-3 7.58431E-3 6.14279E-3 1.12604E-2 8.27603E-3 1.11184E-2 9.86776E-3 9.31523E-3 8.80465E-3 1.11505E-2 1.09E-2 8.90573E-3 8.68833E-3 6.77075E-3 9.63438E-3 9.28877E-3 8.8482E-3 9.93488E-3 8.57204E-3 5.6698E-3 7.29789E-3 7.55185E-3 9.08751E-3 8.07833E-3 8.01463E-3 7.35117E-3 8.07387E-3 6.91333E-3 9.21152E-3 8.72562E-3 9.05533E-3 9.23893E-3 1.01312E-2 8.10519E-3 6.83503E-3 1.0178E-2 6.46979E-3 1.9925E-3 8.44889E-3 1.05432E-2 1.2191E-2 1.07476E-2 9.99607E-3 7.076E-3 2.31424E-3 1.00544E-2 1.22706E-2 1.08973E-2 2.49058E-3 2.2193E-3 7.43149E-3 8.88252E-3 1.41444E-2 1.35375E-2 1.23342E-2
7.99284E-3 7.94874E-3 8.75651E-3 8.45319E-3 8.80955E-3 7.72779E-3 8.2233E-3 8.79865E-3 7.86432E-3 8.78748E-3 5.85097E-3 9.49012E-3 5.40499E-3 6.99309E-3 1.12399E-2 9.10117E-3 1.07833E-2 1.10298E-2 1.08934E-2 9.26851E-3 6.226E-3 9.20041E-3 1.00595E-2 9.19546E-3 1.07508E-2 9.27937E-3 9.12194E-3 9.66563E-3 9.16917E-3 9.36097E-3 9.7462E-3 9.32195E-3 1.00738E-2 9.40223E-3 9.48463E-3 8.5563E-3 8.60333E-3 8.0226E-3 7.8425E-3 7.1124E-3 5.58515E-3 1.63832E-3 1.516E-3 1.62246E-3 1.79459E-3 1.80296E-3 2.1988E-3 1.27252E-2 1.15409E-2 7.97973E-3 1.9155E-3 1.12748E-2 1.36854E-2 1.45512E-2 1.38746E-2 1.31489E-2 1.15137E-2 7.83386E-3 1.14808E-2 9.51528E-3 2.81082E-3
7.90736E-3 8.82311E-3 8.86251E-3 7.2216E-3 7.5109E-3 8.74249E-3 8.28321E-3 5.10585E-3 1.01828E-2 1.08347E-2 8.92055E-3 5.7421E-3 9.28637E-3 1.02389E-2 6.10167E-3 1.01326E-2 7.88585E-3 6.48984E-3 1.00879E-2 1.03729E-2 8.52036E-3 6.18763E-3 7.90744E-3 1.05416E-2 8.71549E-3 1.00663E-2 7.9964E-3 7.5756E-3 7.63279E-3 7.13587E-3 7.0339E-3 9.30686E-3 9.55671E-3 9.61075E-3 1.04432E-2 9.80225E-3 8.99861E-3 9.64907E-3 7.02347E-3 8.80936E-3 6.77904E-3 5.70936E-3 6.4108E-3 7.98507E-3 8.71449E-3 8.91548E-3 7.59192E-3 2.3305E-3 1.07264E-2 1.19777E-2 8.258E-3 8.31425E-3 7.63566E-3 9.06269E-3 8.31116E-3 1.055E-2 1.27419E-2 1.4666E-2 1.23928E-2 2.76321E-3 1.09763E-2
7.70722E-3 8.64324E-3 9.41905E-3 8.44903E-3 7.54142E-3 5.49796E-3 6.0845E-3 4.76364E-3 7.03011E-3 6.04798E-3 8.07158E-3 6.11619E-3 6.96119E-3 5.86113E-3 9.96898E-3 9.9615E-3 1.09479E-2 9.23152E-3 9.06905E-3 1.00823E-2 1.02023E-2 9.89383E-3 8.15936E-3 8.12365E-3 9.40016E-3 6.79435E-3 9.3997E-3 9.46779E-3 9.3508E-3 8.54127E-3 5.57997E-3 6.29292E-3 5.90446E-3 6.60684E-3 9.31989E-3 1.17039E-2 1.10021E-2 6.78475E-3 1.03968E-2 1.06174E-2 9.05854E-3 9.22868E-3 9.48637E-3 1.01453E-2 1.06059E-2 1.20959E-2 1.062E-2 2.35785E-3 2.5955E-3 6.65669E-3 7.47716E-3 8.74411E-3 8.2813E-3 7.0557E-3 7.82006E-3 7.45142E-3 9.40053E-3 1.2309E-2 7.75707E-3 8.19156E-3 1.44115E-2
4.98852E-3 7.94628E-3 9.13835E-3 9.88795E-3 9.62649E-3 1.06173E-2 1.04128E-2 8.90337E-3 8.56112E-3 7.86517E-3 4.42062E-3 1.81373E-3 1.16069E-2 1.1389E-2 1.1527E-2 1.20475E-2 1.13726E-2 1.03456E-2 1.14445E-2 1.15117E-2 1.13925E-2 7.65467E-3 7.0305E-3 6.52339E-3 9.36699E-3 8.43547E-3 1.1194E-2 9.95005E-3 1.04012E-2 9.63569E-3 9.00717E-3 1.04248E-2 1.11689E-2 8.63994E-3 1.89218E-3 1.77871E-3 1.67021E-3 7.4137E-3 6.22075E-3 2.27868E-3 6.80031E-3 6.62663E-3 8.85381E-3 1.05511E-2 1.00173E-2 2.19371E-3 6.48221E-3 7.33869E-3 8.60215E-3 9.86275E-3 8.25707E-3 1.24002E-2 9.9622E-3 9.06027E-3 1.11658E-2 9.22504E-3 8.67132E-3 1.01391E-2 1.28014E-2 9.87929E-3 8.3435E-3
8.41053E-3 7.83462E-3 7.33753E-3 5.99753E-3 5.12367E-3 7.34538E-3 1.01873E-2 1.17668E-2 1.19892E-2 1.04144E-2 9.98878E-3 9.73622E-3 6.10914E-3 1.14782E-2 7.82415E-3 1.24574E-2 1.22346E-2 1.20604E-2 1.12404E-2 8.9781E-3 1.12252E-2 1.09661E-2 9.33943E-3 6.08254E-3 2.07601E-3 1.82087E-3 2.16719E-3 6.87289E-3 6.47997E-3 7.01251E-3 1.03661E-2 8.15985E-3 1.77191E-3 1.78627E-3 1.81877E-3 2.18494E-3 5.55594E-3 2.19491E-3 8.45736E-3 9.55496E-3 7.84966E-3 7.45149E-3 9.54994E-3 8.14862E-3 2.30129E-3 8.09762E-3 9.70315E-3 7.52787E-3 1.00455E-2 1.03798E-2 8.1514E-3 1.00804E-2 1.0176E-2 1.06852E-2 1.15125E-2 1.291E-2 1.11199E-2 1.51534E-2 1.60104E-2 1.44124E-2 1.25962E-2
8.18004E-3 7.43693E-3 5.9673E-3 7.728E-3 8.01588E-3 7.89007E-3 8.03438E-3 6.23305E-3 5.49461E-3 6.4233E-3 9.72225E-3 1.07299E-2 1.04036E-2 1.05516E-2 9.86519E-3 6.93088E-3 7.39763E-3 8.48365E-3 1.19422E-2 1.2334E-2 1.25853E-2 1.25165E-2 1.21203E-2 1.05858E-2 9.52301E-3 7.43015E-3 7.17778E-3 6.77635E-3 9.02514E-3 8.18178E-3 1.99278E-3 1.80301E-3 2.26793E-3 6.41542E-3 6.78977E-3 6.3376E-3 6.99441E-3 7.61939E-3 1.70628E-3 7.03614E-3 9.31658E-3 7.38711E-3 6.45132E-3 7.60641E-3 8.13633E-3 8.19733E-3 1.10584E-2 1.07448E-2 1.11849E-2 1.15493E-2 7.38576E-3 1.1437E-2 1.22371E-2 1.16089E-2 1.31715E-2 1.46099E-2 1.30896E-2 1.68101E-2 1.67844E-2 1.66226E-2 1.17621E-2
7.76475E-3 8.72532E-3 9.24528E-3 8.68768E-3 6.9272E-3 8.02081E-3 6.03595E-3 6.57846E-3 9.96551E-3 8.59133E-3 6.71048E-3 6.09413E-3 1.92579E-3 5.9415E-3 8.39424E-3 9.42568E-3 1.05376E-2 7.20459E-3 2.24209E-3 1.89071E-3 1.72738E-3 5.12615E-3 6.75386E-3 1.236E-2 1.17966E-2 1.06978E-2 9.8415E-3 9.21629E-3 9.99493E-3 1.08592E-2 6.75901E-3 5.78913E-3 6.25903E-3 9.03509E-3 9.76188E-3 8.97442E-3 8.43562E-3 5.69902E-3 7.54273E-3 5.80398E-3 9.85315E-3 9.28343E-3 9.31808E-3 8.8562E-3 1.14967E-2 1.07285E-2 1.1551E-2 1.37569E-2 1.30649E-2 1.24736E-2 1.39342E-2 9.58219E-3 1.27035E-2 1.53777E-2 1.33819E-2 1.38909E-2 1.74239E-2 1.47455E-2 2.08088E-2 1.69756E-2 1.42193E-2
6.43147E-3 8.00693E-3 9.34054E-3 9.82699E-3 7.52733E-3 8.82083E-3 7.56226E-3 1.08714E-2 9.51781E-3 8.78663E-3 9.82612E-3 9.52076E-3 6.95272E-3 1.07514E-2 7.55336E-3 6.2601E-3 5.26852E-3 6.36436E-3 6.07212E-3 8.62656E-3 8.64206E-3 7.77648E-3 5.65209E-3 2.10278E-3 1.01264E-2 1.22857E-2 1.19922E-2 1.07684E-2 1.10986E-2 6.76234E-3 2.01228E-3 9.09533E-3 8.26721E-3 9.85297E-3 9.09595E-3 9.06659E-3 8.44894E-3 8.61159E-3 9.97299E-3 1.04894E-2 1.11618E-2 1.0478E-2 9.60202E-3 1.02225E-2 2.36775E-3 1.32137E-2 1.1816E-2 8.35881E-3 1.4456E-2 1.48037E-2 1.68764E-2 1.48662E-2 1.37497E-2 1.74075E-2 1.57045E-2 9.43305E-3 1.86771E-2 1.28887E-2 1.76274E-2 1.88992E-2 1.69088E-2
6.33814E-3 8.37841E-3 9.27063E-3 9.14817E-3 8.75953E-3 8.09481E-3 6.05535E-3 1.08623E-2 1.06327E-2 1.05728E-2 1.01765E-2 9.85198E-3 8.62472E-3 9.47818E-3 1.05319E-2 9.88329E-3 9.09312E-3 7.96046E-3 9.60268E-3 1.03525E-2 1.07883E-2 1.08046E-2 1.01837E-2 8.5686E-3 6.78144E-3 7.05475E-3 1.25396E-2 1.23266E-2 1.18485E-2 2.37913E-3 8.76465E-3 1.08741E-2 9.79646E-3 8.78701E-3 9.34982E-3 8.79543E-3 1.0234E-2 1.08532E-2 9.15985E-3 1.0018E-2 9.38586E-3 1.25485E-2 9.08051E-3 1.08832E-2 1.13454E-2 2.54254E-3 1.36259E-2 1.04788E-2 3.03083E-3 1.02602E-2 1.37E-2 1.56417E-2 1.47115E-2 1.10909E-2 1.64417E-2 1.47955E-2 1.36491E-2 1.87162E-2 1.43635E-2 2.12958E-2 1.93474E-2
7.89595E-3 6.75432E-3 9.89706E-3 8.15064E-3 9.73867E-3 9.20943E-3 9.72811E-3 8.17644E-3 1.02681E-2 1.16958E-2 1.12033E-2 1.09792E-2 1.20141E-2 1.22762E-2 1.09016E-2 1.2219E-2 1.15151E-2 1.0498E-2 1.02129E-2 1.04206E-2 1.09405E-2 1.24284E-2 1.07513E-2 1.15012E-2 9.92112E-3 2.20038E-3 1.8395E-3 1.93747E-3 2.14544E-3 7.51313E-3 1.13284E-2 1.03101E-2 1.21805E-2 1.21716E-2 8.64895E-3 3.08186E-3 9.52842E-3 9.19531E-3 6.53048E-3 8.65398E-3 1.11833E-2 1.15462E-2 1.27994E-2 9.55998E-3 1.08927E-2 1.2628E-2 9.32574E-3 1.69355E-2 1.45722E-2 1.04375E-2 1.27496E-2 1.36169E-2 1.68436E-2 1.04868E-2 1.16954E-2 1.28985E-2 1.22451E-2 1.95645E-2 1.1455E-2 2.19068E-2 1.95808E-2
5.34293E-3 6.41803E-3 9.71232E-3 9.76646E-3 8.05161E-3 1.06355E-2 9.9494E-3 9.45582E-3 8.7431E-3 1.02291E-2 1.14371E-2 1.26695E-2 1.22572E-2 1.04837E-2 1.00467E-2 1.05794E-2 1.09852E-2 1.22665E-2 1.25002E-2 1.23347E-2 1.19154E-2 5.98734E-3 6.60055E-3 6.72266E-3 1.75006E-3 7.63273E-3 5.85474E-3 6.64266E-3 5.50411E-3 1.95043E-3 1.99651E-3 2.70148E-3 1.18544E-2 8.94556E-3 9.95329E-3 2.96186E-3 1.18021E-2 1.3417E-2 1.02735E-2 7.39439E-3 1.0871E-2 8.96913E-3 1.28148E-2 1.22956E-2 1.19586E-2 1.04518E-2 1.43497E-2 1.20755E-2 1.84647E-2 1.60389E-2 3.369E-3 1.75289E-2 1.56225E-2 1.07307E-2 1.6496E-2 1.90966E-2 1.3494E-2 2.31959E-2 1.9987E-2 1.49898E-2 2.57223E-2
