Artocarpus heterophyllus SDM files/MIS19/results (without bias file)/Arthet_7.asc
ncols         625
nrows         721
xllcorner     69.99986311115
yllcorner     5.99986187915
cellsize      0.041666667
NODATA_value  -9999
[rows 54 to 80 of 721, columns 427 to 487 of 625]
1.30467E-3 1.34641E-3 1.17876E-3 1.25226E-3 1.38081E-3 1.25879E-3 1.31122E-3 1.20567E-3 1.24057E-3 1.24941E-3 1.11016E-3 1.32987E-3 1.63284E-3 1.43439E-3 1.55993E-3 1.49822E-3 1.58831E-3 1.36071E-3 1.62633E-3 1.81264E-3 1.67183E-3 1.52265E-3 1.39258E-3 1.47116E-3 1.82711E-3 1.52152E-3 1.58447E-3 1.56604E-3 1.63738E-3 1.66192E-3 1.47699E-3 1.43676E-3 1.45093E-3 1.34226E-3 1.29007E-3 1.47019E-3 1.67703E-3 1.72402E-3 1.56782E-3 1.39892E-3 1.30025E-3 1.60662E-3 1.8779E-3 1.71505E-3 1.37093E-3 1.55751E-3 1.36214E-3 5.48906E-4 6.04677E-4 1.5584E-3 1.73262E-3 1.58508E-3 1.62631E-3 5.2646E-4 5.89629E-4 6.77312E-4 1.93092E-3 1.81183E-3 1.59568E-3 5.40539E-4 4.86267E-4
1.19875E-3 1.16799E-3 1.35513E-3 1.47079E-3 1.51522E-3 1.59223E-3 1.51119E-3 1.35547E-3 1.42353E-3 1.24243E-3 1.4434E-3 1.54549E-3 1.62767E-3 1.56601E-3 1.29716E-3 1.2437E-3 1.44555E-3 1.38973E-3 1.54887E-3 1.61914E-3 1.4668E-3 1.57872E-3 1.52073E-3 1.39634E-3 1.61692E-3 1.78832E-3 1.70289E-3 1.72178E-3 1.60108E-3 1.62344E-3 1.39846E-3 1.40355E-3 1.43071E-3 1.48187E-3 1.2046E-3 1.40673E-3 1.66895E-3 1.71815E-3 1.58389E-3 1.47677E-3 5.22551E-4 1.73154E-3 1.68063E-3 1.64327E-3 1.44054E-3 1.44163E-3 1.32044E-3 5.38419E-4 5.37031E-4 7.06401E-4 2.03057E-3 5.56371E-4 4.9666E-4 4.89976E-4 5.56928E-4 1.97668E-3 1.74843E-3 7.21051E-4 1.96335E-3 1.65043E-3 5.48515E-4
4.7999E-4 1.42024E-3 1.75562E-3 1.49762E-3 1.61146E-3 1.40154E-3 1.3064E-3 1.35162E-3 1.3546E-3 1.30107E-3 1.42969E-3 1.53606E-3 1.62953E-3 1.51386E-3 1.35769E-3 1.30837E-3 1.16004E-3 1.52766E-3 1.3483E-3 1.48234E-3 1.39756E-3 1.56924E-3 1.59689E-3 1.538E-3 1.53608E-3 1.65936E-3 1.67024E-3 1.57658E-3 1.58277E-3 1.59081E-3 1.47096E-3 1.39762E-3 1.50938E-3 1.32531E-3 1.42513E-3 1.64193E-3 1.49114E-3 1.67093E-3 1.54908E-3 1.32941E-3 5.38419E-4 1.7986E-3 1.6636E-3 1.79808E-3 1.54593E-3 1.36582E-3 5.17978E-4 5.24331E-4 6.13322E-4 5.595E-4 6.77391E-4 1.64132E-3 1.78537E-3 5.63237E-4 5.38726E-4 5.64373E-4 5.18844E-4 6.3009E-4 1.97923E-3 1.84355E-3 4.86272E-4
1.4072E-3 1.52042E-3 1.37761E-3 1.27642E-3 1.42431E-3 1.22594E-3 1.32616E-3 1.40396E-3 1.2647E-3 1.34324E-3 1.36631E-3 1.53949E-3 1.38995E-3 1.36237E-3 1.39924E-3 1.49166E-3 1.4762E-3 1.36741E-3 4.6295E-4 1.33661E-3 1.63818E-3 1.32464E-3 1.38457E-3 1.55949E-3 1.45674E-3 1.65171E-3 1.60927E-3 1.56606E-3 1.45015E-3 1.52129E-3 1.56443E-3 1.57203E-3 1.57905E-3 1.6052E-3 1.74071E-3 1.57087E-3 1.43929E-3 1.53978E-3 1.34139E-3 1.33082E-3 4.98015E-4 5.66173E-4 6.48321E-4 1.56335E-3 5.67982E-4 5.12628E-4 5.15827E-4 5.43791E-4 5.97958E-4 6.0696E-4 1.8559E-3 1.91198E-3 1.91288E-3 1.44774E-3 1.51669E-3 1.68374E-3 5.70903E-4 4.87056E-4 6.09665E-4 6.22488E-4 4.9742E-4
1.61039E-3 1.58609E-3 1.4768E-3 1.55892E-3 1.41004E-3 1.32519E-3 1.41352E-3 1.34046E-3 1.41937E-3 1.4436E-3 1.49387E-3 1.44422E-3 1.50648E-3 1.47168E-3 1.34977E-3 1.60752E-3 1.48028E-3 1.51411E-3 1.52824E-3 1.43753E-3 1.5169E-3 1.20363E-3 4.60591E-4 1.51296E-3 1.68462E-3 1.38274E-3 1.56384E-3 1.66718E-3 1.5106E-3 1.69644E-3 1.56955E-3 1.61503E-3 1.54755E-3 1.55515E-3 1.51651E-3 1.77385E-3 1.8181E-3 1.75091E-3 1.51639E-3 1.26489E-3 4.78386E-4 5.36506E-4 5.6466E-4 5.88893E-4 5.28377E-4 5.00487E-4 6.52554E-4 1.63007E-3 1.64484E-3 1.57229E-3 1.60627E-3 1.83922E-3 2.02941E-3 1.71005E-3 1.84085E-3 1.95741E-3 1.77256E-3 5.43294E-4 4.97462E-4 5.40415E-4 5.08043E-4
1.52225E-3 1.56687E-3 1.5521E-3 1.31829E-3 1.38032E-3 1.39275E-3 1.40529E-3 1.33724E-3 1.44214E-3 1.36755E-3 1.61378E-3 1.51945E-3 1.58662E-3 1.41887E-3 1.47485E-3 1.54144E-3 1.44863E-3 1.42629E-3 1.6034E-3 1.60266E-3 1.42198E-3 1.2519E-3 5.10296E-4 1.80537E-3 1.85177E-3 1.49876E-3 1.37799E-3 1.62555E-3 1.85005E-3 1.71196E-3 1.63858E-3 1.6472E-3 1.53275E-3 1.64819E-3 1.3857E-3 1.59385E-3 1.79949E-3 1.71816E-3 1.37767E-3 4.87781E-4 4.95308E-4 1.77395E-3 1.84299E-3 1.74763E-3 1.45437E-3 6.05091E-4 1.98374E-3 2.0339E-3 1.67417E-3 2.09732E-3 1.63865E-3 5.55291E-4 6.14421E-4 6.77705E-4 1.93059E-3 1.88099E-3 1.70155E-3 1.82436E-3 1.87459E-3 1.44326E-3 4.81236E-4
1.33441E-3 1.30628E-3 1.42583E-3 1.2713E-3 1.33292E-3 1.48466E-3 1.62633E-3 1.5615E-3 1.53383E-3 1.43649E-3 1.43294E-3 1.41503E-3 1.42779E-3 1.44066E-3 1.43916E-3 1.51887E-3 1.38801E-3 1.36545E-3 1.44463E-3 1.55587E-3 1.55721E-3 4.83371E-4 1.43776E-3 1.79655E-3 1.81212E-3 1.65913E-3 1.66504E-3 1.80687E-3 1.60472E-3 1.6438E-3 1.47609E-3 1.70709E-3 1.72234E-3 1.67205E-3 1.64805E-3 1.54036E-3 1.33542E-3 1.46627E-3 1.42851E-3 5.2973E-4 5.27678E-4 5.69061E-4 6.11749E-4 5.53818E-4 1.57886E-3 1.69725E-3 2.12503E-3 1.83485E-3 1.42194E-3 6.29365E-4 5.90783E-4 5.34906E-4 6.73822E-4 1.90467E-3 1.69002E-3 6.91989E-4 1.87692E-3 1.99938E-3 1.81642E-3 1.86792E-3 5.0573E-4
1.37724E-3 1.3139E-3 1.47701E-3 1.73871E-3 1.29675E-3 1.41582E-3 1.69386E-3 1.6978E-3 1.61688E-3 1.38314E-3 1.40646E-3 1.40018E-3 1.45312E-3 1.40677E-3 1.39306E-3 1.43879E-3 1.53907E-3 1.5127E-3 1.5416E-3 1.38695E-3 1.32277E-3 5.10278E-4 5.90075E-4 1.71874E-3 1.7303E-3 1.55053E-3 1.74326E-3 1.75439E-3 1.70459E-3 1.7766E-3 1.34263E-3 1.619E-3 1.79532E-3 1.81906E-3 1.59237E-3 1.54003E-3 1.70032E-3 1.68636E-3 1.53812E-3 1.49243E-3 5.26009E-4 5.03648E-4 1.52769E-3 1.53658E-3 1.6336E-3 5.23809E-4 5.99084E-4 1.70268E-3 2.0039E-3 5.38983E-4 5.63996E-4 5.83888E-4 6.27745E-4 1.8387E-3 1.64839E-3 7.23094E-4 1.7124E-3 2.0776E-3 2.08324E-3 1.74603E-3 5.35589E-4
1.35205E-3 1.4099E-3 1.43415E-3 1.37785E-3 1.30987E-3 1.5815E-3 1.38687E-3 1.45128E-3 1.51208E-3 1.55526E-3 1.66931E-3 1.61823E-3 1.49415E-3 1.57196E-3 1.51396E-3 1.47343E-3 1.5127E-3 1.43196E-3 1.3745E-3 5.23637E-4 5.02106E-4 5.27707E-4 1.30173E-3 5.81359E-4 1.66701E-3 1.42482E-3 1.45549E-3 1.81651E-3 1.85199E-3 1.7315E-3 1.4905E-3 1.58817E-3 1.85994E-3 1.7457E-3 1.53016E-3 1.98871E-3 1.97759E-3 1.65209E-3 1.51908E-3 1.36389E-3 5.40464E-4 5.8287E-4 6.11791E-4 1.64645E-3 1.81243E-3 5.88165E-4 5.19086E-4 5.24605E-4 6.11972E-4 5.53947E-4 5.92009E-4 5.94587E-4 1.84245E-3 6.29709E-4 5.50431E-4 5.89092E-4 7.33346E-4 2.06791E-3 1.86641E-3 5.53775E-4 5.37336E-4
1.49429E-3 1.49849E-3 1.6142E-3 1.26615E-3 1.34981E-3 1.56426E-3 1.54399E-3 1.34139E-3 1.47405E-3 1.62521E-3 1.69151E-3 1.52587E-3 1.45855E-3 1.6171E-3 1.57586E-3 1.4804E-3 1.41019E-3 1.61282E-3 1.38536E-3 1.2346E-3 1.37595E-3 1.89489E-3 1.86315E-3 1.63446E-3 1.41695E-3 5.04381E-4 1.83075E-3 1.81806E-3 1.8217E-3 1.6725E-3 1.42187E-3 1.56473E-3 1.84127E-3 1.81744E-3 1.55278E-3 1.83289E-3 2.02121E-3 1.86888E-3 1.53193E-3 1.7355E-3 1.51272E-3 1.74397E-3 1.76957E-3 1.82645E-3 1.83172E-3 1.56497E-3 1.50603E-3 1.51789E-3 5.36721E-4 5.66652E-4 5.92009E-4 6.01868E-4 7.39186E-4 5.76932E-4 5.31702E-4 5.47938E-4 6.07222E-4 6.24902E-4 6.08111E-4 5.96288E-4 5.94464E-4
1.58103E-3 1.49249E-3 1.4409E-3 1.33785E-3 1.51085E-3 1.58117E-3 1.50935E-3 1.38244E-3 1.50006E-3 1.74837E-3 1.71904E-3 1.36136E-3 1.31567E-3 1.65545E-3 1.40392E-3 1.25143E-3 5.17566E-4 1.7281E-3 1.61233E-3 1.49417E-3 1.68655E-3 1.88814E-3 1.74039E-3 1.63844E-3 1.49373E-3 5.06674E-4 1.40214E-3 1.74212E-3 1.84119E-3 1.5719E-3 1.53488E-3 1.60384E-3 1.87066E-3 1.67258E-3 1.58938E-3 1.74989E-3 1.93515E-3 1.82063E-3 1.93072E-3 1.98682E-3 1.59861E-3 1.97403E-3 1.94773E-3 1.91481E-3 1.63667E-3 1.57378E-3 1.46399E-3 5.88472E-4 5.31875E-4 5.73603E-4 5.93853E-4 7.07662E-4 2.01971E-3 1.84547E-3 1.45734E-3 5.42306E-4 5.74322E-4 6.0097E-4 5.60516E-4 5.60516E-4 5.88217E-4
1.64223E-3 1.56497E-3 1.51253E-3 1.44877E-3 1.69481E-3 1.73299E-3 1.47321E-3 1.41374E-3 1.41374E-3 1.53164E-3 1.74791E-3 1.5524E-3 1.37322E-3 1.48103E-3 1.36675E-3 4.83147E-4 1.56653E-3 1.87758E-3 1.55781E-3 1.74873E-3 1.98681E-3 1.84784E-3 1.63321E-3 1.46169E-3 1.40387E-3 5.12924E-4 5.42551E-4 5.25615E-4 5.59231E-4 6.05907E-4 1.48805E-3 1.45469E-3 6.10616E-4 1.56901E-3 1.64689E-3 1.61203E-3 1.91745E-3 1.71431E-3 1.83688E-3 2.11756E-3 1.84299E-3 1.67847E-3 1.69736E-3 1.89403E-3 1.78386E-3 1.65773E-3 1.72645E-3 1.73045E-3 5.22391E-4 5.67605E-4 6.64194E-4 2.16171E-3 2.18008E-3 2.00667E-3 1.81563E-3 1.71477E-3 1.73623E-3 1.67091E-3 1.48393E-3 5.79555E-4 6.18356E-4
1.51055E-3 1.46523E-3 1.47188E-3 1.53311E-3 1.76998E-3 1.7241E-3 1.50731E-3 4.70896E-4 5.15528E-4 1.74982E-3 1.76342E-3 1.40435E-3 1.40646E-3 1.48393E-3 4.41356E-4 4.95042E-4 1.95506E-3 2.01724E-3 1.72989E-3 1.46559E-3 1.70415E-3 1.69389E-3 1.58029E-3 1.44053E-3 1.43463E-3 1.36912E-3 1.97438E-3 1.68413E-3 1.63545E-3 1.52631E-3 1.49991E-3 5.88142E-4 5.84542E-4 5.9257E-4 6.46868E-4 6.41909E-4 1.61509E-3 1.69748E-3 1.78681E-3 2.1088E-3 1.68979E-3 1.58938E-3 1.62147E-3 1.86823E-3 1.83466E-3 1.69325E-3 1.6835E-3 1.84912E-3 5.78934E-4 5.61653E-4 1.86054E-3 2.15677E-3 2.13238E-3 1.88325E-3 1.756E-3 2.03342E-3 1.91277E-3 1.63549E-3 1.73822E-3 6.69973E-4 1.76079E-3
1.53647E-3 1.79034E-3 1.44263E-3 5.36281E-4 1.55537E-3 1.89416E-3 1.42147E-3 4.63985E-4 1.6801E-3 1.77224E-3 1.78872E-3 1.45646E-3 1.37715E-3 4.98163E-4 4.58975E-4 5.16565E-4 1.63143E-3 1.8556E-3 1.8806E-3 1.73712E-3 1.79342E-3 1.62372E-3 1.45858E-3 1.43785E-3 1.26778E-3 1.60221E-3 1.97039E-3 1.73052E-3 1.8689E-3 1.54345E-3 5.12567E-4 5.62034E-4 5.54409E-4 5.64599E-4 5.7481E-4 5.85376E-4 5.75651E-4 6.13351E-4 6.59496E-4 1.71298E-3 6.17027E-4 5.97694E-4 5.92283E-4 6.08666E-4 5.7634E-4 6.35916E-4 6.57425E-4 1.99967E-3 1.68903E-3 1.57794E-3 1.73535E-3 1.88888E-3 1.95834E-3 1.85722E-3 1.75882E-3 1.84011E-3 1.94546E-3 1.8201E-3 1.68301E-3 7.34696E-4 1.92153E-3
5.11869E-4 5.49605E-4 5.44634E-4 5.27588E-4 5.36522E-4 1.31185E-3 4.60514E-4 4.78925E-4 5.84042E-4 1.49203E-3 1.46045E-3 5.555E-4 4.8846E-4 4.5358E-4 5.27761E-4 1.8246E-3 1.94125E-3 1.85866E-3 1.8367E-3 1.80268E-3 1.79037E-3 1.59506E-3 1.47967E-3 1.34803E-3 1.31882E-3 5.54519E-4 1.55107E-3 5.92704E-4 5.32301E-4 5.2508E-4 5.19541E-4 5.95456E-4 5.92749E-4 1.81356E-3 1.53499E-3 1.57236E-3 1.75318E-3 1.55072E-3 6.17178E-4 1.73692E-3 1.60295E-3 6.18032E-4 1.52483E-3 5.58423E-4 5.852E-4 5.77259E-4 6.84922E-4 2.23878E-3 1.9287E-3 1.68689E-3 1.69202E-3 6.86876E-4 7.0366E-4 7.25225E-4 6.99291E-4 6.91732E-4 7.42736E-4 1.78836E-3 7.10708E-4 1.87102E-3 1.96286E-3
5.51357E-4 1.32383E-3 1.62612E-3 5.17467E-4 4.80474E-4 4.71115E-4 4.59821E-4 5.07393E-4 5.2941E-4 5.49833E-4 5.22978E-4 1.48085E-3 1.57302E-3 1.45823E-3 1.74246E-3 2.01783E-3 1.86548E-3 1.86138E-3 1.58213E-3 1.69497E-3 1.58803E-3 1.6235E-3 1.4131E-3 1.32911E-3 5.12679E-4 5.25225E-4 5.8838E-4 5.20464E-4 5.38828E-4 1.91391E-3 5.49689E-4 5.30717E-4 6.17561E-4 1.81356E-3 1.7994E-3 1.79347E-3 1.80164E-3 1.69274E-3 1.56696E-3 1.77684E-3 1.8921E-3 1.57128E-3 6.45891E-4 6.01536E-4 5.67846E-4 5.55757E-4 5.96688E-4 1.91374E-3 1.61291E-3 5.50714E-4 5.8836E-4 6.53192E-4 6.41382E-4 6.42356E-4 6.28835E-4 6.48005E-4 6.98063E-4 7.95186E-4 6.96907E-4 7.42525E-4 2.09763E-3
5.25364E-4 5.17488E-4 1.62184E-3 5.19101E-4 5.26234E-4 1.28674E-3 4.93877E-4 1.38564E-3 1.57332E-3 1.44529E-3 1.44053E-3 1.44505E-3 1.46671E-3 1.72672E-3 1.98159E-3 2.03465E-3 1.91557E-3 1.97309E-3 1.67479E-3 1.66618E-3 1.5236E-3 1.42012E-3 1.30767E-3 4.90688E-4 5.04923E-4 5.78741E-4 1.88356E-3 2.03693E-3 1.78645E-3 1.48279E-3 5.19699E-4 5.35578E-4 6.00043E-4 1.71208E-3 6.61044E-4 6.35377E-4 1.71669E-3 1.82597E-3 1.79533E-3 2.04575E-3 1.86238E-3 1.60005E-3 1.82469E-3 1.75992E-3 6.06197E-4 1.59147E-3 6.29617E-4 1.71386E-3 6.40088E-4 5.95773E-4 6.87886E-4 2.1024E-3 2.01453E-3 1.77362E-3 7.55552E-4 7.63494E-4 6.93938E-4 7.48483E-4 7.52941E-4 8.48139E-4 2.13165E-3
4.66964E-4 1.2926E-3 1.32835E-3 1.31809E-3 1.46511E-3 1.50557E-3 1.33984E-3 1.535E-3 1.77657E-3 1.97368E-3 1.78751E-3 1.72079E-3 1.5265E-3 1.70934E-3 1.72422E-3 1.77707E-3 1.82783E-3 1.82637E-3 1.75761E-3 1.56384E-3 1.40087E-3 5.33342E-4 4.82577E-4 5.23679E-4 1.8367E-3 2.0652E-3 2.32504E-3 2.17517E-3 1.64473E-3 1.33591E-3 4.8684E-4 5.67246E-4 1.68171E-3 2.10686E-3 1.75356E-3 6.24948E-4 2.14289E-3 1.8582E-3 1.61463E-3 1.84104E-3 1.93092E-3 1.77188E-3 1.65916E-3 1.61994E-3 1.55107E-3 6.21075E-4 5.57634E-4 5.49001E-4 5.54035E-4 6.33861E-4 7.57137E-4 2.0245E-3 8.12771E-4 2.12367E-3 2.178E-3 2.07988E-3 1.9519E-3 1.98344E-3 1.75751E-3 1.7791E-3 1.88972E-3
1.3912E-3 1.49396E-3 1.88442E-3 1.79042E-3 1.65792E-3 1.65043E-3 2.03411E-3 2.08451E-3 2.06385E-3 1.8139E-3 1.8123E-3 1.77837E-3 1.73381E-3 1.77336E-3 1.70456E-3 1.59699E-3 1.85926E-3 1.78916E-3 1.63361E-3 1.51961E-3 1.39984E-3 4.93703E-4 5.12655E-4 1.69541E-3 2.07697E-3 1.99302E-3 2.12612E-3 2.18491E-3 1.81896E-3 5.14282E-4 4.91299E-4 5.50432E-4 1.88703E-3 2.17016E-3 2.02529E-3 1.76999E-3 1.80216E-3 1.82277E-3 1.82069E-3 2.07326E-3 1.95024E-3 1.69365E-3 1.55924E-3 1.53007E-3 1.62591E-3 6.55047E-4 5.69631E-4 5.92383E-4 5.60793E-4 6.4751E-4 6.80593E-4 7.21933E-4 8.403E-4 2.01657E-3 2.14793E-3 1.98727E-3 2.02186E-3 2.15403E-3 2.03973E-3 1.94098E-3 1.65405E-3
1.38918E-3 1.62067E-3 1.91476E-3 1.93523E-3 1.72321E-3 1.56986E-3 1.66313E-3 1.6317E-3 1.56316E-3 1.51589E-3 1.77204E-3 1.7903E-3 1.68799E-3 1.62386E-3 1.54529E-3 1.55234E-3 1.88703E-3 1.82515E-3 1.78219E-3 1.43014E-3 5.08951E-4 4.8996E-4 5.3579E-4 1.93833E-3 1.61024E-3 6.43633E-4 1.70025E-3 1.81125E-3 1.78897E-3 1.86651E-3 1.68921E-3 5.95636E-4 1.8808E-3 2.06192E-3 2.12858E-3 2.14515E-3 1.77405E-3 1.74958E-3 2.00407E-3 2.06644E-3 2.0087E-3 1.63912E-3 1.66466E-3 1.67311E-3 1.57492E-3 6.49104E-4 5.59328E-4 5.65047E-4 5.95696E-4 6.20435E-4 6.61149E-4 1.97272E-3 2.15012E-3 2.12905E-3 2.1859E-3 2.12263E-3 2.10126E-3 2.14198E-3 1.74224E-3 1.55442E-3 1.57895E-3
1.60082E-3 1.81926E-3 2.09746E-3 2.09038E-3 1.71574E-3 1.68645E-3 1.67291E-3 1.5074E-3 4.94004E-4 4.98414E-4 5.53205E-4 5.48163E-4 5.56596E-4 1.52285E-3 1.41367E-3 5.39057E-4 1.4838E-3 1.64701E-3 1.74169E-3 5.59155E-4 4.75451E-4 5.03565E-4 6.28443E-4 1.61083E-3 5.77263E-4 6.17063E-4 1.5717E-3 1.94574E-3 1.92914E-3 1.66593E-3 1.96899E-3 1.97118E-3 1.71982E-3 1.7994E-3 1.86561E-3 1.85103E-3 1.68292E-3 1.91319E-3 2.21936E-3 1.80216E-3 1.77356E-3 1.58932E-3 1.83261E-3 2.00344E-3 1.91356E-3 1.69651E-3 5.9081E-4 5.6247E-4 5.92977E-4 7.2339E-4 2.04978E-3 2.22709E-3 2.13062E-3 2.09755E-3 2.01281E-3 2.10863E-3 2.168E-3 2.03126E-3 1.6024E-3 6.72232E-4 1.67132E-3
1.66541E-3 1.723E-3 1.94613E-3 2.0217E-3 1.84241E-3 1.70466E-3 1.43578E-3 1.29493E-3 4.66063E-4 4.73913E-4 4.78271E-4 5.06555E-4 5.49251E-4 1.78907E-3 1.7822E-3 4.59796E-4 1.63788E-3 2.30313E-3 1.68958E-3 1.50643E-3 5.16888E-4 5.07409E-4 1.82971E-3 1.99411E-3 5.58278E-4 4.68748E-4 6.37907E-4 2.14612E-3 1.9512E-3 1.57067E-3 1.46045E-3 1.68115E-3 1.73769E-3 1.88541E-3 1.88767E-3 1.9911E-3 1.63058E-3 1.64605E-3 1.94355E-3 1.60168E-3 6.67064E-4 6.62769E-4 2.04111E-3 1.92933E-3 6.97013E-4 6.32665E-4 6.02379E-4 5.94177E-4 5.86635E-4 6.33786E-4 8.21896E-4 1.98804E-3 2.23352E-3 2.16542E-3 2.00034E-3 2.19806E-3 2.10362E-3 2.07679E-3 1.6245E-3 1.59232E-3 6.39889E-4
5.34403E-4 4.96895E-4 5.45883E-4 1.54386E-3 2.00503E-3 1.60947E-3 4.94632E-4 4.81227E-4 4.8267E-4 5.02968E-4 5.93666E-4 5.64534E-4 1.68662E-3 2.33349E-3 2.01057E-3 5.38533E-4 5.54227E-4 1.92506E-3 1.87322E-3 2.075E-3 1.61483E-3 1.46393E-3 1.73421E-3 1.59822E-3 5.21508E-4 5.39885E-4 1.86341E-3 2.19283E-3 2.21208E-3 1.86267E-3 1.67471E-3 1.85403E-3 1.94001E-3 1.75783E-3 1.77172E-3 1.77172E-3 1.56354E-3 5.96443E-4 1.79771E-3 6.41385E-4 6.00794E-4 1.7461E-3 1.94448E-3 1.92596E-3 1.7994E-3 1.59948E-3 1.80011E-3 1.86695E-3 1.68415E-3 6.78088E-4 7.51486E-4 8.35649E-4 2.24077E-3 2.32537E-3 2.25643E-3 2.17601E-3 2.17125E-3 2.13238E-3 2.0798E-3 1.91123E-3 6.24619E-4
4.77596E-4 4.72502E-4 5.0736E-4 5.12828E-4 6.41119E-4 5.7747E-4 5.43601E-4 5.30539E-4 4.92359E-4 5.57895E-4 1.41463E-3 1.52131E-3 1.96474E-3 2.28577E-3 1.77233E-3 1.44347E-3 4.93121E-4 1.52762E-3 2.08401E-3 2.13929E-3 2.07222E-3 2.04423E-3 2.05352E-3 1.86518E-3 1.47536E-3 6.03363E-4 2.23831E-3 1.98694E-3 1.93357E-3 1.73226E-3 1.75937E-3 1.95289E-3 2.06945E-3 1.83943E-3 1.66593E-3 1.6242E-3 1.54057E-3 6.15633E-4 1.95191E-3 2.24706E-3 2.03581E-3 2.162E-3 2.19693E-3 2.1166E-3 1.86607E-3 1.83917E-3 2.08894E-3 1.80029E-3 1.99887E-3 7.53812E-4 2.04694E-3 6.7881E-4 6.79545E-4 8.29216E-4 2.064E-3 8.59714E-4 2.06025E-3 7.99187E-4 2.11611E-3 1.96478E-3 7.07127E-4
4.69594E-4 5.61957E-4 1.44072E-3 1.44935E-3 1.36392E-3 1.87583E-3 1.9758E-3 1.42946E-3 4.69858E-4 5.13833E-4 1.98941E-3 1.85255E-3 1.57332E-3 2.17115E-3 1.60796E-3 1.4482E-3 5.62678E-4 1.83872E-3 1.66801E-3 1.63303E-3 1.85493E-3 1.98214E-3 2.04186E-3 1.9317E-3 1.70858E-3 5.68574E-4 2.08087E-3 2.00282E-3 1.80354E-3 1.81178E-3 1.82311E-3 1.97839E-3 2.10686E-3 2.01841E-3 1.76739E-3 1.82455E-3 1.53619E-3 5.6208E-4 1.82338E-3 1.92874E-3 7.24435E-4 7.50005E-4 1.99703E-3 1.83673E-3 1.92511E-3 7.03429E-4 6.66416E-4 6.13609E-4 7.09172E-4 7.99631E-4 1.97888E-3 1.98723E-3 6.99957E-4 6.04605E-4 6.98117E-4 2.32246E-3 6.75432E-4 7.96952E-4 2.31481E-3 2.26669E-3 1.78098E-3
4.93843E-4 1.5012E-3 1.80834E-3 1.92146E-3 1.82156E-3 2.03727E-3 1.80667E-3 1.29903E-3 5.16963E-4 1.82714E-3 2.26865E-3 2.03411E-3 1.76994E-3 1.68051E-3 1.59527E-3 1.49279E-3 1.41414E-3 1.458E-3 5.27098E-4 6.29493E-4 6.4873E-4 1.86101E-3 1.98877E-3 1.66311E-3 6.03363E-4 1.5679E-3 1.89286E-3 2.04492E-3 2.01045E-3 1.79425E-3 1.67546E-3 1.94124E-3 2.05869E-3 2.18497E-3 1.95704E-3 1.98396E-3 1.84508E-3 1.63018E-3 1.71653E-3 6.75696E-4 1.95643E-3 6.82635E-4 6.07713E-4 5.58587E-4 6.40304E-4 7.37166E-4 6.02801E-4 2.11055E-3 2.22787E-3 2.21315E-3 2.18582E-3 2.13667E-3 1.75804E-3 6.95512E-4 8.06798E-4 2.13336E-3 1.77123E-3 7.00225E-4 2.12131E-3 2.46747E-3 2.02403E-3
1.66638E-3 2.05438E-3 1.75254E-3 1.94749E-3 1.75062E-3 1.46994E-3 1.36949E-3 5.06803E-4 1.39934E-3 1.82104E-3 2.13929E-3 2.09746E-3 2.06974E-3 1.65397E-3 1.52597E-3 1.45533E-3 1.75373E-3 5.36831E-4 5.39292E-4 6.09922E-4 1.73847E-3 1.85558E-3 1.78907E-3 1.4621E-3 1.4667E-3 5.7999E-4 6.40183E-4 1.92805E-3 1.7149E-3 1.8758E-3 1.83589E-3 1.90691E-3 1.73779E-3 1.69848E-3 2.05343E-3 1.93199E-3 1.92071E-3 1.91819E-3 1.64571E-3 6.31788E-4 5.88843E-4 5.43739E-4 5.67978E-4 6.64677E-4 2.03021E-3 1.94564E-3 1.96897E-3 1.90696E-3 1.92631E-3 2.09615E-3 7.87519E-4 2.16542E-3 1.83618E-3 7.80367E-4 2.27653E-3 2.01036E-3 2.01453E-3 6.50477E-4 7.66967E-4 2.34664E-3 2.4153E-3
