Artocarpus heterophyllus SDM files/MIS19/results (without bias file)/Arthet_1.asc
ncols         625
nrows         721
xllcorner     69.99986311115
yllcorner     5.99986187915
cellsize      0.041666667
NODATA_value  -9999
[rows 405 to 431 of 721, columns 183 to 243 of 625]
1.80741E-1 1.65561E-1 1.51943E-1 1.6259E-1 1.49253E-1 1.64678E-1 1.48682E-1 1.39839E-1 1.44371E-1 1.42992E-1 1.39713E-1 1.35106E-1 1.65031E-1 1.68396E-1 1.61817E-1 1.22972E-1 1.29466E-1 1.48443E-1 1.35271E-1 1.44472E-1 1.58671E-1 1.61253E-1 1.37729E-1 1.36214E-1 1.41733E-1 1.24892E-1 1.1924E-1 1.56582E-1 1.52257E-1 1.39168E-1 1.39662E-1 1.42793E-1 1.2762E-1 1.3161E-1 1.35017E-1 1.73725E-1 2.06947E-1 2.05807E-1 1.82614E-1 1.61385E-1 1.57521E-1 2.0294E-1 2.11256E-1 1.77078E-1 1.77921E-1 1.70904E-1 1.71951E-1 1.76846E-1 1.64724E-1 1.70587E-1 1.69091E-1 1.64858E-1 1.66141E-1 1.65453E-1 1.60574E-1 1.59908E-1 1.81454E-1 2.19357E-1 2.2043E-1 1.84298E-1 1.65063E-1
1.65826E-1 1.67436E-1 1.60642E-1 1.81043E-1 1.72702E-1 1.67009E-1 1.56536E-1 1.4638E-1 1.49342E-1 1.44735E-1 1.38531E-1 1.33193E-1 1.30766E-1 1.52954E-1 1.56984E-1 1.44864E-1 1.28795E-1 1.41053E-1 1.40276E-1 1.2505E-1 1.41256E-1 1.53395E-1 1.50641E-1 1.48487E-1 1.42192E-1 1.35181E-1 1.19524E-1 1.29635E-1 1.27366E-1 1.30418E-1 1.53118E-1 1.27709E-1 1.37859E-1 1.29788E-1 1.34134E-1 1.42376E-1 1.89465E-1 2.0609E-1 1.74463E-1 1.87881E-1 1.81053E-1 1.52945E-1 1.73975E-1 1.76486E-1 1.72794E-1 1.82503E-1 1.73692E-1 1.64232E-1 1.68364E-1 1.68369E-1 1.68793E-1 1.60402E-1 1.62958E-1 1.54804E-1 1.76205E-1 1.86537E-1 1.60387E-1 1.58288E-1 1.67975E-1 1.65309E-1 1.5356E-1
1.4887E-1 1.42432E-1 1.34462E-1 1.63374E-1 1.75374E-1 1.49141E-1 1.57138E-1 1.42803E-1 1.46488E-1 1.40173E-1 1.48023E-1 1.43442E-1 1.38516E-1 1.40423E-1 1.43569E-1 1.48326E-1 1.40461E-1 1.38437E-1 1.37547E-1 1.31478E-1 1.36093E-1 1.4043E-1 1.41538E-1 1.35534E-1 1.24875E-1 1.25487E-1 1.32049E-1 1.35601E-1 1.19404E-1 1.41956E-1 1.33832E-1 1.28326E-1 1.3977E-1 1.33616E-1 1.35486E-1 1.349E-1 1.55143E-1 1.66908E-1 2.11033E-1 2.16206E-1 1.61841E-1 1.77083E-1 1.55945E-1 1.58762E-1 1.6298E-1 1.7976E-1 1.82315E-1 1.81943E-1 1.64839E-1 1.68383E-1 1.62756E-1 1.64015E-1 1.58075E-1 1.53359E-1 1.55342E-1 1.83137E-1 1.90478E-1 1.83403E-1 1.61555E-1 1.88568E-1 1.74347E-1
1.46501E-1 1.50713E-1 1.35806E-1 1.51869E-1 1.54565E-1 1.46711E-1 1.58762E-1 1.59574E-1 1.5986E-1 1.52302E-1 1.55638E-1 1.49989E-1 1.44731E-1 1.44606E-1 1.41613E-1 1.46344E-1 1.50533E-1 1.40009E-1 1.38861E-1 1.38359E-1 1.33006E-1 1.37297E-1 1.38885E-1 1.35979E-1 1.21899E-1 1.29707E-1 1.28742E-1 1.34291E-1 1.20416E-1 1.43695E-1 1.45243E-1 1.49843E-1 1.50626E-1 1.54329E-1 1.4656E-1 1.3444E-1 1.45663E-1 1.47214E-1 1.8878E-1 1.85707E-1 1.8917E-1 1.6221E-1 1.87976E-1 1.58468E-1 1.54627E-1 1.75353E-1 1.77262E-1 1.73124E-1 1.64099E-1 1.75864E-1 1.81628E-1 1.75799E-1 1.84308E-1 1.65431E-1 1.63838E-1 1.74651E-1 2.04069E-1 1.64264E-1 2.14962E-1 2.46538E-1 2.32741E-1
1.68706E-1 1.49963E-1 1.45963E-1 1.57667E-1 1.47992E-1 1.47457E-1 1.45115E-1 1.54403E-1 1.43911E-1 1.42711E-1 1.45059E-1 1.41687E-1 1.40755E-1 1.46696E-1 1.54373E-1 1.43546E-1 1.51745E-1 1.42972E-1 1.38721E-1 1.39447E-1 1.29422E-1 1.35114E-1 1.31867E-1 1.25755E-1 1.20019E-1 1.42835E-1 1.37888E-1 1.38241E-1 1.34743E-1 1.30201E-1 1.56326E-1 1.78975E-1 1.54596E-1 1.66842E-1 1.40776E-1 1.37975E-1 1.44732E-1 1.48054E-1 1.52466E-1 1.56777E-1 1.55084E-1 1.54521E-1 1.97277E-1 1.5768E-1 1.52791E-1 1.67322E-1 1.87275E-1 1.80733E-1 1.86404E-1 1.89425E-1 1.85273E-1 1.89153E-1 1.81282E-1 1.8332E-1 1.76727E-1 1.61435E-1 1.65711E-1 1.72782E-1 2.13468E-1 2.59026E-1 2.22522E-1
1.51044E-1 1.50294E-1 1.45414E-1 1.50883E-1 1.46029E-1 1.49043E-1 1.39941E-1 1.40337E-1 1.5125E-1 1.4293E-1 1.37793E-1 1.42678E-1 1.4626E-1 1.59004E-1 1.50221E-1 1.41021E-1 1.46268E-1 1.53664E-1 1.46663E-1 1.35378E-1 1.42674E-1 1.37361E-1 1.38131E-1 1.3405E-1 1.34831E-1 1.50367E-1 1.5043E-1 1.22149E-1 1.26686E-1 1.39818E-1 1.72826E-1 1.56632E-1 1.64454E-1 1.5296E-1 1.48248E-1 1.37847E-1 1.49321E-1 1.48624E-1 1.5287E-1 1.60821E-1 1.73805E-1 1.56688E-1 1.80043E-1 1.58477E-1 1.64008E-1 1.67313E-1 1.6742E-1 1.82766E-1 1.71037E-1 1.77148E-1 1.69638E-1 1.79119E-1 1.86226E-1 1.83494E-1 1.78104E-1 1.66368E-1 1.76003E-1 2.14157E-1 1.87278E-1 2.01474E-1 2.36206E-1
1.51937E-1 1.51895E-1 1.51992E-1 1.55465E-1 1.46504E-1 1.55316E-1 1.52594E-1 1.48366E-1 1.4583E-1 1.47836E-1 1.43985E-1 1.46098E-1 1.57666E-1 1.5562E-1 1.48133E-1 1.44668E-1 1.52397E-1 1.57191E-1 1.4719E-1 1.41522E-1 1.44108E-1 1.39683E-1 1.42794E-1 1.40191E-1 1.39504E-1 1.36849E-1 1.34053E-1 1.25759E-1 1.30647E-1 1.35696E-1 1.55368E-1 1.62659E-1 1.61345E-1 1.68677E-1 1.50085E-1 1.72196E-1 1.46066E-1 1.54745E-1 1.5156E-1 1.54792E-1 1.71475E-1 1.73842E-1 1.58979E-1 1.53715E-1 1.64107E-1 1.74775E-1 1.53185E-1 1.98189E-1 1.86106E-1 1.75242E-1 1.74577E-1 1.73247E-1 1.76286E-1 1.80157E-1 1.83687E-1 1.78078E-1 1.70718E-1 2.0018E-1 1.9243E-1 1.83802E-1 1.93811E-1
1.78455E-1 1.60696E-1 1.58246E-1 1.56507E-1 1.50142E-1 1.49014E-1 1.58534E-1 1.49311E-1 1.56637E-1 1.51907E-1 1.44767E-1 1.55573E-1 1.64527E-1 1.61627E-1 1.49792E-1 1.5089E-1 1.60763E-1 1.57204E-1 1.49073E-1 1.37039E-1 1.51266E-1 1.42545E-1 1.49962E-1 1.43528E-1 1.30754E-1 1.416E-1 1.38687E-1 1.30532E-1 1.3904E-1 1.47883E-1 1.42781E-1 1.35909E-1 1.383E-1 1.53668E-1 1.5295E-1 1.61597E-1 1.5454E-1 1.4497E-1 1.59678E-1 1.52916E-1 1.63414E-1 1.56986E-1 1.51121E-1 1.50648E-1 1.63826E-1 1.71846E-1 1.54539E-1 1.81166E-1 1.86151E-1 1.68231E-1 1.78339E-1 1.78009E-1 1.62533E-1 1.65822E-1 1.72505E-1 1.73707E-1 1.73535E-1 1.77107E-1 1.75913E-1 1.92976E-1 2.08022E-1
1.64403E-1 1.5645E-1 1.93109E-1 1.71498E-1 1.61366E-1 1.49464E-1 1.53289E-1 1.4505E-1 1.62697E-1 1.64979E-1 1.50705E-1 1.57406E-1 1.61543E-1 1.63243E-1 1.55044E-1 1.5533E-1 1.59769E-1 1.53677E-1 1.51997E-1 1.37921E-1 1.3836E-1 1.49584E-1 1.63974E-1 1.37453E-1 1.32092E-1 1.42181E-1 1.39283E-1 1.39429E-1 1.47291E-1 1.55974E-1 1.44605E-1 1.48383E-1 1.64779E-1 1.46775E-1 1.52783E-1 1.52173E-1 1.66549E-1 1.58365E-1 1.80133E-1 1.53104E-1 1.47292E-1 1.51958E-1 1.72237E-1 1.62541E-1 1.55347E-1 1.62643E-1 1.56866E-1 1.66765E-1 2.06726E-1 1.77754E-1 1.75312E-1 1.63482E-1 1.7243E-1 1.75197E-1 1.73507E-1 1.68939E-1 1.7454E-1 1.80418E-1 2.00982E-1 2.04333E-1 2.18436E-1
1.72084E-1 1.81581E-1 1.874E-1 1.7652E-1 1.63896E-1 1.62968E-1 1.54829E-1 1.54349E-1 1.60255E-1 1.70372E-1 1.52363E-1 1.48998E-1 1.71201E-1 1.64789E-1 1.70252E-1 1.65829E-1 1.638E-1 1.54242E-1 1.47361E-1 1.4039E-1 1.47417E-1 1.61218E-1 1.59712E-1 1.36254E-1 1.40629E-1 1.43774E-1 1.4037E-1 1.47519E-1 1.46914E-1 1.69636E-1 1.41533E-1 1.54044E-1 1.67108E-1 1.61352E-1 1.4647E-1 1.56931E-1 1.71982E-1 1.72738E-1 1.72705E-1 1.76901E-1 1.63232E-1 1.75525E-1 1.86079E-1 1.78025E-1 1.68726E-1 1.69107E-1 1.58706E-1 1.58979E-1 1.87339E-1 2.06153E-1 1.82252E-1 1.87409E-1 1.69789E-1 1.74901E-1 1.98464E-1 1.791E-1 1.63729E-1 1.71372E-1 1.84569E-1 1.96341E-1 1.95797E-1
1.86696E-1 1.95652E-1 1.7772E-1 1.70678E-1 1.6211E-1 1.70334E-1 1.64159E-1 1.61592E-1 1.57334E-1 1.82915E-1 1.57588E-1 1.53228E-1 1.59255E-1 1.76661E-1 1.84652E-1 1.65726E-1 1.62887E-1 1.49251E-1 1.46013E-1 1.42859E-1 1.46904E-1 1.5045E-1 1.62264E-1 1.55666E-1 1.42354E-1 1.4518E-1 1.43449E-1 1.58765E-1 1.54826E-1 1.73819E-1 1.45506E-1 1.75382E-1 1.62426E-1 1.45205E-1 1.49277E-1 1.67527E-1 2.07951E-1 1.8069E-1 1.63808E-1 1.77697E-1 1.77463E-1 1.644E-1 1.91455E-1 1.79724E-1 1.69257E-1 1.78099E-1 1.67091E-1 1.5378E-1 1.56194E-1 1.89278E-1 1.83012E-1 1.82181E-1 1.61005E-1 1.91381E-1 1.97818E-1 1.88236E-1 1.74272E-1 1.66708E-1 1.63461E-1 1.89673E-1 1.71067E-1
1.71488E-1 2.12009E-1 1.83478E-1 1.69195E-1 1.70244E-1 1.78868E-1 1.67462E-1 1.62034E-1 1.62131E-1 1.84269E-1 1.75372E-1 1.53521E-1 1.47486E-1 1.59591E-1 1.77645E-1 1.63113E-1 1.57006E-1 1.59891E-1 1.58925E-1 1.40508E-1 1.48634E-1 1.68504E-1 1.64873E-1 1.5594E-1 1.62279E-1 1.4869E-1 1.48378E-1 1.57654E-1 1.72721E-1 1.98195E-1 1.8843E-1 1.53329E-1 1.5572E-1 1.65807E-1 1.57738E-1 1.55134E-1 1.91531E-1 1.94919E-1 1.84011E-1 1.85075E-1 1.68353E-1 1.75492E-1 1.68406E-1 1.91231E-1 1.72175E-1 1.71638E-1 1.79606E-1 1.75087E-1 1.52349E-1 1.58715E-1 1.73625E-1 1.57017E-1 1.58767E-1 1.63195E-1 1.80631E-1 1.93902E-1 2.03709E-1 1.8612E-1 1.74346E-1 1.67644E-1 1.67211E-1
1.83601E-1 1.80723E-1 1.79291E-1 1.78521E-1 1.77633E-1 1.83227E-1 1.76629E-1 1.70107E-1 1.58283E-1 1.95989E-1 1.74684E-1 1.51358E-1 1.52415E-1 1.51961E-1 1.65291E-1 1.74165E-1 1.57999E-1 1.66048E-1 1.61277E-1 1.42052E-1 1.40134E-1 1.74955E-1 1.60238E-1 1.74186E-1 1.93975E-1 1.38483E-1 1.64906E-1 1.57443E-1 1.8537E-1 1.85175E-1 1.70834E-1 1.68339E-1 1.74085E-1 1.53597E-1 1.71697E-1 1.77779E-1 1.85993E-1 1.89641E-1 1.83133E-1 1.93506E-1 1.93202E-1 1.80585E-1 1.73988E-1 1.85659E-1 1.68124E-1 1.69062E-1 1.65344E-1 1.69291E-1 1.59198E-1 1.54899E-1 1.96518E-1 1.84499E-1 1.61109E-1 1.6608E-1 1.73172E-1 1.84527E-1 1.82195E-1 1.88147E-1 1.70789E-1 1.79717E-1 1.81155E-1
2E-1 1.9368E-1 1.76475E-1 1.82772E-1 1.83384E-1 1.98602E-1 1.75765E-1 1.67653E-1 1.67111E-1 1.77459E-1 1.84804E-1 1.6416E-1 1.55764E-1 1.68742E-1 1.73453E-1 1.56829E-1 1.59037E-1 1.71252E-1 1.69471E-1 1.46295E-1 1.35716E-1 1.64833E-1 1.84472E-1 1.87286E-1 2.06953E-1 1.60709E-1 1.73059E-1 1.67285E-1 1.91066E-1 2.00862E-1 1.74702E-1 1.64676E-1 1.73593E-1 1.76324E-1 1.77387E-1 1.86057E-1 1.82558E-1 1.90521E-1 1.79012E-1 1.73875E-1 1.7379E-1 1.83952E-1 1.69382E-1 2.01567E-1 1.97251E-1 2.04159E-1 1.85359E-1 2.01577E-1 1.71864E-1 1.61434E-1 1.84452E-1 1.8943E-1 1.69121E-1 1.65784E-1 1.70084E-1 1.69772E-1 1.56074E-1 1.63145E-1 1.72273E-1 1.94212E-1 1.87941E-1
1.9665E-1 1.92148E-1 1.8403E-1 1.86485E-1 1.9253E-1 1.90405E-1 1.75765E-1 1.76601E-1 1.68301E-1 1.90778E-1 2.13336E-1 1.60741E-1 1.56907E-1 1.95309E-1 1.87264E-1 1.63709E-1 1.6817E-1 1.75316E-1 1.5685E-1 1.46713E-1 1.60843E-1 1.9882E-1 1.68602E-1 1.65357E-1 1.74689E-1 1.63372E-1 1.48116E-1 1.48367E-1 1.61998E-1 1.61479E-1 1.62291E-1 1.81904E-1 1.7848E-1 1.6452E-1 1.72392E-1 1.84122E-1 1.79922E-1 1.82481E-1 1.97373E-1 1.8334E-1 1.88801E-1 1.65782E-1 1.67328E-1 1.61511E-1 1.6695E-1 1.80342E-1 1.95906E-1 1.74861E-1 2.00736E-1 1.83632E-1 1.52423E-1 1.54982E-1 1.6689E-1 1.70275E-1 1.75898E-1 1.68256E-1 1.64548E-1 1.61736E-1 1.64147E-1 1.66423E-1 1.62302E-1
2.03891E-1 1.87781E-1 1.85745E-1 1.85519E-1 1.9918E-1 2.07086E-1 1.94952E-1 1.77406E-1 1.73996E-1 1.81514E-1 1.99845E-1 1.61656E-1 1.66901E-1 1.81459E-1 1.6761E-1 1.63766E-1 1.77295E-1 1.82206E-1 1.61238E-1 1.52172E-1 1.88941E-1 1.94575E-1 2.00848E-1 1.6014E-1 1.68415E-1 1.50547E-1 1.63626E-1 1.47814E-1 1.53848E-1 1.6105E-1 1.64558E-1 1.64565E-1 1.67236E-1 1.6759E-1 1.69106E-1 1.63433E-1 1.82711E-1 1.74685E-1 1.84062E-1 1.88791E-1 1.84201E-1 1.81928E-1 1.78658E-1 1.6731E-1 1.61714E-1 1.6758E-1 1.78668E-1 1.572E-1 1.67398E-1 1.66628E-1 1.66372E-1 1.54438E-1 1.56069E-1 1.76056E-1 1.82128E-1 1.77811E-1 1.61223E-1 1.63477E-1 1.66263E-1 1.58091E-1 1.72649E-1
2.1023E-1 2.06593E-1 1.84096E-1 1.77153E-1 1.86453E-1 1.89443E-1 1.79209E-1 1.82187E-1 1.90969E-1 2.01887E-1 2.19537E-1 2.04514E-1 1.96384E-1 1.91573E-1 1.91367E-1 1.59058E-1 1.77965E-1 1.88941E-1 1.76223E-1 1.56429E-1 1.634E-1 2.24469E-1 2.19038E-1 1.84486E-1 1.81638E-1 1.75236E-1 1.64353E-1 1.64666E-1 1.56455E-1 1.53546E-1 1.54534E-1 1.66361E-1 1.71998E-1 1.74047E-1 1.74498E-1 1.69065E-1 1.6967E-1 1.74682E-1 1.76569E-1 1.65055E-1 1.73164E-1 1.89948E-1 1.94328E-1 1.94756E-1 1.83605E-1 1.63472E-1 1.55983E-1 1.65549E-1 1.62474E-1 1.59792E-1 1.81704E-1 1.75431E-1 1.61504E-1 1.64433E-1 1.62432E-1 1.75634E-1 1.72039E-1 1.70233E-1 1.54982E-1 1.5079E-1 1.76732E-1
2.01054E-1 1.97812E-1 1.96088E-1 1.81478E-1 1.85072E-1 1.76828E-1 1.68738E-1 1.89809E-1 1.91882E-1 1.82385E-1 2.04538E-1 1.74942E-1 1.74796E-1 1.88968E-1 1.83026E-1 1.73985E-1 1.82143E-1 1.87267E-1 1.97777E-1 1.82953E-1 1.91935E-1 2.00757E-1 2.12199E-1 1.96732E-1 1.7652E-1 1.90971E-1 1.88475E-1 1.72928E-1 1.59223E-1 1.67607E-1 1.50177E-1 1.67056E-1 1.71037E-1 1.6744E-1 1.65227E-1 1.78717E-1 1.64955E-1 1.62669E-1 1.69954E-1 1.99195E-1 1.87632E-1 1.73691E-1 1.69508E-1 1.87936E-1 1.93206E-1 1.82109E-1 1.7192E-1 1.71031E-1 1.72827E-1 1.71581E-1 1.52792E-1 1.61081E-1 1.55326E-1 1.59506E-1 1.79295E-1 1.71332E-1 1.89004E-1 1.64208E-1 1.59962E-1 1.69017E-1 1.65272E-1
1.96033E-1 1.98582E-1 1.93417E-1 2.00034E-1 1.81478E-1 1.6727E-1 1.68835E-1 1.71814E-1 1.76032E-1 1.85384E-1 1.80851E-1 1.62658E-1 1.58467E-1 1.91603E-1 1.80292E-1 1.92936E-1 1.90749E-1 1.68898E-1 1.70964E-1 1.80524E-1 1.96655E-1 1.81652E-1 1.855E-1 1.66176E-1 1.6204E-1 1.66975E-1 1.95841E-1 1.63101E-1 1.43734E-1 1.76501E-1 1.58714E-1 1.48112E-1 1.58656E-1 1.56264E-1 1.73885E-1 1.72498E-1 1.73116E-1 1.85294E-1 1.99334E-1 2.05957E-1 1.88454E-1 1.86032E-1 1.8398E-1 1.77877E-1 1.69503E-1 1.74463E-1 1.75625E-1 1.70899E-1 1.66461E-1 1.96534E-1 1.69514E-1 1.5051E-1 1.58546E-1 1.5488E-1 1.59032E-1 1.72096E-1 1.76134E-1 1.72517E-1 1.54449E-1 1.50964E-1 1.44661E-1
2.04582E-1 2.00598E-1 1.96436E-1 2.19633E-1 1.93017E-1 1.68212E-1 1.63898E-1 1.99509E-1 1.75016E-1 1.73167E-1 1.94816E-1 1.53396E-1 1.56843E-1 1.93527E-1 1.99131E-1 1.77588E-1 1.76191E-1 1.76759E-1 1.74643E-1 1.71722E-1 1.8809E-1 1.9475E-1 1.8431E-1 1.76168E-1 1.55897E-1 1.47985E-1 1.54743E-1 1.55425E-1 1.54283E-1 1.92306E-1 1.86916E-1 1.57588E-1 1.66907E-1 1.60039E-1 1.93617E-1 1.69343E-1 1.74206E-1 1.85067E-1 2.09585E-1 1.75472E-1 1.6636E-1 1.7329E-1 1.7208E-1 1.70897E-1 1.82846E-1 1.76047E-1 1.81146E-1 1.74687E-1 1.63644E-1 1.78328E-1 1.76842E-1 1.59169E-1 1.46888E-1 1.41978E-1 1.44473E-1 1.47887E-1 1.62147E-1 1.56114E-1 1.64172E-1 1.59203E-1 1.48738E-1
2.29029E-1 2.17994E-1 2.23618E-1 2.38754E-1 2.2022E-1 1.76021E-1 1.65187E-1 1.837E-1 1.82604E-1 1.76321E-1 1.71123E-1 1.61771E-1 1.55338E-1 1.80929E-1 1.91014E-1 1.90812E-1 1.72879E-1 1.71991E-1 1.80444E-1 1.81627E-1 1.79024E-1 2.01618E-1 1.85508E-1 1.79278E-1 1.70238E-1 1.83749E-1 1.68787E-1 1.91594E-1 1.7655E-1 2.00962E-1 1.89337E-1 1.62869E-1 1.72309E-1 1.75568E-1 1.92769E-1 1.73385E-1 1.6001E-1 2.06408E-1 1.96834E-1 1.73431E-1 1.81942E-1 1.79612E-1 1.86552E-1 1.78585E-1 1.92201E-1 1.88773E-1 1.90803E-1 1.7497E-1 1.66028E-1 1.61624E-1 1.70363E-1 1.65624E-1 1.69844E-1 1.4994E-1 1.40732E-1 1.38649E-1 1.52197E-1 1.70304E-1 1.70928E-1 1.81025E-1 1.76347E-1
2.41054E-1 2.4095E-1 2.48316E-1 2.34326E-1 2.21817E-1 1.90611E-1 1.72989E-1 1.70682E-1 1.71322E-1 1.75684E-1 1.62361E-1 1.78632E-1 1.58409E-1 1.94773E-1 1.81708E-1 1.87172E-1 1.87855E-1 1.93836E-1 1.86432E-1 1.96081E-1 2.0064E-1 1.79012E-1 1.82598E-1 2.03164E-1 2.13013E-1 1.85899E-1 1.81374E-1 1.71947E-1 1.93209E-1 2.06107E-1 1.86347E-1 1.79606E-1 1.69602E-1 1.74129E-1 1.7428E-1 1.67067E-1 1.66173E-1 1.91657E-1 1.89114E-1 1.80758E-1 1.79376E-1 1.85225E-1 1.92357E-1 1.74372E-1 1.90347E-1 1.76411E-1 1.77789E-1 1.66003E-1 1.74792E-1 1.61334E-1 1.6821E-1 1.68479E-1 1.65277E-1 1.51735E-1 1.64058E-1 1.54283E-1 1.49534E-1 1.54807E-1 1.5833E-1 1.59284E-1 1.77983E-1
2.36043E-1 2.04542E-1 2.11168E-1 2.04695E-1 2.07844E-1 2.13416E-1 1.84105E-1 1.76261E-1 1.78825E-1 1.66539E-1 1.77515E-1 1.85099E-1 1.52476E-1 1.66847E-1 1.67722E-1 1.83939E-1 2.13585E-1 1.97134E-1 1.86894E-1 1.88713E-1 1.9098E-1 1.98493E-1 1.81125E-1 2.03132E-1 2.16253E-1 2.07143E-1 1.94696E-1 1.85218E-1 1.76738E-1 2.13308E-1 1.84194E-1 2.0957E-1 1.64025E-1 1.5539E-1 1.54865E-1 1.65875E-1 1.78138E-1 2.02547E-1 1.88433E-1 1.74326E-1 1.79126E-1 1.94754E-1 2.02301E-1 1.77521E-1 1.80821E-1 1.79122E-1 1.65659E-1 1.75022E-1 1.8105E-1 1.6677E-1 1.57401E-1 1.65755E-1 1.62065E-1 1.78652E-1 1.5195E-1 1.49925E-1 1.60551E-1 1.51427E-1 1.40773E-1 1.29985E-1 1.56743E-1
2.22085E-1 2.31702E-1 2.27893E-1 2.06553E-1 1.99166E-1 1.96855E-1 1.93456E-1 1.88608E-1 1.81921E-1 1.75972E-1 1.76912E-1 1.89176E-1 1.60144E-1 1.70125E-1 1.63003E-1 1.52128E-1 2.00931E-1 2.1496E-1 2.01626E-1 1.95115E-1 1.91239E-1 1.75345E-1 1.68646E-1 1.93604E-1 2.13158E-1 2.03982E-1 2.09333E-1 1.83732E-1 1.76445E-1 2.04299E-1 2.0393E-1 2.05991E-1 1.85908E-1 1.49737E-1 1.50119E-1 1.75064E-1 1.78812E-1 1.95899E-1 1.99147E-1 1.793E-1 1.88549E-1 1.73648E-1 1.80878E-1 1.83603E-1 1.83766E-1 1.82695E-1 1.71461E-1 1.72809E-1 1.79789E-1 1.78177E-1 1.57383E-1 1.54675E-1 1.55871E-1 1.64359E-1 1.65645E-1 1.52704E-1 1.49264E-1 1.67366E-1 1.67037E-1 1.40142E-1 1.46555E-1
2.00404E-1 2.0669E-1 2.18344E-1 2.17751E-1 2.19004E-1 2.04432E-1 2.07115E-1 1.86502E-1 1.76883E-1 1.79278E-1 1.76681E-1 2.01024E-1 1.69209E-1 1.57273E-1 1.58657E-1 1.815E-1 1.90423E-1 2.0044E-1 2.19844E-1 1.92897E-1 1.89242E-1 1.75893E-1 1.70125E-1 1.79476E-1 1.84747E-1 1.97562E-1 2.1507E-1 1.94546E-1 1.88171E-1 1.90601E-1 1.69624E-1 1.68105E-1 1.62633E-1 1.59478E-1 1.66592E-1 1.87834E-1 1.71326E-1 1.89813E-1 2.02332E-1 2.36804E-1 1.78844E-1 1.71827E-1 1.77593E-1 1.80774E-1 1.75716E-1 1.73847E-1 1.7696E-1 1.73021E-1 1.80062E-1 1.6799E-1 1.75587E-1 1.54952E-1 1.512E-1 1.72213E-1 1.66078E-1 1.7325E-1 1.45303E-1 1.40102E-1 1.54388E-1 1.65585E-1 1.51184E-1
2.05655E-1 2.29737E-1 2.40402E-1 2.32574E-1 2.21585E-1 2.16566E-1 1.96491E-1 1.79676E-1 1.8278E-1 1.74421E-1 1.70994E-1 1.75004E-1 1.64288E-1 1.60178E-1 1.59309E-1 1.63348E-1 1.66998E-1 1.64811E-1 1.93433E-1 2.12292E-1 1.86066E-1 1.82149E-1 1.72238E-1 1.66895E-1 1.83573E-1 1.98394E-1 2.15409E-1 2.14806E-1 1.67251E-1 1.66972E-1 1.68501E-1 1.78894E-1 1.70176E-1 1.82003E-1 1.78337E-1 1.85955E-1 1.74196E-1 1.66416E-1 1.88078E-1 2.09781E-1 1.87239E-1 1.70135E-1 1.77679E-1 1.71804E-1 1.77196E-1 1.80919E-1 1.79326E-1 1.74177E-1 1.92036E-1 1.75307E-1 1.79681E-1 1.56373E-1 1.59288E-1 1.5601E-1 1.59282E-1 1.78419E-1 1.74265E-1 1.61232E-1 1.51683E-1 1.72136E-1 1.73488E-1
2.48091E-1 2.56397E-1 2.31075E-1 2.22686E-1 2.15333E-1 2.0407E-1 1.94247E-1 1.90183E-1 1.90294E-1 1.87437E-1 1.76467E-1 1.66889E-1 1.74112E-1 1.66144E-1 1.65266E-1 1.69706E-1 1.84528E-1 1.84346E-1 1.8198E-1 1.91103E-1 2.2065E-1 1.83204E-1 1.69058E-1 1.71958E-1 1.63411E-1 1.82434E-1 1.91948E-1 2.10326E-1 1.79913E-1 1.7245E-1 1.79075E-1 1.88043E-1 1.77084E-1 1.73275E-1 1.73934E-1 1.99773E-1 2.06778E-1 1.64392E-1 1.81908E-1 2.17941E-1 1.96491E-1 1.90271E-1 1.93645E-1 1.65782E-1 1.7918E-1 1.84528E-1 1.73374E-1 1.77363E-1 1.8665E-1 1.88025E-1 1.69138E-1 1.59683E-1 1.55411E-1 1.50874E-1 1.56973E-1 1.60955E-1 1.76748E-1 1.62942E-1 1.63087E-1 1.67513E-1 1.68989E-1
