Artocarpus heterophyllus SDM files/MIS19/results (without bias file)/Arthet_median.asc
ncols         625
nrows         721
xllcorner     69.99986311115
yllcorner     5.99986187915
cellsize      0.041666667
NODATA_value  -9999
[rows 135 to 161 of 721, columns 305 to 365 of 625]
3.13369E-3 3.08325E-3 3.54074E-3 2.69002E-3 3.27865E-3 3.31333E-3 3.16389E-3 2.93237E-3 2.63713E-3 2.76442E-3 2.5884E-3 2.53867E-3 1.80364E-3 1.83348E-3 1.97587E-3 1.98469E-3 2.17521E-3 2.55082E-3 2.5857E-3 2.41289E-3 2.34121E-3 2.10827E-3 1.84526E-3 1.88325E-3 1.99961E-3 1.80455E-3 1.7838E-3 1.5778E-3 1.60361E-3 1.40771E-3 1.40493E-3 1.2002E-3 1.27002E-3 1.54957E-3 1.60338E-3 1.41178E-3 1.35814E-3 1.56634E-3 1.5284E-3 1.34191E-3 1.10693E-3 1.63949E-3 1.85607E-3 1.71125E-3 1.56444E-3 1.34652E-3 1.32684E-3 1.57688E-3 1.6289E-3 1.58238E-3 1.56489E-3 1.50212E-3 1.41622E-3 1.70014E-3 1.71647E-3 1.56584E-3 1.60698E-3 1.52515E-3 1.99929E-3 1.74148E-3 1.72951E-3
3.29227E-3 3.26014E-3 3.27252E-3 2.75599E-3 2.774E-3 3.04741E-3 3.86999E-3 3.38242E-3 3.40647E-3 3.07802E-3 3.20192E-3 2.88231E-3 2.27174E-3 1.69174E-3 1.51112E-3 1.66763E-3 1.72713E-3 1.92383E-3 1.92383E-3 2.59716E-3 2.6883E-3 2.49685E-3 2.31509E-3 2.2343E-3 2.17253E-3 1.91795E-3 1.72568E-3 1.64221E-3 1.77672E-3 1.66147E-3 1.47649E-3 1.23839E-3 1.23957E-3 1.54332E-3 1.41548E-3 1.44146E-3 1.28371E-3 1.3029E-3 1.66876E-3 1.61995E-3 1.22501E-3 1.39936E-3 1.9207E-3 1.77112E-3 1.6372E-3 1.52821E-3 1.34808E-3 1.33271E-3 1.62673E-3 1.7314E-3 1.64509E-3 1.67982E-3 1.58436E-3 1.57909E-3 1.50509E-3 1.63608E-3 1.46183E-3 1.54548E-3 1.84389E-3 1.85087E-3 1.96442E-3
3.26747E-3 3.10585E-3 3.48318E-3 3.07392E-3 3.0275E-3 2.70125E-3 3.294E-3 3.4964E-3 3.72772E-3 3.06354E-3 3.08575E-3 2.77458E-3 2.13715E-3 2.77749E-3 1.87213E-3 1.57264E-3 1.72466E-3 1.67169E-3 1.85284E-3 2.07132E-3 2.23981E-3 2.58659E-3 2.62091E-3 2.21194E-3 2.25894E-3 2.09986E-3 1.84082E-3 1.7841E-3 1.6922E-3 1.58338E-3 1.76231E-3 1.50334E-3 1.30431E-3 1.60435E-3 1.47433E-3 1.36746E-3 1.26459E-3 1.28847E-3 1.25165E-3 1.61639E-3 1.41419E-3 1.28148E-3 1.43588E-3 1.8648E-3 1.82549E-3 1.6456E-3 1.65887E-3 1.55218E-3 1.33181E-3 1.76307E-3 1.73527E-3 1.80722E-3 1.80569E-3 1.77831E-3 1.59892E-3 1.50954E-3 1.5745E-3 1.51189E-3 1.72813E-3 2.01031E-3 1.8834E-3
3.6363E-3 2.92119E-3 2.89345E-3 3.49635E-3 3.43492E-3 2.76741E-3 3.33598E-3 3.34388E-3 3.28459E-3 3.01517E-3 2.61971E-3 2.72289E-3 2.5912E-3 3.19712E-3 3.19745E-3 1.88671E-3 1.68067E-3 2.01343E-3 1.82902E-3 1.78917E-3 1.6211E-3 1.94104E-3 2.27875E-3 2.58537E-3 2.37351E-3 2.27251E-3 1.98519E-3 1.91463E-3 1.89486E-3 1.75934E-3 1.85118E-3 1.66373E-3 1.7017E-3 1.61029E-3 1.53972E-3 1.43531E-3 1.3594E-3 1.3831E-3 1.30377E-3 1.37006E-3 1.71051E-3 1.40168E-3 1.21558E-3 1.51774E-3 1.93899E-3 1.89101E-3 1.87382E-3 1.77008E-3 1.40816E-3 1.37456E-3 1.90295E-3 1.87053E-3 1.75183E-3 1.6597E-3 1.61268E-3 1.45834E-3 1.55981E-3 1.56584E-3 1.58086E-3 1.92921E-3 1.88054E-3
5.26036E-3 3.36169E-3 3.62033E-3 3.80543E-3 3.16902E-3 2.93733E-3 3.17678E-3 3.36225E-3 3.71357E-3 3.46171E-3 3.25401E-3 3.56012E-3 3.26593E-3 2.51382E-3 2.78632E-3 3.40967E-3 2.36581E-3 2.1408E-3 2.88204E-3 2.12754E-3 1.46128E-3 1.60004E-3 1.84809E-3 2.39174E-3 2.4961E-3 2.41585E-3 2.13091E-3 2.24932E-3 2.03326E-3 1.87748E-3 1.80244E-3 1.85028E-3 1.75241E-3 1.70504E-3 1.71125E-3 1.28138E-3 1.34066E-3 1.36857E-3 1.46349E-3 1.39674E-3 1.62549E-3 1.53419E-3 1.3052E-3 1.31587E-3 1.87183E-3 2.01474E-3 1.93882E-3 1.90557E-3 1.58494E-3 1.36936E-3 1.60933E-3 1.95757E-3 1.8499E-3 1.74361E-3 1.66677E-3 1.70673E-3 1.61952E-3 1.6058E-3 1.63415E-3 1.87508E-3 1.77726E-3
3.35663E-3 3.43164E-3 3.35755E-3 3.52681E-3 2.98342E-3 3.02506E-3 3.18026E-3 2.82266E-3 3.13482E-3 3.1724E-3 3.37434E-3 3.10716E-3 2.72419E-3 2.49019E-3 3.60132E-3 3.33171E-3 3.07052E-3 2.36886E-3 3.22477E-3 2.87091E-3 1.84774E-3 1.87941E-3 1.61253E-3 2.06379E-3 2.06379E-3 1.94143E-3 2.27875E-3 2.35865E-3 2.18053E-3 1.79244E-3 1.9145E-3 1.87396E-3 1.76687E-3 1.80244E-3 1.70887E-3 1.48391E-3 1.37565E-3 1.45898E-3 1.73417E-3 1.58567E-3 1.36923E-3 1.59998E-3 1.36687E-3 1.30378E-3 1.76024E-3 1.98132E-3 2.01229E-3 1.88675E-3 1.70571E-3 1.3914E-3 1.39848E-3 1.8578E-3 1.87598E-3 1.86298E-3 1.66286E-3 1.62782E-3 1.6074E-3 1.67379E-3 1.60666E-3 1.69907E-3 1.83302E-3
3.6732E-3 3.66071E-3 3.61436E-3 3.64766E-3 3.37223E-3 3.21158E-3 3.80732E-3 3.59163E-3 3.54317E-3 2.51878E-3 2.28669E-3 2.46812E-3 2.69978E-3 2.71702E-3 3.16924E-3 3.64182E-3 3.45156E-3 2.92217E-3 2.82744E-3 2.52888E-3 1.85045E-3 1.63596E-3 1.45129E-3 1.44003E-3 1.55446E-3 1.62911E-3 1.85753E-3 2.24107E-3 2.27653E-3 2.22333E-3 1.81568E-3 1.94541E-3 2.09093E-3 1.86946E-3 1.71308E-3 1.71087E-3 1.3582E-3 1.61459E-3 1.88531E-3 1.67568E-3 1.56245E-3 1.3765E-3 1.66568E-3 1.36758E-3 1.44535E-3 2.13464E-3 1.92372E-3 1.82574E-3 1.78281E-3 1.4979E-3 1.40185E-3 1.72122E-3 1.84846E-3 1.64708E-3 1.7813E-3 1.77671E-3 1.70327E-3 1.75183E-3 1.70566E-3 1.72949E-3 1.76591E-3
3.88508E-3 3.30335E-3 3.28488E-3 3.55017E-3 3.72464E-3 3.39029E-3 3.22082E-3 3.22581E-3 3.936E-3 3.69115E-3 3.32246E-3 2.64899E-3 2.87192E-3 2.76884E-3 2.51721E-3 2.46177E-3 2.71702E-3 3.7648E-3 3.26726E-3 2.52913E-3 2.76575E-3 2.28876E-3 1.87204E-3 1.70548E-3 1.45348E-3 1.42661E-3 1.45803E-3 1.61043E-3 1.77006E-3 1.92383E-3 2.29392E-3 1.99152E-3 2.20249E-3 2.03307E-3 1.82918E-3 1.75192E-3 1.47238E-3 1.72354E-3 1.84593E-3 1.7279E-3 1.70403E-3 1.52951E-3 1.39292E-3 1.34838E-3 1.36388E-3 2.03191E-3 1.84011E-3 1.88039E-3 1.79504E-3 1.50654E-3 1.40638E-3 1.65627E-3 1.80323E-3 1.70629E-3 1.57355E-3 1.74871E-3 1.86517E-3 1.89934E-3 1.89429E-3 1.83232E-3 1.81786E-3
6.33092E-3 6.47899E-3 5.09926E-3 3.90922E-3 3.85746E-3 3.92909E-3 3.05285E-3 2.89495E-3 3.90089E-3 3.60928E-3 3.64834E-3 3.23006E-3 2.76884E-3 2.75231E-3 2.81047E-3 2.4995E-3 2.376E-3 3.12734E-3 3.50157E-3 3.30904E-3 2.9311E-3 2.70213E-3 2.33553E-3 2.17885E-3 2.09218E-3 1.69235E-3 1.4077E-3 1.43545E-3 1.42747E-3 1.56959E-3 1.86943E-3 2.21817E-3 2.10845E-3 2.16702E-3 2.17126E-3 1.97528E-3 1.6713E-3 1.66423E-3 1.85866E-3 1.8081E-3 1.52093E-3 1.5026E-3 1.45108E-3 1.34488E-3 1.55902E-3 1.96534E-3 1.96161E-3 1.86482E-3 1.79257E-3 1.56482E-3 1.54009E-3 1.9835E-3 1.72616E-3 1.68034E-3 1.58293E-3 1.64964E-3 1.77129E-3 1.615E-3 1.74234E-3 2.02805E-3 1.98643E-3
4.59774E-3 3.66232E-3 3.52415E-3 4.1181E-3 4.10745E-3 3.28488E-3 3.91447E-3 3.24554E-3 2.78178E-3 3.22385E-3 3.02173E-3 3.92359E-3 3.90274E-3 2.77699E-3 2.53316E-3 2.3967E-3 2.35548E-3 2.33514E-3 2.40712E-3 3.5005E-3 3.64163E-3 3.10912E-3 2.82659E-3 2.38136E-3 2.21452E-3 1.89059E-3 1.87072E-3 1.70781E-3 1.40222E-3 1.4219E-3 1.61288E-3 1.80929E-3 2.04244E-3 2.02124E-3 2.04374E-3 2.17673E-3 2.09462E-3 1.84131E-3 1.68937E-3 1.80568E-3 1.72616E-3 1.46695E-3 1.50062E-3 1.4675E-3 1.57889E-3 1.92582E-3 1.86326E-3 1.85478E-3 1.83589E-3 1.82152E-3 1.65706E-3 2.0034E-3 1.80346E-3 1.74585E-3 1.78951E-3 1.71774E-3 1.80559E-3 1.77448E-3 1.71662E-3 1.60237E-3 2.1564E-3
3.6278E-3 3.54886E-3 4.14824E-3 3.7073E-3 3.47563E-3 3.8628E-3 3.43265E-3 3.4973E-3 3.68813E-3 3.02901E-3 3.04297E-3 2.67265E-3 2.63644E-3 2.54448E-3 2.7033E-3 2.21594E-3 2.51067E-3 2.3967E-3 2.35741E-3 2.27906E-3 2.68095E-3 2.94099E-3 3.24885E-3 2.51536E-3 2.32837E-3 2.70358E-3 2.25479E-3 2.2911E-3 1.88863E-3 1.4158E-3 1.56436E-3 1.5316E-3 2.01091E-3 2.07733E-3 1.67501E-3 1.61179E-3 2.12832E-3 2.11875E-3 2.02875E-3 1.90193E-3 1.92514E-3 1.67871E-3 1.86752E-3 1.68517E-3 1.57667E-3 1.67008E-3 2.00596E-3 1.94093E-3 1.98559E-3 1.94968E-3 1.99314E-3 1.91323E-3 1.87422E-3 1.85939E-3 1.85326E-3 1.77276E-3 1.77064E-3 1.86554E-3 1.88898E-3 1.63085E-3 2.05269E-3
5.37269E-3 3.77849E-3 3.77162E-3 3.50048E-3 3.48999E-3 3.44314E-3 3.31724E-3 3.77971E-3 3.81601E-3 3.6655E-3 3.92685E-3 3.37827E-3 4.03302E-3 3.90802E-3 3.14995E-3 2.24497E-3 2.3987E-3 2.17899E-3 2.13563E-3 2.23373E-3 2.30979E-3 3.29177E-3 3.20371E-3 3.15685E-3 2.85198E-3 2.30778E-3 1.97712E-3 2.44608E-3 1.91902E-3 1.57709E-3 1.54413E-3 1.6945E-3 1.86766E-3 1.54433E-3 2.16297E-3 2.11923E-3 2.07863E-3 2.1621E-3 2.17647E-3 2.00251E-3 2.04699E-3 2.10751E-3 1.94383E-3 1.84855E-3 1.79262E-3 1.62467E-3 1.86654E-3 2.11016E-3 2.05783E-3 2.04782E-3 2.19602E-3 2.09688E-3 1.88668E-3 1.9767E-3 2.03025E-3 1.94093E-3 2.02788E-3 1.95628E-3 1.89822E-3 1.90605E-3 1.8169E-3
6.10901E-3 4.09302E-3 5.00844E-3 4.22193E-3 4.14698E-3 3.69069E-3 3.55148E-3 3.66634E-3 3.39197E-3 3.91168E-3 4.07906E-3 3.60505E-3 3.61072E-3 3.46444E-3 4.13967E-3 2.21594E-3 2.44723E-3 2.76884E-3 2.13563E-3 2.14999E-3 2.19896E-3 2.19896E-3 2.51466E-3 2.46074E-3 3.00643E-3 3.02954E-3 2.23482E-3 2.57758E-3 2.13962E-3 1.80587E-3 1.9657E-3 1.61565E-3 1.72747E-3 2.19479E-3 1.66196E-3 2.09355E-3 2.21573E-3 2.34594E-3 2.39046E-3 2.23159E-3 2.31455E-3 2.23962E-3 2.19843E-3 2.02677E-3 1.88692E-3 1.85153E-3 1.83622E-3 1.83774E-3 2.09347E-3 2.09438E-3 2.49286E-3 2.34082E-3 2.20238E-3 2.01907E-3 2.11068E-3 2.11969E-3 2.19546E-3 2.12785E-3 2.13242E-3 2.00102E-3 1.92281E-3
7.51296E-3 5.55778E-3 3.9437E-3 3.75459E-3 3.86212E-3 3.50366E-3 3.38265E-3 3.33132E-3 3.84432E-3 4.14014E-3 3.81896E-3 3.4257E-3 3.62434E-3 3.67816E-3 3.91194E-3 3.5769E-3 3.34469E-3 2.90281E-3 2.16444E-3 2.06044E-3 2.02539E-3 2.00958E-3 1.98609E-3 1.96287E-3 1.92477E-3 2.45659E-3 2.28009E-3 2.20814E-3 2.74456E-3 2.09437E-3 1.93754E-3 1.84331E-3 1.73421E-3 1.89436E-3 1.7387E-3 1.75318E-3 1.49531E-3 1.60828E-3 1.92647E-3 2.22554E-3 2.59257E-3 2.41025E-3 2.45643E-3 2.30377E-3 2.24191E-3 2.06182E-3 1.81694E-3 1.80514E-3 1.73878E-3 1.72086E-3 1.93084E-3 2.66859E-3 2.56489E-3 2.39761E-3 2.22693E-3 2.32322E-3 2.42659E-3 2.30435E-3 2.22215E-3 2.15282E-3 2.30272E-3
6.28259E-3 6.11197E-3 5.44172E-3 4.19513E-3 3.90071E-3 4.21358E-3 3.39768E-3 3.67915E-3 3.4556E-3 3.70056E-3 3.47206E-3 3.54709E-3 3.08055E-3 3.90064E-3 3.32236E-3 2.86828E-3 3.35621E-3 3.02818E-3 2.89738E-3 2.34333E-3 2.0205E-3 1.97832E-3 1.98609E-3 2.0574E-3 2.13949E-3 1.81782E-3 1.68076E-3 1.80364E-3 2.35449E-3 2.52671E-3 2.55634E-3 2.02182E-3 1.99272E-3 2.09355E-3 2.35056E-3 2.04675E-3 2.01089E-3 1.96699E-3 1.74543E-3 1.75318E-3 2.35963E-3 2.71138E-3 2.75772E-3 2.60125E-3 2.51862E-3 2.27431E-3 2.17705E-3 1.87902E-3 2.02601E-3 2.4479E-3 2.54445E-3 2.3208E-3 2.61514E-3 2.65308E-3 2.37021E-3 2.13454E-3 2.30335E-3 2.48335E-3 2.3906E-3 2.17885E-3 2.12387E-3
6.85094E-3 7.06644E-3 6.23298E-3 5.01273E-3 4.3591E-3 3.78782E-3 3.08502E-3 3.1003E-3 3.5277E-3 3.67664E-3 3.71035E-3 3.77109E-3 3.66432E-3 4.36654E-3 3.488E-3 2.89229E-3 4.17754E-3 3.84534E-3 3.7177E-3 3.25784E-3 2.21918E-3 1.96588E-3 1.86832E-3 1.82491E-3 2.83697E-3 3.10165E-3 2.52039E-3 1.76577E-3 1.62249E-3 1.995E-3 2.17684E-3 2.15409E-3 2.41022E-3 2.73261E-3 2.73225E-3 2.52708E-3 2.3708E-3 2.18537E-3 2.23065E-3 2.07032E-3 2.09029E-3 2.25871E-3 2.95198E-3 2.98708E-3 2.82664E-3 2.56438E-3 2.37765E-3 2.01544E-3 2.00074E-3 1.92339E-3 2.41723E-3 2.91537E-3 2.48742E-3 2.82842E-3 2.46187E-3 2.38071E-3 2.41015E-3 2.43566E-3 2.34971E-3 2.43232E-3 2.35651E-3
8.3203E-3 8.20274E-3 7.37216E-3 6.78855E-3 6.49926E-3 5.4089E-3 3.93167E-3 3.95968E-3 3.211E-3 3.3618E-3 3.64739E-3 3.99041E-3 3.41675E-3 3.04297E-3 3.25266E-3 2.74329E-3 3.6878E-3 4.23615E-3 3.55792E-3 3.71473E-3 3.00208E-3 2.0205E-3 2.15404E-3 1.95055E-3 1.95055E-3 2.39361E-3 2.92227E-3 2.58646E-3 1.96471E-3 1.69894E-3 1.66112E-3 1.83535E-3 2.01155E-3 2.2031E-3 2.24779E-3 2.471E-3 2.93696E-3 2.81958E-3 2.848E-3 2.23539E-3 2.05873E-3 2.0613E-3 2.60512E-3 3.25883E-3 2.73927E-3 2.64416E-3 2.35694E-3 2.48459E-3 2.21653E-3 2.24497E-3 2.05579E-3 2.92573E-3 2.38587E-3 3.08483E-3 2.31771E-3 2.55161E-3 2.53209E-3 2.50114E-3 2.37205E-3 2.35124E-3 2.52308E-3
1.19844E-2 1.13822E-2 1.08577E-2 8.037E-3 8.08707E-3 7.41506E-3 6.26989E-3 6.19926E-3 4.84968E-3 3.78515E-3 3.16489E-3 3.23976E-3 3.6307E-3 3.85832E-3 2.83721E-3 2.48041E-3 2.42568E-3 2.85116E-3 4.0491E-3 4.02082E-3 2.25969E-3 2.30306E-3 3.03251E-3 1.89782E-3 2.10412E-3 2.06108E-3 2.08287E-3 2.02653E-3 2.30269E-3 2.0737E-3 1.69113E-3 1.85141E-3 1.97684E-3 1.97802E-3 2.23201E-3 2.78846E-3 2.85945E-3 2.6618E-3 2.88939E-3 2.60319E-3 2.22881E-3 1.83693E-3 2.74325E-3 3.56344E-3 3.15654E-3 2.5637E-3 3.05357E-3 2.46047E-3 2.31354E-3 2.7031E-3 2.27479E-3 2.47287E-3 3.46207E-3 2.72779E-3 2.5518E-3 2.69124E-3 2.76309E-3 2.98149E-3 2.65814E-3 2.27544E-3 2.66774E-3
1.02598E-2 1.00217E-2 1.09848E-2 1.01764E-2 8.607E-3 1.00583E-2 9.37018E-3 8.02654E-3 5.96582E-3 5.89358E-3 5.12304E-3 4.30945E-3 3.55815E-3 3.14384E-3 3.64465E-3 3.09669E-3 2.86837E-3 2.60501E-3 3.83281E-3 3.86059E-3 3.77923E-3 2.35439E-3 2.64131E-3 1.95903E-3 2.30553E-3 2.87287E-3 2.75391E-3 2.33374E-3 1.82609E-3 1.94594E-3 1.78803E-3 1.86058E-3 1.96087E-3 1.99533E-3 1.98665E-3 2.16655E-3 2.25319E-3 2.36078E-3 2.63539E-3 3.26778E-3 3.58129E-3 2.99893E-3 2.19027E-3 3.54581E-3 3.27321E-3 3.25745E-3 3.27744E-3 2.88237E-3 2.69697E-3 2.524E-3 3.19686E-3 2.62219E-3 2.61696E-3 3.73136E-3 3.26866E-3 3.06145E-3 2.94233E-3 2.46521E-3 3.37834E-3 2.77667E-3 2.54734E-3
1.26151E-2 1.12306E-2 1.01325E-2 9.68314E-3 9.50957E-3 8.86159E-3 9.48308E-3 9.87522E-3 8.94275E-3 7.13089E-3 6.14618E-3 5.86217E-3 4.83244E-3 4.71868E-3 2.91296E-3 3.65134E-3 3.23329E-3 2.58815E-3 4.06949E-3 4.02441E-3 3.47466E-3 3.16268E-3 3.21133E-3 1.94143E-3 2.04507E-3 2.63852E-3 3.25095E-3 2.95409E-3 1.83826E-3 1.79945E-3 1.78902E-3 1.81256E-3 1.85249E-3 1.97802E-3 2.00404E-3 2.58842E-3 2.798E-3 3.1723E-3 3.18522E-3 3.06095E-3 3.42902E-3 2.76998E-3 3.48059E-3 2.68054E-3 3.63288E-3 3.66501E-3 3.08102E-3 3.55506E-3 3.89172E-3 4.1159E-3 3.05521E-3 2.71485E-3 3.38914E-3 2.93064E-3 3.06596E-3 3.50129E-3 3.20614E-3 3.2098E-3 2.65525E-3 2.85625E-3 2.90876E-3
1.27666E-2 1.35054E-2 1.12153E-2 9.24364E-3 8.16907E-3 8.37929E-3 1.05653E-2 9.5462E-3 9.53027E-3 8.7654E-3 7.7556E-3 7.36358E-3 7.15449E-3 5.19753E-3 3.2064E-3 3.31338E-3 3.68596E-3 3.03608E-3 2.51878E-3 2.46341E-3 3.98794E-3 3.73538E-3 3.02283E-3 2.08052E-3 2.56003E-3 1.97712E-3 2.60456E-3 2.70803E-3 1.92268E-3 1.90685E-3 2.04927E-3 2.02913E-3 1.88615E-3 1.94496E-3 1.91969E-3 1.92808E-3 1.96199E-3 2.36563E-3 2.69403E-3 3.58214E-3 2.65914E-3 2.65223E-3 3.58943E-3 4.22657E-3 3.74424E-3 3.13029E-3 2.58698E-3 2.43538E-3 2.65207E-3 2.97748E-3 2.82889E-3 3.81681E-3 3.25522E-3 2.79757E-3 3.38655E-3 2.83812E-3 2.7012E-3 2.8208E-3 2.87162E-3 2.98358E-3 3.08225E-3
6.89582E-3 9.67044E-3 1.35839E-2 8.52393E-3 6.57025E-3 6.29747E-3 5.86487E-3 5.95461E-3 7.56117E-3 8.59657E-3 8.43952E-3 8.24823E-3 7.51349E-3 5.85744E-3 5.40553E-3 4.66547E-3 2.76581E-3 3.3222E-3 3.32289E-3 2.64605E-3 2.59131E-3 4.14914E-3 3.21125E-3 2.56807E-3 2.65443E-3 2.71584E-3 2.02997E-3 2.45849E-3 1.98922E-3 1.86392E-3 2.33761E-3 2.1428E-3 2.44269E-3 2.33698E-3 2.40248E-3 2.24759E-3 2.08074E-3 1.96942E-3 1.98781E-3 2.15043E-3 2.5683E-3 2.36244E-3 2.37595E-3 3.68298E-3 3.71205E-3 3.64402E-3 4.36847E-3 4.01296E-3 3.83368E-3 2.82529E-3 3.02963E-3 3.46348E-3 2.89545E-3 3.83965E-3 3.78017E-3 3.788E-3 3.45065E-3 3.30075E-3 3.39013E-3 2.9193E-3 3.17427E-3
9.91938E-3 5.97098E-3 1.04839E-2 8.30733E-3 1.09518E-2 1.13977E-2 8.8634E-3 5.51419E-3 5.77816E-3 6.46326E-3 5.93281E-3 8.28299E-3 7.98512E-3 7.06707E-3 6.39355E-3 5.29305E-3 3.54487E-3 3.52351E-3 3.73379E-3 3.24572E-3 2.65367E-3 3.19043E-3 3.32041E-3 3.32102E-3 2.38291E-3 2.73007E-3 2.15268E-3 2.50049E-3 1.79182E-3 1.90227E-3 1.9499E-3 2.19034E-3 3.39144E-3 3.15473E-3 2.928E-3 2.96917E-3 2.36352E-3 2.459E-3 2.55732E-3 2.35923E-3 3.34497E-3 4.43958E-3 4.39452E-3 2.97869E-3 4.42312E-3 4.01384E-3 4.29773E-3 3.85318E-3 3.48686E-3 3.12905E-3 3.20571E-3 3.54079E-3 3.79237E-3 3.77895E-3 3.77642E-3 4.2273E-3 3.76439E-3 3.10346E-3 3.86239E-3 3.35927E-3 3.32675E-3
9.67852E-3 6.12089E-3 6.1661E-3 6.04493E-3 6.69899E-3 9.43437E-3 1.11965E-2 8.08801E-3 5.74501E-3 6.25302E-3 6.03803E-3 5.59081E-3 5.8325E-3 6.46596E-3 6.47192E-3 5.71286E-3 4.87779E-3 4.14598E-3 3.08963E-3 3.47131E-3 3.29784E-3 3.25995E-3 4.11108E-3 3.37652E-3 2.92857E-3 2.30507E-3 2.24711E-3 2.41175E-3 1.91587E-3 1.93797E-3 1.99303E-3 2.36004E-3 3.49786E-3 3.77175E-3 3.6544E-3 4.11425E-3 3.94928E-3 4.1353E-3 3.3087E-3 2.61767E-3 3.14834E-3 3.43201E-3 3.03175E-3 3.18331E-3 4.72875E-3 4.36599E-3 4.28852E-3 4.31962E-3 4.06268E-3 4.54122E-3 4.96397E-3 4.2605E-3 4.12606E-3 3.59967E-3 4.25903E-3 4.46637E-3 3.93697E-3 4.42241E-3 3.76099E-3 3.58868E-3 3.39622E-3
9.3574E-3 9.15223E-3 7.10142E-3 7.11274E-3 6.62456E-3 6.46173E-3 9.76346E-3 7.60118E-3 5.28112E-3 5.62185E-3 8.06527E-3 6.13019E-3 4.50588E-3 5.05565E-3 6.44537E-3 6.28262E-3 5.48497E-3 4.34168E-3 3.20438E-3 3.97298E-3 3.38018E-3 3.01206E-3 3.69902E-3 3.08121E-3 3.03038E-3 2.72418E-3 2.82181E-3 2.3998E-3 1.82918E-3 1.96871E-3 1.99653E-3 2.34153E-3 3.44215E-3 2.98252E-3 3.20222E-3 4.61607E-3 4.72707E-3 4.54063E-3 3.6475E-3 4.53602E-3 4.17428E-3 3.72905E-3 3.46832E-3 3.82002E-3 3.53069E-3 5.20352E-3 5.1772E-3 3.90138E-3 3.57997E-3 3.80674E-3 4.62661E-3 5.06056E-3 4.36919E-3 5.07312E-3 5.26488E-3 4.37271E-3 5.11342E-3 4.65118E-3 3.95125E-3 4.19421E-3 4.09382E-3
8.4568E-3 7.95648E-3 8.44344E-3 9.07273E-3 8.87115E-3 7.74638E-3 7.26382E-3 9.04832E-3 7.75904E-3 5.62672E-3 6.15691E-3 8.58589E-3 6.72729E-3 4.16465E-3 4.47442E-3 7.16249E-3 5.79936E-3 4.73039E-3 3.05647E-3 2.83972E-3 3.45445E-3 3.1237E-3 2.92046E-3 2.96951E-3 2.70934E-3 3.10379E-3 2.4813E-3 2.76431E-3 2.1661E-3 2.20783E-3 2.43985E-3 3.063E-3 3.09675E-3 2.50846E-3 2.64016E-3 2.82259E-3 4.65715E-3 3.86027E-3 3.73541E-3 3.86112E-3 4.69501E-3 3.85341E-3 3.55197E-3 4.91479E-3 5.28266E-3 4.69858E-3 5.98389E-3 4.22049E-3 4.66962E-3 4.4008E-3 5.02385E-3 4.80509E-3 3.85437E-3 4.49955E-3 4.31944E-3 4.29047E-3 4.81555E-3 4.80396E-3 4.16612E-3 4.88284E-3 3.62892E-3
7.91726E-3 7.92534E-3 1.01641E-2 9.96037E-3 1.00511E-2 9.86795E-3 8.91E-3 8.3359E-3 5.85978E-3 5.90445E-3 8.10697E-3 8.03933E-3 6.43778E-3 4.90839E-3 4.97993E-3 4.74598E-3 5.82432E-3 5.16164E-3 4.06283E-3 3.0743E-3 3.50465E-3 2.82066E-3 2.96381E-3 3.78031E-3 2.80287E-3 2.51823E-3 2.33485E-3 2.6948E-3 2.3518E-3 2.57512E-3 3.38227E-3 4.48062E-3 4.63532E-3 4.68037E-3 4.1706E-3 4.33088E-3 3.31377E-3 3.75384E-3 3.64621E-3 5.25322E-3 4.3245E-3 5.40022E-3 3.9993E-3 6.01509E-3 7.31872E-3 6.71388E-3 4.97086E-3 5.89081E-3 7.88071E-3 7.35059E-3 6.75603E-3 6.5E-3 6.32887E-3 5.42722E-3 5.35715E-3 5.24812E-3 4.80152E-3 4.32004E-3 4.57E-3 4.95423E-3 4.23119E-3
