Artocarpus heterophyllus SDM files/MIS19/results (without bias file)/Arthet_avg.asc
ncols         625
nrows         721
xllcorner     69.99986311115
yllcorner     5.99986187915
cellsize      0.041666667
NODATA_value  -9999
[rows 351 to 377 of 721, columns 549 to 609 of 625]
3.19246E-1 3.07452E-1 3.27864E-1 3.88953E-1 3.11824E-1 3.00939E-1 3.24766E-1 3.39011E-1 3.10889E-1 5.75287E-1 3.01502E-1 2.67548E-1 5.87331E-1 3.29036E-1 4.06154E-1 5.22594E-1 5.16377E-1 2.55262E-1 4.91925E-1 4.72886E-1 3.69296E-1 8.64704E-2 8.45316E-2 9.44165E-2 4.19323E-1 4.16231E-1 4.33063E-1 4.05626E-1 3.78257E-1 3.74873E-1 3.50907E-1 3.27806E-1 3.25911E-1 3.42701E-1 3.25858E-1 3.34619E-1 2.92308E-1 2.82248E-1 3.02642E-1 3.34692E-1 3.09995E-1 2.53138E-1 2.91975E-1 3.35058E-1 3.20788E-1 2.88648E-1 2.70805E-1 2.8386E-1 2.87537E-1 3.033E-1 3.26055E-1 3.18573E-1 2.7626E-1 2.89032E-1 2.68005E-1 2.21801E-1 2.18453E-1 2.26338E-1 2.37226E-1 2.46432E-1 2.86621E-1
3.06958E-1 2.91889E-1 2.92836E-1 2.96658E-1 3.08555E-1 2.87929E-1 2.96929E-1 3.11417E-1 2.9155E-1 3.33802E-1 3.14205E-1 2.53672E-1 3.51226E-1 5.23756E-1 5.43897E-1 3.52912E-1 2.96741E-1 2.51001E-1 3.54717E-1 4.62536E-1 3.99806E-1 9.55265E-2 4.05987E-1 4.42696E-1 4.52315E-1 4.40707E-1 4.44707E-1 4.14723E-1 4.00182E-1 3.7382E-1 4.02042E-1 3.21848E-1 3.17773E-1 3.6151E-1 3.77508E-1 3.17291E-1 2.76546E-1 2.88591E-1 3.37458E-1 3.29576E-1 2.86162E-1 2.63683E-1 2.33717E-1 3.53939E-1 3.42132E-1 2.8445E-1 2.57441E-1 2.58466E-1 2.79329E-1 2.80467E-1 2.79562E-1 2.94093E-1 2.81913E-1 2.54196E-1 2.34606E-1 1.97827E-1 2.07252E-1 2.17896E-1 2.35879E-1 2.37869E-1 2.8087E-1
2.85982E-1 3.08818E-1 3.33416E-1 3.0601E-1 3.31901E-1 3.11658E-1 3.21335E-1 3.24229E-1 3.72925E-1 3.10809E-1 2.99237E-1 3.524E-1 3.35152E-1 5.76001E-1 4.2225E-1 4.93508E-1 3.63841E-1 3.05475E-1 4.65307E-1 4.54398E-1 4.68721E-1 4.46035E-1 1.01393E-1 1.21716E-1 4.37687E-1 4.22151E-1 4.26976E-1 4.27407E-1 4.0762E-1 3.52179E-1 3.52409E-1 3.35173E-1 3.38194E-1 2.93315E-1 3.55064E-1 3.23557E-1 2.93337E-1 3.23158E-1 3.43324E-1 3.24019E-1 2.70367E-1 2.46958E-1 2.25917E-1 2.87085E-1 3.53995E-1 2.37018E-1 2.41721E-1 2.54221E-1 2.71173E-1 2.57958E-1 2.34927E-1 2.24226E-1 2.15234E-1 2.05782E-1 2.19376E-1 2.15955E-1 2.17809E-1 2.15868E-1 2.33679E-1 2.29291E-1 2.40151E-1
2.97292E-1 2.91364E-1 3.07117E-1 3.23815E-1 3.05302E-1 2.93716E-1 3.20492E-1 2.83928E-1 3.65937E-1 3.69155E-1 2.99145E-1 4.14501E-1 2.78834E-1 5.80359E-1 4.15785E-1 5.66385E-1 5.20149E-1 3.31347E-1 3.05971E-1 5.12795E-1 4.74483E-1 4.46139E-1 9.38532E-2 1.10251E-1 1.00312E-1 9.62639E-2 4.23253E-1 4.34196E-1 4.01169E-1 3.81079E-1 3.31159E-1 3.4952E-1 3.01377E-1 3.04902E-1 3.16088E-1 3.19518E-1 3.19342E-1 3.59637E-1 3.6702E-1 3.22157E-1 2.82932E-1 2.49308E-1 2.20066E-1 2.70022E-1 3.5758E-1 2.5245E-1 2.02346E-1 2.3341E-1 2.49729E-1 2.32272E-1 2.17493E-1 2.05782E-1 2.21549E-1 2.28158E-1 2.42733E-1 2.37189E-1 2.29968E-1 2.3658E-1 2.29772E-1 2.31838E-1 2.28865E-1
2.96967E-1 2.89088E-1 3.07359E-1 3.25379E-1 3.54984E-1 3.10774E-1 3.29661E-1 3.69302E-1 3.54675E-1 3.19135E-1 4.32146E-1 5.56656E-1 2.84385E-1 3.86893E-1 4.20414E-1 5.20729E-1 3.95627E-1 5.5039E-1 5.06014E-1 3.17539E-1 4.26491E-1 4.4181E-1 3.81553E-1 9.94453E-2 6.62902E-2 6.82974E-2 8.97857E-2 3.71665E-1 3.93589E-1 4.02283E-1 3.79576E-1 3.75354E-1 3.31698E-1 3.55253E-1 3.51249E-1 3.2703E-1 3.27011E-1 4.00122E-1 3.96267E-1 3.17613E-1 2.98067E-1 2.48777E-1 2.28718E-1 2.39859E-1 3.1886E-1 3.05594E-1 1.95661E-1 2.08018E-1 2.23012E-1 2.05412E-1 2.10593E-1 2.13823E-1 2.2978E-1 2.58133E-1 2.56583E-1 2.54577E-1 2.44957E-1 2.48722E-1 2.46203E-1 2.34535E-1 2.19541E-1
3.19183E-1 2.80126E-1 2.9723E-1 3.04959E-1 3.17183E-1 3.07831E-1 3.25935E-1 3.50979E-1 3.11735E-1 3.11608E-1 5.74132E-1 5.59507E-1 3.91333E-1 5.96475E-1 3.77389E-1 5.63652E-1 3.1968E-1 3.13936E-1 5.32737E-1 4.88959E-1 4.78087E-1 4.66816E-1 4.13745E-1 4.00808E-1 7.68815E-2 9.5724E-2 3.69927E-1 4.18732E-1 4.24666E-1 4.15228E-1 3.73668E-1 3.91156E-1 3.41111E-1 3.18132E-1 3.7465E-1 3.16937E-1 3.43867E-1 4.1155E-1 3.9613E-1 3.36946E-1 3.07467E-1 2.48998E-1 2.24066E-1 2.22408E-1 2.86853E-1 3.07101E-1 1.84606E-1 2.21948E-1 2.41676E-1 2.43511E-1 2.38383E-1 2.45947E-1 2.27789E-1 2.40968E-1 2.7513E-1 2.73761E-1 2.83257E-1 2.60262E-1 2.28939E-1 2.22545E-1 2.23515E-1
3.0667E-1 3.06953E-1 2.82969E-1 2.89175E-1 3.11071E-1 3.15735E-1 3.36487E-1 4.15467E-1 3.98895E-1 2.93232E-1 4.51365E-1 3.55323E-1 5.68782E-1 4.04397E-1 5.53819E-1 5.95754E-1 5.75096E-1 3.81319E-1 3.41014E-1 4.87273E-1 5.00594E-1 4.91457E-1 4.43355E-1 4.38287E-1 1.022E-1 8.40204E-2 8.8912E-2 3.80474E-1 4.12396E-1 4.11026E-1 3.53025E-1 3.82606E-1 3.59445E-1 3.70948E-1 3.55308E-1 3.10977E-1 3.40657E-1 3.93184E-1 3.68495E-1 3.46745E-1 3.02699E-1 2.5208E-1 2.31795E-1 2.31465E-1 2.55693E-1 2.97228E-1 2.00219E-1 2.30072E-1 2.62691E-1 2.84469E-1 2.79361E-1 2.79197E-1 2.55556E-1 2.33094E-1 2.0966E-1 2.27572E-1 1.97404E-1 1.85322E-1 1.91544E-1 2.01851E-1 2.18122E-1
2.81947E-1 3.17905E-1 2.8095E-1 3.04682E-1 3.59847E-1 3.23604E-1 3.22384E-1 3.84217E-1 3.07112E-1 2.94921E-1 4.53668E-1 4.48995E-1 5.80564E-1 4.46656E-1 6.06383E-1 5.55419E-1 3.3966E-1 3.71857E-1 3.23269E-1 3.34098E-1 4.35624E-1 5.0652E-1 4.64583E-1 3.00122E-1 3.24197E-1 3.87669E-1 4.19602E-1 4.0188E-1 4.09264E-1 4.06324E-1 3.7849E-1 3.92781E-1 3.59828E-1 3.96515E-1 3.55153E-1 3.27308E-1 3.35148E-1 3.48113E-1 3.62632E-1 3.53508E-1 3.44144E-1 2.8203E-1 2.29622E-1 2.24451E-1 2.43534E-1 3.08183E-1 1.96826E-1 2.32272E-1 2.57435E-1 2.88077E-1 2.96188E-1 2.96691E-1 2.97156E-1 2.45394E-1 2.14417E-1 2.03231E-1 2.14186E-1 2.09169E-1 1.97392E-1 2.10193E-1 2.14889E-1
2.83532E-1 3.05431E-1 3.01784E-1 2.94398E-1 3.18636E-1 3.03553E-1 3.80337E-1 3.87818E-1 3.37298E-1 3.15338E-1 3.19715E-1 4.60121E-1 4.17613E-1 5.69912E-1 3.968E-1 5.83438E-1 5.52408E-1 3.93404E-1 3.57168E-1 4.58753E-1 3.3968E-1 5.25497E-1 4.47721E-1 4.24045E-1 4.16748E-1 4.55403E-1 4.36592E-1 4.27988E-1 4.55766E-1 4.00669E-1 3.88469E-1 3.71515E-1 3.70221E-1 3.76203E-1 3.77343E-1 3.60247E-1 3.15112E-1 3.42072E-1 3.05547E-1 2.99453E-1 3.04675E-1 2.95122E-1 2.37343E-1 2.28061E-1 2.20999E-1 2.73493E-1 2.10091E-1 2.281E-1 2.87814E-1 2.90097E-1 2.96641E-1 2.90361E-1 2.87645E-1 2.69192E-1 2.24127E-1 2.22823E-1 2.07723E-1 2.03333E-1 2.1515E-1 2.56697E-1 2.04788E-1
2.9139E-1 2.99658E-1 3.04291E-1 2.87811E-1 3.01866E-1 2.94203E-1 3.83152E-1 3.94711E-1 3.2479E-1 3.55265E-1 2.96116E-1 4.63495E-1 3.59427E-1 3.62969E-1 3.84659E-1 5.59315E-1 5.42329E-1 5.68561E-1 5.27395E-1 5.13345E-1 3.71186E-1 4.98119E-1 4.81757E-1 4.45993E-1 4.20001E-1 4.79296E-1 4.66379E-1 4.37976E-1 4.07581E-1 3.96834E-1 3.82277E-1 3.78005E-1 3.64321E-1 3.94033E-1 3.67104E-1 3.91258E-1 3.35582E-1 3.60649E-1 3.22451E-1 2.70752E-1 2.44542E-1 2.38707E-1 2.24715E-1 2.25525E-1 2.38767E-1 2.35408E-1 2.37338E-1 2.14284E-1 2.86286E-1 2.68065E-1 2.92647E-1 3.03996E-1 2.82649E-1 2.87637E-1 2.69758E-1 2.19027E-1 2.10493E-1 2.01156E-1 2.16214E-1 2.00484E-1 2.00167E-1
2.97872E-1 2.94232E-1 3.07015E-1 2.82695E-1 3.00233E-1 3.04241E-1 3.25387E-1 3.76786E-1 3.36245E-1 2.87629E-1 2.88614E-1 4.67196E-1 4.05799E-1 3.07373E-1 4.08212E-1 4.40821E-1 5.30595E-1 4.04153E-1 5.1456E-1 5.17405E-1 5.64392E-1 5.62163E-1 4.89425E-1 4.77476E-1 4.34017E-1 4.71927E-1 4.72054E-1 4.51377E-1 4.66432E-1 4.28067E-1 4.16714E-1 4.13343E-1 3.44507E-1 4.24742E-1 4.52161E-1 3.93593E-1 3.47638E-1 3.41334E-1 3.83302E-1 3.50809E-1 3.27158E-1 3.44128E-1 2.78172E-1 2.22633E-1 2.43701E-1 2.22241E-1 2.45158E-1 1.99858E-1 2.70745E-1 2.77013E-1 2.7964E-1 2.94955E-1 2.53192E-1 2.89699E-1 2.89865E-1 2.30482E-1 2.28814E-1 2.16508E-1 2.09667E-1 2.0859E-1 2.34125E-1
3.28836E-1 2.8743E-1 2.93399E-1 2.95423E-1 3.0342E-1 2.95993E-1 3.18743E-1 4.00686E-1 3.24169E-1 3.34372E-1 2.77926E-1 4.21093E-1 4.15447E-1 2.83262E-1 3.64871E-1 3.75055E-1 3.77222E-1 3.64596E-1 3.74247E-1 3.49604E-1 5.33447E-1 5.35705E-1 5.15039E-1 4.50862E-1 4.75902E-1 5.05276E-1 4.76999E-1 4.80226E-1 4.34929E-1 4.46069E-1 4.24764E-1 4.25224E-1 4.22918E-1 3.64414E-1 4.56701E-1 4.07346E-1 3.37022E-1 3.48045E-1 4.08561E-1 3.57293E-1 2.68357E-1 2.79784E-1 2.81124E-1 2.4581E-1 2.6316E-1 2.45395E-1 2.13542E-1 2.11718E-1 2.9465E-1 2.84106E-1 2.56182E-1 3.05699E-1 2.83382E-1 2.65058E-1 2.6667E-1 2.95894E-1 3.69783E-1 3.3166E-1 2.94195E-1 3.25558E-1 2.74385E-1
3.38377E-1 2.98363E-1 3.03071E-1 2.99645E-1 2.95971E-1 3.06989E-1 3.18547E-1 3.77856E-1 3.49068E-1 3.9025E-1 3.54814E-1 4.10334E-1 4.10778E-1 3.87635E-1 3.37069E-1 3.95446E-1 3.98846E-1 3.757E-1 3.8807E-1 3.53171E-1 5.56445E-1 5.43206E-1 5.28747E-1 4.74873E-1 4.80924E-1 5.10505E-1 4.81999E-1 4.54353E-1 4.22439E-1 4.89217E-1 4.4442E-1 4.47451E-1 4.25535E-1 4.05384E-1 3.95823E-1 4.09946E-1 3.32737E-1 3.32928E-1 3.70557E-1 3.70727E-1 3.10986E-1 2.49338E-1 2.41957E-1 2.64798E-1 2.81147E-1 2.32198E-1 2.29421E-1 2.5651E-1 2.42591E-1 2.09099E-1 2.18344E-1 2.53402E-1 2.51847E-1 2.45044E-1 2.3339E-1 2.313E-1 3.11571E-1 3.13972E-1 2.92983E-1 2.86211E-1 3.29188E-1
3.45511E-1 3.20735E-1 2.97308E-1 3.04086E-1 2.9575E-1 3.10467E-1 3.06468E-1 3.32396E-1 4.0956E-1 4.00512E-1 3.99866E-1 4.2756E-1 4.44772E-1 3.7411E-1 4.06478E-1 4.34672E-1 5.34316E-1 5.41526E-1 5.62156E-1 3.76839E-1 3.70114E-1 5.59936E-1 5.23724E-1 5.35212E-1 4.79084E-1 5.0843E-1 5.26889E-1 4.67575E-1 4.25684E-1 4.64476E-1 4.60757E-1 4.03723E-1 4.41095E-1 4.70029E-1 4.0687E-1 3.61433E-1 3.2533E-1 3.40795E-1 3.69327E-1 3.43585E-1 2.93005E-1 3.02418E-1 2.61413E-1 2.46822E-1 2.45333E-1 2.17983E-1 2.59712E-1 2.64255E-1 2.87097E-1 2.9434E-1 2.21289E-1 2.43693E-1 2.51484E-1 2.51663E-1 2.3949E-1 2.0185E-1 2.13376E-1 2.72263E-1 2.5532E-1 2.60358E-1 3.35134E-1
3.41376E-1 3.3712E-1 3.10191E-1 3.16349E-1 3.09793E-1 2.92905E-1 3.06468E-1 3.19898E-1 4.01389E-1 3.40253E-1 4.00927E-1 3.56684E-1 4.23517E-1 3.9923E-1 4.33599E-1 4.09771E-1 5.86538E-1 5.72305E-1 5.67269E-1 5.49579E-1 3.74456E-1 5.44814E-1 5.7773E-1 5.46343E-1 5.29929E-1 4.90108E-1 4.79772E-1 4.82729E-1 4.38865E-1 4.27853E-1 4.75908E-1 4.45751E-1 4.23698E-1 5.23622E-1 4.82195E-1 4.35626E-1 3.5055E-1 3.37399E-1 3.70437E-1 3.59799E-1 2.64335E-1 2.61512E-1 2.075E-1 2.27515E-1 2.37114E-1 2.87479E-1 2.96852E-1 2.75971E-1 2.71192E-1 2.88732E-1 2.8434E-1 2.43085E-1 2.33324E-1 2.30381E-1 2.21597E-1 1.94346E-1 1.92404E-1 2.16774E-1 2.4264E-1 2.60001E-1 2.91129E-1
3.35149E-1 3.42653E-1 3.02222E-1 3.1089E-1 3.03789E-1 3.03562E-1 3.10623E-1 3.28983E-1 3.60966E-1 4.01469E-1 3.00839E-1 4.01253E-1 4.27218E-1 4.04138E-1 3.99871E-1 3.82887E-1 4.28176E-1 3.68173E-1 5.93626E-1 3.93983E-1 3.66122E-1 3.67678E-1 3.77643E-1 5.39302E-1 5.33763E-1 5.21E-1 5.00562E-1 5.1874E-1 4.71011E-1 4.06637E-1 4.43195E-1 4.55884E-1 4.72692E-1 5.402E-1 4.52431E-1 4.68572E-1 3.93839E-1 3.27956E-1 3.86478E-1 3.97721E-1 3.08296E-1 2.38154E-1 2.26248E-1 2.33155E-1 2.35057E-1 2.8092E-1 3.04217E-1 2.65907E-1 2.24528E-1 2.05164E-1 1.81653E-1 1.69107E-1 2.01253E-1 2.18524E-1 2.27666E-1 2.25889E-1 1.92827E-1 2.5384E-1 2.50349E-1 2.34703E-1 2.71236E-1
3.08087E-1 3.35244E-1 3.03207E-1 3.13451E-1 3.05862E-1 3.34244E-1 3.03034E-1 3.16556E-1 3.52329E-1 3.5408E-1 3.04399E-1 3.70371E-1 4.23231E-1 4.24742E-1 3.0904E-1 3.7024E-1 3.60701E-1 3.33728E-1 4.07072E-1 3.92443E-1 3.84471E-1 3.54256E-1 3.96443E-1 5.73422E-1 5.61468E-1 5.65031E-1 5.37317E-1 5.30189E-1 5.17138E-1 4.57229E-1 5.41077E-1 4.73114E-1 5.14352E-1 5.16243E-1 4.82507E-1 4.34615E-1 4.05996E-1 3.21694E-1 3.71511E-1 3.88265E-1 3.39964E-1 3.45669E-1 2.33011E-1 2.38963E-1 2.30035E-1 2.81772E-1 3.09016E-1 2.76974E-1 2.58096E-1 2.42219E-1 2.07355E-1 1.87361E-1 1.81332E-1 2.06577E-1 2.02763E-1 2.0492E-1 1.8631E-1 1.98757E-1 2.0981E-1 2.13309E-1 2.18609E-1
3.13188E-1 3.0491E-1 3.13812E-1 3.159E-1 3.19159E-1 3.36332E-1 3.06211E-1 3.22548E-1 3.7069E-1 3.25284E-1 3.48563E-1 3.14718E-1 4.39875E-1 4.30245E-1 4.3051E-1 3.80549E-1 3.85355E-1 4.06109E-1 4.15443E-1 5.2449E-1 3.83693E-1 4.01935E-1 3.84078E-1 3.8934E-1 5.34491E-1 5.38806E-1 5.07356E-1 5.01574E-1 4.99835E-1 4.58124E-1 4.86653E-1 5.39816E-1 5.45396E-1 5.04419E-1 5.36768E-1 3.84115E-1 3.95095E-1 3.55913E-1 3.43991E-1 3.73081E-1 3.55209E-1 3.0265E-1 2.7313E-1 2.44698E-1 2.46059E-1 2.60723E-1 2.98621E-1 2.67016E-1 2.89435E-1 2.90163E-1 2.60815E-1 2.46081E-1 2.13228E-1 1.98472E-1 1.97664E-1 1.87625E-1 1.71935E-1 1.57067E-1 2.06643E-1 1.74297E-1 1.97265E-1
3.35309E-1 3.23446E-1 3.17921E-1 3.11248E-1 3.12274E-1 3.1452E-1 3.35284E-1 3.40357E-1 3.8247E-1 3.48874E-1 3.46545E-1 3.06988E-1 4.42781E-1 3.74041E-1 4.16609E-1 4.08501E-1 4.22247E-1 3.17554E-1 4.03075E-1 3.9713E-1 5.20386E-1 5.47529E-1 5.33517E-1 3.80008E-1 5.60687E-1 5.18432E-1 5.32745E-1 5.58388E-1 5.49688E-1 5.20656E-1 5.15544E-1 5.37062E-1 5.38691E-1 5.62981E-1 5.76953E-1 4.36915E-1 3.96442E-1 3.35516E-1 3.33007E-1 3.51197E-1 3.38735E-1 3.13145E-1 2.76521E-1 2.47793E-1 2.39249E-1 2.27742E-1 2.64149E-1 2.66386E-1 2.88167E-1 2.90965E-1 2.59097E-1 2.43238E-1 2.1209E-1 1.8682E-1 1.50393E-1 1.45673E-1 1.55469E-1 1.79773E-1 2.09659E-1 2.56891E-1 2.35153E-1
2.07008E-1 3.33266E-1 3.11998E-1 3.20823E-1 3.24732E-1 3.19089E-1 3.35816E-1 3.50259E-1 3.94244E-1 3.91984E-1 3.49515E-1 3.04997E-1 3.93788E-1 3.90592E-1 3.56311E-1 4.21353E-1 4.20961E-1 4.20888E-1 4.32955E-1 5.58347E-1 5.95968E-1 5.78378E-1 5.41572E-1 4.25693E-1 5.83227E-1 5.6358E-1 5.52968E-1 5.61162E-1 5.33691E-1 5.23085E-1 5.53817E-1 5.18778E-1 5.1273E-1 5.66838E-1 5.9445E-1 4.65267E-1 3.97805E-1 3.49226E-1 3.30484E-1 3.01583E-1 2.91957E-1 2.6999E-1 2.59985E-1 2.59075E-1 2.55451E-1 2.15099E-1 2.5178E-1 2.54734E-1 2.59042E-1 2.5517E-1 2.29981E-1 2.05623E-1 1.77682E-1 1.55605E-1 1.91477E-1 2.13757E-1 2.21122E-1 2.16903E-1 1.90663E-1 2.66146E-1 2.17861E-1
1.98495E-1 2.76977E-1 3.24646E-1 3.21975E-1 3.13817E-1 3.23256E-1 3.3982E-1 3.52873E-1 3.68711E-1 3.64472E-1 3.71661E-1 3.08397E-1 3.67156E-1 4.04885E-1 3.71084E-1 4.46268E-1 3.84979E-1 4.3058E-1 3.43292E-1 6.01477E-1 5.78694E-1 3.82858E-1 5.5682E-1 3.97894E-1 3.72083E-1 4.03615E-1 5.61475E-1 5.49942E-1 5.59406E-1 5.35292E-1 5.07698E-1 5.36696E-1 4.98098E-1 5.56204E-1 6.23015E-1 4.86373E-1 3.95029E-1 3.74877E-1 3.67201E-1 3.30465E-1 3.06035E-1 2.84455E-1 2.73449E-1 2.6278E-1 2.45061E-1 2.27119E-1 2.28273E-1 2.43916E-1 2.52842E-1 2.45675E-1 2.01119E-1 1.76588E-1 1.64157E-1 1.78618E-1 1.93106E-1 1.76549E-1 2.49082E-1 2.5513E-1 2.3777E-1 2.60321E-1 2.02646E-1
2.03849E-1 2.3979E-1 2.88393E-1 3.21947E-1 3.1565E-1 3.2639E-1 3.19394E-1 3.37823E-1 3.44353E-1 3.64075E-1 3.85348E-1 3.15703E-1 3.70487E-1 4.16131E-1 3.85919E-1 3.13418E-1 3.5805E-1 4.37721E-1 3.84821E-1 4.13919E-1 5.39739E-1 3.91483E-1 5.28355E-1 3.87834E-1 3.57409E-1 3.90429E-1 5.55272E-1 5.46655E-1 5.4721E-1 5.21653E-1 4.9307E-1 5.68622E-1 4.89213E-1 5.57945E-1 6.08078E-1 5.12838E-1 4.10864E-1 3.78538E-1 3.69159E-1 3.42716E-1 3.3485E-1 3.01707E-1 2.85521E-1 2.78316E-1 2.46418E-1 2.28506E-1 2.22431E-1 2.12856E-1 2.10001E-1 1.9799E-1 1.59009E-1 1.74278E-1 2.23424E-1 2.45558E-1 2.53593E-1 2.34189E-1 2.38605E-1 2.64418E-1 2.3756E-1 2.59094E-1 2.68772E-1
1.95479E-1 2.08516E-1 2.51148E-1 3.38281E-1 3.21368E-1 3.06614E-1 3.23797E-1 3.41957E-1 3.45794E-1 3.68717E-1 3.57978E-1 3.52361E-1 3.31807E-1 3.61445E-1 4.17434E-1 3.43919E-1 4.03207E-1 3.7847E-1 3.38112E-1 3.08145E-1 5.45703E-1 4.0607E-1 5.20797E-1 3.99314E-1 5.00515E-1 3.73245E-1 4.02489E-1 5.4262E-1 5.49086E-1 5.37262E-1 5.28945E-1 6.03264E-1 5.22469E-1 5.48122E-1 6.30253E-1 5.4691E-1 4.55308E-1 4.22599E-1 4.22948E-1 3.90312E-1 3.65864E-1 3.32325E-1 2.96063E-1 2.67756E-1 2.73532E-1 2.3272E-1 2.26746E-1 2.08411E-1 2.41452E-1 1.83628E-1 1.66768E-1 1.82241E-1 2.03484E-1 2.2999E-1 2.48498E-1 2.20061E-1 2.23378E-1 2.42222E-1 2.14366E-1 2.29103E-1 2.44176E-1
2.02078E-1 2.02699E-1 2.0532E-1 3.46198E-1 3.52336E-1 3.21595E-1 3.53757E-1 3.45152E-1 3.41329E-1 3.72192E-1 3.64832E-1 3.72968E-1 3.1413E-1 3.43683E-1 4.12946E-1 3.55732E-1 4.30825E-1 3.60223E-1 4.11012E-1 3.42085E-1 4.39971E-1 3.87423E-1 4.07854E-1 3.94723E-1 5.05045E-1 3.95113E-1 4.0153E-1 3.84806E-1 5.30929E-1 5.21102E-1 5.26618E-1 5.32696E-1 5.34232E-1 4.94406E-1 5.76452E-1 5.69591E-1 4.82823E-1 4.62399E-1 4.55018E-1 3.87419E-1 3.55512E-1 3.38031E-1 3.1617E-1 2.99572E-1 2.82841E-1 2.53228E-1 2.23135E-1 1.86605E-1 2.36514E-1 2.50586E-1 1.96616E-1 1.84093E-1 1.88825E-1 2.05405E-1 2.10251E-1 2.36047E-1 2.6243E-1 2.4266E-1 1.90067E-1 2.02087E-1 2.23589E-1
2.46816E-1 2.44494E-1 2.07144E-1 2.77567E-1 3.3811E-1 3.24173E-1 3.44966E-1 3.51265E-1 3.41633E-1 3.70891E-1 3.69412E-1 3.67079E-1 3.52158E-1 3.50107E-1 4.02347E-1 3.7716E-1 2.89105E-1 3.32019E-1 3.62357E-1 3.31695E-1 4.37011E-1 5.22105E-1 4.05746E-1 3.84388E-1 3.93108E-1 5.38463E-1 3.99325E-1 3.76699E-1 5.49832E-1 5.69232E-1 5.0807E-1 5.30793E-1 6.10092E-1 5.19375E-1 5.2566E-1 5.84355E-1 4.77429E-1 4.89088E-1 4.69004E-1 4.71889E-1 3.92559E-1 3.44955E-1 3.12649E-1 2.68585E-1 2.4642E-1 2.34143E-1 2.2299E-1 1.85847E-1 2.0989E-1 2.36836E-1 2.35203E-1 2.23055E-1 2.08938E-1 2.25477E-1 2.19397E-1 2.17894E-1 2.33282E-1 2.30945E-1 2.07433E-1 1.9689E-1 2.0642E-1
2.05508E-1 2.4473E-1 2.4318E-1 2.77784E-1 2.79605E-1 3.2305E-1 3.49236E-1 3.54986E-1 3.47425E-1 3.43871E-1 3.5656E-1 3.65921E-1 3.58678E-1 3.66316E-1 3.63931E-1 3.71482E-1 3.26085E-1 3.58826E-1 3.59489E-1 3.48934E-1 3.98155E-1 4.37035E-1 5.26207E-1 5.27205E-1 4.12416E-1 3.69314E-1 5.582E-1 3.87129E-1 3.5965E-1 5.45644E-1 4.95005E-1 5.47202E-1 5.61078E-1 5.52074E-1 4.88018E-1 5.03495E-1 4.51077E-1 4.30035E-1 4.36687E-1 3.92429E-1 3.41999E-1 3.25162E-1 3.0483E-1 2.64831E-1 2.54907E-1 2.29201E-1 2.29512E-1 2.01485E-1 1.74216E-1 2.23943E-1 2.63442E-1 2.19621E-1 1.76774E-1 2.07463E-1 2.04463E-1 2.41125E-1 2.60283E-1 2.72416E-1 2.39204E-1 2.05196E-1 2.03076E-1
2.04329E-1 2.03152E-1 2.13125E-1 2.79508E-1 2.72014E-1 2.87924E-1 3.44727E-1 3.45005E-1 3.35691E-1 3.75132E-1 3.77629E-1 3.60969E-1 3.64279E-1 3.67871E-1 3.93637E-1 4.07385E-1 3.73195E-1 3.64656E-1 3.68172E-1 3.68536E-1 4.09329E-1 4.28903E-1 4.1838E-1 5.32251E-1 3.96503E-1 3.86145E-1 4.08936E-1 5.25899E-1 3.83526E-1 4.90555E-1 5.90662E-1 5.28345E-1 5.52377E-1 5.95129E-1 5.10629E-1 5.51066E-1 4.64327E-1 4.16853E-1 4.03014E-1 3.50702E-1 3.48805E-1 3.3769E-1 2.70303E-1 2.67345E-1 2.45113E-1 2.31411E-1 2.31533E-1 1.85318E-1 1.72494E-1 2.30394E-1 2.45016E-1 1.86746E-1 1.52216E-1 1.65922E-1 2.13117E-1 2.35658E-1 2.49249E-1 2.49813E-1 2.2894E-1 2.15532E-1 2.11631E-1
