Artocarpus heterophyllus SDM files/MIS19/results (without bias file)/Arthet_4.asc
ncols         625
nrows         721
xllcorner     69.99986311115
yllcorner     5.99986187915
cellsize      0.041666667
NODATA_value  -9999
[rows 135 to 161 of 721, columns 0 to 60 of 625]
1.21328E-1 1.06083E-1 2.46015E-1 1.80444E-1 7.50118E-2 6.59764E-2 7.32713E-2 7.5876E-2 8.47452E-2 7.78037E-2 8.57556E-2 7.58373E-2 7.32443E-2 6.94469E-2 8.1395E-2 8.20602E-2 8.40479E-2 8.56632E-2 8.20122E-2 7.96378E-2 6.9413E-2 6.51915E-2 5.65646E-2 5.60449E-2 4.41566E-2 3.89265E-2 3.44787E-2 3.08649E-2 2.65344E-2 2.21578E-2 2.09631E-2 1.8077E-2 1.64451E-2 1.29997E-2 1.22971E-2 1.17825E-2 1.08408E-2 1.00047E-2 9.7207E-3 9.36386E-3 8.52252E-3 7.33075E-3 6.79599E-3 6.61832E-3 6.10212E-3 5.54598E-3 5.37153E-3 5.23093E-3 5.10898E-3 4.81407E-3 4.47172E-3 4.2869E-3 4.00405E-3 3.65026E-3 3.68619E-3 3.442E-3 3.39285E-3 3.30158E-3 3.20061E-3 3.1376E-3 3.20975E-3
7.1381E-2 1.63349E-1 1.92823E-1 2.98817E-2 6.29814E-2 5.9796E-2 8.37101E-2 9.57826E-2 9.24262E-2 1.03584E-1 1.02026E-1 6.31041E-2 6.31968E-2 6.67542E-2 7.09588E-2 7.67874E-2 7.91306E-2 7.74298E-2 8.68913E-2 7.87392E-2 6.9413E-2 6.45136E-2 5.93443E-2 4.80873E-2 4.12528E-2 3.87197E-2 3.44787E-2 2.90785E-2 2.7717E-2 2.3146E-2 1.96883E-2 1.8077E-2 1.5095E-2 1.41591E-2 1.2834E-2 1.17448E-2 1.07606E-2 1.05097E-2 9.55418E-3 9.19406E-3 8.3857E-3 7.6513E-3 6.71564E-3 6.4693E-3 5.89409E-3 5.75729E-3 5.30796E-3 5.16901E-3 4.78454E-3 4.68458E-3 4.10653E-3 4.01051E-3 3.88431E-3 3.71752E-3 3.6228E-3 3.36453E-3 3.27413E-3 3.20349E-3 3.13711E-3 3.13141E-3 3.15463E-3
9.37366E-2 2.60616E-1 1.8009E-1 9.36258E-2 5.50084E-2 5.61979E-2 7.06408E-2 8.541E-2 1.00454E-1 8.53384E-2 7.04193E-2 7.19321E-2 6.44385E-2 7.2826E-2 7.76101E-2 8.07297E-2 8.81365E-2 8.22539E-2 7.64048E-2 7.34038E-2 6.57731E-2 6.45777E-2 5.93443E-2 4.94657E-2 4.11285E-2 3.87197E-2 3.25865E-2 2.72181E-2 2.40748E-2 2.43835E-2 1.97078E-2 1.6598E-2 1.5095E-2 1.40062E-2 1.33942E-2 1.16697E-2 1.13032E-2 1.02439E-2 9.97219E-3 9.59639E-3 7.8457E-3 7.20485E-3 6.93355E-3 6.39278E-3 6.19184E-3 5.94426E-3 5.21671E-3 5.11312E-3 4.99399E-3 4.86315E-3 4.48811E-3 4.11521E-3 4.01051E-3 3.67348E-3 3.73381E-3 3.30669E-3 3.21783E-3 3.1484E-3 2.96532E-3 2.98425E-3 2.65475E-3
1.46094E-1 2.45344E-1 4.16605E-2 7.36539E-2 5.06074E-2 5.69928E-2 5.71227E-2 8.05627E-2 9.15967E-2 7.22741E-2 6.55941E-2 6.2033E-2 6.63761E-2 7.16266E-2 8.48211E-2 8.6724E-2 8.32743E-2 8.25191E-2 7.60856E-2 7.34038E-2 6.79321E-2 5.9985E-2 5.59485E-2 4.39228E-2 4.31796E-2 3.60108E-2 3.24126E-2 2.84014E-2 2.40748E-2 2.26776E-2 2.06291E-2 1.57176E-2 1.4774E-2 1.46172E-2 1.27365E-2 1.16065E-2 1.05189E-2 1.00582E-2 9.85468E-3 8.40213E-3 7.18941E-3 6.91903E-3 6.89595E-3 6.63624E-3 6.42765E-3 6.20437E-3 5.48036E-3 5.05259E-3 4.9349E-3 4.52489E-3 4.38704E-3 4.04443E-3 4.12274E-3 3.59076E-3 3.52578E-3 3.44776E-3 3.17971E-3 2.94331E-3 2.89543E-3 2.96213E-3 2.94681E-3
1.85828E-1 1.89068E-1 1.05802E-1 6.4925E-2 4.48515E-2 4.94822E-2 5.40973E-2 5.91329E-2 6.7162E-2 8.25311E-2 7.43745E-2 5.662E-2 6.71416E-2 7.18455E-2 7.76878E-2 8.51808E-2 8.72334E-2 8.14085E-2 7.47054E-2 6.84217E-2 6.45777E-2 5.88409E-2 5.30726E-2 4.39228E-2 4.06932E-2 3.5819E-2 3.19315E-2 2.65251E-2 2.40243E-2 2.04955E-2 1.93101E-2 1.7279E-2 1.54185E-2 1.46172E-2 1.25458E-2 1.21135E-2 1.15642E-2 1.1129E-2 1.02561E-2 8.68861E-3 8.4156E-3 7.82612E-3 6.66647E-3 6.5222E-3 6.31717E-3 5.84212E-3 5.09922E-3 5.30796E-3 4.88157E-3 4.69741E-3 4.33056E-3 4.17588E-3 3.86086E-3 3.57859E-3 3.46513E-3 3.3483E-3 3.09941E-3 3.00501E-3 2.83023E-3 2.86686E-3 2.88827E-3
2.27483E-1 1.89837E-1 1.54805E-1 6.24495E-2 4.61085E-2 4.84892E-2 5.15797E-2 5.40533E-2 5.6727E-2 8.73235E-2 5.88753E-2 5.3057E-2 6.56885E-2 7.29232E-2 7.04933E-2 7.68021E-2 8.24188E-2 8.17536E-2 6.9639E-2 6.81328E-2 6.29553E-2 5.6299E-2 4.85659E-2 4.28096E-2 3.83472E-2 3.5819E-2 2.98241E-2 2.51471E-2 2.38719E-2 2.05668E-2 1.69335E-2 1.61702E-2 1.62073E-2 1.44872E-2 1.33436E-2 1.21474E-2 1.08977E-2 9.87663E-3 9.33594E-3 8.67993E-3 7.96769E-3 6.84536E-3 6.58762E-3 6.78737E-3 6.24245E-3 5.81045E-3 5.35695E-3 4.93878E-3 4.79767E-3 4.64665E-3 4.52489E-3 4.17588E-3 3.80411E-3 3.44659E-3 3.36518E-3 3.27288E-3 3.04608E-3 2.9804E-3 2.87395E-3 2.51697E-3 2.49845E-3
2.44414E-1 1.89149E-1 9.4126E-2 4.76619E-2 5.56046E-2 5.43043E-2 6.17307E-2 6.30885E-2 6.27357E-2 5.153E-2 5.04616E-2 5.97832E-2 7.62762E-2 7.48047E-2 7.72024E-2 7.60076E-2 7.5784E-2 7.5169E-2 6.58587E-2 6.46419E-2 5.88409E-2 5.24858E-2 4.85659E-2 4.29927E-2 3.5819E-2 3.18575E-2 2.82493E-2 2.51471E-2 2.26081E-2 1.90264E-2 1.60512E-2 1.69086E-2 1.53622E-2 1.44872E-2 1.24331E-2 1.05062E-2 9.99231E-3 8.6183E-3 8.32126E-3 8.16336E-3 7.90708E-3 7.14481E-3 6.92032E-3 6.65976E-3 6.57385E-3 5.34685E-3 5.24073E-3 4.85385E-3 4.72675E-3 4.57802E-3 4.23303E-3 4.07754E-3 3.88123E-3 3.57803E-3 3.296E-3 3.23409E-3 2.99366E-3 2.91324E-3 2.47639E-3 2.47332E-3 2.50194E-3
2.43663E-1 1.0515E-1 6.43348E-2 4.40234E-2 5.18873E-2 6.06706E-2 7.13203E-2 5.96835E-2 4.82126E-2 4.86133E-2 5.21693E-2 6.19773E-2 7.23181E-2 8.17571E-2 8.44552E-2 7.55385E-2 7.53912E-2 6.97079E-2 6.2552E-2 6.37439E-2 5.23141E-2 5.2302E-2 4.58217E-2 4.0639E-2 3.3527E-2 3.16873E-2 2.64083E-2 2.36886E-2 2.20316E-2 1.74423E-2 1.6751E-2 1.5847E-2 1.42532E-2 1.35564E-2 1.14176E-2 1.03671E-2 9.44786E-3 8.6183E-3 8.32126E-3 8.11907E-3 6.95403E-3 6.73587E-3 6.12335E-3 6.27085E-3 5.75022E-3 5.5999E-3 5.1226E-3 5.06633E-3 4.55916E-3 4.49926E-3 4.33405E-3 4.18728E-3 3.8602E-3 3.55864E-3 3.44659E-3 3.35368E-3 2.71668E-3 2.65925E-3 2.43342E-3 2.42267E-3 2.46412E-3
1.35483E-1 6.46918E-2 5.19606E-2 3.73548E-2 6.14892E-2 5.92091E-2 4.56527E-2 6.08093E-2 5.91779E-2 5.38543E-2 5.8379E-2 6.50717E-2 6.75381E-2 7.40134E-2 7.47711E-2 7.27788E-2 7.09667E-2 6.93451E-2 6.05997E-2 5.55484E-2 5.23141E-2 4.63088E-2 4.26658E-2 3.7723E-2 3.17183E-2 2.97836E-2 2.64083E-2 2.10191E-2 1.95518E-2 1.65338E-2 1.6751E-2 1.5847E-2 1.33714E-2 1.3258E-2 1.13666E-2 9.76295E-3 9.40576E-3 8.51642E-3 8.27605E-3 8.52864E-3 7.21848E-3 6.65615E-3 6.07097E-3 5.89888E-3 5.70788E-3 5.81322E-3 5.04646E-3 4.92948E-3 4.82253E-3 4.64545E-3 4.2827E-3 4.13769E-3 3.81848E-3 3.52017E-3 3.38727E-3 2.74269E-3 2.67499E-3 2.48598E-3 2.75314E-3 2.71362E-3 2.69249E-3
9.07002E-2 5.64238E-2 3.97291E-2 3.63538E-2 4.78122E-2 5.12013E-2 4.21062E-2 4.72709E-2 4.82137E-2 5.13507E-2 5.91794E-2 6.11989E-2 6.35236E-2 6.54968E-2 6.7178E-2 6.79476E-2 6.98559E-2 6.52383E-2 5.87262E-2 5.52562E-2 4.84536E-2 4.31642E-2 4.04231E-2 3.71963E-2 3.15179E-2 2.62051E-2 2.31823E-2 2.18903E-2 1.82756E-2 1.71442E-2 1.65542E-2 1.50061E-2 1.38849E-2 1.25662E-2 1.06672E-2 1.0189E-2 8.84871E-3 8.51642E-3 7.71842E-3 7.98763E-3 7.17925E-3 6.50606E-3 6.33635E-3 5.86089E-3 5.67686E-3 5.47361E-3 5.30154E-3 5.10175E-3 4.99582E-3 4.86487E-3 4.26392E-3 3.62906E-3 3.52537E-3 3.47845E-3 3.35066E-3 3.08721E-3 3.00424E-3 2.79859E-3 2.59268E-3 2.31537E-3 2.29864E-3
8.27199E-2 4.79344E-2 3.60298E-2 3.75119E-2 4.07701E-2 3.9998E-2 4.36936E-2 4.5882E-2 5.13907E-2 5.64773E-2 5.77472E-2 5.93531E-2 5.70734E-2 6.22342E-2 6.38273E-2 6.6824E-2 6.49258E-2 5.98743E-2 5.54205E-2 5.46762E-2 5.07715E-2 4.04231E-2 3.73084E-2 3.35161E-2 3.15179E-2 2.60896E-2 2.41102E-2 2.0732E-2 1.81767E-2 1.71442E-2 1.65542E-2 1.29756E-2 1.31609E-2 1.19298E-2 1.05412E-2 1.02213E-2 8.80061E-3 8.41575E-3 7.67645E-3 7.51408E-3 7.17925E-3 6.50606E-3 6.30191E-3 5.8108E-3 5.25585E-3 5.06339E-3 5.21027E-3 5.07403E-3 4.66676E-3 4.49078E-3 3.93629E-3 3.36508E-3 3.42059E-3 3.36404E-3 3.26785E-3 2.97848E-3 2.93645E-3 2.26858E-3 2.23146E-3 2.25556E-3 2.2587E-3
9.74687E-2 5.07988E-2 3.29798E-2 3.76963E-2 3.42591E-2 3.39158E-2 4.01891E-2 5.72897E-2 4.48357E-2 5.31168E-2 5.6357E-2 5.56467E-2 5.80389E-2 6.30042E-2 6.15716E-2 6.53312E-2 6.00519E-2 5.60633E-2 5.51287E-2 5.50192E-2 4.82918E-2 3.97651E-2 3.69114E-2 3.32022E-2 2.88332E-2 2.44191E-2 2.41906E-2 1.96535E-2 1.70112E-2 1.73096E-2 1.46887E-2 1.36283E-2 1.23827E-2 1.04649E-2 1.00081E-2 1.01558E-2 8.66824E-3 8.36999E-3 7.58564E-3 6.86215E-3 7.14023E-3 6.06128E-3 5.90356E-3 5.65652E-3 5.18255E-3 5.03584E-3 4.882E-3 4.99478E-3 4.5508E-3 4.17743E-3 4.04631E-3 3.51221E-3 3.22077E-3 3.11969E-3 3.04377E-3 2.82484E-3 2.62528E-3 2.4858E-3 2.50821E-3 2.51348E-3 2.23995E-3
5.43935E-2 3.51176E-2 3.07188E-2 3.55791E-2 3.60065E-2 3.54637E-2 4.48779E-2 4.463E-2 4.11613E-2 4.47574E-2 5.16303E-2 5.44839E-2 5.71273E-2 6.20179E-2 6.56538E-2 6.08063E-2 5.58792E-2 5.5529E-2 5.48384E-2 4.80365E-2 4.20107E-2 3.71453E-2 3.69114E-2 3.08737E-2 2.55599E-2 2.39803E-2 2.16473E-2 1.90413E-2 1.78031E-2 1.62027E-2 1.37591E-2 1.22868E-2 1.09915E-2 1.04649E-2 8.98185E-3 9.02211E-3 8.66824E-3 8.27922E-3 7.96821E-3 6.75128E-3 7.00263E-3 6.06128E-3 5.87142E-3 5.62008E-3 5.44401E-3 5.02017E-3 4.78782E-3 4.63763E-3 4.26597E-3 3.91194E-3 3.76465E-3 3.2971E-3 3.17629E-3 3.08263E-3 2.84372E-3 2.7705E-3 2.45007E-3 2.13149E-3 2.18065E-3 2.16274E-3 2.21318E-3
4.72805E-2 3.1465E-2 3.41008E-2 3.40927E-2 3.28212E-2 3.84161E-2 4.33417E-2 3.87035E-2 4.25743E-2 4.67338E-2 4.77774E-2 5.45882E-2 5.92698E-2 6.1632E-2 6.52462E-2 5.634E-2 5.27812E-2 5.48921E-2 4.77644E-2 4.20514E-2 3.96719E-2 3.67144E-2 3.31891E-2 2.83377E-2 2.67565E-2 2.27338E-2 2.07981E-2 1.86979E-2 1.57955E-2 1.52053E-2 1.35675E-2 1.2062E-2 1.07941E-2 9.85531E-3 8.82737E-3 8.98185E-3 8.05147E-3 7.32442E-3 7.07265E-3 6.01939E-3 6.28391E-3 5.69506E-3 5.51674E-3 5.29739E-3 5.13143E-3 4.97066E-3 4.50812E-3 4.3667E-3 4.22971E-3 3.8655E-3 3.74416E-3 3.46365E-3 3.31514E-3 3.05672E-3 2.80158E-3 2.58223E-3 2.41637E-3 2.37142E-3 2.40256E-3 2.1805E-3 2.14983E-3
3.03068E-2 2.78182E-2 2.95427E-2 3.37543E-2 3.14344E-2 3.9656E-2 3.92828E-2 4.37604E-2 4.73269E-2 5.37339E-2 5.49319E-2 5.66367E-2 5.60417E-2 5.83352E-2 5.65071E-2 5.60433E-2 5.50545E-2 4.56739E-2 4.24436E-2 4.16491E-2 3.71813E-2 3.48485E-2 3.04634E-2 2.80913E-2 2.38742E-2 2.38742E-2 1.94842E-2 1.65152E-2 1.6841E-2 1.33889E-2 1.19964E-2 1.13485E-2 1.07941E-2 1.02106E-2 9.72092E-3 8.37627E-3 7.62374E-3 7.2845E-3 6.91539E-3 6.36372E-3 6.21562E-3 5.98227E-3 5.4216E-3 5.25183E-3 5.05455E-3 4.66106E-3 4.48357E-3 4.29136E-3 4.17949E-3 3.83267E-3 3.66831E-3 3.38228E-3 3.2971E-3 3.21115E-3 2.78924E-3 2.56817E-3 2.48324E-3 2.3516E-3 2.40488E-3 2.36649E-3 2.40186E-3
2.53032E-2 2.47892E-2 3.16474E-2 2.84252E-2 3.50276E-2 3.78907E-2 4.08959E-2 4.10681E-2 4.50826E-2 4.93839E-2 5.34508E-2 5.46966E-2 5.51061E-2 5.6862E-2 5.32709E-2 4.92012E-2 4.83431E-2 4.24436E-2 4.20373E-2 3.89442E-2 3.64674E-2 3.19866E-2 2.81182E-2 2.5392E-2 2.37685E-2 2.07054E-2 1.75859E-2 1.76873E-2 1.57451E-2 1.25016E-2 1.12096E-2 1.06977E-2 1.06769E-2 9.55991E-3 9.1017E-3 8.23204E-3 7.97453E-3 7.53618E-3 6.88604E-3 6.26787E-3 6.1221E-3 5.94967E-3 5.1331E-3 5.22321E-3 5.027E-3 4.61039E-3 4.69527E-3 4.49404E-3 4.14382E-3 4.01388E-3 3.64832E-3 3.36385E-3 3.05825E-3 2.8279E-3 2.60228E-3 2.64528E-3 2.46239E-3 2.40365E-3 2.06831E-3 2.07263E-3 2.1267E-3
2.45259E-2 2.62794E-2 2.70324E-2 3.02271E-2 3.60099E-2 3.86605E-2 3.96542E-2 4.22959E-2 4.38456E-2 4.81273E-2 4.86739E-2 4.99193E-2 5.06058E-2 5.02376E-2 4.94852E-2 4.58545E-2 4.46888E-2 3.98678E-2 3.88143E-2 3.4987E-2 3.41328E-2 2.81451E-2 2.65746E-2 2.50352E-2 2.2533E-2 1.93973E-2 1.72868E-2 1.67498E-2 1.32439E-2 1.2366E-2 1.10771E-2 1.00308E-2 9.47433E-3 9.01148E-3 8.16007E-3 7.76868E-3 7.38183E-3 6.75621E-3 6.50288E-3 6.28124E-3 6.09542E-3 5.57883E-3 5.08874E-3 4.92946E-3 4.74431E-3 4.77451E-3 4.63952E-3 4.23145E-3 3.90166E-3 3.75485E-3 3.44327E-3 3.52303E-3 3.03545E-3 2.78867E-3 2.70314E-3 2.50254E-3 2.43563E-3 2.35511E-3 2.29678E-3 2.28905E-3 2.11803E-3
2.48725E-2 2.74858E-2 2.5939E-2 3.04766E-2 3.75639E-2 3.69287E-2 3.90683E-2 4.22959E-2 4.053E-2 4.32235E-2 4.62879E-2 4.5373E-2 4.76287E-2 5.01113E-2 4.53459E-2 4.23844E-2 3.99865E-2 3.9098E-2 3.66114E-2 3.39828E-2 3.00653E-2 2.64568E-2 2.62891E-2 2.35839E-2 2.05015E-2 1.81547E-2 1.75326E-2 1.456E-2 1.29878E-2 1.2366E-2 1.10771E-2 9.87337E-3 9.33092E-3 9.46515E-3 8.57946E-3 6.91999E-3 6.99623E-3 6.3822E-3 6.45252E-3 6.21063E-3 6.06822E-3 5.84025E-3 5.62643E-3 4.87583E-3 4.96603E-3 4.74847E-3 4.59965E-3 4.19942E-3 4.04149E-3 3.50874E-3 3.42803E-3 3.32053E-3 3.0189E-3 2.75547E-3 2.68027E-3 2.48141E-3 2.3994E-3 2.26023E-3 2.26267E-3 2.34382E-3 2.3468E-3
2.64535E-2 3.28901E-2 2.70269E-2 3.33513E-2 3.64175E-2 3.72679E-2 3.82225E-2 3.92014E-2 4.24345E-2 4.32029E-2 4.51109E-2 4.44996E-2 4.64638E-2 4.30086E-2 4.03596E-2 4.22441E-2 3.69534E-2 3.60124E-2 3.57852E-2 3.11239E-2 2.7864E-2 2.50834E-2 2.49243E-2 2.29796E-2 2.00222E-2 1.82143E-2 1.64822E-2 1.35948E-2 1.22573E-2 1.21788E-2 1.02573E-2 1.03701E-2 8.37392E-3 7.97239E-3 7.18939E-3 7.26859E-3 6.62424E-3 6.34732E-3 6.07598E-3 6.21063E-3 6.03319E-3 5.75796E-3 5.54167E-3 5.05454E-3 4.912E-3 4.75808E-3 4.33528E-3 4.19942E-3 3.82616E-3 3.50874E-3 3.17933E-3 3.07966E-3 2.9932E-3 2.71713E-3 2.65752E-3 2.55572E-3 2.25515E-3 2.22111E-3 2.23569E-3 2.24527E-3 2.31109E-3
2.8178E-2 2.78109E-2 3.02687E-2 3.3881E-2 3.70319E-2 3.79807E-2 4.07605E-2 4.41186E-2 4.27856E-2 4.71009E-2 4.43942E-2 4.34095E-2 4.07362E-2 4.26376E-2 4.18782E-2 3.67914E-2 3.61192E-2 3.55936E-2 2.95987E-2 2.78907E-2 2.60844E-2 2.61727E-2 2.10892E-2 1.90377E-2 1.81877E-2 1.81331E-2 1.42139E-2 1.28159E-2 1.20465E-2 1.07369E-2 9.73854E-3 9.23835E-3 8.37392E-3 7.44425E-3 7.12626E-3 7.16543E-3 6.53029E-3 6.2512E-3 5.70246E-3 5.50678E-3 5.40822E-3 5.4379E-3 4.96722E-3 4.81649E-3 4.61441E-3 4.46971E-3 4.06895E-3 3.94148E-3 3.63442E-3 3.47864E-3 3.15208E-3 3.05331E-3 2.77604E-3 2.67644E-3 2.61152E-3 2.51147E-3 2.33791E-3 2.21442E-3 2.2436E-3 2.20435E-3 2.21003E-3
2.39124E-2 2.7898E-2 3.01563E-2 3.40794E-2 3.53628E-2 3.87378E-2 4.01954E-2 4.35621E-2 4.60859E-2 4.46754E-2 4.12146E-2 4.07758E-2 4.24946E-2 3.66528E-2 3.64563E-2 3.59257E-2 3.54735E-2 3.10782E-2 2.76467E-2 2.75647E-2 2.42266E-2 2.22119E-2 1.89524E-2 1.92232E-2 1.80717E-2 1.48772E-2 1.34731E-2 1.21007E-2 1.0658E-2 1.01381E-2 8.64654E-3 8.71497E-3 7.79787E-3 7.30113E-3 7.08729E-3 6.42374E-3 6.11556E-3 5.91871E-3 5.98399E-3 5.76535E-3 5.6624E-3 5.13166E-3 4.97114E-3 4.75837E-3 4.83192E-3 4.46971E-3 4.49425E-3 3.87331E-3 3.75197E-3 3.61087E-3 3.47864E-3 3.34781E-3 2.89732E-3 2.79128E-3 2.58927E-3 2.53399E-3 2.36613E-3 2.30294E-3 2.15953E-3 2.18809E-3 2.16529E-3
2.61579E-2 3.00765E-2 3.34818E-2 3.75933E-2 3.56509E-2 3.9728E-2 4.13603E-2 4.13603E-2 4.31451E-2 4.05408E-2 3.90873E-2 3.81839E-2 3.67966E-2 3.62609E-2 3.58043E-2 3.33748E-2 3.06403E-2 2.92141E-2 2.88452E-2 2.54398E-2 2.21331E-2 1.98354E-2 2.11797E-2 1.86101E-2 1.41506E-2 1.33877E-2 1.3302E-2 1.05637E-2 1.00925E-2 9.54762E-3 8.36179E-3 7.14515E-3 6.47694E-3 6.16656E-3 5.88633E-3 5.9514E-3 5.77659E-3 5.89214E-3 5.67126E-3 5.17333E-3 5.66806E-3 4.556E-3 4.71127E-3 4.50505E-3 4.82029E-3 4.35438E-3 4.21789E-3 4.03704E-3 3.69549E-3 3.53711E-3 3.22601E-3 3.15942E-3 2.91626E-3 2.54708E-3 2.37112E-3 2.25058E-3 2.12244E-3 2.15056E-3 2.16485E-3 2.16961E-3 2.12836E-3
3.40391E-2 3.62915E-2 3.77191E-2 4.07647E-2 3.78413E-2 3.73528E-2 3.61706E-2 3.58186E-2 3.4954E-2 3.62697E-2 3.54625E-2 3.48609E-2 3.61381E-2 3.33253E-2 3.09266E-2 2.93007E-2 2.89581E-2 2.86898E-2 2.42136E-2 2.23737E-2 2.11279E-2 2.21655E-2 1.75105E-2 1.48609E-2 1.46715E-2 1.32296E-2 1.10946E-2 1.10946E-2 1.0506E-2 8.78747E-3 7.83134E-3 7.01481E-3 6.72202E-3 6.16656E-3 5.58958E-3 5.63492E-3 5.39421E-3 5.79194E-3 5.04533E-3 4.82985E-3 4.5982E-3 4.51616E-3 4.3231E-3 4.13827E-3 4.21502E-3 4.10347E-3 4.1357E-3 3.97611E-3 3.86392E-3 3.37048E-3 3.10791E-3 2.87545E-3 2.75224E-3 2.49214E-3 2.29483E-3 2.12477E-3 2.09064E-3 2.10679E-3 2.10232E-3 2.13666E-3 2.12836E-3
4.15496E-2 4.33501E-2 3.34912E-2 3.41029E-2 3.37383E-2 3.47055E-2 3.39334E-2 3.51768E-2 3.43112E-2 3.30112E-2 3.4185E-2 3.3786E-2 3.12156E-2 3.24709E-2 3.04652E-2 2.89581E-2 2.66069E-2 2.36443E-2 2.1938E-2 2.33446E-2 1.94925E-2 1.73811E-2 1.54685E-2 1.54685E-2 1.31251E-2 1.22488E-2 1.02558E-2 9.75583E-3 8.73937E-3 7.7693E-3 7.80465E-3 6.9909E-3 6.69916E-3 6.12681E-3 5.55894E-3 5.35094E-3 4.81472E-3 4.86803E-3 4.89013E-3 4.45695E-3 4.57299E-3 4.74379E-3 4.29943E-3 4.35097E-3 4.21502E-3 4.10347E-3 3.94925E-3 4.00613E-3 3.69393E-3 3.18395E-3 2.75196E-3 2.66598E-3 2.55643E-3 2.4733E-3 2.28767E-3 2.21457E-3 2.08418E-3 2.12103E-3 2.05948E-3 2.09322E-3 2.08512E-3
3.2925E-2 2.95779E-2 3.11144E-2 3.04116E-2 3.04116E-2 3.17592E-2 3.05847E-2 3.16422E-2 3.1302E-2 3.23058E-2 3.32775E-2 3.11431E-2 3.07495E-2 3.03009E-2 2.85759E-2 2.66069E-2 2.47424E-2 2.16547E-2 2.20619E-2 1.83782E-2 1.71093E-2 1.62443E-2 1.52859E-2 1.43836E-2 1.21517E-2 1.0734E-2 9.6784E-3 8.53131E-3 8.57015E-3 8.15995E-3 7.71192E-3 6.95256E-3 6.3023E-3 6.07254E-3 5.70261E-3 5.20305E-3 5.2607E-3 4.51531E-3 4.37355E-3 4.73031E-3 4.55778E-3 4.41577E-3 4.28523E-3 4.36494E-3 4.20123E-3 4.09009E-3 3.52278E-3 3.43995E-3 3.31066E-3 3.11634E-3 2.56866E-3 2.38305E-3 2.42267E-3 2.33E-3 2.26801E-3 2.10658E-3 2.07277E-3 2.05708E-3 2.07301E-3 2.06866E-3 2.06743E-3
2.32506E-2 2.01286E-2 2.69554E-2 2.86518E-2 2.80979E-2 2.89716E-2 2.99011E-2 2.96441E-2 3.05039E-2 2.95327E-2 2.9315E-2 3.03897E-2 2.84777E-2 2.80191E-2 2.58902E-2 2.42599E-2 2.30866E-2 2.04372E-2 2.02473E-2 1.79665E-2 1.67995E-2 1.59974E-2 1.43189E-2 1.25819E-2 1.11394E-2 1.06752E-2 9.49052E-3 8.50197E-3 7.66528E-3 7.65061E-3 7.27727E-3 6.95256E-3 5.65567E-3 5.41955E-3 5.11776E-3 4.90431E-3 4.46582E-3 4.27531E-3 4.14097E-3 4.47873E-3 4.0858E-3 3.95848E-3 3.81407E-3 3.65416E-3 3.51719E-3 3.38875E-3 3.265E-3 3.37536E-3 3.09245E-3 2.82057E-3 2.56866E-3 2.4767E-3 2.40939E-3 2.31723E-3 2.22859E-3 2.08849E-3 2.02378E-3 2.05072E-3 2.06663E-3 2.06234E-3 2.01706E-3
1.81487E-2 1.96313E-2 2.07336E-2 2.4859E-2 2.5492E-2 2.67663E-2 2.80808E-2 2.83908E-2 2.80021E-2 2.92145E-2 2.8469E-2 2.61319E-2 2.59658E-2 2.40985E-2 2.27023E-2 2.29832E-2 2.13238E-2 2.01354E-2 1.86811E-2 1.76414E-2 1.58235E-2 1.46793E-2 1.23899E-2 1.23899E-2 1.11394E-2 9.90316E-3 9.31758E-3 8.40896E-3 7.5814E-3 7.165E-3 6.8661E-3 6.56694E-3 5.52867E-3 5.01178E-3 5.10033E-3 4.4062E-3 4.21827E-3 4.06068E-3 4.12842E-3 4.28156E-3 4.07619E-3 3.73914E-3 3.57582E-3 3.6421E-3 3.46721E-3 3.37764E-3 3.08103E-3 3.16442E-3 3.23811E-3 2.80544E-3 2.68535E-3 2.58874E-3 2.38855E-3 2.33786E-3 2.16472E-3 2.02616E-3 2.03071E-3 2.08953E-3 2.04895E-3 2.01844E-3 2.01706E-3
