Artocarpus heterophyllus SDM files/MIS19/results (without bias file)/Arthet_5.asc
ncols         625
nrows         721
xllcorner     69.99986311115
yllcorner     5.99986187915
cellsize      0.041666667
NODATA_value  -9999
[rows 135 to 161 of 721, columns 122 to 182 of 625]
7.6233E-2 7.70514E-2 7.86519E-2 8.23155E-2 1.02364E-1 8.3961E-2 8.54117E-2 1.08452E-1 1.12845E-1 1.14455E-1 1.15797E-1 1.19937E-1 1.21991E-1 1.25101E-1 1.28536E-1 1.32196E-1 1.33323E-1 1.38155E-1 1.42127E-1 1.44817E-1 1.46534E-1 1.49845E-1 1.568E-1 1.60368E-1 1.61102E-1 1.68132E-1 1.72874E-1 1.76794E-1 1.79936E-1 1.86836E-1 1.90143E-1 1.9426E-1 1.96926E-1 2.01092E-1 2.14441E-1 2.25587E-1 2.27835E-1 2.24625E-1 2.2508E-1 2.21954E-1 2.15693E-1 2.19471E-1 2.30587E-1 2.36317E-1 2.35516E-1 2.44905E-1 2.45046E-1 2.44334E-1 2.55582E-1 2.51942E-1 2.48094E-1 2.43346E-1 2.38987E-1 2.36548E-1 2.34271E-1 2.4689E-1 2.72303E-1 2.60662E-1 2.35436E-1 2.23254E-1 2.25164E-1
7.54579E-2 7.89879E-2 8.02121E-2 8.17946E-2 8.30601E-2 8.50953E-2 8.47177E-2 8.86537E-2 1.10254E-1 1.13534E-1 1.14945E-1 1.18631E-1 1.20664E-1 1.2112E-1 1.27619E-1 1.30791E-1 1.32287E-1 1.36358E-1 1.38896E-1 1.4206E-1 1.45331E-1 1.48273E-1 1.51864E-1 1.58343E-1 1.60412E-1 1.64544E-1 1.70116E-1 1.73997E-1 1.76369E-1 1.8025E-1 1.85277E-1 1.90103E-1 1.96958E-1 2.01983E-1 2.09446E-1 2.13386E-1 2.22225E-1 2.2205E-1 2.19358E-1 2.19516E-1 2.193E-1 2.23155E-1 2.28533E-1 2.29107E-1 2.36801E-1 2.3572E-1 2.47393E-1 2.45868E-1 2.44362E-1 2.44458E-1 2.51043E-1 2.49593E-1 2.47975E-1 2.4305E-1 2.35268E-1 2.34537E-1 2.50631E-1 2.67572E-1 2.83353E-1 2.54516E-1 2.41547E-1
7.61578E-2 7.58918E-2 7.89964E-2 8.01405E-2 8.19594E-2 8.53292E-2 8.63981E-2 8.64694E-2 8.99332E-2 8.96939E-2 1.15621E-1 1.16759E-1 1.20716E-1 1.22341E-1 1.24798E-1 1.28849E-1 1.3173E-1 1.35238E-1 1.37824E-1 1.41289E-1 1.43651E-1 1.46043E-1 1.48425E-1 1.54895E-1 1.56442E-1 1.63769E-1 1.66102E-1 1.71108E-1 1.76087E-1 1.80692E-1 1.80284E-1 1.89666E-1 1.90167E-1 1.98998E-1 2.03837E-1 2.07067E-1 2.15968E-1 2.21476E-1 2.22531E-1 2.21028E-1 2.22057E-1 2.20098E-1 2.2568E-1 2.26841E-1 2.29489E-1 2.39216E-1 2.3981E-1 2.37319E-1 2.37066E-1 2.36351E-1 2.45303E-1 2.44331E-1 2.41684E-1 2.44322E-1 2.34258E-1 2.27964E-1 2.29288E-1 2.38386E-1 2.74935E-1 3.008E-1 2.78971E-1
7.50718E-2 7.56888E-2 7.87856E-2 8.04267E-2 8.1373E-2 8.31498E-2 8.44368E-2 8.80425E-2 8.73367E-2 8.89142E-2 9.05919E-2 9.14744E-2 9.50278E-2 9.64695E-2 1.23155E-1 1.2639E-1 1.29543E-1 1.33229E-1 1.33806E-1 1.37168E-1 1.43578E-1 1.42888E-1 1.47655E-1 1.52232E-1 1.58645E-1 1.5941E-1 1.62205E-1 1.66511E-1 1.67581E-1 1.75098E-1 1.79145E-1 1.86447E-1 1.90674E-1 1.95244E-1 1.98282E-1 2.06375E-1 2.13898E-1 2.21937E-1 2.2004E-1 2.22119E-1 2.20371E-1 2.18486E-1 2.21303E-1 2.24582E-1 2.28923E-1 2.31554E-1 2.39767E-1 2.3847E-1 2.3875E-1 2.37619E-1 2.35215E-1 2.33805E-1 2.44091E-1 2.36676E-1 2.37376E-1 2.34449E-1 2.3198E-1 2.28877E-1 2.38197E-1 2.53793E-1 2.6123E-1
7.45931E-2 7.59457E-2 7.86557E-2 8.01463E-2 8.14459E-2 8.24712E-2 8.45813E-2 8.58891E-2 8.86009E-2 8.86079E-2 8.9713E-2 9.13312E-2 9.46276E-2 9.34812E-2 9.64141E-2 9.77834E-2 1.26991E-1 1.2816E-1 1.32367E-1 1.36366E-1 1.35477E-1 1.39389E-1 1.46465E-1 1.47414E-1 1.51614E-1 1.5465E-1 1.58304E-1 1.64508E-1 1.65278E-1 1.71985E-1 1.76713E-1 1.77451E-1 1.80959E-1 1.89029E-1 1.93733E-1 2.01391E-1 2.04615E-1 2.1237E-1 2.14729E-1 2.12539E-1 2.16026E-1 2.1976E-1 2.19457E-1 2.20891E-1 2.26267E-1 2.306E-1 2.32489E-1 2.33013E-1 2.40225E-1 2.38156E-1 2.36574E-1 2.34348E-1 2.35267E-1 2.38921E-1 2.32631E-1 2.28282E-1 2.33535E-1 2.28341E-1 2.34095E-1 2.40824E-1 2.46949E-1
7.34832E-2 7.58195E-2 7.86365E-2 7.95649E-2 7.93612E-2 8.05256E-2 8.39773E-2 8.51894E-2 8.68249E-2 8.81658E-2 8.87845E-2 9.06112E-2 9.17596E-2 9.19032E-2 9.36521E-2 9.67664E-2 9.91679E-2 1.00675E-1 1.03702E-1 1.05162E-1 1.05256E-1 1.38727E-1 1.43228E-1 1.45604E-1 1.47591E-1 1.51038E-1 1.53591E-1 1.59711E-1 1.64624E-1 1.64025E-1 1.69838E-1 1.72617E-1 1.76354E-1 1.83499E-1 1.88098E-1 1.92066E-1 1.95585E-1 2.02359E-1 2.09199E-1 2.11324E-1 2.13744E-1 2.15549E-1 2.20635E-1 2.20475E-1 2.24522E-1 2.26949E-1 2.30473E-1 2.33443E-1 2.34382E-1 2.32167E-1 2.31422E-1 2.36757E-1 2.36502E-1 2.3728E-1 2.34387E-1 2.31094E-1 2.30281E-1 2.28769E-1 2.33113E-1 2.35355E-1 2.3926E-1
7.34218E-2 7.60866E-2 7.66234E-2 7.94067E-2 8.07301E-2 8.08088E-2 8.33775E-2 8.30253E-2 8.55737E-2 8.67443E-2 8.83154E-2 8.96758E-2 9.02225E-2 9.11077E-2 9.25777E-2 9.36943E-2 9.64353E-2 9.93486E-2 1.00859E-1 1.30007E-1 1.3403E-1 1.08474E-1 1.09283E-1 1.11672E-1 1.12643E-1 1.49077E-1 1.4979E-1 1.55882E-1 1.56233E-1 1.62179E-1 1.63485E-1 1.25896E-1 1.69124E-1 1.77369E-1 1.78977E-1 1.84942E-1 1.9019E-1 1.9403E-1 2.00267E-1 2.11193E-1 2.10389E-1 2.13607E-1 2.17249E-1 2.21593E-1 2.20964E-1 2.25117E-1 2.29993E-1 2.32273E-1 2.35114E-1 2.33993E-1 2.34412E-1 2.3261E-1 2.41138E-1 2.49618E-1 2.52153E-1 2.50994E-1 2.28726E-1 2.28435E-1 2.52856E-1 2.31746E-1 2.3358E-1
7.3451E-2 7.41362E-2 7.65454E-2 7.77373E-2 7.92244E-2 8.17529E-2 8.3019E-2 8.39084E-2 8.37079E-2 8.65944E-2 8.72239E-2 8.84777E-2 8.94554E-2 9.08137E-2 9.17807E-2 9.44116E-2 9.56045E-2 9.88968E-2 1.01949E-1 1.00358E-1 1.03564E-1 1.06447E-1 1.07463E-1 1.0844E-1 1.08598E-1 1.1183E-1 1.14054E-1 1.15799E-1 1.50855E-1 1.20525E-1 1.1992E-1 1.2079E-1 1.67224E-1 1.67865E-1 1.74831E-1 1.78849E-1 1.82326E-1 1.9011E-1 1.9765E-1 2.03855E-1 2.12399E-1 2.15853E-1 2.13913E-1 1.60915E-1 2.19299E-1 2.25261E-1 1.79253E-1 1.90148E-1 2.01236E-1 2.0739E-1 2.17236E-1 2.21284E-1 2.22461E-1 2.26756E-1 2.34825E-1 2.42137E-1 2.42417E-1 2.53091E-1 2.53957E-1 2.56902E-1 2.55005E-1
7.31918E-2 7.41041E-2 7.50723E-2 7.80905E-2 7.91587E-2 8.16799E-2 8.08245E-2 8.42932E-2 8.45981E-2 8.51999E-2 8.63557E-2 8.75265E-2 8.81696E-2 8.94554E-2 9.22637E-2 9.31838E-2 9.42677E-2 9.73076E-2 9.99909E-2 9.8714E-2 1.01613E-1 1.03157E-1 1.04229E-1 1.06992E-1 1.06791E-1 1.10375E-1 1.10407E-1 1.14012E-1 1.1343E-1 1.13472E-1 1.16075E-1 1.19403E-1 1.21911E-1 1.21007E-1 1.23908E-1 1.26427E-1 1.29999E-1 1.35026E-1 1.37374E-1 1.41134E-1 1.42499E-1 1.46051E-1 1.53733E-1 1.55591E-1 1.63245E-1 1.68224E-1 1.73743E-1 1.82584E-1 1.90816E-1 2.0031E-1 2.11069E-1 2.11835E-1 2.14643E-1 2.18608E-1 2.22219E-1 2.26389E-1 2.34107E-1 2.51665E-1 2.45726E-1 2.47823E-1 2.46365E-1
7.32347E-2 7.39046E-2 7.70227E-2 7.78815E-2 7.87358E-2 8.18871E-2 8.24781E-2 8.33803E-2 8.31693E-2 8.42136E-2 8.53388E-2 8.65851E-2 8.69014E-2 8.84035E-2 9.00955E-2 9.17009E-2 9.31838E-2 9.40198E-2 9.7053E-2 9.56387E-2 9.81747E-2 1.01322E-1 1.02593E-1 1.05017E-1 1.05204E-1 1.08185E-1 1.09731E-1 1.09132E-1 1.11276E-1 1.14245E-1 1.14405E-1 1.14331E-1 1.17744E-1 1.18525E-1 1.21456E-1 1.25283E-1 1.25809E-1 1.29747E-1 1.31702E-1 1.35324E-1 1.39869E-1 1.43143E-1 1.47567E-1 1.52921E-1 1.53327E-1 1.61745E-1 1.68834E-1 1.74726E-1 1.85853E-1 1.90786E-1 1.95094E-1 2.04961E-1 2.05331E-1 2.08836E-1 2.11065E-1 2.18525E-1 2.31569E-1 2.27573E-1 2.3233E-1 2.31222E-1 2.33434E-1
7.13451E-2 7.43746E-2 7.59901E-2 7.6825E-2 7.98332E-2 8.05689E-2 8.12995E-2 8.24073E-2 8.249E-2 8.36135E-2 8.4351E-2 8.57411E-2 8.62828E-2 8.73634E-2 8.83131E-2 8.85641E-2 9.14387E-2 9.25986E-2 9.38478E-2 9.45947E-2 9.66988E-2 9.79186E-2 1.0098E-1 1.01692E-1 1.04556E-1 1.04664E-1 1.04821E-1 1.07558E-1 1.07988E-1 1.11116E-1 1.10439E-1 1.12861E-1 1.16527E-1 1.1701E-1 1.18363E-1 1.20341E-1 1.20716E-1 1.24827E-1 1.28111E-1 1.31578E-1 1.35354E-1 1.36919E-1 1.41614E-1 1.46258E-1 1.51036E-1 1.54054E-1 1.64257E-1 1.7055E-1 1.7456E-1 1.79704E-1 1.86839E-1 1.88145E-1 1.97064E-1 1.96582E-1 2.05424E-1 2.10581E-1 2.14209E-1 2.16951E-1 2.19581E-1 2.17392E-1 2.21871E-1
7.19894E-2 7.50216E-2 7.55834E-2 7.87721E-2 7.92602E-2 7.99812E-2 8.07749E-2 8.15165E-2 8.19001E-2 8.29308E-2 8.3682E-2 8.48904E-2 8.5197E-2 8.61945E-2 8.71321E-2 8.72902E-2 8.82393E-2 9.11039E-2 9.24291E-2 9.50675E-2 9.62694E-2 9.66227E-2 9.8924E-2 9.98063E-2 1.0281E-1 1.01846E-1 1.02591E-1 1.06158E-1 1.06505E-1 1.06239E-1 1.09042E-1 1.11275E-1 1.15315E-1 1.13726E-1 1.15842E-1 1.17352E-1 1.19747E-1 1.22847E-1 1.23596E-1 1.27633E-1 1.31797E-1 1.36395E-1 1.40155E-1 1.4135E-1 1.47028E-1 1.50532E-1 1.58292E-1 1.63344E-1 1.67962E-1 1.71361E-1 1.72837E-1 1.78712E-1 1.83365E-1 1.86029E-1 1.94899E-1 1.98643E-1 2.02158E-1 2.05758E-1 2.067E-1 2.12352E-1 2.12352E-1
7.26469E-2 7.31362E-2 7.55473E-2 7.76114E-2 7.84807E-2 8.09861E-2 8.17892E-2 8.03435E-2 8.09976E-2 8.15813E-2 8.29988E-2 8.56343E-2 8.39726E-2 8.4733E-2 8.57277E-2 8.67335E-2 8.72902E-2 8.96322E-2 9.07703E-2 9.20909E-2 9.47202E-2 9.58214E-2 9.66765E-2 9.67792E-2 9.92616E-2 9.96374E-2 9.99729E-2 1.02328E-1 1.05539E-1 1.04894E-1 1.05624E-1 1.07991E-1 1.09333E-1 1.10974E-1 1.13969E-1 1.1672E-1 1.15336E-1 1.1929E-1 1.22822E-1 1.25998E-1 1.27455E-1 1.32036E-1 1.36001E-1 1.37927E-1 1.42972E-1 1.47399E-1 1.53017E-1 1.56923E-1 1.59389E-1 1.636E-1 1.67137E-1 1.66874E-1 1.73285E-1 1.81451E-1 1.86379E-1 1.9008E-1 1.97174E-1 2.00416E-1 2.02615E-1 2.00307E-1 2.01675E-1
7.20992E-2 7.39487E-2 7.4689E-2 7.7244E-2 7.78846E-2 7.8304E-2 8.08194E-2 8.10473E-2 8.19355E-2 8.25948E-2 8.21017E-2 8.26082E-2 8.28443E-2 8.36634E-2 8.44902E-2 8.56399E-2 8.85127E-2 8.70408E-2 8.92319E-2 9.02896E-2 9.14383E-2 9.40529E-2 9.4381E-2 9.5026E-2 9.76462E-2 9.77864E-2 1.00842E-1 1.01323E-1 1.01068E-1 1.03878E-1 1.04116E-1 1.06757E-1 1.07389E-1 1.07942E-1 1.10496E-1 1.10363E-1 1.1635E-1 1.15257E-1 1.18682E-1 1.22659E-1 1.26429E-1 1.28321E-1 1.3163E-1 1.3614E-1 1.39156E-1 1.43308E-1 1.49852E-1 1.50365E-1 1.54086E-1 1.56509E-1 1.57615E-1 1.61985E-1 1.71768E-1 1.75186E-1 1.75893E-1 1.79746E-1 1.84606E-1 1.86678E-1 1.92354E-1 1.87395E-1 1.93122E-1
7.16112E-2 7.35505E-2 7.56263E-2 7.60984E-2 7.69575E-2 7.74518E-2 7.76763E-2 8.0072E-2 8.06645E-2 8.16998E-2 8.26626E-2 8.31735E-2 8.16465E-2 8.23868E-2 8.32697E-2 8.40929E-2 8.50108E-2 8.78632E-2 8.7196E-2 8.88271E-2 8.96279E-2 9.00404E-2 9.29561E-2 9.44795E-2 9.5474E-2 9.8216E-2 9.79654E-2 9.84779E-2 9.83004E-2 1.01114E-1 1.0316E-1 1.03097E-1 1.05907E-1 1.05964E-1 1.06403E-1 1.09887E-1 1.12889E-1 1.13683E-1 1.14685E-1 1.18522E-1 1.19791E-1 1.23121E-1 1.26907E-1 1.30887E-1 1.33796E-1 1.39121E-1 1.43963E-1 1.46175E-1 1.49277E-1 1.50769E-1 1.54578E-1 1.54862E-1 1.6304E-1 1.68195E-1 1.65126E-1 1.7081E-1 1.75222E-1 1.7716E-1 1.828E-1 1.79705E-1 1.82396E-1
7.20898E-2 7.27542E-2 7.42188E-2 7.52047E-2 7.73248E-2 7.6037E-2 7.83394E-2 7.90542E-2 7.96273E-2 8.06356E-2 8.11636E-2 8.14598E-2 8.23525E-2 8.30151E-2 8.38397E-2 8.32697E-2 8.57499E-2 8.65255E-2 8.73079E-2 8.79449E-2 8.87553E-2 8.95663E-2 9.08714E-2 9.33952E-2 9.41389E-2 9.55037E-2 9.56552E-2 9.74579E-2 9.8044E-2 9.79087E-2 1.00229E-1 1.02301E-1 1.02572E-1 1.04768E-1 1.05504E-1 1.0652E-1 1.09533E-1 1.10631E-1 1.13526E-1 1.16903E-1 1.18151E-1 1.2256E-1 1.22996E-1 1.27418E-1 1.29145E-1 1.34873E-1 1.40174E-1 1.40816E-1 1.4511E-1 1.45427E-1 1.47224E-1 1.54196E-1 1.58201E-1 1.59312E-1 1.57877E-1 1.64704E-1 1.67977E-1 1.69841E-1 1.71616E-1 1.71616E-1 1.72591E-1
7.11347E-2 7.17921E-2 7.42669E-2 7.59657E-2 7.46624E-2 7.67637E-2 7.74665E-2 7.79494E-2 7.86799E-2 7.93158E-2 7.93942E-2 8.02784E-2 8.13091E-2 8.21156E-2 8.28617E-2 8.3769E-2 8.4374E-2 8.52949E-2 8.6455E-2 8.92738E-2 8.83406E-2 8.96302E-2 9.24648E-2 9.22264E-2 9.30531E-2 9.37208E-2 9.42169E-2 9.62458E-2 9.69301E-2 9.91584E-2 9.72999E-2 1.00079E-1 9.98407E-2 1.01724E-1 1.04427E-1 1.05046E-1 1.08221E-1 1.08685E-1 1.09929E-1 1.13776E-1 1.14915E-1 1.18468E-1 1.22206E-1 1.24036E-1 1.27683E-1 1.30821E-1 1.34677E-1 1.38391E-1 1.38932E-1 1.42252E-1 1.45021E-1 1.49616E-1 1.50606E-1 1.52823E-1 1.51977E-1 1.59394E-1 1.62603E-1 1.63186E-1 1.64232E-1 1.63415E-1 1.67393E-1
7.17828E-2 7.27512E-2 7.30114E-2 7.29797E-2 7.47276E-2 7.56964E-2 7.6257E-2 7.79921E-2 7.66968E-2 7.74787E-2 7.81848E-2 7.92468E-2 8.00358E-2 8.09251E-2 8.16608E-2 8.25556E-2 8.34597E-2 8.45298E-2 8.5768E-2 8.67035E-2 8.92019E-2 9.06702E-2 8.99805E-2 9.22215E-2 9.21534E-2 9.2647E-2 9.40651E-2 9.41436E-2 9.37393E-2 9.6077E-2 9.6093E-2 9.85875E-2 9.87017E-2 9.93299E-2 1.01206E-1 1.04087E-1 1.05085E-1 1.07765E-1 1.06945E-1 1.10096E-1 1.13106E-1 1.15068E-1 1.18282E-1 1.22375E-1 1.25555E-1 1.31461E-1 1.31263E-1 1.32657E-1 1.36674E-1 1.39695E-1 1.41034E-1 1.42356E-1 1.45493E-1 1.47249E-1 1.52724E-1 1.54708E-1 1.54609E-1 1.55975E-1 1.59851E-1 1.57238E-1 1.58169E-1
7.14918E-2 7.28641E-2 7.15485E-2 7.36447E-2 7.44209E-2 7.49151E-2 7.51806E-2 7.62728E-2 7.71379E-2 7.78427E-2 7.88647E-2 7.9648E-2 7.92306E-2 7.97391E-2 8.05428E-2 8.14259E-2 8.25556E-2 8.36142E-2 8.45988E-2 8.59263E-2 8.808E-2 8.96956E-2 8.86861E-2 9.10871E-2 9.2148E-2 9.06413E-2 9.27443E-2 9.46181E-2 9.43092E-2 9.39383E-2 9.56154E-2 9.79229E-2 9.75122E-2 9.87346E-2 9.86133E-2 1.01613E-1 1.03908E-1 1.04449E-1 1.07193E-1 1.09556E-1 1.12347E-1 1.13753E-1 1.17279E-1 1.21036E-1 1.23872E-1 1.25744E-1 1.2962E-1 1.31232E-1 1.34469E-1 1.35968E-1 1.3939E-1 1.37092E-1 1.39796E-1 1.46568E-1 1.47686E-1 1.48985E-1 1.49416E-1 1.51081E-1 1.53054E-1 1.51254E-1 1.53321E-1
6.95255E-2 7.20238E-2 7.1998E-2 7.27266E-2 7.3569E-2 7.30541E-2 7.35895E-2 7.43561E-2 7.48993E-2 7.6851E-2 7.79879E-2 7.8472E-2 7.92054E-2 8.04387E-2 7.97391E-2 8.05428E-2 8.17279E-2 8.47822E-2 8.45162E-2 8.53706E-2 8.76761E-2 8.91178E-2 8.99207E-2 8.96142E-2 8.91656E-2 9.19132E-2 9.11776E-2 9.19059E-2 9.31657E-2 9.27679E-2 9.526E-2 9.49467E-2 9.53807E-2 9.75447E-2 1.00152E-1 1.00927E-1 1.00809E-1 1.01779E-1 1.0427E-1 1.06496E-1 1.09018E-1 1.12003E-1 1.13897E-1 1.17857E-1 1.19762E-1 1.2501E-1 1.26568E-1 1.29043E-1 1.3065E-1 1.31439E-1 1.35228E-1 1.32867E-1 1.37206E-1 1.41764E-1 1.4293E-1 1.43772E-1 1.43336E-1 1.46071E-1 1.51513E-1 1.45564E-1 1.48876E-1
6.81582E-2 7.10789E-2 7.05419E-2 7.32776E-2 7.17881E-2 7.34983E-2 7.28418E-2 7.32384E-2 7.40785E-2 7.44945E-2 7.50609E-2 7.7392E-2 7.85365E-2 7.94176E-2 8.02895E-2 8.1255E-2 8.25902E-2 8.36494E-2 8.49553E-2 8.55661E-2 8.65701E-2 8.53819E-2 8.64032E-2 8.8894E-2 8.82183E-2 9.05956E-2 9.05343E-2 9.16091E-2 9.2341E-2 9.36753E-2 9.26247E-2 9.411E-2 9.39204E-2 9.4856E-2 9.69059E-2 9.96804E-2 1.00195E-1 1.0045E-1 1.02001E-1 1.0492E-1 1.05851E-1 1.09231E-1 1.13041E-1 1.14664E-1 1.16309E-1 1.20324E-1 1.22466E-1 1.24814E-1 1.26599E-1 1.27055E-1 1.285E-1 1.31489E-1 1.33141E-1 1.38325E-1 1.39803E-1 1.38788E-1 1.40364E-1 1.45025E-1 1.46151E-1 1.40293E-1 1.44707E-1
6.54187E-2 6.76273E-2 6.97677E-2 7.03967E-2 7.19262E-2 7.26274E-2 7.32986E-2 7.41458E-2 7.34374E-2 7.37256E-2 7.46822E-2 7.58771E-2 7.65722E-2 7.73532E-2 7.97131E-2 8.0373E-2 8.14724E-2 8.23658E-2 8.30544E-2 8.39623E-2 8.50367E-2 8.47031E-2 8.70103E-2 8.81201E-2 8.74496E-2 8.71454E-2 8.85104E-2 9.08118E-2 9.02606E-2 9.08313E-2 9.07858E-2 9.33047E-2 9.15848E-2 9.38777E-2 9.58399E-2 9.69726E-2 9.91373E-2 9.96492E-2 1.00532E-1 1.02308E-1 1.05123E-1 1.06637E-1 1.09765E-1 1.11343E-1 1.13766E-1 1.16505E-1 1.17592E-1 1.21142E-1 1.23016E-1 1.25239E-1 1.24411E-1 1.28724E-1 1.31382E-1 1.33021E-1 1.34934E-1 1.36881E-1 1.37206E-1 1.40859E-1 1.39354E-1 1.39947E-1 1.43836E-1
6.52665E-2 6.67552E-2 6.81913E-2 6.96571E-2 7.01761E-2 7.18516E-2 7.22798E-2 7.29479E-2 7.26912E-2 7.40273E-2 7.47343E-2 7.48844E-2 7.68973E-2 7.81804E-2 7.77867E-2 7.83525E-2 7.92306E-2 8.14724E-2 8.21462E-2 8.14394E-2 8.23559E-2 8.38061E-2 8.60725E-2 8.70103E-2 8.70477E-2 8.83193E-2 8.74886E-2 8.91578E-2 8.77437E-2 8.94187E-2 8.98405E-2 9.06448E-2 9.24719E-2 9.24369E-2 9.37041E-2 9.58404E-2 9.69004E-2 9.87426E-2 9.94356E-2 1.0044E-1 1.04033E-1 1.07457E-1 1.06274E-1 1.10127E-1 1.11375E-1 1.12283E-1 1.15703E-1 1.1799E-1 1.19035E-1 1.17601E-1 1.20229E-1 1.24038E-1 1.26524E-1 1.28129E-1 1.30217E-1 1.30911E-1 1.3564E-1 1.37437E-1 1.34035E-1 1.39693E-1 1.41535E-1
6.57922E-2 6.58803E-2 6.74685E-2 6.95358E-2 7.00131E-2 7.15537E-2 7.32608E-2 7.21558E-2 7.22437E-2 7.29408E-2 7.40273E-2 7.47343E-2 7.58439E-2 7.52764E-2 7.79708E-2 7.71572E-2 7.77981E-2 7.94598E-2 8.14059E-2 8.29113E-2 8.33774E-2 8.37043E-2 8.27658E-2 8.37588E-2 8.65888E-2 8.72084E-2 8.57992E-2 8.79457E-2 8.5988E-2 8.6535E-2 8.90431E-2 8.91469E-2 9.16536E-2 9.02016E-2 9.28061E-2 9.33593E-2 9.52434E-2 9.8596E-2 9.96537E-2 1.00539E-1 1.00696E-1 1.04175E-1 1.06014E-1 1.06973E-1 1.09603E-1 1.12142E-1 1.1282E-1 1.14448E-1 1.17301E-1 1.15899E-1 1.17041E-1 1.22012E-1 1.24153E-1 1.26185E-1 1.27242E-1 1.2964E-1 1.3199E-1 1.33986E-1 1.31213E-1 1.35078E-1 1.37526E-1
6.55296E-2 6.57922E-2 6.72235E-2 6.86704E-2 6.9606E-2 7.13313E-2 7.05087E-2 7.3009E-2 7.21558E-2 7.44904E-2 7.50037E-2 7.4367E-2 7.53576E-2 7.59858E-2 7.68257E-2 7.6065E-2 7.69038E-2 7.92194E-2 8.00915E-2 8.12195E-2 8.03749E-2 8.11904E-2 8.19548E-2 8.30056E-2 8.45979E-2 8.41155E-2 8.47184E-2 8.44591E-2 8.5288E-2 8.74429E-2 8.75701E-2 8.82864E-2 8.8515E-2 8.95669E-2 9.12824E-2 9.25348E-2 9.47517E-2 9.67557E-2 9.88872E-2 9.97655E-2 1.00652E-1 1.03545E-1 1.03817E-1 1.03617E-1 1.07289E-1 1.11292E-1 1.11791E-1 1.12681E-1 1.12426E-1 1.12882E-1 1.14218E-1 1.19071E-1 1.21162E-1 1.24962E-1 1.23597E-1 1.28455E-1 1.31111E-1 1.3301E-1 1.28772E-1 1.34714E-1 1.3336E-1
6.50094E-2 6.601E-2 6.72261E-2 6.80102E-2 6.74668E-2 6.89189E-2 6.94365E-2 7.05087E-2 7.2704E-2 7.37483E-2 7.29257E-2 7.37659E-2 7.4662E-2 7.53485E-2 7.62866E-2 7.72739E-2 7.79174E-2 7.88602E-2 7.9663E-2 7.90126E-2 7.98804E-2 8.19207E-2 8.08062E-2 8.18432E-2 8.25192E-2 8.32964E-2 8.30813E-2 8.20706E-2 8.42419E-2 8.42744E-2 8.51898E-2 8.69853E-2 8.83458E-2 9.07373E-2 9.28114E-2 9.42571E-2 9.49162E-2 9.49979E-2 9.69342E-2 9.92532E-2 9.99862E-2 1.00506E-1 1.02099E-1 1.04317E-1 1.05552E-1 1.07269E-1 1.08249E-1 1.08718E-1 1.09489E-1 1.10006E-1 1.12002E-1 1.15979E-1 1.17592E-1 1.19091E-1 1.20833E-1 1.25E-1 1.26817E-1 1.27131E-1 1.27904E-1 1.32142E-1 1.32942E-1
6.44222E-2 6.57948E-2 6.63125E-2 6.54804E-2 6.73717E-2 6.70824E-2 6.82546E-2 7.17407E-2 7.13385E-2 7.18645E-2 7.36533E-2 7.32002E-2 7.41818E-2 7.4802E-2 7.56313E-2 7.62866E-2 7.72101E-2 7.82087E-2 7.88774E-2 7.77381E-2 7.97963E-2 7.89699E-2 8.01436E-2 8.09748E-2 7.93548E-2 8.12936E-2 8.21166E-2 8.20921E-2 8.29884E-2 8.44497E-2 8.42726E-2 8.52804E-2 8.75995E-2 8.95165E-2 9.07297E-2 9.26352E-2 9.42515E-2 9.66839E-2 9.8219E-2 9.87245E-2 9.94148E-2 1.00622E-1 1.00944E-1 1.02214E-1 1.03235E-1 1.06177E-1 1.06069E-1 1.07002E-1 1.08299E-1 1.06929E-1 1.12402E-1 1.14512E-1 1.18872E-1 1.20267E-1 1.19532E-1 1.22318E-1 1.252E-1 1.24861E-1 1.27895E-1 1.30152E-1 1.31649E-1
