Artocarpus heterophyllus SDM files/MIS19/results (without bias file)/Arthet_8.asc
ncols         625
nrows         721
xllcorner     69.99986311115
yllcorner     5.99986187915
cellsize      0.041666667
NODATA_value  -9999
[rows 0 to 26 of 721, columns 549 to 609 of 625]
2.67883E-4 2.81818E-4 2.78753E-4 2.73058E-4 2.61327E-4 2.45677E-4 2.26166E-4 2.21474E-4 2.30131E-4 2.25629E-4 2.47301E-4 2.1608E-4 1.60319E-4 2.58965E-4 2.6985E-4 2.61816E-4 2.48369E-4 1.86725E-4 2.5176E-4 2.16795E-4 2.37527E-4 1.92769E-4 2.64827E-4 1.78191E-4 1.62963E-4 2.45162E-4 1.91048E-4 2.00004E-4 1.8335E-4 2.35799E-4 2.44254E-4 1.83028E-4 2.46684E-4 2.13277E-4 1.9309E-4 2.13418E-4 2.16198E-4 2.10987E-4 2.03357E-4 2.03277E-4 2.14424E-4 2.26587E-4 2.55164E-4 2.81885E-4 3.22982E-4 3.53183E-4 3.94146E-4 4.3192E-4 4.43197E-4 3.95567E-4 3.80337E-4 3.5973E-4 2.83488E-4 2.91168E-4 3.28014E-4 3.22713E-4 3.38994E-4 3.30371E-4 3.27419E-4 3.49436E-4 3.35226E-4
2.8551E-4 2.83441E-4 2.9673E-4 2.86688E-4 2.9351E-4 2.91762E-4 2.81836E-4 2.71302E-4 2.68378E-4 2.58706E-4 2.57231E-4 2.49299E-4 2.37059E-4 2.89765E-4 2.98543E-4 2.51112E-4 2.40829E-4 2.63337E-4 2.64228E-4 2.47231E-4 2.46557E-4 2.8128E-4 2.69724E-4 1.88286E-4 1.98126E-4 1.84228E-4 1.97141E-4 2.07881E-4 2.1063E-4 2.06238E-4 1.91122E-4 2.08212E-4 2.05422E-4 2.00376E-4 2.08087E-4 1.87693E-4 2.21052E-4 2.6422E-4 2.67538E-4 2.42165E-4 2.00011E-4 2.39911E-4 2.51313E-4 2.6567E-4 2.74292E-4 3.21531E-4 4.03416E-4 4.27118E-4 4.45047E-4 4.38625E-4 4.12393E-4 4.70407E-4 3.76882E-4 3.3818E-4 2.9102E-4 3.09408E-4 2.65951E-4 3.23543E-4 2.99268E-4 3.08537E-4 3.28513E-4
2.97942E-4 2.9579E-4 2.98895E-4 2.90817E-4 2.88924E-4 2.85391E-4 2.75961E-4 2.82125E-4 2.95343E-4 3.18105E-4 2.90055E-4 2.57335E-4 2.85036E-4 2.45808E-4 2.95288E-4 2.62361E-4 2.81368E-4 2.08973E-4 2.86831E-4 2.73264E-4 1.99837E-4 2.94089E-4 2.52719E-4 2.12001E-4 2.12797E-4 2.26556E-4 2.15595E-4 2.01967E-4 2.45996E-4 2.22673E-4 1.99019E-4 2.24713E-4 2.56503E-4 2.32442E-4 2.35304E-4 2.23715E-4 2.50924E-4 2.94143E-4 2.55061E-4 2.52736E-4 2.54637E-4 3.01475E-4 3.15763E-4 3.49721E-4 3.24956E-4 3.42125E-4 3.56514E-4 4.03707E-4 3.61092E-4 3.36223E-4 3.33483E-4 3.54455E-4 3.79959E-4 4.23372E-4 3.78585E-4 3.07411E-4 3.17362E-4 2.97518E-4 2.90154E-4 2.76706E-4 2.66506E-4
2.90693E-4 2.80986E-4 2.88306E-4 2.87793E-4 2.74783E-4 2.66366E-4 2.77043E-4 2.56075E-4 2.76958E-4 3.00838E-4 3.13E-4 2.72599E-4 2.72909E-4 2.86231E-4 2.61167E-4 2.58203E-4 2.54157E-4 2.83804E-4 2.99032E-4 2.09527E-4 2.14218E-4 1.99251E-4 2.0525E-4 2.0841E-4 2.26277E-4 2.18703E-4 2.50604E-4 2.3598E-4 2.57191E-4 2.30283E-4 2.30893E-4 2.36592E-4 2.71095E-4 2.24253E-4 2.61676E-4 2.60483E-4 3.00446E-4 2.98735E-4 3.08113E-4 2.85644E-4 3.28702E-4 3.46035E-4 3.21062E-4 3.57014E-4 3.60553E-4 3.61009E-4 3.55773E-4 3.73859E-4 4.3929E-4 3.85366E-4 3.18759E-4 2.94621E-4 2.83121E-4 2.78421E-4 2.70298E-4 3.3073E-4 3.40378E-4 3.87067E-4 3.70264E-4 3.29154E-4 3.5274E-4
2.57654E-4 2.65568E-4 2.7959E-4 2.69255E-4 2.5514E-4 2.41393E-4 2.40477E-4 2.45048E-4 2.73591E-4 3.1561E-4 3.22907E-4 3.1975E-4 3.11631E-4 3.27427E-4 3.32737E-4 3.19728E-4 3.41733E-4 3.3071E-4 3.38283E-4 3.16553E-4 3.5308E-4 3.18736E-4 3.2081E-4 3.2223E-4 3.2986E-4 3.45273E-4 2.71306E-4 2.61511E-4 2.61244E-4 2.51809E-4 2.82669E-4 2.54386E-4 2.81533E-4 2.84003E-4 2.94851E-4 2.74202E-4 3.00316E-4 2.90848E-4 3.39277E-4 3.44089E-4 3.44823E-4 3.21272E-4 3.31195E-4 3.01721E-4 3.40202E-4 3.57365E-4 3.07084E-4 3.21491E-4 3.6365E-4 3.67959E-4 4.11023E-4 3.87654E-4 3.42725E-4 3.03561E-4 2.97959E-4 2.83626E-4 3.59403E-4 3.8581E-4 4.29562E-4 3.76526E-4 3.61507E-4
2.62214E-4 2.66189E-4 2.5358E-4 2.3789E-4 2.29635E-4 2.26801E-4 2.38418E-4 2.81616E-4 2.76373E-4 3.12918E-4 3.10018E-4 2.93645E-4 3.1011E-4 2.98017E-4 2.96559E-4 3.00281E-4 3.06764E-4 3.19995E-4 3.2956E-4 2.85447E-4 3.07016E-4 3.24603E-4 3.05957E-4 3.44366E-4 3.05626E-4 2.76068E-4 3.31076E-4 3.70438E-4 3.82425E-4 2.87379E-4 3.57154E-4 2.71053E-4 3.09194E-4 3.24274E-4 3.20408E-4 2.90571E-4 3.20805E-4 3.51627E-4 3.58937E-4 3.73676E-4 3.52769E-4 3.70305E-4 3.02412E-4 3.03475E-4 3.28257E-4 3.53736E-4 3.48375E-4 3.07962E-4 3.74813E-4 3.29917E-4 3.17542E-4 3.63712E-4 4.19524E-4 3.9247E-4 4.02629E-4 4.14778E-4 4.0481E-4 4.52432E-4 4.50368E-4 4.43658E-4 4.13018E-4
2.52229E-4 2.55071E-4 2.81247E-4 2.58722E-4 2.54343E-4 2.43522E-4 2.47078E-4 2.82085E-4 2.59258E-4 2.99911E-4 2.86884E-4 2.88692E-4 2.58206E-4 2.62742E-4 2.89175E-4 2.80633E-4 2.93057E-4 2.75087E-4 2.85077E-4 2.59728E-4 2.72144E-4 2.97525E-4 2.95598E-4 3.12437E-4 2.8146E-4 2.76068E-4 3.20945E-4 3.28919E-4 3.60008E-4 3.69214E-4 3.77633E-4 3.75407E-4 4.12859E-4 2.75329E-4 3.17533E-4 2.80166E-4 3.81645E-4 2.80433E-4 2.52281E-4 2.52554E-4 2.65388E-4 2.61665E-4 2.69034E-4 2.74519E-4 3.30193E-4 3.57611E-4 3.72759E-4 3.12277E-4 3.47181E-4 3.50455E-4 3.16675E-4 3.03195E-4 3.24658E-4 3.4296E-4 3.6847E-4 3.61234E-4 3.88043E-4 4.04041E-4 4.0861E-4 4.40555E-4 4.81996E-4
2.79551E-4 2.72174E-4 2.89846E-4 2.7897E-4 2.74271E-4 2.85724E-4 2.67688E-4 2.81247E-4 2.75836E-4 2.71517E-4 2.79441E-4 2.61805E-4 2.55523E-4 2.65227E-4 2.76299E-4 2.86051E-4 2.68608E-4 2.68694E-4 2.61902E-4 2.65192E-4 2.43166E-4 2.65713E-4 2.73242E-4 3.11545E-4 2.66756E-4 2.81045E-4 2.95294E-4 3.04703E-4 3.09441E-4 3.20009E-4 3.3091E-4 3.72102E-4 3.00503E-4 2.94405E-4 2.63083E-4 3.19628E-4 3.05106E-4 3.11029E-4 2.94253E-4 2.84478E-4 3.05725E-4 2.99257E-4 3.25603E-4 3.52972E-4 3.43337E-4 3.93784E-4 3.98353E-4 3.6783E-4 3.62828E-4 3.75072E-4 3.46815E-4 3.39392E-4 3.56869E-4 3.69844E-4 3.57179E-4 3.6144E-4 3.79246E-4 3.80236E-4 3.99096E-4 3.76164E-4 4.13927E-4
3.10298E-4 3.04665E-4 2.94781E-4 2.90171E-4 2.90909E-4 2.92712E-4 2.94518E-4 2.96679E-4 3.0682E-4 3.18469E-4 2.96202E-4 2.95123E-4 3.06331E-4 3.01537E-4 2.95741E-4 2.89709E-4 2.85179E-4 2.82768E-4 2.9637E-4 3.01357E-4 2.70049E-4 2.74334E-4 2.87529E-4 2.99895E-4 2.74334E-4 3.09495E-4 3.08817E-4 3.172E-4 3.29643E-4 3.21707E-4 3.21707E-4 3.53129E-4 3.54281E-4 3.38267E-4 3.4338E-4 3.82134E-4 3.73021E-4 3.75749E-4 3.67599E-4 3.51562E-4 3.70146E-4 3.77785E-4 3.89207E-4 4.09452E-4 3.26288E-4 4.12317E-4 4.64013E-4 4.15434E-4 3.28622E-4 4.36421E-4 3.16693E-4 3.39633E-4 4.19858E-4 3.50132E-4 3.57517E-4 3.02111E-4 3.25478E-4 3.55592E-4 3.70738E-4 3.75233E-4 3.78057E-4
3.12027E-4 3.1953E-4 3.3326E-4 3.29236E-4 3.0881E-4 3.19728E-4 2.96617E-4 2.95533E-4 3.10495E-4 2.95533E-4 3.25847E-4 3.06757E-4 3.22287E-4 3.20747E-4 3.13069E-4 3.28919E-4 3.05929E-4 3.00795E-4 3.1222E-4 3.08823E-4 3.02892E-4 3.16697E-4 3.15172E-4 3.11001E-4 2.94298E-4 3.19017E-4 3.01808E-4 3.20572E-4 3.35557E-4 3.3345E-4 3.04932E-4 3.04964E-4 2.78399E-4 2.48732E-4 2.82673E-4 3.19752E-4 3.3588E-4 3.09123E-4 3.2705E-4 3.15469E-4 3.43659E-4 3.85485E-4 3.38739E-4 3.80565E-4 4.10665E-4 3.65822E-4 3.80593E-4 2.85704E-4 4.27788E-4 3.72916E-4 3.9749E-4 4.0647E-4 3.14115E-4 3.15598E-4 4.88495E-4 3.87783E-4 4.28364E-4 4.14981E-4 4.30285E-4 4.44703E-4 3.22781E-4
3.38608E-4 3.20919E-4 3.59491E-4 3.33495E-4 3.2188E-4 3.13728E-4 3.12581E-4 3.19274E-4 3.16941E-4 2.98369E-4 3.14624E-4 3.08907E-4 3.22168E-4 3.22168E-4 3.3935E-4 3.21109E-4 3.38221E-4 3.14215E-4 3.11927E-4 3.41801E-4 3.19077E-4 3.34007E-4 3.26395E-4 3.20928E-4 3.16321E-4 3.14412E-4 3.14126E-4 3.19321E-4 3.49503E-4 3.39919E-4 3.49873E-4 3.16156E-4 3.42253E-4 3.18728E-4 2.99358E-4 3.0488E-4 3.20944E-4 2.98578E-4 3.57661E-4 3.05109E-4 3.10469E-4 3.21294E-4 3.11587E-4 3.60565E-4 3.45638E-4 3.51123E-4 3.36036E-4 3.70269E-4 3.9443E-4 3.60345E-4 2.80494E-4 2.82691E-4 3.09793E-4 3.18556E-4 3.44372E-4 3.28967E-4 3.31724E-4 3.18663E-4 3.35797E-4 3.27332E-4 3.31406E-4
3.88676E-4 3.83284E-4 3.8509E-4 3.6367E-4 3.58836E-4 3.38824E-4 3.18727E-4 3.48653E-4 3.48653E-4 3.39816E-4 3.34867E-4 3.18454E-4 3.28837E-4 3.25233E-4 3.26084E-4 3.4563E-4 3.46515E-4 3.43599E-4 3.39844E-4 3.55742E-4 3.5275E-4 3.48505E-4 3.45085E-4 3.55581E-4 3.65989E-4 3.40419E-4 3.13727E-4 3.56138E-4 3.68769E-4 3.59917E-4 3.68613E-4 3.49873E-4 3.24263E-4 3.19209E-4 3.33736E-4 3.19183E-4 3.293E-4 2.61586E-4 2.90153E-4 3.26538E-4 2.72732E-4 2.65936E-4 2.64881E-4 3.76995E-4 2.75597E-4 2.81196E-4 2.92161E-4 3.64268E-4 3.03984E-4 3.72637E-4 3.88885E-4 3.9692E-4 3.65822E-4 4.09674E-4 3.21368E-4 2.99001E-4 3.20355E-4 3.06148E-4 3.57684E-4 3.6066E-4 3.49575E-4
3.24875E-4 3.26938E-4 3.50311E-4 3.82284E-4 3.81021E-4 3.60337E-4 3.45089E-4 3.55106E-4 3.85618E-4 3.4298E-4 3.38382E-4 3.46898E-4 3.50029E-4 3.62382E-4 3.71052E-4 3.51507E-4 3.48557E-4 3.66198E-4 3.64459E-4 3.68492E-4 3.65393E-4 3.60993E-4 3.78299E-4 3.68309E-4 3.63881E-4 3.59905E-4 3.52199E-4 3.65638E-4 3.5818E-4 3.96569E-4 3.50283E-4 3.53297E-4 3.68137E-4 3.48734E-4 3.27143E-4 3.35452E-4 3.36598E-4 3.55558E-4 3.89822E-4 2.7051E-4 4.03258E-4 3.00064E-4 3.14811E-4 2.80171E-4 3.10617E-4 3.25871E-4 2.931E-4 3.03752E-4 3.18853E-4 3.21527E-4 3.56899E-4 3.1922E-4 3.11829E-4 4.83647E-4 3.16221E-4 3.59121E-4 3.2845E-4 3.23535E-4 3.21002E-4 3.35192E-4 3.3925E-4
3.01105E-4 3.2737E-4 3.56623E-4 3.28251E-4 3.39416E-4 3.37796E-4 4.01247E-4 3.9978E-4 3.83066E-4 3.82135E-4 3.72448E-4 3.7841E-4 3.58556E-4 3.75946E-4 3.89213E-4 3.84524E-4 3.76142E-4 3.73388E-4 3.74763E-4 3.68897E-4 3.72982E-4 3.71206E-4 3.63124E-4 3.82905E-4 3.76914E-4 3.68712E-4 3.82717E-4 3.73577E-4 3.61591E-4 3.73898E-4 3.89519E-4 3.61882E-4 3.58062E-4 3.5665E-4 3.41706E-4 3.56877E-4 3.44231E-4 3.64735E-4 3.76167E-4 3.98184E-4 4.02625E-4 4.31456E-4 4.10199E-4 3.82964E-4 3.78072E-4 3.75938E-4 2.92486E-4 3.0546E-4 3.06437E-4 3.23451E-4 3.38006E-4 3.36492E-4 3.22003E-4 3.32428E-4 3.39964E-4 5.04544E-4 4.53802E-4 3.30019E-4 4.93784E-4 4.78733E-4 3.63255E-4
3.76952E-4 4.00173E-4 4.12577E-4 3.88816E-4 3.436E-4 3.71539E-4 4.02197E-4 3.88942E-4 3.75434E-4 3.97367E-4 4.03236E-4 4.03236E-4 3.82599E-4 3.91787E-4 4.15359E-4 3.85305E-4 3.75946E-4 3.61053E-4 3.7379E-4 3.90847E-4 3.78915E-4 3.78915E-4 4.00589E-4 4.01614E-4 3.67545E-4 3.72225E-4 3.90643E-4 4.08468E-4 3.97254E-4 3.70851E-4 3.88604E-4 3.82103E-4 3.93791E-4 3.71196E-4 3.51716E-4 4.01422E-4 3.86102E-4 3.65494E-4 3.76447E-4 3.71886E-4 4.03334E-4 4.41501E-4 4.31322E-4 4.20791E-4 4.20707E-4 4.26405E-4 4.49501E-4 4.6063E-4 4.78494E-4 4.78494E-4 4.20473E-4 3.31279E-4 3.26835E-4 3.67289E-4 3.69431E-4 3.39526E-4 3.68943E-4 4.74263E-4 5.15135E-4 4.88042E-4 3.11254E-4
4.03303E-4 4.0544E-4 3.81551E-4 4.04975E-4 4.14318E-4 4.25113E-4 4.1316E-4 4.128E-4 4.19277E-4 4.11668E-4 4.11668E-4 4.09191E-4 3.97867E-4 3.86362E-4 3.90351E-4 4.10125E-4 4.01653E-4 3.85741E-4 3.89636E-4 3.98949E-4 3.82125E-4 4.0103E-4 4.33417E-4 4.01395E-4 3.74763E-4 4.05061E-4 4.04634E-4 3.97266E-4 3.86773E-4 4.03997E-4 4.73631E-4 4.38933E-4 4.06786E-4 3.85778E-4 4.31591E-4 4.11696E-4 4.2472E-4 3.79792E-4 3.79688E-4 3.6918E-4 3.78176E-4 4.19473E-4 4.42687E-4 4.50956E-4 4.06463E-4 3.20831E-4 4.65893E-4 4.4411E-4 5.15135E-4 4.42647E-4 4.72559E-4 4.79392E-4 5.04754E-4 5.22015E-4 5.02434E-4 5.25361E-4 5.10665E-4 5.36499E-4 5.84457E-4 4.5261E-4 3.20654E-4
3.50105E-4 3.17472E-4 3.30177E-4 3.24234E-4 3.53541E-4 3.4361E-4 3.68696E-4 3.76003E-4 3.99972E-4 4.2236E-4 4.08663E-4 4.00291E-4 3.87782E-4 4.02974E-4 4.20804E-4 4.14668E-4 4.10607E-4 4.03131E-4 3.94787E-4 3.93959E-4 3.8678E-4 4.01895E-4 4.13449E-4 3.96432E-4 4.05918E-4 3.92706E-4 4.19782E-4 4.11064E-4 4.2397E-4 4.35242E-4 4.16031E-4 3.83539E-4 4.03366E-4 3.76564E-4 4.16115E-4 4.53295E-4 4.20231E-4 4.11734E-4 3.84471E-4 3.71656E-4 3.89207E-4 4.55134E-4 4.89559E-4 4.61464E-4 4.16166E-4 4.21334E-4 2.90118E-4 3.48422E-4 5.62248E-4 4.50241E-4 5.18197E-4 4.37635E-4 5.52842E-4 4.9452E-4 4.87097E-4 5.11736E-4 5.56452E-4 6.55759E-4 5.59585E-4 4.70985E-4 4.29227E-4
3.45206E-4 3.30194E-4 3.25168E-4 3.2184E-4 3.39165E-4 3.47072E-4 3.50771E-4 3.81389E-4 3.76332E-4 3.74956E-4 4.04717E-4 4.12202E-4 4.1273E-4 4.19569E-4 4.07932E-4 3.95142E-4 4.076E-4 3.8414E-4 3.96241E-4 4.08719E-4 3.94384E-4 4.03803E-4 4.02319E-4 4.02319E-4 4.10865E-4 4.08288E-4 3.87777E-4 4.13012E-4 4.81066E-4 4.90612E-4 4.45885E-4 3.95179E-4 3.86539E-4 4.36871E-4 4.76632E-4 5.15411E-4 4.03561E-4 3.73204E-4 3.89593E-4 4.21522E-4 5.33124E-4 5.07288E-4 4.38933E-4 5.12223E-4 4.43496E-4 4.47284E-4 4.4846E-4 4.35188E-4 3.05255E-4 3.22103E-4 3.67141E-4 5.08513E-4 5.74273E-4 4.78167E-4 4.74945E-4 3.51335E-4 5.78373E-4 6.32399E-4 5.77183E-4 4.59477E-4 4.86025E-4
3.41253E-4 3.43753E-4 3.36858E-4 3.30538E-4 3.47072E-4 3.88581E-4 4.06805E-4 4.1488E-4 4.16401E-4 4.39725E-4 4.44583E-4 4.37098E-4 4.4436E-4 4.1273E-4 4.27872E-4 4.21635E-4 4.1447E-4 4.30697E-4 4.23354E-4 4.09573E-4 4.18306E-4 4.0917E-4 4.00663E-4 4.10225E-4 4.10225E-4 3.82325E-4 3.9725E-4 4.09721E-4 4.2414E-4 4.41713E-4 4.56725E-4 3.83893E-4 4.17522E-4 5.13011E-4 5.4128E-4 4.56602E-4 3.76268E-4 3.99962E-4 4.0539E-4 4.22758E-4 4.4149E-4 4.65063E-4 4.6073E-4 5.53052E-4 4.43277E-4 4.07836E-4 4.51607E-4 4.20799E-4 5.23915E-4 5.83636E-4 5.19538E-4 4.73595E-4 5.72225E-4 5.61403E-4 4.6726E-4 5.01313E-4 5.45225E-4 5.36603E-4 5.78373E-4 5.91134E-4 5.29165E-4
3.50311E-4 3.5288E-4 3.58075E-4 4.02732E-4 4.03386E-4 4.05438E-4 4.55891E-4 4.53206E-4 4.3913E-4 4.35723E-4 4.3096E-4 4.33329E-4 4.1676E-4 4.44935E-4 4.42245E-4 4.35799E-4 4.58459E-4 4.28402E-4 4.32798E-4 4.0554E-4 4.01534E-4 4.11126E-4 4.27644E-4 4.01087E-4 3.96677E-4 3.90873E-4 4.28691E-4 4.20855E-4 4.13564E-4 4.06E-4 4.24552E-4 4.15809E-4 4.55563E-4 5.14101E-4 4.5919E-4 4.38016E-4 4.07807E-4 4.16789E-4 4.42314E-4 4.98417E-4 5.75241E-4 5.91568E-4 5.8307E-4 5.29529E-4 4.85577E-4 4.18242E-4 4.27868E-4 5.25512E-4 6.49678E-4 5.68605E-4 4.98622E-4 4.82682E-4 5.49249E-4 5.08215E-4 4.81184E-4 6.25213E-4 5.22515E-4 5.14466E-4 5.40725E-4 6.21778E-4 6.32528E-4
4.89325E-4 4.67372E-4 4.63264E-4 4.28585E-4 4.28529E-4 4.46E-4 4.11293E-4 4.08851E-4 4.23346E-4 4.41338E-4 4.27591E-4 4.00796E-4 4.12449E-4 4.24742E-4 4.31025E-4 4.47911E-4 4.25266E-4 4.15995E-4 4.27352E-4 4.46251E-4 4.3013E-4 4.56935E-4 4.36507E-4 4.47468E-4 4.42551E-4 4.46985E-4 4.36061E-4 4.29674E-4 4.43617E-4 4.30706E-4 4.2324E-4 4.3812E-4 4.2653E-4 4.94481E-4 5.13288E-4 4.39141E-4 4.13564E-4 4.30866E-4 5.06868E-4 5.86536E-4 5.46947E-4 5.32495E-4 5.95479E-4 4.71419E-4 5.18574E-4 4.18813E-4 4.34641E-4 6.42289E-4 6.76826E-4 6.13647E-4 5.28839E-4 5.12163E-4 5.32226E-4 4.9737E-4 5.58571E-4 6.40921E-4 5.70577E-4 5.04738E-4 5.37512E-4 5.1745E-4 6.51477E-4
4.94273E-4 4.73079E-4 4.72011E-4 4.44778E-4 4.85026E-4 4.99618E-4 4.76962E-4 4.95463E-4 4.99092E-4 4.95145E-4 4.84052E-4 4.59484E-4 4.67763E-4 5.00584E-4 5.05435E-4 5.1785E-4 5.16672E-4 5.07981E-4 5.03095E-4 4.79127E-4 4.99729E-4 5.01569E-4 5.03416E-4 4.91236E-4 4.8823E-4 4.55783E-4 4.49627E-4 4.63769E-4 4.52445E-4 4.6715E-4 4.63713E-4 4.66527E-4 4.43425E-4 4.32094E-4 4.30499E-4 4.13961E-4 4.15493E-4 5.29686E-4 5.76181E-4 5.19495E-4 6.08999E-4 5.96596E-4 5.69928E-4 4.50104E-4 5.61464E-4 4.2958E-4 4.60853E-4 6.13847E-4 6.99681E-4 5.61818E-4 5.47441E-4 5.62707E-4 5.4988E-4 5.99538E-4 5.83761E-4 5.85277E-4 5.17895E-4 5.66558E-4 6.27831E-4 5.87152E-4 5.88031E-4
4.11238E-4 4.25354E-4 3.93786E-4 4.0602E-4 4.88145E-4 4.53871E-4 4.6151E-4 4.79606E-4 4.92188E-4 4.62028E-4 5.12854E-4 4.88828E-4 4.95463E-4 5.12739E-4 5.32008E-4 5.03616E-4 5.00374E-4 4.91402E-4 5.12278E-4 5.16789E-4 5.40617E-4 5.31561E-4 5.45138E-4 4.91488E-4 5.02778E-4 5.37367E-4 5.02197E-4 5.04212E-4 4.86534E-4 4.84744E-4 4.98703E-4 4.49598E-4 4.26239E-4 4.31549E-4 4.27194E-4 4.46717E-4 4.43425E-4 4.33695E-4 4.55622E-4 4.5394E-4 4.47273E-4 4.79751E-4 4.54979E-4 4.22995E-4 4.97782E-4 5.51602E-4 6.73142E-4 5.77692E-4 5.31877E-4 5.70116E-4 5.17829E-4 6.39259E-4 6.41574E-4 5.92219E-4 5.22073E-4 5.98017E-4 6.1515E-4 6.0618E-4 5.54195E-4 5.5071E-4 6.05608E-4
3.95076E-4 3.91314E-4 3.91515E-4 4.03142E-4 4.14387E-4 4.15906E-4 4.10828E-4 4.54005E-4 4.35061E-4 4.01309E-4 4.30994E-4 4.254E-4 4.8391E-4 4.67985E-4 4.53257E-4 4.92008E-4 4.97149E-4 5.05162E-4 5.04355E-4 4.69326E-4 4.90623E-4 5.21608E-4 5.20127E-4 4.97143E-4 5.49647E-4 5.58279E-4 5.4166E-4 5.45138E-4 5.0713E-4 5.225E-4 5.36334E-4 5.11085E-4 4.81725E-4 4.55558E-4 4.53241E-4 4.63992E-4 4.52128E-4 4.50878E-4 4.42607E-4 4.6801E-4 5.67186E-4 5.21507E-4 5.23267E-4 4.83862E-4 5.05673E-4 6.43956E-4 6.36231E-4 5.90818E-4 6.52825E-4 6.23006E-4 5.73377E-4 6.42959E-4 7.11624E-4 6.27226E-4 5.09429E-4 7.0214E-4 6.74834E-4 5.60896E-4 6.11348E-4 5.84691E-4 5.34478E-4
4.03448E-4 4.04928E-4 4.02479E-4 4.20582E-4 4.3413E-4 4.1751E-4 4.16981E-4 4.42962E-4 4.21589E-4 4.21589E-4 4.13936E-4 4.09411E-4 4.30702E-4 4.33328E-4 4.12422E-4 4.97681E-4 5.06062E-4 4.75882E-4 4.66192E-4 5.07333E-4 4.99276E-4 4.93147E-4 4.78641E-4 4.8851E-4 5.01812E-4 4.93429E-4 5.39459E-4 5.03322E-4 4.8771E-4 5.42605E-4 5.22066E-4 5.68012E-4 5.4475E-4 5.71482E-4 5.54395E-4 5.6552E-4 5.38849E-4 5.08441E-4 4.83739E-4 4.91546E-4 4.70178E-4 5.90684E-4 4.63992E-4 5.64897E-4 4.65401E-4 5.27835E-4 4.61551E-4 4.26519E-4 5.13879E-4 6.24973E-4 6.84053E-4 7.18912E-4 7.60099E-4 6.30143E-4 6.1413E-4 6.81428E-4 5.6072E-4 5.79538E-4 6.88144E-4 6.44233E-4 5.78793E-4
3.77504E-4 3.92815E-4 3.9476E-4 4.09432E-4 3.95448E-4 3.99826E-4 4.15489E-4 4.2009E-4 4.24742E-4 4.32611E-4 4.20605E-4 4.35471E-4 4.29627E-4 4.30697E-4 4.45913E-4 4.41023E-4 4.40502E-4 4.44847E-4 4.8629E-4 4.85621E-4 4.75092E-4 4.44054E-4 5.06527E-4 5.08796E-4 4.72073E-4 4.80038E-4 4.4563E-4 5.31633E-4 5.30898E-4 5.48558E-4 5.30799E-4 5.1666E-4 5.29383E-4 5.58648E-4 5.88563E-4 5.53625E-4 5.63266E-4 5.6627E-4 5.34299E-4 6.01614E-4 5.30942E-4 5.77451E-4 5.96419E-4 6.47738E-4 5.12742E-4 4.99353E-4 4.6928E-4 6.14988E-4 7.12008E-4 7.56641E-4 7.43051E-4 7.41741E-4 6.58993E-4 6.66275E-4 6.67874E-4 6.68853E-4 5.79807E-4 5.87383E-4 6.86428E-4 6.88942E-4 6.55285E-4
3.71601E-4 3.76835E-4 3.94956E-4 3.90626E-4 4.09392E-4 4.13445E-4 4.11928E-4 4.33307E-4 4.19569E-4 4.2007E-4 4.21618E-4 4.38629E-4 4.29045E-4 4.39731E-4 4.49118E-4 4.45823E-4 4.66148E-4 4.77759E-4 4.39918E-4 4.62199E-4 4.6112E-4 4.83904E-4 5.7256E-4 5.67895E-4 5.09158E-4 4.88897E-4 4.59148E-4 4.9615E-4 5.02411E-4 5.0668E-4 5.16693E-4 5.1999E-4 5.53117E-4 5.70641E-4 5.59575E-4 5.4636E-4 5.7973E-4 5.93692E-4 5.10467E-4 6.64817E-4 6.27776E-4 6.24647E-4 6.09761E-4 5.59297E-4 6.06173E-4 6.22615E-4 5.43434E-4 5.4925E-4 5.83974E-4 7.09702E-4 5.75835E-4 7.35072E-4 5.60031E-4 8.11835E-4 7.22415E-4 6.69393E-4 6.17418E-4 5.90283E-4 6.37749E-4 5.90582E-4 7.60886E-4
