Artocarpus heterophyllus SDM files/MIS19/results (without bias file)/Arthet_2.asc
ncols         625
nrows         721
xllcorner     69.99986311115
yllcorner     5.99986187915
cellsize      0.041666667
NODATA_value  -9999
[rows 135 to 161 of 721, columns 366 to 426 of 625]
2.20748E-3 1.58258E-3 1.89755E-3 1.70794E-3 1.73987E-3 2.35438E-3 2.17122E-3 2.42072E-3 1.97771E-3 2.3238E-3 2.28449E-3 1.94791E-3 2.31922E-3 1.81153E-3 1.58055E-3 2.07968E-3 2.56575E-3 2.41682E-3 2.35996E-3 2.28248E-3 2.11764E-3 2.19743E-3 2.383E-3 2.2084E-3 2.31517E-3 2.03069E-3 2.01264E-3 2.31774E-3 2.43877E-3 2.32602E-3 2.27882E-3 2.01811E-3 1.56024E-3 1.9798E-3 2.44284E-3 2.32127E-3 2.47511E-3 2.45755E-3 2.42875E-3 1.82443E-3 1.88137E-3 1.82546E-3 1.68776E-3 1.77233E-3 1.45063E-3 1.55633E-3 1.46824E-3 1.66417E-3 1.89556E-3 1.94238E-3 2.23512E-3 2.36482E-3 2.37712E-3 2.31756E-3 2.38386E-3 2.26758E-3 2.30009E-3 2.15805E-3 2.1451E-3 2.03904E-3 1.85038E-3
2.04667E-3 1.68617E-3 2.22632E-3 2.00862E-3 1.71872E-3 1.93168E-3 2.03256E-3 2.2621E-3 1.74324E-3 1.68617E-3 2.40035E-3 2.37299E-3 2.12954E-3 1.85005E-3 1.75783E-3 1.73946E-3 2.42269E-3 2.39754E-3 2.34701E-3 2.26593E-3 2.28007E-3 2.15075E-3 2.22889E-3 2.23059E-3 2.20386E-3 2.05093E-3 1.86992E-3 1.48079E-3 1.57326E-3 1.63149E-3 1.68368E-3 2.17937E-3 2.57E-3 2.39268E-3 2.37425E-3 2.37763E-3 2.48583E-3 2.44008E-3 1.93954E-3 2.12894E-3 1.97968E-3 2.6183E-3 2.61059E-3 2.42386E-3 2.11124E-3 2.17779E-3 2.12397E-3 2.2084E-3 2.27855E-3 2.17271E-3 2.31131E-3 2.32706E-3 2.34492E-3 2.38666E-3 2.53206E-3 2.37579E-3 2.44943E-3 2.3326E-3 2.2662E-3 2.30117E-3 2.24948E-3
2.10127E-3 1.70644E-3 2.05057E-3 2.21254E-3 2.03152E-3 1.70845E-3 2.02681E-3 1.58417E-3 2.35426E-3 2.04515E-3 1.7812E-3 2.40379E-3 2.09837E-3 1.94727E-3 1.78349E-3 1.67978E-3 2.23452E-3 2.07887E-3 2.5236E-3 2.36602E-3 2.2488E-3 2.1779E-3 2.25198E-3 2.14122E-3 2.09312E-3 1.97931E-3 1.53312E-3 1.50795E-3 1.62164E-3 2.08009E-3 2.19371E-3 2.34591E-3 2.44422E-3 2.3404E-3 1.86019E-3 2.29511E-3 2.31707E-3 2.32145E-3 2.32579E-3 2.34898E-3 1.8415E-3 2.51745E-3 2.51869E-3 2.32524E-3 2.17974E-3 2.20229E-3 2.16649E-3 2.2147E-3 2.29279E-3 2.30125E-3 2.25465E-3 2.41153E-3 2.49925E-3 2.40971E-3 2.38286E-3 2.40501E-3 2.43727E-3 2.38166E-3 2.29956E-3 2.47293E-3 2.34846E-3
1.77483E-3 1.6492E-3 2.11863E-3 2.11666E-3 2.04851E-3 1.81457E-3 2.19664E-3 2.03292E-3 2.10698E-3 2.19589E-3 2.02577E-3 2.12901E-3 2.11412E-3 2.14935E-3 1.59735E-3 2.18817E-3 1.69422E-3 2.11324E-3 1.86237E-3 2.37109E-3 2.30519E-3 2.2386E-3 2.33346E-3 2.19885E-3 1.96572E-3 1.87569E-3 1.64983E-3 1.48603E-3 1.67732E-3 2.70075E-3 2.69361E-3 2.43451E-3 2.26187E-3 2.17633E-3 2.03031E-3 2.23296E-3 2.25283E-3 2.35034E-3 2.46896E-3 2.33197E-3 2.12742E-3 1.88526E-3 2.54714E-3 2.42651E-3 2.37757E-3 2.27143E-3 2.21134E-3 2.0664E-3 2.37295E-3 2.46464E-3 2.5342E-3 2.33108E-3 2.55603E-3 2.45247E-3 2.53723E-3 2.52373E-3 2.48841E-3 2.47025E-3 2.60643E-3 2.61992E-3 2.68097E-3
1.85999E-3 1.74461E-3 1.99998E-3 2.008E-3 1.99811E-3 2.01709E-3 1.92633E-3 2.25154E-3 2.01098E-3 2.08768E-3 1.96786E-3 1.98963E-3 2.09964E-3 2.27805E-3 1.88914E-3 1.93074E-3 1.93463E-3 2.30581E-3 2.10501E-3 1.83898E-3 2.26727E-3 2.07354E-3 2.23725E-3 2.09312E-3 1.97537E-3 2.01409E-3 1.8415E-3 1.47706E-3 1.64713E-3 2.61619E-3 2.54226E-3 2.34112E-3 2.16574E-3 2.03273E-3 2.11331E-3 2.19422E-3 2.0166E-3 1.92173E-3 2.12335E-3 2.38464E-3 1.90482E-3 1.68225E-3 2.36668E-3 2.46733E-3 2.56348E-3 2.48316E-3 2.38994E-3 2.09835E-3 1.88805E-3 1.50687E-3 1.80357E-3 1.93878E-3 2.02605E-3 2.51488E-3 1.77864E-3 2.36296E-3 2.51769E-3 2.6725E-3 2.59557E-3 2.45021E-3 1.9436E-3
1.86913E-3 1.80011E-3 1.90494E-3 2.04412E-3 2.06841E-3 1.87961E-3 2.03487E-3 2.03389E-3 2.04502E-3 1.99229E-3 1.97394E-3 1.9797E-3 2.12596E-3 1.71821E-3 1.90865E-3 1.91832E-3 1.60119E-3 2.39229E-3 2.22803E-3 2.23975E-3 2.24906E-3 2.17386E-3 2.13685E-3 2.05656E-3 1.86656E-3 1.92798E-3 1.89406E-3 1.48745E-3 1.5317E-3 2.47297E-3 2.62556E-3 2.39969E-3 2.07374E-3 2.0657E-3 2.19173E-3 2.02783E-3 2.38199E-3 2.36647E-3 2.27656E-3 2.17568E-3 2.12807E-3 2.14755E-3 1.82416E-3 2.09082E-3 2.42689E-3 2.55489E-3 2.28589E-3 2.26372E-3 2.18619E-3 1.77205E-3 2.28248E-3 2.27222E-3 2.40093E-3 2.40197E-3 2.26997E-3 1.78199E-3 2.0083E-3 2.81122E-3 2.57729E-3 1.84684E-3 2.32789E-3
1.95066E-3 1.83584E-3 1.90889E-3 1.96427E-3 2.02315E-3 1.98083E-3 1.9854E-3 2.10099E-3 2.23656E-3 2.14056E-3 2.10341E-3 2.2933E-3 2.00041E-3 2.13617E-3 2.16068E-3 2.0109E-3 1.94143E-3 1.77902E-3 2.34492E-3 2.28325E-3 2.25811E-3 2.14526E-3 1.98796E-3 1.9155E-3 1.83985E-3 1.83982E-3 2.16497E-3 2.23894E-3 1.56119E-3 2.27246E-3 2.6463E-3 2.3258E-3 2.27684E-3 2.37037E-3 2.20046E-3 2.21763E-3 2.33877E-3 2.31628E-3 2.20313E-3 1.96246E-3 2.06857E-3 2.26714E-3 1.98682E-3 2.24103E-3 2.55468E-3 2.35365E-3 2.34455E-3 2.35354E-3 2.24175E-3 2.08567E-3 2.22924E-3 2.23055E-3 2.46633E-3 2.44948E-3 2.4014E-3 2.50749E-3 2.02605E-3 2.18043E-3 2.91689E-3 2.40052E-3 2.85388E-3
2.04632E-3 2.05082E-3 1.91283E-3 1.92248E-3 2.0485E-3 1.93151E-3 1.94486E-3 1.98693E-3 2.09716E-3 2.19886E-3 2.0982E-3 2.3021E-3 2.06302E-3 2.12954E-3 2.09858E-3 1.95168E-3 2.03934E-3 1.77946E-3 2.33838E-3 2.33049E-3 2.2328E-3 2.2359E-3 2.1655E-3 1.89039E-3 1.95783E-3 2.11331E-3 2.33325E-3 2.32136E-3 1.57609E-3 2.00832E-3 2.55096E-3 2.44811E-3 2.37889E-3 2.23359E-3 2.15627E-3 2.13464E-3 1.96813E-3 2.29635E-3 1.99188E-3 2.05304E-3 1.92646E-3 2.41269E-3 2.19476E-3 1.74516E-3 2.52281E-3 2.43997E-3 2.39102E-3 2.29094E-3 2.16517E-3 2.2376E-3 2.38954E-3 2.13104E-3 2.53177E-3 2.05219E-3 2.10971E-3 1.91643E-3 2.73116E-3 2.1913E-3 2.15047E-3 2.04882E-3 1.75495E-3
2.25968E-3 2.15071E-3 2.11893E-3 2.0712E-3 1.99976E-3 1.98469E-3 1.93281E-3 2.08209E-3 2.06578E-3 1.97874E-3 2.23046E-3 2.1872E-3 2.07302E-3 2.02297E-3 2.01133E-3 2.068E-3 2.18532E-3 2.16536E-3 1.85038E-3 2.26395E-3 2.24112E-3 2.08786E-3 2.06117E-3 2.01476E-3 2.00241E-3 1.95662E-3 2.30781E-3 2.21254E-3 1.57734E-3 1.86794E-3 2.45524E-3 2.47563E-3 2.27774E-3 2.14208E-3 2.13839E-3 2.199E-3 2.19856E-3 2.17824E-3 1.95538E-3 2.06943E-3 1.98533E-3 2.46783E-3 2.30136E-3 1.81017E-3 2.21281E-3 2.4367E-3 2.44988E-3 2.1835E-3 2.14634E-3 2.28642E-3 2.34168E-3 2.29512E-3 1.91361E-3 2.32399E-3 2.40917E-3 2.21201E-3 2.4599E-3 2.57938E-3 2.55715E-3 2.57068E-3 2.56133E-3
2.51004E-3 2.41134E-3 2.18638E-3 2.08271E-3 2.06736E-3 1.98734E-3 2.08991E-3 2.16123E-3 2.19156E-3 2.03603E-3 2.39847E-3 2.1046E-3 2.00437E-3 1.96258E-3 2.01794E-3 2.12619E-3 2.20078E-3 2.26235E-3 1.88415E-3 2.23981E-3 2.16536E-3 2.14085E-3 2.19073E-3 2.08752E-3 2.01471E-3 1.85908E-3 2.26833E-3 2.24935E-3 1.76055E-3 1.55761E-3 2.13972E-3 2.44298E-3 2.21321E-3 2.18738E-3 2.16287E-3 2.20947E-3 2.14056E-3 2.09468E-3 2.13541E-3 2.03239E-3 2.34898E-3 2.4054E-3 2.39131E-3 2.11549E-3 2.22051E-3 2.21188E-3 2.29789E-3 2.19934E-3 2.30062E-3 2.03247E-3 2.43433E-3 2.48204E-3 2.32759E-3 2.29532E-3 2.33031E-3 2.44802E-3 2.37197E-3 2.82177E-3 2.81535E-3 2.69193E-3 2.55316E-3
2.50995E-3 2.46754E-3 2.22432E-3 2.26783E-3 2.01407E-3 2.13878E-3 2.05254E-3 2.03458E-3 2.20559E-3 1.83404E-3 2.31607E-3 2.33117E-3 2.05323E-3 2.05384E-3 2.05741E-3 2.05731E-3 2.12094E-3 2.16992E-3 2.18507E-3 2.24512E-3 2.04964E-3 2.21173E-3 2.19041E-3 2.11303E-3 1.98307E-3 2.0407E-3 2.21715E-3 2.02934E-3 2.05958E-3 2.01029E-3 1.73345E-3 2.1218E-3 2.23068E-3 2.29009E-3 2.18291E-3 2.19294E-3 2.01633E-3 2.16042E-3 2.10316E-3 2.03413E-3 2.49158E-3 2.30136E-3 2.38172E-3 2.23439E-3 2.14573E-3 2.12753E-3 2.06695E-3 2.14993E-3 2.26256E-3 2.32136E-3 1.86794E-3 2.43054E-3 2.31409E-3 2.43852E-3 2.65016E-3 2.73382E-3 2.5596E-3 2.10101E-3 3.004E-3 2.91197E-3 2.82476E-3
2.63792E-3 2.55426E-3 2.26486E-3 2.09735E-3 2.07575E-3 2.1461E-3 2.15499E-3 2.10673E-3 2.14769E-3 2.21169E-3 1.91822E-3 2.38694E-3 2.1683E-3 2.02475E-3 2.093E-3 2.1739E-3 2.13122E-3 2.20628E-3 2.14406E-3 2.16537E-3 2.19243E-3 2.06644E-3 2.13303E-3 2.01903E-3 1.99018E-3 2.13479E-3 2.13173E-3 1.92613E-3 2.08339E-3 2.05918E-3 2.07712E-3 2.2486E-3 2.11768E-3 2.19616E-3 2.27039E-3 2.10799E-3 2.09032E-3 2.1215E-3 2.16613E-3 1.93296E-3 2.2911E-3 2.25378E-3 2.25729E-3 2.11429E-3 2.17207E-3 2.10278E-3 2.10856E-3 2.2082E-3 2.33116E-3 2.40974E-3 2.36146E-3 2.19347E-3 2.3231E-3 2.59536E-3 2.63787E-3 2.2129E-3 2.708E-3 2.38663E-3 1.90488E-3 2.09982E-3 2.97279E-3
2.5349E-3 2.48046E-3 2.26168E-3 2.26377E-3 2.16763E-3 2.12918E-3 2.21429E-3 2.09397E-3 2.1378E-3 2.13209E-3 1.92385E-3 2.35103E-3 2.25266E-3 2.02124E-3 2.17938E-3 2.34982E-3 2.07108E-3 2.02565E-3 2.16375E-3 2.14934E-3 2.08675E-3 1.99266E-3 1.99925E-3 2.02633E-3 2.08905E-3 2.20046E-3 2.15502E-3 2.17207E-3 2.19307E-3 2.33896E-3 2.26319E-3 2.26549E-3 2.18493E-3 2.09989E-3 2.11905E-3 1.94784E-3 2.12302E-3 2.18195E-3 2.27596E-3 2.28012E-3 2.13519E-3 2.26649E-3 2.26236E-3 2.26462E-3 2.32091E-3 2.19263E-3 2.23719E-3 2.41792E-3 2.31019E-3 2.30329E-3 2.3167E-3 2.50023E-3 2.5759E-3 2.50216E-3 2.06842E-3 2.52281E-3 2.55734E-3 2.84384E-3 3.03121E-3 2.81115E-3 2.20944E-3
2.71565E-3 2.60906E-3 2.47196E-3 2.49718E-3 2.24304E-3 2.15396E-3 2.25546E-3 2.12495E-3 2.16288E-3 2.24299E-3 2.26306E-3 2.14898E-3 2.48446E-3 2.3091E-3 2.27351E-3 2.31189E-3 2.1163E-3 1.9934E-3 2.17101E-3 2.11051E-3 2.03734E-3 2.05765E-3 2.10553E-3 2.12195E-3 2.23211E-3 2.35295E-3 2.42457E-3 2.37109E-3 2.20175E-3 2.12179E-3 2.22027E-3 2.14201E-3 2.18087E-3 2.00709E-3 2.00763E-3 2.06695E-3 2.07466E-3 2.24815E-3 2.29233E-3 2.17607E-3 2.21748E-3 2.28789E-3 2.40224E-3 2.49114E-3 2.26126E-3 2.2868E-3 2.36743E-3 2.16324E-3 2.55122E-3 2.44045E-3 2.54897E-3 2.48993E-3 2.73916E-3 2.38146E-3 2.62766E-3 2.44916E-3 2.39313E-3 2.79232E-3 3.06665E-3 2.81775E-3 2.66522E-3
2.70763E-3 2.59094E-3 2.58426E-3 2.46637E-3 2.35847E-3 2.3435E-3 2.39609E-3 2.26901E-3 2.18334E-3 2.25646E-3 2.25661E-3 2.33158E-3 2.50128E-3 2.55362E-3 2.39382E-3 2.26086E-3 2.08424E-3 2.13851E-3 2.10959E-3 1.96996E-3 2.12042E-3 2.14087E-3 2.12565E-3 2.16569E-3 2.30306E-3 2.36178E-3 2.29524E-3 2.21597E-3 2.19719E-3 2.15205E-3 2.07989E-3 2.01725E-3 2.03692E-3 2.01542E-3 2.05374E-3 2.08471E-3 2.21896E-3 2.29233E-3 2.26344E-3 2.08567E-3 2.00881E-3 2.26608E-3 2.21212E-3 2.31703E-3 2.39108E-3 2.37034E-3 2.31415E-3 2.27268E-3 2.40172E-3 2.05431E-3 1.97209E-3 2.66363E-3 2.21711E-3 2.63246E-3 2.40752E-3 2.38256E-3 2.07044E-3 2.94911E-3 3.04675E-3 2.80276E-3 2.65814E-3
2.53557E-3 2.68021E-3 2.82185E-3 2.62196E-3 2.55532E-3 2.42314E-3 2.49031E-3 2.37949E-3 2.32253E-3 2.27972E-3 2.22289E-3 2.34291E-3 2.62652E-3 2.59471E-3 2.38581E-3 2.19732E-3 2.14436E-3 2.20185E-3 2.05422E-3 2.06554E-3 2.16883E-3 2.28708E-3 2.33349E-3 2.23968E-3 2.34245E-3 2.50583E-3 2.34223E-3 2.16578E-3 2.0612E-3 1.97324E-3 1.90351E-3 1.88831E-3 1.84637E-3 1.95039E-3 2.01062E-3 2.15219E-3 2.19559E-3 2.23921E-3 2.00668E-3 2.00961E-3 2.27881E-3 2.30255E-3 2.32065E-3 2.27643E-3 2.44039E-3 2.32379E-3 2.25948E-3 2.26743E-3 2.33004E-3 2.32578E-3 2.50669E-3 2.52281E-3 2.4085E-3 2.36806E-3 2.29133E-3 2.26081E-3 2.83602E-3 2.17294E-3 3.20372E-3 3.06245E-3 3.17888E-3
2.72775E-3 2.56622E-3 2.86083E-3 2.71901E-3 2.56655E-3 2.63304E-3 2.7289E-3 2.53302E-3 2.54499E-3 2.51105E-3 2.31774E-3 2.49707E-3 2.58498E-3 2.52743E-3 2.35525E-3 2.36423E-3 2.35061E-3 2.16911E-3 2.17967E-3 2.13313E-3 2.1775E-3 2.23743E-3 2.26304E-3 2.23068E-3 2.40591E-3 2.50037E-3 2.35752E-3 2.11382E-3 2.00681E-3 1.96016E-3 1.90364E-3 1.82853E-3 1.94028E-3 1.89699E-3 2.05374E-3 2.06612E-3 2.15888E-3 2.15349E-3 1.92008E-3 2.06792E-3 2.26804E-3 2.33974E-3 2.52207E-3 2.43229E-3 2.30425E-3 2.25701E-3 2.03862E-3 2.13027E-3 2.24226E-3 2.37899E-3 2.41857E-3 2.4407E-3 2.33779E-3 2.23027E-3 2.30827E-3 2.69754E-3 2.8671E-3 3.00239E-3 2.4433E-3 3.14051E-3 3.11669E-3
2.81996E-3 2.79601E-3 2.63881E-3 2.63925E-3 2.79672E-3 2.69519E-3 2.85357E-3 2.73627E-3 2.84806E-3 2.68949E-3 2.4394E-3 2.47236E-3 2.67284E-3 2.58654E-3 2.58641E-3 2.42426E-3 2.28196E-3 2.25812E-3 2.25733E-3 2.16197E-3 2.14018E-3 2.23973E-3 2.36602E-3 2.33243E-3 2.31457E-3 2.59871E-3 2.26892E-3 2.16272E-3 2.06597E-3 2.02651E-3 1.99648E-3 2.05932E-3 2.10954E-3 2.01266E-3 2.09109E-3 2.1439E-3 2.12565E-3 1.9987E-3 1.89483E-3 2.0577E-3 2.23654E-3 2.06103E-3 2.28391E-3 2.63766E-3 2.36401E-3 2.07699E-3 2.09338E-3 2.14231E-3 2.29956E-3 2.44285E-3 2.37982E-3 2.33856E-3 2.25784E-3 2.36197E-3 2.67079E-3 3.06156E-3 2.79403E-3 2.80334E-3 3.29964E-3 3.1685E-3 3.00556E-3
3.16352E-3 2.91511E-3 2.85513E-3 2.8968E-3 3.01942E-3 2.81506E-3 2.74096E-3 2.75003E-3 2.95611E-3 2.96987E-3 2.85212E-3 2.5706E-3 2.81286E-3 2.86586E-3 2.67073E-3 2.52102E-3 2.3874E-3 2.38613E-3 2.25775E-3 2.3359E-3 2.19197E-3 2.10897E-3 2.36063E-3 2.23275E-3 2.40386E-3 2.44437E-3 2.44046E-3 2.14048E-3 2.11693E-3 2.09104E-3 2.20755E-3 2.15582E-3 2.07201E-3 2.14734E-3 2.18838E-3 2.29531E-3 2.03112E-3 2.10444E-3 1.9959E-3 1.95946E-3 2.24666E-3 2.12013E-3 2.131E-3 2.49327E-3 2.39661E-3 2.10328E-3 2.16829E-3 2.1793E-3 2.27023E-3 2.44811E-3 2.27364E-3 2.38126E-3 2.56348E-3 2.62939E-3 2.23644E-3 2.51209E-3 2.68169E-3 2.65218E-3 2.95175E-3 3.24929E-3 3.00395E-3
3.39019E-3 3.51663E-3 2.97115E-3 3.28694E-3 2.85942E-3 3.01492E-3 2.89267E-3 2.95141E-3 2.90603E-3 2.90565E-3 3.10683E-3 3.05702E-3 2.90978E-3 2.94528E-3 2.75196E-3 2.6862E-3 2.53367E-3 2.46685E-3 2.53786E-3 2.3025E-3 2.25223E-3 2.30516E-3 2.31414E-3 2.33785E-3 2.59538E-3 2.57284E-3 2.38077E-3 2.19493E-3 2.1251E-3 2.28965E-3 2.33414E-3 2.15873E-3 2.27581E-3 2.36638E-3 2.36482E-3 2.25476E-3 2.15297E-3 2.12518E-3 2.09297E-3 2.18542E-3 2.1322E-3 2.31528E-3 2.34447E-3 2.52522E-3 2.3488E-3 2.12315E-3 2.27143E-3 2.2046E-3 2.21216E-3 2.26675E-3 2.27039E-3 2.27367E-3 2.27828E-3 2.3431E-3 2.44104E-3 2.34596E-3 2.53931E-3 3.10208E-3 3.40918E-3 3.07722E-3 3.12631E-3
3.22126E-3 3.20686E-3 3.36095E-3 3.30491E-3 3.09417E-3 3.18293E-3 2.99468E-3 2.95646E-3 2.93762E-3 3.18076E-3 3.05331E-3 3.13643E-3 3.12994E-3 3.27672E-3 3.00696E-3 2.85605E-3 2.94395E-3 2.795E-3 2.69916E-3 2.67515E-3 2.42728E-3 2.49012E-3 2.63207E-3 2.49619E-3 2.52522E-3 2.77938E-3 2.28885E-3 2.28871E-3 2.42587E-3 2.60868E-3 2.53517E-3 2.53211E-3 2.57039E-3 2.53996E-3 2.59236E-3 2.50023E-3 2.17244E-3 2.09297E-3 2.33805E-3 2.24375E-3 2.08301E-3 2.21916E-3 2.29825E-3 2.5774E-3 2.27684E-3 2.19887E-3 2.29061E-3 2.43764E-3 2.18795E-3 2.20139E-3 2.23371E-3 2.28967E-3 2.37571E-3 2.47644E-3 2.46046E-3 2.5115E-3 2.98767E-3 2.84368E-3 3.18451E-3 2.8798E-3 2.83571E-3
3.55478E-3 3.00558E-3 2.92708E-3 3.43259E-3 3.15594E-3 3.11024E-3 3.0981E-3 2.98439E-3 2.99234E-3 3.19251E-3 3.21711E-3 3.07351E-3 3.03597E-3 3.33331E-3 3.29719E-3 3.05534E-3 3.21158E-3 2.95821E-3 2.93304E-3 3.02659E-3 2.92676E-3 2.85707E-3 2.73096E-3 2.65029E-3 2.6167E-3 2.84473E-3 2.56516E-3 2.63797E-3 2.60014E-3 2.55961E-3 2.59562E-3 2.67477E-3 2.70717E-3 2.71399E-3 2.75002E-3 2.68095E-3 2.37814E-3 2.44534E-3 2.58014E-3 2.40691E-3 2.30577E-3 2.28306E-3 2.44231E-3 2.59963E-3 2.34401E-3 2.36159E-3 2.50434E-3 2.26203E-3 2.18534E-3 2.31123E-3 2.36929E-3 2.56064E-3 2.64854E-3 2.5456E-3 2.41779E-3 2.65369E-3 2.97303E-3 3.19976E-3 3.48779E-3 2.90979E-3 2.8151E-3
3.29421E-3 3.29551E-3 2.99989E-3 2.62511E-3 2.58049E-3 2.84188E-3 2.67496E-3 2.82646E-3 3.1735E-3 3.20424E-3 3.41249E-3 3.29847E-3 3.31904E-3 3.21149E-3 3.21772E-3 2.86378E-3 2.92702E-3 2.71026E-3 2.67702E-3 2.49071E-3 2.62924E-3 2.68768E-3 2.60286E-3 2.62423E-3 2.96057E-3 2.69121E-3 2.50139E-3 2.51787E-3 2.50755E-3 2.39822E-3 2.35331E-3 2.60862E-3 2.31616E-3 2.4232E-3 2.71525E-3 2.77321E-3 2.8012E-3 2.80313E-3 2.53798E-3 2.62578E-3 2.72041E-3 2.65824E-3 2.62697E-3 2.47768E-3 2.44528E-3 2.50224E-3 2.55974E-3 2.32771E-3 2.38243E-3 2.49298E-3 2.42023E-3 2.63177E-3 2.76133E-3 2.52846E-3 2.69125E-3 2.73428E-3 2.72153E-3 3.1876E-3 3.65877E-3 3.27733E-3 3.64422E-3
3.79388E-3 3.64981E-3 3.23854E-3 3.27379E-3 2.73216E-3 3.21219E-3 3.48449E-3 3.02787E-3 3.41248E-3 3.17322E-3 3.02499E-3 2.96452E-3 2.87271E-3 2.94052E-3 3.22396E-3 3.10777E-3 3.35985E-3 3.23926E-3 3.10006E-3 2.84032E-3 2.73643E-3 2.74465E-3 2.67243E-3 2.71671E-3 2.93219E-3 2.69248E-3 2.58464E-3 2.6609E-3 2.4006E-3 2.54629E-3 2.35432E-3 2.53146E-3 2.28951E-3 2.5224E-3 2.33663E-3 2.7276E-3 2.69797E-3 2.67644E-3 2.76652E-3 2.70619E-3 2.55772E-3 2.7314E-3 2.68551E-3 2.72579E-3 2.7921E-3 2.89545E-3 3.03431E-3 2.88895E-3 2.73218E-3 3.03643E-3 2.67323E-3 2.82985E-3 3.04373E-3 2.74217E-3 2.97883E-3 3.51034E-3 3.66056E-3 3.57578E-3 3.72617E-3 3.8819E-3 3.88179E-3
3.76985E-3 4.04277E-3 4.23725E-3 3.5468E-3 3.07881E-3 3.21836E-3 3.80549E-3 3.33553E-3 3.1998E-3 3.1966E-3 3.11588E-3 3.20255E-3 3.39468E-3 3.44609E-3 3.16304E-3 3.01949E-3 3.29415E-3 3.22118E-3 3.20819E-3 3.05803E-3 3.14543E-3 2.92106E-3 2.80601E-3 2.75254E-3 2.73284E-3 2.69282E-3 2.67164E-3 2.47036E-3 2.30671E-3 2.49772E-3 2.62833E-3 2.56104E-3 2.58979E-3 2.62669E-3 2.58423E-3 2.57692E-3 2.47583E-3 2.73497E-3 2.57605E-3 2.66132E-3 2.79524E-3 2.69371E-3 2.71321E-3 2.79806E-3 2.92287E-3 3.00455E-3 3.05603E-3 3.161E-3 3.21037E-3 3.12921E-3 3.41426E-3 3.34594E-3 3.54571E-3 3.45943E-3 3.57511E-3 3.17941E-3 3.14827E-3 3.46834E-3 3.1155E-3 3.84912E-3 3.85644E-3
3.82918E-3 4.44766E-3 3.99715E-3 4.04922E-3 3.85948E-3 3.72983E-3 3.62015E-3 3.34016E-3 2.96742E-3 2.76438E-3 3.03412E-3 3.08896E-3 2.75395E-3 2.97061E-3 3.05622E-3 3.26531E-3 3.03536E-3 3.20273E-3 3.3423E-3 3.39128E-3 3.0426E-3 2.76858E-3 3.03355E-3 3.06228E-3 3.12454E-3 3.10553E-3 2.75263E-3 2.47025E-3 2.53387E-3 2.57224E-3 2.60944E-3 2.6473E-3 2.55429E-3 2.53546E-3 2.57586E-3 2.54593E-3 2.43038E-3 2.53757E-3 2.55199E-3 2.54364E-3 2.72411E-3 2.84261E-3 2.87812E-3 2.86428E-3 2.83635E-3 2.72267E-3 3.20152E-3 3.13585E-3 3.13162E-3 3.14285E-3 2.51761E-3 2.69948E-3 3.17443E-3 3.16768E-3 3.33659E-3 3.10085E-3 3.47493E-3 3.47125E-3 3.33457E-3 3.85093E-3 4.24376E-3
4.1221E-3 3.7883E-3 4.0805E-3 3.81996E-3 3.61696E-3 4.12073E-3 3.75551E-3 3.38492E-3 3.517E-3 3.96193E-3 3.27821E-3 3.42994E-3 3.41999E-3 3.6766E-3 3.72569E-3 3.55103E-3 3.40843E-3 3.85379E-3 3.43726E-3 3.48773E-3 3.10176E-3 3.00463E-3 2.8517E-3 2.92017E-3 3.04191E-3 2.69679E-3 2.37132E-3 2.2838E-3 2.25674E-3 2.42043E-3 2.56897E-3 2.86469E-3 2.61332E-3 2.71991E-3 2.58164E-3 2.43057E-3 2.55814E-3 2.6305E-3 2.54891E-3 2.56774E-3 2.68267E-3 2.58036E-3 2.48629E-3 2.4525E-3 2.55931E-3 2.32892E-3 2.39851E-3 3.07665E-3 3.06955E-3 3.07181E-3 2.98633E-3 3.17307E-3 3.24475E-3 3.32411E-3 3.37853E-3 3.43499E-3 3.45206E-3 3.1521E-3 3.6338E-3 3.97959E-3 4.4557E-3
