Artocarpus heterophyllus SDM files/MIS19/results (without bias file)/Arthet_min.asc
ncols         625
nrows         721
xllcorner     69.99986311115
yllcorner     5.99986187915
cellsize      0.041666667
NODATA_value  -9999
[rows 27 to 53 of 721, columns 305 to 365 of 625]
1.54572E-4 1.33747E-4 1.39586E-4 1.86734E-4 1.64083E-4 1.40234E-4 1.46657E-4 1.95925E-4 1.72679E-4 2.08351E-4 5.69241E-4 5.43388E-4 5.71222E-4 5.75337E-4 5.83753E-4 5.34189E-4 5.43255E-4 5.22694E-4 5.23988E-4 5.25766E-4 1.83121E-4 1.79195E-4 1.69935E-4 1.64767E-4 1.85916E-4 1.87808E-4 1.93477E-4 1.81463E-4 1.74294E-4 1.62343E-4 1.58937E-4 1.53252E-4 2.31665E-4 5.41837E-4 5.5339E-4 4.47431E-4 4.73022E-4 5.2165E-4 5.32289E-4 4.93695E-4 5.21099E-4 5.62547E-4 5.48823E-4 5.78492E-4 5.79336E-4 6.39289E-4 6.38074E-4 5.73867E-4 5.17835E-4 4.90587E-4 5.94316E-4 5.92263E-4 5.82815E-4 5.96643E-4 5.13122E-4 5.98866E-4 5.70645E-4 5.01656E-4 5.1713E-4 5.77145E-4 6.61939E-4
1.538E-4 1.26594E-4 1.4418E-4 1.36437E-4 1.35279E-4 1.39703E-4 1.41207E-4 1.55551E-4 1.66597E-4 2.23813E-4 2.45717E-4 5.12401E-4 2.22374E-4 2.12632E-4 1.87783E-4 4.47308E-4 4.28153E-4 4.20716E-4 2.10774E-4 2.10774E-4 2.04974E-4 1.55428E-4 1.55477E-4 1.76889E-4 1.68719E-4 1.75057E-4 1.79013E-4 1.86812E-4 1.81381E-4 1.51651E-4 1.59316E-4 1.98979E-4 6.14889E-4 2.21999E-4 2.08476E-4 5.25507E-4 5.11985E-4 5.70784E-4 5.75724E-4 5.65971E-4 5.50896E-4 5.43001E-4 5.72373E-4 5.62628E-4 5.40694E-4 5.22164E-4 5.93632E-4 5.33678E-4 4.97275E-4 1.8346E-4 5.02025E-4 5.71501E-4 5.69436E-4 4.89232E-4 4.74124E-4 5.40724E-4 5.57022E-4 5.28833E-4 4.52802E-4 4.14801E-4 4.83291E-4
1.293E-4 1.33823E-4 1.47317E-4 1.71389E-4 1.76127E-4 1.65284E-4 1.50526E-4 1.82905E-4 1.80124E-4 2.00719E-4 2.23231E-4 2.10983E-4 2.18977E-4 1.77017E-4 1.60924E-4 1.5661E-4 1.59974E-4 1.64106E-4 1.5743E-4 1.65059E-4 1.61569E-4 1.68668E-4 1.65499E-4 1.76094E-4 1.54243E-4 1.58958E-4 1.77698E-4 1.63454E-4 1.57968E-4 1.55282E-4 2.2214E-4 6.02197E-4 6.4807E-4 5.92043E-4 5.47684E-4 6.34885E-4 6.134E-4 5.46476E-4 5.25688E-4 5.26358E-4 5.52709E-4 5.51624E-4 5.88766E-4 5.63372E-4 5.75279E-4 5.6961E-4 5.55118E-4 5.33738E-4 4.88862E-4 5.44243E-4 5.8135E-4 5.78931E-4 5.29807E-4 5.27775E-4 5.52496E-4 6.24479E-4 4.64439E-4 2.1887E-4 5.10123E-4 4.68954E-4 4.68734E-4
1.352E-4 2.12914E-4 4.54695E-4 4.7744E-4 4.58575E-4 2.24954E-4 1.75737E-4 4.6999E-4 4.91848E-4 2.28938E-4 1.8753E-4 1.89199E-4 1.93871E-4 1.64903E-4 1.60295E-4 1.76117E-4 1.78391E-4 1.62541E-4 1.45889E-4 1.39782E-4 1.62028E-4 4.94518E-4 5.30914E-4 1.82676E-4 1.60365E-4 1.69552E-4 1.67046E-4 1.62098E-4 1.78931E-4 2.00092E-4 6.304E-4 5.15676E-4 5.18223E-4 5.63209E-4 5.66192E-4 5.78652E-4 5.75259E-4 4.91516E-4 4.74258E-4 5.29842E-4 5.55152E-4 5.67286E-4 5.82781E-4 6.25686E-4 5.98686E-4 5.44433E-4 5.28054E-4 5.22506E-4 5.15594E-4 6.19192E-4 5.8912E-4 5.67192E-4 5.35856E-4 6.02528E-4 5.9918E-4 6.15951E-4 5.91637E-4 5.20997E-4 2.10431E-4 5.27742E-4 5.27819E-4
2.08364E-4 4.75533E-4 4.57944E-4 4.60937E-4 4.5175E-4 4.53673E-4 4.46354E-4 5.29431E-4 5.10978E-4 4.99616E-4 4.85002E-4 4.82964E-4 2.15539E-4 4.89133E-4 4.97814E-4 4.89856E-4 5.50901E-4 1.73642E-4 1.43135E-4 1.50685E-4 1.76182E-4 5.90513E-4 5.7998E-4 5.13288E-4 2.44948E-4 1.80825E-4 1.81651E-4 1.63178E-4 1.61085E-4 1.8849E-4 2.22008E-4 2.45925E-4 5.18738E-4 5.32872E-4 5.06485E-4 4.86691E-4 5.18576E-4 4.52541E-4 4.86067E-4 5.27367E-4 5.5291E-4 6.33149E-4 6.35838E-4 6.0436E-4 6.28934E-4 6.29712E-4 5.25757E-4 4.98143E-4 4.6767E-4 5.67192E-4 5.94678E-4 6.17269E-4 6.57574E-4 6.66962E-4 6.69063E-4 6.28321E-4 6.21822E-4 6.54557E-4 5.49456E-4 5.09393E-4 5.94223E-4
2.20468E-4 5.05767E-4 4.67501E-4 4.55724E-4 4.48197E-4 4.33605E-4 5.15935E-4 5.21009E-4 4.95068E-4 4.92679E-4 4.9677E-4 4.19014E-4 1.72978E-4 4.92526E-4 4.79812E-4 4.64458E-4 5.12491E-4 1.55244E-4 1.52984E-4 2.24805E-4 6.05704E-4 6.31082E-4 5.71632E-4 5.28558E-4 5.54708E-4 2.47647E-4 5.04198E-4 1.72953E-4 1.72568E-4 1.92953E-4 2.19943E-4 6.54905E-4 5.8047E-4 4.80365E-4 4.51561E-4 4.71992E-4 4.71919E-4 2.1604E-4 2.09705E-4 5.33572E-4 5.48393E-4 5.63209E-4 5.92804E-4 6.16642E-4 5.72087E-4 4.92919E-4 2.18448E-4 1.79511E-4 1.76523E-4 1.93008E-4 5.55416E-4 6.33695E-4 6.44638E-4 5.84823E-4 5.79073E-4 5.85393E-4 5.61578E-4 5.88451E-4 5.57196E-4 5.08649E-4 6.23786E-4
4.48026E-4 4.47896E-4 4.18221E-4 4.09945E-4 4.38983E-4 4.18799E-4 4.68161E-4 4.9522E-4 4.59048E-4 4.06044E-4 4.42724E-4 4.08365E-4 1.54663E-4 4.81622E-4 1.69753E-4 2.14837E-4 5.27786E-4 2.49591E-4 4.99226E-4 4.89717E-4 6.10916E-4 6.19333E-4 5.58317E-4 5.40354E-4 5.44966E-4 5.13799E-4 5.87729E-4 5.32208E-4 2.43728E-4 5.68626E-4 6.15349E-4 6.33744E-4 6.0189E-4 5.68511E-4 4.45358E-4 1.8648E-4 1.79569E-4 1.74447E-4 2.20122E-4 1.95331E-4 5.34892E-4 4.91864E-4 5.21397E-4 4.87078E-4 4.94329E-4 4.6782E-4 4.7931E-4 5.61612E-4 5.35043E-4 4.83676E-4 1.98191E-4 6.22795E-4 5.63148E-4 4.89214E-4 4.44394E-4 4.79004E-4 4.61604E-4 5.286E-4 6.24437E-4 5.66997E-4 6.21145E-4
4.82988E-4 4.46164E-4 1.51289E-4 1.52038E-4 4.25663E-4 4.72927E-4 4.49122E-4 4.51821E-4 1.56092E-4 1.87002E-4 3.95003E-4 4.39659E-4 4.36868E-4 1.77921E-4 1.50277E-4 1.69756E-4 4.87082E-4 4.88512E-4 5.38536E-4 1.81506E-4 2.34006E-4 5.88147E-4 5.05935E-4 5.34957E-4 5.51633E-4 6.01759E-4 6.03487E-4 5.50269E-4 5.57673E-4 6.28614E-4 6.27566E-4 6.04354E-4 5.29791E-4 4.965E-4 4.78216E-4 1.68891E-4 1.61432E-4 1.54285E-4 1.95361E-4 5.73478E-4 5.28049E-4 4.91884E-4 4.64055E-4 4.49069E-4 2.1513E-4 4.77052E-4 2.37174E-4 1.84132E-4 5.6711E-4 5.42216E-4 6.07111E-4 1.99725E-4 2.48267E-4 2.17885E-4 5.14543E-4 5.48681E-4 5.64537E-4 5.71443E-4 6.61543E-4 6.0142E-4 6.07134E-4
4.06446E-4 4.03218E-4 3.70051E-4 1.45079E-4 1.45778E-4 2.11382E-4 3.95568E-4 1.56134E-4 1.62168E-4 4.01056E-4 4.00816E-4 4.04768E-4 1.68726E-4 1.67019E-4 1.44653E-4 1.6165E-4 2.01622E-4 4.85526E-4 4.66989E-4 1.82735E-4 2.56547E-4 2.4958E-4 4.72817E-4 5.21088E-4 5.18941E-4 5.65257E-4 5.56818E-4 5.34855E-4 5.89904E-4 5.92081E-4 5.31255E-4 5.63191E-4 4.84298E-4 4.89104E-4 4.83905E-4 1.79822E-4 1.64948E-4 1.55884E-4 2.70725E-4 2.28462E-4 1.82659E-4 1.81545E-4 2.02547E-4 4.78633E-4 1.89939E-4 2.33666E-4 5.19528E-4 1.77791E-4 5.22842E-4 4.87496E-4 2.16535E-4 1.9184E-4 2.22109E-4 2.31206E-4 5.77634E-4 5.45624E-4 5.19253E-4 5.78519E-4 6.37161E-4 6.48383E-4 5.98608E-4
1.81165E-4 1.3912E-4 3.5848E-4 1.4705E-4 1.52188E-4 4.40688E-4 1.93086E-4 1.5367E-4 1.54678E-4 1.4828E-4 1.53377E-4 4.2601E-4 4.45157E-4 1.66852E-4 1.59625E-4 1.50368E-4 1.66634E-4 1.68077E-4 1.54311E-4 1.64933E-4 1.91702E-4 2.36194E-4 2.14277E-4 1.80923E-4 2.31614E-4 1.88904E-4 4.65193E-4 1.82833E-4 5.20049E-4 2.28302E-4 2.30484E-4 2.28208E-4 4.75082E-4 2.16901E-4 1.85161E-4 1.73773E-4 1.58977E-4 1.65166E-4 2.36242E-4 1.87141E-4 2.07949E-4 2.31959E-4 2.35374E-4 2.4296E-4 1.926E-4 1.84411E-4 1.81697E-4 1.7707E-4 1.75531E-4 1.9359E-4 5.27559E-4 5.53844E-4 5.63253E-4 5.80902E-4 6.44252E-4 5.68241E-4 4.74664E-4 5.07632E-4 5.17607E-4 5.56758E-4 5.50619E-4
1.61202E-4 1.42564E-4 3.69863E-4 1.41448E-4 1.42329E-4 1.64557E-4 1.53631E-4 1.96613E-4 4.08058E-4 2.00893E-4 1.55002E-4 2.06591E-4 4.3336E-4 4.529E-4 2.4614E-4 2.41692E-4 5.08699E-4 4.73424E-4 1.4312E-4 1.45278E-4 1.54948E-4 2.30848E-4 1.929E-4 1.78164E-4 1.69619E-4 1.68539E-4 1.6566E-4 1.69266E-4 2.0105E-4 2.68368E-4 2.63453E-4 2.29352E-4 1.78369E-4 1.79743E-4 1.62831E-4 1.63163E-4 1.64516E-4 1.69113E-4 2.21009E-4 5.84242E-4 6.67751E-4 6.2944E-4 6.20489E-4 5.97505E-4 5.89381E-4 5.69872E-4 5.13149E-4 4.93841E-4 2.43887E-4 2.33829E-4 5.76868E-4 5.90998E-4 6.12891E-4 5.7372E-4 5.52862E-4 5.03637E-4 5.02121E-4 5.86612E-4 5.31598E-4 4.27958E-4 2.26649E-4
1.40318E-4 1.45292E-4 1.54305E-4 1.42187E-4 1.39414E-4 1.63133E-4 4.43448E-4 4.4111E-4 4.22134E-4 4.21901E-4 4.0038E-4 4.53666E-4 4.64858E-4 4.68735E-4 4.89126E-4 5.14102E-4 5.33338E-4 4.70389E-4 1.61518E-4 1.53313E-4 1.52607E-4 1.69221E-4 1.79375E-4 1.68904E-4 1.63189E-4 1.58338E-4 1.58658E-4 1.66705E-4 1.9304E-4 2.45746E-4 2.55928E-4 2.3345E-4 1.66771E-4 1.62831E-4 2.59341E-4 1.81417E-4 1.63405E-4 1.67227E-4 1.84371E-4 2.8575E-4 6.34857E-4 5.91086E-4 6.1893E-4 6.0706E-4 6.0117E-4 6.25233E-4 6.19035E-4 6.66702E-4 6.64314E-4 6.40105E-4 5.44658E-4 2.43548E-4 2.51995E-4 5.02537E-4 1.69308E-4 1.89153E-4 2.61663E-4 5.75232E-4 5.10735E-4 1.83968E-4 1.79415E-4
1.54407E-4 1.47195E-4 1.4558E-4 1.43582E-4 1.4215E-4 1.83687E-4 4.55097E-4 1.88061E-4 1.56587E-4 4.0669E-4 2.15443E-4 4.27542E-4 4.45616E-4 4.64219E-4 5.03057E-4 5.16753E-4 4.94108E-4 5.06857E-4 5.04229E-4 2.59876E-4 1.68224E-4 1.59667E-4 1.71093E-4 1.59348E-4 1.62456E-4 1.75603E-4 1.97311E-4 1.9727E-4 1.92189E-4 2.21609E-4 2.51566E-4 5.03973E-4 5.43759E-4 5.29658E-4 2.65364E-4 1.68856E-4 1.62988E-4 1.65447E-4 1.90062E-4 6.34846E-4 6.03521E-4 5.53275E-4 5.58397E-4 5.78112E-4 5.98141E-4 6.20263E-4 5.9394E-4 5.70602E-4 6.08445E-4 6.37245E-4 6.36421E-4 6.38685E-4 5.67138E-4 1.86937E-4 1.64252E-4 1.80538E-4 2.69996E-4 6.45995E-4 2.39576E-4 1.74495E-4 1.69587E-4
4.20303E-4 2.19333E-4 1.61665E-4 1.56094E-4 1.50625E-4 1.61261E-4 1.63953E-4 1.58615E-4 1.627E-4 1.48497E-4 1.59442E-4 4.43638E-4 2.18608E-4 4.28332E-4 4.37451E-4 4.29817E-4 2.28688E-4 1.71558E-4 1.77874E-4 1.80673E-4 2.65144E-4 1.85012E-4 1.66399E-4 1.59291E-4 1.89785E-4 2.5381E-4 6.10859E-4 6.17784E-4 5.66872E-4 5.55967E-4 5.29493E-4 5.14528E-4 5.18085E-4 2.67838E-4 1.67797E-4 1.64108E-4 1.68031E-4 1.82425E-4 1.91641E-4 6.50596E-4 2.47999E-4 5.27426E-4 5.0594E-4 4.8351E-4 5.15754E-4 5.45669E-4 5.4964E-4 5.18791E-4 2.4488E-4 2.41919E-4 4.9825E-4 5.00205E-4 5.04675E-4 1.91535E-4 1.65301E-4 1.7174E-4 2.23406E-4 2.86768E-4 5.50315E-4 1.67797E-4 1.69184E-4
1.62255E-4 2.06506E-4 2.15179E-4 4.11438E-4 1.63315E-4 1.73707E-4 1.60269E-4 1.55905E-4 1.54909E-4 1.72982E-4 1.71206E-4 1.59207E-4 1.66822E-4 1.64341E-4 1.65403E-4 1.61994E-4 1.621E-4 1.63202E-4 2.54306E-4 5.32447E-4 5.6547E-4 5.64504E-4 5.67377E-4 1.74937E-4 1.6169E-4 1.94749E-4 2.42924E-4 2.37397E-4 2.53389E-4 2.47517E-4 2.49254E-4 5.21076E-4 1.78697E-4 1.84612E-4 1.89904E-4 1.96174E-4 1.8861E-4 2.12447E-4 6.35197E-4 5.73484E-4 5.47924E-4 4.97317E-4 4.98726E-4 2.30458E-4 5.08627E-4 5.88582E-4 5.48744E-4 5.38538E-4 5.47322E-4 4.87683E-4 1.99372E-4 2.04848E-4 2.59813E-4 1.89499E-4 1.7796E-4 1.71733E-4 1.71648E-4 2.27281E-4 5.98724E-4 5.60011E-4 1.98745E-4
1.5584E-4 1.50014E-4 1.61207E-4 1.59143E-4 1.63031E-4 1.73471E-4 1.69849E-4 1.56673E-4 1.48489E-4 1.46897E-4 1.43767E-4 1.54975E-4 1.73642E-4 1.75844E-4 1.78088E-4 1.61777E-4 1.67096E-4 4.88407E-4 5.57088E-4 5.66845E-4 5.55538E-4 5.18937E-4 2.69545E-4 5.01021E-4 1.72286E-4 1.59894E-4 1.60203E-4 1.66924E-4 1.62305E-4 1.606E-4 1.66201E-4 1.76265E-4 2.61958E-4 6.31183E-4 6.30948E-4 6.28882E-4 6.4303E-4 6.16001E-4 5.49389E-4 5.46008E-4 4.81153E-4 4.70519E-4 2.21681E-4 2.30631E-4 1.94677E-4 1.98374E-4 2.29285E-4 1.89225E-4 2.42631E-4 5.19532E-4 2.02958E-4 2.60395E-4 2.0743E-4 2.83865E-4 5.37097E-4 5.44237E-4 1.798E-4 1.74988E-4 1.79625E-4 1.84903E-4 2.12447E-4
1.58672E-4 1.50082E-4 1.52032E-4 1.39498E-4 1.60062E-4 1.6847E-4 1.61084E-4 1.69247E-4 1.65351E-4 1.59769E-4 1.54013E-4 1.65302E-4 1.71821E-4 1.76292E-4 1.96683E-4 4.95414E-4 5.23544E-4 5.43154E-4 5.4438E-4 5.26169E-4 4.91305E-4 4.67098E-4 2.72412E-4 5.86811E-4 5.5159E-4 1.92844E-4 1.65141E-4 1.64425E-4 1.75427E-4 1.86871E-4 1.92637E-4 5.7101E-4 6.14184E-4 6.25392E-4 6.15123E-4 5.81596E-4 5.84673E-4 4.6886E-4 4.52009E-4 5.13488E-4 5.17253E-4 4.52009E-4 2.39642E-4 1.88414E-4 1.93832E-4 1.95527E-4 1.91835E-4 1.89403E-4 1.952E-4 1.92715E-4 2.02517E-4 1.99074E-4 1.98637E-4 2.07441E-4 5.79626E-4 6.66276E-4 6.73293E-4 5.2463E-4 5.37197E-4 5.53687E-4 1.96138E-4
1.36792E-4 1.52999E-4 1.48787E-4 1.58012E-4 2.37455E-4 1.81667E-4 1.60459E-4 1.53689E-4 1.59746E-4 1.54679E-4 1.59758E-4 1.61796E-4 1.78263E-4 2.02326E-4 5.13993E-4 2.43611E-4 5.11952E-4 5.05627E-4 5.03871E-4 4.63405E-4 4.3417E-4 4.53132E-4 1.86595E-4 5.23321E-4 5.40284E-4 2.84878E-4 1.67709E-4 1.75508E-4 1.81633E-4 2.17964E-4 5.66524E-4 5.9454E-4 6.0201E-4 5.39E-4 5.07164E-4 4.86186E-4 2.22171E-4 1.76778E-4 2.45544E-4 5.07865E-4 5.12108E-4 2.36167E-4 1.90098E-4 1.94319E-4 2.00753E-4 2.01665E-4 1.9608E-4 1.85759E-4 1.85321E-4 1.81355E-4 1.91802E-4 1.9478E-4 1.95179E-4 1.85269E-4 1.91356E-4 2.04222E-4 6.7688E-4 6.93097E-4 6.99106E-4 2.91285E-4 2.1115E-4
1.7941E-4 1.44733E-4 1.43114E-4 1.57656E-4 1.78204E-4 1.5502E-4 1.49434E-4 1.51383E-4 1.84571E-4 1.8941E-4 1.7835E-4 1.68257E-4 1.99837E-4 5.32602E-4 5.06743E-4 1.84023E-4 1.86688E-4 1.85701E-4 1.84738E-4 1.66919E-4 1.71854E-4 1.82229E-4 1.89403E-4 2.41398E-4 1.68924E-4 1.6197E-4 1.87791E-4 2.11563E-4 2.77228E-4 6.32028E-4 6.2921E-4 5.16929E-4 2.02373E-4 1.9885E-4 2.08886E-4 1.99125E-4 5.02191E-4 5.07842E-4 5.33957E-4 4.87379E-4 2.2937E-4 1.88017E-4 1.93935E-4 2.02958E-4 2.06073E-4 2.04796E-4 2.02991E-4 1.93556E-4 1.87329E-4 1.85269E-4 1.87702E-4 1.97758E-4 2.02105E-4 1.73229E-4 1.76173E-4 1.97186E-4 2.85852E-4 6.26317E-4 5.26779E-4 2.0226E-4 1.78588E-4
1.7862E-4 1.71953E-4 1.83025E-4 1.534E-4 1.47807E-4 1.61144E-4 1.84573E-4 2.61082E-4 4.97061E-4 2.6541E-4 1.90657E-4 1.64677E-4 1.93061E-4 1.9878E-4 1.90381E-4 2.45978E-4 1.86445E-4 1.75987E-4 1.66723E-4 1.62074E-4 1.59894E-4 1.93895E-4 1.75927E-4 1.62194E-4 1.69087E-4 5.5231E-4 5.245E-4 5.4992E-4 5.62944E-4 5.66804E-4 5.71542E-4 5.64233E-4 5.78378E-4 5.6703E-4 5.48522E-4 5.42028E-4 5.54498E-4 5.50618E-4 4.99678E-4 2.47342E-4 1.90496E-4 2.50891E-4 2.61393E-4 2.67085E-4 2.06578E-4 2.06578E-4 2.05225E-4 2.02105E-4 1.96045E-4 5.66956E-4 6.5018E-4 6.82651E-4 6.03967E-4 2.97356E-4 1.94833E-4 5.94457E-4 7.19329E-4 7.02857E-4 6.60729E-4 6.91706E-4 5.69932E-4
1.48742E-4 1.71536E-4 1.75298E-4 1.50737E-4 1.53316E-4 1.64252E-4 1.71883E-4 1.80969E-4 1.72256E-4 1.63209E-4 1.69345E-4 1.8226E-4 1.93095E-4 1.92618E-4 1.77496E-4 1.86897E-4 1.70039E-4 1.63165E-4 1.51316E-4 1.55914E-4 1.70138E-4 1.83125E-4 1.56984E-4 1.71191E-4 5.56962E-4 5.92268E-4 5.99018E-4 5.97499E-4 5.98738E-4 5.93782E-4 5.67936E-4 5.72912E-4 5.39653E-4 5.28622E-4 5.12982E-4 2.38767E-4 1.91605E-4 5.39528E-4 5.02886E-4 5.04518E-4 4.94976E-4 4.96498E-4 2.81415E-4 2.84079E-4 5.32422E-4 2.88362E-4 2.08855E-4 2.02126E-4 2.06972E-4 6.50004E-4 6.49257E-4 6.42133E-4 6.57564E-4 6.11812E-4 5.36173E-4 2.75628E-4 2.77375E-4 6.1204E-4 6.77869E-4 7.14349E-4 6.64878E-4
1.46021E-4 1.82969E-4 1.83402E-4 1.6015E-4 1.51334E-4 1.5259E-4 1.5025E-4 1.6169E-4 1.67067E-4 2.00753E-4 2.55128E-4 1.81492E-4 1.58971E-4 1.60984E-4 1.61289E-4 1.79706E-4 1.82925E-4 2.09654E-4 2.84257E-4 1.71394E-4 1.68528E-4 1.8797E-4 1.74635E-4 2.03774E-4 2.68266E-4 5.95924E-4 5.37766E-4 5.33994E-4 5.44988E-4 5.17875E-4 5.19743E-4 5.08952E-4 4.95074E-4 5.19601E-4 4.80845E-4 2.49577E-4 1.82573E-4 5.76365E-4 4.90332E-4 4.79536E-4 4.87409E-4 5.5898E-4 5.39092E-4 5.22273E-4 2.92545E-4 2.11598E-4 2.03893E-4 1.96073E-4 1.97684E-4 2.13269E-4 1.96717E-4 2.29287E-4 2.14917E-4 1.9606E-4 1.99414E-4 5.80428E-4 5.79278E-4 6.30038E-4 7.09639E-4 6.84256E-4 6.77058E-4
1.62523E-4 1.67129E-4 1.77559E-4 1.8229E-4 1.7274E-4 1.49946E-4 1.46356E-4 1.69923E-4 2.04278E-4 1.8296E-4 1.67795E-4 1.62776E-4 1.52767E-4 1.52001E-4 1.5293E-4 1.59374E-4 1.92943E-4 1.90526E-4 2.06985E-4 1.91565E-4 1.87717E-4 1.93897E-4 2.79571E-4 2.18988E-4 2.07799E-4 2.30484E-4 2.32367E-4 5.29101E-4 4.8571E-4 4.83111E-4 4.94268E-4 4.78071E-4 4.5433E-4 4.68829E-4 2.47044E-4 1.9149E-4 1.83309E-4 1.96321E-4 2.02678E-4 1.96011E-4 1.88069E-4 1.99376E-4 2.04956E-4 2.71245E-4 5.46518E-4 2.92726E-4 5.57445E-4 5.4439E-4 1.88784E-4 1.88784E-4 2.17479E-4 1.82635E-4 1.80909E-4 1.95248E-4 2.0588E-4 2.29944E-4 6.57219E-4 7.08527E-4 6.99836E-4 7.03865E-4 6.70653E-4
2.67962E-4 2.63654E-4 4.61604E-4 4.57478E-4 1.70909E-4 1.45424E-4 1.69262E-4 1.94835E-4 1.9439E-4 1.65303E-4 1.5479E-4 1.5304E-4 1.51691E-4 1.60444E-4 1.653E-4 1.63149E-4 1.69285E-4 1.67516E-4 1.74548E-4 1.80054E-4 1.88533E-4 2.12933E-4 5.94357E-4 6.00384E-4 5.63905E-4 2.70173E-4 1.79364E-4 1.89245E-4 1.85255E-4 1.94702E-4 1.86506E-4 2.03575E-4 2.27031E-4 2.23573E-4 4.52209E-4 1.96557E-4 1.94372E-4 1.7931E-4 1.917E-4 2.14938E-4 2.18942E-4 1.87004E-4 1.8885E-4 2.09258E-4 6.04219E-4 6.18521E-4 2.89769E-4 2.20466E-4 2.97293E-4 6.44998E-4 2.92424E-4 1.85359E-4 1.94012E-4 2.12684E-4 2.87634E-4 6.52749E-4 6.99515E-4 7.11667E-4 7.06423E-4 6.72983E-4 6.19121E-4
1.781E-4 1.67137E-4 1.64275E-4 1.70578E-4 1.57727E-4 1.60038E-4 1.97426E-4 1.71887E-4 1.55748E-4 1.77042E-4 1.91963E-4 1.96202E-4 1.94505E-4 1.77907E-4 1.72464E-4 1.78925E-4 1.89255E-4 1.81283E-4 2.08782E-4 2.15729E-4 2.0086E-4 5.5471E-4 5.77491E-4 5.53809E-4 2.65329E-4 5.00864E-4 2.83035E-4 1.84361E-4 1.78198E-4 1.72633E-4 1.69373E-4 1.77662E-4 2.00297E-4 1.99573E-4 2.2583E-4 1.9902E-4 2.0005E-4 1.88946E-4 1.85607E-4 2.51784E-4 2.31582E-4 2.07564E-4 1.79879E-4 1.9487E-4 2.38788E-4 2.39375E-4 1.98314E-4 2.29064E-4 1.88982E-4 2.19703E-4 1.95365E-4 2.11368E-4 6.83578E-4 7.07662E-4 7.01109E-4 7.03226E-4 6.85367E-4 6.12923E-4 5.86936E-4 5.15323E-4 2.07889E-4
1.69633E-4 1.68247E-4 1.69395E-4 1.71597E-4 1.70889E-4 2.81012E-4 1.67146E-4 1.52475E-4 1.55053E-4 1.76949E-4 2.05132E-4 2.53969E-4 1.89887E-4 1.74497E-4 2.832E-4 5.52342E-4 2.91439E-4 2.83057E-4 5.54034E-4 5.43439E-4 5.22854E-4 2.01314E-4 1.89818E-4 1.91436E-4 2.05183E-4 1.95296E-4 1.8935E-4 1.89132E-4 1.99685E-4 2.05375E-4 1.89268E-4 1.88231E-4 1.78625E-4 1.92433E-4 2.20355E-4 2.107E-4 1.86309E-4 1.89698E-4 1.78576E-4 1.87605E-4 1.96155E-4 2.16729E-4 1.90571E-4 1.8265E-4 1.91588E-4 2.01678E-4 1.98681E-4 2.15213E-4 6.15656E-4 2.30091E-4 5.68379E-4 2.07316E-4 6.35998E-4 2.25604E-4 6.07897E-4 6.62001E-4 6.24586E-4 5.28563E-4 2.00815E-4 2.05157E-4 5.68068E-4
1.70578E-4 1.71254E-4 1.63864E-4 1.70054E-4 1.82904E-4 2.58525E-4 1.80026E-4 1.71566E-4 1.64177E-4 1.66563E-4 2.09662E-4 2.0833E-4 1.7796E-4 1.89501E-4 5.32618E-4 4.9958E-4 1.90388E-4 5.14047E-4 5.06743E-4 4.98383E-4 4.76513E-4 4.99453E-4 4.99041E-4 1.87085E-4 1.9349E-4 2.70556E-4 1.85045E-4 1.78501E-4 1.81496E-4 1.87467E-4 2.06852E-4 3.06693E-4 6.03711E-4 2.17649E-4 2.0669E-4 6.17135E-4 3.1891E-4 2.23458E-4 2.2228E-4 1.84714E-4 2.08922E-4 2.36641E-4 2.41662E-4 1.9876E-4 1.89489E-4 2.3271E-4 6.30411E-4 6.19646E-4 6.4033E-4 6.43447E-4 6.76153E-4 3.12997E-4 6.19833E-4 2.85262E-4 6.77274E-4 6.27548E-4 5.30331E-4 2.03937E-4 2.01159E-4 5.94457E-4 6.20662E-4
