Artocarpus heterophyllus SDM files/MIS19/results (without bias file)/Arthet_1.asc
ncols         625
nrows         721
xllcorner     69.99986311115
yllcorner     5.99986187915
cellsize      0.041666667
NODATA_value  -9999
[rows 135 to 161 of 721, columns 427 to 487 of 625]
2.09034E-3 2.67143E-3 2.81633E-3 2.79784E-3 2.61708E-3 2.62047E-3 2.74196E-3 2.45063E-3 2.79034E-3 3.00485E-3 3.06061E-3 3.25539E-3 2.97363E-3 2.71459E-3 2.44693E-3 2.30737E-3 1.82916E-3 1.46641E-3 1.52353E-3 1.77013E-3 1.90503E-3 2.7929E-3 2.32557E-3 2.22255E-3 2.37707E-3 1.87859E-3 1.6362E-3 1.7863E-3 2.01465E-3 1.91587E-3 1.96208E-3 2.32837E-3 2.62603E-3 2.04451E-3 1.95023E-3 1.95023E-3 2.29397E-3 2.43263E-3 2.98458E-3 3.46886E-3 3.79981E-3 3.60069E-3 2.48836E-3 2.2016E-3 2.08977E-3 1.95688E-3 2.02213E-3 2.07746E-3 1.84281E-3 1.8709E-3 2.04961E-3 2.19648E-3 2.03557E-3 1.50503E-3 1.49714E-3 2.14961E-3 3.00251E-3 2.10639E-3 2.9226E-3 3.22728E-3 2.64915E-3
2.45918E-3 2.01392E-3 2.50103E-3 2.68711E-3 2.78588E-3 2.95453E-3 3.04606E-3 3.02256E-3 3.09867E-3 3.32683E-3 2.95958E-3 3.20615E-3 3.23013E-3 2.22339E-3 2.28366E-3 2.48576E-3 1.46906E-3 1.37956E-3 3.26399E-3 3.82133E-3 3.51814E-3 3.34413E-3 3.33681E-3 2.90711E-3 2.5421E-3 3.40364E-3 2.53595E-3 3.55317E-3 3.30146E-3 2.51863E-3 1.92535E-3 2.23965E-3 2.81037E-3 2.46854E-3 2.20649E-3 2.32637E-3 2.98554E-3 2.50106E-3 2.40224E-3 2.13261E-3 2.20971E-3 2.04208E-3 2.13531E-3 2.16424E-3 2.28396E-3 2.41728E-3 2.77388E-3 2.35989E-3 2.25589E-3 2.99109E-3 3.72929E-3 3.14361E-3 2.21734E-3 2.20768E-3 2.4022E-3 3.27769E-3 3.14644E-3 2.63389E-3 3.17621E-3 3.3685E-3 2.86958E-3
2.72702E-3 2.5522E-3 2.61168E-3 2.72735E-3 2.5177E-3 3.07592E-3 3.01205E-3 2.04134E-3 1.63661E-3 1.52698E-3 1.976E-3 2.56521E-3 3.08909E-3 2.89765E-3 2.74596E-3 2.40366E-3 1.89091E-3 1.33144E-3 1.864E-3 3.86701E-3 3.57986E-3 3.59358E-3 3.37822E-3 3.20758E-3 2.69443E-3 3.33144E-3 2.46912E-3 3.02679E-3 3.58579E-3 2.33378E-3 2.48058E-3 2.7922E-3 3.50436E-3 3.39258E-3 3.19319E-3 2.4454E-3 2.94569E-3 3.23647E-3 2.52547E-3 2.16961E-3 2.31376E-3 2.92053E-3 3.22927E-3 2.54304E-3 2.5019E-3 2.86233E-3 3.00005E-3 2.74908E-3 2.60393E-3 2.82834E-3 3.09323E-3 2.48171E-3 2.17213E-3 2.8798E-3 4.24324E-3 4.46922E-3 4.34032E-3 2.95764E-3 3.68921E-3 3.1428E-3 3.48132E-3
2.86899E-3 3.04035E-3 2.83272E-3 2.80659E-3 2.98294E-3 1.97922E-3 2.28149E-3 1.96088E-3 2.96612E-3 2.64027E-3 2.95917E-3 3.08086E-3 3.00763E-3 2.87399E-3 2.83164E-3 2.97114E-3 2.58699E-3 1.74762E-3 1.51324E-3 2.7548E-3 3.76106E-3 3.55336E-3 3.36568E-3 3.46237E-3 2.77419E-3 2.48605E-3 2.88153E-3 2.62879E-3 3.19363E-3 3.48038E-3 3.33571E-3 3.52689E-3 3.58331E-3 3.56725E-3 3.7735E-3 3.61869E-3 3.74082E-3 3.38294E-3 3.50783E-3 3.03208E-3 2.50415E-3 2.81817E-3 3.72064E-3 3.12299E-3 3.45205E-3 2.71344E-3 3.01346E-3 2.86304E-3 2.81239E-3 2.54685E-3 3.89114E-3 3.82895E-3 3.60946E-3 3.16904E-3 2.86589E-3 4.67309E-3 4.32537E-3 3.7721E-3 3.83454E-3 3.59694E-3 3.59653E-3
1.74315E-3 2.5983E-3 2.87131E-3 1.79962E-3 1.90074E-3 2.58706E-3 2.96622E-3 1.97359E-3 2.61555E-3 3.25023E-3 3.02217E-3 3.02896E-3 3.06996E-3 2.98377E-3 3.03455E-3 2.98938E-3 2.83633E-3 2.2723E-3 1.49285E-3 1.63737E-3 3.60099E-3 3.45658E-3 3.47389E-3 3.53884E-3 3.39906E-3 3.45933E-3 3.37334E-3 3.46086E-3 3.53267E-3 2.49356E-3 3.33188E-3 3.77938E-3 3.21855E-3 3.19704E-3 3.81388E-3 3.13459E-3 4.09479E-3 3.7835E-3 3.71441E-3 3.54469E-3 2.8756E-3 3.56337E-3 3.9386E-3 3.88743E-3 3.49781E-3 3.63988E-3 2.9934E-3 3.27988E-3 3.15801E-3 2.78541E-3 3.67459E-3 3.02688E-3 3.07024E-3 2.90484E-3 3.26466E-3 3.40187E-3 3.60936E-3 3.71335E-3 3.79973E-3 3.46593E-3 3.2673E-3
2.79824E-3 1.96236E-3 2.18664E-3 1.94503E-3 3.0702E-3 2.39151E-3 2.29099E-3 2.65131E-3 2.56964E-3 3.14571E-3 3.12818E-3 3.10717E-3 3.26082E-3 3.06951E-3 3.24381E-3 3.38265E-3 3.38244E-3 2.1056E-3 1.44821E-3 2.39942E-3 3.38373E-3 2.50961E-3 3.67661E-3 3.66064E-3 3.80179E-3 3.61829E-3 3.03294E-3 3.75273E-3 3.58869E-3 3.58579E-3 2.33867E-3 1.90012E-3 2.19602E-3 3.15579E-3 3.86899E-3 2.61356E-3 4.16766E-3 3.93412E-3 4.02156E-3 3.57722E-3 2.80588E-3 2.27429E-3 2.87999E-3 2.80992E-3 3.24352E-3 3.14316E-3 2.92003E-3 3.63635E-3 3.06089E-3 2.79836E-3 3.60406E-3 2.92563E-3 2.15243E-3 2.62835E-3 3.62894E-3 4.46415E-3 3.436E-3 3.50052E-3 3.46415E-3 3.52804E-3 3.49838E-3
2.93378E-3 2.80405E-3 2.76357E-3 2.74424E-3 2.91222E-3 2.93477E-3 2.97128E-3 2.59325E-3 2.92608E-3 2.95271E-3 3.05205E-3 2.76699E-3 3.15409E-3 3.3514E-3 3.72258E-3 3.80018E-3 3.36995E-3 2.68803E-3 2.98507E-3 3.14354E-3 3.46644E-3 2.89178E-3 4.00423E-3 3.79735E-3 3.73988E-3 3.80284E-3 3.5556E-3 3.75552E-3 3.77061E-3 3.06545E-3 2.91008E-3 3.10936E-3 3.97161E-3 3.95593E-3 2.83986E-3 2.75134E-3 1.95535E-3 3.40556E-3 3.92967E-3 3.54986E-3 3.11547E-3 2.43383E-3 3.82936E-3 3.81329E-3 3.81474E-3 3.44951E-3 3.49273E-3 3.83533E-3 3.80522E-3 3.68824E-3 3.67554E-3 2.44476E-3 2.36163E-3 3.26486E-3 3.49631E-3 4.0149E-3 3.73603E-3 3.34198E-3 3.33794E-3 3.489E-3 3.74104E-3
1.80485E-3 1.99413E-3 1.98087E-3 1.91019E-3 2.39151E-3 2.6393E-3 3.15179E-3 3.0513E-3 3.05189E-3 3.16995E-3 3.11611E-3 3.18592E-3 3.35799E-3 3.30371E-3 3.68452E-3 3.59455E-3 3.16707E-3 3.23672E-3 3.11567E-3 3.52345E-3 3.70641E-3 3.15694E-3 2.8718E-3 4.10158E-3 2.61968E-3 4.1311E-3 3.79131E-3 2.70263E-3 4.01266E-3 3.78984E-3 2.73692E-3 2.73625E-3 2.63759E-3 2.01565E-3 2.05025E-3 3.29415E-3 2.96639E-3 3.01228E-3 3.74465E-3 3.30645E-3 3.45848E-3 2.5101E-3 3.085E-3 4.29559E-3 3.55628E-3 3.60702E-3 3.62494E-3 3.85174E-3 4.103E-3 3.71213E-3 2.50224E-3 2.33739E-3 2.7425E-3 3.44086E-3 3.98821E-3 3.28609E-3 3.59034E-3 3.22851E-3 3.37921E-3 3.44266E-3 3.90635E-3
2.60581E-3 2.6673E-3 2.67746E-3 2.60475E-3 2.47287E-3 2.34877E-3 3.12522E-3 3.04585E-3 3.3514E-3 3.42908E-3 3.13126E-3 3.01991E-3 2.03934E-3 2.3804E-3 3.58406E-3 3.40873E-3 3.14063E-3 3.36403E-3 3.2613E-3 2.58209E-3 2.64012E-3 2.00689E-3 2.59643E-3 4.0107E-3 3.1919E-3 3.22274E-3 3.65137E-3 2.36927E-3 3.96E-3 3.92152E-3 2.84205E-3 2.17666E-3 4.22379E-3 3.76384E-3 2.8424E-3 2.73425E-3 3.66163E-3 3.81267E-3 3.53608E-3 3.40324E-3 3.70721E-3 3.77434E-3 3.99437E-3 3.93838E-3 3.74686E-3 3.67635E-3 3.81854E-3 3.94797E-3 4.16127E-3 3.19204E-3 2.85181E-3 2.85181E-3 3.48183E-3 3.6096E-3 3.87162E-3 3.48796E-3 3.27689E-3 3.43891E-3 3.29048E-3 3.72454E-3 4.43392E-3
2.86694E-3 2.75502E-3 2.75574E-3 2.64632E-3 2.82974E-3 3.09895E-3 3.14715E-3 3.01962E-3 3.33896E-3 3.33725E-3 3.20614E-3 3.07836E-3 2.36643E-3 2.16204E-3 3.28613E-3 3.63135E-3 3.38167E-3 3.45558E-3 3.42796E-3 3.73382E-3 3.56354E-3 2.27317E-3 3.57973E-3 1.8827E-3 2.28986E-3 3.3236E-3 2.92421E-3 3.04486E-3 2.15363E-3 4.13586E-3 3.24027E-3 3.39604E-3 4.16118E-3 3.88051E-3 3.69788E-3 3.3022E-3 3.7253E-3 3.62398E-3 3.67891E-3 3.56725E-3 3.93269E-3 4.33114E-3 2.8679E-3 3.98354E-3 4.17046E-3 4.17856E-3 2.9825E-3 4.06533E-3 4.29656E-3 3.60191E-3 3.17075E-3 2.9451E-3 3.55421E-3 4.14273E-3 3.70536E-3 3.27266E-3 3.42265E-3 3.36841E-3 3.24017E-3 2.69165E-3 2.55698E-3
2.91447E-3 2.81047E-3 2.86052E-3 2.99775E-3 3.15639E-3 3.46524E-3 3.46589E-3 2.95786E-3 3.50032E-3 3.46334E-3 3.49849E-3 3.25364E-3 2.9842E-3 1.79125E-3 2.76397E-3 3.58361E-3 3.54701E-3 3.48209E-3 3.36402E-3 3.31035E-3 2.59959E-3 2.49936E-3 3.52459E-3 3.1279E-3 3.82657E-3 3.90746E-3 3.76385E-3 3.77697E-3 3.21614E-3 4.18674E-3 3.94045E-3 2.85716E-3 4.41416E-3 3.96921E-3 3.9706E-3 3.62938E-3 3.75658E-3 3.74869E-3 3.87382E-3 4.10158E-3 2.43404E-3 2.71603E-3 2.63061E-3 2.31635E-3 2.47032E-3 2.32879E-3 2.23774E-3 3.26053E-3 3.68235E-3 4.26593E-3 4.27576E-3 4.13349E-3 3.88914E-3 3.76613E-3 3.45918E-3 3.29635E-3 3.66095E-3 3.63714E-3 3.49159E-3 2.17633E-3 1.52619E-3
2.9735E-3 3.3613E-3 3.10521E-3 3.32158E-3 2.45721E-3 3.68015E-3 3.36918E-3 3.55611E-3 3.37352E-3 3.44427E-3 3.38579E-3 3.37796E-3 2.19436E-3 2.7608E-3 2.94622E-3 3.50446E-3 3.56682E-3 3.45894E-3 3.52625E-3 3.6926E-3 3.66549E-3 3.69977E-3 3.8137E-3 3.72972E-3 3.92951E-3 4.04648E-3 4.30125E-3 4.33357E-3 4.17308E-3 2.69616E-3 3.81542E-3 3.1713E-3 4.4747E-3 4.42014E-3 4.30235E-3 3.97823E-3 3.79473E-3 3.4883E-3 3.76019E-3 3.29191E-3 3.89427E-3 3.90531E-3 3.79879E-3 3.5906E-3 3.608E-3 3.21447E-3 3.09302E-3 4.01643E-3 3.31683E-3 3.03997E-3 3.12261E-3 3.82179E-3 4.1143E-3 3.76584E-3 3.60225E-3 3.70693E-3 4.06467E-3 3.9485E-3 2.99492E-3 2.53377E-3 2.17224E-3
2.21101E-3 2.11597E-3 2.38382E-3 3.30114E-3 2.25754E-3 2.47184E-3 2.21315E-3 2.61054E-3 2.66614E-3 2.69691E-3 2.82161E-3 2.2516E-3 3.39776E-3 2.81646E-3 2.96346E-3 3.62241E-3 3.65021E-3 3.43764E-3 3.77282E-3 4.0111E-3 3.94322E-3 4.22054E-3 4.09028E-3 4.01553E-3 3.91638E-3 2.34512E-3 2.40989E-3 2.45925E-3 2.90718E-3 3.09106E-3 2.90201E-3 1.50265E-3 3.01275E-3 4.80069E-3 4.37881E-3 4.00132E-3 3.88067E-3 3.29239E-3 2.77661E-3 4.53729E-3 3.90829E-3 3.82958E-3 3.72765E-3 3.6644E-3 3.79651E-3 3.89037E-3 3.99821E-3 4.09814E-3 3.88288E-3 3.89333E-3 3.87258E-3 3.75661E-3 3.85772E-3 3.76539E-3 4.07547E-3 4.40811E-3 4.34365E-3 4.02327E-3 3.93947E-3 3.11194E-3 1.64783E-3
3.02868E-3 3.01578E-3 2.80989E-3 2.19606E-3 2.41954E-3 3.56343E-3 3.43812E-3 3.26554E-3 3.23132E-3 3.07112E-3 3.25035E-3 3.25657E-3 2.91038E-3 2.5488E-3 3.45809E-3 3.74181E-3 3.78846E-3 3.75487E-3 4.09009E-3 4.16997E-3 3.65025E-3 2.99409E-3 3.43146E-3 3.76818E-3 3.65595E-3 3.93079E-3 4.08446E-3 4.14723E-3 3.26381E-3 3.56452E-3 3.88168E-3 4.13257E-3 2.77638E-3 2.56016E-3 4.09997E-3 4.59543E-3 4.28787E-3 2.56356E-3 2.93218E-3 4.65967E-3 4.07079E-3 3.81E-3 3.85091E-3 3.79131E-3 4.03961E-3 4.08728E-3 4.30016E-3 3.93566E-3 4.04707E-3 4.01231E-3 4.15316E-3 4.27658E-3 3.89294E-3 4.2892E-3 4.91849E-3 4.8692E-3 4.28725E-3 4.17741E-3 3.9608E-3 3.74272E-3 1.67626E-3
3.04405E-3 2.95794E-3 3.01064E-3 2.90467E-3 3.37748E-3 3.34739E-3 3.47419E-3 3.19879E-3 3.28304E-3 3.47474E-3 3.49125E-3 3.19469E-3 2.61081E-3 3.05073E-3 3.80084E-3 3.82298E-3 3.6299E-3 3.61389E-3 3.77075E-3 3.7692E-3 3.7243E-3 3.72003E-3 3.72784E-3 3.98837E-3 4.18029E-3 4.21022E-3 3.08228E-3 3.39721E-3 3.22512E-3 3.32447E-3 3.6995E-3 4.15043E-3 4.20901E-3 4.06508E-3 2.59029E-3 4.8243E-3 4.22184E-3 3.99162E-3 4.03607E-3 4.55625E-3 4.28999E-3 3.88923E-3 4.04726E-3 4.15164E-3 4.37371E-3 4.40878E-3 4.51192E-3 4.06071E-3 4.35599E-3 4.18898E-3 4.2075E-3 4.41692E-3 4.58248E-3 3.82204E-3 5.09062E-3 4.44235E-3 4.04428E-3 4.29919E-3 3.94793E-3 3.88881E-3 2.25261E-3
2.96569E-3 2.99826E-3 3.07199E-3 3.19122E-3 3.49285E-3 3.42925E-3 3.25181E-3 3.11833E-3 3.57841E-3 3.70051E-3 3.4322E-3 2.74428E-3 2.772E-3 3.74782E-3 3.97613E-3 3.82383E-3 3.78796E-3 3.32957E-3 4.35175E-3 3.96978E-3 3.7582E-3 3.71294E-3 4.34202E-3 4.41602E-3 3.59571E-3 4.07721E-3 3.88115E-3 3.92443E-3 4.027E-3 3.92837E-3 4.04395E-3 4.51905E-3 4.43137E-3 4.53886E-3 2.86521E-3 5.10172E-3 5.09241E-3 4.60238E-3 4.44368E-3 4.58157E-3 4.3041E-3 4.23678E-3 4.57791E-3 4.79564E-3 4.69015E-3 4.66202E-3 4.69265E-3 4.74874E-3 4.86619E-3 4.86903E-3 4.74796E-3 4.77156E-3 4.17648E-3 4.99953E-3 4.86988E-3 4.30949E-3 4.41667E-3 4.34279E-3 4.25881E-3 4.01756E-3 3.04689E-3
3.02802E-3 3.31289E-3 3.4128E-3 3.0662E-3 3.31337E-3 3.37262E-3 3.51355E-3 3.48813E-3 3.77512E-3 3.62353E-3 3.00294E-3 2.82327E-3 3.50174E-3 3.98765E-3 4.25534E-3 4.32354E-3 4.27587E-3 3.28449E-3 4.33426E-3 3.78872E-3 3.97883E-3 4.65662E-3 3.46866E-3 3.64737E-3 4.09997E-3 3.78223E-3 3.81485E-3 4.0862E-3 4.26231E-3 4.16399E-3 4.57785E-3 5.10608E-3 5.32922E-3 4.8952E-3 3.38898E-3 3.76218E-3 2.5172E-3 3.13213E-3 3.01157E-3 5.0629E-3 4.97898E-3 4.7115E-3 4.3877E-3 5.22389E-3 4.83225E-3 5.12079E-3 5.3128E-3 4.95343E-3 3.45493E-3 5.1036E-3 3.39487E-3 2.73854E-3 3.47235E-3 5.34991E-3 4.15887E-3 4.51974E-3 5.05277E-3 4.39391E-3 4.84028E-3 4.36418E-3 3.98525E-3
2.81483E-3 2.87896E-3 3.26605E-3 3.1471E-3 3.15325E-3 3.18217E-3 3.20444E-3 3.37383E-3 3.64146E-3 3.05825E-3 3.12059E-3 3.15196E-3 3.81786E-3 3.46925E-3 3.99091E-3 3.65967E-3 3.75098E-3 3.96504E-3 4.00615E-3 4.28031E-3 4.80487E-3 3.08588E-3 4.63156E-3 4.02156E-3 3.93047E-3 3.82148E-3 4.28691E-3 4.64779E-3 4.26654E-3 4.6831E-3 3.65288E-3 3.65933E-3 3.17447E-3 2.8905E-3 3.13786E-3 3.96496E-3 4.7433E-3 4.0095E-3 2.76764E-3 2.67474E-3 3.40073E-3 4.53319E-3 3.58568E-3 5.24667E-3 5.15277E-3 3.93307E-3 3.78171E-3 4.12924E-3 4.84344E-3 5.11432E-3 4.56226E-3 2.55768E-3 4.27409E-3 4.70103E-3 4.31458E-3 5.03958E-3 4.98903E-3 5.30887E-3 4.53246E-3 4.39204E-3 4.93217E-3
3.12244E-3 2.94584E-3 3.04826E-3 2.94854E-3 3.00926E-3 2.92035E-3 2.89389E-3 3.34344E-3 3.18344E-3 3.64568E-3 4.2405E-3 4.50188E-3 3.92446E-3 4.32807E-3 3.626E-3 3.85102E-3 3.95033E-3 4.1434E-3 3.81544E-3 4.6089E-3 5.01563E-3 4.55355E-3 4.35808E-3 3.93851E-3 4.09567E-3 4.07721E-3 3.76732E-3 3.65944E-3 3.96049E-3 5.26697E-3 4.20995E-3 5.00953E-3 5.2933E-3 4.83368E-3 4.51666E-3 3.42848E-3 4.58184E-3 4.07105E-3 3.89438E-3 3.84721E-3 4.32378E-3 3.90404E-3 2.67759E-3 3.36821E-3 3.73546E-3 3.47099E-3 3.85035E-3 3.30208E-3 3.23725E-3 4.70479E-3 3.96653E-3 2.90864E-3 4.96215E-3 4.43568E-3 5.0335E-3 5.54912E-3 5.32985E-3 5.35266E-3 4.16437E-3 4.32047E-3 5.19917E-3
2.82618E-3 2.91205E-3 2.69067E-3 2.94586E-3 2.97678E-3 2.82476E-3 3.03695E-3 3.58656E-3 3.51252E-3 4.03895E-3 4.23535E-3 4.56781E-3 3.86418E-3 4.58881E-3 3.9592E-3 3.63833E-3 3.49152E-3 4.00865E-3 4.43202E-3 5.00495E-3 4.92455E-3 4.54866E-3 4.18109E-3 4.08112E-3 3.95636E-3 3.99519E-3 4.00683E-3 4.09881E-3 4.24201E-3 3.36172E-3 3.89337E-3 5.96853E-3 5.49658E-3 4.98092E-3 4.37483E-3 4.18006E-3 4.18087E-3 4.17345E-3 4.03177E-3 4.24052E-3 4.46546E-3 3.25395E-3 2.57274E-3 2.48687E-3 3.56636E-3 5.31264E-3 4.68492E-3 4.28159E-3 3.81716E-3 4.47709E-3 3.80904E-3 3.58834E-3 3.22643E-3 3.79382E-3 4.81754E-3 5.5841E-3 5.06375E-3 4.9871E-3 4.12361E-3 4.02203E-3 5.6341E-3
2.64904E-3 2.64816E-3 2.82773E-3 2.7148E-3 2.71437E-3 2.79466E-3 3.1005E-3 3.62663E-3 4.02674E-3 4.49864E-3 4.58742E-3 3.70839E-3 4.05837E-3 4.02048E-3 3.18793E-3 3.0899E-3 3.35122E-3 3.82133E-3 4.84528E-3 5.17379E-3 4.78514E-3 4.49089E-3 4.07527E-3 4.1993E-3 3.71463E-3 4.19804E-3 3.99521E-3 4.15315E-3 4.62283E-3 3.52989E-3 3.20931E-3 5.93773E-3 5.0695E-3 4.68614E-3 4.33043E-3 4.2373E-3 4.15588E-3 4.19745E-3 4.26072E-3 4.61895E-3 4.67818E-3 4.45592E-3 4.50661E-3 3.47792E-3 4.68782E-3 4.75469E-3 4.58328E-3 4.25951E-3 4.12098E-3 4.13174E-3 3.9393E-3 3.86568E-3 3.85074E-3 3.62344E-3 4.31113E-3 5.48599E-3 5.48646E-3 5.13736E-3 4.57203E-3 3.70139E-3 5.4268E-3
3.09161E-3 3.34319E-3 2.97364E-3 2.78598E-3 2.85566E-3 2.7983E-3 3.03238E-3 3.79854E-3 4.05596E-3 4.40903E-3 4.79957E-3 3.97361E-3 4.61607E-3 4.26605E-3 3.49442E-3 3.72506E-3 4.63989E-3 5.10226E-3 5.04419E-3 5.40348E-3 4.95046E-3 4.34394E-3 3.72072E-3 4.135E-3 4.56947E-3 4.19887E-3 4.07552E-3 4.45754E-3 4.42221E-3 4.96774E-3 3.36401E-3 5.87596E-3 5.50869E-3 4.49977E-3 4.02845E-3 4.78521E-3 4.9931E-3 4.63069E-3 4.48364E-3 4.76562E-3 5.20126E-3 4.40731E-3 4.6287E-3 3.69814E-3 5.21836E-3 4.73784E-3 4.56517E-3 4.21786E-3 4.4133E-3 4.08796E-3 4.16763E-3 4.25681E-3 3.99262E-3 2.96211E-3 3.88605E-3 5.43097E-3 5.5001E-3 5.87086E-3 4.99294E-3 3.65998E-3 6.30465E-3
3.41632E-3 4.13819E-3 3.72717E-3 3.65307E-3 3.22363E-3 3.09947E-3 3.31278E-3 4.01548E-3 4.2151E-3 4.81713E-3 5.29352E-3 5.00504E-3 5.36022E-3 4.53663E-3 3.45513E-3 4.26644E-3 4.36505E-3 3.91114E-3 5.36342E-3 4.90317E-3 4.19787E-3 3.64258E-3 3.68007E-3 4.31007E-3 5.09194E-3 4.96522E-3 4.36245E-3 4.19566E-3 4.58559E-3 5.28285E-3 5.53023E-3 4.68279E-3 6.00071E-3 5.50158E-3 5.59644E-3 5.86568E-3 5.60004E-3 5.77273E-3 5.04833E-3 5.36129E-3 5.82053E-3 5.68377E-3 5.02291E-3 4.72796E-3 5.38528E-3 5.33528E-3 4.33114E-3 4.42676E-3 4.30016E-3 4.12398E-3 4.30887E-3 4.25693E-3 4.13955E-3 4.26215E-3 4.62703E-3 3.28951E-3 3.71548E-3 6.36232E-3 5.62564E-3 3.16443E-3 6.42881E-3
4.05689E-3 4.31025E-3 4.57489E-3 4.43343E-3 4.70205E-3 4.28953E-3 3.46108E-3 3.4303E-3 4.3333E-3 5.18256E-3 4.63129E-3 5.6255E-3 5.754E-3 4.65853E-3 3.35399E-3 3.52623E-3 3.90021E-3 4.99185E-3 5.60515E-3 4.0754E-3 3.68194E-3 3.94863E-3 4.40954E-3 4.53642E-3 5.54319E-3 6.46885E-3 5.50298E-3 6.10952E-3 5.55666E-3 6.08871E-3 6.09033E-3 6.67869E-3 6.1424E-3 6.46378E-3 6.28733E-3 6.43591E-3 6.28521E-3 6.00443E-3 6.18113E-3 4.95725E-3 6.10091E-3 6.16108E-3 5.01343E-3 5.4387E-3 5.69795E-3 5.02412E-3 5.30196E-3 4.55854E-3 4.31542E-3 4.38075E-3 4.50405E-3 4.42661E-3 4.47591E-3 4.37922E-3 4.9737E-3 3.34934E-3 3.0145E-3 4.96873E-3 5.72983E-3 3.69961E-3 6.32952E-3
3.87473E-3 4.34197E-3 4.49815E-3 4.8212E-3 4.92084E-3 4.8094E-3 4.88001E-3 4.82119E-3 5.09884E-3 5.42789E-3 5.71208E-3 5.67379E-3 4.80596E-3 3.39597E-3 3.40904E-3 4.32962E-3 5.29276E-3 4.94823E-3 5.86072E-3 6.07611E-3 5.30902E-3 5.78676E-3 6.62478E-3 6.71919E-3 6.6189E-3 6.88121E-3 6.68388E-3 7.01164E-3 6.72356E-3 6.84528E-3 5.6559E-3 6.30902E-3 6.10402E-3 5.75259E-3 5.97152E-3 6.7137E-3 6.18922E-3 6.74167E-3 6.66903E-3 6.2913E-3 6.19166E-3 6.50998E-3 6.14597E-3 6.13466E-3 5.87182E-3 5.5253E-3 5.85152E-3 4.37453E-3 4.45975E-3 4.79237E-3 5.03894E-3 5.25795E-3 4.97213E-3 4.96929E-3 5.55849E-3 4.06413E-3 3.55987E-3 4.15134E-3 6.21335E-3 6.32588E-3 5.59909E-3
4.97767E-3 4.93154E-3 4.92627E-3 4.59348E-3 4.66705E-3 4.55105E-3 4.63483E-3 4.63994E-3 4.97399E-3 4.49536E-3 4.48114E-3 4.48114E-3 5.68602E-3 5.9365E-3 5.31482E-3 6.03971E-3 4.7796E-3 5.2143E-3 4.96328E-3 5.86095E-3 6.18735E-3 5.50121E-3 4.72285E-3 4.54918E-3 4.78231E-3 5.02042E-3 5.08433E-3 4.56168E-3 3.88799E-3 4.04123E-3 3.99757E-3 3.96989E-3 4.11555E-3 4.04123E-3 3.85396E-3 3.6358E-3 3.66119E-3 3.85396E-3 4.07448E-3 3.82725E-3 3.83711E-3 3.76984E-3 3.7133E-3 4.00869E-3 3.55834E-3 3.52511E-3 5.72833E-3 5.05491E-3 5.49758E-3 5.7923E-3 5.5174E-3 5.08502E-3 5.45095E-3 5.57005E-3 3.7367E-3 3.56443E-3 3.93881E-3 3.35711E-3 5.26607E-3 6.11682E-3 5.20296E-3
4.7121E-3 4.23603E-3 4.62582E-3 4.42056E-3 4.46496E-3 3.18578E-3 3.57816E-3 4.6779E-3 4.39605E-3 4.23989E-3 5.62166E-3 5.79787E-3 5.46334E-3 5.50298E-3 5.05689E-3 6.16561E-3 5.86047E-3 5.551E-3 5.78631E-3 5.66286E-3 4.74175E-3 6.41203E-3 6.32779E-3 4.45511E-3 4.40011E-3 4.56837E-3 4.65774E-3 5.18255E-3 5.8344E-3 5.21512E-3 4.68962E-3 4.72222E-3 4.11588E-3 5.42918E-3 5.38634E-3 4.40589E-3 3.67774E-3 3.66645E-3 3.51665E-3 3.48819E-3 4.20273E-3 3.96899E-3 3.97195E-3 5.00209E-3 3.88461E-3 3.25546E-3 3.13874E-3 5.72127E-3 4.52111E-3 4.50961E-3 4.02665E-3 4.01373E-3 4.75919E-3 4.22305E-3 3.17898E-3 3.42508E-3 6.03618E-3 6.25065E-3 4.0416E-3 3.01943E-3 3.5792E-3
