Artocarpus heterophyllus SDM files/MIS19/results (without bias file)/Arthet_stddev.asc
ncols         625
nrows         721
xllcorner     69.99986311115
yllcorner     5.99986187915
cellsize      0.041666667
NODATA_value  -9999
[rows 216 to 242 of 721, columns 549 to 609 of 625]
1.59782E-2 1.49692E-2 1.80977E-2 1.58104E-2 1.57905E-2 1.57887E-2 1.67986E-2 1.54617E-2 1.59318E-2 1.65905E-2 1.7408E-2 2.44025E-2 2.24432E-2 2.2616E-2 2.39627E-2 1.94981E-2 2.04141E-2 2.18318E-2 1.84995E-2 1.75732E-2 1.59628E-2 1.58632E-2 2.29773E-2 1.65505E-2 1.72002E-2 1.68203E-2 1.68334E-2 1.7895E-2 1.78146E-2 1.80445E-2 1.6753E-2 1.81028E-2 1.75317E-2 1.74842E-2 1.75618E-2 1.74558E-2 1.74418E-2 1.7064E-2 1.73065E-2 1.73083E-2 1.71373E-2 1.70482E-2 1.70415E-2 1.69076E-2 1.69047E-2 1.69626E-2 1.70827E-2 1.69469E-2 1.70706E-2 1.7326E-2 1.74414E-2 1.762E-2 1.77688E-2 1.77761E-2 1.81665E-2 2.01163E-2 2.23757E-2 1.98071E-2 2.09741E-2 2.00935E-2 1.95618E-2
1.66084E-2 1.64798E-2 1.57444E-2 2.23248E-2 1.76452E-2 1.62861E-2 1.54805E-2 1.4854E-2 1.50404E-2 1.5664E-2 1.66757E-2 1.74106E-2 1.70843E-2 1.48641E-2 1.62516E-2 1.55796E-2 1.57938E-2 1.56753E-2 1.53297E-2 2.24905E-2 2.20116E-2 2.20899E-2 2.22292E-2 2.23766E-2 2.24522E-2 1.67774E-2 1.72784E-2 1.73386E-2 1.71837E-2 1.73475E-2 1.73789E-2 1.72335E-2 1.73981E-2 1.68862E-2 1.69218E-2 1.69766E-2 1.70245E-2 1.69618E-2 1.7037E-2 1.70683E-2 1.70639E-2 1.70399E-2 1.69628E-2 1.69776E-2 1.67601E-2 1.68811E-2 1.69384E-2 1.69476E-2 1.72653E-2 1.76022E-2 1.83837E-2 1.85083E-2 1.76387E-2 1.78837E-2 1.85367E-2 2.21787E-2 2.18379E-2 2.13468E-2 2.01523E-2 1.90832E-2 2.01256E-2
1.82031E-2 1.68152E-2 1.61804E-2 1.47592E-2 1.49188E-2 1.47625E-2 1.49696E-2 1.61502E-2 1.56998E-2 1.61196E-2 1.6315E-2 1.69889E-2 1.68227E-2 1.60397E-2 1.68089E-2 1.72091E-2 2.12552E-2 2.08921E-2 2.05802E-2 2.072E-2 2.06521E-2 2.07611E-2 2.09475E-2 2.15737E-2 1.6743E-2 1.67769E-2 1.65093E-2 1.69099E-2 1.6647E-2 1.68098E-2 1.68047E-2 1.63942E-2 1.63944E-2 1.6394E-2 1.66457E-2 1.68426E-2 1.67463E-2 1.68034E-2 1.69045E-2 1.6893E-2 1.67831E-2 1.68006E-2 1.68614E-2 1.64337E-2 1.67563E-2 1.6937E-2 1.69447E-2 1.71064E-2 1.82043E-2 1.77056E-2 1.79326E-2 1.86724E-2 1.82783E-2 1.76717E-2 1.68775E-2 1.94326E-2 2.02997E-2 1.97382E-2 1.92253E-2 1.96273E-2 2.1318E-2
1.86513E-2 1.8485E-2 1.77265E-2 1.66396E-2 1.60717E-2 1.58942E-2 1.63602E-2 1.6909E-2 1.73608E-2 1.64298E-2 1.64396E-2 1.7081E-2 1.76169E-2 2.05964E-2 2.06295E-2 2.0617E-2 2.05556E-2 2.03909E-2 2.05395E-2 2.06053E-2 2.04429E-2 2.05914E-2 2.07345E-2 1.70663E-2 1.7046E-2 1.67497E-2 1.69717E-2 2.17105E-2 1.67101E-2 2.23432E-2 2.20123E-2 2.20364E-2 1.69236E-2 1.69638E-2 1.68183E-2 1.68096E-2 1.69029E-2 1.71489E-2 1.70069E-2 1.6974E-2 1.69921E-2 1.69592E-2 1.66968E-2 1.67712E-2 1.65649E-2 1.68802E-2 1.6802E-2 1.76211E-2 1.84153E-2 1.73679E-2 1.95174E-2 1.98467E-2 1.77107E-2 1.7811E-2 1.92903E-2 1.97027E-2 1.9597E-2 1.95561E-2 2.24113E-2 2.07693E-2 1.84666E-2
2.3534E-2 1.85046E-2 1.87147E-2 1.8939E-2 1.77934E-2 1.77444E-2 1.68769E-2 1.77838E-2 1.79884E-2 1.81141E-2 1.72847E-2 1.73468E-2 1.72115E-2 2.04534E-2 2.06134E-2 1.78896E-2 2.06837E-2 2.06693E-2 2.04941E-2 2.0551E-2 2.05721E-2 2.07195E-2 1.77005E-2 1.74989E-2 1.77482E-2 1.75325E-2 1.71843E-2 1.71458E-2 1.72345E-2 1.70302E-2 1.69472E-2 1.69539E-2 1.7227E-2 1.7289E-2 1.73E-2 1.73822E-2 1.71377E-2 1.68808E-2 1.69257E-2 1.71789E-2 1.71661E-2 1.70875E-2 1.69315E-2 1.6901E-2 1.68299E-2 1.69173E-2 1.71248E-2 1.88761E-2 1.8357E-2 1.86801E-2 1.94832E-2 1.8353E-2 1.81154E-2 1.94382E-2 1.83673E-2 2.01819E-2 2.0904E-2 1.90747E-2 1.93168E-2 2.03071E-2 2.07103E-2
2.41079E-2 4.07471E-2 1.90536E-2 1.86413E-2 1.81843E-2 1.84691E-2 1.78545E-2 1.79232E-2 1.74271E-2 1.81686E-2 1.71063E-2 1.71556E-2 2.08042E-2 1.71354E-2 2.07793E-2 1.78706E-2 2.07959E-2 2.09881E-2 2.08199E-2 2.09534E-2 2.09564E-2 1.81955E-2 1.83751E-2 1.83685E-2 1.81618E-2 1.8121E-2 1.78372E-2 1.74926E-2 1.7388E-2 1.70323E-2 1.70999E-2 1.74267E-2 1.74832E-2 1.78148E-2 1.73471E-2 1.75693E-2 1.75497E-2 1.75045E-2 1.70635E-2 1.74647E-2 1.75807E-2 1.76645E-2 1.75871E-2 1.76937E-2 1.74001E-2 1.80273E-2 1.6453E-2 1.93601E-2 1.79474E-2 1.95471E-2 2.14942E-2 1.98775E-2 2.27679E-2 2.06199E-2 2.03284E-2 2.08926E-2 1.88267E-2 2.13977E-2 1.84799E-2 2.05631E-2 1.9046E-2
2.41924E-2 2.37763E-2 2.3765E-2 2.37188E-2 2.3731E-2 1.80208E-2 1.84262E-2 1.83487E-2 1.74435E-2 1.7074E-2 1.78453E-2 1.80616E-2 1.80541E-2 2.1384E-2 2.13821E-2 2.116E-2 2.11774E-2 2.11649E-2 2.10729E-2 2.11955E-2 1.83133E-2 2.43059E-2 1.88063E-2 1.8533E-2 1.85842E-2 1.87954E-2 1.85052E-2 1.84483E-2 1.81761E-2 1.79582E-2 1.76653E-2 1.74576E-2 1.7856E-2 1.76156E-2 1.76858E-2 1.77988E-2 1.74905E-2 1.75147E-2 1.77611E-2 2.37868E-2 1.8279E-2 1.79823E-2 1.81747E-2 4.94078E-2 2.44844E-2 1.94966E-2 1.66913E-2 2.05016E-2 1.81085E-2 2.07744E-2 2.04407E-2 2.12505E-2 2.1004E-2 2.14036E-2 2.08725E-2 2.27945E-2 1.78166E-2 1.85385E-2 1.99947E-2 2.0722E-2 2.06925E-2
2.43505E-2 1.90601E-2 4.09088E-2 2.3823E-2 1.867E-2 1.84122E-2 1.82295E-2 1.82684E-2 1.79566E-2 1.86058E-2 1.87436E-2 2.3988E-2 2.38842E-2 2.37992E-2 2.37926E-2 2.13661E-2 2.19569E-2 2.14269E-2 2.17351E-2 2.15902E-2 2.42589E-2 2.42589E-2 2.13137E-2 2.444E-2 2.4011E-2 2.4243E-2 2.41883E-2 2.39818E-2 2.40713E-2 1.84194E-2 1.81463E-2 1.77484E-2 1.77379E-2 1.76859E-2 1.76816E-2 1.76792E-2 1.77442E-2 1.78663E-2 1.73655E-2 2.29228E-2 2.28822E-2 2.42086E-2 1.78645E-2 1.81437E-2 2.00159E-2 2.02244E-2 1.74484E-2 1.82487E-2 2.14506E-2 2.24643E-2 2.28473E-2 2.17667E-2 2.34365E-2 2.10485E-2 1.85333E-2 2.00993E-2 2.23379E-2 1.73365E-2 1.85353E-2 1.88184E-2 1.93031E-2
2.40068E-2 2.40275E-2 2.43169E-2 2.43559E-2 2.43408E-2 2.44139E-2 1.83908E-2 1.87871E-2 2.42961E-2 2.41838E-2 2.38048E-2 2.37464E-2 2.15911E-2 2.18294E-2 1.85093E-2 2.42849E-2 2.43227E-2 2.21456E-2 2.21708E-2 2.21109E-2 2.22278E-2 2.16607E-2 2.15523E-2 2.41992E-2 2.41101E-2 2.42152E-2 2.3947E-2 2.39134E-2 2.42832E-2 1.87768E-2 1.82296E-2 1.78784E-2 1.75993E-2 1.76859E-2 1.76962E-2 1.75081E-2 4.72719E-2 2.42217E-2 4.67991E-2 1.84408E-2 2.36036E-2 2.33748E-2 1.62485E-2 1.55479E-2 1.72133E-2 1.67728E-2 1.69808E-2 2.26747E-2 2.50927E-2 2.19991E-2 2.14615E-2 2.1685E-2 1.73405E-2 2.33187E-2 2.10267E-2 2.00652E-2 1.99137E-2 1.72591E-2 1.75374E-2 1.49061E-2 2.87644E-3
2.52723E-2 2.40629E-2 2.42401E-2 2.40819E-2 2.4222E-2 2.43809E-2 2.47017E-2 2.44142E-2 2.42553E-2 2.42548E-2 2.24162E-2 2.31323E-2 2.32338E-2 2.29377E-2 2.45921E-2 2.54499E-2 2.46261E-2 2.46622E-2 2.48397E-2 2.42738E-2 2.35351E-2 2.22651E-2 2.19597E-2 2.15952E-2 2.14633E-2 2.14278E-2 2.11354E-2 2.41949E-2 2.42062E-2 2.4224E-2 1.86616E-2 1.82264E-2 1.79425E-2 1.79979E-2 1.80714E-2 2.38312E-2 2.42143E-2 2.42484E-2 1.72966E-2 1.67192E-2 1.69464E-2 1.88163E-2 2.3921E-2 1.66005E-2 1.79845E-2 1.78001E-2 1.7624E-2 2.65012E-2 1.76021E-2 1.55257E-2 1.85028E-2 2.10607E-2 1.73611E-2 2.11246E-2 2.08611E-2 1.97974E-2 2.20977E-2 1.48727E-2 3.24539E-3 2.19387E-2 2.36326E-2
2.59631E-2 3.83011E-2 1.89711E-2 2.44915E-2 2.53041E-2 2.47125E-2 2.48444E-2 2.50436E-2 2.50654E-2 2.55441E-2 2.45193E-2 2.34956E-2 2.38156E-2 2.39626E-2 2.50764E-2 2.37834E-2 2.51034E-2 2.34699E-2 2.40198E-2 2.30992E-2 2.52122E-2 2.2643E-2 2.23026E-2 2.44767E-2 2.46017E-2 2.14784E-2 2.1361E-2 2.41969E-2 2.4054E-2 2.42723E-2 1.87581E-2 1.81038E-2 4.5141E-2 2.43993E-2 2.41392E-2 2.33603E-2 2.41073E-2 1.6779E-2 1.60503E-2 1.64142E-2 1.73269E-2 1.56894E-2 1.75626E-2 1.7748E-2 1.59494E-2 2.20076E-2 2.09656E-2 1.64142E-2 1.49408E-2 1.76477E-2 2.10145E-2 1.74814E-2 2.0611E-2 1.90296E-2 6.17221E-2 2.01548E-2 2.07571E-2 2.30551E-2 2.36552E-2 2.28593E-2 3.18434E-3
2.60468E-2 2.605E-2 2.47594E-2 1.78935E-2 2.31466E-2 2.44429E-2 2.41617E-2 2.43762E-2 2.53255E-2 2.32671E-2 2.30669E-2 2.24268E-2 2.37739E-2 2.40719E-2 2.34735E-2 2.5023E-2 2.38787E-2 2.33667E-2 2.45694E-2 2.48318E-2 2.61062E-2 2.47484E-2 2.46966E-2 2.23731E-2 2.45179E-2 2.45735E-2 2.4208E-2 2.42046E-2 2.42204E-2 2.43215E-2 1.82184E-2 1.81386E-2 2.45726E-2 2.35996E-2 1.7411E-2 1.62222E-2 1.74396E-2 1.55388E-2 2.38094E-2 1.70844E-2 1.55892E-2 1.53811E-2 1.59615E-2 1.92491E-2 1.61474E-2 2.34381E-2 2.24002E-2 1.89253E-2 1.5985E-2 2.1468E-2 1.91871E-2 2.25191E-2 2.13888E-2 5.63482E-2 3.94644E-3 3.71969E-2 2.1559E-2 2.12968E-2 3.43879E-3 2.37463E-2 2.26538E-2
2.63002E-2 2.59915E-2 2.63087E-2 2.60465E-2 1.51315E-2 1.49138E-2 1.61197E-2 2.51105E-2 2.18219E-2 2.29681E-2 2.42152E-2 1.63228E-2 1.84827E-2 2.47864E-2 2.31623E-2 1.59767E-2 1.85346E-2 2.35681E-2 2.42271E-2 2.41678E-2 2.53975E-2 2.60842E-2 2.47048E-2 2.46424E-2 2.47112E-2 2.46843E-2 2.47934E-2 2.42486E-2 2.44058E-2 2.45279E-2 2.50654E-2 1.82289E-2 2.4668E-2 1.67022E-2 1.60335E-2 2.42034E-2 2.42506E-2 1.65097E-2 1.80013E-2 1.75585E-2 2.36319E-2 1.55126E-2 1.6781E-2 1.62629E-2 2.34342E-2 2.46405E-2 2.20377E-2 2.15234E-2 1.64328E-2 2.45863E-2 3.513E-2 2.01898E-2 2.04606E-2 5.74324E-3 2.39407E-2 2.00185E-2 3.53189E-2 2.18557E-2 2.22576E-2 2.48345E-2 2.4869E-2
2.63327E-2 2.65025E-2 2.96453E-2 3.14414E-2 3.66617E-2 3.13945E-2 2.33793E-2 2.03463E-2 2.01258E-2 2.34376E-2 2.17764E-2 2.39857E-2 2.453E-2 2.30256E-2 1.5307E-2 1.53653E-2 1.65125E-2 1.70357E-2 2.33314E-2 2.40296E-2 2.52407E-2 2.50408E-2 2.5937E-2 2.50279E-2 2.46565E-2 2.47355E-2 2.46843E-2 2.43254E-2 2.44197E-2 2.45185E-2 2.50135E-2 2.47754E-2 1.68214E-2 1.74262E-2 2.38472E-2 1.65049E-2 1.55013E-2 1.85525E-2 1.84347E-2 1.69434E-2 2.46739E-2 1.6954E-2 1.99646E-2 1.56264E-2 1.43771E-2 1.594E-2 2.13686E-2 2.24249E-2 1.56362E-2 2.30386E-2 2.38571E-2 5.50286E-3 4.85098E-3 5.04386E-3 5.23344E-3 3.97906E-3 3.81193E-2 3.13619E-2 2.10973E-2 2.03642E-2 2.74663E-2
2.65428E-2 2.7892E-2 2.50507E-2 1.99077E-2 2.51426E-2 2.06596E-2 1.71991E-2 1.53475E-2 1.67305E-2 1.65635E-2 1.63938E-2 1.55199E-2 1.57195E-2 2.37018E-2 2.71927E-2 1.59838E-2 1.5681E-2 1.66065E-2 1.91325E-2 2.50442E-2 2.18633E-2 2.22233E-2 2.5017E-2 2.56697E-2 2.49037E-2 2.46623E-2 2.42944E-2 2.418E-2 2.43658E-2 2.45216E-2 2.49112E-2 1.60117E-2 1.7279E-2 2.36272E-2 1.61295E-2 1.65343E-2 1.54016E-2 1.79024E-2 1.63275E-2 1.77956E-2 1.71205E-2 1.9128E-2 2.24983E-2 1.91051E-2 1.63902E-2 1.82787E-2 2.35784E-2 2.2324E-2 1.53565E-2 2.00002E-2 2.17679E-2 2.39133E-2 5.91604E-3 3.62733E-3 6.13212E-3 2.36241E-2 3.00064E-2 1.92778E-2 2.42941E-2 2.29534E-2 2.0439E-2
2.50834E-2 2.39815E-2 2.29061E-2 1.68077E-2 2.26774E-2 1.47805E-2 1.42888E-2 1.47605E-2 1.47692E-2 1.71135E-2 1.54087E-2 1.89039E-2 2.38056E-2 2.34563E-2 2.77039E-2 2.95665E-2 2.70031E-2 2.42431E-2 2.37346E-2 2.34799E-2 1.84718E-2 2.32813E-2 2.50737E-2 2.50197E-2 2.45541E-2 2.45075E-2 2.45531E-2 2.44543E-2 2.46402E-2 2.45059E-2 2.47643E-2 1.55926E-2 2.40173E-2 2.37666E-2 1.73101E-2 1.5644E-2 1.47825E-2 1.73259E-2 1.68609E-2 2.0829E-2 1.9495E-2 2.23361E-2 2.11668E-2 1.54211E-2 2.35392E-2 2.22853E-2 2.34268E-2 1.99161E-2 1.7578E-2 1.68127E-2 1.82447E-2 1.89466E-2 6.87077E-2 3.66362E-3 4.96178E-3 2.00153E-2 2.14203E-2 2.03696E-2 2.17852E-2 1.96765E-2 1.80967E-2
3.29148E-2 2.77939E-2 1.60557E-2 1.54312E-2 1.91719E-2 3.23596E-2 2.72241E-2 2.17027E-2 1.87166E-2 1.90562E-2 3.0923E-2 2.75713E-2 2.5178E-2 2.27796E-2 2.44315E-2 2.42259E-2 2.41547E-2 2.32233E-2 1.64987E-2 1.59506E-2 1.83054E-2 2.43577E-2 2.54351E-2 2.44313E-2 2.46568E-2 2.46094E-2 2.4388E-2 2.46344E-2 2.4551E-2 2.44162E-2 2.47798E-2 2.42929E-2 2.34581E-2 2.29603E-2 1.57156E-2 1.46518E-2 1.54404E-2 1.5975E-2 1.96619E-2 1.75132E-2 2.30351E-2 2.08721E-2 1.47251E-2 1.55713E-2 1.80676E-2 1.65055E-2 2.33147E-2 2.10971E-2 1.7224E-2 2.11128E-2 2.4373E-2 6.74884E-3 5.52335E-3 5.70513E-3 4.47266E-3 2.24163E-2 2.17773E-2 2.18738E-2 3.91344E-3 2.9777E-3 1.80458E-2
2.21731E-2 2.51019E-2 2.66507E-2 3.20003E-2 2.98749E-2 3.10594E-2 2.99591E-2 3.34159E-2 2.85118E-2 2.27481E-2 2.42469E-2 2.28092E-2 2.241E-2 1.73657E-2 2.35677E-2 2.26997E-2 1.5036E-2 2.3331E-2 2.53014E-2 2.39236E-2 2.34666E-2 2.49806E-2 2.53015E-2 2.4587E-2 2.44697E-2 2.48241E-2 2.15809E-2 2.12274E-2 1.79148E-2 1.75268E-2 1.69671E-2 1.62853E-2 1.6669E-2 1.87476E-2 1.4615E-2 1.64287E-2 1.80501E-2 1.73264E-2 1.99911E-2 2.08246E-2 2.02185E-2 1.62539E-2 1.65025E-2 1.83245E-2 1.9727E-2 2.64136E-2 2.29518E-2 2.01701E-2 2.05405E-2 2.45603E-2 4.86873E-3 5.18064E-3 4.87006E-3 4.61424E-2 2.30791E-2 2.15583E-2 4.15145E-3 3.71785E-3 2.04111E-2 2.33067E-2 2.26506E-2
2.76267E-2 2.49606E-2 3.54213E-2 3.04577E-2 3.49517E-2 3.35037E-2 3.63294E-2 3.48238E-2 1.97028E-2 1.75408E-2 1.53095E-2 1.53771E-2 1.35202E-2 2.21713E-2 2.3664E-2 1.72952E-2 2.49016E-2 2.28552E-2 2.13961E-2 2.40416E-2 2.26178E-2 2.33969E-2 2.45576E-2 2.44727E-2 2.45125E-2 2.44902E-2 2.1256E-2 1.7538E-2 1.76998E-2 1.5878E-2 1.61614E-2 1.52865E-2 1.4817E-2 1.50924E-2 1.74227E-2 1.86062E-2 2.43344E-2 2.11768E-2 2.27829E-2 1.85585E-2 1.57619E-2 2.13513E-2 1.81175E-2 1.98833E-2 2.53912E-2 7.67008E-2 1.87603E-2 2.28731E-2 5.62216E-3 5.63269E-3 5.25019E-3 3.92426E-3 5.80461E-3 2.13538E-2 2.18093E-2 2.30582E-2 4.40231E-3 4.75486E-2 3.54365E-3 3.2623E-3 2.38425E-2
2.26111E-2 2.57459E-2 3.64813E-2 3.07853E-2 3.3918E-2 3.34092E-2 3.34367E-2 3.75792E-2 3.039E-2 2.47306E-2 1.74294E-2 1.73173E-2 1.7643E-2 1.46383E-2 1.55032E-2 2.13868E-2 1.69797E-2 1.65591E-2 2.30029E-2 2.31918E-2 2.36673E-2 2.33726E-2 2.42433E-2 2.17937E-2 2.41035E-2 2.43561E-2 2.16748E-2 1.77457E-2 1.72091E-2 1.62455E-2 1.55688E-2 1.51714E-2 1.77328E-2 2.35492E-2 1.49729E-2 1.57527E-2 2.14329E-2 1.96477E-2 2.03501E-2 1.7187E-2 1.88924E-2 2.04465E-2 1.92867E-2 2.44221E-2 8.25267E-2 6.4131E-3 2.35327E-2 5.70679E-3 4.95888E-3 6.6303E-3 5.93245E-3 5.35697E-3 1.76171E-2 5.56874E-3 4.40596E-3 4.06428E-3 4.27447E-3 3.69734E-3 4.72188E-3 2.98245E-3 2.46215E-2
2.2822E-2 2.74303E-2 3.58674E-2 3.16104E-2 2.8975E-2 2.83013E-2 2.84494E-2 2.40038E-2 2.27164E-2 2.11784E-2 2.11117E-2 2.28222E-2 2.5114E-2 1.87613E-2 1.817E-2 1.98785E-2 2.42161E-2 2.30338E-2 2.20101E-2 2.25848E-2 2.34697E-2 2.42359E-2 2.43316E-2 2.17571E-2 2.39798E-2 2.41702E-2 2.18157E-2 1.70908E-2 1.54891E-2 1.52595E-2 1.55123E-2 1.54617E-2 1.48504E-2 1.86057E-2 2.33369E-2 1.42736E-2 1.71537E-2 1.65501E-2 2.0988E-2 1.74394E-2 2.45792E-2 2.45449E-2 7.19292E-2 6.92708E-3 5.04067E-3 7.07751E-2 6.28848E-3 6.13175E-3 5.13982E-3 4.40201E-3 2.0599E-2 1.70755E-2 2.16516E-2 4.40922E-3 4.54959E-3 5.03345E-3 1.89793E-2 2.02921E-2 6.09758E-3 2.08533E-2 2.1624E-2
2.95535E-2 3.26985E-2 2.72281E-2 2.42848E-2 2.43273E-2 2.43688E-2 3.01515E-2 2.68497E-2 3.05022E-2 2.48896E-2 2.17746E-2 1.88802E-2 1.85512E-2 2.23057E-2 2.11251E-2 1.55106E-2 1.64769E-2 2.45599E-2 2.36523E-2 2.22912E-2 2.41392E-2 2.31016E-2 2.44242E-2 2.16928E-2 2.16238E-2 2.457E-2 2.52273E-2 1.62634E-2 1.56424E-2 2.33738E-2 1.59882E-2 1.46955E-2 1.86933E-2 2.07335E-2 2.64136E-2 2.34691E-2 1.47793E-2 1.49661E-2 1.96781E-2 2.33583E-2 1.99159E-2 6.76861E-2 1.89613E-2 5.98088E-3 6.60629E-3 5.45096E-2 1.66066E-2 6.76426E-3 2.10945E-2 4.27571E-2 1.78062E-2 2.14147E-2 2.04359E-2 5.31242E-3 5.43834E-3 6.54885E-3 6.75625E-3 1.67567E-2 2.00825E-2 1.83673E-2 1.09088E-2
3.09106E-2 2.68295E-2 2.33321E-2 2.37264E-2 2.30546E-2 2.2815E-2 2.75721E-2 3.33784E-2 3.11878E-2 3.07784E-2 2.43669E-2 2.58693E-2 1.93957E-2 1.67692E-2 1.27728E-2 1.38562E-2 1.46996E-2 1.56131E-2 1.73985E-2 2.35361E-2 2.22808E-2 2.27369E-2 2.5165E-2 2.41832E-2 2.15656E-2 2.19489E-2 2.24695E-2 1.51375E-2 1.55012E-2 1.56327E-2 1.45836E-2 1.50585E-2 2.01528E-2 2.36872E-2 2.02387E-2 1.91586E-2 1.47786E-2 1.54804E-2 1.93418E-2 2.49029E-2 7.03675E-2 2.35191E-2 1.7904E-2 5.98264E-3 2.37308E-2 1.38871E-2 1.6627E-2 5.93125E-3 1.73467E-2 1.8704E-2 1.64714E-2 2.2635E-2 5.06214E-3 4.05295E-3 3.83438E-3 4.20336E-3 4.35659E-3 5.32641E-3 2.07426E-2 2.2096E-2 2.30997E-2
2.5901E-2 2.22631E-2 2.26227E-2 2.23377E-2 2.17058E-2 2.10422E-2 2.4317E-2 2.83367E-2 3.11125E-2 3.00647E-2 2.90528E-2 2.53299E-2 2.5424E-2 1.75707E-2 1.72408E-2 1.56927E-2 1.65992E-2 1.70634E-2 2.3853E-2 2.22345E-2 2.0169E-2 2.20742E-2 2.34127E-2 2.2009E-2 2.41466E-2 2.24965E-2 1.69889E-2 1.51735E-2 1.55827E-2 1.55819E-2 1.61412E-2 1.52712E-2 1.71968E-2 2.43428E-2 1.88309E-2 1.50032E-2 1.44289E-2 1.59611E-2 1.88396E-2 2.19562E-2 2.28675E-2 1.86349E-2 6.86903E-3 5.58949E-3 2.40817E-2 6.40464E-3 1.57123E-2 2.0846E-2 2.05922E-2 1.47216E-2 2.37017E-2 3.97157E-2 4.12575E-2 5.36459E-3 4.07932E-3 2.32013E-3 2.44105E-3 2.57596E-3 3.97374E-3 2.27633E-2 2.03567E-2
2.09216E-2 2.11433E-2 2.0907E-2 1.90648E-2 1.89768E-2 1.90251E-2 1.84483E-2 1.83034E-2 2.30098E-2 2.64554E-2 2.8344E-2 2.59968E-2 3.02673E-2 2.57096E-2 2.49124E-2 1.80726E-2 1.76918E-2 2.17134E-2 2.34009E-2 2.1863E-2 2.10727E-2 2.21715E-2 2.33969E-2 2.19251E-2 2.24544E-2 2.25617E-2 1.5599E-2 1.56934E-2 2.29781E-2 2.29848E-2 1.53967E-2 1.68273E-2 1.57084E-2 2.00755E-2 1.56874E-2 1.47934E-2 1.96565E-2 1.47934E-2 1.61503E-2 7.09217E-2 1.53354E-2 7.48658E-3 6.27386E-3 6.31372E-3 5.24852E-3 1.99907E-2 1.72812E-2 1.4442E-2 1.61374E-2 2.25393E-2 2.22092E-2 1.68852E-2 2.12952E-2 5.59626E-3 3.15342E-3 3.90264E-3 3.1081E-2 2.40659E-2 1.97529E-2 1.81229E-2 2.07259E-2
1.92302E-2 1.87415E-2 1.89484E-2 1.91725E-2 1.87646E-2 1.59279E-2 1.38158E-2 1.3196E-2 1.44444E-2 1.73285E-2 1.94961E-2 1.97197E-2 1.81207E-2 2.092E-2 2.41959E-2 2.42385E-2 2.39028E-2 2.10016E-2 1.94842E-2 2.12438E-2 2.15882E-2 2.2104E-2 2.32243E-2 2.28598E-2 2.25951E-2 2.32219E-2 1.42802E-2 1.69094E-2 2.33578E-2 1.57791E-2 1.60333E-2 1.80397E-2 1.9005E-2 1.75288E-2 1.92807E-2 1.42889E-2 1.91356E-2 1.58302E-2 2.17924E-2 2.13722E-2 2.25511E-2 6.69957E-3 2.00341E-2 6.02337E-3 2.1846E-2 5.85581E-2 2.04315E-2 1.67879E-2 2.20437E-2 2.07411E-2 1.63541E-2 6.16599E-3 5.13555E-3 3.61645E-3 2.8875E-3 3.44212E-3 1.81537E-2 1.67587E-2 1.65646E-2 1.8646E-2 2.27016E-2
1.94248E-2 1.90646E-2 1.91829E-2 1.80362E-2 1.86985E-2 1.74253E-2 1.58304E-2 1.41399E-2 1.43937E-2 1.34461E-2 1.94311E-2 1.25117E-2 1.36768E-2 1.43927E-2 1.67979E-2 1.62678E-2 1.5644E-2 1.63841E-2 1.77948E-2 2.00533E-2 2.02541E-2 2.09166E-2 2.2492E-2 2.31459E-2 2.32046E-2 2.3869E-2 2.30759E-2 1.50879E-2 1.57766E-2 1.58949E-2 1.56161E-2 1.52485E-2 1.63472E-2 4.48189E-2 1.48588E-2 1.41995E-2 1.70209E-2 2.30974E-2 2.61687E-2 1.36994E-2 5.8167E-2 1.85342E-2 7.63138E-2 1.70604E-2 6.42818E-3 2.13377E-2 1.70032E-2 1.59203E-2 1.75117E-2 1.43352E-2 2.26923E-2 4.0864E-3 2.74277E-3 2.87923E-3 4.47509E-3 4.85846E-3 1.49132E-2 1.90615E-2 6.14491E-3 5.36235E-3 2.16294E-2
