Artocarpus heterophyllus SDM files/MIS19/results (without bias file)/Arthet_min.asc
ncols         625
nrows         721
xllcorner     69.99986311115
yllcorner     5.99986187915
cellsize      0.041666667
NODATA_value  -9999
[rows 297 to 323 of 721, columns 183 to 243 of 625]
1.07251E-1 1.1154E-1 1.04383E-1 1.03468E-1 1.00828E-1 1.03509E-1 1.10794E-1 1.13227E-1 1.16395E-1 1.09588E-1 1.02648E-1 1.15983E-1 1.36766E-1 1.13701E-1 1.05672E-1 1.26284E-1 1.298E-1 1.12118E-1 1.17057E-1 1.43726E-1 1.43086E-1 1.21909E-1 1.50449E-1 1.49749E-1 1.47437E-1 1.51479E-1 1.49828E-1 1.56851E-1 1.53091E-1 1.49527E-1 1.54997E-1 1.53098E-1 1.43215E-1 1.47567E-1 1.43188E-1 1.65446E-1 1.54672E-1 1.43599E-1 1.56597E-1 1.54855E-1 1.64495E-1 1.54157E-1 1.63714E-1 1.50574E-1 1.31335E-1 1.62702E-1 1.4263E-1 1.38854E-1 1.5532E-1 1.52482E-1 1.70632E-1 1.66196E-1 1.32569E-1 1.18116E-1 1.49385E-1 1.98116E-1 1.42305E-1 1.43428E-1 1.37165E-1 1.44849E-1 1.72201E-1
1.02619E-1 1.08779E-1 1.03361E-1 1.08395E-1 1.02216E-1 1.05014E-1 1.10443E-1 1.15827E-1 1.13881E-1 1.13947E-1 1.08226E-1 1.28937E-1 1.26888E-1 1.13314E-1 1.06365E-1 1.34396E-1 1.19282E-1 1.18637E-1 1.1528E-1 1.22143E-1 1.43241E-1 1.20601E-1 1.44678E-1 1.38408E-1 1.49266E-1 1.46435E-1 1.49953E-1 1.43303E-1 1.38432E-1 1.3531E-1 1.51589E-1 1.55181E-1 1.4111E-1 1.43664E-1 1.5938E-1 1.60956E-1 1.52035E-1 1.52157E-1 1.76316E-1 1.52085E-1 1.30064E-1 1.28927E-1 1.43754E-1 1.37536E-1 1.3373E-1 1.49994E-1 1.35729E-1 1.36239E-1 1.4225E-1 1.4954E-1 1.46621E-1 1.7098E-1 1.366E-1 1.31323E-1 1.38976E-1 1.56735E-1 1.31064E-1 1.36689E-1 1.60519E-1 1.71773E-1 1.671E-1
1.00112E-1 1.02483E-1 1.08098E-1 1.06966E-1 1.04048E-1 1.09436E-1 1.05427E-1 1.09415E-1 1.09761E-1 1.10012E-1 1.0983E-1 1.29657E-1 1.34252E-1 1.12242E-1 1.16268E-1 1.20306E-1 1.19693E-1 1.22311E-1 1.19125E-1 1.23863E-1 1.49901E-1 1.41777E-1 1.34563E-1 1.48995E-1 1.49871E-1 1.60462E-1 1.56278E-1 1.39589E-1 1.38465E-1 1.4694E-1 1.62381E-1 1.37325E-1 1.47625E-1 1.92705E-1 1.73182E-1 1.67797E-1 1.5404E-1 1.5275E-1 1.70465E-1 1.57551E-1 1.50098E-1 1.67866E-1 1.38343E-1 1.45094E-1 1.57285E-1 1.50799E-1 1.5204E-1 1.68409E-1 1.42526E-1 1.21634E-1 1.44836E-1 1.55659E-1 1.2618E-1 1.26687E-1 1.35462E-1 1.34206E-1 1.47231E-1 1.44122E-1 1.56977E-1 1.69691E-1 1.47118E-1
1.16332E-1 1.054E-1 1.06933E-1 1.05859E-1 1.13665E-1 1.20859E-1 1.11639E-1 1.07968E-1 1.15223E-1 1.09378E-1 1.11076E-1 1.26589E-1 1.36642E-1 1.13883E-1 1.32714E-1 1.10497E-1 1.26312E-1 1.20907E-1 1.16192E-1 1.22304E-1 1.31088E-1 1.46957E-1 1.24118E-1 1.44564E-1 1.51898E-1 1.55457E-1 1.4101E-1 1.41278E-1 1.52082E-1 1.53395E-1 1.42677E-1 1.31486E-1 1.63471E-1 1.73544E-1 1.5609E-1 1.52955E-1 1.61181E-1 1.66336E-1 1.69558E-1 1.62953E-1 1.63923E-1 1.56445E-1 1.45186E-1 1.51382E-1 1.71681E-1 1.66754E-1 1.58549E-1 2.07855E-1 1.51737E-1 1.43594E-1 1.9792E-1 2.30481E-1 1.96544E-1 1.44587E-1 1.50298E-1 1.44684E-1 1.48436E-1 1.44799E-1 1.53288E-1 1.5081E-1 1.52196E-1
1.11189E-1 1.10726E-1 1.13458E-1 1.05137E-1 1.18688E-1 1.22422E-1 1.14382E-1 1.10392E-1 1.05722E-1 1.09303E-1 1.16106E-1 1.37056E-1 1.31098E-1 1.18165E-1 1.17392E-1 1.06419E-1 1.17772E-1 1.30582E-1 1.13407E-1 1.27675E-1 1.23366E-1 1.4005E-1 1.28764E-1 1.43347E-1 1.6001E-1 1.46872E-1 1.44875E-1 1.55573E-1 1.61575E-1 1.39842E-1 1.34216E-1 1.48999E-1 1.76098E-1 1.62644E-1 1.53866E-1 1.66581E-1 1.67405E-1 1.52131E-1 1.41883E-1 1.35087E-1 1.40402E-1 1.33333E-1 1.42626E-1 1.75518E-1 1.73451E-1 1.49027E-1 1.35191E-1 1.8687E-1 2.03759E-1 1.70617E-1 2.04391E-1 2.17028E-1 1.68836E-1 1.37361E-1 1.64039E-1 1.85026E-1 1.45556E-1 1.50179E-1 1.58249E-1 1.558E-1 1.65613E-1
1.23133E-1 1.23026E-1 1.04948E-1 1.09981E-1 1.17208E-1 1.23613E-1 1.26044E-1 1.14292E-1 1.03802E-1 1.10661E-1 1.26126E-1 1.17838E-1 1.25899E-1 1.20872E-1 1.11803E-1 1.15974E-1 1.17578E-1 1.28707E-1 1.23856E-1 1.14728E-1 1.23406E-1 1.41774E-1 1.29441E-1 1.45048E-1 1.28323E-1 1.33748E-1 1.47719E-1 1.48415E-1 1.45343E-1 1.3091E-1 1.62114E-1 1.50784E-1 1.45565E-1 1.47245E-1 1.47002E-1 1.40461E-1 1.45009E-1 1.37564E-1 1.4545E-1 1.71607E-1 1.39691E-1 1.40141E-1 1.70467E-1 1.97116E-1 1.7123E-1 1.4847E-1 1.29104E-1 1.6742E-1 1.87503E-1 1.69864E-1 1.71615E-1 1.47349E-1 1.24704E-1 1.30839E-1 1.45963E-1 1.59458E-1 1.52735E-1 1.53958E-1 1.57173E-1 1.60333E-1 1.62115E-1
1.41131E-1 1.26293E-1 1.07942E-1 1.12394E-1 1.17269E-1 1.23176E-1 1.25855E-1 1.07762E-1 1.07469E-1 1.04802E-1 1.09397E-1 1.25425E-1 1.32004E-1 1.21982E-1 1.18776E-1 1.2826E-1 1.22344E-1 1.20692E-1 1.26446E-1 1.1637E-1 1.00778E-1 1.20291E-1 1.26293E-1 1.39782E-1 1.41681E-1 1.28064E-1 1.40651E-1 1.42537E-1 1.43113E-1 1.77201E-1 1.49886E-1 1.45025E-1 1.3567E-1 1.32306E-1 1.35779E-1 1.3352E-1 1.47692E-1 1.47331E-1 1.66684E-1 1.38731E-1 1.37775E-1 1.36343E-1 1.56945E-1 1.8089E-1 1.50158E-1 1.33158E-1 1.27735E-1 1.61467E-1 1.73196E-1 1.79789E-1 1.55611E-1 1.31589E-1 1.42211E-1 1.43268E-1 1.74641E-1 1.59273E-1 1.60501E-1 1.62035E-1 1.80607E-1 1.76232E-1 1.77132E-1
1.36577E-1 1.13358E-1 1.15156E-1 1.26519E-1 1.19102E-1 1.304E-1 1.29183E-1 1.14867E-1 1.07978E-1 1.07902E-1 1.07021E-1 1.19904E-1 1.38912E-1 1.26535E-1 1.21493E-1 1.15674E-1 1.18875E-1 1.09432E-1 1.02949E-1 1.03303E-1 9.17799E-2 1.0159E-1 1.23421E-1 1.29176E-1 1.21064E-1 1.28173E-1 1.32079E-1 1.35512E-1 1.43788E-1 1.46633E-1 1.49684E-1 1.47977E-1 1.38424E-1 1.43128E-1 1.40933E-1 1.43273E-1 1.53241E-1 1.63235E-1 1.80338E-1 1.79255E-1 1.77017E-1 1.31443E-1 1.50287E-1 1.76559E-1 1.76548E-1 1.67681E-1 1.66619E-1 1.73297E-1 1.72375E-1 1.49423E-1 1.39295E-1 1.46268E-1 1.54057E-1 1.53102E-1 1.57986E-1 1.61338E-1 1.62495E-1 1.63464E-1 1.75487E-1 1.96686E-1 1.93536E-1
1.21566E-1 1.16026E-1 1.10565E-1 1.16853E-1 1.11757E-1 1.31006E-1 1.32284E-1 1.25061E-1 1.19506E-1 1.13116E-1 1.08663E-1 1.13727E-1 1.38062E-1 1.25717E-1 1.28556E-1 9.70926E-2 1.07848E-1 9.17213E-2 8.86488E-2 9.46233E-2 1.06114E-1 9.82474E-2 1.23218E-1 1.1575E-1 1.14384E-1 1.12738E-1 1.1734E-1 1.1904E-1 1.29308E-1 1.28609E-1 1.35563E-1 1.395E-1 1.5151E-1 1.4386E-1 1.442E-1 1.52206E-1 1.74294E-1 1.72852E-1 1.72565E-1 1.61362E-1 1.46372E-1 1.26412E-1 1.39704E-1 1.96775E-1 2.0719E-1 1.86513E-1 1.92816E-1 1.56369E-1 1.33854E-1 1.30604E-1 1.48626E-1 1.58989E-1 1.64953E-1 1.62674E-1 1.70619E-1 1.64393E-1 1.6424E-1 1.62574E-1 1.80748E-1 2.13075E-1 2.04601E-1
1.22692E-1 1.13629E-1 1.24959E-1 1.11391E-1 1.28644E-1 1.38729E-1 1.43678E-1 1.13276E-1 9.95223E-2 1.01749E-1 1.2948E-1 1.2379E-1 1.1702E-1 1.21373E-1 1.16365E-1 9.68238E-2 9.9641E-2 1.02475E-1 1.00246E-1 9.81731E-2 1.06583E-1 1.0674E-1 1.2387E-1 1.11845E-1 1.09623E-1 1.16221E-1 1.2102E-1 1.17279E-1 1.26651E-1 1.4079E-1 1.37427E-1 1.24205E-1 1.41189E-1 1.52445E-1 1.49233E-1 1.55885E-1 1.82723E-1 1.80538E-1 1.81601E-1 1.75638E-1 1.38918E-1 1.44201E-1 1.51828E-1 1.71114E-1 1.51373E-1 1.29858E-1 1.28782E-1 1.2306E-1 1.37432E-1 1.55176E-1 1.609E-1 1.62056E-1 1.74637E-1 1.74989E-1 1.70886E-1 1.7437E-1 1.69875E-1 1.78694E-1 1.7893E-1 1.77753E-1 2.01018E-1
1.11522E-1 1.15023E-1 1.46716E-1 1.2281E-1 1.11123E-1 1.11816E-1 1.12053E-1 1.10334E-1 9.6629E-2 1.08413E-1 1.30944E-1 1.03965E-1 1.11175E-1 1.19818E-1 1.06649E-1 1.05606E-1 1.08039E-1 1.0709E-1 1.04017E-1 1.07189E-1 1.16261E-1 1.08346E-1 1.15822E-1 1.13828E-1 1.24356E-1 1.36059E-1 1.5587E-1 1.34758E-1 1.18362E-1 1.40407E-1 1.44137E-1 1.2937E-1 1.5308E-1 1.64783E-1 1.4953E-1 1.767E-1 1.92214E-1 1.77813E-1 1.58885E-1 1.55299E-1 1.69964E-1 1.7445E-1 1.60859E-1 1.7052E-1 1.23187E-1 1.24664E-1 1.32795E-1 1.44292E-1 1.58827E-1 1.57344E-1 1.71831E-1 1.73179E-1 1.74935E-1 1.76706E-1 1.78135E-1 1.73322E-1 1.71501E-1 1.63323E-1 1.54422E-1 1.60353E-1 1.77418E-1
1.17193E-1 1.21258E-1 1.30151E-1 1.60743E-1 1.51081E-1 1.36364E-1 1.15914E-1 1.13746E-1 9.71439E-2 9.8646E-2 1.25715E-1 1.05894E-1 1.32143E-1 1.33217E-1 1.11869E-1 1.06945E-1 1.15144E-1 1.17922E-1 1.1727E-1 1.16486E-1 1.21577E-1 1.25195E-1 1.27654E-1 1.34971E-1 1.47819E-1 1.54518E-1 1.38439E-1 1.18469E-1 1.1541E-1 1.32086E-1 1.17063E-1 1.17784E-1 1.18665E-1 1.16753E-1 1.18114E-1 1.35563E-1 1.81771E-1 1.74718E-1 1.84285E-1 1.93121E-1 1.90328E-1 1.75003E-1 1.51353E-1 1.33189E-1 1.36711E-1 1.47782E-1 1.49555E-1 1.60185E-1 1.65231E-1 1.66533E-1 1.68549E-1 1.7423E-1 1.76706E-1 1.79697E-1 1.71529E-1 1.8177E-1 2.01075E-1 2.09007E-1 2.11614E-1 1.76534E-1 1.67373E-1
1.24973E-1 1.3497E-1 1.20333E-1 1.1869E-1 1.20122E-1 1.13703E-1 1.0791E-1 1.05676E-1 1.05131E-1 9.93917E-2 1.14576E-1 1.20407E-1 1.14294E-1 1.23085E-1 1.14126E-1 1.1469E-1 1.12344E-1 1.14823E-1 1.08542E-1 1.12904E-1 1.15024E-1 1.22502E-1 1.31072E-1 1.19584E-1 1.32909E-1 1.30049E-1 1.19674E-1 1.20849E-1 1.22481E-1 1.28056E-1 1.30679E-1 1.2658E-1 1.27969E-1 1.27578E-1 1.213E-1 1.25681E-1 1.53259E-1 1.74327E-1 1.79288E-1 1.72298E-1 1.62097E-1 1.24947E-1 1.21842E-1 1.39096E-1 1.41335E-1 1.40015E-1 1.41409E-1 1.52989E-1 1.66239E-1 1.65064E-1 1.68065E-1 1.61642E-1 1.60675E-1 1.74979E-1 1.95849E-1 1.77905E-1 1.69306E-1 1.7144E-1 1.68227E-1 1.54276E-1 1.55904E-1
1.53468E-1 1.32777E-1 1.26111E-1 1.28242E-1 1.24236E-1 1.27196E-1 1.25887E-1 1.16237E-1 1.07659E-1 1.07069E-1 1.10259E-1 1.47426E-1 1.20437E-1 1.25604E-1 1.09682E-1 1.15252E-1 1.16172E-1 1.15139E-1 1.12972E-1 1.1707E-1 1.15103E-1 1.12735E-1 1.1448E-1 1.12189E-1 1.13293E-1 1.16933E-1 1.28822E-1 1.24989E-1 1.29661E-1 1.35119E-1 1.42625E-1 1.43166E-1 1.38856E-1 1.36256E-1 1.34826E-1 1.26421E-1 1.26198E-1 1.14117E-1 1.11176E-1 1.12886E-1 1.26321E-1 1.27084E-1 1.32283E-1 1.44244E-1 1.47137E-1 1.58149E-1 1.60908E-1 1.5232E-1 1.51894E-1 1.52369E-1 1.68681E-1 1.90428E-1 1.74955E-1 1.75573E-1 1.84537E-1 1.56856E-1 1.58675E-1 1.59682E-1 1.82546E-1 1.79987E-1 1.75888E-1
1.22241E-1 1.26947E-1 1.28947E-1 1.29797E-1 1.50707E-1 1.50465E-1 1.55425E-1 1.48992E-1 1.1541E-1 1.04792E-1 1.19792E-1 1.42619E-1 1.11035E-1 1.07504E-1 1.09528E-1 1.16314E-1 1.19836E-1 1.18361E-1 1.18145E-1 1.20442E-1 1.20719E-1 1.19487E-1 1.21364E-1 1.23022E-1 1.27469E-1 1.28875E-1 1.31999E-1 1.3008E-1 1.40748E-1 1.3437E-1 1.39728E-1 1.38739E-1 1.36254E-1 1.36649E-1 1.49704E-1 1.28024E-1 1.27258E-1 1.25718E-1 1.20331E-1 1.33994E-1 1.32738E-1 1.42423E-1 1.49886E-1 1.51028E-1 1.61173E-1 1.64034E-1 1.77985E-1 1.63172E-1 1.67746E-1 1.80582E-1 2.0844E-1 2.27802E-1 2.07303E-1 2.06147E-1 2.04106E-1 1.62823E-1 1.5927E-1 1.84338E-1 2.19479E-1 2.30312E-1 2.05623E-1
1.21542E-1 1.44998E-1 1.36856E-1 1.54787E-1 1.37372E-1 1.4815E-1 1.30923E-1 1.47655E-1 1.33489E-1 1.41737E-1 1.27091E-1 1.16157E-1 1.13793E-1 1.16133E-1 1.12604E-1 1.20633E-1 1.24478E-1 1.19443E-1 1.25327E-1 1.26179E-1 1.28088E-1 1.29143E-1 1.2631E-1 1.26843E-1 1.2707E-1 1.29005E-1 1.41352E-1 1.44199E-1 1.45112E-1 1.44373E-1 1.52071E-1 1.46574E-1 1.45512E-1 1.33634E-1 1.33259E-1 1.26375E-1 1.32022E-1 1.39836E-1 1.4392E-1 1.44733E-1 1.53319E-1 1.5785E-1 1.51117E-1 1.54193E-1 1.5699E-1 1.61578E-1 1.77567E-1 1.67064E-1 1.86064E-1 1.91601E-1 2.0393E-1 2.15584E-1 2.17306E-1 2.07724E-1 1.87689E-1 1.67197E-1 1.883E-1 2.0416E-1 2.11097E-1 2.14783E-1 2.27937E-1
1.282E-1 1.271E-1 1.42141E-1 1.40102E-1 1.57352E-1 1.58993E-1 1.45545E-1 1.49643E-1 1.24171E-1 1.39683E-1 1.25881E-1 1.19855E-1 1.19889E-1 1.19344E-1 1.23565E-1 1.26752E-1 1.23455E-1 1.27498E-1 1.29205E-1 1.24056E-1 1.31371E-1 1.36468E-1 1.361E-1 1.41131E-1 1.38296E-1 1.38132E-1 1.35971E-1 1.42308E-1 1.50173E-1 1.47434E-1 1.51401E-1 1.53674E-1 1.56043E-1 1.49582E-1 1.5269E-1 1.38854E-1 1.41046E-1 1.47434E-1 1.39495E-1 1.39689E-1 1.53336E-1 1.60272E-1 1.56567E-1 1.58433E-1 1.67475E-1 1.79749E-1 1.90066E-1 1.81762E-1 1.6707E-1 1.73566E-1 1.87663E-1 2.25889E-1 1.93223E-1 1.61311E-1 1.54508E-1 1.84452E-1 1.72773E-1 1.90044E-1 1.69751E-1 1.96206E-1 1.91982E-1
1.29084E-1 1.38383E-1 1.41567E-1 1.50711E-1 1.57279E-1 1.28685E-1 1.03535E-1 1.03095E-1 1.0281E-1 1.10765E-1 1.13668E-1 1.17676E-1 1.23859E-1 1.24892E-1 1.24108E-1 1.24432E-1 1.27505E-1 1.30988E-1 1.32891E-1 1.38822E-1 1.32439E-1 1.33756E-1 1.33535E-1 1.37856E-1 1.43755E-1 1.42712E-1 1.46624E-1 1.40473E-1 1.41025E-1 1.4539E-1 1.50934E-1 1.54958E-1 1.5199E-1 1.57745E-1 1.51438E-1 1.54538E-1 1.42589E-1 1.45716E-1 1.52093E-1 1.54852E-1 1.50458E-1 1.55231E-1 1.60127E-1 1.61988E-1 1.72045E-1 1.71776E-1 1.78256E-1 2.03544E-1 1.70685E-1 1.89412E-1 2.3361E-1 2.16213E-1 1.80709E-1 1.77007E-1 2.06391E-1 1.73056E-1 1.81368E-1 1.71909E-1 1.79239E-1 1.89015E-1 1.98855E-1
1.11993E-1 1.26943E-1 1.06032E-1 1.0304E-1 1.05925E-1 1.06121E-1 1.06193E-1 1.12026E-1 1.14563E-1 1.21683E-1 1.22955E-1 1.26124E-1 1.22738E-1 1.25055E-1 1.23572E-1 1.28419E-1 1.2873E-1 1.3316E-1 1.3471E-1 1.37168E-1 1.43214E-1 1.39687E-1 1.42021E-1 1.42803E-1 1.43783E-1 1.42098E-1 1.49355E-1 1.4681E-1 1.37922E-1 1.44101E-1 1.43328E-1 1.47678E-1 1.52909E-1 1.56381E-1 1.50388E-1 1.47982E-1 1.37369E-1 1.41504E-1 1.53338E-1 1.52082E-1 1.62718E-1 1.53064E-1 1.69205E-1 1.9066E-1 1.95914E-1 1.72475E-1 1.83769E-1 2.16656E-1 1.7517E-1 1.97106E-1 2.40101E-1 2.34187E-1 1.92497E-1 1.79479E-1 2.14699E-1 1.63995E-1 2.18981E-1 2.35541E-1 2.22566E-1 1.98149E-1 2.06759E-1
1.17768E-1 1.56208E-1 1.32536E-1 1.09125E-1 1.12875E-1 1.18816E-1 1.16434E-1 1.19046E-1 1.22687E-1 1.21912E-1 1.28087E-1 1.26034E-1 1.21218E-1 1.27696E-1 1.29365E-1 1.30703E-1 1.30818E-1 1.33376E-1 1.46863E-1 1.48451E-1 1.38291E-1 1.4277E-1 1.46143E-1 1.42398E-1 1.48079E-1 1.48668E-1 1.44633E-1 1.46559E-1 1.47412E-1 1.42041E-1 1.40947E-1 1.43424E-1 1.44479E-1 1.55756E-1 1.47115E-1 1.41668E-1 1.48988E-1 1.44947E-1 1.51264E-1 1.6675E-1 1.80128E-1 1.57002E-1 1.50501E-1 1.65119E-1 1.88884E-1 2.17826E-1 2.0333E-1 2.19486E-1 1.61916E-1 1.84489E-1 2.24185E-1 2.06797E-1 2.06841E-1 1.95202E-1 2.32137E-1 1.61637E-1 1.71698E-1 1.6756E-1 1.66477E-1 2.1203E-1 2.08991E-1
1.41399E-1 1.03991E-1 1.3905E-1 1.17009E-1 1.12558E-1 1.21788E-1 1.26413E-1 1.18411E-1 1.23121E-1 1.24435E-1 1.23123E-1 1.24775E-1 1.27033E-1 1.28597E-1 1.34385E-1 1.40162E-1 1.39716E-1 1.40945E-1 1.47869E-1 1.47388E-1 1.4603E-1 1.5043E-1 1.48921E-1 1.42301E-1 1.50332E-1 1.54114E-1 1.46172E-1 1.43819E-1 1.50595E-1 1.40934E-1 1.5126E-1 1.43007E-1 1.43295E-1 1.4163E-1 1.58153E-1 1.77185E-1 1.84208E-1 1.92859E-1 1.87068E-1 1.7578E-1 1.67093E-1 1.78693E-1 1.7136E-1 1.54433E-1 1.54572E-1 1.80956E-1 2.28203E-1 2.07838E-1 1.72168E-1 1.91384E-1 2.32959E-1 2.13987E-1 1.80872E-1 1.83282E-1 2.54059E-1 2.09494E-1 1.74029E-1 1.7317E-1 2.05136E-1 2.03828E-1 2.04405E-1
9.87E-2 1.01139E-1 1.0841E-1 1.0833E-1 1.15345E-1 1.22327E-1 1.26389E-1 1.34931E-1 1.34052E-1 1.26272E-1 1.28774E-1 1.26474E-1 1.31469E-1 1.3562E-1 1.38669E-1 1.42368E-1 1.4513E-1 1.44739E-1 1.49122E-1 1.52539E-1 1.55699E-1 1.5458E-1 1.51365E-1 1.54612E-1 1.46574E-1 1.55147E-1 1.48152E-1 1.51545E-1 1.50246E-1 1.48373E-1 1.66361E-1 1.84795E-1 1.70334E-1 1.85387E-1 1.65837E-1 1.54846E-1 1.59724E-1 1.83994E-1 1.94421E-1 1.81396E-1 1.58538E-1 1.66796E-1 1.96213E-1 1.66058E-1 1.75354E-1 1.57422E-1 2.10291E-1 2.31655E-1 1.98704E-1 2.14764E-1 2.43304E-1 2.13515E-1 2.27468E-1 1.95281E-1 2.63912E-1 2.58585E-1 2.17099E-1 1.96766E-1 1.64289E-1 1.72693E-1 1.72268E-1
1.14146E-1 1.19978E-1 1.25896E-1 1.27486E-1 1.18613E-1 1.1699E-1 1.20829E-1 1.24957E-1 1.3226E-1 1.23803E-1 1.2623E-1 1.31134E-1 1.29797E-1 1.3747E-1 1.41865E-1 1.43542E-1 1.46645E-1 1.48348E-1 1.53899E-1 1.59711E-1 1.62163E-1 1.63686E-1 1.65187E-1 1.72565E-1 1.95873E-1 1.83268E-1 1.7072E-1 1.8721E-1 1.9702E-1 1.72796E-1 2.01209E-1 2.15119E-1 1.8311E-1 1.43283E-1 1.46366E-1 1.57644E-1 1.48067E-1 1.64981E-1 2.05771E-1 1.91717E-1 1.84578E-1 1.55404E-1 2.15254E-1 1.97623E-1 1.71778E-1 1.81009E-1 1.88478E-1 2.28192E-1 2.09357E-1 2.259E-1 2.30716E-1 2.15933E-1 1.86495E-1 1.8425E-1 2.27595E-1 2.41785E-1 2.29427E-1 2.401E-1 2.58211E-1 2.79403E-1 2.93296E-1
1.19603E-1 1.21358E-1 1.22017E-1 1.22542E-1 1.26035E-1 1.1954E-1 1.18626E-1 1.14768E-1 1.24926E-1 1.29995E-1 1.32508E-1 1.38701E-1 1.31724E-1 1.38354E-1 1.42055E-1 1.4726E-1 1.48445E-1 1.56642E-1 1.63658E-1 1.74363E-1 1.83705E-1 1.7282E-1 1.98876E-1 2.15098E-1 1.98509E-1 1.39649E-1 1.58959E-1 2.16522E-1 1.98283E-1 1.85893E-1 2.15412E-1 2.00575E-1 1.8297E-1 1.33597E-1 1.69958E-1 1.81106E-1 1.82469E-1 1.50011E-1 1.66761E-1 2.04652E-1 1.8501E-1 1.55311E-1 2.00915E-1 2.28081E-1 1.92951E-1 2.1315E-1 1.96573E-1 1.97508E-1 1.99263E-1 2.28193E-1 2.28964E-1 2.12569E-1 2.01587E-1 2.02923E-1 2.21017E-1 2.54959E-1 2.53535E-1 2.74874E-1 2.47187E-1 2.6095E-1 2.55341E-1
1.17605E-1 1.18801E-1 1.22177E-1 1.27553E-1 1.26757E-1 1.19061E-1 1.21506E-1 1.22472E-1 1.18719E-1 1.47331E-1 1.54877E-1 1.59848E-1 1.48231E-1 1.43597E-1 1.58042E-1 1.7252E-1 1.59834E-1 1.69613E-1 1.84939E-1 2.01725E-1 1.69464E-1 1.71239E-1 1.684E-1 1.76544E-1 1.57076E-1 1.24229E-1 1.25188E-1 1.7823E-1 1.6318E-1 1.72641E-1 1.89463E-1 1.95196E-1 1.68324E-1 1.54338E-1 1.40361E-1 1.80918E-1 1.81258E-1 1.44188E-1 1.6554E-1 1.9963E-1 1.6869E-1 1.7929E-1 2.26492E-1 2.04662E-1 2.14795E-1 2.10402E-1 2.07521E-1 2.20256E-1 2.1695E-1 2.12846E-1 2.43615E-1 2.42742E-1 2.35298E-1 2.18478E-1 2.31669E-1 2.4168E-1 2.58057E-1 2.09976E-1 1.93662E-1 1.95708E-1 2.1205E-1
1.20351E-1 1.22971E-1 1.2404E-1 1.23229E-1 1.30749E-1 1.31873E-1 1.26276E-1 1.33179E-1 1.28457E-1 1.61358E-1 1.42588E-1 1.35611E-1 1.2886E-1 1.4525E-1 1.75069E-1 1.87049E-1 1.73265E-1 1.72488E-1 1.60984E-1 1.63458E-1 1.60132E-1 1.69573E-1 1.69751E-1 1.60474E-1 1.64772E-1 1.45188E-1 1.38559E-1 1.50402E-1 1.70263E-1 1.60995E-1 1.9718E-1 1.98635E-1 1.89733E-1 1.83901E-1 1.49028E-1 1.60947E-1 1.85712E-1 1.4922E-1 1.69078E-1 2.1828E-1 1.98802E-1 1.79755E-1 2.03121E-1 1.96715E-1 2.11185E-1 2.08059E-1 2.04777E-1 2.11991E-1 2.3108E-1 2.38904E-1 2.50136E-1 2.22654E-1 2.17791E-1 2.32234E-1 2.18007E-1 1.87194E-1 1.93808E-1 1.96353E-1 1.84403E-1 1.88914E-1 1.94087E-1
1.19479E-1 1.24506E-1 1.27967E-1 1.26994E-1 1.43526E-1 1.54621E-1 1.57738E-1 1.35333E-1 1.19731E-1 1.30585E-1 1.1776E-1 1.3407E-1 1.3054E-1 1.27654E-1 1.42352E-1 1.4629E-1 1.83286E-1 1.91645E-1 2.12731E-1 2.1854E-1 1.99476E-1 1.88327E-1 1.91831E-1 2.408E-1 2.30922E-1 1.59923E-1 1.53034E-1 1.51077E-1 1.63757E-1 1.75158E-1 1.88883E-1 2.0937E-1 1.91434E-1 1.7359E-1 1.49449E-1 1.53796E-1 1.92783E-1 1.686E-1 1.55819E-1 2.14665E-1 1.84082E-1 1.71983E-1 2.12396E-1 1.92505E-1 2.22016E-1 2.14817E-1 1.89458E-1 2.06807E-1 2.41385E-1 2.44148E-1 2.08699E-1 2.15208E-1 2.10126E-1 2.09525E-1 2.07151E-1 1.87811E-1 1.85397E-1 1.70132E-1 1.98839E-1 2.00845E-1 2.04664E-1
