Artocarpus heterophyllus SDM files/MIS19/results (without bias file)/Arthet_max.asc
ncols         625
nrows         721
xllcorner     69.99986311115
yllcorner     5.99986187915
cellsize      0.041666667
NODATA_value  -9999
[rows 54 to 80 of 721, columns 305 to 365 of 625]
3.22971E-4 3.2934E-4 3.2253E-4 3.0342E-4 3.50586E-4 3.78696E-4 4.15681E-4 8.60028E-4 8.8349E-4 4.28807E-4 3.36355E-4 3.64775E-4 7.66337E-4 3.78469E-4 3.80382E-4 7.62873E-4 8.44628E-4 7.92379E-4 7.1358E-4 6.99079E-4 6.99991E-4 3.68418E-4 3.5832E-4 3.58011E-4 3.16883E-4 3.30357E-4 3.21141E-4 3.44759E-4 3.39135E-4 3.24452E-4 3.25388E-4 3.29555E-4 3.82167E-4 4.03746E-4 3.48661E-4 3.32882E-4 3.44988E-4 3.39672E-4 3.98631E-4 4.67362E-4 9.41378E-4 9.38597E-4 9.33576E-4 9.77978E-4 9.62171E-4 9.12852E-4 9.45682E-4 9.0319E-4 3.97736E-4 8.67364E-4 8.82728E-4 9.03014E-4 3.62978E-4 3.98083E-4 8.80894E-4 4.25018E-4 3.82423E-4 3.4839E-4 3.86892E-4 4.1342E-4 3.8106E-4
3.62332E-4 3.38233E-4 3.3005E-4 3.22837E-4 3.06793E-4 3.3329E-4 3.35148E-4 3.71231E-4 7.98689E-4 8.49525E-4 8.40035E-4 3.44285E-4 3.85728E-4 8.23727E-4 7.98341E-4 7.58258E-4 8.30905E-4 8.4353E-4 3.74897E-4 3.39469E-4 7.04169E-4 3.98428E-4 7.94558E-4 8.54672E-4 4.38071E-4 3.84412E-4 3.44932E-4 8.54767E-4 9.05311E-4 4.26937E-4 3.98176E-4 3.63107E-4 3.43016E-4 3.4441E-4 3.64952E-4 3.38965E-4 3.39445E-4 3.40645E-4 3.36747E-4 3.37847E-4 3.55628E-4 3.44822E-4 3.50904E-4 3.39941E-4 3.44762E-4 3.45361E-4 3.92358E-4 3.97667E-4 3.3142E-4 3.3037E-4 3.28177E-4 3.32577E-4 3.5015E-4 3.65185E-4 3.79188E-4 3.85844E-4 3.44805E-4 3.38816E-4 3.45173E-4 3.58576E-4 4.39788E-4
3.5661E-4 3.2775E-4 3.06919E-4 3.04332E-4 3.19737E-4 3.40419E-4 3.30886E-4 3.38397E-4 3.69217E-4 3.85371E-4 7.88735E-4 4.21116E-4 3.60379E-4 3.46969E-4 3.86095E-4 3.56586E-4 6.93851E-4 7.03075E-4 3.71174E-4 3.5929E-4 7.13274E-4 3.51314E-4 3.4216E-4 3.43888E-4 3.98043E-4 4.30932E-4 3.47239E-4 3.60138E-4 3.48098E-4 4.20611E-4 9.49092E-4 1.00031E-3 1.00341E-3 4.678E-4 3.7065E-4 3.5253E-4 3.54795E-4 3.50149E-4 3.50149E-4 3.49388E-4 3.37685E-4 3.35888E-4 3.3305E-4 3.37847E-4 3.5032E-4 3.61617E-4 3.75105E-4 3.89337E-4 4.185E-4 4.15231E-4 3.9177E-4 3.5191E-4 3.41817E-4 3.4552E-4 3.57211E-4 3.56848E-4 3.66471E-4 9.03776E-4 4.24311E-4 4.23743E-4 1.06112E-3
3.86529E-4 3.48888E-4 3.1554E-4 3.14772E-4 3.31483E-4 3.496E-4 3.35028E-4 3.312E-4 3.32082E-4 3.73734E-4 7.63081E-4 7.62361E-4 4.0868E-4 3.62035E-4 3.6208E-4 3.60056E-4 3.25908E-4 3.11983E-4 3.33921E-4 3.16227E-4 3.31086E-4 3.64908E-4 3.7398E-4 3.43792E-4 3.42746E-4 3.83065E-4 4.57467E-4 9.57651E-4 4.30811E-4 3.97223E-4 4.18093E-4 7.98112E-4 4.10543E-4 4.10945E-4 4.06527E-4 3.89867E-4 3.67708E-4 3.60853E-4 3.64706E-4 3.59431E-4 3.5173E-4 3.46641E-4 3.4494E-4 3.66209E-4 4.64895E-4 1.0046E-3 1.02809E-3 1.05338E-3 1.0671E-3 1.09022E-3 9.85771E-4 4.29792E-4 4.42999E-4 9.18267E-4 1.00903E-3 9.80136E-4 9.30995E-4 1.05792E-3 9.83685E-4 9.45247E-4 1.02496E-3
3.45128E-4 4.13441E-4 3.97416E-4 3.35917E-4 3.46712E-4 3.2989E-4 3.57987E-4 3.78404E-4 3.96875E-4 7.52816E-4 7.20846E-4 6.81923E-4 3.71445E-4 7.71798E-4 7.94645E-4 3.95835E-4 3.56714E-4 3.21825E-4 3.24081E-4 3.23156E-4 3.15024E-4 3.10598E-4 3.32179E-4 3.41078E-4 3.26472E-4 3.95451E-4 8.19479E-4 8.83663E-4 9.36997E-4 9.39108E-4 9.15028E-4 4.38403E-4 9.06828E-4 9.53543E-4 9.87941E-4 1.03031E-3 4.48779E-4 3.97057E-4 4.32382E-4 4.68624E-4 4.24471E-4 3.77848E-4 3.61987E-4 3.47873E-4 3.44183E-4 4.21235E-4 9.13943E-4 9.08504E-4 9.7222E-4 1.06275E-3 1.02519E-3 1.06046E-3 1.02732E-3 9.65832E-4 9.78507E-4 1.01007E-3 9.65582E-4 9.04413E-4 9.66525E-4 9.72058E-4 8.82974E-4
3.59911E-4 3.49763E-4 3.38018E-4 3.60382E-4 3.19489E-4 3.1502E-4 3.3687E-4 3.56293E-4 3.65478E-4 3.67398E-4 7.21926E-4 3.50033E-4 3.21428E-4 3.57389E-4 6.96551E-4 3.68704E-4 3.40472E-4 3.42228E-4 3.35164E-4 3.79159E-4 3.78112E-4 4.0972E-4 3.90295E-4 3.53869E-4 3.37217E-4 3.30113E-4 3.94372E-4 4.25583E-4 4.23644E-4 8.62289E-4 8.75338E-4 8.40856E-4 8.78903E-4 9.20414E-4 9.07435E-4 9.34607E-4 9.94186E-4 4.99983E-4 1.00245E-3 1.01209E-3 1.05956E-3 5.18174E-4 4.50312E-4 3.64402E-4 3.5326E-4 3.4266E-4 3.36098E-4 4.31576E-4 4.37633E-4 8.54877E-4 9.40642E-4 1.04796E-3 1.081E-3 9.73405E-4 1.01661E-3 1.03534E-3 1.0381E-3 1.07488E-3 9.99682E-4 9.99682E-4 4.62975E-4
3.24208E-4 3.29531E-4 3.26219E-4 3.21673E-4 3.24039E-4 3.18967E-4 3.89143E-4 8.19626E-4 7.88695E-4 7.49445E-4 3.57389E-4 6.55932E-4 3.17876E-4 3.21933E-4 3.22487E-4 3.19874E-4 3.73115E-4 3.92232E-4 3.81962E-4 7.65084E-4 8.03609E-4 4.04865E-4 3.93387E-4 3.93678E-4 3.67987E-4 3.65965E-4 3.30743E-4 3.346E-4 3.28791E-4 3.55264E-4 3.65999E-4 3.4933E-4 3.65339E-4 3.9198E-4 3.78231E-4 3.75024E-4 3.73785E-4 3.80504E-4 8.88803E-4 8.42964E-4 8.67604E-4 9.9065E-4 1.04138E-3 4.72662E-4 3.7891E-4 3.68168E-4 3.53132E-4 3.38337E-4 3.94371E-4 4.25868E-4 4.32367E-4 9.0981E-4 9.2357E-4 1.00504E-3 8.94051E-4 9.32074E-4 9.0919E-4 9.88687E-4 9.64278E-4 9.88687E-4 1.03449E-3
3.71166E-4 3.43558E-4 3.28266E-4 3.76166E-4 3.31938E-4 3.24024E-4 3.39369E-4 4.03249E-4 7.49654E-4 6.96438E-4 3.70488E-4 3.39839E-4 3.29189E-4 3.31846E-4 3.54218E-4 7.14485E-4 3.50809E-4 3.72438E-4 4.00641E-4 3.75514E-4 3.62852E-4 7.77824E-4 4.21889E-4 4.27684E-4 9.42675E-4 9.34826E-4 9.26529E-4 3.9878E-4 3.51333E-4 3.57617E-4 3.3814E-4 3.34436E-4 3.55651E-4 3.7144E-4 3.40753E-4 3.46029E-4 3.39084E-4 3.63467E-4 4.54257E-4 4.48197E-4 8.0523E-4 7.66049E-4 8.45052E-4 9.42276E-4 4.8071E-4 5.16985E-4 4.63881E-4 3.78384E-4 3.51595E-4 3.52692E-4 4.43116E-4 9.4801E-4 8.50189E-4 9.03556E-4 8.79406E-4 9.1807E-4 9.29818E-4 1.01508E-3 9.94608E-4 1.00258E-3 9.8485E-4
3.29963E-4 3.20592E-4 3.58766E-4 3.8349E-4 3.98959E-4 3.36274E-4 3.31751E-4 3.70649E-4 3.56145E-4 3.35148E-4 3.18272E-4 3.10573E-4 3.18203E-4 3.50231E-4 3.72442E-4 3.69297E-4 7.32402E-4 3.8827E-4 4.05995E-4 3.48521E-4 3.28731E-4 3.36617E-4 3.64145E-4 4.25729E-4 3.87929E-4 3.61265E-4 3.85778E-4 3.79468E-4 3.53132E-4 3.49929E-4 3.54596E-4 3.44868E-4 3.91246E-4 3.85387E-4 3.56554E-4 3.51816E-4 3.46899E-4 3.81164E-4 4.34554E-4 4.76892E-4 4.38191E-4 8.47614E-4 7.9973E-4 4.33223E-4 4.41163E-4 9.25361E-4 9.61588E-4 5.00529E-4 4.06382E-4 3.60241E-4 3.98712E-4 4.26232E-4 8.85323E-4 8.52196E-4 9.22895E-4 9.5523E-4 9.36775E-4 8.73114E-4 8.51644E-4 8.40268E-4 9.46012E-4
3.32921E-4 3.34078E-4 3.79763E-4 4.28687E-4 3.67784E-4 3.3422E-4 3.30541E-4 3.36805E-4 3.54386E-4 3.89467E-4 3.37783E-4 3.20635E-4 3.26169E-4 3.30229E-4 3.96269E-4 3.56232E-4 3.51056E-4 3.31615E-4 3.30753E-4 3.46866E-4 3.44101E-4 3.44158E-4 3.43929E-4 3.59613E-4 3.41396E-4 3.39664E-4 3.45875E-4 3.51675E-4 3.5982E-4 3.55172E-4 3.54967E-4 3.54967E-4 3.47436E-4 3.50877E-4 3.59016E-4 3.52952E-4 3.49861E-4 3.67571E-4 4.17973E-4 4.45536E-4 4.83284E-4 4.61156E-4 8.53604E-4 8.21844E-4 4.34916E-4 8.70091E-4 8.82414E-4 9.63762E-4 1.01964E-3 3.70909E-4 3.76074E-4 9.19443E-4 4.17353E-4 4.41966E-4 8.94426E-4 4.03033E-4 3.68638E-4 3.5969E-4 4.12792E-4 9.04042E-4 8.94823E-4
3.39551E-4 4.37432E-4 8.51176E-4 8.24265E-4 4.0617E-4 3.8007E-4 3.50601E-4 3.37454E-4 3.31401E-4 3.3209E-4 3.42502E-4 3.41919E-4 3.41333E-4 3.45313E-4 3.91341E-4 3.77149E-4 3.56981E-4 3.30464E-4 3.29516E-4 3.35963E-4 3.46233E-4 3.5208E-4 3.52289E-4 3.46029E-4 3.40108E-4 3.47106E-4 3.48781E-4 3.46899E-4 3.56781E-4 3.55086E-4 3.58926E-4 3.50701E-4 3.60215E-4 3.59344E-4 3.63732E-4 3.58462E-4 3.61048E-4 3.58327E-4 3.75951E-4 4.1752E-4 4.53735E-4 4.69693E-4 4.58109E-4 4.19135E-4 4.04959E-4 8.50854E-4 8.37963E-4 8.38782E-4 9.22177E-4 3.81798E-4 3.5199E-4 3.84392E-4 3.97645E-4 4.04447E-4 3.93999E-4 3.48155E-4 8.73083E-4 8.78509E-4 9.27387E-4 9.53294E-4 9.4019E-4
3.48476E-4 4.12624E-4 3.94367E-4 3.76039E-4 3.51046E-4 3.42429E-4 4.04986E-4 3.76313E-4 3.48343E-4 3.65273E-4 3.62229E-4 3.454E-4 3.91667E-4 4.20694E-4 3.80647E-4 3.59613E-4 3.46458E-4 3.44442E-4 3.67303E-4 3.70407E-4 3.41589E-4 3.3814E-4 3.42716E-4 3.42421E-4 3.59131E-4 4.65387E-4 3.96845E-4 3.65067E-4 3.64199E-4 3.67758E-4 3.59753E-4 3.58387E-4 3.65262E-4 4.72538E-4 4.70299E-4 3.98498E-4 3.83407E-4 3.85688E-4 3.59695E-4 3.62936E-4 3.9088E-4 4.56774E-4 4.79161E-4 4.4874E-4 3.91757E-4 4.03307E-4 8.61439E-4 8.14184E-4 8.12165E-4 3.82886E-4 3.42647E-4 4.18294E-4 9.8172E-4 9.48924E-4 9.22867E-4 9.64894E-4 9.64325E-4 9.46194E-4 9.46387E-4 9.13062E-4 8.38488E-4
3.42421E-4 3.75484E-4 3.93475E-4 4.05592E-4 3.90596E-4 3.78558E-4 3.6822E-4 3.50497E-4 4.44037E-4 3.78601E-4 4.03715E-4 3.81475E-4 4.44983E-4 4.25501E-4 4.35308E-4 4.40278E-4 4.48643E-4 4.46548E-4 8.9337E-4 4.38051E-4 3.59663E-4 3.48686E-4 3.49591E-4 3.53076E-4 3.47961E-4 4.32955E-4 4.16918E-4 3.65506E-4 3.65936E-4 3.71657E-4 3.66691E-4 3.72008E-4 4.3799E-4 1.00904E-3 4.80001E-4 4.93467E-4 4.5325E-4 4.86067E-4 4.4872E-4 3.81146E-4 3.83739E-4 4.21423E-4 4.35916E-4 4.59489E-4 3.95471E-4 4.01016E-4 8.94823E-4 8.2715E-4 3.94285E-4 3.88044E-4 3.47533E-4 3.48476E-4 4.47315E-4 9.66102E-4 9.22095E-4 9.33815E-4 9.41762E-4 8.72766E-4 8.80886E-4 8.21948E-4 7.87301E-4
3.49703E-4 3.46999E-4 3.66422E-4 4.41178E-4 4.26142E-4 3.70774E-4 3.92178E-4 3.60598E-4 3.6867E-4 4.08593E-4 3.90908E-4 4.18174E-4 3.95255E-4 4.28277E-4 8.34656E-4 4.09453E-4 8.19462E-4 8.19063E-4 3.98681E-4 3.55864E-4 3.43304E-4 4.49895E-4 4.46918E-4 3.61568E-4 3.57732E-4 3.50786E-4 3.55E-4 3.70697E-4 3.89024E-4 3.89856E-4 3.89499E-4 3.7883E-4 3.71581E-4 3.56217E-4 3.69866E-4 4.75568E-4 9.92472E-4 9.9798E-4 1.00105E-3 4.61928E-4 4.24546E-4 4.5328E-4 9.3163E-4 9.29144E-4 9.11192E-4 9.12311E-4 8.7616E-4 8.55714E-4 8.42409E-4 4.38489E-4 3.72905E-4 3.49862E-4 3.93533E-4 1.02089E-3 9.41957E-4 9.40912E-4 9.85267E-4 8.77818E-4 8.29564E-4 3.86729E-4 3.89925E-4
3.5084E-4 3.44149E-4 3.51087E-4 4.06212E-4 4.07149E-4 3.45125E-4 4.33163E-4 3.60387E-4 3.53768E-4 3.93727E-4 3.85887E-4 4.16819E-4 3.44159E-4 3.67644E-4 4.27599E-4 4.4142E-4 4.15672E-4 3.43711E-4 3.37048E-4 3.43585E-4 3.8249E-4 4.12056E-4 3.68303E-4 4.32612E-4 4.48889E-4 3.67597E-4 4.16791E-4 4.94348E-4 5.07254E-4 4.85586E-4 4.44286E-4 3.96065E-4 3.72079E-4 3.67095E-4 3.57433E-4 3.67027E-4 4.71854E-4 5.05837E-4 4.67828E-4 9.23342E-4 9.56106E-4 4.00108E-4 3.45897E-4 3.88914E-4 4.70087E-4 4.66069E-4 8.81555E-4 8.90334E-4 8.08256E-4 8.375E-4 4.50336E-4 3.87391E-4 3.73924E-4 4.62494E-4 9.72641E-4 9.51039E-4 9.09347E-4 4.06486E-4 3.88061E-4 4.23831E-4 9.47385E-4
3.47341E-4 3.57966E-4 3.50786E-4 3.57477E-4 3.54924E-4 3.47797E-4 3.66761E-4 3.68078E-4 3.62837E-4 3.88236E-4 3.71577E-4 3.78607E-4 3.52824E-4 3.61119E-4 4.33385E-4 4.43504E-4 4.2493E-4 3.69521E-4 3.66337E-4 3.49539E-4 3.91526E-4 4.06586E-4 3.43721E-4 3.4744E-4 3.63466E-4 3.99668E-4 4.28665E-4 9.83842E-4 9.20115E-4 9.09698E-4 4.6758E-4 3.9334E-4 3.79225E-4 3.88948E-4 3.78319E-4 3.73745E-4 3.65246E-4 3.96242E-4 4.65023E-4 4.01726E-4 4.05803E-4 4.44592E-4 3.72369E-4 3.53768E-4 3.80541E-4 4.43666E-4 4.53841E-4 4.52581E-4 4.0632E-4 4.49162E-4 4.17115E-4 4.08856E-4 3.80875E-4 4.10966E-4 9.77893E-4 4.21721E-4 3.68595E-4 3.80433E-4 3.64066E-4 4.24427E-4 4.13242E-4
4.06568E-4 4.86895E-4 4.03798E-4 3.62282E-4 3.58764E-4 3.46898E-4 3.49005E-4 3.63667E-4 3.65888E-4 3.62357E-4 3.67209E-4 3.69865E-4 3.73885E-4 3.61441E-4 3.50127E-4 3.80287E-4 3.88738E-4 3.79981E-4 3.759E-4 4.03672E-4 1.00498E-3 8.74316E-4 3.68807E-4 4.35494E-4 5.00525E-4 4.95891E-4 4.25689E-4 3.55745E-4 3.91422E-4 3.71085E-4 3.53249E-4 4.05131E-4 9.98489E-4 4.65006E-4 3.91075E-4 4.69369E-4 4.41391E-4 3.64429E-4 3.53608E-4 3.52285E-4 4.03495E-4 4.87085E-4 4.09012E-4 3.86323E-4 3.47902E-4 3.45064E-4 3.4154E-4 3.64266E-4 4.44139E-4 3.83364E-4 4.06852E-4 4.27784E-4 4.36805E-4 9.49933E-4 9.58416E-4 4.50492E-4 3.46259E-4 3.37548E-4 3.42369E-4 3.45623E-4 3.52074E-4
4.63037E-4 4.87345E-4 3.95865E-4 3.5072E-4 4.24998E-4 3.68413E-4 3.52297E-4 3.52667E-4 3.53944E-4 3.59213E-4 3.64823E-4 3.70147E-4 3.73793E-4 3.66147E-4 3.65093E-4 3.56294E-4 3.70891E-4 3.80191E-4 4.26453E-4 5.12286E-4 1.01002E-3 9.43304E-4 3.99147E-4 3.79537E-4 4.05547E-4 4.74469E-4 3.91422E-4 3.5452E-4 3.54471E-4 3.49788E-4 3.5703E-4 4.64103E-4 4.62625E-4 3.67872E-4 4.05131E-4 4.40723E-4 4.60391E-4 3.80691E-4 3.75605E-4 3.70331E-4 4.27613E-4 4.1281E-4 3.53465E-4 3.49707E-4 3.46449E-4 3.68104E-4 3.55311E-4 3.56098E-4 3.95206E-4 3.76468E-4 9.90376E-4 3.94468E-4 4.0587E-4 9.73115E-4 4.53326E-4 9.47678E-4 9.42811E-4 4.02375E-4 4.48663E-4 3.88445E-4 3.49728E-4
5.06535E-4 4.71281E-4 3.80901E-4 3.78394E-4 4.80441E-4 4.22147E-4 3.66615E-4 3.56512E-4 3.76507E-4 3.85573E-4 3.87365E-4 3.65093E-4 3.58889E-4 3.61851E-4 3.68899E-4 3.71594E-4 3.78057E-4 4.07813E-4 4.65558E-4 5.1688E-4 5.30854E-4 5.04896E-4 3.81186E-4 3.41911E-4 3.53189E-4 3.85944E-4 3.83171E-4 3.62749E-4 3.52667E-4 3.53027E-4 3.57803E-4 3.71625E-4 3.7659E-4 4.01973E-4 4.19978E-4 1.03918E-3 9.80745E-4 4.96654E-4 4.50382E-4 4.48132E-4 3.60414E-4 3.4443E-4 3.43202E-4 3.46899E-4 3.90496E-4 4.8975E-4 9.87474E-4 4.23572E-4 4.36956E-4 3.7426E-4 4.03867E-4 3.50263E-4 3.86363E-4 4.06852E-4 3.7174E-4 1.00838E-3 1.00337E-3 9.37705E-4 1.013E-3 9.91654E-4 4.06444E-4
4.43763E-4 4.33057E-4 4.19527E-4 5.07216E-4 4.44193E-4 4.04084E-4 4.4704E-4 3.69361E-4 3.69759E-4 4.98712E-4 4.33486E-4 3.61503E-4 3.68559E-4 3.71594E-4 3.76019E-4 3.77391E-4 4.032E-4 4.12724E-4 4.17607E-4 4.34563E-4 4.62003E-4 4.97493E-4 3.70248E-4 3.62244E-4 3.52667E-4 3.47953E-4 3.55948E-4 3.86237E-4 3.92756E-4 3.92633E-4 4.03666E-4 3.81385E-4 3.81053E-4 4.42888E-4 5.06947E-4 9.95956E-4 9.52765E-4 4.0421E-4 3.8598E-4 4.83163E-4 3.75023E-4 3.42097E-4 3.40784E-4 3.665E-4 4.7005E-4 1.03717E-3 9.55516E-4 4.72026E-4 9.65847E-4 9.71832E-4 9.69589E-4 9.45724E-4 4.73294E-4 3.89529E-4 3.41027E-4 3.56876E-4 4.83099E-4 4.69996E-4 1.11205E-3 9.73179E-4 9.78304E-4
4.18356E-4 4.13389E-4 4.40776E-4 4.63154E-4 4.09051E-4 4.22237E-4 4.06106E-4 3.93868E-4 3.89928E-4 3.92878E-4 3.95732E-4 3.7224E-4 3.87747E-4 3.76019E-4 3.78769E-4 3.93876E-4 4.14401E-4 4.13199E-4 4.63081E-4 4.60702E-4 4.46688E-4 4.67711E-4 4.32229E-4 4.43311E-4 3.83061E-4 3.58175E-4 3.73134E-4 3.84184E-4 4.87795E-4 5.04141E-4 1.02819E-3 4.76041E-4 4.50802E-4 5.06052E-4 1.04648E-3 9.59988E-4 9.41074E-4 4.40714E-4 4.40952E-4 9.56624E-4 4.18691E-4 3.42827E-4 3.64041E-4 1.00479E-3 4.62531E-4 3.96155E-4 4.05803E-4 1.03583E-3 9.65409E-4 8.83489E-4 4.68262E-4 9.24318E-4 4.26336E-4 4.28547E-4 3.87943E-4 3.39426E-4 3.96155E-4 3.41723E-4 4.59551E-4 4.73509E-4 5.14584E-4
4.11246E-4 4.19877E-4 4.39738E-4 4.42466E-4 4.24596E-4 4.37171E-4 4.25519E-4 4.76485E-4 5.01109E-4 4.08591E-4 3.8484E-4 4.1882E-4 3.77685E-4 4.10176E-4 3.98824E-4 4.39758E-4 4.9271E-4 4.74834E-4 1.03729E-3 9.92438E-4 9.95919E-4 4.66205E-4 4.26524E-4 4.41462E-4 9.92409E-4 4.28665E-4 4.55788E-4 4.42172E-4 1.073E-3 9.75047E-4 9.61092E-4 4.49772E-4 3.833E-4 3.68535E-4 4.54891E-4 5.4848E-4 5.65619E-4 4.99162E-4 5.00096E-4 9.4739E-4 4.31586E-4 4.22558E-4 4.50382E-4 4.75498E-4 4.19413E-4 3.65543E-4 4.5665E-4 1.01714E-3 4.46485E-4 4.00367E-4 3.82721E-4 4.11925E-4 3.79281E-4 3.38102E-4 3.62812E-4 3.38573E-4 4.39947E-4 1.01192E-3 4.8061E-4 3.66514E-4 4.59715E-4
4.24886E-4 4.52712E-4 4.42945E-4 4.65867E-4 4.55913E-4 4.75819E-4 4.79021E-4 5.51914E-4 5.30697E-4 4.26453E-4 4.05093E-4 5.03827E-4 4.09963E-4 4.49797E-4 4.96157E-4 5.50749E-4 1.07111E-3 4.76215E-4 4.77071E-4 1.00295E-3 1.02229E-3 8.8839E-4 4.07149E-4 4.31471E-4 4.89219E-4 3.98113E-4 3.67624E-4 4.10997E-4 5.33821E-4 4.78555E-4 4.86707E-4 4.42804E-4 4.06106E-4 3.7968E-4 4.1145E-4 4.84804E-4 5.44788E-4 5.27725E-4 5.32761E-4 5.215E-4 4.52338E-4 1.01002E-3 9.39156E-4 9.32599E-4 4.47831E-4 4.06924E-4 4.54736E-4 9.57919E-4 9.88946E-4 4.25862E-4 3.50005E-4 3.32151E-4 3.36903E-4 3.43423E-4 3.42204E-4 3.58548E-4 3.99482E-4 4.69386E-4 1.08059E-3 1.00632E-3 1.03507E-3
4.69982E-4 5.0523E-4 4.50385E-4 5.00336E-4 5.25644E-4 5.45455E-4 4.73568E-4 5.33602E-4 1.04316E-3 4.42917E-4 4.17923E-4 4.08035E-4 4.33593E-4 4.75733E-4 5.62198E-4 1.10004E-3 1.07896E-3 4.85461E-4 4.55372E-4 4.96522E-4 5.45548E-4 5.07996E-4 4.53405E-4 4.17732E-4 4.24747E-4 4.27437E-4 3.87639E-4 3.96201E-4 4.10155E-4 4.49429E-4 4.36555E-4 4.31823E-4 3.95126E-4 3.89836E-4 4.28654E-4 4.70863E-4 5.56701E-4 4.73643E-4 5.24058E-4 5.46234E-4 1.05589E-3 9.81736E-4 9.11528E-4 8.8718E-4 4.30824E-4 4.24173E-4 4.03511E-4 9.52798E-4 9.54051E-4 9.13695E-4 4.7066E-4 4.17965E-4 4.23597E-4 4.55957E-4 9.59988E-4 4.64361E-4 4.21504E-4 4.23977E-4 9.83709E-4 4.39783E-4 4.10296E-4
5.39379E-4 6.2523E-4 5.31769E-4 5.94464E-4 5.84353E-4 5.26303E-4 4.71281E-4 4.65119E-4 5.21549E-4 5.22441E-4 5.00951E-4 4.2328E-4 5.04023E-4 5.62198E-4 1.08462E-3 4.76074E-4 4.83631E-4 5.10363E-4 5.55939E-4 5.02749E-4 5.34048E-4 5.49595E-4 5.28724E-4 4.61269E-4 4.10761E-4 4.44787E-4 4.16398E-4 3.97649E-4 4.02374E-4 4.09791E-4 4.53603E-4 4.40645E-4 4.24923E-4 4.27569E-4 4.24016E-4 4.43763E-4 4.52145E-4 3.98256E-4 4.53878E-4 5.74847E-4 1.11098E-3 4.91128E-4 1.01299E-3 4.50461E-4 4.80494E-4 4.23283E-4 9.19443E-4 9.74875E-4 9.97214E-4 9.40912E-4 8.98219E-4 4.39942E-4 9.56369E-4 4.57871E-4 9.34902E-4 9.31107E-4 9.37662E-4 4.78375E-4 1.02022E-3 9.63363E-4 4.50056E-4
5.29004E-4 4.93964E-4 5.64908E-4 5.81639E-4 6.19959E-4 5.58794E-4 5.45735E-4 4.83475E-4 4.3769E-4 4.44279E-4 4.75232E-4 4.3005E-4 4.51282E-4 5.87586E-4 6.05624E-4 4.95828E-4 4.54751E-4 4.63172E-4 5.07366E-4 4.75139E-4 4.626E-4 5.06714E-4 4.9663E-4 4.22783E-4 4.00721E-4 4.04493E-4 4.06786E-4 4.06451E-4 4.09791E-4 4.20406E-4 4.50836E-4 4.53672E-4 4.81881E-4 4.75473E-4 4.62809E-4 4.11329E-4 3.91876E-4 3.97623E-4 4.34863E-4 5.80608E-4 1.13389E-3 5.33622E-4 5.46046E-4 4.83194E-4 4.8407E-4 4.88189E-4 5.0968E-4 4.26941E-4 5.53378E-4 5.41405E-4 1.07302E-3 9.90356E-4 1.04208E-3 9.45128E-4 1.00591E-3 9.32592E-4 8.84711E-4 9.25905E-4 9.38388E-4 9.02408E-4 9.45893E-4
5.17921E-4 5.12946E-4 5.42641E-4 6.24259E-4 6.04661E-4 5.76885E-4 5.25938E-4 5.39402E-4 5.2947E-4 4.59495E-4 4.3161E-4 4.50067E-4 4.54217E-4 5.11734E-4 5.56301E-4 4.97134E-4 4.57864E-4 4.61203E-4 5.07085E-4 5.92534E-4 5.71986E-4 5.88465E-4 5.61422E-4 4.76766E-4 4.63143E-4 4.32469E-4 4.18343E-4 4.1617E-4 4.2269E-4 4.50379E-4 4.39054E-4 4.45678E-4 4.88499E-4 5.03738E-4 5.98366E-4 4.22664E-4 4.09963E-4 3.94727E-4 4.90303E-4 1.20191E-3 5.58318E-4 5.02677E-4 5.42005E-4 5.20661E-4 4.83513E-4 4.44614E-4 4.24215E-4 4.57618E-4 4.44614E-4 5.77461E-4 1.13391E-3 1.10035E-3 1.14156E-3 1.07254E-3 1.10153E-3 9.87984E-4 5.05301E-4 9.6981E-4 4.52924E-4 4.43517E-4 4.04688E-4
