Artocarpus heterophyllus SDM files/MIS19/results (without bias file)/Arthet_8.asc
ncols         625
nrows         721
xllcorner     69.99986311115
yllcorner     5.99986187915
cellsize      0.041666667
NODATA_value  -9999
[rows 594 to 620 of 721, columns 183 to 243 of 625]
7.34047E-1 6.87675E-1 6.68848E-1 5.97073E-1 5.55972E-1 6.34683E-1 6.67144E-1 7.02376E-1 6.5054E-1 6.76116E-1 7.17723E-1 7.64301E-1 7.54851E-1 7.88113E-1 7.73739E-1 8.48682E-1 8.70505E-1 8.76229E-1 8.05399E-1 7.4472E-1 6.56258E-1 6.97502E-1 7.856E-1 7.83704E-1 7.90057E-1 7.80024E-1 7.00316E-1 6.72946E-1 6.86114E-1 6.36005E-1 7.56324E-1 7.40789E-1 7.23939E-1 7.75142E-1 7.48598E-1 7.28364E-1 7.28116E-1 7.76317E-1 8.04939E-1 7.87546E-1 7.59393E-1 7.30707E-1 7.06705E-1 6.84251E-1 6.58279E-1 6.3223E-1 6.20031E-1 6.13278E-1 5.89846E-1 5.96107E-1 5.71269E-1 5.62856E-1 5.54297E-1 4.0941E-1 -9999 -9999 -9999 -9999 -9999 -9999 -9999
7.23789E-1 6.9966E-1 6.55649E-1 6.36551E-1 6.09587E-1 6.00336E-1 6.58929E-1 6.69456E-1 6.48208E-1 6.52456E-1 7.25489E-1 7.59345E-1 7.76719E-1 7.43315E-1 7.66446E-1 8.5451E-1 8.49212E-1 8.69529E-1 8.22631E-1 7.19386E-1 6.47634E-1 6.68534E-1 7.22505E-1 7.77099E-1 7.44133E-1 7.80083E-1 6.5875E-1 6.30452E-1 6.17046E-1 7.1326E-1 7.09342E-1 7.4406E-1 7.3552E-1 7.88984E-1 7.61669E-1 7.62023E-1 7.57475E-1 7.95549E-1 7.84315E-1 7.62617E-1 7.48174E-1 7.23855E-1 6.89311E-1 6.98496E-1 6.74381E-1 6.44844E-1 6.21284E-1 5.93834E-1 5.88502E-1 5.78256E-1 5.7163E-1 5.43585E-1 5.34122E-1 4.10667E-1 -9999 -9999 -9999 -9999 -9999 -9999 -9999
7.27761E-1 6.71218E-1 6.54274E-1 6.33139E-1 6.06297E-1 5.82158E-1 6.42327E-1 6.87089E-1 6.53505E-1 6.51666E-1 6.94327E-1 7.58486E-1 7.61451E-1 6.89455E-1 7.01011E-1 7.70502E-1 8.57716E-1 8.05071E-1 7.47612E-1 6.2623E-1 5.83519E-1 6.47774E-1 6.35614E-1 6.56334E-1 7.08314E-1 7.56171E-1 7.16542E-1 7.17745E-1 8.37112E-1 7.06028E-1 6.88051E-1 6.92676E-1 6.85573E-1 7.46534E-1 7.59937E-1 7.88074E-1 7.84458E-1 8.02941E-1 8.09531E-1 8.00353E-1 7.59302E-1 7.33109E-1 7.06491E-1 6.79345E-1 6.52905E-1 6.45759E-1 6.20647E-1 6.11298E-1 5.88393E-1 5.77528E-1 5.53362E-1 5.46795E-1 5.20003E-1 3.9822E-1 -9999 -9999 -9999 -9999 -9999 -9999 -9999
7.10105E-1 6.74802E-1 6.94507E-1 6.51734E-1 6.03135E-1 5.93706E-1 6.27395E-1 6.68379E-1 6.26578E-1 6.44561E-1 6.63057E-1 7.15497E-1 7.26447E-1 6.76521E-1 6.80148E-1 7.2575E-1 7.25117E-1 7.13216E-1 6.69711E-1 6.29448E-1 5.97076E-1 5.70659E-1 5.6799E-1 6.32699E-1 6.82692E-1 5.9202E-1 5.98246E-1 6.38876E-1 8.32115E-1 7.5474E-1 6.83439E-1 6.67616E-1 6.69833E-1 6.96697E-1 7.17268E-1 7.45011E-1 7.52232E-1 7.53579E-1 7.60189E-1 7.54632E-1 7.44195E-1 7.28995E-1 6.8643E-1 6.78904E-1 6.52142E-1 6.46656E-1 6.21164E-1 5.92422E-1 5.68537E-1 5.62815E-1 5.54928E-1 4.34983E-1 5.21211E-1 3.9969E-1 -9999 -9999 -9999 -9999 -9999 -9999 -9999
6.707E-1 6.49498E-1 6.44256E-1 6.56091E-1 6.12581E-1 2.913E-1 5.91091E-1 6.37049E-1 5.97176E-1 6.27583E-1 6.31811E-1 6.6634E-1 7.10574E-1 6.94237E-1 7.0509E-1 7.31709E-1 7.91454E-1 6.42402E-1 6.13911E-1 5.39801E-1 5.78544E-1 5.77192E-1 6.0033E-1 6.01924E-1 5.78215E-1 5.67673E-1 5.71406E-1 6.83663E-1 7.18186E-1 6.98695E-1 7.16747E-1 7.16312E-1 6.97522E-1 6.72319E-1 6.67017E-1 7.00537E-1 7.19196E-1 7.48535E-1 7.45473E-1 7.01472E-1 7.23502E-1 6.97079E-1 6.88861E-1 6.62655E-1 6.57492E-1 6.30083E-1 6.04384E-1 5.79445E-1 5.87996E-1 5.79758E-1 5.51209E-1 4.37692E-1 5.21175E-1 4.00327E-1 -9999 -9999 -9999 -9999 -9999 -9999 -9999
6.4193E-1 6.46035E-1 6.10404E-1 5.94337E-1 5.82276E-1 5.68593E-1 5.67716E-1 6.00166E-1 5.99E-1 6.03878E-1 6.00146E-1 6.36821E-1 6.77483E-1 6.57365E-1 6.81894E-1 7.48453E-1 8.11611E-1 6.91818E-1 6.50986E-1 5.61511E-1 5.60432E-1 5.68257E-1 5.75163E-1 6.14165E-1 5.82261E-1 5.46975E-1 5.46475E-1 6.68924E-1 6.99989E-1 6.48138E-1 6.74535E-1 7.39839E-1 7.11059E-1 7.1461E-1 7.03838E-1 6.72105E-1 6.69571E-1 6.87246E-1 7.59285E-1 7.38795E-1 6.99142E-1 6.9669E-1 6.74106E-1 6.66389E-1 6.38015E-1 6.30628E-1 6.04448E-1 5.93843E-1 5.69023E-1 5.76337E-1 5.51065E-1 4.22369E-1 4.13514E-1 4.06538E-1 -9999 -9999 -9999 -9999 -9999 -9999 -9999
6.55508E-1 6.4366E-1 6.16689E-1 6.22931E-1 6.08214E-1 5.87256E-1 5.94289E-1 6.20456E-1 6.28279E-1 5.94329E-1 5.81082E-1 5.66532E-1 5.94263E-1 6.40286E-1 6.57899E-1 6.63731E-1 6.39566E-1 6.41298E-1 6.44411E-1 5.89453E-1 5.43748E-1 5.64152E-1 6.04657E-1 5.86358E-1 5.78825E-1 5.54716E-1 5.99117E-1 6.27287E-1 6.68797E-1 6.33985E-1 6.5213E-1 7.05836E-1 6.67846E-1 6.88091E-1 7.13042E-1 6.98695E-1 6.64926E-1 6.67154E-1 6.78249E-1 6.99311E-1 7.07915E-1 6.82961E-1 6.76038E-1 6.50258E-1 6.41695E-1 6.28316E-1 6.01118E-1 5.76849E-1 5.6848E-1 5.39622E-1 5.49616E-1 4.2592E-1 4.15276E-1 3.91851E-1 -9999 -9999 -9999 -9999 -9999 -9999 -9999
6.74586E-1 6.57896E-1 6.57067E-1 6.35567E-1 5.95513E-1 6.2865E-1 6.35782E-1 5.99099E-1 5.93204E-1 5.98126E-1 5.70149E-1 5.93911E-1 5.92837E-1 6.13332E-1 6.24789E-1 6.1729E-1 5.98559E-1 6.0744E-1 6.17572E-1 5.84835E-1 5.43671E-1 5.66411E-1 5.70264E-1 5.69976E-1 5.78529E-1 6.33399E-1 5.90835E-1 6.39529E-1 6.75353E-1 6.14837E-1 6.2225E-1 6.87713E-1 6.55445E-1 6.58455E-1 6.72341E-1 7.03987E-1 7.03529E-1 6.78607E-1 6.59785E-1 6.80312E-1 6.91682E-1 6.88207E-1 6.77312E-1 6.499E-1 6.35676E-1 6.28273E-1 6.02862E-1 5.92375E-1 5.69012E-1 5.40926E-1 5.14415E-1 4.24678E-1 4.16281E-1 3.92562E-1 -9999 -9999 -9999 -9999 -9999 -9999 -9999
3.77664E-1 6.7207E-1 6.74425E-1 6.4841E-1 6.36674E-1 6.0073E-1 5.98321E-1 5.78196E-1 2.80295E-1 5.55971E-1 5.5139E-1 5.72496E-1 5.50867E-1 5.68942E-1 5.83768E-1 5.80116E-1 5.80315E-1 5.54528E-1 5.42744E-1 5.27164E-1 5.22041E-1 5.20448E-1 5.3066E-1 5.49001E-1 6.25901E-1 6.23055E-1 6.12643E-1 6.15757E-1 6.41347E-1 6.44311E-1 6.15121E-1 6.56422E-1 6.49838E-1 6.4804E-1 6.49539E-1 6.4352E-1 6.40797E-1 6.41382E-1 6.60034E-1 6.898E-1 6.93429E-1 6.83339E-1 6.70836E-1 6.62834E-1 6.3718E-1 6.09045E-1 6.01352E-1 5.73314E-1 5.48325E-1 5.40735E-1 4.19834E-1 4.26704E-1 4.02095E-1 3.93548E-1 -9999 -9999 -9999 -9999 -9999 -9999 -9999
3.69005E-1 3.52222E-1 3.31036E-1 3.28063E-1 6.51423E-1 6.17405E-1 6.01189E-1 2.91855E-1 5.68111E-1 6.0517E-1 5.80842E-1 5.61003E-1 5.5753E-1 5.64816E-1 5.84104E-1 5.4715E-1 5.58947E-1 5.35546E-1 5.07895E-1 4.95654E-1 4.92954E-1 5.08623E-1 5.17297E-1 5.69819E-1 5.91482E-1 5.86903E-1 5.86173E-1 5.90206E-1 5.92088E-1 5.98479E-1 6.07661E-1 6.33907E-1 6.31075E-1 6.44269E-1 6.34221E-1 6.31878E-1 6.47576E-1 6.48295E-1 6.67018E-1 6.75453E-1 7.03062E-1 6.78556E-1 6.71068E-1 6.62154E-1 6.3589E-1 6.11585E-1 5.8362E-1 5.57722E-1 5.4748E-1 5.22276E-1 4.23132E-1 4.11719E-1 4.04009E-1 3.79573E-1 -9999 -9999 -9999 -9999 -9999 -9999 -9999
6.78354E-1 6.68016E-1 6.54414E-1 5.99839E-1 3.09802E-1 3.00693E-1 5.70147E-1 5.8632E-1 6.10009E-1 6.26906E-1 5.9696E-1 5.7665E-1 5.86411E-1 6.01113E-1 5.41898E-1 5.32113E-1 5.50056E-1 5.54598E-1 5.00389E-1 5.19128E-1 5.1744E-1 4.9664E-1 4.99775E-1 5.80326E-1 5.89741E-1 6.02705E-1 5.96315E-1 5.9982E-1 6.02385E-1 6.23603E-1 6.29377E-1 6.24018E-1 6.35564E-1 6.41561E-1 6.33609E-1 6.44672E-1 6.37083E-1 6.55502E-1 6.6644E-1 6.73801E-1 6.80017E-1 6.77422E-1 6.68264E-1 6.61035E-1 6.33571E-1 6.06723E-1 5.80095E-1 5.72522E-1 5.4666E-1 5.2506E-1 4.38229E-1 4.14907E-1 4.0672E-1 3.80479E-1 -9999 -9999 -9999 -9999 -9999 -9999 -9999
6.37901E-1 6.34398E-1 6.63217E-1 6.14631E-1 5.85401E-1 2.81E-1 5.88224E-1 6.08587E-1 6.15058E-1 6.20076E-1 5.84847E-1 5.92091E-1 6.03822E-1 5.64526E-1 5.68555E-1 5.80497E-1 5.6367E-1 5.18859E-1 5.261E-1 5.09811E-1 5.26975E-1 5.03799E-1 5.28924E-1 5.90058E-1 5.95677E-1 6.17141E-1 6.1019E-1 6.1816E-1 6.03312E-1 6.31924E-1 6.10941E-1 6.30778E-1 6.23238E-1 6.3402E-1 6.41269E-1 6.35343E-1 6.30695E-1 6.34754E-1 6.43925E-1 6.51891E-1 6.63921E-1 6.57542E-1 6.4813E-1 6.55702E-1 6.30583E-1 6.22502E-1 5.97607E-1 5.73791E-1 5.48142E-1 4.309E-1 4.99161E-1 4.14573E-1 3.9177E-1 3.83146E-1 -9999 -9999 -9999 -9999 -9999 -9999 -9999
6.436E-1 6.21874E-1 6.40729E-1 6.36033E-1 6.02651E-1 5.56225E-1 5.66618E-1 5.67479E-1 6.06673E-1 6.44458E-1 6.19616E-1 5.75613E-1 5.936E-1 5.51021E-1 5.55428E-1 5.67581E-1 5.84082E-1 5.33038E-1 5.31841E-1 5.42841E-1 5.29209E-1 5.51753E-1 6.30415E-1 6.10365E-1 5.91567E-1 6.43796E-1 6.24249E-1 6.3053E-1 6.63364E-1 6.22894E-1 6.24257E-1 6.2993E-1 6.34821E-1 6.28914E-1 6.15935E-1 6.71252E-1 6.77499E-1 6.58045E-1 6.86398E-1 6.77353E-1 7.0303E-1 6.58022E-1 6.47227E-1 6.57007E-1 6.28392E-1 6.04045E-1 5.77737E-1 5.72242E-1 5.48083E-1 4.31801E-1 4.08496E-1 4.17785E-1 3.90664E-1 3.82661E-1 -9999 -9999 -9999 -9999 -9999 -9999 -9999
6.55468E-1 6.46586E-1 6.48411E-1 6.26794E-1 6.20732E-1 6.05949E-1 5.56561E-1 5.76625E-1 6.01461E-1 6.36918E-1 6.08241E-1 5.80225E-1 5.76789E-1 5.75901E-1 5.78478E-1 6.03848E-1 6.1097E-1 5.84101E-1 5.72355E-1 5.31866E-1 5.4241E-1 6.13159E-1 6.21532E-1 6.06204E-1 6.07015E-1 6.53421E-1 6.16643E-1 6.50362E-1 6.55036E-1 6.36231E-1 6.69899E-1 6.51472E-1 6.73493E-1 6.40375E-1 6.69448E-1 6.94203E-1 6.76625E-1 6.71666E-1 6.71128E-1 6.80841E-1 6.74425E-1 6.70788E-1 6.43317E-1 6.34114E-1 6.06524E-1 6.00715E-1 5.94307E-1 5.6633E-1 5.45491E-1 4.29756E-1 4.2285E-1 4.15836E-1 4.07074E-1 3.83417E-1 -9999 -9999 -9999 -9999 -9999 -9999 -9999
6.76501E-1 6.68697E-1 6.53011E-1 6.52128E-1 6.43685E-1 5.90905E-1 5.98298E-1 5.69132E-1 6.2156E-1 6.24623E-1 6.5159E-1 6.02926E-1 6.33748E-1 5.9716E-1 5.95138E-1 6.58565E-1 6.32159E-1 6.64863E-1 6.77572E-1 5.78121E-1 6.36835E-1 6.33431E-1 6.28443E-1 6.30596E-1 6.47974E-1 6.64004E-1 6.61964E-1 6.57109E-1 6.52488E-1 6.57822E-1 6.69339E-1 6.70783E-1 6.82343E-1 6.74825E-1 7.05611E-1 6.60064E-1 6.76944E-1 6.72258E-1 6.76749E-1 6.6993E-1 6.82076E-1 6.69115E-1 6.43627E-1 6.17474E-1 6.06737E-1 5.99959E-1 5.93311E-1 5.68243E-1 4.55814E-1 4.31721E-1 4.07849E-1 4.1502E-1 4.05966E-1 3.8264E-1 -9999 -9999 -9999 -9999 -9999 -9999 -9999
6.66909E-1 6.99096E-1 7.0481E-1 6.9351E-1 6.38832E-1 6.50141E-1 6.80285E-1 6.65704E-1 5.88188E-1 6.16237E-1 6.46214E-1 6.73713E-1 7.1992E-1 6.75153E-1 6.30871E-1 6.1461E-1 5.90395E-1 5.76409E-1 6.49982E-1 6.42887E-1 6.22034E-1 6.62537E-1 6.67488E-1 6.48514E-1 6.43515E-1 6.69483E-1 6.98222E-1 6.58734E-1 6.94759E-1 6.7653E-1 6.86127E-1 7.3948E-1 7.25157E-1 7.33534E-1 6.90224E-1 6.70934E-1 6.80579E-1 6.70553E-1 6.72677E-1 6.91481E-1 6.78748E-1 6.85204E-1 6.78452E-1 6.52949E-1 6.10382E-1 6.17993E-1 5.95225E-1 5.67597E-1 4.5271E-1 4.31272E-1 4.23077E-1 4.01839E-1 3.92639E-1 3.83219E-1 -9999 -9999 -9999 -9999 -9999 -9999 -9999
6.6589E-1 7.03962E-1 7.17252E-1 6.86124E-1 6.41428E-1 6.34196E-1 7.12081E-1 6.34467E-1 6.04285E-1 6.52222E-1 6.87559E-1 7.04971E-1 7.60862E-1 7.12715E-1 6.91498E-1 6.90181E-1 5.93014E-1 6.52579E-1 6.40333E-1 6.61903E-1 6.54417E-1 7.00427E-1 6.78456E-1 6.49363E-1 6.7012E-1 6.97005E-1 7.14951E-1 7.20232E-1 7.16487E-1 7.24305E-1 7.45142E-1 7.36963E-1 7.09788E-1 6.99583E-1 7.31643E-1 6.759E-1 6.63041E-1 6.80745E-1 6.65074E-1 6.90844E-1 6.79642E-1 6.79462E-1 6.75276E-1 6.33337E-1 6.07168E-1 5.99663E-1 5.94164E-1 5.68332E-1 4.53632E-1 4.29228E-1 4.2302E-1 3.9949E-1 4.04411E-1 3.81896E-1 -9999 -9999 -9999 -9999 -9999 -9999 -9999
7.06898E-1 7.26905E-1 7.11012E-1 6.89273E-1 6.36129E-1 6.93995E-1 7.15055E-1 6.39175E-1 6.3804E-1 6.61707E-1 6.96692E-1 7.32078E-1 7.67453E-1 7.35771E-1 7.06842E-1 6.82886E-1 6.61178E-1 6.67643E-1 6.79948E-1 6.67056E-1 6.91266E-1 6.75372E-1 6.58454E-1 7.00871E-1 6.84572E-1 7.22039E-1 7.18499E-1 6.93454E-1 6.87593E-1 6.78521E-1 7.2406E-1 7.6015E-1 7.03395E-1 6.61974E-1 6.8654E-1 6.45446E-1 6.60838E-1 6.75071E-1 6.86683E-1 6.85762E-1 7.04663E-1 6.81545E-1 6.7204E-1 6.47983E-1 6.07767E-1 6.01103E-1 5.91883E-1 5.85713E-1 5.62676E-1 4.27871E-1 4.22145E-1 3.99071E-1 4.04195E-1 3.8069E-1 -9999 -9999 -9999 -9999 -9999 -9999 -9999
7.57774E-1 7.42616E-1 7.0188E-1 6.74148E-1 6.81748E-1 7.02829E-1 6.89158E-1 6.35611E-1 6.12508E-1 6.67766E-1 7.10724E-1 7.21846E-1 7.23468E-1 7.24733E-1 7.12518E-1 7.38219E-1 7.60246E-1 7.90553E-1 7.2038E-1 7.30799E-1 7.08117E-1 7.02739E-1 7.17957E-1 7.34238E-1 7.40049E-1 7.53869E-1 7.03614E-1 7.21909E-1 6.94352E-1 6.71884E-1 6.85605E-1 7.45286E-1 7.35917E-1 7.07664E-1 6.89749E-1 6.8013E-1 6.74638E-1 6.71637E-1 6.67643E-1 6.83842E-1 7.09809E-1 6.84599E-1 6.55126E-1 6.48267E-1 6.24197E-1 5.99782E-1 5.74752E-1 4.73757E-1 4.68229E-1 4.46721E-1 4.23112E-1 3.97223E-1 4.06125E-1 3.82713E-1 -9999 -9999 -9999 -9999 -9999 -9999 -9999
7.61898E-1 7.56941E-1 7.50928E-1 7.20589E-1 7.09762E-1 7.44654E-1 7.0146E-1 6.47807E-1 6.3858E-1 6.51426E-1 6.73835E-1 6.7767E-1 7.08897E-1 7.60262E-1 8.27679E-1 7.61593E-1 7.91109E-1 7.79466E-1 7.60318E-1 7.28274E-1 7.0006E-1 7.23167E-1 7.14404E-1 7.38444E-1 7.63693E-1 7.41966E-1 7.72395E-1 7.339E-1 6.75892E-1 6.56377E-1 6.69948E-1 6.72099E-1 6.93226E-1 7.01405E-1 6.6219E-1 6.64155E-1 6.91803E-1 7.02338E-1 6.85106E-1 7.04027E-1 7.01228E-1 6.84042E-1 6.62225E-1 6.32311E-1 6.25745E-1 6.00914E-1 5.73875E-1 4.74158E-1 4.69532E-1 4.28269E-1 4.07411E-1 4.16434E-1 3.9083E-1 3.83872E-1 -9999 -9999 -9999 -9999 -9999 -9999 -9999
8.14546E-1 7.9539E-1 8.3716E-1 7.39658E-1 7.39285E-1 7.28122E-1 7.11204E-1 6.66646E-1 6.60616E-1 6.50281E-1 6.8241E-1 6.95314E-1 7.49614E-1 8.31618E-1 8.34003E-1 8.01107E-1 7.96195E-1 7.79651E-1 8.52593E-1 7.39441E-1 7.34568E-1 7.16668E-1 7.32983E-1 7.19846E-1 7.40483E-1 7.17694E-1 7.49394E-1 7.46355E-1 7.27858E-1 7.12846E-1 7.01966E-1 6.68721E-1 6.68462E-1 6.76172E-1 7.1423E-1 6.77069E-1 6.83442E-1 6.99666E-1 6.86765E-1 6.91102E-1 7.08994E-1 7.00231E-1 6.7563E-1 6.38E-1 6.2582E-1 6.04048E-1 4.88912E-1 4.81151E-1 4.53756E-1 4.29799E-1 4.37752E-1 4.29587E-1 4.07122E-1 3.85908E-1 -9999 -9999 -9999 -9999 -9999 -9999 -9999
8.97363E-1 7.78348E-1 8.28816E-1 7.76994E-1 7.33929E-1 7.32352E-1 7.09295E-1 6.80436E-1 6.94191E-1 6.86324E-1 6.83466E-1 7.14634E-1 7.12509E-1 8.73156E-1 7.6407E-1 7.53738E-1 8.65138E-1 7.58517E-1 8.18788E-1 7.51544E-1 7.45478E-1 7.30234E-1 7.29752E-1 7.10475E-1 7.00935E-1 7.023E-1 7.11143E-1 7.26083E-1 7.76533E-1 8.02581E-1 7.66856E-1 7.29241E-1 7.4799E-1 7.13066E-1 7.10359E-1 6.77695E-1 6.6551E-1 6.98703E-1 6.8761E-1 6.73595E-1 7.00565E-1 6.81756E-1 6.76661E-1 6.35144E-1 6.28155E-1 6.02225E-1 5.76323E-1 4.95866E-1 4.69588E-1 4.45737E-1 4.38014E-1 4.3169E-1 4.06974E-1 3.85975E-1 -9999 -9999 -9999 -9999 -9999 -9999 -9999
8.97088E-1 8.71186E-1 8.81559E-1 8.4584E-1 7.8808E-1 7.38852E-1 7.15366E-1 6.84502E-1 7.18558E-1 7.07635E-1 6.83793E-1 6.67574E-1 7.18394E-1 8.10722E-1 8.05001E-1 7.44651E-1 7.76325E-1 7.65364E-1 7.90957E-1 7.61745E-1 7.81125E-1 7.45506E-1 7.24682E-1 7.08337E-1 6.82527E-1 6.9175E-1 7.05673E-1 6.71538E-1 6.79057E-1 7.29946E-1 7.6649E-1 7.06361E-1 6.90649E-1 6.61153E-1 7.06698E-1 6.99806E-1 6.9726E-1 6.97284E-1 7.11425E-1 6.93502E-1 6.87407E-1 7.01575E-1 6.73844E-1 6.48273E-1 6.22347E-1 5.16072E-1 4.90873E-1 5.66936E-1 4.72981E-1 4.47138E-1 4.54797E-1 4.28879E-1 4.23839E-1 3.84112E-1 3.74329E-1 -9999 -9999 -9999 -9999 -9999 -9999
9.08653E-1 8.75985E-1 8.96483E-1 8.72514E-1 8.08211E-1 7.43782E-1 7.1341E-1 7.17864E-1 7.49996E-1 7.44531E-1 7.29069E-1 6.6332E-1 7.37202E-1 8.94606E-1 8.9203E-1 8.0199E-1 8.10746E-1 7.64898E-1 7.56736E-1 7.46015E-1 7.38016E-1 7.67146E-1 7.4446E-1 7.17469E-1 7.0709E-1 7.27314E-1 7.2316E-1 6.86993E-1 6.57789E-1 6.53139E-1 7.04649E-1 7.20624E-1 7.17291E-1 7.19439E-1 6.87923E-1 6.8801E-1 6.81657E-1 6.821E-1 7.07455E-1 6.89278E-1 6.76944E-1 6.82776E-1 6.57698E-1 6.32538E-1 6.26123E-1 6.0184E-1 5.1046E-1 4.8441E-1 5.42957E-1 4.51988E-1 4.3966E-1 4.17589E-1 4.09941E-1 3.88852E-1 3.9165E-1 -9999 -9999 -9999 -9999 -9999 -9999
9.20058E-1 8.70721E-1 8.78302E-1 8.93457E-1 7.98856E-1 7.66212E-1 7.39386E-1 7.36301E-1 8.68299E-1 8.20246E-1 7.24645E-1 6.53218E-1 7.06757E-1 8.32649E-1 8.41845E-1 7.62347E-1 8.07634E-1 8.38236E-1 8.15644E-1 8.6663E-1 7.22056E-1 7.19749E-1 7.4834E-1 8.31744E-1 7.31354E-1 7.08465E-1 6.90215E-1 6.70308E-1 7.04606E-1 7.07512E-1 6.37006E-1 6.69029E-1 7.01546E-1 6.88216E-1 6.91916E-1 6.82886E-1 6.64586E-1 6.83973E-1 7.03563E-1 6.93579E-1 6.69367E-1 6.6545E-1 -9999 -9999 -9999 -9999 -9999 -9999 4.62783E-1 4.36571E-1 4.46041E-1 4.23026E-1 4.12628E-1 4.03298E-1 -9999 -9999 -9999 -9999 -9999 -9999 -9999
9.36167E-1 9.20093E-1 8.56843E-1 8.00786E-1 7.87614E-1 8.19616E-1 7.30653E-1 8.67603E-1 9.34148E-1 9.15005E-1 7.81583E-1 7.39641E-1 7.45138E-1 7.54258E-1 7.3281E-1 7.51305E-1 8.16041E-1 7.41191E-1 7.27489E-1 7.86039E-1 7.17796E-1 7.1019E-1 7.25553E-1 7.43652E-1 7.67458E-1 7.09232E-1 6.83448E-1 6.47807E-1 6.69566E-1 7.45636E-1 6.55707E-1 6.37199E-1 6.86887E-1 6.97754E-1 6.63139E-1 6.60568E-1 6.63621E-1 6.64755E-1 6.71991E-1 6.03303E-1 -9999 -9999 -9999 -9999 -9999 -9999 -9999 -9999 -9999 -9999 -9999 -9999 -9999 -9999 -9999 -9999 -9999 -9999 -9999 -9999 -9999
8.81432E-1 8.78278E-1 8.44867E-1 8.19974E-1 7.86512E-1 7.58725E-1 7.18459E-1 7.23332E-1 9.25747E-1 9.01378E-1 8.7681E-1 8.52279E-1 8.44275E-1 7.90696E-1 7.57183E-1 7.65934E-1 7.08455E-1 6.75606E-1 7.05493E-1 7.24281E-1 7.12093E-1 6.91213E-1 6.82511E-1 6.93166E-1 7.2777E-1 7.56042E-1 7.36077E-1 6.76562E-1 6.39995E-1 6.49902E-1 6.58328E-1 6.23602E-1 6.52699E-1 6.63339E-1 6.68914E-1 6.62155E-1 6.67707E-1 6.69797E-1 6.49189E-1 5.87397E-1 -9999 -9999 -9999 -9999 -9999 -9999 -9999 -9999 -9999 -9999 -9999 -9999 -9999 -9999 -9999 -9999 -9999 -9999 -9999 -9999 -9999
