Artocarpus heterophyllus SDM files/MIS19/results (without bias file)/Arthet_avg.asc
ncols         625
nrows         721
xllcorner     69.99986311115
yllcorner     5.99986187915
cellsize      0.041666667
NODATA_value  -9999
[rows 108 to 134 of 721, columns 549 to 609 of 625]
2.96911E-3 1.32317E-3 1.2419E-3 4.14629E-3 3.98626E-3 3.9599E-3 1.35371E-3 1.33716E-3 1.42882E-3 1.4736E-3 1.36354E-3 1.48054E-3 1.52419E-3 1.40418E-3 3.104E-3 3.80415E-3 4.75242E-3 6.19168E-3 5.95428E-3 6.57479E-3 4.30484E-3 8.32789E-3 1.57759E-3 6.12058E-3 5.46884E-3 1.61024E-3 5.72457E-3 1.44177E-3 1.36687E-3 6.71021E-3 9.07425E-3 9.83217E-3 7.12518E-3 1.53656E-3 1.00852E-2 9.44618E-3 9.32676E-3 9.7935E-3 9.37447E-3 9.21782E-3 4.5846E-3 9.64629E-3 5.92872E-3 6.93247E-3 9.56579E-3 5.43061E-3 4.67843E-3 6.9141E-3 9.1569E-3 7.86611E-3 7.45271E-3 4.26597E-3 3.87563E-3 8.07229E-3 1.0326E-2 8.29197E-3 4.92247E-3 1.64589E-3 1.84821E-3 8.73686E-3 1.0716E-2
5.19726E-3 3.94529E-3 1.46287E-3 4.42027E-3 1.54765E-3 1.45632E-3 3.97631E-3 6.22518E-3 6.38676E-3 7.95431E-3 3.75495E-3 6.36201E-3 6.76647E-3 8.38219E-3 6.95252E-3 4.27433E-3 5.7129E-3 1.46381E-3 1.40306E-3 1.3687E-3 1.43887E-3 1.75285E-3 4.79553E-3 4.03018E-3 7.99466E-3 7.09424E-3 3.99974E-3 6.56932E-3 6.28536E-3 3.97951E-3 1.60409E-3 1.57661E-3 1.56363E-3 4.06941E-3 5.22377E-3 5.12676E-3 1.43046E-3 1.57628E-3 1.46936E-3 3.96227E-3 1.73723E-3 6.5732E-3 1.42611E-3 1.67788E-3 5.5466E-3 5.89739E-3 7.20832E-3 5.96843E-3 8.13441E-3 7.23935E-3 6.86936E-3 8.9476E-3 3.91096E-3 1.11215E-2 1.14505E-2 1.00418E-2 7.55675E-3 6.13882E-3 6.36654E-3 3.59401E-3 5.01073E-3
3.34831E-3 4.25618E-3 1.61192E-3 1.65116E-3 3.68714E-3 6.80254E-3 4.61787E-3 5.96924E-3 3.47831E-3 7.44101E-3 6.94216E-3 6.36963E-3 4.2114E-3 3.03758E-3 3.32757E-3 4.23719E-3 5.41502E-3 7.2493E-3 6.72624E-3 1.54663E-3 1.49686E-3 3.30975E-3 5.62172E-3 4.30906E-3 6.49607E-3 4.8818E-3 4.07344E-3 7.73129E-3 6.02523E-3 4.52211E-3 4.42685E-3 7.61196E-3 6.07594E-3 1.53657E-3 4.40043E-3 4.36607E-3 1.71933E-3 5.22924E-3 5.37341E-3 3.54658E-3 1.74528E-3 2.21707E-3 7.54224E-3 3.69028E-3 8.09161E-3 8.16795E-3 6.16085E-3 8.59334E-3 7.53573E-3 7.61684E-3 8.28361E-3 4.97881E-3 1.97737E-3 6.8326E-3 8.80967E-3 9.81531E-3 9.17584E-3 8.21895E-3 8.72352E-3 7.22867E-3 8.09408E-3
4.3739E-3 1.6786E-3 5.51846E-3 5.30232E-3 4.933E-3 5.96551E-3 5.29783E-3 6.7645E-3 4.7425E-3 6.79485E-3 7.69172E-3 5.36977E-3 6.67084E-3 4.90278E-3 7.99471E-3 7.35115E-3 5.49731E-3 4.41104E-3 6.34474E-3 6.2996E-3 6.86675E-3 5.97188E-3 6.65883E-3 6.60808E-3 6.97095E-3 7.72966E-3 6.49999E-3 7.46123E-3 6.82911E-3 6.45217E-3 4.5496E-3 7.38096E-3 7.79211E-3 6.93802E-3 8.43972E-3 9.28917E-3 8.74457E-3 9.71609E-3 9.43129E-3 9.24559E-3 6.33577E-3 1.65952E-3 9.17358E-3 7.25316E-3 6.82691E-3 7.53543E-3 6.80154E-3 8.37802E-3 8.39735E-3 8.19337E-3 6.73134E-3 4.04728E-3 5.74172E-3 9.79584E-3 9.55448E-3 8.94064E-3 9.54548E-3 1.08135E-2 9.91727E-3 8.2237E-3 9.67172E-3
4.21288E-3 5.68267E-3 7.10077E-3 5.59609E-3 6.80336E-3 6.22422E-3 7.14261E-3 7.29532E-3 7.23813E-3 7.57176E-3 5.65617E-3 7.52562E-3 7.64256E-3 6.19512E-3 5.97565E-3 8.66957E-3 6.6354E-3 7.20445E-3 7.10829E-3 6.54801E-3 8.57925E-3 8.03655E-3 7.84973E-3 8.11257E-3 7.75332E-3 8.40223E-3 8.47427E-3 8.60338E-3 9.51455E-3 8.53951E-3 7.672E-3 8.17937E-3 9.9862E-3 8.66758E-3 8.20306E-3 8.15833E-3 9.47272E-3 4.47038E-3 1.02416E-2 9.51075E-3 2.00158E-3 8.41158E-3 9.82947E-3 8.84336E-3 9.21689E-3 8.64599E-3 7.2929E-3 7.9169E-3 7.48737E-3 9.71633E-3 9.80394E-3 6.13267E-3 1.71619E-3 1.12496E-2 9.81104E-3 9.22853E-3 9.19902E-3 1.12771E-2 1.07764E-2 7.88463E-3 1.00224E-2
6.11551E-3 7.20254E-3 7.27664E-3 6.4221E-3 7.25238E-3 7.17426E-3 7.59475E-3 6.94128E-3 5.55386E-3 7.36959E-3 7.64987E-3 7.86066E-3 6.42893E-3 8.3194E-3 7.08571E-3 8.58266E-3 8.13789E-3 6.75538E-3 6.62939E-3 6.64989E-3 6.90653E-3 8.11421E-3 8.94103E-3 9.28484E-3 8.53694E-3 8.42199E-3 7.62729E-3 8.01018E-3 7.08346E-3 8.75944E-3 8.72504E-3 5.51845E-3 8.44641E-3 5.14777E-3 6.9785E-3 6.47057E-3 1.07076E-2 6.57314E-3 5.19129E-3 5.84209E-3 6.85571E-3 1.03425E-2 1.00533E-2 9.58424E-3 9.05886E-3 9.14817E-3 9.20132E-3 7.97499E-3 8.73912E-3 7.14026E-3 1.01175E-2 8.03098E-3 1.79357E-3 8.58275E-3 1.12071E-2 8.29928E-3 6.68255E-3 9.1904E-3 1.054E-2 1.01423E-2 1.04887E-2
6.79277E-3 6.69203E-3 7.53496E-3 6.69352E-3 6.73842E-3 7.41618E-3 8.44134E-3 6.62682E-3 8.2906E-3 7.40283E-3 7.23751E-3 5.66774E-3 8.09101E-3 8.07799E-3 7.55599E-3 8.4557E-3 7.69386E-3 8.79093E-3 8.03379E-3 8.50624E-3 6.67694E-3 4.92127E-3 7.7162E-3 8.6437E-3 7.08493E-3 8.30163E-3 9.29696E-3 8.65897E-3 7.52249E-3 8.5097E-3 7.00982E-3 8.14349E-3 9.27416E-3 7.88259E-3 6.66362E-3 6.45293E-3 6.96227E-3 8.84669E-3 1.64254E-3 5.08106E-3 8.5036E-3 8.38753E-3 1.08169E-2 9.08351E-3 9.84857E-3 9.64194E-3 9.82788E-3 8.6079E-3 5.20009E-3 7.69039E-3 1.0964E-2 9.85831E-3 1.03821E-2 5.56212E-3 1.24175E-2 1.06121E-2 8.27153E-3 1.11157E-2 1.03495E-2 1.11206E-2 1.14042E-2
7.78198E-3 7.76701E-3 6.65959E-3 7.07202E-3 8.22919E-3 6.8537E-3 7.9134E-3 5.46527E-3 8.66462E-3 7.34132E-3 7.89372E-3 7.77747E-3 8.11467E-3 7.77865E-3 8.2776E-3 8.75735E-3 7.60099E-3 9.10888E-3 9.54489E-3 9.6179E-3 8.92962E-3 8.49982E-3 4.16125E-3 4.40201E-3 3.33401E-3 5.9686E-3 8.13879E-3 7.47339E-3 6.91435E-3 1.00005E-2 6.84803E-3 1.73723E-3 1.799E-3 4.96684E-3 1.48449E-3 1.4257E-3 1.56071E-3 1.61256E-3 1.55655E-3 1.98282E-3 1.87132E-3 2.06951E-3 1.06742E-2 9.56495E-3 9.43753E-3 8.18702E-3 9.9443E-3 1.00817E-2 6.42238E-3 1.05001E-2 1.21895E-2 1.12296E-2 1.12328E-2 5.91135E-3 9.60486E-3 1.14095E-2 9.5326E-3 1.30386E-2 1.10518E-2 1.2657E-2 7.11216E-3
5.99226E-3 8.54137E-3 8.26874E-3 6.92044E-3 8.60338E-3 8.28174E-3 8.47379E-3 7.48601E-3 8.90644E-3 9.17337E-3 8.07209E-3 8.91097E-3 8.96039E-3 8.51243E-3 6.77526E-3 9.74705E-3 8.31932E-3 5.48986E-3 6.68958E-3 5.38332E-3 5.58195E-3 5.08472E-3 4.933E-3 8.59096E-3 8.21873E-3 7.14531E-3 1.46809E-3 1.6771E-3 1.58429E-3 4.00069E-3 4.74687E-3 1.58875E-3 6.24065E-3 4.8317E-3 6.30418E-3 5.59733E-3 6.82571E-3 1.78035E-3 5.58793E-3 5.64629E-3 7.97143E-3 1.61525E-3 9.17391E-3 8.7397E-3 9.51159E-3 1.01235E-2 1.15273E-2 1.10518E-2 1.06926E-2 6.29284E-3 1.01559E-2 9.17203E-3 8.30504E-3 8.68407E-3 8.26216E-3 7.441E-3 2.44474E-3 1.00263E-2 8.3947E-3 7.79383E-3 1.26018E-2
5.91696E-3 7.87953E-3 6.75903E-3 6.52943E-3 9.02385E-3 8.69734E-3 8.4493E-3 7.7136E-3 8.30877E-3 8.80748E-3 7.47078E-3 8.82794E-3 6.77752E-3 7.75658E-3 7.12164E-3 7.31671E-3 7.26238E-3 7.67648E-3 7.57483E-3 7.97631E-3 8.6365E-3 8.70118E-3 8.70418E-3 9.53582E-3 6.64351E-3 1.90351E-3 6.87932E-3 6.1157E-3 5.35404E-3 6.56648E-3 4.70382E-3 1.7493E-3 7.84138E-3 5.07136E-3 5.82244E-3 7.80638E-3 6.46353E-3 1.82867E-3 7.43658E-3 6.41156E-3 5.83977E-3 5.44954E-3 2.4702E-3 8.14086E-3 9.74197E-3 4.73528E-3 6.78078E-3 8.46235E-3 5.40591E-3 1.518E-3 1.88516E-3 2.21968E-3 1.83665E-3 2.865E-3 2.58159E-3 2.54601E-3 5.91854E-3 1.91673E-3 1.8286E-3 2.61088E-3 9.38766E-3
5.91195E-3 6.12349E-3 5.75214E-3 6.52943E-3 7.81542E-3 8.449E-3 7.28623E-3 7.28062E-3 5.60088E-3 7.77066E-3 9.9812E-3 8.62932E-3 8.63E-3 7.5233E-3 8.50648E-3 1.00402E-2 1.05364E-2 9.35107E-3 8.5439E-3 1.03162E-2 1.03231E-2 8.87512E-3 7.9012E-3 4.53795E-3 6.50308E-3 5.39319E-3 7.20166E-3 5.85425E-3 6.94323E-3 5.26046E-3 5.93049E-3 7.69501E-3 8.16989E-3 1.53169E-3 7.94824E-3 9.30594E-3 7.05321E-3 4.95086E-3 1.89811E-3 7.86742E-3 6.60262E-3 1.85672E-3 1.6808E-3 2.26632E-3 1.09579E-2 1.1106E-2 2.35349E-3 2.26988E-3 2.37379E-3 6.25041E-3 9.27431E-3 6.16363E-3 6.03867E-3 6.45297E-3 1.17492E-2 6.44156E-3 9.94299E-3 1.15692E-2 1.19468E-2 5.82078E-3 1.76683E-3
4.60348E-3 5.40063E-3 6.57826E-3 6.40752E-3 5.26447E-3 7.58307E-3 8.90751E-3 9.15201E-3 6.92901E-3 7.27984E-3 8.11292E-3 8.91167E-3 7.142E-3 6.66718E-3 5.63289E-3 3.24325E-3 5.12405E-3 6.31063E-3 8.64896E-3 7.27513E-3 5.91574E-3 1.67163E-3 5.50478E-3 5.6594E-3 6.63212E-3 6.48594E-3 7.05039E-3 7.34928E-3 8.26893E-3 8.14985E-3 7.95983E-3 8.83176E-3 5.5723E-3 5.20081E-3 1.70644E-3 5.41019E-3 6.98011E-3 7.52413E-3 5.90259E-3 4.83425E-3 6.42205E-3 5.82245E-3 7.83904E-3 1.92777E-3 2.03835E-3 2.41605E-3 2.6615E-3 7.20515E-3 8.75576E-3 1.14284E-2 9.42932E-3 5.4572E-3 9.41229E-3 3.04993E-3 1.22843E-2 7.49719E-3 1.11415E-2 7.52509E-3 1.40559E-2 7.99859E-3 8.44844E-3
4.66034E-3 7.64193E-3 6.75874E-3 7.55036E-3 7.29615E-3 6.66943E-3 7.62522E-3 7.50848E-3 9.05241E-3 9.28693E-3 8.10997E-3 8.67469E-3 9.13734E-3 1.04943E-2 1.0336E-2 8.18628E-3 7.80761E-3 5.91411E-3 6.02449E-3 8.13508E-3 8.7639E-3 5.9571E-3 8.88471E-3 7.58021E-3 7.9976E-3 7.62994E-3 8.81775E-3 7.72376E-3 6.37122E-3 8.15064E-3 9.8064E-3 8.74932E-3 2.23194E-3 8.018E-3 6.30496E-3 5.6286E-3 8.57086E-3 7.83301E-3 7.48744E-3 6.42618E-3 6.15679E-3 6.09504E-3 7.04269E-3 1.07201E-2 9.85178E-3 2.40482E-3 9.07792E-3 6.38505E-3 8.81779E-3 8.21602E-3 7.00104E-3 1.24481E-2 7.25212E-3 7.45672E-3 1.02104E-2 1.04781E-2 9.45155E-3 7.31101E-3 1.15922E-2 1.25009E-2 1.32321E-2
7.87243E-3 6.30254E-3 8.94669E-3 7.99605E-3 7.93192E-3 7.20795E-3 8.8861E-3 7.62902E-3 9.08419E-3 8.74099E-3 1.05818E-2 8.36979E-3 1.02426E-2 7.81124E-3 1.10166E-2 1.07732E-2 1.04653E-2 9.32271E-3 7.40548E-3 6.3931E-3 9.41062E-3 5.59183E-3 9.61661E-3 9.18604E-3 8.42133E-3 8.63697E-3 8.9165E-3 9.57473E-3 9.24016E-3 5.70501E-3 5.54716E-3 1.94571E-3 6.75346E-3 8.37535E-3 8.05092E-3 7.10323E-3 7.49371E-3 8.27237E-3 8.35358E-3 5.22263E-3 6.4403E-3 8.79415E-3 6.05651E-3 2.19616E-3 1.66181E-3 2.17012E-3 1.01245E-2 1.12921E-2 6.55943E-3 6.84435E-3 8.27266E-3 7.4227E-3 2.17209E-3 9.75383E-3 1.16709E-2 1.05798E-2 2.78997E-3 6.99377E-3 9.26319E-3 1.10325E-2 7.90381E-3
5.16629E-3 7.41585E-3 6.55534E-3 7.8286E-3 8.78565E-3 8.10595E-3 7.45287E-3 7.18389E-3 6.22002E-3 1.01407E-2 1.02595E-2 8.50927E-3 1.05411E-2 9.63647E-3 7.69147E-3 8.01035E-3 9.12314E-3 1.00982E-2 8.98214E-3 9.92804E-3 9.18279E-3 8.37898E-3 5.80801E-3 7.98266E-3 7.76257E-3 8.45371E-3 6.34389E-3 5.11076E-3 4.99442E-3 4.82619E-3 5.0605E-3 1.69421E-3 5.73281E-3 7.74689E-3 8.93857E-3 7.77092E-3 8.354E-3 9.16393E-3 6.96153E-3 6.60573E-3 9.24558E-3 9.86537E-3 1.03595E-2 6.37725E-3 1.99172E-3 2.60966E-3 7.56206E-3 7.44759E-3 8.05125E-3 8.28649E-3 2.52969E-3 8.18983E-3 8.53357E-3 9.72332E-3 8.42724E-3 2.71355E-3 6.09499E-3 1.30235E-2 1.2214E-2 1.21682E-2 1.42362E-2
7.28801E-3 7.42183E-3 8.05326E-3 6.93548E-3 8.02649E-3 8.94108E-3 7.82818E-3 7.56109E-3 5.87155E-3 1.14654E-2 8.08553E-3 1.13301E-2 9.604E-3 8.97242E-3 8.36266E-3 1.11058E-2 1.05397E-2 8.5568E-3 8.3587E-3 6.53425E-3 9.69491E-3 9.77381E-3 9.26972E-3 1.03178E-2 8.24111E-3 5.4593E-3 7.14925E-3 7.30028E-3 9.09283E-3 7.81496E-3 7.7585E-3 7.09422E-3 7.81312E-3 6.66284E-3 8.94115E-3 8.5482E-3 8.7588E-3 8.8645E-3 9.68506E-3 7.79686E-3 6.49072E-3 9.69451E-3 6.08468E-3 2.08555E-3 7.9627E-3 9.99663E-3 1.14279E-2 1.02877E-2 9.59722E-3 6.71961E-3 2.43761E-3 9.44272E-3 1.16843E-2 1.03417E-2 2.63435E-3 2.33939E-3 7.00005E-3 8.34175E-3 1.34362E-2 1.26373E-2 1.15145E-2
8.04124E-3 7.97992E-3 8.8279E-3 8.64578E-3 9.1365E-3 7.98902E-3 8.27016E-3 8.741E-3 7.50127E-3 8.46155E-3 5.58216E-3 9.16122E-3 5.12671E-3 6.63979E-3 1.08264E-2 8.68171E-3 1.07218E-2 1.12511E-2 1.09379E-2 9.19133E-3 6.01569E-3 8.90738E-3 9.79924E-3 8.99203E-3 1.08633E-2 9.31648E-3 9.48195E-3 9.42546E-3 8.90969E-3 9.11774E-3 9.58455E-3 9.06581E-3 9.71512E-3 9.22138E-3 9.12755E-3 8.25431E-3 8.31388E-3 7.71015E-3 7.48171E-3 6.85496E-3 5.34124E-3 1.72958E-3 1.59436E-3 1.7048E-3 1.8916E-3 1.90048E-3 2.31241E-3 1.20001E-2 1.11568E-2 7.62575E-3 2.01832E-3 1.06057E-2 1.2977E-2 1.39487E-2 1.33402E-2 1.25355E-2 1.09231E-2 7.39292E-3 1.08168E-2 8.90493E-3 2.95273E-3
7.92157E-3 8.91829E-3 9.02808E-3 7.0316E-3 7.26805E-3 8.85275E-3 8.0108E-3 4.86276E-3 1.02329E-2 1.10091E-2 8.64006E-3 5.43839E-3 8.79632E-3 9.74197E-3 5.79608E-3 9.74526E-3 7.6231E-3 6.22815E-3 9.73356E-3 1.06346E-2 8.40804E-3 5.9571E-3 7.57781E-3 1.05657E-2 8.31729E-3 9.54777E-3 7.69171E-3 7.28566E-3 7.35893E-3 6.86342E-3 6.72248E-3 8.99905E-3 9.14246E-3 9.40271E-3 1.01517E-2 9.55724E-3 8.59319E-3 9.1943E-3 6.73719E-3 8.54661E-3 6.52783E-3 5.47381E-3 6.16334E-3 7.74118E-3 8.46459E-3 8.68509E-3 7.25626E-3 2.4552E-3 1.01961E-2 1.18031E-2 7.81683E-3 7.81651E-3 7.19359E-3 8.5343E-3 7.82959E-3 9.94174E-3 1.20816E-2 1.39546E-2 1.17107E-2 2.91053E-3 1.03141E-2
7.56688E-3 8.35271E-3 9.71655E-3 8.49375E-3 7.50218E-3 5.2714E-3 5.83949E-3 4.54934E-3 6.69268E-3 5.74411E-3 7.66624E-3 5.78655E-3 6.6097E-3 5.59517E-3 9.58077E-3 9.66921E-3 1.10774E-2 8.94586E-3 8.91782E-3 1.0334E-2 9.98941E-3 9.83876E-3 7.96603E-3 7.73214E-3 9.16999E-3 6.4769E-3 9.02046E-3 9.21066E-3 9.15202E-3 8.24288E-3 5.32487E-3 6.0059E-3 5.6155E-3 6.26028E-3 8.81779E-3 1.11518E-2 1.0518E-2 6.41385E-3 9.96116E-3 1.01936E-2 8.75726E-3 8.87641E-3 9.39227E-3 9.96746E-3 1.03682E-2 1.1835E-2 1.01185E-2 2.48477E-3 5.33097E-3 6.29917E-3 7.04218E-3 8.27814E-3 7.88058E-3 6.72009E-3 7.44287E-3 7.0573E-3 8.88667E-3 1.16509E-2 7.31596E-3 7.72417E-3 1.35391E-2
4.79773E-3 7.64804E-3 9.25804E-3 1.01498E-2 9.84829E-3 1.08761E-2 1.06822E-2 8.56585E-3 8.23591E-3 7.49266E-3 4.21248E-3 1.93295E-3 1.14248E-2 1.16767E-2 1.17898E-2 1.2225E-2 1.16818E-2 1.06843E-2 1.17995E-2 1.16695E-2 1.13198E-2 7.38889E-3 6.75546E-3 6.20238E-3 9.08115E-3 8.0211E-3 1.09876E-2 9.8616E-3 1.01489E-2 9.28828E-3 8.78696E-3 1.01295E-2 1.06815E-2 8.16055E-3 1.9833E-3 1.85992E-3 1.74926E-3 7.02191E-3 5.93767E-3 4.7049E-3 6.56999E-3 6.36752E-3 8.56276E-3 1.00795E-2 9.55474E-3 2.3095E-3 6.17739E-3 6.96913E-3 8.34119E-3 9.48324E-3 7.80528E-3 1.18508E-2 9.56035E-3 8.74539E-3 1.07259E-2 8.7985E-3 8.2539E-3 9.63808E-3 1.21942E-2 9.38304E-3 7.8653E-3
8.21708E-3 7.61684E-3 7.06657E-3 5.73851E-3 4.90468E-3 7.01722E-3 1.0025E-2 1.20153E-2 1.22945E-2 1.06723E-2 9.75771E-3 9.72605E-3 5.79686E-3 1.11425E-2 7.39157E-3 1.22571E-2 1.25042E-2 1.22377E-2 1.08854E-2 8.56378E-3 1.10296E-2 1.13851E-2 8.95058E-3 5.81704E-3 4.25428E-3 1.93302E-3 4.42875E-3 6.5208E-3 6.11847E-3 6.6229E-3 1.0052E-2 7.67011E-3 1.85673E-3 1.87971E-3 1.93661E-3 4.51939E-3 5.31248E-3 2.32581E-3 8.04122E-3 9.21517E-3 7.63533E-3 7.30333E-3 9.22136E-3 7.74159E-3 2.43366E-3 7.74023E-3 9.4194E-3 7.17177E-3 9.71048E-3 9.95653E-3 7.70032E-3 9.61213E-3 9.82187E-3 1.03637E-2 1.10846E-2 1.25353E-2 1.05919E-2 1.47258E-2 1.51583E-2 1.37545E-2 1.19611E-2
7.95229E-3 7.17095E-3 5.73286E-3 7.45736E-3 7.94192E-3 7.57483E-3 7.63714E-3 5.92947E-3 5.21333E-3 6.11039E-3 9.16626E-3 1.06474E-2 1.02628E-2 1.00195E-2 9.34371E-3 6.56271E-3 6.99616E-3 8.02772E-3 1.16323E-2 1.20921E-2 1.24942E-2 1.24669E-2 1.21233E-2 1.05122E-2 9.1197E-3 7.13839E-3 6.91057E-3 6.49675E-3 8.61303E-3 7.81353E-3 2.0965E-3 1.89896E-3 2.40264E-3 6.1264E-3 6.55164E-3 6.15736E-3 6.8137E-3 7.29651E-3 1.81161E-3 6.67148E-3 9.08404E-3 7.20661E-3 6.15506E-3 7.2845E-3 7.76729E-3 7.84275E-3 1.07483E-2 1.0352E-2 1.11711E-2 1.10439E-2 7.02274E-3 1.09414E-2 1.18358E-2 1.11869E-2 1.25284E-2 1.44664E-2 1.24448E-2 1.63556E-2 1.6322E-2 1.61925E-2 1.11334E-2
7.72568E-3 8.78202E-3 9.25742E-3 8.54299E-3 6.63981E-3 7.61896E-3 5.75284E-3 6.28241E-3 9.67293E-3 8.50413E-3 6.44097E-3 5.81944E-3 3.9465E-3 5.62199E-3 7.93618E-3 8.91966E-3 9.98639E-3 6.79387E-3 4.56801E-3 2.00432E-3 1.82699E-3 4.85264E-3 6.35236E-3 1.23197E-2 1.19412E-2 1.0727E-2 9.66201E-3 8.87992E-3 9.66685E-3 1.04362E-2 6.36004E-3 5.5271E-3 6.00683E-3 8.66934E-3 9.55557E-3 9.00887E-3 8.44012E-3 5.43454E-3 7.41064E-3 5.53309E-3 9.5541E-3 9.22394E-3 9.21361E-3 8.49185E-3 1.09883E-2 1.07907E-2 1.14139E-2 1.35298E-2 1.30311E-2 1.18184E-2 1.37788E-2 9.18516E-3 1.26775E-2 1.54508E-2 1.28907E-2 1.31248E-2 1.72721E-2 1.3902E-2 2.0443E-2 1.61581E-2 1.35174E-2
6.26202E-3 7.76627E-3 9.04632E-3 1.01664E-2 7.36475E-3 8.72352E-3 7.24231E-3 1.09029E-2 9.6977E-3 8.40085E-3 1.00799E-2 9.53447E-3 6.61895E-3 1.03978E-2 7.24127E-3 5.96253E-3 5.00557E-3 6.05511E-3 5.80022E-3 8.33276E-3 8.35024E-3 7.44302E-3 5.35671E-3 2.21165E-3 9.51929E-3 1.209E-2 1.15237E-2 1.07014E-2 1.08622E-2 6.32171E-3 2.11458E-3 8.79865E-3 7.97781E-3 9.57525E-3 8.58197E-3 8.66347E-3 8.16038E-3 8.3022E-3 1.0013E-2 1.02683E-2 1.07723E-2 1.03718E-2 9.23626E-3 9.90987E-3 4.81575E-3 1.24425E-2 1.12613E-2 7.83674E-3 1.38199E-2 1.41384E-2 1.63614E-2 1.47423E-2 1.32403E-2 1.67204E-2 1.53036E-2 8.87572E-3 1.79328E-2 1.21739E-2 1.65377E-2 1.83094E-2 1.58934E-2
6.10774E-3 8.13585E-3 9.09378E-3 9.48248E-3 8.64041E-3 8.09342E-3 5.7831E-3 1.09476E-2 1.09759E-2 1.07252E-2 1.02264E-2 9.6256E-3 8.26424E-3 9.10732E-3 1.09721E-2 9.66602E-3 8.80879E-3 7.65699E-3 9.88516E-3 1.06586E-2 1.11022E-2 1.08144E-2 1.02397E-2 8.16491E-3 6.38247E-3 6.58237E-3 1.17107E-2 1.19066E-2 1.1157E-2 2.48136E-3 8.32473E-3 1.0616E-2 9.70751E-3 8.29124E-3 8.82096E-3 8.23959E-3 9.97933E-3 1.0377E-2 8.67615E-3 9.44964E-3 8.87951E-3 1.1998E-2 8.83168E-3 1.04027E-2 1.08337E-2 2.6623E-3 1.29016E-2 9.93048E-3 6.11882E-3 9.5105E-3 1.27952E-2 1.52988E-2 1.41464E-2 1.03694E-2 1.55399E-2 1.39347E-2 1.2737E-2 1.7472E-2 1.34244E-2 2.09917E-2 1.87083E-2
8.13997E-3 6.46083E-3 1.02188E-2 8.08248E-3 9.97696E-3 9.3084E-3 9.46093E-3 7.80153E-3 1.04664E-2 1.19637E-2 1.15248E-2 1.09914E-2 1.21782E-2 1.2677E-2 1.125E-2 1.23963E-2 1.19236E-2 1.10523E-2 1.04678E-2 1.00726E-2 1.03429E-2 1.23469E-2 1.01084E-2 1.07579E-2 9.27755E-3 2.29466E-3 1.90132E-3 2.00116E-3 2.21368E-3 7.00993E-3 1.08413E-2 9.62399E-3 1.15437E-2 1.13291E-2 8.07513E-3 6.19539E-3 9.13529E-3 8.77929E-3 6.16483E-3 8.09941E-3 1.06265E-2 1.0868E-2 1.26555E-2 9.1268E-3 1.02826E-2 1.19787E-2 8.63959E-3 1.60661E-2 1.4036E-2 9.75964E-3 1.17815E-2 1.27874E-2 1.62373E-2 9.8193E-3 1.11749E-2 1.2197E-2 1.14097E-2 1.86164E-2 1.07054E-2 2.09498E-2 1.85471E-2
5.11319E-3 6.11795E-3 9.69272E-3 1.0057E-2 7.86817E-3 1.04638E-2 9.75579E-3 9.65516E-3 8.36319E-3 9.92938E-3 1.16058E-2 1.27425E-2 1.18655E-2 1.00547E-2 9.68616E-3 1.02299E-2 1.09377E-2 1.25218E-2 1.25801E-2 1.26006E-2 1.13689E-2 5.60878E-3 6.23072E-3 6.3234E-3 1.83179E-3 7.30967E-3 5.51271E-3 6.32476E-3 5.15728E-3 2.03344E-3 2.06968E-3 2.80182E-3 1.10796E-2 8.27966E-3 9.23757E-3 3.06993E-3 1.13898E-2 1.25462E-2 9.83076E-3 6.92295E-3 1.00849E-2 8.40878E-3 1.20494E-2 1.19138E-2 1.14116E-2 9.75773E-3 1.34051E-2 1.11193E-2 1.70891E-2 1.522E-2 3.48259E-3 1.67899E-2 1.46168E-2 1.00901E-2 1.6478E-2 1.8864E-2 1.25622E-2 2.25074E-2 1.86205E-2 1.38516E-2 2.55027E-2
