Artocarpus heterophyllus SDM files/MIS19/results (without bias file)/Arthet_0.asc
ncols         625
nrows         721
xllcorner     69.99986311115
yllcorner     5.99986187915
cellsize      0.041666667
NODATA_value  -9999
[rows 81 to 107 of 721, columns 305 to 365 of 625]
5.31831E-4 5.41518E-4 5.14829E-4 4.88889E-4 5.42295E-4 5.29927E-4 1.19152E-3 1.15632E-3 4.56012E-4 4.62615E-4 4.66944E-4 4.54631E-4 4.5837E-4 4.95944E-4 5.1205E-4 5.16644E-4 4.70622E-4 5.17439E-4 4.64031E-4 5.1856E-4 1.25838E-3 1.16227E-3 4.51332E-4 4.45427E-4 4.51367E-4 4.24703E-4 4.09341E-4 4.56007E-4 4.50976E-4 4.49343E-4 4.50976E-4 4.58103E-4 4.49333E-4 4.56929E-4 5.14003E-4 4.45534E-4 4.1145E-4 4.267E-4 4.62738E-4 4.83121E-4 4.6511E-4 4.49701E-4 4.59943E-4 4.24661E-4 3.94055E-4 3.86168E-4 3.87063E-4 4.16562E-4 4.06257E-4 4.39827E-4 5.09286E-4 1.15632E-3 1.1481E-3 1.11596E-3 1.10995E-3 1.09623E-3 1.11128E-3 1.05537E-3 1.03848E-3 3.89596E-4 3.66598E-4
5.92334E-4 5.93328E-4 5.85362E-4 5.40545E-4 5.78398E-4 5.75252E-4 5.57469E-4 1.23047E-3 4.90767E-4 4.93125E-4 4.64566E-4 4.60049E-4 4.60833E-4 4.72396E-4 5.16789E-4 5.44278E-4 5.28827E-4 5.28217E-4 5.1244E-4 5.14829E-4 5.16704E-4 1.23008E-3 4.77615E-4 4.47131E-4 4.492E-4 4.41091E-4 4.46806E-4 4.43431E-4 4.70937E-4 5.03368E-4 4.77146E-4 4.91481E-4 4.75134E-4 4.45972E-4 4.84767E-4 4.43619E-4 4.19029E-4 4.22513E-4 4.54975E-4 4.82027E-4 4.78996E-4 4.73729E-4 4.38744E-4 4.6153E-4 4.48766E-4 4.16117E-4 4.36164E-4 4.17078E-4 3.83414E-4 3.92129E-4 4.29591E-4 4.87888E-4 1.1854E-3 1.15635E-3 1.13807E-3 1.19397E-3 1.14381E-3 1.16881E-3 1.07452E-3 1.02448E-3 4.02282E-4
5.46469E-4 5.82196E-4 6.07676E-4 5.80636E-4 5.92334E-4 6.09347E-4 5.85305E-4 5.91338E-4 1.29331E-3 5.37435E-4 5.33076E-4 5.02783E-4 4.86392E-4 5.21066E-4 5.39469E-4 4.77611E-4 4.89068E-4 5.44426E-4 5.63834E-4 5.48986E-4 5.39519E-4 5.28298E-4 1.17488E-3 4.72985E-4 4.6618E-4 4.85663E-4 4.95846E-4 4.57971E-4 4.62949E-4 4.88375E-4 5.19579E-4 1.21447E-3 4.98961E-4 5.06164E-4 4.67466E-4 4.59594E-4 4.2208E-4 4.50566E-4 4.95287E-4 5.20813E-4 1.24285E-3 1.20646E-3 1.12374E-3 4.33686E-4 1.11977E-3 4.28417E-4 1.11186E-3 4.28602E-4 4.2475E-4 4.00952E-4 3.9582E-4 4.42978E-4 4.90568E-4 4.84553E-4 1.17912E-3 1.1401E-3 1.1481E-3 1.11372E-3 1.17007E-3 1.17534E-3 1.02838E-3
5.60228E-4 5.50504E-4 5.44463E-4 5.48483E-4 5.52057E-4 5.99485E-4 5.77726E-4 5.33981E-4 5.40342E-4 4.90144E-4 5.26769E-4 5.32203E-4 4.92166E-4 6.16809E-4 5.53643E-4 4.81019E-4 5.30749E-4 5.01217E-4 5.08234E-4 5.0517E-4 5.2755E-4 4.93707E-4 5.5261E-4 5.78699E-4 5.49419E-4 5.50131E-4 5.49283E-4 5.11466E-4 4.86306E-4 4.74644E-4 4.93811E-4 4.87692E-4 5.55391E-4 1.31792E-3 5.00257E-4 4.76499E-4 4.63399E-4 4.65593E-4 5.32209E-4 4.78996E-4 5.09329E-4 1.20832E-3 1.17273E-3 4.47966E-4 4.64325E-4 4.4885E-4 1.18956E-3 1.12978E-3 4.45769E-4 4.04679E-4 1.08838E-3 4.13931E-4 4.9489E-4 1.17893E-3 1.11399E-3 1.1518E-3 1.11581E-3 1.13932E-3 1.14449E-3 1.14452E-3 1.01427E-3
5.40023E-4 5.46007E-4 5.61777E-4 5.83738E-4 5.49546E-4 6.3259E-4 1.36175E-3 5.34395E-4 5.45649E-4 5.55456E-4 5.32556E-4 4.9036E-4 5.22876E-4 6.15304E-4 1.39294E-3 5.28496E-4 4.90568E-4 4.90207E-4 4.80518E-4 4.78073E-4 4.92371E-4 4.84644E-4 5.00469E-4 5.91866E-4 5.99067E-4 5.93256E-4 5.92479E-4 5.86579E-4 5.40618E-4 5.35662E-4 4.94786E-4 5.10657E-4 5.36589E-4 5.84977E-4 5.21888E-4 4.69371E-4 4.77176E-4 5.41139E-4 1.30582E-3 5.25276E-4 1.24939E-3 1.25024E-3 1.14392E-3 1.11399E-3 4.40238E-4 4.44725E-4 4.56902E-4 4.77714E-4 4.61036E-4 4.2825E-4 4.73441E-4 4.42222E-4 1.18108E-3 1.24519E-3 1.11581E-3 1.17682E-3 1.11727E-3 1.11727E-3 1.17775E-3 1.19987E-3 1.06062E-3
5.17641E-4 5.61289E-4 5.2975E-4 5.79583E-4 5.3104E-4 5.78929E-4 6.18876E-4 6.19534E-4 6.14502E-4 5.65779E-4 5.73177E-4 5.30195E-4 5.22876E-4 5.49546E-4 6.07089E-4 5.95075E-4 5.64635E-4 5.76684E-4 1.2797E-3 5.22471E-4 5.05132E-4 4.91377E-4 4.97623E-4 5.44463E-4 5.88685E-4 6.09556E-4 6.21816E-4 6.07156E-4 6.30381E-4 6.33404E-4 5.81938E-4 5.33634E-4 5.8758E-4 5.74545E-4 4.77176E-4 4.64223E-4 4.74542E-4 5.31634E-4 5.57088E-4 5.61424E-4 1.34953E-3 1.23033E-3 1.19317E-3 1.08208E-3 4.357E-4 4.57853E-4 1.09057E-3 4.4031E-4 4.38677E-4 4.57583E-4 4.34405E-4 4.5992E-4 1.19594E-3 1.21079E-3 1.17046E-3 1.16003E-3 1.16776E-3 1.10895E-3 1.15017E-3 1.14453E-3 1.13716E-3
5.51101E-4 5.48594E-4 5.91709E-4 5.53466E-4 5.42464E-4 5.46007E-4 6.15673E-4 5.73431E-4 5.47447E-4 5.72852E-4 5.44564E-4 5.03139E-4 4.99585E-4 4.93181E-4 5.31697E-4 5.99098E-4 5.78217E-4 5.19668E-4 6.126E-4 5.82882E-4 5.56464E-4 4.94356E-4 5.00578E-4 5.10262E-4 5.46143E-4 5.62103E-4 5.74221E-4 5.67905E-4 6.02874E-4 6.01812E-4 6.29649E-4 5.61249E-4 5.56128E-4 5.77945E-4 5.10593E-4 5.73447E-4 5.53752E-4 4.84393E-4 4.51131E-4 5.45754E-4 5.68757E-4 5.73191E-4 1.33045E-3 1.23708E-3 1.19374E-3 1.13094E-3 1.09582E-3 4.61999E-4 4.43537E-4 1.08658E-3 4.5378E-4 4.50449E-4 1.20003E-3 1.18291E-3 1.12594E-3 1.19682E-3 1.16305E-3 1.10831E-3 1.10217E-3 4.74331E-4 5.02735E-4
5.87265E-4 6.01293E-4 6.09526E-4 5.66362E-4 5.35141E-4 5.96678E-4 6.6367E-4 1.49293E-3 1.38611E-3 1.32651E-3 1.19552E-3 5.22249E-4 5.18621E-4 5.25898E-4 4.92762E-4 5.70709E-4 6.11161E-4 5.39916E-4 4.90089E-4 5.1205E-4 5.33651E-4 5.05393E-4 5.22412E-4 5.13902E-4 4.82385E-4 4.91716E-4 5.18221E-4 5.25944E-4 5.60866E-4 5.66706E-4 5.66268E-4 5.63733E-4 5.51399E-4 5.18993E-4 5.52992E-4 6.16159E-4 6.18852E-4 1.37874E-3 5.26912E-4 5.5164E-4 4.89544E-4 5.20587E-4 5.79842E-4 6.22398E-4 1.43802E-3 1.32594E-3 5.35992E-4 1.25163E-3 1.15114E-3 1.1921E-3 4.64475E-4 4.80356E-4 1.18935E-3 1.18604E-3 1.15958E-3 1.19778E-3 1.14854E-3 1.12567E-3 4.75871E-4 4.90065E-4 5.35304E-4
5.72286E-4 6.08545E-4 6.10746E-4 6.4328E-4 5.57012E-4 5.67241E-4 5.84784E-4 1.54674E-3 1.46727E-3 5.80066E-4 5.2601E-4 5.22096E-4 5.3665E-4 5.50737E-4 5.65329E-4 5.84984E-4 1.32592E-3 5.54573E-4 5.3157E-4 5.47443E-4 5.65871E-4 5.17979E-4 5.41139E-4 5.67996E-4 4.86318E-4 4.85627E-4 4.86287E-4 4.97205E-4 5.29848E-4 5.35759E-4 5.46921E-4 5.01649E-4 4.92486E-4 4.94305E-4 4.92107E-4 5.63325E-4 6.09452E-4 6.38095E-4 5.82499E-4 5.12044E-4 4.76065E-4 5.09519E-4 5.79591E-4 6.09945E-4 5.96056E-4 6.01266E-4 1.43519E-3 1.391E-3 5.58118E-4 1.34956E-3 1.35452E-3 5.77615E-4 1.31134E-3 1.27127E-3 1.23893E-3 1.2541E-3 1.28872E-3 5.2803E-4 5.00134E-4 4.93135E-4 5.35538E-4
5.90643E-4 5.90204E-4 6.25526E-4 6.13646E-4 6.004E-4 5.72354E-4 5.54518E-4 6.22487E-4 1.45177E-3 1.27231E-3 1.16983E-3 1.1173E-3 5.25194E-4 5.2974E-4 5.89091E-4 5.69243E-4 1.39838E-3 5.66738E-4 5.33597E-4 5.49226E-4 5.61251E-4 6.09901E-4 1.37618E-3 5.38396E-4 5.4049E-4 5.24901E-4 4.97963E-4 5.09102E-4 5.05752E-4 5.18142E-4 6.42202E-4 5.44504E-4 5.41521E-4 5.57565E-4 4.9493E-4 4.9493E-4 5.29709E-4 5.35105E-4 4.84141E-4 4.82754E-4 4.81353E-4 4.60035E-4 4.89225E-4 4.97963E-4 4.97963E-4 5.48485E-4 5.98522E-4 6.12841E-4 6.56882E-4 6.50585E-4 6.16809E-4 6.59343E-4 6.47157E-4 1.52168E-3 6.20152E-4 1.46704E-3 5.69337E-4 5.48264E-4 5.36576E-4 5.239E-4 5.54578E-4
6.35668E-4 6.527E-4 1.53394E-3 1.46769E-3 6.11859E-4 5.69735E-4 5.66571E-4 6.33914E-4 1.38952E-3 1.27729E-3 5.39945E-4 5.45319E-4 5.5306E-4 5.2403E-4 6.10746E-4 1.47725E-3 5.85068E-4 6.05644E-4 6.18805E-4 6.55314E-4 6.28967E-4 5.7824E-4 5.95332E-4 1.29794E-3 5.32176E-4 5.48202E-4 5.82403E-4 5.59802E-4 5.68598E-4 5.375E-4 5.36064E-4 4.90887E-4 5.29244E-4 5.88299E-4 5.19028E-4 5.22286E-4 5.39732E-4 5.17134E-4 5.22836E-4 5.04564E-4 4.94502E-4 4.91308E-4 4.867E-4 4.89225E-4 4.96131E-4 4.98339E-4 5.00182E-4 5.07622E-4 5.46921E-4 5.81091E-4 5.84904E-4 5.95254E-4 6.03519E-4 6.15739E-4 6.11238E-4 5.9793E-4 5.85475E-4 5.30159E-4 5.30595E-4 5.44458E-4 5.69563E-4
5.90605E-4 6.49378E-4 1.4992E-3 6.08557E-4 1.40866E-3 6.00092E-4 5.97538E-4 6.41724E-4 1.40383E-3 1.21149E-3 5.3297E-4 5.2148E-4 5.31093E-4 5.36139E-4 5.34205E-4 6.02112E-4 5.70007E-4 5.60197E-4 5.30232E-4 6.17845E-4 7.0711E-4 1.57855E-3 1.41633E-3 6.28279E-4 1.45419E-3 1.39381E-3 5.85869E-4 6.25988E-4 6.04107E-4 5.9111E-4 5.76978E-4 5.83354E-4 5.9761E-4 1.37465E-3 5.91342E-4 5.26143E-4 5.35919E-4 5.32678E-4 6.01673E-4 5.4638E-4 5.21143E-4 5.32655E-4 5.29969E-4 4.92523E-4 5.14867E-4 5.02685E-4 4.97963E-4 4.96861E-4 5.02401E-4 5.39737E-4 5.43329E-4 5.4534E-4 5.48942E-4 5.46921E-4 5.50971E-4 5.16665E-4 5.40901E-4 5.07228E-4 5.429E-4 5.63864E-4 5.39478E-4
6.15783E-4 6.17337E-4 1.45681E-3 1.3698E-3 5.6693E-4 5.83661E-4 5.90361E-4 1.60673E-3 1.46678E-3 1.42888E-3 1.24895E-3 1.18682E-3 5.17877E-4 5.1807E-4 5.62904E-4 5.29864E-4 5.61462E-4 5.61081E-4 5.30232E-4 5.42853E-4 5.62946E-4 6.55933E-4 1.52327E-3 5.9092E-4 5.63289E-4 5.70111E-4 5.26221E-4 6.07083E-4 6.12278E-4 5.96891E-4 5.95391E-4 6.7037E-4 1.55494E-3 1.50701E-3 1.36152E-3 1.45066E-3 1.38866E-3 5.68213E-4 5.47673E-4 5.8287E-4 5.37622E-4 5.61807E-4 5.50964E-4 5.23689E-4 5.36393E-4 5.30706E-4 4.9717E-4 4.94673E-4 4.96861E-4 5.35759E-4 5.4534E-4 5.2091E-4 5.49384E-4 5.48942E-4 5.55051E-4 5.54582E-4 5.46468E-4 5.20053E-4 6.07814E-4 6.30466E-4 1.4905E-3
1.53613E-3 1.46213E-3 1.50464E-3 1.50346E-3 6.25392E-4 5.69571E-4 5.91169E-4 6.74583E-4 1.46405E-3 1.33114E-3 1.30148E-3 5.30291E-4 1.29258E-3 5.68104E-4 1.36588E-3 1.37342E-3 5.42894E-4 5.64565E-4 5.82767E-4 5.42853E-4 5.46891E-4 5.65434E-4 6.5663E-4 1.60125E-3 1.47012E-3 6.05155E-4 5.9328E-4 6.07854E-4 5.58374E-4 5.23504E-4 6.4744E-4 1.60939E-3 1.54529E-3 5.73492E-4 5.34654E-4 6.17284E-4 7.06438E-4 6.68488E-4 1.60012E-3 1.48813E-3 1.43374E-3 1.37384E-3 5.63272E-4 5.43144E-4 5.27596E-4 5.61843E-4 5.30207E-4 4.9717E-4 4.92486E-4 5.03888E-4 5.16665E-4 5.16665E-4 5.10982E-4 5.16665E-4 5.20053E-4 5.18142E-4 5.56139E-4 6.01165E-4 1.71405E-3 1.63914E-3 6.36408E-4
1.58142E-3 1.61829E-3 1.48871E-3 1.48018E-3 5.94996E-4 5.77008E-4 6.21273E-4 1.62095E-3 1.57329E-3 1.44524E-3 1.40285E-3 1.36143E-3 5.8151E-4 1.38369E-3 6.15234E-4 1.50904E-3 1.44422E-3 6.0192E-4 5.77073E-4 5.41732E-4 5.44868E-4 5.26308E-4 5.60866E-4 6.39483E-4 1.62714E-3 1.33304E-3 5.76259E-4 5.33933E-4 5.42019E-4 5.41541E-4 6.51301E-4 1.54515E-3 6.13002E-4 5.92491E-4 5.42903E-4 5.52992E-4 6.01812E-4 6.28676E-4 6.16763E-4 6.41829E-4 1.55002E-3 1.60691E-3 1.46439E-3 1.33015E-3 5.68272E-4 5.39108E-4 5.26143E-4 5.36954E-4 5.40525E-4 5.37555E-4 5.13902E-4 5.21518E-4 6.13847E-4 6.05744E-4 5.94781E-4 5.44871E-4 5.09691E-4 6.26464E-4 1.66727E-3 6.32754E-4 6.83811E-4
1.60135E-3 1.5516E-3 1.53907E-3 1.42075E-3 6.42186E-4 6.45185E-4 6.69369E-4 1.60942E-3 1.57552E-3 1.59492E-3 1.60931E-3 1.55928E-3 6.17493E-4 6.69673E-4 1.65007E-3 1.52563E-3 6.45395E-4 5.72193E-4 5.51784E-4 6.26355E-4 5.80094E-4 5.1939E-4 5.48166E-4 6.03869E-4 7.12525E-4 1.58659E-3 1.5142E-3 5.90101E-4 5.49697E-4 5.61022E-4 5.02731E-4 5.71627E-4 4.79216E-4 5.07645E-4 4.867E-4 5.51399E-4 6.20274E-4 1.61026E-3 1.61707E-3 6.23536E-4 6.57679E-4 6.86882E-4 1.66794E-3 1.5179E-3 1.41866E-3 5.79104E-4 1.47458E-3 1.46111E-3 5.6114E-4 5.84733E-4 5.28269E-4 5.4597E-4 6.55408E-4 1.51007E-3 5.55702E-4 5.44857E-4 5.21529E-4 4.98144E-4 5.51053E-4 5.37073E-4 6.07717E-4
6.43265E-4 6.98044E-4 1.73941E-3 1.58997E-3 6.33787E-4 5.89539E-4 5.8905E-4 6.15832E-4 7.31742E-4 1.74713E-3 1.70626E-3 1.71619E-3 6.88452E-4 7.34371E-4 1.66131E-3 1.61261E-3 1.52341E-3 5.89251E-4 5.95583E-4 5.75422E-4 5.96806E-4 5.81614E-4 5.35373E-4 5.54568E-4 6.90404E-4 6.17511E-4 6.61742E-4 1.58097E-3 6.42353E-4 5.91338E-4 5.76305E-4 5.36614E-4 6.39625E-4 6.02023E-4 5.50033E-4 4.89506E-4 5.39048E-4 6.58526E-4 5.17259E-4 4.99053E-4 5.59196E-4 6.19546E-4 1.63218E-3 1.66514E-3 1.56273E-3 1.5854E-3 1.61167E-3 1.57402E-3 6.09045E-4 5.73544E-4 5.37178E-4 6.02751E-4 1.57335E-3 1.61781E-3 6.12922E-4 5.53048E-4 5.23913E-4 5.26829E-4 5.26829E-4 6.34268E-4 1.77281E-3
6.24289E-4 5.9865E-4 1.64162E-3 1.56019E-3 1.43573E-3 6.43265E-4 6.54158E-4 6.03497E-4 6.1085E-4 6.4977E-4 6.8189E-4 7.06022E-4 6.78536E-4 6.8189E-4 6.91932E-4 1.73773E-3 1.68165E-3 1.47676E-3 1.34703E-3 5.55E-4 5.74507E-4 5.73804E-4 5.66621E-4 5.70777E-4 5.9041E-4 6.46987E-4 6.41021E-4 1.48308E-3 1.50404E-3 1.39818E-3 5.64729E-4 5.54416E-4 5.39557E-4 6.81669E-4 6.40657E-4 5.72791E-4 6.16541E-4 5.93328E-4 5.22E-4 5.06003E-4 5.09728E-4 5.89556E-4 6.63331E-4 6.37301E-4 6.16765E-4 5.83338E-4 5.73544E-4 5.96202E-4 1.60989E-3 1.65872E-3 5.90878E-4 5.57116E-4 5.48376E-4 5.94627E-4 6.54138E-4 6.24128E-4 5.8052E-4 5.55702E-4 5.23913E-4 6.01955E-4 6.92941E-4
1.49926E-3 6.05397E-4 1.73E-3 1.43067E-3 5.93818E-4 6.51078E-4 6.69369E-4 5.95636E-4 6.01446E-4 5.99998E-4 5.71626E-4 6.56777E-4 6.31161E-4 6.67867E-4 7.13217E-4 1.69103E-3 1.73782E-3 1.51903E-3 1.40771E-3 1.37265E-3 1.28913E-3 1.15724E-3 5.28243E-4 5.68629E-4 5.61251E-4 1.6098E-3 1.62427E-3 1.52415E-3 1.52072E-3 1.53806E-3 1.41699E-3 6.26375E-4 4.69744E-4 1.60641E-3 1.47351E-3 1.38627E-3 5.92023E-4 5.70001E-4 5.72748E-4 5.93256E-4 5.56946E-4 5.19587E-4 5.03253E-4 5.19587E-4 1.6536E-3 1.72853E-3 6.6752E-4 5.49079E-4 5.30138E-4 1.64091E-3 1.70749E-3 1.6833E-3 1.47501E-3 5.61174E-4 5.72144E-4 6.18776E-4 5.73544E-4 5.33868E-4 5.30554E-4 5.30554E-4 6.3726E-4
6.25328E-4 6.2085E-4 1.66453E-3 1.52506E-3 6.47728E-4 6.40281E-4 6.11421E-4 6.0211E-4 6.14623E-4 6.10199E-4 5.7095E-4 5.79961E-4 5.88418E-4 5.94108E-4 6.97964E-4 1.71298E-3 1.73152E-3 1.60997E-3 1.38864E-3 1.26451E-3 1.22959E-3 1.15003E-3 5.07247E-4 5.46896E-4 5.13511E-4 6.25806E-4 1.6844E-3 1.62951E-3 6.37775E-4 1.67999E-3 5.80554E-4 5.94502E-4 5.72791E-4 6.04133E-4 6.59359E-4 1.61756E-3 1.54799E-3 1.49667E-3 1.42126E-3 6.29591E-4 6.24626E-4 1.46865E-3 5.57116E-4 4.97303E-4 5.56345E-4 6.71866E-4 1.60407E-3 1.53092E-3 5.89552E-4 5.72144E-4 5.52441E-4 6.27195E-4 1.63865E-3 1.63865E-3 1.60588E-3 1.59931E-3 6.43296E-4 5.98343E-4 6.22704E-4 5.96926E-4 1.7473E-3
1.57831E-3 1.55721E-3 1.50628E-3 1.48838E-3 6.41031E-4 6.44476E-4 6.00532E-4 5.70882E-4 6.28715E-4 6.8058E-4 1.72093E-3 6.64553E-4 6.71785E-4 1.77468E-3 1.72499E-3 1.66158E-3 1.80059E-3 1.69505E-3 1.40408E-3 1.28986E-3 1.26343E-3 1.24469E-3 5.6402E-4 5.41859E-4 5.55564E-4 5.5044E-4 1.61803E-3 5.85869E-4 6.17453E-4 1.54518E-3 4.9457E-4 6.48187E-4 1.64707E-3 1.46482E-3 5.81145E-4 6.11251E-4 1.68904E-3 1.49049E-3 6.02981E-4 1.5779E-3 1.47458E-3 1.50701E-3 6.25442E-4 5.55797E-4 5.36589E-4 5.46222E-4 5.93471E-4 1.47394E-3 5.59733E-4 5.26393E-4 5.34693E-4 5.09384E-4 5.31436E-4 5.81089E-4 5.83193E-4 6.02957E-4 5.81089E-4 5.68013E-4 5.63911E-4 6.47972E-4 6.61274E-4
1.71049E-3 1.66021E-3 1.62912E-3 1.71092E-3 1.75877E-3 6.61487E-4 6.09721E-4 6.825E-4 6.31522E-4 5.75008E-4 6.28715E-4 6.55573E-4 6.91932E-4 7.00897E-4 1.68497E-3 1.71622E-3 1.59253E-3 1.66868E-3 1.41855E-3 1.15529E-3 4.95962E-4 5.63074E-4 5.43225E-4 5.51784E-4 1.75365E-3 1.54507E-3 6.11646E-4 5.74776E-4 1.39862E-3 1.32501E-3 5.49697E-4 1.67684E-3 1.56979E-3 6.67888E-4 6.49898E-4 1.55847E-3 1.51986E-3 6.49898E-4 1.67365E-3 1.64464E-3 1.62135E-3 1.559E-3 1.52032E-3 1.56173E-3 1.57855E-3 1.61681E-3 1.54475E-3 1.52062E-3 1.55342E-3 5.99073E-4 6.09882E-4 1.61533E-3 1.5069E-3 1.44845E-3 1.34988E-3 1.4175E-3 5.81928E-4 5.87796E-4 5.55706E-4 6.10816E-4 6.3186E-4
1.73688E-3 1.8148E-3 1.69616E-3 7.24434E-4 1.92671E-3 1.81202E-3 1.78088E-3 1.85885E-3 1.75002E-3 1.71914E-3 7.23909E-4 7.34371E-4 5.75008E-4 6.39265E-4 1.83638E-3 1.57539E-3 1.59779E-3 1.45305E-3 1.26966E-3 1.14805E-3 5.26177E-4 5.81998E-4 5.01618E-4 7.19446E-4 1.75893E-3 1.71063E-3 1.57073E-3 1.3645E-3 1.29061E-3 5.61589E-4 6.35724E-4 6.45799E-4 6.32314E-4 1.65881E-3 5.72582E-4 6.10831E-4 1.48516E-3 5.85869E-4 5.89598E-4 1.4437E-3 1.55033E-3 1.69205E-3 1.67422E-3 1.56707E-3 1.49823E-3 6.06856E-4 1.68848E-3 1.67685E-3 1.64437E-3 1.59257E-3 6.11456E-4 1.55033E-3 1.6287E-3 1.45682E-3 5.8215E-4 1.50476E-3 1.33168E-3 1.35476E-3 5.75879E-4 1.7133E-3 1.59847E-3
7.11102E-4 1.93369E-3 1.81984E-3 6.64193E-4 1.75264E-3 7.74626E-4 1.93055E-3 1.9763E-3 1.70369E-3 6.3468E-4 1.85555E-3 1.88986E-3 1.60673E-3 6.65027E-4 1.67079E-3 1.47575E-3 1.41914E-3 1.37536E-3 1.14693E-3 1.12539E-3 5.6211E-4 5.56336E-4 5.50535E-4 1.81416E-3 1.71242E-3 1.72379E-3 1.53167E-3 1.3948E-3 5.98813E-4 5.3169E-4 6.99041E-4 6.40601E-4 1.67249E-3 1.60679E-3 1.50649E-3 6.47484E-4 1.58979E-3 1.59788E-3 1.60974E-3 1.60632E-3 6.64092E-4 1.66972E-3 1.59184E-3 1.6492E-3 1.7598E-3 6.14304E-4 6.68427E-4 1.51443E-3 6.19254E-4 6.02112E-4 1.61786E-3 1.6012E-3 1.65268E-3 1.50501E-3 1.44933E-3 1.45141E-3 1.39239E-3 1.30703E-3 5.81851E-4 1.50984E-3 1.6976E-3
6.24623E-4 1.82893E-3 1.98261E-3 1.81292E-3 6.24559E-4 6.39265E-4 7.41976E-4 1.86222E-3 7.09122E-4 6.47101E-4 1.81601E-3 1.906E-3 1.81268E-3 1.77097E-3 1.73991E-3 1.59084E-3 1.46314E-3 1.24591E-3 1.13325E-3 4.90356E-4 5.79157E-4 5.05312E-4 6.06352E-4 1.78843E-3 1.6919E-3 1.76518E-3 1.589E-3 1.32591E-3 5.65833E-4 5.03632E-4 1.70058E-3 1.84937E-3 1.59526E-3 1.55895E-3 1.60366E-3 1.67399E-3 1.81987E-3 1.81101E-3 1.75678E-3 6.80602E-4 6.53688E-4 1.85958E-3 1.77617E-3 1.66372E-3 5.53109E-4 7.00543E-4 1.77818E-3 1.66125E-3 1.53174E-3 5.81265E-4 1.49049E-3 1.74989E-3 1.77514E-3 1.50151E-3 1.49978E-3 1.4636E-3 1.51724E-3 1.37473E-3 1.37673E-3 1.55346E-3 1.71306E-3
6.80386E-4 6.69369E-4 6.27919E-4 7.13596E-4 6.2986E-4 1.81601E-3 6.324E-4 6.58865E-4 6.42455E-4 6.51781E-4 7.43105E-4 2.08023E-3 1.84296E-3 1.86281E-3 1.89856E-3 1.62425E-3 1.4035E-3 1.26773E-3 1.17915E-3 1.18762E-3 5.95711E-4 5.55082E-4 5.50531E-4 1.81101E-3 1.82896E-3 1.71668E-3 1.41264E-3 1.40539E-3 5.88416E-4 5.45452E-4 6.58245E-4 1.85288E-3 1.89673E-3 1.8428E-3 1.73245E-3 6.74649E-4 6.93766E-4 1.79684E-3 1.97032E-3 1.77612E-3 5.92334E-4 6.88719E-4 1.82552E-3 1.8132E-3 6.64817E-4 6.7787E-4 7.06662E-4 1.70751E-3 1.64184E-3 1.58127E-3 1.42386E-3 1.47797E-3 1.53265E-3 1.53499E-3 1.4149E-3 1.49116E-3 1.66196E-3 1.53167E-3 1.37297E-3 5.90371E-4 1.68761E-3
1.83293E-3 1.85915E-3 6.31646E-4 5.97898E-4 6.35621E-4 6.49944E-4 6.53218E-4 6.50871E-4 6.51781E-4 6.09111E-4 6.20177E-4 6.54134E-4 6.61243E-4 1.71547E-3 1.92607E-3 1.51238E-3 1.34476E-3 1.37469E-3 1.33004E-3 1.35588E-3 6.0192E-4 5.5434E-4 5.16132E-4 1.80455E-3 1.85665E-3 1.62244E-3 1.33955E-3 1.40869E-3 6.34046E-4 5.01062E-4 6.70663E-4 1.9172E-3 1.89961E-3 1.80736E-3 7.07397E-4 5.7482E-4 6.38264E-4 6.97678E-4 6.74696E-4 6.01081E-4 5.79481E-4 5.40891E-4 6.7218E-4 1.71502E-3 5.67327E-4 1.86358E-3 1.65641E-3 1.62982E-3 1.64448E-3 1.60968E-3 1.61548E-3 1.72461E-3 1.67287E-3 1.52357E-3 1.51483E-3 6.26116E-4 1.72029E-3 1.47718E-3 1.44548E-3 1.48862E-3 1.67824E-3
