Artocarpus heterophyllus SDM files/MIS19/results (without bias file)/Arthet_median.asc
ncols         625
nrows         721
xllcorner     69.99986311115
yllcorner     5.99986187915
cellsize      0.041666667
NODATA_value  -9999
[rows 297 to 323 of 721, columns 427 to 487 of 625]
2.58803E-1 2.6875E-1 2.66632E-1 2.64738E-1 2.63381E-1 2.63569E-1 2.63756E-1 2.75564E-1 2.73594E-1 2.72114E-1 2.83695E-1 2.81815E-1 2.93807E-1 3.05338E-1 3.01428E-1 3.14398E-1 3.13958E-1 3.29032E-1 3.25819E-1 3.37341E-1 3.49935E-1 3.45805E-1 3.58699E-1 3.58827E-1 3.73764E-1 3.72181E-1 3.74246E-1 3.92589E-1 3.9328E-1 3.94026E-1 3.96253E-1 4.18565E-1 4.22671E-1 4.45741E-1 4.51125E-1 4.49453E-1 4.51212E-1 4.7176E-1 4.71644E-1 4.94778E-1 4.94541E-1 4.95982E-1 5.15092E-1 5.1618E-1 5.2231E-1 5.41319E-1 5.42051E-1 5.68456E-1 5.69619E-1 5.67118E-1 5.68229E-1 5.69672E-1 5.70054E-1 5.91236E-1 5.91437E-1 5.90308E-1 5.91404E-1 5.91527E-1 5.90643E-1 5.90953E-1 5.72628E-1
2.69616E-1 2.67723E-1 2.66443E-1 2.63623E-1 2.64509E-1 2.78936E-1 2.78719E-1 2.74123E-1 2.74483E-1 2.86522E-1 2.82847E-1 2.93495E-1 2.93633E-1 3.07283E-1 3.0406E-1 3.14137E-1 3.14112E-1 3.26409E-1 3.23409E-1 3.32764E-1 3.48875E-1 3.47756E-1 3.5837E-1 3.60386E-1 3.6093E-1 3.73955E-1 3.75377E-1 3.93035E-1 3.90416E-1 4.10318E-1 4.13294E-1 4.17022E-1 4.20725E-1 4.44618E-1 4.50253E-1 4.52742E-1 4.52744E-1 4.72493E-1 4.72337E-1 4.93069E-1 4.97482E-1 4.96704E-1 5.1638E-1 5.1803E-1 5.18804E-1 5.41677E-1 5.46086E-1 5.47614E-1 5.72037E-1 5.73109E-1 5.71512E-1 5.84457E-1 5.6917E-1 5.7273E-1 5.765E-1 5.77379E-1 5.93897E-1 5.73123E-1 5.93646E-1 5.7448E-1 5.73361E-1
2.66338E-1 2.65586E-1 2.64461E-1 2.75645E-1 2.77588E-1 2.76076E-1 2.7543E-1 2.72835E-1 2.84306E-1 2.83179E-1 2.81595E-1 2.94518E-1 2.91222E-1 3.04907E-1 3.04134E-1 3.16167E-1 3.12914E-1 3.27527E-1 3.23277E-1 3.32969E-1 3.33121E-1 3.47939E-1 3.58144E-1 3.59968E-1 3.76464E-1 3.73083E-1 3.73349E-1 3.91245E-1 3.95511E-1 4.12723E-1 4.16766E-1 4.18498E-1 4.21483E-1 4.47414E-1 4.48203E-1 4.53895E-1 4.55385E-1 4.72457E-1 4.75514E-1 4.76013E-1 4.98538E-1 4.97524E-1 4.98888E-1 5.18879E-1 5.21329E-1 5.4137E-1 5.46924E-1 5.50577E-1 5.52989E-1 5.76111E-1 5.74897E-1 5.75115E-1 5.94168E-1 5.92306E-1 5.75076E-1 5.75733E-1 5.78717E-1 5.95302E-1 5.75679E-1 5.75003E-1 5.77099E-1
2.62181E-1 2.6121E-1 2.74717E-1 2.74642E-1 2.73352E-1 2.7333E-1 2.73352E-1 2.85688E-1 2.85222E-1 2.83232E-1 2.92306E-1 2.92215E-1 3.06306E-1 3.02902E-1 3.02033E-1 3.1405E-1 3.12526E-1 3.26325E-1 3.23959E-1 3.35791E-1 3.46087E-1 3.45185E-1 3.5854E-1 3.60262E-1 3.75347E-1 3.72429E-1 3.89016E-1 3.92814E-1 3.95812E-1 3.97016E-1 4.15334E-1 4.22007E-1 4.24181E-1 4.27423E-1 4.49261E-1 4.54041E-1 4.56218E-1 4.75913E-1 4.78507E-1 4.79262E-1 4.81305E-1 4.9811E-1 5.02641E-1 5.20842E-1 5.22105E-1 5.2577E-1 5.46724E-1 5.5176E-1 5.5308E-1 5.76957E-1 5.77876E-1 5.78074E-1 5.78213E-1 5.96271E-1 5.76248E-1 5.77609E-1 5.77219E-1 5.80195E-1 5.79975E-1 5.79375E-1 5.80628E-1
3.89495E-1 3.97658E-1 2.74665E-1 2.74025E-1 2.73999E-1 2.72406E-1 2.70932E-1 2.81769E-1 2.78653E-1 2.81616E-1 2.94164E-1 3.06896E-1 3.04759E-1 3.05159E-1 3.13719E-1 3.1355E-1 3.26155E-1 3.25591E-1 3.2421E-1 3.36111E-1 3.49032E-1 3.4811E-1 3.6332E-1 3.59666E-1 3.77642E-1 3.77737E-1 3.78129E-1 3.95832E-1 3.97456E-1 4.00601E-1 4.03161E-1 4.20546E-1 4.2552E-1 4.29266E-1 4.48652E-1 4.5314E-1 4.57892E-1 4.59687E-1 4.80492E-1 4.78638E-1 4.97852E-1 5.02736E-1 5.01461E-1 5.02705E-1 5.22704E-1 5.24541E-1 5.27883E-1 5.49244E-1 5.51768E-1 5.56E-1 5.59687E-1 5.78896E-1 5.78541E-1 5.7861E-1 5.79449E-1 5.77645E-1 5.78514E-1 5.79558E-1 5.79928E-1 5.82628E-1 5.83985E-1
4.11324E-1 4.0898E-1 2.75895E-1 2.74133E-1 2.86424E-1 2.8554E-1 2.8222E-1 2.80501E-1 2.9469E-1 2.94304E-1 2.92705E-1 3.06813E-1 3.0747E-1 3.03091E-1 3.13884E-1 3.1309E-1 3.25514E-1 3.26074E-1 3.22322E-1 3.36868E-1 3.37181E-1 3.47759E-1 3.64631E-1 3.69331E-1 3.6578E-1 3.81073E-1 3.83495E-1 3.97552E-1 4.0038E-1 3.98866E-1 4.0135E-1 4.22018E-1 4.24894E-1 4.29598E-1 4.50185E-1 4.51283E-1 4.57555E-1 4.5997E-1 4.60425E-1 4.79993E-1 4.81905E-1 4.85244E-1 5.02514E-1 5.03712E-1 5.23296E-1 5.25696E-1 5.252E-1 5.46648E-1 5.52112E-1 5.56848E-1 5.58965E-1 5.78314E-1 5.79423E-1 5.81874E-1 5.82453E-1 5.99147E-1 5.78936E-1 5.78502E-1 5.78952E-1 5.79882E-1 5.80274E-1
4.05075E-1 3.97293E-1 3.99934E-1 2.72804E-1 2.85242E-1 2.83922E-1 2.82825E-1 2.8045E-1 2.97344E-1 2.92604E-1 2.89245E-1 3.02886E-1 3.07404E-1 3.20907E-1 3.15321E-1 3.1309E-1 3.27531E-1 3.26509E-1 3.25755E-1 3.37625E-1 3.35011E-1 3.51659E-1 3.68427E-1 3.68004E-1 3.71048E-1 3.84358E-1 3.85021E-1 3.84612E-1 3.97739E-1 4.04012E-1 4.04908E-1 4.08765E-1 4.2912E-1 4.29119E-1 4.32842E-1 4.53762E-1 4.55261E-1 4.59905E-1 4.62826E-1 4.62649E-1 4.81374E-1 4.85149E-1 4.84362E-1 5.03381E-1 5.06589E-1 5.26137E-1 5.2957E-1 5.48714E-1 5.51781E-1 5.54411E-1 5.59721E-1 5.80252E-1 5.82006E-1 5.83773E-1 5.83634E-1 5.8417E-1 5.85476E-1 5.83828E-1 5.8403E-1 5.85074E-1 5.83653E-1
3.89455E-1 3.9196E-1 3.9048E-1 4.09617E-1 2.80026E-1 2.79372E-1 2.7872E-1 2.94476E-1 2.93608E-1 2.91821E-1 3.0444E-1 3.04839E-1 3.05287E-1 3.01225E-1 3.17274E-1 3.13712E-1 3.26641E-1 3.23672E-1 3.21991E-1 3.3817E-1 3.38115E-1 3.52995E-1 3.5591E-1 3.68994E-1 3.70251E-1 3.86201E-1 3.86107E-1 3.87884E-1 4.06946E-1 4.06043E-1 4.09468E-1 4.0938E-1 4.10122E-1 4.32832E-1 4.35156E-1 4.36907E-1 4.54267E-1 4.58175E-1 4.61039E-1 4.61177E-1 4.81304E-1 4.84134E-1 4.85477E-1 5.03762E-1 5.07303E-1 5.09739E-1 5.29339E-1 5.32106E-1 5.55498E-1 5.57315E-1 5.61157E-1 5.61871E-1 5.83674E-1 5.8472E-1 5.85465E-1 5.86117E-1 5.8636E-1 5.86411E-1 5.87299E-1 5.86767E-1 5.8712E-1
3.96723E-1 4.14256E-1 4.10603E-1 4.06969E-1 2.98014E-1 2.96647E-1 2.95742E-1 2.94388E-1 3.05653E-1 3.04957E-1 3.04901E-1 3.02465E-1 3.17148E-1 3.16441E-1 3.15517E-1 3.28511E-1 3.26379E-1 3.27249E-1 3.4022E-1 3.41268E-1 3.43707E-1 3.57744E-1 3.56521E-1 3.73439E-1 3.71567E-1 3.73247E-1 3.93717E-1 3.92741E-1 4.10753E-1 4.08248E-1 4.11073E-1 4.11281E-1 4.12176E-1 4.14728E-1 4.36046E-1 4.37151E-1 4.39998E-1 4.3816E-1 4.62397E-1 4.63353E-1 4.65425E-1 4.64956E-1 4.8634E-1 4.87335E-1 5.05324E-1 5.09938E-1 5.28977E-1 5.3057E-1 5.36271E-1 5.58862E-1 5.62833E-1 5.64901E-1 5.64179E-1 5.86124E-1 5.87278E-1 5.87656E-1 5.87787E-1 5.87979E-1 5.89E-1 5.89191E-1 5.89218E-1
4.11214E-1 4.08654E-1 4.09089E-1 4.27969E-1 4.24658E-1 2.95926E-1 2.94106E-1 2.93684E-1 3.08094E-1 3.07632E-1 3.08127E-1 3.16928E-1 3.19308E-1 3.14095E-1 3.32461E-1 3.33304E-1 3.30073E-1 3.28216E-1 3.43718E-1 3.43155E-1 3.42417E-1 3.58127E-1 3.62588E-1 3.76565E-1 3.75883E-1 3.7421E-1 3.9398E-1 3.9429E-1 3.96604E-1 4.16628E-1 4.15563E-1 4.15596E-1 4.16594E-1 4.16742E-1 4.18033E-1 4.22307E-1 4.40643E-1 4.41081E-1 4.42587E-1 4.43904E-1 4.6475E-1 4.6339E-1 4.65773E-1 4.83028E-1 4.86841E-1 5.06427E-1 5.09438E-1 5.14302E-1 5.36373E-1 5.38435E-1 5.41939E-1 5.63613E-1 5.65073E-1 5.65995E-1 5.66468E-1 5.89035E-1 5.88469E-1 5.90363E-1 5.90552E-1 5.69936E-1 5.70777E-1
4.09881E-1 4.17172E-1 4.13352E-1 4.27456E-1 4.23545E-1 4.20982E-1 3.0826E-1 3.09686E-1 3.09188E-1 3.08989E-1 3.22275E-1 3.20003E-1 3.19549E-1 3.32296E-1 3.30505E-1 3.34171E-1 3.35605E-1 3.47319E-1 3.45594E-1 3.47667E-1 3.62336E-1 3.63988E-1 3.64648E-1 3.63938E-1 3.79988E-1 3.81734E-1 3.96364E-1 3.99247E-1 3.98092E-1 3.99371E-1 4.03443E-1 4.00243E-1 4.18606E-1 4.17577E-1 4.1791E-1 4.2054E-1 4.18874E-1 4.39394E-1 4.42355E-1 4.4543E-1 4.43213E-1 4.63186E-1 4.63349E-1 4.66975E-1 4.87212E-1 4.88176E-1 5.07809E-1 5.10913E-1 5.16313E-1 5.38996E-1 5.43294E-1 5.64219E-1 5.65594E-1 5.68443E-1 5.67921E-1 5.68197E-1 5.91156E-1 5.90871E-1 5.71175E-1 5.71438E-1 5.73068E-1
4.12266E-1 4.13507E-1 4.14786E-1 4.29132E-1 4.26737E-1 4.45278E-1 4.43008E-1 4.39561E-1 3.23894E-1 3.23171E-1 3.21197E-1 3.346E-1 3.33764E-1 3.33791E-1 3.33265E-1 3.34513E-1 3.32545E-1 3.464E-1 3.47769E-1 3.48462E-1 3.63857E-1 3.65285E-1 3.67239E-1 3.83924E-1 3.84964E-1 3.85763E-1 3.89302E-1 4.02381E-1 4.05903E-1 4.05606E-1 4.02647E-1 4.03617E-1 4.19612E-1 4.21562E-1 4.20832E-1 4.17967E-1 4.20874E-1 4.20594E-1 4.27169E-1 4.43742E-1 4.42414E-1 4.44378E-1 4.60869E-1 4.68623E-1 4.68758E-1 4.88954E-1 5.08418E-1 5.16164E-1 5.15878E-1 5.39075E-1 5.43112E-1 5.43926E-1 5.67819E-1 5.68296E-1 5.69758E-1 5.68814E-1 5.71015E-1 5.7089E-1 5.71043E-1 5.73614E-1 5.73877E-1
4.32101E-1 4.3147E-1 4.3153E-1 4.33356E-1 4.51911E-1 4.50456E-1 4.45709E-1 4.60645E-1 4.55902E-1 3.22703E-1 3.21676E-1 3.36336E-1 3.38975E-1 3.3612E-1 3.37364E-1 3.50193E-1 3.33985E-1 3.48491E-1 3.5082E-1 3.50794E-1 3.52092E-1 3.66661E-1 3.66576E-1 3.72158E-1 3.8879E-1 3.92948E-1 3.92879E-1 3.94135E-1 3.8695E-1 4.00777E-1 4.04473E-1 4.05377E-1 4.04722E-1 4.06268E-1 4.05741E-1 4.22325E-1 4.21813E-1 4.21902E-1 4.21229E-1 4.23776E-1 4.25212E-1 4.44482E-1 4.47731E-1 4.48376E-1 4.67044E-1 4.71603E-1 4.94411E-1 4.96493E-1 5.1656E-1 5.18685E-1 5.42459E-1 5.46175E-1 5.47469E-1 5.68568E-1 5.6834E-1 5.71197E-1 5.72813E-1 5.7202E-1 5.7378E-1 5.74037E-1 5.7594E-1
4.39798E-1 4.38916E-1 4.53654E-1 4.52634E-1 4.52192E-1 4.49151E-1 4.65045E-1 4.62839E-1 4.58329E-1 3.43825E-1 3.39706E-1 3.39244E-1 3.40277E-1 3.39778E-1 3.53399E-1 3.54067E-1 3.51106E-1 3.47229E-1 3.52666E-1 3.5211E-1 3.68325E-1 3.69942E-1 3.71034E-1 3.73469E-1 3.762E-1 3.75837E-1 3.92224E-1 3.91039E-1 3.9699E-1 4.06674E-1 4.06769E-1 4.07906E-1 4.08098E-1 4.04764E-1 4.03381E-1 4.06399E-1 4.0832E-1 4.0852E-1 4.2266E-1 4.18027E-1 4.26549E-1 4.29094E-1 4.25941E-1 4.44906E-1 4.5206E-1 4.71116E-1 4.72964E-1 4.94266E-1 4.98581E-1 5.18099E-1 5.24008E-1 5.46099E-1 5.47398E-1 5.48133E-1 5.70248E-1 5.7053E-1 5.72382E-1 5.73245E-1 5.75535E-1 5.76008E-1 5.76618E-1
4.37937E-1 4.54088E-1 4.53942E-1 4.51615E-1 4.53065E-1 4.67259E-1 4.6394E-1 4.83892E-1 4.82381E-1 4.81202E-1 3.4606E-1 3.59388E-1 3.57609E-1 3.56057E-1 3.55283E-1 3.56292E-1 3.47054E-1 3.69785E-1 3.53535E-1 3.53179E-1 3.70493E-1 3.71588E-1 3.76479E-1 3.75345E-1 3.79751E-1 3.75922E-1 3.80258E-1 3.92833E-1 3.95625E-1 3.94751E-1 4.06834E-1 4.07498E-1 4.08571E-1 4.05695E-1 4.05451E-1 4.05626E-1 4.05376E-1 4.04719E-1 4.05698E-1 4.21608E-1 4.04824E-1 4.22865E-1 4.25141E-1 4.43213E-1 4.48474E-1 4.55058E-1 4.72788E-1 4.94828E-1 4.96117E-1 5.19924E-1 5.24716E-1 5.25946E-1 5.47114E-1 5.49972E-1 5.51155E-1 5.50826E-1 5.7324E-1 5.75788E-1 5.76402E-1 5.75062E-1 5.58448E-1
4.60325E-1 4.59745E-1 4.53112E-1 4.50162E-1 4.71926E-1 4.69586E-1 4.8713E-1 4.88007E-1 4.8439E-1 4.82946E-1 3.46728E-1 3.62851E-1 3.59923E-1 3.57881E-1 3.57068E-1 3.51818E-1 3.54206E-1 3.53821E-1 3.51441E-1 3.53002E-1 3.54856E-1 3.56983E-1 3.74798E-1 3.72868E-1 3.78313E-1 3.81453E-1 3.81355E-1 3.95531E-1 3.97476E-1 3.9656E-1 3.93497E-1 3.89769E-1 3.8861E-1 3.88619E-1 4.04878E-1 3.85632E-1 4.01794E-1 4.01206E-1 4.08007E-1 4.07842E-1 4.03133E-1 4.05648E-1 4.21188E-1 4.28417E-1 4.33029E-1 4.53146E-1 4.7481E-1 4.75616E-1 4.95124E-1 5.01845E-1 5.24756E-1 5.26503E-1 5.48264E-1 5.50046E-1 5.50335E-1 5.53379E-1 5.55633E-1 5.74571E-1 5.76665E-1 5.58084E-1 5.58584E-1
4.54729E-1 4.77838E-1 4.75337E-1 4.71218E-1 4.73454E-1 4.9136E-1 4.92368E-1 4.90957E-1 4.90194E-1 5.0961E-1 5.0633E-1 3.64556E-1 3.63538E-1 3.74423E-1 3.57284E-1 3.71842E-1 3.57838E-1 3.55952E-1 3.71483E-1 3.55108E-1 3.72E-1 3.57527E-1 3.54923E-1 3.7505E-1 3.78035E-1 3.80751E-1 3.81891E-1 3.76327E-1 3.93792E-1 3.95031E-1 3.90252E-1 3.91241E-1 3.87572E-1 3.87726E-1 3.88996E-1 3.86497E-1 4.04108E-1 3.99653E-1 3.9078E-1 4.08324E-1 4.06188E-1 4.00934E-1 4.0536E-1 4.10557E-1 4.29291E-1 4.52242E-1 4.55241E-1 4.76283E-1 4.7776E-1 4.99474E-1 5.04515E-1 5.25758E-1 5.30986E-1 5.51578E-1 5.50575E-1 5.53386E-1 5.57022E-1 5.59602E-1 5.59738E-1 5.60359E-1 5.60755E-1
4.67452E-1 4.71692E-1 4.69333E-1 4.91119E-1 4.95512E-1 4.93581E-1 5.16839E-1 5.11848E-1 5.12119E-1 5.10897E-1 5.09848E-1 3.65304E-1 3.63296E-1 3.79561E-1 3.79873E-1 3.81001E-1 3.78017E-1 3.7805E-1 3.59603E-1 3.58012E-1 3.58516E-1 3.56731E-1 3.57799E-1 3.60726E-1 3.61597E-1 3.7925E-1 3.79376E-1 3.79517E-1 3.81716E-1 3.77406E-1 3.90095E-1 3.91904E-1 3.92476E-1 3.84891E-1 3.85572E-1 3.84244E-1 3.8794E-1 3.87751E-1 3.85166E-1 3.8657E-1 4.06453E-1 4.03155E-1 4.04814E-1 4.10557E-1 4.29935E-1 4.325E-1 4.5506E-1 4.74282E-1 4.7915E-1 5.02191E-1 5.03623E-1 5.2527E-1 5.2894E-1 5.321E-1 5.51003E-1 5.5547E-1 5.57034E-1 5.60028E-1 5.61117E-1 5.63974E-1 5.64574E-1
4.87124E-1 4.86728E-1 4.8916E-1 4.95982E-1 4.96578E-1 5.15291E-1 5.18835E-1 5.18442E-1 5.12734E-1 5.13372E-1 5.087E-1 3.66854E-1 3.8211E-1 3.8338E-1 3.81759E-1 3.67816E-1 3.6523E-1 3.61907E-1 3.61356E-1 3.57464E-1 3.56354E-1 3.57962E-1 3.59582E-1 3.60568E-1 3.60335E-1 3.61902E-1 3.61785E-1 3.76299E-1 3.77281E-1 3.78541E-1 3.80041E-1 3.91809E-1 3.87478E-1 3.88278E-1 3.85891E-1 3.88747E-1 3.87397E-1 3.84039E-1 3.85705E-1 3.86305E-1 3.86573E-1 4.07025E-1 4.00842E-1 4.06186E-1 4.26417E-1 4.33185E-1 4.55693E-1 4.57925E-1 4.8231E-1 4.84129E-1 5.04958E-1 5.07439E-1 5.28984E-1 5.30391E-1 5.33575E-1 5.54608E-1 5.56608E-1 5.60966E-1 5.62703E-1 5.65101E-1 5.66519E-1
4.93461E-1 5.1336E-1 5.16512E-1 5.13978E-1 5.17406E-1 5.19409E-1 5.22431E-1 5.25103E-1 5.40656E-1 5.31993E-1 5.27968E-1 5.32307E-1 3.89998E-1 3.87961E-1 3.83849E-1 3.67279E-1 3.60792E-1 3.62912E-1 3.60783E-1 3.61134E-1 3.62633E-1 3.60523E-1 3.59438E-1 3.61393E-1 3.6222E-1 3.60297E-1 3.64974E-1 3.78612E-1 3.78652E-1 3.80388E-1 3.77763E-1 3.78554E-1 3.8906E-1 3.86479E-1 3.87746E-1 3.87887E-1 3.88852E-1 3.87518E-1 3.87009E-1 3.87344E-1 3.87644E-1 4.07244E-1 4.06162E-1 4.0668E-1 4.26961E-1 4.30731E-1 4.53722E-1 4.58588E-1 4.82259E-1 4.84026E-1 5.05136E-1 5.0756E-1 5.29182E-1 5.32171E-1 5.37093E-1 5.36828E-1 5.3968E-1 5.61723E-1 5.64836E-1 5.64931E-1 5.46901E-1
5.16604E-1 5.16284E-1 5.16812E-1 5.19096E-1 5.16142E-1 5.19665E-1 5.42173E-1 5.45157E-1 5.41875E-1 5.43576E-1 5.43328E-1 5.47406E-1 5.41577E-1 3.87071E-1 3.69103E-1 3.63429E-1 3.61286E-1 3.62527E-1 3.65759E-1 3.65914E-1 3.65197E-1 3.63023E-1 3.61919E-1 3.62248E-1 3.60704E-1 3.61232E-1 3.59319E-1 3.60379E-1 3.61198E-1 3.77382E-1 3.76942E-1 3.76092E-1 3.75478E-1 3.71432E-1 3.90555E-1 3.8948E-1 3.88702E-1 3.91755E-1 3.89139E-1 3.89475E-1 3.90572E-1 4.06119E-1 4.11172E-1 4.2515E-1 4.26852E-1 4.32384E-1 4.51323E-1 4.5808E-1 4.825E-1 4.8494E-1 5.06157E-1 5.08689E-1 5.30061E-1 5.33154E-1 5.38534E-1 5.38472E-1 5.41453E-1 5.4305E-1 5.45326E-1 5.46534E-1 5.47976E-1
5.17136E-1 5.17963E-1 5.18925E-1 5.38388E-1 5.40427E-1 5.37847E-1 5.43311E-1 5.42036E-1 5.43884E-1 5.41942E-1 5.4567E-1 5.46273E-1 5.37546E-1 3.9087E-1 3.6828E-1 3.66919E-1 3.67475E-1 3.67501E-1 3.66732E-1 3.64262E-1 3.65879E-1 3.60702E-1 3.62713E-1 3.62992E-1 3.61853E-1 3.62992E-1 3.57139E-1 3.62235E-1 3.63593E-1 3.63246E-1 3.75483E-1 3.76925E-1 3.77611E-1 3.76693E-1 3.91157E-1 3.93031E-1 3.86508E-1 3.90903E-1 3.90183E-1 3.93499E-1 3.9302E-1 4.10755E-1 4.1021E-1 4.12752E-1 4.32571E-1 4.35351E-1 4.56051E-1 4.58263E-1 4.83539E-1 4.84933E-1 5.06261E-1 5.09172E-1 5.13663E-1 5.34585E-1 5.39553E-1 5.40674E-1 5.43718E-1 5.45374E-1 5.47432E-1 5.48682E-1 5.50154E-1
5.10259E-1 5.29646E-1 5.34594E-1 5.33807E-1 5.39734E-1 5.35877E-1 5.43987E-1 5.44375E-1 5.43848E-1 5.44496E-1 5.46446E-1 5.3961E-1 5.35733E-1 3.72574E-1 3.71907E-1 3.70654E-1 3.71833E-1 3.68796E-1 3.697E-1 3.51674E-1 3.66326E-1 3.47822E-1 3.4936E-1 3.49436E-1 3.63911E-1 3.64909E-1 3.605E-1 3.60242E-1 3.60793E-1 3.63973E-1 3.79552E-1 3.73966E-1 3.74889E-1 3.78427E-1 3.95111E-1 3.95296E-1 3.91341E-1 3.94706E-1 3.93696E-1 4.10614E-1 4.11787E-1 4.14334E-1 4.28564E-1 4.29717E-1 4.3216E-1 4.56466E-1 4.60856E-1 4.8159E-1 4.83395E-1 4.85997E-1 5.0628E-1 5.11297E-1 5.1464E-1 5.18827E-1 5.43694E-1 5.44255E-1 5.45734E-1 5.47185E-1 5.48385E-1 5.50147E-1 5.52433E-1
5.28353E-1 5.31288E-1 5.30229E-1 5.31439E-1 5.37E-1 5.39126E-1 5.37892E-1 5.43456E-1 5.41813E-1 5.42268E-1 5.38552E-1 5.46864E-1 5.41592E-1 3.71632E-1 3.72963E-1 3.72695E-1 3.70573E-1 3.70663E-1 3.52629E-1 3.51373E-1 3.52443E-1 3.51505E-1 3.50526E-1 3.50444E-1 3.50608E-1 3.49904E-1 3.62566E-1 3.61255E-1 3.6262E-1 3.62943E-1 3.64173E-1 3.77169E-1 3.74111E-1 3.76383E-1 3.77699E-1 3.9505E-1 3.93603E-1 3.96306E-1 3.9583E-1 4.12724E-1 4.13668E-1 4.13401E-1 4.33824E-1 4.33724E-1 4.37115E-1 4.57256E-1 4.61138E-1 4.82689E-1 4.84616E-1 4.86004E-1 4.90509E-1 5.13691E-1 5.17299E-1 5.20994E-1 5.22839E-1 5.43919E-1 5.47495E-1 5.49087E-1 5.49948E-1 5.52558E-1 5.53736E-1
5.26914E-1 5.25046E-1 5.29465E-1 5.29188E-1 5.38355E-1 5.37892E-1 5.34976E-1 5.46067E-1 5.38827E-1 5.34732E-1 5.45679E-1 5.49527E-1 5.41044E-1 3.88745E-1 3.72738E-1 3.70816E-1 3.71782E-1 3.53387E-1 3.51479E-1 3.51273E-1 3.51778E-1 3.51041E-1 3.51393E-1 3.502E-1 3.50289E-1 3.50142E-1 3.49516E-1 3.63245E-1 3.63332E-1 3.62661E-1 3.62852E-1 3.77742E-1 3.76585E-1 3.78626E-1 3.80034E-1 3.96381E-1 3.95909E-1 3.9695E-1 3.9634E-1 4.12891E-1 4.15063E-1 4.15991E-1 4.33718E-1 4.37853E-1 4.39984E-1 4.61448E-1 4.62232E-1 4.83944E-1 4.86821E-1 4.90723E-1 5.10691E-1 5.14935E-1 5.18079E-1 5.22387E-1 5.43958E-1 5.25879E-1 5.48237E-1 5.50604E-1 5.31779E-1 5.53497E-1 5.54849E-1
5.19169E-1 5.22898E-1 5.30491E-1 5.35364E-1 5.33918E-1 5.35105E-1 5.34181E-1 5.3878E-1 5.42996E-1 5.52487E-1 5.50259E-1 5.43229E-1 5.39271E-1 4.21024E-1 4.05889E-1 4.05643E-1 3.54573E-1 3.54158E-1 3.52121E-1 3.52687E-1 3.53305E-1 3.52072E-1 3.51764E-1 3.51716E-1 3.51377E-1 3.49902E-1 3.49902E-1 3.50668E-1 3.63706E-1 3.63475E-1 3.63567E-1 3.65193E-1 3.79688E-1 3.79893E-1 3.80034E-1 3.95693E-1 3.96863E-1 3.97187E-1 4.13758E-1 4.16855E-1 4.17319E-1 4.34429E-1 4.37702E-1 4.40237E-1 4.6003E-1 4.61333E-1 4.62206E-1 4.86988E-1 4.89548E-1 5.10227E-1 5.12005E-1 5.1728E-1 5.21385E-1 5.22883E-1 5.25928E-1 5.27746E-1 5.28872E-1 5.31614E-1 5.33721E-1 5.35232E-1 5.57668E-1
5.44482E-1 5.45342E-1 5.23363E-1 5.46159E-1 5.36646E-1 5.29505E-1 5.35517E-1 5.31585E-1 5.39384E-1 5.3962E-1 5.46689E-1 5.46199E-1 4.2446E-1 4.23198E-1 4.06542E-1 4.03168E-1 3.69367E-1 3.70382E-1 3.53313E-1 3.5204E-1 3.51426E-1 3.51967E-1 3.51381E-1 3.35112E-1 3.51841E-1 3.51157E-1 3.51332E-1 3.50433E-1 3.66645E-1 3.63813E-1 3.64462E-1 3.6459E-1 3.81859E-1 3.82914E-1 3.96818E-1 3.96083E-1 3.97261E-1 3.98439E-1 4.15264E-1 4.17296E-1 4.34023E-1 4.33826E-1 4.38048E-1 4.59046E-1 4.61109E-1 4.62234E-1 4.83127E-1 4.89377E-1 4.92459E-1 5.11085E-1 5.14694E-1 5.20186E-1 5.23174E-1 5.24914E-1 5.26696E-1 5.28178E-1 5.31521E-1 5.33173E-1 5.35329E-1 5.37007E-1 5.40647E-1
