Artocarpus heterophyllus SDM files/MIS19/results (without bias file)/Arthet_2.asc
ncols         625
nrows         721
xllcorner     69.99986311115
yllcorner     5.99986187915
cellsize      0.041666667
NODATA_value  -9999
[rows 378 to 404 of 721, columns 61 to 121 of 625]
-9999 -9999 -9999 -9999 4.30189E-1 4.60499E-1 5.04336E-1 4.73736E-1 4.65203E-1 4.694E-1 4.77847E-1 4.92055E-1 5.85579E-1 6.67905E-1 5.89991E-1 5.56224E-1 6.32213E-1 5.11405E-1 5.07404E-1 5.76802E-1 5.50506E-1 5.86958E-1 5.27845E-1 4.698E-1 3.90858E-1 4.27335E-1 3.71254E-1 2.92719E-1 2.14711E-1 1.81519E-1 1.64904E-1 2.06389E-1 1.84098E-1 1.58684E-1 1.70717E-1 1.55103E-1 1.59059E-1 1.32585E-1 1.46542E-1 1.12731E-1 1.03362E-1 9.32492E-2 9.13538E-2 1.03731E-1 5.94674E-2 6.96772E-2 7.01748E-2 8.19695E-2 8.59612E-2 8.06224E-2 8.41762E-2 8.61167E-2 7.75265E-2 1.01419E-1 1.22409E-1 1.38331E-1 1.49542E-1 1.34438E-1 1.86485E-1 1.47464E-1 1.41831E-1
-9999 -9999 -9999 -9999 4.36086E-1 4.48056E-1 4.79223E-1 4.9427E-1 4.69155E-1 4.53358E-1 5.04424E-1 4.80084E-1 6.27687E-1 6.44029E-1 6.53433E-1 6.83053E-1 6.76299E-1 5.41593E-1 5.62354E-1 5.78099E-1 5.56129E-1 5.48162E-1 5.70147E-1 5.19139E-1 4.32482E-1 4.21801E-1 3.71045E-1 2.68974E-1 1.96641E-1 1.74578E-1 1.62958E-1 2.03998E-1 2.00795E-1 2.05207E-1 1.93775E-1 1.82077E-1 1.78341E-1 1.66766E-1 1.42167E-1 1.23699E-1 1.23209E-1 1.04325E-1 1.07424E-1 1.17328E-1 9.01211E-2 7.04099E-2 1.00044E-1 1.06729E-1 6.35266E-2 7.66871E-2 7.24429E-2 9.3134E-2 7.63182E-2 1.21742E-1 1.19261E-1 1.22033E-1 1.08435E-1 1.07766E-1 1.55894E-1 1.71924E-1 1.48568E-1
-9999 -9999 -9999 -9999 4.37318E-1 4.40077E-1 4.4538E-1 4.87522E-1 4.46581E-1 4.20186E-1 4.92619E-1 4.83217E-1 5.15999E-1 5.2549E-1 5.4971E-1 5.65476E-1 6.10969E-1 5.34256E-1 4.97948E-1 4.21947E-1 4.25404E-1 4.10077E-1 4.26952E-1 4.11322E-1 3.76739E-1 3.85557E-1 3.67099E-1 2.56482E-1 2.17757E-1 1.86886E-1 2.29424E-1 2.13588E-1 1.83561E-1 1.96177E-1 1.85083E-1 1.6963E-1 1.64443E-1 1.46577E-1 1.29738E-1 1.30997E-1 1.17079E-1 9.70862E-2 1.08008E-1 1.05852E-1 1.23554E-1 1.18835E-1 1.3424E-1 8.67206E-2 7.20902E-2 9.93993E-2 8.54704E-2 8.42651E-2 6.94391E-2 1.22875E-1 1.43026E-1 1.09245E-1 1.08407E-1 1.05676E-1 1.16581E-1 1.30937E-1 1.28577E-1
-9999 -9999 -9999 -9999 4.42146E-1 4.72259E-1 4.37203E-1 4.53324E-1 4.76749E-1 4.45611E-1 4.86634E-1 4.84868E-1 5.78085E-1 5.5971E-1 5.35172E-1 5.00867E-1 4.21345E-1 5.26063E-1 5.96806E-1 4.51962E-1 4.76235E-1 3.66159E-1 4.03072E-1 4.30607E-1 3.72118E-1 3.89518E-1 3.11855E-1 2.60995E-1 2.46641E-1 1.97253E-1 2.28609E-1 2.13687E-1 1.91116E-1 1.72349E-1 1.58691E-1 1.59969E-1 1.52605E-1 1.37147E-1 1.26657E-1 1.40063E-1 1.10359E-1 9.22486E-2 9.556E-2 8.7729E-2 9.4382E-2 1.03417E-1 1.0506E-1 1.10582E-1 9.19038E-2 1.19603E-1 1.04026E-1 7.91976E-2 7.63667E-2 1.28625E-1 1.2544E-1 1.27942E-1 1.21413E-1 1.32833E-1 1.39573E-1 1.25489E-1 1.23076E-1
-9999 -9999 -9999 -9999 4.43169E-1 4.88969E-1 5.38394E-1 3.61159E-1 4.14113E-1 4.71092E-1 5.33639E-1 4.69452E-1 5.4086E-1 5.63454E-1 6.19547E-1 5.42341E-1 3.92846E-1 4.59194E-1 6.29498E-1 5.89513E-1 5.91483E-1 4.32508E-1 3.41138E-1 4.26159E-1 4.25325E-1 3.03434E-1 2.9768E-1 2.4482E-1 2.86256E-1 2.24357E-1 2.31553E-1 2.14235E-1 1.99791E-1 1.81124E-1 1.57513E-1 1.50032E-1 1.30293E-1 1.27176E-1 1.21614E-1 1.51201E-1 9.87472E-2 8.20338E-2 7.92141E-2 8.22036E-2 8.57996E-2 8.74028E-2 8.81284E-2 8.32219E-2 9.40193E-2 9.93974E-2 1.16204E-1 9.93222E-2 1.08614E-1 1.27349E-1 1.2196E-1 1.18646E-1 1.21421E-1 1.24445E-1 1.41776E-1 1.48742E-1 1.43852E-1
-9999 -9999 -9999 4.22999E-1 4.61956E-1 5.25566E-1 5.97456E-1 3.92915E-1 4.40454E-1 5.23076E-1 4.71528E-1 4.64156E-1 5.24624E-1 4.67979E-1 6.53533E-1 5.867E-1 4.41689E-1 4.14224E-1 5.35047E-1 6.10074E-1 6.69525E-1 5.93552E-1 5.81523E-1 4.78496E-1 3.66371E-1 2.68164E-1 2.75628E-1 3.11486E-1 2.98716E-1 2.98847E-1 2.60892E-1 2.35028E-1 2.05816E-1 1.9551E-1 1.63795E-1 1.4552E-1 1.36467E-1 1.25588E-1 1.16132E-1 1.3085E-1 1.04934E-1 8.51468E-2 7.30697E-2 6.93357E-2 7.45484E-2 8.24983E-2 8.06732E-2 7.789E-2 9.19154E-2 9.39427E-2 1.0652E-1 1.06751E-1 1.14635E-1 1.23578E-1 1.06484E-1 1.33318E-1 1.39868E-1 1.27076E-1 1.29575E-1 1.33827E-1 1.4684E-1
-9999 -9999 -9999 -9999 4.70386E-1 5.27224E-1 6.07388E-1 4.98549E-1 4.89411E-1 5.81743E-1 5.8035E-1 5.477E-1 7.2346E-1 6.55593E-1 7.25037E-1 6.13833E-1 5.61112E-1 4.30747E-1 5.43242E-1 4.82594E-1 5.79228E-1 5.99995E-1 6.59577E-1 5.03815E-1 3.64542E-1 3.10424E-1 3.317E-1 2.8559E-1 2.39314E-1 2.35878E-1 2.27187E-1 2.22632E-1 2.08127E-1 1.95864E-1 1.65593E-1 1.56705E-1 1.41842E-1 1.23806E-1 1.07658E-1 1.10647E-1 8.94714E-2 7.94234E-2 7.85509E-2 7.03634E-2 7.24276E-2 7.83093E-2 7.33813E-2 7.39577E-2 7.87461E-2 8.06537E-2 8.80114E-2 1.04411E-1 1.03744E-1 1.16273E-1 1.07323E-1 1.08012E-1 1.43443E-1 1.4186E-1 1.22493E-1 1.36737E-1 1.55176E-1
-9999 -9999 -9999 4.31257E-1 4.47118E-1 4.84939E-1 5.56444E-1 5.98811E-1 5.72034E-1 6.18308E-1 6.23903E-1 6.09927E-1 7.36371E-1 7.29971E-1 7.98583E-1 7.22597E-1 6.02147E-1 4.42074E-1 4.64482E-1 5.7994E-1 6.45263E-1 6.7133E-1 6.72212E-1 4.93864E-1 3.71333E-1 3.15871E-1 2.6145E-1 2.83374E-1 2.43154E-1 2.25205E-1 2.24524E-1 2.13974E-1 2.12752E-1 1.90306E-1 1.78968E-1 1.97044E-1 1.57189E-1 1.20436E-1 9.53395E-2 8.63746E-2 7.57156E-2 6.78539E-2 6.83213E-2 6.87924E-2 6.82876E-2 6.92652E-2 6.56063E-2 6.42659E-2 7.76057E-2 6.81712E-2 8.42099E-2 8.3605E-2 9.05181E-2 1.05933E-1 1.12808E-1 1.02033E-1 1.24383E-1 1.1639E-1 1.20134E-1 1.4148E-1 1.57602E-1
-9999 -9999 4.30451E-1 4.6242E-1 4.28793E-1 4.76601E-1 5.70568E-1 5.08641E-1 5.7327E-1 5.7617E-1 5.94471E-1 6.5074E-1 6.92008E-1 6.93976E-1 7.62187E-1 7.4807E-1 7.137E-1 5.07895E-1 4.54088E-1 6.07306E-1 6.65338E-1 6.54695E-1 6.03304E-1 4.80202E-1 4.22892E-1 3.29694E-1 2.78809E-1 2.55448E-1 2.7126E-1 2.38127E-1 2.20707E-1 2.03833E-1 2.08152E-1 2.0998E-1 2.10709E-1 2.0595E-1 1.57358E-1 1.18661E-1 9.54316E-2 8.74333E-2 7.50057E-2 6.48158E-2 5.59564E-2 5.80695E-2 5.59842E-2 5.8349E-2 6.37278E-2 5.84371E-2 7.32196E-2 6.4738E-2 7.5549E-2 8.28613E-2 7.95085E-2 1.06098E-1 1.23886E-1 1.05456E-1 1.06924E-1 1.13903E-1 1.25225E-1 1.49082E-1 1.58007E-1
-9999 -9999 -9999 4.72028E-1 4.69528E-1 4.70424E-1 6.00587E-1 5.44735E-1 5.66394E-1 5.45953E-1 6.00848E-1 6.26011E-1 6.60968E-1 7.26389E-1 7.94201E-1 8.06602E-1 7.22877E-1 7.44873E-1 6.97199E-1 6.07453E-1 7.45378E-1 7.58204E-1 7.0232E-1 6.29131E-1 5.51162E-1 4.50431E-1 3.64329E-1 4.05245E-1 3.12191E-1 2.63922E-1 2.19532E-1 2.03741E-1 2.19332E-1 2.34901E-1 2.38477E-1 2.11022E-1 1.40176E-1 1.18026E-1 9.69582E-2 8.81118E-2 8.2441E-2 6.01394E-2 5.48128E-2 5.74364E-2 4.67074E-2 5.03454E-2 5.11206E-2 5.50938E-2 6.86277E-2 6.65344E-2 7.37792E-2 7.11502E-2 8.65648E-2 1.03623E-1 1.11075E-1 1.17129E-1 1.03883E-1 1.04624E-1 1.28927E-1 1.39975E-1 1.45301E-1
-9999 -9999 4.60168E-1 4.77269E-1 4.92633E-1 4.97555E-1 5.80484E-1 5.43761E-1 5.59258E-1 4.97821E-1 5.43774E-1 5.96754E-1 6.04813E-1 7.50441E-1 8.34631E-1 8.6113E-1 7.72811E-1 7.01235E-1 7.89659E-1 7.23163E-1 7.98169E-1 7.9684E-1 7.04482E-1 6.23626E-1 5.52082E-1 4.77925E-1 5.24952E-1 4.83933E-1 4.07562E-1 3.30323E-1 2.46103E-1 2.23149E-1 2.65833E-1 2.64975E-1 2.19757E-1 1.84361E-1 1.4702E-1 1.26244E-1 1.03504E-1 9.20358E-2 7.32909E-2 6.1069E-2 5.38719E-2 5.26539E-2 4.96069E-2 4.6731E-2 4.81635E-2 4.81569E-2 6.3116E-2 5.92049E-2 6.51351E-2 7.26996E-2 8.96938E-2 8.05062E-2 9.81748E-2 1.24034E-1 1.03645E-1 9.86958E-2 1.16085E-1 1.34019E-1 1.397E-1
-9999 -9999 4.64008E-1 4.83748E-1 5.04579E-1 5.31682E-1 5.87059E-1 6.04727E-1 6.32001E-1 6.574E-1 5.19332E-1 6.61152E-1 6.66339E-1 7.37452E-1 8.26893E-1 8.57436E-1 8.03388E-1 7.90104E-1 6.93364E-1 5.98145E-1 7.28756E-1 8.04154E-1 7.27493E-1 6.67329E-1 4.94248E-1 5.34795E-1 4.42811E-1 4.00999E-1 3.43796E-1 3.09526E-1 2.54546E-1 2.65903E-1 2.70484E-1 2.49423E-1 1.94309E-1 1.67702E-1 1.41276E-1 1.236E-1 1.10977E-1 8.5006E-2 6.58111E-2 6.01736E-2 5.30785E-2 5.03821E-2 4.99264E-2 5.48755E-2 5.03181E-2 4.8056E-2 5.06538E-2 5.37259E-2 6.13004E-2 6.6101E-2 7.64211E-2 7.53403E-2 9.90446E-2 1.15679E-1 1.15782E-1 9.57371E-2 1.06543E-1 1.35305E-1 1.38898E-1
-9999 -9999 -9999 4.98685E-1 4.95994E-1 5.38933E-1 5.97861E-1 5.29439E-1 5.58774E-1 7.36438E-1 5.79344E-1 7.04526E-1 6.93052E-1 7.77292E-1 7.66594E-1 7.70062E-1 8.52141E-1 8.27726E-1 7.98409E-1 6.49764E-1 7.51057E-1 7.75636E-1 7.21852E-1 7.51537E-1 5.86938E-1 6.48491E-1 4.579E-1 4.67687E-1 3.55008E-1 3.52076E-1 2.90535E-1 3.34826E-1 2.76612E-1 2.31541E-1 2.26934E-1 1.77439E-1 1.42987E-1 1.16751E-1 9.62967E-2 8.38161E-2 6.57778E-2 5.84543E-2 5.23281E-2 4.9619E-2 5.37304E-2 5.25431E-2 4.67323E-2 4.54099E-2 4.71113E-2 5.33763E-2 5.53057E-2 5.77003E-2 6.21724E-2 7.26045E-2 9.40618E-2 1.0184E-1 1.12939E-1 1.11316E-1 9.85509E-2 1.0639E-1 1.27309E-1
-9999 -9999 -9999 4.99753E-1 4.68397E-1 5.49908E-1 6.59385E-1 5.23291E-1 5.44027E-1 5.76795E-1 6.34753E-1 6.36808E-1 6.60754E-1 7.32709E-1 7.28822E-1 7.7572E-1 7.96688E-1 8.44222E-1 8.44433E-1 8.27612E-1 8.27977E-1 8.40475E-1 7.90828E-1 8.67508E-1 6.27563E-1 6.11808E-1 5.12646E-1 4.15905E-1 3.41362E-1 3.06246E-1 3.38724E-1 2.68874E-1 2.27228E-1 2.52084E-1 2.01289E-1 1.85552E-1 1.5504E-1 1.19391E-1 9.43064E-2 8.57034E-2 7.65123E-2 5.55373E-2 5.15882E-2 5.37968E-2 5.25317E-2 4.44522E-2 4.60406E-2 4.50565E-2 4.95347E-2 5.94736E-2 5.81661E-2 5.64874E-2 5.69001E-2 5.77233E-2 7.29037E-2 8.93455E-2 1.00969E-1 1.06743E-1 1.15584E-1 1.21441E-1 1.17764E-1
-9999 -9999 -9999 4.67203E-1 4.8578E-1 5.21666E-1 6.44643E-1 4.81872E-1 5.89848E-1 5.72214E-1 6.15412E-1 5.6687E-1 6.84464E-1 6.99103E-1 7.74552E-1 8.30445E-1 8.54012E-1 8.59038E-1 8.48683E-1 7.6908E-1 9.40553E-1 8.10567E-1 8.61371E-1 8.88359E-1 8.61888E-1 6.80659E-1 5.61279E-1 4.52717E-1 3.39619E-1 3.30525E-1 3.74962E-1 2.54973E-1 2.76826E-1 2.158E-1 2.08454E-1 1.63646E-1 1.42041E-1 1.24064E-1 1.35604E-1 9.06487E-2 7.71095E-2 5.67651E-2 5.78929E-2 5.74069E-2 5.18212E-2 4.53995E-2 4.77398E-2 4.66985E-2 5.36803E-2 6.26093E-2 6.25432E-2 5.32282E-2 5.85175E-2 5.67455E-2 6.05992E-2 7.49035E-2 8.65325E-2 9.51342E-2 1.12335E-1 1.05769E-1 1.17471E-1
-9999 -9999 -9999 -9999 4.90627E-1 5.55661E-1 7.08343E-1 5.05409E-1 5.52221E-1 6.99344E-1 6.12426E-1 5.86715E-1 6.60157E-1 6.82122E-1 7.47754E-1 7.357E-1 7.37582E-1 8.2621E-1 8.0117E-1 7.16615E-1 9.36066E-1 9.46995E-1 8.94873E-1 8.86683E-1 9.04769E-1 7.8798E-1 5.46062E-1 4.12214E-1 3.13797E-1 3.80431E-1 2.72279E-1 3.27896E-1 2.67479E-1 2.19654E-1 2.13935E-1 1.83727E-1 1.30646E-1 1.13244E-1 1.34154E-1 1.24278E-1 1.07259E-1 7.74073E-2 7.77206E-2 5.54639E-2 4.99556E-2 4.67246E-2 4.7417E-2 5.2452E-2 5.89375E-2 6.62834E-2 6.03066E-2 5.96149E-2 5.74682E-2 5.08348E-2 5.62833E-2 6.01515E-2 7.00276E-2 7.98363E-2 8.64865E-2 9.49556E-2 1.01963E-1
-9999 -9999 -9999 -9999 4.90817E-1 5.3459E-1 6.7623E-1 5.97635E-1 6.87681E-1 6.02422E-1 6.10319E-1 5.06038E-1 5.80228E-1 6.35073E-1 7.04793E-1 7.41729E-1 7.93315E-1 8.58628E-1 8.79657E-1 8.10904E-1 9.39209E-1 8.86796E-1 8.87698E-1 8.95402E-1 8.81974E-1 8.37691E-1 4.40655E-1 3.52631E-1 2.76304E-1 4.09498E-1 3.24928E-1 3.55953E-1 2.95661E-1 2.63332E-1 2.69837E-1 2.01616E-1 1.58913E-1 1.1572E-1 9.55364E-2 8.66546E-2 8.41337E-2 8.23507E-2 9.97671E-2 1.04222E-1 5.41789E-2 5.03949E-2 5.18529E-2 5.61711E-2 5.10147E-2 5.61588E-2 6.3116E-2 7.0688E-2 5.75247E-2 5.92715E-2 6.26494E-2 6.35758E-2 6.63149E-2 6.93552E-2 8.18981E-2 8.62028E-2 9.32753E-2
-9999 -9999 -9999 -9999 5.42978E-1 5.5494E-1 5.99496E-1 6.32904E-1 7.01128E-1 7.90081E-1 7.29724E-1 6.8002E-1 5.83202E-1 7.41136E-1 7.60076E-1 7.77035E-1 7.97691E-1 7.76364E-1 7.67931E-1 8.89452E-1 8.82126E-1 8.57359E-1 9.07726E-1 8.5985E-1 8.08551E-1 8.29286E-1 6.02449E-1 6.05981E-1 5.01813E-1 3.71445E-1 2.85646E-1 2.7099E-1 2.4907E-1 2.12061E-1 1.96992E-1 1.82232E-1 1.97818E-1 1.30753E-1 1.00656E-1 8.69413E-2 7.30697E-2 6.41028E-2 7.0475E-2 7.54464E-2 5.8511E-2 5.67128E-2 5.33498E-2 5.03146E-2 4.9196E-2 5.32807E-2 5.36717E-2 6.20841E-2 6.25671E-2 6.87559E-2 6.01479E-2 5.87885E-2 6.31721E-2 6.54956E-2 9.95767E-2 8.92017E-2 9.72499E-2
-9999 -9999 -9999 -9999 5.349E-1 5.37571E-1 5.9463E-1 5.73922E-1 6.6987E-1 7.50745E-1 6.61462E-1 7.06813E-1 7.60601E-1 6.69343E-1 7.44879E-1 8.41516E-1 8.15923E-1 7.19828E-1 5.89422E-1 8.03312E-1 9.0597E-1 9.14302E-1 9.22512E-1 8.78116E-1 8.06741E-1 7.49582E-1 7.66047E-1 6.72936E-1 4.03987E-1 3.5306E-1 3.00002E-1 3.01863E-1 2.28622E-1 2.13671E-1 1.85938E-1 1.62857E-1 1.41998E-1 1.19583E-1 1.19945E-1 9.7409E-2 7.35368E-2 5.65439E-2 5.06861E-2 4.74212E-2 4.85117E-2 5.02423E-2 5.06174E-2 5.06099E-2 5.55636E-2 5.43396E-2 4.94266E-2 5.39215E-2 5.05026E-2 5.31667E-2 5.47003E-2 5.82781E-2 6.49779E-2 7.04478E-2 1.03352E-1 9.5847E-2 9.37795E-2
-9999 -9999 -9999 -9999 5.17438E-1 5.25752E-1 5.70113E-1 6.01024E-1 5.65286E-1 5.50257E-1 5.88479E-1 5.43655E-1 5.51093E-1 6.5385E-1 6.68407E-1 8.05296E-1 9.23101E-1 7.20706E-1 6.83825E-1 8.28878E-1 8.93893E-1 9.20326E-1 9.17088E-1 8.43011E-1 7.93323E-1 6.22649E-1 6.87335E-1 6.9765E-1 3.31068E-1 2.90238E-1 2.71384E-1 2.35513E-1 2.41269E-1 2.3015E-1 2.4496E-1 2.28134E-1 1.73596E-1 1.42764E-1 1.5816E-1 8.55269E-2 9.85607E-2 5.45138E-2 5.3618E-2 5.20201E-2 5.96985E-2 5.66864E-2 4.44915E-2 5.14696E-2 5.3752E-2 5.30331E-2 4.78986E-2 4.68568E-2 5.34543E-2 5.37919E-2 5.38207E-2 5.77902E-2 7.19557E-2 7.09417E-2 9.20087E-2 1.02362E-1 8.78674E-2
-9999 -9999 -9999 -9999 5.25475E-1 5.40776E-1 5.80232E-1 6.68422E-1 7.7752E-1 6.21629E-1 5.69992E-1 7.98187E-1 5.18877E-1 6.44702E-1 7.17034E-1 7.55656E-1 8.68411E-1 8.49973E-1 8.78368E-1 8.36298E-1 9.28817E-1 8.81785E-1 7.68486E-1 8.44097E-1 8.02626E-1 5.56996E-1 6.4713E-1 6.73404E-1 5.67502E-1 3.87412E-1 2.69428E-1 2.57921E-1 2.43232E-1 2.19842E-1 1.82876E-1 1.70179E-1 1.95562E-1 2.14866E-1 2.13002E-1 1.19942E-1 9.46417E-2 6.4179E-2 8.54227E-2 7.2909E-2 8.36363E-2 7.93331E-2 6.3601E-2 5.13855E-2 5.06404E-2 4.77484E-2 4.6767E-2 4.92847E-2 4.71959E-2 5.14425E-2 5.5335E-2 5.64612E-2 6.64323E-2 7.97201E-2 9.26262E-2 7.90019E-2 7.06726E-2
-9999 -9999 -9999 -9999 -9999 5.38193E-1 5.43147E-1 6.22041E-1 7.55345E-1 8.19763E-1 5.76031E-1 7.73887E-1 5.89603E-1 6.59537E-1 8.07351E-1 6.91802E-1 7.61699E-1 7.48755E-1 8.9685E-1 8.85086E-1 9.36304E-1 9.14307E-1 7.78966E-1 8.44624E-1 8.09133E-1 6.73915E-1 5.56062E-1 5.98398E-1 5.39484E-1 4.69769E-1 3.39678E-1 2.61467E-1 2.98539E-1 2.45644E-1 2.13455E-1 1.65662E-1 1.40444E-1 1.71518E-1 1.66465E-1 1.47366E-1 9.76803E-2 6.42166E-2 6.02732E-2 8.27734E-2 7.41678E-2 5.42065E-2 8.61918E-2 7.77707E-2 5.16108E-2 4.25182E-2 4.03979E-2 4.54778E-2 4.92831E-2 5.17859E-2 6.03617E-2 5.60967E-2 5.76769E-2 6.5842E-2 8.32117E-2 7.67533E-2 6.57039E-2
-9999 -9999 -9999 -9999 -9999 5.26469E-1 5.46102E-1 5.58814E-1 6.37524E-1 7.51E-1 6.77458E-1 6.96892E-1 6.60736E-1 7.28525E-1 7.49E-1 6.79706E-1 8.04424E-1 8.11273E-1 9.17772E-1 9.32633E-1 9.06907E-1 8.33406E-1 8.28972E-1 8.0119E-1 7.55495E-1 7.34503E-1 5.70206E-1 5.18792E-1 4.56518E-1 3.89617E-1 3.53201E-1 3.46516E-1 3.00513E-1 2.28347E-1 2.17962E-1 2.35785E-1 1.53988E-1 1.28792E-1 1.13154E-1 1.17574E-1 1.04878E-1 6.3677E-2 5.00582E-2 5.38262E-2 6.3584E-2 4.8165E-2 5.65394E-2 6.30821E-2 6.10601E-2 4.0086E-2 4.50537E-2 4.34694E-2 5.17923E-2 5.95113E-2 5.86048E-2 5.28129E-2 5.48057E-2 6.2571E-2 7.45172E-2 6.96837E-2 6.47823E-2
-9999 -9999 -9999 -9999 -9999 5.34955E-1 5.18071E-1 5.32498E-1 6.56165E-1 6.15944E-1 6.25228E-1 6.07535E-1 7.01111E-1 7.85048E-1 7.62396E-1 7.54658E-1 8.0475E-1 8.04722E-1 9.06728E-1 8.39764E-1 8.90319E-1 8.16692E-1 7.18725E-1 6.88971E-1 6.84911E-1 6.73633E-1 6.03535E-1 5.46551E-1 4.84731E-1 3.75113E-1 2.72955E-1 2.32043E-1 2.35043E-1 2.44949E-1 1.97715E-1 2.3549E-1 2.13337E-1 1.69321E-1 1.17931E-1 6.48899E-2 1.062E-1 6.46522E-2 7.88054E-2 5.67718E-2 5.95835E-2 6.9288E-2 4.22034E-2 4.92173E-2 4.50831E-2 5.25974E-2 4.66567E-2 4.24928E-2 4.66728E-2 6.21893E-2 6.10272E-2 5.12724E-2 5.05067E-2 6.01992E-2 5.84301E-2 4.93834E-2 5.43364E-2
-9999 -9999 -9999 -9999 -9999 5.6666E-1 5.34637E-1 5.52407E-1 6.44588E-1 5.93812E-1 4.75376E-1 5.7231E-1 6.93927E-1 7.40315E-1 7.66838E-1 7.92655E-1 8.09512E-1 8.70821E-1 9.61837E-1 9.19074E-1 9.32337E-1 8.77959E-1 8.25889E-1 6.68321E-1 6.40242E-1 6.25476E-1 5.7925E-1 6.00748E-1 3.82564E-1 3.3056E-1 3.18256E-1 3.05612E-1 2.5763E-1 1.77495E-1 1.63335E-1 2.19927E-1 2.2478E-1 1.43203E-1 1.09023E-1 9.05256E-2 6.98139E-2 8.62515E-2 7.67034E-2 6.46299E-2 6.48978E-2 6.43939E-2 4.4086E-2 5.17279E-2 3.97361E-2 4.67746E-2 4.34068E-2 4.27176E-2 5.36129E-2 6.12344E-2 8.27689E-2 4.43699E-2 4.33852E-2 4.98753E-2 4.48245E-2 4.68949E-2 5.38566E-2
-9999 -9999 -9999 -9999 -9999 5.30905E-1 5.30635E-1 6.13599E-1 7.77006E-1 6.28883E-1 4.84065E-1 5.78249E-1 6.91481E-1 7.45795E-1 7.86581E-1 8.57536E-1 7.70418E-1 8.377E-1 9.69628E-1 9.52956E-1 9.50403E-1 9.39745E-1 8.64527E-1 7.90647E-1 6.6426E-1 6.15102E-1 6.29471E-1 4.29871E-1 3.45599E-1 2.71004E-1 2.7276E-1 2.20416E-1 2.20581E-1 1.9505E-1 1.57687E-1 1.90557E-1 2.04386E-1 1.83129E-1 1.33777E-1 1.55026E-1 1.42243E-1 8.19433E-2 5.9625E-2 6.22404E-2 7.01648E-2 5.98761E-2 4.28294E-2 4.80168E-2 4.29623E-2 4.29742E-2 3.90857E-2 4.6322E-2 8.02711E-2 7.25718E-2 8.01246E-2 7.59449E-2 4.03085E-2 4.2097E-2 4.16267E-2 4.68573E-2 4.9309E-2
-9999 -9999 -9999 -9999 -9999 5.23549E-1 5.40021E-1 6.30849E-1 7.48692E-1 6.2145E-1 5.67111E-1 7.04335E-1 6.65176E-1 7.95172E-1 8.12659E-1 8.69934E-1 7.60264E-1 7.7454E-1 9.07874E-1 9.48093E-1 9.01766E-1 8.55641E-1 8.6407E-1 9.07757E-1 7.80397E-1 5.20425E-1 4.0561E-1 3.29081E-1 3.83508E-1 2.88666E-1 2.37573E-1 2.40071E-1 2.14137E-1 1.78145E-1 1.53736E-1 1.45086E-1 1.43466E-1 1.40479E-1 1.543E-1 1.94378E-1 1.13336E-1 7.69825E-2 5.54782E-2 7.55019E-2 6.38679E-2 5.02895E-2 4.56803E-2 5.16677E-2 4.1482E-2 4.30013E-2 4.17295E-2 4.4594E-2 5.53714E-2 6.27316E-2 7.11336E-2 1.0365E-1 5.27262E-2 4.1529E-2 3.69544E-2 3.91604E-2 5.14245E-2
