Artocarpus heterophyllus SDM files/MIS19/results (without bias file)/Arthet_max.asc
ncols         625
nrows         721
xllcorner     69.99986311115
yllcorner     5.99986187915
cellsize      0.041666667
NODATA_value  -9999
[rows 108 to 134 of 721, columns 488 to 548 of 625]
1.07867E-3 3.17607E-3 3.57085E-3 3.35178E-3 3.40388E-3 3.24633E-3 3.58982E-3 3.5874E-3 3.70479E-3 3.18767E-3 1.39668E-3 1.03766E-3 1.15165E-3 3.7641E-3 1.08566E-3 1.11411E-3 1.1743E-3 1.35814E-3 1.55548E-3 4.17349E-3 5.01623E-3 4.77724E-3 3.89564E-3 3.35798E-3 2.94974E-3 1.17139E-3 1.14237E-3 1.21836E-3 1.21001E-3 1.29942E-3 1.33912E-3 1.36348E-3 1.3261E-3 1.27368E-3 1.29223E-3 1.24626E-3 1.41839E-3 4.05518E-3 4.02312E-3 1.6953E-3 1.24547E-3 1.46735E-3 4.99565E-3 5.61044E-3 5.64408E-3 6.46523E-3 4.55567E-3 3.50003E-3 1.55131E-3 7.15324E-3 5.62521E-3 6.88897E-3 6.75295E-3 4.45325E-3 4.13516E-3 4.30824E-3 1.55948E-3 1.37745E-3 1.50415E-3 1.61005E-3 6.27926E-3
1.2643E-3 2.98602E-3 3.49554E-3 4.03532E-3 3.92985E-3 3.28373E-3 2.98095E-3 3.88254E-3 3.57825E-3 3.86271E-3 3.72075E-3 3.43673E-3 1.22678E-3 1.23845E-3 1.01761E-3 1.1058E-3 1.22368E-3 1.46735E-3 1.84965E-3 1.7351E-3 3.67436E-3 1.46382E-3 1.16019E-3 1.15976E-3 1.13041E-3 1.1534E-3 1.15094E-3 1.1743E-3 1.24773E-3 1.44415E-3 1.74236E-3 1.74289E-3 3.87784E-3 3.55136E-3 1.4691E-3 3.56773E-3 4.30042E-3 4.32255E-3 4.42913E-3 3.99428E-3 3.66196E-3 1.40154E-3 1.96157E-3 4.00517E-3 4.83196E-3 6.65747E-3 5.79815E-3 4.02855E-3 1.81351E-3 5.14236E-3 4.73261E-3 1.67063E-3 1.79533E-3 1.65488E-3 2.0196E-3 4.56795E-3 2.05026E-3 1.48645E-3 4.21323E-3 1.38916E-3 1.6658E-3
1.28156E-3 1.35309E-3 3.05656E-3 3.69857E-3 4.14518E-3 3.66074E-3 3.30494E-3 4.27643E-3 3.46737E-3 3.16357E-3 3.11378E-3 3.44176E-3 3.82719E-3 1.36207E-3 1.11536E-3 1.13595E-3 1.24306E-3 1.44895E-3 1.51776E-3 3.72606E-3 3.62702E-3 3.23471E-3 3.29706E-3 3.39213E-3 3.17633E-3 1.19925E-3 1.18313E-3 1.22063E-3 1.33574E-3 1.8427E-3 3.80283E-3 3.48203E-3 4.15084E-3 3.39107E-3 1.22187E-3 1.30411E-3 4.26596E-3 1.67098E-3 1.29613E-3 1.40244E-3 1.28725E-3 4.18166E-3 4.01366E-3 1.98192E-3 3.97549E-3 3.94603E-3 1.52492E-3 1.3824E-3 1.55747E-3 1.56086E-3 1.50238E-3 5.2613E-3 1.89669E-3 5.20474E-3 4.52142E-3 5.9255E-3 4.41259E-3 5.61698E-3 6.95569E-3 5.31175E-3 1.47444E-3
1.17292E-3 1.16847E-3 1.26396E-3 1.43043E-3 1.50477E-3 1.50016E-3 1.53107E-3 3.38663E-3 3.32426E-3 3.34091E-3 1.49341E-3 1.22632E-3 1.24771E-3 1.15597E-3 1.11069E-3 1.25169E-3 3.83114E-3 4.18812E-3 3.56351E-3 4.427E-3 4.28393E-3 4.45924E-3 3.72075E-3 4.19656E-3 4.04109E-3 3.54114E-3 3.61657E-3 1.80327E-3 4.37709E-3 5.63082E-3 4.97414E-3 3.73785E-3 3.36601E-3 1.62026E-3 1.309E-3 1.29438E-3 1.50838E-3 1.63124E-3 1.41831E-3 1.94091E-3 1.62904E-3 1.32152E-3 1.89552E-3 4.47232E-3 4.30402E-3 1.40059E-3 1.86785E-3 1.69995E-3 1.66485E-3 6.19983E-3 1.73908E-3 1.79657E-3 4.79818E-3 1.57801E-3 4.20522E-3 4.99851E-3 5.46791E-3 5.67412E-3 4.55111E-3 1.88891E-3 2.0495E-3
1.00119E-3 1.03158E-3 1.12517E-3 1.1E-3 1.07557E-3 1.12655E-3 1.15578E-3 1.20613E-3 1.38521E-3 1.25782E-3 1.25068E-3 1.28385E-3 1.75355E-3 1.4547E-3 1.2267E-3 1.6813E-3 3.8911E-3 4.5144E-3 3.51177E-3 4.32371E-3 4.12679E-3 3.62692E-3 3.07492E-3 1.46779E-3 1.57328E-3 1.29413E-3 1.26168E-3 1.54444E-3 4.16119E-3 4.20761E-3 4.95825E-3 3.68939E-3 3.6209E-3 1.39283E-3 1.30589E-3 1.25376E-3 1.36841E-3 1.37805E-3 1.60732E-3 1.59965E-3 1.30589E-3 1.82847E-3 5.1001E-3 5.19203E-3 5.72736E-3 4.75394E-3 4.85718E-3 1.36769E-3 1.84614E-3 6.11793E-3 7.44046E-3 6.69119E-3 4.47557E-3 5.21489E-3 4.43592E-3 5.31816E-3 6.89579E-3 7.47111E-3 5.71156E-3 1.69481E-3 2.25124E-3
1.0081E-3 1.0348E-3 1.07579E-3 1.0245E-3 1.04837E-3 1.10563E-3 1.1393E-3 1.21059E-3 1.31884E-3 1.44428E-3 1.21836E-3 1.6926E-3 3.69384E-3 4.09905E-3 1.52912E-3 1.69013E-3 3.74546E-3 4.09863E-3 4.27723E-3 4.29067E-3 3.64018E-3 1.3542E-3 1.14306E-3 1.20167E-3 1.20618E-3 1.31573E-3 1.17114E-3 1.29686E-3 1.57118E-3 4.2712E-3 4.04929E-3 1.36002E-3 1.31986E-3 1.49816E-3 1.28163E-3 1.44514E-3 1.38157E-3 1.41397E-3 1.58883E-3 1.66694E-3 1.45934E-3 1.29272E-3 4.25535E-3 5.50914E-3 4.94748E-3 4.85273E-3 1.44242E-3 1.50483E-3 1.75202E-3 5.42008E-3 5.72154E-3 6.30521E-3 6.85615E-3 7.04876E-3 6.11998E-3 6.44535E-3 5.09988E-3 4.54538E-3 4.77715E-3 4.57546E-3 5.75792E-3
1.2368E-3 3.46665E-3 1.432E-3 1.08044E-3 1.16447E-3 1.09737E-3 1.13503E-3 1.27118E-3 1.58834E-3 1.31567E-3 3.47716E-3 4.2777E-3 1.46616E-3 4.04741E-3 3.55871E-3 3.64091E-3 1.3195E-3 1.16152E-3 1.23608E-3 4.03364E-3 4.79215E-3 3.46665E-3 1.22556E-3 1.15312E-3 1.26183E-3 1.63208E-3 1.20167E-3 1.23506E-3 1.27752E-3 1.62583E-3 4.07817E-3 1.49416E-3 1.27205E-3 1.31573E-3 1.65133E-3 4.61284E-3 5.48129E-3 4.02033E-3 4.69607E-3 4.75804E-3 3.80674E-3 1.57319E-3 1.2639E-3 1.33218E-3 1.308E-3 1.34351E-3 1.32843E-3 1.53754E-3 1.57651E-3 4.80042E-3 6.74423E-3 4.68661E-3 6.94497E-3 6.15539E-3 3.9961E-3 1.50908E-3 1.44876E-3 4.52486E-3 5.64451E-3 7.32001E-3 7.76405E-3
1.01502E-3 1.31079E-3 3.56566E-3 1.23006E-3 1.59249E-3 1.09385E-3 1.18877E-3 1.71701E-3 4.03248E-3 1.23145E-3 1.41138E-3 3.6223E-3 4.00622E-3 3.61041E-3 4.49742E-3 4.3999E-3 3.4369E-3 3.27259E-3 1.26913E-3 1.22009E-3 1.74716E-3 4.45717E-3 4.33461E-3 3.76368E-3 3.78054E-3 4.27197E-3 1.67127E-3 1.22521E-3 1.29613E-3 1.46047E-3 4.53244E-3 3.91582E-3 1.26089E-3 1.27205E-3 1.40771E-3 5.09299E-3 4.95326E-3 4.56563E-3 4.97933E-3 4.87016E-3 6.01639E-3 4.3516E-3 1.62747E-3 1.31657E-3 1.66501E-3 4.32454E-3 1.48455E-3 1.78691E-3 1.99347E-3 4.37025E-3 6.38227E-3 7.32001E-3 5.86388E-3 5.95794E-3 3.75184E-3 4.79942E-3 6.82022E-3 7.81782E-3 6.22842E-3 6.32225E-3 6.95575E-3
3.0927E-3 1.35965E-3 1.03572E-3 1.53015E-3 1.22334E-3 1.11106E-3 1.23815E-3 3.7905E-3 3.68097E-3 3.38036E-3 3.7199E-3 3.76548E-3 3.9269E-3 4.17959E-3 4.13104E-3 3.88936E-3 3.4949E-3 1.39151E-3 1.18423E-3 3.65829E-3 1.34275E-3 1.26315E-3 3.98399E-3 4.56207E-3 4.40009E-3 3.68201E-3 1.28915E-3 1.28973E-3 1.53874E-3 1.78391E-3 3.52075E-3 1.43708E-3 1.51174E-3 1.36419E-3 1.51509E-3 3.94603E-3 4.04016E-3 3.92714E-3 1.73989E-3 4.15294E-3 3.97586E-3 1.79342E-3 1.61713E-3 1.47259E-3 1.4616E-3 5.16552E-3 5.01947E-3 4.14339E-3 4.71453E-3 4.40567E-3 4.54971E-3 6.0217E-3 6.76307E-3 6.56278E-3 1.94151E-3 4.68336E-3 6.34981E-3 7.76105E-3 7.50027E-3 7.94718E-3 7.06165E-3
3.32273E-3 3.71296E-3 3.07766E-3 1.4299E-3 1.1955E-3 1.02576E-3 1.41189E-3 3.62301E-3 1.65988E-3 1.45838E-3 1.27223E-3 3.22761E-3 3.45633E-3 3.62631E-3 4.01776E-3 4.4317E-3 4.14008E-3 2.93944E-3 1.14311E-3 1.36853E-3 1.54057E-3 1.27176E-3 1.47001E-3 1.38799E-3 4.96252E-3 4.16153E-3 1.69897E-3 1.55827E-3 3.44852E-3 3.64135E-3 3.39677E-3 1.35189E-3 1.87339E-3 4.18312E-3 3.94748E-3 1.72481E-3 1.72481E-3 1.52205E-3 1.61266E-3 4.26797E-3 1.88176E-3 1.61542E-3 4.19888E-3 5.25941E-3 4.19634E-3 1.46342E-3 5.18668E-3 7.23528E-3 7.24985E-3 5.54171E-3 5.03741E-3 4.84216E-3 4.21824E-3 1.93233E-3 5.7113E-3 5.05941E-3 5.10555E-3 5.52174E-3 7.0359E-3 6.91774E-3 8.59973E-3
1.28607E-3 3.59156E-3 4.03365E-3 3.24661E-3 3.29851E-3 1.14825E-3 1.67248E-3 3.57802E-3 4.02247E-3 3.23092E-3 1.36352E-3 3.38782E-3 3.89402E-3 5.22149E-3 4.83278E-3 4.12972E-3 4.6478E-3 3.28466E-3 3.63241E-3 3.55962E-3 1.27223E-3 1.27151E-3 3.88274E-3 3.64567E-3 4.86471E-3 5.38156E-3 4.95907E-3 4.4429E-3 3.39985E-3 3.3926E-3 3.27288E-3 1.29793E-3 4.21814E-3 6.03914E-3 4.15475E-3 3.63693E-3 4.16549E-3 3.79844E-3 4.00141E-3 4.37813E-3 3.94855E-3 3.64734E-3 4.08119E-3 6.8086E-3 5.90319E-3 3.5646E-3 1.44235E-3 4.34299E-3 6.64222E-3 6.99614E-3 5.41981E-3 3.76477E-3 5.52636E-3 5.59474E-3 5.12072E-3 7.33185E-3 6.54243E-3 6.03568E-3 5.30123E-3 5.87695E-3 5.32286E-3
2.8609E-3 3.01251E-3 3.27827E-3 2.92962E-3 3.34942E-3 4.01376E-3 3.50328E-3 3.83214E-3 4.17929E-3 3.01029E-3 1.30926E-3 1.4725E-3 1.34413E-3 3.6492E-3 4.78138E-3 4.81549E-3 4.73552E-3 4.12893E-3 4.83924E-3 4.08113E-3 1.39497E-3 1.58422E-3 3.85855E-3 1.40753E-3 1.73129E-3 4.503E-3 5.51886E-3 5.10213E-3 3.85804E-3 3.44805E-3 3.14925E-3 1.21222E-3 3.75515E-3 5.40523E-3 4.3667E-3 1.72078E-3 4.42957E-3 4.9098E-3 4.06952E-3 4.1282E-3 3.5523E-3 3.88013E-3 4.14033E-3 4.91914E-3 4.03256E-3 1.4594E-3 1.64936E-3 4.38264E-3 4.06951E-3 5.48421E-3 4.33589E-3 4.16439E-3 6.54781E-3 6.45237E-3 7.19436E-3 7.65562E-3 7.50027E-3 7.34194E-3 7.7335E-3 8.18383E-3 5.85226E-3
3.42611E-3 2.90522E-3 1.40708E-3 1.17781E-3 1.54879E-3 4.62286E-3 4.63581E-3 4.53541E-3 3.74922E-3 3.05474E-3 1.3413E-3 3.86845E-3 3.78878E-3 3.03258E-3 3.14603E-3 3.20847E-3 3.56028E-3 4.43495E-3 4.18533E-3 3.68695E-3 3.49303E-3 3.63107E-3 4.1893E-3 4.2231E-3 3.76876E-3 1.61313E-3 3.83063E-3 4.49098E-3 5.13436E-3 4.5464E-3 3.47984E-3 1.19873E-3 1.61713E-3 5.41695E-3 4.15594E-3 3.33691E-3 1.59147E-3 5.34152E-3 5.97615E-3 4.68927E-3 3.78971E-3 3.64204E-3 3.96582E-3 3.72318E-3 1.52366E-3 1.76256E-3 5.02459E-3 6.07209E-3 4.36825E-3 6.43601E-3 5.06531E-3 4.33754E-3 6.29927E-3 6.72175E-3 8.02051E-3 7.35127E-3 8.50681E-3 7.7793E-3 7.9714E-3 5.58806E-3 4.59447E-3
4.11696E-3 3.98533E-3 3.15291E-3 1.15165E-3 1.35927E-3 4.2249E-3 4.52841E-3 4.65605E-3 4.57208E-3 4.51686E-3 3.89311E-3 3.86788E-3 4.66839E-3 4.63956E-3 3.64677E-3 1.54294E-3 5.00245E-3 5.0033E-3 5.19921E-3 4.59336E-3 3.29556E-3 3.22483E-3 3.77654E-3 4.6422E-3 3.71046E-3 3.8604E-3 4.17769E-3 3.89363E-3 3.34943E-3 4.425E-3 3.43591E-3 1.35742E-3 4.66686E-3 6.16999E-3 5.10698E-3 3.70747E-3 1.52005E-3 3.69396E-3 5.50785E-3 5.4895E-3 3.98558E-3 3.87602E-3 3.84959E-3 3.81985E-3 3.94273E-3 4.01474E-3 5.47143E-3 6.8122E-3 5.59673E-3 6.07945E-3 5.93547E-3 5.99907E-3 5.74424E-3 4.38947E-3 7.75253E-3 6.81582E-3 5.45663E-3 4.94765E-3 4.47555E-3 4.92821E-3 5.7686E-3
4.30624E-3 3.63623E-3 3.78143E-3 3.70619E-3 3.4015E-3 3.41838E-3 3.31753E-3 3.58837E-3 3.24903E-3 4.50976E-3 4.99858E-3 5.09593E-3 4.80773E-3 3.95811E-3 4.88058E-3 4.39434E-3 5.04718E-3 5.53358E-3 5.36431E-3 5.14426E-3 4.45349E-3 1.55233E-3 4.06129E-3 5.34322E-3 3.91687E-3 3.92844E-3 5.37943E-3 5.08891E-3 3.57377E-3 3.49394E-3 2.96825E-3 1.57582E-3 5.36859E-3 6.2159E-3 5.33213E-3 4.29784E-3 3.36965E-3 3.58045E-3 4.34162E-3 5.05785E-3 3.63796E-3 3.972E-3 3.96817E-3 4.55992E-3 3.91869E-3 4.2165E-3 4.79603E-3 5.03404E-3 5.73301E-3 5.92666E-3 5.59493E-3 4.95701E-3 3.74442E-3 1.53103E-3 2.04604E-3 1.84614E-3 5.95432E-3 4.85375E-3 4.31682E-3 5.82462E-3 6.55082E-3
1.50835E-3 3.32486E-3 3.42051E-3 4.40615E-3 4.55486E-3 3.88361E-3 3.17366E-3 2.977E-3 1.50037E-3 3.46357E-3 3.92421E-3 3.80421E-3 4.18267E-3 3.33724E-3 3.3285E-3 1.68517E-3 3.69861E-3 5.44007E-3 5.36431E-3 4.72365E-3 4.83678E-3 5.54431E-3 5.36258E-3 4.41129E-3 4.94869E-3 4.23677E-3 4.22876E-3 4.49941E-3 3.76935E-3 3.1329E-3 1.35441E-3 1.59966E-3 5.28431E-3 6.197E-3 5.71097E-3 3.74846E-3 3.62124E-3 3.54285E-3 4.02631E-3 5.51232E-3 4.22175E-3 4.97571E-3 4.49196E-3 3.87553E-3 4.80428E-3 4.57948E-3 5.86885E-3 5.53765E-3 6.07491E-3 6.46091E-3 6.30733E-3 6.10637E-3 4.53901E-3 2.06966E-3 8.21049E-3 5.69584E-3 7.56926E-3 6.88984E-3 4.9437E-3 7.68001E-3 6.24664E-3
1.38818E-3 1.51632E-3 1.5428E-3 3.74462E-3 5.19169E-3 4.82778E-3 4.13057E-3 3.6005E-3 3.07456E-3 3.25503E-3 3.29156E-3 3.45893E-3 3.44608E-3 3.44183E-3 3.39515E-3 3.42052E-3 3.38254E-3 3.98872E-3 4.8215E-3 4.60834E-3 3.63573E-3 5.15591E-3 5.61429E-3 5.70849E-3 5.70187E-3 5.23615E-3 4.8123E-3 4.45601E-3 4.10931E-3 3.77419E-3 3.02609E-3 4.15675E-3 4.32355E-3 5.31902E-3 5.10624E-3 4.59631E-3 4.27535E-3 4.22175E-3 4.19768E-3 4.17639E-3 5.34597E-3 4.75929E-3 5.33137E-3 5.61894E-3 5.72038E-3 6.25516E-3 5.9628E-3 5.44403E-3 5.99917E-3 5.58331E-3 7.07781E-3 6.59658E-3 4.5955E-3 6.14014E-3 8.20283E-3 7.90384E-3 7.76105E-3 8.33288E-3 7.4084E-3 7.17393E-3 8.72686E-3
1.49586E-3 1.57938E-3 1.61189E-3 3.2309E-3 3.88075E-3 3.97357E-3 3.9773E-3 3.25841E-3 3.39469E-3 3.40736E-3 3.39469E-3 3.40736E-3 3.36949E-3 1.69918E-3 3.46254E-3 3.42405E-3 1.58758E-3 1.66857E-3 3.65804E-3 4.62378E-3 4.49381E-3 3.96774E-3 4.81968E-3 5.71959E-3 5.45909E-3 5.35058E-3 4.51439E-3 4.40401E-3 4.29093E-3 3.44291E-3 3.52767E-3 5.75756E-3 5.60091E-3 5.28902E-3 4.75647E-3 4.43048E-3 4.71489E-3 4.95608E-3 5.12326E-3 4.81541E-3 5.53025E-3 5.94179E-3 5.06356E-3 4.84148E-3 5.30803E-3 4.51481E-3 6.34671E-3 6.63436E-3 5.0711E-3 6.57537E-3 4.76269E-3 6.16077E-3 6.20387E-3 4.7738E-3 6.39355E-3 6.77567E-3 7.12501E-3 8.13722E-3 8.19674E-3 9.2369E-3 9.09552E-3
1.61428E-3 3.28278E-3 3.27057E-3 3.28278E-3 3.29503E-3 3.27057E-3 3.28278E-3 3.34449E-3 3.40736E-3 3.6209E-3 3.42007E-3 3.56733E-3 3.60743E-3 3.79133E-3 1.78842E-3 1.74049E-3 1.58261E-3 1.63493E-3 1.7564E-3 3.68553E-3 4.40009E-3 4.86618E-3 3.86985E-3 5.76674E-3 4.77825E-3 4.85703E-3 4.90667E-3 4.31714E-3 3.80482E-3 1.38745E-3 4.33536E-3 6.24721E-3 5.43049E-3 5.29317E-3 5.25896E-3 4.99565E-3 4.84814E-3 4.69097E-3 4.9737E-3 4.66595E-3 3.68334E-3 1.71778E-3 3.91173E-3 5.57511E-3 6.00288E-3 3.79856E-3 4.39206E-3 4.59726E-3 5.7992E-3 7.01105E-3 6.95263E-3 4.7738E-3 4.64114E-3 5.3881E-3 5.57101E-3 7.84817E-3 6.82281E-3 7.69E-3 7.62988E-3 9.32523E-3 9.22131E-3
3.2222E-3 3.2222E-3 3.2463E-3 3.31966E-3 3.39469E-3 3.39469E-3 3.39469E-3 3.40736E-3 3.40736E-3 3.40736E-3 3.42007E-3 3.51455E-3 1.76429E-3 1.70538E-3 1.78012E-3 3.75454E-3 3.61782E-3 3.73111E-3 3.81858E-3 3.50992E-3 3.45051E-3 3.75053E-3 4.55656E-3 4.078E-3 4.27967E-3 5.13002E-3 4.98493E-3 4.26434E-3 3.00612E-3 1.32869E-3 5.89684E-3 5.91066E-3 5.78564E-3 5.59631E-3 4.94477E-3 4.6993E-3 5.22698E-3 4.59738E-3 3.76403E-3 4.11398E-3 4.70034E-3 4.79828E-3 4.07965E-3 4.01269E-3 5.69221E-3 4.09725E-3 6.59347E-3 5.42153E-3 4.1731E-3 4.5929E-3 1.86898E-3 5.87338E-3 5.18898E-3 6.76042E-3 7.06526E-3 6.88427E-3 7.24862E-3 7.11492E-3 4.52875E-3 6.5396E-3 5.63533E-3
1.62529E-3 3.28278E-3 3.30732E-3 3.40736E-3 3.4585E-3 3.49736E-3 3.44564E-3 3.4585E-3 3.40736E-3 3.54453E-3 1.81556E-3 1.63961E-3 1.55068E-3 3.65804E-3 3.95535E-3 3.84143E-3 3.84872E-3 3.5293E-3 4.03524E-3 4.29578E-3 4.33098E-3 4.44436E-3 5.16683E-3 5.28402E-3 4.69076E-3 4.21423E-3 5.29352E-3 5.11598E-3 3.32805E-3 1.25999E-3 5.93637E-3 6.3895E-3 6.06216E-3 5.81188E-3 5.10142E-3 5.43162E-3 5.86026E-3 5.5201E-3 5.4609E-3 5.54018E-3 5.74429E-3 5.25482E-3 4.27765E-3 5.69609E-3 5.36702E-3 4.07475E-3 5.81793E-3 6.75344E-3 7.01331E-3 5.81505E-3 7.01223E-3 5.71255E-3 5.11591E-3 7.2611E-3 7.47216E-3 7.45114E-3 7.68983E-3 8.38171E-3 6.52515E-3 1.00268E-2 9.17813E-3
3.27057E-3 3.38207E-3 3.36949E-3 3.47518E-3 3.54058E-3 3.47518E-3 3.55778E-3 3.46606E-3 1.6787E-3 1.65079E-3 1.64844E-3 3.58104E-3 3.71733E-3 3.8468E-3 3.65737E-3 3.69514E-3 4.16953E-3 4.28567E-3 4.35489E-3 4.60657E-3 4.97164E-3 5.42868E-3 5.76505E-3 5.8004E-3 5.75917E-3 5.48467E-3 5.21536E-3 4.91313E-3 3.69205E-3 1.22318E-3 4.10743E-3 5.87879E-3 6.03418E-3 5.89831E-3 5.69562E-3 4.91109E-3 5.9081E-3 5.85938E-3 6.38626E-3 6.15567E-3 5.94059E-3 5.52516E-3 5.18992E-3 3.97589E-3 4.21365E-3 1.62152E-3 1.37202E-3 1.96096E-3 1.93624E-3 1.75852E-3 4.38369E-3 6.62191E-3 6.60746E-3 7.76713E-3 4.25597E-3 1.7889E-3 4.76004E-3 4.63827E-3 6.58606E-3 8.17971E-3 9.19424E-3
3.28278E-3 3.36048E-3 3.51817E-3 3.46606E-3 1.71328E-3 1.69628E-3 1.60652E-3 1.54232E-3 1.63728E-3 3.52919E-3 3.7467E-3 3.68986E-3 3.85186E-3 4.0373E-3 4.0544E-3 4.05971E-3 3.98767E-3 4.22052E-3 4.62399E-3 5.30263E-3 5.54528E-3 4.99424E-3 4.76387E-3 4.60477E-3 5.58951E-3 6.18174E-3 6.23211E-3 6.01736E-3 4.06394E-3 1.26559E-3 1.44592E-3 4.52415E-3 5.44904E-3 5.76083E-3 5.50248E-3 5.6968E-3 4.62768E-3 4.10943E-3 3.70012E-3 3.5179E-3 3.78681E-3 4.27504E-3 4.73619E-3 4.10371E-3 4.19924E-3 4.40912E-3 3.73295E-3 3.93083E-3 6.60865E-3 6.5849E-3 4.52101E-3 6.29647E-3 5.08359E-3 5.21743E-3 5.37934E-3 4.81627E-3 5.26213E-3 5.15558E-3 6.33597E-3 6.13308E-3 7.07682E-3
1.65603E-3 1.62261E-3 1.48537E-3 1.57409E-3 1.47326E-3 3.39159E-3 3.53835E-3 3.37115E-3 3.75729E-3 3.46996E-3 3.75562E-3 3.77526E-3 4.14942E-3 4.27196E-3 4.11318E-3 4.25241E-3 4.5253E-3 4.4247E-3 4.04652E-3 3.93129E-3 1.82509E-3 1.51685E-3 1.52552E-3 1.52403E-3 1.72047E-3 1.84163E-3 1.88048E-3 1.79163E-3 4.07426E-3 4.37353E-3 3.67935E-3 3.60365E-3 1.39007E-3 1.60393E-3 1.48085E-3 3.79556E-3 3.7727E-3 4.01513E-3 5.17626E-3 4.60026E-3 4.25807E-3 5.40581E-3 5.34426E-3 5.70498E-3 5.48395E-3 5.79832E-3 5.66984E-3 4.01609E-3 5.21775E-3 6.41412E-3 5.0933E-3 3.71378E-3 6.06937E-3 6.7612E-3 7.07102E-3 7.71435E-3 8.33132E-3 6.45432E-3 6.8973E-3 7.51103E-3 7.90191E-3
1.43573E-3 3.62127E-3 3.37538E-3 3.50792E-3 3.46162E-3 3.50795E-3 3.67548E-3 3.55605E-3 3.53457E-3 3.67527E-3 3.78853E-3 3.66446E-3 4.00386E-3 4.64753E-3 4.81357E-3 4.31961E-3 4.56809E-3 4.79899E-3 3.56447E-3 1.36189E-3 1.41446E-3 1.43543E-3 1.37696E-3 1.33384E-3 1.43158E-3 1.71145E-3 4.89114E-3 5.43604E-3 3.82355E-3 5.47763E-3 4.54399E-3 4.23882E-3 4.12474E-3 3.91287E-3 3.63973E-3 5.88647E-3 5.32352E-3 5.15885E-3 5.73224E-3 5.48499E-3 5.17433E-3 5.70501E-3 5.07385E-3 4.76621E-3 5.99574E-3 5.8451E-3 6.42403E-3 4.20304E-3 6.87472E-3 6.72933E-3 7.03773E-3 6.25788E-3 7.37484E-3 7.72843E-3 6.78907E-3 7.59809E-3 8.78437E-3 7.90191E-3 7.93046E-3 7.82766E-3 8.97685E-3
1.51169E-3 3.96899E-3 3.63544E-3 3.6113E-3 3.64751E-3 3.69596E-3 3.25511E-3 3.61478E-3 3.67788E-3 3.61149E-3 3.74901E-3 3.9124E-3 4.75694E-3 5.39888E-3 5.67479E-3 5.57729E-3 3.35871E-3 1.40715E-3 1.37673E-3 4.15673E-3 4.60362E-3 5.06711E-3 4.5814E-3 3.509E-3 3.87524E-3 4.92772E-3 5.34973E-3 5.28797E-3 5.07968E-3 5.07225E-3 4.97312E-3 4.73416E-3 4.95015E-3 4.99931E-3 3.73949E-3 6.08642E-3 6.06012E-3 5.80389E-3 6.01898E-3 5.61517E-3 5.86864E-3 5.73489E-3 5.95864E-3 5.72124E-3 4.36677E-3 4.1977E-3 5.22073E-3 4.10775E-3 4.76338E-3 4.48637E-3 4.74682E-3 4.20928E-3 4.80797E-3 6.52903E-3 5.07672E-3 5.39709E-3 6.48527E-3 7.4766E-3 8.16562E-3 6.01457E-3 7.68338E-3
3.44893E-3 3.69244E-3 3.72374E-3 3.48605E-3 3.92733E-3 3.39542E-3 3.52757E-3 3.51901E-3 3.80606E-3 3.69961E-3 3.60611E-3 4.29808E-3 4.80541E-3 4.81843E-3 4.72911E-3 4.75437E-3 1.77697E-3 4.15505E-3 4.11274E-3 4.79284E-3 4.25588E-3 4.27781E-3 5.27877E-3 3.78961E-3 3.76122E-3 4.72854E-3 5.40766E-3 5.97063E-3 4.4423E-3 5.72356E-3 5.37773E-3 4.69548E-3 4.05185E-3 4.35035E-3 3.97021E-3 3.67753E-3 3.5354E-3 3.72508E-3 4.17708E-3 3.59773E-3 3.59773E-3 1.66186E-3 3.97393E-3 3.83886E-3 3.51611E-3 5.39123E-3 5.41591E-3 3.92156E-3 5.21257E-3 4.34754E-3 6.26861E-3 5.12892E-3 6.50106E-3 6.38759E-3 6.61699E-3 5.37863E-3 7.95712E-3 7.60508E-3 7.71872E-3 7.64436E-3 7.45566E-3
