Artocarpus heterophyllus SDM files/MIS19/results (without bias file)/Arthet_0.asc
ncols         625
nrows         721
xllcorner     69.99986311115
yllcorner     5.99986187915
cellsize      0.041666667
NODATA_value  -9999
[rows 243 to 269 of 721, columns 0 to 60 of 625]
4.52573E-3 4.64908E-3 4.81165E-3 4.61079E-3 4.76451E-3 4.77351E-3 5.60962E-3 5.78214E-3 5.74816E-3 5.79281E-3 5.57315E-3 5.93538E-3 5.814E-3 5.814E-3 6.01832E-3 5.948E-3 5.99378E-3 5.9238E-3 6.30751E-3 6.28157E-3 6.29249E-3 6.44582E-3 6.31219E-3 6.15747E-3 5.94917E-3 6.45889E-3 6.51839E-3 6.54962E-3 6.31307E-3 6.01944E-3 5.60177E-3 5.75187E-3 5.81351E-3 5.87394E-3 6.24293E-3 6.42858E-3 6.66989E-3 6.56306E-3 6.43784E-3 6.61027E-3 6.64912E-3 6.54016E-3 6.63327E-3 6.89391E-3 6.84607E-3 6.61251E-3 7.8645E-3 7.36575E-3 7.31055E-3 7.01369E-3 7.33515E-3 7.27205E-3 7.11359E-3 7.11359E-3 7.45937E-3 7.718E-3 6.6586E-3 6.89984E-3 7.01454E-3 7.1836E-3 7.38877E-3
4.75516E-3 3.99894E-3 4.79273E-3 4.79273E-3 4.98973E-3 4.96957E-3 5.61828E-3 5.06225E-3 5.95962E-3 5.99482E-3 5.82702E-3 6.20561E-3 5.98116E-3 6.01643E-3 5.98116E-3 6.04737E-3 6.05815E-3 6.1931E-3 6.24294E-3 6.40216E-3 6.15547E-3 6.22801E-3 6.45486E-3 6.02135E-3 6.02343E-3 6.64348E-3 6.65444E-3 6.7852E-3 6.98978E-3 6.65658E-3 6.00709E-3 5.53857E-3 5.56116E-3 5.77763E-3 5.97814E-3 6.17497E-3 6.60167E-3 6.29531E-3 6.4529E-3 6.57164E-3 6.8798E-3 7.03293E-3 6.9177E-3 7.03041E-3 7.12292E-3 6.78317E-3 7.23988E-3 7.28251E-3 7.23988E-3 7.19751E-3 7.23988E-3 6.987E-3 6.72271E-3 6.99877E-3 7.45937E-3 7.78648E-3 6.69058E-3 6.8925E-3 7.01758E-3 7.21803E-3 7.31594E-3
4.13882E-3 4.13882E-3 4.80656E-3 4.82875E-3 4.77206E-3 5.05299E-3 4.89004E-3 5.12229E-3 5.2484E-3 6.05944E-3 5.95062E-3 6.17844E-3 5.99667E-3 6.24671E-3 6.12787E-3 6.19119E-3 6.20212E-3 6.34463E-3 6.17665E-3 6.25379E-3 6.3689E-3 6.09022E-3 6.45486E-3 6.45486E-3 6.4104E-3 6.28816E-3 5.96202E-3 6.46969E-3 6.62697E-3 6.2641E-3 6.24657E-3 5.92304E-3 5.89234E-3 5.70116E-3 5.92094E-3 6.17497E-3 6.66118E-3 6.89364E-3 6.9609E-3 7.11844E-3 6.91036E-3 7.15007E-3 7.17226E-3 7.08606E-3 7.1853E-3 6.96589E-3 7.28251E-3 7.28251E-3 7.19482E-3 7.31483E-3 7.65951E-3 7.05923E-3 6.87871E-3 7.50232E-3 7.86716E-3 6.79942E-3 6.77979E-3 6.74337E-3 6.56531E-3 5.84307E-3 6.2542E-3
4.23776E-3 4.26286E-3 4.27673E-3 4.31739E-3 4.37668E-3 5.08289E-3 4.45822E-3 5.22138E-3 6.09069E-3 6.34216E-3 5.99482E-3 6.28183E-3 6.05192E-3 6.18022E-3 6.40655E-3 6.41768E-3 6.20212E-3 6.20212E-3 6.35378E-3 6.57619E-3 6.5897E-3 6.15547E-3 6.23685E-3 6.13877E-3 6.14742E-3 6.64469E-3 6.18929E-3 6.21505E-3 6.37699E-3 6.42481E-3 5.90669E-3 6.82706E-3 5.50953E-3 5.93531E-3 6.04864E-3 6.62227E-3 7.25127E-3 7.17444E-3 7.07685E-3 7.21712E-3 7.34511E-3 7.47537E-3 7.62277E-3 7.46197E-3 6.86979E-3 6.95581E-3 7.27201E-3 8.08083E-3 7.84455E-3 8.18891E-3 9.29936E-3 1.03509E-2 8.89071E-3 8.15374E-3 7.12623E-3 6.80993E-3 6.51784E-3 5.25118E-3 5.4909E-3 5.91427E-3 5.72478E-3
4.33447E-3 4.25836E-3 4.28358E-3 4.36169E-3 4.47652E-3 4.31845E-3 4.39096E-3 5.26181E-3 4.43304E-3 6.2311E-3 6.38414E-3 6.30945E-3 6.35788E-3 6.22589E-3 6.33171E-3 6.29462E-3 6.26873E-3 6.23203E-3 6.24294E-3 6.54709E-3 6.51987E-3 6.14704E-3 6.23685E-3 6.118E-3 5.9254E-3 5.95756E-3 6.03614E-3 5.85651E-3 6.03791E-3 5.72507E-3 5.73102E-3 6.62547E-3 7.71803E-3 6.75466E-3 6.55201E-3 7.04558E-3 7.23971E-3 7.32231E-3 7.14056E-3 7.50857E-3 7.29948E-3 7.54195E-3 7.66758E-3 7.62002E-3 7.07428E-3 7.27439E-3 7.20164E-3 7.82291E-3 8.20969E-3 8.40743E-3 8.85735E-3 9.12427E-3 8.77962E-3 7.38807E-3 7.11229E-3 7.04998E-3 6.67156E-3 6.6581E-3 6.02759E-3 6.16336E-3 5.25284E-3
4.52077E-3 4.51362E-3 4.61654E-3 4.39096E-3 4.70328E-3 4.68887E-3 4.6613E-3 4.80411E-3 4.77589E-3 5.64546E-3 5.62209E-3 6.34668E-3 6.34668E-3 6.54062E-3 6.59054E-3 6.55194E-3 6.4866E-3 6.44863E-3 6.27967E-3 6.11343E-3 6.29956E-3 6.45308E-3 6.38872E-3 6.59151E-3 7.22747E-3 6.30745E-3 6.52558E-3 6.21674E-3 6.69765E-3 6.22879E-3 5.8622E-3 6.66475E-3 7.36998E-3 7.51423E-3 7.08966E-3 6.94703E-3 7.43451E-3 7.78399E-3 7.58905E-3 8.13421E-3 7.95323E-3 8.08277E-3 7.72082E-3 7.62002E-3 7.54995E-3 7.36024E-3 8.00507E-3 7.91521E-3 8.89689E-3 8.6109E-3 9.0181E-3 8.57368E-3 8.87351E-3 7.69171E-3 7.08141E-3 8.049E-3 7.00136E-3 5.8011E-3 5.78934E-3 5.43414E-3 5.70481E-3
3.97938E-3 4.03543E-3 4.55647E-3 4.76414E-3 4.70824E-3 4.71163E-3 4.76752E-3 4.73949E-3 4.57956E-3 4.66464E-3 4.89306E-3 6.61798E-3 6.2149E-3 6.57919E-3 6.55194E-3 6.53429E-3 6.27787E-3 6.32574E-3 6.32574E-3 6.42048E-3 6.31929E-3 6.31929E-3 6.52424E-3 6.57566E-3 6.7057E-3 6.77444E-3 7.25226E-3 7.59287E-3 8.33099E-3 6.75312E-3 6.21908E-3 6.23686E-3 6.95828E-3 6.90645E-3 6.95432E-3 7.43451E-3 7.90969E-3 7.82581E-3 8.18098E-3 8.02704E-3 8.16937E-3 8.70386E-3 9.60833E-3 9.42471E-3 9.25083E-3 8.9373E-3 8.73962E-3 8.67531E-3 8.62862E-3 8.6109E-3 8.85735E-3 9.29936E-3 7.95223E-3 2.17315E-2 6.85023E-3 8.57492E-3 6.88002E-3 5.75079E-3 5.93897E-3 5.3003E-3 4.70518E-3
3.97518E-3 3.99871E-3 4.01168E-3 4.653E-3 4.68797E-3 4.82408E-3 4.79572E-3 4.91349E-3 4.94252E-3 4.87702E-3 5.1157E-3 5.04243E-3 5.69244E-3 6.64995E-3 6.70061E-3 6.76135E-3 6.68245E-3 6.39362E-3 6.50712E-3 6.32137E-3 6.32137E-3 6.51341E-3 6.35402E-3 6.402E-3 6.51929E-3 6.43679E-3 7.02317E-3 7.68787E-3 7.69845E-3 6.89024E-3 6.61008E-3 6.8294E-3 6.65639E-3 7.11176E-3 7.28039E-3 7.35564E-3 7.95616E-3 8.1332E-3 8.90073E-3 8.37492E-3 8.44873E-3 8.76427E-3 8.794E-3 9.04261E-3 9.05225E-3 9.29831E-3 8.67531E-3 8.9373E-3 8.9898E-3 9.49262E-3 9.16509E-3 8.22479E-3 8.19111E-3 8.35271E-3 7.00439E-3 6.64427E-3 5.96504E-3 4.97146E-3 5.7181E-3 1.54695E-2 5.46996E-3
4.13847E-3 4.27625E-3 4.20854E-3 4.91789E-3 4.79572E-3 4.99253E-3 5.05174E-3 4.88463E-3 4.79905E-3 4.79905E-3 4.86433E-3 5.89065E-3 6.85845E-3 6.65982E-3 6.67116E-3 6.72178E-3 6.68245E-3 6.61563E-3 6.47842E-3 6.42676E-3 6.26943E-3 6.35402E-3 6.31692E-3 6.39534E-3 6.32093E-3 6.18993E-3 6.43535E-3 6.94909E-3 7.51735E-3 7.06076E-3 6.2174E-3 6.83522E-3 6.81427E-3 7.33828E-3 7.98407E-3 8.0029E-3 8.26864E-3 8.21644E-3 8.26474E-3 9.27316E-3 8.59863E-3 9.16202E-3 9.30143E-3 9.29763E-3 9.6771E-3 8.9112E-3 9.33908E-3 1.00018E-2 9.95751E-3 1.01338E-2 8.79173E-3 8.846E-3 9.1477E-3 1.9265E-2 2.20579E-2 2.74303E-2 2.08588E-2 1.8727E-2 1.99794E-2 1.73168E-2 5.9685E-3
4.25108E-3 4.38127E-3 4.94696E-3 4.88898E-3 5.08161E-3 5.02205E-3 4.99253E-3 5.20616E-3 5.24567E-3 5.06363E-3 4.97499E-3 5.7751E-3 6.09574E-3 6.90314E-3 6.67116E-3 6.87418E-3 6.83395E-3 6.82231E-3 6.80749E-3 6.44915E-3 6.61301E-3 6.24336E-3 6.38469E-3 6.08853E-3 5.72079E-3 5.42318E-3 5.55878E-3 6.43142E-3 7.30863E-3 7.29738E-3 7.00104E-3 7.19752E-3 7.30696E-3 7.21796E-3 7.79917E-3 7.96031E-3 8.55154E-3 8.55154E-3 8.79329E-3 9.13882E-3 9.30091E-3 9.8378E-3 9.66302E-3 9.83442E-3 9.83442E-3 1.0082E-2 9.86774E-3 1.04202E-2 1.04846E-2 1.0377E-2 9.09624E-3 2.33753E-2 2.393E-2 2.17325E-2 2.41109E-2 2.3283E-2 2.07484E-2 6.68669E-3 7.44256E-3 1.95503E-2 1.98032E-2
4.43325E-3 4.35551E-3 5.11968E-3 5.29013E-3 5.08959E-3 5.28455E-3 5.27605E-3 5.11496E-3 5.29339E-3 5.24014E-3 5.46368E-3 5.17953E-3 5.8623E-3 6.0765E-3 5.80361E-3 6.01549E-3 6.61145E-3 6.56675E-3 6.66198E-3 6.56353E-3 6.54539E-3 6.46664E-3 6.59457E-3 7.09244E-3 6.70571E-3 6.55106E-3 6.03405E-3 7.13618E-3 7.04945E-3 6.95633E-3 7.2747E-3 7.10244E-3 7.77288E-3 7.80733E-3 8.05419E-3 8.3795E-3 8.57831E-3 8.76364E-3 8.88037E-3 9.50804E-3 9.79075E-3 1.06999E-2 9.7874E-3 1.03704E-2 1.03066E-2 1.07777E-2 1.08409E-2 2.61847E-2 9.43775E-3 2.47271E-2 2.41901E-2 2.57847E-2 2.69533E-2 2.31584E-2 2.3723E-2 2.87214E-2 2.72958E-2 2.26125E-2 2.10457E-2 2.19222E-2 2.11867E-2
4.45474E-3 4.45474E-3 5.11968E-3 5.16684E-3 5.20555E-3 5.23633E-3 5.44586E-3 5.34781E-3 5.41119E-3 5.15385E-3 5.30219E-3 5.31095E-3 5.31966E-3 6.0409E-3 5.97033E-3 6.11591E-3 6.01905E-3 5.92898E-3 6.48295E-3 6.82852E-3 6.70952E-3 6.65185E-3 6.85337E-3 7.28121E-3 7.39195E-3 6.78456E-3 6.69485E-3 7.111E-3 7.22945E-3 7.111E-3 7.22549E-3 7.43252E-3 7.49746E-3 7.88404E-3 8.33929E-3 8.6886E-3 9.08314E-3 9.05667E-3 1.00229E-2 9.78704E-3 1.0039E-2 1.03414E-2 1.07114E-2 2.61426E-2 1.10672E-2 1.09383E-2 1.07777E-2 2.64622E-2 2.32911E-2 2.40158E-2 2.57544E-2 2.76099E-2 2.86877E-2 3.02098E-2 3.336E-2 3.09835E-2 2.92479E-2 2.48776E-2 2.04748E-2 2.2159E-2 2.26292E-2
4.56107E-3 5.3214E-3 5.29013E-3 5.26458E-3 5.4748E-3 5.36177E-3 5.54295E-3 5.3164E-3 5.56705E-3 5.47855E-3 5.51938E-3 5.45534E-3 5.50477E-3 6.34601E-3 5.99917E-3 6.08911E-3 6.12827E-3 6.90055E-3 6.95238E-3 6.79841E-3 6.64783E-3 6.93014E-3 7.04945E-3 7.00834E-3 7.04945E-3 6.76268E-3 6.80239E-3 7.02821E-3 7.04559E-3 7.35362E-3 7.31066E-3 7.95406E-3 8.03632E-3 7.89232E-3 8.22937E-3 9.13653E-3 8.86873E-3 9.54762E-3 9.67293E-3 1.04279E-2 1.07743E-2 2.61704E-2 1.09653E-2 1.07743E-2 2.68476E-2 2.8889E-2 2.69189E-2 2.75215E-2 2.53542E-2 2.59884E-2 2.73527E-2 2.85523E-2 2.97996E-2 3.22279E-2 3.40047E-2 2.96067E-2 2.71304E-2 2.52091E-2 2.40741E-2 2.38041E-2 2.3157E-2
4.81239E-3 5.34722E-3 5.59667E-3 5.65706E-3 5.58157E-3 5.38776E-3 5.6477E-3 5.57615E-3 5.4464E-3 5.39665E-3 5.4285E-3 5.4959E-3 5.66293E-3 5.60567E-3 6.31824E-3 6.29143E-3 7.36567E-3 7.20348E-3 7.25636E-3 7.11724E-3 7.07566E-3 7.08696E-3 6.88251E-3 6.96358E-3 6.88968E-3 6.94237E-3 6.91177E-3 6.99324E-3 7.26795E-3 7.60874E-3 7.86142E-3 8.31506E-3 8.66303E-3 8.6886E-3 8.98676E-3 9.24425E-3 1.01621E-2 1.01135E-2 9.9025E-3 1.25244E-2 2.63229E-2 1.11976E-2 2.79619E-2 2.7639E-2 2.89592E-2 2.93961E-2 2.98213E-2 2.88337E-2 2.53542E-2 2.69077E-2 2.81555E-2 2.93579E-2 3.04317E-2 3.13197E-2 3.20538E-2 2.76398E-2 2.68897E-2 2.54181E-2 2.48695E-2 2.70548E-2 2.83548E-2
4.86427E-3 5.56378E-3 5.65706E-3 5.79203E-3 6.00369E-3 5.59994E-3 5.93339E-3 5.8388E-3 5.70295E-3 5.7458E-3 5.56093E-3 5.4959E-3 5.76364E-3 5.67188E-3 6.31824E-3 6.27661E-3 7.40901E-3 7.4208E-3 7.21393E-3 7.26795E-3 7.07566E-3 7.15161E-3 7.28986E-3 7.19363E-3 6.95238E-3 7.07566E-3 7.31066E-3 7.35362E-3 7.47619E-3 7.47223E-3 7.85749E-3 8.26261E-3 8.75218E-3 8.66305E-3 9.4635E-3 9.99565E-3 1.00991E-2 2.64139E-2 1.0583E-2 3.07052E-2 3.1244E-2 2.84143E-2 2.82886E-2 2.93901E-2 2.97391E-2 2.96043E-2 3.15558E-2 3.1889E-2 2.76611E-2 2.8279E-2 2.77375E-2 2.88841E-2 3.02173E-2 3.19745E-2 2.8221E-2 2.67027E-2 2.5828E-2 2.58007E-2 2.54498E-2 2.87922E-2 3.5456E-2
5.78232E-3 5.80138E-3 5.93339E-3 5.6663E-3 6.03915E-3 5.64175E-3 5.96214E-3 6.18616E-3 5.88228E-3 6.06088E-3 6.01621E-3 5.58783E-3 5.72987E-3 5.72384E-3 5.8347E-3 6.57148E-3 7.48552E-3 7.75778E-3 7.46443E-3 7.59688E-3 7.34594E-3 7.18218E-3 7.23589E-3 7.32117E-3 7.23589E-3 7.27841E-3 7.46443E-3 7.65344E-3 7.51616E-3 8.0355E-3 8.0355E-3 8.93758E-3 8.84273E-3 8.97339E-3 9.60377E-3 1.00401E-2 1.20593E-2 3.00955E-2 3.23154E-2 3.26481E-2 3.43584E-2 3.49603E-2 3.49136E-2 3.27385E-2 3.15517E-2 3.13362E-2 3.28243E-2 3.31706E-2 2.93775E-2 2.99645E-2 3.00042E-2 3.05286E-2 3.13878E-2 2.77033E-2 2.70148E-2 2.62445E-2 2.65558E-2 2.68613E-2 2.75485E-2 3.2481E-2 3.78891E-2
5.91391E-3 5.60586E-3 5.93339E-3 6.10425E-3 6.43645E-3 5.74232E-3 5.81346E-3 6.07791E-3 5.84777E-3 6.16873E-3 5.87635E-3 6.04529E-3 6.01919E-3 5.7915E-3 6.68821E-3 8.00637E-3 7.87493E-3 7.70032E-3 7.93354E-3 7.58895E-3 7.46443E-3 7.43157E-3 7.66442E-3 7.47527E-3 7.51922E-3 7.50832E-3 7.59688E-3 7.89542E-3 8.32313E-3 8.27449E-3 8.39645E-3 8.92436E-3 9.06971E-3 9.9654E-3 9.43628E-3 1.1484E-2 1.25507E-2 3.21206E-2 3.41965E-2 3.41965E-2 3.57312E-2 3.49136E-2 3.7992E-2 3.46917E-2 3.24002E-2 3.55046E-2 3.58786E-2 3.55522E-2 3.10935E-2 3.15301E-2 3.18953E-2 3.13891E-2 2.72584E-2 2.74146E-2 2.76069E-2 2.78975E-2 2.91537E-2 2.82864E-2 2.96621E-2 3.09118E-2 3.22608E-2
5.99321E-3 6.00369E-3 6.16578E-3 6.12025E-3 6.28672E-3 6.29632E-3 6.35441E-3 6.29929E-3 6.26236E-3 6.44237E-3 6.18916E-3 6.22858E-3 6.15582E-3 6.99166E-3 7.20328E-3 7.81399E-3 8.20504E-3 7.82886E-3 7.88644E-3 7.99172E-3 7.7236E-3 7.67845E-3 7.60789E-3 7.76901E-3 7.7236E-3 8.00007E-3 7.77712E-3 8.08274E-3 8.38765E-3 8.95037E-3 8.82028E-3 9.45342E-3 9.73458E-3 1.05405E-2 2.66395E-2 2.59573E-2 3.19017E-2 3.27526E-2 3.56471E-2 3.4667E-2 3.85601E-2 3.66053E-2 4.09081E-2 3.84097E-2 3.69682E-2 3.7094E-2 3.71425E-2 3.27101E-2 3.25639E-2 3.26068E-2 3.31741E-2 2.91447E-2 2.94798E-2 2.98179E-2 2.92139E-2 2.99668E-2 3.08024E-2 3.03464E-2 3.01666E-2 3.17382E-2 3.40738E-2
6.16578E-3 5.90479E-3 6.07482E-3 6.29632E-3 6.50574E-3 6.50574E-3 6.65362E-3 6.3738E-3 6.40461E-3 6.48035E-3 6.79511E-3 6.21908E-3 6.40747E-3 6.95072E-3 7.10846E-3 7.27757E-3 8.24468E-3 7.96787E-3 8.14852E-3 8.24468E-3 7.9795E-3 7.92126E-3 7.92126E-3 8.12116E-3 8.27775E-3 8.16893E-3 8.25331E-3 8.59921E-3 8.78139E-3 9.14936E-3 9.45342E-3 9.66388E-3 1.04645E-2 2.52412E-2 2.72212E-2 2.74652E-2 2.98299E-2 3.09254E-2 3.3028E-2 3.75015E-2 4.2238E-2 3.90027E-2 4.23026E-2 4.40434E-2 3.78309E-2 3.92537E-2 3.9479E-2 3.42547E-2 3.48154E-2 3.39037E-2 3.42937E-2 3.06541E-2 3.15923E-2 3.26953E-2 3.2218E-2 3.18774E-2 3.191E-2 3.12505E-2 3.06842E-2 3.18385E-2 2.9822E-2
6.41823E-3 6.44626E-3 6.6098E-3 6.17671E-3 6.59278E-3 6.51567E-3 6.36412E-3 6.58569E-3 6.3738E-3 6.54708E-3 6.78793E-3 6.59845E-3 7.78069E-3 7.61938E-3 7.53044E-3 8.80686E-3 8.80686E-3 8.5024E-3 8.63171E-3 8.48117E-3 8.58124E-3 8.48117E-3 8.30527E-3 8.30527E-3 8.45268E-3 8.49005E-3 8.88855E-3 8.79411E-3 9.42526E-3 9.20317E-3 9.96563E-3 1.0222E-2 2.62626E-2 2.78024E-2 2.77277E-2 3.36722E-2 3.03862E-2 3.20201E-2 3.21187E-2 3.38481E-2 3.50003E-2 4.10379E-2 4.54725E-2 4.60675E-2 4.08252E-2 4.1298E-2 3.58368E-2 3.58335E-2 3.58297E-2 3.50926E-2 3.04779E-2 3.17395E-2 3.26606E-2 3.47473E-2 3.64162E-2 3.77105E-2 3.66741E-2 3.22967E-2 2.84688E-2 3.15647E-2 3.37574E-2
6.64857E-3 6.37085E-3 6.71017E-3 6.3126E-3 6.71017E-3 6.91321E-3 6.79238E-3 6.85508E-3 6.89549E-3 7.2301E-3 6.7852E-3 7.70937E-3 7.68986E-3 7.64155E-3 9.0863E-3 9.25127E-3 8.74252E-3 8.73341E-3 8.68231E-3 9.03683E-3 8.61885E-3 8.93147E-3 8.41886E-3 8.84941E-3 8.88855E-3 8.83658E-3 8.87551E-3 8.9934E-3 9.45349E-3 1.00032E-2 2.44786E-2 2.55457E-2 2.64157E-2 2.90875E-2 2.95264E-2 3.14298E-2 3.28426E-2 3.58272E-2 3.76916E-2 3.76916E-2 4.00244E-2 3.89273E-2 4.21539E-2 4.2062E-2 4.17316E-2 3.70588E-2 3.70938E-2 3.81308E-2 3.87875E-2 3.30451E-2 3.25082E-2 3.34208E-2 3.45483E-2 3.57492E-2 3.7805E-2 4.02448E-2 4.73027E-2 4.13454E-2 3.33009E-2 3.58654E-2 3.29824E-2
6.52256E-3 6.59278E-3 6.99495E-3 6.59278E-3 6.98484E-3 7.23835E-3 7.13545E-3 6.88819E-3 6.67365E-3 7.17751E-3 6.98019E-3 8.10708E-3 8.05963E-3 7.81162E-3 7.76585E-3 9.29235E-3 9.29235E-3 8.82357E-3 8.98405E-3 9.12067E-3 9.0768E-3 9.18757E-3 9.13021E-3 9.02369E-3 9.29235E-3 9.45735E-3 9.2788E-3 1.00037E-2 2.3892E-2 2.48148E-2 2.55818E-2 2.66993E-2 2.82645E-2 2.88519E-2 3.13743E-2 3.16563E-2 3.23205E-2 3.64158E-2 3.82685E-2 3.81295E-2 3.8979E-2 4.12375E-2 4.21539E-2 4.31876E-2 3.80923E-2 3.90662E-2 3.90596E-2 4.07932E-2 4.22197E-2 3.72359E-2 3.68001E-2 3.55928E-2 3.59548E-2 3.69886E-2 3.78325E-2 4.06904E-2 4.31178E-2 4.45931E-2 3.51868E-2 3.32367E-2 3.24021E-2
6.59278E-3 7.20354E-3 6.78241E-3 7.14356E-3 7.23835E-3 7.28101E-3 7.07018E-3 7.14622E-3 7.21218E-3 7.42725E-3 8.44711E-3 8.23939E-3 8.53787E-3 7.84938E-3 8.37649E-3 9.62526E-3 9.7859E-3 9.56896E-3 9.40202E-3 9.51299E-3 9.6012E-3 9.6152E-3 9.3922E-3 9.70434E-3 9.70434E-3 9.90138E-3 9.99319E-3 9.88699E-3 2.55309E-2 2.567E-2 2.64279E-2 2.74584E-2 2.85586E-2 2.99554E-2 3.22633E-2 3.23651E-2 3.3044E-2 3.87654E-2 4.05008E-2 4.10128E-2 4.10128E-2 4.24528E-2 4.3188E-2 3.76601E-2 4.0034E-2 4.09143E-2 4.19094E-2 4.37639E-2 3.77573E-2 3.91182E-2 4.00404E-2 3.84543E-2 3.76117E-2 3.98098E-2 4.13438E-2 4.10024E-2 4.27007E-2 3.95527E-2 4.85892E-2 3.85382E-2 3.66999E-2
7.01817E-3 7.15377E-3 6.88537E-3 7.06003E-3 1.78507E-2 1.79021E-2 7.13602E-3 1.74883E-2 8.3156E-3 2.1181E-2 2.02656E-2 2.09942E-2 2.13336E-2 8.23939E-3 2.12096E-2 8.14315E-3 2.33433E-2 2.37628E-2 9.82973E-3 2.41815E-2 9.7722E-3 2.36248E-2 2.40065E-2 2.37285E-2 2.40162E-2 2.48342E-2 2.44042E-2 2.42197E-2 2.69034E-2 2.58568E-2 2.74622E-2 3.01027E-2 2.70044E-2 2.85505E-2 3.59411E-2 3.37547E-2 3.37834E-2 3.77123E-2 4.03217E-2 4.13046E-2 4.25624E-2 4.43589E-2 4.75775E-2 3.99401E-2 4.25933E-2 4.33773E-2 4.40154E-2 4.31059E-2 3.84508E-2 3.86595E-2 3.91202E-2 3.64251E-2 3.4979E-2 3.81033E-2 4.16334E-2 4.39078E-2 4.89871E-2 4.28505E-2 3.74403E-2 4.92659E-2 4.23122E-2
1.76094E-2 1.80855E-2 7.26304E-3 1.77466E-2 1.75666E-2 1.80665E-2 1.80665E-2 1.85826E-2 8.49229E-3 2.06922E-2 2.07227E-2 8.46344E-3 2.08133E-2 8.65553E-3 2.00303E-2 2.0452E-2 2.36959E-2 2.33191E-2 2.42901E-2 2.487E-2 9.7722E-3 2.42901E-2 2.39488E-2 2.52382E-2 2.4801E-2 2.61085E-2 2.61357E-2 2.76333E-2 2.8155E-2 2.868E-2 2.89383E-2 3.04175E-2 2.76072E-2 3.09807E-2 3.27855E-2 3.9333E-2 3.71134E-2 4.08525E-2 4.15137E-2 4.36617E-2 4.47766E-2 4.58111E-2 4.12631E-2 4.21252E-2 4.26022E-2 4.52108E-2 4.53364E-2 4.02125E-2 4.23235E-2 4.3066E-2 4.64988E-2 4.4734E-2 3.38249E-2 4.69013E-2 4.3116E-2 4.55052E-2 5.7007E-2 7.99544E-2 3.41614E-2 3.57362E-2 4.3595E-2
7.17811E-3 1.79801E-2 7.22045E-3 1.74641E-2 1.87759E-2 1.84688E-2 1.88011E-2 2.10887E-2 2.14072E-2 2.17532E-2 2.2463E-2 2.21141E-2 2.18806E-2 2.26695E-2 2.17532E-2 2.20409E-2 2.15325E-2 2.45137E-2 2.49821E-2 2.61085E-2 2.42573E-2 2.58437E-2 2.42573E-2 2.64525E-2 2.55074E-2 2.73529E-2 2.64143E-2 2.69907E-2 3.00773E-2 3.00773E-2 3.11443E-2 2.87985E-2 2.85578E-2 3.13424E-2 3.76083E-2 3.86584E-2 3.88824E-2 4.16651E-2 4.33188E-2 4.62564E-2 4.61418E-2 4.86396E-2 4.31047E-2 4.35917E-2 4.57808E-2 4.74244E-2 4.20691E-2 4.35513E-2 4.55674E-2 4.75599E-2 5.07048E-2 5.00397E-2 3.69342E-2 4.99576E-2 4.29701E-2 5.114E-2 5.6143E-2 5.56369E-2 4.44245E-2 3.63217E-2 4.81155E-2
1.79021E-2 1.7261E-2 1.83611E-2 1.80417E-2 1.87759E-2 1.86915E-2 2.18835E-2 2.15868E-2 2.20117E-2 2.25612E-2 2.33401E-2 2.22669E-2 2.26064E-2 2.29018E-2 2.17239E-2 2.28718E-2 2.26162E-2 2.53627E-2 2.67622E-2 2.53256E-2 2.65066E-2 2.70474E-2 2.61995E-2 2.68172E-2 2.76095E-2 2.83541E-2 2.91912E-2 2.97722E-2 3.14754E-2 2.79116E-2 2.65493E-2 2.9583E-2 3.0735E-2 3.14917E-2 3.23049E-2 3.90319E-2 4.06421E-2 4.20142E-2 4.27879E-2 4.5469E-2 4.70133E-2 5.02341E-2 4.45208E-2 4.43014E-2 4.68506E-2 4.27984E-2 4.55111E-2 4.61188E-2 4.86088E-2 5.13676E-2 5.96138E-2 5.66221E-2 4.9454E-2 6.41354E-2 5.39697E-2 6.14962E-2 8.59784E-2 6.34724E-2 4.13776E-2 4.02038E-2 5.85E-2
