Artocarpus heterophyllus SDM files/MIS19/results (without bias file)/Arthet_6.asc
ncols         625
nrows         721
xllcorner     69.99986311115
yllcorner     5.99986187915
cellsize      0.041666667
NODATA_value  -9999
[rows 459 to 485 of 721, columns 244 to 304 of 625]
3.26545E-1 2.936E-1 2.62974E-1 3.14828E-1 2.69733E-1 2.90908E-1 2.81292E-1 2.66882E-1 3.42625E-1 3.39858E-1 3.46384E-1 2.84259E-1 2.63439E-1 2.6957E-1 3.35657E-1 3.53689E-1 2.97187E-1 2.43976E-1 2.26464E-1 2.24069E-1 2.65016E-1 3.58549E-1 2.33836E-1 2.50466E-1 2.94151E-1 2.51366E-1 2.33819E-1 2.70377E-1 2.54817E-1 2.39826E-1 2.82712E-1 2.63511E-1 2.5136E-1 2.37731E-1 2.5759E-1 1.93049E-1 1.89468E-1 1.56915E-1 1.5355E-1 1.58795E-1 1.46643E-1 1.19586E-1 1.19259E-1 1.09344E-1 1.13173E-1 1.05701E-1 1.09342E-1 1.09255E-1 1.02293E-1 1.02395E-1 9.71439E-2 -9999 8.81262E-2 -9999 -9999 -9999 -9999 -9999 -9999 -9999 -9999
3.2612E-1 2.954E-1 2.68789E-1 3.13929E-1 3.02985E-1 2.82322E-1 2.78595E-1 2.83229E-1 3.49693E-1 3.39632E-1 3.04652E-1 2.84428E-1 2.58742E-1 3.27325E-1 3.76631E-1 3.41455E-1 2.81253E-1 2.66027E-1 2.18842E-1 2.04638E-1 2.5652E-1 2.85044E-1 2.611E-1 2.11407E-1 2.54532E-1 2.47001E-1 2.20137E-1 2.22793E-1 2.42292E-1 2.38264E-1 2.28258E-1 2.27219E-1 2.36292E-1 2.63548E-1 1.86359E-1 1.42402E-1 1.5944E-1 1.52534E-1 1.43086E-1 1.42227E-1 1.37861E-1 1.21783E-1 1.16719E-1 1.12868E-1 1.1194E-1 1.03551E-1 1.075E-1 1.05859E-1 1.05136E-1 1.03303E-1 1.00319E-1 9.78887E-2 8.99752E-2 -9999 -9999 -9999 -9999 -9999 -9999 -9999 -9999
3.30878E-1 3.12856E-1 2.83734E-1 2.85334E-1 2.84873E-1 2.98625E-1 3.05706E-1 3.07779E-1 3.76744E-1 3.95772E-1 2.90062E-1 2.82033E-1 2.60931E-1 3.34408E-1 4.14113E-1 3.1702E-1 2.66848E-1 2.77692E-1 2.56983E-1 2.44994E-1 2.31962E-1 2.6069E-1 2.49504E-1 2.19121E-1 2.08607E-1 1.98187E-1 2.05223E-1 2.11369E-1 2.14763E-1 2.25617E-1 2.26671E-1 2.14562E-1 1.94193E-1 1.51299E-1 1.44122E-1 1.46074E-1 1.53559E-1 1.47275E-1 1.31528E-1 1.30924E-1 1.20244E-1 1.08778E-1 1.02384E-1 1.08309E-1 1.13796E-1 1.12313E-1 1.10392E-1 1.09545E-1 1.08055E-1 1.04992E-1 1.00855E-1 1.04436E-1 8.94807E-2 -9999 -9999 -9999 -9999 -9999 -9999 -9999 -9999
3.38838E-1 3.36962E-1 2.90295E-1 3.04224E-1 2.91317E-1 3.009E-1 3.04117E-1 3.40096E-1 3.27991E-1 4.55516E-1 3.04638E-1 2.58476E-1 2.73564E-1 3.24028E-1 3.57727E-1 3.64788E-1 2.95955E-1 2.63002E-1 3.21719E-1 2.92502E-1 2.21682E-1 2.36591E-1 2.29328E-1 2.18025E-1 2.25636E-1 2.15864E-1 2.23784E-1 2.0862E-1 2.16983E-1 1.84391E-1 1.87336E-1 1.93729E-1 1.35827E-1 1.43576E-1 1.45628E-1 1.52755E-1 1.48552E-1 1.42249E-1 1.28585E-1 1.2415E-1 1.11052E-1 1.05142E-1 1.06599E-1 1.0692E-1 1.10513E-1 1.15231E-1 1.12315E-1 1.1116E-1 1.09563E-1 1.09326E-1 1.01783E-1 1.0741E-1 9.16159E-2 -9999 -9999 -9999 -9999 -9999 -9999 -9999 -9999
3.03651E-1 3.53728E-1 3.09161E-1 2.79345E-1 3.17864E-1 3.22865E-1 2.86434E-1 4.90117E-1 3.50495E-1 4.58633E-1 2.78811E-1 2.61203E-1 2.79191E-1 3.5109E-1 3.46271E-1 3.63664E-1 3.1227E-1 2.50359E-1 2.71345E-1 2.73221E-1 2.32919E-1 2.21258E-1 2.22239E-1 2.10576E-1 2.04157E-1 1.81954E-1 1.79612E-1 1.62978E-1 1.7608E-1 1.85686E-1 1.82962E-1 1.45596E-1 1.40988E-1 1.49971E-1 1.47489E-1 1.49486E-1 1.29464E-1 1.30251E-1 1.21414E-1 1.18264E-1 1.22053E-1 1.16741E-1 1.03148E-1 1.08409E-1 1.07685E-1 1.14353E-1 1.11925E-1 1.1522E-1 1.12406E-1 1.12821E-1 1.06036E-1 1.04259E-1 9.73608E-2 -9999 -9999 -9999 -9999 -9999 -9999 -9999 -9999
2.82144E-1 3.42746E-1 3.09419E-1 3.12741E-1 3.23132E-1 2.89779E-1 3.38169E-1 5.05342E-1 3.76505E-1 2.91028E-1 2.6958E-1 3.17053E-1 4.5232E-1 3.61716E-1 2.91882E-1 2.96416E-1 3.28916E-1 3.00322E-1 2.60534E-1 2.43228E-1 1.96755E-1 1.92E-1 1.96351E-1 1.79508E-1 1.80694E-1 1.75921E-1 1.88885E-1 1.74743E-1 1.68294E-1 1.7472E-1 1.43203E-1 1.40178E-1 1.34455E-1 1.44514E-1 1.41434E-1 1.45093E-1 1.24761E-1 1.20864E-1 1.16761E-1 1.17116E-1 1.12305E-1 1.27134E-1 1.16613E-1 1.12039E-1 1.09616E-1 1.09649E-1 1.14638E-1 1.13507E-1 1.12542E-1 1.11186E-1 1.06725E-1 1.08453E-1 9.82344E-2 -9999 -9999 -9999 -9999 -9999 -9999 -9999 -9999
2.72284E-1 3.31219E-1 3.32673E-1 3.04444E-1 3.32619E-1 2.98047E-1 3.87858E-1 4.33829E-1 5.03103E-1 2.53508E-1 2.59813E-1 4.24296E-1 4.0513E-1 3.30114E-1 2.92531E-1 2.47308E-1 2.66386E-1 2.35025E-1 2.11598E-1 2.18291E-1 1.98693E-1 1.86141E-1 1.8904E-1 1.81967E-1 1.85885E-1 1.8721E-1 1.91313E-1 1.89453E-1 1.86877E-1 1.38361E-1 1.35949E-1 1.32776E-1 1.43792E-1 1.38671E-1 1.43502E-1 1.27532E-1 1.17116E-1 1.18873E-1 1.19723E-1 1.16684E-1 1.09612E-1 1.22701E-1 1.21047E-1 1.12905E-1 1.23116E-1 1.16708E-1 1.19788E-1 1.18083E-1 1.22109E-1 1.13782E-1 1.16843E-1 1.09065E-1 -9999 -9999 -9999 -9999 -9999 -9999 -9999 -9999 -9999
2.75901E-1 3.03375E-1 3.29859E-1 3.36203E-1 3.40387E-1 3.27764E-1 3.36795E-1 3.21604E-1 3.97973E-1 2.9295E-1 2.93445E-1 3.83015E-1 2.95001E-1 2.64735E-1 2.92418E-1 2.66777E-1 2.42708E-1 2.28599E-1 2.29567E-1 2.03213E-1 2.02259E-1 1.9318E-1 1.9383E-1 1.86896E-1 1.8906E-1 1.91756E-1 1.8415E-1 1.90523E-1 1.4301E-1 1.26087E-1 1.2982E-1 1.3443E-1 1.38608E-1 1.34768E-1 1.27043E-1 1.24405E-1 1.13617E-1 1.17893E-1 1.11734E-1 1.13503E-1 1.14276E-1 1.2148E-1 1.26417E-1 1.13243E-1 1.21557E-1 1.19908E-1 1.22998E-1 1.27158E-1 1.25925E-1 1.2112E-1 1.1928E-1 1.1121E-1 -9999 -9999 -9999 -9999 -9999 -9999 -9999 -9999 -9999
3.14011E-1 3.39745E-1 3.75492E-1 4.04982E-1 3.57012E-1 3.53271E-1 3.55045E-1 3.62758E-1 3.3503E-1 2.83334E-1 2.9713E-1 2.74567E-1 2.93694E-1 2.6101E-1 2.60621E-1 2.85439E-1 2.41856E-1 2.36685E-1 2.17993E-1 2.08482E-1 2.09682E-1 1.99022E-1 1.91948E-1 1.91756E-1 1.94549E-1 1.87459E-1 1.91288E-1 1.437E-1 1.3851E-1 1.42375E-1 1.25618E-1 1.36257E-1 1.34251E-1 1.32729E-1 1.22846E-1 1.20384E-1 1.18996E-1 1.15167E-1 1.17313E-1 1.1876E-1 1.25688E-1 1.20678E-1 1.21841E-1 1.25071E-1 1.21564E-1 1.24576E-1 1.28579E-1 1.24262E-1 1.26538E-1 1.25689E-1 1.24037E-1 1.18816E-1 -9999 -9999 -9999 -9999 -9999 -9999 -9999 -9999 -9999
3.41566E-1 4.00034E-1 3.83873E-1 3.52756E-1 3.57808E-1 3.50703E-1 3.41278E-1 3.05939E-1 3.17176E-1 3.09306E-1 3.35557E-1 3.34264E-1 2.89844E-1 2.73102E-1 2.64512E-1 2.68921E-1 2.49491E-1 2.49328E-1 2.14539E-1 2.15591E-1 2.05513E-1 2.05861E-1 2.05487E-1 1.99626E-1 1.99798E-1 1.9409E-1 1.42768E-1 1.44706E-1 1.40974E-1 1.37335E-1 1.28216E-1 1.27622E-1 1.30119E-1 1.27242E-1 1.1992E-1 1.18721E-1 1.16739E-1 1.20276E-1 1.15163E-1 1.17051E-1 1.25607E-1 1.20318E-1 1.20798E-1 1.21031E-1 1.18486E-1 1.27589E-1 1.25032E-1 1.28236E-1 1.30689E-1 1.27587E-1 -9999 -9999 -9999 -9999 -9999 -9999 -9999 -9999 -9999 -9999 -9999
3.83625E-1 4.06304E-1 3.60026E-1 3.36576E-1 3.21428E-1 3.84983E-1 3.25093E-1 3.13105E-1 3.05432E-1 3.6122E-1 3.35998E-1 3.02275E-1 3.20303E-1 2.82684E-1 2.691E-1 2.71663E-1 2.56952E-1 2.57593E-1 2.34383E-1 2.24281E-1 2.15427E-1 2.05365E-1 2.17072E-1 2.07798E-1 2.01908E-1 1.5177E-1 1.4474E-1 1.40531E-1 1.3634E-1 1.34536E-1 1.25104E-1 1.22655E-1 1.27619E-1 1.19548E-1 1.12007E-1 1.10035E-1 1.12487E-1 1.16664E-1 1.20297E-1 1.28238E-1 1.23933E-1 1.25156E-1 1.26804E-1 1.25113E-1 1.2336E-1 1.27018E-1 1.29237E-1 1.30034E-1 -9999 -9999 -9999 -9999 -9999 -9999 -9999 -9999 -9999 -9999 -9999 -9999 -9999
3.70005E-1 3.59451E-1 3.14661E-1 3.29872E-1 3.45293E-1 4.00821E-1 3.40323E-1 3.15952E-1 3.42339E-1 3.75549E-1 3.52402E-1 3.22233E-1 3.23428E-1 3.08299E-1 2.93835E-1 2.7733E-1 2.80985E-1 2.69943E-1 2.32951E-1 2.36612E-1 2.23819E-1 2.15125E-1 2.26784E-1 2.18567E-1 1.5301E-1 1.46631E-1 1.41041E-1 1.45355E-1 1.40764E-1 1.37504E-1 1.21469E-1 1.20413E-1 1.23594E-1 1.163E-1 1.16116E-1 1.14206E-1 1.17685E-1 1.12244E-1 1.24536E-1 1.27863E-1 1.2633E-1 1.30276E-1 1.25134E-1 1.32655E-1 1.30426E-1 1.29846E-1 -9999 -9999 -9999 -9999 -9999 -9999 -9999 -9999 -9999 -9999 -9999 -9999 -9999 -9999 -9999
3.78738E-1 3.54762E-1 3.43791E-1 3.33281E-1 3.92434E-1 3.67008E-1 3.58446E-1 3.33595E-1 3.70532E-1 3.51832E-1 3.5755E-1 3.53163E-1 3.5438E-1 3.10256E-1 3.0501E-1 2.9195E-1 2.91394E-1 2.78784E-1 2.43028E-1 2.415E-1 2.45637E-1 2.39071E-1 2.2705E-1 1.63132E-1 1.57084E-1 1.51641E-1 1.45986E-1 1.41856E-1 1.38842E-1 1.34809E-1 1.24377E-1 1.21801E-1 1.15007E-1 1.13528E-1 1.12713E-1 1.18905E-1 1.14993E-1 1.23423E-1 1.29311E-1 1.3002E-1 1.3531E-1 1.29338E-1 1.2169E-1 1.28614E-1 -9999 -9999 -9999 -9999 -9999 -9999 -9999 -9999 -9999 -9999 -9999 -9999 -9999 -9999 -9999 -9999 -9999
3.8236E-1 3.64376E-1 3.88311E-1 3.71249E-1 4.06586E-1 3.81234E-1 3.83571E-1 3.93878E-1 3.76781E-1 3.5908E-1 3.74675E-1 3.78227E-1 3.662E-1 3.25707E-1 3.30336E-1 3.1923E-1 3.10527E-1 3.04813E-1 2.92839E-1 2.67084E-1 1.84928E-1 1.77366E-1 1.68639E-1 1.61563E-1 1.53834E-1 1.48785E-1 1.51706E-1 1.38239E-1 1.354E-1 1.38052E-1 1.2343E-1 1.34968E-1 1.20044E-1 1.17327E-1 1.21331E-1 1.16763E-1 1.20026E-1 1.20222E-1 1.29027E-1 1.30497E-1 1.21867E-1 -9999 -9999 -9999 -9999 -9999 -9999 -9999 -9999 -9999 -9999 -9999 -9999 -9999 -9999 -9999 -9999 -9999 -9999 -9999 -9999
3.47063E-1 3.53686E-1 4.37911E-1 4.81464E-1 4.91251E-1 3.99589E-1 4.06424E-1 3.94673E-1 3.8838E-1 3.73546E-1 3.90873E-1 3.99995E-1 3.79827E-1 3.90161E-1 3.457E-1 3.38035E-1 3.2567E-1 3.09013E-1 2.07556E-1 1.91073E-1 1.90625E-1 1.82135E-1 1.65056E-1 1.6671E-1 1.52142E-1 1.54308E-1 1.41316E-1 1.41589E-1 1.36721E-1 1.30411E-1 -9999 -9999 -9999 -9999 -9999 1.1572E-1 1.18477E-1 1.24753E-1 1.28414E-1 -9999 -9999 -9999 -9999 -9999 -9999 -9999 -9999 -9999 -9999 -9999 -9999 -9999 -9999 -9999 -9999 -9999 -9999 -9999 -9999 -9999 -9999
3.46806E-1 3.73648E-1 4.94674E-1 5.77005E-1 3.90271E-1 3.78841E-1 3.98668E-1 4.17131E-1 4.05407E-1 4.02564E-1 4.08601E-1 4.15404E-1 4.16542E-1 4.06051E-1 3.68487E-1 3.5203E-1 2.30893E-1 2.22733E-1 2.21147E-1 2.14332E-1 1.88467E-1 1.78087E-1 1.6998E-1 1.64576E-1 1.5861E-1 1.54167E-1 1.4376E-1 1.41829E-1 -9999 -9999 -9999 -9999 -9999 -9999 -9999 -9999 -9999 -9999 -9999 -9999 -9999 -9999 -9999 -9999 -9999 -9999 -9999 -9999 -9999 -9999 -9999 -9999 -9999 -9999 -9999 -9999 -9999 -9999 -9999 -9999 -9999
3.21055E-1 4.02087E-1 5.85641E-1 4.2994E-1 3.86425E-1 3.87426E-1 4.04422E-1 4.16398E-1 4.36205E-1 4.42007E-1 4.26763E-1 4.36868E-1 4.34312E-1 4.24301E-1 4.18224E-1 2.43508E-1 2.34503E-1 2.35499E-1 2.30652E-1 2.19684E-1 2.12522E-1 1.83351E-1 1.77697E-1 1.6917E-1 1.65876E-1 1.56211E-1 -9999 -9999 -9999 -9999 -9999 -9999 -9999 -9999 -9999 -9999 -9999 -9999 -9999 -9999 -9999 -9999 -9999 -9999 -9999 -9999 -9999 -9999 -9999 -9999 -9999 -9999 -9999 -9999 -9999 -9999 -9999 -9999 -9999 -9999 -9999
3.52131E-1 3.70455E-1 4.51121E-1 4.23305E-1 4.06763E-1 4.55287E-1 4.44043E-1 4.40714E-1 4.39014E-1 4.34345E-1 4.46594E-1 4.54539E-1 4.62947E-1 4.53671E-1 2.75606E-1 2.73253E-1 2.38596E-1 2.43087E-1 2.35438E-1 2.2598E-1 2.0761E-1 1.90346E-1 1.81755E-1 1.77656E-1 1.62491E-1 1.49375E-1 -9999 -9999 -9999 -9999 -9999 -9999 -9999 -9999 -9999 -9999 -9999 -9999 -9999 -9999 -9999 -9999 -9999 -9999 -9999 -9999 -9999 -9999 -9999 -9999 -9999 -9999 -9999 -9999 -9999 -9999 -9999 -9999 -9999 -9999 -9999
4.16789E-1 4.18695E-1 4.56381E-1 4.77334E-1 4.51648E-1 4.47886E-1 4.55107E-1 4.86261E-1 4.8265E-1 4.97765E-1 4.66242E-1 4.74341E-1 2.93519E-1 2.75501E-1 2.80254E-1 2.66988E-1 2.55091E-1 2.39667E-1 2.30224E-1 2.21809E-1 2.12683E-1 2.04928E-1 1.79126E-1 1.63862E-1 1.50447E-1 1.24246E-1 -9999 -9999 -9999 -9999 -9999 -9999 -9999 -9999 -9999 -9999 -9999 -9999 -9999 -9999 -9999 -9999 -9999 -9999 -9999 -9999 -9999 -9999 -9999 -9999 -9999 -9999 -9999 -9999 -9999 -9999 -9999 -9999 -9999 -9999 -9999
4.318E-1 4.33251E-1 4.43507E-1 4.56426E-1 4.66129E-1 4.74347E-1 4.78857E-1 4.88029E-1 4.97231E-1 3.06312E-1 2.97587E-1 2.93114E-1 2.82737E-1 2.77586E-1 2.72871E-1 2.71527E-1 2.76032E-1 2.669E-1 2.36184E-1 2.06232E-1 1.98032E-1 1.90875E-1 1.66536E-1 1.60706E-1 1.33782E-1 -9999 -9999 -9999 -9999 -9999 -9999 -9999 -9999 -9999 -9999 -9999 -9999 -9999 -9999 -9999 -9999 -9999 -9999 -9999 -9999 -9999 -9999 -9999 -9999 -9999 -9999 -9999 -9999 -9999 -9999 -9999 -9999 -9999 -9999 -9999 -9999
4.5652E-1 4.63905E-1 4.6787E-1 4.73515E-1 4.65412E-1 4.72045E-1 4.83262E-1 4.7214E-1 4.99193E-1 2.96743E-1 3.0106E-1 2.69651E-1 2.89226E-1 2.58328E-1 2.52297E-1 2.48393E-1 2.32888E-1 2.46358E-1 2.19753E-1 2.10702E-1 2.02631E-1 1.61198E-1 1.54719E-1 1.49654E-1 1.46286E-1 -9999 -9999 -9999 -9999 -9999 -9999 -9999 -9999 -9999 -9999 -9999 -9999 -9999 -9999 -9999 -9999 -9999 -9999 -9999 -9999 -9999 -9999 -9999 -9999 -9999 -9999 -9999 -9999 -9999 -9999 -9999 -9999 -9999 -9999 -9999 -9999
4.3849E-1 4.61595E-1 4.65182E-1 4.70001E-1 4.81165E-1 4.90827E-1 4.8185E-1 4.7505E-1 4.87971E-1 2.73423E-1 2.67405E-1 2.60675E-1 2.54589E-1 2.51263E-1 2.46149E-1 2.30686E-1 2.24589E-1 2.18947E-1 1.94914E-1 1.85671E-1 1.79245E-1 1.79912E-1 1.59525E-1 1.53716E-1 -9999 -9999 -9999 -9999 -9999 -9999 -9999 -9999 -9999 -9999 -9999 -9999 -9999 -9999 -9999 -9999 -9999 -9999 -9999 -9999 -9999 -9999 -9999 -9999 -9999 -9999 -9999 -9999 -9999 -9999 -9999 -9999 -9999 -9999 -9999 -9999 -9999
4.14692E-1 4.51743E-1 4.50751E-1 4.57125E-1 4.48069E-1 4.61452E-1 4.7016E-1 4.64537E-1 2.46341E-1 2.40803E-1 2.4799E-1 2.5073E-1 2.36379E-1 2.31194E-1 2.27712E-1 2.22298E-1 2.2664E-1 2.21259E-1 1.79548E-1 1.71841E-1 1.82919E-1 1.84331E-1 1.77948E-1 1.68188E-1 -9999 -9999 -9999 -9999 -9999 -9999 -9999 -9999 -9999 -9999 -9999 -9999 -9999 -9999 -9999 -9999 -9999 -9999 -9999 -9999 -9999 -9999 -9999 -9999 -9999 -9999 -9999 -9999 -9999 -9999 -9999 -9999 -9999 -9999 -9999 -9999 -9999
4.03331E-1 4.09214E-1 4.34054E-1 4.27359E-1 4.36001E-1 4.46593E-1 2.30693E-1 2.22814E-1 2.17862E-1 2.21218E-1 2.15616E-1 2.21716E-1 2.28787E-1 2.13196E-1 2.09266E-1 1.95587E-1 2.08928E-1 2.0269E-1 1.99319E-1 1.75635E-1 1.68393E-1 1.81283E-1 1.80092E-1 1.71787E-1 -9999 -9999 -9999 -9999 -9999 -9999 -9999 -9999 -9999 -9999 -9999 -9999 -9999 -9999 -9999 -9999 -9999 -9999 -9999 -9999 -9999 -9999 -9999 -9999 -9999 -9999 -9999 -9999 -9999 -9999 -9999 -9999 -9999 -9999 -9999 -9999 -9999
3.41095E-1 3.75672E-1 3.80293E-1 4.04467E-1 4.09352E-1 1.89357E-1 2.00971E-1 1.96705E-1 1.99132E-1 2.03126E-1 1.99063E-1 2.12481E-1 1.90727E-1 1.98118E-1 1.86755E-1 1.90257E-1 1.83677E-1 1.9544E-1 2.02103E-1 1.95319E-1 1.74878E-1 1.74273E-1 -9999 -9999 -9999 -9999 -9999 -9999 -9999 -9999 -9999 -9999 -9999 -9999 -9999 -9999 -9999 -9999 -9999 -9999 -9999 -9999 -9999 -9999 -9999 -9999 -9999 -9999 -9999 -9999 -9999 -9999 -9999 -9999 -9999 -9999 -9999 -9999 -9999 -9999 -9999
3.26474E-1 3.29714E-1 3.48143E-1 1.67136E-1 1.71607E-1 1.67459E-1 1.77427E-1 1.79643E-1 1.82948E-1 1.78058E-1 1.82016E-1 1.84154E-1 -9999 1.89344E-1 1.85933E-1 2.03751E-1 1.88462E-1 1.9956E-1 1.96521E-1 1.82815E-1 1.82285E-1 1.90049E-1 -9999 -9999 -9999 -9999 -9999 -9999 -9999 -9999 -9999 -9999 -9999 -9999 -9999 -9999 -9999 -9999 -9999 -9999 -9999 -9999 -9999 -9999 -9999 -9999 -9999 -9999 -9999 -9999 -9999 -9999 -9999 -9999 -9999 -9999 -9999 -9999 -9999 -9999 -9999
3.35786E-1 3.42703E-1 1.69849E-1 1.62704E-1 1.67743E-1 1.61754E-1 1.70416E-1 1.72305E-1 -9999 -9999 -9999 -9999 -9999 -9999 1.9031E-1 1.97904E-1 1.89639E-1 1.97278E-1 1.83683E-1 1.88289E-1 1.76282E-1 -9999 -9999 -9999 -9999 -9999 -9999 -9999 -9999 -9999 -9999 -9999 -9999 -9999 -9999 -9999 -9999 -9999 -9999 -9999 -9999 -9999 -9999 -9999 -9999 -9999 -9999 -9999 -9999 -9999 -9999 -9999 -9999 -9999 -9999 -9999 -9999 -9999 -9999 -9999 -9999
