Artocarpus heterophyllus SDM files/MIS19/results (without bias file)/Arthet_6.asc
ncols         625
nrows         721
xllcorner     69.99986311115
yllcorner     5.99986187915
cellsize      0.041666667
NODATA_value  -9999
[rows 378 to 404 of 721, columns 549 to 609 of 625]
2.30967E-1 2.26828E-1 2.28478E-1 2.29607E-1 2.33181E-1 2.30493E-1 2.55679E-1 4.0049E-1 3.89151E-1 3.58668E-1 3.83282E-1 3.82002E-1 3.91499E-1 3.47158E-1 3.39576E-1 4.41916E-1 4.32422E-1 3.61951E-1 3.86917E-1 3.8674E-1 4.34091E-1 5.86376E-1 5.53608E-1 5.40831E-1 4.15558E-1 4.17873E-1 5.69874E-1 3.76878E-1 5.21469E-1 3.13459E-1 4.75538E-1 5.34926E-1 5.72963E-1 5.27836E-1 5.67126E-1 5.64839E-1 5.83358E-1 4.61848E-1 5.36684E-1 4.36358E-1 4.18916E-1 3.90697E-1 3.3213E-1 3.08536E-1 2.76385E-1 2.60598E-1 2.50164E-1 1.98302E-1 1.92712E-1 2.05295E-1 2.03809E-1 2.18313E-1 1.96526E-1 1.71971E-1 2.17751E-1 2.35296E-1 2.47241E-1 2.64428E-1 2.73396E-1 2.50836E-1 2.53195E-1
2.32713E-1 2.30755E-1 2.27928E-1 2.33958E-1 2.35597E-1 2.34167E-1 2.28457E-1 3.38278E-1 3.66061E-1 3.90995E-1 2.33097E-1 4.44069E-1 4.16003E-1 3.97506E-1 3.19144E-1 3.67914E-1 4.44863E-1 3.90111E-1 4.1694E-1 3.58115E-1 4.28889E-1 4.33061E-1 4.0902E-1 4.02892E-1 4.07289E-1 3.89387E-1 3.90571E-1 5.45187E-1 5.29776E-1 3.75487E-1 5.11468E-1 5.42352E-1 5.16761E-1 6.30068E-1 5.67874E-1 5.12221E-1 6.08593E-1 4.95305E-1 4.48402E-1 4.67449E-1 4.20591E-1 4.0893E-1 3.57567E-1 3.30712E-1 2.77016E-1 2.5961E-1 2.33899E-1 2.02905E-1 1.95868E-1 2.42616E-1 2.5962E-1 2.62378E-1 2.58592E-1 2.34239E-1 2.15078E-1 2.15218E-1 2.40188E-1 2.43394E-1 2.58273E-1 2.45739E-1 2.43517E-1
2.33708E-1 2.33485E-1 2.3063E-1 2.28853E-1 2.25971E-1 2.27416E-1 2.22401E-1 2.14877E-1 3.33159E-1 3.91654E-1 2.18722E-1 3.72735E-1 4.10334E-1 4.00368E-1 2.19273E-1 4.18758E-1 4.84414E-1 4.26518E-1 3.80673E-1 3.70243E-1 3.98925E-1 4.39459E-1 5.76261E-1 5.67908E-1 4.08148E-1 4.11076E-1 3.78989E-1 5.4306E-1 3.9495E-1 3.73532E-1 3.44723E-1 5.53426E-1 5.61305E-1 6.0313E-1 6.0573E-1 5.49007E-1 5.31316E-1 5.78337E-1 5.20012E-1 4.81271E-1 4.25692E-1 3.76916E-1 3.55403E-1 3.11627E-1 2.91713E-1 2.59192E-1 2.39769E-1 2.43924E-1 1.96973E-1 2.41011E-1 2.54124E-1 2.77754E-1 2.95233E-1 2.5985E-1 2.24981E-1 2.17989E-1 2.31812E-1 2.4301E-1 2.43776E-1 2.44934E-1 2.48874E-1
2.42308E-1 -9999 2.32994E-1 2.28387E-1 2.26721E-1 2.28482E-1 2.27786E-1 2.19597E-1 2.21742E-1 3.44631E-1 2.23508E-1 2.23737E-1 4.65143E-1 4.16601E-1 2.16198E-1 2.27956E-1 4.50868E-1 4.39381E-1 3.99972E-1 3.86965E-1 4.25365E-1 3.89824E-1 4.47525E-1 5.58499E-1 3.99984E-1 4.0901E-1 3.92936E-1 7.1934E-1 5.44717E-1 5.32102E-1 3.23907E-1 5.09811E-1 5.11488E-1 5.32173E-1 5.27219E-1 5.87274E-1 5.20948E-1 5.40971E-1 5.47055E-1 5.14234E-1 4.20357E-1 4.00119E-1 3.51265E-1 3.3184E-1 3.04011E-1 2.62779E-1 2.30201E-1 2.2352E-1 2.03038E-1 2.29036E-1 2.50917E-1 2.74954E-1 2.59157E-1 2.36263E-1 2.02634E-1 1.85786E-1 2.61027E-1 2.68748E-1 2.47234E-1 2.49562E-1 2.56041E-1
2.36263E-1 2.30151E-1 2.39298E-1 2.24994E-1 2.25169E-1 2.30398E-1 2.30681E-1 2.34327E-1 2.28266E-1 3.51332E-1 3.44295E-1 2.27916E-1 4.38369E-1 4.42677E-1 3.88941E-1 2.27778E-1 3.72049E-1 4.28858E-1 4.00018E-1 4.06205E-1 3.91054E-1 4.11164E-1 4.38832E-1 4.07344E-1 4.13271E-1 5.78706E-1 5.66648E-1 5.30168E-1 5.13975E-1 3.75218E-1 3.45521E-1 3.17988E-1 4.70293E-1 4.95422E-1 5.41851E-1 6.3679E-1 5.62713E-1 4.70215E-1 4.92735E-1 4.71136E-1 4.03712E-1 3.6623E-1 3.631E-1 3.59144E-1 3.3208E-1 2.62624E-1 2.63728E-1 2.40938E-1 2.03778E-1 1.69562E-1 2.39402E-1 2.35823E-1 1.97586E-1 1.78415E-1 1.72833E-1 1.77072E-1 2.20305E-1 2.45792E-1 2.42371E-1 2.51678E-1 2.59653E-1
2.36623E-1 2.40408E-1 2.31352E-1 1.4729E-1 2.29307E-1 2.37956E-1 2.37269E-1 2.39064E-1 2.32688E-1 2.47394E-1 3.4903E-1 3.44911E-1 3.53606E-1 3.94563E-1 3.81542E-1 4.0145E-1 2.28947E-1 4.27674E-1 4.08836E-1 3.60069E-1 4.15462E-1 4.14585E-1 4.16003E-1 4.16742E-1 4.01104E-1 4.00056E-1 3.97633E-1 4.13456E-1 3.87333E-1 5.30187E-1 3.72854E-1 3.12387E-1 5.00093E-1 4.81172E-1 6.33511E-1 5.57639E-1 5.38584E-1 5.19205E-1 4.55986E-1 4.84546E-1 5.04343E-1 3.93048E-1 3.8723E-1 3.84645E-1 3.52852E-1 2.96747E-1 2.87799E-1 2.49689E-1 2.20432E-1 2.02869E-1 1.7899E-1 2.11336E-1 2.60159E-1 2.10074E-1 2.31012E-1 1.99021E-1 1.75848E-1 2.02073E-1 2.3935E-1 2.40904E-1 2.53878E-1
-9999 1.63312E-1 2.34952E-1 1.56944E-1 2.29879E-1 2.33822E-1 2.26586E-1 2.31217E-1 2.32295E-1 2.51661E-1 -9999 2.39377E-1 2.4558E-1 4.20095E-1 4.24047E-1 4.10846E-1 3.9006E-1 3.82979E-1 3.84733E-1 4.36665E-1 4.41479E-1 4.269E-1 4.15708E-1 4.14095E-1 4.20711E-1 4.03747E-1 4.04539E-1 3.94414E-1 3.76161E-1 3.75359E-1 3.39574E-1 3.54574E-1 3.44117E-1 4.96533E-1 5.02877E-1 6.0044E-1 5.57456E-1 5.54937E-1 4.95205E-1 4.30842E-1 5.12552E-1 4.34779E-1 3.86427E-1 4.00756E-1 3.5854E-1 3.00038E-1 2.76768E-1 2.58355E-1 2.21075E-1 2.18431E-1 1.82608E-1 2.10867E-1 2.81111E-1 3.07034E-1 3.03621E-1 2.67007E-1 2.28941E-1 1.76535E-1 1.9867E-1 2.17243E-1 2.50365E-1
-9999 1.58537E-1 1.6032E-1 2.32194E-1 2.40478E-1 2.25752E-1 2.32037E-1 2.26257E-1 -9999 -9999 -9999 -9999 3.71851E-1 4.04745E-1 3.94022E-1 4.10804E-1 4.08087E-1 3.91287E-1 2.72246E-1 4.61121E-1 4.2763E-1 4.64015E-1 4.0311E-1 4.10893E-1 3.84045E-1 3.79459E-1 3.73311E-1 3.70744E-1 7.45582E-1 7.48688E-1 3.75976E-1 3.39121E-1 3.17114E-1 5.18393E-1 4.71937E-1 5.12362E-1 6.23943E-1 5.27586E-1 4.91103E-1 4.55982E-1 4.82891E-1 4.83128E-1 4.042E-1 3.68322E-1 3.67591E-1 2.87976E-1 3.16367E-1 2.89075E-1 2.57482E-1 2.34117E-1 2.06305E-1 1.99343E-1 2.25637E-1 2.87337E-1 3.03857E-1 3.12142E-1 3.18123E-1 2.78626E-1 2.22164E-1 2.18314E-1 2.45171E-1
-9999 -9999 1.6637E-1 1.56075E-1 1.64843E-1 2.40576E-1 2.23921E-1 2.32022E-1 -9999 -9999 -9999 -9999 2.20961E-1 3.54859E-1 3.80379E-1 4.10171E-1 4.11953E-1 4.13592E-1 4.02318E-1 4.10474E-1 4.15071E-1 4.2733E-1 4.03821E-1 4.04712E-1 4.04335E-1 4.03354E-1 3.90433E-1 3.92116E-1 7.06628E-1 7.71075E-1 7.20851E-1 3.41293E-1 3.16129E-1 2.80292E-1 4.46975E-1 4.32877E-1 4.64016E-1 5.43704E-1 5.2041E-1 4.67554E-1 4.96521E-1 4.4265E-1 4.594E-1 3.66246E-1 3.39766E-1 2.97093E-1 3.65532E-1 3.17341E-1 2.82457E-1 2.47494E-1 2.07717E-1 1.92438E-1 2.16184E-1 2.60589E-1 2.62322E-1 2.88728E-1 3.20673E-1 3.10302E-1 2.52898E-1 2.42865E-1 2.46921E-1
-9999 -9999 -9999 1.60464E-1 1.5788E-1 1.54698E-1 2.31819E-1 1.44071E-1 2.3919E-1 -9999 -9999 -9999 2.33273E-1 2.21463E-1 4.11578E-1 3.91554E-1 4.42784E-1 4.51416E-1 4.36927E-1 3.9233E-1 4.14594E-1 4.25327E-1 3.99548E-1 4.0065E-1 3.83165E-1 4.08617E-1 4.05915E-1 3.83145E-1 7.38169E-1 7.57839E-1 3.47998E-1 6.80857E-1 6.26808E-1 3.25137E-1 2.92378E-1 4.43315E-1 4.59758E-1 4.82746E-1 5.16213E-1 4.97738E-1 4.77496E-1 4.35472E-1 4.89989E-1 3.98374E-1 3.5754E-1 3.14301E-1 3.7771E-1 3.09063E-1 2.63135E-1 3.08278E-1 2.78007E-1 2.25966E-1 1.96947E-1 1.94536E-1 2.51884E-1 2.79737E-1 3.03072E-1 3.25652E-1 2.64287E-1 2.50421E-1 2.50814E-1
-9999 -9999 -9999 1.6171E-1 -9999 1.59022E-1 2.50399E-1 1.47168E-1 2.30244E-1 -9999 -9999 -9999 -9999 1.4535E-1 2.60986E-1 4.35645E-1 4.52937E-1 4.11382E-1 4.1468E-1 4.02478E-1 4.21463E-1 3.8444E-1 3.66179E-1 4.05302E-1 3.76016E-1 4.14404E-1 3.80271E-1 7.3509E-1 7.16442E-1 7.35394E-1 7.10592E-1 3.54785E-1 3.48392E-1 4.46104E-1 2.77608E-1 4.26404E-1 4.17739E-1 4.63005E-1 5.48147E-1 5.10025E-1 4.84029E-1 4.66336E-1 4.67679E-1 4.41201E-1 3.73274E-1 3.33002E-1 3.43757E-1 3.40348E-1 2.96207E-1 2.7979E-1 2.75648E-1 2.54532E-1 2.34005E-1 2.44107E-1 2.2179E-1 2.75362E-1 2.8746E-1 3.28398E-1 2.98132E-1 2.57991E-1 2.62942E-1
-9999 -9999 -9999 1.47417E-1 -9999 -9999 2.41689E-1 2.33646E-1 2.36922E-1 2.53288E-1 -9999 -9999 2.36442E-1 1.42743E-1 3.61509E-1 4.36636E-1 4.30423E-1 4.19231E-1 4.12055E-1 4.14451E-1 4.00007E-1 4.18892E-1 3.79881E-1 3.75381E-1 3.60504E-1 3.93541E-1 3.63047E-1 3.8199E-1 7.98278E-1 7.56161E-1 7.71806E-1 3.52534E-1 3.30073E-1 2.94059E-1 2.84668E-1 2.9045E-1 4.18615E-1 5.3244E-1 5.30674E-1 5.13287E-1 4.90042E-1 4.78101E-1 4.93353E-1 4.5136E-1 4.37155E-1 3.62117E-1 3.45047E-1 3.16303E-1 3.00151E-1 2.5831E-1 2.49277E-1 2.81727E-1 2.34639E-1 2.25354E-1 2.18102E-1 2.57274E-1 2.97224E-1 3.34175E-1 3.40842E-1 2.9027E-1 2.72169E-1
-9999 -9999 -9999 -9999 -9999 -9999 -9999 2.33379E-1 -9999 -9999 -9999 -9999 -9999 2.20741E-1 2.79566E-1 2.55246E-1 4.25812E-1 4.14187E-1 3.86962E-1 3.78738E-1 3.9894E-1 3.94897E-1 3.85262E-1 2.36581E-1 3.60353E-1 4.29587E-1 3.86042E-1 7.32964E-1 7.72456E-1 7.59688E-1 7.89074E-1 7.34554E-1 6.98574E-1 6.55232E-1 2.85804E-1 2.82141E-1 2.8041E-1 4.45321E-1 5.58594E-1 4.93361E-1 4.63985E-1 4.15083E-1 4.58556E-1 4.58926E-1 4.4765E-1 4.32764E-1 3.81944E-1 3.52022E-1 3.04369E-1 3.76712E-1 2.8941E-1 3.67524E-1 3.32219E-1 2.38079E-1 2.16084E-1 2.70154E-1 3.05684E-1 3.37076E-1 3.44584E-1 3.15137E-1 3.14793E-1
-9999 -9999 -9999 -9999 -9999 -9999 -9999 2.3624E-1 2.35909E-1 -9999 -9999 -9999 2.32652E-1 2.54991E-1 2.30583E-1 2.44527E-1 3.58894E-1 3.91026E-1 3.82192E-1 3.8725E-1 4.08902E-1 4.02139E-1 3.82325E-1 2.15765E-1 3.11216E-1 3.7943E-1 3.9787E-1 7.43748E-1 7.82864E-1 7.31982E-1 6.7774E-1 6.63896E-1 6.37398E-1 6.59037E-1 2.66052E-1 2.8034E-1 2.5722E-1 3.76209E-1 5.34048E-1 5.10354E-1 4.73654E-1 4.3269E-1 4.25237E-1 4.57915E-1 4.31145E-1 4.49491E-1 3.85108E-1 3.13272E-1 3.0896E-1 3.59117E-1 3.40464E-1 3.32391E-1 3.60171E-1 2.64444E-1 2.07262E-1 2.77097E-1 3.08184E-1 3.08751E-1 2.89298E-1 2.63071E-1 2.94566E-1
-9999 -9999 -9999 -9999 -9999 -9999 -9999 -9999 -9999 -9999 -9999 -9999 -9999 2.38003E-1 2.53893E-1 2.58201E-1 2.46797E-1 3.8656E-1 3.93952E-1 3.74804E-1 4.09683E-1 3.98116E-1 3.75894E-1 3.90175E-1 2.14543E-1 4.12908E-1 3.94134E-1 7.91215E-1 7.7985E-1 7.89164E-1 3.76908E-1 6.85869E-1 7.22018E-1 6.0355E-1 2.65303E-1 2.80379E-1 2.59634E-1 2.73769E-1 4.30679E-1 5.3187E-1 4.8327E-1 4.33489E-1 4.22861E-1 4.20888E-1 4.18559E-1 4.49712E-1 4.3253E-1 3.47285E-1 3.09592E-1 2.9132E-1 3.14389E-1 2.48187E-1 2.64774E-1 2.62463E-1 2.47533E-1 2.50028E-1 2.809E-1 2.5889E-1 2.80778E-1 2.91923E-1 2.56937E-1
-9999 -9999 -9999 -9999 -9999 -9999 -9999 -9999 -9999 -9999 -9999 -9999 -9999 -9999 2.27854E-1 2.48049E-1 2.7081E-1 2.5627E-1 2.39657E-1 3.85841E-1 4.09355E-1 3.9934E-1 3.91395E-1 3.71765E-1 2.37261E-1 2.66076E-1 3.83003E-1 7.88179E-1 3.49383E-1 3.53983E-1 3.42293E-1 7.63231E-1 3.16636E-1 3.02979E-1 2.69653E-1 2.86601E-1 2.48768E-1 2.48115E-1 3.99009E-1 5.11649E-1 4.80715E-1 4.40687E-1 4.24947E-1 4.40966E-1 4.2966E-1 4.21878E-1 4.1127E-1 4.23248E-1 3.34431E-1 2.86659E-1 2.71386E-1 2.34399E-1 2.79623E-1 3.13823E-1 2.73361E-1 2.3509E-1 3.16193E-1 3.03959E-1 3.14742E-1 3.24121E-1 3.1923E-1
-9999 -9999 -9999 -9999 -9999 -9999 -9999 -9999 -9999 -9999 -9999 -9999 -9999 -9999 -9999 -9999 -9999 2.48354E-1 2.49739E-1 4.11402E-1 4.00816E-1 4.126E-1 3.9369E-1 3.9021E-1 3.66196E-1 3.92872E-1 3.89907E-1 3.99436E-1 3.51608E-1 3.59833E-1 7.78611E-1 7.47844E-1 6.88866E-1 7.35301E-1 6.70472E-1 2.69382E-1 5.87116E-1 2.55313E-1 2.65173E-1 5.27194E-1 5.04262E-1 5.04835E-1 4.14965E-1 4.57419E-1 4.11764E-1 4.00491E-1 4.12994E-1 4.16959E-1 3.69872E-1 3.35223E-1 2.98551E-1 2.96291E-1 2.9828E-1 3.77107E-1 2.35637E-1 2.45729E-1 2.77209E-1 2.83327E-1 2.77927E-1 3.18735E-1 3.51604E-1
-9999 -9999 -9999 -9999 -9999 -9999 -9999 -9999 -9999 -9999 -9999 -9999 -9999 -9999 2.40147E-1 2.33707E-1 -9999 2.48938E-1 2.45802E-1 2.42951E-1 3.72921E-1 3.97116E-1 3.94398E-1 3.95267E-1 3.4554E-1 3.82206E-1 4.21764E-1 3.78983E-1 3.51966E-1 3.5674E-1 3.55657E-1 7.63739E-1 7.63363E-1 6.83573E-1 6.17582E-1 2.66481E-1 5.86806E-1 5.63254E-1 2.56597E-1 5.44131E-1 4.47603E-1 4.96846E-1 3.99176E-1 4.34563E-1 4.47553E-1 4.06739E-1 3.69477E-1 4.02208E-1 4.22894E-1 3.84271E-1 3.72196E-1 3.82613E-1 3.16844E-1 2.93488E-1 2.39876E-1 2.41903E-1 2.93675E-1 3.07743E-1 3.41643E-1 3.37135E-1 3.38836E-1
-9999 -9999 -9999 -9999 -9999 -9999 -9999 -9999 -9999 -9999 -9999 -9999 -9999 -9999 4.75839E-1 2.40873E-1 -9999 2.3927E-1 2.49798E-1 2.53202E-1 4.09399E-1 3.93206E-1 3.98695E-1 3.8385E-1 3.91777E-1 3.96164E-1 3.80136E-1 3.81533E-1 3.7766E-1 3.63176E-1 7.75967E-1 7.37881E-1 7.89899E-1 6.89237E-1 6.82004E-1 2.71574E-1 5.97346E-1 5.89461E-1 5.78085E-1 5.5049E-1 5.37453E-1 5.0154E-1 4.24947E-1 4.26957E-1 4.69225E-1 4.79972E-1 3.609E-1 3.84213E-1 3.88965E-1 3.80304E-1 3.67298E-1 3.36198E-1 3.45888E-1 3.77504E-1 2.62039E-1 2.54298E-1 3.34126E-1 3.52515E-1 3.36322E-1 3.09295E-1 3.21858E-1
-9999 -9999 -9999 -9999 -9999 -9999 -9999 -9999 -9999 -9999 -9999 -9999 -9999 -9999 4.87693E-1 5.0063E-1 2.58169E-1 2.57302E-1 2.38884E-1 2.36336E-1 2.38266E-1 3.97964E-1 3.98293E-1 3.91096E-1 3.80154E-1 4.00014E-1 3.90684E-1 3.7467E-1 8.77451E-1 8.63637E-1 8.53559E-1 7.11863E-1 7.09479E-1 7.28068E-1 6.91742E-1 6.8497E-1 6.24304E-1 5.68675E-1 5.73706E-1 5.54763E-1 5.69028E-1 5.32367E-1 4.67803E-1 4.29847E-1 4.45193E-1 4.45814E-1 3.84564E-1 3.63957E-1 3.71208E-1 3.45375E-1 3.72744E-1 3.09871E-1 2.86476E-1 3.385E-1 3.24868E-1 2.54133E-1 3.21236E-1 2.89432E-1 2.66686E-1 2.608E-1 2.61526E-1
-9999 -9999 -9999 -9999 -9999 -9999 -9999 -9999 -9999 -9999 3.2917E-1 -9999 -9999 5.10297E-1 4.85585E-1 4.75178E-1 4.90423E-1 2.55624E-1 2.52038E-1 2.53667E-1 2.43695E-1 2.55125E-1 3.62734E-1 3.85173E-1 3.71719E-1 3.79454E-1 3.83739E-1 3.59837E-1 8.34048E-1 8.4169E-1 8.54988E-1 7.97177E-1 7.43261E-1 6.67161E-1 6.53876E-1 6.46325E-1 5.77835E-1 5.68257E-1 2.45426E-1 5.69998E-1 5.11295E-1 5.51889E-1 4.84887E-1 4.08735E-1 4.14544E-1 4.3747E-1 4.41978E-1 3.43773E-1 3.75855E-1 3.5906E-1 3.07675E-1 3.47395E-1 2.7255E-1 2.55059E-1 3.39595E-1 2.72201E-1 2.94095E-1 2.77446E-1 2.9169E-1 2.98116E-1 2.58735E-1
-9999 -9999 -9999 -9999 -9999 -9999 -9999 -9999 -9999 3.45869E-1 -9999 -9999 -9999 -9999 3.58197E-1 4.74275E-1 4.87971E-1 4.74113E-1 4.52155E-1 2.3582E-1 2.5853E-1 2.68186E-1 2.59444E-1 3.77587E-1 2.2634E-1 2.72052E-1 4.02959E-1 3.87772E-1 8.30329E-1 8.12063E-1 8.54673E-1 8.49203E-1 7.31331E-1 7.58619E-1 6.97852E-1 5.94395E-1 6.08093E-1 5.91284E-1 2.3322E-1 5.79067E-1 4.87901E-1 4.78597E-1 5.00681E-1 4.29972E-1 3.96205E-1 4.52556E-1 4.14111E-1 3.79363E-1 3.65782E-1 3.80408E-1 3.31794E-1 3.27806E-1 2.9608E-1 2.72114E-1 2.51115E-1 2.83438E-1 2.63179E-1 2.64643E-1 2.74941E-1 3.3485E-1 3.5675E-1
-9999 -9999 -9999 -9999 -9999 -9999 -9999 -9999 -9999 -9999 -9999 -9999 -9999 -9999 3.91164E-1 3.60441E-1 4.96772E-1 5.34598E-1 5.11603E-1 5.08662E-1 2.60803E-1 2.43372E-1 2.37639E-1 3.79925E-1 3.8487E-1 4.18722E-1 3.83829E-1 3.69817E-1 8.48618E-1 8.11896E-1 7.82324E-1 8.20325E-1 8.06345E-1 7.14514E-1 6.45114E-1 6.27161E-1 5.74788E-1 5.44716E-1 5.45471E-1 2.55135E-1 5.45936E-1 4.54713E-1 4.62788E-1 4.06966E-1 3.88171E-1 4.06218E-1 4.44968E-1 4.21762E-1 3.37697E-1 3.30478E-1 2.98207E-1 3.3974E-1 3.68247E-1 3.06299E-1 2.85017E-1 2.91135E-1 3.07293E-1 3.39108E-1 3.34048E-1 3.45313E-1 3.19846E-1
-9999 -9999 -9999 -9999 -9999 -9999 -9999 -9999 -9999 -9999 -9999 -9999 -9999 -9999 4.15783E-1 3.99046E-1 3.61622E-1 5.01163E-1 4.81882E-1 5.11692E-1 4.98393E-1 3.44803E-1 3.69667E-1 4.90647E-1 4.75697E-1 6.35499E-1 4.15255E-1 3.98269E-1 3.73001E-1 8.44001E-1 7.97248E-1 8.40011E-1 8.39465E-1 2.62127E-1 7.45859E-1 6.98826E-1 6.10312E-1 5.78619E-1 5.19506E-1 5.42881E-1 5.44683E-1 5.13524E-1 4.67476E-1 4.1912E-1 3.95434E-1 3.58551E-1 4.30494E-1 4.49884E-1 3.88324E-1 3.45785E-1 3.49099E-1 3.14348E-1 3.56805E-1 3.25904E-1 2.67097E-1 2.81451E-1 2.68717E-1 2.82951E-1 3.11206E-1 3.18903E-1 2.9381E-1
-9999 -9999 -9999 -9999 -9999 -9999 -9999 -9999 -9999 -9999 -9999 -9999 -9999 -9999 -9999 3.88969E-1 4.19731E-1 5.20931E-1 5.04474E-1 5.13764E-1 4.41581E-1 4.78205E-1 4.65618E-1 4.53491E-1 4.69618E-1 4.36328E-1 5.93585E-1 3.80164E-1 3.93926E-1 8.81677E-1 8.89852E-1 8.45663E-1 7.45805E-1 7.84853E-1 7.38854E-1 7.23157E-1 7.10178E-1 5.97504E-1 5.92011E-1 5.44139E-1 6.06081E-1 5.40717E-1 4.81606E-1 4.70185E-1 4.14476E-1 3.78846E-1 3.80116E-1 3.74022E-1 3.92764E-1 3.53499E-1 3.51359E-1 3.01892E-1 3.58876E-1 3.32402E-1 3.17239E-1 2.92485E-1 3.06675E-1 2.99896E-1 2.48766E-1 2.40325E-1 2.2143E-1
-9999 -9999 -9999 -9999 -9999 -9999 -9999 -9999 -9999 -9999 -9999 -9999 -9999 -9999 -9999 -9999 4.43259E-1 3.93715E-1 5.49146E-1 3.46395E-1 4.84698E-1 4.29414E-1 4.22284E-1 4.43336E-1 4.3525E-1 4.46783E-1 4.38369E-1 5.67566E-1 4.07333E-1 8.90612E-1 8.63173E-1 8.32595E-1 8.27962E-1 7.99693E-1 7.49317E-1 6.15273E-1 6.25175E-1 6.47904E-1 6.30587E-1 5.14671E-1 4.83114E-1 4.96298E-1 4.91103E-1 4.3409E-1 4.47197E-1 3.86866E-1 3.73914E-1 3.78105E-1 3.33894E-1 3.3648E-1 3.58121E-1 3.46038E-1 3.35598E-1 3.52215E-1 2.90039E-1 2.82388E-1 2.53031E-1 2.37631E-1 2.79193E-1 3.0699E-1 2.73806E-1
-9999 -9999 -9999 -9999 -9999 -9999 -9999 -9999 -9999 -9999 -9999 -9999 -9999 -9999 -9999 -9999 4.32814E-1 4.21163E-1 3.95564E-1 3.888E-1 3.70458E-1 3.27725E-1 4.78041E-1 4.79336E-1 4.39558E-1 4.49159E-1 4.4453E-1 4.33084E-1 6.48908E-1 8.88957E-1 8.55404E-1 8.34085E-1 8.089E-1 7.17674E-1 6.93831E-1 7.36434E-1 5.95894E-1 6.37322E-1 5.7575E-1 5.38965E-1 5.24742E-1 4.95546E-1 4.73139E-1 4.57522E-1 4.43682E-1 3.98315E-1 3.80856E-1 3.91845E-1 3.6511E-1 3.60234E-1 3.28209E-1 3.32667E-1 3.28076E-1 3.37018E-1 3.00671E-1 2.9658E-1 3.27714E-1 2.98472E-1 2.47081E-1 3.09902E-1 3.45824E-1
