Artocarpus heterophyllus SDM files/MIS19/results (without bias file)/Arthet_min.asc
ncols         625
nrows         721
xllcorner     69.99986311115
yllcorner     5.99986187915
cellsize      0.041666667
NODATA_value  -9999
[rows 216 to 242 of 721, columns 183 to 243 of 625]
6.46236E-2 6.66167E-2 6.67827E-2 6.8161E-2 7.09669E-2 7.15161E-2 7.16927E-2 7.36696E-2 7.37866E-2 7.46654E-2 7.556E-2 7.83406E-2 7.86671E-2 8.10829E-2 8.03106E-2 8.13605E-2 8.32545E-2 8.44877E-2 8.53649E-2 7.87124E-2 8.34547E-2 8.40867E-2 8.39425E-2 8.40559E-2 8.4775E-2 8.43469E-2 8.37073E-2 8.52165E-2 8.58963E-2 8.63983E-2 8.69031E-2 8.7657E-2 8.83567E-2 8.9489E-2 8.96256E-2 9.07724E-2 9.14936E-2 9.24146E-2 9.32699E-2 9.57355E-2 9.67395E-2 9.68679E-2 1.03426E-1 1.03736E-1 1.04398E-1 1.04776E-1 1.10522E-1 1.11037E-1 1.11948E-1 1.08115E-1 1.1223E-1 1.13461E-1 1.14912E-1 1.16294E-1 1.15463E-1 1.17314E-1 1.15902E-1 1.20571E-1 1.22385E-1 1.21653E-1 1.25955E-1
6.5679E-2 6.59595E-2 6.70528E-2 6.83808E-2 6.96855E-2 7.06987E-2 7.21731E-2 7.33503E-2 7.50479E-2 7.44505E-2 7.56879E-2 7.67946E-2 7.81235E-2 7.71134E-2 7.77846E-2 7.82781E-2 8.14289E-2 7.82084E-2 8.11485E-2 8.0528E-2 8.17479E-2 8.08408E-2 8.25782E-2 8.42881E-2 8.41127E-2 8.54502E-2 8.54056E-2 8.68099E-2 8.71325E-2 8.66504E-2 8.7526E-2 8.80993E-2 8.83567E-2 8.98173E-2 9.03424E-2 9.12283E-2 9.18797E-2 9.23409E-2 9.32699E-2 9.48692E-2 1.00896E-1 1.01134E-1 1.0154E-1 1.03319E-1 1.04044E-1 1.04356E-1 1.13053E-1 1.13007E-1 1.10801E-1 1.10202E-1 1.10901E-1 1.15779E-1 1.1651E-1 1.1693E-1 1.18817E-1 1.19764E-1 1.18174E-1 1.14738E-1 1.20772E-1 1.20163E-1 1.22692E-1
6.36663E-2 6.53908E-2 6.67581E-2 6.87099E-2 6.89513E-2 7.04959E-2 7.09278E-2 7.15993E-2 7.42814E-2 7.61585E-2 7.65137E-2 7.54575E-2 7.7691E-2 7.63315E-2 7.61212E-2 7.71869E-2 7.79124E-2 8.05499E-2 8.24922E-2 8.33206E-2 8.52357E-2 7.94774E-2 8.19786E-2 7.94315E-2 8.11753E-2 8.33485E-2 8.35439E-2 8.68225E-2 8.89508E-2 8.78269E-2 8.87138E-2 8.80993E-2 8.88023E-2 8.98895E-2 9.05334E-2 9.13742E-2 9.18342E-2 9.22965E-2 9.28783E-2 9.92976E-2 1.0066E-1 1.00963E-1 1.01607E-1 1.02692E-1 1.05123E-1 1.10237E-1 1.10451E-1 1.11546E-1 1.11753E-1 1.17242E-1 1.18478E-1 1.19024E-1 1.1829E-1 1.18318E-1 1.19812E-1 1.18487E-1 1.21728E-1 1.23795E-1 1.217E-1 1.22951E-1 1.16026E-1
6.58465E-2 6.58465E-2 6.84949E-2 6.92009E-2 6.91313E-2 7.00789E-2 7.06762E-2 7.07954E-2 7.31991E-2 7.35081E-2 7.57521E-2 7.39293E-2 7.83465E-2 7.79654E-2 7.985E-2 8.06279E-2 8.02109E-2 7.9069E-2 8.34057E-2 8.32623E-2 8.3463E-2 8.44598E-2 8.60035E-2 8.69225E-2 7.93918E-2 8.50436E-2 8.39683E-2 8.21998E-2 8.55701E-2 8.85341E-2 8.94839E-2 8.87309E-2 8.88737E-2 9.4172E-2 9.09894E-2 9.13742E-2 9.18342E-2 9.26865E-2 9.91744E-2 9.92531E-2 1.00896E-1 1.01131E-1 1.01265E-1 1.0831E-1 1.09435E-1 1.09209E-1 1.09712E-1 1.11353E-1 1.1636E-1 1.16898E-1 1.18593E-1 1.16887E-1 1.17232E-1 1.17765E-1 1.1892E-1 1.19603E-1 1.19356E-1 1.2221E-1 1.23949E-1 1.21777E-1 1.16731E-1
6.64114E-2 6.6295E-2 6.77466E-2 6.94257E-2 6.97915E-2 6.96694E-2 7.11009E-2 7.17734E-2 7.29901E-2 7.43066E-2 7.46827E-2 7.86173E-2 7.69785E-2 7.73299E-2 7.59429E-2 7.43207E-2 7.77603E-2 7.66888E-2 7.80873E-2 8.09579E-2 8.3838E-2 8.38082E-2 8.40679E-2 8.64395E-2 8.68704E-2 8.73958E-2 8.9661E-2 8.83393E-2 8.44218E-2 8.83595E-2 8.93145E-2 8.97659E-2 9.02194E-2 9.02923E-2 9.4469E-2 9.68126E-2 9.66868E-2 9.67644E-2 9.87588E-2 9.94617E-2 1.00521E-1 1.02633E-1 1.02354E-1 1.08745E-1 1.09429E-1 1.0895E-1 1.0909E-1 1.1552E-1 1.15473E-1 1.15547E-1 1.14446E-1 1.16229E-1 1.16953E-1 1.17102E-1 1.17055E-1 1.18657E-1 1.20617E-1 1.19432E-1 1.21748E-1 1.1702E-1 1.21449E-1
6.46152E-2 6.65787E-2 6.72561E-2 6.78487E-2 6.97734E-2 7.03588E-2 7.19576E-2 7.35579E-2 7.39956E-2 7.63878E-2 7.81119E-2 7.43841E-2 7.23554E-2 7.15674E-2 7.51592E-2 7.65213E-2 8.39408E-2 8.17088E-2 7.80456E-2 7.73625E-2 7.9404E-2 8.2381E-2 8.30079E-2 8.52922E-2 8.65013E-2 8.44588E-2 8.39975E-2 8.7606E-2 8.65662E-2 8.30072E-2 8.59826E-2 9.02776E-2 9.01015E-2 9.57491E-2 9.57491E-2 9.59512E-2 9.64342E-2 9.7172E-2 9.97098E-2 9.99452E-2 1.01635E-1 1.01874E-1 1.02181E-1 1.08271E-1 1.08595E-1 1.08553E-1 1.15759E-1 1.15639E-1 1.13516E-1 1.13093E-1 1.13239E-1 1.1345E-1 1.15408E-1 1.15942E-1 1.16284E-1 1.17596E-1 1.20214E-1 1.20769E-1 1.22491E-1 1.22922E-1 1.19896E-1
6.3762E-2 6.62642E-2 6.83993E-2 6.81497E-2 6.98775E-2 7.10113E-2 7.20649E-2 7.48291E-2 7.58037E-2 7.65231E-2 7.55613E-2 7.09692E-2 7.54887E-2 7.77512E-2 8.3801E-2 8.40752E-2 8.25064E-2 8.20806E-2 8.49052E-2 8.53808E-2 8.22718E-2 7.84045E-2 7.98299E-2 7.91597E-2 8.02202E-2 8.35205E-2 8.50093E-2 8.12427E-2 8.39063E-2 9.58642E-2 9.64248E-2 8.6284E-2 8.74083E-2 9.0036E-2 9.71239E-2 9.67156E-2 9.60286E-2 9.68506E-2 1.00673E-1 1.01011E-1 1.05741E-1 1.06058E-1 1.02177E-1 1.08342E-1 1.08665E-1 1.0837E-1 1.13075E-1 1.13222E-1 1.13368E-1 1.13283E-1 1.1305E-1 1.14731E-1 1.14877E-1 1.15601E-1 1.16404E-1 1.16358E-1 1.1697E-1 1.18967E-1 1.20594E-1 1.22658E-1 1.13967E-1
6.57853E-2 6.64817E-2 6.83143E-2 6.94518E-2 7.17415E-2 7.12417E-2 7.24249E-2 7.37484E-2 7.41358E-2 7.47308E-2 7.1674E-2 7.20389E-2 7.69623E-2 8.3074E-2 8.27839E-2 8.05399E-2 8.06235E-2 8.03435E-2 8.00671E-2 8.45668E-2 8.45668E-2 8.62702E-2 8.54301E-2 8.16728E-2 8.56164E-2 9.08468E-2 9.00159E-2 9.26571E-2 9.30646E-2 8.28106E-2 8.97206E-2 9.20647E-2 9.25036E-2 9.03738E-2 9.80899E-2 9.82267E-2 9.83242E-2 9.93303E-2 9.92284E-2 1.00737E-1 1.0523E-1 1.06839E-1 1.06659E-1 1.08159E-1 1.08665E-1 1.06651E-1 1.0608E-1 1.12842E-1 1.12349E-1 1.13724E-1 1.16656E-1 1.15115E-1 1.15069E-1 1.15408E-1 1.15942E-1 1.15896E-1 1.16311E-1 1.17436E-1 1.19933E-1 1.22179E-1 1.20913E-1
6.667E-2 6.65026E-2 6.87091E-2 7.20278E-2 7.48254E-2 7.45791E-2 7.12894E-2 7.06623E-2 6.8744E-2 7.16579E-2 7.16175E-2 7.67222E-2 8.34809E-2 8.40564E-2 8.08991E-2 8.11008E-2 8.08206E-2 8.2214E-2 8.27657E-2 7.88787E-2 7.8606E-2 7.9327E-2 8.42984E-2 8.55051E-2 8.48913E-2 8.53915E-2 8.65458E-2 8.66062E-2 9.14476E-2 9.26771E-2 9.32231E-2 8.62476E-2 8.78018E-2 9.03612E-2 9.48523E-2 9.94242E-2 9.85573E-2 9.9295E-2 9.96324E-2 1.05053E-1 1.04414E-1 1.06154E-1 1.06584E-1 1.06115E-1 1.0658E-1 1.07649E-1 1.12507E-1 1.13243E-1 1.13578E-1 1.13724E-1 1.14243E-1 1.16412E-1 1.15514E-1 1.16049E-1 1.1654E-1 1.16882E-1 1.16833E-1 1.17258E-1 1.18663E-1 1.19409E-1 1.21241E-1
6.64215E-2 7.06E-2 7.25696E-2 7.2336E-2 6.99549E-2 6.55949E-2 6.72741E-2 7.31589E-2 7.72695E-2 7.7395E-2 7.81582E-2 8.3768E-2 8.1238E-2 7.90645E-2 7.90376E-2 7.77516E-2 7.94492E-2 7.88201E-2 8.27519E-2 8.0777E-2 8.37769E-2 8.51274E-2 8.26005E-2 8.26592E-2 8.27178E-2 8.3206E-2 8.23493E-2 8.38957E-2 8.39562E-2 8.80887E-2 9.15649E-2 8.94407E-2 9.48233E-2 9.39711E-2 9.13414E-2 9.94546E-2 9.90361E-2 1.03979E-1 1.03972E-1 1.0457E-1 1.0457E-1 1.04217E-1 1.04887E-1 1.06115E-1 1.07251E-1 1.1202E-1 1.14196E-1 1.14078E-1 1.13388E-1 1.13905E-1 1.14243E-1 1.16023E-1 1.15514E-1 1.14887E-1 1.15806E-1 1.16158E-1 1.165E-1 1.17185E-1 1.17922E-1 1.18342E-1 1.18887E-1
7.03483E-2 7.65605E-2 7.61773E-2 7.06877E-2 6.46945E-2 6.71398E-2 7.46205E-2 7.97662E-2 7.77272E-2 7.92583E-2 7.85736E-2 7.82999E-2 7.78073E-2 7.88771E-2 8.19004E-2 8.17585E-2 8.13342E-2 8.06317E-2 7.78979E-2 8.01059E-2 8.43233E-2 8.40969E-2 8.43017E-2 8.34934E-2 8.49129E-2 8.71498E-2 8.59925E-2 8.8422E-2 8.63195E-2 8.40058E-2 8.69967E-2 8.55872E-2 9.12416E-2 9.16018E-2 9.83299E-2 9.5537E-2 8.7348E-2 9.12565E-2 9.88682E-2 9.89068E-2 1.04394E-1 1.04994E-1 1.05153E-1 1.07001E-1 1.11759E-1 1.11717E-1 1.13851E-1 1.13696E-1 1.13842E-1 1.13714E-1 1.13479E-1 1.15064E-1 1.14751E-1 1.14896E-1 1.15429E-1 1.1589E-1 1.16036E-1 1.16965E-1 1.17703E-1 1.17654E-1 1.18614E-1
7.5018E-2 7.5256E-2 6.15328E-2 6.17171E-2 6.43533E-2 7.41252E-2 7.78737E-2 7.83343E-2 7.67878E-2 7.74302E-2 8.04037E-2 8.24134E-2 8.19854E-2 8.18432E-2 7.96802E-2 7.6977E-2 7.99907E-2 7.97137E-2 8.3171E-2 8.38026E-2 8.2446E-2 8.20201E-2 8.29123E-2 8.35457E-2 8.35457E-2 8.36056E-2 8.33721E-2 8.4067E-2 8.82695E-2 8.79481E-2 9.10374E-2 9.49096E-2 9.39426E-2 9.29281E-2 9.37823E-2 9.73497E-2 9.9109E-2 9.47177E-2 9.50415E-2 9.97747E-2 1.0061E-1 1.06045E-1 1.05765E-1 1.04767E-1 1.07503E-1 1.06191E-1 1.1366E-1 1.13161E-1 1.13678E-1 1.13179E-1 1.13108E-1 1.15184E-1 1.15137E-1 1.15282E-1 1.15162E-1 1.15308E-1 1.16036E-1 1.16573E-1 1.16843E-1 1.17383E-1 1.17532E-1
6.43813E-2 5.84743E-2 6.06018E-2 6.98972E-2 7.2933E-2 7.56087E-2 7.64984E-2 7.60975E-2 7.74087E-2 8.03275E-2 8.06664E-2 8.01823E-2 7.83411E-2 7.85832E-2 7.83674E-2 8.26216E-2 8.36635E-2 8.35784E-2 8.18254E-2 8.27958E-2 8.2505E-2 8.24218E-2 8.10297E-2 8.10297E-2 8.16502E-2 8.19919E-2 8.05264E-2 8.04461E-2 8.36367E-2 8.39745E-2 8.93071E-2 8.80886E-2 9.35458E-2 9.15769E-2 9.44905E-2 9.60963E-2 9.62604E-2 9.43949E-2 9.50871E-2 9.26439E-2 1.02404E-1 1.06947E-1 1.06263E-1 1.0707E-1 1.06108E-1 1.07273E-1 1.06082E-1 1.12854E-1 1.1262E-1 1.13262E-1 1.14873E-1 1.15333E-1 1.15441E-1 1.15975E-1 1.16243E-1 1.15612E-1 1.15575E-1 1.165E-1 1.17039E-1 1.16721E-1 1.17065E-1
5.98095E-2 6.46758E-2 6.96456E-2 7.2127E-2 7.33548E-2 7.81538E-2 7.71478E-2 7.75531E-2 7.99666E-2 7.8395E-2 7.85353E-2 7.85929E-2 8.01355E-2 8.20002E-2 8.28883E-2 8.27482E-2 8.29463E-2 8.39313E-2 8.34968E-2 8.29152E-2 7.93131E-2 7.92548E-2 8.01902E-2 7.96967E-2 8.02492E-2 8.0308E-2 8.00348E-2 7.70633E-2 7.86617E-2 7.91273E-2 8.39021E-2 8.56132E-2 8.92775E-2 9.4158E-2 9.40732E-2 9.38912E-2 9.35339E-2 9.51253E-2 9.50773E-2 9.9468E-2 1.04887E-1 1.06939E-1 1.07191E-1 1.069E-1 1.07243E-1 1.06967E-1 1.13626E-1 1.12691E-1 1.11792E-1 1.12882E-1 1.15612E-1 1.08462E-1 1.15943E-1 1.08419E-1 1.16317E-1 1.1639E-1 1.15492E-1 1.15648E-1 1.16183E-1 1.16135E-1 1.19726E-1
6.85266E-2 6.88132E-2 6.93843E-2 7.12099E-2 7.56007E-2 7.48851E-2 7.662E-2 7.66719E-2 7.8456E-2 7.89769E-2 8.08124E-2 8.14899E-2 8.36166E-2 8.88687E-2 7.95892E-2 8.06807E-2 8.13024E-2 8.17272E-2 8.02654E-2 8.15555E-2 7.86287E-2 7.83013E-2 7.87679E-2 7.90413E-2 7.90126E-2 7.83319E-2 7.92083E-2 7.83128E-2 8.22109E-2 8.00493E-2 7.97731E-2 8.05266E-2 8.3243E-2 8.92746E-2 8.94911E-2 9.50527E-2 9.39207E-2 9.31866E-2 9.26588E-2 9.84295E-2 1.0203E-1 1.03565E-1 9.65593E-2 9.63947E-2 1.02488E-1 1.07637E-1 1.09661E-1 1.13581E-1 1.13537E-1 1.12197E-1 1.08026E-1 1.07731E-1 1.06915E-1 1.07689E-1 1.15701E-1 1.11519E-1 1.10841E-1 1.15953E-1 1.16295E-1 1.1858E-1 1.19125E-1
6.56587E-2 6.92066E-2 7.08732E-2 7.06891E-2 7.37051E-2 7.39084E-2 7.53554E-2 7.61249E-2 8.68377E-2 8.02285E-2 7.93948E-2 8.30705E-2 8.56412E-2 9.28602E-2 8.18387E-2 8.05729E-2 8.13931E-2 8.03024E-2 8.23084E-2 8.22409E-2 8.09396E-2 7.92408E-2 7.7957E-2 7.82266E-2 7.85566E-2 8.11898E-2 7.89155E-2 7.90263E-2 7.90281E-2 8.16242E-2 8.71682E-2 8.89571E-2 8.37124E-2 8.24665E-2 9.08404E-2 9.49268E-2 9.10656E-2 1.01627E-1 1.03672E-1 1.07773E-1 1.08373E-1 1.0735E-1 1.12014E-1 1.07773E-1 1.05386E-1 1.04315E-1 1.08144E-1 1.09126E-1 1.09248E-1 1.14366E-1 1.15685E-1 1.16027E-1 1.08419E-1 1.13317E-1 1.10928E-1 1.10998E-1 1.16582E-1 1.17646E-1 1.1741E-1 1.19178E-1 1.17595E-1
6.71833E-2 6.79642E-2 6.81797E-2 7.12973E-2 7.40754E-2 7.44248E-2 7.67517E-2 8.14808E-2 8.1247E-2 8.66829E-2 8.00353E-2 8.20416E-2 8.33019E-2 8.33956E-2 9.01504E-2 8.6391E-2 8.13109E-2 8.21384E-2 8.2714E-2 8.34235E-2 8.03371E-2 8.06162E-2 7.97978E-2 7.96599E-2 8.02128E-2 8.03517E-2 8.0015E-2 8.02471E-2 8.20481E-2 7.74607E-2 8.39381E-2 8.7464E-2 8.48858E-2 9.37263E-2 9.64722E-2 8.90879E-2 9.01374E-2 1.04025E-1 1.05339E-1 1.06029E-1 1.061E-1 1.06532E-1 1.0869E-1 1.09688E-1 1.0488E-1 1.06952E-1 1.02087E-1 1.0944E-1 1.09296E-1 1.09212E-1 1.09297E-1 1.09416E-1 1.1124E-1 1.09289E-1 1.09337E-1 1.18177E-1 1.18127E-1 1.17336E-1 1.17213E-1 1.19626E-1 1.18899E-1
6.75519E-2 6.7262E-2 6.9674E-2 7.18995E-2 7.66664E-2 7.38375E-2 7.71625E-2 8.43412E-2 8.88581E-2 8.86764E-2 8.07452E-2 8.08825E-2 8.22135E-2 8.29096E-2 8.43058E-2 8.09705E-2 8.23392E-2 8.26018E-2 8.33887E-2 8.57724E-2 8.34572E-2 8.48825E-2 8.04721E-2 7.94438E-2 7.93065E-2 7.8373E-2 7.8373E-2 8.06707E-2 7.88899E-2 7.77893E-2 8.51014E-2 8.30759E-2 8.61229E-2 8.72306E-2 8.72937E-2 8.39281E-2 9.44113E-2 9.8729E-2 9.86227E-2 1.04272E-1 1.04166E-1 1.05561E-1 1.06423E-1 1.08394E-1 1.1253E-1 1.09325E-1 1.13861E-1 1.11663E-1 1.0961E-1 1.10055E-1 1.11282E-1 1.10439E-1 1.11074E-1 1.1378E-1 1.1085E-1 1.09457E-1 1.13149E-1 1.12763E-1 1.19151E-1 1.19225E-1 1.19499E-1
6.73127E-2 6.81947E-2 7.29165E-2 7.70931E-2 7.68928E-2 7.45384E-2 8.22643E-2 8.92921E-2 8.76868E-2 7.89634E-2 7.66969E-2 8.06606E-2 8.31074E-2 8.48583E-2 8.35827E-2 8.30021E-2 8.30021E-2 8.32958E-2 8.37884E-2 8.7518E-2 8.52431E-2 8.32881E-2 8.22906E-2 7.96997E-2 7.9231E-2 7.93685E-2 7.84908E-2 8.12796E-2 7.53831E-2 8.11839E-2 8.46399E-2 8.34219E-2 8.19379E-2 8.38754E-2 8.48086E-2 9.0269E-2 9.63445E-2 9.8244E-2 9.77859E-2 9.79527E-2 1.04236E-1 1.05632E-1 1.06062E-1 1.06927E-1 1.09719E-1 1.07692E-1 1.02138E-1 1.0149E-1 1.02313E-1 1.11602E-1 1.12723E-1 1.12035E-1 1.11539E-1 1.1199E-1 1.1431E-1 1.10103E-1 1.14344E-1 1.15276E-1 1.14319E-1 1.19025E-1 1.197E-1
6.91248E-2 7.29757E-2 7.87456E-2 7.51197E-2 7.45465E-2 8.14938E-2 9.07902E-2 8.73947E-2 7.35914E-2 7.20822E-2 8.26423E-2 8.93942E-2 8.7419E-2 8.43635E-2 8.43078E-2 8.53354E-2 8.36746E-2 8.33257E-2 8.42545E-2 8.97286E-2 8.83522E-2 8.64224E-2 8.23511E-2 8.00053E-2 7.96701E-2 8.04209E-2 8.04227E-2 7.86576E-2 7.72484E-2 8.15251E-2 8.22809E-2 8.28495E-2 8.28495E-2 8.30091E-2 8.39935E-2 9.22791E-2 9.66681E-2 9.83052E-2 9.79699E-2 9.83731E-2 1.00016E-1 9.94102E-2 1.05953E-1 1.06746E-1 1.05915E-1 1.1006E-1 1.13206E-1 1.12261E-1 9.87645E-2 1.04081E-1 1.08172E-1 1.08872E-1 1.07724E-1 1.08261E-1 1.08821E-1 1.02178E-1 1.15063E-1 1.14527E-1 1.14517E-1 1.12422E-1 1.18624E-1
7.27827E-2 8.18261E-2 7.73446E-2 6.8617E-2 7.79777E-2 8.42682E-2 8.61607E-2 7.21883E-2 7.16786E-2 8.37873E-2 8.93108E-2 8.54727E-2 8.24206E-2 8.36335E-2 8.44178E-2 9.11026E-2 9.02013E-2 8.46417E-2 8.42868E-2 8.51074E-2 9.01425E-2 8.51815E-2 8.64336E-2 9.11595E-2 8.15692E-2 8.48983E-2 8.60083E-2 8.36367E-2 7.69853E-2 7.83114E-2 8.21507E-2 8.1182E-2 8.22273E-2 8.08195E-2 9.52184E-2 9.18715E-2 9.60766E-2 9.64055E-2 9.85413E-2 9.89466E-2 9.98651E-2 9.96742E-2 1.01944E-1 1.03205E-1 1.09235E-1 1.02536E-1 1.02814E-1 1.06367E-1 1.02978E-1 1.00478E-1 1.01413E-1 9.98656E-2 1.0994E-1 1.09824E-1 1.0776E-1 1.02394E-1 1.13993E-1 1.13494E-1 1.13949E-1 1.13129E-1 1.19071E-1
8.09601E-2 8.22212E-2 6.77916E-2 7.68937E-2 7.46524E-2 8.36186E-2 8.16391E-2 7.10028E-2 8.10649E-2 8.72851E-2 8.51026E-2 8.21035E-2 7.98506E-2 8.10223E-2 8.40501E-2 9.20774E-2 8.79745E-2 8.34728E-2 8.57568E-2 8.78215E-2 9.39945E-2 9.92971E-2 9.68902E-2 9.36016E-2 9.19138E-2 7.92986E-2 7.62197E-2 7.56931E-2 7.7443E-2 8.18659E-2 8.18052E-2 8.01472E-2 7.96545E-2 8.37025E-2 8.96043E-2 9.14226E-2 9.66378E-2 9.56519E-2 9.72035E-2 9.8441E-2 1.00687E-1 1.02224E-1 1.02537E-1 1.02748E-1 1.02675E-1 1.03341E-1 1.04006E-1 1.00962E-1 1.05411E-1 1.07332E-1 1.01223E-1 1.03728E-1 1.05073E-1 1.0477E-1 1.04126E-1 1.01053E-1 1.05244E-1 1.08554E-1 1.15182E-1 1.13129E-1 1.14479E-1
7.95745E-2 7.00137E-2 7.01926E-2 8.17279E-2 7.33952E-2 7.19125E-2 6.9947E-2 7.89806E-2 8.53356E-2 7.66046E-2 8.27252E-2 8.37477E-2 8.4733E-2 8.6467E-2 9.00705E-2 9.03959E-2 1.00828E-1 1.01044E-1 1.01805E-1 9.31205E-2 9.02932E-2 8.74938E-2 8.97762E-2 8.07083E-2 7.27858E-2 7.17752E-2 7.81567E-2 7.94105E-2 8.05441E-2 8.07433E-2 8.11023E-2 8.05441E-2 8.36158E-2 8.36198E-2 8.94251E-2 8.9714E-2 9.10178E-2 9.73683E-2 9.81052E-2 9.78381E-2 1.00172E-1 1.01349E-1 1.02887E-1 1.03026E-1 1.03271E-1 1.05435E-1 1.04723E-1 1.01313E-1 1.07928E-1 1.0745E-1 1.07703E-1 1.00237E-1 1.02326E-1 9.92964E-2 1.05557E-1 1.04472E-1 1.04581E-1 1.11537E-1 1.08102E-1 1.07732E-1 1.14093E-1
7.23414E-2 6.71873E-2 7.46406E-2 7.96072E-2 6.8671E-2 7.07967E-2 7.30052E-2 8.61579E-2 8.3524E-2 7.37142E-2 7.21277E-2 7.85059E-2 8.70989E-2 8.40532E-2 7.97926E-2 8.07058E-2 7.97679E-2 8.55476E-2 7.8189E-2 7.79966E-2 7.46873E-2 7.62052E-2 7.54452E-2 7.25499E-2 7.47935E-2 8.08745E-2 7.88852E-2 7.95367E-2 7.87146E-2 8.06699E-2 8.11625E-2 8.32666E-2 8.17877E-2 8.72573E-2 9.02619E-2 8.93565E-2 9.06336E-2 9.1167E-2 9.33302E-2 9.53022E-2 9.95593E-2 9.45545E-2 9.52751E-2 9.65574E-2 9.80181E-2 9.75827E-2 9.68453E-2 1.05904E-1 1.06294E-1 1.02001E-1 9.97098E-2 1.04331E-1 1.06931E-1 1.0638E-1 1.1114E-1 1.14187E-1 1.11121E-1 1.0895E-1 1.07273E-1 1.06875E-1 1.15718E-1
6.4602E-2 6.94282E-2 7.39758E-2 7.06231E-2 7.22334E-2 6.94233E-2 7.47878E-2 8.02934E-2 6.58113E-2 6.6709E-2 6.87387E-2 7.3452E-2 7.30163E-2 7.74703E-2 7.95998E-2 7.81314E-2 7.74152E-2 7.77718E-2 7.81202E-2 7.98244E-2 7.98678E-2 8.12639E-2 7.65655E-2 7.66961E-2 8.10682E-2 7.98912E-2 8.02107E-2 7.93819E-2 7.92451E-2 8.12087E-2 8.21292E-2 7.84911E-2 8.35998E-2 8.43824E-2 9.01957E-2 9.00378E-2 9.17261E-2 9.10976E-2 9.30045E-2 9.3968E-2 9.609E-2 9.59964E-2 9.54068E-2 9.53094E-2 9.55387E-2 9.57686E-2 9.85179E-2 9.98017E-2 9.89597E-2 9.85412E-2 9.99608E-2 1.00755E-1 1.07113E-1 1.07036E-1 1.08821E-1 1.08338E-1 1.08185E-1 1.14841E-1 1.12276E-1 1.06905E-1 1.14793E-1
6.65809E-2 7.21511E-2 6.90469E-2 6.45309E-2 6.98844E-2 7.10196E-2 7.736E-2 8.01858E-2 6.65988E-2 6.61836E-2 6.82253E-2 7.42923E-2 7.52572E-2 7.75789E-2 7.96244E-2 7.96099E-2 7.9473E-2 8.10459E-2 8.02577E-2 7.89717E-2 7.98775E-2 7.97364E-2 8.18469E-2 8.27025E-2 8.10499E-2 7.87262E-2 7.81222E-2 8.00546E-2 8.08915E-2 8.32435E-2 8.31068E-2 7.98961E-2 8.61237E-2 8.67766E-2 8.97972E-2 9.16336E-2 9.28081E-2 9.33488E-2 9.34801E-2 9.51338E-2 9.60206E-2 9.63922E-2 9.80181E-2 9.61954E-2 9.59328E-2 9.5999E-2 9.86952E-2 9.75586E-2 9.98017E-2 9.68945E-2 9.67938E-2 9.66931E-2 1.01543E-1 1.01024E-1 1.00403E-1 1.0166E-1 1.06631E-1 1.07064E-1 1.07279E-1 1.07317E-1 1.0392E-1
6.69693E-2 7.00062E-2 6.87423E-2 6.06435E-2 6.68125E-2 7.54893E-2 8.04001E-2 7.8201E-2 7.34275E-2 6.60064E-2 6.81299E-2 7.06611E-2 7.40963E-2 7.65097E-2 8.14403E-2 7.9237E-2 8.05628E-2 8.07176E-2 8.36086E-2 8.18405E-2 8.23289E-2 8.48345E-2 8.17789E-2 8.04866E-2 7.99474E-2 7.96696E-2 7.9196E-2 8.10746E-2 8.11539E-2 8.10928E-2 8.04617E-2 8.26699E-2 8.66969E-2 8.68397E-2 8.67555E-2 9.21726E-2 9.23311E-2 9.40584E-2 9.4677E-2 9.66767E-2 9.65109E-2 9.60873E-2 9.59945E-2 9.69233E-2 9.47741E-2 9.38032E-2 9.4677E-2 8.86511E-2 9.06333E-2 9.01656E-2 9.34742E-2 9.36856E-2 9.37496E-2 9.78581E-2 9.61905E-2 9.76403E-2 1.01158E-1 1.01087E-1 9.92016E-2 1.01316E-1 1.01942E-1
