Artocarpus heterophyllus SDM files/MIS19/results (without bias file)/Arthet_9.asc
ncols         625
nrows         721
xllcorner     69.99986311115
yllcorner     5.99986187915
cellsize      0.041666667
NODATA_value  -9999
[rows 216 to 242 of 721, columns 305 to 365 of 625]
2.18904E-1 2.2054E-1 2.21055E-1 2.21461E-1 2.22383E-1 2.23772E-1 2.33351E-1 2.38054E-1 2.39617E-1 2.3951E-1 2.49943E-1 2.49974E-1 2.50878E-1 2.64224E-1 2.70329E-1 2.61144E-1 2.71068E-1 2.70173E-1 2.65661E-1 2.87502E-1 2.77954E-1 2.78711E-1 2.76076E-1 1.1168E-1 1.121E-1 1.12591E-1 1.12886E-1 1.13197E-1 1.07131E-1 1.0741E-1 1.08051E-1 1.08516E-1 1.08856E-1 1.09385E-1 1.09619E-1 1.0976E-1 1.09924E-1 1.09996E-1 1.10047E-1 1.10078E-1 1.10446E-1 1.10719E-1 1.10367E-1 1.10974E-1 1.10724E-1 1.11114E-1 1.17125E-1 1.17525E-1 1.24431E-1 1.24667E-1 1.24584E-1 1.31742E-1 1.31476E-1 1.31485E-1 1.32053E-1 1.38975E-1 1.39069E-1 1.39237E-1 1.39181E-1 1.0613E-1 1.06152E-1
2.16432E-1 2.17997E-1 2.18795E-1 2.20353E-1 2.20542E-1 2.22139E-1 2.31166E-1 2.3488E-1 2.36508E-1 2.39181E-1 2.4736E-1 2.47644E-1 2.48126E-1 2.6238E-1 2.60897E-1 2.53617E-1 2.66538E-1 2.66444E-1 2.70115E-1 2.68604E-1 2.6277E-1 2.75945E-1 2.74147E-1 2.7348E-1 1.12586E-1 1.1267E-1 1.06706E-1 1.06828E-1 1.06963E-1 1.07922E-1 1.08078E-1 1.08805E-1 1.09096E-1 1.09329E-1 1.09656E-1 1.09797E-1 1.04043E-1 1.04083E-1 1.10556E-1 1.10489E-1 1.04702E-1 1.10791E-1 1.1047E-1 1.10884E-1 1.11077E-1 1.11407E-1 1.17757E-1 1.17918E-1 1.18109E-1 1.24575E-1 1.24803E-1 1.24701E-1 1.31837E-1 1.32507E-1 1.32488E-1 1.32563E-1 1.32673E-1 1.40527E-1 1.40538E-1 1.39866E-1 1.3996E-1
2.15467E-1 2.15151E-1 2.28515E-1 2.18554E-1 2.30197E-1 2.30394E-1 2.32303E-1 2.32381E-1 2.35877E-1 2.34855E-1 2.44986E-1 2.45673E-1 2.45802E-1 2.58103E-1 2.5723E-1 2.53189E-1 2.67797E-1 2.67002E-1 2.64124E-1 2.62107E-1 2.60935E-1 2.6057E-1 2.60206E-1 2.58736E-1 2.70411E-1 2.57158E-1 2.58362E-1 1.07139E-1 1.07456E-1 1.07912E-1 1.08206E-1 1.08935E-1 1.09121E-1 1.03361E-1 1.03534E-1 1.03887E-1 1.04475E-1 1.04684E-1 1.04587E-1 1.04544E-1 1.05015E-1 1.04891E-1 1.10733E-1 1.10941E-1 1.11371E-1 1.11593E-1 1.11407E-1 1.18271E-1 1.18304E-1 1.18583E-1 1.18532E-1 1.2534E-1 1.25296E-1 1.25797E-1 1.25825E-1 1.33256E-1 1.33392E-1 1.33097E-1 1.40572E-1 1.41329E-1 1.41204E-1
2.13567E-1 2.26695E-1 2.15177E-1 2.26696E-1 2.2808E-1 2.2897E-1 2.3087E-1 2.32806E-1 2.30155E-1 2.4483E-1 2.41311E-1 2.41872E-1 2.43288E-1 2.55761E-1 2.53788E-1 2.50474E-1 2.61707E-1 2.63517E-1 2.6287E-1 2.60889E-1 2.59693E-1 2.59329E-1 2.57835E-1 2.56678E-1 2.56319E-1 2.5391E-1 2.54619E-1 2.51526E-1 2.52507E-1 1.08172E-1 1.08415E-1 1.08715E-1 1.03532E-1 1.03718E-1 1.03952E-1 1.04283E-1 1.0447E-1 1.0447E-1 1.04481E-1 1.04582E-1 1.04818E-1 1.04738E-1 1.05125E-1 1.10998E-1 1.11411E-1 1.1162E-1 1.11462E-1 1.11859E-1 1.1809E-1 1.18807E-1 1.18747E-1 1.18704E-1 1.256E-1 1.25893E-1 1.2608E-1 1.32992E-1 1.3329E-1 1.33703E-1 1.33896E-1 1.33828E-1 1.34137E-1
2.12707E-1 2.12759E-1 2.1365E-1 2.25319E-1 2.26723E-1 2.28107E-1 2.28374E-1 2.30648E-1 2.29338E-1 2.39813E-1 2.42769E-1 2.42424E-1 2.403E-1 2.52348E-1 2.50667E-1 2.47681E-1 2.48778E-1 2.61429E-1 2.60479E-1 2.58513E-1 2.57079E-1 2.57789E-1 2.56359E-1 2.56519E-1 2.52252E-1 2.51902E-1 2.51749E-1 2.5006E-1 2.38918E-1 2.38587E-1 2.38256E-1 2.36351E-1 1.03596E-1 1.03691E-1 1.03957E-1 1.04112E-1 1.04267E-1 1.04454E-1 1.04988E-1 1.04978E-1 1.04938E-1 1.04674E-1 1.05048E-1 1.05205E-1 1.11498E-1 1.11833E-1 1.11629E-1 1.11901E-1 1.11843E-1 1.19015E-1 1.18807E-1 1.18929E-1 1.19225E-1 1.26074E-1 1.26368E-1 1.2673E-1 1.27017E-1 1.34186E-1 1.34457E-1 1.3467E-1 1.34815E-1
2.09366E-1 2.11221E-1 2.12524E-1 2.13414E-1 2.24579E-1 2.26227E-1 2.27479E-1 2.27981E-1 2.29639E-1 2.2425E-1 2.39813E-1 2.41455E-1 2.39077E-1 2.38737E-1 2.45928E-1 2.46134E-1 2.47233E-1 2.47149E-1 2.59515E-1 2.55664E-1 2.56097E-1 2.56531E-1 2.54073E-1 2.55265E-1 2.52759E-1 2.50087E-1 2.49989E-1 2.37095E-1 2.36999E-1 2.36879E-1 2.35272E-1 2.33237E-1 2.3195E-1 2.3454E-1 1.04139E-1 1.04484E-1 1.04617E-1 1.05307E-1 1.05344E-1 1.05334E-1 1.04894E-1 1.05177E-1 1.05122E-1 1.05302E-1 1.05502E-1 1.11906E-1 1.11756E-1 1.12124E-1 1.11909E-1 1.11999E-1 1.12241E-1 1.19145E-1 1.19459E-1 1.19695E-1 1.1995E-1 1.27073E-1 1.27018E-1 1.27157E-1 1.27454E-1 1.34886E-1 1.35233E-1
1.9139E-1 2.09899E-1 2.11923E-1 2.1255E-1 2.24413E-1 2.23974E-1 2.25845E-1 2.26856E-1 2.28256E-1 2.24766E-1 2.35387E-1 2.38951E-1 2.36161E-1 2.33896E-1 2.30389E-1 2.45472E-1 2.45516E-1 2.57756E-1 2.47331E-1 2.4005E-1 2.54029E-1 2.55004E-1 2.50787E-1 2.51463E-1 2.51897E-1 2.37311E-1 2.38677E-1 2.36141E-1 2.34264E-1 2.34176E-1 2.33645E-1 2.31524E-1 2.32016E-1 2.32855E-1 2.32774E-1 2.33219E-1 2.30434E-1 9.95258E-2 1.05257E-1 1.0521E-1 1.0521E-1 1.05513E-1 1.05318E-1 1.05723E-1 1.05715E-1 1.05992E-1 1.11838E-1 1.12157E-1 1.12107E-1 1.12049E-1 1.12016E-1 1.12565E-1 1.19685E-1 1.19825E-1 1.19753E-1 1.20164E-1 1.27303E-1 1.27581E-1 1.27779E-1 1.27795E-1 1.35229E-1
1.92045E-1 1.91594E-1 2.11064E-1 2.11506E-1 2.10677E-1 2.23801E-1 2.23781E-1 2.25662E-1 2.2534E-1 2.26011E-1 2.21861E-1 2.36523E-1 2.32703E-1 2.35163E-1 2.32137E-1 2.46297E-1 2.38212E-1 2.54538E-1 2.50543E-1 2.39728E-1 2.5387E-1 2.39064E-1 2.37464E-1 2.50223E-1 2.51877E-1 2.50914E-1 2.37668E-1 2.35395E-1 2.33866E-1 2.32027E-1 2.31961E-1 2.3085E-1 2.30538E-1 2.29976E-1 2.28207E-1 2.30125E-1 2.3024E-1 2.30202E-1 2.18701E-1 9.96167E-2 9.97521E-2 1.05592E-1 1.05916E-1 1.05703E-1 1.05662E-1 1.05866E-1 1.06213E-1 1.11838E-1 1.12297E-1 1.12107E-1 1.12264E-1 1.12495E-1 1.12627E-1 1.19727E-1 1.20026E-1 1.20269E-1 1.20197E-1 1.27406E-1 1.27765E-1 1.28073E-1 1.28328E-1
1.89326E-1 2.08517E-1 2.08004E-1 2.0995E-1 2.09789E-1 2.21767E-1 2.21742E-1 2.23181E-1 2.23241E-1 2.34962E-1 2.36371E-1 2.3513E-1 2.33546E-1 2.30274E-1 2.32888E-1 2.31354E-1 2.29314E-1 2.39402E-1 2.43613E-1 2.39108E-1 2.38934E-1 2.38108E-1 2.38754E-1 2.38931E-1 2.38495E-1 2.37554E-1 2.34276E-1 2.33469E-1 2.32896E-1 2.31305E-1 2.3051E-1 2.28698E-1 2.17255E-1 2.27166E-1 2.28288E-1 2.29434E-1 2.18385E-1 2.1833E-1 2.18401E-1 2.17199E-1 2.17627E-1 2.16395E-1 2.1729E-1 1.05666E-1 1.05562E-1 1.05522E-1 1.0627E-1 1.06355E-1 1.06148E-1 1.06249E-1 1.12479E-1 1.12761E-1 1.12736E-1 1.13067E-1 1.13308E-1 1.20233E-1 1.20582E-1 1.20854E-1 1.20758E-1 1.27884E-1 1.2833E-1
1.88528E-1 1.89351E-1 1.89974E-1 1.90652E-1 1.90429E-1 2.21041E-1 2.20815E-1 2.22328E-1 2.22111E-1 2.23129E-1 2.34194E-1 2.33349E-1 2.34337E-1 2.32275E-1 2.29268E-1 2.31594E-1 2.28881E-1 2.38684E-1 2.38738E-1 2.38923E-1 2.3984E-1 2.39873E-1 2.38605E-1 2.37875E-1 2.36795E-1 2.36598E-1 2.33139E-1 2.33396E-1 2.32803E-1 2.29963E-1 2.17969E-1 2.16291E-1 2.16216E-1 2.1594E-1 2.16738E-1 2.17812E-1 2.17372E-1 2.16875E-1 2.16806E-1 2.16985E-1 2.16729E-1 2.15758E-1 2.1713E-1 2.16858E-1 2.29657E-1 1.05586E-1 1.0635E-1 1.0627E-1 1.06278E-1 1.06371E-1 1.06472E-1 1.12429E-1 1.12488E-1 1.12849E-1 1.13096E-1 1.13344E-1 1.14364E-1 1.20809E-1 1.20848E-1 1.21273E-1 1.21257E-1
1.87919E-1 1.88944E-1 1.89565E-1 1.89614E-1 1.90445E-1 1.91065E-1 2.02601E-1 2.02124E-1 2.21813E-1 2.21598E-1 2.21878E-1 2.21186E-1 2.33184E-1 2.32621E-1 2.30802E-1 2.27788E-1 2.27698E-1 2.29551E-1 2.39402E-1 2.40468E-1 2.39018E-1 2.38684E-1 2.37364E-1 2.37549E-1 2.36619E-1 2.34076E-1 2.32781E-1 2.31219E-1 2.30563E-1 2.1738E-1 2.16127E-1 2.16089E-1 2.1723E-1 2.15003E-1 2.14291E-1 2.15597E-1 2.165E-1 2.15766E-1 2.15494E-1 2.16107E-1 2.15821E-1 2.15567E-1 2.1649E-1 2.16906E-1 2.1875E-1 2.19217E-1 2.31989E-1 2.32207E-1 1.06509E-1 1.06578E-1 1.06671E-1 1.06781E-1 1.06984E-1 1.12959E-1 1.13188E-1 1.13684E-1 1.1402E-1 1.14379E-1 1.14648E-1 1.21541E-1 1.21851E-1
1.84601E-1 1.8666E-1 1.89166E-1 1.88572E-1 1.90255E-1 1.9109E-1 1.91272E-1 2.0169E-1 2.01673E-1 2.20233E-1 2.20056E-1 2.20504E-1 2.32216E-1 2.29679E-1 2.30091E-1 2.30958E-1 2.28944E-1 2.28144E-1 2.28346E-1 2.268E-1 2.38289E-1 2.37746E-1 2.37438E-1 2.36219E-1 2.35169E-1 2.32654E-1 2.20535E-1 2.17752E-1 2.17714E-1 2.16717E-1 2.16919E-1 2.16076E-1 2.13919E-1 2.1294E-1 2.12469E-1 2.14951E-1 2.15121E-1 2.14344E-1 2.13618E-1 2.13351E-1 2.14725E-1 2.15153E-1 2.15582E-1 2.16745E-1 2.18347E-1 2.18075E-1 2.17338E-1 2.1883E-1 2.30978E-1 2.31935E-1 1.06349E-1 1.06618E-1 1.06852E-1 1.07484E-1 1.07689E-1 1.13818E-1 1.1422E-1 1.14722E-1 1.14491E-1 1.14772E-1 1.21377E-1
1.85873E-1 1.87092E-1 1.89165E-1 1.90709E-1 1.89211E-1 1.90041E-1 1.9066E-1 1.91919E-1 2.01473E-1 2.0293E-1 2.19505E-1 2.18443E-1 2.20966E-1 2.30974E-1 2.30144E-1 2.30551E-1 2.30958E-1 2.29673E-1 2.2812E-1 2.26623E-1 2.25855E-1 2.26006E-1 2.37365E-1 2.22917E-1 2.20719E-1 2.19203E-1 2.18921E-1 2.18309E-1 2.17771E-1 2.17955E-1 2.14785E-1 2.13566E-1 2.12134E-1 2.11648E-1 2.12486E-1 2.13361E-1 2.14438E-1 2.13712E-1 2.01612E-1 2.11811E-1 2.13824E-1 2.15438E-1 2.15407E-1 2.15852E-1 2.16761E-1 2.17177E-1 2.18693E-1 2.18676E-1 2.18848E-1 2.19037E-1 2.32558E-1 2.3293E-1 2.32891E-1 2.32559E-1 2.3368E-1 1.07932E-1 1.08124E-1 1.08539E-1 1.14668E-1 1.14926E-1 1.14582E-1
1.75994E-1 1.77154E-1 1.87791E-1 1.8839E-1 1.89441E-1 1.90478E-1 1.90676E-1 1.90437E-1 2.00599E-1 2.02576E-1 2.00094E-1 2.00301E-1 2.20332E-1 2.2026E-1 2.19243E-1 2.3012E-1 2.30047E-1 2.29722E-1 2.29673E-1 2.26822E-1 2.2531E-1 2.24502E-1 2.24659E-1 2.21776E-1 2.18884E-1 2.19064E-1 2.18866E-1 2.1907E-1 2.16796E-1 2.15584E-1 2.13213E-1 2.12471E-1 2.10562E-1 2.10779E-1 2.12084E-1 2.12285E-1 2.02802E-1 2.01448E-1 2.00983E-1 2.10936E-1 2.13224E-1 2.14566E-1 2.14994E-1 2.14963E-1 2.16346E-1 2.18316E-1 2.18023E-1 2.1847E-1 2.20667E-1 2.20143E-1 2.19416E-1 2.32809E-1 2.21373E-1 2.20829E-1 2.31816E-1 2.31479E-1 1.08432E-1 1.08171E-1 1.08612E-1 1.14554E-1 1.14675E-1
1.76423E-1 1.76783E-1 1.77817E-1 1.88849E-1 1.89473E-1 1.90296E-1 1.91122E-1 1.91736E-1 1.99952E-1 2.01264E-1 2.00566E-1 2.00758E-1 2.01399E-1 2.02493E-1 2.1883E-1 2.18276E-1 2.19124E-1 2.31537E-1 2.27682E-1 2.26889E-1 2.25355E-1 2.21962E-1 2.21189E-1 2.20155E-1 2.19146E-1 2.21004E-1 2.19648E-1 2.17379E-1 2.14261E-1 2.1399E-1 2.13011E-1 2.11131E-1 2.09947E-1 2.10579E-1 2.00283E-1 2.00462E-1 2.01089E-1 2.01059E-1 2.00804E-1 2.00565E-1 2.01208E-1 2.12281E-1 2.03117E-1 2.1703E-1 2.17201E-1 2.18127E-1 2.19402E-1 2.20122E-1 2.21011E-1 2.20282E-1 2.18769E-1 2.19633E-1 2.20987E-1 2.20682E-1 2.19166E-1 2.18864E-1 2.29547E-1 2.30188E-1 2.30832E-1 1.08877E-1 2.39682E-1
1.75853E-1 1.77214E-1 1.77441E-1 1.7882E-1 1.88432E-1 1.88416E-1 1.89868E-1 1.91122E-1 2.02868E-1 1.90867E-1 2.01256E-1 2.01681E-1 2.00758E-1 2.00949E-1 2.02042E-1 2.00684E-1 2.00212E-1 2.20555E-1 2.17398E-1 2.15913E-1 2.12372E-1 2.09571E-1 2.21718E-1 2.22369E-1 2.09936E-1 2.08968E-1 2.06317E-1 2.06054E-1 2.03543E-1 2.02847E-1 2.01684E-1 2.00464E-1 1.98456E-1 1.98175E-1 1.99464E-1 1.99866E-1 2.00044E-1 2.00238E-1 2.00177E-1 1.99939E-1 2.00356E-1 2.02907E-1 2.05098E-1 2.16381E-1 2.16125E-1 2.19801E-1 2.19296E-1 2.20163E-1 2.19436E-1 2.19818E-1 2.19071E-1 2.18107E-1 2.19876E-1 2.19814E-1 2.18565E-1 2.18022E-1 2.17941E-1 2.18154E-1 2.28816E-1 2.28249E-1 2.27449E-1
1.75132E-1 1.77033E-1 1.77258E-1 1.87429E-1 1.88465E-1 1.87804E-1 1.89457E-1 1.90709E-1 1.92617E-1 1.91164E-1 2.00607E-1 2.01481E-1 2.01007E-1 2.00542E-1 2.00517E-1 2.00252E-1 2.01109E-1 2.00714E-1 2.17902E-1 2.13436E-1 2.12687E-1 2.10781E-1 2.12283E-1 2.11414E-1 2.08847E-1 2.06879E-1 2.05485E-1 2.05222E-1 2.04031E-1 2.01468E-1 2.00764E-1 1.98976E-1 1.98279E-1 1.98456E-1 1.98871E-1 1.99703E-1 1.99211E-1 1.99181E-1 2.00253E-1 2.00222E-1 2.01894E-1 2.03167E-1 2.04527E-1 2.18032E-1 2.05826E-1 2.1962E-1 2.18633E-1 2.20002E-1 2.19719E-1 2.18752E-1 2.19374E-1 2.18388E-1 2.1857E-1 2.18263E-1 2.18658E-1 2.15926E-1 2.14943E-1 2.17542E-1 2.14842E-1 2.26683E-1 2.26638E-1
1.67451E-1 1.75523E-1 1.77895E-1 1.7847E-1 1.88048E-1 1.88457E-1 1.90123E-1 1.90527E-1 1.92425E-1 1.91825E-1 1.90875E-1 1.91057E-1 1.90826E-1 2.01042E-1 1.9125E-1 2.00337E-1 1.99194E-1 2.00684E-1 2.01042E-1 2.14427E-1 2.1413E-1 2.13501E-1 2.00284E-1 2.10614E-1 2.08744E-1 2.06963E-1 2.05334E-1 2.04614E-1 2.03563E-1 1.89657E-1 1.87964E-1 1.99255E-1 1.97896E-1 1.97866E-1 1.97806E-1 1.98856E-1 1.88467E-1 1.99241E-1 1.8952E-1 1.99582E-1 2.00446E-1 2.01931E-1 2.05415E-1 2.06923E-1 2.19017E-1 2.09603E-1 2.06478E-1 2.18723E-1 2.18898E-1 2.19536E-1 2.18767E-1 2.18504E-1 2.17716E-1 2.18614E-1 2.1562E-1 2.1558E-1 2.14806E-1 2.14074E-1 2.13561E-1 2.12166E-1 2.11403E-1
1.76356E-1 1.76533E-1 1.77104E-1 1.78089E-1 1.87664E-1 1.88481E-1 1.89292E-1 1.899E-1 1.89868E-1 1.90561E-1 1.90247E-1 1.90445E-1 1.91309E-1 1.91503E-1 1.91265E-1 1.91034E-1 1.8995E-1 1.89928E-1 1.89365E-1 1.90845E-1 1.87965E-1 1.87102E-1 1.85198E-1 1.83729E-1 1.97709E-1 1.96142E-1 1.95669E-1 1.91918E-1 1.9104E-1 1.9014E-1 1.87718E-1 1.88284E-1 1.87608E-1 1.88902E-1 1.88374E-1 1.87711E-1 1.88308E-1 1.8874E-1 1.88518E-1 2.01605E-1 2.02917E-1 2.02073E-1 2.05683E-1 2.06792E-1 2.07655E-1 2.19095E-1 2.1881E-1 2.18109E-1 2.18723E-1 2.19382E-1 2.18876E-1 2.17388E-1 2.17585E-1 2.04885E-1 2.03954E-1 2.13584E-1 2.13504E-1 2.13228E-1 2.11366E-1 2.1084E-1 2.10178E-1
1.66916E-1 1.76749E-1 1.76726E-1 1.77709E-1 1.86835E-1 1.88709E-1 1.89324E-1 1.89719E-1 1.90329E-1 1.90948E-1 1.90058E-1 1.91528E-1 1.91533E-1 1.91302E-1 1.90632E-1 1.90402E-1 1.9061E-1 1.88973E-1 1.88326E-1 1.90648E-1 1.87332E-1 1.86692E-1 1.85217E-1 1.85104E-1 1.84051E-1 1.93761E-1 1.78809E-1 1.91103E-1 1.90216E-1 1.89256E-1 1.88379E-1 1.76949E-1 1.789E-1 1.78456E-1 1.88648E-1 1.88184E-1 1.87321E-1 1.89042E-1 1.89779E-1 1.91642E-1 2.0519E-1 2.04484E-1 2.05593E-1 2.06659E-1 2.07769E-1 2.07571E-1 2.08146E-1 2.19535E-1 2.19362E-1 2.19299E-1 2.1853E-1 2.17082E-1 2.0413E-1 2.16669E-1 2.14177E-1 2.02445E-1 2.022E-1 2.12209E-1 2.10089E-1 2.09838E-1 2.08659E-1
1.76387E-1 1.66952E-1 1.7634E-1 1.7712E-1 1.77701E-1 1.88513E-1 1.88489E-1 1.89522E-1 1.89505E-1 1.91387E-1 1.91155E-1 1.90728E-1 1.91137E-1 1.90684E-1 1.92378E-1 1.9172E-1 1.90202E-1 1.88783E-1 1.88973E-1 1.88955E-1 1.88196E-1 1.87544E-1 1.85541E-1 1.85111E-1 1.73841E-1 1.72176E-1 1.70608E-1 1.68086E-1 1.80779E-1 1.80057E-1 1.79431E-1 1.65319E-1 1.64936E-1 1.64366E-1 1.64743E-1 1.6493E-1 1.64927E-1 1.89812E-1 1.90685E-1 1.91703E-1 1.9302E-1 1.93187E-1 2.05401E-1 2.07714E-1 2.07926E-1 2.07169E-1 2.08712E-1 2.08227E-1 2.08186E-1 2.19219E-1 2.05488E-1 2.04342E-1 1.8735E-1 1.86487E-1 1.97108E-1 1.96061E-1 1.94962E-1 1.94087E-1 1.92701E-1 1.91404E-1 1.90546E-1
1.66757E-1 1.75786E-1 1.76966E-1 1.76734E-1 1.77507E-1 1.78494E-1 1.87656E-1 1.89111E-1 1.89719E-1 1.89934E-1 1.90557E-1 1.90312E-1 1.91368E-1 1.90914E-1 1.92183E-1 1.91525E-1 1.90424E-1 1.80168E-1 1.8835E-1 1.87706E-1 1.78792E-1 1.77771E-1 1.76859E-1 1.76449E-1 1.7062E-1 1.71594E-1 1.70416E-1 1.69551E-1 1.68388E-1 1.59443E-1 1.57065E-1 1.56159E-1 1.56521E-1 1.64108E-1 1.64557E-1 1.64365E-1 1.65119E-1 1.80579E-1 1.91378E-1 1.92199E-1 1.92635E-1 1.77394E-1 1.87241E-1 1.89134E-1 1.88916E-1 1.89126E-1 1.90024E-1 1.90216E-1 1.89996E-1 1.89556E-1 1.87844E-1 1.87838E-1 1.87402E-1 1.86521E-1 1.85044E-1 1.94289E-1 1.94108E-1 1.93018E-1 1.91855E-1 1.90142E-1 1.89929E-1
1.662E-1 1.75395E-1 1.75771E-1 1.77152E-1 1.77329E-1 1.781E-1 1.78078E-1 1.88501E-1 1.88472E-1 1.89091E-1 1.89062E-1 1.91182E-1 1.90951E-1 1.91577E-1 1.90483E-1 1.89395E-1 1.91086E-1 1.81104E-1 1.78533E-1 1.78318E-1 1.78399E-1 1.77178E-1 1.75472E-1 1.74665E-1 1.73179E-1 1.71992E-1 1.61928E-1 1.6174E-1 1.58708E-1 1.57793E-1 1.57429E-1 1.56521E-1 1.55258E-1 1.55078E-1 1.64108E-1 1.64936E-1 1.65884E-1 1.65691E-1 1.66509E-1 1.76346E-1 1.77619E-1 1.77202E-1 1.78266E-1 1.88942E-1 1.89567E-1 1.89776E-1 1.89553E-1 1.90244E-1 1.89595E-1 1.8874E-1 1.88723E-1 1.87447E-1 1.87012E-1 1.85905E-1 1.84646E-1 1.8422E-1 1.92613E-1 1.915E-1 1.91869E-1 1.89943E-1 1.89094E-1
1.65637E-1 1.74812E-1 1.74988E-1 1.76356E-1 1.76719E-1 1.77304E-1 1.78093E-1 1.78064E-1 1.87635E-1 1.89312E-1 1.89712E-1 1.90119E-1 1.90104E-1 1.90505E-1 1.90491E-1 1.8034E-1 1.80935E-1 1.81731E-1 1.80585E-1 1.77418E-1 1.77004E-1 1.76788E-1 1.75479E-1 1.74077E-1 1.63516E-1 1.62949E-1 1.61744E-1 1.60366E-1 1.58708E-1 1.57794E-1 1.57429E-1 1.57065E-1 1.57065E-1 1.56702E-1 1.55438E-1 1.65129E-1 1.65887E-1 1.66266E-1 1.67284E-1 1.67086E-1 1.76619E-1 1.78227E-1 1.78423E-1 1.79897E-1 1.79484E-1 1.89152E-1 1.89357E-1 1.89624E-1 1.88982E-1 1.88965E-1 1.87481E-1 1.86423E-1 1.86618E-1 1.86137E-1 1.84041E-1 1.83208E-1 1.80943E-1 1.91105E-1 1.90174E-1 1.89957E-1 1.88214E-1
1.65811E-1 1.662E-1 1.66725E-1 1.76547E-1 1.7613E-1 1.76907E-1 1.76482E-1 1.86619E-1 1.88449E-1 1.79242E-1 1.89512E-1 1.90134E-1 1.80597E-1 1.90876E-1 1.91066E-1 1.91264E-1 1.81347E-1 1.80098E-1 1.79565E-1 1.78336E-1 1.76202E-1 1.75992E-1 1.66266E-1 1.65305E-1 1.64084E-1 1.6175E-1 1.60818E-1 1.52154E-1 1.51624E-1 1.50222E-1 1.49632E-1 1.49633E-1 1.49461E-1 1.48942E-1 1.56702E-1 1.55964E-1 1.56766E-1 1.66649E-1 1.67414E-1 1.67478E-1 1.67922E-1 1.78236E-1 1.7884E-1 1.8012E-1 1.79293E-1 1.88533E-1 1.88738E-1 1.89438E-1 1.89361E-1 1.87873E-1 1.87498E-1 1.8575E-1 1.85532E-1 1.85108E-1 1.83441E-1 1.81994E-1 1.81363E-1 1.90709E-1 1.80069E-1 1.88926E-1 1.88068E-1
1.65458E-1 1.65455E-1 1.74584E-1 1.75556E-1 1.75141E-1 1.75527E-1 1.76496E-1 1.78024E-1 1.78813E-1 1.78849E-1 1.80046E-1 1.80032E-1 1.90265E-1 1.80518E-1 1.90428E-1 1.81703E-1 1.80744E-1 1.80106E-1 1.78964E-1 1.78539E-1 1.76408E-1 1.67133E-1 1.65887E-1 1.65039E-1 1.63719E-1 1.54543E-1 1.52501E-1 1.51802E-1 1.51439E-1 1.50852E-1 1.50152E-1 1.49805E-1 1.49446E-1 1.48751E-1 1.49511E-1 1.58337E-1 1.57055E-1 1.58772E-1 1.67609E-1 1.68841E-1 1.68645E-1 1.69467E-1 1.78646E-1 1.79254E-1 1.79724E-1 1.80124E-1 1.88759E-1 1.88751E-1 1.89379E-1 1.8747E-1 1.8725E-1 1.85982E-1 1.85347E-1 1.84714E-1 1.83258E-1 1.82007E-1 1.8057E-1 1.80086E-1 1.79262E-1 1.78448E-1 1.78643E-1
1.6467E-1 1.64488E-1 1.65409E-1 1.74363E-1 1.74941E-1 1.75721E-1 1.76101E-1 1.77627E-1 1.77602E-1 1.77434E-1 1.78427E-1 1.79553E-1 1.80338E-1 1.80526E-1 1.80904E-1 1.8027E-1 1.81067E-1 1.80325E-1 1.78878E-1 1.78163E-1 1.68894E-1 1.67343E-1 1.66098E-1 1.64101E-1 1.62965E-1 1.54004E-1 1.52323E-1 1.51615E-1 1.51615E-1 1.43838E-1 1.43333E-1 1.50315E-1 1.49967E-1 1.50145E-1 1.4986E-1 1.50211E-1 1.59258E-1 1.58588E-1 1.59509E-1 1.68653E-1 1.69816E-1 1.69879E-1 1.78676E-1 1.7926E-1 1.79867E-1 1.79933E-1 1.8835E-1 1.88986E-1 1.88759E-1 1.87695E-1 1.86214E-1 1.85793E-1 1.85159E-1 1.84317E-1 1.82445E-1 1.81825E-1 1.80314E-1 1.78882E-1 1.79479E-1 1.78258E-1 1.77651E-1
