Artocarpus heterophyllus SDM files/MIS19/results (without bias file)/Arthet_2.asc
ncols         625
nrows         721
xllcorner     69.99986311115
yllcorner     5.99986187915
cellsize      0.041666667
NODATA_value  -9999
[rows 189 to 215 of 721, columns 61 to 121 of 625]
3.67284E-3 3.70814E-3 3.82181E-3 3.97429E-3 4.09603E-3 4.25465E-3 4.35254E-3 3.89489E-3 4.01168E-3 4.76912E-3 4.31789E-3 4.44463E-3 4.62057E-3 4.79944E-3 5.2581E-3 5.04773E-3 5.04499E-3 5.15905E-3 5.32271E-3 5.6467E-3 5.64379E-3 6.0053E-3 6.36186E-3 6.66524E-3 1.10717E-2 1.15826E-2 1.19297E-2 1.23886E-2 1.30711E-2 1.35618E-2 1.42061E-2 1.49741E-2 1.56824E-2 1.64023E-2 1.70238E-2 1.80879E-2 1.89256E-2 1.93503E-2 2.03552E-2 2.19278E-2 2.36558E-2 2.50105E-2 2.65578E-2 2.86153E-2 3.03529E-2 3.29362E-2 3.38159E-2 3.65801E-2 3.75527E-2 3.75597E-2 3.91368E-2 3.94536E-2 4.04252E-2 4.09015E-2 4.31194E-2 4.35094E-2 4.37662E-2 4.49718E-2 4.58778E-2 4.7188E-2 4.69214E-2
3.59134E-3 3.81689E-3 3.88693E-3 4.00529E-3 4.09603E-3 4.25617E-3 4.35646E-3 3.89255E-3 4.45534E-3 3.76177E-3 3.84459E-3 3.99065E-3 4.55496E-3 5.0687E-3 5.22347E-3 5.08965E-3 5.05231E-3 5.28438E-3 5.44343E-3 5.69578E-3 5.87588E-3 5.95122E-3 6.47104E-3 6.66841E-3 1.19798E-2 1.124E-2 1.1594E-2 1.21271E-2 1.27781E-2 1.33959E-2 1.40136E-2 1.48721E-2 1.60417E-2 1.70449E-2 1.78344E-2 1.83755E-2 1.89401E-2 1.97992E-2 2.08786E-2 2.24535E-2 2.4014E-2 2.58036E-2 2.69668E-2 2.86317E-2 3.08192E-2 3.34119E-2 3.5881E-2 3.61767E-2 3.7054E-2 3.87056E-2 3.97198E-2 4.0026E-2 4.02791E-2 4.13451E-2 4.29475E-2 4.3648E-2 4.46887E-2 4.6258E-2 4.76783E-2 4.83064E-2 4.80734E-2
3.67793E-3 3.85162E-3 4.03726E-3 4.19813E-3 4.29461E-3 4.4956E-3 4.56591E-3 4.16878E-3 4.26185E-3 4.36236E-3 4.15597E-3 4.14984E-3 4.2147E-3 4.88001E-3 5.1505E-3 5.21521E-3 5.8597E-3 5.92499E-3 5.74142E-3 6.06343E-3 5.96753E-3 6.23525E-3 6.57375E-3 1.18158E-2 1.1174E-2 1.17097E-2 1.21435E-2 1.26102E-2 1.28892E-2 1.33965E-2 1.38997E-2 1.47709E-2 1.54559E-2 1.64159E-2 1.65283E-2 1.73079E-2 1.85083E-2 1.9519E-2 2.06818E-2 2.22911E-2 2.43789E-2 2.63789E-2 2.80083E-2 2.94988E-2 3.03529E-2 3.34119E-2 3.57371E-2 3.64391E-2 3.73224E-2 3.84675E-2 3.95229E-2 3.93438E-2 4.08267E-2 4.12089E-2 4.26403E-2 4.3648E-2 4.46887E-2 4.57111E-2 4.69966E-2 5.00441E-2 5.01004E-2
3.8203E-3 3.93744E-3 4.13244E-3 4.22786E-3 4.26081E-3 4.50051E-3 4.56819E-3 4.32965E-3 4.43181E-3 4.32994E-3 4.0384E-3 4.16105E-3 4.32152E-3 4.9622E-3 4.69173E-3 5.35402E-3 5.60509E-3 6.18995E-3 5.84267E-3 6.01532E-3 6.05271E-3 6.19422E-3 6.58494E-3 1.1918E-2 1.22925E-2 1.26605E-2 1.18656E-2 1.21446E-2 1.27206E-2 1.35139E-2 1.40261E-2 1.45641E-2 1.52327E-2 1.58166E-2 1.66695E-2 1.70437E-2 1.79688E-2 1.90745E-2 2.04359E-2 2.16556E-2 2.41226E-2 2.56001E-2 2.75839E-2 2.92747E-2 3.08413E-2 3.31929E-2 3.57371E-2 3.61929E-2 3.7054E-2 3.87457E-2 3.99521E-2 4.01699E-2 4.12331E-2 4.21065E-2 4.30639E-2 4.40915E-2 4.64307E-2 4.73625E-2 4.84844E-2 4.87762E-2 4.95052E-2
3.26303E-3 3.88167E-3 4.0636E-3 4.00779E-3 4.06688E-3 4.19516E-3 4.36296E-3 4.5699E-3 4.39875E-3 4.22527E-3 4.17052E-3 4.26018E-3 4.45197E-3 4.55261E-3 4.65133E-3 5.11683E-3 4.64449E-3 5.19053E-3 5.27889E-3 5.32593E-3 5.57418E-3 5.78871E-3 5.73949E-3 5.96692E-3 6.19669E-3 6.43292E-3 1.09349E-2 1.16209E-2 1.27206E-2 1.34262E-2 1.38283E-2 1.43527E-2 1.54884E-2 1.60752E-2 1.68184E-2 1.7462E-2 1.88373E-2 2.00058E-2 2.14967E-2 2.19774E-2 2.36572E-2 2.60176E-2 2.76082E-2 2.86317E-2 3.10443E-2 3.44656E-2 3.60844E-2 3.70765E-2 3.78801E-2 3.87797E-2 3.9666E-2 4.046E-2 4.15426E-2 4.26779E-2 4.35405E-2 4.56864E-2 4.64307E-2 4.78811E-2 4.95346E-2 4.89996E-2 4.96641E-2
3.26303E-3 3.31863E-3 4.00602E-3 4.10496E-3 4.14104E-3 4.39695E-3 4.53641E-3 4.14508E-3 4.37252E-3 4.5441E-3 4.35949E-3 4.39504E-3 4.85389E-3 4.85659E-3 4.92798E-3 4.83574E-3 4.72071E-3 4.7617E-3 4.98211E-3 5.05258E-3 5.45088E-3 5.62171E-3 5.79929E-3 5.92714E-3 6.16163E-3 6.44834E-3 1.11158E-2 1.17333E-2 1.27323E-2 1.33351E-2 1.38224E-2 1.43651E-2 1.53832E-2 1.60947E-2 1.72242E-2 1.78829E-2 1.87096E-2 1.97154E-2 2.16621E-2 2.24687E-2 2.38464E-2 2.60176E-2 2.82478E-2 2.97351E-2 3.17898E-2 3.47285E-2 3.62241E-2 3.66772E-2 3.83642E-2 3.957E-2 3.9666E-2 4.04243E-2 4.12089E-2 4.22207E-2 4.36646E-2 4.56958E-2 4.67723E-2 4.78292E-2 4.82182E-2 4.97081E-2 5.05764E-2
3.57817E-3 3.36758E-3 4.09998E-3 4.29715E-3 4.51164E-3 4.82601E-3 5.0911E-3 5.16582E-3 4.75548E-3 4.67211E-3 4.67409E-3 4.35595E-3 4.60948E-3 4.67749E-3 4.9339E-3 4.77127E-3 4.76955E-3 4.88019E-3 4.91808E-3 5.30266E-3 5.58639E-3 5.76294E-3 5.80537E-3 6.08168E-3 6.26689E-3 1.16916E-2 1.23282E-2 1.21014E-2 1.26462E-2 1.32328E-2 1.38586E-2 1.48202E-2 1.5863E-2 1.62319E-2 1.74909E-2 1.80207E-2 1.9307E-2 1.96656E-2 2.08728E-2 2.28307E-2 2.36866E-2 2.58839E-2 2.68494E-2 3.00108E-2 3.25173E-2 3.52557E-2 3.75234E-2 3.77778E-2 3.83978E-2 3.94906E-2 3.89602E-2 3.94538E-2 4.1249E-2 4.29639E-2 4.3979E-2 4.63139E-2 4.79327E-2 4.90664E-2 5.05787E-2 5.14852E-2 5.19475E-2
3.66431E-3 3.4203E-3 3.72245E-3 4.39695E-3 4.29576E-3 4.2296E-3 4.39719E-3 5.01436E-3 5.24851E-3 4.39993E-3 4.40261E-3 4.34142E-3 4.68304E-3 4.23657E-3 4.79868E-3 5.02681E-3 5.03337E-3 4.96418E-3 5.11299E-3 5.43308E-3 5.77541E-3 6.09718E-3 6.37024E-3 6.46998E-3 6.57068E-3 1.11522E-2 1.14912E-2 1.20085E-2 1.25656E-2 1.3347E-2 1.39777E-2 1.49534E-2 1.58812E-2 1.65958E-2 1.76455E-2 1.81734E-2 1.9817E-2 2.07462E-2 2.15184E-2 2.21682E-2 2.40307E-2 2.47554E-2 2.54794E-2 2.78681E-2 3.14175E-2 3.60175E-2 3.72861E-2 3.74576E-2 3.79513E-2 3.8868E-2 4.00183E-2 4.09797E-2 4.26359E-2 4.31756E-2 4.48436E-2 4.71678E-2 4.79236E-2 4.97281E-2 5.07646E-2 5.3946E-2 5.44276E-2
3.83321E-3 3.42488E-3 3.52976E-3 3.55877E-3 4.10936E-3 4.30132E-3 4.34174E-3 3.90541E-3 3.9925E-3 4.08784E-3 4.317E-3 4.45414E-3 4.69917E-3 4.44337E-3 4.57196E-3 5.03232E-3 5.12099E-3 5.04704E-3 5.35554E-3 5.52485E-3 6.13889E-3 6.09751E-3 6.33835E-3 6.32754E-3 6.52653E-3 1.19924E-2 1.15749E-2 1.21126E-2 1.26742E-2 1.36707E-2 1.44019E-2 1.51976E-2 1.63827E-2 1.72648E-2 1.86028E-2 1.94557E-2 2.00268E-2 2.08938E-2 2.19991E-2 2.2319E-2 2.38627E-2 2.40214E-2 2.5104E-2 2.66539E-2 2.78839E-2 3.13571E-2 3.4241E-2 3.65609E-2 3.78368E-2 3.87052E-2 3.97797E-2 4.15926E-2 4.2895E-2 4.37716E-2 4.55823E-2 4.65498E-2 4.72929E-2 4.92045E-2 5.09008E-2 5.19475E-2 5.35438E-2
3.72673E-3 3.80776E-3 3.61218E-3 3.67245E-3 3.76372E-3 4.4801E-3 4.58706E-3 4.12585E-3 4.12471E-3 4.317E-3 4.48874E-3 4.70461E-3 4.37987E-3 4.45096E-3 4.62371E-3 5.19164E-3 5.43443E-3 5.56759E-3 6.13194E-3 6.09144E-3 6.27804E-3 6.53084E-3 1.14791E-2 1.19274E-2 1.2379E-2 1.30351E-2 1.32253E-2 1.27018E-2 1.33759E-2 1.38882E-2 1.45253E-2 1.53149E-2 1.62573E-2 1.71476E-2 1.83196E-2 1.97392E-2 2.05131E-2 2.18569E-2 2.23597E-2 2.4067E-2 2.57509E-2 2.55283E-2 2.60736E-2 2.52895E-2 2.58239E-2 3.06721E-2 3.66251E-2 3.8018E-2 3.85177E-2 3.97171E-2 3.99402E-2 4.17176E-2 4.3011E-2 4.39981E-2 4.54091E-2 4.78123E-2 4.88979E-2 5.009E-2 5.04435E-2 5.23208E-2 5.39261E-2
3.66929E-3 3.72841E-3 3.53905E-3 3.65204E-3 3.79783E-3 4.09794E-3 4.76972E-3 5.07592E-3 4.49275E-3 4.46341E-3 4.89005E-3 5.04481E-3 5.03562E-3 4.88383E-3 5.11674E-3 5.2378E-3 5.48254E-3 5.39148E-3 5.599E-3 5.91132E-3 6.09777E-3 6.38129E-3 6.78252E-3 1.21014E-2 1.20016E-2 1.25575E-2 1.29354E-2 1.25027E-2 1.32734E-2 1.37762E-2 1.44141E-2 1.5309E-2 1.62644E-2 1.68863E-2 1.72586E-2 1.94459E-2 2.08117E-2 2.2194E-2 2.30077E-2 2.42304E-2 2.59314E-2 2.67215E-2 2.98622E-2 3.1678E-2 2.91413E-2 3.2552E-2 3.59293E-2 3.78398E-2 3.87622E-2 3.89097E-2 3.93699E-2 4.12705E-2 4.25619E-2 4.38836E-2 4.52469E-2 4.67887E-2 4.85931E-2 4.87019E-2 5.09434E-2 5.28362E-2 5.53989E-2
3.88109E-3 3.99732E-3 3.79073E-3 3.97274E-3 4.29052E-3 4.52935E-3 4.70391E-3 5.64021E-3 5.11292E-3 5.23871E-3 5.44524E-3 5.48747E-3 6.35172E-3 5.34688E-3 4.99154E-3 4.83251E-3 4.69047E-3 5.3205E-3 5.48261E-3 5.69334E-3 5.95811E-3 6.09748E-3 6.15063E-3 6.24149E-3 1.16481E-2 1.25691E-2 1.28479E-2 1.35441E-2 1.39545E-2 1.3688E-2 1.47625E-2 1.51067E-2 1.60361E-2 1.67572E-2 1.75166E-2 1.86008E-2 2.03389E-2 2.15803E-2 2.234E-2 2.42728E-2 2.63455E-2 2.83582E-2 2.79537E-2 2.78994E-2 2.80883E-2 3.02329E-2 3.32895E-2 3.65201E-2 3.91049E-2 3.86453E-2 3.93717E-2 4.13072E-2 4.22905E-2 4.35706E-2 4.47632E-2 4.67964E-2 4.72407E-2 4.93577E-2 5.13796E-2 5.38022E-2 5.55957E-2
4.4564E-3 4.62162E-3 4.12465E-3 4.22315E-3 4.35226E-3 5.18264E-3 5.34589E-3 5.4804E-3 6.43449E-3 5.95786E-3 6.19167E-3 6.1573E-3 6.33818E-3 6.69266E-3 6.10512E-3 5.55188E-3 5.07326E-3 5.30204E-3 5.37869E-3 5.54239E-3 5.62758E-3 5.62758E-3 6.01876E-3 6.30448E-3 1.16592E-2 1.23886E-2 1.23387E-2 1.30936E-2 1.37116E-2 1.40192E-2 1.50936E-2 1.5577E-2 1.64083E-2 1.67759E-2 1.84582E-2 1.89182E-2 2.02104E-2 2.16299E-2 2.30286E-2 2.50039E-2 2.67505E-2 2.77566E-2 2.65158E-2 2.76967E-2 2.82871E-2 2.82468E-2 3.11292E-2 3.57844E-2 3.89787E-2 3.95286E-2 4.09273E-2 4.13156E-2 4.31493E-2 4.44862E-2 4.50545E-2 4.69718E-2 4.71232E-2 4.93629E-2 5.10627E-2 5.36873E-2 5.53954E-2
4.38048E-3 4.47968E-3 4.6576E-3 4.66029E-3 4.31866E-3 4.49068E-3 5.26975E-3 5.51687E-3 5.689E-3 6.58553E-3 5.96212E-3 6.05626E-3 6.24097E-3 6.39418E-3 6.64704E-3 6.30209E-3 6.34525E-3 6.16996E-3 5.94269E-3 6.08156E-3 6.31455E-3 6.11989E-3 6.30448E-3 1.15852E-2 1.26827E-2 1.27756E-2 1.33785E-2 1.32061E-2 1.40192E-2 1.4768E-2 1.55689E-2 1.6297E-2 1.72089E-2 1.78452E-2 1.82447E-2 1.96644E-2 2.10197E-2 2.24938E-2 2.34414E-2 2.53148E-2 2.75989E-2 2.76141E-2 2.94154E-2 2.80972E-2 2.87367E-2 2.86961E-2 3.0659E-2 3.45204E-2 3.75192E-2 3.84287E-2 3.94636E-2 4.05291E-2 4.1807E-2 4.35768E-2 4.53464E-2 4.60804E-2 4.69138E-2 4.94403E-2 5.11439E-2 5.32502E-2 5.49449E-2
4.44061E-3 4.57835E-3 4.4853E-3 4.45064E-3 4.19054E-3 4.32004E-3 5.03344E-3 5.30935E-3 5.4792E-3 5.65285E-3 5.24237E-3 6.06288E-3 6.19957E-3 6.58901E-3 6.90255E-3 7.11992E-3 7.28022E-3 6.84869E-3 1.24022E-2 1.30882E-2 1.2425E-2 1.25025E-2 1.20398E-2 1.26827E-2 1.32761E-2 1.38899E-2 1.36117E-2 1.39291E-2 1.47859E-2 1.54633E-2 1.62124E-2 1.65756E-2 1.75735E-2 1.8121E-2 1.87967E-2 2.12399E-2 2.27157E-2 2.38586E-2 2.28047E-2 2.53284E-2 2.70815E-2 2.89731E-2 3.0518E-2 3.21853E-2 3.21723E-2 3.09267E-2 3.15846E-2 3.35206E-2 3.55381E-2 3.76056E-2 3.94983E-2 3.99828E-2 4.18734E-2 4.39273E-2 4.49739E-2 4.61932E-2 4.68678E-2 4.87887E-2 5.07824E-2 5.40146E-2 5.67538E-2
4.30293E-3 4.37776E-3 4.51348E-3 4.62162E-3 4.34977E-3 4.45603E-3 4.55962E-3 4.71115E-3 4.81324E-3 5.77915E-3 5.96212E-3 5.44418E-3 6.24769E-3 6.50058E-3 6.59591E-3 6.80378E-3 6.43726E-3 6.63977E-3 6.69775E-3 6.84841E-3 1.26781E-2 1.29739E-2 1.33672E-2 1.31135E-2 1.3997E-2 1.48572E-2 1.44618E-2 1.50335E-2 1.57411E-2 1.59707E-2 1.65756E-2 1.73209E-2 1.77143E-2 1.88103E-2 2.09351E-2 2.22192E-2 2.4226E-2 2.43907E-2 2.49345E-2 2.61135E-2 2.81122E-2 2.98434E-2 3.09432E-2 3.21026E-2 3.05753E-2 3.26027E-2 3.40787E-2 3.61255E-2 3.62393E-2 3.64384E-2 3.78252E-2 3.98683E-2 4.09075E-2 4.30255E-2 4.46042E-2 4.67843E-2 4.85323E-2 4.99432E-2 5.21636E-2 5.47171E-2 5.83216E-2
4.14264E-3 4.34202E-3 4.51748E-3 4.62549E-3 4.25437E-3 4.55828E-3 4.56621E-3 4.71115E-3 4.89137E-3 5.00437E-3 5.24327E-3 4.98766E-3 5.14526E-3 5.1907E-3 6.00966E-3 6.19905E-3 6.39418E-3 6.69119E-3 7.00152E-3 1.25922E-2 1.30625E-2 1.34583E-2 1.27806E-2 1.30034E-2 1.40062E-2 1.38443E-2 1.59159E-2 1.5715E-2 1.63283E-2 1.6694E-2 1.69373E-2 1.98622E-2 2.03066E-2 2.06172E-2 2.09174E-2 2.23704E-2 2.44949E-2 2.59048E-2 2.60808E-2 2.70645E-2 2.64689E-2 2.78871E-2 2.91406E-2 3.11411E-2 3.02342E-2 3.18043E-2 3.37915E-2 3.50521E-2 3.6338E-2 3.63425E-2 3.83359E-2 3.97941E-2 4.13354E-2 4.25316E-2 4.47338E-2 4.66141E-2 4.85246E-2 5.1064E-2 5.34758E-2 5.50542E-2 5.72708E-2
4.40998E-3 4.65988E-3 4.58624E-3 4.6918E-3 4.39142E-3 4.52309E-3 4.60171E-3 4.74776E-3 4.96767E-3 5.2003E-3 5.28977E-3 5.14985E-3 5.1907E-3 5.3488E-3 5.51487E-3 6.39418E-3 6.54392E-3 6.95391E-3 1.27775E-2 1.31632E-2 1.40911E-2 1.41859E-2 1.36115E-2 1.36115E-2 1.47664E-2 1.44846E-2 1.63444E-2 1.70997E-2 1.78743E-2 1.87137E-2 1.9263E-2 1.96939E-2 2.04774E-2 2.04599E-2 2.10778E-2 2.20496E-2 2.28853E-2 2.34765E-2 2.47235E-2 2.66548E-2 2.80676E-2 2.85071E-2 3.04915E-2 2.93533E-2 3.11187E-2 3.29843E-2 3.38985E-2 3.45273E-2 3.55977E-2 3.68023E-2 3.79618E-2 3.9261E-2 4.09971E-2 4.28102E-2 4.42967E-2 4.58204E-2 4.82234E-2 5.08697E-2 5.44308E-2 5.66371E-2 5.89715E-2
4.479E-3 4.47507E-3 4.41554E-3 4.66373E-3 4.84553E-3 4.5214E-3 4.70955E-3 4.89113E-3 5.0462E-3 5.24374E-3 5.45587E-3 5.62053E-3 5.55939E-3 5.73198E-3 5.86953E-3 6.1341E-3 6.18215E-3 1.25819E-2 1.2876E-2 1.34583E-2 1.40935E-2 1.38098E-2 1.49559E-2 1.55122E-2 1.48174E-2 1.55027E-2 1.62062E-2 1.69399E-2 1.80098E-2 1.8555E-2 1.90995E-2 1.96914E-2 1.98428E-2 2.12397E-2 2.14177E-2 2.23664E-2 2.27892E-2 2.2963E-2 2.47235E-2 2.64522E-2 2.7643E-2 3.0024E-2 3.04915E-2 2.95519E-2 3.08784E-2 3.22511E-2 3.27317E-2 3.27729E-2 3.32251E-2 3.55357E-2 3.72539E-2 3.89388E-2 4.05707E-2 4.25526E-2 4.44663E-2 4.594E-2 4.83573E-2 5.0376E-2 5.38837E-2 5.62652E-2 5.83891E-2
4.40998E-3 4.51843E-3 4.55643E-3 4.91824E-3 4.88325E-3 4.63324E-3 4.78041E-3 4.89113E-3 5.0462E-3 5.40968E-3 5.70657E-3 5.88853E-3 6.12E-3 5.86108E-3 6.1341E-3 6.32076E-3 1.16263E-2 1.22589E-2 1.37722E-2 1.44091E-2 1.46163E-2 1.47148E-2 1.40648E-2 1.34784E-2 1.56188E-2 1.52665E-2 1.6442E-2 1.7333E-2 1.83972E-2 1.82571E-2 1.98428E-2 2.01317E-2 1.91137E-2 2.03183E-2 2.12362E-2 2.2215E-2 2.34954E-2 2.41842E-2 2.79155E-2 2.85365E-2 2.62286E-2 2.80353E-2 2.90985E-2 2.99627E-2 3.25086E-2 3.29811E-2 3.22324E-2 3.32736E-2 2.99265E-2 3.52842E-2 3.6887E-2 3.85735E-2 4.01555E-2 4.20793E-2 4.44663E-2 4.59815E-2 4.70602E-2 4.93311E-2 5.26008E-2 5.53645E-2 5.5121E-2
4.41279E-3 4.58624E-3 4.55643E-3 4.55643E-3 4.59757E-3 4.92611E-3 4.56735E-3 4.78592E-3 4.97869E-3 5.29028E-3 5.45169E-3 5.71435E-3 6.12E-3 6.26419E-3 6.1341E-3 6.42525E-3 1.17161E-2 1.20607E-2 1.27166E-2 1.4187E-2 1.47318E-2 1.5753E-2 1.50572E-2 1.59774E-2 1.69618E-2 1.68239E-2 1.63155E-2 1.68094E-2 1.75857E-2 1.81315E-2 1.9392E-2 2.10736E-2 1.91278E-2 2.03009E-2 2.13993E-2 2.20451E-2 2.5158E-2 2.63088E-2 2.75168E-2 2.77035E-2 2.87474E-2 2.9611E-2 2.74016E-2 2.971E-2 3.12968E-2 3.22448E-2 3.27403E-2 3.3383E-2 3.40839E-2 3.60351E-2 3.71525E-2 3.81461E-2 4.05999E-2 4.19394E-2 4.40092E-2 4.63619E-2 4.75802E-2 5.0054E-2 5.26478E-2 5.56559E-2 5.83763E-2
4.15164E-3 4.41264E-3 4.42108E-3 4.56205E-3 4.60513E-3 4.70927E-3 5.01194E-3 4.71916E-3 4.86877E-3 5.1735E-3 5.58562E-3 5.89985E-3 6.02474E-3 6.21461E-3 6.18162E-3 6.17611E-3 1.14488E-2 1.17062E-2 1.25271E-2 1.36038E-2 1.37072E-2 1.71221E-2 1.54329E-2 1.58595E-2 1.77286E-2 1.94014E-2 1.74414E-2 1.74499E-2 1.82709E-2 1.95386E-2 1.96885E-2 2.17241E-2 2.01425E-2 1.95386E-2 2.30898E-2 2.43537E-2 2.4792E-2 2.57356E-2 2.81291E-2 2.83372E-2 2.85293E-2 2.80908E-2 2.84973E-2 2.88845E-2 3.40106E-2 3.39971E-2 3.49538E-2 3.54727E-2 3.51256E-2 3.62999E-2 3.70325E-2 3.83162E-2 3.96203E-2 4.18632E-2 4.42853E-2 4.65997E-2 4.93923E-2 4.91899E-2 5.03685E-2 5.66977E-2 6.04098E-2
4.09924E-3 4.19471E-3 4.56606E-3 4.67512E-3 4.85753E-3 4.97768E-3 5.13575E-3 4.68815E-3 4.79825E-3 5.10124E-3 5.42301E-3 5.58834E-3 5.94643E-3 6.26279E-3 6.13957E-3 6.23002E-3 1.19002E-2 1.21559E-2 1.20695E-2 1.36038E-2 1.50027E-2 1.62879E-2 1.5861E-2 1.59665E-2 1.70618E-2 1.84027E-2 1.7816E-2 1.74242E-2 1.99921E-2 2.07538E-2 2.17066E-2 2.22087E-2 1.95524E-2 1.94036E-2 2.06106E-2 2.46248E-2 2.42318E-2 2.55383E-2 2.71151E-2 2.89889E-2 3.17176E-2 2.72879E-2 2.78675E-2 2.97691E-2 2.99636E-2 3.10643E-2 3.39387E-2 3.44063E-2 3.37065E-2 3.60856E-2 3.63926E-2 3.81582E-2 3.97555E-2 4.1139E-2 4.34014E-2 4.7226E-2 5.16414E-2 4.99151E-2 5.09063E-2 5.68679E-2 5.83484E-2
4.01007E-3 4.13645E-3 4.49974E-3 4.78933E-3 4.93927E-3 4.97768E-3 5.13575E-3 5.33983E-3 4.80108E-3 4.98161E-3 5.42032E-3 5.71763E-3 5.9898E-3 6.36027E-3 1.23343E-2 1.25173E-2 1.3115E-2 1.42405E-2 1.44645E-2 1.3716E-2 1.4014E-2 1.55558E-2 1.48344E-2 1.52735E-2 1.47727E-2 1.71464E-2 1.8778E-2 1.80888E-2 1.90517E-2 2.07503E-2 2.21897E-2 2.16677E-2 1.92241E-2 1.95666E-2 2.34583E-2 2.43131E-2 2.49769E-2 2.53608E-2 2.65022E-2 2.98766E-2 3.47012E-2 3.09886E-2 2.94086E-2 2.91608E-2 2.75978E-2 3.10643E-2 3.50067E-2 3.57494E-2 3.39628E-2 3.57763E-2 3.69065E-2 3.8055E-2 3.91976E-2 4.04117E-2 4.10461E-2 4.4087E-2 4.88783E-2 5.1459E-2 5.53748E-2 5.8445E-2 5.23226E-2
3.80973E-3 3.98503E-3 4.4017E-3 4.50528E-3 4.68688E-3 4.65633E-3 4.73046E-3 4.8373E-3 4.99079E-3 4.84642E-3 5.34763E-3 5.3429E-3 5.55704E-3 6.13096E-3 6.17444E-3 6.36724E-3 1.29089E-2 1.27198E-2 1.37086E-2 1.44645E-2 1.58103E-2 1.67927E-2 1.7622E-2 1.64485E-2 1.59911E-2 1.66556E-2 1.8352E-2 1.85064E-2 1.80862E-2 2.00791E-2 2.25459E-2 2.25075E-2 1.93848E-2 2.01571E-2 2.27524E-2 2.43491E-2 2.48247E-2 2.55714E-2 2.68344E-2 3.02274E-2 3.19718E-2 3.3421E-2 2.87317E-2 2.81326E-2 2.86822E-2 3.20316E-2 3.42204E-2 3.63094E-2 3.7839E-2 3.65541E-2 3.7399E-2 3.8282E-2 3.98545E-2 3.97039E-2 3.92714E-2 3.88149E-2 4.57705E-2 5.17588E-2 5.59495E-2 5.35913E-2 5.69955E-2
4.75342E-3 3.89837E-3 4.37154E-3 4.34784E-3 4.48613E-3 4.69814E-3 4.99964E-3 5.15811E-3 5.39054E-3 5.60111E-3 5.55341E-3 5.56095E-3 5.3503E-3 6.37223E-3 1.2634E-2 6.51549E-3 6.71364E-3 1.30146E-2 1.24463E-2 1.46744E-2 1.62879E-2 1.70519E-2 1.74876E-2 1.82899E-2 1.73792E-2 1.66683E-2 1.79483E-2 1.8645E-2 1.82378E-2 1.92082E-2 2.18306E-2 2.15302E-2 1.88181E-2 2.01711E-2 2.36338E-2 2.55934E-2 2.49092E-2 2.62505E-2 2.89248E-2 3.1411E-2 3.25877E-2 3.57665E-2 3.57598E-2 3.03017E-2 3.04318E-2 3.3256E-2 3.39913E-2 3.6585E-2 3.78066E-2 3.65228E-2 3.76354E-2 3.88168E-2 4.17941E-2 4.294E-2 4.35749E-2 3.66445E-2 4.17465E-2 4.99762E-2 5.70447E-2 4.82666E-2 5.87835E-2
4.7278E-3 4.15147E-3 4.44328E-3 5.19084E-3 5.27317E-3 5.27916E-3 5.44499E-3 5.39532E-3 5.35669E-3 6.42583E-3 5.7354E-3 5.91611E-3 5.82548E-3 5.99304E-3 1.29337E-2 1.34236E-2 1.27207E-2 1.36387E-2 1.38459E-2 1.32113E-2 1.46729E-2 1.77014E-2 1.97433E-2 2.06464E-2 1.78204E-2 1.77029E-2 1.78397E-2 1.81145E-2 1.93689E-2 2.02778E-2 2.33767E-2 2.1076E-2 1.93978E-2 2.09708E-2 2.22535E-2 2.43456E-2 2.54639E-2 2.72256E-2 2.97928E-2 3.2352E-2 3.35687E-2 3.42068E-2 3.36799E-2 3.36282E-2 3.16185E-2 3.37928E-2 3.47427E-2 3.60358E-2 3.77811E-2 3.68989E-2 3.7641E-2 3.91677E-2 4.16427E-2 4.48942E-2 4.10168E-2 3.8893E-2 3.93758E-2 4.89053E-2 5.59398E-2 4.75874E-2 5.30408E-2
