Artocarpus heterophyllus SDM files/MIS19/results (without bias file)/Arthet_stddev.asc
ncols         625
nrows         721
xllcorner     69.99986311115
yllcorner     5.99986187915
cellsize      0.041666667
NODATA_value  -9999
[rows 243 to 269 of 721, columns 366 to 426 of 625]
1.33358E-2 1.31917E-2 1.32734E-2 1.32395E-2 1.36021E-2 1.36103E-2 1.3689E-2 1.36624E-2 1.41595E-2 1.4354E-2 1.44419E-2 1.44307E-2 1.47722E-2 1.47826E-2 1.47758E-2 1.46695E-2 1.46661E-2 1.46643E-2 1.46505E-2 1.45208E-2 1.45052E-2 1.44939E-2 1.43538E-2 1.42846E-2 1.41342E-2 1.40296E-2 1.40404E-2 1.28319E-2 1.27186E-2 1.26134E-2 1.20075E-2 1.21744E-2 1.27202E-2 1.27709E-2 1.39311E-2 1.40046E-2 1.59267E-2 1.79136E-2 1.79956E-2 1.78958E-2 1.83919E-2 1.83037E-2 1.64056E-2 1.66974E-2 1.66288E-2 1.58556E-2 1.67511E-2 1.63174E-2 1.64776E-2 1.66293E-2 1.70255E-2 1.68182E-2 1.84068E-2 1.84919E-2 1.88453E-2 2.11637E-2 2.14439E-2 2.43382E-2 2.45783E-2 1.86042E-2 1.86126E-2
1.31765E-2 1.32644E-2 1.32963E-2 1.33108E-2 1.36426E-2 1.35976E-2 1.36186E-2 1.36142E-2 1.4121E-2 1.42171E-2 1.43854E-2 1.44347E-2 1.47748E-2 1.47865E-2 1.47747E-2 1.47893E-2 1.46793E-2 1.4669E-2 1.46567E-2 1.46324E-2 1.46245E-2 1.44876E-2 1.40024E-2 1.42662E-2 1.42248E-2 1.36692E-2 1.40246E-2 1.39869E-2 1.28583E-2 1.25951E-2 1.26929E-2 1.22429E-2 1.2757E-2 1.27364E-2 1.2759E-2 1.5459E-2 1.59251E-2 1.59916E-2 1.60752E-2 1.82315E-2 1.64568E-2 1.63535E-2 1.68452E-2 1.67023E-2 1.53142E-2 1.57359E-2 1.57225E-2 1.53806E-2 1.55342E-2 1.59754E-2 1.69072E-2 1.66361E-2 1.82725E-2 1.83174E-2 1.87411E-2 2.11843E-2 2.12447E-2 2.4157E-2 2.44048E-2 2.42793E-2 2.43308E-2
1.32066E-2 1.3218E-2 1.31998E-2 1.33108E-2 1.32875E-2 1.37078E-2 1.37508E-2 1.36578E-2 1.36058E-2 1.40983E-2 1.42467E-2 1.43896E-2 1.44429E-2 1.47748E-2 1.4784E-2 1.47773E-2 1.47655E-2 1.46526E-2 1.46666E-2 1.4623E-2 1.46094E-2 1.45135E-2 1.39568E-2 1.3849E-2 1.38399E-2 1.40004E-2 1.40447E-2 1.40503E-2 1.40741E-2 1.259E-2 1.262E-2 1.21666E-2 1.25426E-2 1.27068E-2 1.27297E-2 1.27751E-2 1.31563E-2 1.59434E-2 1.60335E-2 1.63063E-2 1.63971E-2 1.62753E-2 1.5548E-2 1.53934E-2 1.51975E-2 1.55797E-2 1.55233E-2 1.53041E-2 1.5397E-2 1.58319E-2 1.59948E-2 1.65655E-2 1.66284E-2 1.82088E-2 1.86088E-2 2.06403E-2 2.39261E-2 2.39821E-2 2.40425E-2 2.4064E-2 2.40614E-2
1.3171E-2 1.32122E-2 1.32134E-2 1.32254E-2 1.3269E-2 1.33259E-2 1.33459E-2 1.35376E-2 1.36488E-2 1.36488E-2 1.3992E-2 1.43034E-2 1.43463E-2 1.44172E-2 1.47659E-2 1.47239E-2 1.46761E-2 1.47672E-2 1.46767E-2 1.4655E-2 1.42913E-2 1.40564E-2 1.40742E-2 1.39614E-2 1.38685E-2 1.36182E-2 1.3991E-2 1.40549E-2 1.39975E-2 1.39976E-2 1.28132E-2 1.30282E-2 1.25229E-2 1.25617E-2 1.28226E-2 1.30522E-2 1.3115E-2 1.3186E-2 1.35693E-2 1.36328E-2 1.3685E-2 1.49964E-2 1.54459E-2 1.52924E-2 1.49608E-2 1.533E-2 1.53953E-2 1.55868E-2 1.532E-2 1.56748E-2 1.58643E-2 1.67585E-2 1.64682E-2 1.81502E-2 2.09387E-2 2.07554E-2 2.38911E-2 2.38985E-2 2.3939E-2 2.39695E-2 2.39448E-2
1.31473E-2 1.27608E-2 1.28199E-2 1.26313E-2 1.31634E-2 1.32074E-2 1.32904E-2 1.32602E-2 1.36381E-2 1.36026E-2 1.40632E-2 1.4139E-2 1.4211E-2 1.43938E-2 1.43347E-2 1.47052E-2 1.4641E-2 1.47401E-2 1.47715E-2 1.43131E-2 1.42491E-2 1.40769E-2 1.40564E-2 1.39792E-2 1.38424E-2 1.37178E-2 1.3646E-2 1.39533E-2 1.40147E-2 1.40295E-2 1.39869E-2 1.29399E-2 1.31069E-2 1.25579E-2 1.29088E-2 1.28312E-2 1.2876E-2 1.29498E-2 1.33155E-2 1.33574E-2 1.34374E-2 1.46565E-2 1.50922E-2 1.4973E-2 1.48735E-2 1.52675E-2 1.53123E-2 1.51863E-2 1.51955E-2 1.5599E-2 1.57134E-2 1.66817E-2 1.63876E-2 1.79508E-2 1.8612E-2 2.08296E-2 2.37929E-2 2.38046E-2 2.39821E-2 2.39718E-2 2.38473E-2
1.26734E-2 1.26687E-2 1.26407E-2 1.26942E-2 1.26646E-2 1.28026E-2 1.32119E-2 1.32422E-2 1.36624E-2 1.36426E-2 1.36071E-2 1.36693E-2 1.40937E-2 1.42195E-2 1.41791E-2 1.42552E-2 1.42769E-2 1.43076E-2 1.44577E-2 1.42349E-2 1.41609E-2 1.41366E-2 1.40596E-2 1.40345E-2 1.39148E-2 1.39054E-2 1.36469E-2 1.39326E-2 1.39533E-2 1.40397E-2 1.43493E-2 1.43535E-2 1.32252E-2 1.31346E-2 1.28787E-2 1.2812E-2 1.28345E-2 1.3215E-2 1.32555E-2 1.33145E-2 1.34053E-2 1.37408E-2 1.49942E-2 1.49119E-2 1.50998E-2 1.51968E-2 1.53047E-2 1.52662E-2 1.54779E-2 1.5485E-2 1.55272E-2 1.65442E-2 1.66254E-2 1.81313E-2 1.84495E-2 2.07569E-2 2.37169E-2 2.37119E-2 2.38654E-2 2.38787E-2 2.37461E-2
1.27003E-2 1.25944E-2 1.26454E-2 1.26225E-2 1.265E-2 1.266E-2 1.31239E-2 1.31849E-2 1.32646E-2 1.31715E-2 1.35208E-2 1.35886E-2 1.36736E-2 1.41571E-2 1.41711E-2 1.40888E-2 1.42384E-2 1.42195E-2 1.43193E-2 1.42166E-2 1.3799E-2 1.36667E-2 1.39629E-2 1.39826E-2 1.38682E-2 1.38585E-2 1.37198E-2 1.39485E-2 1.39779E-2 1.40151E-2 1.39466E-2 1.43704E-2 1.32348E-2 1.3615E-2 1.34618E-2 1.34989E-2 1.34542E-2 1.38107E-2 1.38619E-2 1.392E-2 1.39776E-2 1.43271E-2 1.44427E-2 1.44857E-2 1.58088E-2 1.57519E-2 1.58011E-2 1.51348E-2 1.54122E-2 1.52689E-2 1.54217E-2 1.69568E-2 1.70262E-2 1.83627E-2 1.83579E-2 2.06686E-2 2.07007E-2 2.37499E-2 2.37569E-2 2.37919E-2 2.37678E-2
1.26177E-2 1.26905E-2 1.23096E-2 1.23184E-2 1.27148E-2 1.26405E-2 1.2636E-2 1.27162E-2 1.31243E-2 1.31589E-2 1.35254E-2 1.36047E-2 1.36117E-2 1.36032E-2 1.36112E-2 1.3725E-2 1.40602E-2 1.36666E-2 1.41625E-2 1.37444E-2 1.37641E-2 1.35932E-2 1.3973E-2 1.38926E-2 1.39198E-2 1.3873E-2 1.37266E-2 1.40032E-2 1.39296E-2 1.4016E-2 1.43952E-2 1.32372E-2 1.31428E-2 1.35379E-2 1.36337E-2 1.34732E-2 1.38506E-2 1.37744E-2 1.3825E-2 1.38575E-2 1.39159E-2 1.45395E-2 1.45972E-2 1.5364E-2 1.57595E-2 1.56322E-2 1.57206E-2 1.56426E-2 1.54961E-2 1.53583E-2 1.57005E-2 1.68517E-2 1.68941E-2 1.79842E-2 1.80084E-2 2.06282E-2 2.06044E-2 2.37045E-2 2.36902E-2 2.36941E-2 2.36865E-2
1.21208E-2 1.21438E-2 1.21682E-2 1.21709E-2 1.21749E-2 1.223E-2 1.25913E-2 1.2703E-2 1.2748E-2 1.31781E-2 1.32209E-2 1.32599E-2 1.36256E-2 1.36256E-2 1.36807E-2 1.36203E-2 1.36586E-2 1.36625E-2 1.35831E-2 1.35831E-2 1.36933E-2 1.36666E-2 1.35976E-2 1.34648E-2 1.38568E-2 1.37099E-2 1.36736E-2 1.39198E-2 1.3943E-2 1.39214E-2 1.43569E-2 1.44106E-2 1.32464E-2 1.36436E-2 1.35351E-2 1.36351E-2 1.40246E-2 1.40431E-2 1.4003E-2 1.40631E-2 1.40753E-2 1.4474E-2 1.45055E-2 1.54897E-2 1.53464E-2 1.57164E-2 1.5643E-2 1.55847E-2 1.5416E-2 1.5418E-2 1.53279E-2 1.57113E-2 1.68058E-2 1.83815E-2 1.79252E-2 1.79806E-2 2.0557E-2 2.36546E-2 2.36475E-2 2.3638E-2 2.36488E-2
1.21091E-2 1.21062E-2 1.21284E-2 1.21214E-2 1.21435E-2 1.21749E-2 1.2246E-2 1.26642E-2 1.26967E-2 1.27617E-2 1.31726E-2 1.31672E-2 1.32193E-2 1.32239E-2 1.35705E-2 1.36996E-2 1.371E-2 1.36166E-2 1.36092E-2 1.35774E-2 1.35681E-2 1.35562E-2 1.35908E-2 1.34793E-2 1.38039E-2 1.37259E-2 1.36767E-2 1.39973E-2 1.39124E-2 1.39869E-2 1.43646E-2 1.43366E-2 1.43647E-2 1.36833E-2 1.36991E-2 1.36716E-2 1.37772E-2 1.40281E-2 1.39703E-2 1.40128E-2 1.40429E-2 1.44043E-2 1.44351E-2 1.45418E-2 1.5452E-2 1.5657E-2 1.55605E-2 1.5535E-2 1.5036E-2 1.53463E-2 1.52226E-2 1.56285E-2 1.56995E-2 1.82847E-2 1.83345E-2 1.78788E-2 2.0495E-2 2.09472E-2 2.40065E-2 2.36149E-2 2.36101E-2
1.20901E-2 1.21091E-2 1.20971E-2 1.21208E-2 1.21186E-2 1.21599E-2 1.20938E-2 1.22188E-2 1.26704E-2 1.27511E-2 1.27835E-2 1.31818E-2 1.31918E-2 1.32734E-2 1.31719E-2 1.3157E-2 1.36286E-2 1.35562E-2 1.35972E-2 1.3466E-2 1.35044E-2 1.35284E-2 1.34227E-2 1.3431E-2 1.33913E-2 1.3784E-2 1.37001E-2 1.36767E-2 1.40572E-2 1.40547E-2 1.4053E-2 1.42632E-2 1.47661E-2 1.36058E-2 1.36672E-2 1.37092E-2 1.40804E-2 1.41208E-2 1.40373E-2 1.40549E-2 1.40915E-2 1.43662E-2 1.43775E-2 1.45019E-2 1.45592E-2 1.49195E-2 1.56996E-2 1.5579E-2 1.50874E-2 1.50726E-2 1.53818E-2 1.54782E-2 1.55854E-2 1.6699E-2 1.82316E-2 1.77887E-2 2.0159E-2 2.01124E-2 2.39645E-2 2.35941E-2 2.36044E-2
1.20938E-2 1.15352E-2 1.15317E-2 1.1537E-2 1.16435E-2 1.21133E-2 1.22265E-2 1.22561E-2 1.22551E-2 1.2841E-2 1.28501E-2 1.28789E-2 1.31807E-2 1.27516E-2 1.31472E-2 1.33267E-2 1.31858E-2 1.31156E-2 1.34757E-2 1.34495E-2 1.34709E-2 1.33979E-2 1.33496E-2 1.33184E-2 1.36756E-2 1.37459E-2 1.37121E-2 1.40691E-2 1.42141E-2 1.41525E-2 1.42939E-2 1.44092E-2 1.42558E-2 1.49103E-2 1.36481E-2 1.36203E-2 1.36658E-2 1.40493E-2 1.40804E-2 1.4144E-2 1.45342E-2 1.43336E-2 1.43516E-2 1.44436E-2 1.44569E-2 1.45061E-2 1.48923E-2 1.54726E-2 1.49402E-2 1.49179E-2 1.53784E-2 1.53585E-2 1.51026E-2 1.65755E-2 1.66548E-2 1.81637E-2 2.00884E-2 2.00675E-2 2.08404E-2 2.3949E-2 2.35839E-2
1.20498E-2 1.15338E-2 1.15338E-2 1.15367E-2 1.1631E-2 1.1628E-2 1.22111E-2 1.22418E-2 1.22418E-2 1.23721E-2 1.28062E-2 1.28499E-2 1.28684E-2 1.28591E-2 1.31115E-2 1.32765E-2 1.32206E-2 1.31076E-2 1.31902E-2 1.31902E-2 1.30951E-2 1.34806E-2 1.33705E-2 1.33761E-2 1.37249E-2 1.37317E-2 1.37698E-2 1.41364E-2 1.4028E-2 1.43574E-2 1.45027E-2 1.44236E-2 1.42916E-2 1.48165E-2 1.37445E-2 1.38188E-2 1.37605E-2 1.41488E-2 1.41783E-2 1.41054E-2 1.44182E-2 1.44429E-2 1.42971E-2 1.43396E-2 1.44179E-2 1.44679E-2 1.48271E-2 1.46875E-2 1.53815E-2 1.49104E-2 1.50735E-2 1.5119E-2 1.53444E-2 1.64996E-2 1.64769E-2 1.80406E-2 1.81633E-2 2.00326E-2 2.04347E-2 2.08574E-2 2.39517E-2
1.16814E-2 1.15915E-2 1.15065E-2 1.15338E-2 1.15418E-2 1.16489E-2 1.16621E-2 1.22158E-2 1.23484E-2 1.23664E-2 1.24132E-2 1.28193E-2 1.2948E-2 1.3002E-2 1.33557E-2 1.33742E-2 1.31212E-2 1.32537E-2 1.31616E-2 1.32047E-2 1.32308E-2 1.31197E-2 1.33861E-2 1.33651E-2 1.33603E-2 1.37256E-2 1.38193E-2 1.38931E-2 1.3833E-2 1.43751E-2 1.486E-2 1.44553E-2 1.43837E-2 1.47703E-2 1.48472E-2 1.37849E-2 1.41741E-2 1.41594E-2 1.4252E-2 1.40884E-2 1.4156E-2 1.4428E-2 1.4453E-2 1.43671E-2 1.43671E-2 1.44171E-2 1.44217E-2 1.42826E-2 1.52782E-2 1.52995E-2 1.47524E-2 1.5084E-2 1.51581E-2 1.61123E-2 1.64769E-2 1.64856E-2 1.80332E-2 1.77379E-2 1.81476E-2 2.07747E-2 2.0822E-2
1.17055E-2 1.1583E-2 1.15245E-2 1.16016E-2 1.17162E-2 1.17307E-2 1.18471E-2 1.1856E-2 1.23501E-2 1.23603E-2 1.25059E-2 1.29402E-2 1.29567E-2 1.29567E-2 1.29786E-2 1.33379E-2 1.33165E-2 1.31965E-2 1.32856E-2 1.31349E-2 1.31173E-2 1.34614E-2 1.34474E-2 1.3841E-2 1.38662E-2 1.3717E-2 1.36042E-2 1.38795E-2 1.38316E-2 1.39265E-2 1.51333E-2 1.45683E-2 1.44421E-2 1.47672E-2 1.47646E-2 1.48834E-2 1.41699E-2 1.4186E-2 1.3908E-2 1.40133E-2 1.40725E-2 1.39755E-2 1.40731E-2 1.39911E-2 1.43785E-2 1.4319E-2 1.40941E-2 1.40032E-2 1.55021E-2 1.47376E-2 1.4489E-2 1.45373E-2 1.55396E-2 1.5898E-2 1.59816E-2 1.63946E-2 1.79133E-2 1.79997E-2 1.75955E-2 2.03227E-2 1.84639E-2
1.17308E-2 1.15681E-2 1.14527E-2 1.15245E-2 1.16507E-2 1.17211E-2 1.1861E-2 1.1879E-2 1.23401E-2 1.2352E-2 1.25026E-2 1.29364E-2 1.29402E-2 1.29697E-2 1.33344E-2 1.33305E-2 1.33127E-2 1.32893E-2 1.32718E-2 1.32454E-2 1.34417E-2 1.34665E-2 1.35023E-2 1.38267E-2 1.37694E-2 1.39616E-2 1.38606E-2 1.35213E-2 1.33845E-2 1.34158E-2 1.53279E-2 1.46252E-2 1.44607E-2 1.48336E-2 1.47848E-2 1.357E-2 1.35434E-2 1.3871E-2 1.39799E-2 1.40385E-2 1.38802E-2 1.41015E-2 1.4444E-2 1.39018E-2 1.3903E-2 1.39204E-2 1.36345E-2 1.37351E-2 1.49976E-2 1.54554E-2 1.43952E-2 1.43848E-2 1.4798E-2 1.44554E-2 1.48209E-2 1.60283E-2 1.76263E-2 1.77126E-2 1.78714E-2 1.79997E-2 2.02532E-2
1.17308E-2 1.16023E-2 1.15699E-2 1.15922E-2 1.16607E-2 1.1715E-2 1.1992E-2 1.24225E-2 1.25754E-2 1.24879E-2 1.26168E-2 1.30726E-2 1.30847E-2 1.31145E-2 1.34894E-2 1.34634E-2 1.34392E-2 1.34384E-2 1.36695E-2 1.35828E-2 1.35819E-2 1.34539E-2 1.37243E-2 1.36433E-2 1.39165E-2 1.33254E-2 1.37904E-2 1.37421E-2 1.3253E-2 1.42977E-2 1.5236E-2 1.47378E-2 1.43636E-2 1.47908E-2 1.48809E-2 1.51989E-2 1.40043E-2 1.39772E-2 1.39772E-2 1.37352E-2 1.41144E-2 1.41101E-2 1.39688E-2 1.38949E-2 1.38903E-2 1.39018E-2 1.36858E-2 1.36646E-2 1.35929E-2 1.4333E-2 1.40752E-2 1.4419E-2 1.42506E-2 1.3143E-2 1.53554E-2 1.45328E-2 1.54899E-2 1.53602E-2 1.6188E-2 1.80071E-2 2.02733E-2
1.18761E-2 1.16962E-2 1.16349E-2 1.1575E-2 1.1786E-2 1.16743E-2 1.24805E-2 1.24172E-2 1.25638E-2 1.25754E-2 1.26395E-2 1.30893E-2 1.32369E-2 1.36136E-2 1.3601E-2 1.35928E-2 1.35885E-2 1.38773E-2 1.3707E-2 1.37048E-2 1.39519E-2 1.37379E-2 1.32081E-2 1.30177E-2 1.2659E-2 1.25063E-2 1.404E-2 1.40342E-2 1.45648E-2 1.50799E-2 1.45354E-2 1.46531E-2 1.43624E-2 1.47436E-2 1.47926E-2 1.51582E-2 1.37853E-2 1.37982E-2 1.38126E-2 1.3839E-2 1.38057E-2 1.39543E-2 1.38968E-2 1.36973E-2 1.38023E-2 1.38331E-2 1.38605E-2 1.36161E-2 1.39324E-2 1.32199E-2 1.41827E-2 1.39326E-2 1.3742E-2 1.32759E-2 1.32356E-2 1.28816E-2 1.55316E-2 1.69735E-2 1.71758E-2 1.91781E-2 1.98511E-2
1.1901E-2 1.18204E-2 1.18661E-2 1.16496E-2 1.1749E-2 1.18008E-2 1.24429E-2 1.25478E-2 1.25707E-2 1.26256E-2 1.26775E-2 1.32369E-2 1.31943E-2 1.35628E-2 1.36755E-2 1.36483E-2 1.35928E-2 1.38395E-2 1.38146E-2 1.41319E-2 1.37651E-2 1.35391E-2 1.24367E-2 1.23107E-2 1.32692E-2 1.38171E-2 1.48457E-2 1.43875E-2 1.41161E-2 1.4372E-2 1.42316E-2 1.45871E-2 1.42988E-2 1.46033E-2 1.5218E-2 1.51281E-2 1.38102E-2 1.39594E-2 1.37329E-2 1.37711E-2 1.376E-2 1.42276E-2 1.36802E-2 1.3552E-2 1.40271E-2 1.36985E-2 1.36985E-2 1.33362E-2 1.34257E-2 1.34989E-2 1.48979E-2 1.37557E-2 1.3345E-2 1.28718E-2 1.27968E-2 1.55274E-2 1.61946E-2 1.8156E-2 1.73325E-2 2.29704E-2 2.29604E-2
1.19008E-2 1.1881E-2 1.18711E-2 1.1641E-2 1.15681E-2 1.18149E-2 1.25607E-2 1.25807E-2 1.27234E-2 1.26549E-2 1.32112E-2 1.32069E-2 1.32027E-2 1.35748E-2 1.37756E-2 1.36392E-2 1.36053E-2 1.38441E-2 1.42728E-2 1.41822E-2 1.39772E-2 1.32047E-2 1.20759E-2 1.36704E-2 1.49281E-2 1.44589E-2 1.43939E-2 1.42356E-2 1.43355E-2 1.45894E-2 1.47098E-2 1.42606E-2 1.45387E-2 1.50225E-2 1.52326E-2 1.50723E-2 1.48397E-2 1.37137E-2 1.36563E-2 1.34638E-2 1.36587E-2 1.36612E-2 1.36046E-2 1.35509E-2 1.35659E-2 1.35811E-2 1.33336E-2 1.30675E-2 1.29206E-2 1.39292E-2 1.47122E-2 1.45649E-2 1.31551E-2 1.26819E-2 1.42813E-2 1.4753E-2 1.60666E-2 1.6056E-2 1.59155E-2 2.28134E-2 1.97201E-2
1.24692E-2 1.17185E-2 1.15054E-2 1.13626E-2 1.15092E-2 1.21582E-2 1.2576E-2 1.25965E-2 1.27105E-2 1.32064E-2 1.32166E-2 1.31978E-2 1.3208E-2 1.37878E-2 1.37837E-2 1.41229E-2 1.39265E-2 1.38486E-2 1.42601E-2 1.4252E-2 1.43721E-2 1.3838E-2 1.28442E-2 1.4088E-2 1.4715E-2 1.38107E-2 1.46652E-2 1.42597E-2 1.44482E-2 1.45723E-2 1.44466E-2 1.45512E-2 1.45902E-2 1.50461E-2 1.50466E-2 1.48789E-2 1.47535E-2 1.35804E-2 1.34654E-2 1.39266E-2 1.39527E-2 1.35654E-2 1.38604E-2 1.35347E-2 1.34938E-2 1.34961E-2 1.30876E-2 1.29288E-2 1.27874E-2 1.28825E-2 1.48322E-2 1.30666E-2 1.34358E-2 1.3133E-2 1.52771E-2 1.58597E-2 1.58575E-2 1.42751E-2 1.66519E-2 1.98874E-2 1.72726E-2
1.19157E-2 1.16673E-2 1.07189E-2 1.16644E-2 1.245E-2 1.2825E-2 1.28356E-2 1.25046E-2 1.2637E-2 1.3237E-2 1.3201E-2 1.32037E-2 1.37758E-2 1.37671E-2 1.37591E-2 1.40852E-2 1.40609E-2 1.43018E-2 1.42545E-2 1.45796E-2 1.4487E-2 1.45117E-2 1.38529E-2 1.46033E-2 1.47467E-2 1.37684E-2 1.42063E-2 1.42798E-2 1.47781E-2 1.48388E-2 1.46804E-2 1.46388E-2 1.49338E-2 1.49116E-2 1.47073E-2 1.50583E-2 1.45436E-2 1.37559E-2 1.38033E-2 1.37701E-2 1.37143E-2 1.373E-2 1.38904E-2 1.35039E-2 1.33991E-2 1.33595E-2 1.29915E-2 1.28837E-2 1.27344E-2 1.29578E-2 1.40919E-2 1.40047E-2 1.5274E-2 1.56737E-2 1.50624E-2 1.63849E-2 1.57768E-2 1.4842E-2 1.67945E-2 1.96786E-2 1.72695E-2
1.11637E-2 1.1987E-2 1.29945E-2 1.36299E-2 1.24986E-2 1.15899E-2 1.19873E-2 1.25143E-2 1.26569E-2 1.32355E-2 1.32168E-2 1.33856E-2 1.37611E-2 1.37036E-2 1.40158E-2 1.39938E-2 1.39784E-2 1.41054E-2 1.45218E-2 1.44089E-2 1.44665E-2 1.48106E-2 1.47255E-2 1.45725E-2 1.4491E-2 1.43815E-2 1.43185E-2 1.42121E-2 1.50223E-2 1.51589E-2 1.52283E-2 1.46449E-2 1.4757E-2 1.46487E-2 1.44804E-2 1.43379E-2 1.5178E-2 1.39269E-2 1.43096E-2 1.38616E-2 1.3616E-2 1.36411E-2 1.38061E-2 1.35864E-2 1.35504E-2 1.30325E-2 1.29211E-2 1.28798E-2 1.30672E-2 1.2872E-2 1.23653E-2 1.35975E-2 1.4798E-2 1.51393E-2 1.60892E-2 1.57704E-2 1.43052E-2 1.55595E-2 1.61294E-2 1.78105E-2 1.78228E-2
1.26991E-2 1.26317E-2 1.29062E-2 1.17278E-2 1.15011E-2 1.19757E-2 1.26255E-2 1.26558E-2 1.3221E-2 1.32119E-2 1.33876E-2 1.37635E-2 1.36403E-2 1.32777E-2 1.37073E-2 1.40641E-2 1.41294E-2 1.41051E-2 1.41551E-2 1.43874E-2 1.52214E-2 1.47835E-2 1.50374E-2 1.50952E-2 1.49105E-2 1.47773E-2 1.46889E-2 1.454E-2 1.48152E-2 1.56945E-2 1.49684E-2 1.47041E-2 1.45647E-2 1.39345E-2 1.44247E-2 1.44389E-2 1.5299E-2 1.38708E-2 1.41993E-2 1.33188E-2 1.34044E-2 1.35337E-2 1.34955E-2 1.34034E-2 1.34743E-2 1.33287E-2 1.33359E-2 1.31456E-2 1.30526E-2 1.28709E-2 1.27971E-2 1.35465E-2 1.55654E-2 1.49543E-2 1.64336E-2 1.5929E-2 1.44541E-2 1.6176E-2 1.65305E-2 1.7386E-2 1.56869E-2
1.34856E-2 1.18651E-2 1.22245E-2 1.21285E-2 1.22188E-2 1.23256E-2 1.267E-2 1.27351E-2 1.31969E-2 1.33381E-2 1.33818E-2 1.34995E-2 1.32286E-2 1.2923E-2 1.31421E-2 1.36207E-2 1.4166E-2 1.34318E-2 1.29967E-2 1.47663E-2 1.48248E-2 1.54285E-2 1.51029E-2 1.49479E-2 1.47832E-2 1.47411E-2 1.49537E-2 1.48458E-2 1.51948E-2 1.51791E-2 1.52168E-2 1.50267E-2 1.38648E-2 1.38446E-2 1.50379E-2 1.43672E-2 1.5055E-2 1.45906E-2 1.39528E-2 1.33863E-2 1.31065E-2 1.33222E-2 1.3444E-2 1.36414E-2 1.3474E-2 1.33696E-2 1.34271E-2 1.32236E-2 1.3308E-2 1.32262E-2 1.27119E-2 1.39289E-2 1.60271E-2 1.71464E-2 1.56758E-2 1.54925E-2 1.51063E-2 1.60481E-2 1.58852E-2 1.60203E-2 1.7582E-2
1.24006E-2 1.2426E-2 1.23111E-2 1.22826E-2 1.23585E-2 1.27888E-2 1.27128E-2 1.29271E-2 1.30086E-2 1.29111E-2 1.27929E-2 1.26551E-2 1.29765E-2 1.2949E-2 1.28773E-2 1.34803E-2 1.49527E-2 1.49846E-2 1.46224E-2 1.53479E-2 1.53916E-2 1.50797E-2 1.48805E-2 1.47001E-2 1.47767E-2 1.50799E-2 1.48731E-2 1.51776E-2 1.50348E-2 1.49381E-2 1.52413E-2 1.47468E-2 1.47979E-2 1.3911E-2 1.50412E-2 1.55158E-2 1.52111E-2 1.40254E-2 1.37872E-2 1.30568E-2 1.29987E-2 1.36244E-2 1.38895E-2 1.35872E-2 1.32722E-2 1.34538E-2 1.31989E-2 1.31498E-2 1.29044E-2 1.2761E-2 1.26137E-2 1.45673E-2 1.70417E-2 1.59787E-2 1.67937E-2 1.32574E-2 1.51777E-2 1.65878E-2 1.57287E-2 1.59006E-2 1.67045E-2
1.25137E-2 1.294E-2 1.23804E-2 1.24146E-2 1.28172E-2 1.2826E-2 1.281E-2 1.24063E-2 1.28186E-2 1.26269E-2 1.35414E-2 1.40468E-2 1.38848E-2 1.48033E-2 1.4499E-2 1.38878E-2 1.24727E-2 1.41348E-2 1.4629E-2 1.45992E-2 1.44867E-2 1.42188E-2 1.46773E-2 1.42717E-2 1.46651E-2 1.50999E-2 1.44676E-2 1.44881E-2 1.42784E-2 1.47947E-2 1.50142E-2 1.51186E-2 1.5079E-2 1.42502E-2 1.49051E-2 1.46785E-2 1.46826E-2 1.46256E-2 1.32737E-2 1.30794E-2 1.27334E-2 1.37618E-2 1.39267E-2 1.31422E-2 1.32882E-2 1.34504E-2 1.37885E-2 1.33881E-2 1.3108E-2 1.30827E-2 1.3521E-2 1.59107E-2 1.59137E-2 1.56972E-2 1.39527E-2 1.45261E-2 1.69557E-2 1.69925E-2 1.56694E-2 1.57919E-2 1.54912E-2
