Artocarpus heterophyllus SDM files/MIS19/results (without bias file)/Arthet_2.asc
ncols         625
nrows         721
xllcorner     69.99986311115
yllcorner     5.99986187915
cellsize      0.041666667
NODATA_value  -9999
[rows 324 to 350 of 721, columns 61 to 121 of 625]
1.09928E-1 1.1177E-1 1.16568E-1 1.18036E-1 1.20138E-1 1.2204E-1 1.39701E-1 1.40814E-1 1.4087E-1 1.41141E-1 1.43115E-1 1.42758E-1 1.427E-1 1.38314E-1 1.43833E-1 1.46257E-1 1.49486E-1 1.54872E-1 1.56315E-1 1.60697E-1 1.59483E-1 1.64368E-1 1.68504E-1 1.54233E-1 1.33899E-1 1.37727E-1 1.65417E-1 1.79406E-1 1.62097E-1 1.52794E-1 1.61555E-1 1.81476E-1 1.9213E-1 1.40044E-1 1.6837E-1 1.67512E-1 1.86012E-1 1.85368E-1 1.73988E-1 1.52379E-1 1.46121E-1 1.19422E-1 1.20523E-1 1.09245E-1 1.07678E-1 1.2484E-1 1.32436E-1 1.3429E-1 1.26975E-1 1.08697E-1 1.1294E-1 1.23305E-1 1.09188E-1 1.13406E-1 1.21882E-1 1.06587E-1 1.1613E-1 1.23933E-1 1.15895E-1 1.081E-1 1.17959E-1
1.09975E-1 1.12459E-1 1.15937E-1 1.18328E-1 1.34323E-1 1.37214E-1 1.38742E-1 1.39015E-1 1.38537E-1 1.41285E-1 1.42357E-1 1.442E-1 1.40593E-1 1.44677E-1 1.47603E-1 1.46361E-1 1.50085E-1 1.54821E-1 1.58293E-1 1.60228E-1 1.62529E-1 1.73155E-1 1.91037E-1 1.64428E-1 1.35436E-1 1.55934E-1 1.7553E-1 1.93827E-1 1.62258E-1 1.44142E-1 1.42424E-1 1.54334E-1 1.6277E-1 1.67909E-1 1.69701E-1 1.68956E-1 1.71687E-1 1.70481E-1 1.58754E-1 1.68939E-1 1.70864E-1 1.22856E-1 1.39924E-1 1.26265E-1 1.10377E-1 1.11396E-1 1.22846E-1 1.25752E-1 1.18675E-1 1.09546E-1 1.15046E-1 1.18549E-1 1.03278E-1 1.11878E-1 1.14408E-1 1.05714E-1 1.17807E-1 1.11477E-1 1.11571E-1 1.09018E-1 1.10472E-1
1.07394E-1 1.10258E-1 1.12438E-1 1.3068E-1 1.32233E-1 1.35205E-1 1.38003E-1 1.37496E-1 1.38745E-1 1.3921E-1 1.41536E-1 1.43713E-1 1.37895E-1 1.48745E-1 1.50335E-1 1.47646E-1 1.49991E-1 1.53132E-1 1.55006E-1 1.58148E-1 1.61409E-1 1.73635E-1 1.91633E-1 1.96636E-1 1.60606E-1 1.71501E-1 2.12177E-1 1.8696E-1 1.72531E-1 1.80868E-1 1.85903E-1 1.63726E-1 1.68557E-1 1.66807E-1 1.59614E-1 1.68889E-1 1.69847E-1 1.59699E-1 1.54575E-1 1.49258E-1 1.61545E-1 1.42787E-1 1.46448E-1 1.36386E-1 1.19103E-1 1.05487E-1 1.10604E-1 1.15221E-1 1.11159E-1 1.12229E-1 1.28982E-1 1.18802E-1 1.01853E-1 1.02995E-1 1.15232E-1 1.12204E-1 1.1155E-1 1.15294E-1 1.10591E-1 1.03493E-1 9.53551E-2
1.06686E-1 1.09659E-1 1.11484E-1 1.28498E-1 1.30128E-1 1.32315E-1 1.35206E-1 1.36957E-1 1.39893E-1 1.4116E-1 1.41621E-1 1.42205E-1 1.39668E-1 1.5206E-1 1.5209E-1 1.49249E-1 1.50219E-1 1.5373E-1 1.56065E-1 1.58563E-1 1.59497E-1 1.66684E-1 1.75487E-1 1.73359E-1 1.67677E-1 1.94918E-1 1.90205E-1 1.70493E-1 1.37497E-1 1.58815E-1 1.56909E-1 1.64693E-1 1.80666E-1 1.66015E-1 1.64055E-1 1.74021E-1 1.61111E-1 1.57339E-1 1.43436E-1 1.37166E-1 1.39301E-1 1.46875E-1 1.43345E-1 1.32623E-1 1.27706E-1 1.13706E-1 1.03587E-1 1.12434E-1 1.10636E-1 1.19239E-1 1.31847E-1 1.09388E-1 9.60656E-2 1.01725E-1 1.07349E-1 1.15551E-1 1.06547E-1 1.07765E-1 1.13073E-1 1.03542E-1 9.59082E-2
1.03766E-1 1.08669E-1 1.10703E-1 1.26857E-1 1.27876E-1 1.32943E-1 1.34485E-1 1.35715E-1 1.38669E-1 1.41355E-1 1.44412E-1 1.43627E-1 1.44148E-1 1.55144E-1 1.52816E-1 1.51116E-1 1.51549E-1 1.58008E-1 1.62194E-1 1.65454E-1 1.68255E-1 1.70281E-1 1.67986E-1 1.72396E-1 1.73307E-1 1.66315E-1 2.08929E-1 1.85731E-1 1.51624E-1 1.6088E-1 1.64828E-1 1.64292E-1 1.73838E-1 1.62328E-1 1.67364E-1 1.73078E-1 1.60008E-1 1.69601E-1 1.58893E-1 1.32566E-1 1.28742E-1 1.33049E-1 1.21507E-1 1.20472E-1 1.15056E-1 1.16043E-1 1.17037E-1 1.05088E-1 1.10372E-1 1.16893E-1 1.29048E-1 1.10783E-1 9.99387E-2 9.9688E-2 9.96616E-2 1.19031E-1 1.08333E-1 1.06768E-1 1.09313E-1 9.98286E-2 9.52998E-2
1.02671E-1 1.07869E-1 1.13945E-1 1.30534E-1 1.28817E-1 1.32242E-1 1.33924E-1 1.37363E-1 1.40077E-1 1.40656E-1 1.50559E-1 1.46013E-1 1.43353E-1 1.51185E-1 1.5215E-1 1.53281E-1 1.53281E-1 1.5738E-1 1.62527E-1 1.65118E-1 1.67597E-1 1.69379E-1 1.71925E-1 1.80429E-1 1.81445E-1 1.85673E-1 1.7282E-1 1.90668E-1 1.71992E-1 1.66973E-1 1.67388E-1 1.70028E-1 1.65055E-1 1.61734E-1 1.51722E-1 1.55602E-1 1.75845E-1 1.74911E-1 1.44972E-1 1.31111E-1 1.22887E-1 1.20877E-1 1.19057E-1 1.1384E-1 1.04895E-1 1.07414E-1 1.0909E-1 1.14477E-1 1.09592E-1 1.21684E-1 1.19684E-1 1.02975E-1 1.13511E-1 9.55345E-2 1.04265E-1 1.11814E-1 1.02962E-1 1.01679E-1 1.09957E-1 1.06286E-1 9.53412E-2
-9999 1.05926E-1 1.2296E-1 1.2616E-1 1.2864E-1 1.36316E-1 1.33243E-1 1.34716E-1 1.40173E-1 1.36346E-1 1.38999E-1 1.39028E-1 1.44287E-1 1.4515E-1 1.50665E-1 1.55634E-1 1.53863E-1 1.55749E-1 1.6064E-1 1.64177E-1 1.67633E-1 1.70473E-1 1.74684E-1 1.76795E-1 1.77812E-1 1.77163E-1 1.67706E-1 1.71474E-1 1.70847E-1 1.67658E-1 1.75135E-1 1.74362E-1 1.7606E-1 1.64985E-1 1.71919E-1 1.47231E-1 1.64578E-1 1.83245E-1 1.77441E-1 1.64473E-1 1.41432E-1 1.25197E-1 1.25099E-1 1.23147E-1 1.17803E-1 1.01592E-1 1.00888E-1 1.01909E-1 1.14982E-1 1.17317E-1 1.17757E-1 9.26674E-2 1.05266E-1 9.55988E-2 1.00124E-1 1.08109E-1 9.92459E-2 1.04706E-1 1.15932E-1 9.84966E-2 9.16611E-2
-9999 1.02351E-1 9.9624E-2 1.21919E-1 1.2383E-1 1.28743E-1 1.26944E-1 1.27474E-1 1.29591E-1 1.34546E-1 1.38921E-1 1.41712E-1 1.43383E-1 1.44941E-1 1.51525E-1 1.5572E-1 1.55416E-1 1.57527E-1 1.60211E-1 1.62023E-1 1.65889E-1 1.66366E-1 1.70509E-1 1.70797E-1 1.73676E-1 1.70658E-1 1.71461E-1 1.71824E-1 1.7263E-1 1.73699E-1 1.74834E-1 1.73918E-1 1.8901E-1 1.59331E-1 1.85672E-1 1.66436E-1 1.5795E-1 1.63146E-1 1.72525E-1 1.75317E-1 1.47572E-1 1.10818E-1 1.14979E-1 1.29393E-1 1.23399E-1 1.01105E-1 1.0704E-1 9.88327E-2 1.1762E-1 1.27088E-1 1.08411E-1 9.6275E-2 8.78872E-2 8.62689E-2 9.56977E-2 9.93325E-2 1.01514E-1 1.10185E-1 1.05724E-1 9.50685E-2 8.4717E-2
1.01648E-1 1.03736E-1 1.03871E-1 1.0347E-1 1.17382E-1 1.19695E-1 1.23362E-1 1.32627E-1 1.34696E-1 1.37724E-1 1.40705E-1 1.41148E-1 1.4467E-1 1.46353E-1 1.52974E-1 1.56461E-1 1.58836E-1 1.59618E-1 1.62802E-1 1.62491E-1 1.64643E-1 1.66537E-1 1.69045E-1 1.70345E-1 1.69409E-1 1.75168E-1 1.7276E-1 1.70381E-1 1.72174E-1 1.72118E-1 1.69799E-1 1.77084E-1 1.58167E-1 1.62544E-1 1.59912E-1 1.58218E-1 1.60865E-1 1.55081E-1 1.44324E-1 1.57304E-1 1.44575E-1 1.27321E-1 9.96219E-2 1.18801E-1 1.0954E-1 1.20336E-1 9.68923E-2 1.10553E-1 1.30564E-1 1.35479E-1 1.10182E-1 8.47054E-2 8.13814E-2 7.92903E-2 8.8631E-2 9.63494E-2 1.10529E-1 1.00504E-1 9.15052E-2 9.48672E-2 9.0071E-2
1.00647E-1 1.0192E-1 1.03706E-1 1.19144E-1 1.22561E-1 1.2473E-1 1.26572E-1 1.31313E-1 1.34275E-1 1.37252E-1 1.39147E-1 1.4093E-1 1.43922E-1 1.46858E-1 1.50897E-1 1.57206E-1 1.58235E-1 1.60706E-1 1.62969E-1 1.6635E-1 1.67941E-1 1.69356E-1 1.7033E-1 1.70017E-1 1.71763E-1 1.72936E-1 1.73749E-1 1.71672E-1 1.69927E-1 1.68996E-1 1.72335E-1 1.8389E-1 1.61742E-1 1.57407E-1 1.59357E-1 1.57449E-1 1.66707E-1 1.63292E-1 1.6225E-1 1.28939E-1 1.30178E-1 1.23774E-1 1.10551E-1 1.00118E-1 9.60145E-2 1.06185E-1 9.36536E-2 1.09257E-1 1.21337E-1 1.24016E-1 1.21723E-1 8.50054E-2 8.40605E-2 7.82766E-2 8.14786E-2 9.85739E-2 9.55405E-2 9.57749E-2 9.47201E-2 9.82416E-2 8.89807E-2
9.91359E-2 1.00861E-1 1.15328E-1 1.18286E-1 1.20984E-1 1.23832E-1 1.26019E-1 1.30219E-1 1.33814E-1 1.36188E-1 1.38256E-1 1.40557E-1 1.43541E-1 1.49063E-1 1.52678E-1 1.5503E-1 1.57974E-1 1.61468E-1 1.63741E-1 1.66828E-1 1.69967E-1 1.71278E-1 1.67531E-1 1.75711E-1 1.7802E-1 1.79129E-1 1.79822E-1 1.70639E-1 1.73593E-1 1.72013E-1 1.74762E-1 1.84689E-1 1.82768E-1 1.65076E-1 1.41638E-1 1.42247E-1 1.4439E-1 1.54951E-1 1.65402E-1 1.61898E-1 1.48737E-1 1.43526E-1 1.24793E-1 9.82812E-2 9.04977E-2 8.74635E-2 1.06837E-1 1.1394E-1 1.24688E-1 1.21659E-1 1.16252E-1 1.01837E-1 8.05592E-2 7.73671E-2 8.48571E-2 9.68354E-2 9.00269E-2 9.11346E-2 8.87349E-2 8.71991E-2 8.48669E-2
9.69132E-2 9.77945E-2 1.12794E-1 1.1552E-1 1.19055E-1 1.23168E-1 1.26928E-1 1.29034E-1 1.31438E-1 1.34804E-1 1.38355E-1 1.40309E-1 1.43015E-1 1.4723E-1 1.54006E-1 1.54279E-1 1.57114E-1 1.61634E-1 1.6499E-1 1.66999E-1 1.66994E-1 1.67977E-1 1.65765E-1 1.73289E-1 1.74108E-1 1.7774E-1 1.83689E-1 1.80517E-1 1.80222E-1 1.77937E-1 1.7722E-1 1.7858E-1 1.85303E-1 1.83844E-1 1.49095E-1 1.32654E-1 1.24529E-1 1.22258E-1 1.1464E-1 1.26145E-1 1.3074E-1 1.35463E-1 1.24126E-1 1.04156E-1 1.03675E-1 8.68686E-2 1.07837E-1 9.03457E-2 1.06493E-1 1.26281E-1 8.98957E-2 8.00406E-2 8.28953E-2 8.62392E-2 8.46721E-2 8.18542E-2 8.88398E-2 8.58684E-2 8.63211E-2 8.7485E-2 8.91816E-2
9.69003E-2 9.77813E-2 1.12027E-1 1.14897E-1 1.18428E-1 1.21438E-1 1.24911E-1 1.2774E-1 1.30986E-1 1.34191E-1 1.36667E-1 1.41149E-1 1.4414E-1 1.48547E-1 1.52409E-1 1.58409E-1 1.60843E-1 1.65464E-1 1.6903E-1 1.69999E-1 1.71308E-1 1.70679E-1 1.70213E-1 1.81679E-1 1.79184E-1 1.87514E-1 1.8011E-1 1.85001E-1 1.83242E-1 1.83454E-1 1.79226E-1 1.87626E-1 1.95052E-1 1.99914E-1 1.9029E-1 1.59349E-1 1.20541E-1 1.17848E-1 1.26542E-1 1.59799E-1 1.4935E-1 1.35491E-1 1.24644E-1 9.8627E-2 1.03133E-1 1.04858E-1 1.25542E-1 1.17744E-1 8.51409E-2 8.78275E-2 9.05932E-2 9.16177E-2 1.01569E-1 8.23189E-2 1.04058E-1 8.70918E-2 7.79544E-2 7.51313E-2 7.8241E-2 8.11741E-2 8.19784E-2
9.5875E-2 9.72519E-2 1.11673E-1 1.15421E-1 1.17565E-1 1.19416E-1 1.22363E-1 1.26095E-1 1.29047E-1 1.33206E-1 1.36199E-1 1.39567E-1 1.44078E-1 1.48156E-1 1.52292E-1 1.59926E-1 1.6364E-1 1.68132E-1 1.73914E-1 1.77322E-1 1.78673E-1 1.69448E-1 1.75843E-1 1.78157E-1 1.73275E-1 1.82903E-1 1.83612E-1 1.8288E-1 1.85291E-1 1.88933E-1 1.90379E-1 1.80642E-1 1.73466E-1 1.56314E-1 1.63369E-1 1.7577E-1 1.58031E-1 1.36859E-1 1.65969E-1 1.82124E-1 1.5549E-1 1.05813E-1 1.10173E-1 1.06565E-1 1.27296E-1 1.08012E-1 1.27613E-1 1.17983E-1 8.78892E-2 1.04706E-1 9.96817E-2 7.70293E-2 7.95369E-2 7.47439E-2 1.03086E-1 1.11973E-1 9.43694E-2 7.35283E-2 6.36344E-2 6.41451E-2 6.85161E-2
9.57904E-2 9.66596E-2 1.12848E-1 1.14065E-1 1.16985E-1 1.19516E-1 1.20919E-1 1.24228E-1 1.28603E-1 1.32248E-1 1.35581E-1 1.40187E-1 1.4521E-1 1.48205E-1 1.52626E-1 1.57287E-1 1.60437E-1 1.65299E-1 1.82678E-1 1.75701E-1 1.8116E-1 1.70529E-1 1.86913E-1 1.85216E-1 1.68806E-1 1.65603E-1 1.85146E-1 1.8816E-1 1.91996E-1 1.96673E-1 2.10572E-1 2.03288E-1 2.03411E-1 1.73627E-1 1.38991E-1 1.36263E-1 1.33609E-1 1.18845E-1 1.11643E-1 1.09257E-1 1.12704E-1 1.04495E-1 1.05655E-1 1.32979E-1 1.37652E-1 1.04518E-1 9.94524E-2 1.17191E-1 1.25448E-1 8.67595E-2 7.8759E-2 6.86157E-2 6.9554E-2 7.82193E-2 9.35599E-2 1.00068E-1 1.002E-1 9.69765E-2 8.331E-2 6.4306E-2 6.04697E-2
9.49915E-2 1.10493E-1 1.12887E-1 1.13668E-1 1.16578E-1 1.1945E-1 1.23996E-1 1.25838E-1 1.28017E-1 1.32646E-1 1.36959E-1 1.39825E-1 1.45965E-1 1.47888E-1 1.53414E-1 1.61707E-1 1.59364E-1 1.67658E-1 1.68108E-1 1.67625E-1 1.70488E-1 1.64849E-1 1.62453E-1 1.83012E-1 1.67395E-1 1.53916E-1 1.61027E-1 1.65149E-1 1.84854E-1 1.94529E-1 1.98385E-1 2.08228E-1 2.1083E-1 1.64289E-1 1.56552E-1 1.46813E-1 1.46845E-1 1.28967E-1 9.80799E-2 1.38345E-1 1.20467E-1 1.05201E-1 1.02585E-1 1.40586E-1 1.30168E-1 1.1468E-1 1.16155E-1 9.35732E-2 1.12214E-1 8.03786E-2 7.54215E-2 7.17275E-2 6.47397E-2 7.27037E-2 8.04698E-2 9.25684E-2 7.64008E-2 7.4338E-2 1.01295E-1 1.00943E-1 6.96082E-2
-9999 1.10073E-1 1.11636E-1 1.14495E-1 1.17067E-1 1.20288E-1 1.22998E-1 1.27367E-1 1.3006E-1 1.33342E-1 1.37005E-1 1.40243E-1 1.44067E-1 1.4711E-1 1.4337E-1 1.60966E-1 1.66388E-1 1.77437E-1 1.76151E-1 1.74698E-1 1.74199E-1 1.60922E-1 1.45971E-1 1.48373E-1 1.52488E-1 1.48909E-1 1.36086E-1 1.28535E-1 1.47849E-1 1.8108E-1 1.67468E-1 1.54565E-1 1.40033E-1 1.54532E-1 1.35692E-1 1.45355E-1 1.51635E-1 1.14158E-1 1.22688E-1 1.46827E-1 1.1414E-1 1.09909E-1 1.05608E-1 1.16835E-1 1.23352E-1 1.29424E-1 1.29628E-1 1.19806E-1 1.06647E-1 8.12287E-2 7.29648E-2 6.58809E-2 7.76246E-2 6.64414E-2 7.71891E-2 8.83002E-2 6.81139E-2 6.86025E-2 7.26222E-2 9.12369E-2 9.64953E-2
9.79377E-2 9.76376E-2 1.12451E-1 1.14186E-1 1.17108E-1 1.21064E-1 1.23414E-1 1.27797E-1 1.3093E-1 1.34594E-1 1.36657E-1 1.40445E-1 1.43308E-1 1.48263E-1 1.44926E-1 1.61618E-1 1.7497E-1 1.79383E-1 1.71327E-1 1.76995E-1 1.74657E-1 1.64051E-1 1.46796E-1 1.38118E-1 1.99803E-1 2.36384E-1 1.88313E-1 1.35277E-1 1.45048E-1 1.23692E-1 1.29882E-1 1.83928E-1 1.56279E-1 1.80511E-1 1.93395E-1 1.29871E-1 1.09293E-1 1.01081E-1 1.11201E-1 1.16296E-1 1.05999E-1 1.27004E-1 1.31425E-1 1.11525E-1 1.3327E-1 1.192E-1 8.57793E-2 9.8294E-2 1.17305E-1 1.10799E-1 9.0352E-2 8.41494E-2 7.92497E-2 7.3679E-2 7.11168E-2 7.37743E-2 6.36086E-2 6.17523E-2 6.28912E-2 8.09779E-2 9.31168E-2
9.7751E-2 1.11414E-1 1.13352E-1 1.16032E-1 1.18091E-1 1.20876E-1 1.24206E-1 1.28128E-1 1.31121E-1 1.35706E-1 1.38716E-1 1.42285E-1 1.44322E-1 1.47095E-1 1.54804E-1 1.61618E-1 1.76114E-1 1.79426E-1 1.81104E-1 2.00782E-1 2.18096E-1 2.03002E-1 1.68671E-1 1.51544E-1 1.92523E-1 2.68065E-1 2.75654E-1 2.16213E-1 2.08913E-1 1.48159E-1 1.29057E-1 1.67912E-1 2.22845E-1 1.98685E-1 2.18738E-1 1.34588E-1 1.1169E-1 1.21937E-1 1.15457E-1 1.01849E-1 1.20806E-1 1.40517E-1 1.31413E-1 1.18851E-1 1.11739E-1 8.8932E-2 7.90207E-2 8.8072E-2 1.14561E-1 1.03776E-1 1.05132E-1 1.0314E-1 8.45663E-2 8.96164E-2 9.81553E-2 8.65766E-2 7.33182E-2 6.45329E-2 6.30272E-2 5.63863E-2 7.29945E-2
9.7391E-2 1.11883E-1 1.14966E-1 1.18267E-1 1.21286E-1 1.23237E-1 1.26338E-1 1.29683E-1 1.34526E-1 1.39059E-1 1.42289E-1 1.47744E-1 1.45848E-1 1.48602E-1 1.56117E-1 1.68199E-1 1.75632E-1 2.09699E-1 2.12643E-1 2.42619E-1 2.57894E-1 2.07788E-1 1.57249E-1 1.7609E-1 2.09645E-1 2.47538E-1 2.60325E-1 2.63455E-1 2.52326E-1 2.33372E-1 1.61566E-1 1.34195E-1 1.54586E-1 1.65594E-1 2.12871E-1 1.42464E-1 1.27906E-1 1.18497E-1 1.08754E-1 1.11489E-1 1.30803E-1 1.33205E-1 1.25285E-1 9.71789E-2 9.55987E-2 8.01397E-2 8.48281E-2 9.81966E-2 9.28085E-2 9.67978E-2 9.54156E-2 9.77028E-2 9.62995E-2 9.61631E-2 9.95426E-2 8.98513E-2 8.37487E-2 6.79122E-2 6.19611E-2 6.42228E-2 6.56883E-2
1.14101E-1 1.14926E-1 1.19361E-1 1.21836E-1 1.24227E-1 1.27181E-1 1.30366E-1 1.32152E-1 1.37597E-1 1.42804E-1 1.45398E-1 1.44808E-1 1.48816E-1 1.5622E-1 1.66637E-1 1.80042E-1 1.91422E-1 2.1757E-1 2.27437E-1 2.37781E-1 2.45635E-1 2.36497E-1 1.7486E-1 2.10865E-1 1.92684E-1 2.10806E-1 2.26211E-1 2.3313E-1 2.07427E-1 2.02196E-1 2.30578E-1 1.98811E-1 1.48821E-1 2.04228E-1 2.07164E-1 1.79813E-1 1.43631E-1 1.32735E-1 1.36139E-1 1.30755E-1 1.18892E-1 1.01933E-1 1.19691E-1 1.09797E-1 9.86274E-2 9.46758E-2 9.57765E-2 1.008E-1 9.48934E-2 9.37188E-2 9.03173E-2 9.27997E-2 9.63826E-2 1.01334E-1 1.09377E-1 1.0283E-1 8.69442E-2 6.96765E-2 6.50002E-2 7.01878E-2 6.90262E-2
1.1566E-1 1.18129E-1 1.1954E-1 1.21551E-1 1.23091E-1 1.254E-1 1.30063E-1 1.32847E-1 1.35325E-1 1.38156E-1 1.4281E-1 1.49671E-1 1.53118E-1 1.65339E-1 1.72426E-1 1.7851E-1 1.94063E-1 2.08522E-1 2.2283E-1 2.32888E-1 2.47666E-1 2.40453E-1 1.91552E-1 2.388E-1 1.81202E-1 2.0325E-1 2.16427E-1 2.35942E-1 2.06999E-1 2.25219E-1 2.20463E-1 2.25093E-1 1.99618E-1 1.75678E-1 2.08325E-1 1.83015E-1 1.85494E-1 1.89801E-1 1.53048E-1 1.24974E-1 1.2722E-1 1.15973E-1 1.02563E-1 9.99769E-2 9.76576E-2 9.80921E-2 9.48878E-2 9.75196E-2 9.64479E-2 9.17969E-2 9.17198E-2 8.87556E-2 8.94941E-2 9.81398E-2 1.05594E-1 9.09596E-2 9.6817E-2 8.79219E-2 7.04321E-2 7.69488E-2 7.26366E-2
-9999 1.21241E-1 1.22899E-1 1.25451E-1 1.27279E-1 1.30658E-1 1.33165E-1 1.37479E-1 1.41831E-1 1.4484E-1 1.52366E-1 1.60322E-1 1.58982E-1 1.62256E-1 1.77455E-1 1.85318E-1 1.98814E-1 2.13126E-1 2.24857E-1 2.34376E-1 2.44318E-1 2.27881E-1 1.89647E-1 2.24802E-1 2.06726E-1 1.97103E-1 2.25536E-1 2.56557E-1 2.37539E-1 2.29431E-1 2.34958E-1 1.96446E-1 1.85961E-1 1.98823E-1 1.81664E-1 1.46452E-1 1.5053E-1 1.47074E-1 1.39179E-1 1.33205E-1 1.14694E-1 1.10777E-1 1.04186E-1 9.96723E-2 9.93372E-2 9.70168E-2 9.80904E-2 1.0092E-1 9.67999E-2 8.87543E-2 9.30465E-2 9.73986E-2 9.96325E-2 9.34317E-2 9.28648E-2 9.71184E-2 1.00782E-1 1.0386E-1 9.6491E-2 9.63082E-2 8.35244E-2
-9999 1.25286E-1 1.27329E-1 1.28059E-1 1.33508E-1 1.37247E-1 1.40754E-1 1.43846E-1 1.47727E-1 1.53299E-1 1.62121E-1 1.64408E-1 1.72726E-1 1.73546E-1 1.82711E-1 1.97654E-1 2.09682E-1 2.17659E-1 2.30215E-1 2.41527E-1 2.65976E-1 2.35028E-1 1.98427E-1 2.04718E-1 2.1861E-1 2.23635E-1 2.28747E-1 2.36338E-1 1.98888E-1 2.34952E-1 1.92055E-1 1.82207E-1 1.79997E-1 1.59003E-1 1.49941E-1 1.48218E-1 1.43117E-1 1.34876E-1 1.29582E-1 1.26007E-1 1.10589E-1 1.05726E-1 1.03791E-1 1.01661E-1 9.91841E-2 9.49491E-2 9.63609E-2 1.0141E-1 9.95035E-2 9.14317E-2 9.28373E-2 9.83265E-2 1.00842E-1 1.06044E-1 8.94444E-2 7.06785E-2 7.94745E-2 7.69261E-2 7.451E-2 7.86883E-2 7.64665E-2
-9999 -9999 -9999 1.3789E-1 1.37629E-1 1.41206E-1 1.4662E-1 1.50061E-1 1.52208E-1 1.61751E-1 1.73066E-1 1.79662E-1 1.86195E-1 1.96393E-1 1.98836E-1 2.07117E-1 2.18583E-1 2.29568E-1 2.36987E-1 2.50354E-1 2.72808E-1 2.59978E-1 2.34681E-1 2.09888E-1 1.88827E-1 2.00324E-1 2.16025E-1 2.03797E-1 1.50473E-1 1.52274E-1 1.56275E-1 1.73798E-1 1.70423E-1 1.57221E-1 1.48679E-1 1.42313E-1 1.3733E-1 1.3096E-1 1.24232E-1 1.19232E-1 1.07058E-1 1.03192E-1 9.94572E-2 1.01843E-1 1.00198E-1 9.80145E-2 9.74085E-2 9.61726E-2 9.09892E-2 8.67821E-2 9.23863E-2 9.94477E-2 9.36474E-2 8.97137E-2 7.7305E-2 6.99059E-2 6.46724E-2 5.72985E-2 6.19213E-2 6.59751E-2 7.32474E-2
-9999 -9999 1.40803E-1 1.42706E-1 1.42706E-1 1.47224E-1 1.54168E-1 1.57163E-1 1.6729E-1 1.76821E-1 1.84282E-1 1.87825E-1 1.93862E-1 2.00311E-1 2.05997E-1 2.15318E-1 2.27613E-1 2.37859E-1 2.61578E-1 2.57169E-1 2.81082E-1 2.96676E-1 2.63976E-1 2.54996E-1 2.10533E-1 1.82146E-1 2.07059E-1 1.75066E-1 1.53994E-1 1.46188E-1 1.4656E-1 1.60879E-1 1.55701E-1 1.54431E-1 1.45991E-1 1.4255E-1 1.30287E-1 1.25502E-1 1.22421E-1 1.08136E-1 1.08562E-1 1.03573E-1 1.07057E-1 9.23267E-2 9.2082E-2 9.82948E-2 9.74721E-2 8.7785E-2 8.54637E-2 7.99213E-2 8.64873E-2 9.56922E-2 9.0105E-2 8.54634E-2 7.55152E-2 6.52857E-2 7.67995E-2 6.6681E-2 6.58082E-2 7.31433E-2 8.14536E-2
-9999 -9999 1.42351E-1 1.48941E-1 1.49149E-1 1.52032E-1 1.57483E-1 1.61006E-1 1.70554E-1 1.79268E-1 1.86383E-1 1.92832E-1 2.00377E-1 2.10852E-1 2.15615E-1 2.29355E-1 2.46004E-1 2.56769E-1 2.57047E-1 2.48016E-1 3.02995E-1 3.14415E-1 3.01842E-1 2.86173E-1 2.41123E-1 1.97154E-1 2.04004E-1 1.60199E-1 1.46984E-1 1.4568E-1 1.43818E-1 1.54061E-1 1.56936E-1 1.4555E-1 1.3724E-1 1.35757E-1 1.25105E-1 1.24092E-1 1.16535E-1 1.11114E-1 1.07128E-1 1.09438E-1 1.06889E-1 9.07891E-2 8.18559E-2 7.98194E-2 8.06972E-2 7.84927E-2 8.07621E-2 7.8628E-2 8.09375E-2 8.06124E-2 8.58852E-2 8.28189E-2 8.00069E-2 7.984E-2 8.33367E-2 5.94381E-2 7.44769E-2 7.92599E-2 8.82362E-2
