Artocarpus heterophyllus SDM files/MIS19/results (without bias file)/Arthet_avg.asc
ncols         625
nrows         721
xllcorner     69.99986311115
yllcorner     5.99986187915
cellsize      0.041666667
NODATA_value  -9999
[rows 351 to 377 of 721, columns 61 to 121 of 625]
-9999 -9999 1.53355E-1 1.54454E-1 1.57166E-1 1.62546E-1 1.65451E-1 1.72046E-1 1.76314E-1 1.82076E-1 1.89753E-1 1.95122E-1 2.20211E-1 2.24357E-1 2.43392E-1 2.68933E-1 2.88886E-1 2.79176E-1 2.60951E-1 2.94986E-1 3.14085E-1 3.35151E-1 3.37033E-1 3.21991E-1 3.16409E-1 2.96591E-1 2.57174E-1 1.86013E-1 1.69043E-1 1.6002E-1 1.62314E-1 1.76857E-1 1.71588E-1 1.53729E-1 1.30544E-1 1.35652E-1 1.24679E-1 1.16849E-1 1.1379E-1 1.10529E-1 1.13023E-1 1.07506E-1 1.11177E-1 8.6258E-2 7.99181E-2 7.78609E-2 7.6814E-2 7.37647E-2 7.44479E-2 7.48975E-2 7.61598E-2 7.5593E-2 7.2343E-2 7.2601E-2 7.46926E-2 7.3658E-2 7.27404E-2 6.92897E-2 7.96546E-2 8.07555E-2 9.285E-2
-9999 1.56746E-1 1.60246E-1 1.61552E-1 1.66436E-1 1.72428E-1 1.79146E-1 1.84837E-1 1.95018E-1 2.00148E-1 2.10789E-1 2.27405E-1 2.47525E-1 2.39966E-1 2.61508E-1 2.97978E-1 3.07642E-1 2.85626E-1 2.8823E-1 3.33523E-1 3.50398E-1 3.5071E-1 3.47537E-1 3.4222E-1 3.40825E-1 3.27176E-1 2.78138E-1 2.04134E-1 1.96423E-1 1.90468E-1 1.7683E-1 1.91508E-1 1.93456E-1 1.76211E-1 1.56317E-1 1.61458E-1 1.23297E-1 1.14952E-1 1.19974E-1 1.19622E-1 1.13447E-1 1.10951E-1 1.10979E-1 1.02951E-1 8.47929E-2 7.37458E-2 7.17801E-2 6.99202E-2 7.03048E-2 6.71557E-2 6.77791E-2 6.82205E-2 7.13479E-2 6.69351E-2 7.1858E-2 7.4835E-2 7.44271E-2 8.03512E-2 9.32178E-2 9.63637E-2 1.04933E-1
-9999 1.65489E-1 1.67774E-1 1.7084E-1 1.74138E-1 1.81587E-1 1.89307E-1 1.95806E-1 2.08139E-1 2.16768E-1 2.20951E-1 2.28922E-1 2.49437E-1 2.58422E-1 2.92662E-1 3.06127E-1 3.01311E-1 3.06677E-1 3.12504E-1 3.32312E-1 3.46816E-1 3.58323E-1 3.4287E-1 3.53631E-1 3.56386E-1 3.4776E-1 2.88056E-1 1.96964E-1 2.1352E-1 2.36086E-1 2.05314E-1 2.1507E-1 1.97838E-1 1.73936E-1 1.64203E-1 1.54447E-1 1.45908E-1 1.26578E-1 1.2877E-1 1.22148E-1 1.18626E-1 1.21789E-1 1.12349E-1 9.1936E-2 8.37952E-2 7.46285E-2 7.61492E-2 6.74387E-2 6.44039E-2 7.15866E-2 6.88761E-2 6.74441E-2 6.88369E-2 6.43368E-2 6.71613E-2 7.4344E-2 7.58218E-2 7.49014E-2 9.42446E-2 9.39408E-2 1.14644E-1
-9999 1.72513E-1 1.81035E-1 1.83625E-1 1.8765E-1 1.95792E-1 2.03447E-1 2.13926E-1 2.17029E-1 2.27208E-1 2.36029E-1 2.45252E-1 2.47857E-1 2.53567E-1 2.76891E-1 3.00497E-1 3.04334E-1 3.05341E-1 3.07094E-1 3.2428E-1 3.26294E-1 3.10944E-1 2.99521E-1 2.89243E-1 2.99789E-1 3.23002E-1 2.94953E-1 2.38827E-1 2.34239E-1 2.1614E-1 1.97289E-1 1.91431E-1 1.87174E-1 1.73385E-1 1.6494E-1 1.58067E-1 1.39523E-1 1.30689E-1 1.33768E-1 1.17824E-1 1.20468E-1 1.19526E-1 9.57025E-2 8.30442E-2 7.62626E-2 7.32174E-2 7.05532E-2 6.55007E-2 6.93663E-2 7.46325E-2 6.55342E-2 6.3309E-2 6.18123E-2 6.48285E-2 6.668E-2 7.07771E-2 6.54332E-2 6.97935E-2 7.56909E-2 7.84997E-2 8.51135E-2
-9999 -9999 1.92029E-1 1.94757E-1 2.00522E-1 2.09891E-1 2.15194E-1 2.21419E-1 2.31848E-1 2.46813E-1 2.57991E-1 2.65625E-1 2.75634E-1 2.83554E-1 2.77376E-1 2.97719E-1 3.04334E-1 3.10111E-1 3.06981E-1 3.24175E-1 3.37726E-1 3.2113E-1 2.74622E-1 2.63135E-1 2.53142E-1 2.75186E-1 2.45769E-1 2.32212E-1 2.22693E-1 2.25448E-1 2.26654E-1 1.94919E-1 1.7005E-1 1.75089E-1 1.68639E-1 1.60311E-1 1.53954E-1 1.40573E-1 1.5395E-1 1.2564E-1 1.19407E-1 1.03243E-1 8.99175E-2 8.2115E-2 7.36865E-2 7.12238E-2 6.86216E-2 6.68245E-2 7.14103E-2 6.15558E-2 6.05019E-2 5.87986E-2 5.97687E-2 5.92701E-2 6.92205E-2 6.98387E-2 7.13511E-2 6.54654E-2 7.3153E-2 7.92398E-2 7.82234E-2
-9999 2.05826E-1 2.09505E-1 2.07535E-1 2.1481E-1 2.22458E-1 2.36559E-1 2.42115E-1 2.51215E-1 2.60802E-1 2.71982E-1 2.82941E-1 2.98278E-1 3.05299E-1 3.12924E-1 3.16733E-1 3.24696E-1 3.39172E-1 3.46498E-1 3.41785E-1 3.73913E-1 3.7219E-1 3.45675E-1 3.02101E-1 2.70983E-1 2.71676E-1 2.38198E-1 2.25843E-1 2.11874E-1 2.08897E-1 1.97349E-1 2.14152E-1 1.88527E-1 1.61003E-1 1.58068E-1 1.60034E-1 1.55983E-1 1.61758E-1 1.52313E-1 1.22619E-1 1.04968E-1 9.49654E-2 9.55876E-2 8.73321E-2 7.86358E-2 7.14149E-2 7.61206E-2 6.39744E-2 6.10179E-2 6.636E-2 6.29117E-2 5.74914E-2 6.01886E-2 6.48269E-2 6.16277E-2 6.12424E-2 6.81465E-2 6.9458E-2 6.95912E-2 6.95905E-2 7.37048E-2
-9999 2.1451E-1 2.19913E-1 2.20722E-1 2.32399E-1 2.39666E-1 2.49449E-1 2.67323E-1 2.7816E-1 2.86014E-1 2.94742E-1 3.05191E-1 3.13191E-1 3.18978E-1 3.24184E-1 3.29824E-1 3.37624E-1 3.50967E-1 3.53082E-1 3.624E-1 3.96145E-1 3.94136E-1 3.99204E-1 3.84088E-1 3.58052E-1 3.15976E-1 2.58745E-1 2.16117E-1 1.91352E-1 1.86275E-1 1.70345E-1 1.65547E-1 1.66743E-1 1.77604E-1 1.54532E-1 1.57343E-1 1.35309E-1 1.61148E-1 1.3571E-1 1.08301E-1 9.33223E-2 8.76626E-2 8.68125E-2 8.198E-2 7.79043E-2 6.78235E-2 6.96631E-2 5.69042E-2 5.9747E-2 5.49829E-2 5.51422E-2 6.43741E-2 7.27351E-2 6.63036E-2 6.14864E-2 6.23689E-2 6.59574E-2 7.58009E-2 7.51389E-2 7.46554E-2 7.564E-2
-9999 2.25792E-1 2.37341E-1 2.42602E-1 2.53073E-1 2.61388E-1 2.70878E-1 2.87769E-1 2.94093E-1 3.03464E-1 3.10856E-1 3.18433E-1 3.2682E-1 3.33255E-1 3.37017E-1 3.4984E-1 3.51018E-1 3.55418E-1 3.69666E-1 3.76464E-1 4.01012E-1 3.92149E-1 3.97946E-1 3.92953E-1 3.70998E-1 3.74914E-1 3.84515E-1 3.28708E-1 2.41009E-1 1.94894E-1 1.73299E-1 1.68411E-1 1.57598E-1 1.78344E-1 1.85746E-1 1.64349E-1 1.46546E-1 1.19661E-1 1.34462E-1 1.29776E-1 1.11335E-1 9.19406E-2 8.44913E-2 7.13541E-2 6.64601E-2 5.92207E-2 6.07487E-2 5.55882E-2 5.48983E-2 5.714E-2 5.7951E-2 7.0799E-2 7.43778E-2 6.83901E-2 6.17646E-2 6.06395E-2 6.55025E-2 8.20368E-2 7.54568E-2 6.96405E-2 7.07518E-2
-9999 -9999 2.43967E-1 -9999 2.69544E-1 2.73863E-1 2.84439E-1 3.0186E-1 3.08481E-1 3.12509E-1 3.20436E-1 3.27175E-1 3.34413E-1 3.50363E-1 3.59483E-1 3.72245E-1 3.77463E-1 3.79719E-1 3.78852E-1 3.8012E-1 4.15089E-1 4.15734E-1 4.05373E-1 4.09904E-1 4.03711E-1 3.79622E-1 3.78973E-1 3.71558E-1 3.54405E-1 3.14882E-1 1.90567E-1 1.51563E-1 1.72239E-1 1.91404E-1 1.9783E-1 1.65909E-1 1.46125E-1 1.27293E-1 1.0819E-1 1.0534E-1 1.29754E-1 1.1965E-1 9.8592E-2 7.61299E-2 6.51271E-2 6.14228E-2 5.11647E-2 5.7572E-2 6.76579E-2 5.86721E-2 6.55756E-2 6.66802E-2 6.66519E-2 5.68697E-2 5.70584E-2 6.18117E-2 7.15796E-2 8.25734E-2 7.16094E-2 7.0328E-2 7.51131E-2
-9999 -9999 -9999 -9999 2.95436E-1 2.97023E-1 3.04181E-1 3.18657E-1 3.29291E-1 3.41184E-1 3.48241E-1 3.50381E-1 3.599E-1 3.65696E-1 3.71049E-1 3.8331E-1 3.88876E-1 3.95754E-1 3.87631E-1 3.92123E-1 4.15983E-1 4.2503E-1 4.13569E-1 4.02462E-1 3.48773E-1 3.53085E-1 3.64954E-1 3.46366E-1 3.2953E-1 3.37924E-1 2.321E-1 1.77841E-1 1.80323E-1 2.06509E-1 1.93193E-1 1.61263E-1 1.37372E-1 1.27632E-1 1.21968E-1 9.8891E-2 9.84611E-2 8.97076E-2 9.17673E-2 9.48733E-2 8.3271E-2 6.72178E-2 5.94877E-2 5.93936E-2 5.85042E-2 6.15349E-2 7.82279E-2 6.84321E-2 5.82801E-2 5.69219E-2 5.82865E-2 6.1227E-2 7.41249E-2 8.19979E-2 7.18473E-2 7.36253E-2 7.30281E-2
-9999 -9999 -9999 -9999 3.13309E-1 3.17391E-1 3.2482E-1 3.35525E-1 3.38978E-1 3.48514E-1 3.57012E-1 3.61187E-1 3.60755E-1 3.72108E-1 3.79765E-1 3.92895E-1 4.05379E-1 4.15503E-1 4.16381E-1 4.09812E-1 4.57924E-1 4.59979E-1 4.48315E-1 4.81617E-1 4.32441E-1 3.40589E-1 3.57622E-1 3.53957E-1 3.4709E-1 3.13044E-1 2.74638E-1 2.18344E-1 2.12155E-1 2.20886E-1 2.01189E-1 1.60942E-1 1.43276E-1 1.2606E-1 1.06383E-1 1.16518E-1 9.43743E-2 7.91424E-2 7.14542E-2 7.11377E-2 7.43024E-2 7.94567E-2 6.36389E-2 5.74657E-2 6.91616E-2 6.08761E-2 7.03836E-2 6.42814E-2 6.15357E-2 6.55615E-2 5.7837E-2 6.01373E-2 7.87335E-2 8.46984E-2 7.68774E-2 6.57011E-2 7.26842E-2
-9999 -9999 -9999 -9999 3.23676E-1 3.31245E-1 3.39744E-1 3.50681E-1 3.55752E-1 3.62002E-1 3.72343E-1 3.83778E-1 3.92224E-1 3.96247E-1 4.11486E-1 4.16001E-1 4.2234E-1 4.28538E-1 4.31749E-1 4.22462E-1 4.60116E-1 4.56905E-1 4.43117E-1 4.0616E-1 4.07547E-1 4.36331E-1 4.09845E-1 3.8659E-1 3.81543E-1 3.59505E-1 3.25074E-1 2.76742E-1 2.41761E-1 2.14313E-1 1.78288E-1 1.50131E-1 1.34058E-1 1.22551E-1 1.04232E-1 9.48096E-2 8.61005E-2 7.96614E-2 8.03606E-2 7.25639E-2 5.53308E-2 5.72222E-2 5.24923E-2 5.14364E-2 5.90545E-2 5.82341E-2 5.72193E-2 5.78137E-2 5.6723E-2 6.2912E-2 6.14548E-2 6.30472E-2 8.29994E-2 9.57126E-2 7.19397E-2 6.90635E-2 7.53955E-2
-9999 -9999 -9999 -9999 -9999 3.44625E-1 3.58581E-1 3.74897E-1 3.82157E-1 3.90021E-1 3.92258E-1 4.04377E-1 4.11808E-1 4.23996E-1 4.29469E-1 4.3004E-1 4.31653E-1 4.35683E-1 4.41152E-1 4.4991E-1 4.72717E-1 4.73891E-1 4.3918E-1 4.98936E-1 3.77311E-1 3.32817E-1 3.68494E-1 2.7618E-1 2.66746E-1 3.08005E-1 2.6856E-1 2.33862E-1 2.53966E-1 2.12157E-1 1.75796E-1 1.71413E-1 1.47551E-1 1.13939E-1 1.096E-1 9.58626E-2 8.6285E-2 7.67863E-2 7.46351E-2 7.7688E-2 6.61332E-2 4.97873E-2 5.39197E-2 4.78568E-2 4.80308E-2 5.00084E-2 5.45425E-2 5.23659E-2 5.56069E-2 5.6717E-2 5.97987E-2 7.03508E-2 7.46998E-2 8.40064E-2 7.86854E-2 7.13789E-2 7.03401E-2
-9999 -9999 -9999 -9999 -9999 -9999 3.77928E-1 3.85808E-1 3.9795E-1 4.10597E-1 4.08381E-1 4.22173E-1 4.29738E-1 4.34624E-1 4.42118E-1 4.51552E-1 4.52781E-1 4.48898E-1 4.46474E-1 4.46817E-1 5.20548E-1 5.48268E-1 5.06618E-1 5.20072E-1 5.31639E-1 4.42135E-1 4.07051E-1 3.54563E-1 3.07523E-1 2.41672E-1 2.60959E-1 2.24149E-1 2.38534E-1 2.15012E-1 1.9373E-1 1.8108E-1 1.51971E-1 1.38268E-1 1.19826E-1 1.01375E-1 1.2587E-1 1.07468E-1 7.6714E-2 6.32371E-2 6.05779E-2 5.81527E-2 5.2278E-2 4.71844E-2 4.7621E-2 5.69072E-2 5.73946E-2 5.71308E-2 5.8679E-2 5.85781E-2 6.15909E-2 7.91809E-2 8.7025E-2 7.54404E-2 8.33351E-2 6.94095E-2 6.83317E-2
-9999 -9999 -9999 -9999 -9999 -9999 3.93825E-1 3.9956E-1 4.16217E-1 4.21896E-1 4.30861E-1 4.38973E-1 4.50072E-1 4.65655E-1 4.54544E-1 4.65094E-1 4.74164E-1 4.60546E-1 4.25334E-1 4.1986E-1 4.58544E-1 4.52899E-1 4.43466E-1 4.45393E-1 4.56362E-1 4.5085E-1 4.30649E-1 4.29148E-1 3.59625E-1 2.42719E-1 2.04608E-1 2.01283E-1 2.04447E-1 2.29111E-1 1.94729E-1 1.62776E-1 1.70619E-1 1.42828E-1 1.1366E-1 1.00467E-1 1.15594E-1 1.15701E-1 8.66965E-2 8.35862E-2 6.09039E-2 7.22879E-2 8.46936E-2 4.87721E-2 4.90419E-2 5.48016E-2 6.15287E-2 7.11304E-2 7.0118E-2 5.57025E-2 6.92388E-2 8.70212E-2 8.21814E-2 8.04173E-2 8.25724E-2 7.34937E-2 6.98019E-2
-9999 -9999 -9999 -9999 -9999 -9999 3.96862E-1 4.1085E-1 4.17696E-1 4.25771E-1 4.48555E-1 4.58364E-1 4.6729E-1 4.75514E-1 4.84264E-1 4.68834E-1 5.04844E-1 5.07897E-1 4.20837E-1 4.11529E-1 4.74565E-1 4.79631E-1 4.15462E-1 4.93731E-1 4.99253E-1 3.74064E-1 3.78661E-1 4.33823E-1 4.02099E-1 3.22425E-1 2.40949E-1 1.875E-1 1.95562E-1 2.32919E-1 1.7823E-1 1.87339E-1 1.38306E-1 1.18136E-1 1.12129E-1 9.74797E-2 8.50834E-2 8.49571E-2 7.77609E-2 9.27529E-2 7.90883E-2 7.04707E-2 6.17193E-2 5.94906E-2 5.63505E-2 5.43409E-2 6.07042E-2 7.08541E-2 7.54323E-2 6.58104E-2 7.12461E-2 6.56268E-2 7.35259E-2 7.1132E-2 7.58876E-2 7.19911E-2 7.85699E-2
-9999 -9999 -9999 -9999 -9999 -9999 -9999 4.23713E-1 4.37017E-1 4.573E-1 4.56543E-1 4.5094E-1 4.65535E-1 4.90333E-1 5.04905E-1 4.90443E-1 5.14556E-1 5.63236E-1 4.87711E-1 4.50561E-1 4.20201E-1 4.30311E-1 4.07121E-1 4.40785E-1 5.32812E-1 4.514E-1 3.57525E-1 3.4556E-1 3.47871E-1 3.4433E-1 3.04722E-1 2.23316E-1 1.97913E-1 2.20242E-1 1.92095E-1 1.87905E-1 1.53451E-1 1.32211E-1 1.21276E-1 1.01794E-1 8.61318E-2 7.93833E-2 6.52213E-2 6.5143E-2 7.27354E-2 7.86203E-2 6.78143E-2 6.16707E-2 4.87875E-2 5.1009E-2 5.318E-2 5.53848E-2 5.88218E-2 6.17746E-2 6.35196E-2 6.78665E-2 6.64529E-2 7.62259E-2 7.59508E-2 8.39997E-2 9.40038E-2
-9999 -9999 -9999 -9999 -9999 -9999 -9999 4.47107E-1 4.51294E-1 4.78091E-1 4.87544E-1 4.69309E-1 4.74539E-1 4.84265E-1 5.04128E-1 5.08708E-1 5.01679E-1 5.3778E-1 5.26532E-1 4.47498E-1 4.52077E-1 5.15872E-1 4.298E-1 3.75885E-1 3.78829E-1 3.79235E-1 3.75208E-1 3.69869E-1 2.92919E-1 3.46719E-1 3.47634E-1 2.63825E-1 2.46801E-1 1.8676E-1 1.92488E-1 1.52813E-1 1.43841E-1 1.32598E-1 1.15665E-1 1.67466E-1 1.17197E-1 8.29186E-2 7.06064E-2 6.04913E-2 5.7151E-2 6.21541E-2 7.67282E-2 7.87228E-2 6.7898E-2 5.71855E-2 6.06119E-2 6.06486E-2 5.87841E-2 6.22778E-2 6.39614E-2 6.86367E-2 8.17826E-2 8.97937E-2 9.12588E-2 1.05943E-1 1.06861E-1
-9999 -9999 -9999 -9999 -9999 -9999 -9999 -9999 4.65512E-1 4.90659E-1 5.03042E-1 5.02255E-1 4.97148E-1 5.00116E-1 5.16281E-1 5.55073E-1 5.65073E-1 5.8687E-1 6.07391E-1 5.60208E-1 5.42069E-1 5.4913E-1 5.63084E-1 4.33469E-1 3.45117E-1 3.2828E-1 3.35298E-1 3.39766E-1 2.76463E-1 2.91552E-1 2.83275E-1 2.25927E-1 2.15539E-1 1.97991E-1 1.76724E-1 1.72052E-1 1.46741E-1 1.25261E-1 1.06337E-1 1.18512E-1 1.33383E-1 9.00938E-2 8.03513E-2 6.51126E-2 6.17726E-2 5.44526E-2 6.075E-2 7.21092E-2 6.85828E-2 6.86071E-2 6.29622E-2 6.49054E-2 6.36185E-2 6.82731E-2 7.57536E-2 7.21375E-2 9.04527E-2 9.12202E-2 8.37466E-2 9.06095E-2 8.99441E-2
-9999 -9999 -9999 -9999 -9999 -9999 -9999 -9999 4.8739E-1 4.92086E-1 5.04215E-1 5.15019E-1 5.23598E-1 5.28213E-1 5.40008E-1 5.6393E-1 5.62008E-1 5.64904E-1 5.46324E-1 4.95487E-1 5.04594E-1 5.10891E-1 5.00634E-1 5.71712E-1 4.87639E-1 4.28242E-1 2.81686E-1 3.56588E-1 3.14406E-1 2.63657E-1 2.3027E-1 2.12274E-1 1.81904E-1 1.79829E-1 1.58865E-1 1.87804E-1 1.95157E-1 1.53064E-1 1.08937E-1 8.96583E-2 8.97473E-2 1.06265E-1 1.13324E-1 6.31278E-2 5.89434E-2 6.31065E-2 6.13331E-2 6.08066E-2 7.71051E-2 7.54225E-2 6.97385E-2 6.89441E-2 7.03781E-2 7.65168E-2 8.35024E-2 7.64801E-2 8.08569E-2 8.65781E-2 9.24571E-2 8.42779E-2 8.76793E-2
-9999 -9999 -9999 -9999 -9999 -9999 -9999 -9999 4.98384E-1 5.21599E-1 5.02203E-1 5.2663E-1 5.3424E-1 5.46099E-1 5.42386E-1 5.45309E-1 5.86591E-1 5.88038E-1 5.49118E-1 4.80192E-1 5.02989E-1 5.0791E-1 4.62672E-1 4.69817E-1 4.65855E-1 4.66267E-1 3.81193E-1 3.18696E-1 3.54747E-1 2.3829E-1 2.15131E-1 1.9956E-1 1.7804E-1 1.85752E-1 1.6844E-1 1.47947E-1 1.64077E-1 1.75251E-1 1.66781E-1 1.06042E-1 9.10208E-2 9.01326E-2 1.02119E-1 7.39438E-2 6.87636E-2 6.13996E-2 6.08735E-2 6.64578E-2 7.24662E-2 8.70332E-2 7.53837E-2 7.17045E-2 6.13502E-2 6.32273E-2 7.17278E-2 8.11294E-2 7.93526E-2 8.42215E-2 8.82645E-2 9.18201E-2 1.04419E-1
-9999 -9999 -9999 -9999 -9999 -9999 -9999 -9999 5.01643E-1 5.10951E-1 5.1652E-1 5.17182E-1 5.32052E-1 5.58395E-1 5.59426E-1 5.65639E-1 5.40553E-1 5.66504E-1 5.15284E-1 4.61078E-1 4.44739E-1 4.83014E-1 5.79748E-1 5.06726E-1 4.52445E-1 4.26573E-1 3.93965E-1 4.11489E-1 3.07233E-1 2.37319E-1 2.04487E-1 1.69569E-1 1.74505E-1 2.03787E-1 1.95658E-1 1.64104E-1 1.34948E-1 1.28411E-1 1.18356E-1 1.03898E-1 9.27198E-2 8.57695E-2 8.1031E-2 7.41543E-2 6.61717E-2 6.32067E-2 6.84418E-2 6.23899E-2 6.2868E-2 7.33199E-2 8.08682E-2 7.12423E-2 7.00755E-2 6.68159E-2 6.99797E-2 8.23556E-2 8.25371E-2 8.98955E-2 9.34871E-2 1.08621E-1 1.14575E-1
-9999 -9999 -9999 -9999 -9999 -9999 -9999 4.84593E-1 4.94376E-1 5.08733E-1 5.21599E-1 5.29436E-1 5.32498E-1 5.44895E-1 5.73177E-1 5.83356E-1 6.34049E-1 5.89709E-1 6.29441E-1 5.5694E-1 5.63649E-1 4.8285E-1 4.26653E-1 4.21367E-1 4.32322E-1 3.64893E-1 3.83445E-1 3.95466E-1 2.84789E-1 1.9975E-1 1.95032E-1 1.80819E-1 1.74266E-1 1.65978E-1 1.63677E-1 1.51219E-1 1.72823E-1 1.55773E-1 1.17831E-1 1.03739E-1 9.78206E-2 9.19373E-2 1.02998E-1 7.65488E-2 6.33816E-2 7.00246E-2 7.16759E-2 6.13595E-2 6.31665E-2 5.99909E-2 7.46365E-2 7.22801E-2 7.30837E-2 7.81242E-2 8.37631E-2 8.43854E-2 9.36043E-2 9.65443E-2 1.05841E-1 1.06411E-1 1.00692E-1
-9999 -9999 -9999 -9999 -9999 -9999 4.8586E-1 5.08144E-1 4.95033E-1 5.05801E-1 5.30409E-1 5.45333E-1 5.60262E-1 5.58122E-1 5.4662E-1 5.17129E-1 5.32094E-1 5.65133E-1 5.20576E-1 5.02058E-1 4.53508E-1 5.65428E-1 5.61167E-1 5.5495E-1 4.80361E-1 4.66435E-1 4.27321E-1 3.85751E-1 3.28444E-1 2.41387E-1 2.24075E-1 2.02892E-1 2.11409E-1 1.73123E-1 1.65833E-1 1.51247E-1 2.23084E-1 1.42397E-1 1.13298E-1 9.73061E-2 1.02745E-1 1.06903E-1 7.37565E-2 6.59124E-2 6.30461E-2 7.13345E-2 7.33218E-2 6.36157E-2 6.42923E-2 6.06441E-2 7.58828E-2 8.39112E-2 8.23636E-2 8.72388E-2 7.8373E-2 9.35028E-2 1.03507E-1 1.03539E-1 1.01052E-1 1.04299E-1 1.03855E-1
-9999 -9999 -9999 -9999 -9999 -9999 4.82006E-1 4.80517E-1 4.92643E-1 4.76962E-1 4.99556E-1 5.23496E-1 5.5841E-1 5.49E-1 5.8532E-1 5.86001E-1 5.63409E-1 3.93642E-1 4.43844E-1 4.35542E-1 5.13577E-1 5.33815E-1 5.15457E-1 4.91578E-1 3.9605E-1 3.79777E-1 4.0636E-1 3.47043E-1 3.06265E-1 2.60403E-1 2.03382E-1 2.14133E-1 2.14987E-1 2.04252E-1 1.76666E-1 2.14839E-1 1.84421E-1 1.28865E-1 1.24904E-1 1.43626E-1 1.15442E-1 8.56812E-2 6.15308E-2 6.43882E-2 7.7047E-2 7.26436E-2 6.05334E-2 8.62102E-2 7.35965E-2 6.13225E-2 7.11916E-2 8.17334E-2 9.03307E-2 8.75185E-2 8.44223E-2 9.14089E-2 1.03903E-1 9.65323E-2 1.00688E-1 1.1135E-1 1.00295E-1
-9999 -9999 -9999 -9999 -9999 4.61509E-1 4.68104E-1 4.76924E-1 4.43349E-1 4.89362E-1 4.84796E-1 5.25542E-1 5.78768E-1 5.81925E-1 5.6503E-1 6.52989E-1 6.07579E-1 4.54609E-1 4.62772E-1 3.9685E-1 4.17585E-1 3.86078E-1 4.16667E-1 4.47955E-1 4.36551E-1 3.92327E-1 3.39255E-1 2.99616E-1 2.63641E-1 2.36123E-1 2.07343E-1 1.89806E-1 1.94573E-1 1.89539E-1 1.87389E-1 1.92478E-1 1.62047E-1 1.55035E-1 1.19906E-1 1.65009E-1 1.44026E-1 1.16796E-1 7.40339E-2 7.76792E-2 7.10418E-2 7.24802E-2 6.64724E-2 7.08295E-2 6.8874E-2 6.87095E-2 7.14735E-2 8.27044E-2 7.55453E-2 8.00786E-2 8.27782E-2 9.14405E-2 9.9856E-2 9.72759E-2 9.83127E-2 1.27366E-1 1.23883E-1
-9999 -9999 -9999 -9999 -9999 4.64739E-1 5.02725E-1 4.89046E-1 4.44032E-1 4.78059E-1 4.96417E-1 5.21063E-1 6.10996E-1 6.13369E-1 5.06063E-1 5.74152E-1 6.05789E-1 6.18411E-1 5.41974E-1 5.12757E-1 5.55269E-1 5.2247E-1 3.82843E-1 4.12843E-1 3.84642E-1 4.26482E-1 3.40466E-1 2.48147E-1 1.94191E-1 1.8609E-1 2.02971E-1 1.88948E-1 1.9652E-1 1.621E-1 1.81755E-1 1.71898E-1 1.62609E-1 1.4085E-1 1.18503E-1 1.13769E-1 1.0994E-1 1.25326E-1 9.23076E-2 1.10121E-1 6.29107E-2 5.74113E-2 6.00956E-2 5.74845E-2 7.77026E-2 7.73879E-2 8.16502E-2 7.66455E-2 8.42938E-2 8.68315E-2 8.99146E-2 1.04934E-1 1.23851E-1 1.56393E-1 1.38143E-1 1.77449E-1 1.44438E-1
