Artocarpus heterophyllus SDM files/MIS19/results (without bias file)/Arthet_3.asc
ncols         625
nrows         721
xllcorner     69.99986311115
yllcorner     5.99986187915
cellsize      0.041666667
NODATA_value  -9999
[rows 81 to 107 of 721, columns 305 to 365 of 625]
4.19021E-4 4.28538E-4 4.0242E-4 3.76826E-4 4.24318E-4 4.18659E-4 4.00536E-4 3.86662E-4 3.5276E-4 3.5569E-4 3.55665E-4 3.4266E-4 3.45931E-4 3.76858E-4 3.92374E-4 3.97294E-4 3.58175E-4 4.03812E-4 3.55064E-4 4.06051E-4 4.27187E-4 3.90716E-4 3.4702E-4 3.38371E-4 3.43524E-4 3.19712E-4 3.08664E-4 3.4879E-4 3.48426E-4 3.46858E-4 3.48426E-4 3.558E-4 3.47591E-4 3.55177E-4 4.07167E-4 3.44182E-4 3.1107E-4 3.21363E-4 3.55957E-4 3.7638E-4 3.57084E-4 3.42653E-4 3.52887E-4 3.21648E-4 2.96595E-4 2.89017E-4 2.90048E-4 3.14235E-4 3.04572E-4 3.36733E-4 4.00433E-4 3.86662E-4 3.84337E-4 3.71469E-4 3.69233E-4 3.6379E-4 9.11738E-4 8.60769E-4 8.53518E-4 3.02633E-4 2.7548E-4
4.59118E-4 4.66709E-4 4.67322E-4 4.1628E-4 4.53124E-4 4.57961E-4 4.41665E-4 4.14901E-4 3.83156E-4 3.77252E-4 3.52936E-4 3.47504E-4 3.4777E-4 3.58874E-4 3.9634E-4 4.23554E-4 4.14888E-4 4.09229E-4 3.99532E-4 4.0242E-4 4.0764E-4 4.16164E-4 3.73736E-4 3.42758E-4 3.41708E-4 3.33367E-4 3.40536E-4 3.41674E-4 3.68515E-4 3.95827E-4 3.74847E-4 3.89497E-4 3.737E-4 3.45095E-4 3.83447E-4 3.38224E-4 3.14194E-4 3.1723E-4 3.48298E-4 3.75049E-4 3.72652E-4 3.7287E-4 3.39104E-4 3.61728E-4 3.5412E-4 3.17883E-4 3.41749E-4 3.22951E-4 2.9055E-4 2.94989E-4 3.2676E-4 3.81425E-4 3.98842E-4 3.87234E-4 3.79871E-4 4.01029E-4 9.42514E-4 9.71905E-4 8.79092E-4 3.40572E-4 3.10245E-4
4.18784E-4 4.53937E-4 4.73918E-4 4.47282E-4 4.59118E-4 4.76868E-4 4.60512E-4 4.6742E-4 4.35977E-4 4.16148E-4 4.15947E-4 3.83579E-4 3.67133E-4 4.00137E-4 4.18326E-4 3.63797E-4 3.75176E-4 4.24592E-4 4.51284E-4 4.36858E-4 4.28118E-4 4.17657E-4 3.94141E-4 3.66169E-4 3.58357E-4 3.76832E-4 3.8933E-4 3.56442E-4 3.61273E-4 3.81483E-4 4.12675E-4 4.11204E-4 3.93244E-4 4.00332E-4 3.62031E-4 3.51332E-4 3.17042E-4 3.43864E-4 3.85049E-4 4.1078E-4 4.22901E-4 1.00633E-3 3.7953E-4 3.34949E-4 9.31009E-4 3.30113E-4 3.75083E-4 3.34852E-4 3.30858E-4 3.03706E-4 2.9866E-4 3.39745E-4 3.84317E-4 3.78717E-4 3.96491E-4 3.80445E-4 3.84337E-4 9.16721E-4 9.70358E-4 9.77988E-4 3.41702E-4
4.32191E-4 4.2262E-4 4.1688E-4 4.20698E-4 4.2439E-4 4.65682E-4 4.51834E-4 4.15657E-4 4.22418E-4 3.73405E-4 4.02322E-4 4.06652E-4 3.72294E-4 4.89052E-4 4.39545E-4 3.6803E-4 4.16763E-4 3.91352E-4 3.99046E-4 3.8822E-4 4.09727E-4 3.76782E-4 4.35002E-4 4.55021E-4 4.31571E-4 4.38313E-4 4.37792E-4 4.03085E-4 3.80298E-4 3.66477E-4 3.84994E-4 3.762E-4 4.37416E-4 4.49689E-4 3.91543E-4 3.67484E-4 3.53972E-4 3.55809E-4 4.21997E-4 3.72652E-4 4.00406E-4 4.06999E-4 9.74232E-4 3.4501E-4 3.61323E-4 3.46105E-4 9.86982E-4 9.31912E-4 3.47885E-4 3.07444E-4 3.64672E-4 3.12186E-4 3.88267E-4 9.81392E-4 3.7164E-4 9.55378E-4 3.73213E-4 9.43843E-4 9.51328E-4 9.57076E-4 8.30479E-4
4.12951E-4 4.18632E-4 4.33974E-4 4.55749E-4 4.22289E-4 4.98144E-4 1.14467E-3 4.20185E-4 4.30023E-4 4.32694E-4 4.07817E-4 3.70601E-4 3.96491E-4 4.88275E-4 4.76163E-4 4.18456E-4 3.84317E-4 3.82863E-4 3.73188E-4 3.69776E-4 3.80961E-4 3.67462E-4 3.81648E-4 4.65943E-4 4.66574E-4 4.67636E-4 4.67208E-4 4.68874E-4 4.29517E-4 4.24309E-4 3.8302E-4 3.92661E-4 4.1789E-4 4.66259E-4 4.03424E-4 3.5675E-4 3.63635E-4 4.26621E-4 4.46349E-4 4.16385E-4 4.23387E-4 1.04714E-3 9.45819E-4 3.7164E-4 3.38073E-4 3.39799E-4 3.53872E-4 3.72057E-4 3.55915E-4 3.23948E-4 3.69933E-4 3.37184E-4 3.96449E-4 1.04654E-3 3.73213E-4 9.75218E-4 9.21737E-4 9.21737E-4 9.79772E-4 1.00736E-3 8.66759E-4
4.01845E-4 4.29163E-4 4.03508E-4 4.45666E-4 4.03905E-4 4.4413E-4 4.8478E-4 4.79879E-4 4.82562E-4 4.34308E-4 4.40767E-4 4.03655E-4 3.96491E-4 4.22289E-4 4.80881E-4 4.72112E-4 4.44103E-4 4.55303E-4 4.31494E-4 4.06805E-4 3.87388E-4 3.72055E-4 3.77419E-4 4.1688E-4 4.54046E-4 4.74742E-4 4.87296E-4 4.79913E-4 4.97043E-4 5.00716E-4 4.5593E-4 4.08287E-4 4.60774E-4 4.60954E-4 3.63635E-4 3.50947E-4 3.60652E-4 4.108E-4 4.36584E-4 4.48225E-4 1.14199E-3 1.02865E-3 9.93642E-4 8.8684E-4 3.34196E-4 3.55553E-4 3.62425E-4 3.43312E-4 3.36577E-4 3.52099E-4 3.29765E-4 3.54096E-4 4.0298E-4 1.00904E-3 9.69349E-4 9.59258E-4 9.68674E-4 9.14498E-4 9.53241E-4 9.467E-4 9.37705E-4
4.23202E-4 4.17434E-4 4.58834E-4 4.20343E-4 4.14984E-4 4.18632E-4 4.80993E-4 4.46724E-4 4.21445E-4 4.47417E-4 4.28652E-4 3.91357E-4 3.80295E-4 3.73751E-4 4.05348E-4 4.7269E-4 4.53908E-4 3.95333E-4 4.82401E-4 4.59117E-4 4.31568E-4 3.74096E-4 3.79427E-4 3.88276E-4 4.1733E-4 4.32784E-4 4.4468E-4 4.38628E-4 4.66998E-4 4.66626E-4 5.00993E-4 4.33769E-4 4.28273E-4 4.4983E-4 3.89652E-4 4.5159E-4 4.38694E-4 3.72962E-4 3.40958E-4 4.30835E-4 4.55857E-4 4.55918E-4 4.50997E-4 4.18595E-4 4.01509E-4 9.35378E-4 3.64141E-4 3.58611E-4 3.42205E-4 3.61293E-4 3.51357E-4 3.47644E-4 9.98579E-4 9.82249E-4 3.75359E-4 9.98925E-4 9.6521E-4 9.15179E-4 3.65999E-4 3.68771E-4 3.93178E-4
4.53315E-4 4.63667E-4 4.7973E-4 4.34569E-4 4.08883E-4 4.63299E-4 5.31763E-4 5.1229E-4 4.69063E-4 1.10335E-3 3.94594E-4 4.01554E-4 3.94874E-4 4.00954E-4 3.73609E-4 4.44404E-4 4.87702E-4 4.15963E-4 3.71595E-4 3.92374E-4 4.07196E-4 3.84477E-4 4.0059E-4 3.9729E-4 3.66299E-4 3.74837E-4 3.95519E-4 4.02832E-4 4.31007E-4 4.36873E-4 4.36759E-4 4.3464E-4 4.2289E-4 3.97069E-4 4.24696E-4 4.94073E-4 4.98599E-4 4.73558E-4 4.13021E-4 4.3757E-4 3.7537E-4 3.99958E-4 4.58842E-4 4.97076E-4 4.89288E-4 1.10804E-3 4.20557E-4 1.0488E-3 9.4798E-4 9.90387E-4 3.60759E-4 3.75432E-4 9.88209E-4 9.8841E-4 9.602E-4 1.00216E-3 9.50855E-4 3.75788E-4 3.69741E-4 3.78216E-4 4.16354E-4
4.36634E-4 4.7223E-4 4.74355E-4 5.05617E-4 4.26257E-4 4.35997E-4 4.53425E-4 5.28752E-4 1.22859E-3 4.54505E-4 4.07104E-4 4.02777E-4 4.15678E-4 4.30514E-4 4.35947E-4 4.61179E-4 4.49734E-4 4.39122E-4 4.15067E-4 4.2964E-4 4.48356E-4 3.98845E-4 4.26621E-4 4.47868E-4 3.71023E-4 3.69605E-4 3.69719E-4 3.80026E-4 4.06538E-4 4.12163E-4 4.23417E-4 3.85041E-4 3.76344E-4 3.78068E-4 3.76246E-4 4.4046E-4 4.87405E-4 5.10837E-4 4.5519E-4 3.91294E-4 3.61102E-4 3.88106E-4 4.50469E-4 4.81268E-4 4.68043E-4 4.738E-4 4.93128E-4 1.17195E-3 4.41353E-4 4.59092E-4 1.13625E-3 4.55895E-4 1.1084E-3 1.07021E-3 1.034E-3 1.05061E-3 4.34046E-4 4.16792E-4 3.86553E-4 3.78792E-4 4.14546E-4
4.56873E-4 4.55832E-4 4.89007E-4 4.85483E-4 4.65018E-4 4.50408E-4 4.25893E-4 4.94211E-4 1.21242E-3 1.05322E-3 9.51289E-4 3.64743E-4 4.01513E-4 4.0209E-4 4.53536E-4 4.40605E-4 4.73903E-4 4.468E-4 4.12451E-4 4.20561E-4 4.31162E-4 4.86098E-4 4.70068E-4 4.20526E-4 4.2167E-4 4.03793E-4 3.81539E-4 3.92144E-4 3.88676E-4 4.01075E-4 5.1974E-4 4.22581E-4 4.19124E-4 4.40521E-4 3.79449E-4 3.79449E-4 4.0782E-4 4.13264E-4 3.69218E-4 3.67654E-4 3.66081E-4 3.4789E-4 3.73002E-4 3.81539E-4 3.81539E-4 4.25218E-4 4.69109E-4 4.83757E-4 5.21612E-4 5.16156E-4 4.89052E-4 5.25173E-4 5.21012E-4 5.2344E-4 4.94847E-4 1.24858E-3 4.49506E-4 4.27408E-4 4.14963E-4 4.02282E-4 4.323E-4
4.8771E-4 5.10988E-4 1.28325E-3 4.93322E-4 4.7971E-4 4.43815E-4 4.33518E-4 5.00664E-4 1.15441E-3 1.04624E-3 4.14832E-4 4.18596E-4 4.23199E-4 3.96708E-4 4.74355E-4 1.24083E-3 4.58438E-4 4.71364E-4 4.8415E-4 5.19967E-4 4.99911E-4 4.55538E-4 4.73045E-4 1.08047E-3 4.16829E-4 4.31608E-4 4.59626E-4 4.42377E-4 4.49103E-4 4.16432E-4 4.14762E-4 3.75868E-4 4.07659E-4 4.66152E-4 4.03634E-4 4.0707E-4 4.2402E-4 4.01807E-4 4.07313E-4 3.89446E-4 3.79305E-4 3.76008E-4 3.71128E-4 3.73002E-4 3.79799E-4 3.8163E-4 3.8338E-4 3.90458E-4 4.23417E-4 4.50963E-4 4.54952E-4 4.65276E-4 4.73632E-4 4.86246E-4 4.81842E-4 4.68868E-4 4.56466E-4 4.07966E-4 4.08098E-4 4.21352E-4 4.46517E-4
4.50314E-4 5.08103E-4 5.06579E-4 4.76153E-4 4.74974E-4 4.69201E-4 4.59023E-4 5.01688E-4 1.17352E-3 9.82488E-4 4.07047E-4 3.97974E-4 4.05787E-4 4.08681E-4 4.06038E-4 4.72811E-4 4.41039E-4 4.28706E-4 4.02326E-4 4.75321E-4 5.67474E-4 1.34099E-3 4.77188E-4 4.92367E-4 1.21581E-3 4.68727E-4 4.56674E-4 4.9555E-4 4.73101E-4 4.65535E-4 4.50474E-4 4.62631E-4 4.77067E-4 4.72518E-4 4.72579E-4 4.06386E-4 4.21209E-4 4.18647E-4 4.82162E-4 4.32074E-4 4.0654E-4 4.17726E-4 4.14518E-4 3.80212E-4 3.98777E-4 3.86567E-4 3.81539E-4 3.79964E-4 3.85219E-4 4.15955E-4 4.19681E-4 4.21606E-4 4.25357E-4 4.23417E-4 4.27306E-4 3.99377E-4 4.17651E-4 3.90356E-4 4.19564E-4 4.40669E-4 4.22859E-4
4.76228E-4 4.8541E-4 1.20577E-3 1.12267E-3 4.38845E-4 4.45487E-4 4.50972E-4 5.43466E-4 1.22214E-3 1.18612E-3 1.02293E-3 9.62081E-4 3.95022E-4 3.95782E-4 4.387E-4 4.11396E-4 4.35197E-4 4.30126E-4 4.02326E-4 4.13653E-4 4.32986E-4 5.19929E-4 1.29509E-3 4.61257E-4 4.33109E-4 4.39336E-4 4.02074E-4 4.75667E-4 4.80393E-4 4.6447E-4 4.627E-4 5.3766E-4 1.32277E-3 1.27789E-3 4.63832E-4 4.94288E-4 1.17209E-3 4.51319E-4 4.28952E-4 4.64171E-4 4.24705E-4 4.49266E-4 4.38818E-4 4.10468E-4 4.15949E-4 4.0934E-4 3.81314E-4 3.78155E-4 3.79964E-4 4.12163E-4 4.21606E-4 4.03162E-4 4.25481E-4 4.25357E-4 4.3123E-4 4.31083E-4 4.23281E-4 4.0291E-4 4.84353E-4 5.09114E-4 5.14578E-4
1.27384E-3 1.20346E-3 1.24565E-3 1.24618E-3 4.82686E-4 4.31291E-4 4.51442E-4 5.33891E-4 1.22279E-3 1.10421E-3 1.06174E-3 4.06109E-4 1.0483E-3 4.35291E-4 4.54083E-4 4.56907E-4 4.17615E-4 4.33739E-4 4.49318E-4 4.13653E-4 4.17465E-4 4.35055E-4 5.2024E-4 1.36304E-3 1.22891E-3 4.75453E-4 4.62584E-4 4.76084E-4 4.32509E-4 3.97884E-4 5.13429E-4 1.38169E-3 1.32043E-3 4.48668E-4 4.08699E-4 4.82894E-4 5.65984E-4 5.36566E-4 5.5116E-4 1.26451E-3 4.88893E-4 1.1548E-3 4.46757E-4 4.2635E-4 4.08916E-4 4.41848E-4 4.09147E-4 3.81314E-4 3.76344E-4 3.86903E-4 3.99377E-4 3.99377E-4 3.93939E-4 3.99377E-4 4.0291E-4 4.01075E-4 4.3289E-4 4.7779E-4 1.48516E-3 1.42907E-3 5.09905E-4
5.29459E-4 5.44541E-4 4.97234E-4 4.94703E-4 4.58727E-4 4.38598E-4 4.74322E-4 5.49081E-4 1.32929E-3 1.20143E-3 1.16075E-3 1.11875E-3 4.46678E-4 4.60545E-4 4.77309E-4 1.26E-3 4.84512E-4 4.69042E-4 4.46622E-4 4.13442E-4 4.15555E-4 4.02898E-4 4.31007E-4 5.02379E-4 1.39161E-3 1.11095E-3 4.48607E-4 4.09405E-4 4.1598E-4 4.14674E-4 5.24387E-4 5.32318E-4 4.7975E-4 4.58002E-4 4.15116E-4 4.24696E-4 4.66626E-4 4.93973E-4 4.90067E-4 5.09367E-4 1.31953E-3 1.37109E-3 1.2403E-3 1.11569E-3 4.4641E-4 4.20922E-4 4.06386E-4 4.16198E-4 4.18755E-4 4.15322E-4 3.9729E-4 4.04603E-4 4.90685E-4 4.83371E-4 4.72536E-4 4.2842E-4 3.93533E-4 4.97129E-4 1.4339E-3 5.04795E-4 5.49473E-4
1.34368E-3 1.29171E-3 1.28506E-3 4.70961E-4 4.98582E-4 4.99134E-4 5.21483E-4 5.44218E-4 1.33262E-3 1.33218E-3 1.34624E-3 1.30064E-3 4.80147E-4 5.22488E-4 1.38694E-3 1.27549E-3 5.06313E-4 4.38294E-4 4.21861E-4 4.94856E-4 4.45847E-4 3.97172E-4 4.19244E-4 4.67303E-4 5.71629E-4 1.35252E-3 1.27971E-3 4.60782E-4 4.24471E-4 4.34755E-4 3.82487E-4 4.43738E-4 3.64316E-4 3.86338E-4 3.71128E-4 4.2289E-4 4.9069E-4 1.37741E-3 1.38674E-3 4.90351E-4 5.24285E-4 5.47381E-4 1.42877E-3 1.29325E-3 1.18868E-3 4.56063E-4 5.04829E-4 4.98728E-4 4.41476E-4 4.64327E-4 4.07293E-4 4.24292E-4 5.27717E-4 5.23387E-4 4.34927E-4 4.23815E-4 4.00302E-4 3.82773E-4 4.28592E-4 4.1515E-4 4.79088E-4
4.98619E-4 5.4522E-4 1.46685E-3 5.32669E-4 4.88174E-4 4.50487E-4 4.4943E-4 4.74678E-4 5.81829E-4 1.48291E-3 1.44716E-3 5.83065E-4 5.39314E-4 5.84432E-4 1.41653E-3 1.34682E-3 5.15707E-4 4.62528E-4 4.68731E-4 4.46563E-4 4.66328E-4 4.48831E-4 4.07716E-4 4.2649E-4 5.49291E-4 4.85157E-4 5.30614E-4 1.33861E-3 5.12453E-4 4.6742E-4 4.51088E-4 4.10559E-4 5.06109E-4 4.75219E-4 4.22462E-4 3.74299E-4 4.17044E-4 5.23609E-4 3.96514E-4 3.79021E-4 4.31802E-4 4.8509E-4 5.62434E-4 1.42685E-3 5.34784E-4 5.44458E-4 1.36801E-3 5.396E-4 4.83851E-4 4.47774E-4 4.17288E-4 4.75592E-4 5.44428E-4 1.38964E-3 4.8698E-4 4.32655E-4 4.03409E-4 4.05634E-4 4.05634E-4 5.05558E-4 1.55351E-3
4.81303E-4 4.54691E-4 5.53584E-4 1.30437E-3 4.77183E-4 4.98619E-4 5.07114E-4 4.62571E-4 4.69279E-4 5.00202E-4 5.30753E-4 5.54573E-4 5.27869E-4 5.30753E-4 5.48332E-4 1.4719E-3 1.43928E-3 1.24667E-3 4.50736E-4 4.31022E-4 4.47526E-4 4.47771E-4 4.35702E-4 4.45404E-4 4.58216E-4 5.17058E-4 5.10764E-4 1.25359E-3 1.2814E-3 1.17241E-3 4.44825E-4 4.30489E-4 4.12792E-4 5.49345E-4 5.15273E-4 4.46418E-4 4.90911E-4 4.66709E-4 4.01582E-4 3.85841E-4 3.89366E-4 4.61718E-4 5.29502E-4 5.03827E-4 4.83749E-4 4.57616E-4 4.47774E-4 4.64126E-4 5.5372E-4 1.41788E-3 4.66302E-4 4.31897E-4 4.29332E-4 4.69314E-4 5.22286E-4 4.98069E-4 4.5423E-4 4.34927E-4 4.03409E-4 4.74136E-4 5.59005E-4
4.96675E-4 4.61684E-4 1.44165E-3 1.18016E-3 4.59134E-4 5.05159E-4 5.21483E-4 4.54789E-4 4.59702E-4 4.58025E-4 4.36298E-4 5.12487E-4 4.87769E-4 5.23625E-4 5.68984E-4 5.77157E-4 1.47414E-3 1.29435E-3 1.1658E-3 1.12481E-3 1.06521E-3 3.76768E-4 4.05784E-4 4.42436E-4 4.31162E-4 1.3711E-3 1.38751E-3 1.29212E-3 5.14936E-4 1.3059E-3 1.18217E-3 4.89494E-4 3.55892E-4 5.51823E-4 1.25368E-3 1.15742E-3 4.69435E-4 4.47471E-4 4.48259E-4 4.67636E-4 4.30837E-4 3.99556E-4 3.83763E-4 3.99556E-4 5.72051E-4 1.49138E-3 5.35991E-4 4.24171E-4 4.11079E-4 1.39897E-3 1.47217E-3 1.45062E-3 1.24418E-3 4.36719E-4 4.47043E-4 4.93124E-4 4.47774E-4 4.13808E-4 4.10335E-4 4.10335E-4 5.1038E-4
4.8327E-4 4.77048E-4 1.39437E-3 1.25418E-3 5.04984E-4 4.93753E-4 4.70452E-4 4.60943E-4 4.72254E-4 4.68032E-4 4.35947E-4 4.44218E-4 4.52281E-4 4.58033E-4 5.53893E-4 1.46842E-3 1.46962E-3 1.37524E-3 1.16523E-3 1.0442E-3 1.01093E-3 9.15083E-4 3.84884E-4 4.20035E-4 3.89786E-4 4.87255E-4 5.79837E-4 1.38177E-3 5.02346E-4 1.42796E-3 4.49354E-4 4.61204E-4 4.46418E-4 4.71148E-4 5.28239E-4 1.38657E-3 1.3184E-3 1.26493E-3 4.78583E-4 4.99457E-4 4.93859E-4 5.0157E-4 4.31897E-4 3.78396E-4 4.30558E-4 5.39545E-4 1.37809E-3 1.30029E-3 4.6467E-4 4.47043E-4 4.27694E-4 4.95328E-4 1.39969E-3 1.39969E-3 1.3619E-3 5.50005E-4 5.11181E-4 4.72287E-4 4.96298E-4 4.70562E-4 1.51156E-3
1.30649E-3 1.28736E-3 1.23829E-3 1.21655E-3 4.97799E-4 4.97121E-4 4.60051E-4 4.36753E-4 4.86404E-4 5.36791E-4 5.89039E-4 5.20758E-4 5.27812E-4 1.50657E-3 1.45637E-3 5.65474E-4 1.54306E-3 1.45688E-3 1.18591E-3 1.05353E-3 1.02153E-3 4.07234E-4 4.33977E-4 4.12456E-4 4.24595E-4 4.2577E-4 1.37677E-3 4.56674E-4 4.8785E-4 1.30575E-3 3.7531E-4 5.14903E-4 1.41607E-3 4.96589E-4 4.51473E-4 4.80741E-4 1.459E-3 5.06005E-4 4.73329E-4 1.33439E-3 5.04829E-4 1.27789E-3 4.96071E-4 4.31223E-4 4.1789E-4 4.28144E-4 4.69519E-4 5.0382E-4 4.35931E-4 4.03055E-4 4.10688E-4 3.91177E-4 4.12618E-4 4.56391E-4 4.58447E-4 4.7853E-4 4.56391E-4 4.43035E-4 4.39062E-4 5.15802E-4 5.29378E-4
1.44789E-3 1.40291E-3 1.34388E-3 1.4238E-3 1.46855E-3 5.14894E-4 4.69452E-4 5.33884E-4 4.8977E-4 4.40683E-4 4.86404E-4 5.12728E-4 5.48332E-4 5.57577E-4 5.74585E-4 1.47078E-3 1.34179E-3 1.4329E-3 1.20128E-3 9.36554E-4 3.75162E-4 4.34529E-4 4.1569E-4 4.21861E-4 1.50636E-3 1.30754E-3 4.84199E-4 4.54072E-4 1.18151E-3 1.08854E-3 4.24471E-4 1.42989E-3 1.33468E-3 5.3128E-4 5.13173E-4 5.3453E-4 5.18086E-4 5.13173E-4 1.41917E-3 1.41028E-3 1.38544E-3 1.31935E-3 5.19031E-4 1.32126E-3 1.34099E-3 1.38786E-3 1.30913E-3 1.28085E-3 1.31539E-3 4.70172E-4 4.79066E-4 1.37493E-3 1.28349E-3 1.22528E-3 4.54789E-4 1.19442E-3 4.60798E-4 4.65264E-4 4.32034E-4 4.86654E-4 5.01698E-4
1.44678E-3 1.55577E-3 1.4286E-3 5.69858E-4 1.66658E-3 1.54821E-3 1.50736E-3 1.58779E-3 1.47273E-3 5.83901E-4 5.7409E-4 5.84432E-4 4.40683E-4 4.96913E-4 1.5802E-3 1.32571E-3 1.3562E-3 1.23071E-3 1.05573E-3 9.1187E-4 4.01364E-4 4.5008E-4 3.79866E-4 5.74759E-4 1.51884E-3 1.47251E-3 1.34567E-3 1.15318E-3 1.05993E-3 4.33836E-4 4.96518E-4 5.07014E-4 5.01072E-4 1.42868E-3 4.5127E-4 4.81347E-4 5.03754E-4 4.56674E-4 4.66374E-4 4.92409E-4 1.30734E-3 1.44074E-3 1.44197E-3 1.32494E-3 5.08917E-4 4.76447E-4 1.43379E-3 1.42359E-3 1.41211E-3 1.35686E-3 4.83325E-4 1.30734E-3 1.40915E-3 1.22835E-3 4.57183E-4 1.27725E-3 1.10796E-3 4.5302E-4 4.4762E-4 1.46658E-3 1.37546E-3
5.55314E-4 1.64223E-3 6.19038E-4 5.15771E-4 5.9684E-4 6.16843E-4 1.65833E-3 1.71769E-3 5.76964E-4 4.92484E-4 1.57391E-3 1.63529E-3 5.43466E-4 5.24485E-4 1.43625E-3 1.23863E-3 1.17851E-3 1.14536E-3 9.32664E-4 3.60745E-4 4.33307E-4 4.28499E-4 4.21241E-4 1.57256E-3 1.47002E-3 1.48443E-3 1.31578E-3 1.15323E-3 4.66347E-4 4.06442E-4 5.60657E-4 5.09615E-4 1.44668E-3 1.38024E-3 1.27065E-3 5.13331E-4 1.336E-3 1.36454E-3 1.35792E-3 5.48558E-4 5.27151E-4 5.73974E-4 1.34809E-3 5.65624E-4 1.51068E-3 4.83388E-4 5.30679E-4 5.15778E-4 4.91365E-4 4.72811E-4 5.53474E-4 1.36502E-3 1.42967E-3 1.28037E-3 4.86651E-4 1.21379E-3 1.18149E-3 1.07611E-3 4.54981E-4 1.26954E-3 1.45308E-3
4.82787E-4 6.21573E-4 1.69412E-3 6.15242E-4 4.82471E-4 4.96913E-4 5.91135E-4 1.58096E-3 5.58373E-4 5.04155E-4 6.22933E-4 1.65646E-3 1.57005E-3 1.52616E-3 1.4995E-3 1.35226E-3 1.2156E-3 1.03393E-3 9.03174E-4 3.70333E-4 4.48253E-4 3.84113E-4 4.70116E-4 1.54482E-3 1.42474E-3 1.52558E-3 1.37257E-3 1.10435E-3 4.40635E-4 3.84907E-4 5.85057E-4 1.61437E-3 1.36073E-3 1.32124E-3 5.47826E-4 1.42162E-3 1.55444E-3 1.56559E-3 1.51083E-3 5.42722E-4 5.14358E-4 1.61187E-3 1.54863E-3 5.71409E-4 4.2893E-4 5.62562E-4 1.55681E-3 1.44335E-3 1.30113E-3 4.53151E-4 5.06005E-4 1.50798E-3 1.5469E-3 1.27759E-3 1.25754E-3 1.21536E-3 1.29438E-3 1.15828E-3 4.6124E-4 5.28049E-4 1.47623E-3
5.32554E-4 5.21483E-4 4.86225E-4 5.63931E-4 4.88033E-4 6.22933E-4 4.90285E-4 5.15577E-4 4.99658E-4 5.08693E-4 5.91836E-4 1.82271E-3 1.56517E-3 1.58619E-3 1.65721E-3 1.40003E-3 1.18105E-3 1.04417E-3 9.48888E-4 3.84966E-4 4.63655E-4 4.27009E-4 4.22088E-4 1.56797E-3 1.59463E-3 1.47901E-3 1.19411E-3 1.15605E-3 4.59784E-4 4.19539E-4 5.1663E-4 1.60466E-3 1.66348E-3 1.60722E-3 5.93089E-4 5.34158E-4 5.52215E-4 6.25094E-4 1.73477E-3 1.51902E-3 4.59118E-4 5.47236E-4 1.57287E-3 1.56204E-3 5.25626E-4 5.38091E-4 5.68265E-4 1.47666E-3 1.4212E-3 1.32996E-3 4.80016E-4 5.02517E-4 1.30017E-3 1.3114E-3 1.17914E-3 5.03545E-4 1.4225E-3 1.31578E-3 1.13643E-3 4.63949E-4 1.44564E-3
1.54072E-3 1.56824E-3 4.90754E-4 4.62472E-4 4.93322E-4 5.07606E-4 5.10438E-4 5.08158E-4 5.08693E-4 4.73424E-4 4.84146E-4 5.10977E-4 5.17892E-4 5.87561E-4 1.69115E-3 1.29073E-3 1.115E-3 1.12641E-3 1.10366E-3 1.10174E-3 4.69042E-4 4.26587E-4 3.93887E-4 1.561E-3 1.62856E-3 1.40884E-3 1.11865E-3 4.70317E-4 4.96612E-4 3.8491E-4 5.3561E-4 1.67292E-3 1.65259E-3 1.54996E-3 5.65299E-4 4.4619E-4 5.01905E-4 5.54087E-4 5.38824E-4 4.72607E-4 4.5163E-4 4.19989E-4 5.38678E-4 1.45866E-3 4.41753E-4 1.61988E-3 1.42287E-3 1.37606E-3 1.39454E-3 1.35589E-3 1.36395E-3 1.48308E-3 1.45937E-3 1.30508E-3 1.2706E-3 4.93344E-4 1.49078E-3 1.26887E-3 1.20685E-3 5.02121E-4 1.44208E-3
