Artocarpus heterophyllus SDM files/MIS19/results (without bias file)/Arthet_median.asc
ncols         625
nrows         721
xllcorner     69.99986311115
yllcorner     5.99986187915
cellsize      0.041666667
NODATA_value  -9999
[rows 135 to 161 of 721, columns 0 to 60 of 625]
1.18608E-1 1.06785E-1 2.44508E-1 1.662E-1 7.50118E-2 6.73119E-2 7.46366E-2 7.84194E-2 8.80577E-2 8.11569E-2 8.95779E-2 7.8479E-2 7.53113E-2 7.18326E-2 8.43222E-2 8.51065E-2 8.71044E-2 8.8663E-2 8.52707E-2 7.54435E-2 6.61412E-2 6.20354E-2 5.45393E-2 5.39607E-2 4.26677E-2 3.75886E-2 3.33292E-2 3.02225E-2 2.6064E-2 2.17527E-2 2.06083E-2 1.8077E-2 1.70329E-2 1.37072E-2 1.30558E-2 1.25903E-2 1.17029E-2 1.09679E-2 1.0693E-2 1.03652E-2 9.55901E-3 8.33188E-3 7.8205E-3 7.66045E-3 7.10515E-3 6.45191E-3 6.22469E-3 6.03057E-3 5.85603E-3 5.62713E-3 5.32084E-3 5.14113E-3 4.82654E-3 4.39171E-3 4.43287E-3 4.10026E-3 4.03205E-3 3.90675E-3 3.76432E-3 3.86165E-3 3.9456E-3
7.1381E-2 1.65077E-1 1.81206E-1 2.74021E-2 6.4106E-2 6.09504E-2 8.52366E-2 9.89676E-2 9.65183E-2 1.07481E-1 1.04794E-1 6.47245E-2 6.49025E-2 6.91247E-2 7.3832E-2 8.00067E-2 8.23676E-2 8.06848E-2 9.01454E-2 7.46843E-2 6.61412E-2 6.14394E-2 5.6342E-2 4.64683E-2 3.98625E-2 3.74036E-2 3.33292E-2 2.8522E-2 2.72104E-2 2.27101E-2 1.96883E-2 1.8077E-2 1.56379E-2 1.47382E-2 1.35383E-2 1.25184E-2 1.16202E-2 1.14451E-2 1.05151E-2 1.01833E-2 9.39776E-3 8.64136E-3 7.73114E-3 7.49338E-3 6.91444E-3 6.7154E-3 6.16644E-3 5.97413E-3 5.50388E-3 5.43595E-3 4.86132E-3 4.8008E-3 4.67819E-3 4.48211E-3 4.36096E-3 4.01305E-3 3.88833E-3 3.78697E-3 3.70132E-3 3.73512E-3 3.88153E-3
9.37366E-2 2.55357E-1 1.68319E-1 8.70075E-2 5.61587E-2 5.77288E-2 7.16293E-2 8.7641E-2 1.02742E-1 8.77432E-2 7.24835E-2 7.43146E-2 6.62892E-2 7.58013E-2 8.09852E-2 8.38723E-2 9.1276E-2 8.54075E-2 7.25074E-2 6.99936E-2 6.2639E-2 6.14977E-2 5.6342E-2 4.77321E-2 3.96672E-2 3.74036E-2 3.20039E-2 2.67184E-2 2.36653E-2 2.38757E-2 1.97078E-2 1.65989E-2 1.56379E-2 1.45821E-2 1.40384E-2 1.24411E-2 1.21253E-2 1.11358E-2 1.0905E-2 1.05612E-2 8.85549E-3 8.19319E-3 7.93424E-3 7.40777E-3 7.21784E-3 6.95482E-3 6.08321E-3 5.92434E-3 5.75299E-3 5.59283E-3 5.24333E-3 4.87256E-3 4.8008E-3 4.43213E-3 4.50093E-3 3.94792E-3 3.82519E-3 3.72545E-3 3.54512E-3 3.68068E-3 3.3032E-3
1.46094E-1 2.32578E-1 3.83289E-2 7.36539E-2 5.18968E-2 5.85747E-2 5.86377E-2 8.15039E-2 9.28858E-2 7.52518E-2 6.80973E-2 6.36119E-2 6.84857E-2 7.46104E-2 8.77788E-2 8.97414E-2 8.64482E-2 8.57884E-2 7.22521E-2 6.99936E-2 6.47478E-2 5.71442E-2 5.31899E-2 4.24587E-2 4.16142E-2 3.47977E-2 3.18456E-2 2.78665E-2 2.36653E-2 2.22622E-2 2.06118E-2 1.57784E-2 1.48607E-2 1.46483E-2 1.34016E-2 1.23751E-2 1.13658E-2 1.09403E-2 1.07804E-2 9.34231E-3 8.13448E-3 7.87788E-3 7.89241E-3 7.64279E-3 7.44699E-3 7.21377E-3 6.39153E-3 5.8689E-3 5.69919E-3 5.21084E-3 5.08182E-3 4.75831E-3 4.87235E-3 4.31837E-3 4.25037E-3 4.13942E-3 3.78248E-3 3.47545E-3 3.46627E-3 3.54175E-3 3.74546E-3
1.85828E-1 1.74992E-1 9.83215E-2 6.48873E-2 4.59012E-2 5.06542E-2 5.56349E-2 6.06849E-2 6.93342E-2 8.56116E-2 7.66595E-2 5.80327E-2 6.95027E-2 7.47383E-2 8.10839E-2 8.8351E-2 8.21043E-2 7.6992E-2 7.1103E-2 6.53136E-2 6.14977E-2 5.60164E-2 5.05022E-2 4.24587E-2 3.92784E-2 3.4626E-2 3.12976E-2 2.60275E-2 2.35694E-2 2.01802E-2 1.93101E-2 1.7279E-2 1.54985E-2 1.46483E-2 1.32414E-2 1.28327E-2 1.23173E-2 1.193E-2 1.1121E-2 9.59E-3 9.34553E-3 8.77666E-3 7.60703E-3 7.51564E-3 7.32313E-3 6.83929E-3 5.97602E-3 6.16644E-3 5.65175E-3 5.42404E-3 4.99541E-3 4.85956E-3 4.55404E-3 4.29497E-3 4.18141E-3 4.02677E-3 3.69982E-3 3.56511E-3 3.39241E-3 3.54363E-3 3.68264E-3
2.24377E-1 1.81951E-1 1.43681E-1 6.34492E-2 4.76288E-2 4.99269E-2 5.27588E-2 5.55879E-2 5.86025E-2 8.95107E-2 6.02719E-2 5.46644E-2 6.8074E-2 7.62123E-2 7.37365E-2 8.02707E-2 7.78536E-2 7.72268E-2 6.63899E-2 6.50611E-2 5.99398E-2 5.34996E-2 4.68286E-2 4.13705E-2 3.7071E-2 3.4626E-2 2.92353E-2 2.47061E-2 2.34302E-2 2.05668E-2 1.69335E-2 1.61702E-2 1.62073E-2 1.45126E-2 1.39316E-2 1.28527E-2 1.16724E-2 1.07201E-2 1.01518E-2 9.58137E-3 8.90791E-3 7.76546E-3 7.52E-3 7.76204E-3 7.23946E-3 6.80333E-3 6.2789E-3 5.76551E-3 5.57555E-3 5.3789E-3 5.21084E-3 4.85956E-3 4.47672E-3 4.09189E-3 4.03161E-3 3.94109E-3 3.6397E-3 3.54478E-3 3.39819E-3 2.95602E-3 3.12513E-3
2.40162E-1 1.76712E-1 8.63557E-2 4.8646E-2 5.7462E-2 5.68997E-2 6.45642E-2 6.50402E-2 6.45288E-2 5.26858E-2 5.17185E-2 6.20016E-2 7.95764E-2 7.82207E-2 8.06627E-2 7.23409E-2 7.20839E-2 7.15008E-2 6.27575E-2 6.15562E-2 5.60164E-2 4.99164E-2 4.68286E-2 4.14485E-2 3.4626E-2 3.12966E-2 2.77279E-2 2.47061E-2 2.22188E-2 1.90264E-2 1.60628E-2 1.69086E-2 1.5398E-2 1.45126E-2 1.31106E-2 1.12357E-2 1.07584E-2 9.60899E-3 9.31286E-3 9.21443E-3 8.981E-3 8.05403E-3 7.84819E-3 7.60008E-3 7.56309E-3 6.27468E-3 6.1109E-3 5.68769E-3 5.51027E-3 5.31601E-3 4.89232E-3 4.70509E-3 4.49899E-3 4.2115E-3 3.91547E-3 3.88338E-3 3.58056E-3 3.46925E-3 2.88007E-3 2.90749E-3 3.03694E-3
2.32447E-1 9.64329E-2 6.43348E-2 4.48509E-2 5.26801E-2 6.29459E-2 7.34063E-2 6.17788E-2 4.92505E-2 4.97469E-2 5.37643E-2 6.43378E-2 7.52395E-2 8.51132E-2 8.78555E-2 7.1938E-2 7.17556E-2 6.64527E-2 5.966E-2 6.06367E-2 4.98692E-2 5.04061E-2 4.42804E-2 3.9314E-2 3.24303E-2 3.11415E-2 2.59214E-2 2.33124E-2 2.17078E-2 1.74423E-2 1.6751E-2 1.5865E-2 1.42938E-2 1.36108E-2 1.20862E-2 1.12535E-2 1.03945E-2 9.60899E-3 9.31286E-3 9.16569E-3 7.99134E-3 7.78867E-3 7.15665E-3 7.20544E-3 6.69149E-3 6.55436E-3 6.00303E-3 5.94493E-3 5.32679E-3 5.24428E-3 5.03823E-3 4.85164E-3 4.46503E-3 4.1797E-3 4.09189E-3 4.00954E-3 3.20017E-3 3.11758E-3 2.83277E-3 2.94167E-3 3.08866E-3
1.22914E-1 6.46918E-2 5.29132E-2 3.85507E-2 6.28792E-2 6.03813E-2 4.64983E-2 6.25721E-2 6.11075E-2 5.53477E-2 6.05485E-2 6.74951E-2 7.01395E-2 7.72313E-2 7.83237E-2 6.93477E-2 6.78366E-2 6.61334E-2 5.78106E-2 5.28781E-2 4.98692E-2 4.46834E-2 4.12439E-2 3.65088E-2 3.11703E-2 2.9261E-2 2.59214E-2 2.07266E-2 1.95518E-2 1.65338E-2 1.6751E-2 1.5865E-2 1.34509E-2 1.33131E-2 1.14289E-2 1.06724E-2 1.03484E-2 9.49882E-3 9.26349E-3 9.56317E-3 8.24273E-3 7.6995E-3 7.11575E-3 6.93783E-3 6.75499E-3 6.76263E-3 5.93226E-3 5.76135E-3 5.65809E-3 5.43591E-3 4.99108E-3 4.80627E-3 4.41722E-3 4.11681E-3 3.99586E-3 3.21579E-3 3.14978E-3 2.90776E-3 3.26979E-3 3.45477E-3 3.65302E-3
8.53045E-2 5.64238E-2 4.06404E-2 3.78997E-2 4.86346E-2 5.23496E-2 4.29549E-2 4.80211E-2 4.92957E-2 5.29751E-2 6.12551E-2 6.35082E-2 6.58958E-2 6.81834E-2 7.02031E-2 6.46928E-2 6.66794E-2 6.22134E-2 5.5958E-2 5.26209E-2 4.68276E-2 4.16906E-2 3.91207E-2 3.59106E-2 3.09872E-2 2.57909E-2 2.2818E-2 2.18903E-2 1.82756E-2 1.71442E-2 1.65542E-2 1.51118E-2 1.3944E-2 1.26359E-2 1.09437E-2 1.0442E-2 9.80527E-3 9.49882E-3 8.72608E-3 9.02099E-3 8.19909E-3 7.53106E-3 7.37896E-3 6.89487E-3 6.71936E-3 6.41131E-3 6.23311E-3 5.98232E-3 5.85501E-3 5.67215E-3 4.97544E-3 4.22053E-3 4.08121E-3 4.0508E-3 3.93572E-3 3.6514E-3 3.5859E-3 3.34013E-3 3.30896E-3 2.88683E-3 3.05327E-3
7.81069E-2 4.83035E-2 3.7008E-2 3.85317E-2 4.1861E-2 4.14294E-2 4.4443E-2 4.72236E-2 5.28403E-2 5.84623E-2 5.99376E-2 6.17476E-2 5.94708E-2 6.51664E-2 6.09146E-2 6.37021E-2 6.19394E-2 5.70523E-2 5.28775E-2 5.21103E-2 4.8403E-2 3.91207E-2 3.60873E-2 3.28919E-2 3.09872E-2 2.56857E-2 2.37762E-2 2.0732E-2 1.81767E-2 1.71442E-2 1.65542E-2 1.30891E-2 1.32353E-2 1.20235E-2 1.0823E-2 1.0495E-2 9.7532E-3 9.3899E-3 8.67981E-3 8.54702E-3 8.19909E-3 7.53106E-3 7.33996E-3 6.85553E-3 6.26012E-3 6.01989E-3 6.14279E-3 5.95724E-3 5.46016E-3 5.24019E-3 4.59679E-3 3.93197E-3 3.98173E-3 3.89527E-3 3.81737E-3 3.48829E-3 3.48514E-3 2.71071E-3 2.79337E-3 2.90603E-3 3.00302E-3
9.17927E-2 5.19662E-2 3.42042E-2 3.9295E-2 3.5431E-2 3.48114E-2 4.11466E-2 5.87496E-2 4.5791E-2 5.45884E-2 5.82793E-2 5.77581E-2 6.06565E-2 6.00625E-2 5.8796E-2 6.22986E-2 5.73301E-2 5.34457E-2 5.26202E-2 5.24139E-2 4.66855E-2 3.84779E-2 3.57316E-2 3.21396E-2 2.79146E-2 2.40596E-2 2.37994E-2 1.96535E-2 1.70112E-2 1.73096E-2 1.47929E-2 1.37327E-2 1.24762E-2 1.07608E-2 1.03012E-2 1.04322E-2 9.63637E-3 9.34006E-3 8.58031E-3 7.84726E-3 8.15569E-3 7.05872E-3 6.91654E-3 6.67007E-3 6.19154E-3 5.99458E-3 5.77308E-3 5.87707E-3 5.34636E-3 4.89383E-3 4.7216E-3 4.10974E-3 3.75796E-3 3.6256E-3 3.55887E-3 3.31664E-3 3.12617E-3 3.06872E-3 3.20504E-3 3.31433E-3 2.98555E-3
5.43935E-2 3.56963E-2 3.2163E-2 3.70864E-2 3.7333E-2 3.59014E-2 4.60466E-2 4.54273E-2 4.22406E-2 4.61105E-2 5.33133E-2 5.66273E-2 5.46461E-2 5.91933E-2 6.27196E-2 5.79988E-2 5.33953E-2 5.29763E-2 5.2364E-2 4.64573E-2 4.06562E-2 3.5942E-2 3.57316E-2 2.98933E-2 2.4787E-2 2.36573E-2 2.14014E-2 1.87726E-2 1.75896E-2 1.62027E-2 1.3888E-2 1.24123E-2 1.1288E-2 1.07608E-2 9.27435E-3 9.31337E-3 9.63637E-3 9.24116E-3 8.9522E-3 7.71396E-3 8.01367E-3 7.05872E-3 6.87994E-3 6.62874E-3 6.46056E-3 5.97967E-3 5.68647E-3 5.48673E-3 5.02978E-3 4.59931E-3 4.41428E-3 3.86952E-3 3.71771E-3 3.59161E-3 3.29692E-3 3.2413E-3 2.94575E-3 2.59032E-3 2.73508E-3 2.88803E-3 2.95183E-3
4.72805E-2 3.23445E-2 3.54388E-2 3.46549E-2 3.41822E-2 3.9212E-2 4.42444E-2 3.96696E-2 4.39593E-2 4.84935E-2 4.97072E-2 5.22767E-2 5.67106E-2 5.88511E-2 6.23579E-2 5.38069E-2 5.04993E-2 5.24129E-2 4.56391E-2 4.06937E-2 3.84762E-2 3.5555E-2 3.21974E-2 2.7431E-2 2.63268E-2 2.24552E-2 2.05259E-2 1.84572E-2 1.56357E-2 1.50568E-2 1.36755E-2 1.21714E-2 1.09248E-2 1.0154E-2 9.12518E-3 9.27435E-3 8.32979E-3 8.30322E-3 8.04795E-3 6.97407E-3 7.29023E-3 6.69667E-3 6.52709E-3 6.29161E-3 6.13193E-3 5.93543E-3 5.36692E-3 5.17836E-3 4.99636E-3 4.55614E-3 4.39577E-3 4.06563E-3 3.88578E-3 3.5681E-3 3.24551E-3 3.01909E-3 2.89834E-3 2.89838E-3 3.05565E-3 2.9761E-3 2.96959E-3
3.15293E-2 2.98372E-2 3.14429E-2 3.53086E-2 3.19462E-2 4.0636E-2 4.0208E-2 4.52107E-2 4.90983E-2 5.60487E-2 5.25823E-2 5.42521E-2 5.37252E-2 5.58068E-2 5.40696E-2 5.3545E-2 5.26682E-2 4.42458E-2 4.11335E-2 4.03642E-2 3.5975E-2 3.37825E-2 2.9547E-2 2.72674E-2 2.35603E-2 2.35603E-2 1.9268E-2 1.63387E-2 1.66772E-2 1.35363E-2 1.21096E-2 1.14728E-2 1.09248E-2 1.035E-2 9.86429E-3 8.4987E-3 7.90011E-3 7.54802E-3 7.8743E-3 7.32172E-3 7.21314E-3 6.9872E-3 6.41815E-3 6.25551E-3 6.05904E-3 5.58257E-3 5.34436E-3 5.10816E-3 4.94943E-3 4.52592E-3 4.32567E-3 3.97194E-3 3.86952E-3 3.74903E-3 3.23535E-3 2.99619E-3 2.92688E-3 2.87353E-3 3.05517E-3 3.20694E-3 3.3802E-3
2.666E-2 2.69162E-2 3.32554E-2 2.9687E-2 3.55007E-2 3.86549E-2 4.19505E-2 4.22658E-2 4.66292E-2 5.1192E-2 5.10091E-2 5.23755E-2 5.28943E-2 5.43849E-2 5.10426E-2 4.71126E-2 4.68679E-2 4.11335E-2 4.08001E-2 3.77404E-2 3.54096E-2 3.10022E-2 2.7292E-2 2.50135E-2 2.34637E-2 2.0441E-2 1.74269E-2 1.74996E-2 1.56255E-2 1.26397E-2 1.13658E-2 1.08335E-2 1.08141E-2 9.69841E-3 9.24354E-3 8.36177E-3 8.09997E-3 7.64792E-3 7.72045E-3 7.23405E-3 7.12692E-3 6.95018E-3 6.11859E-3 6.22242E-3 6.02701E-3 5.53566E-3 5.60095E-3 5.35351E-3 4.91641E-3 4.74363E-3 4.30752E-3 3.95529E-3 3.60903E-3 3.31749E-3 3.02077E-3 3.06075E-3 2.9017E-3 2.86184E-3 2.5828E-3 2.76289E-3 2.85429E-3
2.52373E-2 2.76361E-2 2.82986E-2 3.07618E-2 3.65853E-2 3.95091E-2 4.06866E-2 4.36525E-2 4.53994E-2 5.00776E-2 4.65671E-2 4.78111E-2 4.85639E-2 4.8135E-2 4.80981E-2 4.45037E-2 4.3361E-2 3.87365E-2 3.77035E-2 3.398E-2 3.31631E-2 2.73167E-2 2.6217E-2 2.47396E-2 2.22713E-2 1.91883E-2 1.71275E-2 1.65931E-2 1.33996E-2 1.25117E-2 1.12404E-2 1.02012E-2 9.617E-3 9.1577E-3 8.3111E-3 7.92109E-3 7.51728E-3 6.87609E-3 7.35045E-3 7.13442E-3 6.98404E-3 6.58168E-3 6.08334E-3 5.92919E-3 5.72204E-3 5.68173E-3 5.53888E-3 5.05263E-3 4.64002E-3 4.45354E-3 4.07238E-3 4.14577E-3 3.58889E-3 3.28181E-3 3.15737E-3 2.9004E-3 2.85781E-3 2.79157E-3 2.8732E-3 3.08384E-3 2.96787E-3
2.53543E-2 2.79705E-2 2.6444E-2 3.10808E-2 3.84196E-2 3.78002E-2 4.00531E-2 4.36525E-2 4.19514E-2 4.1467E-2 4.44476E-2 4.35389E-2 4.63946E-2 4.86628E-2 4.40459E-2 4.11695E-2 3.89266E-2 3.79602E-2 3.5616E-2 3.30288E-2 2.92514E-2 2.61097E-2 2.59557E-2 2.33443E-2 2.0254E-2 1.79718E-2 1.73942E-2 1.46248E-2 1.31271E-2 1.25117E-2 1.12404E-2 1.00379E-2 9.50133E-3 9.6084E-3 8.72809E-3 7.06132E-3 7.13422E-3 6.51952E-3 6.58688E-3 7.08464E-3 6.95326E-3 6.73439E-3 6.52817E-3 5.86663E-3 5.87247E-3 5.6517E-3 5.50723E-3 5.02381E-3 4.82211E-3 4.17933E-3 4.05947E-3 3.91664E-3 3.57384E-3 3.25096E-3 3.13657E-3 2.87534E-3 2.80887E-3 2.72271E-3 2.82405E-3 2.94213E-3 3.14655E-3
2.69771E-2 3.35164E-2 2.7487E-2 3.41367E-2 3.72555E-2 3.83805E-2 3.72127E-2 3.81998E-2 4.13394E-2 4.21483E-2 4.3994E-2 4.33486E-2 4.52465E-2 4.18208E-2 3.9348E-2 4.10756E-2 3.6002E-2 3.50279E-2 3.48225E-2 3.02237E-2 2.75271E-2 2.47845E-2 2.46382E-2 2.27365E-2 1.97862E-2 1.80682E-2 1.64822E-2 1.37209E-2 1.24358E-2 1.23615E-2 1.04247E-2 1.05317E-2 8.55053E-3 8.14928E-3 7.33338E-3 7.40905E-3 6.76456E-3 6.48609E-3 6.21352E-3 7.08464E-3 6.94202E-3 6.65986E-3 6.45016E-3 5.95975E-3 5.8105E-3 5.66215E-3 5.20653E-3 5.02381E-3 4.57027E-3 4.17933E-3 3.78572E-3 3.65256E-3 3.55012E-3 3.21588E-3 3.11585E-3 2.97795E-3 2.63853E-3 2.65849E-3 2.77855E-3 2.99465E-3 3.20009E-3
2.87444E-2 2.82302E-2 3.10492E-2 3.49297E-2 3.81415E-2 3.69939E-2 3.9801E-2 4.30693E-2 4.17725E-2 4.59188E-2 4.33473E-2 4.22734E-2 3.97743E-2 4.15195E-2 4.08332E-2 3.58566E-2 3.51997E-2 3.46499E-2 2.88281E-2 2.7552E-2 2.58235E-2 2.58494E-2 2.0863E-2 1.88721E-2 1.80826E-2 1.79934E-2 1.42493E-2 1.29928E-2 1.22362E-2 1.09265E-2 9.92016E-3 9.41307E-3 8.55053E-3 7.60848E-3 7.28871E-3 7.32625E-3 6.68896E-3 6.40786E-3 5.8557E-3 6.3693E-3 6.30787E-3 6.3415E-3 5.86018E-3 5.71606E-3 5.41915E-3 5.27985E-3 4.9014E-3 4.72942E-3 4.34334E-3 4.15131E-3 3.76039E-3 3.62817E-3 3.31084E-3 3.17776E-3 3.0736E-3 2.93758E-3 2.71891E-3 2.6557E-3 2.79971E-3 2.92955E-3 3.15195E-3
2.43153E-2 2.85558E-2 2.95258E-2 3.33278E-2 3.4584E-2 3.78932E-2 3.93213E-2 4.24753E-2 4.49725E-2 4.36022E-2 4.02071E-2 3.9811E-2 4.14791E-2 3.57587E-2 3.55812E-2 3.50251E-2 3.46153E-2 3.0248E-2 2.73869E-2 2.72528E-2 2.39945E-2 2.19976E-2 1.87936E-2 1.90869E-2 1.79752E-2 1.48772E-2 1.35976E-2 1.22998E-2 1.08627E-2 1.03445E-2 8.8578E-3 8.90421E-3 7.97149E-3 7.45323E-3 7.25137E-3 6.58657E-3 6.27735E-3 6.07572E-3 6.13858E-3 5.91631E-3 6.57892E-3 6.04179E-3 5.88823E-3 5.67259E-3 5.65382E-3 5.27985E-3 5.30792E-3 4.66514E-3 4.5014E-3 4.32062E-3 4.15131E-3 3.98448E-3 3.46038E-3 3.3248E-3 3.05319E-3 2.95824E-3 2.76343E-3 2.72279E-3 2.75783E-3 2.90715E-3 3.07442E-3
2.69603E-2 2.94026E-2 3.28012E-2 3.68025E-2 3.49404E-2 3.88972E-2 4.04012E-2 4.04012E-2 4.21312E-2 3.95734E-2 3.81737E-2 3.73549E-2 3.59671E-2 3.54047E-2 3.49903E-2 3.25492E-2 2.99169E-2 2.89013E-2 2.85618E-2 2.51743E-2 2.19256E-2 1.96992E-2 2.09941E-2 1.84775E-2 1.4239E-2 1.35653E-2 1.34813E-2 1.07963E-2 1.03009E-2 9.75936E-3 8.54337E-3 7.32776E-3 6.65642E-3 6.34413E-3 6.0544E-3 6.11715E-3 5.95145E-3 6.04996E-3 5.82562E-3 5.32362E-3 6.58489E-3 5.43119E-3 5.61782E-3 5.40703E-3 5.64859E-3 5.16185E-3 5.02915E-3 4.84357E-3 4.44762E-3 4.25107E-3 3.87114E-3 3.76678E-3 3.4786E-3 3.01493E-3 2.76855E-3 2.60376E-3 2.51938E-3 2.65612E-3 2.77609E-3 2.88205E-3 3.11584E-3
3.29519E-2 3.53887E-2 3.69983E-2 3.99243E-2 3.70791E-2 3.65064E-2 3.53554E-2 3.50374E-2 3.42515E-2 3.55442E-2 3.46588E-2 3.41134E-2 3.53695E-2 3.25756E-2 3.02419E-2 2.90433E-2 2.87279E-2 2.84192E-2 2.4035E-2 2.22449E-2 2.09916E-2 2.20048E-2 1.74691E-2 1.48609E-2 1.46715E-2 1.34092E-2 1.1327E-2 1.1327E-2 1.07413E-2 9.00968E-3 8.01823E-3 7.20277E-3 6.90639E-3 6.34413E-3 5.76277E-3 5.79998E-3 5.55627E-3 5.95152E-3 5.20409E-3 4.98566E-3 4.75178E-3 5.39961E-3 5.20218E-3 5.01188E-3 5.01551E-3 4.91731E-3 4.94747E-3 4.78583E-3 4.64359E-3 4.0502E-3 3.71942E-3 3.4408E-3 3.2887E-3 2.94681E-3 2.68345E-3 2.45974E-3 2.47602E-3 2.59057E-3 2.76831E-3 2.92117E-3 3.11584E-3
4.01226E-2 4.20001E-2 3.28116E-2 3.33676E-2 3.30369E-2 3.39323E-2 3.32317E-2 3.44543E-2 3.35937E-2 3.23392E-2 3.34263E-2 3.30641E-2 3.05706E-2 3.17301E-2 3.02573E-2 2.87279E-2 2.64285E-2 2.34775E-2 2.17929E-2 2.32006E-2 1.94423E-2 1.73811E-2 1.54685E-2 1.54685E-2 1.33407E-2 1.24785E-2 1.04773E-2 9.97746E-3 8.96359E-3 7.97598E-3 8.01004E-3 7.19541E-3 6.89938E-3 6.30592E-3 5.73313E-3 5.52078E-3 4.96783E-3 5.0195E-3 5.04106E-3 4.60293E-3 4.72728E-3 5.63437E-3 5.17458E-3 5.14709E-3 5.01551E-3 4.91731E-3 4.76131E-3 4.82029E-3 4.43587E-3 3.83276E-3 3.30641E-3 3.19047E-3 3.04951E-3 2.93012E-3 2.67677E-3 2.5719E-3 2.4733E-3 2.53321E-3 2.69995E-3 2.84914E-3 3.03904E-3
3.39469E-2 3.04309E-2 3.0494E-2 2.98525E-2 2.98525E-2 3.1164E-2 3.00259E-2 3.10065E-2 3.06975E-2 3.16985E-2 3.26729E-2 3.09494E-2 3.05858E-2 3.01062E-2 2.84381E-2 2.64285E-2 2.46059E-2 2.15971E-2 2.19768E-2 1.83597E-2 1.71093E-2 1.62443E-2 1.52859E-2 1.44267E-2 1.24131E-2 1.09808E-2 9.92497E-3 8.74279E-3 8.78009E-3 8.36841E-3 7.92108E-3 7.15846E-3 6.5025E-3 6.26719E-3 5.86757E-3 5.36264E-3 5.4184E-3 4.66722E-3 4.53163E-3 4.89986E-3 4.72279E-3 5.28283E-3 5.17194E-3 5.17671E-3 5.01306E-3 4.91495E-3 4.26927E-3 4.16978E-3 4.00245E-3 3.73676E-3 3.09946E-3 2.84663E-3 2.88294E-3 2.75553E-3 2.65883E-3 2.43829E-3 2.45445E-3 2.60319E-3 2.72336E-3 2.90959E-3 3.01273E-3
2.39537E-2 1.99848E-2 2.63584E-2 2.81686E-2 2.76008E-2 2.84745E-2 2.94028E-2 2.96029E-2 3.0412E-2 2.94473E-2 2.91829E-2 3.02536E-2 2.84089E-2 2.7862E-2 2.57875E-2 2.41061E-2 2.30329E-2 2.04139E-2 2.01936E-2 1.79665E-2 1.67995E-2 1.59974E-2 1.43615E-2 1.27538E-2 1.13931E-2 1.09248E-2 9.72165E-3 8.73369E-3 7.89314E-3 7.87922E-3 7.50303E-3 7.15846E-3 5.85112E-3 5.61036E-3 5.28006E-3 5.06306E-3 4.61912E-3 4.42538E-3 4.29668E-3 4.64588E-3 4.24587E-3 4.8003E-3 4.65374E-3 4.41009E-3 4.26677E-3 4.11201E-3 3.96289E-3 4.08493E-3 3.73206E-3 3.3986E-3 3.09946E-3 2.97511E-3 2.87078E-3 2.74391E-3 2.62262E-3 2.4212E-3 2.46647E-3 2.60034E-3 2.72042E-3 2.90651E-3 3.03259E-3
1.81487E-2 1.95533E-2 2.06896E-2 2.48484E-2 2.5492E-2 2.67508E-2 2.80785E-2 2.8377E-2 2.79555E-2 2.91533E-2 2.83622E-2 2.60679E-2 2.59139E-2 2.40302E-2 2.2675E-2 2.29375E-2 2.12909E-2 2.01354E-2 1.86811E-2 1.76414E-2 1.58235E-2 1.46793E-2 1.25988E-2 1.25988E-2 1.13931E-2 1.01385E-2 9.55628E-3 8.64436E-3 7.81231E-3 7.39455E-3 7.09031E-3 6.78657E-3 5.71201E-3 5.18884E-3 5.27472E-3 4.571E-3 4.37929E-3 4.21747E-3 4.28363E-3 4.45461E-3 4.24563E-3 4.57758E-3 4.40616E-3 4.40787E-3 4.21887E-3 4.1083E-3 3.75343E-3 3.84125E-3 3.91095E-3 3.40033E-3 3.25024E-3 3.11777E-3 2.8514E-3 2.76307E-3 2.52686E-3 2.39336E-3 2.48509E-3 2.58464E-3 2.69673E-3 2.84007E-3 3.03259E-3
