Artocarpus heterophyllus SDM files/MIS19/results (without bias file)/Arthet_stddev.asc
ncols         625
nrows         721
xllcorner     69.99986311115
yllcorner     5.99986187915
cellsize      0.041666667
NODATA_value  -9999
[rows 162 to 188 of 721, columns 366 to 426 of 625]
4.25643E-4 3.88094E-4 3.63938E-4 4.25084E-4 4.60256E-4 4.38368E-4 3.9337E-4 4.22442E-4 4.19998E-4 3.5346E-4 3.65702E-4 3.19869E-4 3.49563E-4 3.65203E-4 3.49397E-4 3.5752E-4 3.39623E-4 3.3482E-4 3.71621E-4 3.33385E-4 3.65098E-4 2.95315E-4 3.17278E-4 3.24144E-4 3.39272E-4 3.28519E-4 2.87112E-4 2.85241E-4 2.9149E-4 2.86288E-4 2.66412E-4 2.95983E-4 2.69758E-4 2.64786E-4 2.91617E-4 2.67239E-4 2.62124E-4 2.83786E-4 2.66499E-4 2.84456E-4 2.59312E-4 2.55205E-4 2.59777E-4 2.74679E-4 2.65322E-4 2.61721E-4 1.97839E-4 2.71637E-4 2.92264E-4 2.96925E-4 2.90667E-4 2.94389E-4 3.05163E-4 3.22298E-4 2.99525E-4 2.93423E-4 3.00049E-4 3.15531E-4 3.32929E-4 3.40389E-4 2.90489E-4
5.51023E-4 4.6652E-4 4.4927E-4 4.13422E-4 4.02681E-4 3.79854E-4 3.81701E-4 3.95529E-4 3.75148E-4 3.87703E-4 3.50032E-4 3.53706E-4 3.50021E-4 3.41395E-4 3.29888E-4 3.71735E-4 3.29237E-4 3.36577E-4 3.41884E-4 3.4584E-4 3.47292E-4 3.60039E-4 2.88276E-4 2.79289E-4 3.58153E-4 3.23813E-4 3.13654E-4 2.84926E-4 3.13648E-4 2.76003E-4 2.74152E-4 2.8741E-4 2.71469E-4 2.92321E-4 2.84793E-4 2.91405E-4 2.68454E-4 3.00993E-4 2.70632E-4 2.8068E-4 2.86475E-4 2.76296E-4 2.64061E-4 2.82903E-4 2.74011E-4 2.84516E-4 2.65982E-4 2.68866E-4 2.72007E-4 2.92997E-4 2.8636E-4 2.98496E-4 3.19756E-4 3.37282E-4 3.21959E-4 3.08186E-4 3.28113E-4 3.03826E-4 3.38374E-4 2.94208E-4 3.35948E-4
9.20779E-4 9.10778E-4 4.93625E-4 4.15168E-4 4.67163E-4 4.86261E-4 5.72957E-4 4.38609E-4 4.20813E-4 3.92119E-4 3.40392E-4 3.8674E-4 3.35607E-4 4.05294E-4 3.2283E-4 3.35075E-4 3.62522E-4 3.41552E-4 3.20963E-4 3.28461E-4 3.67934E-4 3.54359E-4 3.19296E-4 2.85164E-4 2.77911E-4 3.31648E-4 3.07905E-4 2.72089E-4 2.73978E-4 2.73887E-4 2.63849E-4 2.68115E-4 2.61719E-4 2.76819E-4 2.69754E-4 2.28858E-4 2.42822E-4 2.6184E-4 2.39158E-4 2.55701E-4 2.60804E-4 2.61435E-4 2.66614E-4 2.86056E-4 2.57891E-4 2.67597E-4 2.78667E-4 2.73665E-4 2.91543E-4 2.74238E-4 2.79173E-4 2.85674E-4 2.8777E-4 2.99393E-4 3.10825E-4 3.44745E-4 3.5004E-4 3.41818E-4 3.26476E-4 3.30949E-4 3.43065E-4
7.51383E-4 9.68264E-4 5.78337E-4 4.2373E-4 5.81454E-4 6.97449E-4 7.25643E-4 7.15521E-4 5.19756E-4 4.47873E-4 3.74698E-4 3.87619E-4 3.84571E-4 3.60314E-4 3.54853E-4 3.46628E-4 3.63142E-4 3.45887E-4 3.84694E-4 3.36681E-4 3.42002E-4 3.01984E-4 3.64402E-4 3.42214E-4 3.16143E-4 3.17866E-4 3.37196E-4 3.13213E-4 2.94068E-4 3.11645E-4 2.93769E-4 2.68692E-4 2.68324E-4 2.90495E-4 2.86605E-4 2.64014E-4 2.55364E-4 2.57987E-4 2.67036E-4 2.55959E-4 2.59723E-4 2.5938E-4 2.59723E-4 2.63889E-4 2.72988E-4 2.67488E-4 2.79432E-4 2.30261E-4 2.78949E-4 2.97121E-4 2.87294E-4 2.87178E-4 3.01644E-4 3.35379E-4 3.1243E-4 3.14975E-4 3.19066E-4 3.2074E-4 3.57249E-4 3.29468E-4 3.28599E-4
6.18729E-4 6.03676E-4 5.78697E-4 4.42987E-4 4.31836E-4 5.80826E-4 8.29599E-4 8.821E-4 6.07184E-4 3.85945E-4 4.28048E-4 4.99608E-4 4.5387E-4 3.65236E-4 3.99229E-4 3.82052E-4 3.46542E-4 3.42018E-4 4.06743E-4 3.52734E-4 3.53629E-4 3.31884E-4 3.74363E-4 3.50081E-4 3.39943E-4 3.30608E-4 3.62093E-4 3.30599E-4 3.30317E-4 3.09391E-4 2.94661E-4 2.71827E-4 2.6265E-4 2.72033E-4 2.81747E-4 2.82373E-4 2.65395E-4 2.62149E-4 2.74877E-4 2.71515E-4 2.61944E-4 2.5686E-4 2.54911E-4 2.57188E-4 2.56491E-4 2.60107E-4 2.55585E-4 2.6901E-4 2.6506E-4 2.78191E-4 2.85842E-4 2.91121E-4 2.78365E-4 2.86788E-4 3.11644E-4 3.02238E-4 2.75468E-4 2.8326E-4 3.5224E-4 3.97015E-4 4.00391E-4
6.91782E-4 7.80969E-4 6.84006E-4 5.13731E-4 4.44969E-4 4.74286E-4 7.0241E-4 9.00582E-4 7.18686E-4 5.25968E-4 6.13831E-4 5.65984E-4 4.04086E-4 4.30583E-4 3.88995E-4 3.92065E-4 3.4967E-4 3.94246E-4 4.45536E-4 3.88623E-4 3.57153E-4 3.36535E-4 3.41166E-4 3.28751E-4 3.50783E-4 3.42463E-4 3.33082E-4 3.53947E-4 3.43734E-4 3.62904E-4 3.37755E-4 3.12059E-4 3.03571E-4 2.87443E-4 2.78854E-4 2.85218E-4 2.82162E-4 2.70688E-4 2.50477E-4 2.55069E-4 2.49337E-4 2.79333E-4 2.67333E-4 2.61379E-4 2.67333E-4 2.55137E-4 2.55069E-4 2.79587E-4 2.75984E-4 2.66926E-4 2.90577E-4 2.74572E-4 2.87383E-4 2.98953E-4 3.04356E-4 2.95479E-4 3.02298E-4 3.22514E-4 3.30112E-4 3.50583E-4 3.49345E-4
1.26876E-3 1.21442E-3 1.01675E-3 6.08342E-4 5.12769E-4 5.4971E-4 9.51534E-4 8.47819E-4 4.67414E-4 5.09357E-4 5.4043E-4 5.19045E-4 4.39215E-4 3.7529E-4 3.91911E-4 3.67308E-4 3.82638E-4 4.13064E-4 3.48217E-4 3.80466E-4 3.70009E-4 3.56762E-4 3.29331E-4 3.56873E-4 3.63937E-4 3.90802E-4 3.21366E-4 3.56161E-4 3.57188E-4 3.88386E-4 3.47512E-4 3.41352E-4 3.10768E-4 3.14849E-4 2.9403E-4 2.9705E-4 3.12012E-4 2.91466E-4 2.75012E-4 2.6891E-4 2.64939E-4 2.72018E-4 2.61779E-4 2.66865E-4 2.67947E-4 2.56635E-4 2.66256E-4 2.70099E-4 2.75114E-4 2.67945E-4 2.91766E-4 2.75289E-4 2.82883E-4 3.18835E-4 3.07563E-4 3.2143E-4 3.3246E-4 3.22697E-4 3.39349E-4 3.33162E-4 3.71047E-4
1.88758E-3 1.69691E-3 1.59571E-3 1.40205E-3 5.86188E-4 5.314E-4 4.42268E-4 4.25511E-4 4.35267E-4 7.00769E-4 6.59387E-4 7.97055E-4 6.52872E-4 4.91774E-4 3.99152E-4 3.71554E-4 5.06661E-4 3.50958E-4 3.4976E-4 3.72272E-4 3.41513E-4 3.39832E-4 3.35537E-4 3.73061E-4 3.43653E-4 3.52003E-4 3.44395E-4 3.15716E-4 3.58471E-4 3.61034E-4 3.39291E-4 3.311E-4 2.93767E-4 3.0087E-4 3.17056E-4 3.06715E-4 2.79815E-4 2.78521E-4 2.95979E-4 2.65483E-4 2.77036E-4 2.85073E-4 2.6542E-4 2.68427E-4 2.81792E-4 2.77446E-4 2.70358E-4 2.75743E-4 2.75255E-4 2.82663E-4 2.83346E-4 2.85858E-4 3.01493E-4 3.29687E-4 3.07563E-4 3.29499E-4 3.20171E-4 3.24077E-4 3.89203E-4 3.85723E-4 4.06406E-4
2.0717E-3 1.96712E-3 1.61565E-3 1.66712E-3 5.93657E-4 9.94527E-4 6.14559E-4 4.26525E-4 4.55644E-4 1.13769E-3 1.03392E-3 1.00724E-3 8.94624E-4 7.30776E-4 6.26759E-4 6.74258E-4 6.5024E-4 5.81096E-4 3.93828E-4 4.94929E-4 3.96001E-4 3.69341E-4 3.34788E-4 3.3387E-4 3.43639E-4 3.85656E-4 3.69185E-4 3.14423E-4 3.95756E-4 3.41527E-4 3.4507E-4 3.49362E-4 3.29007E-4 3.13847E-4 3.06804E-4 3.12608E-4 2.96623E-4 2.95164E-4 2.91357E-4 2.82307E-4 2.96872E-4 3.02673E-4 2.91037E-4 2.71466E-4 2.92022E-4 2.89956E-4 2.80201E-4 2.86156E-4 2.85449E-4 2.97497E-4 2.91698E-4 2.9748E-4 3.1369E-4 3.49001E-4 3.30301E-4 3.3756E-4 3.20006E-4 3.23519E-4 3.82339E-4 3.23456E-4 4.06039E-4
8.76577E-4 1.12733E-3 1.58047E-3 1.60275E-3 6.98361E-4 1.02196E-3 1.42218E-3 7.62928E-4 4.57468E-4 8.39501E-4 1.23571E-3 1.00974E-3 1.0621E-3 8.59712E-4 8.10962E-4 9.00569E-4 8.16338E-4 7.34389E-4 6.15807E-4 5.46272E-4 4.44729E-4 3.85647E-4 3.87418E-4 3.75795E-4 3.63929E-4 3.44953E-4 3.73242E-4 3.24725E-4 3.78284E-4 3.74471E-4 3.62507E-4 3.69902E-4 3.27463E-4 3.1142E-4 3.04043E-4 3.08324E-4 3.08745E-4 2.9744E-4 2.91137E-4 2.9493E-4 3.12638E-4 2.81631E-4 2.80517E-4 2.78704E-4 2.81057E-4 2.82287E-4 2.81791E-4 2.98977E-4 3.03452E-4 3.14644E-4 3.31978E-4 3.36221E-4 3.37991E-4 3.4663E-4 3.38752E-4 3.22467E-4 3.4487E-4 3.30119E-4 3.73184E-4 3.2596E-4 3.77907E-4
6.42023E-4 6.63565E-4 1.61459E-3 1.79007E-3 9.54919E-4 7.85393E-4 6.69331E-4 5.61563E-4 5.37222E-4 6.2253E-4 1.28863E-3 9.8825E-4 9.06284E-4 8.30989E-4 5.96419E-4 9.06312E-4 9.60038E-4 8.6171E-4 7.35179E-4 5.28946E-4 4.15975E-4 4.35064E-4 3.91127E-4 3.52674E-4 3.39273E-4 3.70232E-4 3.80502E-4 3.55793E-4 3.78981E-4 3.95778E-4 3.53311E-4 3.3642E-4 3.29441E-4 3.1501E-4 3.20204E-4 3.5084E-4 3.30491E-4 3.1587E-4 3.0713E-4 3.12072E-4 2.97395E-4 2.94954E-4 2.95095E-4 2.98018E-4 3.05089E-4 2.91265E-4 2.95318E-4 3.04912E-4 3.15726E-4 3.31914E-4 3.33625E-4 3.26759E-4 3.37025E-4 3.55308E-4 3.45459E-4 3.57037E-4 3.76246E-4 3.44719E-4 3.56459E-4 3.5928E-4 3.63297E-4
6.62976E-4 7.11726E-4 1.94548E-3 2.19387E-3 1.38756E-3 7.46125E-4 5.06224E-4 5.46957E-4 5.52827E-4 5.19586E-4 9.09643E-4 9.34969E-4 6.46644E-4 6.68611E-4 5.58437E-4 7.21888E-4 9.71161E-4 9.91922E-4 7.69469E-4 4.77778E-4 3.57092E-4 4.08348E-4 4.1415E-4 4.05675E-4 3.56015E-4 4.09704E-4 3.48612E-4 3.3706E-4 3.76255E-4 3.85096E-4 3.42936E-4 3.6613E-4 3.36366E-4 3.3069E-4 3.36128E-4 3.39788E-4 3.42847E-4 3.34412E-4 3.38172E-4 3.12576E-4 2.91806E-4 2.93711E-4 3.0344E-4 2.81132E-4 3.08552E-4 3.01212E-4 3.09392E-4 3.13722E-4 3.30427E-4 3.53766E-4 3.52389E-4 3.47099E-4 3.55732E-4 3.48741E-4 3.74585E-4 3.90051E-4 4.17162E-4 4.04239E-4 4.4523E-4 4.24751E-4 3.94928E-4
6.89513E-4 6.53863E-4 2.07305E-3 2.14686E-3 1.61637E-3 7.25932E-4 5.06554E-4 5.08055E-4 5.48544E-4 5.81696E-4 6.03907E-4 5.67114E-4 4.86633E-4 5.18281E-4 5.28078E-4 6.83911E-4 8.99145E-4 1.00002E-3 9.71721E-4 8.53449E-4 5.33186E-4 4.34144E-4 3.66962E-4 3.75599E-4 3.70274E-4 3.99883E-4 3.4369E-4 3.38421E-4 3.70847E-4 4.28175E-4 4.05582E-4 3.74127E-4 3.64655E-4 3.3999E-4 3.54052E-4 3.73823E-4 3.58538E-4 3.13928E-4 3.40424E-4 3.3117E-4 3.2986E-4 3.11694E-4 3.08491E-4 3.0935E-4 3.12376E-4 3.22583E-4 3.25214E-4 3.31978E-4 3.46483E-4 3.65091E-4 3.46737E-4 3.51224E-4 3.66345E-4 3.74004E-4 3.68238E-4 4.37258E-4 4.64131E-4 4.56551E-4 4.58878E-4 4.59818E-4 4.88135E-4
1.0547E-3 8.14746E-4 2.18879E-3 2.07122E-3 1.5208E-3 7.85126E-4 6.59851E-4 5.30059E-4 6.01312E-4 6.69381E-4 7.54841E-4 5.46766E-4 5.5359E-4 5.43684E-4 5.1874E-4 6.87103E-4 1.14625E-3 1.18264E-3 1.10606E-3 6.98852E-4 4.62433E-4 3.65066E-4 5.56559E-4 4.60045E-4 4.26657E-4 3.55205E-4 4.08297E-4 3.48128E-4 3.92676E-4 4.16995E-4 4.24289E-4 3.80464E-4 3.5164E-4 3.57775E-4 3.19805E-4 3.78165E-4 3.29985E-4 3.00596E-4 3.48192E-4 3.04898E-4 3.03871E-4 3.2857E-4 3.25556E-4 3.25481E-4 3.24446E-4 3.47419E-4 3.33571E-4 3.56555E-4 3.6783E-4 3.91605E-4 3.79168E-4 3.98311E-4 4.00914E-4 3.99434E-4 4.08064E-4 4.77647E-4 5.19576E-4 4.85356E-4 5.38738E-4 5.61972E-4 4.48883E-4
8.5515E-4 1.82171E-3 1.33838E-3 2.18817E-3 1.64997E-3 9.97413E-4 9.21648E-4 7.26032E-4 6.04495E-4 7.44492E-4 9.87271E-4 1.04415E-3 7.03362E-4 6.0899E-4 4.38849E-4 5.72717E-4 7.46192E-4 8.63695E-4 1.18603E-3 1.08262E-3 8.24152E-4 5.59218E-4 7.6468E-4 6.59913E-4 4.71084E-4 3.75726E-4 3.65884E-4 3.62739E-4 3.93649E-4 4.35451E-4 4.57108E-4 3.71582E-4 3.37014E-4 3.70245E-4 3.87637E-4 4.09226E-4 4.29418E-4 3.78044E-4 3.53423E-4 3.252E-4 3.24696E-4 3.21299E-4 3.03107E-4 3.00422E-4 3.0521E-4 3.63712E-4 3.30222E-4 3.77807E-4 3.86855E-4 4.26112E-4 4.38019E-4 4.42546E-4 4.72001E-4 4.87611E-4 5.33246E-4 5.28951E-4 5.69495E-4 5.58083E-4 5.97046E-4 6.74853E-4 5.10918E-4
8.75779E-4 2.07767E-3 2.0722E-3 1.87237E-3 1.71684E-3 1.27373E-3 1.27272E-3 1.11177E-3 8.61611E-4 8.82289E-4 8.44153E-4 9.57468E-4 1.42921E-3 7.81927E-4 5.50466E-4 5.057E-4 4.58901E-4 4.88866E-4 5.47168E-4 5.82523E-4 4.66405E-4 5.97066E-4 7.75981E-4 7.19185E-4 6.36665E-4 4.1291E-4 3.87566E-4 3.65351E-4 3.75641E-4 3.886E-4 4.81191E-4 4.18412E-4 4.15377E-4 4.22669E-4 4.1857E-4 4.33144E-4 3.98203E-4 3.98203E-4 4.21949E-4 3.93053E-4 3.74422E-4 3.77002E-4 3.82529E-4 3.57119E-4 3.19188E-4 3.41951E-4 3.87732E-4 4.14455E-4 3.9235E-4 4.11592E-4 4.51178E-4 5.10584E-4 5.15314E-4 5.01596E-4 4.7698E-4 6.36871E-4 5.63501E-4 6.5036E-4 5.74318E-4 6.91717E-4 6.75927E-4
1.63157E-3 2.37206E-3 1.94504E-3 1.5364E-3 1.607E-3 1.9769E-3 1.44929E-3 1.22231E-3 1.01959E-3 9.9293E-4 9.66524E-4 9.59077E-4 1.53717E-3 1.62203E-3 9.18723E-4 7.2447E-4 6.66603E-4 7.24683E-4 5.5843E-4 1.07196E-3 1.11132E-3 1.14303E-3 1.10832E-3 1.00106E-3 8.76794E-4 6.48928E-4 4.20717E-4 4.41268E-4 4.00304E-4 4.13378E-4 3.88996E-4 4.01433E-4 3.88927E-4 4.06728E-4 4.01944E-4 3.60293E-4 3.17151E-4 3.09683E-4 3.2522E-4 3.31397E-4 3.13334E-4 3.09876E-4 3.35238E-4 3.27799E-4 3.24356E-4 3.17941E-4 3.22468E-4 3.38545E-4 3.33459E-4 3.49049E-4 4.19587E-4 4.68397E-4 4.35485E-4 4.37934E-4 4.13292E-4 5.61512E-4 6.01821E-4 5.12538E-4 6.07751E-4 7.94364E-4 6.47079E-4
1.88594E-3 2.33617E-3 2.00457E-3 1.89697E-3 1.75998E-3 1.91293E-3 1.67765E-3 1.31871E-3 1.28129E-3 1.15037E-3 1.12287E-3 1.06483E-3 1.0815E-3 1.12645E-3 1.08453E-3 1.32874E-3 1.19274E-3 7.65456E-4 6.94209E-4 6.53997E-4 6.79856E-4 6.78499E-4 8.45249E-4 9.8445E-4 9.24907E-4 8.3161E-4 5.05926E-4 4.29965E-4 4.19634E-4 4.07222E-4 4.03885E-4 3.86539E-4 3.98779E-4 4.23092E-4 5.06701E-4 4.42282E-4 4.10295E-4 4.13352E-4 3.73608E-4 3.84337E-4 3.51041E-4 3.81028E-4 3.55258E-4 3.52145E-4 3.9641E-4 4.04945E-4 3.93807E-4 4.08583E-4 4.00316E-4 4.18051E-4 3.66181E-4 3.67345E-4 3.86515E-4 4.56657E-4 4.4791E-4 5.7279E-4 6.59603E-4 4.63694E-4 5.09513E-4 9.24407E-4 6.47952E-4
2.04765E-3 2.28301E-3 2.09967E-3 1.95484E-3 2.14613E-3 1.79915E-3 1.98503E-3 1.91207E-3 1.48754E-3 1.37722E-3 1.36997E-3 1.15561E-3 1.20196E-3 1.07592E-3 1.07143E-3 1.24121E-3 1.3563E-3 9.73911E-4 1.04392E-3 1.03115E-3 1.01745E-3 1.17796E-3 1.23879E-3 1.14493E-3 1.0287E-3 7.32035E-4 6.34258E-4 5.06152E-4 4.22274E-4 3.78568E-4 4.0632E-4 4.02239E-4 4.09544E-4 4.08946E-4 4.43792E-4 4.98337E-4 4.74661E-4 4.40651E-4 4.36955E-4 4.57579E-4 4.70366E-4 5.15069E-4 5.16286E-4 5.10338E-4 4.35133E-4 5.43572E-4 5.46868E-4 5.74559E-4 5.13223E-4 4.53037E-4 4.80533E-4 4.61031E-4 4.46272E-4 4.45271E-4 5.05866E-4 8.70051E-4 8.36146E-4 5.8284E-4 5.36817E-4 6.88464E-4 5.13645E-4
2.40569E-3 2.38156E-3 2.50463E-3 2.09646E-3 2.40307E-3 2.07823E-3 2.12753E-3 1.98293E-3 1.66985E-3 1.71943E-3 1.4728E-3 1.24839E-3 1.30455E-3 1.24839E-3 1.12511E-3 1.2987E-3 1.33066E-3 1.48307E-3 1.62641E-3 1.48028E-3 1.0721E-3 1.17507E-3 1.40283E-3 1.41744E-3 1.25255E-3 1.09647E-3 8.39671E-4 5.79176E-4 4.3882E-4 4.05488E-4 3.78742E-4 4.06552E-4 4.07292E-4 3.96299E-4 4.51013E-4 4.81433E-4 4.67796E-4 4.57401E-4 4.39745E-4 4.02703E-4 4.09537E-4 4.58151E-4 5.02655E-4 5.99684E-4 6.10189E-4 5.6379E-4 6.46096E-4 6.77957E-4 7.10629E-4 6.37945E-4 7.15209E-4 6.50914E-4 4.97866E-4 5.00087E-4 4.85533E-4 5.7129E-4 7.60662E-4 6.71008E-4 5.82357E-4 7.96749E-4 7.10728E-4
1.93507E-3 2.4722E-3 2.51614E-3 2.51879E-3 1.68611E-3 1.92967E-3 1.68366E-3 1.87994E-3 1.53793E-3 1.46233E-3 1.56097E-3 1.46048E-3 1.22888E-3 1.31264E-3 1.12232E-3 1.27453E-3 1.1907E-3 1.4881E-3 1.97242E-3 1.43178E-3 9.12611E-4 9.35119E-4 1.28444E-3 1.11642E-3 9.56827E-4 1.04625E-3 7.36328E-4 5.26633E-4 4.61106E-4 4.4702E-4 4.38161E-4 4.2316E-4 4.35653E-4 4.2448E-4 4.98109E-4 5.53006E-4 4.92267E-4 4.95541E-4 5.37152E-4 5.31584E-4 5.19247E-4 5.16992E-4 4.48393E-4 6.4038E-4 6.00568E-4 5.14462E-4 6.47002E-4 6.84613E-4 7.8977E-4 7.83423E-4 7.84406E-4 5.47887E-4 6.50236E-4 7.98671E-4 9.20768E-4 1.0833E-3 5.9272E-4 5.44304E-4 7.79293E-4 9.13639E-4 8.66703E-4
1.10206E-3 1.05267E-3 1.78537E-3 3.0247E-3 1.75196E-3 2.3425E-3 1.84071E-3 1.57203E-3 1.71973E-3 1.95098E-3 1.46881E-3 1.3603E-3 1.25204E-3 1.09899E-3 1.16313E-3 1.26812E-3 1.16958E-3 7.86035E-4 2.06681E-3 1.41544E-3 1.04526E-3 1.90525E-3 1.72837E-3 1.60459E-3 1.22421E-3 7.96904E-4 7.13068E-4 6.45897E-4 5.52679E-4 5.08232E-4 4.92018E-4 4.58886E-4 4.5731E-4 4.1325E-4 7.70082E-4 7.61778E-4 5.95712E-4 4.77767E-4 4.77424E-4 5.27626E-4 5.41657E-4 4.73722E-4 4.55671E-4 4.76887E-4 4.88581E-4 4.84017E-4 6.71914E-4 9.3572E-4 8.59275E-4 9.09116E-4 9.79609E-4 8.9813E-4 1.03377E-3 1.18532E-3 1.31093E-3 8.13238E-4 8.90405E-4 6.61067E-4 1.06413E-3 9.80585E-4 6.49278E-4
2.09088E-3 1.8656E-3 1.49778E-3 2.82773E-3 2.06369E-3 3.02246E-3 2.8291E-3 1.67867E-3 2.04028E-3 1.69686E-3 1.70465E-3 1.24434E-3 1.06991E-3 1.18191E-3 1.41712E-3 1.70712E-3 1.4973E-3 1.21463E-3 1.20957E-3 1.18355E-3 1.36541E-3 2.01907E-3 1.47237E-3 1.20316E-3 1.01097E-3 9.17767E-4 7.43391E-4 6.88119E-4 5.42994E-4 5.25398E-4 5.28254E-4 5.22669E-4 4.8002E-4 4.98065E-4 5.87291E-4 7.24592E-4 6.3311E-4 6.80659E-4 6.70873E-4 5.86068E-4 4.99975E-4 7.00646E-4 8.36772E-4 6.81427E-4 6.6456E-4 5.84926E-4 6.19305E-4 6.83942E-4 8.82677E-4 9.73093E-4 1.37211E-3 1.40835E-3 1.33572E-3 1.09846E-3 8.32415E-4 8.03757E-4 9.02207E-4 1.01428E-3 1.26879E-3 1.03869E-3 7.23289E-4
2.11661E-3 1.63578E-3 2.12967E-3 2.42136E-3 2.41049E-3 2.08919E-3 2.29994E-3 2.10093E-3 1.42049E-3 1.43318E-3 1.62716E-3 1.32215E-3 1.35546E-3 1.61513E-3 1.77227E-3 1.43358E-3 1.64229E-3 1.56844E-3 1.10741E-3 2.10392E-3 2.22058E-3 1.82878E-3 1.36822E-3 1.17425E-3 1.01625E-3 9.69092E-4 8.65104E-4 7.7701E-4 6.96202E-4 7.4375E-4 8.13411E-4 7.01184E-4 5.18981E-4 8.68284E-4 6.88226E-4 5.29645E-4 5.28637E-4 5.0782E-4 5.87431E-4 5.99949E-4 5.41422E-4 5.93802E-4 1.08193E-3 1.38887E-3 1.2551E-3 8.14376E-4 1.14854E-3 8.65499E-4 7.78635E-4 7.33778E-4 8.04871E-4 1.28504E-3 1.16965E-3 1.30413E-3 1.61276E-3 1.49182E-3 1.18371E-3 1.50219E-3 1.2077E-3 1.24049E-3 8.89767E-4
2.15427E-3 2.32022E-3 1.67677E-3 2.97572E-3 1.2576E-3 1.59155E-3 1.3909E-3 1.43187E-3 1.55071E-3 8.56631E-4 1.48771E-3 1.57742E-3 1.91938E-3 1.60598E-3 1.82969E-3 1.56127E-3 1.52528E-3 1.74194E-3 1.4284E-3 1.71244E-3 1.46666E-3 1.44006E-3 1.30308E-3 1.32567E-3 1.15554E-3 1.15716E-3 1.12322E-3 1.01585E-3 9.28297E-4 9.16276E-4 9.6134E-4 6.90649E-4 6.67487E-4 1.07397E-3 8.4089E-4 6.54251E-4 5.70466E-4 6.18109E-4 7.33201E-4 5.91616E-4 7.11874E-4 7.69486E-4 6.36559E-4 1.07207E-3 1.68991E-3 1.41518E-3 1.8894E-3 1.68899E-3 1.52097E-3 1.70307E-3 9.8624E-4 1.07484E-3 1.61809E-3 2.09493E-3 2.11588E-3 1.9398E-3 2.0554E-3 1.72069E-3 1.14372E-3 1.57854E-3 1.66735E-3
2.11796E-3 2.52716E-3 2.29654E-3 3.2409E-3 8.51632E-4 1.09922E-3 2.09924E-3 2.22133E-3 7.95809E-4 1.02511E-3 2.06841E-3 1.31761E-3 1.46088E-3 1.96487E-3 1.9841E-3 1.675E-3 1.44957E-3 1.84466E-3 2.35889E-3 1.60973E-3 1.30588E-3 1.42998E-3 1.40897E-3 1.34805E-3 1.16204E-3 1.38287E-3 1.14025E-3 1.01149E-3 1.00132E-3 1.04106E-3 1.04184E-3 1.06484E-3 9.52737E-4 1.23222E-3 1.02835E-3 7.10576E-4 6.44558E-4 7.23295E-4 1.06148E-3 8.05072E-4 7.75753E-4 1.13563E-3 9.19419E-4 1.22115E-3 1.09779E-3 1.27785E-3 1.54797E-3 2.29089E-3 2.36141E-3 1.51166E-3 8.71014E-4 3.16195E-3 3.05866E-3 2.54994E-3 2.25246E-3 2.27136E-3 2.50086E-3 1.58091E-3 1.41231E-3 1.12557E-3 1.21421E-3
2.52396E-3 2.74555E-3 3.11455E-3 1.34443E-3 1.60328E-3 2.31675E-3 1.91721E-3 1.67884E-3 1.76716E-3 2.0462E-3 1.52664E-3 8.19997E-4 6.31421E-4 6.88552E-4 1.53734E-3 1.92345E-3 2.26706E-3 2.01857E-3 1.61398E-3 8.24997E-4 1.72674E-3 1.65109E-3 1.39877E-3 1.32054E-3 1.53143E-3 1.40148E-3 1.10264E-3 1.01139E-3 1.02249E-3 1.37152E-3 1.42841E-3 1.17191E-3 1.19947E-3 1.10295E-3 8.90715E-4 6.43434E-4 7.81212E-4 7.44326E-4 1.17178E-3 1.18282E-3 1.00656E-3 1.10932E-3 1.39287E-3 1.23167E-3 1.2811E-3 1.68882E-3 1.78617E-3 1.42844E-3 2.05998E-3 2.46647E-3 1.32393E-3 3.90737E-3 1.67862E-3 2.73282E-3 2.36706E-3 2.66122E-3 1.423E-3 1.96462E-3 1.64654E-3 1.28976E-3 1.21295E-3
