Artocarpus heterophyllus SDM files/MIS19/results (without bias file)/Arthet_8.asc
ncols         625
nrows         721
xllcorner     69.99986311115
yllcorner     5.99986187915
cellsize      0.041666667
NODATA_value  -9999
[rows 0 to 26 of 721, columns 488 to 548 of 625]
2.38797E-4 2.40161E-4 2.35041E-4 2.64744E-4 2.92071E-4 2.95699E-4 3.02512E-4 2.81572E-4 2.31555E-4 2.40646E-4 2.54622E-4 2.52922E-4 2.31276E-4 2.14203E-4 1.95458E-4 1.72472E-4 1.73768E-4 1.64551E-4 1.64286E-4 1.86398E-4 1.78391E-4 1.87067E-4 1.98045E-4 1.86745E-4 2.1126E-4 1.83389E-4 1.95993E-4 1.88539E-4 1.98953E-4 2.00166E-4 2.08477E-4 2.1883E-4 2.38963E-4 2.5539E-4 2.6883E-4 2.61273E-4 2.58478E-4 2.46393E-4 2.49534E-4 2.66793E-4 2.79641E-4 2.71818E-4 2.58543E-4 2.41281E-4 2.15525E-4 2.50642E-4 3.09897E-4 2.94583E-4 2.73365E-4 2.51486E-4 2.56699E-4 2.42711E-4 2.52583E-4 2.41676E-4 2.47141E-4 2.21686E-4 2.20072E-4 2.17559E-4 2.24563E-4 2.69493E-4 2.79417E-4
2.7209E-4 2.5144E-4 2.46638E-4 2.46659E-4 2.44513E-4 2.73793E-4 2.93896E-4 2.31871E-4 2.34357E-4 2.16567E-4 2.42742E-4 2.65255E-4 2.18704E-4 1.97988E-4 1.7138E-4 1.70292E-4 1.83285E-4 1.71707E-4 1.77196E-4 1.76067E-4 1.77714E-4 1.81686E-4 1.76439E-4 1.84988E-4 1.86591E-4 1.89484E-4 1.88667E-4 1.79621E-4 1.84684E-4 1.7601E-4 1.97039E-4 1.9667E-4 2.26867E-4 2.34727E-4 2.15683E-4 2.26005E-4 2.10818E-4 2.09207E-4 2.10465E-4 2.51134E-4 2.69121E-4 2.53383E-4 2.71818E-4 2.64824E-4 2.61882E-4 3.1524E-4 2.96878E-4 2.94355E-4 2.94332E-4 2.85127E-4 2.54247E-4 2.33894E-4 2.4514E-4 2.69037E-4 2.88121E-4 2.5419E-4 2.38673E-4 2.40724E-4 2.60152E-4 2.86165E-4 2.84093E-4
8.05357E-4 7.13867E-4 2.66906E-4 2.4669E-4 2.1602E-4 2.21164E-4 2.18791E-4 2.07478E-4 2.05992E-4 2.06734E-4 2.13975E-4 2.22253E-4 2.02909E-4 2.0348E-4 1.8816E-4 1.93249E-4 1.85527E-4 1.86485E-4 1.86103E-4 1.91141E-4 1.93339E-4 2.24163E-4 2.3118E-4 2.38795E-4 2.69284E-4 2.55557E-4 2.54974E-4 2.56014E-4 2.52241E-4 2.32358E-4 2.0848E-4 1.97982E-4 1.97967E-4 1.88657E-4 1.99881E-4 1.90931E-4 2.03275E-4 2.05021E-4 1.97265E-4 2.00608E-4 2.06787E-4 2.34297E-4 2.49117E-4 2.69027E-4 2.90481E-4 2.66271E-4 3.08424E-4 3.05871E-4 2.95813E-4 2.78054E-4 2.82618E-4 2.72347E-4 2.73965E-4 2.82294E-4 2.77218E-4 2.72216E-4 2.84988E-4 2.73809E-4 2.88744E-4 2.86659E-4 3.01623E-4
7.80458E-4 6.46763E-4 6.39253E-4 6.45487E-4 2.32648E-4 2.27784E-4 2.38499E-4 2.35478E-4 2.53142E-4 3.05194E-4 3.03469E-4 6.89724E-4 6.30072E-4 2.29098E-4 2.39922E-4 2.45378E-4 2.41869E-4 2.46731E-4 2.54771E-4 2.67595E-4 2.47579E-4 2.27882E-4 2.60524E-4 2.87521E-4 2.8641E-4 2.79519E-4 2.60197E-4 2.35781E-4 2.37967E-4 2.48252E-4 2.56014E-4 2.7735E-4 2.62437E-4 2.82943E-4 2.5575E-4 2.54498E-4 2.47224E-4 2.36912E-4 2.31836E-4 2.29039E-4 2.15208E-4 2.13877E-4 2.02602E-4 2.20282E-4 2.32124E-4 2.59834E-4 2.88121E-4 2.78001E-4 2.66421E-4 2.60622E-4 2.55375E-4 2.73649E-4 2.7906E-4 2.99798E-4 2.97639E-4 2.91428E-4 2.89332E-4 2.90378E-4 2.89769E-4 3.01831E-4 2.95985E-4
2.75409E-4 2.53456E-4 2.49094E-4 2.7612E-4 8.44675E-4 8.28644E-4 7.77789E-4 7.11708E-4 7.5754E-4 7.38568E-4 2.72286E-4 2.14669E-4 2.06313E-4 2.01612E-4 2.53725E-4 2.82115E-4 3.01001E-4 2.88882E-4 2.44318E-4 2.40586E-4 2.22078E-4 2.15636E-4 2.35258E-4 2.91379E-4 2.74395E-4 2.07336E-4 2.3805E-4 1.92838E-4 1.98015E-4 2.00775E-4 2.20467E-4 2.55956E-4 2.60006E-4 2.62259E-4 2.6086E-4 2.48195E-4 2.66992E-4 2.80184E-4 2.86282E-4 2.84754E-4 2.95692E-4 2.92786E-4 2.90272E-4 2.79148E-4 2.94761E-4 2.94262E-4 2.46328E-4 2.20627E-4 2.31611E-4 2.33626E-4 2.35041E-4 2.28853E-4 2.2968E-4 2.31065E-4 2.44545E-4 2.43034E-4 2.41276E-4 2.54926E-4 2.5684E-4 2.66761E-4 2.74069E-4
2.52057E-4 3.12541E-4 3.18498E-4 3.09001E-4 3.35248E-4 3.24097E-4 3.02417E-4 6.78301E-4 2.33217E-4 2.44072E-4 4.99326E-4 4.70267E-4 1.95397E-4 2.3506E-4 2.79064E-4 3.20211E-4 2.3992E-4 2.22302E-4 2.06038E-4 2.10123E-4 2.13582E-4 2.3475E-4 2.39563E-4 2.68446E-4 2.93338E-4 2.22856E-4 2.01314E-4 1.99589E-4 2.15806E-4 2.14448E-4 2.52036E-4 2.5455E-4 2.209E-4 2.26731E-4 2.22253E-4 2.27092E-4 2.60342E-4 2.88538E-4 2.51628E-4 2.17955E-4 2.40898E-4 2.73571E-4 2.84605E-4 2.89781E-4 3.12104E-4 3.00473E-4 2.82493E-4 2.86949E-4 2.44886E-4 2.63364E-4 2.53612E-4 2.80121E-4 2.96482E-4 2.90106E-4 2.6476E-4 2.61476E-4 2.49017E-4 2.28763E-4 2.3859E-4 2.52229E-4 2.65728E-4
2.86697E-4 3.30397E-4 3.53487E-4 3.51044E-4 3.42431E-4 3.10038E-4 2.97649E-4 2.76294E-4 2.01924E-4 2.29422E-4 1.87168E-4 1.96369E-4 2.21679E-4 2.46026E-4 3.12382E-4 2.35774E-4 2.13829E-4 2.04198E-4 2.00552E-4 2.09943E-4 2.2061E-4 2.47594E-4 2.59232E-4 2.47695E-4 2.55686E-4 2.38245E-4 2.80354E-4 2.31275E-4 2.45772E-4 2.38873E-4 2.59389E-4 2.39187E-4 2.15315E-4 2.19666E-4 2.18126E-4 2.67013E-4 2.56791E-4 2.51E-4 2.20242E-4 2.08719E-4 2.20381E-4 2.39079E-4 2.34696E-4 2.28527E-4 2.4739E-4 2.67659E-4 3.03865E-4 2.80296E-4 3.09116E-4 3.52819E-4 3.35505E-4 3.30873E-4 3.49257E-4 3.47449E-4 3.13882E-4 3.01206E-4 3.10626E-4 3.16985E-4 2.9055E-4 2.67736E-4 2.54363E-4
3.56964E-4 2.95711E-4 2.99506E-4 3.45976E-4 3.42677E-4 3.15293E-4 2.39621E-4 2.29782E-4 2.26948E-4 2.32044E-4 2.34152E-4 2.2896E-4 2.59244E-4 2.71957E-4 3.00432E-4 2.42344E-4 1.97306E-4 2.00637E-4 2.02411E-4 2.1677E-4 2.28805E-4 2.17916E-4 2.21523E-4 2.23731E-4 2.10391E-4 2.31266E-4 2.53964E-4 2.32121E-4 2.11858E-4 2.06812E-4 2.11651E-4 2.21152E-4 2.21495E-4 2.33098E-4 2.45574E-4 2.45574E-4 2.3945E-4 2.39097E-4 2.42896E-4 2.12239E-4 2.23553E-4 2.31774E-4 2.40787E-4 2.29373E-4 2.48085E-4 2.72085E-4 2.50603E-4 2.64455E-4 3.52328E-4 3.526E-4 3.43566E-4 3.39807E-4 3.08355E-4 2.91984E-4 2.5481E-4 2.53452E-4 2.8432E-4 2.88831E-4 3.02124E-4 2.8788E-4 2.69703E-4
3.89198E-4 9.01897E-4 2.85931E-4 3.19919E-4 3.52489E-4 2.68209E-4 2.37588E-4 2.2526E-4 2.35098E-4 2.24536E-4 2.24536E-4 2.32118E-4 2.38703E-4 2.35769E-4 2.6447E-4 2.44162E-4 2.24276E-4 2.04506E-4 2.12829E-4 2.1921E-4 2.35194E-4 2.43803E-4 2.43803E-4 2.34731E-4 2.24972E-4 2.35325E-4 2.40105E-4 2.37366E-4 2.43694E-4 2.43178E-4 2.40702E-4 2.28811E-4 2.2079E-4 2.49117E-4 2.44155E-4 2.57479E-4 2.43382E-4 2.43993E-4 2.58139E-4 2.58948E-4 2.44525E-4 2.41454E-4 2.44141E-4 2.43555E-4 2.59646E-4 2.8809E-4 2.91628E-4 2.97582E-4 2.91762E-4 2.71691E-4 2.68741E-4 2.77324E-4 2.53002E-4 2.55448E-4 2.59527E-4 2.60473E-4 2.67538E-4 2.55347E-4 2.60528E-4 2.73334E-4 3.06003E-4
3.30917E-4 3.18862E-4 2.94032E-4 2.77931E-4 3.21596E-4 2.61691E-4 2.18239E-4 2.2365E-4 2.30176E-4 2.31654E-4 2.26889E-4 2.33509E-4 2.40316E-4 2.21415E-4 2.23154E-4 2.34337E-4 2.28527E-4 2.19223E-4 2.20985E-4 2.27435E-4 2.36604E-4 2.57105E-4 2.83703E-4 2.65502E-4 2.56575E-4 2.85726E-4 3.10506E-4 3.04798E-4 2.70633E-4 2.37923E-4 2.06642E-4 2.19203E-4 2.69723E-4 2.93908E-4 3.12809E-4 3.07485E-4 2.89601E-4 3.10354E-4 3.41544E-4 2.98246E-4 2.51394E-4 2.60692E-4 2.79059E-4 2.75538E-4 2.67696E-4 2.83226E-4 2.48726E-4 2.62771E-4 3.08598E-4 3.21451E-4 3.24974E-4 2.63134E-4 2.67319E-4 2.66277E-4 2.57063E-4 2.56438E-4 2.58316E-4 2.53453E-4 2.51424E-4 2.73334E-4 3.03214E-4
2.63132E-4 2.71556E-4 3.27735E-4 2.74828E-4 2.41183E-4 2.45563E-4 2.32211E-4 2.33048E-4 2.51134E-4 2.70391E-4 2.91092E-4 2.37241E-4 2.39179E-4 2.39179E-4 2.48837E-4 2.40902E-4 2.34906E-4 2.42152E-4 2.43518E-4 2.47942E-4 2.45278E-4 2.63542E-4 2.35543E-4 2.597E-4 2.72859E-4 2.90915E-4 3.19919E-4 3.1504E-4 7.0721E-4 2.46524E-4 2.39088E-4 2.39882E-4 2.39889E-4 2.64465E-4 2.53401E-4 2.34151E-4 2.36268E-4 2.39759E-4 2.53749E-4 2.50521E-4 2.74605E-4 3.36644E-4 3.17349E-4 3.19644E-4 3.08433E-4 2.46134E-4 2.57105E-4 3.22157E-4 3.28771E-4 3.35918E-4 3.1719E-4 3.29686E-4 3.47599E-4 3.45617E-4 3.61087E-4 3.58472E-4 3.3649E-4 3.54076E-4 3.47391E-4 3.39549E-4 3.39849E-4
9.83975E-4 9.33132E-4 8.78539E-4 7.49872E-4 3.11661E-4 8.24096E-4 2.72739E-4 2.84058E-4 2.72343E-4 2.95825E-4 2.78283E-4 3.16529E-4 8.03581E-4 7.67533E-4 7.55276E-4 2.6376E-4 2.44805E-4 2.51036E-4 2.57448E-4 2.57448E-4 2.70527E-4 2.6095E-4 2.6095E-4 2.7575E-4 2.62186E-4 2.75069E-4 3.02757E-4 3.24748E-4 2.78767E-4 6.62695E-4 2.60934E-4 2.57172E-4 2.80615E-4 2.67479E-4 2.30057E-4 2.37744E-4 2.50714E-4 2.61534E-4 2.68893E-4 2.72477E-4 2.89023E-4 2.70659E-4 2.69575E-4 2.52991E-4 2.35981E-4 2.74042E-4 2.85918E-4 3.01078E-4 3.03276E-4 3.04399E-4 3.17512E-4 3.31937E-4 3.35082E-4 3.42455E-4 3.28983E-4 3.25816E-4 3.34001E-4 3.54586E-4 3.56931E-4 3.84156E-4 3.86698E-4
4.17504E-4 4.22228E-4 8.34905E-4 6.6324E-4 2.86992E-4 9.30797E-4 8.86377E-4 8.85837E-4 7.46464E-4 7.0453E-4 2.97437E-4 3.01877E-4 3.37488E-4 7.40246E-4 7.22421E-4 7.77167E-4 7.3435E-4 7.35218E-4 2.70758E-4 2.74934E-4 2.53074E-4 2.61892E-4 2.83246E-4 3.06453E-4 3.12876E-4 3.24987E-4 3.27161E-4 3.01786E-4 2.59444E-4 2.31116E-4 2.4727E-4 2.69338E-4 2.68816E-4 2.49326E-4 2.65864E-4 2.492E-4 2.61282E-4 2.60337E-4 2.83291E-4 2.91257E-4 2.95513E-4 2.74196E-4 2.76136E-4 2.6096E-4 2.66134E-4 2.73453E-4 3.1082E-4 3.11982E-4 3.23795E-4 3.27348E-4 3.16812E-4 3.1868E-4 3.30009E-4 3.24786E-4 3.31937E-4 3.275E-4 3.13085E-4 3.1816E-4 3.35498E-4 3.49992E-4 3.40442E-4
4.15704E-4 3.62831E-4 2.88858E-4 2.4458E-4 2.6737E-4 3.32265E-4 3.15196E-4 2.96352E-4 6.93448E-4 6.58507E-4 2.78603E-4 3.58406E-4 8.83227E-4 8.05143E-4 7.12877E-4 7.21767E-4 6.87255E-4 6.9748E-4 6.79045E-4 2.81691E-4 2.76921E-4 3.08563E-4 3.26978E-4 3.44563E-4 3.0482E-4 2.70905E-4 2.90668E-4 2.63979E-4 2.56402E-4 2.55768E-4 2.57052E-4 2.49666E-4 2.7296E-4 2.97607E-4 3.01885E-4 2.89498E-4 2.78473E-4 2.9904E-4 3.13087E-4 3.50612E-4 3.7989E-4 3.5626E-4 3.39585E-4 3.45783E-4 3.53369E-4 3.28942E-4 3.33205E-4 3.74064E-4 3.77555E-4 3.81682E-4 3.81067E-4 3.78317E-4 3.53518E-4 3.5693E-4 3.2099E-4 3.05927E-4 2.84009E-4 3.14686E-4 3.25116E-4 3.20834E-4 2.942E-4
3.79716E-4 9.78763E-4 7.74594E-4 2.63523E-4 2.69165E-4 3.46105E-4 3.86747E-4 3.74192E-4 8.59387E-4 8.56242E-4 7.4661E-4 2.8351E-4 3.29499E-4 2.72637E-4 2.29847E-4 2.40577E-4 2.51731E-4 6.53807E-4 7.59196E-4 7.7952E-4 7.68416E-4 3.17668E-4 3.03483E-4 3.0482E-4 2.54297E-4 2.34252E-4 2.41281E-4 2.59076E-4 2.76187E-4 2.95024E-4 2.78283E-4 2.82315E-4 2.74512E-4 2.62576E-4 2.6417E-4 2.71809E-4 3.26992E-4 3.74842E-4 3.67508E-4 3.74221E-4 3.85443E-4 3.78104E-4 3.61044E-4 3.68069E-4 8.77459E-4 3.31644E-4 3.67261E-4 3.82656E-4 3.4564E-4 3.62137E-4 3.36149E-4 3.2326E-4 3.47142E-4 3.39538E-4 3.56014E-4 3.54271E-4 3.49936E-4 4.0099E-4 4.08757E-4 3.96103E-4 3.78552E-4
4.22633E-4 3.61215E-4 7.81732E-4 2.60855E-4 2.86649E-4 3.92945E-4 3.56964E-4 3.54471E-4 3.06021E-4 2.91842E-4 2.41827E-4 2.52447E-4 2.71372E-4 2.98775E-4 2.6627E-4 2.69934E-4 2.51135E-4 2.50016E-4 2.65127E-4 2.43734E-4 2.47938E-4 2.48728E-4 2.63948E-4 2.52851E-4 2.4717E-4 2.79632E-4 3.31158E-4 3.29286E-4 3.24589E-4 3.27601E-4 3.37212E-4 8.47042E-4 7.68463E-4 3.02483E-4 3.18761E-4 3.4517E-4 3.2826E-4 3.17266E-4 3.25544E-4 3.26478E-4 3.19936E-4 3.25078E-4 3.07208E-4 2.75482E-4 2.70905E-4 3.14243E-4 3.37674E-4 3.41592E-4 2.9053E-4 3.02589E-4 2.97603E-4 2.93049E-4 3.10669E-4 3.08421E-4 3.01083E-4 3.09722E-4 3.23062E-4 3.81972E-4 4.09517E-4 3.86427E-4 3.86844E-4
3.31563E-4 3.56242E-4 2.66945E-4 2.71667E-4 2.71364E-4 2.9307E-4 3.43178E-4 2.95653E-4 2.66947E-4 2.60284E-4 2.76685E-4 3.03328E-4 3.5129E-4 3.46102E-4 2.91626E-4 8.71732E-4 7.26231E-4 7.07156E-4 2.72739E-4 2.65664E-4 2.67346E-4 2.63735E-4 2.54128E-4 2.5196E-4 3.28478E-4 3.31988E-4 3.26159E-4 3.12102E-4 3.23216E-4 3.29067E-4 3.08485E-4 2.74355E-4 2.95097E-4 2.81828E-4 2.69435E-4 2.67542E-4 2.65394E-4 2.81114E-4 2.93371E-4 2.76054E-4 2.97189E-4 2.96736E-4 2.83854E-4 2.87984E-4 3.2503E-4 3.00655E-4 3.00065E-4 3.06627E-4 3.00526E-4 2.97089E-4 2.97686E-4 2.95988E-4 3.0192E-4 3.25414E-4 3.02359E-4 3.02783E-4 3.38669E-4 3.50692E-4 3.57474E-4 3.51826E-4 3.49084E-4
3.03404E-4 2.79562E-4 2.84674E-4 2.83226E-4 2.88055E-4 2.87013E-4 2.90062E-4 2.71766E-4 2.82474E-4 2.85138E-4 3.06697E-4 3.866E-4 3.76902E-4 8.64025E-4 2.58426E-4 2.68153E-4 2.61702E-4 2.79001E-4 2.83039E-4 7.64784E-4 7.05124E-4 2.65359E-4 2.52949E-4 2.77903E-4 3.27633E-4 2.88275E-4 3.41608E-4 3.63534E-4 8.09784E-4 2.70622E-4 2.5468E-4 2.9172E-4 3.18811E-4 2.58301E-4 2.63805E-4 2.69943E-4 2.80623E-4 2.89557E-4 2.9061E-4 2.95513E-4 3.04875E-4 3.41768E-4 3.30009E-4 3.84741E-4 3.26057E-4 3.18661E-4 3.06459E-4 3.17016E-4 3.2678E-4 3.33851E-4 3.38609E-4 3.4929E-4 3.51947E-4 3.67038E-4 3.69711E-4 3.86293E-4 3.42133E-4 3.53469E-4 3.42746E-4 3.46071E-4 3.61398E-4
2.94596E-4 2.92465E-4 2.97394E-4 3.02837E-4 2.96962E-4 3.30177E-4 4.1143E-4 8.48346E-4 2.86534E-4 3.05533E-4 4.09388E-4 3.63519E-4 2.8385E-4 2.64475E-4 2.61623E-4 2.65295E-4 2.56284E-4 2.49083E-4 2.68436E-4 2.58256E-4 2.63799E-4 2.47697E-4 2.48209E-4 2.72079E-4 2.62483E-4 2.89378E-4 3.45869E-4 3.16625E-4 2.73324E-4 2.57654E-4 2.77003E-4 3.4635E-4 3.23532E-4 3.07765E-4 3.24583E-4 9.03752E-4 3.48124E-4 3.31629E-4 3.44164E-4 3.39175E-4 3.28342E-4 3.13646E-4 2.91412E-4 3.05079E-4 2.96754E-4 2.94859E-4 3.11116E-4 2.99767E-4 3.08582E-4 3.23633E-4 3.80566E-4 3.6243E-4 3.53227E-4 3.48202E-4 3.1816E-4 3.23253E-4 3.37638E-4 3.97267E-4 3.89503E-4 3.77455E-4 3.54647E-4
3.00825E-4 2.97566E-4 3.03277E-4 3.0438E-4 2.96743E-4 3.08421E-4 2.88887E-4 2.96317E-4 2.74878E-4 3.31376E-4 2.93229E-4 2.67201E-4 2.65274E-4 2.64614E-4 3.00288E-4 2.91116E-4 2.40022E-4 2.49565E-4 2.58457E-4 2.54179E-4 2.63228E-4 2.63228E-4 2.68044E-4 2.77944E-4 2.79607E-4 2.94859E-4 2.84988E-4 2.81861E-4 2.72559E-4 2.62798E-4 2.95091E-4 3.26452E-4 2.79332E-4 2.68636E-4 2.98745E-4 3.10525E-4 2.91581E-4 2.87697E-4 2.81163E-4 2.54082E-4 2.67939E-4 2.98355E-4 2.96189E-4 3.11205E-4 3.07821E-4 3.02263E-4 3.2183E-4 3.0704E-4 3.01266E-4 3.14936E-4 3.26159E-4 3.26871E-4 3.46424E-4 3.68482E-4 3.51475E-4 3.33073E-4 3.4501E-4 3.83791E-4 3.81608E-4 3.36171E-4 3.40219E-4
3.06337E-4 3.03018E-4 3.03018E-4 2.98648E-4 3.09279E-4 3.04818E-4 2.97822E-4 2.99992E-4 3.15906E-4 3.14025E-4 2.98475E-4 3.24862E-4 3.09934E-4 3.22966E-4 3.1737E-4 3.01238E-4 2.79779E-4 2.7341E-4 2.79547E-4 2.90573E-4 2.86393E-4 2.80664E-4 2.81338E-4 3.0103E-4 2.96694E-4 2.86542E-4 2.79354E-4 2.84093E-4 2.72702E-4 2.77346E-4 2.71983E-4 3.16592E-4 3.31992E-4 2.73962E-4 2.83847E-4 2.85918E-4 2.64093E-4 2.70899E-4 2.77261E-4 2.86489E-4 3.00353E-4 3.15592E-4 3.17899E-4 3.19739E-4 3.37182E-4 3.49155E-4 3.35956E-4 3.20906E-4 3.05415E-4 3.20172E-4 3.30331E-4 3.0871E-4 3.0871E-4 3.12517E-4 3.29647E-4 3.4366E-4 4.28185E-4 4.36304E-4 4.12617E-4 4.05757E-4 4.29478E-4
3.13493E-4 3.76179E-4 9.32351E-4 9.86882E-4 9.26626E-4 3.1798E-4 3.46766E-4 9.55229E-4 3.38319E-4 3.58992E-4 3.53713E-4 3.62046E-4 3.3506E-4 3.71485E-4 1.07264E-3 9.29816E-4 8.96216E-4 8.27152E-4 8.26314E-4 3.22578E-4 3.37188E-4 3.27281E-4 3.20059E-4 3.46616E-4 3.32247E-4 3.06173E-4 3.06274E-4 3.02958E-4 3.05165E-4 2.86953E-4 3.01514E-4 2.98243E-4 3.20249E-4 2.77383E-4 3.22357E-4 3.16179E-4 3.13969E-4 3.11047E-4 3.0544E-4 3.13301E-4 3.43906E-4 3.75595E-4 3.93774E-4 3.68016E-4 3.76699E-4 3.54076E-4 3.85853E-4 3.87259E-4 3.63759E-4 3.69899E-4 3.78627E-4 3.53289E-4 3.92101E-4 3.84188E-4 3.95525E-4 3.89961E-4 4.43685E-4 4.16204E-4 3.94316E-4 4.30427E-4 4.58242E-4
3.43978E-4 4.04262E-4 3.11773E-4 3.05885E-4 3.42471E-4 9.4765E-4 3.324E-4 3.11018E-4 3.29599E-4 3.31082E-4 3.77408E-4 3.72352E-4 3.56132E-4 3.74562E-4 4.51186E-4 4.01024E-4 9.41324E-4 8.95075E-4 8.43497E-4 8.66095E-4 9.48785E-4 9.38453E-4 8.71484E-4 8.77808E-4 8.76151E-4 3.25632E-4 3.36035E-4 3.40944E-4 3.43978E-4 3.48135E-4 4.04467E-4 9.98677E-4 3.45075E-4 3.1082E-4 3.76598E-4 3.58844E-4 4.14718E-4 1.00938E-3 9.94867E-4 3.97531E-4 3.874E-4 4.02672E-4 4.10054E-4 4.06787E-4 3.85804E-4 3.87262E-4 4.12896E-4 4.10487E-4 4.08996E-4 4.03696E-4 3.86428E-4 4.06863E-4 4.57837E-4 4.16591E-4 4.32841E-4 4.73529E-4 4.98639E-4 4.57558E-4 3.83598E-4 3.81353E-4 4.02066E-4
3.18079E-4 3.24664E-4 2.82533E-4 2.9908E-4 2.93695E-4 2.93695E-4 2.91152E-4 3.02611E-4 3.31679E-4 3.52304E-4 4.60421E-4 1.13002E-3 9.27601E-4 3.5534E-4 3.54599E-4 3.54599E-4 3.9323E-4 3.79767E-4 9.08696E-4 8.85681E-4 8.59087E-4 7.9062E-4 8.29429E-4 9.13461E-4 9.25084E-4 8.84179E-4 9.0093E-4 3.47586E-4 3.28131E-4 3.19557E-4 3.32886E-4 3.09233E-4 2.73854E-4 3.12651E-4 3.35789E-4 4.36353E-4 4.3365E-4 3.91284E-4 4.04807E-4 3.92794E-4 1.03813E-3 4.17177E-4 9.72876E-4 3.91499E-4 3.92142E-4 3.88085E-4 4.16796E-4 4.22908E-4 4.45794E-4 4.19552E-4 4.39265E-4 4.43449E-4 4.33182E-4 4.43752E-4 4.19194E-4 4.28503E-4 4.16204E-4 4.05403E-4 3.80553E-4 4.13228E-4 4.19832E-4
1.10865E-3 3.37377E-4 3.37377E-4 3.39983E-4 3.25894E-4 3.03167E-4 3.2046E-4 3.21146E-4 3.44427E-4 3.59581E-4 3.64313E-4 4.42641E-4 4.34772E-4 9.66388E-4 8.49074E-4 3.65831E-4 4.31595E-4 1.02726E-3 1.01175E-3 9.76697E-4 8.40957E-4 8.06353E-4 9.03771E-4 9.30183E-4 9.03447E-4 8.02176E-4 8.77808E-4 9.37516E-4 8.68171E-4 3.13892E-4 3.04909E-4 3.15111E-4 2.90272E-4 3.2468E-4 3.59267E-4 4.30076E-4 4.33334E-4 3.5426E-4 3.58877E-4 3.49888E-4 3.69757E-4 4.10162E-4 1.00418E-3 1.11082E-3 1.01334E-3 1.01476E-3 4.22824E-4 4.42093E-4 3.90844E-4 4.20424E-4 4.54837E-4 4.48264E-4 4.54202E-4 3.79453E-4 3.66349E-4 3.8555E-4 3.91135E-4 3.72852E-4 3.51472E-4 3.72399E-4 3.6479E-4
3.73873E-4 1.03714E-3 1.12891E-3 1.1286E-3 9.9901E-4 8.436E-4 3.27731E-4 3.27453E-4 3.67617E-4 3.48949E-4 4.35593E-4 3.9512E-4 3.56602E-4 3.8793E-4 3.9865E-4 3.96182E-4 4.17864E-4 4.48395E-4 1.02821E-3 8.58546E-4 2.99557E-4 3.21099E-4 8.58415E-4 3.11619E-4 3.12744E-4 2.95635E-4 9.56563E-4 8.78674E-4 8.09273E-4 3.19518E-4 3.21969E-4 3.17824E-4 3.14461E-4 3.37951E-4 3.92918E-4 4.66946E-4 4.41264E-4 4.16023E-4 3.96321E-4 3.89438E-4 3.91973E-4 4.23707E-4 4.23899E-4 9.41208E-4 9.12679E-4 9.71031E-4 1.0741E-3 4.46117E-4 4.34749E-4 1.19905E-3 1.2145E-3 1.16812E-3 1.09527E-3 4.19466E-4 3.97594E-4 3.68696E-4 3.55245E-4 3.55722E-4 3.70171E-4 3.92642E-4 4.02689E-4
3.76179E-4 4.358E-4 1.21225E-3 4.19119E-4 1.0059E-3 9.21669E-4 9.23382E-4 8.24571E-4 3.56249E-4 3.51115E-4 3.78344E-4 4.17741E-4 1.01331E-3 3.54271E-4 4.21834E-4 4.30788E-4 4.40782E-4 4.19535E-4 3.44879E-4 7.35218E-4 2.84224E-4 3.24747E-4 3.29217E-4 9.09329E-4 8.32395E-4 8.28625E-4 3.30249E-4 3.16263E-4 3.14235E-4 3.42583E-4 1.01396E-3 9.30296E-4 3.34485E-4 3.81929E-4 4.30377E-4 4.3542E-4 4.4861E-4 4.47273E-4 4.1556E-4 3.73141E-4 3.62638E-4 3.70435E-4 3.82484E-4 3.71433E-4 3.91441E-4 1.045E-3 9.84574E-4 4.04243E-4 4.50972E-4 4.93761E-4 4.43805E-4 1.06686E-3 1.00128E-3 3.81251E-4 3.84479E-4 3.89925E-4 3.86179E-4 3.68122E-4 3.90876E-4 3.76611E-4 3.86165E-4
