Artocarpus heterophyllus SDM files/MIS19/results (without bias file)/Arthet_0.asc
ncols         625
nrows         721
xllcorner     69.99986311115
yllcorner     5.99986187915
cellsize      0.041666667
NODATA_value  -9999
[rows 54 to 80 of 721, columns 488 to 548 of 625]
1.71326E-3 1.6404E-3 1.58775E-3 1.26184E-3 1.4553E-3 1.60736E-3 5.60066E-4 6.15187E-4 6.41682E-4 7.68194E-4 1.57436E-3 1.45282E-3 5.18625E-4 5.32387E-4 6.02183E-4 6.34614E-4 6.13304E-4 7.72456E-4 1.84913E-3 1.80488E-3 6.23662E-4 7.34757E-4 8.11484E-4 8.56374E-4 8.02937E-4 7.26708E-4 6.89398E-4 1.41926E-3 6.17867E-4 5.69003E-4 5.75609E-4 5.77399E-4 5.57037E-4 6.10669E-4 5.70514E-4 5.6935E-4 6.8963E-4 6.87185E-4 7.24749E-4 5.95855E-4 6.54297E-4 8.54869E-4 7.84968E-4 5.98099E-4 6.24799E-4 6.3458E-4 6.30793E-4 6.72428E-4 7.72796E-4 6.14073E-4 6.07707E-4 7.36171E-4 7.32826E-4 9.84501E-4 9.75177E-4 7.78814E-4 6.6018E-4 5.83622E-4 6.30694E-4 8.83933E-4 8.4245E-4
1.86943E-3 1.71566E-3 1.49828E-3 1.40276E-3 1.41582E-3 5.36962E-4 5.15013E-4 5.59025E-4 7.73993E-4 1.8592E-3 1.41676E-3 1.31805E-3 4.92981E-4 6.13304E-4 1.68471E-3 1.67299E-3 7.05282E-4 1.83876E-3 7.65136E-4 1.78444E-3 1.60377E-3 6.4045E-4 7.57964E-4 7.29435E-4 7.01979E-4 6.42823E-4 6.7628E-4 6.32926E-4 5.99708E-4 5.44482E-4 5.4458E-4 5.83311E-4 7.03966E-4 1.90215E-3 6.34526E-4 5.79544E-4 8.09306E-4 7.45845E-4 6.66894E-4 6.25297E-4 8.58125E-4 7.9352E-4 5.99651E-4 5.84041E-4 6.18862E-4 6.23313E-4 6.581E-4 8.13627E-4 8.58436E-4 6.78109E-4 6.56972E-4 7.43938E-4 6.75097E-4 7.66457E-4 9.8029E-4 8.8091E-4 6.6018E-4 6.177E-4 6.35878E-4 7.9706E-4 8.8209E-4
6.6178E-4 1.96741E-3 1.76801E-3 1.38864E-3 1.2566E-3 5.05158E-4 6.42898E-4 1.94462E-3 2.0682E-3 1.69231E-3 1.27494E-3 4.99075E-4 5.35568E-4 6.82251E-4 1.88755E-3 7.20731E-4 7.52965E-4 8.12724E-4 1.85874E-3 1.80777E-3 1.71587E-3 1.48558E-3 6.43844E-4 1.49743E-3 5.84885E-4 6.05283E-4 6.17106E-4 6.06887E-4 5.89293E-4 6.58651E-4 6.22346E-4 7.2547E-4 1.88513E-3 6.86002E-4 5.75812E-4 6.50516E-4 2.20527E-3 1.8295E-3 6.6805E-4 6.95871E-4 7.44346E-4 5.25717E-4 6.08876E-4 6.27344E-4 6.12597E-4 6.23313E-4 6.34896E-4 7.41624E-4 8.17096E-4 7.42547E-4 8.67292E-4 8.53048E-4 6.68059E-4 6.89823E-4 8.05222E-4 9.81275E-4 8.4716E-4 6.96279E-4 7.71726E-4 7.94034E-4 8.9058E-4
6.61773E-4 2.07466E-3 1.9507E-3 1.58308E-3 1.36873E-3 5.25901E-4 6.35634E-4 1.95139E-3 1.86504E-3 1.53429E-3 1.29372E-3 5.13672E-4 5.55644E-4 6.77487E-4 1.86207E-3 6.63168E-4 8.15563E-4 1.76442E-3 7.37952E-4 1.77856E-3 1.53457E-3 1.41457E-3 1.36516E-3 1.52237E-3 1.48893E-3 1.46468E-3 6.29304E-4 1.70287E-3 1.46163E-3 6.6437E-4 6.54718E-4 7.22917E-4 6.62764E-4 5.57767E-4 5.82845E-4 6.81166E-4 8.49387E-4 8.59657E-4 1.92233E-3 1.7399E-3 6.20963E-4 5.71738E-4 7.90588E-4 6.62593E-4 6.26741E-4 6.14795E-4 6.55376E-4 7.38966E-4 8.26669E-4 8.7412E-4 9.33821E-4 8.61023E-4 8.71291E-4 8.42732E-4 7.45214E-4 8.07804E-4 9.35569E-4 2.32222E-3 7.3087E-4 7.11353E-4 6.9814E-4
6.11078E-4 1.91135E-3 1.99001E-3 1.71823E-3 1.49629E-3 5.72699E-4 6.2525E-4 6.7936E-4 7.90743E-4 1.83237E-3 1.69916E-3 1.49535E-3 1.68356E-3 1.85654E-3 1.52704E-3 1.47561E-3 1.77174E-3 1.60913E-3 6.38147E-4 1.68886E-3 1.5007E-3 1.29869E-3 5.17194E-4 5.84372E-4 6.56269E-4 7.09326E-4 1.76105E-3 6.09652E-4 5.76394E-4 5.70224E-4 5.80316E-4 5.70995E-4 6.23867E-4 6.55544E-4 7.22772E-4 8.06758E-4 8.38546E-4 1.95588E-3 1.73087E-3 6.87161E-4 6.98196E-4 6.49217E-4 8.46022E-4 7.97713E-4 7.0809E-4 6.81761E-4 7.21463E-4 7.97085E-4 8.42428E-4 8.54541E-4 8.42428E-4 7.67982E-4 8.49114E-4 2.33877E-3 2.06479E-3 7.50521E-4 7.09976E-4 9.39289E-4 8.00398E-4 7.44822E-4 8.89331E-4
5.74252E-4 7.56788E-4 2.07953E-3 1.68259E-3 1.63873E-3 1.35272E-3 5.62402E-4 6.99225E-4 7.91021E-4 1.97023E-3 1.99662E-3 1.92254E-3 1.88156E-3 1.69121E-3 1.44099E-3 5.54252E-4 1.79175E-3 1.43115E-3 7.12204E-4 1.69906E-3 1.36803E-3 1.25927E-3 5.23652E-4 5.60517E-4 5.81942E-4 6.38312E-4 7.37463E-4 6.23057E-4 5.8829E-4 5.89333E-4 6.03258E-4 6.19593E-4 7.12791E-4 2.03437E-3 1.91135E-3 1.78948E-3 8.07509E-4 1.75534E-3 6.54608E-4 6.25655E-4 6.35542E-4 6.62422E-4 9.10081E-4 2.07907E-3 6.93298E-4 8.42957E-4 2.06874E-3 8.51978E-4 9.00271E-4 1.94387E-3 6.84488E-4 6.40647E-4 7.19309E-4 9.99309E-4 9.99863E-4 2.13213E-3 7.53203E-4 6.36074E-4 6.1495E-4 6.55025E-4 1.01752E-3
5.35613E-4 6.32842E-4 2.05122E-3 1.71279E-3 1.69939E-3 6.08853E-4 5.89958E-4 7.24635E-4 2.11174E-3 1.99943E-3 1.90031E-3 2.07939E-3 1.82471E-3 1.57019E-3 1.23807E-3 5.68736E-4 1.78267E-3 1.46353E-3 1.6389E-3 1.58825E-3 1.23975E-3 1.18378E-3 1.32622E-3 6.13781E-4 1.63394E-3 1.57183E-3 6.5101E-4 6.85677E-4 1.71908E-3 1.65254E-3 1.66767E-3 1.59486E-3 7.59059E-4 8.78033E-4 2.00482E-3 1.65692E-3 6.20591E-4 6.8214E-4 7.20718E-4 5.83672E-4 8.66059E-4 6.9601E-4 7.34971E-4 8.97263E-4 7.59288E-4 8.62875E-4 9.82217E-4 2.27098E-3 1.75217E-3 6.99276E-4 6.99248E-4 7.33479E-4 6.36464E-4 8.83443E-4 9.39799E-4 1.01752E-3 2.04313E-3 7.31855E-4 7.20722E-4 6.7046E-4 6.2626E-4
5.86138E-4 6.31638E-4 7.71212E-4 6.09661E-4 6.32612E-4 5.72235E-4 6.49049E-4 8.0522E-4 2.13714E-3 2.13658E-3 2.00016E-3 2.00204E-3 1.83817E-3 1.37913E-3 1.10586E-3 6.27084E-4 1.74622E-3 1.69057E-3 1.71111E-3 1.32601E-3 1.2143E-3 1.20532E-3 1.48718E-3 1.6606E-3 1.73595E-3 1.45753E-3 6.46871E-4 1.72647E-3 1.85087E-3 1.69765E-3 1.45512E-3 6.47423E-4 7.2471E-4 1.9683E-3 1.85087E-3 1.61013E-3 1.50057E-3 6.2546E-4 5.76692E-4 8.33116E-4 2.2538E-3 1.73036E-3 6.94818E-4 7.38062E-4 6.95923E-4 9.38139E-4 1.00381E-3 2.1913E-3 1.73051E-3 1.5794E-3 1.57321E-3 6.61658E-4 6.27039E-4 6.64006E-4 8.58451E-4 1.04467E-3 2.26512E-3 8.48641E-4 2.19768E-3 8.27789E-4 7.1962E-4
6.22586E-4 6.33872E-4 2.04922E-3 1.98712E-3 1.68847E-3 6.05736E-4 6.26311E-4 2.03844E-3 2.00905E-3 2.17546E-3 2.11074E-3 1.86463E-3 1.71052E-3 1.30154E-3 1.18963E-3 6.47294E-4 7.03245E-4 1.84472E-3 1.65854E-3 1.34742E-3 1.31473E-3 1.15643E-3 5.77052E-4 7.10031E-4 1.60614E-3 1.47696E-3 7.05283E-4 1.94424E-3 1.83502E-3 1.64521E-3 1.31832E-3 1.39618E-3 1.66411E-3 1.67139E-3 6.57253E-4 7.60904E-4 6.47044E-4 6.19357E-4 7.27707E-4 2.2363E-3 8.58333E-4 2.11122E-3 7.55193E-4 7.65928E-4 7.97978E-4 7.96839E-4 1.05911E-3 2.31098E-3 1.82689E-3 1.54105E-3 6.52441E-4 6.95571E-4 6.70516E-4 8.35596E-4 8.86365E-4 9.25751E-4 9.09732E-4 7.6475E-4 8.48009E-4 8.52671E-4 7.06796E-4
1.83944E-3 1.784E-3 6.52032E-4 8.17875E-4 1.98922E-3 6.27801E-4 7.21328E-4 2.04964E-3 2.18245E-3 2.20435E-3 2.11803E-3 1.94545E-3 1.83304E-3 1.2869E-3 1.33477E-3 1.62781E-3 1.80871E-3 1.82496E-3 1.50587E-3 1.35145E-3 1.27667E-3 1.28497E-3 6.62358E-4 1.91316E-3 1.50768E-3 6.04813E-4 7.61237E-4 1.98013E-3 1.6856E-3 1.40125E-3 1.3671E-3 1.47696E-3 6.52321E-4 6.62158E-4 6.31857E-4 6.42232E-4 7.34501E-4 1.79515E-3 6.1718E-4 7.04079E-4 9.67072E-4 9.13788E-4 9.05083E-4 8.9556E-4 2.20459E-3 7.80118E-4 9.77903E-4 1.03805E-3 1.94536E-3 1.57334E-3 6.63097E-4 6.71757E-4 6.99349E-4 9.20235E-4 1.08687E-3 2.47379E-3 2.07078E-3 8.06144E-4 7.01885E-4 6.4908E-4 7.17337E-4
7.60325E-4 6.64561E-4 5.93517E-4 1.8858E-3 7.40292E-4 7.22616E-4 8.19228E-4 2.11547E-3 2.17616E-3 2.24791E-3 2.03821E-3 1.90301E-3 1.78471E-3 1.3684E-3 1.47193E-3 1.76872E-3 1.85965E-3 1.72153E-3 1.77935E-3 1.62516E-3 1.36597E-3 1.36529E-3 6.22961E-4 6.96351E-4 1.5437E-3 1.61166E-3 7.30351E-4 1.95141E-3 1.72035E-3 1.44193E-3 6.80801E-4 1.57652E-3 1.55111E-3 1.52898E-3 6.57199E-4 7.60729E-4 1.99873E-3 6.61066E-4 5.55338E-4 6.83504E-4 8.05653E-4 9.18363E-4 9.38296E-4 9.00702E-4 9.23145E-4 8.26824E-4 8.02829E-4 8.86813E-4 8.11366E-4 7.43312E-4 7.32545E-4 7.14296E-4 6.86956E-4 8.42645E-4 1.06942E-3 9.43846E-4 1.01244E-3 2.1473E-3 7.77878E-4 6.96158E-4 9.90301E-4
1.85902E-3 1.76424E-3 6.19222E-4 6.73085E-4 7.57863E-4 2.06969E-3 7.8767E-4 2.03798E-3 2.06E-3 2.15059E-3 2.03501E-3 1.90676E-3 1.69416E-3 1.63496E-3 7.00522E-4 1.95102E-3 7.53213E-4 7.93547E-4 8.27084E-4 1.94676E-3 1.62659E-3 1.39177E-3 1.48197E-3 1.67892E-3 1.38494E-3 1.59373E-3 1.58788E-3 1.66342E-3 1.68448E-3 1.75939E-3 1.53049E-3 6.46871E-4 6.98107E-4 6.83288E-4 7.22916E-4 8.2339E-4 6.75037E-4 5.3177E-4 5.9616E-4 8.59258E-4 9.41398E-4 8.63316E-4 9.1496E-4 2.11597E-3 2.10255E-3 7.33471E-4 7.11462E-4 7.31673E-4 7.74308E-4 7.43208E-4 8.65916E-4 2.1352E-3 7.33722E-4 7.9615E-4 2.37184E-3 7.70517E-4 8.59132E-4 7.88591E-4 7.87208E-4 7.00358E-4 1.03225E-3
7.06916E-4 1.82102E-3 6.34526E-4 7.09694E-4 6.97275E-4 7.52533E-4 7.80866E-4 1.9714E-3 2.07864E-3 2.20235E-3 2.10912E-3 1.82035E-3 7.30134E-4 7.61754E-4 7.26788E-4 7.10335E-4 7.62736E-4 1.84318E-3 1.90123E-3 1.8785E-3 1.5477E-3 1.30259E-3 6.22961E-4 1.514E-3 7.10716E-4 1.79836E-3 1.66238E-3 1.76965E-3 6.99604E-4 1.89034E-3 1.91895E-3 1.75351E-3 1.57481E-3 6.81743E-4 7.07365E-4 1.77894E-3 5.66489E-4 5.46998E-4 8.01241E-4 2.39451E-3 2.06025E-3 1.86083E-3 6.7467E-4 8.74624E-4 1.78141E-3 6.78686E-4 7.3322E-4 9.21181E-4 2.02057E-3 7.52522E-4 8.89056E-4 1.96785E-3 8.17792E-4 8.21096E-4 9.80409E-4 9.29061E-4 2.52436E-3 2.18162E-3 2.11313E-3 7.98541E-4 7.7576E-4
1.79661E-3 1.72226E-3 1.71017E-3 1.83243E-3 1.84812E-3 6.27862E-4 6.62528E-4 7.81231E-4 8.52034E-4 8.84493E-4 8.81137E-4 8.44512E-4 2.09428E-3 2.0819E-3 1.89698E-3 1.80576E-3 1.74512E-3 1.72353E-3 2.02618E-3 1.96671E-3 1.58601E-3 1.34771E-3 1.25088E-3 6.13731E-4 6.91426E-4 1.68885E-3 1.68643E-3 7.12851E-4 7.46693E-4 8.06653E-4 8.36085E-4 2.03504E-3 1.74374E-3 1.73913E-3 1.74544E-3 1.68292E-3 5.8805E-4 5.66665E-4 9.79325E-4 2.33152E-3 1.99965E-3 1.84074E-3 1.57951E-3 7.97498E-4 1.57883E-3 6.56429E-4 7.84304E-4 8.61089E-4 9.06566E-4 1.97479E-3 7.35199E-4 7.13056E-4 7.4856E-4 7.57622E-4 8.91092E-4 9.79596E-4 1.14049E-3 9.56328E-4 9.21153E-4 2.3016E-3 8.71523E-4
2.11975E-3 1.89897E-3 1.77292E-3 1.60789E-3 1.57351E-3 6.35659E-4 6.75466E-4 7.23885E-4 8.32788E-4 9.00204E-4 2.15762E-3 2.1461E-3 1.96741E-3 2.0798E-3 1.79133E-3 1.83389E-3 1.85496E-3 7.62736E-4 1.97523E-3 1.87134E-3 1.83219E-3 1.37984E-3 6.24443E-4 1.8225E-3 1.49416E-3 1.47676E-3 6.9048E-4 7.13492E-4 8.05586E-4 2.02187E-3 7.62886E-4 7.99953E-4 2.17995E-3 2.24593E-3 2.0337E-3 1.57924E-3 5.97461E-4 6.33904E-4 9.48148E-4 1.02836E-3 9.0721E-4 1.96654E-3 1.87616E-3 1.6943E-3 6.28377E-4 6.87449E-4 8.47169E-4 7.89412E-4 2.37682E-3 1.67657E-3 6.64179E-4 7.38882E-4 8.38431E-4 7.822E-4 7.76826E-4 9.23532E-4 1.12837E-3 2.35447E-3 2.10961E-3 7.74753E-4 9.06191E-4
2.22434E-3 1.84428E-3 1.55807E-3 1.44671E-3 1.54075E-3 1.58342E-3 1.62704E-3 7.31282E-4 1.99615E-3 2.20459E-3 2.23341E-3 1.95767E-3 1.82989E-3 1.91274E-3 2.07782E-3 1.95384E-3 1.71587E-3 2.01926E-3 1.93447E-3 1.81977E-3 1.99476E-3 1.57864E-3 1.72278E-3 1.51394E-3 1.4495E-3 1.53009E-3 7.05446E-4 1.79047E-3 8.76347E-4 2.00905E-3 1.85044E-3 7.22964E-4 9.46479E-4 2.26537E-3 2.07912E-3 1.87056E-3 6.00783E-4 6.68488E-4 1.03836E-3 2.30904E-3 2.04056E-3 2.08851E-3 1.78364E-3 1.51069E-3 1.94285E-3 1.6916E-3 7.17496E-4 9.18661E-4 2.28499E-3 1.69168E-3 6.93342E-4 8.64318E-4 2.1352E-3 1.86938E-3 8.23449E-4 1.05447E-3 9.61381E-4 8.69699E-4 8.27341E-4 7.35071E-4 9.19894E-4
2.12554E-3 1.84207E-3 1.62518E-3 1.63622E-3 1.75424E-3 1.7852E-3 1.71066E-3 7.52205E-4 2.0856E-3 2.18012E-3 2.07925E-3 1.76476E-3 1.79142E-3 1.81571E-3 2.1259E-3 1.91294E-3 1.74273E-3 2.15583E-3 1.99002E-3 1.87654E-3 1.95112E-3 1.6227E-3 1.85801E-3 1.50863E-3 1.47109E-3 1.5744E-3 7.8565E-4 2.09521E-3 2.24503E-3 1.75248E-3 6.92296E-4 6.80853E-4 7.82004E-4 9.21423E-4 8.13883E-4 7.1496E-4 7.17428E-4 6.95845E-4 1.03656E-3 1.05968E-3 2.34854E-3 2.19364E-3 1.69808E-3 1.7226E-3 1.89821E-3 1.531E-3 7.57185E-4 9.98323E-4 2.22397E-3 1.89747E-3 1.7844E-3 1.89245E-3 2.19653E-3 1.90916E-3 7.70517E-4 9.12361E-4 1.03968E-3 2.31399E-3 8.6859E-4 7.70207E-4 8.28912E-4
1.68795E-3 1.83132E-3 1.78561E-3 1.71525E-3 1.76864E-3 1.94246E-3 7.48293E-4 1.99992E-3 2.19994E-3 2.11397E-3 2.01816E-3 1.84728E-3 8.17671E-4 8.518E-4 2.16095E-3 1.92476E-3 8.71565E-4 2.15811E-3 2.06766E-3 1.67998E-3 1.89789E-3 1.87294E-3 1.68518E-3 1.63261E-3 1.68754E-3 1.83704E-3 7.6975E-4 2.05685E-3 2.3065E-3 1.93872E-3 1.82156E-3 1.92529E-3 7.54163E-4 7.06456E-4 7.10108E-4 7.50158E-4 8.23663E-4 7.61061E-4 8.96225E-4 2.43385E-3 2.3922E-3 2.24964E-3 1.92117E-3 1.89368E-3 1.74837E-3 6.80102E-4 7.9023E-4 9.74032E-4 2.37377E-3 1.9669E-3 1.76226E-3 1.85589E-3 2.22992E-3 1.81285E-3 7.46378E-4 8.81928E-4 9.12629E-4 9.94413E-4 2.19768E-3 8.96781E-4 9.66425E-4
1.63648E-3 1.70098E-3 1.70701E-3 6.61967E-4 7.03309E-4 8.06288E-4 1.92336E-3 7.92096E-4 7.99054E-4 7.82316E-4 1.87917E-3 8.35363E-4 9.14708E-4 2.10382E-3 2.04696E-3 1.93906E-3 1.91886E-3 1.96834E-3 2.04589E-3 1.8152E-3 1.70341E-3 1.89924E-3 1.58718E-3 1.70624E-3 1.81604E-3 1.94272E-3 8.28107E-4 2.16155E-3 2.08337E-3 8.74957E-4 9.1319E-4 2.24812E-3 8.31274E-4 8.90744E-4 2.27285E-3 1.97653E-3 1.90852E-3 1.96202E-3 6.91817E-4 8.72897E-4 1.00347E-3 2.33329E-3 9.18251E-4 9.97062E-4 2.22499E-3 1.83477E-3 7.77881E-4 2.09578E-3 2.05526E-3 2.16598E-3 2.09406E-3 1.85644E-3 7.97712E-4 7.54825E-4 7.88648E-4 1.07161E-3 2.66767E-3 2.07159E-3 8.20594E-4 7.9828E-4 8.8205E-4
1.6386E-3 1.80081E-3 2.07714E-3 1.78176E-3 2.05619E-3 2.10338E-3 2.24406E-3 2.16826E-3 1.82533E-3 1.7213E-3 2.10641E-3 2.00818E-3 1.9692E-3 2.14229E-3 1.98483E-3 1.90765E-3 1.75529E-3 1.84502E-3 1.89083E-3 1.99563E-3 1.72687E-3 1.98147E-3 1.62527E-3 1.72834E-3 8.47404E-4 1.99584E-3 7.79619E-4 8.49147E-4 8.90696E-4 8.52383E-4 9.41623E-4 2.287E-3 2.18203E-3 2.10255E-3 2.33576E-3 2.0762E-3 1.75761E-3 1.79464E-3 8.30813E-4 7.48179E-4 8.54624E-4 2.32491E-3 9.52857E-4 9.78787E-4 2.45262E-3 2.17924E-3 1.80777E-3 1.97885E-3 1.77337E-3 8.37931E-4 2.1143E-3 1.90583E-3 7.63224E-4 7.62824E-4 9.97924E-4 2.58615E-3 2.5101E-3 1.99684E-3 1.98866E-3 8.51673E-4 2.42799E-3
1.63589E-3 7.52061E-4 7.45463E-4 7.26632E-4 6.93687E-4 7.97468E-4 8.84329E-4 2.22668E-3 1.91889E-3 8.25038E-4 2.36346E-3 2.29977E-3 2.14217E-3 1.94022E-3 1.90376E-3 2.11517E-3 2.14029E-3 1.99111E-3 1.95253E-3 1.91046E-3 1.87311E-3 1.84796E-3 1.80993E-3 8.03437E-4 8.93908E-4 2.07159E-3 8.04952E-4 7.55142E-4 8.02122E-4 2.50193E-3 2.54973E-3 2.20877E-3 7.90697E-4 9.83812E-4 2.33087E-3 2.16769E-3 1.97784E-3 1.64808E-3 2.01002E-3 7.79665E-4 2.25207E-3 9.17907E-4 2.31213E-3 2.3225E-3 2.30675E-3 2.17655E-3 2.15138E-3 2.04777E-3 1.7776E-3 8.04929E-4 8.55169E-4 7.95183E-4 8.58144E-4 9.8578E-4 2.74697E-3 2.70661E-3 2.22838E-3 1.99115E-3 8.29541E-4 9.7696E-4 2.66586E-3
6.54451E-4 7.64137E-4 7.56863E-4 8.8741E-4 2.07161E-3 1.75953E-3 6.44895E-4 7.54163E-4 7.75767E-4 8.98105E-4 9.7696E-4 2.32868E-3 2.02083E-3 7.33915E-4 1.82345E-3 2.00671E-3 2.26024E-3 2.23442E-3 2.13625E-3 1.76776E-3 7.65753E-4 1.90953E-3 2.0502E-3 2.11706E-3 2.01048E-3 8.73407E-4 2.17669E-3 7.72622E-4 8.53425E-4 2.55023E-3 2.25486E-3 2.26465E-3 9.41305E-4 2.35471E-3 2.24739E-3 2.1185E-3 2.06246E-3 2.12082E-3 7.71493E-4 8.35357E-4 2.10436E-3 8.36659E-4 9.746E-4 2.27154E-3 2.22453E-3 9.04747E-4 9.32315E-4 8.47169E-4 8.35731E-4 8.328E-4 7.92368E-4 8.68994E-4 2.38038E-3 2.56379E-3 2.58817E-3 2.578E-3 2.09742E-3 8.62763E-4 2.40958E-3 9.54669E-4 2.73617E-3
6.30971E-4 6.86967E-4 9.59543E-4 2.46578E-3 2.24922E-3 1.79637E-3 6.52002E-4 6.28931E-4 7.24145E-4 2.253E-3 2.28687E-3 2.21272E-3 2.03788E-3 1.81982E-3 6.82266E-4 7.80604E-4 8.76439E-4 2.39074E-3 2.0932E-3 1.87861E-3 2.03945E-3 1.91302E-3 2.13574E-3 1.97534E-3 2.02147E-3 7.75062E-4 2.36306E-3 2.07596E-3 9.06138E-4 2.55137E-3 1.00698E-3 1.04532E-3 2.50606E-3 2.41222E-3 2.3138E-3 2.08749E-3 1.97516E-3 2.38707E-3 2.31401E-3 2.27848E-3 2.07972E-3 1.86857E-3 2.24251E-3 2.24311E-3 2.27009E-3 2.18842E-3 7.59906E-4 7.70289E-4 9.00384E-4 2.05543E-3 7.8123E-4 2.44145E-3 9.34762E-4 2.77454E-3 2.56005E-3 2.1713E-3 9.08422E-4 2.14707E-3 2.51778E-3 2.39608E-3 2.26615E-3
6.11817E-4 6.5978E-4 8.71186E-4 2.36722E-3 2.39467E-3 2.12328E-3 7.33573E-4 6.60436E-4 7.48275E-4 8.37543E-4 2.34311E-3 2.25286E-3 2.2566E-3 2.21275E-3 1.95311E-3 1.87906E-3 7.07895E-4 8.0114E-4 2.30998E-3 2.22028E-3 2.26051E-3 2.11327E-3 9.00145E-4 2.37222E-3 8.38311E-4 7.77406E-4 8.08299E-4 9.30757E-4 8.66598E-4 1.03968E-3 2.69601E-3 2.59922E-3 2.58836E-3 2.26143E-3 2.27184E-3 2.20759E-3 8.38629E-4 1.00355E-3 2.7547E-3 2.28966E-3 2.19312E-3 7.68268E-4 9.02275E-4 2.56901E-3 2.57996E-3 2.18117E-3 1.94104E-3 8.02491E-4 2.54807E-3 2.14799E-3 2.05236E-3 9.09971E-4 2.27678E-3 2.63759E-3 2.22942E-3 9.94537E-4 2.52683E-3 2.21906E-3 9.21181E-4 2.73124E-3 2.42117E-3
7.17918E-4 6.68126E-4 7.39646E-4 2.08732E-3 8.68374E-4 2.22944E-3 2.29334E-3 2.1851E-3 7.29245E-4 6.83449E-4 7.84655E-4 9.76203E-4 2.51537E-3 2.28608E-3 2.16627E-3 1.97869E-3 7.24353E-4 7.03401E-4 7.37628E-4 8.56034E-4 8.77446E-4 9.05415E-4 9.26612E-4 2.58864E-3 2.06133E-3 7.32908E-4 8.789E-4 9.25861E-4 8.72278E-4 2.54703E-3 2.4888E-3 2.60223E-3 2.57406E-3 2.56494E-3 2.33849E-3 2.41913E-3 9.49496E-4 1.12436E-3 2.76883E-3 2.37395E-3 2.27572E-3 8.34241E-4 1.0473E-3 2.8253E-3 2.66297E-3 2.1428E-3 8.41242E-4 2.36817E-3 2.26049E-3 1.86809E-3 2.02371E-3 2.36297E-3 2.72211E-3 2.62957E-3 2.22165E-3 2.30686E-3 2.56465E-3 2.2322E-3 2.32725E-3 2.4129E-3 2.46223E-3
1.85515E-3 1.91895E-3 7.1652E-4 6.80324E-4 7.51186E-4 8.94243E-4 2.36909E-3 2.30167E-3 2.28996E-3 7.86764E-4 7.13551E-4 7.00358E-4 9.06732E-4 2.4149E-3 2.2113E-3 2.1122E-3 2.0903E-3 2.19808E-3 1.97862E-3 8.68348E-4 8.98288E-4 9.46099E-4 2.39757E-3 2.22865E-3 1.87251E-3 7.11669E-4 8.46222E-4 8.70826E-4 9.18017E-4 9.59946E-4 1.01545E-3 8.83547E-4 9.05599E-4 8.97827E-4 9.04267E-4 9.52563E-4 1.02647E-3 2.76874E-3 2.75556E-3 2.39538E-3 9.52984E-4 9.98099E-4 2.68655E-3 2.85762E-3 2.78367E-3 2.4945E-3 2.30794E-3 2.2349E-3 2.39029E-3 2.16957E-3 2.38881E-3 2.72223E-3 2.95953E-3 2.91428E-3 2.55133E-3 2.71281E-3 2.51423E-3 2.34053E-3 2.72282E-3 2.63823E-3 2.43973E-3
2.04497E-3 1.94935E-3 1.75009E-3 7.22469E-4 6.72362E-4 7.18815E-4 8.83372E-4 2.5147E-3 2.481E-3 2.3643E-3 2.19756E-3 7.56694E-4 2.24897E-3 2.50381E-3 2.05905E-3 1.75893E-3 7.69328E-4 8.08957E-4 8.49026E-4 9.01943E-4 9.79984E-4 2.73505E-3 2.5323E-3 2.24461E-3 2.17472E-3 8.18388E-4 9.20322E-4 8.68507E-4 2.69717E-3 2.31822E-3 8.80682E-4 9.04757E-4 8.33641E-4 8.40706E-4 8.79066E-4 9.43886E-4 9.52563E-4 9.72933E-4 1.07161E-3 1.02869E-3 2.59703E-3 2.48879E-3 2.54261E-3 2.55135E-3 2.74697E-3 2.69364E-3 2.3017E-3 8.94093E-4 2.47475E-3 2.26095E-3 2.56073E-3 1.09092E-3 3.03972E-3 3.02489E-3 2.28562E-3 2.48628E-3 3.05519E-3 2.7872E-3 2.79809E-3 3.12077E-3 2.74007E-3
