Artocarpus heterophyllus SDM files/MIS19/results (without bias file)/Arthet_6.asc
ncols         625
nrows         721
xllcorner     69.99986311115
yllcorner     5.99986187915
cellsize      0.041666667
NODATA_value  -9999
[rows 0 to 26 of 721, columns 0 to 60 of 625]
5.02722E-3 9.04766E-3 6.88157E-3 1.07621E-2 1.07531E-2 9.38289E-3 1.40314E-2 5.8879E-3 8.36084E-3 8.55406E-3 1.06543E-2 1.2684E-2 1.56727E-2 1.21831E-2 5.42479E-3 3.2127E-3 3.42357E-3 3.53826E-3 3.41892E-3 3.52581E-3 3.45182E-3 3.15136E-3 2.74989E-3 2.8225E-3 8.00391E-3 2.94872E-3 3.02037E-3 7.22657E-3 7.15138E-3 7.05646E-3 3.09917E-3 3.12266E-3 3.2388E-3 3.37722E-3 2.57863E-3 2.71167E-3 3.18118E-3 2.68238E-3 2.86583E-3 2.74541E-3 2.82781E-3 3.0025E-3 3.34614E-3 3.81477E-3 4.12792E-3 4.80264E-3 3.58978E-3 3.45896E-3 3.54612E-3 5.1381E-3 5.00853E-3 3.97729E-3 5.10588E-3 2.56345E-3 2.56796E-3 2.24207E-3 2.06744E-3 2.30967E-3 2.0438E-3 2.50637E-3 3.13618E-3
6.73689E-3 1.08563E-2 7.37733E-3 1.02469E-2 8.15489E-3 9.40527E-3 1.23178E-2 1.39329E-2 1.03143E-2 1.14641E-2 1.23962E-2 1.53798E-2 4.51201E-3 3.46992E-3 3.95233E-3 3.84642E-3 4.10678E-3 3.99017E-3 9.18965E-3 1.11399E-2 1.55141E-2 3.53468E-3 3.56263E-3 3.49654E-3 7.43952E-3 8.10256E-3 9.53199E-3 8.97526E-3 3.25094E-3 2.60874E-3 2.83483E-3 7.87921E-3 8.14562E-3 9.99421E-3 3.25573E-3 3.60539E-3 3.42038E-3 2.68101E-3 3.48842E-3 3.92432E-3 5.2192E-3 4.56871E-3 5.27895E-3 3.95496E-3 5.61855E-3 5.34847E-3 4.01476E-3 4.17305E-3 5.62676E-3 5.37527E-3 5.11438E-3 5.02984E-3 3.10028E-3 3.24852E-3 3.01042E-3 2.61772E-3 2.54096E-3 2.17864E-3 2.39221E-3 3.50493E-3 3.46449E-3
1.97877E-2 4.46294E-3 9.36769E-3 7.36285E-3 9.72443E-3 1.16528E-2 1.15122E-2 1.15474E-2 1.2877E-2 1.57795E-2 1.39739E-2 3.96E-3 4.13105E-3 8.99857E-3 1.4651E-2 3.92203E-3 1.16018E-2 8.64634E-3 9.05289E-3 1.05594E-2 1.32441E-2 3.38214E-3 4.08562E-3 9.42033E-3 7.79405E-3 6.79808E-3 8.11381E-3 1.03261E-2 3.80746E-3 4.15504E-3 3.44361E-3 3.10995E-3 3.3754E-3 8.99433E-3 3.34941E-3 1.12281E-2 3.65947E-3 3.8828E-3 4.87237E-3 1.30874E-2 1.36513E-2 1.43728E-2 5.29823E-3 5.09553E-3 5.90017E-3 5.88866E-3 5.09048E-3 6.37245E-3 6.56191E-3 6.04496E-3 6.5962E-3 5.29801E-3 4.76459E-3 4.32331E-3 4.52994E-3 1.02121E-2 2.64002E-3 3.98138E-3 3.36774E-3 4.10524E-3 4.17224E-3
1.52353E-2 1.11152E-2 1.01728E-2 9.04488E-3 1.07442E-2 9.91795E-3 1.27836E-2 1.29849E-2 1.51878E-2 4.73228E-3 3.61617E-3 9.70102E-3 1.54767E-2 4.21941E-3 1.24566E-2 3.62697E-3 1.05344E-2 1.00756E-2 9.44198E-3 1.18046E-2 1.15904E-2 3.56378E-3 9.12408E-3 7.65808E-3 8.90591E-3 7.88017E-3 8.44691E-3 9.76901E-3 4.18498E-3 1.1353E-2 1.19557E-2 3.61706E-3 4.00666E-3 9.68631E-3 1.0484E-2 9.98552E-3 3.41836E-3 1.28629E-2 1.39251E-2 1.42204E-2 5.27975E-3 5.34873E-3 5.53492E-3 6.66663E-3 7.47569E-3 2.06195E-2 8.2272E-3 2.14203E-2 7.66929E-3 2.1044E-2 7.18169E-3 6.99935E-3 7.89876E-3 1.26429E-2 1.17862E-2 5.07631E-3 4.39763E-3 1.28465E-2 3.43342E-3 5.38248E-3 3.94312E-3
9.90625E-3 1.43027E-2 1.07087E-2 1.22737E-2 1.37285E-2 1.23928E-2 1.11772E-2 1.37591E-2 4.34767E-3 5.24597E-3 8.11056E-3 9.86882E-3 1.45622E-2 4.96321E-3 1.06362E-2 3.879E-3 9.06961E-3 1.15867E-2 1.06464E-2 1.19389E-2 3.86411E-3 9.9338E-3 1.10797E-2 8.77138E-3 7.97252E-3 8.43991E-3 8.19337E-3 9.43443E-3 1.13437E-2 1.23596E-2 1.34698E-2 4.5091E-3 4.27112E-3 4.30648E-3 4.3583E-3 1.06523E-2 1.22726E-2 1.30895E-2 1.2745E-2 1.26971E-2 1.67666E-2 1.74555E-2 6.09992E-3 8.51058E-3 9.5459E-3 2.29375E-2 2.23334E-2 2.26984E-2 2.19623E-2 2.19777E-2 1.70524E-2 2.2862E-2 2.56315E-2 7.55709E-3 8.21859E-3 6.32836E-3 6.74053E-3 1.94018E-2 5.11177E-3 6.03713E-3 4.60379E-3
1.18932E-2 1.42447E-2 1.49249E-2 1.49157E-2 1.35987E-2 1.08794E-2 1.1906E-2 4.41947E-3 1.06976E-2 1.32422E-2 8.69402E-3 8.45741E-3 1.13918E-2 1.26416E-2 9.85443E-3 9.5487E-3 9.45272E-3 1.11968E-2 1.28922E-2 4.74536E-3 4.26421E-3 9.35158E-3 1.04421E-2 1.14962E-2 1.14741E-2 1.08888E-2 4.03887E-3 1.00507E-2 1.20001E-2 1.32658E-2 4.87166E-3 1.48373E-2 4.77821E-3 5.75022E-3 5.46849E-3 1.24646E-2 1.37356E-2 1.39622E-2 5.62486E-3 5.84569E-3 1.62797E-2 2.0084E-2 7.74005E-3 1.11158E-2 1.13766E-2 1.02223E-2 2.60957E-2 2.51318E-2 2.38061E-2 7.35339E-3 1.06843E-2 3.41006E-2 2.2418E-2 2.91475E-2 2.78119E-2 2.1834E-2 1.14327E-2 2.26943E-2 6.19199E-3 5.74625E-3 8.44995E-3
1.81793E-2 1.63615E-2 1.45487E-2 1.74639E-2 4.73205E-3 8.93659E-3 1.22309E-2 1.0173E-2 1.08892E-2 1.25019E-2 8.59318E-3 8.58559E-3 1.12538E-2 1.19228E-2 4.18436E-3 9.62467E-3 1.01272E-2 1.14803E-2 5.5101E-3 4.28642E-3 9.67298E-3 9.76202E-3 9.14678E-3 1.01472E-2 1.22567E-2 1.3727E-2 5.38085E-3 1.42659E-2 5.64939E-3 5.28585E-3 1.63593E-2 1.84919E-2 5.23616E-3 1.54636E-2 1.56683E-2 1.5403E-2 1.51625E-2 1.75404E-2 2.0387E-2 7.82784E-3 8.05839E-3 2.53963E-2 9.14153E-3 1.37356E-2 3.37175E-2 3.43425E-2 2.72532E-2 2.4628E-2 9.4631E-3 1.23466E-2 3.98737E-2 3.27612E-2 3.49576E-2 3.24149E-2 3.06061E-2 2.83416E-2 2.64108E-2 3.08853E-2 1.05385E-2 3.14801E-2 2.93266E-2
1.8698E-2 2.04964E-2 1.63978E-2 6.05332E-3 1.09618E-2 9.3384E-3 1.36749E-2 9.86763E-3 1.04375E-2 1.27298E-2 9.55212E-3 8.59108E-3 1.14635E-2 1.17927E-2 1.03095E-2 1.10404E-2 1.29307E-2 5.8366E-3 4.81488E-3 1.37178E-2 1.34887E-2 4.6201E-3 4.35188E-3 1.12788E-2 1.34588E-2 1.54579E-2 7.08511E-3 6.29762E-3 7.17611E-3 1.73612E-2 1.99669E-2 6.90167E-3 6.20089E-3 1.73872E-2 1.55858E-2 5.70074E-3 1.52821E-2 1.86746E-2 2.02759E-2 2.58075E-2 1.06497E-2 1.13744E-2 1.14172E-2 1.74368E-2 4.46178E-2 3.11631E-2 1.08298E-2 1.26692E-2 1.54485E-2 5.15974E-2 4.74711E-2 3.64141E-2 3.67229E-2 3.2685E-2 3.76352E-2 3.18429E-2 3.44334E-2 3.26453E-2 1.67561E-2 1.72396E-2 1.69992E-2
2.44936E-2 7.34373E-3 5.46092E-3 1.23922E-2 1.18371E-2 1.1122E-2 1.41106E-2 1.22695E-2 1.28774E-2 1.02E-2 1.07139E-2 9.64445E-3 1.16578E-2 1.12735E-2 1.34674E-2 1.37393E-2 5.99292E-3 5.52999E-3 1.57813E-2 1.25665E-2 1.24954E-2 1.43333E-2 1.22721E-2 1.17324E-2 1.20856E-2 1.64359E-2 1.80731E-2 1.72044E-2 1.83975E-2 1.7921E-2 2.11313E-2 2.07584E-2 7.49371E-3 7.95594E-3 7.69241E-3 2.03267E-2 2.00887E-2 1.94309E-2 2.2885E-2 1.13578E-2 3.39268E-2 3.57628E-2 1.57052E-2 4.95688E-2 5.51145E-2 3.64369E-2 1.64665E-2 6.76395E-2 6.33453E-2 5.82539E-2 4.6043E-2 3.68691E-2 4.66799E-2 2.16455E-2 4.79979E-2 4.78846E-2 4.82198E-2 1.44236E-2 6.03338E-2 5.33227E-2 4.40736E-2
2.19484E-2 6.42406E-3 1.49271E-2 1.729E-2 1.3996E-2 1.15026E-2 1.26826E-2 1.64145E-2 1.66486E-2 1.21945E-2 1.02377E-2 9.73994E-3 1.02187E-2 1.24912E-2 1.47805E-2 5.86371E-3 1.35821E-2 1.27967E-2 1.5109E-2 1.44112E-2 1.29129E-2 1.34348E-2 1.31409E-2 1.28315E-2 1.37005E-2 1.63927E-2 1.87384E-2 1.79291E-2 1.89605E-2 2.09138E-2 2.14985E-2 9.08969E-3 9.42864E-3 2.7528E-2 2.45012E-2 2.19571E-2 2.4065E-2 2.51735E-2 3.20913E-2 3.5853E-2 1.46451E-2 1.90376E-2 2.00745E-2 2.48644E-2 5.15237E-2 1.91659E-2 3.23585E-2 8.72777E-2 7.20912E-2 7.43265E-2 5.75933E-2 6.09619E-2 2.4739E-2 7.74218E-2 5.98076E-2 6.77291E-2 6.1673E-2 2.02227E-2 6.46448E-2 5.95192E-2 2.06049E-2
8.33072E-3 1.57539E-2 1.35694E-2 1.3294E-2 1.8192E-2 1.57985E-2 1.08592E-2 1.49027E-2 1.73728E-2 6.6818E-3 5.22023E-3 1.15904E-2 1.16973E-2 1.5041E-2 1.5137E-2 1.29818E-2 1.24702E-2 1.25149E-2 1.37526E-2 1.60064E-2 1.4746E-2 1.44108E-2 1.36947E-2 1.58428E-2 1.65695E-2 1.88445E-2 1.9429E-2 2.04156E-2 1.79639E-2 2.27155E-2 2.81917E-2 1.05269E-2 1.09602E-2 2.7447E-2 2.75535E-2 2.48113E-2 2.56606E-2 3.15393E-2 3.68959E-2 4.57616E-2 5.7197E-2 6.94263E-2 6.8921E-2 2.56046E-2 2.60513E-2 4.2405E-2 1.07352E-1 8.66587E-2 8.04762E-2 7.40018E-2 7.01292E-2 6.64954E-2 8.49913E-2 7.60024E-2 7.37356E-2 6.82018E-2 7.11343E-2 6.6526E-2 2.91359E-2 7.47212E-2 2.34988E-2
1.98884E-2 2.37141E-2 1.27236E-2 1.19082E-2 1.69608E-2 1.86013E-2 6.49069E-3 1.19231E-2 1.75009E-2 2.01043E-2 6.34899E-3 1.39877E-2 1.22827E-2 1.38827E-2 1.55654E-2 1.38351E-2 1.49489E-2 1.27436E-2 1.43423E-2 1.63346E-2 1.59129E-2 1.82064E-2 7.074E-3 1.84729E-2 1.79347E-2 1.92763E-2 2.08804E-2 2.47944E-2 3.08509E-2 1.09511E-2 2.80503E-2 1.2141E-2 1.43049E-2 3.47279E-2 3.29159E-2 2.91712E-2 2.9635E-2 3.41106E-2 5.11288E-2 4.55753E-2 5.65981E-2 5.47365E-2 6.25129E-2 3.74543E-2 1.43759E-1 1.35446E-1 1.13428E-1 1.08398E-1 9.28795E-2 7.18356E-2 8.6615E-2 8.68418E-2 8.18892E-2 8.06607E-2 9.77486E-2 9.682E-2 7.68949E-2 7.88584E-2 3.47026E-2 9.43809E-2 7.97502E-2
1.77717E-2 2.23256E-2 1.9862E-2 1.30746E-2 1.69898E-2 1.97894E-2 2.24192E-2 6.65583E-3 1.67687E-2 7.08846E-3 1.90892E-2 1.57946E-2 1.31163E-2 1.5385E-2 1.39894E-2 1.55366E-2 1.41318E-2 1.34696E-2 1.39418E-2 1.58372E-2 1.66746E-2 1.91276E-2 8.79368E-3 2.09411E-2 2.15764E-2 2.43212E-2 2.81245E-2 3.00267E-2 3.04157E-2 4.02161E-2 4.16664E-2 1.48059E-2 4.27116E-2 3.73256E-2 3.33966E-2 3.74571E-2 1.60445E-2 2.05726E-2 5.62691E-2 4.47975E-2 6.16398E-2 6.74581E-2 4.12642E-2 1.65795E-1 1.59415E-1 1.55985E-1 1.16345E-1 1.15174E-1 9.15136E-2 1.03697E-1 1.225E-1 9.15415E-2 1.01332E-1 1.00626E-1 1.02142E-1 1.00882E-1 1.0679E-1 9.63081E-2 3.81614E-2 8.00424E-2 3.40236E-2
1.77697E-2 1.79806E-2 1.89657E-2 1.75106E-2 1.7227E-2 1.88847E-2 2.28937E-2 2.58996E-2 9.44471E-3 1.75342E-2 1.75721E-2 1.7435E-2 1.26357E-2 1.53082E-2 1.54902E-2 1.56404E-2 1.70873E-2 1.50824E-2 1.38531E-2 1.49519E-2 1.67517E-2 1.95189E-2 9.90761E-3 2.65005E-2 2.7804E-2 2.72367E-2 2.70878E-2 2.9478E-2 3.55397E-2 3.97358E-2 1.64703E-2 1.78128E-2 4.84929E-2 1.84325E-2 4.41882E-2 4.51992E-2 2.07908E-2 3.69237E-2 9.6025E-2 9.48767E-2 8.27844E-2 4.06153E-2 1.78241E-1 1.89858E-1 1.72698E-1 1.18796E-1 1.01782E-1 9.81226E-2 1.20166E-1 1.32212E-1 1.14223E-1 9.28712E-2 1.12177E-1 1.10171E-1 5.27101E-2 1.17275E-1 1.20746E-1 1.24597E-1 4.38036E-2 1.27087E-1 1.44644E-1
1.94616E-2 2.14536E-2 1.62175E-2 1.91994E-2 1.93416E-2 1.6806E-2 2.01321E-2 8.77733E-3 9.0637E-3 2.01277E-2 1.77071E-2 1.46699E-2 1.36708E-2 1.48172E-2 1.52682E-2 1.52835E-2 1.8256E-2 7.93807E-3 1.76929E-2 1.99884E-2 1.97343E-2 2.29944E-2 1.18436E-2 2.95459E-2 2.91999E-2 2.94048E-2 2.9263E-2 2.90563E-2 3.38386E-2 4.33464E-2 5.70503E-2 2.12759E-2 2.23771E-2 2.25703E-2 5.95668E-2 2.49739E-2 4.5755E-2 1.06428E-1 8.66804E-2 1.2172E-1 1.27851E-1 1.84841E-1 2.37858E-1 2.39287E-1 1.83948E-1 1.00329E-1 1.10608E-1 1.12716E-1 1.42054E-1 1.50661E-1 1.20757E-1 1.15632E-1 1.23065E-1 6.56317E-2 5.73871E-2 1.21004E-1 1.37464E-1 1.49654E-1 1.54049E-1 1.41768E-1 1.31847E-1
2.26847E-2 2.26272E-2 8.75643E-3 8.13853E-3 2.16441E-2 2.21105E-2 9.77762E-3 1.06104E-2 2.64528E-2 2.17027E-2 1.68271E-2 1.58835E-2 7.36868E-3 6.70558E-3 7.25282E-3 1.76224E-2 2.06371E-2 9.45428E-3 2.00785E-2 2.23761E-2 2.71213E-2 3.30684E-2 1.27656E-2 3.07412E-2 2.98965E-2 2.70501E-2 3.26244E-2 3.80336E-2 3.98488E-2 4.27453E-2 5.12895E-2 2.58156E-2 9.69338E-2 8.69101E-2 1.06301E-1 1.17759E-1 4.72579E-2 4.82704E-2 1.50151E-1 1.33103E-1 7.69408E-2 2.88676E-1 2.7218E-1 1.95102E-1 1.56869E-1 1.03202E-1 1.2959E-1 1.6488E-1 1.6885E-1 1.74461E-1 1.56267E-1 1.58022E-1 1.93935E-1 2.10915E-1 2.21789E-1 1.62366E-1 1.28791E-1 1.3289E-1 1.4966E-1 1.11008E-1 1.07565E-1
2.99769E-2 2.98277E-2 3.13945E-2 1.02042E-2 2.41119E-2 1.0952E-2 1.10619E-2 2.56081E-2 2.10809E-2 1.79805E-2 1.73846E-2 1.6594E-2 2.0289E-2 2.3187E-2 2.56794E-2 1.06171E-2 9.44345E-3 1.08989E-2 2.39982E-2 2.30044E-2 2.51505E-2 2.86112E-2 1.3983E-2 4.06026E-2 3.66543E-2 2.97591E-2 3.75548E-2 4.63038E-2 5.60216E-2 5.13721E-2 7.83763E-2 9.27973E-2 9.57149E-2 1.21839E-1 1.58008E-1 1.48636E-1 1.36056E-1 7.97507E-2 1.67405E-1 2.49047E-1 2.90225E-1 2.95268E-1 1.95113E-1 1.99756E-1 1.1062E-1 1.16554E-1 1.75757E-1 1.96286E-1 2.01499E-1 1.92667E-1 1.95538E-1 2.31344E-1 2.48315E-1 1.7851E-1 1.8068E-1 1.32269E-1 1.2017E-1 1.35455E-1 1.42163E-1 8.27122E-2 8.68611E-2
2.68653E-2 3.10061E-2 3.24463E-2 1.34069E-2 1.15532E-2 1.27884E-2 2.82461E-2 2.38518E-2 9.42808E-3 9.11289E-3 2.09192E-2 1.90077E-2 1.83511E-2 2.22338E-2 2.38801E-2 2.88805E-2 3.0691E-2 1.32454E-2 1.1916E-2 2.75335E-2 1.25681E-2 4.04107E-2 4.24838E-2 3.94736E-2 3.1607E-2 4.31166E-2 6.19045E-2 5.87251E-2 5.61639E-2 6.20238E-2 7.01443E-2 6.29712E-2 3.82619E-2 1.46476E-1 1.27898E-1 1.36741E-1 1.47337E-1 9.14553E-2 2.91006E-1 2.70403E-1 2.52912E-1 2.05357E-1 1.34111E-1 1.74652E-1 1.80633E-1 1.45596E-1 1.97023E-1 2.33286E-1 2.31797E-1 3.31938E-1 2.67467E-1 2.38733E-1 1.94285E-1 1.35537E-1 1.43956E-1 1.05635E-1 1.03532E-1 1.06039E-1 1.06842E-1 1.08425E-1 9.89977E-2
2.16536E-2 2.69077E-2 3.03592E-2 1.33774E-2 1.32576E-2 3.08725E-2 2.28915E-2 1.04536E-2 1.07605E-2 9.78193E-3 9.2925E-3 1.81855E-2 1.82976E-2 2.05882E-2 1.93148E-2 2.40298E-2 3.21267E-2 3.52153E-2 3.93087E-2 1.54005E-2 4.20835E-2 3.93966E-2 4.55792E-2 1.52562E-2 1.91929E-2 5.6203E-2 5.73459E-2 6.30329E-2 5.8586E-2 5.92933E-2 7.26316E-2 9.82335E-2 1.08722E-1 1.39162E-1 1.51836E-1 1.72408E-1 1.77303E-1 3.06126E-1 3.21925E-1 2.84873E-1 2.8976E-1 1.79438E-1 1.56551E-1 1.75338E-1 2.36825E-1 1.59402E-1 1.69524E-1 2.44399E-1 2.70852E-1 2.37021E-1 1.60933E-1 1.17395E-1 1.39966E-1 9.81296E-2 1.001E-1 1.10263E-1 1.08984E-1 1.04123E-1 8.18417E-2 1.02793E-1 1.1892E-1
2.35636E-2 1.13627E-2 1.31727E-2 1.46001E-2 1.29901E-2 1.20224E-2 1.16474E-2 1.18563E-2 1.19202E-2 1.19342E-2 1.26935E-2 2.42873E-2 8.57585E-3 2.16307E-2 2.17925E-2 2.19515E-2 2.56252E-2 2.63661E-2 3.32116E-2 1.74603E-2 1.83854E-2 1.97866E-2 5.3275E-2 1.79485E-2 2.18059E-2 6.85976E-2 7.931E-2 6.89659E-2 6.44516E-2 7.55021E-2 9.22475E-2 1.09135E-1 1.19134E-1 7.35716E-2 1.86708E-1 1.81577E-1 2.01993E-1 2.82311E-1 3.13294E-1 2.22142E-1 1.85359E-1 1.34093E-1 1.4164E-1 2.22929E-1 2.70718E-1 2.07477E-1 1.94842E-1 2.6137E-1 2.37269E-1 1.90503E-1 1.22333E-1 1.02115E-1 1.19799E-1 9.21773E-2 7.01689E-2 9.36588E-2 1.44183E-1 1.6236E-1 1.56225E-1 1.51711E-1 1.38619E-1
2.46011E-2 3.43018E-2 3.4434E-2 1.57404E-2 1.4594E-2 1.50167E-2 1.55552E-2 1.36089E-2 1.47901E-2 3.7296E-2 3.23805E-2 2.32544E-2 1.07987E-2 1.11851E-2 2.64546E-2 2.58797E-2 2.48076E-2 1.31487E-2 1.53257E-2 1.78789E-2 5.49981E-2 5.14204E-2 1.89654E-2 2.21215E-2 8.06382E-2 8.5583E-2 8.14528E-2 6.65798E-2 6.39389E-2 8.39318E-2 1.04866E-1 5.05498E-2 1.62781E-1 7.51504E-2 7.87257E-2 1.83358E-1 3.08884E-1 3.47275E-1 3.37944E-1 2.37302E-1 1.96172E-1 1.63282E-1 2.18181E-1 2.16193E-1 2.81461E-1 2.44145E-1 2.47085E-1 3.68777E-1 2.50076E-1 1.63183E-1 1.27642E-1 1.31383E-1 1.39937E-1 1.36315E-1 9.89323E-2 7.84623E-2 1.11512E-1 1.1392E-1 1.22598E-1 1.77788E-1 2.06897E-1
1.98453E-2 2.57178E-2 1.34756E-2 4.00486E-2 4.81363E-2 4.6647E-2 1.79575E-2 1.63944E-2 1.7206E-2 1.5967E-2 3.28394E-2 1.08994E-2 1.1835E-2 1.26149E-2 1.24329E-2 2.3887E-2 1.10454E-2 1.35156E-2 1.64312E-2 5.66293E-2 5.24023E-2 1.97328E-2 2.27263E-2 8.68485E-2 9.2517E-2 8.2375E-2 7.55366E-2 6.62501E-2 7.89741E-2 1.10523E-1 1.39989E-1 1.36567E-1 7.20865E-2 9.37749E-2 2.72413E-1 3.21529E-1 2.91198E-1 3.29982E-1 2.50152E-1 2.45137E-1 2.21972E-1 2.24624E-1 2.03696E-1 2.59979E-1 3.23627E-1 3.52541E-1 3.08242E-1 2.54633E-1 2.16877E-1 2.25955E-1 3.02247E-1 2.8425E-1 2.02505E-1 1.34625E-1 9.16093E-2 1.30452E-1 1.22784E-1 1.13957E-1 9.70793E-2 1.75161E-1 1.8852E-1
1.90125E-2 2.27724E-2 3.19624E-2 3.18184E-2 4.25236E-2 4.23435E-2 1.95649E-2 1.8007E-2 1.71805E-2 4.05259E-2 1.37565E-2 1.34126E-2 1.41236E-2 1.77008E-2 3.89628E-2 1.38908E-2 1.48148E-2 1.76097E-2 5.5474E-2 5.43649E-2 2.08138E-2 2.34754E-2 3.15333E-2 9.64987E-2 8.19363E-2 7.18699E-2 6.76095E-2 6.67889E-2 9.43491E-2 5.14179E-2 1.52562E-1 1.81383E-1 7.52357E-2 2.98437E-1 2.91435E-1 2.80803E-1 2.59E-1 2.31091E-1 2.4252E-1 2.38837E-1 2.5073E-1 2.65527E-1 2.82451E-1 3.67104E-1 3.45503E-1 3.73063E-1 4.47325E-1 3.48477E-1 2.3418E-1 2.23689E-1 1.83886E-1 1.64805E-1 1.2202E-1 1.18708E-1 1.27651E-1 1.60998E-1 1.34037E-1 1.43391E-1 1.17749E-1 1.50329E-1 1.57824E-1
2.19516E-2 1.01272E-2 1.14572E-2 1.08449E-2 1.21793E-2 1.61258E-2 1.85889E-2 1.99553E-2 1.86899E-2 1.61791E-2 1.53718E-2 1.70569E-2 1.87562E-2 2.00015E-2 4.12504E-2 1.58101E-2 1.77523E-2 2.1856E-2 5.76727E-2 5.93655E-2 5.52189E-2 2.42497E-2 3.83674E-2 4.13913E-2 7.95903E-2 3.15522E-2 6.84271E-2 7.23142E-2 1.02307E-1 5.71482E-2 1.6334E-1 1.84965E-1 2.05592E-1 3.02795E-1 3.09116E-1 2.18533E-1 2.01298E-1 2.28551E-1 2.49318E-1 2.80989E-1 3.20756E-1 3.26107E-1 3.49936E-1 1.91373E-1 1.65102E-1 2.30054E-1 3.04338E-1 3.90588E-1 2.23156E-1 1.68254E-1 1.51807E-1 1.62294E-1 1.27785E-1 1.70434E-1 2.38626E-1 1.97662E-1 1.40861E-1 2.43641E-1 2.27053E-1 7.08056E-2 1.70505E-1
1.31046E-2 1.34289E-2 1.40324E-2 1.26505E-2 1.27837E-2 1.56938E-2 1.96809E-2 2.17299E-2 2.26983E-2 1.97067E-2 1.86243E-2 2.1978E-2 5.63548E-2 5.55917E-2 4.03667E-2 1.59E-2 1.94664E-2 2.37835E-2 2.39739E-2 2.85148E-2 2.29715E-2 2.57525E-2 4.39562E-2 1.13684E-1 8.69582E-2 3.76996E-2 4.1812E-2 9.95027E-2 1.19854E-1 1.52498E-1 7.64634E-2 7.6114E-2 2.53058E-1 2.88924E-1 2.5751E-1 2.43994E-1 2.31782E-1 1.91346E-1 2.16859E-1 2.586E-1 2.47581E-1 2.44585E-1 2.95211E-1 1.81516E-1 1.47581E-1 1.73237E-1 3.34983E-1 4.31424E-1 2.68241E-1 2.00356E-1 2.70897E-1 2.32179E-1 1.54319E-1 1.45317E-1 1.71509E-1 2.7192E-1 1.44681E-1 1.84328E-1 2.40221E-1 1.62895E-1 1.62977E-1
1.65992E-2 1.59574E-2 1.67214E-2 1.74576E-2 1.42694E-2 1.55928E-2 1.89439E-2 2.13924E-2 2.17469E-2 2.13591E-2 2.36447E-2 2.65877E-2 5.6145E-2 4.79504E-2 1.79506E-2 2.05726E-2 2.12612E-2 2.18968E-2 2.77366E-2 2.49965E-2 2.54912E-2 2.88522E-2 4.62669E-2 4.58701E-2 3.95034E-2 4.08723E-2 5.4095E-2 1.17125E-1 5.26864E-2 6.2606E-2 2.62935E-1 3.36307E-1 3.21917E-1 2.9335E-1 3.24376E-1 3.12378E-1 2.03308E-1 2.0095E-1 2.01621E-1 2.34054E-1 1.75897E-1 1.77548E-1 2.6792E-1 2.00806E-1 1.8726E-1 1.40608E-1 1.78683E-1 2.97699E-1 7.80911E-1 2.76358E-1 2.09499E-1 1.55513E-1 1.20121E-1 1.84582E-1 2.22754E-1 2.75796E-1 1.90388E-1 1.51903E-1 2.13996E-1 1.48954E-1 1.31014E-1
2.24E-2 2.16443E-2 1.75831E-2 1.70156E-2 1.60632E-2 1.65967E-2 1.68825E-2 1.88322E-2 2.03679E-2 8.56554E-2 2.86803E-2 2.61295E-2 5.42681E-2 5.67754E-2 3.816E-2 1.88427E-2 1.90093E-2 2.64633E-2 2.72054E-2 3.10094E-2 3.33457E-2 1.06909E-1 3.7452E-2 4.55751E-2 4.80437E-2 5.0112E-2 1.97133E-1 5.93963E-2 5.74753E-2 2.66175E-1 2.40551E-1 2.77329E-1 3.19856E-1 2.72891E-1 2.82354E-1 2.25596E-1 1.59495E-1 2.40576E-1 2.68153E-1 6.23983E-1 6.06927E-1 2.34501E-1 3.2491E-1 6.92847E-1 2.14193E-1 1.82618E-1 1.72078E-1 2.24643E-1 7.34897E-1 2.54599E-1 2.53094E-1 1.99107E-1 1.62444E-1 1.47341E-1 1.64788E-1 2.6717E-1 2.93212E-1 1.81937E-1 5.25465E-1 1.98361E-1 1.59626E-1
