Artocarpus heterophyllus SDM files/MIS19/results (without bias file)/Arthet_median.asc
ncols         625
nrows         721
xllcorner     69.99986311115
yllcorner     5.99986187915
cellsize      0.041666667
NODATA_value  -9999
[rows 486 to 512 of 721, columns 122 to 182 of 625]
2.85168E-1 2.8768E-1 1.79415E-1 7.93107E-2 7.25217E-2 1.76567E-1 7.51392E-2 6.86092E-2 7.00573E-2 6.58222E-2 5.00933E-2 5.85635E-2 6.62415E-2 6.54204E-2 5.63306E-2 7.17184E-2 5.51839E-2 5.34193E-2 5.83921E-2 7.81445E-2 2.07338E-1 1.9735E-1 1.5307E-1 7.49563E-2 6.70961E-2 6.24335E-2 6.52637E-2 7.60786E-2 6.66253E-2 7.24389E-2 7.28757E-2 7.30272E-2 7.34641E-2 8.1438E-2 6.98652E-2 6.62114E-2 7.44082E-2 1.63004E-1 1.61908E-1 1.60188E-1 1.78558E-1 2.0464E-1 1.81742E-1 1.78666E-1 1.95916E-1 1.95578E-1 2.17343E-1 2.2907E-1 2.06619E-1 2.20058E-1 2.45556E-1 2.31943E-1 2.0707E-1 2.0553E-1 1.92118E-1 2.06226E-1 2.24862E-1 2.11583E-1 2.10925E-1 2.0225E-1 2.03794E-1
2.7555E-1 3.32306E-1 2.06034E-1 1.82161E-1 1.72711E-1 1.86977E-1 1.61767E-1 8.13515E-2 6.76877E-2 6.76216E-2 5.97102E-2 7.55794E-2 6.95236E-2 6.14262E-2 6.26555E-2 7.11962E-2 6.03513E-2 6.73146E-2 6.13511E-2 5.91076E-2 7.26815E-2 1.75602E-1 7.32437E-2 1.6566E-1 6.97712E-2 6.48694E-2 1.67134E-1 6.92941E-2 6.56127E-2 6.5609E-2 6.9532E-2 7.37973E-2 7.33654E-2 7.14049E-2 1.62345E-1 6.91776E-2 7.24522E-2 7.5231E-2 1.6637E-1 1.67213E-1 1.64789E-1 1.83377E-1 1.87923E-1 1.86268E-1 1.82944E-1 2.27176E-1 2.08251E-1 2.44072E-1 2.09287E-1 2.19195E-1 2.36545E-1 2.58778E-1 2.15087E-1 2.28222E-1 2.14434E-1 2.09847E-1 2.4456E-1 2.47133E-1 2.34004E-1 2.08668E-1 2.24981E-1
2.97172E-1 2.39302E-1 2.22185E-1 1.95135E-1 2.10218E-1 1.7759E-1 8.10069E-2 7.9223E-2 6.90507E-2 6.99918E-2 7.55286E-2 7.49801E-2 8.09852E-2 6.48668E-2 7.2189E-2 6.77793E-2 6.70978E-2 6.73854E-2 7.7843E-2 7.43183E-2 6.64005E-2 6.81977E-2 1.82582E-1 1.55585E-1 1.57339E-1 1.77166E-1 7.68069E-2 6.85864E-2 6.79198E-2 7.11113E-2 7.36881E-2 7.12913E-2 7.3149E-2 6.98076E-2 7.7093E-2 7.71793E-2 7.23159E-2 7.35626E-2 7.69013E-2 1.64386E-1 1.73632E-1 1.72732E-1 1.80618E-1 1.82938E-1 1.90482E-1 2.31175E-1 2.21018E-1 2.03902E-1 2.33144E-1 2.32075E-1 2.75733E-1 2.88407E-1 2.47186E-1 2.29031E-1 2.45291E-1 2.04751E-1 2.31177E-1 2.29611E-1 2.23779E-1 2.28077E-1 2.13651E-1
3.27082E-1 2.71473E-1 2.31771E-1 2.13633E-1 2.1354E-1 2.08166E-1 1.73551E-1 7.54035E-2 8.13416E-2 1.77131E-1 1.8255E-1 7.24309E-2 8.26812E-2 6.5262E-2 7.0095E-2 7.62742E-2 6.74209E-2 7.13068E-2 7.79195E-2 7.97985E-2 6.45576E-2 6.06894E-2 6.70898E-2 6.86054E-2 1.51792E-1 1.81449E-1 8.33352E-2 7.67613E-2 7.68737E-2 7.38984E-2 7.32444E-2 7.04332E-2 7.34122E-2 7.70317E-2 8.01037E-2 7.52645E-2 1.68641E-1 7.89318E-2 7.6267E-2 8.09226E-2 1.60682E-1 1.79404E-1 1.68298E-1 2.01496E-1 1.95653E-1 1.91587E-1 2.29679E-1 1.96694E-1 2.07611E-1 2.23177E-1 2.38776E-1 2.52006E-1 3.06345E-1 2.78135E-1 2.30581E-1 2.17037E-1 2.2363E-1 2.19129E-1 2.13659E-1 2.17304E-1 2.33752E-1
3.03116E-1 2.82006E-1 2.50082E-1 2.37364E-1 2.2055E-1 1.99327E-1 1.94572E-1 1.95567E-1 1.99758E-1 1.96622E-1 8.75067E-2 7.65543E-2 8.21786E-2 6.98324E-2 7.44954E-2 7.46236E-2 7.85396E-2 7.33816E-2 7.95791E-2 6.55755E-2 6.06077E-2 6.19407E-2 6.32652E-2 6.35834E-2 7.13853E-2 1.61497E-1 1.71009E-1 1.82469E-1 7.88737E-2 7.63874E-2 7.30687E-2 7.03705E-2 7.07892E-2 7.59841E-2 7.77195E-2 7.30187E-2 7.80308E-2 1.72679E-1 1.70971E-1 1.76476E-1 8.04345E-2 7.72292E-2 1.75992E-1 1.98391E-1 1.86868E-1 1.97125E-1 2.02984E-1 2.23602E-1 2.2749E-1 2.04454E-1 2.06038E-1 2.41013E-1 2.50686E-1 2.8073E-1 2.72752E-1 2.334E-1 2.60044E-1 2.18311E-1 2.12288E-1 2.49891E-1 2.55764E-1
2.89933E-1 2.67475E-1 2.8878E-1 2.69895E-1 2.21708E-1 1.96516E-1 2.07234E-1 2.27792E-1 2.18456E-1 2.04748E-1 2.0497E-1 1.83669E-1 8.08458E-2 7.1591E-2 7.71054E-2 8.10443E-2 8.58689E-2 8.28212E-2 7.74972E-2 6.50139E-2 7.01641E-2 6.53741E-2 6.09785E-2 6.44446E-2 6.51403E-2 7.15706E-2 7.55178E-2 2.00249E-1 8.68184E-2 7.37836E-2 7.76536E-2 7.69025E-2 7.07892E-2 7.15842E-2 7.50675E-2 7.67717E-2 7.26192E-2 7.73925E-2 1.70291E-1 1.79782E-1 1.74608E-1 7.23652E-2 1.83285E-1 1.98628E-1 8.27251E-2 2.04729E-1 2.05089E-1 2.11995E-1 2.19222E-1 2.17362E-1 2.17342E-1 2.31557E-1 2.3384E-1 2.67566E-1 2.77325E-1 2.4712E-1 2.30672E-1 2.24916E-1 2.25533E-1 2.71247E-1 2.71675E-1
3.09793E-1 3.0245E-1 3.1201E-1 2.5775E-1 2.25976E-1 2.12138E-1 2.42997E-1 2.59707E-1 2.20405E-1 2.05419E-1 2.06714E-1 2.15439E-1 8.08393E-2 7.98986E-2 8.27838E-2 7.91903E-2 8.68632E-2 8.43277E-2 7.73723E-2 7.0273E-2 7.83526E-2 7.024E-2 6.66303E-2 6.10791E-2 6.43182E-2 7.54701E-2 1.59758E-1 1.8255E-1 2.05633E-1 8.59843E-2 7.94118E-2 8.34974E-2 7.64831E-2 6.87247E-2 7.40372E-2 8.11376E-2 7.93372E-2 7.55131E-2 7.45202E-2 1.70615E-1 1.81469E-1 7.3426E-2 1.86298E-1 1.8001E-1 8.00211E-2 1.73772E-1 2.09624E-1 2.0821E-1 2.35026E-1 2.19149E-1 2.12703E-1 2.19806E-1 2.33094E-1 2.57586E-1 2.73504E-1 2.44172E-1 2.29153E-1 2.11321E-1 2.25332E-1 2.74321E-1 3.0889E-1
3.31713E-1 3.61291E-1 2.95483E-1 2.61406E-1 2.33282E-1 2.32009E-1 2.6698E-1 2.83463E-1 2.50323E-1 2.05023E-1 2.27156E-1 2.22737E-1 9.19039E-2 8.51451E-2 8.02679E-2 8.04909E-2 8.28143E-2 7.40497E-2 8.07452E-2 6.61611E-2 7.23288E-2 7.0672E-2 7.50012E-2 7.03637E-2 7.03501E-2 7.62075E-2 1.69167E-1 1.84506E-1 1.93124E-1 2.25013E-1 2.13967E-1 8.52477E-2 7.82654E-2 7.42602E-2 7.21494E-2 7.30743E-2 8.19742E-2 7.83083E-2 7.01848E-2 7.87675E-2 6.99443E-2 1.75356E-1 1.88051E-1 1.75568E-1 7.86511E-2 8.16402E-2 1.86107E-1 2.20743E-1 2.38626E-1 2.20776E-1 1.96194E-1 2.1371E-1 2.16137E-1 2.5827E-1 2.59773E-1 2.48498E-1 2.28998E-1 2.29627E-1 2.27026E-1 2.64602E-1 2.91766E-1
3.82662E-1 3.63978E-1 3.041E-1 2.66711E-1 2.51965E-1 2.61224E-1 2.92268E-1 2.96759E-1 2.79674E-1 2.27611E-1 2.60457E-1 2.51769E-1 9.98828E-2 8.77711E-2 8.54511E-2 8.25954E-2 7.52235E-2 7.57427E-2 8.05645E-2 7.09057E-2 6.93373E-2 7.1217E-2 7.94128E-2 7.61763E-2 7.39643E-2 7.14336E-2 1.87979E-1 1.86919E-1 8.70088E-2 7.3744E-2 1.99017E-1 2.05756E-1 8.86818E-2 8.04603E-2 7.79479E-2 7.5739E-2 7.34544E-2 7.25427E-2 7.75424E-2 1.8597E-1 7.55655E-2 7.64982E-2 1.84361E-1 1.73012E-1 6.96453E-2 7.91889E-2 7.87284E-2 1.94831E-1 2.35289E-1 2.80495E-1 2.25948E-1 9.53572E-2 1.9563E-1 2.39796E-1 2.40062E-1 2.42273E-1 2.00263E-1 2.30087E-1 2.46905E-1 2.51014E-1 2.61179E-1
4.21649E-1 3.93894E-1 3.55307E-1 3.22048E-1 2.55547E-1 2.68793E-1 2.97585E-1 3.04262E-1 3.05059E-1 2.65054E-1 2.65253E-1 2.76905E-1 2.66686E-1 9.5132E-2 8.77619E-2 7.8838E-2 7.28403E-2 7.81037E-2 8.63221E-2 8.72917E-2 8.18329E-2 8.19341E-2 7.94639E-2 7.85284E-2 8.38843E-2 7.15692E-2 2.15573E-1 8.30221E-2 7.63562E-2 7.59316E-2 2.22113E-1 2.31128E-1 2.42577E-1 9.38561E-2 7.89369E-2 7.18928E-2 8.14235E-2 8.47715E-2 7.37505E-2 1.80424E-1 7.81585E-2 7.13616E-2 1.65843E-1 1.92751E-1 6.91179E-2 7.35827E-2 7.35335E-2 8.03916E-2 2.05247E-1 2.35306E-1 2.37496E-1 2.22162E-1 2.31812E-1 2.46521E-1 2.049E-1 2.0382E-1 1.87581E-1 2.255E-1 2.59751E-1 2.9681E-1 2.58155E-1
4.55662E-1 4.38928E-1 4.18993E-1 3.56861E-1 2.92295E-1 3.13149E-1 3.13325E-1 3.23454E-1 3.25343E-1 3.17455E-1 2.82728E-1 3.11377E-1 3.04422E-1 2.89344E-1 8.73162E-2 7.37047E-2 7.39872E-2 8.71432E-2 8.44437E-2 8.73765E-2 8.43919E-2 9.33433E-2 8.68258E-2 8.29152E-2 7.31519E-2 9.68261E-2 9.74251E-2 8.62404E-2 8.20362E-2 8.59253E-2 8.7498E-2 8.15376E-2 8.52792E-2 7.9035E-2 7.5528E-2 2.28201E-1 8.92332E-2 8.03005E-2 7.35655E-2 7.66193E-2 1.6972E-1 2.09891E-1 7.14373E-2 8.4633E-2 7.18129E-2 7.0092E-2 7.05194E-2 7.45532E-2 1.71408E-1 2.08535E-1 2.09692E-1 2.23269E-1 2.13419E-1 2.28369E-1 2.30927E-1 2.00272E-1 2.08097E-1 2.23446E-1 2.45129E-1 2.54813E-1 2.34617E-1
4.85651E-1 4.35229E-1 4.54776E-1 3.69403E-1 3.42801E-1 3.16347E-1 3.21988E-1 3.42038E-1 3.39837E-1 3.17158E-1 3.16593E-1 3.38335E-1 3.4415E-1 1.17771E-1 8.99107E-2 7.45071E-2 8.00684E-2 8.81835E-2 9.3525E-2 9.22798E-2 8.74862E-2 1.04526E-1 1.02657E-1 8.03137E-2 7.78212E-2 9.69874E-2 2.16162E-1 9.32141E-2 1.09006E-1 9.47869E-2 8.44024E-2 9.53759E-2 8.08257E-2 8.12205E-2 1.85719E-1 2.80371E-1 1.02016E-1 8.29784E-2 7.90268E-2 7.60605E-2 8.25536E-2 1.84423E-1 7.78466E-2 8.0027E-2 6.7167E-2 7.03427E-2 7.32595E-2 7.33917E-2 8.42355E-2 1.83335E-1 1.85496E-1 2.08773E-1 2.17307E-1 2.20712E-1 2.29289E-1 2.22352E-1 2.01181E-1 2.28979E-1 2.24962E-1 2.25975E-1 2.19536E-1
4.56318E-1 4.68191E-1 5.4188E-1 4.82305E-1 3.36392E-1 3.22884E-1 3.36562E-1 3.47017E-1 3.37312E-1 3.50765E-1 3.39665E-1 3.44425E-1 3.1679E-1 2.84961E-1 1.14225E-1 9.22126E-2 8.22167E-2 8.28141E-2 9.26185E-2 9.07267E-2 9.01176E-2 1.01394E-1 1.11028E-1 9.21857E-2 8.32703E-2 8.8788E-2 9.5139E-2 1.02106E-1 9.41069E-2 9.81158E-2 9.37538E-2 9.93478E-2 2.17631E-1 2.40169E-1 2.22927E-1 2.68354E-1 2.44728E-1 9.97219E-2 7.47966E-2 7.8075E-2 8.83722E-2 8.41248E-2 8.0059E-2 7.37918E-2 7.40214E-2 7.18719E-2 6.97932E-2 7.05979E-2 7.39221E-2 8.08164E-2 8.07472E-2 1.8655E-1 1.98569E-1 2.12103E-1 2.29131E-1 2.25297E-1 2.05267E-1 8.99335E-2 8.74018E-2 1.98607E-1 2.15755E-1
5.08199E-1 5.17957E-1 5.79855E-1 4.49332E-1 3.7608E-1 3.76873E-1 3.43622E-1 3.47593E-1 3.38086E-1 3.47321E-1 3.21751E-1 3.33145E-1 2.93218E-1 2.74703E-1 3.04065E-1 3.14707E-1 9.358E-2 8.89827E-2 8.24062E-2 1.00377E-1 9.58316E-2 1.02083E-1 1.14986E-1 1.06894E-1 8.78097E-2 8.41278E-2 9.49949E-2 9.85409E-2 9.5142E-2 9.33633E-2 2.10949E-1 3.35762E-1 2.95221E-1 2.40191E-1 9.76913E-2 1.04683E-1 9.19562E-2 8.7627E-2 8.65391E-2 8.10351E-2 9.16233E-2 8.86202E-2 7.95148E-2 7.73338E-2 7.35506E-2 7.61341E-2 7.07133E-2 6.71378E-2 7.02073E-2 7.34749E-2 8.13775E-2 1.71685E-1 1.74203E-1 1.95774E-1 2.06409E-1 1.98023E-1 8.52333E-2 7.73047E-2 7.90038E-2 1.79196E-1 1.87289E-1
5.41437E-1 5.77019E-1 5.36621E-1 4.30432E-1 4.67747E-1 4.23026E-1 3.78486E-1 3.69945E-1 3.34039E-1 2.99309E-1 2.57988E-1 3.10641E-1 2.76078E-1 2.43034E-1 2.40412E-1 2.83969E-1 3.17048E-1 9.58002E-2 9.16265E-2 9.10224E-2 1.03813E-1 1.06459E-1 1.09377E-1 1.08149E-1 8.96337E-2 9.52349E-2 1.03153E-1 9.50782E-2 9.28899E-2 9.63574E-2 9.44861E-2 3.00265E-1 3.29438E-1 4.10217E-1 1.24652E-1 1.08388E-1 8.54641E-2 7.88113E-2 8.64559E-2 9.52325E-2 9.24995E-2 8.78149E-2 8.10584E-2 7.37527E-2 7.34817E-2 7.85512E-2 6.81923E-2 6.45538E-2 7.30055E-2 6.97819E-2 7.06001E-2 7.7664E-2 7.93641E-2 1.73432E-1 1.97651E-1 8.24053E-2 8.09915E-2 7.68321E-2 7.47092E-2 8.50974E-2 8.50974E-2
5.64057E-1 5.68852E-1 5.13457E-1 4.61322E-1 5.04313E-1 3.97861E-1 4.23933E-1 4.19153E-1 3.75214E-1 2.85333E-1 2.35877E-1 2.74108E-1 3.15819E-1 3.01437E-1 1.06151E-1 1.21266E-1 2.87894E-1 1.38784E-1 9.19884E-2 9.66784E-2 1.03651E-1 1.0503E-1 1.11429E-1 1.09387E-1 1.14811E-1 1.17539E-1 9.62152E-2 9.97152E-2 1.02376E-1 1.05546E-1 1.02378E-1 2.24232E-1 3.42632E-1 3.19788E-1 3.8764E-1 1.29645E-1 8.37789E-2 1.07672E-1 8.80823E-2 1.13413E-1 1.01127E-1 8.12379E-2 7.59287E-2 7.85792E-2 7.23036E-2 6.68541E-2 7.2305E-2 6.59803E-2 7.74219E-2 7.08287E-2 6.81122E-2 7.147E-2 7.26538E-2 1.76601E-1 1.76574E-1 7.42902E-2 7.11211E-2 7.70304E-2 7.32419E-2 7.76957E-2 8.22026E-2
5.69076E-1 5.53747E-1 5.83189E-1 4.53423E-1 4.41816E-1 3.8093E-1 4.83286E-1 4.37613E-1 3.57181E-1 3.05086E-1 2.69746E-1 2.39142E-1 3.08279E-1 3.36008E-1 1.29564E-1 1.10962E-1 1.0404E-1 3.1585E-1 1.0876E-1 9.42953E-2 1.15398E-1 1.1363E-1 1.19594E-1 1.08713E-1 1.21838E-1 1.14851E-1 1.0179E-1 1.272E-1 1.06205E-1 1.3293E-1 1.00138E-1 1.00825E-1 3.01569E-1 3.92885E-1 9.82668E-2 9.92813E-2 2.49323E-1 1.17741E-1 8.52887E-2 8.55518E-2 3.27529E-1 1.14343E-1 8.60457E-2 7.81152E-2 7.38204E-2 7.43762E-2 6.59428E-2 6.44023E-2 7.82329E-2 8.36839E-2 7.28787E-2 7.76197E-2 7.22242E-2 7.39908E-2 1.93442E-1 1.82946E-1 7.93508E-2 8.90609E-2 6.90466E-2 6.39144E-2 6.96838E-2
5.59734E-1 5.84659E-1 5.68413E-1 4.20466E-1 4.12421E-1 3.76669E-1 4.92225E-1 4.31369E-1 3.73036E-1 3.34142E-1 3.03235E-1 2.73013E-1 2.63681E-1 3.18407E-1 3.42439E-1 2.92592E-1 1.06491E-1 9.92982E-2 2.99987E-1 1.00988E-1 2.80185E-1 1.31954E-1 1.3203E-1 1.1064E-1 1.30506E-1 1.16969E-1 9.4903E-2 1.13926E-1 1.35233E-1 1.34038E-1 1.09667E-1 2.98458E-1 1.08794E-1 3.21931E-1 2.79975E-1 1.03738E-1 3.10055E-1 2.93851E-1 9.22227E-2 7.6114E-2 9.42014E-2 1.00294E-1 9.04047E-2 8.15543E-2 8.07578E-2 7.14767E-2 7.59623E-2 7.12757E-2 8.12481E-2 8.5026E-2 8.41813E-2 7.57742E-2 7.89793E-2 7.09883E-2 7.50486E-2 1.85276E-1 7.54835E-2 7.75097E-2 7.16603E-2 6.75714E-2 7.43755E-2
5.38868E-1 5.99557E-1 5.54731E-1 4.18694E-1 4.04494E-1 3.7975E-1 4.9437E-1 4.03227E-1 3.77042E-1 3.46808E-1 3.28335E-1 3.08741E-1 3.04549E-1 3.15121E-1 3.02184E-1 3.1206E-1 1.18996E-1 1.1483E-1 1.28804E-1 1.1389E-1 2.76722E-1 3.14516E-1 1.45185E-1 1.17084E-1 1.32387E-1 1.01202E-1 8.96117E-2 9.54673E-2 1.21057E-1 2.98496E-1 1.37985E-1 1.31482E-1 3.01432E-1 9.89518E-2 3.31578E-1 3.45954E-1 3.62119E-1 1.26015E-1 9.81245E-2 9.10976E-2 9.90106E-2 8.05091E-2 7.70675E-2 9.479E-2 8.82229E-2 7.19987E-2 7.24305E-2 6.9565E-2 7.49057E-2 8.05131E-2 8.52725E-2 9.55717E-2 8.33383E-2 7.64477E-2 8.30465E-2 7.37296E-2 7.22579E-2 8.85409E-2 7.21793E-2 6.73454E-2 6.84063E-2
5.24349E-1 6.134E-1 5.18809E-1 4.29498E-1 3.71573E-1 4.22879E-1 4.54276E-1 4.05082E-1 4.1156E-1 3.43634E-1 3.13075E-1 3.25676E-1 2.91208E-1 3.35559E-1 3.16166E-1 2.84938E-1 1.22927E-1 2.97192E-1 3.02268E-1 1.27047E-1 3.00487E-1 3.13496E-1 3.36924E-1 1.26188E-1 1.20656E-1 8.97717E-2 9.96198E-2 9.49761E-2 1.19197E-1 1.25423E-1 2.80127E-1 2.84047E-1 3.22295E-1 1.09573E-1 1.24017E-1 3.22832E-1 3.4911E-1 9.74056E-2 9.72134E-2 1.01732E-1 1.02391E-1 8.55853E-2 7.73292E-2 7.41634E-2 7.64395E-2 8.00263E-2 7.28654E-2 7.61552E-2 7.6682E-2 7.71429E-2 8.18896E-2 8.73008E-2 8.97997E-2 9.57775E-2 8.65888E-2 8.03546E-2 7.72715E-2 7.53849E-2 7.79005E-2 7.62684E-2 7.22014E-2
5.18645E-1 5.944E-1 5.28316E-1 4.49572E-1 3.8113E-1 3.93652E-1 4.04915E-1 3.88884E-1 4.11834E-1 3.39145E-1 3.51745E-1 3.36896E-1 3.02722E-1 2.95844E-1 2.86112E-1 2.78546E-1 3.07904E-1 3.2429E-1 3.06166E-1 1.16754E-1 3.27624E-1 3.65505E-1 1.4858E-1 1.15557E-1 9.31351E-2 8.78844E-2 1.13817E-1 1.27808E-1 1.01416E-1 1.02223E-1 1.20166E-1 1.28437E-1 2.95212E-1 3.10744E-1 1.24262E-1 1.35326E-1 1.24085E-1 9.88839E-2 9.48351E-2 1.0885E-1 8.99659E-2 7.94804E-2 7.93661E-2 7.46134E-2 7.79998E-2 7.81782E-2 7.21062E-2 7.12536E-2 8.44091E-2 7.42165E-2 7.80252E-2 8.65521E-2 9.09708E-2 8.62001E-2 8.25684E-2 8.52307E-2 7.67992E-2 7.30087E-2 7.45223E-2 7.62511E-2 7.50843E-2
5.0863E-1 5.25055E-1 5.0516E-1 4.56637E-1 4.47863E-1 3.84375E-1 3.73101E-1 3.61242E-1 4.1385E-1 3.56078E-1 3.70202E-1 3.35338E-1 3.4381E-1 3.22974E-1 2.51181E-1 2.97601E-1 3.34193E-1 3.39507E-1 1.41951E-1 1.19403E-1 1.30342E-1 3.72011E-1 3.57914E-1 1.23581E-1 9.45873E-2 8.63985E-2 1.11824E-1 1.20591E-1 1.26227E-1 1.194E-1 1.15959E-1 1.17487E-1 1.26712E-1 2.84936E-1 1.2001E-1 1.26991E-1 1.40386E-1 1.05161E-1 1.0061E-1 8.63781E-2 7.99863E-2 8.00564E-2 7.54716E-2 7.80174E-2 7.90106E-2 7.73896E-2 7.71018E-2 6.97848E-2 7.93941E-2 8.28402E-2 8.79768E-2 8.06665E-2 8.4224E-2 7.99753E-2 7.33077E-2 8.19054E-2 7.15653E-2 7.51986E-2 7.69112E-2 7.4164E-2 1.74999E-1
4.6513E-1 5.08056E-1 4.70769E-1 4.53336E-1 4.05793E-1 3.75512E-1 4.48352E-1 4.37481E-1 3.76159E-1 3.7556E-1 3.99939E-1 3.65861E-1 3.53583E-1 2.96418E-1 2.37996E-1 3.16046E-1 3.6379E-1 3.76959E-1 1.33008E-1 1.34987E-1 1.28874E-1 3.16624E-1 3.63031E-1 1.64107E-1 9.73453E-2 8.4948E-2 1.13486E-1 1.13937E-1 1.24286E-1 1.22643E-1 1.19234E-1 1.24551E-1 1.28376E-1 1.40859E-1 9.76327E-2 9.80683E-2 1.05887E-1 1.03973E-1 9.23771E-2 8.48405E-2 8.53148E-2 7.47829E-2 6.80067E-2 7.5037E-2 7.99847E-2 8.09594E-2 7.71169E-2 7.05191E-2 7.3637E-2 8.26191E-2 7.96944E-2 9.17006E-2 7.82558E-2 6.78572E-2 7.14993E-2 7.20488E-2 8.84197E-2 8.84885E-2 8.12288E-2 6.89689E-2 7.93239E-2
4.65709E-1 4.34662E-1 4.20827E-1 4.27727E-1 3.96627E-1 3.83193E-1 4.52729E-1 4.44689E-1 3.58602E-1 3.85803E-1 4.31506E-1 4.12945E-1 2.9032E-1 2.5165E-1 2.66739E-1 3.04622E-1 3.73204E-1 4.04619E-1 3.49131E-1 1.26117E-1 1.29178E-1 3.01053E-1 3.30884E-1 1.49765E-1 9.3E-2 8.52368E-2 1.12409E-1 1.19922E-1 1.18429E-1 1.1901E-1 1.17991E-1 1.26535E-1 1.34791E-1 1.38221E-1 8.95917E-2 8.98811E-2 9.40725E-2 9.68141E-2 8.70086E-2 7.90687E-2 7.76584E-2 8.61804E-2 7.81066E-2 7.7637E-2 7.84383E-2 7.88487E-2 7.05123E-2 6.46192E-2 7.23848E-2 8.21228E-2 8.01844E-2 9.2171E-2 8.23188E-2 6.62256E-2 8.64086E-2 8.44199E-2 9.20242E-2 8.06191E-2 7.88055E-2 7.80988E-2 7.40709E-2
4.38421E-1 4.02008E-1 4.51012E-1 3.84411E-1 3.76302E-1 4.27137E-1 4.4693E-1 4.34395E-1 3.85919E-1 4.38865E-1 4.39406E-1 4.34286E-1 2.72583E-1 2.57194E-1 2.39598E-1 2.89645E-1 3.49617E-1 3.8042E-1 3.26105E-1 3.29724E-1 3.30717E-1 3.28008E-1 1.4146E-1 1.21545E-1 1.16335E-1 9.2301E-2 1.15758E-1 1.1763E-1 1.17165E-1 1.20661E-1 1.18774E-1 1.24197E-1 1.35646E-1 1.02566E-1 9.3853E-2 8.54014E-2 8.32925E-2 8.16163E-2 7.76993E-2 7.89689E-2 8.58998E-2 7.90299E-2 7.39362E-2 6.96368E-2 7.78047E-2 7.2268E-2 7.00301E-2 6.30651E-2 6.5522E-2 7.2962E-2 8.52374E-2 9.04602E-2 7.43179E-2 7.23236E-2 8.9132E-2 8.80998E-2 8.90123E-2 8.34557E-2 8.10951E-2 8.09402E-2 7.89244E-2
3.87978E-1 4.54276E-1 4.00098E-1 3.65839E-1 3.86972E-1 4.28506E-1 4.26456E-1 4.2157E-1 3.70862E-1 4.28128E-1 4.95367E-1 3.95768E-1 2.83762E-1 2.74171E-1 2.47903E-1 2.80605E-1 3.20318E-1 3.00143E-1 3.32175E-1 3.33464E-1 3.37318E-1 3.7221E-1 1.53106E-1 1.1641E-1 9.78016E-2 1.15542E-1 1.22982E-1 1.10911E-1 1.16709E-1 1.15059E-1 1.1927E-1 1.3677E-1 1.08894E-1 9.01595E-2 8.76758E-2 8.02849E-2 7.92411E-2 7.73229E-2 8.00873E-2 1.03691E-1 1.09108E-1 8.541E-2 7.26552E-2 7.06446E-2 7.84346E-2 6.91056E-2 6.96222E-2 6.53135E-2 7.72426E-2 7.50979E-2 8.22931E-2 9.40209E-2 7.47174E-2 7.99682E-2 9.21094E-2 8.9129E-2 8.55857E-2 7.74678E-2 8.12245E-2 7.91464E-2 7.94042E-2
4.00121E-1 4.3141E-1 3.74896E-1 3.46682E-1 4.2573E-1 4.26959E-1 4.09064E-1 4.31942E-1 3.71639E-1 4.23876E-1 4.15436E-1 3.40181E-1 3.16878E-1 2.86241E-1 3.01339E-1 1.23046E-1 2.73538E-1 2.86325E-1 3.39235E-1 3.12379E-1 3.49944E-1 3.47965E-1 3.53497E-1 1.2072E-1 8.75555E-2 1.20804E-1 1.37207E-1 1.14371E-1 1.07387E-1 1.11931E-1 1.1889E-1 1.32988E-1 9.65592E-2 8.43471E-2 8.15166E-2 7.79117E-2 7.02676E-2 7.36156E-2 7.99781E-2 9.08974E-2 1.0947E-1 8.45701E-2 7.53904E-2 7.30912E-2 7.21859E-2 7.18468E-2 6.65995E-2 6.76364E-2 8.44595E-2 7.6826E-2 8.65863E-2 8.52089E-2 7.42018E-2 7.86652E-2 1.0162E-1 8.63252E-2 9.48752E-2 8.04783E-2 8.032E-2 8.05244E-2 7.9687E-2
