Artocarpus heterophyllus SDM files/MIS19/results (without bias file)/Arthet_7.asc
ncols         625
nrows         721
xllcorner     69.99986311115
yllcorner     5.99986187915
cellsize      0.041666667
NODATA_value  -9999
[rows 432 to 458 of 721, columns 61 to 121 of 625]
-9999 -9999 -9999 -9999 -9999 -9999 -9999 -9999 -9999 -9999 -9999 7.92041E-1 8.46262E-1 8.35704E-1 8.11473E-1 7.03858E-1 7.93744E-1 7.98748E-1 8.9488E-1 8.06988E-1 9.41005E-1 9.9402E-1 9.06327E-1 9.83493E-1 9.40567E-1 9.21273E-1 8.65658E-1 6.72176E-1 5.19093E-1 4.26833E-1 4.16624E-1 4.26021E-1 4.07453E-1 3.97246E-1 3.12045E-1 3.08709E-1 2.46759E-1 1.85118E-1 1.29713E-1 9.98735E-2 8.32155E-2 7.70507E-2 6.77738E-2 5.99934E-2 5.27695E-2 4.50933E-2 4.40653E-2 5.08137E-2 3.87025E-2 3.84324E-2 4.06371E-2 1.55946E-2 1.69043E-2 1.59781E-2 1.68716E-2 4.28326E-2 4.81684E-2 4.85012E-2 2.01882E-2 2.04136E-2 1.91002E-2
-9999 -9999 -9999 -9999 -9999 -9999 -9999 -9999 -9999 -9999 -9999 8.25046E-1 8.21451E-1 8.00491E-1 6.84644E-1 8.38111E-1 7.9259E-1 7.90389E-1 9.71444E-1 9.53393E-1 9.30125E-1 9.91537E-1 8.97909E-1 9.28477E-1 9.14671E-1 9.1774E-1 8.64485E-1 6.67777E-1 5.65488E-1 4.29348E-1 3.65373E-1 3.49645E-1 3.03529E-1 3.4927E-1 2.42652E-1 3.32221E-1 3.06628E-1 2.21938E-1 1.35821E-1 1.11977E-1 8.92633E-2 8.75693E-2 7.2827E-2 5.91993E-2 5.33328E-2 4.85893E-2 5.01861E-2 5.00906E-2 4.40599E-2 4.52361E-2 4.44105E-2 1.66873E-2 1.87385E-2 1.74794E-2 1.98927E-2 1.59583E-2 4.37392E-2 5.12752E-2 2.07537E-2 1.71039E-2 4.77234E-2
-9999 -9999 -9999 -9999 -9999 -9999 -9999 -9999 -9999 -9999 -9999 8.00578E-1 8.49802E-1 8.12972E-1 8.14355E-1 8.32131E-1 8.50306E-1 9.37834E-1 8.70355E-1 9.57433E-1 9.59778E-1 9.94522E-1 9.52117E-1 9.38716E-1 9.5687E-1 8.93103E-1 8.90023E-1 7.07923E-1 5.13519E-1 4.81948E-1 5.44712E-1 4.362E-1 2.92161E-1 2.55668E-1 2.86251E-1 3.94824E-1 2.6053E-1 2.41489E-1 1.70752E-1 1.20061E-1 9.426E-2 9.48698E-2 7.63459E-2 6.1904E-2 5.42469E-2 5.6387E-2 5.31411E-2 5.67394E-2 5.21304E-2 4.71706E-2 1.97761E-2 1.71138E-2 1.93614E-2 1.8187E-2 1.68562E-2 1.65928E-2 1.82401E-2 1.94016E-2 4.94439E-2 2.12273E-2 2.02737E-2
-9999 -9999 -9999 -9999 -9999 -9999 -9999 -9999 -9999 -9999 -9999 -9999 7.98035E-1 7.2444E-1 8.34723E-1 7.94206E-1 7.91985E-1 7.80503E-1 9.03014E-1 9.76357E-1 9.82103E-1 9.72732E-1 9.11213E-1 9.5047E-1 9.39917E-1 8.21747E-1 8.62136E-1 7.73967E-1 6.22383E-1 5.61251E-1 4.29567E-1 4.39907E-1 3.78469E-1 2.61942E-1 2.48224E-1 3.09219E-1 3.10505E-1 1.90818E-1 1.84841E-1 1.92205E-1 1.4316E-1 1.33786E-1 7.85939E-2 5.69819E-2 5.53943E-2 6.13883E-2 6.96893E-2 8.72503E-2 5.34032E-2 1.80792E-2 1.95889E-2 1.89206E-2 1.91574E-2 1.83342E-2 1.83543E-2 1.86303E-2 4.99839E-2 5.37468E-2 2.04947E-2 1.92557E-2 2.1341E-2
-9999 -9999 -9999 -9999 -9999 -9999 -9999 -9999 -9999 -9999 -9999 -9999 8.22488E-1 8.46054E-1 7.23981E-1 8.3523E-1 7.88866E-1 9.27106E-1 9.70435E-1 9.63128E-1 9.86181E-1 9.87964E-1 9.78267E-1 9.52721E-1 9.51019E-1 9.3931E-1 8.12418E-1 7.34623E-1 6.5646E-1 4.93089E-1 5.07414E-1 4.36349E-1 3.73758E-1 2.80572E-1 2.48336E-1 3.05501E-1 3.34212E-1 1.68213E-1 1.84809E-1 2.15603E-1 1.29836E-1 1.97315E-1 1.25545E-1 5.9692E-2 6.58133E-2 1.03635E-1 8.37479E-2 8.02144E-2 5.08767E-2 5.263E-2 6.62399E-2 2.42093E-2 1.74087E-2 1.80687E-2 1.83152E-2 1.79532E-2 5.43489E-2 5.58951E-2 2.2315E-2 2.10678E-2 2.35646E-2
-9999 -9999 -9999 -9999 -9999 -9999 -9999 -9999 -9999 -9999 -9999 -9999 -9999 8.48689E-1 7.95918E-1 7.68222E-1 7.98256E-1 9.20522E-1 9.29947E-1 9.65576E-1 9.74453E-1 9.91181E-1 9.65968E-1 9.79331E-1 8.92509E-1 9.42303E-1 7.99281E-1 7.44884E-1 5.39917E-1 5.65624E-1 4.23938E-1 4.73695E-1 4.39757E-1 3.16767E-1 2.33744E-1 2.39769E-1 2.6192E-1 2.04435E-1 2.22436E-1 1.28724E-1 1.82674E-1 1.53414E-1 1.34452E-1 1.28238E-1 1.09229E-1 9.52705E-2 7.71093E-2 5.55903E-2 4.90537E-2 4.92853E-2 6.54558E-2 6.4447E-2 2.00911E-2 1.91716E-2 1.90007E-2 1.74956E-2 5.77355E-2 5.66777E-2 2.3319E-2 2.44414E-2 2.24494E-2
-9999 -9999 -9999 -9999 -9999 -9999 -9999 -9999 -9999 -9999 -9999 -9999 -9999 8.11032E-1 7.48944E-1 7.78389E-1 7.92495E-1 9.30893E-1 8.53758E-1 9.01076E-1 9.76016E-1 9.87704E-1 9.80262E-1 9.76045E-1 9.61517E-1 9.54319E-1 8.35903E-1 6.95653E-1 4.92343E-1 5.78853E-1 4.75985E-1 3.74485E-1 4.16193E-1 4.00094E-1 3.3513E-1 2.28211E-1 2.13171E-1 2.27602E-1 1.7468E-1 1.58516E-1 1.67404E-1 1.8251E-1 1.04045E-1 1.26231E-1 1.55263E-1 6.82667E-2 5.51825E-2 5.22192E-2 5.23213E-2 3.97445E-2 5.63142E-2 6.43871E-2 7.79677E-2 6.75249E-2 1.99885E-2 1.98872E-2 2.73913E-2 2.10583E-2 1.96817E-2 1.9889E-2 2.10025E-2
-9999 -9999 -9999 -9999 -9999 -9999 -9999 -9999 -9999 -9999 -9999 -9999 -9999 7.9375E-1 7.40212E-1 7.18431E-1 7.40077E-1 9.54216E-1 8.45845E-1 8.56863E-1 9.40307E-1 9.87104E-1 9.77699E-1 9.71704E-1 9.508E-1 9.58281E-1 8.55713E-1 7.61352E-1 6.0868E-1 5.8932E-1 6.0713E-1 5.02645E-1 3.85465E-1 2.99438E-1 2.59027E-1 2.4009E-1 2.0596E-1 3.01924E-1 1.64343E-1 1.70681E-1 1.73374E-1 2.03965E-1 1.09654E-1 1.27617E-1 1.20343E-1 1.02026E-1 7.09087E-2 4.90857E-2 5.66547E-2 4.874E-2 4.43272E-2 4.76154E-2 5.47427E-2 7.43069E-2 2.36161E-2 7.16971E-2 2.2882E-2 2.05221E-2 2.04846E-2 1.97232E-2 2.07302E-2
-9999 -9999 -9999 -9999 -9999 -9999 -9999 -9999 -9999 -9999 -9999 -9999 -9999 8.30807E-1 7.16955E-1 7.45531E-1 7.77041E-1 9.58135E-1 9.13628E-1 8.06746E-1 9.74593E-1 9.74198E-1 9.17104E-1 9.08919E-1 9.51913E-1 9.69894E-1 9.02698E-1 8.9052E-1 6.33258E-1 5.9309E-1 5.66509E-1 3.76045E-1 3.43763E-1 4.09755E-1 3.8348E-1 2.84846E-1 2.01588E-1 2.38499E-1 1.74999E-1 1.92049E-1 1.86529E-1 2.42376E-1 1.22562E-1 9.92224E-2 8.60924E-2 1.01401E-1 9.33155E-2 5.79099E-2 4.95993E-2 5.39857E-2 1.92797E-2 4.73439E-2 4.45861E-2 5.33695E-2 5.87657E-2 6.11978E-2 2.73489E-2 2.05221E-2 2.01312E-2 2.16162E-2 2.32058E-2
-9999 -9999 -9999 -9999 -9999 -9999 -9999 -9999 -9999 -9999 -9999 -9999 -9999 8.04569E-1 7.27475E-1 7.51598E-1 7.86352E-1 9.64614E-1 9.50913E-1 9.13038E-1 9.66375E-1 9.92754E-1 9.41818E-1 9.77405E-1 9.50052E-1 9.30707E-1 8.83483E-1 8.88508E-1 7.75802E-1 6.49337E-1 6.24581E-1 5.05045E-1 3.88436E-1 2.97644E-1 2.59602E-1 3.2549E-1 2.65767E-1 2.1775E-1 1.77788E-1 1.84623E-1 2.12532E-1 2.5378E-1 1.78108E-1 9.36347E-2 7.42444E-2 8.74289E-2 9.64513E-2 8.80698E-2 5.84227E-2 5.46994E-2 5.62323E-2 5.54553E-2 2.168E-2 2.04E-2 5.16296E-2 5.45387E-2 7.50307E-2 2.39115E-2 2.44624E-2 2.29802E-2 2.13502E-2
-9999 -9999 -9999 -9999 -9999 -9999 -9999 -9999 -9999 -9999 -9999 -9999 -9999 -9999 7.03413E-1 8.3439E-1 6.88994E-1 9.77331E-1 9.7049E-1 9.13168E-1 9.6101E-1 9.78814E-1 9.81071E-1 9.37103E-1 9.60678E-1 8.71404E-1 9.18161E-1 9.14368E-1 7.96503E-1 6.91831E-1 6.39338E-1 4.94658E-1 4.72308E-1 3.91075E-1 3.01879E-1 2.21273E-1 3.09396E-1 2.6783E-1 1.71851E-1 1.98507E-1 2.22768E-1 2.2438E-1 2.1413E-1 1.34069E-1 8.6495E-2 7.54782E-2 8.39231E-2 8.87922E-2 1.04837E-1 6.91136E-2 7.60591E-2 2.47969E-2 2.44071E-2 2.25412E-2 2.20723E-2 2.08946E-2 5.80758E-2 7.3332E-2 2.62715E-2 2.29802E-2 2.11086E-2
-9999 -9999 -9999 -9999 -9999 -9999 -9999 -9999 -9999 -9999 -9999 -9999 -9999 -9999 8.11967E-1 6.81647E-1 9.61612E-1 9.78964E-1 9.21488E-1 9.66869E-1 9.87672E-1 9.61333E-1 9.26251E-1 9.73937E-1 9.04695E-1 9.49244E-1 8.92769E-1 9.10131E-1 8.58744E-1 6.55872E-1 6.35683E-1 4.74307E-1 3.82771E-1 4.15461E-1 3.37432E-1 2.51342E-1 2.06987E-1 2.86006E-1 1.80339E-1 2.20352E-1 2.29605E-1 2.28841E-1 2.42143E-1 1.98412E-1 1.16792E-1 7.82425E-2 6.72074E-2 7.97831E-2 1.02338E-1 1.18613E-1 8.62617E-2 2.89704E-2 2.42529E-2 2.52493E-2 2.61811E-2 2.40556E-2 2.08934E-2 5.64774E-2 6.77817E-2 2.53124E-2 2.34431E-2
-9999 -9999 -9999 -9999 -9999 -9999 -9999 -9999 -9999 -9999 -9999 -9999 -9999 -9999 8.11034E-1 7.08435E-1 9.81835E-1 9.71265E-1 9.38575E-1 9.53189E-1 9.15346E-1 9.77403E-1 9.35355E-1 9.24871E-1 8.30111E-1 9.23287E-1 8.69247E-1 8.45656E-1 8.02255E-1 5.4186E-1 6.23116E-1 5.53089E-1 3.94575E-1 2.72677E-1 2.84616E-1 2.47969E-1 2.43288E-1 1.9429E-1 1.97643E-1 2.37537E-1 2.53818E-1 2.27035E-1 2.0223E-1 1.61068E-1 1.31722E-1 8.58756E-2 6.83706E-2 9.06535E-2 1.05204E-1 1.15146E-1 1.10843E-1 9.95443E-2 3.01417E-2 2.74839E-2 2.44142E-2 2.42972E-2 2.23502E-2 2.11823E-2 6.52341E-2 6.95298E-2 2.71407E-2
-9999 -9999 -9999 -9999 -9999 -9999 -9999 -9999 -9999 -9999 -9999 -9999 -9999 -9999 -9999 9.84076E-1 9.52301E-1 9.65903E-1 9.47802E-1 9.27281E-1 9.76913E-1 9.08186E-1 9.73824E-1 9.57295E-1 8.15281E-1 7.86136E-1 9.34112E-1 9.13522E-1 8.09071E-1 5.43639E-1 6.24343E-1 4.72094E-1 4.75643E-1 3.9941E-1 3.25863E-1 2.72889E-1 2.39085E-1 1.98562E-1 2.44093E-1 2.54248E-1 2.6313E-1 2.57625E-1 1.5644E-1 1.3951E-1 1.5804E-1 1.00418E-1 7.4357E-2 8.97719E-2 1.03487E-1 9.25456E-2 1.06053E-1 1.08152E-1 6.96721E-2 2.82225E-2 2.51368E-2 2.54395E-2 2.38119E-2 2.31961E-2 2.30078E-2 6.83159E-2 6.41576E-2
-9999 -9999 -9999 -9999 -9999 -9999 -9999 -9999 -9999 -9999 -9999 -9999 -9999 -9999 -9999 8.03068E-1 9.88691E-1 9.69117E-1 9.49871E-1 9.59472E-1 9.85256E-1 9.33167E-1 9.22098E-1 9.8408E-1 9.72575E-1 8.76246E-1 7.88726E-1 9.05695E-1 7.54718E-1 5.94063E-1 6.78228E-1 5.14894E-1 3.68102E-1 4.41466E-1 3.55081E-1 3.31835E-1 2.34373E-1 1.89896E-1 2.37169E-1 2.54627E-1 2.52861E-1 2.81074E-1 1.52017E-1 1.32322E-1 1.67661E-1 1.08133E-1 7.61189E-2 8.7774E-2 1.00299E-1 1.05602E-1 1.10519E-1 1.24502E-1 6.95979E-2 2.83996E-2 2.72469E-2 2.80801E-2 2.48799E-2 2.30532E-2 2.16881E-2 6.44707E-2 5.99341E-2
-9999 -9999 -9999 -9999 -9999 -9999 -9999 -9999 -9999 -9999 -9999 -9999 -9999 -9999 -9999 7.73742E-1 9.85392E-1 9.75835E-1 9.6156E-1 9.50111E-1 9.79672E-1 9.52355E-1 9.02793E-1 9.14875E-1 9.61338E-1 9.86669E-1 9.27442E-1 9.00156E-1 7.36345E-1 6.39808E-1 6.49356E-1 6.06205E-1 3.65492E-1 4.41637E-1 3.84991E-1 2.79856E-1 2.56777E-1 1.99937E-1 2.1757E-1 2.43037E-1 2.66942E-1 2.63282E-1 1.65464E-1 1.32692E-1 1.78777E-1 1.11804E-1 8.49734E-2 1.07899E-1 1.13405E-1 1.23253E-1 1.30853E-1 1.23525E-1 2.9502E-2 2.85743E-2 2.90869E-2 2.85989E-2 2.67203E-2 2.62959E-2 2.41681E-2 2.37122E-2 2.46334E-2
-9999 -9999 -9999 -9999 -9999 -9999 -9999 -9999 -9999 -9999 -9999 -9999 -9999 -9999 -9999 -9999 9.83245E-1 9.32073E-1 9.48115E-1 8.71058E-1 9.88623E-1 9.70116E-1 9.27606E-1 9.16356E-1 9.56744E-1 9.82422E-1 9.74882E-1 9.37669E-1 7.29134E-1 6.56956E-1 4.83769E-1 4.51216E-1 3.91963E-1 3.28638E-1 3.9948E-1 2.65062E-1 2.41039E-1 2.83015E-1 1.87215E-1 2.41055E-1 2.32972E-1 2.87106E-1 1.80893E-1 1.41445E-1 1.67004E-1 1.12151E-1 9.58255E-2 1.16931E-1 1.1829E-1 1.15307E-1 1.20168E-1 1.3939E-1 1.00147E-1 2.93397E-2 3.29332E-2 2.74544E-2 2.91417E-2 2.83575E-2 2.55908E-2 2.49291E-2 2.58548E-2
-9999 -9999 -9999 -9999 -9999 -9999 -9999 -9999 -9999 -9999 -9999 -9999 -9999 -9999 -9999 9.71681E-1 9.82946E-1 9.86143E-1 9.2242E-1 9.07057E-1 9.92334E-1 9.88918E-1 8.69293E-1 9.16533E-1 9.3562E-1 8.91262E-1 9.70217E-1 9.40002E-1 8.38863E-1 7.28782E-1 5.98042E-1 4.23885E-1 4.06803E-1 3.62234E-1 3.47817E-1 2.72491E-1 2.4173E-1 2.50783E-1 2.30698E-1 2.01624E-1 2.42413E-1 2.97537E-1 2.17029E-1 1.58671E-1 1.37107E-1 1.09742E-1 1.29553E-1 1.47778E-1 1.49208E-1 1.34833E-1 1.40028E-1 1.53715E-1 1.28495E-1 3.17155E-2 2.9024E-2 2.73151E-2 2.65911E-2 2.78801E-2 2.79477E-2 2.65914E-2 6.69131E-2
-9999 -9999 -9999 -9999 -9999 -9999 -9999 -9999 -9999 -9999 -9999 -9999 -9999 -9999 -9999 9.73818E-1 9.7429E-1 9.81478E-1 9.69673E-1 9.54339E-1 9.87376E-1 9.91606E-1 9.60188E-1 9.6989E-1 9.12028E-1 9.44106E-1 9.33917E-1 9.58445E-1 8.9834E-1 7.64804E-1 5.76523E-1 4.81422E-1 3.84212E-1 3.70659E-1 3.72536E-1 3.51826E-1 2.82132E-1 2.26311E-1 2.31251E-1 2.15951E-1 2.06893E-1 3.06297E-1 2.96195E-1 1.98494E-1 1.18522E-1 1.21853E-1 1.64906E-1 1.41401E-1 1.58893E-1 1.59582E-1 1.65633E-1 1.59408E-1 9.38593E-2 3.26926E-2 2.95039E-2 2.8202E-2 2.80345E-2 2.71753E-2 2.81759E-2 2.59249E-2 7.54058E-2
-9999 -9999 -9999 -9999 -9999 -9999 -9999 -9999 -9999 -9999 -9999 -9999 -9999 -9999 -9999 -9999 9.74123E-1 9.7977E-1 9.59004E-1 8.95405E-1 9.88566E-1 9.6356E-1 9.94736E-1 9.90031E-1 8.9835E-1 9.2511E-1 9.58687E-1 9.6377E-1 8.96088E-1 8.63349E-1 7.9396E-1 5.83816E-1 4.44751E-1 3.82755E-1 3.44515E-1 3.30849E-1 3.45121E-1 3.24984E-1 2.96151E-1 1.92039E-1 2.21044E-1 2.96004E-1 2.96678E-1 2.15281E-1 1.39874E-1 1.20569E-1 1.52005E-1 1.47641E-1 1.2799E-1 1.3426E-1 1.46235E-1 1.39118E-1 1.09872E-1 8.42714E-2 1.25774E-1 1.04278E-1 3.70212E-2 3.03283E-2 2.66552E-2 2.70281E-2 7.29102E-2
-9999 -9999 -9999 -9999 -9999 -9999 -9999 -9999 -9999 -9999 -9999 -9999 -9999 -9999 -9999 -9999 9.76671E-1 9.81558E-1 9.15073E-1 9.45015E-1 9.88767E-1 9.56239E-1 9.73899E-1 9.79212E-1 9.52801E-1 8.95975E-1 9.60971E-1 9.67272E-1 9.12833E-1 7.6012E-1 7.00363E-1 7.29214E-1 5.26316E-1 3.96649E-1 3.95333E-1 4.10513E-1 3.45678E-1 2.81237E-1 2.50278E-1 2.1006E-1 2.06387E-1 2.77471E-1 3.01236E-1 2.19152E-1 1.69233E-1 1.32246E-1 1.32618E-1 1.31582E-1 1.16545E-1 1.29938E-1 1.45559E-1 1.01608E-1 1.35274E-1 7.39744E-2 1.15081E-1 1.35325E-1 3.57959E-2 8.46768E-2 3.14924E-2 2.81123E-2 3.18272E-2
-9999 -9999 -9999 -9999 -9999 -9999 -9999 -9999 -9999 -9999 -9999 -9999 -9999 -9999 -9999 -9999 -9999 9.73805E-1 9.74157E-1 9.20466E-1 9.95855E-1 9.9646E-1 9.03104E-1 9.92879E-1 9.57488E-1 9.06214E-1 9.7383E-1 9.49849E-1 9.46278E-1 8.51618E-1 5.84512E-1 4.75705E-1 5.91559E-1 4.88012E-1 4.34934E-1 3.68348E-1 3.28492E-1 3.2624E-1 3.09687E-1 2.25695E-1 2.13953E-1 2.17793E-1 2.04811E-1 2.4588E-1 2.19611E-1 1.68321E-1 1.33052E-1 1.17814E-1 1.2313E-1 1.26856E-1 1.28113E-1 1.11449E-1 1.26352E-1 8.44022E-2 1.32404E-1 1.44996E-1 9.10588E-2 2.87472E-2 3.28345E-2 3.05257E-2 2.98338E-2
-9999 -9999 -9999 -9999 -9999 -9999 -9999 -9999 -9999 -9999 -9999 -9999 -9999 -9999 -9999 -9999 -9999 9.80984E-1 9.76391E-1 9.81074E-1 9.96664E-1 9.71358E-1 9.91564E-1 9.96392E-1 9.67219E-1 8.78927E-1 9.5977E-1 9.50551E-1 9.36496E-1 9.27215E-1 8.10999E-1 5.57576E-1 4.49103E-1 4.40899E-1 4.44603E-1 3.6594E-1 4.27273E-1 3.59695E-1 2.94912E-1 2.83783E-1 2.40599E-1 2.2269E-1 2.10775E-1 1.83299E-1 1.99217E-1 1.8787E-1 1.83577E-1 1.38084E-1 1.1769E-1 1.45266E-1 1.43053E-1 1.06004E-1 1.20367E-1 1.04551E-1 1.30014E-1 1.20679E-1 9.78671E-2 3.14179E-2 3.27838E-2 8.72215E-2 3.28985E-2
-9999 -9999 -9999 -9999 -9999 -9999 -9999 -9999 -9999 -9999 -9999 -9999 -9999 -9999 -9999 -9999 -9999 9.7169E-1 9.62663E-1 9.77278E-1 9.81938E-1 9.91234E-1 9.96184E-1 9.80943E-1 9.93817E-1 9.48257E-1 9.44315E-1 9.25284E-1 9.55689E-1 9.35216E-1 9.0295E-1 8.40384E-1 5.833E-1 3.63805E-1 3.86447E-1 4.05721E-1 3.84491E-1 4.14109E-1 3.48322E-1 3.09875E-1 2.5089E-1 2.64516E-1 2.23117E-1 2.0443E-1 1.97002E-1 1.74682E-1 1.62843E-1 1.71851E-1 1.35248E-1 1.53552E-1 1.30739E-1 1.40933E-1 1.57056E-1 1.02415E-1 1.13244E-1 8.61174E-2 1.03256E-1 8.89556E-2 3.05603E-2 7.63913E-2 8.85916E-2
-9999 -9999 -9999 -9999 -9999 -9999 -9999 -9999 -9999 -9999 -9999 -9999 -9999 -9999 -9999 -9999 -9999 9.78883E-1 9.62234E-1 9.68869E-1 9.97866E-1 9.93971E-1 9.86824E-1 9.6881E-1 9.69883E-1 9.29516E-1 9.43566E-1 9.63216E-1 9.00497E-1 8.14316E-1 8.61186E-1 7.7834E-1 6.56797E-1 5.22103E-1 3.75842E-1 4.13249E-1 4.0859E-1 3.20839E-1 3.86627E-1 3.22823E-1 3.29091E-1 2.67897E-1 2.32722E-1 2.13979E-1 1.98889E-1 1.95724E-1 1.68468E-1 1.90828E-1 1.44708E-1 1.51063E-1 1.57362E-1 1.4471E-1 1.49837E-1 1.30725E-1 8.82552E-2 8.39457E-2 9.63403E-2 8.92185E-2 8.67886E-2 3.13124E-2 8.76497E-2
-9999 -9999 -9999 -9999 -9999 -9999 -9999 -9999 -9999 -9999 -9999 -9999 -9999 -9999 -9999 -9999 -9999 9.78266E-1 9.70252E-1 9.5992E-1 9.95954E-1 9.97475E-1 9.9565E-1 9.92696E-1 9.94484E-1 9.69787E-1 9.63969E-1 9.66721E-1 9.30021E-1 9.47856E-1 8.52783E-1 7.20021E-1 5.54823E-1 6.23749E-1 4.81855E-1 3.65813E-1 4.46831E-1 3.22062E-1 3.28322E-1 3.40412E-1 3.05441E-1 2.85451E-1 2.67512E-1 2.33388E-1 2.18694E-1 1.9306E-1 1.72598E-1 1.71324E-1 1.57027E-1 1.50936E-1 1.53421E-1 1.45709E-1 1.78413E-1 1.53608E-1 9.87921E-2 3.66788E-2 3.33295E-2 8.04594E-2 9.16971E-2 3.3566E-2 9.36791E-2
-9999 -9999 -9999 -9999 -9999 -9999 -9999 -9999 -9999 -9999 -9999 -9999 -9999 -9999 -9999 -9999 -9999 9.78795E-1 9.62976E-1 9.51277E-1 9.91547E-1 9.94409E-1 9.86362E-1 9.55588E-1 9.63918E-1 9.39438E-1 9.80816E-1 9.7902E-1 9.33507E-1 8.45129E-1 9.32762E-1 6.78069E-1 5.51058E-1 4.7295E-1 5.1114E-1 3.86426E-1 3.84966E-1 3.61355E-1 3.39661E-1 3.09402E-1 2.55346E-1 2.43112E-1 3.10423E-1 2.80953E-1 2.22897E-1 1.99746E-1 1.77467E-1 1.67654E-1 1.59438E-1 1.59372E-1 1.59865E-1 1.61977E-1 1.90413E-1 1.75151E-1 1.38465E-1 4.02847E-2 3.53199E-2 3.0815E-2 3.52075E-2 3.31709E-2 9.23804E-2
