Artocarpus heterophyllus SDM files/MIS19/results (without bias file)/Arthet_min.asc
ncols         625
nrows         721
xllcorner     69.99986311115
yllcorner     5.99986187915
cellsize      0.041666667
NODATA_value  -9999
[rows 270 to 296 of 721, columns 122 to 182 of 625]
6.71262E-2 6.78461E-2 6.94861E-2 7.13577E-2 7.56131E-2 8.09948E-2 7.60266E-2 7.82373E-2 6.65267E-2 6.60761E-2 6.63065E-2 7.2444E-2 7.27249E-2 7.7532E-2 8.59974E-2 8.68706E-2 7.11207E-2 7.04781E-2 7.19437E-2 7.1688E-2 7.08135E-2 6.94243E-2 8.08431E-2 8.59517E-2 7.03908E-2 6.89817E-2 7.00002E-2 7.31105E-2 7.50361E-2 7.73713E-2 7.79739E-2 9.01154E-2 9.70309E-2 8.58068E-2 8.18255E-2 8.50979E-2 9.05774E-2 8.55557E-2 8.72905E-2 8.74756E-2 8.25026E-2 8.36928E-2 8.47541E-2 8.94417E-2 8.9366E-2 9.22075E-2 9.26773E-2 9.19773E-2 9.56246E-2 9.89548E-2 9.65884E-2 1.02624E-1 1.02416E-1 1.12097E-1 1.02119E-1 1.07095E-1 1.00862E-1 1.00418E-1 9.95692E-2 9.66907E-2 1.07464E-1
6.75948E-2 6.36137E-2 6.21641E-2 6.29082E-2 5.90382E-2 6.08528E-2 6.07502E-2 6.13624E-2 6.49033E-2 7.10427E-2 7.52139E-2 7.73173E-2 6.26859E-2 7.60345E-2 8.05281E-2 8.47452E-2 8.03349E-2 7.27363E-2 6.32865E-2 6.95616E-2 7.1557E-2 7.01286E-2 7.72092E-2 7.72985E-2 7.87521E-2 7.04606E-2 7.09168E-2 7.11314E-2 7.41281E-2 7.63491E-2 8.01864E-2 8.06514E-2 9.08692E-2 8.91544E-2 7.74056E-2 8.49347E-2 8.16547E-2 8.74917E-2 8.47737E-2 7.86044E-2 8.24043E-2 8.53192E-2 8.83875E-2 8.97033E-2 8.93566E-2 9.2267E-2 9.07804E-2 9.50843E-2 9.60675E-2 9.75308E-2 1.09058E-1 1.07715E-1 9.86495E-2 1.03306E-1 1.13246E-1 1.08757E-1 1.03133E-1 1.10399E-1 1.05961E-1 9.56476E-2 1.06652E-1
7.12502E-2 6.72524E-2 6.89598E-2 6.29629E-2 6.80064E-2 6.33445E-2 6.36122E-2 6.36392E-2 6.65644E-2 7.38423E-2 7.57444E-2 7.13924E-2 7.5476E-2 7.21036E-2 7.66077E-2 8.20871E-2 8.12022E-2 7.6345E-2 7.07025E-2 7.21034E-2 7.42575E-2 7.14167E-2 7.21615E-2 8.02119E-2 7.72223E-2 7.90785E-2 7.15477E-2 7.36383E-2 7.14306E-2 7.53527E-2 7.86482E-2 8.35088E-2 9.27571E-2 9.30821E-2 8.12558E-2 8.22131E-2 9.45181E-2 8.3338E-2 8.2041E-2 7.71054E-2 7.89842E-2 8.53689E-2 8.81479E-2 9.33968E-2 8.90211E-2 9.49747E-2 9.35047E-2 9.09505E-2 9.50508E-2 9.69183E-2 1.13315E-1 1.15124E-1 1.0323E-1 9.65957E-2 1.13562E-1 1.11701E-1 1.10346E-1 1.01972E-1 9.83446E-2 1.0156E-1 1.09018E-1
6.66559E-2 6.55827E-2 6.38697E-2 6.77528E-2 7.38693E-2 7.05951E-2 6.457E-2 6.84681E-2 6.77701E-2 7.22792E-2 6.96572E-2 6.69928E-2 7.47852E-2 8.3395E-2 8.49983E-2 8.29493E-2 7.64666E-2 6.9709E-2 7.30085E-2 7.11996E-2 7.26987E-2 7.2498E-2 7.02802E-2 7.57455E-2 7.94943E-2 7.99722E-2 8.26933E-2 8.05046E-2 7.1328E-2 7.34023E-2 7.5209E-2 8.19841E-2 8.59736E-2 9.80467E-2 9.47534E-2 7.87844E-2 8.95459E-2 8.3538E-2 7.91666E-2 8.12119E-2 8.07849E-2 8.34069E-2 8.45386E-2 8.68457E-2 9.39207E-2 9.24993E-2 1.0155E-1 8.85511E-2 9.46716E-2 1.00417E-1 1.11721E-1 1.17597E-1 1.1057E-1 9.83697E-2 1.1022E-1 1.09942E-1 1.06399E-1 9.8138E-2 1.02522E-1 1.09519E-1 1.13078E-1
7.2102E-2 7.1058E-2 6.70155E-2 6.93794E-2 7.22893E-2 6.91062E-2 6.6363E-2 6.86613E-2 6.63985E-2 6.98088E-2 7.21274E-2 7.22622E-2 7.11076E-2 7.71697E-2 8.65204E-2 8.57654E-2 7.96353E-2 7.20925E-2 6.88174E-2 6.98137E-2 7.19913E-2 7.21062E-2 7.42036E-2 7.51595E-2 8.44041E-2 7.26666E-2 7.21138E-2 9.0491E-2 8.54306E-2 7.32575E-2 7.43058E-2 7.85505E-2 8.21155E-2 9.2979E-2 9.01058E-2 9.74814E-2 8.85296E-2 8.18254E-2 8.10214E-2 8.82639E-2 8.28365E-2 8.74452E-2 8.30682E-2 8.47966E-2 9.27932E-2 9.35343E-2 1.04354E-1 8.9377E-2 9.35829E-2 9.82975E-2 1.11848E-1 1.16619E-1 1.10489E-1 9.46774E-2 1.09446E-1 1.13794E-1 1.0458E-1 9.74612E-2 1.02431E-1 1.05194E-1 1.10331E-1
7.21392E-2 6.919E-2 7.7465E-2 7.73216E-2 7.60761E-2 7.1238E-2 6.73518E-2 6.95991E-2 6.61597E-2 6.8844E-2 7.39759E-2 6.86726E-2 7.15988E-2 8.17522E-2 9.01484E-2 8.60453E-2 8.68526E-2 7.47412E-2 6.89042E-2 7.15506E-2 7.42537E-2 7.62755E-2 7.5453E-2 7.39913E-2 8.04971E-2 8.01069E-2 7.24318E-2 7.61112E-2 9.13904E-2 8.99871E-2 7.83151E-2 7.66017E-2 8.45768E-2 8.11338E-2 8.394E-2 8.93054E-2 9.68819E-2 8.85335E-2 8.5542E-2 8.43597E-2 8.41051E-2 8.62015E-2 8.92879E-2 9.24161E-2 8.35096E-2 1.00249E-1 9.5007E-2 8.90445E-2 9.24654E-2 9.68389E-2 1.0567E-1 1.03416E-1 9.88445E-2 1.07672E-1 1.14595E-1 1.15804E-1 1.05355E-1 9.63149E-2 1.05007E-1 1.07292E-1 1.09778E-1
6.79823E-2 6.46596E-2 7.4343E-2 7.72688E-2 7.74606E-2 7.78104E-2 8.00119E-2 7.21125E-2 6.55467E-2 7.54534E-2 7.02208E-2 7.08704E-2 7.58366E-2 8.21005E-2 8.61989E-2 8.25741E-2 7.94703E-2 8.0722E-2 7.13007E-2 7.17034E-2 7.40527E-2 7.58035E-2 7.53322E-2 8.12463E-2 7.95503E-2 7.57042E-2 7.91921E-2 7.48013E-2 8.1728E-2 8.44793E-2 9.41932E-2 8.72927E-2 8.98922E-2 7.30862E-2 7.45371E-2 8.01561E-2 9.60835E-2 1.00483E-1 9.50879E-2 8.17921E-2 8.88248E-2 7.71992E-2 9.70628E-2 9.55959E-2 8.85159E-2 1.02459E-1 9.50288E-2 8.76768E-2 9.22752E-2 9.84421E-2 1.02538E-1 1.17101E-1 9.93969E-2 1.15745E-1 1.1989E-1 1.11783E-1 1.0301E-1 9.61503E-2 1.04222E-1 1.08782E-1 1.16355E-1
7.4071E-2 6.7458E-2 6.63979E-2 6.73242E-2 7.15731E-2 7.14115E-2 7.10966E-2 6.94225E-2 7.75437E-2 6.51417E-2 6.90205E-2 7.6101E-2 8.04131E-2 8.6053E-2 8.2279E-2 7.392E-2 7.20041E-2 7.18438E-2 7.3398E-2 7.43165E-2 8.00283E-2 7.65701E-2 7.537E-2 8.52344E-2 8.4615E-2 7.95855E-2 7.57517E-2 8.03583E-2 8.44919E-2 8.02046E-2 8.46106E-2 9.5232E-2 8.91836E-2 7.52597E-2 8.26213E-2 7.62902E-2 8.39955E-2 9.56595E-2 9.80772E-2 9.09701E-2 9.76777E-2 8.74194E-2 8.13687E-2 9.86565E-2 9.5742E-2 1.02999E-1 9.43952E-2 8.81729E-2 8.65196E-2 9.82676E-2 1.09739E-1 1.1203E-1 1.06416E-1 1.16345E-1 1.16829E-1 1.00251E-1 1.05266E-1 9.6186E-2 1.01569E-1 1.09156E-1 1.15521E-1
7.50102E-2 7.49669E-2 7.10612E-2 6.65737E-2 6.84818E-2 7.35184E-2 7.45346E-2 6.68442E-2 6.78234E-2 6.76183E-2 7.29037E-2 8.20296E-2 8.05159E-2 8.67054E-2 8.22322E-2 7.44586E-2 7.33044E-2 7.48823E-2 7.52188E-2 7.69569E-2 7.73023E-2 7.66899E-2 8.12195E-2 8.71968E-2 8.56592E-2 8.41269E-2 7.73269E-2 7.80828E-2 9.42622E-2 8.60322E-2 8.00511E-2 9.31857E-2 8.7651E-2 7.64734E-2 8.02363E-2 8.07045E-2 8.37944E-2 8.71852E-2 8.8349E-2 9.23869E-2 1.04575E-1 9.42954E-2 8.26839E-2 1.01148E-1 9.78557E-2 9.84003E-2 9.39293E-2 8.9474E-2 8.51277E-2 9.35253E-2 1.08755E-1 1.14724E-1 1.04547E-1 1.16745E-1 1.08304E-1 1.06299E-1 1.08459E-1 9.73281E-2 9.72115E-2 1.04979E-1 1.08458E-1
7.27449E-2 7.31096E-2 7.66872E-2 7.0592E-2 6.71014E-2 6.9428E-2 7.75265E-2 6.77124E-2 6.75371E-2 7.03633E-2 7.74381E-2 8.41697E-2 8.00431E-2 8.4108E-2 8.20114E-2 7.50023E-2 7.27135E-2 7.35909E-2 7.5632E-2 7.52571E-2 7.54202E-2 7.98514E-2 8.71968E-2 8.67828E-2 8.84198E-2 8.31704E-2 7.63634E-2 8.18129E-2 8.94379E-2 9.20686E-2 8.87765E-2 9.06983E-2 7.74917E-2 7.77323E-2 8.08502E-2 8.44294E-2 8.03641E-2 8.00674E-2 8.66628E-2 8.35631E-2 9.6009E-2 1.04072E-1 8.98189E-2 1.02839E-1 9.81103E-2 9.66861E-2 9.06359E-2 8.75866E-2 8.65838E-2 9.47857E-2 9.98426E-2 1.09762E-1 1.06411E-1 1.17799E-1 1.1066E-1 1.08433E-1 9.91577E-2 9.45123E-2 9.42405E-2 1.03459E-1 1.10241E-1
6.90527E-2 7.37512E-2 7.5832E-2 7.27503E-2 6.99451E-2 6.9202E-2 7.2653E-2 7.1614E-2 7.03633E-2 7.41777E-2 8.78386E-2 8.15486E-2 7.98426E-2 8.23926E-2 7.88092E-2 8.03352E-2 7.64588E-2 7.39667E-2 7.34943E-2 7.5215E-2 7.9096E-2 8.31941E-2 8.44645E-2 8.72088E-2 8.57638E-2 7.78847E-2 7.79708E-2 8.44778E-2 9.57537E-2 8.62303E-2 8.68137E-2 9.41349E-2 8.23911E-2 7.6607E-2 8.29253E-2 8.74692E-2 9.08901E-2 8.40251E-2 8.13086E-2 8.43181E-2 8.89184E-2 1.10198E-1 9.47516E-2 1.00332E-1 1.0668E-1 9.10678E-2 9.0325E-2 8.84043E-2 8.59428E-2 9.38206E-2 1.00343E-1 1.03382E-1 1.08232E-1 1.14096E-1 1.13208E-1 9.94767E-2 9.72426E-2 9.50827E-2 9.56229E-2 1.03951E-1 1.044E-1
6.90432E-2 6.88594E-2 7.11756E-2 7.04189E-2 6.95895E-2 7.05278E-2 7.02208E-2 7.26965E-2 7.40134E-2 7.61409E-2 8.54253E-2 8.05036E-2 7.94918E-2 7.7148E-2 7.84618E-2 8.35382E-2 7.68482E-2 7.50974E-2 7.47711E-2 7.4489E-2 8.39079E-2 8.27603E-2 8.7142E-2 8.95634E-2 8.35836E-2 7.81426E-2 8.04421E-2 8.74341E-2 9.89101E-2 9.8677E-2 9.06597E-2 8.91241E-2 7.78396E-2 8.40489E-2 7.93208E-2 9.78185E-2 9.66075E-2 9.03499E-2 7.49973E-2 8.55752E-2 8.36748E-2 1.01316E-1 1.03299E-1 1.01708E-1 1.04146E-1 9.56018E-2 9.5074E-2 9.21116E-2 8.39892E-2 8.88374E-2 9.36109E-2 1.0681E-1 1.13012E-1 1.16561E-1 1.10254E-1 1.0015E-1 9.98128E-2 9.25134E-2 1.01872E-1 9.83115E-2 1.07082E-1
7.00449E-2 7.1675E-2 7.27359E-2 7.19681E-2 7.49653E-2 6.97346E-2 6.83645E-2 7.47294E-2 7.79336E-2 8.12501E-2 8.09634E-2 7.7377E-2 7.56849E-2 7.58733E-2 7.79036E-2 7.90939E-2 7.37967E-2 7.23771E-2 7.88712E-2 7.53996E-2 8.15281E-2 8.22862E-2 8.74912E-2 9.06821E-2 8.25703E-2 7.98954E-2 8.15532E-2 8.94362E-2 9.80364E-2 1.04546E-1 9.12983E-2 8.70811E-2 7.74565E-2 8.77196E-2 7.70049E-2 9.85409E-2 1.03149E-1 8.67855E-2 7.6576E-2 9.21553E-2 7.93656E-2 9.23582E-2 1.02057E-1 1.01129E-1 1.026E-1 1.09067E-1 9.61248E-2 9.14361E-2 8.26942E-2 9.17836E-2 9.3574E-2 1.06321E-1 1.05326E-1 1.11235E-1 1.09678E-1 9.99097E-2 9.51009E-2 9.13316E-2 9.92723E-2 1.00822E-1 1.03879E-1
7.58998E-2 7.54683E-2 7.01649E-2 7.16585E-2 7.10803E-2 7.01004E-2 7.12259E-2 7.12655E-2 7.75313E-2 8.09352E-2 8.60127E-2 7.7573E-2 7.9291E-2 7.64389E-2 7.48906E-2 7.28107E-2 7.16088E-2 7.61537E-2 7.63937E-2 7.74469E-2 8.15735E-2 8.48729E-2 8.66114E-2 8.27496E-2 8.64203E-2 8.88842E-2 8.01664E-2 8.84214E-2 9.43235E-2 1.03094E-1 9.02681E-2 8.13733E-2 8.29489E-2 9.25097E-2 8.33812E-2 8.55706E-2 1.07418E-1 9.16675E-2 7.51132E-2 1.00337E-1 8.54091E-2 8.22945E-2 8.95602E-2 9.29448E-2 9.69131E-2 1.14601E-1 1.02282E-1 8.68573E-2 8.36147E-2 8.8293E-2 9.33462E-2 1.00001E-1 1.03291E-1 1.0849E-1 1.13533E-1 1.01842E-1 9.65137E-2 9.12361E-2 9.5732E-2 1.04832E-1 1.04474E-1
7.42651E-2 7.15927E-2 7.10081E-2 7.19844E-2 7.27023E-2 7.19716E-2 7.26095E-2 7.2495E-2 7.3285E-2 7.94745E-2 9.17573E-2 8.34169E-2 8.14865E-2 7.70245E-2 7.49219E-2 6.93945E-2 7.69917E-2 7.34391E-2 7.51971E-2 8.84105E-2 7.84337E-2 8.34059E-2 8.2256E-2 8.19064E-2 9.13599E-2 8.51218E-2 8.13059E-2 8.88156E-2 9.58667E-2 1.01183E-1 9.22012E-2 8.20644E-2 8.53954E-2 9.97467E-2 8.60563E-2 8.17007E-2 1.0218E-1 8.73698E-2 8.26011E-2 1.0198E-1 8.83222E-2 8.31836E-2 8.9579E-2 9.97261E-2 1.02984E-1 1.1409E-1 9.35542E-2 8.69138E-2 8.87925E-2 8.45934E-2 9.25441E-2 9.43778E-2 9.66858E-2 1.10065E-1 1.12027E-1 9.8672E-2 9.67377E-2 9.21322E-2 9.3911E-2 1.01525E-1 1.02089E-1
7.34212E-2 7.23236E-2 7.32082E-2 7.4537E-2 7.54682E-2 7.45113E-2 7.73077E-2 7.25452E-2 7.08529E-2 7.52277E-2 8.56664E-2 8.77961E-2 8.51661E-2 7.91521E-2 7.58173E-2 7.02805E-2 7.56161E-2 7.42181E-2 7.12115E-2 8.09925E-2 8.60486E-2 7.89402E-2 8.04042E-2 8.50895E-2 8.9996E-2 8.24341E-2 8.55566E-2 8.43238E-2 9.6441E-2 1.02274E-1 9.00972E-2 8.08452E-2 8.98993E-2 1.03312E-1 8.92615E-2 8.15382E-2 9.53692E-2 8.79506E-2 8.21839E-2 9.85635E-2 9.63065E-2 9.8628E-2 9.37509E-2 8.93273E-2 1.01062E-1 1.02469E-1 9.60678E-2 9.75269E-2 9.58277E-2 8.48972E-2 8.95583E-2 9.19816E-2 1.01244E-1 1.11883E-1 1.07258E-1 1.02345E-1 9.29306E-2 9.36394E-2 9.54043E-2 1.00724E-1 1.01435E-1
7.46429E-2 7.8021E-2 7.57433E-2 7.52953E-2 7.70865E-2 7.43114E-2 7.76906E-2 7.50074E-2 7.04073E-2 7.178E-2 7.99527E-2 8.54756E-2 7.94619E-2 8.36541E-2 7.68714E-2 7.17547E-2 7.88875E-2 7.64705E-2 7.37407E-2 8.00243E-2 8.04927E-2 8.67547E-2 8.23039E-2 8.43656E-2 8.76175E-2 8.11169E-2 9.11902E-2 8.18196E-2 9.54707E-2 9.96686E-2 9.28349E-2 8.07655E-2 9.00357E-2 1.0421E-1 8.62754E-2 8.37987E-2 1.02553E-1 9.40148E-2 7.79901E-2 9.44571E-2 9.71388E-2 1.08606E-1 9.32118E-2 8.69888E-2 8.96698E-2 1.01112E-1 1.02825E-1 1.03995E-1 9.81318E-2 8.71111E-2 8.37816E-2 8.87994E-2 9.82109E-2 1.09901E-1 9.77848E-2 1.00738E-1 9.4257E-2 9.79364E-2 9.32735E-2 9.75252E-2 9.65679E-2
7.45989E-2 8.08193E-2 7.91003E-2 7.5921E-2 7.88871E-2 7.59327E-2 7.73629E-2 7.46207E-2 7.63503E-2 7.28937E-2 7.09198E-2 7.79368E-2 7.9029E-2 8.15326E-2 7.99164E-2 7.71758E-2 7.80443E-2 7.40009E-2 7.79115E-2 8.06865E-2 7.92906E-2 8.38869E-2 8.26011E-2 8.31244E-2 8.41187E-2 8.48341E-2 9.20444E-2 8.32672E-2 9.39974E-2 9.56874E-2 8.66946E-2 8.43751E-2 8.89073E-2 1.04538E-1 9.36981E-2 8.22637E-2 9.35961E-2 9.5847E-2 8.6655E-2 8.50196E-2 9.56902E-2 1.02137E-1 1.04573E-1 9.56672E-2 8.58935E-2 8.97831E-2 9.88542E-2 1.00554E-1 1.08625E-1 8.63205E-2 8.34929E-2 8.91695E-2 9.95887E-2 1.05386E-1 1.01162E-1 9.81514E-2 1.03796E-1 9.55696E-2 8.67175E-2 9.16208E-2 1.01451E-1
7.82433E-2 7.99242E-2 8.07827E-2 7.92256E-2 7.94251E-2 7.99715E-2 7.57851E-2 7.5266E-2 7.44755E-2 7.28857E-2 6.91267E-2 7.52401E-2 7.80861E-2 7.74328E-2 7.70028E-2 7.98503E-2 8.15852E-2 7.74164E-2 7.77281E-2 8.4852E-2 7.77102E-2 8.21833E-2 8.89064E-2 8.40093E-2 8.3104E-2 8.41748E-2 8.82428E-2 8.27177E-2 8.26698E-2 9.45916E-2 9.08731E-2 9.24637E-2 9.33509E-2 9.54182E-2 1.01498E-1 8.71352E-2 9.01209E-2 1.00776E-1 9.53929E-2 8.08431E-2 1.01264E-1 9.06965E-2 1.0398E-1 1.04688E-1 9.97417E-2 8.58727E-2 9.36294E-2 1.04149E-1 1.09135E-1 8.5785E-2 8.223E-2 8.70775E-2 9.68284E-2 1.07324E-1 9.16143E-2 1.01211E-1 9.74593E-2 9.96706E-2 8.62994E-2 8.51723E-2 9.80615E-2
7.81092E-2 8.10202E-2 8.25072E-2 8.01169E-2 7.87478E-2 7.81547E-2 7.41827E-2 7.27924E-2 7.47186E-2 7.13764E-2 7.63232E-2 7.49618E-2 7.41938E-2 7.52971E-2 7.59767E-2 8.12169E-2 8.28324E-2 7.96516E-2 8.2094E-2 8.32676E-2 8.02395E-2 7.5087E-2 8.23285E-2 8.34934E-2 7.9939E-2 8.47266E-2 8.6273E-2 8.32943E-2 8.05107E-2 8.55674E-2 9.32684E-2 9.53107E-2 9.97045E-2 9.37018E-2 9.8102E-2 8.99361E-2 8.56156E-2 1.01334E-1 1.03518E-1 8.86095E-2 8.60118E-2 9.87835E-2 9.71279E-2 1.01897E-1 1.03728E-1 9.41485E-2 8.80079E-2 9.32593E-2 1.02799E-1 9.085E-2 8.39015E-2 8.58259E-2 9.54215E-2 1.10144E-1 9.0228E-2 9.74413E-2 9.37799E-2 9.18314E-2 8.76027E-2 8.26474E-2 9.57203E-2
8.03385E-2 8.16973E-2 8.32826E-2 8.05112E-2 8.06887E-2 7.85566E-2 7.21312E-2 7.0715E-2 7.19421E-2 7.5344E-2 7.73157E-2 7.72955E-2 7.30623E-2 6.9534E-2 7.45483E-2 7.78636E-2 7.99683E-2 7.9641E-2 8.45843E-2 8.17971E-2 7.7378E-2 7.75751E-2 8.68472E-2 8.26428E-2 8.50537E-2 8.64302E-2 8.54632E-2 8.24291E-2 8.50922E-2 8.44525E-2 9.6109E-2 9.47111E-2 9.40622E-2 9.72836E-2 9.6799E-2 8.91635E-2 8.92136E-2 9.68385E-2 1.00397E-1 9.28465E-2 8.66341E-2 9.32261E-2 1.02497E-1 9.86605E-2 1.00548E-1 1.05768E-1 9.33448E-2 9.9457E-2 9.95944E-2 8.70666E-2 8.481E-2 9.18267E-2 9.15718E-2 1.03697E-1 8.89324E-2 1.07657E-1 9.99138E-2 8.90834E-2 8.44252E-2 8.40764E-2 8.65356E-2
8.14967E-2 8.33634E-2 8.07266E-2 8.00925E-2 7.87944E-2 7.62895E-2 7.11721E-2 7.07972E-2 7.30466E-2 7.3826E-2 7.48103E-2 7.69005E-2 7.66151E-2 7.32209E-2 7.28222E-2 7.53367E-2 7.67832E-2 7.99648E-2 8.63592E-2 8.21974E-2 7.69444E-2 7.97545E-2 8.38337E-2 8.58019E-2 8.47875E-2 8.0835E-2 8.55195E-2 7.74124E-2 8.96935E-2 8.40199E-2 9.51918E-2 9.59975E-2 9.58385E-2 9.78907E-2 9.18256E-2 9.25941E-2 9.41106E-2 1.02627E-1 1.05196E-1 1.00134E-1 8.87128E-2 9.17689E-2 1.00536E-1 1.02382E-1 9.7876E-2 1.019E-1 1.05246E-1 1.19057E-1 1.00499E-1 9.22761E-2 8.12551E-2 9.37834E-2 9.55759E-2 8.84518E-2 9.8196E-2 1.1271E-1 1.01981E-1 9.30947E-2 9.58008E-2 9.39259E-2 1.00967E-1
7.95297E-2 7.93127E-2 7.90724E-2 7.75558E-2 7.56377E-2 7.66667E-2 7.07972E-2 7.60147E-2 7.80833E-2 7.8411E-2 7.07682E-2 7.15475E-2 7.84458E-2 7.54764E-2 7.30614E-2 7.75156E-2 8.03775E-2 8.16177E-2 8.44398E-2 8.43345E-2 7.91874E-2 8.34633E-2 7.99498E-2 9.1149E-2 8.70344E-2 8.50633E-2 8.35148E-2 7.73976E-2 8.89886E-2 9.02071E-2 8.34212E-2 9.27984E-2 9.29857E-2 9.55745E-2 9.59342E-2 9.72666E-2 9.50545E-2 1.01532E-1 1.03292E-1 9.19009E-2 8.80798E-2 8.4397E-2 9.64286E-2 1.01405E-1 9.94784E-2 9.78827E-2 9.90808E-2 1.12701E-1 1.07131E-1 9.00737E-2 8.32034E-2 8.76308E-2 9.74743E-2 1.01903E-1 9.52906E-2 1.01931E-1 8.56869E-2 8.65689E-2 8.68458E-2 9.95607E-2 9.66921E-2
7.62354E-2 7.68375E-2 7.93709E-2 7.51768E-2 7.18968E-2 7.1607E-2 7.36424E-2 8.20264E-2 7.9328E-2 7.72759E-2 7.30772E-2 7.35216E-2 7.95216E-2 7.78115E-2 7.52872E-2 7.35992E-2 7.88905E-2 7.94619E-2 8.31749E-2 8.49138E-2 8.39777E-2 7.8685E-2 8.0087E-2 9.62653E-2 8.98341E-2 8.36087E-2 8.15336E-2 7.71883E-2 9.02749E-2 9.07175E-2 8.85388E-2 8.52236E-2 9.2182E-2 9.67099E-2 9.86659E-2 9.97124E-2 9.68319E-2 9.65846E-2 9.56451E-2 9.26004E-2 9.4932E-2 9.89682E-2 9.2016E-2 9.74522E-2 1.01991E-1 1.00475E-1 1.00992E-1 1.07583E-1 1.17421E-1 9.75359E-2 8.96206E-2 8.39101E-2 9.10959E-2 1.08823E-1 1.08438E-1 9.84952E-2 8.86324E-2 8.42948E-2 8.88536E-2 9.25611E-2 1.11848E-1
8.01757E-2 7.94631E-2 7.69332E-2 7.38199E-2 7.55523E-2 8.34936E-2 8.14773E-2 8.64832E-2 8.29019E-2 7.59588E-2 8.05105E-2 7.34963E-2 7.61882E-2 7.90147E-2 8.00465E-2 7.64629E-2 7.75903E-2 7.75876E-2 7.91388E-2 7.98237E-2 8.76383E-2 9.02215E-2 8.44389E-2 9.03284E-2 8.6725E-2 8.52236E-2 8.02723E-2 8.12268E-2 9.3392E-2 9.30806E-2 8.86974E-2 8.31153E-2 9.22501E-2 9.31667E-2 9.54117E-2 1.01451E-1 9.54876E-2 9.25541E-2 9.24054E-2 8.95575E-2 1.01863E-1 1.05335E-1 9.55023E-2 9.88934E-2 9.94735E-2 1.01192E-1 1.02772E-1 1.04428E-1 1.12062E-1 9.6677E-2 9.03005E-2 8.51614E-2 9.49666E-2 1.0329E-1 9.85584E-2 9.1652E-2 9.13398E-2 8.60804E-2 8.959E-2 9.11327E-2 9.96714E-2
7.99023E-2 7.82493E-2 7.60895E-2 7.74259E-2 7.64518E-2 7.76868E-2 7.5664E-2 8.44625E-2 8.39232E-2 7.50357E-2 8.12534E-2 7.98035E-2 7.99136E-2 7.99339E-2 8.48949E-2 7.94684E-2 7.79693E-2 7.70393E-2 7.91791E-2 8.48807E-2 9.01106E-2 9.01982E-2 9.21682E-2 8.48389E-2 8.72881E-2 8.26645E-2 8.50752E-2 8.45569E-2 9.58875E-2 9.21249E-2 9.46736E-2 8.30864E-2 8.7923E-2 9.622E-2 9.91606E-2 1.00662E-1 1.02714E-1 9.86664E-2 9.15555E-2 9.01488E-2 1.01618E-1 1.06596E-1 9.79393E-2 1.02384E-1 1.01386E-1 9.54998E-2 1.02302E-1 1.05748E-1 1.07819E-1 9.68E-2 8.78241E-2 9.08405E-2 9.76373E-2 1.02632E-1 1.06058E-1 1.05047E-1 9.31775E-2 9.30508E-2 9.92923E-2 8.79305E-2 9.34038E-2
7.92285E-2 7.90571E-2 7.53101E-2 7.72287E-2 8.15167E-2 8.11769E-2 7.80052E-2 8.49487E-2 8.68009E-2 8.19556E-2 8.14355E-2 8.07829E-2 8.12084E-2 8.02938E-2 7.83607E-2 8.2307E-2 8.05177E-2 8.11138E-2 8.36845E-2 8.2588E-2 8.49611E-2 9.50609E-2 9.14542E-2 8.86942E-2 8.5155E-2 8.95111E-2 7.91495E-2 8.30499E-2 9.63518E-2 9.86328E-2 9.46717E-2 8.69145E-2 8.68671E-2 9.49078E-2 9.33303E-2 1.01793E-1 9.85229E-2 9.22436E-2 8.96092E-2 9.06821E-2 9.72728E-2 1.03703E-1 1.04014E-1 1.09285E-1 1.01747E-1 9.93923E-2 1.06367E-1 1.1109E-1 1.12532E-1 1.02239E-1 9.33023E-2 9.38251E-2 9.95267E-2 1.09907E-1 1.08056E-1 9.97545E-2 9.56453E-2 1.01135E-1 9.7986E-2 1.01262E-1 1.03421E-1
