Artocarpus heterophyllus SDM files/MIS19/results (without bias file)/Arthet_9.asc
ncols         625
nrows         721
xllcorner     69.99986311115
yllcorner     5.99986187915
cellsize      0.041666667
NODATA_value  -9999
[rows 270 to 296 of 721, columns 305 to 365 of 625]
1.5664E-1 1.63129E-1 1.60505E-1 1.61794E-1 1.60505E-1 1.67551E-1 1.68946E-1 1.74242E-1 1.82203E-1 1.83391E-1 1.84587E-1 1.81407E-1 1.77108E-1 1.80602E-1 1.91774E-1 1.92206E-1 1.8531E-1 1.85169E-1 1.87762E-1 2.0299E-1 1.987E-1 2.10996E-1 1.99238E-1 1.91223E-1 2.04519E-1 1.80533E-1 1.81577E-1 1.90726E-1 2.068E-1 2.1209E-1 2.21259E-1 1.7619E-1 1.64935E-1 1.64274E-1 1.8751E-1 1.79213E-1 1.75538E-1 1.76755E-1 1.77363E-1 1.77568E-1 1.786E-1 1.79213E-1 1.66461E-1 1.738E-1 1.70139E-1 1.72097E-1 1.70398E-1 1.70108E-1 1.71168E-1 1.70179E-1 1.71734E-1 1.67912E-1 1.70631E-1 1.63765E-1 1.71975E-1 1.65362E-1 1.62702E-1 1.59351E-1 1.68188E-1 1.69805E-1 1.75117E-1
1.50497E-1 1.51531E-1 1.53805E-1 1.51343E-1 1.6209E-1 1.69205E-1 1.71499E-1 1.72657E-1 1.75552E-1 1.82064E-1 1.85198E-1 1.81946E-1 1.95951E-1 1.85533E-1 1.85148E-1 1.85734E-1 2.00056E-1 1.88887E-1 1.8637E-1 1.92504E-1 2.07817E-1 2.17422E-1 2.07371E-1 2.095E-1 1.8397E-1 1.91547E-1 2.2751E-1 2.07069E-1 1.91801E-1 2.12946E-1 2.09562E-1 1.70471E-1 1.63153E-1 1.7518E-1 1.88382E-1 1.76694E-1 1.86473E-1 1.8753E-1 1.8901E-1 1.78807E-1 1.80453E-1 1.76442E-1 1.7615E-1 1.72219E-1 1.69175E-1 1.75818E-1 1.84319E-1 1.69302E-1 1.7257E-1 1.70596E-1 1.76926E-1 1.70255E-1 1.69946E-1 1.6587E-1 1.68289E-1 1.67607E-1 1.70308E-1 1.61975E-1 1.70363E-1 1.70261E-1 1.62044E-1
1.57128E-1 1.50063E-1 1.64869E-1 1.62132E-1 1.73419E-1 1.71921E-1 1.71871E-1 1.7675E-1 1.80053E-1 1.70182E-1 1.83248E-1 1.83613E-1 1.83997E-1 1.84765E-1 1.7944E-1 1.95576E-1 1.90767E-1 1.93235E-1 1.94919E-1 1.85576E-1 1.97055E-1 1.89777E-1 2.08176E-1 2.10401E-1 1.96075E-1 2.06557E-1 2.29752E-1 2.25284E-1 1.69637E-1 1.86761E-1 1.85074E-1 1.63248E-1 1.76641E-1 1.90583E-1 1.87147E-1 1.86414E-1 1.87706E-1 1.89177E-1 1.89273E-1 1.87756E-1 1.89045E-1 1.75954E-1 1.74733E-1 1.71746E-1 1.69388E-1 1.67203E-1 2.0119E-1 1.66614E-1 1.63278E-1 1.71667E-1 1.7217E-1 1.72633E-1 1.71238E-1 1.69169E-1 1.70436E-1 1.66645E-1 1.66826E-1 1.65479E-1 1.63956E-1 1.64522E-1 1.62897E-1
1.52138E-1 1.54761E-1 1.4639E-1 1.566E-1 1.81035E-1 1.85356E-1 1.93973E-1 1.83919E-1 1.83032E-1 1.68224E-1 1.75354E-1 1.80947E-1 1.76366E-1 1.8425E-1 2.04116E-1 2.12776E-1 2.13884E-1 2.08665E-1 2.03807E-1 1.95212E-1 2.09557E-1 1.99128E-1 2.20022E-1 2.06463E-1 2.01354E-1 2.10716E-1 2.22458E-1 2.11216E-1 2.01803E-1 1.93474E-1 1.67633E-1 1.7165E-1 1.86717E-1 1.89814E-1 1.87018E-1 1.87081E-1 1.8769E-1 1.87894E-1 1.8854E-1 1.86064E-1 1.85403E-1 1.82665E-1 1.79146E-1 1.78332E-1 1.77912E-1 1.7982E-1 1.75697E-1 1.72193E-1 1.73371E-1 1.73661E-1 1.71573E-1 1.7433E-1 1.72821E-1 1.71239E-1 1.71423E-1 1.68497E-1 1.67324E-1 1.67783E-1 1.64725E-1 1.73799E-1 1.71503E-1
1.16992E-1 1.16243E-1 1.22521E-1 1.22162E-1 1.36843E-1 1.40558E-1 1.50004E-1 1.41412E-1 1.35605E-1 1.67943E-1 1.84197E-1 1.82659E-1 1.78833E-1 1.77181E-1 2.01445E-1 2.03366E-1 2.17968E-1 2.13994E-1 2.00035E-1 2.00052E-1 2.17612E-1 2.12198E-1 2.22102E-1 2.26683E-1 2.08804E-1 2.06151E-1 1.88652E-1 1.73733E-1 1.91672E-1 1.70205E-1 1.63533E-1 1.83995E-1 1.97082E-1 1.97712E-1 1.95538E-1 1.95748E-1 1.96417E-1 1.95734E-1 1.94609E-1 1.91823E-1 1.79729E-1 1.86225E-1 1.82034E-1 1.80372E-1 2.06252E-1 2.1085E-1 1.81901E-1 1.84118E-1 1.84213E-1 1.75565E-1 1.7297E-1 1.74749E-1 1.75127E-1 1.7342E-1 1.72422E-1 1.69671E-1 1.68874E-1 1.6867E-1 1.74221E-1 1.74386E-1 1.69389E-1
1.30684E-1 1.40861E-1 1.59857E-1 1.72796E-1 1.83989E-1 1.58228E-1 1.40199E-1 1.39458E-1 1.44038E-1 1.94415E-1 2.2305E-1 2.29702E-1 2.26999E-1 2.18861E-1 1.98017E-1 2.16197E-1 2.10838E-1 2.17319E-1 1.93729E-1 2.13249E-1 2.02937E-1 1.9846E-1 1.87293E-1 1.94593E-1 1.80254E-1 1.6728E-1 1.6562E-1 1.65908E-1 1.70702E-1 1.7302E-1 1.81268E-1 1.94263E-1 1.9549E-1 1.95681E-1 2.03871E-1 2.05402E-1 2.06414E-1 1.92455E-1 1.95008E-1 1.94184E-1 1.81497E-1 2.08031E-1 2.11173E-1 2.23561E-1 2.12512E-1 1.85106E-1 1.83773E-1 1.81299E-1 1.87167E-1 1.75345E-1 1.71866E-1 1.84423E-1 1.86706E-1 1.74804E-1 1.70457E-1 1.70063E-1 1.70812E-1 1.75432E-1 1.74814E-1 1.72436E-1 1.77109E-1
1.48287E-1 1.64885E-1 1.70389E-1 1.50779E-1 1.40104E-1 1.43776E-1 1.40235E-1 1.4568E-1 1.67624E-1 2.11175E-1 2.00306E-1 1.82037E-1 1.74489E-1 1.73282E-1 1.65211E-1 1.59488E-1 1.55453E-1 1.63462E-1 1.54426E-1 1.62272E-1 1.5961E-1 1.6407E-1 1.65396E-1 1.64973E-1 1.65714E-1 1.72563E-1 1.71452E-1 1.80489E-1 1.91474E-1 1.88423E-1 2.01672E-1 2.02484E-1 2.02739E-1 2.01138E-1 2.1702E-1 2.27032E-1 2.01769E-1 1.78341E-1 1.85383E-1 2.12139E-1 2.18834E-1 2.16569E-1 2.14965E-1 2.06916E-1 1.98966E-1 1.80823E-1 1.72841E-1 1.64901E-1 1.72E-1 1.84635E-1 1.82759E-1 1.87263E-1 1.76138E-1 1.82508E-1 1.79084E-1 1.78978E-1 1.77753E-1 1.74622E-1 1.70701E-1 1.77278E-1 1.86017E-1
1.62128E-1 1.75366E-1 1.74611E-1 1.49682E-1 1.38536E-1 1.74181E-1 1.40974E-1 1.62678E-1 1.44366E-1 1.6645E-1 1.52022E-1 1.41142E-1 1.48356E-1 1.49183E-1 1.56616E-1 1.77917E-1 1.7692E-1 1.75206E-1 1.81941E-1 1.78713E-1 1.81272E-1 1.9329E-1 1.98862E-1 1.82581E-1 1.94497E-1 1.96672E-1 1.9863E-1 1.87351E-1 2.01652E-1 2.06601E-1 2.0776E-1 2.07722E-1 2.1097E-1 2.15901E-1 2.11049E-1 2.0759E-1 1.80918E-1 1.89444E-1 2.09891E-1 2.22479E-1 2.10387E-1 1.99558E-1 2.00744E-1 1.87349E-1 1.79273E-1 1.60252E-1 1.74391E-1 1.93646E-1 1.964E-1 1.99107E-1 1.76451E-1 1.76553E-1 1.80262E-1 1.78996E-1 1.86959E-1 1.87793E-1 1.8401E-1 1.81171E-1 1.65914E-1 1.98249E-1 2.04523E-1
1.24512E-1 1.26225E-1 1.32207E-1 1.43987E-1 1.45676E-1 1.60606E-1 1.58801E-1 1.73206E-1 1.89214E-1 1.74366E-1 1.4994E-1 1.78102E-1 1.84874E-1 1.84078E-1 1.93654E-1 1.87824E-1 1.94975E-1 1.7932E-1 2.03963E-1 1.99318E-1 2.04347E-1 2.2476E-1 2.10372E-1 1.92029E-1 2.15228E-1 2.03208E-1 1.99306E-1 1.9308E-1 2.06333E-1 2.31855E-1 2.24608E-1 2.18783E-1 2.15445E-1 2.29925E-1 2.23351E-1 2.01202E-1 2.04071E-1 2.07866E-1 2.04506E-1 1.94895E-1 1.80689E-1 1.80943E-1 1.79108E-1 1.78484E-1 1.76422E-1 1.73809E-1 1.78671E-1 1.93567E-1 1.88122E-1 1.7978E-1 1.72836E-1 1.77612E-1 1.848E-1 1.82311E-1 1.94026E-1 1.81941E-1 1.96256E-1 1.84235E-1 1.71086E-1 1.84405E-1 1.88148E-1
1.3326E-1 1.31272E-1 1.42387E-1 1.55871E-1 1.67098E-1 1.56954E-1 1.46254E-1 1.6561E-1 1.93733E-1 2.0225E-1 1.6593E-1 1.94002E-1 2.10656E-1 2.09768E-1 2.00925E-1 1.77053E-1 2.04753E-1 1.88657E-1 2.09239E-1 1.91463E-1 1.88356E-1 1.96009E-1 2.11756E-1 2.17147E-1 2.01102E-1 1.9952E-1 1.76664E-1 1.88606E-1 2.2525E-1 2.44537E-1 2.18982E-1 2.2246E-1 2.17631E-1 2.19333E-1 2.11573E-1 2.05697E-1 2.01915E-1 2.01197E-1 2.05109E-1 2.01784E-1 2.03116E-1 2.09519E-1 1.97094E-1 1.8517E-1 1.83489E-1 1.92856E-1 1.90048E-1 1.92308E-1 2.11728E-1 1.8376E-1 1.75817E-1 1.87997E-1 2.18402E-1 1.86669E-1 2.17445E-1 2.05318E-1 1.89698E-1 1.80766E-1 2.05871E-1 2.05792E-1 2.11191E-1
1.29799E-1 1.42788E-1 1.60151E-1 1.72012E-1 1.7821E-1 1.68671E-1 1.45612E-1 1.89035E-1 2.06168E-1 1.79078E-1 1.6346E-1 1.70671E-1 1.90477E-1 2.09128E-1 1.8865E-1 1.76765E-1 2.11226E-1 2.28668E-1 2.30711E-1 2.18286E-1 2.19696E-1 2.32594E-1 2.20376E-1 1.96174E-1 1.77205E-1 1.86482E-1 1.7544E-1 1.99079E-1 2.08488E-1 1.97492E-1 1.80482E-1 1.80719E-1 1.927E-1 2.05126E-1 2.12782E-1 2.12951E-1 2.14595E-1 1.96826E-1 2.13102E-1 2.22405E-1 2.16112E-1 2.18405E-1 1.99315E-1 1.90216E-1 1.89441E-1 1.9974E-1 1.97951E-1 2.08982E-1 2.11558E-1 1.91234E-1 1.73631E-1 1.87027E-1 2.0019E-1 2.07018E-1 2.24119E-1 2.18869E-1 2.15739E-1 1.98952E-1 2.07691E-1 2.1467E-1 2.02896E-1
1.4822E-1 1.52412E-1 1.60883E-1 1.7136E-1 1.59535E-1 1.59305E-1 1.41127E-1 1.63944E-1 1.86417E-1 1.95293E-1 2.02035E-1 1.61592E-1 1.55284E-1 1.89119E-1 2.08611E-1 1.92545E-1 2.14836E-1 1.94983E-1 1.98747E-1 1.85001E-1 2.00091E-1 1.89378E-1 1.9035E-1 1.75993E-1 1.83761E-1 1.95087E-1 1.93151E-1 1.97661E-1 2.0191E-1 1.91818E-1 1.88845E-1 2.01564E-1 2.1396E-1 2.30653E-1 2.17306E-1 2.23406E-1 2.16557E-1 1.92939E-1 2.08362E-1 2.12245E-1 2.22524E-1 2.19516E-1 1.95164E-1 1.8577E-1 1.96862E-1 2.06656E-1 2.10458E-1 2.07583E-1 2.12136E-1 1.86787E-1 1.70453E-1 1.98775E-1 2.06067E-1 2.0568E-1 2.1074E-1 2.12833E-1 2.04831E-1 1.95779E-1 1.96723E-1 2.06869E-1 2.05186E-1
1.58532E-1 1.66614E-1 1.67034E-1 1.82717E-1 1.72188E-1 1.71569E-1 1.69342E-1 1.58348E-1 1.94504E-1 2.05619E-1 2.14087E-1 2.13467E-1 1.9793E-1 1.86939E-1 1.88581E-1 1.74843E-1 1.7227E-1 1.78511E-1 1.81652E-1 1.77777E-1 1.76136E-1 1.77765E-1 1.75555E-1 1.92987E-1 2.24244E-1 2.21622E-1 2.03938E-1 2.01031E-1 1.97913E-1 2.07927E-1 2.20115E-1 2.29362E-1 2.16436E-1 2.1392E-1 2.09155E-1 2.225E-1 2.32204E-1 2.16328E-1 2.30402E-1 2.41981E-1 2.11518E-1 1.94722E-1 1.83982E-1 1.90552E-1 2.06585E-1 2.16066E-1 2.18017E-1 2.39585E-1 2.38476E-1 1.85773E-1 1.84818E-1 2.14931E-1 2.17693E-1 2.11036E-1 2.13832E-1 1.99724E-1 1.9597E-1 2.05815E-1 1.99955E-1 2.13982E-1 2.15738E-1
1.54956E-1 1.60229E-1 1.58741E-1 1.82468E-1 1.76433E-1 1.84151E-1 1.6594E-1 1.60925E-1 1.96631E-1 2.04929E-1 2.06607E-1 1.68915E-1 1.5738E-1 1.49016E-1 1.79055E-1 1.90167E-1 1.83037E-1 2.00933E-1 2.12083E-1 2.2727E-1 2.0602E-1 2.08378E-1 1.96884E-1 2.1751E-1 2.39069E-1 2.19212E-1 2.0673E-1 2.04599E-1 1.92484E-1 2.18628E-1 2.29204E-1 2.34253E-1 1.88607E-1 1.94053E-1 1.94226E-1 2.04423E-1 1.90514E-1 1.81414E-1 2.00122E-1 2.15831E-1 1.95769E-1 2.01315E-1 2.03294E-1 2.13611E-1 2.26128E-1 2.16872E-1 2.31126E-1 2.2093E-1 1.92693E-1 1.91045E-1 2.11628E-1 2.20856E-1 2.20145E-1 2.22943E-1 2.12042E-1 2.06474E-1 2.03462E-1 2.03595E-1 1.95664E-1 2.19263E-1 2.20448E-1
1.61256E-1 1.22624E-1 1.23051E-1 1.38643E-1 1.36994E-1 1.49875E-1 1.48111E-1 1.70475E-1 1.89012E-1 1.86291E-1 1.56302E-1 1.71574E-1 1.71818E-1 1.69852E-1 1.85386E-1 2.18662E-1 2.12542E-1 2.2071E-1 2.41512E-1 2.43265E-1 2.19896E-1 2.14175E-1 2.20305E-1 2.11011E-1 2.10746E-1 2.11049E-1 2.05059E-1 1.96884E-1 1.95498E-1 1.92726E-1 2.01413E-1 1.95406E-1 1.80911E-1 1.84914E-1 1.88555E-1 1.8631E-1 1.83093E-1 1.94794E-1 2.06698E-1 1.93614E-1 2.08683E-1 2.17248E-1 2.29707E-1 2.38475E-1 2.28245E-1 2.08662E-1 2.20791E-1 2.18984E-1 2.13291E-1 2.0218E-1 2.21553E-1 2.19187E-1 2.16388E-1 2.17568E-1 2.13544E-1 2.11608E-1 2.05998E-1 2.20851E-1 2.01512E-1 2.23189E-1 2.26565E-1
1.66203E-1 1.28387E-1 1.32684E-1 1.40024E-1 1.43168E-1 1.51889E-1 1.85333E-1 2.01313E-1 2.17061E-1 1.9856E-1 1.91146E-1 1.79763E-1 1.87531E-1 1.9473E-1 1.69217E-1 1.93938E-1 2.07307E-1 2.18033E-1 2.23975E-1 2.03123E-1 1.9568E-1 1.99318E-1 2.00247E-1 2.00542E-1 2.00227E-1 2.0084E-1 2.00057E-1 2.02058E-1 2.16369E-1 2.03816E-1 2.08869E-1 2.00093E-1 1.90359E-1 1.97129E-1 1.99333E-1 2.00174E-1 1.94799E-1 1.97012E-1 2.03445E-1 2.06099E-1 2.07271E-1 1.9254E-1 2.10648E-1 2.10154E-1 2.16745E-1 2.0965E-1 1.99583E-1 2.01623E-1 2.18999E-1 2.08137E-1 2.12818E-1 2.1631E-1 2.24991E-1 2.18886E-1 2.30374E-1 2.31713E-1 2.20794E-1 2.31229E-1 2.08036E-1 2.18868E-1 2.28056E-1
1.31159E-1 1.31087E-1 1.39465E-1 1.49893E-1 1.60028E-1 1.58731E-1 1.77286E-1 1.95672E-1 2.10206E-1 2.10305E-1 1.80589E-1 2.01039E-1 2.15082E-1 1.78438E-1 1.92789E-1 2.12369E-1 2.07774E-1 2.14182E-1 2.07596E-1 2.07515E-1 1.99814E-1 1.94916E-1 1.93429E-1 2.11037E-1 2.10618E-1 2.31457E-1 2.33384E-1 2.26122E-1 2.14229E-1 2.13898E-1 2.18146E-1 2.19436E-1 2.06759E-1 2.01383E-1 2.03431E-1 2.06371E-1 2.05994E-1 1.95986E-1 1.96918E-1 1.97989E-1 1.93021E-1 1.93833E-1 1.92255E-1 1.78946E-1 1.88279E-1 1.97341E-1 1.91695E-1 2.17161E-1 2.3007E-1 2.41306E-1 2.18363E-1 2.29499E-1 2.27329E-1 2.41708E-1 2.51001E-1 2.28634E-1 2.07732E-1 2.33468E-1 2.18582E-1 2.11283E-1 2.28803E-1
1.34519E-1 1.37412E-1 1.46671E-1 1.53136E-1 1.69724E-1 1.71482E-1 1.98748E-1 2.06058E-1 2.13743E-1 1.91523E-1 1.88521E-1 2.07758E-1 1.92558E-1 1.74193E-1 2.07736E-1 2.18298E-1 2.2111E-1 2.11363E-1 2.24425E-1 2.23854E-1 2.28771E-1 2.23617E-1 2.3607E-1 2.49804E-1 2.33708E-1 2.35125E-1 2.3404E-1 2.14711E-1 2.31793E-1 2.19015E-1 2.2128E-1 2.31518E-1 2.13197E-1 2.16009E-1 2.15525E-1 2.08527E-1 2.10845E-1 2.06973E-1 2.06006E-1 2.13915E-1 2.14848E-1 2.14222E-1 2.01397E-1 2.05115E-1 1.97216E-1 2.14356E-1 2.33797E-1 2.41317E-1 2.2667E-1 2.32091E-1 2.35098E-1 2.43545E-1 2.43126E-1 2.38754E-1 2.41471E-1 2.33848E-1 2.4221E-1 2.34247E-1 2.35708E-1 2.6861E-1 2.5007E-1
1.39234E-1 1.55114E-1 1.90325E-1 1.90363E-1 1.82856E-1 1.95415E-1 2.11397E-1 2.10896E-1 2.24289E-1 2.19225E-1 2.17419E-1 2.04053E-1 1.84353E-1 1.85118E-1 1.98379E-1 2.12378E-1 2.08862E-1 2.26645E-1 2.33826E-1 2.10216E-1 2.24601E-1 2.40081E-1 2.51017E-1 2.33182E-1 2.51764E-1 2.53534E-1 2.47914E-1 2.29078E-1 2.47768E-1 2.19496E-1 2.18974E-1 2.26975E-1 2.08483E-1 2.29079E-1 2.36554E-1 2.12912E-1 2.22829E-1 2.31757E-1 2.27825E-1 2.36784E-1 2.40966E-1 2.21122E-1 2.2925E-1 2.1122E-1 2.2315E-1 2.26215E-1 2.12435E-1 2.06061E-1 2.24352E-1 2.24469E-1 2.24653E-1 2.29004E-1 2.33778E-1 2.39639E-1 2.3416E-1 2.29168E-1 2.47448E-1 2.5826E-1 2.75509E-1 2.7125E-1 2.48059E-1
1.70994E-1 1.78661E-1 2.03175E-1 2.0512E-1 1.91444E-1 1.88346E-1 2.10008E-1 2.03584E-1 2.03931E-1 1.88767E-1 1.78657E-1 1.8575E-1 1.8445E-1 2.18754E-1 2.53872E-1 2.27743E-1 2.05443E-1 2.39631E-1 2.51158E-1 2.16293E-1 2.44415E-1 2.40519E-1 2.64105E-1 2.68117E-1 2.5039E-1 2.33044E-1 2.32391E-1 2.16835E-1 2.21231E-1 2.17449E-1 2.36206E-1 2.49645E-1 2.47648E-1 2.19836E-1 2.34793E-1 2.18227E-1 2.10995E-1 2.21147E-1 2.33445E-1 2.30023E-1 2.47007E-1 2.43968E-1 2.60258E-1 2.3075E-1 2.24123E-1 2.14043E-1 2.3818E-1 2.5442E-1 2.54049E-1 2.40263E-1 2.28693E-1 2.3982E-1 2.57532E-1 2.25327E-1 2.09326E-1 2.02314E-1 2.30767E-1 2.33097E-1 2.59271E-1 2.50334E-1 2.50762E-1
2.11068E-1 2.11765E-1 2.07015E-1 2.09338E-1 2.05065E-1 2.05023E-1 2.02695E-1 2.0638E-1 2.23976E-1 1.98666E-1 2.09961E-1 2.07505E-1 1.95923E-1 2.15206E-1 2.24847E-1 2.19414E-1 2.51792E-1 2.53918E-1 2.38949E-1 2.03203E-1 2.14063E-1 2.47966E-1 2.59082E-1 2.47848E-1 2.25622E-1 2.18629E-1 2.24778E-1 2.19027E-1 2.47151E-1 2.41905E-1 2.49281E-1 2.76324E-1 2.61295E-1 2.21668E-1 2.11817E-1 2.21686E-1 2.16692E-1 2.1733E-1 2.32895E-1 2.40402E-1 2.33603E-1 2.54424E-1 2.52864E-1 2.48419E-1 2.67085E-1 2.65616E-1 2.59688E-1 2.44365E-1 2.39102E-1 2.40691E-1 2.43963E-1 2.50824E-1 2.65965E-1 2.48556E-1 2.30394E-1 2.04416E-1 2.34407E-1 2.24682E-1 2.09765E-1 2.03927E-1 2.26082E-1
1.72326E-1 1.73259E-1 1.88275E-1 2.059E-1 2.08889E-1 2.25267E-1 2.34711E-1 2.32226E-1 2.4826E-1 2.24814E-1 2.015E-1 2.01776E-1 2.28431E-1 2.44411E-1 2.60103E-1 2.62429E-1 2.3968E-1 2.35093E-1 2.05498E-1 2.01683E-1 2.03508E-1 2.11588E-1 2.19241E-1 2.1401E-1 2.19623E-1 2.29176E-1 2.11389E-1 2.42833E-1 2.59004E-1 2.55889E-1 2.69681E-1 2.52901E-1 2.27108E-1 2.10661E-1 2.12477E-1 2.38633E-1 2.37668E-1 2.28732E-1 2.34504E-1 2.36921E-1 2.4498E-1 2.2956E-1 2.25289E-1 2.48319E-1 2.59657E-1 2.45687E-1 2.35935E-1 2.26421E-1 2.36069E-1 2.47352E-1 2.55236E-1 2.63324E-1 2.60064E-1 2.24057E-1 2.21625E-1 2.14888E-1 2.33357E-1 2.09385E-1 2.15436E-1 2.13584E-1 2.08167E-1
1.97118E-1 1.76768E-1 1.84981E-1 1.95791E-1 1.97589E-1 2.06253E-1 2.15437E-1 2.14862E-1 2.02656E-1 2.20358E-1 2.19487E-1 2.22799E-1 2.28597E-1 2.26186E-1 2.22365E-1 2.2931E-1 2.28229E-1 2.20398E-1 2.23434E-1 2.53808E-1 2.40342E-1 2.08899E-1 2.13004E-1 2.07645E-1 2.18606E-1 2.30722E-1 2.28974E-1 2.54645E-1 2.51182E-1 2.54815E-1 2.40038E-1 2.09018E-1 1.91524E-1 2.00213E-1 2.27699E-1 2.53641E-1 2.4632E-1 2.26331E-1 2.44561E-1 2.34906E-1 2.16865E-1 2.15159E-1 2.48918E-1 2.44344E-1 1.99116E-1 2.05639E-1 2.04241E-1 2.22776E-1 2.3978E-1 2.48107E-1 2.58997E-1 2.50315E-1 2.32746E-1 2.35199E-1 2.36155E-1 2.18413E-1 2.15307E-1 2.43427E-1 2.44872E-1 2.35616E-1 2.16746E-1
1.82327E-1 1.75972E-1 1.90348E-1 1.97366E-1 2.20845E-1 2.11625E-1 1.83843E-1 1.81501E-1 1.87818E-1 1.81595E-1 1.787E-1 1.8191E-1 1.9144E-1 1.92001E-1 1.9363E-1 1.95716E-1 2.03085E-1 1.99462E-1 2.06541E-1 2.06148E-1 2.08917E-1 2.05867E-1 2.42527E-1 2.38651E-1 2.19436E-1 2.26517E-1 2.48127E-1 2.48721E-1 2.38869E-1 2.1574E-1 2.01924E-1 1.99549E-1 2.18095E-1 2.37402E-1 2.41362E-1 2.53509E-1 2.32295E-1 2.17272E-1 2.22023E-1 2.25145E-1 2.12253E-1 2.30564E-1 2.20255E-1 2.10217E-1 2.11429E-1 2.07684E-1 2.01176E-1 2.20958E-1 2.40749E-1 2.77276E-1 2.40064E-1 2.2224E-1 2.20091E-1 2.30353E-1 2.40534E-1 2.28644E-1 2.5288E-1 2.74227E-1 2.95553E-1 3.23737E-1 2.65407E-1
1.67223E-1 1.79276E-1 2.10138E-1 1.82681E-1 1.77245E-1 1.80185E-1 1.75353E-1 1.82355E-1 1.78546E-1 1.98876E-1 1.92236E-1 2.17441E-1 2.15111E-1 2.24497E-1 2.31565E-1 2.30779E-1 2.29466E-1 2.5442E-1 2.27114E-1 2.14398E-1 2.07224E-1 2.03486E-1 2.26412E-1 2.28361E-1 2.19662E-1 2.32055E-1 2.29418E-1 2.27526E-1 2.61415E-1 2.21962E-1 2.22294E-1 2.18492E-1 2.57283E-1 2.59305E-1 2.58938E-1 2.76759E-1 2.50348E-1 2.44841E-1 2.49895E-1 2.4069E-1 2.40137E-1 2.3394E-1 2.35037E-1 2.47847E-1 2.32117E-1 2.26358E-1 2.27889E-1 2.34764E-1 2.52196E-1 2.58454E-1 2.38293E-1 2.23036E-1 2.20645E-1 2.27377E-1 2.71642E-1 2.64024E-1 2.29792E-1 2.42056E-1 2.84267E-1 2.8382E-1 2.32307E-1
1.76023E-1 1.99124E-1 2.17665E-1 2.40298E-1 1.9812E-1 2.19333E-1 2.2113E-1 2.29339E-1 2.40342E-1 2.12081E-1 2.03894E-1 2.15566E-1 2.25781E-1 2.46312E-1 2.28364E-1 2.25525E-1 2.26271E-1 2.49286E-1 2.55119E-1 2.39349E-1 2.42878E-1 2.08337E-1 2.45799E-1 2.3215E-1 2.2364E-1 2.36573E-1 2.63166E-1 2.72475E-1 2.31459E-1 2.30096E-1 2.13575E-1 2.47485E-1 2.69515E-1 2.56628E-1 2.52232E-1 2.83811E-1 2.55291E-1 2.73311E-1 2.69921E-1 2.88069E-1 3.0525E-1 2.36926E-1 2.23236E-1 2.35101E-1 2.24314E-1 2.26338E-1 2.25627E-1 2.74888E-1 2.79653E-1 2.50443E-1 2.43472E-1 2.52665E-1 2.60188E-1 2.43207E-1 2.37257E-1 2.3515E-1 2.25589E-1 2.35963E-1 2.38731E-1 2.40791E-1 2.59974E-1
2.19829E-1 1.84635E-1 2.05113E-1 2.23407E-1 1.93913E-1 2.24809E-1 2.14672E-1 2.43446E-1 2.39704E-1 2.18332E-1 2.28779E-1 2.07134E-1 1.95775E-1 1.88359E-1 1.81793E-1 2.0273E-1 1.97449E-1 2.17353E-1 2.08793E-1 2.09784E-1 2.12854E-1 2.00505E-1 2.25414E-1 2.39198E-1 2.25003E-1 2.4776E-1 2.74393E-1 2.32913E-1 2.25133E-1 2.01458E-1 2.17356E-1 2.35715E-1 2.29527E-1 2.27482E-1 2.30174E-1 2.33193E-1 2.35507E-1 2.28253E-1 2.47105E-1 2.74196E-1 2.47329E-1 2.39851E-1 2.31534E-1 2.55643E-1 2.48205E-1 2.36115E-1 2.63798E-1 2.76658E-1 2.45873E-1 2.32351E-1 2.3184E-1 2.31232E-1 2.44119E-1 2.34022E-1 2.45585E-1 2.27748E-1 2.53081E-1 2.86196E-1 2.66675E-1 2.5901E-1 2.28315E-1
