Artocarpus heterophyllus SDM files/MIS19/results (without bias file)/Arthet_max.asc
ncols         625
nrows         721
xllcorner     69.99986311115
yllcorner     5.99986187915
cellsize      0.041666667
NODATA_value  -9999
[rows 189 to 215 of 721, columns 427 to 487 of 625]
1.51918E-2 1.34462E-2 1.35256E-2 1.65158E-2 1.76409E-2 1.77418E-2 1.56478E-2 1.53525E-2 1.55591E-2 1.55033E-2 1.47655E-2 1.51187E-2 1.3673E-2 1.42235E-2 1.52351E-2 1.30385E-2 1.18321E-2 1.12059E-2 1.07597E-2 9.96224E-3 9.60105E-3 9.85532E-3 9.46285E-3 8.93022E-3 8.81609E-3 8.73861E-3 8.79532E-3 8.81036E-3 8.64608E-3 8.32458E-3 8.3342E-3 8.54233E-3 8.68229E-3 8.46151E-3 8.15285E-3 8.29845E-3 7.64987E-3 8.19347E-3 8.32837E-3 8.02646E-3 8.92706E-3 7.394E-3 7.641E-3 8.88158E-3 1.0599E-2 1.11855E-2 1.22912E-2 1.04154E-2 1.03974E-2 9.63121E-3 9.91085E-3 1.12722E-2 1.10953E-2 9.41611E-3 9.30109E-3 9.30937E-3 1.11539E-2 1.03103E-2 9.25901E-3 1.09675E-2 9.37221E-3
9.72399E-3 1.42607E-2 1.19365E-2 1.10181E-2 1.55881E-2 1.53459E-2 1.48448E-2 1.49516E-2 1.56975E-2 1.55357E-2 1.50191E-2 1.49736E-2 1.4732E-2 1.36008E-2 1.29451E-2 1.32396E-2 1.18862E-2 1.14094E-2 1.02032E-2 9.109E-3 1.0676E-2 1.03874E-2 9.57313E-3 9.32327E-3 8.82392E-3 8.68435E-3 8.35265E-3 8.71039E-3 8.65841E-3 8.22663E-3 8.43027E-3 8.83191E-3 8.65116E-3 8.96412E-3 9.19467E-3 9.21543E-3 8.5216E-3 8.68846E-3 9.30858E-3 1.02459E-2 9.12968E-3 7.48581E-3 7.83351E-3 9.10068E-3 1.12597E-2 9.8423E-3 1.31241E-2 1.22009E-2 1.11637E-2 1.05425E-2 1.1242E-2 1.21396E-2 1.12209E-2 1.33549E-2 1.3701E-2 1.45785E-2 1.39628E-2 1.55727E-2 1.49453E-2 1.33192E-2 1.4276E-2
2.05657E-2 1.4057E-2 1.02326E-2 7.89279E-3 1.3635E-2 1.13555E-2 1.14521E-2 1.18988E-2 1.32254E-2 1.28515E-2 1.49767E-2 1.5045E-2 1.39829E-2 1.32722E-2 1.24729E-2 1.23568E-2 9.05848E-3 1.02997E-2 8.48284E-3 8.94366E-3 1.32396E-2 1.18271E-2 1.05477E-2 1.03607E-2 9.27841E-3 8.26003E-3 8.09938E-3 8.20322E-3 8.38249E-3 8.07994E-3 8.58048E-3 9.059E-3 9.35115E-3 9.50256E-3 9.47556E-3 9.16087E-3 8.78801E-3 9.08135E-3 9.64833E-3 1.0715E-2 8.49949E-3 9.72175E-3 9.89149E-3 8.91935E-3 9.6491E-3 1.04126E-2 1.32E-2 1.38026E-2 1.33142E-2 1.36343E-2 1.13643E-2 1.33487E-2 1.34191E-2 1.4425E-2 1.59967E-2 1.6628E-2 1.46355E-2 1.27166E-2 1.40142E-2 1.46323E-2 1.2646E-2
8.80752E-3 6.30031E-3 8.10027E-3 7.38602E-3 1.13273E-2 7.64907E-3 7.15499E-3 8.55395E-3 9.97547E-3 1.09379E-2 1.17801E-2 1.17043E-2 1.18144E-2 8.94189E-3 9.64747E-3 9.57867E-3 5.14078E-3 4.24904E-3 8.2677E-3 1.28071E-2 1.26838E-2 9.7762E-3 9.65879E-3 1.07618E-2 1.10932E-2 8.88697E-3 7.83525E-3 7.42366E-3 8.45666E-3 9.25773E-3 9.1555E-3 9.62158E-3 9.45982E-3 9.35949E-3 9.68429E-3 9.13073E-3 8.95517E-3 8.62411E-3 9.64512E-3 1.0675E-2 9.19154E-3 1.11605E-2 1.14976E-2 1.04618E-2 1.12064E-2 1.21213E-2 1.23218E-2 1.5921E-2 1.57585E-2 1.55093E-2 1.2792E-2 1.17088E-2 1.4396E-2 1.65248E-2 1.70614E-2 1.60835E-2 1.54423E-2 1.48084E-2 1.59464E-2 1.44592E-2 1.4655E-2
6.87005E-3 6.14439E-3 5.2305E-3 9.58875E-3 1.04159E-2 4.79439E-3 3.61406E-3 3.91366E-3 6.86053E-3 8.01501E-3 7.73201E-3 6.6576E-3 4.34607E-3 4.22874E-3 4.50457E-3 6.25467E-3 1.06514E-2 5.04033E-3 1.14252E-2 1.3077E-2 8.66431E-3 9.44582E-3 1.08108E-2 1.18997E-2 1.06102E-2 7.82334E-3 7.42043E-3 7.70702E-3 8.45737E-3 9.57152E-3 1.01414E-2 9.73442E-3 9.75565E-3 9.89967E-3 1.02089E-2 9.11326E-3 8.59235E-3 9.12671E-3 1.0516E-2 1.05239E-2 1.10362E-2 1.12002E-2 1.23682E-2 1.21068E-2 1.24339E-2 1.36729E-2 1.41763E-2 1.77189E-2 1.87225E-2 1.71961E-2 1.24007E-2 1.2854E-2 1.33303E-2 1.79912E-2 1.98846E-2 1.27185E-2 1.69637E-2 1.76632E-2 1.34951E-2 1.2698E-2 1.42145E-2
6.20298E-3 4.99339E-3 5.47295E-3 5.77589E-3 7.99387E-3 8.4079E-3 7.41873E-3 6.66409E-3 6.89534E-3 6.46497E-3 4.53414E-3 3.97263E-3 8.97755E-3 5.82094E-3 5.09478E-3 1.3181E-2 1.10462E-2 1.49791E-2 1.56248E-2 1.65735E-2 1.54135E-2 1.19395E-2 1.3436E-2 1.37636E-2 1.00497E-2 8.01709E-3 7.92895E-3 8.48976E-3 1.01919E-2 1.03175E-2 9.92249E-3 9.25182E-3 1.00311E-2 1.02397E-2 9.35152E-3 8.62117E-3 8.83768E-3 8.41059E-3 9.05937E-3 1.05652E-2 1.21127E-2 1.16168E-2 1.34722E-2 1.44174E-2 1.4114E-2 1.66352E-2 1.86667E-2 2.14522E-2 1.96849E-2 1.49672E-2 1.25182E-2 1.28847E-2 1.50623E-2 2.08394E-2 1.66735E-2 1.54753E-2 1.72036E-2 1.81411E-2 1.51303E-2 1.32216E-2 1.58629E-2
6.95885E-3 5.35452E-3 4.81817E-3 4.76405E-3 3.63997E-3 3.96256E-3 3.6813E-3 3.70877E-3 5.79095E-3 9.25643E-3 1.17165E-2 1.13998E-2 9.23858E-3 1.24537E-2 1.40895E-2 1.06032E-2 1.32015E-2 1.67576E-2 1.60786E-2 1.1277E-2 1.13742E-2 1.23596E-2 1.55802E-2 1.25301E-2 1.23058E-2 1.19054E-2 1.01081E-2 1.03723E-2 1.12854E-2 1.132E-2 1.13194E-2 1.05661E-2 1.07325E-2 1.13438E-2 9.15687E-3 8.35608E-3 7.85569E-3 7.93115E-3 8.95099E-3 1.03376E-2 9.76287E-3 1.01686E-2 1.00268E-2 1.17742E-2 1.69383E-2 1.72772E-2 2.07658E-2 2.38842E-2 1.67655E-2 1.43513E-2 1.59253E-2 1.42487E-2 1.73592E-2 2.27934E-2 2.31483E-2 1.82068E-2 2.17742E-2 1.51985E-2 1.38546E-2 1.23859E-2 1.27749E-2
8.56853E-3 6.81979E-3 6.27087E-3 7.6706E-3 4.68298E-3 4.2003E-3 4.57698E-3 3.60856E-3 3.04925E-3 3.35325E-3 7.98878E-3 1.19706E-2 1.17629E-2 1.26935E-2 1.07581E-2 1.4765E-2 7.52793E-3 1.76444E-2 2.08627E-2 1.23822E-2 1.17771E-2 1.61256E-2 1.34426E-2 1.44904E-2 1.51121E-2 1.54815E-2 1.25108E-2 1.21808E-2 1.17225E-2 1.29061E-2 1.08381E-2 1.06562E-2 1.08049E-2 1.12147E-2 1.03044E-2 7.16387E-3 7.61068E-3 8.25237E-3 1.03403E-2 9.17621E-3 1.06939E-2 1.12302E-2 1.18078E-2 1.2928E-2 1.36601E-2 1.54934E-2 2.07401E-2 2.80919E-2 1.79002E-2 1.68216E-2 1.7701E-2 1.44406E-2 2.08301E-2 2.47304E-2 3.2017E-2 2.81722E-2 1.72306E-2 1.50647E-2 1.55268E-2 1.46738E-2 1.3791E-2
5.81258E-3 7.11092E-3 8.14939E-3 6.3788E-3 4.59337E-3 4.81597E-3 6.15802E-3 5.65976E-3 4.47427E-3 3.41233E-3 4.23359E-3 4.25114E-3 4.46403E-3 6.62913E-3 7.14364E-3 6.74812E-3 1.7068E-2 1.52097E-2 2.4021E-2 1.5335E-2 1.15882E-2 1.82449E-2 2.01611E-2 1.82919E-2 1.74598E-2 1.6814E-2 1.37996E-2 1.26305E-2 1.24518E-2 1.40495E-2 1.20335E-2 1.191E-2 1.32776E-2 1.30355E-2 1.02635E-2 7.83333E-3 1.05844E-2 1.21392E-2 1.12775E-2 1.01318E-2 1.10443E-2 1.17827E-2 1.14996E-2 1.25345E-2 1.54546E-2 1.9651E-2 2.44016E-2 2.8764E-2 2.0658E-2 1.64433E-2 2.27649E-2 1.7207E-2 2.24902E-2 3.17256E-2 3.03405E-2 1.97787E-2 1.90617E-2 1.7275E-2 1.56881E-2 1.62327E-2 1.73978E-2
5.7675E-3 9.09271E-3 1.1042E-2 6.79729E-3 5.59874E-3 1.62327E-2 1.45593E-2 9.88004E-3 8.32759E-3 3.48603E-3 4.12365E-3 4.6189E-3 5.45445E-3 6.60649E-3 1.32077E-2 2.20056E-2 2.31981E-2 2.39002E-2 2.56756E-2 1.67138E-2 1.74072E-2 1.95249E-2 2.06873E-2 2.2447E-2 2.15312E-2 1.70956E-2 1.54967E-2 1.34692E-2 1.39619E-2 1.39821E-2 1.32114E-2 1.28777E-2 1.30292E-2 1.40219E-2 1.15193E-2 1.13029E-2 1.2623E-2 1.19871E-2 1.23144E-2 1.10937E-2 1.23668E-2 1.27268E-2 1.31E-2 1.36669E-2 1.70138E-2 1.90687E-2 2.78111E-2 3.43327E-2 2.64902E-2 2.14044E-2 2.2274E-2 2.79512E-2 3.04893E-2 4.06413E-2 3.22769E-2 2.91944E-2 2.3679E-2 1.70902E-2 1.71559E-2 1.93977E-2 1.91363E-2
7.73855E-3 1.3763E-2 7.90224E-3 5.19049E-3 9.74791E-3 7.80093E-3 6.46463E-3 3.38279E-3 3.2361E-3 4.11244E-3 5.55431E-3 5.15724E-3 4.92151E-3 5.66458E-3 6.11076E-3 6.94103E-3 6.21211E-3 2.35847E-2 3.09268E-2 2.06609E-2 2.74175E-2 1.53748E-2 2.16044E-2 2.48855E-2 2.28819E-2 1.74963E-2 1.50031E-2 1.54394E-2 1.59714E-2 1.56478E-2 1.3855E-2 1.20455E-2 1.1798E-2 1.39931E-2 1.28105E-2 1.19783E-2 1.41461E-2 1.4188E-2 1.30607E-2 1.12521E-2 1.33999E-2 1.39127E-2 1.52804E-2 1.57304E-2 1.68183E-2 2.20291E-2 2.64471E-2 3.87915E-2 3.10959E-2 3.66814E-2 4.47442E-2 3.67995E-2 4.65367E-2 4.60225E-2 2.39259E-2 1.92173E-2 1.83172E-2 2.03427E-2 2.31675E-2 2.14581E-2 1.95959E-2
1.51789E-2 1.50724E-2 7.26152E-3 8.92534E-3 2.27164E-2 6.69371E-3 2.74788E-3 3.74848E-3 3.6921E-3 3.95953E-3 4.18684E-3 4.91698E-3 1.08315E-2 8.34939E-3 7.43221E-3 7.9116E-3 7.97667E-3 8.25587E-3 2.98339E-2 3.9924E-2 2.69842E-2 1.9514E-2 3.18922E-2 2.94657E-2 2.28067E-2 1.79619E-2 1.56783E-2 1.72502E-2 1.78388E-2 1.64815E-2 1.39101E-2 1.34633E-2 1.2493E-2 1.41004E-2 1.39789E-2 1.50386E-2 1.47151E-2 1.39049E-2 1.36429E-2 1.20913E-2 1.35718E-2 1.32155E-2 1.38253E-2 1.63354E-2 2.05814E-2 2.33482E-2 3.00957E-2 3.7438E-2 4.70083E-2 4.73425E-2 5.33379E-2 5.17985E-2 4.26694E-2 3.77994E-2 2.28636E-2 2.19741E-2 2.05759E-2 3.52693E-2 3.26786E-2 2.15709E-2 2.14172E-2
1.61672E-2 9.73392E-3 1.35448E-2 3.25939E-2 7.6732E-3 4.76056E-3 5.17408E-3 5.72537E-3 4.55817E-3 3.97758E-3 4.78508E-3 5.57662E-3 2.76224E-2 1.22584E-2 1.19746E-2 1.16029E-2 1.7173E-2 9.3599E-3 3.17911E-2 3.95854E-2 3.13367E-2 3.5837E-2 3.84051E-2 2.78653E-2 2.12405E-2 1.89847E-2 1.69031E-2 1.83543E-2 2.00848E-2 1.71638E-2 1.6354E-2 1.56242E-2 1.26474E-2 1.30497E-2 1.34432E-2 1.6981E-2 1.76366E-2 1.63017E-2 1.44712E-2 1.59963E-2 1.53341E-2 1.58641E-2 1.66282E-2 1.74358E-2 2.27642E-2 2.35691E-2 2.50579E-2 3.27228E-2 4.87649E-2 5.32374E-2 5.86909E-2 4.71072E-2 4.4008E-2 2.62283E-2 2.3684E-2 2.6294E-2 2.87339E-2 4.17794E-2 3.38688E-2 2.29678E-2 2.37707E-2
2.12677E-2 1.60692E-2 2.25313E-2 1.11892E-2 5.9103E-3 6.9973E-3 8.68398E-3 4.84609E-3 4.30497E-3 4.05697E-3 6.88162E-3 1.72493E-2 2.935E-2 4.28934E-2 4.62078E-2 3.70871E-2 3.3619E-2 1.33103E-2 1.17685E-2 4.35205E-2 4.95082E-2 5.1082E-2 2.84343E-2 2.49926E-2 2.1697E-2 2.17646E-2 2.04031E-2 2.35701E-2 2.39058E-2 2.12845E-2 2.08764E-2 1.68856E-2 1.403E-2 1.2589E-2 1.42323E-2 1.50017E-2 2.21257E-2 1.51845E-2 1.48397E-2 1.71323E-2 1.71344E-2 1.63479E-2 1.68255E-2 1.94084E-2 2.59722E-2 2.70634E-2 3.11067E-2 3.26864E-2 3.6834E-2 4.80459E-2 5.9597E-2 5.58995E-2 4.10188E-2 3.0988E-2 3.94494E-2 2.9747E-2 3.11741E-2 4.81921E-2 2.85729E-2 2.61711E-2 2.81304E-2
3.20692E-2 5.05952E-2 1.97847E-2 9.458E-3 9.36582E-3 6.52656E-3 4.99311E-3 4.15269E-3 4.78374E-3 5.29618E-3 6.40032E-3 1.5301E-2 2.94858E-2 3.50906E-2 5.06562E-2 6.37801E-2 5.69046E-2 5.21189E-2 4.22052E-2 4.4546E-2 6.04662E-2 5.49719E-2 2.49205E-2 1.58439E-2 2.43744E-2 2.43855E-2 2.48376E-2 2.91124E-2 2.80634E-2 2.64955E-2 2.15018E-2 1.71676E-2 1.51156E-2 1.63864E-2 1.7048E-2 1.74653E-2 2.21344E-2 2.18076E-2 2.0037E-2 2.10748E-2 2.22228E-2 1.97976E-2 1.90555E-2 2.13093E-2 2.77085E-2 3.35361E-2 2.77949E-2 3.7973E-2 4.34732E-2 4.52314E-2 6.18975E-2 4.50637E-2 5.08586E-2 4.5137E-2 4.48219E-2 4.32921E-2 4.76292E-2 4.53465E-2 2.84917E-2 3.57528E-2 4.6507E-2
6.0502E-2 3.79013E-2 1.48706E-2 1.10556E-2 7.08872E-3 6.66326E-3 4.79293E-3 4.76269E-3 5.52318E-3 6.11887E-3 4.71997E-3 5.00273E-3 5.49699E-3 7.64537E-3 1.87194E-2 4.99491E-2 6.24193E-2 2.87485E-1 9.12137E-2 6.49969E-2 5.22597E-2 5.08368E-2 3.002E-2 2.17969E-2 2.19934E-2 2.4232E-2 2.86677E-2 3.33829E-2 2.99187E-2 2.86003E-2 2.60506E-2 2.141E-2 2.02219E-2 1.8433E-2 2.3124E-2 2.11095E-2 2.20418E-2 2.82793E-2 2.36642E-2 3.07438E-2 3.00156E-2 2.48161E-2 2.23517E-2 2.51454E-2 3.14918E-2 3.20511E-2 3.08713E-2 3.16636E-2 3.712E-2 4.19857E-2 5.92092E-2 6.71683E-2 6.17265E-2 5.72481E-2 5.43011E-2 4.66533E-2 3.30171E-2 2.91978E-2 3.38087E-2 4.18791E-2 4.63015E-2
2.61241E-2 1.48357E-2 1.75332E-2 2.27061E-2 2.19646E-2 9.86198E-3 6.44862E-3 6.34106E-3 7.54055E-3 8.30963E-3 6.04258E-3 6.77479E-3 8.98437E-3 1.26487E-2 1.65442E-2 4.17547E-2 6.10902E-2 3.16797E-1 6.23447E-2 1.94321E-2 2.05441E-2 1.785E-2 1.43577E-2 1.56664E-2 1.90879E-2 2.35849E-2 2.93604E-2 3.71321E-2 2.99036E-2 3.50309E-2 3.11002E-2 2.55106E-2 2.53232E-2 2.45465E-2 2.80388E-2 2.60369E-2 2.4988E-2 3.09274E-2 3.12853E-2 3.39803E-2 3.19682E-2 2.90935E-2 2.69711E-2 2.66626E-2 3.45279E-2 3.4073E-2 3.9159E-2 3.04214E-2 3.71084E-2 4.32101E-2 5.12269E-2 6.13143E-2 4.8396E-2 4.65192E-2 4.34857E-2 2.90323E-2 3.83604E-2 3.83329E-2 3.10812E-2 3.05622E-2 3.88968E-2
1.80406E-2 2.1173E-2 3.8823E-2 2.58658E-2 1.62689E-2 1.2092E-2 7.33756E-3 7.37606E-3 1.00998E-2 1.35511E-2 1.09897E-2 1.46813E-2 1.6004E-2 2.55688E-2 2.02958E-2 1.5397E-2 3.50787E-2 3.66874E-1 2.87598E-2 4.23825E-2 6.83906E-2 4.73481E-2 2.84838E-2 1.0868E-2 1.68712E-2 2.66577E-2 3.23708E-2 4.00763E-2 3.96791E-2 3.86203E-2 3.4152E-2 3.30705E-2 2.948E-2 2.54314E-2 2.90331E-2 3.31133E-2 2.99414E-2 2.74516E-2 3.19354E-2 3.65418E-2 3.3559E-2 3.0629E-2 3.2147E-2 3.57912E-2 3.37119E-2 3.4772E-2 3.385E-2 2.89058E-2 3.54483E-2 4.15703E-2 5.14662E-2 4.87818E-2 4.11513E-2 3.40267E-2 2.80152E-2 3.24142E-2 2.84973E-2 4.08243E-2 3.59199E-2 2.90167E-2 3.92426E-2
2.94075E-2 4.17116E-2 3.80159E-2 3.38956E-2 1.98263E-2 9.63874E-3 8.56783E-3 1.00418E-2 9.67317E-3 1.80644E-2 1.96607E-2 2.17788E-2 3.3824E-2 3.77546E-2 2.2617E-2 3.22118E-2 4.76001E-2 3.61801E-1 8.64666E-2 8.70249E-2 5.83004E-2 1.99639E-2 1.33899E-2 1.1985E-2 1.03129E-2 1.33093E-2 3.2551E-2 3.45569E-2 4.14095E-2 4.4923E-2 3.21788E-2 3.45596E-2 3.37184E-2 2.76197E-2 2.8179E-2 3.02643E-2 3.87132E-2 3.19667E-2 3.11535E-2 3.60814E-2 4.21377E-2 3.56495E-2 3.30699E-2 3.81041E-2 3.46528E-2 3.15019E-2 2.54175E-2 2.99473E-2 3.78433E-2 4.66523E-2 5.1471E-2 4.8883E-2 4.46386E-2 3.45503E-2 3.24332E-2 3.43876E-2 3.02396E-2 3.66776E-2 3.29219E-2 2.73716E-2 2.31358E-2
3.42811E-2 9.20091E-2 6.79144E-2 2.40524E-2 1.69915E-2 2.13658E-2 1.1926E-2 1.85714E-2 1.94813E-2 2.99976E-2 4.16895E-2 2.78757E-2 4.62782E-2 3.53473E-2 1.8277E-2 3.1954E-2 3.84042E-1 3.15986E-2 3.37111E-2 4.50351E-2 3.49911E-2 3.26324E-2 1.69551E-2 1.53035E-2 1.44225E-2 1.19904E-2 1.33251E-2 3.01414E-2 4.63541E-2 2.16253E-2 3.10536E-2 3.59602E-2 3.39685E-2 3.05552E-2 3.49402E-2 3.7575E-2 3.95632E-2 4.51348E-2 3.25878E-2 3.31339E-2 3.99107E-2 4.02379E-2 3.99942E-2 4.73706E-2 3.79201E-2 3.33551E-2 2.70857E-2 3.07558E-2 3.82413E-2 4.1698E-2 5.32854E-2 6.87391E-2 4.46564E-2 5.18912E-2 5.50289E-2 5.27076E-2 3.99681E-2 3.48087E-2 2.74176E-2 3.02492E-2 2.36805E-2
3.73523E-2 3.33641E-1 3.69814E-2 2.41244E-2 3.39774E-2 2.68598E-2 1.30007E-2 1.71598E-2 2.88812E-2 3.76237E-2 4.13792E-2 2.06138E-1 2.17672E-1 3.45933E-2 2.51306E-2 2.36754E-1 2.08983E-1 3.09646E-2 5.08639E-2 2.38215E-1 4.62899E-2 2.82206E-2 2.67577E-2 1.78083E-2 1.44233E-2 1.1638E-2 1.29099E-2 1.14397E-2 2.15059E-2 5.33056E-2 3.65934E-2 2.05328E-2 3.02213E-2 3.65013E-2 4.64317E-2 4.68201E-2 4.40882E-2 4.8494E-2 3.82243E-2 3.83434E-2 3.7517E-2 4.22038E-2 4.56382E-2 4.35409E-2 3.98365E-2 2.90242E-2 2.22412E-2 3.01481E-2 3.40043E-2 4.05652E-2 4.72135E-2 6.08812E-2 8.05314E-2 9.36383E-2 8.62906E-2 9.40344E-2 6.86988E-2 3.83536E-2 4.21549E-2 5.53494E-2 4.13236E-2
3.71478E-1 3.32712E-1 8.05493E-2 8.14131E-2 5.15983E-2 1.97651E-2 2.06495E-2 5.76667E-2 3.77325E-2 4.72493E-2 3.02074E-1 2.31919E-1 1.73365E-1 3.03977E-2 1.91123E-1 3.76933E-1 3.93704E-2 1.6518E-1 2.21033E-1 2.69178E-1 4.1121E-2 3.51492E-2 5.09262E-2 2.70357E-2 1.62391E-2 2.08697E-2 1.5576E-2 1.36488E-2 2.28657E-2 4.28837E-2 1.89759E-2 3.04135E-2 3.28345E-2 2.11872E-2 3.22894E-2 4.63839E-2 5.48305E-2 5.30357E-2 5.1565E-2 4.19125E-2 4.53435E-2 5.12544E-2 5.73373E-2 4.23919E-2 3.32105E-2 2.82836E-2 2.37389E-2 3.25011E-2 3.45479E-2 4.8875E-2 5.46646E-2 5.96386E-2 6.94341E-2 2.99394E-1 3.65818E-1 1.08664E-1 6.18481E-2 5.90779E-2 8.74726E-2 5.26513E-2 3.96626E-2
6.51546E-2 3.30836E-2 3.13027E-2 2.37194E-2 2.66281E-2 1.35869E-2 1.46336E-2 1.97411E-2 2.3133E-2 2.72218E-2 3.8337E-2 1.67748E-1 2.42001E-1 3.41338E-2 3.20324E-2 4.86819E-2 2.74743E-1 2.30329E-1 4.48647E-2 1.84026E-1 2.08908E-1 2.36374E-1 6.09252E-2 4.03325E-2 3.13499E-2 3.42465E-2 3.1055E-2 2.26331E-2 2.38189E-2 4.82759E-2 2.22132E-2 3.84625E-2 5.21528E-2 4.06554E-2 2.07981E-2 2.18955E-2 4.20395E-2 4.457E-2 5.31378E-2 5.95975E-2 5.82431E-2 6.34582E-2 5.60873E-2 3.25482E-2 3.10344E-2 2.74378E-2 3.44773E-2 4.57711E-2 5.1312E-2 5.92373E-2 7.05343E-2 5.99086E-2 6.78326E-2 7.46044E-2 3.22669E-1 4.26927E-1 3.99922E-1 9.92766E-2 9.09672E-2 7.97798E-2 5.25719E-2
6.94762E-2 8.45727E-2 7.60031E-2 5.17927E-2 2.58292E-2 1.3108E-2 1.77024E-2 1.46641E-2 2.25231E-2 2.21766E-2 3.5589E-2 1.88679E-1 2.53358E-1 1.83455E-1 2.84523E-2 3.96797E-2 2.89902E-1 2.9707E-1 3.04159E-1 4.48009E-1 3.34616E-1 6.43284E-2 5.81577E-2 2.52075E-2 4.13067E-2 5.85512E-2 5.06046E-2 3.93019E-2 3.31537E-2 5.39272E-2 3.75788E-2 4.86167E-2 7.36964E-2 4.92199E-2 3.31238E-2 2.66516E-2 3.1974E-2 2.27502E-2 2.79865E-2 6.02039E-2 6.20085E-2 6.39559E-2 7.26468E-2 6.10326E-2 3.7261E-2 4.15701E-2 2.57107E-2 5.10812E-2 6.60966E-2 7.20108E-2 2.91117E-2 5.94047E-2 6.51553E-2 8.5527E-2 3.62803E-1 4.10923E-1 8.6977E-2 7.38793E-2 8.12577E-2 5.03172E-2 1.70094E-2
3.25989E-1 5.58899E-2 5.19013E-2 4.16052E-2 1.85158E-2 1.17034E-2 1.86836E-2 2.58577E-2 3.74442E-2 2.46415E-1 2.0153E-1 2.75437E-1 2.05379E-1 1.65305E-1 3.42679E-2 1.74396E-1 2.14369E-1 3.37717E-1 2.14001E-1 5.55173E-2 3.04201E-1 6.18904E-2 3.10186E-2 2.86173E-2 5.76334E-2 3.09656E-1 6.70564E-2 5.67959E-2 2.63499E-2 5.09355E-2 1.13577E-1 1.12932E-1 8.61533E-2 3.37836E-2 4.33438E-2 4.43342E-2 7.61504E-2 3.24691E-2 3.16587E-2 2.26494E-2 2.65316E-2 6.47108E-2 6.96776E-2 2.26407E-2 2.54011E-2 5.35443E-2 3.68032E-2 3.84007E-2 6.57155E-2 7.70874E-2 3.26876E-2 2.70975E-2 4.26854E-2 7.98523E-2 3.77134E-1 5.87198E-2 4.107E-2 3.62862E-2 2.53441E-2 2.17602E-2 2.08798E-2
7.09172E-2 6.18621E-2 1.88292E-2 1.64919E-2 1.33507E-2 1.14667E-2 1.8682E-2 3.84373E-2 2.03547E-1 2.10125E-1 3.59613E-1 3.59345E-1 3.69547E-1 2.90411E-1 2.387E-1 2.57487E-1 2.96563E-1 1.92248E-1 1.81242E-1 4.67353E-2 3.71736E-2 3.94319E-2 8.65757E-3 1.78087E-2 6.85565E-2 3.27359E-1 2.597E-1 4.21428E-2 4.42852E-2 3.44886E-2 3.79006E-2 5.06829E-2 4.26901E-1 6.28182E-2 7.3071E-2 8.82317E-2 3.09016E-2 4.63109E-2 4.52838E-2 4.02716E-2 3.27113E-2 7.67074E-2 2.91425E-2 2.72435E-2 2.71077E-2 5.03627E-2 6.01314E-2 7.84915E-2 7.2722E-2 8.32799E-2 5.00226E-2 3.30797E-2 8.50594E-2 9.79166E-2 3.98901E-1 4.63437E-1 4.85026E-1 6.93042E-2 4.9129E-2 3.29471E-2 3.88821E-2
2.30492E-2 1.91297E-2 1.9966E-2 3.09837E-2 2.31043E-2 1.69506E-2 2.59205E-2 2.60921E-2 3.68031E-2 2.32096E-1 3.24276E-1 4.08663E-2 2.45817E-1 4.87291E-2 2.58418E-1 2.95037E-1 2.20044E-1 2.35476E-1 2.1075E-1 2.9417E-2 2.75117E-2 2.74156E-2 1.45697E-2 1.63363E-2 3.03429E-2 2.69896E-1 3.45174E-1 2.43428E-1 2.84787E-1 5.17158E-2 1.55466E-2 2.40607E-2 6.55959E-2 3.46319E-1 3.53361E-1 7.80316E-2 3.24717E-2 5.41381E-2 7.0153E-2 6.91465E-2 3.13307E-2 4.78661E-2 6.01245E-2 3.88105E-2 2.20658E-2 2.09736E-2 3.13568E-2 3.66053E-2 4.33865E-2 8.85552E-2 3.66584E-1 5.44245E-2 4.95737E-2 9.92521E-2 4.36193E-1 4.94799E-1 4.7364E-1 1.23515E-1 5.60566E-2 3.75825E-2 7.57243E-2
