Artocarpus heterophyllus SDM files/MIS19/results (without bias file)/Arthet_0.asc
ncols         625
nrows         721
xllcorner     69.99986311115
yllcorner     5.99986187915
cellsize      0.041666667
NODATA_value  -9999
[rows 405 to 431 of 721, columns 61 to 121 of 625]
-9999 -9999 -9999 -9999 -9999 5.55335E-1 5.69905E-1 6.5796E-1 7.25269E-1 6.0341E-1 6.65753E-1 8.3902E-1 6.88644E-1 7.71099E-1 8.75369E-1 8.79698E-1 7.15089E-1 7.74386E-1 9.69347E-1 9.7369E-1 9.91881E-1 9.49736E-1 8.79773E-1 9.47904E-1 7.16564E-1 5.37958E-1 5.81271E-1 4.15998E-1 3.74202E-1 3.26329E-1 2.41414E-1 1.87669E-1 1.80121E-1 1.68086E-1 1.63403E-1 1.37523E-1 1.10009E-1 1.0858E-1 1.1213E-1 1.34981E-1 1.25589E-1 9.56909E-2 7.87031E-2 8.27063E-2 5.9062E-2 6.24384E-2 5.30946E-2 4.89691E-2 4.76418E-2 4.23121E-2 4.16973E-2 3.91013E-2 3.75384E-2 4.79956E-2 5.93983E-2 8.69046E-2 7.85935E-2 5.6348E-2 3.4654E-2 3.77103E-2 4.5734E-2
-9999 -9999 -9999 -9999 -9999 -9999 5.94308E-1 6.33552E-1 6.9599E-1 6.26917E-1 7.05771E-1 8.53101E-1 7.67145E-1 7.51347E-1 8.62963E-1 8.15416E-1 8.91254E-1 7.22586E-1 8.83955E-1 9.00925E-1 9.71065E-1 9.77271E-1 9.05351E-1 9.40455E-1 6.9669E-1 4.67607E-1 4.22502E-1 3.5759E-1 2.82342E-1 2.73818E-1 2.39835E-1 2.15856E-1 1.89312E-1 1.79508E-1 1.50851E-1 1.50004E-1 1.15309E-1 9.68546E-2 9.62515E-2 1.06175E-1 9.6288E-2 1.07592E-1 1.16619E-1 9.28979E-2 8.20829E-2 7.3263E-2 5.29729E-2 4.72362E-2 4.47125E-2 4.48825E-2 4.45155E-2 3.49889E-2 3.19826E-2 4.51647E-2 6.02765E-2 6.69582E-2 5.78827E-2 5.95455E-2 6.46944E-2 5.63714E-2 5.61388E-2
-9999 -9999 -9999 -9999 -9999 -9999 5.91495E-1 5.92674E-1 6.372E-1 6.08574E-1 6.7934E-1 8.44401E-1 8.03013E-1 8.0215E-1 8.75991E-1 8.89805E-1 8.40273E-1 8.51145E-1 8.32555E-1 9.31807E-1 9.64823E-1 9.84963E-1 9.51404E-1 9.45588E-1 7.50518E-1 6.25767E-1 6.71576E-1 4.9991E-1 3.58106E-1 2.33089E-1 2.08021E-1 1.97801E-1 1.72466E-1 1.63369E-1 1.80221E-1 1.31732E-1 1.22075E-1 1.3757E-1 7.16093E-2 8.44477E-2 8.19457E-2 8.36762E-2 8.62589E-2 7.01394E-2 9.65591E-2 7.81366E-2 6.04458E-2 4.32797E-2 4.7799E-2 5.07096E-2 4.09909E-2 3.84477E-2 2.88127E-2 3.53441E-2 4.98447E-2 5.73021E-2 5.24226E-2 5.56657E-2 7.40386E-2 5.78118E-2 7.62773E-2
-9999 -9999 -9999 -9999 -9999 -9999 5.80527E-1 5.9042E-1 6.81793E-1 6.39808E-1 6.79861E-1 8.20528E-1 8.28152E-1 8.67159E-1 8.92638E-1 9.01377E-1 9.37724E-1 7.98144E-1 8.2063E-1 8.65074E-1 9.75345E-1 9.81927E-1 9.731E-1 9.24769E-1 9.10789E-1 6.34341E-1 4.64401E-1 4.10454E-1 3.95259E-1 3.36709E-1 2.59828E-1 2.28868E-1 1.82576E-1 1.62538E-1 1.2917E-1 1.45759E-1 1.15158E-1 1.23345E-1 8.47932E-2 7.47875E-2 7.60294E-2 7.38041E-2 6.17741E-2 6.41512E-2 8.81436E-2 6.50948E-2 5.34105E-2 6.40848E-2 5.62696E-2 5.31787E-2 4.60282E-2 3.5542E-2 3.29141E-2 3.00301E-2 4.21526E-2 5.51598E-2 5.37161E-2 5.39302E-2 5.99265E-2 4.72375E-2 5.19785E-2
-9999 -9999 -9999 -9999 -9999 -9999 5.79047E-1 5.70174E-1 6.47834E-1 6.8974E-1 7.07294E-1 7.89213E-1 8.28882E-1 8.34143E-1 8.19525E-1 9.04375E-1 8.28019E-1 8.07428E-1 7.96004E-1 8.87989E-1 9.85599E-1 9.82212E-1 9.77021E-1 9.38232E-1 7.03137E-1 6.4437E-1 4.67377E-1 3.43093E-1 2.84385E-1 2.51991E-1 2.58803E-1 2.92396E-1 2.53666E-1 1.62118E-1 1.27385E-1 1.21773E-1 1.08921E-1 9.20544E-2 7.82695E-2 8.52425E-2 6.52919E-2 6.93868E-2 7.17187E-2 6.10615E-2 5.89627E-2 7.8552E-2 4.99833E-2 4.50862E-2 5.29237E-2 5.32906E-2 4.43955E-2 3.54457E-2 3.63781E-2 3.0903E-2 3.27427E-2 4.73271E-2 5.60194E-2 4.55528E-2 5.63216E-2 4.23702E-2 4.5699E-2
-9999 -9999 -9999 -9999 -9999 5.54371E-1 5.87631E-1 5.71228E-1 6.26509E-1 7.10965E-1 7.15804E-1 8.29926E-1 8.71071E-1 8.66009E-1 8.01126E-1 8.61159E-1 8.43068E-1 8.32306E-1 9.02947E-1 9.39811E-1 9.88803E-1 9.74467E-1 8.31336E-1 8.46909E-1 7.13244E-1 5.87348E-1 6.52438E-1 4.59098E-1 3.24194E-1 2.58155E-1 2.16228E-1 2.31133E-1 2.37801E-1 2.08884E-1 1.84455E-1 1.80674E-1 1.25987E-1 9.92561E-2 7.98717E-2 6.44263E-2 7.41514E-2 5.73444E-2 6.63119E-2 6.8131E-2 5.38635E-2 6.49271E-2 5.76853E-2 4.1484E-2 3.48861E-2 5.14819E-2 4.13174E-2 4.41638E-2 3.24999E-2 3.52921E-2 3.0697E-2 3.71396E-2 4.62076E-2 5.03852E-2 4.1899E-2 4.1072E-2 3.54459E-2
-9999 -9999 -9999 -9999 -9999 -9999 5.7036E-1 5.67862E-1 7.02978E-1 6.76414E-1 6.89199E-1 7.73744E-1 8.76042E-1 8.74737E-1 8.47976E-1 8.81839E-1 9.13354E-1 9.32029E-1 9.54701E-1 9.55838E-1 8.48197E-1 8.84011E-1 8.13069E-1 7.66509E-1 7.13648E-1 7.13042E-1 5.04676E-1 5.2285E-1 4.09425E-1 2.92591E-1 2.27626E-1 2.01815E-1 2.10736E-1 2.26921E-1 2.09499E-1 1.98175E-1 1.32879E-1 9.37811E-2 8.69308E-2 7.02608E-2 6.25414E-2 5.84736E-2 5.4593E-2 6.4208E-2 6.3893E-2 4.83122E-2 5.98692E-2 4.62962E-2 3.88118E-2 4.1678E-2 4.90223E-2 5.08452E-2 3.5164E-2 3.46992E-2 3.44112E-2 3.2811E-2 3.82652E-2 5.07147E-2 4.18238E-2 3.77688E-2 3.80287E-2
-9999 -9999 -9999 -9999 -9999 -9999 -9999 -9999 6.50333E-1 7.33285E-1 7.03328E-1 8.33163E-1 8.70967E-1 8.69781E-1 8.61955E-1 8.87453E-1 8.38901E-1 8.98484E-1 8.62072E-1 9.74122E-1 9.86465E-1 7.8974E-1 8.06534E-1 8.14449E-1 6.99561E-1 6.5233E-1 6.74713E-1 4.54626E-1 3.86147E-1 2.95954E-1 2.49235E-1 2.16468E-1 1.7524E-1 2.2314E-1 2.14501E-1 1.62885E-1 1.33597E-1 1.26842E-1 1.23801E-1 8.98721E-2 6.07617E-2 5.14472E-2 5.08095E-2 5.03394E-2 4.70576E-2 5.16586E-2 4.57975E-2 5.21328E-2 3.31497E-2 3.73554E-2 4.32133E-2 5.12194E-2 4.08038E-2 3.53276E-2 3.70373E-2 3.47806E-2 2.78787E-2 3.47373E-2 4.71743E-2 3.73063E-2 3.81032E-2
-9999 -9999 -9999 -9999 -9999 -9999 -9999 6.27175E-1 6.33419E-1 6.40298E-1 7.02351E-1 7.58454E-1 8.39317E-1 8.71915E-1 9.06967E-1 8.58792E-1 8.79106E-1 8.80357E-1 9.7216E-1 9.54099E-1 8.46453E-1 8.79788E-1 8.2756E-1 8.2235E-1 8.58815E-1 6.6642E-1 6.27885E-1 5.5842E-1 3.84363E-1 3.07984E-1 2.56857E-1 2.26864E-1 1.83156E-1 1.90721E-1 2.18055E-1 1.51527E-1 1.33672E-1 1.1716E-1 9.8328E-2 8.79763E-2 7.55442E-2 5.85788E-2 6.10412E-2 5.03372E-2 3.71487E-2 4.51617E-2 4.44697E-2 5.47669E-2 3.76465E-2 3.37902E-2 3.84976E-2 4.27125E-2 5.03322E-2 4.13989E-2 3.3452E-2 3.39528E-2 3.17958E-2 3.47257E-2 3.52236E-2 4.66214E-2 3.79797E-2
-9999 -9999 -9999 -9999 -9999 -9999 -9999 6.34726E-1 7.32492E-1 6.34927E-1 6.18906E-1 7.19386E-1 8.26819E-1 8.67432E-1 8.74217E-1 8.73898E-1 8.96854E-1 8.63772E-1 9.61291E-1 8.2634E-1 8.34184E-1 8.54726E-1 8.62594E-1 8.4587E-1 7.19459E-1 6.04838E-1 5.29077E-1 4.9895E-1 4.0961E-1 3.67349E-1 2.88339E-1 2.26234E-1 1.98469E-1 1.72769E-1 2.08926E-1 1.83494E-1 1.10045E-1 9.83837E-2 9.4823E-2 7.19074E-2 8.15393E-2 7.927E-2 6.2638E-2 6.11369E-2 4.00874E-2 4.33273E-2 4.38678E-2 4.46805E-2 4.3462E-2 3.0417E-2 3.75349E-2 4.25335E-2 4.46065E-2 4.29274E-2 3.8769E-2 3.37586E-2 3.38796E-2 3.48828E-2 3.80646E-2 3.54919E-2 4.01727E-2
-9999 -9999 -9999 -9999 -9999 -9999 -9999 6.34482E-1 7.37728E-1 6.6951E-1 6.15325E-1 6.97029E-1 8.0484E-1 8.63892E-1 8.74597E-1 8.34856E-1 8.33663E-1 8.56374E-1 8.45987E-1 8.31809E-1 8.08791E-1 8.29369E-1 8.61943E-1 8.71501E-1 7.72003E-1 7.81151E-1 5.76421E-1 4.49896E-1 3.85134E-1 3.0414E-1 2.83143E-1 2.75876E-1 2.46331E-1 1.90783E-1 1.62631E-1 1.57012E-1 1.34733E-1 1.00572E-1 8.27157E-2 7.46031E-2 6.2045E-2 7.72455E-2 5.50736E-2 5.73662E-2 4.83481E-2 3.71254E-2 3.52099E-2 4.40761E-2 3.63447E-2 3.6152E-2 4.43118E-2 3.8794E-2 3.43585E-2 3.17976E-2 4.33511E-2 4.64961E-2 3.64961E-2 3.76742E-2 3.37573E-2 3.45618E-2 3.58044E-2
-9999 -9999 -9999 -9999 -9999 -9999 5.76476E-1 6.50426E-1 7.69816E-1 7.49449E-1 5.77497E-1 6.52743E-1 8.73451E-1 8.78679E-1 8.57476E-1 8.30513E-1 8.33292E-1 8.10824E-1 9.67676E-1 9.84299E-1 8.2782E-1 8.27745E-1 9.2153E-1 7.51896E-1 7.57138E-1 6.22312E-1 5.14087E-1 4.57228E-1 3.65104E-1 3.22305E-1 2.4878E-1 2.2911E-1 2.18601E-1 2.12116E-1 1.4933E-1 1.33346E-1 1.40939E-1 1.15059E-1 7.77376E-2 7.98453E-2 5.28146E-2 5.79626E-2 6.5652E-2 5.02775E-2 4.90643E-2 4.07875E-2 3.39357E-2 3.49211E-2 3.67048E-2 3.48955E-2 3.74346E-2 3.53896E-2 3.40994E-2 3.12307E-2 3.49798E-2 4.37382E-2 4.78552E-2 3.5158E-2 3.62668E-2 3.71862E-2 3.70516E-2
-9999 -9999 -9999 -9999 -9999 -9999 -9999 6.43112E-1 7.21423E-1 7.78825E-1 7.6025E-1 7.54475E-1 6.81445E-1 8.69983E-1 8.86763E-1 7.95501E-1 7.98387E-1 7.14398E-1 9.68145E-1 8.06978E-1 7.88717E-1 8.28336E-1 8.24122E-1 8.94732E-1 7.41848E-1 5.11156E-1 4.30898E-1 3.59159E-1 3.41341E-1 3.19185E-1 2.74654E-1 2.47024E-1 2.12649E-1 1.90421E-1 1.68291E-1 1.57756E-1 1.1103E-1 1.07188E-1 8.2069E-2 6.98064E-2 5.61032E-2 5.74548E-2 5.68305E-2 5.35254E-2 4.5136E-2 4.27984E-2 3.37484E-2 3.26063E-2 3.8394E-2 3.17716E-2 3.74E-2 3.33613E-2 3.17508E-2 3.34479E-2 3.80043E-2 3.57601E-2 4.51248E-2 4.85959E-2 4.39926E-2 3.6435E-2 3.64251E-2
-9999 -9999 -9999 -9999 -9999 -9999 -9999 -9999 6.84446E-1 7.26777E-1 8.29015E-1 7.96679E-1 6.87374E-1 7.17633E-1 8.58518E-1 7.88539E-1 7.46012E-1 8.0122E-1 9.75272E-1 7.52661E-1 8.07526E-1 8.11398E-1 7.84126E-1 8.43827E-1 8.63642E-1 6.86215E-1 5.58262E-1 3.96842E-1 3.17076E-1 2.64829E-1 2.4057E-1 2.35486E-1 2.52855E-1 2.06712E-1 1.80889E-1 1.63597E-1 1.24868E-1 8.96093E-2 8.05478E-2 7.24148E-2 6.62142E-2 5.79764E-2 4.73916E-2 4.96283E-2 4.10135E-2 4.33855E-2 4.20567E-2 3.37382E-2 3.6191E-2 3.79409E-2 3.7433E-2 3.31918E-2 3.21612E-2 3.54695E-2 3.73283E-2 3.72703E-2 4.54454E-2 4.51694E-2 4.30882E-2 4.67048E-2 5.10488E-2
-9999 -9999 -9999 -9999 -9999 -9999 -9999 -9999 6.81056E-1 7.42861E-1 7.47109E-1 8.30375E-1 7.98882E-1 6.80324E-1 8.20504E-1 8.63156E-1 8.11668E-1 8.82916E-1 8.9975E-1 7.58422E-1 8.06737E-1 8.12573E-1 7.93206E-1 8.62415E-1 7.38823E-1 7.3931E-1 5.69547E-1 4.43606E-1 3.49957E-1 2.95674E-1 2.53812E-1 2.21428E-1 2.15528E-1 1.86809E-1 1.68718E-1 1.50395E-1 1.26131E-1 1.056E-1 7.83859E-2 6.58368E-2 5.69417E-2 5.2513E-2 4.7389E-2 4.95063E-2 4.14243E-2 4.13208E-2 3.75568E-2 3.77701E-2 3.57047E-2 4.08405E-2 3.80655E-2 3.36897E-2 3.11766E-2 3.58391E-2 3.92232E-2 4.05348E-2 3.54194E-2 4.17284E-2 4.33956E-2 4.10644E-2 4.99566E-2
-9999 -9999 -9999 -9999 -9999 -9999 -9999 -9999 7.27875E-1 7.67378E-1 6.6597E-1 8.36145E-1 8.15068E-1 8.03568E-1 7.75572E-1 8.07138E-1 8.03686E-1 7.71064E-1 9.68329E-1 8.92944E-1 7.40959E-1 8.58854E-1 9.23949E-1 7.99102E-1 6.47467E-1 5.30307E-1 4.24472E-1 3.44796E-1 4.12709E-1 2.9292E-1 2.6652E-1 2.17067E-1 2.05072E-1 1.88366E-1 1.45699E-1 1.25094E-1 1.1113E-1 9.40825E-2 8.29407E-2 7.04596E-2 6.59226E-2 5.8882E-2 5.38832E-2 4.73918E-2 3.97739E-2 3.87904E-2 3.87302E-2 3.93534E-2 3.64836E-2 4.33749E-2 3.55597E-2 3.21669E-2 2.91578E-2 3.65445E-2 3.65856E-2 4.02678E-2 3.68979E-2 3.56976E-2 4.06965E-2 4.31281E-2 3.71489E-2
-9999 -9999 -9999 -9999 -9999 -9999 -9999 -9999 8.10762E-1 8.10774E-1 5.96032E-1 7.25015E-1 8.05664E-1 8.31872E-1 8.26033E-1 8.49427E-1 8.53365E-1 8.0496E-1 9.29878E-1 9.77616E-1 9.86456E-1 7.98101E-1 9.39696E-1 8.62653E-1 7.48389E-1 5.56609E-1 4.42277E-1 3.63715E-1 3.47245E-1 2.43731E-1 2.17324E-1 2.54294E-1 2.3177E-1 1.90559E-1 1.53715E-1 1.21372E-1 1.3588E-1 1.0501E-1 9.45492E-2 9.78823E-2 7.23775E-2 6.35132E-2 5.76599E-2 4.50965E-2 4.37921E-2 4.10227E-2 4.02917E-2 3.99613E-2 3.49172E-2 3.56812E-2 3.48662E-2 3.29246E-2 3.06055E-2 3.74219E-2 3.33013E-2 3.95056E-2 3.69314E-2 3.93925E-2 5.11007E-2 4.58934E-2 3.83557E-2
-9999 -9999 -9999 -9999 -9999 -9999 -9999 -9999 8.14961E-1 7.96747E-1 6.3442E-1 6.77217E-1 8.1374E-1 7.27986E-1 6.88081E-1 7.54275E-1 8.67834E-1 8.35283E-1 9.5586E-1 8.90254E-1 9.84634E-1 7.50962E-1 7.24874E-1 6.83522E-1 6.31793E-1 5.78517E-1 4.72611E-1 4.76039E-1 2.90241E-1 2.35686E-1 2.62677E-1 2.70101E-1 2.45134E-1 1.93964E-1 1.64496E-1 1.81517E-1 1.40682E-1 1.09256E-1 9.76461E-2 8.82646E-2 7.00966E-2 6.51944E-2 4.88321E-2 4.14356E-2 4.04789E-2 4.04945E-2 4.81302E-2 4.08717E-2 3.84672E-2 3.54573E-2 2.93287E-2 3.66879E-2 3.04434E-2 3.07939E-2 3.51542E-2 3.52862E-2 3.47452E-2 4.00256E-2 4.63431E-2 5.04424E-2 4.58942E-2
-9999 -9999 -9999 -9999 -9999 -9999 -9999 -9999 7.76952E-1 8.23425E-1 8.1663E-1 7.76323E-1 7.75072E-1 7.83789E-1 8.2146E-1 7.83999E-1 7.28916E-1 7.89138E-1 9.66721E-1 9.20374E-1 9.89125E-1 8.29091E-1 9.31923E-1 8.41629E-1 7.02539E-1 5.62559E-1 5.26634E-1 3.53309E-1 2.9999E-1 3.34417E-1 3.11059E-1 2.64778E-1 2.46809E-1 2.04311E-1 1.9905E-1 1.57289E-1 1.67365E-1 9.65271E-2 8.64789E-2 7.21114E-2 6.80028E-2 6.452E-2 4.22286E-2 3.44315E-2 3.80125E-2 4.72893E-2 4.84297E-2 3.8385E-2 3.57819E-2 3.95711E-2 3.37184E-2 3.03201E-2 2.84696E-2 2.92506E-2 3.30189E-2 3.34354E-2 3.7348E-2 4.32751E-2 3.76716E-2 3.716E-2 4.64795E-2
-9999 -9999 -9999 -9999 -9999 -9999 -9999 -9999 7.69374E-1 8.34177E-1 8.08119E-1 8.26676E-1 8.20493E-1 6.88838E-1 8.37485E-1 8.51787E-1 7.26449E-1 9.64858E-1 9.51316E-1 9.59468E-1 9.79082E-1 7.83172E-1 7.06915E-1 7.60129E-1 6.47936E-1 5.38919E-1 4.90546E-1 3.64042E-1 3.67408E-1 3.34127E-1 2.36364E-1 1.88644E-1 2.48642E-1 1.80713E-1 1.52374E-1 1.18333E-1 1.08789E-1 8.91552E-2 7.0772E-2 6.03734E-2 5.91766E-2 5.12581E-2 4.23802E-2 4.28207E-2 4.43235E-2 4.70501E-2 4.04114E-2 3.57209E-2 3.20986E-2 3.13027E-2 3.4869E-2 3.27433E-2 3.34342E-2 3.01671E-2 2.87751E-2 3.42368E-2 3.98627E-2 3.56812E-2 3.66214E-2 3.76224E-2 3.54211E-2
-9999 -9999 -9999 -9999 -9999 -9999 -9999 -9999 -9999 7.65537E-1 7.89947E-1 8.10157E-1 7.78706E-1 8.04811E-1 8.26736E-1 8.42909E-1 7.06268E-1 9.70336E-1 9.65485E-1 9.80004E-1 8.08805E-1 7.89701E-1 7.27037E-1 8.80002E-1 7.7995E-1 5.2545E-1 4.79897E-1 4.06515E-1 4.26714E-1 3.51012E-1 2.82004E-1 1.90876E-1 2.23528E-1 2.4069E-1 2.02758E-1 1.50022E-1 1.08974E-1 7.89736E-2 6.53541E-2 5.25273E-2 4.89888E-2 4.39515E-2 4.0559E-2 3.8867E-2 3.75945E-2 4.5008E-2 3.92921E-2 3.45662E-2 3.2143E-2 3.41603E-2 3.69392E-2 3.14644E-2 2.88369E-2 2.98582E-2 2.50164E-2 3.09354E-2 4.20965E-2 3.22915E-2 3.03953E-2 3.99667E-2 3.19525E-2
-9999 -9999 -9999 -9999 -9999 -9999 -9999 -9999 -9999 7.96893E-1 7.33083E-1 8.43721E-1 8.43188E-1 8.26267E-1 8.42957E-1 8.15155E-1 7.27938E-1 9.35649E-1 9.65952E-1 9.85278E-1 9.69239E-1 9.71029E-1 9.72975E-1 9.16618E-1 8.94714E-1 7.64837E-1 5.53044E-1 3.83207E-1 3.07923E-1 2.9543E-1 2.43089E-1 2.39693E-1 1.96855E-1 2.08206E-1 2.35594E-1 2.04318E-1 1.1199E-1 1.37711E-1 9.3067E-2 5.75436E-2 5.043E-2 4.19608E-2 4.09429E-2 3.71223E-2 3.39924E-2 3.77545E-2 3.62275E-2 3.46448E-2 3.88572E-2 3.48585E-2 3.31306E-2 2.88368E-2 3.2495E-2 2.98241E-2 2.80047E-2 3.23057E-2 2.98541E-2 3.16834E-2 3.63373E-2 3.30026E-2 3.57548E-2
-9999 -9999 -9999 -9999 -9999 -9999 -9999 -9999 -9999 8.252E-1 8.09062E-1 8.35321E-1 7.64253E-1 7.39468E-1 8.46415E-1 7.89604E-1 6.98972E-1 8.7236E-1 9.42109E-1 9.64542E-1 9.80103E-1 9.78995E-1 8.7763E-1 9.46168E-1 9.0977E-1 8.36755E-1 7.10819E-1 6.16256E-1 4.10317E-1 2.93716E-1 3.19013E-1 2.51481E-1 1.86795E-1 1.97623E-1 1.94081E-1 1.52735E-1 1.36104E-1 1.26863E-1 9.35841E-2 7.30271E-2 5.38772E-2 4.12459E-2 4.42235E-2 4.10447E-2 3.66885E-2 3.28093E-2 3.41765E-2 3.17153E-2 3.87703E-2 3.71092E-2 3.54853E-2 2.991E-2 3.20598E-2 3.09557E-2 2.8925E-2 2.8978E-2 3.37148E-2 3.93203E-2 3.3762E-2 3.23777E-2 3.50364E-2
-9999 -9999 -9999 -9999 -9999 -9999 -9999 -9999 -9999 -9999 8.55371E-1 8.12892E-1 7.60113E-1 8.77279E-1 8.62363E-1 8.22216E-1 7.9149E-1 8.45972E-1 9.13811E-1 9.58287E-1 9.85383E-1 9.86882E-1 8.99308E-1 9.53763E-1 9.11343E-1 9.17496E-1 7.96188E-1 6.65209E-1 4.29705E-1 3.78708E-1 2.59933E-1 2.44066E-1 2.01106E-1 1.66223E-1 1.62547E-1 1.60463E-1 1.37682E-1 1.17117E-1 9.25009E-2 8.30067E-2 5.11344E-2 4.92107E-2 3.90365E-2 5.35484E-2 4.17084E-2 4.20915E-2 3.16841E-2 3.09835E-2 3.39818E-2 3.7503E-2 3.47204E-2 3.38276E-2 3.31814E-2 3.46068E-2 3.42387E-2 3.31778E-2 3.79959E-2 3.91596E-2 3.21901E-2 3.29485E-2 3.73442E-2
-9999 -9999 -9999 -9999 -9999 -9999 -9999 -9999 -9999 -9999 8.37098E-1 8.27431E-1 8.13903E-1 7.76725E-1 8.39782E-1 8.79245E-1 8.07518E-1 8.70321E-1 9.2224E-1 9.71635E-1 9.49354E-1 9.73036E-1 9.63086E-1 9.10987E-1 9.04978E-1 8.60465E-1 7.52969E-1 6.26063E-1 4.87566E-1 3.74073E-1 2.79667E-1 2.49256E-1 2.50482E-1 2.43692E-1 1.61373E-1 1.44339E-1 1.31815E-1 1.12591E-1 9.38576E-2 7.99865E-2 5.81585E-2 5.52272E-2 4.17413E-2 3.89286E-2 4.05461E-2 3.81786E-2 3.0906E-2 3.17514E-2 2.88935E-2 3.21401E-2 3.19247E-2 3.36726E-2 3.32065E-2 3.76538E-2 3.99945E-2 3.80065E-2 4.01028E-2 1.43547E-2 3.41231E-2 4.20683E-2 3.39236E-2
-9999 -9999 -9999 -9999 -9999 -9999 -9999 -9999 -9999 -9999 8.31046E-1 8.23682E-1 7.30173E-1 8.4102E-1 8.16829E-1 7.86889E-1 8.27848E-1 8.52545E-1 9.4185E-1 9.59197E-1 9.80435E-1 9.75339E-1 9.11136E-1 9.472E-1 9.26717E-1 8.87747E-1 7.21613E-1 5.30636E-1 3.60203E-1 3.0733E-1 3.45764E-1 2.9695E-1 3.21401E-1 2.33941E-1 1.91603E-1 1.89641E-1 1.50403E-1 1.22739E-1 8.96865E-2 6.77043E-2 5.25184E-2 5.6235E-2 4.07784E-2 3.95461E-2 4.19797E-2 3.51168E-2 3.04607E-2 3.00504E-2 3.12922E-2 2.83889E-2 2.77862E-2 3.2945E-2 3.33225E-2 3.55879E-2 3.40442E-2 3.48004E-2 3.91075E-2 4.24729E-2 3.66041E-2 4.05387E-2 3.58406E-2
-9999 -9999 -9999 -9999 -9999 -9999 -9999 -9999 -9999 -9999 8.37594E-1 8.40706E-1 8.48722E-1 7.66547E-1 8.07592E-1 7.87423E-1 8.46393E-1 9.41106E-1 9.38256E-1 9.11522E-1 9.829E-1 9.6229E-1 8.9414E-1 9.50067E-1 9.22235E-1 8.5981E-1 7.67929E-1 5.22424E-1 4.50519E-1 3.45184E-1 3.34999E-1 3.26309E-1 3.15245E-1 2.39999E-1 2.39553E-1 1.87323E-1 1.60074E-1 1.58998E-1 1.1842E-1 7.61876E-2 6.26487E-2 5.01852E-2 4.54705E-2 4.23235E-2 3.58323E-2 3.2471E-2 3.3671E-2 3.0645E-2 2.97533E-2 2.9665E-2 2.94119E-2 2.98523E-2 3.17658E-2 3.17868E-2 3.09075E-2 3.71002E-2 3.93631E-2 3.79259E-2 4.07701E-2 3.6516E-2 3.58821E-2
