Artocarpus heterophyllus SDM files/MIS19/results (without bias file)/Arthet_avg.asc
ncols         625
nrows         721
xllcorner     69.99986311115
yllcorner     5.99986187915
cellsize      0.041666667
NODATA_value  -9999
[rows 162 to 188 of 721, columns 366 to 426 of 625]
4.44874E-3 4.12308E-3 3.98171E-3 4.42452E-3 4.5969E-3 3.93435E-3 3.67655E-3 4.23251E-3 3.30454E-3 2.90961E-3 3.43145E-3 3.42693E-3 3.542E-3 3.59633E-3 3.72346E-3 3.59436E-3 3.62536E-3 3.46906E-3 3.32269E-3 2.92789E-3 2.89403E-3 2.88463E-3 2.90007E-3 2.81897E-3 2.50779E-3 2.32125E-3 1.93803E-3 2.18689E-3 2.05636E-3 2.43907E-3 2.74254E-3 2.7643E-3 2.6713E-3 2.74817E-3 2.56604E-3 2.66533E-3 2.74131E-3 2.48597E-3 2.27181E-3 2.49583E-3 2.43675E-3 2.40422E-3 2.59395E-3 2.663E-3 2.51989E-3 2.65186E-3 2.49735E-3 2.96457E-3 2.96446E-3 2.69758E-3 2.6474E-3 2.79514E-3 2.92595E-3 3.0995E-3 3.16566E-3 3.25038E-3 3.46313E-3 3.69222E-3 3.8287E-3 4.21281E-3 3.89603E-3
5.06682E-3 4.26155E-3 5.01995E-3 4.68623E-3 4.58742E-3 4.41797E-3 4.50605E-3 3.57317E-3 3.83049E-3 3.40096E-3 3.19089E-3 3.26654E-3 3.84361E-3 3.8617E-3 3.74645E-3 3.78701E-3 3.18394E-3 2.74661E-3 2.50839E-3 3.21598E-3 2.50771E-3 2.89396E-3 2.8705E-3 2.93864E-3 2.81093E-3 2.40088E-3 2.44673E-3 2.82005E-3 2.73578E-3 2.78961E-3 2.81645E-3 2.8833E-3 2.84089E-3 2.89054E-3 2.95971E-3 2.86165E-3 2.88937E-3 2.76054E-3 2.76282E-3 2.74768E-3 2.55174E-3 2.63519E-3 2.6664E-3 2.47858E-3 2.56959E-3 2.63874E-3 2.81285E-3 2.90081E-3 2.9881E-3 3.235E-3 3.26828E-3 3.25846E-3 3.35641E-3 3.46237E-3 2.77517E-3 2.67935E-3 3.36678E-3 3.73921E-3 3.98304E-3 3.89752E-3 4.55087E-3
7.01602E-3 6.56073E-3 4.40854E-3 4.18962E-3 4.39776E-3 4.59783E-3 4.79228E-3 3.9411E-3 4.30847E-3 4.12021E-3 4.12622E-3 4.51594E-3 4.00702E-3 4.50964E-3 3.74196E-3 4.00082E-3 3.61461E-3 3.44576E-3 3.00371E-3 3.43804E-3 3.49052E-3 3.33297E-3 3.27301E-3 2.96236E-3 2.86444E-3 2.89525E-3 2.57724E-3 2.50769E-3 2.7621E-3 2.78822E-3 2.59177E-3 2.68003E-3 2.71951E-3 2.8368E-3 2.75575E-3 2.70248E-3 2.77902E-3 2.78073E-3 2.77902E-3 2.84397E-3 2.77845E-3 2.7627E-3 2.78776E-3 2.77413E-3 2.72375E-3 2.87892E-3 2.85105E-3 2.98858E-3 3.08357E-3 2.92481E-3 2.94872E-3 3.24505E-3 3.29434E-3 3.55149E-3 3.64807E-3 3.28409E-3 3.28873E-3 4.01023E-3 4.36225E-3 4.42979E-3 4.57741E-3
7.70341E-3 7.93388E-3 5.59034E-3 4.37228E-3 5.57863E-3 5.85607E-3 5.75864E-3 4.98365E-3 3.80894E-3 4.63303E-3 4.23531E-3 3.96504E-3 3.47777E-3 3.69446E-3 3.63271E-3 3.4377E-3 3.73882E-3 3.88302E-3 4.0343E-3 3.6821E-3 3.65824E-3 3.25138E-3 3.318E-3 2.97076E-3 2.89103E-3 2.87933E-3 2.16912E-3 2.2017E-3 2.47892E-3 2.53179E-3 2.5328E-3 2.44835E-3 2.70621E-3 2.77229E-3 2.67939E-3 2.63461E-3 2.52802E-3 2.54196E-3 2.66483E-3 2.53777E-3 2.61686E-3 2.62744E-3 2.61686E-3 2.68711E-3 2.81171E-3 2.73236E-3 2.91458E-3 2.86284E-3 3.0591E-3 2.91372E-3 3.04911E-3 3.24842E-3 3.56726E-3 3.72556E-3 3.67398E-3 4.02491E-3 4.14098E-3 4.14214E-3 4.25052E-3 4.10255E-3 4.3355E-3
5.98854E-3 5.75447E-3 5.40979E-3 5.03188E-3 4.45524E-3 5.59617E-3 6.324E-3 5.60023E-3 4.28311E-3 3.67497E-3 3.79124E-3 3.96805E-3 3.47217E-3 3.84922E-3 3.59792E-3 3.06365E-3 3.77331E-3 3.81262E-3 2.9272E-3 3.50495E-3 3.27498E-3 3.15281E-3 3.56068E-3 2.82677E-3 2.65752E-3 2.74071E-3 2.8346E-3 2.24765E-3 2.37527E-3 2.13655E-3 2.22394E-3 2.45142E-3 2.59298E-3 2.66034E-3 2.33389E-3 2.36869E-3 2.45374E-3 2.41072E-3 2.37703E-3 2.37443E-3 2.47556E-3 2.52842E-3 2.46764E-3 2.57732E-3 2.55751E-3 2.5743E-3 2.71884E-3 2.64489E-3 2.66493E-3 2.85815E-3 3.07598E-3 3.12617E-3 3.21401E-3 3.42294E-3 3.55576E-3 3.59592E-3 3.56394E-3 3.82455E-3 4.20003E-3 4.61222E-3 4.71387E-3
6.59889E-3 7.19919E-3 6.0258E-3 4.70367E-3 5.00699E-3 4.44239E-3 6.29036E-3 6.15973E-3 4.70432E-3 4.36727E-3 4.8592E-3 4.68984E-3 4.06766E-3 3.88154E-3 3.48819E-3 3.51663E-3 4.00971E-3 3.49479E-3 2.83182E-3 2.71963E-3 3.37864E-3 2.59416E-3 2.85908E-3 2.42117E-3 2.45165E-3 2.72229E-3 3.22809E-3 3.32753E-3 2.61735E-3 2.63584E-3 2.45431E-3 2.60421E-3 2.65312E-3 2.19159E-3 2.19952E-3 2.40613E-3 2.29663E-3 2.17075E-3 2.32966E-3 2.4825E-3 2.46202E-3 2.52698E-3 2.24455E-3 2.37672E-3 2.24455E-3 2.39837E-3 2.4825E-3 2.50298E-3 2.19354E-3 2.71537E-3 2.54768E-3 2.76271E-3 3.1706E-3 3.14517E-3 3.06885E-3 3.39476E-3 3.59899E-3 4.10214E-3 4.06311E-3 4.12668E-3 4.10777E-3
8.15838E-3 7.6687E-3 6.45827E-3 5.23909E-3 4.85933E-3 5.28737E-3 6.62949E-3 6.26834E-3 4.54878E-3 5.09653E-3 5.19295E-3 4.92647E-3 3.93078E-3 3.34659E-3 3.92923E-3 4.18035E-3 4.17157E-3 4.22851E-3 3.27025E-3 2.69769E-3 2.62937E-3 2.59155E-3 3.10164E-3 3.19297E-3 2.83249E-3 3.5831E-3 3.47622E-3 3.7366E-3 2.73514E-3 2.96496E-3 2.94247E-3 3.01374E-3 2.7537E-3 2.82278E-3 2.85852E-3 2.8839E-3 2.8654E-3 2.74213E-3 2.84704E-3 2.48869E-3 2.43916E-3 2.24622E-3 2.32328E-3 2.5036E-3 2.15656E-3 2.26057E-3 2.32535E-3 2.13122E-3 2.16314E-3 2.63473E-3 2.33867E-3 2.49516E-3 2.78187E-3 2.97932E-3 3.22533E-3 2.75856E-3 3.25807E-3 3.82249E-3 4.35758E-3 4.15074E-3 4.361E-3
9.92634E-3 8.85781E-3 8.40053E-3 8.12769E-3 5.59691E-3 5.27722E-3 4.88546E-3 4.46685E-3 4.27782E-3 5.89516E-3 5.31898E-3 5.06928E-3 4.18072E-3 3.1431E-3 2.93071E-3 3.07797E-3 3.344E-3 3.0413E-3 3.15567E-3 2.58534E-3 2.83783E-3 2.98404E-3 2.91647E-3 3.77546E-3 3.25337E-3 3.52679E-3 3.79418E-3 3.65172E-3 3.35383E-3 3.29647E-3 3.03548E-3 2.95668E-3 2.78804E-3 2.933E-3 2.90745E-3 2.74703E-3 2.77196E-3 2.82679E-3 2.72821E-3 2.66037E-3 2.81442E-3 2.56524E-3 2.58254E-3 2.72243E-3 2.3059E-3 2.19523E-3 2.1845E-3 2.20963E-3 2.13322E-3 2.62796E-3 2.11371E-3 2.33257E-3 2.78128E-3 2.97697E-3 2.59593E-3 3.17718E-3 3.71248E-3 4.07213E-3 3.97693E-3 3.64013E-3 3.92195E-3
1.20888E-2 1.17917E-2 1.06968E-2 9.65449E-3 5.85458E-3 7.77105E-3 5.79609E-3 4.47782E-3 4.62552E-3 6.84597E-3 6.27454E-3 4.98321E-3 4.34989E-3 3.69956E-3 3.40087E-3 3.65762E-3 3.41842E-3 3.05168E-3 2.57744E-3 2.55737E-3 2.22364E-3 2.57184E-3 3.24933E-3 3.46412E-3 3.7938E-3 4.12758E-3 3.98053E-3 3.78598E-3 4.04043E-3 2.49755E-3 2.73964E-3 2.82198E-3 2.91478E-3 2.70456E-3 2.8653E-3 2.69846E-3 2.57812E-3 2.77434E-3 2.45862E-3 2.72661E-3 2.85873E-3 2.73849E-3 2.45694E-3 2.57494E-3 2.52619E-3 2.47107E-3 2.6876E-3 2.58659E-3 2.37144E-3 2.51517E-3 2.33104E-3 2.45858E-3 2.73748E-3 2.87892E-3 2.95805E-3 3.30471E-3 3.72601E-3 4.04084E-3 4.19287E-3 4.05551E-3 4.51602E-3
9.07717E-3 1.04196E-2 1.17361E-2 9.97511E-3 6.83366E-3 8.10788E-3 7.73018E-3 5.7906E-3 4.68533E-3 6.60628E-3 5.98629E-3 5.22264E-3 4.96737E-3 4.46545E-3 4.83949E-3 4.51594E-3 3.71225E-3 3.46911E-3 2.99059E-3 2.74947E-3 2.62756E-3 2.98876E-3 3.26003E-3 3.52245E-3 3.92114E-3 3.98703E-3 4.00528E-3 3.93421E-3 4.33592E-3 2.91738E-3 3.14769E-3 3.20511E-3 2.81147E-3 2.61623E-3 2.54841E-3 2.64173E-3 2.5636E-3 2.67853E-3 2.66325E-3 2.92708E-3 2.83262E-3 2.4459E-3 2.30446E-3 2.30174E-3 2.35198E-3 2.43048E-3 2.49094E-3 2.60682E-3 2.53035E-3 2.59152E-3 2.80751E-3 3.19553E-3 3.44471E-3 3.12397E-3 3.02947E-3 3.19013E-3 3.23371E-3 3.63851E-3 3.8825E-3 3.98949E-3 4.26893E-3
7.29412E-3 8.11533E-3 1.22698E-2 1.05304E-2 7.86509E-3 6.58968E-3 5.97038E-3 5.48492E-3 5.44001E-3 5.82679E-3 7.60617E-3 6.28224E-3 5.96839E-3 5.62376E-3 4.62424E-3 5.44535E-3 4.78462E-3 4.02861E-3 3.64333E-3 3.21246E-3 3.16013E-3 3.3721E-3 3.3378E-3 4.10515E-3 3.73859E-3 3.54875E-3 4.25725E-3 4.18125E-3 4.31873E-3 3.46748E-3 2.95538E-3 2.77912E-3 2.49907E-3 2.67659E-3 3.02703E-3 2.7751E-3 2.64645E-3 2.61259E-3 2.69343E-3 2.91613E-3 2.69695E-3 2.79595E-3 2.83717E-3 2.87745E-3 2.77668E-3 2.56107E-3 2.83496E-3 2.85938E-3 2.93861E-3 3.30322E-3 3.55147E-3 3.32849E-3 3.26292E-3 3.27511E-3 2.9098E-3 2.88925E-3 3.31089E-3 2.86931E-3 3.16751E-3 3.47452E-3 3.58043E-3
7.75086E-3 8.39483E-3 1.32162E-2 1.04335E-2 8.41704E-3 6.36117E-3 5.27695E-3 5.79625E-3 5.80719E-3 5.44783E-3 7.26182E-3 6.58054E-3 5.44805E-3 5.38241E-3 5.01285E-3 5.42894E-3 5.60936E-3 5.24938E-3 4.41627E-3 3.59914E-3 3.72826E-3 3.60078E-3 3.52785E-3 3.69974E-3 4.29739E-3 4.61413E-3 4.31948E-3 4.13472E-3 4.37932E-3 2.44883E-3 2.53459E-3 2.54404E-3 2.51551E-3 2.69009E-3 3.40935E-3 3.57755E-3 3.63915E-3 3.494E-3 3.41558E-3 2.50712E-3 2.31374E-3 2.80562E-3 2.89018E-3 3.05009E-3 2.86836E-3 2.82401E-3 3.04531E-3 3.10404E-3 3.61539E-3 3.60629E-3 3.39284E-3 3.22519E-3 3.261E-3 2.70997E-3 2.57847E-3 2.93081E-3 2.48545E-3 3.11901E-3 2.60383E-3 2.87225E-3 3.38211E-3
7.90523E-3 8.18688E-3 1.40252E-2 9.78493E-3 8.95956E-3 6.46982E-3 5.31719E-3 5.37515E-3 5.76352E-3 5.79817E-3 5.83287E-3 5.40767E-3 4.99263E-3 4.99556E-3 4.94205E-3 5.38936E-3 5.81379E-3 5.87784E-3 5.36172E-3 4.37434E-3 3.45663E-3 3.61375E-3 4.02547E-3 4.19204E-3 3.65705E-3 4.5189E-3 4.27865E-3 4.14904E-3 4.47378E-3 2.76157E-3 2.50657E-3 2.57084E-3 2.96881E-3 3.45287E-3 3.84863E-3 3.86455E-3 3.89269E-3 3.50831E-3 3.54265E-3 3.39216E-3 3.21317E-3 3.06174E-3 3.00803E-3 3.17585E-3 3.18912E-3 3.01901E-3 3.41661E-3 3.55942E-3 3.74985E-3 3.03027E-3 2.8904E-3 2.95084E-3 2.65657E-3 2.68608E-3 2.78346E-3 2.97671E-3 2.74737E-3 2.87215E-3 2.85502E-3 3.22429E-3 3.87366E-3
1.00029E-2 9.09042E-3 1.45848E-2 8.8374E-3 7.87089E-3 6.77829E-3 6.40032E-3 5.40928E-3 5.84578E-3 6.19464E-3 6.60002E-3 5.30793E-3 5.30669E-3 5.08968E-3 4.74549E-3 5.45963E-3 6.64854E-3 6.07974E-3 5.42809E-3 4.16744E-3 3.62039E-3 4.18306E-3 4.17896E-3 3.63154E-3 3.39962E-3 3.95692E-3 4.67177E-3 4.40184E-3 4.68051E-3 3.38343E-3 2.64653E-3 3.21068E-3 3.82648E-3 3.99531E-3 3.90493E-3 4.12824E-3 3.65724E-3 3.45671E-3 3.65015E-3 3.52568E-3 3.46962E-3 3.3058E-3 3.59927E-3 3.49578E-3 3.72159E-3 3.23601E-3 3.61803E-3 3.87456E-3 3.98927E-3 3.26459E-3 2.72732E-3 2.63006E-3 2.63244E-3 2.67484E-3 2.85975E-3 3.25747E-3 3.07499E-3 3.04756E-3 3.23818E-3 3.69404E-3 4.92998E-3
9.45825E-3 1.3135E-2 1.25218E-2 9.84112E-3 6.92856E-3 6.50152E-3 7.06522E-3 6.40931E-3 5.72783E-3 6.54785E-3 7.49417E-3 7.37009E-3 5.72037E-3 5.31952E-3 4.39252E-3 5.13423E-3 5.52236E-3 5.91281E-3 6.41983E-3 5.54752E-3 4.72404E-3 4.32293E-3 4.57966E-3 4.05212E-3 3.29418E-3 3.49646E-3 4.37208E-3 4.41461E-3 4.61559E-3 4.07525E-3 2.77716E-3 3.47085E-3 3.99847E-3 4.27973E-3 4.29757E-3 3.37756E-3 3.397E-3 3.06953E-3 3.1904E-3 3.2544E-3 3.4189E-3 3.64822E-3 3.59872E-3 3.69814E-3 3.7871E-3 3.88203E-3 4.1167E-3 4.35622E-3 3.82338E-3 3.50353E-3 3.29155E-3 2.88745E-3 3.07986E-3 3.29914E-3 3.80865E-3 3.75325E-3 3.7229E-3 3.61426E-3 4.24174E-3 4.78282E-3 5.41171E-3
9.36223E-3 1.5594E-2 1.45827E-2 9.90845E-3 6.33832E-3 6.73085E-3 7.88559E-3 7.29577E-3 6.61681E-3 6.83617E-3 6.4462E-3 6.88466E-3 8.11345E-3 5.77007E-3 4.94835E-3 4.72002E-3 4.45249E-3 4.5328E-3 4.75462E-3 4.77867E-3 4.09795E-3 4.52279E-3 4.80343E-3 4.0174E-3 3.40523E-3 3.48453E-3 4.12808E-3 4.40749E-3 4.46074E-3 4.36699E-3 3.04863E-3 3.7097E-3 4.22063E-3 4.89469E-3 4.88646E-3 4.34354E-3 4.31956E-3 4.31956E-3 3.95821E-3 3.49884E-3 3.59823E-3 3.63728E-3 3.89888E-3 4.07445E-3 4.0628E-3 4.25546E-3 4.52325E-3 4.13065E-3 4.43365E-3 4.60838E-3 4.25206E-3 4.37605E-3 4.38275E-3 5.31452E-3 5.61051E-3 4.94722E-3 5.13317E-3 4.93762E-3 5.37449E-3 5.97885E-3 5.4969E-3
1.25249E-2 1.09982E-2 8.37364E-3 6.90473E-3 7.84343E-3 7.27145E-3 7.14573E-3 6.12782E-3 5.80428E-3 6.62823E-3 6.42859E-3 6.52079E-3 7.94332E-3 7.43174E-3 6.03367E-3 5.49875E-3 5.19443E-3 5.24054E-3 4.66056E-3 6.11244E-3 6.05587E-3 5.61369E-3 4.87674E-3 4.56622E-3 4.68052E-3 4.19729E-3 3.37888E-3 3.48967E-3 3.92877E-3 4.94726E-3 4.576E-3 4.95842E-3 4.6081E-3 4.83329E-3 4.77293E-3 4.40232E-3 3.98661E-3 3.90695E-3 4.10367E-3 4.17238E-3 4.01586E-3 3.971E-3 4.35542E-3 4.19729E-3 4.24598E-3 4.112E-3 4.23617E-3 4.59192E-3 4.51178E-3 4.73713E-3 5.20591E-3 5.76431E-3 5.78633E-3 5.87678E-3 6.01923E-3 6.57853E-3 5.83492E-3 6.19198E-3 6.31281E-3 6.81083E-3 6.20264E-3
1.45415E-2 1.0092E-2 7.43706E-3 7.78273E-3 9.28572E-3 9.66209E-3 5.67906E-3 4.97646E-3 6.17661E-3 6.27773E-3 6.6534E-3 6.44705E-3 6.58659E-3 6.58488E-3 6.51005E-3 7.05764E-3 5.76044E-3 4.91015E-3 4.92177E-3 4.88695E-3 4.76769E-3 4.51495E-3 4.84744E-3 5.11797E-3 4.97056E-3 4.04006E-3 3.34642E-3 3.66011E-3 4.28946E-3 4.92813E-3 4.75809E-3 4.56113E-3 4.80181E-3 4.89165E-3 3.95236E-3 3.84219E-3 3.56975E-3 4.08236E-3 4.27827E-3 4.13074E-3 4.25631E-3 4.32105E-3 4.31681E-3 4.30267E-3 4.6776E-3 4.69381E-3 4.51335E-3 4.76235E-3 4.60953E-3 5.01018E-3 5.06834E-3 5.41267E-3 5.78257E-3 6.26185E-3 6.43903E-3 8.12755E-3 6.62741E-3 6.46387E-3 6.61467E-3 7.32825E-3 6.75659E-3
7.84833E-3 9.66827E-3 8.29249E-3 9.92357E-3 9.92631E-3 1.02057E-2 7.33471E-3 6.81164E-3 6.43865E-3 6.91734E-3 7.11502E-3 6.30573E-3 6.42491E-3 6.00105E-3 5.9396E-3 6.20234E-3 5.52755E-3 5.16774E-3 5.62364E-3 5.70585E-3 5.0691E-3 5.36976E-3 5.63639E-3 5.43322E-3 4.81315E-3 3.76445E-3 3.77352E-3 3.15477E-3 3.84926E-3 4.25941E-3 5.01378E-3 4.78386E-3 5.12837E-3 5.14977E-3 4.26201E-3 4.22036E-3 3.65592E-3 4.31441E-3 4.14363E-3 4.03239E-3 4.51721E-3 4.33824E-3 4.29723E-3 4.20668E-3 4.65869E-3 4.4372E-3 4.49284E-3 4.97424E-3 4.70922E-3 4.51608E-3 4.72147E-3 5.72681E-3 5.97893E-3 6.43936E-3 7.25298E-3 8.59016E-3 6.66775E-3 6.96434E-3 7.45108E-3 9.36339E-3 7.65955E-3
1.03084E-2 9.89431E-3 1.15788E-2 1.2931E-2 1.09094E-2 1.18182E-2 1.09699E-2 7.3009E-3 5.64015E-3 7.35188E-3 5.80315E-3 6.0821E-3 6.2764E-3 5.61234E-3 5.26115E-3 5.43588E-3 5.27655E-3 5.89976E-3 6.44458E-3 6.66603E-3 5.24818E-3 5.69911E-3 6.32289E-3 5.93584E-3 5.10919E-3 4.8526E-3 3.92058E-3 2.90291E-3 3.48816E-3 4.49313E-3 4.66861E-3 4.89553E-3 5.07211E-3 5.09029E-3 4.96392E-3 4.6449E-3 4.08415E-3 4.22384E-3 4.55922E-3 4.65901E-3 4.85831E-3 4.93298E-3 5.27826E-3 5.15612E-3 4.67403E-3 5.2495E-3 5.55728E-3 4.21746E-3 4.14095E-3 4.07872E-3 5.00967E-3 5.48944E-3 6.82759E-3 7.09292E-3 7.17245E-3 8.08835E-3 8.17993E-3 8.06518E-3 9.16858E-3 1.06185E-2 8.66492E-3
1.67229E-2 1.59677E-2 1.59081E-2 1.13703E-2 1.31747E-2 7.27802E-3 5.73617E-3 6.56265E-3 4.97717E-3 4.4922E-3 5.93537E-3 6.32957E-3 5.34778E-3 5.39424E-3 5.00444E-3 6.08638E-3 6.56843E-3 7.61389E-3 7.38709E-3 7.0812E-3 5.65413E-3 6.11555E-3 7.80572E-3 6.55444E-3 5.51759E-3 5.15915E-3 3.46251E-3 3.33366E-3 3.42503E-3 3.68873E-3 3.83113E-3 4.37648E-3 5.2821E-3 4.66603E-3 4.68535E-3 4.11725E-3 4.05216E-3 4.0845E-3 3.93337E-3 4.08943E-3 5.05409E-3 5.5144E-3 5.97676E-3 6.22398E-3 5.84345E-3 6.96043E-3 6.09852E-3 6.11476E-3 4.55536E-3 4.77404E-3 5.61015E-3 7.44643E-3 8.04897E-3 6.60387E-3 6.84535E-3 7.32763E-3 8.63933E-3 8.62139E-3 1.19741E-2 1.03441E-2 8.79856E-3
1.19686E-2 1.37441E-2 1.66503E-2 1.66872E-2 1.38897E-2 9.97023E-3 6.59002E-3 5.29231E-3 5.8384E-3 6.95931E-3 4.42943E-3 4.1106E-3 4.58752E-3 4.47474E-3 4.49971E-3 5.16935E-3 6.90086E-3 6.43135E-3 8.66527E-3 6.68065E-3 6.72749E-3 9.4331E-3 8.75115E-3 7.38683E-3 4.88083E-3 4.00315E-3 3.63866E-3 3.35851E-3 2.94613E-3 2.70824E-3 3.2939E-3 4.06177E-3 4.96008E-3 4.52979E-3 4.81869E-3 4.05467E-3 3.40471E-3 4.3137E-3 5.3109E-3 5.28142E-3 5.34979E-3 6.53536E-3 6.13691E-3 6.58788E-3 6.88941E-3 6.86904E-3 6.55581E-3 5.14611E-3 5.13313E-3 5.38006E-3 6.44691E-3 7.02002E-3 5.94764E-3 5.94986E-3 8.43177E-3 1.02864E-2 1.20673E-2 1.02026E-2 1.01501E-2 7.72975E-3 9.64483E-3
8.79061E-3 1.13622E-2 1.65871E-2 1.42188E-2 1.61157E-2 1.7664E-2 1.48003E-2 5.81066E-3 7.62514E-3 5.6822E-3 5.79908E-3 3.53647E-3 2.74734E-3 3.61847E-3 4.8104E-3 6.50522E-3 7.36935E-3 6.98661E-3 6.0512E-3 6.75746E-3 8.84578E-3 1.07134E-2 6.42249E-3 4.90555E-3 3.75239E-3 3.57124E-3 3.03326E-3 2.90367E-3 2.22432E-3 2.05124E-3 2.85795E-3 3.61581E-3 4.29527E-3 4.6325E-3 4.41505E-3 4.33448E-3 3.90458E-3 3.98287E-3 3.87405E-3 5.37894E-3 6.35477E-3 6.32319E-3 5.4174E-3 5.5435E-3 5.92907E-3 7.01856E-3 8.55154E-3 8.40366E-3 7.44028E-3 8.25122E-3 7.17732E-3 6.46696E-3 7.03445E-3 1.04376E-2 1.13242E-2 1.11115E-2 1.06874E-2 9.09083E-3 6.71169E-3 6.66185E-3 1.01641E-2
1.00355E-2 1.314E-2 1.86103E-2 1.67113E-2 2.18723E-2 1.714E-2 1.27302E-2 9.49134E-3 4.39044E-3 4.36644E-3 5.8603E-3 3.89809E-3 4.01465E-3 5.25798E-3 6.26045E-3 4.39832E-3 5.18083E-3 6.2856E-3 7.05233E-3 9.0731E-3 8.84749E-3 6.77262E-3 4.32808E-3 3.79433E-3 3.03866E-3 2.97634E-3 2.61969E-3 2.38012E-3 2.20642E-3 2.58388E-3 3.27125E-3 3.68099E-3 3.73016E-3 5.12206E-3 3.9847E-3 3.88102E-3 3.97327E-3 4.98897E-3 6.26738E-3 6.44873E-3 6.50044E-3 6.36226E-3 6.68197E-3 6.14336E-3 5.639E-3 5.28884E-3 6.67551E-3 7.53817E-3 8.81853E-3 9.81446E-3 1.07283E-2 1.03469E-2 1.09185E-2 1.16928E-2 9.61721E-3 7.50761E-3 7.02785E-3 7.48915E-3 5.46229E-3 7.52204E-3 1.07214E-2
1.04141E-2 1.3503E-2 1.67844E-2 2.3139E-2 5.10693E-3 5.30436E-3 4.43157E-3 4.45273E-3 4.90601E-3 2.5483E-3 4.57084E-3 4.9655E-3 6.60015E-3 5.09776E-3 6.35747E-3 4.95264E-3 4.74633E-3 6.73943E-3 8.29914E-3 5.93118E-3 4.5479E-3 4.64687E-3 3.96704E-3 4.52769E-3 3.91241E-3 3.83394E-3 3.68787E-3 3.55929E-3 3.29476E-3 3.43065E-3 3.81721E-3 3.3363E-3 3.93284E-3 4.01965E-3 3.93439E-3 3.44083E-3 3.70522E-3 5.00853E-3 4.72853E-3 5.84871E-3 5.70611E-3 6.49037E-3 6.94889E-3 7.57215E-3 7.16696E-3 6.46371E-3 7.77373E-3 6.92468E-3 7.02716E-3 7.87288E-3 1.00122E-2 1.46999E-2 1.30974E-2 1.17461E-2 8.9427E-3 6.70738E-3 7.18251E-3 6.48467E-3 4.53186E-3 8.62852E-3 1.11958E-2
1.50942E-2 1.24219E-2 1.92525E-2 1.65022E-2 2.74847E-3 3.76924E-3 8.06053E-3 9.12268E-3 2.44657E-3 3.36081E-3 7.47666E-3 3.90886E-3 4.38848E-3 7.72547E-3 8.12033E-3 5.58627E-3 4.5201E-3 8.44485E-3 1.13812E-2 5.33038E-3 3.83693E-3 4.33477E-3 4.69946E-3 4.55353E-3 4.21184E-3 4.54035E-3 3.93851E-3 3.93455E-3 3.35046E-3 3.74238E-3 3.41863E-3 3.98148E-3 5.08285E-3 5.3269E-3 4.38868E-3 3.18971E-3 3.70172E-3 4.51686E-3 4.72139E-3 4.98256E-3 5.57822E-3 6.46195E-3 6.04747E-3 7.24935E-3 6.7042E-3 7.96572E-3 9.28829E-3 1.04781E-2 9.60786E-3 9.89625E-3 1.35349E-2 1.6714E-2 1.35694E-2 1.01884E-2 7.86692E-3 8.25169E-3 8.42157E-3 4.97962E-3 7.17715E-3 1.2757E-2 1.4075E-2
1.54127E-2 2.10825E-2 2.63303E-2 5.51164E-3 7.36286E-3 9.5841E-3 7.5637E-3 6.90643E-3 7.01349E-3 8.00713E-3 4.94042E-3 2.44502E-3 1.69382E-3 1.80964E-3 4.82261E-3 9.20103E-3 1.10889E-2 1.02386E-2 5.49808E-3 2.48933E-3 6.14565E-3 5.39826E-3 4.51728E-3 4.02947E-3 6.08377E-3 4.54313E-3 3.57572E-3 3.68292E-3 4.02597E-3 5.78051E-3 5.50755E-3 4.65071E-3 4.87405E-3 4.14395E-3 3.65157E-3 2.85443E-3 3.97717E-3 4.36141E-3 4.93788E-3 4.91994E-3 5.27693E-3 5.92463E-3 6.22523E-3 6.57265E-3 7.52646E-3 7.88625E-3 9.00775E-3 1.01878E-2 1.2329E-2 1.15823E-2 1.46056E-2 1.61723E-2 5.44616E-3 9.82093E-3 9.1924E-3 8.84353E-3 4.20396E-3 6.223E-3 7.33588E-3 1.43613E-2 1.44932E-2
