Artocarpus heterophyllus SDM files/MIS19/results (without bias file)/Arthet_stddev.asc
ncols         625
nrows         721
xllcorner     69.99986311115
yllcorner     5.99986187915
cellsize      0.041666667
NODATA_value  -9999
[rows 189 to 215 of 721, columns 244 to 304 of 625]
1.49917E-2 1.47939E-2 1.36565E-2 1.39223E-2 1.30423E-2 1.2542E-2 1.23579E-2 1.23772E-2 1.27073E-2 1.32754E-2 1.36665E-2 1.46173E-2 1.4966E-2 1.4939E-2 1.52585E-2 1.55816E-2 1.94893E-2 2.02042E-2 2.02816E-2 2.06543E-2 2.11164E-2 2.1786E-2 2.19026E-2 2.25523E-2 2.22983E-2 2.30624E-2 2.426E-2 2.28258E-2 2.1918E-2 2.21479E-2 2.33917E-2 2.31445E-2 2.28027E-2 2.3647E-2 2.31797E-2 2.36708E-2 2.3003E-2 2.48812E-2 2.2122E-2 2.3256E-2 2.46697E-2 2.3214E-2 2.55284E-2 2.08797E-2 2.12003E-2 2.10556E-2 1.75946E-2 1.79331E-2 1.90375E-2 1.8281E-2 1.18221E-2 1.16194E-2 1.81009E-2 1.33699E-2 2.7977E-2 3.42064E-3 3.02293E-3 2.5811E-2 3.12441E-3 5.73203E-3 1.69833E-2
1.46842E-2 1.46635E-2 1.36008E-2 1.36719E-2 1.36413E-2 1.29791E-2 1.28142E-2 1.31656E-2 1.34692E-2 1.32886E-2 1.44385E-2 1.44786E-2 1.51802E-2 1.48005E-2 1.54884E-2 1.58441E-2 1.98755E-2 1.99406E-2 2.0652E-2 2.07623E-2 2.08619E-2 2.15993E-2 2.17263E-2 2.142E-2 2.27635E-2 2.27298E-2 2.25745E-2 2.42989E-2 2.18699E-2 2.18065E-2 2.35776E-2 2.40444E-2 2.26398E-2 2.2698E-2 2.34646E-2 2.33123E-2 2.31027E-2 2.29583E-2 2.1411E-2 2.32839E-2 2.33699E-2 2.37732E-2 2.26818E-2 2.27285E-2 1.35846E-2 2.08361E-2 2.09748E-2 1.89929E-2 1.90732E-2 1.90636E-2 1.95898E-2 1.84877E-2 1.95622E-2 1.2538E-2 1.18635E-2 1.33002E-2 1.22962E-2 1.69851E-2 1.73636E-2 3.47975E-3 3.16105E-3
1.46507E-2 1.45656E-2 1.45874E-2 1.36742E-2 1.33702E-2 1.35024E-2 1.32972E-2 1.39579E-2 1.38571E-2 1.47468E-2 1.47646E-2 1.50131E-2 1.50751E-2 1.5366E-2 1.52399E-2 1.55538E-2 1.97361E-2 1.97971E-2 1.98609E-2 2.05794E-2 2.06801E-2 2.04026E-2 2.1002E-2 2.13464E-2 2.19415E-2 2.20568E-2 2.19105E-2 2.37559E-2 2.23993E-2 2.18474E-2 2.34389E-2 2.31796E-2 2.3029E-2 2.30323E-2 2.39466E-2 2.3331E-2 2.18836E-2 2.14207E-2 2.4708E-2 2.47481E-2 2.20197E-2 2.24547E-2 2.10968E-2 2.19734E-2 2.10623E-2 2.13236E-2 1.28349E-2 1.38098E-2 1.86051E-2 1.9316E-2 1.99133E-2 1.97715E-2 1.9289E-2 2.10098E-2 1.95502E-2 2.05801E-2 2.01656E-2 1.41862E-2 1.75213E-2 1.75134E-2 1.73772E-2
1.45854E-2 1.46652E-2 1.45815E-2 1.43874E-2 1.33443E-2 1.34266E-2 1.35047E-2 1.36062E-2 1.36904E-2 1.46334E-2 1.49088E-2 1.53656E-2 1.50877E-2 1.51366E-2 1.54047E-2 1.54391E-2 1.57605E-2 1.58234E-2 1.56135E-2 1.94536E-2 2.05503E-2 2.03981E-2 2.04681E-2 2.0885E-2 2.09386E-2 2.15481E-2 2.18542E-2 2.18056E-2 2.27248E-2 2.11115E-2 2.16389E-2 2.33772E-2 2.31599E-2 2.31276E-2 2.31413E-2 2.28303E-2 2.1927E-2 2.06659E-2 2.42526E-2 2.86896E-2 2.34721E-2 2.21596E-2 2.53702E-2 2.52907E-2 2.33041E-2 2.09591E-2 1.94269E-2 1.9434E-2 1.23725E-2 1.99344E-2 2.18911E-2 2.13943E-2 2.13277E-2 2.02679E-2 2.08651E-2 2.08579E-2 2.25053E-2 1.5087E-2 2.85801E-2 2.87519E-2 1.96447E-2
1.51429E-2 1.46429E-2 1.49934E-2 1.44363E-2 1.42181E-2 1.32913E-2 1.33915E-2 1.43203E-2 1.47978E-2 1.51186E-2 1.51212E-2 1.52513E-2 1.55858E-2 1.54451E-2 1.60051E-2 1.56283E-2 1.5401E-2 1.57016E-2 1.97409E-2 1.94695E-2 1.98853E-2 1.99542E-2 2.00266E-2 2.03958E-2 2.14402E-2 2.10581E-2 2.11392E-2 2.15959E-2 2.25563E-2 2.13912E-2 2.15338E-2 2.25397E-2 2.2592E-2 2.27386E-2 2.22286E-2 2.31131E-2 2.26463E-2 2.04296E-2 2.15904E-2 2.55837E-2 2.45723E-2 2.27305E-2 2.49658E-2 2.64931E-2 2.58629E-2 2.63074E-2 2.52103E-2 2.49828E-2 2.11602E-2 1.9972E-2 1.87985E-2 1.40463E-2 1.53289E-2 2.33476E-2 2.29482E-2 2.16931E-2 2.1673E-2 1.35012E-2 1.17411E-2 1.13449E-2 1.15968E-2
1.47176E-2 1.52227E-2 1.43565E-2 1.50008E-2 1.48063E-2 1.4782E-2 1.46291E-2 1.46232E-2 1.46813E-2 1.49687E-2 1.50143E-2 1.51429E-2 1.55166E-2 1.56198E-2 1.59943E-2 1.57677E-2 1.61109E-2 1.61559E-2 1.93625E-2 1.9081E-2 1.94382E-2 1.98329E-2 1.99216E-2 2.05474E-2 2.10282E-2 2.07797E-2 2.11552E-2 2.1176E-2 2.20962E-2 2.18068E-2 2.16755E-2 2.24088E-2 2.25728E-2 2.26241E-2 2.18078E-2 2.32352E-2 2.1786E-2 2.11024E-2 2.11075E-2 2.31252E-2 2.16607E-2 2.30845E-2 2.28305E-2 2.20672E-2 2.2319E-2 2.23945E-2 2.49386E-2 2.6678E-2 2.0987E-2 2.02919E-2 2.07836E-2 1.80726E-2 1.18778E-2 1.25075E-2 1.22084E-2 1.24847E-2 1.23299E-2 1.79719E-2 1.77046E-2 2.01927E-2 1.20492E-2
1.4501E-2 1.49832E-2 1.47588E-2 1.51667E-2 1.47643E-2 1.47733E-2 1.45158E-2 1.48001E-2 1.46003E-2 1.47307E-2 1.52293E-2 1.53227E-2 1.53313E-2 1.54695E-2 1.59175E-2 1.60097E-2 1.53941E-2 1.60732E-2 1.61262E-2 1.55088E-2 1.55345E-2 2.03366E-2 1.95516E-2 2.04388E-2 2.05406E-2 2.03847E-2 2.07034E-2 2.08205E-2 2.16315E-2 2.16459E-2 2.15895E-2 2.23992E-2 2.1766E-2 2.21545E-2 2.21572E-2 2.1941E-2 2.08179E-2 2.07218E-2 2.09159E-2 2.19224E-2 2.09965E-2 2.06312E-2 1.88037E-2 1.90557E-2 1.89433E-2 1.90738E-2 2.11288E-2 2.41743E-2 2.45645E-2 2.25534E-2 2.30428E-2 2.04779E-2 1.92129E-2 1.73257E-2 1.7109E-2 1.25341E-2 1.20043E-2 1.37155E-2 1.36197E-2 1.39364E-2 1.30116E-2
1.43713E-2 1.47594E-2 1.49185E-2 1.45977E-2 1.51444E-2 1.48307E-2 1.48072E-2 1.48432E-2 1.48515E-2 1.4872E-2 1.51443E-2 1.5174E-2 1.51945E-2 1.53135E-2 1.54483E-2 1.59175E-2 1.59409E-2 1.60348E-2 1.60483E-2 1.56924E-2 1.61337E-2 1.62409E-2 1.96624E-2 2.01622E-2 2.02459E-2 2.00124E-2 1.99651E-2 2.11519E-2 2.1224E-2 2.16105E-2 2.15899E-2 2.16824E-2 2.14428E-2 2.14223E-2 2.13557E-2 2.14398E-2 2.1495E-2 2.07369E-2 2.1071E-2 2.09641E-2 2.17661E-2 2.02416E-2 2.08603E-2 1.99143E-2 1.96822E-2 2.05534E-2 2.05134E-2 2.07122E-2 2.14567E-2 2.46293E-2 2.19143E-2 2.2127E-2 2.0684E-2 2.09434E-2 1.9078E-2 1.8586E-2 1.8129E-2 1.76877E-2 1.76718E-2 1.76768E-2 1.6854E-2
1.42066E-2 1.4675E-2 1.45151E-2 1.50548E-2 1.50174E-2 1.52666E-2 1.45342E-2 1.51881E-2 1.48078E-2 1.48163E-2 1.54634E-2 1.54308E-2 1.54765E-2 1.52005E-2 1.52756E-2 1.54944E-2 1.55659E-2 1.59409E-2 1.59223E-2 1.60458E-2 1.60748E-2 1.625E-2 1.88993E-2 1.94689E-2 2.01559E-2 1.99226E-2 1.98765E-2 2.02782E-2 2.11649E-2 2.04018E-2 2.08605E-2 2.07568E-2 2.12927E-2 2.16609E-2 2.13722E-2 2.10616E-2 2.11548E-2 2.0381E-2 2.02441E-2 2.09373E-2 2.14954E-2 2.12247E-2 2.05897E-2 2.07242E-2 2.07365E-2 2.0618E-2 2.06306E-2 2.0492E-2 1.97263E-2 2.00491E-2 2.16177E-2 2.03436E-2 2.11776E-2 2.09436E-2 2.0739E-2 1.98668E-2 1.97369E-2 2.04566E-2 2.08379E-2 2.00679E-2 2.07363E-2
1.45892E-2 1.4718E-2 1.41577E-2 1.51134E-2 1.48747E-2 1.50184E-2 1.46464E-2 1.48968E-2 1.51468E-2 1.51546E-2 1.51704E-2 1.53954E-2 1.56666E-2 1.57353E-2 1.57752E-2 1.56349E-2 1.54872E-2 1.55333E-2 1.58231E-2 1.59517E-2 1.60821E-2 1.61517E-2 1.62211E-2 1.93807E-2 1.94304E-2 1.98438E-2 1.95179E-2 1.9864E-2 2.07699E-2 1.99958E-2 2.07292E-2 2.0677E-2 2.12032E-2 2.09729E-2 2.09664E-2 2.06818E-2 2.07503E-2 2.00778E-2 2.03716E-2 2.03389E-2 2.02608E-2 2.04271E-2 2.09552E-2 2.08413E-2 2.07793E-2 2.07799E-2 2.00725E-2 1.97213E-2 1.96419E-2 2.05476E-2 1.98615E-2 1.98326E-2 1.22846E-2 1.30963E-2 1.83863E-2 2.02389E-2 1.98315E-2 2.24013E-2 2.32273E-2 2.39566E-2 1.53499E-2
1.43608E-2 1.46217E-2 1.40466E-2 1.49307E-2 1.45109E-2 1.48673E-2 1.47487E-2 1.49882E-2 1.49452E-2 1.48515E-2 1.50244E-2 1.51533E-2 1.54786E-2 1.5651E-2 1.5794E-2 1.58696E-2 1.55821E-2 1.57366E-2 1.50555E-2 1.60645E-2 1.59053E-2 1.60719E-2 1.61668E-2 1.62313E-2 1.93764E-2 1.94246E-2 1.94418E-2 1.94706E-2 1.98703E-2 1.99103E-2 2.04107E-2 2.04098E-2 2.01132E-2 2.08732E-2 2.08534E-2 2.02748E-2 1.99871E-2 2.0403E-2 1.95696E-2 1.99809E-2 2.02935E-2 1.99253E-2 2.02882E-2 1.9772E-2 1.94013E-2 2.01524E-2 2.01707E-2 1.98661E-2 1.98298E-2 1.98916E-2 1.95516E-2 1.91761E-2 1.85684E-2 2.04318E-2 1.28359E-2 1.29081E-2 1.40807E-2 1.44214E-2 1.40146E-2 1.27896E-2 1.22621E-2
1.38513E-2 1.4302E-2 1.43889E-2 1.35522E-2 1.43401E-2 1.43997E-2 1.43424E-2 1.50934E-2 1.46994E-2 1.4786E-2 1.48185E-2 1.51835E-2 1.50074E-2 1.57324E-2 1.575E-2 1.5396E-2 1.54645E-2 1.56654E-2 1.53825E-2 1.57255E-2 1.55068E-2 1.61908E-2 1.60603E-2 1.59097E-2 1.59498E-2 1.9065E-2 1.94907E-2 2.01898E-2 1.94947E-2 1.9556E-2 2.00382E-2 2.03581E-2 2.00458E-2 2.0108E-2 2.04626E-2 1.98652E-2 1.96186E-2 1.96713E-2 1.96594E-2 1.96714E-2 1.96414E-2 1.96713E-2 1.96957E-2 1.94491E-2 1.91104E-2 1.93834E-2 1.96028E-2 1.93274E-2 1.93824E-2 1.90518E-2 1.90647E-2 1.90255E-2 1.97896E-2 1.94531E-2 2.00529E-2 1.97185E-2 1.83223E-2 1.84559E-2 1.83596E-2 1.79293E-2 1.14714E-2
1.36006E-2 1.40713E-2 1.41794E-2 1.31411E-2 1.47407E-2 1.42268E-2 1.46728E-2 1.4904E-2 1.47673E-2 1.46706E-2 1.46727E-2 1.51216E-2 1.50425E-2 1.53849E-2 1.54568E-2 1.57154E-2 1.54102E-2 1.55062E-2 1.56147E-2 1.56578E-2 1.54176E-2 1.57776E-2 1.58969E-2 1.57964E-2 1.58773E-2 1.59264E-2 1.9065E-2 1.91824E-2 1.95346E-2 1.94669E-2 1.92019E-2 1.93233E-2 1.97098E-2 1.96684E-2 1.99753E-2 1.97637E-2 1.98541E-2 1.96016E-2 1.95955E-2 1.96653E-2 1.93047E-2 1.93269E-2 1.93608E-2 1.87922E-2 1.87756E-2 1.87807E-2 1.88253E-2 1.85367E-2 1.93532E-2 1.91687E-2 1.92851E-2 1.90088E-2 1.9181E-2 1.86887E-2 1.9096E-2 1.85605E-2 1.84868E-2 1.82619E-2 1.86281E-2 1.92092E-2 2.05671E-2
1.3086E-2 1.35801E-2 1.38027E-2 1.33006E-2 1.44906E-2 1.44154E-2 1.41178E-2 1.45819E-2 1.49373E-2 1.47892E-2 1.46852E-2 1.49172E-2 1.49083E-2 1.50828E-2 1.48072E-2 1.49299E-2 1.53481E-2 1.54161E-2 1.48707E-2 1.56113E-2 1.56047E-2 1.56346E-2 1.57411E-2 1.58641E-2 1.57338E-2 1.58739E-2 1.59289E-2 1.91164E-2 1.91709E-2 1.99923E-2 1.97244E-2 1.972E-2 1.93394E-2 1.97064E-2 1.9581E-2 1.97232E-2 1.91796E-2 1.89438E-2 1.89587E-2 1.89906E-2 1.91308E-2 1.91191E-2 1.91299E-2 1.9044E-2 1.87653E-2 1.87869E-2 1.82398E-2 1.85426E-2 1.83696E-2 1.84514E-2 1.84233E-2 1.82405E-2 1.86121E-2 1.86948E-2 1.87807E-2 1.9147E-2 1.90798E-2 1.89697E-2 1.91901E-2 1.97824E-2 2.06599E-2
1.27061E-2 1.33201E-2 1.32792E-2 1.29873E-2 1.40917E-2 1.38743E-2 1.37227E-2 1.4328E-2 1.47599E-2 1.50281E-2 1.42399E-2 1.44808E-2 1.48359E-2 1.49562E-2 1.46919E-2 1.49495E-2 1.51399E-2 1.53621E-2 1.54345E-2 1.48998E-2 1.48961E-2 1.55838E-2 1.56201E-2 1.5751E-2 1.58755E-2 1.57354E-2 1.58295E-2 1.59943E-2 1.60106E-2 1.87378E-2 1.95254E-2 1.96837E-2 1.97222E-2 1.94023E-2 1.93118E-2 1.90751E-2 1.91194E-2 1.88699E-2 1.89039E-2 1.89235E-2 1.89385E-2 1.83999E-2 1.85268E-2 1.84238E-2 1.81757E-2 1.82153E-2 1.7984E-2 1.79885E-2 1.77842E-2 1.78994E-2 1.8241E-2 1.80447E-2 1.8079E-2 1.873E-2 1.84455E-2 1.90992E-2 1.90136E-2 1.89972E-2 1.92618E-2 2.00262E-2 1.99467E-2
1.27069E-2 1.30263E-2 1.32896E-2 1.27567E-2 1.30328E-2 1.34322E-2 1.35014E-2 1.44237E-2 1.45325E-2 1.43664E-2 1.48097E-2 1.47085E-2 1.46997E-2 1.50563E-2 1.48167E-2 1.48297E-2 1.48995E-2 1.5143E-2 1.53479E-2 1.54369E-2 1.50963E-2 1.52804E-2 1.55861E-2 1.56367E-2 1.57333E-2 1.55527E-2 1.56638E-2 1.56103E-2 1.58879E-2 1.6409E-2 1.60726E-2 1.92088E-2 1.93757E-2 1.90971E-2 1.90635E-2 1.87987E-2 1.87812E-2 1.85317E-2 1.83033E-2 1.78938E-2 1.78816E-2 1.79166E-2 1.8391E-2 1.83999E-2 1.81481E-2 1.81818E-2 1.6995E-2 1.74599E-2 1.77511E-2 1.78584E-2 1.76797E-2 1.767E-2 1.77826E-2 1.78743E-2 1.8244E-2 1.85751E-2 1.84264E-2 1.8786E-2 1.91877E-2 1.94754E-2 1.93773E-2
1.20341E-2 1.25751E-2 1.29112E-2 1.3176E-2 1.30594E-2 1.26932E-2 1.38633E-2 1.38663E-2 1.37092E-2 1.37285E-2 1.42199E-2 1.45365E-2 1.45889E-2 1.42517E-2 1.46645E-2 1.47336E-2 1.47247E-2 1.51636E-2 1.53585E-2 1.56135E-2 1.55537E-2 1.4841E-2 1.52702E-2 1.55519E-2 1.56141E-2 1.56789E-2 1.55131E-2 1.56304E-2 1.55029E-2 1.58632E-2 1.62867E-2 1.60783E-2 1.5579E-2 1.83084E-2 1.89385E-2 1.87574E-2 1.89721E-2 1.84791E-2 1.85243E-2 1.82968E-2 1.75879E-2 1.75964E-2 1.73739E-2 1.71459E-2 1.72681E-2 1.69288E-2 1.69554E-2 1.74387E-2 1.73655E-2 1.73047E-2 1.7246E-2 1.72684E-2 1.7561E-2 1.77916E-2 1.78606E-2 1.77054E-2 1.82674E-2 1.86993E-2 1.85774E-2 1.87442E-2 1.90629E-2
1.16147E-2 1.21755E-2 1.23739E-2 1.29112E-2 1.31208E-2 1.2418E-2 1.32428E-2 1.37789E-2 1.37251E-2 1.32102E-2 1.37435E-2 1.36692E-2 1.38325E-2 1.39975E-2 1.37573E-2 1.42429E-2 1.48631E-2 1.50678E-2 1.50874E-2 1.55267E-2 1.56145E-2 1.48001E-2 1.54588E-2 1.57295E-2 1.57556E-2 1.53416E-2 1.56455E-2 1.55131E-2 1.56892E-2 1.55048E-2 1.59292E-2 1.57437E-2 1.57763E-2 1.55627E-2 1.53214E-2 1.79976E-2 1.80477E-2 1.76592E-2 1.82012E-2 1.75313E-2 1.72648E-2 1.74055E-2 1.73214E-2 1.69382E-2 1.68322E-2 1.69847E-2 1.67956E-2 1.65936E-2 1.66379E-2 1.6673E-2 1.71546E-2 1.72288E-2 1.72778E-2 1.7343E-2 1.74057E-2 1.80039E-2 1.807E-2 1.84449E-2 1.82859E-2 1.82985E-2 1.86169E-2
1.15714E-2 1.1495E-2 1.18271E-2 1.22983E-2 1.24483E-2 1.29591E-2 1.22084E-2 1.33231E-2 1.31594E-2 1.3262E-2 1.38307E-2 1.36866E-2 1.35283E-2 1.34509E-2 1.35415E-2 1.4733E-2 1.45916E-2 1.46963E-2 1.49716E-2 1.51155E-2 1.54888E-2 1.49896E-2 1.49621E-2 1.54109E-2 1.56971E-2 1.55112E-2 1.53211E-2 1.56699E-2 1.55873E-2 1.53561E-2 1.53803E-2 1.55706E-2 1.56908E-2 1.55075E-2 1.55167E-2 1.52892E-2 1.84674E-2 1.74501E-2 1.80998E-2 1.74894E-2 1.6978E-2 1.69996E-2 1.70162E-2 1.70426E-2 1.66819E-2 1.67085E-2 1.66347E-2 1.65856E-2 1.63626E-2 1.63816E-2 1.64534E-2 1.62713E-2 1.69902E-2 1.72742E-2 1.73241E-2 1.71171E-2 1.77652E-2 1.78351E-2 1.81381E-2 1.81845E-2 1.85152E-2
1.11421E-2 1.1156E-2 1.1565E-2 1.1891E-2 1.21887E-2 1.27504E-2 1.17976E-2 1.21831E-2 1.29792E-2 1.31558E-2 1.30674E-2 1.34159E-2 1.32563E-2 1.33048E-2 1.33152E-2 1.41594E-2 1.44725E-2 1.45503E-2 1.48411E-2 1.49499E-2 1.51454E-2 1.50965E-2 1.54055E-2 1.52246E-2 1.54372E-2 1.56944E-2 1.52638E-2 1.53286E-2 1.54026E-2 1.54981E-2 1.56179E-2 1.54306E-2 1.53237E-2 1.53541E-2 1.52238E-2 1.52765E-2 1.50566E-2 1.50689E-2 1.5368E-2 1.71739E-2 1.71994E-2 1.67257E-2 1.67361E-2 1.67769E-2 1.64273E-2 1.62235E-2 1.6189E-2 1.64715E-2 1.60988E-2 1.61093E-2 1.61518E-2 1.62122E-2 1.62658E-2 1.67553E-2 1.66021E-2 1.6884E-2 1.69471E-2 1.72041E-2 1.78014E-2 1.78639E-2 1.79291E-2
1.07624E-2 1.09764E-2 1.12713E-2 1.13377E-2 1.19662E-2 1.18595E-2 1.25901E-2 1.17787E-2 1.24777E-2 1.26657E-2 1.29945E-2 1.2988E-2 1.3072E-2 1.35485E-2 1.31301E-2 1.3687E-2 1.41647E-2 1.41591E-2 1.46045E-2 1.47973E-2 1.4906E-2 1.48191E-2 1.5215E-2 1.53888E-2 1.53963E-2 1.53988E-2 1.52041E-2 1.52474E-2 1.50788E-2 1.52006E-2 1.54915E-2 1.53284E-2 1.54216E-2 1.53029E-2 1.51067E-2 1.51243E-2 1.52354E-2 1.50515E-2 1.48221E-2 1.47769E-2 1.46197E-2 1.44212E-2 1.65597E-2 1.65783E-2 1.6376E-2 1.61731E-2 1.59785E-2 1.59852E-2 1.60856E-2 1.58641E-2 1.61058E-2 1.61387E-2 1.6204E-2 1.62809E-2 1.67616E-2 1.65806E-2 1.68606E-2 1.69095E-2 1.69566E-2 1.70408E-2 1.73017E-2
1.04974E-2 1.06271E-2 1.09815E-2 1.12108E-2 1.14089E-2 1.15225E-2 1.21804E-2 1.22076E-2 1.19928E-2 1.22443E-2 1.25948E-2 1.27225E-2 1.32514E-2 1.25551E-2 1.32612E-2 1.32568E-2 1.4161E-2 1.40976E-2 1.43207E-2 1.44971E-2 1.47703E-2 1.45813E-2 1.50046E-2 1.50035E-2 1.53982E-2 1.49879E-2 1.51518E-2 1.51966E-2 1.52449E-2 1.51414E-2 1.51597E-2 1.54937E-2 1.53112E-2 1.54146E-2 1.52611E-2 1.5005E-2 1.51409E-2 1.49703E-2 1.46797E-2 1.47581E-2 1.45867E-2 1.45871E-2 1.64068E-2 1.61952E-2 1.61158E-2 1.56926E-2 1.57003E-2 1.57182E-2 1.57366E-2 1.57784E-2 1.58132E-2 1.60927E-2 1.61445E-2 1.59575E-2 1.6E-2 1.67048E-2 1.67394E-2 1.67906E-2 1.70801E-2 1.71405E-2 1.69701E-2
1.02417E-2 1.04318E-2 1.0759E-2 1.10277E-2 1.11167E-2 1.12064E-2 1.12953E-2 1.19783E-2 1.2127E-2 1.26364E-2 1.29088E-2 1.27803E-2 1.25498E-2 1.24908E-2 1.258E-2 1.27546E-2 1.36634E-2 1.3853E-2 1.40478E-2 1.41248E-2 1.4464E-2 1.44127E-2 1.45813E-2 1.4794E-2 1.49049E-2 1.55569E-2 1.51501E-2 1.52322E-2 1.52771E-2 1.53126E-2 1.51372E-2 1.5155E-2 1.50354E-2 1.53326E-2 1.49156E-2 1.51375E-2 1.50438E-2 1.51106E-2 1.47774E-2 1.48477E-2 1.46073E-2 1.44643E-2 1.42814E-2 1.62833E-2 1.58463E-2 1.58618E-2 1.51504E-2 1.56891E-2 1.56869E-2 1.57304E-2 1.5782E-2 1.56069E-2 1.60552E-2 1.58799E-2 1.59166E-2 1.59631E-2 1.67916E-2 1.67026E-2 1.67602E-2 1.70404E-2 1.70977E-2
1.00968E-2 1.01804E-2 1.04601E-2 1.07223E-2 1.09005E-2 1.09789E-2 1.11359E-2 1.17558E-2 1.19782E-2 1.18371E-2 1.2508E-2 1.2394E-2 1.28108E-2 1.29328E-2 1.21373E-2 1.24747E-2 1.36685E-2 1.37153E-2 1.37983E-2 1.39151E-2 1.39603E-2 1.41826E-2 1.44508E-2 1.4611E-2 1.47258E-2 1.51414E-2 1.53888E-2 1.51501E-2 1.52322E-2 1.52661E-2 1.50937E-2 1.50854E-2 1.51922E-2 1.50227E-2 1.48349E-2 1.4837E-2 1.49575E-2 1.4755E-2 1.46766E-2 1.44967E-2 1.42531E-2 1.41909E-2 1.43928E-2 1.42641E-2 1.57914E-2 1.58014E-2 1.56127E-2 1.56491E-2 1.56559E-2 1.56604E-2 1.57247E-2 1.57566E-2 1.57487E-2 1.58409E-2 1.58661E-2 1.58939E-2 1.67326E-2 1.67614E-2 1.68009E-2 1.68385E-2 1.68755E-2
9.89058E-3 1.00757E-2 1.01165E-2 1.04811E-2 1.07153E-2 1.08469E-2 1.10237E-2 1.10906E-2 1.14815E-2 1.16424E-2 1.17841E-2 1.19027E-2 1.24449E-2 1.28847E-2 1.24673E-2 1.15472E-2 1.33474E-2 1.34763E-2 1.34197E-2 1.34306E-2 1.35999E-2 1.39158E-2 1.41381E-2 1.42744E-2 1.44687E-2 1.49513E-2 1.50001E-2 1.4844E-2 1.50882E-2 1.52451E-2 1.50524E-2 1.5048E-2 1.51225E-2 1.4957E-2 1.47778E-2 1.47955E-2 1.48771E-2 1.46752E-2 1.45106E-2 1.43798E-2 1.41952E-2 1.41177E-2 1.42222E-2 1.41566E-2 1.35717E-2 1.35792E-2 1.34442E-2 1.39263E-2 1.56105E-2 1.56139E-2 1.5644E-2 1.57096E-2 1.57148E-2 1.55594E-2 1.5923E-2 1.59575E-2 1.64346E-2 1.64604E-2 1.67484E-2 1.67855E-2 1.68072E-2
9.77529E-3 9.93818E-3 1.00171E-2 1.01822E-2 1.05031E-2 1.06547E-2 1.07653E-2 1.09211E-2 1.10547E-2 1.13752E-2 1.15391E-2 1.16563E-2 1.18036E-2 1.22201E-2 1.22654E-2 1.19134E-2 1.14439E-2 1.31806E-2 1.30959E-2 1.31168E-2 1.34538E-2 1.35954E-2 1.38119E-2 1.40639E-2 1.43174E-2 1.47848E-2 1.47633E-2 1.467E-2 1.51385E-2 1.49332E-2 1.50313E-2 1.50188E-2 1.50777E-2 1.49029E-2 1.47166E-2 1.47747E-2 1.45678E-2 1.4621E-2 1.44269E-2 1.42709E-2 1.43034E-2 1.41287E-2 1.41076E-2 1.39632E-2 1.38264E-2 1.34828E-2 1.33334E-2 1.33523E-2 1.33121E-2 1.55729E-2 1.56337E-2 1.55025E-2 1.54869E-2 1.55115E-2 1.57802E-2 1.59312E-2 1.59392E-2 1.63981E-2 1.68725E-2 1.69225E-2 1.67524E-2
9.81743E-3 9.79521E-3 9.75337E-3 1.00581E-2 1.02248E-2 1.05049E-2 1.0612E-2 1.07203E-2 1.10569E-2 1.0962E-2 1.12448E-2 1.14981E-2 1.14735E-2 1.1899E-2 1.19452E-2 1.22912E-2 1.09839E-2 1.31048E-2 1.28928E-2 1.29681E-2 1.30437E-2 1.33239E-2 1.35104E-2 1.3783E-2 1.42833E-2 1.45995E-2 1.43565E-2 1.45443E-2 1.47274E-2 1.49562E-2 1.47733E-2 1.49857E-2 1.50357E-2 1.48658E-2 1.4667E-2 1.46943E-2 1.45135E-2 1.45594E-2 1.43637E-2 1.42092E-2 1.42311E-2 1.40482E-2 1.40518E-2 1.32788E-2 1.32661E-2 1.33432E-2 1.31552E-2 1.31875E-2 1.32445E-2 1.37336E-2 1.54849E-2 1.56325E-2 1.54479E-2 1.54692E-2 1.57438E-2 1.58911E-2 1.5904E-2 1.63503E-2 1.65909E-2 1.68679E-2 1.66874E-2
