Artocarpus heterophyllus SDM files/MIS19/results (without bias file)/Arthet_9.asc
ncols         625
nrows         721
xllcorner     69.99986311115
yllcorner     5.99986187915
cellsize      0.041666667
NODATA_value  -9999
[rows 162 to 188 of 721, columns 61 to 121 of 625]
2.2888E-3 2.31208E-3 2.57307E-3 2.69707E-3 2.75993E-3 2.86369E-3 3.00147E-3 3.10227E-3 3.27275E-3 3.38251E-3 3.53205E-3 3.67E-3 3.79905E-3 3.98261E-3 4.15901E-3 4.34848E-3 4.60595E-3 4.74975E-3 4.92462E-3 5.04578E-3 1.17804E-2 1.2069E-2 1.25447E-2 1.29085E-2 1.30857E-2 1.33206E-2 1.40719E-2 1.43048E-2 1.5887E-2 1.66748E-2 1.70816E-2 1.73307E-2 1.79606E-2 2.07181E-2 2.1427E-2 2.21981E-2 2.32899E-2 2.39428E-2 2.49473E-2 2.35111E-2 2.48217E-2 2.60002E-2 2.6502E-2 3.59586E-2 3.72893E-2 3.86862E-2 4.08661E-2 4.19849E-2 4.34079E-2 4.84609E-2 5.03705E-2 4.7193E-2 4.83151E-2 4.98644E-2 4.63118E-2 4.77448E-2 4.89245E-2 4.574E-2 4.61362E-2 4.49841E-2 4.57935E-2
2.25291E-3 2.3374E-3 2.42171E-3 2.66627E-3 2.75593E-3 2.85177E-3 2.97401E-3 3.11716E-3 3.23509E-3 3.7128E-3 3.85676E-3 3.6328E-3 3.76492E-3 3.91192E-3 4.05408E-3 4.35142E-3 4.50098E-3 4.64161E-3 4.89144E-3 5.05948E-3 1.17019E-2 1.21023E-2 1.23575E-2 1.24827E-2 1.29169E-2 1.33584E-2 1.40039E-2 1.55531E-2 1.61717E-2 1.63255E-2 1.69733E-2 1.75862E-2 1.8247E-2 2.07181E-2 2.14934E-2 2.21267E-2 2.28932E-2 2.19778E-2 2.27684E-2 2.37688E-2 2.49792E-2 2.57943E-2 2.68884E-2 2.76259E-2 3.63749E-2 3.84957E-2 3.99623E-2 4.16175E-2 4.31336E-2 4.87938E-2 4.56575E-2 4.67295E-2 4.7379E-2 4.95644E-2 4.6155E-2 4.73462E-2 4.8456E-2 4.51962E-2 4.63559E-2 4.49841E-2 4.52552E-2
2.24316E-3 2.33274E-3 2.42171E-3 2.67211E-3 2.80093E-3 2.87265E-3 2.93538E-3 3.10146E-3 3.18513E-3 3.30881E-3 3.82195E-3 3.64169E-3 3.74068E-3 3.93148E-3 4.11063E-3 4.26648E-3 4.41911E-3 4.58854E-3 4.75599E-3 5.00169E-3 1.14528E-2 1.17695E-2 1.20421E-2 1.25628E-2 1.27072E-2 1.31889E-2 1.46476E-2 1.51146E-2 1.57315E-2 1.62218E-2 1.68083E-2 1.73824E-2 1.80151E-2 2.06777E-2 2.14255E-2 2.01921E-2 2.10131E-2 2.16613E-2 2.27278E-2 2.36634E-2 2.46691E-2 2.58802E-2 2.69788E-2 2.74584E-2 3.66042E-2 3.83874E-2 4.0149E-2 4.07713E-2 4.25995E-2 4.42171E-2 4.49318E-2 4.65017E-2 4.75542E-2 4.88319E-2 4.59654E-2 4.68709E-2 4.87951E-2 4.50901E-2 4.58669E-2 4.40817E-2 4.48857E-2
2.24783E-3 2.32733E-3 2.41134E-3 2.66074E-3 2.78193E-3 2.85714E-3 2.98077E-3 3.12434E-3 3.19253E-3 3.3599E-3 3.84661E-3 4.00587E-3 4.15682E-3 3.9331E-3 4.08233E-3 4.26857E-3 4.41911E-3 4.58051E-3 4.70769E-3 4.84198E-3 5.04068E-3 1.17695E-2 1.20421E-2 1.24543E-2 1.27887E-2 1.30582E-2 1.46279E-2 1.5158E-2 1.57315E-2 1.62191E-2 1.70238E-2 1.75507E-2 1.80151E-2 2.04441E-2 1.95997E-2 2.02438E-2 2.08411E-2 2.15939E-2 2.25841E-2 2.58812E-2 2.71657E-2 2.57543E-2 2.71499E-2 2.80354E-2 3.60507E-2 3.80389E-2 3.96255E-2 4.05627E-2 3.75568E-2 3.90229E-2 4.07144E-2 4.54245E-2 4.75945E-2 4.46484E-2 4.58753E-2 4.6496E-2 4.73921E-2 4.41593E-2 4.52373E-2 4.386E-2 4.43871E-2
2.24783E-3 2.31726E-3 2.52731E-3 2.67314E-3 2.75721E-3 2.86109E-3 2.95334E-3 3.06826E-3 3.22941E-3 3.34622E-3 3.4896E-3 3.99129E-3 4.15649E-3 4.3169E-3 4.07864E-3 4.22843E-3 4.38299E-3 4.56305E-3 4.73804E-3 4.85488E-3 1.14105E-2 1.16006E-2 1.1998E-2 1.24375E-2 1.28707E-2 1.414E-2 1.47701E-2 1.38915E-2 1.57283E-2 1.63228E-2 1.68059E-2 1.7275E-2 1.64472E-2 1.86766E-2 1.88904E-2 1.98882E-2 2.09739E-2 2.37799E-2 2.49046E-2 2.32521E-2 2.44715E-2 2.55119E-2 2.67648E-2 2.82185E-2 3.57026E-2 3.72113E-2 3.9695E-2 3.75035E-2 3.84974E-2 3.91364E-2 4.03606E-2 4.18297E-2 4.27704E-2 4.3564E-2 4.53617E-2 4.68405E-2 4.32049E-2 4.31475E-2 4.41006E-2 4.32757E-2 4.36986E-2
2.38823E-3 2.46883E-3 2.58145E-3 2.62464E-3 2.76324E-3 2.86741E-3 2.95587E-3 3.06826E-3 3.21613E-3 3.33253E-3 3.42731E-3 3.92815E-3 4.13029E-3 4.28694E-3 4.458E-3 4.212E-3 4.36608E-3 4.50474E-3 4.64569E-3 4.85488E-3 4.93259E-3 1.14604E-2 1.19214E-2 1.32395E-2 1.37706E-2 1.42937E-2 1.47833E-2 1.38425E-2 1.41409E-2 1.59796E-2 1.67442E-2 1.57499E-2 1.61349E-2 1.87958E-2 2.12076E-2 2.18335E-2 2.2723E-2 2.39312E-2 2.21896E-2 2.31051E-2 2.40889E-2 2.52737E-2 2.63486E-2 2.75567E-2 3.5816E-2 3.37084E-2 3.51344E-2 3.65448E-2 3.81585E-2 3.93144E-2 3.94271E-2 4.0856E-2 3.91442E-2 4.31915E-2 4.43149E-2 4.54695E-2 4.26261E-2 4.33073E-2 4.25367E-2 4.31336E-2 4.37729E-2
2.37775E-3 2.45807E-3 2.80484E-3 2.91827E-3 2.77612E-3 2.85524E-3 2.945E-3 3.04625E-3 3.14897E-3 3.30092E-3 3.44357E-3 3.56336E-3 4.0871E-3 4.30583E-3 4.44046E-3 4.12391E-3 4.26973E-3 4.41672E-3 4.58633E-3 4.74413E-3 4.91107E-3 1.13529E-2 1.27357E-2 1.3031E-2 1.37706E-2 1.42425E-2 1.47089E-2 1.51454E-2 1.28791E-2 1.45536E-2 1.52444E-2 1.77396E-2 1.80574E-2 2.03354E-2 2.11375E-2 2.19432E-2 2.23654E-2 2.10796E-2 2.21193E-2 2.28156E-2 2.34881E-2 2.43665E-2 2.54041E-2 2.67342E-2 3.15428E-2 3.28797E-2 3.43711E-2 3.55962E-2 3.75035E-2 3.82499E-2 3.56649E-2 3.63266E-2 3.73252E-2 3.83508E-2 4.32945E-2 4.06416E-2 4.17019E-2 4.09839E-2 4.12335E-2 4.21446E-2 4.21609E-2
2.3585E-3 2.68776E-3 2.80364E-3 2.87965E-3 3.01901E-3 3.13705E-3 3.22205E-3 3.01814E-3 3.13587E-3 3.26314E-3 3.35549E-3 3.53364E-3 3.68273E-3 4.23355E-3 4.39261E-3 4.51422E-3 4.2935E-3 4.49677E-3 4.62794E-3 4.74413E-3 4.92413E-3 1.14258E-2 1.28522E-2 1.20588E-2 1.24343E-2 1.27599E-2 1.33487E-2 1.2571E-2 1.42311E-2 1.46305E-2 1.69009E-2 1.74789E-2 1.81708E-2 2.05691E-2 2.12724E-2 2.00111E-2 2.04476E-2 2.12804E-2 2.18409E-2 2.26713E-2 2.36692E-2 2.46775E-2 2.3001E-2 2.42872E-2 2.50774E-2 3.23062E-2 3.30438E-2 3.48727E-2 3.60845E-2 3.38699E-2 3.58163E-2 3.62872E-2 3.651E-2 3.57522E-2 3.69888E-2 3.81014E-2 4.07927E-2 3.9883E-2 4.09197E-2 4.09031E-2 4.19619E-2
2.3585E-3 2.68275E-3 2.78985E-3 2.8708E-3 2.9678E-3 3.08639E-3 3.22916E-3 3.33077E-3 3.48698E-3 3.51432E-3 3.64801E-3 3.46575E-3 3.65485E-3 3.78569E-3 3.95382E-3 4.16064E-3 4.69957E-3 4.34322E-3 4.51023E-3 4.66927E-3 4.89249E-3 1.14756E-2 1.1742E-2 1.21525E-2 1.35826E-2 1.41387E-2 1.33749E-2 1.37907E-2 1.45486E-2 1.48616E-2 1.52698E-2 1.73652E-2 1.80554E-2 2.06965E-2 1.93118E-2 1.98833E-2 2.04749E-2 2.10799E-2 2.15651E-2 2.23442E-2 2.3078E-2 2.18526E-2 2.27851E-2 2.38295E-2 2.50024E-2 3.2103E-2 3.34632E-2 3.22116E-2 3.24103E-2 3.33865E-2 3.47255E-2 3.43048E-2 3.47574E-2 3.60947E-2 3.67636E-2 3.74687E-2 3.84513E-2 3.9494E-2 3.95084E-2 4.02904E-2 4.00038E-2
2.31965E-3 2.65946E-3 2.75783E-3 2.85834E-3 2.93103E-3 3.03787E-3 3.19877E-3 3.30689E-3 3.71134E-3 3.81652E-3 3.95903E-3 4.15161E-3 4.34776E-3 4.45363E-3 4.66703E-3 4.81788E-3 4.60601E-3 4.77541E-3 5.02356E-3 5.17396E-3 5.37994E-3 1.23167E-2 1.27702E-2 1.3168E-2 1.3916E-2 1.40762E-2 1.34125E-2 1.39682E-2 1.44443E-2 1.49047E-2 1.52254E-2 1.73115E-2 1.82251E-2 1.66841E-2 1.93704E-2 1.99216E-2 2.06418E-2 2.12806E-2 2.19802E-2 2.04865E-2 2.10916E-2 2.16056E-2 2.25277E-2 2.36066E-2 2.46875E-2 3.15099E-2 3.09539E-2 3.27762E-2 3.3226E-2 3.36371E-2 3.26285E-2 3.35734E-2 3.49799E-2 3.59221E-2 3.54739E-2 3.61316E-2 3.63749E-2 3.68711E-2 3.84424E-2 3.8209E-2 3.96145E-2
2.7793E-3 2.89973E-3 2.95955E-3 3.10352E-3 3.18435E-3 3.28524E-3 3.42731E-3 3.57962E-3 3.70628E-3 3.82265E-3 4.01427E-3 4.10402E-3 4.25147E-3 4.45363E-3 4.61657E-3 4.83245E-3 5.04855E-3 4.77541E-3 4.89346E-3 5.14765E-3 5.29106E-3 1.21064E-2 1.25223E-2 1.32934E-2 1.34053E-2 1.297E-2 1.32036E-2 1.38298E-2 1.44946E-2 1.50205E-2 1.54662E-2 1.44132E-2 1.62299E-2 1.66333E-2 1.90035E-2 1.9944E-2 2.02388E-2 2.11456E-2 2.20494E-2 2.04614E-2 2.09606E-2 2.15395E-2 2.25277E-2 2.31213E-2 2.23985E-2 2.90893E-2 3.02221E-2 3.18615E-2 3.24393E-2 3.17057E-2 3.29962E-2 3.35734E-2 3.45249E-2 3.45612E-2 3.5342E-2 3.57776E-2 3.6783E-2 3.692E-2 3.7263E-2 3.80516E-2 3.81426E-2
2.79213E-3 2.8869E-3 2.95955E-3 3.0599E-3 3.18805E-3 3.35622E-3 3.48484E-3 3.49901E-3 3.60895E-3 3.78216E-3 3.96276E-3 4.108E-3 4.20553E-3 4.40714E-3 4.66703E-3 4.72109E-3 4.98392E-3 5.22255E-3 4.86206E-3 5.02985E-3 5.24097E-3 1.21064E-2 1.26415E-2 1.3168E-2 1.24167E-2 1.26575E-2 1.31653E-2 1.36144E-2 1.26875E-2 1.32509E-2 1.38204E-2 1.39607E-2 1.47465E-2 1.6683E-2 1.91233E-2 1.9756E-2 2.03681E-2 1.93238E-2 1.98961E-2 2.04887E-2 2.10943E-2 2.18561E-2 2.24587E-2 2.16254E-2 2.24353E-2 2.86373E-2 3.00031E-2 3.14087E-2 3.10169E-2 3.23043E-2 3.30732E-2 3.36322E-2 3.40123E-2 3.43042E-2 3.50797E-2 3.5166E-2 3.58887E-2 3.67679E-2 3.77799E-2 3.79608E-2 3.75406E-2
2.79213E-3 2.8869E-3 2.97331E-3 3.11802E-3 3.23787E-3 3.32604E-3 3.32449E-3 3.50672E-3 3.59368E-3 3.71464E-3 3.85091E-3 4.05529E-3 4.13461E-3 4.32265E-3 4.4871E-3 4.76794E-3 5.04855E-3 4.75681E-3 5.49564E-3 5.09504E-3 5.30175E-3 1.23793E-2 1.26028E-2 1.30356E-2 1.24334E-2 1.27388E-2 1.21638E-2 1.24627E-2 1.28875E-2 1.3204E-2 1.36448E-2 1.39795E-2 1.45802E-2 1.50132E-2 1.71779E-2 1.95911E-2 1.83759E-2 1.92267E-2 1.9486E-2 2.00368E-2 2.09606E-2 2.1514E-2 2.06758E-2 2.16254E-2 2.24353E-2 2.88189E-2 3.00429E-2 3.16075E-2 3.07303E-2 3.15618E-2 3.26481E-2 3.3133E-2 3.33834E-2 3.37365E-2 3.44799E-2 3.50817E-2 3.53439E-2 3.60045E-2 3.61625E-2 3.69718E-2 3.71981E-2
2.83765E-3 2.91509E-3 2.99464E-3 3.11802E-3 3.25308E-3 3.34172E-3 3.34605E-3 3.46166E-3 3.54751E-3 3.67455E-3 3.85091E-3 4.04304E-3 4.23695E-3 4.33744E-3 4.54538E-3 4.76794E-3 4.9368E-3 5.20659E-3 4.95563E-3 5.09378E-3 5.26775E-3 1.21758E-2 1.26028E-2 1.07957E-2 1.11641E-2 1.16618E-2 1.20252E-2 1.25427E-2 1.29334E-2 1.33742E-2 1.3772E-2 1.40201E-2 1.45068E-2 1.50335E-2 1.54591E-2 1.7561E-2 1.79728E-2 1.85059E-2 1.9388E-2 1.99757E-2 2.08169E-2 1.97288E-2 2.03121E-2 2.13152E-2 2.25781E-2 2.88285E-2 2.99524E-2 2.97768E-2 3.04268E-2 3.13115E-2 3.18194E-2 3.22413E-2 3.29874E-2 3.34667E-2 3.39522E-2 3.48911E-2 3.5283E-2 3.53679E-2 3.60759E-2 3.60283E-2 3.64987E-2
2.82976E-3 2.90361E-3 2.96015E-3 3.10432E-3 3.20972E-3 3.22561E-3 3.30566E-3 3.44685E-3 3.55492E-3 3.66669E-3 3.85889E-3 3.97467E-3 4.16994E-3 4.33744E-3 4.51614E-3 4.76794E-3 4.91732E-3 5.13994E-3 5.30968E-3 5.4971E-3 4.87401E-3 1.11623E-2 1.04005E-2 1.0935E-2 1.11324E-2 1.15863E-2 1.17954E-2 1.23035E-2 1.29701E-2 1.3271E-2 1.37328E-2 1.41101E-2 1.43041E-2 1.40988E-2 1.45271E-2 1.49251E-2 1.74844E-2 1.84127E-2 1.92019E-2 1.97756E-2 1.87646E-2 1.93594E-2 2.05102E-2 2.11445E-2 2.251E-2 2.90115E-2 2.85636E-2 2.95016E-2 3.06558E-2 3.11944E-2 3.11148E-2 3.20648E-2 3.25461E-2 3.35345E-2 3.38258E-2 3.39368E-2 3.39583E-2 3.52632E-2 3.50285E-2 3.54603E-2 3.57676E-2
2.79942E-3 2.90208E-3 2.92042E-3 3.02542E-3 2.97708E-3 3.17027E-3 3.26762E-3 3.38057E-3 3.46417E-3 3.63547E-3 3.80934E-3 3.96645E-3 4.16994E-3 4.33744E-3 4.53171E-3 4.76794E-3 4.38667E-3 4.62857E-3 4.77353E-3 5.02122E-3 4.82962E-3 1.00857E-2 1.04005E-2 1.095E-2 1.11324E-2 1.15863E-2 1.17954E-2 1.2092E-2 1.26133E-2 1.29526E-2 1.3424E-2 1.37539E-2 1.35101E-2 1.40988E-2 1.43527E-2 1.47885E-2 1.52482E-2 1.65059E-2 1.89974E-2 1.79356E-2 1.88845E-2 1.9509E-2 2.04073E-2 2.13076E-2 2.43316E-2 2.85054E-2 2.92558E-2 2.86596E-2 2.97621E-2 3.02757E-2 3.09232E-2 3.19873E-2 3.27491E-2 3.2771E-2 3.3515E-2 3.41905E-2 3.4085E-2 3.41905E-2 3.45114E-2 3.50925E-2 3.55961E-2
2.7688E-3 2.86863E-3 2.91646E-3 3.02747E-3 2.97708E-3 3.10002E-3 3.24655E-3 3.02663E-3 3.13527E-3 3.30693E-3 3.80934E-3 3.65973E-3 3.80962E-3 3.97076E-3 4.06045E-3 4.27656E-3 4.42828E-3 4.64452E-3 4.85999E-3 5.00612E-3 4.82962E-3 1.01774E-2 1.05885E-2 1.05885E-2 1.10205E-2 1.12195E-2 1.14222E-2 1.17523E-2 1.24525E-2 1.28237E-2 1.27141E-2 1.31103E-2 1.35007E-2 1.39697E-2 1.42213E-2 1.48833E-2 1.53459E-2 1.59559E-2 1.64049E-2 1.76553E-2 1.8496E-2 1.94109E-2 2.03706E-2 2.28846E-2 2.22183E-2 2.27299E-2 2.92942E-2 2.8479E-2 2.91041E-2 2.99247E-2 3.08076E-2 3.13703E-2 3.19666E-2 3.24056E-2 3.2572E-2 3.3142E-2 3.35E-2 3.39583E-2 3.464E-2 3.51173E-2 3.54642E-2
2.53974E-3 2.65152E-3 2.68922E-3 2.66551E-3 2.77351E-3 2.87944E-3 2.94066E-3 3.10174E-3 3.23385E-3 3.34981E-3 3.46541E-3 3.60768E-3 3.80962E-3 3.94924E-3 4.08113E-3 4.26381E-3 4.4375E-3 4.59029E-3 4.75266E-3 4.85999E-3 4.24686E-3 4.35188E-3 1.00703E-2 1.05208E-2 1.07109E-2 1.10765E-2 1.147E-2 1.14859E-2 1.15367E-2 1.19239E-2 1.24726E-2 1.2743E-2 1.31225E-2 1.38806E-2 1.45703E-2 1.49787E-2 1.54789E-2 1.57607E-2 1.65617E-2 1.72407E-2 1.8639E-2 1.87082E-2 1.97589E-2 2.24523E-2 2.15805E-2 2.24433E-2 2.948E-2 2.86319E-2 2.88134E-2 2.97012E-2 2.99975E-2 3.04844E-2 3.08953E-2 3.1437E-2 3.23152E-2 3.27582E-2 3.31711E-2 3.38383E-2 3.37336E-2 3.44922E-2 3.48993E-2
2.82513E-3 2.59435E-3 2.55061E-3 2.61404E-3 2.75741E-3 2.85294E-3 2.95956E-3 3.08159E-3 3.19215E-3 3.30677E-3 3.3888E-3 3.60768E-3 3.78498E-3 3.887E-3 4.01681E-3 4.20914E-3 4.35849E-3 4.53772E-3 4.34053E-3 4.41916E-3 4.58699E-3 4.71824E-3 1.00703E-2 1.03477E-2 1.06424E-2 1.04622E-2 1.0764E-2 1.09181E-2 1.1358E-2 1.17451E-2 1.20341E-2 1.2454E-2 1.30441E-2 1.36057E-2 1.44045E-2 1.46228E-2 1.52554E-2 1.57294E-2 1.63759E-2 1.71311E-2 1.80945E-2 1.94368E-2 1.9105E-2 2.05279E-2 2.1308E-2 2.21894E-2 2.86E-2 2.83095E-2 2.88134E-2 2.93692E-2 2.94813E-2 3.057E-2 3.10518E-2 3.13502E-2 3.21818E-2 3.26442E-2 3.30688E-2 3.32789E-2 3.36084E-2 3.42817E-2 3.43889E-2
2.52203E-3 2.45112E-3 2.53925E-3 2.61404E-3 2.94048E-3 2.78988E-3 2.90888E-3 3.01348E-3 3.13772E-3 3.30677E-3 3.4329E-3 3.9234E-3 3.76946E-3 3.92921E-3 4.02526E-3 4.16961E-3 4.3958E-3 4.57656E-3 4.25624E-3 4.39078E-3 4.52829E-3 4.6711E-3 1.08062E-2 1.00151E-2 1.03664E-2 1.069E-2 1.08182E-2 1.1019E-2 1.10751E-2 1.13428E-2 1.19572E-2 1.2454E-2 1.28421E-2 1.36057E-2 1.42006E-2 1.47509E-2 1.56658E-2 1.62903E-2 1.60643E-2 1.66156E-2 1.72177E-2 1.75685E-2 1.85554E-2 1.95488E-2 1.99137E-2 2.16902E-2 2.30504E-2 2.83095E-2 2.89048E-2 2.95183E-2 3.01514E-2 3.08818E-2 3.13296E-2 3.19973E-2 3.22239E-2 3.31711E-2 3.35274E-2 3.39463E-2 3.37155E-2 3.40487E-2 3.44919E-2
2.35012E-3 2.61353E-3 2.69813E-3 2.78329E-3 2.90263E-3 3.01378E-3 3.1519E-3 3.32926E-3 3.46675E-3 3.63288E-3 3.69902E-3 3.9234E-3 4.09378E-3 4.26715E-3 4.13045E-3 4.27273E-3 4.45283E-3 4.16299E-3 4.3334E-3 4.48653E-3 4.6701E-3 9.29588E-3 9.62296E-3 1.01448E-2 1.06211E-2 1.08577E-2 1.10847E-2 1.15631E-2 1.14836E-2 1.1755E-2 1.21992E-2 1.25794E-2 1.32053E-2 1.34025E-2 1.40851E-2 1.43388E-2 1.47881E-2 1.55204E-2 1.64997E-2 1.73021E-2 1.78176E-2 1.78579E-2 1.86739E-2 1.9799E-2 2.13918E-2 2.05304E-2 2.14709E-2 2.82053E-2 2.96696E-2 2.95593E-2 3.02364E-2 3.07665E-2 3.1801E-2 3.24443E-2 3.27869E-2 3.31782E-2 3.39035E-2 3.41753E-2 3.45166E-2 3.48571E-2 3.52877E-2
2.58494E-3 2.66128E-3 2.7571E-3 2.88389E-3 2.97482E-3 3.06217E-3 3.23023E-3 3.32926E-3 3.41457E-3 3.51459E-3 3.64053E-3 3.89008E-3 4.12031E-3 4.31675E-3 4.52557E-3 4.67989E-3 4.8727E-3 5.0255E-3 4.7379E-3 4.53119E-3 9.93435E-3 1.04199E-2 1.07448E-2 1.0172E-2 1.05531E-2 1.0573E-2 1.07943E-2 1.14482E-2 1.24997E-2 1.26249E-2 1.31684E-2 1.32407E-2 1.3431E-2 1.37184E-2 1.4104E-2 1.44772E-2 1.54439E-2 1.54234E-2 1.58015E-2 1.68515E-2 1.72263E-2 1.81371E-2 1.9034E-2 1.97023E-2 2.11839E-2 2.07854E-2 2.16361E-2 2.25584E-2 2.92107E-2 2.9978E-2 3.02982E-2 3.11027E-2 3.19199E-2 3.25655E-2 3.28663E-2 3.32789E-2 3.43265E-2 3.47492E-2 3.48571E-2 3.52009E-2 3.63875E-2
2.56064E-3 2.67858E-3 2.79308E-3 2.91503E-3 3.07275E-3 3.14249E-3 3.19298E-3 3.25816E-3 3.39255E-3 3.5374E-3 3.67519E-3 3.85693E-3 4.00309E-3 4.12331E-3 4.27155E-3 4.46583E-3 4.69609E-3 4.81233E-3 4.15265E-3 4.31066E-3 4.46317E-3 1.0066E-2 1.03425E-2 9.62577E-3 9.86348E-3 9.67503E-3 1.00668E-2 1.05344E-2 1.13901E-2 1.16439E-2 1.23124E-2 1.29256E-2 1.27673E-2 1.30811E-2 1.37099E-2 1.4202E-2 1.46526E-2 1.55222E-2 1.64244E-2 1.73976E-2 1.79794E-2 1.87238E-2 1.88607E-2 1.97286E-2 2.05493E-2 2.11809E-2 2.11567E-2 2.25583E-2 2.95788E-2 2.9704E-2 3.03716E-2 3.12948E-2 3.18303E-2 3.2465E-2 3.33225E-2 3.39035E-2 3.4924E-2 3.55736E-2 3.59244E-2 3.60798E-2 3.61664E-2
2.60176E-3 2.76081E-3 2.77487E-3 2.85243E-3 2.95547E-3 3.13141E-3 3.19283E-3 3.332E-3 3.4517E-3 3.56515E-3 3.70402E-3 3.88194E-3 4.00701E-3 4.16824E-3 4.34924E-3 3.66668E-3 3.7924E-3 3.94783E-3 4.07093E-3 4.23768E-3 4.41731E-3 4.49748E-3 4.24372E-3 1.00384E-2 9.46406E-3 9.92346E-3 1.03381E-2 1.05008E-2 1.06053E-2 1.09686E-2 1.15286E-2 1.23539E-2 1.26511E-2 1.31651E-2 1.34915E-2 1.40719E-2 1.45593E-2 1.51507E-2 1.59105E-2 1.69114E-2 1.72723E-2 1.76789E-2 1.84692E-2 1.95656E-2 2.06388E-2 2.11956E-2 2.15011E-2 2.26241E-2 2.93061E-2 3.01088E-2 3.09143E-2 3.15294E-2 3.20265E-2 3.26722E-2 3.34466E-2 3.40726E-2 3.46657E-2 3.57057E-2 3.62432E-2 3.61494E-2 3.65049E-2
2.60161E-3 2.68997E-3 2.75694E-3 2.83814E-3 2.97468E-3 3.0685E-3 3.15851E-3 3.3104E-3 3.44696E-3 3.57098E-3 3.73084E-3 3.81537E-3 3.98658E-3 3.77232E-3 3.89088E-3 4.0567E-3 3.80113E-3 3.84529E-3 3.91514E-3 4.09816E-3 4.2554E-3 4.20471E-3 4.35473E-3 1.02622E-2 9.43927E-3 9.77439E-3 1.02351E-2 1.03995E-2 1.07677E-2 1.0981E-2 1.12515E-2 1.17795E-2 1.23476E-2 1.27255E-2 1.31681E-2 1.39594E-2 1.45593E-2 1.50119E-2 1.58093E-2 1.65295E-2 1.69677E-2 1.73442E-2 1.8587E-2 1.95656E-2 2.05083E-2 2.11243E-2 2.19728E-2 2.84598E-2 2.95102E-2 2.95076E-2 3.12191E-2 3.20495E-2 3.23865E-2 3.35946E-2 3.3677E-2 3.42238E-2 3.49487E-2 3.54081E-2 3.61494E-2 3.69121E-2 3.70881E-2
2.62981E-3 2.74279E-3 2.80733E-3 2.85864E-3 2.95547E-3 3.00048E-3 3.13813E-3 3.23702E-3 3.38525E-3 3.45158E-3 3.64379E-3 3.82855E-3 3.64224E-3 3.43272E-3 3.89088E-3 3.9161E-3 3.98733E-3 3.76799E-3 3.79598E-3 3.87211E-3 3.95818E-3 4.23191E-3 4.11344E-3 1.01965E-2 9.84842E-3 9.63388E-3 1.00882E-2 1.0333E-2 1.07566E-2 1.09767E-2 1.13192E-2 1.17144E-2 1.20722E-2 1.25727E-2 1.30648E-2 1.36432E-2 1.42296E-2 1.48777E-2 1.54711E-2 1.60106E-2 1.66542E-2 1.76228E-2 1.8909E-2 2.0003E-2 2.03421E-2 2.14801E-2 2.21635E-2 2.90034E-2 2.98157E-2 2.99354E-2 3.09394E-2 3.19741E-2 3.30389E-2 3.3267E-2 3.41418E-2 3.49487E-2 3.53814E-2 3.59486E-2 3.70216E-2 3.81225E-2 3.80093E-2
2.65462E-3 2.73301E-3 2.73534E-3 2.80733E-3 2.88997E-3 3.03554E-3 3.08441E-3 3.19539E-3 3.33172E-3 3.49184E-3 3.27677E-3 3.66743E-3 3.47081E-3 3.55695E-3 3.66884E-3 3.30222E-3 3.42348E-3 3.62486E-3 3.68043E-3 3.76233E-3 3.96275E-3 4.15164E-3 4.35944E-3 1.02762E-2 9.27798E-3 9.64356E-3 1.00368E-2 1.04052E-2 1.07697E-2 1.12233E-2 1.15412E-2 1.1825E-2 1.21589E-2 1.25375E-2 1.31473E-2 1.35743E-2 1.40258E-2 1.46475E-2 1.52423E-2 1.61749E-2 1.69222E-2 1.74786E-2 1.85518E-2 1.9777E-2 2.13008E-2 2.21419E-2 2.31199E-2 2.95496E-2 3.00255E-2 3.02726E-2 3.10346E-2 3.24001E-2 3.30639E-2 3.40599E-2 3.4865E-2 3.56447E-2 3.64579E-2 3.6797E-2 3.72476E-2 3.80725E-2 3.8332E-2
