Artocarpus heterophyllus SDM files/MIS19/results (without bias file)/Arthet_max.asc
ncols         625
nrows         721
xllcorner     69.99986311115
yllcorner     5.99986187915
cellsize      0.041666667
NODATA_value  -9999
[rows 162 to 188 of 721, columns 488 to 548 of 625]
4.39286E-3 4.32032E-3 5.64341E-3 4.98074E-3 4.70519E-3 4.38815E-3 4.01503E-3 4.49504E-3 3.96527E-3 4.44805E-3 3.82748E-3 4.00063E-3 4.50237E-3 4.25399E-3 3.7788E-3 3.9862E-3 3.77873E-3 4.04208E-3 3.86292E-3 4.18694E-3 3.53165E-3 3.29724E-3 3.16307E-3 3.3307E-3 3.22757E-3 3.20225E-3 3.17689E-3 3.15158E-3 3.16429E-3 3.05689E-3 2.98538E-3 3.14331E-3 3.04508E-3 3.96493E-3 3.46935E-3 2.98503E-3 2.83508E-3 2.77835E-3 2.81242E-3 3.96185E-3 3.35276E-3 2.91377E-3 2.63282E-3 2.81514E-3 3.05944E-3 3.29853E-3 5.34335E-3 5.11776E-3 5.67396E-3 5.37914E-3 5.91997E-3 6.64539E-3 7.5734E-3 7.15424E-3 7.21964E-3 7.68155E-3 9.19083E-3 7.47225E-3 9.11108E-3 9.52518E-3 1.13022E-2
4.83334E-3 3.92421E-3 3.93756E-3 4.10597E-3 4.14786E-3 4.25965E-3 4.26449E-3 5.16581E-3 4.30134E-3 5.36661E-3 4.08937E-3 3.85289E-3 6.56344E-3 4.24667E-3 3.91894E-3 6.08886E-3 4.44885E-3 3.65829E-3 3.50388E-3 6.30704E-3 5.30187E-3 3.61545E-3 3.9844E-3 3.34161E-3 5.42023E-3 3.17506E-3 4.88885E-3 4.88623E-3 3.15852E-3 3.86278E-3 3.09287E-3 3.87462E-3 4.52681E-3 4.39E-3 3.10529E-3 4.78519E-3 3.24053E-3 3.40227E-3 3.37789E-3 2.59407E-3 2.70142E-3 4.89147E-3 4.57874E-3 3.94776E-3 3.02799E-3 3.35992E-3 3.19658E-3 3.50191E-3 3.44853E-3 3.50643E-3 4.38341E-3 3.9026E-3 7.82742E-3 8.29853E-3 8.55649E-3 7.99349E-3 8.37507E-3 9.19853E-3 9.70288E-3 1.01668E-2 1.195E-2
5.55826E-3 5.22317E-3 5.36539E-3 5.81542E-3 5.8917E-3 5.88438E-3 5.71679E-3 5.91902E-3 6.06669E-3 5.97382E-3 5.12081E-3 3.73506E-3 6.17903E-3 4.48402E-3 3.99236E-3 5.96092E-3 4.81783E-3 4.55747E-3 3.66186E-3 5.40528E-3 5.11855E-3 4.44844E-3 4.28132E-3 3.23598E-3 5.99588E-3 3.70037E-3 3.98693E-3 4.91676E-3 3.38187E-3 4.21804E-3 4.90569E-3 5.13939E-3 5.25093E-3 4.68833E-3 2.93749E-3 5.3328E-3 5.11099E-3 4.93176E-3 3.84437E-3 3.15098E-3 2.82336E-3 5.46906E-3 5.47584E-3 5.08069E-3 5.31774E-3 5.63384E-3 5.16057E-3 4.53165E-3 4.83804E-3 5.6013E-3 6.50225E-3 6.77533E-3 6.88777E-3 8.63459E-3 9.01764E-3 9.49395E-3 8.73207E-3 1.03452E-2 1.02594E-2 1.06838E-2 9.74652E-3
6.18601E-3 5.9887E-3 6.34714E-3 5.97481E-3 4.3241E-3 6.10112E-3 5.45988E-3 4.39894E-3 5.3038E-3 6.75887E-3 5.79899E-3 4.41355E-3 5.82644E-3 4.37233E-3 4.10469E-3 5.2873E-3 4.62729E-3 4.35871E-3 3.58161E-3 6.13644E-3 5.74394E-3 4.23221E-3 4.63763E-3 3.35447E-3 4.36677E-3 4.46055E-3 4.2966E-3 5.46898E-3 4.50751E-3 4.10396E-3 4.32591E-3 3.21952E-3 2.90767E-3 3.1129E-3 2.87492E-3 3.70853E-3 4.75282E-3 5.50344E-3 4.71135E-3 3.44246E-3 2.45164E-3 3.46582E-3 4.53109E-3 4.76179E-3 5.30748E-3 5.74258E-3 6.0941E-3 5.47367E-3 5.23857E-3 5.97078E-3 5.97296E-3 5.91765E-3 4.06671E-3 4.41158E-3 6.77638E-3 8.99211E-3 1.00791E-2 1.14931E-2 1.27304E-2 1.23876E-2 1.25385E-2
4.19542E-3 5.14927E-3 5.46978E-3 6.14625E-3 4.93846E-3 6.12119E-3 5.71499E-3 5.22826E-3 4.19022E-3 5.75365E-3 6.77245E-3 5.47328E-3 5.38753E-3 5.04363E-3 5.05311E-3 5.43044E-3 4.44489E-3 4.11864E-3 3.66858E-3 5.58139E-3 5.59361E-3 4.38955E-3 3.3342E-3 4.11077E-3 6.0164E-3 4.56712E-3 2.96137E-3 4.3291E-3 4.41221E-3 3.64841E-3 3.21659E-3 4.10538E-3 4.28448E-3 4.16607E-3 4.26316E-3 2.5647E-3 3.23492E-3 3.57683E-3 4.76049E-3 3.62104E-3 2.70599E-3 3.56344E-3 3.94592E-3 2.77046E-3 3.65997E-3 5.2583E-3 5.49286E-3 5.57436E-3 5.44626E-3 6.00829E-3 6.48232E-3 5.35753E-3 5.07287E-3 5.40117E-3 4.58686E-3 4.58691E-3 5.23993E-3 8.85387E-3 1.13727E-2 1.27056E-2 1.37979E-2
4.82516E-3 4.18985E-3 6.89535E-3 6.77053E-3 6.9923E-3 6.3258E-3 6.2988E-3 5.70889E-3 4.27679E-3 5.90561E-3 6.69265E-3 6.1956E-3 6.3697E-3 6.38739E-3 6.14389E-3 6.13178E-3 5.45909E-3 4.84598E-3 4.04794E-3 4.99543E-3 4.83263E-3 3.86631E-3 4.57083E-3 3.68263E-3 4.464E-3 5.00148E-3 4.17439E-3 4.3124E-3 4.50285E-3 4.50314E-3 4.29313E-3 4.16814E-3 2.95074E-3 3.73084E-3 4.34403E-3 3.62443E-3 2.7574E-3 4.61161E-3 4.1705E-3 4.06716E-3 2.87767E-3 2.54492E-3 4.25402E-3 3.48821E-3 2.27645E-3 3.12316E-3 4.65575E-3 5.05021E-3 3.45349E-3 3.36652E-3 3.72815E-3 3.32389E-3 5.80836E-3 4.95742E-3 7.0697E-3 4.88016E-3 7.80965E-3 5.24746E-3 5.91971E-3 6.74294E-3 8.86321E-3
4.79488E-3 4.15066E-3 5.36124E-3 5.81801E-3 6.7288E-3 7.26061E-3 6.90159E-3 6.33015E-3 5.09309E-3 5.94636E-3 7.11549E-3 6.73867E-3 5.95269E-3 7.08512E-3 6.84881E-3 6.85489E-3 6.92698E-3 5.87304E-3 4.69651E-3 5.60735E-3 5.24165E-3 4.44266E-3 4.24671E-3 4.176E-3 4.99616E-3 5.06712E-3 4.89826E-3 5.06114E-3 5.2674E-3 5.32429E-3 4.96978E-3 4.29901E-3 2.78221E-3 3.83743E-3 4.42523E-3 3.56881E-3 2.98955E-3 4.47111E-3 4.81025E-3 4.30317E-3 3.54895E-3 3.42723E-3 2.81865E-3 3.3302E-3 4.0926E-3 2.8654E-3 3.36386E-3 3.66604E-3 4.20695E-3 3.52582E-3 3.6457E-3 6.38854E-3 7.34056E-3 4.6137E-3 8.84328E-3 6.59119E-3 5.8164E-3 6.43285E-3 8.02977E-3 9.63846E-3 1.0313E-2
5.66192E-3 4.88537E-3 5.11478E-3 6.12185E-3 6.04352E-3 6.46378E-3 6.6917E-3 7.4094E-3 7.19365E-3 5.49095E-3 5.92071E-3 6.97119E-3 5.63682E-3 5.66285E-3 4.67747E-3 5.76849E-3 7.1989E-3 6.92698E-3 6.57573E-3 6.08803E-3 5.93307E-3 5.82215E-3 5.53698E-3 5.01078E-3 4.88041E-3 4.26191E-3 4.14675E-3 4.09819E-3 3.59725E-3 3.13614E-3 3.19481E-3 2.77599E-3 3.07957E-3 4.05081E-3 3.57656E-3 3.58618E-3 2.86983E-3 3.08127E-3 4.82928E-3 4.71287E-3 3.74248E-3 3.35292E-3 2.68515E-3 2.88333E-3 4.17052E-3 3.49891E-3 3.32168E-3 4.38334E-3 4.07191E-3 4.39523E-3 4.51688E-3 4.30817E-3 3.79701E-3 3.96146E-3 7.30762E-3 8.89122E-3 6.98524E-3 6.20871E-3 8.90434E-3 8.93319E-3 7.82725E-3
5.29184E-3 4.24365E-3 4.44118E-3 4.42716E-3 4.81157E-3 6.33696E-3 6.20747E-3 5.67162E-3 5.6752E-3 6.44079E-3 6.00548E-3 4.90339E-3 4.55426E-3 4.70713E-3 5.30384E-3 5.25293E-3 4.77359E-3 5.11797E-3 6.0843E-3 6.30331E-3 6.15301E-3 6.67506E-3 6.6214E-3 6.01873E-3 5.73057E-3 5.21323E-3 4.57236E-3 4.20192E-3 4.19103E-3 4.18271E-3 3.96891E-3 3.2788E-3 3.35745E-3 4.32371E-3 3.67225E-3 2.64837E-3 3.01773E-3 2.36571E-3 3.51245E-3 3.78492E-3 3.38215E-3 2.79118E-3 2.49484E-3 2.3839E-3 2.93064E-3 5.06638E-3 4.60348E-3 4.2349E-3 4.52989E-3 4.81878E-3 4.90762E-3 4.80457E-3 3.97168E-3 4.51602E-3 4.084E-3 5.37784E-3 7.91109E-3 9.06097E-3 1.04854E-2 1.18973E-2 9.67358E-3
5.43667E-3 5.64781E-3 6.34883E-3 6.15466E-3 8.23901E-3 7.39009E-3 6.50094E-3 6.20274E-3 5.77402E-3 6.09978E-3 7.48416E-3 6.78039E-3 5.91527E-3 5.60075E-3 5.96326E-3 5.33726E-3 7.08496E-3 6.14452E-3 7.24359E-3 6.93154E-3 5.72863E-3 5.37464E-3 5.63405E-3 5.24081E-3 5.8475E-3 6.03717E-3 5.92391E-3 5.67745E-3 5.22231E-3 4.37389E-3 3.42004E-3 4.13323E-3 4.62236E-3 4.07936E-3 3.48546E-3 2.78208E-3 3.36758E-3 2.50023E-3 2.7862E-3 3.99139E-3 3.46425E-3 2.74824E-3 2.75978E-3 3.20878E-3 3.30164E-3 4.44384E-3 4.58375E-3 4.70943E-3 4.84359E-3 5.3875E-3 4.59214E-3 3.5942E-3 4.49617E-3 3.88379E-3 4.80385E-3 4.92617E-3 7.47301E-3 9.52968E-3 1.07557E-2 1.08683E-2 8.14206E-3
5.25441E-3 5.77632E-3 5.30292E-3 4.8343E-3 7.03372E-3 6.80864E-3 6.07162E-3 5.26253E-3 6.04306E-3 5.37974E-3 6.55166E-3 6.78994E-3 7.55754E-3 7.84761E-3 7.77438E-3 6.22878E-3 4.49733E-3 4.89552E-3 4.39231E-3 6.16155E-3 6.12735E-3 5.21855E-3 4.45364E-3 4.84813E-3 3.67749E-3 4.30173E-3 4.05852E-3 4.92502E-3 5.3696E-3 5.90509E-3 4.8561E-3 4.5298E-3 5.1138E-3 4.70482E-3 4.33288E-3 4.24585E-3 3.90781E-3 2.83429E-3 3.54729E-3 2.77084E-3 3.61521E-3 3.37646E-3 3.20708E-3 3.63801E-3 4.15418E-3 4.39954E-3 4.73293E-3 4.87942E-3 4.8921E-3 5.61564E-3 6.04361E-3 5.87178E-3 6.01297E-3 5.86609E-3 6.28073E-3 6.08625E-3 7.09497E-3 6.78215E-3 5.92329E-3 7.61732E-3 8.90901E-3
6.72854E-3 5.83886E-3 4.9728E-3 5.80898E-3 6.45989E-3 6.25227E-3 4.9683E-3 6.52438E-3 6.67608E-3 5.27071E-3 7.41816E-3 6.3763E-3 6.99839E-3 7.80581E-3 7.1309E-3 8.18169E-3 7.50275E-3 7.782E-3 5.17839E-3 4.33069E-3 4.95486E-3 4.78558E-3 5.28056E-3 5.44575E-3 4.67009E-3 5.17407E-3 4.44374E-3 4.71412E-3 3.77454E-3 4.20799E-3 4.55529E-3 5.13803E-3 5.42073E-3 4.98749E-3 4.14111E-3 3.60258E-3 3.45926E-3 3.12672E-3 3.89398E-3 3.40295E-3 3.46145E-3 3.40419E-3 2.15569E-3 2.66061E-3 2.88634E-3 2.83552E-3 3.31974E-3 3.50891E-3 3.04326E-3 3.51475E-3 3.79663E-3 3.93504E-3 4.54398E-3 5.58617E-3 6.74147E-3 6.98563E-3 6.94806E-3 6.69974E-3 8.08759E-3 8.52519E-3 9.69437E-3
6.45513E-3 5.71405E-3 6.31299E-3 5.68207E-3 5.50708E-3 5.13161E-3 6.9107E-3 5.89097E-3 6.01379E-3 6.86298E-3 7.65201E-3 6.84088E-3 6.35366E-3 5.59421E-3 5.13106E-3 4.72146E-3 4.97237E-3 6.61855E-3 7.23061E-3 6.52014E-3 6.97579E-3 5.55271E-3 6.40185E-3 5.91224E-3 6.19854E-3 6.30001E-3 6.00427E-3 6.00427E-3 5.10816E-3 5.36913E-3 5.48061E-3 4.99094E-3 4.91257E-3 5.548E-3 5.07621E-3 3.86224E-3 3.71215E-3 3.71262E-3 4.17856E-3 4.14009E-3 4.36422E-3 3.89488E-3 2.25722E-3 2.68165E-3 3.62584E-3 3.38437E-3 3.08441E-3 3.98428E-3 4.20478E-3 3.8299E-3 5.41318E-3 4.85007E-3 5.90094E-3 5.66795E-3 5.60893E-3 6.81657E-3 7.74765E-3 8.80902E-3 9.95318E-3 1.06566E-2 9.20304E-3
6.07601E-3 6.29289E-3 6.51852E-3 5.54136E-3 7.73601E-3 5.93747E-3 7.96512E-3 6.53907E-3 6.49418E-3 6.39718E-3 5.85258E-3 7.07883E-3 7.79821E-3 6.83646E-3 6.74781E-3 6.40429E-3 6.36033E-3 5.85413E-3 5.53753E-3 5.71407E-3 5.93512E-3 6.2613E-3 5.94226E-3 5.88815E-3 5.56361E-3 5.11059E-3 6.2332E-3 6.8278E-3 6.35944E-3 5.35339E-3 4.92207E-3 4.08144E-3 4.11983E-3 5.62657E-3 5.32746E-3 4.51532E-3 4.00952E-3 4.34144E-3 4.58743E-3 4.66243E-3 4.52235E-3 2.76649E-3 2.66509E-3 3.52241E-3 3.74064E-3 2.99787E-3 3.22509E-3 4.21255E-3 3.87485E-3 2.89446E-3 4.71019E-3 5.52973E-3 6.09955E-3 6.87482E-3 6.88591E-3 7.09946E-3 7.77606E-3 9.82211E-3 1.12658E-2 1.07693E-2 1.22767E-2
6.40382E-3 6.5076E-3 6.61748E-3 5.91581E-3 8.42529E-3 6.75028E-3 8.60051E-3 7.8875E-3 7.02084E-3 7.28929E-3 7.18023E-3 6.41535E-3 7.26729E-3 9.58064E-3 8.43166E-3 7.46748E-3 7.67319E-3 8.19534E-3 6.90906E-3 5.90769E-3 6.13742E-3 5.68023E-3 5.64405E-3 5.37319E-3 5.30662E-3 5.45903E-3 4.60425E-3 4.78572E-3 5.43552E-3 4.97848E-3 4.5978E-3 3.44832E-3 3.61364E-3 5.21128E-3 5.55846E-3 4.31598E-3 4.14079E-3 4.44234E-3 4.58336E-3 4.63122E-3 3.8003E-3 3.64335E-3 3.14345E-3 3.65819E-3 3.47795E-3 3.97394E-3 2.86087E-3 2.87228E-3 3.9568E-3 3.3364E-3 4.75424E-3 5.71151E-3 6.45519E-3 7.03899E-3 7.51784E-3 6.95023E-3 6.81391E-3 6.8553E-3 1.14505E-2 1.20991E-2 1.33041E-2
7.73404E-3 7.74466E-3 7.37414E-3 7.10761E-3 7.10699E-3 6.99258E-3 8.35853E-3 8.63493E-3 7.95833E-3 8.36911E-3 8.36232E-3 7.14791E-3 7.84006E-3 8.99342E-3 8.68475E-3 8.30597E-3 8.88603E-3 8.67765E-3 8.45487E-3 6.66273E-3 6.20867E-3 6.09528E-3 6.158E-3 5.63552E-3 5.53921E-3 5.51115E-3 5.2983E-3 5.3313E-3 4.99449E-3 4.51895E-3 4.40235E-3 3.95808E-3 3.12532E-3 4.04652E-3 5.44765E-3 4.63303E-3 4.64571E-3 4.43179E-3 3.33441E-3 3.18858E-3 4.32067E-3 4.77362E-3 4.49669E-3 4.30397E-3 4.16188E-3 4.18808E-3 3.76366E-3 3.58979E-3 4.07005E-3 3.72087E-3 3.39658E-3 3.15174E-3 5.09077E-3 5.49095E-3 6.99783E-3 7.9095E-3 8.22701E-3 8.54197E-3 9.38667E-3 1.25444E-2 1.46009E-2
8.0823E-3 8.28673E-3 8.38116E-3 9.12921E-3 9.43659E-3 8.97842E-3 8.39065E-3 9.21029E-3 8.32901E-3 8.67587E-3 9.22364E-3 8.81532E-3 9.628E-3 8.88872E-3 8.68038E-3 8.17843E-3 8.33911E-3 8.20419E-3 7.09416E-3 6.59672E-3 6.73096E-3 7.41763E-3 7.36029E-3 7.47793E-3 7.24856E-3 6.37093E-3 5.80506E-3 5.5019E-3 5.1135E-3 5.00652E-3 4.61692E-3 4.28988E-3 3.27593E-3 4.87252E-3 5.49825E-3 5.28872E-3 4.02808E-3 5.08341E-3 4.41115E-3 3.28553E-3 4.84002E-3 4.75486E-3 4.52992E-3 4.51045E-3 4.31101E-3 4.48845E-3 4.40346E-3 4.61219E-3 4.91052E-3 4.61643E-3 4.77369E-3 4.45875E-3 3.42098E-3 3.50544E-3 4.80994E-3 6.79301E-3 8.75286E-3 1.00785E-2 1.03887E-2 1.37193E-2 1.55798E-2
7.38841E-3 7.55139E-3 7.96677E-3 8.76187E-3 9.02596E-3 1.03171E-2 9.77155E-3 8.25971E-3 9.08848E-3 8.50978E-3 9.01244E-3 8.82116E-3 1.09306E-2 1.05021E-2 1.06289E-2 1.06867E-2 9.53047E-3 9.58588E-3 9.46577E-3 8.77011E-3 7.62206E-3 8.25374E-3 8.55254E-3 8.56662E-3 8.91122E-3 7.57362E-3 7.33651E-3 6.46592E-3 5.81889E-3 5.10906E-3 4.85853E-3 4.93552E-3 4.79448E-3 5.39818E-3 5.84949E-3 5.53784E-3 3.68406E-3 4.19494E-3 4.03463E-3 3.55359E-3 4.02217E-3 5.05786E-3 3.98954E-3 4.65623E-3 4.79016E-3 3.75576E-3 4.83167E-3 4.8283E-3 4.89919E-3 4.06391E-3 3.27672E-3 3.34877E-3 4.17426E-3 5.1442E-3 5.32717E-3 4.63671E-3 5.03228E-3 5.79816E-3 6.81527E-3 8.35035E-3 1.28808E-2
7.74543E-3 7.38366E-3 7.96427E-3 8.21315E-3 8.18075E-3 9.70792E-3 1.03358E-2 9.4476E-3 9.37957E-3 9.06026E-3 9.86147E-3 9.62303E-3 1.09484E-2 1.08359E-2 1.06501E-2 1.23497E-2 1.07148E-2 9.85228E-3 1.04732E-2 8.55153E-3 9.20753E-3 9.38602E-3 8.87064E-3 7.72757E-3 9.37938E-3 8.84291E-3 9.19693E-3 8.89352E-3 7.37298E-3 6.86046E-3 6.30772E-3 6.04828E-3 6.54244E-3 5.99176E-3 4.32898E-3 5.22854E-3 3.66567E-3 2.90982E-3 2.90536E-3 2.70263E-3 2.5324E-3 2.65035E-3 3.33023E-3 4.62426E-3 4.64417E-3 3.98596E-3 3.51981E-3 4.11838E-3 3.37895E-3 4.59542E-3 5.01879E-3 4.93705E-3 5.93806E-3 6.59026E-3 6.97978E-3 7.13852E-3 6.36307E-3 6.6822E-3 7.61768E-3 8.69417E-3 1.03029E-2
7.97164E-3 7.49879E-3 8.22302E-3 9.09181E-3 9.25843E-3 9.97101E-3 9.24668E-3 1.01515E-2 9.52312E-3 1.10231E-2 1.15053E-2 1.20207E-2 1.33158E-2 1.31174E-2 1.26775E-2 1.39409E-2 1.32173E-2 1.17545E-2 1.16973E-2 8.68231E-3 9.10274E-3 1.07588E-2 1.12827E-2 1.06401E-2 8.81415E-3 1.0458E-2 1.06695E-2 1.00708E-2 9.48862E-3 8.95766E-3 7.6314E-3 6.99327E-3 5.93895E-3 4.7568E-3 3.93504E-3 6.33524E-3 4.71213E-3 4.70866E-3 4.91759E-3 4.55584E-3 4.35178E-3 4.02408E-3 3.0231E-3 2.7517E-3 4.58917E-3 5.31416E-3 3.74201E-3 3.99124E-3 4.97312E-3 5.50451E-3 5.64044E-3 6.06449E-3 6.78512E-3 7.37613E-3 8.23103E-3 8.19581E-3 8.58007E-3 8.88758E-3 9.36565E-3 9.78879E-3 1.20755E-2
8.85137E-3 8.55159E-3 9.67557E-3 9.65887E-3 1.034E-2 1.09506E-2 1.03488E-2 1.07313E-2 1.13331E-2 1.26837E-2 1.38309E-2 1.41076E-2 1.49643E-2 1.46076E-2 1.43082E-2 1.42209E-2 1.50138E-2 1.33263E-2 1.24805E-2 9.56972E-3 1.00089E-2 1.08036E-2 1.03337E-2 9.89461E-3 8.57443E-3 7.72514E-3 7.78779E-3 9.58023E-3 9.55821E-3 8.48315E-3 6.39771E-3 6.1831E-3 5.83265E-3 5.89179E-3 7.15959E-3 7.49839E-3 5.66093E-3 3.81791E-3 4.81922E-3 5.26046E-3 5.13173E-3 4.30705E-3 3.97205E-3 3.99697E-3 2.91307E-3 3.03096E-3 3.09176E-3 3.51456E-3 4.05334E-3 4.44761E-3 4.73513E-3 5.70504E-3 5.19328E-3 4.47642E-3 6.19093E-3 8.38219E-3 1.00468E-2 1.11383E-2 1.20683E-2 1.16318E-2 1.49394E-2
9.30743E-3 9.19308E-3 1.0674E-2 1.20845E-2 1.26482E-2 1.25557E-2 1.37082E-2 1.37343E-2 1.39859E-2 1.30118E-2 1.19457E-2 1.12584E-2 1.14346E-2 1.31386E-2 1.57794E-2 1.54905E-2 1.52364E-2 1.43663E-2 1.24817E-2 1.07845E-2 1.14747E-2 1.32942E-2 1.34709E-2 1.32812E-2 1.32139E-2 1.25109E-2 7.96423E-3 9.23165E-3 9.89723E-3 9.42527E-3 9.00037E-3 8.42861E-3 8.36839E-3 8.19818E-3 6.38642E-3 7.88192E-3 6.32419E-3 4.44586E-3 4.89581E-3 4.77765E-3 3.99811E-3 3.43353E-3 3.35422E-3 2.93166E-3 2.70818E-3 2.90473E-3 2.61057E-3 3.0294E-3 2.77725E-3 2.8166E-3 3.01868E-3 3.05527E-3 3.49588E-3 4.42383E-3 4.58087E-3 5.60033E-3 7.91371E-3 1.11302E-2 1.26386E-2 1.16309E-2 1.39252E-2
8.52523E-3 8.82809E-3 1.1148E-2 1.18919E-2 1.25873E-2 1.15268E-2 1.03841E-2 9.67455E-3 1.03671E-2 1.16124E-2 1.34841E-2 1.30589E-2 1.44174E-2 1.36694E-2 1.35189E-2 1.79799E-2 1.66697E-2 1.61273E-2 1.4139E-2 1.1785E-2 1.3427E-2 1.39207E-2 1.62517E-2 1.51238E-2 1.37351E-2 1.04864E-2 1.14791E-2 1.22471E-2 1.08431E-2 8.3469E-3 8.38987E-3 8.73503E-3 8.51815E-3 7.42445E-3 7.66164E-3 8.59242E-3 7.32398E-3 5.4552E-3 5.28674E-3 6.25411E-3 5.26956E-3 3.59848E-3 3.4179E-3 3.14608E-3 3.47056E-3 3.40288E-3 3.71943E-3 3.46152E-3 3.67979E-3 3.81988E-3 4.13021E-3 4.13915E-3 5.22053E-3 6.36307E-3 7.93269E-3 8.60069E-3 1.04119E-2 1.00819E-2 1.40845E-2 1.46131E-2 1.38824E-2
8.17511E-3 9.28188E-3 9.5823E-3 9.46047E-3 9.80128E-3 1.04236E-2 1.02473E-2 1.07846E-2 1.1926E-2 1.35959E-2 1.56001E-2 1.53602E-2 1.61726E-2 1.70847E-2 1.56179E-2 1.97867E-2 2.0265E-2 1.83069E-2 1.65808E-2 1.62044E-2 1.55749E-2 1.76224E-2 1.81609E-2 1.10857E-2 1.23057E-2 1.10265E-2 1.1222E-2 1.20641E-2 9.80479E-3 8.46947E-3 7.56327E-3 7.20551E-3 8.10404E-3 8.25564E-3 5.9952E-3 8.99644E-3 7.55186E-3 5.76842E-3 4.36496E-3 6.36365E-3 5.8133E-3 4.4657E-3 5.42524E-3 3.66112E-3 5.265E-3 5.11187E-3 5.53933E-3 5.59483E-3 5.73513E-3 6.47535E-3 7.14557E-3 6.85563E-3 7.84012E-3 8.08417E-3 8.70357E-3 1.09105E-2 1.17449E-2 1.1447E-2 1.52245E-2 1.71723E-2 2.01155E-2
8.141E-3 9.78952E-3 1.06536E-2 1.10852E-2 1.09527E-2 9.59964E-3 1.07525E-2 1.03604E-2 1.24713E-2 1.44342E-2 1.8029E-2 1.90784E-2 1.97212E-2 2.25003E-2 2.17857E-2 2.08046E-2 2.33768E-2 2.3441E-2 2.19794E-2 1.90153E-2 1.66216E-2 1.95455E-2 1.68652E-2 1.60248E-2 1.47221E-2 1.36359E-2 1.17602E-2 1.1311E-2 1.14916E-2 1.14778E-2 1.06736E-2 8.35038E-3 7.27392E-3 7.34108E-3 7.35605E-3 1.04312E-2 8.35049E-3 5.03422E-3 4.7117E-3 6.77133E-3 7.16282E-3 5.45898E-3 6.42389E-3 5.29626E-3 5.99229E-3 5.84075E-3 5.87336E-3 6.75275E-3 7.29991E-3 7.12163E-3 7.99956E-3 8.38469E-3 9.40953E-3 9.92355E-3 1.00814E-2 7.93076E-3 7.71911E-3 9.36652E-3 1.08018E-2 1.27393E-2 1.48905E-2
7.61414E-3 9.39108E-3 1.2872E-2 1.0985E-2 1.08672E-2 1.11811E-2 1.13999E-2 1.18562E-2 1.49546E-2 1.63622E-2 1.75086E-2 1.86735E-2 2.12673E-2 1.67286E-2 1.68702E-2 1.78874E-2 2.4973E-2 2.52521E-2 2.48985E-2 2.18108E-2 2.1153E-2 2.54928E-2 2.17195E-2 1.94501E-2 1.80366E-2 1.70996E-2 1.54909E-2 1.39362E-2 1.2853E-2 1.08355E-2 1.31276E-2 1.13339E-2 8.88869E-3 8.92422E-3 6.39926E-3 1.17299E-2 8.91166E-3 5.61426E-3 6.76915E-3 8.9942E-3 8.09438E-3 7.5342E-3 7.45742E-3 5.38169E-3 6.14164E-3 6.16243E-3 5.9952E-3 4.63346E-3 5.00088E-3 5.14532E-3 4.93309E-3 4.65231E-3 5.93733E-3 6.89697E-3 6.54996E-3 7.98125E-3 8.09522E-3 1.07965E-2 1.06462E-2 1.27552E-2 1.39258E-2
7.86665E-3 1.08051E-2 1.33893E-2 1.09307E-2 1.03725E-2 1.3238E-2 1.34894E-2 1.6074E-2 1.76774E-2 1.93454E-2 2.09197E-2 2.0201E-2 1.83691E-2 1.93864E-2 1.98862E-2 2.03546E-2 1.92793E-2 2.9368E-2 2.9299E-2 2.75331E-2 2.48973E-2 1.94607E-2 1.79038E-2 2.1062E-2 2.09919E-2 2.09578E-2 1.85772E-2 1.46441E-2 1.29954E-2 1.24752E-2 1.18175E-2 1.3729E-2 1.25037E-2 9.63189E-3 7.37821E-3 1.29509E-2 9.84136E-3 6.56244E-3 7.6282E-3 9.1076E-3 9.50352E-3 8.46947E-3 8.1605E-3 7.08291E-3 5.00952E-3 4.75147E-3 4.41406E-3 4.59411E-3 4.71837E-3 5.76339E-3 5.54829E-3 7.34182E-3 6.49512E-3 7.00466E-3 7.70788E-3 9.17183E-3 8.76495E-3 1.16675E-2 9.63462E-3 1.01099E-2 9.65521E-3
