Artocarpus heterophyllus SDM files/MIS19/results (without bias file)/Arthet_7.asc
ncols         625
nrows         721
xllcorner     69.99986311115
yllcorner     5.99986187915
cellsize      0.041666667
NODATA_value  -9999
[rows 378 to 404 of 721, columns 549 to 609 of 625]
2.56571E-1 2.52645E-1 2.5405E-1 3.37102E-1 3.38593E-1 3.35735E-1 3.70352E-1 3.62876E-1 3.55057E-1 3.30062E-1 3.62313E-1 3.74754E-1 3.73784E-1 3.23577E-1 3.4324E-1 4.67733E-1 4.58221E-1 3.61859E-1 3.9716E-1 3.99585E-1 4.73304E-1 6.36199E-1 6.02152E-1 5.86854E-1 4.5364E-1 4.52419E-1 6.22269E-1 4.124E-1 5.74697E-1 3.38984E-1 5.0124E-1 5.93614E-1 6.31521E-1 5.44191E-1 5.33999E-1 5.50019E-1 5.43045E-1 4.38695E-1 4.96254E-1 4.15025E-1 3.98587E-1 3.67194E-1 3.12486E-1 2.91197E-1 2.55442E-1 2.36682E-1 2.26543E-1 1.79426E-1 1.74098E-1 1.87256E-1 1.84622E-1 2.00452E-1 1.77973E-1 1.56296E-1 2.01847E-1 2.24576E-1 2.35729E-1 2.51123E-1 2.59077E-1 2.38438E-1 2.40847E-1
2.56976E-1 2.5583E-1 2.53491E-1 2.62506E-1 3.39965E-1 3.38795E-1 3.33829E-1 3.43006E-1 3.35453E-1 3.55979E-1 3.02555E-1 4.37202E-1 4.11406E-1 3.70231E-1 3.32848E-1 3.51812E-1 4.73176E-1 3.84388E-1 4.09337E-1 3.47785E-1 4.41406E-1 4.54688E-1 4.45598E-1 4.4084E-1 4.39046E-1 4.17206E-1 4.21351E-1 5.94619E-1 5.82697E-1 4.12561E-1 5.61355E-1 6.00507E-1 5.52602E-1 6.47637E-1 5.42773E-1 4.78514E-1 5.95321E-1 4.65398E-1 4.25855E-1 4.42611E-1 4.00781E-1 3.85486E-1 3.37172E-1 3.12052E-1 2.56646E-1 2.3563E-1 2.08433E-1 1.82745E-1 1.77096E-1 2.22684E-1 2.46739E-1 2.49103E-1 2.38187E-1 2.15502E-1 2.00472E-1 2.02265E-1 2.29125E-1 2.31925E-1 2.45443E-1 2.34316E-1 2.32252E-1
2.57415E-1 2.57612E-1 2.5526E-1 2.54198E-1 2.95524E-1 3.33845E-1 3.29351E-1 3.21859E-1 3.38311E-1 3.56438E-1 3.2338E-1 3.48126E-1 4.08204E-1 3.73707E-1 3.24951E-1 3.97936E-1 4.86787E-1 4.48752E-1 3.72754E-1 3.5894E-1 4.05989E-1 4.62113E-1 6.24986E-1 6.14007E-1 4.30522E-1 4.44434E-1 4.05594E-1 5.95149E-1 4.33275E-1 4.10283E-1 3.7625E-1 6.06052E-1 5.91823E-1 5.9264E-1 5.79256E-1 5.10307E-1 5.06345E-1 5.55441E-1 4.83808E-1 4.53739E-1 3.97064E-1 3.55954E-1 3.35831E-1 2.94806E-1 2.6526E-1 2.35073E-1 2.14004E-1 2.17895E-1 1.75608E-1 2.22169E-1 2.42095E-1 2.63508E-1 2.79141E-1 2.47095E-1 2.1529E-1 2.07477E-1 2.21265E-1 2.3026E-1 2.32474E-1 2.3359E-1 2.37367E-1
2.61507E-1 -9999 2.62371E-1 2.97147E-1 3.32391E-1 3.35427E-1 3.34901E-1 3.26122E-1 3.26382E-1 3.44861E-1 3.27242E-1 2.55782E-1 4.53574E-1 3.9951E-1 3.16502E-1 3.38012E-1 4.53343E-1 4.448E-1 3.92103E-1 3.92465E-1 4.42345E-1 3.97547E-1 4.73191E-1 6.07265E-1 4.3469E-1 4.45041E-1 4.22097E-1 7.63558E-1 5.90844E-1 5.7841E-1 3.51209E-1 5.58262E-1 5.61322E-1 5.37866E-1 5.15574E-1 5.5482E-1 4.80813E-1 5.2642E-1 5.29071E-1 4.74334E-1 3.90974E-1 3.7737E-1 3.32005E-1 3.08325E-1 2.80625E-1 2.38457E-1 2.06E-1 1.99705E-1 1.80228E-1 2.10744E-1 2.34991E-1 2.61483E-1 2.47089E-1 2.26081E-1 1.89748E-1 1.73098E-1 2.48261E-1 2.55411E-1 2.35795E-1 2.38022E-1 2.44131E-1
2.51826E-1 2.4754E-1 2.56684E-1 3.30744E-1 3.31273E-1 3.36953E-1 3.37523E-1 3.38848E-1 3.32908E-1 3.49397E-1 3.44645E-1 2.94139E-1 4.14286E-1 4.32217E-1 3.59293E-1 3.32663E-1 3.44165E-1 4.38864E-1 3.93843E-1 4.0564E-1 3.99108E-1 4.22923E-1 4.57083E-1 4.40767E-1 4.45435E-1 6.26678E-1 6.16601E-1 5.77166E-1 5.57827E-1 4.09312E-1 3.72588E-1 3.44114E-1 5.04081E-1 5.31344E-1 5.84132E-1 6.58368E-1 5.39093E-1 4.38073E-1 4.71471E-1 4.35779E-1 3.77255E-1 3.46391E-1 3.38129E-1 3.33664E-1 3.07564E-1 2.35517E-1 2.39276E-1 2.1496E-1 1.83509E-1 1.53813E-1 2.24348E-1 2.25676E-1 1.85947E-1 1.66009E-1 1.58431E-1 1.62377E-1 2.05751E-1 2.34317E-1 2.31262E-1 2.40014E-1 2.476E-1
2.52403E-1 2.5945E-1 2.55082E-1 1.70385E-1 3.34755E-1 3.42251E-1 3.41242E-1 3.43078E-1 3.36674E-1 3.55824E-1 3.47931E-1 3.44984E-1 3.55024E-1 3.69914E-1 3.6824E-1 3.6773E-1 3.31243E-1 4.16306E-1 3.99136E-1 3.41632E-1 4.32573E-1 4.14681E-1 4.20231E-1 4.42998E-1 4.21959E-1 4.25565E-1 4.27699E-1 4.42684E-1 4.21223E-1 5.74383E-1 4.09623E-1 3.3723E-1 5.49758E-1 5.3084E-1 6.68256E-1 5.47992E-1 5.13405E-1 4.80454E-1 4.23632E-1 4.53332E-1 4.65507E-1 3.71143E-1 3.60578E-1 3.57354E-1 3.26801E-1 2.71612E-1 2.64818E-1 2.23188E-1 1.9937E-1 1.79986E-1 1.628E-1 1.98934E-1 2.47067E-1 1.93576E-1 2.11338E-1 1.8247E-1 1.62077E-1 1.87719E-1 2.23989E-1 2.29728E-1 2.41946E-1
-9999 1.75425E-1 2.5622E-1 1.74996E-1 2.53965E-1 3.38744E-1 2.88073E-1 3.2962E-1 3.36142E-1 3.59582E-1 -9999 3.47259E-1 3.52204E-1 3.86697E-1 4.10988E-1 3.95803E-1 3.59674E-1 3.93834E-1 3.97692E-1 4.21455E-1 4.34343E-1 4.41702E-1 4.27324E-1 4.15574E-1 4.31511E-1 4.21909E-1 4.2201E-1 4.19264E-1 4.04144E-1 4.01559E-1 3.63028E-1 3.85745E-1 3.77386E-1 5.28328E-1 5.35106E-1 5.90833E-1 5.31064E-1 5.1943E-1 4.51656E-1 3.94094E-1 4.8343E-1 4.06276E-1 3.59646E-1 3.72373E-1 3.28383E-1 2.75832E-1 2.54456E-1 2.31289E-1 1.99862E-1 1.97378E-1 1.65248E-1 1.92452E-1 2.67448E-1 2.91025E-1 2.87135E-1 2.51639E-1 2.10366E-1 1.62678E-1 1.84227E-1 2.03633E-1 2.38614E-1
-9999 1.72976E-1 1.74572E-1 2.94575E-1 2.55114E-1 3.31542E-1 2.55846E-1 2.87241E-1 -9999 -9999 -9999 -9999 3.36441E-1 3.84092E-1 3.76462E-1 4.01944E-1 3.93621E-1 3.60027E-1 4.01071E-1 4.6198E-1 4.1037E-1 4.68141E-1 4.25616E-1 4.30517E-1 3.95855E-1 4.01589E-1 3.86978E-1 4.02113E-1 7.72058E-1 7.76575E-1 4.10695E-1 3.66164E-1 3.40431E-1 5.70287E-1 5.15885E-1 5.30553E-1 6.07512E-1 4.92516E-1 4.51427E-1 4.16473E-1 4.5083E-1 4.48794E-1 3.75396E-1 3.38531E-1 3.37121E-1 2.65802E-1 2.90324E-1 2.60308E-1 2.30317E-1 2.12333E-1 1.86823E-1 1.81267E-1 2.16024E-1 2.73764E-1 2.89277E-1 2.96188E-1 3.00543E-1 2.5749E-1 2.04764E-1 2.03407E-1 2.33687E-1
-9999 -9999 1.75016E-1 1.69933E-1 1.76754E-1 2.59515E-1 2.45602E-1 2.55402E-1 -9999 -9999 -9999 -9999 2.44909E-1 3.60288E-1 3.67023E-1 4.01232E-1 3.96677E-1 3.97152E-1 3.82808E-1 3.93302E-1 4.10898E-1 4.17475E-1 4.06445E-1 4.12088E-1 4.21898E-1 4.30045E-1 4.14354E-1 4.1384E-1 7.37922E-1 7.92902E-1 7.52135E-1 3.6584E-1 3.38644E-1 2.9909E-1 4.7677E-1 4.67245E-1 4.97617E-1 5.23793E-1 4.82884E-1 4.2868E-1 4.61031E-1 4.08548E-1 4.10021E-1 3.36722E-1 3.12738E-1 2.742E-1 3.35458E-1 2.9084E-1 2.59522E-1 2.30865E-1 1.88083E-1 1.74548E-1 2.0706E-1 2.48969E-1 2.51129E-1 2.75212E-1 3.04183E-1 2.93709E-1 2.34888E-1 2.26307E-1 2.35612E-1
-9999 -9999 -9999 1.74857E-1 1.73535E-1 1.73677E-1 2.9293E-1 1.67335E-1 2.6002E-1 -9999 -9999 -9999 2.50105E-1 2.40874E-1 4.0142E-1 3.74925E-1 4.25208E-1 4.37058E-1 4.26881E-1 3.81755E-1 4.10792E-1 4.1729E-1 4.04238E-1 4.09587E-1 3.8694E-1 4.14442E-1 4.4007E-1 3.98813E-1 7.68601E-1 7.73063E-1 3.69044E-1 7.20478E-1 6.64911E-1 3.52492E-1 3.17562E-1 4.69719E-1 4.87155E-1 4.79716E-1 4.84986E-1 4.59762E-1 4.42345E-1 3.98803E-1 4.58109E-1 3.59489E-1 3.33274E-1 2.89921E-1 3.44625E-1 2.83833E-1 2.42366E-1 2.91938E-1 2.58453E-1 2.04339E-1 1.78818E-1 1.82769E-1 2.41291E-1 2.6738E-1 2.88382E-1 3.0869E-1 2.5054E-1 2.38027E-1 2.38899E-1
-9999 -9999 -9999 1.75673E-1 -9999 1.72474E-1 2.62339E-1 1.70602E-1 2.48313E-1 -9999 -9999 -9999 -9999 1.6746E-1 3.75572E-1 4.21429E-1 4.32838E-1 3.89463E-1 3.97597E-1 3.8867E-1 4.15492E-1 3.75507E-1 3.47405E-1 4.18268E-1 3.92549E-1 4.34288E-1 3.9756E-1 7.6298E-1 7.41254E-1 7.51648E-1 7.32413E-1 3.76251E-1 3.78744E-1 4.80427E-1 2.96117E-1 4.61932E-1 4.47775E-1 5.07517E-1 5.29426E-1 4.77268E-1 4.50435E-1 4.4527E-1 4.49482E-1 3.9939E-1 3.46284E-1 3.06452E-1 3.15733E-1 3.1184E-1 2.72634E-1 2.66099E-1 2.62211E-1 2.37345E-1 2.13293E-1 2.23131E-1 2.12907E-1 2.63116E-1 2.74076E-1 3.09556E-1 2.82E-1 2.45706E-1 2.50266E-1
-9999 -9999 -9999 1.67368E-1 -9999 -9999 2.50761E-1 2.46126E-1 2.53677E-1 2.70029E-1 -9999 -9999 3.32078E-1 1.61777E-1 3.66089E-1 4.21906E-1 4.03003E-1 3.94991E-1 3.89516E-1 3.97708E-1 3.86659E-1 4.13824E-1 3.56899E-1 3.67751E-1 3.62245E-1 4.17979E-1 3.81022E-1 3.93628E-1 8.09828E-1 7.69788E-1 7.87579E-1 3.70819E-1 3.46949E-1 3.08015E-1 3.0336E-1 3.13497E-1 4.58294E-1 5.34306E-1 5.14176E-1 4.88922E-1 4.64933E-1 4.67445E-1 4.89418E-1 4.27731E-1 3.88475E-1 3.3134E-1 3.16707E-1 2.90754E-1 2.76631E-1 2.45715E-1 2.32793E-1 2.66803E-1 2.13716E-1 2.06116E-1 2.09402E-1 2.46585E-1 2.82517E-1 3.12369E-1 3.20195E-1 2.75914E-1 2.59556E-1
-9999 -9999 -9999 -9999 -9999 -9999 -9999 2.4566E-1 -9999 -9999 -9999 -9999 -9999 2.41062E-1 2.9695E-1 3.66801E-1 3.93158E-1 3.84838E-1 3.5889E-1 3.53554E-1 3.80344E-1 3.83363E-1 3.69439E-1 3.49051E-1 3.48714E-1 4.59037E-1 4.16478E-1 7.56604E-1 7.88662E-1 7.6672E-1 7.9624E-1 7.51675E-1 7.30586E-1 6.72012E-1 3.05601E-1 3.05914E-1 3.02597E-1 4.80709E-1 5.52378E-1 4.76215E-1 4.38491E-1 3.90926E-1 4.49102E-1 4.53555E-1 4.41086E-1 3.99309E-1 3.46149E-1 3.23832E-1 2.84193E-1 3.41725E-1 2.7497E-1 3.36297E-1 3.14122E-1 2.26942E-1 2.0734E-1 2.58335E-1 2.89114E-1 3.14742E-1 3.20661E-1 2.96713E-1 2.99177E-1
-9999 -9999 -9999 -9999 -9999 -9999 -9999 2.48115E-1 2.47728E-1 -9999 -9999 -9999 2.48828E-1 2.68034E-1 3.33553E-1 3.52375E-1 3.61478E-1 3.55482E-1 3.4951E-1 3.59326E-1 3.87266E-1 3.81645E-1 3.6841E-1 3.13983E-1 3.18819E-1 3.9721E-1 4.25877E-1 7.6285E-1 7.88673E-1 7.50401E-1 7.10589E-1 6.92544E-1 6.69207E-1 6.76049E-1 2.77535E-1 3.02094E-1 2.73339E-1 4.03283E-1 5.45911E-1 4.91923E-1 4.44926E-1 4.05735E-1 4.03872E-1 4.54895E-1 4.22433E-1 4.44078E-1 3.45694E-1 2.88891E-1 2.88841E-1 3.23652E-1 3.12117E-1 3.01883E-1 3.25118E-1 2.52376E-1 1.98355E-1 2.64922E-1 2.8909E-1 2.88567E-1 2.74018E-1 2.51755E-1 2.80837E-1
-9999 -9999 -9999 -9999 -9999 -9999 -9999 -9999 -9999 -9999 -9999 -9999 -9999 2.48839E-1 2.62271E-1 2.7743E-1 3.54883E-1 3.52753E-1 3.57386E-1 3.44919E-1 3.81393E-1 3.73863E-1 3.58418E-1 3.6747E-1 2.76582E-1 4.07273E-1 4.12746E-1 8.00117E-1 7.92103E-1 8.01143E-1 3.98086E-1 7.15257E-1 7.44537E-1 6.34818E-1 2.7452E-1 3.02721E-1 2.78446E-1 2.91006E-1 4.69378E-1 5.20065E-1 4.64853E-1 4.06301E-1 4.00306E-1 4.10305E-1 4.12068E-1 4.41212E-1 4.20352E-1 3.17751E-1 2.89407E-1 2.69568E-1 2.86893E-1 2.31109E-1 2.48674E-1 2.49884E-1 2.35914E-1 2.40365E-1 2.67578E-1 2.47923E-1 2.67981E-1 2.78001E-1 2.4533E-1
-9999 -9999 -9999 -9999 -9999 -9999 -9999 -9999 -9999 -9999 -9999 -9999 -9999 -9999 2.82422E-1 3.10486E-1 2.91497E-1 3.62883E-1 3.47717E-1 3.52153E-1 3.81859E-1 3.74784E-1 3.6854E-1 3.55891E-1 3.49411E-1 3.93615E-1 3.73062E-1 7.97392E-1 3.42527E-1 3.72572E-1 3.54063E-1 7.6849E-1 3.1853E-1 3.15894E-1 2.78384E-1 3.0769E-1 2.64186E-1 2.65379E-1 4.32419E-1 5.03825E-1 4.68219E-1 4.15388E-1 4.0852E-1 4.36035E-1 4.2456E-1 4.10292E-1 4.07634E-1 4.00642E-1 3.12023E-1 2.68843E-1 2.5166E-1 2.20383E-1 2.66198E-1 2.97231E-1 2.55532E-1 2.26697E-1 2.94486E-1 2.85124E-1 2.95058E-1 3.02441E-1 3.01385E-1
-9999 -9999 -9999 -9999 -9999 -9999 -9999 -9999 -9999 -9999 -9999 -9999 -9999 -9999 -9999 -9999 -9999 2.71111E-1 3.57487E-1 3.7577E-1 3.69804E-1 3.84057E-1 3.64503E-1 3.61608E-1 3.44479E-1 3.77043E-1 3.84886E-1 3.90996E-1 3.31178E-1 3.58443E-1 7.92261E-1 7.66339E-1 7.02077E-1 7.4212E-1 6.7955E-1 2.83111E-1 6.14526E-1 2.69895E-1 2.78492E-1 5.57464E-1 5.15186E-1 5.06468E-1 3.94946E-1 4.64057E-1 4.05926E-1 3.81292E-1 3.98592E-1 4.19552E-1 3.3484E-1 3.12888E-1 2.78814E-1 2.81476E-1 2.7678E-1 3.43718E-1 2.21139E-1 2.3217E-1 2.63211E-1 2.70486E-1 2.65102E-1 2.97938E-1 3.21449E-1
-9999 -9999 -9999 -9999 -9999 -9999 -9999 -9999 -9999 -9999 -9999 -9999 -9999 -9999 2.49311E-1 2.44857E-1 -9999 3.12327E-1 3.07808E-1 3.50395E-1 3.37689E-1 3.67291E-1 3.65223E-1 3.6573E-1 3.49574E-1 3.70326E-1 3.94835E-1 3.52431E-1 3.22948E-1 3.44458E-1 3.4225E-1 7.70507E-1 7.68285E-1 7.0309E-1 6.27869E-1 2.74917E-1 6.24877E-1 5.80084E-1 2.73017E-1 5.81268E-1 4.43799E-1 5.10348E-1 3.79992E-1 4.40062E-1 4.47431E-1 3.81404E-1 3.40649E-1 4.00459E-1 4.0853E-1 3.41395E-1 3.34422E-1 3.52923E-1 2.90843E-1 2.77591E-1 2.22475E-1 2.28606E-1 2.7755E-1 2.89721E-1 3.15236E-1 3.0846E-1 3.11028E-1
-9999 -9999 -9999 -9999 -9999 -9999 -9999 -9999 -9999 -9999 -9999 -9999 -9999 -9999 4.96845E-1 2.497E-1 -9999 2.98176E-1 3.51363E-1 2.7507E-1 3.75929E-1 3.58596E-1 3.68179E-1 3.58453E-1 3.57089E-1 3.80319E-1 3.74845E-1 3.69438E-1 3.56823E-1 3.50775E-1 7.71167E-1 7.42115E-1 7.87848E-1 6.83702E-1 6.79688E-1 2.80298E-1 6.08006E-1 6.14459E-1 5.94648E-1 5.77473E-1 5.73928E-1 5.09926E-1 4.07228E-1 4.27938E-1 4.88514E-1 4.857E-1 3.29265E-1 3.66466E-1 3.82072E-1 3.546E-1 3.46028E-1 2.99303E-1 3.29223E-1 3.60213E-1 2.45546E-1 2.44235E-1 3.08057E-1 3.24297E-1 3.09881E-1 2.85052E-1 2.96034E-1
-9999 -9999 -9999 -9999 -9999 -9999 -9999 -9999 -9999 -9999 -9999 -9999 -9999 -9999 5.07522E-1 5.17044E-1 2.73545E-1 2.72544E-1 2.97086E-1 2.94794E-1 3.40206E-1 3.6174E-1 3.68061E-1 3.6375E-1 3.56544E-1 3.88629E-1 3.83085E-1 3.52127E-1 8.55355E-1 8.41657E-1 8.38462E-1 7.31197E-1 7.17844E-1 7.35274E-1 6.91867E-1 6.98742E-1 6.36248E-1 5.86312E-1 6.17451E-1 5.99315E-1 6.13355E-1 5.65507E-1 4.63049E-1 4.31429E-1 4.61723E-1 4.68964E-1 3.59286E-1 3.39715E-1 3.58815E-1 3.16044E-1 3.45778E-1 2.80115E-1 2.62873E-1 3.20716E-1 3.01943E-1 2.43834E-1 2.97716E-1 2.67211E-1 2.51703E-1 2.47924E-1 2.49014E-1
-9999 -9999 -9999 -9999 -9999 -9999 -9999 -9999 -9999 -9999 3.61549E-1 -9999 -9999 5.20097E-1 5.00055E-1 4.96814E-1 5.21927E-1 2.72193E-1 2.6912E-1 2.69853E-1 2.56193E-1 3.22246E-1 3.64095E-1 3.53546E-1 3.35658E-1 3.59976E-1 3.66476E-1 3.4295E-1 8.17636E-1 8.23139E-1 8.23528E-1 7.93069E-1 7.36415E-1 6.77845E-1 6.75429E-1 6.7015E-1 5.93333E-1 5.8309E-1 2.6365E-1 6.14607E-1 5.4792E-1 5.90986E-1 4.85422E-1 4.09791E-1 4.30453E-1 4.63845E-1 4.33356E-1 3.12539E-1 3.64718E-1 3.22108E-1 2.81584E-1 3.13006E-1 2.52554E-1 2.43515E-1 3.16332E-1 2.53331E-1 2.71128E-1 2.59894E-1 2.73362E-1 2.80716E-1 2.47256E-1
-9999 -9999 -9999 -9999 -9999 -9999 -9999 -9999 -9999 3.75869E-1 -9999 -9999 -9999 -9999 3.87725E-1 4.96175E-1 5.14675E-1 4.9577E-1 5.4065E-1 2.53187E-1 2.81126E-1 2.86519E-1 3.73493E-1 3.48892E-1 3.25381E-1 3.93855E-1 3.79259E-1 3.69049E-1 8.1459E-1 7.98045E-1 8.34172E-1 8.3098E-1 7.36583E-1 7.5835E-1 7.06253E-1 6.2204E-1 6.16741E-1 6.03973E-1 2.43579E-1 6.21421E-1 4.97237E-1 5.03108E-1 5.20201E-1 4.38371E-1 4.00473E-1 4.83964E-1 4.31562E-1 3.52263E-1 3.46889E-1 3.69867E-1 3.1164E-1 3.0203E-1 2.7323E-1 2.52512E-1 2.36698E-1 2.6359E-1 2.48586E-1 2.52268E-1 2.60175E-1 3.07661E-1 3.28589E-1
-9999 -9999 -9999 -9999 -9999 -9999 -9999 -9999 -9999 -9999 -9999 -9999 -9999 -9999 4.08585E-1 3.89066E-1 5.08704E-1 5.52238E-1 5.33456E-1 5.31456E-1 2.82481E-1 2.62885E-1 3.33032E-1 3.51035E-1 3.90642E-1 3.83713E-1 3.53537E-1 3.43871E-1 8.27251E-1 8.01753E-1 7.75777E-1 7.82582E-1 7.93001E-1 7.14841E-1 6.53248E-1 6.48236E-1 6.09494E-1 5.64513E-1 5.62623E-1 2.69945E-1 5.7977E-1 4.63083E-1 4.74653E-1 4.02379E-1 3.78159E-1 4.1513E-1 4.67932E-1 4.059E-1 3.05566E-1 3.01807E-1 2.74964E-1 3.22343E-1 3.41964E-1 2.81915E-1 2.64494E-1 2.74579E-1 2.84439E-1 3.1516E-1 3.0804E-1 3.22548E-1 3.00737E-1
-9999 -9999 -9999 -9999 -9999 -9999 -9999 -9999 -9999 -9999 -9999 -9999 -9999 -9999 4.22647E-1 4.09792E-1 3.96589E-1 5.25583E-1 5.04147E-1 5.41388E-1 5.22566E-1 3.80567E-1 4.12472E-1 5.2227E-1 6.3821E-1 6.42349E-1 3.81314E-1 3.69831E-1 3.46007E-1 8.47451E-1 7.85311E-1 8.21126E-1 8.19007E-1 2.51167E-1 7.4922E-1 6.82158E-1 6.1776E-1 6.019E-1 5.43945E-1 5.61112E-1 5.79234E-1 5.29577E-1 4.67301E-1 4.11697E-1 3.81735E-1 3.46138E-1 4.41874E-1 4.74485E-1 3.78557E-1 3.23902E-1 3.19591E-1 2.95255E-1 3.39336E-1 2.93146E-1 2.51009E-1 2.65363E-1 2.52555E-1 2.6401E-1 2.90484E-1 3.00086E-1 2.72377E-1
-9999 -9999 -9999 -9999 -9999 -9999 -9999 -9999 -9999 -9999 -9999 -9999 -9999 -9999 -9999 4.03022E-1 4.26177E-1 5.35612E-1 5.23781E-1 5.29394E-1 5.32158E-1 5.76693E-1 6.16898E-1 6.06025E-1 6.32929E-1 5.90219E-1 5.9581E-1 3.45654E-1 3.67517E-1 8.53701E-1 8.63868E-1 8.22753E-1 7.17396E-1 7.55E-1 7.29287E-1 7.1887E-1 6.97392E-1 6.02189E-1 6.05538E-1 5.70479E-1 6.25655E-1 5.78392E-1 4.99498E-1 4.70919E-1 4.11952E-1 3.71101E-1 3.74371E-1 3.67844E-1 3.97409E-1 3.31577E-1 3.36508E-1 2.79416E-1 3.47265E-1 3.02109E-1 2.86245E-1 2.6571E-1 2.83321E-1 2.75191E-1 2.34557E-1 2.29651E-1 2.13273E-1
-9999 -9999 -9999 -9999 -9999 -9999 -9999 -9999 -9999 -9999 -9999 -9999 -9999 -9999 -9999 -9999 4.52561E-1 4.17695E-1 5.66944E-1 3.67536E-1 5.06757E-1 5.77658E-1 5.65895E-1 5.96909E-1 5.89791E-1 6.00136E-1 5.92119E-1 5.69113E-1 3.77348E-1 8.70505E-1 8.36387E-1 7.97568E-1 8.30742E-1 8.04161E-1 7.35253E-1 6.39445E-1 6.3162E-1 6.39876E-1 6.31075E-1 5.47996E-1 5.20673E-1 5.34556E-1 5.13175E-1 4.37841E-1 4.41594E-1 3.75757E-1 3.60508E-1 3.61742E-1 3.07526E-1 3.10708E-1 3.38398E-1 3.22139E-1 3.22624E-1 3.3951E-1 2.6465E-1 2.56728E-1 2.39944E-1 2.28361E-1 2.61299E-1 2.84679E-1 2.59627E-1
-9999 -9999 -9999 -9999 -9999 -9999 -9999 -9999 -9999 -9999 -9999 -9999 -9999 -9999 -9999 -9999 4.4513E-1 4.34527E-1 4.19714E-1 4.14591E-1 3.90336E-1 3.56288E-1 5.0031E-1 5.76806E-1 5.9416E-1 5.96621E-1 5.92081E-1 5.87299E-1 6.06965E-1 8.66087E-1 8.25726E-1 8.34781E-1 7.796E-1 7.03219E-1 6.85219E-1 7.22734E-1 6.03445E-1 6.45553E-1 5.92273E-1 5.56377E-1 5.49619E-1 5.34476E-1 5.10763E-1 4.69462E-1 4.41775E-1 3.84959E-1 3.68398E-1 3.87819E-1 3.47236E-1 3.27108E-1 2.97747E-1 3.10944E-1 3.05168E-1 3.19518E-1 2.70977E-1 2.67212E-1 3.06488E-1 2.7822E-1 2.35655E-1 2.88602E-1 3.22804E-1
