Artocarpus heterophyllus SDM files/MIS19/results (without bias file)/Arthet_3.asc
ncols         625
nrows         721
xllcorner     69.99986311115
yllcorner     5.99986187915
cellsize      0.041666667
NODATA_value  -9999
[rows 162 to 188 of 721, columns 305 to 365 of 625]
8.42323E-3 9.20682E-3 8.40224E-3 7.08592E-3 6.51868E-3 8.29256E-3 7.68389E-3 7.95569E-3 7.31488E-3 6.54926E-3 6.895E-3 6.38598E-3 4.09035E-3 4.64618E-3 6.4955E-3 4.11407E-3 4.15313E-3 4.38736E-3 4.23757E-3 3.56644E-3 2.5744E-3 3.11368E-3 3.58944E-3 3.49722E-3 3.26565E-3 2.18764E-3 2.35778E-3 2.76954E-3 2.62484E-3 2.94197E-3 4.53321E-3 5.6486E-3 5.09765E-3 3.94662E-3 4.68603E-3 3.75553E-3 4.86093E-3 4.95423E-3 4.27107E-3 6.47507E-3 4.5222E-3 4.71062E-3 5.15688E-3 6.71474E-3 6.86618E-3 6.57845E-3 6.87623E-3 7.93377E-3 7.33572E-3 5.02393E-3 5.48595E-3 6.13044E-3 6.1912E-3 5.40457E-3 7.3762E-3 7.12403E-3 5.50466E-3 4.76774E-3 4.65109E-3 4.33907E-3 3.22656E-3
6.67574E-3 6.20242E-3 6.84615E-3 7.308E-3 6.60687E-3 8.48238E-3 7.7634E-3 8.48743E-3 8.8282E-3 7.70096E-3 7.20832E-3 6.32371E-3 5.04296E-3 5.1579E-3 6.53557E-3 5.47472E-3 4.96197E-3 5.13311E-3 3.81949E-3 3.81E-3 2.5638E-3 2.71572E-3 2.67809E-3 2.25039E-3 3.09974E-3 3.35712E-3 2.31374E-3 2.63984E-3 3.01279E-3 3.03469E-3 3.91516E-3 5.40244E-3 4.98738E-3 4.16908E-3 4.97628E-3 4.58439E-3 3.46332E-3 4.68974E-3 5.19897E-3 5.9398E-3 6.1213E-3 5.72573E-3 5.78734E-3 5.8082E-3 6.48856E-3 7.90025E-3 7.94141E-3 7.30955E-3 7.02906E-3 7.14293E-3 7.56042E-3 8.09957E-3 8.19845E-3 5.61067E-3 6.34195E-3 5.52162E-3 5.649E-3 8.34229E-3 6.4772E-3 5.80454E-3 4.51223E-3
5.59912E-3 7.46455E-3 7.81789E-3 8.65691E-3 6.72803E-3 7.7654E-3 9.58274E-3 8.02906E-3 7.62828E-3 7.68484E-3 5.93907E-3 7.58556E-3 6.42039E-3 5.33014E-3 5.36752E-3 5.56747E-3 6.00507E-3 4.86751E-3 5.01293E-3 4.09301E-3 3.81029E-3 3.29241E-3 2.89534E-3 2.46389E-3 2.29242E-3 3.03761E-3 3.13757E-3 3.29889E-3 3.32457E-3 3.52673E-3 3.77635E-3 6.68289E-3 6.57134E-3 7.35291E-3 5.6163E-3 4.91904E-3 5.01613E-3 6.34982E-3 7.47612E-3 5.50071E-3 6.85877E-3 7.15062E-3 6.50546E-3 7.20852E-3 7.7421E-3 7.87417E-3 8.64156E-3 7.55475E-3 8.13842E-3 8.40053E-3 7.51163E-3 6.36519E-3 6.58455E-3 5.8585E-3 6.82757E-3 6.63175E-3 5.71334E-3 8.9563E-3 7.73218E-3 7.88733E-3 7.22369E-3
7.63291E-3 6.72276E-3 7.25229E-3 7.46481E-3 9.76398E-3 9.79018E-3 1.11979E-2 8.88863E-3 7.83843E-3 5.99246E-3 5.21215E-3 5.89374E-3 7.44992E-3 6.49175E-3 5.67639E-3 5.46236E-3 4.5625E-3 5.41458E-3 5.58075E-3 4.82015E-3 4.07317E-3 3.81057E-3 3.33774E-3 2.61782E-3 2.1315E-3 2.02573E-3 2.62248E-3 3.68622E-3 4.52894E-3 4.93224E-3 5.74441E-3 7.50259E-3 7.03101E-3 6.98933E-3 6.32496E-3 4.92234E-3 4.93681E-3 5.4471E-3 6.88201E-3 9.0414E-3 7.10232E-3 1.12722E-2 1.32283E-2 9.97717E-3 8.51165E-3 9.7007E-3 7.37856E-3 6.80606E-3 9.77925E-3 1.34201E-2 9.58986E-3 7.0807E-3 5.93315E-3 5.90171E-3 7.53426E-3 6.64566E-3 8.17478E-3 6.17467E-3 6.22373E-3 5.55214E-3 5.66485E-3
5.32574E-3 4.697E-3 6.47691E-3 8.57328E-3 9.97296E-3 1.00351E-2 6.29511E-3 6.29715E-3 5.29669E-3 5.20415E-3 5.29837E-3 6.4425E-3 7.27662E-3 6.48091E-3 5.36634E-3 4.45448E-3 5.04583E-3 5.0296E-3 6.06382E-3 5.10529E-3 4.75543E-3 4.20887E-3 3.44482E-3 3.03874E-3 2.43885E-3 2.48414E-3 2.45709E-3 4.62948E-3 5.09182E-3 5.55675E-3 6.5484E-3 6.7903E-3 6.06669E-3 6.29859E-3 5.71781E-3 4.58371E-3 5.32374E-3 4.83909E-3 5.44687E-3 6.9969E-3 7.2952E-3 7.65542E-3 1.44163E-2 1.35331E-2 1.55706E-2 1.84195E-2 1.22136E-2 7.4477E-3 1.60226E-2 1.31524E-2 1.27644E-2 1.0521E-2 7.89269E-3 6.56188E-3 6.84823E-3 6.25132E-3 5.67702E-3 5.42478E-3 5.67115E-3 5.71514E-3 5.76404E-3
1.26231E-2 1.38456E-2 1.02009E-2 1.06083E-2 1.15222E-2 9.52399E-3 7.79264E-3 6.77039E-3 6.97092E-3 6.56727E-3 6.06528E-3 8.14798E-3 8.69578E-3 6.65392E-3 5.01039E-3 5.7814E-3 5.49029E-3 4.72593E-3 3.98388E-3 4.63287E-3 4.88662E-3 4.18706E-3 2.9688E-3 2.6232E-3 2.64996E-3 2.89493E-3 4.36688E-3 4.65126E-3 5.94558E-3 5.87489E-3 8.66656E-3 6.99429E-3 7.69561E-3 7.3923E-3 6.94306E-3 6.50725E-3 5.52677E-3 6.27406E-3 6.97932E-3 6.61624E-3 1.05964E-2 6.80154E-3 8.24886E-3 8.28153E-3 1.9503E-2 1.76171E-2 1.53392E-2 7.6224E-3 1.7517E-2 1.50501E-2 1.28503E-2 1.26067E-2 1.02398E-2 8.65442E-3 8.06648E-3 8.51314E-3 7.30335E-3 5.58531E-3 5.71678E-3 5.33448E-3 5.82091E-3
1.508E-2 1.5076E-2 1.82609E-2 1.22964E-2 1.22998E-2 1.25625E-2 1.01115E-2 6.31998E-3 6.36411E-3 6.2381E-3 7.2857E-3 6.86786E-3 5.91887E-3 4.98691E-3 4.72963E-3 5.7377E-3 5.63155E-3 5.53227E-3 5.30937E-3 5.60441E-3 4.51272E-3 4.48323E-3 3.86686E-3 3.5515E-3 2.88048E-3 2.63984E-3 3.48611E-3 5.69287E-3 6.43778E-3 6.80547E-3 6.76455E-3 6.86558E-3 7.26839E-3 9.15706E-3 8.36598E-3 8.37233E-3 1.03187E-2 1.0423E-2 1.08292E-2 9.86139E-3 1.44971E-2 1.15692E-2 9.9291E-3 1.2101E-2 1.50074E-2 1.68901E-2 1.82742E-2 1.10182E-2 1.0649E-2 1.83744E-2 1.5493E-2 1.34737E-2 1.35774E-2 1.31697E-2 1.24143E-2 1.07454E-2 8.96612E-3 7.16696E-3 6.96857E-3 6.77734E-3 6.78858E-3
1.99655E-2 1.81701E-2 1.34373E-2 1.51212E-2 1.66746E-2 8.79354E-3 6.30339E-3 5.25378E-3 6.39009E-3 8.32934E-3 6.35456E-3 4.9882E-3 4.56751E-3 4.8622E-3 5.09492E-3 5.70581E-3 5.10759E-3 5.34645E-3 4.69752E-3 6.1169E-3 5.33513E-3 4.92944E-3 3.52346E-3 4.27447E-3 4.08614E-3 3.4664E-3 5.85594E-3 6.20346E-3 7.97133E-3 9.3337E-3 6.83211E-3 7.27077E-3 6.25936E-3 9.02537E-3 7.60109E-3 8.47751E-3 9.00918E-3 7.68205E-3 9.37252E-3 1.24793E-2 1.53913E-2 1.40667E-2 1.19634E-2 1.29073E-2 1.87122E-2 1.53111E-2 1.81725E-2 1.40716E-2 1.28047E-2 1.36752E-2 1.80218E-2 1.89279E-2 1.27707E-2 1.05609E-2 9.48131E-3 8.98699E-3 8.45887E-3 7.88172E-3 8.53043E-3 7.44152E-3 8.5124E-3
1.60008E-2 1.44211E-2 1.22158E-2 1.7709E-2 1.29413E-2 1.57187E-2 1.5227E-2 6.97967E-3 7.92967E-3 6.05566E-3 6.24246E-3 5.96436E-3 6.42242E-3 5.5828E-3 4.63797E-3 5.3054E-3 6.53172E-3 5.15684E-3 5.14605E-3 4.86351E-3 5.36346E-3 4.63904E-3 4.75394E-3 6.2974E-3 5.59414E-3 5.47406E-3 7.78499E-3 7.35115E-3 8.02543E-3 9.04358E-3 7.27048E-3 9.69107E-3 1.01424E-2 9.03209E-3 6.59412E-3 6.08663E-3 8.09778E-3 8.51256E-3 9.20879E-3 1.28998E-2 1.53152E-2 1.32803E-2 1.36338E-2 1.75479E-2 1.54464E-2 1.43057E-2 1.61788E-2 1.8236E-2 1.71494E-2 2.03731E-2 1.76645E-2 1.69937E-2 1.54129E-2 1.21271E-2 1.00313E-2 9.34804E-3 8.62517E-3 8.7707E-3 9.11592E-3 1.03109E-2 9.91976E-3
5.04038E-3 9.8754E-3 1.32867E-2 1.64374E-2 1.30406E-2 1.631E-2 1.32115E-2 1.32945E-2 1.28865E-2 1.17017E-2 1.02214E-2 8.47723E-3 8.65608E-3 7.5152E-3 6.75652E-3 6.44379E-3 8.49744E-3 6.30635E-3 4.94104E-3 5.38143E-3 4.30037E-3 5.0514E-3 4.98941E-3 5.84571E-3 6.48941E-3 8.31362E-3 8.4813E-3 9.75962E-3 1.05179E-2 9.88539E-3 8.17905E-3 1.02771E-2 1.05557E-2 8.93172E-3 7.27642E-3 7.17098E-3 9.42716E-3 9.96045E-3 1.05349E-2 1.46705E-2 1.22566E-2 1.27473E-2 1.63238E-2 1.3924E-2 1.51735E-2 1.59429E-2 1.40226E-2 1.55134E-2 2.0456E-2 1.45489E-2 1.44463E-2 1.39562E-2 1.45569E-2 1.27558E-2 1.19643E-2 1.10844E-2 1.09296E-2 1.10284E-2 9.24142E-3 1.02391E-2 9.32541E-3
3.20934E-3 6.24349E-3 8.53374E-3 7.34047E-3 9.94469E-3 8.98054E-3 1.08664E-2 1.46056E-2 7.16809E-3 8.55147E-3 9.11576E-3 7.99144E-3 8.59664E-3 7.0346E-3 8.68285E-3 8.77969E-3 9.87054E-3 5.76186E-3 5.00742E-3 4.0726E-3 4.04993E-3 5.11748E-3 4.28886E-3 6.16553E-3 6.54666E-3 9.00388E-3 1.13486E-2 1.52356E-2 1.3878E-2 1.09271E-2 7.92918E-3 7.67872E-3 9.8901E-3 8.28716E-3 1.05219E-2 8.87299E-3 1.01104E-2 1.44368E-2 1.24421E-2 1.03124E-2 1.03606E-2 1.2303E-2 1.68176E-2 1.36555E-2 1.58852E-2 1.93944E-2 1.93045E-2 1.33918E-2 1.49943E-2 1.23828E-2 1.07786E-2 1.29225E-2 1.31018E-2 1.26749E-2 1.06117E-2 1.14088E-2 1.39135E-2 1.05184E-2 9.10842E-3 8.82559E-3 7.97962E-3
3.75807E-3 2.13136E-3 4.17775E-3 2.3048E-3 3.45156E-3 4.26462E-3 4.62383E-3 5.15452E-3 4.98473E-3 3.87512E-3 4.63477E-3 4.7398E-3 3.71555E-3 5.47061E-3 7.55489E-3 7.36714E-3 7.46141E-3 8.29245E-3 4.25862E-3 3.68272E-3 4.73049E-3 5.42893E-3 5.32156E-3 8.01884E-3 9.88333E-3 1.10379E-2 1.35371E-2 1.47103E-2 1.86224E-2 9.90247E-3 6.8371E-3 7.6898E-3 8.41304E-3 1.01431E-2 1.17481E-2 1.22155E-2 1.23926E-2 1.44151E-2 1.55572E-2 1.81223E-2 1.57412E-2 1.14588E-2 1.19628E-2 1.20168E-2 1.76524E-2 2.32604E-2 1.94015E-2 1.15575E-2 1.47091E-2 1.55388E-2 1.5983E-2 1.27807E-2 1.30908E-2 1.43602E-2 1.43835E-2 1.13993E-2 1.33197E-2 1.29409E-2 1.02281E-2 9.81063E-3 8.97327E-3
3.97487E-3 2.55812E-3 5.22469E-3 3.64652E-3 6.37614E-3 2.54427E-3 2.11889E-3 2.82333E-3 2.39199E-3 2.10847E-3 2.65673E-3 2.60218E-3 2.24431E-3 4.24487E-3 4.49955E-3 4.24979E-3 3.53908E-3 3.32703E-3 3.99091E-3 6.0326E-3 6.28634E-3 5.66201E-3 7.41106E-3 1.13759E-2 1.29484E-2 2.04318E-2 1.78692E-2 1.64289E-2 9.60532E-3 6.26939E-3 8.30217E-3 9.48923E-3 9.03068E-3 9.44988E-3 1.07859E-2 1.47163E-2 1.52918E-2 1.49087E-2 2.08678E-2 2.14905E-2 1.04994E-2 7.68402E-3 9.03868E-3 1.46483E-2 1.50459E-2 1.80539E-2 2.36043E-2 1.49506E-2 1.85228E-2 2.28808E-2 2.20201E-2 1.5269E-2 1.07662E-2 1.25106E-2 1.46032E-2 9.17383E-3 8.82165E-3 8.58375E-3 8.63179E-3 9.45212E-3 9.28411E-3
4.79417E-3 3.73427E-3 4.29264E-3 8.882E-3 1.09675E-2 3.46734E-3 2.64954E-3 2.64037E-3 2.24558E-3 1.45893E-3 1.18165E-3 1.07425E-3 1.99779E-3 2.94465E-3 1.35608E-3 1.43009E-3 2.42292E-3 3.24956E-3 5.15483E-3 4.92119E-3 3.77936E-3 7.33615E-3 1.03774E-2 1.77493E-2 1.85418E-2 1.69556E-2 1.70535E-2 1.05497E-2 7.21222E-3 7.41117E-3 1.10839E-2 9.87649E-3 8.24925E-3 1.0291E-2 1.20861E-2 1.52519E-2 1.30689E-2 2.01025E-2 1.41645E-2 8.21262E-3 7.7685E-3 7.50518E-3 7.04818E-3 8.74748E-3 1.16096E-2 1.46253E-2 1.34114E-2 2.20013E-2 1.99547E-2 2.68225E-2 1.61706E-2 1.10682E-2 1.38581E-2 2.11526E-2 2.012E-2 1.65812E-2 1.70973E-2 8.48928E-3 7.44447E-3 9.37445E-3 1.09844E-2
9.57248E-3 7.33481E-3 1.51545E-2 1.94623E-2 1.50151E-2 1.06058E-2 5.26085E-3 2.65724E-3 2.41625E-3 1.84787E-3 1.34071E-3 1.56311E-3 1.47019E-3 1.44734E-3 2.41195E-3 2.68631E-3 2.04337E-3 4.6801E-3 2.00358E-3 2.51811E-3 7.66928E-3 1.36965E-2 1.94632E-2 1.69954E-2 6.36226E-3 5.3388E-3 5.13466E-3 7.83422E-3 8.01462E-3 1.05552E-2 1.29257E-2 1.59339E-2 1.40554E-2 1.42467E-2 1.14189E-2 1.71436E-2 1.92361E-2 1.7327E-2 9.33147E-3 8.24368E-3 9.5965E-3 1.55279E-2 1.33182E-2 8.31404E-3 1.50682E-2 1.79933E-2 1.46359E-2 1.69562E-2 2.6506E-2 2.66998E-2 2.98994E-2 1.76126E-2 2.55091E-2 2.66213E-2 2.15256E-2 1.48982E-2 1.0768E-2 9.23253E-3 1.03515E-2 1.09834E-2 9.80354E-3
2.2143E-2 1.91643E-2 2.0081E-2 1.48553E-2 2.16137E-2 1.9901E-2 1.42876E-2 4.59213E-3 2.39835E-3 2.67577E-3 2.35214E-3 1.68773E-3 1.45349E-3 1.4659E-3 1.19519E-3 2.04188E-3 6.64261E-3 4.23067E-3 4.26972E-3 5.19424E-3 8.41952E-3 1.84571E-2 2.06345E-2 1.24113E-2 4.53293E-3 4.04589E-3 4.14877E-3 5.42076E-3 8.25152E-3 7.90072E-3 1.13242E-2 1.52143E-2 1.67775E-2 2.28754E-2 1.90646E-2 1.02595E-2 2.08628E-2 6.97241E-3 5.4567E-3 1.57259E-2 1.73974E-2 1.15414E-2 1.79729E-2 8.09554E-3 1.66584E-2 2.40524E-2 2.1242E-2 9.77634E-3 1.09713E-2 1.45346E-2 1.33701E-2 2.37875E-2 2.03121E-2 1.36217E-2 1.89923E-2 1.29292E-2 1.157E-2 1.20013E-2 8.34253E-3 8.42705E-3 1.02938E-2
6.96244E-3 2.25721E-2 1.79683E-2 4.03481E-3 3.52981E-3 2.68809E-3 7.41464E-3 7.86794E-3 6.90245E-3 2.07748E-3 2.07877E-3 7.11978E-3 8.27867E-3 4.86851E-3 3.6989E-3 3.76844E-3 6.43176E-3 2.4602E-3 2.60125E-3 4.28587E-3 4.5794E-3 1.56613E-2 2.10583E-2 1.2537E-2 1.13335E-2 1.09022E-2 6.33962E-3 4.09873E-3 2.57059E-3 3.35011E-3 4.44543E-3 5.45668E-3 1.74333E-2 1.61531E-2 2.26817E-2 2.41953E-2 2.6068E-2 1.22429E-2 6.10315E-3 8.34043E-3 1.80175E-2 3.08818E-2 3.684E-2 1.383E-2 1.41803E-2 1.73212E-2 2.51848E-2 9.03429E-3 7.08068E-3 6.53361E-3 1.43171E-2 1.98783E-2 9.74173E-3 7.66029E-3 1.02046E-2 7.91909E-3 1.2801E-2 1.31306E-2 1.04174E-2 1.06105E-2 1.07483E-2
1.8599E-2 9.94573E-3 1.20915E-2 1.56186E-2 1.68441E-2 4.69951E-3 1.54787E-3 1.52319E-3 1.73593E-3 1.91205E-3 1.58154E-3 2.40034E-3 7.49397E-3 1.15736E-2 1.47168E-2 8.21873E-3 9.96497E-3 5.66082E-3 6.5507E-3 8.52584E-3 6.22033E-3 1.35506E-2 2.0998E-2 9.29009E-3 4.40595E-3 3.26315E-3 1.24633E-3 1.1748E-3 1.65406E-3 2.45549E-3 2.39111E-3 2.41227E-3 4.51868E-3 7.2199E-3 7.57741E-3 2.13444E-2 2.54412E-2 3.36668E-2 2.04853E-2 1.44565E-2 2.94011E-2 1.56322E-2 5.88939E-3 6.24652E-3 3.83197E-3 1.20391E-2 2.49275E-2 2.5824E-2 3.4596E-2 2.6557E-2 3.17363E-2 9.50484E-3 1.79566E-2 6.08675E-3 9.27593E-3 7.96652E-3 5.97144E-3 1.50913E-2 1.54739E-2 1.12668E-2 1.02784E-2
1.52387E-2 1.55901E-2 6.41182E-3 2.76871E-3 4.56852E-3 4.84698E-3 3.27263E-3 3.33405E-3 1.88116E-3 2.2485E-3 2.33678E-3 2.188E-3 3.76321E-3 6.2744E-3 1.39254E-2 2.16488E-2 1.12112E-2 8.89458E-3 9.43298E-3 1.16568E-2 6.37655E-3 6.84243E-3 2.31272E-2 3.22142E-2 2.05033E-2 6.36127E-3 1.29917E-3 1.78844E-3 2.34643E-3 2.6569E-3 3.07798E-3 3.98763E-3 1.6814E-3 1.52333E-3 2.17521E-3 6.97774E-3 1.43637E-2 1.53224E-2 3.46719E-2 3.75247E-2 1.8693E-2 9.58212E-3 4.01217E-3 2.60723E-3 2.96773E-3 8.76493E-3 9.99487E-3 2.07956E-2 2.05142E-2 2.95524E-2 3.34862E-2 3.61026E-2 1.59673E-2 5.23097E-3 5.86506E-3 1.59489E-2 1.27863E-2 2.4587E-2 8.61927E-3 1.00643E-2 1.42358E-2
1.63724E-2 6.17078E-3 3.70816E-3 3.51353E-3 2.96692E-3 2.86528E-3 2.71039E-3 3.1912E-3 3.56127E-3 3.314E-3 2.97492E-3 2.55546E-3 3.67442E-3 3.9922E-3 7.40241E-3 2.53082E-2 1.43516E-2 1.18624E-2 8.95143E-3 1.95441E-2 8.82442E-3 9.78952E-3 3.26236E-2 1.06283E-2 2.12883E-3 1.11395E-3 1.54426E-3 2.36946E-3 3.64033E-3 1.20151E-3 2.19584E-3 5.15253E-3 1.57803E-3 2.16493E-3 1.38935E-3 1.38961E-3 1.82005E-3 1.95086E-3 3.94896E-3 3.23569E-2 8.15509E-3 3.63715E-3 2.74115E-3 2.24856E-3 1.47821E-3 8.00704E-3 1.34833E-2 7.6369E-3 4.91902E-3 5.91169E-3 1.36068E-2 3.01083E-2 2.753E-2 2.5924E-2 3.61603E-2 2.77273E-2 2.44378E-2 1.04918E-2 8.94377E-3 1.22774E-2 1.41069E-2
3.11313E-3 7.63719E-3 7.85857E-3 6.80681E-3 3.13794E-3 8.05452E-3 7.09866E-3 4.19447E-3 5.44646E-3 5.11626E-3 4.33144E-3 6.22608E-3 7.71172E-3 8.8977E-3 9.74018E-3 2.08498E-2 2.87113E-2 9.85937E-3 1.03581E-2 2.46584E-2 1.10971E-2 1.72437E-2 1.77448E-2 2.77928E-2 3.77503E-3 3.26385E-3 4.48526E-3 7.0052E-3 3.5707E-3 1.67041E-3 5.37379E-3 5.88672E-3 2.83953E-3 9.33548E-3 7.4612E-3 3.21396E-3 1.65832E-3 2.03751E-3 4.46152E-3 2.13566E-2 4.19924E-2 5.80662E-3 1.68454E-3 5.43743E-3 2.42241E-3 1.29621E-3 1.8281E-3 6.16356E-3 1.22656E-2 2.32989E-2 3.01848E-2 3.18288E-2 3.28304E-2 3.52724E-2 1.83819E-2 1.9799E-2 1.95981E-2 6.173E-3 1.18178E-2 1.18953E-2 1.26499E-2
7.2713E-3 6.87379E-3 1.19925E-2 9.88606E-3 6.81146E-3 4.91705E-3 1.69678E-2 1.93993E-2 1.06307E-2 1.06401E-2 7.10686E-3 9.68349E-3 1.50957E-2 1.11564E-2 2.24385E-2 2.71231E-2 3.18227E-2 3.22094E-2 1.82525E-2 1.51979E-2 2.04814E-2 2.47692E-2 1.16848E-2 5.52999E-3 3.32202E-3 7.11914E-3 1.07469E-2 7.60657E-3 9.50282E-3 4.93913E-3 1.32502E-2 5.83083E-3 3.3208E-3 9.73647E-3 9.04735E-3 2.6869E-3 1.99658E-3 3.93374E-3 7.30237E-3 7.5497E-3 3.50762E-2 1.00147E-2 9.15083E-3 1.02928E-2 1.7507E-3 1.69233E-3 1.3208E-3 3.6317E-3 1.32149E-2 5.80646E-3 3.42254E-3 1.44596E-2 3.86161E-2 6.46639E-3 2.55002E-3 4.23599E-3 7.31356E-3 6.01505E-3 3.81653E-3 5.35023E-3 8.67431E-3
9.39975E-3 1.27561E-2 3.13911E-2 3.14785E-2 1.47568E-2 4.36954E-3 3.97287E-3 1.00795E-2 2.26121E-2 2.19503E-2 1.37506E-2 1.67405E-2 1.04885E-2 4.37304E-3 4.00793E-3 8.66501E-3 6.93863E-3 1.35509E-2 3.14865E-2 3.40417E-2 1.4177E-1 1.23997E-2 5.83036E-3 3.11618E-3 7.65973E-3 6.34322E-3 1.82489E-2 9.85141E-3 1.55866E-2 1.2904E-2 2.03881E-2 1.43618E-2 9.45484E-3 1.83398E-2 1.35962E-2 4.89765E-3 7.12441E-3 7.7967E-3 1.7065E-2 1.27778E-2 4.33247E-2 1.87514E-2 3.72168E-2 5.14214E-3 1.78463E-3 3.72783E-3 1.90565E-3 1.24694E-3 1.89467E-3 1.76505E-3 4.22586E-3 2.28306E-2 3.57958E-2 1.64747E-2 3.7722E-3 2.86162E-3 2.66126E-3 3.12544E-3 4.68448E-3 6.54675E-3 5.69386E-3
1.57935E-2 1.18934E-1 1.46326E-2 1.10452E-2 6.41885E-3 8.37704E-3 7.95604E-3 4.66044E-3 4.92297E-3 2.03451E-2 2.56858E-2 1.33822E-2 6.01923E-3 5.94475E-3 4.44807E-3 4.70486E-3 8.24533E-3 6.19403E-3 7.42404E-3 1.10562E-2 1.83823E-2 9.28589E-2 9.88678E-3 9.03292E-3 1.12006E-2 2.19771E-2 1.92944E-2 1.50243E-2 9.57422E-2 2.20334E-2 2.2239E-2 1.16476E-2 1.83222E-2 2.1E-2 5.97082E-3 1.26555E-2 1.27004E-2 2.14899E-2 2.26726E-2 2.41259E-2 5.8306E-2 2.60194E-2 6.36638E-3 3.64625E-3 1.0978E-2 2.06112E-3 1.56148E-3 1.6461E-3 3.58969E-3 2.37262E-3 6.42949E-3 8.65564E-3 2.77545E-2 1.99999E-2 4.83313E-3 3.15473E-3 2.70503E-3 2.46386E-3 1.78725E-3 4.68498E-3 8.88836E-3
1.19885E-1 1.57065E-1 4.30424E-2 1.66893E-2 9.38341E-3 1.34358E-2 8.22168E-3 9.96245E-3 1.37922E-2 8.96119E-3 1.36388E-2 1.13369E-1 1.28068E-2 1.04629E-2 5.5254E-3 6.41275E-3 8.14243E-3 1.24846E-2 1.17056E-2 3.04043E-2 2.09702E-2 1.48851E-1 1.5417E-2 1.17675E-2 9.49164E-2 3.58114E-2 2.14463E-2 8.46875E-2 8.86874E-2 9.80652E-2 1.00088E-1 2.17602E-2 9.85206E-2 2.42349E-2 1.57925E-2 2.25968E-2 2.44405E-2 2.58446E-2 2.4434E-2 2.33752E-1 2.26261E-2 1.28049E-2 2.62288E-2 2.8642E-2 1.05989E-2 3.56848E-3 7.01603E-3 4.27382E-3 1.22599E-2 5.84341E-3 7.14633E-3 2.58195E-2 3.62145E-2 2.23146E-2 1.33665E-2 2.53326E-3 4.10884E-3 4.43499E-3 2.47143E-3 1.96431E-3 6.24546E-3
1.69003E-1 4.29755E-2 3.2989E-2 1.28459E-2 1.36011E-2 2.83133E-2 1.19885E-2 2.87269E-2 1.03534E-2 8.84551E-3 1.13813E-2 1.49474E-2 1.15621E-1 1.42487E-2 1.28165E-2 1.42035E-2 1.28466E-2 1.95535E-2 1.51143E-2 1.78768E-2 1.21262E-2 1.21758E-2 7.90898E-2 1.04702E-1 1.42253E-1 1.55165E-2 9.25442E-3 2.41229E-2 1.18443E-1 1.22957E-1 1.06266E-1 1.13031E-1 1.26509E-1 1.32191E-1 1.47089E-1 1.36186E-1 1.39419E-1 1.39757E-1 3.00856E-2 1.4822E-1 1.47335E-1 1.10918E-1 2.58367E-2 1.3446E-2 7.48171E-3 1.15067E-2 1.41894E-2 8.50286E-3 1.9698E-2 1.02558E-2 1.56506E-2 2.87667E-2 2.2231E-2 7.17674E-3 2.9475E-3 5.97591E-3 1.06452E-2 9.08954E-3 9.41627E-3 2.12204E-3 2.98941E-3
8.38626E-2 1.5295E-2 1.21191E-2 1.40392E-2 1.05555E-1 1.50744E-2 1.04457E-1 1.66415E-2 1.27665E-2 1.56681E-2 6.28225E-2 1.49829E-2 7.44584E-2 1.36374E-1 9.888E-2 4.04769E-2 1.63478E-2 9.84208E-3 9.8946E-3 5.94222E-3 1.12265E-2 7.77455E-2 1.03698E-1 1.34588E-1 3.19219E-2 1.85665E-2 1.37421E-2 1.25249E-2 8.43123E-2 1.24555E-1 1.35008E-1 1.29026E-1 1.31267E-1 1.44913E-1 1.71018E-1 1.56679E-1 1.48894E-1 1.80378E-1 1.41769E-1 2.528E-2 1.44428E-1 1.55788E-1 1.52122E-1 2.54627E-2 1.38418E-2 2.82448E-2 2.96765E-2 1.70203E-2 2.91131E-2 9.46778E-3 1.3707E-2 2.55407E-2 2.52734E-2 1.51937E-2 1.12411E-2 1.21728E-2 2.77149E-2 3.4598E-2 7.35684E-3 3.02645E-3 5.36536E-3
