Artocarpus heterophyllus SDM files/MIS19/results (without bias file)/Arthet_6.asc
ncols         625
nrows         721
xllcorner     69.99986311115
yllcorner     5.99986187915
cellsize      0.041666667
NODATA_value  -9999
[rows 216 to 242 of 721, columns 183 to 243 of 625]
9.58248E-2 9.56433E-2 9.58959E-2 9.48961E-2 9.59012E-2 9.66595E-2 9.69126E-2 9.6469E-2 9.36477E-2 9.47957E-2 9.6007E-2 9.66101E-2 9.70283E-2 9.68895E-2 9.80005E-2 9.93899E-2 9.85427E-2 1.00112E-1 1.01157E-1 9.32507E-2 9.86786E-2 9.94442E-2 9.92725E-2 9.94345E-2 1.00131E-1 9.79904E-2 9.76814E-2 9.89658E-2 9.96394E-2 1.00145E-1 1.00653E-1 1.00663E-1 1.01349E-1 1.02208E-1 1.01613E-1 1.03432E-1 1.04133E-1 1.05019E-1 1.05826E-1 1.0834E-1 1.09444E-1 1.09619E-1 1.17416E-1 1.178E-1 1.18587E-1 1.19104E-1 1.26013E-1 1.26633E-1 1.27535E-1 1.23028E-1 1.27962E-1 1.29437E-1 1.31262E-1 1.32856E-1 1.31838E-1 1.34026E-1 1.32618E-1 1.38239E-1 1.40474E-1 1.39465E-1 1.44562E-1
9.44103E-2 9.48278E-2 9.64598E-2 9.52299E-2 9.71229E-2 9.55216E-2 9.75916E-2 9.61516E-2 9.54414E-2 9.46908E-2 9.63754E-2 9.45927E-2 9.63542E-2 9.7139E-2 9.79888E-2 9.84847E-2 9.94174E-2 9.54971E-2 9.90734E-2 9.52582E-2 9.68046E-2 9.87225E-2 9.77514E-2 9.96974E-2 9.95155E-2 9.90359E-2 9.90261E-2 1.005E-1 1.00836E-1 1.00398E-1 1.01255E-1 1.01092E-1 1.01349E-1 1.02742E-1 1.03263E-1 1.03871E-1 1.0449E-1 1.04934E-1 1.05826E-1 1.07836E-1 1.14339E-1 1.14625E-1 1.15142E-1 1.17309E-1 1.18222E-1 1.18608E-1 1.29023E-1 1.29003E-1 1.26437E-1 1.25784E-1 1.26616E-1 1.3242E-1 1.33292E-1 1.33823E-1 1.36158E-1 1.36992E-1 1.35028E-1 1.31322E-1 1.3847E-1 1.37819E-1 1.41003E-1
9.4374E-2 9.39659E-2 9.60054E-2 9.58764E-2 9.62141E-2 9.53758E-2 9.58161E-2 9.67834E-2 9.74177E-2 9.69198E-2 9.43578E-2 9.30473E-2 9.29333E-2 9.60815E-2 9.58284E-2 9.42553E-2 9.51593E-2 9.54788E-2 9.76191E-2 9.71824E-2 9.92614E-2 9.30508E-2 9.59241E-2 9.32668E-2 9.47411E-2 9.87483E-2 9.87933E-2 1.00392E-1 1.0253E-1 1.01522E-1 1.02387E-1 1.01092E-1 1.01781E-1 1.02826E-1 1.03441E-1 1.04238E-1 1.04681E-1 1.05126E-1 1.05464E-1 1.12716E-1 1.14054E-1 1.1443E-1 1.15234E-1 1.16608E-1 1.19547E-1 1.25623E-1 1.25915E-1 1.27299E-1 1.27627E-1 1.34176E-1 1.35706E-1 1.36365E-1 1.35435E-1 1.35518E-1 1.37299E-1 1.35838E-1 1.39421E-1 1.41842E-1 1.39661E-1 1.41149E-1 1.33018E-1
9.68225E-2 9.68225E-2 9.77236E-2 9.87597E-2 9.8674E-2 9.694E-2 9.7795E-2 9.80029E-2 9.80874E-2 9.85588E-2 9.84962E-2 9.61168E-2 9.86985E-2 9.81892E-2 9.75349E-2 9.85211E-2 9.80089E-2 9.97193E-2 9.87207E-2 9.85499E-2 9.88023E-2 9.82768E-2 9.97988E-2 1.00665E-1 9.32595E-2 9.87686E-2 9.73079E-2 9.56403E-2 9.88116E-2 1.0171E-1 1.02399E-1 1.01698E-1 1.01864E-1 1.07585E-1 1.03881E-1 1.04238E-1 1.04681E-1 1.05487E-1 1.12835E-1 1.12925E-1 1.14339E-1 1.1466E-1 1.14843E-1 1.23315E-1 1.24649E-1 1.24422E-1 1.2507E-1 1.2712E-1 1.33099E-1 1.33748E-1 1.35863E-1 1.33777E-1 1.34205E-1 1.34892E-1 1.36066E-1 1.37101E-1 1.36852E-1 1.39991E-1 1.42242E-1 1.39767E-1 1.3381E-1
9.76812E-2 9.75098E-2 9.97038E-2 9.91085E-2 9.96313E-2 9.94568E-2 9.83974E-2 9.93868E-2 9.80241E-2 9.67274E-2 9.7127E-2 9.9203E-2 1.00138E-1 1.00629E-1 9.88049E-2 9.66741E-2 9.51319E-2 9.38147E-2 9.87116E-2 1.02211E-1 9.92784E-2 9.9227E-2 9.95632E-2 1.00226E-1 1.00488E-1 1.01301E-1 1.03228E-1 1.01946E-1 9.77975E-2 1.01306E-1 1.02487E-1 1.02925E-1 1.03364E-1 1.03448E-1 1.08136E-1 1.1008E-1 1.09982E-1 1.10071E-1 1.12451E-1 1.13118E-1 1.14109E-1 1.16657E-1 1.16354E-1 1.23828E-1 1.24683E-1 1.24151E-1 1.24343E-1 1.32077E-1 1.32057E-1 1.32158E-1 1.30812E-1 1.33006E-1 1.33911E-1 1.34115E-1 1.34095E-1 1.35982E-1 1.38078E-1 1.36956E-1 1.39682E-1 1.34075E-1 1.39407E-1
9.80224E-2 9.79411E-2 9.90092E-2 9.98821E-2 9.96331E-2 9.73683E-2 9.96128E-2 9.87592E-2 9.94054E-2 1.02545E-1 1.01631E-1 9.99285E-2 9.71694E-2 9.3292E-2 9.49543E-2 9.37899E-2 9.95024E-2 9.69895E-2 9.28034E-2 9.19017E-2 9.70582E-2 1.00844E-1 1.01584E-1 1.01121E-1 1.02561E-1 1.00055E-1 9.95734E-2 1.00963E-1 1.00004E-1 9.62606E-2 9.90379E-2 1.03138E-1 1.03271E-1 1.09341E-1 1.09341E-1 1.09529E-1 1.09993E-1 1.10447E-1 1.13153E-1 1.13437E-1 1.15487E-1 1.15775E-1 1.16156E-1 1.23484E-1 1.23885E-1 1.23869E-1 1.32318E-1 1.32198E-1 1.29622E-1 1.29171E-1 1.2937E-1 1.29702E-1 1.32099E-1 1.32744E-1 1.33169E-1 1.34749E-1 1.37909E-1 1.38287E-1 1.40329E-1 1.41063E-1 1.37551E-1
9.67409E-2 9.75187E-2 9.76122E-2 9.74182E-2 9.98097E-2 9.83138E-2 9.9789E-2 1.00542E-1 1.01868E-1 1.02851E-1 1.01514E-1 9.55103E-2 9.55187E-2 9.55009E-2 1.02783E-1 9.99372E-2 9.77914E-2 9.72836E-2 9.8721E-2 9.91539E-2 9.54956E-2 9.30408E-2 9.47547E-2 9.69995E-2 9.52882E-2 9.63448E-2 9.76015E-2 9.37756E-2 9.67537E-2 1.0988E-1 1.10435E-1 9.89073E-2 1.00238E-1 1.02188E-1 1.10649E-1 1.10271E-1 1.09618E-1 1.10118E-1 1.14733E-1 1.14808E-1 1.20374E-1 1.20768E-1 1.16192E-1 1.2358E-1 1.23982E-1 1.2366E-1 1.29247E-1 1.29448E-1 1.29649E-1 1.29388E-1 1.29153E-1 1.31256E-1 1.31456E-1 1.3232E-1 1.3329E-1 1.3327E-1 1.34023E-1 1.36365E-1 1.38283E-1 1.40665E-1 1.30579E-1
9.68402E-2 9.78663E-2 9.75311E-2 9.91713E-2 9.9354E-2 9.86605E-2 1.00316E-1 1.02211E-1 1.02748E-1 1.03559E-1 9.94551E-2 9.41396E-2 9.7455E-2 1.01965E-1 1.01486E-1 9.86101E-2 9.87433E-2 9.83553E-2 9.80588E-2 1.00418E-1 1.00418E-1 9.93329E-2 9.88047E-2 9.45584E-2 9.86325E-2 1.04092E-1 1.02834E-1 1.06355E-1 1.06993E-1 9.53219E-2 1.03306E-1 1.05097E-1 1.05781E-1 1.03801E-1 1.12081E-1 1.11925E-1 1.1177E-1 1.1292E-1 1.12818E-1 1.14664E-1 1.20017E-1 1.21718E-1 1.21512E-1 1.23371E-1 1.23982E-1 1.21579E-1 1.20915E-1 1.29013E-1 1.28463E-1 1.30191E-1 1.33751E-1 1.31696E-1 1.31677E-1 1.32099E-1 1.32744E-1 1.32724E-1 1.3325E-1 1.34574E-1 1.37572E-1 1.40203E-1 1.38784E-1
9.51372E-2 9.48847E-2 9.81364E-2 9.97923E-2 1.03534E-1 1.03209E-1 1.01842E-1 1.01113E-1 9.54321E-2 9.95818E-2 9.64953E-2 1.00293E-1 1.02537E-1 1.03123E-1 1.02267E-1 9.93436E-2 9.89989E-2 1.00829E-1 9.83717E-2 9.65664E-2 9.62309E-2 9.41243E-2 1.00297E-1 9.84072E-2 9.77221E-2 9.82736E-2 9.9637E-2 9.972E-2 1.03929E-1 1.06382E-1 1.06923E-1 9.84151E-2 9.98683E-2 1.03749E-1 1.08531E-1 1.13066E-1 1.12051E-1 1.12908E-1 1.13294E-1 1.19813E-1 1.19097E-1 1.2112E-1 1.21627E-1 1.21106E-1 1.21483E-1 1.22793E-1 1.28597E-1 1.29574E-1 1.29991E-1 1.30191E-1 1.30862E-1 1.33505E-1 1.32491E-1 1.33138E-1 1.33534E-1 1.3396E-1 1.33938E-1 1.34434E-1 1.36097E-1 1.36987E-1 1.39143E-1
9.48078E-2 9.76194E-2 1.00421E-1 1.0007E-1 1.03098E-1 9.68715E-2 9.65173E-2 1.01791E-1 1.04157E-1 1.01082E-1 9.90457E-2 1.06193E-1 1.02787E-1 1.03232E-1 1.00012E-1 9.82778E-2 1.0037E-1 9.95861E-2 1.01472E-1 9.5953E-2 9.96876E-2 9.81828E-2 9.51555E-2 9.52358E-2 9.53161E-2 9.58945E-2 9.49011E-2 9.65626E-2 9.66051E-2 1.00574E-1 1.03817E-1 1.01874E-1 1.08154E-1 1.07652E-1 1.05187E-1 1.13364E-1 1.12978E-1 1.18448E-1 1.18481E-1 1.19181E-1 1.19181E-1 1.18777E-1 1.19574E-1 1.21106E-1 1.22509E-1 1.28202E-1 1.30667E-1 1.30548E-1 1.29773E-1 1.30442E-1 1.30862E-1 1.33058E-1 1.32491E-1 1.31804E-1 1.32893E-1 1.33286E-1 1.33713E-1 1.34332E-1 1.35212E-1 1.35745E-1 1.36405E-1
1.00263E-1 1.03391E-1 1.01724E-1 9.77007E-2 9.25998E-2 9.6351E-2 1.03866E-1 1.07522E-1 1.04742E-1 1.03622E-1 1.02772E-1 1.02413E-1 9.85235E-2 9.98347E-2 1.00588E-1 1.00413E-1 9.98902E-2 9.90247E-2 9.54562E-2 9.52601E-2 1.00278E-1 9.69023E-2 9.71523E-2 9.62278E-2 9.77008E-2 9.89676E-2 9.81628E-2 1.00915E-1 9.84977E-2 9.6555E-2 9.88746E-2 9.78191E-2 1.03639E-1 1.04673E-1 1.12857E-1 1.08881E-1 9.95139E-2 1.03532E-1 1.12519E-1 1.12404E-1 1.18979E-1 1.19681E-1 1.19989E-1 1.22206E-1 1.27886E-1 1.2787E-1 1.3047E-1 1.3011E-1 1.30309E-1 1.30223E-1 1.29986E-1 1.31914E-1 1.31572E-1 1.31772E-1 1.32416E-1 1.32962E-1 1.33164E-1 1.34263E-1 1.35145E-1 1.35123E-1 1.36075E-1
1.06665E-1 1.10185E-1 9.35242E-2 9.41252E-2 9.5239E-2 1.06388E-1 1.08303E-1 1.05622E-1 1.03522E-1 1.01169E-1 1.05039E-1 1.04456E-1 1.03913E-1 1.03732E-1 1.00881E-1 9.74946E-2 9.82026E-2 9.78613E-2 9.90627E-2 9.96693E-2 9.79493E-2 9.74405E-2 9.547E-2 9.62167E-2 9.62167E-2 9.62985E-2 9.58457E-2 9.66759E-2 1.00196E-1 1.00036E-1 1.03677E-1 1.08042E-1 1.06935E-1 1.05933E-1 1.06752E-1 1.10954E-1 1.1277E-1 1.0785E-1 1.08221E-1 1.13611E-1 1.14648E-1 1.2101E-1 1.20663E-1 1.19535E-1 1.22813E-1 1.2146E-1 1.3025E-1 1.29694E-1 1.30364E-1 1.29807E-1 1.29517E-1 1.32035E-1 1.32014E-1 1.32215E-1 1.32093E-1 1.32294E-1 1.33164E-1 1.33814E-1 1.3414E-1 1.34795E-1 1.34999E-1
9.76395E-2 9.19836E-2 9.26097E-2 1.0344E-1 1.015E-1 1.05279E-1 1.03329E-1 1.02788E-1 1.01168E-1 1.05125E-1 1.05583E-1 1.04764E-1 1.02462E-1 9.96062E-2 9.93452E-2 1.01543E-1 9.96648E-2 9.95761E-2 1.00529E-1 9.85812E-2 9.80739E-2 9.79872E-2 9.62136E-2 9.62136E-2 9.69673E-2 9.7388E-2 9.55414E-2 9.54182E-2 9.62891E-2 9.65381E-2 1.01408E-1 9.98539E-2 1.06379E-1 1.04208E-1 1.07576E-1 1.09532E-1 1.0972E-1 1.0748E-1 1.085E-1 1.05737E-1 1.17124E-1 1.2222E-1 1.21264E-1 1.22302E-1 1.21365E-1 1.22623E-1 1.21272E-1 1.29357E-1 1.29121E-1 1.29875E-1 1.3189E-1 1.32435E-1 1.3239E-1 1.33037E-1 1.33361E-1 1.3267E-1 1.32617E-1 1.33713E-1 1.34365E-1 1.34017E-1 1.34446E-1
9.13936E-2 9.57512E-2 1.00098E-1 1.03519E-1 1.02128E-1 1.05436E-1 1.04064E-1 1.04611E-1 1.04666E-1 1.02501E-1 1.0273E-1 1.02819E-1 1.0171E-1 1.04216E-1 1.02109E-1 9.97114E-2 9.98011E-2 9.78829E-2 9.73737E-2 9.87496E-2 9.72575E-2 9.71728E-2 9.51275E-2 9.45504E-2 9.52504E-2 9.53329E-2 9.51617E-2 9.15022E-2 9.34795E-2 9.38947E-2 9.66219E-2 9.84747E-2 1.01239E-1 1.07107E-1 1.07112E-1 1.07115E-1 1.06562E-1 1.08502E-1 1.08303E-1 1.14235E-1 1.20224E-1 1.22252E-1 1.22557E-1 1.22239E-1 1.2272E-1 1.2254E-1 1.302E-1 1.29207E-1 1.28155E-1 1.29439E-1 1.32727E-1 1.24227E-1 1.33185E-1 1.24209E-1 1.33462E-1 1.33563E-1 1.32549E-1 1.32718E-1 1.33366E-1 1.33345E-1 1.37738E-1
1.01621E-1 9.88561E-2 9.97498E-2 9.90485E-2 1.05393E-1 1.04382E-1 1.03616E-1 1.03483E-1 1.0264E-1 1.03443E-1 1.02598E-1 1.0358E-1 1.04078E-1 1.07195E-1 9.57897E-2 9.71344E-2 9.78987E-2 9.84123E-2 9.65436E-2 9.49376E-2 9.6414E-2 9.59543E-2 9.65417E-2 9.68785E-2 9.38442E-2 9.30305E-2 9.40902E-2 9.30316E-2 9.47464E-2 9.22257E-2 9.19051E-2 9.2753E-2 9.58697E-2 1.01273E-1 1.01534E-1 1.08446E-1 1.07019E-1 1.06191E-1 1.06009E-1 1.12715E-1 1.16681E-1 1.18199E-1 1.10161E-1 1.09972E-1 1.17669E-1 1.23218E-1 1.25496E-1 1.30182E-1 1.30163E-1 1.28668E-1 1.23711E-1 1.23389E-1 1.22556E-1 1.23371E-1 1.3294E-1 1.27756E-1 1.26995E-1 1.33095E-1 1.3352E-1 1.36387E-1 1.37048E-1
9.73128E-2 9.93229E-2 9.86198E-2 9.85147E-2 1.02671E-1 1.02941E-1 1.01826E-1 1.02678E-1 1.13744E-1 1.01883E-1 1.00822E-1 1.0014E-1 1.03094E-1 1.11901E-1 9.56002E-2 9.40268E-2 9.50138E-2 9.66262E-2 9.60133E-2 9.58051E-2 9.7308E-2 9.51731E-2 9.57827E-2 9.59575E-2 9.63764E-2 9.64959E-2 9.37642E-2 9.09849E-2 9.09487E-2 9.40895E-2 9.90632E-2 1.01135E-1 9.51921E-2 9.40419E-2 1.03428E-1 1.08343E-1 1.03787E-1 1.16293E-1 1.18581E-1 1.23807E-1 1.24317E-1 1.23157E-1 1.28611E-1 1.23591E-1 1.21391E-1 1.19975E-1 1.23831E-1 1.25469E-1 1.25054E-1 1.31175E-1 1.32828E-1 1.33255E-1 1.24209E-1 1.30185E-1 1.27255E-1 1.27352E-1 1.34019E-1 1.35367E-1 1.35085E-1 1.37074E-1 1.35646E-1
9.65345E-2 9.76439E-2 9.79994E-2 9.93896E-2 1.03215E-1 1.00456E-1 1.0358E-1 1.06824E-1 1.0636E-1 1.04445E-1 9.64571E-2 9.89222E-2 1.0031E-1 1.03529E-1 1.05244E-1 9.78399E-2 9.49296E-2 9.59255E-2 9.65538E-2 9.72682E-2 9.36943E-2 9.40216E-2 9.49109E-2 9.47461E-2 9.54072E-2 9.55731E-2 9.51185E-2 9.23866E-2 9.45816E-2 8.92895E-2 9.66195E-2 9.93178E-2 9.63566E-2 1.06863E-1 1.10088E-1 1.01273E-1 1.03158E-1 1.18985E-1 1.20509E-1 1.21428E-1 1.21525E-1 1.22036E-1 1.24645E-1 1.25806E-1 1.20169E-1 1.23455E-1 1.17934E-1 1.25779E-1 1.25664E-1 1.25271E-1 1.25368E-1 1.25327E-1 1.27554E-1 1.25683E-1 1.25451E-1 1.35916E-1 1.35893E-1 1.34984E-1 1.34859E-1 1.37795E-1 1.36976E-1
9.71496E-2 9.67194E-2 9.71986E-2 1.00331E-1 1.03415E-1 9.66334E-2 1.01006E-1 1.10295E-1 1.10201E-1 1.0656E-1 9.41981E-2 9.73858E-2 9.90075E-2 9.97843E-2 1.04746E-1 9.74313E-2 9.62145E-2 9.65476E-2 9.73956E-2 1.00174E-1 9.74339E-2 9.60514E-2 9.37387E-2 9.44998E-2 9.43356E-2 9.31121E-2 9.31121E-2 9.59122E-2 9.07472E-2 8.95344E-2 9.66898E-2 9.56191E-2 9.77838E-2 9.90257E-2 9.91105E-2 9.5438E-2 1.07779E-1 1.12607E-1 1.1254E-1 1.19284E-1 1.19177E-1 1.20906E-1 1.21926E-1 1.24321E-1 1.2928E-1 1.25726E-1 1.31839E-1 1.28453E-1 1.25975E-1 1.26221E-1 1.27815E-1 1.27051E-1 1.27678E-1 1.30823E-1 1.27377E-1 1.25877E-1 1.29991E-1 1.29651E-1 1.37232E-1 1.37334E-1 1.37667E-1
9.69284E-2 9.81623E-2 1.01631E-1 1.04106E-1 1.03653E-1 1.00447E-1 1.04244E-1 1.10643E-1 1.05207E-1 9.97882E-2 9.41683E-2 9.71733E-2 1.0017E-1 9.91774E-2 1.00692E-1 9.68845E-2 9.68845E-2 9.74283E-2 9.77711E-2 1.02234E-1 9.95663E-2 9.41511E-2 9.29319E-2 9.483E-2 9.44122E-2 9.45768E-2 9.32766E-2 9.36726E-2 8.96757E-2 9.35213E-2 9.7496E-2 9.60705E-2 9.43367E-2 9.52742E-2 9.64369E-2 1.02978E-1 1.09983E-1 1.12268E-1 1.11581E-1 1.11772E-1 1.19273E-1 1.21003E-1 1.21512E-1 1.22536E-1 1.2589E-1 1.23561E-1 1.17734E-1 1.16556E-1 1.17971E-1 1.28433E-1 1.29437E-1 1.28663E-1 1.28111E-1 1.28644E-1 1.31465E-1 1.26518E-1 1.31994E-1 1.32609E-1 1.31718E-1 1.37104E-1 1.37898E-1
9.96294E-2 9.86235E-2 1.09647E-1 9.79951E-2 9.73904E-2 1.06591E-1 1.15688E-1 1.04543E-1 9.28593E-2 9.12227E-2 9.94303E-2 1.04302E-1 1.01987E-1 9.53875E-2 9.85697E-2 9.97354E-2 9.77239E-2 9.73018E-2 9.84447E-2 1.04807E-1 9.98653E-2 9.76823E-2 9.30125E-2 9.22559E-2 9.18553E-2 9.27382E-2 9.27017E-2 9.05498E-2 8.90893E-2 9.39295E-2 9.46662E-2 9.54064E-2 9.54064E-2 9.43206E-2 9.55544E-2 1.05311E-1 1.10395E-1 1.12393E-1 1.12008E-1 1.12485E-1 1.14273E-1 1.13552E-1 1.21402E-1 1.22328E-1 1.21389E-1 1.26271E-1 1.30213E-1 1.29333E-1 1.1429E-1 1.19674E-1 1.24378E-1 1.24835E-1 1.23664E-1 1.24181E-1 1.24849E-1 1.17884E-1 1.32664E-1 1.31766E-1 1.32193E-1 1.29657E-1 1.36532E-1
9.81935E-2 1.13767E-1 1.0093E-1 8.95693E-2 1.04924E-1 1.09769E-1 1.11915E-1 9.09546E-2 9.06067E-2 1.00719E-1 1.04055E-1 9.9458E-2 9.60012E-2 9.75918E-2 9.85651E-2 1.06373E-1 1.001E-1 9.5836E-2 9.54586E-2 1.02401E-1 1.04939E-1 9.61731E-2 9.61707E-2 1.01646E-1 9.26524E-2 9.63065E-2 9.7564E-2 9.48157E-2 8.85985E-2 9.01219E-2 9.4668E-2 9.35568E-2 9.48643E-2 9.32296E-2 1.08614E-1 1.04856E-1 1.0973E-1 1.10107E-1 1.12678E-1 1.13157E-1 1.14321E-1 1.14048E-1 1.16795E-1 1.18075E-1 1.25349E-1 1.17352E-1 1.17869E-1 1.21909E-1 1.18257E-1 1.15946E-1 1.16836E-1 1.14302E-1 1.26093E-1 1.25976E-1 1.23821E-1 1.18085E-1 1.31412E-1 1.30455E-1 1.311E-1 1.30316E-1 1.37253E-1
1.06548E-1 1.07987E-1 8.82152E-2 9.71031E-2 9.70869E-2 1.12054E-1 1.05887E-1 8.94639E-2 1.00188E-1 1.04563E-1 1.01907E-1 9.55011E-2 9.29721E-2 9.45096E-2 1.01201E-1 1.107E-1 9.94152E-2 9.43512E-2 9.69616E-2 9.93379E-2 1.06194E-1 1.12004E-1 1.07518E-1 1.0401E-1 1.02255E-1 9.11906E-2 9.04798E-2 8.99989E-2 8.92882E-2 9.43747E-2 9.42921E-2 9.23438E-2 9.17836E-2 9.51765E-2 1.02065E-1 1.04097E-1 1.10388E-1 1.09256E-1 1.11143E-1 1.12577E-1 1.15293E-1 1.17101E-1 1.17491E-1 1.17565E-1 1.17679E-1 1.18475E-1 1.19367E-1 1.15796E-1 1.21454E-1 1.23832E-1 1.16989E-1 1.199E-1 1.20393E-1 1.20065E-1 1.19341E-1 1.17096E-1 1.21679E-1 1.24566E-1 1.32535E-1 1.30316E-1 1.31744E-1
1.04289E-1 9.06894E-2 9.12907E-2 1.03904E-1 9.22798E-2 9.32166E-2 9.07787E-2 9.97342E-2 1.05277E-1 9.16139E-2 9.9009E-2 9.73224E-2 9.56122E-2 9.76085E-2 1.01576E-1 1.05186E-1 1.15068E-1 1.1181E-1 1.10985E-1 1.04878E-1 1.04772E-1 1.1046E-1 1.09639E-1 9.86662E-2 8.90802E-2 8.79419E-2 9.58844E-2 9.44241E-2 9.28281E-2 9.30711E-2 9.34761E-2 9.28281E-2 9.65257E-2 9.50938E-2 1.01886E-1 1.02054E-1 1.03646E-1 1.1124E-1 1.12192E-1 1.11899E-1 1.14702E-1 1.16041E-1 1.17893E-1 1.18083E-1 1.1838E-1 1.2101E-1 1.20093E-1 1.16515E-1 1.23824E-1 1.2329E-1 1.23597E-1 1.16084E-1 1.18075E-1 1.141E-1 1.21358E-1 1.20327E-1 1.21058E-1 1.28322E-1 1.24384E-1 1.24058E-1 1.31299E-1
9.45824E-2 8.97962E-2 9.98392E-2 1.0631E-1 8.61694E-2 8.89074E-2 9.47352E-2 1.06236E-1 1.02745E-1 8.79345E-2 9.38701E-2 1.0542E-1 1.11022E-1 1.03778E-1 9.86142E-2 1.02932E-1 1.01613E-1 1.12438E-1 9.96981E-2 9.94384E-2 9.73517E-2 9.93669E-2 9.85493E-2 9.18506E-2 9.17938E-2 9.95334E-2 9.69774E-2 9.47535E-2 9.37298E-2 9.31499E-2 9.35579E-2 9.61078E-2 9.45322E-2 9.93163E-2 1.02858E-1 1.01833E-1 1.03384E-1 1.04009E-1 1.06437E-1 1.08829E-1 1.13918E-1 1.07986E-1 1.08787E-1 1.10286E-1 1.12083E-1 1.11597E-1 1.10906E-1 1.21571E-1 1.21847E-1 1.1672E-1 1.14761E-1 1.205E-1 1.22741E-1 1.22148E-1 1.28152E-1 1.31574E-1 1.28709E-1 1.26373E-1 1.2478E-1 1.24128E-1 1.33185E-1
8.6255E-2 9.28977E-2 9.87328E-2 9.42064E-2 9.33898E-2 8.99187E-2 9.69752E-2 9.85997E-2 8.53678E-2 8.68269E-2 8.94758E-2 9.88572E-2 9.82561E-2 1.02069E-1 1.01746E-1 9.99979E-2 9.89736E-2 9.95782E-2 1.00012E-1 1.02213E-1 9.91075E-2 1.00846E-1 9.70882E-2 9.72133E-2 9.9723E-2 9.8257E-2 9.5585E-2 9.45532E-2 9.43507E-2 9.35667E-2 9.47044E-2 9.05134E-2 9.6449E-2 9.74156E-2 1.02722E-1 1.02626E-1 1.04676E-1 1.03955E-1 1.06259E-1 1.07365E-1 1.09761E-1 1.09629E-1 1.08966E-1 1.08868E-1 1.09146E-1 1.09424E-1 1.12783E-1 1.14298E-1 1.13516E-1 1.13126E-1 1.14737E-1 1.15513E-1 1.2295E-1 1.22886E-1 1.25072E-1 1.24532E-1 1.2448E-1 1.32344E-1 1.29267E-1 1.24453E-1 1.32322E-1
8.8885E-2 9.6295E-2 9.21153E-2 8.90315E-2 9.64066E-2 9.50137E-2 1.03319E-1 9.85923E-2 8.13027E-2 8.36004E-2 8.89983E-2 9.71027E-2 9.62565E-2 1.02431E-1 1.05136E-1 1.01856E-1 9.86802E-2 1.00745E-1 9.9806E-2 9.8099E-2 9.92158E-2 9.89998E-2 9.8602E-2 9.96376E-2 9.9726E-2 9.67451E-2 9.5987E-2 9.53835E-2 9.63481E-2 9.62026E-2 9.58641E-2 9.22619E-2 9.94648E-2 1.00321E-1 1.02278E-1 1.04583E-1 1.05943E-1 1.06667E-1 1.06844E-1 1.08836E-1 1.09868E-1 1.10097E-1 1.12083E-1 1.09899E-1 1.09612E-1 1.09702E-1 1.12894E-1 1.13377E-1 1.14298E-1 1.12564E-1 1.12461E-1 1.12358E-1 1.16248E-1 1.15652E-1 1.14954E-1 1.1661E-1 1.22452E-1 1.22966E-1 1.23636E-1 1.24265E-1 1.19884E-1
8.92169E-2 9.94481E-2 9.17187E-2 8.36704E-2 9.21531E-2 1.04142E-1 1.05039E-1 9.59144E-2 8.48375E-2 8.08067E-2 8.62644E-2 9.24044E-2 9.48559E-2 9.79703E-2 1.04273E-1 9.84247E-2 1.00064E-1 1.00419E-1 1.04091E-1 1.00741E-1 1.01357E-1 1.04556E-1 1.00651E-1 9.89693E-2 9.82782E-2 9.78962E-2 9.72986E-2 9.66046E-2 9.66873E-2 9.66016E-2 9.59164E-2 9.55354E-2 1.00157E-1 1.00407E-1 1.00284E-1 1.05214E-1 1.05396E-1 1.07494E-1 1.08232E-1 1.1066E-1 1.1047E-1 1.09958E-1 1.09827E-1 1.10749E-1 1.09914E-1 1.08784E-1 1.09816E-1 1.06095E-1 1.08504E-1 1.07943E-1 1.11878E-1 1.1224E-1 1.12332E-1 1.13756E-1 1.1185E-1 1.13626E-1 1.15836E-1 1.15988E-1 1.1382E-1 1.16461E-1 1.17425E-1
