Artocarpus heterophyllus SDM files/MIS19/results (without bias file)/Arthet_5.asc
ncols         625
nrows         721
xllcorner     69.99986311115
yllcorner     5.99986187915
cellsize      0.041666667
NODATA_value  -9999
[rows 324 to 350 of 721, columns 244 to 304 of 625]
2.30867E-1 2.41894E-1 2.91086E-1 2.66517E-1 2.25833E-1 2.13691E-1 2.21147E-1 2.08794E-1 1.99789E-1 2.01308E-1 1.92815E-1 2.08922E-1 2.66919E-1 2.32416E-1 2.2527E-1 2.61642E-1 2.35345E-1 2.1033E-1 1.9583E-1 2.1318E-1 2.08706E-1 2.03127E-1 2.07407E-1 2.45033E-1 2.42305E-1 2.26726E-1 2.35836E-1 2.41528E-1 2.43226E-1 2.74614E-1 2.52383E-1 2.70921E-1 1.92447E-1 1.9309E-1 1.99153E-1 1.94977E-1 1.77687E-1 2.38016E-1 2.68184E-1 2.96132E-1 2.83528E-1 2.49273E-1 2.60195E-1 1.99577E-1 1.72214E-1 1.75735E-1 2.43719E-1 2.22245E-1 2.47285E-1 2.31305E-1 2.57097E-1 2.30901E-1 2.57097E-1 2.5116E-1 2.17151E-1 1.79874E-1 1.87929E-1 2.02154E-1 2.0613E-1 1.93837E-1 1.84251E-1
2.28646E-1 2.40427E-1 2.76921E-1 2.55038E-1 2.21704E-1 2.30959E-1 2.40135E-1 2.43425E-1 2.32631E-1 2.4591E-1 2.28288E-1 2.0659E-1 2.36946E-1 2.38926E-1 1.98631E-1 2.09268E-1 2.42542E-1 2.86173E-1 2.47076E-1 2.19079E-1 2.20691E-1 2.22762E-1 2.44211E-1 2.47629E-1 2.84094E-1 2.81057E-1 2.24425E-1 2.26896E-1 1.90117E-1 2.46847E-1 2.59781E-1 2.21045E-1 1.94303E-1 1.93625E-1 1.8088E-1 1.83198E-1 1.84355E-1 1.98683E-1 2.15042E-1 2.35407E-1 2.23488E-1 2.63293E-1 3.16555E-1 2.46942E-1 1.88252E-1 1.88289E-1 2.26013E-1 2.36369E-1 2.18136E-1 2.2273E-1 2.01317E-1 2.34898E-1 2.21328E-1 1.83302E-1 1.71266E-1 1.83697E-1 1.95422E-1 2.01628E-1 2.02013E-1 2.01358E-1 1.82874E-1
2.21819E-1 2.34891E-1 2.5185E-1 2.59389E-1 2.34968E-1 2.21528E-1 2.56398E-1 2.80889E-1 2.28461E-1 2.17956E-1 2.33758E-1 2.34845E-1 2.68013E-1 2.7833E-1 2.36857E-1 2.07514E-1 2.18723E-1 2.48309E-1 2.20675E-1 2.33799E-1 2.38009E-1 2.23985E-1 2.32437E-1 2.72113E-1 2.63037E-1 2.16326E-1 1.87565E-1 1.73312E-1 1.89266E-1 2.20411E-1 1.86505E-1 1.96655E-1 1.76154E-1 1.74624E-1 1.76946E-1 1.99375E-1 1.97235E-1 2.30043E-1 2.04746E-1 2.00207E-1 2.04595E-1 2.51909E-1 3.06394E-1 2.56142E-1 1.98189E-1 1.96725E-1 2.49544E-1 1.90788E-1 1.95975E-1 1.94504E-1 1.69637E-1 1.8153E-1 1.81947E-1 1.95902E-1 1.89369E-1 1.87726E-1 1.94484E-1 2.09128E-1 2.01908E-1 2.00983E-1 1.94749E-1
2.22379E-1 2.13715E-1 2.22209E-1 2.34537E-1 2.2037E-1 2.34452E-1 2.49394E-1 2.87011E-1 2.83056E-1 2.62172E-1 2.3811E-1 2.43256E-1 2.69986E-1 2.75522E-1 2.2771E-1 2.1465E-1 2.17312E-1 2.62834E-1 2.32045E-1 2.66616E-1 2.80278E-1 2.42464E-1 2.55038E-1 2.61452E-1 2.59343E-1 1.70285E-1 1.58027E-1 1.61904E-1 1.76923E-1 1.82175E-1 1.74934E-1 1.79621E-1 1.89623E-1 2.34036E-1 2.04264E-1 2.4799E-1 2.49434E-1 2.93128E-1 2.67029E-1 2.94962E-1 2.22452E-1 2.52936E-1 2.15636E-1 1.91157E-1 1.80676E-1 1.92693E-1 2.06976E-1 1.85412E-1 1.94449E-1 1.75129E-1 1.78071E-1 1.85029E-1 1.85473E-1 1.95255E-1 2.15758E-1 1.93386E-1 1.90894E-1 1.98963E-1 1.99781E-1 2.01099E-1 1.99068E-1
2.26841E-1 2.32019E-1 2.58252E-1 2.6044E-1 2.47348E-1 2.18603E-1 2.05359E-1 2.13447E-1 2.48068E-1 2.61339E-1 2.11252E-1 2.34474E-1 2.87246E-1 2.90721E-1 2.35639E-1 2.2293E-1 2.65577E-1 2.66863E-1 2.18216E-1 2.60108E-1 2.96535E-1 2.86997E-1 2.74039E-1 2.28599E-1 1.73942E-1 1.76871E-1 1.92478E-1 1.84066E-1 1.89699E-1 1.91158E-1 2.00353E-1 1.97995E-1 1.90644E-1 1.97162E-1 1.98676E-1 2.43315E-1 2.38784E-1 2.77309E-1 2.84419E-1 2.78531E-1 2.40785E-1 2.13889E-1 1.67126E-1 1.76888E-1 1.88112E-1 1.84058E-1 1.91696E-1 1.88136E-1 1.78609E-1 1.88343E-1 1.93007E-1 1.95105E-1 1.96161E-1 2.0297E-1 2.02054E-1 1.99075E-1 2.13748E-1 2.09047E-1 2.02418E-1 2.08941E-1 1.99609E-1
2.19607E-1 2.11484E-1 2.60259E-1 2.77642E-1 2.59539E-1 2.63702E-1 2.3628E-1 1.87233E-1 2.04435E-1 2.22153E-1 2.39316E-1 2.10365E-1 2.63477E-1 2.91851E-1 2.17781E-1 1.98083E-1 2.25543E-1 2.7425E-1 2.18757E-1 2.14391E-1 2.04792E-1 2.24417E-1 2.44685E-1 2.18971E-1 2.00106E-1 1.84149E-1 1.87829E-1 2.00624E-1 2.72923E-1 2.47743E-1 2.64679E-1 2.50181E-1 2.05527E-1 2.08331E-1 2.01801E-1 1.99839E-1 1.99776E-1 2.02046E-1 2.00008E-1 2.23696E-1 2.55192E-1 1.82348E-1 1.88147E-1 1.80585E-1 2.01555E-1 1.81903E-1 2.02891E-1 2.01053E-1 1.76864E-1 1.80353E-1 1.92665E-1 2.07432E-1 2.05956E-1 2.23211E-1 2.0786E-1 1.94055E-1 1.89074E-1 2.04562E-1 2.11154E-1 2.00395E-1 1.96786E-1
2.18679E-1 2.48426E-1 2.88379E-1 2.78137E-1 2.67684E-1 3.0121E-1 2.42818E-1 2.19441E-1 2.18539E-1 2.17093E-1 2.32145E-1 2.27545E-1 2.34791E-1 2.6281E-1 2.11358E-1 2.16368E-1 2.11702E-1 2.56669E-1 2.73666E-1 2.75611E-1 2.55216E-1 2.72681E-1 2.95991E-1 2.62885E-1 2.54475E-1 2.58997E-1 1.93177E-1 1.85532E-1 2.14451E-1 2.14645E-1 2.84204E-1 2.38673E-1 2.06611E-1 2.08251E-1 2.15319E-1 2.11801E-1 2.0053E-1 1.90831E-1 1.88768E-1 1.91539E-1 1.90203E-1 1.78667E-1 1.89294E-1 1.82561E-1 1.89327E-1 1.87932E-1 1.95082E-1 1.92932E-1 1.79458E-1 1.91305E-1 1.98992E-1 2.15228E-1 2.35267E-1 2.18842E-1 1.97877E-1 1.67035E-1 1.94555E-1 2.00221E-1 1.99801E-1 1.90732E-1 1.84759E-1
2.61462E-1 2.73112E-1 2.75514E-1 2.56782E-1 2.497E-1 2.60616E-1 2.28761E-1 2.01217E-1 2.24754E-1 2.2605E-1 2.07139E-1 2.42181E-1 2.64445E-1 2.83391E-1 2.13631E-1 2.33385E-1 2.35526E-1 2.14225E-1 2.40208E-1 2.91345E-1 2.82359E-1 2.50945E-1 2.49873E-1 1.9052E-1 1.90804E-1 1.99417E-1 1.99497E-1 2.01923E-1 1.96542E-1 1.99639E-1 2.04084E-1 2.02356E-1 2.0838E-1 2.17996E-1 2.17801E-1 2.11076E-1 2.10084E-1 1.96585E-1 1.879E-1 1.91961E-1 1.89069E-1 1.84564E-1 1.95033E-1 1.86752E-1 1.97321E-1 1.86727E-1 1.84448E-1 1.82937E-1 1.77495E-1 1.82808E-1 1.90532E-1 1.86312E-1 2.36116E-1 1.84413E-1 1.58921E-1 1.70135E-1 1.96193E-1 1.8955E-1 1.84033E-1 1.8703E-1 1.87098E-1
2.31511E-1 2.44022E-1 2.50164E-1 2.26946E-1 2.498E-1 2.36807E-1 2.19659E-1 2.09706E-1 2.03951E-1 2.1097E-1 1.92924E-1 1.87798E-1 1.97559E-1 2.45733E-1 2.41225E-1 2.63181E-1 2.73416E-1 2.7416E-1 1.98088E-1 2.30345E-1 2.67841E-1 2.64474E-1 2.03139E-1 1.83963E-1 2.01169E-1 1.91911E-1 1.97851E-1 2.03809E-1 2.05329E-1 2.04953E-1 2.07822E-1 2.16806E-1 2.04271E-1 2.10547E-1 2.14317E-1 2.06927E-1 2.12336E-1 2.0949E-1 1.916E-1 1.91251E-1 1.78342E-1 1.88712E-1 1.87261E-1 1.86576E-1 1.91371E-1 1.89803E-1 1.71906E-1 1.8528E-1 1.74904E-1 1.71018E-1 1.80156E-1 1.79806E-1 1.75247E-1 1.67052E-1 1.67224E-1 1.77212E-1 1.92794E-1 1.94018E-1 1.7932E-1 1.79475E-1 2.12632E-1
2.01137E-1 2.24046E-1 2.41802E-1 2.20542E-1 2.40185E-1 2.6892E-1 2.55422E-1 2.11803E-1 2.13644E-1 2.06956E-1 2.1761E-1 1.89999E-1 1.89885E-1 1.99679E-1 2.42708E-1 2.65437E-1 2.82705E-1 2.72416E-1 2.4716E-1 2.05577E-1 2.46846E-1 2.89606E-1 2.3141E-1 2.46866E-1 2.01908E-1 1.96599E-1 2.00764E-1 2.05342E-1 2.11611E-1 2.16525E-1 2.17288E-1 2.22804E-1 2.1569E-1 2.08127E-1 2.0744E-1 2.01408E-1 2.05912E-1 2.05912E-1 1.95312E-1 1.90339E-1 1.80253E-1 1.79153E-1 1.83384E-1 1.92956E-1 1.84017E-1 1.83948E-1 1.71101E-1 1.84112E-1 1.74407E-1 1.69628E-1 1.77428E-1 1.64797E-1 1.57053E-1 1.66785E-1 1.69732E-1 1.89217E-1 1.78185E-1 1.78666E-1 1.80963E-1 1.66936E-1 1.90679E-1
2.04021E-1 2.31822E-1 2.11915E-1 2.093E-1 2.17827E-1 2.551E-1 2.80324E-1 2.33953E-1 2.44141E-1 2.0116E-1 2.25837E-1 2.45088E-1 1.84508E-1 1.86843E-1 1.84452E-1 1.88193E-1 1.77357E-1 1.90983E-1 2.09323E-1 2.21718E-1 2.33096E-1 2.41353E-1 2.01951E-1 2.12733E-1 1.91043E-1 2.02114E-1 2.07649E-1 2.07456E-1 2.06784E-1 2.14172E-1 2.05554E-1 2.13937E-1 2.155E-1 2.03583E-1 2.00074E-1 1.95056E-1 2.02026E-1 1.92254E-1 1.89995E-1 1.90118E-1 1.89719E-1 1.79818E-1 1.74178E-1 1.8623E-1 1.69694E-1 1.88718E-1 1.73464E-1 1.72818E-1 1.70889E-1 1.665E-1 1.75967E-1 1.56586E-1 1.63296E-1 1.95849E-1 1.75595E-1 1.83989E-1 1.85782E-1 1.72996E-1 1.66096E-1 1.60696E-1 1.83316E-1
1.82105E-1 1.75023E-1 1.87427E-1 1.8618E-1 2.03932E-1 2.0648E-1 2.46741E-1 2.76401E-1 2.53758E-1 2.08532E-1 2.05729E-1 2.4038E-1 2.03379E-1 1.85939E-1 1.95069E-1 1.95618E-1 1.92603E-1 1.87744E-1 2.04173E-1 2.352E-1 2.49481E-1 2.30272E-1 2.40544E-1 2.54437E-1 1.86412E-1 2.03112E-1 2.12104E-1 2.05252E-1 2.07624E-1 1.98081E-1 2.02856E-1 2.08554E-1 2.10984E-1 2.11172E-1 1.96076E-1 1.95176E-1 1.9359E-1 1.86367E-1 1.90639E-1 1.8749E-1 1.77533E-1 1.77979E-1 1.71957E-1 1.76417E-1 1.67508E-1 1.81636E-1 1.78805E-1 1.69485E-1 1.58818E-1 1.58817E-1 1.71816E-1 1.51823E-1 1.57774E-1 1.64747E-1 1.72565E-1 1.67059E-1 1.71147E-1 1.64759E-1 1.61075E-1 1.64316E-1 1.74863E-1
2.58384E-1 2.31147E-1 2.52208E-1 2.18729E-1 2.36783E-1 2.12011E-1 2.13481E-1 2.59738E-1 2.58546E-1 2.06685E-1 2.18147E-1 2.52739E-1 2.1712E-1 1.98691E-1 1.87076E-1 1.87717E-1 2.03012E-1 2.07708E-1 2.05448E-1 2.35777E-1 2.66907E-1 2.4288E-1 2.14756E-1 2.17625E-1 1.87113E-1 1.8981E-1 1.9875E-1 2.00709E-1 2.01408E-1 1.96232E-1 2.00507E-1 2.00359E-1 1.92952E-1 2.0312E-1 2.0108E-1 1.85268E-1 1.81611E-1 1.81611E-1 1.86133E-1 1.76885E-1 1.78509E-1 1.74842E-1 1.65645E-1 1.63784E-1 1.67482E-1 1.71878E-1 1.81453E-1 1.65752E-1 1.55577E-1 1.58614E-1 1.66197E-1 1.49678E-1 1.59404E-1 1.71832E-1 1.69286E-1 1.49398E-1 1.59656E-1 1.71456E-1 1.64997E-1 1.50183E-1 1.68E-1
2.25812E-1 2.50371E-1 2.52484E-1 2.32256E-1 2.18191E-1 2.27774E-1 1.93417E-1 2.04891E-1 2.42507E-1 2.09369E-1 2.50044E-1 2.07727E-1 1.91988E-1 1.94559E-1 2.0789E-1 1.92472E-1 1.93049E-1 2.00241E-1 2.09293E-1 2.16572E-1 2.32866E-1 2.2959E-1 1.8049E-1 1.89375E-1 1.95671E-1 2.01735E-1 1.9522E-1 1.99179E-1 1.95424E-1 1.90656E-1 1.93787E-1 1.97139E-1 1.89605E-1 1.95881E-1 2.04714E-1 1.89943E-1 1.84023E-1 1.75988E-1 1.76789E-1 1.70554E-1 1.74522E-1 1.76585E-1 1.69364E-1 1.57047E-1 1.65928E-1 1.65184E-1 1.71874E-1 1.63614E-1 1.51661E-1 1.52396E-1 1.6087E-1 1.49809E-1 1.53564E-1 1.58293E-1 1.6404E-1 1.46727E-1 1.46706E-1 1.62418E-1 1.66292E-1 1.50926E-1 1.54894E-1
1.82151E-1 1.99107E-1 2.47619E-1 2.34646E-1 2.08351E-1 2.64744E-1 2.37884E-1 2.00018E-1 2.27946E-1 2.52489E-1 2.66951E-1 2.11472E-1 1.71817E-1 1.78808E-1 2.18497E-1 2.04872E-1 1.8967E-1 2.04952E-1 2.32413E-1 2.1947E-1 1.9795E-1 2.20961E-1 2.00337E-1 1.76715E-1 1.91527E-1 1.97266E-1 1.95817E-1 2.00148E-1 1.99333E-1 1.92875E-1 1.86888E-1 1.91359E-1 1.82526E-1 1.88097E-1 1.87332E-1 1.84448E-1 1.8609E-1 1.87447E-1 1.81206E-1 1.80656E-1 1.65045E-1 1.5987E-1 1.66844E-1 1.55935E-1 1.60559E-1 1.60777E-1 1.61653E-1 1.59146E-1 1.55095E-1 1.48145E-1 1.54975E-1 1.48659E-1 1.60767E-1 1.55937E-1 1.5272E-1 1.40622E-1 1.45315E-1 1.49422E-1 1.61796E-1 1.57873E-1 1.47078E-1
1.81324E-1 1.9382E-1 1.8103E-1 1.90639E-1 2.04047E-1 2.39558E-1 2.79299E-1 2.09836E-1 1.722E-1 1.99949E-1 2.45753E-1 1.99841E-1 1.53876E-1 1.87622E-1 2.39753E-1 2.01941E-1 1.88989E-1 2.23675E-1 2.46051E-1 2.08206E-1 1.5898E-1 2.02789E-1 1.99169E-1 1.78236E-1 1.79924E-1 1.91176E-1 2.01407E-1 1.98334E-1 1.96953E-1 1.95856E-1 1.93118E-1 1.82016E-1 1.74896E-1 1.81546E-1 1.75918E-1 1.82322E-1 1.80109E-1 1.73564E-1 1.75942E-1 1.79192E-1 1.69849E-1 1.58813E-1 1.63822E-1 1.60517E-1 1.56341E-1 1.54847E-1 1.5366E-1 1.57087E-1 1.51191E-1 1.55865E-1 1.50226E-1 1.36855E-1 1.44801E-1 1.47136E-1 1.53882E-1 1.42182E-1 1.35698E-1 1.37081E-1 1.55882E-1 1.53566E-1 1.45114E-1
1.83243E-1 1.89014E-1 1.66111E-1 1.93602E-1 2.1569E-1 2.06519E-1 2.36517E-1 1.89781E-1 1.64361E-1 2.11802E-1 2.43127E-1 2.10278E-1 1.58762E-1 1.85211E-1 2.27264E-1 2.09344E-1 1.95525E-1 2.19866E-1 2.24933E-1 2.17887E-1 1.57858E-1 1.75168E-1 1.81289E-1 1.82714E-1 1.80143E-1 1.91813E-1 1.84093E-1 1.96241E-1 1.91946E-1 1.91352E-1 1.93097E-1 1.93376E-1 1.81821E-1 1.70529E-1 1.7012E-1 1.71842E-1 1.67234E-1 1.67381E-1 1.62888E-1 1.69814E-1 1.66229E-1 1.62943E-1 1.57511E-1 1.55471E-1 1.5148E-1 1.53184E-1 1.43455E-1 1.49936E-1 1.42102E-1 1.48387E-1 1.5409E-1 1.39799E-1 1.33708E-1 1.40612E-1 1.53207E-1 1.51183E-1 1.35698E-1 1.37052E-1 1.501E-1 1.47161E-1 1.37033E-1
1.98886E-1 1.83183E-1 1.88189E-1 2.0498E-1 2.47132E-1 2.00857E-1 2.49041E-1 2.18244E-1 1.62227E-1 1.90223E-1 2.34258E-1 2.19119E-1 1.48615E-1 1.60061E-1 2.16537E-1 2.19867E-1 1.94355E-1 2.02814E-1 2.01106E-1 1.79421E-1 1.7988E-1 1.75818E-1 1.85967E-1 1.91114E-1 1.92037E-1 1.90431E-1 1.86452E-1 1.8125E-1 1.98938E-1 1.87735E-1 1.78383E-1 1.88506E-1 1.80082E-1 1.7068E-1 1.70289E-1 1.71767E-1 1.67283E-1 1.59933E-1 1.58908E-1 1.62474E-1 1.66755E-1 1.53327E-1 1.52583E-1 1.59961E-1 1.66598E-1 1.61214E-1 1.53087E-1 1.51709E-1 1.36666E-1 1.56773E-1 1.5147E-1 1.4866E-1 1.35383E-1 1.37683E-1 1.52237E-1 1.44607E-1 1.35904E-1 1.39572E-1 1.48152E-1 1.49393E-1 1.43687E-1
1.88716E-1 1.98608E-1 1.92876E-1 1.8193E-1 1.72758E-1 1.74829E-1 1.99277E-1 1.70081E-1 2.14235E-1 2.15255E-1 2.34845E-1 1.90689E-1 1.55836E-1 1.82674E-1 2.01334E-1 2.14706E-1 2.01832E-1 2.15932E-1 1.92779E-1 1.82938E-1 1.76264E-1 1.74576E-1 1.82881E-1 1.91914E-1 1.99852E-1 1.92511E-1 1.85274E-1 1.76876E-1 1.81675E-1 1.80854E-1 1.7708E-1 1.87338E-1 1.85211E-1 1.78381E-1 1.69176E-1 1.58637E-1 1.60057E-1 1.58146E-1 1.53376E-1 1.56864E-1 1.5053E-1 1.53021E-1 1.61856E-1 1.6413E-1 1.50323E-1 1.52014E-1 1.45222E-1 1.43642E-1 1.36666E-1 1.37547E-1 1.38565E-1 1.44052E-1 1.36679E-1 1.39378E-1 1.42742E-1 1.46946E-1 1.40759E-1 1.44399E-1 1.41652E-1 1.46838E-1 1.55259E-1
1.95624E-1 1.95658E-1 1.88684E-1 1.87895E-1 1.79839E-1 1.71813E-1 1.77459E-1 1.98729E-1 2.45262E-1 2.32167E-1 2.46468E-1 1.82422E-1 1.59113E-1 1.9313E-1 2.13258E-1 2.11382E-1 2.29578E-1 2.1013E-1 1.86097E-1 1.82464E-1 2.04581E-1 1.67595E-1 1.82797E-1 1.78135E-1 1.86445E-1 1.85E-1 1.89535E-1 1.76553E-1 1.78928E-1 1.77573E-1 1.7507E-1 1.71211E-1 1.80109E-1 1.74064E-1 1.74081E-1 1.65102E-1 1.58995E-1 1.59915E-1 1.65309E-1 1.61042E-1 1.58842E-1 1.59697E-1 1.61097E-1 1.51385E-1 1.46107E-1 1.4592E-1 1.48401E-1 1.4882E-1 1.45323E-1 1.41447E-1 1.34435E-1 1.31308E-1 1.41017E-1 1.39378E-1 1.45911E-1 1.47967E-1 1.46525E-1 1.46738E-1 1.50809E-1 1.53826E-1 1.58347E-1
1.9922E-1 2.02835E-1 2.06714E-1 1.92874E-1 1.94169E-1 2.10286E-1 1.88954E-1 2.17268E-1 2.64655E-1 2.28465E-1 2.2809E-1 1.52516E-1 1.68868E-1 2.17951E-1 2.17121E-1 2.0455E-1 2.33909E-1 2.04069E-1 1.78215E-1 1.67371E-1 1.93659E-1 1.75261E-1 1.76335E-1 1.75017E-1 1.80901E-1 1.82798E-1 1.89603E-1 1.8933E-1 1.76317E-1 1.74666E-1 1.70507E-1 1.74158E-1 1.71223E-1 1.70577E-1 1.55796E-1 1.55643E-1 1.56705E-1 1.58871E-1 1.65201E-1 1.7091E-1 1.59242E-1 1.60205E-1 1.53465E-1 1.44115E-1 1.42916E-1 1.56359E-1 1.56069E-1 1.44927E-1 1.36968E-1 1.40651E-1 1.3633E-1 1.38317E-1 1.42364E-1 1.41654E-1 1.33624E-1 1.41203E-1 1.34844E-1 1.3533E-1 1.44656E-1 1.41983E-1 1.50064E-1
1.90547E-1 2.03012E-1 2.03382E-1 2.01836E-1 2.05768E-1 2.05863E-1 1.80109E-1 1.941E-1 2.48194E-1 2.51359E-1 2.34629E-1 1.46792E-1 1.65617E-1 2.2061E-1 2.43913E-1 2.0407E-1 2.3417E-1 1.86109E-1 1.80004E-1 1.75032E-1 1.87035E-1 1.82765E-1 1.76052E-1 2.03352E-1 1.84031E-1 1.78093E-1 1.81561E-1 1.8036E-1 1.77898E-1 1.72883E-1 1.67983E-1 1.65907E-1 1.6483E-1 1.66146E-1 1.61263E-1 1.61898E-1 1.5978E-1 1.69198E-1 1.61344E-1 1.68624E-1 1.5975E-1 1.50458E-1 1.43603E-1 1.54233E-1 1.48263E-1 1.60529E-1 1.4945E-1 1.35682E-1 1.41206E-1 1.45266E-1 1.47571E-1 1.45487E-1 1.40802E-1 1.5171E-1 1.47836E-1 1.3947E-1 1.46798E-1 1.51585E-1 1.42736E-1 1.42035E-1 1.47533E-1
2.07992E-1 2.20387E-1 2.0154E-1 1.96151E-1 1.91017E-1 1.87522E-1 1.74217E-1 1.8413E-1 1.76068E-1 2.18539E-1 2.68203E-1 1.61078E-1 1.88106E-1 2.147E-1 2.5128E-1 2.1253E-1 2.23273E-1 1.84164E-1 1.84255E-1 1.90186E-1 2.05289E-1 1.92787E-1 2.0116E-1 2.05374E-1 1.82362E-1 1.77856E-1 1.72903E-1 1.80224E-1 1.6893E-1 1.65765E-1 1.69856E-1 1.62906E-1 1.64509E-1 1.64135E-1 1.53617E-1 1.58377E-1 1.53553E-1 1.59856E-1 1.71893E-1 1.61693E-1 1.4934E-1 1.50178E-1 1.58733E-1 1.46312E-1 1.50313E-1 1.50306E-1 1.40458E-1 1.37251E-1 1.52333E-1 1.45539E-1 1.44261E-1 1.44669E-1 1.50892E-1 1.54348E-1 1.64557E-1 1.55863E-1 1.39759E-1 1.52511E-1 1.55469E-1 1.49633E-1 1.40382E-1
2.11915E-1 2.27289E-1 2.16403E-1 2.03975E-1 1.99059E-1 1.92946E-1 1.79139E-1 1.70984E-1 1.67328E-1 1.85606E-1 2.00001E-1 1.64957E-1 1.92246E-1 2.1521E-1 2.57666E-1 1.88387E-1 1.8643E-1 1.81448E-1 1.91021E-1 1.75843E-1 1.90327E-1 2.11639E-1 2.15908E-1 2.14387E-1 2.11151E-1 1.75715E-1 1.7306E-1 1.68949E-1 1.76768E-1 1.65341E-1 1.74908E-1 1.72004E-1 1.76672E-1 1.70328E-1 1.54724E-1 1.49188E-1 1.57653E-1 1.63331E-1 1.65419E-1 1.58674E-1 1.60606E-1 1.53835E-1 1.49303E-1 1.49806E-1 1.50779E-1 1.46085E-1 1.43982E-1 1.46014E-1 1.52489E-1 1.47638E-1 1.52001E-1 1.43662E-1 1.56446E-1 1.56867E-1 1.68421E-1 1.56558E-1 1.64626E-1 1.49689E-1 1.78792E-1 1.63308E-1 1.51173E-1
2.07237E-1 2.1894E-1 2.01713E-1 2.04636E-1 1.88943E-1 1.92845E-1 1.88659E-1 2.04635E-1 1.88053E-1 1.93105E-1 1.83696E-1 2.1293E-1 2.04525E-1 2.22008E-1 2.60156E-1 1.89138E-1 1.86347E-1 1.88211E-1 1.92226E-1 1.96396E-1 1.9038E-1 2.00262E-1 2.09034E-1 2.22549E-1 2.21687E-1 1.92184E-1 1.86894E-1 1.70684E-1 1.64255E-1 1.71447E-1 1.78162E-1 1.78971E-1 1.73699E-1 1.65482E-1 1.53422E-1 1.48585E-1 1.57947E-1 1.57395E-1 1.58122E-1 1.68767E-1 1.6891E-1 1.52542E-1 1.55581E-1 1.54603E-1 1.42747E-1 1.47211E-1 1.52849E-1 1.5355E-1 1.54414E-1 1.48198E-1 1.39379E-1 1.43942E-1 1.69457E-1 1.86452E-1 1.72177E-1 1.53877E-1 1.68923E-1 1.56154E-1 1.6467E-1 1.94533E-1 1.75E-1
2.12675E-1 1.95503E-1 2.03564E-1 2.06338E-1 2.01243E-1 1.86933E-1 1.8735E-1 2.09904E-1 2.08959E-1 2.07613E-1 2.25962E-1 2.2706E-1 2.14454E-1 2.38136E-1 2.22849E-1 1.83988E-1 1.88754E-1 1.71847E-1 1.92268E-1 1.9917E-1 1.99662E-1 1.94571E-1 2.02227E-1 1.96226E-1 2.13855E-1 2.08369E-1 1.80493E-1 1.66836E-1 1.64322E-1 1.65104E-1 1.76992E-1 1.74974E-1 1.62753E-1 1.52851E-1 1.55012E-1 1.5285E-1 1.5418E-1 1.61341E-1 1.67161E-1 1.67889E-1 1.73363E-1 1.54553E-1 1.5484E-1 1.48899E-1 1.40333E-1 1.48723E-1 1.50555E-1 1.53267E-1 1.54702E-1 1.4291E-1 1.54899E-1 1.75133E-1 1.84798E-1 1.74481E-1 1.7522E-1 1.84369E-1 1.57641E-1 1.64517E-1 1.47985E-1 1.66386E-1 1.94058E-1
2.04202E-1 1.95921E-1 2.07831E-1 2.08353E-1 2.01289E-1 1.84047E-1 1.78813E-1 1.98644E-1 2.01923E-1 2.03002E-1 2.15827E-1 2.06832E-1 2.03213E-1 2.15311E-1 1.82277E-1 1.97995E-1 1.81503E-1 1.83183E-1 1.90313E-1 2.00445E-1 1.99553E-1 1.95282E-1 1.95282E-1 1.96701E-1 1.91707E-1 1.89973E-1 1.97706E-1 1.69992E-1 1.60872E-1 1.59208E-1 1.77604E-1 1.70068E-1 1.62293E-1 1.51281E-1 1.55402E-1 1.55168E-1 1.54109E-1 1.56788E-1 1.60365E-1 1.62158E-1 1.69008E-1 1.67573E-1 1.62858E-1 1.51444E-1 1.43847E-1 1.52943E-1 1.51143E-1 1.50684E-1 1.50889E-1 1.52307E-1 1.63024E-1 1.94739E-1 1.87953E-1 1.51414E-1 1.73049E-1 1.95856E-1 2.01075E-1 1.99913E-1 1.38387E-1 1.5962E-1 1.97101E-1
