Artocarpus heterophyllus SDM files/MIS19/results (without bias file)/Arthet_9.asc
ncols         625
nrows         721
xllcorner     69.99986311115
yllcorner     5.99986187915
cellsize      0.041666667
NODATA_value  -9999
[rows 243 to 269 of 721, columns 122 to 182 of 625]
5.03635E-2 5.1835E-2 5.59015E-2 5.17348E-2 5.88655E-2 6.10277E-2 5.63066E-2 6.18792E-2 7.50991E-2 6.18773E-2 6.26427E-2 6.65111E-2 7.27298E-2 6.91311E-2 7.27165E-2 7.44891E-2 7.19594E-2 7.08665E-2 7.25418E-2 7.58675E-2 7.80281E-2 7.77227E-2 7.81353E-2 8.74629E-2 8.75435E-2 8.62642E-2 8.90079E-2 8.95906E-2 9.26965E-2 1.07795E-1 1.00971E-1 1.03866E-1 8.32688E-2 9.35093E-2 8.92611E-2 8.97066E-2 8.90405E-2 9.32757E-2 9.02326E-2 9.19297E-2 9.59839E-2 1.00422E-1 1.02642E-1 9.9289E-2 1.04943E-1 1.05673E-1 1.05536E-1 9.52258E-2 8.98253E-2 7.02601E-2 8.50381E-2 7.87184E-2 7.75454E-2 8.53821E-2 9.21988E-2 9.74128E-2 9.99459E-2 9.70915E-2 8.48047E-2 7.79741E-2 7.51828E-2
4.975E-2 5.1125E-2 5.32249E-2 5.65438E-2 5.49125E-2 5.67209E-2 5.75514E-2 6.65066E-2 6.69592E-2 6.03845E-2 6.49752E-2 6.92157E-2 7.29285E-2 6.83887E-2 7.20285E-2 7.37472E-2 7.16455E-2 7.17785E-2 7.26094E-2 7.50772E-2 7.51401E-2 7.82024E-2 8.09544E-2 8.25477E-2 8.12108E-2 8.34641E-2 8.51872E-2 8.79576E-2 9.35093E-2 1.07056E-1 9.39771E-2 9.03209E-2 8.48447E-2 8.80149E-2 9.29167E-2 9.04974E-2 9.76115E-2 9.94025E-2 9.7269E-2 9.37522E-2 9.79339E-2 1.00493E-1 1.0934E-1 1.0081E-1 1.07041E-1 1.09065E-1 1.08992E-1 1.05389E-1 1.02959E-1 6.9269E-2 8.16788E-2 8.01339E-2 8.54417E-2 8.75708E-2 9.5125E-2 1.01077E-1 1.02092E-1 8.94716E-2 7.9397E-2 7.47163E-2 7.67715E-2
5.04506E-2 4.87746E-2 4.99186E-2 5.81817E-2 5.76128E-2 5.22228E-2 5.84952E-2 6.48977E-2 6.43876E-2 6.27078E-2 6.86079E-2 7.44402E-2 7.19787E-2 6.67094E-2 7.28913E-2 7.43756E-2 7.15934E-2 7.28709E-2 7.40742E-2 7.39127E-2 7.72991E-2 8.19233E-2 8.02516E-2 7.76349E-2 7.71017E-2 8.13156E-2 8.4816E-2 8.63827E-2 8.97773E-2 1.10881E-1 9.1793E-2 8.68974E-2 8.5881E-2 8.93872E-2 9.1338E-2 9.85557E-2 1.0243E-1 9.84204E-2 9.39563E-2 9.38574E-2 1.00928E-1 1.0481E-1 1.08773E-1 1.07206E-1 1.01171E-1 1.09535E-1 1.09146E-1 1.10251E-1 9.45542E-2 6.98236E-2 7.06741E-2 8.80379E-2 8.81381E-2 9.23896E-2 9.79303E-2 1.03722E-1 1.00319E-1 8.51073E-2 7.71404E-2 7.40513E-2 8.19581E-2
5.5406E-2 5.48954E-2 5.81748E-2 6.87295E-2 5.42735E-2 5.47684E-2 6.37061E-2 6.62628E-2 6.30234E-2 6.60392E-2 7.0172E-2 6.76756E-2 6.78221E-2 7.19518E-2 7.49402E-2 7.6564E-2 7.49121E-2 7.49706E-2 7.36984E-2 8.05225E-2 8.02158E-2 8.46532E-2 8.35127E-2 7.77072E-2 7.6299E-2 7.85597E-2 9.56355E-2 8.31079E-2 8.16622E-2 9.81817E-2 8.51653E-2 9.01503E-2 9.1049E-2 9.63018E-2 8.95964E-2 1.01674E-1 1.0243E-1 9.52972E-2 9.01272E-2 9.84129E-2 1.0686E-1 1.06405E-1 1.08413E-1 1.13029E-1 1.08008E-1 1.07072E-1 1.09579E-1 1.07768E-1 9.68415E-2 7.34633E-2 6.84845E-2 8.25915E-2 9.67406E-2 9.42812E-2 1.00822E-1 1.02595E-1 9.77194E-2 8.68841E-2 7.65302E-2 7.7374E-2 8.65084E-2
5.40342E-2 5.70786E-2 5.74927E-2 5.80644E-2 6.00029E-2 6.16979E-2 6.55422E-2 7.11454E-2 6.57078E-2 6.45356E-2 6.46231E-2 6.38011E-2 6.60499E-2 7.57413E-2 7.65497E-2 7.73663E-2 7.35018E-2 7.58381E-2 8.04239E-2 8.14612E-2 8.81444E-2 8.12372E-2 8.37326E-2 8.54721E-2 8.14926E-2 8.72837E-2 8.995E-2 7.78049E-2 8.26434E-2 8.59185E-2 8.47403E-2 9.13751E-2 9.43846E-2 8.90108E-2 9.04673E-2 1.01553E-1 1.0118E-1 9.23975E-2 9.11985E-2 9.91676E-2 1.09153E-1 1.11297E-1 1.10034E-1 1.11214E-1 1.08188E-1 1.10259E-1 1.08996E-1 1.07483E-1 1.01077E-1 7.32437E-2 6.79491E-2 7.9643E-2 9.99162E-2 9.86153E-2 1.04479E-1 1.00089E-1 8.95192E-2 8.23593E-2 7.8202E-2 8.14275E-2 8.80198E-2
5.82584E-2 5.56593E-2 5.49148E-2 5.44634E-2 5.75341E-2 6.7465E-2 7.14557E-2 6.94274E-2 6.30942E-2 6.38086E-2 6.2992E-2 6.65098E-2 6.6646E-2 6.78314E-2 7.18049E-2 7.50718E-2 7.43936E-2 7.50272E-2 7.99116E-2 8.16564E-2 8.57772E-2 8.06588E-2 8.31417E-2 8.77465E-2 9.38672E-2 9.1784E-2 8.40942E-2 7.97456E-2 9.04695E-2 8.14711E-2 8.80886E-2 9.25795E-2 9.1746E-2 8.45242E-2 9.6223E-2 9.84644E-2 1.01687E-1 9.46034E-2 9.20529E-2 9.93194E-2 1.08084E-1 1.13943E-1 1.1334E-1 1.11548E-1 1.09711E-1 1.13376E-1 1.09924E-1 1.02067E-1 1.06361E-1 8.92132E-2 6.7948E-2 7.86621E-2 9.2635E-2 1.03491E-1 1.03707E-1 9.87104E-2 8.89183E-2 8.00677E-2 8.04474E-2 8.62875E-2 8.86909E-2
5.65817E-2 5.55901E-2 5.266E-2 5.5428E-2 6.13609E-2 7.11692E-2 7.04022E-2 6.18097E-2 6.24582E-2 6.3214E-2 6.67286E-2 6.61126E-2 6.71432E-2 6.95292E-2 6.95051E-2 7.15678E-2 7.71018E-2 7.27252E-2 7.53188E-2 8.12791E-2 8.32385E-2 8.3501E-2 8.97694E-2 9.15088E-2 9.54464E-2 7.6705E-2 8.04523E-2 8.89799E-2 9.61603E-2 9.71307E-2 9.39986E-2 9.20613E-2 9.1261E-2 8.58683E-2 9.43807E-2 9.79978E-2 1.01427E-1 1.0089E-1 8.90724E-2 9.86764E-2 1.06687E-1 1.10921E-1 1.14268E-1 1.15457E-1 1.12968E-1 1.14405E-1 1.10341E-1 1.03717E-1 1.04448E-1 7.82297E-2 6.92777E-2 8.30136E-2 1.03012E-1 1.04258E-1 1.05741E-1 9.51224E-2 8.8836E-2 8.39629E-2 8.3407E-2 8.39967E-2 9.06944E-2
5.17979E-2 5.33029E-2 5.50828E-2 5.99895E-2 6.67373E-2 6.7127E-2 6.65513E-2 6.31388E-2 6.24124E-2 6.33198E-2 6.87248E-2 6.75458E-2 6.76603E-2 7.0708E-2 7.04999E-2 7.0783E-2 7.20876E-2 7.35073E-2 7.34587E-2 7.49742E-2 8.59319E-2 8.90801E-2 9.3364E-2 8.29544E-2 7.69908E-2 7.41266E-2 8.25685E-2 8.65762E-2 9.44592E-2 1.00857E-1 9.70675E-2 9.09483E-2 8.74671E-2 8.6368E-2 8.94362E-2 9.92507E-2 1.01341E-1 1.0306E-1 9.07656E-2 9.27295E-2 1.08437E-1 1.11612E-1 1.13402E-1 1.16561E-1 1.15356E-1 1.14799E-1 1.10952E-1 1.063E-1 1.02058E-1 7.56583E-2 6.97126E-2 8.1818E-2 1.06598E-1 1.09761E-1 1.06997E-1 9.53053E-2 9.59254E-2 8.73163E-2 8.29767E-2 8.08716E-2 9.01471E-2
6.10292E-2 5.6914E-2 6.50553E-2 7.12321E-2 6.80374E-2 6.77797E-2 5.8803E-2 6.18426E-2 6.43979E-2 6.44221E-2 6.55906E-2 6.83114E-2 6.9405E-2 7.12832E-2 7.38774E-2 7.7265E-2 7.92965E-2 7.23857E-2 7.23003E-2 7.46348E-2 8.11483E-2 8.85498E-2 8.6E-2 7.61007E-2 7.93267E-2 8.38676E-2 8.75024E-2 8.96057E-2 9.03064E-2 1.02535E-1 1.02535E-1 9.37139E-2 9.7378E-2 9.15171E-2 8.59017E-2 9.63722E-2 1.01215E-1 1.00928E-1 9.55201E-2 9.54011E-2 1.02569E-1 1.12517E-1 1.14359E-1 1.16901E-1 1.13278E-1 1.16163E-1 1.15511E-1 1.10293E-1 1.01539E-1 7.17444E-2 7.07564E-2 8.30607E-2 1.07959E-1 1.12607E-1 1.07518E-1 9.83134E-2 9.80993E-2 9.15638E-2 8.18642E-2 8.488E-2 8.54098E-2
5.91737E-2 6.15921E-2 6.56958E-2 6.88491E-2 7.04862E-2 6.00617E-2 5.69216E-2 6.55368E-2 6.42204E-2 6.43618E-2 6.65537E-2 6.81731E-2 7.03476E-2 8.24703E-2 9.46166E-2 7.85077E-2 7.65791E-2 6.89917E-2 7.16342E-2 7.71655E-2 8.20304E-2 8.0423E-2 7.90539E-2 8.2406E-2 8.64427E-2 8.62931E-2 8.54604E-2 8.52497E-2 9.33366E-2 9.82061E-2 9.94646E-2 1.01083E-1 9.28708E-2 9.31128E-2 8.98344E-2 9.84339E-2 9.47462E-2 9.51591E-2 9.87569E-2 1.01081E-1 1.02536E-1 1.09198E-1 1.14319E-1 1.15041E-1 1.14944E-1 1.17095E-1 1.11966E-1 1.07415E-1 1.02564E-1 7.05879E-2 7.02677E-2 8.72743E-2 1.0767E-1 1.10432E-1 1.07355E-1 9.89806E-2 9.98067E-2 9.83252E-2 8.8786E-2 8.94149E-2 8.75891E-2
6.71092E-2 6.68177E-2 6.46669E-2 7.02261E-2 6.4373E-2 5.81417E-2 5.99344E-2 6.44173E-2 6.6302E-2 6.91093E-2 6.72088E-2 6.60119E-2 7.20496E-2 8.37622E-2 8.71289E-2 7.17762E-2 6.97759E-2 7.48659E-2 8.05446E-2 7.66095E-2 7.59811E-2 8.1805E-2 8.47072E-2 8.41507E-2 8.4981E-2 8.30608E-2 8.1011E-2 8.82836E-2 9.60096E-2 9.41693E-2 1.03719E-1 9.91814E-2 9.12986E-2 8.9526E-2 9.07886E-2 9.2679E-2 9.17732E-2 9.36045E-2 9.63309E-2 1.00063E-1 1.04631E-1 1.0769E-1 1.13532E-1 1.11211E-1 1.15194E-1 1.19064E-1 1.14718E-1 1.10109E-1 1.0959E-1 7.51837E-2 7.04857E-2 8.69775E-2 1.07195E-1 1.1307E-1 1.12419E-1 9.94507E-2 9.94711E-2 1.03294E-1 9.58558E-2 9.54561E-2 9.42178E-2
7.52677E-2 7.06394E-2 6.59172E-2 5.98319E-2 6.12627E-2 5.86423E-2 6.38026E-2 6.73906E-2 7.95957E-2 8.94845E-2 6.22337E-2 6.57673E-2 7.6167E-2 7.65914E-2 7.02601E-2 7.13737E-2 7.34155E-2 7.4773E-2 7.90328E-2 7.78239E-2 7.78988E-2 8.24427E-2 8.11075E-2 8.06176E-2 8.31791E-2 8.02027E-2 8.85612E-2 8.82583E-2 9.80917E-2 9.35331E-2 1.03591E-1 9.87001E-2 9.35474E-2 8.68938E-2 8.87003E-2 8.75467E-2 9.5597E-2 9.56864E-2 9.58841E-2 1.00032E-1 1.07197E-1 1.06184E-1 1.13769E-1 1.12144E-1 1.14761E-1 1.16697E-1 1.16221E-1 1.11052E-1 1.08085E-1 7.44703E-2 7.0615E-2 9.09295E-2 1.07942E-1 1.16473E-1 1.08376E-1 9.58749E-2 1.00747E-1 9.88474E-2 9.52519E-2 9.6337E-2 9.83177E-2
6.99433E-2 7.77108E-2 6.93431E-2 6.21584E-2 6.01644E-2 6.36765E-2 6.69411E-2 7.64901E-2 9.03747E-2 7.08715E-2 5.95412E-2 6.54304E-2 7.54254E-2 7.36894E-2 7.42744E-2 7.47447E-2 7.54358E-2 7.88869E-2 7.67075E-2 7.76311E-2 7.94041E-2 8.07887E-2 8.08715E-2 8.06943E-2 8.30759E-2 7.98919E-2 8.85688E-2 8.75726E-2 9.87043E-2 9.21166E-2 1.02575E-1 1.05776E-1 9.86701E-2 8.76556E-2 8.68921E-2 8.9931E-2 8.94281E-2 9.74253E-2 9.57654E-2 1.01089E-1 1.08898E-1 1.0754E-1 1.12926E-1 1.13879E-1 1.16796E-1 1.16165E-1 1.1718E-1 1.12965E-1 1.09755E-1 8.56508E-2 6.9456E-2 8.47279E-2 1.0541E-1 1.0934E-1 1.02702E-1 1.08204E-1 1.04142E-1 1.05616E-1 9.93799E-2 9.96075E-2 9.57095E-2
7.28951E-2 7.63796E-2 6.57154E-2 5.89897E-2 6.41036E-2 6.99878E-2 7.09413E-2 8.24003E-2 7.67016E-2 5.67752E-2 6.34978E-2 6.6252E-2 7.01936E-2 7.26538E-2 7.43913E-2 7.50276E-2 7.72579E-2 7.92598E-2 7.9627E-2 8.01381E-2 7.96582E-2 8.05941E-2 7.94671E-2 8.08289E-2 8.36954E-2 8.26629E-2 8.79591E-2 9.7517E-2 9.83686E-2 9.18022E-2 9.79419E-2 1.06662E-1 9.88545E-2 9.53002E-2 8.69892E-2 8.62317E-2 1.00065E-1 8.92948E-2 9.24304E-2 1.01459E-1 1.07834E-1 1.10761E-1 1.08219E-1 1.12526E-1 1.15746E-1 1.147E-1 1.17199E-1 1.18422E-1 1.07483E-1 8.15091E-2 6.85004E-2 7.97679E-2 9.9276E-2 1.10274E-1 1.1173E-1 1.1114E-1 1.04696E-1 1.07842E-1 1.02018E-1 9.87025E-2 8.95245E-2
7.42284E-2 7.83878E-2 7.5978E-2 6.29623E-2 6.58815E-2 7.06299E-2 7.4493E-2 7.21902E-2 5.82608E-2 6.64824E-2 6.1998E-2 6.40517E-2 6.8064E-2 7.14957E-2 7.34576E-2 7.5217E-2 7.59143E-2 7.72414E-2 7.95588E-2 8.0778E-2 8.13816E-2 8.10254E-2 7.88299E-2 8.07132E-2 8.25798E-2 8.00084E-2 8.18594E-2 9.4746E-2 9.48354E-2 9.55082E-2 9.6553E-2 1.05308E-1 9.9902E-2 9.86282E-2 8.92852E-2 8.6897E-2 1.0186E-1 9.48681E-2 9.49326E-2 1.03512E-1 1.06551E-1 1.10127E-1 1.10229E-1 1.10762E-1 1.15895E-1 1.14177E-1 1.17792E-1 1.17127E-1 1.05305E-1 8.27029E-2 6.94801E-2 7.79985E-2 9.82355E-2 1.14113E-1 1.1465E-1 1.10767E-1 1.06194E-1 1.06645E-1 1.08024E-1 9.82261E-2 8.77228E-2
7.11847E-2 7.56713E-2 7.3502E-2 8.0155E-2 6.26573E-2 7.05677E-2 7.85765E-2 6.31829E-2 6.02414E-2 5.98209E-2 6.16528E-2 6.28946E-2 6.39019E-2 7.10436E-2 6.98056E-2 7.29052E-2 7.47461E-2 7.70598E-2 7.96582E-2 8.0394E-2 8.13578E-2 8.15364E-2 8.10018E-2 8.72108E-2 8.70929E-2 8.10446E-2 8.468E-2 9.3401E-2 9.25032E-2 9.96007E-2 9.9169E-2 1.01977E-1 1.00266E-1 9.74799E-2 9.55057E-2 9.40627E-2 9.80544E-2 9.9534E-2 9.57834E-2 1.00183E-1 1.06244E-1 1.10749E-1 1.12659E-1 1.12775E-1 1.1488E-1 1.14134E-1 1.16766E-1 1.1889E-1 1.13343E-1 8.98267E-2 7.10238E-2 7.55476E-2 9.17579E-2 1.16306E-1 1.12505E-1 1.05458E-1 1.06359E-1 1.08024E-1 1.10095E-1 9.6261E-2 9.26782E-2
7.92354E-2 7.28337E-2 6.92497E-2 7.14961E-2 7.4576E-2 8.22964E-2 6.84308E-2 6.1906E-2 6.1773E-2 5.80582E-2 6.13675E-2 6.2267E-2 6.35492E-2 6.53985E-2 6.80754E-2 7.33835E-2 7.20859E-2 7.38465E-2 7.70046E-2 7.94609E-2 7.97113E-2 7.94609E-2 8.41387E-2 8.63445E-2 8.8615E-2 9.08775E-2 8.54397E-2 8.904E-2 9.50155E-2 1.01191E-1 1.0115E-1 9.62563E-2 9.80324E-2 9.8012E-2 9.85286E-2 9.70465E-2 9.2761E-2 1.02881E-1 9.84239E-2 1.02959E-1 1.06894E-1 1.09535E-1 1.09426E-1 1.12019E-1 1.14155E-1 1.14473E-1 1.15897E-1 1.19103E-1 1.1427E-1 9.17271E-2 7.41657E-2 7.46415E-2 8.63831E-2 1.10327E-1 1.15348E-1 1.13098E-1 1.09156E-1 1.0799E-1 1.06505E-1 9.39108E-2 8.73586E-2
8.79299E-2 7.86005E-2 8.67081E-2 7.3981E-2 9.2051E-2 7.74783E-2 6.89874E-2 6.51516E-2 6.61315E-2 6.43895E-2 6.19638E-2 6.15025E-2 6.32278E-2 6.45064E-2 6.58563E-2 7.01353E-2 7.08452E-2 6.91752E-2 7.49878E-2 7.58074E-2 7.90903E-2 8.5276E-2 8.61793E-2 8.69343E-2 8.41609E-2 8.3607E-2 8.59925E-2 8.9863E-2 9.21161E-2 9.73967E-2 9.6765E-2 9.42765E-2 9.82946E-2 9.51162E-2 1.00311E-1 9.81982E-2 9.39888E-2 1.00074E-1 1.02174E-1 1.03421E-1 1.0727E-1 1.07956E-1 1.08409E-1 1.10746E-1 1.12375E-1 1.14931E-1 1.16047E-1 1.19068E-1 1.1794E-1 1.09638E-1 8.4017E-2 7.30461E-2 8.2505E-2 1.03081E-1 1.17753E-1 1.12252E-1 1.13333E-1 1.05585E-1 1.07038E-1 1.03431E-1 8.68927E-2
7.19264E-2 8.17964E-2 9.02943E-2 8.33514E-2 8.52704E-2 6.90955E-2 7.03746E-2 7.41057E-2 6.91236E-2 8.30437E-2 7.40057E-2 6.25254E-2 6.40548E-2 6.44419E-2 6.71408E-2 6.69452E-2 6.93073E-2 7.073E-2 7.21924E-2 7.12783E-2 7.47637E-2 8.27684E-2 9.1429E-2 8.93773E-2 8.26412E-2 8.34436E-2 9.09063E-2 8.61547E-2 9.1642E-2 9.71557E-2 1.00782E-1 9.59503E-2 9.73624E-2 9.68549E-2 9.95883E-2 1.01733E-1 9.89106E-2 1.02101E-1 1.03917E-1 1.06907E-1 1.07592E-1 1.08737E-1 1.10589E-1 1.10237E-1 1.14747E-1 1.15685E-1 1.15031E-1 1.12592E-1 1.14079E-1 1.11295E-1 8.97456E-2 7.11907E-2 7.99959E-2 8.81557E-2 1.00584E-1 1.13313E-1 1.12362E-1 1.06187E-1 1.08076E-1 1.08695E-1 9.20644E-2
9.21063E-2 8.94052E-2 8.84061E-2 8.03554E-2 7.77562E-2 7.80473E-2 7.25994E-2 7.0879E-2 7.18159E-2 7.93314E-2 7.66485E-2 7.38526E-2 7.01863E-2 6.71854E-2 6.74397E-2 6.67711E-2 6.97315E-2 7.0542E-2 7.2109E-2 7.02893E-2 6.9776E-2 7.63082E-2 8.90723E-2 9.05891E-2 8.34185E-2 9.0879E-2 9.27657E-2 9.03392E-2 8.96388E-2 9.45103E-2 1.0194E-1 1.01596E-1 1.0467E-1 9.93312E-2 9.86967E-2 1.0193E-1 1.00046E-1 1.09789E-1 1.10826E-1 1.13778E-1 1.09416E-1 1.0837E-1 1.11021E-1 1.10197E-1 1.12768E-1 1.16617E-1 1.14934E-1 1.16027E-1 1.12309E-1 1.08043E-1 1.08918E-1 7.89608E-2 7.49913E-2 8.96563E-2 1.01919E-1 1.02679E-1 1.07706E-1 1.05988E-1 1.09014E-1 1.10601E-1 9.67802E-2
1.07527E-1 9.21524E-2 8.30199E-2 7.58353E-2 7.41292E-2 7.62213E-2 7.9641E-2 7.97566E-2 8.12061E-2 7.05569E-2 7.28091E-2 7.70856E-2 8.68152E-2 8.22492E-2 7.01911E-2 7.46864E-2 7.0373E-2 7.0544E-2 7.19863E-2 7.12249E-2 6.80376E-2 7.23208E-2 8.16173E-2 8.74269E-2 8.75088E-2 9.35137E-2 8.64394E-2 9.15523E-2 9.59197E-2 9.41029E-2 1.00104E-1 1.04331E-1 9.71373E-2 1.01077E-1 1.01168E-1 9.97416E-2 9.99676E-2 1.07265E-1 1.14247E-1 1.13946E-1 1.14834E-1 1.11244E-1 1.12651E-1 1.14318E-1 1.15921E-1 1.14953E-1 1.14692E-1 1.10653E-1 1.07143E-1 1.08236E-1 1.13648E-1 9.07168E-2 7.51439E-2 8.06789E-2 1.07292E-1 1.11343E-1 9.94849E-2 1.0214E-1 1.05305E-1 1.07953E-1 9.87687E-2
9.45223E-2 1.02234E-1 1.01558E-1 1.00886E-1 9.82112E-2 8.94515E-2 9.66642E-2 8.81577E-2 7.66206E-2 7.28076E-2 8.06458E-2 8.04915E-2 8.87794E-2 9.04748E-2 9.80703E-2 8.37951E-2 7.06549E-2 6.86616E-2 7.08906E-2 7.25764E-2 7.08546E-2 7.42261E-2 7.71079E-2 8.06971E-2 9.07065E-2 9.50072E-2 8.94675E-2 9.073E-2 9.5286E-2 9.97638E-2 1.06109E-1 1.08184E-1 1.13675E-1 1.11326E-1 1.05333E-1 1.02554E-1 1.00013E-1 1.02574E-1 1.11282E-1 1.11127E-1 1.18723E-1 1.16845E-1 1.1434E-1 1.17593E-1 1.15532E-1 1.13608E-1 1.15952E-1 1.16442E-1 1.11465E-1 1.08159E-1 9.86083E-2 8.95147E-2 7.67744E-2 8.03381E-2 9.89208E-2 1.23239E-1 1.08941E-1 1.02929E-1 1.01063E-1 1.03241E-1 1.00736E-1
8.19328E-2 8.39344E-2 8.74583E-2 8.92666E-2 8.81716E-2 8.14938E-2 8.8809E-2 9.11684E-2 7.44344E-2 7.35081E-2 6.98342E-2 6.7225E-2 8.46517E-2 9.63384E-2 1.07015E-1 9.96419E-2 7.79845E-2 7.11514E-2 6.86671E-2 7.23934E-2 7.77296E-2 7.60022E-2 7.32019E-2 8.24867E-2 8.74446E-2 8.73461E-2 9.12965E-2 9.31443E-2 9.01951E-2 1.01129E-1 1.04035E-1 1.04581E-1 1.06041E-1 1.13105E-1 1.16717E-1 1.08968E-1 1.00148E-1 9.856E-2 1.09016E-1 1.18414E-1 1.17642E-1 1.18289E-1 1.17049E-1 1.16176E-1 1.16907E-1 1.16297E-1 1.13098E-1 1.14637E-1 1.09433E-1 1.10909E-1 1.12293E-1 1.02076E-1 8.0605E-2 8.2122E-2 8.54428E-2 1.12628E-1 1.15588E-1 1.11262E-1 1.06266E-1 1.03589E-1 9.35052E-2
7.03551E-2 7.00756E-2 7.24607E-2 6.66943E-2 6.87234E-2 6.90664E-2 6.99828E-2 7.22051E-2 6.86914E-2 6.94786E-2 6.66968E-2 6.45151E-2 9.25807E-2 9.80048E-2 7.40126E-2 8.80588E-2 1.02767E-1 8.92109E-2 7.2379E-2 7.31593E-2 7.90507E-2 7.76318E-2 7.47395E-2 7.74529E-2 8.4998E-2 8.57677E-2 8.91751E-2 9.3411E-2 9.17996E-2 9.27977E-2 9.54231E-2 1.04947E-1 1.02263E-1 1.07824E-1 1.17222E-1 1.16778E-1 9.96725E-2 9.19785E-2 1.04047E-1 1.05584E-1 1.11418E-1 1.22384E-1 1.16896E-1 1.17248E-1 1.18844E-1 1.18817E-1 1.19006E-1 1.16512E-1 1.07087E-1 1.11158E-1 1.14043E-1 1.12895E-1 9.11345E-2 8.46523E-2 8.51209E-2 1.13978E-1 1.04501E-1 1.03116E-1 1.10672E-1 1.03987E-1 9.12538E-2
6.65721E-2 6.53943E-2 6.43536E-2 6.75499E-2 7.07905E-2 6.70764E-2 6.70087E-2 7.03427E-2 6.64071E-2 6.73067E-2 6.46006E-2 6.23167E-2 8.06736E-2 9.83839E-2 7.76115E-2 7.34223E-2 9.20822E-2 1.04155E-1 8.89232E-2 8.25516E-2 7.81219E-2 8.15599E-2 7.65168E-2 7.83978E-2 7.41384E-2 8.43313E-2 8.59773E-2 8.97052E-2 9.17212E-2 9.34149E-2 9.56443E-2 9.71951E-2 1.04702E-1 9.85197E-2 1.06182E-1 1.11861E-1 1.10154E-1 9.95092E-2 9.47379E-2 1.03153E-1 1.13E-1 1.21647E-1 1.18596E-1 1.16609E-1 1.19051E-1 1.16287E-1 1.18201E-1 1.17708E-1 1.11303E-1 1.1233E-1 1.1611E-1 1.18666E-1 1.20452E-1 1.03106E-1 9.80409E-2 9.81652E-2 1.09479E-1 1.0886E-1 1.05232E-1 9.86405E-2 9.50942E-2
8.09061E-2 7.64934E-2 7.43185E-2 7.43113E-2 7.27797E-2 7.09507E-2 7.51299E-2 6.93659E-2 6.63336E-2 6.7378E-2 6.8558E-2 6.57526E-2 6.95427E-2 9.52064E-2 8.98311E-2 6.92123E-2 7.44681E-2 8.95325E-2 9.56334E-2 1.05327E-1 1.00979E-1 8.60192E-2 8.2875E-2 7.57416E-2 7.31099E-2 7.91256E-2 8.32069E-2 8.58375E-2 9.14939E-2 9.23819E-2 9.87377E-2 9.95285E-2 1.11889E-1 9.24774E-2 9.93008E-2 1.02973E-1 1.13474E-1 1.10309E-1 1.04662E-1 9.9305E-2 1.05908E-1 1.13659E-1 1.19307E-1 1.18301E-1 1.17375E-1 1.19316E-1 1.2045E-1 1.17544E-1 1.12897E-1 1.14945E-1 1.13508E-1 1.16957E-1 1.24863E-1 1.191E-1 9.88009E-2 9.30919E-2 1.04769E-1 1.04087E-1 9.52683E-2 1.01008E-1 1.07841E-1
8.68668E-2 9.68315E-2 1.01415E-1 9.5629E-2 8.54821E-2 8.5632E-2 7.96051E-2 8.00845E-2 8.00423E-2 7.35477E-2 6.97012E-2 6.65991E-2 7.54021E-2 9.89075E-2 1.04362E-1 7.17478E-2 7.73451E-2 8.0668E-2 8.16268E-2 8.68936E-2 9.27097E-2 1.11095E-1 1.02604E-1 7.84354E-2 7.5349E-2 7.41618E-2 7.93476E-2 8.38795E-2 9.12262E-2 9.13547E-2 1.05109E-1 1.0301E-1 1.18527E-1 9.24533E-2 9.70062E-2 9.88392E-2 1.09176E-1 1.083E-1 1.12754E-1 1.04044E-1 1.03516E-1 1.05232E-1 1.17052E-1 1.16417E-1 1.18288E-1 1.17578E-1 1.19169E-1 1.18795E-1 1.15239E-1 1.13561E-1 1.17777E-1 1.1821E-1 1.21677E-1 1.25061E-1 1.03479E-1 9.80367E-2 1.06387E-1 1.01759E-1 9.51838E-2 1.0721E-1 1.10211E-1
