Artocarpus altilis SDM files/MIS19/Environmental layers/bio16.asc
ncols  1201
nrows  481
xllcorner  119.99986351115
yllcorner  -15.00013828885
cellsize 0.041666667
NODATA_value  -9999
[rows 175 to 209 of 481, columns 312 to 389 of 1201]
956 -9999 -9999 -9999 -9999 -9999 -9999 -9999 -9999 -9999 -9999 -9999 -9999 -9999 -9999 -9999 1133 1145 1162 1191 1164 1130 1170 1279 1180 1356 1431 1080 -9999 -9999 -9999 -9999 -9999 -9999 -9999 -9999 1156 1180 -9999 -9999 -9999 -9999 -9999 -9999 1098 -9999 -9999 -9999 -9999 -9999 -9999 -9999 -9999 -9999 -9999 -9999 -9999 -9999 -9999 -9999 -9999 -9999 -9999 -9999 -9999 -9999 -9999 -9999 -9999 -9999 -9999 -9999 -9999 -9999 -9999 -9999 -9999 -9999
-9999 -9999 -9999 -9999 -9999 -9999 -9999 -9999 -9999 -9999 -9999 -9999 -9999 -9999 -9999 -9999 -9999 -9999 -9999 1143 1177 1148 1221 1269 1173 1260 1469 1120 1100 -9999 -9999 -9999 -9999 -9999 -9999 -9999 1187 1243 -9999 -9999 -9999 -9999 -9999 -9999 -9999 -9999 -9999 -9999 -9999 -9999 -9999 -9999 -9999 -9999 -9999 -9999 -9999 -9999 -9999 -9999 -9999 -9999 -9999 -9999 -9999 -9999 -9999 -9999 -9999 -9999 -9999 -9999 -9999 -9999 -9999 -9999 -9999 -9999
-9999 -9999 -9999 -9999 -9999 -9999 -9999 -9999 -9999 -9999 -9999 -9999 -9999 -9999 -9999 -9999 -9999 -9999 -9999 -9999 1158 1198 1141 1208 1107 1146 1425 1294 1098 -9999 -9999 -9999 -9999 -9999 -9999 1173 1237 1224 -9999 -9999 -9999 -9999 -9999 -9999 -9999 -9999 -9999 -9999 -9999 -9999 -9999 -9999 -9999 -9999 -9999 -9999 -9999 -9999 -9999 -9999 -9999 -9999 -9999 -9999 -9999 -9999 -9999 -9999 -9999 -9999 -9999 -9999 -9999 -9999 -9999 -9999 -9999 -9999
-9999 -9999 -9999 -9999 -9999 1000 -9999 -9999 -9999 -9999 -9999 1079 1066 -9999 -9999 -9999 -9999 -9999 -9999 -9999 1166 1165 1121 1122 1200 1178 1364 1288 1087 1005 -9999 -9999 -9999 -9999 -9999 -9999 1260 1257 1084 -9999 -9999 -9999 -9999 -9999 -9999 -9999 -9999 1084 -9999 -9999 -9999 -9999 -9999 -9999 -9999 -9999 -9999 -9999 -9999 -9999 -9999 -9999 -9999 -9999 -9999 -9999 -9999 -9999 -9999 -9999 -9999 -9999 -9999 -9999 -9999 -9999 -9999 -9999
-9999 944 979 1014 1003 1031 1026 997 1009 -9999 -9999 1090 1107 1086 -9999 -9999 -9999 1174 1186 1165 1127 1114 1105 1101 1260 1335 1259 1182 1239 1077 1031 -9999 -9999 -9999 -9999 -9999 1143 1174 -9999 -9999 -9999 -9999 -9999 -9999 -9999 -9999 -9999 -9999 -9999 -9999 -9999 -9999 -9999 -9999 -9999 -9999 -9999 -9999 -9999 -9999 -9999 -9999 -9999 -9999 -9999 -9999 -9999 -9999 -9999 -9999 -9999 -9999 -9999 -9999 -9999 -9999 -9999 -9999
932 964 1001 1032 1005 1030 1037 999 990 -9999 1022 -9999 1095 1104 1089 1060 -9999 1121 1149 1145 1108 1095 1085 1075 1139 1440 1136 1088 1260 1329 1055 1011 -9999 -9999 -9999 1203 1261 1168 1125 1126 -9999 -9999 -9999 -9999 -9999 -9999 -9999 -9999 -9999 -9999 -9999 -9999 -9999 -9999 -9999 -9999 -9999 -9999 -9999 -9999 -9999 -9999 -9999 -9999 -9999 -9999 -9999 -9999 -9999 -9999 -9999 -9999 -9999 -9999 -9999 -9999 -9999 -9999
951 971 1001 988 956 967 980 989 1018 1010 1053 1064 -9999 1079 1069 1055 1092 1107 1090 1158 1188 1079 1199 1010 1101 1426 1248 1083 1184 1371 1143 1027 1052 1067 -9999 1253 1408 1325 1358 1143 -9999 -9999 -9999 -9999 -9999 -9999 -9999 -9999 -9999 -9999 -9999 -9999 -9999 -9999 -9999 -9999 -9999 -9999 -9999 -9999 -9999 -9999 -9999 -9999 -9999 -9999 -9999 -9999 -9999 -9999 -9999 -9999 -9999 -9999 -9999 -9999 -9999 -9999
962 965 970 958 926 952 1011 1022 1032 1013 1031 1046 1004 1044 1081 1090 1084 1092 1076 1189 1344 1179 1323 1050 1058 1277 1319 1048 1218 1286 1237 1076 1016 1055 1131 1314 1418 1466 1498 1048 -9999 -9999 -9999 -9999 -9999 -9999 -9999 -9999 -9999 -9999 -9999 -9999 -9999 -9999 -9999 -9999 -9999 -9999 -9999 -9999 -9999 -9999 -9999 -9999 -9999 -9999 -9999 -9999 -9999 -9999 -9999 -9999 -9999 -9999 -9999 -9999 -9999 1246
940 946 978 985 959 999 1034 1028 966 1000 1019 1035 1016 1042 1074 1077 1054 1065 1061 1147 1120 1236 1199 1306 1001 1237 1283 1095 1129 1258 1254 1117 1004 -9999 1107 1260 1347 1373 1501 1072 -9999 -9999 -9999 -9999 -9999 -9999 -9999 -9999 -9999 -9999 -9999 -9999 -9999 -9999 -9999 -9999 -9999 -9999 -9999 -9999 -9999 -9999 -9999 -9999 -9999 -9999 -9999 -9999 -9999 -9999 -9999 -9999 -9999 -9999 -9999 -9999 -9999 1283
944 955 980 963 988 1030 984 972 970 972 1011 1002 1009 1032 1046 1059 1086 1068 1059 1056 1041 1187 1165 1219 1143 1056 1189 1038 1044 1334 1186 1284 1030 -9999 -9999 1159 1408 1524 1461 1060 -9999 -9999 -9999 -9999 -9999 -9999 -9999 -9999 -9999 -9999 -9999 -9999 -9999 -9999 -9999 -9999 -9999 -9999 -9999 -9999 -9999 -9999 -9999 -9999 -9999 -9999 -9999 -9999 -9999 -9999 -9999 -9999 -9999 -9999 1267 1299 1343 1281
910 924 991 1014 980 985 899 924 943 966 986 1008 1011 1051 1076 1026 1043 1049 1031 1080 1022 1052 1243 1048 1276 1147 1070 1181 1104 1154 1193 1252 1168 1015 -9999 1110 1402 1557 1274 991 -9999 -9999 -9999 1283 1184 -9999 -9999 -9999 -9999 -9999 -9999 -9999 -9999 -9999 -9999 -9999 -9999 -9999 -9999 -9999 -9999 -9999 -9999 -9999 -9999 -9999 -9999 -9999 -9999 -9999 -9999 -9999 1375 1316 1330 1322 1350 1198
914 902 928 946 974 893 929 955 990 947 1001 993 1036 1085 1011 994 1010 1081 993 1103 1204 1041 1115 1083 1129 1187 1202 1335 1365 1041 1137 1176 1263 1075 -9999 1062 1337 1542 1253 966 -9999 -9999 -9999 1159 1138 -9999 -9999 -9999 -9999 -9999 -9999 -9999 -9999 -9999 -9999 -9999 -9999 -9999 -9999 -9999 -9999 -9999 -9999 -9999 -9999 -9999 -9999 -9999 -9999 -9999 -9999 1308 1383 1337 1352 1309 1260 1215
928 921 910 912 924 923 1003 971 987 935 963 1010 1055 1045 985 980 1004 1083 1085 1195 1376 1146 1223 1194 1084 1083 1144 1140 1294 1197 1001 1185 1258 1062 998 -9999 1266 1523 1296 994 -9999 -9999 -9999 -9999 -9999 -9999 -9999 -9999 -9999 -9999 -9999 -9999 -9999 -9999 -9999 -9999 -9999 -9999 -9999 -9999 -9999 -9999 -9999 -9999 -9999 -9999 -9999 -9999 -9999 -9999 1328 1343 1286 1353 1282 1256 1239 1235
908 928 922 936 966 951 950 950 960 945 948 977 1021 1018 954 994 1082 1075 1100 1266 1330 1276 1247 1248 949 1124 1159 1018 1118 1373 1103 1090 1149 1047 1006 963 1184 1474 1374 1041 -9999 -9999 -9999 -9999 -9999 -9999 -9999 -9999 -9999 -9999 -9999 -9999 -9999 -9999 -9999 -9999 -9999 -9999 -9999 -9999 -9999 -9999 -9999 -9999 -9999 -9999 -9999 -9999 -9999 -9999 1345 1359 1323 1311 1256 1272 1278 1264
894 906 931 961 1010 1019 969 975 981 961 1000 968 974 1019 976 977 1069 1107 1061 1188 1153 1166 1160 1216 977 1176 1205 1030 1065 1089 1289 1365 1052 1085 1010 974 1061 1393 1439 1079 -9999 -9999 -9999 -9999 -9999 -9999 -9999 -9999 -9999 -9999 -9999 -9999 -9999 -9999 -9999 -9999 -9999 -9999 -9999 -9999 -9999 -9999 -9999 -9999 -9999 -9999 -9999 -9999 -9999 1323 1350 1325 1330 1298 1230 1269 1289 1279
881 870 886 954 957 983 950 924 961 955 987 971 959 995 952 979 1034 1114 1102 1040 1205 1216 1026 1223 1163 1124 1300 1100 1106 975 1122 1431 1125 1145 1036 975 996 1277 1444 1022 959 -9999 -9999 1240 1174 -9999 -9999 -9999 -9999 -9999 -9999 -9999 -9999 -9999 -9999 -9999 -9999 -9999 -9999 -9999 -9999 -9999 -9999 -9999 1324 1311 -9999 -9999 -9999 1333 1324 1311 1292 1252 1278 1261 1281 1256
892 884 912 876 874 888 903 925 939 938 955 955 939 970 940 1015 1012 1057 1014 952 1143 1273 1045 1056 1182 1120 1429 1324 1131 1035 1061 1347 1332 1129 1106 990 962 1125 1451 1079 967 -9999 1281 1296 1117 -9999 -9999 -9999 -9999 -9999 -9999 -9999 -9999 -9999 -9999 -9999 -9999 -9999 -9999 -9999 -9999 -9999 -9999 -9999 1385 1357 1348 1255 -9999 -9999 1306 1284 1264 1238 1256 1254 1277 1248
866 885 913 900 918 892 887 910 905 916 933 910 941 972 956 1014 978 1008 1028 950 1110 1268 1163 1013 965 1124 1278 1465 1341 1067 1003 1250 1348 1313 1110 1030 979 1051 1424 1093 985 1060 1275 1305 1042 -9999 -9999 -9999 -9999 -9999 -9999 -9999 -9999 -9999 -9999 -9999 -9999 -9999 -9999 -9999 -9999 -9999 -9999 -9999 1318 1391 1294 -9999 1266 1294 1312 1272 1283 1262 1227 1254 1242 1221
904 883 902 942 963 884 872 886 908 919 911 931 948 992 976 1028 974 979 1035 991 1050 1221 1153 1058 1027 1084 1120 1411 1523 1103 990 1136 1318 1322 1112 1005 999 1169 1369 1152 981 1068 1345 1050 996 -9999 -9999 -9999 1142 -9999 -9999 -9999 -9999 -9999 -9999 -9999 -9999 -9999 -9999 -9999 -9999 -9999 -9999 -9999 -9999 -9999 1280 1265 1288 1289 1242 1230 1284 1262 1228 1242 1228 1187
928 912 942 952 919 962 923 873 903 925 928 961 954 997 1005 1011 952 935 931 1070 1165 969 1019 1007 1189 999 1040 1327 1478 1195 1116 1099 1008 1111 1284 1003 999 1276 1421 1279 993 1065 1371 1040 984 -9999 -9999 -9999 -9999 -9999 -9999 -9999 -9999 -9999 -9999 -9999 -9999 -9999 -9999 -9999 -9999 1300 1274 1262 -9999 1328 1315 1322 1264 1240 1207 1202 1243 1236 1209 1197 1192 1134
833 884 907 906 869 932 899 912 946 975 952 967 977 1029 1024 921 919 -9999 937 975 1268 925 1067 1057 1099 1078 1051 1310 1406 1465 1244 1051 972 1245 1127 1025 995 1293 1457 1276 1002 1069 1319 1046 1003 -9999 -9999 -9999 -9999 1162 -9999 1172 -9999 -9999 -9999 -9999 -9999 -9999 -9999 -9999 -9999 1268 1275 1270 -9999 1189 1230 1242 1248 1237 1214 1181 1219 1215 1189 1160 1184 1078
858 846 830 848 855 908 879 908 931 909 920 947 941 1051 1051 870 867 879 961 1072 1031 934 962 1171 1095 1227 1045 1320 1370 1316 1112 1043 970 1197 1120 1024 1044 1204 1419 1401 1088 986 1156 1025 1046 -9999 -9999 -9999 -9999 -9999 -9999 -9999 -9999 -9999 -9999 -9999 -9999 -9999 -9999 -9999 -9999 -9999 -9999 1273 1288 1197 1169 1183 1191 1215 1212 1160 1170 1157 1125 1150 1340 1057
862 838 880 886 911 892 856 906 907 898 884 911 937 996 956 871 869 947 960 1162 978 1055 1090 1087 1212 1240 1122 1327 1292 1096 1110 1139 991 1054 1141 1049 1265 1264 1162 1484 1325 1015 989 1052 1125 1055 -9999 -9999 -9999 -9999 -9999 -9999 -9999 -9999 -9999 -9999 -9999 -9999 -9999 -9999 -9999 -9999 1334 1432 1290 1125 1156 1113 1146 1179 1176 1137 1135 1097 1081 1194 1276 1020
836 857 888 867 872 852 875 891 877 877 917 899 906 946 906 867 940 1000 953 1165 1097 952 1177 1053 1191 1113 1363 1178 1148 1161 1275 1338 1289 1033 1011 1035 1198 1336 1034 1365 1416 1082 981 1094 1186 1046 1136 -9999 -9999 1161 -9999 -9999 -9999 -9999 -9999 -9999 -9999 -9999 -9999 -9999 -9999 1207 1286 1330 1377 1227 1321 1240 1076 1089 1121 1091 1068 1152 1165 1181 1106 1068
815 869 836 827 866 824 886 870 883 841 928 874 878 933 903 863 1078 1048 885 1123 1165 986 1329 1142 1056 1240 1290 1228 1095 1058 1094 1351 1427 1033 1138 1220 1223 1151 1045 1305 1491 1180 1042 1060 1249 1047 1128 1004 -9999 1140 -9999 -9999 -9999 -9999 -9999 -9999 -9999 -9999 -9999 -9999 -9999 1231 1352 1434 1300 1229 1276 1311 1032 1049 1060 1023 1032 1261 1198 1181 943 1008
792 854 829 822 842 849 851 849 868 843 914 862 882 914 935 873 1065 1062 823 980 1257 1050 1207 1236 1031 1226 1246 1116 1033 1052 1167 1319 1376 1032 1078 1378 1326 1198 1171 1227 1458 1409 1102 993 1279 1191 1312 1058 1039 1076 -9999 -9999 -9999 -9999 -9999 -9999 -9999 -9999 -9999 -9999 1187 1323 1449 1470 1248 1321 1353 1350 1045 1061 998 998 1113 1316 1342 1213 962 1109
839 847 814 797 810 816 813 833 867 849 860 891 887 942 950 915 999 1162 862 918 1288 1121 1229 1045 1268 1141 1075 981 1062 1120 1196 1108 1171 978 1011 1398 1396 1257 1114 1155 1414 1543 1339 1067 1202 1366 1463 1221 1142 1091 1087 1116 1126 1149 1134 -9999 1148 1165 1154 1158 1269 1464 1406 1296 1434 1405 1213 1195 1017 1035 942 1167 1175 1289 1167 986 983 1175
864 835 817 805 825 822 837 836 886 827 854 871 869 964 918 954 947 1176 986 1012 1124 1147 1274 1230 1291 1145 998 1062 1172 1226 1181 1226 1192 1191 1211 1304 1285 1067 1079 1119 1316 1482 1463 1105 1197 1231 1263 1174 1117 1072 1087 1153 1162 1204 1194 1164 1186 1201 1186 1183 1352 1434 1395 1308 1300 1162 1174 1184 1156 1119 981 1231 1295 1074 1076 1214 1213 1033
806 803 796 815 842 830 849 816 871 836 831 837 841 900 874 852 856 1099 1139 1082 1129 1303 1158 1296 1116 986 911 1129 1119 1225 1396 1360 1343 1365 1411 1213 1153 1117 1025 1115 1281 1439 1579 1154 1055 1359 1418 1245 1195 1128 1064 1104 1135 1177 1194 1122 1204 1195 1086 1238 1374 1317 1220 1170 1051 1287 1421 1423 1342 1344 1031 1211 1250 1135 1115 1321 1257 1115
814 824 804 849 822 822 836 804 841 874 862 870 871 881 862 910 969 955 1199 1102 1109 1141 1021 958 876 1022 1064 1026 1244 1424 1314 1404 1433 1406 1313 1130 1014 1336 1164 1056 1181 1376 1526 1304 1052 1301 1515 1401 1180 1159 1112 1085 1104 1136 1233 1131 1203 1228 1147 1304 1320 1238 1036 1017 1225 1420 1549 1506 1400 1173 982 1105 1103 1265 1018 1075 1287 1189
780 757 762 837 811 797 806 825 803 852 823 853 868 893 876 891 1027 1071 1058 1142 927 1039 961 887 1060 996 1097 1240 1335 1248 1287 1244 1229 1268 1263 1228 1082 1036 1109 1038 1133 1346 1497 1286 1073 1124 1357 1482 1541 1245 1374 1266 1223 1093 1167 1082 1194 1374 1355 1138 1213 1095 1080 1196 1285 1373 1372 1241 913 898 877 1163 1197 1138 1212 1170 986 1214
770 767 773 770 790 809 784 776 794 841 821 876 878 884 855 872 943 1139 936 999 948 973 1030 903 1153 1112 1032 1208 1247 1105 1269 1114 1200 1262 1208 1413 1140 1089 1156 1076 1443 1279 1388 1239 1238 1182 1170 1456 1449 1472 1432 1325 1214 1119 1088 1164 1260 1219 1166 1088 1076 971 1318 1210 1026 1069 1133 957 966 1126 989 1015 1121 1063 1174 1015 1229 911
805 771 769 757 784 754 772 833 803 812 832 868 860 847 854 870 890 1025 1017 847 1071 991 1029 883 992 1218 1280 1048 1319 1086 1061 1076 1127 1219 1216 1345 1293 1251 1416 1209 1200 1186 1248 1165 1254 1296 1137 1356 1545 1648 1438 1256 1053 1082 1158 1265 1206 1075 1277 1121 1116 1125 1168 1085 1038 1038 893 908 961 1137 1245 987 949 1021 1119 1389 1410 957
751 735 732 747 746 760 829 821 793 813 843 843 -9999 -9999 859 -9999 920 926 1048 927 1063 1038 1087 1018 882 1099 1373 1200 1301 1070 993 1020 1099 1407 1311 1261 1380 1282 1354 1455 1217 1338 1355 1075 1111 1118 1064 1197 1463 1435 1332 1141 1172 1087 1103 1354 1383 1186 1296 1205 1322 1102 1096 1076 1167 1054 1065 1065 963 1173 1320 1099 862 1123 1396 1404 1097 1121
699 714 769 744 769 807 801 810 809 801 821 807 -9999 -9999 -9999 -9999 909 -9999 1046 1033 895 1017 984 1247 1014 943 1289 1307 1109 1116 984 1064 1089 1219 1325 1283 1292 1307 1375 1286 1384 1393 1201 1155 1017 1075 1036 1093 1182 1225 1115 1099 1438 1344 1228 1219 1350 1267 1100 1140 1295 1187 1100 1130 1193 1172 1094 1074 1130 1080 1312 1385 963 1253 1291 1212 932 939
