Artocarpus altilis SDM files/MIS19/Environmental layers/bio15.asc
ncols  1201
nrows  481
xllcorner  119.99986351115
yllcorner  -15.00013828885
cellsize 0.041666667
NODATA_value  -9999
[rows 180 to 215 of 481, columns 0 to 79 of 1201]
32 32 31 31 32 30 32 32 32 37 35 36 35 32 34 36 37 38 37 37 37 38 42 40 40 42 45 44 44 41 39 35 34 35 35 34 34 33 33 32 31 33 34 30 30 29 30 -9999 -9999 -9999 -9999 -9999 -9999 -9999 -9999 -9999 -9999 -9999 -9999 -9999 -9999 -9999 -9999 -9999 -9999 -9999 -9999 -9999 -9999 -9999 -9999 -9999 -9999 -9999 -9999 -9999 -9999 -9999 -9999 -9999
34 33 31 31 31 31 32 30 30 32 33 35 34 31 33 35 37 36 36 36 37 38 36 39 41 38 40 39 37 36 36 34 34 33 34 33 34 37 37 34 33 35 34 30 30 32 28 31 -9999 -9999 -9999 -9999 -9999 -9999 -9999 -9999 -9999 -9999 -9999 -9999 -9999 -9999 -9999 -9999 -9999 -9999 -9999 -9999 -9999 -9999 -9999 -9999 -9999 -9999 -9999 -9999 -9999 -9999 -9999 -9999
33 35 32 31 31 31 30 30 29 30 31 31 30 31 33 34 35 35 35 35 36 37 36 36 36 37 41 42 36 35 36 35 34 34 32 32 34 35 35 35 35 32 31 30 31 30 28 30 -9999 -9999 -9999 -9999 -9999 -9999 -9999 -9999 -9999 -9999 -9999 -9999 -9999 -9999 -9999 -9999 -9999 -9999 -9999 -9999 -9999 -9999 -9999 -9999 -9999 -9999 -9999 -9999 -9999 -9999 -9999 -9999
33 32 32 32 31 30 30 30 30 30 30 30 30 31 31 32 33 33 34 35 35 36 35 35 36 38 39 41 35 36 37 34 35 36 33 32 32 33 33 33 33 33 30 32 36 30 29 32 33 -9999 -9999 -9999 -9999 -9999 -9999 -9999 -9999 -9999 -9999 -9999 -9999 -9999 -9999 -9999 -9999 -9999 -9999 -9999 -9999 -9999 -9999 -9999 -9999 -9999 -9999 -9999 -9999 -9999 -9999 -9999
34 35 35 32 31 30 30 30 30 30 30 30 30 31 31 31 32 33 34 34 34 35 35 35 35 36 37 40 36 35 37 36 32 32 33 33 32 32 31 32 33 36 31 31 32 32 32 33 36 -9999 -9999 -9999 -9999 -9999 -9999 -9999 -9999 -9999 -9999 -9999 -9999 -9999 -9999 -9999 -9999 -9999 -9999 -9999 -9999 -9999 -9999 -9999 -9999 -9999 -9999 -9999 -9999 -9999 -9999 -9999
34 34 32 31 31 31 31 31 31 31 30 30 31 31 31 31 -9999 -9999 -9999 -9999 -9999 35 35 35 36 37 38 39 42 41 34 35 34 31 31 31 31 31 31 30 33 37 33 30 28 28 30 34 36 -9999 -9999 -9999 -9999 -9999 -9999 -9999 -9999 -9999 -9999 -9999 -9999 -9999 -9999 -9999 -9999 -9999 -9999 -9999 -9999 -9999 -9999 -9999 -9999 -9999 -9999 -9999 -9999 -9999 -9999 -9999
35 34 34 32 32 31 31 31 31 31 30 31 31 31 -9999 -9999 -9999 -9999 -9999 -9999 -9999 -9999 -9999 -9999 -9999 41 41 37 37 42 35 31 33 33 33 31 31 31 32 35 37 34 32 30 30 29 29 27 28 28 29 -9999 -9999 -9999 -9999 -9999 -9999 -9999 -9999 -9999 -9999 -9999 -9999 -9999 -9999 -9999 -9999 -9999 -9999 -9999 -9999 -9999 -9999 -9999 -9999 -9999 -9999 -9999 -9999 -9999
36 34 34 33 33 32 32 32 31 30 30 30 30 -9999 -9999 -9999 -9999 -9999 -9999 -9999 -9999 -9999 -9999 -9999 42 43 38 32 34 39 35 33 31 32 33 32 31 31 33 39 37 30 30 31 31 29 34 32 27 26 27 28 -9999 -9999 -9999 -9999 -9999 -9999 -9999 -9999 -9999 -9999 -9999 -9999 -9999 -9999 -9999 -9999 -9999 -9999 -9999 -9999 -9999 -9999 -9999 -9999 -9999 -9999 -9999 -9999
36 34 35 34 33 33 33 32 31 30 30 30 -9999 -9999 -9999 -9999 -9999 -9999 -9999 -9999 -9999 -9999 34 35 35 36 34 33 33 34 36 32 32 31 32 31 31 31 37 37 30 29 29 33 34 30 30 28 28 28 26 27 28 -9999 -9999 -9999 -9999 -9999 -9999 -9999 -9999 -9999 -9999 -9999 -9999 -9999 -9999 -9999 -9999 -9999 -9999 -9999 -9999 -9999 -9999 -9999 -9999 -9999 -9999 -9999
38 37 35 34 33 33 33 32 31 30 30 -9999 -9999 -9999 -9999 -9999 -9999 -9999 -9999 -9999 -9999 -9999 -9999 32 33 35 35 31 32 33 35 32 30 33 31 30 31 36 34 35 28 29 32 35 31 32 29 28 29 28 26 27 29 -9999 -9999 -9999 -9999 -9999 -9999 -9999 -9999 -9999 -9999 -9999 -9999 -9999 -9999 -9999 -9999 -9999 -9999 -9999 -9999 -9999 -9999 -9999 -9999 -9999 -9999 -9999
39 38 35 35 34 33 32 31 31 -9999 -9999 -9999 -9999 -9999 -9999 -9999 -9999 -9999 -9999 -9999 -9999 -9999 -9999 -9999 -9999 36 37 31 31 31 33 32 31 32 30 30 35 34 30 30 29 31 30 29 30 29 29 31 28 27 28 30 27 28 28 30 -9999 -9999 -9999 -9999 -9999 -9999 -9999 -9999 -9999 -9999 -9999 -9999 -9999 -9999 -9999 -9999 -9999 -9999 -9999 -9999 -9999 -9999 -9999 -9999
47 38 36 35 34 33 32 -9999 -9999 -9999 -9999 -9999 -9999 -9999 -9999 -9999 -9999 -9999 -9999 -9999 -9999 -9999 -9999 -9999 -9999 34 38 32 31 31 34 31 30 30 32 34 32 28 28 29 28 27 27 28 29 29 29 29 27 29 27 27 31 31 35 38 -9999 -9999 -9999 -9999 -9999 -9999 -9999 -9999 -9999 -9999 -9999 -9999 -9999 -9999 -9999 -9999 -9999 -9999 -9999 -9999 -9999 -9999 -9999 -9999
52 40 37 36 35 34 -9999 -9999 -9999 -9999 -9999 -9999 -9999 -9999 -9999 -9999 -9999 -9999 -9999 -9999 -9999 -9999 -9999 -9999 -9999 35 37 32 30 29 34 32 31 35 35 32 30 29 29 28 28 29 30 27 26 28 28 29 28 29 30 27 30 33 39 36 33 -9999 -9999 -9999 -9999 -9999 -9999 -9999 -9999 -9999 -9999 -9999 -9999 -9999 -9999 -9999 -9999 -9999 -9999 -9999 -9999 -9999 -9999 -9999
38 38 36 38 36 34 -9999 -9999 -9999 -9999 -9999 -9999 -9999 -9999 -9999 -9999 -9999 -9999 -9999 -9999 -9999 -9999 -9999 -9999 -9999 32 34 36 31 31 28 35 35 31 29 30 30 29 30 27 26 27 28 27 26 26 32 32 31 34 31 28 26 25 27 32 31 30 30 -9999 -9999 -9999 -9999 -9999 -9999 -9999 -9999 -9999 -9999 -9999 -9999 -9999 -9999 -9999 -9999 -9999 -9999 -9999 -9999 -9999
41 42 37 38 37 35 34 -9999 -9999 -9999 -9999 -9999 -9999 -9999 -9999 -9999 -9999 -9999 -9999 -9999 -9999 -9999 -9999 -9999 -9999 30 31 33 35 32 29 29 33 29 30 33 31 29 29 30 31 28 24 27 28 30 32 32 30 34 31 32 32 27 25 25 28 29 30 29 31 -9999 -9999 -9999 -9999 -9999 -9999 -9999 -9999 -9999 -9999 -9999 -9999 -9999 -9999 -9999 -9999 -9999 -9999 -9999
42 43 39 37 37 36 34 -9999 -9999 -9999 -9999 -9999 -9999 -9999 -9999 -9999 -9999 -9999 -9999 -9999 -9999 -9999 -9999 -9999 -9999 29 32 35 36 30 30 27 29 29 31 31 29 32 33 30 29 28 28 26 24 26 23 26 31 33 33 37 33 33 29 30 25 -9999 27 31 32 30 31 -9999 -9999 -9999 -9999 -9999 -9999 -9999 -9999 -9999 -9999 -9999 -9999 -9999 -9999 -9999 -9999 -9999
42 44 44 36 37 37 36 -9999 -9999 -9999 -9999 -9999 -9999 -9999 -9999 -9999 -9999 -9999 -9999 -9999 -9999 -9999 -9999 -9999 -9999 29 34 31 32 29 32 34 32 29 29 31 35 34 28 27 27 28 30 27 28 29 25 22 25 31 32 31 30 27 30 34 27 26 29 28 -9999 -9999 30 -9999 -9999 -9999 -9999 -9999 -9999 -9999 -9999 -9999 -9999 -9999 -9999 -9999 -9999 -9999 -9999 -9999
41 41 41 36 37 40 35 34 32 31 -9999 -9999 -9999 -9999 -9999 -9999 -9999 -9999 -9999 -9999 -9999 -9999 -9999 -9999 27 29 34 31 29 28 34 33 33 30 29 30 32 25 27 29 28 26 26 28 30 28 29 25 22 28 31 32 27 27 35 37 35 34 36 31 -9999 -9999 -9999 -9999 -9999 -9999 -9999 -9999 -9999 -9999 -9999 -9999 -9999 -9999 -9999 -9999 -9999 -9999 -9999 -9999
41 40 37 36 38 40 35 34 33 32 -9999 -9999 -9999 -9999 -9999 -9999 -9999 -9999 -9999 -9999 -9999 -9999 -9999 27 27 30 32 31 27 31 34 33 31 29 27 27 25 25 32 29 26 26 26 25 25 27 27 27 24 25 26 26 25 26 31 36 35 36 39 -9999 -9999 -9999 29 30 -9999 -9999 -9999 -9999 -9999 -9999 -9999 -9999 -9999 -9999 -9999 -9999 -9999 -9999 -9999 -9999
40 43 42 38 38 40 37 35 34 33 32 -9999 -9999 -9999 -9999 -9999 -9999 -9999 -9999 -9999 -9999 -9999 -9999 27 26 30 28 27 29 34 33 35 36 29 28 25 32 24 29 25 24 24 28 27 26 26 24 27 27 31 31 23 23 27 32 37 32 32 33 -9999 28 28 -9999 -9999 -9999 -9999 -9999 -9999 -9999 -9999 -9999 -9999 -9999 -9999 -9999 -9999 -9999 -9999 -9999 -9999
43 41 44 39 40 40 37 36 34 34 -9999 -9999 -9999 -9999 -9999 -9999 -9999 -9999 -9999 -9999 -9999 -9999 26 26 27 29 26 31 31 33 29 26 33 28 27 25 28 27 27 26 23 28 27 27 31 26 25 25 33 35 28 23 24 26 27 30 28 28 -9999 -9999 -9999 -9999 -9999 -9999 -9999 -9999 -9999 -9999 -9999 -9999 -9999 -9999 -9999 -9999 -9999 -9999 -9999 -9999 -9999 -9999
43 40 44 43 41 42 39 40 37 35 -9999 -9999 -9999 -9999 -9999 -9999 -9999 -9999 -9999 -9999 -9999 26 26 28 26 26 26 26 28 36 27 26 33 31 28 26 28 27 27 30 23 25 27 24 27 22 25 25 31 28 23 25 25 30 28 26 23 26 -9999 -9999 -9999 -9999 28 -9999 -9999 29 -9999 30 -9999 -9999 -9999 -9999 -9999 -9999 -9999 -9999 -9999 -9999 -9999 -9999
42 42 46 43 40 42 40 42 39 37 -9999 -9999 -9999 -9999 -9999 -9999 -9999 -9999 -9999 -9999 -9999 26 27 27 29 26 28 24 26 32 36 30 35 29 33 28 26 29 34 26 24 23 24 28 31 24 24 26 28 29 23 25 26 30 32 25 25 24 24 -9999 -9999 -9999 27 -9999 -9999 -9999 -9999 -9999 -9999 -9999 31 -9999 -9999 -9999 -9999 -9999 -9999 -9999 -9999 -9999
41 39 45 44 44 47 43 42 43 40 -9999 -9999 -9999 -9999 -9999 -9999 -9999 -9999 -9999 -9999 25 26 26 27 30 33 32 26 29 36 40 38 35 31 35 28 28 35 30 27 28 23 23 26 23 22 25 28 28 32 24 30 29 31 29 28 26 25 25 29 -9999 -9999 -9999 -9999 -9999 -9999 -9999 -9999 -9999 -9999 -9999 -9999 -9999 -9999 -9999 -9999 -9999 -9999 -9999 -9999
40 40 38 44 45 47 47 43 42 41 -9999 -9999 -9999 -9999 -9999 -9999 -9999 -9999 -9999 -9999 25 25 27 26 28 32 34 27 31 39 40 38 34 32 29 26 30 30 27 25 25 25 27 26 23 22 21 25 25 25 26 28 28 29 29 29 -9999 25 29 30 -9999 -9999 -9999 -9999 -9999 -9999 -9999 -9999 -9999 -9999 -9999 -9999 -9999 -9999 -9999 -9999 -9999 -9999 -9999 -9999
43 37 41 44 43 50 50 45 45 42 -9999 -9999 -9999 -9999 -9999 -9999 -9999 -9999 -9999 -9999 -9999 25 25 25 28 26 26 26 33 39 33 34 39 39 34 30 27 27 28 24 26 28 29 32 23 26 22 22 23 22 26 22 25 26 24 24 26 -9999 29 -9999 -9999 -9999 -9999 -9999 -9999 -9999 -9999 -9999 -9999 -9999 -9999 -9999 -9999 29 30 -9999 -9999 -9999 -9999 -9999
37 40 41 44 42 51 49 44 45 43 44 -9999 -9999 -9999 -9999 -9999 -9999 -9999 -9999 -9999 -9999 26 25 25 27 28 29 25 34 39 35 39 35 29 28 30 27 27 26 25 27 31 27 31 27 30 24 23 27 21 22 23 31 29 24 26 29 -9999 -9999 -9999 -9999 -9999 -9999 -9999 -9999 -9999 -9999 -9999 -9999 -9999 -9999 -9999 29 28 29 29 33 -9999 -9999 -9999
38 40 43 47 46 50 49 48 49 47 44 -9999 -9999 -9999 -9999 -9999 -9999 -9999 -9999 -9999 -9999 -9999 29 28 32 33 27 24 26 30 39 34 27 28 38 40 34 27 29 24 26 32 29 33 35 33 28 26 28 23 26 24 27 25 26 28 29 -9999 -9999 -9999 -9999 -9999 -9999 -9999 -9999 -9999 -9999 -9999 -9999 -9999 -9999 -9999 -9999 29 32 34 37 -9999 -9999 -9999
41 39 39 44 45 48 47 50 50 47 45 -9999 -9999 -9999 -9999 -9999 -9999 -9999 -9999 -9999 -9999 -9999 -9999 30 28 26 24 24 24 26 41 40 33 37 40 40 36 25 33 27 26 30 33 31 36 35 30 29 27 27 28 24 25 26 24 -9999 -9999 -9999 -9999 -9999 -9999 -9999 -9999 -9999 -9999 -9999 -9999 -9999 -9999 -9999 -9999 -9999 -9999 31 34 -9999 -9999 -9999 -9999 -9999
41 39 37 43 39 41 50 52 48 46 45 -9999 -9999 -9999 -9999 -9999 -9999 -9999 -9999 -9999 -9999 -9999 -9999 -9999 29 26 24 24 25 35 41 41 42 30 35 40 37 25 30 29 27 24 32 27 33 28 26 24 23 26 26 25 28 23 23 23 -9999 -9999 -9999 -9999 -9999 -9999 -9999 -9999 -9999 -9999 -9999 -9999 -9999 -9999 -9999 -9999 -9999 -9999 -9999 -9999 -9999 -9999 -9999 -9999
41 39 39 44 44 45 52 50 46 45 44 -9999 -9999 -9999 -9999 -9999 -9999 -9999 -9999 -9999 -9999 -9999 -9999 -9999 -9999 -9999 26 27 28 39 38 41 34 26 34 32 32 33 30 31 26 24 27 23 23 25 25 26 24 29 27 25 29 22 23 26 22 22 23 -9999 -9999 -9999 -9999 -9999 -9999 -9999 -9999 -9999 -9999 -9999 -9999 -9999 -9999 -9999 -9999 -9999 -9999 -9999 -9999 -9999
41 39 38 37 38 47 47 45 46 45 44 -9999 -9999 -9999 -9999 -9999 -9999 -9999 -9999 -9999 -9999 -9999 -9999 -9999 -9999 -9999 27 27 28 30 30 28 24 26 31 32 25 27 28 28 25 22 22 22 23 22 25 29 27 27 25 29 30 25 25 29 22 22 24 24 -9999 -9999 -9999 -9999 -9999 -9999 -9999 -9999 -9999 -9999 -9999 -9999 -9999 -9999 -9999 -9999 -9999 -9999 -9999 -9999
41 38 36 37 39 46 49 48 47 45 -9999 -9999 -9999 -9999 -9999 -9999 -9999 -9999 -9999 -9999 -9999 -9999 -9999 -9999 -9999 -9999 -9999 29 30 33 34 26 24 26 29 26 24 25 28 35 27 22 22 24 23 23 30 31 28 25 24 28 25 24 24 25 26 27 26 23 -9999 -9999 -9999 -9999 -9999 -9999 -9999 -9999 -9999 -9999 -9999 -9999 -9999 -9999 -9999 -9999 -9999 -9999 -9999 -9999
40 38 37 38 38 45 45 46 45 44 -9999 -9999 -9999 -9999 -9999 -9999 -9999 -9999 -9999 -9999 -9999 -9999 -9999 -9999 -9999 -9999 -9999 -9999 -9999 30 27 25 24 25 29 24 26 24 28 36 23 28 31 27 23 25 31 34 31 27 25 25 23 22 23 24 28 29 23 22 23 -9999 -9999 -9999 -9999 -9999 -9999 -9999 -9999 -9999 -9999 -9999 -9999 -9999 -9999 -9999 -9999 -9999 -9999 -9999
40 39 37 38 37 40 46 47 46 -9999 -9999 -9999 -9999 -9999 -9999 -9999 -9999 -9999 -9999 -9999 -9999 -9999 -9999 -9999 -9999 -9999 -9999 -9999 -9999 32 31 29 24 25 29 31 26 25 31 33 35 37 27 22 22 21 25 33 33 29 25 24 23 22 23 25 28 25 23 24 26 25 24 24 25 -9999 -9999 26 -9999 -9999 -9999 -9999 -9999 -9999 -9999 -9999 -9999 -9999 -9999 -9999
40 39 36 41 40 42 46 47 46 -9999 -9999 -9999 -9999 -9999 -9999 -9999 -9999 -9999 -9999 -9999 -9999 -9999 -9999 -9999 -9999 -9999 -9999 -9999 -9999 -9999 -9999 29 24 28 34 29 32 32 32 35 40 35 31 26 23 24 27 31 34 30 26 24 22 21 22 22 22 25 22 22 24 25 28 27 25 -9999 -9999 -9999 -9999 -9999 -9999 -9999 -9999 -9999 -9999 -9999 -9999 -9999 -9999 -9999
