Artocarpus altilis SDM files/MIS19/Environmental layers/bio1.asc
ncols  1201
nrows  481
xllcorner  119.99986351115
yllcorner  -15.00013828885
cellsize 0.041666667
NODATA_value  -9999
[rows 210 to 244 of 481, columns 395 to 473 of 1201]
158 154 154 144 144 148 143 160 166 163 151 134 138 149 162 165 162 158 170 161 123 126 131 136 134 172 168 172 168 177 163 166 193 159 169 164 139 139 165 157 126 144 126 121 117 108 135 155 144 143 125 142 157 179 189 194 198 197 199 200 192 190 195 208 211 192 199 229 246 241 244 245 243 228 230 244 254 255 251
155 165 157 139 126 104 106 126 128 143 154 138 127 125 139 135 149 144 141 128 89 99 120 119 132 176 148 139 143 152 141 139 155 167 156 157 110 111 133 112 113 127 102 81 94 89 96 106 109 112 123 121 130 153 164 166 167 165 153 158 138 144 165 185 192 189 205 220 227 240 249 243 245 247 243 237 241 256 255
157 148 149 112 88 88 104 112 110 114 133 150 143 134 131 123 120 120 122 120 132 140 150 157 161 157 170 141 119 124 108 99 128 156 121 113 107 94 109 104 107 103 88 75 93 116 95 95 118 134 131 145 136 155 162 139 129 133 136 163 153 125 128 125 180 210 220 204 204 232 235 221 242 244 240 243 248 246 244
162 149 125 109 92 89 96 112 124 123 123 120 122 125 130 109 103 98 88 88 107 137 121 119 146 125 135 150 135 101 75 74 98 142 121 82 77 85 97 96 96 92 86 86 97 113 121 96 95 121 141 149 140 163 170 166 166 162 155 143 116 101 121 161 186 191 187 202 227 233 211 219 229 230 242 245 245 243 226
140 135 138 124 95 86 88 108 119 106 98 80 84 90 97 116 102 78 70 87 112 114 115 92 107 107 107 115 137 131 113 94 95 121 119 115 100 95 84 81 91 98 107 114 117 111 130 144 123 107 116 133 155 166 163 178 178 161 141 125 120 120 148 155 162 155 171 197 215 214 200 205 195 204 221 244 245 247 237
163 152 140 128 101 79 70 69 70 81 78 84 73 71 81 99 89 81 72 69 79 77 94 92 78 83 89 100 127 122 95 89 92 91 92 102 103 92 92 95 96 94 97 97 113 125 132 146 153 141 139 151 156 139 141 168 179 180 174 154 147 130 115 117 96 100 129 176 203 187 190 199 201 208 241 239 228 243 240
142 142 132 107 87 94 76 62 58 62 68 59 57 57 44 61 80 81 81 76 68 64 72 89 97 113 124 133 144 125 99 75 87 96 108 113 115 116 107 101 107 106 111 108 109 123 130 140 142 148 146 128 126 126 138 158 178 180 180 180 157 119 109 96 85 76 114 157 183 170 192 215 229 237 247 242 232 214 214
137 117 125 132 133 154 137 91 79 73 94 78 88 54 39 41 45 60 68 68 68 62 61 70 72 85 103 114 122 101 81 68 81 104 111 116 117 115 115 115 116 115 119 115 106 95 100 109 102 113 113 105 108 102 103 127 165 179 180 180 168 140 124 104 105 97 124 156 147 169 195 184 214 238 223 219 198 205 204
177 166 153 174 170 171 165 138 138 114 123 116 113 80 70 61 34 38 56 60 50 51 51 62 71 74 75 79 94 88 79 67 76 81 97 103 100 100 93 76 80 90 102 108 109 109 102 102 98 84 89 95 101 107 118 145 159 172 178 180 178 166 145 131 104 97 90 107 126 161 171 193 222 217 196 185 155 157 184
186 185 187 196 161 178 178 145 165 138 154 134 151 130 109 89 74 76 76 92 81 60 77 62 63 99 105 89 79 79 94 72 76 83 75 70 76 81 81 76 63 61 57 67 81 86 86 86 92 97 94 89 92 104 116 117 131 151 169 179 177 166 147 130 116 95 83 110 142 164 194 212 190 196 175 147 158 175 181
205 211 187 211 193 180 189 156 173 173 158 139 172 154 163 120 127 132 124 115 93 101 133 109 83 88 127 152 127 132 137 115 137 133 95 64 86 82 90 69 86 99 79 77 84 62 73 65 70 76 86 89 89 87 93 111 117 138 155 166 175 157 135 118 106 88 83 113 145 172 190 201 164 167 154 135 155 161 188
229 225 222 218 193 171 205 183 196 193 159 148 171 164 158 141 150 162 168 131 91 106 147 141 108 105 143 160 161 168 151 136 157 167 146 133 141 113 123 104 122 163 149 135 109 101 122 94 81 75 66 70 79 86 92 104 120 107 115 121 158 168 127 108 103 80 82 102 127 161 156 189 161 133 114 117 135 163 161
240 239 246 244 236 222 229 228 223 225 207 192 189 193 152 162 157 186 159 114 119 148 167 141 139 131 160 179 187 188 149 161 189 175 170 158 180 167 162 151 154 181 173 160 146 161 156 134 130 104 69 60 61 64 74 93 97 72 62 69 122 158 162 150 134 113 95 77 85 113 155 162 160 135 108 106 115 134 128
254 259 258 258 256 250 246 239 238 237 233 213 221 217 193 194 158 188 186 155 148 168 178 126 157 140 154 187 201 193 170 197 205 206 201 166 195 196 185 186 181 202 182 177 142 183 152 142 133 116 121 90 50 49 75 67 63 58 55 83 116 144 168 131 109 103 97 79 75 87 125 103 125 112 86 90 86 128 147
257 259 260 259 259 257 257 256 253 245 241 239 236 235 234 227 204 194 202 192 191 189 176 134 163 166 146 169 189 185 168 185 214 210 193 179 203 193 204 201 206 209 203 187 161 190 139 151 138 149 142 105 89 82 107 94 76 58 60 74 122 164 166 147 141 109 122 107 121 111 91 75 98 94 65 64 60 81 117
260 260 260 260 260 259 259 258 256 254 252 248 241 243 242 244 236 226 223 224 217 210 213 204 195 210 188 197 203 224 192 183 218 233 219 204 220 214 221 218 219 221 216 191 206 184 140 164 151 168 131 112 116 119 110 132 105 78 72 72 101 147 185 180 145 154 150 123 145 128 103 98 97 91 80 66 66 92 131
261 260 260 260 260 260 260 259 258 257 256 254 251 249 248 250 241 235 231 234 236 234 230 226 210 215 220 210 191 195 214 191 220 228 212 188 210 221 225 228 241 222 234 230 214 213 194 168 187 188 149 142 131 146 118 147 129 113 122 96 113 142 159 189 196 186 134 132 146 124 121 123 109 124 109 87 69 57 58
260 260 260 260 260 260 260 259 259 258 258 257 256 254 252 251 247 245 235 235 243 243 240 240 241 242 226 226 219 229 243 228 239 246 231 227 217 231 230 232 243 238 234 234 230 221 197 181 206 176 137 138 169 165 129 164 152 142 151 130 129 124 117 141 172 208 168 163 172 134 134 136 117 140 120 119 118 82 66
261 260 260 260 260 260 260 260 260 259 259 258 258 257 256 254 251 250 246 243 248 250 244 244 250 255 252 244 249 251 250 250 253 253 254 254 250 245 243 245 246 247 250 244 239 221 214 218 219 214 183 186 194 191 156 182 171 174 174 172 160 164 144 148 171 171 213 204 186 134 155 149 154 167 131 150 159 125 99
261 261 260 260 260 260 260 261 260 260 260 260 259 259 258 258 258 257 257 256 255 255 252 248 252 254 258 251 251 255 253 253 256 253 254 255 256 255 255 257 259 257 254 252 249 245 240 242 233 230 225 220 222 204 166 199 197 185 164 183 183 192 197 203 197 185 186 213 227 175 168 171 178 173 177 171 145 121 139
261 261 260 260 260 260 260 261 260 260 260 261 260 259 259 259 259 259 260 260 259 259 259 258 257 258 259 253 254 255 255 256 257 256 258 259 257 254 251 252 257 254 255 254 255 255 255 251 249 253 254 249 241 223 223 221 219 198 188 201 203 209 203 209 222 222 222 202 227 211 174 208 218 192 193 154 140 133 150
261 261 261 261 261 260 261 260 260 261 261 261 260 260 260 260 259 259 260 261 260 260 260 259 259 259 260 260 260 258 258 258 259 258 258 257 259 258 258 257 258 255 257 258 257 258 256 252 251 257 256 254 251 251 246 237 231 214 205 205 208 216 212 203 226 233 242 242 236 225 213 221 234 222 220 192 177 165 170
261 261 261 261 261 261 261 261 261 260 261 261 261 260 260 260 260 260 260 261 260 260 260 260 260 260 260 260 260 259 259 260 260 260 260 257 258 257 257 258 260 259 260 259 257 255 255 255 254 259 259 257 256 257 257 256 256 247 238 233 238 221 226 220 216 239 246 251 253 252 253 249 248 247 247 233 209 195 175
261 261 261 261 261 261 261 261 261 261 261 261 261 260 260 260 260 260 260 261 261 261 260 260 260 260 261 261 260 260 260 260 260 260 261 260 259 259 259 260 261 261 261 260 260 260 260 259 257 260 260 259 258 260 259 260 261 257 259 256 253 254 250 251 242 247 245 255 255 258 258 253 254 253 252 249 238 217 183
261 261 261 261 261 261 261 261 261 261 261 261 261 260 260 260 260 260 261 261 261 261 261 261 260 261 261 260 260 260 260 260 260 260 260 260 261 261 261 261 261 261 261 261 261 261 261 261 261 261 261 261 261 261 260 259 262 259 259 258 258 262 262 261 260 260 258 259 260 260 259 257 257 257 255 253 250 239 195
-9999 261 261 260 260 260 260 261 261 261 261 261 261 261 260 260 260 260 260 261 261 261 261 260 261 261 261 260 260 260 260 260 260 260 260 260 261 261 261 261 261 261 261 261 261 261 261 262 262 261 261 262 262 262 262 262 262 262 262 262 262 262 262 262 262 261 261 260 261 261 260 259 259 259 257 255 252 248 237
-9999 -9999 260 261 261 260 260 261 261 261 260 260 261 261 261 261 261 261 261 260 260 260 260 260 261 261 260 260 260 260 260 260 260 260 260 260 260 261 261 261 261 261 261 261 261 261 261 261 262 262 262 262 262 262 262 262 262 262 262 262 262 262 261 261 261 261 261 260 261 261 260 260 260 259 258 257 255 253 252
-9999 -9999 -9999 -9999 261 261 261 261 261 261 260 260 260 260 261 261 261 260 260 261 260 261 260 261 260 260 260 260 260 261 260 260 260 260 260 260 260 261 261 261 260 261 261 261 261 261 261 261 262 261 261 261 261 261 261 262 261 261 261 262 262 261 261 261 261 261 261 261 261 261 260 260 260 260 259 259 258 257 256
-9999 -9999 -9999 -9999 -9999 -9999 -9999 262 261 261 261 261 260 260 261 260 261 261 260 261 261 260 261 261 260 261 260 261 261 260 260 260 260 260 260 260 260 261 260 260 260 260 260 260 261 261 261 261 261 261 261 261 261 261 261 261 261 261 261 261 261 261 261 261 261 261 260 261 261 261 261 260 260 260 260 260 259 258 256
-9999 -9999 -9999 -9999 -9999 -9999 -9999 -9999 262 262 262 262 261 261 261 260 260 260 260 260 260 260 260 260 260 260 260 260 260 260 260 260 260 260 260 260 260 260 260 260 260 260 260 260 260 260 260 261 261 261 261 261 261 261 261 261 261 261 261 261 261 261 260 260 260 260 260 261 261 260 260 261 260 260 260 260 260 258 257
-9999 -9999 -9999 -9999 -9999 -9999 -9999 -9999 -9999 -9999 -9999 -9999 -9999 -9999 261 261 261 260 261 260 260 260 260 260 260 260 260 260 260 260 260 260 260 260 260 260 260 260 260 260 260 260 260 260 260 260 260 260 260 260 260 260 260 261 261 260 260 260 261 261 260 261 261 260 260 260 260 261 261 260 260 261 261 260 260 260 259 259 258
-9999 -9999 -9999 -9999 -9999 -9999 -9999 -9999 -9999 -9999 -9999 -9999 -9999 -9999 -9999 -9999 -9999 261 261 261 260 260 260 260 260 260 260 260 260 260 260 260 260 260 260 260 260 260 260 260 260 260 259 260 260 259 260 260 260 260 260 260 260 260 260 260 260 260 260 260 260 260 260 260 260 260 260 261 260 260 260 260 261 260 260 260 260 259 259
-9999 -9999 -9999 -9999 -9999 -9999 -9999 -9999 -9999 -9999 -9999 -9999 -9999 -9999 -9999 -9999 -9999 261 -9999 -9999 261 260 260 260 260 260 260 260 260 260 260 260 260 260 259 259 259 259 260 259 259 259 259 259 259 259 260 259 259 260 260 260 260 260 260 260 260 260 260 260 260 260 260 260 260 260 260 260 260 260 260 260 260 261 260 260 260 259 259
-9999 -9999 -9999 -9999 -9999 -9999 -9999 -9999 -9999 -9999 -9999 -9999 -9999 -9999 -9999 -9999 -9999 -9999 -9999 -9999 -9999 261 260 260 260 260 260 260 260 260 260 260 260 259 259 259 259 259 259 259 259 259 259 259 259 259 259 259 259 259 259 259 259 259 259 259 259 259 259 259 259 260 260 260 260 260 260 260 259 260 260 260 260 260 260 260 260 259 259
-9999 -9999 -9999 -9999 -9999 -9999 -9999 -9999 -9999 -9999 -9999 -9999 -9999 -9999 -9999 -9999 -9999 -9999 -9999 -9999 -9999 -9999 -9999 -9999 260 260 260 260 260 259 260 259 259 260 259 259 259 259 259 259 259 259 259 259 259 259 259 259 259 259 259 259 259 259 259 259 259 259 259 259 259 260 260 260 260 260 259 259 259 259 259 259 260 260 260 260 260 259 259
