Artocarpus altilis SDM files/MIS19/Environmental layers/bio1.asc
ncols  1201
nrows  481
xllcorner  119.99986351115
yllcorner  -15.00013828885
cellsize 0.041666667
NODATA_value  -9999
[rows 280 to 314 of 481, columns 474 to 552 of 1201]
255 254 254 255 255 254 254 254 254 255 254 254 254 255 255 255 254 253 252 253 253 252 253 254 254 254 255 254 254 252 252 253 253 252 253 253 253 253 253 253 253 253 253 252 252 252 252 253 253 253 252 251 251 252 252 253 253 251 251 251 250 250 250 250 248 247 245 246 246 242 231 222 211 194 188 195 206 220 223
254 254 255 255 256 254 254 253 254 254 255 254 255 255 255 254 253 253 253 253 252 252 253 254 255 254 255 255 254 252 253 253 253 252 252 253 253 253 253 254 254 253 253 253 252 251 252 254 253 253 252 251 252 252 252 252 252 251 252 251 251 250 250 248 248 246 244 246 247 241 237 230 224 215 214 213 213 214 216
255 255 255 255 256 255 254 254 254 255 255 255 256 255 255 254 253 253 254 253 253 252 253 254 254 254 255 255 254 252 253 254 253 252 252 253 254 253 253 254 254 253 253 252 252 252 253 253 253 253 252 251 251 252 252 252 252 252 251 251 251 251 250 249 250 247 245 248 246 245 243 236 234 229 228 227 220 214 211
255 255 255 255 256 255 254 254 255 255 256 256 256 256 255 254 253 253 254 253 253 252 253 253 253 253 255 255 255 253 253 254 253 252 253 252 253 254 253 254 254 253 253 252 252 252 253 254 253 253 252 251 252 252 253 253 252 252 251 251 250 250 250 250 249 249 248 246 246 246 242 243 244 239 238 236 235 225 212
256 255 256 256 256 255 254 255 255 256 256 256 256 255 255 254 253 253 254 254 253 253 253 253 253 253 254 255 255 254 254 254 254 252 253 253 253 254 254 254 254 254 254 253 253 253 253 254 252 252 251 251 252 252 252 252 252 252 251 250 250 251 250 250 250 249 247 245 246 246 245 247 249 245 244 239 243 244 230
255 256 257 257 256 255 255 255 255 256 256 256 255 255 254 254 253 254 254 254 253 254 253 253 252 252 254 255 255 255 255 255 254 253 254 253 252 253 253 254 254 254 254 254 254 254 254 253 252 251 251 251 252 252 253 252 252 251 251 251 251 251 250 251 250 249 247 246 248 248 248 249 249 247 248 247 248 248 252
256 256 257 256 256 255 255 256 256 256 256 256 254 254 254 254 254 253 254 254 254 253 253 253 252 252 253 254 255 255 255 255 255 255 254 254 252 252 252 254 254 254 254 254 254 254 253 252 252 252 250 250 251 252 253 253 252 251 251 252 251 251 250 249 248 248 247 247 249 249 248 247 250 250 251 250 250 248 250
256 257 257 257 256 255 255 255 256 256 256 256 255 254 254 254 254 254 254 255 254 254 254 253 253 253 252 253 253 254 255 255 255 254 254 253 253 252 252 252 253 253 254 254 253 253 252 252 252 251 251 250 252 252 253 253 252 251 251 251 250 250 249 249 248 248 247 247 247 249 249 249 251 251 251 249 251 250 251
256 257 257 256 256 255 255 256 257 257 257 256 255 254 254 254 254 254 255 255 254 254 254 254 253 253 253 253 253 254 255 255 255 255 254 253 253 253 252 253 254 254 254 254 254 254 253 253 252 251 251 251 252 253 253 253 251 252 252 251 251 250 249 248 248 248 246 246 245 247 249 249 248 251 251 250 251 252 251
257 257 256 256 256 256 256 256 257 257 257 256 255 255 254 254 255 255 255 255 255 255 255 255 254 254 254 254 254 254 255 255 255 255 254 254 254 253 252 253 253 254 255 254 254 253 253 253 253 252 252 251 252 253 253 253 252 252 251 250 249 248 248 248 248 247 246 245 242 247 249 249 249 249 251 251 251 251 252
258 258 257 256 256 257 257 257 257 257 257 256 255 254 254 254 255 254 256 255 255 255 254 254 254 254 254 254 253 254 254 255 255 255 255 254 253 253 253 253 254 254 255 254 253 252 252 252 252 252 252 252 252 253 253 253 252 251 249 249 249 249 249 249 247 247 246 245 247 246 249 249 249 249 249 252 251 251 251
258 258 258 257 257 258 258 258 258 257 257 256 255 255 255 254 255 254 256 256 255 254 254 254 254 254 254 253 254 254 255 255 255 255 255 254 254 253 253 254 254 254 255 254 253 252 253 252 252 253 253 253 253 253 253 253 251 250 249 249 250 248 249 249 248 247 248 247 249 245 247 250 250 249 249 252 252 251 250
258 258 258 258 257 258 257 258 257 257 256 255 255 255 255 255 255 254 255 256 255 254 254 254 254 253 253 253 254 254 254 254 254 255 255 255 255 254 253 253 253 254 255 254 253 253 254 253 253 253 253 253 253 253 252 251 250 250 250 250 249 249 249 249 247 247 248 247 249 248 249 250 250 249 250 250 251 252 251
258 258 258 258 258 258 258 257 257 256 255 255 255 256 256 255 255 255 255 256 256 255 255 255 254 254 254 253 253 254 254 255 255 255 255 255 254 253 253 253 253 254 255 254 254 254 254 254 254 253 253 253 253 252 252 250 250 250 250 250 249 249 250 248 245 245 249 249 250 249 249 250 251 249 250 250 250 252 251
259 258 258 258 258 257 257 256 256 256 255 255 255 256 256 256 256 256 256 256 256 256 255 254 254 254 254 254 254 254 255 255 256 256 255 255 254 254 253 253 253 255 255 254 254 254 254 254 254 253 253 253 252 252 251 250 250 250 250 250 250 250 249 248 247 248 249 250 250 248 249 250 251 250 249 250 251 251 252
258 257 258 257 257 257 257 257 256 256 256 256 256 256 257 256 256 256 257 256 255 255 255 255 254 254 254 254 254 254 254 254 255 256 256 255 255 255 254 254 254 255 255 254 254 254 254 253 254 253 253 252 252 251 250 250 250 251 251 250 250 249 249 248 249 249 250 250 249 248 248 250 251 249 249 250 251 251 252
258 258 258 257 257 257 257 256 256 256 256 256 257 257 257 256 257 257 257 256 255 255 255 255 255 254 254 254 254 254 254 254 254 256 256 256 255 254 254 255 254 254 255 254 254 254 253 253 252 252 252 251 251 250 250 250 250 251 251 251 250 250 249 249 249 250 250 249 249 248 248 250 251 250 249 250 250 251 251
258 257 257 257 257 257 257 256 256 256 256 256 257 257 257 257 258 257 256 256 255 255 255 255 255 255 255 254 255 254 254 254 254 256 256 256 255 254 254 255 254 255 255 254 254 254 254 253 252 252 252 251 251 250 250 251 251 251 251 251 250 250 249 249 250 250 251 249 249 248 249 250 251 249 250 250 250 250 251
258 258 258 257 257 257 257 257 257 257 257 257 257 258 257 258 257 257 256 256 256 255 255 255 255 255 255 255 255 255 254 254 254 255 256 256 256 255 255 255 255 255 255 255 254 253 253 253 253 252 252 252 251 251 250 251 251 251 251 251 250 250 250 249 249 251 250 249 249 249 249 249 251 249 250 250 249 250 250
258 258 258 258 258 258 258 258 257 257 257 257 258 258 257 258 257 256 256 256 256 256 255 256 256 255 256 255 255 254 254 254 255 255 256 256 256 255 256 255 255 255 255 255 254 253 252 253 252 252 252 252 251 251 251 250 251 251 251 251 250 250 250 250 249 251 250 249 249 249 249 250 251 249 249 250 250 250 251
258 258 258 258 258 258 258 258 257 257 257 257 258 258 258 258 257 257 256 256 256 256 256 256 256 256 256 255 255 254 254 255 255 255 256 256 256 256 256 256 256 255 255 254 253 253 253 253 253 252 252 252 251 251 251 251 251 251 252 251 250 250 250 250 250 250 251 249 250 249 249 250 251 250 250 250 250 250 251
259 259 258 258 259 259 258 258 258 258 257 258 259 259 258 258 257 257 256 257 256 256 256 256 256 256 256 255 255 255 254 255 256 256 256 256 256 256 256 256 256 255 254 253 253 254 253 254 253 252 252 252 252 251 251 251 251 252 252 250 250 250 250 250 250 250 251 249 249 250 250 250 250 250 250 250 251 250 250
259 259 259 258 259 259 259 258 258 258 258 258 259 259 258 258 257 257 257 257 256 256 256 256 256 256 256 256 255 255 255 255 256 255 255 256 256 256 256 256 256 255 254 254 253 254 254 254 253 252 252 252 252 252 252 252 252 252 252 250 251 250 250 251 250 251 251 250 249 250 250 250 250 251 250 251 251 251 250
259 259 259 259 259 259 259 258 258 258 258 259 259 259 259 258 258 257 258 257 257 257 256 256 257 256 256 256 255 255 255 255 255 255 255 256 256 256 256 256 256 255 255 254 254 254 255 254 254 253 252 252 252 252 252 252 252 252 252 251 251 251 251 251 250 251 251 250 249 249 250 250 251 251 251 251 252 251 251
259 259 259 259 259 259 259 259 259 258 258 259 259 259 259 258 258 257 258 257 257 257 256 256 256 256 257 256 256 256 255 255 255 255 255 255 256 256 256 256 256 256 255 255 254 254 255 254 254 253 253 252 252 252 252 252 252 252 253 252 252 251 251 251 250 251 251 250 249 249 249 250 250 250 251 251 251 251 251
260 259 259 259 259 259 260 259 259 259 259 259 259 259 258 258 257 258 258 258 257 257 256 256 256 256 257 256 256 256 255 255 255 255 255 255 256 256 256 256 256 256 256 255 255 255 255 254 254 253 254 253 252 252 252 252 252 252 252 252 252 251 250 252 252 252 251 250 250 249 249 249 249 250 251 250 251 251 251
260 259 259 259 259 260 260 260 260 259 259 259 259 259 258 258 258 258 258 258 257 257 256 256 256 257 257 257 257 256 256 255 255 255 256 255 256 256 257 257 256 256 256 256 255 255 255 255 254 254 254 253 252 252 253 253 253 252 252 253 253 252 251 251 252 252 250 250 250 250 249 249 250 250 250 250 250 251 251
260 260 260 260 260 260 260 260 260 259 260 260 259 259 258 258 258 258 258 258 258 257 257 257 257 256 257 257 257 257 256 256 255 255 256 255 256 256 257 256 256 256 256 256 256 256 256 255 254 254 255 253 253 253 253 253 252 253 253 253 253 252 251 251 252 252 251 250 251 251 250 250 250 249 250 250 250 251 251
260 261 260 260 261 260 261 260 260 260 260 260 259 259 259 259 258 258 258 258 258 257 257 257 257 257 257 257 257 257 257 256 256 256 256 256 255 256 256 256 256 256 256 256 256 256 256 256 255 255 254 254 254 254 253 253 252 253 252 252 253 253 252 251 253 251 251 250 251 251 250 251 250 250 250 250 250 251 250
261 261 260 261 261 261 261 261 260 260 260 260 260 260 259 259 258 259 259 258 258 258 257 257 257 257 257 258 258 257 257 256 256 256 256 256 256 255 256 256 256 256 256 257 256 256 256 255 255 255 254 254 254 254 254 254 253 252 252 252 252 252 253 252 253 251 251 252 252 251 251 252 251 251 251 250 250 251 251
261 262 261 261 261 261 260 261 261 261 260 260 260 259 259 259 259 260 259 258 258 258 258 257 258 257 257 258 258 257 257 257 256 256 256 256 256 255 255 256 256 256 256 256 256 256 256 256 255 256 255 255 255 254 254 254 253 253 253 253 252 253 253 253 253 252 252 252 252 252 252 252 251 251 252 251 251 252 251
262 262 261 261 262 261 261 261 261 261 260 260 260 259 259 259 259 259 259 258 259 258 258 258 258 258 258 258 258 257 257 257 256 257 256 256 256 255 256 256 256 255 255 255 256 256 256 256 255 256 255 255 255 255 255 255 253 253 253 253 253 253 253 253 253 253 253 253 253 253 252 252 252 252 253 252 252 252 252
262 262 262 262 262 261 261 261 261 261 261 260 260 259 259 259 260 260 259 259 259 258 258 258 258 258 258 258 258 258 257 257 257 257 257 256 256 256 256 255 256 255 255 256 256 256 256 256 256 256 255 255 255 255 255 255 254 254 253 253 253 253 252 253 253 253 253 253 253 253 253 253 253 253 253 253 253 253 253
262 262 262 262 262 261 262 262 261 261 260 260 261 260 260 259 260 260 260 259 259 258 259 259 258 258 258 258 258 258 257 257 257 257 257 257 256 256 256 256 256 256 256 256 256 256 256 257 255 255 256 255 254 255 255 255 254 254 254 253 253 253 252 252 252 253 253 252 253 252 253 253 253 253 253 253 253 253 253
263 262 262 262 262 262 262 262 261 261 261 261 261 260 260 260 260 260 260 260 260 259 259 259 259 259 258 258 258 258 258 258 258 257 257 256 256 256 256 256 256 256 256 257 257 257 257 256 256 255 255 255 255 255 255 256 254 254 254 253 253 253 253 252 252 253 253 252 252 252 252 253 253 253 253 253 253 253 253
