Artocarpus altilis SDM files/MIS19/Environmental layers/bio1.asc
ncols  1201
nrows  481
xllcorner  119.99986351115
yllcorner  -15.00013828885
cellsize 0.041666667
NODATA_value  -9999
[rows 175 to 209 of 481, columns 395 to 473 of 1201]
264 264 264 264 264 263 263 263 263 262 262 262 262 261 259 260 260 260 259 257 260 260 257 254 256 258 259 259 257 255 250 250 258 258 258 260 258 258 256 252 247 245 248 252 251 255 256 259 259 258 256 253 250 254 255 257 258 260 257 249 241 236 241 249 252 255 259 258 263 263 263 259 259 264 267 268 268 -9999 -9999
263 263 263 263 262 261 258 260 261 258 260 258 261 260 259 259 260 259 260 259 260 259 259 259 259 259 254 250 247 243 245 247 252 248 252 260 260 261 258 253 250 243 245 245 240 252 251 253 257 256 256 251 247 253 259 260 261 261 261 261 260 259 260 261 262 262 262 261 262 264 263 262 261 259 264 267 267 268 268
263 262 262 262 261 261 259 255 258 256 256 258 257 256 256 259 255 255 258 257 256 256 255 255 256 259 258 250 248 246 242 241 241 242 243 253 258 259 254 253 254 246 241 238 240 237 244 249 251 254 254 251 248 253 258 257 257 256 257 258 259 261 261 261 261 259 261 262 262 262 264 263 261 261 263 266 266 266 267
262 260 261 260 258 256 259 255 255 253 242 254 245 239 244 247 246 245 249 250 254 256 256 256 258 256 254 250 247 244 238 241 240 235 238 240 246 251 245 245 249 255 246 236 236 230 237 228 236 238 240 237 240 251 255 255 253 243 250 252 254 259 260 259 258 258 255 259 260 258 261 262 261 261 262 265 265 263 263
261 258 259 257 256 255 253 250 248 239 235 248 252 246 245 236 245 240 240 246 250 251 253 253 252 254 251 251 247 243 240 236 233 233 234 238 238 241 242 242 244 250 247 239 231 219 221 224 225 218 206 200 218 226 232 244 246 245 248 248 253 249 257 257 256 254 254 255 257 259 260 262 261 260 259 262 264 260 261
258 258 257 253 252 249 243 243 243 240 233 234 246 239 243 239 230 222 231 241 244 247 238 244 244 249 243 239 236 238 236 236 236 235 234 238 239 240 240 241 245 248 248 239 229 224 219 216 212 199 192 204 207 200 216 221 215 222 226 236 244 248 253 251 251 255 250 247 254 256 259 260 258 256 258 258 262 261 261
257 256 255 250 244 247 248 247 238 233 240 237 228 226 233 232 228 220 226 230 235 244 236 231 243 246 235 233 230 232 233 230 237 233 237 235 237 239 235 233 237 235 244 253 247 240 234 230 222 210 184 178 183 174 184 180 190 202 211 207 221 236 235 235 242 254 248 247 251 253 255 255 254 253 260 261 258 254 260
254 251 249 251 247 241 241 245 235 232 233 238 236 230 222 230 220 224 231 228 233 228 226 231 237 246 237 233 235 233 234 234 238 233 233 234 237 239 244 238 232 237 240 248 252 246 248 244 239 230 211 204 170 155 179 179 187 181 182 186 193 191 191 206 231 249 246 251 254 257 255 257 257 253 259 261 254 249 256
249 243 251 246 242 239 241 241 238 234 232 232 230 227 223 224 213 207 225 236 237 230 229 233 237 235 231 234 232 238 232 239 244 235 239 239 238 240 239 246 244 246 241 243 250 253 250 253 248 239 231 225 202 185 203 199 199 211 199 162 166 172 176 200 227 241 235 235 241 239 251 256 259 256 258 257 257 250 250
251 247 244 247 240 237 233 232 229 227 221 228 228 222 216 217 217 220 215 237 231 234 238 233 239 235 233 240 232 235 241 236 242 242 245 246 246 248 247 252 256 254 248 241 241 250 255 254 252 250 244 230 210 218 215 208 219 215 215 205 201 202 215 221 221 221 221 235 237 230 240 243 254 253 255 255 253 249 247
253 247 244 250 242 237 241 233 232 225 214 224 221 220 221 226 229 236 236 240 240 240 243 241 244 241 240 243 239 233 235 239 240 247 247 246 249 250 251 253 252 249 250 249 251 246 251 255 254 252 250 249 244 240 228 225 228 221 216 207 218 230 225 233 235 240 242 245 241 239 240 247 253 255 250 246 249 249 244
254 249 251 253 249 238 247 242 234 225 226 228 223 219 230 236 237 230 239 245 241 244 245 244 245 245 244 245 245 239 240 247 249 249 252 250 250 250 252 253 255 255 257 256 255 256 255 248 253 253 253 253 252 250 244 241 239 236 217 221 231 235 237 243 246 251 251 252 251 250 248 246 247 252 250 242 238 242 246
255 254 252 253 253 250 247 247 235 236 230 233 224 229 234 239 244 246 245 249 252 247 244 248 245 248 244 241 248 246 245 240 242 246 249 251 252 255 258 258 259 260 260 260 260 260 261 257 252 247 248 248 251 251 250 252 248 246 242 242 243 246 249 252 254 255 253 251 252 252 252 253 255 255 253 241 243 248 245
257 258 256 257 250 251 249 249 247 241 240 237 234 237 242 237 245 250 249 248 249 246 245 247 245 246 247 246 250 252 252 251 251 252 255 257 257 256 259 260 260 261 261 261 261 262 262 262 260 258 255 250 249 249 251 254 254 253 254 252 253 254 256 255 255 254 253 251 253 252 250 250 253 253 254 249 244 239 242
260 257 248 249 255 251 251 249 248 248 247 243 236 239 243 247 246 247 251 251 251 252 251 250 251 251 251 250 251 251 253 256 258 259 259 259 260 261 261 261 261 261 262 262 262 262 263 263 262 261 261 259 255 249 250 254 255 255 256 255 254 256 257 257 257 256 256 255 254 255 251 252 253 253 252 248 243 234 233
259 254 242 249 252 246 249 248 248 245 246 243 239 242 245 249 249 252 254 256 256 256 256 257 257 257 257 256 257 258 258 258 259 260 260 261 261 262 261 261 262 262 262 262 263 263 263 263 263 262 262 261 261 260 254 250 255 257 257 255 255 256 258 259 258 258 258 256 256 256 253 255 253 252 253 247 238 228 226
258 255 247 246 245 245 244 248 244 245 244 240 241 242 248 251 255 256 257 257 258 258 257 257 258 258 258 258 259 259 259 259 260 260 261 262 262 262 262 262 262 263 263 263 263 263 263 263 263 263 263 263 262 261 261 259 255 258 257 257 257 256 255 257 257 258 258 257 258 257 257 257 254 249 252 252 238 225 226
252 234 235 233 234 239 248 245 246 244 245 244 247 249 252 255 256 257 258 259 259 259 259 260 260 260 260 260 261 261 261 261 261 261 262 262 262 263 263 262 263 263 263 263 263 263 263 263 263 263 263 264 264 263 263 262 262 261 260 259 259 259 259 260 260 260 260 259 259 259 257 257 256 253 249 255 242 235 231
244 226 238 226 233 244 246 239 242 245 249 252 252 253 255 257 258 258 258 259 260 260 260 260 260 260 261 261 261 262 262 262 262 262 262 262 263 263 263 263 263 263 263 263 263 263 264 264 264 264 263 264 264 263 263 263 262 262 262 261 262 261 261 261 261 261 261 260 260 259 259 258 257 256 254 253 250 234 225
226 218 230 221 233 241 243 240 234 242 253 255 256 256 257 258 259 259 259 260 260 260 260 260 261 261 261 261 262 262 262 262 262 263 262 262 263 263 263 263 263 263 263 263 264 264 264 264 264 264 263 264 264 264 263 263 263 263 263 263 263 262 262 262 262 262 261 261 260 260 260 259 258 258 257 251 252 239 221
228 221 215 219 222 228 236 233 228 243 253 257 257 257 257 258 259 259 260 260 260 260 261 260 261 261 261 262 262 262 262 262 263 262 262 263 263 263 263 263 263 263 263 264 264 264 264 264 264 264 264 264 264 264 264 264 263 264 264 264 263 263 263 262 262 262 262 261 261 261 261 260 259 259 258 256 250 243 219
222 191 187 191 206 212 220 221 232 248 256 257 258 258 256 258 258 259 260 260 260 260 260 261 261 261 261 262 262 262 262 262 262 262 263 263 263 263 263 263 263 263 263 263 264 264 264 264 264 264 265 264 265 264 264 264 264 264 264 264 264 263 263 263 263 263 262 262 262 261 261 261 260 259 258 256 254 245 234
210 170 164 169 190 179 200 228 244 253 257 256 258 258 258 252 249 260 260 260 260 258 260 261 261 261 261 262 261 262 262 262 262 263 263 263 263 263 263 263 263 263 263 263 264 264 264 264 264 264 265 265 265 265 265 265 265 265 264 265 264 264 264 264 264 263 263 263 262 262 262 261 261 260 259 259 257 252 246
197 162 131 146 155 178 218 228 251 256 257 256 255 249 255 234 250 258 259 260 259 259 259 261 260 261 261 261 262 259 259 260 262 263 263 263 263 263 262 262 263 263 263 264 264 264 264 264 264 264 264 265 265 265 265 265 265 265 265 265 265 264 264 264 264 264 264 263 263 263 263 262 261 261 260 259 258 257 252
193 173 143 155 181 210 227 244 252 255 254 243 240 241 243 238 256 257 257 258 259 258 260 261 261 261 259 257 255 249 236 236 248 262 261 262 262 260 253 259 259 260 261 263 264 264 264 264 264 264 264 258 264 265 265 265 265 265 265 265 265 265 265 265 265 264 264 264 264 263 263 263 262 262 261 260 259 258 256
192 174 184 140 165 197 219 236 248 249 247 248 240 241 224 245 257 257 256 259 259 255 259 260 261 260 249 221 241 239 209 216 245 245 247 256 242 253 258 258 252 232 220 241 252 259 258 259 261 261 260 245 247 263 263 263 262 265 265 265 265 265 265 265 265 265 264 264 264 264 263 263 263 262 261 260 259 259 259
192 187 203 185 192 206 214 231 228 226 223 242 230 217 213 238 253 255 257 258 257 256 258 257 260 259 249 229 231 229 212 207 215 218 245 224 215 242 236 251 238 221 186 196 214 242 243 243 246 253 251 240 226 240 260 258 255 264 265 265 265 265 265 265 265 265 264 264 265 264 264 264 263 263 262 262 261 260 259
173 193 214 219 225 224 232 233 215 195 200 234 213 203 228 241 248 250 253 243 242 240 247 252 255 253 248 237 224 229 222 209 192 208 234 199 227 231 243 245 235 197 193 209 195 211 203 214 207 229 240 240 216 200 230 230 229 251 263 265 265 265 265 265 265 265 265 265 265 265 264 264 264 264 263 262 262 261 260
150 183 200 202 201 197 217 198 221 212 171 212 225 199 214 226 232 224 230 245 228 222 241 237 248 246 239 241 240 230 209 195 209 218 201 185 186 200 205 226 240 235 234 216 189 181 159 166 156 181 204 205 219 190 167 180 214 241 251 251 250 259 260 264 265 265 265 265 265 265 265 264 264 264 264 263 263 262 261
173 197 174 147 154 155 178 198 207 187 185 213 225 203 207 196 218 195 215 236 221 216 229 227 235 221 197 225 212 204 193 176 165 179 151 169 182 215 218 222 209 188 193 211 218 210 169 135 120 171 172 154 180 174 145 161 204 214 198 223 204 217 237 219 241 265 265 265 265 265 265 265 264 264 264 264 264 263 263
130 155 181 180 155 131 114 154 171 175 197 214 208 211 174 201 199 169 179 221 227 196 198 216 222 202 160 183 213 203 172 143 123 125 161 186 191 180 169 189 201 170 140 140 155 198 207 184 148 131 110 94 112 123 131 132 161 157 146 167 154 175 188 193 217 235 258 264 265 265 265 265 265 265 264 264 264 264 263
102 131 159 176 167 145 109 110 114 146 176 185 177 201 178 174 185 169 189 220 231 220 184 187 212 172 133 184 192 194 181 145 98 141 164 133 155 140 132 157 148 158 119 100 134 153 192 173 151 133 103 117 133 146 156 164 175 148 170 165 170 168 186 206 219 233 239 253 257 260 259 264 265 265 264 264 264 264 264
121 134 160 177 172 162 144 115 120 125 119 114 127 161 170 158 162 182 198 176 194 228 208 172 174 178 150 149 171 167 150 135 125 117 128 141 137 126 110 116 107 114 112 102 127 140 182 195 161 144 137 128 146 177 194 198 185 178 175 195 202 198 208 209 208 217 236 228 238 235 235 244 262 264 264 263 263 264 264
180 179 178 166 160 168 158 143 119 104 98 90 96 106 118 114 127 154 152 180 205 210 218 189 181 184 178 178 205 179 159 161 167 164 171 182 177 165 139 141 132 130 130 120 146 162 177 187 187 178 165 141 158 180 202 199 208 202 204 208 207 222 227 228 232 236 238 238 241 229 230 245 256 262 260 260 263 263 263
163 170 161 169 173 170 168 157 138 137 123 119 137 134 134 125 148 163 180 202 176 192 194 203 212 211 213 211 200 194 196 196 199 185 183 173 166 173 165 164 157 155 152 134 156 162 158 181 177 153 142 150 179 193 200 186 207 217 221 220 225 221 214 208 222 227 233 239 241 244 239 238 243 254 260 262 262 255 258
