Artocarpus altilis SDM files/MIS19/Environmental layers/bio16.asc
ncols  1201
nrows  481
xllcorner  119.99986351115
yllcorner  -15.00013828885
cellsize 0.041666667
NODATA_value  -9999
[rows 175 to 209 of 481, columns 468 to 545 of 1201]
797 775 780 791 -9999 -9999 -9999 -9999 -9999 -9999 -9999 -9999 -9999 -9999 -9999 -9999 -9999 -9999 -9999 -9999 -9999 -9999 -9999 -9999 -9999 -9999 -9999 -9999 -9999 -9999 -9999 -9999 -9999 -9999 -9999 -9999 -9999 -9999 -9999 -9999 -9999 -9999 -9999 -9999 -9999 -9999 -9999 -9999 -9999 -9999 -9999 -9999 -9999 -9999 -9999 -9999 -9999 -9999 -9999 -9999 -9999 -9999 -9999 -9999 -9999 -9999 -9999 -9999 -9999 -9999 -9999 -9999 -9999 -9999 -9999 -9999 -9999 -9999
906 794 764 797 796 794 -9999 -9999 -9999 -9999 -9999 -9999 -9999 838 835 823 -9999 -9999 -9999 -9999 -9999 -9999 -9999 -9999 -9999 -9999 -9999 -9999 -9999 -9999 -9999 -9999 -9999 -9999 -9999 -9999 -9999 -9999 -9999 -9999 -9999 -9999 -9999 -9999 -9999 -9999 -9999 -9999 -9999 -9999 -9999 -9999 -9999 -9999 -9999 -9999 -9999 -9999 -9999 -9999 -9999 -9999 -9999 -9999 -9999 -9999 -9999 -9999 -9999 -9999 -9999 -9999 -9999 -9999 -9999 -9999 -9999 -9999
851 808 754 788 825 811 825 827 844 856 854 861 855 883 1004 843 766 -9999 -9999 -9999 -9999 -9999 -9999 -9999 -9999 -9999 -9999 -9999 -9999 -9999 -9999 -9999 -9999 -9999 -9999 -9999 -9999 -9999 -9999 -9999 -9999 -9999 -9999 -9999 -9999 -9999 -9999 -9999 -9999 -9999 -9999 -9999 -9999 -9999 -9999 -9999 -9999 -9999 -9999 -9999 -9999 -9999 -9999 -9999 -9999 -9999 -9999 -9999 -9999 -9999 -9999 -9999 -9999 -9999 -9999 -9999 -9999 -9999
838 831 768 835 926 900 830 833 852 865 869 862 866 982 1093 922 874 761 798 -9999 858 904 826 -9999 -9999 -9999 -9999 -9999 -9999 -9999 -9999 -9999 -9999 -9999 -9999 -9999 -9999 -9999 -9999 -9999 -9999 -9999 -9999 -9999 -9999 -9999 -9999 -9999 -9999 -9999 -9999 -9999 -9999 -9999 -9999 -9999 -9999 -9999 -9999 -9999 -9999 -9999 -9999 -9999 -9999 -9999 -9999 -9999 -9999 -9999 -9999 -9999 -9999 -9999 -9999 -9999 -9999 -9999
891 938 808 827 978 886 832 816 835 862 866 864 865 935 1028 880 929 833 862 806 817 1022 949 835 884 842 846 759 -9999 -9999 -9999 -9999 -9999 -9999 -9999 -9999 -9999 -9999 -9999 -9999 -9999 -9999 -9999 -9999 -9999 -9999 -9999 -9999 -9999 -9999 -9999 -9999 -9999 -9999 -9999 -9999 -9999 -9999 -9999 -9999 -9999 -9999 -9999 -9999 -9999 -9999 -9999 -9999 -9999 -9999 -9999 -9999 -9999 -9999 -9999 -9999 -9999 -9999
993 908 891 790 913 890 836 902 817 846 865 853 874 883 945 890 987 1020 932 809 765 957 1008 956 1027 1009 1006 856 883 744 -9999 -9999 -9999 -9999 -9999 -9999 -9999 -9999 -9999 -9999 -9999 -9999 -9999 -9999 -9999 -9999 -9999 -9999 -9999 -9999 -9999 -9999 -9999 -9999 -9999 -9999 -9999 -9999 -9999 -9999 -9999 -9999 -9999 -9999 -9999 -9999 -9999 -9999 -9999 -9999 -9999 -9999 -9999 -9999 -9999 -9999 -9999 -9999
967 787 799 934 985 846 894 936 860 862 894 868 879 878 850 864 938 1045 1076 846 825 748 810 983 948 810 970 800 758 675 674 -9999 -9999 -9999 -9999 -9999 -9999 -9999 -9999 -9999 -9999 -9999 -9999 -9999 -9999 -9999 -9999 -9999 -9999 -9999 -9999 -9999 -9999 -9999 -9999 -9999 -9999 -9999 -9999 -9999 -9999 -9999 -9999 -9999 -9999 -9999 -9999 -9999 -9999 -9999 -9999 -9999 -9999 -9999 -9999 -9999 -9999 -9999
975 798 805 1031 1014 868 865 991 905 1070 1037 860 843 924 885 884 892 940 986 891 882 693 707 706 730 749 753 707 678 644 -9999 -9999 -9999 -9999 -9999 -9999 -9999 -9999 -9999 -9999 -9999 -9999 -9999 -9999 -9999 -9999 -9999 -9999 -9999 -9999 -9999 -9999 -9999 -9999 -9999 -9999 -9999 -9999 -9999 -9999 -9999 -9999 -9999 -9999 -9999 -9999 -9999 -9999 -9999 -9999 -9999 -9999 -9999 -9999 -9999 -9999 -9999 -9999
928 864 927 951 1044 971 827 973 1121 1029 1103 999 842 919 994 1023 947 864 921 937 861 699 717 726 739 744 749 771 674 677 820 860 805 837 950 1003 988 1029 918 -9999 -9999 -9999 -9999 -9999 -9999 -9999 -9999 -9999 -9999 -9999 -9999 -9999 -9999 -9999 -9999 -9999 -9999 -9999 -9999 -9999 -9999 -9999 -9999 -9999 -9999 -9999 -9999 -9999 -9999 -9999 -9999 -9999 -9999 -9999 -9999 -9999 -9999 -9999
992 927 997 1033 1097 1041 887 980 1059 1153 1171 993 899 1058 1108 1128 950 873 859 844 881 858 781 778 782 854 868 986 884 768 728 822 855 804 922 1063 1128 1015 909 893 1055 929 893 -9999 -9999 -9999 -9999 -9999 -9999 -9999 -9999 -9999 -9999 -9999 -9999 -9999 -9999 -9999 -9999 -9999 -9999 -9999 -9999 -9999 -9999 -9999 -9999 -9999 -9999 -9999 -9999 -9999 -9999 -9999 -9999 -9999 -9999 -9999
838 1047 1081 1049 1051 1100 1031 1084 1066 1151 1144 1035 906 875 900 1066 1058 937 872 792 917 1030 1003 972 880 815 806 906 794 823 714 771 809 815 867 929 993 879 872 908 1158 1003 820 838 -9999 -9999 -9999 -9999 -9999 -9999 -9999 -9999 -9999 -9999 -9999 -9999 -9999 -9999 -9999 -9999 -9999 -9999 -9999 -9999 -9999 -9999 -9999 -9999 -9999 -9999 -9999 -9999 -9999 -9999 -9999 -9999 -9999 -9999
876 1004 1165 1128 992 981 1106 920 1097 1070 1089 1107 888 898 1005 1032 918 1085 981 832 783 915 876 761 740 744 737 752 793 829 724 774 853 964 1025 1046 1078 1062 1060 1087 1153 970 834 847 827 866 877 -9999 -9999 -9999 -9999 -9999 -9999 -9999 -9999 -9999 -9999 -9999 -9999 -9999 -9999 -9999 -9999 -9999 -9999 -9999 -9999 -9999 -9999 -9999 -9999 -9999 -9999 -9999 -9999 -9999 -9999 -9999
834 989 1175 977 869 945 1001 878 1040 1007 1108 992 951 857 954 1031 948 963 986 943 847 886 802 762 736 715 720 719 739 778 741 842 892 1096 1060 884 946 925 906 855 922 881 907 835 826 795 846 880 874 833 -9999 -9999 -9999 -9999 -9999 -9999 -9999 -9999 -9999 -9999 -9999 -9999 -9999 -9999 -9999 -9999 -9999 -9999 -9999 -9999 -9999 -9999 -9999 -9999 -9999 -9999 -9999 -9999
934 972 1101 1130 1168 1056 1055 890 895 981 1060 1106 973 876 835 883 1100 1125 916 1063 1060 948 836 847 902 850 788 789 798 822 827 857 924 1064 1021 1012 983 873 857 794 868 809 926 852 824 802 760 853 852 846 791 803 -9999 -9999 -9999 -9999 -9999 -9999 -9999 -9999 -9999 -9999 -9999 -9999 -9999 -9999 -9999 -9999 -9999 -9999 -9999 -9999 -9999 -9999 -9999 -9999 -9999 -9999
906 991 1128 1176 1230 1103 997 851 850 914 1142 1128 1137 902 1043 854 1002 1125 1075 880 941 1099 919 767 793 819 749 751 788 819 864 883 894 960 988 965 904 856 794 765 793 777 798 821 780 741 769 865 851 940 966 883 792 773 -9999 -9999 -9999 -9999 -9999 -9999 -9999 -9999 -9999 -9999 -9999 -9999 -9999 -9999 -9999 -9999 -9999 -9999 -9999 -9999 -9999 -9999 -9999 -9999
1005 997 1175 1220 1284 1158 920 1014 863 858 1087 1063 1106 1061 1155 902 857 997 1045 1064 988 1018 901 835 955 802 732 884 854 821 853 898 900 904 864 846 798 827 768 733 749 751 774 779 762 739 804 890 861 961 1004 848 828 774 842 857 -9999 -9999 -9999 -9999 -9999 -9999 -9999 -9999 -9999 -9999 -9999 -9999 -9999 -9999 -9999 -9999 -9999 -9999 -9999 -9999 -9999 -9999
1129 945 970 1240 1290 1105 1073 1112 845 838 902 968 1071 1019 1013 909 901 1058 1090 1045 1053 1133 1034 867 830 776 884 958 843 810 789 844 908 924 919 912 915 911 790 780 788 763 769 797 773 809 826 849 887 909 969 976 908 833 908 805 785 -9999 -9999 -9999 -9999 -9999 -9999 -9999 -9999 -9999 -9999 -9999 -9999 -9999 -9999 -9999 -9999 -9999 -9999 -9999 -9999 -9999
1081 1105 860 1201 1166 1130 1099 1023 896 837 862 922 962 1068 1035 1099 984 1017 974 952 961 973 906 911 882 810 1015 948 798 785 787 816 922 954 930 933 926 929 856 885 856 791 796 790 780 832 873 823 896 920 938 921 901 830 823 827 837 847 802 813 796 784 -9999 -9999 -9999 -9999 -9999 -9999 -9999 -9999 -9999 -9999 -9999 -9999 -9999 -9999 -9999 -9999
982 1032 994 1087 1253 1285 1173 1021 1110 894 849 882 978 1085 1040 1110 1025 1030 1035 946 1102 1074 1027 973 993 915 963 885 816 793 897 930 944 1055 971 980 955 932 881 908 874 796 763 766 819 834 874 857 849 830 798 776 809 762 731 729 730 777 781 745 773 776 769 -9999 -9999 -9999 -9999 -9999 -9999 -9999 -9999 -9999 -9999 -9999 -9999 -9999 -9999 -9999
951 997 1126 1015 1231 1300 1230 1046 1010 909 837 854 925 1135 1163 1123 972 1067 1107 1076 1080 955 1054 966 998 1032 949 934 926 856 894 1058 961 1089 1048 1094 919 938 887 910 836 810 748 801 844 841 865 858 862 779 788 823 813 724 716 769 735 739 729 756 765 756 797 800 -9999 -9999 -9999 -9999 -9999 -9999 -9999 -9999 -9999 -9999 -9999 -9999 -9999 -9999
942 1004 1034 1152 1198 1339 1227 915 1023 1132 887 830 897 958 992 1026 958 1011 1124 1174 1136 997 1142 1081 915 967 814 822 959 837 909 945 1089 1137 1162 1211 998 1008 986 935 1001 870 820 903 925 917 933 929 919 920 869 912 869 785 793 786 757 728 728 775 747 793 793 804 827 823 829 841 816 805 -9999 793 -9999 -9999 -9999 -9999 -9999 -9999
989 1042 1028 1084 1168 1239 1053 1039 1141 920 869 833 882 939 969 976 1103 1078 1182 1117 1075 1057 971 1018 898 931 865 892 1005 949 975 1030 942 1162 1214 1185 1263 1040 1044 804 915 971 983 1026 1010 998 1039 1015 1017 1011 996 971 958 823 797 927 788 749 784 912 818 783 814 868 819 829 848 812 801 793 788 786 -9999 -9999 -9999 -9999 -9999 -9999
1003 954 973 999 1116 1136 1128 1210 1165 911 825 947 857 907 974 955 1018 1011 1016 968 1058 1100 998 1071 916 934 975 1025 1116 1106 1043 1154 1017 1120 1139 1183 1151 1223 1087 946 1066 1102 986 809 820 870 862 783 854 1053 978 954 886 710 774 883 832 777 801 787 855 728 824 870 806 812 786 807 806 805 792 779 -9999 -9999 -9999 -9999 -9999 -9999
970 968 965 1006 1023 1104 1050 1157 1045 906 909 884 889 914 927 977 983 984 980 1008 1006 1076 1148 1257 963 919 1056 955 1035 1083 1061 1121 943 1020 1088 1021 1123 1018 1019 995 966 1051 884 863 775 799 875 782 941 940 871 1078 800 694 886 919 715 728 710 777 792 787 870 826 824 904 795 780 830 792 792 775 775 778 765 -9999 -9999 -9999
950 948 972 993 1001 1029 1098 1029 1155 954 1060 1084 1060 979 872 941 984 1011 966 990 1053 1045 1110 1203 979 1030 1044 908 1022 1033 1093 1120 974 967 976 1017 1085 1053 863 901 850 822 807 796 783 791 912 772 924 836 923 1090 942 876 784 897 902 792 681 820 855 861 893 813 794 748 700 778 796 730 751 772 802 807 796 749 719 701
934 962 987 986 976 936 1055 1093 1133 996 1115 1129 1156 953 963 892 1156 1052 1064 949 997 1018 1025 1080 1027 1040 948 954 1038 1051 1124 1111 1054 880 1023 982 1143 869 825 819 849 805 782 797 812 826 945 839 877 828 995 876 887 997 781 757 865 809 662 820 1025 1013 981 825 767 687 719 797 749 755 787 818 874 884 862 850 773 722
900 936 936 945 945 958 976 1101 1143 927 1026 1154 1201 1035 1038 949 1048 1050 1201 1098 890 940 1011 1064 1023 1046 1007 1014 1078 1087 1071 1122 980 941 1023 1096 1100 975 1037 876 835 823 811 800 806 828 829 812 846 829 850 805 908 943 905 888 767 828 737 772 1032 1070 1009 807 809 864 1003 918 993 963 913 980 1022 997 872 969 839 811
882 905 920 943 929 964 992 1028 1044 982 1079 1091 1163 1158 894 944 955 1169 1021 1148 911 950 963 1032 1043 1065 1039 1048 1061 1052 1061 1069 1048 1120 1103 1175 981 1035 913 875 845 832 826 819 817 834 824 821 833 856 828 814 903 893 865 804 744 825 790 975 964 1018 907 1020 907 929 1032 1018 944 874 827 924 837 920 718 754 746 857
872 888 885 910 919 944 959 910 1007 1145 1228 976 970 1054 1070 956 1163 1108 1034 899 937 1070 1048 958 1027 1049 1064 1102 1108 1089 1097 1122 1179 1117 1178 1054 994 1003 1063 1155 1054 841 812 826 836 833 846 819 847 826 818 891 823 852 824 825 789 805 869 894 870 819 831 904 950 790 808 881 799 715 679 746 753 727 835 755 871 749
862 868 871 867 895 900 954 1037 990 1136 1264 944 853 922 1059 1114 1215 1252 1293 915 881 1037 1178 1015 981 1118 1014 1106 1117 1101 1131 1173 1114 1096 1122 1069 1057 1103 1110 1131 921 808 817 830 849 852 852 845 822 827 834 843 859 836 789 880 785 825 807 797 865 790 758 874 946 799 775 767 743 742 711 713 727 753 686 702 785 669
821 842 854 857 868 877 943 1046 980 1020 1140 1088 873 895 908 1120 1175 1137 1322 1222 868 939 1185 1164 1109 1068 966 1061 1103 1098 1163 1214 1228 1174 1103 1093 1097 1146 1145 1125 930 848 918 855 839 860 855 865 848 853 826 853 869 836 816 931 805 874 783 830 918 831 774 853 814 754 718 699 668 782 706 739 731 687 671 672 770 744
773 810 823 834 845 856 883 925 932 1020 1055 1044 975 866 936 1044 1119 1095 1275 1339 983 924 1125 1180 1257 960 975 1027 1097 1128 1233 1246 1279 1231 1167 1122 1217 1192 1225 1093 946 950 945 830 830 863 877 876 863 840 846 874 857 842 854 929 825 824 823 858 871 831 818 800 807 827 736 761 690 824 813 715 821 752 685 801 678 785
737 761 806 827 805 839 876 889 946 1047 880 912 1050 982 1035 984 949 1103 1188 1247 1136 898 1178 1128 1269 1001 1075 1068 1128 1108 1144 1170 1214 1287 1329 1348 1188 1116 1099 1176 1059 997 935 840 838 901 1004 897 867 833 885 888 857 851 913 959 845 852 831 946 869 855 795 772 910 1003 765 888 759 764 790 765 759 713 712 753 655 715
728 785 814 774 809 795 863 952 1043 995 1074 1004 875 948 1069 915 986 993 1086 1131 1174 984 1201 1300 1274 1189 1198 1071 1192 1252 1169 1112 1154 1377 1461 1371 1011 995 956 1275 1181 1007 994 862 864 940 991 882 858 867 897 894 858 901 960 973 861 832 936 878 824 828 779 852 921 939 820 829 739 818 740 727 690 685 694 717 693 716
719 703 708 779 937 822 928 1066 977 1026 982 979 842 922 887 923 953 979 989 1176 1044 1102 1219 1155 1309 1414 1345 1073 1185 1238 1084 1268 1112 1357 1479 1438 1412 1050 958 1087 1028 986 982 998 890 905 927 938 915 908 910 899 893 906 942 881 871 889 933 907 767 806 869 887 912 880 841 738 802 779 733 744 680 730 693 777 702 698
