Artocarpus altilis SDM files/MIS19/Environmental layers/bio1.asc
ncols  1201
nrows  481
xllcorner  119.99986351115
yllcorner  -15.00013828885
cellsize 0.041666667
NODATA_value  -9999
[rows 175 to 209 of 481, columns 316 to 394 of 1201]
-9999 -9999 -9999 -9999 -9999 -9999 -9999 -9999 -9999 -9999 -9999 -9999 256 256 256 255 256 256 256 250 250 244 228 251 -9999 -9999 -9999 -9999 -9999 -9999 -9999 -9999 262 262 -9999 -9999 -9999 -9999 -9999 -9999 266 -9999 -9999 -9999 -9999 -9999 -9999 -9999 -9999 -9999 -9999 -9999 -9999 -9999 -9999 -9999 -9999 -9999 -9999 -9999 -9999 -9999 -9999 -9999 -9999 -9999 -9999 -9999 -9999 -9999 -9999 -9999 -9999 -9999 -9999 265 264 264 264
-9999 -9999 -9999 -9999 -9999 -9999 -9999 -9999 -9999 -9999 -9999 -9999 -9999 -9999 -9999 256 255 256 254 250 249 248 228 249 253 -9999 -9999 -9999 -9999 -9999 -9999 -9999 261 260 -9999 -9999 -9999 -9999 -9999 -9999 -9999 -9999 -9999 -9999 -9999 -9999 -9999 -9999 -9999 -9999 -9999 -9999 -9999 -9999 -9999 -9999 -9999 -9999 -9999 -9999 -9999 -9999 -9999 -9999 -9999 -9999 -9999 -9999 -9999 -9999 -9999 -9999 -9999 -9999 -9999 265 264 264 263
-9999 -9999 -9999 -9999 -9999 -9999 -9999 -9999 -9999 -9999 -9999 -9999 -9999 -9999 -9999 -9999 256 255 255 253 255 255 234 238 251 -9999 -9999 -9999 -9999 -9999 -9999 261 259 259 -9999 -9999 -9999 -9999 -9999 -9999 -9999 -9999 -9999 -9999 -9999 -9999 -9999 -9999 -9999 -9999 -9999 -9999 -9999 -9999 -9999 -9999 -9999 -9999 -9999 -9999 -9999 -9999 -9999 -9999 -9999 -9999 -9999 -9999 -9999 -9999 -9999 -9999 -9999 -9999 -9999 265 264 263 263
-9999 256 -9999 -9999 -9999 -9999 -9999 255 255 -9999 -9999 -9999 -9999 -9999 -9999 -9999 255 255 255 256 253 251 236 238 250 258 -9999 -9999 -9999 -9999 -9999 -9999 259 256 259 -9999 -9999 -9999 -9999 -9999 -9999 -9999 -9999 266 -9999 -9999 -9999 -9999 -9999 -9999 -9999 -9999 -9999 -9999 -9999 -9999 -9999 -9999 -9999 -9999 -9999 -9999 -9999 -9999 -9999 -9999 -9999 -9999 -9999 -9999 -9999 -9999 -9999 -9999 -9999 264 263 263 263
255 254 255 255 255 -9999 -9999 255 254 254 -9999 -9999 -9999 254 254 254 255 255 255 256 249 232 241 244 243 252 256 -9999 -9999 -9999 -9999 -9999 261 259 -9999 -9999 -9999 -9999 -9999 -9999 -9999 -9999 -9999 -9999 -9999 -9999 -9999 -9999 -9999 -9999 -9999 -9999 -9999 -9999 -9999 -9999 -9999 -9999 -9999 -9999 -9999 -9999 -9999 -9999 -9999 -9999 -9999 -9999 -9999 -9999 -9999 -9999 -9999 -9999 264 263 263 263 263
254 254 254 254 255 -9999 255 -9999 254 254 254 255 -9999 255 254 254 254 255 255 255 255 226 244 248 245 241 253 258 -9999 -9999 -9999 261 258 258 259 259 -9999 -9999 -9999 -9999 -9999 -9999 -9999 -9999 -9999 -9999 -9999 -9999 -9999 -9999 -9999 -9999 -9999 -9999 -9999 -9999 -9999 -9999 -9999 -9999 -9999 -9999 -9999 -9999 -9999 -9999 -9999 -9999 -9999 -9999 -9999 -9999 -9999 -9999 264 263 263 261 260
255 255 254 254 254 254 254 254 -9999 255 254 255 255 254 255 254 249 253 249 255 254 229 231 250 246 241 247 255 259 259 -9999 259 250 247 240 247 -9999 -9999 -9999 -9999 -9999 -9999 -9999 -9999 -9999 -9999 -9999 -9999 -9999 -9999 -9999 -9999 -9999 -9999 -9999 -9999 -9999 -9999 -9999 -9999 -9999 -9999 -9999 -9999 -9999 -9999 -9999 -9999 -9999 -9999 -9999 -9999 -9999 -9999 264 263 260 258 259
255 255 254 253 253 254 254 254 255 255 254 254 254 254 255 250 238 246 239 250 253 244 235 252 246 244 244 252 258 259 260 255 245 235 213 246 -9999 -9999 -9999 -9999 -9999 -9999 -9999 -9999 -9999 -9999 -9999 -9999 -9999 -9999 -9999 -9999 -9999 -9999 -9999 -9999 -9999 -9999 -9999 -9999 -9999 -9999 -9999 -9999 -9999 -9999 -9999 -9999 -9999 -9999 -9999 -9999 -9999 264 263 262 260 258 256
254 253 253 253 254 254 254 254 254 254 254 253 254 254 254 253 250 245 241 235 252 245 240 249 248 245 244 249 256 -9999 260 255 247 234 205 240 -9999 -9999 -9999 -9999 -9999 -9999 -9999 -9999 -9999 -9999 -9999 -9999 -9999 -9999 -9999 -9999 -9999 -9999 -9999 -9999 -9999 -9999 -9999 -9999 -9999 -9999 -9999 -9999 -9999 -9999 -9999 -9999 -9999 -9999 -9999 -9999 -9999 263 262 262 261 259 256
253 252 253 254 254 254 254 254 254 254 253 253 253 253 254 254 254 247 242 242 243 248 244 250 252 242 244 243 253 -9999 -9999 259 242 212 182 230 -9999 -9999 -9999 -9999 -9999 -9999 -9999 -9999 -9999 -9999 -9999 -9999 -9999 -9999 -9999 -9999 -9999 -9999 -9999 -9999 -9999 -9999 -9999 -9999 -9999 -9999 -9999 -9999 -9999 -9999 -9999 -9999 -9999 -9999 264 263 262 262 261 261 261 260 255
253 253 254 254 254 254 254 253 253 253 252 253 254 253 254 252 252 253 240 247 238 243 246 244 246 247 243 244 247 254 -9999 260 236 194 189 242 -9999 -9999 -9999 257 258 -9999 -9999 -9999 -9999 -9999 -9999 -9999 -9999 -9999 -9999 -9999 -9999 -9999 -9999 -9999 -9999 -9999 -9999 -9999 -9999 -9999 -9999 -9999 -9999 -9999 -9999 -9999 263 263 262 261 260 262 262 261 259 259 258
253 254 254 253 253 254 253 253 252 251 253 254 254 252 254 249 231 247 241 242 243 241 241 237 232 246 247 246 243 249 -9999 259 242 187 188 250 -9999 -9999 -9999 261 261 -9999 -9999 -9999 -9999 -9999 -9999 -9999 -9999 -9999 -9999 -9999 -9999 -9999 -9999 -9999 -9999 -9999 -9999 -9999 -9999 -9999 -9999 -9999 -9999 -9999 -9999 264 262 262 261 261 262 263 263 261 260 260 258
253 253 251 252 252 253 253 252 251 251 253 253 253 251 249 239 214 233 224 229 240 246 242 243 237 237 252 246 243 249 255 -9999 248 188 179 247 -9999 -9999 -9999 -9999 -9999 -9999 -9999 -9999 -9999 -9999 -9999 -9999 -9999 -9999 -9999 -9999 -9999 -9999 -9999 -9999 -9999 -9999 -9999 -9999 -9999 -9999 -9999 -9999 -9999 -9999 264 263 263 262 262 263 263 263 262 261 261 258 255
252 252 252 252 252 252 252 252 251 251 253 253 250 250 249 231 222 223 223 225 248 244 239 245 244 229 241 246 244 248 254 259 256 212 184 237 -9999 -9999 -9999 -9999 -9999 -9999 -9999 -9999 -9999 -9999 -9999 -9999 -9999 -9999 -9999 -9999 -9999 -9999 -9999 -9999 -9999 -9999 -9999 -9999 -9999 -9999 -9999 -9999 -9999 -9999 263 263 263 262 263 263 263 262 262 262 261 260 257
250 249 250 251 251 251 251 251 252 251 252 253 251 249 249 241 240 234 236 232 245 241 235 243 241 244 235 227 243 245 251 258 258 235 194 234 -9999 -9999 -9999 -9999 -9999 -9999 -9999 -9999 -9999 -9999 -9999 -9999 -9999 -9999 -9999 -9999 -9999 -9999 -9999 -9999 -9999 -9999 -9999 -9999 -9999 -9999 -9999 -9999 -9999 264 263 263 263 263 263 263 262 262 262 262 262 261 261
252 251 251 251 251 251 251 251 251 251 252 252 252 250 248 251 241 233 244 238 237 242 230 236 235 245 243 222 232 240 245 255 258 249 210 247 259 -9999 -9999 259 257 -9999 -9999 -9999 -9999 -9999 -9999 -9999 -9999 -9999 -9999 -9999 -9999 -9999 -9999 -9999 -9999 -9999 -9999 -9999 264 263 -9999 -9999 -9999 263 263 263 263 263 263 263 262 262 262 262 262 262 261
254 253 252 252 251 251 251 251 251 251 252 251 252 251 252 254 246 232 242 246 241 242 217 212 225 236 241 226 219 232 236 251 257 256 220 242 257 -9999 254 252 254 -9999 -9999 -9999 -9999 -9999 -9999 -9999 -9999 -9999 -9999 -9999 -9999 -9999 -9999 -9999 -9999 -9999 -9999 -9999 262 262 262 263 -9999 -9999 263 263 263 263 263 263 262 262 262 262 261 262 261
251 252 253 252 252 252 251 252 251 250 251 251 253 253 252 254 250 236 236 247 252 245 235 204 200 225 238 229 220 221 236 247 256 257 228 242 256 257 253 235 256 -9999 -9999 -9999 -9999 -9999 -9999 -9999 -9999 -9999 -9999 -9999 -9999 -9999 -9999 -9999 -9999 -9999 -9999 -9999 264 262 263 -9999 264 263 263 263 263 263 263 262 262 262 262 261 261 258 258
249 251 252 252 252 251 251 251 250 249 250 250 253 254 253 254 249 240 241 246 246 246 244 211 186 215 235 231 224 224 237 249 255 251 232 237 255 257 242 254 260 -9999 -9999 -9999 262 -9999 -9999 -9999 -9999 -9999 -9999 -9999 -9999 -9999 -9999 -9999 -9999 -9999 -9999 -9999 -9999 -9999 263 263 263 263 263 263 262 262 262 262 261 261 261 261 261 259 252
250 249 250 252 251 251 251 250 249 248 249 250 254 255 255 251 231 252 250 248 239 246 246 218 193 205 220 227 241 240 230 250 255 245 226 222 251 254 238 253 261 -9999 -9999 -9999 -9999 -9999 -9999 -9999 -9999 -9999 -9999 -9999 -9999 -9999 -9999 -9999 -9999 263 263 264 -9999 262 262 262 262 263 263 263 262 262 262 261 261 261 261 260 257 258 246
252 250 251 251 250 250 250 250 249 247 247 253 254 -9999 255 254 224 251 248 243 242 238 241 218 202 193 207 230 243 233 238 250 253 243 222 221 247 252 238 254 260 -9999 -9999 -9999 -9999 262 -9999 262 -9999 -9999 -9999 -9999 -9999 -9999 -9999 -9999 -9999 263 263 263 -9999 263 263 262 262 262 262 263 262 262 261 261 258 259 256 253 252 248 245
253 252 252 251 251 251 251 251 250 247 246 254 255 255 254 245 246 250 250 235 234 222 236 210 204 207 222 231 242 238 240 248 250 244 226 217 236 253 247 258 259 -9999 -9999 -9999 -9999 -9999 -9999 -9999 -9999 -9999 -9999 -9999 -9999 -9999 -9999 -9999 -9999 -9999 -9999 263 259 261 262 262 262 262 262 263 262 262 261 260 242 254 231 245 223 218 235
252 252 253 252 252 252 252 252 251 250 250 253 255 253 253 226 240 237 231 234 221 217 221 210 211 224 226 225 239 242 240 245 240 233 240 217 214 245 256 258 255 261 -9999 -9999 -9999 -9999 -9999 -9999 -9999 -9999 -9999 -9999 -9999 -9999 -9999 -9999 -9999 -9999 261 255 254 259 259 261 262 262 262 262 262 262 261 253 238 250 229 221 236 194 219
253 254 253 253 253 253 253 253 253 252 252 253 250 249 252 221 222 244 211 225 220 221 203 216 222 224 222 216 216 238 244 245 240 226 243 228 212 236 255 255 250 260 259 -9999 -9999 261 -9999 -9999 -9999 -9999 -9999 -9999 -9999 -9999 -9999 -9999 -9999 263 261 256 245 248 248 249 262 262 262 262 262 258 252 243 242 239 225 185 206 218 192
254 255 254 254 254 255 253 254 254 253 253 254 231 239 253 222 208 234 196 209 225 210 210 214 228 233 232 219 208 237 238 235 235 234 241 232 208 224 246 254 245 256 257 260 -9999 261 -9999 -9999 -9999 -9999 -9999 -9999 -9999 -9999 -9999 -9999 -9999 262 256 244 240 243 243 239 261 261 261 262 261 240 233 227 244 238 226 187 210 226 195
255 255 255 255 254 255 254 255 255 254 253 254 232 226 255 240 192 215 205 201 220 214 211 228 232 233 229 221 214 236 240 224 219 228 234 235 216 206 234 253 243 247 241 255 261 261 -9999 -9999 -9999 -9999 -9999 -9999 -9999 -9999 -9999 -9999 262 257 244 232 239 235 233 235 256 258 261 261 255 221 202 220 235 213 219 197 214 228 220
255 255 256 255 255 256 256 255 255 254 253 253 238 210 248 247 189 205 195 213 202 215 230 240 234 229 225 227 223 237 241 217 215 224 237 239 223 198 205 242 243 234 226 240 250 259 260 261 261 261 262 -9999 262 262 262 262 260 246 242 241 231 231 237 240 253 254 260 247 236 211 212 224 221 189 168 183 194 220 202
255 255 255 255 254 256 256 256 256 254 254 253 247 210 229 231 214 205 199 199 199 218 240 235 228 223 222 216 219 218 222 219 220 237 241 241 234 210 197 237 243 239 234 238 246 256 259 259 260 260 260 261 261 261 261 261 255 244 244 243 241 241 237 233 235 243 254 231 211 220 212 182 169 182 157 144 190 203 181
255 255 255 256 255 256 256 257 257 256 256 256 255 224 209 221 217 195 215 198 222 237 245 234 231 219 204 202 200 201 200 217 230 234 242 241 237 217 190 231 250 236 223 231 236 245 257 258 259 259 259 260 260 259 261 258 250 248 251 250 251 237 217 213 225 236 245 224 205 202 202 156 128 144 156 147 172 163 150
256 256 256 257 256 255 256 256 256 257 257 255 245 245 209 219 223 221 237 243 249 240 233 237 220 201 207 202 199 200 205 220 236 225 234 242 239 225 202 220 250 242 221 219 231 236 249 255 257 258 257 259 258 257 258 252 249 250 255 254 244 223 215 220 231 246 247 229 213 183 201 206 158 113 110 131 126 136 123
256 257 257 257 257 256 257 257 256 256 257 256 240 230 232 218 244 235 244 250 236 241 233 219 210 217 212 219 215 213 211 213 229 238 237 242 239 226 206 226 248 250 239 219 205 225 221 235 246 256 256 258 257 250 246 253 250 253 253 246 239 235 239 243 255 252 252 218 196 190 175 191 208 163 118 108 106 103 108
258 257 258 258 258 257 258 257 257 257 258 258 253 225 248 241 245 243 239 250 230 225 232 221 215 229 223 232 224 218 218 207 222 230 229 239 218 227 221 236 241 248 251 227 211 205 211 230 246 253 255 255 252 251 249 252 252 255 241 240 246 245 246 251 248 233 235 228 203 197 176 183 186 205 162 157 146 153 111
258 259 258 257 258 258 258 257 258 258 258 258 257 245 242 257 241 243 237 250 245 216 204 228 210 231 237 237 233 222 219 214 214 218 211 223 230 230 231 245 246 247 254 241 212 195 213 236 251 252 252 248 249 252 244 247 247 246 243 242 243 242 248 249 245 224 195 234 221 201 179 160 168 201 196 193 190 154 129
259 258 257 257 258 258 258 258 -9999 -9999 258 -9999 257 257 244 255 247 244 233 234 250 235 198 212 213 230 239 241 239 214 218 219 214 217 215 211 224 221 223 250 253 255 257 253 233 229 234 244 243 247 251 237 233 241 237 239 231 238 240 240 234 236 234 230 238 201 173 221 226 191 177 178 197 180 185 193 173 184 176
258 258 257 257 258 259 259 259 -9999 -9999 -9999 -9999 258 -9999 249 248 258 250 247 217 232 248 216 206 233 230 239 236 237 232 220 222 221 219 217 222 220 219 234 243 255 254 257 256 251 244 248 248 227 224 234 236 231 233 240 239 229 230 234 233 227 218 223 215 203 197 150 193 228 199 192 204 215 207 193 186 163 159 162
