Artocarpus altilis SDM files/MIS19/Environmental layers/bio15.asc
ncols  1201
nrows  481
xllcorner  119.99986351115
yllcorner  -15.00013828885
cellsize 0.041666667
NODATA_value  -9999
[rows 216 to 251 of 481, columns 560 to 639 of 1201]
28 29 28 29 29 29 29 29 30 29 30 30 30 31 30 31 31 32 33 32 30 31 33 33 33 33 33 32 32 31 -9999 -9999 -9999 -9999 -9999 -9999 -9999 -9999 31 29 -9999 -9999 -9999 -9999 -9999 -9999 -9999 -9999 -9999 -9999 -9999 -9999 -9999 -9999 -9999 -9999 -9999 -9999 -9999 -9999 -9999 -9999 -9999 -9999 -9999 -9999 -9999 -9999 -9999 -9999 -9999 -9999 -9999 -9999 -9999 -9999 -9999 -9999 -9999 -9999
28 28 28 29 29 30 29 28 29 29 29 29 30 30 31 31 31 32 32 31 31 32 33 34 34 35 35 33 32 32 32 32 31 31 -9999 -9999 -9999 -9999 -9999 30 34 27 -9999 -9999 -9999 -9999 -9999 -9999 -9999 -9999 -9999 -9999 -9999 -9999 -9999 -9999 -9999 -9999 -9999 -9999 -9999 -9999 -9999 -9999 -9999 -9999 -9999 -9999 -9999 -9999 -9999 -9999 -9999 -9999 -9999 -9999 -9999 -9999 -9999 -9999
28 27 28 28 29 29 28 28 28 29 29 29 30 30 31 32 32 33 33 33 33 33 34 35 35 35 35 34 31 31 31 32 32 31 30 30 -9999 -9999 -9999 38 34 23 -9999 -9999 -9999 -9999 -9999 -9999 -9999 -9999 -9999 -9999 -9999 -9999 -9999 -9999 -9999 -9999 -9999 -9999 -9999 -9999 -9999 -9999 -9999 -9999 -9999 -9999 -9999 -9999 -9999 -9999 -9999 -9999 -9999 -9999 -9999 -9999 -9999 -9999
27 27 28 28 29 28 27 28 29 29 29 29 30 31 32 32 33 34 34 35 35 34 34 33 35 34 33 33 33 31 31 32 32 31 30 30 29 -9999 -9999 34 28 25 -9999 -9999 -9999 -9999 -9999 -9999 -9999 -9999 -9999 -9999 -9999 -9999 -9999 -9999 -9999 -9999 -9999 -9999 -9999 -9999 -9999 -9999 -9999 -9999 -9999 -9999 -9999 -9999 -9999 -9999 -9999 -9999 -9999 -9999 -9999 -9999 -9999 -9999
27 27 28 28 28 27 27 28 29 29 29 30 31 31 32 32 33 34 35 35 34 34 33 32 34 34 33 32 32 31 30 31 31 32 31 29 28 -9999 -9999 -9999 26 25 -9999 -9999 -9999 -9999 -9999 -9999 -9999 -9999 -9999 -9999 -9999 -9999 -9999 -9999 -9999 -9999 -9999 -9999 -9999 -9999 -9999 -9999 -9999 -9999 -9999 -9999 -9999 -9999 -9999 -9999 -9999 -9999 -9999 -9999 -9999 -9999 -9999 -9999
28 27 27 27 28 27 28 28 29 29 30 31 31 32 32 32 33 34 34 34 34 34 33 33 33 34 33 33 32 31 33 33 32 34 34 31 31 31 27 -9999 -9999 -9999 -9999 -9999 -9999 -9999 -9999 -9999 -9999 -9999 -9999 -9999 -9999 -9999 -9999 -9999 -9999 -9999 -9999 -9999 -9999 -9999 -9999 -9999 -9999 -9999 -9999 -9999 -9999 -9999 -9999 -9999 -9999 -9999 -9999 -9999 -9999 -9999 -9999 -9999
27 27 27 27 28 28 28 28 29 30 31 31 31 31 32 31 33 33 34 33 33 33 33 34 33 33 33 33 32 32 34 35 34 34 36 36 32 34 28 24 -9999 -9999 -9999 -9999 -9999 -9999 -9999 -9999 -9999 -9999 -9999 -9999 -9999 -9999 -9999 -9999 -9999 -9999 -9999 -9999 -9999 -9999 -9999 -9999 -9999 -9999 -9999 -9999 -9999 -9999 -9999 -9999 -9999 -9999 -9999 -9999 -9999 -9999 -9999 -9999
27 27 27 27 28 28 28 28 30 30 30 31 31 31 31 32 33 33 33 34 33 33 34 34 33 33 34 33 33 33 34 35 38 36 36 38 31 30 27 24 -9999 -9999 -9999 -9999 -9999 -9999 -9999 -9999 -9999 -9999 -9999 -9999 -9999 -9999 -9999 -9999 -9999 -9999 -9999 -9999 -9999 -9999 -9999 -9999 -9999 -9999 -9999 -9999 -9999 -9999 -9999 -9999 -9999 -9999 -9999 -9999 -9999 -9999 -9999 -9999
27 27 27 28 28 27 27 28 30 30 31 30 31 31 31 32 33 33 33 34 33 33 33 34 33 33 33 33 33 33 35 35 38 34 37 39 35 31 29 24 24 -9999 -9999 -9999 -9999 -9999 -9999 -9999 -9999 -9999 -9999 -9999 -9999 -9999 -9999 -9999 -9999 -9999 -9999 -9999 -9999 -9999 -9999 -9999 -9999 -9999 -9999 -9999 -9999 -9999 -9999 -9999 -9999 -9999 -9999 -9999 -9999 -9999 -9999 -9999
26 27 28 27 28 27 28 29 30 30 30 29 30 31 31 32 33 33 33 33 34 33 34 34 33 33 34 34 34 34 35 35 39 35 36 35 33 28 28 29 30 29 26 -9999 -9999 -9999 -9999 -9999 -9999 -9999 -9999 -9999 -9999 -9999 -9999 -9999 -9999 -9999 -9999 -9999 -9999 -9999 -9999 -9999 -9999 -9999 -9999 -9999 -9999 -9999 -9999 -9999 -9999 -9999 -9999 -9999 -9999 -9999 -9999 -9999
26 26 28 27 27 28 29 29 29 30 31 31 30 31 31 32 33 33 33 33 34 34 34 34 34 34 34 35 35 34 34 34 38 33 33 36 38 28 25 31 34 35 26 25 27 27 28 21 19 -9999 -9999 -9999 -9999 -9999 -9999 -9999 -9999 -9999 -9999 -9999 -9999 -9999 -9999 -9999 -9999 -9999 -9999 -9999 -9999 -9999 -9999 -9999 -9999 -9999 -9999 -9999 -9999 -9999 -9999 -9999
26 27 27 27 27 27 28 29 29 29 31 30 31 31 31 32 32 32 32 33 34 35 34 35 35 35 34 35 37 34 33 34 35 35 34 36 39 33 24 27 35 36 27 24 22 22 24 20 19 19 -9999 -9999 -9999 -9999 -9999 -9999 -9999 -9999 -9999 -9999 -9999 -9999 -9999 -9999 -9999 -9999 -9999 -9999 -9999 -9999 -9999 -9999 -9999 -9999 -9999 -9999 -9999 -9999 -9999 -9999
26 27 27 27 27 27 28 29 29 29 30 30 30 30 31 31 31 31 31 34 35 34 34 34 34 34 35 35 36 34 32 33 35 34 35 36 35 34 25 24 33 37 25 22 22 22 23 22 20 19 18 -9999 -9999 -9999 -9999 -9999 -9999 -9999 -9999 -9999 -9999 -9999 -9999 -9999 -9999 -9999 -9999 -9999 -9999 -9999 -9999 -9999 -9999 -9999 -9999 -9999 -9999 -9999 -9999 -9999
27 28 27 27 27 27 28 29 30 29 30 30 30 30 31 31 32 31 32 33 34 33 33 34 33 35 36 35 35 34 33 33 35 34 34 35 33 31 30 24 28 34 26 27 27 22 21 18 18 18 17 18 -9999 -9999 -9999 -9999 -9999 -9999 -9999 -9999 -9999 -9999 22 18 14 -9999 -9999 -9999 -9999 -9999 -9999 -9999 -9999 -9999 -9999 -9999 -9999 -9999 -9999 -9999
26 27 26 26 27 27 28 28 28 29 29 30 30 31 31 31 31 32 33 33 33 33 33 35 34 35 35 36 35 34 34 35 34 35 34 34 35 32 28 34 38 36 34 35 34 21 18 19 19 20 18 17 17 16 -9999 -9999 -9999 -9999 -9999 -9999 -9999 23 27 20 14 15 -9999 -9999 -9999 -9999 -9999 -9999 -9999 -9999 -9999 -9999 -9999 -9999 -9999 -9999
27 28 26 27 27 27 28 28 28 29 30 30 31 32 33 31 31 32 32 31 32 33 34 35 35 35 36 36 37 34 34 35 33 34 33 33 34 30 31 36 41 40 40 39 31 25 21 23 21 20 19 16 17 17 -9999 -9999 -9999 -9999 -9999 -9999 -9999 27 30 18 16 18 -9999 -9999 -9999 -9999 -9999 -9999 -9999 -9999 -9999 -9999 -9999 -9999 -9999 -9999
26 26 26 27 25 26 27 27 28 29 31 30 31 32 31 30 30 31 31 32 32 33 34 35 36 36 37 37 37 35 35 35 35 35 35 34 34 32 37 36 38 39 39 32 29 31 28 20 18 18 18 19 16 19 18 -9999 -9999 -9999 -9999 -9999 -9999 29 28 17 18 19 -9999 -9999 -9999 -9999 -9999 -9999 -9999 -9999 -9999 -9999 -9999 -9999 -9999 -9999
25 25 27 27 27 28 28 29 30 31 32 32 30 31 32 31 30 30 32 33 34 34 35 36 36 36 36 37 38 36 36 35 35 35 35 35 37 37 37 36 33 40 37 32 37 27 24 16 17 17 15 15 18 20 18 17 -9999 -9999 -9999 -9999 -9999 27 22 14 21 18 -9999 -9999 -9999 -9999 -9999 -9999 -9999 -9999 -9999 -9999 -9999 -9999 -9999 -9999
27 29 29 29 28 29 29 30 32 35 34 33 30 33 33 32 30 31 34 35 35 35 35 37 38 38 39 38 37 37 37 36 36 36 35 36 37 35 35 31 33 36 39 36 32 27 25 16 19 19 18 18 17 18 18 17 17 -9999 -9999 -9999 -9999 20 14 16 19 17 -9999 -9999 -9999 -9999 -9999 -9999 -9999 -9999 -9999 -9999 -9999 -9999 -9999 -9999
29 26 26 30 26 30 31 29 33 39 35 27 30 32 34 33 32 33 36 36 36 36 35 36 38 41 40 39 37 38 38 37 36 36 36 38 38 37 36 33 32 35 38 29 27 31 31 18 18 18 23 18 17 17 18 18 17 17 -9999 -9999 -9999 17 15 16 -9999 -9999 -9999 -9999 30 23 16 -9999 -9999 -9999 -9999 -9999 -9999 -9999 -9999 -9999
23 27 29 25 27 33 25 27 31 37 27 30 28 29 35 34 35 35 39 39 39 40 38 36 39 41 39 39 35 35 38 36 37 37 36 38 38 36 36 35 35 33 30 34 35 36 30 25 19 17 18 20 16 19 19 17 17 18 18 -9999 -9999 -9999 -9999 -9999 -9999 -9999 -9999 -9999 25 17 15 -9999 -9999 -9999 -9999 -9999 -9999 -9999 -9999 -9999
23 25 26 26 30 30 28 30 33 30 31 35 31 29 34 33 37 37 38 41 46 45 45 38 37 38 37 35 36 35 36 36 38 38 37 37 36 35 36 35 34 30 29 29 34 36 26 24 17 20 17 16 17 20 17 18 19 17 19 18 -9999 -9999 -9999 -9999 -9999 -9999 -9999 -9999 -9999 -9999 -9999 -9999 -9999 -9999 -9999 -9999 -9999 -9999 -9999 -9999
25 23 23 27 29 28 34 31 27 24 31 38 36 25 28 37 38 40 32 41 46 45 41 30 29 34 35 32 34 34 34 36 37 38 39 37 36 36 37 36 33 28 30 26 29 30 28 30 24 25 31 17 17 19 18 18 19 18 18 18 -9999 -9999 -9999 -9999 -9999 -9999 -9999 -9999 -9999 -9999 -9999 -9999 -9999 -9999 -9999 -9999 -9999 -9999 -9999 -9999
27 28 28 30 31 31 35 26 25 26 33 35 32 23 26 36 40 41 33 36 44 45 34 35 34 36 34 33 33 34 36 38 40 41 41 40 37 36 36 34 29 29 28 26 26 25 29 29 29 26 28 26 17 17 19 18 19 20 19 -9999 -9999 -9999 -9999 -9999 -9999 -9999 -9999 -9999 -9999 -9999 -9999 -9999 -9999 -9999 -9999 -9999 -9999 -9999 -9999 -9999
28 27 29 31 30 27 28 23 26 27 31 36 30 24 26 33 38 35 38 36 39 48 44 42 35 35 38 32 34 37 36 38 39 43 41 40 36 36 35 36 33 31 28 28 25 27 28 23 28 27 25 27 23 18 19 18 20 20 20 20 -9999 -9999 -9999 -9999 -9999 -9999 -9999 -9999 -9999 -9999 -9999 -9999 -9999 -9999 -9999 -9999 -9999 -9999 -9999 -9999
27 27 30 26 26 27 26 25 27 30 28 36 39 31 27 28 32 32 33 36 38 42 43 34 35 33 43 36 38 35 34 36 36 41 43 40 37 35 35 37 32 31 29 27 28 30 28 21 25 27 32 24 20 21 19 20 20 20 20 20 -9999 -9999 -9999 -9999 -9999 -9999 -9999 -9999 -9999 -9999 -9999 -9999 -9999 -9999 -9999 -9999 -9999 -9999 -9999 -9999
25 24 22 22 25 27 30 28 30 25 27 36 37 29 24 28 28 29 31 34 31 37 33 34 31 36 38 32 36 37 32 32 32 36 40 40 35 33 31 35 30 31 28 26 28 28 26 20 21 20 29 29 18 18 17 19 20 21 20 21 -9999 -9999 -9999 -9999 -9999 -9999 -9999 -9999 -9999 -9999 -9999 -9999 -9999 -9999 -9999 -9999 -9999 -9999 -9999 -9999
22 24 25 27 29 31 29 26 24 24 29 33 38 26 26 28 26 32 27 37 40 35 30 35 41 38 35 46 38 32 33 31 30 34 36 38 36 32 33 33 29 30 28 27 29 28 27 22 20 20 19 27 22 24 21 21 20 21 21 21 -9999 -9999 -9999 -9999 -9999 -9999 -9999 -9999 -9999 -9999 -9999 -9999 -9999 -9999 -9999 -9999 -9999 -9999 -9999 -9999
25 26 26 26 30 33 27 24 27 26 31 36 38 30 28 24 24 25 25 31 32 28 32 39 40 34 39 46 35 32 38 35 27 32 33 34 37 35 34 32 32 32 33 30 28 31 30 27 25 25 22 21 29 33 22 18 19 21 21 22 -9999 -9999 -9999 -9999 -9999 -9999 -9999 -9999 -9999 -9999 -9999 -9999 -9999 -9999 -9999 -9999 -9999 -9999 -9999 -9999
24 26 26 27 31 30 24 25 26 27 30 31 30 29 27 26 27 30 30 27 27 28 34 34 30 30 37 40 33 26 26 26 24 27 28 29 32 33 35 34 32 34 33 29 24 30 31 29 22 20 20 20 22 30 28 19 19 20 21 23 24 -9999 -9999 -9999 -9999 -9999 -9999 -9999 -9999 -9999 -9999 -9999 -9999 -9999 -9999 -9999 -9999 -9999 -9999 -9999
21 24 24 26 30 25 25 26 27 28 32 31 33 34 30 27 28 31 31 28 27 29 32 34 31 41 40 42 33 27 23 25 27 29 27 27 29 30 32 35 33 32 32 27 22 26 29 30 25 28 24 26 25 23 29 25 19 20 21 23 -9999 -9999 -9999 -9999 -9999 -9999 -9999 -9999 -9999 -9999 -9999 -9999 -9999 -9999 -9999 -9999 -9999 -9999 -9999 -9999
26 23 25 27 27 24 24 26 27 30 27 29 34 29 23 26 25 28 29 28 25 27 32 30 34 38 37 38 31 25 24 30 29 26 24 28 28 29 28 30 32 30 32 26 23 24 28 35 33 34 30 27 23 20 21 27 21 20 21 -9999 -9999 -9999 -9999 -9999 -9999 -9999 -9999 -9999 -9999 -9999 -9999 -9999 -9999 -9999 -9999 -9999 -9999 -9999 -9999 -9999
22 21 22 25 22 22 23 26 27 26 25 29 30 23 24 24 24 24 26 24 25 25 29 27 26 31 33 38 32 27 23 24 24 23 23 24 25 28 27 28 29 29 31 26 26 26 28 32 36 36 27 23 25 23 23 23 25 20 22 -9999 -9999 -9999 -9999 -9999 -9999 -9999 -9999 -9999 -9999 -9999 -9999 -9999 -9999 -9999 -9999 -9999 -9999 -9999 -9999 -9999
22 22 24 23 22 24 23 24 26 24 25 24 25 23 26 25 25 25 25 26 27 28 29 27 27 29 33 39 39 38 28 24 22 23 24 26 34 31 26 29 28 27 30 31 30 31 34 33 39 37 31 31 32 27 22 20 22 21 22 -9999 -9999 -9999 -9999 -9999 -9999 -9999 -9999 -9999 -9999 -9999 -9999 -9999 -9999 -9999 -9999 -9999 -9999 -9999 -9999 -9999
23 24 24 23 22 24 23 24 23 24 25 27 27 25 26 24 24 25 28 32 28 30 36 32 29 30 30 36 37 37 28 26 27 27 27 29 36 28 25 25 27 25 25 28 30 30 34 32 35 35 34 33 25 22 22 20 20 21 -9999 -9999 -9999 -9999 -9999 -9999 -9999 -9999 -9999 -9999 -9999 -9999 -9999 -9999 -9999 -9999 -9999 -9999 -9999 -9999 -9999 -9999
21 21 22 23 23 26 24 24 24 24 28 28 31 24 23 23 25 30 34 33 29 30 36 32 25 27 30 30 33 32 26 28 27 27 29 26 27 24 20 21 23 22 21 24 25 26 30 26 29 30 29 27 22 30 27 21 20 22 -9999 -9999 -9999 -9999 -9999 -9999 -9999 -9999 -9999 -9999 -9999 -9999 -9999 -9999 -9999 -9999 -9999 -9999 -9999 -9999 -9999 -9999
