Artocarpus altilis SDM files/MIS19/Environmental layers/bio16.asc
ncols  1201
nrows  481
xllcorner  119.99986351115
yllcorner  -15.00013828885
cellsize 0.041666667
NODATA_value  -9999
[rows 210 to 244 of 481, columns 468 to 545 of 1201]
951 924 809 766 819 866 882 1059 1114 1096 959 1095 899 858 899 964 1118 1165 978 1056 1073 1088 1123 1305 1399 1406 1361 1150 1102 1196 1330 1366 1302 1356 1205 1201 1436 1207 1059 946 1018 1025 1056 960 941 948 956 939 938 951 924 930 938 901 897 896 884 858 879 954 834 779 833 927 931 898 811 827 779 756 758 775 714 743 710 797 683 712
726 805 908 860 712 774 807 994 1119 1080 1112 923 927 974 920 861 1077 1161 926 990 1155 1108 1215 1364 1369 1511 1367 1268 1214 1242 1268 1158 1157 1202 1432 1332 1098 1420 1182 1000 1003 992 970 991 1003 1008 997 989 955 981 955 978 953 890 904 926 893 858 851 879 895 831 826 922 915 872 822 826 766 753 776 770 731 796 748 753 701 732
707 797 793 758 826 881 854 816 1032 1165 1030 920 902 942 917 874 1019 980 912 1076 1190 1020 1213 1254 1337 1223 1354 1610 1308 1164 1138 1213 1132 1123 1447 1238 1017 1203 1271 1141 1012 1001 1020 1047 1050 1053 1031 1021 983 981 986 979 951 917 927 944 905 882 880 904 884 872 888 925 919 875 795 831 800 766 785 766 769 790 750 754 725 730
740 696 740 789 841 1060 932 874 809 1036 1082 1145 1121 1016 984 934 942 985 1052 1027 1029 1025 1135 1247 1207 1265 1370 1335 1169 1296 1068 1131 1243 1082 1164 1088 1050 1112 1121 1101 1060 1062 1070 1074 1070 1069 1064 1046 1023 995 998 990 989 942 975 923 954 925 910 887 883 899 915 928 911 867 817 846 812 814 796 791 778 800 754 766 765 717
862 851 709 744 724 936 953 850 931 902 927 1013 1204 1178 954 1042 999 922 962 925 998 998 1097 1213 1193 1235 1250 1154 1045 1143 1166 1110 1064 1059 1100 1138 1139 1113 1121 1152 1137 1129 1100 1100 1086 1108 1069 1050 1064 1038 999 987 1011 976 1030 929 974 943 920 887 899 909 935 941 905 862 830 851 810 794 797 787 801 777 780 761 767 774
873 692 774 856 732 802 873 825 797 901 872 908 1094 1251 1147 1011 1113 1101 952 963 961 1022 1052 1217 1221 1197 1242 1281 1203 1020 1048 1133 1132 1092 1168 1154 1110 1111 1126 1143 1159 1129 1116 1117 1095 1110 1097 1050 1050 1045 1052 969 971 985 991 985 984 957 946 898 919 924 932 953 908 882 848 884 858 814 801 814 824 782 771 769 793 796
688 626 716 810 955 918 869 886 901 950 822 773 863 1114 1200 1015 991 1069 1054 1045 953 990 1022 1151 1244 1327 1210 1308 1314 1198 1069 1098 1131 1137 1169 1177 1165 1119 1137 1167 1159 1147 1188 1182 1110 1074 1069 1064 1073 1027 1023 1034 1007 953 977 978 995 964 973 933 940 963 961 949 912 890 879 885 875 841 822 822 832 803 782 795 831 837
626 774 823 927 871 903 866 1063 1094 1154 1017 934 832 832 919 1275 1263 1088 1097 1190 993 962 1024 1054 1244 1323 1154 1359 1345 1396 1286 1023 1083 1150 1150 1094 1147 1154 1170 1194 1166 1184 1295 1283 1170 1006 1052 1050 1072 1118 1211 1127 1115 885 926 963 989 977 992 964 950 961 951 939 925 891 889 878 889 854 835 829 837 833 800 805 856 844
710 904 914 1094 1072 936 837 935 935 1063 1070 889 1008 968 875 1009 1274 1383 1186 1047 1028 1037 969 1058 1067 1215 1135 1234 1332 1336 1426 1114 1092 1284 1288 1146 1098 1154 1208 1202 1193 1243 1460 1308 1135 1078 1082 1103 1076 1062 1247 1295 1081 944 892 941 978 993 977 964 972 956 945 937 929 912 905 873 895 873 849 846 843 843 812 804 831 835
746 938 1035 942 894 943 852 782 784 795 888 825 1139 1279 1064 907 1042 1246 1430 1331 1135 1156 1004 1034 1075 1095 1115 1222 1327 1451 1346 1126 1106 1195 1186 1199 1107 1165 1200 1212 1228 1204 1297 1481 1282 1296 1195 1174 1244 1055 1146 931 931 1003 944 955 985 979 966 970 973 975 932 928 927 922 930 887 898 878 866 858 851 856 819 807 816 838
850 938 953 913 944 835 947 971 840 945 1057 862 1007 1307 1321 1160 928 1005 1316 1331 1457 1107 1084 1031 995 1089 1131 1302 1320 1303 1265 1110 1127 1135 1218 1181 1148 1198 1231 1235 1217 1179 1204 1474 1389 1608 1476 1165 1211 1112 959 971 946 1005 1004 999 974 970 959 1001 978 957 932 919 940 926 949 901 881 894 873 868 854 845 817 819 892 927
966 975 911 911 871 978 1035 1068 957 1025 1039 984 1001 947 1106 1353 1258 997 996 1089 1417 1395 1052 1054 1027 1029 1169 1168 1356 1386 1165 1042 1070 1081 1208 1166 1192 1222 1224 1291 1234 1350 1162 1323 1558 1667 1521 1066 1169 981 950 989 970 1029 1013 1034 997 955 970 976 974 940 932 940 925 932 944 908 879 885 868 855 866 857 850 847 897 939
881 920 871 896 938 1080 1134 1041 971 922 855 1106 979 1041 1275 1087 1167 1345 1114 1040 1244 1555 1302 1131 1060 1034 1070 1146 1253 1429 1419 1041 1104 1079 1193 1179 1211 1229 1249 1453 1428 1326 1084 1229 1295 1509 1278 1160 1006 992 948 1001 1009 1036 968 1023 1013 960 1011 967 953 930 920 951 917 926 934 910 881 876 875 874 873 879 862 922 838 842
874 892 851 893 893 953 1085 1157 1065 1002 953 1084 1020 921 1104 1441 1297 1150 1473 1136 1019 1332 1674 1263 1139 1077 1050 1096 1244 1460 1436 1140 1211 1084 1180 1178 1217 1245 1293 1555 1523 1532 1123 1342 1412 1470 1200 1230 1052 926 961 998 1056 1225 931 945 965 958 976 992 949 933 928 922 917 906 914 903 895 878 889 886 884 873 861 863 832 847
871 969 956 972 980 1029 1003 915 961 1044 1292 1183 1046 1024 1031 1060 1308 1444 1211 1447 1135 1088 1339 1523 1223 1129 1077 1096 1119 1270 1302 1164 1124 1067 1162 1188 1231 1279 1248 1612 1408 1477 1245 1225 1035 1175 1120 1199 1070 932 952 971 1055 1246 1053 937 954 960 975 951 942 942 929 935 897 946 908 889 877 888 915 893 873 876 868 864 837 813
942 951 988 952 900 930 1007 975 1084 1116 1289 1259 1114 1096 1113 1139 1044 1395 1460 1234 1374 1132 1180 1356 1558 1361 1116 1148 1122 1232 1272 1325 1255 1061 1125 1223 1250 1341 1351 1591 1650 1608 1402 1216 1235 957 1111 1336 1223 1265 995 947 1005 1044 999 961 956 976 946 956 942 966 954 909 911 910 915 901 885 876 985 893 876 841 852 845 854 813
938 951 1005 1022 1067 1048 1022 1045 1120 1231 1160 1253 1083 1266 1238 1077 1159 1343 1548 1333 1299 1418 1130 1224 1446 1620 1197 1175 1130 1285 1426 1255 1217 1072 1124 1236 1264 1244 1424 1678 1577 1653 1553 1336 1112 1027 1019 1156 1033 1163 1036 970 1075 937 957 979 952 971 916 957 938 944 928 899 925 894 910 900 887 879 884 883 863 848 886 860 937 866
1018 1056 1068 1054 1077 1109 1150 1090 1078 1255 1205 1104 1130 1358 1214 1217 1283 1151 1550 1704 1525 1428 1371 1161 1311 1420 1629 1255 1155 1185 1431 1280 1172 1066 1117 1228 1332 1279 1429 1641 1728 1438 1777 1375 1225 1260 956 1249 1062 1007 968 1015 1111 908 916 908 931 923 903 920 895 898 901 890 888 903 907 930 862 885 865 911 914 932 1034 948 848 871
999 1161 1103 1051 1120 1159 1128 1221 1116 1148 1141 1084 1186 1218 1242 1370 1326 1248 1458 1537 1684 1389 1488 1300 1191 1447 1413 1377 1201 1394 1184 1246 1156 1094 1112 1215 1298 1300 1390 1450 1453 1605 1686 1174 1059 1104 954 1085 1250 912 1068 1142 970 883 918 950 895 936 884 968 905 850 875 846 875 852 920 824 848 849 847 875 949 846 914 1044 854 808
1124 1074 1048 1171 1224 1147 1198 1213 1272 1196 1255 1231 1225 1173 1249 1269 1316 1310 1487 1420 1640 1406 1301 1513 1479 1482 1539 1447 1316 1345 1353 1195 1195 1161 1101 1183 1291 1292 1411 1539 1438 1646 1715 1335 1198 1091 956 1040 1129 1011 1033 1290 1162 906 1047 914 831 960 1003 902 831 914 875 890 790 840 843 789 842 897 830 766 780 860 1086 1188 1061 1034
1129 1087 1284 1300 1288 1191 1170 1213 1284 1317 1259 1273 1350 1319 1240 1274 1219 1357 1380 1341 1393 1431 1398 1462 1426 1362 1315 1637 1549 1493 1405 1291 1233 1308 1097 1146 1234 1389 1354 1692 1196 1423 1502 1361 1099 1003 1047 1239 972 973 1040 1037 1294 1021 880 953 917 850 839 825 880 1014 833 919 770 978 832 763 804 1057 994 756 741 798 918 951 974 902
1115 1068 1207 1246 1304 1234 1355 1292 1352 1333 1310 1279 1349 1341 1361 1327 1225 1296 1455 1409 1292 1388 1422 1318 1424 1445 1449 1416 1898 1764 1493 1413 1255 1347 1176 1131 1178 1231 1444 1384 1256 1458 1508 1295 1143 1051 1156 1183 944 945 1034 1082 1064 1218 1118 1151 1096 1070 945 955 841 789 815 867 833 1014 964 746 869 833 907 948 1029 876 766 773 844 826
1055 1019 1091 1188 1191 1323 1441 1419 1398 1372 1405 1361 1474 1400 1399 1274 1274 1424 1487 1461 1436 1366 1323 1361 1520 1445 1730 1441 1702 1873 1721 1768 1635 1349 1471 1301 1204 1262 1197 1297 1293 1296 1360 1250 1399 1303 1326 1312 1058 929 1146 1183 1155 1014 1024 957 951 1038 939 1057 839 937 929 950 848 963 1092 1010 1043 1004 1077 1038 1030 765 727 736 756 815
1041 1012 1037 1131 1215 1391 1405 1512 1503 1364 1513 1377 1538 1491 1476 1352 1316 1370 1573 1333 1356 1518 1550 1590 1517 1479 1820 1665 1572 1617 1678 1465 1386 1426 1278 1310 1219 1252 1311 1191 1297 1343 1207 1368 1272 1398 1277 1352 1122 882 1134 1235 993 1116 962 968 853 852 934 1025 1027 1024 889 982 926 897 1164 1084 1027 1017 1118 1023 838 814 836 774 886 845
1055 1064 1064 1086 1187 1415 1478 1495 1527 1504 1469 1478 1611 1597 1523 1520 1508 1556 1650 1617 1486 1354 1501 1708 1674 1752 1685 1810 1869 1512 1387 1567 1417 1367 1519 1418 1408 1394 1317 1345 1215 1366 1235 1209 1357 1183 1133 1080 991 944 1080 1236 1080 1130 1001 884 941 909 784 802 882 918 810 852 950 950 998 841 835 947 995 838 770 774 893 965 860 760
1027 1075 1123 1150 1225 1291 1483 1410 1530 1476 1415 1629 1753 1620 1683 1686 1685 1606 1821 1747 1749 1670 1504 1486 1527 1637 1830 1804 1906 1903 1703 1765 1545 1691 1402 1580 1602 1430 1406 1440 1282 1646 1593 1445 1158 1302 1405 1258 1079 942 1176 1449 1268 971 909 861 853 839 826 859 831 794 799 815 837 787 765 814 765 809 883 926 906 826 789 817 916 835
1101 1143 1174 1195 1257 1228 1320 1318 1397 1452 1674 1779 1826 1637 1688 1802 1634 1481 1508 1575 1689 1776 1786 1728 1780 1802 1628 1664 1999 2009 1890 1858 1552 1885 1559 1865 1670 1534 1475 1266 1350 1247 1557 1786 1741 1494 1407 1239 1329 1281 1086 1331 1447 1098 952 1043 902 846 916 1028 924 859 918 837 878 845 826 904 970 876 904 925 823 766 884 800 801 905
1158 1178 1193 1178 1190 1183 1250 1318 1383 1406 1530 1702 1808 1729 1820 1698 1812 1467 1882 1986 1947 2009 1690 1586 1641 1797 1948 1720 1782 2063 1977 2105 1986 1816 1649 1654 1711 1561 1745 1556 1362 1380 1223 1153 1190 1437 1527 1423 1090 1150 1147 1289 1420 1219 1047 927 950 1000 1159 1331 1230 1117 1110 876 866 977 1139 1204 971 783 877 882 844 855 887 865 862 770
1195 1202 1196 1192 1206 1293 1354 1418 1435 1386 1500 1633 1684 1615 1575 1482 1759 1692 1708 2008 1969 1930 1867 1718 1651 1469 1529 1652 1681 1596 1887 1969 2121 1953 1785 1748 1702 1564 1586 1442 1632 1498 1536 1411 1172 1076 1019 1235 1029 1082 932 1023 1074 1219 1331 1285 1232 1317 1259 1245 1344 1452 1314 1166 1038 949 970 883 846 818 818 920 848 816 887 994 846 755
1218 1233 1223 1233 1285 1325 1329 1359 1406 1427 1459 1555 1516 1374 1484 1592 1864 1727 1839 2010 1898 2049 1997 1961 1711 1683 1782 1730 1673 1576 1935 2241 1967 2000 1930 1861 1934 1735 1551 1576 1581 1620 1584 1380 1455 1345 1263 1052 1263 1379 1143 995 953 997 1071 1132 1288 1325 1264 1411 1422 1278 1454 1408 1356 1287 1327 1060 941 873 986 909 838 876 982 846 821 824
1243 1267 1244 1292 1317 1334 1341 1368 1430 1411 1354 1318 1342 1378 1463 1503 1611 1625 1818 1764 1899 1921 1856 2074 2049 2078 1917 2033 1805 1801 2161 2221 2046 2057 2010 1977 2020 1893 1772 1654 1558 1661 1504 1482 1404 1431 1286 1089 1243 1377 1468 1440 1326 1332 1443 1301 1049 950 976 1131 1398 1375 1279 1372 1390 1438 1391 1443 1323 1092 1153 1263 1241 1214 1267 1173 1117 889
1275 1291 1306 1331 1338 1343 1351 1412 1438 1413 1356 1402 1443 1472 1481 1547 1593 1561 1582 1846 1865 1847 2038 2207 2022 1962 1889 1845 1923 1660 1737 1839 1980 1917 2150 2067 2050 1984 1890 1847 1780 1803 1772 1689 1635 1545 1409 1253 1059 1226 1043 1092 1127 1295 1356 1204 1392 1352 1371 1164 1121 1173 1120 1066 1312 1232 1198 1353 1305 1420 1383 1262 1079 1038 1080 1138 1247 1211
1289 1319 1329 1357 1357 1384 1410 1440 1428 1396 1425 1455 1472 1482 1509 1593 1715 1636 1532 1676 1698 1860 1964 2152 2142 1740 1538 1492 1671 1469 1690 1938 1990 2010 2096 1948 2115 2048 1955 1957 1949 1859 1739 1529 1601 1703 1693 1512 1216 1423 1570 1344 1111 1157 1114 1138 962 954 938 942 902 1020 1069 1087 1122 1177 1224 1066 979 1239 1332 1202 1226 1233 1227 1004 1202 1219
1336 1349 1384 1360 1376 1422 1422 1442 1428 1409 1451 1492 1506 1508 1607 1729 1667 1582 1574 1618 1669 1682 1737 1999 2318 2068 1855 1616 1574 1450 1738 1926 1858 1937 1792 1853 2109 2089 2012 2018 2039 1902 1919 1803 1486 1388 1283 1244 1288 1219 1442 1521 1336 1193 1083 1030 1009 984 1021 955 997 956 938 861 909 1162 1137 1172 1010 897 1003 1001 1162 970 1054 939 860 998
1377 1390 1366 1361 1430 1436 1445 1452 1440 1496 1517 1528 1525 1602 1655 1748 1589 1489 1632 1557 1643 1663 1814 1881 2098 2205 2145 1983 1430 1603 1711 2020 1902 1707 1745 1855 1954 1925 2114 2195 2089 1844 2022 1849 1800 1620 1445 1387 1284 1079 1064 1225 1486 1477 1206 1068 1073 1070 1042 1035 1069 1045 1008 921 960 945 878 1157 1263 1155 1096 1196 1191 1214 929 853 983 822
