Artocarpus altilis SDM files/MIS19/Environmental layers/bio4.asc
ncols  1201
nrows  481
xllcorner  119.99986351115
yllcorner  -15.00013828885
cellsize 0.041666667
NODATA_value  -9999
[rows 210 to 244 of 481, columns 0 to 78 of 1201]
734 738 739 743 750 748 759 770 777 787 785 -9999 -9999 -9999 -9999 -9999 -9999 -9999 -9999 -9999 -9999 -9999 -9999 -9999 -9999 -9999 807 792 767 752 760 765 771 762 746 758 771 795 800 800 795 791 791 796 790 793 788 782 768 765 759 744 738 739 739 743 737 737 734 -9999 -9999 -9999 -9999 -9999 -9999 -9999 -9999 -9999 -9999 -9999 -9999 -9999 -9999 -9999 -9999 -9999 -9999 -9999 -9999
742 749 753 757 759 766 772 777 779 772 776 -9999 -9999 -9999 -9999 -9999 -9999 -9999 -9999 -9999 -9999 -9999 -9999 -9999 -9999 -9999 813 814 811 799 801 797 780 764 747 771 758 765 789 800 804 799 793 781 779 787 788 784 789 784 774 763 754 750 728 745 750 737 730 722 -9999 -9999 -9999 -9999 -9999 -9999 -9999 -9999 -9999 -9999 -9999 -9999 -9999 -9999 -9999 -9999 -9999 -9999 -9999
754 756 764 767 771 773 781 786 792 797 -9999 -9999 -9999 -9999 -9999 -9999 -9999 -9999 -9999 -9999 -9999 -9999 -9999 -9999 -9999 -9999 -9999 819 819 811 820 808 785 778 760 778 767 751 738 777 798 792 785 776 780 776 785 784 800 795 786 775 771 763 748 743 741 739 734 738 -9999 -9999 -9999 -9999 -9999 -9999 -9999 -9999 -9999 -9999 -9999 -9999 -9999 -9999 -9999 -9999 -9999 -9999 -9999
766 767 770 773 780 784 791 797 802 796 -9999 -9999 -9999 -9999 -9999 -9999 -9999 -9999 -9999 -9999 -9999 -9999 -9999 -9999 -9999 -9999 -9999 -9999 -9999 824 821 822 798 783 779 774 757 761 749 786 784 769 787 787 786 782 782 789 791 781 795 777 769 771 756 747 739 741 743 741 724 -9999 -9999 -9999 -9999 -9999 -9999 -9999 -9999 -9999 -9999 -9999 -9999 -9999 -9999 -9999 -9999 -9999 -9999
760 775 776 781 786 786 793 798 803 -9999 -9999 -9999 -9999 -9999 -9999 -9999 -9999 -9999 -9999 -9999 -9999 -9999 -9999 -9999 -9999 -9999 -9999 -9999 -9999 826 832 835 818 798 783 779 774 754 746 761 775 784 791 788 782 782 775 786 793 788 797 776 772 769 761 753 749 746 739 735 724 720 712 709 701 -9999 -9999 690 -9999 -9999 -9999 -9999 -9999 -9999 -9999 -9999 -9999 -9999 -9999
785 782 783 787 794 795 798 799 794 -9999 -9999 -9999 -9999 -9999 -9999 -9999 -9999 -9999 -9999 -9999 -9999 -9999 -9999 -9999 -9999 -9999 -9999 -9999 -9999 -9999 -9999 841 831 812 820 812 803 789 787 782 791 804 804 793 780 780 780 781 790 791 795 777 781 779 766 758 755 752 739 734 725 716 710 712 708 -9999 -9999 -9999 -9999 -9999 -9999 -9999 -9999 -9999 -9999 -9999 -9999 -9999 -9999
784 788 791 794 801 805 805 801 807 -9999 -9999 -9999 -9999 -9999 -9999 -9999 -9999 -9999 -9999 -9999 -9999 -9999 -9999 -9999 -9999 -9999 -9999 -9999 -9999 -9999 -9999 847 839 833 828 822 820 827 805 795 808 807 807 808 800 795 787 780 787 794 788 779 789 786 775 762 758 751 745 738 734 729 719 -9999 -9999 -9999 687 -9999 -9999 -9999 -9999 -9999 659 653 -9999 -9999 -9999 -9999 -9999
790 797 798 799 804 808 811 812 811 -9999 -9999 -9999 -9999 -9999 -9999 -9999 -9999 -9999 -9999 -9999 -9999 -9999 -9999 -9999 -9999 -9999 -9999 -9999 -9999 -9999 -9999 -9999 -9999 -9999 832 837 837 832 824 813 812 813 809 802 809 811 804 802 798 790 790 787 792 786 772 765 760 755 747 744 740 731 719 722 712 710 690 -9999 -9999 -9999 -9999 666 658 654 652 646 645 643 -9999
803 800 803 806 810 812 816 818 822 -9999 -9999 -9999 -9999 -9999 -9999 -9999 -9999 -9999 -9999 -9999 -9999 -9999 -9999 -9999 -9999 -9999 -9999 -9999 -9999 -9999 -9999 853 846 842 843 -9999 -9999 838 833 829 819 812 797 802 811 815 812 797 788 793 795 791 790 782 774 772 763 757 752 746 743 723 712 719 722 -9999 691 683 681 -9999 683 670 660 651 653 646 644 643 644
804 811 814 817 816 819 821 830 831 -9999 -9999 -9999 -9999 -9999 -9999 -9999 -9999 -9999 -9999 -9999 -9999 -9999 -9999 -9999 -9999 -9999 -9999 -9999 -9999 -9999 -9999 843 844 841 839 843 -9999 -9999 831 840 829 807 800 807 813 816 819 810 803 802 795 791 785 783 776 766 758 754 755 748 742 732 722 716 720 -9999 694 689 676 689 681 672 653 657 641 642 641 645 647
813 820 821 822 822 823 829 832 837 834 -9999 -9999 -9999 -9999 -9999 -9999 -9999 -9999 -9999 -9999 -9999 -9999 -9999 -9999 -9999 -9999 -9999 -9999 -9999 -9999 -9999 -9999 -9999 836 840 840 -9999 -9999 831 838 831 814 805 807 809 816 816 810 807 804 799 793 788 784 772 751 746 741 743 742 740 724 727 726 723 711 708 693 687 680 687 676 664 647 640 642 651 652 654
811 820 824 833 832 830 831 834 832 843 -9999 -9999 -9999 -9999 -9999 -9999 -9999 -9999 -9999 -9999 -9999 -9999 -9999 -9999 -9999 -9999 -9999 -9999 -9999 -9999 -9999 -9999 -9999 841 843 844 841 845 837 835 831 814 803 811 815 813 818 816 809 804 796 790 783 777 771 756 749 748 745 748 734 731 729 727 718 704 696 687 692 686 -9999 681 674 664 645 652 656 672 -9999
821 824 830 834 840 838 836 841 836 -9999 -9999 -9999 -9999 -9999 -9999 -9999 -9999 -9999 -9999 -9999 -9999 -9999 -9999 -9999 -9999 -9999 -9999 -9999 -9999 -9999 -9999 -9999 -9999 -9999 -9999 848 837 845 834 829 817 806 806 813 821 826 814 813 805 802 798 793 785 779 775 769 761 751 747 748 742 736 727 722 717 710 693 681 684 687 -9999 -9999 671 672 660 660 658 -9999 -9999
825 833 834 838 842 844 842 846 846 -9999 -9999 -9999 -9999 -9999 -9999 -9999 -9999 -9999 -9999 -9999 -9999 -9999 -9999 -9999 -9999 -9999 -9999 -9999 -9999 -9999 -9999 -9999 -9999 -9999 -9999 -9999 844 841 836 824 811 803 802 812 822 817 821 810 808 808 801 793 785 780 776 772 769 762 751 749 742 734 731 721 717 714 697 687 675 692 -9999 -9999 -9999 686 675 671 -9999 -9999 -9999
827 835 838 839 843 845 848 850 845 842 -9999 -9999 -9999 -9999 -9999 -9999 -9999 -9999 -9999 -9999 -9999 -9999 -9999 -9999 -9999 -9999 -9999 -9999 -9999 -9999 -9999 -9999 -9999 -9999 -9999 -9999 846 840 836 823 809 805 802 802 815 820 817 813 810 805 798 795 788 782 779 776 771 767 761 754 740 730 727 729 728 716 708 690 674 692 -9999 -9999 -9999 -9999 -9999 -9999 -9999 -9999 -9999
834 835 842 841 847 850 848 854 854 847 -9999 -9999 -9999 -9999 -9999 -9999 -9999 -9999 -9999 -9999 -9999 -9999 -9999 -9999 -9999 -9999 -9999 -9999 -9999 -9999 -9999 -9999 -9999 -9999 -9999 -9999 840 837 825 826 817 811 818 817 799 802 815 813 810 806 797 794 787 784 782 776 770 765 765 760 750 741 732 731 734 724 714 688 680 696 -9999 -9999 687 675 679 -9999 -9999 -9999 -9999
835 840 842 845 849 847 852 852 858 -9999 -9999 -9999 -9999 -9999 -9999 -9999 -9999 -9999 -9999 -9999 -9999 -9999 -9999 -9999 -9999 -9999 -9999 -9999 -9999 -9999 -9999 -9999 -9999 -9999 -9999 -9999 841 835 834 827 821 818 821 818 804 793 802 808 806 802 802 795 788 786 779 775 766 765 763 763 754 751 741 733 724 713 717 709 695 702 -9999 689 679 674 681 -9999 -9999 -9999 -9999
842 835 841 842 848 855 852 854 853 -9999 -9999 -9999 -9999 -9999 -9999 -9999 -9999 -9999 -9999 -9999 -9999 -9999 -9999 -9999 -9999 -9999 -9999 -9999 -9999 -9999 -9999 -9999 -9999 -9999 -9999 -9999 840 834 834 830 829 824 821 819 814 809 810 803 797 802 796 793 791 788 783 779 773 771 764 761 754 756 735 737 733 718 724 714 708 707 692 684 671 682 684 -9999 -9999 -9999 -9999
849 845 833 840 851 854 854 857 854 855 -9999 -9999 -9999 -9999 -9999 -9999 -9999 -9999 -9999 -9999 -9999 -9999 -9999 -9999 -9999 -9999 -9999 -9999 -9999 -9999 -9999 -9999 -9999 -9999 -9999 839 840 836 834 830 825 824 822 813 816 814 811 807 805 807 801 795 795 792 786 781 780 774 -9999 -9999 -9999 -9999 -9999 745 730 724 730 -9999 -9999 703 689 670 667 677 677 681 -9999 -9999 -9999
853 848 833 839 848 857 857 855 857 862 -9999 -9999 -9999 -9999 -9999 -9999 -9999 -9999 -9999 -9999 -9999 -9999 -9999 -9999 -9999 -9999 -9999 -9999 -9999 -9999 -9999 -9999 -9999 -9999 -9999 837 835 833 833 828 824 821 820 815 816 816 812 812 810 804 802 799 801 -9999 -9999 -9999 -9999 -9999 -9999 -9999 -9999 -9999 -9999 -9999 728 731 741 -9999 701 703 692 677 675 666 671 677 680 -9999 -9999
857 851 836 845 849 856 860 860 855 859 -9999 -9999 -9999 -9999 -9999 -9999 -9999 -9999 -9999 -9999 -9999 -9999 -9999 -9999 -9999 -9999 -9999 -9999 -9999 -9999 -9999 -9999 -9999 -9999 -9999 835 829 829 826 826 822 819 817 817 817 815 816 811 811 806 805 -9999 -9999 -9999 -9999 773 775 -9999 -9999 -9999 -9999 -9999 -9999 -9999 732 728 -9999 -9999 708 706 700 693 687 675 665 675 680 -9999 -9999
862 855 847 846 853 859 861 862 862 856 871 -9999 -9999 -9999 -9999 -9999 -9999 -9999 -9999 -9999 -9999 -9999 -9999 -9999 -9999 -9999 -9999 -9999 -9999 -9999 -9999 -9999 -9999 -9999 -9999 834 830 824 824 821 811 815 817 819 815 817 814 810 805 802 -9999 -9999 -9999 -9999 -9999 776 765 -9999 -9999 -9999 -9999 -9999 -9999 735 741 734 -9999 -9999 710 704 698 696 693 691 679 677 680 -9999 -9999
865 862 848 858 863 861 861 864 866 856 850 -9999 -9999 -9999 -9999 -9999 -9999 -9999 -9999 -9999 -9999 -9999 -9999 -9999 -9999 -9999 -9999 -9999 -9999 -9999 -9999 -9999 -9999 -9999 -9999 830 825 820 813 808 809 814 820 817 812 810 810 805 798 806 -9999 -9999 -9999 -9999 -9999 774 774 780 772 -9999 -9999 -9999 737 738 736 732 -9999 -9999 715 704 703 701 696 691 691 678 687 -9999 -9999
869 865 851 859 862 863 866 861 862 857 853 -9999 -9999 -9999 -9999 -9999 -9999 -9999 -9999 -9999 -9999 -9999 -9999 -9999 -9999 -9999 -9999 -9999 -9999 -9999 -9999 -9999 -9999 -9999 -9999 827 829 820 811 805 815 819 815 812 806 801 801 796 811 -9999 -9999 -9999 -9999 -9999 -9999 783 781 782 759 757 753 750 744 745 736 726 -9999 713 715 704 703 703 697 696 694 686 686 685 -9999
870 870 854 845 862 862 865 869 864 858 -9999 -9999 -9999 -9999 -9999 -9999 -9999 -9999 -9999 -9999 -9999 -9999 -9999 -9999 -9999 -9999 -9999 -9999 -9999 -9999 -9999 -9999 -9999 -9999 -9999 840 828 817 817 822 819 815 815 804 794 788 796 800 807 783 -9999 -9999 -9999 -9999 -9999 787 768 759 763 758 758 746 747 742 737 729 -9999 -9999 715 705 706 704 707 699 692 690 688 695 -9999
872 873 865 851 860 868 871 870 872 862 -9999 -9999 -9999 -9999 -9999 -9999 -9999 -9999 -9999 -9999 -9999 -9999 -9999 -9999 -9999 -9999 -9999 -9999 -9999 -9999 -9999 -9999 -9999 -9999 -9999 -9999 828 820 822 821 819 817 811 805 788 780 772 778 793 795 -9999 -9999 -9999 -9999 -9999 -9999 760 767 761 761 754 748 747 743 733 733 735 -9999 713 707 707 711 702 699 697 692 688 687 -9999
874 874 872 864 868 873 869 876 867 862 -9999 -9999 -9999 -9999 -9999 -9999 -9999 -9999 -9999 -9999 -9999 -9999 -9999 -9999 -9999 -9999 -9999 -9999 -9999 -9999 -9999 -9999 -9999 -9999 -9999 -9999 -9999 -9999 809 810 816 815 820 810 803 799 795 784 785 786 790 789 779 -9999 -9999 779 765 771 765 759 747 752 745 737 738 735 726 728 717 703 704 704 702 695 693 -9999 686 691 -9999
875 877 878 869 867 869 869 868 860 869 -9999 -9999 -9999 -9999 -9999 -9999 -9999 -9999 -9999 -9999 -9999 -9999 -9999 -9999 -9999 -9999 -9999 -9999 -9999 -9999 -9999 -9999 -9999 -9999 -9999 -9999 -9999 -9999 -9999 -9999 812 812 807 802 807 807 797 798 798 795 789 790 773 797 782 778 768 768 764 757 754 755 742 736 735 730 -9999 731 716 706 705 706 709 698 699 -9999 692 688 -9999
878 878 880 875 870 876 876 870 -9999 -9999 -9999 -9999 -9999 -9999 -9999 -9999 -9999 -9999 -9999 -9999 -9999 -9999 -9999 -9999 -9999 -9999 -9999 -9999 -9999 -9999 -9999 -9999 -9999 -9999 -9999 -9999 -9999 -9999 -9999 -9999 -9999 -9999 -9999 -9999 -9999 795 802 801 801 802 -9999 -9999 -9999 -9999 -9999 769 768 766 763 760 758 749 742 734 733 732 732 724 716 709 705 707 705 -9999 -9999 -9999 -9999 -9999 -9999
874 877 879 878 877 873 877 872 -9999 -9999 -9999 -9999 -9999 -9999 -9999 -9999 -9999 -9999 -9999 -9999 -9999 -9999 -9999 -9999 -9999 -9999 -9999 -9999 -9999 -9999 -9999 -9999 -9999 -9999 -9999 -9999 -9999 -9999 -9999 -9999 -9999 -9999 -9999 -9999 -9999 -9999 -9999 -9999 -9999 -9999 -9999 -9999 -9999 -9999 -9999 768 771 766 763 762 752 748 740 734 733 730 730 722 713 711 711 710 711 -9999 -9999 -9999 -9999 -9999 -9999
868 878 877 880 876 876 875 874 -9999 -9999 -9999 -9999 -9999 -9999 -9999 -9999 -9999 -9999 -9999 -9999 -9999 -9999 -9999 -9999 -9999 -9999 -9999 -9999 -9999 -9999 -9999 -9999 -9999 -9999 -9999 -9999 -9999 -9999 -9999 -9999 -9999 -9999 -9999 -9999 -9999 -9999 -9999 -9999 -9999 -9999 -9999 -9999 787 -9999 -9999 -9999 -9999 766 763 760 752 745 742 734 734 737 730 724 717 717 719 708 -9999 -9999 -9999 -9999 -9999 -9999 -9999
867 871 877 882 879 876 871 871 -9999 857 -9999 -9999 -9999 -9999 -9999 -9999 -9999 -9999 -9999 -9999 -9999 -9999 -9999 -9999 -9999 -9999 -9999 -9999 -9999 -9999 -9999 -9999 -9999 -9999 -9999 -9999 -9999 -9999 -9999 -9999 -9999 -9999 -9999 -9999 -9999 -9999 -9999 -9999 -9999 -9999 -9999 -9999 -9999 -9999 774 -9999 -9999 767 762 758 751 749 740 735 740 738 734 722 713 716 716 712 -9999 -9999 -9999 -9999 -9999 -9999 -9999
848 858 871 880 876 873 871 864 -9999 853 858 -9999 -9999 -9999 -9999 -9999 -9999 -9999 -9999 -9999 -9999 -9999 -9999 -9999 -9999 -9999 -9999 -9999 -9999 -9999 -9999 -9999 -9999 -9999 -9999 -9999 -9999 -9999 -9999 -9999 -9999 -9999 -9999 -9999 801 795 792 787 -9999 -9999 -9999 -9999 -9999 -9999 -9999 -9999 -9999 768 764 761 751 742 736 741 746 741 730 723 714 712 717 710 -9999 -9999 -9999 -9999 -9999 -9999 -9999
849 870 863 872 875 876 872 -9999 -9999 863 862 -9999 -9999 -9999 -9999 -9999 -9999 -9999 -9999 -9999 -9999 -9999 -9999 -9999 -9999 -9999 -9999 -9999 -9999 -9999 -9999 -9999 -9999 -9999 -9999 -9999 -9999 -9999 -9999 -9999 -9999 -9999 -9999 -9999 797 793 789 791 -9999 -9999 -9999 -9999 -9999 -9999 -9999 770 768 766 760 754 752 746 742 -9999 -9999 -9999 733 724 710 711 712 719 -9999 -9999 -9999 -9999 -9999 -9999 -9999
849 862 859 869 871 875 869 -9999 -9999 867 -9999 -9999 -9999 -9999 -9999 -9999 -9999 -9999 -9999 -9999 -9999 -9999 -9999 -9999 -9999 -9999 -9999 -9999 -9999 -9999 -9999 -9999 -9999 -9999 -9999 -9999 -9999 -9999 -9999 -9999 -9999 -9999 -9999 793 794 785 783 784 783 -9999 -9999 -9999 -9999 -9999 -9999 773 769 765 762 763 755 747 749 -9999 -9999 735 735 724 714 713 717 722 717 712 -9999 -9999 -9999 -9999 -9999
