Artocarpus altilis SDM files/MIS19/Environmental layers/bio4.asc
ncols  1201
nrows  481
xllcorner  119.99986351115
yllcorner  -15.00013828885
cellsize 0.041666667
NODATA_value  -9999
[rows 175 to 209 of 481, columns 0 to 78 of 1201]
567 561 568 563 558 558 564 564 561 560 575 556 558 565 562 560 573 561 562 560 555 553 549 549 555 547 545 571 589 585 601 604 597 590 581 578 579 586 589 587 586 583 584 575 -9999 -9999 -9999 -9999 -9999 -9999 -9999 -9999 -9999 -9999 -9999 -9999 -9999 -9999 -9999 -9999 -9999 -9999 -9999 -9999 -9999 -9999 -9999 -9999 -9999 -9999 -9999 -9999 -9999 -9999 -9999 -9999 -9999 -9999 -9999
564 552 562 561 563 561 560 572 566 562 574 565 550 559 557 551 550 582 574 567 559 561 554 551 556 562 557 582 590 594 600 604 593 588 579 577 572 583 589 588 587 585 579 581 583 -9999 -9999 -9999 -9999 -9999 -9999 -9999 -9999 -9999 -9999 -9999 -9999 -9999 -9999 -9999 -9999 -9999 -9999 -9999 -9999 -9999 -9999 -9999 -9999 -9999 -9999 -9999 -9999 -9999 -9999 -9999 -9999 -9999 -9999
569 548 549 555 555 562 572 575 577 574 586 555 531 540 545 542 546 560 596 593 584 573 568 571 571 569 566 580 575 574 583 603 584 572 583 577 568 578 589 588 587 584 578 585 592 -9999 -9999 -9999 -9999 -9999 -9999 -9999 -9999 -9999 -9999 -9999 -9999 -9999 -9999 -9999 -9999 -9999 -9999 -9999 -9999 -9999 -9999 -9999 -9999 -9999 -9999 -9999 -9999 -9999 -9999 -9999 -9999 -9999 -9999
567 560 554 558 567 562 570 580 587 589 590 565 529 525 532 559 559 572 603 614 615 606 595 600 599 588 581 585 580 588 587 597 593 581 579 575 576 569 582 583 588 585 589 588 590 602 -9999 -9999 -9999 -9999 -9999 -9999 -9999 -9999 -9999 -9999 -9999 -9999 -9999 -9999 -9999 -9999 -9999 -9999 -9999 -9999 -9999 -9999 -9999 -9999 -9999 -9999 -9999 -9999 -9999 -9999 -9999 -9999 -9999
559 575 577 568 574 567 580 579 593 600 584 569 542 531 545 575 581 585 615 620 616 624 614 614 618 613 613 603 593 602 607 608 601 584 581 575 576 573 576 578 583 586 580 584 598 600 603 -9999 -9999 -9999 -9999 -9999 -9999 -9999 -9999 -9999 -9999 -9999 -9999 -9999 -9999 -9999 -9999 -9999 -9999 -9999 -9999 -9999 -9999 -9999 -9999 -9999 -9999 -9999 -9999 -9999 -9999 -9999 -9999
567 573 590 580 577 574 585 596 602 605 587 581 575 557 556 569 595 609 620 623 622 634 629 620 627 627 621 611 600 596 608 620 627 609 590 583 581 578 570 577 583 586 587 581 582 597 600 -9999 -9999 -9999 -9999 -9999 -9999 -9999 -9999 -9999 -9999 -9999 -9999 -9999 -9999 -9999 -9999 -9999 -9999 -9999 -9999 -9999 -9999 -9999 -9999 -9999 -9999 -9999 -9999 -9999 -9999 -9999 -9999
574 577 582 587 578 592 602 609 609 606 603 598 587 576 592 591 611 621 624 626 626 632 633 632 633 612 623 614 603 594 594 598 617 610 607 600 592 591 589 580 582 580 578 585 574 590 600 602 -9999 -9999 -9999 -9999 -9999 -9999 -9999 -9999 -9999 -9999 -9999 -9999 -9999 -9999 -9999 -9999 -9999 -9999 -9999 -9999 -9999 -9999 -9999 -9999 -9999 -9999 -9999 -9999 -9999 -9999 -9999
580 573 572 585 597 602 607 612 607 611 611 609 607 602 611 614 625 627 631 632 636 635 639 635 637 628 632 612 610 615 625 599 606 609 614 609 612 612 606 600 588 577 565 581 577 595 592 604 -9999 -9999 -9999 -9999 -9999 -9999 -9999 -9999 -9999 -9999 -9999 -9999 -9999 -9999 -9999 -9999 -9999 -9999 -9999 -9999 -9999 -9999 -9999 -9999 -9999 -9999 -9999 -9999 -9999 -9999 -9999
574 587 590 595 602 610 617 616 616 611 614 617 619 625 628 624 630 635 636 639 650 651 647 648 651 644 645 628 612 618 629 616 611 617 617 611 617 616 618 609 606 590 577 578 580 589 587 600 611 -9999 -9999 -9999 -9999 -9999 -9999 -9999 -9999 -9999 -9999 -9999 -9999 -9999 -9999 -9999 -9999 -9999 -9999 -9999 -9999 -9999 -9999 -9999 -9999 -9999 -9999 -9999 -9999 -9999 -9999
575 591 586 594 604 617 616 609 610 616 629 629 631 631 633 634 635 636 635 639 645 657 660 651 651 649 655 639 633 640 631 622 629 628 627 623 622 622 609 615 604 600 591 591 601 593 582 586 609 -9999 -9999 -9999 -9999 -9999 -9999 -9999 -9999 -9999 -9999 -9999 -9999 -9999 -9999 -9999 -9999 -9999 -9999 -9999 -9999 -9999 -9999 -9999 -9999 -9999 -9999 -9999 -9999 -9999 -9999
560 570 588 596 607 612 613 616 628 628 629 627 628 630 635 640 -9999 -9999 -9999 -9999 -9999 653 658 663 661 655 659 657 645 636 631 632 620 631 631 627 628 630 629 629 624 598 584 580 597 608 616 615 618 -9999 -9999 -9999 -9999 -9999 -9999 -9999 -9999 -9999 -9999 -9999 -9999 -9999 -9999 -9999 -9999 -9999 -9999 -9999 -9999 -9999 -9999 -9999 -9999 -9999 -9999 -9999 -9999 -9999 -9999
560 582 592 609 612 618 628 629 626 627 627 626 631 634 -9999 -9999 -9999 -9999 -9999 -9999 -9999 -9999 -9999 -9999 -9999 667 657 648 651 636 621 641 634 627 632 629 630 632 631 635 625 604 594 586 588 591 603 618 625 621 635 -9999 -9999 -9999 -9999 -9999 -9999 -9999 -9999 -9999 -9999 -9999 -9999 -9999 -9999 -9999 -9999 -9999 -9999 -9999 -9999 -9999 -9999 -9999 -9999 -9999 -9999 -9999 -9999
591 595 604 616 625 626 619 622 617 622 624 631 639 -9999 -9999 -9999 -9999 -9999 -9999 -9999 -9999 -9999 -9999 -9999 660 660 647 658 659 657 639 631 642 641 640 633 637 637 634 628 621 609 605 590 597 607 607 616 622 625 623 633 -9999 -9999 -9999 -9999 -9999 -9999 -9999 -9999 -9999 -9999 -9999 -9999 -9999 -9999 -9999 -9999 -9999 -9999 -9999 -9999 -9999 -9999 -9999 -9999 -9999 -9999 -9999
593 589 606 615 624 617 620 620 632 639 638 639 -9999 -9999 -9999 -9999 -9999 -9999 -9999 -9999 -9999 -9999 663 669 667 668 651 650 661 662 647 641 647 644 647 640 644 645 640 631 618 614 618 612 610 599 618 625 616 624 626 629 628 -9999 -9999 -9999 -9999 -9999 -9999 -9999 -9999 -9999 -9999 -9999 -9999 -9999 -9999 -9999 -9999 -9999 -9999 -9999 -9999 -9999 -9999 -9999 -9999 -9999 -9999
592 604 610 615 625 617 623 637 641 643 639 -9999 -9999 -9999 -9999 -9999 -9999 -9999 -9999 -9999 -9999 -9999 -9999 679 678 678 654 663 673 673 658 651 651 652 653 648 650 653 647 634 628 629 621 627 621 619 620 613 614 625 629 628 628 -9999 -9999 -9999 -9999 -9999 -9999 -9999 -9999 -9999 -9999 -9999 -9999 -9999 -9999 -9999 -9999 -9999 -9999 -9999 -9999 -9999 -9999 -9999 -9999 -9999 -9999
579 589 603 618 626 627 633 633 635 -9999 -9999 -9999 -9999 -9999 -9999 -9999 -9999 -9999 -9999 -9999 -9999 -9999 -9999 -9999 -9999 687 675 660 674 675 666 649 644 667 662 653 660 648 645 633 628 639 645 643 637 626 619 619 634 633 617 630 634 628 622 628 -9999 -9999 -9999 -9999 -9999 -9999 -9999 -9999 -9999 -9999 -9999 -9999 -9999 -9999 -9999 -9999 -9999 -9999 -9999 -9999 -9999 -9999 -9999
582 588 602 617 629 633 634 -9999 -9999 -9999 -9999 -9999 -9999 -9999 -9999 -9999 -9999 -9999 -9999 -9999 -9999 -9999 -9999 -9999 -9999 699 686 665 672 682 675 672 668 677 674 666 664 662 660 657 647 650 652 649 645 634 629 635 636 619 618 629 624 621 618 632 -9999 -9999 -9999 -9999 -9999 -9999 -9999 -9999 -9999 -9999 -9999 -9999 -9999 -9999 -9999 -9999 -9999 -9999 -9999 -9999 -9999 -9999 -9999
582 577 593 614 632 635 -9999 -9999 -9999 -9999 -9999 -9999 -9999 -9999 -9999 -9999 -9999 -9999 -9999 -9999 -9999 -9999 -9999 -9999 -9999 707 689 673 675 678 673 668 677 669 662 658 656 654 664 653 647 641 654 655 657 650 637 634 632 621 620 628 644 636 637 648 646 -9999 -9999 -9999 -9999 -9999 -9999 -9999 -9999 -9999 -9999 -9999 -9999 -9999 -9999 -9999 -9999 -9999 -9999 -9999 -9999 -9999 -9999
586 584 595 622 640 643 -9999 -9999 -9999 -9999 -9999 -9999 -9999 -9999 -9999 -9999 -9999 -9999 -9999 -9999 -9999 -9999 -9999 -9999 -9999 707 700 680 678 677 685 679 665 656 654 657 665 675 661 659 668 669 657 657 657 657 652 645 644 635 627 629 637 649 654 656 648 642 632 -9999 -9999 -9999 -9999 -9999 -9999 -9999 -9999 -9999 -9999 -9999 -9999 -9999 -9999 -9999 -9999 -9999 -9999 -9999 -9999
608 603 598 619 638 646 662 -9999 -9999 -9999 -9999 -9999 -9999 -9999 -9999 -9999 -9999 -9999 -9999 -9999 -9999 -9999 -9999 -9999 -9999 711 718 689 679 671 675 689 656 650 660 668 671 674 667 668 660 660 667 679 669 669 677 665 656 650 642 636 625 631 634 646 650 645 640 633 628 -9999 -9999 -9999 -9999 -9999 -9999 -9999 -9999 -9999 -9999 -9999 -9999 -9999 -9999 -9999 -9999 -9999 -9999
608 611 608 620 640 654 660 -9999 -9999 -9999 -9999 -9999 -9999 -9999 -9999 -9999 -9999 -9999 -9999 -9999 -9999 -9999 -9999 -9999 -9999 719 724 700 672 659 673 687 680 656 666 680 681 684 685 681 667 660 653 668 687 682 678 679 673 668 662 657 646 641 637 643 654 -9999 652 641 636 627 610 -9999 -9999 -9999 -9999 -9999 -9999 -9999 -9999 -9999 -9999 -9999 -9999 -9999 -9999 -9999 -9999
615 621 610 616 636 652 664 -9999 -9999 -9999 -9999 -9999 -9999 -9999 -9999 -9999 -9999 -9999 -9999 -9999 -9999 -9999 -9999 -9999 -9999 734 720 693 688 650 658 682 693 686 671 673 688 697 700 699 691 677 669 672 666 663 674 685 686 681 676 669 663 651 633 640 643 648 651 646 -9999 -9999 616 -9999 -9999 -9999 -9999 -9999 -9999 -9999 -9999 -9999 -9999 -9999 -9999 -9999 -9999 -9999 -9999
610 630 624 619 632 662 669 676 680 681 -9999 -9999 -9999 -9999 -9999 -9999 -9999 -9999 -9999 -9999 -9999 -9999 -9999 -9999 746 741 710 667 686 649 659 680 695 704 692 687 705 713 699 705 700 694 697 676 674 666 657 668 681 696 690 682 679 659 663 655 649 644 652 651 -9999 -9999 -9999 -9999 -9999 -9999 -9999 -9999 -9999 -9999 -9999 -9999 -9999 -9999 -9999 -9999 -9999 -9999 -9999
596 631 636 642 649 669 678 683 687 698 -9999 -9999 -9999 -9999 -9999 -9999 -9999 -9999 -9999 -9999 -9999 -9999 -9999 737 745 734 694 671 646 646 657 679 693 702 715 704 716 706 714 720 720 712 706 705 702 684 662 656 656 683 697 693 686 671 669 669 667 656 659 -9999 -9999 -9999 636 639 -9999 -9999 -9999 -9999 -9999 -9999 -9999 -9999 -9999 -9999 -9999 -9999 -9999 -9999 -9999
587 619 653 660 664 682 683 691 693 704 706 -9999 -9999 -9999 -9999 -9999 -9999 -9999 -9999 -9999 -9999 -9999 -9999 746 752 731 681 669 662 668 673 673 683 694 715 718 699 696 720 726 727 727 716 695 688 707 697 677 657 666 696 705 692 685 679 677 677 675 669 -9999 659 645 -9999 -9999 -9999 -9999 -9999 -9999 -9999 -9999 -9999 -9999 -9999 -9999 -9999 -9999 -9999 -9999 -9999
586 600 636 653 665 680 691 692 700 711 -9999 -9999 -9999 -9999 -9999 -9999 -9999 -9999 -9999 -9999 -9999 -9999 757 751 746 721 684 687 693 689 693 674 686 698 700 714 710 678 700 726 733 728 707 696 713 720 694 691 695 696 710 711 697 697 692 688 693 684 -9999 -9999 -9999 -9999 -9999 -9999 -9999 -9999 -9999 -9999 -9999 -9999 -9999 -9999 -9999 -9999 -9999 -9999 -9999 -9999 -9999
578 582 630 651 670 688 692 703 712 716 -9999 -9999 -9999 -9999 -9999 -9999 -9999 -9999 -9999 -9999 -9999 748 756 743 724 725 705 706 689 708 701 675 680 700 695 703 694 681 680 720 732 730 700 708 726 731 716 683 706 716 716 709 686 698 698 700 695 695 -9999 -9999 -9999 -9999 648 -9999 -9999 648 -9999 623 -9999 -9999 -9999 -9999 -9999 -9999 -9999 -9999 -9999 -9999 -9999
564 582 623 660 665 684 693 712 717 725 -9999 -9999 -9999 -9999 -9999 -9999 -9999 -9999 -9999 -9999 -9999 760 743 717 709 725 713 719 692 694 724 713 702 709 702 704 676 671 695 724 715 726 721 699 732 720 706 717 698 731 721 700 689 704 713 699 688 687 683 -9999 -9999 -9999 666 -9999 -9999 -9999 -9999 -9999 -9999 -9999 608 -9999 -9999 -9999 -9999 -9999 -9999 -9999 -9999
579 577 607 652 664 688 712 714 727 735 -9999 -9999 -9999 -9999 -9999 -9999 -9999 -9999 -9999 -9999 759 744 715 698 684 702 718 722 699 702 711 742 749 735 735 725 701 709 725 721 714 726 717 737 741 736 708 720 719 723 727 715 708 702 708 708 691 694 682 675 -9999 -9999 -9999 -9999 -9999 -9999 -9999 -9999 -9999 -9999 -9999 -9999 -9999 -9999 -9999 -9999 -9999 -9999 -9999
602 601 585 629 652 685 708 724 734 742 -9999 -9999 -9999 -9999 -9999 -9999 -9999 -9999 -9999 -9999 771 760 732 733 703 700 710 717 715 722 729 728 749 754 756 752 746 749 739 734 721 709 711 722 735 735 734 746 742 739 736 735 730 727 718 724 -9999 697 689 687 -9999 -9999 -9999 -9999 -9999 -9999 -9999 -9999 -9999 -9999 -9999 -9999 -9999 -9999 -9999 -9999 -9999 -9999 -9999
626 594 602 637 641 685 716 731 741 745 -9999 -9999 -9999 -9999 -9999 -9999 -9999 -9999 -9999 -9999 -9999 773 765 740 731 723 705 701 709 713 739 738 746 751 765 766 761 759 752 744 728 730 736 738 732 723 734 731 740 743 747 743 733 731 725 721 729 -9999 706 -9999 -9999 -9999 -9999 -9999 -9999 -9999 -9999 -9999 -9999 -9999 -9999 -9999 -9999 603 604 -9999 -9999 -9999 -9999
624 631 644 654 662 697 728 733 740 747 764 -9999 -9999 -9999 -9999 -9999 -9999 -9999 -9999 -9999 -9999 779 771 757 735 731 727 711 686 717 724 739 744 759 762 767 776 771 765 761 743 752 739 738 734 738 725 727 735 739 739 734 735 739 727 718 719 -9999 -9999 -9999 -9999 -9999 -9999 -9999 -9999 -9999 -9999 -9999 -9999 -9999 -9999 -9999 623 613 618 610 626 -9999 -9999
667 674 673 689 696 710 727 737 746 756 770 -9999 -9999 -9999 -9999 -9999 -9999 -9999 -9999 -9999 -9999 -9999 786 782 769 766 755 736 710 704 722 747 736 738 748 767 775 773 777 772 764 760 760 756 760 754 746 730 735 730 732 743 750 758 734 735 740 -9999 -9999 -9999 -9999 -9999 -9999 -9999 -9999 -9999 -9999 -9999 -9999 -9999 -9999 -9999 -9999 618 616 605 609 -9999 -9999
704 700 693 715 711 732 737 747 755 764 763 -9999 -9999 -9999 -9999 -9999 -9999 -9999 -9999 -9999 -9999 -9999 -9999 799 795 791 777 755 724 691 706 731 731 737 747 773 783 778 780 783 777 774 776 773 769 775 770 759 751 736 738 735 729 747 751 -9999 -9999 -9999 -9999 -9999 -9999 -9999 -9999 -9999 -9999 -9999 -9999 -9999 -9999 -9999 -9999 -9999 -9999 627 612 -9999 -9999 -9999 -9999
718 720 716 728 732 731 742 756 767 769 777 -9999 -9999 -9999 -9999 -9999 -9999 -9999 -9999 -9999 -9999 -9999 -9999 -9999 807 800 781 761 726 709 713 724 741 757 745 768 792 785 774 779 789 782 787 787 784 786 780 771 764 749 752 744 741 747 745 744 -9999 -9999 -9999 -9999 -9999 -9999 -9999 -9999 -9999 -9999 -9999 -9999 -9999 -9999 -9999 -9999 -9999 -9999 -9999 -9999 -9999 -9999 -9999
