Artocarpus altilis SDM files/MIS19/Environmental layers/bio4.asc
ncols  1201
nrows  481
xllcorner  119.99986351115
yllcorner  -15.00013828885
cellsize 0.041666667
NODATA_value  -9999
[rows 245 to 279 of 481, columns 474 to 552 of 1201]
537 534 536 536 531 535 535 533 533 534 539 534 538 537 540 540 544 546 548 552 556 558 561 565 563 567 566 568 572 575 581 590 596 597 590 584 594 607 617 614 613 605 605 600 593 590 586 591 596 596 593 592 581 577 574 569 560 559 553 549 548 542 539 535 534 529 525 531 524 513 513 508 506 504 498 491 489 484 479
529 524 531 527 529 526 529 529 530 530 529 529 532 534 536 538 542 544 546 549 547 553 561 557 557 558 563 562 572 572 577 580 586 583 581 580 595 602 609 609 609 605 604 604 599 597 589 593 597 596 588 590 590 585 576 568 567 554 556 551 548 540 541 537 536 532 534 530 527 515 516 509 506 506 503 503 498 490 489
528 523 528 527 525 525 525 523 524 524 524 524 527 528 527 531 534 536 540 541 544 544 546 551 551 553 551 558 560 564 570 570 579 571 568 571 581 578 592 606 596 593 586 594 602 599 603 602 595 592 591 589 584 575 567 568 559 555 557 556 550 541 540 540 534 533 530 526 526 519 517 513 510 508 505 500 499 500 499
526 523 527 522 523 522 524 522 523 521 522 521 523 526 525 528 529 531 532 534 536 538 540 542 541 547 547 548 552 553 555 557 561 561 563 564 565 571 569 584 578 583 577 583 598 602 601 591 580 570 569 574 574 571 568 563 556 552 548 546 542 539 541 543 538 534 532 527 524 520 520 520 512 509 503 501 499 496 487
524 526 527 525 528 525 525 523 519 519 517 518 519 522 522 522 522 527 527 527 531 534 534 536 538 541 543 545 543 547 546 550 552 554 553 556 556 560 566 573 571 568 572 572 580 587 600 588 579 573 566 562 562 563 563 557 553 544 549 548 545 540 540 540 536 534 535 526 526 521 519 516 511 508 506 502 503 500 495
528 528 527 525 525 526 525 521 520 522 523 516 515 515 520 519 520 521 522 522 528 528 529 532 533 535 536 538 541 543 545 547 548 553 551 557 556 555 561 572 574 565 561 563 573 574 572 578 572 569 560 558 560 562 554 555 547 548 554 555 556 547 543 539 535 535 531 530 524 523 520 521 514 514 506 503 503 500 496
529 530 530 527 524 522 519 522 520 519 519 519 518 518 516 516 517 516 519 524 522 524 525 526 528 530 532 534 537 540 543 543 544 552 549 552 554 555 552 554 566 563 556 561 576 575 572 569 567 565 565 557 555 563 560 551 551 555 545 550 556 553 547 539 540 535 531 530 526 527 521 519 516 515 510 505 502 497 495
541 532 531 530 527 525 520 522 521 520 521 522 521 519 516 514 517 518 518 516 520 524 523 522 523 528 527 529 532 537 536 538 537 540 546 546 552 550 543 547 550 550 553 558 566 576 569 560 559 562 563 561 549 556 548 544 553 547 546 551 562 557 555 549 542 537 536 531 529 523 523 521 518 513 512 507 502 500 498
539 535 532 532 526 527 528 523 526 519 524 518 516 516 516 514 515 515 514 517 523 519 520 525 522 527 525 526 528 528 534 535 535 536 539 538 539 549 542 551 540 546 550 560 560 551 563 549 554 549 546 552 553 547 549 540 541 542 545 550 561 561 559 554 547 539 535 533 529 528 523 520 519 515 513 511 508 502 501
537 535 534 533 533 530 529 530 527 530 533 523 527 512 517 515 514 515 514 519 518 518 527 522 525 527 522 526 527 529 529 528 531 536 535 535 539 539 540 539 538 541 541 540 548 554 550 550 540 554 554 552 546 539 546 548 537 537 547 556 559 564 558 556 552 545 537 532 530 528 526 522 519 515 512 511 510 506 501
537 538 537 536 533 533 532 530 533 536 531 522 521 520 515 519 516 517 516 514 520 518 514 515 522 521 523 524 524 526 527 532 530 531 534 534 535 535 537 536 537 538 536 538 537 532 540 541 541 545 554 550 549 541 542 543 543 535 544 545 552 560 552 552 548 548 542 536 530 531 524 519 519 519 514 510 509 505 503
549 541 549 537 536 534 533 533 533 536 536 530 520 519 526 517 513 515 514 513 514 520 525 521 521 522 526 526 527 528 527 529 530 531 534 534 532 531 534 537 533 533 534 532 530 534 529 531 533 534 533 540 545 537 526 529 530 530 539 543 537 549 543 550 544 546 545 538 534 527 523 520 518 517 514 511 508 504 502
554 551 551 548 550 540 538 537 534 534 536 535 533 530 529 527 521 518 521 515 520 517 520 524 524 524 527 526 526 528 529 528 533 530 533 534 531 531 530 530 536 533 534 532 530 527 533 529 529 526 530 527 531 533 528 524 528 528 528 531 530 529 544 550 553 546 543 537 536 530 522 519 519 514 512 511 509 505 502
559 555 556 553 550 545 552 541 537 535 536 536 534 534 534 529 527 529 530 524 523 520 522 526 525 526 525 525 525 524 528 529 527 529 531 533 531 533 532 532 535 533 533 529 530 528 526 531 531 527 522 524 526 526 526 521 526 525 525 522 520 524 529 539 541 549 542 538 536 532 520 519 517 516 515 512 506 505 505
564 563 564 555 557 555 551 551 544 534 538 537 536 539 533 532 530 529 531 527 529 527 524 528 526 536 528 528 532 531 530 534 530 532 532 532 531 531 535 530 534 531 531 530 530 528 524 527 528 529 526 527 523 525 525 525 520 522 525 522 522 518 525 535 548 549 547 545 534 535 522 520 514 511 514 510 509 507 502
577 576 577 564 561 559 555 558 559 544 548 546 542 544 535 535 532 532 536 531 532 532 529 528 529 531 533 533 530 533 534 534 538 531 538 534 536 537 532 536 535 533 533 529 527 529 529 527 527 526 526 521 528 524 521 520 517 516 515 518 515 515 520 525 533 540 547 540 535 527 523 517 516 511 507 506 506 507 505
589 581 580 572 568 571 563 560 562 558 547 547 558 548 552 541 539 548 539 537 534 533 534 532 531 536 535 537 537 542 539 538 537 538 539 535 536 535 536 538 532 533 534 532 533 527 528 527 521 523 522 514 523 521 517 513 515 512 514 518 515 514 512 520 517 526 535 533 532 527 520 513 512 507 505 503 502 502 500
577 596 590 582 579 572 570 571 566 563 559 553 558 559 550 550 552 550 544 542 543 541 543 537 537 535 540 537 539 537 542 538 542 541 539 540 536 537 538 536 535 534 535 535 532 530 527 529 523 523 520 521 517 520 510 513 510 509 510 509 512 511 510 513 515 514 519 522 520 522 518 510 503 505 503 502 502 499 498
593 597 594 591 594 587 579 576 576 573 570 568 565 563 558 560 556 556 552 553 547 548 547 547 545 547 543 542 544 546 543 542 545 546 545 541 542 543 540 540 540 534 532 534 533 531 531 528 528 530 522 522 522 518 514 513 510 507 506 510 511 508 506 504 503 501 511 508 506 507 520 516 504 500 501 500 499 499 494
610 609 601 600 604 594 591 587 583 581 584 576 571 569 564 565 561 566 560 557 553 554 554 553 553 552 552 550 550 550 545 547 550 550 550 551 546 547 547 545 546 542 540 537 535 532 530 527 525 524 527 526 526 527 515 508 507 507 504 505 505 506 505 502 499 500 500 495 503 505 509 513 504 496 493 494 491 493 493
618 613 612 609 608 600 606 599 594 591 591 585 582 575 574 575 570 569 568 565 567 569 563 560 562 556 556 558 554 557 555 552 551 552 554 551 549 548 547 549 547 545 543 540 535 535 534 532 529 526 529 522 522 519 515 506 509 506 505 503 503 503 500 500 500 497 494 493 497 501 504 500 498 497 494 489 487 488 486
628 625 620 618 616 611 608 607 605 599 598 590 593 589 585 582 579 576 575 575 571 571 567 567 568 561 565 565 565 563 561 563 561 561 563 562 558 555 557 554 555 551 547 545 541 537 534 531 529 528 526 525 522 520 512 511 511 506 502 497 501 495 494 496 494 493 493 492 493 498 498 497 490 492 487 487 482 480 481
637 635 631 628 628 623 620 612 611 609 607 604 600 594 592 591 590 587 588 583 578 581 576 576 576 576 570 567 572 573 570 568 567 567 567 568 562 561 560 559 557 556 552 547 544 541 537 534 532 529 523 522 520 512 516 499 501 505 497 499 497 495 490 488 491 491 489 491 490 487 493 500 494 490 488 482 478 474 478
642 649 642 638 638 633 632 624 621 621 612 618 609 607 604 602 598 599 593 597 593 590 588 585 585 582 581 581 581 584 578 574 575 574 572 574 572 572 567 561 563 563 558 552 549 544 541 538 533 529 526 526 522 513 512 505 503 497 502 498 495 491 488 490 484 483 484 482 483 482 490 493 488 488 482 478 470 472 472
660 657 657 645 652 643 639 638 634 629 629 626 620 620 618 613 608 610 608 601 606 599 598 598 594 592 594 588 593 590 589 585 584 590 584 578 576 574 571 571 568 566 558 558 552 550 545 540 536 532 530 521 522 515 509 509 501 495 500 497 493 485 486 480 480 485 474 478 475 482 483 480 474 480 476 475 468 463 462
666 663 662 665 660 661 652 649 649 638 639 635 632 627 627 628 624 617 618 613 611 610 606 606 603 607 601 600 597 595 594 591 593 591 588 587 583 580 579 578 576 571 565 561 561 552 549 544 541 535 530 527 521 521 509 509 506 506 503 492 490 483 485 480 480 481 478 477 470 471 470 470 469 468 463 469 468 466 458
682 679 671 673 671 673 662 662 660 653 650 649 644 642 637 638 633 632 623 627 622 619 622 616 614 611 610 608 609 611 604 598 598 599 598 591 592 588 582 581 575 573 579 569 563 558 551 547 542 538 533 528 524 520 514 503 501 500 492 491 486 485 478 479 477 475 471 471 466 466 463 460 460 455 450 450 451 457 455
693 693 691 686 680 681 678 672 667 666 663 658 657 653 651 644 642 639 638 636 635 633 630 624 624 622 614 615 612 616 610 609 610 605 604 603 595 591 591 588 582 578 572 569 562 558 555 549 543 541 535 529 526 520 513 507 502 500 495 493 487 487 478 480 473 470 468 466 464 458 456 455 452 450 444 445 441 440 435
708 702 703 698 696 694 690 685 681 679 676 671 664 661 660 655 654 649 647 645 644 644 637 634 632 632 629 624 623 620 622 618 616 613 612 608 604 601 596 592 591 586 578 570 567 562 558 552 546 539 537 533 529 522 517 509 505 498 495 491 483 483 480 476 469 467 465 461 457 455 451 446 445 443 439 438 436 433 431
719 711 710 709 706 703 702 699 695 688 687 684 676 674 670 668 662 662 660 657 654 650 649 645 643 639 639 636 626 624 629 629 625 624 618 614 609 602 603 598 594 587 586 580 573 566 559 551 549 544 541 532 528 525 515 513 507 502 496 489 487 479 478 472 466 463 458 456 449 449 444 443 437 438 436 431 426 423 424
730 739 726 725 721 715 711 710 706 701 696 693 692 691 683 683 675 671 672 663 662 654 661 656 652 651 646 647 639 642 634 637 633 627 627 622 617 612 607 602 599 594 589 584 579 573 566 561 552 549 539 535 533 527 516 510 507 505 496 488 487 481 476 471 465 460 457 452 447 446 438 438 438 435 434 429 427 417 420
739 752 736 739 731 731 726 722 719 717 714 707 703 701 693 694 691 686 683 680 679 674 670 668 663 663 659 655 641 644 641 645 640 636 631 626 623 622 616 610 606 601 594 590 585 578 573 564 557 552 543 539 532 526 522 512 510 504 497 488 486 472 469 466 459 456 453 453 442 444 437 438 436 434 426 425 422 419 414
759 755 749 752 746 745 742 736 731 728 726 724 718 717 711 707 703 695 696 690 689 684 680 679 674 671 668 665 661 654 655 650 648 646 640 636 629 627 620 622 613 606 600 594 588 582 579 573 564 558 548 543 531 524 522 519 507 504 498 489 476 474 467 466 463 455 448 443 440 439 433 432 436 425 427 429 422 414 411
766 765 761 763 757 752 754 754 744 741 739 731 729 729 725 718 714 711 709 699 698 695 694 688 686 683 679 676 671 666 664 659 654 653 651 642 639 632 628 620 620 613 606 605 597 589 578 575 566 560 551 546 537 529 526 523 512 502 496 489 479 477 472 462 460 457 448 446 432 437 432 429 427 433 431 425 419 412 409
780 782 776 774 772 770 765 761 760 755 750 746 742 741 735 731 725 721 721 714 710 705 703 702 696 693 681 683 681 676 669 665 665 658 654 650 645 642 637 633 625 616 612 607 600 594 584 578 570 561 559 548 541 529 527 524 511 504 497 489 478 476 469 460 459 450 448 443 437 434 431 428 429 435 431 422 418 408 405
