Artocarpus altilis SDM files/MIS19/Environmental layers/bio4.asc
ncols  1201
nrows  481
xllcorner  119.99986351115
yllcorner  -15.00013828885
cellsize 0.041666667
NODATA_value  -9999
[rows 140 to 174 of 481, columns 0 to 78 of 1201]
738 746 763 769 766 -9999 -9999 -9999 -9999 -9999 -9999 -9999 -9999 -9999 -9999 -9999 -9999 -9999 -9999 -9999 -9999 -9999 -9999 -9999 -9999 -9999 -9999 -9999 -9999 -9999 -9999 -9999 -9999 -9999 -9999 -9999 -9999 -9999 565 558 -9999 -9999 -9999 -9999 -9999 -9999 -9999 -9999 -9999 -9999 -9999 508 503 494 488 484 484 482 477 483 475 470 473 475 474 473 462 450 455 449 448 455 461 458 458 454 453 444 434
736 739 753 764 766 759 -9999 -9999 -9999 -9999 -9999 -9999 -9999 -9999 -9999 -9999 -9999 -9999 -9999 -9999 -9999 -9999 -9999 -9999 -9999 -9999 -9999 -9999 -9999 -9999 -9999 -9999 -9999 -9999 -9999 -9999 585 579 567 557 -9999 -9999 -9999 -9999 -9999 -9999 -9999 -9999 -9999 -9999 -9999 507 499 494 489 479 473 478 471 468 467 461 461 460 456 453 440 442 454 458 456 463 462 461 457 456 452 451 439
738 731 745 753 759 758 750 -9999 -9999 745 -9999 -9999 -9999 -9999 -9999 -9999 -9999 -9999 -9999 -9999 -9999 -9999 -9999 -9999 -9999 -9999 -9999 -9999 -9999 -9999 -9999 -9999 -9999 -9999 -9999 580 573 570 564 557 -9999 -9999 -9999 -9999 -9999 -9999 -9999 -9999 -9999 -9999 -9999 501 497 492 484 479 466 462 451 455 463 447 436 436 437 436 441 454 459 463 460 462 462 459 460 463 456 447 443
746 726 742 745 751 755 754 744 739 739 735 -9999 -9999 -9999 -9999 -9999 -9999 -9999 -9999 -9999 -9999 -9999 -9999 -9999 -9999 -9999 -9999 -9999 -9999 -9999 -9999 -9999 -9999 -9999 586 570 563 558 548 539 543 539 517 518 -9999 -9999 -9999 505 506 502 501 496 493 488 479 468 452 449 449 447 442 431 428 430 435 447 462 462 469 467 -9999 -9999 -9999 -9999 -9999 455 454 446 440
741 727 730 735 739 741 750 747 746 744 732 729 723 -9999 -9999 -9999 -9999 -9999 -9999 -9999 -9999 -9999 -9999 -9999 -9999 -9999 -9999 -9999 -9999 -9999 -9999 -9999 -9999 586 582 569 553 532 523 512 530 534 533 526 517 514 512 509 495 484 490 495 486 465 457 462 447 433 441 434 432 430 430 436 443 451 463 469 -9999 -9999 -9999 -9999 -9999 -9999 -9999 471 453 449 443
750 725 713 720 718 724 731 738 736 736 733 726 717 -9999 -9999 -9999 -9999 -9999 -9999 -9999 -9999 -9999 -9999 -9999 -9999 -9999 -9999 -9999 -9999 -9999 -9999 -9999 591 579 573 558 552 526 501 504 519 526 520 512 511 494 488 491 482 489 476 462 452 444 443 440 431 424 423 429 437 427 435 444 448 456 465 468 -9999 -9999 -9999 -9999 -9999 -9999 -9999 -9999 -9999 454 452
746 731 725 704 702 702 710 715 718 722 722 722 714 712 -9999 -9999 -9999 -9999 -9999 -9999 -9999 -9999 -9999 -9999 -9999 -9999 -9999 -9999 -9999 -9999 -9999 589 571 563 570 570 556 531 498 491 508 512 514 510 505 498 483 481 475 476 465 432 417 429 428 423 424 429 434 434 439 434 456 463 456 463 471 -9999 -9999 -9999 -9999 -9999 -9999 -9999 -9999 -9999 -9999 -9999 452
746 738 730 714 711 700 707 704 712 708 718 713 712 711 702 -9999 -9999 -9999 -9999 -9999 -9999 -9999 -9999 -9999 -9999 -9999 -9999 -9999 -9999 -9999 586 581 560 562 556 559 550 530 499 485 488 502 507 503 496 497 493 480 473 469 464 447 440 436 436 428 433 437 440 446 456 453 465 460 466 474 -9999 -9999 -9999 -9999 -9999 -9999 -9999 -9999 -9999 -9999 -9999 -9999 -9999
741 742 733 725 710 699 702 712 716 708 708 704 701 705 703 -9999 -9999 -9999 -9999 -9999 -9999 -9999 -9999 -9999 -9999 -9999 -9999 -9999 -9999 -9999 593 576 553 541 541 542 546 541 518 499 472 479 486 484 481 482 489 490 482 465 458 445 439 442 439 437 441 446 451 455 466 462 458 470 467 470 -9999 -9999 -9999 -9999 -9999 -9999 -9999 -9999 466 457 462 -9999 458
733 732 729 723 714 700 693 699 706 706 703 700 702 705 701 -9999 -9999 -9999 -9999 -9999 -9999 -9999 -9999 -9999 -9999 -9999 -9999 -9999 -9999 603 576 567 551 529 510 515 523 535 529 515 493 479 457 455 462 469 474 483 477 468 459 447 431 444 437 446 454 453 460 469 473 461 467 472 -9999 -9999 -9999 -9999 -9999 470 466 470 463 463 462 461 459 457 467
719 713 710 699 700 690 667 658 663 681 692 694 696 698 -9999 -9999 -9999 -9999 -9999 -9999 -9999 -9999 -9999 -9999 -9999 -9999 -9999 -9999 613 590 574 553 532 501 487 508 518 524 525 520 510 493 477 468 462 464 460 461 470 454 460 456 443 456 452 457 468 470 479 478 476 470 473 479 -9999 -9999 -9999 -9999 476 466 458 462 458 459 462 462 460 467 459
722 708 710 689 676 692 670 649 646 650 663 661 674 694 690 -9999 -9999 -9999 -9999 -9999 -9999 -9999 -9999 -9999 -9999 -9999 -9999 -9999 602 584 565 543 527 500 476 492 481 494 507 512 506 499 499 490 486 478 476 475 472 462 454 458 463 462 462 465 473 474 476 476 478 478 479 -9999 -9999 -9999 -9999 480 473 454 455 453 456 459 469 467 464 470 458
716 717 712 697 683 671 666 650 660 653 645 637 646 673 682 674 -9999 -9999 -9999 -9999 -9999 -9999 -9999 -9999 -9999 -9999 -9999 610 596 585 559 542 521 507 494 473 470 477 491 507 501 486 486 497 498 487 479 477 473 465 460 455 464 473 472 477 483 483 480 481 479 480 -9999 -9999 -9999 483 483 479 465 448 452 451 464 463 471 466 466 479 468
710 711 702 697 681 665 660 664 657 634 634 626 626 649 671 672 -9999 663 658 650 643 -9999 -9999 -9999 -9999 -9999 -9999 603 584 560 563 550 530 521 507 488 497 506 507 500 485 488 488 492 483 478 483 472 467 449 451 461 474 479 481 481 486 486 486 481 480 -9999 -9999 -9999 -9999 484 484 472 457 448 449 446 458 465 466 469 469 473 465
699 694 697 690 681 669 658 668 656 631 633 620 610 640 670 673 665 659 651 645 642 637 628 618 620 -9999 615 596 574 561 558 553 520 511 496 486 504 510 502 487 498 501 495 493 480 478 477 468 458 461 467 474 477 485 488 490 488 491 490 488 -9999 -9999 -9999 -9999 -9999 -9999 -9999 474 459 457 455 457 460 476 -9999 468 468 470 463
694 681 687 680 668 653 656 665 661 651 642 610 606 631 667 666 661 651 649 638 625 619 612 603 604 604 604 589 581 561 535 525 526 499 490 488 491 493 505 494 492 491 492 488 485 475 476 464 463 462 474 481 484 492 493 489 495 500 496 -9999 -9999 -9999 -9999 -9999 -9999 -9999 491 481 466 461 457 460 474 477 -9999 473 468 471 465
700 689 662 663 654 648 649 656 655 650 638 613 615 635 659 658 651 649 639 627 611 597 588 582 581 585 587 570 567 561 532 510 503 491 491 490 495 497 500 488 474 477 483 484 488 495 483 470 470 478 482 491 494 497 502 500 509 498 -9999 -9999 -9999 -9999 -9999 -9999 -9999 481 483 487 477 467 459 464 481 472 -9999 -9999 467 468 463
699 690 665 657 661 649 641 651 650 647 633 606 604 628 646 652 643 642 628 618 603 572 570 562 566 560 562 559 561 547 537 522 516 509 500 495 496 492 499 485 483 495 496 491 498 496 487 486 483 492 497 496 500 504 507 505 506 497 -9999 -9999 -9999 -9999 -9999 -9999 -9999 -9999 487 486 489 477 469 483 481 -9999 -9999 486 470 468 472
697 686 661 652 661 658 652 648 642 642 630 609 604 623 638 641 638 632 625 616 590 561 555 550 542 545 547 553 559 546 550 537 530 511 498 507 487 471 485 482 493 501 503 499 492 487 497 500 496 500 505 509 507 514 512 505 -9999 -9999 -9999 -9999 -9999 -9999 -9999 -9999 -9999 -9999 -9999 -9999 493 477 486 485 -9999 -9999 481 478 470 472 -9999
690 690 668 648 656 650 645 647 639 628 605 602 601 619 635 631 630 624 618 606 582 553 542 540 526 529 538 555 558 557 566 545 522 494 499 508 477 486 499 493 486 500 502 491 499 509 511 511 512 509 514 513 518 513 -9999 -9999 -9999 -9999 -9999 -9999 -9999 -9999 -9999 -9999 -9999 -9999 -9999 -9999 500 490 493 -9999 -9999 -9999 486 483 477 476 470
683 680 659 647 649 646 644 636 629 604 592 595 604 625 625 625 617 613 604 592 570 555 538 522 520 518 543 561 554 561 568 556 525 498 519 508 483 497 516 521 493 513 514 504 510 517 521 516 511 514 514 -9999 -9999 -9999 -9999 -9999 -9999 -9999 -9999 -9999 -9999 -9999 -9999 -9999 -9999 -9999 -9999 -9999 -9999 -9999 -9999 -9999 -9999 -9999 -9999 486 482 479 478
676 675 655 628 638 641 630 632 618 595 587 591 608 616 618 616 605 602 594 586 572 557 535 515 513 525 553 563 549 559 559 564 543 514 528 526 497 507 502 524 511 512 526 519 524 525 517 524 -9999 -9999 -9999 -9999 -9999 -9999 -9999 -9999 -9999 -9999 -9999 -9999 -9999 -9999 -9999 -9999 -9999 -9999 -9999 -9999 -9999 -9999 -9999 -9999 -9999 -9999 -9999 -9999 -9999 -9999 -9999
651 663 651 626 628 632 623 622 611 590 585 599 611 614 613 612 599 590 584 573 571 558 537 521 520 552 566 562 551 533 558 571 554 534 526 534 524 525 523 531 531 531 531 525 535 539 -9999 -9999 -9999 -9999 -9999 -9999 -9999 -9999 -9999 -9999 -9999 -9999 -9999 -9999 -9999 -9999 -9999 -9999 -9999 -9999 -9999 -9999 -9999 -9999 -9999 -9999 -9999 -9999 -9999 491 -9999 -9999 486
650 657 654 627 612 604 610 618 603 587 584 592 608 615 610 604 590 587 582 569 576 562 540 537 556 565 566 559 556 529 542 571 558 544 535 537 540 544 540 540 546 536 534 537 -9999 -9999 -9999 -9999 -9999 -9999 -9999 -9999 -9999 -9999 -9999 -9999 -9999 -9999 -9999 -9999 -9999 -9999 -9999 -9999 -9999 -9999 -9999 -9999 -9999 -9999 -9999 -9999 -9999 470 492 489 -9999 -9999 475
650 643 649 628 615 609 607 616 600 586 581 600 610 617 605 596 585 574 580 577 575 567 554 556 572 573 571 558 557 549 546 572 565 565 560 551 553 552 547 545 544 540 541 -9999 -9999 -9999 -9999 -9999 -9999 -9999 -9999 -9999 -9999 -9999 -9999 -9999 -9999 -9999 -9999 -9999 -9999 -9999 -9999 -9999 -9999 -9999 -9999 -9999 -9999 -9999 -9999 -9999 -9999 493 481 484 477 -9999 484
627 624 636 633 622 626 628 613 599 576 584 605 613 614 609 600 584 573 578 578 582 582 573 578 575 573 573 562 561 561 564 571 571 572 569 558 560 553 553 550 550 544 544 -9999 -9999 -9999 -9999 -9999 -9999 -9999 -9999 -9999 -9999 -9999 -9999 -9999 -9999 -9999 -9999 -9999 -9999 -9999 -9999 -9999 -9999 -9999 -9999 -9999 -9999 -9999 -9999 -9999 -9999 496 482 489 -9999 -9999 -9999
619 616 618 633 628 622 623 606 591 584 587 606 608 610 608 605 582 573 584 589 583 584 577 584 580 576 573 571 569 571 561 561 571 574 581 560 560 559 558 553 550 548 -9999 -9999 -9999 -9999 -9999 -9999 -9999 -9999 -9999 -9999 -9999 -9999 -9999 -9999 -9999 -9999 -9999 -9999 -9999 -9999 -9999 -9999 -9999 -9999 -9999 -9999 -9999 -9999 -9999 -9999 -9999 493 491 499 494 -9999 -9999
611 612 607 626 618 615 612 600 587 582 585 591 596 604 609 605 580 578 585 594 583 581 585 584 580 581 578 572 560 577 572 572 578 564 577 583 575 563 558 558 555 -9999 -9999 -9999 -9999 -9999 -9999 -9999 -9999 -9999 -9999 -9999 -9999 -9999 -9999 -9999 -9999 -9999 -9999 -9999 -9999 -9999 -9999 -9999 -9999 -9999 -9999 -9999 -9999 -9999 -9999 -9999 -9999 500 -9999 500 496 -9999 -9999
594 596 593 602 611 596 594 587 577 573 582 572 574 595 606 606 592 585 583 589 595 582 585 586 585 580 579 571 570 586 580 570 580 565 574 589 -9999 -9999 -9999 -9999 -9999 -9999 -9999 -9999 -9999 -9999 -9999 -9999 -9999 -9999 -9999 -9999 -9999 -9999 -9999 -9999 -9999 -9999 -9999 -9999 -9999 -9999 -9999 -9999 -9999 -9999 -9999 -9999 -9999 -9999 -9999 -9999 -9999 -9999 -9999 -9999 -9999 -9999 483
597 585 580 588 597 589 580 575 570 564 575 574 569 582 595 604 597 588 581 585 588 587 581 588 584 580 579 562 565 587 584 582 577 576 574 571 581 -9999 -9999 -9999 -9999 -9999 -9999 -9999 -9999 -9999 -9999 -9999 -9999 -9999 -9999 -9999 -9999 -9999 -9999 -9999 -9999 -9999 -9999 -9999 -9999 -9999 -9999 -9999 -9999 -9999 -9999 -9999 -9999 -9999 -9999 -9999 -9999 -9999 -9999 -9999 -9999 -9999 -9999
590 584 577 582 582 593 583 573 561 563 570 575 567 576 582 595 595 587 576 577 585 585 586 583 581 572 577 564 569 588 585 581 580 580 580 579 571 -9999 -9999 -9999 -9999 -9999 -9999 -9999 -9999 -9999 -9999 -9999 -9999 -9999 -9999 -9999 -9999 -9999 -9999 -9999 -9999 -9999 -9999 -9999 -9999 -9999 -9999 -9999 -9999 -9999 -9999 -9999 -9999 -9999 -9999 -9999 -9999 -9999 -9999 -9999 -9999 -9999 491
588 578 581 588 582 581 592 578 564 562 560 564 561 577 569 577 589 590 578 571 578 581 580 572 576 576 570 571 572 575 583 579 579 575 576 583 584 572 -9999 -9999 -9999 -9999 -9999 -9999 -9999 -9999 -9999 -9999 -9999 -9999 -9999 -9999 -9999 -9999 -9999 -9999 -9999 -9999 -9999 -9999 -9999 -9999 -9999 -9999 -9999 -9999 -9999 -9999 -9999 -9999 -9999 -9999 -9999 -9999 -9999 -9999 -9999 506 495
582 577 584 575 578 578 582 583 572 561 559 560 559 566 568 562 575 585 584 573 569 573 581 571 569 576 567 567 586 592 590 586 580 584 578 582 585 582 -9999 -9999 -9999 -9999 -9999 -9999 -9999 -9999 -9999 -9999 -9999 -9999 -9999 -9999 -9999 -9999 -9999 -9999 -9999 -9999 -9999 -9999 -9999 -9999 -9999 -9999 -9999 -9999 -9999 -9999 -9999 -9999 -9999 -9999 -9999 -9999 -9999 -9999 509 -9999 499
582 569 573 558 565 570 576 576 577 561 558 563 569 567 569 561 554 569 581 569 563 567 568 566 562 565 567 572 581 594 596 595 590 582 582 581 585 587 582 581 581 584 570 -9999 -9999 -9999 -9999 -9999 -9999 -9999 -9999 -9999 -9999 -9999 -9999 -9999 -9999 -9999 -9999 -9999 -9999 -9999 -9999 -9999 -9999 -9999 -9999 -9999 -9999 -9999 -9999 -9999 -9999 -9999 -9999 512 -9999 -9999 -9999
580 566 566 560 556 560 561 570 567 561 563 556 566 571 574 575 551 541 561 564 562 556 549 551 550 555 556 572 584 590 595 596 596 585 575 582 578 583 585 584 583 585 576 -9999 -9999 -9999 -9999 -9999 -9999 -9999 -9999 -9999 -9999 -9999 -9999 -9999 -9999 -9999 -9999 -9999 -9999 -9999 -9999 -9999 -9999 -9999 -9999 -9999 -9999 -9999 -9999 -9999 -9999 -9999 -9999 504 -9999 -9999 -9999
