Artocarpus altilis SDM files/Last interglacial/Environmental layers/bio1.asc
ncols  1201
nrows  481
xllcorner  119.99986351115
yllcorner  -15.00013864885
cellsize 0.041666667
NODATA_value  -9999
[rows 175 to 209 of 481, columns 474 to 552 of 1201]
-9999 -9999 -9999 -9999 -9999 -9999 -9999 -9999 -9999 -9999 -9999 -9999 -9999 -9999 -9999 -9999 -9999 -9999 -9999 -9999 -9999 -9999 -9999 -9999 -9999 -9999 -9999 -9999 -9999 -9999 -9999 -9999 -9999 -9999 -9999 -9999 -9999 -9999 -9999 -9999 -9999 -9999 -9999 -9999 -9999 -9999 -9999 -9999 -9999 -9999 -9999 -9999 -9999 -9999 -9999 -9999 -9999 -9999 -9999 -9999 -9999 -9999 -9999 -9999 -9999 -9999 -9999 -9999 -9999 -9999 -9999 -9999 -9999 -9999 -9999 -9999 -9999 -9999 -9999
-9999 -9999 -9999 -9999 -9999 -9999 -9999 262 262 262 -9999 -9999 -9999 -9999 -9999 -9999 -9999 -9999 -9999 -9999 -9999 -9999 -9999 -9999 -9999 -9999 -9999 -9999 -9999 -9999 -9999 -9999 -9999 -9999 -9999 -9999 -9999 -9999 -9999 -9999 -9999 -9999 -9999 -9999 -9999 -9999 -9999 -9999 -9999 -9999 -9999 -9999 -9999 -9999 -9999 -9999 -9999 -9999 -9999 -9999 -9999 -9999 -9999 -9999 -9999 -9999 -9999 -9999 -9999 -9999 -9999 -9999 -9999 -9999 -9999 -9999 -9999 -9999 -9999
261 -9999 -9999 261 261 261 261 261 251 255 -9999 -9999 -9999 -9999 -9999 -9999 -9999 -9999 -9999 -9999 -9999 -9999 -9999 -9999 -9999 -9999 -9999 -9999 -9999 -9999 -9999 -9999 -9999 -9999 -9999 -9999 -9999 -9999 -9999 -9999 -9999 -9999 -9999 -9999 -9999 -9999 -9999 -9999 -9999 -9999 -9999 -9999 -9999 -9999 -9999 -9999 -9999 -9999 -9999 -9999 -9999 -9999 -9999 -9999 -9999 -9999 -9999 -9999 -9999 -9999 -9999 -9999 -9999 -9999 -9999 -9999 -9999 -9999 -9999
259 260 260 260 260 260 260 255 235 238 244 260 259 -9999 260 256 -9999 -9999 -9999 -9999 -9999 -9999 -9999 -9999 -9999 -9999 -9999 -9999 -9999 -9999 -9999 -9999 -9999 -9999 -9999 -9999 -9999 -9999 -9999 -9999 -9999 -9999 -9999 -9999 -9999 -9999 -9999 -9999 -9999 -9999 -9999 -9999 -9999 -9999 -9999 -9999 -9999 -9999 -9999 -9999 -9999 -9999 -9999 -9999 -9999 -9999 -9999 -9999 -9999 -9999 -9999 -9999 -9999 -9999 -9999 -9999 -9999 -9999 -9999
256 258 259 259 259 259 259 257 244 244 238 242 247 253 260 239 228 249 251 256 259 -9999 -9999 -9999 -9999 -9999 -9999 -9999 -9999 -9999 -9999 -9999 -9999 -9999 -9999 -9999 -9999 -9999 -9999 -9999 -9999 -9999 -9999 -9999 -9999 -9999 -9999 -9999 -9999 -9999 -9999 -9999 -9999 -9999 -9999 -9999 -9999 -9999 -9999 -9999 -9999 -9999 -9999 -9999 -9999 -9999 -9999 -9999 -9999 -9999 -9999 -9999 -9999 -9999 -9999 -9999 -9999 -9999 -9999
255 254 257 258 258 259 259 258 254 251 242 235 236 244 252 240 216 211 209 213 221 241 248 259 -9999 -9999 -9999 -9999 -9999 -9999 -9999 -9999 -9999 -9999 -9999 -9999 -9999 -9999 -9999 -9999 -9999 -9999 -9999 -9999 -9999 -9999 -9999 -9999 -9999 -9999 -9999 -9999 -9999 -9999 -9999 -9999 -9999 -9999 -9999 -9999 -9999 -9999 -9999 -9999 -9999 -9999 -9999 -9999 -9999 -9999 -9999 -9999 -9999 -9999 -9999 -9999 -9999 -9999 -9999
253 252 254 255 256 257 258 258 258 257 253 240 227 234 242 250 248 224 193 207 191 212 231 257 -9999 -9999 -9999 -9999 -9999 -9999 -9999 -9999 -9999 -9999 -9999 -9999 -9999 -9999 -9999 -9999 -9999 -9999 -9999 -9999 -9999 -9999 -9999 -9999 -9999 -9999 -9999 -9999 -9999 -9999 -9999 -9999 -9999 -9999 -9999 -9999 -9999 -9999 -9999 -9999 -9999 -9999 -9999 -9999 -9999 -9999 -9999 -9999 -9999 -9999 -9999 -9999 -9999 -9999 -9999
252 248 251 245 241 252 256 255 257 257 256 252 241 236 233 248 252 254 251 242 233 239 251 260 259 -9999 -9999 -9999 -9999 -9999 -9999 -9999 -9999 -9999 -9999 -9999 -9999 -9999 -9999 -9999 -9999 -9999 -9999 -9999 -9999 -9999 -9999 -9999 -9999 -9999 -9999 -9999 -9999 -9999 -9999 -9999 -9999 -9999 -9999 -9999 -9999 -9999 -9999 -9999 -9999 -9999 -9999 -9999 -9999 -9999 -9999 -9999 -9999 -9999 -9999 -9999 -9999 -9999 -9999
248 248 240 242 236 236 247 250 250 249 252 255 253 246 241 251 254 255 255 255 254 251 258 260 259 256 260 -9999 256 253 254 252 -9999 -9999 -9999 -9999 -9999 -9999 -9999 -9999 -9999 -9999 -9999 -9999 -9999 -9999 -9999 -9999 -9999 -9999 -9999 -9999 -9999 -9999 -9999 -9999 -9999 -9999 -9999 -9999 -9999 -9999 -9999 -9999 -9999 -9999 -9999 -9999 -9999 -9999 -9999 -9999 -9999 -9999 -9999 -9999 -9999 -9999 -9999
246 242 240 230 223 227 237 233 231 225 234 246 251 253 251 249 250 251 254 253 252 242 245 253 259 258 256 258 255 239 221 226 245 253 251 256 -9999 -9999 -9999 -9999 -9999 -9999 -9999 -9999 -9999 -9999 -9999 -9999 -9999 -9999 -9999 -9999 -9999 -9999 -9999 -9999 -9999 -9999 -9999 -9999 -9999 -9999 -9999 -9999 -9999 -9999 -9999 -9999 -9999 -9999 -9999 -9999 -9999 -9999 -9999 -9999 -9999 -9999 -9999
239 237 236 233 228 226 231 234 234 228 224 231 238 247 247 241 241 240 246 250 252 248 248 246 255 258 258 258 257 254 244 235 233 238 228 236 254 259 -9999 -9999 -9999 -9999 -9999 -9999 -9999 -9999 -9999 -9999 -9999 -9999 -9999 -9999 -9999 -9999 -9999 -9999 -9999 -9999 -9999 -9999 -9999 -9999 -9999 -9999 -9999 -9999 -9999 -9999 -9999 -9999 -9999 -9999 -9999 -9999 -9999 -9999 -9999 -9999 -9999
233 237 234 231 230 226 231 232 230 231 232 223 225 236 245 245 244 245 247 248 252 253 252 250 253 255 254 251 245 243 238 233 231 226 219 223 240 249 256 258 258 -9999 -9999 -9999 -9999 -9999 -9999 -9999 -9999 -9999 -9999 -9999 -9999 -9999 -9999 -9999 -9999 -9999 -9999 -9999 -9999 -9999 -9999 -9999 -9999 -9999 -9999 -9999 -9999 -9999 -9999 -9999 -9999 -9999 -9999 -9999 -9999 -9999 -9999
236 238 237 235 232 231 231 234 233 229 230 230 228 227 235 239 244 248 251 253 254 255 256 256 256 254 251 233 226 238 235 234 233 233 229 228 229 239 248 255 257 257 257 -9999 -9999 -9999 -9999 -9999 -9999 -9999 -9999 -9999 -9999 -9999 -9999 -9999 -9999 -9999 -9999 -9999 -9999 -9999 -9999 -9999 -9999 -9999 -9999 -9999 -9999 -9999 -9999 -9999 -9999 -9999 -9999 -9999 -9999 -9999 -9999
234 239 240 238 236 231 233 235 238 238 230 226 230 224 219 224 237 241 242 247 252 255 255 255 255 255 253 240 232 227 229 235 237 240 238 241 233 236 244 250 256 255 256 257 258 -9999 -9999 -9999 -9999 -9999 -9999 -9999 -9999 -9999 -9999 -9999 -9999 -9999 -9999 -9999 -9999 -9999 -9999 -9999 -9999 -9999 -9999 -9999 -9999 -9999 -9999 -9999 -9999 -9999 -9999 -9999 -9999 -9999 -9999
231 238 241 241 236 233 229 235 233 238 236 229 222 229 229 220 220 239 243 245 250 254 255 255 255 254 254 249 240 231 227 230 240 247 246 247 248 246 250 253 254 253 254 252 246 252 257 -9999 -9999 -9999 -9999 -9999 -9999 -9999 -9999 -9999 -9999 -9999 -9999 -9999 -9999 -9999 -9999 -9999 -9999 -9999 -9999 -9999 -9999 -9999 -9999 -9999 -9999 -9999 -9999 -9999 -9999 -9999 -9999
228 229 238 242 238 236 234 232 226 234 238 236 233 227 227 227 229 235 232 241 250 249 250 254 254 254 253 252 252 250 248 245 247 251 251 252 251 251 252 254 253 251 251 248 240 243 248 254 255 -9999 -9999 -9999 -9999 -9999 -9999 -9999 -9999 -9999 -9999 -9999 -9999 -9999 -9999 -9999 -9999 -9999 -9999 -9999 -9999 -9999 -9999 -9999 -9999 -9999 -9999 -9999 -9999 -9999 -9999
220 219 236 242 243 241 238 235 235 235 237 233 233 231 228 221 220 228 236 240 242 241 248 250 253 254 253 252 251 250 249 248 249 250 250 251 252 252 252 252 252 252 250 248 244 238 239 243 243 250 253 -9999 -9999 -9999 -9999 -9999 -9999 -9999 -9999 -9999 -9999 -9999 -9999 -9999 -9999 -9999 -9999 -9999 -9999 -9999 -9999 -9999 -9999 -9999 -9999 -9999 -9999 -9999 -9999
222 222 231 240 243 243 243 240 239 235 237 236 235 235 234 231 231 229 232 238 236 237 243 249 252 253 252 251 251 250 249 248 248 248 248 250 251 251 252 251 250 251 249 247 243 240 238 240 242 244 245 248 255 257 258 -9999 -9999 -9999 -9999 -9999 -9999 -9999 -9999 -9999 -9999 -9999 -9999 -9999 -9999 -9999 -9999 -9999 -9999 -9999 -9999 -9999 -9999 -9999 -9999
215 219 217 231 241 243 243 241 240 237 236 235 234 236 232 229 230 231 230 231 232 236 242 246 248 248 250 245 248 247 247 247 247 246 246 247 249 250 250 250 249 248 248 248 247 247 246 247 249 251 252 251 251 256 257 258 258 -9999 -9999 -9999 -9999 -9999 -9999 -9999 -9999 -9999 -9999 -9999 -9999 -9999 -9999 -9999 -9999 -9999 -9999 -9999 -9999 -9999 -9999
211 216 219 229 240 244 244 240 236 236 238 236 234 233 231 233 230 230 230 228 231 232 235 239 244 239 243 238 236 230 241 242 244 245 246 246 248 249 248 248 248 247 245 247 248 247 247 249 250 250 252 254 255 255 256 257 257 258 -9999 -9999 -9999 -9999 -9999 -9999 -9999 -9999 -9999 -9999 -9999 -9999 -9999 -9999 -9999 -9999 -9999 -9999 -9999 -9999 -9999
204 224 222 215 234 244 244 244 243 240 240 239 235 230 229 230 228 225 231 231 237 239 236 240 242 241 235 229 223 210 220 226 230 235 230 238 244 244 243 243 243 242 242 240 243 242 243 247 248 248 250 252 254 254 255 256 256 257 257 258 258 -9999 -9999 259 -9999 -9999 -9999 -9999 -9999 -9999 -9999 -9999 -9999 -9999 -9999 -9999 -9999 -9999 -9999
224 225 214 229 237 244 245 245 245 245 241 240 235 234 232 229 231 229 232 232 235 237 236 237 239 236 239 228 215 207 191 202 206 230 229 226 226 223 221 224 220 217 218 220 220 223 225 234 241 237 246 249 251 246 250 255 255 254 255 256 256 257 257 258 259 -9999 -9999 -9999 -9999 -9999 -9999 -9999 -9999 -9999 -9999 -9999 -9999 -9999 -9999
234 224 219 233 241 240 245 245 245 245 245 243 242 241 237 234 234 232 234 235 234 233 232 230 232 229 231 229 221 211 199 185 189 204 207 207 209 226 229 224 223 227 222 202 197 201 210 232 235 232 234 240 243 248 242 250 252 252 253 254 256 256 256 257 257 258 -9999 -9999 -9999 -9999 -9999 -9999 -9999 -9999 -9999 -9999 -9999 -9999 -9999
242 234 232 236 239 242 244 245 245 245 245 245 244 243 243 240 234 223 231 235 233 235 233 231 230 228 231 230 227 224 215 210 201 197 199 192 210 218 232 233 229 232 225 217 215 191 207 228 221 220 235 239 244 244 246 246 241 246 248 246 249 253 254 255 255 257 257 257 -9999 -9999 -9999 -9999 -9999 -9999 -9999 -9999 -9999 -9999 -9999
243 244 236 238 236 234 236 239 245 245 245 245 245 245 244 243 241 232 234 234 232 237 236 234 233 230 231 232 231 229 225 217 227 224 229 232 235 237 238 237 231 235 228 227 220 193 191 199 216 213 214 226 240 238 240 242 241 243 246 247 251 251 251 254 255 255 255 255 255 256 257 -9999 -9999 -9999 -9999 -9999 -9999 -9999 -9999
248 244 240 240 236 233 230 236 239 245 237 241 240 245 245 244 244 242 240 238 239 239 238 237 234 233 231 235 233 232 227 232 234 236 236 239 242 242 242 240 235 235 233 233 217 216 210 186 207 216 213 218 236 235 218 217 221 233 242 247 250 249 251 252 252 253 251 249 248 246 251 254 255 255 256 -9999 -9999 -9999 -9999
251 247 239 244 242 235 229 232 232 238 238 238 233 233 245 245 244 243 243 242 242 241 239 238 238 235 236 236 235 233 231 232 230 235 239 241 242 243 243 243 242 241 238 237 233 232 224 213 207 205 219 218 225 232 211 196 195 213 224 230 224 234 231 233 240 233 217 219 229 215 225 234 243 242 245 251 252 246 250
251 250 246 246 241 238 233 228 237 238 240 233 236 232 243 244 245 245 244 243 243 243 242 241 240 239 238 236 235 232 233 233 234 237 240 242 243 244 244 244 244 244 243 241 239 238 232 228 225 224 229 222 223 213 215 203 199 189 193 205 195 199 202 211 220 216 212 203 217 223 221 213 216 217 215 224 240 246 244
253 253 250 244 230 237 240 237 234 240 233 234 235 242 243 241 242 245 245 244 244 243 242 242 241 240 238 237 234 234 235 235 233 230 230 240 244 245 245 245 245 245 244 243 243 239 239 236 234 232 232 230 225 219 216 217 214 208 196 209 208 206 208 223 230 228 226 226 215 215 213 218 224 219 218 224 231 236 230
254 251 251 245 218 236 244 243 240 236 231 228 220 238 245 243 240 242 245 242 245 243 243 242 241 239 239 238 237 236 235 234 233 231 235 242 245 245 246 246 246 246 246 245 244 243 242 240 240 237 237 235 234 234 228 227 227 221 212 215 221 221 223 224 229 234 231 229 232 228 219 222 227 227 228 227 227 230 223
255 251 250 249 241 236 244 245 246 241 236 234 222 219 244 245 241 237 240 242 245 244 243 243 241 239 237 236 236 236 236 233 232 231 235 241 242 244 247 247 247 246 246 246 246 245 244 243 242 239 240 237 237 237 233 232 232 229 227 228 231 233 236 232 233 235 234 237 235 237 232 227 227 229 233 233 226 218 222
256 255 254 250 246 245 244 247 247 245 242 241 231 220 234 245 242 237 234 242 244 244 243 242 240 237 235 235 234 235 232 230 229 229 233 236 238 244 247 247 247 247 247 247 247 246 245 245 243 241 241 240 239 239 236 236 235 235 233 233 234 235 237 236 233 236 233 234 238 234 237 232 233 235 235 239 239 233 222
256 255 253 248 250 250 245 246 245 246 247 244 240 234 231 245 240 239 234 240 240 241 242 242 241 239 237 234 229 224 225 230 231 229 230 233 237 244 248 247 245 246 247 248 247 246 246 246 244 242 242 241 241 238 238 237 238 239 234 225 232 232 234 238 237 237 238 237 237 235 238 238 238 240 240 241 242 240 241
255 252 246 245 239 241 248 247 244 247 247 247 245 243 239 243 239 231 232 232 231 236 235 235 236 238 238 230 218 215 230 233 238 230 229 234 236 245 248 247 246 247 248 248 248 247 247 246 245 242 243 243 241 240 241 240 241 240 236 233 233 233 234 236 237 239 241 242 242 240 240 239 240 241 242 243 244 244 243
249 239 241 238 238 236 244 246 248 248 248 248 248 244 245 243 240 238 231 218 218 229 232 229 235 231 235 228 215 211 206 225 237 238 239 242 243 243 248 249 249 249 249 249 249 248 248 247 246 246 245 244 242 241 244 244 242 241 239 238 237 239 238 237 239 239 242 243 244 241 242 242 243 243 243 245 245 245 245
