Artocarpus altilis SDM files/Last interglacial/Environmental layers/bio16.asc
ncols  1201
nrows  481
xllcorner  119.99986351115
yllcorner  -15.00013864885
cellsize 0.041666667
NODATA_value  -9999
[rows 175 to 209 of 481, columns 468 to 545 of 1201]
798 787 803 824 -9999 -9999 -9999 -9999 -9999 -9999 -9999 -9999 -9999 -9999 -9999 -9999 -9999 -9999 -9999 -9999 -9999 -9999 -9999 -9999 -9999 -9999 -9999 -9999 -9999 -9999 -9999 -9999 -9999 -9999 -9999 -9999 -9999 -9999 -9999 -9999 -9999 -9999 -9999 -9999 -9999 -9999 -9999 -9999 -9999 -9999 -9999 -9999 -9999 -9999 -9999 -9999 -9999 -9999 -9999 -9999 -9999 -9999 -9999 -9999 -9999 -9999 -9999 -9999 -9999 -9999 -9999 -9999 -9999 -9999 -9999 -9999 -9999 -9999
902 765 767 829 822 -9999 -9999 -9999 -9999 -9999 -9999 -9999 -9999 887 878 867 -9999 -9999 -9999 -9999 -9999 -9999 -9999 -9999 -9999 -9999 -9999 -9999 -9999 -9999 -9999 -9999 -9999 -9999 -9999 -9999 -9999 -9999 -9999 -9999 -9999 -9999 -9999 -9999 -9999 -9999 -9999 -9999 -9999 -9999 -9999 -9999 -9999 -9999 -9999 -9999 -9999 -9999 -9999 -9999 -9999 -9999 -9999 -9999 -9999 -9999 -9999 -9999 -9999 -9999 -9999 -9999 -9999 -9999 -9999 -9999 -9999 -9999
838 761 748 812 854 836 850 -9999 -9999 887 888 901 898 935 1061 880 -9999 -9999 -9999 -9999 -9999 -9999 -9999 -9999 -9999 -9999 -9999 -9999 -9999 -9999 -9999 -9999 -9999 -9999 -9999 -9999 -9999 -9999 -9999 -9999 -9999 -9999 -9999 -9999 -9999 -9999 -9999 -9999 -9999 -9999 -9999 -9999 -9999 -9999 -9999 -9999 -9999 -9999 -9999 -9999 -9999 -9999 -9999 -9999 -9999 -9999 -9999 -9999 -9999 -9999 -9999 -9999 -9999 -9999 -9999 -9999 -9999 -9999
846 844 771 862 958 931 855 855 879 894 899 898 909 1040 1150 960 906 796 844 -9999 921 969 -9999 -9999 -9999 -9999 -9999 -9999 -9999 -9999 -9999 -9999 -9999 -9999 -9999 -9999 -9999 -9999 -9999 -9999 -9999 -9999 -9999 -9999 -9999 -9999 -9999 -9999 -9999 -9999 -9999 -9999 -9999 -9999 -9999 -9999 -9999 -9999 -9999 -9999 -9999 -9999 -9999 -9999 -9999 -9999 -9999 -9999 -9999 -9999 -9999 -9999 -9999 -9999 -9999 -9999 -9999 -9999
920 967 804 851 1007 906 847 835 856 887 893 894 901 985 1080 919 967 856 909 850 880 1103 1018 908 968 928 932 -9999 -9999 -9999 -9999 -9999 -9999 -9999 -9999 -9999 -9999 -9999 -9999 -9999 -9999 -9999 -9999 -9999 -9999 -9999 -9999 -9999 -9999 -9999 -9999 -9999 -9999 -9999 -9999 -9999 -9999 -9999 -9999 -9999 -9999 -9999 -9999 -9999 -9999 -9999 -9999 -9999 -9999 -9999 -9999 -9999 -9999 -9999 -9999 -9999 -9999 -9999
1022 931 907 804 940 903 847 914 831 866 885 878 904 920 989 932 1042 1071 970 840 810 1031 1080 1024 1119 1108 1108 946 990 814 -9999 -9999 -9999 -9999 -9999 -9999 -9999 -9999 -9999 -9999 -9999 -9999 -9999 -9999 -9999 -9999 -9999 -9999 -9999 -9999 -9999 -9999 -9999 -9999 -9999 -9999 -9999 -9999 -9999 -9999 -9999 -9999 -9999 -9999 -9999 -9999 -9999 -9999 -9999 -9999 -9999 -9999 -9999 -9999 -9999 -9999 -9999 -9999
981 755 804 953 1004 858 913 950 872 876 917 889 904 907 881 901 988 1109 1126 869 863 786 867 1062 1000 855 1039 857 809 711 -9999 -9999 -9999 -9999 -9999 -9999 -9999 -9999 -9999 -9999 -9999 -9999 -9999 -9999 -9999 -9999 -9999 -9999 -9999 -9999 -9999 -9999 -9999 -9999 -9999 -9999 -9999 -9999 -9999 -9999 -9999 -9999 -9999 -9999 -9999 -9999 -9999 -9999 -9999 -9999 -9999 -9999 -9999 -9999 -9999 -9999 -9999 -9999
979 768 812 1051 1020 874 878 1011 925 1099 1059 877 862 954 916 922 935 992 1037 924 904 706 736 743 767 783 747 694 679 680 797 -9999 -9999 -9999 -9999 -9999 -9999 -9999 -9999 -9999 -9999 -9999 -9999 -9999 -9999 -9999 -9999 -9999 -9999 -9999 -9999 -9999 -9999 -9999 -9999 -9999 -9999 -9999 -9999 -9999 -9999 -9999 -9999 -9999 -9999 -9999 -9999 -9999 -9999 -9999 -9999 -9999 -9999 -9999 -9999 -9999 -9999 -9999
936 864 936 973 1054 968 825 997 1144 1055 1128 1007 849 948 1034 1067 986 904 972 985 885 713 745 760 781 789 792 816 713 723 890 931 880 -9999 1045 1104 1090 1131 -9999 -9999 -9999 -9999 -9999 -9999 -9999 -9999 -9999 -9999 -9999 -9999 -9999 -9999 -9999 -9999 -9999 -9999 -9999 -9999 -9999 -9999 -9999 -9999 -9999 -9999 -9999 -9999 -9999 -9999 -9999 -9999 -9999 -9999 -9999 -9999 -9999 -9999 -9999 -9999
1018 946 1019 1052 1119 1047 889 993 1081 1173 1183 993 911 1082 1140 1155 969 906 899 887 929 893 808 811 832 916 933 1060 948 823 783 892 924 874 1012 1166 1231 1097 992 980 1165 1020 -9999 -9999 -9999 -9999 -9999 -9999 -9999 -9999 -9999 -9999 -9999 -9999 -9999 -9999 -9999 -9999 -9999 -9999 -9999 -9999 -9999 -9999 -9999 -9999 -9999 -9999 -9999 -9999 -9999 -9999 -9999 -9999 -9999 -9999 -9999 -9999
838 1061 1097 1075 1077 1109 1042 1098 1088 1177 1159 1027 899 876 910 1091 1073 955 893 816 965 1082 1056 1024 935 862 859 965 835 866 754 832 878 882 940 1013 1079 928 918 981 1263 1086 877 905 -9999 -9999 -9999 -9999 -9999 -9999 -9999 -9999 -9999 -9999 -9999 -9999 -9999 -9999 -9999 -9999 -9999 -9999 -9999 -9999 -9999 -9999 -9999 -9999 -9999 -9999 -9999 -9999 -9999 -9999 -9999 -9999 -9999 -9999
835 1007 1169 1125 992 994 1109 911 1099 1066 1092 1105 878 895 1012 1053 935 1109 994 844 806 961 905 774 753 763 767 790 832 867 754 822 922 1053 1119 1144 1176 1155 1148 1175 1239 1031 860 898 883 932 942 -9999 -9999 -9999 -9999 -9999 -9999 -9999 -9999 -9999 -9999 -9999 -9999 -9999 -9999 -9999 -9999 -9999 -9999 -9999 -9999 -9999 -9999 -9999 -9999 -9999 -9999 -9999 -9999 -9999 -9999 -9999
820 978 1170 965 858 934 990 866 1034 998 1109 980 941 847 957 1036 948 979 1004 954 868 927 830 786 756 735 740 745 772 815 779 891 952 1183 1133 950 1014 982 957 881 953 871 909 812 834 834 901 938 928 -9999 -9999 -9999 -9999 -9999 -9999 -9999 -9999 -9999 -9999 -9999 -9999 -9999 -9999 -9999 -9999 -9999 -9999 -9999 -9999 -9999 -9999 -9999 -9999 -9999 -9999 -9999 -9999 -9999
930 976 1102 1133 1172 1065 1057 878 883 971 1056 1099 961 866 828 887 1124 1146 927 1091 1081 969 862 885 950 895 826 829 839 864 877 912 988 1142 1083 1075 1047 926 875 774 858 781 918 783 770 761 787 901 899 890 831 -9999 -9999 -9999 -9999 -9999 -9999 -9999 -9999 -9999 -9999 -9999 -9999 -9999 -9999 -9999 -9999 -9999 -9999 -9999 -9999 -9999 -9999 -9999 -9999 -9999 -9999 -9999
892 978 1129 1180 1232 1098 995 839 837 901 1144 1126 1126 890 1045 852 1021 1149 1079 882 959 1127 921 778 817 847 766 778 825 861 912 934 946 1018 1040 1001 904 833 750 729 754 731 771 767 721 715 797 902 894 993 1015 931 831 -9999 -9999 -9999 -9999 -9999 -9999 -9999 -9999 -9999 -9999 -9999 -9999 -9999 -9999 -9999 -9999 -9999 -9999 -9999 -9999 -9999 -9999 -9999 -9999 -9999
989 989 1169 1216 1287 1150 906 1011 850 843 1080 1051 1095 1051 1146 891 854 1012 1066 1081 996 1045 921 853 987 821 752 925 893 859 898 946 948 951 904 874 806 807 723 717 735 733 748 748 732 739 829 924 897 1012 1044 871 858 805 886 -9999 -9999 -9999 -9999 -9999 -9999 -9999 -9999 -9999 -9999 -9999 -9999 -9999 -9999 -9999 -9999 -9999 -9999 -9999 -9999 -9999 -9999 -9999
1115 930 954 1232 1275 1090 1057 1099 823 824 888 955 1056 1006 999 897 889 1063 1106 1054 1065 1149 1042 872 843 788 920 1007 875 835 820 884 953 968 963 954 952 941 799 791 800 770 780 811 786 826 847 878 919 945 1009 1008 933 859 944 835 815 -9999 -9999 -9999 -9999 -9999 -9999 -9999 -9999 -9999 -9999 -9999 -9999 -9999 -9999 -9999 -9999 -9999 -9999 -9999 -9999 -9999
1066 1089 845 1185 1151 1116 1084 1007 881 823 846 909 950 1057 1025 1094 978 1017 974 949 963 976 901 900 891 827 1068 980 813 805 810 847 966 1000 973 974 964 962 879 906 871 800 806 801 790 850 895 845 924 950 965 927 877 784 785 810 827 872 837 846 827 -9999 -9999 -9999 -9999 -9999 -9999 -9999 -9999 -9999 -9999 -9999 -9999 -9999 -9999 -9999 -9999 -9999
964 1016 976 1070 1241 1279 1159 1006 1094 878 834 866 969 1088 1038 1109 1013 1023 1034 957 1128 1099 1050 998 1014 936 993 908 835 810 934 978 1000 1114 1024 1031 1000 967 907 928 885 800 765 770 831 850 889 876 870 848 799 773 787 718 695 695 699 757 755 754 801 803 803 -9999 -9999 -9999 -9999 -9999 -9999 -9999 -9999 -9999 -9999 -9999 -9999 -9999 -9999 -9999
931 979 1109 998 1213 1288 1228 1029 994 893 818 837 909 1122 1161 1117 955 1061 1117 1096 1101 968 1073 982 1015 1053 961 944 943 873 925 1107 1009 1146 1099 1142 962 987 924 939 848 813 747 809 856 857 883 877 873 789 804 840 826 712 718 779 741 744 737 773 782 782 828 835 -9999 -9999 -9999 -9999 -9999 -9999 -9999 -9999 -9999 -9999 -9999 -9999 -9999 -9999
925 986 1016 1135 1180 1321 1210 879 1007 1115 841 813 880 942 975 1009 942 995 1121 1181 1154 1013 1174 1089 922 974 813 823 966 839 932 975 1129 1179 1217 1259 1033 1061 1039 974 1026 892 840 929 951 943 960 957 949 946 897 940 895 803 812 804 777 749 750 799 774 822 823 837 862 862 870 -9999 -9999 851 -9999 -9999 -9999 -9999 -9999 -9999 -9999 -9999
971 1024 1010 1066 1149 1220 1032 1021 1123 864 826 816 864 921 954 961 1087 1064 1185 1113 1058 1041 956 1004 884 918 865 908 1038 977 1012 1068 977 1208 1255 1219 1300 1073 1082 814 943 996 1008 1048 1033 1024 1063 1035 1038 1045 1024 1005 988 845 818 951 808 769 806 940 844 810 845 901 852 865 886 853 843 838 836 -9999 -9999 -9999 -9999 -9999 -9999 -9999
984 935 954 981 1098 1118 1110 1191 1147 855 806 929 838 888 962 940 1008 994 998 951 1039 1090 981 1075 910 930 982 1038 1147 1135 1080 1195 1050 1165 1164 1203 1158 1233 1089 961 1110 1143 998 785 785 840 818 753 855 1057 983 963 900 697 785 901 849 789 822 808 879 755 860 910 838 847 822 846 848 848 837 826 -9999 -9999 -9999 -9999 -9999 -9999
950 950 947 987 1005 1085 1031 1137 1025 881 891 865 878 905 917 970 977 975 975 999 995 1069 1150 1276 950 918 1069 952 1035 1088 1062 1135 946 1030 1100 1014 1122 1005 1001 955 929 1042 818 792 714 789 868 769 940 941 875 1084 770 703 899 934 722 745 729 797 815 812 897 855 857 939 830 817 871 834 835 820 821 828 -9999 -9999 -9999 -9999
927 929 952 973 982 1009 1078 1009 1137 934 1040 1064 1067 976 863 943 994 1024 973 999 1061 1045 1112 1200 961 1012 1025 889 1016 1021 1093 1117 959 959 960 1006 1080 1037 813 856 784 750 736 727 726 759 908 746 922 836 927 1094 948 883 793 909 914 795 697 840 884 900 931 840 823 780 733 814 835 770 793 817 850 858 847 802 774 -9999
908 942 968 967 955 917 1034 1074 1113 976 1095 1108 1150 935 965 891 1174 1068 1078 961 1009 1020 1020 1074 1007 1021 929 935 1022 1041 1121 1107 1036 861 1009 966 1144 853 809 796 828 763 746 762 788 805 939 825 874 826 996 847 883 991 725 739 868 794 666 841 1057 1055 1025 857 796 717 752 835 786 797 834 872 934 946 925 910 835 780
867 914 915 925 924 936 955 1081 1123 907 1006 1137 1182 1015 1018 928 1047 1068 1226 1092 880 939 1014 1062 1011 1036 987 994 1063 1069 1054 1106 961 922 1008 1100 1095 958 1033 862 819 793 785 782 791 815 812 788 820 802 825 781 910 940 881 862 732 840 739 788 1056 1092 1035 832 845 920 1064 987 1064 1035 989 1051 1083 1065 937 1027 898 878
844 879 898 922 908 944 970 1007 1023 961 1069 1091 1144 1136 872 923 942 1169 1006 1134 889 938 969 1042 1043 1062 1028 1041 1056 1042 1049 1052 1034 1118 1104 1172 962 1016 896 859 837 820 813 804 807 823 816 815 828 853 821 813 904 884 840 749 716 806 803 991 989 1036 928 1043 934 973 1071 1064 977 910 868 964 881 966 765 804 798 910
833 858 858 888 898 922 938 888 986 1127 1237 955 949 1030 1049 933 1160 1116 1035 878 914 1047 1033 959 1043 1062 1065 1105 1110 1090 1099 1131 1189 1113 1175 1033 975 983 1050 1154 1049 823 796 814 823 822 836 812 841 820 814 889 812 850 801 800 773 795 883 896 857 803 841 927 976 781 821 911 807 724 700 786 794 772 882 804 922 802
825 837 846 845 873 878 933 1014 973 1117 1243 904 825 899 1036 1093 1202 1258 1299 894 864 1033 1187 1010 983 1133 1020 1115 1120 1098 1137 1184 1119 1105 1127 1056 1045 1102 1115 1125 902 790 801 816 836 839 840 835 814 821 830 841 858 833 793 885 778 834 809 809 881 769 748 895 969 796 774 757 734 742 729 751 766 796 727 749 833 691
786 813 830 835 846 855 920 1024 958 997 1117 1065 837 873 885 1098 1152 1114 1315 1208 843 929 1206 1168 1123 1068 960 1069 1112 1104 1176 1235 1253 1191 1120 1111 1111 1162 1157 1137 911 830 912 839 824 847 844 854 839 846 821 850 867 836 817 935 811 882 794 842 931 847 786 874 833 755 718 713 693 815 742 775 770 728 714 718 817 795
742 789 802 812 823 833 860 902 910 1005 1036 1022 951 843 913 1030 1094 1073 1261 1327 958 902 1141 1192 1275 943 973 1034 1114 1150 1257 1265 1295 1247 1180 1149 1257 1205 1235 1080 925 940 932 813 816 849 864 864 853 831 840 870 854 841 854 930 830 831 833 867 884 846 835 818 828 851 762 788 719 854 846 752 859 792 728 845 725 835
708 739 785 804 783 815 851 871 946 1043 858 901 1042 965 1021 959 924 1087 1167 1226 1111 873 1179 1144 1295 1001 1095 1094 1172 1147 1181 1199 1230 1311 1371 1394 1201 1114 1077 1155 1038 976 916 819 821 886 993 885 855 824 877 883 854 849 913 960 848 859 838 956 881 868 811 790 929 1027 791 920 789 797 821 800 797 752 753 796 701 763
689 751 778 751 786 771 849 951 1056 1003 1083 1016 855 928 1044 890 961 968 1062 1110 1149 959 1195 1308 1297 1219 1234 1084 1236 1314 1209 1145 1194 1416 1505 1393 999 981 932 1265 1160 987 975 843 846 924 977 868 846 857 889 888 853 898 958 974 864 836 943 887 835 841 794 868 940 959 843 855 766 848 772 761 726 722 735 759 736 763
682 677 674 754 914 799 919 1065 986 1047 983 970 818 908 862 903 938 981 990 1182 1030 1081 1209 1139 1336 1451 1399 1077 1222 1270 1102 1315 1137 1416 1509 1440 1406 1026 935 1068 1004 965 960 980 872 888 911 924 903 897 901 890 887 902 941 881 873 894 939 915 778 819 883 904 929 900 863 763 828 808 764 778 715 767 734 819 745 744
