Artocarpus altilis SDM files/Last interglacial/Environmental layers/bio16.asc
ncols  1201
nrows  481
xllcorner  119.99986351115
yllcorner  -15.00013864885
cellsize 0.041666667
NODATA_value  -9999
[rows 175 to 209 of 481, columns 390 to 467 of 1201]
-9999 1039 1089 1062 1035 1005 993 979 980 964 990 972 952 964 976 940 930 896 965 992 929 859 865 951 960 802 838 950 962 856 772 782 808 891 910 982 845 707 781 807 768 864 795 801 919 998 967 841 767 792 726 779 752 823 852 899 938 949 823 798 764 754 716 886 1000 1019 1000 868 802 755 732 728 800 728 836 865 996 923
-9999 1042 1098 1060 1037 1024 1003 1040 996 1014 1040 1114 989 936 1047 922 993 847 918 964 894 880 878 843 899 831 862 881 847 807 805 980 986 969 1024 929 826 810 941 862 704 751 763 898 960 922 1000 892 915 944 784 866 822 818 882 921 1015 1003 814 702 734 749 765 823 782 757 735 706 698 701 728 732 774 778 757 872 884 875
-9999 -9999 1099 1077 1045 1057 1048 1044 1020 1024 990 1070 1131 922 1054 977 921 948 937 942 859 999 934 807 930 891 927 925 894 876 774 860 1002 940 936 964 908 925 885 892 746 723 797 986 895 881 1002 954 1013 887 1024 848 848 834 792 883 962 944 776 714 837 888 966 913 945 859 807 816 816 840 925 868 826 883 811 816 874 946
-9999 1136 1108 1075 1057 1103 1120 1075 1058 1106 1098 990 1093 1025 1091 1143 885 1090 1057 997 952 983 963 935 889 823 824 863 874 802 875 917 1003 996 1024 1030 927 943 998 896 873 813 818 1030 955 888 769 998 1092 999 1071 893 1022 931 984 1032 1094 1011 810 793 878 929 1039 903 949 880 801 833 917 962 957 996 840 883 939 862 872 909
1116 1142 1082 1081 1077 1142 1172 1057 1142 1102 1113 1140 1115 1118 1237 1143 893 886 978 1053 1164 894 1008 1029 902 828 870 874 892 939 859 935 931 948 1029 1023 1039 1043 998 962 891 866 828 890 925 879 796 947 1026 1118 1187 976 1050 941 1101 1214 1144 1040 954 965 911 1025 1036 949 927 817 983 814 919 1001 1016 991 914 894 855 822 785 923
1129 1144 1103 1181 1169 1184 1134 1130 1220 1176 1160 1234 1117 1079 1107 1212 1076 880 1046 931 1073 1157 1219 1043 842 854 879 1083 946 902 871 1033 1049 1012 1023 1005 949 929 972 954 821 859 862 909 893 802 802 860 1057 1107 1056 1060 1043 1105 1242 1274 966 1056 1102 989 971 1078 1087 1004 996 917 907 812 1019 950 890 1040 1060 844 827 818 871 1004
1150 1151 1234 1209 1133 1166 1165 1133 1228 1290 1044 1001 1088 1223 1164 980 1067 1189 1161 996 1006 1116 1207 1071 965 954 830 1035 1064 874 877 1115 1091 1091 959 947 1031 875 998 875 947 950 914 1004 1035 921 1009 932 804 897 969 999 928 1032 1127 1298 1199 1208 1237 1121 1248 1160 1135 1041 1159 924 974 1068 1133 967 800 1046 981 851 808 864 944 1045
1174 1176 1184 1217 1215 1187 1241 1178 1075 1198 1221 1141 1027 1249 1128 1115 946 1034 1154 1188 992 1196 1113 1020 1136 907 1123 1130 1075 995 803 1083 1044 962 1010 961 1007 881 1044 982 991 966 924 844 995 1054 955 928 845 863 943 930 919 941 999 1160 1067 1293 1148 992 1071 960 1104 1081 1198 1159 1242 1156 1132 844 784 951 847 823 773 852 789 856
1187 1140 1141 1180 1228 1323 1251 1017 1203 1248 1256 1045 1077 1116 1171 1121 1064 1119 1144 1125 1085 1286 1273 1153 975 893 1109 1110 1038 917 1016 1115 972 1025 873 1056 988 830 1078 998 979 1031 992 1046 975 972 895 998 935 843 846 958 824 972 1068 1074 1074 1263 1125 925 1005 970 853 1037 1282 1065 1066 1050 935 803 817 1070 1035 1024 1097 866 863 832
1195 1134 1098 1130 1282 1283 1264 1232 1089 1258 1219 1271 1208 1214 1197 1236 1014 1050 1184 1240 1194 1296 1174 1318 964 1100 1118 1014 1131 962 1067 1120 900 1088 994 903 1008 951 1018 925 908 946 882 953 856 779 900 1033 1116 1029 876 822 901 980 1012 1065 1178 1201 988 1023 1037 887 952 1011 1053 986 977 909 866 913 971 1000 834 982 1016 911 935 831
1206 1194 1222 1136 1191 1256 1312 1351 1078 1247 1270 1139 1214 1175 1266 1388 1089 1154 1172 1290 1299 1210 1128 1142 1073 1052 1116 957 1055 937 1002 1043 885 1006 1130 1092 1005 1088 904 960 990 908 903 922 888 938 1015 961 986 914 1016 894 850 967 1024 1036 947 953 954 1071 997 922 1010 1123 1189 946 860 969 876 892 843 855 823 892 897 900 814 780
1166 1184 1193 1161 1166 1255 1327 1263 1066 1159 1322 1071 1149 1237 1317 1300 1084 1198 1367 1304 1230 1156 1251 1168 1049 1130 1039 966 1059 1002 957 974 979 960 1084 1046 902 900 906 882 948 995 1018 999 975 954 950 921 961 952 945 950 1069 937 993 996 907 907 1001 1048 966 983 948 1179 1048 917 903 930 862 855 810 821 809 838 855 895 881 864
1223 1211 1187 1252 1265 1238 1207 1242 1141 1065 1142 1139 1084 1269 1150 1287 1096 1364 1359 1265 1226 1192 1121 1158 1018 853 1030 1074 909 1045 915 1062 1097 924 1044 1007 1112 1082 1045 1000 973 986 984 875 918 895 900 907 911 925 919 865 1017 1073 1122 1075 1078 975 1032 977 883 975 983 1023 963 923 896 871 844 800 833 907 1012 925 915 964 854 820
1199 1244 1226 1250 1326 1258 1081 1122 1018 1230 1135 1130 1068 1090 1179 1170 1130 1268 1310 1170 1259 1197 1018 990 1021 990 1096 1084 1051 1056 1083 993 1125 1012 965 951 1034 1055 1083 1023 954 971 984 929 898 914 904 916 928 939 921 893 962 991 995 996 1059 1018 1028 954 871 920 933 902 904 892 861 836 864 870 960 934 1037 894 957 1033 972 895
1210 1194 1194 1184 1099 1085 1176 1312 1201 975 1079 1043 1082 1057 1018 1047 1148 1230 1320 1267 1162 1212 1233 1140 1115 1122 1082 1064 1129 1048 1087 1054 1094 1059 1098 1069 1024 990 939 935 929 920 915 926 933 945 927 939 933 938 928 929 958 1003 984 974 981 1039 1104 1000 899 885 911 895 935 960 875 857 854 940 946 895 971 943 931 1056 915 914
1234 1207 1174 1120 1117 1153 1233 1299 1162 1057 1190 1039 1062 1036 1139 995 1156 1284 1274 1289 1197 1241 1196 1161 1056 1051 1015 1037 1005 997 965 972 1008 998 954 932 964 934 920 917 921 917 918 948 951 944 940 938 945 953 951 965 957 993 981 997 988 970 980 1082 1056 899 915 929 1015 1010 915 858 866 937 907 945 1002 962 956 998 874 968
1192 1170 1120 1055 1090 1145 1189 1215 1081 1095 1145 1179 1004 1148 1083 1097 1244 1329 1332 1293 1258 1155 1114 1085 1045 1009 964 990 1032 996 986 1007 1009 954 948 951 958 931 934 919 916 923 928 947 957 942 943 946 961 970 976 951 965 970 970 948 984 975 988 957 1000 1038 909 969 972 978 991 978 930 954 905 985 983 911 923 890 926 1053
1167 1135 1076 1142 1085 1204 1320 1224 1231 1295 1380 992 1044 1126 1241 1287 1301 1311 1304 1239 1177 1118 1083 1052 1016 999 974 971 975 950 960 946 961 937 916 917 927 938 943 928 922 926 914 954 992 936 952 983 974 994 956 962 968 971 973 961 951 958 986 967 977 957 944 973 972 949 932 920 889 879 873 896 922 950 916 990 984 1010
1110 1066 1050 1083 1186 1219 1253 1044 1224 1418 1111 967 1150 1225 1342 1313 1220 1242 1218 1169 1126 1071 1058 1049 1002 976 957 959 958 935 944 927 923 914 906 913 938 930 911 918 952 922 940 931 966 955 971 953 949 973 959 951 961 960 975 976 940 965 986 992 980 973 937 930 977 922 912 897 914 908 913 917 964 973 945 946 1002 972
1020 1018 1086 1007 1201 1304 1278 1061 1258 1230 1010 981 1033 1382 1372 1256 1131 1127 1103 1104 1050 1029 1014 999 977 951 937 943 937 934 916 901 903 900 904 918 917 911 913 930 942 922 929 962 954 970 909 953 949 931 934 958 952 960 963 993 932 961 967 992 977 945 947 931 946 913 934 934 951 920 900 939 964 952 954 947 981 955
1061 1037 1020 1037 1006 1169 1198 1129 1034 1086 1141 984 1061 1369 1385 1227 1097 1028 946 1016 1014 990 976 957 944 918 922 911 915 913 900 887 898 899 901 905 891 903 927 922 927 916 929 945 944 925 934 934 913 923 934 940 960 970 970 939 923 955 927 967 975 951 927 926 921 923 950 942 940 923 907 937 960 919 954 919 955 966
1278 1047 1243 1166 1008 1127 1313 1181 1252 1173 1254 1202 1417 1426 1325 1107 1030 955 904 987 923 944 977 934 895 890 915 925 903 889 875 888 881 891 887 893 883 897 906 894 902 914 915 928 926 915 929 902 935 917 928 939 946 934 949 906 937 917 948 933 960 929 899 933 912 919 941 943 931 893 910 925 938 928 934 906 928 966
1220 1128 1015 1288 1049 1081 1364 1238 1407 1169 1397 1481 1437 1331 1142 916 986 880 850 836 975 1125 934 887 874 895 961 898 883 856 862 862 856 879 853 854 856 863 862 875 884 887 908 928 914 903 898 899 904 893 895 910 924 925 920 893 916 918 929 904 916 896 913 912 897 926 927 905 911 892 900 910 914 925 911 898 939 955
1126 1386 1417 1055 1183 1084 1314 1488 1454 1587 1599 1438 1401 1158 930 848 853 843 950 826 1130 1107 881 889 851 872 903 955 866 860 854 834 830 835 900 877 821 797 805 823 851 865 892 909 882 859 856 857 863 873 880 893 886 909 914 896 880 916 874 897 905 894 886 885 886 897 911 875 892 896 892 887 893 907 899 885 927 931
1035 1482 1347 979 1286 1103 1212 1444 1526 1491 1402 1323 1163 994 827 827 973 972 1003 961 1219 960 902 935 913 806 875 892 841 802 831 882 857 899 963 1019 960 809 734 787 802 834 910 967 819 887 848 829 801 812 836 878 867 864 898 884 1001 819 823 842 873 879 881 856 862 868 870 862 870 872 887 874 863 889 882 886 891 906
969 1291 1212 932 918 1120 1469 1179 1551 1564 1337 1177 1038 858 810 918 821 914 839 1146 1141 858 833 882 798 785 926 833 785 756 835 1035 1114 826 974 1175 953 739 804 819 811 946 812 756 797 973 1108 1114 816 828 771 854 858 862 840 917 1116 912 737 804 850 852 806 822 828 842 848 842 844 856 864 861 849 854 870 879 874 884
1167 1130 1224 921 930 1100 1448 1194 1421 1437 1343 1210 979 863 868 1052 831 899 1031 1211 1145 868 842 780 734 758 799 752 812 717 801 969 1085 907 953 1131 1014 924 866 707 1038 928 761 921 734 1030 1106 1265 997 891 730 853 862 859 803 918 1063 1096 822 728 853 848 726 755 780 795 830 814 817 834 830 867 832 828 847 855 864 882
1130 1418 1125 885 1029 1310 1243 1053 1014 940 937 854 835 910 1083 1237 870 962 1211 1042 892 757 740 726 882 836 859 820 747 723 819 875 984 1022 885 997 1072 1039 880 758 1113 745 804 724 734 974 1216 1123 966 1066 841 974 926 1015 765 768 870 1123 1096 802 856 907 716 682 699 753 767 781 764 790 805 804 824 823 819 829 852 865
968 1033 1013 961 1152 1437 1153 834 829 881 1071 829 1096 820 845 1243 1125 767 1060 1014 816 788 861 970 724 936 979 775 826 711 775 810 797 762 878 1038 1048 782 736 939 1037 910 842 881 737 737 820 831 995 1167 1150 1192 1144 1127 844 878 846 870 1161 1197 940 748 690 700 776 818 707 783 706 713 736 763 779 792 797 819 830 837
1141 997 1005 940 1318 1126 958 985 1110 1014 980 963 975 809 1043 1269 1030 778 937 850 976 812 981 1057 826 908 884 754 809 738 912 999 733 922 929 1061 1066 1038 888 1091 921 901 698 761 722 938 1032 916 790 761 923 1234 1310 1121 814 1003 1003 880 975 1198 883 717 761 939 784 971 808 757 898 721 639 692 720 758 767 791 802 806
1322 1333 1298 1174 1196 1098 1201 989 950 999 1048 1109 996 923 1154 1056 844 860 761 1029 951 841 1052 1150 974 794 1043 919 771 742 965 1133 943 743 905 1123 1246 1188 1017 875 768 764 927 961 779 802 1123 1149 1054 854 713 820 1067 1225 1167 1190 1052 947 932 1012 1016 928 1036 1085 981 1080 920 889 928 793 725 637 649 693 719 748 758 776
1294 1352 1328 1003 1136 1269 1291 1250 909 922 981 1120 1095 1090 1062 855 789 906 822 930 1027 874 1250 1112 836 752 816 1055 947 719 1088 1188 908 795 809 972 1205 1165 920 811 1067 874 1080 990 856 925 912 1180 1014 811 853 709 1024 1203 1254 1154 968 915 934 985 992 995 1200 966 1091 1045 1052 915 794 743 694 698 641 697 696 764 684 720
996 898 914 1079 1260 1337 1378 1178 948 993 981 1005 1065 1020 901 920 955 1029 852 841 921 1033 1023 782 998 1055 740 882 1093 958 939 1173 1122 1065 985 1120 1142 1177 1105 1100 1061 1134 1178 1148 1070 1112 985 1048 1009 895 844 678 773 1144 1194 1168 1070 867 726 723 858 974 1077 1042 876 818 936 848 888 918 811 685 840 714 867 850 759 644
968 784 956 930 1038 1016 1011 953 1035 988 900 930 966 1120 1153 1197 1255 1253 1115 1108 1148 1334 1124 1214 1062 800 830 790 1007 1079 1066 1061 1058 753 994 1085 1082 1027 991 933 810 889 998 1176 1024 1117 1080 1031 1036 842 784 745 771 806 937 1049 1124 845 744 671 757 771 834 877 819 821 735 690 675 673 653 654 725 706 909 805 705 627
930 798 992 1028 1007 900 800 856 832 916 976 973 1003 1252 1138 1154 1315 1231 1246 1272 1349 1260 1095 988 730 893 781 740 703 680 692 677 686 773 781 725 708 708 843 764 949 925 783 888 860 945 913 944 1091 736 765 786 738 816 1087 1013 845 662 653 709 859 649 657 641 676 634 696 802 751 678 635 622 608 661 678 758 780 751
