Artocarpus altilis SDM files/Last interglacial/Environmental layers/bio1.asc
ncols  1201
nrows  481
xllcorner  119.99986351115
yllcorner  -15.00013864885
cellsize 0.041666667
NODATA_value  -9999
[rows 210 to 244 of 481, columns 553 to 631 of 1201]
246 246 246 246 246 246 245 244 243 243 243 243 244 244 244 242 238 237 236 240 247 253 -9999 -9999 -9999 -9999 -9999 -9999 -9999 -9999 -9999 -9999 -9999 -9999 -9999 -9999 -9999 -9999 -9999 -9999 -9999 -9999 -9999 -9999 -9999 -9999 -9999 -9999 -9999 -9999 -9999 -9999 -9999 -9999 -9999 -9999 -9999 -9999 -9999 -9999 -9999 -9999 -9999 -9999 -9999 -9999 -9999 -9999 -9999 -9999 -9999 -9999 -9999 -9999 -9999 -9999 -9999 -9999 -9999
246 246 247 247 247 248 247 246 246 245 245 246 246 247 247 246 244 242 241 241 242 247 -9999 -9999 -9999 -9999 -9999 256 257 256 -9999 -9999 -9999 -9999 -9999 -9999 -9999 -9999 -9999 -9999 -9999 -9999 -9999 -9999 -9999 -9999 -9999 -9999 -9999 -9999 -9999 -9999 -9999 -9999 -9999 -9999 -9999 -9999 -9999 -9999 -9999 -9999 -9999 -9999 -9999 -9999 -9999 -9999 -9999 -9999 -9999 -9999 -9999 -9999 -9999 -9999 -9999 -9999 -9999
247 248 248 248 248 248 248 247 247 247 247 247 248 248 248 247 248 247 245 244 242 243 248 255 255 255 256 256 256 256 256 256 256 257 257 257 -9999 -9999 -9999 -9999 -9999 -9999 -9999 -9999 -9999 -9999 -9999 -9999 -9999 -9999 -9999 -9999 -9999 -9999 -9999 -9999 -9999 -9999 -9999 -9999 -9999 -9999 -9999 -9999 -9999 -9999 -9999 -9999 -9999 -9999 -9999 -9999 -9999 -9999 -9999 -9999 -9999 -9999 -9999
248 248 248 248 249 249 249 248 248 248 248 248 248 249 249 249 249 249 248 248 247 245 245 251 253 255 255 255 256 256 256 256 256 256 256 257 -9999 -9999 -9999 -9999 -9999 -9999 -9999 -9999 -9999 -9999 -9999 -9999 -9999 -9999 -9999 -9999 -9999 -9999 -9999 -9999 -9999 -9999 -9999 -9999 -9999 -9999 -9999 -9999 -9999 -9999 -9999 -9999 -9999 -9999 -9999 -9999 -9999 -9999 -9999 -9999 -9999 -9999 -9999
249 249 249 249 249 249 249 249 249 249 249 249 249 249 249 249 249 249 248 248 248 248 248 248 250 254 254 254 255 255 255 255 256 256 256 256 257 -9999 -9999 -9999 -9999 -9999 -9999 -9999 -9999 -9999 -9999 -9999 -9999 -9999 -9999 -9999 -9999 -9999 -9999 -9999 -9999 -9999 -9999 -9999 -9999 -9999 -9999 -9999 -9999 -9999 -9999 -9999 -9999 -9999 -9999 -9999 -9999 -9999 -9999 -9999 -9999 -9999 -9999
249 249 249 249 250 249 250 250 250 250 250 250 250 250 250 250 250 250 250 249 249 249 250 249 250 251 251 251 254 255 254 255 255 255 255 256 -9999 -9999 -9999 -9999 -9999 -9999 -9999 -9999 -9999 -9999 -9999 -9999 -9999 -9999 -9999 -9999 -9999 -9999 -9999 -9999 -9999 -9999 -9999 -9999 -9999 -9999 -9999 -9999 -9999 -9999 -9999 -9999 -9999 -9999 -9999 -9999 -9999 -9999 -9999 -9999 -9999 -9999 -9999
250 250 250 250 250 250 250 250 250 250 250 250 250 250 250 250 250 250 250 250 250 250 250 250 250 251 250 250 254 255 254 255 255 255 255 255 256 -9999 -9999 -9999 -9999 -9999 -9999 -9999 -9999 -9999 -9999 -9999 -9999 -9999 -9999 -9999 -9999 -9999 -9999 -9999 -9999 -9999 -9999 -9999 -9999 -9999 -9999 -9999 -9999 -9999 -9999 -9999 -9999 -9999 -9999 -9999 -9999 -9999 -9999 -9999 -9999 -9999 -9999
250 251 250 250 250 250 251 251 250 250 251 250 250 250 250 250 250 251 251 251 251 251 251 252 252 251 251 251 254 254 254 254 254 254 254 255 255 255 255 256 -9999 -9999 -9999 -9999 -9999 -9999 -9999 256 -9999 -9999 -9999 -9999 -9999 -9999 -9999 -9999 -9999 -9999 -9999 -9999 -9999 -9999 -9999 -9999 -9999 -9999 -9999 -9999 -9999 -9999 -9999 -9999 -9999 -9999 -9999 -9999 -9999 -9999 -9999
251 251 250 250 250 250 250 251 251 251 251 250 250 248 250 251 251 251 251 252 252 252 252 253 253 253 253 253 254 254 253 253 253 253 252 253 254 255 255 255 256 256 -9999 -9999 -9999 -9999 257 228 238 -9999 -9999 -9999 -9999 -9999 -9999 -9999 -9999 -9999 -9999 -9999 -9999 -9999 -9999 -9999 -9999 -9999 -9999 -9999 -9999 -9999 -9999 -9999 -9999 -9999 -9999 -9999 -9999 -9999 -9999
251 251 251 251 251 250 250 251 251 251 251 250 250 250 250 251 251 251 251 252 252 252 253 253 253 253 253 253 253 253 253 253 252 253 253 252 253 254 255 255 255 255 256 256 -9999 -9999 257 240 244 -9999 -9999 -9999 -9999 -9999 -9999 -9999 -9999 -9999 -9999 -9999 -9999 -9999 -9999 -9999 -9999 -9999 -9999 -9999 -9999 -9999 -9999 -9999 -9999 -9999 -9999 -9999 -9999 -9999 -9999
251 251 251 251 251 251 251 251 251 251 251 250 250 251 251 251 251 251 252 252 252 252 252 252 253 252 252 252 252 252 253 253 253 252 252 253 252 253 254 254 254 254 255 256 -9999 -9999 -9999 258 258 -9999 -9999 -9999 -9999 -9999 -9999 -9999 -9999 -9999 -9999 -9999 -9999 -9999 -9999 -9999 -9999 -9999 -9999 -9999 -9999 -9999 -9999 -9999 -9999 -9999 -9999 -9999 -9999 -9999 -9999
251 251 252 251 251 251 251 251 251 251 252 251 251 251 251 251 251 251 252 252 252 252 252 252 252 252 252 252 252 252 252 253 252 252 252 253 253 253 253 253 254 254 254 255 255 -9999 -9999 -9999 -9999 -9999 -9999 -9999 -9999 -9999 -9999 -9999 -9999 -9999 -9999 -9999 -9999 -9999 -9999 -9999 -9999 -9999 -9999 -9999 -9999 -9999 -9999 -9999 -9999 -9999 -9999 -9999 -9999 -9999 -9999
251 252 252 252 252 252 251 251 251 251 251 252 251 251 252 252 252 251 252 251 251 251 252 252 252 252 252 252 252 252 252 252 252 252 252 253 253 253 253 253 253 252 251 252 253 250 -9999 -9999 -9999 -9999 -9999 -9999 -9999 -9999 -9999 -9999 -9999 -9999 -9999 -9999 -9999 -9999 -9999 -9999 -9999 -9999 -9999 -9999 -9999 -9999 -9999 -9999 -9999 -9999 -9999 -9999 -9999 -9999 -9999
251 252 251 251 252 252 251 251 251 251 251 251 251 251 251 252 251 251 251 251 251 251 252 252 251 251 251 251 252 252 251 252 252 252 252 252 252 252 252 251 250 251 250 248 251 248 252 -9999 -9999 -9999 -9999 -9999 -9999 -9999 -9999 -9999 -9999 -9999 -9999 -9999 -9999 -9999 -9999 -9999 -9999 -9999 -9999 -9999 -9999 -9999 -9999 -9999 -9999 -9999 -9999 -9999 -9999 -9999 -9999
250 252 252 251 251 252 251 252 251 251 251 251 251 251 251 251 251 251 251 251 251 251 251 252 251 251 251 251 251 251 251 251 251 252 251 252 252 252 252 250 249 249 246 245 247 248 252 -9999 -9999 -9999 -9999 -9999 -9999 -9999 -9999 -9999 -9999 -9999 -9999 -9999 -9999 -9999 -9999 -9999 -9999 -9999 -9999 -9999 -9999 -9999 -9999 -9999 -9999 -9999 -9999 -9999 -9999 -9999 -9999
251 251 251 251 251 251 251 252 252 251 251 251 251 251 252 251 250 250 250 251 250 251 251 251 251 251 251 251 251 251 251 251 251 251 251 251 252 251 251 250 248 248 247 244 244 246 247 250 252 -9999 -9999 -9999 -9999 -9999 -9999 -9999 -9999 -9999 -9999 -9999 -9999 -9999 -9999 -9999 -9999 -9999 -9999 -9999 -9999 -9999 -9999 -9999 -9999 -9999 -9999 -9999 -9999 -9999 -9999
251 251 251 251 251 251 251 251 251 251 251 251 251 251 251 251 251 250 250 250 250 251 251 250 250 251 251 250 250 251 251 251 251 251 251 251 251 251 251 250 245 248 247 242 240 246 246 244 242 244 254 256 256 256 255 257 -9999 -9999 -9999 -9999 -9999 -9999 -9999 -9999 -9999 -9999 -9999 -9999 -9999 -9999 -9999 -9999 -9999 -9999 -9999 -9999 -9999 -9999 -9999
247 247 250 251 251 251 252 252 252 251 251 251 251 251 251 251 251 250 250 250 250 250 250 250 250 250 250 251 250 250 250 250 250 251 251 250 250 250 251 250 249 248 247 244 238 241 246 244 235 233 238 244 252 254 251 257 258 -9999 -9999 -9999 -9999 -9999 -9999 -9999 -9999 -9999 -9999 -9999 -9999 -9999 -9999 -9999 -9999 -9999 -9999 -9999 -9999 -9999 -9999
250 250 251 251 251 251 252 252 252 251 251 251 251 251 251 250 250 250 250 250 250 250 250 250 250 250 251 250 250 250 250 250 250 250 250 250 249 250 250 250 249 249 247 245 241 238 246 245 237 229 236 245 246 251 252 254 255 257 -9999 -9999 -9999 -9999 -9999 -9999 -9999 -9999 -9999 -9999 -9999 -9999 -9999 -9999 -9999 -9999 -9999 -9999 -9999 -9999 -9999
248 251 251 251 251 251 252 252 252 251 251 251 251 251 251 250 250 250 250 250 250 250 250 250 250 250 251 250 250 250 250 250 250 250 250 250 250 250 250 250 249 249 248 247 246 244 245 247 243 237 239 234 239 237 245 250 254 253 257 -9999 -9999 -9999 -9999 -9999 -9999 -9999 -9999 -9999 -9999 263 261 262 -9999 -9999 -9999 -9999 -9999 -9999 -9999
249 250 248 248 248 250 250 250 251 251 251 251 251 251 251 250 250 250 250 250 250 250 250 250 250 250 250 250 250 250 250 250 250 250 250 250 250 250 250 250 250 249 249 248 245 247 247 245 233 240 238 229 225 239 245 250 252 252 255 258 -9999 -9999 -9999 -9999 -9999 -9999 -9999 -9999 261 257 248 256 262 -9999 -9999 -9999 -9999 -9999 -9999
251 251 251 250 252 248 249 251 251 251 251 250 251 251 251 251 251 250 250 250 250 249 249 250 250 249 250 250 250 251 250 250 250 250 250 250 250 250 250 249 250 249 249 249 248 248 247 232 221 220 219 214 215 239 238 243 243 248 250 254 257 -9999 -9999 -9999 -9999 -9999 -9999 -9999 258 237 213 240 260 -9999 -9999 -9999 -9999 -9999 -9999
252 252 251 247 250 242 247 246 245 249 251 251 251 250 250 250 251 250 250 250 249 247 249 249 249 249 250 250 250 250 250 250 250 250 250 249 250 250 250 250 250 249 249 249 249 248 246 243 233 212 197 200 205 194 203 225 237 243 244 247 254 -9999 -9999 -9999 -9999 -9999 -9999 -9999 255 215 191 223 259 -9999 -9999 -9999 -9999 -9999 -9999
247 251 251 241 241 248 250 248 246 249 248 251 252 252 251 251 251 250 250 250 249 249 249 249 249 250 250 250 250 250 250 250 250 250 249 249 249 249 249 250 250 250 249 249 248 247 246 244 241 219 214 201 185 184 193 198 219 227 232 238 252 257 -9999 -9999 -9999 -9999 -9999 -9999 255 230 204 243 261 -9999 -9999 -9999 -9999 -9999 -9999
237 240 251 251 249 250 250 251 250 247 244 249 252 251 251 251 249 250 248 250 249 249 248 249 249 249 249 249 249 249 249 249 250 249 249 249 249 249 249 250 250 250 250 249 248 247 246 246 244 232 219 208 192 180 190 209 220 229 238 244 250 254 257 -9999 -9999 -9999 -9999 -9999 259 252 250 259 262 -9999 -9999 -9999 -9999 -9999 -9999
241 239 248 243 244 243 240 236 232 243 235 239 246 245 250 249 243 219 233 249 249 247 248 248 249 249 247 248 248 249 249 249 249 248 248 249 249 249 249 249 249 250 250 249 249 248 247 247 246 241 226 226 216 196 184 198 209 214 217 228 239 250 253 256 -9999 -9999 -9999 -9999 261 261 261 -9999 -9999 -9999 -9999 261 250 -9999 -9999
234 222 232 233 243 230 199 203 233 243 232 243 227 226 244 248 234 207 232 229 246 243 245 246 247 247 245 246 247 247 248 248 248 247 247 248 249 249 249 250 249 250 250 249 249 248 247 247 245 245 241 234 223 210 199 187 190 199 204 204 226 241 243 250 254 257 -9999 -9999 -9999 -9999 -9999 -9999 -9999 -9999 -9999 261 255 261 -9999
219 194 191 206 220 199 201 196 208 224 235 236 220 238 235 238 227 231 231 212 240 239 234 240 241 241 242 237 236 235 241 247 247 246 247 247 248 249 249 250 250 249 249 249 249 249 247 247 246 246 244 241 231 219 214 210 211 199 196 204 225 237 240 249 252 255 257 -9999 -9999 -9999 -9999 -9999 -9999 -9999 -9999 -9999 -9999 -9999 -9999
215 208 211 205 198 212 221 222 209 210 238 237 218 219 205 197 212 229 209 187 207 241 225 231 218 233 231 229 221 209 222 237 245 246 247 247 247 249 249 250 250 249 249 249 249 249 248 247 246 246 245 245 237 233 225 217 216 208 197 215 219 236 237 251 255 256 258 -9999 -9999 -9999 -9999 -9999 -9999 -9999 -9999 -9999 -9999 -9999 -9999
185 187 197 206 186 198 201 213 226 235 226 223 222 210 183 221 232 228 198 162 187 232 225 204 203 206 226 214 192 204 220 226 237 241 246 248 249 249 249 249 249 249 248 249 249 248 248 248 248 247 246 246 245 242 233 224 214 206 197 197 222 227 228 242 252 256 -9999 -9999 -9999 -9999 -9999 -9999 -9999 -9999 -9999 -9999 -9999 -9999 -9999
186 172 180 175 161 179 183 209 208 223 215 203 200 193 175 209 228 229 207 182 198 228 230 182 166 177 191 211 184 176 186 201 224 223 238 246 248 248 249 249 248 248 248 248 248 249 248 248 248 248 247 247 247 244 243 238 229 223 216 198 196 220 227 243 250 256 -9999 -9999 -9999 -9999 -9999 -9999 -9999 -9999 -9999 -9999 -9999 -9999 -9999
170 152 171 148 128 161 165 181 195 178 166 183 202 209 204 217 223 226 222 195 191 217 233 218 180 166 146 159 166 147 151 168 196 199 215 230 241 247 248 249 248 246 246 247 247 248 247 246 247 247 248 248 247 245 245 245 242 227 219 217 210 202 219 238 249 254 257 -9999 -9999 -9999 -9999 -9999 -9999 -9999 -9999 -9999 -9999 -9999 -9999
149 124 152 149 110 135 149 135 143 144 158 179 197 183 202 205 198 222 206 176 160 190 217 232 225 219 170 154 142 133 142 149 181 157 189 206 218 233 246 248 249 247 245 245 246 247 247 246 246 246 247 247 247 246 246 246 247 243 218 213 227 217 218 231 245 255 257 -9999 -9999 -9999 -9999 -9999 -9999 -9999 -9999 -9999 -9999 -9999 -9999
104 98 114 112 95 111 120 114 144 153 183 188 176 166 181 182 191 219 214 189 173 198 193 210 208 221 218 194 148 153 149 140 139 152 153 165 193 221 230 247 248 248 247 245 246 247 247 246 247 246 247 247 246 246 247 248 248 248 243 233 236 232 230 231 246 255 257 -9999 -9999 -9999 -9999 -9999 -9999 -9999 -9999 -9999 -9999 -9999 -9999
120 116 119 100 113 90 80 119 147 167 166 168 150 148 159 190 204 210 189 177 164 183 184 209 208 221 216 181 184 190 151 138 131 142 126 124 162 184 190 229 246 247 248 247 245 245 246 245 247 246 246 247 246 245 246 247 246 248 249 246 237 223 234 238 245 253 257 -9999 -9999 -9999 -9999 -9999 -9999 -9999 -9999 -9999 -9999 -9999 -9999
