Artocarpus altilis SDM files/Last interglacial/Environmental layers/bio16.asc
ncols  1201
nrows  481
xllcorner  119.99986351115
yllcorner  -15.00013864885
cellsize 0.041666667
NODATA_value  -9999
[rows 175 to 209 of 481, columns 312 to 389 of 1201]
809 -9999 -9999 -9999 -9999 -9999 -9999 -9999 -9999 -9999 -9999 -9999 -9999 -9999 -9999 -9999 967 979 997 1028 1004 978 1050 1177 1055 1252 1326 945 -9999 -9999 -9999 -9999 -9999 -9999 -9999 -9999 -9999 1119 -9999 -9999 -9999 -9999 -9999 -9999 -9999 -9999 -9999 -9999 -9999 -9999 -9999 -9999 -9999 -9999 -9999 -9999 -9999 -9999 -9999 -9999 -9999 -9999 -9999 -9999 -9999 -9999 -9999 -9999 -9999 -9999 -9999 -9999 -9999 -9999 -9999 -9999 -9999 -9999
-9999 -9999 -9999 -9999 -9999 -9999 -9999 -9999 -9999 -9999 -9999 -9999 -9999 -9999 -9999 -9999 -9999 -9999 -9999 991 1035 1025 1100 1152 1037 1122 1348 1004 1004 -9999 -9999 -9999 -9999 -9999 -9999 -9999 1125 1184 -9999 -9999 -9999 -9999 -9999 -9999 -9999 -9999 -9999 -9999 -9999 -9999 -9999 -9999 -9999 -9999 -9999 -9999 -9999 -9999 -9999 -9999 -9999 -9999 -9999 -9999 -9999 -9999 -9999 -9999 -9999 -9999 -9999 -9999 -9999 -9999 -9999 -9999 -9999 -9999
-9999 -9999 -9999 -9999 -9999 -9999 -9999 -9999 -9999 -9999 -9999 -9999 -9999 -9999 -9999 -9999 -9999 -9999 -9999 1009 1016 1081 1015 1047 944 1026 1307 1197 981 -9999 -9999 -9999 -9999 -9999 -9999 -9999 1182 1178 -9999 -9999 -9999 -9999 -9999 -9999 -9999 -9999 -9999 -9999 -9999 -9999 -9999 -9999 -9999 -9999 -9999 -9999 -9999 -9999 -9999 -9999 -9999 -9999 -9999 -9999 -9999 -9999 -9999 -9999 -9999 -9999 -9999 -9999 -9999 -9999 -9999 -9999 -9999 -9999
-9999 -9999 -9999 -9999 -9999 -9999 -9999 -9999 -9999 -9999 -9999 -9999 -9999 -9999 -9999 -9999 -9999 -9999 -9999 -9999 1060 1041 975 983 1105 1128 1283 1183 973 908 -9999 -9999 -9999 -9999 -9999 -9999 1202 1180 986 -9999 -9999 -9999 -9999 -9999 -9999 -9999 -9999 -9999 -9999 -9999 -9999 -9999 -9999 -9999 -9999 -9999 -9999 -9999 -9999 -9999 -9999 -9999 -9999 -9999 -9999 -9999 -9999 -9999 -9999 -9999 -9999 -9999 -9999 -9999 -9999 -9999 -9999 -9999
-9999 -9999 832 863 852 880 872 842 853 -9999 -9999 931 946 923 -9999 -9999 -9999 1025 1044 1036 1005 992 985 988 1170 1252 1166 1043 1099 1001 967 -9999 -9999 -9999 -9999 -9999 1085 1106 -9999 -9999 -9999 -9999 -9999 -9999 -9999 -9999 -9999 -9999 -9999 -9999 -9999 -9999 -9999 -9999 -9999 -9999 -9999 -9999 -9999 -9999 -9999 -9999 -9999 -9999 -9999 -9999 -9999 -9999 -9999 -9999 -9999 -9999 -9999 -9999 -9999 -9999 -9999 -9999
788 819 855 884 855 878 884 844 835 852 864 -9999 935 942 927 -9999 -9999 972 986 1002 988 987 1000 1000 1066 1347 1030 954 1128 1235 983 940 -9999 -9999 -9999 -9999 1218 1135 1107 1112 -9999 -9999 -9999 -9999 -9999 -9999 -9999 -9999 -9999 -9999 -9999 -9999 -9999 -9999 -9999 -9999 -9999 -9999 -9999 -9999 -9999 -9999 -9999 -9999 -9999 -9999 -9999 -9999 -9999 -9999 -9999 -9999 -9999 -9999 -9999 -9999 -9999 -9999
809 827 856 840 807 817 827 834 863 855 897 906 -9999 920 909 896 945 966 963 1052 1111 1019 1166 945 1056 1345 1113 952 1064 1271 1053 956 -9999 1000 -9999 1210 1366 1293 1337 1120 -9999 -9999 -9999 -9999 -9999 -9999 -9999 -9999 -9999 -9999 -9999 -9999 -9999 -9999 -9999 -9999 -9999 -9999 -9999 -9999 -9999 -9999 -9999 -9999 -9999 -9999 -9999 -9999 -9999 -9999 -9999 -9999 -9999 -9999 -9999 -9999 -9999 -9999
820 821 826 811 777 802 860 868 879 858 875 888 844 901 939 941 935 949 942 1090 1194 1056 1234 954 1000 1220 1170 941 1099 1172 1124 986 934 983 -9999 1277 1381 1434 1468 1001 -9999 -9999 -9999 -9999 -9999 -9999 -9999 -9999 -9999 -9999 -9999 -9999 -9999 -9999 -9999 -9999 -9999 -9999 -9999 -9999 -9999 -9999 -9999 -9999 -9999 -9999 -9999 -9999 -9999 -9999 -9999 -9999 -9999 -9999 -9999 -9999 -9999 1146
799 803 833 839 812 850 882 878 812 845 864 879 858 909 933 915 918 937 937 1040 959 1112 1080 1180 918 1147 1156 969 992 1184 1174 1016 918 988 -9999 1213 1304 1333 1463 1017 -9999 -9999 -9999 -9999 -9999 -9999 -9999 -9999 -9999 -9999 -9999 -9999 -9999 -9999 -9999 -9999 -9999 -9999 -9999 -9999 -9999 -9999 -9999 -9999 -9999 -9999 -9999 -9999 -9999 -9999 -9999 -9999 -9999 -9999 -9999 -9999 -9999 1193
804 813 837 817 842 881 834 820 817 817 855 846 856 896 916 902 960 940 939 960 923 1091 1023 1092 1021 978 1093 924 928 1292 1120 1217 948 977 -9999 1100 1373 1501 1435 1004 -9999 -9999 -9999 -9999 -9999 -9999 -9999 -9999 -9999 -9999 -9999 -9999 -9999 -9999 -9999 -9999 -9999 -9999 -9999 -9999 -9999 -9999 -9999 -9999 -9999 -9999 -9999 -9999 -9999 -9999 -9999 -9999 -9999 -9999 -9999 1204 1249 1190
782 782 848 870 835 838 750 773 790 813 833 868 892 942 921 866 908 916 918 1011 953 1001 1173 959 1172 1042 991 1146 1068 1098 1098 1142 1074 947 -9999 1053 1372 1529 1222 896 -9999 -9999 -9999 1240 1139 -9999 -9999 -9999 -9999 -9999 -9999 -9999 -9999 -9999 -9999 -9999 -9999 -9999 -9999 -9999 -9999 -9999 -9999 -9999 -9999 -9999 -9999 -9999 -9999 -9999 -9999 -9999 1262 1207 1226 1211 1303 1218
775 761 784 801 827 746 779 815 851 801 874 877 930 951 854 835 890 998 894 1063 1146 1027 1121 1067 1077 1079 1109 1264 1247 955 1025 1097 1200 998 -9999 998 1289 1514 1209 874 -9999 -9999 -9999 1083 1031 -9999 -9999 -9999 -9999 -9999 -9999 -9999 -9999 -9999 -9999 -9999 -9999 -9999 -9999 -9999 -9999 -9999 -9999 -9999 -9999 -9999 -9999 -9999 -9999 -9999 -9999 1195 1305 1306 1325 1351 1296 1215
807 781 768 769 780 778 854 821 836 787 840 888 934 889 826 844 916 1026 1024 1191 1277 1092 1126 1151 955 947 1044 1005 1187 1124 909 1104 1191 974 924 -9999 1202 1474 1232 915 -9999 -9999 -9999 -9999 -9999 -9999 -9999 -9999 -9999 -9999 -9999 -9999 -9999 -9999 -9999 -9999 -9999 -9999 -9999 -9999 -9999 -9999 -9999 -9999 -9999 -9999 -9999 -9999 -9999 -9999 1267 1256 1235 1315 1313 1283 1243 1201
805 793 781 808 847 825 805 805 820 793 827 863 891 863 798 885 991 1020 1013 1139 1192 1116 1085 1086 785 1038 1106 934 1034 1271 1021 1062 1137 983 930 -9999 1129 1404 1290 966 -9999 -9999 -9999 -9999 -9999 -9999 -9999 -9999 -9999 -9999 -9999 -9999 -9999 -9999 -9999 -9999 -9999 -9999 -9999 -9999 -9999 -9999 -9999 -9999 -9999 -9999 -9999 -9999 -9999 -9999 1281 1316 1299 1325 1315 1278 1243 1219
776 771 790 819 864 873 821 827 830 810 868 831 849 868 819 864 961 995 941 1048 1027 1006 999 1055 822 1087 1122 980 1025 1012 1173 1336 984 1049 969 934 1021 1323 1323 964 -9999 -9999 -9999 -9999 -9999 -9999 -9999 -9999 -9999 -9999 -9999 -9999 -9999 -9999 -9999 -9999 -9999 -9999 -9999 -9999 -9999 -9999 -9999 -9999 -9999 -9999 -9999 -9999 -9999 -9999 1326 1335 1340 1337 1238 1245 1252 1243
744 732 745 810 813 838 804 775 811 804 835 818 818 853 795 868 934 980 944 881 1099 1088 865 1061 1001 1012 1274 1093 1073 917 1087 1385 1068 1137 995 918 934 1193 1349 920 876 -9999 -9999 1206 1147 -9999 -9999 -9999 -9999 -9999 -9999 -9999 -9999 -9999 -9999 -9999 -9999 -9999 -9999 -9999 -9999 -9999 -9999 -9999 -9999 -9999 -9999 -9999 -9999 1349 1330 1322 1325 1295 1267 1256 1240 1228
757 766 800 750 731 743 758 779 790 788 803 801 785 840 804 894 858 899 855 792 1038 1162 886 896 1021 965 1359 1309 1115 1006 1052 1317 1247 1102 1059 921 894 1048 1371 995 887 -9999 1251 1282 1091 -9999 -9999 -9999 -9999 -9999 -9999 -9999 -9999 -9999 -9999 -9999 -9999 -9999 -9999 -9999 -9999 -9999 -9999 -9999 1358 1321 1370 1304 -9999 -9999 1270 1293 1271 1235 1255 1220 1241 1227
746 771 793 788 804 748 742 763 757 766 782 769 834 870 830 871 822 851 875 791 1065 1197 1002 861 844 989 1187 1413 1332 1013 947 1213 1270 1222 960 905 888 994 1359 1009 914 1018 1255 1256 952 -9999 -9999 -9999 -9999 -9999 -9999 -9999 -9999 -9999 -9999 -9999 -9999 -9999 -9999 -9999 -9999 -9999 -9999 -9999 1327 1438 1389 -9999 1218 1255 1339 1331 1296 1253 1215 1212 1209 1199
769 765 785 802 820 740 736 758 784 790 793 830 869 901 833 871 817 822 878 880 1011 1126 994 899 913 1017 1055 1365 1440 989 914 1132 1158 1163 955 874 898 1145 1345 1091 904 1023 1310 961 876 -9999 -9999 -9999 -9999 -9999 -9999 -9999 -9999 -9999 -9999 -9999 -9999 -9999 -9999 -9999 -9999 -9999 -9999 -9999 -9999 -9999 1210 1207 1259 1319 1313 1285 1305 1267 1225 1191 1160 1136
857 788 804 812 779 819 779 732 783 806 813 859 866 909 851 855 796 779 800 1034 1083 832 929 911 1117 923 1015 1322 1390 1054 1065 977 851 954 1150 845 914 1244 1401 1238 926 1047 1350 951 882 -9999 -9999 -9999 -9999 -9999 -9999 -9999 -9999 -9999 -9999 -9999 -9999 -9999 -9999 -9999 -9999 -9999 1222 1211 -9999 1286 1302 1319 1294 1274 1243 1248 1251 1231 1181 1118 1094 1070
742 761 804 792 741 788 754 766 799 828 801 817 847 920 871 766 764 -9999 844 957 1141 767 998 955 1063 1037 1057 1313 1320 1307 1085 892 816 1150 970 922 926 1267 1430 1196 918 1015 1218 905 888 -9999 -9999 -9999 -9999 -9999 -9999 -9999 -9999 -9999 -9999 -9999 -9999 -9999 -9999 -9999 -9999 1228 1246 1230 -9999 1128 1179 1221 1288 1276 1253 1237 1239 1203 1137 1081 1124 1007
725 715 692 709 716 766 735 763 784 761 771 797 790 898 897 716 724 -9999 913 1080 935 826 934 1171 1080 1228 1038 1292 1238 1158 954 885 837 1057 963 918 1012 1210 1342 1309 1008 908 1031 886 962 -9999 -9999 -9999 -9999 -9999 -9999 -9999 -9999 -9999 -9999 -9999 -9999 -9999 -9999 -9999 -9999 -9999 -9999 -9999 1265 1141 1106 1156 1262 1264 1262 1222 1167 1111 1056 1089 1282 1039
731 702 743 747 771 751 712 759 761 751 734 761 784 844 804 717 758 886 933 1160 855 1019 1111 1085 1147 1207 1083 1243 1134 938 952 1050 877 953 989 955 1238 1267 1098 1409 1265 924 857 962 1084 -9999 -9999 -9999 -9999 -9999 -9999 -9999 -9999 -9999 -9999 -9999 -9999 -9999 -9999 -9999 -9999 -9999 1278 1375 1221 1067 1123 1079 1210 1244 1237 1177 1090 1028 1021 1151 1289 1008
702 722 749 728 732 710 733 747 732 730 768 749 756 794 753 714 874 937 860 1130 948 887 1160 1020 1152 1049 1256 1020 989 1005 1117 1224 1274 906 914 978 1185 1239 949 1304 1334 987 892 1042 1131 -9999 1126 1071 -9999 -9999 -9999 -9999 -9999 -9999 -9999 -9999 -9999 -9999 -9999 -9999 -9999 1155 1244 1306 1359 1193 1284 1178 1136 1146 1156 1103 1012 1109 1146 1143 1162 1037
682 736 714 689 726 683 743 726 737 693 780 726 728 782 751 711 1024 894 731 1090 1065 912 1253 1040 903 1173 1133 1070 937 901 938 1235 1281 878 1079 1232 1253 1094 995 1244 1427 1127 965 1020 1228 1024 1123 934 -9999 -9999 -9999 -9999 -9999 -9999 -9999 -9999 -9999 -9999 -9999 -9999 -9999 1194 1353 1449 1249 1186 1246 1354 1070 1053 1080 1021 976 1226 1180 1220 966 1012
660 721 693 684 702 707 708 706 722 696 766 713 733 763 784 721 975 907 668 889 1154 940 1079 1079 873 1089 1089 959 876 933 1111 1235 1220 876 984 1366 1341 1173 1056 1106 1362 1344 1029 930 1256 1185 1340 1039 1023 1067 -9999 -9999 -9999 -9999 -9999 -9999 -9999 -9999 -9999 -9999 1160 1324 1455 1469 1197 1283 1323 1391 1076 1070 1031 950 1100 1277 1342 1252 943 1052
707 712 677 659 671 676 672 689 721 702 712 742 737 791 797 762 934 1026 707 861 1155 965 1081 890 1111 984 919 825 910 1054 1182 1041 1070 852 968 1399 1254 1105 976 1004 1335 1491 1304 972 1195 1338 1356 1175 1139 1082 1057 1100 1105 1130 -9999 -9999 -9999 1139 1124 1127 1263 1463 1440 1274 1451 1414 1203 1193 1024 1029 938 1159 1174 1248 1183 991 935 1131
731 701 681 667 685 681 694 692 740 680 706 724 720 813 766 802 854 1058 833 906 1026 992 1119 1073 1136 989 841 936 1125 1208 1191 1244 1232 1207 1255 1269 1133 915 928 970 1227 1405 1327 959 1071 1147 1245 1095 1033 1035 1064 1153 1155 1197 1181 1138 1162 1181 1160 1170 1373 1387 1425 1337 1328 1074 1149 1164 1160 1151 927 1209 1256 1099 1033 1189 1182 980
675 669 659 677 702 688 706 673 725 689 682 690 691 749 723 700 731 983 985 928 975 1149 1002 1140 960 830 754 973 989 1233 1364 1320 1297 1338 1326 1060 1001 965 874 994 1223 1409 1460 1007 916 1310 1370 1246 1200 1092 1030 1090 1129 1172 1182 1080 1191 1189 1061 1249 1373 1336 1246 1192 989 1288 1414 1440 1362 1367 968 1176 1216 1101 1128 1296 1197 1055
688 690 668 711 682 680 693 659 697 727 714 720 721 728 -9999 759 898 830 1044 948 953 985 865 801 720 881 909 952 1182 1317 1160 1249 1278 1253 1159 978 862 1187 1014 959 1139 1359 1394 1157 925 1175 1471 1357 1164 1157 1112 1086 1106 1125 1228 1101 1200 1229 1161 1321 1280 1229 1008 965 1223 1381 1558 1517 1415 1194 946 1061 1055 1203 1028 1083 1286 1191
650 625 625 700 671 657 664 681 658 707 675 704 718 742 724 738 906 918 905 988 773 884 805 731 950 896 942 1182 1179 1091 1132 1090 1075 1115 1111 1076 931 886 959 955 1151 1353 1351 1197 928 990 1218 1437 1524 1177 1407 1238 1201 1073 1131 1063 1216 1391 1340 1098 1181 1077 1065 1197 1298 1383 1385 1256 932 851 854 1126 1154 1076 1201 1171 990 1209
638 632 635 633 651 668 642 633 649 694 673 728 729 733 704 -9999 790 985 783 843 792 817 875 747 1060 1072 993 1158 1093 950 1114 960 1046 1108 1055 1260 988 1075 1183 1045 1428 1206 1243 1168 1093 1039 1028 1418 1327 1472 1325 1327 1174 1024 1078 1191 1296 1212 1132 1082 1040 903 1323 1193 1000 1067 1144 970 932 1132 1000 970 1117 1001 1113 1006 1223 911
672 637 632 620 644 612 628 687 658 666 684 720 710 698 -9999 -9999 736 871 863 692 916 836 873 727 841 1103 1166 940 1163 932 907 924 975 1065 1064 1191 1142 1159 1351 1165 1092 1065 1102 1133 1135 1153 1026 1252 1490 1510 1397 1220 929 1011 1156 1318 1254 1080 1323 1129 1129 1135 1174 1020 1015 1025 867 872 943 1157 1237 992 948 979 1065 1368 1392 950
618 600 596 609 605 618 685 677 647 666 694 694 -9999 -9999 -9999 -9999 766 772 893 773 909 882 955 862 726 977 1218 1044 1146 915 839 874 951 1254 1159 1109 1229 1132 1203 1306 1105 1220 1210 955 965 978 921 1117 1324 1296 1290 1004 1161 1082 1123 1391 1409 1205 1309 1208 1324 1092 1119 1100 1194 1058 1078 1068 962 1174 1298 1096 845 1108 1373 1384 1081 1102
575 584 632 606 627 666 658 666 662 654 674 658 -9999 -9999 -9999 -9999 758 810 892 878 -9999 862 828 1092 858 813 1134 1150 954 960 830 976 1001 1122 1173 1131 1142 1157 1224 1137 1236 1245 1056 1011 874 994 975 1089 1153 1153 1005 1013 1430 1386 1283 1266 1290 1190 1007 1129 1277 1168 1120 1170 1236 1189 1119 1078 1161 1095 1280 1367 956 1232 1271 1196 922 923
