Artocarpus altilis SDM files/Last interglacial/Environmental layers/bio1.asc
ncols  1201
nrows  481
xllcorner  119.99986351115
yllcorner  -15.00013864885
cellsize 0.041666667
NODATA_value  -9999
[rows 420 to 454 of 481, columns 237 to 315 of 1201]
-9999 -9999 -9999 -9999 -9999 -9999 -9999 -9999 -9999 -9999 -9999 -9999 -9999 -9999 -9999 -9999 -9999 270 270 270 270 271 272 271 271 271 270 269 270 270 270 270 272 272 272 272 272 272 271 271 271 271 271 272 271 271 270 270 270 270 270 270 270 271 270 271 270 270 270 270 271 271 270 269 268 268 268 268 268 269 269 269 268 267 264 264 268 267 265
-9999 -9999 -9999 -9999 -9999 -9999 -9999 -9999 -9999 -9999 -9999 -9999 -9999 271 -9999 -9999 271 270 270 270 271 271 -9999 272 272 272 271 270 270 270 270 270 272 271 272 272 272 272 271 270 271 271 272 272 271 270 270 270 269 270 271 271 271 270 269 271 270 270 269 270 271 271 270 269 269 269 268 267 268 268 268 269 267 265 260 267 267 261 255
-9999 -9999 -9999 -9999 -9999 -9999 -9999 -9999 -9999 -9999 -9999 -9999 271 271 -9999 271 270 269 269 270 270 271 271 271 272 271 271 271 270 270 270 270 271 271 272 272 272 272 271 270 270 271 272 272 272 271 270 270 269 270 271 271 270 269 269 270 271 270 270 270 271 271 270 270 270 270 268 267 267 268 269 269 269 266 259 268 264 261 256
-9999 -9999 -9999 -9999 -9999 -9999 -9999 -9999 -9999 -9999 -9999 -9999 271 271 271 271 271 271 270 270 271 271 271 272 272 272 271 271 271 270 269 270 271 271 272 272 272 272 271 270 270 271 272 272 271 271 270 270 270 270 270 270 270 269 268 270 270 270 270 270 270 271 271 270 270 269 269 268 268 269 269 269 269 267 258 262 263 259 261
-9999 -9999 -9999 -9999 -9999 -9999 -9999 -9999 -9999 -9999 -9999 271 271 271 271 271 271 271 271 270 270 271 271 271 272 272 271 271 270 270 269 271 271 272 272 272 272 272 272 270 271 272 272 272 271 270 270 270 270 269 270 270 270 269 269 270 270 270 271 270 270 270 271 271 270 270 269 269 269 268 269 269 269 268 266 264 257 256 258
-9999 -9999 -9999 -9999 -9999 -9999 -9999 -9999 -9999 -9999 -9999 271 271 270 271 271 272 272 271 271 271 271 270 271 271 271 272 271 270 270 269 271 272 272 273 272 272 272 272 270 270 271 272 272 271 271 270 269 269 269 269 269 270 269 270 270 270 271 270 270 269 270 270 271 271 270 270 270 269 269 268 268 268 268 268 267 265 262 262
-9999 -9999 -9999 -9999 -9999 -9999 -9999 -9999 -9999 -9999 -9999 271 271 270 270 271 271 272 272 272 271 271 271 271 271 271 271 271 270 269 270 272 272 273 272 272 272 271 272 271 272 272 272 272 272 271 269 268 268 269 270 270 270 270 270 270 270 270 270 270 270 269 270 271 271 270 270 270 270 269 269 268 266 264 267 266 260 260 257
-9999 -9999 -9999 -9999 -9999 -9999 -9999 -9999 -9999 -9999 -9999 271 271 270 269 271 271 271 271 271 271 271 271 270 271 271 271 271 271 270 271 271 272 273 272 272 272 271 271 271 271 272 273 272 271 271 270 269 270 270 271 270 270 269 270 270 270 270 270 270 270 270 271 271 270 270 270 270 270 270 269 266 260 257 266 265 258 257 253
-9999 -9999 -9999 -9999 -9999 -9999 -9999 -9999 -9999 -9999 -9999 271 271 270 270 271 271 271 271 271 270 270 270 270 271 271 270 269 269 269 271 271 272 272 272 272 272 270 270 271 271 272 272 272 270 270 270 270 270 270 270 271 270 269 270 270 270 270 270 270 270 270 270 271 270 270 270 270 270 270 269 265 260 264 260 254 254 254 253
-9999 -9999 -9999 -9999 -9999 -9999 -9999 -9999 -9999 -9999 -9999 271 271 271 271 271 272 272 272 272 270 270 269 270 271 270 270 270 269 269 270 271 272 272 272 272 272 271 269 270 271 270 272 272 271 270 269 269 270 270 270 271 269 269 270 269 269 269 269 270 270 271 271 271 270 270 269 270 270 270 267 265 266 268 259 252 253 252 252
-9999 -9999 -9999 -9999 -9999 -9999 -9999 -9999 -9999 -9999 272 272 271 272 272 272 272 272 272 272 271 271 270 269 270 270 270 270 270 270 270 272 272 272 272 272 271 271 269 270 270 270 272 272 270 270 270 269 270 270 271 270 270 269 270 269 268 269 270 270 271 271 271 271 270 269 269 269 269 269 269 269 269 265 254 253 254 251 252
-9999 -9999 -9999 -9999 -9999 -9999 271 271 271 272 272 272 272 272 272 272 272 272 272 271 271 271 271 271 270 270 269 269 269 268 268 271 272 273 273 272 271 271 270 270 269 270 272 272 271 272 270 268 270 270 270 270 270 269 270 269 268 269 269 270 271 271 271 271 271 270 269 269 269 269 269 269 265 253 252 253 249 249 250
-9999 -9999 -9999 -9999 -9999 -9999 271 270 271 272 272 272 272 272 272 272 272 272 272 271 271 271 271 270 270 270 269 269 268 269 269 271 272 273 273 272 272 271 271 270 270 271 272 272 272 272 270 268 269 270 270 270 269 269 269 269 270 270 270 271 271 270 269 270 270 270 269 267 268 269 269 269 259 252 250 251 249 248 248
-9999 -9999 -9999 -9999 -9999 -9999 271 270 271 271 272 272 272 272 272 272 272 271 271 269 270 271 271 269 269 270 269 268 268 269 271 271 272 272 272 272 272 272 271 271 271 271 272 272 272 272 271 270 269 269 270 270 270 269 269 268 269 271 271 271 271 270 270 270 270 270 270 268 268 269 269 266 257 256 253 253 250 251 251
-9999 -9999 -9999 -9999 -9999 272 270 270 270 271 272 272 270 272 272 272 271 271 271 267 267 270 270 269 269 269 269 267 267 269 271 272 272 272 272 272 272 272 271 271 271 272 272 272 272 272 272 271 269 268 269 270 269 269 269 269 269 271 271 270 271 269 269 269 270 270 270 270 269 269 269 267 265 267 263 256 252 256 255
-9999 -9999 -9999 271 -9999 272 270 270 271 271 271 272 270 272 271 271 272 271 270 264 262 266 268 269 267 269 269 267 267 269 271 272 272 272 272 272 272 271 271 271 272 272 272 272 272 272 272 271 269 269 270 269 269 270 271 271 270 271 270 269 270 270 268 266 269 269 269 270 270 269 268 260 261 265 263 261 261 261 260
-9999 -9999 -9999 271 271 271 270 271 271 272 272 272 272 272 272 272 272 272 271 265 262 261 263 267 267 268 268 267 268 270 271 271 272 272 272 272 272 272 271 270 271 272 272 272 272 272 271 271 270 270 270 269 269 270 270 271 271 271 269 268 270 270 267 265 269 269 269 269 270 269 266 254 255 259 257 255 254 255 253
-9999 -9999 -9999 271 271 272 271 272 272 272 272 272 272 272 273 272 273 272 272 269 263 260 260 263 267 268 267 268 269 269 271 272 272 271 272 271 271 272 271 271 271 271 271 272 272 269 270 270 270 269 269 269 269 269 269 270 271 269 265 266 268 270 269 265 269 269 269 269 269 264 266 254 253 255 253 252 252 252 249
-9999 -9999 -9999 -9999 272 272 -9999 272 272 272 272 272 272 272 273 273 272 272 272 272 267 262 261 265 267 266 267 268 269 270 271 271 271 271 271 270 271 271 271 271 270 270 271 272 269 267 270 269 270 270 270 269 269 270 270 270 271 269 270 270 269 269 268 261 265 269 267 268 267 260 262 253 252 252 251 251 249 246 248
-9999 -9999 -9999 -9999 -9999 -9999 -9999 -9999 272 272 272 272 273 273 272 272 271 271 272 272 272 268 267 267 264 265 267 269 269 269 271 271 271 271 271 269 270 271 270 270 270 269 271 271 269 269 269 268 270 270 269 269 269 269 270 269 270 269 270 269 269 269 266 262 263 261 257 263 269 269 266 255 253 251 249 248 244 244 245
-9999 -9999 -9999 -9999 -9999 -9999 -9999 -9999 -9999 272 272 272 272 272 272 272 271 271 271 271 272 271 267 266 264 266 267 269 268 266 270 270 271 271 271 270 269 269 269 269 270 270 271 271 271 268 267 267 269 270 268 268 268 269 269 269 269 270 270 268 266 265 261 261 256 254 254 256 262 264 264 255 252 252 251 250 246 246 246
-9999 -9999 -9999 -9999 -9999 -9999 -9999 -9999 272 272 272 272 272 272 272 271 271 270 269 270 271 271 268 265 265 266 268 269 267 262 268 269 270 271 271 271 270 268 268 268 270 270 270 271 271 269 266 267 270 270 270 268 267 268 269 269 269 269 268 268 262 260 260 256 254 254 255 253 253 257 256 251 251 250 250 248 246 246 247
-9999 -9999 -9999 -9999 -9999 -9999 -9999 271 272 273 273 273 273 273 273 271 270 270 270 270 271 271 264 262 263 266 268 267 268 262 264 269 270 269 270 270 270 268 267 269 269 269 269 270 271 269 266 266 269 270 270 269 268 267 268 268 269 269 267 269 263 260 260 256 255 255 256 254 255 257 255 253 252 250 248 247 245 246 246
271 -9999 -9999 -9999 -9999 -9999 272 272 272 273 273 273 273 273 273 272 271 271 271 271 270 271 267 263 263 266 267 266 267 264 262 265 266 268 269 270 268 267 267 269 269 268 268 269 270 269 266 268 269 268 269 269 269 267 266 267 268 268 267 266 268 262 259 253 254 260 258 255 255 256 256 255 252 250 247 244 244 245 246
271 -9999 -9999 -9999 272 272 271 271 272 273 273 273 273 273 273 272 272 271 272 272 271 271 270 266 264 267 266 265 265 265 264 263 262 266 269 269 269 268 268 268 268 267 268 269 269 269 266 267 268 267 268 269 268 267 266 264 265 266 261 265 266 266 263 258 257 260 259 255 252 254 255 251 249 248 246 246 245 245 247
271 271 272 272 272 272 271 270 272 272 272 273 273 273 273 273 272 271 272 273 271 271 270 268 267 267 267 266 264 265 263 267 264 264 268 267 267 266 266 267 267 267 267 268 268 269 265 264 265 266 267 269 268 268 267 266 264 261 262 263 265 261 265 264 266 266 262 255 254 255 256 256 254 249 247 247 247 246 247
269 271 272 272 272 272 272 270 271 272 273 273 273 273 273 273 273 273 273 273 272 271 268 268 269 268 267 267 267 267 264 267 267 264 267 267 267 266 264 264 264 264 264 265 267 265 265 263 263 263 265 267 268 268 267 266 263 259 260 262 262 256 255 256 262 267 266 264 260 258 258 257 257 255 252 248 249 247 246
269 270 272 272 272 272 272 271 270 271 273 273 273 273 273 273 273 274 274 273 272 269 266 269 268 268 267 269 269 269 269 269 268 266 268 268 269 268 263 262 262 261 261 264 266 265 266 262 263 263 265 268 267 267 268 267 266 263 259 256 256 258 254 253 253 260 264 259 258 259 259 257 256 257 255 252 248 248 247
269 270 271 272 271 272 272 271 271 272 273 273 273 273 273 274 273 274 274 273 271 266 269 270 268 268 269 270 270 270 270 270 268 269 269 270 270 269 266 263 262 261 262 263 265 266 264 265 266 267 267 267 266 266 267 267 266 266 265 261 256 254 251 251 252 256 260 256 256 259 258 258 257 258 256 249 248 248 249
270 270 270 272 271 271 272 271 271 272 273 273 273 273 274 274 274 274 274 273 270 266 272 271 270 269 270 271 271 271 271 270 269 270 270 270 270 269 269 267 261 263 264 264 265 265 263 265 265 266 266 266 263 266 266 265 266 265 264 263 260 257 253 252 251 253 257 259 257 257 258 258 258 259 258 254 249 248 249
272 272 272 272 270 271 272 271 271 272 272 273 273 274 273 273 273 274 274 273 271 266 273 272 271 269 269 271 272 272 271 270 270 270 271 271 270 270 270 269 266 264 264 263 263 264 263 264 265 266 264 264 261 264 265 263 263 261 261 263 262 258 254 253 251 252 257 258 257 257 259 259 259 258 258 258 254 249 251
271 271 272 272 270 269 271 272 272 271 272 273 273 274 273 273 274 273 273 273 272 272 273 271 271 270 270 271 271 272 271 271 272 272 272 271 271 271 271 270 268 262 264 263 263 262 263 263 264 264 264 263 262 263 264 263 262 261 260 261 259 256 255 254 252 251 254 256 257 256 258 259 258 253 254 253 256 255 253
272 270 271 271 270 269 270 272 272 271 271 272 273 273 274 273 273 273 273 273 273 274 273 271 270 271 271 273 273 273 272 272 272 272 272 272 271 270 270 269 269 264 261 263 261 259 262 263 264 264 264 264 263 264 264 264 263 262 262 260 257 255 255 254 253 253 252 256 259 257 258 257 254 250 249 249 250 250 250
272 272 272 270 268 269 268 268 270 270 269 272 273 273 273 273 272 273 271 273 273 274 273 271 267 272 273 273 273 273 273 273 272 271 271 271 270 270 269 268 268 267 262 264 262 259 263 264 264 265 265 265 264 265 264 263 263 263 262 257 255 255 255 255 254 254 255 256 258 259 259 255 252 253 252 249 250 249 248
272 272 272 270 268 270 269 266 265 267 271 273 273 273 273 272 272 273 271 271 273 274 274 272 273 273 274 274 273 272 271 272 273 272 271 270 269 269 269 268 267 267 265 264 263 263 264 264 264 266 266 265 265 265 263 262 264 263 261 257 256 255 255 255 256 257 256 258 257 259 257 253 255 254 252 253 252 247 247
