Artocarpus altilis SDM files/Last interglacial/Environmental layers/bio16.asc
ncols  1201
nrows  481
xllcorner  119.99986351115
yllcorner  -15.00013864885
cellsize 0.041666667
NODATA_value  -9999
[rows 280 to 314 of 481, columns 546 to 623 of 1201]
1564 1628 1535 1496 1374 1089 1130 1125 1223 1254 1146 1026 982 1092 1303 1194 1129 1236 1191 1199 1075 1015 986 871 950 1026 1183 995 1023 1084 1174 1110 1052 1007 900 961 892 835 915 814 925 1133 994 966 1134 1162 1175 997 1124 994 895 925 884 1054 1008 1062 975 822 779 841 1007 935 837 655 706 780 728 834 694 561 517 648 609 759 560 572 722 709
1425 1480 1422 1400 1298 1190 1237 1251 1345 1360 1271 1165 1089 1033 1015 1287 1296 1103 1054 1098 1141 993 825 876 1105 1073 950 873 1023 1111 1193 1305 1229 1229 1304 1167 1144 1109 1090 1113 1027 1009 1112 1148 999 953 949 946 949 913 816 856 1007 963 966 1042 985 781 825 979 821 789 933 680 679 832 686 833 865 573 665 642 627 640 770 836 899 782
1366 1379 1356 1363 1385 1388 1401 1392 1320 1398 1298 1169 1129 1090 1006 1031 1295 1325 1289 1235 1258 1277 1030 939 972 1149 1177 1136 1136 1293 1294 1310 1316 1280 1288 1290 1293 1221 1160 1099 974 961 1027 925 945 1144 918 829 942 901 772 893 828 960 945 938 989 767 795 953 749 785 745 633 650 740 804 677 742 569 627 685 684 670 709 830 895 834
1211 1329 1287 1338 1364 1404 1521 1504 1549 1366 1269 1228 1160 1121 1058 1000 978 1112 1276 1319 1321 1351 1358 1379 1152 1048 1049 1192 1226 1441 1401 1488 1411 1321 1270 1238 1171 998 1028 1042 1140 1122 1081 1145 1035 1071 1087 1050 898 1125 936 1013 1038 821 849 906 986 1045 736 939 732 995 764 645 717 648 845 591 594 726 718 570 607 731 592 695 839 830
1108 1290 1257 1378 1316 1297 1439 1509 1387 1332 1377 1310 1218 1157 1120 1066 1000 935 966 1021 1057 1065 1141 1321 1402 1393 1348 1421 1483 1500 1250 1458 1404 1350 1324 1292 1263 1232 1128 1057 1039 1035 1006 1045 958 958 1072 1240 1081 890 1030 1075 1247 1042 808 829 812 831 808 879 835 997 866 688 627 678 597 656 816 858 707 608 701 803 671 583 668 791
1185 1298 1222 1274 1188 1238 1114 1250 1425 1563 1580 1467 1412 1354 1241 1098 1052 1000 942 949 1015 1046 1106 1227 1195 1388 1461 1407 1454 1511 1414 1471 1480 1488 1441 1378 1432 1325 1230 1182 1168 1189 1206 1110 976 867 834 1073 950 1103 1012 1140 1130 1043 1054 1086 989 848 760 836 875 781 808 680 622 570 677 872 845 857 750 706 654 730 743 673 676 683
1185 1163 1129 1182 1206 1288 1236 1171 1182 1575 1624 1576 1566 1524 1428 1271 1101 1083 1003 957 951 1006 1076 1144 1295 1137 1112 1392 1501 1488 1583 1582 1528 1452 1383 1356 1249 1195 1293 1386 1378 1327 1208 1122 1047 896 926 848 841 831 818 822 891 941 889 941 888 761 891 985 769 602 609 577 591 648 822 861 759 760 641 805 755 709 706 724 708 697
1104 1135 1161 1255 1186 1268 1223 1158 1151 1456 1660 1607 1576 1570 1570 1470 1253 1188 1126 1081 1034 1004 1032 1111 1215 1419 1345 1320 1359 1467 1589 1580 1537 1539 1247 1226 1526 1536 1518 1455 1358 1136 1107 1342 1031 1192 1080 886 862 939 842 861 800 835 789 774 815 782 789 884 783 580 825 607 672 834 897 729 674 640 759 803 770 705 688 666 692 708
1235 1143 1186 1226 1176 1183 1225 1204 1185 1198 1508 1572 1556 1538 1534 1467 1498 1458 1386 1275 1188 1075 1135 1107 1109 1168 1333 1496 1475 1580 1618 1558 1568 1569 1525 1261 1203 1206 1148 1086 1052 1195 1335 1430 1345 1300 1332 1168 1042 964 970 981 817 873 891 806 719 742 849 819 824 595 622 645 678 765 748 691 617 674 781 775 740 642 614 687 703 720
1190 1178 1140 1189 1164 1211 1175 1198 1205 1195 1255 1223 1365 1455 1490 1502 1508 1609 1587 1472 1227 1089 1037 1017 1050 1102 1094 1216 1500 1542 1573 1507 1499 1641 1598 1606 1489 1133 1066 1129 1200 1255 1413 1444 1390 1353 1337 1243 1056 1008 880 841 820 791 805 913 760 691 773 772 794 766 589 639 763 674 657 590 613 703 767 694 629 590 725 676 676 620
1142 1150 1197 1124 1188 1227 1198 1150 1184 1201 1239 1224 1246 1200 1226 1319 1330 1500 1623 1589 1444 1329 1313 1305 1161 1110 1187 1145 1266 1415 1483 1433 1426 1554 1649 1612 1625 1222 1401 1426 1348 1465 1396 1414 1388 1342 1276 1200 1129 996 950 949 985 945 982 944 844 664 702 661 615 610 675 765 764 676 529 515 641 729 766 550 711 708 746 628 617 539
1108 1170 1195 1098 1159 1238 1247 1223 1231 1193 1197 1212 1263 1285 1226 1206 1213 1229 1561 1581 1527 1516 1492 1490 1320 1363 1190 1242 1304 1250 1344 1412 1455 1405 1488 1624 1656 1412 1352 1195 1223 1255 1424 1367 1376 1320 1283 1216 1151 1151 1097 1037 917 869 905 795 771 814 721 679 739 614 827 731 660 635 558 619 660 734 739 564 737 749 748 724 677 625
1089 1206 1149 1163 1141 1168 1238 1172 1206 1220 1238 1235 1214 1303 1296 1286 1249 1241 1244 1447 1602 1614 1563 1581 1623 1578 1418 1353 1502 1407 1335 1424 1462 1440 1408 1357 1519 1481 1140 1180 1228 1297 1253 1331 1343 1313 1262 1261 1106 1068 1060 1045 1021 943 936 893 732 874 828 697 682 655 796 733 707 676 627 664 644 646 604 588 633 695 764 688 716 744
1061 1157 1155 1168 1176 1141 1206 1244 1249 1201 1226 1220 1212 1235 1258 1289 1290 1285 1276 1351 1601 1679 1609 1623 1641 1565 1521 1515 1473 1350 1353 1445 1522 1519 1460 1450 1450 1494 1516 1289 1168 1202 1195 1357 1327 1375 1206 1280 1099 982 953 951 918 915 947 915 811 734 709 754 721 639 730 769 699 699 650 645 712 700 733 747 741 706 723 645 598 652
1049 1135 1192 1137 1145 1161 1145 1253 1271 1214 1155 1169 1183 1258 1246 1267 1284 1310 1320 1353 1433 1754 1757 1750 1718 1694 1520 1558 1721 1583 1573 1657 1552 1564 1520 1389 1452 1722 1800 1739 1636 1383 1498 1480 1385 1415 1213 1183 1086 1004 965 931 903 876 912 943 945 848 782 799 743 714 740 723 732 681 645 579 661 700 751 786 783 757 765 724 743 679
1018 1160 1191 1120 1124 1152 1145 1201 1247 1209 1229 1220 1281 1276 1244 1254 1269 1291 1307 1333 1370 1578 1821 1857 1841 1857 1859 1913 1926 1901 1869 1804 1700 1603 1554 1588 1822 1866 1835 1687 1604 1636 1385 1432 1369 1271 1261 1087 1061 1008 969 947 912 890 896 895 891 935 807 820 755 712 812 709 666 609 613 629 595 636 660 664 667 710 797 714 713 590
1002 1121 1156 1129 1106 1110 1161 1163 1270 1226 1258 1319 1527 1439 1217 1279 1294 1299 1321 1345 1383 1419 1536 1823 1934 1925 1920 1949 2047 2099 2092 2055 1880 1709 1685 1768 1829 1732 1632 1575 1502 1461 1475 1423 1297 1276 1224 1125 1066 1021 987 955 917 896 892 869 850 864 930 778 765 804 802 793 664 706 730 677 654 644 700 778 714 709 810 684 548 778
983 1124 1124 1102 1120 1136 1126 1140 1215 1202 1232 1293 1436 1420 1283 1316 1316 1321 1338 1359 1406 1428 1477 1554 1705 1834 1827 1779 1841 1917 1850 1903 1826 1806 1675 1711 1660 1571 1640 1605 1501 1444 1435 1342 1288 1210 1182 1114 1062 1029 1003 955 934 935 892 872 830 803 861 745 759 744 708 749 693 685 682 663 701 716 706 808 854 818 772 684 602 831
977 1136 1074 1067 1167 1129 1186 1186 1193 1194 1224 1239 1279 1219 1205 1245 1309 1337 1332 1360 1417 1455 1456 1543 1569 1738 1874 1721 1588 1640 1671 1722 1796 1637 1677 1744 1649 1703 1603 1554 1488 1418 1369 1300 1265 1218 1186 1138 1058 1031 997 957 948 923 892 921 885 816 765 796 909 783 744 801 764 749 691 683 665 724 791 827 755 716 802 633 558 739
990 1103 1100 1054 1155 1142 1141 1176 1177 1149 1212 1249 1314 1275 1209 1248 1285 1312 1336 1385 1427 1419 1440 1517 1550 1655 1893 1898 1866 1828 1783 1807 1924 2012 1947 1728 1658 1633 1701 1561 1492 1450 1372 1304 1274 1222 1174 1109 1087 1059 1015 968 975 970 951 932 906 890 867 773 944 809 847 886 801 745 709 686 679 763 900 827 631 771 882 826 746 634
983 1066 1075 1064 1080 1103 1111 1125 1179 1157 1239 1245 1285 1308 1300 1301 1311 1320 1332 1376 1388 1414 1510 1562 1557 1598 1759 1891 1853 1830 1734 1747 1762 1855 1829 1817 1654 1632 1597 1548 1496 1453 1415 1304 1253 1206 1163 1136 1101 1074 1011 1020 1010 974 974 963 935 926 1009 862 908 840 865 880 850 799 832 670 650 845 934 800 749 853 936 776 676 720
983 1033 1048 1091 1059 1127 1145 1110 1148 1155 1193 1221 1276 1264 1315 1360 1353 1329 1343 1352 1345 1410 1437 1537 1527 1551 1621 1678 1685 1683 1713 1728 1756 1752 1757 1755 1671 1616 1609 1561 1489 1438 1367 1276 1235 1227 1153 1113 1087 1062 1073 1035 1030 1010 1017 985 971 970 972 1013 1028 1059 848 838 856 848 872 841 763 816 863 780 727 823 912 958 741 715
997 988 1053 1056 1033 1088 1149 1132 1120 1150 1186 1208 1254 1268 1260 1322 1302 1280 1310 1370 1350 1348 1414 1522 1464 1564 1581 1623 1638 1648 1671 1702 1723 1728 1711 1678 1644 1595 1573 1513 1451 1420 1410 1297 1261 1262 1187 1103 1075 1080 1050 1035 1046 1018 1011 1013 1025 1005 974 953 1068 1069 1018 890 863 892 780 858 950 735 686 673 742 830 990 870 664 749
946 976 972 1000 1008 1057 1107 1148 1147 1130 1172 1197 1228 1251 1179 1250 1225 1273 1319 1282 1289 1378 1368 1465 1469 1519 1551 1564 1600 1648 1670 1683 1699 1670 1660 1642 1618 1571 1535 1454 1426 1402 1413 1321 1299 1260 1186 1193 1112 1090 1028 1025 1020 1021 1009 1001 995 975 978 941 1060 1083 1104 1091 1009 870 805 933 950 939 769 723 712 802 925 919 891 719
931 974 982 976 1020 1034 1068 1105 1103 1120 1152 1184 1214 1258 1193 1230 1223 1279 1296 1296 1311 1358 1366 1405 1461 1502 1553 1567 1601 1617 1619 1633 1654 1594 1607 1655 1620 1558 1493 1439 1450 1385 1369 1299 1314 1274 -9999 1123 1132 1135 1019 1025 1024 1028 987 972 968 985 994 966 998 1070 1123 1161 1056 976 949 860 833 788 801 837 746 917 1050 1000 980 842
959 972 925 995 1024 1011 1048 1077 1092 1093 1134 1166 1191 1194 1193 1202 1229 1235 1212 1236 1286 1313 1340 1380 1434 1467 1524 1607 1639 1609 1589 1615 1606 1572 1558 1564 1542 1539 1437 1443 1406 1437 1361 -9999 -9999 -9999 -9999 1109 1123 1124 1021 1029 1005 1014 1003 1015 998 999 1000 965 1067 1109 1064 1121 992 1005 1023 1061 997 848 952 905 1018 1044 1068 1192 1078 890
912 917 943 1000 1012 996 1007 1047 1073 1098 1128 1157 1158 1164 1159 1174 1247 1248 1244 1252 1250 1274 1295 1347 1386 1445 1394 1430 1524 1593 1584 1566 1539 1545 1509 1558 1567 1522 1425 1497 1415 -9999 -9999 -9999 -9999 -9999 -9999 -9999 -9999 1040 1058 1081 1054 1035 1046 1064 1044 1043 1031 997 1092 1126 1098 1118 1099 1044 1122 1230 1172 1082 1155 1126 1067 940 1001 1226 1143 969
941 958 970 986 1007 952 991 1059 1089 1082 1112 1139 1152 1173 1155 1154 1166 1210 1247 1248 1261 1268 1283 1308 1320 1402 1374 1425 1453 1455 1512 1540 1527 1562 1473 1517 1517 -9999 1424 1394 1329 1322 -9999 -9999 -9999 -9999 -9999 -9999 -9999 1101 1093 1096 1088 1083 1045 1051 1044 1063 1077 1068 1067 1025 1050 1114 1118 1114 1180 1201 1174 1207 1272 1284 1165 1133 1285 1162 1165 1005
913 949 940 945 991 966 1014 1028 1023 1065 1079 1106 1123 1159 1164 1166 1166 1131 1170 1199 1193 1207 1246 1264 1278 1327 1363 1384 1436 1439 -9999 -9999 1437 1464 1450 1482 1445 -9999 -9999 -9999 1311 1281 1263 -9999 -9999 -9999 -9999 -9999 -9999 -9999 -9999 1082 1047 1055 1068 1088 1063 1091 1073 1081 1102 1117 1079 1188 1159 1117 1098 1131 1006 1321 1296 1249 1290 1207 1302 1078 1205 1163
922 938 905 968 997 981 1017 1045 1050 1009 1067 1090 1087 1108 1132 1181 1157 1143 1137 1135 1131 1191 1225 1234 1245 1268 1311 -9999 1353 1367 -9999 -9999 -9999 -9999 -9999 -9999 -9999 -9999 -9999 -9999 -9999 -9999 -9999 -9999 -9999 -9999 -9999 -9999 -9999 -9999 -9999 -9999 -9999 -9999 1065 -9999 -9999 1068 1075 1083 1098 1132 1187 1217 1091 1095 1113 1118 1131 1344 1351 1320 1194 1209 1195 1114 1155 1074
893 917 898 976 957 937 991 1023 1042 1042 1084 1052 1050 1101 1103 1167 1156 1162 1170 1175 1173 1177 1182 1189 1210 1249 1244 1246 -9999 -9999 -9999 -9999 -9999 -9999 -9999 -9999 -9999 -9999 -9999 -9999 -9999 -9999 -9999 -9999 -9999 -9999 -9999 -9999 -9999 -9999 -9999 -9999 -9999 -9999 -9999 -9999 -9999 -9999 -9999 -9999 -9999 -9999 1087 1139 1125 1170 1205 1215 1200 1338 1215 1127 1089 975 1061 1132 1184 1052
879 924 869 909 922 944 970 973 1020 1025 1059 1039 1083 1094 1092 1080 1093 1155 1157 1164 1172 1172 1179 1196 1197 1223 1238 1249 -9999 -9999 -9999 -9999 -9999 -9999 -9999 -9999 -9999 -9999 -9999 -9999 -9999 -9999 -9999 -9999 -9999 -9999 -9999 -9999 -9999 -9999 -9999 -9999 -9999 -9999 -9999 -9999 -9999 -9999 -9999 -9999 -9999 -9999 1072 1081 1103 1137 1139 1146 1168 1238 1156 1116 1000 923 908 1046 1075 940
846 869 855 873 895 916 947 959 975 1001 1005 1031 1066 1053 1079 1068 1063 1137 1160 1158 1135 1159 1173 1182 1187 1172 1170 1194 -9999 -9999 -9999 -9999 -9999 -9999 -9999 -9999 -9999 -9999 -9999 -9999 -9999 -9999 -9999 -9999 -9999 -9999 -9999 -9999 -9999 -9999 -9999 -9999 -9999 -9999 -9999 -9999 -9999 -9999 -9999 -9999 -9999 -9999 -9999 -9999 -9999 -9999 -9999 -9999 -9999 1109 1096 1075 995 964 1021 981 971 939
822 838 845 875 885 897 935 947 986 1015 991 1055 1062 1010 1031 1056 1049 1057 1088 1078 1072 1082 1123 1123 1126 1122 1136 1131 -9999 -9999 -9999 -9999 -9999 -9999 -9999 -9999 -9999 -9999 -9999 -9999 -9999 -9999 -9999 -9999 -9999 -9999 -9999 -9999 -9999 -9999 -9999 -9999 -9999 -9999 -9999 -9999 -9999 -9999 -9999 -9999 -9999 -9999 -9999 -9999 -9999 -9999 -9999 -9999 -9999 -9999 -9999 -9999 1045 1130 1096 1022 935 876
815 839 843 871 879 870 911 943 959 963 973 992 1016 1028 1067 1063 1063 1009 1038 1053 1058 1058 1055 1083 1087 1098 1102 -9999 -9999 -9999 -9999 -9999 -9999 -9999 -9999 -9999 -9999 -9999 -9999 -9999 -9999 -9999 -9999 -9999 -9999 -9999 -9999 -9999 -9999 -9999 -9999 -9999 -9999 -9999 -9999 -9999 -9999 -9999 -9999 -9999 -9999 -9999 -9999 -9999 -9999 -9999 -9999 -9999 -9999 -9999 -9999 -9999 -9999 964 962 922 877 827
