Artocarpus altilis SDM files/Last interglacial/Environmental layers/bio1.asc
ncols  1201
nrows  481
xllcorner  119.99986351115
yllcorner  -15.00013864885
cellsize 0.041666667
NODATA_value  -9999
[rows 315 to 349 of 481, columns 632 to 710 of 1201]
248 246 242 235 236 216 189 209 197 167 186 158 165 149 109 71 82 91 74 81 102 107 152 198 215 216 208 205 183 218 236 240 237 247 249 250 251 252 251 250 251 248 243 252 -9999 -9999 -9999 -9999 -9999 -9999 -9999 -9999 -9999 -9999 -9999 -9999 -9999 -9999 -9999 -9999 -9999 -9999 -9999 -9999 -9999 -9999 -9999 -9999 -9999 -9999 -9999 -9999 -9999 -9999 -9999 -9999 -9999 -9999 -9999
249 249 245 229 227 211 191 191 197 170 158 169 155 130 103 86 91 129 93 94 97 82 122 169 211 212 205 209 193 222 221 228 237 239 248 248 250 251 251 248 252 250 243 253 -9999 -9999 -9999 -9999 -9999 -9999 -9999 -9999 -9999 -9999 -9999 -9999 -9999 -9999 -9999 -9999 -9999 -9999 -9999 -9999 -9999 -9999 -9999 -9999 -9999 -9999 -9999 -9999 -9999 -9999 -9999 -9999 -9999 -9999 -9999
249 249 248 237 229 218 206 211 213 185 143 137 131 116 136 113 112 142 131 107 87 80 114 128 188 190 200 219 224 221 213 230 225 235 247 248 248 250 250 251 252 249 252 252 -9999 -9999 -9999 -9999 -9999 -9999 -9999 -9999 -9999 -9999 -9999 -9999 -9999 -9999 -9999 -9999 -9999 -9999 -9999 -9999 -9999 -9999 -9999 -9999 -9999 -9999 -9999 -9999 -9999 -9999 -9999 -9999 -9999 -9999 -9999
250 249 249 240 234 223 229 231 207 166 128 160 148 122 156 136 126 141 149 120 105 87 87 109 154 141 190 216 220 226 218 223 233 239 244 246 248 251 251 252 252 251 253 250 -9999 -9999 -9999 -9999 -9999 -9999 -9999 -9999 -9999 -9999 -9999 -9999 -9999 -9999 -9999 -9999 -9999 -9999 -9999 -9999 -9999 -9999 -9999 -9999 -9999 -9999 -9999 -9999 -9999 -9999 -9999 -9999 -9999 -9999 -9999
250 249 249 247 240 236 235 229 212 183 164 187 171 144 168 160 122 136 160 146 121 85 93 102 132 105 137 191 208 223 234 234 232 242 242 247 248 250 251 252 252 252 253 251 253 -9999 -9999 -9999 -9999 -9999 -9999 -9999 -9999 -9999 -9999 -9999 -9999 -9999 -9999 -9999 -9999 -9999 -9999 -9999 -9999 -9999 -9999 -9999 -9999 -9999 -9999 -9999 -9999 -9999 -9999 -9999 -9999 -9999 -9999
250 249 250 249 246 243 241 229 217 208 197 197 186 155 173 164 150 169 169 156 134 89 85 113 82 91 143 166 211 222 226 231 234 240 244 247 249 250 251 251 251 252 252 252 252 -9999 -9999 -9999 -9999 -9999 -9999 -9999 -9999 -9999 -9999 -9999 -9999 -9999 -9999 -9999 -9999 -9999 -9999 -9999 -9999 -9999 -9999 -9999 -9999 -9999 -9999 -9999 -9999 -9999 -9999 -9999 -9999 -9999 -9999
249 249 250 249 249 247 246 239 226 216 207 190 174 164 173 190 177 150 132 122 101 85 79 94 53 75 118 138 201 219 218 222 233 241 245 248 250 250 250 251 251 252 252 252 253 -9999 -9999 -9999 -9999 -9999 -9999 -9999 -9999 -9999 -9999 -9999 -9999 -9999 -9999 -9999 -9999 -9999 -9999 -9999 -9999 -9999 -9999 -9999 -9999 -9999 -9999 -9999 -9999 -9999 -9999 -9999 -9999 -9999 -9999
249 250 250 249 249 248 248 246 236 221 212 204 183 195 191 203 187 182 154 131 118 105 98 82 53 46 78 129 185 206 211 193 210 232 242 247 249 249 250 250 251 251 252 252 252 -9999 -9999 -9999 -9999 -9999 -9999 -9999 -9999 -9999 -9999 -9999 -9999 -9999 -9999 -9999 -9999 -9999 -9999 -9999 -9999 -9999 -9999 -9999 -9999 -9999 -9999 -9999 -9999 -9999 -9999 -9999 -9999 -9999 -9999
246 250 250 250 249 249 249 247 239 221 201 193 182 201 208 203 159 147 136 131 134 136 106 85 57 79 86 128 174 193 199 171 198 222 238 246 248 249 250 250 250 251 251 251 252 252 -9999 -9999 -9999 -9999 -9999 -9999 -9999 -9999 -9999 -9999 -9999 -9999 -9999 -9999 -9999 -9999 -9999 -9999 -9999 -9999 -9999 -9999 -9999 -9999 -9999 -9999 -9999 -9999 -9999 -9999 -9999 -9999 -9999
246 248 250 250 250 249 249 248 243 231 209 197 205 197 217 191 195 175 157 144 129 141 113 87 83 118 119 114 166 181 184 158 197 210 237 244 248 249 249 249 250 251 251 251 252 252 -9999 -9999 -9999 -9999 -9999 -9999 -9999 -9999 -9999 -9999 -9999 -9999 -9999 -9999 -9999 -9999 -9999 -9999 -9999 -9999 -9999 -9999 -9999 -9999 -9999 -9999 -9999 -9999 -9999 -9999 -9999 -9999 -9999
247 247 249 250 250 250 249 248 243 238 221 204 202 213 217 210 174 189 181 165 138 145 141 101 86 104 140 161 178 199 176 160 187 216 231 237 247 248 248 249 249 250 250 251 251 252 -9999 -9999 -9999 -9999 -9999 -9999 -9999 -9999 -9999 -9999 -9999 -9999 -9999 -9999 -9999 -9999 -9999 -9999 -9999 -9999 -9999 -9999 -9999 -9999 -9999 -9999 -9999 -9999 -9999 -9999 -9999 -9999 -9999
251 249 248 249 250 250 250 249 242 234 234 221 227 220 200 194 175 156 169 160 147 141 157 113 99 89 117 138 178 212 199 173 184 210 229 231 245 248 248 248 248 249 249 250 251 251 -9999 -9999 -9999 -9999 -9999 -9999 -9999 -9999 -9999 -9999 -9999 -9999 -9999 -9999 -9999 -9999 -9999 -9999 -9999 -9999 -9999 -9999 -9999 -9999 -9999 -9999 -9999 -9999 -9999 -9999 -9999 -9999 -9999
250 252 251 250 251 251 250 247 241 235 231 228 219 208 196 194 193 164 146 135 130 147 158 117 119 95 103 136 167 203 226 206 213 223 216 221 243 245 248 248 248 248 249 249 250 250 251 -9999 -9999 -9999 -9999 -9999 -9999 -9999 -9999 -9999 -9999 -9999 -9999 -9999 -9999 -9999 -9999 -9999 -9999 -9999 -9999 -9999 -9999 -9999 -9999 -9999 -9999 -9999 -9999 -9999 -9999 -9999 -9999
-9999 -9999 252 251 251 251 251 250 245 240 238 230 230 219 214 216 204 188 176 139 133 143 164 141 145 92 75 118 169 185 213 228 210 187 199 222 230 243 246 247 247 247 247 248 249 249 250 251 251 251 -9999 -9999 -9999 -9999 -9999 -9999 -9999 -9999 -9999 -9999 -9999 -9999 -9999 -9999 -9999 -9999 -9999 -9999 -9999 -9999 -9999 -9999 -9999 -9999 -9999 -9999 -9999 -9999 -9999
-9999 -9999 -9999 252 252 252 252 251 246 245 245 238 233 217 207 210 205 190 175 167 151 144 171 163 151 100 76 108 146 152 195 228 204 182 174 194 217 234 242 245 246 246 246 247 248 248 248 250 249 250 251 -9999 -9999 -9999 -9999 -9999 -9999 -9999 -9999 -9999 -9999 -9999 -9999 -9999 -9999 -9999 -9999 -9999 -9999 -9999 -9999 -9999 -9999 -9999 -9999 -9999 -9999 -9999 -9999
-9999 -9999 -9999 -9999 252 252 252 250 245 246 249 245 238 226 215 203 197 182 198 188 160 151 169 157 113 79 62 65 88 126 181 224 212 183 163 180 196 219 234 246 246 245 244 245 246 246 247 248 249 249 250 251 -9999 -9999 -9999 -9999 -9999 -9999 -9999 -9999 -9999 -9999 -9999 -9999 -9999 -9999 -9999 -9999 -9999 -9999 -9999 -9999 -9999 -9999 -9999 -9999 -9999 -9999 -9999
-9999 -9999 -9999 -9999 252 252 252 251 247 247 249 249 244 235 227 214 202 200 206 180 167 164 181 142 147 107 68 58 76 130 186 222 220 186 190 175 191 222 242 245 244 242 240 240 242 244 245 247 248 249 249 250 -9999 -9999 -9999 -9999 -9999 -9999 -9999 -9999 -9999 -9999 -9999 -9999 -9999 -9999 -9999 -9999 -9999 -9999 -9999 -9999 -9999 -9999 -9999 -9999 -9999 -9999 -9999
-9999 -9999 -9999 -9999 252 252 252 251 250 249 250 250 248 241 230 221 205 210 214 192 161 159 187 172 175 124 75 73 86 146 183 206 229 211 209 202 193 214 230 243 242 239 235 234 234 237 241 245 246 248 249 250 -9999 -9999 -9999 -9999 -9999 -9999 -9999 -9999 -9999 -9999 -9999 -9999 -9999 -9999 -9999 -9999 -9999 -9999 -9999 -9999 -9999 -9999 -9999 -9999 -9999 -9999 -9999
-9999 -9999 -9999 -9999 253 252 252 250 249 250 250 251 250 243 235 230 222 213 200 195 164 163 186 193 200 165 107 105 74 122 141 187 222 229 218 214 193 207 229 241 239 233 228 223 224 229 236 236 237 243 247 249 -9999 -9999 -9999 -9999 -9999 -9999 -9999 -9999 -9999 -9999 -9999 -9999 -9999 -9999 -9999 -9999 -9999 -9999 -9999 -9999 -9999 -9999 -9999 -9999 -9999 -9999 -9999
-9999 -9999 -9999 -9999 -9999 252 250 248 247 250 250 252 251 247 241 237 232 220 213 203 176 178 187 208 213 198 166 133 69 74 134 160 190 224 227 221 218 224 229 241 235 229 219 207 210 222 226 224 223 233 241 247 249 -9999 -9999 -9999 -9999 -9999 -9999 -9999 -9999 -9999 -9999 -9999 -9999 -9999 -9999 -9999 -9999 -9999 -9999 -9999 -9999 -9999 -9999 -9999 -9999 -9999 -9999
-9999 -9999 -9999 -9999 -9999 253 250 249 248 248 251 252 252 249 247 241 234 227 220 212 199 202 216 226 215 184 155 124 97 79 98 139 166 194 217 215 224 232 234 236 233 225 212 187 195 214 215 201 204 218 229 238 247 -9999 -9999 -9999 -9999 -9999 -9999 -9999 -9999 -9999 -9999 -9999 -9999 -9999 -9999 -9999 -9999 -9999 -9999 -9999 -9999 -9999 -9999 -9999 -9999 -9999 -9999
-9999 -9999 -9999 -9999 -9999 254 252 251 251 249 251 252 253 252 251 248 241 238 231 221 214 225 225 229 223 192 174 156 132 119 129 113 147 167 164 167 181 186 200 219 229 222 215 205 202 206 198 168 168 202 211 233 246 -9999 -9999 -9999 -9999 -9999 -9999 -9999 -9999 -9999 -9999 -9999 -9999 -9999 -9999 -9999 -9999 -9999 -9999 -9999 -9999 -9999 -9999 -9999 -9999 -9999 -9999
-9999 -9999 -9999 -9999 -9999 -9999 254 252 252 253 253 253 253 252 252 251 249 248 244 237 234 239 238 235 225 207 203 179 155 165 167 139 117 151 136 120 144 128 144 193 216 208 211 210 208 204 193 176 180 182 201 230 247 248 -9999 -9999 -9999 -9999 -9999 -9999 -9999 -9999 -9999 -9999 -9999 250 247 249 249 248 250 251 -9999 -9999 -9999 -9999 -9999 -9999 -9999
-9999 -9999 -9999 -9999 -9999 -9999 -9999 253 254 254 253 253 253 253 252 252 252 252 251 246 246 243 235 226 225 209 191 186 193 203 190 182 141 135 119 105 111 113 148 169 203 190 190 181 197 198 198 200 202 203 214 225 243 248 -9999 -9999 -9999 -9999 -9999 -9999 -9999 249 249 249 249 247 238 240 241 240 242 250 -9999 -9999 -9999 -9999 -9999 -9999 -9999
-9999 -9999 -9999 -9999 -9999 -9999 -9999 -9999 -9999 -9999 -9999 254 253 253 253 252 252 252 251 251 250 248 239 226 225 211 202 192 212 208 186 173 157 127 103 87 83 96 112 139 183 188 162 162 184 198 203 210 212 209 212 222 230 246 247 247 247 248 248 248 248 248 248 248 246 244 230 216 222 230 241 250 -9999 -9999 -9999 -9999 -9999 -9999 -9999
-9999 -9999 -9999 -9999 -9999 -9999 -9999 -9999 -9999 -9999 -9999 -9999 -9999 253 253 253 253 252 252 251 251 249 244 236 236 230 220 219 202 212 192 185 166 137 119 76 79 98 112 135 169 194 180 173 176 193 206 212 215 208 202 210 220 244 246 247 247 247 247 247 247 248 247 243 236 229 223 184 200 231 242 249 -9999 -9999 -9999 -9999 -9999 -9999 -9999
-9999 -9999 -9999 -9999 -9999 -9999 -9999 -9999 -9999 -9999 -9999 -9999 -9999 254 253 253 253 252 252 251 251 250 248 244 241 238 233 220 205 205 202 186 162 131 122 103 83 104 116 128 144 173 177 167 173 193 206 212 220 218 215 222 238 244 246 247 247 246 247 247 247 247 245 236 219 186 205 207 212 240 250 251 -9999 -9999 -9999 -9999 -9999 -9999 -9999
-9999 -9999 -9999 -9999 -9999 -9999 -9999 -9999 -9999 -9999 -9999 -9999 -9999 254 254 253 253 253 252 252 251 250 245 242 239 232 228 211 204 198 201 191 158 142 119 114 89 98 115 92 129 139 177 183 186 194 205 212 218 219 205 228 238 238 246 247 246 246 246 246 246 247 244 236 214 190 212 232 238 247 -9999 -9999 -9999 -9999 -9999 -9999 -9999 -9999 -9999
-9999 -9999 -9999 -9999 -9999 -9999 -9999 -9999 -9999 -9999 -9999 -9999 -9999 254 253 253 253 253 253 252 252 250 240 231 240 234 231 227 222 204 193 200 179 155 125 124 107 95 98 76 98 129 166 197 194 200 205 205 202 189 208 225 221 225 245 246 246 245 246 246 246 247 246 239 228 221 228 238 246 249 -9999 -9999 -9999 -9999 -9999 -9999 -9999 -9999 -9999
-9999 -9999 -9999 -9999 -9999 -9999 -9999 -9999 -9999 -9999 -9999 -9999 -9999 -9999 253 254 253 249 250 252 252 249 247 242 244 239 233 219 224 205 180 176 172 169 164 155 142 119 115 93 118 141 149 182 199 209 193 169 150 160 193 198 212 220 243 245 245 245 245 245 246 246 247 244 239 235 239 244 248 249 -9999 -9999 -9999 -9999 -9999 -9999 -9999 -9999 -9999
-9999 -9999 -9999 -9999 -9999 -9999 -9999 -9999 -9999 -9999 -9999 -9999 -9999 -9999 -9999 254 253 248 244 250 252 249 249 245 239 235 218 218 214 206 193 194 185 183 197 177 162 151 143 112 123 144 150 175 203 210 182 161 166 178 199 206 219 222 236 242 245 245 244 245 246 246 246 246 245 244 245 247 248 -9999 -9999 -9999 -9999 -9999 -9999 -9999 -9999 -9999 -9999
-9999 -9999 -9999 -9999 -9999 -9999 -9999 -9999 -9999 -9999 -9999 -9999 -9999 -9999 -9999 -9999 253 249 246 248 251 251 250 246 228 223 223 222 214 215 219 215 204 201 208 187 181 178 152 147 130 121 161 185 175 202 200 196 197 203 202 214 221 226 230 238 244 244 244 245 245 245 245 245 245 246 246 247 248 -9999 -9999 -9999 -9999 -9999 -9999 -9999 -9999 -9999 -9999
-9999 -9999 -9999 -9999 -9999 -9999 -9999 -9999 -9999 -9999 -9999 -9999 -9999 -9999 -9999 -9999 254 252 253 250 250 250 248 242 222 218 223 221 212 216 231 212 224 209 214 195 199 200 188 186 157 120 129 143 172 191 216 222 220 217 213 221 228 224 226 230 240 244 244 244 245 244 243 244 244 245 245 246 247 -9999 -9999 -9999 -9999 -9999 -9999 -9999 -9999 -9999 -9999
-9999 -9999 -9999 -9999 -9999 -9999 -9999 -9999 -9999 -9999 -9999 -9999 -9999 -9999 -9999 -9999 254 254 253 252 250 250 251 250 236 205 217 221 215 221 233 228 230 214 205 213 213 210 191 159 137 102 133 145 167 181 195 222 228 226 230 233 233 232 222 229 235 239 239 235 236 235 240 241 242 242 242 242 245 248 -9999 -9999 -9999 -9999 -9999 -9999 -9999 -9999 -9999
-9999 -9999 -9999 -9999 -9999 -9999 -9999 -9999 -9999 -9999 -9999 -9999 -9999 -9999 -9999 -9999 255 255 255 -9999 254 251 253 251 248 228 209 220 218 219 237 234 234 222 212 208 220 200 182 155 123 119 146 161 187 188 193 197 216 230 231 234 236 237 236 226 229 219 219 205 199 189 220 230 230 234 235 239 243 246 247 248 249 -9999 -9999 -9999 -9999 -9999 -9999
