Artocarpus altilis SDM files/Last interglacial/Environmental layers/bio2.asc
ncols  1201
nrows  481
xllcorner  119.99986351115
yllcorner  -15.00013864885
cellsize 0.041666667
NODATA_value  -9999
[rows 396 to 431 of 481, columns 320 to 399 of 1201]
-9999 45 45 45 -9999 -9999 -9999 -9999 -9999 -9999 -9999 -9999 -9999 -9999 -9999 -9999 -9999 -9999 -9999 -9999 -9999 -9999 -9999 -9999 -9999 -9999 -9999 -9999 -9999 -9999 -9999 -9999 -9999 -9999 -9999 -9999 -9999 -9999 -9999 -9999 -9999 -9999 -9999 -9999 -9999 -9999 -9999 -9999 -9999 -9999 -9999 -9999 -9999 -9999 -9999 -9999 -9999 -9999 -9999 -9999 -9999 -9999 -9999 -9999 -9999 -9999 -9999 -9999 -9999 -9999 -9999 -9999 -9999 -9999 21 20 -9999 -9999 -9999 -9999
-9999 48 47 47 -9999 -9999 -9999 -9999 -9999 -9999 -9999 -9999 -9999 -9999 -9999 -9999 -9999 -9999 -9999 -9999 -9999 -9999 -9999 -9999 -9999 -9999 -9999 -9999 -9999 -9999 -9999 -9999 -9999 -9999 -9999 -9999 -9999 -9999 -9999 -9999 -9999 -9999 -9999 -9999 -9999 -9999 -9999 -9999 -9999 -9999 -9999 -9999 -9999 -9999 -9999 -9999 -9999 -9999 -9999 -9999 -9999 -9999 -9999 -9999 -9999 -9999 -9999 -9999 -9999 -9999 -9999 -9999 -9999 22 21 -9999 -9999 -9999 -9999 -9999
-9999 49 -9999 -9999 -9999 -9999 -9999 -9999 -9999 -9999 -9999 -9999 -9999 -9999 -9999 -9999 -9999 -9999 -9999 -9999 -9999 -9999 -9999 -9999 -9999 -9999 -9999 -9999 -9999 -9999 -9999 -9999 -9999 -9999 -9999 -9999 -9999 -9999 -9999 -9999 -9999 -9999 -9999 -9999 -9999 -9999 -9999 -9999 -9999 -9999 -9999 -9999 -9999 -9999 -9999 -9999 -9999 -9999 -9999 -9999 -9999 -9999 -9999 -9999 -9999 -9999 25 -9999 -9999 -9999 -9999 -9999 23 22 -9999 -9999 -9999 -9999 -9999 -9999
54 53 53 53 -9999 -9999 -9999 -9999 -9999 -9999 -9999 -9999 -9999 -9999 -9999 -9999 -9999 -9999 -9999 -9999 -9999 -9999 -9999 -9999 -9999 -9999 -9999 -9999 -9999 -9999 -9999 -9999 -9999 -9999 -9999 -9999 -9999 -9999 -9999 -9999 -9999 -9999 -9999 -9999 -9999 -9999 -9999 -9999 -9999 -9999 -9999 -9999 -9999 -9999 -9999 -9999 -9999 -9999 -9999 -9999 -9999 -9999 -9999 -9999 -9999 26 -9999 -9999 -9999 25 25 24 24 -9999 -9999 -9999 -9999 -9999 -9999 -9999
56 55 55 54 -9999 -9999 -9999 -9999 -9999 -9999 -9999 -9999 -9999 -9999 -9999 -9999 -9999 -9999 -9999 -9999 -9999 -9999 -9999 -9999 -9999 -9999 -9999 -9999 -9999 -9999 -9999 -9999 -9999 -9999 -9999 -9999 -9999 -9999 -9999 -9999 -9999 -9999 -9999 -9999 -9999 -9999 -9999 -9999 -9999 -9999 -9999 -9999 -9999 -9999 -9999 -9999 -9999 -9999 -9999 -9999 -9999 -9999 -9999 29 28 27 -9999 -9999 27 26 25 25 -9999 -9999 -9999 -9999 -9999 -9999 -9999 -9999
58 57 -9999 -9999 -9999 -9999 -9999 -9999 -9999 -9999 -9999 -9999 -9999 -9999 -9999 -9999 -9999 -9999 -9999 -9999 -9999 -9999 -9999 -9999 -9999 -9999 -9999 -9999 -9999 -9999 -9999 -9999 -9999 -9999 -9999 -9999 -9999 -9999 -9999 -9999 -9999 -9999 -9999 37 -9999 -9999 -9999 -9999 -9999 -9999 -9999 -9999 -9999 -9999 -9999 -9999 -9999 -9999 -9999 -9999 -9999 -9999 30 30 29 -9999 -9999 28 27 27 -9999 -9999 -9999 -9999 -9999 -9999 -9999 -9999 -9999 -9999
60 62 -9999 -9999 -9999 -9999 -9999 -9999 -9999 -9999 60 60 60 -9999 -9999 -9999 -9999 -9999 -9999 -9999 -9999 -9999 -9999 -9999 -9999 -9999 -9999 -9999 -9999 -9999 -9999 -9999 -9999 -9999 -9999 -9999 -9999 -9999 -9999 -9999 -9999 -9999 -9999 37 -9999 -9999 -9999 -9999 -9999 -9999 -9999 -9999 -9999 -9999 -9999 -9999 -9999 -9999 -9999 -9999 -9999 -9999 32 31 -9999 -9999 -9999 29 -9999 -9999 -9999 -9999 -9999 -9999 -9999 -9999 -9999 -9999 24 -9999
64 63 64 -9999 63 -9999 -9999 -9999 63 63 62 62 62 62 61 -9999 -9999 -9999 -9999 -9999 -9999 -9999 -9999 -9999 -9999 -9999 -9999 -9999 -9999 -9999 -9999 -9999 -9999 -9999 -9999 -9999 -9999 -9999 -9999 -9999 -9999 -9999 -9999 -9999 -9999 -9999 -9999 -9999 -9999 -9999 -9999 -9999 -9999 -9999 -9999 -9999 -9999 -9999 -9999 -9999 34 34 33 32 -9999 32 31 -9999 -9999 -9999 -9999 -9999 -9999 -9999 -9999 -9999 26 25 24 -9999
66 66 65 65 66 66 66 66 65 65 65 65 64 64 -9999 -9999 -9999 -9999 -9999 -9999 -9999 -9999 -9999 -9999 -9999 -9999 -9999 -9999 -9999 -9999 -9999 -9999 -9999 -9999 -9999 -9999 -9999 -9999 -9999 -9999 -9999 -9999 -9999 -9999 -9999 -9999 -9999 -9999 -9999 -9999 -9999 -9999 -9999 -9999 -9999 -9999 -9999 -9999 -9999 -9999 36 35 35 -9999 33 -9999 -9999 -9999 -9999 -9999 -9999 -9999 -9999 -9999 -9999 28 27 26 -9999 -9999
68 68 68 68 68 68 68 68 68 68 68 67 -9999 -9999 -9999 -9999 67 -9999 -9999 -9999 -9999 -9999 -9999 -9999 -9999 -9999 -9999 -9999 -9999 -9999 -9999 -9999 -9999 -9999 -9999 -9999 -9999 -9999 -9999 -9999 -9999 -9999 -9999 -9999 -9999 -9999 -9999 -9999 -9999 -9999 -9999 -9999 -9999 -9999 -9999 -9999 -9999 -9999 -9999 38 37 37 -9999 -9999 -9999 -9999 -9999 -9999 -9999 -9999 -9999 -9999 -9999 -9999 -9999 29 -9999 -9999 -9999 25
71 71 71 71 70 70 70 70 70 70 70 70 69 70 70 69 68 68 68 -9999 -9999 -9999 -9999 -9999 -9999 -9999 -9999 -9999 -9999 -9999 -9999 -9999 -9999 -9999 -9999 -9999 -9999 -9999 -9999 -9999 -9999 -9999 -9999 -9999 -9999 -9999 -9999 -9999 -9999 -9999 -9999 -9999 -9999 -9999 -9999 -9999 -9999 -9999 41 40 39 -9999 38 37 -9999 -9999 -9999 -9999 -9999 -9999 -9999 -9999 33 32 31 30 -9999 29 -9999 -9999
73 73 73 73 72 73 72 72 73 72 72 72 72 71 71 71 71 70 70 69 -9999 -9999 -9999 -9999 -9999 -9999 -9999 -9999 -9999 -9999 -9999 -9999 -9999 -9999 -9999 -9999 -9999 -9999 -9999 -9999 -9999 49 48 -9999 -9999 -9999 -9999 -9999 -9999 -9999 -9999 -9999 -9999 -9999 -9999 -9999 43 42 42 42 -9999 -9999 -9999 -9999 -9999 -9999 -9999 -9999 -9999 -9999 -9999 -9999 -9999 -9999 32 -9999 31 30 -9999 -9999
75 75 75 75 75 75 75 75 74 74 74 74 74 74 74 73 73 73 72 71 -9999 -9999 70 -9999 -9999 -9999 -9999 -9999 -9999 -9999 -9999 -9999 59 58 57 -9999 -9999 -9999 -9999 -9999 -9999 -9999 -9999 -9999 -9999 -9999 -9999 -9999 -9999 -9999 -9999 -9999 -9999 45 45 45 45 44 44 44 43 42 -9999 -9999 -9999 -9999 -9999 -9999 -9999 -9999 38 37 -9999 35 34 33 -9999 -9999 -9999 -9999
77 77 77 77 77 77 77 76 76 76 76 76 76 76 76 75 75 74 74 74 73 73 72 71 -9999 -9999 -9999 -9999 -9999 -9999 -9999 63 61 60 59 58 57 56 55 -9999 -9999 -9999 -9999 -9999 -9999 -9999 -9999 -9999 -9999 -9999 -9999 -9999 -9999 48 47 47 46 46 46 45 -9999 -9999 -9999 -9999 -9999 -9999 -9999 42 41 40 39 38 38 37 36 35 34 -9999 -9999 -9999
79 79 79 79 79 78 79 78 78 79 78 78 78 78 78 78 77 77 76 76 76 75 74 73 72 71 71 -9999 69 67 66 65 63 62 61 60 59 59 57 56 -9999 -9999 -9999 -9999 -9999 -9999 -9999 -9999 -9999 -9999 -9999 -9999 51 50 50 49 49 49 48 -9999 -9999 -9999 -9999 -9999 -9999 -9999 44 43 43 41 41 40 40 39 38 37 36 35 -9999 -9999
81 81 81 81 81 81 81 80 81 80 80 80 80 80 79 80 79 79 78 78 77 77 76 75 74 73 72 71 70 69 68 67 66 65 64 63 61 61 60 58 -9999 -9999 -9999 -9999 -9999 -9999 -9999 55 54 54 -9999 53 53 52 52 52 51 51 -9999 -9999 -9999 -9999 -9999 49 48 -9999 -9999 -9999 -9999 44 43 42 41 41 39 39 38 37 -9999 -9999
83 83 82 82 82 83 82 82 82 82 82 82 82 81 81 81 81 80 80 79 79 78 78 77 76 75 74 73 72 71 70 69 68 67 66 65 64 63 62 -9999 -9999 -9999 -9999 -9999 -9999 -9999 -9999 57 56 56 56 56 55 55 55 54 53 -9999 -9999 -9999 53 52 51 51 50 -9999 -9999 -9999 47 46 45 44 43 43 42 41 39 38 -9999 -9999
84 84 84 84 84 84 84 84 84 84 84 83 83 83 83 83 83 82 82 81 81 80 79 79 78 77 76 75 74 73 72 71 70 69 68 67 66 65 64 64 -9999 -9999 -9999 -9999 -9999 60 60 59 59 59 58 58 58 57 57 57 -9999 -9999 -9999 56 55 54 53 53 -9999 -9999 51 50 49 48 47 47 45 44 43 42 41 40 39 -9999
85 85 85 86 85 85 85 85 85 85 85 85 85 85 85 84 84 83 83 82 82 82 81 80 80 79 78 76 76 75 74 73 72 71 70 69 68 67 67 66 66 -9999 -9999 64 63 63 62 62 61 61 61 61 60 60 60 60 -9999 -9999 58 58 57 57 56 -9999 55 55 -9999 -9999 -9999 49 49 47 47 46 45 44 43 41 40 40
87 87 87 87 86 87 87 87 86 86 86 86 86 86 86 86 85 85 85 84 84 84 83 82 81 80 80 79 78 77 76 75 74 73 72 71 71 70 69 68 68 67 66 66 65 65 65 64 64 64 63 63 63 63 62 62 61 62 61 60 60 59 58 58 57 57 -9999 -9999 -9999 -9999 -9999 -9999 49 48 47 46 45 43 42 40
88 88 88 88 88 88 88 88 88 88 88 87 88 87 87 87 87 86 86 86 85 85 84 83 83 82 81 81 79 79 78 77 76 75 74 73 73 72 71 70 70 69 69 68 68 67 67 67 67 66 66 66 65 65 65 64 64 63 63 63 62 62 61 60 59 58 -9999 -9999 -9999 -9999 -9999 52 52 50 49 48 47 45 43 42
89 89 89 89 89 89 89 89 89 89 89 89 89 88 88 88 88 88 87 87 87 86 86 85 84 84 83 82 81 80 80 79 78 77 76 75 75 74 73 73 72 72 71 71 71 70 70 69 69 69 68 68 68 68 67 67 66 66 66 65 65 64 63 62 -9999 -9999 -9999 -9999 -9999 -9999 -9999 55 54 52 51 50 48 47 45 44
90 90 90 90 90 90 90 90 90 90 90 90 90 90 90 89 89 89 89 88 88 88 87 87 86 85 84 83 83 82 81 80 80 79 78 78 77 76 76 75 75 74 74 74 73 73 72 72 72 72 71 71 71 70 70 70 69 69 68 67 67 66 66 65 65 -9999 -9999 -9999 -9999 -9999 -9999 57 55 54 53 51 50 48 47 45
91 91 91 91 91 91 91 91 91 91 91 91 91 91 91 90 90 90 90 89 89 89 89 87 87 87 86 85 85 84 83 82 82 81 80 80 79 78 78 77 77 77 76 76 75 75 75 75 74 74 74 73 73 73 72 72 72 71 70 70 69 69 68 67 -9999 66 65 64 -9999 61 60 59 57 56 55 53 51 50 48 46
92 92 92 92 92 92 92 92 92 92 92 92 92 92 92 92 91 91 91 91 90 90 90 89 89 88 87 86 86 85 85 84 84 83 82 82 81 80 80 80 79 78 78 78 78 78 77 77 76 76 76 75 76 75 75 74 74 73 73 72 72 71 70 69 69 67 66 65 64 63 62 60 59 57 56 55 53 51 49 48
93 93 93 93 93 93 93 93 93 93 93 93 93 93 93 92 92 92 92 92 91 91 91 90 90 90 89 88 88 87 86 86 85 84 84 83 83 83 82 82 81 81 81 80 80 80 79 79 79 79 78 78 78 77 77 77 76 76 75 74 74 73 72 71 70 69 68 67 66 65 63 62 60 59 57 56 54 53 51 49
94 94 94 94 94 94 94 94 94 94 94 93 94 93 93 93 93 93 93 92 92 92 92 91 91 91 90 90 89 89 88 87 87 87 86 85 85 84 84 84 83 83 83 82 82 82 81 81 81 81 80 80 80 80 79 79 78 78 77 76 76 75 74 73 72 71 70 69 68 67 65 64 62 61 59 57 55 54 52 50
94 94 94 94 94 94 94 94 94 95 94 94 94 94 94 94 94 94 93 94 93 93 93 92 92 92 91 91 90 90 90 89 89 88 88 87 87 86 86 85 85 85 85 84 84 84 83 83 83 83 83 82 82 82 81 81 80 80 79 78 77 77 76 75 74 73 72 71 69 68 67 65 63 62 60 58 56 54 53 51
95 95 95 95 95 95 95 95 95 95 95 95 95 95 95 95 94 94 94 94 94 94 93 93 93 93 92 92 92 91 91 90 90 89 89 89 88 88 88 87 87 87 87 86 86 85 85 85 85 85 84 84 84 83 83 83 82 82 81 80 79 78 78 76 76 74 73 72 71 69 68 66 64 63 61 59 57 55 53 51
96 95 96 96 96 96 96 96 96 96 96 96 96 96 95 96 95 95 95 95 95 95 94 94 94 94 93 93 93 92 92 92 91 91 90 90 89 89 89 89 89 88 88 88 88 87 87 87 87 87 86 86 86 85 85 84 84 83 82 82 81 79 79 78 77 76 74 73 72 70 68 67 65 63 62 60 58 56 54 52
96 96 96 96 96 96 96 96 97 96 96 96 96 96 96 96 96 96 96 96 95 95 95 95 95 94 94 94 94 93 93 93 92 92 92 91 91 91 91 91 90 90 90 90 89 89 89 89 88 88 88 87 87 87 86 85 85 84 84 83 82 81 80 79 78 77 75 74 72 71 69 68 66 64 62 60 58 56 55 52
97 97 97 97 97 97 97 97 97 97 97 97 97 97 97 97 97 97 97 96 96 96 96 96 95 95 95 95 94 94 94 94 93 93 93 93 92 92 92 92 92 92 91 91 91 91 90 90 90 89 89 89 88 88 87 87 86 85 85 84 83 82 81 80 79 77 76 75 73 71 69 68 66 65 63 60 59 56 54 -9999
97 97 97 97 97 97 97 97 97 97 97 97 97 97 97 97 97 97 97 97 97 97 97 96 96 96 96 95 95 95 95 95 94 94 94 94 94 93 93 93 93 93 92 92 92 92 91 91 91 91 90 90 90 89 89 88 87 87 86 85 84 83 82 81 79 78 77 75 73 72 70 68 66 65 63 61 59 56 55 -9999
97 98 98 98 98 98 98 98 98 98 98 98 98 98 98 98 98 98 98 98 97 97 97 97 97 97 96 96 96 96 96 95 95 95 95 95 95 95 95 94 94 93 93 93 93 93 92 92 92 92 92 91 91 90 89 89 88 88 87 86 85 83 82 81 79 78 76 75 73 72 70 68 66 64 62 60 -9999 -9999 54 -9999
98 98 98 98 98 98 98 98 98 98 98 98 98 98 98 98 98 98 98 98 98 97 98 98 97 97 97 97 97 97 96 96 96 96 96 96 96 95 95 95 95 95 94 94 94 94 93 93 93 93 92 92 91 91 90 89 89 88 87 86 85 84 82 81 80 78 76 75 73 72 69 68 66 64 62 60 58 -9999 -9999 -9999
98 98 98 98 98 98 98 98 98 98 99 99 99 99 99 99 99 99 99 99 98 98 98 98 98 98 98 98 97 97 97 97 97 97 96 97 96 96 96 96 96 95 95 95 95 95 95 94 94 93 93 93 92 91 91 90 89 88 87 86 85 84 83 81 80 78 76 75 73 71 69 67 65 63 61 60 57 55 53 -9999
