Artocarpus altilis SDM files/Last interglacial/Environmental layers/bio2.asc
ncols  1201
nrows  481
xllcorner  119.99986351115
yllcorner  -15.00013864885
cellsize 0.041666667
NODATA_value  -9999
[rows 180 to 215 of 481, columns 480 to 559 of 1201]
34 33 33 33 33 33 33 33 32 32 32 32 32 32 32 31 31 31 -9999 -9999 -9999 -9999 -9999 -9999 -9999 -9999 -9999 -9999 -9999 -9999 -9999 -9999 -9999 -9999 -9999 -9999 -9999 -9999 -9999 -9999 -9999 -9999 -9999 -9999 -9999 -9999 -9999 -9999 -9999 -9999 -9999 -9999 -9999 -9999 -9999 -9999 -9999 -9999 -9999 -9999 -9999 -9999 -9999 -9999 -9999 -9999 -9999 -9999 -9999 -9999 -9999 -9999 -9999 -9999 -9999 -9999 -9999 -9999 -9999 -9999
35 35 34 34 34 34 34 34 34 34 34 33 33 33 33 33 33 33 -9999 -9999 -9999 -9999 -9999 -9999 -9999 -9999 -9999 -9999 -9999 -9999 -9999 -9999 -9999 -9999 -9999 -9999 -9999 -9999 -9999 -9999 -9999 -9999 -9999 -9999 -9999 -9999 -9999 -9999 -9999 -9999 -9999 -9999 -9999 -9999 -9999 -9999 -9999 -9999 -9999 -9999 -9999 -9999 -9999 -9999 -9999 -9999 -9999 -9999 -9999 -9999 -9999 -9999 -9999 -9999 -9999 -9999 -9999 -9999 -9999 -9999
36 36 36 36 36 36 35 35 35 35 35 35 35 35 35 34 34 34 34 -9999 -9999 -9999 -9999 -9999 -9999 -9999 -9999 -9999 -9999 -9999 -9999 -9999 -9999 -9999 -9999 -9999 -9999 -9999 -9999 -9999 -9999 -9999 -9999 -9999 -9999 -9999 -9999 -9999 -9999 -9999 -9999 -9999 -9999 -9999 -9999 -9999 -9999 -9999 -9999 -9999 -9999 -9999 -9999 -9999 -9999 -9999 -9999 -9999 -9999 -9999 -9999 -9999 -9999 -9999 -9999 -9999 -9999 -9999 -9999 -9999
38 37 37 37 37 37 37 36 36 37 36 36 36 36 36 36 36 36 36 36 36 -9999 36 36 35 35 -9999 -9999 -9999 -9999 -9999 -9999 -9999 -9999 -9999 -9999 -9999 -9999 -9999 -9999 -9999 -9999 -9999 -9999 -9999 -9999 -9999 -9999 -9999 -9999 -9999 -9999 -9999 -9999 -9999 -9999 -9999 -9999 -9999 -9999 -9999 -9999 -9999 -9999 -9999 -9999 -9999 -9999 -9999 -9999 -9999 -9999 -9999 -9999 -9999 -9999 -9999 -9999 -9999 -9999
39 39 39 39 39 38 38 38 38 38 38 38 38 37 38 38 37 37 37 37 37 37 37 36 37 37 36 36 36 36 -9999 -9999 -9999 -9999 -9999 -9999 -9999 -9999 -9999 -9999 -9999 -9999 -9999 -9999 -9999 -9999 -9999 -9999 -9999 -9999 -9999 -9999 -9999 -9999 -9999 -9999 -9999 -9999 -9999 -9999 -9999 -9999 -9999 -9999 -9999 -9999 -9999 -9999 -9999 -9999 -9999 -9999 -9999 -9999 -9999 -9999 -9999 -9999 -9999 -9999
40 40 40 40 40 40 40 40 40 40 39 39 39 39 39 39 39 39 39 39 39 38 38 38 38 38 38 38 37 38 37 37 -9999 -9999 -9999 -9999 -9999 -9999 -9999 -9999 -9999 -9999 -9999 -9999 -9999 -9999 -9999 -9999 -9999 -9999 -9999 -9999 -9999 -9999 -9999 -9999 -9999 -9999 -9999 -9999 -9999 -9999 -9999 -9999 -9999 -9999 -9999 -9999 -9999 -9999 -9999 -9999 -9999 -9999 -9999 -9999 -9999 -9999 -9999 -9999
42 42 41 42 41 41 41 41 41 41 41 41 41 41 41 40 40 40 40 40 40 40 40 40 39 39 39 39 39 39 39 39 38 38 38 -9999 -9999 -9999 -9999 -9999 -9999 -9999 -9999 -9999 -9999 -9999 -9999 -9999 -9999 -9999 -9999 -9999 -9999 -9999 -9999 -9999 -9999 -9999 -9999 -9999 -9999 -9999 -9999 -9999 -9999 -9999 -9999 -9999 -9999 -9999 -9999 -9999 -9999 -9999 -9999 -9999 -9999 -9999 -9999 -9999
43 43 43 43 43 43 43 43 43 43 43 42 42 42 42 42 42 42 41 42 42 41 41 41 41 41 41 41 40 40 40 40 40 40 40 39 39 -9999 -9999 -9999 -9999 -9999 -9999 -9999 -9999 -9999 -9999 -9999 -9999 -9999 -9999 -9999 -9999 -9999 -9999 -9999 -9999 -9999 -9999 -9999 -9999 -9999 -9999 -9999 -9999 -9999 -9999 -9999 -9999 -9999 -9999 -9999 -9999 -9999 -9999 -9999 -9999 -9999 -9999 -9999
45 45 45 44 44 44 44 44 44 44 44 44 44 44 44 43 43 43 43 43 43 43 43 43 43 42 42 42 42 42 42 41 41 41 41 40 40 40 40 -9999 -9999 -9999 -9999 -9999 -9999 -9999 -9999 -9999 -9999 -9999 -9999 -9999 -9999 -9999 -9999 -9999 -9999 -9999 -9999 -9999 -9999 -9999 -9999 -9999 -9999 -9999 -9999 -9999 -9999 -9999 -9999 -9999 -9999 -9999 -9999 -9999 -9999 -9999 -9999 -9999
46 46 46 46 46 46 45 46 46 45 45 45 45 45 45 45 45 45 45 45 45 44 44 44 44 44 44 44 44 43 43 43 43 42 42 42 42 41 41 40 40 -9999 -9999 -9999 -9999 -9999 -9999 -9999 -9999 -9999 -9999 -9999 -9999 -9999 -9999 -9999 -9999 -9999 -9999 -9999 -9999 -9999 -9999 -9999 -9999 -9999 -9999 -9999 -9999 -9999 -9999 -9999 -9999 -9999 -9999 -9999 -9999 -9999 -9999 -9999
47 47 47 47 47 47 47 47 47 47 47 47 47 47 46 46 46 46 46 46 46 46 46 46 46 46 45 45 45 45 45 44 44 44 44 43 43 42 42 41 41 40 40 -9999 -9999 -9999 -9999 -9999 -9999 -9999 -9999 -9999 -9999 -9999 -9999 -9999 -9999 -9999 -9999 -9999 -9999 -9999 -9999 -9999 -9999 -9999 -9999 -9999 -9999 -9999 -9999 -9999 -9999 -9999 -9999 -9999 -9999 -9999 -9999 -9999
48 48 48 48 48 48 48 48 48 48 48 48 48 48 48 48 48 48 48 47 48 47 47 47 47 47 47 47 47 46 46 46 46 46 45 45 44 44 43 43 42 42 41 40 40 -9999 -9999 -9999 -9999 -9999 -9999 -9999 -9999 -9999 -9999 -9999 -9999 -9999 -9999 -9999 -9999 -9999 -9999 -9999 -9999 -9999 -9999 -9999 -9999 -9999 -9999 -9999 -9999 -9999 -9999 -9999 -9999 -9999 -9999 -9999
49 50 50 49 49 49 49 49 49 49 49 49 49 49 49 49 49 49 49 49 49 49 49 49 48 48 48 48 48 48 47 47 47 46 46 46 45 45 44 44 44 43 42 42 41 40 39 38 37 -9999 -9999 -9999 -9999 -9999 -9999 -9999 -9999 -9999 -9999 -9999 -9999 -9999 -9999 -9999 -9999 -9999 -9999 -9999 -9999 -9999 -9999 -9999 -9999 -9999 -9999 -9999 -9999 -9999 -9999 -9999
51 50 50 50 50 50 50 50 50 50 50 50 50 50 50 50 50 50 50 50 50 50 50 50 50 50 49 49 49 49 48 48 48 48 47 47 47 46 46 45 45 44 43 43 42 41 40 39 38 37 37 -9999 -9999 -9999 -9999 -9999 -9999 -9999 -9999 -9999 -9999 -9999 -9999 -9999 -9999 -9999 -9999 -9999 -9999 -9999 -9999 -9999 -9999 -9999 -9999 -9999 -9999 -9999 -9999 -9999
51 51 51 51 51 51 51 51 52 51 51 51 51 51 51 51 51 51 51 51 51 51 51 51 51 51 51 50 50 50 50 49 49 49 49 48 48 47 47 46 46 45 44 44 43 42 41 41 40 39 38 37 -9999 -9999 -9999 -9999 -9999 -9999 -9999 -9999 -9999 -9999 -9999 -9999 -9999 -9999 -9999 -9999 -9999 -9999 -9999 -9999 -9999 -9999 -9999 -9999 -9999 -9999 -9999 -9999
52 52 52 52 52 52 52 52 52 52 52 52 52 52 52 52 52 52 52 52 52 52 52 52 52 51 51 51 51 51 51 51 50 50 49 49 49 48 48 47 47 46 46 45 44 43 42 42 40 40 39 38 37 36 36 -9999 -9999 33 -9999 -9999 -9999 -9999 -9999 -9999 -9999 -9999 -9999 -9999 -9999 -9999 -9999 -9999 -9999 -9999 -9999 -9999 -9999 -9999 -9999 -9999
53 53 53 53 53 53 53 53 53 53 53 53 53 53 53 53 53 53 53 53 53 53 53 53 53 53 53 53 52 52 52 51 51 51 50 50 50 50 49 49 48 47 47 46 45 44 44 43 42 41 40 39 38 37 36 35 35 34 33 -9999 -9999 -9999 -9999 -9999 -9999 -9999 -9999 -9999 -9999 -9999 -9999 -9999 -9999 -9999 -9999 -9999 -9999 -9999 -9999 -9999
53 53 53 54 54 54 54 54 54 54 54 54 54 54 54 54 54 54 54 54 54 54 54 54 53 54 53 53 53 53 53 52 52 52 52 51 51 50 50 50 49 48 48 47 46 46 45 44 43 42 41 40 39 38 38 37 36 35 34 34 -9999 -9999 -9999 -9999 -9999 -9999 -9999 -9999 -9999 -9999 -9999 -9999 -9999 -9999 -9999 -9999 -9999 26 26 -9999
54 54 54 54 54 54 54 54 54 55 55 54 54 55 54 54 55 55 54 54 54 54 54 55 54 54 54 54 54 54 53 53 53 53 53 52 52 51 51 50 50 49 49 48 47 47 45 45 44 43 42 41 40 39 39 38 37 36 35 35 34 34 -9999 -9999 -9999 -9999 -9999 -9999 -9999 -9999 -9999 -9999 -9999 -9999 -9999 -9999 -9999 28 27 27
55 54 55 55 55 55 55 55 55 55 55 55 55 55 55 55 55 55 55 55 55 55 55 55 55 55 55 55 55 54 54 54 54 54 53 53 53 52 52 51 51 50 50 49 48 47 47 46 45 44 43 42 41 40 40 39 38 37 36 36 35 35 34 34 34 -9999 -9999 -9999 -9999 -9999 -9999 -9999 -9999 -9999 -9999 -9999 -9999 -9999 -9999 29
55 55 55 55 55 55 55 55 55 55 55 56 56 56 56 56 56 56 56 56 56 56 56 56 56 56 56 56 55 55 55 55 55 54 54 54 53 53 53 52 52 51 51 50 49 48 48 47 46 45 44 43 43 42 41 40 39 39 38 37 37 36 36 35 35 34 34 34 34 -9999 -9999 -9999 -9999 -9999 -9999 -9999 -9999 -9999 -9999 -9999
55 56 56 56 56 56 56 56 56 56 56 56 56 56 56 56 56 56 57 57 57 56 57 56 56 56 56 56 56 56 55 55 55 55 55 54 54 54 54 53 52 52 51 51 50 49 48 48 47 46 45 45 44 43 42 41 40 40 39 39 38 38 37 37 36 35 35 35 34 34 34 33 33 33 33 32 32 -9999 -9999 -9999
56 56 56 56 56 56 56 56 56 56 56 57 56 57 56 57 57 57 57 57 57 57 57 57 57 57 57 57 56 56 56 56 56 56 55 55 55 54 54 54 53 53 52 51 51 50 49 49 48 47 47 46 45 44 43 43 42 41 41 40 39 39 38 38 37 37 37 36 36 35 35 35 34 34 34 33 33 32 33 32
56 56 56 56 56 56 56 57 57 57 57 57 57 57 57 58 57 57 58 57 58 57 58 57 57 57 57 57 57 57 57 56 56 56 56 55 55 55 55 54 54 53 53 52 52 51 50 49 49 48 47 47 46 45 44 44 43 42 42 41 41 40 40 39 39 38 38 38 37 37 37 36 36 36 35 35 34 34 34 33
56 56 56 57 57 57 57 57 57 57 57 57 57 58 57 58 58 58 58 58 58 58 58 58 58 57 57 57 57 57 57 57 57 57 56 56 56 56 55 55 55 54 53 53 52 52 51 50 50 49 48 48 47 46 46 45 44 44 43 42 42 41 41 40 40 39 39 39 39 38 38 37 37 37 37 36 36 35 35 35
57 57 57 57 57 57 57 57 57 57 58 58 58 58 58 58 58 58 58 58 58 58 58 58 58 58 58 58 58 57 58 58 57 57 57 57 56 56 56 55 55 55 54 54 53 52 52 51 50 50 49 49 48 47 47 46 45 45 44 44 43 43 42 42 41 41 40 40 40 40 39 39 39 38 38 37 37 37 36 36
56 57 57 57 57 57 57 57 58 58 58 58 58 58 58 58 59 58 58 58 59 58 58 58 58 58 58 58 58 58 58 58 58 58 57 57 57 56 56 56 55 55 55 54 54 53 52 52 51 51 50 49 49 48 48 47 47 46 45 45 44 44 43 43 42 42 42 42 41 41 40 40 40 39 39 38 38 37 37 37
57 57 57 57 57 57 58 57 58 58 58 58 58 58 58 59 58 59 59 58 58 59 59 58 58 58 59 58 58 58 58 58 58 58 58 58 57 57 56 56 56 55 55 55 54 53 53 53 52 51 51 50 50 49 48 48 48 47 46 46 46 45 44 44 44 43 43 43 42 42 42 41 41 41 40 40 39 39 38 38
57 57 57 57 57 58 58 58 58 58 58 58 58 58 58 58 58 58 58 58 59 59 59 59 59 59 59 58 59 58 58 58 58 58 58 58 57 57 57 56 56 56 55 55 55 54 54 53 53 52 52 51 51 50 49 49 48 48 48 47 47 46 45 45 45 45 44 44 44 43 43 42 42 42 41 41 41 40 40 39
57 57 57 57 58 58 58 58 58 58 58 58 58 58 58 58 58 58 59 59 59 59 59 59 59 59 59 59 59 59 59 59 58 58 58 58 58 57 57 57 57 57 56 56 55 55 54 54 54 53 52 52 51 51 50 50 49 49 48 48 48 47 47 46 46 46 45 45 45 44 44 44 43 43 43 42 42 41 41 40
57 57 57 57 57 58 57 58 58 58 58 58 58 59 59 59 59 59 59 59 59 59 59 59 59 59 59 59 59 59 59 59 58 58 58 58 58 58 58 57 57 57 56 56 56 55 55 54 54 54 53 53 52 51 51 51 50 50 49 49 48 48 48 47 47 46 46 46 46 45 45 45 44 43 44 43 43 42 42 41
57 57 57 57 57 57 58 58 58 58 58 58 58 59 59 59 59 59 59 59 59 59 59 59 59 59 59 59 59 59 59 59 58 58 58 58 58 58 57 57 57 57 57 56 56 55 55 55 54 54 53 53 52 52 52 51 51 50 50 50 49 49 48 48 48 48 47 47 47 46 46 45 45 45 44 44 44 43 43 42
57 57 57 57 57 57 57 58 58 58 58 59 58 59 59 59 59 59 59 59 59 59 59 59 59 59 59 59 59 59 59 59 59 58 59 58 58 58 58 57 57 57 57 57 56 55 55 55 55 54 54 53 53 53 52 52 51 51 51 50 50 49 49 49 49 49 48 48 48 47 47 46 46 46 45 45 44 44 43 43
57 57 57 57 58 57 58 58 58 58 59 58 59 59 59 59 59 59 59 59 59 59 59 59 59 59 59 59 59 59 59 59 59 59 59 59 58 58 58 58 57 57 57 56 56 56 56 55 55 54 54 54 53 53 53 52 52 52 51 51 51 50 50 50 49 49 49 48 48 48 47 47 47 46 46 46 45 45 44 44
57 57 57 57 57 57 58 58 58 58 58 58 58 58 59 59 59 59 59 59 59 59 59 59 59 59 59 59 59 59 59 59 59 59 59 58 58 58 58 57 57 57 57 56 56 56 55 55 55 55 54 54 53 53 53 53 53 52 52 51 51 51 51 50 50 50 49 49 49 49 48 48 48 47 47 46 46 45 45 45
57 57 57 57 57 58 58 58 58 58 58 58 58 59 59 59 59 59 59 59 59 59 59 59 59 59 59 59 59 59 59 59 59 59 58 58 58 58 58 57 57 57 57 56 56 56 56 55 55 55 55 54 54 54 53 53 53 53 52 52 52 51 51 51 51 50 50 50 50 49 49 49 48 48 48 47 47 46 46 45
