Artocarpus altilis SDM files/Last interglacial/Environmental layers/bio2.asc
ncols  1201
nrows  481
xllcorner  119.99986351115
yllcorner  -15.00013864885
cellsize 0.041666667
NODATA_value  -9999
[rows 144 to 179 of 481, columns 0 to 79 of 1201]
44 44 44 44 44 44 44 43 43 43 42 41 -9999 -9999 -9999 -9999 -9999 -9999 -9999 -9999 -9999 -9999 -9999 -9999 -9999 -9999 -9999 -9999 -9999 -9999 -9999 -9999 -9999 33 32 32 31 31 31 31 30 30 30 29 29 29 29 28 28 28 27 27 27 27 27 27 27 27 28 28 28 28 28 28 28 28 28 -9999 -9999 -9999 -9999 -9999 -9999 -9999 -9999 26 26 25 25 24
45 45 45 45 45 45 45 45 44 43 43 42 42 -9999 -9999 -9999 -9999 -9999 -9999 -9999 -9999 -9999 -9999 -9999 -9999 -9999 -9999 -9999 -9999 -9999 -9999 -9999 34 34 33 33 33 32 32 31 31 31 31 30 30 29 29 29 28 28 28 28 28 27 27 27 28 27 27 28 28 28 28 28 28 28 28 -9999 -9999 -9999 -9999 -9999 -9999 -9999 -9999 -9999 26 25 24 24
46 46 46 46 46 46 46 45 45 45 44 43 43 43 -9999 -9999 -9999 -9999 -9999 -9999 -9999 -9999 -9999 -9999 -9999 -9999 -9999 -9999 -9999 -9999 -9999 35 35 34 34 34 34 33 33 32 32 31 31 31 30 30 30 29 29 28 28 28 28 28 28 27 28 28 28 28 27 28 28 28 28 28 28 -9999 -9999 -9999 -9999 -9999 -9999 -9999 -9999 -9999 -9999 25 24 24
46 47 47 47 47 47 46 46 46 46 45 45 44 44 -9999 -9999 -9999 -9999 -9999 -9999 -9999 -9999 -9999 -9999 -9999 -9999 -9999 -9999 -9999 -9999 37 37 36 36 36 35 35 34 34 33 33 32 32 32 31 31 30 30 29 29 29 29 28 28 28 28 28 28 28 28 28 28 28 28 28 27 -9999 -9999 -9999 -9999 -9999 -9999 -9999 -9999 -9999 -9999 -9999 -9999 -9999 -9999
47 48 48 48 48 47 48 47 47 46 46 46 45 45 -9999 -9999 -9999 -9999 -9999 -9999 -9999 -9999 -9999 -9999 -9999 -9999 -9999 -9999 -9999 -9999 38 37 37 37 36 36 36 35 35 34 33 33 33 32 32 31 31 30 30 29 29 29 29 28 28 28 28 27 28 28 28 28 28 27 27 28 -9999 -9999 -9999 -9999 -9999 -9999 -9999 -9999 -9999 25 25 -9999 23 23
48 48 48 49 49 49 48 48 48 48 47 47 46 46 -9999 -9999 -9999 -9999 -9999 -9999 -9999 -9999 -9999 -9999 -9999 -9999 -9999 -9999 -9999 40 39 39 38 38 37 37 37 36 36 35 34 34 33 33 33 32 31 31 30 30 29 29 29 28 28 28 28 28 28 27 27 27 27 27 -9999 -9999 -9999 -9999 -9999 27 27 27 26 26 26 25 24 -9999 23 23
49 49 49 50 49 49 49 49 49 48 48 48 47 47 -9999 -9999 -9999 -9999 -9999 -9999 -9999 -9999 -9999 -9999 -9999 -9999 -9999 -9999 41 41 41 40 40 39 39 38 38 37 37 36 35 35 34 33 33 32 32 31 30 30 29 29 29 29 28 28 28 28 27 27 27 27 27 27 -9999 -9999 -9999 -9999 26 27 26 26 26 26 25 25 24 24 23 22
49 49 50 50 50 50 50 50 50 49 49 49 48 48 48 -9999 -9999 -9999 -9999 -9999 -9999 -9999 -9999 -9999 -9999 -9999 -9999 -9999 42 42 42 41 41 40 40 39 39 38 38 37 36 36 35 34 33 33 32 31 31 30 29 29 29 29 28 28 28 28 28 27 27 27 27 -9999 -9999 -9999 -9999 26 26 26 26 26 26 25 25 25 24 24 22 22
50 50 51 51 51 51 51 51 50 50 50 50 49 49 48 48 -9999 -9999 -9999 -9999 -9999 -9999 -9999 -9999 -9999 -9999 -9999 44 44 43 43 43 42 41 41 40 40 39 38 37 37 36 35 35 34 33 33 32 31 30 30 29 29 29 28 28 28 28 27 27 27 27 -9999 -9999 -9999 -9999 -9999 26 26 26 26 25 25 25 24 24 23 -9999 22 22
51 51 51 51 52 52 52 52 51 51 51 51 50 50 49 49 -9999 48 48 48 47 -9999 -9999 -9999 -9999 -9999 -9999 45 44 44 44 43 43 42 42 41 41 40 39 39 38 37 36 35 35 34 33 32 32 31 30 30 29 29 28 28 28 28 27 27 27 -9999 -9999 -9999 -9999 -9999 -9999 26 26 25 25 25 25 24 24 24 23 22 22 22
51 52 52 52 52 52 53 52 52 52 52 52 51 51 50 50 50 49 49 49 48 48 48 48 48 -9999 47 46 46 45 45 45 44 44 43 42 42 41 40 39 38 37 37 36 35 34 33 33 32 31 30 30 29 28 28 28 27 27 27 27 -9999 -9999 -9999 -9999 -9999 -9999 26 25 25 25 25 25 24 24 -9999 23 23 22 22 21
52 52 52 53 53 53 53 53 53 53 53 53 52 52 51 51 50 50 50 49 49 49 49 48 48 48 47 47 46 47 46 46 45 44 44 43 43 42 41 40 39 38 37 36 35 35 34 33 32 31 30 30 29 29 28 28 27 27 27 -9999 -9999 -9999 -9999 -9999 -9999 -9999 25 25 25 24 24 24 24 24 -9999 22 22 22 21 21
52 53 53 53 54 54 54 54 53 53 53 53 53 52 52 52 52 51 50 50 50 50 50 50 49 49 48 48 47 47 47 46 46 45 44 44 43 42 42 41 40 39 38 37 36 35 34 33 32 32 30 30 29 28 28 27 27 27 -9999 -9999 -9999 -9999 -9999 -9999 -9999 -9999 25 25 24 24 24 23 23 -9999 -9999 22 22 21 21 21
53 53 54 54 54 54 55 55 54 54 54 54 53 53 53 52 52 52 52 51 51 51 51 51 50 50 49 49 49 48 48 47 47 46 45 45 44 43 42 41 40 39 38 37 36 35 34 33 32 31 31 30 29 28 27 27 27 27 -9999 -9999 -9999 -9999 -9999 -9999 -9999 -9999 24 24 24 24 23 23 23 -9999 -9999 22 21 21 -9999 -9999
54 54 54 55 55 55 55 55 55 55 54 55 54 54 53 53 53 53 52 52 52 52 51 51 51 51 50 50 49 49 48 48 47 47 46 45 45 44 43 42 41 40 39 38 37 36 34 34 32 32 31 30 29 28 28 27 -9999 -9999 -9999 -9999 -9999 -9999 -9999 -9999 -9999 -9999 24 -9999 24 23 23 23 -9999 -9999 22 21 21 21 -9999 -9999
54 55 55 55 56 55 56 56 55 55 55 55 55 54 54 54 54 53 53 53 53 52 52 52 52 51 51 50 50 50 49 48 48 47 47 46 45 44 44 43 41 40 39 38 37 36 35 34 33 32 31 30 29 28 -9999 -9999 -9999 -9999 -9999 -9999 -9999 -9999 -9999 -9999 -9999 -9999 -9999 23 23 23 23 -9999 -9999 -9999 21 21 21 20 20 -9999
55 55 56 56 56 56 56 56 56 56 56 56 55 55 55 54 54 54 53 53 53 53 53 52 52 52 52 51 51 50 50 49 49 48 47 47 46 45 44 43 42 41 39 38 37 36 35 34 33 31 31 -9999 29 -9999 -9999 -9999 -9999 -9999 -9999 -9999 -9999 -9999 -9999 -9999 -9999 -9999 -9999 -9999 -9999 -9999 -9999 -9999 -9999 -9999 -9999 20 20 20 19 -9999
55 55 56 56 56 56 56 56 56 56 56 56 56 55 55 55 55 55 54 54 54 54 53 53 53 53 52 52 51 51 50 50 49 48 48 47 46 45 44 43 42 41 40 38 37 36 35 34 -9999 -9999 -9999 -9999 -9999 -9999 -9999 -9999 -9999 -9999 -9999 -9999 -9999 -9999 -9999 -9999 -9999 -9999 -9999 -9999 -9999 -9999 -9999 -9999 -9999 -9999 -9999 -9999 -9999 -9999 -9999 18
56 56 56 57 57 57 57 57 57 57 57 56 56 56 56 55 55 55 55 55 54 54 54 54 53 53 53 52 51 51 51 50 50 49 48 47 46 45 44 43 42 41 40 39 37 37 -9999 -9999 -9999 -9999 -9999 -9999 -9999 -9999 -9999 -9999 -9999 -9999 -9999 -9999 -9999 -9999 -9999 -9999 -9999 -9999 -9999 -9999 -9999 -9999 -9999 -9999 -9999 -9999 -9999 -9999 -9999 -9999 18 18
56 56 56 57 57 57 57 57 57 57 57 57 56 56 56 56 56 55 55 55 55 55 54 54 54 53 53 53 52 52 51 50 50 49 48 48 47 46 45 44 43 41 40 -9999 -9999 -9999 -9999 -9999 -9999 -9999 -9999 -9999 -9999 -9999 -9999 -9999 -9999 -9999 -9999 -9999 -9999 -9999 -9999 -9999 -9999 -9999 -9999 -9999 -9999 -9999 -9999 -9999 -9999 20 20 19 -9999 -9999 18 18
56 57 57 57 57 57 58 57 57 57 57 57 57 56 56 56 56 56 56 55 55 55 55 54 54 54 53 53 52 52 52 51 50 49 49 48 47 46 45 44 43 41 41 -9999 -9999 -9999 -9999 -9999 -9999 -9999 -9999 -9999 -9999 -9999 -9999 -9999 -9999 -9999 -9999 -9999 -9999 -9999 -9999 -9999 -9999 -9999 -9999 -9999 -9999 -9999 -9999 -9999 -9999 20 19 18 18 18 18 18
57 57 57 57 58 58 58 58 58 57 57 57 57 57 56 56 56 56 56 55 55 55 55 55 55 54 54 53 53 53 52 51 51 50 49 48 47 46 45 44 43 42 -9999 -9999 -9999 -9999 -9999 -9999 -9999 -9999 -9999 -9999 -9999 -9999 -9999 -9999 -9999 -9999 -9999 -9999 -9999 -9999 -9999 -9999 -9999 -9999 -9999 -9999 -9999 -9999 -9999 -9999 -9999 19 18 18 -9999 -9999 -9999 -9999
57 57 57 58 58 58 58 58 58 58 58 57 57 57 57 57 56 56 56 56 56 55 55 55 55 54 54 53 53 53 52 52 51 50 49 48 47 47 45 44 43 42 -9999 -9999 -9999 -9999 -9999 -9999 -9999 -9999 -9999 -9999 -9999 -9999 -9999 -9999 -9999 -9999 -9999 -9999 -9999 -9999 -9999 -9999 -9999 -9999 -9999 -9999 -9999 -9999 -9999 -9999 -9999 18 18 -9999 -9999 -9999 -9999 -9999
57 57 57 58 58 58 58 58 58 58 58 57 57 57 57 57 56 56 56 56 56 55 55 55 55 54 54 54 53 53 52 52 51 50 50 48 48 47 46 44 43 -9999 -9999 -9999 -9999 -9999 -9999 -9999 -9999 -9999 -9999 -9999 -9999 -9999 -9999 -9999 -9999 -9999 -9999 -9999 -9999 -9999 -9999 -9999 -9999 -9999 -9999 -9999 -9999 -9999 -9999 -9999 -9999 18 18 18 -9999 -9999 -9999 -9999
57 57 58 58 58 58 58 58 58 58 58 57 57 57 57 57 57 56 56 56 56 55 55 55 54 54 54 54 53 53 52 52 51 50 50 -9999 -9999 47 -9999 44 -9999 -9999 -9999 -9999 -9999 -9999 -9999 -9999 -9999 -9999 -9999 -9999 -9999 -9999 -9999 -9999 -9999 -9999 -9999 -9999 -9999 -9999 -9999 -9999 -9999 -9999 -9999 -9999 -9999 -9999 -9999 -9999 -9999 -9999 -9999 -9999 -9999 -9999 -9999 -9999
57 58 58 58 58 58 58 58 58 58 57 57 57 57 57 56 56 56 56 56 56 55 55 55 55 54 54 54 53 53 52 51 51 51 50 49 -9999 -9999 -9999 -9999 -9999 -9999 -9999 -9999 -9999 -9999 -9999 -9999 -9999 -9999 -9999 -9999 -9999 -9999 -9999 -9999 -9999 -9999 -9999 -9999 -9999 -9999 -9999 -9999 -9999 -9999 -9999 -9999 -9999 -9999 -9999 -9999 -9999 -9999 -9999 -9999 -9999 -9999 -9999 -9999
57 58 58 58 58 58 58 58 57 58 58 57 57 57 57 56 56 56 56 56 56 55 55 55 54 54 54 54 53 53 52 52 51 51 50 49 48 -9999 -9999 -9999 -9999 -9999 -9999 -9999 -9999 -9999 -9999 -9999 -9999 -9999 -9999 -9999 -9999 -9999 -9999 -9999 -9999 -9999 -9999 -9999 -9999 -9999 -9999 -9999 -9999 -9999 -9999 -9999 -9999 -9999 -9999 -9999 -9999 -9999 -9999 -9999 -9999 -9999 -9999 -9999
58 58 58 58 58 58 58 58 58 58 58 57 57 57 57 56 56 56 56 56 55 55 55 55 54 54 54 54 53 53 52 52 51 50 50 49 48 -9999 -9999 -9999 -9999 -9999 -9999 -9999 -9999 -9999 -9999 -9999 -9999 -9999 -9999 -9999 -9999 -9999 -9999 -9999 -9999 -9999 -9999 -9999 -9999 -9999 -9999 -9999 -9999 -9999 -9999 -9999 -9999 -9999 -9999 -9999 -9999 -9999 -9999 -9999 -9999 -9999 -9999 16
58 58 58 58 58 58 58 57 58 57 57 57 56 57 56 56 56 56 56 55 55 55 55 54 54 54 54 53 53 53 52 52 51 50 50 49 48 -9999 -9999 -9999 -9999 -9999 -9999 -9999 -9999 -9999 -9999 -9999 -9999 -9999 -9999 -9999 -9999 -9999 -9999 -9999 -9999 -9999 -9999 -9999 -9999 -9999 -9999 -9999 -9999 -9999 -9999 -9999 -9999 -9999 -9999 -9999 -9999 -9999 -9999 -9999 -9999 -9999 -9999 -9999
58 58 58 58 58 58 58 57 57 57 57 57 57 56 56 56 56 55 55 55 55 55 54 54 54 54 53 53 53 53 52 52 51 50 49 49 48 47 46 45 43 42 -9999 -9999 -9999 -9999 -9999 -9999 -9999 -9999 -9999 -9999 -9999 -9999 -9999 -9999 -9999 -9999 -9999 -9999 -9999 -9999 -9999 -9999 -9999 -9999 -9999 -9999 -9999 -9999 -9999 -9999 -9999 -9999 -9999 16 -9999 -9999 -9999 -9999
58 58 58 58 58 58 58 57 57 57 57 57 56 56 56 56 56 55 55 55 55 54 54 54 54 54 54 53 53 53 52 51 51 50 50 49 48 47 46 44 43 42 -9999 -9999 -9999 -9999 -9999 -9999 -9999 -9999 -9999 -9999 -9999 -9999 -9999 -9999 -9999 -9999 -9999 -9999 -9999 -9999 -9999 -9999 -9999 -9999 -9999 -9999 -9999 -9999 -9999 -9999 -9999 -9999 -9999 16 -9999 -9999 -9999 -9999
58 58 57 58 58 57 57 57 57 57 57 56 56 56 56 55 55 55 55 54 54 54 54 54 53 53 53 53 53 52 52 51 51 50 49 49 47 47 45 44 43 42 41 -9999 -9999 -9999 -9999 -9999 -9999 -9999 -9999 -9999 -9999 -9999 -9999 -9999 -9999 -9999 -9999 -9999 -9999 -9999 -9999 -9999 -9999 -9999 -9999 -9999 -9999 -9999 -9999 -9999 -9999 -9999 -9999 -9999 -9999 -9999 -9999 -9999
58 58 58 57 57 57 57 57 57 57 56 56 56 55 55 55 55 54 54 54 54 54 53 53 54 53 53 52 52 52 51 51 50 50 49 48 48 47 46 44 43 42 40 40 -9999 -9999 -9999 -9999 -9999 -9999 -9999 -9999 -9999 -9999 -9999 -9999 -9999 -9999 -9999 -9999 -9999 -9999 -9999 -9999 -9999 -9999 -9999 -9999 -9999 -9999 -9999 -9999 -9999 -9999 -9999 -9999 -9999 -9999 -9999 -9999
58 57 57 57 57 57 57 56 56 56 56 55 55 55 54 54 54 54 53 53 53 53 53 53 53 53 52 52 52 52 51 51 50 50 49 48 48 47 45 44 43 42 40 39 38 -9999 -9999 -9999 -9999 -9999 -9999 -9999 -9999 -9999 -9999 -9999 -9999 -9999 -9999 -9999 -9999 -9999 -9999 -9999 -9999 -9999 -9999 -9999 -9999 -9999 -9999 -9999 -9999 -9999 -9999 -9999 -9999 -9999 -9999 -9999
58 57 57 57 57 57 56 56 56 56 55 55 55 54 54 54 54 53 53 53 53 53 52 52 52 52 52 52 51 51 51 51 50 50 49 48 47 46 46 44 43 42 41 39 38 -9999 -9999 -9999 -9999 -9999 -9999 -9999 -9999 -9999 -9999 -9999 -9999 -9999 -9999 -9999 -9999 -9999 -9999 -9999 -9999 -9999 -9999 -9999 -9999 -9999 -9999 -9999 -9999 -9999 -9999 -9999 -9999 -9999 -9999 -9999
57 57 57 56 56 56 56 56 55 55 55 54 54 54 54 53 53 53 53 52 52 52 52 52 52 52 52 51 51 51 51 50 50 50 49 48 47 46 45 44 43 42 41 39 38 37 -9999 -9999 -9999 -9999 -9999 -9999 -9999 -9999 -9999 -9999 -9999 -9999 -9999 -9999 -9999 -9999 -9999 -9999 -9999 -9999 -9999 -9999 -9999 -9999 -9999 -9999 -9999 -9999 -9999 -9999 -9999 -9999 -9999 -9999
