Artocarpus altilis SDM files/Last interglacial/Environmental layers/bio2.asc
ncols  1201
nrows  481
xllcorner  119.99986351115
yllcorner  -15.00013864885
cellsize 0.041666667
NODATA_value  -9999
[rows 432 to 467 of 481, columns 240 to 319 of 1201]
-9999 -9999 -9999 52 54 57 59 62 64 67 69 71 73 75 77 78 79 81 82 84 85 86 87 88 88 89 90 91 91 92 92 93 93 94 94 94 95 95 95 95 96 95 96 96 96 96 96 97 97 97 97 97 97 97 97 97 98 98 98 98 98 98 98 98 98 98 98 99 98 99 99 99 98 99 99 99 99 99 99 99
-9999 -9999 -9999 53 56 58 61 63 65 67 69 72 74 76 78 79 81 82 83 85 86 87 88 89 89 90 91 92 92 93 93 94 94 95 95 95 95 96 96 96 96 96 96 97 96 97 97 97 97 97 97 97 98 98 98 98 98 98 98 98 99 99 98 98 99 99 99 99 99 99 99 99 99 99 99 99 99 99 99 99
-9999 -9999 53 54 57 59 62 64 66 68 71 73 75 77 78 80 82 83 85 85 87 88 88 89 90 91 92 92 93 93 94 94 95 95 95 96 96 96 96 97 97 97 97 97 97 97 98 98 98 98 98 98 98 98 98 98 99 99 99 99 99 99 99 99 99 99 99 99 99 99 99 99 99 99 99 99 99 99 100 100
47 -9999 53 55 57 60 62 65 67 70 72 74 76 78 80 82 83 84 85 87 88 88 89 90 91 92 92 93 94 94 94 95 95 96 96 96 96 96 97 97 97 97 97 98 98 98 98 98 98 98 99 99 99 98 99 99 99 99 99 99 99 99 99 99 99 99 99 99 99 100 99 100 100 100 100 100 100 100 100 100
48 51 55 56 58 61 64 66 69 71 73 75 77 79 81 82 84 85 86 87 88 89 90 91 92 92 93 94 94 94 95 95 96 96 96 97 97 97 97 97 98 98 98 98 98 98 98 98 98 98 99 99 99 99 99 99 99 99 99 100 100 99 99 99 99 100 100 100 100 100 100 100 100 100 100 100 100 100 100 100
49 52 54 57 60 62 64 67 70 72 74 76 78 80 82 83 85 86 87 88 89 91 91 92 92 93 94 95 95 95 95 96 96 97 97 97 97 97 98 98 98 98 98 98 99 99 99 99 99 99 99 99 99 99 99 99 100 100 100 100 99 99 100 100 100 100 100 100 100 100 100 100 100 100 100 100 100 100 101 101
-9999 53 54 -9999 61 63 65 68 70 73 75 77 79 81 83 84 85 87 88 89 90 91 92 92 93 94 94 95 96 95 96 96 97 97 97 97 98 98 98 98 98 98 99 99 99 99 99 99 99 99 99 99 99 99 99 99 100 100 100 100 100 100 100 100 100 100 100 100 100 100 100 100 100 101 100 101 101 101 101 101
-9999 -9999 -9999 -9999 -9999 64 66 69 71 74 76 78 80 82 83 85 86 88 89 90 91 92 93 93 94 95 95 95 96 96 97 97 97 97 98 98 98 99 99 99 99 99 99 99 99 99 99 99 99 99 99 100 100 99 100 100 100 100 100 100 100 100 100 100 100 100 100 100 101 100 100 100 101 101 101 101 101 101 101 101
-9999 -9999 -9999 -9999 -9999 -9999 68 70 72 75 77 79 81 83 84 86 87 89 90 91 92 92 93 94 94 95 95 96 96 97 97 97 98 98 98 98 98 99 99 99 99 99 99 99 99 100 100 100 100 99 100 100 100 100 100 100 100 100 100 100 100 101 101 101 100 100 101 100 101 101 101 101 101 101 101 101 101 101 101 101
-9999 -9999 -9999 -9999 -9999 66 69 71 73 76 78 80 82 84 85 87 88 89 90 91 92 93 94 95 95 96 96 97 97 97 98 98 98 98 99 99 99 99 99 99 99 99 99 99 100 100 100 100 100 100 100 100 100 100 100 100 100 100 100 101 100 101 100 100 101 101 101 101 101 101 101 101 101 101 101 101 101 101 102 101
-9999 -9999 -9999 -9999 65 67 70 72 75 77 79 81 83 84 86 88 89 90 91 92 93 94 95 95 96 96 97 97 97 98 98 98 98 99 99 99 99 99 99 99 99 100 100 100 100 100 100 100 100 100 100 100 100 100 100 100 100 101 101 100 100 101 101 101 101 101 101 101 101 101 101 101 101 101 101 102 102 102 102 102
-9999 -9999 -9999 63 65 68 71 73 76 78 80 82 84 86 87 88 89 91 92 93 94 94 95 96 96 97 97 97 98 98 98 98 99 99 99 99 99 99 99 100 100 100 100 100 100 100 100 100 100 100 100 101 100 100 101 101 101 101 101 101 101 101 101 101 101 101 101 101 101 101 102 101 101 102 102 102 102 102 102 102
-9999 59 61 64 66 69 72 74 76 78 81 83 85 86 88 89 90 92 93 94 94 95 96 96 96 97 98 98 98 98 98 99 99 99 99 100 100 100 100 100 100 100 100 100 100 100 101 101 100 101 101 100 100 100 101 101 101 101 101 101 101 101 101 101 102 102 101 101 102 102 102 102 102 102 102 102 102 102 102 102
57 60 63 65 68 70 72 75 77 80 82 84 85 87 88 90 91 92 93 94 95 96 96 97 97 98 98 98 98 99 99 99 99 99 99 100 100 100 100 100 100 100 100 101 100 101 100 101 101 101 100 101 101 101 101 101 101 101 101 101 101 101 101 101 102 102 102 102 102 102 102 102 102 102 102 102 102 102 102 102
58 61 63 66 69 71 74 76 78 80 82 84 86 88 89 91 92 93 94 95 96 96 97 97 98 98 98 99 99 99 99 99 99 100 100 100 100 100 100 100 100 100 101 101 101 101 101 101 101 101 101 101 101 101 101 101 101 101 101 101 101 102 102 102 102 102 102 102 102 102 102 102 102 102 103 102 103 102 102 102
60 62 65 67 70 72 74 77 79 81 83 85 87 88 90 91 93 94 95 95 96 96 97 98 98 98 99 99 99 100 100 100 100 100 100 100 100 100 100 101 101 101 101 101 101 101 101 101 101 101 101 101 101 101 101 101 101 101 101 102 102 101 102 102 102 102 102 102 102 102 102 103 102 103 103 103 103 103 103 103
61 63 66 68 71 73 75 77 80 82 84 86 88 89 91 92 93 94 95 96 97 97 98 98 99 99 99 99 100 100 100 100 100 100 101 100 101 100 101 101 101 101 101 101 101 101 101 101 101 101 101 101 101 101 101 101 102 102 101 102 102 102 102 102 102 102 102 102 102 103 103 103 103 103 102 103 103 103 103 103
62 64 67 69 72 74 76 78 80 83 85 87 89 90 91 93 94 94 96 96 97 98 98 98 99 99 100 100 100 100 100 100 100 101 101 101 101 101 101 101 101 101 101 101 101 101 101 101 101 101 101 101 102 102 102 102 102 102 102 102 102 102 102 102 103 102 102 102 103 102 103 103 103 103 103 103 103 103 103 103
63 66 68 70 73 75 77 80 82 84 86 87 89 91 92 93 94 95 96 97 97 98 99 99 99 99 100 100 100 100 100 101 101 101 101 101 101 101 101 101 101 101 101 101 101 102 101 101 101 102 101 102 102 102 102 102 102 102 102 102 102 102 102 102 102 103 103 103 103 103 103 103 103 103 103 103 103 103 103 103
65 67 69 72 74 77 79 81 83 85 86 88 90 91 93 94 95 96 96 97 98 98 99 99 99 100 100 100 100 101 101 101 101 101 101 101 101 101 101 101 101 101 102 102 102 102 102 102 101 102 102 102 102 102 102 102 102 102 102 102 103 102 102 102 103 103 103 103 103 103 103 103 103 103 104 103 104 104 104 104
66 68 71 73 75 77 80 82 84 86 88 89 90 92 93 94 95 96 97 98 99 99 99 100 100 100 101 100 101 101 101 101 101 101 101 101 102 101 101 101 102 102 102 102 102 102 102 102 102 102 102 102 102 102 102 102 102 103 103 103 103 103 102 102 103 103 103 103 103 103 103 103 103 104 103 104 104 104 104 104
67 69 72 74 76 79 81 83 85 86 88 90 91 92 94 95 96 97 97 98 99 99 100 100 101 100 101 101 101 101 101 101 102 101 102 102 102 102 102 102 102 102 102 102 102 102 102 102 102 102 102 102 102 103 103 103 103 103 103 103 103 103 103 103 103 103 103 103 104 104 103 103 104 104 104 104 104 104 104 104
68 71 73 76 78 80 82 84 85 87 89 91 92 93 94 95 97 97 98 99 99 100 100 101 101 101 101 101 102 101 101 102 101 102 102 102 102 102 102 102 102 102 102 102 102 102 102 102 102 103 103 103 103 103 103 103 103 103 103 103 103 103 103 103 103 104 104 104 104 104 104 104 104 104 104 104 104 104 105 105
70 73 75 77 79 81 82 84 86 88 90 91 93 94 95 96 97 98 98 99 100 100 100 100 101 101 101 101 102 102 102 102 102 102 102 102 102 102 102 102 102 102 102 102 103 102 103 102 103 103 103 103 103 103 103 103 103 103 103 103 103 103 104 104 104 104 104 104 104 104 104 104 104 104 104 104 105 105 105 105
72 74 76 78 80 82 83 85 87 89 90 92 93 95 96 97 97 98 99 99 100 100 101 101 101 101 102 102 102 102 102 102 102 102 102 102 103 102 102 102 102 102 103 102 102 103 103 103 103 103 103 103 103 103 103 103 103 103 103 104 104 104 104 104 104 104 104 104 104 104 104 104 104 104 105 105 105 105 105 105
73 75 77 79 81 83 84 86 88 90 91 93 94 95 96 97 98 98 99 100 100 100 101 102 102 102 102 102 102 102 102 102 102 102 102 103 102 103 103 103 102 103 103 102 103 103 103 103 103 103 103 103 103 103 103 103 104 104 104 104 104 104 104 104 104 104 105 104 105 104 104 104 105 105 105 105 105 105 105 105
74 77 79 80 82 84 86 88 89 90 92 94 95 96 96 97 98 99 100 100 100 101 101 102 102 102 102 102 103 103 103 103 103 103 103 103 103 103 103 103 103 103 103 103 103 103 103 103 103 103 103 103 103 104 103 103 104 104 104 104 104 104 104 104 104 104 105 104 105 105 105 105 105 105 105 105 105 105 106 106
76 78 79 81 83 85 87 89 90 91 93 94 95 96 97 98 99 99 100 101 101 101 102 102 102 102 102 102 103 103 103 103 103 103 103 103 103 103 103 103 103 103 103 103 103 103 103 103 104 104 104 104 104 104 104 104 104 104 104 104 104 104 104 104 104 105 105 105 105 105 105 105 105 105 105 106 106 106 106 106
77 79 81 83 85 86 88 89 91 92 93 95 96 97 98 98 99 100 100 101 102 102 102 103 102 103 103 103 103 103 103 103 103 103 103 103 103 103 103 103 103 103 104 103 104 103 104 104 104 104 104 104 104 104 104 104 104 104 104 104 105 105 105 105 105 105 105 105 105 105 105 105 106 106 106 106 106 106 106 106
78 80 82 84 85 87 89 90 92 93 94 95 96 97 98 99 100 100 101 101 102 102 102 103 103 103 103 103 103 103 103 103 103 103 103 104 103 103 104 104 104 104 104 103 104 104 104 104 104 104 104 104 104 104 104 104 105 105 105 105 105 105 105 105 105 106 106 106 106 106 106 106 106 106 106 106 106 106 107 107
80 82 83 85 87 88 90 91 93 94 95 96 97 98 99 100 100 101 101 102 102 102 103 103 103 103 103 103 104 104 103 103 103 104 104 104 104 104 104 104 104 104 104 104 104 104 104 104 104 104 104 104 104 104 105 105 105 105 105 105 105 105 106 106 106 106 106 106 106 106 106 106 106 106 107 107 107 107 107 107
81 83 84 86 88 89 91 92 93 95 96 97 98 99 99 100 101 101 102 102 102 103 103 103 103 104 104 104 104 104 104 104 104 104 104 104 104 104 104 104 104 104 104 104 104 104 105 104 104 105 105 105 105 105 105 105 105 105 105 105 106 106 106 106 106 106 106 106 106 106 107 106 107 107 107 107 107 107 107 107
83 84 86 87 89 90 92 93 94 96 97 98 99 99 100 101 101 102 102 103 103 103 103 104 104 104 104 104 104 104 104 104 104 104 104 104 104 104 104 104 104 104 105 105 105 105 105 105 104 105 105 105 105 105 105 105 105 106 105 106 106 106 106 106 106 106 106 107 107 107 107 107 107 107 107 108 107 107 107 107
84 85 87 89 91 92 93 94 95 97 98 98 99 100 100 101 102 102 103 103 103 103 104 104 104 104 104 105 104 104 104 105 105 104 104 105 105 105 105 105 105 105 105 105 105 105 105 105 105 105 105 105 105 105 106 105 105 106 106 106 106 106 106 107 107 107 107 107 107 107 107 107 107 108 108 107 108 108 108 108
85 87 89 90 91 93 94 95 96 97 98 99 100 100 101 102 102 103 103 103 104 104 104 104 104 104 105 105 105 105 105 105 105 105 105 105 105 105 105 105 105 105 105 105 105 105 105 105 105 105 105 105 105 106 106 106 106 106 106 106 106 107 107 107 107 107 107 108 107 107 107 108 108 108 108 108 108 108 108 108
87 88 90 91 92 94 94 96 97 98 99 99 100 101 102 102 103 103 104 104 104 104 104 105 104 105 105 105 105 105 105 105 105 105 105 105 105 105 105 105 106 105 105 105 105 105 105 105 106 106 106 106 106 106 106 106 106 107 107 107 107 107 107 108 108 107 107 108 108 108 108 108 108 108 108 108 108 108 108 109
