Artocarpus altilis SDM files/Last interglacial/Environmental layers/bio4.asc
ncols  1201
nrows  481
xllcorner  119.99986351115
yllcorner  -15.00013864885
cellsize 0.041666667
NODATA_value  -9999
[rows 175 to 209 of 481, columns 395 to 473 of 1201]
580 594 596 594 579 589 578 581 573 584 585 584 591 600 577 583 600 600 577 583 590 587 590 574 573 582 577 578 559 551 571 565 561 569 552 554 549 559 551 552 540 540 546 536 530 533 524 523 529 527 523 536 528 538 538 536 538 538 541 539 540 541 542 545 542 543 546 540 548 550 558 551 554 557 563 563 570 -9999 -9999
583 602 597 598 600 592 585 592 578 578 581 592 581 593 569 589 591 578 569 566 588 571 562 570 574 577 583 582 559 557 583 570 563 555 552 557 548 564 538 548 548 538 545 545 543 541 527 524 529 528 516 536 536 535 531 531 538 533 537 545 539 540 532 541 541 545 553 556 550 553 551 571 553 560 571 584 569 570 -9999
587 590 597 587 587 597 592 591 587 586 593 573 588 578 586 582 578 572 582 575 587 560 569 578 580 576 576 560 568 567 563 572 564 565 564 558 553 559 563 562 562 554 548 543 540 545 545 549 548 540 543 535 523 541 533 541 543 531 536 542 549 552 549 547 559 549 545 555 559 557 555 559 565 559 575 558 578 587 580
591 600 598 597 595 589 592 599 578 589 583 597 594 573 580 586 574 576 583 579 582 589 573 573 565 565 565 563 563 567 564 562 565 573 567 556 559 556 556 564 547 554 552 559 539 531 549 540 547 549 553 546 528 553 550 554 543 540 542 537 553 555 562 557 566 561 558 553 553 554 557 572 582 565 566 575 583 580 572
587 592 604 590 587 597 585 595 589 587 585 595 600 576 583 568 584 585 580 573 574 583 572 574 562 565 562 570 566 567 561 562 548 559 563 567 557 563 558 556 550 563 551 549 552 549 553 548 534 544 547 544 553 550 542 556 544 542 553 551 556 552 552 555 561 560 571 563 568 591 587 574 582 585 577 599 585 596 595
596 577 582 585 594 577 598 592 587 599 586 590 581 597 583 575 585 565 564 572 570 568 570 575 552 565 566 557 559 560 565 561 567 565 558 560 561 563 568 556 559 558 554 553 551 555 551 552 551 542 545 549 546 547 557 546 541 553 539 561 556 552 558 552 560 575 581 582 579 573 592 592 596 600 595 591 586 605 608
594 589 587 596 590 585 587 578 576 586 584 595 594 582 592 584 577 585 576 560 569 559 577 555 560 562 571 553 575 575 554 565 565 564 557 569 561 547 551 549 549 555 555 551 557 556 553 559 558 545 548 537 539 541 544 550 549 545 544 560 558 565 575 579 575 584 582 586 595 583 594 591 593 601 600 608 609 618 607
589 576 582 582 591 584 576 581 580 576 596 599 596 580 582 582 578 568 572 583 577 578 555 575 571 570 560 557 571 566 562 563 568 572 545 544 557 568 550 566 549 569 551 563 562 550 559 552 549 550 555 549 547 549 545 555 562 555 560 566 561 559 563 594 590 578 585 579 590 590 591 611 598 605 602 608 616 615 607
572 576 572 581 575 585 580 580 576 576 574 592 578 583 574 574 580 566 587 585 576 587 570 563 564 556 573 573 563 559 567 568 564 561 572 566 562 562 568 573 564 558 558 565 550 558 552 557 557 556 561 556 571 568 557 565 571 560 566 572 567 565 568 567 586 587 581 582 585 586 590 603 593 603 603 600 610 616 610
580 588 566 577 572 578 570 571 587 583 575 580 578 579 594 589 584 582 576 581 575 566 561 561 578 566 558 569 569 560 564 565 569 571 566 561 565 556 572 563 570 568 561 565 557 569 563 568 567 565 565 574 565 574 563 565 570 574 580 581 572 592 577 577 567 572 591 586 585 591 600 597 601 615 619 622 607 615 615
587 585 567 593 594 589 581 595 569 575 587 587 592 596 593 567 567 577 570 583 583 563 564 573 575 571 566 565 575 572 567 571 567 563 571 573 561 572 564 568 571 563 569 571 569 569 566 570 577 585 564 580 582 574 571 577 575 577 580 577 577 592 580 594 590 588 582 592 588 591 595 598 599 605 602 613 606 618 611
597 598 577 589 585 578 580 590 587 595 577 584 590 584 577 573 581 585 588 591 581 593 583 572 578 578 588 588 573 570 567 567 559 563 576 573 575 573 574 571 559 567 564 561 562 572 574 566 583 580 580 574 585 580 579 586 589 590 580 582 592 583 589 599 597 603 591 593 601 595 598 618 602 609 607 609 618 603 605
574 574 594 590 584 573 578 589 588 590 586 589 580 579 572 570 586 586 586 576 580 574 569 576 581 582 581 576 577 568 575 574 575 570 563 573 564 577 572 574 572 567 574 577 577 575 583 572 584 580 594 583 588 566 591 585 587 592 586 590 602 604 604 583 597 587 601 605 600 603 598 613 615 613 620 612 608 614 606
575 574 581 580 587 579 577 581 570 572 592 593 604 580 578 587 569 569 570 586 580 585 573 573 563 581 580 586 575 572 580 579 587 584 581 574 586 570 584 569 565 569 561 564 576 573 575 572 579 572 569 590 583 594 589 590 584 593 600 595 590 603 599 600 600 597 606 611 614 617 616 615 615 604 615 598 622 625 617
584 589 587 577 595 593 569 579 576 579 593 589 582 592 585 596 593 591 583 577 575 576 573 587 590 564 574 578 593 578 595 580 578 587 577 579 568 571 577 572 574 575 575 577 569 576 569 571 573 579 579 590 583 574 595 601 585 582 588 599 596 595 591 604 593 614 632 622 622 623 609 617 623 616 621 625 624 614 624
567 566 563 587 590 583 592 592 573 577 587 578 594 572 583 585 584 591 593 585 587 582 578 580 584 570 596 577 593 580 580 582 586 587 579 578 570 585 586 575 574 577 581 580 580 573 571 579 568 581 571 595 573 578 578 592 592 592 603 602 599 611 601 604 612 621 624 613 612 612 628 631 625 630 628 635 637 623 625
574 586 580 585 587 583 585 589 581 582 580 585 573 583 597 586 593 585 592 585 592 584 583 594 579 593 585 594 594 594 583 586 585 583 582 581 577 565 565 567 587 583 583 588 584 579 569 586 590 592 590 580 601 589 603 599 603 603 592 595 599 603 602 613 611 612 627 607 633 618 620 629 635 639 629 646 636 641 631
576 574 568 569 577 577 580 574 590 585 576 582 569 581 585 596 579 588 590 586 585 585 589 593 587 591 581 582 589 579 585 585 580 582 571 584 573 578 577 572 571 572 586 570 591 570 588 591 597 597 598 579 584 581 585 601 589 611 612 609 606 616 615 612 631 621 627 613 613 615 621 630 623 629 635 644 639 646 639
577 585 582 568 589 587 572 576 584 578 574 568 578 584 581 591 595 584 579 585 589 593 593 590 595 590 600 589 596 581 582 582 583 597 583 591 574 574 584 577 574 577 576 584 573 573 593 597 600 608 605 588 598 596 606 599 609 611 620 627 618 620 607 622 627 629 628 618 616 629 635 632 632 632 638 632 628 647 644
566 583 567 561 571 584 568 579 578 583 594 582 577 586 597 583 595 599 587 587 587 594 600 597 595 607 599 590 601 581 575 589 586 583 578 578 590 592 587 589 573 576 579 599 593 585 584 581 574 574 600 584 594 599 611 605 599 604 609 613 608 605 608 609 609 609 618 621 640 636 641 634 647 630 640 642 640 638 638
585 572 573 574 566 574 586 577 580 582 587 585 594 599 597 576 584 592 596 582 595 600 594 592 594 605 590 593 598 586 587 584 586 574 576 577 582 592 592 581 594 581 585 589 586 591 587 580 593 590 589 605 603 608 605 618 613 619 614 620 615 606 616 630 631 635 636 636 647 646 654 643 649 646 639 646 643 641 654
561 588 588 588 576 577 579 577 580 596 587 591 584 576 595 569 598 575 592 593 593 602 594 590 595 598 584 590 596 577 577 586 584 581 576 579 577 586 582 587 581 572 576 581 595 594 595 595 599 602 604 608 606 614 608 605 593 605 602 608 610 617 623 631 634 654 642 653 660 636 642 663 671 642 654 648 664 664 646
586 572 575 566 578 578 583 577 588 576 575 577 582 576 586 586 577 592 598 585 598 589 592 583 588 587 589 592 582 594 583 590 588 570 567 571 565 575 572 577 577 573 583 579 590 584 588 596 598 603 597 606 607 608 624 624 614 626 619 627 629 637 641 631 635 641 649 663 643 654 658 647 650 656 652 660 660 657 658
579 581 577 573 582 586 577 575 587 581 579 584 584 561 576 581 574 580 598 589 593 602 580 580 587 587 587 569 597 578 590 578 573 579 571 566 567 572 577 572 567 576 584 598 598 594 598 602 602 610 612 606 608 619 619 612 614 627 630 635 614 626 628 655 652 642 635 654 658 643 649 644 670 646 650 670 664 653 653
583 577 591 589 594 590 578 575 582 579 580 567 579 589 567 567 577 581 590 582 588 574 580 581 583 592 595 579 581 595 585 588 586 563 577 569 571 570 569 571 577 578 587 595 598 592 602 602 597 604 602 616 608 616 620 611 632 632 632 624 629 647 653 631 636 641 652 653 659 663 651 659 653 664 655 671 671 671 677
579 582 592 594 581 588 586 582 584 578 583 567 573 578 577 567 574 570 578 585 572 581 591 585 585 583 584 590 565 573 581 584 574 560 557 577 563 568 569 578 589 577 597 592 600 599 606 609 611 602 606 603 616 603 603 612 624 630 628 632 637 628 638 642 641 648 653 650 648 652 672 673 648 652 644 653 655 660 663
577 570 564 571 584 591 586 577 583 581 579 567 570 564 570 558 570 578 581 580 576 576 564 563 580 574 578 575 591 564 562 565 574 578 564 563 563 578 570 570 572 587 598 600 594 603 588 592 594 610 613 617 613 620 618 625 621 610 625 627 635 646 645 650 645 638 657 665 662 670 652 653 649 650 651 679 664 666 669
579 585 564 583 583 578 573 584 581 571 568 587 560 563 572 576 575 574 572 573 572 586 574 583 579 569 566 565 571 572 584 583 589 572 562 557 579 578 572 575 579 573 596 602 601 593 609 616 615 618 613 613 612 608 617 598 613 617 617 615 623 640 650 636 653 639 639 647 659 666 635 650 659 665 653 664 653 673 681
567 580 573 566 572 576 567 575 569 575 589 568 571 559 569 564 561 577 582 580 571 581 576 562 570 569 563 557 567 558 579 560 550 573 553 585 572 580 573 573 575 585 590 608 592 607 607 614 605 615 613 616 603 613 618 601 628 628 632 637 647 635 637 637 648 647 654 640 649 662 658 643 655 661 651 659 651 683 686
569 572 573 573 583 564 573 563 567 568 569 573 569 554 561 564 566 572 583 571 580 577 562 575 576 576 573 567 567 564 563 572 572 576 579 572 571 570 565 575 567 591 609 600 598 596 607 614 620 622 607 611 612 613 616 605 632 633 638 635 640 642 637 640 637 650 637 643 638 649 657 666 641 653 661 662 651 672 671
577 557 557 568 570 570 570 577 569 563 570 552 563 567 560 557 572 572 569 561 566 573 570 572 570 566 570 577 563 564 571 574 569 574 566 588 586 585 591 573 560 587 608 609 598 605 603 602 631 621 620 628 623 619 614 623 625 614 641 648 658 640 629 655 648 656 641 654 644 646 649 654 662 658 654 657 657 674 678
572 559 562 567 567 559 571 574 568 566 549 551 558 553 553 556 562 552 563 568 563 566 560 564 572 587 577 578 577 566 569 573 584 574 569 582 579 576 586 581 592 604 617 623 628 613 614 631 624 629 633 623 637 635 635 641 641 644 650 652 646 638 670 647 650 644 648 644 665 651 653 658 658 665 680 672 686 684 679
559 566 562 557 561 567 564 577 578 564 574 565 555 563 559 563 563 565 557 570 569 561 569 574 572 574 564 578 576 575 570 577 582 582 579 586 587 587 591 591 598 605 622 613 620 627 628 623 616 623 633 640 618 627 640 638 623 639 647 638 644 663 657 657 642 648 651 667 656 654 660 670 664 655 670 677 688 680 680
559 556 560 555 566 561 549 567 569 569 559 570 563 569 566 568 565 558 563 560 566 564 565 570 556 567 570 559 569 570 569 572 572 572 574 569 569 568 592 566 572 601 602 619 629 622 600 595 615 620 611 628 631 635 627 629 620 627 646 640 644 651 648 641 653 663 645 662 653 653 655 655 670 665 665 664 700 693 687
554 550 547 559 549 543 547 564 556 550 557 555 551 562 564 568 553 555 539 547 557 552 561 563 560 567 563 552 557 555 561 562 560 569 567 564 577 580 580 576 584 593 603 608 607 603 603 605 610 626 639 631 624 635 626 631 619 641 630 638 644 647 637 654 653 659 647 646 657 655 654 648 671 683 678 685 678 699 689
