Artocarpus altilis SDM files/Last interglacial/Environmental layers/bio4.asc
ncols  1201
nrows  481
xllcorner  119.99986351115
yllcorner  -15.00013864885
cellsize 0.041666667
NODATA_value  -9999
[rows 245 to 279 of 481, columns 553 to 631 of 1201]
1031 1010 1025 1035 1025 1046 1054 1057 1053 1055 1047 1061 1077 1072 1082 1072 1062 1067 1072 1085 1087 1095 1095 1093 1097 1082 1097 1088 1095 1097 1104 1104 1114 1112 1114 1109 1109 1102 1091 1088 1082 1091 1062 1065 1066 1078 1091 1086 1070 1076 1075 1079 1066 1080 1082 1084 1081 1066 1067 1076 1069 1083 1086 1093 1092 1069 1079 -9999 -9999 -9999 -9999 -9999 -9999 -9999 -9999 -9999 -9999 -9999 -9999
1002 1005 1014 1033 1028 1044 1048 1064 1062 1073 1077 1084 1087 1086 1061 1066 1080 1090 1086 1094 1095 1109 1108 1093 1106 1102 1099 1104 1097 1101 1117 1111 1102 1121 1117 1127 1112 1112 1105 1088 1084 1081 1085 1078 1095 1098 1083 1089 1101 1079 1084 1077 1073 1081 1088 1087 1089 1091 1084 1069 1072 1079 1069 1090 1094 1088 1086 -9999 -9999 -9999 -9999 -9999 -9999 -9999 -9999 -9999 -9999 -9999 -9999
1007 1019 1028 1029 1022 1036 1062 1065 1069 1076 1072 1084 1088 1103 1095 1090 1089 1104 1099 1110 1114 1114 1106 1105 1106 1098 1114 1109 1094 1103 1099 1107 1117 1129 1136 1125 1121 1121 1110 1106 1098 1101 1083 1082 1081 1089 1092 1091 1093 1099 1099 1096 1081 1078 1080 1082 1085 1090 1086 1086 1071 1075 1081 1087 1086 1092 -9999 -9999 -9999 -9999 -9999 -9999 -9999 -9999 -9999 -9999 -9999 -9999 -9999
1019 1018 1026 1037 1032 1047 1057 1078 1073 1077 1092 1109 1103 1123 1120 1117 1119 1125 1113 1108 1115 1110 1100 1118 1119 1118 1121 1106 1097 1102 1113 1096 1113 1119 1123 1123 1128 1120 1127 1114 1105 1101 1109 1083 1088 1090 1096 1107 1092 1094 1095 1092 1086 1091 1087 1081 1083 1101 1101 1085 1091 1082 1075 1079 1087 1082 -9999 -9999 -9999 -9999 -9999 -9999 -9999 -9999 -9999 -9999 -9999 -9999 -9999
1029 1030 1040 1043 1060 1058 1064 1070 1075 1090 1089 1111 1117 1108 1120 1133 1128 1128 1118 1135 1134 1104 1127 1103 1095 1098 1096 1102 1098 1101 1109 1103 1111 1113 1123 1119 1123 1137 1129 1113 1107 1104 1096 1102 1092 1093 1087 1100 1102 1102 1094 1102 1096 1087 1089 1087 1088 1103 1098 1091 1092 1078 1077 1067 1090 1083 -9999 -9999 -9999 -9999 -9999 -9999 -9999 -9999 -9999 -9999 -9999 -9999 -9999
1045 1045 1042 1057 1066 1064 1076 1088 1092 1098 1114 1107 1120 1109 1115 1113 1123 1132 1117 1109 1113 1127 1134 1107 1129 1110 1118 1118 1118 1110 1119 1111 1113 1116 1121 1118 1130 1132 1132 1126 1125 1113 1102 1104 1098 1104 1096 1093 1086 1097 1101 1099 1093 1108 1095 1090 1087 1094 1091 1098 1103 1087 1090 1087 1067 -9999 -9999 -9999 -9999 -9999 -9999 -9999 -9999 -9999 -9999 -9999 -9999 -9999 -9999
1046 1049 1044 1056 1065 1095 1085 1096 1105 1114 1103 1103 1111 1115 1115 1107 1124 1144 1123 1135 1140 1133 1133 1117 1127 1133 1140 1129 1128 1120 1138 1134 1130 1126 1121 1121 1130 1119 1147 1126 1127 1128 1123 1120 1105 1105 1103 1096 1090 1096 1106 1109 1104 1106 1087 1094 1089 1078 1092 1086 1109 1098 1095 1089 1081 -9999 -9999 -9999 -9999 -9999 -9999 -9999 -9999 -9999 -9999 -9999 -9999 -9999 -9999
1055 1051 1056 1085 1088 1098 1101 1112 1102 1106 1100 1118 1113 1113 1119 1130 1120 1127 1134 1130 1134 1130 1126 1136 1143 1126 1141 1147 1148 1140 1147 1149 1131 1141 1125 1133 1121 1132 1126 1114 1122 1145 1129 1120 1115 1100 1118 1102 1082 1098 1087 1094 1096 1105 1092 1111 1098 1089 1090 1095 1091 1097 1098 1099 1092 1078 1072 1081 1073 1075 1072 -9999 -9999 -9999 -9999 -9999 -9999 -9999 -9999
1063 1055 1074 1094 1079 1093 1107 1097 1115 1110 1100 1103 1134 1136 1127 1129 1128 1124 1125 1143 1140 1145 1136 1139 1139 1147 1140 1151 1153 1162 1156 1145 1148 1132 1132 1139 1134 1144 1128 1121 1130 1138 1131 1128 1117 1109 1109 1106 1099 1093 1092 1086 1105 1106 1098 1089 1086 1092 1084 1093 1084 1104 1098 1091 1085 1081 1077 1072 1082 1074 1054 1053 1059 1054 -9999 -9999 -9999 -9999 -9999
1056 1084 1091 1088 1092 1094 1113 1121 1121 1121 1131 1124 1124 1123 1128 1139 1136 1138 1131 1143 1154 1144 1143 1151 1141 1143 1159 1153 1147 1158 1146 1158 1152 1147 1154 1154 1140 1135 1157 1144 1141 1149 1138 1127 1121 1112 1099 1102 1105 1109 1103 1096 1102 1090 1092 1101 1092 1075 1084 1080 1093 1094 1095 1094 1095 1086 1077 1075 1074 1073 1060 1067 1059 1061 1047 1045 1041 1038 1011
1059 1084 1096 1080 1096 1111 1104 1114 1116 1109 1115 1130 1128 1126 1139 1137 1137 1145 1147 1137 1139 1141 1136 1157 1143 1133 1148 1145 1165 1150 1171 1175 1161 1156 1157 1150 1147 1154 1148 1150 1144 1142 1145 1135 1132 1125 1104 1109 1103 1105 1098 1103 1100 1089 1088 1097 1092 1100 1072 1085 1078 1096 1096 1085 1078 1093 1086 1063 1068 1047 1059 1056 1038 1049 1048 1026 1037 1020 1005
1071 1083 1081 1084 1096 1095 1110 1129 1116 1120 1117 1123 1137 1128 1126 1132 1147 1153 1128 1150 1135 1128 1145 1164 1143 1170 1171 1161 1155 1149 1161 1169 1170 1168 1167 1154 1149 1149 1142 1156 1164 1144 1125 1137 1136 1139 1133 1123 1118 1102 1108 1106 1104 1098 1094 1100 1093 1101 1081 1090 1081 1078 1088 1087 1079 1083 1069 1066 1071 1049 1047 1045 1032 1048 1038 1011 1020 1021 1016
1054 1070 1079 1096 1092 1111 1108 1113 1127 1106 1112 1116 1119 1125 1125 1144 1155 1144 1143 1135 1140 1132 1154 1153 1166 1168 1141 1163 1158 1170 1161 1161 1148 1148 1152 1164 1163 1153 1148 1149 1142 1144 1141 1136 1142 1132 1152 1133 1115 1115 1102 1099 1099 1094 1084 1087 1098 1090 1075 1079 1086 1075 1085 1087 1081 1078 1060 1074 1066 1051 1047 1039 1013 1030 1033 1030 1020 1019 995
1069 1070 1089 1089 1108 1112 1110 1114 1102 1107 1126 1131 1140 1152 1127 1153 1161 1134 1136 1132 1143 1148 1164 1166 1172 1173 1148 1150 1147 1151 1147 1157 1149 1148 1155 1158 1169 1166 1160 1166 1154 1156 1148 1144 1152 1137 1138 1127 1132 1116 1118 1096 1095 1099 1096 1082 1080 1094 1085 1069 1077 1067 1075 1079 1077 1075 1060 1056 1062 1065 1053 1043 1031 1009 1021 1009 1016 1003 995
1060 1076 1095 1087 1090 1113 1112 1103 1113 1120 1112 1129 1132 1143 1134 1135 1142 1152 1156 1142 1144 1153 1158 1171 1164 1159 1161 1150 1149 1150 1151 1155 1155 1155 1154 1159 1148 1148 1160 1160 1158 1159 1164 1161 1152 1142 1162 1151 1134 1110 1108 1104 1101 1093 1096 1080 1078 1082 1088 1081 1077 1068 1073 1074 1066 1067 1052 1062 1059 1054 1059 1045 1023 1026 1014 1003 1002 997 994
1058 1074 1090 1098 1097 1092 1116 1103 1111 1113 1120 1108 1123 1123 1134 1137 1150 1148 1145 1147 1162 1150 1162 1162 1162 1154 1142 1146 1147 1149 1156 1155 1150 1158 1156 1157 1158 1160 1148 1150 1147 1158 1155 1170 1151 1158 1157 1158 1136 1130 1118 1119 1108 1110 1105 1084 1080 1086 1076 1077 1077 1066 1051 1066 1066 1060 1047 1047 1063 1054 1047 1043 1020 1030 1012 1010 1004 996 989
1064 1077 1083 1088 1084 1109 1099 1094 1097 1112 1114 1112 1110 1106 1131 1132 1153 1153 1161 1145 1145 1144 1157 1168 1155 1164 1159 1141 1163 1146 1155 1160 1154 1149 1169 1160 1158 1150 1141 1151 1145 1150 1147 1164 1126 1158 1144 1145 1128 1105 1114 1118 1108 1117 1091 1090 1084 1093 1090 1067 1064 1063 1047 1052 1061 1054 1056 1044 1039 1055 1052 1041 1016 1019 1007 986 994 1006 990
1055 1073 1085 1085 1084 1096 1109 1087 1102 1102 1111 1104 1111 1122 1126 1136 1135 1142 1149 1143 1145 1159 1154 1154 1165 1163 1141 1165 1144 1171 1153 1175 1169 1171 1159 1176 1160 1158 1158 1151 1144 1144 1151 1149 1143 1161 1147 1132 1115 1115 1119 1116 1088 1095 1090 1096 1085 1090 1093 1070 1073 1076 1061 1055 1056 1052 1038 1050 1044 1029 1037 1027 1014 1006 998 981 983 978 973
1043 1072 1082 1082 1084 1090 1087 1087 1102 1102 1098 1111 1102 1120 1129 1135 1130 1131 1146 1153 1145 1150 1152 1151 1159 1133 1153 1148 1154 1163 1166 1155 1167 1177 1177 1176 1161 1174 1170 1149 1151 1151 1125 1139 1139 1144 1152 1129 1138 1109 1108 1127 1105 1097 1097 1095 1093 1099 1087 1087 1067 1063 1060 1067 1050 1037 1034 1021 1033 1026 1015 1015 1020 984 975 972 968 980 974
1049 1069 1072 1078 1077 1083 1085 1075 1097 1098 1099 1095 1092 1116 1098 1109 1130 1143 1145 1144 1160 1169 1162 1151 1140 1141 1141 1135 1132 1148 1166 1166 1188 1163 1192 1180 1195 1163 1162 1165 1154 1136 1130 1132 1140 1132 1155 1144 1115 1125 1115 1105 1092 1094 1101 1093 1090 1101 1103 1081 1080 1067 1057 1043 1047 1041 1021 1016 1013 1013 1006 1008 1001 984 967 964 968 963 957
1043 1057 1068 1082 1078 1082 1089 1073 1079 1097 1093 1091 1099 1093 1091 1101 1117 1133 1151 1155 1161 1170 1163 1139 1149 1145 1142 1142 1167 1161 1182 1168 1173 1164 1174 1172 1168 1177 1171 1172 1151 1158 1150 1134 1128 1138 1142 1145 1134 1123 1104 1116 1088 1088 1073 1083 1091 1088 1094 1085 1063 1083 1055 1062 1048 1031 1011 1005 997 1005 993 997 990 978 953 946 941 939 940
1029 1052 1061 1075 1066 1061 1075 1074 1066 1090 1089 1093 1088 1090 1105 1117 1111 1133 1150 1154 1163 1161 1150 1147 1139 1131 1134 1126 1143 1134 1161 1167 1176 1156 1160 1158 1165 1189 1172 1168 1168 1171 1142 1140 1148 1136 1129 1141 1147 1128 1110 1099 1098 1091 1086 1081 1087 1084 1081 1060 1066 1071 1058 1056 1049 1043 1021 997 994 986 975 990 983 981 952 940 929 931 925
1022 1041 1044 1065 1059 1051 1063 1062 1056 1077 1080 1085 1080 1095 1084 1100 1118 1111 1147 1147 1140 1129 1135 1136 1140 1131 1121 1127 1128 1144 1143 1139 1158 1163 1146 1145 1169 1168 1162 1148 1163 1174 1150 1138 1133 1136 1151 1134 1125 1107 1092 1094 1093 1086 1077 1074 1080 1075 1071 1049 1049 1053 1050 1064 1047 1052 1023 998 986 988 970 966 973 956 944 933 919 925 917
1008 1013 1019 1033 1039 1026 1050 1064 1055 1059 1060 1079 1089 1092 1092 1083 1095 1101 1111 1119 1117 1127 1125 1116 1153 1137 1135 1127 1114 1130 1131 1135 1136 1149 1134 1136 1131 1153 1152 1140 1166 1140 1142 1140 1132 1133 1121 1128 1117 1104 1102 1084 1092 1098 1082 1076 1076 1065 1067 1044 1052 1054 1045 1041 1044 1044 1028 998 995 976 970 974 957 948 931 914 907 910 891
990 1005 1002 1025 1025 1025 1025 1056 1059 1052 1043 1075 1074 1073 1083 1077 1083 1086 1090 1110 1106 1098 1114 1114 1103 1141 1154 1110 1107 1115 1109 1116 1132 1142 1122 1105 1128 1123 1127 1122 1137 1116 1122 1136 1128 1119 1110 1115 1106 1110 1104 1089 1068 1083 1075 1070 1070 1062 1062 1041 1049 1040 1044 1034 1033 1030 1009 1004 1000 987 968 962 970 939 921 909 901 897 880
971 1002 996 1000 1024 1009 1020 1025 1048 1066 1056 1054 1062 1074 1073 1074 1069 1073 1080 1091 1103 1103 1106 1106 1136 1136 1143 1136 1102 1097 1097 1093 1093 1093 1117 1120 1105 1115 1107 1102 1115 1100 1108 1125 1124 1118 1115 1097 1097 1093 1088 1071 1084 1073 1084 1063 1073 1070 1050 1050 1037 1052 1033 1024 1022 1022 1015 990 994 969 966 965 956 939 911 895 872 872 885
973 971 1000 993 979 1009 1014 1031 1036 1047 1042 1048 1059 1052 1056 1045 1077 1079 1077 1074 1082 1078 1093 1095 1122 1115 1104 1099 1097 1105 1093 1093 1109 1093 1079 1091 1112 1105 1107 1113 1114 1106 1103 1115 1099 1103 1100 1096 1102 1085 1070 1074 1068 1063 1066 1068 1062 1065 1049 1042 1025 1037 1023 1027 1034 1005 1000 987 972 969 960 958 940 931 920 892 871 870 858
965 964 968 990 983 984 984 999 997 1036 1037 1058 1057 1048 1056 1056 1050 1051 1067 1064 1067 1067 1084 1092 1096 1094 1094 1074 1086 1101 1092 1082 1088 1099 1094 1087 1089 1102 1116 1098 1094 1103 1087 1094 1109 1096 1098 1097 1089 1074 1053 1049 1043 1044 1054 1058 1058 1051 1037 1033 1033 1046 1029 1017 1020 1013 1000 980 984 965 953 952 940 929 900 872 869 857 854
927 949 944 965 978 978 978 987 987 1016 1017 1028 1032 1030 1034 1056 1060 1045 1063 1051 1063 1060 1059 1080 1069 1070 1066 1074 1077 1079 1088 1074 1075 1075 1085 1082 1083 1083 1090 1071 1072 1065 1065 1080 1073 1078 1074 1070 1078 1078 1066 1040 1043 1065 1068 1057 1053 1054 1039 1028 1040 1033 1028 1028 1012 1005 997 978 976 965 949 943 922 923 902 884 874 847 834
927 938 948 959 964 971 964 964 964 974 1009 1005 1020 1011 1027 1037 1046 1046 1048 1048 1047 1051 1050 1049 1066 1053 1064 1056 1066 1066 1067 1050 1050 1066 1045 1047 1062 1072 1053 1054 1067 1050 1052 1043 1056 1062 1065 1071 1053 1058 1056 1037 1052 1075 1084 1061 1062 1043 1043 1030 1025 1018 1020 1017 1002 986 980 969 962 948 938 942 935 907 895 860 855 853 838
896 917 942 959 962 969 963 965 959 975 977 996 994 1010 1014 1017 1036 1036 1043 1043 1046 1042 1048 1038 1056 1047 1052 1034 1053 1062 1049 1039 1032 1031 1025 1039 1034 1036 1044 1042 1039 1033 1042 1054 1053 1068 1050 1048 1049 1051 1039 1035 1038 1068 1085 1056 1044 1040 1029 1032 1037 1021 1018 1013 1006 983 983 963 963 946 944 927 916 909 890 863 861 842 826
883 904 910 932 948 953 961 958 967 957 951 961 977 996 988 999 1026 1024 1025 1026 1021 1041 1044 1057 1043 1065 1054 1039 1064 1045 1041 1040 1042 1030 1029 1048 1045 1038 1028 1022 1040 1037 1055 1051 1036 1061 1054 1051 1054 1058 1045 1041 1043 1044 1067 1058 1054 1047 1030 1015 1019 1008 1017 1012 997 1001 988 970 950 939 937 930 920 895 894 850 855 836 812
876 864 905 899 907 925 945 930 950 955 965 966 965 986 968 971 1004 1007 1013 1018 1026 1026 1027 1027 1042 1032 1026 1031 1031 1050 1050 1057 1038 1016 1034 1041 1024 1028 1034 1025 1044 1054 1046 1054 1041 1049 1043 1046 1069 1053 1053 1059 1049 1047 1058 1048 1030 1035 1020 1015 1014 1010 1000 989 976 965 966 958 950 943 921 905 904 876 878 872 837 825 807
853 869 878 898 898 899 903 919 931 952 932 945 954 961 971 968 991 993 1008 995 1014 1003 1024 1014 1026 1026 1016 1010 1012 1020 1019 1023 1018 1020 1032 1001 1020 1031 1025 1032 1041 1058 1052 1032 1038 1041 1038 1051 1044 1055 1049 1056 1036 1042 1031 1029 1019 1012 1017 1006 1006 998 979 965 970 961 961 953 941 923 919 917 895 886 867 840 822 810 813
860 858 869 872 880 883 893 912 928 911 911 935 943 952 962 965 977 968 994 996 985 989 1008 1000 997 1004 999 999 1009 1023 1017 1014 1020 1027 1027 1022 1008 1032 1026 1033 1043 1056 1045 1033 1027 1014 1015 1031 1030 1054 1037 1022 1023 1030 1036 1002 1002 1007 1001 999 993 994 971 966 965 944 950 924 913 904 907 907 900 879 858 834 820 802 796
