Artocarpus altilis SDM files/Last interglacial/Environmental layers/bio4.asc
ncols  1201
nrows  481
xllcorner  119.99986351115
yllcorner  -15.00013864885
cellsize 0.041666667
NODATA_value  -9999
[rows 245 to 279 of 481, columns 474 to 552 of 1201]
542 535 561 547 550 573 567 583 585 604 592 604 603 604 604 631 627 646 658 665 669 678 678 662 678 707 714 720 714 713 715 749 774 768 760 759 779 811 833 829 826 817 820 822 823 827 839 862 868 869 895 896 885 888 890 915 903 911 922 909 900 892 900 913 920 930 944 947 946 968 982 988 986 981 998 1010 1011 1003 1013
538 544 547 547 553 559 568 575 563 583 590 595 604 605 607 614 633 631 638 645 655 672 657 667 677 693 694 717 725 728 726 744 763 752 746 746 775 796 808 839 831 824 836 837 835 837 856 845 863 863 868 893 902 900 903 908 908 902 914 909 918 891 924 937 926 936 936 939 964 976 991 992 1003 984 991 997 1011 1015 1006
524 539 547 535 547 549 575 583 583 581 585 591 598 600 606 600 626 635 649 656 653 652 661 682 669 688 701 708 715 715 719 726 740 747 734 735 772 769 792 830 811 831 810 829 857 865 868 873 865 877 887 893 877 894 892 895 887 900 911 922 914 897 925 942 954 943 951 957 963 968 970 1005 990 999 1006 1006 1010 1007 1014
531 541 547 532 545 552 557 572 577 576 578 591 596 594 598 597 624 626 642 643 649 666 666 666 663 685 688 685 697 703 710 715 730 715 715 739 743 751 755 780 783 789 803 818 844 858 855 847 826 834 828 849 873 885 903 892 892 896 875 893 905 897 935 942 948 953 972 964 963 973 1002 986 991 1001 1004 1023 1012 1027 1026
542 530 535 532 539 557 570 563 563 569 571 581 577 593 592 609 618 626 646 644 636 653 654 652 667 660 679 674 680 690 692 704 710 710 717 734 732 746 772 768 775 780 786 811 825 843 866 848 826 842 834 837 854 871 880 870 870 863 897 896 895 896 919 931 947 960 969 973 964 971 999 1017 1009 987 1007 1023 1008 1020 1025
526 531 534 526 536 553 555 551 563 564 570 584 578 587 587 593 611 625 629 628 646 646 655 655 652 669 671 676 676 673 693 689 718 701 728 727 741 725 750 789 790 779 782 794 794 813 822 822 820 834 816 837 839 870 855 862 874 888 909 907 934 926 918 927 951 962 975 964 977 985 989 1003 993 1022 1018 1022 1001 1021 1034
531 534 528 534 538 553 552 551 554 557 561 578 568 572 588 600 613 623 632 622 635 622 639 637 634 659 665 662 664 671 687 689 689 695 706 724 719 738 733 749 766 769 761 790 801 822 815 826 832 837 829 830 839 876 879 869 852 883 876 905 942 956 962 962 949 948 953 961 974 978 979 1009 992 1001 1019 1027 1023 1031 1047
527 531 536 534 542 541 541 547 547 554 563 574 580 577 594 590 608 619 628 623 623 633 629 636 638 655 658 652 652 675 672 669 687 702 715 713 726 735 728 741 737 764 772 775 801 822 807 806 812 824 834 842 839 866 850 845 871 869 882 903 943 964 973 973 967 968 969 971 974 972 977 1009 1019 1034 1032 1037 1037 1033 1060
528 537 536 530 534 533 546 546 545 548 555 564 574 573 577 595 601 611 617 616 617 623 628 635 629 640 655 655 656 653 671 675 684 692 696 724 718 726 722 724 727 744 770 769 777 794 803 793 800 789 812 824 852 857 862 837 860 855 884 905 959 962 971 973 977 975 971 974 974 984 995 998 1023 1031 1033 1038 1041 1046 1049
532 542 532 535 531 544 540 548 543 557 552 555 565 577 580 588 608 607 609 607 619 617 622 631 623 638 638 648 654 659 672 682 679 687 710 709 712 730 720 715 735 743 753 751 773 781 798 798 779 805 834 836 838 829 844 856 852 844 880 937 941 945 974 994 993 985 980 970 971 992 993 1001 1001 1027 1036 1033 1038 1050 1044
528 531 534 526 534 541 537 549 549 540 553 548 566 585 571 599 597 612 605 608 607 618 619 619 621 620 628 636 641 649 662 662 682 682 688 704 710 699 713 726 719 735 738 754 752 747 769 791 785 800 822 838 857 847 846 849 860 851 867 911 924 944 959 971 963 1002 984 974 993 984 993 993 1021 1028 1029 1026 1042 1037 1055
531 523 537 532 529 543 544 543 554 546 547 561 567 573 579 589 599 602 602 607 610 610 611 607 619 620 626 631 639 648 658 670 668 692 688 705 704 708 707 719 713 728 730 744 745 745 740 754 773 777 789 813 839 832 825 835 834 841 878 894 894 936 936 970 973 978 989 997 985 975 994 993 1007 1014 1023 1023 1036 1037 1061
537 532 528 528 533 535 547 543 553 536 542 562 574 574 578 574 582 593 605 602 602 603 596 600 612 621 614 616 636 635 660 670 672 668 681 689 691 700 701 727 709 724 741 718 740 744 744 763 758 756 771 794 817 820 834 835 839 857 865 879 882 894 944 979 986 991 994 1003 991 984 1012 988 1012 1009 1006 1010 1026 1045 1041
534 531 528 532 527 539 534 545 524 531 549 556 568 575 572 581 585 591 598 593 607 597 609 599 602 619 613 614 633 640 649 666 665 656 672 691 699 689 690 694 701 707 732 731 737 740 739 752 756 760 763 791 798 812 826 825 848 847 844 849 870 880 903 942 950 991 986 984 991 1006 1009 989 989 1013 997 1003 1020 1032 1040
534 531 543 528 543 525 545 534 528 537 546 546 552 580 569 571 576 590 589 585 590 595 589 592 592 605 611 627 631 639 647 647 661 657 675 674 689 677 679 699 712 715 731 730 731 741 735 737 756 747 775 788 796 815 822 838 836 847 862 869 882 888 906 948 960 987 984 996 992 1006 991 996 1005 1010 1013 1002 1023 1027 1044
537 551 526 530 541 540 537 542 537 543 537 545 553 558 573 587 574 581 593 588 588 593 593 590 588 606 613 614 626 634 646 641 661 663 657 678 657 675 670 692 693 715 725 727 720 736 731 752 754 757 773 778 790 802 817 825 833 846 835 858 861 874 900 914 939 967 1004 1003 1004 1006 1010 989 989 984 1013 1021 1026 1029 1028
545 544 542 539 530 548 540 544 549 531 548 552 571 561 573 578 574 583 590 585 592 586 585 593 596 597 613 613 616 632 626 649 655 664 659 653 662 663 680 699 692 701 711 717 724 714 740 734 740 747 765 780 788 804 811 817 835 816 841 858 869 878 877 918 902 945 981 985 992 996 992 984 989 993 994 1011 1015 1022 1036
565 549 554 543 540 542 545 544 549 530 557 555 564 580 571 576 573 575 575 579 587 592 590 583 582 598 604 600 624 616 640 647 654 661 643 668 667 660 683 682 697 703 705 710 713 728 715 736 740 750 755 773 789 804 813 813 826 840 841 846 859 863 874 885 899 924 936 963 967 980 993 977 975 990 990 1006 998 1016 1030
569 549 564 538 538 553 545 544 545 540 557 548 553 557 573 577 575 570 577 583 581 586 573 581 582 589 598 602 602 626 634 639 652 643 651 657 645 662 678 679 693 696 709 703 710 717 733 738 742 742 743 771 789 804 802 803 820 820 828 847 850 863 863 882 909 906 932 939 940 965 993 996 976 973 997 1003 1001 1030 1030
557 558 557 556 543 547 557 552 559 549 555 554 567 558 576 580 572 560 582 582 584 582 582 569 600 591 605 608 617 620 624 620 638 640 644 659 649 673 676 679 685 684 699 702 712 718 717 725 732 725 744 774 785 786 810 803 812 810 820 830 849 851 860 882 892 898 919 904 920 944 979 982 989 973 982 994 999 1020 1030
577 561 565 554 567 544 561 549 551 550 550 570 562 563 571 573 571 568 581 593 586 578 586 584 600 577 598 612 600 615 612 628 629 646 650 642 639 656 666 670 666 683 686 702 698 704 715 720 723 725 749 773 781 780 788 818 807 800 806 822 846 857 866 880 889 893 892 903 903 940 968 961 985 954 969 971 985 1014 1026
589 567 564 557 557 550 549 565 559 544 571 566 563 564 563 563 566 586 569 585 577 564 586 586 593 572 594 607 621 609 619 617 625 625 656 641 650 648 665 664 676 681 687 695 702 699 698 707 714 729 742 761 785 772 793 803 808 794 796 811 826 843 856 868 875 881 875 907 929 939 935 960 975 957 982 976 975 1007 1012
590 588 578 575 572 559 576 566 564 555 573 568 581 562 566 573 574 574 573 589 575 574 577 581 589 576 578 605 595 609 627 622 619 623 623 627 650 651 665 656 653 663 671 686 690 691 691 705 725 718 739 765 761 774 784 787 794 794 811 811 814 841 856 870 870 886 882 899 912 913 943 973 956 973 959 982 978 991 993
594 580 590 577 590 572 578 574 556 558 576 576 572 576 576 589 582 580 590 581 588 602 583 587 589 591 596 610 611 604 621 614 621 627 628 636 645 644 658 660 667 660 670 678 690 693 700 698 718 728 728 747 760 774 776 779 788 794 793 818 823 844 832 856 859 866 874 890 901 912 931 973 966 971 964 976 984 980 999
619 615 616 588 589 575 575 566 560 582 572 587 597 581 583 588 585 578 587 600 610 589 596 594 589 589 572 597 603 614 611 616 620 635 621 639 652 658 658 657 665 660 678 678 689 695 694 700 708 725 732 735 749 769 769 777 783 792 799 807 814 837 835 848 863 861 866 878 887 897 933 944 953 952 973 972 967 969 974
613 600 600 600 593 594 588 575 569 570 592 591 589 594 588 592 589 583 586 576 600 599 601 598 595 596 591 591 593 610 632 616 615 634 623 637 644 648 655 662 666 669 667 670 677 673 691 693 711 725 734 741 758 749 767 766 772 784 795 789 817 824 819 832 858 847 863 876 871 891 894 916 926 930 935 968 974 991 979
621 613 610 600 603 600 599 596 581 592 604 596 598 596 585 596 598 599 584 586 600 584 608 600 603 598 598 590 597 608 622 608 613 623 624 646 660 646 670 657 653 661 657 676 677 679 700 705 707 725 732 737 751 755 748 769 773 790 769 792 805 805 815 823 815 840 843 859 864 877 879 889 910 906 929 929 934 971 986
633 629 611 606 630 616 616 609 620 602 597 598 603 612 600 612 602 593 599 590 600 594 604 616 604 606 602 595 597 610 613 624 625 624 637 626 653 653 659 665 668 668 667 672 661 689 666 696 712 709 716 739 722 749 751 760 766 774 770 783 783 799 802 808 829 844 844 859 844 852 864 865 889 895 902 906 921 921 942
645 636 636 632 636 623 619 617 608 608 612 593 607 616 607 617 609 603 603 601 594 609 601 612 604 595 611 600 608 615 623 614 616 634 633 650 644 651 647 656 661 664 661 670 658 679 674 685 702 687 691 722 739 749 745 760 768 770 778 781 780 789 807 811 811 817 831 835 842 846 861 862 873 881 898 899 905 906 921
646 639 638 636 649 630 620 629 627 621 613 607 622 613 617 615 616 607 614 601 597 613 602 615 599 606 599 598 597 599 611 624 629 635 637 649 655 665 662 671 665 661 668 663 674 679 674 676 678 691 699 717 715 725 736 743 746 765 766 768 779 795 789 809 817 818 811 830 837 834 863 857 872 884 897 883 895 886 889
653 653 652 643 643 642 643 644 632 634 636 618 621 622 621 619 626 624 611 619 608 615 619 614 609 606 608 617 608 611 616 629 640 632 641 651 655 657 654 666 656 665 669 675 676 679 666 679 679 687 686 698 712 728 720 731 735 756 766 759 780 774 777 797 809 813 815 833 822 828 838 858 859 864 873 884 878 879 888
665 658 662 659 657 661 661 655 649 642 645 646 625 630 634 621 636 627 626 609 621 603 613 628 623 601 617 606 612 617 626 640 637 622 639 647 647 654 657 658 659 665 657 675 674 670 677 668 677 694 699 692 698 708 710 727 736 759 743 765 770 772 770 781 787 801 816 825 835 837 827 857 858 857 862 888 873 885 881
691 664 673 662 675 672 668 659 659 660 653 656 636 635 654 635 638 635 635 612 627 627 618 623 631 621 620 625 613 615 619 632 648 642 630 647 659 654 653 664 664 664 657 657 643 667 677 675 693 687 687 696 709 709 717 718 739 748 748 752 762 766 772 776 780 794 799 811 799 818 818 848 861 865 862 890 876 888 868
691 691 672 679 670 676 674 673 660 663 660 662 667 654 655 660 642 645 641 643 638 633 635 639 637 632 620 632 616 626 624 636 648 640 645 649 642 654 653 651 656 671 654 657 676 665 673 666 690 682 687 686 694 696 712 722 724 719 731 729 755 756 764 769 771 793 786 788 799 807 813 845 845 890 896 876 868 874 873
703 699 699 687 687 682 681 682 679 678 671 670 668 652 651 649 662 646 656 645 638 639 642 648 653 642 641 638 623 626 629 630 633 650 631 647 641 651 651 645 667 672 657 664 667 665 668 666 674 673 676 686 692 695 706 695 708 707 725 719 747 742 752 763 763 775 775 780 795 804 805 819 846 892 891 890 881 863 858
