Artocarpus altilis SDM files/Last interglacial/Environmental layers/bio5.asc
ncols  1201
nrows  481
xllcorner  119.99986351115
yllcorner  -15.00013864885
cellsize 0.041666667
NODATA_value  -9999
[rows 245 to 279 of 481, columns 553 to 631 of 1201]
177 199 203 159 184 161 129 137 179 180 202 196 159 171 196 223 250 257 230 219 210 207 239 260 270 263 277 274 272 246 224 208 206 201 169 167 177 194 202 250 284 292 294 295 294 292 291 292 292 290 289 290 290 289 288 288 291 292 293 293 292 275 279 284 288 293 295 -9999 -9999 -9999 -9999 -9999 -9999 -9999 -9999 -9999 -9999 -9999 -9999
223 226 229 212 194 167 152 133 146 146 168 162 141 159 194 222 243 242 233 234 226 206 218 243 257 245 260 275 280 276 247 248 229 208 191 166 169 212 238 250 263 286 293 295 295 295 291 290 291 290 289 290 291 290 288 290 290 292 293 291 293 292 281 287 293 296 296 -9999 -9999 -9999 -9999 -9999 -9999 -9999 -9999 -9999 -9999 -9999 -9999
232 219 204 230 215 208 182 155 140 151 150 140 142 149 174 207 215 205 227 207 208 212 201 214 224 221 229 256 276 277 276 258 236 208 191 190 192 199 217 229 238 264 281 294 294 295 295 291 289 289 289 290 291 290 289 287 286 285 288 291 292 294 292 289 293 296 -9999 -9999 -9999 -9999 -9999 -9999 -9999 -9999 -9999 -9999 -9999 -9999 -9999
222 210 199 198 208 203 187 155 143 140 145 136 141 144 161 163 181 194 206 202 192 220 237 225 229 226 231 238 268 274 268 278 270 249 220 191 200 221 221 215 240 257 273 285 293 294 295 295 293 289 288 290 291 291 290 287 281 281 286 289 293 294 295 291 294 297 -9999 -9999 -9999 -9999 -9999 -9999 -9999 -9999 -9999 -9999 -9999 -9999 -9999
191 215 216 174 168 172 187 183 176 164 145 137 160 170 166 143 158 180 186 189 192 221 230 246 249 254 266 268 271 273 276 278 279 276 249 225 195 203 243 242 255 248 278 279 279 291 293 294 294 293 290 288 289 288 289 285 281 281 282 281 280 284 293 295 296 297 -9999 -9999 -9999 -9999 -9999 -9999 -9999 -9999 -9999 -9999 -9999 -9999 -9999
166 181 212 206 174 158 166 167 180 176 163 159 162 163 179 168 161 171 185 197 205 212 206 234 253 260 254 262 269 259 260 272 278 279 270 238 207 182 207 243 261 265 272 259 249 276 286 291 292 294 293 288 287 284 283 281 278 273 275 273 284 288 291 295 296 -9999 -9999 -9999 -9999 -9999 -9999 -9999 -9999 -9999 -9999 -9999 -9999 -9999 -9999
164 181 194 187 162 144 151 153 158 172 160 163 162 167 174 183 189 175 173 170 176 196 211 240 251 242 220 227 252 251 226 244 268 271 275 266 230 206 212 199 226 244 253 260 249 256 273 287 289 292 294 293 291 285 281 278 274 272 267 279 283 273 282 293 296 -9999 -9999 -9999 -9999 -9999 -9999 -9999 -9999 -9999 -9999 -9999 -9999 -9999 -9999
141 170 175 145 134 144 147 157 158 169 175 166 160 159 159 180 193 190 169 156 171 210 238 240 239 234 231 219 224 223 217 246 264 259 268 271 265 249 234 230 215 204 230 252 263 258 270 281 285 290 293 292 293 292 287 286 283 279 273 276 268 264 284 291 295 296 296 297 297 296 293 -9999 -9999 -9999 -9999 -9999 -9999 -9999 -9999
121 142 140 141 143 148 151 161 157 159 166 176 160 161 147 152 177 198 190 163 183 205 231 224 229 228 239 236 218 192 233 248 239 258 256 267 268 251 248 245 225 212 240 253 264 262 276 274 272 281 283 290 293 293 293 292 289 273 261 266 262 258 277 282 281 286 290 291 293 290 283 289 294 295 -9999 -9999 -9999 -9999 -9999
128 124 124 133 132 150 157 157 158 155 149 160 167 156 142 147 162 188 204 192 175 177 222 219 223 215 228 236 228 191 209 221 224 236 233 252 263 260 234 244 228 202 218 240 253 254 248 262 249 257 264 268 279 293 293 293 292 284 274 266 251 255 268 281 274 279 276 277 280 278 274 276 279 279 289 294 294 295 294
133 126 138 142 138 150 159 157 159 160 158 154 163 147 140 144 144 167 190 205 203 205 220 206 207 208 209 232 226 220 193 194 197 222 219 240 252 250 237 223 235 198 214 227 224 247 221 231 242 245 243 254 272 288 293 293 292 291 279 268 266 250 273 276 265 272 260 261 262 258 259 258 259 244 273 279 287 289 287
138 141 150 148 145 153 161 156 154 161 165 153 161 153 152 147 142 164 188 195 208 210 194 174 190 180 181 219 204 202 199 205 202 189 207 238 240 236 235 219 231 230 230 217 218 219 177 184 223 222 217 235 252 257 290 293 292 292 289 279 264 259 265 263 258 259 237 236 237 238 245 242 247 246 256 255 270 275 274
156 144 150 148 142 156 161 159 159 174 171 153 149 147 152 147 146 157 179 193 187 191 165 165 164 153 178 207 202 190 191 211 217 203 188 211 210 217 209 203 213 218 218 200 197 190 138 162 187 182 213 233 221 245 288 293 293 292 291 288 276 266 254 248 248 256 230 214 211 210 216 226 231 233 242 242 242 242 254
163 147 140 149 141 154 158 159 165 170 171 150 135 129 143 130 140 151 149 177 169 181 160 128 125 153 191 201 201 212 216 217 218 216 214 211 199 196 181 167 173 178 193 203 183 179 124 136 148 174 205 223 246 247 266 291 292 292 291 290 288 269 253 245 235 228 231 204 183 160 153 189 187 202 223 223 222 233 234
184 167 144 143 147 143 169 164 165 177 173 152 139 136 130 124 137 140 139 159 150 154 154 132 135 172 191 200 208 213 217 215 217 218 219 219 216 210 201 184 172 152 144 162 171 164 114 87 123 157 184 193 200 241 254 276 289 291 291 290 290 285 270 250 244 236 207 192 191 176 148 156 148 141 165 184 207 203 211
187 172 150 148 147 143 169 169 169 175 177 171 167 162 148 142 142 132 128 137 149 156 153 160 168 187 195 200 208 213 215 215 217 216 216 219 219 219 216 211 202 192 172 137 147 147 128 97 121 144 159 175 165 195 219 249 272 267 277 282 288 288 284 275 258 259 238 234 218 201 186 151 132 129 136 139 178 168 181
191 168 143 146 159 138 156 171 171 172 175 172 171 173 170 166 145 132 130 133 152 176 168 158 171 182 206 204 210 212 215 211 206 209 210 210 210 217 219 218 214 208 201 181 184 168 141 135 145 167 146 143 158 154 197 244 243 215 225 261 274 272 280 285 282 274 256 253 244 227 186 166 168 175 167 125 124 129 148
193 161 137 153 163 160 156 173 161 167 172 172 167 166 165 154 143 156 148 155 163 176 176 171 166 177 212 207 202 189 209 197 196 184 195 187 190 201 211 216 220 216 213 211 190 155 154 175 180 167 143 138 178 182 189 189 219 173 170 233 248 248 270 281 281 281 274 261 239 229 218 205 183 200 168 144 160 144 124
194 169 146 157 165 166 168 178 164 169 173 173 169 157 149 152 161 171 160 158 151 148 174 182 173 209 220 221 207 178 198 187 181 173 161 150 167 171 193 203 212 221 220 218 197 175 167 191 167 146 131 139 174 200 186 159 174 172 150 205 227 216 249 253 277 277 280 275 267 250 235 232 218 208 192 181 191 155 171
184 167 150 145 149 153 170 181 168 167 172 184 180 178 182 180 179 171 154 142 118 119 158 182 184 201 225 227 219 195 171 175 148 152 139 137 136 168 183 161 185 206 212 220 211 195 195 193 171 140 136 154 174 207 207 197 180 159 139 171 197 208 239 234 263 267 277 278 274 267 255 243 241 223 232 217 182 180 187
184 179 154 137 156 154 159 180 178 167 182 186 184 183 187 179 183 165 135 112 100 107 137 174 191 192 225 231 203 188 162 153 139 165 157 180 157 137 154 142 172 171 191 208 214 216 217 192 182 149 161 158 172 203 214 209 195 173 157 163 190 181 200 216 231 253 262 264 276 273 269 256 241 226 246 225 206 212 186
194 179 160 150 167 178 168 176 186 177 175 190 187 194 193 177 174 153 121 109 106 114 144 175 193 205 222 233 211 199 172 175 144 189 202 195 173 122 129 136 135 137 154 175 197 202 211 203 173 180 187 180 178 183 214 216 210 195 183 188 199 179 162 181 192 217 218 246 274 274 272 268 253 240 246 247 227 234 197
199 188 184 178 180 189 180 188 192 190 184 184 190 186 200 184 171 166 140 135 141 148 163 177 193 207 225 235 227 213 193 188 174 174 216 205 181 159 157 180 134 119 141 171 179 210 191 195 194 198 201 184 178 183 208 219 218 217 209 210 205 185 164 181 168 179 222 249 268 265 273 272 270 262 261 259 254 229 186
212 203 202 198 198 199 200 193 190 199 194 177 184 185 193 185 184 181 171 171 166 167 176 182 187 197 216 235 238 224 217 217 191 198 216 219 201 195 189 199 150 149 173 192 188 204 176 193 206 212 198 184 194 186 197 217 222 220 217 214 205 176 181 188 172 159 202 237 231 260 256 265 271 274 273 271 259 243 220
219 214 215 209 211 212 211 197 192 191 202 183 178 188 192 200 195 186 179 183 180 181 184 183 182 181 192 228 242 245 240 235 224 221 219 240 214 213 223 220 188 186 184 173 196 214 207 203 214 210 180 190 209 203 190 200 220 222 218 205 195 197 194 180 177 173 184 207 205 235 228 229 245 268 274 274 269 256 237
240 221 214 212 225 222 220 204 202 183 193 202 194 192 201 207 203 194 187 187 181 187 188 181 156 160 192 221 232 238 240 248 252 246 242 247 245 234 232 226 210 216 215 198 180 178 185 208 210 202 198 179 192 205 197 203 215 222 217 212 212 202 201 205 200 186 187 205 205 217 226 217 225 239 259 275 274 254 243
221 232 216 224 230 231 229 226 206 202 189 198 206 207 212 210 197 193 193 185 183 188 190 182 162 174 197 215 229 232 241 241 240 255 258 257 253 238 208 204 212 220 230 223 205 194 194 207 221 210 203 192 201 224 224 205 211 220 214 214 210 212 206 201 197 193 198 209 209 208 225 224 214 215 251 277 277 274 260
239 244 235 234 237 240 235 233 220 202 206 199 200 209 211 205 202 197 193 196 197 193 189 192 187 194 204 218 227 229 237 248 246 242 247 259 256 235 203 208 217 214 228 209 198 211 202 195 202 215 221 207 223 229 221 202 202 215 207 187 201 197 202 202 197 196 202 208 208 213 223 219 216 218 260 277 279 280 279
254 246 245 240 243 247 243 240 232 223 205 213 210 208 215 201 202 207 203 198 198 197 197 201 198 203 208 218 221 215 227 243 252 257 253 254 260 245 235 234 235 228 247 225 221 228 223 217 201 186 192 231 221 190 188 188 189 212 208 203 204 190 183 190 191 195 201 202 203 207 218 210 219 224 243 265 281 281 282
260 250 244 235 240 241 245 243 239 242 226 215 221 215 219 208 200 204 204 205 198 196 199 208 207 210 214 218 223 217 229 249 250 252 259 258 262 252 249 246 247 251 245 251 245 242 244 246 238 223 215 229 204 165 130 164 174 193 187 186 195 194 189 191 184 186 198 201 201 202 210 216 218 223 247 264 268 282 283
270 262 243 224 228 236 234 238 241 239 243 232 221 213 211 213 211 207 199 200 198 197 198 206 204 203 211 216 218 224 233 243 246 255 263 262 263 257 260 256 255 258 257 245 221 206 238 240 224 210 216 223 204 172 138 154 170 180 188 185 188 194 189 182 174 177 189 198 196 201 199 207 207 209 230 256 257 277 283
272 263 254 245 238 240 239 235 230 238 244 247 244 230 226 219 210 209 206 211 208 198 195 194 202 208 210 215 215 217 238 239 245 257 249 240 246 261 255 252 249 246 241 247 235 217 220 217 216 198 187 200 201 190 148 155 165 175 184 199 199 195 187 181 176 170 180 189 195 195 205 196 197 210 226 248 257 277 284
273 272 259 261 262 258 247 243 233 231 235 243 242 247 244 230 215 210 208 212 212 206 200 201 202 208 217 214 214 210 222 214 240 260 247 233 247 246 239 233 230 226 229 235 226 219 212 196 183 165 166 168 178 175 165 184 197 203 196 196 195 198 186 190 199 194 184 178 187 180 198 179 195 227 245 252 280 284 284
271 273 271 261 261 261 260 242 240 236 246 246 242 227 234 230 231 217 217 217 214 217 214 212 206 208 218 223 227 229 232 235 246 249 250 255 249 231 230 228 206 187 208 228 225 223 225 209 171 164 178 180 169 169 178 193 199 203 182 183 191 204 212 219 207 203 181 177 188 205 195 171 191 199 225 267 283 284 284
264 267 269 272 273 269 260 259 245 249 251 248 250 234 231 234 237 233 217 219 229 223 216 220 221 222 230 233 235 232 230 239 242 240 235 239 242 229 230 232 212 207 203 222 227 238 236 202 201 180 194 209 200 180 181 194 207 188 187 189 198 195 212 229 208 209 194 209 209 217 193 174 176 204 237 263 280 279 275
