Artocarpus altilis SDM files/Last interglacial/Environmental layers/bio5.asc
ncols  1201
nrows  481
xllcorner  119.99986351115
yllcorner  -15.00013864885
cellsize 0.041666667
NODATA_value  -9999
[rows 280 to 314 of 481, columns 553 to 631 of 1201]
257 259 261 264 269 274 272 261 259 260 257 255 240 245 255 256 252 243 229 220 226 222 215 212 211 220 226 234 237 244 250 248 253 252 243 248 251 236 229 230 235 225 237 248 249 252 236 228 211 203 213 221 216 184 181 187 208 208 203 202 194 198 220 232 223 224 205 221 223 208 199 182 176 220 238 266 270 257 259
247 249 250 253 258 264 271 275 263 259 261 263 260 245 249 258 256 237 230 230 232 225 216 210 207 214 221 221 229 232 235 239 239 244 247 242 238 251 253 252 251 252 255 262 262 252 249 243 226 215 227 227 203 206 210 188 210 215 204 208 197 181 219 219 218 218 216 202 186 169 158 168 172 214 233 257 243 245 272
239 242 241 244 250 256 262 271 276 267 261 259 263 255 236 244 249 249 237 225 220 220 206 195 212 220 225 225 231 237 235 237 239 246 250 247 251 252 241 255 267 260 260 267 264 263 254 249 242 231 234 233 210 218 218 210 217 219 214 204 212 204 228 224 213 210 211 205 190 164 127 138 180 212 241 226 224 226 245
236 232 235 238 241 247 254 262 270 277 278 272 269 269 262 250 232 238 240 241 225 216 207 218 207 222 228 232 237 242 249 247 245 237 242 245 243 249 249 247 251 264 250 258 257 250 259 255 249 238 218 239 217 228 197 206 223 218 230 200 229 234 215 201 219 215 199 206 198 172 142 136 183 202 209 214 208 226 250
243 238 235 234 235 240 245 252 260 269 277 280 281 282 282 277 263 245 235 240 229 221 219 232 227 228 233 238 241 241 245 247 248 248 249 251 249 255 260 256 244 249 269 258 257 239 242 256 254 251 244 242 226 228 199 197 227 240 234 240 237 208 175 185 204 193 180 182 196 187 155 131 157 165 196 191 206 231 254
273 250 233 230 232 235 238 244 252 259 268 276 279 281 281 281 274 272 257 246 247 244 231 232 236 237 240 242 249 247 246 245 246 242 241 238 242 253 264 270 258 267 259 266 254 249 249 246 239 237 245 249 241 220 226 219 239 246 252 244 203 182 152 161 180 189 175 162 167 158 146 125 160 182 186 200 218 240 267
280 277 240 231 233 235 238 240 244 251 257 266 274 278 281 281 281 273 274 276 267 260 255 244 245 246 253 256 251 259 260 252 246 245 246 246 245 248 259 262 274 278 280 282 282 277 273 274 261 259 270 249 224 234 262 259 259 259 251 222 183 187 177 196 172 156 156 152 135 132 135 153 189 214 207 205 219 254 270
280 281 262 236 239 243 244 244 244 245 248 256 265 271 277 280 281 280 273 272 273 273 266 261 264 262 260 267 271 261 259 257 260 262 263 256 241 247 245 248 265 274 273 279 280 283 283 283 283 278 278 270 247 239 270 236 253 255 223 186 204 212 212 193 169 150 155 157 160 155 142 182 206 231 243 248 254 258 268
279 280 280 264 256 257 259 260 258 245 242 248 257 265 271 276 279 280 280 279 275 276 272 271 275 270 266 264 268 277 282 282 282 278 266 248 231 240 238 232 254 269 274 275 276 283 282 281 283 285 284 271 263 245 268 267 260 257 232 219 227 236 222 194 175 168 185 186 176 151 162 186 188 206 219 250 262 261 267
279 280 281 280 280 274 272 270 268 259 245 246 252 261 266 272 277 279 280 280 281 278 278 278 280 279 271 270 266 267 283 282 280 276 267 260 250 251 250 247 258 271 273 279 281 283 284 284 280 283 286 280 273 261 259 277 270 241 247 250 258 247 228 201 191 203 204 163 165 163 191 192 204 205 204 244 256 261 261
279 280 280 280 280 280 280 280 279 278 263 250 252 256 261 264 268 275 278 278 279 281 281 281 281 282 280 274 271 268 280 279 279 279 269 266 263 261 262 264 269 270 275 279 278 278 279 278 278 280 286 284 284 284 283 274 245 243 259 269 268 256 229 197 223 199 183 145 158 176 204 197 202 217 219 236 250 248 246
278 279 280 280 281 280 280 280 281 281 280 264 256 257 259 262 265 271 272 276 275 277 281 281 282 282 282 280 275 271 276 280 282 282 279 272 270 267 270 270 272 278 276 275 276 282 283 281 283 283 280 282 283 278 282 253 257 266 268 269 264 257 230 205 227 198 182 157 146 165 185 211 217 218 216 215 203 221 242
278 278 279 279 280 280 280 280 280 280 281 280 268 257 258 262 264 267 271 272 273 274 277 280 281 282 282 281 280 275 274 280 281 280 280 278 274 273 273 276 275 282 283 283 282 282 281 280 280 283 278 278 281 281 282 262 264 268 268 269 263 258 249 239 233 219 204 168 169 172 175 206 211 207 216 199 215 226 208
277 277 279 279 279 280 280 280 280 280 280 281 279 265 259 261 264 267 271 272 271 273 275 277 280 281 281 281 280 277 274 272 278 280 281 279 275 275 273 280 276 282 284 284 284 285 284 281 279 280 282 282 279 280 282 274 269 274 273 274 268 250 239 223 203 196 185 174 180 196 200 216 205 205 200 200 211 210 185
277 276 277 278 279 279 279 280 280 280 280 280 280 277 263 262 264 267 269 273 271 270 272 274 276 280 281 281 281 277 274 271 272 273 278 276 276 278 275 280 282 283 284 284 284 285 285 284 282 278 277 279 278 280 281 275 279 278 279 278 277 263 242 220 197 184 178 161 170 176 195 218 212 208 178 195 195 190 184
277 277 277 277 276 276 277 279 279 280 280 280 280 280 276 267 264 266 269 272 271 270 270 271 274 278 280 280 279 275 275 276 279 279 276 280 279 280 280 280 283 283 284 284 284 284 284 284 284 283 278 279 278 280 282 275 280 283 283 280 276 272 263 247 231 217 201 170 194 198 217 193 205 189 180 194 187 196 194
277 276 277 277 275 268 272 278 278 278 279 279 279 280 280 278 272 268 270 273 274 273 271 272 273 276 279 280 279 278 279 279 280 281 281 280 281 282 281 282 282 283 283 283 284 284 284 284 284 284 283 278 282 281 280 281 280 284 281 279 277 270 261 247 213 208 203 180 204 226 193 183 188 172 181 196 195 211 210
277 277 277 277 276 274 275 277 277 277 278 278 278 278 279 279 278 275 272 274 277 278 277 278 277 277 278 280 280 280 279 279 280 281 281 281 282 282 282 282 283 283 283 283 283 283 284 284 284 284 284 282 282 280 283 284 283 284 283 283 281 273 254 241 212 192 190 194 212 224 191 174 176 179 182 215 212 219 219
276 277 277 277 277 276 277 277 277 277 278 278 278 278 278 278 278 277 274 273 276 278 279 279 278 277 277 279 279 280 279 280 280 281 281 281 281 282 282 282 282 282 282 283 283 283 283 283 283 284 283 283 281 275 282 283 282 284 282 283 282 278 261 237 223 231 222 196 215 234 214 199 188 187 204 223 229 226 228
276 276 277 277 276 276 275 276 277 277 277 277 277 277 278 278 278 278 277 274 275 276 277 278 278 277 275 276 279 279 280 278 280 280 280 281 281 281 281 282 282 282 282 282 282 282 282 283 283 284 283 280 282 275 281 282 282 284 283 283 284 282 266 244 246 253 223 188 197 219 233 215 212 202 210 234 238 241 235
276 276 277 276 276 276 276 275 276 276 277 277 277 277 278 278 277 278 277 276 276 277 277 278 278 278 278 278 278 279 279 280 280 280 280 280 281 281 281 281 281 282 282 282 282 282 282 282 282 283 283 280 279 276 279 282 283 283 284 279 283 283 272 262 265 247 213 190 209 234 226 226 219 209 235 240 241 240 243
276 276 276 276 276 276 276 275 275 276 276 277 277 277 277 277 278 277 277 277 277 278 278 278 278 278 278 278 278 279 279 279 280 280 280 280 280 280 281 281 281 281 281 281 281 281 282 282 282 283 283 282 279 276 274 281 283 283 283 281 278 279 278 276 273 262 229 204 199 236 234 239 222 214 238 244 226 237 245
276 276 276 276 276 276 276 276 276 276 277 277 277 277 277 277 277 278 277 277 277 277 277 277 278 278 278 278 278 279 279 279 279 280 280 280 280 280 280 280 281 281 281 281 281 281 282 282 282 282 283 283 282 277 277 277 281 283 283 283 278 275 279 280 277 266 237 206 214 245 241 235 243 227 252 225 237 247 250
275 276 276 276 276 276 276 277 277 276 276 276 277 277 276 277 277 277 277 277 277 277 277 277 277 277 278 278 278 278 278 278 279 279 279 279 279 279 279 280 280 280 280 281 281 281 281 282 282 282 283 283 282 279 278 276 279 281 282 282 277 278 275 276 275 270 245 214 210 223 252 251 256 248 245 230 227 263 256
276 276 276 276 276 276 275 276 276 276 276 276 276 276 276 276 276 277 277 276 276 276 277 276 276 277 277 277 277 278 278 278 279 279 279 279 279 279 279 -9999 281 280 280 281 280 281 281 281 282 282 282 283 282 280 279 278 278 282 281 279 277 278 278 274 269 264 240 213 208 223 246 258 259 265 253 243 244 264 262
276 276 276 276 276 276 276 276 276 276 276 276 276 276 276 276 276 276 276 277 276 276 276 276 276 277 277 277 277 277 277 277 277 278 279 279 -9999 -9999 -9999 -9999 281 280 280 280 280 280 280 281 281 281 281 282 282 279 279 280 280 282 281 277 272 270 273 268 267 255 247 229 203 217 243 257 261 267 257 263 267 271 276
275 276 276 276 276 276 276 276 276 276 276 276 276 276 276 276 276 276 276 277 276 277 276 276 276 276 276 277 277 277 277 277 276 277 -9999 -9999 -9999 -9999 -9999 -9999 -9999 -9999 280 279 279 279 279 280 280 280 280 280 281 279 279 279 279 280 280 278 272 269 268 266 262 264 255 239 217 220 242 263 270 271 266 272 275 275 279
275 275 276 276 276 276 275 276 276 276 276 275 276 276 276 276 276 276 276 276 276 276 276 277 276 276 276 276 276 276 -9999 277 277 277 277 -9999 -9999 -9999 -9999 -9999 -9999 -9999 278 278 279 279 279 279 279 280 280 280 280 280 280 279 279 280 280 279 278 274 268 268 265 265 256 240 242 223 234 258 273 275 279 281 277 279 282
275 275 275 275 276 276 276 276 276 276 276 276 276 276 276 276 276 276 276 276 276 276 276 -9999 -9999 277 277 276 276 277 -9999 -9999 -9999 274 277 277 -9999 -9999 -9999 -9999 -9999 -9999 -9999 -9999 273 279 279 279 279 279 279 280 280 280 279 278 278 279 280 281 280 279 267 270 274 271 266 253 257 245 235 248 265 278 281 281 279 282 284
274 274 275 275 276 276 276 276 275 276 276 275 275 275 275 275 275 275 275 276 -9999 276 277 -9999 -9999 -9999 -9999 -9999 -9999 -9999 -9999 -9999 -9999 -9999 -9999 -9999 -9999 -9999 -9999 -9999 -9999 -9999 -9999 -9999 -9999 -9999 -9999 279 -9999 -9999 279 280 280 280 280 279 278 280 280 280 281 278 272 275 276 279 276 271 262 259 265 253 267 265 277 284 279 283 285
275 275 275 275 275 276 275 276 276 276 275 275 275 275 275 275 275 275 275 275 276 -9999 -9999 -9999 -9999 -9999 -9999 -9999 -9999 -9999 -9999 -9999 -9999 -9999 -9999 -9999 -9999 -9999 -9999 -9999 -9999 -9999 -9999 -9999 -9999 -9999 -9999 -9999 -9999 -9999 -9999 -9999 -9999 -9999 -9999 280 280 280 280 280 280 280 275 281 282 282 283 280 271 263 274 273 275 271 283 284 282 285 286
276 275 275 275 275 275 275 276 276 276 275 275 275 275 275 275 275 275 275 275 275 -9999 -9999 -9999 -9999 -9999 -9999 -9999 -9999 -9999 -9999 -9999 -9999 -9999 -9999 -9999 -9999 -9999 -9999 -9999 -9999 -9999 -9999 -9999 -9999 -9999 -9999 -9999 -9999 -9999 -9999 -9999 -9999 -9999 -9999 280 280 280 280 281 281 281 280 282 282 283 282 283 280 278 281 281 281 284 282 284 285 286 286
276 275 276 276 275 275 275 275 276 276 275 275 275 275 275 275 275 275 275 275 275 -9999 -9999 -9999 -9999 -9999 -9999 -9999 -9999 -9999 -9999 -9999 -9999 -9999 -9999 -9999 -9999 -9999 -9999 -9999 -9999 -9999 -9999 -9999 -9999 -9999 -9999 -9999 -9999 -9999 -9999 -9999 -9999 -9999 -9999 -9999 -9999 -9999 -9999 -9999 -9999 -9999 283 283 283 282 281 280 282 282 282 282 283 284 284 285 286 287 286
276 275 275 275 275 275 275 276 275 275 276 276 276 276 276 275 275 276 275 275 276 -9999 -9999 -9999 -9999 -9999 -9999 -9999 -9999 -9999 -9999 -9999 -9999 -9999 -9999 -9999 -9999 -9999 -9999 -9999 -9999 -9999 -9999 -9999 -9999 -9999 -9999 -9999 -9999 -9999 -9999 -9999 -9999 -9999 -9999 -9999 -9999 -9999 -9999 -9999 -9999 -9999 -9999 -9999 -9999 274 279 281 282 283 283 284 284 284 285 286 286 286 286
276 276 276 276 276 275 275 275 275 275 276 276 276 276 276 276 276 276 276 276 -9999 -9999 -9999 -9999 -9999 -9999 -9999 -9999 -9999 -9999 -9999 -9999 -9999 -9999 -9999 -9999 -9999 -9999 -9999 -9999 -9999 -9999 -9999 -9999 -9999 -9999 -9999 -9999 -9999 -9999 -9999 -9999 -9999 -9999 -9999 -9999 -9999 -9999 -9999 -9999 -9999 -9999 -9999 -9999 -9999 -9999 275 284 284 284 284 285 285 284 285 286 286 286 287
