Artocarpus altilis SDM files/Last interglacial/Environmental layers/bio5.asc
ncols  1201
nrows  481
xllcorner  119.99986351115
yllcorner  -15.00013864885
cellsize 0.041666667
NODATA_value  -9999
[rows 280 to 314 of 481, columns 474 to 552 of 1201]
280 279 278 279 279 278 278 277 277 278 279 278 278 279 279 279 278 277 277 278 277 276 277 278 278 278 279 279 278 277 276 277 277 278 278 278 278 278 278 278 279 279 278 278 277 277 278 279 279 279 278 277 277 277 278 279 278 277 277 277 277 277 277 277 276 274 272 273 273 269 259 249 239 222 215 222 234 247 251
280 280 280 279 280 278 278 277 277 277 279 278 279 279 279 278 278 277 277 277 277 276 277 278 279 278 279 279 278 276 277 277 277 277 277 278 279 278 278 279 279 278 278 278 277 277 278 279 279 278 277 277 277 278 278 277 278 277 277 277 277 277 277 275 275 273 271 273 274 269 264 257 251 243 241 240 240 242 243
281 281 281 280 280 279 278 278 278 279 279 279 280 280 279 278 277 277 278 277 277 277 277 278 278 279 279 279 278 276 277 278 277 276 277 278 279 278 278 279 279 278 278 278 277 277 279 279 279 278 277 276 277 278 278 278 278 277 277 277 277 276 277 276 277 274 273 275 274 273 270 264 261 256 256 255 248 241 239
282 281 281 281 282 279 279 279 279 279 280 280 280 280 279 278 277 277 278 277 277 277 277 277 277 277 278 279 278 277 277 278 277 276 277 277 279 279 278 279 279 279 278 278 278 277 278 279 278 278 277 276 277 278 278 278 277 277 277 276 276 276 276 277 276 276 275 273 274 273 269 270 271 266 265 263 262 252 239
282 282 282 283 282 281 280 280 279 280 281 280 280 279 279 278 277 277 277 278 277 277 277 276 276 277 278 279 279 278 278 278 277 276 277 278 278 279 279 279 279 279 279 278 278 278 278 279 277 277 276 276 277 278 278 277 277 277 276 276 276 277 276 275 277 276 274 272 273 274 273 274 276 272 271 266 270 272 258
283 283 283 283 282 281 281 280 280 281 281 280 280 279 279 278 278 277 277 278 277 277 277 276 276 276 278 279 279 279 278 279 278 277 278 276 277 278 278 279 279 279 279 279 279 279 279 278 277 276 276 276 277 277 278 277 277 277 276 276 277 277 276 276 276 275 274 273 275 275 275 276 276 275 276 274 275 275 279
284 283 284 283 283 282 282 282 281 281 281 280 279 278 278 278 278 277 277 278 277 277 277 277 276 276 277 278 278 278 279 279 278 278 278 277 276 277 277 278 278 279 279 279 279 279 278 277 277 276 275 275 276 277 278 278 277 277 276 277 277 277 276 275 273 273 273 274 275 275 275 274 277 278 278 278 277 276 278
285 285 285 284 284 282 282 282 283 282 281 281 280 279 278 278 278 277 277 278 278 277 277 276 276 276 276 277 277 277 278 279 278 278 277 277 276 276 277 277 278 278 279 279 278 277 277 276 277 276 276 275 277 277 278 278 277 276 276 277 276 275 275 274 274 273 273 273 273 275 276 277 278 278 278 277 278 277 278
285 286 285 284 284 283 283 283 284 283 283 282 280 279 279 279 278 278 278 278 278 277 277 277 276 276 277 277 277 278 278 279 279 278 277 276 276 276 277 277 278 278 279 278 278 278 278 277 277 276 276 275 276 278 278 278 277 277 277 277 276 276 275 274 274 273 272 272 271 273 276 276 275 278 278 278 278 279 279
286 286 285 285 284 284 284 284 284 284 284 283 281 280 279 280 280 279 279 278 279 278 278 278 278 277 277 277 277 278 278 278 279 278 278 278 277 276 276 277 278 278 279 279 278 277 277 278 277 277 276 276 277 278 278 278 277 277 276 275 274 274 274 274 273 273 272 271 268 272 275 276 276 276 279 278 278 278 279
287 287 286 285 286 285 285 285 285 284 284 283 282 280 280 280 280 279 280 279 279 278 278 277 277 277 277 277 277 278 278 279 279 279 278 277 276 276 276 277 278 278 279 278 277 276 276 276 276 276 277 276 277 278 278 278 277 276 274 274 274 274 274 274 273 273 272 271 273 272 275 274 275 276 277 279 278 278 278
288 288 287 287 287 287 287 286 285 285 284 283 282 281 281 280 280 280 281 280 278 278 277 277 277 277 277 277 276 278 278 278 278 279 278 277 277 276 276 277 278 279 279 278 277 277 277 276 276 277 278 277 278 278 278 277 276 274 274 274 275 274 274 274 273 272 273 272 274 271 273 276 276 275 275 278 279 278 278
289 288 288 287 287 287 287 287 286 285 283 282 282 282 282 281 281 280 281 281 280 279 278 278 277 277 277 276 277 277 278 278 278 278 279 278 278 277 276 276 276 278 279 278 277 277 278 278 277 278 278 278 278 278 277 276 275 275 275 275 274 274 274 274 273 272 273 273 275 274 274 276 276 275 276 276 278 278 278
289 289 289 288 288 287 287 287 286 285 284 283 283 283 283 282 282 281 281 282 282 280 280 278 277 277 277 277 277 277 277 278 278 278 279 278 277 276 276 276 276 277 278 278 278 278 278 278 278 278 278 278 278 277 277 275 275 275 275 275 274 274 275 273 270 270 274 274 275 275 274 276 276 275 275 276 276 278 277
289 289 289 288 288 288 286 286 285 285 285 284 284 283 284 283 283 283 282 282 281 281 280 279 278 278 278 277 278 277 278 279 279 279 279 278 277 277 276 276 276 277 278 278 278 278 278 278 278 277 277 277 277 276 275 275 275 275 275 274 275 275 274 273 273 273 274 275 275 274 275 276 276 275 275 276 276 277 278
290 288 289 288 288 288 288 287 286 286 285 285 285 285 285 284 284 284 284 282 280 280 280 280 279 278 278 278 278 278 278 277 278 279 279 279 278 278 277 277 277 277 278 278 278 278 277 277 277 277 277 276 276 275 275 275 275 275 275 275 275 274 274 273 274 275 275 275 274 273 274 275 276 275 274 276 277 277 278
290 289 289 288 288 288 288 287 286 286 286 286 286 287 286 284 285 285 284 284 282 281 280 280 280 279 279 279 279 278 278 278 278 278 279 279 278 277 277 277 277 277 277 277 277 277 277 277 276 276 276 275 275 275 275 275 275 275 275 275 275 274 274 274 274 275 276 274 274 273 274 275 276 275 275 275 276 277 277
290 289 289 289 288 288 288 288 288 287 286 286 286 287 287 287 286 285 284 283 283 282 281 281 280 280 279 279 279 279 279 279 278 279 279 279 278 278 277 278 277 278 278 277 277 277 277 277 276 276 276 275 275 275 275 275 275 275 275 275 275 274 274 274 275 275 276 274 274 274 274 275 276 275 275 275 276 276 277
290 290 290 290 289 288 288 288 288 288 287 287 287 288 287 287 286 285 284 284 283 283 282 282 281 280 280 280 280 280 279 279 279 280 280 280 279 278 278 278 278 278 278 277 277 276 276 277 276 276 276 275 275 275 275 275 275 275 275 275 274 275 274 274 274 276 275 274 274 274 274 275 276 274 275 276 275 276 276
290 290 290 290 290 290 289 289 289 288 288 288 288 288 287 287 286 286 285 284 284 283 283 282 282 281 281 281 280 280 279 279 280 280 281 280 280 279 279 279 278 278 278 278 277 276 275 275 276 276 276 276 275 275 275 275 276 275 275 275 274 275 275 274 274 275 275 274 274 274 275 275 276 275 275 276 275 275 276
291 290 290 290 290 291 290 289 289 289 288 288 289 289 288 288 287 286 286 285 284 284 283 283 283 282 282 281 280 280 280 280 280 281 281 281 280 280 280 280 279 279 278 277 277 276 276 276 276 275 276 276 275 275 275 275 275 276 276 275 274 275 275 274 274 275 276 274 274 274 274 275 276 275 275 275 276 275 276
291 291 290 290 291 291 291 290 289 289 289 289 290 290 289 289 287 286 286 286 285 284 284 283 283 283 282 281 281 280 280 280 281 282 282 282 281 280 280 280 280 279 278 277 277 277 277 277 276 275 275 276 276 275 275 275 275 276 276 275 275 275 275 275 275 275 275 274 274 275 275 275 276 276 275 275 276 275 275
292 292 291 291 291 291 291 291 290 290 289 290 290 290 290 289 288 287 287 286 286 285 285 284 283 283 283 282 281 281 281 281 282 281 281 281 282 281 281 280 280 279 278 278 277 278 278 278 277 276 275 275 276 276 276 276 276 276 276 275 275 275 275 275 275 275 275 275 274 274 275 275 275 276 275 276 276 276 275
291 291 292 292 292 291 291 291 291 291 291 290 290 290 290 289 289 288 287 287 286 286 285 285 285 284 283 282 282 282 282 281 281 281 281 282 282 282 281 281 281 279 279 278 278 278 278 278 277 276 276 275 275 276 276 276 276 276 276 275 275 275 275 275 275 275 276 275 274 274 274 275 275 276 276 276 276 276 276
291 291 291 291 292 292 292 291 291 291 291 291 291 290 290 289 289 288 288 287 287 286 285 285 285 284 284 283 283 282 282 282 281 282 281 282 282 282 282 282 281 280 280 280 278 279 279 278 278 277 276 276 276 275 275 276 276 276 277 276 276 275 275 276 275 275 275 274 274 274 274 275 275 275 275 276 276 276 276
292 291 291 291 291 292 293 291 291 291 291 291 291 291 290 289 289 289 289 288 288 286 285 285 285 285 285 284 284 283 282 282 282 282 282 282 283 283 283 282 282 281 280 280 279 279 280 278 278 277 277 277 276 276 275 275 276 276 276 276 276 276 275 276 276 276 276 275 274 274 274 274 274 274 275 275 275 276 276
292 291 291 291 291 292 292 293 292 291 291 292 292 291 290 290 289 289 289 288 288 287 286 286 285 285 285 285 284 284 283 283 282 282 283 282 283 283 283 283 282 282 281 281 279 280 280 279 279 278 278 277 276 276 276 276 276 276 276 277 277 276 275 275 276 276 275 274 275 274 274 274 274 275 275 274 275 275 276
292 292 292 292 292 292 292 292 292 292 292 292 292 291 290 290 290 289 289 289 288 288 287 287 286 285 285 285 285 285 284 283 283 283 283 283 283 283 284 283 283 283 282 281 281 280 280 279 279 279 279 278 277 277 276 276 276 276 276 277 277 276 276 275 276 276 275 274 275 275 275 274 274 274 274 274 274 275 275
291 292 292 292 293 292 292 292 292 292 293 292 291 291 291 291 290 290 290 289 288 288 287 287 286 286 286 285 285 285 284 284 284 283 283 283 283 283 284 283 283 283 283 282 282 281 281 280 280 280 279 279 278 278 277 276 276 276 276 275 276 277 276 275 277 275 275 275 275 275 275 275 274 274 274 274 274 275 275
292 292 291 292 293 293 293 292 293 293 293 293 293 292 291 291 290 291 291 290 289 288 288 287 287 287 286 287 286 286 285 284 284 284 284 284 283 283 283 284 283 283 283 283 282 282 281 281 280 280 279 279 279 279 278 278 276 276 275 275 275 275 276 275 277 275 275 276 276 275 275 276 275 275 275 274 274 275 274
292 292 291 292 292 293 292 293 293 293 292 292 292 292 291 291 291 291 290 290 290 289 288 288 287 287 287 286 286 286 285 285 285 285 284 284 284 283 283 283 283 283 283 283 283 282 282 281 281 281 280 280 279 279 279 278 277 276 276 276 275 276 276 276 276 276 275 276 276 276 276 276 275 275 276 275 275 276 275
292 292 292 292 292 292 292 293 293 293 292 292 292 292 291 292 292 291 290 290 290 289 289 288 288 287 287 287 287 286 286 285 285 285 285 284 284 283 283 284 283 283 283 283 283 283 282 282 281 281 281 280 280 280 279 279 278 277 277 277 276 276 276 276 276 276 276 276 276 276 276 276 276 275 276 276 276 276 275
291 292 292 292 291 291 292 293 293 293 293 292 292 291 292 292 292 292 291 290 290 290 289 289 289 289 288 287 287 287 286 286 286 286 285 285 284 284 284 283 284 283 283 283 283 283 283 282 282 281 281 280 280 280 280 279 278 277 277 277 276 276 275 275 275 276 276 276 276 276 276 276 276 276 276 277 277 276 276
291 291 291 292 292 291 292 292 292 292 292 292 293 292 291 292 292 292 292 291 291 290 290 289 289 289 288 288 287 287 287 286 286 286 286 285 284 284 284 284 284 284 284 284 284 284 283 283 281 280 281 280 279 280 280 279 278 278 277 277 276 276 275 275 275 276 276 275 275 275 275 276 276 276 277 276 276 276 276
290 290 291 291 291 292 292 292 292 292 292 292 293 293 292 291 291 292 292 291 291 291 290 289 289 289 289 288 288 287 287 287 287 286 286 285 285 285 285 284 284 284 284 285 284 284 284 283 282 281 281 281 280 280 280 280 279 279 278 277 277 276 276 275 275 275 275 275 275 274 274 275 275 275 275 275 275 276 276
