Artocarpus altilis SDM files/Last interglacial/Environmental layers/bio5.asc
ncols  1201
nrows  481
xllcorner  119.99986351115
yllcorner  -15.00013864885
cellsize 0.041666667
NODATA_value  -9999
[rows 210 to 244 of 481, columns 553 to 631 of 1201]
282 282 282 282 281 281 280 279 278 277 277 277 277 277 276 275 270 268 267 271 277 283 -9999 -9999 -9999 -9999 -9999 -9999 -9999 -9999 -9999 -9999 -9999 -9999 -9999 -9999 -9999 -9999 -9999 -9999 -9999 -9999 -9999 -9999 -9999 -9999 -9999 -9999 -9999 -9999 -9999 -9999 -9999 -9999 -9999 -9999 -9999 -9999 -9999 -9999 -9999 -9999 -9999 -9999 -9999 -9999 -9999 -9999 -9999 -9999 -9999 -9999 -9999 -9999 -9999 -9999 -9999 -9999 -9999
283 283 284 283 284 284 283 281 281 281 280 280 281 281 281 279 277 274 273 273 273 278 -9999 -9999 -9999 -9999 -9999 286 286 285 -9999 -9999 -9999 -9999 -9999 -9999 -9999 -9999 -9999 -9999 -9999 -9999 -9999 -9999 -9999 -9999 -9999 -9999 -9999 -9999 -9999 -9999 -9999 -9999 -9999 -9999 -9999 -9999 -9999 -9999 -9999 -9999 -9999 -9999 -9999 -9999 -9999 -9999 -9999 -9999 -9999 -9999 -9999 -9999 -9999 -9999 -9999 -9999 -9999
285 285 286 286 286 285 285 283 283 283 283 283 283 283 283 282 281 280 279 277 275 275 280 286 286 286 286 286 286 286 285 285 285 285 285 285 -9999 -9999 -9999 -9999 -9999 -9999 -9999 -9999 -9999 -9999 -9999 -9999 -9999 -9999 -9999 -9999 -9999 -9999 -9999 -9999 -9999 -9999 -9999 -9999 -9999 -9999 -9999 -9999 -9999 -9999 -9999 -9999 -9999 -9999 -9999 -9999 -9999 -9999 -9999 -9999 -9999 -9999 -9999
287 287 287 286 287 286 286 285 285 285 285 284 284 284 284 284 283 283 282 281 280 278 278 283 285 286 286 287 286 286 286 286 286 286 286 286 -9999 -9999 -9999 -9999 -9999 -9999 -9999 -9999 -9999 -9999 -9999 -9999 -9999 -9999 -9999 -9999 -9999 -9999 -9999 -9999 -9999 -9999 -9999 -9999 -9999 -9999 -9999 -9999 -9999 -9999 -9999 -9999 -9999 -9999 -9999 -9999 -9999 -9999 -9999 -9999 -9999 -9999 -9999
288 288 288 287 288 287 287 287 286 286 286 286 285 285 285 284 284 284 283 282 282 282 282 281 283 286 286 286 286 286 286 286 286 286 286 286 287 -9999 -9999 -9999 -9999 -9999 -9999 -9999 -9999 -9999 -9999 -9999 -9999 -9999 -9999 -9999 -9999 -9999 -9999 -9999 -9999 -9999 -9999 -9999 -9999 -9999 -9999 -9999 -9999 -9999 -9999 -9999 -9999 -9999 -9999 -9999 -9999 -9999 -9999 -9999 -9999 -9999 -9999
288 288 288 288 289 288 288 288 288 287 287 287 287 287 286 286 286 285 285 284 284 283 284 283 283 284 284 284 286 287 286 286 286 287 286 286 -9999 -9999 -9999 -9999 -9999 -9999 -9999 -9999 -9999 -9999 -9999 -9999 -9999 -9999 -9999 -9999 -9999 -9999 -9999 -9999 -9999 -9999 -9999 -9999 -9999 -9999 -9999 -9999 -9999 -9999 -9999 -9999 -9999 -9999 -9999 -9999 -9999 -9999 -9999 -9999 -9999 -9999 -9999
290 290 290 289 290 290 290 290 289 289 289 288 288 288 287 287 287 287 286 286 286 285 285 285 285 285 284 284 287 287 287 287 287 287 287 287 287 -9999 -9999 -9999 -9999 -9999 -9999 -9999 -9999 -9999 -9999 -9999 -9999 -9999 -9999 -9999 -9999 -9999 -9999 -9999 -9999 -9999 -9999 -9999 -9999 -9999 -9999 -9999 -9999 -9999 -9999 -9999 -9999 -9999 -9999 -9999 -9999 -9999 -9999 -9999 -9999 -9999 -9999
291 291 291 290 290 290 291 290 290 290 289 289 289 288 288 288 287 287 288 288 287 287 287 287 287 286 286 286 288 288 288 288 288 287 287 287 287 288 287 288 -9999 -9999 -9999 -9999 -9999 -9999 -9999 285 -9999 -9999 -9999 -9999 -9999 -9999 -9999 -9999 -9999 -9999 -9999 -9999 -9999 -9999 -9999 -9999 -9999 -9999 -9999 -9999 -9999 -9999 -9999 -9999 -9999 -9999 -9999 -9999 -9999 -9999 -9999
292 291 291 291 291 290 291 291 290 290 290 289 289 287 289 289 288 288 288 289 289 289 289 289 289 288 288 288 288 289 288 287 287 287 286 287 288 288 288 288 288 288 -9999 -9999 -9999 -9999 286 257 267 -9999 -9999 -9999 -9999 -9999 -9999 -9999 -9999 -9999 -9999 -9999 -9999 -9999 -9999 -9999 -9999 -9999 -9999 -9999 -9999 -9999 -9999 -9999 -9999 -9999 -9999 -9999 -9999 -9999 -9999
292 292 292 292 292 291 291 291 291 291 291 290 290 289 290 289 290 290 290 290 290 290 290 290 290 289 289 289 288 288 288 288 287 287 287 286 287 288 288 288 288 288 288 288 -9999 -9999 288 270 274 -9999 -9999 -9999 -9999 -9999 -9999 -9999 -9999 -9999 -9999 -9999 -9999 -9999 -9999 -9999 -9999 -9999 -9999 -9999 -9999 -9999 -9999 -9999 -9999 -9999 -9999 -9999 -9999 -9999 -9999
293 292 293 292 293 292 292 292 292 292 292 291 291 291 291 291 290 291 291 291 291 291 291 291 291 290 290 290 289 289 289 289 288 288 288 287 287 287 288 288 288 287 288 288 -9999 -9999 -9999 289 289 -9999 -9999 -9999 -9999 -9999 -9999 -9999 -9999 -9999 -9999 -9999 -9999 -9999 -9999 -9999 -9999 -9999 -9999 -9999 -9999 -9999 -9999 -9999 -9999 -9999 -9999 -9999 -9999 -9999 -9999
293 294 294 294 294 293 294 293 293 293 293 292 292 292 292 292 291 291 292 291 291 291 291 291 291 290 290 290 290 290 290 290 289 289 289 289 289 289 288 288 288 287 288 288 288 -9999 -9999 -9999 -9999 -9999 -9999 -9999 -9999 -9999 -9999 -9999 -9999 -9999 -9999 -9999 -9999 -9999 -9999 -9999 -9999 -9999 -9999 -9999 -9999 -9999 -9999 -9999 -9999 -9999 -9999 -9999 -9999 -9999 -9999
294 295 294 294 294 294 294 294 293 293 293 293 293 293 293 293 292 292 292 291 291 291 291 291 291 290 290 290 290 290 290 290 290 290 290 289 289 289 289 289 288 288 286 287 287 284 -9999 -9999 -9999 -9999 -9999 -9999 -9999 -9999 -9999 -9999 -9999 -9999 -9999 -9999 -9999 -9999 -9999 -9999 -9999 -9999 -9999 -9999 -9999 -9999 -9999 -9999 -9999 -9999 -9999 -9999 -9999 -9999 -9999
294 295 293 293 294 294 294 294 294 294 293 293 292 293 293 293 292 292 292 292 292 291 292 292 291 291 290 290 291 290 290 290 290 290 290 290 289 289 289 287 286 287 286 283 286 283 287 -9999 -9999 -9999 -9999 -9999 -9999 -9999 -9999 -9999 -9999 -9999 -9999 -9999 -9999 -9999 -9999 -9999 -9999 -9999 -9999 -9999 -9999 -9999 -9999 -9999 -9999 -9999 -9999 -9999 -9999 -9999 -9999
293 294 295 294 294 294 294 294 294 294 294 293 293 293 293 293 293 293 293 293 292 293 293 293 292 292 292 291 291 291 291 291 290 290 290 290 290 289 289 287 285 286 282 281 283 283 287 -9999 -9999 -9999 -9999 -9999 -9999 -9999 -9999 -9999 -9999 -9999 -9999 -9999 -9999 -9999 -9999 -9999 -9999 -9999 -9999 -9999 -9999 -9999 -9999 -9999 -9999 -9999 -9999 -9999 -9999 -9999 -9999
294 294 294 294 294 294 294 294 295 294 294 294 294 294 294 293 293 292 292 293 293 293 293 293 292 292 292 292 292 292 292 291 292 292 291 291 290 290 289 288 285 285 283 281 280 281 282 284 286 -9999 -9999 -9999 -9999 -9999 -9999 -9999 -9999 -9999 -9999 -9999 -9999 -9999 -9999 -9999 -9999 -9999 -9999 -9999 -9999 -9999 -9999 -9999 -9999 -9999 -9999 -9999 -9999 -9999 -9999
294 294 295 295 295 295 295 295 295 294 294 294 294 294 294 294 294 293 293 293 293 293 293 292 292 292 293 292 292 292 292 292 292 292 291 291 291 290 290 289 284 286 284 279 277 282 282 279 277 278 288 290 289 289 288 290 -9999 -9999 -9999 -9999 -9999 -9999 -9999 -9999 -9999 -9999 -9999 -9999 -9999 -9999 -9999 -9999 -9999 -9999 -9999 -9999 -9999 -9999 -9999
290 291 294 295 295 295 296 295 295 295 294 294 294 294 294 294 294 293 293 293 293 293 293 293 292 292 292 293 292 292 292 292 291 291 292 291 290 290 291 290 288 287 286 282 276 279 283 280 271 268 273 278 286 288 284 289 290 -9999 -9999 -9999 -9999 -9999 -9999 -9999 -9999 -9999 -9999 -9999 -9999 -9999 -9999 -9999 -9999 -9999 -9999 -9999 -9999 -9999 -9999
295 294 295 295 295 295 295 296 295 295 295 295 295 295 294 294 294 294 293 294 294 293 293 294 293 294 294 293 293 292 292 292 292 292 292 291 290 291 291 290 289 288 287 284 280 276 284 282 274 265 272 280 281 285 286 287 288 290 -9999 -9999 -9999 -9999 -9999 -9999 -9999 -9999 -9999 -9999 -9999 -9999 -9999 -9999 -9999 -9999 -9999 -9999 -9999 -9999 -9999
292 295 295 295 295 295 296 296 295 295 295 295 295 296 295 295 295 295 294 294 294 294 294 294 294 294 294 293 293 293 293 293 293 293 293 292 291 291 291 290 290 289 288 286 285 282 283 285 280 274 275 270 274 271 279 284 287 286 290 -9999 -9999 -9999 -9999 -9999 -9999 -9999 -9999 -9999 -9999 291 289 289 -9999 -9999 -9999 -9999 -9999 -9999 -9999
293 294 292 292 292 294 295 295 296 296 296 296 296 296 295 295 295 295 294 294 294 294 294 294 294 294 294 294 294 294 294 293 293 293 293 293 292 292 292 292 291 290 289 288 285 286 286 283 271 278 275 266 261 274 279 285 286 285 288 291 -9999 -9999 -9999 -9999 -9999 -9999 -9999 -9999 291 286 277 284 291 -9999 -9999 -9999 -9999 -9999 -9999
295 295 296 295 297 292 294 296 296 296 296 295 296 296 295 295 295 295 295 295 294 294 294 294 294 294 294 294 294 295 294 293 294 293 293 293 292 292 292 292 292 291 291 290 288 288 287 271 259 258 257 252 252 275 274 278 277 282 284 287 290 -9999 -9999 -9999 -9999 -9999 -9999 -9999 288 267 243 269 289 -9999 -9999 -9999 -9999 -9999 -9999
296 296 296 292 295 287 292 291 290 294 296 296 296 295 295 295 295 295 294 294 294 292 294 294 294 294 295 295 295 295 294 294 294 293 293 293 293 293 293 292 292 292 291 291 290 289 286 282 272 251 236 238 243 230 239 261 272 278 278 281 288 -9999 -9999 -9999 -9999 -9999 -9999 -9999 285 245 220 252 288 -9999 -9999 -9999 -9999 -9999 -9999
292 296 296 286 286 293 294 293 291 294 293 296 297 296 296 296 296 296 295 295 295 294 294 294 295 295 295 296 296 296 296 295 295 295 294 293 293 293 293 293 292 292 292 291 290 289 287 285 281 258 253 240 223 221 230 235 255 263 267 273 286 290 -9999 -9999 -9999 -9999 -9999 -9999 285 260 234 273 290 -9999 -9999 -9999 -9999 -9999 -9999
281 285 296 296 293 294 295 296 295 292 289 294 297 297 297 297 295 296 294 295 295 294 294 294 295 295 295 295 295 295 295 295 295 295 294 294 294 294 293 294 293 293 292 292 290 289 288 287 285 273 259 247 231 218 227 247 257 266 274 280 285 288 291 -9999 -9999 -9999 -9999 -9999 290 283 281 289 292 -9999 -9999 -9999 -9999 -9999 -9999
286 284 292 288 288 288 285 281 277 288 281 285 292 291 296 294 289 265 279 294 294 293 294 294 295 295 293 294 294 294 295 295 294 294 293 294 294 294 294 294 294 294 293 292 291 290 289 289 287 282 267 266 256 235 222 236 246 251 253 264 275 286 287 290 -9999 -9999 -9999 -9999 293 292 292 -9999 -9999 -9999 -9999 291 280 -9999 -9999
279 266 277 278 288 275 244 249 279 289 278 289 273 271 290 294 280 253 278 275 292 289 291 292 293 293 291 292 292 293 294 294 293 293 293 293 295 294 294 295 294 294 294 293 292 291 289 289 286 287 282 275 264 250 239 226 228 237 241 241 262 277 279 284 288 291 -9999 -9999 -9999 -9999 -9999 -9999 -9999 -9999 -9999 290 285 290 -9999
263 238 235 251 265 245 247 242 253 269 281 282 266 284 281 284 272 277 277 259 286 285 280 286 288 287 289 283 282 281 287 293 292 292 292 293 293 294 295 295 295 294 294 294 293 293 291 289 288 288 285 282 272 259 254 250 250 237 234 241 262 274 276 285 287 289 291 -9999 -9999 -9999 -9999 -9999 -9999 -9999 -9999 -9999 -9999 -9999 -9999
259 253 256 251 243 258 267 268 255 255 284 282 264 264 250 243 258 275 256 233 254 288 272 278 265 280 278 276 268 256 269 283 292 293 293 294 293 295 295 295 295 294 294 294 294 293 292 290 289 289 287 287 278 274 265 257 256 247 236 253 256 273 274 287 291 292 293 -9999 -9999 -9999 -9999 -9999 -9999 -9999 -9999 -9999 -9999 -9999 -9999
229 232 243 251 232 243 247 258 272 280 272 269 267 256 230 268 279 275 245 209 234 279 272 251 251 253 273 261 239 252 268 273 284 288 293 295 295 296 295 295 294 294 293 293 294 293 292 292 291 291 289 288 287 284 274 265 255 246 237 236 260 265 265 278 289 293 -9999 -9999 -9999 -9999 -9999 -9999 -9999 -9999 -9999 -9999 -9999 -9999 -9999
231 217 225 220 206 224 228 255 253 269 261 249 246 240 222 256 275 276 254 229 245 275 277 230 214 225 238 258 231 223 234 248 271 270 285 293 295 295 296 296 294 294 293 293 293 293 293 292 292 292 291 290 289 286 285 279 270 263 256 238 235 259 265 281 287 292 -9999 -9999 -9999 -9999 -9999 -9999 -9999 -9999 -9999 -9999 -9999 -9999 -9999
215 197 216 194 174 206 210 226 240 224 212 229 249 255 251 264 269 272 269 242 238 264 280 265 227 213 193 207 213 194 199 216 243 246 262 277 288 294 295 295 295 293 293 293 293 293 292 291 292 291 292 292 290 288 287 287 283 268 260 258 250 241 257 276 286 291 294 -9999 -9999 -9999 -9999 -9999 -9999 -9999 -9999 -9999 -9999 -9999 -9999
194 169 197 194 155 181 194 180 189 190 204 225 244 229 249 252 244 269 252 223 207 237 264 279 272 266 218 202 189 180 190 197 228 205 236 253 265 280 293 295 296 294 292 291 292 293 292 291 291 290 292 291 291 289 289 288 288 284 259 254 268 257 258 270 284 293 294 -9999 -9999 -9999 -9999 -9999 -9999 -9999 -9999 -9999 -9999 -9999 -9999
149 143 159 157 140 156 166 160 191 199 229 235 222 212 227 229 237 265 260 236 220 245 241 257 256 269 266 242 196 201 198 188 187 200 200 213 240 268 277 294 295 295 294 292 293 293 293 292 292 291 292 291 291 290 291 291 290 290 285 274 277 273 270 270 284 293 295 -9999 -9999 -9999 -9999 -9999 -9999 -9999 -9999 -9999 -9999 -9999 -9999
165 161 164 145 158 136 126 165 193 213 213 214 197 194 206 236 250 256 236 224 212 230 232 257 256 270 264 229 232 238 200 186 179 190 175 173 211 232 238 276 294 294 295 294 292 292 292 292 293 291 291 292 291 290 290 291 290 290 291 288 278 264 274 278 285 291 295 -9999 -9999 -9999 -9999 -9999 -9999 -9999 -9999 -9999 -9999 -9999 -9999
