Artocarpus altilis SDM files/Last interglacial/Environmental layers/bio6.asc
ncols  1201
nrows  481
xllcorner  119.99986351115
yllcorner  -15.00013864885
cellsize 0.041666667
NODATA_value  -9999
[rows 175 to 209 of 481, columns 395 to 473 of 1201]
229 228 228 228 228 227 227 227 226 225 225 224 224 223 221 222 222 222 220 219 221 221 218 216 218 219 221 221 219 217 212 212 220 220 220 223 221 221 219 215 211 208 211 215 215 219 220 223 223 222 221 218 215 219 221 223 224 226 223 215 208 203 208 216 220 223 228 227 232 233 233 229 229 235 237 238 239 -9999 -9999
228 227 226 226 225 224 221 222 224 221 222 221 223 222 221 221 221 221 222 221 221 221 220 220 220 221 215 211 208 204 206 209 213 209 213 221 222 223 221 215 213 206 208 208 203 215 215 217 221 220 220 216 212 218 224 225 226 227 226 227 227 226 227 228 230 230 230 229 231 233 232 231 231 229 233 237 238 238 -9999
227 226 225 225 224 224 221 217 220 218 218 220 218 218 217 220 217 217 219 218 217 217 216 216 216 219 218 211 208 207 203 202 202 203 204 214 220 220 216 215 216 208 204 201 203 200 207 212 214 218 218 215 212 218 222 222 222 221 223 224 225 227 227 228 228 227 229 230 230 231 232 232 230 231 232 236 236 236 237
225 223 223 222 220 218 220 216 216 214 203 215 206 200 205 207 207 205 209 210 214 216 216 216 218 217 215 211 208 204 198 202 200 196 199 201 207 212 206 206 210 216 208 197 197 192 199 191 198 200 203 200 203 214 219 219 218 208 215 217 220 224 225 225 224 224 222 226 228 226 229 230 229 230 231 234 234 232 233
224 220 221 219 218 216 214 211 209 200 196 208 212 206 205 197 206 200 200 207 211 211 213 213 212 215 212 211 207 203 201 196 194 193 195 198 199 202 203 203 205 211 208 201 193 180 182 186 187 180 168 162 180 188 195 207 209 209 212 212 217 214 222 222 221 219 220 221 223 225 227 229 228 228 227 230 231 228 229
221 220 219 215 213 210 203 203 203 200 193 194 206 198 203 199 190 182 191 201 204 207 198 203 204 209 203 199 196 198 196 196 196 195 195 198 199 201 200 202 206 209 209 200 191 185 181 178 174 161 154 167 170 163 179 184 179 186 190 200 208 212 218 216 216 220 215 213 219 222 225 226 224 223 225 225 229 229 228
219 218 216 211 205 208 209 207 198 193 200 196 187 186 192 191 187 180 185 190 195 204 196 191 203 206 195 193 190 192 193 190 197 193 197 195 198 199 196 194 198 196 205 213 208 201 196 191 183 172 146 140 145 136 147 143 153 165 175 170 185 200 199 199 206 218 213 212 216 219 221 221 220 220 227 227 225 221 227
216 212 210 212 207 202 201 205 195 192 192 197 195 189 181 189 179 183 190 186 192 187 186 190 196 205 197 193 194 192 194 194 198 193 193 194 198 199 204 199 192 198 201 208 213 207 209 205 200 192 173 165 133 117 141 142 149 144 145 149 156 154 155 169 195 214 210 216 218 221 220 222 222 219 225 227 220 216 222
210 204 211 206 202 198 201 201 197 193 191 190 189 186 182 183 171 166 183 194 195 188 188 192 196 194 190 193 192 198 191 198 203 194 199 199 198 200 199 206 204 206 202 204 210 213 211 214 209 201 192 187 164 147 165 161 161 174 162 125 129 136 140 164 191 205 199 200 206 203 216 221 224 221 224 222 222 216 215
211 207 204 207 200 197 192 191 187 186 180 187 187 181 174 175 175 178 173 195 189 193 196 192 197 194 192 199 192 194 201 195 202 201 205 206 205 208 207 212 216 214 208 201 202 211 216 214 213 211 205 191 172 179 176 170 181 177 177 167 164 165 178 184 185 185 185 199 201 194 204 207 218 218 220 220 218 214 212
213 206 204 209 201 196 199 191 191 184 172 182 179 178 179 184 187 194 194 198 198 198 201 199 202 199 198 202 198 192 195 198 200 206 207 205 209 210 211 213 212 209 210 209 211 206 212 216 214 213 211 209 205 201 189 186 190 183 178 169 181 192 187 196 198 203 205 209 205 203 204 211 217 219 215 210 213 213 209
213 208 210 212 207 197 206 200 192 183 184 186 181 177 188 194 194 188 197 203 199 202 203 201 203 203 202 203 203 198 199 206 208 209 211 210 209 210 211 213 215 215 217 216 215 216 215 209 213 213 213 213 213 211 206 202 200 197 179 183 193 197 199 205 209 213 214 215 214 214 212 209 211 215 214 206 202 206 210
214 213 210 212 211 208 205 205 193 194 188 191 182 186 192 197 201 203 202 207 210 205 202 206 202 206 202 200 206 204 203 198 201 205 209 210 212 214 218 218 219 220 220 220 220 221 222 217 212 208 208 208 211 211 211 213 210 207 203 204 205 208 211 214 216 217 216 214 215 215 215 216 218 219 216 204 207 211 209
216 216 214 215 208 209 207 207 205 199 197 195 191 195 200 194 203 208 207 205 207 203 203 205 203 203 205 203 208 210 210 209 209 210 213 216 216 216 218 220 220 221 221 221 221 222 223 222 220 219 216 210 210 209 211 214 214 214 215 214 214 215 217 217 217 216 215 213 215 214 212 212 215 216 216 212 206 202 204
218 215 206 207 213 209 209 207 205 205 204 200 194 196 200 204 203 204 208 208 209 209 209 207 209 209 209 208 209 209 210 214 216 217 217 218 219 220 220 220 220 221 221 222 222 222 223 223 222 221 221 220 215 210 210 214 216 216 217 216 215 216 218 218 218 216 217 216 215 215 212 213 214 214 214 209 204 195 194
217 212 200 207 209 203 206 205 205 202 203 200 196 200 202 206 207 209 211 213 213 214 213 214 214 215 214 214 215 216 216 216 217 218 219 219 220 220 220 220 221 221 222 222 222 223 223 223 223 223 222 221 221 219 214 210 215 216 216 215 214 216 218 218 218 218 218 217 216 216 214 215 214 213 213 207 199 189 187
216 212 204 203 202 202 201 204 201 202 201 197 198 199 204 208 212 213 214 215 215 216 215 215 215 216 215 216 217 217 217 217 218 218 219 220 220 221 221 220 221 221 221 222 222 222 222 222 222 222 222 222 221 221 220 218 214 217 217 216 216 215 215 216 217 218 217 217 217 217 217 217 214 210 212 213 198 186 186
209 191 192 190 190 195 204 202 202 201 202 201 204 205 209 211 213 214 215 216 216 217 217 217 217 217 218 218 218 219 219 219 219 219 220 220 220 221 221 220 221 221 221 221 221 222 222 222 222 222 222 223 222 222 221 221 220 220 219 218 219 218 219 219 219 220 219 219 218 218 217 217 216 213 209 215 202 195 191
201 183 195 183 189 200 203 195 199 201 206 208 208 210 212 213 214 215 215 216 216 217 217 218 218 218 218 218 219 219 220 220 220 220 220 220 221 221 221 221 221 221 221 222 222 222 222 222 222 222 222 222 222 222 222 221 221 221 221 220 220 220 221 220 220 220 220 220 219 218 218 217 217 216 214 212 209 194 185
183 174 187 178 189 197 200 196 190 198 209 212 212 213 213 215 215 216 216 217 217 217 217 218 218 218 219 219 219 220 220 220 220 221 221 221 221 221 221 221 221 221 222 222 222 222 222 222 222 222 222 222 223 223 222 222 222 222 222 221 222 221 221 221 221 221 220 220 219 219 219 218 217 217 217 211 211 199 180
184 177 172 175 178 184 192 189 184 199 209 213 213 213 213 215 216 216 216 217 217 217 218 217 218 218 219 219 219 220 220 220 220 220 221 221 221 221 221 221 221 221 221 222 223 223 222 222 222 222 222 223 223 223 222 222 222 222 222 222 222 222 221 221 221 221 221 220 220 219 219 219 218 218 217 215 208 202 178
178 147 143 147 162 168 176 177 188 203 212 213 214 214 212 215 214 216 216 217 217 217 217 218 218 219 219 219 219 220 220 220 220 220 221 221 221 221 221 221 221 221 221 222 222 222 222 222 223 223 223 223 223 223 223 223 222 223 222 222 223 222 221 221 221 221 221 220 220 220 220 219 218 218 216 215 213 204 192
166 126 119 125 146 135 155 183 199 209 213 212 214 214 214 208 206 216 216 216 216 215 217 218 218 218 219 219 219 219 220 220 220 220 221 221 221 221 221 221 221 221 222 222 222 223 223 222 223 223 223 223 223 223 223 223 223 223 223 223 222 222 222 222 222 222 221 221 221 220 220 219 219 218 217 217 216 211 205
151 117 87 101 111 134 174 184 206 212 213 212 211 205 211 190 207 214 215 216 216 216 216 218 217 218 218 219 219 217 216 218 220 220 221 221 221 221 220 220 221 221 221 222 222 222 222 223 223 223 223 223 223 223 223 223 223 223 223 223 223 222 222 222 222 222 222 221 221 221 221 220 219 219 218 217 216 215 210
148 127 98 109 135 165 182 199 207 211 210 199 195 196 199 195 212 213 213 214 216 215 217 218 218 218 216 214 212 206 194 193 205 219 219 220 220 218 211 217 217 218 219 221 222 222 222 222 222 222 222 216 222 223 223 223 223 223 223 223 223 223 223 223 222 222 222 222 221 221 221 220 220 219 218 217 216 215 213
147 129 138 94 120 151 173 191 203 204 202 204 195 196 180 201 213 213 213 215 215 211 216 217 218 217 206 178 199 197 167 173 202 202 204 214 199 210 216 216 209 190 178 200 210 217 216 217 219 219 218 203 205 221 221 221 220 223 223 223 223 223 223 223 222 222 222 222 222 221 220 220 220 219 218 217 216 215 215
147 142 158 140 146 160 168 185 183 180 178 197 185 173 169 194 209 211 213 214 214 213 215 214 217 216 206 187 188 187 170 165 172 176 203 182 173 200 193 208 196 179 144 154 172 200 201 202 204 211 209 198 184 198 217 215 213 222 222 223 223 223 223 223 222 222 221 221 221 221 221 220 220 219 219 218 217 216 216
127 147 169 173 179 178 186 187 170 149 154 188 168 158 183 196 204 205 209 199 199 196 204 209 212 210 205 195 182 186 179 166 149 166 191 157 185 188 201 203 193 155 151 167 153 169 161 172 165 187 198 198 174 158 188 188 187 209 221 222 223 222 222 222 222 221 221 221 221 221 221 220 220 220 220 219 218 217 216
105 137 155 157 156 151 172 152 176 167 126 167 180 154 169 182 187 180 186 200 184 178 197 194 205 203 196 198 197 187 166 153 167 175 159 143 143 158 163 184 197 193 192 174 147 139 118 124 114 139 161 163 176 148 125 139 172 199 209 208 207 216 216 220 222 222 222 222 221 221 221 220 220 220 220 219 219 218 217
128 151 129 102 108 110 132 152 161 141 140 167 180 158 162 151 174 150 170 192 177 172 185 184 191 177 154 182 169 161 150 133 123 136 108 127 140 173 176 180 167 146 151 169 176 168 127 94 78 129 130 112 138 132 103 119 162 171 155 180 161 174 194 176 198 221 222 221 221 221 221 221 221 220 220 220 220 219 219
84 110 136 134 109 86 69 109 126 130 152 169 162 166 129 156 154 124 135 177 182 152 154 173 179 158 117 140 170 160 129 100 80 82 118 143 148 137 127 147 159 127 98 97 113 156 165 142 106 89 69 52 70 81 88 90 118 113 103 123 110 132 145 149 173 191 214 220 221 221 221 221 221 221 220 220 220 219 219
56 86 113 130 122 100 63 65 69 101 131 140 132 156 133 130 140 125 145 175 187 176 140 144 168 128 90 141 149 151 138 102 55 98 121 90 112 97 89 114 105 115 76 57 91 110 149 130 109 91 61 74 90 103 113 121 132 105 127 122 127 125 142 162 176 189 196 209 214 217 215 220 221 221 220 220 220 220 220
76 89 115 132 126 116 98 70 75 80 74 69 82 116 126 113 117 138 154 132 150 184 164 128 131 134 107 106 127 124 107 92 82 74 85 98 94 83 67 73 64 71 69 59 84 97 139 152 118 101 95 85 103 134 151 155 142 135 132 152 158 154 164 165 164 174 192 185 194 192 191 200 218 220 220 219 219 219 220
135 134 133 121 115 123 113 98 74 59 53 45 51 61 73 69 83 110 108 136 161 166 175 146 138 141 135 135 162 136 116 118 124 121 128 139 134 122 96 98 89 88 87 77 103 119 134 144 144 135 122 98 115 137 159 155 164 159 161 164 163 178 183 185 189 192 194 194 197 185 186 201 212 218 216 216 219 218 219
118 124 116 124 128 125 122 112 93 92 78 74 92 89 89 80 103 119 136 158 132 148 150 159 169 167 169 168 157 151 153 153 156 142 140 131 123 130 122 122 114 112 109 91 113 120 116 138 134 110 99 107 136 150 157 142 163 173 177 176 181 178 170 164 178 183 189 195 197 200 195 194 199 210 216 218 218 211 214
