Artocarpus altilis SDM files/Last interglacial/Environmental layers/bio6.asc
ncols  1201
nrows  481
xllcorner  119.99986351115
yllcorner  -15.00013864885
cellsize 0.041666667
NODATA_value  -9999
[rows 315 to 349 of 481, columns 632 to 710 of 1201]
213 211 207 198 199 179 152 171 159 128 148 119 127 111 71 33 44 53 36 44 65 70 116 162 180 182 174 172 150 186 204 209 206 217 219 221 223 224 225 224 226 224 219 228 -9999 -9999 -9999 -9999 -9999 -9999 -9999 -9999 -9999 -9999 -9999 -9999 -9999 -9999 -9999 -9999 -9999 -9999 -9999 -9999 -9999 -9999 -9999 -9999 -9999 -9999 -9999 -9999 -9999 -9999 -9999 -9999 -9999 -9999 -9999
215 214 210 193 191 175 154 154 159 132 120 130 117 92 65 48 53 91 56 56 59 45 85 133 176 178 171 175 160 190 189 196 206 209 218 219 221 223 224 222 226 225 219 229 -9999 -9999 -9999 -9999 -9999 -9999 -9999 -9999 -9999 -9999 -9999 -9999 -9999 -9999 -9999 -9999 -9999 -9999 -9999 -9999 -9999 -9999 -9999 -9999 -9999 -9999 -9999 -9999 -9999 -9999 -9999 -9999 -9999 -9999 -9999
215 215 213 201 193 181 170 174 175 147 105 99 93 78 98 75 74 104 93 70 49 42 77 91 152 155 165 185 191 188 180 198 194 204 217 218 218 221 223 224 226 223 226 227 -9999 -9999 -9999 -9999 -9999 -9999 -9999 -9999 -9999 -9999 -9999 -9999 -9999 -9999 -9999 -9999 -9999 -9999 -9999 -9999 -9999 -9999 -9999 -9999 -9999 -9999 -9999 -9999 -9999 -9999 -9999 -9999 -9999 -9999 -9999
216 215 214 205 199 187 192 194 170 129 90 122 110 84 118 98 89 103 111 82 68 50 49 71 117 105 155 181 186 193 185 191 201 207 213 215 218 221 223 224 225 224 227 224 -9999 -9999 -9999 -9999 -9999 -9999 -9999 -9999 -9999 -9999 -9999 -9999 -9999 -9999 -9999 -9999 -9999 -9999 -9999 -9999 -9999 -9999 -9999 -9999 -9999 -9999 -9999 -9999 -9999 -9999 -9999 -9999 -9999 -9999 -9999
216 216 215 212 205 200 199 192 175 145 127 149 133 106 130 123 85 98 123 108 83 47 55 64 95 69 101 156 173 188 200 200 199 209 210 216 217 220 222 223 224 225 226 224 227 -9999 -9999 -9999 -9999 -9999 -9999 -9999 -9999 -9999 -9999 -9999 -9999 -9999 -9999 -9999 -9999 -9999 -9999 -9999 -9999 -9999 -9999 -9999 -9999 -9999 -9999 -9999 -9999 -9999 -9999 -9999 -9999 -9999 -9999
217 216 216 215 212 207 205 193 180 170 160 160 148 118 135 126 112 131 131 118 96 51 47 75 44 55 107 130 176 187 192 198 200 207 212 216 217 219 221 222 223 224 225 226 226 -9999 -9999 -9999 -9999 -9999 -9999 -9999 -9999 -9999 -9999 -9999 -9999 -9999 -9999 -9999 -9999 -9999 -9999 -9999 -9999 -9999 -9999 -9999 -9999 -9999 -9999 -9999 -9999 -9999 -9999 -9999 -9999 -9999 -9999
217 217 216 215 214 213 211 203 190 179 170 153 138 127 136 153 140 112 94 84 63 47 41 56 15 38 82 101 166 184 183 187 199 207 212 215 218 218 220 221 222 223 224 225 225 -9999 -9999 -9999 -9999 -9999 -9999 -9999 -9999 -9999 -9999 -9999 -9999 -9999 -9999 -9999 -9999 -9999 -9999 -9999 -9999 -9999 -9999 -9999 -9999 -9999 -9999 -9999 -9999 -9999 -9999 -9999 -9999 -9999 -9999
218 218 217 216 215 214 213 211 200 184 175 168 146 158 154 166 149 145 117 93 80 67 59 44 15 9 41 93 149 170 175 158 176 198 208 213 217 217 219 220 221 222 223 223 224 -9999 -9999 -9999 -9999 -9999 -9999 -9999 -9999 -9999 -9999 -9999 -9999 -9999 -9999 -9999 -9999 -9999 -9999 -9999 -9999 -9999 -9999 -9999 -9999 -9999 -9999 -9999 -9999 -9999 -9999 -9999 -9999 -9999 -9999
215 218 218 217 216 215 214 212 204 185 165 156 146 164 172 166 122 110 98 93 96 98 68 46 19 41 49 91 138 157 163 135 162 187 204 213 215 216 218 219 220 221 222 222 223 224 -9999 -9999 -9999 -9999 -9999 -9999 -9999 -9999 -9999 -9999 -9999 -9999 -9999 -9999 -9999 -9999 -9999 -9999 -9999 -9999 -9999 -9999 -9999 -9999 -9999 -9999 -9999 -9999 -9999 -9999 -9999 -9999 -9999
216 217 218 218 217 216 215 213 208 195 173 161 169 161 181 154 158 137 120 106 91 103 74 48 45 81 82 77 129 145 148 122 162 175 202 210 214 216 216 218 219 220 221 221 222 223 -9999 -9999 -9999 -9999 -9999 -9999 -9999 -9999 -9999 -9999 -9999 -9999 -9999 -9999 -9999 -9999 -9999 -9999 -9999 -9999 -9999 -9999 -9999 -9999 -9999 -9999 -9999 -9999 -9999 -9999 -9999 -9999 -9999
217 217 218 218 218 217 216 214 209 202 186 169 167 177 181 174 137 152 143 127 100 107 103 62 48 66 102 124 141 163 139 124 151 181 196 202 213 214 215 217 218 219 219 220 221 222 -9999 -9999 -9999 -9999 -9999 -9999 -9999 -9999 -9999 -9999 -9999 -9999 -9999 -9999 -9999 -9999 -9999 -9999 -9999 -9999 -9999 -9999 -9999 -9999 -9999 -9999 -9999 -9999 -9999 -9999 -9999 -9999 -9999
221 219 217 217 218 218 216 215 208 199 200 186 192 184 164 158 138 119 132 123 109 103 118 75 61 51 80 101 141 175 163 136 148 174 194 195 210 213 214 216 216 217 218 219 220 221 -9999 -9999 -9999 -9999 -9999 -9999 -9999 -9999 -9999 -9999 -9999 -9999 -9999 -9999 -9999 -9999 -9999 -9999 -9999 -9999 -9999 -9999 -9999 -9999 -9999 -9999 -9999 -9999 -9999 -9999 -9999 -9999 -9999
220 222 221 219 219 218 217 214 207 201 197 193 184 172 160 158 156 127 109 98 92 109 120 78 82 57 65 99 130 167 189 169 176 187 180 185 207 210 214 214 215 216 217 217 219 219 220 -9999 -9999 -9999 -9999 -9999 -9999 -9999 -9999 -9999 -9999 -9999 -9999 -9999 -9999 -9999 -9999 -9999 -9999 -9999 -9999 -9999 -9999 -9999 -9999 -9999 -9999 -9999 -9999 -9999 -9999 -9999 -9999
-9999 -9999 222 221 220 220 219 217 212 207 204 196 195 184 179 180 168 151 139 102 95 105 126 103 108 54 38 80 131 148 176 191 173 151 163 186 195 208 211 213 214 214 214 215 217 217 218 220 220 221 -9999 -9999 -9999 -9999 -9999 -9999 -9999 -9999 -9999 -9999 -9999 -9999 -9999 -9999 -9999 -9999 -9999 -9999 -9999 -9999 -9999 -9999 -9999 -9999 -9999 -9999 -9999 -9999 -9999
-9999 -9999 -9999 222 222 221 220 219 213 213 212 205 198 183 172 174 169 154 138 129 113 107 133 125 114 62 38 71 108 114 158 191 168 145 137 157 181 198 206 211 212 212 213 214 215 216 216 218 218 219 220 -9999 -9999 -9999 -9999 -9999 -9999 -9999 -9999 -9999 -9999 -9999 -9999 -9999 -9999 -9999 -9999 -9999 -9999 -9999 -9999 -9999 -9999 -9999 -9999 -9999 -9999 -9999 -9999
-9999 -9999 -9999 -9999 222 222 221 219 213 215 216 212 205 191 180 168 162 145 161 151 123 113 131 120 76 42 24 26 50 88 144 187 175 145 126 143 159 183 198 211 211 210 210 211 212 213 215 216 217 218 219 220 -9999 -9999 -9999 -9999 -9999 -9999 -9999 -9999 -9999 -9999 -9999 -9999 -9999 -9999 -9999 -9999 -9999 -9999 -9999 -9999 -9999 -9999 -9999 -9999 -9999 -9999 -9999
-9999 -9999 -9999 -9999 223 222 222 221 216 216 217 216 211 201 193 179 166 164 169 143 130 126 143 105 110 69 30 20 38 92 149 185 182 149 152 138 154 186 206 210 209 207 206 206 208 210 212 214 215 216 218 218 -9999 -9999 -9999 -9999 -9999 -9999 -9999 -9999 -9999 -9999 -9999 -9999 -9999 -9999 -9999 -9999 -9999 -9999 -9999 -9999 -9999 -9999 -9999 -9999 -9999 -9999 -9999
-9999 -9999 -9999 -9999 223 223 222 220 220 218 218 218 216 207 196 187 170 174 178 155 124 122 150 135 138 87 37 35 48 108 146 169 191 174 172 165 156 177 194 208 207 203 200 199 200 203 208 211 213 215 216 217 -9999 -9999 -9999 -9999 -9999 -9999 -9999 -9999 -9999 -9999 -9999 -9999 -9999 -9999 -9999 -9999 -9999 -9999 -9999 -9999 -9999 -9999 -9999 -9999 -9999 -9999 -9999
-9999 -9999 -9999 -9999 225 223 223 221 220 220 220 219 218 211 202 196 187 178 164 159 128 126 149 157 163 128 70 67 36 84 103 149 184 192 180 176 156 169 192 205 203 198 192 188 189 195 201 202 204 210 214 217 -9999 -9999 -9999 -9999 -9999 -9999 -9999 -9999 -9999 -9999 -9999 -9999 -9999 -9999 -9999 -9999 -9999 -9999 -9999 -9999 -9999 -9999 -9999 -9999 -9999 -9999 -9999
-9999 -9999 -9999 -9999 -9999 224 222 220 218 221 220 221 220 215 208 204 198 186 178 167 140 141 151 172 177 162 129 96 32 36 97 122 153 187 190 183 181 186 193 205 199 193 183 171 174 187 191 189 189 199 207 213 216 -9999 -9999 -9999 -9999 -9999 -9999 -9999 -9999 -9999 -9999 -9999 -9999 -9999 -9999 -9999 -9999 -9999 -9999 -9999 -9999 -9999 -9999 -9999 -9999 -9999 -9999
-9999 -9999 -9999 -9999 -9999 225 223 221 220 219 221 221 221 217 215 208 201 193 185 177 163 167 181 190 179 148 118 87 60 41 60 101 128 156 180 178 187 194 197 199 197 189 176 150 159 178 179 166 169 184 194 204 214 -9999 -9999 -9999 -9999 -9999 -9999 -9999 -9999 -9999 -9999 -9999 -9999 -9999 -9999 -9999 -9999 -9999 -9999 -9999 -9999 -9999 -9999 -9999 -9999 -9999 -9999
-9999 -9999 -9999 -9999 -9999 227 226 223 223 221 222 223 222 221 219 216 208 204 198 187 179 190 190 194 187 156 138 119 95 82 92 75 109 129 126 129 143 148 163 183 193 186 179 169 166 170 162 132 132 166 176 199 211 -9999 -9999 -9999 -9999 -9999 -9999 -9999 -9999 -9999 -9999 -9999 -9999 -9999 -9999 -9999 -9999 -9999 -9999 -9999 -9999 -9999 -9999 -9999 -9999 -9999 -9999
-9999 -9999 -9999 -9999 -9999 -9999 228 225 225 225 225 224 223 222 221 220 217 215 211 203 199 204 204 200 189 172 167 143 118 127 130 101 79 113 98 81 105 89 106 155 180 171 174 173 171 168 156 140 144 146 166 195 212 214 -9999 -9999 -9999 -9999 -9999 -9999 -9999 -9999 -9999 -9999 -9999 221 219 221 221 221 224 225 -9999 -9999 -9999 -9999 -9999 -9999 -9999
-9999 -9999 -9999 -9999 -9999 -9999 -9999 228 227 226 225 225 224 223 222 221 220 220 218 213 213 209 201 191 190 173 155 149 157 166 153 144 103 97 81 66 73 74 111 131 166 153 153 144 160 161 161 163 166 167 178 190 208 213 -9999 -9999 -9999 -9999 -9999 -9999 -9999 218 218 219 219 218 209 212 213 212 215 224 -9999 -9999 -9999 -9999 -9999 -9999 -9999
-9999 -9999 -9999 -9999 -9999 -9999 -9999 -9999 -9999 -9999 -9999 225 225 224 223 222 221 220 219 218 217 215 205 192 191 176 166 156 175 172 150 135 120 89 65 49 45 58 75 102 145 151 124 124 146 161 166 173 176 173 176 186 195 211 213 213 213 214 215 216 216 216 217 217 215 214 200 187 194 202 213 223 -9999 -9999 -9999 -9999 -9999 -9999 -9999
-9999 -9999 -9999 -9999 -9999 -9999 -9999 -9999 -9999 -9999 -9999 -9999 -9999 225 223 223 222 221 220 219 219 216 211 203 202 195 185 184 166 176 156 149 129 99 81 37 40 60 74 98 131 156 143 136 138 156 169 175 179 171 165 174 184 209 211 212 212 213 214 215 215 216 216 211 205 199 193 154 171 202 214 222 -9999 -9999 -9999 -9999 -9999 -9999 -9999
-9999 -9999 -9999 -9999 -9999 -9999 -9999 -9999 -9999 -9999 -9999 -9999 -9999 225 224 223 223 222 221 220 220 218 216 211 208 204 199 185 169 169 165 149 125 94 84 64 44 66 79 91 106 136 140 130 136 156 169 176 183 182 179 186 202 209 211 212 212 212 213 214 214 215 213 205 188 155 174 177 183 211 222 224 -9999 -9999 -9999 -9999 -9999 -9999 -9999
-9999 -9999 -9999 -9999 -9999 -9999 -9999 -9999 -9999 -9999 -9999 -9999 -9999 227 226 225 224 223 222 221 221 219 213 209 206 199 194 176 169 163 165 155 121 105 82 76 51 60 77 54 92 101 139 146 149 157 168 175 182 182 169 192 202 202 211 211 211 211 212 213 213 215 212 204 182 159 181 202 208 218 -9999 -9999 -9999 -9999 -9999 -9999 -9999 -9999 -9999
-9999 -9999 -9999 -9999 -9999 -9999 -9999 -9999 -9999 -9999 -9999 -9999 -9999 227 226 226 225 224 223 223 222 220 209 200 208 201 198 193 188 169 158 164 142 118 88 86 69 58 61 38 60 91 128 160 156 163 168 168 165 152 172 189 185 188 209 211 211 211 212 212 213 214 214 207 196 189 197 208 216 220 -9999 -9999 -9999 -9999 -9999 -9999 -9999 -9999 -9999
-9999 -9999 -9999 -9999 -9999 -9999 -9999 -9999 -9999 -9999 -9999 -9999 -9999 -9999 227 226 225 221 221 224 222 219 216 211 212 207 200 185 190 170 145 141 136 133 127 118 105 82 78 56 80 104 112 145 161 172 155 131 113 123 156 161 176 184 207 209 210 210 211 211 213 213 214 211 207 204 208 214 218 219 -9999 -9999 -9999 -9999 -9999 -9999 -9999 -9999 -9999
-9999 -9999 -9999 -9999 -9999 -9999 -9999 -9999 -9999 -9999 -9999 -9999 -9999 -9999 -9999 227 226 220 216 222 223 220 219 215 208 203 185 185 181 172 158 159 149 147 161 141 125 114 106 75 85 107 113 138 166 173 145 124 128 141 162 170 182 186 200 207 210 210 210 211 212 213 213 214 213 212 214 217 218 -9999 -9999 -9999 -9999 -9999 -9999 -9999 -9999 -9999 -9999
-9999 -9999 -9999 -9999 -9999 -9999 -9999 -9999 -9999 -9999 -9999 -9999 -9999 -9999 -9999 -9999 227 223 220 221 224 222 221 216 198 192 191 189 181 182 186 180 169 166 172 151 145 142 115 111 93 83 124 148 138 165 163 159 160 167 165 178 185 190 194 202 208 209 210 211 211 212 212 212 213 214 215 216 217 -9999 -9999 -9999 -9999 -9999 -9999 -9999 -9999 -9999 -9999
-9999 -9999 -9999 -9999 -9999 -9999 -9999 -9999 -9999 -9999 -9999 -9999 -9999 -9999 -9999 -9999 229 227 227 224 222 223 220 213 192 188 192 190 180 183 198 178 190 174 179 159 164 164 152 150 120 83 91 106 135 154 179 186 184 180 176 185 192 187 190 194 204 209 210 210 211 211 210 211 212 213 214 215 217 -9999 -9999 -9999 -9999 -9999 -9999 -9999 -9999 -9999 -9999
-9999 -9999 -9999 -9999 -9999 -9999 -9999 -9999 -9999 -9999 -9999 -9999 -9999 -9999 -9999 -9999 230 229 228 227 224 223 223 221 207 175 187 190 184 189 200 195 196 180 171 179 179 175 156 123 101 65 96 109 130 144 159 185 192 190 194 197 197 196 187 193 199 205 205 201 202 202 207 208 210 210 210 211 215 217 -9999 -9999 -9999 -9999 -9999 -9999 -9999 -9999 -9999
-9999 -9999 -9999 -9999 -9999 -9999 -9999 -9999 -9999 -9999 -9999 -9999 -9999 -9999 -9999 -9999 232 231 231 -9999 228 225 226 224 219 199 179 189 187 188 205 202 201 188 178 175 186 166 147 120 87 83 110 125 151 152 157 161 180 195 195 198 200 202 200 190 194 184 185 171 165 155 187 197 198 202 203 208 213 216 218 219 220 -9999 -9999 -9999 -9999 -9999 -9999
