Artocarpus altilis SDM files/MIS19/results (without bias file)/Artalt_6.asc
ncols         1201
nrows         481
xllcorner     119.99986351115
yllcorner     -15.00013828885
cellsize      0.041666667
NODATA_value  -9999
[rows 416 to 447 of 481, columns 360 to 431 of 1201]
1.77661E-2 1.64349E-2 1.80501E-2 2.03923E-2 1.88662E-2 1.85519E-2 1.75269E-2 2.44341E-2 3.23154E-2 3.17807E-2 4.0106E-2 4.0273E-2 4.395E-2 4.41326E-2 3.77173E-2 3.20847E-2 2.43608E-2 2.20248E-2 2.42361E-2 3.69063E-2 6.42373E-2 4.97218E-2 4.39052E-2 5.69328E-2 4.32234E-2 4.12046E-2 -9999 -9999 -9999 -9999 -9999 4.8243E-2 5.8651E-2 6.17498E-2 8.22726E-2 9.77152E-2 1.00374E-1 1.11558E-1 1.12502E-1 1.04914E-1 7.97783E-2 9.6212E-2 9.95814E-2 1.10947E-1 1.15241E-1 9.13802E-2 7.22553E-2 -9999 -9999 -9999 -9999 -9999 -9999 -9999 -9999 -9999 -9999 -9999 -9999 -9999 -9999 -9999 -9999 -9999 -9999 -9999 -9999 -9999 -9999 -9999 -9999 -9999
1.52974E-2 1.39753E-2 1.84977E-2 2.53784E-2 1.96613E-2 2.56991E-2 2.32123E-2 2.34076E-2 3.25937E-2 3.20545E-2 3.94543E-2 4.35019E-2 4.5442E-2 4.29641E-2 5.38225E-2 2.78027E-2 2.23088E-2 2.22877E-2 3.11712E-2 4.61723E-2 6.41247E-2 4.65377E-2 4.6154E-2 5.22603E-2 4.29604E-2 -9999 -9999 -9999 -9999 -9999 -9999 5.4461E-2 7.19582E-2 6.23941E-2 7.70902E-2 8.74363E-2 8.83877E-2 9.60707E-2 1.02712E-1 9.83056E-2 7.8651E-2 1.05323E-1 1.10277E-1 1.08975E-1 9.39903E-2 6.31356E-2 4.86603E-2 5.41366E-2 -9999 -9999 -9999 -9999 -9999 -9999 -9999 -9999 -9999 -9999 -9999 -9999 -9999 -9999 -9999 -9999 -9999 -9999 -9999 -9999 -9999 -9999 -9999 -9999
1.31691E-2 1.77015E-2 1.86581E-2 2.47E-2 2.97345E-2 2.9859E-2 2.91474E-2 2.19378E-2 2.04684E-2 2.32178E-2 2.66389E-2 3.21961E-2 2.99249E-2 3.92138E-2 3.74959E-2 2.25965E-2 1.77057E-2 3.15018E-2 3.4878E-2 5.06927E-2 6.21886E-2 4.47474E-2 3.66058E-2 3.60015E-2 3.66058E-2 -9999 -9999 -9999 -9999 -9999 4.91205E-2 5.05622E-2 7.1527E-2 7.18197E-2 8.26263E-2 9.03862E-2 9.90956E-2 9.54691E-2 9.39528E-2 9.83986E-2 8.65934E-2 7.91024E-2 8.96173E-2 9.00108E-2 9.17412E-2 5.5752E-2 4.45491E-2 4.51063E-2 -9999 -9999 -9999 -9999 -9999 -9999 -9999 -9999 -9999 -9999 -9999 -9999 -9999 -9999 -9999 -9999 -9999 -9999 -9999 -9999 -9999 -9999 -9999 -9999
1.0917E-2 1.16319E-2 2.04086E-2 2.50994E-2 2.47861E-2 2.70094E-2 2.84618E-2 2.48095E-2 1.84289E-2 1.95697E-2 2.09753E-2 2.55797E-2 3.29885E-2 3.53404E-2 4.1318E-2 2.03021E-2 2.34726E-2 3.65143E-2 4.12017E-2 5.39524E-2 4.96987E-2 4.10147E-2 3.31235E-2 3.14371E-2 3.31235E-2 3.15686E-2 3.13062E-2 4.10147E-2 -9999 4.65486E-2 4.77189E-2 4.53071E-2 7.55532E-2 6.72714E-2 7.86933E-2 8.78111E-2 9.52779E-2 9.07279E-2 8.91116E-2 9.02447E-2 5.79458E-2 5.92906E-2 4.89108E-2 5.04117E-2 5.16346E-2 3.89897E-2 -9999 -9999 -9999 -9999 -9999 -9999 -9999 -9999 -9999 -9999 -9999 -9999 -9999 -9999 -9999 -9999 -9999 -9999 -9999 -9999 -9999 -9999 -9999 -9999 -9999 -9999
1.11953E-2 1.42548E-2 1.30036E-2 1.96131E-2 2.96551E-2 3.15092E-2 3.073E-2 2.65676E-2 2.37226E-2 2.35246E-2 2.46884E-2 2.12259E-2 2.95967E-2 3.15787E-2 2.91337E-2 3.14473E-2 2.55857E-2 3.85592E-2 4.38653E-2 4.94719E-2 4.6516E-2 3.79011E-2 2.83206E-2 2.86779E-2 2.96525E-2 3.61262E-2 3.68858E-2 4.28464E-2 4.60747E-2 4.62658E-2 4.3744E-2 5.47669E-2 6.69673E-2 7.13582E-2 7.82234E-2 8.29666E-2 8.89562E-2 8.92617E-2 6.93164E-2 6.58605E-2 8.47315E-2 4.53343E-2 3.672E-2 5.34205E-2 4.1835E-2 -9999 -9999 -9999 -9999 -9999 -9999 -9999 -9999 -9999 -9999 -9999 -9999 -9999 -9999 -9999 -9999 -9999 -9999 -9999 -9999 -9999 -9999 -9999 -9999 -9999 -9999 -9999
9.74372E-3 9.44668E-3 8.68957E-3 1.22942E-2 1.48276E-2 2.80319E-2 2.76826E-2 2.86871E-2 2.91706E-2 2.76826E-2 2.74521E-2 2.6884E-2 2.75671E-2 3.01483E-2 3.24361E-2 3.2658E-2 3.08658E-2 3.02283E-2 3.4461E-2 4.18193E-2 4.28163E-2 3.25527E-2 2.88344E-2 3.08949E-2 3.07662E-2 3.1415E-2 4.25458E-2 4.27626E-2 4.24093E-2 4.31188E-2 4.11047E-2 5.76416E-2 6.27157E-2 6.84998E-2 7.23808E-2 7.9018E-2 8.7219E-2 8.43408E-2 8.0451E-2 7.28882E-2 8.66276E-2 5.9108E-2 5.51893E-2 5.29762E-2 4.11319E-2 4.06451E-2 -9999 -9999 -9999 -9999 -9999 -9999 -9999 -9999 -9999 -9999 -9999 -9999 -9999 -9999 -9999 -9999 -9999 -9999 -9999 -9999 -9999 -9999 -9999 -9999 -9999 -9999
8.53491E-3 8.85263E-3 7.9193E-3 1.75715E-2 2.03586E-2 2.50381E-2 3.26434E-2 3.46811E-2 3.41079E-2 2.99179E-2 3.45369E-2 3.14407E-2 2.97143E-2 2.75005E-2 3.1304E-2 3.46067E-2 3.15721E-2 3.39661E-2 3.15721E-2 4.08802E-2 3.90786E-2 3.25938E-2 3.47729E-2 3.77173E-2 2.85381E-2 4.02929E-2 4.64048E-2 4.84924E-2 4.12854E-2 3.98488E-2 4.68112E-2 5.44118E-2 6.04401E-2 6.23268E-2 6.8917E-2 7.51495E-2 8.32205E-2 7.70958E-2 8.14056E-2 6.38574E-2 3.66761E-2 4.00858E-2 4.23636E-2 -9999 -9999 -9999 -9999 -9999 -9999 -9999 -9999 -9999 -9999 -9999 -9999 -9999 -9999 -9999 -9999 -9999 -9999 -9999 -9999 -9999 -9999 -9999 -9999 -9999 -9999 -9999 -9999 -9999
7.28362E-3 8.03953E-3 7.98529E-3 9.77434E-3 9.19875E-3 2.12807E-2 2.24693E-2 2.27527E-2 1.66122E-2 1.43996E-2 2.09586E-2 2.12138E-2 2.43651E-2 2.67792E-2 2.8767E-2 3.31508E-2 3.52388E-2 3.55221E-2 3.32331E-2 4.10378E-2 3.43243E-2 3.44324E-2 3.91824E-2 3.96617E-2 3.56026E-2 4.37898E-2 4.62442E-2 4.72113E-2 3.64199E-2 4.57626E-2 4.67199E-2 5.4306E-2 5.74078E-2 6.28925E-2 6.95403E-2 7.38842E-2 6.15939E-2 5.36003E-2 5.45933E-2 4.60591E-2 3.52583E-2 4.06652E-2 4.01282E-2 -9999 -9999 -9999 -9999 -9999 -9999 -9999 -9999 -9999 -9999 -9999 -9999 -9999 -9999 -9999 -9999 -9999 -9999 -9999 -9999 -9999 -9999 -9999 -9999 -9999 -9999 -9999 -9999 -9999
6.53621E-3 6.89332E-3 9.68213E-3 7.28418E-3 8.71142E-3 1.18034E-2 8.12515E-3 1.13353E-2 1.43557E-2 1.50549E-2 2.01796E-2 2.40135E-2 2.42353E-2 2.68798E-2 2.9052E-2 3.51757E-2 3.49421E-2 3.26528E-2 3.30536E-2 3.56953E-2 3.45612E-2 3.6243E-2 4.00524E-2 4.01743E-2 3.77781E-2 4.26377E-2 4.97729E-2 3.38877E-2 3.21523E-2 4.03877E-2 4.39052E-2 5.147E-2 5.75328E-2 6.38095E-2 6.80329E-2 5.75903E-2 5.115E-2 3.74938E-2 3.84277E-2 6.04156E-2 3.2847E-2 -9999 -9999 -9999 -9999 -9999 -9999 -9999 -9999 -9999 -9999 -9999 -9999 -9999 -9999 -9999 -9999 -9999 -9999 -9999 -9999 -9999 -9999 -9999 -9999 -9999 -9999 -9999 -9999 -9999 -9999 -9999
5.91037E-3 6.31422E-3 8.20099E-3 7.38179E-3 8.0703E-3 8.07268E-3 1.06735E-2 1.31378E-2 1.64169E-2 1.75782E-2 2.24474E-2 2.55168E-2 2.49756E-2 2.52061E-2 2.50928E-2 2.97784E-2 3.48409E-2 3.28751E-2 3.15749E-2 3.36037E-2 3.379E-2 3.41004E-2 3.68241E-2 3.72752E-2 3.7962E-2 4.63644E-2 4.56918E-2 3.78229E-2 2.96306E-2 4.40349E-2 5.08372E-2 5.15602E-2 5.83345E-2 6.51524E-2 4.70746E-2 4.23743E-2 4.15853E-2 3.73754E-2 2.84297E-2 3.09387E-2 4.14062E-2 -9999 -9999 -9999 -9999 -9999 -9999 -9999 -9999 -9999 -9999 -9999 -9999 -9999 -9999 -9999 -9999 -9999 -9999 -9999 -9999 -9999 -9999 -9999 -9999 -9999 -9999 -9999 -9999 -9999 -9999 -9999
6.79074E-3 6.79605E-3 9.43384E-3 9.91078E-3 9.32532E-3 1.41521E-2 1.73056E-2 1.86435E-2 1.84157E-2 2.38997E-2 2.00144E-2 2.35787E-2 2.55163E-2 2.40878E-2 2.52644E-2 3.09785E-2 2.99834E-2 3.34222E-2 3.35243E-2 3.44569E-2 3.41432E-2 3.11957E-2 3.38976E-2 3.81254E-2 4.37697E-2 4.794E-2 4.51467E-2 4.27482E-2 4.06933E-2 4.18209E-2 5.01652E-2 5.23111E-2 5.42885E-2 4.00023E-2 3.20107E-2 3.19479E-2 3.28573E-2 4.01717E-2 2.96213E-2 2.94611E-2 3.05799E-2 3.1712E-2 -9999 -9999 -9999 -9999 -9999 -9999 -9999 -9999 -9999 -9999 -9999 -9999 -9999 -9999 -9999 -9999 -9999 -9999 -9999 -9999 -9999 -9999 -9999 -9999 -9999 -9999 -9999 -9999 -9999 -9999
9.20193E-3 8.01096E-3 1.11858E-2 1.5165E-2 1.03842E-2 1.27996E-2 1.96721E-2 2.25474E-2 1.81996E-2 2.37971E-2 2.15826E-2 2.50867E-2 2.15401E-2 2.30659E-2 2.59652E-2 2.8044E-2 2.55938E-2 3.35473E-2 3.05785E-2 2.75773E-2 3.16484E-2 3.71179E-2 3.74757E-2 3.93123E-2 4.26699E-2 4.15622E-2 3.8036E-2 4.44208E-2 4.59502E-2 4.72199E-2 5.09923E-2 5.43824E-2 5.53752E-2 4.69627E-2 3.61173E-2 2.57515E-2 3.98913E-2 2.76376E-2 2.93503E-2 2.73013E-2 2.83467E-2 2.81432E-2 -9999 -9999 -9999 -9999 -9999 -9999 -9999 -9999 -9999 -9999 -9999 -9999 -9999 -9999 -9999 -9999 -9999 -9999 -9999 -9999 -9999 -9999 -9999 -9999 -9999 -9999 -9999 -9999 -9999 -9999
1.3886E-2 6.64115E-3 6.35384E-3 1.19564E-2 1.58585E-2 1.2524E-2 1.64092E-2 2.07785E-2 2.0738E-2 2.38272E-2 2.37407E-2 2.56223E-2 1.9161E-2 1.96193E-2 2.4087E-2 2.75662E-2 2.246E-2 3.11545E-2 2.70608E-2 2.45309E-2 2.74273E-2 3.48142E-2 3.59338E-2 3.31266E-2 3.56548E-2 3.43595E-2 3.28757E-2 3.38004E-2 3.64282E-2 4.37073E-2 4.37093E-2 3.52277E-2 4.12209E-2 4.45471E-2 3.3014E-2 3.11026E-2 2.61278E-2 2.81959E-2 2.91652E-2 -9999 -9999 -9999 -9999 -9999 -9999 -9999 -9999 -9999 -9999 -9999 -9999 -9999 -9999 -9999 -9999 -9999 -9999 -9999 -9999 -9999 -9999 -9999 -9999 -9999 -9999 -9999 -9999 -9999 -9999 -9999 -9999 -9999
7.79552E-3 5.78606E-3 7.49764E-3 1.32137E-2 1.8857E-2 1.86972E-2 1.33453E-2 1.61452E-2 1.89391E-2 2.17752E-2 2.35265E-2 1.90648E-2 2.05987E-2 2.36711E-2 2.86861E-2 2.36311E-2 2.02057E-2 2.75595E-2 2.71537E-2 2.27778E-2 2.70838E-2 2.95216E-2 3.27725E-2 3.33318E-2 3.38537E-2 4.34027E-2 4.01442E-2 3.33286E-2 3.36038E-2 4.71545E-2 3.53586E-2 3.18528E-2 3.24414E-2 3.94555E-2 3.12312E-2 2.46559E-2 3.37387E-2 -9999 2.40997E-2 2.43223E-2 2.43223E-2 -9999 -9999 -9999 -9999 -9999 -9999 -9999 -9999 -9999 -9999 -9999 -9999 -9999 -9999 -9999 -9999 -9999 -9999 -9999 -9999 -9999 -9999 -9999 -9999 -9999 -9999 -9999 -9999 -9999 -9999 -9999
8.32179E-3 5.09327E-3 1.37481E-2 1.22817E-2 1.95829E-2 1.87691E-2 1.49295E-2 1.45643E-2 1.80859E-2 2.05542E-2 2.02665E-2 1.71423E-2 2.09236E-2 2.57477E-2 2.62221E-2 1.90079E-2 1.65737E-2 2.27165E-2 2.5777E-2 2.22014E-2 3.17799E-2 2.78678E-2 2.61093E-2 3.10652E-2 2.89108E-2 3.06746E-2 3.21883E-2 2.49042E-2 3.21204E-2 4.00168E-2 3.19086E-2 2.6417E-2 2.49149E-2 3.82738E-2 3.63913E-2 3.44491E-2 3.80742E-2 2.35998E-2 -9999 2.37055E-2 2.50149E-2 2.47373E-2 -9999 -9999 -9999 -9999 -9999 -9999 -9999 -9999 -9999 -9999 -9999 -9999 -9999 -9999 -9999 -9999 -9999 -9999 -9999 -9999 -9999 -9999 -9999 -9999 -9999 -9999 -9999 -9999 -9999 -9999
4.88351E-3 6.267E-3 8.67517E-3 1.11032E-2 1.31901E-2 1.46745E-2 1.52913E-2 1.46404E-2 1.77396E-2 2.1816E-2 1.61793E-2 1.60375E-2 1.91223E-2 2.5767E-2 1.97874E-2 2.05971E-2 1.67237E-2 2.1895E-2 2.44699E-2 1.83465E-2 2.64188E-2 2.55148E-2 2.23127E-2 2.20212E-2 2.77458E-2 2.68334E-2 3.04723E-2 2.35718E-2 2.2356E-2 3.28378E-2 2.62138E-2 2.23412E-2 2.86131E-2 3.97337E-2 2.35388E-2 3.32551E-2 3.692E-2 3.04443E-2 3.18989E-2 2.16346E-2 -9999 -9999 -9999 -9999 -9999 -9999 -9999 -9999 -9999 -9999 -9999 -9999 -9999 -9999 -9999 -9999 -9999 -9999 -9999 -9999 -9999 -9999 -9999 -9999 -9999 -9999 -9999 -9999 -9999 -9999 -9999 -9999
4.28274E-3 5.78407E-3 7.87852E-3 7.71389E-3 9.43661E-3 1.06744E-2 1.41064E-2 1.50963E-2 1.61704E-2 1.65542E-2 1.35838E-2 1.60884E-2 2.22722E-2 2.16288E-2 1.55034E-2 1.48522E-2 1.54723E-2 2.25744E-2 2.19657E-2 1.84975E-2 2.03378E-2 2.23209E-2 2.05836E-2 1.67199E-2 2.0365E-2 2.00366E-2 3.43209E-2 2.39598E-2 2.28813E-2 3.06501E-2 2.95309E-2 2.27961E-2 2.69696E-2 3.33689E-2 2.34155E-2 1.75526E-2 2.24308E-2 2.36438E-2 2.10852E-2 2.14661E-2 -9999 -9999 -9999 -9999 -9999 -9999 -9999 -9999 -9999 -9999 -9999 -9999 -9999 -9999 -9999 -9999 -9999 -9999 -9999 -9999 -9999 -9999 -9999 -9999 -9999 -9999 -9999 -9999 -9999 -9999 -9999 -9999
4.33037E-3 5.93293E-3 7.02029E-3 1.0098E-2 1.27511E-2 1.19755E-2 1.34093E-2 1.49093E-2 1.422E-2 1.32697E-2 1.51133E-2 1.99288E-2 2.03621E-2 2.18912E-2 1.39763E-2 1.17579E-2 1.0385E-2 2.18557E-2 1.76456E-2 1.8029E-2 1.87548E-2 1.50921E-2 1.43567E-2 1.7214E-2 1.59343E-2 2.16449E-2 2.47974E-2 2.25908E-2 1.66315E-2 2.54403E-2 2.23822E-2 1.65561E-2 1.70208E-2 2.31872E-2 3.56679E-2 2.35384E-2 2.45332E-2 1.83406E-2 1.77295E-2 2.00291E-2 -9999 -9999 -9999 -9999 -9999 -9999 -9999 -9999 -9999 -9999 -9999 -9999 -9999 -9999 -9999 -9999 -9999 -9999 -9999 -9999 -9999 -9999 -9999 -9999 -9999 -9999 -9999 -9999 -9999 -9999 -9999 -9999
5.21867E-3 5.28934E-3 7.36288E-3 8.87957E-3 1.067E-2 1.30544E-2 1.35669E-2 1.24895E-2 1.14901E-2 1.12453E-2 1.64076E-2 1.4353E-2 1.69593E-2 1.75094E-2 1.02274E-2 1.04535E-2 1.08208E-2 2.25521E-2 1.76663E-2 1.25356E-2 1.38054E-2 1.40433E-2 1.36243E-2 1.58551E-2 1.60193E-2 2.39005E-2 2.2246E-2 1.63561E-2 1.56779E-2 2.58781E-2 2.32687E-2 1.56859E-2 1.53977E-2 2.02738E-2 2.73318E-2 2.372E-2 1.78416E-2 1.94191E-2 -9999 -9999 -9999 -9999 -9999 -9999 -9999 -9999 -9999 -9999 -9999 -9999 -9999 -9999 -9999 -9999 -9999 -9999 -9999 -9999 -9999 -9999 -9999 -9999 -9999 -9999 -9999 -9999 -9999 -9999 -9999 -9999 -9999 -9999
5.24512E-3 5.23638E-3 6.37202E-3 7.81806E-3 1.08434E-2 1.19511E-2 9.96025E-3 9.83157E-3 9.92025E-3 1.02961E-2 1.39354E-2 1.60378E-2 1.69478E-2 1.77223E-2 1.26389E-2 1.05128E-2 7.79478E-3 1.16668E-2 1.1899E-2 1.20839E-2 9.96606E-3 1.52676E-2 1.33944E-2 1.17326E-2 1.52713E-2 1.63195E-2 1.57148E-2 1.56092E-2 1.58954E-2 2.1104E-2 2.04705E-2 1.54736E-2 1.57562E-2 2.1482E-2 2.94752E-2 2.16699E-2 1.71374E-2 1.72773E-2 -9999 -9999 -9999 -9999 -9999 -9999 -9999 -9999 -9999 -9999 -9999 -9999 -9999 -9999 -9999 -9999 -9999 -9999 -9999 -9999 -9999 -9999 -9999 -9999 -9999 -9999 -9999 -9999 -9999 -9999 -9999 -9999 -9999 -9999
6.21782E-3 6.66748E-3 5.69686E-3 5.88578E-3 7.61918E-3 8.92534E-3 8.87341E-3 9.50027E-3 9.95217E-3 1.07409E-2 1.27275E-2 1.45953E-2 1.83937E-2 1.6159E-2 9.25153E-3 9.03284E-3 9.52497E-3 1.50764E-2 1.88461E-2 1.23276E-2 9.52562E-3 1.33532E-2 1.36985E-2 1.42669E-2 1.13212E-2 1.60304E-2 1.48634E-2 1.42508E-2 1.70161E-2 1.54918E-2 1.45527E-2 1.5301E-2 1.4848E-2 2.15072E-2 2.67703E-2 1.57138E-2 1.52107E-2 -9999 -9999 -9999 -9999 -9999 -9999 -9999 -9999 -9999 -9999 -9999 -9999 -9999 -9999 -9999 -9999 -9999 -9999 -9999 -9999 -9999 -9999 -9999 -9999 -9999 -9999 -9999 -9999 -9999 -9999 -9999 -9999 -9999 -9999 -9999
3.83473E-3 7.06556E-3 8.18114E-3 7.82811E-3 7.04414E-3 8.0982E-3 8.89343E-3 8.62716E-3 1.0342E-2 1.01536E-2 1.12566E-2 1.3825E-2 1.58892E-2 1.42444E-2 1.27004E-2 9.25673E-3 9.66349E-3 1.75568E-2 1.84002E-2 1.24358E-2 9.89168E-3 1.00237E-2 1.39319E-2 1.0531E-2 1.42226E-2 1.70324E-2 1.40104E-2 1.48014E-2 1.6738E-2 1.47927E-2 1.3312E-2 1.33678E-2 1.34386E-2 1.96795E-2 2.1697E-2 1.53406E-2 -9999 -9999 -9999 -9999 -9999 -9999 -9999 -9999 -9999 -9999 -9999 -9999 -9999 -9999 -9999 -9999 -9999 -9999 -9999 -9999 -9999 -9999 -9999 -9999 -9999 -9999 -9999 -9999 -9999 -9999 -9999 -9999 -9999 -9999 -9999 -9999
4.70822E-3 8.05737E-3 1.10712E-2 8.68111E-3 8.17446E-3 7.54188E-3 8.63989E-3 9.007E-3 1.00172E-2 9.60561E-3 1.2399E-2 1.1927E-2 1.41509E-2 1.26766E-2 9.92596E-3 7.94432E-3 1.19833E-2 1.75591E-2 1.56692E-2 1.15389E-2 9.35177E-3 9.59409E-3 1.01229E-2 1.01714E-2 1.4085E-2 1.37005E-2 1.05084E-2 1.42844E-2 1.4998E-2 1.35426E-2 -9999 -9999 1.5115E-2 1.37339E-2 1.30684E-2 1.4599E-2 -9999 -9999 -9999 -9999 -9999 -9999 -9999 -9999 -9999 -9999 -9999 -9999 -9999 -9999 -9999 -9999 -9999 -9999 -9999 -9999 -9999 -9999 -9999 -9999 -9999 -9999 -9999 -9999 -9999 -9999 -9999 -9999 -9999 -9999 -9999 -9999
6.31781E-3 7.29861E-3 8.86501E-3 8.38002E-3 7.69119E-3 7.56392E-3 8.23712E-3 8.78538E-3 9.1961E-3 8.70125E-3 9.84573E-3 1.0161E-2 1.17252E-2 1.21376E-2 1.01719E-2 9.66723E-3 1.57949E-2 1.77925E-2 1.40358E-2 1.08573E-2 1.12697E-2 9.92621E-3 1.00127E-2 1.30994E-2 1.14635E-2 1.55694E-2 -9999 1.40619E-2 1.3052E-2 -9999 -9999 1.43304E-2 2.00207E-2 1.40621E-2 1.23731E-2 1.27933E-2 -9999 -9999 -9999 -9999 -9999 -9999 -9999 -9999 -9999 -9999 -9999 -9999 -9999 -9999 -9999 -9999 -9999 -9999 -9999 -9999 -9999 -9999 -9999 -9999 -9999 -9999 -9999 -9999 -9999 -9999 -9999 -9999 -9999 -9999 -9999 -9999
4.61587E-3 5.45503E-3 6.36274E-3 6.51521E-3 7.20946E-3 7.87046E-3 9.70698E-3 1.07576E-2 8.56822E-3 1.02988E-2 9.64265E-3 9.61794E-3 1.20979E-2 1.17656E-2 8.98888E-3 1.2125E-2 1.78495E-2 1.59443E-2 1.28389E-2 1.04693E-2 8.66249E-3 8.72022E-3 -9999 9.73048E-3 1.06428E-2 1.09489E-2 1.36174E-2 -9999 -9999 -9999 -9999 1.34821E-2 1.40022E-2 1.26678E-2 -9999 -9999 -9999 -9999 -9999 -9999 -9999 -9999 -9999 -9999 -9999 -9999 -9999 -9999 -9999 -9999 -9999 -9999 -9999 -9999 -9999 -9999 -9999 -9999 -9999 -9999 -9999 -9999 -9999 -9999 -9999 -9999 -9999 -9999 -9999 -9999 -9999 -9999
3.9036E-3 5.40434E-3 6.06489E-3 6.09624E-3 6.72735E-3 7.2312E-3 9.69265E-3 7.88223E-3 8.1769E-3 8.45423E-3 8.49821E-3 1.01441E-2 1.03935E-2 1.13413E-2 1.25256E-2 1.5242E-2 1.31254E-2 1.20496E-2 1.22404E-2 9.58414E-3 8.50466E-3 8.9141E-3 -9999 9.38417E-3 -9999 1.02642E-2 1.04568E-2 1.05216E-2 -9999 -9999 -9999 -9999 -9999 -9999 -9999 -9999 -9999 -9999 -9999 -9999 -9999 -9999 -9999 -9999 -9999 -9999 -9999 -9999 -9999 -9999 -9999 -9999 -9999 -9999 -9999 -9999 -9999 -9999 -9999 -9999 -9999 -9999 -9999 -9999 -9999 -9999 -9999 -9999 -9999 -9999 -9999 -9999
4.75088E-3 4.65647E-3 5.34673E-3 6.28794E-3 6.27661E-3 8.76545E-3 8.21262E-3 7.57029E-3 8.7662E-3 8.36899E-3 7.69976E-3 1.06938E-2 1.04697E-2 1.23451E-2 1.10329E-2 9.13264E-3 1.27018E-2 1.30888E-2 1.18288E-2 1.48214E-2 1.10488E-2 1.27028E-2 9.11694E-3 9.50711E-3 -9999 -9999 1.05092E-2 1.3879E-2 -9999 -9999 -9999 -9999 -9999 -9999 -9999 -9999 -9999 -9999 -9999 -9999 -9999 -9999 -9999 -9999 -9999 -9999 -9999 -9999 -9999 -9999 -9999 -9999 -9999 -9999 -9999 -9999 -9999 -9999 -9999 -9999 -9999 -9999 -9999 -9999 -9999 -9999 -9999 -9999 -9999 -9999 -9999 -9999
4.15934E-3 5.23513E-3 5.21587E-3 5.50189E-3 7.16017E-3 8.02221E-3 7.08042E-3 7.73099E-3 8.95456E-3 8.72962E-3 7.74987E-3 1.05375E-2 1.20037E-2 1.26329E-2 7.89969E-3 8.35858E-3 1.26102E-2 9.79587E-3 1.06411E-2 1.59942E-2 7.57984E-3 8.22842E-3 1.11893E-2 9.01761E-3 -9999 1.05242E-2 1.37281E-2 1.46508E-2 1.38532E-2 1.08361E-2 1.40641E-2 -9999 -9999 -9999 -9999 -9999 -9999 -9999 -9999 -9999 -9999 -9999 -9999 -9999 -9999 -9999 -9999 -9999 -9999 -9999 -9999 -9999 -9999 -9999 -9999 -9999 -9999 -9999 -9999 -9999 -9999 -9999 -9999 -9999 -9999 -9999 -9999 -9999 -9999 -9999 -9999 -9999
4.96555E-3 5.47076E-3 5.18833E-3 5.12868E-3 7.54708E-3 7.48331E-3 6.47823E-3 6.90443E-3 8.22354E-3 8.28453E-3 8.39959E-3 8.43441E-3 1.00515E-2 1.45007E-2 6.58318E-3 9.28815E-3 9.69941E-3 1.09079E-2 7.34244E-3 1.67048E-2 7.47847E-3 7.65495E-3 8.08207E-3 -9999 -9999 9.75889E-3 1.38106E-2 1.27211E-2 1.28355E-2 1.03072E-2 1.10167E-2 -9999 -9999 -9999 -9999 -9999 -9999 -9999 -9999 -9999 -9999 -9999 -9999 -9999 -9999 -9999 -9999 -9999 -9999 -9999 -9999 -9999 -9999 -9999 -9999 -9999 -9999 -9999 -9999 -9999 -9999 -9999 -9999 -9999 -9999 -9999 -9999 -9999 -9999 -9999 -9999 -9999
5.11507E-3 5.16847E-3 4.72033E-3 4.51464E-3 7.44111E-3 6.6738E-3 6.50671E-3 7.08984E-3 8.03729E-3 8.53316E-3 8.47322E-3 7.17258E-3 8.15044E-3 1.34476E-2 8.52062E-3 6.86326E-3 7.42777E-3 8.90358E-3 5.97865E-3 9.79239E-3 7.09062E-3 -9999 -9999 -9999 -9999 -9999 9.80487E-3 1.27717E-2 -9999 -9999 -9999 -9999 -9999 -9999 -9999 -9999 -9999 -9999 -9999 -9999 -9999 -9999 -9999 -9999 -9999 -9999 -9999 -9999 -9999 -9999 -9999 -9999 -9999 -9999 -9999 -9999 -9999 -9999 -9999 -9999 -9999 -9999 -9999 -9999 -9999 -9999 -9999 -9999 -9999 -9999 -9999 -9999
5.9022E-3 5.01551E-3 5.02119E-3 4.67314E-3 6.62902E-3 6.00113E-3 5.98749E-3 6.75668E-3 7.89776E-3 6.60192E-3 7.68948E-3 9.33594E-3 6.92871E-3 1.27477E-2 1.26688E-2 1.26322E-2 7.61203E-3 7.82037E-3 6.46018E-3 6.90047E-3 7.10473E-3 -9999 -9999 -9999 -9999 -9999 -9999 1.27576E-2 -9999 1.06117E-2 -9999 9.93915E-3 -9999 -9999 -9999 -9999 -9999 -9999 -9999 -9999 -9999 -9999 -9999 -9999 -9999 -9999 -9999 -9999 -9999 -9999 -9999 -9999 -9999 -9999 -9999 -9999 -9999 -9999 -9999 -9999 -9999 -9999 -9999 -9999 -9999 -9999 -9999 -9999 -9999 -9999 -9999 -9999
4.70117E-3 5.33364E-3 4.66582E-3 4.98838E-3 6.58457E-3 5.64141E-3 5.90786E-3 6.83706E-3 6.89112E-3 7.16527E-3 9.357E-3 9.70817E-3 7.49474E-3 9.93447E-3 8.9099E-3 9.93882E-3 7.19146E-3 8.11376E-3 6.48907E-3 7.19736E-3 7.27084E-3 -9999 -9999 -9999 -9999 -9999 -9999 -9999 -9999 1.38695E-2 1.03841E-2 1.02078E-2 -9999 1.05984E-2 1.03133E-2 -9999 -9999 -9999 -9999 -9999 9.11724E-3 -9999 -9999 -9999 -9999 -9999 8.98956E-3 8.82193E-3 -9999 -9999 -9999 -9999 -9999 -9999 -9999 -9999 -9999 -9999 -9999 -9999 -9999 -9999 -9999 -9999 -9999 -9999 -9999 -9999 -9999 -9999 -9999 -9999
