Artocarpus altilis SDM files/MIS19/results (without bias file)/Artalt_0.asc
ncols         1201
nrows         481
xllcorner     119.99986351115
yllcorner     -15.00013828885
cellsize      0.041666667
NODATA_value  -9999
[rows 160 to 191 of 481, columns 432 to 503 of 1201]
2.59579E-1 2.60813E-1 2.62053E-1 2.60399E-1 2.66637E-1 2.15712E-1 2.23573E-1 -9999 -9999 -9999 -9999 -9999 -9999 -9999 -9999 -9999 -9999 -9999 -9999 2.03306E-1 -9999 -9999 -9999 -9999 -9999 -9999 -9999 -9999 -9999 -9999 -9999 -9999 -9999 -9999 -9999 -9999 -9999 -9999 -9999 -9999 -9999 -9999 -9999 -9999 -9999 -9999 -9999 -9999 -9999 -9999 -9999 -9999 -9999 -9999 -9999 -9999 -9999 -9999 -9999 -9999 -9999 -9999 -9999 -9999 -9999 -9999 -9999 -9999 -9999 -9999 -9999 -9999
2.53071E-1 2.53071E-1 2.55495E-1 2.56714E-1 2.57527E-1 2.56305E-1 2.59985E-1 2.22125E-1 2.41567E-1 -9999 -9999 -9999 -9999 -9999 -9999 -9999 -9999 -9999 2.13207E-1 2.3924E-1 -9999 -9999 -9999 -9999 -9999 -9999 -9999 -9999 -9999 -9999 -9999 -9999 -9999 -9999 -9999 -9999 -9999 -9999 -9999 -9999 -9999 -9999 -9999 -9999 -9999 -9999 -9999 -9999 -9999 -9999 -9999 -9999 -9999 -9999 -9999 -9999 -9999 -9999 -9999 -9999 -9999 -9999 -9999 -9999 -9999 -9999 -9999 -9999 -9999 -9999 -9999 -9999
3.15211E-1 3.18093E-1 3.26858E-1 3.29819E-1 3.21964E-1 3.31307E-1 3.15685E-1 2.61221E-1 2.76868E-1 2.80784E-1 2.91897E-1 2.35818E-1 -9999 -9999 -9999 -9999 -9999 -9999 -9999 -9999 -9999 -9999 -9999 -9999 -9999 -9999 -9999 -9999 -9999 -9999 -9999 -9999 -9999 -9999 -9999 -9999 -9999 -9999 -9999 -9999 -9999 -9999 -9999 -9999 -9999 -9999 -9999 -9999 -9999 -9999 -9999 -9999 -9999 -9999 -9999 -9999 -9999 -9999 -9999 -9999 -9999 -9999 -9999 -9999 -9999 -9999 -9999 -9999 -9999 -9999 -9999 -9999
3.37568E-1 3.0528E-1 3.19542E-1 3.51365E-1 3.33301E-1 3.50585E-1 3.49812E-1 3.3882E-1 3.4186E-1 3.41349E-1 3.46457E-1 3.50577E-1 2.81217E-1 2.85183E-1 2.94606E-1 3.03803E-1 -9999 -9999 -9999 -9999 -9999 -9999 -9999 -9999 -9999 -9999 -9999 -9999 -9999 -9999 -9999 -9999 -9999 -9999 -9999 -9999 -9999 -9999 -9999 -9999 -9999 -9999 -9999 -9999 -9999 -9999 -9999 -9999 -9999 -9999 -9999 -9999 -9999 -9999 -9999 -9999 -9999 -9999 -9999 -9999 -9999 -9999 -9999 -9999 -9999 -9999 -9999 -9999 -9999 -9999 -9999 -9999
3.14926E-1 3.20706E-1 3.53445E-1 3.63436E-1 3.82347E-1 3.63913E-1 3.6711E-1 3.80642E-1 3.76817E-1 3.85038E-1 3.91198E-1 3.97361E-1 3.67949E-1 3.61032E-1 3.51089E-1 3.47473E-1 2.89635E-1 2.49405E-1 -9999 -9999 -9999 -9999 -9999 -9999 -9999 -9999 -9999 -9999 -9999 -9999 -9999 -9999 -9999 -9999 -9999 -9999 -9999 -9999 -9999 -9999 -9999 -9999 -9999 -9999 -9999 -9999 -9999 -9999 -9999 -9999 -9999 -9999 -9999 -9999 -9999 -9999 -9999 -9999 -9999 -9999 -9999 -9999 -9999 -9999 -9999 -9999 -9999 -9999 -9999 -9999 -9999 -9999
2.74461E-1 2.84493E-1 3.19253E-1 3.49246E-1 3.61209E-1 3.64925E-1 3.37866E-1 3.48107E-1 3.55319E-1 3.18135E-1 2.888E-1 3.63847E-1 3.38964E-1 3.44092E-1 3.76858E-1 3.61555E-1 3.50048E-1 2.90531E-1 2.59097E-1 -9999 -9999 -9999 -9999 -9999 -9999 -9999 -9999 -9999 -9999 -9999 -9999 -9999 -9999 -9999 -9999 -9999 -9999 -9999 -9999 -9999 -9999 -9999 -9999 -9999 -9999 -9999 -9999 -9999 -9999 -9999 -9999 -9999 -9999 -9999 -9999 -9999 -9999 -9999 -9999 -9999 -9999 -9999 -9999 -9999 -9999 -9999 -9999 -9999 -9999 -9999 -9999 -9999
3.47755E-1 3.35509E-1 3.28538E-1 3.477E-1 3.34402E-1 3.20026E-1 2.76791E-1 3.17511E-1 2.47764E-1 2.06628E-1 3.20984E-1 2.39259E-1 2.9289E-1 3.62304E-1 3.70309E-1 3.95099E-1 3.7278E-1 3.69009E-1 3.62078E-1 3.13697E-1 -9999 -9999 -9999 -9999 -9999 -9999 -9999 -9999 -9999 -9999 -9999 -9999 -9999 -9999 -9999 -9999 -9999 -9999 -9999 -9999 -9999 -9999 -9999 -9999 -9999 -9999 -9999 -9999 -9999 -9999 -9999 -9999 -9999 -9999 -9999 -9999 -9999 -9999 -9999 -9999 -9999 -9999 -9999 -9999 -9999 -9999 -9999 -9999 -9999 -9999 -9999 -9999
3.22556E-1 3.45597E-1 3.20609E-1 3.20122E-1 3.20122E-1 3.17658E-1 2.76357E-1 2.01501E-1 1.64558E-1 2.11078E-1 2.85193E-1 2.18686E-1 3.11904E-1 3.32888E-1 3.50724E-1 3.45571E-1 3.86737E-1 4.14483E-1 3.96495E-1 4.09E-1 3.57274E-1 3.51019E-1 3.17463E-1 2.94081E-1 2.88225E-1 -9999 -9999 -9999 -9999 -9999 -9999 -9999 -9999 -9999 -9999 -9999 -9999 -9999 -9999 -9999 -9999 -9999 -9999 -9999 -9999 -9999 -9999 -9999 -9999 -9999 -9999 -9999 -9999 -9999 -9999 -9999 -9999 -9999 -9999 -9999 -9999 -9999 -9999 -9999 -9999 -9999 -9999 -9999 -9999 -9999 -9999 -9999
2.41586E-1 2.69175E-1 2.5384E-1 2.73474E-1 2.63756E-1 2.73944E-1 3.02944E-1 2.4185E-1 1.6268E-1 1.69618E-1 1.89446E-1 2.73421E-1 2.86964E-1 3.02886E-1 2.61172E-1 3.1095E-1 3.63304E-1 4.11538E-1 4.82867E-1 4.96815E-1 3.75589E-1 4.50066E-1 4.32938E-1 3.55168E-1 3.67859E-1 3.15058E-1 -9999 3.05131E-1 -9999 -9999 -9999 -9999 -9999 -9999 -9999 -9999 -9999 -9999 -9999 -9999 -9999 -9999 -9999 -9999 -9999 -9999 -9999 -9999 -9999 -9999 -9999 -9999 -9999 -9999 -9999 -9999 -9999 -9999 -9999 -9999 -9999 -9999 -9999 -9999 -9999 -9999 -9999 -9999 -9999 -9999 -9999 -9999
2.64594E-1 2.22824E-1 1.98929E-1 1.69679E-1 2.56716E-1 2.44733E-1 3.08133E-1 2.72528E-1 2.52907E-1 1.3391E-1 1.82913E-1 2.08634E-1 3.12331E-1 3.26794E-1 2.57434E-1 2.56497E-1 3.25904E-1 4.03464E-1 4.69054E-1 2.72721E-1 1.85578E-1 3.79455E-1 4.56767E-1 4.59829E-1 4.3591E-1 3.71622E-1 3.89696E-1 3.13146E-1 -9999 3.40176E-1 3.45777E-1 -9999 -9999 -9999 -9999 -9999 -9999 -9999 -9999 -9999 -9999 -9999 -9999 -9999 -9999 -9999 -9999 -9999 -9999 -9999 -9999 -9999 -9999 -9999 -9999 -9999 -9999 -9999 -9999 -9999 -9999 -9999 -9999 -9999 -9999 -9999 -9999 -9999 -9999 -9999 -9999 -9999
2.7134E-1 2.70447E-1 2.60734E-1 1.93353E-1 1.59634E-1 2.35449E-1 2.78218E-1 2.97863E-1 2.95941E-1 1.9134E-1 1.5751E-1 1.87004E-1 2.71157E-1 2.91802E-1 2.94609E-1 2.68266E-1 2.79289E-1 3.78865E-1 4.4264E-1 1.50147E-1 3.11274E-1 4.11528E-1 4.48182E-1 4.22555E-1 4.7532E-1 4.89165E-1 4.63204E-1 4.68146E-1 3.95844E-1 3.41697E-1 -9999 -9999 -9999 -9999 -9999 -9999 -9999 -9999 -9999 -9999 -9999 -9999 -9999 -9999 -9999 -9999 -9999 -9999 -9999 -9999 -9999 -9999 -9999 -9999 -9999 -9999 -9999 -9999 -9999 -9999 -9999 -9999 -9999 -9999 -9999 -9999 -9999 -9999 -9999 -9999 -9999 -9999
2.32813E-1 2.49831E-1 2.48995E-1 2.32698E-1 1.2339E-1 1.18129E-1 2.09736E-1 3.01545E-1 2.97814E-1 2.30002E-1 1.20313E-1 1.04125E-1 1.96795E-1 1.35246E-1 2.20502E-1 3.07458E-1 2.50369E-1 3.36331E-1 3.65319E-1 2.29068E-1 3.31128E-1 4.24324E-1 4.36754E-1 3.94405E-1 4.46965E-1 5.12858E-1 4.84668E-1 4.99341E-1 4.80003E-1 4.02626E-1 3.56667E-1 3.62992E-1 -9999 -9999 3.32072E-1 3.33568E-1 3.35068E-1 -9999 -9999 -9999 -9999 -9999 -9999 -9999 -9999 -9999 -9999 -9999 -9999 -9999 -9999 -9999 -9999 -9999 -9999 -9999 -9999 -9999 -9999 -9999 -9999 -9999 -9999 -9999 -9999 -9999 -9999 -9999 -9999 -9999 -9999 -9999
2.38501E-1 2.03602E-1 1.87104E-1 2.46977E-1 1.89513E-1 1.5046E-1 1.24057E-1 2.30524E-1 2.79955E-1 2.43478E-1 1.90203E-1 1.56849E-1 1.76019E-1 1.43129E-1 1.64304E-1 2.16199E-1 1.99247E-1 2.90041E-1 3.04735E-1 3.27272E-1 3.92172E-1 4.17254E-1 4.2426E-1 4.20161E-1 4.66551E-1 4.84045E-1 5.01203E-1 4.8846E-1 4.83401E-1 5.08973E-1 5.07355E-1 4.29294E-1 4.47842E-1 3.92406E-1 -9999 -9999 4.18647E-1 -9999 -9999 -9999 -9999 -9999 -9999 -9999 -9999 -9999 -9999 -9999 -9999 -9999 -9999 -9999 -9999 -9999 -9999 -9999 -9999 -9999 -9999 -9999 -9999 -9999 -9999 -9999 -9999 -9999 -9999 -9999 -9999 -9999 -9999 -9999
2.27604E-1 2.07006E-1 2.24964E-1 1.69649E-1 1.85802E-1 1.25632E-1 1.45303E-1 1.10836E-1 2.15503E-1 2.76909E-1 2.7299E-1 2.37266E-1 1.96928E-1 2.31898E-1 1.7248E-1 1.51278E-1 2.1221E-1 2.79767E-1 2.39708E-1 3.04685E-1 3.54243E-1 4.55426E-1 4.63964E-1 4.57196E-1 4.91579E-1 5.15975E-1 5.31627E-1 5.02998E-1 4.57791E-1 4.95442E-1 5.41617E-1 5.19E-1 5.49881E-1 5.55861E-1 4.75531E-1 3.9689E-1 4.44733E-1 -9999 -9999 -9999 -9999 -9999 -9999 -9999 -9999 -9999 -9999 -9999 -9999 -9999 -9999 -9999 -9999 -9999 -9999 -9999 -9999 -9999 -9999 -9999 -9999 -9999 -9999 -9999 -9999 -9999 -9999 -9999 -9999 -9999 -9999 -9999
1.49392E-1 1.86207E-1 2.39998E-1 2.2311E-1 1.65197E-1 1.77917E-1 1.62738E-1 1.89293E-1 1.99944E-1 2.64955E-1 2.76863E-1 2.83859E-1 2.84652E-1 2.10174E-1 2.3791E-1 1.52516E-1 1.51587E-1 2.09932E-1 2.07267E-1 1.98034E-1 3.41832E-1 4.36581E-1 4.45465E-1 3.79512E-1 3.18057E-1 3.30823E-1 2.73351E-1 2.33793E-1 1.83719E-1 4.44958E-1 4.76994E-1 5.25128E-1 6.21578E-1 6.51458E-1 6.4195E-1 5.73232E-1 4.82425E-1 4.42926E-1 -9999 -9999 -9999 -9999 -9999 -9999 -9999 -9999 -9999 -9999 -9999 -9999 -9999 -9999 -9999 -9999 -9999 -9999 -9999 -9999 -9999 -9999 -9999 -9999 -9999 -9999 -9999 -9999 -9999 -9999 -9999 -9999 -9999 -9999
2.04041E-1 1.96252E-1 1.87043E-1 1.48909E-1 1.23904E-1 1.4587E-1 1.81517E-1 1.66063E-1 2.17373E-1 2.26785E-1 2.79469E-1 2.96434E-1 2.98218E-1 2.79774E-1 2.4763E-1 1.74789E-1 2.13959E-1 2.34266E-1 2.56701E-1 2.73027E-1 3.38792E-1 3.07915E-1 2.12098E-1 1.49758E-1 1.24927E-1 1.50219E-1 2.2121E-1 2.5405E-1 2.96229E-1 3.78671E-1 3.48886E-1 4.81445E-1 5.48758E-1 6.03804E-1 5.24143E-1 4.4301E-1 5.5745E-1 4.90005E-1 4.32171E-1 4.65499E-1 -9999 -9999 -9999 -9999 -9999 -9999 -9999 -9999 -9999 -9999 -9999 -9999 -9999 -9999 -9999 -9999 -9999 -9999 -9999 -9999 -9999 -9999 -9999 -9999 -9999 -9999 -9999 -9999 -9999 -9999 -9999 -9999
2.69678E-1 2.50626E-1 1.71743E-1 1.59175E-1 1.17105E-1 1.39748E-1 1.55576E-1 9.79745E-2 2.1201E-1 1.83308E-1 2.06896E-1 2.82008E-1 2.72859E-1 3.08353E-1 2.40136E-1 1.57111E-1 2.07713E-1 2.97338E-1 3.21937E-1 3.44946E-1 3.69595E-1 3.58957E-1 3.48535E-1 3.31074E-1 3.14651E-1 3.43762E-1 3.73896E-1 4.15441E-1 4.29488E-1 4.44416E-1 4.01385E-1 4.62703E-1 5.3759E-1 5.50748E-1 5.46034E-1 5.25574E-1 4.44211E-1 5.54784E-1 5.02122E-1 5.16312E-1 4.59954E-1 4.6984E-1 -9999 -9999 -9999 -9999 -9999 -9999 -9999 6.89735E-1 6.82083E-1 6.60386E-1 -9999 -9999 -9999 -9999 -9999 -9999 -9999 -9999 -9999 -9999 -9999 -9999 -9999 -9999 -9999 -9999 -9999 -9999 -9999 -9999
2.61639E-1 2.19121E-1 1.76644E-1 1.98924E-1 1.31584E-1 1.048E-1 1.01295E-1 1.0767E-1 1.01973E-1 1.3641E-1 1.88814E-1 2.01126E-1 2.37951E-1 2.61833E-1 2.14407E-1 1.61994E-1 2.10797E-1 3.02828E-1 3.22767E-1 3.52998E-1 3.40109E-1 3.28158E-1 3.4479E-1 3.29241E-1 3.87046E-1 3.95978E-1 4.24724E-1 4.66362E-1 4.21672E-1 4.51627E-1 4.75747E-1 5.133E-1 4.80125E-1 5.77546E-1 5.95006E-1 5.03553E-1 4.88245E-1 5.19827E-1 6.09005E-1 6.30048E-1 6.40234E-1 5.57099E-1 5.90648E-1 5.2143E-1 5.43743E-1 5.70377E-1 6.00695E-1 7.23266E-1 7.51413E-1 7.9594E-1 7.76451E-1 7.77187E-1 6.86953E-1 -9999 -9999 -9999 -9999 -9999 -9999 -9999 -9999 -9999 -9999 -9999 -9999 -9999 -9999 -9999 -9999 -9999 -9999 -9999
1.79984E-1 1.29139E-1 1.20733E-1 1.50896E-1 2.0799E-1 1.60416E-1 1.06014E-1 1.15411E-1 1.04356E-1 1.1263E-1 1.0364E-1 1.29804E-1 1.35535E-1 1.76076E-1 1.4658E-1 1.44474E-1 2.35926E-1 2.98531E-1 3.01296E-1 2.92062E-1 1.50887E-1 2.26917E-1 2.58852E-1 2.61239E-1 3.66268E-1 4.09564E-1 4.28733E-1 4.36388E-1 4.41777E-1 3.45645E-1 4.00366E-1 4.79379E-1 3.87973E-1 4.63257E-1 5.26301E-1 5.28851E-1 5.13219E-1 5.34814E-1 6.37865E-1 7.15229E-1 6.83743E-1 6.52653E-1 6.47697E-1 6.68697E-1 6.02817E-1 6.29956E-1 6.54391E-1 6.93087E-1 8.22817E-1 8.31292E-1 4.56482E-1 4.48705E-1 5.6922E-1 8.65483E-1 8.74899E-1 -9999 9.31619E-1 9.3619E-1 8.03275E-1 -9999 -9999 -9999 -9999 -9999 -9999 -9999 -9999 -9999 -9999 -9999 -9999 -9999
9.47472E-2 1.04272E-1 1.00093E-1 1.08545E-1 1.5108E-1 1.43671E-1 1.10578E-1 1.11471E-1 8.4116E-2 8.87849E-2 1.12122E-1 1.02862E-1 1.23164E-1 1.08956E-1 8.59904E-2 1.07303E-1 1.18304E-1 1.37633E-1 2.06244E-1 2.52128E-1 2.28949E-1 2.37711E-1 2.01877E-1 2.93867E-1 2.23593E-1 3.56119E-1 4.09966E-1 3.92332E-1 3.74059E-1 3.78953E-1 3.63915E-1 3.85705E-1 3.99797E-1 4.41282E-1 5.25655E-1 5.6327E-1 5.34694E-1 5.03426E-1 5.2629E-1 6.55453E-1 5.75917E-1 5.5458E-1 6.42475E-1 6.95269E-1 6.95595E-1 7.2278E-1 7.2212E-1 7.50021E-1 7.9136E-1 8.40918E-1 5.5648E-1 5.96099E-1 5.11488E-1 5.52407E-1 7.24322E-1 8.17557E-1 9.28253E-1 6.87779E-1 4.8834E-1 8.37649E-1 8.83309E-1 9.39773E-1 9.50723E-1 8.62891E-1 -9999 -9999 -9999 -9999 -9999 -9999 -9999 -9999
9.38344E-2 9.76643E-2 1.02626E-1 1.19363E-1 1.38017E-1 1.38017E-1 8.8341E-2 7.74934E-2 7.45479E-2 8.00184E-2 8.20453E-2 9.89971E-2 9.81493E-2 8.77999E-2 9.52741E-2 1.22386E-1 1.02461E-1 1.23174E-1 1.29903E-1 1.16945E-1 1.48451E-1 1.26334E-1 1.56623E-1 1.95648E-1 2.35803E-1 3.15795E-1 3.24908E-1 2.65015E-1 3.67121E-1 3.0617E-1 2.32363E-1 3.14395E-1 3.45692E-1 4.50285E-1 5.37991E-1 5.08519E-1 4.15077E-1 4.5082E-1 4.58143E-1 5.96281E-1 6.18579E-1 5.69941E-1 6.5734E-1 6.0703E-1 6.89845E-1 7.40708E-1 7.40058E-1 7.68073E-1 7.96251E-1 8.2643E-1 7.25393E-1 7.53793E-1 6.11607E-1 5.1098E-1 4.52831E-1 5.79891E-1 8.16854E-1 6.84737E-1 4.81096E-1 4.75659E-1 5.01502E-1 4.95405E-1 4.99343E-1 6.78039E-1 7.94185E-1 8.98664E-1 -9999 -9999 -9999 -9999 -9999 -9999
8.42306E-2 7.29702E-2 7.22233E-2 8.09849E-2 7.82125E-2 1.08772E-1 1.73656E-1 1.32974E-1 9.10105E-2 8.57495E-2 8.37249E-2 8.37624E-2 8.76113E-2 7.29721E-2 8.14035E-2 1.07317E-1 7.72988E-2 9.51768E-2 9.12679E-2 1.07054E-1 1.35974E-1 1.28413E-1 1.29834E-1 1.28342E-1 1.93752E-1 1.88375E-1 1.62016E-1 1.63793E-1 3.20663E-1 2.59501E-1 2.13904E-1 2.52799E-1 2.82158E-1 3.49758E-1 3.93941E-1 3.71886E-1 3.10347E-1 4.51552E-1 5.62599E-1 5.72019E-1 4.22524E-1 5.77257E-1 6.43215E-1 5.92688E-1 6.7215E-1 7.11048E-1 7.30185E-1 7.59198E-1 7.68635E-1 7.66126E-1 8.12162E-1 8.39003E-1 7.91249E-1 6.14528E-1 3.83918E-1 4.21127E-1 5.64329E-1 7.53632E-1 7.76973E-1 4.73568E-1 3.36809E-1 3.49843E-1 3.32606E-1 3.30465E-1 3.58212E-1 6.80219E-1 6.3577E-1 -9999 -9999 -9999 -9999 -9999
7.87004E-2 1.02364E-1 7.81458E-2 6.58991E-2 7.85291E-2 8.98641E-2 1.3507E-1 1.71024E-1 1.20009E-1 1.3703E-1 1.16644E-1 9.78539E-2 9.55436E-2 7.81352E-2 8.70627E-2 7.15882E-2 6.17252E-2 8.08961E-2 7.34745E-2 8.70881E-2 8.53757E-2 1.00353E-1 1.27313E-1 1.40732E-1 1.28127E-1 1.07874E-1 1.07068E-1 1.24056E-1 2.75544E-1 2.61068E-1 2.95132E-1 3.28983E-1 3.6402E-1 3.13298E-1 3.49137E-1 3.85149E-1 3.27937E-1 4.41217E-1 5.69964E-1 4.84021E-1 3.46345E-1 4.62935E-1 6.01493E-1 5.5577E-1 6.61195E-1 5.68866E-1 4.35746E-1 6.5102E-1 7.71148E-1 7.78828E-1 8.10227E-1 8.26724E-1 8.34987E-1 7.95336E-1 5.57006E-1 4.24178E-1 3.36144E-1 4.93603E-1 6.82558E-1 7.37269E-1 7.7358E-1 5.54673E-1 3.65578E-1 4.0156E-1 5.29027E-1 6.27157E-1 -9999 -9999 -9999 -9999 -9999 -9999
7.76098E-2 7.57659E-2 1.11227E-1 9.89833E-2 1.11809E-1 8.70087E-2 1.01703E-1 1.44738E-1 1.74357E-1 1.50622E-1 1.80225E-1 1.52883E-1 1.00891E-1 9.25596E-2 1.12154E-1 7.78421E-2 6.40325E-2 8.6097E-2 8.41495E-2 8.8892E-2 9.91243E-2 1.05226E-1 7.24851E-2 7.90372E-2 8.37529E-2 8.5099E-2 1.01183E-1 1.22168E-1 1.77869E-1 1.78891E-1 1.44351E-1 2.29162E-1 1.82312E-1 2.98788E-1 3.88421E-1 4.60061E-1 4.09317E-1 4.70506E-1 4.94994E-1 5.3606E-1 3.92533E-1 3.4537E-1 4.75286E-1 5.73636E-1 4.28562E-1 4.88239E-1 3.79268E-1 3.39401E-1 5.71469E-1 6.92921E-1 7.10193E-1 7.28487E-1 7.3367E-1 8.18104E-1 7.87806E-1 6.36328E-1 4.69817E-1 5.89141E-1 8.06502E-1 8.37754E-1 8.94368E-1 9.01852E-1 8.75422E-1 7.7036E-1 7.23235E-1 7.6671E-1 9.38336E-1 8.71724E-1 9.21666E-1 9.32348E-1 9.46456E-1 9.13142E-1
1.18444E-1 1.13002E-1 1.51138E-1 1.8861E-1 1.83164E-1 1.36246E-1 8.82057E-2 8.72548E-2 1.50774E-1 1.94672E-1 1.91378E-1 1.83098E-1 1.69248E-1 1.26761E-1 8.53015E-2 6.50976E-2 8.6631E-2 8.81314E-2 8.12596E-2 1.00128E-1 9.91031E-2 1.07434E-1 8.49514E-2 9.29126E-2 9.33987E-2 1.01633E-1 1.07964E-1 1.1175E-1 1.153E-1 1.12826E-1 1.27941E-1 1.5794E-1 1.31321E-1 1.65899E-1 1.87048E-1 3.38974E-1 4.14337E-1 4.70941E-1 4.98136E-1 4.75254E-1 4.28256E-1 3.43176E-1 4.96002E-1 4.44815E-1 4.54781E-1 3.03148E-1 2.46277E-1 2.28199E-1 4.0175E-1 3.48386E-1 3.71092E-1 3.24249E-1 3.57843E-1 6.17338E-1 7.29689E-1 8.22027E-1 8.02316E-1 7.55885E-1 7.78186E-1 7.84917E-1 8.73034E-1 8.68929E-1 8.70895E-1 6.53736E-1 6.56406E-1 7.79662E-1 9.02419E-1 9.19987E-1 8.73006E-1 9.24511E-1 9.30191E-1 6.70723E-1
1.31414E-1 1.34453E-1 1.50245E-1 1.44941E-1 1.21333E-1 1.31959E-1 1.27308E-1 1.44471E-1 1.1229E-1 1.5659E-1 2.10457E-1 2.05309E-1 1.93986E-1 1.60763E-1 1.52914E-1 1.221E-1 1.05223E-1 8.96033E-2 8.96182E-2 1.02525E-1 9.67995E-2 1.00558E-1 8.38105E-2 1.01617E-1 1.05678E-1 1.05154E-1 1.13086E-1 1.10393E-1 1.32393E-1 1.4676E-1 1.76749E-1 1.45985E-1 1.36521E-1 1.51421E-1 2.1813E-1 3.14825E-1 3.96189E-1 4.09189E-1 3.4569E-1 4.10852E-1 4.26865E-1 3.19391E-1 3.80682E-1 3.61723E-1 3.83738E-1 3.25882E-1 2.64266E-1 2.37598E-1 2.57293E-1 3.19993E-1 3.78199E-1 3.58606E-1 3.21243E-1 3.40076E-1 4.23134E-1 6.49302E-1 7.31339E-1 6.17712E-1 6.13243E-1 5.63536E-1 6.64055E-1 7.27065E-1 8.36802E-1 7.23971E-1 6.9625E-1 6.40689E-1 7.86646E-1 9.25891E-1 9.30867E-1 9.30867E-1 9.35341E-1 9.12494E-1
1.20748E-1 1.36852E-1 1.44081E-1 1.63689E-1 1.64519E-1 1.81627E-1 1.73931E-1 1.73027E-1 1.83419E-1 1.89708E-1 1.35109E-1 1.99874E-1 2.14828E-1 2.06488E-1 2.05879E-1 2.05437E-1 1.84501E-1 1.19419E-1 1.11123E-1 1.06088E-1 9.9933E-2 8.26553E-2 8.7856E-2 1.04244E-1 1.05319E-1 1.06416E-1 1.46787E-1 1.63419E-1 2.16798E-1 2.28949E-1 2.51877E-1 2.42834E-1 2.27358E-1 2.14783E-1 1.91486E-1 2.09956E-1 2.91545E-1 3.66842E-1 2.41381E-1 1.84746E-1 2.2734E-1 3.43129E-1 2.20907E-1 2.78773E-1 2.88956E-1 2.44195E-1 2.76886E-1 2.23769E-1 2.14009E-1 2.73791E-1 3.1488E-1 3.41006E-1 3.60907E-1 3.32061E-1 3.33024E-1 3.89869E-1 6.41782E-1 6.57142E-1 5.29381E-1 5.44646E-1 5.68907E-1 6.16729E-1 7.27988E-1 7.88349E-1 7.70378E-1 7.27706E-1 7.48421E-1 8.84676E-1 9.1206E-1 8.78334E-1 7.84733E-1 7.58678E-1
1.64186E-1 1.87743E-1 1.8257E-1 1.97732E-1 2.07771E-1 2.10856E-1 2.14609E-1 2.17145E-1 2.18208E-1 2.40237E-1 2.03544E-1 1.52408E-1 1.24033E-1 1.45182E-1 1.52097E-1 1.90135E-1 1.90135E-1 1.647E-1 1.88289E-1 1.55711E-1 1.40831E-1 1.13628E-1 1.22055E-1 1.30973E-1 1.54079E-1 1.78481E-1 2.18965E-1 2.45775E-1 2.98062E-1 2.85783E-1 2.73052E-1 2.72668E-1 3.06263E-1 3.09082E-1 2.92047E-1 3.37515E-1 3.70329E-1 4.17817E-1 2.1184E-1 2.29596E-1 3.10772E-1 3.02195E-1 2.40567E-1 2.66E-1 2.86653E-1 2.79556E-1 2.70054E-1 2.1562E-1 2.29713E-1 2.50284E-1 2.80332E-1 2.81427E-1 3.18722E-1 3.63328E-1 3.59656E-1 3.74657E-1 4.54067E-1 5.19989E-1 6.0293E-1 6.99239E-1 7.28318E-1 6.97851E-1 7.36357E-1 7.84724E-1 8.55578E-1 8.41226E-1 8.90518E-1 8.88371E-1 8.5975E-1 5.49716E-1 4.07651E-1 5.5211E-1
1.69951E-1 1.96755E-1 2.05736E-1 2.04724E-1 2.23197E-1 2.20601E-1 2.29352E-1 2.30466E-1 2.51354E-1 2.62596E-1 2.74243E-1 2.37893E-1 2.24385E-1 1.93569E-1 1.48933E-1 1.6061E-1 1.61645E-1 1.74998E-1 2.07547E-1 2.06528E-1 1.95378E-1 2.14171E-1 1.9303E-1 1.99877E-1 2.2119E-1 2.60096E-1 2.42072E-1 2.52972E-1 2.63727E-1 2.45732E-1 2.38433E-1 2.64183E-1 2.69686E-1 2.5348E-1 2.45367E-1 3.13872E-1 3.58522E-1 4.34354E-1 3.7875E-1 3.23351E-1 2.556E-1 2.97452E-1 2.26568E-1 2.4994E-1 2.99507E-1 3.18751E-1 3.45525E-1 2.5555E-1 2.59929E-1 2.4989E-1 3.47665E-1 4.09802E-1 3.47287E-1 3.38119E-1 3.4305E-1 3.61304E-1 3.39648E-1 3.35552E-1 4.53509E-1 5.50355E-1 5.85223E-1 6.70211E-1 7.42796E-1 8.33415E-1 8.51208E-1 8.40755E-1 8.8612E-1 8.99124E-1 8.79275E-1 6.62827E-1 4.83315E-1 4.66156E-1
2.15491E-1 2.16124E-1 2.20388E-1 2.21465E-1 2.16758E-1 2.41902E-1 2.41902E-1 2.39586E-1 2.5328E-1 2.82636E-1 2.82898E-1 2.64591E-1 2.59579E-1 2.64546E-1 2.41542E-1 1.95758E-1 1.4339E-1 1.69267E-1 2.04503E-1 2.22959E-1 2.24047E-1 2.42812E-1 2.44874E-1 2.21837E-1 2.51572E-1 2.72213E-1 2.76854E-1 2.89807E-1 2.71654E-1 2.78366E-1 2.93046E-1 2.63479E-1 3.21195E-1 2.68372E-1 2.66143E-1 3.06305E-1 3.23039E-1 3.86538E-1 3.5739E-1 2.95063E-1 2.1882E-1 2.04426E-1 1.97991E-1 2.49661E-1 2.98178E-1 3.47323E-1 3.17274E-1 2.62964E-1 2.1996E-1 2.87894E-1 2.9826E-1 3.63352E-1 3.88779E-1 3.27111E-1 2.85044E-1 3.27514E-1 3.75371E-1 3.53528E-1 2.78474E-1 4.69079E-1 5.61809E-1 5.81378E-1 6.5688E-1 7.81984E-1 8.31758E-1 8.44808E-1 8.77255E-1 8.8017E-1 8.63059E-1 7.52929E-1 5.30514E-1 3.45654E-1
2.26958E-1 2.12972E-1 2.19315E-1 2.38896E-1 2.332E-1 2.35009E-1 2.46118E-1 2.61399E-1 2.72748E-1 2.75323E-1 2.77396E-1 2.76099E-1 2.67104E-1 2.68368E-1 2.58349E-1 2.658E-1 2.58305E-1 1.82853E-1 1.58257E-1 2.21875E-1 2.39146E-1 2.59891E-1 2.40676E-1 2.46524E-1 2.61083E-1 2.92558E-1 3.22856E-1 3.07021E-1 3.04961E-1 3.32164E-1 3.1022E-1 2.97099E-1 3.05515E-1 2.57258E-1 2.97873E-1 3.39436E-1 3.28885E-1 3.65405E-1 3.12012E-1 2.20459E-1 1.97134E-1 1.6898E-1 2.02242E-1 2.0967E-1 2.39336E-1 3.13666E-1 3.26928E-1 2.68016E-1 2.71968E-1 2.54226E-1 2.25526E-1 2.50685E-1 3.90558E-1 4.13218E-1 3.78352E-1 3.39533E-1 3.62517E-1 3.90529E-1 3.16799E-1 4.15962E-1 3.44647E-1 4.77929E-1 7.37611E-1 7.20452E-1 7.36265E-1 8.01877E-1 8.61449E-1 8.5396E-1 8.5169E-1 8.39129E-1 8.27312E-1 7.71922E-1
2.32525E-1 2.35464E-1 2.32075E-1 2.31625E-1 2.53808E-1 2.63139E-1 2.75323E-1 2.66395E-1 2.72748E-1 2.70956E-1 2.76876E-1 2.80792E-1 2.78699E-1 2.80792E-1 2.91452E-1 2.76829E-1 2.76783E-1 2.72142E-1 2.52971E-1 2.01973E-1 2.48551E-1 2.50416E-1 2.44963E-1 2.55241E-1 2.44921E-1 2.36313E-1 2.70934E-1 2.74267E-1 2.95009E-1 3.05523E-1 2.98523E-1 3.06085E-1 3.03513E-1 3.35106E-1 3.62962E-1 3.58578E-1 2.58137E-1 2.95173E-1 3.41412E-1 2.07961E-1 1.51471E-1 1.67969E-1 1.90644E-1 1.67249E-1 2.11252E-1 2.97306E-1 3.37751E-1 3.09346E-1 3.02187E-1 2.55156E-1 2.84383E-1 2.65865E-1 3.64363E-1 3.19949E-1 3.36634E-1 3.0457E-1 3.17305E-1 2.91301E-1 2.7718E-1 2.8584E-1 4.05657E-1 4.79753E-1 6.27643E-1 5.73048E-1 6.16009E-1 6.80592E-1 7.995E-1 8.33909E-1 8.43242E-1 8.30615E-1 8.23625E-1 8.04851E-1
