Artocarpus altilis SDM files/MIS19/results (without bias file)/Artalt_2.asc
ncols         1201
nrows         481
xllcorner     119.99986351115
yllcorner     -15.00013828885
cellsize      0.041666667
NODATA_value  -9999
[rows 288 to 319 of 481, columns 432 to 503 of 1201]
-9999 -9999 -9999 -9999 -9999 -9999 -9999 -9999 -9999 -9999 -9999 -9999 -9999 6.44909E-1 6.10209E-1 5.71812E-1 5.59891E-1 5.35706E-1 5.31689E-1 4.75943E-1 4.71866E-1 4.36874E-1 4.29164E-1 4.10762E-1 3.87852E-1 3.67366E-1 3.53413E-1 3.51613E-1 3.42007E-1 3.37635E-1 3.22813E-1 3.10388E-1 3.14676E-1 2.80209E-1 2.72673E-1 2.79138E-1 2.53439E-1 2.58425E-1 2.52874E-1 2.55957E-1 2.3268E-1 2.37608E-1 2.4232E-1 2.52185E-1 2.6826E-1 2.47664E-1 2.5513E-1 2.39728E-1 2.37156E-1 2.61134E-1 2.85941E-1 2.87063E-1 3.02913E-1 3.06033E-1 3.02916E-1 2.85525E-1 2.8461E-1 2.86056E-1 2.95196E-1 2.97648E-1 3.24886E-1 3.34076E-1 3.26316E-1 3.38724E-1 3.39686E-1 3.4391E-1 3.42457E-1 3.42401E-1 3.54398E-1 3.66937E-1 3.62315E-1 3.80747E-1
-9999 -9999 -9999 -9999 -9999 -9999 -9999 -9999 -9999 -9999 -9999 -9999 -9999 -9999 5.97901E-1 5.90478E-1 5.56386E-1 5.27954E-1 5.25247E-1 4.99448E-1 4.58224E-1 4.25622E-1 4.07428E-1 3.8671E-1 3.60598E-1 3.63383E-1 3.58E-1 3.50353E-1 3.28267E-1 3.24464E-1 3.18033E-1 3.21451E-1 3.05135E-1 2.66176E-1 2.65294E-1 2.63348E-1 2.62738E-1 2.39838E-1 2.61547E-1 2.51144E-1 2.41616E-1 2.36356E-1 2.47672E-1 2.55985E-1 2.46575E-1 2.44227E-1 2.35831E-1 2.52213E-1 2.46037E-1 2.5185E-1 2.76281E-1 2.78955E-1 2.9827E-1 2.96533E-1 2.94685E-1 2.95123E-1 2.77866E-1 2.77522E-1 3.03063E-1 3.10892E-1 3.1262E-1 3.27801E-1 3.37136E-1 3.5163E-1 3.50099E-1 3.55479E-1 3.47136E-1 3.59251E-1 3.59007E-1 3.73054E-1 3.74204E-1 3.75356E-1
-9999 -9999 -9999 -9999 -9999 -9999 -9999 -9999 -9999 -9999 -9999 -9999 -9999 -9999 -9999 -9999 5.50719E-1 5.31058E-1 5.09732E-1 5.08574E-1 4.61823E-1 4.38488E-1 4.20769E-1 4.02254E-1 3.65436E-1 3.77787E-1 3.40895E-1 3.31939E-1 3.17865E-1 3.08155E-1 3.09324E-1 2.98494E-1 2.86904E-1 2.75159E-1 2.61286E-1 2.52426E-1 2.60645E-1 2.50908E-1 2.54921E-1 2.41687E-1 2.39317E-1 2.38988E-1 2.53432E-1 2.54955E-1 2.48829E-1 2.35061E-1 2.31677E-1 2.52557E-1 2.48948E-1 2.52851E-1 2.76435E-1 2.78031E-1 2.96625E-1 2.89313E-1 2.87636E-1 2.66258E-1 2.74307E-1 2.76328E-1 3.03536E-1 2.88355E-1 3.21829E-1 3.35234E-1 3.45961E-1 3.60216E-1 3.45194E-1 3.51862E-1 3.57503E-1 3.64337E-1 3.76632E-1 3.74956E-1 3.70156E-1 3.78423E-1
-9999 -9999 -9999 -9999 -9999 -9999 -9999 -9999 -9999 -9999 -9999 -9999 -9999 -9999 -9999 -9999 -9999 5.20021E-1 4.96622E-1 4.84522E-1 4.41856E-1 4.20182E-1 4.06918E-1 3.97974E-1 3.81951E-1 3.6306E-1 3.66059E-1 3.24874E-1 3.19295E-1 3.09542E-1 3.13495E-1 3.06161E-1 2.90219E-1 2.71395E-1 2.62185E-1 2.59059E-1 2.48483E-1 2.52358E-1 2.4339E-1 2.50252E-1 2.29957E-1 2.24193E-1 2.44399E-1 2.49109E-1 2.53363E-1 2.42477E-1 2.4439E-1 2.64215E-1 2.68427E-1 2.85715E-1 2.98676E-1 2.82779E-1 2.9452E-1 2.80509E-1 2.73926E-1 2.72946E-1 2.79117E-1 2.76349E-1 2.92764E-1 2.82339E-1 3.06997E-1 3.35521E-1 3.32287E-1 3.32964E-1 3.30597E-1 3.40019E-1 3.48107E-1 3.54795E-1 3.75709E-1 3.59681E-1 3.76109E-1 3.71658E-1
-9999 -9999 -9999 -9999 -9999 -9999 -9999 -9999 -9999 -9999 -9999 -9999 -9999 -9999 -9999 -9999 -9999 5.1308E-1 4.90654E-1 4.63526E-1 4.50788E-1 4.36592E-1 4.01946E-1 3.90307E-1 3.7919E-1 3.72947E-1 3.69852E-1 3.51346E-1 3.15928E-1 3.03828E-1 3.02625E-1 2.94569E-1 2.85027E-1 2.78226E-1 2.80828E-1 2.59348E-1 2.47963E-1 2.48892E-1 2.4381E-1 2.42632E-1 2.33995E-1 2.38007E-1 2.46293E-1 2.43187E-1 2.48137E-1 2.47469E-1 2.4117E-1 2.63259E-1 2.59328E-1 2.85494E-1 2.67489E-1 2.8203E-1 2.72334E-1 2.57435E-1 2.55284E-1 2.61202E-1 2.71665E-1 2.78212E-1 2.8381E-1 2.7614E-1 2.86635E-1 3.18741E-1 3.22677E-1 3.13512E-1 3.14464E-1 3.28514E-1 3.4326E-1 3.40105E-1 3.43816E-1 3.51805E-1 3.66602E-1 3.8085E-1
-9999 -9999 -9999 -9999 -9999 -9999 -9999 -9999 -9999 -9999 -9999 -9999 -9999 -9999 -9999 -9999 5.39154E-1 5.38547E-1 5.3078E-1 4.86218E-1 4.4727E-1 4.33658E-1 4.13149E-1 3.9762E-1 3.65021E-1 3.5804E-1 3.50529E-1 3.42271E-1 3.25748E-1 3.05486E-1 2.88943E-1 2.85368E-1 2.78028E-1 2.75051E-1 2.65318E-1 2.55316E-1 2.496E-1 2.46674E-1 2.54631E-1 2.52537E-1 2.4214E-1 2.44035E-1 2.34319E-1 2.31421E-1 2.44532E-1 2.41791E-1 2.52298E-1 2.55991E-1 2.65786E-1 2.63673E-1 2.65834E-1 2.6035E-1 2.52615E-1 2.50927E-1 2.47561E-1 2.63002E-1 2.77673E-1 2.68271E-1 2.71468E-1 2.83827E-1 2.85896E-1 3.05224E-1 3.24219E-1 3.26702E-1 3.30306E-1 3.40919E-1 3.27467E-1 3.33654E-1 3.37313E-1 3.41182E-1 3.40947E-1 3.72407E-1
-9999 -9999 -9999 -9999 -9999 -9999 -9999 -9999 -9999 -9999 -9999 -9999 -9999 -9999 -9999 -9999 5.33872E-1 4.98463E-1 4.78146E-1 4.62572E-1 4.32993E-1 4.1762E-1 4.10634E-1 3.94146E-1 3.64452E-1 3.51906E-1 3.39493E-1 3.29294E-1 3.1727E-1 3.08285E-1 2.96931E-1 2.76859E-1 2.7474E-1 2.68239E-1 2.66422E-1 2.6248E-1 2.53579E-1 2.57277E-1 2.44335E-1 2.38985E-1 2.38884E-1 2.44148E-1 2.49786E-1 2.44286E-1 2.4378E-1 2.45263E-1 2.49672E-1 2.48748E-1 2.47482E-1 2.43651E-1 2.41903E-1 2.36622E-1 2.34559E-1 2.41984E-1 2.47623E-1 2.62213E-1 2.65352E-1 2.77769E-1 2.73925E-1 2.91194E-1 2.87508E-1 3.17362E-1 3.31315E-1 3.43231E-1 3.37231E-1 3.22624E-1 3.34116E-1 3.35179E-1 3.28514E-1 3.45431E-1 3.53206E-1 3.62718E-1
-9999 -9999 -9999 -9999 -9999 -9999 -9999 -9999 -9999 -9999 -9999 -9999 -9999 -9999 -9999 -9999 5.2051E-1 4.95693E-1 4.9105E-1 4.47389E-1 4.28476E-1 4.08116E-1 3.90556E-1 3.78512E-1 3.70422E-1 3.42429E-1 3.33697E-1 3.22653E-1 3.04066E-1 2.92704E-1 2.88563E-1 2.71615E-1 2.71971E-1 2.68759E-1 2.44971E-1 2.57358E-1 2.61564E-1 2.56502E-1 2.38365E-1 2.41319E-1 2.45109E-1 2.43397E-1 2.4066E-1 2.15552E-1 2.38105E-1 2.3381E-1 2.44698E-1 2.40412E-1 2.44087E-1 2.4577E-1 2.39407E-1 2.36171E-1 2.41247E-1 2.42291E-1 2.42222E-1 2.46266E-1 2.66676E-1 2.75618E-1 2.67523E-1 2.78797E-1 3.04716E-1 3.21374E-1 3.07982E-1 3.14509E-1 3.24618E-1 3.25659E-1 3.17834E-1 3.28971E-1 3.26194E-1 3.31077E-1 3.55037E-1 3.72656E-1
-9999 -9999 -9999 -9999 -9999 -9999 -9999 -9999 -9999 -9999 -9999 -9999 -9999 -9999 -9999 -9999 -9999 -9999 4.62562E-1 4.55055E-1 4.20459E-1 4.17482E-1 4.05986E-1 3.88363E-1 3.6752E-1 3.51171E-1 3.22003E-1 3.2397E-1 3.15808E-1 2.95811E-1 2.8293E-1 2.68871E-1 2.6229E-1 2.6512E-1 2.63338E-1 2.60244E-1 2.64022E-1 2.4463E-1 2.66719E-1 2.71917E-1 2.53203E-1 2.5076E-1 2.3789E-1 2.31115E-1 2.38686E-1 2.26821E-1 2.30044E-1 2.33893E-1 2.45463E-1 2.33686E-1 2.34901E-1 2.37667E-1 2.4478E-1 2.39752E-1 2.46673E-1 2.56177E-1 2.75165E-1 2.64657E-1 2.7235E-1 2.90911E-1 3.12904E-1 3.09174E-1 2.9662E-1 2.9252E-1 3.0947E-1 3.15623E-1 3.19135E-1 3.21365E-1 3.26421E-1 3.24699E-1 3.37779E-1 3.45668E-1
-9999 -9999 -9999 -9999 -9999 -9999 -9999 -9999 -9999 -9999 -9999 -9999 -9999 -9999 -9999 5.18011E-1 5.31909E-1 -9999 -9999 -9999 4.3523E-1 4.11687E-1 3.88462E-1 3.74747E-1 3.61352E-1 3.47549E-1 3.15284E-1 3.08371E-1 3.06466E-1 3.00835E-1 2.91786E-1 2.76587E-1 2.68844E-1 2.64498E-1 2.55586E-1 2.49911E-1 2.60599E-1 2.61767E-1 2.52685E-1 2.25731E-1 2.26075E-1 2.29981E-1 2.32699E-1 2.18429E-1 2.19256E-1 2.21938E-1 2.21535E-1 2.22586E-1 2.22784E-1 2.19474E-1 2.2361E-1 2.22709E-1 2.28047E-1 2.31906E-1 2.38808E-1 2.52185E-1 2.68544E-1 2.74966E-1 2.97464E-1 3.03813E-1 2.98207E-1 3.02902E-1 2.92095E-1 2.9177E-1 2.95288E-1 2.99603E-1 3.0947E-1 3.14164E-1 3.27976E-1 3.28971E-1 3.41998E-1 3.41942E-1
-9999 -9999 -9999 -9999 -9999 -9999 -9999 -9999 -9999 6.7834E-1 6.41533E-1 6.29189E-1 6.01701E-1 5.78043E-1 5.5197E-1 5.45242E-1 5.01361E-1 4.82077E-1 4.63308E-1 4.36079E-1 4.2997E-1 4.1092E-1 3.64167E-1 3.59294E-1 3.54182E-1 3.4457E-1 3.37704E-1 3.12502E-1 3.03845E-1 3.01942E-1 2.91342E-1 2.88322E-1 2.72433E-1 2.72162E-1 2.57174E-1 2.5782E-1 2.57785E-1 2.4293E-1 2.39075E-1 2.28065E-1 2.22731E-1 2.24601E-1 2.20749E-1 2.21253E-1 2.29883E-1 2.20873E-1 2.20244E-1 2.20385E-1 2.24042E-1 2.29743E-1 2.3264E-1 2.3655E-1 2.33264E-1 2.29057E-1 2.38985E-1 2.589E-1 2.63318E-1 2.93173E-1 2.87927E-1 2.97838E-1 2.87328E-1 2.87592E-1 2.9694E-1 2.91979E-1 3.00243E-1 2.97439E-1 3.1214E-1 3.117E-1 3.16642E-1 3.34633E-1 3.4511E-1 3.6425E-1
-9999 -9999 -9999 -9999 -9999 -9999 6.68606E-1 6.7902E-1 6.62585E-1 6.61146E-1 6.52752E-1 6.33046E-1 5.98349E-1 5.54726E-1 5.3211E-1 5.21033E-1 5.10345E-1 4.79023E-1 4.49322E-1 4.39987E-1 4.09669E-1 4.08122E-1 3.70961E-1 3.47743E-1 3.479E-1 3.34676E-1 3.34215E-1 3.30297E-1 3.11712E-1 3.05771E-1 2.86749E-1 2.89561E-1 2.71778E-1 2.71107E-1 2.74408E-1 2.6176E-1 2.42795E-1 2.33499E-1 2.32116E-1 2.34921E-1 2.4224E-1 2.28025E-1 2.29078E-1 2.22986E-1 2.23112E-1 2.26152E-1 2.28211E-1 2.31091E-1 2.31885E-1 2.39916E-1 2.34938E-1 2.34777E-1 2.30706E-1 2.33438E-1 2.50713E-1 2.66995E-1 2.62436E-1 2.86209E-1 2.85013E-1 2.7908E-1 2.81139E-1 2.79805E-1 2.90115E-1 2.95759E-1 2.96679E-1 3.02473E-1 3.12192E-1 3.07034E-1 3.31049E-1 3.32512E-1 3.52256E-1 3.41333E-1
-9999 -9999 -9999 -9999 -9999 6.57241E-1 6.58979E-1 6.49019E-1 6.27551E-1 6.47979E-1 6.22222E-1 6.11301E-1 5.90676E-1 5.47014E-1 5.23749E-1 5.03106E-1 4.96249E-1 4.63057E-1 4.34762E-1 4.20158E-1 4.03191E-1 3.86264E-1 3.60233E-1 3.58281E-1 3.45481E-1 3.42993E-1 3.49281E-1 3.33342E-1 3.06531E-1 2.95277E-1 2.78273E-1 2.74653E-1 2.85823E-1 2.70064E-1 2.66566E-1 2.5534E-1 2.45346E-1 2.34905E-1 2.50384E-1 2.38355E-1 2.37254E-1 2.4334E-1 2.26292E-1 2.25145E-1 2.23632E-1 2.2708E-1 2.20679E-1 2.25361E-1 2.32058E-1 2.4447E-1 2.34539E-1 2.30087E-1 2.28956E-1 2.2576E-1 2.39382E-1 2.5947E-1 2.65909E-1 2.78251E-1 2.86547E-1 2.85013E-1 2.74403E-1 2.74204E-1 2.83209E-1 2.91279E-1 3.01917E-1 2.97913E-1 3.11403E-1 3.11183E-1 3.22371E-1 3.32742E-1 3.52497E-1 3.3094E-1
-9999 -9999 -9999 6.66652E-1 6.65688E-1 6.67245E-1 6.65303E-1 6.36264E-1 6.11465E-1 6.26616E-1 6.02834E-1 5.90204E-1 5.84201E-1 5.51116E-1 5.18982E-1 5.03023E-1 4.81793E-1 4.55266E-1 4.31078E-1 4.14566E-1 4.00952E-1 3.86485E-1 3.79455E-1 3.62551E-1 3.52005E-1 3.35667E-1 3.33463E-1 3.20583E-1 2.96538E-1 2.92859E-1 2.82232E-1 2.76857E-1 2.76866E-1 2.63051E-1 2.56613E-1 2.57685E-1 2.56488E-1 2.5295E-1 2.59275E-1 2.44968E-1 2.30285E-1 2.35928E-1 2.40314E-1 2.38504E-1 2.25584E-1 2.16992E-1 2.33243E-1 2.41314E-1 2.38462E-1 2.39455E-1 2.35154E-1 2.36135E-1 2.28956E-1 2.258E-1 2.51126E-1 2.6743E-1 2.64134E-1 2.6867E-1 2.71919E-1 2.66949E-1 2.62199E-1 2.77802E-1 2.83617E-1 2.86645E-1 2.94792E-1 3.00506E-1 2.97913E-1 3.06306E-1 3.26621E-1 3.25298E-1 3.34033E-1 3.40311E-1
-9999 -9999 6.54138E-1 6.70447E-1 6.50986E-1 6.51716E-1 6.46658E-1 6.26737E-1 5.95609E-1 6.16585E-1 5.98858E-1 5.84882E-1 5.67504E-1 5.53886E-1 4.96684E-1 5.03306E-1 4.90102E-1 4.60683E-1 4.31509E-1 4.10228E-1 3.9267E-1 3.80415E-1 3.79085E-1 3.64033E-1 3.36376E-1 3.29108E-1 3.3654E-1 3.20147E-1 3.06471E-1 2.90763E-1 2.8676E-1 2.78817E-1 2.80166E-1 2.71874E-1 2.58439E-1 2.56908E-1 2.54842E-1 2.58871E-1 2.52096E-1 2.6186E-1 2.33171E-1 2.32793E-1 2.35897E-1 2.34742E-1 2.42676E-1 2.26477E-1 2.28422E-1 2.33417E-1 2.41672E-1 2.40629E-1 2.36311E-1 2.36311E-1 2.33028E-1 2.3596E-1 2.53575E-1 2.68716E-1 2.61107E-1 2.7681E-1 2.76562E-1 2.69131E-1 2.66949E-1 2.7933E-1 2.70181E-1 2.80007E-1 2.84351E-1 2.87592E-1 2.93407E-1 3.00506E-1 3.16563E-1 3.25351E-1 3.34033E-1 3.32512E-1
-9999 6.5353E-1 6.46479E-1 6.38485E-1 6.26363E-1 6.28851E-1 6.17315E-1 6.31249E-1 5.73483E-1 6.10516E-1 5.88356E-1 5.74809E-1 5.60574E-1 5.18885E-1 4.72379E-1 4.70769E-1 4.59053E-1 4.38837E-1 4.32447E-1 3.92231E-1 3.7611E-1 3.75158E-1 3.70457E-1 3.61406E-1 3.29802E-1 3.3985E-1 3.28589E-1 3.18431E-1 3.09794E-1 3.01855E-1 2.84291E-1 2.87103E-1 2.78752E-1 2.78743E-1 2.74909E-1 2.54782E-1 2.51193E-1 2.59827E-1 2.52025E-1 2.52282E-1 2.55413E-1 2.53322E-1 2.38673E-1 2.27197E-1 2.32966E-1 2.31823E-1 2.26687E-1 2.29723E-1 2.4085E-1 2.38639E-1 2.31437E-1 2.37473E-1 2.33202E-1 2.44332E-1 2.53575E-1 2.66731E-1 2.73514E-1 2.71257E-1 2.74379E-1 2.56254E-1 2.81843E-1 2.75963E-1 2.78204E-1 2.79128E-1 2.75517E-1 2.77554E-1 3.07008E-1 2.97152E-1 3.14306E-1 3.32199E-1 3.21285E-1 3.18333E-1
6.71058E-1 6.48356E-1 6.4938E-1 6.31368E-1 6.22031E-1 6.16525E-1 5.83657E-1 5.67255E-1 5.63019E-1 5.85534E-1 5.83023E-1 5.71442E-1 5.48633E-1 4.96953E-1 4.56851E-1 4.54921E-1 4.42891E-1 4.2646E-1 4.28153E-1 4.21059E-1 3.72927E-1 3.74411E-1 3.56963E-1 3.5396E-1 3.17047E-1 3.36653E-1 3.15177E-1 3.15627E-1 3.08698E-1 3.05795E-1 3.07131E-1 2.9678E-1 2.89868E-1 2.8682E-1 2.74036E-1 2.71791E-1 2.70886E-1 2.556E-1 2.556E-1 2.52282E-1 2.62153E-1 2.57896E-1 2.48296E-1 2.40031E-1 2.38045E-1 2.41851E-1 2.32793E-1 2.31823E-1 2.42031E-1 2.47273E-1 2.43683E-1 2.42813E-1 2.32405E-1 2.47564E-1 2.57284E-1 2.66034E-1 2.68015E-1 2.69257E-1 2.72361E-1 2.58743E-1 2.7418E-1 2.7062E-1 2.79531E-1 2.77282E-1 2.80411E-1 2.75517E-1 2.81139E-1 2.83005E-1 3.11894E-1 3.13072E-1 3.13864E-1 3.27895E-1
5.62917E-1 6.47866E-1 6.28763E-1 6.16897E-1 6.14934E-1 6.08244E-1 5.83008E-1 5.68328E-1 5.95155E-1 5.7655E-1 5.4987E-1 5.33558E-1 5.14237E-1 4.85736E-1 4.56772E-1 4.56946E-1 4.41258E-1 4.2503E-1 4.19474E-1 4.13633E-1 3.99829E-1 3.75602E-1 3.5092E-1 3.4309E-1 3.26093E-1 3.40665E-1 3.13637E-1 3.17091E-1 3.0814E-1 3.04803E-1 3.14959E-1 3.00914E-1 2.8974E-1 2.79469E-1 2.78677E-1 2.74402E-1 2.79804E-1 2.71083E-1 2.556E-1 2.57707E-1 2.66662E-1 2.68803E-1 2.64497E-1 2.45237E-1 2.38045E-1 2.37057E-1 2.37868E-1 2.36881E-1 2.43906E-1 2.44044E-1 2.38859E-1 2.46072E-1 2.38504E-1 2.44694E-1 2.54135E-1 2.70597E-1 2.62944E-1 2.7055E-1 2.58063E-1 2.56674E-1 2.58788E-1 2.73269E-1 2.75445E-1 2.82201E-1 2.75916E-1 2.73491E-1 2.73293E-1 2.74006E-1 3.02182E-1 3.02131E-1 3.12852E-1 3.23048E-1
6.48432E-1 6.36939E-1 6.12914E-1 5.90062E-1 5.92046E-1 5.84649E-1 5.77507E-1 5.63256E-1 5.7396E-1 5.4788E-1 5.27639E-1 5.18633E-1 5.00642E-1 4.65351E-1 4.39971E-1 4.58278E-1 4.4325E-1 4.22317E-1 4.1996E-1 4.10637E-1 3.99099E-1 3.68107E-1 3.47356E-1 3.42665E-1 3.3171E-1 3.41552E-1 3.39533E-1 3.07041E-1 2.98812E-1 3.13617E-1 3.06445E-1 3.1098E-1 2.96374E-1 2.85701E-1 2.8207E-1 2.81138E-1 2.81138E-1 2.83616E-1 2.70886E-1 2.68693E-1 2.76833E-1 2.65578E-1 2.55788E-1 2.49323E-1 2.44044E-1 2.37868E-1 2.33766E-1 2.45933E-1 2.46951E-1 2.63227E-1 2.57896E-1 2.43036E-1 2.39675E-1 2.46908E-1 2.51017E-1 2.65338E-1 2.51158E-1 2.50973E-1 2.55999E-1 2.53717E-1 2.61107E-1 2.82656E-1 2.73222E-1 2.67533E-1 2.67098E-1 2.64736E-1 2.69085E-1 2.91745E-1 2.93876E-1 3.00984E-1 3.18306E-1 3.16785E-1
6.25549E-1 6.18106E-1 6.00375E-1 5.81792E-1 5.6948E-1 5.67964E-1 5.45761E-1 5.2536E-1 5.44441E-1 5.34971E-1 5.18248E-1 5.10793E-1 4.92739E-1 4.54737E-1 4.46187E-1 4.33779E-1 4.2663E-1 4.1922E-1 4.1922E-1 3.96651E-1 3.84797E-1 3.85852E-1 3.54364E-1 3.39721E-1 3.46531E-1 3.4212E-1 3.37053E-1 3.06773E-1 2.97837E-1 3.30196E-1 3.37119E-1 3.16125E-1 2.91091E-1 2.89368E-1 2.86851E-1 2.90371E-1 2.99025E-1 2.9053E-1 2.80006E-1 2.77754E-1 2.89783E-1 2.71037E-1 2.63227E-1 2.54553E-1 2.46297E-1 2.40892E-1 2.4834E-1 2.5143E-1 2.50212E-1 2.5474E-1 2.49366E-1 2.38045E-1 2.43906E-1 2.52468E-1 2.52609E-1 2.623E-1 2.42813E-1 2.4364E-1 2.5409E-1 2.52862E-1 2.49388E-1 2.65794E-1 2.67969E-1 2.71014E-1 2.64088E-1 2.70227E-1 2.74848E-1 2.65624E-1 2.8826E-1 3.01412E-1 3.14801E-1 3.11105E-1
5.17178E-1 5.11458E-1 5.9058E-1 5.74386E-1 5.4908E-1 5.47672E-1 5.19832E-1 5.03862E-1 5.29032E-1 5.28472E-1 5.15362E-1 5.04228E-1 4.89372E-1 4.56239E-1 4.48364E-1 4.37562E-1 4.23681E-1 4.01409E-1 3.97023E-1 3.85579E-1 3.77065E-1 3.76702E-1 3.47369E-1 3.31931E-1 3.50856E-1 3.36051E-1 3.39964E-1 3.13944E-1 3.22794E-1 3.27867E-1 3.36051E-1 3.21932E-1 3.23985E-1 3.08659E-1 2.96441E-1 2.97625E-1 3.01411E-1 2.99025E-1 2.89368E-1 2.82477E-1 2.93282E-1 2.68842E-1 2.59827E-1 2.71989E-1 2.6775E-1 2.50212E-1 2.66514E-1 2.49182E-1 2.68693E-1 2.61275E-1 2.52653E-1 2.52468E-1 2.4528E-1 2.54927E-1 2.54696E-1 2.49323E-1 2.46072E-1 2.49139E-1 2.45847E-1 2.42454E-1 2.41451E-1 2.59357E-1 2.69257E-1 2.53673E-1 2.55579E-1 2.69327E-1 2.74133E-1 2.74649E-1 2.6874E-1 2.83461E-1 2.93876E-1 3.13565E-1
5.0147E-1 5.10086E-1 5.94507E-1 5.82439E-1 5.45995E-1 5.30959E-1 5.08929E-1 4.80657E-1 4.79134E-1 5.07393E-1 4.92212E-1 4.90852E-1 4.8433E-1 4.57038E-1 4.49223E-1 4.49245E-1 4.18131E-1 3.91625E-1 3.83002E-1 3.7597E-1 3.60744E-1 3.56853E-1 3.52141E-1 3.37352E-1 3.49691E-1 3.30885E-1 3.3346E-1 3.37352E-1 3.30655E-1 3.28095E-1 3.40198E-1 3.24456E-1 3.19199E-1 3.12553E-1 3.07659E-1 3.05019E-1 3.06445E-1 2.98049E-1 3.00216E-1 3.14006E-1 2.95633E-1 2.82477E-1 2.76633E-1 2.77955E-1 2.71234E-1 2.68693E-1 2.60253E-1 2.61511E-1 2.77033E-1 2.65623E-1 2.43438E-1 2.4955E-1 2.41429E-1 2.50766E-1 2.51616E-1 2.5684E-1 2.50538E-1 2.56796E-1 2.38817E-1 2.44694E-1 2.59592E-1 2.65099E-1 2.64906E-1 2.6452E-1 2.54718E-1 2.50191E-1 2.63012E-1 2.67144E-1 2.62436E-1 2.93173E-1 3.03864E-1 3.01412E-1
4.9022E-1 4.88873E-1 5.7217E-1 5.6351E-1 5.38064E-1 5.21035E-1 4.95954E-1 4.76322E-1 4.78011E-1 4.99329E-1 4.81189E-1 4.68335E-1 4.4779E-1 4.29249E-1 4.1562E-1 4.40273E-1 4.03405E-1 3.81713E-1 3.77469E-1 3.70466E-1 3.61994E-1 3.63307E-1 3.63553E-1 3.56526E-1 3.41407E-1 3.4547E-1 3.3346E-1 3.41276E-1 3.36051E-1 3.36051E-1 3.37585E-1 3.34754E-1 3.25496E-1 3.12553E-1 3.13785E-1 3.07659E-1 3.11324E-1 3.09095E-1 3.08877E-1 3.04028E-1 3.05235E-1 2.94246E-1 2.86112E-1 2.90787E-1 2.80613E-1 2.69984E-1 2.67992E-1 2.76115E-1 2.58274E-1 2.66903E-1 2.65817E-1 2.6928E-1 2.51986E-1 2.62729E-1 2.66159E-1 2.54211E-1 2.51757E-1 2.41029E-1 2.42856E-1 2.65191E-1 2.74308E-1 2.57617E-1 2.48728E-1 2.5409E-1 2.63634E-1 2.47295E-1 2.63058E-1 2.60871E-1 2.6282E-1 2.82777E-1 3.01891E-1 3.05668E-1
4.79089E-1 4.7262E-1 5.56916E-1 5.11053E-1 4.97759E-1 5.01364E-1 4.98054E-1 5.09407E-1 5.08013E-1 4.96403E-1 4.83283E-1 4.55976E-1 4.34125E-1 4.09914E-1 4.06947E-1 3.98128E-1 3.84815E-1 3.84815E-1 3.79133E-1 3.76312E-1 3.59691E-1 3.62181E-1 3.524E-1 3.47034E-1 3.36283E-1 3.4547E-1 3.4547E-1 3.64682E-1 3.6051E-1 3.41746E-1 3.28552E-1 3.25777E-1 3.30885E-1 3.38423E-1 3.32999E-1 3.22794E-1 3.3323E-1 3.2527E-1 3.24003E-1 3.22966E-1 3.20227E-1 3.20227E-1 2.93122E-1 2.94296E-1 2.87263E-1 2.76833E-1 2.88673E-1 2.79685E-1 2.72581E-1 2.64735E-1 2.66011E-1 2.71674E-1 2.58463E-1 2.66159E-1 2.59524E-1 2.47822E-1 2.4239E-1 2.41208E-1 2.43216E-1 2.52609E-1 2.56796E-1 2.43821E-1 2.58531E-1 2.58297E-1 2.63442E-1 2.59167E-1 2.54575E-1 2.60916E-1 2.66103E-1 2.7601E-1 2.87773E-1 2.87518E-1
4.60099E-1 4.64881E-1 5.31263E-1 4.98054E-1 4.81654E-1 4.70331E-1 4.88476E-1 4.68725E-1 4.99708E-1 4.88183E-1 4.80029E-1 4.51244E-1 4.2522E-1 4.08694E-1 4.02785E-1 3.90872E-1 3.82281E-1 3.66554E-1 3.63798E-1 3.73757E-1 3.68185E-1 3.63798E-1 3.52775E-1 3.43062E-1 3.69076E-1 3.55375E-1 3.48366E-1 3.53486E-1 3.47034E-1 3.33691E-1 3.31114E-1 3.36283E-1 3.32171E-1 3.37352E-1 3.29373E-1 3.29373E-1 3.51901E-1 3.45233E-1 3.39675E-1 3.27813E-1 3.24003E-1 3.14006E-1 3.10317E-1 3.01625E-1 2.97076E-1 2.92371E-1 3.00857E-1 2.76115E-1 2.67097E-1 2.61511E-1 2.74999E-1 2.81018E-1 2.72779E-1 2.58463E-1 2.59524E-1 2.41566E-1 2.39391E-1 2.39214E-1 2.49366E-1 2.58085E-1 2.50538E-1 2.46072E-1 2.52238E-1 2.53234E-1 2.46683E-1 2.57051E-1 2.50603E-1 2.63442E-1 2.7106E-1 2.71966E-1 2.90298E-1 2.93592E-1
5.44896E-1 5.34964E-1 5.13025E-1 4.91464E-1 4.77075E-1 4.69012E-1 4.57559E-1 4.64208E-1 4.96698E-1 4.91757E-1 4.81945E-1 4.531E-1 4.20674E-1 4.07212E-1 3.9693E-1 3.95475E-1 3.86817E-1 3.81115E-1 3.59935E-1 3.57214E-1 3.64044E-1 3.69573E-1 3.54209E-1 3.63553E-1 3.51335E-1 3.52862E-1 3.45707E-1 3.6769E-1 3.52381E-1 3.48366E-1 3.37585E-1 3.49462E-1 3.28323E-1 3.41276E-1 3.48127E-1 3.47889E-1 3.46559E-1 3.60266E-1 3.61633E-1 3.35764E-1 3.2527E-1 3.29319E-1 3.23192E-1 3.11763E-1 3.06662E-1 3.04459E-1 3.09532E-1 2.86317E-1 2.95894E-1 2.86571E-1 2.80815E-1 2.79887E-1 2.59524E-1 2.54068E-1 2.63849E-1 2.55302E-1 2.50766E-1 2.4239E-1 2.55976E-1 2.52839E-1 2.63611E-1 2.44044E-1 2.53651E-1 2.37015E-1 2.52238E-1 2.56231E-1 2.52862E-1 2.57051E-1 2.6452E-1 2.69765E-1 2.79983E-1 2.84326E-1
5.29567E-1 5.11053E-1 5.03023E-1 4.78406E-1 4.69012E-1 4.62612E-1 4.56259E-1 4.45255E-1 4.39034E-1 4.70619E-1 4.65807E-1 4.53382E-1 4.19165E-1 4.05997E-1 3.9865E-1 4.00113E-1 3.86817E-1 3.79698E-1 3.78285E-1 3.6429E-1 3.65421E-1 3.62426E-1 3.62671E-1 3.65174E-1 3.65174E-1 3.48604E-1 3.56487E-1 3.6769E-1 3.6769E-1 3.57786E-1 3.49462E-1 3.50799E-1 3.49462E-1 3.50799E-1 3.57543E-1 3.63004E-1 3.49223E-1 3.63004E-1 3.60266E-1 3.53245E-1 3.44996E-1 3.29319E-1 3.28095E-1 3.09095E-1 3.14006E-1 3.09314E-1 3.10536E-1 3.0304E-1 2.91204E-1 2.93751E-1 2.81018E-1 2.75198E-1 2.76314E-1 2.63849E-1 2.56397E-1 2.5654E-1 2.50951E-1 2.47682E-1 2.46479E-1 2.47499E-1 2.61657E-1 2.61275E-1 2.64497E-1 2.50353E-1 2.59972E-1 2.49139E-1 2.60466E-1 2.6712E-1 2.65794E-1 2.65601E-1 2.7106E-1 2.81114E-1
5.14699E-1 5.09681E-1 4.93107E-1 4.75168E-1 4.65807E-1 4.54678E-1 4.54678E-1 4.45534E-1 4.40862E-1 4.58127E-1 4.58127E-1 4.33137E-1 4.10446E-1 4.05997E-1 3.97191E-1 4.0896E-1 4.00113E-1 3.89947E-1 3.74258E-1 3.62671E-1 3.71213E-1 3.65667E-1 3.62916E-1 3.70964E-1 3.66554E-1 3.49701E-1 3.55375E-1 3.59448E-1 3.6769E-1 -9999 3.8456E-1 3.61878E-1 3.63249E-1 3.66002E-1 3.67384E-1 3.61633E-1 3.60266E-1 3.60266E-1 -9999 -9999 -9999 -9999 3.1795E-1 3.28095E-1 3.3194E-1 3.22966E-1 3.19199E-1 3.08312E-1 3.13213E-1 3.04675E-1 2.86934E-1 2.81018E-1 2.78759E-1 2.63849E-1 2.61702E-1 2.71872E-1 2.50951E-1 2.49074E-1 2.42612E-1 2.47682E-1 2.51986E-1 2.58463E-1 2.5612E-1 2.6123E-1 2.67704E-1 2.50169E-1 2.48955E-1 2.67315E-1 2.81771E-1 2.6256E-1 2.64713E-1 2.78132E-1
5.08013E-1 4.98054E-1 4.88476E-1 4.83574E-1 4.72517E-1 4.5496E-1 4.58126E-1 4.43974E-1 4.39311E-1 4.56542E-1 4.50234E-1 4.36218E-1 4.11936E-1 4.10712E-1 4.10712E-1 4.09225E-1 3.91389E-1 3.75661E-1 3.68433E-1 3.65667E-1 3.65914E-1 3.74007E-1 3.6429E-1 3.5833E-1 3.62426E-1 3.55134E-1 3.53784E-1 -9999 -9999 -9999 -9999 3.8456E-1 3.81713E-1 3.94635E-1 3.7575E-1 3.63249E-1 3.61633E-1 -9999 -9999 -9999 -9999 -9999 -9999 -9999 -9999 -9999 3.32401E-1 3.18396E-1 3.12202E-1 3.07531E-1 2.84638E-1 2.81018E-1 2.78759E-1 2.64928E-1 2.68428E-1 2.58698E-1 2.55346E-1 2.56397E-1 2.61702E-1 2.48048E-1 2.59715E-1 2.65076E-1 2.47639E-1 2.46436E-1 2.4848E-1 2.46072E-1 2.56419E-1 2.64258E-1 2.71895E-1 2.72803E-1 2.60612E-1 2.75892E-1
5.0332E-1 4.96698E-1 4.88476E-1 4.87132E-1 4.69299E-1 4.59998E-1 4.5841E-1 4.50515E-1 4.39588E-1 4.27287E-1 4.48945E-1 4.42694E-1 4.28814E-1 4.15193E-1 3.95995E-1 4.06261E-1 4.10978E-1 3.82729E-1 3.78225E-1 3.89886E-1 3.69821E-1 3.82475E-1 3.68433E-1 3.62426E-1 3.58087E-1 3.66613E-1 -9999 -9999 -9999 -9999 -9999 -9999 -9999 -9999 -9999 -9999 -9999 -9999 -9999 -9999 -9999 -9999 -9999 -9999 -9999 -9999 3.2878E-1 3.27504E-1 3.21124E-1 3.17373E-1 3.07313E-1 2.79685E-1 2.83136E-1 2.77482E-1 2.76562E-1 2.65509E-1 2.61016E-1 2.58887E-1 2.72069E-1 2.59905E-1 2.61848E-1 2.55302E-1 2.53025E-1 2.53837E-1 2.4848E-1 2.46254E-1 2.65384E-1 2.59972E-1 2.59972E-1 2.54464E-1 2.54277E-1 2.61489E-1
5.13324E-1 4.14326E-1 4.13098E-1 4.82236E-1 4.74419E-1 4.67981E-1 4.52088E-1 4.52369E-1 4.38039E-1 4.24244E-1 4.50515E-1 4.42694E-1 4.33412E-1 4.24244E-1 4.09225E-1 4.10712E-1 3.95995E-1 3.94542E-1 3.88447E-1 3.87013E-1 3.81309E-1 3.85581E-1 3.83899E-1 3.73507E-1 -9999 -9999 -9999 -9999 -9999 -9999 -9999 -9999 -9999 -9999 -9999 -9999 -9999 -9999 -9999 -9999 -9999 -9999 -9999 -9999 -9999 -9999 -9999 3.01549E-1 3.22435E-1 3.10975E-1 2.95137E-1 2.96105E-1 2.82201E-1 2.83543E-1 2.80136E-1 2.76762E-1 2.62085E-1 2.75644E-1 2.74483E-1 2.64189E-1 2.6078E-1 2.51136E-1 2.49074E-1 2.69234E-1 2.53837E-1 2.51616E-1 2.59145E-1 2.6123E-1 2.57851E-1 2.64258E-1 2.64065E-1 2.50973E-1
5.06943E-1 4.08631E-1 4.07149E-1 3.87013E-1 4.59998E-1 4.79566E-1 4.65065E-1 4.60567E-1 4.36494E-1 4.30343E-1 4.18197E-1 4.45813E-1 4.39865E-1 4.27287E-1 4.15193E-1 4.07742E-1 4.03311E-1 3.97451E-1 3.98911E-1 3.88447E-1 3.85581E-1 4.00113E-1 3.92773E-1 3.77973E-1 -9999 -9999 -9999 -9999 -9999 -9999 -9999 -9999 -9999 -9999 -9999 -9999 -9999 -9999 -9999 -9999 -9999 -9999 -9999 -9999 -9999 -9999 -9999 -9999 3.07582E-1 3.22661E-1 3.38051E-1 2.92998E-1 2.82404E-1 2.84891E-1 2.81471E-1 2.81268E-1 2.79008E-1 2.81268E-1 2.66593E-1 2.63158E-1 2.67486E-1 2.47026E-1 2.4889E-1 2.51986E-1 2.57029E-1 2.55976E-1 2.65771E-1 2.54883E-1 2.54696E-1 2.61039E-1 2.66422E-1 2.70597E-1
