Artocarpus altilis SDM files/MIS19/results (without bias file)/Artalt_2.asc
ncols         1201
nrows         481
xllcorner     119.99986351115
yllcorner     -15.00013828885
cellsize      0.041666667
NODATA_value  -9999
[rows 160 to 191 of 481, columns 432 to 503 of 1201]
3.01084E-1 3.02282E-1 3.03484E-1 3.03269E-1 3.09328E-1 2.5364E-1 2.60152E-1 -9999 -9999 -9999 -9999 -9999 -9999 -9999 -9999 -9999 -9999 -9999 -9999 2.39623E-1 -9999 -9999 -9999 -9999 -9999 -9999 -9999 -9999 -9999 -9999 -9999 -9999 -9999 -9999 -9999 -9999 -9999 -9999 -9999 -9999 -9999 -9999 -9999 -9999 -9999 -9999 -9999 -9999 -9999 -9999 -9999 -9999 -9999 -9999 -9999 -9999 -9999 -9999 -9999 -9999 -9999 -9999 -9999 -9999 -9999 -9999 -9999 -9999 -9999 -9999 -9999 -9999
2.96119E-1 2.96119E-1 2.98487E-1 2.99677E-1 3.01853E-1 3.00657E-1 3.04257E-1 2.59962E-1 2.77648E-1 -9999 -9999 -9999 -9999 -9999 -9999 -9999 -9999 -9999 2.47037E-1 2.83221E-1 -9999 -9999 -9999 -9999 -9999 -9999 -9999 -9999 -9999 -9999 -9999 -9999 -9999 -9999 -9999 -9999 -9999 -9999 -9999 -9999 -9999 -9999 -9999 -9999 -9999 -9999 -9999 -9999 -9999 -9999 -9999 -9999 -9999 -9999 -9999 -9999 -9999 -9999 -9999 -9999 -9999 -9999 -9999 -9999 -9999 -9999 -9999 -9999 -9999 -9999 -9999 -9999
3.62774E-1 3.65525E-1 3.73862E-1 3.7667E-1 3.7082E-1 3.78079E-1 3.66411E-1 3.05465E-1 3.19213E-1 3.22981E-1 3.32131E-1 2.72082E-1 -9999 -9999 -9999 -9999 -9999 -9999 -9999 -9999 -9999 -9999 -9999 -9999 -9999 -9999 -9999 -9999 -9999 -9999 -9999 -9999 -9999 -9999 -9999 -9999 -9999 -9999 -9999 -9999 -9999 -9999 -9999 -9999 -9999 -9999 -9999 -9999 -9999 -9999 -9999 -9999 -9999 -9999 -9999 -9999 -9999 -9999 -9999 -9999 -9999 -9999 -9999 -9999 -9999 -9999 -9999 -9999 -9999 -9999 -9999 -9999
3.87786E-1 3.53261E-1 3.66905E-1 4.0084E-1 3.78332E-1 3.92882E-1 3.99376E-1 3.85178E-1 3.88042E-1 3.89222E-1 3.92364E-1 3.97915E-1 3.26327E-1 3.30157E-1 3.39222E-1 3.49562E-1 -9999 -9999 -9999 -9999 -9999 -9999 -9999 -9999 -9999 -9999 -9999 -9999 -9999 -9999 -9999 -9999 -9999 -9999 -9999 -9999 -9999 -9999 -9999 -9999 -9999 -9999 -9999 -9999 -9999 -9999 -9999 -9999 -9999 -9999 -9999 -9999 -9999 -9999 -9999 -9999 -9999 -9999 -9999 -9999 -9999 -9999 -9999 -9999 -9999 -9999 -9999 -9999 -9999 -9999 -9999 -9999
3.64727E-1 3.70263E-1 4.01102E-1 4.08743E-1 4.22778E-1 4.04244E-1 4.07198E-1 4.17914E-1 4.16143E-1 4.23688E-1 4.34452E-1 4.41911E-1 4.14172E-1 4.09432E-1 4.01783E-1 4.00054E-1 3.3745E-1 2.90543E-1 -9999 -9999 -9999 -9999 -9999 -9999 -9999 -9999 -9999 -9999 -9999 -9999 -9999 -9999 -9999 -9999 -9999 -9999 -9999 -9999 -9999 -9999 -9999 -9999 -9999 -9999 -9999 -9999 -9999 -9999 -9999 -9999 -9999 -9999 -9999 -9999 -9999 -9999 -9999 -9999 -9999 -9999 -9999 -9999 -9999 -9999 -9999 -9999 -9999 -9999 -9999 -9999 -9999 -9999
3.30009E-1 3.36929E-1 3.68874E-1 3.92303E-1 3.96855E-1 3.98575E-1 3.69194E-1 3.83316E-1 3.8351E-1 3.57231E-1 3.3113E-1 4.06078E-1 3.87816E-1 3.99208E-1 4.30009E-1 4.13369E-1 4.04199E-1 3.39828E-1 2.99966E-1 -9999 -9999 -9999 -9999 -9999 -9999 -9999 -9999 -9999 -9999 -9999 -9999 -9999 -9999 -9999 -9999 -9999 -9999 -9999 -9999 -9999 -9999 -9999 -9999 -9999 -9999 -9999 -9999 -9999 -9999 -9999 -9999 -9999 -9999 -9999 -9999 -9999 -9999 -9999 -9999 -9999 -9999 -9999 -9999 -9999 -9999 -9999 -9999 -9999 -9999 -9999 -9999 -9999
3.94071E-1 3.79432E-1 3.76108E-1 3.90859E-1 3.70643E-1 3.49814E-1 3.0304E-1 3.40199E-1 2.78678E-1 2.45026E-1 3.56931E-1 2.84569E-1 3.42427E-1 4.13039E-1 4.2055E-1 4.47035E-1 4.23912E-1 4.22126E-1 4.1733E-1 3.59005E-1 -9999 -9999 -9999 -9999 -9999 -9999 -9999 -9999 -9999 -9999 -9999 -9999 -9999 -9999 -9999 -9999 -9999 -9999 -9999 -9999 -9999 -9999 -9999 -9999 -9999 -9999 -9999 -9999 -9999 -9999 -9999 -9999 -9999 -9999 -9999 -9999 -9999 -9999 -9999 -9999 -9999 -9999 -9999 -9999 -9999 -9999 -9999 -9999 -9999 -9999 -9999 -9999
3.59621E-1 3.82462E-1 3.59378E-1 3.60498E-1 3.60498E-1 3.53658E-1 3.04029E-1 2.26777E-1 1.95151E-1 2.48266E-1 3.23433E-1 2.59605E-1 3.57617E-1 3.78957E-1 4.0061E-1 3.97425E-1 4.39249E-1 4.63119E-1 4.4419E-1 4.53883E-1 3.94942E-1 3.89161E-1 3.52425E-1 3.33503E-1 3.29415E-1 -9999 -9999 -9999 -9999 -9999 -9999 -9999 -9999 -9999 -9999 -9999 -9999 -9999 -9999 -9999 -9999 -9999 -9999 -9999 -9999 -9999 -9999 -9999 -9999 -9999 -9999 -9999 -9999 -9999 -9999 -9999 -9999 -9999 -9999 -9999 -9999 -9999 -9999 -9999 -9999 -9999 -9999 -9999 -9999 -9999 -9999 -9999
2.78974E-1 3.05338E-1 2.89467E-1 3.14958E-1 3.08379E-1 3.21021E-1 3.38534E-1 2.70644E-1 1.88505E-1 2.00216E-1 2.23914E-1 3.16498E-1 3.28057E-1 3.40159E-1 3.04767E-1 3.59853E-1 4.12442E-1 4.55113E-1 5.15355E-1 5.25757E-1 4.22365E-1 4.95573E-1 4.7759E-1 3.99731E-1 4.11547E-1 3.5329E-1 -9999 3.43954E-1 -9999 -9999 -9999 -9999 -9999 -9999 -9999 -9999 -9999 -9999 -9999 -9999 -9999 -9999 -9999 -9999 -9999 -9999 -9999 -9999 -9999 -9999 -9999 -9999 -9999 -9999 -9999 -9999 -9999 -9999 -9999 -9999 -9999 -9999 -9999 -9999 -9999 -9999 -9999 -9999 -9999 -9999 -9999 -9999
3.06383E-1 2.60793E-1 2.30685E-1 2.04039E-1 2.97514E-1 2.89847E-1 3.47821E-1 3.07277E-1 2.79757E-1 1.55558E-1 2.1539E-1 2.44802E-1 3.53503E-1 3.59349E-1 2.98514E-1 3.01931E-1 3.72524E-1 4.42501E-1 4.95623E-1 2.97127E-1 2.09499E-1 4.32834E-1 5.03551E-1 5.08245E-1 4.82172E-1 4.13306E-1 4.29944E-1 3.53049E-1 -9999 3.767E-1 3.83527E-1 -9999 -9999 -9999 -9999 -9999 -9999 -9999 -9999 -9999 -9999 -9999 -9999 -9999 -9999 -9999 -9999 -9999 -9999 -9999 -9999 -9999 -9999 -9999 -9999 -9999 -9999 -9999 -9999 -9999 -9999 -9999 -9999 -9999 -9999 -9999 -9999 -9999 -9999 -9999 -9999 -9999
3.1148E-1 3.06548E-1 2.90788E-1 2.20044E-1 1.90199E-1 2.78169E-1 3.20968E-1 3.36764E-1 3.26367E-1 2.12147E-1 1.82597E-1 2.17176E-1 3.0072E-1 3.24138E-1 3.36847E-1 3.13087E-1 3.26918E-1 4.20152E-1 4.66971E-1 1.72002E-1 3.5994E-1 4.60605E-1 4.90274E-1 4.74457E-1 5.20272E-1 5.30712E-1 5.06877E-1 5.13257E-1 4.37359E-1 3.78109E-1 -9999 -9999 -9999 -9999 -9999 -9999 -9999 -9999 -9999 -9999 -9999 -9999 -9999 -9999 -9999 -9999 -9999 -9999 -9999 -9999 -9999 -9999 -9999 -9999 -9999 -9999 -9999 -9999 -9999 -9999 -9999 -9999 -9999 -9999 -9999 -9999 -9999 -9999 -9999 -9999 -9999 -9999
2.7299E-1 2.86949E-1 2.82322E-1 2.61963E-1 1.44759E-1 1.3806E-1 2.50366E-1 3.41762E-1 3.33884E-1 2.55999E-1 1.47142E-1 1.43145E-1 2.18345E-1 1.57763E-1 2.52973E-1 3.37203E-1 2.90777E-1 3.82389E-1 4.06109E-1 2.62641E-1 3.82794E-1 4.70487E-1 4.81812E-1 4.46789E-1 4.92973E-1 5.49787E-1 5.24958E-1 5.43729E-1 5.21957E-1 4.43567E-1 3.88586E-1 3.94362E-1 -9999 -9999 3.5889E-1 3.60253E-1 3.6162E-1 -9999 -9999 -9999 -9999 -9999 -9999 -9999 -9999 -9999 -9999 -9999 -9999 -9999 -9999 -9999 -9999 -9999 -9999 -9999 -9999 -9999 -9999 -9999 -9999 -9999 -9999 -9999 -9999 -9999 -9999 -9999 -9999 -9999 -9999 -9999
2.78571E-1 2.38547E-1 2.23351E-1 2.76634E-1 2.14348E-1 1.75632E-1 1.44644E-1 2.72153E-1 3.25566E-1 2.83582E-1 2.23578E-1 1.82068E-1 2.04176E-1 1.6343E-1 1.88556E-1 2.46566E-1 2.29846E-1 3.31158E-1 3.49563E-1 3.78289E-1 4.41111E-1 4.60538E-1 4.66922E-1 4.65036E-1 5.06807E-1 5.20502E-1 5.35737E-1 5.2834E-1 5.27735E-1 5.52301E-1 5.4434E-1 4.65961E-1 4.80767E-1 4.21026E-1 -9999 -9999 4.48189E-1 -9999 -9999 -9999 -9999 -9999 -9999 -9999 -9999 -9999 -9999 -9999 -9999 -9999 -9999 -9999 -9999 -9999 -9999 -9999 -9999 -9999 -9999 -9999 -9999 -9999 -9999 -9999 -9999 -9999 -9999 -9999 -9999 -9999 -9999 -9999
2.7039E-1 2.46448E-1 2.60557E-1 2.02119E-1 2.15878E-1 1.47163E-1 1.70622E-1 1.31813E-1 2.56432E-1 3.24072E-1 3.1752E-1 2.76352E-1 2.3023E-1 2.65067E-1 1.95397E-1 1.7171E-1 2.44174E-1 3.14437E-1 2.75459E-1 3.46604E-1 4.00903E-1 4.87514E-1 4.87737E-1 4.85518E-1 5.17669E-1 5.35181E-1 5.48847E-1 5.24033E-1 4.95538E-1 5.36526E-1 5.77127E-1 5.54636E-1 5.77749E-1 5.82971E-1 5.0544E-1 4.26825E-1 4.67782E-1 -9999 -9999 -9999 -9999 -9999 -9999 -9999 -9999 -9999 -9999 -9999 -9999 -9999 -9999 -9999 -9999 -9999 -9999 -9999 -9999 -9999 -9999 -9999 -9999 -9999 -9999 -9999 -9999 -9999 -9999 -9999 -9999 -9999 -9999 -9999
1.7813E-1 2.24498E-1 2.76281E-1 2.55226E-1 1.92774E-1 2.10153E-1 1.92366E-1 2.24727E-1 2.37485E-1 3.11119E-1 3.21273E-1 3.26555E-1 3.18885E-1 2.44397E-1 2.6719E-1 1.73341E-1 1.71576E-1 2.408E-1 2.37641E-1 2.25482E-1 3.86097E-1 4.59951E-1 4.55345E-1 3.81564E-1 3.19766E-1 3.35109E-1 2.82334E-1 2.43325E-1 2.10698E-1 4.80443E-1 5.10775E-1 5.60841E-1 6.36489E-1 6.58183E-1 6.54049E-1 6.00127E-1 5.13486E-1 4.6618E-1 -9999 -9999 -9999 -9999 -9999 -9999 -9999 -9999 -9999 -9999 -9999 -9999 -9999 -9999 -9999 -9999 -9999 -9999 -9999 -9999 -9999 -9999 -9999 -9999 -9999 -9999 -9999 -9999 -9999 -9999 -9999 -9999 -9999 -9999
2.48212E-1 2.37069E-1 2.16041E-1 1.69874E-1 1.44531E-1 1.70856E-1 2.1374E-1 1.95688E-1 2.54477E-1 2.67328E-1 3.23793E-1 3.3708E-1 3.34429E-1 3.10177E-1 2.75095E-1 2.00972E-1 2.47965E-1 2.7068E-1 2.97453E-1 3.15912E-1 3.83243E-1 3.45222E-1 2.37516E-1 1.89234E-1 1.76505E-1 1.87845E-1 2.43791E-1 2.8224E-1 3.30442E-1 4.20551E-1 3.88483E-1 5.22294E-1 5.7177E-1 6.11436E-1 5.31372E-1 4.77233E-1 5.93241E-1 5.20201E-1 4.56628E-1 4.84246E-1 -9999 -9999 -9999 -9999 -9999 -9999 -9999 -9999 -9999 -9999 -9999 -9999 -9999 -9999 -9999 -9999 -9999 -9999 -9999 -9999 -9999 -9999 -9999 -9999 -9999 -9999 -9999 -9999 -9999 -9999 -9999 -9999
3.18294E-1 2.89053E-1 2.05624E-1 1.87731E-1 1.44912E-1 1.59127E-1 1.71765E-1 1.35631E-1 2.39058E-1 2.1354E-1 2.39739E-1 3.16393E-1 3.05096E-1 3.32199E-1 2.60826E-1 1.78471E-1 2.39666E-1 3.44011E-1 3.68933E-1 3.92168E-1 4.11782E-1 4.05317E-1 3.98916E-1 3.79643E-1 3.59394E-1 3.90816E-1 4.22732E-1 4.60923E-1 4.73744E-1 4.85399E-1 4.48669E-1 5.01857E-1 5.69799E-1 5.73506E-1 5.67611E-1 5.47964E-1 4.80187E-1 5.92928E-1 5.28946E-1 5.39449E-1 4.79364E-1 4.86171E-1 -9999 -9999 -9999 -9999 -9999 -9999 -9999 6.75964E-1 6.60414E-1 6.45124E-1 -9999 -9999 -9999 -9999 -9999 -9999 -9999 -9999 -9999 -9999 -9999 -9999 -9999 -9999 -9999 -9999 -9999 -9999 -9999 -9999
3.02283E-1 2.47931E-1 2.11083E-1 2.34044E-1 1.53644E-1 1.40043E-1 1.48742E-1 1.48754E-1 1.51471E-1 1.59524E-1 2.11826E-1 2.28745E-1 2.69616E-1 2.88236E-1 2.41473E-1 1.84914E-1 2.42667E-1 3.4179E-1 3.52851E-1 3.75589E-1 3.62543E-1 3.59378E-1 3.77709E-1 3.72804E-1 4.29639E-1 4.36059E-1 4.58531E-1 4.90066E-1 4.47084E-1 4.82651E-1 5.07736E-1 5.36991E-1 5.15497E-1 5.98615E-1 6.05861E-1 5.30605E-1 5.22933E-1 5.62369E-1 6.27075E-1 6.43203E-1 6.51981E-1 5.71039E-1 5.96054E-1 5.25311E-1 5.4261E-1 5.63547E-1 5.89615E-1 7.06297E-1 7.36114E-1 7.84634E-1 7.40224E-1 7.61943E-1 6.63603E-1 -9999 -9999 -9999 -9999 -9999 -9999 -9999 -9999 -9999 -9999 -9999 -9999 -9999 -9999 -9999 -9999 -9999 -9999 -9999
2.06176E-1 1.49529E-1 1.41373E-1 1.77959E-1 2.45207E-1 1.77603E-1 1.5461E-1 1.63327E-1 1.50387E-1 1.62141E-1 1.49362E-1 1.78426E-1 1.84196E-1 2.10677E-1 1.96163E-1 1.8646E-1 2.59381E-1 3.24844E-1 3.27385E-1 3.12036E-1 1.78308E-1 2.52283E-1 2.85751E-1 2.9612E-1 4.02247E-1 4.3964E-1 4.47924E-1 4.49426E-1 4.54148E-1 3.70923E-1 4.35102E-1 4.97935E-1 4.22269E-1 4.96823E-1 5.50366E-1 5.46863E-1 5.39108E-1 5.61804E-1 6.56616E-1 7.0919E-1 6.78389E-1 6.5966E-1 6.60434E-1 6.76481E-1 6.06562E-1 6.27943E-1 6.49024E-1 6.77966E-1 8.05309E-1 8.12874E-1 4.47519E-1 4.25211E-1 5.46196E-1 8.41052E-1 8.49085E-1 -9999 9.18402E-1 9.19741E-1 7.81835E-1 -9999 -9999 -9999 -9999 -9999 -9999 -9999 -9999 -9999 -9999 -9999 -9999 -9999
1.27936E-1 1.34978E-1 1.29374E-1 1.29488E-1 1.78487E-1 1.67281E-1 1.55332E-1 1.59579E-1 1.28192E-1 1.26839E-1 1.55239E-1 1.47245E-1 1.62474E-1 1.48037E-1 1.19864E-1 1.49325E-1 1.65051E-1 1.87004E-1 2.17033E-1 2.51648E-1 2.33317E-1 2.51715E-1 2.257E-1 3.16537E-1 2.46909E-1 3.83317E-1 4.22857E-1 4.05797E-1 3.83391E-1 3.87679E-1 3.84112E-1 4.13448E-1 4.36368E-1 4.73607E-1 5.45835E-1 5.68776E-1 5.42269E-1 5.17263E-1 5.56321E-1 6.57795E-1 5.79928E-1 5.7528E-1 6.50891E-1 7.03909E-1 6.97627E-1 7.17133E-1 7.18534E-1 7.4079E-1 7.72857E-1 8.21635E-1 5.21848E-1 5.51394E-1 4.65459E-1 5.20572E-1 6.75543E-1 7.78454E-1 9.16638E-1 6.36244E-1 5.14652E-1 7.94952E-1 8.50547E-1 9.21435E-1 9.30741E-1 8.29169E-1 -9999 -9999 -9999 -9999 -9999 -9999 -9999 -9999
1.31792E-1 1.36667E-1 1.37584E-1 1.39288E-1 1.61777E-1 1.61777E-1 1.30607E-1 1.20667E-1 1.13214E-1 1.18338E-1 1.18769E-1 1.39503E-1 1.35871E-1 1.24299E-1 1.28356E-1 1.57065E-1 1.35865E-1 1.63962E-1 1.73211E-1 1.58868E-1 1.91457E-1 1.75267E-1 2.09784E-1 2.12594E-1 2.52381E-1 3.33462E-1 3.29954E-1 2.88955E-1 3.82029E-1 3.1514E-1 2.50561E-1 3.44108E-1 3.78898E-1 4.72503E-1 5.41172E-1 5.08348E-1 4.34631E-1 4.73183E-1 4.79656E-1 6.0516E-1 6.14483E-1 5.84604E-1 6.51758E-1 6.14669E-1 6.93477E-1 7.37141E-1 7.38518E-1 7.58999E-1 7.81871E-1 8.06989E-1 7.03237E-1 7.1742E-1 5.59365E-1 5.04515E-1 4.49635E-1 5.49552E-1 7.75762E-1 6.25523E-1 4.96148E-1 4.8524E-1 5.14773E-1 5.05287E-1 5.1516E-1 6.04919E-1 7.40654E-1 8.78214E-1 -9999 -9999 -9999 -9999 -9999 -9999
1.23045E-1 1.12804E-1 1.12545E-1 1.22741E-1 1.19795E-1 1.29384E-1 2.06029E-1 1.54456E-1 1.25808E-1 1.28691E-1 1.22549E-1 1.22948E-1 1.27211E-1 1.06992E-1 1.10317E-1 1.35885E-1 1.0459E-1 1.23191E-1 1.22593E-1 1.39633E-1 1.68237E-1 1.67253E-1 1.68929E-1 1.74935E-1 2.42175E-1 2.38142E-1 2.16207E-1 1.98245E-1 3.43731E-1 2.73866E-1 2.33788E-1 2.78596E-1 3.12516E-1 3.76271E-1 4.09119E-1 3.88088E-1 3.39402E-1 4.84677E-1 5.702E-1 5.58495E-1 4.32688E-1 5.83099E-1 6.27332E-1 5.88569E-1 6.58699E-1 6.94259E-1 7.16684E-1 7.45722E-1 7.54E-1 7.53705E-1 7.95984E-1 8.16472E-1 7.60805E-1 5.63054E-1 4.28993E-1 4.37103E-1 5.26949E-1 7.18736E-1 7.26144E-1 4.9605E-1 3.57835E-1 3.84936E-1 3.54054E-1 3.7885E-1 4.23753E-1 7.12683E-1 6.61694E-1 -9999 -9999 -9999 -9999 -9999
1.15287E-1 1.2254E-1 1.18049E-1 1.04728E-1 1.18669E-1 1.2479E-1 1.58031E-1 2.01505E-1 1.39177E-1 1.59171E-1 1.3697E-1 1.39259E-1 1.38747E-1 1.17264E-1 1.22009E-1 1.00266E-1 8.0547E-2 1.01414E-1 9.76109E-2 1.10746E-1 1.12445E-1 1.27543E-1 1.56175E-1 1.70167E-1 1.61754E-1 1.40694E-1 1.44825E-1 1.73277E-1 2.88114E-1 2.65533E-1 3.12282E-1 3.52823E-1 3.95494E-1 3.47906E-1 3.87244E-1 4.14677E-1 3.52045E-1 4.7003E-1 5.72554E-1 4.71128E-1 3.50477E-1 4.73046E-1 5.88072E-1 5.3339E-1 6.40112E-1 5.40595E-1 4.15337E-1 6.34787E-1 7.51219E-1 7.56389E-1 7.87042E-1 8.06221E-1 8.10424E-1 7.62146E-1 5.13008E-1 4.19087E-1 3.91569E-1 5.07519E-1 6.6992E-1 7.16226E-1 7.17404E-1 5.24897E-1 4.20722E-1 3.91879E-1 5.65442E-1 6.91221E-1 -9999 -9999 -9999 -9999 -9999 -9999
1.10708E-1 1.11414E-1 1.30107E-1 1.17851E-1 1.30687E-1 1.1872E-1 1.25283E-1 1.70388E-1 2.05717E-1 1.75369E-1 2.12073E-1 1.76475E-1 1.47176E-1 1.39441E-1 1.57521E-1 1.17557E-1 8.5538E-2 1.15321E-1 1.12914E-1 1.17015E-1 1.34254E-1 1.38128E-1 9.84516E-2 9.96811E-2 1.06444E-1 1.08823E-1 1.31349E-1 1.69004E-1 2.15249E-1 2.32541E-1 2.01263E-1 2.5771E-1 2.33722E-1 3.17009E-1 4.09182E-1 4.79262E-1 4.25992E-1 4.81109E-1 4.93074E-1 5.23978E-1 3.85238E-1 3.55677E-1 4.76498E-1 5.53419E-1 4.09715E-1 4.58227E-1 3.81987E-1 3.44287E-1 5.47457E-1 6.66347E-1 6.90172E-1 7.03688E-1 7.00569E-1 7.91677E-1 7.53652E-1 5.99111E-1 4.56579E-1 5.88547E-1 7.64758E-1 7.87092E-1 8.57479E-1 8.7086E-1 8.3722E-1 7.36092E-1 7.47347E-1 7.73288E-1 9.13446E-1 8.42745E-1 8.92908E-1 9.04981E-1 9.2222E-1 8.765E-1
1.39879E-1 1.33088E-1 1.79685E-1 2.26529E-1 2.18046E-1 1.60219E-1 1.25643E-1 1.20917E-1 1.76403E-1 2.29968E-1 2.25164E-1 2.13997E-1 1.96041E-1 1.5136E-1 1.34545E-1 1.02796E-1 1.21123E-1 1.25482E-1 1.14387E-1 1.38795E-1 1.35903E-1 1.46977E-1 1.18814E-1 1.21936E-1 1.22859E-1 1.38115E-1 1.48429E-1 1.53189E-1 1.57273E-1 1.55044E-1 1.79965E-1 2.1606E-1 1.81183E-1 2.13816E-1 2.14454E-1 3.63454E-1 4.10056E-1 4.6347E-1 4.85327E-1 4.58846E-1 4.0989E-1 3.37394E-1 4.759E-1 4.20993E-1 4.23191E-1 3.61394E-1 3.10314E-1 2.90532E-1 3.79287E-1 3.83175E-1 4.16895E-1 3.76097E-1 3.80763E-1 5.75551E-1 6.93274E-1 7.96764E-1 7.74276E-1 7.13859E-1 7.35673E-1 7.46841E-1 8.42152E-1 8.32855E-1 8.35028E-1 5.90968E-1 6.14679E-1 7.56805E-1 8.65816E-1 8.90448E-1 8.4381E-1 8.94553E-1 8.99781E-1 5.9065E-1
1.55781E-1 1.59957E-1 1.79579E-1 1.72551E-1 1.46671E-1 1.55537E-1 1.49998E-1 1.70023E-1 1.33402E-1 1.83428E-1 2.47351E-1 2.40064E-1 2.25253E-1 1.89247E-1 1.75962E-1 1.41684E-1 1.42581E-1 1.35208E-1 1.28198E-1 1.45946E-1 1.37741E-1 1.45469E-1 1.24781E-1 1.39383E-1 1.49866E-1 1.46966E-1 1.60102E-1 1.57459E-1 1.73903E-1 1.77998E-1 1.93683E-1 1.82915E-1 1.842E-1 1.95644E-1 2.37714E-1 3.40105E-1 4.09384E-1 3.92271E-1 3.29387E-1 3.90509E-1 4.05624E-1 3.15147E-1 3.58431E-1 3.42887E-1 3.7255E-1 3.63398E-1 3.25203E-1 2.98159E-1 3.19003E-1 3.46439E-1 3.9062E-1 3.99672E-1 3.67862E-1 3.88575E-1 4.01153E-1 6.12081E-1 6.93674E-1 5.64547E-1 5.5523E-1 5.09437E-1 6.21211E-1 6.95608E-1 7.96032E-1 6.82056E-1 6.63297E-1 6.18746E-1 7.58739E-1 8.9733E-1 9.03045E-1 9.03045E-1 9.06284E-1 8.75608E-1
1.44802E-1 1.63519E-1 1.72449E-1 1.95769E-1 1.96607E-1 2.1826E-1 2.07991E-1 2.05166E-1 2.18056E-1 2.23925E-1 1.63694E-1 2.33132E-1 2.48654E-1 2.40201E-1 2.39028E-1 2.37007E-1 2.11959E-1 1.43687E-1 1.4417E-1 1.48676E-1 1.45281E-1 1.27656E-1 1.28063E-1 1.48232E-1 1.51363E-1 1.53624E-1 1.72448E-1 1.8201E-1 2.42869E-1 2.5557E-1 2.8151E-1 2.69906E-1 2.52393E-1 2.3561E-1 2.08865E-1 2.28444E-1 3.18886E-1 3.61706E-1 2.73321E-1 2.4801E-1 2.57982E-1 3.3021E-1 2.7007E-1 2.86383E-1 3.16141E-1 3.00724E-1 3.29603E-1 2.87975E-1 2.80806E-1 3.24733E-1 3.65335E-1 3.86924E-1 3.94676E-1 3.76487E-1 3.81003E-1 3.89615E-1 5.96476E-1 6.06911E-1 5.08613E-1 5.36813E-1 5.54775E-1 6.08521E-1 7.05252E-1 7.68108E-1 7.49625E-1 7.06365E-1 7.15065E-1 8.46909E-1 8.79328E-1 8.39184E-1 7.23944E-1 6.91575E-1
1.96757E-1 2.2705E-1 2.21238E-1 2.38747E-1 2.51129E-1 2.54248E-1 2.58646E-1 2.60582E-1 2.6165E-1 2.88081E-1 2.4469E-1 1.87956E-1 1.53921E-1 1.73811E-1 1.80673E-1 2.19442E-1 2.19442E-1 1.89668E-1 2.16985E-1 1.77459E-1 1.59523E-1 1.45306E-1 1.5112E-1 1.55745E-1 1.7267E-1 2.0118E-1 2.47147E-1 2.79343E-1 3.30306E-1 3.13398E-1 2.95003E-1 2.98601E-1 3.25045E-1 3.27587E-1 3.20638E-1 3.65134E-1 3.89844E-1 4.13037E-1 2.55893E-1 2.52414E-1 3.16629E-1 2.97816E-1 2.63862E-1 2.75661E-1 2.97887E-1 3.01622E-1 3.18556E-1 2.77676E-1 2.92574E-1 2.92229E-1 3.21814E-1 3.37966E-1 3.70628E-1 4.06107E-1 4.02343E-1 4.12419E-1 4.41658E-1 4.73317E-1 5.64949E-1 6.61318E-1 6.92509E-1 6.82133E-1 7.15262E-1 7.56812E-1 8.21897E-1 8.18656E-1 8.56924E-1 8.51556E-1 8.15477E-1 5.64185E-1 4.53461E-1 5.07101E-1
2.03466E-1 2.37757E-1 2.49067E-1 2.48041E-1 2.69664E-1 2.67674E-1 2.76507E-1 2.77627E-1 3.01063E-1 3.13646E-1 3.26624E-1 2.83235E-1 2.64977E-1 2.28433E-1 1.80598E-1 1.88006E-1 1.89724E-1 2.01559E-1 2.40527E-1 2.3953E-1 2.25393E-1 2.46396E-1 2.216E-1 2.30332E-1 2.53796E-1 2.96768E-1 2.76942E-1 2.88737E-1 2.98489E-1 2.76848E-1 2.67019E-1 2.95649E-1 2.97203E-1 2.77106E-1 2.71155E-1 3.37724E-1 3.69912E-1 4.28751E-1 3.67646E-1 3.20363E-1 3.06815E-1 3.07962E-1 2.63843E-1 2.65956E-1 3.08314E-1 3.13322E-1 3.40433E-1 3.13807E-1 3.11024E-1 2.89154E-1 3.40866E-1 3.83394E-1 3.96384E-1 3.86564E-1 3.91172E-1 3.99775E-1 3.79661E-1 3.83057E-1 4.36967E-1 5.09367E-1 5.40435E-1 6.30385E-1 7.1699E-1 8.03577E-1 8.2335E-1 8.11776E-1 8.52311E-1 8.65368E-1 8.39316E-1 5.89684E-1 5.12116E-1 4.96259E-1
2.60627E-1 2.61887E-1 2.66198E-1 2.67284E-1 2.63151E-1 2.91613E-1 2.91613E-1 2.89287E-1 3.03677E-1 3.36972E-1 3.38742E-1 3.16343E-1 3.08688E-1 3.13594E-1 2.8568E-1 2.35935E-1 1.76952E-1 1.96502E-1 2.37548E-1 2.58422E-1 2.59483E-1 2.80771E-1 2.82263E-1 2.55029E-1 2.88579E-1 3.11715E-1 3.16879E-1 3.31469E-1 3.09214E-1 3.17049E-1 3.28568E-1 2.9688E-1 3.50196E-1 2.93408E-1 2.95599E-1 3.32309E-1 3.44525E-1 3.84696E-1 3.51463E-1 3.1075E-1 2.82973E-1 2.60583E-1 2.56324E-1 2.62338E-1 3.09804E-1 3.45332E-1 3.2553E-1 3.06625E-1 2.8601E-1 3.16868E-1 3.32918E-1 3.49523E-1 3.77157E-1 3.807E-1 3.36673E-1 3.78074E-1 4.14742E-1 3.93833E-1 3.37391E-1 4.40244E-1 5.28303E-1 5.60331E-1 6.40522E-1 7.55249E-1 8.02048E-1 8.14112E-1 8.40523E-1 8.43021E-1 8.23246E-1 7.10301E-1 4.96183E-1 4.11187E-1
2.75238E-1 2.58691E-1 2.65114E-1 2.87923E-1 2.82193E-1 2.84679E-1 2.9652E-1 3.15156E-1 3.2645E-1 3.29E-1 3.31796E-1 3.30511E-1 3.18835E-1 3.20086E-1 3.07471E-1 3.1483E-1 3.04781E-1 2.24745E-1 1.90366E-1 2.57365E-1 2.7836E-1 3.01238E-1 2.77544E-1 2.83198E-1 2.9978E-1 3.3693E-1 3.68379E-1 3.50366E-1 3.4879E-1 3.72495E-1 3.46017E-1 3.34825E-1 3.43135E-1 2.88432E-1 3.33477E-1 3.54595E-1 3.42302E-1 3.74349E-1 3.15635E-1 2.83945E-1 2.60637E-1 2.27693E-1 2.58747E-1 2.66111E-1 2.54546E-1 3.26287E-1 3.17482E-1 2.86536E-1 3.06327E-1 3.03949E-1 2.91747E-1 2.91271E-1 3.69081E-1 3.96547E-1 3.97652E-1 3.82551E-1 4.01858E-1 4.28327E-1 3.74256E-1 4.16121E-1 3.97935E-1 4.61626E-1 6.83815E-1 6.75929E-1 7.03509E-1 7.73145E-1 8.26425E-1 8.15539E-1 8.14419E-1 7.98948E-1 7.90745E-1 7.38102E-1
2.80856E-1 2.84474E-1 2.81058E-1 2.81261E-1 3.06143E-1 3.16174E-1 3.29E-1 3.20139E-1 3.2645E-1 3.25407E-1 3.32026E-1 3.35905E-1 3.33084E-1 3.35905E-1 3.4641E-1 3.29175E-1 3.26343E-1 3.21063E-1 2.98451E-1 2.42161E-1 2.90044E-1 2.89995E-1 2.84028E-1 2.9467E-1 2.81499E-1 2.71387E-1 3.10488E-1 3.14399E-1 3.37767E-1 3.48552E-1 3.39017E-1 3.48313E-1 3.44512E-1 3.72186E-1 3.92853E-1 3.73008E-1 2.81839E-1 3.19333E-1 3.51846E-1 2.7228E-1 2.16776E-1 2.23421E-1 2.40732E-1 2.24408E-1 2.38317E-1 3.14555E-1 3.48958E-1 3.19701E-1 3.01945E-1 2.84395E-1 3.07438E-1 2.95805E-1 3.51242E-1 3.51576E-1 3.73266E-1 3.56222E-1 3.67332E-1 3.4734E-1 3.31613E-1 3.49075E-1 4.01503E-1 4.54198E-1 5.7502E-1 5.26468E-1 5.97621E-1 6.66903E-1 7.72858E-1 7.98911E-1 8.01898E-1 7.85976E-1 7.80984E-1 7.61114E-1
