Artocarpus altilis SDM files/MIS19/results (without bias file)/Artalt_5.asc
ncols         1201
nrows         481
xllcorner     119.99986351115
yllcorner     -15.00013828885
cellsize      0.041666667
NODATA_value  -9999
[rows 320 to 351 of 481, columns 504 to 575 of 1201]
2.74412E-1 2.82164E-1 2.70617E-1 2.74976E-1 2.74178E-1 2.85298E-1 2.83046E-1 2.82229E-1 2.8475E-1 2.896E-1 2.84541E-1 2.98004E-1 3.01527E-1 3.06273E-1 3.05002E-1 2.96229E-1 2.91079E-1 3.16041E-1 3.25595E-1 3.25935E-1 3.2072E-1 3.34532E-1 3.44847E-1 3.5806E-1 3.40429E-1 3.4304E-1 3.54196E-1 3.63562E-1 3.8005E-1 3.84271E-1 3.70202E-1 3.97076E-1 3.91863E-1 4.07946E-1 4.11368E-1 4.16537E-1 4.24708E-1 4.38304E-1 4.59912E-1 4.66197E-1 4.589E-1 4.87738E-1 4.89352E-1 5.01545E-1 5.11384E-1 5.14681E-1 5.19643E-1 5.29623E-1 5.29623E-1 5.32966E-1 5.54209E-1 5.62353E-1 5.68615E-1 5.78175E-1 6.08645E-1 5.90023E-1 5.88759E-1 6.13724E-1 6.13227E-1 6.1831E-1 6.49659E-1 6.36456E-1 6.54769E-1 6.6754E-1 -9999 -9999 -9999 -9999 -9999 -9999 -9999 -9999
2.67904E-1 2.75211E-1 2.82981E-1 2.77983E-1 2.70617E-1 2.78283E-1 2.88393E-1 2.8417E-1 2.94133E-1 2.78347E-1 2.80872E-1 2.8763E-1 2.88768E-1 3.07143E-1 2.87863E-1 2.93595E-1 2.97394E-1 3.13748E-1 3.14079E-1 3.11981E-1 3.20059E-1 3.32579E-1 3.35125E-1 3.38374E-1 3.37286E-1 3.48996E-1 3.69787E-1 3.55302E-1 3.6582E-1 3.54666E-1 3.7452E-1 3.86394E-1 3.99221E-1 4.12318E-1 4.1085E-1 4.29421E-1 4.39266E-1 4.32951E-1 4.46697E-1 4.51357E-1 4.65421E-1 4.75706E-1 4.80496E-1 4.90147E-1 5.01519E-1 5.10548E-1 5.23193E-1 5.20715E-1 5.41588E-1 5.44956E-1 5.50021E-1 5.56796E-1 5.77902E-1 6.01529E-1 5.947E-1 5.92665E-1 6.07872E-1 6.03569E-1 6.09914E-1 6.17536E-1 6.26437E-1 6.44086E-1 6.39E-1 6.3723E-1 6.59673E-1 -9999 -9999 -9999 -9999 -9999 -9999 -9999
2.64408E-1 2.70848E-1 2.70848E-1 2.68166E-1 2.67383E-1 2.71701E-1 2.76075E-1 2.83864E-1 2.79694E-1 2.79155E-1 2.75338E-1 2.94762E-1 2.90745E-1 2.90745E-1 2.91368E-1 2.9599E-1 2.89313E-1 2.91604E-1 2.96545E-1 3.05973E-1 3.10772E-1 3.23777E-1 3.20878E-1 3.282E-1 3.28702E-1 3.26437E-1 3.4571E-1 3.63444E-1 3.56635E-1 3.55977E-1 3.53338E-1 3.75903E-1 3.77994E-1 3.92762E-1 3.9849E-1 4.22662E-1 4.24156E-1 4.38491E-1 4.43386E-1 4.42112E-1 4.62494E-1 4.6831E-1 4.87466E-1 4.93934E-1 4.87713E-1 5.12423E-1 5.06656E-1 5.29829E-1 5.382E-1 5.37374E-1 5.7137E-1 5.6625E-1 5.82224E-1 5.91895E-1 5.73363E-1 6.05334E-1 6.02797E-1 6.02797E-1 6.22189E-1 6.11681E-1 6.41267E-1 6.38226E-1 6.33912E-1 6.45357E-1 6.54094E-1 -9999 -9999 -9999 -9999 -9999 -9999 -9999
2.63089E-1 2.72726E-1 2.76011E-1 2.84926E-1 2.799E-1 2.69242E-1 2.71407E-1 2.76075E-1 2.80505E-1 2.83864E-1 2.88702E-1 2.85604E-1 2.82806E-1 2.78648E-1 2.93358E-1 2.92205E-1 2.88247E-1 3.03029E-1 2.87344E-1 2.88791E-1 2.99198E-1 3.06296E-1 3.111E-1 3.33505E-1 3.3215E-1 3.23117E-1 3.42446E-1 3.42765E-1 3.44762E-1 3.68062E-1 3.46729E-1 3.56654E-1 3.69719E-1 3.79364E-1 3.95597E-1 4.1722E-1 4.20416E-1 4.32417E-1 4.29699E-1 4.27684E-1 4.55469E-1 4.69045E-1 4.75523E-1 4.74364E-1 4.87466E-1 4.82888E-1 5.14631E-1 5.22912E-1 5.36265E-1 5.41304E-1 5.6342E-1 5.6342E-1 5.85658E-1 5.90757E-1 5.9316E-1 5.91895E-1 6.10752E-1 6.09483E-1 6.18873E-1 6.23959E-1 6.32862E-1 6.37452E-1 6.53819E-1 6.52549E-1 6.74428E-1 6.72551E-1 6.80737E-1 -9999 -9999 -9999 -9999 -9999
2.58599E-1 2.85474E-1 2.68395E-1 2.69473E-1 2.77113E-1 2.66023E-1 2.70323E-1 2.71701E-1 2.79091E-1 2.82437E-1 2.80505E-1 2.83046E-1 2.79996E-1 2.92451E-1 2.83111E-1 2.91893E-1 2.99175E-1 2.92518E-1 2.93985E-1 2.85079E-1 2.88791E-1 2.91391E-1 2.96013E-1 3.111E-1 3.19978E-1 3.09845E-1 3.28393E-1 3.35041E-1 3.46675E-1 3.47375E-1 3.43919E-1 3.47394E-1 3.60884E-1 3.6833E-1 3.81446E-1 3.85938E-1 4.11324E-1 4.26859E-1 4.19227E-1 4.23925E-1 4.39266E-1 4.5989E-1 4.57316E-1 4.48548E-1 4.74653E-1 4.79148E-1 4.85855E-1 5.09689E-1 5.22912E-1 5.42086E-1 5.48831E-1 5.51538E-1 5.58319E-1 5.89929E-1 5.80509E-1 6.07167E-1 6.2227E-1 6.15359E-1 6.43676E-1 6.49733E-1 6.4592E-1 6.51003E-1 6.4592E-1 6.53046E-1 6.68601E-1 6.80464E-1 6.76186E-1 6.86112E-1 -9999 -9999 -9999 -9999
2.56237E-1 2.76247E-1 2.76515E-1 2.6918E-1 2.77919E-1 2.76011E-1 2.67613E-1 2.73288E-1 2.76878E-1 2.77983E-1 2.77177E-1 2.89224E-1 2.74742E-1 2.78078E-1 2.78078E-1 2.8929E-1 2.83415E-1 2.81478E-1 2.94829E-1 2.85153E-1 2.74561E-1 2.84114E-1 2.86825E-1 2.93695E-1 2.98972E-1 2.98575E-1 3.18746E-1 3.38538E-1 3.32495E-1 3.26052E-1 3.36177E-1 3.42819E-1 3.51546E-1 3.60862E-1 3.71744E-1 4.01802E-1 3.85938E-1 3.97318E-1 4.01862E-1 4.106E-1 4.30163E-1 4.58429E-1 4.5749E-1 4.5989E-1 4.84427E-1 4.90569E-1 4.85126E-1 4.96312E-1 4.97939E-1 5.13748E-1 5.25348E-1 5.51538E-1 5.56622E-1 5.8821E-1 6.09698E-1 5.98539E-1 6.09698E-1 6.20999E-1 6.33502E-1 6.29687E-1 -9999 6.64329E-1 6.70659E-1 6.60229E-1 6.75262E-1 -9999 6.87096E-1 6.97128E-1 -9999 -9999 -9999 -9999
2.57275E-1 2.65411E-1 2.68625E-1 2.81492E-1 2.76515E-1 2.67321E-1 2.76814E-1 2.66802E-1 2.66023E-1 2.7879E-1 2.81318E-1 2.89224E-1 2.81621E-1 2.75573E-1 2.79996E-1 2.86737E-1 2.84782E-1 2.80872E-1 2.78142E-1 2.73242E-1 2.7573E-1 2.91466E-1 2.89176E-1 2.97879E-1 2.89712E-1 3.0974E-1 3.12639E-1 3.20878E-1 3.15502E-1 3.16155E-1 3.26052E-1 3.38743E-1 3.46931E-1 3.66067E-1 3.6718E-1 3.74036E-1 3.92521E-1 3.95597E-1 4.05702E-1 4.35315E-1 4.46019E-1 4.67011E-1 4.72508E-1 4.52947E-1 4.85598E-1 4.88953E-1 4.9543E-1 4.72344E-1 4.8983E-1 5.19914E-1 5.35051E-1 5.32021E-1 5.75284E-1 5.83855E-1 5.90729E-1 5.9245E-1 6.15722E-1 6.36019E-1 6.34758E-1 6.4079E-1 6.56007E-1 6.4079E-1 -9999 -9999 -9999 -9999 -9999 7.17354E-1 -9999 -9999 -9999 -9999
2.70785E-1 2.75147E-1 2.77349E-1 2.82611E-1 2.75415E-1 2.6918E-1 2.72431E-1 2.76011E-1 2.80441E-1 2.75478E-1 2.71407E-1 2.70617E-1 2.6875E-1 2.75274E-1 2.715E-1 2.73412E-1 2.95607E-1 2.94762E-1 2.78949E-1 2.81206E-1 2.73242E-1 2.88557E-1 2.96621E-1 2.85767E-1 2.98422E-1 2.92005E-1 2.92182E-1 3.08459E-1 3.05849E-1 3.03102E-1 3.15121E-1 3.26052E-1 3.33819E-1 3.44525E-1 3.53114E-1 3.68545E-1 3.75418E-1 3.89421E-1 4.09075E-1 4.16429E-1 4.52501E-1 4.38553E-1 4.59768E-1 4.69209E-1 4.6546E-1 4.79183E-1 4.8573E-1 4.90569E-1 4.94247E-1 5.07302E-1 5.21573E-1 5.31567E-1 5.58648E-1 5.73574E-1 5.86823E-1 6.18712E-1 6.13524E-1 6.50698E-1 6.4205E-1 6.57609E-1 6.64453E-1 6.61062E-1 6.85169E-1 -9999 -9999 -9999 -9999 -9999 -9999 -9999 -9999 -9999
2.78962E-1 2.81492E-1 2.82611E-1 2.80376E-1 2.74318E-1 2.79867E-1 2.7026E-1 2.70554E-1 2.77113E-1 2.77413E-1 2.7852E-1 2.69535E-1 2.67675E-1 2.71996E-1 2.5796E-1 2.77508E-1 2.96171E-1 2.99107E-1 2.74539E-1 2.74836E-1 2.70772E-1 2.80665E-1 2.82086E-1 2.8239E-1 2.89176E-1 2.85241E-1 2.85415E-1 3.014E-1 3.08459E-1 3.19978E-1 3.24362E-1 3.2561E-1 3.24802E-1 3.34216E-1 3.37458E-1 3.5506E-1 3.72658E-1 3.90455E-1 4.01802E-1 4.09075E-1 4.36616E-1 4.45797E-1 4.43141E-1 4.82683E-1 4.67758E-1 4.68187E-1 4.89998E-1 4.8573E-1 4.98683E-1 4.92626E-1 5.28337E-1 5.51406E-1 5.56489E-1 5.76531E-1 5.7482E-1 6.01434E-1 6.31196E-1 6.38119E-1 -9999 6.75208E-1 6.87211E-1 6.80359E-1 6.92279E-1 6.8391E-1 -9999 -9999 -9999 -9999 -9999 -9999 -9999 -9999
2.86816E-1 2.96884E-1 2.86816E-1 2.80074E-1 2.80376E-1 2.75948E-1 2.83734E-1 2.65961E-1 2.65184E-1 2.74913E-1 2.7631E-1 2.7631E-1 2.77713E-1 2.71732E-1 2.73116E-1 2.91547E-1 2.8417E-1 2.78078E-1 2.7617E-1 2.73476E-1 2.7898E-1 2.72977E-1 2.79583E-1 2.88588E-1 2.8239E-1 2.84114E-1 2.89787E-1 3.03131E-1 3.20059E-1 3.19643E-1 3.18746E-1 3.21876E-1 3.33766E-1 3.3632E-1 3.43224E-1 3.51083E-1 3.78713E-1 3.88652E-1 3.87622E-1 4.13078E-1 4.26045E-1 4.22087E-1 4.63007E-1 4.68351E-1 4.68909E-1 4.55635E-1 4.8195E-1 4.88383E-1 4.98108E-1 5.19574E-1 5.39602E-1 5.53921E-1 5.59424E-1 5.67938E-1 6.00966E-1 6.20812E-1 6.22542E-1 6.3938E-1 6.5751E-1 -9999 -9999 -9999 6.95284E-1 7.01673E-1 -9999 -9999 -9999 -9999 -9999 -9999 -9999 -9999
2.82034E-1 2.91939E-1 3.00077E-1 2.94246E-1 2.71576E-1 2.7675E-1 2.90235E-1 2.77349E-1 2.6306E-1 2.71638E-1 2.63635E-1 2.73022E-1 2.58943E-1 2.85264E-1 2.81046E-1 2.81349E-1 2.83896E-1 2.85329E-1 2.87904E-1 2.71004E-1 2.70215E-1 2.74867E-1 2.74069E-1 2.84879E-1 2.90875E-1 2.95491E-1 2.81869E-1 2.96089E-1 3.09096E-1 3.22198E-1 3.24603E-1 3.21213E-1 3.26192E-1 3.21213E-1 3.50258E-1 3.62265E-1 3.75561E-1 3.9241E-1 4.05366E-1 3.97206E-1 4.04426E-1 4.20072E-1 4.5321E-1 4.58918E-1 4.52104E-1 4.59896E-1 4.83119E-1 5.04302E-1 5.10867E-1 5.22441E-1 5.46698E-1 5.51768E-1 5.67059E-1 5.93605E-1 5.98773E-1 6.18612E-1 6.25533E-1 6.4195E-1 6.69113E-1 6.9611E-1 -9999 -9999 6.9611E-1 6.9611E-1 -9999 -9999 -9999 -9999 -9999 -9999 -9999 -9999
2.70723E-1 2.85925E-1 2.87367E-1 2.93091E-1 2.91939E-1 2.78962E-1 2.73755E-1 2.75147E-1 2.72166E-1 2.7029E-1 2.87741E-1 2.86913E-1 2.77444E-1 2.96103E-1 2.79932E-1 2.76106E-1 2.80536E-1 2.77508E-1 2.74506E-1 2.85943E-1 2.90498E-1 2.74569E-1 2.74867E-1 2.90714E-1 2.88279E-1 2.8745E-1 2.95491E-1 3.02521E-1 3.12094E-1 3.1482E-1 3.18078E-1 3.23358E-1 3.2962E-1 3.38538E-1 3.49901E-1 3.63249E-1 3.74179E-1 3.79349E-1 3.97745E-1 4.09346E-1 4.19669E-1 4.28641E-1 4.44962E-1 4.57356E-1 4.62051E-1 4.89227E-1 4.97331E-1 5.02222E-1 5.10421E-1 5.37826E-1 5.64015E-1 5.74256E-1 5.79393E-1 6.07771E-1 6.12955E-1 6.27634E-1 6.47931E-1 6.50129E-1 6.53586E-1 6.75108E-1 -9999 -9999 -9999 -9999 -9999 -9999 -9999 -9999 -9999 -9999 -9999 -9999
2.87886E-1 2.93619E-1 2.90479E-1 2.88195E-1 2.87367E-1 2.88504E-1 2.98586E-1 2.75948E-1 2.87156E-1 2.93404E-1 2.80679E-1 2.95788E-1 3.01642E-1 2.97268E-1 2.86088E-1 2.96419E-1 2.80234E-1 2.76405E-1 2.78615E-1 2.83382E-1 2.83687E-1 2.88523E-1 2.93109E-1 2.9112E-1 3.00415E-1 3.0634E-1 2.92863E-1 3.01021E-1 3.05761E-1 3.25291E-1 3.40187E-1 3.33159E-1 3.46051E-1 3.55286E-1 3.61987E-1 3.73896E-1 3.77958E-1 3.79349E-1 3.90602E-1 4.07488E-1 4.17782E-1 4.31247E-1 4.54343E-1 4.66876E-1 4.66344E-1 4.74799E-1 5.09127E-1 5.24007E-1 5.5167E-1 5.40729E-1 5.66961E-1 5.90063E-1 6.05575E-1 6.10757E-1 6.34088E-1 6.41011E-1 6.56572E-1 6.63475E-1 -9999 -9999 -9999 -9999 -9999 -9999 -9999 -9999 -9999 -9999 -9999 -9999 -9999 -9999
3.05928E-1 3.17699E-1 2.94776E-1 2.91315E-1 2.87058E-1 2.91627E-1 3.00614E-1 2.83156E-1 2.94561E-1 2.80917E-1 2.82034E-1 2.95158E-1 2.96952E-1 2.9148E-1 2.92631E-1 3.06714E-1 2.87839E-1 2.98537E-1 3.03247E-1 2.80839E-1 2.71007E-1 2.76933E-1 2.8512E-1 2.89113E-1 2.96587E-1 3.03637E-1 3.21824E-1 3.21824E-1 3.34395E-1 3.43405E-1 3.42423E-1 3.4764E-1 3.60928E-1 3.67703E-1 3.58932E-1 3.71144E-1 3.80836E-1 3.9745E-1 4.09046E-1 4.2085E-1 4.2533E-1 4.37412E-1 4.5978E-1 4.76732E-1 4.83132E-1 5.07485E-1 5.20235E-1 5.20235E-1 5.28551E-1 5.38593E-1 5.64794E-1 5.78463E-1 5.98206E-1 6.19772E-1 6.26694E-1 6.60394E-1 6.55214E-1 6.50919E-1 -9999 -9999 -9999 -9999 -9999 -9999 -9999 -9999 -9999 -9999 -9999 -9999 -9999 -9999
3.13703E-1 3.33609E-1 3.2388E-1 3.17699E-1 2.84489E-1 2.9944E-1 3.03296E-1 3.01254E-1 3.01254E-1 2.93404E-1 2.99222E-1 3.01574E-1 2.96635E-1 2.92318E-1 2.85781E-1 2.9148E-1 3.07038E-1 3.02604E-1 3.03788E-1 2.89288E-1 2.88239E-1 2.98855E-1 2.99173E-1 3.01792E-1 3.00385E-1 3.05692E-1 3.14122E-1 3.20251E-1 3.28982E-1 3.30243E-1 3.5987E-1 3.66632E-1 3.49911E-1 3.61909E-1 3.70066E-1 3.99195E-1 4.07896E-1 4.09358E-1 4.19681E-1 4.33182E-1 4.37738E-1 4.54253E-1 4.68364E-1 4.88303E-1 5.04557E-1 5.054E-1 5.2104E-1 5.42314E-1 5.47372E-1 5.46142E-1 5.69447E-1 5.81009E-1 6.07671E-1 6.33148E-1 6.44371E-1 6.4956E-1 6.54745E-1 6.70268E-1 -9999 -9999 -9999 -9999 -9999 -9999 -9999 -9999 -9999 -9999 -9999 -9999 -9999 -9999
3.35156E-1 3.2695E-1 3.41309E-1 3.23542E-1 3.04414E-1 2.91315E-1 3.20495E-1 3.07738E-1 3.13773E-1 3.08064E-1 3.08389E-1 3.14434E-1 3.13547E-1 2.95473E-1 2.8888E-1 2.86913E-1 2.92944E-1 2.99072E-1 2.91194E-1 2.93685E-1 2.96467E-1 2.96519E-1 2.97313E-1 3.11592E-1 3.1104E-1 3.13792E-1 3.12578E-1 3.29558E-1 3.299E-1 3.38823E-1 3.54163E-1 3.64904E-1 3.74485E-1 3.85642E-1 3.94153E-1 3.97366E-1 4.075E-1 4.13363E-1 4.38063E-1 4.45721E-1 4.48804E-1 4.70284E-1 4.84645E-1 4.95959E-1 5.04112E-1 5.18932E-1 5.20589E-1 5.39767E-1 5.54959E-1 5.73229E-1 5.67277E-1 5.83975E-1 6.02023E-1 6.29216E-1 6.42641E-1 6.61182E-1 6.68078E-1 6.80112E-1 6.59036E-1 -9999 -9999 -9999 -9999 -9999 -9999 -9999 -9999 -9999 -9999 -9999 -9999 -9999
3.57988E-1 3.35467E-1 3.37095E-1 3.21396E-1 3.13147E-1 3.13147E-1 3.18032E-1 3.20495E-1 3.21733E-1 3.09264E-1 3.12888E-1 3.18999E-1 3.14434E-1 3.18437E-1 3.15095E-1 3.10572E-1 2.93785E-1 2.96419E-1 2.97E-1 3.07363E-1 3.053E-1 2.93851E-1 3.10715E-1 3.18535E-1 3.2018E-1 3.27651E-1 3.3525E-1 3.42978E-1 3.49515E-1 3.5614E-1 3.70651E-1 3.85943E-1 3.83855E-1 3.93765E-1 3.99112E-1 4.06354E-1 4.30072E-1 4.33094E-1 4.39174E-1 4.48385E-1 4.63971E-1 4.794E-1 4.95518E-1 4.97143E-1 5.11876E-1 5.18483E-1 5.28454E-1 5.52805E-1 5.57892E-1 5.82625E-1 5.9983E-1 6.10188E-1 6.0328E-1 6.16634E-1 6.5035E-1 6.4909E-1 6.64164E-1 6.68078E-1 6.80944E-1 -9999 -9999 -9999 -9999 -9999 -9999 -9999 -9999 -9999 -9999 -9999 -9999 -9999
3.68439E-1 3.54349E-1 3.42882E-1 3.4584E-1 3.37131E-1 3.25733E-1 3.17699E-1 3.3523E-1 3.32683E-1 3.25466E-1 3.33028E-1 3.23952E-1 3.20567E-1 3.14764E-1 3.20902E-1 3.1877E-1 3.16649E-1 3.09988E-1 3.11522E-1 3.09437E-1 3.04058E-1 3.12454E-1 3.16462E-1 3.2697E-1 3.32014E-1 3.39687E-1 3.42273E-1 3.54086E-1 3.63471E-1 3.71651E-1 3.74406E-1 3.81352E-1 3.85561E-1 4.25883E-1 4.30394E-1 4.08876E-1 4.17708E-1 4.37236E-1 4.47966E-1 4.69039E-1 4.80176E-1 4.99119E-1 4.95077E-1 4.99958E-1 5.27143E-1 5.3048E-1 5.48963E-1 5.66764E-1 5.75305E-1 5.82159E-1 6.20933E-1 6.29586E-1 6.20933E-1 6.3651E-1 6.5035E-1 6.63276E-1 6.68446E-1 6.78763E-1 6.8733E-1 -9999 -9999 -9999 -9999 -9999 -9999 -9999 -9999 -9999 -9999 -9999 -9999 -9999
3.65714E-1 3.71177E-1 3.6202E-1 3.56041E-1 3.69181E-1 3.5471E-1 3.45486E-1 3.60058E-1 3.55395E-1 3.53098E-1 3.4166E-1 3.2486E-1 3.23952E-1 3.28045E-1 3.19668E-1 3.23383E-1 3.22478E-1 3.19105E-1 3.21911E-1 3.18542E-1 3.17236E-1 3.33556E-1 3.27884E-1 3.34211E-1 3.34211E-1 3.43219E-1 3.48444E-1 3.59063E-1 3.67175E-1 3.72653E-1 3.75412E-1 3.75412E-1 3.84797E-1 4.07727E-1 4.33006E-1 4.34522E-1 4.39086E-1 4.5139E-1 4.42933E-1 4.6469E-1 4.86161E-1 5.10135E-1 5.05655E-1 5.23363E-1 5.31697E-1 5.3337E-1 5.3672E-1 5.74424E-1 5.96283E-1 6.10088E-1 6.27385E-1 6.3604E-1 6.50719E-1 6.45531E-1 -9999 -9999 -9999 -9999 -9999 -9999 -9999 -9999 -9999 -9999 -9999 -9999 -9999 -9999 -9999 -9999 -9999 -9999
3.86101E-1 3.81888E-1 3.71177E-1 3.64725E-1 3.7155E-1 3.74304E-1 3.65094E-1 3.65094E-1 3.60385E-1 3.54065E-1 3.50453E-1 3.343E-1 3.4331E-1 3.4627E-1 3.38839E-1 3.23383E-1 3.24967E-1 3.35067E-1 3.32865E-1 3.43061E-1 3.3953E-1 3.37041E-1 3.39612E-1 3.56673E-1 3.63392E-1 3.68831E-1 3.77094E-1 3.82671E-1 3.86889E-1 4.03673E-1 3.972E-1 4.05874E-1 4.05874E-1 4.05874E-1 4.31084E-1 4.46335E-1 4.50969E-1 4.54073E-1 4.71346E-1 4.86505E-1 4.91741E-1 5.01496E-1 5.17534E-1 5.35857E-1 5.47176E-1 5.51015E-1 5.7396E-1 5.77383E-1 5.91117E-1 6.23033E-1 6.16113E-1 -9999 6.5025E-1 6.5025E-1 6.60614E-1 -9999 -9999 -9999 -9999 -9999 -9999 -9999 -9999 -9999 -9999 -9999 -9999 -9999 -9999 -9999 -9999 -9999
3.89959E-1 4.03919E-1 3.86444E-1 3.77033E-1 3.87896E-1 3.82268E-1 3.84051E-1 3.76062E-1 3.65831E-1 3.68927E-1 3.56766E-1 3.54786E-1 3.48179E-1 3.63198E-1 3.63565E-1 3.59886E-1 3.56148E-1 3.53572E-1 3.54901E-1 3.45394E-1 3.51964E-1 3.58622E-1 3.53289E-1 3.49683E-1 3.63025E-1 3.6846E-1 3.80892E-1 3.85097E-1 3.83692E-1 3.936E-1 4.16459E-1 4.34434E-1 4.15742E-1 4.23168E-1 4.48207E-1 4.55962E-1 4.55206E-1 4.73273E-1 4.76456E-1 4.99025E-1 5.18291E-1 5.17085E-1 5.23718E-1 5.41253E-1 5.49685E-1 5.76918E-1 5.85493E-1 6.05275E-1 -9999 -9999 -9999 -9999 6.41132E-1 6.53238E-1 6.55434E-1 -9999 -9999 -9999 -9999 -9999 -9999 -9999 -9999 -9999 -9999 -9999 -9999 -9999 6.89206E-1 6.89206E-1 -9999 -9999
-9999 4.07891E-1 4.04313E-1 3.82609E-1 3.68147E-1 3.78838E-1 3.61404E-1 3.61404E-1 -9999 -9999 -9999 3.71295E-1 3.69924E-1 3.59444E-1 3.42012E-1 3.67271E-1 3.62214E-1 3.6258E-1 3.56233E-1 3.68381E-1 3.80811E-1 3.87836E-1 3.75628E-1 3.89252E-1 3.83992E-1 3.92479E-1 3.99644E-1 3.98204E-1 -9999 4.05436E-1 4.36277E-1 4.48536E-1 4.3554E-1 4.4011E-1 4.49332E-1 4.69671E-1 4.88416E-1 4.88854E-1 5.06755E-1 5.07551E-1 5.14134E-1 5.22412E-1 5.37437E-1 5.52609E-1 5.71322E-1 5.8331E-1 5.89298E-1 -9999 -9999 -9999 -9999 -9999 -9999 -9999 -9999 -9999 -9999 -9999 -9999 -9999 -9999 -9999 -9999 -9999 -9999 -9999 -9999 -9999 -9999 -9999 -9999 -9999
-9999 -9999 4.2229E-1 3.94618E-1 3.70178E-1 3.92192E-1 -9999 -9999 -9999 -9999 -9999 -9999 -9999 -9999 3.85578E-1 3.8596E-1 -9999 -9999 -9999 -9999 -9999 -9999 -9999 -9999 -9999 -9999 -9999 4.29402E-1 4.35452E-1 4.43083E-1 4.31319E-1 4.435E-1 4.52761E-1 4.58994E-1 4.68427E-1 4.91993E-1 5.0666E-1 5.11591E-1 5.11591E-1 5.12038E-1 5.25285E-1 5.43706E-1 5.45391E-1 5.71687E-1 5.87112E-1 -9999 -9999 -9999 -9999 -9999 -9999 -9999 -9999 -9999 -9999 -9999 -9999 -9999 -9999 -9999 -9999 -9999 -9999 -9999 -9999 -9999 -9999 -9999 -9999 -9999 -9999 -9999
-9999 -9999 -9999 -9999 -9999 -9999 -9999 -9999 -9999 -9999 -9999 -9999 -9999 -9999 -9999 -9999 -9999 -9999 -9999 -9999 -9999 -9999 -9999 -9999 -9999 -9999 -9999 4.36559E-1 4.42667E-1 4.45739E-1 4.5037E-1 4.46157E-1 -9999 -9999 -9999 4.99675E-1 5.06215E-1 5.16092E-1 5.36071E-1 5.3485E-1 5.57597E-1 5.58472E-1 5.71223E-1 5.59296E-1 -9999 -9999 -9999 -9999 -9999 -9999 -9999 -9999 -9999 -9999 -9999 -9999 -9999 -9999 -9999 -9999 -9999 -9999 -9999 -9999 -9999 -9999 -9999 -9999 -9999 -9999 -9999 -9999
-9999 -9999 -9999 -9999 -9999 -9999 -9999 -9999 -9999 -9999 -9999 -9999 -9999 -9999 -9999 -9999 -9999 -9999 -9999 -9999 -9999 -9999 -9999 -9999 -9999 -9999 -9999 -9999 -9999 4.63607E-1 4.6518E-1 -9999 -9999 -9999 -9999 -9999 5.31407E-1 5.33079E-1 5.46523E-1 5.5498E-1 5.53745E-1 5.67346E-1 -9999 -9999 -9999 -9999 -9999 -9999 -9999 -9999 -9999 -9999 -9999 -9999 -9999 -9999 -9999 -9999 -9999 -9999 -9999 -9999 -9999 -9999 -9999 -9999 -9999 -9999 -9999 -9999 -9999 -9999
-9999 -9999 -9999 -9999 -9999 -9999 -9999 -9999 -9999 -9999 -9999 -9999 -9999 -9999 -9999 -9999 -9999 -9999 -9999 -9999 -9999 -9999 -9999 -9999 -9999 -9999 -9999 -9999 -9999 -9999 -9999 -9999 -9999 -9999 -9999 -9999 -9999 -9999 -9999 5.57913E-1 5.5452E-1 5.6642E-1 5.60073E-1 6.02044E-1 -9999 -9999 -9999 -9999 -9999 -9999 -9999 -9999 -9999 -9999 -9999 -9999 -9999 -9999 -9999 -9999 -9999 -9999 -9999 -9999 -9999 -9999 -9999 -9999 -9999 -9999 -9999 -9999
-9999 -9999 -9999 -9999 -9999 -9999 -9999 -9999 -9999 -9999 -9999 -9999 -9999 -9999 -9999 -9999 -9999 -9999 -9999 -9999 -9999 -9999 -9999 -9999 -9999 -9999 -9999 -9999 -9999 -9999 -9999 -9999 -9999 -9999 -9999 -9999 5.58228E-1 -9999 5.57452E-1 5.65957E-1 5.74496E-1 5.69832E-1 5.85246E-1 6.12406E-1 -9999 -9999 -9999 -9999 -9999 -9999 -9999 -9999 -9999 -9999 -9999 -9999 -9999 -9999 -9999 -9999 -9999 -9999 -9999 -9999 -9999 -9999 -9999 -9999 -9999 -9999 -9999 -9999
-9999 -9999 -9999 -9999 -9999 -9999 -9999 -9999 -9999 -9999 -9999 -9999 -9999 -9999 -9999 -9999 -9999 -9999 -9999 -9999 -9999 -9999 -9999 -9999 -9999 -9999 -9999 -9999 -9999 -9999 -9999 -9999 -9999 -9999 -9999 -9999 5.22982E-1 5.41781E-1 5.90771E-1 5.65494E-1 5.75326E-1 6.01107E-1 -9999 -9999 -9999 -9999 -9999 -9999 -9999 -9999 -9999 -9999 -9999 -9999 -9999 -9999 -9999 -9999 -9999 -9999 -9999 -9999 -9999 -9999 -9999 -9999 -9999 -9999 -9999 -9999 -9999 -9999
-9999 -9999 -9999 -9999 -9999 -9999 -9999 -9999 -9999 -9999 -9999 -9999 -9999 -9999 -9999 -9999 -9999 -9999 -9999 -9999 -9999 -9999 -9999 -9999 -9999 -9999 -9999 -9999 -9999 -9999 -9999 -9999 -9999 -9999 -9999 -9999 -9999 -9999 -9999 -9999 -9999 -9999 -9999 -9999 -9999 -9999 -9999 -9999 -9999 -9999 -9999 -9999 -9999 -9999 -9999 -9999 -9999 -9999 -9999 -9999 -9999 -9999 -9999 -9999 -9999 -9999 -9999 -9999 -9999 -9999 -9999 -9999
-9999 -9999 -9999 -9999 -9999 -9999 -9999 -9999 -9999 -9999 -9999 -9999 -9999 5.59633E-1 -9999 -9999 -9999 -9999 -9999 -9999 -9999 -9999 -9999 -9999 -9999 -9999 -9999 -9999 -9999 -9999 -9999 -9999 -9999 -9999 -9999 -9999 -9999 -9999 -9999 -9999 -9999 -9999 -9999 -9999 -9999 -9999 -9999 -9999 -9999 -9999 -9999 -9999 -9999 -9999 -9999 -9999 -9999 -9999 -9999 -9999 6.43351E-1 6.34698E-1 -9999 -9999 -9999 -9999 -9999 -9999 -9999 -9999 -9999 -9999
-9999 -9999 -9999 -9999 -9999 -9999 -9999 -9999 -9999 -9999 -9999 -9999 -9999 -9999 -9999 -9999 -9999 -9999 -9999 -9999 -9999 -9999 -9999 -9999 -9999 -9999 -9999 -9999 -9999 -9999 5.92983E-1 5.79705E-1 -9999 -9999 -9999 -9999 -9999 -9999 -9999 -9999 -9999 -9999 -9999 -9999 -9999 -9999 -9999 -9999 -9999 -9999 -9999 -9999 -9999 -9999 -9999 -9999 -9999 -9999 -9999 6.20382E-1 -9999 -9999 -9999 6.17156E-1 -9999 -9999 7.21839E-1 -9999 -9999 -9999 -9999 -9999
-9999 -9999 -9999 -9999 -9999 -9999 -9999 -9999 -9999 -9999 -9999 -9999 -9999 6.10973E-1 -9999 -9999 -9999 -9999 -9999 -9999 -9999 -9999 -9999 -9999 -9999 -9999 -9999 -9999 -9999 -9999 -9999 -9999 -9999 -9999 -9999 -9999 -9999 -9999 -9999 -9999 -9999 -9999 -9999 -9999 -9999 -9999 -9999 -9999 -9999 -9999 -9999 -9999 -9999 -9999 -9999 6.26365E-1 -9999 -9999 -9999 -9999 -9999 -9999 -9999 5.87839E-1 -9999 -9999 7.16805E-1 -9999 -9999 -9999 -9999 -9999
