Artocarpus altilis SDM files/MIS19/results (without bias file)/Artalt_avg.asc
ncols         1201
nrows         481
xllcorner     119.99986351115
yllcorner     -15.00013828885
cellsize      0.041666667
NODATA_value  -9999
[rows 288 to 319 of 481, columns 576 to 647 of 1201]
3.27979E-1 3.9456E-1 3.16281E-1 3.01703E-1 2.96854E-1 3.33586E-1 4.60109E-1 5.52561E-1 5.43123E-1 5.06977E-1 1.75916E-1 7.85039E-2 6.0129E-2 5.11202E-2 2.23524E-1 5.75206E-2 6.78193E-2 3.13156E-1 3.53997E-1 2.3649E-1 2.00057E-1 1.28858E-1 2.72098E-1 1.6741E-1 1.59153E-1 2.16403E-1 2.89658E-1 2.65146E-1 1.71966E-1 2.03257E-1 1.81276E-1 3.54668E-1 3.13652E-1 3.40664E-1 3.29281E-1 2.54211E-1 2.35233E-1 2.95615E-1 2.59518E-1 2.82073E-1 2.55232E-1 2.25469E-1 2.12281E-1 1.90309E-1 1.7855E-1 2.3265E-1 1.97688E-1 2.11223E-1 2.45258E-1 2.4083E-1 2.31075E-1 2.26146E-1 2.06921E-1 1.5724E-1 1.77798E-1 1.57246E-1 1.58709E-1 1.62302E-1 1.77619E-1 1.37071E-1 2.64696E-1 1.6949E-1 3.3269E-1 1.82067E-1 2.19077E-1 2.39334E-1 9.41331E-2 2.46441E-1 3.40449E-1 4.13634E-1 6.35475E-1 6.5452E-1
4.37165E-1 4.9111E-1 4.33044E-1 3.00819E-1 3.04741E-1 2.81992E-1 3.03294E-1 5.6097E-1 4.77189E-1 2.89644E-1 1.50965E-1 9.26641E-2 1.9732E-1 1.44444E-1 2.75654E-1 2.35959E-1 2.66711E-1 3.25268E-1 3.71293E-1 2.25139E-1 2.87332E-1 2.12334E-1 2.20401E-1 2.27991E-1 2.28988E-1 1.91087E-1 2.68349E-1 2.89484E-1 2.3391E-1 1.78501E-1 1.61672E-1 3.03853E-1 3.82078E-1 3.17709E-1 3.06497E-1 3.28367E-1 3.20959E-1 3.19187E-1 2.44356E-1 3.0555E-1 2.66958E-1 2.34817E-1 1.90679E-1 1.81196E-1 2.25191E-1 2.19158E-1 2.1051E-1 2.24123E-1 2.42777E-1 2.11979E-1 2.61184E-1 2.66491E-1 2.23719E-1 1.92141E-1 1.69238E-1 1.64227E-1 2.19759E-1 1.87084E-1 1.89681E-1 1.56882E-1 2.0952E-1 2.27011E-1 2.59355E-1 1.9011E-1 2.06019E-1 2.70476E-1 7.2289E-2 2.23236E-1 3.03252E-1 3.3274E-1 3.49956E-1 5.1837E-1
4.86157E-1 5.1696E-1 5.18647E-1 4.27149E-1 3.34394E-1 3.04513E-1 2.85314E-1 5.02866E-1 4.37647E-1 4.30876E-1 4.09601E-1 2.03157E-1 2.05968E-1 2.49189E-1 2.92463E-1 3.1107E-1 3.32535E-1 3.61262E-1 3.47885E-1 3.03203E-1 3.47163E-1 1.84967E-1 1.80995E-1 1.54997E-1 1.11424E-1 1.40544E-1 2.36572E-1 3.68956E-1 2.78161E-1 3.39062E-1 4.07651E-1 4.70229E-1 3.83308E-1 1.8174E-1 2.22663E-1 3.72752E-1 2.66239E-1 1.94883E-1 3.0522E-1 3.03695E-1 2.46303E-1 1.72725E-1 2.71253E-1 2.47906E-1 1.95903E-1 1.59554E-1 2.05621E-1 1.64583E-1 2.49633E-1 2.62274E-1 2.02185E-1 2.26796E-1 1.80859E-1 1.42908E-1 1.50235E-1 1.80797E-1 2.4172E-1 2.54905E-1 2.13158E-1 1.95393E-1 2.09048E-1 2.5355E-1 2.06202E-1 1.57627E-1 2.32844E-1 2.61229E-1 9.43609E-2 2.99811E-1 3.20262E-1 4.153E-1 3.97526E-1 4.02379E-1
5.22895E-1 5.13918E-1 4.99171E-1 5.20852E-1 4.57129E-1 3.42244E-1 2.93523E-1 4.05297E-1 4.84536E-1 5.26453E-1 5.11543E-1 3.85528E-1 2.7835E-1 3.23367E-1 2.98946E-1 3.44082E-1 3.36016E-1 3.85995E-1 4.5729E-1 3.94785E-1 2.30878E-1 1.99223E-1 3.91736E-1 2.85657E-1 1.61955E-1 2.71217E-1 2.79839E-1 1.9863E-1 2.56386E-1 2.66128E-1 2.25137E-1 3.93576E-1 1.53865E-1 3.41139E-1 3.13478E-1 3.86301E-1 2.86353E-1 2.43313E-1 3.33963E-1 2.99021E-1 2.16419E-1 1.79108E-1 2.5429E-1 2.35576E-1 2.03433E-1 1.87031E-1 2.13335E-1 2.18892E-1 1.90691E-1 1.84659E-1 1.73232E-1 2.05867E-1 2.67583E-1 2.63846E-1 2.36364E-1 1.32707E-1 1.75914E-1 2.00217E-1 2.45458E-1 1.71777E-1 1.9556E-1 3.3709E-1 1.97868E-1 1.47627E-1 2.21363E-1 2.13773E-1 9.60413E-2 2.76233E-1 3.65929E-1 4.09735E-1 4.44634E-1 5.78973E-1
5.11828E-1 5.06927E-1 5.00802E-1 5.20049E-1 4.99019E-1 4.65062E-1 3.66673E-1 3.63099E-1 5.14551E-1 5.25896E-1 4.76922E-1 4.40346E-1 3.0873E-1 2.54108E-1 3.52791E-1 3.62422E-1 4.17498E-1 4.05963E-1 5.46518E-1 5.65703E-1 5.42051E-1 4.77636E-1 4.68567E-1 2.19515E-1 2.02342E-1 2.01333E-1 2.81556E-1 1.46429E-1 2.27369E-1 3.16724E-1 2.54762E-1 3.94453E-1 1.29762E-1 3.56978E-1 3.20047E-1 3.72208E-1 2.57249E-1 1.96748E-1 3.08512E-1 2.93866E-1 2.27196E-1 2.13586E-1 2.44253E-1 2.75994E-1 2.1815E-1 2.07093E-1 2.11549E-1 2.23577E-1 2.55369E-1 2.18676E-1 2.49323E-1 1.76493E-1 2.68935E-1 2.39454E-1 1.69065E-1 2.91046E-1 2.13606E-1 1.78296E-1 2.30087E-1 2.48095E-1 2.54599E-1 3.29511E-1 1.8413E-1 1.438E-1 2.00706E-1 2.16635E-1 1.07288E-1 2.9424E-1 3.49238E-1 3.59167E-1 3.76051E-1 3.72636E-1
4.71775E-1 4.97733E-1 4.9489E-1 4.9248E-1 4.91155E-1 4.64359E-1 4.00142E-1 3.47875E-1 3.25504E-1 4.69392E-1 4.95011E-1 5.21909E-1 3.4716E-1 3.31203E-1 3.7854E-1 3.64562E-1 5.06117E-1 4.26768E-1 5.57494E-1 6.00922E-1 5.53837E-1 4.52162E-1 4.721E-1 3.7704E-1 2.19304E-1 1.92847E-1 2.00904E-1 2.70471E-1 2.68494E-1 1.97916E-1 3.8296E-1 3.95236E-1 1.54519E-1 2.65321E-1 4.04406E-1 4.07055E-1 3.99933E-1 1.65853E-1 1.8542E-1 2.66247E-1 2.8729E-1 2.56837E-1 2.58198E-1 2.37381E-1 2.24134E-1 2.20736E-1 2.03176E-1 2.50066E-1 1.91774E-1 2.67745E-1 2.57001E-1 2.76531E-1 2.4337E-1 1.67666E-1 2.08768E-1 2.46959E-1 2.57497E-1 1.70075E-1 2.01511E-1 2.35952E-1 3.16177E-1 2.15957E-1 2.39606E-1 1.42341E-1 1.70645E-1 2.16073E-1 2.36683E-1 1.30187E-1 2.69029E-1 2.27364E-1 3.27795E-1 3.7558E-1
3.77802E-1 4.24908E-1 4.91684E-1 4.95353E-1 4.90713E-1 4.95504E-1 3.57156E-1 3.32115E-1 2.88263E-1 3.32769E-1 3.45982E-1 4.62652E-1 4.04572E-1 4.13452E-1 4.43797E-1 3.88735E-1 5.27449E-1 5.63203E-1 5.86068E-1 5.83172E-1 4.68528E-1 3.94117E-1 3.92466E-1 3.91432E-1 3.07327E-1 3.4571E-1 2.37977E-1 1.84729E-1 2.4788E-1 2.92486E-1 3.70462E-1 4.7641E-1 2.06172E-1 5.16772E-1 4.74011E-1 4.72886E-1 3.91345E-1 1.76375E-1 1.27443E-1 1.12172E-1 9.68884E-2 1.05532E-1 1.22494E-1 1.17798E-1 1.67879E-1 2.01013E-1 2.16738E-1 2.53078E-1 1.45513E-1 1.92575E-1 2.84142E-1 2.34229E-1 2.48443E-1 2.58586E-1 2.40037E-1 2.36892E-1 2.50492E-1 2.543E-1 2.61858E-1 3.0708E-1 1.92385E-1 1.4266E-1 1.99437E-1 1.57112E-1 1.37013E-1 1.76606E-1 2.14914E-1 1.14467E-1 2.40784E-1 2.8344E-1 3.19387E-1 3.90423E-1
3.2344E-1 3.80505E-1 4.59554E-1 5.02737E-1 4.92561E-1 4.48183E-1 3.4808E-1 3.67762E-1 3.78734E-1 4.70972E-1 4.73368E-1 4.05137E-1 5.12798E-1 4.85777E-1 4.94432E-1 5.10373E-1 5.30568E-1 5.96626E-1 5.89547E-1 5.3125E-1 4.69881E-1 3.93041E-1 3.92794E-1 3.91663E-1 3.91517E-1 4.52949E-1 4.34692E-1 2.38838E-1 3.74294E-1 3.58921E-1 3.85707E-1 5.48184E-1 3.05342E-1 5.33672E-1 5.89924E-1 3.34987E-1 2.4096E-1 1.28566E-1 1.12901E-1 1.46084E-1 1.80777E-1 1.65427E-1 1.50806E-1 1.70576E-1 1.12535E-1 2.41578E-1 2.47175E-1 1.92132E-1 2.51692E-1 1.96656E-1 2.56189E-1 2.21375E-1 2.44215E-1 2.30266E-1 2.4866E-1 2.48164E-1 2.36648E-1 2.27593E-1 2.26727E-1 2.25675E-1 1.36764E-1 1.4179E-1 2.41608E-1 2.23072E-1 1.68924E-1 1.42745E-1 1.66502E-1 1.34873E-1 2.68646E-1 3.03323E-1 3.27807E-1 3.73705E-1
3.21117E-1 3.39864E-1 4.14771E-1 4.78439E-1 4.87091E-1 4.42934E-1 4.14881E-1 4.63949E-1 4.80741E-1 4.93693E-1 5.20559E-1 5.20876E-1 4.83691E-1 5.30478E-1 5.65462E-1 5.34769E-1 5.54067E-1 5.82711E-1 5.77253E-1 5.49491E-1 4.70065E-1 4.71659E-1 4.7141E-1 4.71634E-1 4.6913E-1 4.6977E-1 5.53343E-1 3.60256E-1 2.94294E-1 5.68682E-1 4.00752E-1 5.30131E-1 5.54923E-1 5.3442E-1 5.78303E-1 3.22807E-1 2.8558E-1 1.69668E-1 1.08185E-1 1.23215E-1 1.45112E-1 1.18011E-1 1.44305E-1 1.09718E-1 7.52117E-2 2.6211E-1 2.00363E-1 2.44332E-1 2.25663E-1 2.38105E-1 2.10858E-1 2.24069E-1 2.4178E-1 2.46453E-1 2.79066E-1 2.37326E-1 2.38338E-1 2.39162E-1 2.39194E-1 2.32876E-1 1.53613E-1 1.30311E-1 1.65097E-1 2.46076E-1 2.69694E-1 1.46979E-1 1.33414E-1 1.54277E-1 1.31903E-1 2.09878E-1 3.07215E-1 3.08596E-1
4.41727E-1 4.0331E-1 4.26136E-1 4.51537E-1 4.999E-1 4.79867E-1 4.88254E-1 4.72788E-1 4.69444E-1 5.07007E-1 5.36282E-1 5.40889E-1 5.35674E-1 5.57358E-1 5.56728E-1 5.69664E-1 5.68893E-1 5.81268E-1 5.96491E-1 5.50173E-1 5.56459E-1 4.741E-1 4.73811E-1 5.54711E-1 5.56627E-1 4.68006E-1 5.53895E-1 3.89761E-1 4.3468E-1 3.4466E-1 3.31103E-1 5.91102E-1 6.07896E-1 5.10392E-1 5.07126E-1 4.22302E-1 4.86786E-1 2.60359E-1 9.30779E-2 6.02226E-2 7.01856E-2 4.56056E-2 3.98929E-2 4.97464E-2 1.31229E-1 2.74423E-1 1.42018E-1 1.59249E-1 1.13571E-1 1.82287E-1 1.84389E-1 2.14869E-1 2.82018E-1 2.65434E-1 2.81525E-1 2.47839E-1 2.50003E-1 2.52124E-1 2.31343E-1 2.14004E-1 2.02306E-1 1.77485E-1 1.39363E-1 2.20234E-1 2.50835E-1 1.67785E-1 1.24657E-1 1.23638E-1 1.30189E-1 1.75882E-1 2.68606E-1 2.56734E-1
4.82175E-1 4.46399E-1 3.99636E-1 4.58008E-1 4.8096E-1 4.80999E-1 4.93119E-1 4.74632E-1 5.06827E-1 5.31105E-1 5.36674E-1 5.48653E-1 5.46794E-1 5.5474E-1 5.57508E-1 5.70362E-1 5.70062E-1 5.84206E-1 5.97354E-1 5.33506E-1 5.586E-1 5.60543E-1 5.62746E-1 5.58053E-1 5.57102E-1 5.5278E-1 6.12688E-1 3.90381E-1 3.76151E-1 2.19496E-1 3.33697E-1 5.92955E-1 6.07841E-1 5.64974E-1 6.03668E-1 4.08297E-1 5.03589E-1 4.04931E-1 1.11667E-1 4.98937E-2 6.82165E-2 6.22941E-2 1.65649E-1 6.10996E-2 6.57895E-2 1.48515E-1 1.71815E-1 7.26185E-2 8.37564E-2 9.84305E-2 1.54427E-1 2.59038E-1 2.94258E-1 2.89753E-1 2.75453E-1 2.71343E-1 2.11381E-1 2.70006E-1 2.49343E-1 2.56664E-1 2.10951E-1 1.97569E-1 2.17855E-1 1.97542E-1 2.4927E-1 2.40137E-1 1.55986E-1 1.17807E-1 1.3904E-1 1.63604E-1 2.49278E-1 1.11521E-1
4.38971E-1 4.30284E-1 3.95146E-1 3.67652E-1 3.95654E-1 4.9375E-1 5.1077E-1 5.11434E-1 4.51641E-1 5.29984E-1 5.36478E-1 5.42809E-1 5.55719E-1 5.59456E-1 5.65525E-1 5.89389E-1 5.96344E-1 6.03052E-1 5.75013E-1 5.81625E-1 6.10363E-1 5.60189E-1 5.44159E-1 6.13285E-1 6.13927E-1 6.26102E-1 6.28536E-1 5.55207E-1 3.47275E-1 3.6016E-1 3.33985E-1 5.90352E-1 6.06734E-1 6.02978E-1 6.10687E-1 5.23652E-1 5.05643E-1 5.20696E-1 2.19198E-1 6.51264E-2 1.44476E-1 3.2154E-1 9.60227E-2 7.8596E-2 3.88097E-2 1.05603E-1 2.87683E-1 1.24119E-1 9.20691E-2 1.13747E-1 1.06517E-1 2.61445E-1 3.02594E-1 2.90768E-1 2.39688E-1 2.42775E-1 2.53715E-1 2.3322E-1 2.04054E-1 2.59485E-1 2.08781E-1 1.53678E-1 1.85925E-1 1.87998E-1 2.14872E-1 2.44322E-1 1.38913E-1 1.16234E-1 1.26554E-1 2.06822E-1 1.21046E-1 7.81571E-2
4.70468E-1 4.66839E-1 4.6436E-1 4.28496E-1 4.45766E-1 4.48713E-1 5.16162E-1 5.11208E-1 5.18703E-1 5.24981E-1 5.28527E-1 5.38594E-1 5.51018E-1 5.59676E-1 5.90469E-1 5.95098E-1 6.01517E-1 5.98767E-1 6.08025E-1 6.14603E-1 6.12888E-1 5.95241E-1 6.12571E-1 6.27447E-1 6.28647E-1 6.33164E-1 6.3636E-1 6.28034E-1 5.52141E-1 4.0452E-1 2.95283E-1 5.49164E-1 6.20229E-1 6.41011E-1 6.19563E-1 5.96081E-1 3.66452E-1 4.21162E-1 2.94874E-1 1.47706E-1 2.51995E-1 3.64897E-1 3.56203E-2 2.22081E-2 3.92221E-2 2.56912E-1 3.15066E-1 6.18406E-2 1.56609E-1 9.4194E-2 1.11293E-1 2.88349E-1 2.97678E-1 2.03885E-1 2.06862E-1 2.1409E-1 2.74305E-1 2.27838E-1 2.10831E-1 2.16816E-1 2.47508E-1 1.95211E-1 2.05878E-1 1.73262E-1 2.00238E-1 1.85184E-1 1.521E-1 1.24718E-1 1.50808E-1 1.9835E-1 1.20977E-1 9.91998E-2
4.61606E-1 4.56834E-1 4.5771E-1 4.5878E-1 4.66166E-1 4.72251E-1 5.04532E-1 5.11615E-1 5.0611E-1 5.20619E-1 5.33654E-1 5.41057E-1 5.71638E-1 5.76469E-1 5.87889E-1 5.96409E-1 6.09819E-1 6.1493E-1 6.23236E-1 6.31271E-1 6.1794E-1 6.25802E-1 6.34949E-1 6.3597E-1 6.42495E-1 6.42582E-1 6.34505E-1 6.41493E-1 6.33374E-1 5.34399E-1 4.99217E-1 4.78268E-1 6.02933E-1 6.60396E-1 6.3945E-1 6.04772E-1 5.44544E-1 3.65496E-1 3.76969E-1 3.61912E-1 4.37547E-1 2.41517E-1 3.91389E-2 2.46479E-2 2.66386E-2 1.3576E-1 3.27162E-1 8.27392E-2 2.11459E-1 6.00714E-2 9.19973E-2 2.95611E-1 1.66875E-1 1.55513E-1 2.57153E-1 1.94374E-1 2.09386E-1 1.64079E-1 1.92107E-1 2.66704E-1 2.65935E-1 2.2016E-1 1.76445E-1 1.73214E-1 1.59712E-1 2.289E-1 1.01092E-1 1.51567E-1 1.81822E-1 1.4263E-1 2.34477E-1 1.00326E-1
4.64372E-1 4.62411E-1 4.64041E-1 4.6623E-1 4.85733E-1 4.93975E-1 5.01564E-1 5.08463E-1 5.1372E-1 5.46895E-1 5.52276E-1 5.3895E-1 5.64417E-1 5.74938E-1 5.68447E-1 5.93399E-1 6.05471E-1 6.18177E-1 6.24204E-1 6.24496E-1 6.31076E-1 6.34026E-1 6.32062E-1 6.43059E-1 6.42124E-1 6.58811E-1 6.45798E-1 6.69453E-1 6.62708E-1 6.24301E-1 5.30834E-1 5.55565E-1 5.41467E-1 6.2974E-1 6.53358E-1 6.13544E-1 5.42636E-1 2.43398E-1 4.43916E-1 3.76073E-1 2.48579E-1 1.15954E-1 4.03816E-2 2.60658E-2 4.34753E-2 2.31854E-1 3.28365E-1 2.68749E-1 1.0539E-1 6.82943E-2 9.99588E-2 1.16104E-1 9.7184E-2 2.56789E-1 2.70747E-1 1.77796E-1 3.12142E-1 1.84149E-1 1.86378E-1 2.1021E-1 2.74937E-1 1.71963E-1 1.70127E-1 2.45505E-1 1.69493E-1 2.11302E-1 1.25672E-1 1.78258E-1 1.28224E-1 1.93579E-1 2.42956E-1 1.32528E-1
4.62267E-1 4.65973E-1 4.84411E-1 4.85319E-1 4.9415E-1 5.00025E-1 5.00679E-1 5.06338E-1 5.16516E-1 5.55713E-1 5.5814E-1 5.58599E-1 5.61976E-1 5.67629E-1 5.81133E-1 5.92627E-1 6.29217E-1 5.97697E-1 6.21078E-1 6.24295E-1 6.51521E-1 6.3345E-1 6.32813E-1 6.4008E-1 6.64517E-1 6.64486E-1 6.63963E-1 6.66606E-1 6.64569E-1 6.50173E-1 5.61107E-1 5.87242E-1 5.14538E-1 6.01327E-1 6.40146E-1 6.14083E-1 4.42928E-1 3.67444E-1 5.37938E-1 4.43228E-1 2.19714E-1 1.01904E-1 5.43562E-2 3.55327E-2 2.87426E-2 5.75739E-2 3.01779E-1 3.53087E-1 1.84259E-1 1.50066E-1 7.08915E-2 6.86146E-2 1.00753E-1 1.24959E-1 3.23499E-1 1.83547E-1 1.82386E-1 1.76261E-1 1.61673E-1 1.90745E-1 1.94932E-1 2.03986E-1 2.71562E-1 1.95356E-1 1.71511E-1 1.36697E-1 1.22943E-1 1.47612E-1 1.37186E-1 1.72695E-1 2.47664E-1 1.513E-1
4.82789E-1 4.86086E-1 4.85941E-1 4.95495E-1 4.97244E-1 4.87033E-1 5.04138E-1 5.30244E-1 5.20361E-1 5.52909E-1 5.49622E-1 5.67798E-1 5.66776E-1 6.02026E-1 5.73761E-1 5.912E-1 6.23356E-1 6.40152E-1 6.12365E-1 6.18973E-1 6.58583E-1 6.60674E-1 6.59778E-1 6.66468E-1 6.6502E-1 6.59282E-1 6.59811E-1 6.65863E-1 6.87583E-1 6.56788E-1 5.87971E-1 6.0746E-1 5.80102E-1 5.99965E-1 6.86167E-1 6.25374E-1 5.45973E-1 3.01099E-1 5.26238E-1 2.53337E-1 1.35457E-1 1.14277E-1 5.16988E-2 3.45546E-2 3.53834E-2 9.08027E-2 3.05527E-1 3.46821E-1 3.44222E-1 2.94111E-1 1.25562E-1 7.24964E-2 5.31274E-2 1.71417E-1 2.95246E-1 1.904E-1 2.21517E-1 1.16539E-1 2.01477E-1 1.48125E-1 1.76061E-1 2.15037E-1 2.7882E-1 1.15644E-1 1.50104E-1 1.46473E-1 1.52318E-1 1.50544E-1 1.61019E-1 1.30488E-1 2.25888E-1 1.58878E-1
4.93337E-1 4.86209E-1 4.86636E-1 5.20126E-1 5.0387E-1 5.25456E-1 5.3204E-1 5.27653E-1 5.47629E-1 5.43359E-1 5.5938E-1 5.64017E-1 5.85322E-1 5.96949E-1 -9999 -9999 -9999 6.41174E-1 6.37823E-1 6.37047E-1 6.50675E-1 6.57793E-1 6.59231E-1 6.64696E-1 6.57054E-1 6.62291E-1 6.62347E-1 6.62311E-1 6.8737E-1 6.78503E-1 6.00838E-1 6.02902E-1 6.38039E-1 6.14933E-1 6.99488E-1 6.49089E-1 5.50479E-1 3.89849E-1 4.38878E-1 2.64969E-1 2.26751E-1 2.71864E-1 1.25722E-1 1.84426E-1 8.08623E-2 1.00025E-1 2.89484E-1 3.54153E-1 3.65408E-1 1.93432E-1 1.99904E-1 7.41578E-2 2.40347E-1 3.39493E-1 3.63007E-1 2.80577E-1 1.69176E-1 1.38805E-1 1.7609E-1 1.77924E-1 1.49763E-1 2.85413E-1 2.3441E-1 1.26592E-1 1.23976E-1 1.57668E-1 1.54924E-1 1.76952E-1 2.41103E-1 1.25914E-1 2.30493E-1 2.84683E-1
4.82519E-1 4.97046E-1 5.15639E-1 5.21089E-1 5.24129E-1 5.24492E-1 5.32108E-1 5.36877E-1 5.43655E-1 5.30003E-1 5.5524E-1 5.72145E-1 -9999 -9999 -9999 -9999 -9999 -9999 -9999 6.66166E-1 6.42799E-1 6.44806E-1 6.5618E-1 6.58223E-1 6.65066E-1 6.64185E-1 6.63134E-1 6.62435E-1 6.90424E-1 6.84027E-1 6.30254E-1 6.33486E-1 6.52624E-1 6.28945E-1 6.55879E-1 6.74961E-1 5.80811E-1 4.35127E-1 4.11881E-1 4.09753E-1 3.80606E-1 3.57854E-1 3.7474E-1 1.26093E-1 6.99901E-2 1.3519E-1 2.79296E-1 3.59178E-1 3.82702E-1 3.81075E-1 3.33909E-1 1.25665E-1 3.72483E-1 2.35332E-1 2.89771E-1 4.08299E-1 2.08079E-1 1.51473E-1 1.18875E-1 1.27493E-1 2.44107E-1 2.81169E-1 1.35787E-1 1.78511E-1 1.79308E-1 1.96975E-1 2.6744E-1 2.53787E-1 1.72832E-1 1.85624E-1 2.49532E-1 2.23112E-1
5.13214E-1 5.12693E-1 5.15216E-1 5.1371E-1 5.31074E-1 5.22176E-1 5.32378E-1 -9999 5.65896E-1 5.70422E-1 5.87605E-1 5.8611E-1 5.99376E-1 -9999 -9999 -9999 -9999 -9999 -9999 -9999 6.60921E-1 6.67914E-1 6.69334E-1 6.51782E-1 6.90425E-1 6.84668E-1 6.87592E-1 6.82711E-1 6.83198E-1 6.90709E-1 6.85812E-1 6.70301E-1 6.45488E-1 6.3942E-1 6.80373E-1 6.7429E-1 6.08234E-1 5.82834E-1 4.90161E-1 3.93445E-1 4.07398E-1 3.62732E-1 3.832E-1 2.8495E-1 2.83345E-1 3.09598E-1 1.43948E-1 3.21503E-1 3.74038E-1 4.0898E-1 4.33185E-1 4.79849E-1 2.39661E-1 1.03911E-1 2.75051E-1 3.73652E-1 2.75302E-1 2.61749E-1 1.98944E-1 1.78183E-1 3.29488E-1 3.08124E-1 1.42284E-1 1.67473E-1 2.61115E-1 2.94331E-1 2.777E-1 2.38693E-1 1.49103E-1 2.35862E-1 1.85163E-1 1.88363E-1
-9999 -9999 5.47371E-1 5.46139E-1 5.50929E-1 5.48904E-1 5.65578E-1 -9999 -9999 -9999 -9999 6.18426E-1 6.21525E-1 -9999 -9999 -9999 -9999 -9999 -9999 -9999 -9999 -9999 6.98901E-1 6.79016E-1 6.74199E-1 6.77088E-1 7.04105E-1 6.77827E-1 7.07452E-1 6.87717E-1 6.80827E-1 6.52322E-1 6.31474E-1 6.32053E-1 6.68648E-1 6.91279E-1 6.82426E-1 6.48704E-1 6.00352E-1 3.73047E-1 4.37915E-1 5.1272E-1 4.34984E-1 3.56779E-1 3.19037E-1 3.5341E-1 3.05207E-1 2.89256E-1 3.59281E-1 3.74006E-1 4.16702E-1 3.7218E-1 9.89626E-2 1.43172E-1 2.51407E-1 3.12834E-1 2.21446E-1 1.78777E-1 1.65617E-1 2.639E-1 3.75193E-1 3.69122E-1 3.37612E-1 3.21116E-1 3.18842E-1 2.84432E-1 2.47375E-1 2.32085E-1 2.20991E-1 1.70186E-1 1.75765E-1 2.50472E-1
-9999 -9999 -9999 -9999 -9999 -9999 -9999 -9999 -9999 -9999 -9999 -9999 -9999 -9999 -9999 -9999 -9999 -9999 -9999 -9999 -9999 -9999 -9999 -9999 7.01092E-1 -9999 -9999 7.01755E-1 7.0653E-1 7.05409E-1 7.04718E-1 6.93585E-1 6.43822E-1 6.53666E-1 7.00032E-1 6.85734E-1 6.80553E-1 6.74608E-1 5.87332E-1 4.4405E-1 5.22445E-1 5.52099E-1 6.27713E-1 5.09747E-1 4.26703E-1 3.33848E-1 3.53944E-1 3.85172E-1 3.26403E-1 3.99395E-1 1.25789E-1 4.62193E-1 2.0576E-1 1.49046E-1 3.34724E-1 2.29296E-1 1.94734E-1 1.91572E-1 1.80193E-1 2.3716E-1 3.23347E-1 4.10914E-1 3.81014E-1 3.21909E-1 2.84638E-1 2.19235E-1 2.16063E-1 1.99457E-1 1.80387E-1 2.05984E-1 2.25022E-1 2.27386E-1
-9999 -9999 -9999 -9999 -9999 -9999 -9999 -9999 -9999 -9999 -9999 -9999 -9999 -9999 -9999 -9999 -9999 -9999 -9999 -9999 -9999 -9999 -9999 -9999 -9999 -9999 -9999 -9999 -9999 -9999 -9999 -9999 7.18349E-1 6.91296E-1 6.99736E-1 6.69684E-1 6.67403E-1 6.61252E-1 6.56559E-1 5.08276E-1 6.70837E-1 6.88682E-1 6.78331E-1 6.6922E-1 5.82854E-1 3.7986E-1 3.54105E-1 5.01202E-1 4.54771E-1 4.74536E-1 2.782E-1 5.07979E-1 2.31951E-1 2.11379E-1 2.88797E-1 1.45556E-1 2.19799E-1 2.93532E-1 1.7802E-1 2.19484E-1 3.85234E-1 4.64337E-1 3.82704E-1 3.41396E-1 2.70381E-1 1.99674E-1 2.01493E-1 1.9631E-1 2.09145E-1 1.93389E-1 1.86072E-1 1.80055E-1
-9999 -9999 -9999 -9999 -9999 -9999 -9999 -9999 -9999 -9999 -9999 -9999 -9999 -9999 -9999 -9999 -9999 -9999 -9999 -9999 -9999 -9999 -9999 -9999 -9999 -9999 -9999 -9999 -9999 -9999 -9999 -9999 -9999 7.16252E-1 7.17887E-1 6.94821E-1 7.17136E-1 6.95137E-1 6.91966E-1 6.43817E-1 6.99796E-1 6.98508E-1 6.90726E-1 6.36653E-1 6.34049E-1 5.70517E-1 5.40387E-1 6.0781E-1 5.83534E-1 5.74357E-1 4.43852E-1 1.78715E-1 3.49999E-1 2.40002E-1 1.7329E-1 1.69656E-1 2.95148E-1 4.02439E-1 1.91877E-1 2.55962E-1 4.10071E-1 4.78853E-1 4.12026E-1 3.64657E-1 3.28415E-1 2.10636E-1 1.98118E-1 1.98271E-1 2.08519E-1 1.71917E-1 1.6967E-1 1.37699E-1
-9999 -9999 -9999 -9999 -9999 -9999 -9999 -9999 -9999 -9999 -9999 -9999 -9999 -9999 -9999 -9999 -9999 -9999 -9999 -9999 -9999 -9999 -9999 -9999 -9999 -9999 -9999 -9999 -9999 -9999 -9999 -9999 -9999 -9999 -9999 -9999 -9999 -9999 -9999 7.05373E-1 7.0678E-1 7.11313E-1 6.62572E-1 6.18848E-1 6.04601E-1 6.26148E-1 6.22218E-1 5.97321E-1 5.87946E-1 5.30368E-1 3.00306E-1 2.41532E-1 2.50995E-1 1.98154E-1 1.85139E-1 1.81624E-1 4.0019E-1 5.05492E-1 2.13313E-1 2.51178E-1 4.03894E-1 5.07365E-1 4.35254E-1 3.95364E-1 3.13537E-1 2.09767E-1 2.34013E-1 1.90959E-1 1.6906E-1 1.63449E-1 1.62772E-1 1.57637E-1
-9999 -9999 -9999 -9999 -9999 -9999 -9999 -9999 -9999 -9999 -9999 -9999 -9999 -9999 -9999 -9999 -9999 -9999 -9999 -9999 -9999 -9999 -9999 -9999 -9999 -9999 -9999 -9999 -9999 -9999 -9999 -9999 -9999 -9999 -9999 -9999 -9999 -9999 -9999 -9999 -9999 -9999 -9999 5.84802E-1 6.35398E-1 6.61202E-1 6.67418E-1 6.42771E-1 5.66019E-1 2.55727E-1 2.05306E-1 2.02788E-1 1.67293E-1 2.00752E-1 1.96543E-1 2.23166E-1 4.98532E-1 5.44027E-1 4.11302E-1 2.99177E-1 3.95032E-1 4.80993E-1 3.71883E-1 3.77768E-1 3.12408E-1 2.4015E-1 2.31121E-1 2.28092E-1 1.81787E-1 2.1707E-1 1.75619E-1 1.67718E-1
-9999 -9999 -9999 -9999 -9999 -9999 -9999 -9999 -9999 -9999 -9999 -9999 -9999 -9999 -9999 -9999 -9999 -9999 -9999 -9999 -9999 -9999 -9999 -9999 -9999 -9999 -9999 -9999 -9999 -9999 -9999 -9999 -9999 -9999 -9999 -9999 -9999 -9999 -9999 -9999 -9999 -9999 -9999 -9999 6.82946E-1 6.79816E-1 6.63119E-1 5.89411E-1 3.30367E-1 2.15366E-1 2.13814E-1 2.11397E-1 1.66419E-1 2.09907E-1 2.04298E-1 2.3105E-1 5.8405E-1 5.45885E-1 4.77144E-1 3.59375E-1 5.01734E-1 4.03609E-1 3.41781E-1 2.90852E-1 3.42278E-1 3.19416E-1 3.05653E-1 2.56974E-1 2.08285E-1 2.47359E-1 1.9098E-1 1.71311E-1
-9999 -9999 -9999 -9999 -9999 -9999 -9999 -9999 -9999 -9999 -9999 -9999 -9999 -9999 -9999 -9999 -9999 -9999 -9999 -9999 -9999 -9999 -9999 -9999 -9999 -9999 -9999 -9999 -9999 -9999 -9999 -9999 -9999 -9999 -9999 -9999 -9999 -9999 -9999 -9999 -9999 -9999 -9999 -9999 -9999 -9999 -9999 -9999 -9999 2.14481E-1 2.14019E-1 2.12311E-1 2.09003E-1 2.08193E-1 2.57573E-1 2.81429E-1 4.44324E-1 4.91136E-1 5.36594E-1 4.05835E-1 4.58669E-1 3.8042E-1 3.12567E-1 2.80957E-1 3.51035E-1 2.86885E-1 3.00159E-1 2.66253E-1 2.58496E-1 2.67738E-1 2.18975E-1 1.71602E-1
-9999 -9999 -9999 -9999 -9999 -9999 -9999 -9999 -9999 -9999 -9999 -9999 -9999 -9999 -9999 -9999 -9999 -9999 -9999 -9999 -9999 -9999 -9999 -9999 -9999 -9999 -9999 -9999 -9999 -9999 -9999 -9999 -9999 -9999 -9999 -9999 -9999 -9999 -9999 -9999 -9999 -9999 -9999 -9999 -9999 -9999 -9999 -9999 -9999 -9999 2.14074E-1 2.12308E-1 2.61848E-1 2.55841E-1 3.79448E-1 3.4958E-1 4.06965E-1 5.44241E-1 5.94377E-1 3.7751E-1 3.86753E-1 3.56808E-1 3.21891E-1 2.86835E-1 3.27346E-1 2.96349E-1 2.82069E-1 2.88121E-1 2.82732E-1 2.45693E-1 1.91101E-1 1.65878E-1
-9999 -9999 -9999 -9999 -9999 -9999 -9999 -9999 -9999 -9999 -9999 -9999 -9999 -9999 -9999 -9999 -9999 -9999 -9999 -9999 -9999 -9999 -9999 -9999 -9999 -9999 -9999 -9999 -9999 -9999 -9999 -9999 -9999 -9999 -9999 -9999 -9999 -9999 -9999 -9999 -9999 -9999 -9999 -9999 -9999 -9999 -9999 -9999 -9999 -9999 2.23319E-1 2.63641E-1 3.22841E-1 3.79936E-1 5.35805E-1 5.01038E-1 5.46551E-1 5.79569E-1 6.22741E-1 4.48519E-1 3.8717E-1 3.57889E-1 3.19026E-1 2.94226E-1 3.03524E-1 3.50153E-1 2.70673E-1 2.27525E-1 2.33945E-1 1.92629E-1 2.13274E-1 1.88853E-1
-9999 -9999 -9999 -9999 -9999 -9999 -9999 -9999 -9999 -9999 -9999 -9999 -9999 -9999 -9999 -9999 -9999 -9999 -9999 -9999 -9999 -9999 -9999 -9999 -9999 -9999 -9999 -9999 -9999 -9999 -9999 -9999 -9999 -9999 -9999 -9999 -9999 -9999 -9999 -9999 -9999 -9999 -9999 -9999 -9999 -9999 -9999 -9999 -9999 -9999 -9999 3.36898E-1 3.91575E-1 4.66324E-1 5.85851E-1 5.87299E-1 5.6128E-1 5.7256E-1 6.30971E-1 5.05138E-1 4.2997E-1 3.46418E-1 2.8437E-1 3.08751E-1 3.77571E-1 3.05768E-1 2.15859E-1 2.36826E-1 2.53893E-1 1.9803E-1 2.35067E-1 2.11571E-1
-9999 -9999 -9999 -9999 -9999 -9999 -9999 -9999 -9999 -9999 -9999 -9999 -9999 -9999 -9999 -9999 -9999 -9999 -9999 -9999 -9999 -9999 -9999 -9999 -9999 -9999 -9999 -9999 -9999 -9999 -9999 -9999 -9999 -9999 -9999 -9999 -9999 -9999 -9999 -9999 -9999 -9999 -9999 -9999 -9999 -9999 -9999 -9999 -9999 -9999 -9999 -9999 4.67995E-1 6.25669E-1 6.28575E-1 6.03184E-1 5.40173E-1 5.86478E-1 5.71102E-1 6.25146E-1 5.03756E-1 4.16791E-1 3.94905E-1 4.00156E-1 3.92963E-1 3.21331E-1 2.56876E-1 2.88173E-1 2.85244E-1 2.25601E-1 2.43277E-1 2.51138E-1
