Artocarpus altilis SDM files/MIS19/results (without bias file)/Artalt_1.asc
ncols         1201
nrows         481
xllcorner     119.99986351115
yllcorner     -15.00013828885
cellsize      0.041666667
NODATA_value  -9999
[rows 224 to 255 of 481, columns 576 to 647 of 1201]
8.24249E-1 8.27154E-1 8.27463E-1 8.3192E-1 8.25917E-1 8.26226E-1 8.25296E-1 8.27007E-1 8.22181E-1 8.20301E-1 8.19043E-1 8.17149E-1 8.36725E-1 8.34609E-1 8.39992E-1 8.23709E-1 8.25674E-1 7.62698E-1 7.99888E-1 7.59132E-1 7.07347E-1 7.23654E-1 7.12371E-1 7.81983E-1 8.14561E-1 -9999 -9999 -9999 -9999 -9999 -9999 -9999 -9999 -9999 -9999 -9999 -9999 -9999 -9999 -9999 -9999 -9999 -9999 -9999 -9999 -9999 -9999 -9999 -9999 -9999 -9999 -9999 -9999 -9999 -9999 -9999 -9999 -9999 -9999 -9999 -9999 -9999 -9999 -9999 -9999 -9999 -9999 -9999 -9999 -9999 -9999 -9999
8.26226E-1 8.25607E-1 8.24675E-1 8.25607E-1 8.29164E-1 8.25296E-1 8.26078E-1 8.24216E-1 8.20929E-1 8.18728E-1 8.20151E-1 8.20151E-1 8.20779E-1 8.21093E-1 8.25264E-1 8.21835E-1 8.32264E-1 7.65948E-1 7.54606E-1 7.2567E-1 6.75866E-1 6.28412E-1 6.66838E-1 6.90562E-1 7.51596E-1 7.81052E-1 8.20438E-1 -9999 -9999 -9999 -9999 -9999 -9999 -9999 -9999 -9999 -9999 -9999 -9999 -9999 -9999 -9999 -9999 -9999 -9999 -9999 -9999 -9999 -9999 -9999 -9999 -9999 -9999 -9999 -9999 -9999 -9999 -9999 -9999 -9999 -9999 -9999 -9999 -9999 -9999 -9999 -9999 -9999 -9999 -9999 -9999 -9999
8.12263E-1 8.09054E-1 8.25917E-1 8.24364E-1 8.27624E-1 8.27316E-1 8.25458E-1 8.25148E-1 8.23904E-1 8.23593E-1 8.21093E-1 8.25884E-1 8.2402E-1 8.19837E-1 8.19522E-1 8.16365E-1 8.23186E-1 6.88305E-1 7.54832E-1 7.3281E-1 6.43941E-1 5.56934E-1 6.5019E-1 6.98693E-1 6.5392E-1 6.19909E-1 6.10802E-1 7.9466E-1 8.21057E-1 7.98398E-1 8.21221E-1 7.88094E-1 6.58067E-1 -9999 -9999 -9999 -9999 -9999 -9999 -9999 -9999 -9999 -9999 -9999 -9999 -9999 -9999 -9999 -9999 -9999 -9999 -9999 -9999 -9999 -9999 -9999 -9999 -9999 -9999 -9999 -9999 -9999 -9999 -9999 -9999 -9999 -9999 -9999 -9999 -9999 -9999 -9999
8.03707E-1 8.04032E-1 8.02729E-1 8.06796E-1 8.27316E-1 8.15733E-1 8.08578E-1 8.12868E-1 8.13825E-1 8.10306E-1 8.23281E-1 8.2743E-1 8.21489E-1 8.01765E-1 7.94357E-1 8.16365E-1 8.01887E-1 7.83503E-1 7.58516E-1 7.50736E-1 6.72253E-1 4.92909E-1 5.65529E-1 6.76831E-1 6.77314E-1 4.77638E-1 4.32323E-1 5.00055E-1 5.83922E-1 7.39381E-1 8.00534E-1 7.2608E-1 7.14302E-1 6.59561E-1 -9999 -9999 -9999 -9999 -9999 -9999 -9999 -9999 -9999 -9999 -9999 -9999 -9999 -9999 -9999 -9999 -9999 -9999 -9999 -9999 -9999 -9999 -9999 -9999 -9999 -9999 -9999 -9999 -9999 -9999 -9999 -9999 -9999 -9999 -9999 -9999 -9999 -9999
8.00271E-1 7.97973E-1 8.1396E-1 8.26388E-1 8.15415E-1 8.08901E-1 8.08578E-1 8.07611E-1 8.07934E-1 8.04696E-1 8.08054E-1 8.08698E-1 8.1387E-1 7.82513E-1 7.90862E-1 7.93694E-1 8.00231E-1 7.75464E-1 7.76527E-1 7.37032E-1 6.82239E-1 5.77577E-1 4.90189E-1 6.5985E-1 6.63946E-1 5.13755E-1 3.9932E-1 4.55328E-1 6.22268E-1 6.40007E-1 7.40637E-1 7.50861E-1 7.7813E-1 7.28467E-1 5.61704E-1 -9999 -9999 -9999 -9999 -9999 -9999 -9999 -9999 -9999 -9999 -9999 -9999 -9999 -9999 -9999 -9999 -9999 -9999 -9999 -9999 -9999 -9999 -9999 -9999 -9999 -9999 -9999 -9999 -9999 -9999 -9999 -9999 -9999 -9999 -9999 -9999 -9999
8.00442E-1 7.97644E-1 8.00442E-1 8.21242E-1 8.09544E-1 8.04527E-1 8.029E-1 8.06641E-1 8.00941E-1 8.08698E-1 8.1536E-1 8.06762E-1 8.03901E-1 7.94589E-1 7.9496E-1 7.92367E-1 7.91722E-1 7.66176E-1 7.66524E-1 7.4043E-1 7.13373E-1 6.89812E-1 6.21002E-1 6.38764E-1 6.97514E-1 6.20716E-1 4.72715E-1 5.30762E-1 4.5778E-1 5.0158E-1 4.42181E-1 4.65539E-1 5.57535E-1 6.15889E-1 5.00291E-1 5.58761E-1 -9999 -9999 -9999 -9999 -9999 -9999 -9999 -9999 -9999 -9999 3.98631E-1 3.28657E-1 1.11707E-1 -9999 -9999 -9999 -9999 -9999 -9999 -9999 -9999 -9999 -9999 -9999 -9999 -9999 -9999 -9999 -9999 -9999 -9999 -9999 -9999 -9999 -9999 -9999
7.94673E-1 8.0077E-1 8.03877E-1 8.04202E-1 8.03551E-1 8.03551E-1 8.01594E-1 8.09985E-1 8.03396E-1 8.08376E-1 7.97845E-1 8.0319E-1 7.90636E-1 7.87087E-1 7.86081E-1 7.89635E-1 7.7532E-1 7.79617E-1 7.46464E-1 7.52471E-1 7.28414E-1 6.38962E-1 6.99722E-1 7.2675E-1 6.90053E-1 4.61352E-1 5.83988E-1 5.28319E-1 4.3427E-1 3.73627E-1 3.49801E-1 5.33182E-1 6.48967E-1 7.16291E-1 5.71306E-1 5.36164E-1 4.6681E-1 3.2546E-1 -9999 -9999 -9999 -9999 -9999 -9999 -9999 4.01916E-1 7.47916E-1 5.60432E-1 2.67045E-1 1.1789E-1 -9999 -9999 -9999 -9999 -9999 -9999 -9999 -9999 -9999 -9999 -9999 -9999 -9999 -9999 -9999 -9999 -9999 -9999 -9999 -9999 -9999 -9999
7.9368E-1 7.98474E-1 7.98145E-1 7.9368E-1 7.98145E-1 8.01594E-1 8.06965E-1 8.09342E-1 8.01291E-1 8.06337E-1 8.02619E-1 7.97455E-1 7.68708E-1 7.53961E-1 7.74377E-1 7.71499E-1 7.4148E-1 7.68967E-1 7.37287E-1 7.4584E-1 7.39529E-1 7.14211E-1 7.3136E-1 7.36414E-1 4.70371E-1 4.22773E-1 4.32022E-1 4.29248E-1 3.86191E-1 3.71481E-1 4.91197E-1 4.80638E-1 5.44546E-1 5.37805E-1 6.03406E-1 3.62249E-1 5.32016E-1 5.10092E-1 -9999 -9999 -9999 -9999 -9999 -9999 -9999 7.04525E-1 4.17476E-1 1.89094E-1 2.07912E-1 3.3444E-1 -9999 -9999 -9999 -9999 -9999 -9999 -9999 -9999 -9999 -9999 -9999 -9999 -9999 -9999 -9999 -9999 -9999 -9999 -9999 -9999 -9999 -9999
7.704E-1 7.92684E-1 7.93348E-1 7.96168E-1 8.13489E-1 8.16516E-1 8.04696E-1 8.06094E-1 7.95472E-1 7.96546E-1 7.94782E-1 7.8594E-1 7.52143E-1 7.66584E-1 7.67449E-1 7.60679E-1 7.57185E-1 7.56048E-1 7.34913E-1 7.39615E-1 7.31645E-1 7.50706E-1 7.38912E-1 6.83966E-1 6.37516E-1 4.78876E-1 3.95976E-1 3.24121E-1 3.4587E-1 3.78484E-1 3.16345E-1 3.20047E-1 2.74728E-1 3.14018E-1 4.1956E-1 5.20923E-1 3.28734E-1 7.12142E-1 5.45575E-1 -9999 -9999 -9999 -9999 -9999 -9999 7.70294E-1 3.04241E-1 1.21942E-1 2.23436E-1 5.45678E-1 -9999 -9999 -9999 -9999 -9999 -9999 -9999 -9999 -9999 -9999 -9999 -9999 -9999 -9999 -9999 -9999 -9999 -9999 -9999 -9999 -9999 -9999
7.71431E-1 7.70056E-1 7.96498E-1 8.01594E-1 8.02418E-1 8.03721E-1 8.08376E-1 8.26351E-1 7.93235E-1 7.88317E-1 7.76825E-1 7.55921E-1 7.49909E-1 7.32687E-1 7.36902E-1 7.25184E-1 7.46881E-1 7.40838E-1 7.45286E-1 7.29522E-1 7.35624E-1 7.20266E-1 6.93215E-1 6.75793E-1 6.33419E-1 5.89205E-1 3.9225E-1 4.03697E-1 3.74079E-1 2.9875E-1 2.77154E-1 1.41999E-1 1.84066E-1 2.09809E-1 1.37092E-1 1.43225E-1 3.3493E-1 7.18242E-1 5.40474E-1 3.82984E-1 -9999 -9999 -9999 -9999 -9999 7.56916E-1 3.22268E-1 6.95747E-2 4.90841E-1 3.21624E-1 -9999 -9999 -9999 -9999 -9999 -9999 -9999 -9999 -9999 -9999 -9999 -9999 -9999 -9999 -9999 -9999 -9999 -9999 -9999 -9999 -9999 -9999
7.69711E-1 7.94011E-1 8.06318E-1 7.90212E-1 7.90879E-1 8.07085E-1 8.01047E-1 8.06977E-1 7.96985E-1 8.00028E-1 7.889E-1 7.70341E-1 7.62411E-1 7.33913E-1 7.31218E-1 7.13947E-1 7.41218E-1 7.37203E-1 7.33776E-1 7.414E-1 7.24189E-1 6.96941E-1 6.74308E-1 6.46112E-1 6.84273E-1 6.52036E-1 4.61137E-1 4.00117E-1 3.63529E-1 3.22058E-1 2.8208E-1 1.37214E-1 3.05704E-1 3.2277E-1 2.75517E-1 3.20696E-1 3.52302E-1 5.17478E-1 6.11537E-1 4.48901E-1 3.86635E-1 -9999 -9999 -9999 -9999 5.78136E-1 2.28964E-1 3.36682E-1 4.49191E-1 2.03064E-1 -9999 -9999 -9999 -9999 -9999 -9999 -9999 -9999 -9999 -9999 -9999 -9999 -9999 -9999 -9999 -9999 -9999 -9999 -9999 -9999 -9999 -9999
7.5885E-1 7.82188E-1 7.96788E-1 7.61944E-1 7.779E-1 7.73697E-1 7.8365E-1 7.77482E-1 7.82936E-1 7.8014E-1 7.35675E-1 7.14825E-1 7.32477E-1 7.25868E-1 7.18072E-1 7.06968E-1 7.03697E-1 7.21615E-1 7.34067E-1 7.33197E-1 7.15077E-1 7.17841E-1 6.95583E-1 6.77708E-1 6.97702E-1 6.8358E-1 5.89393E-1 3.88299E-1 4.12127E-1 4.04314E-1 3.36483E-1 2.05123E-1 2.27717E-1 2.43905E-1 3.55514E-1 2.52214E-1 2.16381E-1 2.78906E-1 5.30922E-1 5.65902E-1 4.9208E-1 3.78151E-1 -9999 -9999 -9999 2.52782E-1 1.53662E-1 1.98324E-1 -9999 -9999 -9999 -9999 3.61878E-1 5.7151E-1 1.32742E-1 -9999 -9999 -9999 -9999 -9999 -9999 -9999 -9999 -9999 -9999 -9999 -9999 -9999 -9999 -9999 -9999 -9999
7.55017E-1 7.72837E-1 7.81947E-1 7.44102E-1 7.62615E-1 7.78251E-1 7.60125E-1 7.63519E-1 7.58637E-1 7.47757E-1 7.00143E-1 6.88609E-1 6.83801E-1 7.23376E-1 7.08584E-1 6.84133E-1 7.27373E-1 7.1604E-1 7.15346E-1 7.24817E-1 7.02724E-1 6.96991E-1 6.89766E-1 6.6807E-1 6.81193E-1 6.22114E-1 6.51541E-1 5.79545E-1 4.83063E-1 4.24889E-1 3.67343E-1 3.31426E-1 2.51546E-1 1.70122E-1 2.26214E-1 3.14171E-1 1.31719E-1 3.25754E-1 4.50658E-1 3.14894E-1 4.15533E-1 5.88142E-1 5.19989E-1 -9999 -9999 -9999 -9999 -9999 -9999 -9999 -9999 -9999 3.59227E-1 3.96721E-1 1.42362E-1 -9999 -9999 -9999 -9999 -9999 -9999 -9999 -9999 -9999 -9999 -9999 -9999 -9999 -9999 -9999 -9999 -9999
6.33532E-1 6.70441E-1 6.58902E-1 7.16538E-1 5.96083E-1 5.69594E-1 5.35992E-1 6.20298E-1 7.36101E-1 7.12092E-1 6.83021E-1 6.69172E-1 6.62384E-1 6.69762E-1 6.99103E-1 6.81814E-1 7.19102E-1 7.14642E-1 6.82896E-1 7.10571E-1 6.84695E-1 6.87641E-1 7.0316E-1 6.57427E-1 6.69898E-1 6.36185E-1 6.64558E-1 6.1992E-1 5.65364E-1 4.45462E-1 3.72127E-1 3.6251E-1 1.94191E-1 3.38313E-1 1.77503E-1 1.30897E-1 1.77147E-1 3.59683E-1 2.49571E-1 3.35566E-1 5.93555E-1 4.48026E-1 6.60071E-1 4.91903E-1 -9999 -9999 -9999 -9999 -9999 -9999 -9999 -9999 -9999 -9999 -9999 -9999 -9999 -9999 -9999 -9999 -9999 -9999 -9999 -9999 -9999 -9999 -9999 -9999 -9999 -9999 -9999 -9999
5.24901E-1 4.62752E-1 4.98079E-1 5.32102E-1 5.25577E-1 4.76821E-1 3.75857E-1 3.99631E-1 5.16018E-1 6.79594E-1 6.68213E-1 6.65953E-1 6.84689E-1 6.33493E-1 6.98858E-1 6.89506E-1 7.08006E-1 7.12182E-1 6.82927E-1 6.8225E-1 6.79127E-1 6.93396E-1 6.98531E-1 6.70173E-1 6.42222E-1 6.27838E-1 6.53233E-1 6.24923E-1 6.37495E-1 4.49896E-1 4.29134E-1 4.08951E-1 3.65659E-1 3.65642E-1 3.62391E-1 1.61426E-1 1.94706E-1 3.07314E-1 2.8916E-1 3.00896E-1 6.00278E-1 5.63794E-1 5.29331E-1 4.03579E-1 -9999 -9999 -9999 -9999 -9999 -9999 -9999 -9999 -9999 -9999 -9999 -9999 -9999 -9999 -9999 -9999 -9999 -9999 -9999 -9999 -9999 -9999 -9999 -9999 -9999 -9999 -9999 -9999
4.3934E-1 4.33794E-1 4.18662E-1 4.85482E-1 4.61344E-1 3.6919E-1 3.77949E-1 4.46254E-1 4.5055E-1 5.28868E-1 5.81099E-1 6.66305E-1 6.97165E-1 7.03728E-1 6.94495E-1 6.97476E-1 6.98703E-1 6.89256E-1 6.83885E-1 6.73699E-1 6.69323E-1 6.74855E-1 6.73367E-1 6.48714E-1 6.65616E-1 6.78563E-1 6.60453E-1 6.42032E-1 6.40415E-1 6.12375E-1 5.72908E-1 4.35062E-1 3.93266E-1 3.52442E-1 3.31588E-1 2.98738E-1 1.56788E-1 2.01385E-1 3.19997E-1 2.37595E-1 4.159E-1 6.58082E-1 6.05451E-1 -9999 -9999 -9999 -9999 -9999 -9999 -9999 -9999 -9999 -9999 -9999 -9999 -9999 -9999 -9999 -9999 -9999 -9999 -9999 -9999 -9999 -9999 -9999 -9999 -9999 -9999 -9999 -9999 -9999
3.30483E-1 2.8924E-1 3.42091E-1 3.87314E-1 4.63626E-1 3.65175E-1 3.33976E-1 3.42116E-1 3.59914E-1 4.49926E-1 4.00531E-1 5.13023E-1 6.97973E-1 6.9499E-1 6.91449E-1 6.83514E-1 6.84041E-1 6.54343E-1 6.56654E-1 6.36369E-1 6.36127E-1 6.43157E-1 6.74928E-1 6.60377E-1 6.55731E-1 6.62267E-1 6.78655E-1 6.50449E-1 6.53081E-1 6.61318E-1 5.93938E-1 5.56407E-1 4.82584E-1 3.98515E-1 3.73187E-1 3.63724E-1 2.83226E-1 1.89918E-1 3.00405E-1 2.33468E-1 4.87373E-1 6.06945E-1 6.64238E-1 5.00314E-1 -9999 -9999 -9999 -9999 -9999 -9999 -9999 -9999 -9999 -9999 -9999 -9999 -9999 -9999 -9999 -9999 -9999 -9999 -9999 -9999 -9999 -9999 -9999 -9999 -9999 -9999 -9999 -9999
4.3974E-1 2.93241E-1 2.71173E-1 2.32515E-1 2.87726E-1 3.11441E-1 2.38312E-1 2.34637E-1 2.76525E-1 3.57377E-1 3.52064E-1 3.82842E-1 4.24631E-1 5.45125E-1 6.56721E-1 6.55411E-1 6.71404E-1 6.77293E-1 6.23687E-1 5.92626E-1 6.08813E-1 6.06487E-1 6.39202E-1 6.23518E-1 5.83108E-1 6.33786E-1 6.32186E-1 6.67109E-1 6.79776E-1 6.57667E-1 5.99844E-1 5.83628E-1 6.00792E-1 5.30303E-1 3.80266E-1 3.4416E-1 3.29947E-1 3.14634E-1 2.33983E-1 3.07495E-1 3.66718E-1 5.64578E-1 6.50157E-1 5.63772E-1 -9999 -9999 -9999 -9999 -9999 -9999 -9999 -9999 -9999 -9999 -9999 -9999 -9999 -9999 -9999 -9999 -9999 -9999 -9999 -9999 -9999 -9999 -9999 -9999 -9999 -9999 -9999 -9999
4.68219E-1 4.46151E-1 4.40361E-1 2.69858E-1 2.488E-1 2.2534E-1 1.89814E-1 2.25742E-1 2.30101E-1 3.40248E-1 2.24208E-1 3.1146E-1 3.50031E-1 3.66878E-1 4.07639E-1 6.22408E-1 6.4748E-1 6.70848E-1 6.34216E-1 5.46687E-1 5.3251E-1 5.71147E-1 6.06717E-1 6.09859E-1 5.78366E-1 6.18515E-1 5.82631E-1 6.39393E-1 6.43432E-1 6.41935E-1 6.02479E-1 5.96223E-1 5.78432E-1 5.90262E-1 5.74894E-1 3.21313E-1 2.08446E-1 2.54865E-1 1.69651E-1 2.692E-1 3.1132E-1 4.7302E-1 6.36278E-1 5.50436E-1 -9999 -9999 -9999 -9999 -9999 -9999 -9999 -9999 -9999 -9999 -9999 -9999 -9999 -9999 -9999 -9999 -9999 -9999 -9999 -9999 -9999 -9999 -9999 -9999 -9999 -9999 -9999 -9999
3.96477E-1 4.15689E-1 4.25646E-1 4.59198E-1 3.78576E-1 2.11407E-1 2.46531E-1 2.48533E-1 2.27518E-1 2.07239E-1 2.40011E-1 2.50989E-1 2.467E-1 2.98973E-1 3.91899E-1 3.80827E-1 6.53717E-1 6.79439E-1 6.65536E-1 5.99529E-1 5.34437E-1 6.07935E-1 6.07476E-1 6.04485E-1 5.73081E-1 6.30598E-1 5.88586E-1 6.58521E-1 6.34068E-1 6.08096E-1 6.03513E-1 6.24413E-1 6.309E-1 6.27904E-1 5.54904E-1 5.5674E-1 3.76322E-1 3.98867E-1 3.43016E-1 3.13298E-1 2.99033E-1 4.58077E-1 6.2641E-1 5.43156E-1 -9999 -9999 -9999 -9999 -9999 -9999 -9999 -9999 -9999 -9999 -9999 -9999 -9999 -9999 -9999 -9999 -9999 -9999 -9999 -9999 -9999 -9999 -9999 -9999 -9999 -9999 5.77595E-1 5.11445E-1
3.87047E-1 3.85809E-1 4.17757E-1 4.29608E-1 2.92264E-1 3.05307E-1 3.51058E-1 2.37465E-1 2.07662E-1 1.77886E-1 2.39422E-1 1.92183E-1 1.64173E-1 2.51969E-1 2.91729E-1 2.61687E-1 3.77654E-1 6.5167E-1 6.34188E-1 6.28665E-1 5.94807E-1 5.24659E-1 5.47583E-1 5.86736E-1 5.5014E-1 6.33138E-1 5.94198E-1 5.85062E-1 6.25256E-1 6.05867E-1 5.75202E-1 5.94555E-1 6.23753E-1 5.8431E-1 6.0076E-1 6.31204E-1 5.88569E-1 3.93416E-1 2.72592E-1 2.22914E-1 3.11497E-1 4.49515E-1 5.70327E-1 5.88741E-1 -9999 -9999 -9999 -9999 -9999 -9999 -9999 -9999 -9999 -9999 -9999 -9999 -9999 -9999 -9999 -9999 -9999 -9999 -9999 -9999 -9999 -9999 -9999 -9999 -9999 -9999 6.71321E-1 3.01502E-1
4.05939E-1 4.41951E-1 4.23271E-1 4.4516E-1 4.32456E-1 4.31266E-1 3.49546E-1 2.75555E-1 2.32485E-1 2.47868E-1 2.49402E-1 1.72305E-1 1.70969E-1 1.72614E-1 1.85487E-1 1.83273E-1 3.03998E-1 4.50921E-1 5.82873E-1 6.36329E-1 6.35406E-1 5.95242E-1 5.366E-1 5.48592E-1 5.58858E-1 6.01573E-1 4.96167E-1 5.21978E-1 5.54332E-1 5.90466E-1 5.66608E-1 5.05971E-1 5.19355E-1 6.00192E-1 6.31739E-1 6.36794E-1 6.4824E-1 6.57556E-1 3.1393E-1 3.10963E-1 3.75098E-1 4.7931E-1 5.825E-1 5.84504E-1 5.18052E-1 -9999 -9999 -9999 -9999 -9999 -9999 -9999 -9999 -9999 -9999 -9999 -9999 -9999 -9999 -9999 -9999 -9999 -9999 -9999 -9999 -9999 -9999 -9999 -9999 -9999 -9999 -9999
3.70352E-1 4.11878E-1 3.81332E-1 4.0372E-1 4.33629E-1 4.64643E-1 4.60568E-1 3.40861E-1 3.71552E-1 3.31292E-1 2.69688E-1 2.16019E-1 1.53221E-1 1.64291E-1 2.48062E-1 3.04651E-1 3.28478E-1 3.46139E-1 4.85175E-1 6.05925E-1 6.40455E-1 6.2603E-1 6.28476E-1 5.28906E-1 4.94671E-1 5.40624E-1 5.07395E-1 4.65952E-1 5.32054E-1 5.9166E-1 5.72238E-1 5.30105E-1 6.03513E-1 5.68113E-1 6.18441E-1 6.36153E-1 5.74921E-1 6.12796E-1 6.20555E-1 3.49171E-1 4.19147E-1 5.74331E-1 5.94738E-1 5.75261E-1 -9999 -9999 -9999 -9999 -9999 -9999 -9999 -9999 -9999 -9999 -9999 -9999 -9999 -9999 -9999 -9999 -9999 -9999 -9999 -9999 -9999 -9999 -9999 -9999 -9999 -9999 -9999 4.10377E-1
2.98977E-1 3.28522E-1 3.04989E-1 3.21558E-1 3.80952E-1 4.35652E-1 4.59213E-1 4.49438E-1 3.85799E-1 3.20047E-1 2.37527E-1 2.04501E-1 1.96508E-1 2.01E-1 2.14632E-1 2.48913E-1 2.61766E-1 2.49431E-1 3.35974E-1 3.87268E-1 6.41362E-1 6.36523E-1 6.32583E-1 6.19382E-1 5.27958E-1 4.89402E-1 4.72395E-1 4.64331E-1 5.23756E-1 5.59851E-1 5.67243E-1 5.41142E-1 4.99893E-1 4.89353E-1 4.30343E-1 4.89502E-1 5.39185E-1 5.58323E-1 5.92851E-1 5.80795E-1 4.71483E-1 5.57169E-1 5.92881E-1 -9999 -9999 -9999 -9999 -9999 -9999 -9999 -9999 -9999 -9999 -9999 -9999 -9999 -9999 -9999 -9999 -9999 -9999 -9999 -9999 -9999 -9999 -9999 -9999 -9999 -9999 -9999 -9999 4.80265E-1
3.16039E-1 3.23598E-1 3.11161E-1 3.26072E-1 3.44472E-1 4.08654E-1 4.35751E-1 4.15984E-1 4.3965E-1 4.3618E-1 3.53815E-1 2.78534E-1 1.93278E-1 2.2446E-1 2.78946E-1 2.49529E-1 2.15983E-1 2.86582E-1 3.2212E-1 3.54097E-1 4.61834E-1 6.17445E-1 6.18499E-1 6.35866E-1 6.27157E-1 5.64681E-1 4.62902E-1 4.69629E-1 5.11382E-1 5.37701E-1 5.64293E-1 5.66746E-1 5.00663E-1 3.56471E-1 3.43074E-1 4.49433E-1 5.17055E-1 5.81752E-1 5.97359E-1 6.02395E-1 5.08753E-1 5.52302E-1 5.90493E-1 -9999 -9999 -9999 -9999 -9999 -9999 -9999 -9999 -9999 -9999 -9999 -9999 -9999 -9999 -9999 -9999 -9999 -9999 -9999 -9999 -9999 -9999 -9999 -9999 -9999 -9999 -9999 -9999 4.94086E-1
3.61579E-1 3.6737E-1 3.77763E-1 4.02558E-1 4.16624E-1 4.2768E-1 4.35751E-1 4.31201E-1 4.43135E-1 4.50486E-1 4.54804E-1 3.67637E-1 3.00436E-1 2.17368E-1 2.27693E-1 3.3659E-1 3.03566E-1 3.38144E-1 2.90331E-1 4.12414E-1 4.07021E-1 3.75692E-1 5.70427E-1 5.92223E-1 6.07372E-1 6.25935E-1 5.91422E-1 4.86793E-1 4.54837E-1 4.9351E-1 4.64091E-1 5.20201E-1 4.39175E-1 3.6365E-1 3.5058E-1 3.74874E-1 3.3285E-1 3.02559E-1 3.70905E-1 5.65662E-1 6.00524E-1 5.89369E-1 5.84932E-1 -9999 -9999 -9999 -9999 -9999 -9999 -9999 -9999 -9999 -9999 -9999 -9999 -9999 -9999 -9999 -9999 -9999 -9999 -9999 -9999 -9999 -9999 -9999 -9999 -9999 -9999 -9999 -9999 4.29078E-1
3.32273E-1 3.73224E-1 4.01301E-1 4.02342E-1 4.03457E-1 4.26803E-1 4.3283E-1 4.1019E-1 4.26037E-1 4.43439E-1 4.54019E-1 4.52089E-1 3.26463E-1 2.3209E-1 1.69866E-1 2.34026E-1 3.40766E-1 3.80937E-1 3.82677E-1 4.00795E-1 3.17835E-1 2.49953E-1 3.63977E-1 4.53329E-1 5.45163E-1 5.48198E-1 5.97277E-1 5.6533E-1 4.22967E-1 4.21331E-1 3.63599E-1 3.7387E-1 3.48656E-1 3.308E-1 2.88884E-1 2.93853E-1 2.66558E-1 3.86626E-1 4.6018E-1 5.00558E-1 5.55957E-1 5.81959E-1 -9999 -9999 -9999 -9999 -9999 -9999 -9999 -9999 -9999 -9999 -9999 -9999 -9999 -9999 -9999 -9999 -9999 -9999 -9999 -9999 -9999 -9999 -9999 -9999 -9999 -9999 -9999 -9999 -9999 -9999
3.47062E-1 3.8694E-1 3.82638E-1 3.06387E-1 3.30346E-1 3.87729E-1 4.11331E-1 3.15394E-1 3.44282E-1 4.06407E-1 4.26856E-1 4.348E-1 4.2235E-1 2.80098E-1 2.17724E-1 2.39362E-1 1.95197E-1 2.79594E-1 3.20406E-1 3.24928E-1 3.2706E-1 2.50823E-1 2.81977E-1 3.50084E-1 4.65352E-1 4.91537E-1 5.51389E-1 6.03063E-1 5.60067E-1 4.97938E-1 3.62875E-1 3.08314E-1 2.95383E-1 2.76006E-1 2.85348E-1 2.54877E-1 3.35804E-1 3.85964E-1 2.63348E-1 3.2063E-1 5.119E-1 5.92548E-1 -9999 -9999 -9999 -9999 -9999 -9999 -9999 -9999 -9999 -9999 -9999 -9999 -9999 -9999 -9999 -9999 -9999 -9999 -9999 -9999 -9999 -9999 -9999 -9999 -9999 -9999 -9999 -9999 -9999 -9999
3.56956E-1 3.56194E-1 3.40728E-1 3.40812E-1 3.08236E-1 3.33591E-1 3.30686E-1 2.88167E-1 3.44908E-1 4.06187E-1 3.80428E-1 4.163E-1 4.07272E-1 4.13019E-1 3.48213E-1 2.95927E-1 2.85369E-1 2.41717E-1 1.91554E-1 2.5887E-1 3.16481E-1 3.437E-1 2.95367E-1 3.09319E-1 3.94486E-1 4.47194E-1 5.41119E-1 5.994E-1 5.39728E-1 5.60526E-1 5.17276E-1 3.80132E-1 3.77287E-1 3.56566E-1 3.34544E-1 2.83292E-1 3.29134E-1 2.72013E-1 2.40949E-1 3.49141E-1 4.86326E-1 5.46832E-1 5.95727E-1 6.24561E-1 6.03578E-1 6.2877E-1 6.12284E-1 5.48871E-1 5.56598E-1 -9999 -9999 -9999 -9999 -9999 -9999 -9999 -9999 -9999 -9999 -9999 -9999 -9999 -9999 -9999 -9999 -9999 -9999 -9999 -9999 -9999 -9999 -9999
3.24441E-1 3.29171E-1 3.29974E-1 3.34628E-1 3.51534E-1 3.32473E-1 2.37616E-1 3.22593E-1 3.69121E-1 3.44351E-1 3.81015E-1 3.84618E-1 3.98575E-1 4.08499E-1 3.69172E-1 3.64561E-1 3.5584E-1 2.75078E-1 2.21992E-1 3.15935E-1 3.35694E-1 3.60655E-1 3.46164E-1 3.79156E-1 3.76938E-1 3.49811E-1 3.93356E-1 3.96439E-1 5.17911E-1 5.59955E-1 5.28646E-1 5.30765E-1 4.98112E-1 4.58228E-1 2.72111E-1 2.37216E-1 2.77241E-1 2.60829E-1 2.25488E-1 2.92152E-1 3.52803E-1 3.33747E-1 4.05832E-1 4.8835E-1 5.17217E-1 5.53049E-1 5.14764E-1 3.78404E-1 4.79924E-1 5.88641E-1 5.91648E-1 5.6696E-1 5.02462E-1 -9999 -9999 -9999 -9999 -9999 -9999 -9999 -9999 -9999 -9999 -9999 -9999 -9999 -9999 -9999 -9999 -9999 -9999 -9999
3.21521E-1 3.14936E-1 3.11636E-1 3.17965E-1 3.41492E-1 3.419E-1 2.42168E-1 2.89132E-1 3.15835E-1 3.10365E-1 3.28888E-1 3.199E-1 3.56039E-1 3.8384E-1 3.8928E-1 3.05933E-1 3.31771E-1 2.93767E-1 2.02891E-1 2.52126E-1 3.0924E-1 3.40993E-1 3.35448E-1 3.08433E-1 3.47315E-1 2.78171E-1 3.03889E-1 3.21106E-1 3.07612E-1 3.4045E-1 5.63422E-1 5.29724E-1 5.18875E-1 4.84725E-1 3.5679E-1 2.8607E-1 2.81061E-1 2.15627E-1 2.32275E-1 2.69668E-1 3.109E-1 2.75908E-1 3.07747E-1 3.01776E-1 3.05457E-1 3.4776E-1 3.23641E-1 2.90068E-1 2.90006E-1 3.33608E-1 3.04805E-1 4.89232E-1 5.75228E-1 6.14017E-1 5.8897E-1 6.14604E-1 6.00114E-1 -9999 -9999 -9999 -9999 -9999 -9999 -9999 -9999 -9999 -9999 -9999 -9999 -9999 -9999 -9999
3.02787E-1 2.86012E-1 2.97238E-1 2.78163E-1 3.31365E-1 3.36558E-1 3.24918E-1 2.51947E-1 2.50419E-1 2.56182E-1 3.01161E-1 2.84131E-1 3.23406E-1 3.6069E-1 3.59341E-1 3.34731E-1 2.80362E-1 3.15693E-1 1.90553E-1 2.50346E-1 2.93666E-1 2.66803E-1 3.3767E-1 2.45961E-1 2.6967E-1 2.86823E-1 2.89545E-1 2.71818E-1 2.89778E-1 3.45343E-1 4.7579E-1 5.46274E-1 5.18452E-1 4.85856E-1 4.65609E-1 3.01E-1 2.49323E-1 2.73753E-1 2.22952E-1 2.78658E-1 3.08444E-1 2.64341E-1 2.95124E-1 2.75539E-1 2.70754E-1 2.7004E-1 2.52658E-1 2.64685E-1 2.62618E-1 2.60176E-1 1.91202E-1 2.7768E-1 3.42446E-1 4.8175E-1 5.63597E-1 5.41653E-1 6.21255E-1 6.31812E-1 6.43942E-1 6.13168E-1 -9999 -9999 -9999 -9999 -9999 -9999 -9999 -9999 -9999 -9999 -9999 -9999
