Artocarpus altilis SDM files/MIS19/results (without bias file)/Artalt_stddev.asc
ncols         1201
nrows         481
xllcorner     119.99986351115
yllcorner     -15.00013828885
cellsize      0.041666667
NODATA_value  -9999
[rows 416 to 447 of 481, columns 216 to 287 of 1201]
-9999 -9999 -9999 -9999 -9999 -9999 -9999 -9999 -9999 -9999 -9999 -9999 -9999 -9999 -9999 -9999 -9999 -9999 -9999 -9999 -9999 -9999 -9999 -9999 -9999 -9999 -9999 -9999 -9999 -9999 -9999 -9999 -9999 -9999 -9999 -9999 -9999 -9999 -9999 -9999 -9999 -9999 -9999 -9999 -9999 2.60566E-3 -9999 -9999 1.97441E-3 1.99727E-3 2.15734E-3 2.18191E-3 2.12682E-3 2.01372E-3 1.95645E-3 1.55137E-3 1.54405E-3 1.49007E-3 1.48274E-3 1.43648E-3 1.3373E-3 1.36692E-3 1.26718E-3 1.25012E-3 1.24994E-3 1.23295E-3 1.22175E-3 1.10665E-3 1.33937E-3 1.17583E-3 1.26331E-3 1.04946E-3
-9999 -9999 -9999 -9999 -9999 -9999 -9999 -9999 -9999 -9999 -9999 -9999 -9999 -9999 -9999 -9999 -9999 -9999 -9999 -9999 -9999 -9999 -9999 -9999 -9999 -9999 -9999 -9999 -9999 -9999 -9999 -9999 -9999 -9999 -9999 -9999 -9999 -9999 -9999 -9999 -9999 -9999 -9999 -9999 2.35746E-3 2.51163E-3 2.39048E-3 2.2346E-3 2.04847E-3 1.90482E-3 1.83425E-3 1.98356E-3 2.21129E-3 2.0825E-3 1.63102E-3 1.48997E-3 1.41795E-3 1.36782E-3 1.31829E-3 1.21588E-3 1.27101E-3 1.25535E-3 1.21631E-3 1.21061E-3 1.11156E-3 1.10656E-3 1.10127E-3 1.00062E-3 1.2163E-3 1.11027E-3 1.01042E-3 9.73949E-4
-9999 -9999 -9999 -9999 -9999 -9999 -9999 -9999 -9999 -9999 -9999 -9999 -9999 -9999 -9999 -9999 -9999 -9999 -9999 -9999 -9999 -9999 -9999 -9999 -9999 -9999 -9999 -9999 -9999 -9999 -9999 -9999 -9999 -9999 -9999 -9999 -9999 4.75069E-3 4.03646E-3 4.93271E-3 3.98798E-3 -9999 -9999 2.76812E-3 2.40592E-3 2.58775E-3 2.32024E-3 2.29496E-3 2.17606E-3 1.95373E-3 1.71823E-3 1.63959E-3 2.08027E-3 1.95418E-3 1.53988E-3 1.39306E-3 1.33762E-3 1.2556E-3 1.13699E-3 1.30816E-3 1.18409E-3 1.14219E-3 1.12646E-3 1.1108E-3 1.05287E-3 1.03823E-3 9.39421E-4 1.05239E-3 1.13288E-3 1.01314E-3 9.08107E-4 8.56805E-4
-9999 -9999 -9999 -9999 -9999 -9999 -9999 -9999 -9999 -9999 -9999 -9999 -9999 -9999 -9999 -9999 -9999 -9999 -9999 -9999 -9999 -9999 -9999 -9999 -9999 -9999 -9999 -9999 -9999 -9999 -9999 -9999 -9999 -9999 5.772E-3 -9999 -9999 4.68849E-3 4.01438E-3 4.51889E-3 4.47487E-3 4.11496E-3 3.57903E-3 2.7149E-3 2.56546E-3 2.54084E-3 2.59931E-3 2.59201E-3 2.43641E-3 1.99426E-3 1.7371E-3 1.70481E-3 1.85282E-3 1.52014E-3 1.4581E-3 1.28982E-3 1.20017E-3 1.15221E-3 1.13678E-3 1.05491E-3 1.16939E-3 1.0721E-3 1.03398E-3 9.32915E-4 9.20449E-4 9.08107E-4 8.48197E-4 9.46498E-4 1.01396E-3 9.52915E-4 9.2139E-4 8.4881E-4
-9999 -9999 -9999 -9999 -9999 -9999 -9999 -9999 -9999 -9999 -9999 -9999 -9999 -9999 -9999 -9999 -9999 -9999 -9999 -9999 -9999 -9999 -9999 -9999 -9999 -9999 -9999 -9999 -9999 -9999 -9999 -9999 -9999 -9999 6.00145E-3 -9999 -9999 4.18285E-3 4.11484E-3 3.88725E-3 3.59237E-3 4.05028E-3 3.48423E-3 2.5274E-3 2.72347E-3 2.02027E-3 1.75104E-3 2.16661E-3 2.17915E-3 2.06122E-3 1.725E-3 1.9644E-3 1.74053E-3 1.37609E-3 1.30846E-3 1.20589E-3 1.18378E-3 1.13744E-3 1.10193E-3 1.00434E-3 1.21263E-3 1.00221E-3 9.75825E-4 9.63717E-4 8.88972E-4 8.60087E-4 7.93056E-4 8.95369E-4 9.48977E-4 9.24741E-4 8.30493E-4 8.31827E-4
-9999 -9999 -9999 -9999 -9999 -9999 -9999 -9999 -9999 -9999 -9999 -9999 -9999 -9999 -9999 -9999 -9999 -9999 -9999 -9999 -9999 -9999 -9999 -9999 -9999 -9999 -9999 -9999 -9999 -9999 -9999 -9999 -9999 5.95522E-3 5.52127E-3 -9999 -9999 3.93303E-3 4.30103E-3 4.31573E-3 4.2661E-3 3.61757E-3 3.39982E-3 2.57784E-3 2.20774E-3 1.98865E-3 1.76631E-3 1.8389E-3 1.71598E-3 2.11046E-3 1.75213E-3 1.87691E-3 1.76318E-3 1.34646E-3 1.18697E-3 1.22326E-3 1.09713E-3 1.087E-3 1.04835E-3 9.47958E-4 1.05985E-3 1.0886E-3 9.79073E-4 8.7503E-4 8.66455E-4 8.12291E-4 8.45887E-4 8.88815E-4 8.26849E-4 9.25922E-4 9.01936E-4 8.29869E-4
-9999 -9999 -9999 -9999 -9999 -9999 -9999 -9999 -9999 -9999 -9999 -9999 -9999 -9999 -9999 -9999 -9999 -9999 -9999 -9999 -9999 -9999 -9999 -9999 -9999 -9999 -9999 -9999 -9999 -9999 -9999 -9999 -9999 5.34488E-3 5.68463E-3 4.9498E-3 4.71167E-3 3.96137E-3 4.26834E-3 4.47729E-3 4.36368E-3 3.53906E-3 2.75994E-3 2.40197E-3 2.26178E-3 1.93684E-3 1.73087E-3 1.61661E-3 1.75876E-3 1.88809E-3 1.87257E-3 1.83018E-3 1.5987E-3 1.3635E-3 1.21757E-3 1.15838E-3 1.12835E-3 8.56158E-4 8.33664E-4 8.75194E-4 1.00288E-3 1.09309E-3 9.55587E-4 9.25894E-4 8.43391E-4 7.63432E-4 6.90546E-4 8.33245E-4 7.67748E-4 9.38268E-4 8.51112E-4 7.74714E-4
-9999 -9999 -9999 -9999 -9999 -9999 -9999 -9999 -9999 -9999 -9999 -9999 -9999 -9999 -9999 -9999 -9999 -9999 -9999 -9999 -9999 -9999 -9999 -9999 -9999 -9999 -9999 -9999 -9999 -9999 -9999 -9999 5.73683E-3 5.48106E-3 5.42613E-3 4.82045E-3 4.62231E-3 4.20709E-3 3.85249E-3 4.01527E-3 3.99345E-3 3.65685E-3 2.6694E-3 2.72589E-3 2.33392E-3 1.97472E-3 1.7622E-3 1.56242E-3 1.79057E-3 1.60226E-3 1.70501E-3 1.83136E-3 1.80809E-3 1.65193E-3 1.24242E-3 1.15194E-3 8.99815E-4 8.1987E-4 8.65312E-4 9.63709E-4 9.38045E-4 1.03369E-3 9.21746E-4 8.29861E-4 7.59611E-4 6.97343E-4 7.42454E-4 7.45779E-4 7.78324E-4 7.57306E-4 7.4472E-4 7.33228E-4
-9999 -9999 -9999 -9999 -9999 -9999 -9999 -9999 -9999 -9999 -9999 -9999 -9999 -9999 -9999 -9999 -9999 -9999 -9999 -9999 -9999 -9999 -9999 -9999 -9999 -9999 -9999 -9999 -9999 -9999 -9999 -9999 5.88946E-3 5.38117E-3 4.87118E-3 4.82965E-3 4.91548E-3 4.05855E-3 3.63558E-3 3.42233E-3 3.57467E-3 3.78597E-3 3.11247E-3 2.62645E-3 2.26303E-3 1.95906E-3 1.81368E-3 1.50516E-3 1.61174E-3 1.49904E-3 1.44601E-3 2.05492E-3 1.65448E-3 1.32768E-3 1.17469E-3 9.58089E-4 8.56823E-4 8.08187E-4 7.21864E-4 7.96706E-4 9.57138E-4 1.06111E-3 8.74069E-4 6.87546E-4 7.2206E-4 6.25459E-4 7.19484E-4 7.51362E-4 8.43799E-4 8.29643E-4 8.12481E-4 7.99749E-4
-9999 -9999 -9999 -9999 -9999 -9999 -9999 -9999 -9999 -9999 -9999 -9999 -9999 -9999 -9999 -9999 -9999 -9999 -9999 -9999 -9999 -9999 -9999 -9999 -9999 -9999 -9999 -9999 -9999 -9999 -9999 -9999 5.59843E-3 5.19553E-3 5.40321E-3 5.03014E-3 4.64295E-3 3.68527E-3 3.43908E-3 2.89915E-3 3.24586E-3 3.05906E-3 2.76967E-3 2.92987E-3 2.57924E-3 2.02429E-3 1.75289E-3 1.52813E-3 1.34238E-3 1.48295E-3 1.70979E-3 1.72425E-3 1.58323E-3 1.25342E-3 9.54805E-4 8.96249E-4 8.07523E-4 8.59056E-4 8.78092E-4 7.55222E-4 9.1043E-4 1.0091E-3 8.34258E-4 6.3272E-4 6.88319E-4 6.3545E-4 7.23698E-4 7.55226E-4 7.33158E-4 9.15704E-4 9.04587E-4 8.11022E-4
-9999 -9999 -9999 -9999 -9999 -9999 -9999 -9999 -9999 -9999 -9999 -9999 -9999 -9999 -9999 -9999 -9999 -9999 -9999 -9999 -9999 -9999 -9999 -9999 -9999 -9999 -9999 -9999 -9999 -9999 -9999 -9999 5.24567E-3 5.11225E-3 5.02069E-3 5.6721E-3 4.3596E-3 4.30265E-3 3.11744E-3 2.93513E-3 2.71155E-3 2.36602E-3 2.51251E-3 2.29859E-3 2.4568E-3 2.28111E-3 1.82326E-3 1.48602E-3 1.36757E-3 1.41104E-3 1.6268E-3 1.75889E-3 1.27029E-3 1.20592E-3 9.05363E-4 8.12346E-4 7.74473E-4 8.81226E-4 8.51978E-4 8.28946E-4 7.87194E-4 8.64282E-4 6.73189E-4 6.14995E-4 6.53368E-4 5.96576E-4 6.43789E-4 7.32546E-4 8.87091E-4 9.53434E-4 8.4108E-4 6.932E-4
-9999 -9999 -9999 -9999 -9999 -9999 -9999 -9999 -9999 -9999 -9999 -9999 -9999 -9999 -9999 -9999 -9999 -9999 -9999 -9999 -9999 -9999 -9999 -9999 -9999 -9999 -9999 -9999 -9999 -9999 -9999 -9999 4.97967E-3 4.68754E-3 4.8542E-3 5.06308E-3 4.30689E-3 4.23187E-3 3.90237E-3 3.34138E-3 3.02358E-3 2.57701E-3 2.40119E-3 2.22465E-3 2.56803E-3 2.20764E-3 1.76044E-3 1.48727E-3 1.51301E-3 1.40884E-3 1.65834E-3 1.53511E-3 1.34593E-3 1.04289E-3 9.18689E-4 7.83892E-4 7.84806E-4 7.17578E-4 7.6635E-4 9.78404E-4 8.15623E-4 7.82164E-4 6.33505E-4 5.80718E-4 5.3235E-4 5.70476E-4 6.57536E-4 7.48476E-4 7.88861E-4 7.00249E-4 6.77738E-4 6.28588E-4
-9999 -9999 -9999 -9999 -9999 -9999 -9999 -9999 -9999 -9999 -9999 -9999 -9999 -9999 -9999 -9999 -9999 -9999 -9999 -9999 -9999 -9999 -9999 -9999 -9999 -9999 -9999 -9999 -9999 -9999 -9999 -9999 4.96672E-3 4.9015E-3 5.04714E-3 5.33007E-3 4.27755E-3 4.09172E-3 3.67993E-3 3.22115E-3 2.92335E-3 2.87295E-3 2.85069E-3 2.63145E-3 2.64741E-3 2.11284E-3 1.81948E-3 1.83869E-3 1.95386E-3 1.82602E-3 1.83187E-3 1.47294E-3 1.17305E-3 9.27736E-4 8.46245E-4 8.05154E-4 7.54168E-4 6.89593E-4 8.69941E-4 9.51617E-4 9.87882E-4 8.09223E-4 6.44715E-4 5.50769E-4 6.04916E-4 8.15435E-4 6.71244E-4 7.15248E-4 7.58799E-4 7.88437E-4 6.09852E-4 6.95364E-4
-9999 -9999 -9999 -9999 -9999 -9999 -9999 -9999 -9999 -9999 -9999 -9999 -9999 -9999 -9999 -9999 -9999 -9999 -9999 -9999 -9999 -9999 -9999 -9999 -9999 -9999 -9999 -9999 -9999 -9999 -9999 -9999 4.95515E-3 4.75091E-3 4.69051E-3 4.634E-3 3.60292E-3 3.79263E-3 3.03361E-3 2.60499E-3 2.47626E-3 2.73608E-3 2.75828E-3 2.95694E-3 2.60948E-3 2.04551E-3 1.89544E-3 1.89923E-3 1.66132E-3 1.90369E-3 1.76256E-3 1.53001E-3 1.2064E-3 8.91161E-4 9.4254E-4 9.03674E-4 9.26474E-4 7.8678E-4 8.35388E-4 1.08855E-3 9.52308E-4 9.20347E-4 8.28558E-4 5.76692E-4 5.75185E-4 5.6329E-4 6.55115E-4 7.03727E-4 9.15524E-4 7.62132E-4 7.4049E-4 6.14278E-4
-9999 -9999 -9999 -9999 -9999 -9999 -9999 -9999 -9999 -9999 -9999 -9999 -9999 -9999 -9999 -9999 -9999 -9999 -9999 -9999 -9999 -9999 -9999 -9999 -9999 -9999 -9999 -9999 7.19572E-3 -9999 -9999 5.71974E-3 5.0902E-3 4.96111E-3 3.89174E-3 3.63676E-3 3.23411E-3 3.24116E-3 2.80907E-3 2.47499E-3 2.6865E-3 2.31218E-3 2.19034E-3 2.31019E-3 2.68574E-3 2.18193E-3 1.96713E-3 1.83505E-3 1.71707E-3 1.59057E-3 1.58262E-3 1.59377E-3 1.21302E-3 8.7101E-4 9.70325E-4 9.30549E-4 8.91702E-4 8.60893E-4 7.77785E-4 9.80502E-4 1.16723E-3 9.71264E-4 1.08681E-3 6.20755E-4 5.89388E-4 6.48717E-4 6.68163E-4 6.08241E-4 8.87887E-4 7.88331E-4 6.47713E-4 5.91755E-4
-9999 -9999 -9999 -9999 -9999 -9999 -9999 -9999 -9999 -9999 -9999 -9999 -9999 -9999 -9999 -9999 -9999 -9999 -9999 -9999 -9999 -9999 -9999 -9999 -9999 -9999 -9999 8.32588E-3 8.65097E-3 6.81714E-3 6.16637E-3 5.70574E-3 4.52121E-3 4.00179E-3 3.84845E-3 3.42946E-3 3.13953E-3 2.96342E-3 2.56825E-3 2.3239E-3 2.46503E-3 2.38552E-3 2.11869E-3 1.90584E-3 2.19552E-3 2.05466E-3 1.76068E-3 1.88739E-3 1.90678E-3 1.654E-3 1.91301E-3 2.08337E-3 1.42213E-3 9.53962E-4 8.47341E-4 7.82958E-4 8.59413E-4 7.83395E-4 8.97289E-4 1.01128E-3 9.50446E-4 1.02225E-3 9.56685E-4 7.10217E-4 6.48725E-4 5.56684E-4 5.42845E-4 6.42267E-4 8.61225E-4 7.54956E-4 6.85461E-4 5.67406E-4
-9999 -9999 -9999 -9999 -9999 -9999 -9999 -9999 -9999 -9999 -9999 -9999 -9999 -9999 -9999 -9999 -9999 -9999 -9999 -9999 -9999 -9999 -9999 -9999 -9999 -9999 -9999 8.21551E-3 7.83159E-3 6.82316E-3 6.18798E-3 5.5525E-3 4.43456E-3 3.91794E-3 3.68269E-3 3.25817E-3 3.0139E-3 2.74393E-3 2.47E-3 2.17852E-3 2.17203E-3 2.66847E-3 2.15507E-3 1.72073E-3 1.97866E-3 1.83191E-3 1.73468E-3 1.71335E-3 1.72191E-3 1.98847E-3 1.88361E-3 1.88525E-3 1.37558E-3 1.08432E-3 8.20907E-4 8.11935E-4 6.98808E-4 8.02172E-4 7.69623E-4 8.86109E-4 1.01726E-3 9.53535E-4 9.28891E-4 7.49044E-4 5.80197E-4 5.75857E-4 5.23196E-4 5.30152E-4 8.36465E-4 7.38679E-4 7.16699E-4 5.43121E-4
-9999 -9999 -9999 -9999 -9999 -9999 -9999 -9999 -9999 -9999 -9999 -9999 -9999 -9999 -9999 -9999 -9999 -9999 -9999 -9999 -9999 -9999 -9999 -9999 -9999 -9999 -9999 7.23149E-3 7.36237E-3 7.66006E-3 6.16462E-3 5.41956E-3 4.80032E-3 3.74112E-3 3.52855E-3 3.23587E-3 2.9399E-3 3.01241E-3 2.78908E-3 2.53842E-3 2.8234E-3 2.62274E-3 2.14607E-3 1.69938E-3 2.0415E-3 2.05889E-3 1.92122E-3 1.6668E-3 1.88971E-3 2.04582E-3 1.96309E-3 1.40612E-3 1.31302E-3 1.09862E-3 9.32713E-4 7.65138E-4 8.55646E-4 8.24572E-4 7.39642E-4 7.73541E-4 8.96922E-4 9.29655E-4 8.99662E-4 6.13661E-4 5.17311E-4 5.66462E-4 5.66293E-4 5.11135E-4 5.31632E-4 6.62525E-4 6.52445E-4 6.84421E-4
-9999 -9999 -9999 -9999 -9999 -9999 -9999 -9999 -9999 -9999 -9999 -9999 -9999 -9999 -9999 -9999 -9999 -9999 -9999 -9999 -9999 -9999 -9999 -9999 -9999 -9999 7.27558E-3 7.41024E-3 7.12761E-3 7.35867E-3 6.06233E-3 5.31264E-3 4.10826E-3 4.71652E-3 3.55256E-3 3.37746E-3 2.83109E-3 2.79101E-3 2.51309E-3 2.67593E-3 3.2693E-3 3.90663E-3 2.38188E-3 2.02586E-3 2.01924E-3 2.09659E-3 1.9805E-3 1.61845E-3 2.06872E-3 2.30436E-3 1.88817E-3 1.35753E-3 1.08163E-3 9.40275E-4 9.1951E-4 9.51093E-4 8.36362E-4 8.02389E-4 7.71037E-4 7.53255E-4 8.70494E-4 7.63679E-4 7.25377E-4 6.50185E-4 4.79312E-4 5.48157E-4 5.42688E-4 4.83521E-4 4.83279E-4 6.03301E-4 7.51734E-4 6.64142E-4
-9999 -9999 -9999 -9999 -9999 -9999 -9999 -9999 -9999 -9999 -9999 -9999 -9999 -9999 -9999 -9999 -9999 -9999 -9999 -9999 -9999 -9999 -9999 -9999 9.56091E-3 -9999 7.17016E-3 7.18421E-3 8.28381E-3 6.52957E-3 5.81789E-3 5.2721E-3 4.37947E-3 5.66542E-3 3.91009E-3 3.23616E-3 3.36619E-3 2.85817E-3 2.49474E-3 2.39256E-3 4.16182E-3 6.48938E-3 4.86582E-3 3.20997E-3 2.0758E-3 2.44503E-3 1.94113E-3 1.65893E-3 1.85731E-3 2.20957E-3 1.959E-3 1.32013E-3 1.08958E-3 9.42989E-4 9.06906E-4 9.36162E-4 8.72157E-4 7.36998E-4 9.11529E-4 7.48405E-4 8.53968E-4 7.90596E-4 7.1141E-4 5.32594E-4 5.71363E-4 5.25399E-4 5.18688E-4 4.65004E-4 5.04983E-4 5.92759E-4 6.60129E-4 6.4279E-4
-9999 -9999 -9999 -9999 -9999 -9999 -9999 -9999 -9999 -9999 -9999 -9999 -9999 -9999 -9999 -9999 -9999 -9999 -9999 -9999 -9999 -9999 -9999 -9999 9.2706E-3 9.79999E-3 6.93559E-3 7.02624E-3 7.48123E-3 5.86576E-3 5.79106E-3 5.1924E-3 3.91819E-3 3.55979E-3 3.55044E-3 3.37108E-3 2.62827E-3 2.42955E-3 2.09197E-3 2.07237E-3 3.19996E-3 7.13772E-3 9.24014E-3 6.53783E-3 3.13392E-3 2.6567E-3 2.13898E-3 1.98038E-3 1.9403E-3 2.02225E-3 1.50469E-3 1.29213E-3 1.04459E-3 9.20839E-4 8.76766E-4 9.02048E-4 8.63321E-4 7.64125E-4 7.36626E-4 8.07813E-4 1.06523E-3 7.22924E-4 6.56582E-4 6.43449E-4 5.73266E-4 5.18952E-4 4.99012E-4 4.87885E-4 5.29684E-4 5.13583E-4 5.12161E-4 5.87496E-4
-9999 -9999 -9999 -9999 -9999 -9999 -9999 -9999 -9999 -9999 -9999 -9999 -9999 -9999 -9999 -9999 -9999 -9999 -9999 -9999 -9999 -9999 -9999 -9999 9.29803E-3 8.55962E-3 7.26891E-3 6.53799E-3 5.86414E-3 5.64774E-3 5.09604E-3 4.28713E-3 3.73864E-3 3.29886E-3 2.95811E-3 2.63664E-3 2.5896E-3 2.33141E-3 1.99007E-3 1.81849E-3 2.04287E-3 3.46741E-3 7.93046E-3 8.51225E-3 5.79355E-3 3.02793E-3 2.38201E-3 2.19658E-3 1.96078E-3 1.6863E-3 1.70799E-3 1.23694E-3 9.5744E-4 9.04776E-4 1.01698E-3 8.28632E-4 9.29904E-4 9.54293E-4 7.10642E-4 8.33134E-4 8.19823E-4 7.9123E-4 7.60989E-4 7.44851E-4 5.51791E-4 5.05868E-4 6.10992E-4 6.84801E-4 6.16141E-4 5.56527E-4 6.47457E-4 6.28919E-4
-9999 -9999 -9999 -9999 -9999 -9999 -9999 -9999 -9999 -9999 -9999 -9999 -9999 -9999 -9999 -9999 -9999 -9999 -9999 -9999 -9999 -9999 -9999 -9999 -9999 7.62595E-3 7.23045E-3 -9999 5.75773E-3 5.13621E-3 4.79539E-3 4.27623E-3 3.31241E-3 3.12345E-3 2.90744E-3 2.56353E-3 2.37596E-3 2.39497E-3 2.04043E-3 1.77162E-3 1.62356E-3 2.08266E-3 4.46851E-3 6.94531E-3 4.07761E-3 2.99244E-3 2.80072E-3 2.32631E-3 1.91153E-3 1.63869E-3 1.38994E-3 1.1117E-3 1.07789E-3 9.66738E-4 9.94706E-4 7.98517E-4 1.01475E-3 9.39301E-4 8.5254E-4 8.25068E-4 7.9671E-4 9.10387E-4 8.90377E-4 7.80953E-4 5.52081E-4 7.26397E-4 1.35022E-3 7.18442E-4 6.54045E-4 5.74603E-4 5.75369E-4 6.01949E-4
-9999 -9999 -9999 -9999 -9999 -9999 -9999 -9999 -9999 -9999 -9999 -9999 -9999 -9999 -9999 -9999 -9999 -9999 -9999 -9999 -9999 -9999 -9999 -9999 -9999 -9999 -9999 -9999 -9999 4.878E-3 4.58451E-3 3.58828E-3 3.31276E-3 3.07686E-3 2.67945E-3 2.28221E-3 2.41545E-3 2.5032E-3 2.12202E-3 1.773E-3 1.5027E-3 1.43911E-3 1.96036E-3 2.67764E-3 2.19522E-3 2.71574E-3 3.15968E-3 2.24077E-3 1.80945E-3 1.485E-3 1.51579E-3 1.34402E-3 9.9443E-4 1.11573E-3 9.85272E-4 8.79555E-4 1.10496E-3 1.10067E-3 1.00365E-3 9.08315E-4 9.30642E-4 8.29908E-4 8.84661E-4 7.17946E-4 6.30922E-4 7.60615E-4 8.04234E-4 7.76003E-4 9.07409E-4 6.68437E-4 5.63608E-4 5.14841E-4
-9999 -9999 -9999 -9999 -9999 -9999 -9999 -9999 -9999 -9999 -9999 -9999 -9999 -9999 -9999 -9999 -9999 -9999 -9999 -9999 -9999 -9999 -9999 -9999 -9999 -9999 -9999 -9999 -9999 4.19593E-3 3.97565E-3 3.46721E-3 3.23967E-3 2.86701E-3 2.53427E-3 2.26589E-3 2.36106E-3 1.97729E-3 2.16869E-3 2.14524E-3 1.69748E-3 1.58345E-3 1.3026E-3 1.93182E-3 1.93368E-3 2.61893E-3 3.01092E-3 2.47537E-3 1.77508E-3 1.34167E-3 1.92669E-3 1.30102E-3 1.14934E-3 9.88243E-4 9.06481E-4 8.16436E-4 9.14212E-4 1.04604E-3 1.07156E-3 1.04223E-3 1.01682E-3 8.85617E-4 8.58501E-4 6.76885E-4 6.32904E-4 5.2033E-4 7.43501E-4 9.91276E-4 1.14147E-3 8.4355E-4 5.60523E-4 6.02673E-4
-9999 -9999 -9999 -9999 -9999 -9999 -9999 -9999 -9999 -9999 -9999 -9999 -9999 -9999 -9999 -9999 -9999 -9999 -9999 -9999 -9999 -9999 -9999 -9999 -9999 -9999 -9999 -9999 4.32088E-3 4.05054E-3 3.85889E-3 3.48024E-3 2.98862E-3 2.69501E-3 2.83211E-3 2.536E-3 2.43974E-3 2.37104E-3 2.11132E-3 2.21964E-3 2.05198E-3 1.84949E-3 1.33603E-3 1.63062E-3 2.05535E-3 2.57431E-3 2.58137E-3 1.82248E-3 1.60517E-3 1.48224E-3 3.7918E-3 1.74761E-3 1.33896E-3 1.07106E-3 1.04314E-3 9.18109E-4 8.84064E-4 9.49305E-4 1.15384E-3 1.13613E-3 1.37037E-3 8.54242E-4 1.00095E-3 8.2283E-4 5.83742E-4 5.27522E-4 6.19972E-4 1.06476E-3 1.32204E-3 6.37641E-4 6.10518E-4 5.28149E-4
-9999 -9999 -9999 -9999 -9999 -9999 -9999 -9999 -9999 -9999 -9999 -9999 -9999 -9999 -9999 -9999 -9999 -9999 -9999 -9999 -9999 -9999 -9999 -9999 -9999 -9999 -9999 -9999 5.19073E-3 4.81145E-3 3.74843E-3 3.43092E-3 2.9202E-3 2.62566E-3 2.44419E-3 2.00635E-3 2.06494E-3 2.25735E-3 2.39362E-3 2.18568E-3 2.28378E-3 1.79601E-3 1.47035E-3 1.9399E-3 3.15829E-3 3.15824E-3 2.79643E-3 1.88679E-3 1.69525E-3 1.39151E-3 3.29763E-3 3.24938E-3 1.30226E-3 1.25324E-3 1.10604E-3 9.09497E-4 8.92057E-4 8.58065E-4 9.74144E-4 1.30228E-3 1.20021E-3 9.42692E-4 9.16213E-4 8.89653E-4 7.27478E-4 6.45738E-4 6.05862E-4 1.0575E-3 1.41933E-3 8.18654E-4 6.16632E-4 5.18773E-4
-9999 -9999 -9999 -9999 -9999 -9999 -9999 -9999 -9999 -9999 -9999 -9999 -9999 -9999 -9999 -9999 -9999 -9999 -9999 -9999 -9999 1.24129E-2 -9999 -9999 -9999 -9999 5.86457E-3 4.94384E-3 5.1013E-3 4.60138E-3 3.82627E-3 3.25344E-3 2.93546E-3 2.4974E-3 2.34928E-3 1.87786E-3 1.93332E-3 2.19122E-3 1.74441E-3 1.95132E-3 1.81272E-3 1.63897E-3 1.38969E-3 1.62894E-3 2.68953E-3 3.60029E-3 2.48053E-3 1.82426E-3 1.66068E-3 1.73706E-3 2.01514E-3 3.96133E-3 2.13991E-3 2.06999E-3 1.61623E-3 1.04444E-3 9.47088E-4 9.88515E-4 1.21529E-3 1.49041E-3 8.701E-4 9.04158E-4 9.92319E-4 9.75008E-4 1.08181E-3 5.65027E-4 5.97159E-4 1.04459E-3 9.49971E-4 6.8347E-4 8.09564E-4 6.60116E-4
-9999 -9999 -9999 -9999 -9999 -9999 -9999 -9999 -9999 -9999 -9999 -9999 -9999 -9999 -9999 -9999 -9999 -9999 -9999 1.44831E-2 1.1988E-2 1.20997E-2 -9999 -9999 -9999 6.12502E-3 5.59912E-3 5.56927E-3 5.19868E-3 4.84042E-3 3.50124E-3 3.10481E-3 2.82969E-3 2.54519E-3 2.0943E-3 1.93142E-3 1.76143E-3 1.85173E-3 1.69975E-3 1.70323E-3 1.45342E-3 1.301E-3 1.37447E-3 1.17937E-3 1.70183E-3 2.63336E-3 2.17371E-3 1.87567E-3 1.65782E-3 1.74529E-3 1.5482E-3 2.63566E-3 2.32489E-3 4.04657E-3 2.01623E-3 1.0045E-3 9.94023E-4 8.85014E-4 1.01759E-3 1.06705E-3 1.08325E-3 1.01018E-3 1.06971E-3 1.01755E-3 9.77686E-4 7.35081E-4 5.89045E-4 1.02692E-3 9.93268E-4 7.51079E-4 8.05447E-4 8.30318E-4
-9999 -9999 -9999 -9999 -9999 -9999 -9999 -9999 -9999 -9999 -9999 -9999 -9999 -9999 -9999 -9999 -9999 -9999 -9999 1.32878E-2 1.1654E-2 1.07664E-2 1.10786E-2 8.51277E-3 7.30141E-3 6.36475E-3 5.83875E-3 5.35948E-3 5.57801E-3 4.59636E-3 3.81699E-3 3.52813E-3 2.71532E-3 2.37289E-3 2.0145E-3 1.90859E-3 1.70824E-3 1.5093E-3 1.86038E-3 1.64625E-3 1.1549E-3 1.14882E-3 1.20387E-3 1.27535E-3 1.37247E-3 1.69546E-3 1.70927E-3 1.6718E-3 1.784E-3 1.93651E-3 1.87997E-3 2.35529E-3 1.53811E-3 1.93152E-3 2.48832E-3 1.37493E-3 1.23022E-3 1.10657E-3 1.33747E-3 1.43544E-3 1.10882E-3 1.16869E-3 1.22907E-3 1.10308E-3 1.06549E-3 8.77324E-4 7.30101E-4 1.01699E-3 1.40298E-3 1.22983E-3 9.21423E-4 9.76539E-4
-9999 -9999 -9999 -9999 -9999 -9999 -9999 -9999 -9999 -9999 -9999 -9999 -9999 -9999 -9999 -9999 -9999 -9999 -9999 1.25808E-2 1.07354E-2 1.18023E-2 1.14323E-2 8.75701E-3 7.35236E-3 6.2324E-3 5.69288E-3 4.53907E-3 4.97653E-3 4.67069E-3 3.85452E-3 3.00027E-3 2.64772E-3 2.43237E-3 2.14116E-3 1.91694E-3 1.70575E-3 1.44676E-3 1.39899E-3 1.27458E-3 1.07506E-3 1.11692E-3 1.09211E-3 1.54904E-3 1.57563E-3 1.34635E-3 1.39149E-3 1.61558E-3 1.50411E-3 1.62357E-3 1.58116E-3 2.53904E-3 1.38809E-3 1.19606E-3 2.05098E-3 1.63734E-3 1.53809E-3 1.14815E-3 1.45396E-3 2.16092E-3 1.63138E-3 1.74672E-3 1.57148E-3 1.99361E-3 1.62583E-3 8.7225E-4 1.20667E-3 9.91375E-4 1.54593E-3 1.65459E-3 1.7516E-3 1.28562E-3
-9999 -9999 -9999 -9999 -9999 -9999 -9999 -9999 -9999 -9999 -9999 -9999 -9999 -9999 -9999 -9999 -9999 -9999 -9999 1.14803E-2 1.0342E-2 1.15877E-2 1.1921E-2 9.53685E-3 7.09446E-3 6.08956E-3 5.27396E-3 4.71626E-3 4.38644E-3 4.68334E-3 4.28466E-3 3.47728E-3 2.53739E-3 2.28071E-3 2.04972E-3 1.82181E-3 1.69294E-3 1.4762E-3 1.16515E-3 1.0413E-3 9.87067E-4 1.06053E-3 1.24496E-3 1.8109E-3 1.44964E-3 1.44278E-3 1.48041E-3 1.53649E-3 1.36985E-3 1.03657E-3 1.17022E-3 1.10758E-3 9.71991E-4 1.00198E-3 1.50986E-3 1.27275E-3 9.47635E-4 8.02125E-4 8.68993E-4 1.89077E-3 2.95966E-3 2.12433E-3 3.06358E-3 3.26567E-3 2.04057E-3 1.05753E-3 1.53344E-3 9.02466E-4 2.40088E-3 2.51307E-3 2.02057E-3 1.264E-3
