Artocarpus altilis SDM files/MIS19/results (without bias file)/Artalt_6.asc
ncols         1201
nrows         481
xllcorner     119.99986351115
yllcorner     -15.00013828885
cellsize      0.041666667
NODATA_value  -9999
[rows 128 to 159 of 481, columns 288 to 359 of 1201]
-9999 -9999 -9999 -9999 -9999 -9999 -9999 -9999 -9999 -9999 -9999 -9999 -9999 -9999 -9999 -9999 -9999 -9999 -9999 -9999 -9999 -9999 -9999 -9999 -9999 -9999 -9999 -9999 -9999 -9999 -9999 -9999 -9999 -9999 -9999 -9999 -9999 -9999 -9999 -9999 -9999 -9999 -9999 -9999 -9999 -9999 -9999 -9999 -9999 -9999 -9999 -9999 -9999 -9999 -9999 -9999 -9999 -9999 -9999 -9999 -9999 -9999 -9999 -9999 -9999 -9999 -9999 -9999 -9999 -9999 -9999 -9999
-9999 -9999 -9999 8.81183E-1 9.01305E-1 -9999 9.45514E-1 9.54927E-1 9.45331E-1 9.32683E-1 9.20288E-1 9.36103E-1 9.63684E-1 9.70599E-1 9.65301E-1 9.80269E-1 9.85558E-1 9.71591E-1 -9999 -9999 -9999 -9999 -9999 -9999 -9999 -9999 -9999 -9999 -9999 -9999 -9999 -9999 -9999 -9999 -9999 -9999 -9999 -9999 -9999 -9999 -9999 -9999 -9999 -9999 -9999 -9999 -9999 -9999 -9999 -9999 -9999 -9999 -9999 -9999 -9999 -9999 -9999 -9999 -9999 -9999 -9999 -9999 -9999 -9999 -9999 -9999 -9999 -9999 -9999 -9999 -9999 -9999
-9999 -9999 -9999 -9999 9.2823E-1 9.29703E-1 8.18095E-1 7.95488E-1 7.24711E-1 5.77957E-1 5.72949E-1 6.10741E-1 7.13849E-1 8.46863E-1 8.27766E-1 7.77735E-1 8.55808E-1 8.02977E-1 9.40118E-1 9.83994E-1 -9999 -9999 -9999 -9999 -9999 -9999 -9999 -9999 -9999 -9999 -9999 -9999 -9999 -9999 -9999 -9999 -9999 -9999 -9999 -9999 -9999 -9999 -9999 -9999 -9999 -9999 -9999 -9999 -9999 -9999 -9999 -9999 -9999 -9999 -9999 -9999 -9999 -9999 -9999 -9999 -9999 -9999 -9999 -9999 -9999 -9999 -9999 -9999 -9999 -9999 -9999 -9999
-9999 -9999 9.1124E-1 9.00932E-1 8.86602E-1 7.86963E-1 7.484E-1 8.43376E-1 8.56434E-1 8.22671E-1 8.52804E-1 6.69836E-1 4.68388E-1 5.43413E-1 5.33339E-1 5.98053E-1 6.14749E-1 5.29952E-1 6.54489E-1 9.64817E-1 9.73347E-1 9.90825E-1 9.89252E-1 9.8314E-1 -9999 -9999 -9999 -9999 -9999 -9999 -9999 -9999 -9999 -9999 -9999 -9999 -9999 -9999 -9999 -9999 -9999 -9999 -9999 -9999 -9999 -9999 -9999 -9999 -9999 -9999 -9999 -9999 -9999 -9999 -9999 -9999 -9999 -9999 -9999 -9999 -9999 -9999 -9999 -9999 -9999 -9999 -9999 -9999 -9999 -9999 -9999 -9999
-9999 9.01654E-1 9.01561E-1 8.72079E-1 8.6741E-1 8.5055E-1 8.59625E-1 7.2877E-1 6.47408E-1 6.43221E-1 8.08738E-1 6.20523E-1 5.24223E-1 5.06357E-1 4.6451E-1 4.49882E-1 3.97586E-1 5.12495E-1 7.68089E-1 9.20466E-1 8.13359E-1 7.18115E-1 9.31619E-1 9.89111E-1 9.90884E-1 -9999 -9999 -9999 -9999 -9999 -9999 -9999 -9999 -9999 -9999 -9999 -9999 -9999 -9999 -9999 -9999 -9999 -9999 -9999 -9999 -9999 -9999 -9999 -9999 -9999 -9999 -9999 -9999 -9999 -9999 -9999 -9999 -9999 -9999 -9999 -9999 -9999 -9999 -9999 -9999 -9999 -9999 -9999 -9999 -9999 -9999 -9999
-9999 8.94656E-1 7.19041E-1 5.78949E-1 6.44697E-1 7.06786E-1 6.61445E-1 6.37384E-1 6.04959E-1 5.76109E-1 6.21412E-1 6.29397E-1 6.4614E-1 6.37529E-1 6.35385E-1 6.08523E-1 5.29765E-1 5.74375E-1 6.24582E-1 7.53034E-1 6.66257E-1 7.83966E-1 8.08623E-1 7.27806E-1 9.63312E-1 9.81099E-1 9.90586E-1 9.88968E-1 -9999 -9999 -9999 -9999 -9999 -9999 -9999 -9999 -9999 -9999 -9999 -9999 -9999 -9999 -9999 -9999 -9999 -9999 -9999 -9999 -9999 -9999 -9999 -9999 -9999 -9999 -9999 -9999 -9999 -9999 -9999 -9999 -9999 -9999 -9999 -9999 -9999 -9999 -9999 -9999 -9999 -9999 -9999 -9999
7.90124E-1 7.62877E-1 5.49613E-1 4.98208E-1 5.47186E-1 5.72592E-1 5.59123E-1 5.28031E-1 5.08584E-1 5.08272E-1 5.62475E-1 5.83643E-1 5.7811E-1 6.0346E-1 5.94353E-1 5.51418E-1 5.4717E-1 4.62471E-1 5.85964E-1 6.00787E-1 5.86014E-1 7.20825E-1 6.65078E-1 5.62804E-1 7.15548E-1 7.53075E-1 9.25642E-1 9.78392E-1 9.90144E-1 -9999 -9999 -9999 -9999 -9999 -9999 -9999 -9999 -9999 -9999 -9999 -9999 -9999 -9999 -9999 -9999 -9999 -9999 -9999 -9999 -9999 -9999 -9999 -9999 -9999 -9999 -9999 -9999 -9999 -9999 -9999 -9999 -9999 -9999 -9999 -9999 -9999 -9999 -9999 -9999 -9999 -9999 -9999
5.34941E-1 5.42924E-1 5.39475E-1 4.87813E-1 4.02378E-1 3.9392E-1 4.05231E-1 4.76849E-1 3.97248E-1 4.36747E-1 5.05132E-1 4.93425E-1 5.5836E-1 5.06524E-1 4.94741E-1 6.17757E-1 5.42439E-1 5.06448E-1 4.60033E-1 4.65061E-1 5.33889E-1 5.57137E-1 4.92584E-1 5.00978E-1 5.50512E-1 5.87856E-1 6.93843E-1 9.05923E-1 9.30606E-1 9.8856E-1 9.88761E-1 -9999 -9999 -9999 -9999 -9999 -9999 -9999 -9999 -9999 -9999 -9999 -9999 -9999 -9999 -9999 -9999 -9999 -9999 -9999 -9999 -9999 -9999 -9999 -9999 -9999 -9999 -9999 -9999 -9999 -9999 -9999 -9999 -9999 -9999 -9999 -9999 -9999 -9999 -9999 -9999 -9999
5.11698E-1 4.63013E-1 4.90119E-1 4.53134E-1 4.38103E-1 3.58224E-1 3.55595E-1 3.25652E-1 3.37856E-1 3.90355E-1 4.19351E-1 4.6359E-1 5.0356E-1 4.61879E-1 5.37707E-1 5.84158E-1 5.76381E-1 5.54923E-1 4.52764E-1 4.07176E-1 4.21025E-1 3.59999E-1 4.32609E-1 4.32558E-1 4.0254E-1 5.30419E-1 6.34678E-1 7.00029E-1 8.08144E-1 9.22673E-1 9.78619E-1 9.89171E-1 -9999 -9999 -9999 -9999 -9999 -9999 -9999 -9999 -9999 -9999 -9999 -9999 -9999 -9999 -9999 -9999 -9999 -9999 -9999 -9999 -9999 -9999 -9999 -9999 -9999 -9999 -9999 -9999 -9999 -9999 -9999 -9999 -9999 -9999 -9999 -9999 -9999 -9999 -9999 -9999
6.72212E-1 4.70133E-1 4.87802E-1 4.51672E-1 4.18362E-1 4.43349E-1 3.81886E-1 3.36567E-1 3.55243E-1 3.82142E-1 3.79918E-1 3.8295E-1 4.07589E-1 3.81506E-1 4.63133E-1 4.29001E-1 3.95656E-1 3.52959E-1 3.42757E-1 3.9052E-1 3.91675E-1 3.88177E-1 3.93592E-1 3.85844E-1 4.55335E-1 4.79623E-1 5.26512E-1 7.01145E-1 6.97122E-1 7.23407E-1 7.43944E-1 9.88769E-1 9.93045E-1 -9999 -9999 -9999 -9999 -9999 -9999 -9999 -9999 -9999 -9999 -9999 -9999 -9999 -9999 -9999 -9999 -9999 -9999 -9999 -9999 -9999 -9999 -9999 -9999 -9999 -9999 -9999 -9999 -9999 -9999 -9999 -9999 -9999 -9999 -9999 -9999 -9999 -9999 -9999
7.19762E-1 6.63812E-1 6.66489E-1 6.14447E-1 5.03679E-1 4.86332E-1 4.70199E-1 4.108E-1 4.36456E-1 4.65156E-1 4.78172E-1 4.89107E-1 4.80397E-1 4.40351E-1 4.40657E-1 4.14416E-1 4.35383E-1 3.75272E-1 4.06018E-1 4.64509E-1 4.81138E-1 4.53248E-1 4.09659E-1 3.81929E-1 3.64098E-1 3.86123E-1 4.27023E-1 4.27452E-1 4.38171E-1 5.88479E-1 7.36994E-1 8.59213E-1 9.71418E-1 9.96442E-1 9.97031E-1 9.97475E-1 9.96651E-1 9.96954E-1 9.97396E-1 9.96511E-1 9.94464E-1 9.97225E-1 9.92957E-1 9.86805E-1 9.83533E-1 9.86674E-1 9.95434E-1 9.97236E-1 9.37515E-1 -9999 -9999 -9999 -9999 -9999 -9999 -9999 -9999 -9999 -9999 -9999 -9999 -9999 -9999 -9999 -9999 -9999 -9999 -9999 -9999 -9999 -9999 -9999
7.1908E-1 7.24362E-1 7.20734E-1 6.66984E-1 5.67418E-1 4.96274E-1 4.41114E-1 4.16139E-1 4.8026E-1 4.90874E-1 4.87545E-1 5.10595E-1 4.63139E-1 4.50999E-1 4.52837E-1 4.99727E-1 4.87771E-1 4.9402E-1 5.05123E-1 5.54245E-1 5.49521E-1 5.2007E-1 5.2177E-1 4.96627E-1 4.78335E-1 4.86808E-1 4.74945E-1 4.30108E-1 4.14192E-1 4.74849E-1 5.19104E-1 5.64353E-1 6.97335E-1 8.97755E-1 9.87172E-1 9.86426E-1 9.96242E-1 9.95081E-1 9.97797E-1 9.96703E-1 9.9688E-1 9.97454E-1 9.94225E-1 9.97753E-1 9.79031E-1 9.34366E-1 9.71118E-1 9.9772E-1 9.87193E-1 -9999 -9999 -9999 -9999 -9999 -9999 -9999 -9999 -9999 -9999 -9999 -9999 -9999 -9999 -9999 -9999 -9999 -9999 -9999 -9999 -9999 -9999 -9999
6.34474E-1 5.64532E-1 5.14299E-1 5.05583E-1 4.7732E-1 4.76151E-1 4.68546E-1 4.22405E-1 4.30444E-1 4.89431E-1 5.14563E-1 4.97517E-1 4.70414E-1 4.0614E-1 3.9628E-1 4.47125E-1 3.74346E-1 3.59283E-1 3.60683E-1 4.13756E-1 4.81243E-1 5.87007E-1 6.25077E-1 6.29266E-1 6.31939E-1 6.41082E-1 6.16746E-1 5.81473E-1 5.16018E-1 4.77696E-1 5.45127E-1 7.2291E-1 7.76065E-1 7.88485E-1 9.03061E-1 9.56545E-1 9.94373E-1 9.94601E-1 9.94278E-1 9.9602E-1 9.96609E-1 9.98073E-1 9.9424E-1 9.95108E-1 9.95679E-1 8.93359E-1 9.77093E-1 9.93166E-1 9.90176E-1 9.97323E-1 9.54305E-1 -9999 -9999 -9999 -9999 -9999 -9999 -9999 -9999 -9999 -9999 -9999 -9999 -9999 -9999 -9999 -9999 -9999 -9999 -9999 -9999 -9999
4.66497E-1 4.4552E-1 4.81902E-1 4.81762E-1 4.92988E-1 4.81294E-1 4.68709E-1 4.84632E-1 4.48563E-1 4.40361E-1 4.81852E-1 4.80053E-1 4.86206E-1 5.00503E-1 5.25741E-1 4.1535E-1 4.1207E-1 4.64238E-1 4.85808E-1 5.33487E-1 5.61694E-1 6.0531E-1 6.63543E-1 6.93807E-1 6.89932E-1 7.0415E-1 7.09142E-1 6.81716E-1 6.9449E-1 7.15038E-1 7.12327E-1 7.82056E-1 7.00263E-1 6.19427E-1 6.70507E-1 8.15621E-1 7.76032E-1 8.73299E-1 8.83378E-1 9.22314E-1 9.88513E-1 9.94007E-1 9.93474E-1 9.93312E-1 9.95991E-1 9.59206E-1 9.96104E-1 9.85455E-1 9.76179E-1 9.93147E-1 9.91666E-1 9.70455E-1 -9999 -9999 -9999 -9999 -9999 -9999 -9999 -9999 -9999 -9999 -9999 -9999 -9999 -9999 -9999 -9999 -9999 -9999 -9999 -9999
4.86395E-1 4.77146E-1 4.18493E-1 4.62694E-1 5.119E-1 5.06679E-1 5.33349E-1 5.11688E-1 4.86313E-1 4.91137E-1 4.70173E-1 4.76782E-1 4.98925E-1 5.0648E-1 5.51081E-1 5.76036E-1 5.31356E-1 5.22905E-1 5.29007E-1 5.11946E-1 5.83534E-1 5.93064E-1 6.3646E-1 5.97231E-1 4.99738E-1 4.54889E-1 4.57345E-1 4.36529E-1 5.30161E-1 6.31187E-1 6.31994E-1 6.83969E-1 7.46926E-1 7.45086E-1 5.83352E-1 6.21042E-1 7.24988E-1 7.24954E-1 7.97596E-1 7.97436E-1 8.12203E-1 8.93497E-1 9.81709E-1 9.87339E-1 9.85177E-1 9.94197E-1 9.86301E-1 9.69214E-1 9.66213E-1 9.86054E-1 9.68191E-1 9.69588E-1 -9999 -9999 -9999 -9999 -9999 -9999 -9999 -9999 -9999 -9999 -9999 -9999 -9999 -9999 -9999 -9999 -9999 -9999 -9999 -9999
6.55739E-1 6.48856E-1 6.06236E-1 5.53182E-1 5.58789E-1 6.005E-1 5.72046E-1 5.25879E-1 4.91509E-1 4.80845E-1 4.53815E-1 4.52198E-1 5.07072E-1 5.12969E-1 4.31068E-1 5.2404E-1 5.20919E-1 5.41224E-1 5.17272E-1 4.57717E-1 4.33055E-1 4.53646E-1 4.95724E-1 5.22275E-1 4.93119E-1 5.02562E-1 4.89425E-1 5.03459E-1 5.13867E-1 4.84992E-1 4.75441E-1 5.08909E-1 5.20153E-1 6.94917E-1 5.73654E-1 4.81166E-1 6.29987E-1 7.47338E-1 5.73543E-1 8.03291E-1 7.83129E-1 7.34531E-1 8.53935E-1 9.28438E-1 9.59769E-1 9.74477E-1 9.66955E-1 9.94485E-1 9.9693E-1 9.86089E-1 9.71023E-1 -9999 -9999 -9999 -9999 -9999 -9999 -9999 -9999 -9999 -9999 -9999 -9999 -9999 -9999 -9999 -9999 8.43622E-1 8.28013E-1 8.10591E-1 7.33012E-1 -9999
6.53087E-1 6.12324E-1 5.75606E-1 5.83776E-1 5.24922E-1 5.97822E-1 5.11802E-1 5.25052E-1 5.1086E-1 5.1303E-1 4.72479E-1 4.42774E-1 4.33208E-1 5.03309E-1 4.57621E-1 4.59014E-1 4.67467E-1 5.14807E-1 5.27666E-1 4.95458E-1 4.2302E-1 4.82781E-1 4.73358E-1 5.14142E-1 5.67203E-1 5.97E-1 6.0468E-1 5.71456E-1 5.6224E-1 5.04495E-1 4.6341E-1 5.13335E-1 4.42931E-1 5.31824E-1 5.71362E-1 4.8425E-1 6.87735E-1 5.59221E-1 5.12157E-1 5.67129E-1 7.80421E-1 6.95641E-1 7.58584E-1 7.83125E-1 8.25085E-1 9.22513E-1 9.51465E-1 9.82282E-1 9.96735E-1 9.55896E-1 -9999 -9999 -9999 -9999 -9999 -9999 -9999 -9999 -9999 -9999 -9999 -9999 -9999 -9999 -9999 -9999 7.76401E-1 8.67614E-1 9.53467E-1 9.14802E-1 7.45087E-1 -9999
6.11106E-1 5.91498E-1 5.97873E-1 5.73449E-1 5.13036E-1 5.70921E-1 5.00557E-1 4.9361E-1 4.83723E-1 5.05515E-1 4.94874E-1 5.01684E-1 4.54262E-1 4.80142E-1 5.03543E-1 4.12055E-1 4.10052E-1 3.8929E-1 3.86579E-1 3.72799E-1 3.76452E-1 4.20608E-1 5.04734E-1 5.36201E-1 5.64547E-1 5.15525E-1 4.87119E-1 5.16803E-1 4.4924E-1 4.93222E-1 5.17166E-1 4.843E-1 4.21863E-1 4.56571E-1 6.1199E-1 4.46152E-1 5.85671E-1 5.08936E-1 4.28122E-1 5.9891E-1 8.16472E-1 8.61934E-1 6.40373E-1 6.07389E-1 7.60164E-1 8.63578E-1 8.61851E-1 8.46436E-1 9.58904E-1 9.96271E-1 -9999 -9999 -9999 -9999 -9999 -9999 -9999 -9999 -9999 -9999 -9999 -9999 -9999 -9999 -9999 -9999 7.51991E-1 9.32042E-1 9.23949E-1 8.70858E-1 7.51588E-1 7.22989E-1
6.54947E-1 6.33558E-1 6.37763E-1 6.17375E-1 5.82114E-1 5.04853E-1 5.17568E-1 4.93923E-1 4.95193E-1 5.00693E-1 5.18721E-1 5.17754E-1 5.04936E-1 5.06616E-1 5.07381E-1 4.53103E-1 4.47843E-1 3.60339E-1 3.38505E-1 4.28379E-1 4.6908E-1 4.77444E-1 5.23204E-1 5.34613E-1 5.03429E-1 5.0711E-1 5.28118E-1 5.4847E-1 5.23649E-1 5.47581E-1 4.45205E-1 4.10573E-1 3.82776E-1 4.15907E-1 4.52275E-1 4.63915E-1 4.96129E-1 4.26913E-1 5.85593E-1 7.19509E-1 6.10387E-1 7.86189E-1 5.86656E-1 5.41399E-1 5.84862E-1 7.66029E-1 7.55401E-1 7.00979E-1 8.16674E-1 9.86386E-1 -9999 -9999 -9999 -9999 -9999 -9999 -9999 -9999 -9999 -9999 -9999 -9999 -9999 -9999 -9999 -9999 -9999 8.03843E-1 9.27636E-1 8.83564E-1 7.49449E-1 6.8793E-1
6.07967E-1 5.77949E-1 5.83116E-1 6.22589E-1 5.71762E-1 4.9934E-1 4.88688E-1 4.68836E-1 4.66987E-1 4.81599E-1 5.01348E-1 5.09637E-1 5.05324E-1 5.30306E-1 4.90222E-1 4.68687E-1 4.03089E-1 3.64689E-1 3.82321E-1 4.89432E-1 4.66958E-1 3.84925E-1 3.83479E-1 3.95819E-1 4.15817E-1 4.58885E-1 5.20261E-1 4.29645E-1 4.26778E-1 3.92661E-1 3.94875E-1 4.72869E-1 4.42945E-1 4.0773E-1 4.28791E-1 3.96715E-1 4.02799E-1 4.24979E-1 5.2358E-1 6.27237E-1 5.00853E-1 6.68139E-1 7.2367E-1 5.52043E-1 5.28458E-1 6.2963E-1 7.77064E-1 6.15262E-1 7.32285E-1 8.16276E-1 9.96163E-1 -9999 -9999 -9999 -9999 -9999 -9999 -9999 -9999 -9999 -9999 -9999 -9999 -9999 -9999 -9999 7.88837E-1 6.9775E-1 8.09811E-1 8.6932E-1 7.71897E-1 6.68566E-1
6.09986E-1 5.37961E-1 5.05357E-1 5.044E-1 5.02161E-1 4.87197E-1 4.74249E-1 4.73764E-1 4.64912E-1 4.64464E-1 4.86787E-1 4.84717E-1 4.55807E-1 5.01771E-1 5.18093E-1 4.54028E-1 4.41045E-1 4.2267E-1 4.17615E-1 4.88592E-1 4.93659E-1 4.74273E-1 4.32911E-1 3.9812E-1 3.58124E-1 3.80094E-1 4.15648E-1 4.53187E-1 4.02167E-1 3.91417E-1 3.96331E-1 4.87073E-1 4.54172E-1 4.72458E-1 4.87761E-1 3.82921E-1 4.08015E-1 3.72465E-1 4.37109E-1 4.63806E-1 4.18918E-1 5.22141E-1 7.14105E-1 7.38025E-1 6.86266E-1 5.53745E-1 6.91149E-1 5.56638E-1 6.14879E-1 6.76182E-1 9.62918E-1 9.8242E-1 -9999 -9999 -9999 -9999 -9999 -9999 -9999 -9999 -9999 -9999 -9999 -9999 -9999 -9999 -9999 -9999 7.22406E-1 6.55847E-1 6.63028E-1 -9999
4.86317E-1 4.81584E-1 4.98675E-1 4.92116E-1 4.76745E-1 4.70685E-1 4.78022E-1 4.59577E-1 4.34563E-1 4.41183E-1 4.51475E-1 4.60863E-1 4.67755E-1 4.68083E-1 5.29518E-1 4.93221E-1 4.57125E-1 4.12851E-1 3.98229E-1 5.16834E-1 4.72839E-1 3.83308E-1 3.20245E-1 3.89698E-1 3.42786E-1 4.07818E-1 4.0587E-1 4.94927E-1 4.29193E-1 5.06893E-1 5.24941E-1 5.09311E-1 4.41508E-1 5.30167E-1 5.47381E-1 4.51104E-1 3.85818E-1 4.30504E-1 4.18631E-1 4.77195E-1 4.62588E-1 5.20883E-1 6.5758E-1 7.57268E-1 7.09579E-1 6.47541E-1 4.81607E-1 4.50643E-1 6.53378E-1 7.63438E-1 8.89019E-1 9.93109E-1 9.92313E-1 -9999 -9999 -9999 -9999 -9999 -9999 -9999 -9999 -9999 -9999 -9999 -9999 -9999 -9999 -9999 -9999 -9999 -9999 -9999
4.68958E-1 4.40676E-1 4.63793E-1 5.01675E-1 5.04084E-1 5.08849E-1 5.10118E-1 4.85198E-1 4.65583E-1 4.55852E-1 4.69459E-1 4.51208E-1 4.67301E-1 5.28493E-1 5.24983E-1 5.02983E-1 5.11722E-1 4.23954E-1 4.8446E-1 4.69109E-1 4.63872E-1 3.69452E-1 3.65691E-1 4.57036E-1 4.10471E-1 4.93589E-1 3.74266E-1 4.35111E-1 5.53448E-1 5.51603E-1 4.89303E-1 4.31234E-1 4.943E-1 4.80162E-1 4.51795E-1 4.78315E-1 3.84027E-1 4.34481E-1 4.48298E-1 6.18314E-1 6.01607E-1 6.26629E-1 6.45716E-1 6.28813E-1 5.99873E-1 5.84112E-1 5.82763E-1 5.26828E-1 5.1228E-1 5.55133E-1 7.23471E-1 8.67222E-1 9.80124E-1 9.95337E-1 -9999 -9999 -9999 -9999 -9999 -9999 -9999 -9999 -9999 -9999 -9999 -9999 -9999 -9999 -9999 -9999 -9999 -9999
5.16715E-1 4.57174E-1 4.68002E-1 4.83299E-1 5.07087E-1 5.16389E-1 5.17839E-1 5.17355E-1 5.12523E-1 4.90473E-1 4.74366E-1 4.85057E-1 5.02072E-1 5.15851E-1 5.28629E-1 5.18816E-1 4.79542E-1 4.09589E-1 4.36722E-1 4.58044E-1 3.69941E-1 3.57275E-1 4.69972E-1 4.59103E-1 4.85044E-1 5.14175E-1 5.28527E-1 5.31148E-1 4.4756E-1 4.963E-1 5.89788E-1 5.525E-1 4.51591E-1 3.98504E-1 4.29728E-1 4.33729E-1 3.96144E-1 4.80555E-1 4.60798E-1 5.44991E-1 6.10631E-1 5.1281E-1 5.11443E-1 5.86568E-1 6.20475E-1 5.64271E-1 4.26291E-1 5.03799E-1 5.52876E-1 5.37625E-1 6.60244E-1 8.11416E-1 8.83481E-1 9.83265E-1 -9999 -9999 -9999 -9999 -9999 -9999 -9999 -9999 -9999 -9999 -9999 -9999 -9999 -9999 -9999 -9999 -9999 -9999
4.99295E-1 5.03342E-1 4.92144E-1 4.89969E-1 4.61246E-1 4.70558E-1 4.8169E-1 4.73751E-1 4.99234E-1 5.00123E-1 4.8456E-1 4.94038E-1 5.08483E-1 5.58239E-1 5.90572E-1 6.0519E-1 5.25105E-1 4.48371E-1 4.20973E-1 4.89656E-1 4.61817E-1 3.66805E-1 4.71826E-1 4.57542E-1 5.34993E-1 5.87172E-1 5.62055E-1 5.11513E-1 5.00855E-1 4.77429E-1 4.82319E-1 4.72271E-1 5.59953E-1 5.56611E-1 4.50313E-1 4.57456E-1 4.15069E-1 5.03369E-1 4.5829E-1 5.45351E-1 5.85704E-1 4.97962E-1 5.3844E-1 4.45223E-1 5.58994E-1 5.49675E-1 4.83722E-1 4.38733E-1 6.655E-1 5.1014E-1 5.60404E-1 7.76476E-1 9.66517E-1 9.92107E-1 9.85657E-1 -9999 -9999 -9999 -9999 -9999 -9999 -9999 -9999 -9999 -9999 -9999 -9999 -9999 -9999 -9999 -9999 -9999
5.08021E-1 4.98903E-1 5.17049E-1 5.23035E-1 4.84352E-1 4.64572E-1 4.5279E-1 4.70067E-1 4.86815E-1 5.11954E-1 5.20705E-1 5.28021E-1 5.31919E-1 6.08556E-1 6.80547E-1 6.71698E-1 6.7019E-1 6.3738E-1 5.17891E-1 4.75944E-1 4.79704E-1 4.39309E-1 3.71882E-1 4.94997E-1 5.88422E-1 5.71535E-1 4.90983E-1 4.63619E-1 4.88013E-1 5.49934E-1 5.18795E-1 5.15315E-1 4.37861E-1 5.02068E-1 5.60432E-1 5.53084E-1 4.89E-1 5.64518E-1 5.02039E-1 4.43733E-1 4.52678E-1 4.75186E-1 5.27754E-1 4.69116E-1 4.53751E-1 6.11236E-1 4.30787E-1 4.38204E-1 6.05264E-1 6.23028E-1 4.3981E-1 6.08558E-1 8.4082E-1 9.90586E-1 9.78952E-1 -9999 -9999 -9999 -9999 -9999 -9999 -9999 -9999 -9999 -9999 -9999 -9999 -9999 -9999 -9999 -9999 -9999
6.01502E-1 5.1143E-1 5.25251E-1 6.2586E-1 5.26181E-1 4.61282E-1 4.79337E-1 4.91452E-1 5.13153E-1 5.08469E-1 5.87133E-1 5.78196E-1 5.95866E-1 6.353E-1 6.55069E-1 6.63328E-1 6.8924E-1 6.77381E-1 5.68086E-1 4.97697E-1 4.25365E-1 3.96023E-1 4.91292E-1 5.02835E-1 4.11359E-1 4.09717E-1 4.32057E-1 5.29052E-1 4.96218E-1 4.79188E-1 4.69817E-1 4.72704E-1 4.59345E-1 4.08278E-1 3.84602E-1 4.83986E-1 3.91714E-1 5.59188E-1 4.5701E-1 3.72438E-1 3.79719E-1 5.19045E-1 5.70617E-1 5.2805E-1 3.98643E-1 4.74608E-1 4.71818E-1 4.81943E-1 5.29761E-1 7.45103E-1 5.44884E-1 5.23287E-1 6.79154E-1 9.85482E-1 -9999 -9999 -9999 -9999 -9999 -9999 -9999 -9999 -9999 -9999 -9999 -9999 -9999 -9999 -9999 -9999 -9999 -9999
7.03313E-1 5.79645E-1 6.24045E-1 6.80249E-1 7.23033E-1 5.64426E-1 5.01742E-1 5.29525E-1 5.32788E-1 5.79404E-1 5.95571E-1 6.75214E-1 6.70031E-1 6.71036E-1 7.04999E-1 6.80921E-1 6.86084E-1 6.78384E-1 6.14023E-1 5.69912E-1 5.04158E-1 4.4009E-1 4.89759E-1 4.34344E-1 4.34186E-1 4.37227E-1 5.06314E-1 4.63246E-1 4.67724E-1 4.91035E-1 4.77393E-1 4.60479E-1 4.37481E-1 4.32451E-1 4.30043E-1 4.37105E-1 4.05456E-1 4.78415E-1 3.81474E-1 3.89414E-1 4.26536E-1 4.01726E-1 3.64167E-1 4.03815E-1 4.04768E-1 4.1266E-1 4.16395E-1 4.5181E-1 5.37829E-1 6.9724E-1 7.17839E-1 6.06168E-1 8.93013E-1 9.81577E-1 -9999 -9999 -9999 -9999 -9999 -9999 -9999 -9999 -9999 -9999 -9999 -9999 -9999 -9999 -9999 -9999 -9999 -9999
7.46316E-1 7.36983E-1 7.19671E-1 7.26887E-1 7.55002E-1 7.47089E-1 6.55529E-1 6.13309E-1 6.2187E-1 6.2249E-1 6.78338E-1 7.06483E-1 6.55925E-1 6.25654E-1 6.88583E-1 6.76751E-1 6.86584E-1 5.88636E-1 5.24323E-1 6.42596E-1 5.52603E-1 4.98252E-1 4.89681E-1 4.53715E-1 4.8573E-1 5.15283E-1 5.22278E-1 5.07226E-1 5.32277E-1 5.43221E-1 5.52997E-1 5.20847E-1 4.9648E-1 4.63446E-1 4.61549E-1 4.88244E-1 4.68902E-1 4.72482E-1 4.3656E-1 4.16186E-1 4.59328E-1 4.05742E-1 3.9109E-1 3.67432E-1 4.49608E-1 4.65362E-1 4.21717E-1 5.54983E-1 6.63615E-1 6.12016E-1 7.26081E-1 8.93669E-1 9.51605E-1 9.79143E-1 -9999 -9999 -9999 -9999 -9999 -9999 -9999 -9999 -9999 -9999 -9999 -9999 -9999 -9999 -9999 -9999 -9999 -9999
7.4057E-1 7.53262E-1 7.55169E-1 7.63612E-1 7.38143E-1 7.30576E-1 7.13944E-1 6.85912E-1 6.45181E-1 6.52153E-1 6.92602E-1 6.9774E-1 6.69617E-1 6.44883E-1 6.59288E-1 7.20272E-1 6.4745E-1 6.09811E-1 5.74219E-1 6.61785E-1 6.23217E-1 6.23128E-1 5.0197E-1 5.00718E-1 5.21067E-1 5.15727E-1 5.23719E-1 5.55834E-1 5.51733E-1 5.71921E-1 5.80679E-1 5.66237E-1 5.33853E-1 5.35223E-1 4.84167E-1 5.15633E-1 4.97914E-1 4.84354E-1 4.8653E-1 5.08903E-1 5.04909E-1 4.63624E-1 4.13799E-1 4.15171E-1 4.57792E-1 4.80093E-1 4.04304E-1 4.91161E-1 4.98651E-1 5.6531E-1 7.63924E-1 8.94036E-1 9.71289E-1 9.75493E-1 -9999 -9999 -9999 -9999 -9999 -9999 -9999 -9999 -9999 -9999 -9999 -9999 -9999 -9999 -9999 -9999 -9999 -9999
7.36861E-1 7.50763E-1 7.71761E-1 7.52835E-1 7.24579E-1 7.07954E-1 7.22595E-1 7.17541E-1 7.04544E-1 7.15926E-1 7.40192E-1 7.11452E-1 7.12437E-1 6.4127E-1 6.32405E-1 7.24184E-1 6.75087E-1 6.05502E-1 6.52891E-1 6.59105E-1 5.77664E-1 6.87827E-1 5.85604E-1 5.18285E-1 5.38565E-1 5.23878E-1 5.24127E-1 5.40758E-1 5.78779E-1 6.21507E-1 7.22663E-1 7.53801E-1 6.71781E-1 5.88095E-1 5.75609E-1 5.40271E-1 5.29061E-1 5.28756E-1 4.89132E-1 5.01208E-1 5.52064E-1 5.70248E-1 4.94006E-1 4.72157E-1 5.09458E-1 4.72102E-1 5.0535E-1 4.77343E-1 5.29097E-1 6.48161E-1 9.00438E-1 9.26023E-1 9.64486E-1 9.65096E-1 -9999 -9999 -9999 -9999 -9999 -9999 -9999 -9999 -9999 -9999 -9999 -9999 -9999 -9999 -9999 -9999 -9999 -9999
7.6478E-1 7.78101E-1 7.67896E-1 7.42024E-1 7.21778E-1 7.31356E-1 7.37025E-1 7.13945E-1 6.99115E-1 7.38432E-1 7.45502E-1 7.02239E-1 6.76977E-1 6.10676E-1 6.50793E-1 7.08954E-1 6.99231E-1 6.28177E-1 6.72544E-1 6.45283E-1 5.9726E-1 7.02491E-1 6.8089E-1 6.08521E-1 6.35941E-1 6.37356E-1 5.46543E-1 5.49072E-1 6.26057E-1 7.0791E-1 7.58906E-1 7.7633E-1 7.59107E-1 7.37165E-1 7.0395E-1 6.68844E-1 6.56385E-1 6.3038E-1 5.98405E-1 5.94307E-1 6.06288E-1 6.78579E-1 7.12417E-1 6.49908E-1 6.24176E-1 5.92068E-1 4.23541E-1 5.82305E-1 6.7238E-1 7.89697E-1 9.21413E-1 9.61111E-1 9.64159E-1 -9999 -9999 -9999 -9999 -9999 -9999 -9999 -9999 -9999 -9999 -9999 -9999 -9999 -9999 -9999 -9999 -9999 -9999 -9999
