Artocarpus altilis SDM files/MIS19/results (without bias file)/Artalt_stddev.asc
ncols         1201
nrows         481
xllcorner     119.99986351115
yllcorner     -15.00013828885
cellsize      0.041666667
NODATA_value  -9999
[rows 192 to 223 of 481, columns 0 to 71 of 1201]
2.80884E-2 3.40588E-2 3.13215E-2 2.80622E-2 2.19434E-2 2.62574E-2 -9999 -9999 -9999 -9999 -9999 -9999 -9999 -9999 -9999 -9999 -9999 -9999 -9999 -9999 -9999 -9999 -9999 -9999 -9999 2.37027E-2 2.69832E-2 3.01825E-2 2.76333E-2 2.85027E-2 2.86576E-2 2.75971E-2 2.85722E-2 2.89463E-2 2.87099E-2 2.7727E-2 2.70595E-2 2.71574E-2 2.82136E-2 2.69057E-2 2.6553E-2 2.59995E-2 2.85727E-2 2.60003E-2 2.84261E-2 2.84416E-2 2.659E-2 2.64718E-2 2.64961E-2 2.5793E-2 2.66558E-2 2.87967E-2 3.46437E-2 2.65634E-2 2.95069E-2 2.14938E-2 3.41737E-2 -9999 -9999 -9999 -9999 -9999 -9999 -9999 -9999 -9999 -9999 -9999 -9999 -9999 -9999 -9999
3.15837E-2 3.04726E-2 3.21912E-2 2.6649E-2 2.27748E-2 1.92526E-2 -9999 -9999 -9999 -9999 -9999 -9999 -9999 -9999 -9999 -9999 -9999 -9999 -9999 -9999 -9999 -9999 -9999 -9999 -9999 2.33866E-2 2.47254E-2 2.76778E-2 2.76234E-2 2.75804E-2 2.83553E-2 2.8352E-2 2.79386E-2 2.64164E-2 2.6458E-2 2.69287E-2 2.72528E-2 2.84801E-2 2.74727E-2 2.73433E-2 2.95894E-2 2.86257E-2 2.84168E-2 2.85169E-2 2.85603E-2 2.90116E-2 2.63983E-2 2.83999E-2 2.75542E-2 2.83131E-2 2.68521E-2 2.65098E-2 3.00624E-2 4.71337E-2 5.31053E-2 3.47195E-2 3.53778E-2 3.40432E-2 3.17174E-2 -9999 -9999 -9999 -9999 -9999 -9999 -9999 -9999 -9999 -9999 -9999 -9999 -9999
2.71346E-2 2.40237E-2 3.10734E-2 2.28659E-2 2.45704E-2 2.27227E-2 1.90386E-2 -9999 -9999 -9999 -9999 -9999 -9999 -9999 -9999 -9999 -9999 -9999 -9999 -9999 -9999 -9999 -9999 -9999 -9999 2.341E-2 2.41688E-2 2.81721E-2 2.79677E-2 2.65346E-2 2.61781E-2 2.80313E-2 2.7995E-2 2.7129E-2 2.61416E-2 2.72802E-2 2.70351E-2 2.74574E-2 2.68836E-2 2.75071E-2 2.7187E-2 2.71636E-2 2.98343E-2 2.66474E-2 2.42913E-2 2.61459E-2 2.63892E-2 2.60952E-2 2.87938E-2 2.96851E-2 2.77134E-2 2.73902E-2 2.72515E-2 2.69644E-2 2.89549E-2 3.91473E-2 4.61243E-2 3.46077E-2 3.33818E-2 3.2425E-2 2.57911E-2 -9999 -9999 -9999 -9999 -9999 -9999 -9999 -9999 -9999 -9999 -9999
2.63586E-2 2.63578E-2 2.86857E-2 2.90231E-2 2.67457E-2 2.27055E-2 1.91675E-2 -9999 -9999 -9999 -9999 -9999 -9999 -9999 -9999 -9999 -9999 -9999 -9999 -9999 -9999 -9999 -9999 -9999 -9999 2.41448E-2 2.44509E-2 2.8121E-2 2.73151E-2 2.64315E-2 2.61451E-2 2.67947E-2 2.62065E-2 2.71528E-2 2.6178E-2 2.73404E-2 2.74272E-2 2.81929E-2 2.84855E-2 2.82941E-2 2.63886E-2 2.58253E-2 2.59606E-2 2.76726E-2 3.30138E-2 2.91418E-2 3.12205E-2 3.017E-2 2.5925E-2 2.70917E-2 2.44554E-2 2.60614E-2 2.89277E-2 2.87258E-2 2.7243E-2 2.80458E-2 5.38203E-2 -9999 4.45448E-2 2.72978E-2 2.84473E-2 3.49578E-2 3.25186E-2 -9999 -9999 -9999 -9999 -9999 -9999 -9999 -9999 -9999
2.69131E-2 2.77976E-2 2.59161E-2 3.2696E-2 2.92034E-2 2.6777E-2 2.83816E-2 -9999 -9999 -9999 -9999 -9999 -9999 -9999 -9999 -9999 -9999 -9999 -9999 -9999 -9999 -9999 -9999 -9999 -9999 2.50328E-2 2.57089E-2 2.69894E-2 2.71358E-2 2.57215E-2 2.77754E-2 2.72069E-2 2.75694E-2 2.61306E-2 2.57235E-2 2.62126E-2 2.79553E-2 2.45891E-2 2.76538E-2 2.7476E-2 2.8286E-2 2.6633E-2 2.68753E-2 2.69038E-2 2.71922E-2 2.74887E-2 2.8937E-2 2.85722E-2 3.06469E-2 2.49911E-2 2.57195E-2 2.63162E-2 2.7811E-2 2.86864E-2 2.66223E-2 2.91555E-2 2.43157E-2 3.94733E-2 3.22501E-2 3.70145E-2 -9999 -9999 3.30718E-2 -9999 -9999 -9999 -9999 -9999 -9999 -9999 -9999 -9999
2.71657E-2 2.83136E-2 2.62548E-2 3.24321E-2 3.13739E-2 2.56277E-2 1.93316E-2 1.88888E-2 1.85271E-2 1.85774E-2 -9999 -9999 -9999 -9999 -9999 -9999 -9999 -9999 -9999 -9999 -9999 -9999 -9999 -9999 2.5783E-2 2.52473E-2 2.82498E-2 2.59269E-2 2.60425E-2 2.51401E-2 2.84957E-2 2.69074E-2 2.76685E-2 2.73085E-2 2.63603E-2 2.60392E-2 2.82054E-2 2.51189E-2 2.81825E-2 2.3884E-2 2.76373E-2 2.64607E-2 2.84574E-2 2.65918E-2 2.69419E-2 2.6637E-2 2.67207E-2 2.74117E-2 2.90722E-2 3.80362E-2 2.39343E-2 2.44642E-2 3.83914E-2 2.44939E-2 2.63862E-2 3.08557E-2 2.90679E-2 2.85318E-2 2.52161E-2 1.96767E-2 -9999 -9999 -9999 -9999 -9999 -9999 -9999 -9999 -9999 -9999 -9999 -9999
3.00517E-2 2.77604E-2 2.74432E-2 2.81875E-2 3.17163E-2 2.5E-2 2.29049E-2 1.87767E-2 1.86047E-2 2.77589E-2 -9999 -9999 -9999 -9999 -9999 -9999 -9999 -9999 -9999 -9999 -9999 -9999 -9999 2.54253E-2 2.59574E-2 2.46967E-2 2.69158E-2 2.62208E-2 2.47346E-2 2.71817E-2 2.82081E-2 2.68559E-2 2.64346E-2 2.68665E-2 2.703E-2 2.67147E-2 2.69818E-2 2.72125E-2 2.33417E-2 2.82213E-2 3.00292E-2 2.70255E-2 2.61759E-2 2.47946E-2 2.49873E-2 2.73101E-2 2.55228E-2 2.57016E-2 2.53547E-2 2.87883E-2 3.92851E-2 3.99586E-2 4.13721E-2 2.61884E-2 2.65624E-2 2.76436E-2 2.63817E-2 2.94436E-2 2.76214E-2 -9999 -9999 -9999 3.65462E-2 3.70912E-2 -9999 -9999 -9999 -9999 -9999 -9999 -9999 -9999
3.08176E-2 2.71848E-2 2.80832E-2 3.07065E-2 2.79696E-2 2.37459E-2 2.29388E-2 1.87276E-2 1.8751E-2 2.74286E-2 2.77399E-2 -9999 -9999 -9999 -9999 -9999 -9999 -9999 -9999 -9999 -9999 -9999 -9999 2.57862E-2 2.82617E-2 2.26323E-2 2.46898E-2 2.4169E-2 2.56651E-2 2.75406E-2 2.67133E-2 2.71649E-2 2.65805E-2 2.58243E-2 2.6329E-2 2.53856E-2 2.71017E-2 2.55222E-2 2.29456E-2 2.72999E-2 3.02566E-2 3.02709E-2 2.45307E-2 2.67347E-2 2.66456E-2 2.47829E-2 2.80839E-2 2.60282E-2 2.50372E-2 2.70726E-2 2.60189E-2 4.71198E-2 4.48685E-2 2.52811E-2 2.50024E-2 2.58821E-2 2.89292E-2 2.85929E-2 2.36038E-2 -9999 3.65323E-2 3.63205E-2 -9999 -9999 -9999 -9999 -9999 -9999 -9999 -9999 -9999 -9999
3.04131E-2 2.99782E-2 2.68331E-2 2.78584E-2 2.34909E-2 2.62838E-2 2.31928E-2 1.86926E-2 1.91504E-2 2.72581E-2 -9999 -9999 -9999 -9999 -9999 -9999 -9999 -9999 -9999 -9999 -9999 -9999 2.91662E-2 2.64797E-2 2.45043E-2 2.64411E-2 2.38331E-2 2.52292E-2 2.5364E-2 2.66362E-2 2.53796E-2 2.40672E-2 2.63782E-2 2.53391E-2 2.49183E-2 2.42072E-2 2.61778E-2 2.44885E-2 2.55154E-2 2.3289E-2 2.60511E-2 2.58884E-2 2.65403E-2 2.60607E-2 2.31904E-2 2.79296E-2 2.66588E-2 2.69377E-2 2.86742E-2 2.4262E-2 3.66172E-2 4.16671E-2 3.86201E-2 3.36612E-2 3.80205E-2 4.19193E-2 4.11543E-2 3.68116E-2 -9999 -9999 -9999 -9999 -9999 -9999 -9999 -9999 -9999 -9999 -9999 -9999 -9999 -9999
3.30319E-2 3.17935E-2 2.73105E-2 2.71376E-2 2.72412E-2 2.67883E-2 2.44759E-2 2.3167E-2 1.93711E-2 2.72559E-2 -9999 -9999 -9999 -9999 -9999 -9999 -9999 -9999 -9999 -9999 -9999 3.13118E-2 2.69226E-2 2.19056E-2 2.5294E-2 2.57004E-2 2.4111E-2 2.43905E-2 2.42654E-2 2.65161E-2 2.46527E-2 2.37274E-2 2.64009E-2 2.58091E-2 2.52096E-2 2.45216E-2 2.52985E-2 2.46129E-2 2.43198E-2 2.672E-2 2.19545E-2 2.26467E-2 2.57097E-2 2.62211E-2 2.37174E-2 2.975E-2 2.40173E-2 2.54675E-2 2.61881E-2 4.3403E-2 3.86403E-2 3.47925E-2 2.86418E-2 2.52379E-2 2.75852E-2 4.48825E-2 5.02875E-2 4.18142E-2 -9999 -9999 -9999 -9999 3.90795E-2 -9999 -9999 3.22665E-2 -9999 2.77875E-2 -9999 -9999 -9999 -9999
3.68896E-2 3.30298E-2 2.82992E-2 2.6311E-2 2.64285E-2 2.36685E-2 2.62685E-2 2.34095E-2 2.38873E-2 2.73536E-2 -9999 -9999 -9999 -9999 -9999 -9999 -9999 -9999 -9999 -9999 -9999 2.97363E-2 2.21843E-2 2.4739E-2 2.43836E-2 2.50804E-2 2.46212E-2 2.44823E-2 2.3649E-2 2.56878E-2 2.62162E-2 2.44018E-2 2.59808E-2 2.47642E-2 2.5692E-2 2.49432E-2 2.40946E-2 2.54318E-2 2.72008E-2 2.33324E-2 2.50958E-2 2.38822E-2 2.5942E-2 2.52357E-2 2.3682E-2 2.54726E-2 2.65281E-2 2.77112E-2 2.65378E-2 3.81223E-2 2.85447E-2 2.63778E-2 2.7547E-2 2.89141E-2 3.06815E-2 4.05553E-2 3.17741E-2 4.26047E-2 4.56288E-2 -9999 -9999 -9999 3.78476E-2 -9999 -9999 -9999 -9999 -9999 -9999 -9999 2.79032E-2 -9999
3.64889E-2 3.60544E-2 3.13022E-2 2.6129E-2 2.73147E-2 2.4025E-2 2.48588E-2 2.41375E-2 2.34511E-2 2.76539E-2 -9999 -9999 -9999 -9999 -9999 -9999 -9999 -9999 -9999 -9999 2.97526E-2 2.45308E-2 2.39834E-2 2.39438E-2 2.47754E-2 2.58626E-2 2.5848E-2 2.42446E-2 2.41772E-2 2.63245E-2 2.46013E-2 2.58875E-2 2.71626E-2 2.52661E-2 2.60929E-2 2.49055E-2 2.40896E-2 2.65695E-2 2.57748E-2 2.48955E-2 2.48853E-2 2.20843E-2 2.53078E-2 2.40439E-2 2.01309E-2 2.10239E-2 2.58261E-2 2.71354E-2 2.75998E-2 2.53863E-2 2.99193E-2 2.39424E-2 2.51666E-2 2.54973E-2 2.9213E-2 3.5206E-2 3.04236E-2 3.71875E-2 3.00715E-2 3.35416E-2 -9999 -9999 -9999 -9999 -9999 -9999 -9999 -9999 -9999 -9999 -9999 -9999
3.42652E-2 3.55161E-2 3.43203E-2 2.88601E-2 2.79654E-2 2.62555E-2 2.93084E-2 2.39848E-2 1.97605E-2 2.75509E-2 -9999 -9999 -9999 -9999 -9999 -9999 -9999 -9999 -9999 -9999 3.04426E-2 2.39406E-2 2.43076E-2 2.44996E-2 2.38342E-2 2.53846E-2 2.64826E-2 2.40619E-2 2.48058E-2 2.53161E-2 2.50331E-2 2.52441E-2 2.66086E-2 2.65183E-2 2.52899E-2 2.5005E-2 2.53073E-2 2.48741E-2 2.48554E-2 2.44084E-2 2.41542E-2 2.3989E-2 2.44729E-2 2.48658E-2 2.20943E-2 2.19512E-2 2.27539E-2 2.59141E-2 3.12882E-2 3.42259E-2 3.90944E-2 4.03357E-2 4.00998E-2 3.93881E-2 3.51474E-2 4.13314E-2 -9999 3.36976E-2 2.52684E-2 3.02315E-2 -9999 -9999 -9999 -9999 -9999 -9999 -9999 -9999 -9999 -9999 -9999 -9999
3.22262E-2 3.47772E-2 3.33673E-2 2.91482E-2 2.86741E-2 2.70368E-2 3.12911E-2 2.44043E-2 2.38333E-2 2.75692E-2 -9999 -9999 -9999 -9999 -9999 -9999 -9999 -9999 -9999 -9999 -9999 2.92739E-2 2.44738E-2 2.40937E-2 2.39856E-2 2.34571E-2 2.34082E-2 2.36025E-2 2.57598E-2 2.53407E-2 2.56696E-2 2.54853E-2 2.5153E-2 2.55148E-2 2.62722E-2 2.36044E-2 2.46941E-2 2.35903E-2 2.50944E-2 2.25654E-2 2.4203E-2 2.46701E-2 2.51475E-2 2.60667E-2 2.27946E-2 2.51653E-2 2.19678E-2 2.28068E-2 2.15542E-2 2.72003E-2 3.50039E-2 3.44498E-2 3.54307E-2 4.37911E-2 4.65254E-2 3.79134E-2 3.25486E-2 -9999 2.45238E-2 -9999 -9999 -9999 -9999 -9999 -9999 -9999 -9999 -9999 -9999 -9999 -9999 -9999
3.09218E-2 2.93253E-2 2.8993E-2 2.68731E-2 2.70291E-2 2.68971E-2 3.11226E-2 2.53936E-2 2.43827E-2 2.38654E-2 3.32545E-2 -9999 -9999 -9999 -9999 -9999 -9999 -9999 -9999 -9999 -9999 2.81958E-2 2.29699E-2 2.45041E-2 2.35302E-2 2.3636E-2 2.3825E-2 2.29108E-2 2.75086E-2 2.60662E-2 2.58834E-2 2.5228E-2 2.61798E-2 2.17891E-2 2.29892E-2 2.40067E-2 1.96633E-2 2.35641E-2 2.32214E-2 2.26901E-2 2.43471E-2 2.57417E-2 2.44864E-2 2.5901E-2 2.47836E-2 2.58652E-2 2.48614E-2 2.44553E-2 2.52056E-2 1.99356E-2 2.45009E-2 2.47184E-2 2.49953E-2 3.81666E-2 4.20815E-2 2.51076E-2 3.0792E-2 -9999 -9999 -9999 -9999 -9999 -9999 -9999 -9999 -9999 -9999 -9999 -9999 -9999 -9999 -9999
2.77447E-2 2.72377E-2 2.54086E-2 2.47904E-2 2.48666E-2 2.59432E-2 2.78341E-2 2.75957E-2 2.52513E-2 2.08457E-2 3.29244E-2 -9999 -9999 -9999 -9999 -9999 -9999 -9999 -9999 -9999 -9999 -9999 2.47736E-2 2.36383E-2 2.55664E-2 2.57132E-2 2.30578E-2 2.2594E-2 2.3029E-2 2.48125E-2 2.59579E-2 2.55102E-2 2.32162E-2 2.31284E-2 2.46438E-2 2.5185E-2 2.53277E-2 2.34632E-2 2.00713E-2 2.13308E-2 2.42954E-2 2.61707E-2 2.54639E-2 2.63779E-2 2.65745E-2 2.70169E-2 2.58775E-2 2.49223E-2 2.51679E-2 2.3449E-2 2.56444E-2 2.62864E-2 3.94116E-2 4.0547E-2 4.0451E-2 3.4035E-2 3.52445E-2 -9999 -9999 -9999 -9999 -9999 -9999 -9999 -9999 -9999 -9999 -9999 -9999 -9999 -9999 -9999
2.41342E-2 2.81578E-2 2.54302E-2 2.67348E-2 2.51009E-2 2.77982E-2 2.93957E-2 2.71136E-2 2.56055E-2 2.85524E-2 3.37598E-2 -9999 -9999 -9999 -9999 -9999 -9999 -9999 -9999 -9999 -9999 -9999 -9999 3.11141E-2 2.78586E-2 2.6201E-2 2.14664E-2 2.23692E-2 2.23255E-2 2.35272E-2 2.71476E-2 2.56184E-2 2.50594E-2 2.5087E-2 2.45474E-2 2.47009E-2 2.19109E-2 2.09463E-2 2.23257E-2 1.91407E-2 2.24857E-2 2.31816E-2 2.31744E-2 2.26592E-2 2.416E-2 2.73874E-2 2.4273E-2 2.30618E-2 2.45468E-2 2.56133E-2 2.60809E-2 2.44555E-2 2.68017E-2 3.7881E-2 4.28022E-2 -9999 -9999 -9999 -9999 -9999 -9999 -9999 -9999 -9999 -9999 -9999 -9999 -9999 -9999 -9999 -9999 -9999
2.77885E-2 3.02559E-2 2.72021E-2 2.8864E-2 2.3321E-2 2.58134E-2 3.02461E-2 2.58795E-2 2.15702E-2 2.79891E-2 3.29477E-2 -9999 -9999 -9999 -9999 -9999 -9999 -9999 -9999 -9999 -9999 -9999 -9999 -9999 3.55806E-2 2.6981E-2 2.32044E-2 2.2594E-2 2.20054E-2 2.64425E-2 2.65118E-2 2.5882E-2 2.49011E-2 2.10839E-2 2.50231E-2 2.46522E-2 2.16065E-2 1.98122E-2 2.45007E-2 2.30174E-2 1.91723E-2 1.94127E-2 2.30518E-2 2.39841E-2 2.83461E-2 3.20481E-2 2.92854E-2 2.71352E-2 2.28082E-2 2.29051E-2 2.21732E-2 2.40472E-2 2.26835E-2 2.81862E-2 3.83736E-2 4.34592E-2 -9999 -9999 -9999 -9999 -9999 -9999 -9999 -9999 -9999 -9999 -9999 -9999 -9999 -9999 -9999 -9999
2.53943E-2 2.66369E-2 2.58831E-2 2.67053E-2 2.6082E-2 2.67545E-2 2.67877E-2 2.23851E-2 2.77383E-2 2.70554E-2 3.20395E-2 -9999 -9999 -9999 -9999 -9999 -9999 -9999 -9999 -9999 -9999 -9999 -9999 -9999 -9999 -9999 2.98936E-2 2.05414E-2 2.29877E-2 2.34449E-2 2.41071E-2 2.41352E-2 2.35215E-2 1.97905E-2 2.48148E-2 2.26194E-2 2.36704E-2 1.93235E-2 1.9703E-2 2.18736E-2 1.87365E-2 1.78596E-2 1.87637E-2 1.89978E-2 2.19776E-2 2.70558E-2 3.02254E-2 2.87979E-2 2.57861E-2 2.50478E-2 2.37442E-2 2.58383E-2 2.5175E-2 2.10602E-2 2.42622E-2 3.76295E-2 4.28466E-2 4.40105E-2 4.43214E-2 -9999 -9999 -9999 -9999 -9999 -9999 -9999 -9999 -9999 -9999 -9999 -9999 -9999
3.73586E-2 3.84097E-2 3.27721E-2 2.59618E-2 2.48313E-2 2.48678E-2 2.55541E-2 2.08994E-2 2.76648E-2 3.32318E-2 3.25649E-2 -9999 -9999 -9999 -9999 -9999 -9999 -9999 -9999 -9999 -9999 -9999 -9999 -9999 -9999 -9999 3.64883E-2 2.78398E-2 2.57312E-2 2.04561E-2 1.96595E-2 1.92859E-2 1.94909E-2 2.18115E-2 2.33446E-2 2.01797E-2 1.89813E-2 1.93715E-2 1.82809E-2 1.74204E-2 1.81287E-2 1.72784E-2 1.60023E-2 1.99765E-2 1.78736E-2 1.94551E-2 2.54485E-2 3.47719E-2 3.34334E-2 3.28519E-2 2.961E-2 2.56847E-2 2.60587E-2 2.20883E-2 2.67899E-2 2.82752E-2 3.72787E-2 3.95658E-2 3.88126E-2 4.31681E-2 -9999 -9999 -9999 -9999 -9999 -9999 -9999 -9999 -9999 -9999 -9999 -9999
3.5483E-2 3.36593E-2 3.14264E-2 2.58701E-2 2.5402E-2 2.43563E-2 2.58011E-2 2.82968E-2 3.30302E-2 3.16702E-2 -9999 -9999 -9999 -9999 -9999 -9999 -9999 -9999 -9999 -9999 -9999 -9999 -9999 -9999 -9999 -9999 -9999 3.41922E-2 2.8191E-2 2.36748E-2 2.81779E-2 1.85483E-2 2.0148E-2 1.96687E-2 2.27092E-2 1.57462E-2 1.83922E-2 2.12571E-2 2.27363E-2 2.48148E-2 1.56407E-2 1.71774E-2 1.87875E-2 2.20281E-2 1.9019E-2 2.14416E-2 2.19893E-2 2.78328E-2 3.22197E-2 3.32384E-2 3.31875E-2 3.12005E-2 3.4437E-2 3.01625E-2 2.43254E-2 2.3788E-2 2.6851E-2 2.83249E-2 3.51892E-2 4.333E-2 -9999 -9999 -9999 -9999 -9999 -9999 -9999 -9999 -9999 -9999 -9999 -9999
3.37819E-2 3.14999E-2 3.31828E-2 2.7276E-2 2.73686E-2 2.0848E-2 2.69314E-2 3.21442E-2 3.13394E-2 2.482E-2 -9999 -9999 -9999 -9999 -9999 -9999 -9999 -9999 -9999 -9999 -9999 -9999 -9999 -9999 -9999 -9999 -9999 -9999 -9999 3.68954E-2 2.81844E-2 2.30555E-2 1.99901E-2 2.11361E-2 2.1922E-2 1.78797E-2 2.1749E-2 1.69528E-2 2.22645E-2 2.19978E-2 1.68892E-2 2.28268E-2 2.20827E-2 1.79107E-2 1.66741E-2 1.95327E-2 2.1729E-2 2.75279E-2 3.20421E-2 3.43464E-2 3.36994E-2 3.56349E-2 3.48812E-2 3.19782E-2 2.86325E-2 2.46236E-2 2.41025E-2 3.99349E-2 4.35763E-2 4.21549E-2 4.46661E-2 -9999 -9999 -9999 -9999 -9999 -9999 -9999 -9999 -9999 -9999 -9999
3.43392E-2 3.34069E-2 2.80913E-2 2.30268E-2 2.63966E-2 2.56278E-2 2.08847E-2 3.26325E-2 3.17421E-2 -9999 -9999 -9999 -9999 -9999 -9999 -9999 -9999 -9999 -9999 -9999 -9999 -9999 -9999 -9999 -9999 -9999 -9999 -9999 -9999 3.61579E-2 2.81161E-2 3.28006E-2 1.90654E-2 2.11596E-2 2.23114E-2 2.31588E-2 2.09147E-2 2.106E-2 2.32918E-2 2.41211E-2 2.44244E-2 2.43549E-2 1.85301E-2 1.65008E-2 1.95227E-2 1.79469E-2 2.22188E-2 2.33173E-2 2.97522E-2 3.43971E-2 3.34517E-2 3.54071E-2 3.51577E-2 3.41028E-2 2.82797E-2 2.61554E-2 2.75805E-2 4.23188E-2 4.38294E-2 4.18156E-2 3.92708E-2 4.3291E-2 4.27012E-2 3.97426E-2 4.06545E-2 -9999 -9999 3.37575E-2 -9999 -9999 -9999 -9999
2.9173E-2 3.23272E-2 2.79782E-2 2.18171E-2 2.64649E-2 2.12176E-2 2.69745E-2 3.2553E-2 2.58774E-2 -9999 -9999 -9999 -9999 -9999 -9999 -9999 -9999 -9999 -9999 -9999 -9999 -9999 -9999 -9999 -9999 -9999 -9999 -9999 -9999 -9999 -9999 3.41263E-2 2.6398E-2 2.17096E-2 2.17585E-2 1.99532E-2 2.37563E-2 2.34595E-2 2.33339E-2 2.40462E-2 2.37342E-2 2.16153E-2 1.90039E-2 2.00569E-2 2.26807E-2 2.26438E-2 2.24573E-2 2.17214E-2 2.71004E-2 3.29991E-2 3.39324E-2 3.52935E-2 3.38119E-2 3.31509E-2 3.35522E-2 3.28691E-2 3.22276E-2 3.01604E-2 4.16373E-2 4.30384E-2 3.03408E-2 2.54434E-2 2.48792E-2 3.19699E-2 4.06244E-2 -9999 -9999 -9999 -9999 -9999 -9999 -9999
3.01259E-2 3.23094E-2 2.81129E-2 2.64854E-2 2.62045E-2 3.01435E-2 2.40647E-2 2.45668E-2 2.42307E-2 -9999 -9999 -9999 -9999 -9999 -9999 -9999 -9999 -9999 -9999 -9999 -9999 -9999 -9999 -9999 -9999 -9999 -9999 -9999 -9999 -9999 -9999 3.4529E-2 3.28923E-2 2.71013E-2 2.39057E-2 2.16777E-2 2.293E-2 2.19209E-2 2.05963E-2 2.2595E-2 2.21091E-2 1.65357E-2 1.64907E-2 1.64427E-2 1.98903E-2 2.00238E-2 2.16713E-2 2.42593E-2 2.57518E-2 3.27735E-2 3.44657E-2 3.39773E-2 3.2109E-2 3.35227E-2 3.32916E-2 3.35277E-2 3.17895E-2 3.67098E-2 3.72571E-2 4.0159E-2 4.40194E-2 4.59566E-2 4.61729E-2 -9999 -9999 -9999 4.24344E-2 -9999 -9999 -9999 -9999 -9999
2.96831E-2 3.06245E-2 2.85146E-2 2.29718E-2 2.61373E-2 2.97799E-2 2.97939E-2 2.36732E-2 2.39871E-2 -9999 -9999 -9999 -9999 -9999 -9999 -9999 -9999 -9999 -9999 -9999 -9999 -9999 -9999 -9999 -9999 -9999 -9999 -9999 -9999 -9999 -9999 -9999 -9999 -9999 3.37298E-2 2.95422E-2 3.08823E-2 2.66166E-2 2.01897E-2 2.10868E-2 1.90254E-2 1.66002E-2 1.66598E-2 1.96266E-2 2.33391E-2 2.6006E-2 2.66262E-2 2.74475E-2 2.50562E-2 2.51002E-2 3.05513E-2 3.24863E-2 3.21931E-2 3.09661E-2 3.32426E-2 3.43221E-2 3.62003E-2 3.2752E-2 2.94808E-2 4.22273E-2 4.23534E-2 4.26293E-2 3.86504E-2 3.86761E-2 4.1704E-2 4.03894E-2 4.30586E-2 -9999 -9999 -9999 -9999 4.03694E-2
2.7928E-2 2.88262E-2 3.0468E-2 2.90769E-2 2.62486E-2 2.58401E-2 3.00486E-2 2.36344E-2 2.37473E-2 -9999 -9999 -9999 -9999 -9999 -9999 -9999 -9999 -9999 -9999 -9999 -9999 -9999 -9999 -9999 -9999 -9999 -9999 -9999 -9999 -9999 -9999 3.37276E-2 3.38568E-2 3.41441E-2 3.3315E-2 -9999 -9999 3.1892E-2 2.92074E-2 2.32806E-2 1.74268E-2 1.77598E-2 2.2315E-2 2.36566E-2 2.51182E-2 2.90555E-2 2.44644E-2 2.31351E-2 2.19368E-2 2.51714E-2 3.30701E-2 3.11684E-2 2.88045E-2 3.22431E-2 3.14648E-2 3.2449E-2 3.23604E-2 3.56691E-2 3.96809E-2 4.05871E-2 4.15557E-2 2.9856E-2 2.53717E-2 3.75712E-2 4.10604E-2 -9999 3.63788E-2 3.37783E-2 3.40371E-2 -9999 3.80693E-2 4.6691E-2
2.63364E-2 2.99768E-2 2.5141E-2 2.48707E-2 3.07341E-2 2.58448E-2 2.97282E-2 2.33611E-2 2.33193E-2 -9999 -9999 -9999 -9999 -9999 -9999 -9999 -9999 -9999 -9999 -9999 -9999 -9999 -9999 -9999 -9999 -9999 -9999 -9999 -9999 -9999 -9999 3.42987E-2 2.94685E-2 2.82544E-2 2.51693E-2 2.97683E-2 -9999 -9999 3.13647E-2 2.83699E-2 2.15854E-2 2.12876E-2 2.25044E-2 2.30069E-2 2.45474E-2 3.07074E-2 2.85552E-2 2.75694E-2 2.95155E-2 3.1221E-2 2.95035E-2 2.89733E-2 3.1087E-2 3.08438E-2 3.07351E-2 2.87645E-2 2.61108E-2 2.84673E-2 3.26343E-2 3.62372E-2 4.19028E-2 3.87191E-2 3.65263E-2 3.16615E-2 4.31911E-2 -9999 4.61017E-2 4.89923E-2 2.79009E-2 3.29211E-2 3.81435E-2 4.93064E-2
2.59042E-2 2.57714E-2 2.57445E-2 2.52946E-2 2.48733E-2 2.87662E-2 2.87277E-2 2.27724E-2 2.27258E-2 2.31199E-2 -9999 -9999 -9999 -9999 -9999 -9999 -9999 -9999 -9999 -9999 -9999 -9999 -9999 -9999 -9999 -9999 -9999 -9999 -9999 -9999 -9999 -9999 -9999 2.45383E-2 2.51254E-2 3.47322E-2 -9999 -9999 3.11887E-2 2.85238E-2 2.59195E-2 1.76857E-2 2.31786E-2 2.03643E-2 2.39497E-2 2.71438E-2 3.11924E-2 3.03477E-2 3.00098E-2 2.82539E-2 2.91672E-2 2.93967E-2 3.01515E-2 2.96032E-2 2.44235E-2 2.41151E-2 2.30537E-2 2.51239E-2 2.22914E-2 2.72016E-2 3.25787E-2 3.16072E-2 3.7293E-2 4.4727E-2 4.13037E-2 4.7844E-2 4.46533E-2 4.80935E-2 2.95796E-2 2.40861E-2 3.36746E-2 3.89674E-2
2.95495E-2 2.56462E-2 2.4797E-2 2.45048E-2 2.45095E-2 2.86182E-2 2.84113E-2 2.84325E-2 2.90226E-2 2.26711E-2 -9999 -9999 -9999 -9999 -9999 -9999 -9999 -9999 -9999 -9999 -9999 -9999 -9999 -9999 -9999 -9999 -9999 -9999 -9999 -9999 -9999 -9999 -9999 3.24308E-2 3.15878E-2 3.07411E-2 3.43332E-2 3.02164E-2 2.99784E-2 2.6638E-2 2.3511E-2 1.86852E-2 2.24721E-2 2.04404E-2 2.39195E-2 2.68787E-2 3.05476E-2 2.95796E-2 2.76537E-2 2.71382E-2 2.90902E-2 2.00302E-2 2.55739E-2 2.51613E-2 2.5635E-2 2.19138E-2 2.63809E-2 2.27024E-2 2.34143E-2 2.7602E-2 3.01667E-2 3.17071E-2 3.98968E-2 4.10994E-2 4.10244E-2 3.13625E-2 2.81494E-2 2.39478E-2 4.26434E-2 3.20901E-2 -9999 3.45527E-2
2.6609E-2 2.88521E-2 2.84942E-2 2.44589E-2 2.44607E-2 2.43849E-2 2.81301E-2 2.78714E-2 2.87669E-2 -9999 -9999 -9999 -9999 -9999 -9999 -9999 -9999 -9999 -9999 -9999 -9999 -9999 -9999 -9999 -9999 -9999 -9999 -9999 -9999 -9999 -9999 -9999 -9999 -9999 -9999 2.93931E-2 3.20348E-2 3.06344E-2 2.48452E-2 1.98092E-2 1.81225E-2 2.29833E-2 2.25844E-2 2.1463E-2 2.58397E-2 2.86071E-2 3.02627E-2 3.05098E-2 2.84187E-2 2.7757E-2 2.93814E-2 2.87916E-2 2.9748E-2 2.82853E-2 2.82076E-2 2.67441E-2 2.41597E-2 2.32624E-2 2.35288E-2 3.22701E-2 3.12069E-2 3.37515E-2 3.73172E-2 3.58415E-2 3.91922E-2 4.07822E-2 2.53394E-2 2.85437E-2 2.84188E-2 2.50185E-2 -9999 -9999
2.55434E-2 3.0087E-2 3.00444E-2 2.81773E-2 2.51414E-2 2.51333E-2 2.29235E-2 2.76467E-2 2.20869E-2 -9999 -9999 -9999 -9999 -9999 -9999 -9999 -9999 -9999 -9999 -9999 -9999 -9999 -9999 -9999 -9999 -9999 -9999 -9999 -9999 -9999 -9999 -9999 -9999 -9999 -9999 -9999 3.00484E-2 3.03524E-2 2.57079E-2 1.9745E-2 2.11056E-2 2.20379E-2 2.22727E-2 2.12058E-2 2.57465E-2 2.95192E-2 2.97051E-2 3.00442E-2 2.87996E-2 2.18577E-2 2.22561E-2 2.84603E-2 2.9219E-2 3.17537E-2 3.10842E-2 2.96268E-2 3.04164E-2 3.05369E-2 2.64342E-2 3.20696E-2 3.10741E-2 3.07512E-2 3.13823E-2 3.03896E-2 3.83573E-2 4.29949E-2 2.5432E-2 2.92334E-2 2.89335E-2 2.64385E-2 -9999 -9999
