Artocarpus altilis SDM files/MIS19/results (without bias file)/Artalt_9.asc
ncols         1201
nrows         481
xllcorner     119.99986351115
yllcorner     -15.00013828885
cellsize      0.041666667
NODATA_value  -9999
[rows 448 to 479 of 481, columns 216 to 287 of 1201]
-9999 -9999 -9999 -9999 -9999 -9999 -9999 -9999 -9999 -9999 -9999 -9999 -9999 -9999 -9999 -9999 -9999 -9999 6.54753E-2 7.13043E-2 7.83395E-2 9.09356E-2 5.79855E-2 4.15749E-2 3.00217E-2 3.02391E-2 2.24481E-2 2.3711E-2 2.14136E-2 1.88846E-2 1.41816E-2 1.03531E-2 8.91226E-3 7.87207E-3 7.04687E-3 6.39253E-3 4.57182E-3 5.01703E-3 3.62333E-3 3.1595E-3 3.5875E-3 4.81289E-3 1.34243E-2 7.35662E-3 5.41788E-3 7.81666E-3 7.59349E-3 5.89705E-3 4.55787E-3 3.34453E-3 3.96556E-3 2.82254E-3 3.49149E-3 4.09644E-3 4.19236E-3 2.87552E-3 2.65751E-3 2.45051E-3 3.26956E-3 4.88543E-3 1.11997E-2 1.39614E-2 1.41391E-2 1.17161E-2 9.04395E-3 4.43516E-3 3.70816E-3 6.87838E-3 4.1424E-3 2.61281E-3 2.56266E-3 2.13547E-3
-9999 -9999 -9999 -9999 -9999 -9999 -9999 -9999 -9999 -9999 -9999 -9999 -9999 -9999 -9999 -9999 -9999 -9999 6.22777E-2 6.66261E-2 7.9072E-2 5.91654E-2 5.32306E-2 4.74639E-2 3.42514E-2 3.517E-2 2.70298E-2 1.84108E-2 1.9569E-2 2.27671E-2 1.32499E-2 1.17816E-2 8.54255E-3 7.45586E-3 6.57664E-3 5.96687E-3 4.28342E-3 3.88755E-3 4.45132E-3 3.83355E-3 3.59524E-3 5.76024E-3 1.35154E-2 3.76783E-3 4.14517E-3 4.76164E-3 5.77367E-3 4.74266E-3 3.55229E-3 3.22098E-3 3.03444E-3 2.85237E-3 3.25631E-3 3.96856E-3 3.32936E-3 2.73175E-3 2.02519E-3 2.49849E-3 3.19691E-3 2.62381E-3 4.40545E-3 1.33723E-2 7.53806E-3 7.21239E-3 7.82081E-3 5.79887E-3 4.69243E-3 6.93681E-3 4.44423E-3 4.29394E-3 3.36272E-3 3.09275E-3
-9999 -9999 -9999 -9999 -9999 -9999 -9999 -9999 -9999 -9999 -9999 -9999 -9999 -9999 -9999 -9999 -9999 -9999 5.47044E-2 5.50885E-2 5.2358E-2 4.55499E-2 4.03355E-2 3.5589E-2 3.01676E-2 3.25222E-2 2.58877E-2 1.85939E-2 1.85866E-2 2.07878E-2 1.54683E-2 1.15699E-2 8.0151E-3 6.90629E-3 6.03288E-3 5.43697E-3 5.05935E-3 4.54055E-3 3.48575E-3 3.90595E-3 3.37822E-3 4.64889E-3 1.31457E-2 2.39964E-3 3.29362E-3 3.79803E-3 5.32531E-3 4.40239E-3 4.12638E-3 2.44898E-3 2.23283E-3 2.67148E-3 3.26226E-3 3.22483E-3 3.17421E-3 1.96913E-3 1.91878E-3 1.97986E-3 2.572E-3 1.91401E-3 1.72469E-3 4.2872E-3 8.31326E-3 5.24283E-3 7.60764E-3 7.48555E-3 5.60741E-3 6.69975E-3 5.47129E-3 4.14845E-3 3.78563E-3 4.11719E-3
-9999 -9999 -9999 -9999 -9999 -9999 -9999 -9999 -9999 -9999 -9999 -9999 -9999 -9999 -9999 -9999 -9999 -9999 4.3747E-2 5.1258E-2 4.75947E-2 3.98848E-2 3.6031E-2 3.2091E-2 2.77265E-2 3.02643E-2 3.54191E-2 2.18564E-2 1.8688E-2 1.58054E-2 1.73721E-2 1.09764E-2 9.47282E-3 6.9326E-3 5.96076E-3 5.16837E-3 4.81731E-3 4.48755E-3 3.94202E-3 3.65773E-3 3.38084E-3 3.71223E-3 3.66889E-3 2.71351E-3 3.80859E-3 3.57477E-3 4.19577E-3 4.24281E-3 3.33154E-3 2.45397E-3 2.11139E-3 2.69469E-3 2.58812E-3 1.76161E-3 1.60193E-3 1.51773E-3 1.60718E-3 1.99873E-3 1.91823E-3 1.64968E-3 1.92542E-3 2.51771E-3 1.16571E-2 7.72936E-3 7.02195E-3 8.30059E-3 8.21927E-3 7.82442E-3 6.64779E-3 4.99719E-3 4.44453E-3 4.1811E-3
-9999 -9999 -9999 -9999 -9999 -9999 -9999 -9999 -9999 -9999 -9999 -9999 -9999 -9999 -9999 -9999 -9999 5.2789E-2 6.18527E-2 6.06977E-2 4.55421E-2 3.72649E-2 3.99477E-2 3.8264E-2 3.39938E-2 3.49272E-2 4.08629E-2 2.51371E-2 1.72419E-2 1.51545E-2 1.66645E-2 1.21175E-2 1.09692E-2 6.55006E-3 5.7479E-3 4.96997E-3 4.62471E-3 4.15005E-3 3.87122E-3 3.66976E-3 3.25361E-3 2.96452E-3 2.85107E-3 2.54469E-3 3.54739E-3 4.31228E-3 3.508E-3 3.35162E-3 1.50808E-3 1.57299E-3 1.4817E-3 2.02509E-3 1.28768E-3 1.29601E-3 1.86465E-3 1.75893E-3 1.60506E-3 1.92354E-3 2.25989E-3 2.25415E-3 2.07326E-3 2.42915E-3 6.87482E-3 1.35468E-2 8.42736E-3 9.76703E-3 1.10467E-2 1.0271E-2 6.46558E-3 6.14029E-3 4.42746E-3 4.24508E-3
-9999 -9999 -9999 -9999 -9999 -9999 -9999 -9999 -9999 -9999 -9999 -9999 -9999 -9999 -9999 -9999 -9999 6.31512E-2 7.26191E-2 7.14159E-2 4.41719E-2 3.67232E-2 3.13484E-2 2.81143E-2 2.93246E-2 4.02453E-2 3.67037E-2 3.80624E-2 3.61713E-2 1.79963E-2 1.89018E-2 1.83615E-2 8.88604E-3 6.29715E-3 5.49245E-3 4.81154E-3 5.17877E-3 4.90005E-3 4.40221E-3 6.12765E-3 3.94149E-3 3.10346E-3 2.26025E-3 2.42606E-3 3.42268E-3 8.16902E-3 2.19057E-3 1.59336E-3 1.437E-3 1.51893E-3 1.57014E-3 1.62025E-3 1.32571E-3 1.79091E-3 2.14173E-3 2.03375E-3 1.97788E-3 2.31761E-3 2.22721E-3 2.66179E-3 2.56438E-3 2.9565E-3 3.46887E-3 1.09936E-2 3.8599E-3 7.90906E-3 1.18883E-2 5.7526E-3 4.77835E-3 3.80244E-3 3.60616E-3 2.66561E-3
-9999 -9999 -9999 -9999 -9999 -9999 -9999 -9999 -9999 -9999 -9999 -9999 -9999 -9999 -9999 -9999 -9999 5.91206E-2 5.72234E-2 5.53394E-2 4.80717E-2 3.6452E-2 2.44919E-2 2.4996E-2 3.25721E-2 4.8677E-2 2.97288E-2 3.03469E-2 4.14741E-2 5.80925E-2 3.74151E-2 1.18704E-2 8.26356E-3 5.98046E-3 5.05294E-3 5.53187E-3 4.95487E-3 5.68E-3 4.44945E-3 5.98093E-3 5.82137E-3 3.72667E-3 2.74017E-3 2.40703E-3 2.71776E-3 1.70108E-3 1.61893E-3 1.47174E-3 1.46367E-3 1.56186E-3 2.00286E-3 2.35822E-3 1.92593E-3 1.16097E-3 1.59986E-3 1.90813E-3 2.36243E-3 2.71993E-3 2.67955E-3 2.58892E-3 3.11691E-3 3.60299E-3 2.52347E-3 4.93264E-3 6.16261E-3 7.61538E-3 5.33799E-3 3.38697E-3 3.41823E-3 3.941E-3 2.46599E-3 2.66755E-3
-9999 -9999 -9999 -9999 -9999 -9999 -9999 -9999 -9999 -9999 -9999 -9999 -9999 -9999 -9999 -9999 -9999 3.74065E-2 4.18841E-2 3.64023E-2 5.2888E-2 4.03108E-2 2.28928E-2 2.38261E-2 2.60811E-2 2.51225E-2 2.13334E-2 1.86173E-2 2.02901E-2 6.36443E-2 2.94511E-2 1.15156E-2 7.91171E-3 6.88715E-3 4.78167E-3 5.05114E-3 4.7772E-3 4.56344E-3 3.37681E-3 3.71787E-3 6.47931E-3 6.7519E-3 3.21623E-3 3.65449E-3 2.00319E-3 2.04743E-3 1.62939E-3 1.62858E-3 1.76548E-3 1.46146E-3 1.86972E-3 2.43296E-3 9.75999E-4 1.52058E-3 1.94648E-3 2.22595E-3 2.64362E-3 3.27232E-3 4.161E-3 3.23317E-3 3.84867E-3 3.71355E-3 2.12428E-3 3.73946E-3 1.08332E-2 9.44786E-3 8.96542E-3 5.02301E-3 2.57259E-3 2.73753E-3 2.5163E-3 2.0847E-3
-9999 -9999 -9999 -9999 -9999 -9999 -9999 -9999 -9999 -9999 -9999 -9999 -9999 -9999 -9999 -9999 -9999 3.33667E-2 3.13015E-2 3.38073E-2 4.66134E-2 3.0673E-2 2.59328E-2 2.71386E-2 2.41521E-2 2.15817E-2 1.89907E-2 1.72429E-2 2.25503E-2 3.4334E-2 1.44829E-2 1.04418E-2 9.23911E-3 6.51718E-3 4.56708E-3 4.9677E-3 4.55363E-3 4.28724E-3 3.24613E-3 3.44215E-3 8.92452E-3 2.23157E-2 6.30808E-3 3.5529E-3 1.64777E-3 1.73228E-3 1.61122E-3 1.72983E-3 2.09257E-3 1.52546E-3 2.23434E-3 2.27757E-3 1.0403E-3 9.57456E-4 1.11974E-3 1.70884E-3 3.17731E-3 5.06801E-3 2.59755E-3 1.81207E-3 1.74528E-3 2.27429E-3 1.54793E-3 1.42139E-3 8.27938E-3 8.65085E-3 6.54553E-3 3.13052E-3 2.46473E-3 2.40712E-3 1.88862E-3 2.74569E-3
-9999 -9999 -9999 -9999 -9999 -9999 -9999 -9999 -9999 -9999 -9999 -9999 -9999 -9999 5.28571E-2 4.55849E-2 5.06234E-2 4.06008E-2 3.05898E-2 2.67298E-2 2.88557E-2 2.16094E-2 2.24483E-2 2.61367E-2 2.95684E-2 1.78738E-2 1.81117E-2 2.40723E-2 2.33562E-2 1.45278E-2 1.34384E-2 9.65347E-3 7.02594E-3 6.02296E-3 5.43524E-3 4.86292E-3 4.33058E-3 4.14444E-3 3.64234E-3 5.23899E-3 7.12942E-3 1.70092E-2 9.37027E-3 5.60076E-3 1.49763E-3 1.86205E-3 1.54488E-3 2.10091E-3 1.8971E-3 2.24628E-3 2.68108E-3 2.70684E-3 1.20977E-3 8.1783E-4 1.32271E-3 2.08117E-3 2.49678E-3 2.9596E-3 2.61566E-3 1.16756E-3 1.19788E-3 1.26179E-3 1.14588E-3 1.56516E-3 3.24042E-3 9.7165E-3 4.12328E-3 2.39774E-3 2.37804E-3 1.77247E-3 1.63504E-3 1.94875E-3
-9999 -9999 -9999 -9999 -9999 -9999 -9999 -9999 -9999 -9999 -9999 6.64297E-2 5.84552E-2 4.06167E-2 4.61064E-2 5.10153E-2 4.7464E-2 3.94099E-2 2.76878E-2 2.49885E-2 2.18669E-2 1.97481E-2 1.77224E-2 1.97645E-2 1.74632E-2 1.27756E-2 1.11467E-2 2.15563E-2 2.65454E-2 1.74365E-2 1.00207E-2 7.232E-3 6.24597E-3 5.47777E-3 5.02304E-3 4.35869E-3 4.90015E-3 4.66885E-3 4.36299E-3 6.30629E-3 3.48913E-3 2.87348E-3 1.23949E-2 5.70705E-3 1.18658E-3 1.4677E-3 1.3661E-3 2.01361E-3 2.18297E-3 2.16841E-3 3.40694E-3 1.47628E-3 9.60911E-4 7.80297E-4 9.89933E-4 1.33924E-3 2.45718E-3 1.89277E-3 1.1348E-3 8.22265E-4 1.51968E-3 1.59125E-3 1.87538E-3 2.17992E-3 2.04528E-3 4.85042E-3 4.79602E-3 1.54529E-3 2.32461E-3 2.92282E-3 1.90317E-3 1.55293E-3
-9999 -9999 -9999 -9999 -9999 -9999 -9999 -9999 -9999 -9999 -9999 4.57495E-2 5.29334E-2 3.88024E-2 4.3911E-2 4.55217E-2 6.50322E-2 4.40812E-2 3.18431E-2 2.38883E-2 2.077E-2 1.82487E-2 1.63968E-2 1.46885E-2 1.35251E-2 9.72897E-3 9.76743E-3 1.28099E-2 2.91609E-2 1.58172E-2 9.13559E-3 7.78733E-3 7.1313E-3 6.46423E-3 4.71588E-3 4.99076E-3 5.72097E-3 9.79717E-3 6.49855E-3 1.37188E-2 5.30393E-3 1.15918E-2 1.2717E-2 2.11647E-3 2.30983E-3 1.69823E-3 1.43362E-3 2.32818E-3 1.97993E-3 1.88856E-3 2.57016E-3 1.49371E-3 1.05339E-3 9.93246E-4 7.3304E-4 9.29784E-4 1.68366E-3 1.26616E-3 7.75475E-4 1.50445E-3 2.3461E-3 2.80853E-3 2.66977E-3 3.23906E-3 2.52236E-3 3.88064E-3 1.74357E-3 1.13716E-3 1.58427E-3 1.54911E-3 1.51672E-3 1.88906E-3
-9999 -9999 -9999 -9999 -9999 -9999 -9999 -9999 -9999 -9999 -9999 5.19978E-2 4.0821E-2 3.72609E-2 3.30355E-2 3.42053E-2 4.90989E-2 4.7807E-2 2.94091E-2 2.17304E-2 1.80117E-2 2.01555E-2 1.49373E-2 1.33316E-2 1.16535E-2 1.0345E-2 9.22662E-3 1.01158E-2 1.44212E-2 1.11245E-2 1.0113E-2 8.7749E-3 7.80876E-3 7.16247E-3 5.25289E-3 4.75597E-3 6.4352E-3 1.08895E-2 2.46669E-2 2.80413E-2 2.4247E-2 1.48915E-2 1.76253E-2 1.40265E-2 2.55413E-3 1.91704E-3 1.42485E-3 1.90832E-3 2.68142E-3 2.18337E-3 2.98888E-3 2.57792E-3 1.3987E-3 1.18624E-3 9.02728E-4 8.56065E-4 7.69908E-4 1.00823E-3 9.13286E-4 1.94376E-3 2.37954E-3 2.7771E-3 3.33247E-3 4.00605E-3 4.14503E-3 4.00467E-3 1.70937E-3 1.09769E-3 8.08144E-4 6.84549E-4 7.77262E-4 9.08624E-4
-9999 -9999 -9999 -9999 -9999 -9999 -9999 -9999 -9999 -9999 4.86109E-2 4.70466E-2 3.77948E-2 3.84659E-2 3.55502E-2 3.17942E-2 4.27487E-2 4.23834E-2 2.8728E-2 1.92107E-2 1.69046E-2 1.79211E-2 1.41003E-2 1.22138E-2 1.02907E-2 9.72954E-3 9.97952E-3 1.33372E-2 1.83784E-2 2.5374E-2 2.06917E-2 1.22652E-2 2.44912E-2 3.04899E-2 7.62613E-3 8.24087E-3 1.71066E-2 2.85902E-2 2.52444E-2 2.45664E-2 2.75564E-2 2.40705E-2 2.4036E-2 2.41085E-2 5.413E-3 1.61698E-3 1.48599E-3 1.99533E-3 2.12906E-3 1.97259E-3 2.51616E-3 2.58054E-3 1.50191E-3 1.13138E-3 1.15048E-3 8.73098E-4 1.20986E-3 6.70709E-4 6.78776E-4 1.13473E-3 1.52215E-3 1.92257E-3 1.54633E-3 2.10072E-3 1.81399E-3 1.51702E-3 1.71445E-3 1.12457E-3 7.76993E-4 5.79258E-4 7.83315E-4 6.13387E-4
-9999 -9999 -9999 -9999 -9999 -9999 -9999 -9999 -9999 3.75258E-2 4.39223E-2 5.1397E-2 4.0907E-2 3.51225E-2 3.11223E-2 3.47041E-2 4.86712E-2 4.05957E-2 2.50506E-2 2.12991E-2 1.53208E-2 1.35859E-2 1.25169E-2 1.10174E-2 9.5496E-3 9.75532E-3 2.51431E-2 5.45756E-2 4.97214E-2 5.25008E-2 4.92219E-2 4.59487E-2 4.29079E-2 4.33736E-2 2.14561E-2 2.74452E-2 3.00588E-2 2.73841E-2 2.56945E-2 2.67781E-2 2.37317E-2 2.05396E-2 2.34991E-2 8.53331E-3 4.70143E-3 2.37341E-3 1.32453E-3 3.08808E-3 3.7006E-3 2.80031E-3 2.40596E-3 3.02928E-3 1.8631E-3 1.39837E-3 1.44436E-3 1.67677E-3 1.03113E-3 7.08207E-4 6.06666E-4 8.65719E-4 1.05864E-3 1.15619E-3 1.09922E-3 8.82953E-4 1.14136E-3 1.22042E-3 1.5442E-3 1.23101E-3 7.34488E-4 5.21858E-4 5.25768E-4 8.0786E-4
-9999 -9999 -9999 -9999 -9999 -9999 -9999 -9999 -9999 3.24213E-2 3.86796E-2 4.53298E-2 4.27397E-2 4.80346E-2 3.53017E-2 3.66309E-2 5.35467E-2 3.06279E-2 2.12045E-2 2.29345E-2 1.86532E-2 1.2703E-2 1.10852E-2 1.1636E-2 8.79296E-3 9.20175E-3 3.39917E-2 5.88504E-2 5.63296E-2 5.34441E-2 4.77366E-2 4.30101E-2 3.9412E-2 3.73738E-2 3.22514E-2 2.88429E-2 3.06625E-2 2.78878E-2 2.54873E-2 2.50737E-2 2.43948E-2 1.68029E-2 2.13432E-2 4.81082E-3 2.96335E-3 3.80093E-3 5.18539E-3 2.41237E-3 4.3876E-3 4.46051E-3 2.58603E-3 3.62424E-3 3.34475E-3 2.23269E-3 1.55397E-3 2.55952E-3 1.26876E-3 8.26645E-4 5.25743E-4 7.13946E-4 9.75829E-4 9.47156E-4 1.0428E-3 6.43753E-4 8.34482E-4 7.35854E-4 7.25547E-4 7.01579E-4 4.84459E-4 4.90494E-4 7.64829E-4 9.74468E-4
-9999 -9999 -9999 -9999 -9999 -9999 -9999 -9999 3.01806E-2 3.57939E-2 3.53542E-2 3.84419E-2 5.50532E-2 5.59718E-2 4.07973E-2 4.36096E-2 4.93009E-2 3.38498E-2 2.28663E-2 2.6808E-2 1.32031E-2 9.71227E-3 9.79203E-3 1.03404E-2 1.13284E-2 1.49976E-2 2.09063E-2 4.66495E-2 5.08683E-2 4.95824E-2 4.32459E-2 3.74612E-2 3.71018E-2 3.16007E-2 2.81782E-2 2.68999E-2 2.91745E-2 2.85424E-2 2.26429E-2 1.86262E-2 1.82271E-2 1.93048E-2 4.75963E-3 3.48662E-3 2.77136E-3 3.0037E-3 1.60824E-2 1.37655E-2 4.82549E-3 7.97727E-3 3.60604E-3 3.71855E-3 1.2195E-2 3.39193E-3 1.84603E-3 2.91073E-3 1.70839E-3 9.98641E-4 7.55228E-4 4.72243E-4 4.31218E-4 4.69774E-4 7.74259E-4 5.90902E-4 5.44045E-4 5.21214E-4 5.01267E-4 4.35656E-4 4.80824E-4 7.84521E-4 6.87299E-4 8.51008E-4
-9999 -9999 -9999 -9999 -9999 -9999 -9999 -9999 2.94891E-2 3.889E-2 3.87116E-2 3.56437E-2 4.98442E-2 4.1237E-2 2.96645E-2 3.18256E-2 3.64185E-2 2.98362E-2 2.17479E-2 1.63544E-2 1.18612E-2 9.95205E-3 8.75808E-3 7.50389E-3 1.02026E-2 2.0334E-2 4.49022E-2 4.94937E-2 4.95697E-2 4.24527E-2 3.91288E-2 3.46813E-2 3.33975E-2 2.92832E-2 2.73917E-2 2.73378E-2 2.14211E-2 2.02377E-2 2.19529E-2 1.9482E-2 2.26325E-2 1.08086E-2 6.59809E-3 5.65924E-3 8.4113E-3 2.61726E-3 9.32989E-3 1.42401E-2 1.55541E-2 1.17955E-2 1.0728E-2 3.69082E-3 1.13881E-2 1.12724E-2 3.53661E-3 1.85725E-3 9.39463E-4 8.07034E-4 1.23763E-3 5.81162E-4 6.3264E-4 3.76191E-4 5.40919E-4 4.54065E-4 3.81428E-4 3.63781E-4 3.89665E-4 4.92809E-4 7.06727E-4 1.01612E-3 1.17109E-3 1.35828E-3
-9999 -9999 -9999 -9999 -9999 -9999 -9999 -9999 3.08051E-2 3.04466E-2 3.42636E-2 3.23145E-2 4.64245E-2 3.18879E-2 2.12613E-2 2.44956E-2 2.53429E-2 2.14974E-2 1.55553E-2 1.18008E-2 1.00432E-2 8.8113E-3 9.04329E-3 1.25428E-2 1.37648E-2 3.48634E-2 5.00114E-2 4.75505E-2 4.56819E-2 4.13364E-2 3.70922E-2 3.47851E-2 3.13792E-2 2.94753E-2 2.74047E-2 2.41351E-2 2.10906E-2 1.86006E-2 1.69033E-2 1.91822E-2 1.9856E-2 1.95221E-2 1.90356E-2 9.04447E-3 1.67847E-2 6.61836E-3 5.60418E-3 1.26726E-2 1.27544E-2 1.23352E-2 1.22014E-2 5.10555E-3 8.67644E-3 5.176E-3 8.24242E-3 1.77506E-3 1.18599E-3 1.36414E-3 8.18434E-4 4.76872E-4 8.12398E-4 3.39211E-4 3.43538E-4 3.89183E-4 2.91247E-4 3.93066E-4 4.15221E-4 5.25773E-4 6.72239E-4 1.04843E-3 1.47909E-3 1.78763E-3
-9999 -9999 -9999 -9999 -9999 -9999 -9999 -9999 2.44259E-2 2.20791E-2 1.99999E-2 1.91329E-2 2.15556E-2 1.64361E-2 1.52219E-2 1.78996E-2 1.50628E-2 2.17436E-2 1.1529E-2 1.0164E-2 8.7813E-3 7.40974E-3 9.51948E-3 1.6959E-2 2.36027E-2 4.76568E-2 4.36795E-2 4.34781E-2 4.04668E-2 3.92393E-2 3.66151E-2 3.32625E-2 2.88553E-2 2.89744E-2 2.50981E-2 2.29097E-2 2.15692E-2 1.87859E-2 1.68756E-2 1.28271E-2 1.40354E-2 1.3528E-2 1.55311E-2 1.22205E-2 1.6093E-2 1.06221E-2 7.84499E-3 1.2224E-2 1.07282E-2 7.70927E-3 6.56371E-3 8.13473E-3 6.6737E-3 4.44146E-3 2.29493E-3 1.43865E-3 1.14619E-3 6.17826E-4 4.54925E-4 5.28998E-4 1.34992E-3 6.64799E-4 5.21128E-4 4.15853E-4 2.89796E-4 3.70727E-4 4.78429E-4 6.19693E-4 6.88322E-4 8.8825E-4 1.42264E-3 1.7837E-3
-9999 -9999 -9999 -9999 -9999 -9999 -9999 -9999 -9999 -9999 1.75789E-2 1.61064E-2 1.43226E-2 1.49411E-2 1.11911E-2 1.00996E-2 9.02945E-3 1.02914E-2 9.58736E-3 7.06064E-3 6.21906E-3 7.97971E-3 1.61147E-2 2.86436E-2 4.63973E-2 4.55145E-2 4.21077E-2 4.01033E-2 3.69029E-2 3.66151E-2 3.16596E-2 2.84185E-2 2.76047E-2 2.28623E-2 1.72672E-2 1.77998E-2 1.77337E-2 1.70033E-2 1.56328E-2 1.0654E-2 1.13653E-2 1.09072E-2 1.06556E-2 1.11876E-2 1.37375E-2 7.58831E-3 1.18378E-2 1.04807E-2 9.12087E-3 6.75356E-3 4.64952E-3 6.33381E-3 6.35824E-3 3.66161E-3 1.19511E-3 8.90643E-4 6.6074E-4 6.11814E-4 7.37821E-4 6.43299E-4 1.47556E-3 1.41227E-3 6.56269E-4 5.11874E-4 3.63232E-4 5.0426E-4 4.83239E-4 4.97958E-4 5.96814E-4 6.68696E-4 1.25003E-3 9.70026E-4
-9999 -9999 -9999 -9999 -9999 -9999 -9999 -9999 -9999 -9999 1.21734E-2 1.17319E-2 1.28487E-2 1.0582E-2 9.82081E-3 8.61758E-3 7.78289E-3 8.48826E-3 8.45934E-3 5.95862E-3 5.18681E-3 1.06793E-2 1.47578E-2 2.19536E-2 4.48664E-2 4.67838E-2 4.25732E-2 3.86677E-2 3.52929E-2 3.08466E-2 2.96609E-2 2.658E-2 2.68893E-2 2.21803E-2 2.13329E-2 1.23511E-2 1.7626E-2 1.35669E-2 1.39111E-2 1.01936E-2 6.79386E-3 5.64712E-3 9.20402E-3 1.24653E-2 1.10251E-2 9.99901E-3 1.06062E-2 8.24963E-3 7.51649E-3 5.97723E-3 4.54823E-3 4.87217E-3 4.87649E-3 2.18153E-3 1.33737E-3 8.48839E-4 9.71836E-4 1.23331E-3 1.77393E-3 1.17554E-3 1.25834E-3 7.03844E-4 4.86909E-4 3.42105E-4 2.45019E-4 3.6322E-4 5.18278E-4 4.11305E-4 5.2498E-4 6.86173E-4 4.66347E-4 4.76837E-4
-9999 -9999 -9999 -9999 -9999 -9999 -9999 -9999 -9999 -9999 -9999 -9999 9.73001E-3 8.78767E-3 7.78289E-3 7.49088E-3 6.79664E-3 6.27747E-3 5.75777E-3 5.06691E-3 6.77593E-3 1.49045E-2 1.23835E-2 1.67647E-2 3.84734E-2 1.09867E-2 2.72046E-3 1.29473E-2 3.01067E-2 3.17234E-2 3.01579E-2 1.92963E-2 1.76495E-2 2.2375E-2 2.23519E-2 1.33585E-2 9.73886E-3 1.30315E-2 1.19773E-2 3.55563E-3 3.48435E-3 5.14748E-3 9.04594E-3 1.05003E-2 7.86823E-3 6.14791E-3 7.60973E-3 7.80959E-3 6.00407E-3 4.49818E-3 3.66469E-3 3.38959E-3 2.68369E-3 1.65326E-3 1.34027E-3 7.39884E-4 1.90778E-3 1.91167E-3 1.74142E-3 1.82321E-3 1.22468E-3 8.90114E-4 5.56813E-4 4.93333E-4 3.21612E-4 3.04894E-4 3.01426E-4 3.84852E-4 4.59057E-4 6.01057E-4 5.37563E-4 3.11874E-4
-9999 -9999 -9999 -9999 -9999 -9999 -9999 -9999 -9999 -9999 -9999 -9999 -9999 6.79664E-3 6.60869E-3 6.10384E-3 5.64235E-3 5.21113E-3 4.72212E-3 6.46089E-3 9.49033E-3 1.21463E-2 7.36347E-3 4.91207E-3 5.50071E-3 2.30829E-3 1.71994E-3 1.41841E-2 1.84478E-2 2.87915E-2 2.91928E-2 2.649E-3 1.18815E-2 1.35917E-2 1.88739E-2 1.81662E-2 7.26749E-3 4.50248E-3 2.67503E-3 3.07848E-3 1.42138E-2 1.41295E-2 1.23629E-2 1.16314E-2 6.15416E-3 4.81393E-3 6.23467E-3 4.69748E-3 3.6686E-3 3.57668E-3 3.59731E-3 2.609E-3 4.53956E-3 4.19319E-3 7.70366E-4 1.50866E-3 2.94333E-3 4.88755E-3 2.54659E-3 1.92525E-3 1.17574E-3 5.59982E-4 4.94566E-4 3.77592E-4 2.40913E-4 2.92246E-4 5.74442E-4 4.72556E-4 4.44058E-4 2.44319E-4 4.62691E-4 3.34845E-4
-9999 -9999 -9999 -9999 -9999 -9999 -9999 -9999 -9999 -9999 -9999 -9999 -9999 6.0523E-3 5.77583E-3 5.46064E-3 5.04327E-3 4.48993E-3 1.46081E-2 1.16221E-2 1.4328E-2 4.39182E-3 4.29423E-3 1.76856E-3 2.25573E-3 1.41959E-3 2.98805E-3 8.18396E-3 1.20539E-2 1.89369E-2 2.12346E-3 2.30271E-3 2.96044E-3 3.20847E-3 1.80843E-2 6.72725E-3 4.51982E-3 2.26949E-3 3.7607E-3 1.32882E-2 1.28621E-2 1.24381E-2 1.01646E-2 7.31049E-3 5.50918E-3 4.41219E-3 4.81683E-3 3.45674E-3 3.60402E-3 3.94864E-3 2.26311E-3 2.21901E-3 1.68216E-3 1.14796E-3 9.98425E-4 4.0166E-3 3.70156E-3 1.47669E-3 3.19318E-3 3.55322E-3 2.59679E-3 5.41529E-4 3.09512E-4 3.00633E-4 2.19552E-4 2.39541E-4 2.61625E-4 2.62347E-4 2.53883E-4 2.29818E-4 2.27532E-4 2.13872E-4
-9999 -9999 -9999 -9999 -9999 -9999 -9999 -9999 -9999 -9999 -9999 -9999 -9999 -9999 5.23556E-3 4.76133E-3 3.40692E-3 8.92555E-3 2.1376E-2 8.8348E-3 6.56717E-3 2.15648E-3 1.85389E-3 1.76914E-3 1.7771E-3 1.64788E-3 4.78998E-3 1.1244E-2 1.50926E-2 2.11916E-3 2.79806E-3 2.93351E-3 4.08307E-3 1.02809E-2 6.98385E-3 3.90506E-3 2.47607E-3 1.75488E-3 1.08448E-2 1.32857E-2 8.41859E-3 6.71402E-3 6.40026E-3 4.51014E-3 4.80082E-3 3.24213E-3 3.901E-3 1.78456E-3 4.35337E-3 4.1401E-3 2.23513E-3 1.58271E-3 1.09765E-3 1.17852E-3 1.8409E-3 3.06333E-3 1.41629E-3 1.5074E-3 6.23982E-4 2.59582E-3 2.28364E-3 6.03647E-4 3.35705E-4 1.98927E-4 2.25304E-4 2.45409E-4 1.93895E-4 1.70899E-4 2.27648E-4 1.59757E-4 1.66673E-4 1.5083E-4
-9999 -9999 -9999 -9999 -9999 4.86804E-3 -9999 -9999 -9999 -9999 -9999 -9999 -9999 -9999 -9999 3.29686E-3 2.67419E-3 9.85128E-3 5.81879E-3 3.26927E-3 7.73487E-3 1.6104E-3 1.85892E-3 1.88604E-3 2.7862E-3 3.12454E-3 3.65897E-3 1.37305E-2 1.41927E-3 1.48603E-3 4.91943E-3 1.82834E-3 3.89484E-3 1.2306E-2 4.49204E-3 2.38908E-3 1.33074E-3 1.30696E-3 4.77301E-3 1.24897E-2 5.25292E-3 6.02069E-3 5.58698E-3 3.58087E-3 4.91641E-3 2.60787E-3 1.00174E-3 1.04864E-3 2.37996E-3 2.59507E-3 2.17595E-3 1.20782E-3 1.4143E-3 8.43696E-4 7.31263E-4 9.61453E-4 9.63415E-4 1.22039E-3 4.84875E-4 4.37105E-4 6.09327E-4 2.82572E-4 2.14731E-4 1.86725E-4 2.81396E-4 4.36377E-4 2.91507E-4 2.63934E-4 1.64715E-4 1.72869E-4 2.20446E-4 2.51949E-4
-9999 -9999 -9999 -9999 3.5148E-3 3.67119E-3 -9999 -9999 -9999 -9999 -9999 3.36728E-3 3.24566E-3 -9999 -9999 2.7639E-3 2.31015E-3 3.88438E-3 1.47223E-3 2.10936E-3 1.63657E-3 1.75854E-3 1.83329E-3 2.52709E-3 9.38936E-3 7.83657E-3 1.46558E-3 2.25029E-3 7.23896E-4 4.63455E-3 1.39452E-3 1.52051E-3 2.6308E-3 3.69912E-3 4.04156E-3 2.05216E-3 1.31495E-3 2.14959E-3 9.65841E-3 7.86863E-3 4.93477E-3 3.36664E-3 4.05032E-3 1.61983E-3 1.03328E-3 5.9463E-4 7.6551E-4 8.3331E-4 1.34671E-3 2.51453E-3 2.0414E-3 1.58926E-3 3.45037E-3 1.75385E-3 8.35206E-4 5.76156E-4 5.00425E-4 3.49047E-4 3.33915E-4 2.49072E-4 2.55043E-4 2.07785E-4 2.1417E-4 3.52627E-4 2.60755E-4 4.88939E-4 3.52106E-4 2.16161E-4 1.51606E-4 2.18031E-4 2.20494E-4 3.01643E-4
-9999 -9999 -9999 3.55405E-3 3.39649E-3 -9999 -9999 -9999 -9999 -9999 -9999 -9999 2.91755E-3 2.63609E-3 2.47841E-3 2.0688E-3 2.18485E-3 1.91358E-3 2.57127E-3 1.92101E-3 1.25128E-3 1.85706E-3 1.61263E-3 2.93165E-3 4.49898E-3 2.18236E-3 1.93161E-3 7.47715E-4 1.61248E-3 3.57885E-3 9.17854E-4 1.60304E-3 1.64068E-3 9.61162E-4 1.08938E-3 8.52835E-4 1.40663E-3 2.74941E-3 3.86497E-3 1.39885E-3 6.37731E-4 5.89031E-4 5.79428E-4 5.10272E-4 6.53086E-4 6.53092E-4 9.09882E-4 3.70289E-3 2.27616E-3 4.01895E-3 2.31817E-3 3.40065E-3 2.62499E-3 2.08644E-3 1.69287E-3 8.20831E-4 3.69145E-4 2.93346E-4 2.90662E-4 2.68521E-4 2.00147E-4 2.07138E-4 3.29346E-4 6.21395E-4 4.29555E-4 4.34628E-4 2.6244E-4 1.72788E-4 1.97708E-4 1.8011E-4 2.31517E-4 3.24287E-4
-9999 -9999 -9999 -9999 -9999 2.23492E-3 2.6996E-3 2.54506E-3 2.40058E-3 -9999 -9999 -9999 2.27017E-3 2.03483E-3 1.99982E-3 2.01818E-3 1.82436E-3 1.70755E-3 2.26447E-3 1.26697E-3 1.31548E-3 2.55154E-3 1.6668E-3 7.81873E-3 8.20017E-3 6.19926E-3 3.2822E-3 7.77935E-4 1.83425E-3 7.5582E-4 7.6187E-4 9.78331E-4 7.43383E-4 6.21631E-4 9.16179E-4 1.75322E-3 3.44942E-3 5.6138E-3 3.97494E-3 5.29152E-3 2.18357E-3 7.03788E-4 6.87672E-4 8.54615E-4 7.6688E-4 1.13112E-3 1.58569E-3 1.49436E-3 3.32342E-3 3.36269E-3 2.56805E-3 2.5463E-3 2.83959E-3 2.33733E-3 1.64523E-3 4.29395E-4 5.0847E-4 5.9088E-4 5.69089E-4 2.86509E-4 1.95123E-4 3.94419E-4 4.03549E-4 7.32978E-4 7.2109E-4 4.5527E-4 2.44387E-4 2.37376E-4 2.39672E-4 2.49614E-4 2.98695E-4 2.54292E-4
1.60038E-3 1.61512E-3 1.59048E-3 -9999 -9999 1.73297E-3 1.70504E-3 1.71337E-3 1.69537E-3 1.64794E-3 -9999 -9999 -9999 1.73068E-3 1.30441E-3 1.48158E-3 1.41883E-3 3.94615E-3 2.13056E-3 2.4923E-3 1.07694E-3 3.47629E-3 1.38521E-3 7.22423E-3 4.52017E-3 8.08061E-3 1.42564E-3 1.72561E-3 2.71784E-3 7.81553E-4 7.71819E-4 6.38259E-4 8.70878E-4 1.10652E-3 3.09739E-3 4.72686E-3 7.16891E-3 6.43065E-3 1.93889E-3 1.64598E-3 6.25661E-3 3.52742E-3 1.36954E-3 1.93239E-3 1.20982E-3 2.15994E-3 1.90633E-3 2.80198E-3 2.04585E-3 1.69775E-3 2.90182E-3 2.67332E-3 2.34932E-3 1.79682E-3 1.0498E-3 3.82135E-4 6.4398E-4 7.99097E-4 6.36256E-4 3.27035E-4 1.81124E-4 2.24813E-4 3.02228E-4 7.56071E-4 7.69511E-4 3.39827E-4 5.66964E-4 2.87345E-4 2.04415E-4 2.95234E-4 2.71383E-4 2.32602E-4
1.03243E-3 1.09046E-3 1.3809E-3 1.20232E-3 -9999 1.41767E-3 1.41775E-3 1.4506E-3 1.433E-3 1.40454E-3 1.3096E-3 1.31674E-3 -9999 1.23245E-3 1.16445E-3 9.84762E-4 1.17517E-3 1.53885E-3 1.1195E-3 2.59412E-3 1.09007E-3 4.90064E-3 3.15916E-3 2.65876E-3 2.06337E-3 1.85785E-3 6.44085E-4 1.59702E-3 2.36196E-3 1.05523E-3 1.11195E-3 8.77212E-4 1.20644E-3 7.21496E-4 1.99493E-3 3.02501E-3 7.43314E-3 5.79266E-3 3.40135E-3 8.91281E-4 2.82116E-4 1.66057E-3 5.05437E-4 3.09961E-4 4.4776E-4 2.03883E-3 1.93742E-3 3.95936E-3 2.85794E-3 2.55462E-3 1.99311E-3 2.0709E-3 1.99491E-3 1.02854E-3 4.5595E-4 3.94395E-4 4.02501E-4 1.63542E-3 8.69097E-4 2.9847E-4 3.09433E-4 2.17356E-4 1.92368E-4 2.89285E-4 2.92131E-4 4.34505E-4 6.43403E-4 5.02094E-4 3.31161E-4 2.16397E-4 3.0311E-4 3.05315E-4
