Artocarpus altilis SDM files/MIS19/results (without bias file)/Artalt_avg.asc
ncols         1201
nrows         481
xllcorner     119.99986351115
yllcorner     -15.00013828885
cellsize      0.041666667
NODATA_value  -9999
[rows 160 to 191 of 481, columns 0 to 71 of 1201]
2.01671E-1 2.62428E-1 3.68387E-1 2.94568E-1 3.25301E-1 3.5146E-1 3.67326E-1 3.89442E-1 4.4151E-1 3.90718E-1 3.10495E-1 3.03681E-1 3.75192E-1 4.54155E-1 4.96772E-1 5.57545E-1 5.40256E-1 5.34639E-1 5.52053E-1 5.26745E-1 4.55696E-1 3.98305E-1 3.76217E-1 3.49226E-1 2.96321E-1 2.67655E-1 3.4548E-1 4.70229E-1 4.16157E-1 4.49509E-1 7.77227E-1 5.66549E-1 3.92122E-1 2.9954E-1 4.27968E-1 3.80014E-1 3.21161E-1 3.95942E-1 4.46459E-1 5.05715E-1 4.19742E-1 5.41399E-1 6.59343E-1 5.52614E-1 6.68839E-1 8.64675E-1 9.27635E-1 9.42834E-1 9.46746E-1 9.5689E-1 9.56886E-1 -9999 -9999 -9999 -9999 -9999 -9999 -9999 -9999 -9999 -9999 -9999 -9999 -9999 -9999 -9999 -9999 -9999 -9999 -9999 -9999 -9999
2.42211E-1 2.81843E-1 3.93323E-1 2.91313E-1 3.36934E-1 3.35381E-1 3.85862E-1 4.01177E-1 4.35893E-1 3.20179E-1 2.92791E-1 3.16815E-1 4.02811E-1 4.52722E-1 5.01257E-1 5.31503E-1 5.46833E-1 5.37171E-1 5.23061E-1 4.49661E-1 3.96919E-1 3.96341E-1 3.26408E-1 2.7171E-1 2.46704E-1 2.98218E-1 4.33025E-1 4.79709E-1 4.43216E-1 4.59462E-1 5.77777E-1 7.10222E-1 4.54131E-1 3.27505E-1 4.43649E-1 4.41777E-1 3.42774E-1 4.22436E-1 4.35498E-1 5.21522E-1 4.77091E-1 5.27991E-1 8.34971E-1 6.67431E-1 9.01115E-1 9.05108E-1 9.27426E-1 9.34931E-1 -9999 -9999 -9999 -9999 -9999 -9999 -9999 -9999 -9999 -9999 -9999 -9999 -9999 -9999 -9999 -9999 -9999 -9999 -9999 -9999 -9999 -9999 -9999 -9999
3.12369E-1 3.22434E-1 4.00456E-1 2.98761E-1 3.51756E-1 3.93309E-1 3.72918E-1 3.86134E-1 4.21979E-1 3.2927E-1 2.9701E-1 3.80354E-1 4.24173E-1 4.74754E-1 4.92248E-1 5.25703E-1 5.31251E-1 4.58749E-1 4.93934E-1 3.54907E-1 3.94344E-1 4.1936E-1 2.88042E-1 2.48449E-1 2.86951E-1 3.86431E-1 4.76888E-1 4.75434E-1 4.61427E-1 3.92599E-1 4.4048E-1 8.23121E-1 5.09471E-1 4.17326E-1 4.14151E-1 4.52674E-1 4.31374E-1 4.80921E-1 4.9345E-1 5.82504E-1 6.79676E-1 7.39069E-1 8.54879E-1 8.49293E-1 9.13459E-1 9.10628E-1 -9999 -9999 -9999 -9999 -9999 -9999 -9999 -9999 -9999 -9999 -9999 -9999 -9999 -9999 -9999 -9999 -9999 -9999 -9999 -9999 -9999 -9999 -9999 -9999 -9999 -9999
3.26688E-1 2.86486E-1 4.17368E-1 3.47391E-1 3.06564E-1 2.95779E-1 3.24927E-1 4.00836E-1 3.97109E-1 3.09923E-1 3.07021E-1 3.68812E-1 4.50903E-1 5.10015E-1 5.38667E-1 5.45364E-1 4.74698E-1 4.56874E-1 4.37441E-1 3.38658E-1 4.34268E-1 4.17528E-1 2.77869E-1 2.90199E-1 3.85142E-1 4.65782E-1 4.91119E-1 4.56396E-1 4.33418E-1 3.27625E-1 4.02E-1 7.9383E-1 5.48133E-1 4.24278E-1 4.13109E-1 4.64044E-1 5.71916E-1 6.47899E-1 7.11129E-1 7.28825E-1 8.3841E-1 8.56037E-1 8.69174E-1 8.74328E-1 -9999 -9999 -9999 -9999 -9999 -9999 -9999 -9999 -9999 -9999 -9999 -9999 -9999 -9999 -9999 -9999 -9999 -9999 -9999 -9999 -9999 -9999 -9999 -9999 -9999 -9999 -9999 -9999
3.63882E-1 3.29977E-1 4.01735E-1 3.65017E-1 3.01014E-1 3.17568E-1 3.53059E-1 4.18864E-1 4.05153E-1 3.46475E-1 2.98687E-1 4.07403E-1 4.90292E-1 5.13947E-1 5.43138E-1 4.90247E-1 4.59374E-1 3.97772E-1 3.84464E-1 3.88816E-1 4.42143E-1 3.65888E-1 3.09482E-1 3.67838E-1 4.51864E-1 4.92009E-1 4.87282E-1 4.04598E-1 4.21641E-1 4.05554E-1 3.89491E-1 7.83884E-1 8.11433E-1 7.17807E-1 7.20045E-1 5.92366E-1 7.81397E-1 7.57317E-1 7.85191E-1 7.1863E-1 8.09898E-1 8.26669E-1 8.54174E-1 -9999 -9999 -9999 -9999 -9999 -9999 -9999 -9999 -9999 -9999 -9999 -9999 -9999 -9999 -9999 -9999 -9999 -9999 -9999 -9999 -9999 -9999 -9999 -9999 -9999 -9999 -9999 -9999 -9999
3.21887E-1 3.1851E-1 3.54132E-1 3.83118E-1 3.52692E-1 4.02269E-1 4.45939E-1 4.62699E-1 4.25713E-1 2.79719E-1 3.46441E-1 4.53747E-1 4.91329E-1 5.06834E-1 5.25193E-1 5.33203E-1 4.55873E-1 3.41189E-1 4.05359E-1 4.52129E-1 4.34538E-1 4.50111E-1 3.98334E-1 4.37975E-1 4.93591E-1 5.00107E-1 5.36568E-1 4.34715E-1 4.23521E-1 4.9572E-1 4.85042E-1 7.09253E-1 7.93778E-1 8.1172E-1 7.8741E-1 7.48555E-1 8.04753E-1 7.91681E-1 7.91852E-1 7.86328E-1 8.08975E-1 8.24918E-1 8.46506E-1 -9999 -9999 -9999 -9999 -9999 -9999 -9999 -9999 -9999 -9999 -9999 -9999 -9999 -9999 -9999 -9999 -9999 -9999 -9999 -9999 -9999 -9999 -9999 -9999 -9999 -9999 -9999 -9999 -9999
2.79876E-1 2.90622E-1 3.18476E-1 4.08558E-1 4.14848E-1 4.16528E-1 4.76931E-1 4.69488E-1 3.51427E-1 2.93538E-1 3.66494E-1 4.62028E-1 4.91163E-1 5.00283E-1 5.1657E-1 5.48514E-1 4.41547E-1 3.45751E-1 4.42324E-1 5.19396E-1 4.51535E-1 5.09951E-1 4.80243E-1 4.95082E-1 5.00862E-1 5.48504E-1 5.8392E-1 5.33451E-1 4.82058E-1 6.12794E-1 4.33743E-1 4.87025E-1 8.16277E-1 7.76316E-1 8.0807E-1 8.06935E-1 8.13572E-1 7.9142E-1 7.92304E-1 7.37041E-1 7.76319E-1 8.23354E-1 -9999 -9999 -9999 -9999 -9999 -9999 -9999 -9999 -9999 -9999 -9999 -9999 -9999 -9999 -9999 -9999 -9999 -9999 -9999 -9999 -9999 -9999 -9999 -9999 -9999 -9999 -9999 -9999 -9999 -9999
3.20471E-1 3.38202E-1 3.13143E-1 3.75728E-1 4.31007E-1 4.51703E-1 4.83295E-1 4.76651E-1 3.52793E-1 3.4258E-1 3.99367E-1 4.48689E-1 4.73515E-1 4.68454E-1 4.99072E-1 5.24761E-1 4.551E-1 3.54075E-1 4.51917E-1 4.93861E-1 5.15278E-1 4.65266E-1 5.70077E-1 5.69506E-1 5.52507E-1 5.97538E-1 6.07628E-1 5.58692E-1 3.87657E-1 7.10085E-1 6.2077E-1 6.38784E-1 8.13585E-1 5.79368E-1 7.87803E-1 8.01312E-1 8.10372E-1 7.99171E-1 7.51468E-1 7.65656E-1 8.28862E-1 -9999 -9999 -9999 -9999 -9999 -9999 -9999 -9999 -9999 -9999 -9999 -9999 -9999 -9999 -9999 -9999 -9999 -9999 -9999 -9999 -9999 -9999 -9999 -9999 -9999 -9999 -9999 -9999 -9999 -9999 -9999
2.82859E-1 3.0094E-1 2.71032E-1 3.30308E-1 4.19016E-1 4.29809E-1 4.52086E-1 4.18594E-1 2.93168E-1 3.04384E-1 3.75796E-1 3.3818E-1 3.21679E-1 4.32765E-1 4.84791E-1 4.97876E-1 4.82076E-1 3.85857E-1 4.57287E-1 4.56322E-1 5.0887E-1 4.66255E-1 4.83828E-1 5.95365E-1 6.04031E-1 6.15069E-1 6.14531E-1 4.96735E-1 3.89683E-1 7.94281E-1 7.87662E-1 5.05042E-1 7.39739E-1 5.18574E-1 7.17172E-1 7.98866E-1 -9999 -9999 -9999 -9999 -9999 -9999 -9999 -9999 -9999 -9999 -9999 -9999 -9999 -9999 -9999 -9999 -9999 -9999 -9999 -9999 -9999 -9999 -9999 -9999 -9999 -9999 -9999 -9999 -9999 -9999 -9999 -9999 -9999 -9999 -9999 -9999
2.67432E-1 2.51728E-1 2.27788E-1 2.67835E-1 3.53434E-1 3.65928E-1 3.34928E-1 3.3053E-1 2.8965E-1 2.73058E-1 3.50945E-1 3.83196E-1 2.89382E-1 4.02929E-1 4.82337E-1 4.91991E-1 4.95937E-1 4.9238E-1 4.7195E-1 5.04088E-1 5.11835E-1 5.24667E-1 4.81247E-1 5.51679E-1 5.79068E-1 5.77687E-1 5.712E-1 4.28623E-1 3.85839E-1 7.77738E-1 8.17845E-1 6.6721E-1 7.04866E-1 7.16276E-1 7.61902E-1 7.6296E-1 8.08031E-1 -9999 -9999 -9999 -9999 -9999 -9999 -9999 -9999 -9999 -9999 -9999 -9999 -9999 -9999 -9999 -9999 -9999 -9999 -9999 -9999 -9999 -9999 -9999 -9999 -9999 -9999 -9999 -9999 -9999 -9999 -9999 -9999 -9999 -9999 -9999
2.86226E-1 2.45767E-1 2.21647E-1 2.80662E-1 3.3102E-1 3.47502E-1 3.4057E-1 3.04703E-1 2.61823E-1 2.55361E-1 3.28804E-1 3.92314E-1 2.98809E-1 3.84752E-1 3.9967E-1 4.73267E-1 4.98308E-1 5.21911E-1 4.55401E-1 4.60527E-1 4.97375E-1 5.14674E-1 5.24709E-1 4.91775E-1 5.20035E-1 4.61885E-1 4.88614E-1 3.47896E-1 4.08119E-1 7.84724E-1 7.60258E-1 7.09254E-1 7.56851E-1 8.04083E-1 7.76432E-1 7.86937E-1 7.90085E-1 -9999 -9999 -9999 -9999 -9999 -9999 -9999 -9999 -9999 -9999 -9999 -9999 -9999 -9999 -9999 -9999 -9999 -9999 -9999 -9999 -9999 -9999 -9999 -9999 -9999 -9999 -9999 -9999 -9999 -9999 -9999 -9999 -9999 -9999 -9999
2.823E-1 2.36323E-1 2.75538E-1 3.32737E-1 3.45691E-1 2.99677E-1 3.86444E-1 3.68161E-1 3.11882E-1 2.45662E-1 2.72701E-1 3.2908E-1 2.6671E-1 4.11141E-1 3.73106E-1 3.76975E-1 4.87668E-1 5.03098E-1 4.83363E-1 4.22472E-1 4.77586E-1 4.6483E-1 5.04358E-1 4.56877E-1 4.97624E-1 4.72911E-1 4.3212E-1 3.92622E-1 4.14823E-1 4.60167E-1 5.97207E-1 5.34884E-1 6.79769E-1 5.38403E-1 5.16732E-1 7.63174E-1 7.79156E-1 8.00117E-1 -9999 -9999 -9999 -9999 -9999 -9999 -9999 -9999 -9999 -9999 -9999 -9999 -9999 -9999 -9999 -9999 -9999 -9999 -9999 -9999 -9999 -9999 -9999 -9999 -9999 -9999 -9999 -9999 -9999 -9999 -9999 -9999 -9999 -9999
3.07575E-1 2.39573E-1 3.37496E-1 3.46448E-1 2.75392E-1 3.12753E-1 3.54997E-1 4.10212E-1 3.51754E-1 2.31289E-1 2.3935E-1 2.73974E-1 2.43726E-1 3.1863E-1 3.66884E-1 3.41153E-1 4.32836E-1 4.91434E-1 5.00866E-1 4.46956E-1 4.10335E-1 4.42563E-1 4.90103E-1 4.45848E-1 4.34691E-1 4.72169E-1 3.8628E-1 3.42527E-1 5.3171E-1 7.0686E-1 7.59554E-1 6.98565E-1 6.54014E-1 7.28251E-1 5.90585E-1 6.82441E-1 7.79042E-1 7.74549E-1 -9999 -9999 -9999 -9999 -9999 -9999 -9999 -9999 -9999 -9999 -9999 -9999 -9999 -9999 -9999 -9999 -9999 -9999 -9999 -9999 -9999 -9999 -9999 -9999 -9999 -9999 -9999 -9999 -9999 -9999 -9999 -9999 -9999 -9999
3.3312E-1 2.37123E-1 3.15854E-1 2.22897E-1 2.52689E-1 2.9286E-1 3.391E-1 3.67129E-1 4.09013E-1 2.87749E-1 2.33252E-1 2.86611E-1 3.27241E-1 3.17675E-1 3.32535E-1 3.57637E-1 2.78383E-1 3.83784E-1 4.79386E-1 4.46226E-1 3.88652E-1 4.2834E-1 4.33056E-1 4.41023E-1 4.24021E-1 4.34139E-1 3.57957E-1 3.74646E-1 4.35954E-1 6.90924E-1 7.40038E-1 7.40409E-1 7.31721E-1 5.18254E-1 6.15432E-1 5.8462E-1 6.92733E-1 7.72664E-1 7.80156E-1 7.80567E-1 7.75163E-1 7.74047E-1 7.95913E-1 -9999 -9999 -9999 -9999 -9999 -9999 -9999 -9999 -9999 -9999 -9999 -9999 -9999 -9999 -9999 -9999 -9999 -9999 -9999 -9999 -9999 -9999 -9999 -9999 -9999 -9999 -9999 -9999 -9999
3.79163E-1 2.31019E-1 2.32737E-1 2.34287E-1 2.06458E-1 2.40035E-1 2.67376E-1 3.35076E-1 3.3136E-1 2.41337E-1 2.8074E-1 2.5767E-1 3.43025E-1 3.83253E-1 3.82177E-1 3.81743E-1 2.80733E-1 2.19573E-1 3.28983E-1 3.83393E-1 3.58009E-1 3.62858E-1 2.99202E-1 2.98071E-1 3.03734E-1 3.39861E-1 3.18823E-1 3.66537E-1 4.40504E-1 5.17187E-1 6.90398E-1 7.30412E-1 7.37665E-1 5.65123E-1 4.67556E-1 4.83148E-1 4.81291E-1 6.87405E-1 7.79127E-1 7.79576E-1 7.80047E-1 7.73787E-1 7.88251E-1 -9999 -9999 -9999 -9999 -9999 -9999 -9999 -9999 -9999 -9999 -9999 -9999 -9999 -9999 -9999 -9999 -9999 -9999 -9999 -9999 -9999 -9999 -9999 -9999 -9999 -9999 -9999 -9999 -9999
3.3842E-1 2.24157E-1 2.52364E-1 2.47406E-1 2.13151E-1 2.42155E-1 2.67207E-1 2.44536E-1 2.43896E-1 2.31303E-1 3.65728E-1 2.55014E-1 2.69715E-1 3.57062E-1 3.49853E-1 3.25048E-1 3.25244E-1 2.63204E-1 2.93074E-1 2.9923E-1 2.66755E-1 2.78819E-1 2.65995E-1 2.40319E-1 2.87769E-1 2.3933E-1 2.46163E-1 3.4294E-1 4.63258E-1 3.79536E-1 6.78389E-1 7.18003E-1 7.20587E-1 6.08101E-1 4.46218E-1 4.24585E-1 4.19975E-1 6.10005E-1 7.49904E-1 7.50666E-1 7.64516E-1 7.69321E-1 7.74326E-1 7.88736E-1 -9999 -9999 -9999 -9999 -9999 -9999 -9999 -9999 -9999 -9999 -9999 -9999 -9999 -9999 -9999 -9999 -9999 -9999 -9999 -9999 -9999 -9999 -9999 -9999 -9999 -9999 -9999 -9999
3.07328E-1 2.05235E-1 2.34361E-1 2.78831E-1 2.6981E-1 2.38952E-1 2.31504E-1 3.10732E-1 2.8354E-1 2.31244E-1 3.68402E-1 3.53343E-1 2.76294E-1 3.31627E-1 3.35349E-1 2.92267E-1 2.30115E-1 3.23298E-1 2.9872E-1 2.47181E-1 2.39722E-1 2.53689E-1 2.26446E-1 2.36259E-1 2.81766E-1 3.13619E-1 2.57751E-1 4.1728E-1 4.60244E-1 4.53695E-1 5.29116E-1 6.83776E-1 5.56354E-1 4.89549E-1 4.05471E-1 4.64328E-1 4.10334E-1 4.8222E-1 6.62452E-1 6.97845E-1 6.22857E-1 6.64186E-1 5.49602E-1 7.52855E-1 7.90867E-1 -9999 -9999 -9999 -9999 -9999 -9999 -9999 -9999 -9999 -9999 -9999 -9999 -9999 -9999 -9999 -9999 -9999 -9999 -9999 -9999 -9999 -9999 -9999 -9999 -9999 -9999 -9999
3.37249E-1 2.14392E-1 2.004E-1 2.37073E-1 2.24226E-1 2.26436E-1 2.84781E-1 3.11727E-1 3.02847E-1 2.95992E-1 4.19836E-1 3.2276E-1 2.1686E-1 2.57631E-1 2.44519E-1 1.98809E-1 1.98114E-1 2.44117E-1 3.72508E-1 3.48712E-1 3.11083E-1 2.85489E-1 2.75716E-1 2.94753E-1 3.05895E-1 3.38721E-1 2.9193E-1 3.9786E-1 3.45888E-1 3.21823E-1 3.70132E-1 5.45247E-1 4.5767E-1 3.28478E-1 4.22581E-1 3.92117E-1 3.75362E-1 3.95783E-1 4.7824E-1 5.55204E-1 5.14245E-1 5.1986E-1 4.64846E-1 7.16693E-1 7.637E-1 -9999 -9999 -9999 -9999 -9999 -9999 -9999 -9999 -9999 -9999 -9999 -9999 -9999 -9999 -9999 -9999 -9999 -9999 -9999 -9999 -9999 -9999 -9999 -9999 -9999 -9999 -9999
2.72665E-1 2.38316E-1 2.22136E-1 2.28698E-1 2.55843E-1 2.40033E-1 2.74294E-1 3.24741E-1 3.70886E-1 3.89263E-1 4.49921E-1 3.37896E-1 2.04102E-1 1.6627E-1 1.75119E-1 2.47307E-1 2.28652E-1 2.70931E-1 4.56436E-1 6.87838E-1 6.08546E-1 3.96333E-1 3.48435E-1 3.78612E-1 4.00016E-1 3.28716E-1 3.11127E-1 3.21735E-1 3.0744E-1 3.40139E-1 3.56144E-1 4.26664E-1 4.11133E-1 3.47236E-1 4.12552E-1 3.59951E-1 4.00109E-1 3.70328E-1 3.98786E-1 4.25283E-1 4.47056E-1 4.29503E-1 5.74373E-1 6.21037E-1 7.08574E-1 7.5734E-1 -9999 -9999 -9999 -9999 -9999 -9999 -9999 -9999 -9999 -9999 -9999 -9999 -9999 -9999 -9999 -9999 -9999 -9999 -9999 -9999 -9999 -9999 -9999 -9999 -9999 -9999
2.18744E-1 3.09691E-1 3.30768E-1 2.61215E-1 3.14575E-1 2.67423E-1 2.98626E-1 3.02723E-1 3.64669E-1 5.77206E-1 4.0558E-1 2.94817E-1 1.89783E-1 1.61382E-1 2.02142E-1 2.65886E-1 2.82533E-1 3.00751E-1 6.1548E-1 7.23064E-1 7.71107E-1 7.35209E-1 6.6828E-1 5.10981E-1 6.6957E-1 4.45051E-1 4.49216E-1 4.16155E-1 3.79537E-1 4.38027E-1 4.22622E-1 3.9398E-1 3.82367E-1 3.19009E-1 3.61256E-1 3.22497E-1 3.81752E-1 3.69386E-1 3.7486E-1 3.77035E-1 4.01196E-1 4.16465E-1 4.23931E-1 4.70783E-1 5.84219E-1 7.17024E-1 7.79709E-1 -9999 -9999 -9999 -9999 -9999 -9999 -9999 -9999 -9999 -9999 -9999 -9999 -9999 -9999 -9999 -9999 -9999 -9999 -9999 -9999 -9999 -9999 -9999 -9999 -9999
2.75519E-1 3.20368E-1 3.84695E-1 3.29891E-1 3.39123E-1 2.72982E-1 3.21368E-1 4.22772E-1 5.6857E-1 6.18987E-1 3.1037E-1 3.01829E-1 2.70631E-1 1.95211E-1 2.11193E-1 2.44118E-1 3.21658E-1 4.17698E-1 6.60272E-1 7.35776E-1 7.68791E-1 7.76358E-1 7.56684E-1 4.07057E-1 6.38177E-1 7.04682E-1 5.72745E-1 4.48842E-1 4.03942E-1 4.01089E-1 4.18085E-1 4.24486E-1 4.23088E-1 4.2631E-1 3.45309E-1 3.27366E-1 3.55931E-1 3.32205E-1 3.13631E-1 3.78354E-1 3.89284E-1 4.10793E-1 4.1776E-1 3.96859E-1 4.04818E-1 6.10835E-1 7.02564E-1 -9999 -9999 -9999 -9999 -9999 -9999 -9999 -9999 -9999 -9999 -9999 -9999 -9999 -9999 -9999 -9999 -9999 -9999 -9999 -9999 -9999 -9999 -9999 -9999 -9999
3.55319E-1 3.63288E-1 3.49398E-1 3.94557E-1 3.06973E-1 3.40913E-1 4.86494E-1 6.08006E-1 6.63748E-1 6.25236E-1 4.65185E-1 3.58994E-1 2.80862E-1 2.18715E-1 2.9082E-1 2.80861E-1 3.85821E-1 5.44966E-1 6.93767E-1 7.22795E-1 7.61483E-1 7.44138E-1 7.24525E-1 6.37725E-1 6.20751E-1 3.50558E-1 5.17792E-1 3.94406E-1 3.27763E-1 2.96326E-1 3.18152E-1 3.54195E-1 4.14719E-1 4.17027E-1 4.23455E-1 3.77647E-1 3.29762E-1 3.64141E-1 3.73797E-1 3.34548E-1 3.87775E-1 3.97559E-1 3.88635E-1 3.91798E-1 3.79444E-1 4.66372E-1 5.75025E-1 7.69041E-1 -9999 -9999 -9999 -9999 -9999 -9999 -9999 -9999 -9999 -9999 -9999 -9999 -9999 -9999 -9999 -9999 -9999 -9999 -9999 -9999 -9999 -9999 -9999 -9999
3.751E-1 3.27103E-1 2.8591E-1 3.29871E-1 4.73084E-1 5.68635E-1 6.60802E-1 7.25923E-1 7.11705E-1 7.13005E-1 6.58811E-1 4.80686E-1 4.53627E-1 3.02179E-1 3.81454E-1 3.66006E-1 6.04785E-1 6.45901E-1 7.37532E-1 7.31223E-1 7.40366E-1 7.52386E-1 6.82098E-1 7.21102E-1 6.15287E-1 4.55079E-1 5.81351E-1 3.66842E-1 3.48964E-1 3.83036E-1 4.45294E-1 3.09325E-1 3.60054E-1 3.81191E-1 3.99406E-1 3.72255E-1 4.27343E-1 4.25987E-1 4.23287E-1 4.03225E-1 3.70046E-1 3.46984E-1 3.22807E-1 3.61991E-1 3.66752E-1 4.24186E-1 4.24285E-1 6.93941E-1 -9999 -9999 -9999 -9999 -9999 -9999 -9999 -9999 -9999 -9999 -9999 -9999 -9999 -9999 -9999 -9999 -9999 -9999 -9999 -9999 -9999 -9999 -9999 -9999
3.15196E-1 3.9775E-1 3.81041E-1 4.21271E-1 5.81131E-1 6.87316E-1 7.29844E-1 7.37609E-1 7.2624E-1 7.2628E-1 7.15635E-1 6.9497E-1 7.16006E-1 6.98257E-1 6.73055E-1 6.44898E-1 7.05568E-1 7.37296E-1 7.48002E-1 7.49878E-1 7.37913E-1 7.29377E-1 7.24093E-1 7.64262E-1 7.73479E-1 7.79102E-1 7.1366E-1 4.33366E-1 3.07832E-1 3.60328E-1 4.60497E-1 3.6312E-1 3.52217E-1 3.90302E-1 4.03419E-1 4.37614E-1 4.44834E-1 4.41163E-1 4.22176E-1 4.1799E-1 4.08973E-1 3.82369E-1 3.4073E-1 3.46082E-1 3.91622E-1 3.84373E-1 3.84047E-1 5.07296E-1 7.92797E-1 -9999 -9999 -9999 -9999 -9999 -9999 -9999 -9999 -9999 -9999 -9999 -9999 -9999 -9999 -9999 -9999 -9999 -9999 -9999 -9999 -9999 -9999 -9999
3.47445E-1 4.07674E-1 3.66389E-1 3.67679E-1 5.18854E-1 7.37495E-1 7.44945E-1 7.36666E-1 7.26713E-1 7.19311E-1 7.12182E-1 7.11913E-1 7.10609E-1 7.32594E-1 7.11011E-1 7.14787E-1 7.322E-1 7.39417E-1 7.48504E-1 7.44931E-1 7.4144E-1 7.3628E-1 7.35343E-1 7.52491E-1 7.63791E-1 7.63548E-1 7.63628E-1 5.0486E-1 4.112E-1 4.74058E-1 3.98332E-1 3.87779E-1 4.11735E-1 4.20001E-1 4.34062E-1 3.99604E-1 4.31201E-1 3.94816E-1 3.65603E-1 3.96354E-1 4.01298E-1 4.12543E-1 3.72867E-1 3.70921E-1 4.01871E-1 3.84028E-1 3.61293E-1 4.01818E-1 7.20205E-1 -9999 -9999 -9999 -9999 -9999 -9999 -9999 -9999 -9999 -9999 -9999 -9999 -9999 -9999 -9999 -9999 -9999 -9999 -9999 -9999 -9999 -9999 -9999
2.80241E-1 3.06375E-1 3.4367E-1 3.60285E-1 6.85797E-1 7.67076E-1 7.52289E-1 7.39276E-1 7.25083E-1 7.17882E-1 7.11107E-1 7.24469E-1 7.29627E-1 7.32311E-1 7.27899E-1 7.2799E-1 -9999 -9999 -9999 -9999 -9999 7.47726E-1 7.41481E-1 7.394E-1 7.61981E-1 7.80191E-1 7.64836E-1 7.58959E-1 5.25288E-1 4.20873E-1 3.98521E-1 3.89761E-1 3.3801E-1 3.90109E-1 4.32754E-1 4.4469E-1 4.4422E-1 4.43438E-1 4.33806E-1 4.39053E-1 4.28728E-1 3.96363E-1 3.45966E-1 3.418E-1 3.62494E-1 3.57531E-1 5.73574E-1 6.85982E-1 7.84395E-1 -9999 -9999 -9999 -9999 -9999 -9999 -9999 -9999 -9999 -9999 -9999 -9999 -9999 -9999 -9999 -9999 -9999 -9999 -9999 -9999 -9999 -9999 -9999
2.98529E-1 3.45414E-1 3.71403E-1 6.56892E-1 7.76656E-1 7.6197E-1 7.46675E-1 7.31467E-1 7.28496E-1 7.23999E-1 7.14557E-1 7.33295E-1 7.27295E-1 7.30002E-1 -9999 -9999 -9999 -9999 -9999 -9999 -9999 -9999 -9999 -9999 -9999 7.7557E-1 7.57154E-1 3.95587E-1 5.25724E-1 4.20948E-1 3.16992E-1 3.79407E-1 3.68208E-1 3.20747E-1 3.95815E-1 4.43868E-1 4.43478E-1 4.42641E-1 4.48803E-1 4.3504E-1 4.30769E-1 3.8453E-1 3.35419E-1 3.22222E-1 3.39837E-1 3.48139E-1 3.76016E-1 4.53412E-1 5.39816E-1 5.68956E-1 6.62299E-1 -9999 -9999 -9999 -9999 -9999 -9999 -9999 -9999 -9999 -9999 -9999 -9999 -9999 -9999 -9999 -9999 -9999 -9999 -9999 -9999 -9999
4.04614E-1 3.92035E-1 4.73431E-1 7.64451E-1 7.76592E-1 7.64766E-1 7.67255E-1 7.43258E-1 7.47256E-1 7.36295E-1 7.31844E-1 7.28794E-1 7.20158E-1 -9999 -9999 -9999 -9999 -9999 -9999 -9999 -9999 -9999 -9999 -9999 7.41475E-1 5.73254E-1 3.86068E-1 4.30247E-1 4.93245E-1 4.39858E-1 3.4143E-1 3.24964E-1 3.85493E-1 3.84825E-1 3.78493E-1 4.47431E-1 4.29925E-1 4.1146E-1 4.5296E-1 4.31222E-1 4.08693E-1 3.56123E-1 3.52954E-1 3.16116E-1 3.47698E-1 3.6538E-1 3.91617E-1 4.18045E-1 4.11853E-1 5.26288E-1 5.35236E-1 5.91868E-1 -9999 -9999 -9999 -9999 -9999 -9999 -9999 -9999 -9999 -9999 -9999 -9999 -9999 -9999 -9999 -9999 -9999 -9999 -9999 -9999
4.25785E-1 3.81248E-1 5.33501E-1 7.70565E-1 7.75702E-1 7.8693E-1 7.72172E-1 7.59607E-1 7.44961E-1 7.3317E-1 7.31038E-1 7.32642E-1 -9999 -9999 -9999 -9999 -9999 -9999 -9999 -9999 -9999 -9999 7.46524E-1 7.02886E-1 5.78039E-1 5.31707E-1 3.34043E-1 3.34653E-1 4.12598E-1 4.19264E-1 3.81101E-1 3.18626E-1 3.74098E-1 3.79912E-1 4.20317E-1 4.38943E-1 4.36997E-1 4.36479E-1 4.29039E-1 3.99426E-1 3.24475E-1 3.39533E-1 3.53395E-1 3.66291E-1 3.78678E-1 3.40709E-1 3.81725E-1 3.36988E-1 3.7641E-1 5.10724E-1 4.36879E-1 4.96694E-1 5.77379E-1 -9999 -9999 -9999 -9999 -9999 -9999 -9999 -9999 -9999 -9999 -9999 -9999 -9999 -9999 -9999 -9999 -9999 -9999 -9999
4.35225E-1 4.90043E-1 5.74325E-1 7.52154E-1 7.76275E-1 7.88251E-1 7.74489E-1 7.55261E-1 7.45635E-1 7.36858E-1 7.3975E-1 -9999 -9999 -9999 -9999 -9999 -9999 -9999 -9999 -9999 -9999 -9999 -9999 6.86241E-1 6.79538E-1 6.76841E-1 3.50323E-1 3.43863E-1 4.60067E-1 4.98564E-1 3.69695E-1 3.61856E-1 3.55947E-1 3.55775E-1 4.16971E-1 4.28695E-1 4.31543E-1 4.18217E-1 3.98122E-1 3.80141E-1 3.42808E-1 3.58191E-1 3.59707E-1 3.96588E-1 3.69409E-1 3.67152E-1 3.60801E-1 3.62346E-1 3.68235E-1 4.28648E-1 3.64493E-1 4.81814E-1 5.97794E-1 -9999 -9999 -9999 -9999 -9999 -9999 -9999 -9999 -9999 -9999 -9999 -9999 -9999 -9999 -9999 -9999 -9999 -9999 -9999
3.57261E-1 3.57572E-1 4.06616E-1 7.41654E-1 7.8162E-1 7.84073E-1 7.68244E-1 7.56905E-1 7.57195E-1 -9999 -9999 -9999 -9999 -9999 -9999 -9999 -9999 -9999 -9999 -9999 -9999 -9999 -9999 -9999 -9999 7.05078E-1 4.25662E-1 3.31265E-1 3.77976E-1 4.06804E-1 3.66924E-1 3.13737E-1 3.00213E-1 3.93122E-1 4.08873E-1 4.21921E-1 4.10332E-1 3.7945E-1 3.61017E-1 3.31143E-1 3.261E-1 3.73274E-1 3.82293E-1 3.73665E-1 3.81463E-1 3.61927E-1 3.51403E-1 3.66407E-1 3.09289E-1 2.61039E-1 3.7037E-1 4.98991E-1 3.77813E-1 4.55384E-1 5.2452E-1 7.25459E-1 -9999 -9999 -9999 -9999 -9999 -9999 -9999 -9999 -9999 -9999 -9999 -9999 -9999 -9999 -9999 -9999
4.23409E-1 3.2894E-1 3.87037E-1 5.27144E-1 7.79962E-1 7.82654E-1 7.74872E-1 -9999 -9999 -9999 -9999 -9999 -9999 -9999 -9999 -9999 -9999 -9999 -9999 -9999 -9999 -9999 -9999 -9999 -9999 6.88538E-1 5.1127E-1 3.11803E-1 3.46756E-1 3.97216E-1 3.58555E-1 3.48117E-1 3.4502E-1 3.78489E-1 3.75147E-1 3.80533E-1 3.63602E-1 3.49438E-1 3.54833E-1 3.57177E-1 3.5523E-1 3.56949E-1 3.71991E-1 3.60556E-1 3.72506E-1 3.58149E-1 3.56677E-1 3.66107E-1 2.6637E-1 3.48197E-1 3.46632E-1 3.86805E-1 3.96377E-1 4.28202E-1 4.61413E-1 6.88756E-1 -9999 -9999 -9999 -9999 -9999 -9999 -9999 -9999 -9999 -9999 -9999 -9999 -9999 -9999 -9999 -9999
