Artocarpus altilis SDM files/MIS19/results (without bias file)/Artalt_median.asc
ncols         1201
nrows         481
xllcorner     119.99986351115
yllcorner     -15.00013828885
cellsize      0.041666667
NODATA_value  -9999
[rows 160 to 191 of 481, columns 288 to 359 of 1201]
7.66394E-1 7.68705E-1 7.61924E-1 7.28883E-1 7.41942E-1 7.28782E-1 7.2474E-1 6.94598E-1 6.75038E-1 7.28923E-1 7.30509E-1 6.84249E-1 6.28476E-1 6.51709E-1 6.58241E-1 7.21785E-1 6.87627E-1 6.27399E-1 6.82238E-1 6.23814E-1 6.4023E-1 7.02866E-1 6.93295E-1 6.72123E-1 6.58845E-1 6.73942E-1 7.01979E-1 5.5502E-1 5.68417E-1 6.40724E-1 7.00401E-1 7.32891E-1 6.86529E-1 6.71343E-1 6.75452E-1 6.67408E-1 7.45013E-1 6.67336E-1 7.04416E-1 7.42124E-1 6.58476E-1 7.30228E-1 8.47344E-1 8.60894E-1 8.47202E-1 8.33773E-1 5.61192E-1 4.15386E-1 5.35643E-1 8.38934E-1 9.65366E-1 9.70337E-1 -9999 -9999 -9999 -9999 -9999 -9999 -9999 -9999 -9999 -9999 -9999 -9999 -9999 -9999 -9999 -9999 -9999 -9999 -9999 -9999
7.89196E-1 7.66766E-1 7.60811E-1 7.58548E-1 7.50868E-1 7.41097E-1 7.22292E-1 7.26541E-1 7.13595E-1 7.52059E-1 7.21707E-1 6.78908E-1 6.71713E-1 6.85109E-1 6.97821E-1 7.42034E-1 6.86216E-1 6.63026E-1 7.03044E-1 6.00188E-1 6.38931E-1 7.03875E-1 7.2171E-1 6.9225E-1 7.25377E-1 6.78034E-1 6.83454E-1 5.70316E-1 5.22568E-1 4.7707E-1 6.23998E-1 6.62521E-1 6.05622E-1 6.75809E-1 7.04091E-1 6.6649E-1 6.62846E-1 7.63805E-1 7.33418E-1 5.88832E-1 5.29693E-1 5.47798E-1 5.88716E-1 8.71587E-1 8.82398E-1 8.85147E-1 8.85777E-1 5.9547E-1 5.23322E-1 6.63243E-1 9.73189E-1 -9999 -9999 -9999 -9999 -9999 -9999 -9999 -9999 -9999 -9999 -9999 -9999 -9999 -9999 -9999 -9999 -9999 -9999 -9999 -9999 -9999
7.86386E-1 7.67465E-1 7.60311E-1 7.63173E-1 7.63591E-1 7.3305E-1 7.53973E-1 7.66935E-1 7.46295E-1 7.66001E-1 7.32233E-1 7.12697E-1 6.88457E-1 7.145E-1 7.18329E-1 7.36853E-1 7.04779E-1 6.93205E-1 7.17602E-1 6.61811E-1 6.57032E-1 6.8586E-1 7.40162E-1 6.7769E-1 7.41388E-1 7.55228E-1 7.08615E-1 7.22631E-1 6.95077E-1 5.31451E-1 5.13614E-1 5.30568E-1 6.63355E-1 7.19675E-1 6.93336E-1 7.79001E-1 7.66561E-1 7.37354E-1 6.29264E-1 6.84852E-1 6.5869E-1 5.55794E-1 5.12668E-1 8.00538E-1 8.46972E-1 8.81101E-1 9.05399E-1 9.00247E-1 6.61891E-1 5.77928E-1 9.25855E-1 -9999 9.46173E-1 9.41036E-1 -9999 -9999 -9999 -9999 -9999 -9999 -9999 -9999 -9999 -9999 -9999 -9999 -9999 -9999 -9999 -9999 -9999 -9999
7.77642E-1 7.86519E-1 7.72608E-1 7.70356E-1 7.6705E-1 7.59427E-1 7.68201E-1 7.68429E-1 7.62895E-1 7.60113E-1 7.31084E-1 7.03744E-1 6.97051E-1 7.04872E-1 7.37925E-1 7.33441E-1 7.05606E-1 7.17602E-1 7.19419E-1 7.17966E-1 7.02348E-1 6.73327E-1 7.33733E-1 7.3727E-1 7.44269E-1 7.42166E-1 7.28038E-1 7.55921E-1 7.66159E-1 7.35339E-1 6.42641E-1 4.98571E-1 6.80556E-1 7.37712E-1 7.31877E-1 6.79649E-1 6.71654E-1 6.10944E-1 6.01067E-1 5.17953E-1 6.19762E-1 5.40567E-1 4.92324E-1 6.7371E-1 7.66072E-1 8.45771E-1 8.4528E-1 8.99087E-1 6.71363E-1 5.79977E-1 9.02747E-1 -9999 9.42845E-1 9.07053E-1 -9999 -9999 -9999 -9999 -9999 -9999 -9999 -9999 -9999 -9999 -9999 -9999 -9999 -9999 -9999 -9999 -9999 -9999
7.85603E-1 7.79902E-1 7.75685E-1 7.73648E-1 7.75423E-1 7.73236E-1 7.72688E-1 7.7869E-1 7.8385E-1 7.6622E-1 7.58301E-1 7.40383E-1 7.26813E-1 7.04963E-1 7.37568E-1 7.558E-1 7.04781E-1 7.37568E-1 7.36137E-1 7.41678E-1 7.42034E-1 7.19767E-1 7.01086E-1 7.515E-1 7.56393E-1 7.47651E-1 6.97907E-1 6.91438E-1 7.26701E-1 7.17654E-1 7.08895E-1 6.96996E-1 6.34162E-1 5.85037E-1 6.6915E-1 5.49619E-1 6.41648E-1 5.15687E-1 6.01956E-1 6.11082E-1 5.49252E-1 5.70687E-1 6.67203E-1 6.34568E-1 7.06586E-1 7.50399E-1 6.81477E-1 6.28637E-1 7.16262E-1 6.1826E-1 8.99403E-1 9.57183E-1 9.51131E-1 9.40793E-1 -9999 -9999 -9999 -9999 9.54872E-1 -9999 -9999 -9999 -9999 -9999 -9999 -9999 -9999 -9999 -9999 -9999 -9999 -9999
7.87533E-1 7.85971E-1 7.90337E-1 7.98853E-1 7.81401E-1 7.79776E-1 7.70356E-1 7.69256E-1 7.56063E-1 7.82482E-1 7.66773E-1 7.65113E-1 7.52059E-1 7.51707E-1 7.37568E-1 7.55326E-1 7.56273E-1 7.38283E-1 7.31286E-1 7.3954E-1 7.48197E-1 7.47489E-1 7.46945E-1 7.52451E-1 7.55446E-1 7.21372E-1 6.3656E-1 5.89368E-1 6.77132E-1 7.14782E-1 7.37704E-1 7.3732E-1 7.90021E-1 6.35022E-1 5.34997E-1 5.02139E-1 4.83913E-1 6.13473E-1 4.9925E-1 5.12623E-1 5.48852E-1 5.46963E-1 5.58962E-1 5.72531E-1 7.57514E-1 5.71372E-1 5.04488E-1 6.2946E-1 5.8648E-1 5.95423E-1 8.92834E-1 9.16974E-1 9.36471E-1 9.4042E-1 -9999 -9999 -9999 -9999 -9999 -9999 -9999 -9999 -9999 -9999 -9999 -9999 -9999 -9999 -9999 -9999 -9999 -9999
7.76741E-1 7.80793E-1 7.91992E-1 7.89862E-1 7.98685E-1 7.82482E-1 7.72004E-1 7.63035E-1 7.55503E-1 7.77603E-1 7.79233E-1 7.79233E-1 7.81714E-1 7.70658E-1 7.53466E-1 7.49952E-1 7.52059E-1 7.33082E-1 7.32005E-1 7.42034E-1 7.63164E-1 7.8183E-1 7.6612E-1 7.47843E-1 7.53401E-1 7.50549E-1 6.97514E-1 6.87506E-1 6.9811E-1 7.22695E-1 7.62041E-1 7.40207E-1 6.43849E-1 6.35761E-1 7.20313E-1 6.33716E-1 6.16812E-1 5.2462E-1 5.78363E-1 5.14693E-1 4.89046E-1 5.24928E-1 5.82295E-1 7.43883E-1 8.20724E-1 6.2353E-1 6.29944E-1 7.16143E-1 5.65165E-1 5.1748E-1 8.05183E-1 9.22566E-1 9.21444E-1 9.3396E-1 -9999 -9999 -9999 -9999 -9999 -9999 -9999 -9999 -9999 -9999 -9999 -9999 -9999 -9999 -9999 -9999 -9999 -9999
7.96283E-1 8.06495E-1 7.9059E-1 7.84075E-1 7.97207E-1 7.97938E-1 7.81941E-1 7.78147E-1 7.8086E-1 7.6622E-1 7.8086E-1 7.58859E-1 7.54381E-1 7.56063E-1 7.58859E-1 7.52763E-1 7.51355E-1 7.51707E-1 7.53905E-1 7.5343E-1 7.58311E-1 7.62695E-1 7.57367E-1 7.62225E-1 7.51025E-1 7.52926E-1 7.50072E-1 7.52601E-1 7.62866E-1 7.4703E-1 6.87219E-1 6.42124E-1 6.30848E-1 5.81728E-1 5.71303E-1 7.30887E-1 7.68669E-1 6.6318E-1 5.8453E-1 5.10395E-1 5.6568E-1 6.46038E-1 7.06054E-1 7.59896E-1 6.78337E-1 5.52521E-1 5.91808E-1 7.37357E-1 5.47004E-1 5.0326E-1 6.30899E-1 8.9595E-1 9.17982E-1 -9999 -9999 -9999 -9999 -9999 -9999 -9999 -9999 -9999 -9999 -9999 -9999 -9999 -9999 -9999 -9999 -9999 -9999 -9999
7.81903E-1 8.1245E-1 8.10304E-1 7.99029E-1 7.99712E-1 7.93585E-1 7.95125E-1 7.97353E-1 7.79776E-1 7.84448E-1 7.76514E-1 7.72004E-1 7.54381E-1 7.49316E-1 7.62895E-1 7.61227E-1 7.68799E-1 7.56745E-1 7.50904E-1 7.5343E-1 7.58783E-1 7.58311E-1 7.60667E-1 7.58311E-1 7.45624E-1 7.51025E-1 7.52451E-1 7.54025E-1 7.51175E-1 7.38982E-1 7.29749E-1 6.97492E-1 7.16654E-1 7.36605E-1 6.51703E-1 5.4885E-1 7.37727E-1 7.65967E-1 7.1976E-1 6.85645E-1 7.10068E-1 7.20606E-1 6.32056E-1 6.55432E-1 6.53482E-1 5.907E-1 5.62629E-1 5.98123E-1 6.29607E-1 5.19923E-1 6.90169E-1 8.47945E-1 9.12655E-1 -9999 -9999 -9999 9.20992E-1 9.21861E-1 -9999 -9999 -9999 -9999 -9999 -9999 8.95321E-1 -9999 -9999 -9999 -9999 -9999 -9999 -9999
8.11293E-1 8.1457E-1 8.14799E-1 8.15834E-1 8.0148E-1 7.92524E-1 7.96604E-1 7.96908E-1 7.8385E-1 7.80318E-1 7.67602E-1 7.79233E-1 7.58301E-1 7.58998E-1 7.57881E-1 7.64598E-1 7.65066E-1 7.71732E-1 7.52059E-1 7.55326E-1 7.558E-1 7.52956E-1 7.5784E-1 7.56895E-1 7.61286E-1 7.45145E-1 7.515E-1 7.48642E-1 7.52126E-1 7.31462E-1 7.52484E-1 7.52862E-1 7.4338E-1 7.11125E-1 7.16107E-1 6.27268E-1 5.46105E-1 5.32932E-1 5.08205E-1 6.50753E-1 7.77194E-1 7.41464E-1 6.70925E-1 7.38014E-1 7.64609E-1 7.47625E-1 7.32408E-1 6.51672E-1 6.5914E-1 4.48404E-1 7.44245E-1 8.85827E-1 -9999 -9999 -9999 -9999 8.32583E-1 8.20013E-1 -9999 -9999 -9999 -9999 -9999 -9999 8.97147E-1 9.11336E-1 -9999 -9999 -9999 -9999 -9999 -9999
8.41372E-1 7.88959E-1 7.94243E-1 8.11535E-1 8.17679E-1 8.01038E-1 7.98826E-1 7.94115E-1 7.97353E-1 7.75423E-1 7.78969E-1 7.76514E-1 7.79776E-1 7.52134E-1 7.56762E-1 7.64598E-1 7.66935E-1 7.66935E-1 7.68333E-1 7.69876E-1 7.57507E-1 7.558E-1 7.5343E-1 7.5784E-1 7.39897E-1 7.46427E-1 7.45624E-1 7.50072E-1 7.48642E-1 7.44818E-1 7.46883E-1 7.53337E-1 7.51965E-1 7.21805E-1 6.68526E-1 6.03139E-1 5.65831E-1 6.27671E-1 6.93173E-1 5.43103E-1 7.46673E-1 7.64887E-1 7.55813E-1 7.79763E-1 8.09128E-1 8.22808E-1 8.48808E-1 7.45789E-1 6.63817E-1 5.03858E-1 7.93218E-1 8.99748E-1 -9999 -9999 -9999 8.24459E-1 6.8184E-1 7.52183E-1 -9999 -9999 -9999 -9999 -9999 -9999 -9999 9.11981E-1 -9999 -9999 -9999 -9999 -9999 -9999
8.39967E-1 8.13954E-1 8.00098E-1 8.08496E-1 8.16397E-1 8.10962E-1 7.95572E-1 7.90928E-1 8.0148E-1 8.025E-1 7.98826E-1 7.70906E-1 7.79233E-1 7.62895E-1 7.57881E-1 7.73584E-1 7.68333E-1 7.62895E-1 7.66001E-1 7.66001E-1 7.54379E-1 7.55326E-1 7.52956E-1 7.56422E-1 7.58783E-1 7.39183E-1 7.41322E-1 7.45145E-1 7.45624E-1 7.48165E-1 7.42347E-1 7.43379E-1 7.47361E-1 7.51235E-1 7.50354E-1 7.58831E-1 6.97752E-1 7.02506E-1 7.56255E-1 7.62351E-1 7.89916E-1 7.84218E-1 7.90098E-1 7.90353E-1 8.07808E-1 8.38872E-1 8.49623E-1 6.15178E-1 6.39751E-1 5.01928E-1 6.82366E-1 8.9548E-1 -9999 -9999 -9999 8.66293E-1 6.20372E-1 8.66689E-1 -9999 -9999 -9999 -9999 -9999 -9999 -9999 9.09943E-1 -9999 -9999 -9999 -9999 -9999 -9999
-9999 -9999 8.32847E-1 8.34175E-1 8.20239E-1 8.14547E-1 8.0148E-1 7.96159E-1 8.08765E-1 7.98826E-1 7.95572E-1 7.74877E-1 7.83994E-1 7.85954E-1 7.62339E-1 7.67867E-1 7.68333E-1 7.65534E-1 7.65534E-1 7.66468E-1 7.49952E-1 7.50904E-1 7.5343E-1 7.36495E-1 7.52481E-1 7.35421E-1 7.40253E-1 7.38469E-1 7.39183E-1 7.44187E-1 7.41306E-1 7.45775E-1 7.41939E-1 7.45927E-1 7.44969E-1 7.58744E-1 7.58534E-1 7.516E-1 7.50439E-1 7.84501E-1 7.76214E-1 7.81114E-1 7.79115E-1 7.80057E-1 8.21539E-1 8.15183E-1 8.28835E-1 7.35515E-1 6.49232E-1 5.83585E-1 5.01929E-1 8.60127E-1 -9999 -9999 -9999 -9999 7.43991E-1 8.80414E-1 -9999 -9999 -9999 -9999 -9999 -9999 -9999 9.00575E-1 -9999 8.67681E-1 -9999 -9999 -9999 -9999
-9999 -9999 -9999 -9999 8.35245E-1 8.16451E-1 8.13688E-1 8.05574E-1 8.21635E-1 7.97049E-1 7.98826E-1 7.86861E-1 7.95685E-1 7.89263E-1 7.81714E-1 7.67867E-1 7.67401E-1 7.66001E-1 7.43937E-1 7.50904E-1 7.43937E-1 7.51707E-1 7.49475E-1 7.54379E-1 7.54379E-1 7.35779E-1 7.35421E-1 7.33987E-1 7.38112E-1 7.373E-1 7.35368E-1 7.28937E-1 7.34641E-1 7.29609E-1 7.3574E-1 7.36636E-1 7.37594E-1 7.37019E-1 7.38876E-1 7.3999E-1 7.61194E-1 7.72894E-1 7.74853E-1 7.64734E-1 8.0887E-1 8.09324E-1 8.06247E-1 6.24447E-1 5.19073E-1 6.56003E-1 5.26008E-1 7.93099E-1 -9999 -9999 -9999 -9999 8.60291E-1 -9999 -9999 -9999 -9999 -9999 -9999 -9999 -9999 -9999 -9999 -9999 -9999 -9999 -9999 -9999
-9999 -9999 -9999 -9999 -9999 8.29461E-1 8.13688E-1 8.19729E-1 8.20788E-1 8.05274E-1 8.10638E-1 8.1323E-1 8.14091E-1 -9999 7.77059E-1 7.77603E-1 7.66468E-1 7.66468E-1 7.64598E-1 7.68015E-1 7.69876E-1 7.50904E-1 7.50428E-1 7.49475E-1 7.5343E-1 7.53905E-1 7.54379E-1 7.64101E-1 -9999 7.55476E-1 7.57989E-1 7.33916E-1 7.38418E-1 7.5373E-1 7.30959E-1 7.29879E-1 7.326E-1 7.34756E-1 7.25277E-1 7.50938E-1 7.39052E-1 7.3628E-1 7.63494E-1 7.6638E-1 7.6945E-1 7.69119E-1 7.99108E-1 7.33509E-1 5.83389E-1 5.06939E-1 4.51319E-1 8.08241E-1 -9999 -9999 -9999 -9999 -9999 -9999 -9999 -9999 -9999 -9999 -9999 -9999 -9999 -9999 8.89278E-1 -9999 -9999 -9999 -9999 -9999
-9999 -9999 -9999 -9999 -9999 -9999 8.29876E-1 8.20222E-1 8.26808E-1 8.30678E-1 8.23455E-1 -9999 -9999 -9999 -9999 7.76514E-1 7.67401E-1 7.70805E-1 7.89263E-1 7.88812E-1 7.69876E-1 7.66468E-1 7.50428E-1 7.50428E-1 7.74192E-1 -9999 -9999 -9999 -9999 -9999 -9999 -9999 -9999 -9999 -9999 -9999 -9999 -9999 -9999 -9999 7.52338E-1 7.49159E-1 7.46187E-1 7.24451E-1 7.50974E-1 7.70872E-1 7.83647E-1 6.26755E-1 6.57314E-1 4.89564E-1 4.1373E-1 7.48196E-1 -9999 -9999 -9999 -9999 -9999 -9999 -9999 -9999 8.7402E-1 8.74601E-1 -9999 -9999 -9999 -9999 -9999 -9999 8.45206E-1 -9999 -9999 -9999
-9999 -9999 -9999 -9999 -9999 -9999 -9999 -9999 -9999 -9999 -9999 -9999 -9999 -9999 -9999 7.95267E-1 8.00736E-1 7.90165E-1 -9999 -9999 -9999 -9999 7.71732E-1 7.7034E-1 -9999 -9999 -9999 -9999 -9999 -9999 -9999 -9999 -9999 -9999 -9999 -9999 -9999 -9999 -9999 -9999 -9999 -9999 -9999 7.64156E-1 7.36162E-1 7.72548E-1 7.01166E-1 6.15865E-1 6.08888E-1 5.63428E-1 3.86737E-1 7.14858E-1 7.91547E-1 -9999 -9999 -9999 -9999 -9999 -9999 -9999 8.35519E-1 8.10627E-1 -9999 -9999 -9999 -9999 -9999 -9999 -9999 -9999 -9999 -9999
-9999 -9999 -9999 -9999 -9999 -9999 -9999 -9999 -9999 -9999 -9999 -9999 -9999 -9999 -9999 -9999 -9999 -9999 -9999 -9999 -9999 -9999 -9999 -9999 -9999 -9999 -9999 -9999 -9999 -9999 -9999 -9999 -9999 -9999 -9999 -9999 -9999 -9999 -9999 -9999 -9999 -9999 -9999 -9999 7.60478E-1 7.26458E-1 7.35658E-1 6.55697E-1 7.48097E-1 7.67039E-1 4.12149E-1 4.6871E-1 7.29426E-1 -9999 -9999 -9999 -9999 -9999 -9999 8.38853E-1 7.8806E-1 8.13026E-1 -9999 -9999 -9999 -9999 -9999 -9999 -9999 -9999 -9999 -9999
-9999 -9999 -9999 -9999 -9999 -9999 -9999 -9999 -9999 -9999 -9999 -9999 -9999 -9999 -9999 -9999 -9999 -9999 -9999 -9999 -9999 -9999 -9999 -9999 -9999 -9999 -9999 -9999 -9999 7.50578E-1 -9999 -9999 -9999 -9999 -9999 7.35449E-1 7.389E-1 -9999 -9999 -9999 -9999 -9999 -9999 -9999 7.37685E-1 7.29548E-1 7.39951E-1 7.5414E-1 7.03676E-1 7.21902E-1 4.36434E-1 4.5084E-1 7.07857E-1 8.48468E-1 -9999 -9999 -9999 -9999 -9999 -9999 7.40731E-1 6.90534E-1 8.09646E-1 -9999 -9999 -9999 -9999 -9999 -9999 -9999 -9999 7.95042E-1
-9999 -9999 -9999 -9999 -9999 -9999 -9999 -9999 -9999 -9999 -9999 -9999 -9999 -9999 -9999 -9999 -9999 -9999 -9999 -9999 -9999 -9999 -9999 -9999 -9999 7.58998E-1 7.37101E-1 7.20545E-1 7.19966E-1 7.02602E-1 7.24741E-1 7.23585E-1 7.25319E-1 -9999 -9999 7.22426E-1 6.97164E-1 7.07185E-1 -9999 -9999 -9999 6.8223E-1 6.84017E-1 6.97391E-1 7.50212E-1 7.51537E-1 7.60851E-1 7.73312E-1 5.86423E-1 4.31889E-1 4.84034E-1 5.01788E-1 4.80499E-1 7.52497E-1 8.21724E-1 -9999 -9999 -9999 -9999 -9999 8.44782E-1 8.03795E-1 -9999 -9999 -9999 -9999 -9999 -9999 -9999 -9999 -9999 -9999
-9999 -9999 -9999 -9999 -9999 -9999 -9999 -9999 -9999 -9999 -9999 -9999 -9999 -9999 -9999 -9999 -9999 -9999 -9999 -9999 -9999 -9999 -9999 -9999 7.46489E-1 7.31801E-1 7.1459E-1 6.88759E-1 6.96577E-1 6.85801E-1 6.9186E-1 6.99665E-1 7.21269E-1 -9999 7.29396E-1 -9999 6.94025E-1 6.919E-1 6.99192E-1 7.30189E-1 -9999 7.18261E-1 6.8844E-1 7.04649E-1 7.44667E-1 7.70046E-1 7.81284E-1 7.79708E-1 7.3778E-1 3.7677E-1 5.59266E-1 6.07635E-1 4.89013E-1 4.50216E-1 7.59528E-1 8.34797E-1 -9999 -9999 -9999 8.31524E-1 7.84855E-1 8.35438E-1 8.62948E-1 8.6274E-1 -9999 -9999 -9999 -9999 -9999 -9999 -9999 -9999
-9999 -9999 -9999 -9999 -9999 -9999 -9999 -9999 -9999 -9999 -9999 -9999 -9999 -9999 -9999 -9999 -9999 -9999 -9999 -9999 -9999 -9999 -9999 7.55503E-1 7.23588E-1 7.06268E-1 6.88759E-1 6.97166E-1 7.20545E-1 7.19385E-1 6.99665E-1 6.99665E-1 6.98489E-1 6.98489E-1 6.97312E-1 6.94956E-1 -9999 7.17206E-1 7.10024E-1 7.30189E-1 7.26907E-1 7.04715E-1 7.29844E-1 7.08655E-1 6.46586E-1 7.41962E-1 6.71871E-1 7.75238E-1 7.38705E-1 3.70854E-1 4.2835E-1 6.32571E-1 5.27409E-1 4.19337E-1 5.96201E-1 7.81387E-1 8.08166E-1 8.06407E-1 -9999 7.54569E-1 5.54406E-1 5.63333E-1 4.91744E-1 6.38759E-1 -9999 -9999 -9999 -9999 -9999 -9999 -9999 -9999
-9999 -9999 -9999 -9999 -9999 -9999 -9999 -9999 -9999 -9999 -9999 -9999 -9999 -9999 -9999 -9999 -9999 -9999 -9999 -9999 -9999 -9999 -9999 7.43513E-1 7.18227E-1 7.08024E-1 6.88168E-1 6.95399E-1 7.19385E-1 7.19385E-1 6.9245E-1 6.73635E-1 6.64554E-1 6.89497E-1 6.96134E-1 6.93187E-1 7.23729E-1 7.2315E-1 7.06362E-1 7.03518E-1 6.98734E-1 6.9977E-1 7.23856E-1 6.02186E-1 4.04522E-1 5.32563E-1 4.32518E-1 6.76845E-1 7.14967E-1 4.85805E-1 4.04192E-1 6.89777E-1 5.11251E-1 4.60477E-1 4.88777E-1 7.05265E-1 8.01916E-1 8.06066E-1 7.82739E-1 6.46987E-1 4.5294E-1 3.9152E-1 3.43027E-1 6.13756E-1 -9999 -9999 -9999 -9999 -9999 -9999 -9999 -9999
-9999 -9999 -9999 -9999 -9999 -9999 -9999 -9999 -9999 8.3576E-1 8.29461E-1 -9999 -9999 -9999 -9999 -9999 -9999 -9999 -9999 -9999 -9999 -9999 7.44081E-1 7.17646E-1 7.24166E-1 7.05683E-1 6.82099E-1 6.62616E-1 6.86985E-1 6.69916E-1 6.59632E-1 6.59632E-1 6.979E-1 6.89497E-1 6.88906E-1 6.95545E-1 7.00986E-1 7.06997E-1 6.97458E-1 6.77042E-1 7.06983E-1 7.09116E-1 7.08105E-1 6.61209E-1 5.98034E-1 5.02519E-1 4.73273E-1 4.0692E-1 7.08217E-1 5.02293E-1 4.25965E-1 5.99874E-1 5.64169E-1 5.09094E-1 4.93999E-1 6.28738E-1 7.8906E-1 -9999 7.78697E-1 6.34722E-1 4.79885E-1 3.9208E-1 3.31034E-1 5.34614E-1 -9999 -9999 -9999 -9999 -9999 -9999 -9999 -9999
-9999 -9999 -9999 -9999 7.35245E-1 6.19699E-1 -9999 -9999 -9999 8.3576E-1 8.21661E-1 7.42376E-1 8.14254E-1 8.06546E-1 -9999 -9999 -9999 -9999 -9999 -9999 -9999 7.58581E-1 7.34815E-1 7.17065E-1 7.17646E-1 6.99668E-1 6.81506E-1 6.62019E-1 6.60826E-1 6.35113E-1 6.67534E-1 6.91269E-1 6.91269E-1 6.88315E-1 6.89497E-1 6.95545E-1 7.01574E-1 7.06997E-1 6.86997E-1 6.7809E-1 6.78831E-1 6.81205E-1 7.04014E-1 7.14572E-1 7.23099E-1 5.46328E-1 4.94012E-1 4.62835E-1 5.07266E-1 6.16205E-1 4.96331E-1 6.44037E-1 6.66851E-1 4.6192E-1 5.064E-1 4.6128E-1 7.17957E-1 -9999 -9999 7.23717E-1 4.10464E-1 3.26953E-1 2.95009E-1 4.6947E-1 -9999 -9999 -9999 -9999 -9999 -9999 -9999 -9999
-9999 -9999 8.36322E-1 7.73236E-1 5.9505E-1 4.66605E-1 4.33823E-1 4.42336E-1 4.59369E-1 6.97754E-1 7.8059E-1 7.83292E-1 6.76015E-1 6.14166E-1 6.64257E-1 -9999 -9999 -9999 -9999 -9999 7.61368E-1 7.36532E-1 7.17646E-1 7.24166E-1 7.23588E-1 7.00256E-1 6.55303E-1 6.38106E-1 6.60229E-1 6.67534E-1 7.01428E-1 6.9186E-1 6.88906E-1 6.89497E-1 6.89497E-1 6.77349E-1 6.84022E-1 6.89217E-1 6.4693E-1 6.70808E-1 6.95102E-1 6.8867E-1 7.10421E-1 7.0206E-1 7.13762E-1 7.19441E-1 4.71916E-1 6.15252E-1 4.19171E-1 4.93329E-1 5.7922E-1 5.24628E-1 5.8402E-1 5.48563E-1 4.70107E-1 4.57935E-1 5.44275E-1 7.37981E-1 -9999 7.49706E-1 3.52518E-1 2.64659E-1 3.23141E-1 5.09194E-1 -9999 -9999 -9999 6.22453E-1 6.58868E-1 -9999 -9999 -9999
7.85715E-1 8.02524E-1 8.11947E-1 6.36909E-1 5.10353E-1 4.6917E-1 4.52749E-1 5.5825E-1 6.19063E-1 7.09611E-1 7.71879E-1 7.18227E-1 6.73638E-1 5.51297E-1 5.5593E-1 7.17428E-1 -9999 -9999 -9999 7.56904E-1 7.33095E-1 7.09926E-1 7.19968E-1 7.24166E-1 7.17065E-1 7.16483E-1 6.99668E-1 6.77945E-1 6.59632E-1 7.0084E-1 6.9363E-1 6.74824E-1 6.66938E-1 6.89497E-1 6.72445E-1 6.77349E-1 6.63988E-1 6.28921E-1 6.65894E-1 6.90235E-1 7.0172E-1 6.81897E-1 7.20769E-1 6.47438E-1 4.66071E-1 6.48035E-1 5.48565E-1 5.55847E-1 5.08392E-1 4.43523E-1 4.5637E-1 3.92046E-1 3.66406E-1 5.63583E-1 5.28752E-1 5.1815E-1 4.61507E-1 6.14205E-1 -9999 7.40422E-1 3.95137E-1 2.55086E-1 3.23476E-1 6.30569E-1 -9999 -9999 -9999 7.19963E-1 7.02849E-1 -9999 -9999 -9999
7.7288E-1 7.20692E-1 5.23155E-1 4.22558E-1 3.91405E-1 3.87333E-1 3.97709E-1 4.46008E-1 4.65819E-1 5.28219E-1 5.08781E-1 6.26431E-1 5.66207E-1 5.60781E-1 7.00507E-1 7.09071E-1 7.73414E-1 7.86116E-1 7.76652E-1 7.52276E-1 7.40669E-1 7.17065E-1 7.17646E-1 7.06268E-1 6.99668E-1 6.91862E-1 6.91862E-1 6.8032E-1 6.6813E-1 6.66938E-1 6.16109E-1 6.40649E-1 6.38853E-1 6.64554E-1 6.66342E-1 6.45585E-1 6.27178E-1 6.1865E-1 6.6649E-1 6.7809E-1 6.90729E-1 6.63806E-1 6.27427E-1 4.9061E-1 3.49623E-1 4.60018E-1 3.94094E-1 4.29917E-1 4.48672E-1 5.32723E-1 5.00615E-1 4.84464E-1 3.99411E-1 4.40079E-1 6.55489E-1 5.09496E-1 4.58171E-1 6.18303E-1 7.2841E-1 -9999 4.78859E-1 2.45191E-1 2.8641E-1 5.71247E-1 -9999 -9999 -9999 -9999 -9999 -9999 -9999 -9999
7.67963E-1 6.16109E-1 4.23674E-1 3.73003E-1 3.64381E-1 3.65411E-1 3.45632E-1 3.73639E-1 4.12508E-1 4.21253E-1 4.237E-1 4.38449E-1 4.90322E-1 5.48607E-1 6.34651E-1 7.41798E-1 7.13597E-1 7.30077E-1 7.66497E-1 7.42945E-1 7.45923E-1 7.41807E-1 7.31801E-1 7.32376E-1 7.00256E-1 6.73638E-1 6.71258E-1 6.54706E-1 6.35711E-1 6.36909E-1 6.35711E-1 6.43641E-1 6.41846E-1 6.46782E-1 6.46782E-1 6.46782E-1 6.25382E-1 6.25382E-1 6.67086E-1 6.71998E-1 6.16255E-1 6.27923E-1 5.81832E-1 3.87745E-1 3.50391E-1 3.62549E-1 3.74547E-1 3.70004E-1 5.82088E-1 5.10173E-1 4.69995E-1 5.51853E-1 5.01281E-1 3.56677E-1 4.86407E-1 5.7774E-1 5.23642E-1 5.95939E-1 6.97601E-1 7.80408E-1 6.49776E-1 2.80637E-1 2.73713E-1 4.69411E-1 -9999 -9999 -9999 -9999 -9999 -9999 -9999 -9999
8.28161E-1 4.75934E-1 4.16418E-1 4.58606E-1 4.85341E-1 5.0129E-1 4.55398E-1 4.51875E-1 3.91012E-1 3.60732E-1 3.70192E-1 3.7874E-1 4.32299E-1 5.05892E-1 6.11593E-1 6.60777E-1 7.78065E-1 6.61327E-1 7.64249E-1 7.55642E-1 7.40669E-1 7.48186E-1 7.47055E-1 7.41807E-1 7.17065E-1 6.98491E-1 6.73638E-1 6.28977E-1 5.84002E-1 5.685E-1 5.93424E-1 6.09384E-1 6.14913E-1 6.22241E-1 6.16109E-1 6.22241E-1 6.46782E-1 6.2658E-1 6.41396E-1 6.65298E-1 6.19996E-1 5.7381E-1 5.84131E-1 4.3316E-1 4.51546E-1 4.27696E-1 4.23898E-1 3.9997E-1 5.3659E-1 4.54488E-1 4.42936E-1 5.34297E-1 5.12409E-1 5.00445E-1 3.82496E-1 3.8373E-1 5.13576E-1 5.41894E-1 6.58987E-1 7.56295E-1 7.22257E-1 3.33168E-1 2.61091E-1 4.17062E-1 -9999 -9999 -9999 -9999 -9999 -9999 -9999 -9999
7.57659E-1 7.35096E-1 6.07644E-1 5.87733E-1 6.50371E-1 6.68254E-1 5.7294E-1 5.58106E-1 4.93479E-1 3.95551E-1 3.72674E-1 3.56009E-1 3.73595E-1 4.58381E-1 5.33301E-1 6.39017E-1 6.90489E-1 7.89438E-1 7.99964E-1 7.87457E-1 7.40669E-1 7.49316E-1 7.40669E-1 7.39529E-1 7.1051E-1 7.17065E-1 6.98491E-1 6.48579E-1 6.43641E-1 6.18502E-1 6.34362E-1 6.26431E-1 6.16109E-1 6.16707E-1 6.17305E-1 6.22241E-1 6.23438E-1 6.27178E-1 6.51714E-1 6.48725E-1 6.40199E-1 5.81056E-1 5.48354E-1 6.02537E-1 4.43083E-1 4.17909E-1 5.07728E-1 4.06377E-1 4.25077E-1 4.63567E-1 4.2914E-1 4.96364E-1 4.86671E-1 5.41984E-1 4.88657E-1 3.36298E-1 4.47127E-1 4.84387E-1 5.4374E-1 6.99758E-1 7.27897E-1 4.75587E-1 2.79479E-1 5.46158E-1 7.50146E-1 -9999 -9999 7.00519E-1 6.9537E-1 -9999 -9999 -9999
8.73049E-1 8.55111E-1 8.13938E-1 8.68165E-1 8.90347E-1 8.93102E-1 8.75008E-1 8.37673E-1 7.49729E-1 4.48304E-1 3.91597E-1 3.40266E-1 3.2203E-1 3.9148E-1 5.15924E-1 5.45068E-1 6.47304E-1 7.31877E-1 7.76183E-1 7.78051E-1 7.34242E-1 7.17065E-1 7.09342E-1 7.09342E-1 6.84619E-1 6.74827E-1 6.47382E-1 6.73043E-1 6.82099E-1 6.69321E-1 6.50968E-1 6.44838E-1 6.27628E-1 6.17305E-1 6.16707E-1 6.24635E-1 6.3077E-1 6.28376E-1 6.5291E-1 6.25981E-1 6.28527E-1 6.06545E-1 6.28676E-1 6.77647E-1 5.11984E-1 3.99326E-1 4.89768E-1 5.17673E-1 4.32186E-1 4.56804E-1 3.26687E-1 3.72915E-1 4.56397E-1 4.82319E-1 4.85363E-1 3.55756E-1 3.42789E-1 4.32082E-1 4.37434E-1 6.25404E-1 7.12518E-1 6.56043E-1 2.97734E-1 4.75177E-1 7.19622E-1 -9999 5.82904E-1 5.69221E-1 6.28727E-1 -9999 -9999 -9999
