Artocarpus altilis SDM files/MIS19/results (without bias file)/Artalt_1.asc
ncols         1201
nrows         481
xllcorner     119.99986351115
yllcorner     -15.00013828885
cellsize      0.041666667
NODATA_value  -9999
[rows 192 to 223 of 481, columns 288 to 359 of 1201]
-9999 8.76549E-1 8.92795E-1 8.97254E-1 8.85755E-1 8.80127E-1 8.68309E-1 8.75879E-1 8.44635E-1 5.6609E-1 3.77703E-1 3.34454E-1 3.07463E-1 3.01256E-1 4.08739E-1 5.15895E-1 6.02597E-1 6.81821E-1 8.09789E-1 7.74422E-1 7.56386E-1 7.22535E-1 6.79102E-1 7.03804E-1 7.0307E-1 6.7873E-1 6.39631E-1 6.44694E-1 6.18523E-1 6.43946E-1 6.68938E-1 6.44694E-1 6.46387E-1 6.49007E-1 6.29773E-1 6.53691E-1 6.37656E-1 6.17297E-1 6.31093E-1 6.2453E-1 6.62971E-1 6.56053E-1 6.40397E-1 6.88032E-1 6.0681E-1 4.04837E-1 4.23748E-1 5.43541E-1 6.45477E-1 4.84112E-1 3.83167E-1 2.91776E-1 3.30156E-1 4.39351E-1 4.63299E-1 3.78362E-1 3.28528E-1 3.36453E-1 4.15168E-1 5.1986E-1 6.97547E-1 7.14534E-1 3.13299E-1 4.61776E-1 7.08282E-1 7.08884E-1 5.66216E-1 3.42067E-1 6.59841E-1 -9999 -9999 -9999
-9999 -9999 -9999 -9999 -9999 -9999 -9999 -9999 -9999 8.82043E-1 8.21383E-1 4.73155E-1 3.93608E-1 3.02752E-1 3.51039E-1 5.02366E-1 5.55291E-1 6.48271E-1 8.05106E-1 7.98162E-1 7.57086E-1 7.51636E-1 7.02703E-1 6.59594E-1 6.58474E-1 6.59594E-1 6.39631E-1 5.95398E-1 5.80579E-1 6.25083E-1 6.45069E-1 6.46192E-1 6.43946E-1 6.30897E-1 6.30522E-1 6.3334E-1 6.18045E-1 5.97728E-1 6.07555E-1 6.0101E-1 6.64091E-1 6.82088E-1 6.56427E-1 6.98383E-1 6.04659E-1 4.227E-1 4.3917E-1 5.20431E-1 5.38157E-1 5.2096E-1 4.84324E-1 3.11706E-1 2.41312E-1 3.99121E-1 4.56611E-1 4.14729E-1 3.24794E-1 3.26287E-1 4.22103E-1 5.60113E-1 6.69227E-1 5.74285E-1 3.47932E-1 4.16661E-1 6.83153E-1 6.97237E-1 3.68777E-1 6.26829E-1 7.38545E-1 -9999 -9999 -9999
-9999 -9999 -9999 -9999 -9999 -9999 -9999 -9999 -9999 -9999 -9999 8.5422E-1 5.42247E-1 4.0384E-1 3.70064E-1 4.14295E-1 5.30441E-1 6.37276E-1 7.88505E-1 7.87022E-1 7.60412E-1 7.56386E-1 7.22535E-1 6.65388E-1 6.55934E-1 6.39631E-1 5.95398E-1 5.93908E-1 6.05865E-1 5.80579E-1 6.05865E-1 6.43571E-1 6.25083E-1 6.24334E-1 6.24334E-1 6.04371E-1 5.93433E-1 5.77881E-1 5.82258E-1 6.06061E-1 6.94681E-1 7.05655E-1 7.15535E-1 6.55395E-1 4.34069E-1 6.41716E-1 6.21253E-1 5.80317E-1 4.56435E-1 5.37431E-1 5.45036E-1 3.68307E-1 2.61347E-1 3.45497E-1 4.01501E-1 3.97825E-1 4.46097E-1 4.26121E-1 3.56394E-1 5.74817E-1 6.76864E-1 4.25403E-1 3.21166E-1 3.48861E-1 5.99899E-1 6.46493E-1 3.46646E-1 6.13412E-1 7.57064E-1 -9999 -9999 -9999
-9999 -9999 -9999 -9999 -9999 -9999 -9999 -9999 -9999 -9999 8.23827E-1 6.17146E-1 7.98626E-1 4.81264E-1 3.73817E-1 4.34208E-1 4.60384E-1 5.47751E-1 7.09995E-1 7.86351E-1 7.59365E-1 7.5393E-1 7.28145E-1 7.09856E-1 7.22073E-1 6.68565E-1 6.58371E-1 6.41401E-1 6.59865E-1 6.11668E-1 6.40652E-1 6.25083E-1 5.95026E-1 5.94653E-1 5.99696E-1 5.9895E-1 5.79095E-1 5.48636E-1 5.43335E-1 6.82163E-1 6.95788E-1 -9999 7.26069E-1 7.24029E-1 3.68963E-1 6.27917E-1 5.72427E-1 5.04405E-1 5.00756E-1 4.86066E-1 5.12887E-1 3.67831E-1 2.89928E-1 2.52627E-1 3.19885E-1 4.23394E-1 4.69703E-1 3.75215E-1 4.10507E-1 5.82055E-1 6.39248E-1 4.14129E-1 3.04921E-1 3.33628E-1 5.22577E-1 5.87202E-1 3.32799E-1 6.15759E-1 7.36757E-1 -9999 -9999 -9999
-9999 -9999 -9999 -9999 -9999 -9999 -9999 -9999 -9999 -9999 8.52533E-1 8.11746E-1 8.49974E-1 8.13004E-1 6.39892E-1 5.20494E-1 5.08989E-1 5.33832E-1 6.48929E-1 7.90676E-1 7.67367E-1 7.56035E-1 7.22535E-1 7.02703E-1 6.8486E-1 6.90604E-1 6.9412E-1 6.75089E-1 6.72857E-1 6.49755E-1 6.60612E-1 6.31272E-1 6.30148E-1 6.35962E-1 6.31272E-1 6.25083E-1 6.04371E-1 5.35321E-1 5.25807E-1 7.0756E-1 7.19898E-1 7.26963E-1 7.14152E-1 5.73853E-1 5.23836E-1 6.25372E-1 6.41746E-1 4.67736E-1 4.67807E-1 4.18141E-1 4.711E-1 3.34904E-1 2.92067E-1 2.97896E-1 3.83631E-1 4.34346E-1 4.74558E-1 3.85287E-1 4.24903E-1 5.40033E-1 5.94915E-1 4.53373E-1 3.03439E-1 2.94648E-1 4.27935E-1 6.19578E-1 4.49273E-1 6.97221E-1 7.33418E-1 -9999 -9999 -9999
-9999 -9999 -9999 -9999 -9999 -9999 -9999 -9999 -9999 -9999 -9999 -9999 -9999 8.58E-1 8.15081E-1 7.67713E-1 4.96607E-1 4.78447E-1 6.697E-1 7.96786E-1 7.54536E-1 7.35706E-1 7.07661E-1 7.12968E-1 6.84119E-1 6.89495E-1 6.59594E-1 6.65015E-1 6.45817E-1 6.53317E-1 6.73973E-1 6.50129E-1 6.55934E-1 6.55186E-1 6.60612E-1 6.50129E-1 6.24709E-1 6.05492E-1 6.18794E-1 6.88654E-1 7.24796E-1 6.86063E-1 6.94211E-1 4.63631E-1 4.85702E-1 4.89786E-1 4.89482E-1 4.64093E-1 3.88341E-1 3.79742E-1 4.14161E-1 3.17076E-1 3.13454E-1 3.95648E-1 3.98498E-1 4.09256E-1 4.59803E-1 4.54439E-1 4.1149E-1 4.87635E-1 4.07557E-1 3.84066E-1 3.97113E-1 2.70671E-1 3.10079E-1 4.75334E-1 6.67482E-1 7.08619E-1 6.40516E-1 7.44356E-1 -9999 -9999
-9999 -9999 -9999 -9999 -9999 -9999 -9999 -9999 -9999 -9999 -9999 -9999 -9999 -9999 7.01969E-1 5.08781E-1 4.38795E-1 5.01045E-1 7.8988E-1 7.89341E-1 7.54887E-1 7.35348E-1 7.32291E-1 7.31213E-1 7.07295E-1 6.89495E-1 6.88385E-1 6.94858E-1 6.80485E-1 7.04804E-1 6.69683E-1 6.74345E-1 6.85128E-1 6.79742E-1 6.71173E-1 6.76948E-1 6.70056E-1 6.49755E-1 6.59865E-1 6.84758E-1 6.44807E-1 5.98847E-1 6.4751E-1 4.30341E-1 4.19534E-1 5.28351E-1 4.05653E-1 4.48441E-1 3.87014E-1 4.10888E-1 3.02599E-1 3.578E-1 3.73975E-1 3.74693E-1 3.39649E-1 3.23421E-1 3.46581E-1 4.32699E-1 4.76547E-1 4.99226E-1 4.22814E-1 3.23223E-1 4.49375E-1 3.21054E-1 2.86799E-1 4.19996E-1 6.60274E-1 6.34591E-1 5.12135E-1 7.39259E-1 7.06527E-1 -9999
-9999 -9999 -9999 -9999 -9999 -9999 -9999 -9999 -9999 -9999 -9999 -9999 -9999 -9999 8.30942E-1 6.21339E-1 4.68367E-1 6.59028E-1 8.60722E-1 7.95194E-1 7.50834E-1 7.40537E-1 7.39824E-1 7.14426E-1 7.08393E-1 6.89495E-1 7.23884E-1 7.24607E-1 6.9947E-1 7.24607E-1 6.91712E-1 7.01308E-1 7.04437E-1 7.24246E-1 6.70801E-1 7.05537E-1 6.95595E-1 6.70056E-1 6.76204E-1 7.04804E-1 4.79161E-1 4.65031E-1 6.72112E-1 4.42883E-1 3.80051E-1 4.79658E-1 3.12712E-1 3.77739E-1 4.17448E-1 3.51203E-1 3.20464E-1 3.47434E-1 4.14072E-1 4.26366E-1 4.19218E-1 3.28833E-1 2.81761E-1 4.32182E-1 4.16966E-1 4.20245E-1 4.23333E-1 3.97688E-1 4.42946E-1 3.35562E-1 2.60871E-1 3.7183E-1 4.87693E-1 6.25119E-1 4.1199E-1 6.73458E-1 6.71511E-1 7.29751E-1
-9999 -9999 -9999 -9999 -9999 -9999 -9999 -9999 -9999 -9999 -9999 -9999 -9999 -9999 -9999 7.82105E-1 4.87305E-1 5.51318E-1 -9999 8.18248E-1 7.42602E-1 7.3176E-1 7.34632E-1 7.07295E-1 7.30134E-1 6.88015E-1 7.20797E-1 7.24246E-1 7.19708E-1 7.20071E-1 7.24969E-1 7.20071E-1 7.05171E-1 7.26053E-1 6.94858E-1 7.24607E-1 7.15519E-1 6.95595E-1 6.70056E-1 6.9947E-1 4.65823E-1 4.40955E-1 7.32552E-1 4.90588E-1 3.25836E-1 4.17538E-1 3.45752E-1 3.27023E-1 4.18623E-1 3.44735E-1 3.36008E-1 4.16871E-1 4.36651E-1 4.40976E-1 4.13635E-1 3.43707E-1 3.02359E-1 4.30358E-1 4.40793E-1 3.60158E-1 3.35236E-1 3.64645E-1 3.69415E-1 3.48666E-1 2.75138E-1 2.77775E-1 4.07661E-1 6.12451E-1 3.79032E-1 4.7143E-1 3.83287E-1 6.44372E-1
-9999 -9999 -9999 -9999 -9999 -9999 -9999 -9999 -9999 -9999 -9999 -9999 -9999 -9999 -9999 -9999 8.5751E-1 8.68965E-1 -9999 7.55964E-1 7.14352E-1 7.24895E-1 7.30494E-1 7.36064E-1 6.82265E-1 6.92274E-1 7.20986E-1 7.28406E-1 7.18982E-1 7.23522E-1 7.41606E-1 7.18982E-1 7.19708E-1 7.47825E-1 7.4445E-1 7.25691E-1 7.16247E-1 6.91343E-1 6.70801E-1 6.75461E-1 4.90725E-1 3.87772E-1 5.94821E-1 5.73882E-1 3.00598E-1 3.6787E-1 3.19162E-1 3.94468E-1 3.21243E-1 3.74187E-1 4.30587E-1 4.66542E-1 4.52682E-1 4.33943E-1 4.0854E-1 4.14936E-1 3.84646E-1 4.49244E-1 4.71153E-1 3.17697E-1 2.87442E-1 3.36222E-1 3.98442E-1 3.79741E-1 2.89695E-1 2.32256E-1 2.84891E-1 4.29659E-1 3.94998E-1 3.18569E-1 2.79568E-1 3.65136E-1
-9999 -9999 -9999 -9999 -9999 -9999 -9999 -9999 -9999 -9999 -9999 -9999 -9999 -9999 8.42735E-1 6.627E-1 7.22914E-1 7.77355E-1 8.29569E-1 7.7513E-1 7.18545E-1 7.23449E-1 7.33197E-1 7.33197E-1 6.88015E-1 7.0407E-1 7.27324E-1 7.20986E-1 7.17165E-1 7.2316E-1 7.23884E-1 7.13697E-1 6.99102E-1 7.52595E-1 7.42318E-1 7.44095E-1 7.4374E-1 6.90234E-1 7.00941E-1 6.76204E-1 5.711E-1 3.84263E-1 4.52714E-1 4.53265E-1 3.95716E-1 3.61848E-1 3.10589E-1 3.26844E-1 3.05463E-1 3.93106E-1 4.64659E-1 4.49509E-1 4.22032E-1 4.00157E-1 4.11088E-1 3.85494E-1 3.97578E-1 3.89747E-1 3.95245E-1 3.2307E-1 3.22082E-1 4.18152E-1 4.28187E-1 4.07327E-1 3.39703E-1 2.62667E-1 2.39783E-1 3.95113E-1 3.80522E-1 3.64428E-1 3.56569E-1 3.75716E-1
-9999 -9999 -9999 -9999 -9999 -9999 -9999 -9999 -9999 -9999 -9999 -9999 -9999 -9999 8.46423E-1 6.832E-1 7.57452E-1 8.45015E-1 8.4897E-1 7.93439E-1 7.19271E-1 7.2381E-1 7.32479E-1 7.38397E-1 7.39824E-1 7.45345E-1 7.4125E-1 7.17892E-1 7.18619E-1 7.23522E-1 7.28766E-1 7.42674E-1 7.18255E-1 7.48178E-1 7.43029E-1 7.66496E-1 7.67532E-1 7.42674E-1 7.42674E-1 7.52595E-1 7.34346E-1 4.25714E-1 3.81275E-1 4.19095E-1 3.89372E-1 3.04483E-1 3.83913E-1 3.11622E-1 4.2495E-1 4.67844E-1 5.18407E-1 4.28237E-1 4.22327E-1 3.97028E-1 2.98731E-1 2.96542E-1 2.97329E-1 2.89471E-1 2.67963E-1 3.39267E-1 3.7648E-1 4.00165E-1 4.43391E-1 4.14796E-1 3.63744E-1 2.94016E-1 2.07951E-1 3.73153E-1 5.33889E-1 3.19734E-1 2.9182E-1 3.5897E-1
-9999 -9999 -9999 -9999 -9999 -9999 -9999 -9999 -9999 -9999 -9999 -9999 -9999 -9999 -9999 8.48911E-1 6.90352E-1 8.08054E-1 8.45463E-1 8.3606E-1 8.12851E-1 7.81943E-1 7.32479E-1 7.38039E-1 7.47656E-1 7.42859E-1 7.43926E-1 7.20986E-1 7.51187E-1 7.46054E-1 7.46409E-1 7.71157E-1 7.47471E-1 7.28766E-1 7.52595E-1 7.43029E-1 7.43029E-1 7.62153E-1 7.60412E-1 7.25691E-1 5.52653E-1 5.17317E-1 3.57422E-1 4.26821E-1 4.29276E-1 4.0865E-1 4.85636E-1 5.10612E-1 6.07453E-1 4.82738E-1 4.49395E-1 4.70418E-1 3.69322E-1 2.80356E-1 3.03236E-1 2.71791E-1 2.60347E-1 2.65578E-1 2.9565E-1 3.7334E-1 4.26607E-1 3.20769E-1 3.87254E-1 4.39905E-1 3.99401E-1 3.30134E-1 2.08945E-1 3.1365E-1 5.36427E-1 2.56799E-1 2.63945E-1 2.88708E-1
-9999 -9999 -9999 -9999 -9999 -9999 -9999 -9999 -9999 -9999 -9999 -9999 -9999 -9999 -9999 -9999 8.22281E-1 8.5209E-1 -9999 -9999 -9999 7.93944E-1 7.90021E-1 7.7264E-1 7.87078E-1 7.93207E-1 7.82864E-1 7.38754E-1 7.53131E-1 7.72366E-1 7.73052E-1 7.73395E-1 7.70125E-1 7.457E-1 7.76129E-1 7.69781E-1 7.50297E-1 7.48885E-1 7.70813E-1 7.40351E-1 4.94443E-1 4.47933E-1 4.43248E-1 4.11361E-1 5.42628E-1 4.68814E-1 5.4008E-1 6.17297E-1 4.77279E-1 4.90373E-1 4.3278E-1 3.87834E-1 3.08911E-1 3.47345E-1 3.27311E-1 3.44135E-1 3.48806E-1 3.32327E-1 3.22836E-1 3.34535E-1 4.08615E-1 4.23405E-1 4.08721E-1 4.50905E-1 4.25999E-1 3.29187E-1 1.74948E-1 3.34264E-1 5.02193E-1 5.06571E-1 2.34562E-1 2.75436E-1
-9999 -9999 -9999 -9999 -9999 -9999 -9999 -9999 -9999 -9999 -9999 -9999 -9999 -9999 -9999 -9999 -9999 -9999 -9999 -9999 -9999 8.04206E-1 7.92284E-1 7.52452E-1 7.76239E-1 7.77261E-1 7.83202E-1 7.95838E-1 7.79301E-1 7.70649E-1 7.90088E-1 7.90088E-1 7.85559E-1 7.68748E-1 7.93083E-1 7.65457E-1 7.70469E-1 7.7647E-1 7.92419E-1 7.83186E-1 6.75461E-1 4.15423E-1 5.97058E-1 5.0447E-1 5.37544E-1 5.13821E-1 4.76705E-1 6.20291E-1 4.35179E-1 4.39103E-1 4.61922E-1 3.87716E-1 3.49081E-1 4.24378E-1 3.53831E-1 4.20976E-1 3.72225E-1 3.41167E-1 3.46236E-1 2.82829E-1 3.77727E-1 4.22967E-1 4.06892E-1 4.35711E-1 2.95654E-1 3.28985E-1 2.62416E-1 3.67985E-1 3.77946E-1 4.58272E-1 4.68688E-1 2.86199E-1
-9999 -9999 -9999 -9999 -9999 -9999 -9999 -9999 -9999 -9999 -9999 -9999 -9999 -9999 -9999 -9999 -9999 -9999 -9999 -9999 -9999 7.88791E-1 7.49633E-1 7.55446E-1 7.42076E-1 7.76239E-1 7.81174E-1 7.95838E-1 7.7401E-1 7.9963E-1 7.7998E-1 7.56569E-1 7.88752E-1 7.85896E-1 7.86903E-1 7.68748E-1 7.97175E-1 7.98491E-1 7.94078E-1 7.82012E-1 7.56736E-1 5.18749E-1 5.1852E-1 7.88027E-1 4.86234E-1 5.06331E-1 4.75739E-1 6.31918E-1 5.10703E-1 3.7849E-1 3.37534E-1 4.29324E-1 3.18254E-1 4.48056E-1 4.5662E-1 4.47863E-1 4.11627E-1 3.63832E-1 3.52528E-1 3.03051E-1 3.19276E-1 3.3817E-1 2.87488E-1 3.57741E-1 3.60428E-1 3.64821E-1 3.47653E-1 4.51377E-1 4.24115E-1 4.16479E-1 5.91307E-1 2.45729E-1
-9999 -9999 -9999 -9999 -9999 -9999 -9999 -9999 -9999 -9999 -9999 -9999 -9999 -9999 -9999 -9999 -9999 6.88327E-1 5.48021E-1 7.01295E-1 7.12588E-1 7.52213E-1 7.34746E-1 7.69867E-1 7.72133E-1 7.92694E-1 7.93181E-1 7.93853E-1 7.9963E-1 7.72297E-1 7.5041E-1 7.64599E-1 7.93207E-1 7.89087E-1 7.85223E-1 7.96515E-1 -9999 -9999 7.8958E-1 -9999 7.57785E-1 7.57785E-1 5.12702E-1 7.43589E-1 5.44602E-1 5.12345E-1 4.60646E-1 4.68958E-1 6.21789E-1 4.38083E-1 2.95635E-1 3.60904E-1 3.32246E-1 4.4669E-1 4.61291E-1 4.65294E-1 4.31007E-1 3.00493E-1 3.2162E-1 3.31407E-1 2.97386E-1 3.245E-1 2.68422E-1 2.4333E-1 3.51277E-1 2.77027E-1 3.13496E-1 5.65984E-1 5.91558E-1 6.33428E-1 6.79408E-1 5.55281E-1
-9999 -9999 -9999 -9999 -9999 -9999 -9999 -9999 -9999 -9999 -9999 -9999 -9999 -9999 -9999 -9999 -9999 6.61971E-1 4.03315E-1 4.5884E-1 5.24172E-1 5.24743E-1 4.92226E-1 6.16381E-1 7.08938E-1 7.55918E-1 7.64182E-1 7.91861E-1 7.70235E-1 7.65914E-1 7.51652E-1 7.57801E-1 7.85735E-1 8.14725E-1 8.10948E-1 8.20099E-1 -9999 -9999 -9999 -9999 7.79463E-1 -9999 5.92493E-1 5.8773E-1 7.85208E-1 6.13538E-1 5.59828E-1 3.62101E-1 4.58857E-1 5.61961E-1 3.40901E-1 3.30601E-1 4.51704E-1 4.30831E-1 4.63329E-1 4.50808E-1 4.35998E-1 3.81328E-1 3.25025E-1 3.39635E-1 3.30283E-1 3.24337E-1 3.0234E-1 3.42802E-1 3.06844E-1 2.97928E-1 3.74316E-1 4.30068E-1 6.5218E-1 6.28525E-1 6.92452E-1 6.63598E-1
-9999 -9999 -9999 -9999 -9999 -9999 -9999 -9999 -9999 -9999 -9999 -9999 -9999 -9999 -9999 -9999 -9999 8.04241E-1 4.19078E-1 4.24945E-1 4.25285E-1 4.47838E-1 4.32914E-1 4.36479E-1 5.0084E-1 6.74894E-1 7.64576E-1 7.48476E-1 7.77439E-1 7.99474E-1 7.74189E-1 7.56401E-1 7.89879E-1 8.23364E-1 -9999 -9999 -9999 -9999 -9999 -9999 -9999 -9999 -9999 7.10486E-1 7.29487E-1 6.76204E-1 6.43647E-1 5.03094E-1 3.58076E-1 3.36993E-1 4.64713E-1 4.28507E-1 5.25592E-1 4.61731E-1 4.28994E-1 3.8296E-1 4.22037E-1 4.32207E-1 3.78132E-1 4.20553E-1 3.56434E-1 3.25628E-1 3.28515E-1 3.82671E-1 3.93525E-1 3.64861E-1 3.732E-1 4.16909E-1 5.82689E-1 4.96457E-1 4.74681E-1 4.99557E-1
-9999 -9999 -9999 -9999 -9999 -9999 -9999 -9999 -9999 -9999 -9999 -9999 -9999 -9999 -9999 -9999 -9999 -9999 6.41266E-1 4.08913E-1 4.04875E-1 4.11431E-1 4.08325E-1 4.08729E-1 4.3625E-1 4.8567E-1 6.76094E-1 7.61099E-1 7.77098E-1 8.00129E-1 7.94357E-1 7.73847E-1 7.88877E-1 7.96128E-1 -9999 -9999 -9999 -9999 -9999 -9999 -9999 -9999 -9999 -9999 7.78104E-1 6.57429E-1 5.7268E-1 4.60001E-1 4.23829E-1 4.15158E-1 5.7944E-1 6.26956E-1 5.05404E-1 5.89143E-1 4.39786E-1 3.76383E-1 3.7143E-1 3.67766E-1 4.34618E-1 2.94976E-1 3.19651E-1 3.67505E-1 3.73041E-1 3.54611E-1 3.92389E-1 4.31177E-1 4.13335E-1 4.49196E-1 4.52013E-1 3.96669E-1 6.23832E-1 2.78681E-1
-9999 -9999 -9999 -9999 -9999 -9999 -9999 -9999 -9999 -9999 -9999 -9999 -9999 -9999 -9999 -9999 -9999 -9999 7.86416E-1 4.28037E-1 3.75434E-1 3.76741E-1 3.66367E-1 3.70338E-1 3.95119E-1 4.48969E-1 5.10238E-1 7.5983E-1 7.82907E-1 8.03191E-1 8.20268E-1 7.72133E-1 7.82027E-1 8.0579E-1 7.83041E-1 -9999 -9999 -9999 -9999 -9999 -9999 -9999 -9999 -9999 -9999 6.07734E-1 5.56236E-1 4.86728E-1 7.11582E-1 6.8772E-1 7.28766E-1 7.31573E-1 5.1139E-1 4.33308E-1 3.48558E-1 2.9445E-1 3.44483E-1 3.13935E-1 3.70509E-1 4.83285E-1 4.24221E-1 3.80016E-1 3.60994E-1 3.81122E-1 2.90033E-1 3.10321E-1 4.19797E-1 4.30772E-1 4.23791E-1 3.65863E-1 3.73801E-1 6.99998E-1
-9999 -9999 -9999 -9999 -9999 -9999 -9999 -9999 -9999 -9999 -9999 -9999 -9999 -9999 -9999 -9999 -9999 -9999 7.55597E-1 4.76006E-1 3.5652E-1 3.333E-1 3.28542E-1 3.5448E-1 3.80704E-1 4.29135E-1 4.95764E-1 7.14639E-1 7.6085E-1 7.96007E-1 8.08254E-1 8.14141E-1 7.97502E-1 8.03517E-1 8.10571E-1 -9999 -9999 -9999 -9999 -9999 -9999 -9999 -9999 -9999 -9999 6.60883E-1 7.39281E-1 7.53299E-1 7.2533E-1 7.88243E-1 7.78607E-1 6.77319E-1 4.12431E-1 3.00689E-1 3.85173E-1 4.35012E-1 4.17502E-1 4.70001E-1 4.72957E-1 4.18995E-1 4.97233E-1 5.23027E-1 5.20154E-1 3.87291E-1 3.49308E-1 3.48154E-1 2.18995E-1 3.61996E-1 3.61621E-1 3.43721E-1 2.99821E-1 6.84355E-1
-9999 -9999 -9999 -9999 -9999 -9999 -9999 -9999 -9999 -9999 -9999 -9999 -9999 -9999 -9999 -9999 -9999 -9999 -9999 7.59671E-1 3.86021E-1 3.48121E-1 3.4646E-1 3.41728E-1 3.33047E-1 4.04053E-1 4.2391E-1 4.95836E-1 6.99416E-1 8.08168E-1 7.95522E-1 8.13504E-1 8.11907E-1 8.17116E-1 8.51638E-1 -9999 -9999 -9999 -9999 -9999 -9999 -9999 -9999 -9999 -9999 -9999 7.75199E-1 -9999 7.74515E-1 7.90513E-1 7.20171E-1 5.64722E-1 4.16355E-1 3.41033E-1 3.88216E-1 5.04495E-1 6.36694E-1 5.81135E-1 6.68938E-1 6.18523E-1 4.28281E-1 4.68009E-1 4.19091E-1 3.27468E-1 1.98221E-1 4.09999E-1 4.87379E-1 1.67806E-1 1.66504E-1 1.38867E-1 3.22218E-1 3.31141E-1
-9999 -9999 -9999 -9999 -9999 -9999 -9999 -9999 -9999 -9999 -9999 -9999 -9999 -9999 -9999 -9999 -9999 -9999 7.74795E-1 7.96216E-1 5.45117E-1 3.92697E-1 3.52613E-1 3.33835E-1 3.4165E-1 3.99825E-1 4.27074E-1 4.61912E-1 5.16101E-1 7.74465E-1 8.21781E-1 8.16166E-1 8.17116E-1 8.31535E-1 -9999 -9999 -9999 -9999 -9999 -9999 -9999 -9999 -9999 -9999 -9999 -9999 -9999 -9999 7.8413E-1 6.15674E-1 5.28417E-1 7.63819E-1 3.79552E-1 4.07108E-1 5.45947E-1 4.82642E-1 7.11582E-1 -9999 7.57182E-1 7.19445E-1 3.68791E-1 3.09822E-1 3.7879E-1 4.22578E-1 6.97826E-1 7.02339E-1 7.60437E-1 5.89947E-1 4.08061E-1 5.08287E-1 4.99509E-1 4.20242E-1
-9999 -9999 -9999 -9999 -9999 -9999 -9999 -9999 -9999 -9999 -9999 -9999 -9999 -9999 -9999 -9999 -9999 -9999 -9999 7.87948E-1 5.69044E-1 3.9327E-1 3.44076E-1 3.42429E-1 3.68085E-1 3.68569E-1 3.63431E-1 3.80384E-1 4.68534E-1 6.7225E-1 8.40814E-1 8.3664E-1 8.39641E-1 -9999 -9999 8.42808E-1 8.434E-1 -9999 -9999 -9999 -9999 -9999 -9999 -9999 -9999 -9999 -9999 -9999 -9999 6.46464E-1 4.47388E-1 6.8698E-1 7.91006E-1 6.86712E-1 4.53043E-1 7.19708E-1 7.8278E-1 7.56482E-1 7.63915E-1 6.17421E-1 3.65318E-1 3.94629E-1 6.01292E-1 7.71689E-1 7.4554E-1 7.40265E-1 7.33102E-1 6.90635E-1 7.52717E-1 6.43232E-1 5.93483E-1 2.77125E-1
-9999 -9999 -9999 -9999 -9999 -9999 -9999 -9999 -9999 -9999 -9999 -9999 -9999 -9999 -9999 -9999 -9999 -9999 -9999 -9999 8.17287E-1 4.58441E-1 3.99932E-1 4.26261E-1 4.60202E-1 4.45468E-1 3.92439E-1 3.8949E-1 4.7081E-1 5.93645E-1 8.37972E-1 8.467E-1 8.45322E-1 -9999 8.3381E-1 8.37135E-1 8.42512E-1 -9999 -9999 -9999 -9999 -9999 -9999 -9999 -9999 -9999 -9999 -9999 -9999 -9999 -9999 -9999 7.9532E-1 7.61022E-1 7.36334E-1 4.83252E-1 7.79896E-1 5.65045E-1 7.46603E-1 6.60076E-1 4.34433E-1 4.12739E-1 -9999 7.67722E-1 7.25801E-1 7.24988E-1 7.19456E-1 7.18366E-1 7.09793E-1 5.7962E-1 6.78371E-1 7.28531E-1
-9999 -9999 -9999 -9999 -9999 -9999 -9999 -9999 -9999 -9999 -9999 -9999 -9999 -9999 -9999 -9999 -9999 -9999 -9999 -9999 -9999 7.9783E-1 6.3003E-1 4.61246E-1 5.87058E-1 8.00007E-1 7.17995E-1 5.42358E-1 5.38217E-1 6.39072E-1 7.62045E-1 8.43435E-1 8.55503E-1 -9999 -9999 -9999 -9999 -9999 -9999 -9999 -9999 -9999 -9999 -9999 -9999 -9999 -9999 -9999 -9999 -9999 -9999 -9999 -9999 -9999 -9999 -9999 -9999 -9999 -9999 -9999 -9999 -9999 7.69446E-1 7.64427E-1 7.53306E-1 7.46596E-1 7.1454E-1 7.13993E-1 7.1299E-1 7.17273E-1 7.37372E-1 6.10223E-1
-9999 -9999 -9999 -9999 -9999 -9999 -9999 -9999 -9999 -9999 -9999 -9999 -9999 -9999 -9999 -9999 -9999 -9999 -9999 -9999 -9999 7.9824E-1 8.07275E-1 7.9547E-1 8.02623E-1 -9999 -9999 -9999 -9999 -9999 -9999 8.45566E-1 7.70181E-1 -9999 -9999 -9999 -9999 -9999 -9999 -9999 -9999 -9999 -9999 -9999 -9999 -9999 -9999 -9999 -9999 -9999 -9999 -9999 -9999 -9999 -9999 -9999 -9999 -9999 -9999 -9999 -9999 -9999 7.80485E-1 7.4571E-1 7.44911E-1 7.50927E-1 7.49692E-1 7.57343E-1 7.57978E-1 7.59375E-1 7.46935E-1 6.71369E-1
-9999 -9999 -9999 -9999 -9999 -9999 -9999 -9999 -9999 -9999 -9999 -9999 -9999 -9999 -9999 -9999 -9999 -9999 -9999 -9999 -9999 -9999 -9999 -9999 -9999 -9999 -9999 -9999 -9999 -9999 -9999 8.37232E-1 8.0734E-1 8.11689E-1 -9999 -9999 -9999 -9999 -9999 -9999 -9999 -9999 -9999 -9999 -9999 -9999 -9999 -9999 -9999 -9999 -9999 -9999 -9999 -9999 -9999 -9999 -9999 -9999 -9999 -9999 -9999 -9999 -9999 7.64342E-1 7.7682E-1 7.50753E-1 7.56643E-1 7.64427E-1 7.6512E-1 7.69791E-1 7.55247E-1 7.07936E-1
-9999 -9999 -9999 -9999 -9999 -9999 -9999 -9999 -9999 -9999 -9999 -9999 -9999 -9999 -9999 -9999 -9999 -9999 -9999 -9999 -9999 -9999 -9999 -9999 -9999 -9999 -9999 -9999 -9999 -9999 -9999 8.34211E-1 8.36931E-1 8.2177E-1 8.07017E-1 7.86622E-1 -9999 -9999 -9999 -9999 -9999 -9999 -9999 -9999 -9999 -9999 -9999 -9999 -9999 -9999 -9999 -9999 -9999 -9999 -9999 -9999 -9999 -9999 -9999 -9999 -9999 -9999 -9999 -9999 -9999 7.66853E-1 7.57167E-1 7.67542E-1 7.70135E-1 6.45418E-1 5.02868E-1 5.09165E-1
-9999 -9999 -9999 -9999 -9999 -9999 -9999 -9999 -9999 -9999 -9999 -9999 -9999 -9999 -9999 -9999 -9999 -9999 -9999 -9999 -9999 -9999 -9999 -9999 -9999 -9999 -9999 -9999 -9999 -9999 -9999 -9999 -9999 8.36162E-1 8.36629E-1 7.8595E-1 8.12648E-1 8.54983E-1 -9999 -9999 -9999 -9999 -9999 -9999 -9999 -9999 -9999 -9999 -9999 -9999 -9999 -9999 -9999 -9999 -9999 -9999 -9999 -9999 -9999 -9999 -9999 -9999 -9999 -9999 -9999 7.96734E-1 7.78522E-1 7.32287E-1 4.20505E-1 3.3175E-1 2.60557E-1 3.05299E-1
-9999 -9999 -9999 -9999 -9999 -9999 -9999 -9999 -9999 -9999 -9999 -9999 -9999 -9999 -9999 -9999 -9999 -9999 -9999 -9999 -9999 -9999 -9999 -9999 -9999 -9999 -9999 -9999 -9999 -9999 -9999 -9999 -9999 -9999 8.37968E-1 8.41113E-1 8.52981E-1 8.45122E-1 8.46297E-1 -9999 -9999 -9999 -9999 -9999 -9999 -9999 -9999 -9999 -9999 -9999 -9999 -9999 -9999 -9999 -9999 -9999 -9999 -9999 -9999 -9999 -9999 -9999 -9999 -9999 -9999 -9999 -9999 7.89924E-1 7.8916E-1 7.72532E-1 6.44042E-1 5.8692E-1
