Artocarpus altilis SDM files/MIS19/results (without bias file)/Artalt_4.asc
ncols         1201
nrows         481
xllcorner     119.99986351115
yllcorner     -15.00013828885
cellsize      0.041666667
NODATA_value  -9999
[rows 448 to 479 of 481, columns 216 to 287 of 1201]
-9999 -9999 -9999 -9999 -9999 -9999 -9999 -9999 -9999 -9999 -9999 -9999 -9999 -9999 -9999 -9999 -9999 -9999 2.63312E-2 3.31779E-2 4.0604E-2 5.15516E-2 2.44526E-2 1.53259E-2 9.68201E-3 1.15046E-2 7.32478E-3 8.90802E-3 7.8475E-3 6.88745E-3 4.42403E-3 2.77246E-3 2.42358E-3 2.14129E-3 1.91404E-3 1.73505E-3 1.09328E-3 1.36056E-3 8.65309E-4 7.67372E-4 1.0074E-3 1.7754E-3 9.13558E-3 3.2095E-3 2.13211E-3 3.97589E-3 3.7907E-3 2.5475E-3 1.72418E-3 1.13323E-3 1.53655E-3 9.38169E-4 1.3952E-3 1.86245E-3 1.78611E-3 1.04888E-3 9.70319E-4 8.95326E-4 1.46192E-3 2.86797E-3 1.0832E-2 1.47694E-2 1.46856E-2 1.02265E-2 6.83153E-3 2.65274E-3 2.04251E-3 5.96639E-3 2.48952E-3 1.38139E-3 1.35705E-3 1.02155E-3
-9999 -9999 -9999 -9999 -9999 -9999 -9999 -9999 -9999 -9999 -9999 -9999 -9999 -9999 -9999 -9999 -9999 -9999 2.49802E-2 3.08858E-2 3.99326E-2 2.5437E-2 2.27823E-2 1.97996E-2 1.24585E-2 1.51604E-2 9.78841E-3 5.92111E-3 7.30724E-3 9.20467E-3 4.11418E-3 3.64516E-3 2.32017E-3 2.02448E-3 1.78441E-3 1.61754E-3 1.02399E-3 9.28199E-4 1.2048E-3 1.05398E-3 9.88992E-4 2.40505E-3 8.97903E-3 1.06822E-3 1.4407E-3 1.91949E-3 2.59658E-3 1.80916E-3 1.16781E-3 1.07425E-3 1.0144E-3 1.00593E-3 1.33012E-3 1.80639E-3 1.2699E-3 1.01671E-3 6.66076E-4 9.33553E-4 1.46404E-3 1.13319E-3 2.62453E-3 1.44642E-2 5.75297E-3 5.50933E-3 6.0105E-3 3.93583E-3 3.09882E-3 5.90982E-3 2.73171E-3 2.73325E-3 1.90482E-3 1.84973E-3
-9999 -9999 -9999 -9999 -9999 -9999 -9999 -9999 -9999 -9999 -9999 -9999 -9999 -9999 -9999 -9999 -9999 -9999 2.17379E-2 2.19475E-2 1.98926E-2 1.71391E-2 1.51236E-2 1.32156E-2 1.13941E-2 1.4257E-2 9.32708E-3 5.8573E-3 6.89545E-3 8.53008E-3 5.45432E-3 3.50258E-3 2.12992E-3 1.86982E-3 1.63274E-3 1.50192E-3 1.37335E-3 1.22755E-3 8.29639E-4 1.05371E-3 9.28006E-4 1.67218E-3 8.5618E-3 6.00235E-4 1.01131E-3 1.32454E-3 2.44733E-3 1.71821E-3 1.61015E-3 7.05007E-4 6.69214E-4 9.62667E-4 1.30745E-3 1.26466E-3 1.21298E-3 6.34834E-4 6.32154E-4 6.6675E-4 9.95014E-4 7.1574E-4 6.69809E-4 2.46373E-3 6.67315E-3 3.67777E-3 6.37201E-3 6.22196E-3 4.19903E-3 5.80927E-3 4.03414E-3 2.7222E-3 2.56005E-3 3.36515E-3
-9999 -9999 -9999 -9999 -9999 -9999 -9999 -9999 -9999 -9999 -9999 -9999 -9999 -9999 -9999 -9999 -9999 -9999 1.4977E-2 1.99155E-2 1.79834E-2 1.56028E-2 1.37508E-2 1.21313E-2 1.06624E-2 1.31993E-2 1.67744E-2 7.64242E-3 6.61846E-3 5.67612E-3 7.06496E-3 3.30483E-3 2.85604E-3 1.84258E-3 1.60999E-3 1.42662E-3 1.30449E-3 1.18724E-3 1.06334E-3 9.88738E-4 8.91132E-4 1.15826E-3 1.10213E-3 6.96008E-4 1.35784E-3 1.27731E-3 1.70511E-3 1.6538E-3 1.11555E-3 7.08776E-4 6.20984E-4 9.53518E-4 8.67194E-4 5.20065E-4 4.63822E-4 4.40198E-4 4.77604E-4 6.74559E-4 6.6058E-4 5.68131E-4 7.52725E-4 1.18976E-3 1.31541E-2 6.52555E-3 6.16286E-3 8.28304E-3 8.08057E-3 7.69022E-3 5.54951E-3 3.75912E-3 3.4828E-3 3.34595E-3
-9999 -9999 -9999 -9999 -9999 -9999 -9999 -9999 -9999 -9999 -9999 -9999 -9999 -9999 -9999 -9999 -9999 2.09191E-2 2.79225E-2 2.63039E-2 1.67932E-2 1.45158E-2 1.76191E-2 1.61206E-2 1.45175E-2 1.72224E-2 2.18751E-2 9.93234E-3 6.06674E-3 5.4343E-3 6.76417E-3 4.22652E-3 3.75835E-3 1.73393E-3 1.55088E-3 1.34161E-3 1.25073E-3 1.11794E-3 1.04418E-3 9.70671E-4 8.75932E-4 8.02216E-4 7.32443E-4 7.03102E-4 1.28956E-3 1.75132E-3 1.20616E-3 1.09425E-3 3.81122E-4 3.99721E-4 3.83991E-4 5.98597E-4 3.35005E-4 3.4441E-4 5.80464E-4 5.36947E-4 4.91752E-4 7.0097E-4 9.35832E-4 9.12142E-4 8.5639E-4 1.16405E-3 6.28138E-3 1.48332E-2 8.3782E-3 1.12775E-2 1.19767E-2 1.09816E-2 5.35018E-3 5.08468E-3 3.22277E-3 3.28542E-3
-9999 -9999 -9999 -9999 -9999 -9999 -9999 -9999 -9999 -9999 -9999 -9999 -9999 -9999 -9999 -9999 -9999 2.90445E-2 3.72254E-2 3.42123E-2 1.59091E-2 1.36689E-2 1.18423E-2 1.05477E-2 1.27001E-2 2.24578E-2 1.98957E-2 2.3704E-2 2.15899E-2 7.15984E-3 8.66563E-3 8.09886E-3 2.61169E-3 1.63062E-3 1.45167E-3 1.2984E-3 1.61683E-3 1.50079E-3 1.34568E-3 2.45904E-3 1.18061E-3 8.08381E-4 5.25446E-4 6.7158E-4 1.24597E-3 4.7496E-3 6.14189E-4 4.02648E-4 3.63547E-4 4.00784E-4 4.16031E-4 4.3301E-4 3.52432E-4 5.61923E-4 7.77178E-4 7.39503E-4 7.19979E-4 9.5754E-4 9.21634E-4 1.24934E-3 1.2071E-3 1.60832E-3 2.17575E-3 1.21685E-2 2.70386E-3 7.88295E-3 1.23624E-2 5.00301E-3 3.75846E-3 2.69568E-3 2.6098E-3 1.73787E-3
-9999 -9999 -9999 -9999 -9999 -9999 -9999 -9999 -9999 -9999 -9999 -9999 -9999 -9999 -9999 -9999 -9999 2.7034E-2 2.5103E-2 2.31968E-2 1.99907E-2 1.29958E-2 7.95193E-3 9.54208E-3 1.62753E-2 2.94741E-2 1.34915E-2 1.61803E-2 2.84367E-2 5.01551E-2 2.35979E-2 3.87822E-3 2.42352E-3 1.54887E-3 1.36056E-3 1.69312E-3 1.54298E-3 1.96949E-3 1.32712E-3 2.34574E-3 2.24495E-3 1.0678E-3 6.90251E-4 6.52942E-4 8.56405E-4 4.28579E-4 4.08852E-4 3.71983E-4 3.78064E-4 4.2167E-4 6.38053E-4 8.55105E-4 5.71859E-4 3.08568E-4 4.9515E-4 7.07697E-4 9.76014E-4 1.30048E-3 1.25892E-3 1.21636E-3 1.66142E-3 2.22195E-3 1.27156E-3 3.98051E-3 5.52828E-3 7.6173E-3 4.27817E-3 2.38688E-3 2.46342E-3 2.85773E-3 1.57376E-3 1.7776E-3
-9999 -9999 -9999 -9999 -9999 -9999 -9999 -9999 -9999 -9999 -9999 -9999 -9999 -9999 -9999 -9999 -9999 1.29144E-2 1.60414E-2 1.41023E-2 2.54692E-2 1.62389E-2 7.2459E-3 8.8651E-3 1.09768E-2 1.00889E-2 8.65459E-3 7.67885E-3 9.46353E-3 6.30328E-2 1.59187E-2 3.68161E-3 2.27917E-3 2.01966E-3 1.26166E-3 1.57211E-3 1.46041E-3 1.36381E-3 8.75503E-4 1.13417E-3 2.9509E-3 2.91177E-3 9.71538E-4 1.25795E-3 5.15603E-4 5.43966E-4 4.2033E-4 4.29983E-4 4.68581E-4 3.95102E-4 6.08279E-4 8.39125E-4 2.53176E-4 4.69182E-4 7.21353E-4 9.53878E-4 1.28811E-3 1.77628E-3 2.46333E-3 1.69024E-3 2.28218E-3 2.18045E-3 1.06867E-3 2.71629E-3 1.26223E-2 1.04915E-2 9.98531E-3 4.04053E-3 1.60691E-3 1.78513E-3 1.61068E-3 1.2273E-3
-9999 -9999 -9999 -9999 -9999 -9999 -9999 -9999 -9999 -9999 -9999 -9999 -9999 -9999 -9999 -9999 -9999 1.12162E-2 1.04836E-2 1.30561E-2 2.27282E-2 1.08199E-2 9.47413E-3 1.14638E-2 1.01612E-2 9.00595E-3 7.86664E-3 7.10743E-3 1.21918E-2 2.24504E-2 5.34643E-3 3.40277E-3 3.01356E-3 1.90948E-3 1.20402E-3 1.51449E-3 1.38919E-3 1.27438E-3 8.29876E-4 1.07303E-3 5.43817E-3 2.08435E-2 2.67207E-3 1.13301E-3 4.1567E-4 4.46921E-4 4.25042E-4 4.80484E-4 6.55418E-4 4.13795E-4 8.24608E-4 7.66335E-4 2.70994E-4 2.54064E-4 3.44301E-4 6.11953E-4 1.75268E-3 3.46156E-3 1.2268E-3 7.70064E-4 7.43098E-4 1.12246E-3 6.73184E-4 6.5601E-4 9.94719E-3 1.00233E-2 5.96159E-3 2.17058E-3 1.57166E-3 1.56907E-3 1.08744E-3 1.87515E-3
-9999 -9999 -9999 -9999 -9999 -9999 -9999 -9999 -9999 -9999 -9999 -9999 -9999 -9999 2.03995E-2 1.78524E-2 2.25087E-2 1.51966E-2 1.00264E-2 8.71634E-3 1.05865E-2 6.80457E-3 8.32557E-3 1.08065E-2 1.34915E-2 6.14826E-3 7.30809E-3 1.27792E-2 1.18602E-2 5.4762E-3 4.96172E-3 3.14298E-3 2.01835E-3 1.7636E-3 1.6223E-3 1.48046E-3 1.32144E-3 1.23601E-3 1.1105E-3 2.06794E-3 3.75464E-3 1.4208E-2 5.09694E-3 2.35623E-3 3.70221E-4 4.82686E-4 4.08046E-4 6.68002E-4 5.70563E-4 8.19604E-4 1.12211E-3 1.08603E-3 3.50625E-4 2.16818E-4 4.17542E-4 8.93871E-4 1.21635E-3 1.48761E-3 1.2629E-3 4.28484E-4 4.49652E-4 4.94473E-4 4.48686E-4 7.40531E-4 2.40841E-3 1.1348E-2 3.30643E-3 1.49998E-3 1.51854E-3 1.02013E-3 9.58886E-4 1.17483E-3
-9999 -9999 -9999 -9999 -9999 -9999 -9999 -9999 -9999 -9999 -9999 2.59259E-2 2.26707E-2 1.37333E-2 1.80249E-2 2.30815E-2 2.10465E-2 1.4105E-2 8.8333E-3 7.94271E-3 7.04695E-3 6.33589E-3 5.66888E-3 6.97995E-3 6.12571E-3 3.91975E-3 3.47689E-3 1.16179E-2 1.52968E-2 7.33415E-3 3.26267E-3 2.11631E-3 1.86658E-3 1.63754E-3 1.5004E-3 1.35216E-3 1.7208E-3 1.61568E-3 1.51407E-3 2.82414E-3 1.14871E-3 9.81757E-4 9.19009E-3 2.59406E-3 2.92198E-4 3.79546E-4 3.60452E-4 6.22079E-4 7.45405E-4 7.78785E-4 1.55633E-3 4.8383E-4 2.71965E-4 2.03274E-4 3.0498E-4 4.78765E-4 1.15414E-3 8.05346E-4 4.2384E-4 2.71322E-4 6.10406E-4 6.56352E-4 9.2375E-4 1.24029E-3 1.18696E-3 4.55099E-3 3.9422E-3 8.67503E-4 1.54643E-3 2.0589E-3 1.14505E-3 9.3203E-4
-9999 -9999 -9999 -9999 -9999 -9999 -9999 -9999 -9999 -9999 -9999 1.5565E-2 2.03995E-2 1.30873E-2 1.70963E-2 2.08935E-2 3.69191E-2 1.77928E-2 1.12456E-2 7.56803E-3 6.54641E-3 5.83581E-3 5.11529E-3 4.55439E-3 4.17437E-3 2.63165E-3 3.09897E-3 5.44646E-3 1.94612E-2 6.61907E-3 3.02964E-3 2.63507E-3 2.42247E-3 2.18589E-3 1.4079E-3 1.75046E-3 2.27948E-3 5.83566E-3 2.90065E-3 1.03603E-2 2.24371E-3 8.94837E-3 9.08585E-3 6.69861E-4 7.35651E-4 4.87891E-4 4.27774E-4 8.51658E-4 6.88183E-4 6.58206E-4 1.00055E-3 4.9076E-4 3.05434E-4 2.94197E-4 1.95847E-4 2.87649E-4 6.72395E-4 4.83932E-4 2.60621E-4 6.279E-4 1.33369E-3 1.8147E-3 1.72677E-3 2.37644E-3 1.63059E-3 3.16576E-3 9.79488E-4 5.63184E-4 9.11644E-4 9.10058E-4 8.9291E-4 1.16552E-3
-9999 -9999 -9999 -9999 -9999 -9999 -9999 -9999 -9999 -9999 -9999 2.00114E-2 1.35206E-2 1.25317E-2 1.1055E-2 1.34546E-2 2.44507E-2 2.22451E-2 1.03601E-2 6.69881E-3 5.75174E-3 7.29877E-3 4.64342E-3 4.11418E-3 3.6494E-3 3.23328E-3 2.92924E-3 3.64454E-3 6.54403E-3 4.25879E-3 3.87904E-3 3.43767E-3 3.05873E-3 2.80456E-3 1.80658E-3 1.669E-3 3.0308E-3 7.63728E-3 2.80476E-2 3.15376E-2 2.60592E-2 1.24868E-2 1.67641E-2 1.13982E-2 9.03053E-4 6.24452E-4 4.17797E-4 6.6314E-4 1.07642E-3 8.6196E-4 1.34519E-3 1.11461E-3 4.70359E-4 3.91004E-4 2.68404E-4 2.59843E-4 2.33693E-4 3.47856E-4 3.21176E-4 9.44153E-4 1.32608E-3 1.73711E-3 2.39011E-3 3.26393E-3 3.22802E-3 3.05148E-3 9.44567E-4 5.44863E-4 3.54177E-4 3.11308E-4 3.62371E-4 4.70602E-4
-9999 -9999 -9999 -9999 -9999 -9999 -9999 -9999 -9999 -9999 1.90034E-2 1.83748E-2 1.24571E-2 1.48695E-2 1.37006E-2 1.22041E-2 2.15063E-2 2.00391E-2 9.66072E-3 5.87887E-3 5.26596E-3 6.46788E-3 4.27167E-3 3.67636E-3 3.20211E-3 3.02467E-3 3.66398E-3 6.43557E-3 1.139E-2 2.02132E-2 1.36771E-2 6.29752E-3 2.16298E-2 2.87573E-2 3.36635E-3 4.30756E-3 1.53865E-2 3.15399E-2 2.72376E-2 2.55412E-2 2.70894E-2 2.36401E-2 2.6122E-2 2.52498E-2 2.79423E-3 5.15062E-4 4.92663E-4 6.95376E-4 8.57103E-4 7.79243E-4 1.13056E-3 1.11758E-3 5.5992E-4 3.80457E-4 3.88419E-4 2.65588E-4 4.19332E-4 2.03842E-4 2.11211E-4 4.63436E-4 7.2098E-4 1.01495E-3 7.97457E-4 1.23167E-3 1.02045E-3 8.69311E-4 9.68662E-4 5.59787E-4 3.41347E-4 2.33555E-4 3.6616E-4 2.80053E-4
-9999 -9999 -9999 -9999 -9999 -9999 -9999 -9999 -9999 1.31176E-2 1.74485E-2 2.27256E-2 1.51966E-2 1.3504E-2 1.21594E-2 1.53425E-2 2.72011E-2 1.83367E-2 8.53073E-3 7.54116E-3 4.75715E-3 4.19463E-3 3.84457E-3 3.3734E-3 2.96867E-3 3.64927E-3 1.80329E-2 6.28942E-2 5.71795E-2 6.08126E-2 5.29287E-2 4.85064E-2 4.52941E-2 4.3149E-2 1.76375E-2 3.09336E-2 3.24426E-2 2.94915E-2 2.66284E-2 2.61805E-2 2.15546E-2 1.90524E-2 2.3696E-2 6.23511E-3 2.67969E-3 9.53113E-4 4.38541E-4 1.42194E-3 1.98804E-3 1.26036E-3 1.08113E-3 1.54644E-3 8.04664E-4 5.33932E-4 5.64658E-4 6.60225E-4 3.5694E-4 2.11985E-4 1.88742E-4 3.12649E-4 4.33735E-4 5.2568E-4 5.00151E-4 3.92984E-4 5.76733E-4 6.31325E-4 8.89867E-4 6.15482E-4 3.23126E-4 2.10312E-4 2.16793E-4 3.95071E-4
-9999 -9999 -9999 -9999 -9999 -9999 -9999 -9999 -9999 1.12422E-2 1.55638E-2 2.02769E-2 1.86653E-2 2.37577E-2 1.52512E-2 1.86424E-2 3.37664E-2 1.18597E-2 7.46862E-3 9.39506E-3 6.29143E-3 3.82155E-3 3.4601E-3 4.19266E-3 2.72919E-3 3.3685E-3 3.17919E-2 6.80969E-2 6.04572E-2 5.61856E-2 5.00805E-2 4.42737E-2 4.04433E-2 3.76492E-2 3.37004E-2 2.96991E-2 3.05034E-2 2.88326E-2 2.58855E-2 2.36718E-2 2.26652E-2 1.61441E-2 1.95874E-2 3.0866E-3 1.5149E-3 2.08276E-3 2.87531E-3 1.07797E-3 2.67921E-3 2.53341E-3 1.29035E-3 2.10166E-3 1.90356E-3 1.09809E-3 6.87483E-4 1.3209E-3 4.98356E-4 2.80879E-4 1.60123E-4 2.57424E-4 4.0827E-4 3.88634E-4 4.66542E-4 2.53184E-4 3.73033E-4 3.28236E-4 3.18138E-4 3.08171E-4 1.87657E-4 1.98078E-4 3.66563E-4 5.41146E-4
-9999 -9999 -9999 -9999 -9999 -9999 -9999 -9999 1.06221E-2 1.43407E-2 1.38492E-2 1.7407E-2 3.14307E-2 3.0005E-2 1.90993E-2 2.41323E-2 3.02213E-2 1.47503E-2 9.30477E-3 1.18886E-2 3.89176E-3 2.56568E-3 3.03884E-3 3.78575E-3 4.80159E-3 8.35187E-3 1.49084E-2 5.34091E-2 5.72923E-2 5.2003E-2 4.52941E-2 3.91886E-2 3.79962E-2 3.29247E-2 2.94206E-2 2.71771E-2 2.84452E-2 2.76835E-2 2.09498E-2 1.71929E-2 1.68953E-2 1.76754E-2 3.05118E-3 2.01664E-3 1.47726E-3 1.70661E-3 1.77287E-2 1.50522E-2 3.15315E-3 6.85756E-3 2.30744E-3 2.53258E-3 1.4092E-2 2.10273E-3 9.26023E-4 1.70112E-3 8.27625E-4 3.77107E-4 2.57212E-4 1.4402E-4 1.31709E-4 1.62432E-4 3.05998E-4 2.32408E-4 2.09941E-4 2.05334E-4 1.93985E-4 1.71699E-4 1.94327E-4 3.76571E-4 3.3587E-4 4.71951E-4
-9999 -9999 -9999 -9999 -9999 -9999 -9999 -9999 1.01589E-2 1.79371E-2 1.71378E-2 1.57162E-2 2.82946E-2 1.88949E-2 1.21327E-2 1.50342E-2 1.95171E-2 1.32186E-2 8.46932E-3 5.46805E-3 3.48161E-3 3.02271E-3 2.71646E-3 2.42006E-3 4.31271E-3 1.47801E-2 5.24783E-2 5.31702E-2 5.2003E-2 4.53229E-2 4.08155E-2 3.61644E-2 3.41152E-2 2.99236E-2 2.75901E-2 2.65692E-2 1.92989E-2 1.86431E-2 2.07304E-2 1.84299E-2 2.2271E-2 1.03043E-2 5.01529E-3 3.96792E-3 6.73946E-3 1.42864E-3 9.3488E-3 1.53563E-2 1.54884E-2 1.30748E-2 1.13757E-2 2.78099E-3 1.33877E-2 1.18667E-2 2.48598E-3 1.01517E-3 3.90887E-4 3.16149E-4 5.5367E-4 1.97659E-4 2.24714E-4 1.17346E-4 1.92282E-4 1.58212E-4 1.29994E-4 1.26487E-4 1.38635E-4 2.03386E-4 3.4498E-4 5.65239E-4 7.23801E-4 9.69358E-4
-9999 -9999 -9999 -9999 -9999 -9999 -9999 -9999 1.19848E-2 1.15736E-2 1.50499E-2 1.38508E-2 2.51666E-2 1.22213E-2 7.62324E-3 9.95539E-3 1.21178E-2 8.34747E-3 5.00734E-3 3.35072E-3 3.05109E-3 2.72919E-3 3.30614E-3 6.02871E-3 7.64409E-3 3.67924E-2 5.47425E-2 5.08637E-2 4.69508E-2 4.23089E-2 3.79962E-2 3.55353E-2 3.20269E-2 2.96486E-2 2.71308E-2 2.22291E-2 1.94138E-2 1.71489E-2 1.59266E-2 1.88848E-2 2.03239E-2 1.90258E-2 1.82818E-2 8.1666E-3 1.8447E-2 5.30385E-3 4.75072E-3 1.37237E-2 1.34229E-2 1.24454E-2 1.20638E-2 4.65299E-3 9.62634E-3 5.24241E-3 8.49701E-3 1.05315E-3 5.72707E-4 6.76122E-4 3.49257E-4 1.61691E-4 3.21675E-4 1.01949E-4 1.05484E-4 1.35354E-4 8.94527E-5 1.42895E-4 1.51383E-4 2.22068E-4 3.28662E-4 6.58859E-4 1.0366E-3 1.3934E-3
-9999 -9999 -9999 -9999 -9999 -9999 -9999 -9999 8.16528E-3 7.19287E-3 6.63308E-3 6.19171E-3 7.89466E-3 4.81014E-3 4.78263E-3 6.24536E-3 5.44062E-3 9.92008E-3 3.27056E-3 2.96188E-3 2.71646E-3 2.38637E-3 4.09944E-3 1.06785E-2 1.90439E-2 5.6076E-2 4.76891E-2 4.55016E-2 4.23196E-2 3.93886E-2 3.64145E-2 3.40026E-2 2.95926E-2 2.87143E-2 2.40121E-2 2.15259E-2 2.034E-2 1.7371E-2 1.56378E-2 1.20764E-2 1.3289E-2 1.28435E-2 1.48501E-2 1.14648E-2 1.61561E-2 1.07666E-2 8.52746E-3 1.36232E-2 1.117E-2 7.52936E-3 6.16292E-3 8.01808E-3 6.95885E-3 4.40404E-3 1.76981E-3 8.5062E-4 6.12282E-4 2.56694E-4 1.7044E-4 2.11551E-4 7.16351E-4 2.68494E-4 1.86307E-4 1.4838E-4 9.10367E-5 1.34919E-4 1.97768E-4 2.96866E-4 3.72677E-4 5.46253E-4 1.12472E-3 1.50971E-3
-9999 -9999 -9999 -9999 -9999 -9999 -9999 -9999 -9999 -9999 5.79307E-3 5.17704E-3 4.68224E-3 4.69403E-3 3.09141E-3 2.77892E-3 2.47389E-3 3.18664E-3 2.87553E-3 1.82279E-3 1.7292E-3 2.97122E-3 1.03429E-2 2.61776E-2 5.45666E-2 4.97487E-2 4.49103E-2 4.19445E-2 3.78271E-2 3.65565E-2 3.2396E-2 2.92601E-2 2.79138E-2 2.10218E-2 1.58266E-2 1.67093E-2 1.63875E-2 1.57582E-2 1.42469E-2 9.8452E-3 1.09747E-2 1.05544E-2 1.01277E-2 1.0915E-2 1.35012E-2 7.65332E-3 1.23637E-2 1.1135E-2 9.30545E-3 6.47393E-3 4.43161E-3 6.22157E-3 6.15602E-3 3.48607E-3 6.89998E-4 4.63465E-4 3.09692E-4 2.65133E-4 3.35239E-4 3.03462E-4 9.22867E-4 8.17083E-4 2.94573E-4 2.03081E-4 1.32187E-4 2.08976E-4 2.00352E-4 2.37615E-4 3.16594E-4 4.09654E-4 9.49978E-4 6.92029E-4
-9999 -9999 -9999 -9999 -9999 -9999 -9999 -9999 -9999 -9999 3.44298E-3 3.31214E-3 4.18895E-3 2.91684E-3 2.69931E-3 2.35688E-3 2.16421E-3 2.73273E-3 2.61678E-3 1.56935E-3 1.46912E-3 5.22016E-3 9.24327E-3 1.72659E-2 4.90725E-2 4.71929E-2 4.35565E-2 3.95746E-2 3.5368E-2 2.9875E-2 3.05031E-2 2.68761E-2 2.67293E-2 2.08842E-2 1.97675E-2 1.1998E-2 1.70086E-2 1.23246E-2 1.26937E-2 9.60868E-3 6.46619E-3 5.58568E-3 9.29619E-3 1.26701E-2 1.09958E-2 9.78707E-3 1.08551E-2 8.57194E-3 7.50765E-3 5.8358E-3 4.2629E-3 4.77167E-3 4.60414E-3 1.79065E-3 8.92845E-4 4.51605E-4 5.62332E-4 7.48279E-4 1.22751E-3 7.16702E-4 7.54859E-4 3.4237E-4 2.05183E-4 1.29585E-4 8.35377E-5 1.49645E-4 2.38528E-4 1.88491E-4 2.78622E-4 4.05491E-4 2.57892E-4 2.59053E-4
-9999 -9999 -9999 -9999 -9999 -9999 -9999 -9999 -9999 -9999 -9999 -9999 2.72876E-3 2.45288E-3 2.16421E-3 2.04482E-3 1.88983E-3 1.74545E-3 1.53592E-3 1.43233E-3 2.5722E-3 9.19437E-3 6.32697E-3 1.12055E-2 4.14664E-2 6.3605E-3 9.44069E-4 9.22381E-3 3.026E-2 3.12296E-2 2.94657E-2 1.83843E-2 1.78767E-2 2.15493E-2 2.16763E-2 1.25623E-2 9.63323E-3 1.21332E-2 1.09386E-2 2.57818E-3 2.68884E-3 4.71138E-3 9.8898E-3 1.09008E-2 7.65247E-3 5.85117E-3 7.73545E-3 7.82125E-3 5.86588E-3 4.21437E-3 3.36396E-3 3.36129E-3 2.54269E-3 1.24944E-3 9.32825E-4 4.17038E-4 1.51412E-3 1.52221E-3 1.35935E-3 1.40099E-3 7.97218E-4 5.02253E-4 2.70984E-4 2.21532E-4 1.24673E-4 1.23129E-4 1.21887E-4 1.76613E-4 2.38827E-4 3.4801E-4 2.9373E-4 1.46557E-4
-9999 -9999 -9999 -9999 -9999 -9999 -9999 -9999 -9999 -9999 -9999 -9999 -9999 1.88983E-3 1.83756E-3 1.69717E-3 1.59812E-3 1.476E-3 1.3641E-3 2.45476E-3 4.55629E-3 6.21001E-3 2.84073E-3 1.76058E-3 2.22748E-3 7.11045E-4 4.88486E-4 1.07824E-2 1.70013E-2 3.04111E-2 2.84422E-2 1.1765E-3 1.07881E-2 1.37671E-2 1.82623E-2 1.69684E-2 6.00939E-3 3.40199E-3 1.74541E-3 2.14398E-3 1.6439E-2 1.47693E-2 1.36256E-2 1.18953E-2 5.86674E-3 4.57424E-3 6.20856E-3 4.39538E-3 3.35471E-3 3.34502E-3 3.31285E-3 2.56922E-3 4.57434E-3 4.30736E-3 4.71314E-4 1.16855E-3 3.06312E-3 5.7254E-3 2.45554E-3 1.67316E-3 8.31318E-4 3.01004E-4 2.40612E-4 1.59324E-4 9.13028E-5 1.20587E-4 3.00722E-4 2.41765E-4 2.22906E-4 1.0332E-4 2.57684E-4 1.58301E-4
-9999 -9999 -9999 -9999 -9999 -9999 -9999 -9999 -9999 -9999 -9999 -9999 -9999 1.71422E-3 1.63592E-3 1.54666E-3 1.40694E-3 1.32103E-3 9.20032E-3 6.18912E-3 8.32127E-3 1.39031E-3 1.36206E-3 4.33377E-4 6.42278E-4 3.63421E-4 1.05428E-3 4.69543E-3 9.22504E-3 1.69669E-2 8.34385E-4 9.65255E-4 1.55942E-3 1.9908E-3 1.79575E-2 5.54456E-3 3.28626E-3 1.30948E-3 2.7412E-3 1.57602E-2 1.41529E-2 1.29948E-2 1.03818E-2 7.13704E-3 5.15456E-3 4.12303E-3 4.6117E-3 3.16706E-3 3.44691E-3 3.72032E-3 2.13986E-3 2.1445E-3 1.46688E-3 8.83254E-4 7.36164E-4 4.76661E-3 4.22748E-3 1.40409E-3 3.64096E-3 4.0003E-3 2.73366E-3 2.86601E-4 1.29985E-4 1.26563E-4 8.16371E-5 9.30517E-5 1.12781E-4 1.13223E-4 1.07652E-4 9.55141E-5 9.65766E-5 8.72835E-5
-9999 -9999 -9999 -9999 -9999 -9999 -9999 -9999 -9999 -9999 -9999 -9999 -9999 -9999 1.47803E-3 1.318E-3 8.19975E-4 4.43618E-3 1.66261E-2 3.68575E-3 2.57953E-3 5.28285E-4 4.6476E-4 4.55854E-4 4.58211E-4 4.42826E-4 2.35558E-3 8.9824E-3 1.26299E-2 8.50137E-4 1.20385E-3 1.40049E-3 2.35862E-3 9.03746E-3 5.54976E-3 2.61595E-3 1.43218E-3 9.51289E-4 1.23381E-2 1.43994E-2 8.38444E-3 6.66601E-3 6.23428E-3 4.20206E-3 4.49757E-3 3.07634E-3 3.58997E-3 1.54077E-3 4.36285E-3 3.98959E-3 2.16402E-3 1.3524E-3 8.44635E-4 9.64518E-4 1.82498E-3 3.41724E-3 1.32135E-3 1.38465E-3 4.51539E-4 2.6942E-3 2.3192E-3 3.54538E-4 1.56762E-4 7.38856E-5 8.75142E-5 9.5601E-5 7.38749E-5 6.38085E-5 9.67055E-5 5.86113E-5 6.13031E-5 5.54872E-5
-9999 -9999 -9999 -9999 -9999 1.18992E-3 -9999 -9999 -9999 -9999 -9999 -9999 -9999 -9999 -9999 7.9395E-4 6.41673E-4 5.43855E-3 2.13317E-3 1.06971E-3 3.39513E-3 4.03245E-4 4.89474E-4 4.9843E-4 8.99174E-4 1.17654E-3 1.47832E-3 1.19754E-2 4.44756E-4 4.96423E-4 2.68437E-3 7.84582E-4 2.25596E-3 1.1652E-2 3.02683E-3 1.25216E-3 6.11966E-4 6.39907E-4 4.1324E-3 1.28561E-2 5.39476E-3 5.87872E-3 5.3466E-3 3.2734E-3 4.62668E-3 2.46225E-3 6.6074E-4 7.21959E-4 2.44214E-3 2.58144E-3 2.11254E-3 9.32131E-4 1.14281E-3 5.87413E-4 5.17909E-4 7.73816E-4 7.77952E-4 1.05503E-3 2.87524E-4 2.69428E-4 4.03287E-4 1.26415E-4 8.82868E-5 7.08011E-5 1.28956E-4 2.23967E-4 1.29141E-4 1.17045E-4 6.2982E-5 6.76339E-5 9.80109E-5 1.12554E-4
-9999 -9999 -9999 -9999 8.57079E-4 8.96346E-4 -9999 -9999 -9999 -9999 -9999 8.2618E-4 7.81922E-4 -9999 -9999 6.64397E-4 5.55305E-4 1.22187E-3 3.3009E-4 5.51791E-4 4.19384E-4 4.6269E-4 4.84623E-4 7.92161E-4 6.4955E-3 4.51979E-3 4.23862E-4 8.37887E-4 1.80039E-4 2.33371E-3 4.98623E-4 5.91459E-4 1.3201E-3 2.29206E-3 2.78109E-3 1.07706E-3 6.19706E-4 1.25439E-3 1.0834E-2 7.72365E-3 4.88381E-3 3.23773E-3 3.9396E-3 1.16673E-3 6.56473E-4 3.00078E-4 4.65115E-4 5.28769E-4 1.10001E-3 2.70684E-3 2.10678E-3 1.48026E-3 3.78735E-3 1.58453E-3 5.85429E-4 3.5556E-4 3.02428E-4 1.79028E-4 1.71426E-4 1.15443E-4 1.18447E-4 8.53991E-5 9.36169E-5 1.83302E-4 1.1976E-4 2.89804E-4 1.73866E-4 9.20161E-5 5.804E-5 9.88373E-5 1.0012E-4 1.55865E-4
-9999 -9999 -9999 8.65355E-4 8.27639E-4 -9999 -9999 -9999 -9999 -9999 -9999 -9999 7.01822E-4 6.3433E-4 5.96915E-4 4.97671E-4 5.15438E-4 4.50649E-4 7.06655E-4 5.06021E-4 2.95995E-4 5.12213E-4 4.44458E-4 1.12595E-3 2.14108E-3 7.48031E-4 6.37548E-4 1.90402E-4 5.65262E-4 1.76529E-3 2.95871E-4 6.2753E-4 6.98493E-4 3.52633E-4 4.53072E-4 3.53514E-4 7.07861E-4 1.82685E-3 3.10461E-3 8.16913E-4 2.83605E-4 2.62005E-4 2.57685E-4 2.36305E-4 3.50665E-4 3.59197E-4 5.91566E-4 4.18032E-3 2.30432E-3 4.58054E-3 2.50469E-3 3.59743E-3 2.87058E-3 2.17967E-3 1.59751E-3 5.78185E-4 1.9763E-4 1.38888E-4 1.37842E-4 1.30083E-4 8.56412E-5 9.26348E-5 1.74514E-4 4.24996E-4 2.49009E-4 2.52576E-4 1.26506E-4 7.33746E-5 8.78023E-5 8.14791E-5 1.1898E-4 1.93345E-4
-9999 -9999 -9999 -9999 -9999 4.80965E-4 6.59076E-4 6.21563E-4 5.85804E-4 -9999 -9999 -9999 5.45296E-4 4.89466E-4 4.90443E-4 4.85738E-4 4.40838E-4 4.23075E-4 6.2524E-4 3.07103E-4 3.25993E-4 8.1726E-4 5.31343E-4 5.64093E-3 5.5875E-3 3.73467E-3 1.4278E-3 2.03195E-4 6.36515E-4 2.19548E-4 2.26617E-4 3.24399E-4 2.40937E-4 2.05239E-4 3.65778E-4 9.22686E-4 2.39933E-3 4.83527E-3 3.33633E-3 5.05214E-3 1.52161E-3 3.34493E-4 3.34386E-4 4.8117E-4 4.31636E-4 7.55007E-4 1.22993E-3 1.30748E-3 3.77222E-3 3.4775E-3 2.80134E-3 2.68524E-3 2.94659E-3 2.33175E-3 1.65175E-3 2.55003E-4 3.22214E-4 3.84315E-4 3.70854E-4 1.3961E-4 8.53933E-5 2.36891E-4 2.47625E-4 5.57646E-4 5.39101E-4 2.88077E-4 1.20302E-4 1.17135E-4 1.23157E-4 1.28652E-4 1.77921E-4 1.51043E-4
3.35195E-4 3.38843E-4 3.33709E-4 -9999 -9999 3.7221E-4 3.66921E-4 3.68967E-4 3.65319E-4 3.55186E-4 -9999 -9999 -9999 4.25604E-4 2.78614E-4 3.65124E-4 3.50555E-4 1.74794E-3 6.52532E-4 8.15437E-4 2.62175E-4 1.48881E-3 4.25382E-4 5.20681E-3 2.55729E-3 5.90869E-3 5.31008E-4 6.75821E-4 1.19159E-3 2.28834E-4 2.35435E-4 1.94608E-4 3.08265E-4 4.53313E-4 1.90419E-3 3.84669E-3 7.13879E-3 6.80211E-3 1.36899E-3 1.16094E-3 6.68821E-3 3.24062E-3 8.97701E-4 1.44264E-3 8.10144E-4 1.93989E-3 1.67562E-3 3.16548E-3 2.25456E-3 1.90095E-3 3.06355E-3 2.77147E-3 2.38811E-3 1.8533E-3 9.11121E-4 2.31582E-4 4.82814E-4 5.92218E-4 4.70463E-4 1.77202E-4 7.94026E-5 1.16257E-4 1.77528E-4 6.63106E-4 6.37654E-4 2.14101E-4 4.16753E-4 1.60853E-4 1.02896E-4 1.72417E-4 1.61659E-4 1.38303E-4
1.90535E-4 2.01665E-4 2.89711E-4 2.52276E-4 -9999 3.04093E-4 3.03837E-4 3.10991E-4 3.07855E-4 3.0364E-4 2.84154E-4 2.86767E-4 -9999 2.6339E-4 2.48997E-4 2.14858E-4 2.90928E-4 4.33046E-4 3.07541E-4 9.26219E-4 3.06678E-4 2.70382E-3 1.42411E-3 1.221E-3 9.26932E-4 8.02137E-4 1.90121E-4 6.38583E-4 1.05766E-3 3.66022E-4 3.87829E-4 3.11073E-4 4.96516E-4 2.50777E-4 1.21887E-3 2.28194E-3 8.37057E-3 6.01499E-3 3.10572E-3 4.62807E-4 1.00028E-4 1.30875E-3 2.318E-4 1.27503E-4 2.18244E-4 1.98684E-3 1.8879E-3 4.28388E-3 3.02023E-3 2.69934E-3 2.09336E-3 2.13818E-3 1.94633E-3 9.86529E-4 3.06968E-4 2.49514E-4 2.65391E-4 1.80178E-3 7.1698E-4 1.61838E-4 1.75272E-4 1.08362E-4 9.76419E-5 1.8491E-4 1.8338E-4 3.1687E-4 5.35404E-4 3.69619E-4 2.1466E-4 1.2587E-4 2.0454E-4 2.06403E-4
