Artocarpus altilis SDM files/MIS19/results (without bias file)/Artalt_stddev.asc
ncols         1201
nrows         481
xllcorner     119.99986351115
yllcorner     -15.00013828885
cellsize      0.041666667
NODATA_value  -9999
[rows 288 to 319 of 481, columns 432 to 503 of 1201]
-9999 -9999 -9999 -9999 -9999 -9999 -9999 -9999 -9999 -9999 -9999 -9999 -9999 2.88417E-2 3.03913E-2 3.06153E-2 3.08957E-2 3.15182E-2 3.1425E-2 3.10062E-2 3.23623E-2 3.28622E-2 3.21446E-2 3.21667E-2 3.18862E-2 3.11883E-2 3.10416E-2 3.0813E-2 3.04127E-2 3.0138E-2 2.92062E-2 2.8914E-2 2.85144E-2 3.00607E-2 2.81014E-2 2.76894E-2 2.76955E-2 2.59402E-2 2.68729E-2 2.571E-2 2.62913E-2 2.51912E-2 2.52804E-2 2.47245E-2 2.62487E-2 2.69734E-2 2.62279E-2 2.61222E-2 2.45558E-2 2.40497E-2 2.43839E-2 2.48537E-2 2.52022E-2 2.5453E-2 2.56422E-2 2.58424E-2 2.55528E-2 2.43047E-2 2.3673E-2 2.45755E-2 2.38726E-2 2.38444E-2 2.44889E-2 2.47788E-2 2.43205E-2 2.40981E-2 2.38219E-2 2.37239E-2 2.37289E-2 2.38357E-2 2.39566E-2 2.3965E-2
-9999 -9999 -9999 -9999 -9999 -9999 -9999 -9999 -9999 -9999 -9999 -9999 -9999 -9999 3.10316E-2 3.01072E-2 3.06949E-2 3.11058E-2 3.02893E-2 3.08653E-2 3.2186E-2 3.15585E-2 3.12191E-2 3.11611E-2 3.10516E-2 3.10986E-2 3.03794E-2 3.01627E-2 2.971E-2 2.98975E-2 2.95021E-2 2.87703E-2 2.89603E-2 2.87627E-2 2.69215E-2 2.69776E-2 2.66367E-2 2.56534E-2 2.57936E-2 2.64125E-2 2.57742E-2 2.42816E-2 2.44919E-2 2.47094E-2 2.58013E-2 2.61819E-2 2.44836E-2 2.45587E-2 2.46313E-2 2.36872E-2 2.43229E-2 2.39658E-2 2.48004E-2 2.45093E-2 2.45247E-2 2.48992E-2 2.50111E-2 2.34359E-2 2.35628E-2 2.40075E-2 2.35421E-2 2.39275E-2 2.38895E-2 2.41274E-2 2.38922E-2 2.39108E-2 2.36654E-2 2.37818E-2 2.3707E-2 2.38362E-2 2.37985E-2 2.38148E-2
-9999 -9999 -9999 -9999 -9999 -9999 -9999 -9999 -9999 -9999 -9999 -9999 -9999 -9999 -9999 -9999 3.01605E-2 3.09353E-2 2.98996E-2 2.99259E-2 3.1073E-2 3.06782E-2 2.95517E-2 3.03288E-2 3.00457E-2 2.95893E-2 2.91798E-2 2.89908E-2 2.87308E-2 2.87287E-2 2.8168E-2 2.81385E-2 2.75175E-2 2.8073E-2 2.65663E-2 2.58241E-2 2.59459E-2 2.60207E-2 2.58943E-2 2.49677E-2 2.55239E-2 2.48361E-2 2.5027E-2 2.54032E-2 2.52104E-2 2.55044E-2 2.341E-2 2.48019E-2 2.40296E-2 2.30644E-2 2.44628E-2 2.47954E-2 2.38907E-2 2.41872E-2 2.45345E-2 2.48726E-2 2.38943E-2 2.39982E-2 2.35772E-2 2.47749E-2 2.38534E-2 2.32466E-2 2.2933E-2 2.2916E-2 2.32052E-2 2.32638E-2 2.33386E-2 2.33761E-2 2.35932E-2 2.39999E-2 2.38911E-2 2.3803E-2
-9999 -9999 -9999 -9999 -9999 -9999 -9999 -9999 -9999 -9999 -9999 -9999 -9999 -9999 -9999 -9999 -9999 2.98424E-2 3.09353E-2 2.93748E-2 3.03498E-2 2.94793E-2 3.00683E-2 2.99775E-2 2.92832E-2 2.92717E-2 2.86431E-2 2.75337E-2 2.78061E-2 2.75627E-2 2.75949E-2 2.74266E-2 2.73618E-2 2.67817E-2 2.56816E-2 2.5055E-2 2.6463E-2 2.5296E-2 2.54838E-2 2.45661E-2 2.51163E-2 2.38453E-2 2.42656E-2 2.45488E-2 2.46728E-2 2.42197E-2 2.3774E-2 2.40658E-2 2.399E-2 2.36915E-2 2.36027E-2 2.31496E-2 2.3575E-2 2.42278E-2 2.42066E-2 2.45143E-2 2.33911E-2 2.3097E-2 2.34734E-2 2.4062E-2 2.36676E-2 2.34076E-2 2.34476E-2 2.31859E-2 2.3702E-2 2.32879E-2 2.29856E-2 2.3312E-2 2.31347E-2 2.36903E-2 2.39112E-2 2.39791E-2
-9999 -9999 -9999 -9999 -9999 -9999 -9999 -9999 -9999 -9999 -9999 -9999 -9999 -9999 -9999 -9999 -9999 3.02586E-2 2.91955E-2 2.92481E-2 2.88026E-2 2.89105E-2 2.85596E-2 2.85152E-2 2.80812E-2 2.8167E-2 2.8206E-2 2.81605E-2 2.73966E-2 2.68407E-2 2.68121E-2 2.65569E-2 2.63506E-2 2.63814E-2 2.56892E-2 2.47657E-2 2.52146E-2 2.51385E-2 2.46459E-2 2.39077E-2 2.39178E-2 2.34768E-2 2.292E-2 2.38177E-2 2.36119E-2 2.39229E-2 2.32571E-2 2.31575E-2 2.30602E-2 2.30511E-2 2.3375E-2 2.34475E-2 2.4215E-2 2.3562E-2 2.32182E-2 2.32347E-2 2.22546E-2 2.32421E-2 2.29918E-2 2.34056E-2 2.31243E-2 2.38479E-2 2.26712E-2 2.29917E-2 2.32904E-2 2.32005E-2 2.25383E-2 2.27655E-2 2.31248E-2 2.32081E-2 2.41006E-2 2.42179E-2
-9999 -9999 -9999 -9999 -9999 -9999 -9999 -9999 -9999 -9999 -9999 -9999 -9999 -9999 -9999 -9999 2.93146E-2 2.83082E-2 2.79141E-2 2.88215E-2 2.8466E-2 2.87827E-2 2.86647E-2 2.88522E-2 2.75056E-2 2.77531E-2 2.72564E-2 2.72098E-2 2.68882E-2 2.6439E-2 2.5913E-2 2.60793E-2 2.52802E-2 2.53463E-2 2.50071E-2 2.42522E-2 2.47035E-2 2.41916E-2 2.32442E-2 2.35876E-2 2.36789E-2 2.35704E-2 2.28539E-2 2.26111E-2 2.23637E-2 2.30098E-2 2.24929E-2 2.26778E-2 2.25449E-2 2.20598E-2 2.29392E-2 2.27875E-2 2.30817E-2 2.25212E-2 2.22101E-2 2.27469E-2 2.20927E-2 2.23255E-2 2.27199E-2 2.2734E-2 2.32883E-2 2.38412E-2 2.31648E-2 2.23913E-2 2.31307E-2 2.26055E-2 2.26313E-2 2.31486E-2 2.38171E-2 2.32048E-2 2.36524E-2 2.39451E-2
-9999 -9999 -9999 -9999 -9999 -9999 -9999 -9999 -9999 -9999 -9999 -9999 -9999 -9999 -9999 -9999 2.82744E-2 2.80712E-2 2.84816E-2 2.78144E-2 2.79489E-2 2.80149E-2 2.79071E-2 2.79407E-2 2.68152E-2 2.64762E-2 2.63879E-2 2.64844E-2 2.61924E-2 2.61606E-2 2.55288E-2 2.48935E-2 2.45836E-2 2.41576E-2 2.48625E-2 2.42799E-2 2.40055E-2 2.33871E-2 2.33168E-2 2.30004E-2 2.32128E-2 2.22197E-2 2.24061E-2 2.2112E-2 2.26341E-2 2.24305E-2 2.20948E-2 2.23184E-2 2.27165E-2 2.2513E-2 2.26193E-2 2.21464E-2 2.13901E-2 2.16559E-2 2.15793E-2 2.18946E-2 2.23613E-2 2.17969E-2 2.30086E-2 2.28154E-2 2.36248E-2 2.20626E-2 2.15255E-2 2.16648E-2 2.17897E-2 2.22706E-2 2.25501E-2 2.30086E-2 2.34082E-2 2.36063E-2 2.41565E-2 2.40382E-2
-9999 -9999 -9999 -9999 -9999 -9999 -9999 -9999 -9999 -9999 -9999 -9999 -9999 -9999 -9999 -9999 2.6707E-2 2.70494E-2 2.66648E-2 2.70769E-2 2.69185E-2 2.6858E-2 2.65373E-2 2.66264E-2 2.68077E-2 2.58507E-2 2.58837E-2 2.61652E-2 2.58727E-2 2.52635E-2 2.50597E-2 2.41644E-2 2.38756E-2 2.3725E-2 2.38438E-2 2.32321E-2 2.3071E-2 2.3095E-2 2.27113E-2 2.20214E-2 2.17863E-2 2.18164E-2 2.23352E-2 2.23211E-2 2.14547E-2 2.16095E-2 2.17504E-2 2.17138E-2 2.09831E-2 2.09041E-2 2.12699E-2 2.11601E-2 2.08932E-2 2.1291E-2 2.21915E-2 2.23833E-2 2.27443E-2 2.14387E-2 2.24307E-2 2.22386E-2 2.34088E-2 2.11072E-2 2.14522E-2 2.15299E-2 2.16476E-2 2.22401E-2 2.22118E-2 2.26612E-2 2.31648E-2 2.36266E-2 2.35323E-2 2.39522E-2
-9999 -9999 -9999 -9999 -9999 -9999 -9999 -9999 -9999 -9999 -9999 -9999 -9999 -9999 -9999 -9999 -9999 -9999 2.65022E-2 2.7151E-2 2.60621E-2 2.57734E-2 2.53837E-2 2.6011E-2 2.58629E-2 2.57418E-2 2.4938E-2 2.50823E-2 2.51208E-2 2.46891E-2 2.44305E-2 2.3481E-2 2.3375E-2 2.32618E-2 2.35779E-2 2.26624E-2 2.28012E-2 2.25906E-2 2.20731E-2 2.2222E-2 2.21423E-2 2.2397E-2 2.28553E-2 2.17531E-2 2.10702E-2 2.1223E-2 2.14624E-2 2.1019E-2 2.12199E-2 2.10317E-2 2.08669E-2 2.04039E-2 2.05766E-2 2.07997E-2 2.22432E-2 2.22638E-2 2.12139E-2 2.13984E-2 2.27537E-2 2.24555E-2 2.20106E-2 2.08955E-2 2.09338E-2 2.22566E-2 2.22058E-2 2.22413E-2 2.28042E-2 2.2824E-2 2.30624E-2 2.35514E-2 2.35263E-2 2.35662E-2
-9999 -9999 -9999 -9999 -9999 -9999 -9999 -9999 -9999 -9999 -9999 -9999 -9999 -9999 -9999 2.62335E-2 2.62951E-2 -9999 -9999 -9999 2.56316E-2 2.61095E-2 2.57006E-2 2.58539E-2 2.56801E-2 2.53498E-2 2.44169E-2 2.44724E-2 2.40819E-2 2.36652E-2 2.3664E-2 2.34514E-2 2.32674E-2 2.31575E-2 2.23203E-2 2.18488E-2 2.22762E-2 2.18557E-2 2.25413E-2 2.21121E-2 2.20209E-2 2.17512E-2 2.18702E-2 2.07491E-2 2.02957E-2 2.04048E-2 2.06471E-2 2.03629E-2 2.01587E-2 1.97819E-2 1.98386E-2 1.9586E-2 2.0248E-2 2.05729E-2 2.14828E-2 2.18132E-2 2.09081E-2 2.21405E-2 2.21194E-2 2.03175E-2 2.05605E-2 2.08471E-2 2.06064E-2 2.17277E-2 2.17197E-2 2.27376E-2 2.24634E-2 2.29132E-2 2.32199E-2 2.31246E-2 2.37352E-2 2.33611E-2
-9999 -9999 -9999 -9999 -9999 -9999 -9999 -9999 -9999 3.16755E-2 3.12544E-2 3.08106E-2 2.17676E-2 2.23687E-2 2.26816E-2 2.29289E-2 2.58746E-2 2.61665E-2 2.5785E-2 2.54546E-2 2.51191E-2 2.68861E-2 2.60896E-2 2.47069E-2 2.48897E-2 2.45651E-2 2.42982E-2 2.3429E-2 2.33339E-2 2.3463E-2 2.32594E-2 2.28868E-2 2.32493E-2 2.26233E-2 2.20264E-2 2.14954E-2 2.24421E-2 2.18867E-2 2.25624E-2 2.09051E-2 2.04972E-2 2.03768E-2 2.00957E-2 1.98385E-2 2.04376E-2 1.96986E-2 1.94554E-2 1.96714E-2 1.94378E-2 1.96367E-2 1.97222E-2 1.98701E-2 2.03981E-2 2.13831E-2 2.14766E-2 2.21098E-2 2.06527E-2 2.12618E-2 2.04808E-2 2.01995E-2 2.04639E-2 2.11346E-2 2.15297E-2 2.1452E-2 2.15774E-2 2.23508E-2 2.23163E-2 2.29528E-2 2.31713E-2 2.30609E-2 2.33972E-2 2.32583E-2
-9999 -9999 -9999 -9999 -9999 -9999 3.1394E-2 3.12085E-2 3.10197E-2 3.10081E-2 3.08586E-2 3.06071E-2 3.01521E-2 2.16148E-2 2.16961E-2 2.20254E-2 2.21499E-2 2.52433E-2 2.50031E-2 2.56801E-2 2.47391E-2 2.33555E-2 2.55241E-2 2.5126E-2 2.42076E-2 2.43568E-2 2.36621E-2 2.33974E-2 2.28959E-2 2.32757E-2 2.29805E-2 2.37174E-2 2.27039E-2 2.17173E-2 2.22556E-2 2.15137E-2 2.21711E-2 2.14687E-2 2.11122E-2 2.02905E-2 2.05705E-2 1.99816E-2 1.98117E-2 1.98917E-2 1.97205E-2 1.96126E-2 1.94623E-2 1.95675E-2 2.00941E-2 1.99843E-2 1.92367E-2 1.93901E-2 1.98436E-2 2.0461E-2 2.14844E-2 2.13366E-2 2.01821E-2 2.12938E-2 2.00553E-2 1.98697E-2 2.03408E-2 2.08325E-2 2.1295E-2 2.17269E-2 2.17511E-2 2.26269E-2 2.27822E-2 2.26749E-2 2.32597E-2 2.26374E-2 2.28236E-2 2.26831E-2
-9999 -9999 -9999 -9999 -9999 3.79974E-2 3.80601E-2 3.78233E-2 3.71788E-2 3.08199E-2 3.0434E-2 3.02623E-2 2.98787E-2 2.14755E-2 2.13635E-2 2.17038E-2 2.20567E-2 2.55887E-2 2.53384E-2 2.46605E-2 2.43227E-2 2.33962E-2 2.53849E-2 2.45109E-2 2.39289E-2 2.30462E-2 2.29431E-2 2.32014E-2 2.32043E-2 2.28177E-2 2.26846E-2 2.22112E-2 2.22213E-2 2.15491E-2 2.19565E-2 2.17484E-2 2.15145E-2 2.06446E-2 2.03461E-2 1.96515E-2 2.02495E-2 2.01923E-2 1.97127E-2 1.91962E-2 1.90819E-2 1.94486E-2 1.933E-2 1.95555E-2 2.00516E-2 1.91655E-2 1.92495E-2 1.91059E-2 1.94102E-2 2.01797E-2 2.14867E-2 2.11709E-2 2.09719E-2 2.14035E-2 1.96461E-2 2.03486E-2 2.03799E-2 2.09566E-2 2.1299E-2 2.14554E-2 2.16608E-2 2.22555E-2 2.22262E-2 2.253E-2 2.28842E-2 2.22973E-2 2.25916E-2 2.25362E-2
-9999 -9999 -9999 3.85114E-2 3.84565E-2 3.84921E-2 3.84354E-2 3.75807E-2 3.67894E-2 3.05525E-2 3.01145E-2 2.98742E-2 2.97831E-2 2.10115E-2 2.10273E-2 2.13417E-2 2.20935E-2 2.49963E-2 2.44491E-2 2.41782E-2 2.40928E-2 2.34369E-2 2.29868E-2 2.44913E-2 2.35165E-2 2.26899E-2 2.26753E-2 2.34347E-2 2.26494E-2 2.21516E-2 2.22485E-2 2.15947E-2 2.1813E-2 2.10741E-2 2.15233E-2 2.11027E-2 2.04959E-2 2.01529E-2 2.06452E-2 1.97482E-2 1.99174E-2 1.99036E-2 1.97356E-2 1.94439E-2 1.9052E-2 1.92116E-2 2.05133E-2 2.05782E-2 1.90275E-2 1.90509E-2 1.95816E-2 1.98875E-2 1.95113E-2 2.11482E-2 2.17912E-2 2.1631E-2 2.07463E-2 2.0811E-2 1.93529E-2 2.05723E-2 2.06306E-2 2.14534E-2 2.08386E-2 2.13637E-2 2.16018E-2 2.2026E-2 2.2343E-2 2.24719E-2 2.23401E-2 2.1987E-2 2.23372E-2 2.26105E-2
-9999 -9999 3.83023E-2 3.88976E-2 3.83258E-2 3.84901E-2 3.82934E-2 3.76794E-2 3.63961E-2 3.05E-2 3.01271E-2 2.98182E-2 2.94211E-2 2.90931E-2 2.10542E-2 2.10049E-2 2.11025E-2 2.19756E-2 2.40159E-2 2.36045E-2 2.34595E-2 2.33338E-2 2.29296E-2 2.35087E-2 2.35297E-2 2.3233E-2 2.28625E-2 2.3015E-2 2.22901E-2 2.16169E-2 2.1215E-2 2.0823E-2 2.10643E-2 2.14406E-2 2.03834E-2 2.02429E-2 2.01795E-2 2.03533E-2 1.98424E-2 2.02078E-2 1.96274E-2 1.91851E-2 1.89639E-2 1.9173E-2 1.93595E-2 1.93694E-2 2.03834E-2 2.05744E-2 1.97636E-2 1.89095E-2 1.97212E-2 1.94516E-2 2.03578E-2 2.06928E-2 2.1199E-2 2.132E-2 2.05477E-2 2.01911E-2 1.93436E-2 2.08348E-2 2.10003E-2 2.09931E-2 2.06593E-2 2.10611E-2 2.14486E-2 2.19106E-2 2.20685E-2 2.22187E-2 2.22726E-2 2.22157E-2 2.2394E-2 2.25818E-2
-9999 3.83933E-2 3.82454E-2 3.7981E-2 3.76333E-2 3.78569E-2 3.76904E-2 3.08203E-2 3.56061E-2 3.0349E-2 2.98562E-2 2.95278E-2 2.91948E-2 2.81028E-2 2.09098E-2 2.092E-2 2.10874E-2 2.11672E-2 2.15071E-2 2.33358E-2 2.29514E-2 2.26158E-2 2.28589E-2 2.27111E-2 2.28539E-2 2.21065E-2 2.2222E-2 2.29723E-2 2.20183E-2 2.18176E-2 2.1074E-2 2.12376E-2 2.11735E-2 2.09606E-2 2.04926E-2 2.04451E-2 1.96564E-2 1.95469E-2 2.00773E-2 1.96903E-2 1.96973E-2 1.99359E-2 1.91368E-2 1.88428E-2 1.90797E-2 1.94176E-2 2.03019E-2 2.0243E-2 1.99707E-2 1.88832E-2 1.98967E-2 1.9821E-2 2.0252E-2 2.1046E-2 2.13012E-2 2.11137E-2 2.10331E-2 1.99754E-2 2.00214E-2 2.0672E-2 2.14305E-2 2.09167E-2 2.10485E-2 2.13514E-2 2.11013E-2 2.14887E-2 2.22778E-2 2.18935E-2 2.19712E-2 2.1888E-2 2.21593E-2 2.2936E-2
3.95666E-2 3.869E-2 3.85071E-2 3.80394E-2 3.76633E-2 3.75331E-2 3.64563E-2 3.55193E-2 3.53538E-2 3.00538E-2 2.99896E-2 2.96963E-2 2.90967E-2 2.76406E-2 2.06587E-2 2.07262E-2 2.0681E-2 2.0642E-2 2.06068E-2 2.05347E-2 2.26756E-2 2.23171E-2 2.26329E-2 2.26685E-2 2.18933E-2 2.15493E-2 2.22311E-2 2.20398E-2 2.1751E-2 2.10336E-2 2.10273E-2 2.12106E-2 2.08735E-2 2.06418E-2 2.03725E-2 2.03792E-2 2.02575E-2 1.94651E-2 1.95939E-2 2.00391E-2 1.95112E-2 1.94397E-2 1.89416E-2 1.92419E-2 1.91599E-2 1.94344E-2 2.01655E-2 1.99778E-2 2.00246E-2 1.93306E-2 2.03399E-2 1.92296E-2 1.99852E-2 2.10412E-2 2.08792E-2 2.07465E-2 2.10735E-2 2.00955E-2 2.01875E-2 2.03033E-2 2.11427E-2 2.06446E-2 2.09594E-2 2.08763E-2 2.07816E-2 2.11622E-2 2.12924E-2 2.18133E-2 2.24583E-2 2.19187E-2 2.25087E-2 2.25034E-2
3.28008E-2 3.90026E-2 3.83178E-2 3.7637E-2 3.76334E-2 3.77077E-2 3.65643E-2 3.59539E-2 3.05859E-2 3.00831E-2 2.93397E-2 2.88984E-2 2.83073E-2 2.74835E-2 2.0672E-2 2.06427E-2 2.06869E-2 2.06057E-2 2.05267E-2 2.05056E-2 2.06085E-2 2.24806E-2 2.28315E-2 2.27451E-2 2.15731E-2 2.15146E-2 2.15774E-2 2.18935E-2 2.13958E-2 2.14464E-2 2.07312E-2 2.13883E-2 2.08951E-2 2.04179E-2 2.06105E-2 2.00502E-2 2.04887E-2 1.99288E-2 1.97333E-2 2.00463E-2 1.97848E-2 1.94939E-2 1.93999E-2 1.9006E-2 1.92104E-2 1.93985E-2 1.95028E-2 1.97479E-2 2.10166E-2 1.9671E-2 2.02702E-2 2.01644E-2 2.07384E-2 2.07541E-2 2.0794E-2 2.08257E-2 2.00333E-2 1.97216E-2 1.97262E-2 2.08685E-2 2.12458E-2 2.1016E-2 2.06155E-2 2.061E-2 2.07445E-2 2.09699E-2 2.11669E-2 2.17936E-2 2.23929E-2 2.16708E-2 2.23842E-2 2.214E-2
3.90998E-2 3.8749E-2 3.80692E-2 3.67271E-2 3.72196E-2 3.699E-2 3.66136E-2 3.59751E-2 3.01441E-2 2.94339E-2 2.89169E-2 2.8622E-2 2.809E-2 2.70248E-2 2.08074E-2 2.08343E-2 2.07685E-2 2.02895E-2 2.01786E-2 2.02462E-2 2.06509E-2 2.28629E-2 2.27246E-2 2.17617E-2 2.18545E-2 2.26234E-2 2.16416E-2 2.12515E-2 2.07824E-2 2.25279E-2 2.07583E-2 2.14697E-2 2.03166E-2 2.02033E-2 2.08947E-2 2.0835E-2 2.11467E-2 2.01783E-2 2.06902E-2 2.11728E-2 2.08855E-2 1.94698E-2 1.97012E-2 1.94355E-2 1.9751E-2 2.00095E-2 2.03325E-2 2.1084E-2 2.13076E-2 2.10345E-2 2.09422E-2 1.98487E-2 2.06685E-2 2.07006E-2 2.08941E-2 2.06372E-2 1.95674E-2 2.01948E-2 2.04928E-2 2.06906E-2 2.10032E-2 2.08176E-2 2.05228E-2 2.05514E-2 2.06679E-2 2.08055E-2 2.10236E-2 2.18225E-2 2.21279E-2 2.23645E-2 2.23339E-2 2.22331E-2
3.85264E-2 3.83898E-2 3.76609E-2 3.69755E-2 3.63961E-2 3.6281E-2 3.52821E-2 3.4316E-2 2.93043E-2 2.90523E-2 2.85642E-2 2.83134E-2 2.77662E-2 2.65718E-2 2.63554E-2 2.05634E-2 2.04934E-2 2.04787E-2 2.04787E-2 2.03028E-2 2.03617E-2 2.09007E-2 2.28695E-2 2.14212E-2 2.17459E-2 2.17098E-2 2.14619E-2 2.12964E-2 2.06664E-2 2.29356E-2 2.21518E-2 2.15897E-2 2.03536E-2 2.03939E-2 2.1013E-2 2.24736E-2 2.16812E-2 2.09503E-2 2.12057E-2 2.18593E-2 2.05552E-2 1.9825E-2 2.02473E-2 2.09239E-2 2.06557E-2 2.09659E-2 2.093E-2 2.0826E-2 2.11789E-2 2.08778E-2 2.08755E-2 2.01005E-2 2.12883E-2 2.11154E-2 2.04757E-2 1.98611E-2 1.99927E-2 2.03506E-2 2.04432E-2 2.05728E-2 2.10285E-2 2.08539E-2 2.07881E-2 2.05834E-2 2.07786E-2 2.14577E-2 2.1322E-2 2.10666E-2 2.18339E-2 2.18124E-2 2.19829E-2 2.20644E-2
3.06244E-2 2.95805E-2 3.72564E-2 3.66088E-2 3.54503E-2 3.5382E-2 3.42503E-2 3.34984E-2 2.91225E-2 2.91214E-2 2.87359E-2 2.8393E-2 2.79555E-2 2.69247E-2 2.66854E-2 2.06031E-2 2.067E-2 2.06492E-2 2.0654E-2 2.04721E-2 2.0469E-2 2.07523E-2 2.28824E-2 2.13529E-2 1.96246E-2 2.16972E-2 2.16973E-2 2.0784E-2 2.20731E-2 2.28391E-2 2.23218E-2 2.12576E-2 2.13792E-2 2.17429E-2 2.26551E-2 2.24572E-2 2.24793E-2 2.19271E-2 2.11246E-2 2.17822E-2 2.13909E-2 1.99839E-2 2.09775E-2 2.2074E-2 2.08172E-2 2.11352E-2 2.19749E-2 2.11396E-2 2.2119E-2 2.09393E-2 2.09309E-2 2.1048E-2 2.1031E-2 2.0991E-2 2.03458E-2 2.04861E-2 2.06565E-2 2.08147E-2 2.01951E-2 2.0509E-2 2.07384E-2 2.06989E-2 2.0732E-2 2.03753E-2 2.06752E-2 2.1256E-2 2.09151E-2 2.1527E-2 2.20192E-2 2.20332E-2 2.23496E-2 2.19807E-2
2.90312E-2 2.92477E-2 3.73297E-2 3.70586E-2 3.52448E-2 3.41983E-2 3.36614E-2 3.23752E-2 3.22942E-2 2.88335E-2 2.84153E-2 2.83552E-2 2.81447E-2 2.72861E-2 2.69749E-2 2.69511E-2 2.09161E-2 2.08791E-2 2.09192E-2 2.08392E-2 2.07782E-2 2.30542E-2 2.19417E-2 2.19918E-2 2.22756E-2 2.17378E-2 2.21949E-2 2.16123E-2 2.19137E-2 2.31431E-2 2.2344E-2 2.12815E-2 2.0992E-2 2.13239E-2 2.22813E-2 2.27457E-2 2.23633E-2 2.22047E-2 2.26532E-2 2.27136E-2 2.13736E-2 2.16189E-2 2.20064E-2 2.20145E-2 2.06012E-2 2.20235E-2 2.17772E-2 2.16671E-2 2.18151E-2 2.17751E-2 2.08011E-2 2.10163E-2 2.08136E-2 2.10156E-2 2.12125E-2 2.13105E-2 2.0727E-2 2.0658E-2 2.00403E-2 2.11791E-2 2.12587E-2 2.07248E-2 2.06377E-2 2.10909E-2 2.05309E-2 2.08308E-2 2.09608E-2 2.12598E-2 2.15976E-2 2.252E-2 2.26601E-2 2.20356E-2
2.76502E-2 2.84727E-2 3.62057E-2 3.62056E-2 3.51366E-2 3.44368E-2 3.32767E-2 3.23435E-2 3.23794E-2 2.84156E-2 2.79431E-2 2.74903E-2 2.67897E-2 2.61601E-2 2.57279E-2 2.71114E-2 2.06178E-2 2.06227E-2 2.05732E-2 2.058E-2 2.10148E-2 1.99866E-2 2.05118E-2 2.30234E-2 2.20489E-2 2.21326E-2 2.21949E-2 2.30508E-2 2.34366E-2 2.3475E-2 2.24204E-2 2.25802E-2 2.17823E-2 2.25389E-2 2.27946E-2 2.27153E-2 2.27565E-2 2.2601E-2 2.26971E-2 2.27475E-2 2.27508E-2 2.20712E-2 2.18631E-2 2.28192E-2 2.17354E-2 2.19449E-2 2.18497E-2 2.19558E-2 2.07056E-2 2.17725E-2 2.17994E-2 2.17927E-2 2.09377E-2 2.12055E-2 2.1474E-2 2.06411E-2 2.03505E-2 2.0561E-2 2.09323E-2 2.20236E-2 2.1173E-2 2.04792E-2 2.07657E-2 2.07507E-2 2.09303E-2 2.05491E-2 2.14931E-2 2.08727E-2 2.11637E-2 2.21989E-2 2.21347E-2 2.14811E-2
2.73561E-2 2.71228E-2 3.53019E-2 3.35161E-2 3.3258E-2 3.35856E-2 3.35095E-2 2.93622E-2 2.87847E-2 2.86733E-2 2.81366E-2 2.73195E-2 2.64476E-2 2.57804E-2 2.58863E-2 2.54179E-2 2.11671E-2 2.1153E-2 2.11134E-2 2.10572E-2 2.11918E-2 2.06195E-2 2.31315E-2 2.23422E-2 2.29966E-2 2.35469E-2 2.29831E-2 2.09399E-2 2.31647E-2 2.27085E-2 2.24296E-2 2.31773E-2 2.32512E-2 2.37003E-2 2.38263E-2 2.37464E-2 2.38876E-2 2.30995E-2 2.315E-2 2.31186E-2 2.31269E-2 2.31054E-2 2.2765E-2 2.30224E-2 2.20063E-2 2.21144E-2 2.28611E-2 2.20422E-2 2.16501E-2 2.18811E-2 2.18756E-2 2.19716E-2 2.11513E-2 2.13436E-2 2.11132E-2 2.03457E-2 2.03586E-2 2.06524E-2 2.07921E-2 2.09041E-2 2.07884E-2 2.03908E-2 2.13247E-2 2.0834E-2 2.11748E-2 2.10131E-2 2.13378E-2 2.15226E-2 2.18823E-2 2.21857E-2 2.19954E-2 2.14689E-2
2.66E-2 2.66469E-2 3.32805E-2 3.24115E-2 3.20635E-2 3.15266E-2 3.35134E-2 3.1941E-2 2.74672E-2 2.7823E-2 2.73625E-2 2.63907E-2 2.65291E-2 2.60515E-2 2.59425E-2 2.46957E-2 2.40886E-2 2.10411E-2 2.10545E-2 2.19492E-2 2.19225E-2 2.12134E-2 2.3617E-2 2.26851E-2 2.10553E-2 2.11567E-2 2.30763E-2 2.37115E-2 2.32467E-2 2.29673E-2 2.33732E-2 2.38635E-2 2.37979E-2 2.39571E-2 2.38307E-2 2.38819E-2 2.42847E-2 2.42842E-2 2.35636E-2 2.33097E-2 2.33676E-2 2.31549E-2 2.3112E-2 2.31104E-2 2.30305E-2 2.29585E-2 2.31955E-2 2.18596E-2 2.17172E-2 2.19645E-2 2.22834E-2 2.24911E-2 2.19617E-2 2.12062E-2 2.1211E-2 2.03449E-2 2.05505E-2 2.06139E-2 2.16366E-2 2.15515E-2 2.08623E-2 2.09074E-2 2.13316E-2 2.06731E-2 2.08687E-2 2.10436E-2 2.11438E-2 2.1369E-2 2.13569E-2 2.16904E-2 2.17713E-2 2.20732E-2
3.39775E-2 3.32561E-2 3.26175E-2 3.16985E-2 3.13001E-2 3.21955E-2 3.05166E-2 3.0783E-2 2.7982E-2 2.75129E-2 2.74758E-2 2.68235E-2 2.60679E-2 2.5506E-2 2.52176E-2 2.49585E-2 2.4627E-2 2.44694E-2 2.20281E-2 2.20747E-2 2.19508E-2 2.2209E-2 2.34447E-2 2.0974E-2 2.15443E-2 2.42716E-2 2.3235E-2 2.14481E-2 2.42704E-2 2.40653E-2 2.41315E-2 2.42466E-2 2.40156E-2 2.4189E-2 2.45698E-2 2.42153E-2 2.44249E-2 2.46969E-2 2.47441E-2 2.36243E-2 2.34339E-2 2.37289E-2 2.37343E-2 2.32936E-2 2.32495E-2 2.33743E-2 2.34646E-2 2.21663E-2 2.31687E-2 2.31039E-2 2.2519E-2 2.24321E-2 2.11132E-2 2.11168E-2 2.20607E-2 2.12633E-2 2.12978E-2 2.0666E-2 2.15156E-2 2.14484E-2 2.1569E-2 2.09543E-2 2.11013E-2 2.02093E-2 2.13374E-2 2.15107E-2 2.10954E-2 2.11935E-2 2.1255E-2 2.16013E-2 2.15404E-2 2.18652E-2
3.18674E-2 3.11584E-2 3.14626E-2 3.05682E-2 3.07513E-2 3.07113E-2 2.99294E-2 2.96632E-2 2.93295E-2 2.6896E-2 2.69511E-2 2.72544E-2 2.5543E-2 2.59596E-2 2.57083E-2 2.57302E-2 2.45047E-2 2.42782E-2 2.42559E-2 2.28304E-2 2.18713E-2 2.18569E-2 2.20925E-2 2.16522E-2 2.18909E-2 2.33826E-2 2.11984E-2 2.17417E-2 2.16013E-2 2.44459E-2 2.44875E-2 2.44892E-2 2.45873E-2 2.46509E-2 2.46336E-2 2.47518E-2 2.46091E-2 2.47676E-2 2.47441E-2 2.46036E-2 2.44366E-2 2.37585E-2 2.41828E-2 2.3349E-2 2.3491E-2 2.36502E-2 2.35393E-2 2.32783E-2 2.31963E-2 2.35001E-2 2.26287E-2 2.23919E-2 2.23877E-2 2.20984E-2 2.19805E-2 2.15829E-2 2.12301E-2 2.12998E-2 2.14144E-2 2.16032E-2 2.15677E-2 2.17892E-2 2.18791E-2 2.12018E-2 2.12622E-2 2.10867E-2 2.17021E-2 2.17502E-2 2.12848E-2 2.14069E-2 2.15075E-2 2.17707E-2
3.19484E-2 3.14559E-2 3.06405E-2 3.00135E-2 3.00459E-2 2.94068E-2 2.95102E-2 2.99703E-2 2.97432E-2 2.71833E-2 2.72039E-2 2.64811E-2 2.58993E-2 2.57495E-2 2.54702E-2 2.60204E-2 2.55469E-2 2.52333E-2 2.3716E-2 2.25823E-2 2.31608E-2 2.33114E-2 2.3255E-2 2.21918E-2 2.18954E-2 2.42007E-2 2.16941E-2 2.16576E-2 2.15864E-2 -9999 2.18737E-2 2.49179E-2 2.4964E-2 2.5072E-2 2.50301E-2 2.4831E-2 2.49098E-2 2.47834E-2 -9999 -9999 -9999 -9999 2.366E-2 2.4368E-2 2.44903E-2 2.39726E-2 2.38509E-2 2.39019E-2 2.39984E-2 2.39198E-2 2.30135E-2 2.29065E-2 2.26335E-2 2.20104E-2 2.21815E-2 2.24802E-2 2.13145E-2 2.12659E-2 2.12643E-2 2.15367E-2 2.14611E-2 2.15266E-2 2.10016E-2 2.12435E-2 2.12699E-2 2.1214E-2 2.1475E-2 2.16193E-2 2.19426E-2 2.11704E-2 2.13354E-2 2.1475E-2
3.12659E-2 3.06612E-2 3.0511E-2 3.05398E-2 3.08514E-2 3.01393E-2 3.02989E-2 2.97488E-2 2.95494E-2 2.69667E-2 2.68317E-2 2.64853E-2 2.5726E-2 2.67259E-2 2.6742E-2 2.67033E-2 2.51025E-2 2.4052E-2 2.32142E-2 2.37139E-2 2.40891E-2 2.35065E-2 2.3074E-2 2.19149E-2 2.22318E-2 2.13535E-2 2.14663E-2 -9999 -9999 -9999 -9999 2.18513E-2 2.19707E-2 2.20379E-2 2.52148E-2 2.50591E-2 2.4942E-2 -9999 -9999 -9999 -9999 -9999 -9999 -9999 -9999 -9999 2.50491E-2 2.42995E-2 2.43872E-2 2.45618E-2 2.30345E-2 2.29131E-2 2.27253E-2 2.22875E-2 2.29532E-2 2.21407E-2 2.2035E-2 2.20547E-2 2.23458E-2 2.14633E-2 2.18854E-2 2.19105E-2 2.08217E-2 2.10231E-2 2.10262E-2 2.12536E-2 2.16283E-2 2.15171E-2 2.16838E-2 2.16723E-2 2.10605E-2 2.1344E-2
3.15404E-2 3.0777E-2 3.03175E-2 3.11927E-2 3.05611E-2 3.10265E-2 3.07135E-2 3.05845E-2 3.01542E-2 2.94991E-2 2.74914E-2 2.73118E-2 2.69784E-2 2.68578E-2 2.61531E-2 2.64173E-2 2.77114E-2 2.4269E-2 2.38211E-2 2.46261E-2 2.36848E-2 2.40362E-2 2.33455E-2 2.23576E-2 2.18347E-2 2.21931E-2 -9999 -9999 -9999 -9999 -9999 -9999 -9999 -9999 -9999 -9999 -9999 -9999 -9999 -9999 -9999 -9999 -9999 -9999 -9999 -9999 2.52389E-2 2.51867E-2 2.4863E-2 2.47295E-2 2.41897E-2 2.28024E-2 2.33334E-2 2.33284E-2 2.33819E-2 2.27382E-2 2.24437E-2 2.24305E-2 2.29721E-2 2.20606E-2 2.18773E-2 2.15454E-2 2.15232E-2 2.12207E-2 2.10975E-2 2.11199E-2 2.21756E-2 2.14348E-2 2.14286E-2 2.07497E-2 2.09382E-2 2.1166E-2
3.1437E-2 2.46566E-2 2.51752E-2 3.08154E-2 3.11891E-2 3.10771E-2 3.02234E-2 3.16492E-2 2.9809E-2 2.91733E-2 2.74798E-2 2.73275E-2 2.72003E-2 2.68375E-2 2.64925E-2 2.62397E-2 2.61938E-2 2.58549E-2 2.4473E-2 2.47716E-2 2.43782E-2 2.49556E-2 2.38411E-2 2.24386E-2 -9999 -9999 -9999 -9999 -9999 -9999 -9999 -9999 -9999 -9999 -9999 -9999 -9999 -9999 -9999 -9999 -9999 -9999 -9999 -9999 -9999 -9999 -9999 2.478E-2 2.5185E-2 2.44427E-2 2.39204E-2 2.37705E-2 2.36687E-2 2.38283E-2 2.36718E-2 2.35551E-2 2.2526E-2 2.36571E-2 2.31406E-2 2.22381E-2 2.20297E-2 2.16153E-2 2.15078E-2 2.2073E-2 2.11838E-2 2.18006E-2 2.19329E-2 2.14065E-2 2.13805E-2 2.14607E-2 2.15702E-2 2.09869E-2
3.19411E-2 2.50155E-2 2.49991E-2 2.50171E-2 3.04735E-2 3.19772E-2 3.13495E-2 3.24729E-2 2.96781E-2 2.93386E-2 2.87165E-2 2.71155E-2 2.80187E-2 2.67226E-2 2.63825E-2 2.62983E-2 2.61014E-2 2.59214E-2 2.5967E-2 2.49086E-2 2.4537E-2 2.51724E-2 2.50082E-2 2.31639E-2 -9999 -9999 -9999 -9999 -9999 -9999 -9999 -9999 -9999 -9999 -9999 -9999 -9999 -9999 -9999 -9999 -9999 -9999 -9999 -9999 -9999 -9999 -9999 -9999 2.50118E-2 2.57712E-2 2.60889E-2 2.42074E-2 2.38121E-2 2.41314E-2 2.3962E-2 2.37553E-2 2.37622E-2 2.38025E-2 2.28331E-2 2.26471E-2 2.26957E-2 2.1449E-2 2.1572E-2 2.17002E-2 2.18829E-2 2.19626E-2 2.2062E-2 2.12027E-2 2.13072E-2 2.14463E-2 2.15572E-2 2.18498E-2
