Artocarpus altilis SDM files/MIS19/results (without bias file)/Artalt_3.asc
ncols         1201
nrows         481
xllcorner     119.99986351115
yllcorner     -15.00013828885
cellsize      0.041666667
NODATA_value  -9999
[rows 160 to 191 of 481, columns 432 to 503 of 1201]
2.65722E-1 2.66836E-1 2.67774E-1 2.66336E-1 2.7188E-1 2.3515E-1 2.42654E-1 -9999 -9999 -9999 -9999 -9999 -9999 -9999 -9999 -9999 -9999 -9999 -9999 2.31288E-1 -9999 -9999 -9999 -9999 -9999 -9999 -9999 -9999 -9999 -9999 -9999 -9999 -9999 -9999 -9999 -9999 -9999 -9999 -9999 -9999 -9999 -9999 -9999 -9999 -9999 -9999 -9999 -9999 -9999 -9999 -9999 -9999 -9999 -9999 -9999 -9999 -9999 -9999 -9999 -9999 -9999 -9999 -9999 -9999 -9999 -9999 -9999 -9999 -9999 -9999 -9999 -9999
2.60089E-1 2.60072E-1 2.62265E-1 2.63278E-1 2.63994E-1 2.62996E-1 2.66339E-1 2.41296E-1 2.59216E-1 -9999 -9999 -9999 -9999 -9999 -9999 -9999 -9999 -9999 2.4073E-1 2.56331E-1 -9999 -9999 -9999 -9999 -9999 -9999 -9999 -9999 -9999 -9999 -9999 -9999 -9999 -9999 -9999 -9999 -9999 -9999 -9999 -9999 -9999 -9999 -9999 -9999 -9999 -9999 -9999 -9999 -9999 -9999 -9999 -9999 -9999 -9999 -9999 -9999 -9999 -9999 -9999 -9999 -9999 -9999 -9999 -9999 -9999 -9999 -9999 -9999 -9999 -9999 -9999 -9999
3.04043E-1 3.06284E-1 3.13754E-1 3.16049E-1 3.09611E-1 3.17551E-1 3.04349E-1 2.67653E-1 2.81419E-1 2.84702E-1 2.94416E-1 2.54056E-1 -9999 -9999 -9999 -9999 -9999 -9999 -9999 -9999 -9999 -9999 -9999 -9999 -9999 -9999 -9999 -9999 -9999 -9999 -9999 -9999 -9999 -9999 -9999 -9999 -9999 -9999 -9999 -9999 -9999 -9999 -9999 -9999 -9999 -9999 -9999 -9999 -9999 -9999 -9999 -9999 -9999 -9999 -9999 -9999 -9999 -9999 -9999 -9999 -9999 -9999 -9999 -9999 -9999 -9999 -9999 -9999 -9999 -9999 -9999 -9999
3.47285E-1 2.95773E-1 3.0763E-1 3.59276E-1 3.19449E-1 3.33484E-1 3.57969E-1 3.24117E-1 3.26658E-1 3.2603E-1 3.30486E-1 3.33559E-1 2.85107E-1 2.88615E-1 2.96729E-1 3.04744E-1 -9999 -9999 -9999 -9999 -9999 -9999 -9999 -9999 -9999 -9999 -9999 -9999 -9999 -9999 -9999 -9999 -9999 -9999 -9999 -9999 -9999 -9999 -9999 -9999 -9999 -9999 -9999 -9999 -9999 -9999 -9999 -9999 -9999 -9999 -9999 -9999 -9999 -9999 -9999 -9999 -9999 -9999 -9999 -9999 -9999 -9999 -9999 -9999 -9999 -9999 -9999 -9999 -9999 -9999 -9999 -9999
3.82096E-1 3.88742E-1 3.61622E-1 3.7023E-1 3.86627E-1 4.30242E-1 4.33543E-1 4.46738E-1 4.43125E-1 4.51104E-1 3.94631E-1 3.99774E-1 3.48223E-1 3.4272E-1 3.34487E-1 3.31288E-1 2.92918E-1 2.67002E-1 -9999 -9999 -9999 -9999 -9999 -9999 -9999 -9999 -9999 -9999 -9999 -9999 -9999 -9999 -9999 -9999 -9999 -9999 -9999 -9999 -9999 -9999 -9999 -9999 -9999 -9999 -9999 -9999 -9999 -9999 -9999 -9999 -9999 -9999 -9999 -9999 -9999 -9999 -9999 -9999 -9999 -9999 -9999 -9999 -9999 -9999 -9999 -9999 -9999 -9999 -9999 -9999 -9999 -9999
3.62964E-1 3.7527E-1 3.87625E-1 4.17359E-1 4.53384E-1 4.56755E-1 4.20298E-1 4.35936E-1 4.38236E-1 4.0112E-1 3.66592E-1 4.57169E-1 4.3145E-1 4.11986E-1 3.82545E-1 3.43274E-1 3.33873E-1 2.93872E-1 2.75924E-1 -9999 -9999 -9999 -9999 -9999 -9999 -9999 -9999 -9999 -9999 -9999 -9999 -9999 -9999 -9999 -9999 -9999 -9999 -9999 -9999 -9999 -9999 -9999 -9999 -9999 -9999 -9999 -9999 -9999 -9999 -9999 -9999 -9999 -9999 -9999 -9999 -9999 -9999 -9999 -9999 -9999 -9999 -9999 -9999 -9999 -9999 -9999 -9999 -9999 -9999 -9999 -9999 -9999
3.56411E-1 4.03516E-1 3.96376E-1 4.15669E-1 4.21472E-1 3.97793E-1 3.41699E-1 3.86958E-1 3.09868E-1 2.67156E-1 4.00713E-1 3.07511E-1 3.76615E-1 4.30849E-1 4.38344E-1 3.98798E-1 3.52934E-1 3.49674E-1 3.43806E-1 3.14552E-1 -9999 -9999 -9999 -9999 -9999 -9999 -9999 -9999 -9999 -9999 -9999 -9999 -9999 -9999 -9999 -9999 -9999 -9999 -9999 -9999 -9999 -9999 -9999 -9999 -9999 -9999 -9999 -9999 -9999 -9999 -9999 -9999 -9999 -9999 -9999 -9999 -9999 -9999 -9999 -9999 -9999 -9999 -9999 -9999 -9999 -9999 -9999 -9999 -9999 -9999 -9999 -9999
4.1E-1 4.38457E-1 4.08087E-1 4.07748E-1 4.07772E-1 4.00869E-1 3.40921E-1 2.60053E-1 2.19258E-1 2.73295E-1 3.61017E-1 2.79167E-1 3.96828E-1 4.21721E-1 4.44616E-1 4.38908E-1 3.91702E-1 4.15483E-1 3.72613E-1 3.8302E-1 3.51462E-1 3.45876E-1 3.27529E-1 3.06919E-1 3.01515E-1 -9999 -9999 -9999 -9999 -9999 -9999 -9999 -9999 -9999 -9999 -9999 -9999 -9999 -9999 -9999 -9999 -9999 -9999 -9999 -9999 -9999 -9999 -9999 -9999 -9999 -9999 -9999 -9999 -9999 -9999 -9999 -9999 -9999 -9999 -9999 -9999 -9999 -9999 -9999 -9999 -9999 -9999 -9999 -9999 -9999 -9999 -9999
3.08922E-1 3.42875E-1 3.22506E-1 3.52039E-1 3.40991E-1 3.56866E-1 3.81859E-1 3.03524E-1 2.17262E-1 2.25896E-1 2.48276E-1 3.48996E-1 3.62884E-1 3.77847E-1 3.3074E-1 3.95296E-1 4.57083E-1 4.77799E-1 4.74374E-1 4.85259E-1 4.62411E-1 4.45905E-1 4.0201E-1 3.49131E-1 3.60125E-1 3.25977E-1 -9999 3.167E-1 -9999 -9999 -9999 -9999 -9999 -9999 -9999 -9999 -9999 -9999 -9999 -9999 -9999 -9999 -9999 -9999 -9999 -9999 -9999 -9999 -9999 -9999 -9999 -9999 -9999 -9999 -9999 -9999 -9999 -9999 -9999 -9999 -9999 -9999 -9999 -9999 -9999 -9999 -9999 -9999 -9999 -9999 -9999 -9999
3.41679E-1 2.86148E-1 2.58192E-1 2.25846E-1 3.31355E-1 3.18282E-1 3.9263E-1 3.42057E-1 3.15183E-1 1.80948E-1 2.41203E-1 2.70451E-1 3.93582E-1 4.02225E-1 3.22638E-1 3.24815E-1 4.10705E-1 4.97422E-1 5.30873E-1 3.33996E-1 2.33159E-1 4.7364E-1 4.5222E-1 4.54418E-1 4.05231E-1 3.63453E-1 3.7865E-1 3.23925E-1 -9999 3.47507E-1 3.52337E-1 -9999 -9999 -9999 -9999 -9999 -9999 -9999 -9999 -9999 -9999 -9999 -9999 -9999 -9999 -9999 -9999 -9999 -9999 -9999 -9999 -9999 -9999 -9999 -9999 -9999 -9999 -9999 -9999 -9999 -9999 -9999 -9999 -9999 -9999 -9999 -9999 -9999 -9999 -9999 -9999 -9999
3.49618E-1 3.44404E-1 3.25665E-1 2.51348E-1 2.14159E-1 3.05414E-1 3.58238E-1 3.77323E-1 3.66038E-1 2.48404E-1 2.12815E-1 2.46029E-1 3.37133E-1 3.59019E-1 3.70161E-1 3.38438E-1 3.53007E-1 4.68853E-1 5.28406E-1 1.96734E-1 3.87931E-1 4.7851E-1 5.11834E-1 4.87151E-1 4.67372E-1 4.79089E-1 4.27015E-1 4.31322E-1 3.84104E-1 3.49382E-1 -9999 -9999 -9999 -9999 -9999 -9999 -9999 -9999 -9999 -9999 -9999 -9999 -9999 -9999 -9999 -9999 -9999 -9999 -9999 -9999 -9999 -9999 -9999 -9999 -9999 -9999 -9999 -9999 -9999 -9999 -9999 -9999 -9999 -9999 -9999 -9999 -9999 -9999 -9999 -9999 -9999 -9999
3.00635E-1 3.18791E-1 3.14329E-1 2.94796E-1 1.69589E-1 1.60959E-1 2.72508E-1 3.82434E-1 3.72638E-1 2.90467E-1 1.66172E-1 1.50092E-1 2.56556E-1 1.83638E-1 2.83199E-1 3.74711E-1 3.12698E-1 4.21985E-1 4.4921E-1 2.81488E-1 4.15098E-1 4.90416E-1 5.00873E-1 4.8655E-1 5.1002E-1 4.99516E-1 5.43095E-1 4.87652E-1 4.41154E-1 3.89773E-1 3.62526E-1 3.67819E-1 -9999 -9999 3.51493E-1 3.52872E-1 3.54143E-1 -9999 -9999 -9999 -9999 -9999 -9999 -9999 -9999 -9999 -9999 -9999 -9999 -9999 -9999 -9999 -9999 -9999 -9999 -9999 -9999 -9999 -9999 -9999 -9999 -9999 -9999 -9999 -9999 -9999 -9999 -9999 -9999 -9999 -9999 -9999
3.07034E-1 2.63511E-1 2.45991E-1 3.11199E-1 2.47298E-1 2.03495E-1 1.66378E-1 2.96693E-1 3.59802E-1 3.08476E-1 2.4409E-1 2.04367E-1 2.31666E-1 1.91877E-1 2.16741E-1 2.77881E-1 2.53075E-1 3.62398E-1 3.79997E-1 4.08022E-1 4.86375E-1 5.10224E-1 5.16044E-1 5.12001E-1 5.27628E-1 5.43593E-1 5.58205E-1 5.46664E-1 5.42312E-1 4.96357E-1 4.6394E-1 4.1175E-1 4.27651E-1 3.93097E-1 -9999 -9999 4.15056E-1 -9999 -9999 -9999 -9999 -9999 -9999 -9999 -9999 -9999 -9999 -9999 -9999 -9999 -9999 -9999 -9999 -9999 -9999 -9999 -9999 -9999 -9999 -9999 -9999 -9999 -9999 -9999 -9999 -9999 -9999 -9999 -9999 -9999 -9999 -9999
2.95611E-1 2.67872E-1 2.87398E-1 2.25394E-1 2.43959E-1 1.66503E-1 1.92235E-1 1.50886E-1 2.77619E-1 3.56767E-1 3.47348E-1 2.99775E-1 2.51799E-1 2.94911E-1 2.28104E-1 1.97638E-1 2.73087E-1 3.45412E-1 3.00755E-1 3.75939E-1 4.39232E-1 5.46148E-1 5.47537E-1 5.40893E-1 5.7868E-1 6.0046E-1 6.14479E-1 5.82378E-1 5.41483E-1 5.54284E-1 5.23958E-1 4.73452E-1 4.99034E-1 5.03479E-1 4.5068E-1 3.97092E-1 4.3763E-1 -9999 -9999 -9999 -9999 -9999 -9999 -9999 -9999 -9999 -9999 -9999 -9999 -9999 -9999 -9999 -9999 -9999 -9999 -9999 -9999 -9999 -9999 -9999 -9999 -9999 -9999 -9999 -9999 -9999 -9999 -9999 -9999 -9999 -9999 -9999
2.00492E-1 2.46156E-1 3.0535E-1 2.85094E-1 2.20525E-1 2.36275E-1 2.14763E-1 2.45124E-1 2.56898E-1 3.40549E-1 3.52238E-1 3.58592E-1 3.50198E-1 2.69151E-1 3.0009E-1 1.99492E-1 1.96761E-1 2.66576E-1 2.60894E-1 2.4706E-1 4.23024E-1 5.18141E-1 5.14005E-1 4.38156E-1 3.77986E-1 3.91121E-1 3.33529E-1 2.92527E-1 2.36942E-1 5.26492E-1 5.5961E-1 5.80359E-1 5.92392E-1 6.1672E-1 6.08219E-1 5.17837E-1 4.56796E-1 4.36504E-1 -9999 -9999 -9999 -9999 -9999 -9999 -9999 -9999 -9999 -9999 -9999 -9999 -9999 -9999 -9999 -9999 -9999 -9999 -9999 -9999 -9999 -9999 -9999 -9999 -9999 -9999 -9999 -9999 -9999 -9999 -9999 -9999 -9999 -9999
2.65386E-1 2.55898E-1 2.44995E-1 2.00814E-1 1.69176E-1 1.97221E-1 2.40803E-1 2.19032E-1 2.80674E-1 2.90113E-1 3.55026E-1 3.71449E-1 3.68711E-1 3.43194E-1 3.09217E-1 2.21823E-1 2.67335E-1 2.90649E-1 3.15741E-1 3.36016E-1 4.19671E-1 3.73505E-1 2.69378E-1 2.03052E-1 1.73608E-1 1.9976E-1 2.73309E-1 3.09893E-1 3.54987E-1 4.53543E-1 4.12356E-1 5.7052E-1 6.29389E-1 6.76847E-1 5.83068E-1 5.11135E-1 6.08873E-1 4.63348E-1 4.27359E-1 4.55357E-1 -9999 -9999 -9999 -9999 -9999 -9999 -9999 -9999 -9999 -9999 -9999 -9999 -9999 -9999 -9999 -9999 -9999 -9999 -9999 -9999 -9999 -9999 -9999 -9999 -9999 -9999 -9999 -9999 -9999 -9999 -9999 -9999
3.52401E-1 3.18879E-1 2.24776E-1 2.13724E-1 1.63507E-1 1.91932E-1 2.09885E-1 1.41589E-1 2.7386E-1 2.41667E-1 2.68057E-1 3.48913E-1 3.36692E-1 3.71642E-1 3.00106E-1 1.99907E-1 2.60453E-1 3.73822E-1 4.02662E-1 4.30029E-1 4.54216E-1 4.42602E-1 4.32857E-1 4.09892E-1 3.84082E-1 4.20164E-1 4.5882E-1 5.04206E-1 5.16927E-1 5.30807E-1 4.82549E-1 5.47038E-1 5.92191E-1 6.30379E-1 6.20503E-1 5.9709E-1 5.12109E-1 6.06643E-1 4.73729E-1 4.84661E-1 4.5053E-1 4.58945E-1 -9999 -9999 -9999 -9999 -9999 -9999 -9999 6.54578E-1 6.38309E-1 6.19534E-1 -9999 -9999 -9999 -9999 -9999 -9999 -9999 -9999 -9999 -9999 -9999 -9999 -9999 -9999 -9999 -9999 -9999 -9999 -9999 -9999
3.35912E-1 2.78982E-1 2.33411E-1 2.58762E-1 1.76102E-1 1.51479E-1 1.52976E-1 1.59835E-1 1.55094E-1 1.89607E-1 2.47576E-1 2.61336E-1 3.01491E-1 3.25022E-1 2.73945E-1 2.07791E-1 2.63948E-1 3.75255E-1 3.89154E-1 4.17891E-1 4.01893E-1 3.93461E-1 4.13608E-1 4.03937E-1 4.70446E-1 4.78892E-1 5.06205E-1 5.44691E-1 4.91652E-1 5.30746E-1 5.58691E-1 5.91688E-1 5.62787E-1 6.26282E-1 6.68875E-1 5.76077E-1 5.64037E-1 6.04147E-1 5.49349E-1 5.66064E-1 5.73613E-1 5.18284E-1 5.45977E-1 5.01593E-1 5.19924E-1 5.41381E-1 5.67066E-1 6.60331E-1 6.91381E-1 7.41576E-1 7.92897E-1 8.14035E-1 6.43321E-1 -9999 -9999 -9999 -9999 -9999 -9999 -9999 -9999 -9999 -9999 -9999 -9999 -9999 -9999 -9999 -9999 -9999 -9999 -9999
2.38602E-1 1.76305E-1 1.66069E-1 2.04126E-1 2.70082E-1 2.13942E-1 1.53264E-1 1.73511E-1 1.54017E-1 1.71068E-1 1.56564E-1 1.9223E-1 1.97525E-1 2.40045E-1 2.0665E-1 2.04027E-1 2.98532E-1 3.63497E-1 3.64979E-1 3.54484E-1 1.96937E-1 2.87517E-1 3.20556E-1 3.2304E-1 4.41164E-1 4.87056E-1 4.98677E-1 4.99639E-1 5.04664E-1 4.06085E-1 4.73073E-1 5.51E-1 4.54669E-1 5.41406E-1 6.03627E-1 5.99543E-1 5.86826E-1 6.11474E-1 6.06694E-1 6.70844E-1 7.40824E-1 7.15822E-1 5.79805E-1 5.97628E-1 5.55444E-1 5.77989E-1 5.98674E-1 6.3144E-1 7.41069E-1 8.63774E-1 4.92924E-1 5.01809E-1 6.09274E-1 7.83035E-1 7.91018E-1 -9999 8.74013E-1 9.52418E-1 7.67223E-1 -9999 -9999 -9999 -9999 -9999 -9999 -9999 -9999 -9999 -9999 -9999 -9999 -9999
1.38328E-1 1.50608E-1 1.41822E-1 1.48465E-1 2.0092E-1 1.95691E-1 1.60366E-1 1.60356E-1 1.27327E-1 1.30305E-1 1.65346E-1 1.5714E-1 1.75185E-1 1.58985E-1 1.24226E-1 1.60088E-1 1.77327E-1 2.0129E-1 2.66886E-1 3.11348E-1 2.87529E-1 2.98101E-1 2.59465E-1 3.57897E-1 2.82927E-1 4.22125E-1 4.71423E-1 4.50485E-1 4.32231E-1 4.37432E-1 4.25136E-1 4.48958E-1 4.72198E-1 5.16627E-1 6.04774E-1 6.29415E-1 5.99043E-1 5.64741E-1 6.04598E-1 6.92021E-1 6.3255E-1 6.21977E-1 7.09245E-1 6.54715E-1 6.20789E-1 6.43846E-1 6.43153E-1 6.68167E-1 7.05522E-1 8.73983E-1 5.89085E-1 6.31889E-1 5.5563E-1 5.95089E-1 7.42167E-1 8.33887E-1 8.72719E-1 7.32156E-1 5.67441E-1 8.58613E-1 9.01828E-1 9.59967E-1 9.19485E-1 8.07762E-1 -9999 -9999 -9999 -9999 -9999 -9999 -9999 -9999
1.40323E-1 1.45899E-1 1.49774E-1 1.63196E-1 1.84324E-1 1.83826E-1 1.24581E-1 1.13338E-1 1.04567E-1 1.15268E-1 1.1715E-1 1.44926E-1 1.46936E-1 1.3449E-1 1.4298E-1 1.78891E-1 1.47627E-1 1.82594E-1 1.91287E-1 1.70078E-1 2.09181E-1 1.86738E-1 2.23909E-1 2.55306E-1 2.96539E-1 3.79773E-1 3.84518E-1 3.26517E-1 4.2878E-1 3.65489E-1 2.88335E-1 3.77809E-1 4.09182E-1 5.20237E-1 6.03321E-1 5.63236E-1 4.7041E-1 5.13033E-1 5.20174E-1 6.66107E-1 6.76313E-1 6.35231E-1 7.16372E-1 6.66824E-1 7.21327E-1 6.93685E-1 6.92573E-1 7.17954E-1 7.43063E-1 7.70443E-1 7.5972E-1 7.75404E-1 6.46158E-1 5.64836E-1 5.11436E-1 6.20021E-1 8.31878E-1 7.16567E-1 5.61937E-1 5.62076E-1 5.90852E-1 5.82076E-1 5.83689E-1 7.16857E-1 8.14893E-1 8.59109E-1 -9999 -9999 -9999 -9999 -9999 -9999
1.24759E-1 1.01885E-1 1.03634E-1 1.20949E-1 1.10243E-1 1.47743E-1 2.24076E-1 1.74743E-1 1.1977E-1 1.20556E-1 1.18058E-1 1.18503E-1 1.29716E-1 1.15032E-1 1.23146E-1 1.56076E-1 1.15779E-1 1.3762E-1 1.37185E-1 1.54191E-1 1.88752E-1 1.88418E-1 1.81278E-1 1.897E-1 2.66852E-1 2.59277E-1 2.19557E-1 2.2065E-1 3.85027E-1 3.18453E-1 2.67093E-1 3.07334E-1 3.4238E-1 4.12257E-1 4.52532E-1 4.27911E-1 3.69918E-1 5.27204E-1 6.31453E-1 6.19079E-1 4.76767E-1 6.37553E-1 6.91745E-1 6.42964E-1 7.22916E-1 7.59355E-1 7.79557E-1 7.77931E-1 7.85523E-1 7.83461E-1 7.58503E-1 8.46109E-1 8.15936E-1 6.43401E-1 4.44162E-1 4.87768E-1 6.05323E-1 7.73832E-1 7.88153E-1 5.50983E-1 4.26996E-1 4.44628E-1 4.22605E-1 4.26173E-1 4.56591E-1 7.72989E-1 6.19114E-1 -9999 -9999 -9999 -9999 -9999
1.12625E-1 1.39433E-1 1.09018E-1 9.08082E-2 1.09637E-1 1.24594E-1 1.7809E-1 2.20446E-1 1.51392E-1 1.74686E-1 1.53606E-1 1.3721E-1 1.35113E-1 1.15631E-1 1.25296E-1 1.11878E-1 8.78315E-2 1.09401E-1 9.86383E-2 1.18568E-1 1.22299E-1 1.42594E-1 1.79111E-1 1.92924E-1 1.81573E-1 1.52453E-1 1.48329E-1 1.77604E-1 3.39098E-1 3.21253E-1 3.58263E-1 3.92503E-1 4.30077E-1 3.7523E-1 4.13788E-1 4.48443E-1 3.87963E-1 5.12306E-1 6.37668E-1 5.26106E-1 4.0259E-1 5.17378E-1 6.51879E-1 5.94851E-1 7.01694E-1 5.96198E-1 4.79244E-1 6.94878E-1 8.14051E-1 8.15741E-1 8.44891E-1 8.36327E-1 8.65018E-1 8.16956E-1 5.94268E-1 4.83328E-1 4.11628E-1 5.5087E-1 7.17757E-1 7.69008E-1 7.71144E-1 6.07669E-1 4.56797E-1 4.6867E-1 6.1182E-1 6.19641E-1 -9999 -9999 -9999 -9999 -9999 -9999
1.00035E-1 9.86761E-2 1.43E-1 1.21751E-1 1.43671E-1 1.11714E-1 1.31651E-1 1.8732E-1 2.20911E-1 1.8251E-1 2.29076E-1 1.95279E-1 1.40697E-1 1.32535E-1 1.6025E-1 1.18559E-1 7.18441E-2 1.20673E-1 1.09253E-1 1.19995E-1 1.44232E-1 1.47314E-1 1.10508E-1 1.08779E-1 1.16458E-1 1.1562E-1 1.40455E-1 1.755E-1 2.42425E-1 2.44189E-1 2.07515E-1 2.95522E-1 2.40311E-1 3.6161E-1 4.49485E-1 5.28842E-1 4.66811E-1 5.32097E-1 5.47143E-1 5.81969E-1 4.3884E-1 4.03827E-1 5.29267E-1 6.16442E-1 4.69055E-1 5.35479E-1 4.2331E-1 4.00937E-1 6.13212E-1 7.25443E-1 7.47903E-1 7.56943E-1 7.58215E-1 8.48388E-1 8.09583E-1 6.65817E-1 5.20952E-1 6.33739E-1 8.22846E-1 8.43461E-1 9.06505E-1 9.17372E-1 8.9037E-1 7.94797E-1 7.7788E-1 7.14434E-1 9.0041E-1 8.98926E-1 8.5768E-1 8.72055E-1 9.61151E-1 9.27184E-1
1.51205E-1 1.40041E-1 1.93061E-1 2.39182E-1 2.35018E-1 1.70583E-1 1.22588E-1 1.15125E-1 1.93377E-1 2.42912E-1 2.40028E-1 2.30169E-1 2.09209E-1 1.62282E-1 1.26059E-1 9.23054E-2 1.11966E-1 1.21863E-1 1.07073E-1 1.4534E-1 1.39715E-1 1.52545E-1 1.13849E-1 1.21E-1 1.22437E-1 1.43687E-1 1.53946E-1 1.58915E-1 1.5765E-1 1.51148E-1 1.82265E-1 2.25111E-1 1.7846E-1 2.28498E-1 2.42674E-1 4.02136E-1 4.68678E-1 5.2253E-1 5.45253E-1 5.17829E-1 4.62377E-1 3.9281E-1 5.44652E-1 4.95408E-1 4.92821E-1 3.69779E-1 3.12759E-1 3.03479E-1 4.59382E-1 4.09014E-1 4.29435E-1 3.87865E-1 4.25378E-1 6.51499E-1 7.52335E-1 8.51509E-1 8.28627E-1 7.728E-1 7.93837E-1 8.03763E-1 8.91106E-1 8.80884E-1 8.84862E-1 6.87479E-1 6.95433E-1 8.16367E-1 8.44605E-1 9.23274E-1 9.00065E-1 9.27647E-1 9.45635E-1 6.9465E-1
1.64882E-1 1.64698E-1 1.85404E-1 1.7546E-1 1.41448E-1 1.53136E-1 1.46299E-1 1.74477E-1 1.32066E-1 1.98088E-1 2.64443E-1 2.55909E-1 2.38394E-1 1.94182E-1 1.8621E-1 1.5101E-1 1.40427E-1 1.27649E-1 1.15592E-1 1.4846E-1 1.33415E-1 1.45699E-1 1.22721E-1 1.40505E-1 1.51602E-1 1.44476E-1 1.60314E-1 1.54842E-1 1.80089E-1 1.92974E-1 2.22707E-1 1.93149E-1 1.85539E-1 2.03737E-1 2.73398E-1 3.78857E-1 4.56655E-1 4.52585E-1 3.85578E-1 4.53255E-1 4.69427E-1 3.62756E-1 4.29818E-1 4.01088E-1 4.3043E-1 3.84487E-1 3.29663E-1 3.08438E-1 3.36495E-1 3.90425E-1 4.46031E-1 4.22159E-1 3.88217E-1 4.17806E-1 4.77895E-1 6.81407E-1 7.59296E-1 6.45357E-1 6.4478E-1 5.99597E-1 6.90688E-1 7.47159E-1 8.49676E-1 7.45247E-1 7.28823E-1 6.8629E-1 8.20069E-1 9.29351E-1 9.33636E-1 9.33551E-1 9.51027E-1 9.27436E-1
1.32611E-1 1.5844E-1 1.66339E-1 1.8613E-1 1.87056E-1 2.12877E-1 1.9489E-1 1.94927E-1 2.10023E-1 2.2731E-1 1.69348E-1 2.53487E-1 2.71861E-1 2.5867E-1 2.60485E-1 2.61774E-1 2.30715E-1 1.49489E-1 1.41849E-1 1.42029E-1 1.38794E-1 1.21774E-1 1.17329E-1 1.46925E-1 1.48758E-1 1.4841E-1 1.91383E-1 2.06503E-1 2.65031E-1 2.80986E-1 3.11123E-1 2.99031E-1 2.80742E-1 2.6496E-1 2.37041E-1 2.58359E-1 3.54402E-1 4.23267E-1 2.96177E-1 2.43564E-1 2.91383E-1 4.00156E-1 2.75884E-1 3.40863E-1 3.40946E-1 3.06817E-1 3.38565E-1 2.8537E-1 2.8925E-1 3.48538E-1 3.934E-1 4.14137E-1 4.34761E-1 3.92462E-1 4.11715E-1 4.53035E-1 6.74968E-1 6.85054E-1 5.74092E-1 5.91549E-1 6.08378E-1 6.55545E-1 7.53083E-1 8.16177E-1 8.00162E-1 7.5647E-1 7.70986E-1 9.04601E-1 9.30224E-1 8.95094E-1 8.08243E-1 7.81389E-1
1.93126E-1 2.28759E-1 2.17941E-1 2.36831E-1 2.49821E-1 2.52601E-1 2.61015E-1 2.56496E-1 2.58732E-1 3.00588E-1 2.37419E-1 1.81031E-1 1.59134E-1 1.82009E-1 1.9033E-1 2.39784E-1 2.33305E-1 1.98598E-1 2.33111E-1 1.88473E-1 1.69597E-1 1.42125E-1 1.529E-1 1.68997E-1 1.94595E-1 2.21E-1 2.66897E-1 3.01121E-1 3.61383E-1 3.47384E-1 3.30925E-1 3.34009E-1 3.67667E-1 3.69482E-1 3.54888E-1 4.0087E-1 4.32495E-1 4.71952E-1 2.68575E-1 2.91871E-1 3.72274E-1 3.61801E-1 3.02775E-1 3.27405E-1 3.42991E-1 3.4451E-1 3.27935E-1 2.88213E-1 3.04261E-1 3.20323E-1 3.51513E-1 3.54906E-1 3.98628E-1 4.41597E-1 4.37901E-1 4.52756E-1 5.14221E-1 5.64029E-1 6.40416E-1 7.24852E-1 7.4683E-1 7.29933E-1 7.63525E-1 8.08822E-1 8.73821E-1 8.6681E-1 9.10624E-1 9.05993E-1 8.7579E-1 6.04901E-1 4.85118E-1 6.10779E-1
1.79672E-1 2.34397E-1 2.47815E-1 2.45802E-1 2.73493E-1 2.7482E-1 2.81586E-1 2.80892E-1 3.09091E-1 3.28825E-1 3.39486E-1 2.82286E-1 2.60169E-1 2.2256E-1 1.80426E-1 1.96587E-1 1.98015E-1 2.11576E-1 2.55227E-1 2.5258E-1 2.35697E-1 2.59583E-1 2.37688E-1 2.45077E-1 2.69296E-1 3.1107E-1 2.92358E-1 3.07368E-1 3.22876E-1 2.98738E-1 2.86295E-1 3.224E-1 3.30177E-1 3.05806E-1 3.03824E-1 3.7594E-1 4.18148E-1 4.87859E-1 4.15942E-1 3.7098E-1 3.17814E-1 3.52545E-1 2.84206E-1 3.09633E-1 3.6038E-1 3.77073E-1 3.94955E-1 3.16379E-1 3.32584E-1 3.19507E-1 4.08343E-1 4.65322E-1 4.09561E-1 4.00532E-1 4.23512E-1 4.25762E-1 4.05361E-1 4.14893E-1 5.11601E-1 5.92502E-1 6.21514E-1 6.97131E-1 7.68606E-1 8.55999E-1 8.73836E-1 8.61037E-1 9.04012E-1 9.16178E-1 8.94859E-1 6.85461E-1 5.62948E-1 5.52207E-1
2.5451E-1 2.58659E-1 2.61693E-1 2.60525E-1 2.63727E-1 2.96083E-1 2.97413E-1 2.93934E-1 3.13953E-1 3.53737E-1 3.56481E-1 3.20411E-1 3.13682E-1 3.20221E-1 2.88225E-1 2.31007E-1 1.79823E-1 2.03682E-1 2.51673E-1 2.72753E-1 2.73377E-1 2.94858E-1 3.02404E-1 2.63823E-1 3.01859E-1 3.2675E-1 3.33687E-1 3.52112E-1 3.23855E-1 3.37131E-1 3.52936E-1 3.18872E-1 3.82466E-1 3.15994E-1 3.26211E-1 3.67792E-1 3.84847E-1 4.42669E-1 3.9926E-1 3.49818E-1 2.88134E-1 2.64689E-1 2.68753E-1 3.11403E-1 3.60376E-1 4.06427E-1 3.66447E-1 3.19909E-1 2.83391E-1 3.57812E-1 3.61216E-1 4.22751E-1 4.47547E-1 3.90681E-1 3.48621E-1 4.09005E-1 4.53574E-1 4.13322E-1 3.5772E-1 5.22157E-1 6.04783E-1 6.21765E-1 6.89864E-1 8.11157E-1 8.54694E-1 8.6448E-1 8.90803E-1 8.95288E-1 8.8016E-1 7.78094E-1 5.85284E-1 4.34707E-1
2.73956E-1 2.52165E-1 2.57226E-1 2.86924E-1 2.81795E-1 2.89671E-1 3.04716E-1 3.25506E-1 3.38041E-1 3.37491E-1 3.44574E-1 3.36533E-1 3.25143E-1 3.23352E-1 3.10095E-1 3.20863E-1 3.08537E-1 2.20008E-1 1.93532E-1 2.71419E-1 2.88433E-1 3.17677E-1 2.83513E-1 2.89783E-1 3.17155E-1 3.60399E-1 3.96019E-1 3.74717E-1 3.71941E-1 3.99476E-1 3.66632E-1 3.53875E-1 3.66627E-1 3.0589E-1 3.59226E-1 3.98779E-1 3.87826E-1 4.23072E-1 3.5922E-1 2.87642E-1 2.66713E-1 2.2881E-1 2.76471E-1 2.82366E-1 2.99559E-1 3.75669E-1 3.67212E-1 3.19958E-1 3.24999E-1 3.15785E-1 2.90224E-1 3.19802E-1 4.48184E-1 4.70743E-1 4.37045E-1 4.04855E-1 4.39869E-1 4.66502E-1 3.9779E-1 4.80228E-1 4.21866E-1 5.29868E-1 7.43548E-1 7.38649E-1 7.56458E-1 8.25611E-1 8.7666E-1 8.66052E-1 8.68654E-1 8.56112E-1 8.5246E-1 7.99907E-1
2.77888E-1 2.84609E-1 2.78675E-1 2.86229E-1 3.12696E-1 3.26517E-1 3.38748E-1 3.28725E-1 3.33041E-1 3.38469E-1 3.4526E-1 3.48152E-1 3.42917E-1 3.51803E-1 3.55153E-1 3.37258E-1 3.30627E-1 3.28986E-1 2.95356E-1 2.35705E-1 3.01686E-1 2.923E-1 2.84655E-1 2.95266E-1 2.78959E-1 2.75252E-1 3.22198E-1 3.24995E-1 3.57074E-1 3.63342E-1 3.52677E-1 3.68105E-1 3.66203E-1 3.9919E-1 4.25606E-1 4.03017E-1 3.05191E-1 3.56433E-1 4.00667E-1 2.74686E-1 2.15476E-1 2.24946E-1 2.50995E-1 2.24514E-1 2.72177E-1 3.60087E-1 3.98217E-1 3.68627E-1 3.47353E-1 3.18233E-1 3.48742E-1 3.32914E-1 4.24352E-1 3.79041E-1 3.9131E-1 3.7303E-1 3.85843E-1 3.5562E-1 3.49362E-1 3.67026E-1 4.67824E-1 5.31848E-1 6.61293E-1 6.08995E-1 6.51597E-1 7.1095E-1 8.24456E-1 8.51131E-1 8.52546E-1 8.41887E-1 8.38529E-1 8.24357E-1
