Artocarpus altilis SDM files/MIS19/results (without bias file)/Artalt_min.asc
ncols         1201
nrows         481
xllcorner     119.99986351115
yllcorner     -15.00013828885
cellsize      0.041666667
NODATA_value  -9999
[rows 448 to 479 of 481, columns 504 to 575 of 1201]
-9999 -9999 -9999 -9999 -9999 -9999 -9999 -9999 -9999 -9999 -9999 -9999 1.69164E-2 1.84374E-2 1.63927E-2 1.62791E-2 1.8435E-2 1.86864E-2 1.72903E-2 1.7254E-2 2.20931E-2 2.34697E-2 2.53086E-2 2.74862E-2 3.01808E-2 3.25042E-2 3.2138E-2 2.68481E-2 2.47075E-2 2.47369E-2 2.66197E-2 2.48592E-2 2.41057E-2 2.4609E-2 2.30626E-2 2.33604E-2 2.21471E-2 2.32194E-2 2.41045E-2 2.14422E-2 2.21707E-2 2.20002E-2 2.05836E-2 2.03439E-2 1.73007E-2 1.72096E-2 1.60124E-2 1.66943E-2 1.8034E-2 1.7666E-2 1.81519E-2 1.78176E-2 1.7678E-2 1.64388E-2 1.22535E-2 1.18434E-2 1.21117E-2 1.73658E-2 1.68833E-2 2.4857E-2 2.6522E-2 2.86451E-2 -9999 -9999 3.21037E-2 3.35394E-2 -9999 -9999 -9999 -9999 -9999 -9999
-9999 -9999 -9999 -9999 -9999 -9999 -9999 -9999 -9999 -9999 -9999 1.69439E-2 1.71994E-2 1.77828E-2 1.63448E-2 1.61076E-2 1.78812E-2 1.77286E-2 1.68926E-2 1.65437E-2 2.03152E-2 2.14116E-2 2.6343E-2 2.69592E-2 2.88255E-2 2.85909E-2 2.71871E-2 2.46379E-2 2.41955E-2 2.41231E-2 2.29066E-2 2.59349E-2 2.56679E-2 2.41489E-2 2.34323E-2 2.23602E-2 2.05683E-2 2.15821E-2 2.31908E-2 2.17325E-2 2.10869E-2 2.01458E-2 2.03811E-2 1.92154E-2 1.75572E-2 1.59997E-2 1.57924E-2 1.66811E-2 1.72599E-2 1.73727E-2 1.73727E-2 1.67902E-2 1.60394E-2 1.55095E-2 1.3522E-2 1.14251E-2 1.13114E-2 1.26514E-2 1.68793E-2 2.43324E-2 2.5162E-2 2.53371E-2 -9999 -9999 3.02789E-2 -9999 -9999 -9999 -9999 -9999 -9999 -9999
-9999 -9999 -9999 -9999 -9999 -9999 -9999 -9999 -9999 -9999 -9999 1.69912E-2 1.73589E-2 1.8658E-2 1.70062E-2 1.53383E-2 1.77251E-2 1.62763E-2 1.8418E-2 1.82844E-2 1.86377E-2 2.04459E-2 2.09257E-2 2.14167E-2 2.31362E-2 2.25617E-2 2.41274E-2 2.3694E-2 2.49704E-2 2.50001E-2 2.66786E-2 2.50801E-2 2.24483E-2 2.27787E-2 2.26908E-2 2.17058E-2 1.97596E-2 2.0574E-2 2.11519E-2 2.03399E-2 1.94832E-2 1.8781E-2 1.95555E-2 1.85869E-2 1.74725E-2 1.67327E-2 1.63911E-2 1.58412E-2 1.57799E-2 1.57188E-2 1.58217E-2 1.61116E-2 1.53908E-2 1.40203E-2 1.25563E-2 1.03682E-2 1.08347E-2 1.03243E-2 1.43395E-2 2.21669E-2 2.4631E-2 -9999 -9999 -9999 -9999 -9999 -9999 -9999 -9999 -9999 -9999 -9999
-9999 -9999 -9999 -9999 -9999 -9999 -9999 -9999 -9999 -9999 -9999 1.77684E-2 1.65765E-2 1.46862E-2 1.62141E-2 1.51465E-2 1.68578E-2 1.59255E-2 1.98053E-2 1.79064E-2 2.04773E-2 1.95534E-2 1.99286E-2 1.91093E-2 1.84779E-2 1.89084E-2 2.08888E-2 2.1559E-2 2.12894E-2 2.13148E-2 2.23705E-2 2.27658E-2 2.40934E-2 2.35045E-2 2.20268E-2 2.0963E-2 2.02613E-2 2.01548E-2 2.0827E-2 2.0192E-2 1.86936E-2 1.83011E-2 1.90325E-2 1.79026E-2 1.70832E-2 1.67035E-2 1.52598E-2 1.45768E-2 1.51018E-2 1.52195E-2 1.50509E-2 1.39438E-2 9.92547E-3 9.45809E-3 1.01724E-2 1.10139E-2 1.03497E-2 9.99489E-3 1.46724E-2 2.10278E-2 2.30367E-2 -9999 -9999 2.44757E-2 -9999 -9999 -9999 -9999 -9999 -9999 -9999 -9999
-9999 -9999 -9999 -9999 -9999 -9999 -9999 -9999 -9999 -9999 -9999 1.74751E-2 1.58999E-2 1.41494E-2 1.63212E-2 1.4809E-2 1.63226E-2 1.63001E-2 1.86746E-2 1.85596E-2 1.97182E-2 2.01811E-2 1.89459E-2 1.80146E-2 1.74684E-2 1.81058E-2 1.82804E-2 1.69237E-2 1.60673E-2 1.80027E-2 1.77772E-2 1.68071E-2 1.78654E-2 1.89896E-2 1.93257E-2 1.91641E-2 1.96434E-2 1.93144E-2 1.98572E-2 1.89705E-2 1.88241E-2 1.74694E-2 1.74018E-2 1.70227E-2 1.64315E-2 1.56551E-2 1.53855E-2 1.51861E-2 1.44323E-2 1.38593E-2 1.38593E-2 1.29278E-2 8.75795E-3 9.19495E-3 9.79094E-3 1.03416E-2 9.73805E-3 9.30312E-3 1.50341E-2 1.90293E-2 2.06885E-2 2.19651E-2 -9999 -9999 -9999 -9999 -9999 -9999 -9999 -9999 -9999 -9999
-9999 -9999 -9999 -9999 -9999 -9999 -9999 -9999 -9999 -9999 -9999 1.7253E-2 1.5829E-2 1.4133E-2 1.74515E-2 1.43089E-2 1.41655E-2 1.58939E-2 1.47347E-2 1.79462E-2 1.6992E-2 1.96792E-2 1.89494E-2 1.98462E-2 2.07427E-2 1.96969E-2 1.94504E-2 1.76894E-2 1.7852E-2 1.90695E-2 1.76416E-2 1.56903E-2 1.54174E-2 1.46983E-2 1.37683E-2 1.48962E-2 1.81709E-2 1.86788E-2 1.85347E-2 1.82015E-2 1.72325E-2 1.59716E-2 1.60734E-2 1.70227E-2 1.57036E-2 1.50381E-2 1.51082E-2 1.48866E-2 1.37136E-2 1.32281E-2 1.23715E-2 1.09774E-2 9.61323E-3 8.46138E-3 9.04704E-3 9.54078E-3 8.99229E-3 1.27241E-2 1.45064E-2 1.77473E-2 1.96488E-2 2.07267E-2 2.04875E-2 -9999 -9999 2.2394E-2 -9999 -9999 -9999 -9999 -9999 -9999
-9999 -9999 -9999 -9999 -9999 -9999 -9999 -9999 -9999 -9999 -9999 1.67705E-2 1.48755E-2 1.40771E-2 1.28659E-2 1.41823E-2 1.37541E-2 1.45175E-2 1.76079E-2 1.7796E-2 1.66385E-2 1.79026E-2 1.96403E-2 1.90302E-2 1.97239E-2 2.04427E-2 1.8729E-2 1.78783E-2 1.80427E-2 2.04697E-2 1.99606E-2 1.59921E-2 1.4907E-2 1.62638E-2 1.51714E-2 1.43322E-2 1.4784E-2 1.54766E-2 1.56041E-2 1.70332E-2 1.6771E-2 1.5959E-2 1.54426E-2 1.60607E-2 1.58134E-2 1.52236E-2 1.42626E-2 1.37837E-2 1.3588E-2 1.30399E-2 1.14074E-2 8.97264E-3 9.75771E-3 8.06264E-3 8.37321E-3 8.72987E-3 8.21992E-3 1.64434E-2 1.71464E-2 1.73929E-2 1.83967E-2 1.98382E-2 1.92331E-2 -9999 -9999 -9999 -9999 2.24808E-2 -9999 -9999 -9999 -9999
-9999 -9999 -9999 -9999 -9999 -9999 -9999 -9999 -9999 -9999 -9999 1.61132E-2 1.41815E-2 1.34957E-2 1.24161E-2 1.32689E-2 1.2509E-2 1.5048E-2 1.395E-2 1.7426E-2 1.60881E-2 1.80179E-2 1.87537E-2 1.99739E-2 2.05287E-2 1.98509E-2 1.83398E-2 1.82847E-2 2.0586E-2 1.999E-2 1.70117E-2 1.5528E-2 1.81593E-2 1.79689E-2 1.53983E-2 1.51578E-2 1.5723E-2 1.52828E-2 1.59366E-2 1.61957E-2 1.49106E-2 1.33057E-2 1.40856E-2 1.46827E-2 1.40081E-2 1.38093E-2 1.37728E-2 1.36662E-2 1.31049E-2 1.19885E-2 1.16451E-2 1.11366E-2 7.366E-3 8.85991E-3 7.6538E-3 8.17328E-3 7.87736E-3 1.53153E-2 1.59087E-2 1.62632E-2 1.73362E-2 1.87912E-2 1.79375E-2 -9999 -9999 2.06049E-2 1.95333E-2 -9999 -9999 -9999 -9999 -9999
-9999 -9999 -9999 -9999 -9999 -9999 -9999 -9999 -9999 -9999 -9999 1.60993E-2 1.43948E-2 1.36415E-2 1.1982E-2 1.30473E-2 1.23E-2 1.3458E-2 1.35449E-2 1.54561E-2 1.59533E-2 1.89119E-2 1.71318E-2 1.856E-2 1.79466E-2 1.79078E-2 1.86919E-2 1.86358E-2 1.94782E-2 1.62991E-2 1.57484E-2 1.56941E-2 1.72663E-2 1.705E-2 1.57743E-2 1.51058E-2 1.62559E-2 1.52115E-2 1.52518E-2 1.49218E-2 1.42857E-2 1.42714E-2 1.30725E-2 1.29713E-2 1.30932E-2 1.27217E-2 1.32832E-2 1.23476E-2 1.23708E-2 1.14866E-2 1.00485E-2 1.05335E-2 1.00343E-2 9.03093E-3 8.18084E-3 7.47178E-3 9.52918E-3 1.46002E-2 1.51073E-2 1.59381E-2 1.62302E-2 1.67934E-2 1.70349E-2 1.7101E-2 -9999 -9999 -9999 -9999 -9999 2.1554E-2 -9999 -9999
-9999 -9999 -9999 -9999 -9999 -9999 -9999 -9999 -9999 -9999 -9999 -9999 1.45714E-2 1.59886E-2 1.41823E-2 1.26681E-2 1.19929E-2 1.42468E-2 1.33186E-2 1.22941E-2 1.56872E-2 1.65726E-2 1.45753E-2 1.82508E-2 1.74998E-2 1.59855E-2 1.71708E-2 1.76985E-2 1.65303E-2 1.55622E-2 1.6978E-2 1.71342E-2 1.81365E-2 1.66253E-2 1.66489E-2 1.55575E-2 1.54182E-2 1.5299E-2 1.45396E-2 1.45012E-2 1.43621E-2 1.36916E-2 1.31455E-2 1.30276E-2 1.17796E-2 1.23476E-2 1.22368E-2 1.15671E-2 1.18307E-2 1.0752E-2 9.59003E-3 8.58665E-3 9.0758E-3 9.16948E-3 9.72512E-3 8.62939E-3 8.32846E-3 1.17371E-2 1.40877E-2 1.47869E-2 1.51353E-2 1.61346E-2 1.60099E-2 1.63869E-2 1.64506E-2 -9999 -9999 -9999 -9999 -9999 -9999 -9999
-9999 -9999 -9999 -9999 -9999 -9999 -9999 -9999 -9999 -9999 -9999 -9999 -9999 1.24715E-2 1.36868E-2 1.27216E-2 1.13534E-2 1.30121E-2 1.29862E-2 1.2906E-2 1.56561E-2 1.5011E-2 1.50444E-2 1.43035E-2 1.46012E-2 1.51347E-2 1.52937E-2 1.61671E-2 1.65473E-2 1.57168E-2 1.47338E-2 1.66373E-2 1.62912E-2 1.66498E-2 1.75281E-2 1.61075E-2 1.53484E-2 1.45711E-2 1.39859E-2 1.43397E-2 1.41564E-2 1.37822E-2 1.33094E-2 1.30239E-2 1.2187E-2 1.16482E-2 1.17246E-2 1.1069E-2 1.04094E-2 1.03014E-2 9.50812E-3 8.32698E-3 8.43531E-3 8.70611E-3 9.33486E-3 9.26246E-3 9.0686E-3 1.11586E-2 1.34818E-2 1.41138E-2 1.38253E-2 1.41512E-2 1.52224E-2 1.52816E-2 1.58862E-2 -9999 -9999 -9999 -9999 -9999 -9999 -9999
-9999 -9999 -9999 -9999 -9999 -9999 -9999 -9999 -9999 -9999 -9999 -9999 -9999 1.1982E-2 1.11584E-2 1.2509E-2 1.14013E-2 1.10478E-2 1.24505E-2 1.2637E-2 1.16646E-2 1.09037E-2 1.27632E-2 1.23402E-2 1.34488E-2 1.32511E-2 1.40279E-2 1.43384E-2 1.41585E-2 1.33906E-2 1.46829E-2 1.61664E-2 1.65919E-2 1.66043E-2 1.42673E-2 1.34875E-2 1.29121E-2 1.25278E-2 1.39379E-2 1.40903E-2 1.38718E-2 1.28448E-2 1.22828E-2 1.17091E-2 1.1162E-2 1.07698E-2 1.0413E-2 1.05232E-2 9.46207E-3 9.53762E-3 9.37351E-3 8.99112E-3 8.56475E-3 8.56475E-3 8.87418E-3 9.68995E-3 9.56559E-3 1.14838E-2 1.27186E-2 1.24738E-2 1.34023E-2 1.35068E-2 1.36651E-2 1.4757E-2 1.52224E-2 -9999 -9999 -9999 -9999 -9999 -9999 -9999
-9999 -9999 -9999 -9999 -9999 -9999 -9999 -9999 -9999 -9999 -9999 -9999 -9999 -9999 1.25383E-2 1.2509E-2 1.11165E-2 1.10478E-2 9.98423E-3 1.1348E-2 1.04302E-2 1.24169E-2 1.1755E-2 1.10347E-2 1.22311E-2 1.26253E-2 1.26511E-2 1.32066E-2 1.38636E-2 1.47555E-2 1.63958E-2 1.45201E-2 1.44591E-2 1.27497E-2 1.16355E-2 1.18422E-2 1.19012E-2 1.3653E-2 1.40726E-2 1.29727E-2 1.21624E-2 1.24166E-2 1.22924E-2 1.07949E-2 1.05432E-2 1.03137E-2 9.09792E-3 9.66757E-3 9.1735E-3 9.40614E-3 9.15346E-3 8.94907E-3 8.92537E-3 8.45855E-3 8.71927E-3 9.78819E-3 1.08888E-2 1.09177E-2 1.18592E-2 1.17985E-2 1.2497E-2 1.26771E-2 1.29418E-2 1.40852E-2 1.39762E-2 -9999 -9999 -9999 -9999 -9999 -9999 -9999
-9999 -9999 -9999 -9999 -9999 -9999 -9999 -9999 -9999 -9999 -9999 -9999 -9999 -9999 1.25383E-2 1.20944E-2 1.07026E-2 1.00041E-2 9.39058E-3 1.02761E-2 9.76885E-3 9.16967E-3 1.08717E-2 1.09882E-2 1.17264E-2 1.14818E-2 1.21803E-2 1.26618E-2 1.40119E-2 1.47707E-2 1.30305E-2 1.1486E-2 1.09493E-2 1.17158E-2 1.17883E-2 1.18141E-2 1.13319E-2 1.22376E-2 1.32479E-2 1.15515E-2 1.10118E-2 1.12421E-2 1.10701E-2 1.02094E-2 9.62324E-3 9.25414E-3 8.60493E-3 8.92688E-3 9.50906E-3 9.39867E-3 9.08892E-3 8.76957E-3 8.57785E-3 8.23615E-3 7.91798E-3 8.49005E-3 9.86292E-3 1.07406E-2 1.12309E-2 1.11301E-2 1.13046E-2 1.1217E-2 1.20206E-2 1.20674E-2 1.25513E-2 -9999 -9999 -9999 -9999 -9999 -9999 -9999
-9999 -9999 -9999 -9999 -9999 -9999 -9999 -9999 -9999 -9999 -9999 -9999 -9999 -9999 1.23244E-2 1.17428E-2 9.56946E-3 9.21283E-3 8.53878E-3 9.12888E-3 8.95819E-3 1.02688E-2 1.04668E-2 1.00769E-2 1.15303E-2 1.10078E-2 1.14108E-2 1.23108E-2 1.20375E-2 1.17243E-2 1.2402E-2 1.17553E-2 1.14052E-2 1.20274E-2 1.07059E-2 9.72827E-3 1.0539E-2 1.18295E-2 1.25829E-2 1.12353E-2 1.12599E-2 1.06444E-2 1.00843E-2 9.5242E-3 9.6936E-3 9.11204E-3 7.48662E-3 8.72465E-3 8.92378E-3 9.05323E-3 8.661E-3 8.59365E-3 7.94818E-3 8.2194E-3 7.55634E-3 7.40136E-3 7.69886E-3 9.62764E-3 1.01066E-2 9.64122E-3 9.97696E-3 1.00941E-2 1.02126E-2 1.08311E-2 1.20259E-2 1.23E-2 1.31237E-2 1.25413E-2 -9999 -9999 -9999 -9999
-9999 -9999 -9999 -9999 -9999 -9999 -9999 -9999 -9999 -9999 -9999 -9999 -9999 -9999 9.71761E-3 1.03245E-2 8.84968E-3 8.30664E-3 9.40258E-3 8.75157E-3 1.01171E-2 9.96999E-3 9.51784E-3 9.00973E-3 1.04413E-2 1.01804E-2 1.00305E-2 1.0375E-2 1.08739E-2 1.06478E-2 1.08419E-2 1.07752E-2 1.15295E-2 1.06994E-2 1.01678E-2 1.04678E-2 1.13748E-2 1.26066E-2 1.22764E-2 1.07323E-2 9.57737E-3 9.54784E-3 9.7477E-3 1.02035E-2 9.97929E-3 7.5531E-3 6.34852E-3 8.61794E-3 8.17729E-3 8.50687E-3 7.89786E-3 8.03539E-3 7.77352E-3 7.42435E-3 7.40467E-3 7.03577E-3 6.27427E-3 7.24256E-3 9.15258E-3 9.39794E-3 9.48475E-3 9.55887E-3 9.49653E-3 1.04632E-2 1.12131E-2 1.14778E-2 -9999 -9999 -9999 -9999 -9999 -9999
-9999 -9999 -9999 -9999 -9999 -9999 -9999 -9999 -9999 -9999 -9999 -9999 -9999 9.92019E-3 1.0928E-2 9.46791E-3 8.7015E-3 7.99688E-3 9.32356E-3 8.53268E-3 8.14545E-3 9.18139E-3 8.76485E-3 9.19774E-3 9.45466E-3 9.10229E-3 9.21387E-3 8.90616E-3 9.39808E-3 9.75953E-3 9.22148E-3 9.29899E-3 9.18485E-3 9.17665E-3 1.04614E-2 1.11939E-2 1.2126E-2 1.24101E-2 1.08204E-2 9.57154E-3 9.06772E-3 8.82454E-3 9.96752E-3 1.00896E-2 7.8778E-3 8.67885E-3 7.08195E-3 6.525E-3 8.11747E-3 7.09839E-3 6.77671E-3 7.65313E-3 7.00283E-3 6.76683E-3 6.67044E-3 6.37066E-3 6.11568E-3 7.07835E-3 8.5331E-3 8.64555E-3 8.55576E-3 9.03913E-3 9.02791E-3 9.02791E-3 1.02934E-2 1.05776E-2 -9999 -9999 -9999 -9999 -9999 -9999
-9999 -9999 -9999 -9999 -9999 -9999 -9999 -9999 -9999 -9999 -9999 -9999 -9999 1.01889E-2 1.0928E-2 9.54816E-3 8.37708E-3 9.10855E-3 8.33583E-3 8.42529E-3 8.81947E-3 8.31331E-3 9.55379E-3 8.89236E-3 8.45311E-3 8.24889E-3 8.90616E-3 8.69383E-3 8.50788E-3 8.5568E-3 8.42566E-3 8.44418E-3 9.47943E-3 9.87442E-3 1.01122E-2 1.13508E-2 1.11427E-2 9.88728E-3 9.79615E-3 9.28056E-3 9.35856E-3 9.40812E-3 1.01758E-2 8.20607E-3 7.60608E-3 7.39907E-3 8.21204E-3 8.25556E-3 7.69982E-3 7.6973E-3 7.16735E-3 6.77101E-3 6.42449E-3 6.41542E-3 6.21647E-3 6.2827E-3 5.94629E-3 6.47657E-3 7.49711E-3 7.14133E-3 8.01759E-3 8.39453E-3 8.78912E-3 8.96189E-3 9.82384E-3 9.40793E-3 1.01785E-2 -9999 -9999 -9999 -9999 -9999
-9999 -9999 -9999 -9999 -9999 -9999 -9999 -9999 -9999 -9999 -9999 -9999 1.0009E-2 1.25547E-2 1.02581E-2 9.38834E-3 8.13311E-3 8.76902E-3 8.16169E-3 7.72569E-3 8.52659E-3 7.90254E-3 8.65065E-3 7.98378E-3 7.74923E-3 7.69189E-3 7.66816E-3 7.82159E-3 8.3259E-3 8.24543E-3 8.696E-3 9.17108E-3 9.70188E-3 8.42399E-3 8.93931E-3 8.49482E-3 8.95896E-3 9.06221E-3 8.81381E-3 9.0262E-3 8.99034E-3 9.56964E-3 8.90109E-3 7.45917E-3 6.94713E-3 6.44916E-3 6.40368E-3 5.63163E-3 6.60935E-3 5.62316E-3 6.35283E-3 6.17885E-3 6.15376E-3 6.01147E-3 4.79273E-3 5.68955E-3 5.83409E-3 5.82684E-3 5.60845E-3 7.04277E-3 7.51314E-3 7.68473E-3 8.01122E-3 7.67175E-3 8.55661E-3 8.64642E-3 9.63884E-3 -9999 -9999 -9999 -9999 -9999
-9999 -9999 -9999 -9999 -9999 -9999 -9999 -9999 -9999 -9999 -9999 -9999 1.05115E-2 1.17441E-2 1.0044E-2 8.4293E-3 7.48925E-3 8.51367E-3 8.02499E-3 7.53236E-3 8.41928E-3 7.67234E-3 7.35501E-3 7.95013E-3 7.60688E-3 7.96334E-3 7.96334E-3 8.26984E-3 7.92436E-3 8.46136E-3 7.7036E-3 7.56209E-3 7.53876E-3 7.1195E-3 7.68985E-3 7.64247E-3 7.73061E-3 8.17839E-3 7.83218E-3 8.41479E-3 8.43329E-3 8.94295E-3 7.81033E-3 6.77473E-3 6.28345E-3 5.86558E-3 5.18691E-3 4.77617E-3 5.5574E-3 5.21567E-3 5.66036E-3 6.197E-3 6.19907E-3 5.1589E-3 4.84457E-3 5.63917E-3 5.59703E-3 5.20786E-3 5.50261E-3 6.90995E-3 7.30519E-3 7.61902E-3 7.69989E-3 7.64876E-3 8.07107E-3 8.34863E-3 8.67326E-3 9.08088E-3 8.43333E-3 -9999 -9999 -9999
-9999 -9999 -9999 -9999 -9999 -9999 -9999 -9999 -9999 -9999 -9999 -9999 1.04183E-2 9.21721E-3 9.83437E-3 8.39378E-3 7.48925E-3 8.26574E-3 7.85732E-3 7.12986E-3 8.27828E-3 7.44881E-3 7.17092E-3 7.56001E-3 7.80268E-3 7.61216E-3 7.55584E-3 7.50928E-3 7.17325E-3 7.0851E-3 6.63221E-3 7.08196E-3 6.96711E-3 7.41653E-3 7.37083E-3 7.20664E-3 7.31887E-3 6.848E-3 6.48707E-3 6.34817E-3 6.89946E-3 7.27675E-3 7.121E-3 6.75035E-3 5.75373E-3 5.36349E-3 5.4231E-3 4.91353E-3 4.80484E-3 5.6094E-3 5.91373E-3 5.98081E-3 5.51661E-3 4.36331E-3 5.35686E-3 4.82991E-3 5.01571E-3 4.94419E-3 5.14318E-3 6.185E-3 6.88185E-3 7.23372E-3 7.12184E-3 7.14965E-3 8.00208E-3 7.75655E-3 8.70018E-3 8.43333E-3 8.48872E-3 8.79148E-3 8.82578E-3 9.0456E-3
-9999 -9999 -9999 -9999 -9999 -9999 -9999 -9999 -9999 -9999 -9999 -9999 9.7885E-3 1.11609E-2 9.58853E-3 8.14932E-3 7.39494E-3 8.09305E-3 7.62842E-3 6.72034E-3 7.93599E-3 6.88798E-3 6.50336E-3 7.37539E-3 6.75921E-3 6.70918E-3 6.54527E-3 6.34966E-3 6.6557E-3 6.91205E-3 6.86639E-3 7.28678E-3 7.17504E-3 6.30645E-3 6.26196E-3 6.68669E-3 6.19859E-3 6.68071E-3 6.27013E-3 5.93956E-3 6.0454E-3 6.25893E-3 6.22034E-3 6.52017E-3 5.61359E-3 4.99604E-3 5.98126E-3 3.72696E-3 5.44386E-3 5.12494E-3 5.90903E-3 4.99439E-3 4.01389E-3 4.50301E-3 4.52442E-3 4.31732E-3 4.70633E-3 4.50022E-3 4.37081E-3 4.45893E-3 6.17517E-3 6.21578E-3 6.77001E-3 6.683E-3 7.31624E-3 7.22223E-3 7.89302E-3 7.73116E-3 7.76134E-3 7.88322E-3 8.10112E-3 8.29267E-3
-9999 -9999 -9999 -9999 -9999 -9999 -9999 -9999 -9999 -9999 -9999 -9999 9.41377E-3 1.0521E-2 9.46791E-3 8.11498E-3 7.20986E-3 8.02499E-3 7.50062E-3 6.72034E-3 7.67234E-3 6.54741E-3 6.30535E-3 6.80113E-3 6.57373E-3 6.54527E-3 6.7764E-3 6.65186E-3 6.91205E-3 7.11198E-3 7.43162E-3 6.74789E-3 6.41489E-3 6.70331E-3 7.30788E-3 7.08546E-3 6.67068E-3 7.10105E-3 6.00446E-3 6.14937E-3 6.09258E-3 5.51797E-3 6.21478E-3 6.04419E-3 6.00693E-3 5.19016E-3 5.06992E-3 6.13251E-3 5.40878E-3 5.24473E-3 5.32073E-3 4.17558E-3 4.85796E-3 4.92726E-3 4.71448E-3 4.32101E-3 4.51422E-3 4.42074E-3 4.12928E-3 4.2902E-3 5.90757E-3 5.63998E-3 6.09851E-3 5.95009E-3 6.97332E-3 6.9258E-3 7.04422E-3 7.33251E-3 6.89467E-3 7.15672E-3 7.56776E-3 7.66827E-3
-9999 -9999 -9999 -9999 -9999 -9999 -9999 -9999 -9999 -9999 -9999 -9999 -9999 1.04768E-2 9.62908E-3 7.84541E-3 7.20986E-3 7.92396E-3 7.01038E-3 6.49694E-3 6.04649E-3 6.52349E-3 6.20861E-3 6.55344E-3 6.82693E-3 6.49745E-3 6.31913E-3 6.8021E-3 7.08594E-3 6.93426E-3 6.80683E-3 6.66496E-3 6.879E-3 6.51936E-3 6.83356E-3 6.86979E-3 7.31296E-3 6.84247E-3 6.92141E-3 7.21865E-3 6.43672E-3 6.28268E-3 6.64687E-3 6.18076E-3 6.29387E-3 5.16649E-3 4.69352E-3 5.55255E-3 5.68655E-3 4.28961E-3 3.80816E-3 5.1552E-3 5.13908E-3 4.48319E-3 4.4357E-3 4.4442E-3 4.2616E-3 4.30038E-3 3.96628E-3 4.07797E-3 5.45753E-3 5.02412E-3 5.79542E-3 6.18452E-3 6.30934E-3 6.48862E-3 6.26241E-3 6.2066E-3 6.37763E-3 6.61374E-3 6.63415E-3 6.97113E-3
-9999 -9999 -9999 -9999 -9999 -9999 -9999 -9999 -9999 -9999 -9999 -9999 -9999 1.03887E-2 9.75174E-3 7.99688E-3 7.22596E-3 6.03732E-3 6.66378E-3 6.22807E-3 5.77176E-3 6.26647E-3 6.46776E-3 6.29025E-3 5.98659E-3 6.28017E-3 6.14569E-3 5.9955E-3 6.02518E-3 5.89615E-3 6.16487E-3 6.07028E-3 6.30415E-3 6.20467E-3 6.62553E-3 6.94482E-3 6.51806E-3 6.17446E-3 5.81285E-3 6.18805E-3 6.22088E-3 6.37098E-3 6.42461E-3 6.59993E-3 5.61188E-3 5.24643E-3 4.74409E-3 5.55439E-3 3.87523E-3 3.82793E-3 5.28696E-3 4.76632E-3 3.40468E-3 3.01134E-3 3.08226E-3 4.0623E-3 3.55919E-3 3.92253E-3 3.69717E-3 4.97995E-3 5.26508E-3 5.49118E-3 5.23258E-3 5.63538E-3 5.55263E-3 5.60501E-3 5.3768E-3 5.20731E-3 5.80183E-3 5.55914E-3 6.01417E-3 6.01257E-3
-9999 -9999 -9999 -9999 -9999 -9999 -9999 -9999 -9999 -9999 -9999 -9999 -9999 1.01719E-2 1.0281E-2 7.56965E-3 6.54215E-3 5.91106E-3 6.57984E-3 5.89506E-3 5.63853E-3 5.36625E-3 6.04239E-3 5.71122E-3 6.04718E-3 5.84492E-3 5.59722E-3 5.62493E-3 5.95111E-3 5.76986E-3 5.58007E-3 5.52852E-3 5.63601E-3 5.6161E-3 6.05305E-3 5.86872E-3 5.89985E-3 6.28064E-3 5.84014E-3 5.96262E-3 5.95729E-3 6.00744E-3 6.87124E-3 5.80893E-3 5.03951E-3 5.35254E-3 5.85321E-3 5.22272E-3 3.77311E-3 4.17947E-3 5.06804E-3 3.54634E-3 3.25354E-3 3.2376E-3 2.96671E-3 3.28692E-3 3.15569E-3 3.77707E-3 3.53737E-3 4.54484E-3 5.16217E-3 5.16356E-3 4.77976E-3 5.10337E-3 4.98305E-3 5.14413E-3 4.84905E-3 4.95538E-3 5.42257E-3 5.26116E-3 5.06379E-3 4.98091E-3
-9999 -9999 -9999 -9999 -9999 -9999 -9999 -9999 -9999 -9999 -9999 -9999 -9999 9.87595E-3 9.60993E-3 7.53775E-3 7.07493E-3 5.83656E-3 6.55209E-3 5.79621E-3 5.62112E-3 5.33314E-3 5.6062E-3 5.48611E-3 5.82687E-3 5.73745E-3 5.44353E-3 5.32692E-3 5.36988E-3 5.19021E-3 5.39338E-3 5.75937E-3 5.48126E-3 5.4619E-3 5.37807E-3 5.40661E-3 5.38991E-3 5.41851E-3 5.66226E-3 5.78102E-3 6.12969E-3 6.48504E-3 5.56529E-3 5.62573E-3 4.99724E-3 5.12565E-3 5.52014E-3 4.31111E-3 4.28081E-3 4.89275E-3 4.90624E-3 3.39932E-3 3.16719E-3 2.96983E-3 2.54938E-3 2.74723E-3 2.60852E-3 3.66258E-3 3.75106E-3 4.43614E-3 4.7364E-3 4.66829E-3 4.50221E-3 4.70558E-3 4.65719E-3 4.56259E-3 4.3964E-3 4.2423E-3 4.82927E-3 4.81035E-3 4.82121E-3 4.74667E-3
-9999 -9999 -9999 -9999 -9999 -9999 -9999 -9999 -9999 -9999 -9999 -9999 -9999 9.71068E-3 8.5558E-3 7.53775E-3 6.95636E-3 5.81194E-3 6.6077E-3 5.94512E-3 5.48372E-3 5.13878E-3 5.58889E-3 5.40191E-3 5.04646E-3 5.71973E-3 5.60111E-3 5.11692E-3 5.19021E-3 5.34047E-3 5.26154E-3 5.39713E-3 5.74557E-3 5.29552E-3 5.11833E-3 5.5509E-3 5.52881E-3 5.81335E-3 5.52386E-3 5.45105E-3 5.78504E-3 5.79374E-3 5.09035E-3 5.18632E-3 4.90149E-3 5.30069E-3 5.03379E-3 3.61676E-3 4.1913E-3 4.47559E-3 4.48914E-3 3.48872E-3 3.79471E-3 3.21322E-3 2.85446E-3 3.76605E-3 3.14398E-3 3.72883E-3 3.92823E-3 3.87947E-3 4.08621E-3 4.06293E-3 4.06768E-3 4.06897E-3 4.31442E-3 4.15362E-3 4.11209E-3 3.96905E-3 4.3688E-3 4.42572E-3 4.22755E-3 4.29567E-3
-9999 -9999 -9999 -9999 -9999 -9999 -9999 -9999 -9999 -9999 -9999 -9999 -9999 7.12414E-3 8.37708E-3 7.13496E-3 6.61242E-3 6.07645E-3 4.99126E-3 5.67352E-3 5.38287E-3 4.65108E-3 5.6062E-3 5.20504E-3 4.99983E-3 5.51131E-3 5.16464E-3 5.14868E-3 4.95483E-3 5.22606E-3 5.39713E-3 5.23272E-3 5.23272E-3 5.10252E-3 5.21423E-3 5.11375E-3 5.24555E-3 5.06197E-3 5.30612E-3 5.74937E-3 5.91577E-3 5.62553E-3 5.1796E-3 4.89147E-3 4.80596E-3 5.18451E-3 4.36444E-3 3.1578E-3 3.89964E-3 4.13386E-3 3.42554E-3 2.67838E-3 3.6058E-3 2.73764E-3 2.60528E-3 3.4048E-3 3.58829E-3 3.37436E-3 3.5706E-3 3.84822E-3 4.07196E-3 3.77262E-3 3.57926E-3 3.97693E-3 3.72745E-3 3.63309E-3 3.64679E-3 3.52616E-3 3.78062E-3 3.86045E-3 3.78231E-3 3.81507E-3
-9999 -9999 -9999 -9999 -9999 -9999 -9999 -9999 -9999 -9999 -9999 -9999 -9999 6.94582E-3 8.5028E-3 7.49103E-3 6.44686E-3 5.70309E-3 5.0663E-3 5.43306E-3 5.25128E-3 4.98221E-3 5.67995E-3 5.37232E-3 4.92307E-3 5.22895E-3 5.41372E-3 5.26506E-3 5.17778E-3 5.4781E-3 5.23272E-3 5.13648E-3 5.042E-3 5.00866E-3 5.18567E-3 5.27811E-3 5.41413E-3 5.78152E-3 5.75851E-3 5.88864E-3 5.94028E-3 5.24186E-3 4.93061E-3 4.47202E-3 4.31199E-3 4.83217E-3 4.66539E-3 3.2576E-3 3.84812E-3 3.12659E-3 2.63362E-3 2.5997E-3 2.71684E-3 2.81251E-3 2.91215E-3 3.40986E-3 2.82567E-3 3.30558E-3 3.1209E-3 3.48834E-3 3.55886E-3 3.41876E-3 3.13954E-3 3.17668E-3 3.46382E-3 3.07622E-3 3.33479E-3 3.33346E-3 3.19094E-3 3.06954E-3 3.48731E-3 3.50668E-3
-9999 -9999 -9999 -9999 -9999 -9999 -9999 -9999 -9999 -9999 -9999 -9999 -9999 -9999 7.60169E-3 7.42801E-3 6.71175E-3 5.51342E-3 5.15273E-3 5.33314E-3 5.05989E-3 5.11063E-3 5.43922E-3 5.20866E-3 5.09707E-3 4.80604E-3 5.21642E-3 4.97986E-3 5.02003E-3 5.32768E-3 5.008E-3 5.41762E-3 5.12417E-3 4.85605E-3 5.10607E-3 5.35233E-3 4.94607E-3 5.21682E-3 4.88086E-3 4.7468E-3 4.77199E-3 5.04884E-3 5.32971E-3 4.86937E-3 4.14885E-3 3.89142E-3 3.64732E-3 3.38769E-3 3.51035E-3 3.59371E-3 3.78873E-3 2.87583E-3 2.37826E-3 2.19943E-3 2.8529E-3 2.62249E-3 2.41319E-3 2.49546E-3 2.87741E-3 3.00384E-3 3.29644E-3 3.03109E-3 2.54204E-3 2.92458E-3 3.24074E-3 3.42212E-3 2.85467E-3 3.0723E-3 3.01153E-3 2.94131E-3 3.12099E-3 3.18967E-3
-9999 -9999 -9999 -9999 -9999 -9999 -9999 -9999 -9999 -9999 -9999 -9999 -9999 -9999 8.01474E-3 7.01539E-3 6.48864E-3 5.44392E-3 5.1965E-3 5.65993E-3 5.40331E-3 4.72689E-3 5.24099E-3 5.06562E-3 4.79119E-3 5.2488E-3 5.18424E-3 5.18785E-3 5.19744E-3 5.56736E-3 5.20105E-3 5.23636E-3 5.57445E-3 5.0961E-3 4.9505E-3 4.63164E-3 4.88523E-3 4.76151E-3 4.76151E-3 4.39999E-3 4.6553E-3 5.03324E-3 4.62244E-3 4.46772E-3 4.7563E-3 4.41311E-3 3.90111E-3 3.60578E-3 3.95679E-3 3.70502E-3 3.44792E-3 3.19805E-3 2.99192E-3 2.06018E-3 2.24685E-3 2.0477E-3 2.28124E-3 2.80621E-3 2.65851E-3 2.85125E-3 3.16961E-3 2.79571E-3 2.44404E-3 2.66865E-3 2.96911E-3 2.65778E-3 2.4781E-3 2.70975E-3 2.66541E-3 2.66541E-3 2.76985E-3 2.90552E-3
