Artocarpus altilis SDM files/MIS19/results (without bias file)/Artalt_median.asc
ncols         1201
nrows         481
xllcorner     119.99986351115
yllcorner     -15.00013828885
cellsize      0.041666667
NODATA_value  -9999
[rows 224 to 255 of 481, columns 576 to 647 of 1201]
8.06928E-1 8.19382E-1 8.19806E-1 8.24163E-1 8.17679E-1 8.18105E-1 8.16825E-1 8.17387E-1 8.12531E-1 8.09936E-1 8.08197E-1 8.07281E-1 8.24972E-1 8.25139E-1 8.33495E-1 8.18269E-1 8.21557E-1 7.5606E-1 7.98329E-1 7.53649E-1 7.05754E-1 7.12855E-1 6.94737E-1 7.44683E-1 7.88265E-1 -9999 -9999 -9999 -9999 -9999 -9999 -9999 -9999 -9999 -9999 -9999 -9999 -9999 -9999 -9999 -9999 -9999 -9999 -9999 -9999 -9999 -9999 -9999 -9999 -9999 -9999 -9999 -9999 -9999 -9999 -9999 -9999 -9999 -9999 -9999 -9999 -9999 -9999 -9999 -9999 -9999 -9999 -9999 -9999 -9999 -9999 -9999
8.18105E-1 8.17252E-1 8.15969E-1 8.17252E-1 8.20365E-1 8.16825E-1 8.16105E-1 8.15502E-1 8.10802E-1 8.07762E-1 8.12583E-1 8.12583E-1 8.13603E-1 8.14113E-1 8.20783E-1 8.15232E-1 8.26955E-1 7.61198E-1 7.53943E-1 7.22386E-1 6.74146E-1 6.20657E-1 6.54328E-1 6.80201E-1 7.38153E-1 7.63233E-1 7.98745E-1 -9999 -9999 -9999 -9999 -9999 -9999 -9999 -9999 -9999 -9999 -9999 -9999 -9999 -9999 -9999 -9999 -9999 -9999 -9999 -9999 -9999 -9999 -9999 -9999 -9999 -9999 -9999 -9999 -9999 -9999 -9999 -9999 -9999 -9999 -9999 -9999 -9999 -9999 -9999 -9999 -9999 -9999 -9999 -9999 -9999
8.06885E-1 8.025E-1 8.17679E-1 8.15541E-1 8.1824E-1 8.17814E-1 8.15248E-1 8.14819E-1 8.14484E-1 8.14106E-1 8.14113E-1 8.21623E-1 8.18773E-1 8.12072E-1 8.11561E-1 8.06415E-1 8.1763E-1 6.88277E-1 7.45332E-1 7.32721E-1 6.48846E-1 5.56934E-1 6.32463E-1 6.9112E-1 6.5392E-1 6.29299E-1 5.98943E-1 7.72805E-1 7.97595E-1 7.98398E-1 7.97669E-1 7.44137E-1 6.44753E-1 -9999 -9999 -9999 -9999 -9999 -9999 -9999 -9999 -9999 -9999 -9999 -9999 -9999 -9999 -9999 -9999 -9999 -9999 -9999 -9999 -9999 -9999 -9999 -9999 -9999 -9999 -9999 -9999 -9999 -9999 -9999 -9999 -9999 -9999 -9999 -9999 -9999 -9999 -9999
7.97049E-1 7.97494E-1 7.95713E-1 7.99409E-1 8.17814E-1 8.07161E-1 7.99992E-1 8.03559E-1 8.04536E-1 8.0254E-1 8.13333E-1 8.20881E-1 8.14895E-1 7.9251E-1 7.83155E-1 8.06415E-1 7.94616E-1 7.74085E-1 7.49312E-1 7.48527E-1 6.77948E-1 5.11983E-1 5.60573E-1 6.63369E-1 6.77314E-1 4.94147E-1 4.33209E-1 5.03225E-1 5.74732E-1 7.02984E-1 7.74199E-1 6.79464E-1 7.00282E-1 6.46774E-1 -9999 -9999 -9999 -9999 -9999 -9999 -9999 -9999 -9999 -9999 -9999 -9999 -9999 -9999 -9999 -9999 -9999 -9999 -9999 -9999 -9999 -9999 -9999 -9999 -9999 -9999 -9999 -9999 -9999 -9999 -9999 -9999 -9999 -9999 -9999 -9999 -9999 -9999
7.94115E-1 7.90396E-1 8.04473E-1 8.16533E-1 8.06724E-1 8.00434E-1 7.99992E-1 7.98663E-1 7.99106E-1 7.94656E-1 8.02361E-1 8.01971E-1 8.00713E-1 7.74659E-1 7.78146E-1 7.82075E-1 7.88509E-1 7.66768E-1 7.69222E-1 7.35649E-1 6.83358E-1 5.89946E-1 4.94748E-1 6.38419E-1 6.63946E-1 5.32292E-1 3.98097E-1 4.60475E-1 6.06887E-1 6.21452E-1 7.04621E-1 7.13197E-1 7.26763E-1 6.7481E-1 5.43677E-1 -9999 -9999 -9999 -9999 -9999 -9999 -9999 -9999 -9999 -9999 -9999 -9999 -9999 -9999 -9999 -9999 -9999 -9999 -9999 -9999 -9999 -9999 -9999 -9999 -9999 -9999 -9999 -9999 -9999 -9999 -9999 -9999 -9999 -9999 -9999 -9999 -9999
7.92582E-1 7.89862E-1 7.92582E-1 8.11235E-1 8.01317E-1 7.96299E-1 7.94067E-1 7.9733E-1 7.91377E-1 8.01667E-1 8.02037E-1 7.94797E-1 7.96581E-1 7.88978E-1 7.83232E-1 7.79577E-1 7.85658E-1 7.57946E-1 7.58419E-1 7.38939E-1 7.10596E-1 6.84019E-1 6.21002E-1 6.20399E-1 6.86658E-1 6.25004E-1 4.83695E-1 5.36991E-1 4.59927E-1 5.0158E-1 4.45533E-1 4.46774E-1 5.22695E-1 5.71245E-1 4.63448E-1 5.42093E-1 -9999 -9999 -9999 -9999 -9999 -9999 -9999 -9999 -9999 -9999 3.60021E-1 2.9443E-1 1.04291E-1 -9999 -9999 -9999 -9999 -9999 -9999 -9999 -9999 -9999 -9999 -9999 -9999 -9999 -9999 -9999 -9999 -9999 -9999 -9999 -9999 -9999 -9999 -9999
7.85041E-1 7.9303E-1 7.95408E-1 7.95854E-1 7.94961E-1 7.94961E-1 7.92275E-1 8.01798E-1 7.92866E-1 7.97026E-1 7.93027E-1 7.95974E-1 7.85062E-1 7.79353E-1 7.77695E-1 7.83446E-1 7.64774E-1 7.70978E-1 7.42234E-1 7.4642E-1 7.28062E-1 6.38962E-1 6.86067E-1 7.22405E-1 6.91611E-1 4.80066E-1 5.85261E-1 5.39617E-1 4.40958E-1 3.68168E-1 3.49801E-1 5.16923E-1 6.12914E-1 6.75508E-1 5.33344E-1 5.00827E-1 4.60165E-1 3.20021E-1 -9999 -9999 -9999 -9999 -9999 -9999 -9999 3.64695E-1 7.47916E-1 5.37317E-1 2.56145E-1 1.03582E-1 -9999 -9999 -9999 -9999 -9999 -9999 -9999 -9999 -9999 -9999 -9999 -9999 -9999 -9999 -9999 -9999 -9999 -9999 -9999 -9999 -9999 -9999
7.83426E-1 7.89885E-1 7.89434E-1 7.83426E-1 7.89434E-1 7.92275E-1 7.97775E-1 7.98359E-1 7.95403E-1 7.96581E-1 7.95964E-1 7.90301E-1 7.64833E-1 7.47463E-1 7.64113E-1 7.65294E-1 7.3501E-1 7.60314E-1 7.32087E-1 7.38051E-1 7.3741E-1 7.02085E-1 7.17371E-1 7.31605E-1 4.80675E-1 4.29309E-1 4.40896E-1 4.36534E-1 3.934E-1 3.71481E-1 4.95373E-1 4.8591E-1 5.40983E-1 5.25052E-1 5.73092E-1 3.35748E-1 4.87492E-1 4.98616E-1 -9999 -9999 -9999 -9999 -9999 -9999 -9999 7.06405E-1 4.23785E-1 1.89094E-1 2.05243E-1 2.96402E-1 -9999 -9999 -9999 -9999 -9999 -9999 -9999 -9999 -9999 -9999 -9999 -9999 -9999 -9999 -9999 -9999 -9999 -9999 -9999 -9999 -9999 -9999
7.58719E-1 7.81806E-1 7.82887E-1 7.86723E-1 8.02366E-1 8.04702E-1 7.94656E-1 7.96581E-1 7.90711E-1 7.91706E-1 7.88539E-1 7.79171E-1 7.51895E-1 7.61863E-1 7.62466E-1 7.5775E-1 7.55321E-1 7.5453E-1 7.34913E-1 7.37472E-1 7.30333E-1 7.38891E-1 7.33293E-1 6.83966E-1 6.37516E-1 4.89756E-1 4.0738E-1 3.42721E-1 3.57149E-1 3.88628E-1 3.29112E-1 3.20047E-1 2.64182E-1 3.13065E-1 4.06436E-1 5.05443E-1 3.06329E-1 6.63502E-1 5.26723E-1 -9999 -9999 -9999 -9999 -9999 -9999 7.33823E-1 3.05174E-1 1.21942E-1 2.16972E-1 5.16543E-1 -9999 -9999 -9999 -9999 -9999 -9999 -9999 -9999 -9999 -9999 -9999 -9999 -9999 -9999 -9999 -9999 -9999 -9999 -9999 -9999 -9999 -9999
7.60393E-1 7.58161E-1 7.87175E-1 7.92275E-1 7.94154E-1 7.93601E-1 7.97026E-1 8.15519E-1 7.88501E-1 7.80652E-1 7.71195E-1 7.54865E-1 7.4752E-1 7.32687E-1 7.36902E-1 7.25184E-1 7.46881E-1 7.40838E-1 7.45286E-1 7.29522E-1 7.3261E-1 7.17574E-1 6.9249E-1 6.76516E-1 6.37144E-1 6.00192E-1 4.02805E-1 4.10084E-1 3.84641E-1 3.13703E-1 2.88114E-1 1.41999E-1 1.81457E-1 2.01728E-1 1.31544E-1 1.39608E-1 3.30444E-1 6.77561E-1 5.21641E-1 3.63543E-1 -9999 -9999 -9999 -9999 -9999 7.1721E-1 3.15118E-1 7.04479E-2 4.88784E-1 2.84721E-1 -9999 -9999 -9999 -9999 -9999 -9999 -9999 -9999 -9999 -9999 -9999 -9999 -9999 -9999 -9999 -9999 -9999 -9999 -9999 -9999 -9999 -9999
7.57602E-1 7.83965E-1 7.96885E-1 7.83596E-1 7.81234E-1 7.98718E-1 7.93007E-1 7.9795E-1 7.88503E-1 7.90645E-1 7.80538E-1 7.66701E-1 7.61672E-1 7.33913E-1 7.31218E-1 7.13947E-1 7.40045E-1 7.36486E-1 7.32023E-1 7.40674E-1 7.22643E-1 6.96941E-1 6.76269E-1 6.46112E-1 6.82717E-1 6.52036E-1 4.71822E-1 4.09224E-1 3.73219E-1 3.32789E-1 2.93214E-1 1.37214E-1 2.98234E-1 3.11243E-1 2.63426E-1 3.18063E-1 3.3413E-1 4.85904E-1 5.63812E-1 4.43106E-1 3.67781E-1 -9999 -9999 -9999 -9999 5.56124E-1 2.10634E-1 3.08868E-1 4.24973E-1 1.73167E-1 -9999 -9999 -9999 -9999 -9999 -9999 -9999 -9999 -9999 -9999 -9999 -9999 -9999 -9999 -9999 -9999 -9999 -9999 -9999 -9999 -9999 -9999
7.51287E-1 7.74051E-1 7.93024E-1 7.5388E-1 7.67058E-1 7.6519E-1 7.76188E-1 7.732E-1 7.76379E-1 7.70942E-1 7.33973E-1 7.13286E-1 7.32477E-1 7.23926E-1 7.18072E-1 7.06968E-1 7.03697E-1 7.20955E-1 7.32909E-1 7.30834E-1 7.12341E-1 7.15758E-1 6.95583E-1 6.76066E-1 6.89924E-1 6.79111E-1 5.9322E-1 3.88299E-1 4.10642E-1 4.06006E-1 3.48259E-1 2.05123E-1 2.23507E-1 2.36612E-1 3.55229E-1 2.41997E-1 2.06236E-1 2.73156E-1 4.93738E-1 5.16807E-1 4.8222E-1 3.57946E-1 -9999 -9999 -9999 2.23007E-1 1.43218E-1 1.80066E-1 -9999 -9999 -9999 -9999 3.4379E-1 5.4241E-1 1.21164E-1 -9999 -9999 -9999 -9999 -9999 -9999 -9999 -9999 -9999 -9999 -9999 -9999 -9999 -9999 -9999 -9999 -9999
7.49451E-1 7.66341E-1 7.7988E-1 7.39765E-1 7.553E-1 7.72648E-1 7.55809E-1 7.59418E-1 7.51363E-1 7.43352E-1 7.00143E-1 6.88861E-1 6.83801E-1 7.23376E-1 7.08584E-1 6.84441E-1 7.27167E-1 7.16123E-1 7.14399E-1 7.23389E-1 7.00861E-1 6.96664E-1 6.89766E-1 6.6807E-1 6.79874E-1 6.2289E-1 6.43561E-1 5.82515E-1 4.8525E-1 4.25596E-1 3.7143E-1 3.31426E-1 2.51546E-1 1.6991E-1 2.20734E-1 3.12338E-1 1.31267E-1 3.12343E-1 4.39716E-1 3.02543E-1 3.84163E-1 5.27428E-1 4.99812E-1 -9999 -9999 -9999 -9999 -9999 -9999 -9999 -9999 -9999 3.51434E-1 3.81979E-1 1.3593E-1 -9999 -9999 -9999 -9999 -9999 -9999 -9999 -9999 -9999 -9999 -9999 -9999 -9999 -9999 -9999 -9999 -9999
6.49078E-1 6.80077E-1 6.68673E-1 7.19977E-1 6.23018E-1 5.96913E-1 5.53668E-1 6.29833E-1 7.3421E-1 7.12092E-1 6.83021E-1 6.69172E-1 6.65058E-1 6.70923E-1 6.99103E-1 6.82688E-1 7.19102E-1 7.14642E-1 6.85977E-1 7.10571E-1 6.84695E-1 6.87641E-1 7.02567E-1 6.57427E-1 6.67245E-1 6.3389E-1 6.49305E-1 6.11172E-1 5.65702E-1 4.4705E-1 3.7165E-1 3.62091E-1 1.87146E-1 3.27019E-1 1.73471E-1 1.30759E-1 1.73431E-1 3.44453E-1 2.43813E-1 3.25918E-1 5.51004E-1 4.04891E-1 6.05349E-1 4.79239E-1 -9999 -9999 -9999 -9999 -9999 -9999 -9999 -9999 -9999 -9999 -9999 -9999 -9999 -9999 -9999 -9999 -9999 -9999 -9999 -9999 -9999 -9999 -9999 -9999 -9999 -9999 -9999 -9999
5.24901E-1 4.72937E-1 5.0215E-1 5.34043E-1 5.25577E-1 4.80767E-1 3.88662E-1 4.06065E-1 5.21952E-1 6.79594E-1 6.68213E-1 6.65953E-1 6.84689E-1 6.34591E-1 6.98858E-1 6.89944E-1 7.08006E-1 7.12182E-1 6.83379E-1 6.8225E-1 6.79127E-1 6.92989E-1 6.96919E-1 6.70173E-1 6.39757E-1 6.24745E-1 6.46339E-1 6.11203E-1 6.28803E-1 4.63269E-1 4.2976E-1 4.00473E-1 3.62208E-1 3.61291E-1 3.62391E-1 1.59872E-1 1.85642E-1 2.93795E-1 2.78719E-1 2.93602E-1 5.55613E-1 5.24515E-1 5.12413E-1 3.94378E-1 -9999 -9999 -9999 -9999 -9999 -9999 -9999 -9999 -9999 -9999 -9999 -9999 -9999 -9999 -9999 -9999 -9999 -9999 -9999 -9999 -9999 -9999 -9999 -9999 -9999 -9999 -9999 -9999
4.49402E-1 4.44916E-1 4.18662E-1 4.90794E-1 4.69847E-1 3.90407E-1 3.90192E-1 4.53571E-1 4.57414E-1 5.52288E-1 5.88844E-1 6.66305E-1 6.97165E-1 7.03728E-1 6.94495E-1 6.97483E-1 6.98703E-1 6.89256E-1 6.83885E-1 6.73699E-1 6.69323E-1 6.7479E-1 6.73003E-1 6.46008E-1 6.57529E-1 6.67675E-1 6.49895E-1 6.25862E-1 6.24282E-1 6.01728E-1 5.7096E-1 4.33433E-1 3.84352E-1 3.49274E-1 3.31588E-1 2.98738E-1 1.54439E-1 1.887E-1 3.00956E-1 2.28147E-1 4.01283E-1 6.12701E-1 5.87205E-1 -9999 -9999 -9999 -9999 -9999 -9999 -9999 -9999 -9999 -9999 -9999 -9999 -9999 -9999 -9999 -9999 -9999 -9999 -9999 -9999 -9999 -9999 -9999 -9999 -9999 -9999 -9999 -9999 -9999
3.54441E-1 3.17958E-1 3.68893E-1 4.0693E-1 4.71689E-1 3.91651E-1 3.59001E-1 3.62175E-1 3.75829E-1 4.56947E-1 4.06282E-1 5.27507E-1 6.97973E-1 6.9499E-1 6.92297E-1 6.85713E-1 6.84041E-1 6.55486E-1 6.57365E-1 6.38816E-1 6.38042E-1 6.43157E-1 6.74168E-1 6.60377E-1 6.48861E-1 6.52051E-1 6.64699E-1 6.38279E-1 6.333E-1 6.42186E-1 5.86799E-1 5.49632E-1 4.86644E-1 3.89708E-1 3.63349E-1 3.54635E-1 2.83226E-1 1.8886E-1 2.86858E-1 2.25888E-1 4.69023E-1 5.68765E-1 6.37025E-1 4.92942E-1 -9999 -9999 -9999 -9999 -9999 -9999 -9999 -9999 -9999 -9999 -9999 -9999 -9999 -9999 -9999 -9999 -9999 -9999 -9999 -9999 -9999 -9999 -9999 -9999 -9999 -9999 -9999 -9999
4.3974E-1 3.14759E-1 2.96605E-1 2.72021E-1 3.24784E-1 3.45147E-1 2.66894E-1 2.7177E-1 3.10073E-1 3.70877E-1 3.74262E-1 3.96052E-1 4.33875E-1 5.6628E-1 6.56721E-1 6.6009E-1 6.72135E-1 6.77293E-1 6.27488E-1 6.00024E-1 6.1267E-1 6.1003E-1 6.39202E-1 6.23518E-1 5.83108E-1 6.26452E-1 6.23241E-1 6.5017E-1 6.61114E-1 6.4032E-1 5.88688E-1 5.67233E-1 5.84377E-1 5.22429E-1 3.76141E-1 3.34225E-1 3.18966E-1 3.0555E-1 2.28845E-1 2.94065E-1 3.66718E-1 5.35913E-1 6.12149E-1 5.55311E-1 -9999 -9999 -9999 -9999 -9999 -9999 -9999 -9999 -9999 -9999 -9999 -9999 -9999 -9999 -9999 -9999 -9999 -9999 -9999 -9999 -9999 -9999 -9999 -9999 -9999 -9999 -9999 -9999
4.67712E-1 4.44769E-1 4.40361E-1 2.97585E-1 2.74288E-1 2.64263E-1 2.24963E-1 2.64604E-1 2.61469E-1 3.68024E-1 2.50177E-1 3.28798E-1 3.70604E-1 3.8289E-1 4.20439E-1 6.22408E-1 6.44161E-1 6.70848E-1 6.34882E-1 5.58684E-1 5.47186E-1 5.71597E-1 6.0369E-1 6.10151E-1 5.76747E-1 6.11245E-1 5.78665E-1 6.24705E-1 6.27511E-1 6.24409E-1 5.88719E-1 5.7383E-1 5.60463E-1 5.6562E-1 5.56054E-1 3.18617E-1 1.98058E-1 2.37881E-1 1.62993E-1 2.59151E-1 3.07194E-1 4.70232E-1 6.10934E-1 5.53531E-1 -9999 -9999 -9999 -9999 -9999 -9999 -9999 -9999 -9999 -9999 -9999 -9999 -9999 -9999 -9999 -9999 -9999 -9999 -9999 -9999 -9999 -9999 -9999 -9999 -9999 -9999 -9999 -9999
3.96477E-1 4.15689E-1 4.24666E-1 4.65208E-1 4.02375E-1 2.43802E-1 2.7308E-1 2.85242E-1 2.62589E-1 2.41349E-1 2.74689E-1 2.80594E-1 2.71712E-1 3.16525E-1 4.00371E-1 3.82944E-1 6.53717E-1 6.77811E-1 6.65536E-1 6.04192E-1 5.46539E-1 6.06007E-1 6.06397E-1 6.03259E-1 5.69589E-1 6.20835E-1 5.8187E-1 6.40555E-1 6.18521E-1 5.94168E-1 5.88114E-1 6.0163E-1 6.01265E-1 5.94169E-1 5.18798E-1 5.37582E-1 3.76322E-1 3.98836E-1 3.42863E-1 3.03789E-1 2.93327E-1 4.56437E-1 6.04465E-1 5.47096E-1 -9999 -9999 -9999 -9999 -9999 -9999 -9999 -9999 -9999 -9999 -9999 -9999 -9999 -9999 -9999 -9999 -9999 -9999 -9999 -9999 -9999 -9999 -9999 -9999 -9999 -9999 5.6338E-1 4.85431E-1
3.87047E-1 3.85809E-1 4.14774E-1 4.29608E-1 3.12136E-1 3.21416E-1 3.66605E-1 2.69286E-1 2.3958E-1 2.11356E-1 2.74051E-1 2.25072E-1 1.96763E-1 2.82572E-1 3.13408E-1 2.87667E-1 3.77564E-1 6.51373E-1 6.31028E-1 6.28118E-1 5.9653E-1 5.35759E-1 5.53048E-1 5.86101E-1 5.5014E-1 6.22832E-1 5.87348E-1 5.76525E-1 6.09497E-1 5.9148E-1 5.6359E-1 5.78682E-1 6.05763E-1 5.72181E-1 5.81255E-1 6.03778E-1 5.76067E-1 3.93893E-1 2.63243E-1 2.22914E-1 3.11497E-1 4.47484E-1 5.46377E-1 5.8684E-1 -9999 -9999 -9999 -9999 -9999 -9999 -9999 -9999 -9999 -9999 -9999 -9999 -9999 -9999 -9999 -9999 -9999 -9999 -9999 -9999 -9999 -9999 -9999 -9999 -9999 -9999 6.71321E-1 2.45518E-1
4.05939E-1 4.43531E-1 4.28709E-1 4.40865E-1 4.29318E-1 4.31185E-1 3.67352E-1 3.04058E-1 2.59287E-1 2.77193E-1 2.82121E-1 2.05019E-1 2.06491E-1 2.02129E-1 2.10252E-1 2.07699E-1 3.07932E-1 4.5776E-1 5.82873E-1 6.29635E-1 6.31223E-1 5.93661E-1 5.43351E-1 5.51508E-1 5.58858E-1 5.951E-1 4.99208E-1 5.20881E-1 5.45772E-1 5.7606E-1 5.5318E-1 4.96388E-1 5.13769E-1 5.66151E-1 5.91661E-1 5.95327E-1 6.21812E-1 6.31572E-1 3.1393E-1 3.10963E-1 3.73922E-1 4.66149E-1 5.48814E-1 5.84504E-1 5.30358E-1 -9999 -9999 -9999 -9999 -9999 -9999 -9999 -9999 -9999 -9999 -9999 -9999 -9999 -9999 -9999 -9999 -9999 -9999 -9999 -9999 -9999 -9999 -9999 -9999 -9999 -9999 -9999
3.85108E-1 4.28243E-1 3.8932E-1 4.07285E-1 4.31532E-1 4.64643E-1 4.65217E-1 3.61296E-1 3.82502E-1 3.55066E-1 3.00057E-1 2.44316E-1 1.8617E-1 1.96006E-1 2.65594E-1 3.14045E-1 3.34276E-1 3.49965E-1 4.86635E-1 6.04938E-1 6.3334E-1 6.19134E-1 6.21557E-1 5.32604E-1 4.99301E-1 5.40624E-1 5.07395E-1 4.65952E-1 5.25984E-1 5.76014E-1 5.5648E-1 5.15065E-1 5.85202E-1 5.58461E-1 5.97479E-1 6.1356E-1 5.59226E-1 5.91534E-1 5.97979E-1 3.57025E-1 4.09662E-1 5.4181E-1 5.75682E-1 5.75261E-1 -9999 -9999 -9999 -9999 -9999 -9999 -9999 -9999 -9999 -9999 -9999 -9999 -9999 -9999 -9999 -9999 -9999 -9999 -9999 -9999 -9999 -9999 -9999 -9999 -9999 -9999 -9999 3.82898E-1
3.17973E-1 3.43457E-1 3.21966E-1 3.33741E-1 3.80952E-1 4.32045E-1 4.64744E-1 4.51184E-1 4.01909E-1 3.43503E-1 2.67145E-1 2.35609E-1 2.27894E-1 2.25111E-1 2.35371E-1 2.75029E-1 2.80234E-1 2.59465E-1 3.35974E-1 3.87372E-1 6.33088E-1 6.2682E-1 6.23091E-1 6.10489E-1 5.27422E-1 4.89402E-1 4.73242E-1 4.64331E-1 5.16871E-1 5.50147E-1 5.52629E-1 5.31553E-1 4.88272E-1 4.77907E-1 4.29331E-1 4.80874E-1 5.28963E-1 5.33816E-1 5.67338E-1 5.60069E-1 4.62508E-1 5.2674E-1 5.73971E-1 -9999 -9999 -9999 -9999 -9999 -9999 -9999 -9999 -9999 -9999 -9999 -9999 -9999 -9999 -9999 -9999 -9999 -9999 -9999 -9999 -9999 -9999 -9999 -9999 -9999 -9999 -9999 -9999 4.4892E-1
3.23065E-1 3.29432E-1 3.23985E-1 3.30777E-1 3.4677E-1 4.07448E-1 4.37937E-1 4.14373E-1 4.39208E-1 4.36656E-1 3.71871E-1 3.05027E-1 2.23493E-1 2.53527E-1 2.91005E-1 2.65474E-1 2.31221E-1 2.95923E-1 3.24214E-1 3.5202E-1 4.72267E-1 6.10257E-1 6.09411E-1 6.23428E-1 6.14507E-1 5.58145E-1 4.62902E-1 4.69629E-1 5.05661E-1 5.28344E-1 5.50476E-1 5.47688E-1 4.9576E-1 3.60329E-1 3.46775E-1 4.49433E-1 5.16377E-1 5.65498E-1 5.72582E-1 5.73888E-1 4.9207E-1 5.21751E-1 5.71393E-1 -9999 -9999 -9999 -9999 -9999 -9999 -9999 -9999 -9999 -9999 -9999 -9999 -9999 -9999 -9999 -9999 -9999 -9999 -9999 -9999 -9999 -9999 -9999 -9999 -9999 -9999 -9999 -9999 4.63469E-1
3.66455E-1 3.7059E-1 3.77763E-1 4.02558E-1 4.17124E-1 4.29547E-1 4.37937E-1 4.28332E-1 4.43135E-1 4.50486E-1 4.59626E-1 3.81042E-1 3.22054E-1 2.46272E-1 2.54893E-1 3.38613E-1 3.10118E-1 3.38668E-1 2.94916E-1 4.08405E-1 4.1389E-1 3.77827E-1 5.67887E-1 5.84565E-1 5.95583E-1 6.08831E-1 5.78331E-1 4.86793E-1 4.54837E-1 4.84898E-1 4.5842E-1 5.0722E-1 4.43711E-1 3.70006E-1 3.55223E-1 3.78491E-1 3.3783E-1 3.07772E-1 3.76166E-1 5.34281E-1 5.67539E-1 5.54412E-1 5.66273E-1 -9999 -9999 -9999 -9999 -9999 -9999 -9999 -9999 -9999 -9999 -9999 -9999 -9999 -9999 -9999 -9999 -9999 -9999 -9999 -9999 -9999 -9999 -9999 -9999 -9999 -9999 -9999 -9999 3.91009E-1
3.36637E-1 3.76125E-1 4.06273E-1 4.17519E-1 4.12398E-1 4.34426E-1 4.42843E-1 4.21245E-1 4.3038E-1 4.45169E-1 4.55424E-1 4.54196E-1 3.44408E-1 2.59211E-1 1.97232E-1 2.58871E-1 3.49662E-1 3.80937E-1 3.82677E-1 3.98667E-1 3.26175E-1 2.62173E-1 3.57765E-1 4.58143E-1 5.41716E-1 5.41156E-1 5.79115E-1 5.49713E-1 4.22967E-1 4.21331E-1 3.69618E-1 3.7387E-1 3.52505E-1 3.308E-1 2.88884E-1 2.93853E-1 2.63566E-1 3.86626E-1 4.59016E-1 4.76257E-1 5.25075E-1 5.47646E-1 -9999 -9999 -9999 -9999 -9999 -9999 -9999 -9999 -9999 -9999 -9999 -9999 -9999 -9999 -9999 -9999 -9999 -9999 -9999 -9999 -9999 -9999 -9999 -9999 -9999 -9999 -9999 -9999 -9999 -9999
3.57603E-1 4.03461E-1 4.01272E-1 3.33624E-1 3.5367E-1 4.03013E-1 4.23072E-1 3.38132E-1 3.5715E-1 4.1002E-1 4.31824E-1 4.37121E-1 4.27096E-1 3.0141E-1 2.4078E-1 2.63174E-1 2.18635E-1 2.97575E-1 3.3184E-1 3.25709E-1 3.2706E-1 2.54949E-1 2.81977E-1 3.42417E-1 4.71091E-1 4.91129E-1 5.43882E-1 5.86071E-1 5.41073E-1 4.84529E-1 3.63356E-1 3.08314E-1 2.95383E-1 2.76006E-1 2.85348E-1 2.54877E-1 3.36333E-1 3.91486E-1 2.61759E-1 3.33224E-1 4.85819E-1 5.56943E-1 -9999 -9999 -9999 -9999 -9999 -9999 -9999 -9999 -9999 -9999 -9999 -9999 -9999 -9999 -9999 -9999 -9999 -9999 -9999 -9999 -9999 -9999 -9999 -9999 -9999 -9999 -9999 -9999 -9999 -9999
3.77106E-1 3.76592E-1 3.62042E-1 3.61992E-1 3.33343E-1 3.56349E-1 3.53167E-1 2.98397E-1 3.5163E-1 4.14344E-1 3.87704E-1 4.20553E-1 4.08689E-1 4.16947E-1 3.59451E-1 3.06993E-1 3.0163E-1 2.62486E-1 2.10358E-1 2.5887E-1 3.16249E-1 3.35706E-1 2.95367E-1 3.02645E-1 3.94486E-1 4.54273E-1 5.35402E-1 5.85883E-1 5.22812E-1 5.45648E-1 5.00226E-1 3.78633E-1 3.77377E-1 3.60999E-1 3.34544E-1 2.83292E-1 3.28758E-1 2.75626E-1 2.40949E-1 3.50812E-1 4.7495E-1 5.17426E-1 5.77529E-1 6.09813E-1 5.84236E-1 6.1395E-1 5.98846E-1 5.36743E-1 5.58631E-1 -9999 -9999 -9999 -9999 -9999 -9999 -9999 -9999 -9999 -9999 -9999 -9999 -9999 -9999 -9999 -9999 -9999 -9999 -9999 -9999 -9999 -9999 -9999
3.4865E-1 3.5193E-1 3.52371E-1 3.42044E-1 3.71381E-1 3.54419E-1 2.67244E-1 3.41375E-1 3.82601E-1 3.59964E-1 3.90081E-1 3.93915E-1 4.02074E-1 4.11038E-1 3.77901E-1 3.72787E-1 3.64081E-1 2.93117E-1 2.36467E-1 3.15935E-1 3.35694E-1 3.58503E-1 3.455E-1 3.68138E-1 3.68402E-1 3.49811E-1 3.93356E-1 4.02915E-1 5.13226E-1 5.48774E-1 5.15054E-1 5.18193E-1 4.88284E-1 4.48464E-1 2.72111E-1 2.37534E-1 2.81849E-1 2.66047E-1 2.2307E-1 2.9222E-1 3.53864E-1 3.42577E-1 4.0475E-1 4.81365E-1 5.01473E-1 5.4159E-1 5.12624E-1 3.84272E-1 4.64048E-1 5.77914E-1 5.75189E-1 5.6696E-1 5.14033E-1 -9999 -9999 -9999 -9999 -9999 -9999 -9999 -9999 -9999 -9999 -9999 -9999 -9999 -9999 -9999 -9999 -9999 -9999 -9999
3.46754E-1 3.39321E-1 3.36547E-1 3.39916E-1 3.58132E-1 3.6198E-1 2.71556E-1 3.13518E-1 3.36738E-1 3.30309E-1 3.44589E-1 3.36154E-1 3.65117E-1 3.87854E-1 3.93592E-1 3.21431E-1 3.40875E-1 3.0927E-1 2.24427E-1 2.61001E-1 3.0924E-1 3.40993E-1 3.35448E-1 3.13302E-1 3.44038E-1 2.88695E-1 3.03889E-1 3.16968E-1 3.04507E-1 3.33482E-1 5.33654E-1 5.1965E-1 5.04861E-1 4.70797E-1 3.58726E-1 2.8607E-1 2.85096E-1 2.21766E-1 2.32275E-1 2.64252E-1 3.16331E-1 2.75908E-1 3.12665E-1 3.09739E-1 3.15913E-1 3.63279E-1 3.39586E-1 2.97877E-1 3.0476E-1 3.50022E-1 3.18596E-1 4.7564E-1 5.67765E-1 6.02352E-1 5.8897E-1 6.14604E-1 6.00114E-1 -9999 -9999 -9999 -9999 -9999 -9999 -9999 -9999 -9999 -9999 -9999 -9999 -9999 -9999 -9999
3.30692E-1 3.13418E-1 3.23928E-1 3.04071E-1 3.49661E-1 3.56465E-1 3.45973E-1 2.79364E-1 2.76892E-1 2.81451E-1 3.20503E-1 2.99399E-1 3.2745E-1 3.67754E-1 3.66329E-1 3.45996E-1 2.92877E-1 3.26395E-1 2.07257E-1 2.58924E-1 3.00789E-1 2.78794E-1 3.39345E-1 2.60077E-1 2.79091E-1 2.86823E-1 2.92562E-1 2.73055E-1 2.86806E-1 3.31633E-1 4.67384E-1 5.39451E-1 5.07957E-1 4.71591E-1 4.56399E-1 3.04633E-1 2.49323E-1 2.73753E-1 2.22952E-1 2.73622E-1 3.05289E-1 2.64763E-1 2.90397E-1 2.8036E-1 2.72175E-1 2.7042E-1 2.55575E-1 2.68383E-1 2.66943E-1 2.64448E-1 1.95736E-1 2.7768E-1 3.53431E-1 4.80826E-1 5.5129E-1 5.33978E-1 5.98794E-1 6.31812E-1 6.43942E-1 6.13168E-1 -9999 -9999 -9999 -9999 -9999 -9999 -9999 -9999 -9999 -9999 -9999 -9999
