Artocarpus altilis SDM files/MIS19/results (without bias file)/Artalt_5.asc
ncols         1201
nrows         481
xllcorner     119.99986351115
yllcorner     -15.00013828885
cellsize      0.041666667
NODATA_value  -9999
[rows 448 to 479 of 481, columns 504 to 575 of 1201]
-9999 -9999 -9999 -9999 -9999 -9999 -9999 -9999 -9999 -9999 -9999 -9999 2.85776E-2 3.17311E-2 2.80526E-2 2.72158E-2 3.14586E-2 3.1188E-2 2.86883E-2 2.78571E-2 3.57203E-2 3.84646E-2 3.90808E-2 3.8896E-2 4.26399E-2 4.24387E-2 4.33779E-2 3.76958E-2 3.39187E-2 3.31737E-2 3.49715E-2 3.25885E-2 3.15983E-2 3.18749E-2 2.98314E-2 3.15904E-2 2.99599E-2 3.38874E-2 3.38945E-2 3.14404E-2 3.55644E-2 3.38305E-2 3.07989E-2 2.90378E-2 2.42131E-2 2.62145E-2 2.47233E-2 2.91236E-2 3.24079E-2 3.03346E-2 3.12885E-2 3.09989E-2 3.02444E-2 2.69127E-2 2.14778E-2 2.19371E-2 2.52123E-2 3.20644E-2 3.12109E-2 5.00591E-2 5.34495E-2 5.78142E-2 -9999 -9999 5.83448E-2 6.30879E-2 -9999 -9999 -9999 -9999 -9999 -9999
-9999 -9999 -9999 -9999 -9999 -9999 -9999 -9999 -9999 -9999 -9999 2.8638E-2 2.90927E-2 3.05915E-2 2.80123E-2 2.69294E-2 3.04736E-2 2.95034E-2 2.80062E-2 2.66497E-2 3.27014E-2 3.37212E-2 4.0348E-2 4.03396E-2 4.06261E-2 4.08585E-2 3.81974E-2 3.52903E-2 3.31779E-2 3.23058E-2 3.0639E-2 3.33094E-2 3.43479E-2 3.22909E-2 3.14483E-2 2.87935E-2 2.6643E-2 3.03539E-2 3.24298E-2 3.03513E-2 2.95586E-2 2.83359E-2 2.87149E-2 2.6613E-2 2.43319E-2 2.44075E-2 2.61915E-2 2.87525E-2 2.95398E-2 2.85179E-2 2.85179E-2 2.77574E-2 2.66601E-2 2.5181E-2 2.33241E-2 2.15739E-2 2.29762E-2 2.4717E-2 3.25003E-2 4.64707E-2 4.62769E-2 4.6273E-2 -9999 -9999 5.56111E-2 -9999 -9999 -9999 -9999 -9999 -9999 -9999
-9999 -9999 -9999 -9999 -9999 -9999 -9999 -9999 -9999 -9999 -9999 2.87182E-2 2.86775E-2 3.14005E-2 2.85294E-2 2.56095E-2 3.02216E-2 2.76635E-2 3.1837E-2 3.08224E-2 3.06095E-2 3.21216E-2 3.21148E-2 3.21081E-2 3.51957E-2 3.42758E-2 3.45201E-2 3.24529E-2 3.34652E-2 3.273E-2 3.42008E-2 3.34498E-2 2.93091E-2 2.9176E-2 2.90471E-2 2.90435E-2 2.77153E-2 3.12951E-2 2.94255E-2 2.71789E-2 2.50392E-2 2.53577E-2 2.8582E-2 2.61517E-2 2.71798E-2 2.85119E-2 2.66844E-2 2.59721E-2 2.58572E-2 2.57428E-2 2.48506E-2 2.43105E-2 2.33478E-2 1.99657E-2 1.84797E-2 1.71143E-2 2.02078E-2 2.13509E-2 2.56788E-2 4.03869E-2 4.29535E-2 -9999 -9999 -9999 -9999 -9999 -9999 -9999 -9999 -9999 -9999 -9999
-9999 -9999 -9999 -9999 -9999 -9999 -9999 -9999 -9999 -9999 -9999 2.93781E-2 2.73495E-2 2.41098E-2 2.71359E-2 2.52329E-2 2.86215E-2 2.69463E-2 3.34458E-2 3.0079E-2 3.41536E-2 3.25337E-2 3.23835E-2 3.0983E-2 2.99057E-2 2.94664E-2 2.98502E-2 3.01092E-2 2.97121E-2 2.90581E-2 2.98338E-2 2.96984E-2 3.07618E-2 3.13069E-2 2.92993E-2 2.79087E-2 2.70588E-2 2.92919E-2 2.89091E-2 2.79028E-2 2.49231E-2 2.5692E-2 2.77094E-2 2.61462E-2 2.55787E-2 2.47684E-2 2.28455E-2 2.19401E-2 2.35618E-2 2.37719E-2 2.34455E-2 1.93713E-2 1.3472E-2 1.44539E-2 1.52539E-2 1.84532E-2 2.02723E-2 2.06545E-2 2.68616E-2 3.49348E-2 3.81494E-2 -9999 -9999 3.91794E-2 -9999 -9999 -9999 -9999 -9999 -9999 -9999 -9999
-9999 -9999 -9999 -9999 -9999 -9999 -9999 -9999 -9999 -9999 -9999 2.88737E-2 2.61965E-2 2.3193E-2 2.73441E-2 2.46506E-2 2.76925E-2 2.68927E-2 3.14393E-2 3.04744E-2 3.28225E-2 3.28156E-2 3.02656E-2 2.87001E-2 2.66202E-2 2.69709E-2 2.66113E-2 2.45716E-2 2.32991E-2 2.50031E-2 2.46725E-2 2.32912E-2 2.42354E-2 2.52174E-2 2.51027E-2 2.48809E-2 2.6116E-2 2.78993E-2 2.62299E-2 2.50942E-2 2.48725E-2 2.436E-2 2.42522E-2 2.46813E-2 2.29835E-2 2.29681E-2 2.37827E-2 2.55217E-2 2.33485E-2 2.07084E-2 2.07084E-2 1.87646E-2 1.44442E-2 1.59007E-2 1.75007E-2 1.89612E-2 2.08872E-2 2.00148E-2 2.584E-2 3.14843E-2 3.40188E-2 3.46292E-2 -9999 -9999 -9999 -9999 -9999 -9999 -9999 -9999 -9999 -9999
-9999 -9999 -9999 -9999 -9999 -9999 -9999 -9999 -9999 -9999 -9999 2.85001E-2 2.60822E-2 2.31772E-2 2.85475E-2 2.37633E-2 2.29492E-2 2.61868E-2 2.41772E-2 2.94145E-2 2.77691E-2 3.19569E-2 3.07101E-2 3.02528E-2 3.09229E-2 2.80562E-2 2.76858E-2 2.51175E-2 2.47823E-2 2.53295E-2 2.39149E-2 2.16951E-2 2.08843E-2 1.99668E-2 1.91021E-2 1.98649E-2 2.31167E-2 2.46528E-2 2.4435E-2 2.49778E-2 2.27048E-2 2.13161E-2 2.33904E-2 2.46813E-2 2.27754E-2 2.38944E-2 2.34175E-2 2.30813E-2 2.08217E-2 1.96322E-2 1.70933E-2 1.68646E-2 1.5047E-2 1.57833E-2 1.69946E-2 1.7775E-2 1.84028E-2 2.38248E-2 2.45116E-2 2.90743E-2 3.07373E-2 3.24093E-2 3.19824E-2 -9999 -9999 3.54018E-2 -9999 -9999 -9999 -9999 -9999 -9999
-9999 -9999 -9999 -9999 -9999 -9999 -9999 -9999 -9999 -9999 -9999 2.76894E-2 2.44266E-2 2.30719E-2 2.09522E-2 2.35434E-2 2.22139E-2 2.43979E-2 2.95512E-2 2.91553E-2 2.71607E-2 2.96484E-2 3.11138E-2 2.89431E-2 2.93239E-2 2.97096E-2 2.66034E-2 2.47801E-2 2.44494E-2 2.65877E-2 2.58898E-2 2.15944E-2 2.01544E-2 2.1146E-2 2.0141E-2 1.88109E-2 1.91447E-2 1.99359E-2 2.0755E-2 2.24043E-2 2.20097E-2 2.10433E-2 2.14065E-2 2.30914E-2 2.26849E-2 2.19803E-2 2.06448E-2 2.00921E-2 2.0631E-2 1.94163E-2 1.72586E-2 1.3812E-2 1.62465E-2 1.41414E-2 1.62487E-2 1.77632E-2 1.71255E-2 2.78205E-2 2.89155E-2 2.81317E-2 2.85096E-2 2.95411E-2 2.85132E-2 -9999 -9999 -9999 -9999 3.55584E-2 -9999 -9999 -9999 -9999
-9999 -9999 -9999 -9999 -9999 -9999 -9999 -9999 -9999 -9999 -9999 2.65639E-2 2.32375E-2 2.20889E-2 2.01861E-2 2.19567E-2 2.05823E-2 2.47197E-2 2.28213E-2 2.85169E-2 2.62145E-2 2.9122E-2 2.96359E-2 2.97158E-2 2.98413E-2 2.88031E-2 2.60202E-2 2.53338E-2 2.67035E-2 2.58876E-2 2.29761E-2 2.09328E-2 2.29674E-2 2.35826E-2 1.99584E-2 2.12073E-2 2.38045E-2 2.20781E-2 2.28873E-2 2.1172E-2 1.92232E-2 1.72931E-2 1.79202E-2 2.02285E-2 1.85764E-2 1.91076E-2 1.98924E-2 1.97331E-2 1.90181E-2 1.68305E-2 1.71713E-2 1.85755E-2 1.3378E-2 1.50089E-2 1.51197E-2 1.57875E-2 1.58471E-2 2.47648E-2 2.56399E-2 2.51302E-2 2.56534E-2 2.78103E-2 2.65048E-2 -9999 -9999 3.06029E-2 2.90226E-2 -9999 -9999 -9999 -9999 -9999
-9999 -9999 -9999 -9999 -9999 -9999 -9999 -9999 -9999 -9999 -9999 2.65323E-2 2.36204E-2 2.23302E-2 1.94477E-2 2.15518E-2 2.02194E-2 2.2524E-2 2.21226E-2 2.57591E-2 2.59831E-2 2.98994E-2 2.76147E-2 2.85987E-2 2.76031E-2 2.64835E-2 2.58996E-2 2.52163E-2 2.57763E-2 2.24744E-2 2.12121E-2 2.06554E-2 2.17752E-2 2.14912E-2 2.07645E-2 2.17858E-2 2.41744E-2 2.17621E-2 2.09043E-2 1.89036E-2 1.81453E-2 1.88151E-2 1.74054E-2 1.72658E-2 1.67179E-2 1.69216E-2 1.83539E-2 1.71278E-2 1.76649E-2 1.61009E-2 1.42944E-2 1.55688E-2 1.55583E-2 1.50488E-2 1.47552E-2 1.48363E-2 1.56308E-2 2.25802E-2 2.32854E-2 2.45468E-2 2.39622E-2 2.47581E-2 2.40718E-2 2.41686E-2 -9999 -9999 -9999 -9999 -9999 3.50804E-2 -9999 -9999
-9999 -9999 -9999 -9999 -9999 -9999 -9999 -9999 -9999 -9999 -9999 -9999 2.38673E-2 2.66882E-2 2.35434E-2 2.08608E-2 1.9687E-2 2.33337E-2 2.17329E-2 1.99726E-2 2.55262E-2 2.57428E-2 2.30444E-2 2.80965E-2 2.68789E-2 2.50433E-2 2.53348E-2 2.44483E-2 2.27914E-2 2.14462E-2 2.24035E-2 2.21229E-2 2.29378E-2 2.09731E-2 2.26381E-2 2.213E-2 2.10031E-2 2.08349E-2 1.90569E-2 1.98397E-2 1.96807E-2 1.88156E-2 1.8955E-2 1.79882E-2 1.57268E-2 1.71278E-2 1.62534E-2 1.61122E-2 1.63854E-2 1.46004E-2 1.36189E-2 1.25485E-2 1.41134E-2 1.55483E-2 1.71394E-2 1.49876E-2 1.41996E-2 1.84909E-2 2.16625E-2 2.17617E-2 2.22914E-2 2.27562E-2 2.25741E-2 2.31246E-2 2.32177E-2 -9999 -9999 -9999 -9999 -9999 -9999 -9999
-9999 -9999 -9999 -9999 -9999 -9999 -9999 -9999 -9999 -9999 -9999 -9999 -9999 2.02803E-2 2.26836E-2 2.09582E-2 1.85805E-2 2.17375E-2 2.1161E-2 2.05083E-2 2.48506E-2 2.37718E-2 2.3245E-2 2.20385E-2 2.33316E-2 2.36394E-2 2.30006E-2 2.2804E-2 2.28964E-2 2.17188E-2 2.03542E-2 2.15094E-2 2.10814E-2 2.10698E-2 2.27549E-2 2.09017E-2 1.94304E-2 1.84655E-2 1.83052E-2 2.03389E-2 1.86707E-2 1.88287E-2 1.76218E-2 1.78397E-2 1.75593E-2 1.61234E-2 1.55486E-2 1.47444E-2 1.39252E-2 1.43823E-2 1.34103E-2 1.2466E-2 1.3191E-2 1.41138E-2 1.56329E-2 1.55074E-2 1.40098E-2 1.75481E-2 1.9934E-2 2.0863E-2 1.96351E-2 2.00254E-2 2.14452E-2 2.15224E-2 2.23935E-2 -9999 -9999 -9999 -9999 -9999 -9999 -9999
-9999 -9999 -9999 -9999 -9999 -9999 -9999 -9999 -9999 -9999 -9999 -9999 -9999 1.94477E-2 1.80501E-2 2.05823E-2 1.86634E-2 1.76102E-2 2.02408E-2 2.00573E-2 1.84314E-2 1.7164E-2 2.05344E-2 1.98166E-2 2.19296E-2 2.08014E-2 2.15682E-2 2.07071E-2 2.04588E-2 1.93275E-2 1.9858E-2 2.14473E-2 2.15218E-2 2.1082E-2 1.89117E-2 1.78652E-2 1.70812E-2 1.62866E-2 1.89178E-2 1.84956E-2 1.75091E-2 1.63528E-2 1.5696E-2 1.50047E-2 1.43436E-2 1.38785E-2 1.33297E-2 1.39913E-2 1.21799E-2 1.33656E-2 1.43192E-2 1.37959E-2 1.37867E-2 1.37867E-2 1.48422E-2 1.60766E-2 1.52281E-2 1.80353E-2 1.89766E-2 1.86676E-2 1.91263E-2 1.92522E-2 1.94427E-2 2.089E-2 2.14452E-2 -9999 -9999 -9999 -9999 -9999 -9999 -9999
-9999 -9999 -9999 -9999 -9999 -9999 -9999 -9999 -9999 -9999 -9999 -9999 -9999 -9999 2.12032E-2 2.05823E-2 1.81715E-2 1.76102E-2 1.58244E-2 1.83534E-2 1.67895E-2 2.04476E-2 1.92988E-2 1.80525E-2 2.0342E-2 2.05835E-2 1.99014E-2 1.94944E-2 2.00516E-2 2.04481E-2 2.18075E-2 1.97104E-2 1.96312E-2 1.76702E-2 1.6088E-2 1.60145E-2 1.57805E-2 1.77374E-2 1.82193E-2 1.64485E-2 1.55991E-2 1.56498E-2 1.57347E-2 1.38619E-2 1.35735E-2 1.31495E-2 1.18595E-2 1.29191E-2 1.2868E-2 1.43766E-2 1.36129E-2 1.3743E-2 1.43197E-2 1.36437E-2 1.40398E-2 1.63104E-2 1.80052E-2 1.72814E-2 1.78875E-2 1.70559E-2 1.80287E-2 1.74753E-2 1.85695E-2 2.00838E-2 1.99524E-2 -9999 -9999 -9999 -9999 -9999 -9999 -9999
-9999 -9999 -9999 -9999 -9999 -9999 -9999 -9999 -9999 -9999 -9999 -9999 -9999 -9999 2.12032E-2 1.98629E-2 1.74577E-2 1.62567E-2 1.52053E-2 1.69433E-2 1.60612E-2 1.50224E-2 1.82178E-2 1.79723E-2 1.95345E-2 1.91455E-2 1.91938E-2 1.87256E-2 1.98915E-2 2.05424E-2 1.84912E-2 1.65762E-2 1.57846E-2 1.60974E-2 1.62276E-2 1.58356E-2 1.51978E-2 1.57218E-2 1.65874E-2 1.50797E-2 1.43872E-2 1.44249E-2 1.41895E-2 1.32314E-2 1.25641E-2 1.20047E-2 1.11434E-2 1.25747E-2 1.45525E-2 1.44095E-2 1.36447E-2 1.35497E-2 1.34566E-2 1.22676E-2 1.1328E-2 1.26241E-2 1.51428E-2 1.70948E-2 1.70835E-2 1.62355E-2 1.64504E-2 1.63426E-2 1.74462E-2 1.75036E-2 1.90247E-2 -9999 -9999 -9999 -9999 -9999 -9999 -9999
-9999 -9999 -9999 -9999 -9999 -9999 -9999 -9999 -9999 -9999 -9999 -9999 -9999 -9999 2.0812E-2 1.92539E-2 1.59018E-2 1.52765E-2 1.40981E-2 1.57139E-2 1.50256E-2 1.7584E-2 1.75022E-2 1.68346E-2 1.92227E-2 1.83904E-2 1.86893E-2 1.90405E-2 1.78427E-2 1.7277E-2 1.78441E-2 1.68599E-2 1.59814E-2 1.64619E-2 1.49462E-2 1.35514E-2 1.40831E-2 1.51394E-2 1.60718E-2 1.46398E-2 1.43631E-2 1.38757E-2 1.3177E-2 1.24721E-2 1.24638E-2 1.23246E-2 1.10365E-2 1.29184E-2 1.32064E-2 1.36764E-2 1.28841E-2 1.33591E-2 1.15652E-2 1.17613E-2 1.08887E-2 1.02448E-2 1.10951E-2 1.48809E-2 1.48909E-2 1.36615E-2 1.41045E-2 1.42444E-2 1.43857E-2 1.58662E-2 1.835E-2 1.88313E-2 1.90494E-2 1.91429E-2 -9999 -9999 -9999 -9999
-9999 -9999 -9999 -9999 -9999 -9999 -9999 -9999 -9999 -9999 -9999 -9999 -9999 -9999 1.59525E-2 1.72297E-2 1.50096E-2 1.40383E-2 1.62119E-2 1.50288E-2 1.77451E-2 1.70443E-2 1.62359E-2 1.5406E-2 1.78071E-2 1.7382E-2 1.65365E-2 1.66707E-2 1.70151E-2 1.59134E-2 1.58406E-2 1.57368E-2 1.61083E-2 1.52581E-2 1.44813E-2 1.42549E-2 1.48337E-2 1.58413E-2 1.56546E-2 1.41344E-2 1.27168E-2 1.2675E-2 1.27083E-2 1.3103E-2 1.31869E-2 1.1187E-2 9.25553E-3 1.12574E-2 1.12128E-2 1.22824E-2 1.10477E-2 1.12727E-2 1.07426E-2 1.03022E-2 1.07353E-2 9.81489E-3 8.84415E-3 1.10038E-2 1.42579E-2 1.46235E-2 1.35137E-2 1.3603E-2 1.41273E-2 1.62024E-2 1.72966E-2 1.76409E-2 -9999 -9999 -9999 -9999 -9999 -9999
-9999 -9999 -9999 -9999 -9999 -9999 -9999 -9999 -9999 -9999 -9999 -9999 -9999 1.67517E-2 1.87546E-2 1.61193E-2 1.47443E-2 1.34858E-2 1.6068E-2 1.4632E-2 1.39314E-2 1.6017E-2 1.52819E-2 1.6362E-2 1.64948E-2 1.59074E-2 1.55035E-2 1.48368E-2 1.46581E-2 1.48764E-2 1.40262E-2 1.38248E-2 1.3644E-2 1.33159E-2 1.45525E-2 1.48963E-2 1.54501E-2 1.58039E-2 1.43669E-2 1.29572E-2 1.22563E-2 1.17234E-2 1.26871E-2 1.35945E-2 1.06572E-2 1.10707E-2 9.7119E-3 9.43788E-3 1.16723E-2 1.05795E-2 9.71038E-3 1.03299E-2 9.80506E-3 9.49647E-3 9.79847E-3 9.39664E-3 9.45247E-3 1.13047E-2 1.34378E-2 1.24584E-2 1.28963E-2 1.41502E-2 1.35356E-2 1.35356E-2 1.60902E-2 1.64647E-2 -9999 -9999 -9999 -9999 -9999 -9999
-9999 -9999 -9999 -9999 -9999 -9999 -9999 -9999 -9999 -9999 -9999 -9999 -9999 1.72272E-2 1.87546E-2 1.62636E-2 1.41641E-2 1.60715E-2 1.46351E-2 1.44375E-2 1.57373E-2 1.47965E-2 1.69661E-2 1.5843E-2 1.50949E-2 1.46748E-2 1.48368E-2 1.38383E-2 1.35231E-2 1.32851E-2 1.30682E-2 1.2796E-2 1.37564E-2 1.40073E-2 1.40352E-2 1.5088E-2 1.47931E-2 1.33858E-2 1.32543E-2 1.25374E-2 1.23573E-2 1.21635E-2 1.31632E-2 1.01428E-2 1.02551E-2 9.83148E-3 1.06477E-2 1.05011E-2 9.94151E-3 9.96863E-3 9.23572E-3 8.73637E-3 8.70174E-3 9.48058E-3 9.75266E-3 1.01599E-2 9.25795E-3 1.04554E-2 1.09781E-2 1.09707E-2 1.27482E-2 1.32924E-2 1.38869E-2 1.41172E-2 1.54677E-2 1.41822E-2 1.67583E-2 -9999 -9999 -9999 -9999 -9999
-9999 -9999 -9999 -9999 -9999 -9999 -9999 -9999 -9999 -9999 -9999 -9999 1.69087E-2 2.17527E-2 1.75431E-2 1.59762E-2 1.37286E-2 1.54395E-2 1.43123E-2 1.35058E-2 1.51859E-2 1.40974E-2 1.57153E-2 1.45565E-2 1.40943E-2 1.33419E-2 1.32981E-2 1.26825E-2 1.32151E-2 1.27705E-2 1.31759E-2 1.35941E-2 1.40717E-2 1.24424E-2 1.29223E-2 1.22637E-2 1.26531E-2 1.25124E-2 1.2147E-2 1.21713E-2 1.18393E-2 1.23366E-2 1.16425E-2 9.38669E-3 9.54954E-3 8.93507E-3 8.69645E-3 7.71993E-3 8.76826E-3 7.66144E-3 8.29264E-3 8.41927E-3 9.55883E-3 9.37152E-3 7.83462E-3 8.53926E-3 9.54283E-3 9.12744E-3 8.81096E-3 1.18611E-2 1.26018E-2 1.28828E-2 1.27775E-2 1.17602E-2 1.42751E-2 1.37906E-2 1.60047E-2 -9999 -9999 -9999 -9999 -9999
-9999 -9999 -9999 -9999 -9999 -9999 -9999 -9999 -9999 -9999 -9999 -9999 1.77989E-2 2.02855E-2 1.71567E-2 1.46165E-2 1.28999E-2 1.49651E-2 1.40592E-2 1.3149E-2 1.49852E-2 1.37049E-2 1.31629E-2 1.44979E-2 1.3758E-2 1.34962E-2 1.34962E-2 1.36972E-2 1.25369E-2 1.31064E-2 1.18778E-2 1.16454E-2 1.16071E-2 1.09427E-2 1.1313E-2 1.12387E-2 1.11136E-2 1.15046E-2 1.09859E-2 1.15613E-2 1.13203E-2 1.17572E-2 1.04253E-2 9.19141E-3 8.42578E-3 7.80544E-3 7.41687E-3 6.72275E-3 7.46419E-3 7.01731E-3 8.14046E-3 9.64421E-3 9.92285E-3 8.35942E-3 7.56658E-3 8.59771E-3 8.44667E-3 8.27549E-3 9.08215E-3 1.22256E-2 1.23429E-2 1.28528E-2 1.29803E-2 1.28952E-2 1.35875E-2 1.33881E-2 1.39222E-2 1.45731E-2 1.36899E-2 -9999 -9999 -9999
-9999 -9999 -9999 -9999 -9999 -9999 -9999 -9999 -9999 -9999 -9999 -9999 1.76336E-2 1.54739E-2 1.67788E-2 1.45514E-2 1.28999E-2 1.45051E-2 1.37491E-2 1.24076E-2 1.47369E-2 1.33232E-2 1.2848E-2 1.36505E-2 1.37412E-2 1.33841E-2 1.27616E-2 1.26778E-2 1.15651E-2 1.14137E-2 1.06545E-2 1.1139E-2 1.06931E-2 1.11426E-2 1.10694E-2 1.05564E-2 1.07319E-2 1.00177E-2 9.47511E-3 9.25883E-3 9.63577E-3 9.94218E-3 9.7153E-3 9.17386E-3 7.5326E-3 6.97997E-3 7.51622E-3 6.51339E-3 6.45134E-3 7.73463E-3 9.26994E-3 9.60073E-3 8.46587E-3 6.65369E-3 7.90727E-3 6.91599E-3 7.34858E-3 7.58254E-3 8.2128E-3 1.0176E-2 1.1237E-2 1.17788E-2 1.16246E-2 1.1663E-2 1.35824E-2 1.32294E-2 1.40551E-2 1.36899E-2 1.31817E-2 1.3578E-2 1.36228E-2 1.45252E-2
-9999 -9999 -9999 -9999 -9999 -9999 -9999 -9999 -9999 -9999 -9999 -9999 1.65188E-2 1.91826E-2 1.63362E-2 1.41041E-2 1.27283E-2 1.41852E-2 1.33262E-2 1.16847E-2 1.41544E-2 1.25909E-2 1.1899E-2 1.32747E-2 1.24085E-2 1.18311E-2 1.15234E-2 1.06862E-2 1.09534E-2 1.11167E-2 1.07778E-2 1.11939E-2 1.10109E-2 9.86355E-3 9.56265E-3 9.99775E-3 9.24035E-3 9.75692E-3 9.13746E-3 8.6423E-3 8.61954E-3 8.71944E-3 8.66209E-3 8.87889E-3 7.54947E-3 6.71043E-3 7.89494E-3 5.13136E-3 7.87615E-3 7.79328E-3 9.29125E-3 7.80975E-3 6.22118E-3 6.83066E-3 6.85755E-3 6.29123E-3 6.6666E-3 6.68415E-3 6.80247E-3 7.23514E-3 1.02228E-2 9.84268E-3 1.11372E-2 1.05479E-2 1.25919E-2 1.19261E-2 1.29448E-2 1.218E-2 1.22202E-2 1.23822E-2 1.2671E-2 1.29238E-2
-9999 -9999 -9999 -9999 -9999 -9999 -9999 -9999 -9999 -9999 -9999 -9999 1.58393E-2 1.80181E-2 1.61193E-2 1.40413E-2 1.23918E-2 1.40592E-2 1.30904E-2 1.16847E-2 1.37049E-2 1.19954E-2 1.14311E-2 1.24906E-2 1.20461E-2 1.15234E-2 1.16567E-2 1.14285E-2 1.11167E-2 1.11715E-2 1.14131E-2 1.05628E-2 1.00238E-2 1.02407E-2 1.06925E-2 1.03458E-2 9.72115E-3 1.013E-2 8.725E-3 8.74246E-3 8.65635E-3 7.86658E-3 8.48656E-3 8.2382E-3 8.184E-3 6.83755E-3 6.46905E-3 8.08157E-3 7.99683E-3 8.13803E-3 8.26256E-3 6.45099E-3 6.99172E-3 6.7592E-3 6.50579E-3 6.02638E-3 6.72171E-3 7.20405E-3 7.08131E-3 7.33589E-3 1.07405E-2 9.62764E-3 1.01455E-2 9.51382E-3 1.15777E-2 1.10378E-2 1.13658E-2 1.16877E-2 1.10015E-2 1.14975E-2 1.1981E-2 1.21E-2
-9999 -9999 -9999 -9999 -9999 -9999 -9999 -9999 -9999 -9999 -9999 -9999 -9999 1.7938E-2 1.64092E-2 1.3549E-2 1.23918E-2 1.38723E-2 1.2188E-2 1.13131E-2 1.05622E-2 1.19471E-2 1.12266E-2 1.20065E-2 1.22257E-2 1.1598E-2 1.12591E-2 1.14094E-2 1.16178E-2 1.13529E-2 1.11306E-2 1.04244E-2 1.05104E-2 9.94123E-3 1.01899E-2 1.00102E-2 1.04312E-2 9.73694E-3 9.62855E-3 9.8847E-3 8.92162E-3 8.53419E-3 8.83483E-3 8.2244E-3 8.30423E-3 6.41668E-3 5.86146E-3 7.73689E-3 8.27003E-3 6.61917E-3 5.73241E-3 6.90687E-3 7.12682E-3 6.23426E-3 6.21302E-3 6.37997E-3 6.7632E-3 7.12352E-3 6.55265E-3 7.02764E-3 9.61757E-3 8.73288E-3 9.7448E-3 1.03884E-2 1.0662E-2 1.09109E-2 1.02484E-2 9.95896E-3 1.00482E-2 1.08533E-2 1.08331E-2 1.12331E-2
-9999 -9999 -9999 -9999 -9999 -9999 -9999 -9999 -9999 -9999 -9999 -9999 -9999 1.7779E-2 1.663E-2 1.34858E-2 1.21156E-2 1.02718E-2 1.15907E-2 1.08652E-2 1.01029E-2 1.13417E-2 1.14316E-2 1.10975E-2 1.05274E-2 1.11851E-2 1.093E-2 1.06456E-2 1.02845E-2 1.00499E-2 9.84018E-3 9.67925E-3 9.82372E-3 9.43024E-3 9.85935E-3 1.0106E-2 9.46446E-3 8.95166E-3 8.41082E-3 8.76478E-3 8.61016E-3 8.62739E-3 8.5199E-3 8.5246E-3 7.15837E-3 6.63143E-3 6.34245E-3 7.87564E-3 5.83585E-3 5.51092E-3 7.15667E-3 6.89952E-3 5.19815E-3 4.67224E-3 4.54665E-3 5.97187E-3 5.32585E-3 5.968E-3 6.17436E-3 9.26863E-3 9.35773E-3 9.42297E-3 9.0175E-3 9.33286E-3 9.70544E-3 9.43673E-3 9.12927E-3 8.5202E-3 9.37588E-3 9.08651E-3 1.01099E-2 9.73148E-3
-9999 -9999 -9999 -9999 -9999 -9999 -9999 -9999 -9999 -9999 -9999 -9999 -9999 1.73875E-2 1.71531E-2 1.27255E-2 1.11821E-2 1.00448E-2 1.14511E-2 1.03092E-2 9.82106E-3 9.26259E-3 1.06321E-2 1.02706E-2 1.10207E-2 1.06283E-2 1.01489E-2 9.80462E-3 1.01498E-2 9.82054E-3 9.0765E-3 8.98711E-3 8.94252E-3 8.69824E-3 9.18464E-3 8.88658E-3 8.72981E-3 9.09713E-3 8.43546E-3 8.4245E-3 8.2214E-3 8.10302E-3 8.88697E-3 7.43728E-3 6.53498E-3 7.0961E-3 7.65559E-3 7.32424E-3 5.24518E-3 5.67952E-3 7.20415E-3 5.39534E-3 4.8034E-3 4.76824E-3 4.40152E-3 4.78247E-3 4.82741E-3 6.03727E-3 5.69436E-3 7.84121E-3 8.90004E-3 9.02844E-3 8.18384E-3 8.67946E-3 8.63112E-3 8.87894E-3 8.17354E-3 8.21644E-3 8.92322E-3 8.70383E-3 8.44837E-3 8.33682E-3
-9999 -9999 -9999 -9999 -9999 -9999 -9999 -9999 -9999 -9999 -9999 -9999 -9999 1.68537E-2 1.59729E-2 1.26689E-2 1.18481E-2 9.911E-3 1.14049E-2 1.01438E-2 9.78144E-3 9.20168E-3 1.00694E-2 9.83963E-3 1.05933E-2 1.04201E-2 9.85213E-3 9.6273E-3 9.33135E-3 8.99881E-3 8.753E-3 9.15144E-3 8.68087E-3 8.44371E-3 8.30553E-3 8.15897E-3 8.13208E-3 7.98858E-3 8.16161E-3 8.151E-3 8.26199E-3 8.55308E-3 7.54674E-3 7.56032E-3 6.82746E-3 6.77547E-3 7.33396E-3 5.86692E-3 5.49826E-3 6.62692E-3 7.10249E-3 4.99903E-3 4.49435E-3 4.43231E-3 3.88523E-3 4.30781E-3 4.48505E-3 6.16198E-3 6.58695E-3 7.70512E-3 8.34473E-3 7.99509E-3 7.87184E-3 8.1789E-3 8.21427E-3 7.80108E-3 7.57033E-3 7.29119E-3 8.17484E-3 8.14772E-3 8.13864E-3 8.00733E-3
-9999 -9999 -9999 -9999 -9999 -9999 -9999 -9999 -9999 -9999 -9999 -9999 -9999 1.65561E-2 1.44836E-2 1.26689E-2 1.16383E-2 9.86679E-3 1.14974E-2 1.03928E-2 9.47895E-3 8.84451E-3 1.00363E-2 9.67871E-3 9.00122E-3 1.03859E-2 9.90073E-3 9.2232E-3 8.99881E-3 9.04322E-3 8.52496E-3 8.53882E-3 8.89814E-3 8.16959E-3 7.87829E-3 8.37412E-3 8.14531E-3 8.37683E-3 7.94891E-3 7.65548E-3 7.95149E-3 7.78541E-3 6.94766E-3 6.95458E-3 6.47145E-3 7.1192E-3 7.10443E-3 4.65222E-3 5.5317E-3 6.12794E-3 6.63655E-3 4.8905E-3 5.31833E-3 4.41361E-3 4.08958E-3 5.62497E-3 5.26244E-3 6.29349E-3 7.08557E-3 6.85787E-3 7.17413E-3 7.17944E-3 7.2931E-3 7.07123E-3 7.52728E-3 7.1179E-3 7.04553E-3 6.6762E-3 7.57612E-3 7.6517E-3 7.29347E-3 7.3372E-3
-9999 -9999 -9999 -9999 -9999 -9999 -9999 -9999 -9999 -9999 -9999 -9999 -9999 1.17803E-2 1.41641E-2 1.19544E-2 1.10308E-2 1.00884E-2 8.50747E-3 9.90078E-3 9.29319E-3 8.15778E-3 1.00694E-2 9.30311E-3 8.91256E-3 9.98295E-3 9.31493E-3 9.28426E-3 8.56427E-3 8.83676E-3 8.53882E-3 8.26163E-3 8.26163E-3 7.85232E-3 8.03587E-3 7.68831E-3 7.70081E-3 7.42894E-3 7.615E-3 7.89916E-3 7.93817E-3 7.61597E-3 6.77323E-3 6.4995E-3 6.34299E-3 7.16245E-3 5.95355E-3 4.3336E-3 5.42296E-3 6.16192E-3 5.02974E-3 3.91383E-3 5.30551E-3 3.97299E-3 3.79821E-3 5.21263E-3 5.86475E-3 5.37068E-3 5.74511E-3 6.52615E-3 6.99458E-3 6.57812E-3 6.25798E-3 6.99196E-3 6.57547E-3 6.39797E-3 6.29278E-3 6.10459E-3 6.73982E-3 6.72717E-3 6.38958E-3 6.50413E-3
-9999 -9999 -9999 -9999 -9999 -9999 -9999 -9999 -9999 -9999 -9999 -9999 -9999 1.14688E-2 1.40353E-2 1.22764E-2 1.0739E-2 9.48929E-3 8.47335E-3 9.38561E-3 9.05114E-3 8.55743E-3 9.9536E-3 9.3799E-3 8.76674E-3 9.43865E-3 9.54799E-3 9.26872E-3 8.74972E-3 9.05791E-3 8.26163E-3 8.09963E-3 7.9408E-3 7.69832E-3 7.78758E-3 7.75182E-3 7.76443E-3 8.11805E-3 7.8962E-3 7.88298E-3 7.97431E-3 7.15172E-3 6.50146E-3 5.91291E-3 5.70935E-3 6.79334E-3 6.61574E-3 4.44761E-3 5.51064E-3 4.67155E-3 4.0429E-3 3.82827E-3 3.79101E-3 3.94093E-3 4.20746E-3 5.11383E-3 4.46275E-3 5.18241E-3 4.90412E-3 5.99499E-3 6.23473E-3 6.07016E-3 5.54049E-3 5.46568E-3 6.08504E-3 5.39483E-3 5.76031E-3 5.82499E-3 5.59326E-3 5.32865E-3 6.02067E-3 6.06249E-3
-9999 -9999 -9999 -9999 -9999 -9999 -9999 -9999 -9999 -9999 -9999 -9999 -9999 -9999 1.27825E-2 1.21673E-2 1.09304E-2 9.18725E-3 8.61157E-3 9.20168E-3 8.69979E-3 8.57134E-3 9.50448E-3 9.07553E-3 8.86834E-3 8.32939E-3 9.17744E-3 8.73432E-3 8.46571E-3 8.79291E-3 8.23132E-3 8.35739E-3 7.87533E-3 7.44831E-3 7.66009E-3 7.85192E-3 7.23256E-3 7.46283E-3 6.96547E-3 6.76148E-3 6.64207E-3 6.87629E-3 7.2013E-3 6.46067E-3 5.69372E-3 5.44437E-3 5.00346E-3 4.6591E-3 4.93212E-3 5.00687E-3 5.42287E-3 4.02962E-3 3.3883E-3 3.16206E-3 4.34844E-3 4.07363E-3 3.88265E-3 3.92809E-3 4.62078E-3 4.89428E-3 5.63396E-3 5.28243E-3 4.28443E-3 4.85219E-3 5.53239E-3 6.05626E-3 5.01087E-3 5.44159E-3 5.23967E-3 5.13517E-3 5.44049E-3 5.65606E-3
-9999 -9999 -9999 -9999 -9999 -9999 -9999 -9999 -9999 -9999 -9999 -9999 -9999 -9999 1.31854E-2 1.17427E-2 1.05473E-2 9.07646E-3 8.68151E-3 9.55718E-3 9.09581E-3 8.09054E-3 9.13561E-3 8.81001E-3 8.30195E-3 9.23819E-3 9.11709E-3 8.89404E-3 8.56383E-3 8.98328E-3 8.35426E-3 8.05942E-3 8.39865E-3 7.63198E-3 7.41132E-3 6.91738E-3 7.13765E-3 6.78384E-3 6.78384E-3 6.24847E-3 6.46885E-3 6.85361E-3 6.27118E-3 6.04736E-3 6.30217E-3 5.86253E-3 5.40123E-3 4.89634E-3 5.44251E-3 5.16982E-3 4.99789E-3 4.58965E-3 4.31449E-3 3.00121E-3 3.35058E-3 3.23665E-3 3.55911E-3 4.57715E-3 4.66817E-3 5.07712E-3 5.66181E-3 4.922E-3 4.10646E-3 4.59957E-3 5.3516E-3 4.84821E-3 4.46295E-3 4.85096E-3 4.66944E-3 4.66944E-3 4.8594E-3 5.1346E-3
