Artocarpus altilis SDM files/MIS19/results (without bias file)/Artalt_9.asc
ncols         1201
nrows         481
xllcorner     119.99986351115
yllcorner     -15.00013828885
cellsize      0.041666667
NODATA_value  -9999
[rows 160 to 191 of 481, columns 0 to 71 of 1201]
2.31332E-1 3.03285E-1 4.22794E-1 3.44957E-1 3.78362E-1 4.19999E-1 4.28437E-1 4.55618E-1 4.94472E-1 4.39171E-1 3.53946E-1 3.46304E-1 4.17359E-1 4.96993E-1 5.3858E-1 5.88426E-1 5.78643E-1 5.7146E-1 5.89409E-1 5.64303E-1 4.98224E-1 4.45171E-1 4.17403E-1 3.88552E-1 3.33516E-1 3.04657E-1 3.86695E-1 5.00381E-1 4.46328E-1 4.76827E-1 7.95169E-1 5.9565E-1 4.22736E-1 3.34833E-1 4.55934E-1 4.08139E-1 3.53668E-1 4.24922E-1 4.73303E-1 5.28187E-1 4.45305E-1 5.60352E-1 6.76837E-1 5.74786E-1 6.84786E-1 8.71765E-1 9.28941E-1 9.43018E-1 9.46827E-1 9.57402E-1 9.57378E-1 -9999 -9999 -9999 -9999 -9999 -9999 -9999 -9999 -9999 -9999 -9999 -9999 -9999 -9999 -9999 -9999 -9999 -9999 -9999 -9999 -9999
2.82422E-1 3.28605E-1 4.48052E-1 3.37685E-1 3.87455E-1 3.975E-1 4.35652E-1 4.52683E-1 4.85972E-1 3.65634E-1 3.37619E-1 3.61369E-1 4.44886E-1 4.92837E-1 5.41426E-1 5.6995E-1 5.8437E-1 5.74221E-1 5.60197E-1 4.9022E-1 4.44401E-1 4.45666E-1 3.71604E-1 3.1478E-1 2.86822E-1 3.40398E-1 4.67272E-1 5.11162E-1 4.72987E-1 4.89899E-1 6.06768E-1 7.32208E-1 4.80017E-1 3.6317E-1 4.68355E-1 4.66472E-1 3.76669E-1 4.53586E-1 4.63491E-1 5.41887E-1 4.9932E-1 5.4983E-1 8.42384E-1 6.84407E-1 9.03251E-1 9.07532E-1 9.27953E-1 9.35545E-1 -9999 -9999 -9999 -9999 -9999 -9999 -9999 -9999 -9999 -9999 -9999 -9999 -9999 -9999 -9999 -9999 -9999 -9999 -9999 -9999 -9999 -9999 -9999 -9999
3.59277E-1 3.80387E-1 4.53876E-1 3.44613E-1 4.02121E-1 4.45343E-1 4.19814E-1 4.33474E-1 4.69984E-1 3.75288E-1 3.42624E-1 4.22282E-1 4.649E-1 5.1267E-1 5.29016E-1 5.63519E-1 5.69189E-1 4.95352E-1 5.3203E-1 4.02216E-1 4.38992E-1 4.65514E-1 3.37696E-1 2.93231E-1 3.31629E-1 4.29105E-1 5.06772E-1 5.05955E-1 4.90969E-1 4.26831E-1 4.65738E-1 8.34872E-1 5.32008E-1 4.44146E-1 4.40296E-1 4.76202E-1 4.60776E-1 5.0691E-1 5.17027E-1 5.95007E-1 6.97013E-1 7.52737E-1 8.59938E-1 8.53648E-1 9.14903E-1 9.13102E-1 -9999 -9999 -9999 -9999 -9999 -9999 -9999 -9999 -9999 -9999 -9999 -9999 -9999 -9999 -9999 -9999 -9999 -9999 -9999 -9999 -9999 -9999 -9999 -9999 -9999 -9999
3.75563E-1 3.35119E-1 4.69699E-1 3.93571E-1 3.51084E-1 3.39883E-1 3.67821E-1 4.4734E-1 4.41781E-1 3.58038E-1 3.53928E-1 4.12452E-1 4.91038E-1 5.466E-1 5.75327E-1 5.8259E-1 5.16304E-1 4.94405E-1 4.7936E-1 3.90608E-1 4.74332E-1 4.62806E-1 3.29793E-1 3.38284E-1 4.30854E-1 4.99699E-1 5.20792E-1 4.85654E-1 4.64201E-1 3.71023E-1 4.3334E-1 8.0699E-1 5.7559E-1 4.50882E-1 4.43876E-1 4.87616E-1 5.96019E-1 6.68773E-1 7.27592E-1 7.45317E-1 8.46869E-1 8.61793E-1 8.733E-1 8.78697E-1 -9999 -9999 -9999 -9999 -9999 -9999 -9999 -9999 -9999 -9999 -9999 -9999 -9999 -9999 -9999 -9999 -9999 -9999 -9999 -9999 -9999 -9999 -9999 -9999 -9999 -9999 -9999 -9999
4.31428E-1 3.7663E-1 4.67752E-1 4.09153E-1 3.47077E-1 3.63012E-1 3.97077E-1 4.64184E-1 4.48218E-1 3.94886E-1 3.47728E-1 4.50968E-1 5.26452E-1 5.51484E-1 5.78565E-1 5.34635E-1 4.99859E-1 4.46242E-1 4.29188E-1 4.36129E-1 4.81274E-1 4.16513E-1 3.62316E-1 4.16845E-1 4.90771E-1 5.19992E-1 5.18273E-1 4.44435E-1 4.55508E-1 4.41063E-1 4.2749E-1 7.97374E-1 8.19739E-1 7.35484E-1 7.37859E-1 6.1692E-1 7.93642E-1 7.7177E-1 7.97037E-1 7.35041E-1 8.20172E-1 8.34853E-1 8.59914E-1 -9999 -9999 -9999 -9999 -9999 -9999 -9999 -9999 -9999 -9999 -9999 -9999 -9999 -9999 -9999 -9999 -9999 -9999 -9999 -9999 -9999 -9999 -9999 -9999 -9999 -9999 -9999 -9999 -9999
3.67516E-1 3.62477E-1 4.00411E-1 4.27735E-1 3.95272E-1 4.46521E-1 4.92754E-1 5.06411E-1 4.68652E-1 3.32549E-1 3.92676E-1 4.91112E-1 5.28351E-1 5.42909E-1 5.59472E-1 5.72381E-1 5.05221E-1 3.96824E-1 4.51388E-1 4.92614E-1 4.77349E-1 4.91055E-1 4.47071E-1 4.82386E-1 5.20802E-1 5.20529E-1 5.58487E-1 4.71879E-1 4.60819E-1 5.17801E-1 5.01409E-1 7.31342E-1 8.06714E-1 8.22427E-1 7.99066E-1 7.61651E-1 8.1496E-1 8.02646E-1 8.03567E-1 7.9864E-1 8.19078E-1 8.32528E-1 8.52875E-1 -9999 -9999 -9999 -9999 -9999 -9999 -9999 -9999 -9999 -9999 -9999 -9999 -9999 -9999 -9999 -9999 -9999 -9999 -9999 -9999 -9999 -9999 -9999 -9999 -9999 -9999 -9999 -9999 -9999
3.22346E-1 3.30351E-1 3.58952E-1 4.55462E-1 4.60193E-1 4.60712E-1 5.21622E-1 5.1165E-1 4.01651E-1 3.45966E-1 4.10212E-1 4.99825E-1 5.27483E-1 5.3522E-1 5.5007E-1 5.82085E-1 4.94101E-1 3.99924E-1 4.84937E-1 5.444E-1 4.92864E-1 5.3338E-1 5.11191E-1 5.21667E-1 5.26041E-1 5.78412E-1 6.1449E-1 5.58418E-1 5.04498E-1 6.41199E-1 4.67752E-1 5.1389E-1 8.27784E-1 7.91607E-1 8.1945E-1 8.15635E-1 8.22062E-1 8.01394E-1 8.04244E-1 7.52935E-1 7.87241E-1 8.31263E-1 -9999 -9999 -9999 -9999 -9999 -9999 -9999 -9999 -9999 -9999 -9999 -9999 -9999 -9999 -9999 -9999 -9999 -9999 -9999 -9999 -9999 -9999 -9999 -9999 -9999 -9999 -9999 -9999 -9999 -9999
3.64922E-1 3.83166E-1 3.53553E-1 4.20069E-1 4.74125E-1 4.945E-1 5.25347E-1 5.19526E-1 4.0252E-1 3.85509E-1 4.4367E-1 4.86336E-1 5.08594E-1 5.02724E-1 5.33051E-1 5.57785E-1 5.04754E-1 4.08874E-1 4.92216E-1 5.20115E-1 5.4113E-1 5.00863E-1 6.02915E-1 6.01287E-1 5.84643E-1 6.28097E-1 6.38192E-1 5.83109E-1 4.27601E-1 7.3127E-1 6.48653E-1 6.6338E-1 8.26125E-1 6.06375E-1 8.00108E-1 8.12515E-1 8.20703E-1 8.08279E-1 7.63729E-1 7.7717E-1 8.37187E-1 -9999 -9999 -9999 -9999 -9999 -9999 -9999 -9999 -9999 -9999 -9999 -9999 -9999 -9999 -9999 -9999 -9999 -9999 -9999 -9999 -9999 -9999 -9999 -9999 -9999 -9999 -9999 -9999 -9999 -9999 -9999
3.25626E-1 3.44476E-1 3.137E-1 3.69555E-1 4.61128E-1 4.75383E-1 4.95336E-1 4.6974E-1 3.46086E-1 3.49556E-1 4.18375E-1 3.91196E-1 3.71915E-1 4.71113E-1 5.18381E-1 5.32529E-1 5.26332E-1 4.39219E-1 4.93092E-1 4.941E-1 5.30049E-1 5.07526E-1 5.05358E-1 6.27087E-1 6.34482E-1 6.44741E-1 6.43996E-1 5.29573E-1 4.30301E-1 8.07785E-1 8.01365E-1 5.43259E-1 7.5869E-1 5.52616E-1 7.36156E-1 8.10689E-1 -9999 -9999 -9999 -9999 -9999 -9999 -9999 -9999 -9999 -9999 -9999 -9999 -9999 -9999 -9999 -9999 -9999 -9999 -9999 -9999 -9999 -9999 -9999 -9999 -9999 -9999 -9999 -9999 -9999 -9999 -9999 -9999 -9999 -9999 -9999 -9999
3.09906E-1 2.94606E-1 2.71574E-1 3.10732E-1 3.91402E-1 4.12355E-1 3.90084E-1 3.87693E-1 3.42048E-1 3.22905E-1 3.92561E-1 4.2735E-1 3.44634E-1 4.45244E-1 5.14838E-1 5.25692E-1 5.31916E-1 5.36107E-1 5.12602E-1 5.33624E-1 5.36818E-1 5.45474E-1 5.16723E-1 5.78991E-1 6.10473E-1 6.03861E-1 5.96532E-1 4.72497E-1 4.26474E-1 7.93625E-1 8.29984E-1 6.93298E-1 7.25119E-1 7.35537E-1 7.76126E-1 7.75814E-1 8.19234E-1 -9999 -9999 -9999 -9999 -9999 -9999 -9999 -9999 -9999 -9999 -9999 -9999 -9999 -9999 -9999 -9999 -9999 -9999 -9999 -9999 -9999 -9999 -9999 -9999 -9999 -9999 -9999 -9999 -9999 -9999 -9999 -9999 -9999 -9999 -9999
3.31255E-1 2.87381E-1 2.65238E-1 3.24917E-1 3.70009E-1 3.85485E-1 3.87287E-1 3.60678E-1 3.16068E-1 3.08276E-1 3.73295E-1 4.32768E-1 3.5209E-1 4.31592E-1 4.43106E-1 5.06257E-1 5.31594E-1 5.5666E-1 5.08588E-1 4.99491E-1 5.29845E-1 5.42989E-1 5.59258E-1 5.28093E-1 5.48989E-1 5.02329E-1 5.17506E-1 3.97569E-1 4.47966E-1 8.01063E-1 7.78236E-1 7.30765E-1 7.73949E-1 8.18075E-1 7.91386E-1 7.99316E-1 8.00825E-1 -9999 -9999 -9999 -9999 -9999 -9999 -9999 -9999 -9999 -9999 -9999 -9999 -9999 -9999 -9999 -9999 -9999 -9999 -9999 -9999 -9999 -9999 -9999 -9999 -9999 -9999 -9999 -9999 -9999 -9999 -9999 -9999 -9999 -9999 -9999
3.26338E-1 2.77718E-1 3.16886E-1 3.70983E-1 3.83795E-1 3.42365E-1 4.23334E-1 4.16327E-1 3.66659E-1 2.99686E-1 3.24214E-1 3.81203E-1 3.20109E-1 4.51767E-1 4.28252E-1 4.23279E-1 5.20602E-1 5.36383E-1 5.31441E-1 4.74457E-1 5.17221E-1 5.01912E-1 5.38476E-1 5.01194E-1 5.29162E-1 5.08654E-1 4.72291E-1 4.30497E-1 4.52762E-1 4.96964E-1 6.30037E-1 5.7326E-1 7.01936E-1 5.7354E-1 5.49401E-1 7.77644E-1 7.9103E-1 8.08417E-1 -9999 -9999 -9999 -9999 -9999 -9999 -9999 -9999 -9999 -9999 -9999 -9999 -9999 -9999 -9999 -9999 -9999 -9999 -9999 -9999 -9999 -9999 -9999 -9999 -9999 -9999 -9999 -9999 -9999 -9999 -9999 -9999 -9999 -9999
3.54571E-1 2.82502E-1 3.76526E-1 3.90048E-1 3.19279E-1 3.52545E-1 3.92112E-1 4.45976E-1 4.04934E-1 2.8754E-1 2.92376E-1 3.25942E-1 3.00339E-1 3.68492E-1 4.21778E-1 3.99049E-1 4.76232E-1 5.24425E-1 5.39332E-1 5.01581E-1 4.63045E-1 4.8444E-1 5.22568E-1 4.93239E-1 4.75048E-1 5.08024E-1 4.31546E-1 3.90094E-1 5.67432E-1 7.2959E-1 7.76646E-1 7.21366E-1 6.80723E-1 7.5017E-1 6.19118E-1 7.06196E-1 7.92366E-1 7.85672E-1 -9999 -9999 -9999 -9999 -9999 -9999 -9999 -9999 -9999 -9999 -9999 -9999 -9999 -9999 -9999 -9999 -9999 -9999 -9999 -9999 -9999 -9999 -9999 -9999 -9999 -9999 -9999 -9999 -9999 -9999 -9999 -9999 -9999 -9999
3.79095E-1 2.82907E-1 3.60992E-1 2.71924E-1 2.96899E-1 3.37157E-1 3.83435E-1 4.0628E-1 4.50411E-1 3.44673E-1 2.86169E-1 3.33902E-1 3.72179E-1 3.68578E-1 3.82041E-1 4.13722E-1 3.39671E-1 4.3146E-1 5.18712E-1 5.00124E-1 4.43284E-1 4.77624E-1 4.81933E-1 4.90737E-1 4.70449E-1 4.73045E-1 4.02209E-1 4.16394E-1 4.64796E-1 7.15273E-1 7.60532E-1 7.60475E-1 7.52972E-1 5.54515E-1 6.44767E-1 6.13654E-1 7.15447E-1 7.85399E-1 7.92488E-1 7.92747E-1 7.86997E-1 7.86903E-1 8.04511E-1 -9999 -9999 -9999 -9999 -9999 -9999 -9999 -9999 -9999 -9999 -9999 -9999 -9999 -9999 -9999 -9999 -9999 -9999 -9999 -9999 -9999 -9999 -9999 -9999 -9999 -9999 -9999 -9999 -9999
4.23148E-1 2.78957E-1 2.74976E-1 2.81258E-1 2.53212E-1 2.86331E-1 3.15198E-1 3.82882E-1 3.80404E-1 2.94864E-1 3.36832E-1 3.07519E-1 3.86602E-1 4.24641E-1 4.24037E-1 4.27482E-1 3.42513E-1 2.78062E-1 3.81273E-1 4.37973E-1 4.17924E-1 4.2089E-1 3.59116E-1 3.5041E-1 3.59769E-1 3.89412E-1 3.6724E-1 4.07502E-1 4.72315E-1 5.51228E-1 7.14584E-1 7.52573E-1 7.59597E-1 6.00345E-1 4.99943E-1 5.11032E-1 5.10499E-1 7.07977E-1 7.92821E-1 7.93279E-1 7.93849E-1 7.87474E-1 7.97543E-1 -9999 -9999 -9999 -9999 -9999 -9999 -9999 -9999 -9999 -9999 -9999 -9999 -9999 -9999 -9999 -9999 -9999 -9999 -9999 -9999 -9999 -9999 -9999 -9999 -9999 -9999 -9999 -9999 -9999
3.91208E-1 2.66896E-1 2.89627E-1 2.90794E-1 2.57965E-1 2.88705E-1 3.12973E-1 2.95068E-1 2.97958E-1 2.83622E-1 4.09259E-1 3.12587E-1 3.19847E-1 4.04362E-1 4.07225E-1 3.80517E-1 3.74598E-1 3.19683E-1 3.49649E-1 3.56799E-1 3.26463E-1 3.38977E-1 3.24331E-1 2.94717E-1 3.39429E-1 2.9536E-1 3.00049E-1 3.90932E-1 4.8908E-1 4.20325E-1 7.05897E-1 7.4338E-1 7.44546E-1 6.39644E-1 4.81807E-1 4.53769E-1 4.46523E-1 6.35891E-1 7.6965E-1 7.69685E-1 7.83419E-1 7.86219E-1 7.88395E-1 7.98222E-1 -9999 -9999 -9999 -9999 -9999 -9999 -9999 -9999 -9999 -9999 -9999 -9999 -9999 -9999 -9999 -9999 -9999 -9999 -9999 -9999 -9999 -9999 -9999 -9999 -9999 -9999 -9999 -9999
3.60401E-1 2.48934E-1 2.73103E-1 3.16061E-1 3.11297E-1 2.85168E-1 2.796E-1 3.54855E-1 3.33245E-1 2.84077E-1 4.0971E-1 4.06141E-1 3.34962E-1 3.81056E-1 3.94969E-1 3.54951E-1 2.8516E-1 3.71965E-1 3.52914E-1 3.05041E-1 2.96593E-1 3.10328E-1 2.84248E-1 2.92631E-1 3.34474E-1 3.64753E-1 3.13421E-1 4.5324E-1 4.91374E-1 4.80283E-1 5.64328E-1 7.1219E-1 5.86855E-1 5.23192E-1 4.41782E-1 4.94238E-1 4.41031E-1 5.14989E-1 6.91041E-1 7.23154E-1 6.53287E-1 6.91781E-1 5.77865E-1 7.66089E-1 8.02217E-1 -9999 -9999 -9999 -9999 -9999 -9999 -9999 -9999 -9999 -9999 -9999 -9999 -9999 -9999 -9999 -9999 -9999 -9999 -9999 -9999 -9999 -9999 -9999 -9999 -9999 -9999 -9999
3.87578E-1 2.61834E-1 2.41715E-1 2.80675E-1 2.70596E-1 2.71471E-1 3.30648E-1 3.55973E-1 3.48628E-1 3.44259E-1 4.56029E-1 3.85607E-1 2.72612E-1 3.11495E-1 2.99511E-1 2.53823E-1 2.51984E-1 2.99639E-1 4.21042E-1 4.00815E-1 3.67341E-1 3.42115E-1 3.32137E-1 3.51977E-1 3.62037E-1 3.89797E-1 3.4619E-1 4.36886E-1 3.95273E-1 3.72414E-1 4.11159E-1 5.81306E-1 4.99159E-1 3.75079E-1 4.5352E-1 4.29344E-1 4.11003E-1 4.23192E-1 5.13396E-1 5.90353E-1 5.49289E-1 5.53182E-1 4.90863E-1 7.35405E-1 7.79957E-1 -9999 -9999 -9999 -9999 -9999 -9999 -9999 -9999 -9999 -9999 -9999 -9999 -9999 -9999 -9999 -9999 -9999 -9999 -9999 -9999 -9999 -9999 -9999 -9999 -9999 -9999 -9999
3.21041E-1 2.7875E-1 2.64361E-1 2.73171E-1 3.00177E-1 2.86618E-1 3.21636E-1 3.6696E-1 4.09451E-1 4.26605E-1 4.8871E-1 3.98829E-1 2.57981E-1 2.13474E-1 2.22644E-1 2.9993E-1 2.83846E-1 3.28251E-1 5.13142E-1 7.24358E-1 6.56095E-1 4.46012E-1 4.02171E-1 4.29756E-1 4.48254E-1 3.82832E-1 3.65938E-1 3.73184E-1 3.59182E-1 3.90093E-1 4.01922E-1 4.5933E-1 4.52867E-1 3.93166E-1 4.45448E-1 4.00145E-1 4.32838E-1 4.01713E-1 4.28686E-1 4.56107E-1 4.71284E-1 4.47816E-1 6.04939E-1 6.47349E-1 7.2735E-1 7.89087E-1 -9999 -9999 -9999 -9999 -9999 -9999 -9999 -9999 -9999 -9999 -9999 -9999 -9999 -9999 -9999 -9999 -9999 -9999 -9999 -9999 -9999 -9999 -9999 -9999 -9999 -9999
2.64056E-1 3.46846E-1 3.66197E-1 3.04064E-1 3.53737E-1 3.11211E-1 3.43871E-1 3.50611E-1 4.03306E-1 6.1085E-1 4.56719E-1 3.54538E-1 2.43296E-1 2.07163E-1 2.51656E-1 3.19784E-1 3.35007E-1 3.58276E-1 6.62771E-1 7.53883E-1 7.92917E-1 7.6661E-1 7.0842E-1 5.59869E-1 7.00962E-1 4.93914E-1 4.86398E-1 4.58512E-1 4.24855E-1 4.6571E-1 4.54474E-1 4.32541E-1 4.23016E-1 3.68003E-1 4.02671E-1 3.66276E-1 4.14168E-1 4.07275E-1 4.05352E-1 4.02328E-1 4.29078E-1 4.40357E-1 4.52468E-1 5.02434E-1 6.30134E-1 7.49678E-1 8.05512E-1 -9999 -9999 -9999 -9999 -9999 -9999 -9999 -9999 -9999 -9999 -9999 -9999 -9999 -9999 -9999 -9999 -9999 -9999 -9999 -9999 -9999 -9999 -9999 -9999 -9999
3.17053E-1 3.58783E-1 4.12338E-1 3.6671E-1 3.76682E-1 3.16604E-1 3.6606E-1 4.71553E-1 6.05813E-1 6.54701E-1 3.63614E-1 3.55094E-1 3.23494E-1 2.45405E-1 2.63101E-1 2.99794E-1 3.76276E-1 4.77759E-1 7.03716E-1 7.66216E-1 7.9188E-1 8.00105E-1 7.87771E-1 4.69326E-1 6.76537E-1 7.34865E-1 6.16435E-1 4.92332E-1 4.53175E-1 4.45033E-1 4.56544E-1 4.55406E-1 4.49912E-1 4.55494E-1 3.91021E-1 3.7164E-1 3.94085E-1 3.72035E-1 3.55655E-1 4.06918E-1 4.17881E-1 4.43304E-1 4.51237E-1 4.23327E-1 4.31517E-1 6.37569E-1 7.34437E-1 -9999 -9999 -9999 -9999 -9999 -9999 -9999 -9999 -9999 -9999 -9999 -9999 -9999 -9999 -9999 -9999 -9999 -9999 -9999 -9999 -9999 -9999 -9999 -9999 -9999
3.90242E-1 3.96478E-1 3.83276E-1 4.22185E-1 3.49558E-1 3.81919E-1 5.34413E-1 6.43822E-1 6.90136E-1 6.61996E-1 5.17713E-1 4.01191E-1 3.3468E-1 2.69867E-1 3.41442E-1 3.36678E-1 4.40623E-1 6.00737E-1 7.32211E-1 7.55729E-1 7.87306E-1 7.74783E-1 7.57672E-1 6.86365E-1 6.67121E-1 4.04433E-1 5.62173E-1 4.40859E-1 3.80117E-1 3.49954E-1 3.68418E-1 3.95392E-1 4.4821E-1 4.43876E-1 4.50977E-1 4.14375E-1 3.75388E-1 4.08951E-1 4.16617E-1 3.7657E-1 4.18704E-1 4.30989E-1 4.21012E-1 4.20714E-1 4.04622E-1 4.99075E-1 6.11684E-1 7.92301E-1 -9999 -9999 -9999 -9999 -9999 -9999 -9999 -9999 -9999 -9999 -9999 -9999 -9999 -9999 -9999 -9999 -9999 -9999 -9999 -9999 -9999 -9999 -9999 -9999
4.06058E-1 3.70384E-1 3.30407E-1 3.69729E-1 5.13729E-1 6.0674E-1 6.87956E-1 7.43982E-1 7.30862E-1 7.34949E-1 6.93314E-1 5.34871E-1 5.04189E-1 3.51001E-1 4.39177E-1 4.25007E-1 6.5759E-1 6.93804E-1 7.67635E-1 7.63432E-1 7.72091E-1 7.82053E-1 7.2584E-1 7.55547E-1 6.64886E-1 5.13912E-1 6.27107E-1 4.21461E-1 3.96365E-1 4.2425E-1 4.72359E-1 3.59599E-1 4.01523E-1 4.20352E-1 4.30683E-1 4.08764E-1 4.51418E-1 4.5514E-1 4.54967E-1 4.38143E-1 4.08898E-1 3.80689E-1 3.56568E-1 3.89981E-1 3.94587E-1 4.69591E-1 4.45886E-1 7.23982E-1 -9999 -9999 -9999 -9999 -9999 -9999 -9999 -9999 -9999 -9999 -9999 -9999 -9999 -9999 -9999 -9999 -9999 -9999 -9999 -9999 -9999 -9999 -9999 -9999
3.55977E-1 4.26116E-1 4.14167E-1 4.55608E-1 6.15689E-1 7.10153E-1 7.46995E-1 7.55669E-1 7.47791E-1 7.47545E-1 7.40339E-1 7.22767E-1 7.40958E-1 7.28884E-1 7.08291E-1 6.87717E-1 7.40402E-1 7.66056E-1 7.76224E-1 7.80155E-1 7.73253E-1 7.65675E-1 7.60899E-1 7.9172E-1 7.98873E-1 8.03278E-1 7.4787E-1 4.73572E-1 3.60823E-1 4.07189E-1 4.93687E-1 4.05903E-1 3.98672E-1 4.32402E-1 4.36518E-1 4.64078E-1 4.76783E-1 4.70063E-1 4.47643E-1 4.47015E-1 4.4253E-1 4.13763E-1 3.70206E-1 3.79753E-1 4.26062E-1 4.13851E-1 4.11921E-1 5.42614E-1 8.1648E-1 -9999 -9999 -9999 -9999 -9999 -9999 -9999 -9999 -9999 -9999 -9999 -9999 -9999 -9999 -9999 -9999 -9999 -9999 -9999 -9999 -9999 -9999 -9999
3.84565E-1 4.39926E-1 4.07821E-1 4.05298E-1 5.59126E-1 7.52321E-1 7.60759E-1 7.54634E-1 7.4779E-1 7.42994E-1 7.39413E-1 7.39227E-1 7.38546E-1 7.63635E-1 7.41987E-1 7.44698E-1 7.5969E-1 7.67614E-1 7.7646E-1 7.74447E-1 7.73023E-1 7.68788E-1 7.66711E-1 7.82658E-1 7.90341E-1 7.90097E-1 7.89139E-1 5.58472E-1 4.4553E-1 5.17743E-1 4.41409E-1 4.29374E-1 4.37496E-1 4.44395E-1 4.63512E-1 4.31643E-1 4.58149E-1 4.27316E-1 4.00244E-1 4.27467E-1 4.33491E-1 4.48559E-1 4.03432E-1 4.01405E-1 4.34595E-1 4.13841E-1 3.93319E-1 4.31138E-1 7.46791E-1 -9999 -9999 -9999 -9999 -9999 -9999 -9999 -9999 -9999 -9999 -9999 -9999 -9999 -9999 -9999 -9999 -9999 -9999 -9999 -9999 -9999 -9999 -9999
3.24218E-1 3.50739E-1 3.82762E-1 3.96963E-1 7.08485E-1 7.78941E-1 7.68553E-1 7.59711E-1 7.51137E-1 7.46174E-1 7.3867E-1 7.54758E-1 7.61284E-1 7.63334E-1 7.60861E-1 7.61465E-1 -9999 -9999 -9999 -9999 -9999 7.78479E-1 7.71856E-1 7.68048E-1 7.86452E-1 8.03554E-1 7.90028E-1 7.86421E-1 5.74741E-1 4.66422E-1 4.36254E-1 4.31628E-1 3.84265E-1 4.22872E-1 4.65838E-1 4.80345E-1 4.80105E-1 4.80455E-1 4.66983E-1 4.77018E-1 4.5773E-1 4.31966E-1 3.80606E-1 3.70332E-1 3.92371E-1 3.94628E-1 6.07368E-1 7.16825E-1 8.05199E-1 -9999 -9999 -9999 -9999 -9999 -9999 -9999 -9999 -9999 -9999 -9999 -9999 -9999 -9999 -9999 -9999 -9999 -9999 -9999 -9999 -9999 -9999 -9999
3.42634E-1 3.86304E-1 4.11975E-1 6.84448E-1 7.88179E-1 7.75575E-1 7.66038E-1 7.55648E-1 7.53274E-1 7.50281E-1 7.40835E-1 7.63574E-1 7.60015E-1 7.62189E-1 -9999 -9999 -9999 -9999 -9999 -9999 -9999 -9999 -9999 -9999 -9999 7.99812E-1 7.85261E-1 4.40262E-1 5.71886E-1 4.68444E-1 3.67663E-1 4.14467E-1 4.09691E-1 3.68639E-1 4.32279E-1 4.80487E-1 4.80662E-1 4.80716E-1 4.88946E-1 4.67865E-1 4.69524E-1 4.18952E-1 3.71463E-1 3.54492E-1 3.69337E-1 3.75855E-1 4.0477E-1 4.87543E-1 5.59438E-1 5.93754E-1 7.00219E-1 -9999 -9999 -9999 -9999 -9999 -9999 -9999 -9999 -9999 -9999 -9999 -9999 -9999 -9999 -9999 -9999 -9999 -9999 -9999 -9999 -9999
4.38565E-1 4.27869E-1 5.15465E-1 7.79593E-1 7.92004E-1 7.81155E-1 7.88858E-1 7.65896E-1 7.72192E-1 7.6233E-1 7.59491E-1 7.58159E-1 7.53114E-1 -9999 -9999 -9999 -9999 -9999 -9999 -9999 -9999 -9999 -9999 -9999 7.71957E-1 6.22619E-1 4.3674E-1 4.74044E-1 5.37913E-1 4.73325E-1 3.9145E-1 3.71535E-1 4.21019E-1 4.21933E-1 4.19406E-1 4.86192E-1 4.64099E-1 4.37449E-1 4.95453E-1 4.70165E-1 4.4746E-1 3.86521E-1 3.83633E-1 3.53114E-1 3.79185E-1 3.96443E-1 4.26724E-1 4.43339E-1 4.39071E-1 5.5288E-1 5.56439E-1 6.22657E-1 -9999 -9999 -9999 -9999 -9999 -9999 -9999 -9999 -9999 -9999 -9999 -9999 -9999 -9999 -9999 -9999 -9999 -9999 -9999 -9999
4.57455E-1 4.18746E-1 5.73561E-1 7.86452E-1 7.91437E-1 8.05122E-1 7.95066E-1 7.83734E-1 7.72193E-1 7.62029E-1 7.60459E-1 7.61667E-1 -9999 -9999 -9999 -9999 -9999 -9999 -9999 -9999 -9999 -9999 7.70593E-1 7.33388E-1 6.25056E-1 5.77462E-1 3.86515E-1 3.84773E-1 4.51568E-1 4.59341E-1 4.27456E-1 3.65897E-1 4.13125E-1 4.15624E-1 4.54266E-1 4.79003E-1 4.78784E-1 4.79314E-1 4.66717E-1 4.39352E-1 3.60859E-1 3.70681E-1 3.83422E-1 4.02337E-1 4.14299E-1 3.71641E-1 4.15313E-1 3.74299E-1 4.06588E-1 5.58128E-1 4.53343E-1 5.15377E-1 6.01783E-1 -9999 -9999 -9999 -9999 -9999 -9999 -9999 -9999 -9999 -9999 -9999 -9999 -9999 -9999 -9999 -9999 -9999 -9999 -9999
4.68247E-1 5.2454E-1 6.11065E-1 7.70672E-1 7.9172E-1 8.06191E-1 7.96955E-1 7.82564E-1 7.7362E-1 7.6504E-1 7.6654E-1 -9999 -9999 -9999 -9999 -9999 -9999 -9999 -9999 -9999 -9999 -9999 -9999 7.12067E-1 7.07099E-1 7.08763E-1 4.00272E-1 3.8339E-1 5.0204E-1 5.43405E-1 4.13661E-1 4.02552E-1 3.93522E-1 4.00538E-1 4.56059E-1 4.71216E-1 4.75796E-1 4.53885E-1 4.41302E-1 4.20488E-1 3.73482E-1 3.899E-1 3.96022E-1 4.34455E-1 4.02986E-1 4.01271E-1 3.94261E-1 3.93221E-1 3.98414E-1 4.79249E-1 3.93185E-1 5.20043E-1 6.31471E-1 -9999 -9999 -9999 -9999 -9999 -9999 -9999 -9999 -9999 -9999 -9999 -9999 -9999 -9999 -9999 -9999 -9999 -9999 -9999
4.01653E-1 4.03932E-1 4.3785E-1 7.62519E-1 7.9818E-1 8.04135E-1 7.91E-1 7.80472E-1 7.80884E-1 -9999 -9999 -9999 -9999 -9999 -9999 -9999 -9999 -9999 -9999 -9999 -9999 -9999 -9999 -9999 -9999 7.33581E-1 4.69752E-1 3.73182E-1 4.09331E-1 4.487E-1 4.05002E-1 3.62445E-1 3.4708E-1 4.28349E-1 4.51257E-1 4.65009E-1 4.45535E-1 4.21965E-1 3.96756E-1 3.68823E-1 3.61518E-1 4.0978E-1 4.2003E-1 4.09638E-1 4.18781E-1 3.9576E-1 3.82677E-1 3.99533E-1 3.39362E-1 2.87575E-1 4.01295E-1 5.392E-1 3.92555E-1 4.8839E-1 5.58402E-1 7.49282E-1 -9999 -9999 -9999 -9999 -9999 -9999 -9999 -9999 -9999 -9999 -9999 -9999 -9999 -9999 -9999 -9999
4.67461E-1 3.78087E-1 4.28175E-1 5.69587E-1 7.97298E-1 8.03506E-1 7.95945E-1 -9999 -9999 -9999 -9999 -9999 -9999 -9999 -9999 -9999 -9999 -9999 -9999 -9999 -9999 -9999 -9999 -9999 -9999 7.16792E-1 5.54323E-1 3.56565E-1 3.81675E-1 4.4006E-1 3.98505E-1 3.83909E-1 3.80221E-1 4.16335E-1 4.07373E-1 4.19251E-1 4.02927E-1 3.84011E-1 3.90136E-1 3.95466E-1 3.92269E-1 3.93616E-1 4.01364E-1 3.96461E-1 4.09199E-1 3.9135E-1 3.89964E-1 4.03007E-1 2.98768E-1 3.81557E-1 3.773E-1 4.1924E-1 4.28991E-1 4.55806E-1 4.95225E-1 7.22944E-1 -9999 -9999 -9999 -9999 -9999 -9999 -9999 -9999 -9999 -9999 -9999 -9999 -9999 -9999 -9999 -9999
