Artocarpus altilis SDM files/MIS19/results (without bias file)/Artalt_4.asc
ncols         1201
nrows         481
xllcorner     119.99986351115
yllcorner     -15.00013828885
cellsize      0.041666667
NODATA_value  -9999
[rows 128 to 159 of 481, columns 0 to 71 of 1201]
9.51703E-2 -9999 -9999 -9999 -9999 -9999 -9999 -9999 -9999 -9999 -9999 -9999 -9999 -9999 -9999 -9999 -9999 -9999 -9999 -9999 -9999 -9999 -9999 -9999 -9999 -9999 -9999 -9999 -9999 -9999 -9999 -9999 -9999 -9999 -9999 -9999 -9999 -9999 -9999 -9999 -9999 -9999 -9999 -9999 6.67259E-1 6.67636E-1 7.88382E-1 6.79201E-1 6.87731E-1 8.06195E-1 9.05683E-1 7.20812E-1 -9999 7.2476E-1 -9999 7.49362E-1 9.44273E-1 -9999 -9999 -9999 -9999 -9999 -9999 -9999 -9999 -9999 -9999 -9999 -9999 -9999 -9999 -9999
1.71197E-1 5.90581E-2 -9999 -9999 -9999 -9999 -9999 -9999 -9999 -9999 -9999 -9999 -9999 -9999 -9999 -9999 -9999 -9999 -9999 -9999 -9999 -9999 -9999 -9999 -9999 -9999 -9999 -9999 -9999 -9999 -9999 -9999 -9999 -9999 -9999 -9999 -9999 -9999 -9999 -9999 -9999 -9999 -9999 6.60556E-1 6.63192E-1 8.75418E-1 7.87706E-1 7.90404E-1 7.98357E-1 8.00013E-1 9.19874E-1 8.96117E-1 -9999 7.26583E-1 -9999 -9999 9.40936E-1 9.26589E-1 -9999 -9999 -9999 -9999 -9999 -9999 -9999 -9999 -9999 -9999 -9999 -9999 -9999 -9999
2.00789E-1 7.79801E-2 -9999 -9999 -9999 -9999 -9999 -9999 -9999 -9999 -9999 -9999 -9999 -9999 -9999 -9999 -9999 -9999 -9999 -9999 -9999 -9999 -9999 -9999 -9999 -9999 -9999 -9999 -9999 -9999 -9999 -9999 -9999 -9999 -9999 -9999 -9999 -9999 -9999 -9999 -9999 -9999 6.57541E-1 6.60179E-1 6.54597E-1 9.07156E-1 8.96895E-1 8.82647E-1 9.23993E-1 8.07174E-1 9.27171E-1 9.24728E-1 -9999 -9999 -9999 -9999 -9999 6.30723E-1 -9999 -9999 -9999 -9999 -9999 -9999 -9999 -9999 -9999 -9999 -9999 -9999 -9999 -9999
2.00717E-1 1.21137E-1 -9999 -9999 -9999 -9999 -9999 -9999 -9999 -9999 -9999 -9999 -9999 -9999 -9999 -9999 -9999 -9999 -9999 -9999 -9999 -9999 -9999 -9999 -9999 -9999 -9999 -9999 -9999 -9999 -9999 -9999 -9999 -9999 -9999 -9999 -9999 -9999 -9999 -9999 6.45916E-1 7.60651E-1 8.66239E-1 8.73276E-1 8.70033E-1 8.75418E-1 8.03575E-1 8.08739E-1 7.01056E-1 7.01427E-1 8.07826E-1 -9999 -9999 -9999 -9999 -9999 -9999 -9999 6.47394E-1 -9999 -9999 -9999 -9999 -9999 -9999 -9999 -9999 -9999 -9999 -9999 -9999 -9999
1.65394E-1 1.16999E-1 -9999 -9999 -9999 -9999 -9999 -9999 -9999 -9999 -9999 -9999 -9999 -9999 -9999 -9999 -9999 -9999 -9999 -9999 -9999 -9999 -9999 -9999 -9999 -9999 -9999 -9999 -9999 -9999 -9999 -9999 -9999 -9999 -9999 -9999 -9999 -9999 -9999 -9999 7.53658E-1 8.87934E-1 8.64292E-1 9.07016E-1 8.53092E-1 9.07523E-1 6.93997E-1 -9999 -9999 -9999 -9999 -9999 -9999 -9999 -9999 -9999 -9999 -9999 -9999 -9999 7.23594E-1 8.02135E-1 7.92109E-1 5.35832E-1 -9999 -9999 -9999 -9999 -9999 -9999 6.37916E-1 -9999
1.24839E-1 7.09727E-2 -9999 -9999 -9999 -9999 -9999 -9999 -9999 -9999 -9999 -9999 -9999 -9999 -9999 -9999 -9999 -9999 -9999 -9999 -9999 -9999 -9999 -9999 -9999 -9999 -9999 -9999 -9999 -9999 -9999 -9999 -9999 -9999 -9999 -9999 -9999 -9999 -9999 6.38812E-1 8.79157E-1 8.72173E-1 8.78736E-1 9.12143E-1 8.88978E-1 9.18878E-1 -9999 -9999 -9999 -9999 -9999 -9999 -9999 -9999 -9999 -9999 -9999 -9999 -9999 -9999 8.07786E-1 8.32567E-1 7.0803E-1 5.30633E-1 -9999 -9999 -9999 -9999 -9999 -9999 -9999 -9999
8.32268E-2 9.30975E-2 -9999 -9999 -9999 -9999 -9999 -9999 -9999 -9999 -9999 -9999 -9999 -9999 -9999 -9999 -9999 -9999 -9999 -9999 -9999 -9999 -9999 -9999 -9999 -9999 -9999 -9999 -9999 -9999 -9999 -9999 -9999 -9999 -9999 -9999 -9999 -9999 6.35411E-1 7.52593E-1 8.83446E-1 -9999 -9999 -9999 -9999 -9999 -9999 -9999 -9999 -9999 -9999 -9999 -9999 -9999 -9999 -9999 -9999 -9999 -9999 -9999 -9999 -9999 -9999 -9999 -9999 -9999 -9999 -9999 -9999 -9999 -9999 -9999
8.04012E-2 1.47908E-1 -9999 -9999 -9999 -9999 -9999 -9999 -9999 -9999 -9999 -9999 -9999 -9999 -9999 -9999 -9999 -9999 -9999 -9999 -9999 -9999 -9999 -9999 -9999 -9999 -9999 -9999 -9999 -9999 -9999 -9999 -9999 -9999 -9999 -9999 -9999 -9999 6.373E-1 -9999 -9999 -9999 -9999 -9999 -9999 -9999 -9999 -9999 -9999 -9999 -9999 -9999 -9999 -9999 -9999 -9999 -9999 -9999 -9999 -9999 -9999 -9999 -9999 5.89041E-1 -9999 -9999 -9999 5.67661E-1 5.86845E-1 5.87261E-1 5.95412E-1 6.17393E-1
8.59678E-2 1.12351E-1 -9999 -9999 -9999 -9999 -9999 -9999 -9999 -9999 -9999 -9999 -9999 -9999 -9999 -9999 -9999 -9999 -9999 -9999 -9999 -9999 -9999 -9999 -9999 -9999 -9999 -9999 -9999 -9999 -9999 -9999 -9999 -9999 -9999 -9999 -9999 -9999 -9999 -9999 -9999 -9999 -9999 -9999 -9999 -9999 -9999 -9999 -9999 -9999 -9999 -9999 -9999 -9999 -9999 -9999 -9999 -9999 -9999 -9999 -9999 -9999 -9999 -9999 -9999 6.40511E-1 5.82514E-1 6.81032E-1 6.9743E-1 6.91758E-1 6.91712E-1 7.33746E-1
7.43744E-2 9.89861E-2 7.85614E-2 -9999 -9999 -9999 -9999 -9999 -9999 -9999 -9999 -9999 -9999 -9999 -9999 -9999 -9999 -9999 -9999 -9999 -9999 -9999 -9999 -9999 -9999 -9999 -9999 -9999 -9999 -9999 -9999 -9999 -9999 -9999 -9999 -9999 -9999 -9999 -9999 -9999 -9999 -9999 -9999 -9999 -9999 -9999 -9999 -9999 -9999 -9999 -9999 -9999 -9999 -9999 -9999 -9999 -9999 -9999 -9999 -9999 -9999 -9999 -9999 -9999 -9999 6.54794E-1 6.41689E-1 6.13364E-1 5.74936E-1 5.56892E-1 6.19333E-1 4.6327E-1
4.98865E-2 7.14151E-2 1.26769E-1 -9999 -9999 -9999 -9999 -9999 -9999 -9999 -9999 -9999 -9999 -9999 -9999 -9999 -9999 -9999 -9999 -9999 -9999 -9999 -9999 -9999 -9999 -9999 -9999 -9999 -9999 -9999 -9999 -9999 -9999 -9999 -9999 -9999 -9999 -9999 -9999 -9999 -9999 -9999 7.63526E-1 -9999 -9999 7.73893E-1 -9999 -9999 -9999 -9999 -9999 -9999 -9999 -9999 -9999 -9999 -9999 -9999 -9999 -9999 -9999 -9999 -9999 -9999 -9999 -9999 -9999 -9999 5.62798E-1 4.72773E-1 4.60578E-1 4.54582E-1
5.37973E-2 5.39443E-2 1.09358E-1 7.35439E-2 -9999 -9999 -9999 -9999 -9999 -9999 -9999 -9999 -9999 -9999 -9999 -9999 -9999 -9999 -9999 -9999 -9999 -9999 -9999 -9999 -9999 -9999 -9999 -9999 -9999 -9999 -9999 -9999 -9999 -9999 -9999 -9999 -9999 -9999 -9999 -9999 -9999 -9999 -9999 -9999 -9999 -9999 -9999 -9999 -9999 -9999 -9999 -9999 6.26264E-1 5.74715E-1 5.41591E-1 5.59106E-1 5.41487E-1 5.51645E-1 5.07157E-1 4.93484E-1 5.20236E-1 5.21653E-1 5.22819E-1 4.95865E-1 -9999 -9999 6.24438E-1 6.03908E-1 6.09862E-1 5.59888E-1 4.81418E-1 4.73223E-1
5.86664E-2 6.6485E-2 7.59391E-2 1.26596E-1 8.51228E-2 -9999 -9999 -9999 -9999 -9999 -9999 -9999 -9999 -9999 -9999 -9999 -9999 -9999 -9999 -9999 -9999 -9999 -9999 -9999 -9999 -9999 -9999 -9999 -9999 -9999 -9999 -9999 -9999 -9999 -9999 -9999 -9999 -9999 8.70527E-1 7.75876E-1 -9999 -9999 -9999 -9999 -9999 -9999 -9999 -9999 -9999 -9999 -9999 7.43549E-1 7.99402E-1 8.1129E-1 6.86416E-1 4.60577E-1 4.16221E-1 4.16082E-1 3.42634E-1 3.99216E-1 4.05768E-1 3.82965E-1 4.15733E-1 4.57347E-1 4.94651E-1 5.21458E-1 3.67466E-1 3.67434E-1 3.54217E-1 3.97499E-1 3.91313E-1 3.57249E-1
4.60674E-2 5.3227E-2 5.41124E-2 9.08157E-2 1.09049E-1 9.17693E-2 -9999 -9999 -9999 -9999 -9999 -9999 -9999 -9999 -9999 -9999 -9999 -9999 -9999 -9999 -9999 -9999 -9999 -9999 -9999 -9999 -9999 -9999 -9999 -9999 -9999 -9999 -9999 -9999 -9999 -9999 6.88229E-1 8.04668E-1 8.69983E-1 8.10092E-1 -9999 -9999 -9999 -9999 -9999 -9999 -9999 -9999 -9999 -9999 -9999 7.19051E-1 7.53684E-1 7.35505E-1 6.1893E-1 3.74252E-1 3.26283E-1 3.29965E-1 2.87959E-1 2.64974E-1 2.69375E-1 2.85855E-1 2.68668E-1 2.90357E-1 3.15433E-1 3.31871E-1 3.70884E-1 3.41025E-1 3.12271E-1 3.38513E-1 3.82624E-1 4.8105E-1
5.01154E-2 5.69029E-2 5.00326E-2 5.4453E-2 1.00451E-1 1.12431E-1 9.56623E-2 -9999 -9999 1.13868E-1 -9999 -9999 -9999 -9999 -9999 -9999 -9999 -9999 -9999 -9999 -9999 -9999 -9999 -9999 -9999 -9999 -9999 -9999 -9999 -9999 -9999 -9999 -9999 -9999 -9999 8.0911E-1 7.8498E-1 7.89216E-1 8.01712E-1 8.34008E-1 -9999 -9999 -9999 -9999 -9999 -9999 -9999 -9999 -9999 -9999 -9999 6.86837E-1 6.32129E-1 5.6663E-1 4.77186E-1 3.40214E-1 2.48555E-1 2.5858E-1 2.83281E-1 2.44545E-1 2.10275E-1 2.68284E-1 2.51549E-1 2.65999E-1 2.87274E-1 3.72995E-1 4.06882E-1 3.61039E-1 4.14925E-1 4.75832E-1 5.08625E-1 5.34036E-1
3.5763E-2 5.80632E-2 4.26138E-2 4.2094E-2 5.03613E-2 1.01576E-1 1.15194E-1 8.97467E-2 1.06906E-1 1.04338E-1 1.12206E-1 -9999 -9999 -9999 -9999 -9999 -9999 -9999 -9999 -9999 -9999 -9999 -9999 -9999 -9999 -9999 -9999 -9999 -9999 -9999 -9999 -9999 -9999 -9999 7.39881E-1 7.78216E-1 6.25787E-1 6.31114E-1 5.99413E-1 5.10192E-1 7.81961E-1 7.36644E-1 7.26541E-1 7.0558E-1 -9999 -9999 -9999 6.45189E-1 6.54496E-1 6.08974E-1 6.1169E-1 6.08832E-1 5.33532E-1 4.61538E-1 3.77472E-1 2.53392E-1 2.64237E-1 2.41531E-1 2.65236E-1 2.09935E-1 2.42278E-1 2.51755E-1 3.31592E-1 4.20263E-1 4.53064E-1 4.12246E-1 3.53804E-1 4.69659E-1 5.49251E-1 5.34851E-1 -9999 -9999
3.87086E-2 5.00739E-2 3.6184E-2 3.95006E-2 3.97097E-2 5.17418E-2 9.85295E-2 1.07986E-1 8.9455E-2 1.39082E-1 2.05687E-1 1.26937E-1 1.58555E-1 -9999 -9999 -9999 -9999 -9999 -9999 -9999 -9999 -9999 -9999 -9999 -9999 -9999 -9999 -9999 -9999 -9999 -9999 -9999 -9999 6.91822E-1 7.63692E-1 7.07681E-1 4.83076E-1 4.69384E-1 4.55173E-1 4.32871E-1 5.88396E-1 6.92103E-1 7.00781E-1 6.78789E-1 7.09512E-1 6.40683E-1 6.37975E-1 5.79655E-1 5.41423E-1 5.6021E-1 4.28656E-1 4.51923E-1 3.80591E-1 2.63164E-1 2.69039E-1 2.29356E-1 2.46074E-1 3.05964E-1 2.24926E-1 3.2633E-1 5.09773E-1 5.0105E-1 5.52487E-1 5.94936E-1 5.80496E-1 4.38734E-1 3.95398E-1 4.45779E-1 -9999 -9999 -9999 -9999
3.41637E-2 5.85826E-2 7.66874E-2 4.50042E-2 4.37857E-2 4.44174E-2 5.0776E-2 7.99086E-2 1.23605E-1 1.4171E-1 1.90098E-1 2.26137E-1 1.58133E-1 -9999 -9999 -9999 -9999 -9999 -9999 -9999 -9999 -9999 -9999 -9999 -9999 -9999 -9999 -9999 -9999 -9999 -9999 -9999 6.94684E-1 7.47076E-1 7.50864E-1 5.77905E-1 5.72401E-1 4.65995E-1 3.89105E-1 4.1919E-1 5.03628E-1 5.76504E-1 6.14344E-1 6.0654E-1 7.2631E-1 5.31124E-1 5.18805E-1 4.67661E-1 5.26068E-1 4.88488E-1 3.9834E-1 2.96291E-1 3.07626E-1 3.62707E-1 2.71992E-1 2.60278E-1 2.95756E-1 4.77931E-1 5.02725E-1 5.24438E-1 5.57709E-1 5.49697E-1 6.20565E-1 6.43956E-1 6.45114E-1 5.71414E-1 5.66075E-1 5.56861E-1 -9999 -9999 -9999 -9999
3.89444E-2 7.63386E-2 8.28681E-2 9.71705E-2 1.05152E-1 9.4191E-2 6.73157E-2 7.17679E-2 8.81584E-2 1.03686E-1 1.38787E-1 1.79823E-1 2.3371E-1 1.86957E-1 -9999 -9999 -9999 -9999 -9999 -9999 -9999 -9999 -9999 -9999 -9999 -9999 -9999 -9999 -9999 -9999 -9999 6.67439E-1 5.66038E-1 4.50104E-1 6.71054E-1 7.3423E-1 7.10656E-1 4.80735E-1 3.9424E-1 3.94059E-1 4.83244E-1 5.41165E-1 5.10481E-1 5.06969E-1 5.01191E-1 6.38072E-1 5.56163E-1 5.5886E-1 5.30103E-1 3.89803E-1 4.82242E-1 4.50927E-1 4.28232E-1 4.90177E-1 4.88669E-1 4.8962E-1 5.09339E-1 5.60072E-1 6.03022E-1 6.10113E-1 6.31018E-1 6.22936E-1 6.79429E-1 6.00934E-1 6.90628E-1 7.45396E-1 6.79082E-1 -9999 -9999 -9999 -9999 -9999
4.35269E-2 6.55466E-2 6.59457E-2 9.91134E-2 7.30454E-2 8.89495E-2 1.19448E-1 1.70323E-1 1.72515E-1 1.71591E-1 1.20296E-1 1.51126E-1 2.50549E-1 3.707E-1 2.58634E-1 -9999 -9999 -9999 -9999 -9999 -9999 -9999 -9999 -9999 -9999 -9999 -9999 -9999 -9999 -9999 6.66223E-1 6.68987E-1 4.362E-1 4.63589E-1 5.03655E-1 6.05627E-1 6.09391E-1 4.95956E-1 4.1082E-1 4.12137E-1 4.21925E-1 3.78727E-1 3.60096E-1 3.46815E-1 3.38019E-1 4.08948E-1 6.98871E-1 5.83098E-1 5.68825E-1 5.65277E-1 4.91279E-1 5.32767E-1 5.63577E-1 5.82188E-1 5.88124E-1 5.54327E-1 6.14727E-1 6.39135E-1 6.47099E-1 6.69571E-1 6.95443E-1 6.89555E-1 5.70677E-1 7.27593E-1 8.74208E-1 7.43499E-1 -9999 -9999 -9999 -9999 -9999 -9999
3.67447E-2 3.40563E-2 4.25367E-2 4.93712E-2 5.87444E-2 8.6116E-2 7.4362E-2 6.56506E-2 8.53597E-2 1.18004E-1 1.33784E-1 2.24233E-1 3.47347E-1 5.00947E-1 3.72137E-1 -9999 -9999 -9999 -9999 -9999 -9999 -9999 -9999 -9999 -9999 -9999 -9999 -9999 -9999 -9999 7.2871E-1 5.4953E-1 4.61141E-1 4.58258E-1 4.62872E-1 4.19611E-1 4.97063E-1 6.67934E-1 5.08004E-1 4.61874E-1 3.93611E-1 4.65264E-1 4.04975E-1 3.91013E-1 3.75241E-1 4.74164E-1 3.94616E-1 5.25509E-1 4.4737E-1 5.6088E-1 5.4093E-1 5.06521E-1 5.13534E-1 5.51455E-1 5.58674E-1 5.9283E-1 6.67736E-1 6.77748E-1 6.96446E-1 7.22467E-1 8.0561E-1 7.66856E-1 7.27995E-1 9.3061E-1 8.31699E-1 6.66126E-1 -9999 -9999 -9999 -9999 -9999 -9999
4.04067E-2 3.67465E-2 3.70101E-2 3.72677E-2 4.61375E-2 5.10667E-2 6.20686E-2 5.88163E-2 6.02849E-2 7.69408E-2 1.04448E-1 2.01867E-1 3.06516E-1 4.63755E-1 3.7683E-1 -9999 -9999 -9999 -9999 -9999 -9999 -9999 -9999 -9999 -9999 -9999 -9999 -9999 -9999 7.52005E-1 4.86379E-1 5.07604E-1 4.88589E-1 4.40932E-1 3.86328E-1 4.01005E-1 4.52145E-1 4.64384E-1 5.97975E-1 5.15846E-1 4.97774E-1 4.63682E-1 3.98303E-1 4.03928E-1 4.52041E-1 4.94554E-1 4.24712E-1 3.48176E-1 3.54851E-1 3.6157E-1 5.42501E-1 5.60476E-1 5.23108E-1 6.08997E-1 5.89993E-1 6.87711E-1 7.14251E-1 7.31127E-1 7.51628E-1 8.67855E-1 9.01835E-1 8.03199E-1 8.90717E-1 9.04656E-1 -9999 -9999 -9999 -9999 -9999 4.53908E-1 3.92747E-1 4.86586E-1
6.92754E-2 6.9278E-2 5.98189E-2 7.04877E-2 5.78506E-2 7.34819E-2 9.48907E-2 9.82404E-2 1.04963E-1 9.44958E-2 9.61607E-2 1.28055E-1 2.23788E-1 4.06609E-1 -9999 -9999 -9999 -9999 -9999 -9999 -9999 -9999 -9999 -9999 -9999 -9999 -9999 -9999 7.78862E-1 7.54474E-1 5.64168E-1 4.74108E-1 4.3194E-1 3.54302E-1 3.20274E-1 4.05102E-1 3.7237E-1 3.47811E-1 4.09429E-1 4.22717E-1 4.92319E-1 5.13436E-1 4.91839E-1 4.91977E-1 5.02177E-1 5.1963E-1 5.17342E-1 5.51985E-1 5.60983E-1 5.15492E-1 5.57113E-1 5.91998E-1 5.71553E-1 6.84744E-1 6.45947E-1 7.27388E-1 7.78392E-1 8.95664E-1 9.42818E-1 9.47269E-1 9.1851E-1 9.05214E-1 9.40639E-1 9.28278E-1 -9999 -9999 -9999 -9999 4.79502E-1 3.55563E-1 2.69882E-1 3.35086E-1
5.82724E-2 9.31292E-2 7.22673E-2 1.03809E-1 1.00436E-1 5.94546E-2 1.06156E-1 1.64819E-1 2.01059E-1 1.7116E-1 1.36401E-1 1.80501E-1 1.78464E-1 3.31362E-1 3.75577E-1 -9999 -9999 -9999 -9999 -9999 -9999 -9999 -9999 -9999 -9999 -9999 -9999 -9999 8.03449E-1 7.1601E-1 4.92091E-1 4.66617E-1 4.09349E-1 3.5068E-1 3.21379E-1 3.64674E-1 3.46195E-1 3.98585E-1 3.90183E-1 4.22741E-1 4.74214E-1 4.04339E-1 5.46954E-1 5.93462E-1 6.08266E-1 6.06434E-1 6.18269E-1 6.26621E-1 6.08443E-1 5.95441E-1 5.92496E-1 6.19342E-1 6.93036E-1 7.00481E-1 7.01717E-1 7.4981E-1 8.86675E-1 9.41215E-1 9.40121E-1 9.29834E-1 9.54077E-1 9.68873E-1 9.70813E-1 -9999 -9999 -9999 -9999 4.33508E-1 3.75183E-1 2.85803E-1 2.59141E-1 2.76237E-1
7.71109E-2 6.44035E-2 5.31997E-2 7.4538E-2 9.54497E-2 1.2069E-1 1.14816E-1 2.29926E-1 1.38693E-1 1.48056E-1 1.74822E-1 2.38617E-1 2.56793E-1 2.77708E-1 4.89903E-1 6.73518E-1 -9999 -9999 -9999 -9999 -9999 -9999 -9999 -9999 -9999 -9999 -9999 7.94605E-1 8.31055E-1 7.30829E-1 4.60663E-1 4.61293E-1 3.869E-1 3.71209E-1 3.76918E-1 3.36717E-1 3.47558E-1 4.0093E-1 4.58327E-1 4.53254E-1 3.6897E-1 4.47047E-1 4.89359E-1 3.79893E-1 3.74899E-1 3.70816E-1 4.54803E-1 3.89763E-1 3.43393E-1 4.19669E-1 5.39599E-1 6.05112E-1 7.26966E-1 8.00965E-1 8.40398E-1 9.0725E-1 9.61145E-1 9.66661E-1 9.4265E-1 9.61403E-1 9.68762E-1 9.56036E-1 -9999 -9999 -9999 7.76846E-1 7.4841E-1 4.21242E-1 2.78177E-1 3.89776E-1 3.27438E-1 4.15157E-1
8.31731E-2 6.21729E-2 5.89838E-2 6.84853E-2 1.1908E-1 1.79123E-1 2.25141E-1 2.2496E-1 1.58539E-1 2.73197E-1 2.86878E-1 3.15122E-1 3.01546E-1 3.78921E-1 5.96161E-1 7.3917E-1 -9999 7.02148E-1 8.11196E-1 8.32537E-1 8.48344E-1 -9999 -9999 -9999 -9999 -9999 -9999 8.4793E-1 7.59267E-1 4.70651E-1 4.66535E-1 4.86218E-1 4.40373E-1 4.33608E-1 4.15769E-1 3.72159E-1 4.5114E-1 4.99576E-1 4.45596E-1 4.50526E-1 4.47383E-1 4.91566E-1 5.34895E-1 4.64829E-1 5.18116E-1 5.30592E-1 4.75841E-1 3.69125E-1 4.41349E-1 5.19692E-1 5.42513E-1 6.48999E-1 7.2495E-1 8.49578E-1 9.32016E-1 9.53218E-1 9.57254E-1 9.64052E-1 9.69268E-1 9.73009E-1 9.69159E-1 -9999 -9999 -9999 -9999 7.91336E-1 7.6566E-1 3.69418E-1 5.48218E-1 5.45949E-1 5.5337E-1 5.43648E-1
1.33467E-1 1.15257E-1 8.85256E-2 8.44028E-2 1.09689E-1 1.43578E-1 2.32948E-1 2.17474E-1 2.75145E-1 3.05891E-1 3.30711E-1 3.30612E-1 2.87662E-1 3.77453E-1 6.69982E-1 6.49513E-1 6.68391E-1 8.27442E-1 8.42512E-1 8.43446E-1 8.10881E-1 8.34011E-1 8.53427E-1 8.8262E-1 8.53842E-1 -9999 8.60638E-1 8.43458E-1 5.17909E-1 4.86061E-1 4.88163E-1 4.92723E-1 4.26233E-1 4.04364E-1 3.71343E-1 3.57803E-1 4.3051E-1 3.59912E-1 4.55918E-1 4.29915E-1 4.85946E-1 3.71721E-1 3.33031E-1 4.52952E-1 5.33961E-1 5.25381E-1 5.04854E-1 4.79977E-1 5.18102E-1 5.59094E-1 6.46746E-1 7.09782E-1 7.61396E-1 9.19119E-1 9.6434E-1 9.67191E-1 9.70309E-1 9.72707E-1 9.71623E-1 9.70334E-1 -9999 -9999 -9999 -9999 -9999 -9999 -9999 6.44956E-1 5.9545E-1 5.93352E-1 5.91003E-1 6.1548E-1
1.9609E-1 1.99089E-1 1.12078E-1 1.32389E-1 2.22181E-1 2.51295E-1 2.40453E-1 1.82995E-1 1.98061E-1 3.6508E-1 3.58649E-1 3.11751E-1 3.01607E-1 3.96697E-1 6.31695E-1 6.7445E-1 7.99292E-1 7.68135E-1 8.42383E-1 7.97279E-1 6.80394E-1 7.48404E-1 7.01951E-1 5.58302E-1 7.19819E-1 8.49956E-1 8.72665E-1 6.72735E-1 6.74104E-1 5.06075E-1 4.65178E-1 4.23846E-1 4.50807E-1 3.86673E-1 3.44288E-1 3.73053E-1 3.90568E-1 4.1157E-1 4.54376E-1 4.30105E-1 4.45918E-1 4.54276E-1 4.19367E-1 4.96117E-1 5.75555E-1 5.49258E-1 5.67704E-1 5.07276E-1 5.38517E-1 5.78569E-1 6.90481E-1 7.16008E-1 8.20062E-1 9.63849E-1 9.67676E-1 9.70971E-1 9.74867E-1 9.70571E-1 9.68962E-1 -9999 -9999 -9999 -9999 -9999 -9999 -9999 9.37917E-1 7.69498E-1 6.32886E-1 6.09733E-1 5.69139E-1 6.46501E-1
1.77022E-1 1.82174E-1 2.76677E-1 2.56602E-1 3.05309E-1 3.109E-1 3.2053E-1 2.75318E-1 1.90567E-1 2.40285E-1 4.23045E-1 3.25737E-1 3.46648E-1 4.10468E-1 5.9615E-1 7.04903E-1 6.93814E-1 7.6881E-1 8.19982E-1 6.79645E-1 5.55312E-1 5.29433E-1 5.18213E-1 5.04127E-1 4.81372E-1 5.31147E-1 6.08688E-1 5.14457E-1 4.85807E-1 5.07965E-1 4.10174E-1 3.41609E-1 3.64342E-1 3.32769E-1 3.6311E-1 3.84572E-1 4.12099E-1 4.32059E-1 4.55816E-1 4.20739E-1 4.09421E-1 4.52699E-1 4.93572E-1 5.1122E-1 5.66313E-1 6.13703E-1 6.05417E-1 5.18596E-1 5.89914E-1 6.73575E-1 6.82719E-1 8.35441E-1 9.22614E-1 9.71348E-1 9.64396E-1 9.69794E-1 9.69601E-1 9.7319E-1 -9999 -9999 -9999 -9999 -9999 -9999 -9999 9.28694E-1 9.16884E-1 9.36646E-1 7.30025E-1 6.16304E-1 5.90365E-1 6.74224E-1
1.39852E-1 1.85884E-1 3.05394E-1 3.06211E-1 3.2107E-1 3.2053E-1 3.47609E-1 3.63113E-1 2.38951E-1 3.0078E-1 4.30848E-1 3.35964E-1 3.34862E-1 4.16109E-1 5.22871E-1 6.69857E-1 6.63157E-1 8.10197E-1 6.89005E-1 6.26115E-1 5.45725E-1 4.85471E-1 4.74073E-1 4.65662E-1 4.52242E-1 4.69525E-1 4.59311E-1 4.26092E-1 4.47446E-1 4.31011E-1 3.93953E-1 3.97748E-1 4.17232E-1 3.95749E-1 3.88703E-1 3.94457E-1 3.93935E-1 3.97556E-1 4.32919E-1 4.03086E-1 4.6549E-1 5.51122E-1 5.59418E-1 5.75285E-1 5.65412E-1 5.65049E-1 5.98969E-1 6.27347E-1 6.27891E-1 6.89715E-1 7.96612E-1 8.59463E-1 9.60028E-1 9.74E-1 9.71811E-1 9.70035E-1 9.67841E-1 9.71372E-1 -9999 -9999 -9999 -9999 -9999 -9999 -9999 -9999 9.27506E-1 9.26479E-1 9.00449E-1 6.65102E-1 6.49949E-1 9.12985E-1
1.64714E-1 2.42718E-1 3.29799E-1 3.1662E-1 2.93625E-1 3.41179E-1 3.79922E-1 3.97734E-1 2.9398E-1 4.11107E-1 4.34565E-1 3.4021E-1 3.56103E-1 4.35229E-1 5.15174E-1 6.2201E-1 6.25874E-1 7.68798E-1 5.74599E-1 5.78647E-1 5.21552E-1 4.56417E-1 4.27218E-1 4.33097E-1 4.18229E-1 3.81571E-1 3.75236E-1 4.1774E-1 4.499E-1 4.18752E-1 4.84364E-1 4.68685E-1 4.68486E-1 4.07719E-1 3.78702E-1 4.25306E-1 3.59728E-1 3.40891E-1 4.1969E-1 4.04249E-1 4.59216E-1 5.25224E-1 5.33865E-1 5.32311E-1 5.40073E-1 5.55566E-1 6.75337E-1 8.02367E-1 7.36314E-1 7.79641E-1 8.92628E-1 9.56671E-1 9.66897E-1 9.69052E-1 9.67155E-1 9.72486E-1 -9999 -9999 -9999 -9999 -9999 -9999 -9999 -9999 -9999 -9999 -9999 -9999 8.85621E-1 7.16288E-1 9.30684E-1 9.38284E-1
1.7869E-1 1.6922E-1 3.52892E-1 3.15708E-1 3.48302E-1 3.37306E-1 3.35791E-1 3.16615E-1 4.38475E-1 4.57749E-1 3.94838E-1 3.49713E-1 3.75087E-1 4.45594E-1 5.56206E-1 5.71677E-1 6.00296E-1 6.0961E-1 5.64552E-1 5.58267E-1 5.01662E-1 4.18681E-1 4.126E-1 4.08909E-1 3.74239E-1 3.32691E-1 3.67325E-1 4.52487E-1 4.47454E-1 4.74317E-1 7.15713E-1 5.00243E-1 4.5496E-1 3.42518E-1 3.72933E-1 4.11099E-1 3.3753E-1 4.23732E-1 4.96438E-1 4.55848E-1 4.34935E-1 5.42653E-1 5.37251E-1 5.15228E-1 5.80971E-1 6.65077E-1 8.76432E-1 9.19057E-1 9.35004E-1 9.29299E-1 9.61437E-1 9.64815E-1 9.61852E-1 9.64815E-1 -9999 -9999 -9999 -9999 -9999 -9999 -9999 -9999 -9999 -9999 -9999 -9999 -9999 -9999 9.48984E-1 9.39444E-1 9.58245E-1 -9999
