Artocarpus altilis SDM files/MIS19/results (without bias file)/Artalt_3.asc
ncols         1201
nrows         481
xllcorner     119.99986351115
yllcorner     -15.00013828885
cellsize      0.041666667
NODATA_value  -9999
[rows 448 to 479 of 481, columns 504 to 575 of 1201]
-9999 -9999 -9999 -9999 -9999 -9999 -9999 -9999 -9999 -9999 -9999 -9999 3.03223E-2 3.22858E-2 2.84675E-2 2.72872E-2 3.02782E-2 2.96836E-2 2.80537E-2 2.7669E-2 3.37671E-2 3.74243E-2 4.40609E-2 4.60935E-2 4.52506E-2 4.73246E-2 4.45866E-2 3.99195E-2 3.95279E-2 3.77843E-2 3.92865E-2 3.62791E-2 3.49254E-2 3.45371E-2 3.20488E-2 3.33505E-2 3.1254E-2 3.49653E-2 3.5723E-2 3.20509E-2 3.52796E-2 3.40484E-2 3.02582E-2 3.01431E-2 2.56265E-2 2.6936E-2 2.54371E-2 2.84977E-2 3.12594E-2 2.97678E-2 3.07599E-2 3.06096E-2 2.94913E-2 2.64802E-2 2.16668E-2 2.14482E-2 2.28172E-2 3.11587E-2 2.96145E-2 4.59786E-2 4.95928E-2 5.41829E-2 -9999 -9999 5.65885E-2 6.03965E-2 -9999 -9999 -9999 -9999 -9999 -9999
-9999 -9999 -9999 -9999 -9999 -9999 -9999 -9999 -9999 -9999 -9999 3.04327E-2 3.09322E-2 3.12494E-2 2.85944E-2 2.70458E-2 2.93259E-2 2.80084E-2 2.67901E-2 2.57526E-2 3.07745E-2 3.12813E-2 3.79115E-2 3.73274E-2 4.29665E-2 3.66264E-2 4.04613E-2 3.78291E-2 3.86163E-2 3.6698E-2 3.45633E-2 3.6451E-2 3.71529E-2 3.46999E-2 3.35628E-2 3.08858E-2 2.80726E-2 3.11977E-2 3.40909E-2 3.15803E-2 3.05794E-2 2.92144E-2 2.97147E-2 2.7171E-2 2.57043E-2 2.50154E-2 2.60349E-2 2.81244E-2 2.88861E-2 2.8351E-2 2.83775E-2 2.77045E-2 2.66887E-2 2.46838E-2 2.36396E-2 2.11702E-2 2.11986E-2 2.34967E-2 3.07417E-2 4.35265E-2 4.40858E-2 4.43515E-2 -9999 -9999 5.37896E-2 -9999 -9999 -9999 -9999 -9999 -9999 -9999
-9999 -9999 -9999 -9999 -9999 -9999 -9999 -9999 -9999 -9999 -9999 3.0506E-2 3.00186E-2 3.15808E-2 2.87689E-2 2.57943E-2 2.93372E-2 2.67816E-2 2.94805E-2 2.7973E-2 2.78909E-2 2.95923E-2 2.92228E-2 2.87414E-2 3.29397E-2 3.19755E-2 3.68987E-2 3.77224E-2 3.83028E-2 3.66491E-2 3.77541E-2 3.61461E-2 3.23484E-2 3.1404E-2 3.13599E-2 3.07031E-2 2.84153E-2 3.12333E-2 3.06573E-2 2.85048E-2 2.65105E-2 2.64341E-2 2.90235E-2 2.7051E-2 2.73693E-2 2.79034E-2 2.64974E-2 2.57677E-2 2.56134E-2 2.55335E-2 2.51106E-2 2.49681E-2 2.4059E-2 2.13428E-2 1.9818E-2 1.76598E-2 1.87207E-2 1.9457E-2 2.50825E-2 3.79578E-2 4.17002E-2 -9999 -9999 -9999 -9999 -9999 -9999 -9999 -9999 -9999 -9999 -9999
-9999 -9999 -9999 -9999 -9999 -9999 -9999 -9999 -9999 -9999 -9999 3.07324E-2 2.87006E-2 2.53249E-2 2.73299E-2 2.56557E-2 2.80103E-2 2.63571E-2 3.09297E-2 2.7731E-2 3.21915E-2 3.0626E-2 3.11313E-2 3.01868E-2 2.91379E-2 3.34082E-2 3.548E-2 3.54161E-2 3.49759E-2 3.33959E-2 3.3816E-2 3.28754E-2 3.36638E-2 3.35153E-2 3.11309E-2 2.94113E-2 2.8266E-2 2.96207E-2 3.00547E-2 2.89787E-2 2.59817E-2 2.62919E-2 2.8091E-2 2.65614E-2 2.51965E-2 2.53052E-2 2.33332E-2 2.23813E-2 2.36082E-2 2.39349E-2 2.35621E-2 2.05444E-2 1.47892E-2 1.53688E-2 1.64197E-2 1.79797E-2 1.85391E-2 1.87342E-2 2.57102E-2 3.37015E-2 3.74104E-2 -9999 -9999 3.91894E-2 -9999 -9999 -9999 -9999 -9999 -9999 -9999 -9999
-9999 -9999 -9999 -9999 -9999 -9999 -9999 -9999 -9999 -9999 -9999 3.02091E-2 2.75306E-2 2.43713E-2 2.7617E-2 2.50429E-2 2.69646E-2 2.63344E-2 2.97474E-2 2.86132E-2 3.22237E-2 3.18818E-2 3.44863E-2 3.25845E-2 3.3137E-2 3.31639E-2 3.1944E-2 2.9293E-2 2.74522E-2 2.85739E-2 2.83232E-2 2.65092E-2 2.71219E-2 2.79066E-2 2.71767E-2 2.69256E-2 2.71747E-2 2.81862E-2 2.76032E-2 2.61614E-2 2.60005E-2 2.49463E-2 2.48181E-2 2.49654E-2 2.37113E-2 2.32618E-2 2.38228E-2 2.4833E-2 2.31004E-2 2.11507E-2 2.1197E-2 1.95957E-2 1.48017E-2 1.62741E-2 1.77835E-2 1.80048E-2 1.94091E-2 1.83517E-2 2.49331E-2 3.01288E-2 3.29418E-2 3.44203E-2 -9999 -9999 -9999 -9999 -9999 -9999 -9999 -9999 -9999 -9999
-9999 -9999 -9999 -9999 -9999 -9999 -9999 -9999 -9999 -9999 -9999 2.98519E-2 2.74397E-2 2.44014E-2 2.87143E-2 2.43417E-2 2.34289E-2 2.58189E-2 2.40201E-2 2.77715E-2 2.63471E-2 3.12169E-2 2.99316E-2 3.37367E-2 3.39836E-2 3.35259E-2 3.31165E-2 2.95423E-2 2.84316E-2 2.79481E-2 2.68648E-2 2.45611E-2 2.29774E-2 2.19264E-2 2.13728E-2 2.14582E-2 2.42362E-2 2.55642E-2 2.54089E-2 2.55996E-2 2.36206E-2 2.21132E-2 2.3536E-2 2.49478E-2 2.3048E-2 2.34639E-2 2.25988E-2 2.22894E-2 2.06431E-2 2.00279E-2 1.80459E-2 1.73126E-2 1.51324E-2 1.55018E-2 1.68932E-2 1.6974E-2 1.70825E-2 2.24052E-2 2.35564E-2 2.77467E-2 3.01245E-2 3.20667E-2 3.16207E-2 -9999 -9999 3.51855E-2 -9999 -9999 -9999 -9999 -9999 -9999
-9999 -9999 -9999 -9999 -9999 -9999 -9999 -9999 -9999 -9999 -9999 2.908E-2 2.56286E-2 2.43576E-2 2.24447E-2 2.41146E-2 2.26551E-2 2.42857E-2 2.75482E-2 2.74712E-2 2.57027E-2 2.93014E-2 2.98382E-2 3.22489E-2 3.22083E-2 3.21303E-2 3.17667E-2 2.86667E-2 2.75884E-2 2.92188E-2 2.84614E-2 2.40764E-2 2.21934E-2 2.2617E-2 2.19584E-2 2.01419E-2 2.01291E-2 2.0924E-2 2.13987E-2 2.31873E-2 2.2865E-2 2.18515E-2 2.18124E-2 2.3245E-2 2.28309E-2 2.22078E-2 2.08609E-2 2.03149E-2 2.05578E-2 1.90313E-2 1.70719E-2 1.4153E-2 1.6276E-2 1.36764E-2 1.57425E-2 1.69299E-2 1.56443E-2 2.61287E-2 2.71773E-2 2.68782E-2 2.78272E-2 2.9564E-2 2.84764E-2 -9999 -9999 -9999 -9999 3.53965E-2 -9999 -9999 -9999 -9999
-9999 -9999 -9999 -9999 -9999 -9999 -9999 -9999 -9999 -9999 -9999 2.79197E-2 2.43782E-2 2.3263E-2 2.15523E-2 2.28896E-2 2.14181E-2 2.44411E-2 2.28062E-2 2.70976E-2 2.47485E-2 2.82811E-2 2.83867E-2 3.25839E-2 3.22481E-2 3.11383E-2 3.10529E-2 2.94839E-2 2.944E-2 2.86277E-2 2.60021E-2 2.32846E-2 2.42252E-2 2.461E-2 2.13669E-2 2.16799E-2 2.36204E-2 2.22183E-2 2.29491E-2 2.18855E-2 2.04747E-2 1.84546E-2 1.87679E-2 2.05886E-2 1.92379E-2 1.94057E-2 1.99851E-2 1.98168E-2 1.91563E-2 1.72448E-2 1.73914E-2 1.78879E-2 1.36489E-2 1.48714E-2 1.42394E-2 1.51836E-2 1.43016E-2 2.32789E-2 2.41596E-2 2.40865E-2 2.52299E-2 2.77143E-2 2.62068E-2 -9999 -9999 3.09074E-2 2.9066E-2 -9999 -9999 -9999 -9999 -9999
-9999 -9999 -9999 -9999 -9999 -9999 -9999 -9999 -9999 -9999 -9999 2.80945E-2 2.48477E-2 2.35535E-2 2.08053E-2 2.24131E-2 2.10357E-2 2.23878E-2 2.20528E-2 2.47371E-2 2.45679E-2 2.85933E-2 2.68351E-2 2.68513E-2 2.59511E-2 2.90038E-2 3.03452E-2 2.88451E-2 2.91292E-2 2.59633E-2 2.36695E-2 2.25799E-2 2.2925E-2 2.26913E-2 2.1509E-2 2.18565E-2 2.38648E-2 2.1793E-2 2.12064E-2 1.97737E-2 1.90132E-2 1.94192E-2 1.79664E-2 1.77996E-2 1.75093E-2 1.73628E-2 1.85757E-2 1.72811E-2 1.74425E-2 1.64303E-2 1.45768E-2 1.56653E-2 1.54723E-2 1.48276E-2 1.41958E-2 1.36948E-2 1.52075E-2 2.13573E-2 2.20745E-2 2.34563E-2 2.33213E-2 2.42253E-2 2.39658E-2 2.40803E-2 -9999 -9999 -9999 -9999 -9999 3.44701E-2 -9999 -9999
-9999 -9999 -9999 -9999 -9999 -9999 -9999 -9999 -9999 -9999 -9999 -9999 2.56701E-2 2.71999E-2 2.42245E-2 2.18872E-2 2.06228E-2 2.33119E-2 2.1772E-2 2.00065E-2 2.41242E-2 2.35537E-2 2.13425E-2 2.6382E-2 2.52615E-2 2.38618E-2 2.76979E-2 2.86163E-2 2.64165E-2 2.46364E-2 2.48062E-2 2.38769E-2 2.44389E-2 2.19755E-2 2.30232E-2 2.19898E-2 2.12178E-2 2.10326E-2 1.94709E-2 1.99756E-2 1.98376E-2 1.90008E-2 1.89073E-2 1.81883E-2 1.61027E-2 1.72716E-2 1.66221E-2 1.62089E-2 1.64675E-2 1.44518E-2 1.38384E-2 1.27059E-2 1.38655E-2 1.4843E-2 1.61667E-2 1.434E-2 1.35933E-2 1.74374E-2 2.02685E-2 2.08637E-2 2.1458E-2 2.24588E-2 2.22282E-2 2.28609E-2 2.29738E-2 -9999 -9999 -9999 -9999 -9999 -9999 -9999
-9999 -9999 -9999 -9999 -9999 -9999 -9999 -9999 -9999 -9999 -9999 -9999 -9999 2.20348E-2 2.34926E-2 2.19568E-2 1.94308E-2 2.1645E-2 2.11788E-2 2.01941E-2 2.30406E-2 2.20518E-2 2.11495E-2 2.00565E-2 2.24983E-2 2.24243E-2 2.53985E-2 2.6987E-2 2.65938E-2 2.50216E-2 2.3198E-2 2.31114E-2 2.26251E-2 2.20698E-2 2.37163E-2 2.14702E-2 2.01648E-2 1.90874E-2 1.8567E-2 1.99611E-2 1.82416E-2 1.88627E-2 1.72008E-2 1.78229E-2 1.72773E-2 1.61516E-2 1.58405E-2 1.49706E-2 1.41436E-2 1.44E-2 1.35192E-2 1.2394E-2 1.28512E-2 1.35107E-2 1.4669E-2 1.45281E-2 1.35066E-2 1.64183E-2 1.86909E-2 1.97235E-2 1.87199E-2 1.92222E-2 2.09109E-2 2.10077E-2 2.20292E-2 -9999 -9999 -9999 -9999 -9999 -9999 -9999
-9999 -9999 -9999 -9999 -9999 -9999 -9999 -9999 -9999 -9999 -9999 -9999 -9999 2.1349E-2 1.95647E-2 2.15976E-2 1.96114E-2 1.8169E-2 2.02999E-2 1.97186E-2 1.80738E-2 1.67952E-2 1.92462E-2 1.85506E-2 2.14404E-2 2.35994E-2 2.40665E-2 2.46225E-2 2.43319E-2 2.2799E-2 2.19612E-2 2.36016E-2 2.31579E-2 2.21298E-2 2.04553E-2 1.90999E-2 1.8101E-2 1.69034E-2 1.87023E-2 1.7957E-2 1.73375E-2 1.67513E-2 1.61048E-2 1.54139E-2 1.47178E-2 1.42451E-2 1.36429E-2 1.41157E-2 1.24735E-2 1.32595E-2 1.38075E-2 1.33344E-2 1.30731E-2 1.30189E-2 1.37652E-2 1.481E-2 1.41233E-2 1.62576E-2 1.74468E-2 1.70533E-2 1.80163E-2 1.81723E-2 1.84275E-2 2.01636E-2 2.09338E-2 -9999 -9999 -9999 -9999 -9999 -9999 -9999
-9999 -9999 -9999 -9999 -9999 -9999 -9999 -9999 -9999 -9999 -9999 -9999 -9999 -9999 2.23688E-2 2.14344E-2 1.92994E-2 1.84917E-2 1.65128E-2 1.83149E-2 1.66747E-2 1.94526E-2 1.82954E-2 1.70587E-2 2.01554E-2 2.00089E-2 2.24548E-2 2.34678E-2 2.37349E-2 2.32393E-2 2.40366E-2 2.18817E-2 2.18065E-2 1.97134E-2 1.76803E-2 1.71832E-2 1.6535E-2 1.77197E-2 1.82599E-2 1.64256E-2 1.60291E-2 1.58764E-2 1.54649E-2 1.36716E-2 1.35006E-2 1.32012E-2 1.22327E-2 1.28928E-2 1.26638E-2 1.35858E-2 1.25581E-2 1.30421E-2 1.33321E-2 1.26616E-2 1.2846E-2 1.44776E-2 1.57687E-2 1.52998E-2 1.60515E-2 1.55131E-2 1.65771E-2 1.63758E-2 1.72467E-2 1.90613E-2 1.88845E-2 -9999 -9999 -9999 -9999 -9999 -9999 -9999
-9999 -9999 -9999 -9999 -9999 -9999 -9999 -9999 -9999 -9999 -9999 -9999 -9999 -9999 2.23858E-2 2.08016E-2 1.8402E-2 1.72116E-2 1.61189E-2 1.71334E-2 1.61941E-2 1.50984E-2 1.75512E-2 1.70212E-2 1.92274E-2 1.87927E-2 2.15078E-2 2.24188E-2 2.29844E-2 2.34174E-2 2.12243E-2 1.9098E-2 1.80298E-2 1.76634E-2 1.78708E-2 1.69686E-2 1.61485E-2 1.60746E-2 1.6626E-2 1.5582E-2 1.47731E-2 1.46243E-2 1.43366E-2 1.32184E-2 1.25249E-2 1.22393E-2 1.12575E-2 1.22124E-2 1.35665E-2 1.33771E-2 1.2345E-2 1.24983E-2 1.19288E-2 1.14606E-2 1.06989E-2 1.15584E-2 1.33654E-2 1.47954E-2 1.50524E-2 1.44687E-2 1.47474E-2 1.45679E-2 1.58014E-2 1.58238E-2 1.70526E-2 -9999 -9999 -9999 -9999 -9999 -9999 -9999
-9999 -9999 -9999 -9999 -9999 -9999 -9999 -9999 -9999 -9999 -9999 -9999 -9999 -9999 2.20363E-2 2.0267E-2 1.68133E-2 1.61653E-2 1.49882E-2 1.60172E-2 1.52972E-2 1.71745E-2 1.68171E-2 1.61363E-2 1.88384E-2 1.79297E-2 1.78958E-2 2.08678E-2 2.1231E-2 2.04181E-2 2.07853E-2 1.9498E-2 1.78959E-2 1.81498E-2 1.65845E-2 1.47589E-2 1.47479E-2 1.52562E-2 1.62583E-2 1.49367E-2 1.4277E-2 1.40735E-2 1.33386E-2 1.25952E-2 1.24134E-2 1.18556E-2 1.05249E-2 1.20755E-2 1.2211E-2 1.2132E-2 1.17854E-2 1.20119E-2 1.0425E-2 1.09591E-2 1.01567E-2 9.60573E-3 1.01248E-2 1.2794E-2 1.30272E-2 1.21133E-2 1.2451E-2 1.26145E-2 1.27621E-2 1.39195E-2 1.62166E-2 1.66166E-2 1.75019E-2 1.70241E-2 -9999 -9999 -9999 -9999
-9999 -9999 -9999 -9999 -9999 -9999 -9999 -9999 -9999 -9999 -9999 -9999 -9999 -9999 1.78342E-2 1.83682E-2 1.61455E-2 1.50219E-2 1.66167E-2 1.56209E-2 1.73051E-2 1.6523E-2 1.57603E-2 1.48871E-2 1.7629E-2 1.71344E-2 1.88728E-2 1.86623E-2 1.86899E-2 1.89516E-2 1.84292E-2 1.82667E-2 1.79264E-2 1.71917E-2 1.61936E-2 1.51397E-2 1.5122E-2 1.55123E-2 1.56649E-2 1.39829E-2 1.28369E-2 1.27786E-2 1.26586E-2 1.2591E-2 1.22658E-2 1.04414E-2 9.13182E-3 1.08077E-2 1.05069E-2 1.08065E-2 9.94846E-3 1.00689E-2 9.95557E-3 9.57005E-3 9.80167E-3 9.09144E-3 8.2569E-3 9.68445E-3 1.20617E-2 1.22738E-2 1.17262E-2 1.18021E-2 1.20267E-2 1.37107E-2 1.49189E-2 1.53356E-2 -9999 -9999 -9999 -9999 -9999 -9999
-9999 -9999 -9999 -9999 -9999 -9999 -9999 -9999 -9999 -9999 -9999 -9999 -9999 1.90531E-2 2.04084E-2 1.74874E-2 1.59048E-2 1.45639E-2 1.65868E-2 1.50256E-2 1.44241E-2 1.5811E-2 1.48475E-2 1.6627E-2 1.64952E-2 1.58173E-2 1.78868E-2 1.7001E-2 1.79746E-2 1.7781E-2 1.65856E-2 1.58955E-2 1.561E-2 1.47931E-2 1.57179E-2 1.53812E-2 1.53233E-2 1.5656E-2 1.46655E-2 1.32708E-2 1.24177E-2 1.16369E-2 1.21698E-2 1.2572E-2 9.93279E-3 1.02945E-2 9.09955E-3 8.82623E-3 1.05863E-2 9.46674E-3 8.76845E-3 9.19797E-3 8.91977E-3 8.68086E-3 8.7749E-3 8.41106E-3 8.3176E-3 9.54276E-3 1.11068E-2 1.06612E-2 1.078E-2 1.16818E-2 1.13541E-2 1.12751E-2 1.34554E-2 1.38772E-2 -9999 -9999 -9999 -9999 -9999 -9999
-9999 -9999 -9999 -9999 -9999 -9999 -9999 -9999 -9999 -9999 -9999 -9999 -9999 1.9583E-2 2.0486E-2 1.76929E-2 1.53032E-2 1.69069E-2 1.53743E-2 1.49626E-2 1.5788E-2 1.47888E-2 1.73838E-2 1.59955E-2 1.50417E-2 1.47274E-2 1.70343E-2 1.71436E-2 1.65804E-2 1.58209E-2 1.54844E-2 1.47352E-2 1.52706E-2 1.51843E-2 1.49269E-2 1.54704E-2 1.5069E-2 1.36931E-2 1.3504E-2 1.26429E-2 1.21254E-2 1.16448E-2 1.21782E-2 9.57527E-3 9.61624E-3 9.42441E-3 1.00357E-2 9.69347E-3 8.8505E-3 8.86319E-3 8.4128E-3 8.09211E-3 7.92559E-3 8.35355E-3 8.1443E-3 8.63015E-3 7.93796E-3 8.72996E-3 9.27967E-3 9.08532E-3 1.02619E-2 1.06886E-2 1.12149E-2 1.1426E-2 1.27354E-2 1.17234E-2 1.36144E-2 -9999 -9999 -9999 -9999 -9999
-9999 -9999 -9999 -9999 -9999 -9999 -9999 -9999 -9999 -9999 -9999 -9999 1.94829E-2 2.38227E-2 1.92524E-2 1.74957E-2 1.49412E-2 1.62925E-2 1.49937E-2 1.42006E-2 1.52565E-2 1.4023E-2 1.62886E-2 1.48763E-2 1.43374E-2 1.56341E-2 1.55814E-2 1.5653E-2 1.60482E-2 1.49612E-2 1.51382E-2 1.53341E-2 1.55923E-2 1.37351E-2 1.39919E-2 1.31494E-2 1.32968E-2 1.28612E-2 1.23269E-2 1.21119E-2 1.14015E-2 1.16919E-2 1.07285E-2 8.87428E-3 9.03422E-3 8.84587E-3 8.38273E-3 7.48356E-3 8.19531E-3 7.27819E-3 7.62251E-3 7.55318E-3 8.17835E-3 7.95285E-3 6.72424E-3 7.3494E-3 7.88541E-3 7.62412E-3 7.35869E-3 9.31749E-3 9.77857E-3 9.89457E-3 1.01143E-2 9.42526E-3 1.11145E-2 1.0906E-2 1.2747E-2 -9999 -9999 -9999 -9999 -9999
-9999 -9999 -9999 -9999 -9999 -9999 -9999 -9999 -9999 -9999 -9999 -9999 2.03918E-2 2.23905E-2 1.89136E-2 1.62549E-2 1.42548E-2 1.58193E-2 1.48256E-2 1.37935E-2 1.50319E-2 1.35691E-2 1.29536E-2 1.48389E-2 1.39521E-2 1.53736E-2 1.53916E-2 1.52102E-2 1.49176E-2 1.53726E-2 1.35392E-2 1.31793E-2 1.31194E-2 1.22066E-2 1.2131E-2 1.2037E-2 1.15687E-2 1.1762E-2 1.1051E-2 1.15048E-2 1.09231E-2 1.11412E-2 9.4794E-3 8.4987E-3 7.92927E-3 7.43721E-3 7.32047E-3 6.63951E-3 7.0408E-3 6.58725E-3 7.08287E-3 8.1071E-3 7.9935E-3 6.8806E-3 6.3088E-3 6.938E-3 7.09498E-3 6.76256E-3 7.28183E-3 9.21519E-3 9.31937E-3 9.71197E-3 9.85515E-3 9.72502E-3 1.03696E-2 1.04673E-2 1.09582E-2 1.15407E-2 1.05636E-2 -9999 -9999 -9999
-9999 -9999 -9999 -9999 -9999 -9999 -9999 -9999 -9999 -9999 -9999 -9999 2.03396E-2 1.79337E-2 1.85503E-2 1.62399E-2 1.42964E-2 1.53224E-2 1.44954E-2 1.30103E-2 1.47676E-2 1.31257E-2 1.25883E-2 1.3831E-2 1.35385E-2 1.30396E-2 1.42253E-2 1.40919E-2 1.37396E-2 1.34893E-2 1.23961E-2 1.27687E-2 1.18019E-2 1.21271E-2 1.2035E-2 1.10103E-2 1.12864E-2 1.03577E-2 9.68559E-3 9.37436E-3 9.35966E-3 9.50798E-3 9.20677E-3 8.31713E-3 7.09186E-3 6.62213E-3 7.21932E-3 6.09699E-3 5.93464E-3 6.81359E-3 7.674E-3 7.6223E-3 6.77599E-3 5.64278E-3 6.42582E-3 5.72018E-3 6.13586E-3 6.18486E-3 6.5305E-3 7.74539E-3 8.42811E-3 8.84929E-3 8.68911E-3 8.71106E-3 1.02308E-2 9.84005E-3 1.097E-2 1.05603E-2 1.03604E-2 1.08168E-2 1.08688E-2 1.15081E-2
-9999 -9999 -9999 -9999 -9999 -9999 -9999 -9999 -9999 -9999 -9999 -9999 1.91731E-2 2.12288E-2 1.80456E-2 1.57456E-2 1.41249E-2 1.50043E-2 1.40402E-2 1.21821E-2 1.4087E-2 1.25766E-2 1.17722E-2 1.33119E-2 1.25168E-2 1.36511E-2 1.3147E-2 1.31228E-2 1.3132E-2 1.29841E-2 1.2172E-2 1.24505E-2 1.21805E-2 1.09044E-2 1.02121E-2 1.05235E-2 9.547E-3 9.98798E-3 9.21558E-3 8.62334E-3 8.41515E-3 8.27508E-3 8.19724E-3 8.23011E-3 7.0403E-3 6.29446E-3 6.94828E-3 4.89864E-3 6.80218E-3 6.57556E-3 7.54327E-3 6.26773E-3 5.29545E-3 5.5794E-3 5.55629E-3 5.16861E-3 5.54423E-3 5.47042E-3 5.49926E-3 5.66218E-3 7.51147E-3 7.3344E-3 8.18048E-3 7.80608E-3 9.17727E-3 8.79333E-3 9.75895E-3 9.2607E-3 9.29723E-3 9.48346E-3 9.80214E-3 1.0083E-2
-9999 -9999 -9999 -9999 -9999 -9999 -9999 -9999 -9999 -9999 -9999 -9999 1.84265E-2 1.99882E-2 1.77971E-2 1.56766E-2 1.37333E-2 1.48695E-2 1.37921E-2 1.21965E-2 1.35787E-2 1.1894E-2 1.12474E-2 1.26424E-2 1.19967E-2 1.3147E-2 1.29317E-2 1.2578E-2 1.29892E-2 1.26407E-2 1.26157E-2 1.17192E-2 1.10188E-2 1.09893E-2 1.10682E-2 1.05663E-2 9.79477E-3 1.00697E-2 8.63267E-3 8.47649E-3 8.36837E-3 7.55265E-3 7.83924E-3 7.54237E-3 7.49672E-3 6.18294E-3 5.79994E-3 6.95604E-3 6.48886E-3 6.4881E-3 6.52463E-3 5.38216E-3 5.59796E-3 5.37135E-3 5.23663E-3 4.91126E-3 5.42309E-3 5.58223E-3 5.347E-3 5.4845E-3 7.52079E-3 6.74511E-3 7.26865E-3 6.84084E-3 8.41868E-3 8.1487E-3 8.38945E-3 8.72276E-3 8.09882E-3 8.51236E-3 9.03923E-3 9.18013E-3
-9999 -9999 -9999 -9999 -9999 -9999 -9999 -9999 -9999 -9999 -9999 -9999 -9999 1.9908E-2 1.81435E-2 1.51007E-2 1.3743E-2 1.46712E-2 1.28004E-2 1.17597E-2 1.08508E-2 1.1852E-2 1.09904E-2 1.19375E-2 1.18392E-2 1.1007E-2 1.05468E-2 1.2136E-2 1.20428E-2 1.16645E-2 1.13576E-2 1.14893E-2 1.12434E-2 1.05348E-2 1.05504E-2 1.00792E-2 1.03441E-2 9.5128E-3 9.16958E-3 9.19198E-3 8.06078E-3 7.79476E-3 7.9035E-3 7.28644E-3 7.11714E-3 5.74382E-3 5.2625E-3 6.44509E-3 6.69612E-3 5.4413E-3 4.83937E-3 5.54281E-3 5.5981E-3 4.90234E-3 4.81451E-3 5.09812E-3 5.02366E-3 5.17675E-3 4.94931E-3 5.15891E-3 6.64674E-3 6.03937E-3 6.75522E-3 7.31058E-3 7.49175E-3 7.73554E-3 7.32151E-3 7.1622E-3 7.36319E-3 7.85179E-3 7.81092E-3 8.22768E-3
-9999 -9999 -9999 -9999 -9999 -9999 -9999 -9999 -9999 -9999 -9999 -9999 -9999 1.97527E-2 1.84199E-2 1.477E-2 1.31898E-2 1.12873E-2 1.20972E-2 1.12196E-2 1.03067E-2 1.11488E-2 1.0887E-2 1.04515E-2 9.69727E-3 1.04494E-2 1.01145E-2 9.74192E-3 1.08268E-2 1.04709E-2 1.09101E-2 1.06918E-2 1.05604E-2 9.75921E-3 1.00616E-2 1.00877E-2 9.31857E-3 8.72591E-3 8.09394E-3 8.29519E-3 7.92363E-3 7.77717E-3 7.48953E-3 7.04536E-3 6.11298E-3 5.67371E-3 5.32681E-3 6.15131E-3 4.93336E-3 4.59971E-3 5.72085E-3 5.29979E-3 4.27514E-3 3.85922E-3 3.7381E-3 4.50135E-3 4.09737E-3 4.56128E-3 4.5315E-3 6.22285E-3 6.26809E-3 6.33943E-3 6.0343E-3 6.48742E-3 6.53912E-3 6.50321E-3 6.19202E-3 5.91573E-3 6.673E-3 6.37515E-3 7.0851E-3 6.92703E-3
-9999 -9999 -9999 -9999 -9999 -9999 -9999 -9999 -9999 -9999 -9999 -9999 -9999 1.93092E-2 1.87091E-2 1.3909E-2 1.23504E-2 1.10242E-2 1.1931E-2 1.05553E-2 9.97717E-3 9.25263E-3 9.83096E-3 9.67832E-3 1.05752E-2 1.00401E-2 9.40307E-3 1.0457E-2 1.06219E-2 1.01529E-2 1.00801E-2 9.92744E-3 9.53454E-3 8.98735E-3 9.39595E-3 8.9745E-3 8.57938E-3 8.81272E-3 8.02205E-3 7.83481E-3 7.40463E-3 7.10689E-3 7.56494E-3 6.25451E-3 5.58328E-3 6.01744E-3 6.25678E-3 5.67673E-3 4.44656E-3 4.57677E-3 5.58347E-3 4.28763E-3 3.89051E-3 3.83668E-3 3.53363E-3 3.70355E-3 3.75066E-3 4.48804E-3 4.17848E-3 5.34457E-3 5.93878E-3 5.97E-3 5.4112E-3 5.8541E-3 5.7119E-3 5.96956E-3 5.46807E-3 5.61575E-3 6.22336E-3 5.99452E-3 5.73799E-3 5.62389E-3
-9999 -9999 -9999 -9999 -9999 -9999 -9999 -9999 -9999 -9999 -9999 -9999 -9999 1.86975E-2 1.73642E-2 1.38556E-2 1.29089E-2 1.08803E-2 1.18804E-2 1.03595E-2 9.93486E-3 9.17429E-3 9.42128E-3 9.11062E-3 1.00038E-2 9.77351E-3 9.01744E-3 8.73033E-3 9.75441E-3 9.26286E-3 9.56321E-3 9.85571E-3 9.15073E-3 8.62343E-3 8.42675E-3 8.04236E-3 8.01389E-3 7.65488E-3 7.65054E-3 7.47547E-3 7.21223E-3 7.32151E-3 6.41066E-3 6.43279E-3 5.64141E-3 5.62826E-3 5.87251E-3 4.73385E-3 4.47731E-3 5.20096E-3 5.35782E-3 3.9554E-3 3.59207E-3 3.47245E-3 3.11426E-3 3.30845E-3 3.35399E-3 4.37192E-3 4.53167E-3 5.11238E-3 5.40848E-3 5.27507E-3 5.0702E-3 5.37491E-3 5.32056E-3 5.13735E-3 4.94505E-3 4.77834E-3 5.47918E-3 5.45173E-3 5.4391E-3 5.35932E-3
-9999 -9999 -9999 -9999 -9999 -9999 -9999 -9999 -9999 -9999 -9999 -9999 -9999 1.8378E-2 1.59505E-2 1.38534E-2 1.26727E-2 1.08393E-2 1.201E-2 1.06738E-2 9.57487E-3 8.66874E-3 9.38132E-3 8.90988E-3 8.02777E-3 9.73359E-3 8.78608E-3 8.22188E-3 9.27306E-3 9.02594E-3 9.22387E-3 8.93435E-3 9.15929E-3 8.21837E-3 7.81743E-3 8.25651E-3 7.77381E-3 7.82163E-3 7.36085E-3 6.83486E-3 6.97682E-3 6.61988E-3 5.68411E-3 5.80672E-3 5.21734E-3 5.63392E-3 5.35117E-3 3.93249E-3 4.36761E-3 4.73353E-3 4.85125E-3 3.79852E-3 3.9697E-3 3.38969E-3 3.13185E-3 4.08033E-3 3.60034E-3 4.3119E-3 4.4936E-3 4.3696E-3 4.5406E-3 4.50303E-3 4.56481E-3 4.50358E-3 4.86781E-3 4.68464E-3 4.63916E-3 4.40427E-3 4.90557E-3 4.97716E-3 4.75716E-3 4.84527E-3
-9999 -9999 -9999 -9999 -9999 -9999 -9999 -9999 -9999 -9999 -9999 -9999 -9999 1.35676E-2 1.55856E-2 1.30342E-2 1.19812E-2 1.09076E-2 9.15666E-3 1.00988E-2 9.31325E-3 7.99723E-3 9.42425E-3 8.41752E-3 7.92099E-3 9.20821E-3 8.3327E-3 8.29407E-3 8.63879E-3 8.72826E-3 8.92733E-3 8.52077E-3 8.53351E-3 7.77079E-3 8.03594E-3 7.38936E-3 7.16848E-3 6.90201E-3 6.90792E-3 6.89432E-3 6.72201E-3 6.32223E-3 5.5084E-3 5.10612E-3 5.0283E-3 5.44573E-3 4.60013E-3 3.60237E-3 4.18803E-3 4.43824E-3 3.81832E-3 3.12019E-3 3.80689E-3 3.05508E-3 2.91113E-3 3.65598E-3 3.94978E-3 3.67977E-3 3.88016E-3 4.23722E-3 4.51017E-3 4.11494E-3 3.96696E-3 4.44683E-3 4.1815E-3 4.08011E-3 4.02654E-3 3.893E-3 4.22741E-3 4.34166E-3 4.19696E-3 4.22178E-3
-9999 -9999 -9999 -9999 -9999 -9999 -9999 -9999 -9999 -9999 -9999 -9999 -9999 1.32038E-2 1.51751E-2 1.31834E-2 1.16624E-2 1.01701E-2 8.90913E-3 9.4595E-3 8.97497E-3 8.27911E-3 8.95903E-3 8.23062E-3 7.73905E-3 8.49902E-3 8.3464E-3 8.00518E-3 8.61491E-3 8.74879E-3 8.52614E-3 8.29565E-3 8.0663E-3 7.56064E-3 7.43182E-3 7.23146E-3 7.01032E-3 7.23015E-3 6.8051E-3 6.56531E-3 6.66968E-3 5.76709E-3 5.20134E-3 4.75802E-3 4.51921E-3 5.04423E-3 4.85259E-3 3.57774E-3 4.10075E-3 3.54931E-3 3.1514E-3 3.01846E-3 2.95409E-3 2.9635E-3 3.03329E-3 3.60802E-3 3.07474E-3 3.55316E-3 3.33537E-3 3.82833E-3 3.88573E-3 3.71894E-3 3.48169E-3 3.46766E-3 3.76351E-3 3.47263E-3 3.68896E-3 3.6758E-3 3.51934E-3 3.39766E-3 3.85406E-3 3.87348E-3
-9999 -9999 -9999 -9999 -9999 -9999 -9999 -9999 -9999 -9999 -9999 -9999 -9999 -9999 1.40164E-2 1.30658E-2 1.16724E-2 9.80085E-3 9.08548E-3 9.19739E-3 8.48503E-3 8.02544E-3 8.40614E-3 7.86432E-3 7.61019E-3 6.96027E-3 7.90181E-3 7.36156E-3 8.22769E-3 8.38856E-3 7.63745E-3 8.38422E-3 7.70782E-3 7.21723E-3 7.2605E-3 7.27416E-3 6.56029E-3 6.62727E-3 6.08798E-3 5.83699E-3 5.57171E-3 5.64375E-3 5.64717E-3 5.1295E-3 4.377E-3 4.18298E-3 3.88713E-3 3.61428E-3 3.68909E-3 3.69917E-3 3.86207E-3 3.03551E-3 2.64141E-3 2.46752E-3 2.99622E-3 2.80794E-3 2.70661E-3 2.66533E-3 3.07292E-3 3.19232E-3 3.54896E-3 3.24986E-3 2.80568E-3 3.04115E-3 3.44907E-3 3.74847E-3 3.10701E-3 3.3297E-3 3.33292E-3 3.25397E-3 3.44929E-3 3.50678E-3
-9999 -9999 -9999 -9999 -9999 -9999 -9999 -9999 -9999 -9999 -9999 -9999 -9999 -9999 1.4247E-2 1.28209E-2 1.12428E-2 9.6668E-3 9.18109E-3 9.39114E-3 8.74814E-3 7.65625E-3 7.9415E-3 7.54096E-3 6.92362E-3 7.97246E-3 7.8287E-3 7.30141E-3 8.08056E-3 8.36405E-3 7.54407E-3 7.96833E-3 8.17418E-3 7.13276E-3 6.93122E-3 6.35977E-3 6.43078E-3 5.8559E-3 5.85913E-3 5.28209E-3 5.36221E-3 5.63128E-3 5.02405E-3 4.77256E-3 4.89028E-3 4.4685E-3 3.95821E-3 3.60578E-3 4.03544E-3 3.73983E-3 3.50994E-3 3.27051E-3 3.05705E-3 2.29757E-3 2.42065E-3 2.33596E-3 2.45052E-3 2.96907E-3 2.88104E-3 3.07659E-3 3.45657E-3 2.99492E-3 2.64222E-3 2.81472E-3 3.17535E-3 2.9324E-3 2.74844E-3 2.93701E-3 2.95295E-3 2.95295E-3 3.01731E-3 3.15514E-3
